10/01/2005,GPI,MT,ANM,WE,Federal Contract Tower,0,27,6,0,33,0,4,5,0,9,0,31,11,0,42,18,0,18,60
10/02/2005,GPI,MT,ANM,WE,Federal Contract Tower,8,26,15,0,49,0,0,0,0,0,8,26,15,0,49,0,0,0,49
10/03/2005,GPI,MT,ANM,WE,Federal Contract Tower,7,30,14,0,51,0,5,24,0,29,7,35,38,0,80,40,0,40,120
10/04/2005,GPI,MT,ANM,WE,Federal Contract Tower,7,27,12,0,46,1,4,19,0,24,8,31,31,0,70,4,0,4,74
10/05/2005,GPI,MT,ANM,WE,Federal Contract Tower,8,34,11,0,53,0,3,22,2,27,8,37,33,2,80,36,0,36,116
10/06/2005,GPI,MT,ANM,WE,Federal Contract Tower,8,33,12,0,53,0,6,40,0,46,8,39,52,0,99,48,0,48,147
10/07/2005,GPI,MT,ANM,WE,Federal Contract Tower,8,35,8,0,51,0,0,20,0,20,8,35,28,0,71,16,0,16,87
10/08/2005,GPI,MT,ANM,WE,Federal Contract Tower,7,28,7,0,42,0,5,71,0,76,7,33,78,0,118,72,0,72,190
10/09/2005,GPI,MT,ANM,WE,Federal Contract Tower,7,21,12,5,45,0,6,62,0,68,7,27,74,5,113,60,10,70,183
10/10/2005,GPI,MT,ANM,WE,Federal Contract Tower,7,30,8,3,48,0,8,49,2,59,7,38,57,5,107,74,2,76,183
10/11/2005,GPI,MT,ANM,WE,Federal Contract Tower,7,35,13,0,55,0,6,52,0,58,7,41,65,0,113,54,0,54,167
10/12/2005,GPI,MT,ANM,WE,Federal Contract Tower,8,33,20,2,63,0,7,68,0,75,8,40,88,2,138,66,0,66,204
10/13/2005,GPI,MT,ANM,WE,Federal Contract Tower,8,28,16,0,52,0,4,40,2,46,8,32,56,2,98,20,0,20,118
10/14/2005,GPI,MT,ANM,WE,Federal Contract Tower,8,25,18,0,51,0,1,50,0,51,8,26,68,0,102,84,0,84,186
10/15/2005,GPI,MT,ANM,WE,Federal Contract Tower,7,19,12,0,38,0,4,60,0,64,7,23,72,0,102,62,0,62,164
10/16/2005,GPI,MT,ANM,WE,Federal Contract Tower,8,23,10,2,43,0,0,30,0,30,8,23,40,2,73,0,0,0,73
10/17/2005,GPI,MT,ANM,WE,Federal Contract Tower,8,32,11,0,51,0,4,33,0,37,8,36,44,0,88,46,0,46,134
10/18/2005,GPI,MT,ANM,WE,Federal Contract Tower,10,29,7,0,46,0,4,40,2,46,10,33,47,2,92,62,2,64,156
10/19/2005,GPI,MT,ANM,WE,Federal Contract Tower,8,39,14,0,61,0,4,34,0,38,8,43,48,0,99,58,0,58,157
10/20/2005,GPI,MT,ANM,WE,Federal Contract Tower,7,32,22,1,62,0,0,20,0,20,7,32,42,1,82,40,0,40,122
10/21/2005,GPI,MT,ANM,WE,Federal Contract Tower,7,27,7,1,42,2,3,50,2,57,9,30,57,3,99,62,0,62,161
10/22/2005,GPI,MT,ANM,WE,Federal Contract Tower,9,24,4,0,37,0,2,56,0,58,9,26,60,0,95,56,0,56,151
10/23/2005,GPI,MT,ANM,WE,Federal Contract Tower,3,15,14,0,32,0,0,0,0,0,3,15,14,0,32,0,0,0,32
10/24/2005,GPI,MT,ANM,WE,Federal Contract Tower,7,22,10,0,39,0,0,0,0,0,7,22,10,0,39,0,0,0,39
10/25/2005,GPI,MT,ANM,WE,Federal Contract Tower,4,25,11,0,40,0,0,2,0,2,4,25,13,0,42,2,0,2,44
10/26/2005,GPI,MT,ANM,WE,Federal Contract Tower,4,30,12,2,48,0,0,0,0,0,4,30,12,2,48,0,0,0,48
10/27/2005,GPI,MT,ANM,WE,Federal Contract Tower,6,30,12,1,49,0,0,2,0,2,6,30,14,1,51,0,0,0,51
10/28/2005,GPI,MT,ANM,WE,Federal Contract Tower,7,37,14,0,58,0,0,0,0,0,7,37,14,0,58,12,0,12,70
10/29/2005,GPI,MT,ANM,WE,Federal Contract Tower,7,29,12,0,48,0,4,50,0,54,7,33,62,0,102,80,0,80,182
10/30/2005,GPI,MT,ANM,WE,Federal Contract Tower,8,23,8,0,39,0,0,15,0,15,8,23,23,0,54,62,0,62,116
10/31/2005,GPI,MT,ANM,WE,Federal Contract Tower,6,35,9,0,50,0,4,2,0,6,6,39,11,0,56,10,0,10,66
11/01/2005,GPI,MT,ANM,WE,Federal Contract Tower,8,37,19,0,64,0,8,16,0,24,8,45,35,0,88,40,0,40,128
11/02/2005,GPI,MT,ANM,WE,Federal Contract Tower,8,31,7,0,46,0,7,27,0,34,8,38,34,0,80,48,0,48,128
11/03/2005,GPI,MT,ANM,WE,Federal Contract Tower,8,36,17,0,61,0,5,14,0,19,8,41,31,0,80,22,0,22,102
11/04/2005,GPI,MT,ANM,WE,Federal Contract Tower,8,33,8,0,49,0,4,20,0,24,8,37,28,0,73,28,0,28,101
11/05/2005,GPI,MT,ANM,WE,Federal Contract Tower,7,25,9,0,41,0,5,19,0,24,7,30,28,0,65,24,0,24,89
11/06/2005,GPI,MT,ANM,WE,Federal Contract Tower,8,22,3,0,33,0,3,12,0,15,8,25,15,0,48,26,0,26,74
11/07/2005,GPI,MT,ANM,WE,Federal Contract Tower,6,29,5,0,40,0,5,18,1,24,6,34,23,1,64,38,0,38,102
11/08/2005,GPI,MT,ANM,WE,Federal Contract Tower,8,26,4,0,38,0,4,21,0,25,8,30,25,0,63,42,0,42,105
11/09/2005,GPI,MT,ANM,WE,Federal Contract Tower,8,28,12,0,48,0,6,41,0,47,8,34,53,0,95,32,0,32,127
11/10/2005,GPI,MT,ANM,WE,Federal Contract Tower,7,30,11,0,48,1,8,80,2,91,8,38,91,2,139,140,10,150,289
11/11/2005,GPI,MT,ANM,WE,Federal Contract Tower,8,31,9,0,48,0,2,32,0,34,8,33,41,0,82,50,0,50,132
11/12/2005,GPI,MT,ANM,WE,Federal Contract Tower,7,21,1,0,29,0,0,12,0,12,7,21,13,0,41,14,0,14,55
11/13/2005,GPI,MT,ANM,WE,Federal Contract Tower,8,20,5,0,33,0,0,1,0,1,8,20,6,0,34,0,0,0,34
11/14/2005,GPI,MT,ANM,WE,Federal Contract Tower,8,27,16,0,51,0,6,11,0,17,8,33,27,0,68,46,0,46,114
11/15/2005,GPI,MT,ANM,WE,Federal Contract Tower,5,29,4,2,40,0,4,27,0,31,5,33,31,2,71,32,32,64,135
11/16/2005,GPI,MT,ANM,WE,Federal Contract Tower,8,33,6,0,47,0,0,1,0,1,8,33,7,0,48,0,0,0,48
11/17/2005,GPI,MT,ANM,WE,Federal Contract Tower,8,35,21,0,64,0,0,26,0,26,8,35,47,0,90,60,0,60,150
11/18/2005,GPI,MT,ANM,WE,Federal Contract Tower,10,31,16,0,57,0,5,44,0,49,10,36,60,0,106,20,0,20,126
11/19/2005,GPI,MT,ANM,WE,Federal Contract Tower,4,18,6,0,28,0,2,30,0,32,4,20,36,0,60,18,0,18,78
11/20/2005,GPI,MT,ANM,WE,Federal Contract Tower,6,20,6,0,32,0,7,21,0,28,6,27,27,0,60,20,0,20,80
11/21/2005,GPI,MT,ANM,WE,Federal Contract Tower,10,27,10,0,47,0,4,0,0,4,10,31,10,0,51,0,0,0,51
11/22/2005,GPI,MT,ANM,WE,Federal Contract Tower,8,41,20,0,69,0,4,0,0,4,8,45,20,0,73,0,0,0,73
11/23/2005,GPI,MT,ANM,WE,Federal Contract Tower,7,33,18,0,58,0,0,2,0,2,7,33,20,0,60,0,0,0,60
11/24/2005,GPI,MT,ANM,WE,Federal Contract Tower,8,25,3,0,36,0,0,0,0,0,8,25,3,0,36,0,0,0,36
11/25/2005,GPI,MT,ANM,WE,Federal Contract Tower,8,33,5,0,46,1,2,18,0,21,9,35,23,0,67,20,0,20,87
11/26/2005,GPI,MT,ANM,WE,Federal Contract Tower,8,36,9,0,53,0,2,14,0,16,8,38,23,0,69,42,0,42,111
11/27/2005,GPI,MT,ANM,WE,Federal Contract Tower,8,25,10,0,43,0,2,0,0,2,8,27,10,0,45,0,0,0,45
11/28/2005,GPI,MT,ANM,WE,Federal Contract Tower,8,25,14,0,47,0,4,16,0,20,8,29,30,0,67,26,0,26,93
11/29/2005,GPI,MT,ANM,WE,Federal Contract Tower,8,29,3,0,40,0,2,0,0,2,8,31,3,0,42,0,0,0,42
11/30/2005,GPI,MT,ANM,WE,Federal Contract Tower,7,34,14,0,55,0,2,0,0,2,7,36,14,0,57,0,0,0,57
12/01/2005,GPI,MT,ANM,WE,Federal Contract Tower,8,20,8,0,36,0,5,34,1,40,8,25,42,1,76,34,2,36,112
12/02/2005,GPI,MT,ANM,WE,Federal Contract Tower,8,28,7,0,43,0,4,10,0,14,8,32,17,0,57,16,0,16,73
12/03/2005,GPI,MT,ANM,WE,Federal Contract Tower,7,15,3,0,25,0,2,15,0,17,7,17,18,0,42,26,0,26,68
12/04/2005,GPI,MT,ANM,WE,Federal Contract Tower,8,17,5,0,30,0,4,20,0,24,8,21,25,0,54,56,0,56,110
12/05/2005,GPI,MT,ANM,WE,Federal Contract Tower,8,16,4,0,28,0,0,0,0,0,8,16,4,0,28,0,0,0,28
12/06/2005,GPI,MT,ANM,WE,Federal Contract Tower,7,28,13,0,48,1,4,34,0,39,8,32,47,0,87,56,0,56,143
12/07/2005,GPI,MT,ANM,WE,Federal Contract Tower,9,24,13,0,46,0,2,30,4,36,9,26,43,4,82,32,0,32,114
12/08/2005,GPI,MT,ANM,WE,Federal Contract Tower,8,25,5,1,39,0,0,24,1,25,8,25,29,2,64,62,12,74,138
12/09/2005,GPI,MT,ANM,WE,Federal Contract Tower,8,25,16,0,49,0,2,8,0,10,8,27,24,0,59,12,0,12,71
12/10/2005,GPI,MT,ANM,WE,Federal Contract Tower,4,20,7,0,31,0,4,32,0,36,4,24,39,0,67,30,0,30,97
12/11/2005,GPI,MT,ANM,WE,Federal Contract Tower,7,9,11,0,27,0,0,0,0,0,7,9,11,0,27,0,0,0,27
12/12/2005,GPI,MT,ANM,WE,Federal Contract Tower,10,25,8,0,43,0,0,0,0,0,10,25,8,0,43,0,0,0,43
12/13/2005,GPI,MT,ANM,WE,Federal Contract Tower,8,29,7,0,44,0,4,17,0,21,8,33,24,0,65,18,0,18,83
12/14/2005,GPI,MT,ANM,WE,Federal Contract Tower,8,28,10,0,46,0,6,51,0,57,8,34,61,0,103,48,0,48,151
12/15/2005,GPI,MT,ANM,WE,Federal Contract Tower,8,26,14,0,48,0,4,25,0,29,8,30,39,0,77,24,0,24,101
12/16/2005,GPI,MT,ANM,WE,Federal Contract Tower,8,38,18,0,64,0,2,20,0,22,8,40,38,0,86,36,0,36,122
12/17/2005,GPI,MT,ANM,WE,Federal Contract Tower,7,25,7,0,39,0,8,35,0,43,7,33,42,0,82,46,0,46,128
12/18/2005,GPI,MT,ANM,WE,Federal Contract Tower,10,14,9,0,33,0,1,40,0,41,10,15,49,0,74,28,0,28,102
12/19/2005,GPI,MT,ANM,WE,Federal Contract Tower,8,24,18,0,50,0,4,18,0,22,8,28,36,0,72,24,0,24,96
12/20/2005,GPI,MT,ANM,WE,Federal Contract Tower,6,30,13,0,49,0,0,0,0,0,6,30,13,0,49,0,0,0,49
12/21/2005,GPI,MT,ANM,WE,Federal Contract Tower,9,35,11,3,58,0,10,0,0,10,9,45,11,3,68,0,2,2,70
12/22/2005,GPI,MT,ANM,WE,Federal Contract Tower,8,39,9,0,56,0,0,1,0,1,8,39,10,0,57,0,0,0,57
12/23/2005,GPI,MT,ANM,WE,Federal Contract Tower,9,39,18,0,66,0,2,40,0,42,9,41,58,0,108,40,0,40,148
12/24/2005,GPI,MT,ANM,WE,Federal Contract Tower,5,18,3,0,26,1,1,20,0,22,6,19,23,0,48,18,0,18,66
12/25/2005,GPI,MT,ANM,WE,Federal Contract Tower,7,5,2,0,14,0,0,0,0,0,7,5,2,0,14,0,0,0,14
12/26/2005,GPI,MT,ANM,WE,Federal Contract Tower,8,21,23,0,52,0,4,10,0,14,8,25,33,0,66,24,0,24,90
12/27/2005,GPI,MT,ANM,WE,Federal Contract Tower,8,32,24,0,64,0,1,9,0,10,8,33,33,0,74,8,0,8,82
12/28/2005,GPI,MT,ANM,WE,Federal Contract Tower,8,35,11,0,54,0,0,0,0,0,8,35,11,0,54,0,0,0,54
12/29/2005,GPI,MT,ANM,WE,Federal Contract Tower,8,33,8,0,49,0,0,10,0,10,8,33,18,0,59,10,0,10,69
12/30/2005,GPI,MT,ANM,WE,Federal Contract Tower,6,32,16,0,54,0,3,12,0,15,6,35,28,0,69,12,0,12,81
12/31/2005,GPI,MT,ANM,WE,Federal Contract Tower,8,22,11,0,41,0,2,14,0,16,8,24,25,0,57,44,0,44,101
01/01/2006,GPI,MT,ANM,WE,Federal Contract Tower,7,23,11,0,41,0,15,55,0,70,7,38,66,0,111,64,0,64,175
01/02/2006,GPI,MT,ANM,WE,Federal Contract Tower,6,20,18,0,44,0,0,1,0,1,6,20,19,0,45,0,0,0,45
01/03/2006,GPI,MT,ANM,WE,Federal Contract Tower,8,23,13,0,44,0,5,26,0,31,8,28,39,0,75,46,0,46,121
01/04/2006,GPI,MT,ANM,WE,Federal Contract Tower,6,34,19,4,63,0,5,40,0,45,6,39,59,4,108,66,2,68,176
01/05/2006,GPI,MT,ANM,WE,Federal Contract Tower,7,29,18,0,54,0,9,86,0,95,7,38,104,0,149,84,0,84,233
01/06/2006,GPI,MT,ANM,WE,Federal Contract Tower,6,26,13,0,45,0,3,8,0,11,6,29,21,0,56,12,0,12,68
01/07/2006,GPI,MT,ANM,WE,Federal Contract Tower,6,22,10,0,38,0,0,0,0,0,6,22,10,0,38,0,0,0,38
01/08/2006,GPI,MT,ANM,WE,Federal Contract Tower,6,17,9,0,32,0,0,6,0,6,6,17,15,0,38,0,0,0,38
01/09/2006,GPI,MT,ANM,WE,Federal Contract Tower,6,21,7,0,34,0,4,15,0,19,6,25,22,0,53,38,0,38,91
01/10/2006,GPI,MT,ANM,WE,Federal Contract Tower,6,22,6,0,34,0,4,9,0,13,6,26,15,0,47,12,0,12,59
01/11/2006,GPI,MT,ANM,WE,Federal Contract Tower,6,24,14,0,44,0,3,23,0,26,6,27,37,0,70,12,0,12,82
01/12/2006,GPI,MT,ANM,WE,Federal Contract Tower,8,29,10,0,47,1,2,16,0,19,9,31,26,0,66,58,0,58,124
01/13/2006,GPI,MT,ANM,WE,Federal Contract Tower,7,32,11,0,50,0,0,0,0,0,7,32,11,0,50,0,0,0,50
01/14/2006,GPI,MT,ANM,WE,Federal Contract Tower,5,18,11,0,34,0,0,0,0,0,5,18,11,0,34,0,0,0,34
01/15/2006,GPI,MT,ANM,WE,Federal Contract Tower,7,12,8,0,27,0,2,36,0,38,7,14,44,0,65,40,0,40,105
01/16/2006,GPI,MT,ANM,WE,Federal Contract Tower,7,22,19,0,48,0,0,24,0,24,7,22,43,0,72,26,18,44,116
01/17/2006,GPI,MT,ANM,WE,Federal Contract Tower,6,24,7,0,37,0,0,21,0,21,6,24,28,0,58,46,0,46,104
01/18/2006,GPI,MT,ANM,WE,Federal Contract Tower,7,25,10,0,42,0,2,29,0,31,7,27,39,0,73,34,0,34,107
01/19/2006,GPI,MT,ANM,WE,Federal Contract Tower,6,22,10,0,38,0,5,22,0,27,6,27,32,0,65,34,0,34,99
01/20/2006,GPI,MT,ANM,WE,Federal Contract Tower,8,28,7,0,43,0,1,2,0,3,8,29,9,0,46,2,0,2,48
01/21/2006,GPI,MT,ANM,WE,Federal Contract Tower,6,16,7,0,29,0,5,40,0,45,6,21,47,0,74,92,2,94,168
01/22/2006,GPI,MT,ANM,WE,Federal Contract Tower,6,13,6,0,25,0,2,10,0,12,6,15,16,0,37,64,0,64,101
01/23/2006,GPI,MT,ANM,WE,Federal Contract Tower,8,20,6,0,34,0,0,32,0,32,8,20,38,0,66,66,0,66,132
01/24/2006,GPI,MT,ANM,WE,Federal Contract Tower,6,19,10,4,39,0,1,15,0,16,6,20,25,4,55,30,0,30,85
01/25/2006,GPI,MT,ANM,WE,Federal Contract Tower,4,11,9,0,24,0,4,74,0,78,4,15,83,0,102,100,0,100,202
01/26/2006,GPI,MT,ANM,WE,Federal Contract Tower,6,28,16,0,50,0,5,41,0,46,6,33,57,0,96,68,0,68,164
01/27/2006,GPI,MT,ANM,WE,Federal Contract Tower,6,26,19,0,51,0,4,22,0,26,6,30,41,0,77,38,0,38,115
01/28/2006,GPI,MT,ANM,WE,Federal Contract Tower,4,26,6,0,36,0,0,0,0,0,4,26,6,0,36,0,0,0,36
01/29/2006,GPI,MT,ANM,WE,Federal Contract Tower,6,15,4,0,25,0,2,22,0,24,6,17,26,0,49,50,0,50,99
01/30/2006,GPI,MT,ANM,WE,Federal Contract Tower,7,20,11,0,38,0,3,0,0,3,7,23,11,0,41,0,0,0,41
01/31/2006,GPI,MT,ANM,WE,Federal Contract Tower,6,21,10,0,37,0,4,37,0,41,6,25,47,0,78,62,0,62,140
02/01/2006,GPI,MT,ANM,WE,Federal Contract Tower,8,26,15,0,49,0,4,30,0,34,8,30,45,0,83,0,0,0,83
02/02/2006,GPI,MT,ANM,WE,Federal Contract Tower,7,26,9,0,42,0,4,0,0,4,7,30,9,0,46,0,0,0,46
02/03/2006,GPI,MT,ANM,WE,Federal Contract Tower,6,34,13,0,53,0,5,14,0,19,6,39,27,0,72,38,0,38,110
02/04/2006,GPI,MT,ANM,WE,Federal Contract Tower,6,25,7,0,38,0,4,12,0,16,6,29,19,0,54,0,0,0,54
02/05/2006,GPI,MT,ANM,WE,Federal Contract Tower,8,18,6,0,32,0,4,11,0,15,8,22,17,0,47,22,0,22,69
02/06/2006,GPI,MT,ANM,WE,Federal Contract Tower,8,25,7,0,40,0,4,28,0,32,8,29,35,0,72,48,0,48,120
02/07/2006,GPI,MT,ANM,WE,Federal Contract Tower,8,24,17,0,49,0,8,83,0,91,8,32,100,0,140,108,0,108,248
02/08/2006,GPI,MT,ANM,WE,Federal Contract Tower,6,23,10,0,39,0,2,20,0,22,6,25,30,0,61,30,0,30,91
02/09/2006,GPI,MT,ANM,WE,Federal Contract Tower,6,27,5,4,42,0,22,80,0,102,6,49,85,4,144,88,40,128,272
02/10/2006,GPI,MT,ANM,WE,Federal Contract Tower,6,32,11,1,50,0,20,70,2,92,6,52,81,3,142,105,12,117,259
02/11/2006,GPI,MT,ANM,WE,Federal Contract Tower,5,18,7,0,30,0,4,48,0,52,5,22,55,0,82,50,0,50,132
02/12/2006,GPI,MT,ANM,WE,Federal Contract Tower,7,15,11,0,33,1,0,25,0,26,8,15,36,0,59,30,0,30,89
02/13/2006,GPI,MT,ANM,WE,Federal Contract Tower,6,25,11,0,42,0,4,4,0,8,6,29,15,0,50,6,0,6,56
02/14/2006,GPI,MT,ANM,WE,Federal Contract Tower,6,27,16,0,49,0,17,38,2,57,6,44,54,2,106,68,0,68,174
02/15/2006,GPI,MT,ANM,WE,Federal Contract Tower,6,24,8,0,38,0,11,34,0,45,6,35,42,0,83,52,2,54,137
02/16/2006,GPI,MT,ANM,WE,Federal Contract Tower,7,29,20,0,56,0,0,1,0,1,7,29,21,0,57,0,0,0,57
02/17/2006,GPI,MT,ANM,WE,Federal Contract Tower,7,35,10,0,52,0,3,14,0,17,7,38,24,0,69,24,0,24,93
02/18/2006,GPI,MT,ANM,WE,Federal Contract Tower,7,25,14,0,46,0,5,36,1,42,7,30,50,1,88,70,0,70,158
02/19/2006,GPI,MT,ANM,WE,Federal Contract Tower,7,18,4,0,29,0,0,32,0,32,7,18,36,0,61,26,0,26,87
02/20/2006,GPI,MT,ANM,WE,Federal Contract Tower,7,34,13,0,54,0,25,6,0,31,7,59,19,0,85,30,0,30,115
02/21/2006,GPI,MT,ANM,WE,Federal Contract Tower,8,29,8,0,45,0,0,0,0,0,8,29,8,0,45,0,0,0,45
02/22/2006,GPI,MT,ANM,WE,Federal Contract Tower,7,29,15,0,51,0,4,14,0,18,7,33,29,0,69,24,0,24,93
02/23/2006,GPI,MT,ANM,WE,Federal Contract Tower,7,29,13,0,49,0,4,17,0,21,7,33,30,0,70,48,0,48,118
02/24/2006,GPI,MT,ANM,WE,Federal Contract Tower,7,28,23,0,58,0,0,40,0,40,7,28,63,0,98,54,0,54,152
02/25/2006,GPI,MT,ANM,WE,Federal Contract Tower,7,24,9,0,40,0,0,30,0,30,7,24,39,0,70,36,0,36,106
02/26/2006,GPI,MT,ANM,WE,Federal Contract Tower,7,16,15,0,38,0,5,40,0,45,7,21,55,0,83,48,0,48,131
02/27/2006,GPI,MT,ANM,WE,Federal Contract Tower,8,20,9,0,37,0,2,14,0,16,8,22,23,0,53,78,0,78,131
02/28/2006,GPI,MT,ANM,WE,Federal Contract Tower,7,23,8,0,38,0,0,7,0,7,7,23,15,0,45,20,0,20,65
03/01/2006,GPI,MT,ANM,WE,Federal Contract Tower,8,23,17,0,48,0,4,37,0,41,8,27,54,0,89,34,0,34,123
03/02/2006,GPI,MT,ANM,WE,Federal Contract Tower,8,29,9,0,46,0,6,36,0,42,8,35,45,0,88,32,0,32,120
03/03/2006,GPI,MT,ANM,WE,Federal Contract Tower,8,27,4,0,39,0,6,0,0,6,8,33,4,0,45,44,0,44,89
03/04/2006,GPI,MT,ANM,WE,Federal Contract Tower,7,13,1,0,21,0,4,52,0,56,7,17,53,0,77,66,0,66,143
03/05/2006,GPI,MT,ANM,WE,Federal Contract Tower,7,23,2,0,32,0,2,81,0,83,7,25,83,0,115,54,0,54,169
03/06/2006,GPI,MT,ANM,WE,Federal Contract Tower,8,22,11,0,41,0,2,31,0,33,8,24,42,0,74,18,0,18,92
03/07/2006,GPI,MT,ANM,WE,Federal Contract Tower,7,22,12,0,41,0,0,15,0,15,7,22,27,0,56,12,0,12,68
03/08/2006,GPI,MT,ANM,WE,Federal Contract Tower,8,22,7,0,37,0,4,21,0,25,8,26,28,0,62,18,0,18,80
03/09/2006,GPI,MT,ANM,WE,Federal Contract Tower,7,31,8,0,46,0,4,17,0,21,7,35,25,0,67,18,0,18,85
03/10/2006,GPI,MT,ANM,WE,Federal Contract Tower,8,28,13,0,49,0,7,30,0,37,8,35,43,0,86,42,0,42,128
03/11/2006,GPI,MT,ANM,WE,Federal Contract Tower,7,20,10,0,37,0,8,45,0,53,7,28,55,0,90,72,0,72,162
03/12/2006,GPI,MT,ANM,WE,Federal Contract Tower,8,18,13,0,39,0,7,70,0,77,8,25,83,0,116,80,0,80,196
03/13/2006,GPI,MT,ANM,WE,Federal Contract Tower,8,16,4,0,28,0,3,12,0,15,8,19,16,0,43,46,0,46,89
03/14/2006,GPI,MT,ANM,WE,Federal Contract Tower,7,20,13,0,40,0,3,2,0,5,7,23,15,0,45,2,0,2,47
03/15/2006,GPI,MT,ANM,WE,Federal Contract Tower,8,37,9,0,54,0,6,22,0,28,8,43,31,0,82,34,0,34,116
03/16/2006,GPI,MT,ANM,WE,Federal Contract Tower,9,31,12,0,52,0,8,44,0,52,9,39,56,0,104,66,0,66,170
03/17/2006,GPI,MT,ANM,WE,Federal Contract Tower,7,23,14,0,44,0,5,46,0,51,7,28,60,0,95,22,0,22,117
03/18/2006,GPI,MT,ANM,WE,Federal Contract Tower,7,24,9,0,40,0,2,20,0,22,7,26,29,0,62,24,0,24,86
03/19/2006,GPI,MT,ANM,WE,Federal Contract Tower,7,18,17,0,42,0,4,30,0,34,7,22,47,0,76,46,0,46,122
03/20/2006,GPI,MT,ANM,WE,Federal Contract Tower,8,20,22,0,50,0,1,40,0,41,8,21,62,0,91,66,0,66,157
03/21/2006,GPI,MT,ANM,WE,Federal Contract Tower,8,21,16,0,45,0,3,20,0,23,8,24,36,0,68,28,0,28,96
03/22/2006,GPI,MT,ANM,WE,Federal Contract Tower,9,25,16,0,50,0,4,18,0,22,9,29,34,0,72,30,0,30,102
03/23/2006,GPI,MT,ANM,WE,Federal Contract Tower,8,27,11,2,48,0,3,79,0,82,8,30,90,2,130,34,24,58,188
03/24/2006,GPI,MT,ANM,WE,Federal Contract Tower,8,29,9,0,46,0,1,50,0,51,8,30,59,0,97,30,0,30,127
03/25/2006,GPI,MT,ANM,WE,Federal Contract Tower,7,13,10,0,30,0,2,15,0,17,7,15,25,0,47,28,10,38,85
03/26/2006,GPI,MT,ANM,WE,Federal Contract Tower,9,16,8,2,35,0,4,16,1,21,9,20,24,3,56,18,8,26,82
03/27/2006,GPI,MT,ANM,WE,Federal Contract Tower,7,20,14,0,41,0,6,40,0,46,7,26,54,0,87,62,0,62,149
03/28/2006,GPI,MT,ANM,WE,Federal Contract Tower,8,21,9,2,40,0,3,8,0,11,8,24,17,2,51,12,0,12,63
03/29/2006,GPI,MT,ANM,WE,Federal Contract Tower,8,27,14,0,49,0,5,17,0,22,8,32,31,0,71,20,0,20,91
03/30/2006,GPI,MT,ANM,WE,Federal Contract Tower,8,25,7,0,40,0,10,35,0,45,8,35,42,0,85,38,0,38,123
03/31/2006,GPI,MT,ANM,WE,Federal Contract Tower,8,27,9,0,44,0,7,24,0,31,8,34,33,0,75,60,0,60,135
04/01/2006,GPI,MT,ANM,WE,Federal Contract Tower,7,20,9,0,36,0,6,20,0,26,7,26,29,0,62,22,0,22,84
04/02/2006,GPI,MT,ANM,WE,Federal Contract Tower,7,16,3,0,26,0,4,10,0,14,7,20,13,0,40,34,0,34,74
04/03/2006,GPI,MT,ANM,WE,Federal Contract Tower,8,22,12,0,42,0,4,46,0,50,8,26,58,0,92,84,0,84,176
04/04/2006,GPI,MT,ANM,WE,Federal Contract Tower,9,25,13,0,47,0,1,3,0,4,9,26,16,0,51,12,0,12,63
04/05/2006,GPI,MT,ANM,WE,Federal Contract Tower,7,26,7,0,40,0,4,19,0,23,7,30,26,0,63,24,0,24,87
04/06/2006,GPI,MT,ANM,WE,Federal Contract Tower,8,26,5,0,39,0,2,3,0,5,8,28,8,0,44,2,0,2,46
04/07/2006,GPI,MT,ANM,WE,Federal Contract Tower,7,25,6,2,40,0,4,48,2,54,7,29,54,4,94,54,2,56,150
04/08/2006,GPI,MT,ANM,WE,Federal Contract Tower,8,20,9,0,37,0,3,70,0,73,8,23,79,0,110,64,0,64,174
04/09/2006,GPI,MT,ANM,WE,Federal Contract Tower,8,15,7,0,30,0,2,10,0,12,8,17,17,0,42,24,0,24,66
04/10/2006,GPI,MT,ANM,WE,Federal Contract Tower,8,20,0,0,28,0,11,0,12,23,8,31,0,12,51,12,0,12,63
04/11/2006,GPI,MT,ANM,WE,Federal Contract Tower,8,22,13,0,43,0,2,12,0,14,8,24,25,0,57,12,0,12,69
04/12/2006,GPI,MT,ANM,WE,Federal Contract Tower,7,22,14,6,49,0,4,25,2,31,7,26,39,8,80,26,24,50,130
04/13/2006,GPI,MT,ANM,WE,Federal Contract Tower,6,26,11,2,45,0,4,9,0,13,6,30,20,2,58,12,4,16,74
04/14/2006,GPI,MT,ANM,WE,Federal Contract Tower,12,29,11,0,52,0,0,30,0,30,12,29,41,0,82,46,0,46,128
04/15/2006,GPI,MT,ANM,WE,Federal Contract Tower,6,14,1,0,21,0,8,30,0,38,6,22,31,0,59,36,0,36,95
04/16/2006,GPI,MT,ANM,WE,Federal Contract Tower,8,15,2,0,25,0,0,10,0,10,8,15,12,0,35,22,0,22,57
04/17/2006,GPI,MT,ANM,WE,Federal Contract Tower,7,20,12,0,39,0,0,20,0,20,7,20,32,0,59,26,0,26,85
04/18/2006,GPI,MT,ANM,WE,Federal Contract Tower,10,28,11,0,49,0,11,54,0,65,10,39,65,0,114,92,0,92,206
04/19/2006,GPI,MT,ANM,WE,Federal Contract Tower,8,23,19,0,50,0,8,62,0,70,8,31,81,0,120,90,0,90,210
04/20/2006,GPI,MT,ANM,WE,Federal Contract Tower,7,21,17,0,45,0,8,103,0,111,7,29,120,0,156,126,0,126,282
04/21/2006,GPI,MT,ANM,WE,Federal Contract Tower,8,24,7,0,39,0,0,46,0,46,8,24,53,0,85,98,0,98,183
04/22/2006,GPI,MT,ANM,WE,Federal Contract Tower,6,21,12,0,39,0,4,39,0,43,6,25,51,0,82,80,0,80,162
04/23/2006,GPI,MT,ANM,WE,Federal Contract Tower,8,14,6,2,30,0,0,40,0,40,8,14,46,2,70,86,20,106,176
04/24/2006,GPI,MT,ANM,WE,Federal Contract Tower,8,21,8,1,38,0,2,31,0,33,8,23,39,1,71,42,0,42,113
04/25/2006,GPI,MT,ANM,WE,Federal Contract Tower,7,21,10,0,38,0,7,30,3,40,7,28,40,3,78,46,0,46,124
04/26/2006,GPI,MT,ANM,WE,Federal Contract Tower,8,25,13,2,48,0,6,45,0,51,8,31,58,2,99,60,0,60,159
04/27/2006,GPI,MT,ANM,WE,Federal Contract Tower,8,27,17,0,52,0,4,83,0,87,8,31,100,0,139,72,0,72,211
04/28/2006,GPI,MT,ANM,WE,Federal Contract Tower,7,31,3,2,43,0,9,100,0,109,7,40,103,2,152,60,8,68,220
04/29/2006,GPI,MT,ANM,WE,Federal Contract Tower,7,20,10,4,41,0,11,84,5,100,7,31,94,9,141,124,18,142,283
04/30/2006,GPI,MT,ANM,WE,Federal Contract Tower,8,16,12,2,38,0,4,20,0,24,8,20,32,2,62,40,0,40,102
05/01/2006,GPI,MT,ANM,WE,Federal Contract Tower,8,1,10,0,19,0,0,17,0,17,8,1,27,0,36,0,0,0,36
05/02/2006,GPI,MT,ANM,WE,Federal Contract Tower,7,28,8,2,45,0,2,23,0,25,7,30,31,2,70,0,0,0,70
05/03/2006,GPI,MT,ANM,WE,Federal Contract Tower,7,26,6,0,39,0,6,37,0,43,7,32,43,0,82,26,0,26,108
05/04/2006,GPI,MT,ANM,WE,Federal Contract Tower,8,24,6,0,38,0,7,86,0,93,8,31,92,0,131,90,0,90,221
05/05/2006,GPI,MT,ANM,WE,Federal Contract Tower,8,26,9,0,43,0,1,60,0,61,8,27,69,0,104,66,0,66,170
05/06/2006,GPI,MT,ANM,WE,Federal Contract Tower,7,20,4,0,31,0,4,30,0,34,7,24,34,0,65,68,0,68,133
05/07/2006,GPI,MT,ANM,WE,Federal Contract Tower,8,24,8,0,40,0,4,7,0,11,8,28,15,0,51,26,0,26,77
05/08/2006,GPI,MT,ANM,WE,Federal Contract Tower,7,20,11,0,38,0,3,6,0,9,7,23,17,0,47,0,34,34,81
05/09/2006,GPI,MT,ANM,WE,Federal Contract Tower,9,22,10,3,44,0,6,41,2,49,9,28,51,5,93,58,18,76,169
05/10/2006,GPI,MT,ANM,WE,Federal Contract Tower,7,23,5,0,35,0,7,68,0,75,7,30,73,0,110,64,0,64,174
05/11/2006,GPI,MT,ANM,WE,Federal Contract Tower,7,31,18,2,58,0,6,49,2,57,7,37,67,4,115,62,6,68,183
05/12/2006,GPI,MT,ANM,WE,Federal Contract Tower,8,30,8,0,46,0,3,30,0,33,8,33,38,0,79,48,0,48,127
05/13/2006,GPI,MT,ANM,WE,Federal Contract Tower,8,20,5,1,34,0,7,86,3,96,8,27,91,4,130,80,20,100,230
05/14/2006,GPI,MT,ANM,WE,Federal Contract Tower,8,20,11,0,39,0,10,80,0,90,8,30,91,0,129,90,0,90,219
05/15/2006,GPI,MT,ANM,WE,Federal Contract Tower,8,20,16,0,44,0,6,40,0,46,8,26,56,0,90,26,0,26,116
05/16/2006,GPI,MT,ANM,WE,Federal Contract Tower,7,25,20,0,52,0,11,60,6,77,7,36,80,6,129,48,0,48,177
05/17/2006,GPI,MT,ANM,WE,Federal Contract Tower,8,28,27,0,63,0,7,54,0,61,8,35,81,0,124,56,0,56,180
05/18/2006,GPI,MT,ANM,WE,Federal Contract Tower,7,33,13,1,54,0,6,49,2,57,7,39,62,3,111,64,6,70,181
05/19/2006,GPI,MT,ANM,WE,Federal Contract Tower,8,32,17,4,61,0,8,36,5,49,8,40,53,9,110,36,18,54,164
05/20/2006,GPI,MT,ANM,WE,Federal Contract Tower,7,23,11,0,41,0,7,20,1,28,7,30,31,1,69,66,0,66,135
05/21/2006,GPI,MT,ANM,WE,Federal Contract Tower,7,16,7,0,30,0,0,40,2,42,7,16,47,2,72,30,0,30,102
05/22/2006,GPI,MT,ANM,WE,Federal Contract Tower,8,24,21,3,56,0,0,42,1,43,8,24,63,4,99,36,12,48,147
05/23/2006,GPI,MT,ANM,WE,Federal Contract Tower,7,27,10,0,44,0,6,33,0,39,7,33,43,0,83,32,0,32,115
05/24/2006,GPI,MT,ANM,WE,Federal Contract Tower,8,26,11,2,47,0,5,28,4,37,8,31,39,6,84,46,16,62,146
05/25/2006,GPI,MT,ANM,WE,Federal Contract Tower,6,30,13,4,53,0,11,44,0,55,6,41,57,4,108,28,22,50,158
05/26/2006,GPI,MT,ANM,WE,Federal Contract Tower,9,30,21,0,60,0,8,58,0,66,9,38,79,0,126,82,0,82,208
05/27/2006,GPI,MT,ANM,WE,Federal Contract Tower,7,13,6,1,27,0,6,22,0,28,7,19,28,1,55,66,2,68,123
05/28/2006,GPI,MT,ANM,WE,Federal Contract Tower,6,13,7,2,28,0,0,0,0,0,6,13,7,2,28,0,0,0,28
05/29/2006,GPI,MT,ANM,WE,Federal Contract Tower,7,15,16,0,38,0,2,7,0,9,7,17,23,0,47,0,0,0,47
05/30/2006,GPI,MT,ANM,WE,Federal Contract Tower,5,26,3,0,34,0,0,18,0,18,5,26,21,0,52,32,0,32,84
05/31/2006,GPI,MT,ANM,WE,Federal Contract Tower,7,25,14,0,46,0,11,114,0,125,7,36,128,0,171,118,0,118,289
06/01/2006,GPI,MT,ANM,WE,Federal Contract Tower,7,29,9,1,46,0,8,59,10,77,7,37,68,11,123,72,44,116,239
06/02/2006,GPI,MT,ANM,WE,Federal Contract Tower,11,37,22,0,70,0,11,50,0,61,11,48,72,0,131,64,0,64,195
06/03/2006,GPI,MT,ANM,WE,Federal Contract Tower,8,24,8,0,40,0,0,42,0,42,8,24,50,0,82,60,0,60,142
06/04/2006,GPI,MT,ANM,WE,Federal Contract Tower,9,16,12,0,37,81,2,35,0,118,90,18,47,0,155,78,0,78,233
06/05/2006,GPI,MT,ANM,WE,Federal Contract Tower,8,25,22,0,55,0,5,48,0,53,8,30,70,0,108,88,0,88,196
06/06/2006,GPI,MT,ANM,WE,Federal Contract Tower,8,26,15,2,51,0,7,63,4,74,8,33,78,6,125,84,38,122,247
06/07/2006,GPI,MT,ANM,WE,Federal Contract Tower,7,25,14,0,46,0,9,30,0,39,7,34,44,0,85,22,0,22,107
06/08/2006,GPI,MT,ANM,WE,Federal Contract Tower,13,26,11,0,50,0,3,20,0,23,13,29,31,0,73,28,0,28,101
06/09/2006,GPI,MT,ANM,WE,Federal Contract Tower,12,25,14,0,51,0,4,50,0,54,12,29,64,0,105,48,0,48,153
06/10/2006,GPI,MT,ANM,WE,Federal Contract Tower,13,17,8,0,38,0,4,4,0,8,13,21,12,0,46,0,0,0,46
06/11/2006,GPI,MT,ANM,WE,Federal Contract Tower,12,19,4,0,35,0,0,20,0,20,12,19,24,0,55,12,0,12,67
06/12/2006,GPI,MT,ANM,WE,Federal Contract Tower,13,22,8,1,44,2,1,46,0,49,15,23,54,1,93,22,6,28,121
06/13/2006,GPI,MT,ANM,WE,Federal Contract Tower,13,29,19,0,61,0,4,43,0,47,13,33,62,0,108,30,0,30,138
06/14/2006,GPI,MT,ANM,WE,Federal Contract Tower,13,29,11,0,53,0,4,31,0,35,13,33,42,0,88,38,0,38,126
06/15/2006,GPI,MT,ANM,WE,Federal Contract Tower,14,28,18,0,60,0,8,17,0,25,14,36,35,0,85,32,0,32,117
06/16/2006,GPI,MT,ANM,WE,Federal Contract Tower,13,33,12,0,58,0,10,40,1,51,13,43,52,1,109,40,0,40,149
06/17/2006,GPI,MT,ANM,WE,Federal Contract Tower,14,25,8,0,47,0,6,50,0,56,14,31,58,0,103,84,0,84,187
06/18/2006,GPI,MT,ANM,WE,Federal Contract Tower,13,20,14,0,47,0,2,85,0,87,13,22,99,0,134,64,0,64,198
06/19/2006,GPI,MT,ANM,WE,Federal Contract Tower,14,26,26,0,66,0,10,30,0,40,14,36,56,0,106,38,0,38,144
06/20/2006,GPI,MT,ANM,WE,Federal Contract Tower,14,32,24,0,70,0,4,62,0,66,14,36,86,0,136,58,0,58,194
06/21/2006,GPI,MT,ANM,WE,Federal Contract Tower,12,28,18,0,58,1,11,76,0,88,13,39,94,0,146,74,0,74,220
06/22/2006,GPI,MT,ANM,WE,Federal Contract Tower,14,33,23,0,70,0,12,81,0,93,14,45,104,0,163,78,0,78,241
06/23/2006,GPI,MT,ANM,WE,Federal Contract Tower,13,30,19,0,62,0,7,66,0,73,13,37,85,0,135,84,0,84,219
06/24/2006,GPI,MT,ANM,WE,Federal Contract Tower,14,25,11,0,50,0,2,70,0,72,14,27,81,0,122,62,0,62,184
06/25/2006,GPI,MT,ANM,WE,Federal Contract Tower,13,27,19,0,59,0,2,40,1,43,13,29,59,1,102,24,0,24,126
06/26/2006,GPI,MT,ANM,WE,Federal Contract Tower,13,28,22,0,63,0,9,62,0,71,13,37,84,0,134,68,0,68,202
06/27/2006,GPI,MT,ANM,WE,Federal Contract Tower,14,30,22,0,66,0,13,76,0,89,14,43,98,0,155,74,0,74,229
06/28/2006,GPI,MT,ANM,WE,Federal Contract Tower,13,35,17,2,67,0,19,75,0,94,13,54,92,2,161,86,24,110,271
06/29/2006,GPI,MT,ANM,WE,Federal Contract Tower,13,35,22,0,70,0,9,85,0,94,13,44,107,0,164,88,0,88,252
06/30/2006,GPI,MT,ANM,WE,Federal Contract Tower,14,36,50,1,101,0,3,70,0,73,14,39,120,1,174,66,4,70,244
07/01/2006,GPI,MT,ANM,WE,Federal Contract Tower,15,24,27,0,66,0,3,70,0,73,15,27,97,0,139,60,0,60,199
07/02/2006,GPI,MT,ANM,WE,Federal Contract Tower,14,26,25,0,65,0,0,105,1,106,14,26,130,1,171,46,0,46,217
07/03/2006,GPI,MT,ANM,WE,Federal Contract Tower,14,25,20,0,59,0,3,60,0,63,14,28,80,0,122,42,0,42,164
07/04/2006,GPI,MT,ANM,WE,Federal Contract Tower,16,18,18,0,52,0,22,68,0,90,16,40,86,0,142,64,0,64,206
07/05/2006,GPI,MT,ANM,WE,Federal Contract Tower,14,47,39,0,100,0,16,78,0,94,14,63,117,0,194,106,0,106,300
07/06/2006,GPI,MT,ANM,WE,Federal Contract Tower,16,26,26,2,70,0,8,41,0,49,16,34,67,2,119,32,0,32,151
07/07/2006,GPI,MT,ANM,WE,Federal Contract Tower,16,25,16,2,59,0,13,110,0,123,16,38,126,2,182,120,2,122,304
07/08/2006,GPI,MT,ANM,WE,Federal Contract Tower,17,22,16,0,55,0,13,150,0,163,17,35,166,0,218,142,0,142,360
07/09/2006,GPI,MT,ANM,WE,Federal Contract Tower,17,20,35,0,72,0,4,122,0,126,17,24,157,0,198,80,12,92,290
07/10/2006,GPI,MT,ANM,WE,Federal Contract Tower,19,30,16,0,65,0,4,50,0,54,19,34,66,0,119,46,0,46,165
07/11/2006,GPI,MT,ANM,WE,Federal Contract Tower,18,27,11,0,56,0,16,53,0,69,18,43,64,0,125,66,0,66,191
07/12/2006,GPI,MT,ANM,WE,Federal Contract Tower,18,28,26,0,72,0,12,49,0,61,18,40,75,0,133,58,0,58,191
07/13/2006,GPI,MT,ANM,WE,Federal Contract Tower,19,34,36,0,89,0,11,88,2,101,19,45,124,2,190,76,8,84,274
07/14/2006,GPI,MT,ANM,WE,Federal Contract Tower,19,34,22,0,75,0,12,105,8,125,19,46,127,8,200,128,12,140,340
07/15/2006,GPI,MT,ANM,WE,Federal Contract Tower,17,21,19,0,57,0,10,90,2,102,17,31,109,2,159,76,10,86,245
07/16/2006,GPI,MT,ANM,WE,Federal Contract Tower,19,25,19,0,63,0,4,20,1,25,19,29,39,1,88,62,0,62,150
07/17/2006,GPI,MT,ANM,WE,Federal Contract Tower,19,24,22,1,66,0,4,72,1,77,19,28,94,2,143,26,10,36,179
07/18/2006,GPI,MT,ANM,WE,Federal Contract Tower,18,34,29,0,81,0,7,62,1,70,18,41,91,1,151,56,0,56,207
07/19/2006,GPI,MT,ANM,WE,Federal Contract Tower,18,31,19,2,70,0,14,74,8,96,18,45,93,10,166,74,32,106,272
07/20/2006,GPI,MT,ANM,WE,Federal Contract Tower,19,29,19,0,67,0,17,96,2,115,19,46,115,2,182,94,18,112,294
07/21/2006,GPI,MT,ANM,WE,Federal Contract Tower,19,30,21,0,70,0,18,70,1,89,19,48,91,1,159,64,2,66,225
07/22/2006,GPI,MT,ANM,WE,Federal Contract Tower,17,32,20,6,75,1,17,90,8,116,18,49,110,14,191,94,74,168,359
07/23/2006,GPI,MT,ANM,WE,Federal Contract Tower,18,26,35,0,79,0,4,70,0,74,18,30,105,0,153,68,0,68,221
07/24/2006,GPI,MT,ANM,WE,Federal Contract Tower,19,31,16,1,67,0,4,49,0,53,19,35,65,1,120,40,0,40,160
07/25/2006,GPI,MT,ANM,WE,Federal Contract Tower,17,30,29,0,76,0,7,57,0,64,17,37,86,0,140,58,0,58,198
07/26/2006,GPI,MT,ANM,WE,Federal Contract Tower,19,23,21,0,63,0,4,76,0,80,19,27,97,0,143,34,0,34,177
07/27/2006,GPI,MT,ANM,WE,Federal Contract Tower,18,22,17,3,60,0,14,73,4,91,18,36,90,7,151,78,24,102,253
07/28/2006,GPI,MT,ANM,WE,Federal Contract Tower,18,35,30,2,85,0,18,86,3,107,18,53,116,5,192,68,2,70,262
07/29/2006,GPI,MT,ANM,WE,Federal Contract Tower,19,25,24,0,68,2,27,109,0,138,21,52,133,0,206,124,0,124,330
07/30/2006,GPI,MT,ANM,WE,Federal Contract Tower,18,19,37,0,74,0,8,70,1,79,18,27,107,1,153,50,0,50,203
07/31/2006,GPI,MT,ANM,WE,Federal Contract Tower,19,34,32,2,87,0,4,60,10,74,19,38,92,12,161,22,44,66,227
08/01/2006,GPI,MT,ANM,WE,Federal Contract Tower,18,29,29,0,76,0,19,64,4,87,18,48,93,4,163,72,6,78,241
08/02/2006,GPI,MT,ANM,WE,Federal Contract Tower,19,27,16,0,62,0,27,99,6,132,19,54,115,6,194,102,8,110,304
08/03/2006,GPI,MT,ANM,WE,Federal Contract Tower,18,25,49,3,95,0,17,88,6,111,18,42,137,9,206,40,44,84,290
08/04/2006,GPI,MT,ANM,WE,Federal Contract Tower,18,31,30,0,79,0,6,70,0,76,18,37,100,0,155,18,0,18,173
08/05/2006,GPI,MT,ANM,WE,Federal Contract Tower,19,22,22,1,64,0,15,60,10,85,19,37,82,11,149,82,42,124,273
08/06/2006,GPI,MT,ANM,WE,Federal Contract Tower,19,16,47,1,83,0,17,44,5,66,19,33,91,6,149,84,6,90,239
08/07/2006,GPI,MT,ANM,WE,Federal Contract Tower,19,22,18,0,59,0,8,50,0,58,19,30,68,0,117,60,0,60,177
08/08/2006,GPI,MT,ANM,WE,Federal Contract Tower,17,24,15,4,60,0,10,62,4,76,17,34,77,8,136,26,52,78,214
08/09/2006,GPI,MT,ANM,WE,Federal Contract Tower,18,32,28,2,80,0,19,79,2,100,18,51,107,4,180,76,22,98,278
08/10/2006,GPI,MT,ANM,WE,Federal Contract Tower,19,31,29,0,79,0,22,74,2,98,19,53,103,2,177,68,8,76,253
08/11/2006,GPI,MT,ANM,WE,Federal Contract Tower,19,24,24,0,67,0,30,70,0,100,19,54,94,0,167,66,0,66,233
08/12/2006,GPI,MT,ANM,WE,Federal Contract Tower,19,20,10,0,49,0,20,50,0,70,19,40,60,0,119,50,0,50,169
08/13/2006,GPI,MT,ANM,WE,Federal Contract Tower,19,32,35,2,88,0,37,99,4,140,19,69,134,6,228,88,0,88,316
08/14/2006,GPI,MT,ANM,WE,Federal Contract Tower,19,18,23,0,60,0,4,90,0,94,19,22,113,0,154,68,0,68,222
08/15/2006,GPI,MT,ANM,WE,Federal Contract Tower,18,23,16,1,58,0,8,57,0,65,18,31,73,1,123,28,0,28,151
08/16/2006,GPI,MT,ANM,WE,Federal Contract Tower,19,28,11,3,61,0,14,49,0,63,19,42,60,3,124,44,0,44,168
08/17/2006,GPI,MT,ANM,WE,Federal Contract Tower,21,24,28,2,75,0,16,47,0,63,21,40,75,2,138,36,0,36,174
08/18/2006,GPI,MT,ANM,WE,Federal Contract Tower,20,28,26,0,74,0,22,70,1,93,20,50,96,1,167,86,0,86,253
08/19/2006,GPI,MT,ANM,WE,Federal Contract Tower,19,16,15,0,50,0,12,90,0,102,19,28,105,0,152,98,0,98,250
08/20/2006,GPI,MT,ANM,WE,Federal Contract Tower,17,13,29,0,59,0,11,69,0,80,17,24,98,0,139,82,0,82,221
08/21/2006,GPI,MT,ANM,WE,Federal Contract Tower,16,20,23,0,59,0,55,64,0,119,16,75,87,0,178,64,0,64,242
08/22/2006,GPI,MT,ANM,WE,Federal Contract Tower,18,29,25,0,72,0,12,68,0,80,18,41,93,0,152,34,0,34,186
08/23/2006,GPI,MT,ANM,WE,Federal Contract Tower,16,27,20,2,65,0,26,49,0,75,16,53,69,2,140,26,4,30,170
08/24/2006,GPI,MT,ANM,WE,Federal Contract Tower,18,24,23,0,65,0,33,48,1,82,18,57,71,1,147,48,0,48,195
08/25/2006,GPI,MT,ANM,WE,Federal Contract Tower,19,28,33,0,80,0,22,42,0,64,19,50,75,0,144,62,0,62,206
08/26/2006,GPI,MT,ANM,WE,Federal Contract Tower,19,20,12,0,51,0,15,60,0,75,19,35,72,0,126,78,0,78,204
08/27/2006,GPI,MT,ANM,WE,Federal Contract Tower,18,10,26,0,54,0,9,68,0,77,18,19,94,0,131,60,0,60,191
08/28/2006,GPI,MT,ANM,WE,Federal Contract Tower,18,20,15,0,53,0,14,64,0,78,18,34,79,0,131,40,0,40,171
08/29/2006,GPI,MT,ANM,WE,Federal Contract Tower,21,23,15,0,59,0,8,54,0,62,21,31,69,0,121,6,0,6,127
08/30/2006,GPI,MT,ANM,WE,Federal Contract Tower,17,31,21,0,69,0,12,43,2,57,17,43,64,2,126,48,4,52,178
08/31/2006,GPI,MT,ANM,WE,Federal Contract Tower,18,25,18,2,63,0,9,78,0,87,18,34,96,2,150,62,8,70,220
09/01/2006,GPI,MT,ANM,WE,Federal Contract Tower,18,31,22,0,71,0,17,100,0,117,18,48,122,0,188,106,0,106,294
09/02/2006,GPI,MT,ANM,WE,Federal Contract Tower,16,15,8,0,39,0,6,67,0,73,16,21,75,0,112,62,0,62,174
09/03/2006,GPI,MT,ANM,WE,Federal Contract Tower,16,16,5,0,37,0,2,34,0,36,16,18,39,0,73,0,0,0,73
09/04/2006,GPI,MT,ANM,WE,Federal Contract Tower,16,22,25,2,65,0,10,85,0,95,16,32,110,2,160,68,10,78,238
09/05/2006,GPI,MT,ANM,WE,Federal Contract Tower,19,18,14,0,51,0,37,68,0,105,19,55,82,0,156,66,0,66,222
09/06/2006,GPI,MT,ANM,WE,Federal Contract Tower,13,19,18,0,50,0,41,64,0,105,13,60,82,0,155,70,0,70,225
09/07/2006,GPI,MT,ANM,WE,Federal Contract Tower,13,26,26,4,69,0,26,66,2,94,13,52,92,6,163,66,14,80,243
09/08/2006,GPI,MT,ANM,WE,Federal Contract Tower,16,24,17,0,57,0,8,46,0,54,16,32,63,0,111,30,0,30,141
09/09/2006,GPI,MT,ANM,WE,Federal Contract Tower,15,10,8,0,33,0,11,68,0,79,15,21,76,0,112,48,0,48,160
09/10/2006,GPI,MT,ANM,WE,Federal Contract Tower,17,8,26,1,52,0,13,68,0,81,17,21,94,1,133,44,18,62,195
09/11/2006,GPI,MT,ANM,WE,Federal Contract Tower,16,21,16,0,53,0,11,64,0,75,16,32,80,0,128,48,0,48,176
09/12/2006,GPI,MT,ANM,WE,Federal Contract Tower,14,17,10,0,41,0,12,74,0,86,14,29,84,0,127,54,0,54,181
09/13/2006,GPI,MT,ANM,WE,Federal Contract Tower,11,21,29,0,61,0,10,63,0,73,11,31,92,0,134,88,0,88,222
09/14/2006,GPI,MT,ANM,WE,Federal Contract Tower,11,20,21,0,52,0,3,16,2,21,11,23,37,2,73,30,0,30,103
09/15/2006,GPI,MT,ANM,WE,Federal Contract Tower,13,26,23,0,62,0,0,25,1,26,13,26,48,1,88,20,0,20,108
09/16/2006,GPI,MT,ANM,WE,Federal Contract Tower,12,15,13,0,40,0,10,40,0,50,12,25,53,0,90,40,0,40,130
09/17/2006,GPI,MT,ANM,WE,Federal Contract Tower,13,15,25,0,53,0,4,34,0,38,13,19,59,0,91,16,0,16,107
09/18/2006,GPI,MT,ANM,WE,Federal Contract Tower,10,17,20,0,47,0,10,70,0,80,10,27,90,0,127,90,0,90,217
09/19/2006,GPI,MT,ANM,WE,Federal Contract Tower,11,17,18,0,46,0,7,49,0,56,11,24,67,0,102,60,0,60,162
09/20/2006,GPI,MT,ANM,WE,Federal Contract Tower,13,19,23,2,57,0,3,32,0,35,13,22,55,2,92,68,0,68,160
09/21/2006,GPI,MT,ANM,WE,Federal Contract Tower,12,22,9,0,43,0,8,34,4,46,12,30,43,4,89,68,0,68,157
09/22/2006,GPI,MT,ANM,WE,Federal Contract Tower,12,27,17,6,62,0,8,40,2,50,12,35,57,8,112,82,10,92,204
09/23/2006,GPI,MT,ANM,WE,Federal Contract Tower,12,10,11,0,33,0,0,60,0,60,12,10,71,0,93,36,0,36,129
09/24/2006,GPI,MT,ANM,WE,Federal Contract Tower,12,14,8,0,34,0,0,41,0,41,12,14,49,0,75,14,0,14,89
09/25/2006,GPI,MT,ANM,WE,Federal Contract Tower,12,22,15,0,49,0,8,60,0,68,12,30,75,0,117,74,0,74,191
09/26/2006,GPI,MT,ANM,WE,Federal Contract Tower,12,16,18,0,46,0,11,74,0,85,12,27,92,0,131,86,0,86,217
09/27/2006,GPI,MT,ANM,WE,Federal Contract Tower,12,15,18,1,46,0,7,66,3,76,12,22,84,4,122,58,8,66,188
09/28/2006,GPI,MT,ANM,WE,Federal Contract Tower,12,17,16,0,45,0,19,71,1,91,12,36,87,1,136,80,0,80,216
09/29/2006,GPI,MT,ANM,WE,Federal Contract Tower,12,22,24,0,58,0,1,70,0,71,12,23,94,0,129,48,0,48,177
09/30/2006,GPI,MT,ANM,WE,Federal Contract Tower,12,10,9,0,31,0,6,50,0,56,12,16,59,0,87,48,0,48,135
10/01/2006,GPI,MT,ANM,WE,Federal Contract Tower,13,17,4,0,34,0,6,48,0,54,13,23,52,0,88,62,0,62,150
10/02/2006,GPI,MT,ANM,WE,Federal Contract Tower,12,20,10,0,42,0,0,40,0,40,12,20,50,0,82,30,0,30,112
10/03/2006,GPI,MT,ANM,WE,Federal Contract Tower,10,19,11,0,40,0,6,44,0,50,10,25,55,0,90,54,0,54,144
10/04/2006,GPI,MT,ANM,WE,Federal Contract Tower,13,14,16,0,43,0,4,39,0,43,13,18,55,0,86,52,0,52,138
10/05/2006,GPI,MT,ANM,WE,Federal Contract Tower,9,18,12,0,39,0,11,63,0,74,9,29,75,0,113,58,0,58,171
10/06/2006,GPI,MT,ANM,WE,Federal Contract Tower,2,26,15,0,43,0,7,60,0,67,2,33,75,0,110,78,0,78,188
10/07/2006,GPI,MT,ANM,WE,Federal Contract Tower,12,15,7,0,34,0,4,60,0,64,12,19,67,0,98,54,0,54,152
10/08/2006,GPI,MT,ANM,WE,Federal Contract Tower,12,11,9,0,32,0,6,36,0,42,12,17,45,0,74,44,0,44,118
10/09/2006,GPI,MT,ANM,WE,Federal Contract Tower,13,14,10,0,37,0,2,40,0,42,13,16,50,0,79,62,0,62,141
10/10/2006,GPI,MT,ANM,WE,Federal Contract Tower,13,12,15,0,40,0,7,40,0,47,13,19,55,0,87,62,0,62,149
10/11/2006,GPI,MT,ANM,WE,Federal Contract Tower,13,19,16,5,53,0,7,57,1,65,13,26,73,6,118,64,20,84,202
10/12/2006,GPI,MT,ANM,WE,Federal Contract Tower,13,21,10,0,44,0,9,55,0,64,13,30,65,0,108,68,0,68,176
10/13/2006,GPI,MT,ANM,WE,Federal Contract Tower,13,19,18,0,50,0,11,70,0,81,13,30,88,0,131,78,0,78,209
10/14/2006,GPI,MT,ANM,WE,Federal Contract Tower,13,13,6,0,32,0,5,82,0,87,13,18,88,0,119,42,0,42,161
10/15/2006,GPI,MT,ANM,WE,Federal Contract Tower,14,8,18,2,42,0,0,16,0,16,14,8,34,2,58,22,0,22,80
10/16/2006,GPI,MT,ANM,WE,Federal Contract Tower,12,18,16,0,46,0,0,12,0,12,12,18,28,0,58,26,0,26,84
10/17/2006,GPI,MT,ANM,WE,Federal Contract Tower,14,14,13,0,41,0,8,40,0,48,14,22,53,0,89,46,0,46,135
10/18/2006,GPI,MT,ANM,WE,Federal Contract Tower,13,18,15,0,46,0,6,24,0,30,13,24,39,0,76,44,0,44,120
10/19/2006,GPI,MT,ANM,WE,Federal Contract Tower,14,19,11,0,44,0,4,11,0,15,14,23,22,0,59,18,0,18,77
10/20/2006,GPI,MT,ANM,WE,Federal Contract Tower,13,20,9,0,42,0,0,0,0,0,13,20,9,0,42,0,0,0,42
10/21/2006,GPI,MT,ANM,WE,Federal Contract Tower,12,14,9,0,35,0,3,24,0,27,12,17,33,0,62,38,0,38,100
10/22/2006,GPI,MT,ANM,WE,Federal Contract Tower,12,13,6,0,31,1,0,60,1,62,13,13,66,1,93,50,0,50,143
10/23/2006,GPI,MT,ANM,WE,Federal Contract Tower,12,9,7,0,28,0,0,32,0,32,12,9,39,0,60,20,0,20,80
10/24/2006,GPI,MT,ANM,WE,Federal Contract Tower,13,26,10,0,49,0,8,35,3,46,13,34,45,3,95,28,4,32,127
10/25/2006,GPI,MT,ANM,WE,Federal Contract Tower,13,14,11,0,38,0,11,32,2,45,13,25,43,2,83,28,2,30,113
10/26/2006,GPI,MT,ANM,WE,Federal Contract Tower,16,10,9,4,39,0,6,19,1,26,16,16,28,5,65,16,18,34,99
10/27/2006,GPI,MT,ANM,WE,Federal Contract Tower,13,18,17,0,48,1,8,52,0,61,14,26,69,0,109,84,0,84,193
10/28/2006,GPI,MT,ANM,WE,Federal Contract Tower,13,9,14,0,36,0,4,60,0,64,13,13,74,0,100,58,0,58,158
10/29/2006,GPI,MT,ANM,WE,Federal Contract Tower,10,8,12,0,30,0,0,4,0,4,10,8,16,0,34,0,0,0,34
10/30/2006,GPI,MT,ANM,WE,Federal Contract Tower,12,16,12,0,40,0,8,30,0,38,12,24,42,0,78,20,0,20,98
10/31/2006,GPI,MT,ANM,WE,Federal Contract Tower,13,15,10,1,39,0,7,6,1,14,13,22,16,2,53,22,0,22,75
11/01/2006,GPI,MT,ANM,WE,Federal Contract Tower,13,14,17,4,48,0,11,34,7,52,13,25,51,11,100,48,0,48,148
11/02/2006,GPI,MT,ANM,WE,Federal Contract Tower,13,18,5,0,36,0,4,56,0,60,13,22,61,0,96,48,0,48,144
11/03/2006,GPI,MT,ANM,WE,Federal Contract Tower,13,16,9,0,38,0,4,20,0,24,13,20,29,0,62,44,0,44,106
11/04/2006,GPI,MT,ANM,WE,Federal Contract Tower,13,14,5,2,34,0,1,21,0,22,13,15,26,2,56,24,0,24,80
11/05/2006,GPI,MT,ANM,WE,Federal Contract Tower,13,8,11,0,32,0,0,25,0,25,13,8,36,0,57,14,0,14,71
11/06/2006,GPI,MT,ANM,WE,Federal Contract Tower,13,14,9,0,36,0,1,10,0,11,13,15,19,0,47,0,0,0,47
11/07/2006,GPI,MT,ANM,WE,Federal Contract Tower,12,16,11,0,39,0,0,4,0,4,12,16,15,0,43,8,0,8,51
11/08/2006,GPI,MT,ANM,WE,Federal Contract Tower,13,15,17,0,45,0,4,12,2,18,13,19,29,2,63,24,0,24,87
11/09/2006,GPI,MT,ANM,WE,Federal Contract Tower,14,17,13,0,44,0,2,18,1,21,14,19,31,1,65,18,0,18,83
11/10/2006,GPI,MT,ANM,WE,Federal Contract Tower,14,15,7,0,36,0,4,50,0,54,14,19,57,0,90,78,0,78,168
11/11/2006,GPI,MT,ANM,WE,Federal Contract Tower,13,12,3,0,28,0,3,2,0,5,13,15,5,0,33,20,0,20,53
11/12/2006,GPI,MT,ANM,WE,Federal Contract Tower,13,7,4,0,24,0,0,40,0,40,13,7,44,0,64,40,0,40,104
11/13/2006,GPI,MT,ANM,WE,Federal Contract Tower,13,13,6,0,32,0,0,1,0,1,13,13,7,0,33,0,0,0,33
11/14/2006,GPI,MT,ANM,WE,Federal Contract Tower,10,23,12,0,45,0,1,11,0,12,10,24,23,0,57,38,0,38,95
11/15/2006,GPI,MT,ANM,WE,Federal Contract Tower,14,17,9,0,40,0,2,17,0,19,14,19,26,0,59,10,0,10,69
11/16/2006,GPI,MT,ANM,WE,Federal Contract Tower,13,20,17,0,50,0,4,29,0,33,13,24,46,0,83,28,0,28,111
11/17/2006,GPI,MT,ANM,WE,Federal Contract Tower,13,17,9,0,39,0,1,35,0,36,13,18,44,0,75,20,0,20,95
11/18/2006,GPI,MT,ANM,WE,Federal Contract Tower,14,11,1,0,26,0,4,63,0,67,14,15,64,0,93,84,0,84,177
11/19/2006,GPI,MT,ANM,WE,Federal Contract Tower,13,10,5,0,28,0,0,30,0,30,13,10,35,0,58,28,0,28,86
11/20/2006,GPI,MT,ANM,WE,Federal Contract Tower,13,15,20,0,48,0,0,10,0,10,13,15,30,0,58,38,0,38,96
11/21/2006,GPI,MT,ANM,WE,Federal Contract Tower,12,20,12,0,44,0,2,16,0,18,12,22,28,0,62,26,0,26,88
11/22/2006,GPI,MT,ANM,WE,Federal Contract Tower,12,26,21,0,59,0,2,11,0,13,12,28,32,0,72,8,0,8,80
11/23/2006,GPI,MT,ANM,WE,Federal Contract Tower,12,4,5,0,21,0,0,4,0,4,12,4,9,0,25,2,0,2,27
11/24/2006,GPI,MT,ANM,WE,Federal Contract Tower,13,15,7,0,35,0,5,30,0,35,13,20,37,0,70,44,0,44,114
11/25/2006,GPI,MT,ANM,WE,Federal Contract Tower,13,16,10,0,39,0,0,8,0,8,13,16,18,0,47,10,0,10,57
11/26/2006,GPI,MT,ANM,WE,Federal Contract Tower,14,11,12,0,37,0,4,8,0,12,14,15,20,0,49,0,0,0,49
11/27/2006,GPI,MT,ANM,WE,Federal Contract Tower,13,15,9,0,37,1,0,1,0,2,14,15,10,0,39,0,0,0,39
11/28/2006,GPI,MT,ANM,WE,Federal Contract Tower,12,19,12,0,43,0,0,9,0,9,12,19,21,0,52,16,0,16,68
11/29/2006,GPI,MT,ANM,WE,Federal Contract Tower,12,17,13,0,42,0,0,6,0,6,12,17,19,0,48,4,0,4,52
11/30/2006,GPI,MT,ANM,WE,Federal Contract Tower,15,17,7,0,39,0,2,5,0,7,15,19,12,0,46,20,0,20,66
12/01/2006,GPI,MT,ANM,WE,Federal Contract Tower,9,16,5,0,30,0,2,30,0,32,9,18,35,0,62,96,0,96,158
12/02/2006,GPI,MT,ANM,WE,Federal Contract Tower,10,11,1,0,22,0,0,24,0,24,10,11,25,0,46,36,0,36,82
12/03/2006,GPI,MT,ANM,WE,Federal Contract Tower,10,9,7,0,26,0,0,6,0,6,10,9,13,0,32,0,0,0,32
12/04/2006,GPI,MT,ANM,WE,Federal Contract Tower,9,18,9,0,36,0,0,15,0,15,9,18,24,0,51,46,0,46,97
12/05/2006,GPI,MT,ANM,WE,Federal Contract Tower,11,15,8,0,34,0,2,27,0,29,11,17,35,0,63,56,0,56,119
12/06/2006,GPI,MT,ANM,WE,Federal Contract Tower,10,17,11,0,38,0,3,24,0,27,10,20,35,0,65,58,0,58,123
12/07/2006,GPI,MT,ANM,WE,Federal Contract Tower,9,16,9,2,36,0,0,0,0,0,9,16,9,2,36,0,0,0,36
12/08/2006,GPI,MT,ANM,WE,Federal Contract Tower,10,13,17,0,40,0,0,0,0,0,10,13,17,0,40,0,0,0,40
12/09/2006,GPI,MT,ANM,WE,Federal Contract Tower,10,8,5,0,23,0,0,0,0,0,10,8,5,0,23,0,0,0,23
12/10/2006,GPI,MT,ANM,WE,Federal Contract Tower,10,5,9,0,24,0,0,0,0,0,10,5,9,0,24,0,0,0,24
12/11/2006,GPI,MT,ANM,WE,Federal Contract Tower,10,12,3,0,25,0,0,2,0,2,10,12,5,0,27,0,0,0,27
12/12/2006,GPI,MT,ANM,WE,Federal Contract Tower,11,21,6,2,40,0,4,9,0,13,11,25,15,2,53,38,0,38,91
12/13/2006,GPI,MT,ANM,WE,Federal Contract Tower,10,20,13,0,43,0,0,0,0,0,10,20,13,0,43,0,0,0,43
12/14/2006,GPI,MT,ANM,WE,Federal Contract Tower,10,20,8,0,38,0,2,22,0,24,10,22,30,0,62,38,0,38,100
12/15/2006,GPI,MT,ANM,WE,Federal Contract Tower,10,23,16,0,49,0,0,2,0,2,10,23,18,0,51,0,1,1,52
12/16/2006,GPI,MT,ANM,WE,Federal Contract Tower,11,16,11,0,38,0,0,50,0,50,11,16,61,0,88,20,0,20,108
12/17/2006,GPI,MT,ANM,WE,Federal Contract Tower,10,15,5,0,30,0,0,46,0,46,10,15,51,0,76,50,0,50,126
12/18/2006,GPI,MT,ANM,WE,Federal Contract Tower,11,16,10,1,38,0,4,30,0,34,11,20,40,1,72,72,0,72,144
12/19/2006,GPI,MT,ANM,WE,Federal Contract Tower,12,22,23,0,57,0,3,47,0,50,12,25,70,0,107,104,0,104,211
12/20/2006,GPI,MT,ANM,WE,Federal Contract Tower,12,28,17,0,57,0,2,34,2,38,12,30,51,2,95,30,0,30,125
12/21/2006,GPI,MT,ANM,WE,Federal Contract Tower,10,31,12,0,53,0,2,2,0,4,10,33,14,0,57,0,0,0,57
12/22/2006,GPI,MT,ANM,WE,Federal Contract Tower,11,33,13,0,57,0,1,12,0,13,11,34,25,0,70,10,0,10,80
12/23/2006,GPI,MT,ANM,WE,Federal Contract Tower,10,20,11,0,41,0,0,0,0,0,10,20,11,0,41,0,0,0,41
12/24/2006,GPI,MT,ANM,WE,Federal Contract Tower,10,10,6,0,26,0,0,22,0,22,10,10,28,0,48,34,0,34,82
12/25/2006,GPI,MT,ANM,WE,Federal Contract Tower,9,10,0,0,19,0,0,2,0,2,9,10,2,0,21,0,0,0,21
12/26/2006,GPI,MT,ANM,WE,Federal Contract Tower,11,19,37,0,67,0,0,0,0,0,11,19,37,0,67,0,0,0,67
12/27/2006,GPI,MT,ANM,WE,Federal Contract Tower,9,21,23,0,53,0,0,0,0,0,9,21,23,0,53,0,0,0,53
12/28/2006,GPI,MT,ANM,WE,Federal Contract Tower,11,29,14,0,54,0,0,12,0,12,11,29,26,0,66,16,0,16,82
12/29/2006,GPI,MT,ANM,WE,Federal Contract Tower,11,21,24,0,56,0,4,40,0,44,11,25,64,0,100,80,0,80,180
12/30/2006,GPI,MT,ANM,WE,Federal Contract Tower,11,23,13,0,47,0,0,12,0,12,11,23,25,0,59,60,0,60,119
12/31/2006,GPI,MT,ANM,WE,Federal Contract Tower,10,17,11,0,38,0,0,0,0,0,10,17,11,0,38,0,0,0,38
01/01/2007,GPI,MT,ANM,WE,Federal Contract Tower,12,19,20,0,51,0,0,5,0,5,12,19,25,0,56,14,0,14,70
01/02/2007,GPI,MT,ANM,WE,Federal Contract Tower,10,18,23,0,51,0,1,12,0,13,10,19,35,0,64,28,0,28,92
01/03/2007,GPI,MT,ANM,WE,Federal Contract Tower,10,23,19,0,52,0,2,22,0,24,10,25,41,0,76,38,0,38,114
01/04/2007,GPI,MT,ANM,WE,Federal Contract Tower,8,19,10,0,37,0,1,18,0,19,8,20,28,0,56,64,0,64,120
01/05/2007,GPI,MT,ANM,WE,Federal Contract Tower,11,19,10,0,40,0,0,20,0,20,11,19,30,0,60,42,0,42,102
01/06/2007,GPI,MT,ANM,WE,Federal Contract Tower,10,16,5,0,31,0,0,0,0,0,10,16,5,0,31,0,0,0,31
01/07/2007,GPI,MT,ANM,WE,Federal Contract Tower,8,20,21,0,49,0,0,0,0,0,8,20,21,0,49,0,0,0,49
01/08/2007,GPI,MT,ANM,WE,Federal Contract Tower,10,24,9,0,43,0,7,50,0,57,10,31,59,0,100,68,0,68,168
01/09/2007,GPI,MT,ANM,WE,Federal Contract Tower,7,18,12,0,37,0,2,29,0,31,7,20,41,0,68,62,0,62,130
01/10/2007,GPI,MT,ANM,WE,Federal Contract Tower,7,15,7,1,30,0,0,4,2,6,7,15,11,3,36,6,40,46,82
01/11/2007,GPI,MT,ANM,WE,Federal Contract Tower,6,22,8,0,36,0,1,16,0,17,6,23,24,0,53,24,0,24,77
01/12/2007,GPI,MT,ANM,WE,Federal Contract Tower,9,20,6,0,35,0,1,30,0,31,9,21,36,0,66,28,0,28,94
01/13/2007,GPI,MT,ANM,WE,Federal Contract Tower,8,11,12,0,31,0,0,16,0,16,8,11,28,0,47,24,0,24,71
01/14/2007,GPI,MT,ANM,WE,Federal Contract Tower,8,14,15,0,37,0,2,17,0,19,8,16,32,0,56,30,0,30,86
01/15/2007,GPI,MT,ANM,WE,Federal Contract Tower,9,14,9,0,32,1,1,16,0,18,10,15,25,0,50,56,0,56,106
01/16/2007,GPI,MT,ANM,WE,Federal Contract Tower,8,19,11,0,38,0,0,6,0,6,8,19,17,0,44,18,0,18,62
01/17/2007,GPI,MT,ANM,WE,Federal Contract Tower,7,15,9,0,31,0,1,12,0,13,7,16,21,0,44,16,0,16,60
01/18/2007,GPI,MT,ANM,WE,Federal Contract Tower,7,17,9,0,33,0,0,3,0,3,7,17,12,0,36,12,0,12,48
01/19/2007,GPI,MT,ANM,WE,Federal Contract Tower,7,20,10,0,37,0,0,14,0,14,7,20,24,0,51,26,0,26,77
01/20/2007,GPI,MT,ANM,WE,Federal Contract Tower,8,11,10,0,29,0,8,0,0,8,8,19,10,0,37,0,0,0,37
01/21/2007,GPI,MT,ANM,WE,Federal Contract Tower,9,18,12,0,39,0,0,0,0,0,9,18,12,0,39,6,0,6,45
01/22/2007,GPI,MT,ANM,WE,Federal Contract Tower,8,18,7,0,33,0,2,8,0,10,8,20,15,0,43,24,0,24,67
01/23/2007,GPI,MT,ANM,WE,Federal Contract Tower,6,19,8,0,33,0,2,4,0,6,6,21,12,0,39,8,0,8,47
01/24/2007,GPI,MT,ANM,WE,Federal Contract Tower,4,5,4,0,13,0,4,7,0,11,4,9,11,0,24,12,0,12,36
01/25/2007,GPI,MT,ANM,WE,Federal Contract Tower,8,20,7,0,35,0,0,0,0,0,8,20,7,0,35,0,0,0,35
01/26/2007,GPI,MT,ANM,WE,Federal Contract Tower,9,20,12,0,41,0,2,5,0,7,9,22,17,0,48,12,0,12,60
01/27/2007,GPI,MT,ANM,WE,Federal Contract Tower,8,15,5,0,28,0,2,53,0,55,8,17,58,0,83,6,0,6,89
01/28/2007,GPI,MT,ANM,WE,Federal Contract Tower,9,18,8,0,35,0,2,40,0,42,9,20,48,0,77,38,0,38,115
01/29/2007,GPI,MT,ANM,WE,Federal Contract Tower,7,22,19,0,48,0,0,1,0,1,7,22,20,0,49,0,0,0,49
01/30/2007,GPI,MT,ANM,WE,Federal Contract Tower,7,23,17,0,47,0,6,32,0,38,7,29,49,0,85,66,0,66,151
01/31/2007,GPI,MT,ANM,WE,Federal Contract Tower,7,19,7,0,33,0,3,11,0,14,7,22,18,0,47,28,0,28,75
02/01/2007,GPI,MT,ANM,WE,Federal Contract Tower,7,21,14,0,42,0,3,8,0,11,7,24,22,0,53,16,0,16,69
02/02/2007,GPI,MT,ANM,WE,Federal Contract Tower,8,23,10,2,43,0,3,30,0,33,8,26,40,2,76,48,16,64,140
02/03/2007,GPI,MT,ANM,WE,Federal Contract Tower,7,14,10,0,31,0,0,0,0,0,7,14,10,0,31,44,0,44,75
02/04/2007,GPI,MT,ANM,WE,Federal Contract Tower,7,9,5,0,21,0,0,1,0,1,7,9,6,0,22,0,0,0,22
02/05/2007,GPI,MT,ANM,WE,Federal Contract Tower,5,19,10,0,34,0,3,20,0,23,5,22,30,0,57,42,0,42,99
02/06/2007,GPI,MT,ANM,WE,Federal Contract Tower,4,11,12,0,27,0,2,12,0,14,4,13,24,0,41,14,0,14,55
02/07/2007,GPI,MT,ANM,WE,Federal Contract Tower,8,29,14,0,51,0,0,0,0,0,8,29,14,0,51,0,0,0,51
02/08/2007,GPI,MT,ANM,WE,Federal Contract Tower,8,23,9,0,40,0,0,2,0,2,8,23,11,0,42,0,0,0,42
02/09/2007,GPI,MT,ANM,WE,Federal Contract Tower,9,24,10,0,43,0,1,10,0,11,9,25,20,0,54,30,0,30,84
02/10/2007,GPI,MT,ANM,WE,Federal Contract Tower,4,10,10,0,24,0,0,0,0,0,4,10,10,0,24,0,0,0,24
02/11/2007,GPI,MT,ANM,WE,Federal Contract Tower,7,17,10,0,34,0,2,0,0,2,7,19,10,0,36,0,0,0,36
02/12/2007,GPI,MT,ANM,WE,Federal Contract Tower,11,20,17,0,48,0,4,0,0,4,11,24,17,0,52,0,0,0,52
02/13/2007,GPI,MT,ANM,WE,Federal Contract Tower,8,16,12,0,36,0,0,2,0,2,8,16,14,0,38,0,0,0,38
02/14/2007,GPI,MT,ANM,WE,Federal Contract Tower,7,22,11,0,40,0,2,5,0,7,7,24,16,0,47,18,0,18,65
02/15/2007,GPI,MT,ANM,WE,Federal Contract Tower,10,24,7,0,41,0,4,13,0,17,10,28,20,0,58,14,0,14,72
02/16/2007,GPI,MT,ANM,WE,Federal Contract Tower,9,22,18,0,49,0,3,41,0,44,9,25,59,0,93,70,4,74,167
02/17/2007,GPI,MT,ANM,WE,Federal Contract Tower,8,15,8,0,31,0,0,44,0,44,8,15,52,0,75,26,0,26,101
02/18/2007,GPI,MT,ANM,WE,Federal Contract Tower,7,18,11,0,36,0,0,5,0,5,7,18,16,0,41,0,0,0,41
02/19/2007,GPI,MT,ANM,WE,Federal Contract Tower,7,12,31,0,50,0,0,1,0,1,7,12,32,0,51,4,0,4,55
02/20/2007,GPI,MT,ANM,WE,Federal Contract Tower,7,21,9,0,37,0,2,2,0,4,7,23,11,0,41,4,0,4,45
02/21/2007,GPI,MT,ANM,WE,Federal Contract Tower,8,24,17,0,49,0,6,33,13,52,8,30,50,13,101,54,2,56,157
02/22/2007,GPI,MT,ANM,WE,Federal Contract Tower,8,24,18,0,50,0,2,9,0,11,8,26,27,0,61,26,0,26,87
02/23/2007,GPI,MT,ANM,WE,Federal Contract Tower,8,23,14,0,45,0,4,36,0,40,8,27,50,0,85,90,0,90,175
02/24/2007,GPI,MT,ANM,WE,Federal Contract Tower,8,20,8,0,36,0,2,40,0,42,8,22,48,0,78,66,0,66,144
02/25/2007,GPI,MT,ANM,WE,Federal Contract Tower,8,13,11,0,32,0,8,20,0,28,8,21,31,0,60,22,0,22,82
02/26/2007,GPI,MT,ANM,WE,Federal Contract Tower,8,15,5,0,28,0,2,4,0,6,8,17,9,0,34,16,0,16,50
02/27/2007,GPI,MT,ANM,WE,Federal Contract Tower,7,19,8,1,35,0,2,29,1,32,7,21,37,2,67,28,2,30,97
02/28/2007,GPI,MT,ANM,WE,Federal Contract Tower,8,22,7,0,37,0,2,9,0,11,8,24,16,0,48,12,0,12,60
03/01/2007,GPI,MT,ANM,WE,Federal Contract Tower,6,27,7,0,40,0,4,8,0,12,6,31,15,0,52,6,0,6,58
03/02/2007,GPI,MT,ANM,WE,Federal Contract Tower,7,28,15,0,50,0,6,43,0,49,7,34,58,0,99,50,0,50,149
03/03/2007,GPI,MT,ANM,WE,Federal Contract Tower,6,14,4,0,24,0,2,10,0,12,6,16,14,0,36,28,0,28,64
03/04/2007,GPI,MT,ANM,WE,Federal Contract Tower,7,20,2,0,29,0,0,50,4,54,7,20,52,4,83,28,0,28,111
03/05/2007,GPI,MT,ANM,WE,Federal Contract Tower,8,22,7,0,37,0,6,34,0,40,8,28,41,0,77,76,0,76,153
03/06/2007,GPI,MT,ANM,WE,Federal Contract Tower,6,16,4,3,29,0,4,52,1,57,6,20,56,4,86,64,18,82,168
03/07/2007,GPI,MT,ANM,WE,Federal Contract Tower,7,16,8,0,31,0,6,37,0,43,7,22,45,0,74,56,0,56,130
03/08/2007,GPI,MT,ANM,WE,Federal Contract Tower,9,26,11,0,46,0,8,19,1,28,9,34,30,1,74,14,0,14,88
03/09/2007,GPI,MT,ANM,WE,Federal Contract Tower,9,25,22,0,56,0,7,70,0,77,9,32,92,0,133,94,0,94,227
03/10/2007,GPI,MT,ANM,WE,Federal Contract Tower,8,16,12,0,36,0,0,44,0,44,8,16,56,0,80,60,0,60,140
03/11/2007,GPI,MT,ANM,WE,Federal Contract Tower,7,20,10,0,37,0,2,6,0,8,7,22,16,0,45,8,0,8,53
03/12/2007,GPI,MT,ANM,WE,Federal Contract Tower,8,24,8,0,40,0,0,0,0,0,8,24,8,0,40,22,0,22,62
03/13/2007,GPI,MT,ANM,WE,Federal Contract Tower,8,14,30,0,52,0,3,14,0,17,8,17,44,0,69,8,0,8,77
03/14/2007,GPI,MT,ANM,WE,Federal Contract Tower,7,22,19,0,48,0,4,12,0,16,7,26,31,0,64,6,0,6,70
03/15/2007,GPI,MT,ANM,WE,Federal Contract Tower,9,23,18,0,50,0,8,57,0,65,9,31,75,0,115,42,0,42,157
03/16/2007,GPI,MT,ANM,WE,Federal Contract Tower,8,19,20,0,47,0,2,5,0,7,8,21,25,0,54,12,0,12,66
03/17/2007,GPI,MT,ANM,WE,Federal Contract Tower,8,13,5,0,26,0,0,39,0,39,8,13,44,0,65,34,0,34,99
03/18/2007,GPI,MT,ANM,WE,Federal Contract Tower,8,12,7,0,27,0,4,20,0,24,8,16,27,0,51,32,0,32,83
03/19/2007,GPI,MT,ANM,WE,Federal Contract Tower,7,22,12,0,41,0,6,46,0,52,7,28,58,0,93,82,0,82,175
03/20/2007,GPI,MT,ANM,WE,Federal Contract Tower,7,17,7,0,31,0,2,9,0,11,7,19,16,0,42,18,0,18,60
03/21/2007,GPI,MT,ANM,WE,Federal Contract Tower,8,17,11,0,36,0,8,47,0,55,8,25,58,0,91,92,0,92,183
03/22/2007,GPI,MT,ANM,WE,Federal Contract Tower,7,27,12,0,46,0,4,28,0,32,7,31,40,0,78,44,0,44,122
03/23/2007,GPI,MT,ANM,WE,Federal Contract Tower,8,20,20,0,48,0,5,61,0,66,8,25,81,0,114,86,0,86,200
03/24/2007,GPI,MT,ANM,WE,Federal Contract Tower,7,18,6,0,31,0,0,30,0,30,7,18,36,0,61,30,0,30,91
03/25/2007,GPI,MT,ANM,WE,Federal Contract Tower,8,13,16,0,37,0,0,10,0,10,8,13,26,0,47,18,0,18,65
03/26/2007,GPI,MT,ANM,WE,Federal Contract Tower,7,19,11,0,37,0,5,70,0,75,7,24,81,0,112,80,0,80,192
03/27/2007,GPI,MT,ANM,WE,Federal Contract Tower,7,17,14,0,38,0,4,6,0,10,7,21,20,0,48,14,0,14,62
03/28/2007,GPI,MT,ANM,WE,Federal Contract Tower,7,19,9,0,35,0,4,23,0,27,7,23,32,0,62,38,0,38,100
03/29/2007,GPI,MT,ANM,WE,Federal Contract Tower,10,16,8,0,34,0,5,57,0,62,10,21,65,0,96,86,0,86,182
03/30/2007,GPI,MT,ANM,WE,Federal Contract Tower,9,19,20,0,48,0,1,40,0,41,9,20,60,0,89,22,0,22,111
03/31/2007,GPI,MT,ANM,WE,Federal Contract Tower,9,16,9,0,34,0,0,30,9,39,9,16,39,9,73,56,0,56,129
04/01/2007,GPI,MT,ANM,WE,Federal Contract Tower,8,16,5,0,29,0,10,15,0,25,8,26,20,0,54,32,0,32,86
04/02/2007,GPI,MT,ANM,WE,Federal Contract Tower,9,17,8,0,34,0,2,9,0,11,9,19,17,0,45,26,0,26,71
04/03/2007,GPI,MT,ANM,WE,Federal Contract Tower,7,22,10,0,39,0,4,29,0,33,7,26,39,0,72,42,0,42,114
04/04/2007,GPI,MT,ANM,WE,Federal Contract Tower,8,19,7,2,36,0,5,19,0,24,8,24,26,2,60,16,4,20,80
04/05/2007,GPI,MT,ANM,WE,Federal Contract Tower,9,18,17,8,52,0,7,23,4,34,9,25,40,12,86,46,38,84,170
04/06/2007,GPI,MT,ANM,WE,Federal Contract Tower,9,21,8,4,42,0,6,50,2,58,9,27,58,6,100,66,26,92,192
04/07/2007,GPI,MT,ANM,WE,Federal Contract Tower,8,15,5,0,28,0,1,51,0,52,8,16,56,0,80,68,0,68,148
04/08/2007,GPI,MT,ANM,WE,Federal Contract Tower,9,18,6,0,33,0,1,35,0,36,9,19,41,0,69,36,0,36,105
04/09/2007,GPI,MT,ANM,WE,Federal Contract Tower,9,19,12,0,40,0,2,16,6,24,9,21,28,6,64,76,0,76,140
04/10/2007,GPI,MT,ANM,WE,Federal Contract Tower,6,17,9,0,32,0,2,30,0,32,6,19,39,0,64,162,0,162,226
04/11/2007,GPI,MT,ANM,WE,Federal Contract Tower,6,19,13,0,38,0,6,50,0,56,6,25,63,0,94,78,0,78,172
04/12/2007,GPI,MT,ANM,WE,Federal Contract Tower,7,25,7,0,39,0,32,47,0,79,7,57,54,0,118,20,0,20,138
04/13/2007,GPI,MT,ANM,WE,Federal Contract Tower,8,21,33,0,62,0,0,0,0,0,8,21,33,0,62,18,0,18,80
04/14/2007,GPI,MT,ANM,WE,Federal Contract Tower,9,16,5,0,30,0,0,30,0,30,9,16,35,0,60,36,0,36,96
04/15/2007,GPI,MT,ANM,WE,Federal Contract Tower,9,18,8,2,37,0,0,25,0,25,9,18,33,2,62,48,0,48,110
04/16/2007,GPI,MT,ANM,WE,Federal Contract Tower,9,15,13,0,37,0,5,60,0,65,9,20,73,0,102,78,0,78,180
04/17/2007,GPI,MT,ANM,WE,Federal Contract Tower,8,14,11,0,33,0,2,13,0,15,8,16,24,0,48,60,0,60,108
04/18/2007,GPI,MT,ANM,WE,Federal Contract Tower,8,24,11,2,45,0,5,9,0,14,8,29,20,2,59,8,0,8,67
04/19/2007,GPI,MT,ANM,WE,Federal Contract Tower,9,15,18,0,42,0,2,5,0,7,9,17,23,0,49,6,0,6,55
04/20/2007,GPI,MT,ANM,WE,Federal Contract Tower,9,21,17,0,47,0,6,45,0,51,9,27,62,0,98,66,0,66,164
04/21/2007,GPI,MT,ANM,WE,Federal Contract Tower,9,12,3,0,24,0,0,40,0,40,9,12,43,0,64,58,0,58,122
04/22/2007,GPI,MT,ANM,WE,Federal Contract Tower,8,10,6,0,24,0,4,30,0,34,8,14,36,0,58,40,0,40,98
04/23/2007,GPI,MT,ANM,WE,Federal Contract Tower,9,18,4,2,33,0,2,50,0,52,9,20,54,2,85,42,32,74,159
04/24/2007,GPI,MT,ANM,WE,Federal Contract Tower,8,15,5,2,30,0,4,43,4,51,8,19,48,6,81,54,0,54,135
04/25/2007,GPI,MT,ANM,WE,Federal Contract Tower,9,16,16,0,41,0,2,38,0,40,9,18,54,0,81,42,0,42,123
04/26/2007,GPI,MT,ANM,WE,Federal Contract Tower,9,25,19,0,53,0,7,63,0,70,9,32,82,0,123,78,0,78,201
04/27/2007,GPI,MT,ANM,WE,Federal Contract Tower,9,23,15,0,47,0,5,44,0,49,9,28,59,0,96,84,0,84,180
04/28/2007,GPI,MT,ANM,WE,Federal Contract Tower,9,15,6,0,30,0,3,64,0,67,9,18,70,0,97,56,0,56,153
04/29/2007,GPI,MT,ANM,WE,Federal Contract Tower,9,16,14,0,39,0,0,48,0,48,9,16,62,0,87,62,0,62,149
04/30/2007,GPI,MT,ANM,WE,Federal Contract Tower,9,18,5,0,32,0,5,49,0,54,9,23,54,0,86,86,0,86,172
05/01/2007,GPI,MT,ANM,WE,Federal Contract Tower,8,22,12,0,42,0,6,62,0,68,8,28,74,0,110,114,0,114,224
05/02/2007,GPI,MT,ANM,WE,Federal Contract Tower,7,26,20,0,53,0,4,37,0,41,7,30,57,0,94,64,0,64,158
05/03/2007,GPI,MT,ANM,WE,Federal Contract Tower,9,25,15,0,49,0,4,4,0,8,9,29,19,0,57,8,0,8,65
05/04/2007,GPI,MT,ANM,WE,Federal Contract Tower,9,19,16,0,44,0,3,30,0,33,9,22,46,0,77,36,12,48,125
05/05/2007,GPI,MT,ANM,WE,Federal Contract Tower,9,16,20,0,45,0,0,60,0,60,9,16,80,0,105,130,0,130,235
05/06/2007,GPI,MT,ANM,WE,Federal Contract Tower,9,16,9,0,34,0,0,40,2,42,9,16,49,2,76,40,0,40,116
05/07/2007,GPI,MT,ANM,WE,Federal Contract Tower,9,21,14,2,46,0,6,90,11,107,9,27,104,13,153,96,64,160,313
05/08/2007,GPI,MT,ANM,WE,Federal Contract Tower,8,16,8,0,32,0,10,75,0,85,8,26,83,0,117,76,0,76,193
05/09/2007,GPI,MT,ANM,WE,Federal Contract Tower,8,17,13,0,38,0,6,55,0,61,8,23,68,0,99,64,0,64,163
05/10/2007,GPI,MT,ANM,WE,Federal Contract Tower,8,22,21,2,53,0,6,48,2,56,8,28,69,4,109,66,32,98,207
05/11/2007,GPI,MT,ANM,WE,Federal Contract Tower,8,16,19,0,43,0,7,80,2,89,8,23,99,2,132,96,8,104,236
05/12/2007,GPI,MT,ANM,WE,Federal Contract Tower,9,14,3,0,26,0,4,50,0,54,9,18,53,0,80,84,0,84,164
05/13/2007,GPI,MT,ANM,WE,Federal Contract Tower,9,14,10,0,33,0,2,8,0,10,9,16,18,0,43,22,0,22,65
05/14/2007,GPI,MT,ANM,WE,Federal Contract Tower,8,23,22,0,53,0,10,45,0,55,8,33,67,0,108,90,0,90,198
05/15/2007,GPI,MT,ANM,WE,Federal Contract Tower,8,17,12,0,37,0,9,88,0,97,8,26,100,0,134,90,0,90,224
05/16/2007,GPI,MT,ANM,WE,Federal Contract Tower,7,18,14,0,39,0,11,67,0,78,7,29,81,0,117,84,0,84,201
05/17/2007,GPI,MT,ANM,WE,Federal Contract Tower,7,18,15,0,40,0,6,51,0,57,7,24,66,0,97,64,0,64,161
05/18/2007,GPI,MT,ANM,WE,Federal Contract Tower,8,21,8,3,40,0,10,70,3,83,8,31,78,6,123,90,24,114,237
05/19/2007,GPI,MT,ANM,WE,Federal Contract Tower,8,17,14,0,39,0,5,46,0,51,8,22,60,0,90,66,0,66,156
05/20/2007,GPI,MT,ANM,WE,Federal Contract Tower,8,12,9,0,29,0,0,102,0,102,8,12,111,0,131,52,0,52,183
05/21/2007,GPI,MT,ANM,WE,Federal Contract Tower,9,26,6,0,41,0,0,20,0,20,9,26,26,0,61,24,0,24,85
05/22/2007,GPI,MT,ANM,WE,Federal Contract Tower,7,18,20,0,45,0,2,22,0,24,7,20,42,0,69,82,0,82,151
05/23/2007,GPI,MT,ANM,WE,Federal Contract Tower,9,16,12,6,43,0,5,50,2,57,9,21,62,8,100,58,0,58,158
05/24/2007,GPI,MT,ANM,WE,Federal Contract Tower,8,23,21,0,52,0,4,18,0,22,8,27,39,0,74,14,0,14,88
05/25/2007,GPI,MT,ANM,WE,Federal Contract Tower,8,28,23,0,59,0,6,37,0,43,8,34,60,0,102,48,0,48,150
05/26/2007,GPI,MT,ANM,WE,Federal Contract Tower,8,15,5,0,28,0,6,78,0,84,8,21,83,0,112,88,0,88,200
05/27/2007,GPI,MT,ANM,WE,Federal Contract Tower,8,12,5,0,25,0,0,12,0,12,8,12,17,0,37,24,0,24,61
05/28/2007,GPI,MT,ANM,WE,Federal Contract Tower,8,11,13,0,32,0,10,30,0,40,8,21,43,0,72,82,0,82,154
05/29/2007,GPI,MT,ANM,WE,Federal Contract Tower,8,24,17,0,49,1,4,46,0,51,9,28,63,0,100,56,0,56,156
05/30/2007,GPI,MT,ANM,WE,Federal Contract Tower,8,22,17,0,47,0,16,77,2,95,8,38,94,2,142,58,0,58,200
05/31/2007,GPI,MT,ANM,WE,Federal Contract Tower,8,28,17,0,53,0,11,79,0,90,8,39,96,0,143,86,0,86,229
06/01/2007,GPI,MT,ANM,WE,Federal Contract Tower,8,21,14,1,44,0,8,60,1,69,8,29,74,2,113,92,2,94,207
06/02/2007,GPI,MT,ANM,WE,Federal Contract Tower,8,16,11,0,35,0,4,66,0,70,8,20,77,0,105,68,0,68,173
06/03/2007,GPI,MT,ANM,WE,Federal Contract Tower,7,18,8,0,33,0,4,51,2,57,7,22,59,2,90,62,8,70,160
06/04/2007,GPI,MT,ANM,WE,Federal Contract Tower,8,19,18,0,45,0,8,65,0,73,8,27,83,0,118,86,0,86,204
06/05/2007,GPI,MT,ANM,WE,Federal Contract Tower,6,16,19,0,41,0,3,18,0,21,6,19,37,0,62,12,0,12,74
06/06/2007,GPI,MT,ANM,WE,Federal Contract Tower,8,17,14,0,39,0,3,20,0,23,8,20,34,0,62,58,0,58,120
06/07/2007,GPI,MT,ANM,WE,Federal Contract Tower,14,28,25,0,67,0,6,37,2,45,14,34,62,2,112,64,0,64,176
06/08/2007,GPI,MT,ANM,WE,Federal Contract Tower,12,27,26,0,65,0,11,76,0,87,12,38,102,0,152,102,0,102,254
06/09/2007,GPI,MT,ANM,WE,Federal Contract Tower,14,19,5,0,38,0,3,49,0,52,14,22,54,0,90,56,0,56,146
06/10/2007,GPI,MT,ANM,WE,Federal Contract Tower,13,18,13,0,44,0,5,25,0,30,13,23,38,0,74,48,0,48,122
06/11/2007,GPI,MT,ANM,WE,Federal Contract Tower,12,30,16,0,58,0,9,54,0,63,12,39,70,0,121,90,0,90,211
06/12/2007,GPI,MT,ANM,WE,Federal Contract Tower,10,28,8,0,46,0,9,56,0,65,10,37,64,0,111,88,0,88,199
06/13/2007,GPI,MT,ANM,WE,Federal Contract Tower,13,36,19,2,70,0,10,66,0,76,13,46,85,2,146,108,0,108,254
06/14/2007,GPI,MT,ANM,WE,Federal Contract Tower,14,31,41,0,86,0,18,78,0,96,14,49,119,0,182,104,0,104,286
06/15/2007,GPI,MT,ANM,WE,Federal Contract Tower,14,29,26,0,69,0,2,64,0,66,14,31,90,0,135,106,0,106,241
06/16/2007,GPI,MT,ANM,WE,Federal Contract Tower,14,31,12,0,57,1400,0,66,0,1466,1414,31,78,0,1523,182,0,182,1705
06/17/2007,GPI,MT,ANM,WE,Federal Contract Tower,12,23,10,0,45,0,2,20,0,22,12,25,30,0,67,40,0,40,107
06/18/2007,GPI,MT,ANM,WE,Federal Contract Tower,11,28,35,0,74,0,11,75,0,86,11,39,110,0,160,90,0,90,250
06/19/2007,GPI,MT,ANM,WE,Federal Contract Tower,10,33,22,1,66,0,17,85,3,105,10,50,107,4,171,78,18,96,267
06/20/2007,GPI,MT,ANM,WE,Federal Contract Tower,8,35,24,0,67,0,13,92,6,111,8,48,116,6,178,148,0,148,326
06/21/2007,GPI,MT,ANM,WE,Federal Contract Tower,13,33,27,0,73,0,12,71,3,86,13,45,98,3,159,94,12,106,265
06/22/2007,GPI,MT,ANM,WE,Federal Contract Tower,12,32,23,0,67,0,11,70,0,81,12,43,93,0,148,96,0,96,244
06/23/2007,GPI,MT,ANM,WE,Federal Contract Tower,11,25,12,0,48,0,20,40,0,60,11,45,52,0,108,62,0,62,170
06/24/2007,GPI,MT,ANM,WE,Federal Contract Tower,12,26,20,0,58,0,0,30,0,30,12,26,50,0,88,82,0,82,170
06/25/2007,GPI,MT,ANM,WE,Federal Contract Tower,13,21,27,2,63,0,13,40,0,53,13,34,67,2,116,80,0,80,196
06/26/2007,GPI,MT,ANM,WE,Federal Contract Tower,13,33,28,1,75,0,23,81,1,105,13,56,109,2,180,132,28,160,340
06/27/2007,GPI,MT,ANM,WE,Federal Contract Tower,13,28,29,0,70,0,16,79,0,95,13,44,108,0,165,108,0,108,273
06/28/2007,GPI,MT,ANM,WE,Federal Contract Tower,12,37,32,0,81,0,16,73,0,89,12,53,105,0,170,86,0,86,256
06/29/2007,GPI,MT,ANM,WE,Federal Contract Tower,12,44,39,2,97,0,16,100,3,119,12,60,139,5,216,120,2,122,338
06/30/2007,GPI,MT,ANM,WE,Federal Contract Tower,13,34,14,0,61,0,0,0,0,0,13,34,14,0,61,60,0,60,121
07/01/2007,GPI,MT,ANM,WE,Federal Contract Tower,15,36,25,0,76,0,5,50,0,55,15,41,75,0,131,72,0,72,203
07/02/2007,GPI,MT,ANM,WE,Federal Contract Tower,14,29,32,0,75,0,15,90,0,105,14,44,122,0,180,94,0,94,274
07/03/2007,GPI,MT,ANM,WE,Federal Contract Tower,12,39,24,0,75,0,19,106,0,125,12,58,130,0,200,82,0,82,282
07/04/2007,GPI,MT,ANM,WE,Federal Contract Tower,14,22,5,0,41,0,16,108,0,124,14,38,113,0,165,82,0,82,247
07/05/2007,GPI,MT,ANM,WE,Federal Contract Tower,16,32,27,2,77,0,17,89,0,106,16,49,116,2,183,78,0,78,261
07/06/2007,GPI,MT,ANM,WE,Federal Contract Tower,16,28,26,2,72,0,26,110,0,136,16,54,136,2,208,132,0,132,340
07/07/2007,GPI,MT,ANM,WE,Federal Contract Tower,15,15,20,1,51,0,14,86,0,100,15,29,106,1,151,124,0,124,275
07/08/2007,GPI,MT,ANM,WE,Federal Contract Tower,16,44,43,0,103,0,8,60,0,68,16,52,103,0,171,44,2,46,217
07/09/2007,GPI,MT,ANM,WE,Federal Contract Tower,15,29,26,0,70,0,11,83,0,94,15,40,109,0,164,94,0,94,258
07/10/2007,GPI,MT,ANM,WE,Federal Contract Tower,13,31,22,0,66,0,13,101,2,116,13,44,123,2,182,132,4,136,318
07/11/2007,GPI,MT,ANM,WE,Federal Contract Tower,11,31,22,0,64,0,10,70,2,82,11,41,92,2,146,84,0,84,230
07/12/2007,GPI,MT,ANM,WE,Federal Contract Tower,15,31,32,0,78,0,14,78,0,92,15,45,110,0,170,86,0,86,256
07/13/2007,GPI,MT,ANM,WE,Federal Contract Tower,16,30,34,0,80,0,13,30,0,43,16,43,64,0,123,78,0,78,201
07/14/2007,GPI,MT,ANM,WE,Federal Contract Tower,15,30,26,0,71,0,8,60,0,68,15,38,86,0,139,48,0,48,187
07/15/2007,GPI,MT,ANM,WE,Federal Contract Tower,16,31,29,0,76,0,15,90,0,105,16,46,119,0,181,100,0,100,281
07/16/2007,GPI,MT,ANM,WE,Federal Contract Tower,19,26,25,0,70,0,12,100,0,112,19,38,125,0,182,116,0,116,298
07/17/2007,GPI,MT,ANM,WE,Federal Contract Tower,13,34,34,1,82,0,12,43,0,55,13,46,77,1,137,54,2,56,193
07/18/2007,GPI,MT,ANM,WE,Federal Contract Tower,10,28,28,1,67,0,22,75,0,97,10,50,103,1,164,60,0,60,224
07/19/2007,GPI,MT,ANM,WE,Federal Contract Tower,15,34,35,0,84,0,17,69,0,86,15,51,104,0,170,64,0,64,234
07/20/2007,GPI,MT,ANM,WE,Federal Contract Tower,13,39,37,0,89,0,29,120,3,152,13,68,157,3,241,101,0,101,342
07/21/2007,GPI,MT,ANM,WE,Federal Contract Tower,19,36,16,0,71,0,31,92,12,135,19,67,108,12,206,126,0,126,332
07/22/2007,GPI,MT,ANM,WE,Federal Contract Tower,17,39,44,0,100,0,57,111,5,173,17,96,155,5,273,122,0,122,395
07/23/2007,GPI,MT,ANM,WE,Federal Contract Tower,16,30,18,0,64,0,46,76,1,123,16,76,94,1,187,94,0,94,281
07/24/2007,GPI,MT,ANM,WE,Federal Contract Tower,15,28,18,0,61,0,40,98,0,138,15,68,116,0,199,82,0,82,281
07/25/2007,GPI,MT,ANM,WE,Federal Contract Tower,12,45,28,0,85,0,26,96,0,122,12,71,124,0,207,78,0,78,285
07/26/2007,GPI,MT,ANM,WE,Federal Contract Tower,16,31,26,0,73,0,22,92,9,123,16,53,118,9,196,86,18,104,300
07/27/2007,GPI,MT,ANM,WE,Federal Contract Tower,16,35,33,0,84,0,9,70,4,83,16,44,103,4,167,92,0,92,259
07/28/2007,GPI,MT,ANM,WE,Federal Contract Tower,15,30,22,0,67,0,42,72,0,114,15,72,94,0,181,58,0,58,239
07/29/2007,GPI,MT,ANM,WE,Federal Contract Tower,16,32,31,0,79,0,64,102,0,166,16,96,133,0,245,24,0,24,269
07/30/2007,GPI,MT,ANM,WE,Federal Contract Tower,16,28,30,0,74,0,99,106,0,205,16,127,136,0,279,90,0,90,369
07/31/2007,GPI,MT,ANM,WE,Federal Contract Tower,15,34,25,0,74,0,85,79,0,164,15,119,104,0,238,64,0,64,302
08/01/2007,GPI,MT,ANM,WE,Federal Contract Tower,16,34,20,0,70,0,17,54,3,74,16,51,74,3,144,24,0,24,168
08/02/2007,GPI,MT,ANM,WE,Federal Contract Tower,16,32,56,4,108,0,46,54,2,102,16,78,110,6,210,26,2,28,238
08/03/2007,GPI,MT,ANM,WE,Federal Contract Tower,16,34,20,0,70,0,80,65,2,147,16,114,85,2,217,84,4,88,305
08/04/2007,GPI,MT,ANM,WE,Federal Contract Tower,17,27,19,0,63,0,48,59,0,107,17,75,78,0,170,72,0,72,242
08/05/2007,GPI,MT,ANM,WE,Federal Contract Tower,18,33,23,0,74,0,30,41,0,71,18,63,64,0,145,22,0,22,167
08/06/2007,GPI,MT,ANM,WE,Federal Contract Tower,17,28,36,0,81,0,40,50,0,90,17,68,86,0,171,68,0,68,239
08/07/2007,GPI,MT,ANM,WE,Federal Contract Tower,15,36,29,0,80,0,99,61,0,160,15,135,90,0,240,68,0,68,308
08/08/2007,GPI,MT,ANM,WE,Federal Contract Tower,13,33,27,0,73,0,82,54,0,136,13,115,81,0,209,66,0,66,275
08/09/2007,GPI,MT,ANM,WE,Federal Contract Tower,17,32,28,0,77,0,43,52,0,95,17,75,80,0,172,42,0,42,214
08/10/2007,GPI,MT,ANM,WE,Federal Contract Tower,14,40,23,0,77,0,23,42,0,65,14,63,65,0,142,36,0,36,178
08/11/2007,GPI,MT,ANM,WE,Federal Contract Tower,14,34,15,0,63,0,51,74,0,125,14,85,89,0,188,30,0,30,218
08/12/2007,GPI,MT,ANM,WE,Federal Contract Tower,13,27,44,0,84,0,34,33,0,67,13,61,77,0,151,0,0,0,151
08/13/2007,GPI,MT,ANM,WE,Federal Contract Tower,17,38,26,0,81,0,63,66,4,133,17,101,92,4,214,66,2,68,282
08/14/2007,GPI,MT,ANM,WE,Federal Contract Tower,18,42,18,0,78,0,52,24,0,76,18,94,42,0,154,22,0,22,176
08/15/2007,GPI,MT,ANM,WE,Federal Contract Tower,10,32,35,0,77,1,63,81,1,146,11,95,116,1,223,124,0,124,347
08/16/2007,GPI,MT,ANM,WE,Federal Contract Tower,16,34,28,0,78,0,25,36,2,63,16,59,64,2,141,14,0,14,155
08/17/2007,GPI,MT,ANM,WE,Federal Contract Tower,16,36,42,0,94,6,48,23,0,77,22,84,65,0,171,58,0,58,229
08/18/2007,GPI,MT,ANM,WE,Federal Contract Tower,15,30,21,0,66,0,65,69,0,134,15,95,90,0,200,70,0,70,270
08/19/2007,GPI,MT,ANM,WE,Federal Contract Tower,13,28,35,1,77,0,26,26,0,52,13,54,61,1,129,0,0,0,129
08/20/2007,GPI,MT,ANM,WE,Federal Contract Tower,14,31,35,0,80,0,9,35,0,44,14,40,70,0,124,48,0,48,172
08/21/2007,GPI,MT,ANM,WE,Federal Contract Tower,11,34,30,0,75,0,26,57,0,83,11,60,87,0,158,108,0,108,266
08/22/2007,GPI,MT,ANM,WE,Federal Contract Tower,13,51,36,0,100,0,27,84,0,111,13,78,120,0,211,180,0,180,391
08/23/2007,GPI,MT,ANM,WE,Federal Contract Tower,8,31,23,0,62,0,35,71,0,106,8,66,94,0,168,30,0,30,198
08/24/2007,GPI,MT,ANM,WE,Federal Contract Tower,9,38,25,0,72,0,9,66,0,75,9,47,91,0,147,58,9,67,214
08/25/2007,GPI,MT,ANM,WE,Federal Contract Tower,14,33,13,0,60,0,10,65,0,75,14,43,78,0,135,42,0,42,177
08/26/2007,GPI,MT,ANM,WE,Federal Contract Tower,11,36,18,0,65,0,3,46,0,49,11,39,64,0,114,48,0,48,162
08/27/2007,GPI,MT,ANM,WE,Federal Contract Tower,9,37,18,1,65,0,9,70,0,79,9,46,88,1,144,58,2,60,204
08/28/2007,GPI,MT,ANM,WE,Federal Contract Tower,9,38,22,0,69,0,9,85,10,104,9,47,107,10,173,62,2,64,237
08/29/2007,GPI,MT,ANM,WE,Federal Contract Tower,13,47,25,0,85,0,24,94,11,129,13,71,119,11,214,114,0,114,328
08/30/2007,GPI,MT,ANM,WE,Federal Contract Tower,11,44,22,0,77,0,17,58,3,78,11,61,80,3,155,36,2,38,193
08/31/2007,GPI,MT,ANM,WE,Federal Contract Tower,8,44,44,0,96,0,14,81,2,97,8,58,125,2,193,94,0,94,287
09/01/2007,GPI,MT,ANM,WE,Federal Contract Tower,8,30,19,0,57,0,3,57,0,60,8,33,76,0,117,68,0,68,185
09/02/2007,GPI,MT,ANM,WE,Federal Contract Tower,8,21,16,0,45,0,2,56,0,58,8,23,72,0,103,88,0,88,191
09/03/2007,GPI,MT,ANM,WE,Federal Contract Tower,12,28,20,0,60,0,13,108,0,121,12,41,128,0,181,82,0,82,263
09/04/2007,GPI,MT,ANM,WE,Federal Contract Tower,9,34,17,0,60,0,5,48,0,53,9,39,65,0,113,108,0,108,221
09/05/2007,GPI,MT,ANM,WE,Federal Contract Tower,10,41,19,0,70,0,21,77,0,98,10,62,96,0,168,98,0,98,266
09/06/2007,GPI,MT,ANM,WE,Federal Contract Tower,12,41,26,1,80,0,10,53,0,63,12,51,79,1,143,64,0,64,207
09/07/2007,GPI,MT,ANM,WE,Federal Contract Tower,13,34,23,0,70,0,13,67,1,81,13,47,90,1,151,108,0,108,259
09/08/2007,GPI,MT,ANM,WE,Federal Contract Tower,6,24,13,0,43,0,1,41,0,42,6,25,54,0,85,48,0,48,133
09/09/2007,GPI,MT,ANM,WE,Federal Contract Tower,10,31,28,0,69,0,12,53,0,65,10,43,81,0,134,48,0,48,182
09/10/2007,GPI,MT,ANM,WE,Federal Contract Tower,7,27,20,0,54,0,7,59,0,66,7,34,79,0,120,116,0,116,236
09/11/2007,GPI,MT,ANM,WE,Federal Contract Tower,7,35,31,0,73,0,7,45,0,52,7,42,76,0,125,110,0,110,235
09/12/2007,GPI,MT,ANM,WE,Federal Contract Tower,5,43,36,0,84,0,8,43,0,51,5,51,79,0,135,46,0,46,181
09/13/2007,GPI,MT,ANM,WE,Federal Contract Tower,5,36,24,0,65,0,10,51,0,61,5,46,75,0,126,38,0,38,164
09/14/2007,GPI,MT,ANM,WE,Federal Contract Tower,7,51,35,2,95,0,8,67,0,75,7,59,102,2,170,44,2,46,216
09/15/2007,GPI,MT,ANM,WE,Federal Contract Tower,3,21,13,0,37,0,3,29,0,32,3,24,42,0,69,26,0,26,95
09/16/2007,GPI,MT,ANM,WE,Federal Contract Tower,5,28,23,0,56,0,0,51,0,51,5,28,74,0,107,16,0,16,123
09/17/2007,GPI,MT,ANM,WE,Federal Contract Tower,8,29,28,1,66,0,1,10,0,11,8,30,38,1,77,8,0,8,85
09/18/2007,GPI,MT,ANM,WE,Federal Contract Tower,6,27,19,0,52,0,5,29,1,35,6,32,48,1,87,34,0,34,121
09/19/2007,GPI,MT,ANM,WE,Federal Contract Tower,8,29,16,0,53,0,4,27,0,31,8,33,43,0,84,12,0,12,96
09/20/2007,GPI,MT,ANM,WE,Federal Contract Tower,5,34,26,0,65,1,8,11,0,20,6,42,37,0,85,4,0,4,89
09/21/2007,GPI,MT,ANM,WE,Federal Contract Tower,7,44,47,3,101,0,24,67,2,93,7,68,114,5,194,66,2,68,262
09/22/2007,GPI,MT,ANM,WE,Federal Contract Tower,6,25,36,0,67,0,1,0,0,1,6,26,36,0,68,36,0,36,104
09/23/2007,GPI,MT,ANM,WE,Federal Contract Tower,5,24,19,0,48,0,0,4,0,4,5,24,23,0,52,52,0,52,104
09/24/2007,GPI,MT,ANM,WE,Federal Contract Tower,7,33,21,2,63,1,5,31,0,37,8,38,52,2,100,44,0,44,144
09/25/2007,GPI,MT,ANM,WE,Federal Contract Tower,6,25,16,0,47,0,1,29,0,30,6,26,45,0,77,38,0,38,115
09/26/2007,GPI,MT,ANM,WE,Federal Contract Tower,8,22,17,0,47,0,2,65,4,71,8,24,82,4,118,64,0,64,182
09/27/2007,GPI,MT,ANM,WE,Federal Contract Tower,7,22,13,0,42,0,17,65,0,82,7,39,78,0,124,32,0,32,156
09/28/2007,GPI,MT,ANM,WE,Federal Contract Tower,9,35,21,0,65,0,2,50,0,52,9,37,71,0,117,64,0,64,181
09/29/2007,GPI,MT,ANM,WE,Federal Contract Tower,6,29,9,0,44,0,2,10,0,12,6,31,19,0,56,34,0,34,90
09/30/2007,GPI,MT,ANM,WE,Federal Contract Tower,5,28,17,0,50,0,0,40,0,40,5,28,57,0,90,32,0,32,122
10/01/2007,GPI,MT,ANM,WE,Federal Contract Tower,6,25,22,0,53,0,6,26,0,32,6,31,48,0,85,58,0,58,143
10/02/2007,GPI,MT,ANM,WE,Federal Contract Tower,8,23,13,0,44,0,0,9,0,9,8,23,22,0,53,20,0,20,73
10/03/2007,GPI,MT,ANM,WE,Federal Contract Tower,5,27,10,0,42,0,6,1,0,7,5,33,11,0,49,0,0,0,49
10/04/2007,GPI,MT,ANM,WE,Federal Contract Tower,5,31,18,0,54,0,0,22,0,22,5,31,40,0,76,22,0,22,98
10/05/2007,GPI,MT,ANM,WE,Federal Contract Tower,8,29,16,0,53,0,3,12,0,15,8,32,28,0,68,0,0,0,68
10/06/2007,GPI,MT,ANM,WE,Federal Contract Tower,5,20,10,0,35,0,0,35,0,35,5,20,45,0,70,34,0,34,104
10/07/2007,GPI,MT,ANM,WE,Federal Contract Tower,5,26,12,0,43,0,0,30,0,30,5,26,42,0,73,10,0,10,83
10/08/2007,GPI,MT,ANM,WE,Federal Contract Tower,6,20,18,0,44,0,4,17,0,21,6,24,35,0,65,42,0,42,107
10/09/2007,GPI,MT,ANM,WE,Federal Contract Tower,5,25,10,0,40,0,5,51,0,56,5,30,61,0,96,18,0,18,114
10/10/2007,GPI,MT,ANM,WE,Federal Contract Tower,6,22,15,0,43,0,1,22,0,23,6,23,37,0,66,14,0,14,80
10/11/2007,GPI,MT,ANM,WE,Federal Contract Tower,7,26,18,0,51,0,9,35,0,44,7,35,53,0,95,44,0,44,139
10/12/2007,GPI,MT,ANM,WE,Federal Contract Tower,4,28,16,0,48,0,3,41,0,44,4,31,57,0,92,26,0,26,118
10/13/2007,GPI,MT,ANM,WE,Federal Contract Tower,4,16,14,1,35,0,3,73,5,81,4,19,87,6,116,30,0,30,146
10/14/2007,GPI,MT,ANM,WE,Federal Contract Tower,3,21,4,0,28,0,3,54,0,57,3,24,58,0,85,28,0,28,113
10/15/2007,GPI,MT,ANM,WE,Federal Contract Tower,6,20,17,0,43,0,6,42,0,48,6,26,59,0,91,18,0,18,109
10/16/2007,GPI,MT,ANM,WE,Federal Contract Tower,5,25,13,0,43,0,0,34,0,34,5,25,47,0,77,12,0,12,89
10/17/2007,GPI,MT,ANM,WE,Federal Contract Tower,6,31,13,0,50,0,3,25,0,28,6,34,38,0,78,52,0,52,130
10/18/2007,GPI,MT,ANM,WE,Federal Contract Tower,6,28,16,0,50,0,5,21,0,26,6,33,37,0,76,34,0,34,110
10/19/2007,GPI,MT,ANM,WE,Federal Contract Tower,6,27,23,0,56,0,0,6,0,6,6,27,29,0,62,6,0,6,68
10/20/2007,GPI,MT,ANM,WE,Federal Contract Tower,4,21,9,0,34,0,0,8,0,8,4,21,17,0,42,20,0,20,62
10/21/2007,GPI,MT,ANM,WE,Federal Contract Tower,3,21,14,0,38,0,0,18,0,18,3,21,32,0,56,34,0,34,90
10/22/2007,GPI,MT,ANM,WE,Federal Contract Tower,3,30,11,0,44,0,0,5,0,5,3,30,16,0,49,25,0,25,74
10/23/2007,GPI,MT,ANM,WE,Federal Contract Tower,5,22,22,0,49,0,4,60,0,64,5,26,82,0,113,88,0,88,201
10/24/2007,GPI,MT,ANM,WE,Federal Contract Tower,5,22,24,0,51,1,0,42,2,45,6,22,66,2,96,42,0,42,138
10/25/2007,GPI,MT,ANM,WE,Federal Contract Tower,4,26,18,0,48,0,0,23,0,23,4,26,41,0,71,38,0,38,109
10/26/2007,GPI,MT,ANM,WE,Federal Contract Tower,5,33,14,6,58,0,4,31,0,35,5,37,45,6,93,28,0,28,121
10/27/2007,GPI,MT,ANM,WE,Federal Contract Tower,2,18,16,0,36,20,7,63,0,90,22,25,79,0,126,48,0,48,174
10/28/2007,GPI,MT,ANM,WE,Federal Contract Tower,3,19,9,0,31,0,0,25,0,25,3,19,34,0,56,8,0,8,64
10/29/2007,GPI,MT,ANM,WE,Federal Contract Tower,3,24,9,1,37,0,2,27,0,29,3,26,36,1,66,30,0,30,96
10/30/2007,GPI,MT,ANM,WE,Federal Contract Tower,5,22,18,0,45,0,3,41,0,44,5,25,59,0,89,40,0,40,129
10/31/2007,GPI,MT,ANM,WE,Federal Contract Tower,3,18,11,0,32,0,4,41,0,45,3,22,52,0,77,10,0,10,87
11/01/2007,GPI,MT,ANM,WE,Federal Contract Tower,4,28,9,0,41,0,0,33,0,33,4,28,42,0,74,0,0,0,74
11/02/2007,GPI,MT,ANM,WE,Federal Contract Tower,5,30,14,0,49,0,3,43,0,46,5,33,57,0,95,8,0,8,103
11/03/2007,GPI,MT,ANM,WE,Federal Contract Tower,3,24,2,0,29,0,2,24,0,26,3,26,26,0,55,30,0,30,85
11/04/2007,GPI,MT,ANM,WE,Federal Contract Tower,3,26,9,0,38,0,0,11,3,14,3,26,20,3,52,0,0,0,52
11/05/2007,GPI,MT,ANM,WE,Federal Contract Tower,5,26,6,0,37,0,1,25,0,26,5,27,31,0,63,80,0,80,143
11/06/2007,GPI,MT,ANM,WE,Federal Contract Tower,5,18,5,0,28,0,9,41,0,50,5,27,46,0,78,82,0,82,160
11/07/2007,GPI,MT,ANM,WE,Federal Contract Tower,1,10,9,0,20,0,0,6,3,9,1,10,15,3,29,0,0,0,29
11/08/2007,GPI,MT,ANM,WE,Federal Contract Tower,4,30,16,0,50,0,3,5,0,8,4,33,21,0,58,2,0,2,60
11/09/2007,GPI,MT,ANM,WE,Federal Contract Tower,5,40,12,0,57,0,2,17,0,19,5,42,29,0,76,10,0,10,86
11/10/2007,GPI,MT,ANM,WE,Federal Contract Tower,3,23,5,0,31,0,2,4,0,6,3,25,9,0,37,12,0,12,49
11/11/2007,GPI,MT,ANM,WE,Federal Contract Tower,3,20,9,0,32,0,0,11,0,11,3,20,20,0,43,10,0,10,53
11/12/2007,GPI,MT,ANM,WE,Federal Contract Tower,3,19,6,0,28,0,3,24,0,27,3,22,30,0,55,2,0,2,57
11/13/2007,GPI,MT,ANM,WE,Federal Contract Tower,3,24,5,0,32,0,0,12,0,12,3,24,17,0,44,0,0,0,44
11/14/2007,GPI,MT,ANM,WE,Federal Contract Tower,2,20,17,0,39,0,0,19,0,19,2,20,36,0,58,28,0,28,86
11/15/2007,GPI,MT,ANM,WE,Federal Contract Tower,3,26,12,0,41,0,1,9,0,10,3,27,21,0,51,8,0,8,59
11/16/2007,GPI,MT,ANM,WE,Federal Contract Tower,5,25,20,0,50,0,2,9,0,11,5,27,29,0,61,72,0,72,133
11/17/2007,GPI,MT,ANM,WE,Federal Contract Tower,3,20,7,0,30,0,0,1,0,1,3,20,8,0,31,0,0,0,31
11/18/2007,GPI,MT,ANM,WE,Federal Contract Tower,3,19,3,0,25,0,0,14,0,14,3,19,17,0,39,12,0,12,51
11/19/2007,GPI,MT,ANM,WE,Federal Contract Tower,5,20,11,0,36,0,0,11,0,11,5,20,22,0,47,64,0,64,111
11/20/2007,GPI,MT,ANM,WE,Federal Contract Tower,4,36,17,1,58,0,4,38,0,42,4,40,55,1,100,62,2,64,164
11/21/2007,GPI,MT,ANM,WE,Federal Contract Tower,3,25,32,0,60,0,3,26,0,29,3,28,58,0,89,16,0,16,105
11/22/2007,GPI,MT,ANM,WE,Federal Contract Tower,2,14,7,0,23,0,0,8,0,8,2,14,15,0,31,0,0,0,31
11/23/2007,GPI,MT,ANM,WE,Federal Contract Tower,4,23,13,0,40,0,2,14,0,16,4,25,27,0,56,4,0,4,60
11/24/2007,GPI,MT,ANM,WE,Federal Contract Tower,3,18,7,0,28,0,5,10,0,15,3,23,17,0,43,4,0,4,47
11/25/2007,GPI,MT,ANM,WE,Federal Contract Tower,3,15,15,0,33,0,6,18,0,24,3,21,33,0,57,12,0,12,69
11/26/2007,GPI,MT,ANM,WE,Federal Contract Tower,5,30,11,0,46,0,0,9,55,64,5,30,20,55,110,6,0,6,116
11/27/2007,GPI,MT,ANM,WE,Federal Contract Tower,2,19,10,0,31,0,0,8,0,8,2,19,18,0,39,4,0,4,43
11/28/2007,GPI,MT,ANM,WE,Federal Contract Tower,3,25,10,0,38,0,3,12,0,15,3,28,22,0,53,22,0,22,75
11/29/2007,GPI,MT,ANM,WE,Federal Contract Tower,2,30,8,0,40,0,0,19,1,20,2,30,27,1,60,10,0,10,70
11/30/2007,GPI,MT,ANM,WE,Federal Contract Tower,3,28,16,0,47,0,0,12,0,12,3,28,28,0,59,30,3,33,92
12/01/2007,GPI,MT,ANM,WE,Federal Contract Tower,3,18,0,0,21,0,0,0,0,0,3,18,0,0,21,0,0,0,21
12/02/2007,GPI,MT,ANM,WE,Federal Contract Tower,1,17,6,0,24,0,0,0,0,0,1,17,6,0,24,0,0,0,24
12/03/2007,GPI,MT,ANM,WE,Federal Contract Tower,3,23,9,0,35,0,0,0,0,0,3,23,9,0,35,2,0,2,37
12/04/2007,GPI,MT,ANM,WE,Federal Contract Tower,3,22,9,0,34,0,0,4,1,5,3,22,13,1,39,20,0,20,59
12/05/2007,GPI,MT,ANM,WE,Federal Contract Tower,3,17,14,0,34,0,2,16,0,18,3,19,30,0,52,24,0,24,76
12/06/2007,GPI,MT,ANM,WE,Federal Contract Tower,3,21,6,0,30,0,3,24,0,27,3,24,30,0,57,24,0,24,81
12/07/2007,GPI,MT,ANM,WE,Federal Contract Tower,3,20,8,0,31,0,2,26,0,28,3,22,34,0,59,14,0,14,73
12/08/2007,GPI,MT,ANM,WE,Federal Contract Tower,3,16,9,0,28,0,0,41,0,41,3,16,50,0,69,32,0,32,101
12/09/2007,GPI,MT,ANM,WE,Federal Contract Tower,2,13,8,0,23,0,0,0,0,0,2,13,8,0,23,0,0,0,23
12/10/2007,GPI,MT,ANM,WE,Federal Contract Tower,3,19,15,0,37,0,0,13,0,13,3,19,28,0,50,6,0,6,56
12/11/2007,GPI,MT,ANM,WE,Federal Contract Tower,4,21,14,0,39,1,2,14,0,17,5,23,28,0,56,8,0,8,64
12/12/2007,GPI,MT,ANM,WE,Federal Contract Tower,3,21,12,0,36,0,2,7,0,9,3,23,19,0,45,14,0,14,59
12/13/2007,GPI,MT,ANM,WE,Federal Contract Tower,3,25,12,0,40,0,4,14,0,18,3,29,26,0,58,8,0,8,66
12/14/2007,GPI,MT,ANM,WE,Federal Contract Tower,4,25,15,0,44,0,8,14,0,22,4,33,29,0,66,6,0,6,72
12/15/2007,GPI,MT,ANM,WE,Federal Contract Tower,3,19,6,0,28,0,0,2,0,2,3,19,8,0,30,2,0,2,32
12/16/2007,GPI,MT,ANM,WE,Federal Contract Tower,2,21,7,0,30,0,1,9,0,10,2,22,16,0,40,6,0,6,46
12/17/2007,GPI,MT,ANM,WE,Federal Contract Tower,4,21,13,0,38,0,2,0,0,2,4,23,13,0,40,0,0,0,40
12/18/2007,GPI,MT,ANM,WE,Federal Contract Tower,4,23,23,5,55,0,1,18,0,19,4,24,41,5,74,54,24,78,152
12/19/2007,GPI,MT,ANM,WE,Federal Contract Tower,7,26,17,0,50,0,2,2,0,4,7,28,19,0,54,0,0,0,54
12/20/2007,GPI,MT,ANM,WE,Federal Contract Tower,5,25,25,0,55,1,4,5,0,10,6,29,30,0,65,0,0,0,65
12/21/2007,GPI,MT,ANM,WE,Federal Contract Tower,5,31,15,0,51,0,3,38,0,41,5,34,53,0,92,70,0,70,162
12/22/2007,GPI,MT,ANM,WE,Federal Contract Tower,3,31,17,0,51,0,0,4,0,4,3,31,21,0,55,0,0,0,55
12/23/2007,GPI,MT,ANM,WE,Federal Contract Tower,6,21,11,0,38,0,0,5,0,5,6,21,16,0,43,0,0,0,43
12/24/2007,GPI,MT,ANM,WE,Federal Contract Tower,7,19,5,0,31,0,0,3,0,3,7,19,8,0,34,0,0,0,34
12/25/2007,GPI,MT,ANM,WE,Federal Contract Tower,4,16,0,0,20,1,2,0,0,3,5,18,0,0,23,0,0,0,23
12/26/2007,GPI,MT,ANM,WE,Federal Contract Tower,6,29,31,0,66,0,3,0,0,3,6,32,31,0,69,0,0,0,69
12/27/2007,GPI,MT,ANM,WE,Federal Contract Tower,4,24,23,0,51,0,0,16,0,16,4,24,39,0,67,16,0,16,83
12/28/2007,GPI,MT,ANM,WE,Federal Contract Tower,5,19,18,0,42,0,0,0,0,0,5,19,18,0,42,0,0,0,42
12/29/2007,GPI,MT,ANM,WE,Federal Contract Tower,5,18,17,0,40,0,0,0,0,0,5,18,17,0,40,0,0,0,40
12/30/2007,GPI,MT,ANM,WE,Federal Contract Tower,4,19,10,0,33,0,0,0,0,0,4,19,10,0,33,0,0,0,33
12/31/2007,GPI,MT,ANM,WE,Federal Contract Tower,6,22,8,0,36,0,4,16,0,20,6,26,24,0,56,24,0,24,80
01/01/2008,GPI,MT,ANM,WE,Federal Contract Tower,7,23,5,0,35,0,1,27,0,28,7,24,32,0,63,14,0,14,77
01/02/2008,GPI,MT,ANM,WE,Federal Contract Tower,4,25,34,0,63,0,2,17,0,19,4,27,51,0,82,6,0,6,88
01/03/2008,GPI,MT,ANM,WE,Federal Contract Tower,7,35,9,0,51,0,0,0,0,0,7,35,9,0,51,4,0,4,55
01/04/2008,GPI,MT,ANM,WE,Federal Contract Tower,5,31,12,5,53,0,3,38,1,42,5,34,50,6,95,28,96,124,219
01/05/2008,GPI,MT,ANM,WE,Federal Contract Tower,5,26,13,0,44,0,0,5,0,5,5,26,18,0,49,14,0,14,63
01/06/2008,GPI,MT,ANM,WE,Federal Contract Tower,5,20,9,0,34,0,0,0,0,0,5,20,9,0,34,0,0,0,34
01/07/2008,GPI,MT,ANM,WE,Federal Contract Tower,5,24,11,0,40,0,3,22,0,25,5,27,33,0,65,66,0,66,131
01/08/2008,GPI,MT,ANM,WE,Federal Contract Tower,4,18,8,0,30,0,0,3,0,3,4,18,11,0,33,6,0,6,39
01/09/2008,GPI,MT,ANM,WE,Federal Contract Tower,5,24,15,0,44,0,1,5,0,6,5,25,20,0,50,12,0,12,62
01/10/2008,GPI,MT,ANM,WE,Federal Contract Tower,5,20,14,0,39,0,4,0,0,4,5,24,14,0,43,2,0,2,45
01/11/2008,GPI,MT,ANM,WE,Federal Contract Tower,5,17,7,0,29,0,2,14,0,16,5,19,21,0,45,42,0,42,87
01/12/2008,GPI,MT,ANM,WE,Federal Contract Tower,6,10,4,0,20,0,0,9,0,9,6,10,13,0,29,18,0,18,47
01/13/2008,GPI,MT,ANM,WE,Federal Contract Tower,5,17,10,0,32,0,6,21,0,27,5,23,31,0,59,44,0,44,103
01/14/2008,GPI,MT,ANM,WE,Federal Contract Tower,7,21,18,0,46,0,5,23,0,28,7,26,41,0,74,66,0,66,140
01/15/2008,GPI,MT,ANM,WE,Federal Contract Tower,5,17,3,0,25,0,0,17,0,17,5,17,20,0,42,62,0,62,104
01/16/2008,GPI,MT,ANM,WE,Federal Contract Tower,5,21,32,0,58,0,0,0,0,0,5,21,32,0,58,28,0,28,86
01/17/2008,GPI,MT,ANM,WE,Federal Contract Tower,7,17,10,0,34,0,0,0,0,0,7,17,10,0,34,0,0,0,34
01/18/2008,GPI,MT,ANM,WE,Federal Contract Tower,5,21,15,0,41,0,0,5,0,5,5,21,20,0,46,4,0,4,50
01/19/2008,GPI,MT,ANM,WE,Federal Contract Tower,4,13,4,0,21,0,0,0,0,0,4,13,4,0,21,0,0,0,21
01/20/2008,GPI,MT,ANM,WE,Federal Contract Tower,7,12,17,0,36,0,0,2,0,2,7,12,19,0,38,0,0,0,38
01/21/2008,GPI,MT,ANM,WE,Federal Contract Tower,6,15,17,0,38,0,0,26,9,35,6,15,43,9,73,94,0,94,167
01/22/2008,GPI,MT,ANM,WE,Federal Contract Tower,5,22,11,0,38,0,5,45,4,54,5,27,56,4,92,26,6,32,124
01/23/2008,GPI,MT,ANM,WE,Federal Contract Tower,3,21,11,0,35,0,1,28,0,29,3,22,39,0,64,44,0,44,108
01/24/2008,GPI,MT,ANM,WE,Federal Contract Tower,6,16,18,0,40,0,2,46,0,48,6,18,64,0,88,62,0,62,150
01/25/2008,GPI,MT,ANM,WE,Federal Contract Tower,5,20,13,0,38,0,0,0,0,0,5,20,13,0,38,0,0,0,38
01/26/2008,GPI,MT,ANM,WE,Federal Contract Tower,3,21,4,0,28,0,0,0,0,0,3,21,4,0,28,0,0,0,28
01/27/2008,GPI,MT,ANM,WE,Federal Contract Tower,6,17,3,0,26,0,1,0,0,1,6,18,3,0,27,0,0,0,27
01/28/2008,GPI,MT,ANM,WE,Federal Contract Tower,6,17,7,0,30,0,1,0,0,1,6,18,7,0,31,0,0,0,31
01/29/2008,GPI,MT,ANM,WE,Federal Contract Tower,5,19,8,0,32,0,1,0,0,1,5,20,8,0,33,0,0,0,33
01/30/2008,GPI,MT,ANM,WE,Federal Contract Tower,3,17,11,0,31,0,3,8,0,11,3,20,19,0,42,57,0,57,99
01/31/2008,GPI,MT,ANM,WE,Federal Contract Tower,5,16,12,0,33,0,0,3,0,3,5,16,15,0,36,0,0,0,36
02/01/2008,GPI,MT,ANM,WE,Federal Contract Tower,5,28,14,0,47,0,0,3,1,4,5,28,17,1,51,14,6,20,71
02/02/2008,GPI,MT,ANM,WE,Federal Contract Tower,5,19,4,0,28,0,1,4,0,5,5,20,8,0,33,4,0,4,37
02/03/2008,GPI,MT,ANM,WE,Federal Contract Tower,5,19,6,0,30,0,0,21,0,21,5,19,27,0,51,52,0,52,103
02/04/2008,GPI,MT,ANM,WE,Federal Contract Tower,5,19,6,0,30,0,2,11,0,13,5,21,17,0,43,16,0,16,59
02/05/2008,GPI,MT,ANM,WE,Federal Contract Tower,5,15,9,0,29,0,0,20,0,20,5,15,29,0,49,8,0,8,57
02/06/2008,GPI,MT,ANM,WE,Federal Contract Tower,5,15,8,0,28,0,0,8,0,8,5,15,16,0,36,10,0,10,46
02/07/2008,GPI,MT,ANM,WE,Federal Contract Tower,6,14,16,0,36,0,0,0,3,3,6,14,16,3,39,0,0,0,39
02/08/2008,GPI,MT,ANM,WE,Federal Contract Tower,6,21,12,0,39,0,0,1,0,1,6,21,13,0,40,22,0,22,62
02/09/2008,GPI,MT,ANM,WE,Federal Contract Tower,5,17,3,0,25,0,0,0,0,0,5,17,3,0,25,0,0,0,25
02/10/2008,GPI,MT,ANM,WE,Federal Contract Tower,5,13,4,0,22,0,0,5,0,5,5,13,9,0,27,8,0,8,35
02/11/2008,GPI,MT,ANM,WE,Federal Contract Tower,5,21,11,0,37,0,0,13,0,13,5,21,24,0,50,22,0,22,72
02/12/2008,GPI,MT,ANM,WE,Federal Contract Tower,5,24,16,0,45,0,1,17,0,18,5,25,33,0,63,10,0,10,73
02/13/2008,GPI,MT,ANM,WE,Federal Contract Tower,5,26,14,0,45,0,0,4,0,4,5,26,18,0,49,10,0,10,59
02/14/2008,GPI,MT,ANM,WE,Federal Contract Tower,7,26,11,0,44,0,2,10,0,12,7,28,21,0,56,12,0,12,68
02/15/2008,GPI,MT,ANM,WE,Federal Contract Tower,5,20,24,0,49,0,6,33,0,39,5,26,57,0,88,30,0,30,118
02/16/2008,GPI,MT,ANM,WE,Federal Contract Tower,5,15,28,0,48,0,0,12,0,12,5,15,40,0,60,14,0,14,74
02/17/2008,GPI,MT,ANM,WE,Federal Contract Tower,5,14,14,0,33,0,2,53,0,55,5,16,67,0,88,30,0,30,118
02/18/2008,GPI,MT,ANM,WE,Federal Contract Tower,5,24,22,0,51,0,4,31,0,35,5,28,53,0,86,40,0,40,126
02/19/2008,GPI,MT,ANM,WE,Federal Contract Tower,5,19,11,0,35,0,1,28,0,29,5,20,39,0,64,68,0,68,132
02/20/2008,GPI,MT,ANM,WE,Federal Contract Tower,6,20,15,0,41,0,0,31,0,31,6,20,46,0,72,20,0,20,92
02/21/2008,GPI,MT,ANM,WE,Federal Contract Tower,6,20,16,0,42,0,2,39,0,41,6,22,55,0,83,68,0,68,151
02/22/2008,GPI,MT,ANM,WE,Federal Contract Tower,5,21,21,0,47,0,2,36,0,38,5,23,57,0,85,38,0,38,123
02/23/2008,GPI,MT,ANM,WE,Federal Contract Tower,5,20,14,0,39,0,0,13,0,13,5,20,27,0,52,14,0,14,66
02/24/2008,GPI,MT,ANM,WE,Federal Contract Tower,5,16,15,0,36,0,0,7,0,7,5,16,22,0,43,4,0,4,47
02/25/2008,GPI,MT,ANM,WE,Federal Contract Tower,6,14,11,0,31,0,0,9,0,9,6,14,20,0,40,20,0,20,60
02/26/2008,GPI,MT,ANM,WE,Federal Contract Tower,5,19,13,0,37,0,0,10,0,10,5,19,23,0,47,2,0,2,49
02/27/2008,GPI,MT,ANM,WE,Federal Contract Tower,6,19,16,0,41,0,0,28,0,28,6,19,44,0,69,14,0,14,83
02/28/2008,GPI,MT,ANM,WE,Federal Contract Tower,7,16,12,0,35,0,0,9,0,9,7,16,21,0,44,8,0,8,52
02/29/2008,GPI,MT,ANM,WE,Federal Contract Tower,5,17,10,0,32,0,0,32,8,40,5,17,42,8,72,16,0,16,88
03/01/2008,GPI,MT,ANM,WE,Federal Contract Tower,4,20,6,0,30,0,0,127,0,127,4,20,133,0,157,6,0,6,163
03/02/2008,GPI,MT,ANM,WE,Federal Contract Tower,4,14,3,0,21,0,1,12,0,13,4,15,15,0,34,2,0,2,36
03/03/2008,GPI,MT,ANM,WE,Federal Contract Tower,4,17,8,1,30,0,0,0,0,0,4,17,8,1,30,2,0,2,32
03/04/2008,GPI,MT,ANM,WE,Federal Contract Tower,4,20,12,2,38,0,0,15,0,15,4,20,27,2,53,10,0,10,63
03/05/2008,GPI,MT,ANM,WE,Federal Contract Tower,9,20,14,0,43,0,0,24,0,24,9,20,38,0,67,60,0,60,127
03/06/2008,GPI,MT,ANM,WE,Federal Contract Tower,5,22,14,0,41,0,0,16,0,16,5,22,30,0,57,4,0,4,61
03/07/2008,GPI,MT,ANM,WE,Federal Contract Tower,5,21,14,0,40,0,0,16,0,16,5,21,30,0,56,28,0,28,84
03/08/2008,GPI,MT,ANM,WE,Federal Contract Tower,4,14,5,0,23,0,4,12,0,16,4,18,17,0,39,6,0,6,45
03/09/2008,GPI,MT,ANM,WE,Federal Contract Tower,5,21,7,0,33,0,2,19,8,29,5,23,26,8,62,0,0,0,62
03/10/2008,GPI,MT,ANM,WE,Federal Contract Tower,5,22,18,1,46,0,0,35,6,41,5,22,53,7,87,50,2,52,139
03/11/2008,GPI,MT,ANM,WE,Federal Contract Tower,5,18,9,0,32,0,1,14,6,21,5,19,23,6,53,0,0,0,53
03/12/2008,GPI,MT,ANM,WE,Federal Contract Tower,4,17,12,0,33,0,0,24,12,36,4,17,36,12,69,48,0,48,117
03/13/2008,GPI,MT,ANM,WE,Federal Contract Tower,7,17,10,0,34,0,0,20,0,20,7,17,30,0,54,10,0,10,64
03/14/2008,GPI,MT,ANM,WE,Federal Contract Tower,5,18,11,0,34,0,2,19,0,21,5,20,30,0,55,4,0,4,59
03/15/2008,GPI,MT,ANM,WE,Federal Contract Tower,5,16,4,0,25,0,2,10,0,12,5,18,14,0,37,16,0,16,53
03/16/2008,GPI,MT,ANM,WE,Federal Contract Tower,5,16,8,0,29,0,0,7,0,7,5,16,15,0,36,22,0,22,58
03/17/2008,GPI,MT,ANM,WE,Federal Contract Tower,5,16,10,0,31,0,1,13,0,14,5,17,23,0,45,50,0,50,95
03/18/2008,GPI,MT,ANM,WE,Federal Contract Tower,5,21,16,0,42,0,0,20,0,20,5,21,36,0,62,42,0,42,104
03/19/2008,GPI,MT,ANM,WE,Federal Contract Tower,7,20,6,0,33,1,6,29,0,36,8,26,35,0,69,66,0,66,135
03/20/2008,GPI,MT,ANM,WE,Federal Contract Tower,5,15,23,0,43,0,0,8,0,8,5,15,31,0,51,16,0,16,67
03/21/2008,GPI,MT,ANM,WE,Federal Contract Tower,5,24,19,0,48,0,3,11,0,14,5,27,30,0,62,24,0,24,86
03/22/2008,GPI,MT,ANM,WE,Federal Contract Tower,5,21,8,0,34,0,0,34,0,34,5,21,42,0,68,44,0,44,112
03/23/2008,GPI,MT,ANM,WE,Federal Contract Tower,5,14,4,0,23,0,2,13,0,15,5,16,17,0,38,8,2,10,48
03/24/2008,GPI,MT,ANM,WE,Federal Contract Tower,5,20,6,0,31,0,0,21,0,21,5,20,27,0,52,12,0,12,64
03/25/2008,GPI,MT,ANM,WE,Federal Contract Tower,5,22,19,0,46,0,1,41,0,42,5,23,60,0,88,62,0,62,150
03/26/2008,GPI,MT,ANM,WE,Federal Contract Tower,3,20,13,1,37,0,0,18,0,18,3,20,31,1,55,24,0,24,79
03/27/2008,GPI,MT,ANM,WE,Federal Contract Tower,6,17,9,0,32,0,0,3,0,3,6,17,12,0,35,6,0,6,41
03/28/2008,GPI,MT,ANM,WE,Federal Contract Tower,5,21,11,0,37,0,3,30,0,33,5,24,41,0,70,90,0,90,160
03/29/2008,GPI,MT,ANM,WE,Federal Contract Tower,7,19,7,0,33,0,0,0,0,0,7,19,7,0,33,0,0,0,33
03/30/2008,GPI,MT,ANM,WE,Federal Contract Tower,4,18,10,0,32,1,0,4,0,5,5,18,14,0,37,0,4,4,41
03/31/2008,GPI,MT,ANM,WE,Federal Contract Tower,2,20,5,2,29,0,0,13,0,13,2,20,18,2,42,24,0,24,66
04/01/2008,GPI,MT,ANM,WE,Federal Contract Tower,5,16,1,0,22,0,0,7,0,7,5,16,8,0,29,8,0,8,37
04/02/2008,GPI,MT,ANM,WE,Federal Contract Tower,6,20,14,0,40,0,2,28,0,30,6,22,42,0,70,48,0,48,118
04/03/2008,GPI,MT,ANM,WE,Federal Contract Tower,6,17,8,0,31,0,1,38,0,39,6,18,46,0,70,60,0,60,130
04/04/2008,GPI,MT,ANM,WE,Federal Contract Tower,5,23,7,2,37,0,0,19,4,23,5,23,26,6,60,14,2,16,76
04/05/2008,GPI,MT,ANM,WE,Federal Contract Tower,5,22,2,0,29,0,0,1,0,1,5,22,3,0,30,0,0,0,30
04/06/2008,GPI,MT,ANM,WE,Federal Contract Tower,5,19,2,0,26,0,2,10,0,12,5,21,12,0,38,0,0,0,38
04/07/2008,GPI,MT,ANM,WE,Federal Contract Tower,6,16,10,0,32,0,2,11,1,14,6,18,21,1,46,18,0,18,64
04/08/2008,GPI,MT,ANM,WE,Federal Contract Tower,6,17,11,0,34,0,0,20,0,20,6,17,31,0,54,26,0,26,80
04/09/2008,GPI,MT,ANM,WE,Federal Contract Tower,4,16,13,0,33,0,0,20,0,20,4,16,33,0,53,30,0,30,83
04/10/2008,GPI,MT,ANM,WE,Federal Contract Tower,5,23,10,0,38,1,2,6,0,9,6,25,16,0,47,40,0,40,87
04/11/2008,GPI,MT,ANM,WE,Federal Contract Tower,7,20,13,0,40,0,0,36,0,36,7,20,49,0,76,114,0,114,190
04/12/2008,GPI,MT,ANM,WE,Federal Contract Tower,7,16,13,0,36,0,2,52,0,54,7,18,65,0,90,54,0,54,144
04/13/2008,GPI,MT,ANM,WE,Federal Contract Tower,6,19,7,0,32,0,0,52,0,52,6,19,59,0,84,42,0,42,126
04/14/2008,GPI,MT,ANM,WE,Federal Contract Tower,7,20,14,0,41,0,0,7,0,7,7,20,21,0,48,4,0,4,52
04/15/2008,GPI,MT,ANM,WE,Federal Contract Tower,6,17,6,0,29,0,0,9,0,9,6,17,15,0,38,32,0,32,70
04/16/2008,GPI,MT,ANM,WE,Federal Contract Tower,8,14,11,0,33,0,0,11,0,11,8,14,22,0,44,22,0,22,66
04/17/2008,GPI,MT,ANM,WE,Federal Contract Tower,6,18,15,2,41,0,2,40,6,48,6,20,55,8,89,54,8,62,151
04/18/2008,GPI,MT,ANM,WE,Federal Contract Tower,8,17,18,0,43,0,1,24,0,25,8,18,42,0,68,66,0,66,134
04/19/2008,GPI,MT,ANM,WE,Federal Contract Tower,8,12,3,0,23,0,0,0,0,0,8,12,3,0,23,0,0,0,23
04/20/2008,GPI,MT,ANM,WE,Federal Contract Tower,6,15,11,0,32,0,0,8,0,8,6,15,19,0,40,10,0,10,50
04/21/2008,GPI,MT,ANM,WE,Federal Contract Tower,6,23,5,0,34,0,0,4,0,4,6,23,9,0,38,12,0,12,50
04/22/2008,GPI,MT,ANM,WE,Federal Contract Tower,7,15,9,0,31,0,4,14,0,18,7,19,23,0,49,26,0,26,75
04/23/2008,GPI,MT,ANM,WE,Federal Contract Tower,6,21,3,0,30,0,2,6,0,8,6,23,9,0,38,4,0,4,42
04/24/2008,GPI,MT,ANM,WE,Federal Contract Tower,4,17,3,0,24,0,7,24,0,31,4,24,27,0,55,48,0,48,103
04/25/2008,GPI,MT,ANM,WE,Federal Contract Tower,7,20,11,0,38,0,2,26,0,28,7,22,37,0,66,94,0,94,160
04/26/2008,GPI,MT,ANM,WE,Federal Contract Tower,10,13,10,0,33,0,3,79,0,82,10,16,89,0,115,56,0,56,171
04/27/2008,GPI,MT,ANM,WE,Federal Contract Tower,6,11,8,0,25,0,1,36,0,37,6,12,44,0,62,26,0,26,88
04/28/2008,GPI,MT,ANM,WE,Federal Contract Tower,7,20,9,0,36,1,0,27,0,28,8,20,36,0,64,14,0,14,78
04/29/2008,GPI,MT,ANM,WE,Federal Contract Tower,5,23,13,0,41,0,2,4,0,6,5,25,17,0,47,16,0,16,63
04/30/2008,GPI,MT,ANM,WE,Federal Contract Tower,6,14,8,1,29,0,2,14,0,16,6,16,22,1,45,60,30,90,135
05/01/2008,GPI,MT,ANM,WE,Federal Contract Tower,6,15,15,4,40,0,5,16,0,21,6,20,31,4,61,30,6,36,97
05/02/2008,GPI,MT,ANM,WE,Federal Contract Tower,9,17,15,1,42,0,3,65,1,69,9,20,80,2,111,78,2,80,191
05/03/2008,GPI,MT,ANM,WE,Federal Contract Tower,4,9,10,0,23,0,0,20,0,20,4,9,30,0,43,12,0,12,55
05/04/2008,GPI,MT,ANM,WE,Federal Contract Tower,6,14,9,0,29,0,0,15,3,18,6,14,24,3,47,4,0,4,51
05/05/2008,GPI,MT,ANM,WE,Federal Contract Tower,8,12,4,0,24,0,0,14,0,14,8,12,18,0,38,6,0,6,44
05/06/2008,GPI,MT,ANM,WE,Federal Contract Tower,5,20,11,0,36,0,0,27,0,27,5,20,38,0,63,16,0,16,79
05/07/2008,GPI,MT,ANM,WE,Federal Contract Tower,7,18,11,0,36,0,0,11,0,11,7,18,22,0,47,4,0,4,51
05/08/2008,GPI,MT,ANM,WE,Federal Contract Tower,7,20,17,0,44,0,0,23,0,23,7,20,40,0,67,72,0,72,139
05/09/2008,GPI,MT,ANM,WE,Federal Contract Tower,6,24,12,4,46,2,1,16,0,19,8,25,28,4,65,6,0,6,71
05/10/2008,GPI,MT,ANM,WE,Federal Contract Tower,9,16,16,0,41,0,4,50,0,54,9,20,66,0,95,84,0,84,179
05/11/2008,GPI,MT,ANM,WE,Federal Contract Tower,6,12,6,0,24,0,0,4,0,4,6,12,10,0,28,10,0,10,38
05/12/2008,GPI,MT,ANM,WE,Federal Contract Tower,6,14,11,0,31,0,0,6,0,6,6,14,17,0,37,0,0,0,37
05/13/2008,GPI,MT,ANM,WE,Federal Contract Tower,6,22,25,0,53,0,1,31,0,32,6,23,56,0,85,24,0,24,109
05/14/2008,GPI,MT,ANM,WE,Federal Contract Tower,6,15,11,0,32,1,5,3,0,9,7,20,14,0,41,15,0,15,56
05/15/2008,GPI,MT,ANM,WE,Federal Contract Tower,8,18,10,1,37,0,2,60,0,62,8,20,70,1,99,52,0,52,151
05/16/2008,GPI,MT,ANM,WE,Federal Contract Tower,8,24,26,2,60,0,10,67,0,77,8,34,93,2,137,72,0,72,209
05/17/2008,GPI,MT,ANM,WE,Federal Contract Tower,7,12,8,0,27,0,0,39,6,45,7,12,47,6,72,52,8,60,132
05/18/2008,GPI,MT,ANM,WE,Federal Contract Tower,6,18,3,0,27,0,0,15,0,15,6,18,18,0,42,6,18,24,66
05/19/2008,GPI,MT,ANM,WE,Federal Contract Tower,6,17,6,0,29,0,2,32,2,36,6,19,38,2,65,32,2,34,99
05/20/2008,GPI,MT,ANM,WE,Federal Contract Tower,6,17,7,0,30,0,4,19,0,23,6,21,26,0,53,16,0,16,69
05/21/2008,GPI,MT,ANM,WE,Federal Contract Tower,6,22,16,2,46,0,5,16,0,21,6,27,32,2,67,22,20,42,109
05/22/2008,GPI,MT,ANM,WE,Federal Contract Tower,7,28,15,0,50,0,3,21,0,24,7,31,36,0,74,28,0,28,102
05/23/2008,GPI,MT,ANM,WE,Federal Contract Tower,10,21,24,0,55,1,2,16,0,19,11,23,40,0,74,30,0,30,104
05/24/2008,GPI,MT,ANM,WE,Federal Contract Tower,7,13,13,0,33,0,2,17,0,19,7,15,30,0,52,10,0,10,62
05/25/2008,GPI,MT,ANM,WE,Federal Contract Tower,5,15,5,0,25,0,0,11,0,11,5,15,16,0,36,0,0,0,36
05/26/2008,GPI,MT,ANM,WE,Federal Contract Tower,7,17,10,0,34,0,0,14,0,14,7,17,24,0,48,34,0,34,82
05/27/2008,GPI,MT,ANM,WE,Federal Contract Tower,6,17,17,0,40,0,3,26,0,29,6,20,43,0,69,12,0,12,81
05/28/2008,GPI,MT,ANM,WE,Federal Contract Tower,8,13,10,0,31,0,0,71,0,71,8,13,81,0,102,50,0,50,152
05/29/2008,GPI,MT,ANM,WE,Federal Contract Tower,7,18,11,0,36,0,2,12,0,14,7,20,23,0,50,8,0,8,58
05/30/2008,GPI,MT,ANM,WE,Federal Contract Tower,7,19,15,0,41,0,4,20,0,24,7,23,35,0,65,26,0,26,91
05/31/2008,GPI,MT,ANM,WE,Federal Contract Tower,7,12,9,0,28,0,2,60,0,62,7,14,69,0,90,26,0,26,116
06/01/2008,GPI,MT,ANM,WE,Federal Contract Tower,5,11,5,0,21,0,0,8,0,8,5,11,13,0,29,0,0,0,29
06/02/2008,GPI,MT,ANM,WE,Federal Contract Tower,6,19,13,0,38,0,0,12,0,12,6,19,25,0,50,14,0,14,64
06/03/2008,GPI,MT,ANM,WE,Federal Contract Tower,7,16,6,0,29,0,6,32,0,38,7,22,38,0,67,26,0,26,93
06/04/2008,GPI,MT,ANM,WE,Federal Contract Tower,5,16,0,0,21,0,0,35,0,35,5,16,35,0,56,30,5,35,91
06/05/2008,GPI,MT,ANM,WE,Federal Contract Tower,6,20,12,0,38,0,0,13,0,13,6,20,25,0,51,0,0,0,51
06/06/2008,GPI,MT,ANM,WE,Federal Contract Tower,8,26,7,0,41,0,3,8,0,11,8,29,15,0,52,22,0,22,74
06/07/2008,GPI,MT,ANM,WE,Federal Contract Tower,7,19,12,0,38,1,0,4,0,5,8,19,16,0,43,0,0,0,43
06/08/2008,GPI,MT,ANM,WE,Federal Contract Tower,7,14,6,0,27,0,0,4,0,4,7,18,10,0,35,10,0,10,45
06/09/2008,GPI,MT,ANM,WE,Federal Contract Tower,8,13,13,0,34,0,0,20,0,20,8,13,33,0,54,12,0,12,66
06/10/2008,GPI,MT,ANM,WE,Federal Contract Tower,6,16,10,0,32,0,0,0,0,0,6,16,10,0,32,0,0,0,32
06/11/2008,GPI,MT,ANM,WE,Federal Contract Tower,8,25,12,0,45,0,0,0,2,2,8,25,12,2,47,0,0,0,47
06/12/2008,GPI,MT,ANM,WE,Federal Contract Tower,8,19,21,0,48,0,1,22,0,23,8,20,43,0,71,16,0,16,87
06/13/2008,GPI,MT,ANM,WE,Federal Contract Tower,8,20,22,0,50,0,3,38,4,45,8,23,60,4,95,68,2,70,165
06/14/2008,GPI,MT,ANM,WE,Federal Contract Tower,11,17,16,0,44,0,4,64,7,75,11,21,80,7,119,90,4,94,213
06/15/2008,GPI,MT,ANM,WE,Federal Contract Tower,8,17,13,0,38,0,0,53,0,53,8,17,66,0,91,18,0,18,109
06/16/2008,GPI,MT,ANM,WE,Federal Contract Tower,9,22,21,0,52,0,0,30,0,30,9,22,51,0,82,26,0,26,108
06/17/2008,GPI,MT,ANM,WE,Federal Contract Tower,11,19,15,0,45,0,1,85,0,86,11,20,100,0,131,82,0,82,213
06/18/2008,GPI,MT,ANM,WE,Federal Contract Tower,9,24,9,1,43,0,3,53,0,56,9,27,62,1,99,76,0,76,175
06/19/2008,GPI,MT,ANM,WE,Federal Contract Tower,9,24,18,0,51,0,2,52,2,56,9,26,70,2,107,38,0,38,145
06/20/2008,GPI,MT,ANM,WE,Federal Contract Tower,8,19,16,0,43,2,0,55,0,57,10,19,71,0,100,66,0,66,166
06/21/2008,GPI,MT,ANM,WE,Federal Contract Tower,13,18,18,0,49,0,3,63,2,68,13,21,81,2,117,60,2,62,179
06/22/2008,GPI,MT,ANM,WE,Federal Contract Tower,10,19,13,0,42,0,0,29,0,29,10,19,42,0,71,2,0,2,73
06/23/2008,GPI,MT,ANM,WE,Federal Contract Tower,8,20,19,0,47,0,3,48,2,53,8,23,67,2,100,54,0,54,154
06/24/2008,GPI,MT,ANM,WE,Federal Contract Tower,11,17,28,0,56,0,1,60,2,63,11,18,88,2,119,48,2,50,169
06/25/2008,GPI,MT,ANM,WE,Federal Contract Tower,9,32,20,0,61,0,0,82,0,82,9,32,102,0,143,92,0,92,235
06/26/2008,GPI,MT,ANM,WE,Federal Contract Tower,10,27,23,2,62,0,0,68,7,75,10,27,91,9,137,126,0,126,263
06/27/2008,GPI,MT,ANM,WE,Federal Contract Tower,9,28,27,0,64,1,3,80,4,88,10,31,107,4,152,88,4,92,244
06/28/2008,GPI,MT,ANM,WE,Federal Contract Tower,10,25,27,0,62,0,2,78,0,80,10,27,105,0,142,110,0,110,252
06/29/2008,GPI,MT,ANM,WE,Federal Contract Tower,13,22,18,0,53,0,0,43,0,43,13,22,61,0,96,12,0,12,108
06/30/2008,GPI,MT,ANM,WE,Federal Contract Tower,12,19,19,0,50,0,4,38,0,42,12,23,57,0,92,48,0,48,140
07/01/2008,GPI,MT,ANM,WE,Federal Contract Tower,13,28,72,0,113,0,3,49,0,52,13,31,121,0,165,32,0,32,197
07/02/2008,GPI,MT,ANM,WE,Federal Contract Tower,13,35,40,0,88,0,1,18,0,19,13,36,58,0,107,12,0,12,119
07/03/2008,GPI,MT,ANM,WE,Federal Contract Tower,13,26,35,0,74,0,3,47,0,50,13,29,82,0,124,48,0,48,172
07/04/2008,GPI,MT,ANM,WE,Federal Contract Tower,12,10,8,0,30,0,0,53,0,53,12,10,61,0,83,62,0,62,145
07/05/2008,GPI,MT,ANM,WE,Federal Contract Tower,15,24,19,0,58,0,0,56,0,56,15,24,75,0,114,118,0,118,232
07/06/2008,GPI,MT,ANM,WE,Federal Contract Tower,13,26,25,0,64,0,0,66,0,66,13,26,91,0,130,30,0,30,160
07/07/2008,GPI,MT,ANM,WE,Federal Contract Tower,15,24,85,3,127,0,2,49,0,51,15,26,134,3,178,48,0,48,226
07/08/2008,GPI,MT,ANM,WE,Federal Contract Tower,12,23,17,0,52,12,23,76,0,111,24,46,93,0,163,48,0,48,211
07/09/2008,GPI,MT,ANM,WE,Federal Contract Tower,12,28,53,2,95,0,0,35,0,35,12,28,88,2,130,18,0,18,148
07/10/2008,GPI,MT,ANM,WE,Federal Contract Tower,14,29,23,0,66,0,1,28,2,31,14,30,51,2,97,6,0,6,103
07/11/2008,GPI,MT,ANM,WE,Federal Contract Tower,17,33,26,1,77,0,3,72,2,77,17,36,98,3,154,98,2,100,254
07/12/2008,GPI,MT,ANM,WE,Federal Contract Tower,19,29,17,1,66,0,3,72,0,75,19,32,89,1,141,56,0,56,197
07/13/2008,GPI,MT,ANM,WE,Federal Contract Tower,14,24,98,0,136,0,2,66,0,68,14,26,164,0,204,22,0,22,226
07/14/2008,GPI,MT,ANM,WE,Federal Contract Tower,13,27,19,2,61,0,2,47,0,49,13,29,66,2,110,24,6,30,140
07/15/2008,GPI,MT,ANM,WE,Federal Contract Tower,15,25,18,0,58,0,7,42,0,49,15,32,60,0,107,66,0,66,173
07/16/2008,GPI,MT,ANM,WE,Federal Contract Tower,13,33,25,0,71,0,0,21,0,21,13,33,46,0,92,18,0,18,110
07/17/2008,GPI,MT,ANM,WE,Federal Contract Tower,10,42,31,0,83,0,0,60,0,60,10,42,91,0,143,46,0,46,189
07/18/2008,GPI,MT,ANM,WE,Federal Contract Tower,13,35,37,0,85,0,1,74,0,75,13,36,111,0,160,28,0,28,188
07/19/2008,GPI,MT,ANM,WE,Federal Contract Tower,18,23,16,0,57,0,0,72,0,72,18,23,88,0,129,54,0,54,183
07/20/2008,GPI,MT,ANM,WE,Federal Contract Tower,13,31,24,0,68,0,0,64,0,64,13,31,88,0,132,0,0,0,132
07/21/2008,GPI,MT,ANM,WE,Federal Contract Tower,12,23,20,0,55,0,2,57,0,59,12,25,77,0,114,20,0,20,134
07/22/2008,GPI,MT,ANM,WE,Federal Contract Tower,17,27,27,0,71,0,0,37,0,37,17,27,64,0,108,82,0,82,190
07/23/2008,GPI,MT,ANM,WE,Federal Contract Tower,14,32,40,0,86,0,1,56,0,57,14,33,96,0,143,38,0,38,181
07/24/2008,GPI,MT,ANM,WE,Federal Contract Tower,7,7,3,0,17,0,1,3,0,4,7,8,6,0,21,0,0,0,21
07/25/2008,GPI,MT,ANM,WE,Federal Contract Tower,14,23,22,0,59,0,6,69,0,75,14,29,91,0,134,40,0,40,174
07/26/2008,GPI,MT,ANM,WE,Federal Contract Tower,18,19,20,0,57,1,10,55,0,66,19,29,75,0,123,28,0,28,151
07/27/2008,GPI,MT,ANM,WE,Federal Contract Tower,13,25,29,0,67,0,0,63,0,63,13,25,92,0,130,46,0,46,176
07/28/2008,GPI,MT,ANM,WE,Federal Contract Tower,13,26,17,2,58,0,0,52,1,53,13,26,69,3,111,68,20,88,199
07/29/2008,GPI,MT,ANM,WE,Federal Contract Tower,14,22,33,0,69,0,0,61,0,61,14,22,94,0,130,58,0,58,188
07/30/2008,GPI,MT,ANM,WE,Federal Contract Tower,13,22,27,0,62,0,3,51,0,54,13,25,78,0,116,80,0,80,196
07/31/2008,GPI,MT,ANM,WE,Federal Contract Tower,12,26,34,0,72,0,5,67,0,72,12,31,101,0,144,106,0,106,250
08/01/2008,GPI,MT,ANM,WE,Federal Contract Tower,13,35,29,0,77,0,0,41,0,41,13,35,70,0,118,8,0,8,126
08/02/2008,GPI,MT,ANM,WE,Federal Contract Tower,16,32,30,0,78,0,1,48,0,49,16,33,78,0,127,38,0,38,165
08/03/2008,GPI,MT,ANM,WE,Federal Contract Tower,14,28,25,0,67,0,0,53,0,53,14,28,78,0,120,20,0,20,140
08/04/2008,GPI,MT,ANM,WE,Federal Contract Tower,10,27,19,0,56,0,0,51,0,51,10,27,70,0,107,42,0,42,149
08/05/2008,GPI,MT,ANM,WE,Federal Contract Tower,14,30,27,1,72,0,1,49,1,51,14,31,76,2,123,22,2,24,147
08/06/2008,GPI,MT,ANM,WE,Federal Contract Tower,13,27,28,2,70,0,4,61,0,65,13,31,89,2,135,26,14,40,175
08/07/2008,GPI,MT,ANM,WE,Federal Contract Tower,13,38,25,2,78,0,2,65,0,67,13,40,90,2,145,34,38,72,217
08/08/2008,GPI,MT,ANM,WE,Federal Contract Tower,12,31,22,0,65,0,3,44,0,47,12,34,66,0,112,20,0,20,132
08/09/2008,GPI,MT,ANM,WE,Federal Contract Tower,19,23,20,0,62,0,2,31,2,35,19,25,51,2,97,12,0,12,109
08/10/2008,GPI,MT,ANM,WE,Federal Contract Tower,14,45,22,0,81,0,10,34,0,44,14,55,56,0,125,28,0,28,153
08/11/2008,GPI,MT,ANM,WE,Federal Contract Tower,12,26,23,0,61,0,2,38,0,40,12,28,61,0,101,36,0,36,137
08/12/2008,GPI,MT,ANM,WE,Federal Contract Tower,12,18,19,0,49,0,33,68,0,101,12,51,87,0,150,64,0,64,214
08/13/2008,GPI,MT,ANM,WE,Federal Contract Tower,14,35,21,0,70,0,12,38,0,50,14,47,59,0,120,22,0,22,142
08/14/2008,GPI,MT,ANM,WE,Federal Contract Tower,13,24,28,0,65,0,10,73,0,83,13,34,101,0,148,8,0,8,156
08/15/2008,GPI,MT,ANM,WE,Federal Contract Tower,15,26,21,0,62,0,3,58,0,61,15,29,79,0,123,10,0,10,133
08/16/2008,GPI,MT,ANM,WE,Federal Contract Tower,20,25,20,0,65,0,4,67,0,71,20,29,87,0,136,70,0,70,206
08/17/2008,GPI,MT,ANM,WE,Federal Contract Tower,13,31,28,0,72,0,2,49,0,51,13,33,77,0,123,36,0,36,159
08/18/2008,GPI,MT,ANM,WE,Federal Contract Tower,13,25,13,0,51,0,2,29,0,31,13,27,42,0,82,22,0,22,104
08/19/2008,GPI,MT,ANM,WE,Federal Contract Tower,13,27,20,0,60,0,0,30,0,30,13,27,50,0,90,42,0,42,132
08/20/2008,GPI,MT,ANM,WE,Federal Contract Tower,14,21,17,0,52,0,0,20,0,20,14,21,37,0,72,28,0,28,100
08/21/2008,GPI,MT,ANM,WE,Federal Contract Tower,14,23,22,0,59,0,2,10,0,12,14,25,32,0,71,40,0,40,111
08/22/2008,GPI,MT,ANM,WE,Federal Contract Tower,16,24,39,0,79,0,3,76,2,81,16,27,115,2,160,70,0,70,230
08/23/2008,GPI,MT,ANM,WE,Federal Contract Tower,19,17,15,0,51,0,7,64,2,73,19,24,79,2,124,40,0,40,164
08/24/2008,GPI,MT,ANM,WE,Federal Contract Tower,15,21,29,0,65,0,0,44,0,44,15,21,73,0,109,22,0,22,131
08/25/2008,GPI,MT,ANM,WE,Federal Contract Tower,11,15,18,0,44,0,0,29,0,29,11,15,47,0,73,20,0,20,93
08/26/2008,GPI,MT,ANM,WE,Federal Contract Tower,10,20,36,0,66,0,33,0,0,33,10,53,36,0,99,78,0,78,177
08/27/2008,GPI,MT,ANM,WE,Federal Contract Tower,11,23,18,0,52,0,16,0,0,16,11,39,18,0,68,6,0,6,74
08/28/2008,GPI,MT,ANM,WE,Federal Contract Tower,10,27,29,0,66,0,2,51,0,53,10,29,80,0,119,40,0,40,159
08/29/2008,GPI,MT,ANM,WE,Federal Contract Tower,9,31,50,0,90,0,6,88,4,98,9,37,138,4,188,76,2,78,266
08/30/2008,GPI,MT,ANM,WE,Federal Contract Tower,14,21,24,0,59,0,1,58,0,59,14,22,82,0,118,106,0,106,224
08/31/2008,GPI,MT,ANM,WE,Federal Contract Tower,9,12,18,0,39,0,0,12,0,12,9,12,30,0,51,6,0,6,57
09/01/2008,GPI,MT,ANM,WE,Federal Contract Tower,8,29,21,0,58,0,2,26,0,28,8,31,47,0,86,18,0,18,104
09/02/2008,GPI,MT,ANM,WE,Federal Contract Tower,9,20,42,0,71,0,2,35,0,37,9,22,77,0,108,32,0,32,140
09/03/2008,GPI,MT,ANM,WE,Federal Contract Tower,7,20,18,0,45,0,0,30,0,30,7,20,48,0,75,18,0,18,93
09/04/2008,GPI,MT,ANM,WE,Federal Contract Tower,8,18,32,0,58,0,0,39,0,39,8,18,71,0,97,36,0,36,133
09/05/2008,GPI,MT,ANM,WE,Federal Contract Tower,11,25,27,6,69,2,1,45,0,48,13,26,72,6,117,22,2,24,141
09/06/2008,GPI,MT,ANM,WE,Federal Contract Tower,11,16,26,2,55,0,0,14,0,14,11,16,40,2,69,14,4,18,87
09/07/2008,GPI,MT,ANM,WE,Federal Contract Tower,9,7,19,0,35,0,0,18,0,18,9,7,37,0,53,14,0,14,67
09/08/2008,GPI,MT,ANM,WE,Federal Contract Tower,7,16,37,1,61,0,0,42,5,47,7,16,79,6,108,76,22,98,206
09/09/2008,GPI,MT,ANM,WE,Federal Contract Tower,8,27,26,0,61,0,63,0,0,63,8,90,26,0,124,76,0,76,200
09/10/2008,GPI,MT,ANM,WE,Federal Contract Tower,7,24,16,0,47,0,0,35,8,43,7,24,51,8,90,24,4,28,118
09/11/2008,GPI,MT,ANM,WE,Federal Contract Tower,7,23,22,1,53,0,0,66,4,70,7,23,88,5,123,32,4,36,159
09/12/2008,GPI,MT,ANM,WE,Federal Contract Tower,7,20,26,2,55,0,0,41,1,42,7,20,67,3,97,10,2,12,109
09/13/2008,GPI,MT,ANM,WE,Federal Contract Tower,10,10,11,0,31,0,0,53,0,53,10,10,64,0,84,74,0,74,158
09/14/2008,GPI,MT,ANM,WE,Federal Contract Tower,6,27,16,0,49,0,0,34,0,34,6,27,50,0,83,24,0,24,107
09/15/2008,GPI,MT,ANM,WE,Federal Contract Tower,7,19,14,0,40,0,0,32,0,32,7,19,46,0,72,52,0,52,124
09/16/2008,GPI,MT,ANM,WE,Federal Contract Tower,7,21,11,1,40,0,0,44,0,44,7,21,55,1,84,48,0,48,132
09/17/2008,GPI,MT,ANM,WE,Federal Contract Tower,7,30,10,2,49,0,1,54,0,55,7,31,64,2,104,44,14,58,162
09/18/2008,GPI,MT,ANM,WE,Federal Contract Tower,6,21,13,0,40,0,1,45,0,46,6,22,58,0,86,72,0,72,158
09/19/2008,GPI,MT,ANM,WE,Federal Contract Tower,7,19,18,2,46,0,0,45,0,45,7,19,63,2,91,18,2,20,111
09/20/2008,GPI,MT,ANM,WE,Federal Contract Tower,10,13,11,0,34,0,1,37,2,40,10,14,48,2,74,18,0,18,92
09/21/2008,GPI,MT,ANM,WE,Federal Contract Tower,7,17,12,0,36,0,0,5,0,5,7,17,17,0,41,2,0,2,43
09/22/2008,GPI,MT,ANM,WE,Federal Contract Tower,7,16,8,0,31,0,0,5,0,5,7,16,13,0,36,14,0,14,50
09/23/2008,GPI,MT,ANM,WE,Federal Contract Tower,6,19,16,0,41,0,2,17,0,19,6,21,33,0,60,30,0,30,90
09/24/2008,GPI,MT,ANM,WE,Federal Contract Tower,7,24,12,0,43,0,0,34,2,36,7,24,46,2,79,80,0,80,159
09/25/2008,GPI,MT,ANM,WE,Federal Contract Tower,6,23,14,0,43,0,0,33,0,33,6,23,47,0,76,44,0,44,120
09/26/2008,GPI,MT,ANM,WE,Federal Contract Tower,7,21,23,0,51,0,0,45,4,49,7,21,68,4,100,20,0,20,120
09/27/2008,GPI,MT,ANM,WE,Federal Contract Tower,11,10,15,0,36,0,3,44,0,47,11,13,59,0,83,42,0,42,125
09/28/2008,GPI,MT,ANM,WE,Federal Contract Tower,5,17,19,0,41,0,0,27,0,27,5,17,46,0,68,36,0,36,104
09/29/2008,GPI,MT,ANM,WE,Federal Contract Tower,7,15,9,0,31,0,0,44,0,44,7,15,53,0,75,18,0,18,93
09/30/2008,GPI,MT,ANM,WE,Federal Contract Tower,7,18,15,0,40,0,0,53,0,53,7,18,68,0,93,100,0,100,193
10/01/2008,GPI,MT,ANM,WE,Federal Contract Tower,7,20,11,2,40,0,5,61,2,68,7,25,72,4,108,108,0,108,216
10/02/2008,GPI,MT,ANM,WE,Federal Contract Tower,5,18,22,1,46,0,0,59,0,59,5,18,81,1,105,58,0,58,163
10/03/2008,GPI,MT,ANM,WE,Federal Contract Tower,9,21,18,0,48,0,0,29,0,29,9,21,47,0,77,16,0,16,93
10/04/2008,GPI,MT,ANM,WE,Federal Contract Tower,7,12,14,0,33,0,0,6,0,6,7,12,20,0,39,8,0,8,47
10/05/2008,GPI,MT,ANM,WE,Federal Contract Tower,9,18,13,0,40,0,0,13,0,13,9,18,26,0,53,28,0,28,81
10/06/2008,GPI,MT,ANM,WE,Federal Contract Tower,8,17,14,0,39,0,0,27,0,27,8,17,41,0,66,20,0,20,86
10/07/2008,GPI,MT,ANM,WE,Federal Contract Tower,5,19,19,1,44,0,1,12,0,13,5,20,31,1,57,26,0,26,83
10/08/2008,GPI,MT,ANM,WE,Federal Contract Tower,6,18,17,0,41,0,0,16,0,16,6,18,33,0,57,10,0,10,67
10/09/2008,GPI,MT,ANM,WE,Federal Contract Tower,5,21,11,0,37,0,0,18,0,18,5,21,29,0,55,14,0,14,69
10/10/2008,GPI,MT,ANM,WE,Federal Contract Tower,8,23,7,0,38,0,4,15,0,19,8,27,22,0,57,12,0,12,69
10/11/2008,GPI,MT,ANM,WE,Federal Contract Tower,7,11,5,0,23,0,0,32,0,32,7,11,37,0,55,22,0,22,77
10/12/2008,GPI,MT,ANM,WE,Federal Contract Tower,6,17,8,0,31,0,0,11,0,11,6,17,19,0,42,6,0,6,48
10/13/2008,GPI,MT,ANM,WE,Federal Contract Tower,5,17,9,0,31,0,0,18,0,18,5,17,27,0,49,42,0,42,91
10/14/2008,GPI,MT,ANM,WE,Federal Contract Tower,6,19,12,0,37,0,3,18,0,21,6,22,30,0,58,54,0,54,112
10/15/2008,GPI,MT,ANM,WE,Federal Contract Tower,7,18,20,0,45,0,0,27,0,27,7,18,47,0,72,20,0,20,92
10/16/2008,GPI,MT,ANM,WE,Federal Contract Tower,6,19,13,0,38,0,0,18,0,18,6,19,31,0,56,16,0,16,72
10/17/2008,GPI,MT,ANM,WE,Federal Contract Tower,9,24,19,2,54,0,0,45,0,45,9,24,64,2,99,38,0,38,137
10/18/2008,GPI,MT,ANM,WE,Federal Contract Tower,6,9,4,0,19,0,0,8,0,8,6,9,12,0,27,0,0,0,27
10/19/2008,GPI,MT,ANM,WE,Federal Contract Tower,7,16,11,0,34,0,0,38,0,38,7,16,49,0,72,48,0,48,120
10/20/2008,GPI,MT,ANM,WE,Federal Contract Tower,6,14,9,2,31,0,4,0,0,4,6,18,9,2,35,0,0,0,35
10/21/2008,GPI,MT,ANM,WE,Federal Contract Tower,7,14,11,0,32,0,0,31,0,31,7,14,42,0,63,98,0,98,161
10/22/2008,GPI,MT,ANM,WE,Federal Contract Tower,6,16,11,0,33,0,0,39,0,39,6,16,50,0,72,40,0,40,112
10/23/2008,GPI,MT,ANM,WE,Federal Contract Tower,7,20,17,0,44,0,0,23,0,23,7,20,40,0,67,52,0,52,119
10/24/2008,GPI,MT,ANM,WE,Federal Contract Tower,8,19,17,0,44,0,1,24,0,25,8,20,41,0,69,12,0,12,81
10/25/2008,GPI,MT,ANM,WE,Federal Contract Tower,6,11,3,0,20,0,1,13,0,14,6,12,16,0,34,28,0,28,62
10/26/2008,GPI,MT,ANM,WE,Federal Contract Tower,6,10,7,0,23,0,0,19,0,19,6,10,26,0,42,10,0,10,52
10/27/2008,GPI,MT,ANM,WE,Federal Contract Tower,8,18,19,0,45,0,0,11,0,11,8,18,30,0,56,26,0,26,82
10/28/2008,GPI,MT,ANM,WE,Federal Contract Tower,6,16,6,0,28,0,0,27,0,27,6,16,33,0,55,20,0,20,75
10/29/2008,GPI,MT,ANM,WE,Federal Contract Tower,4,18,8,2,32,19,0,0,1,20,23,18,8,3,52,8,0,8,60
10/30/2008,GPI,MT,ANM,WE,Federal Contract Tower,6,17,21,0,44,0,1,44,0,45,6,18,65,0,89,36,0,36,125
10/31/2008,GPI,MT,ANM,WE,Federal Contract Tower,7,14,14,0,35,0,0,26,0,26,7,14,40,0,61,18,0,18,79
11/01/2008,GPI,MT,ANM,WE,Federal Contract Tower,6,5,13,0,24,0,0,24,0,24,6,5,37,0,48,76,0,76,124
11/02/2008,GPI,MT,ANM,WE,Federal Contract Tower,6,12,8,0,26,0,0,6,0,6,6,12,14,0,32,24,0,24,56
11/03/2008,GPI,MT,ANM,WE,Federal Contract Tower,8,17,5,0,30,0,0,16,0,16,8,17,21,0,46,14,0,14,60
11/04/2008,GPI,MT,ANM,WE,Federal Contract Tower,6,18,6,0,30,0,0,5,0,5,6,18,11,0,35,4,0,4,39
11/05/2008,GPI,MT,ANM,WE,Federal Contract Tower,6,21,6,0,33,0,0,12,0,12,6,21,18,0,45,25,0,25,70
11/06/2008,GPI,MT,ANM,WE,Federal Contract Tower,6,13,11,0,30,0,1,24,0,25,6,14,35,0,55,20,0,20,75
11/07/2008,GPI,MT,ANM,WE,Federal Contract Tower,7,21,9,0,37,0,0,0,0,0,7,21,9,0,37,0,0,0,37
11/08/2008,GPI,MT,ANM,WE,Federal Contract Tower,5,12,3,0,20,0,0,0,0,0,5,12,3,0,20,0,0,0,20
11/09/2008,GPI,MT,ANM,WE,Federal Contract Tower,6,11,2,0,19,0,0,0,0,0,6,11,2,0,19,0,0,0,19
11/10/2008,GPI,MT,ANM,WE,Federal Contract Tower,8,14,4,0,26,0,0,3,0,3,8,14,7,0,29,0,0,0,29
11/11/2008,GPI,MT,ANM,WE,Federal Contract Tower,70,23,4,0,97,0,0,2,0,2,70,23,6,0,99,6,0,6,105
11/12/2008,GPI,MT,ANM,WE,Federal Contract Tower,6,15,6,0,27,0,0,0,0,0,6,15,6,0,27,0,0,0,27
11/13/2008,GPI,MT,ANM,WE,Federal Contract Tower,5,19,12,0,36,0,4,3,0,7,5,23,15,0,43,18,0,18,61
11/14/2008,GPI,MT,ANM,WE,Federal Contract Tower,3,0,0,0,3,0,0,35,0,35,3,0,35,0,38,24,0,24,62
11/15/2008,GPI,MT,ANM,WE,Federal Contract Tower,6,10,3,0,19,0,1,32,0,33,6,11,35,0,52,54,14,68,120
11/16/2008,GPI,MT,ANM,WE,Federal Contract Tower,6,13,2,0,21,0,0,29,0,29,6,13,31,0,50,32,0,32,82
11/17/2008,GPI,MT,ANM,WE,Federal Contract Tower,9,16,4,0,29,0,0,21,0,21,9,16,25,0,50,4,0,4,54
11/18/2008,GPI,MT,ANM,WE,Federal Contract Tower,8,6,0,0,14,0,0,28,0,28,8,6,28,0,42,6,0,6,48
11/19/2008,GPI,MT,ANM,WE,Federal Contract Tower,6,16,9,0,31,0,0,13,0,13,6,16,22,0,44,36,0,36,80
11/20/2008,GPI,MT,ANM,WE,Federal Contract Tower,6,17,11,0,34,0,0,12,0,12,6,17,23,0,46,16,0,16,62
11/21/2008,GPI,MT,ANM,WE,Federal Contract Tower,5,14,3,0,22,0,0,0,0,0,5,14,3,0,22,0,0,0,22
11/22/2008,GPI,MT,ANM,WE,Federal Contract Tower,8,12,5,2,27,0,0,18,0,18,8,12,23,2,45,46,2,48,93
11/23/2008,GPI,MT,ANM,WE,Federal Contract Tower,6,14,8,0,28,0,0,21,0,21,6,14,29,0,49,12,0,12,61
11/24/2008,GPI,MT,ANM,WE,Federal Contract Tower,6,11,10,0,27,0,0,26,0,26,6,11,36,0,53,0,0,0,53
11/25/2008,GPI,MT,ANM,WE,Federal Contract Tower,8,19,7,0,34,0,0,36,0,36,8,19,43,0,70,30,10,40,110
11/26/2008,GPI,MT,ANM,WE,Federal Contract Tower,6,17,7,0,30,0,0,14,0,14,6,17,21,0,44,10,0,10,54
11/27/2008,GPI,MT,ANM,WE,Federal Contract Tower,6,6,2,0,14,0,0,22,0,22,6,6,24,0,36,30,0,30,66
11/28/2008,GPI,MT,ANM,WE,Federal Contract Tower,6,10,5,0,21,0,0,13,0,13,6,10,18,0,34,32,0,32,66
11/29/2008,GPI,MT,ANM,WE,Federal Contract Tower,7,11,10,0,28,0,0,4,0,4,7,11,14,0,32,8,0,8,40
11/30/2008,GPI,MT,ANM,WE,Federal Contract Tower,7,17,7,0,31,0,0,15,0,15,7,17,22,0,46,44,0,44,90
12/01/2008,GPI,MT,ANM,WE,Federal Contract Tower,8,17,8,0,33,0,0,11,0,11,8,17,19,0,44,8,0,8,52
12/02/2008,GPI,MT,ANM,WE,Federal Contract Tower,6,15,2,0,23,0,0,0,0,0,6,15,2,0,23,0,0,0,23
12/03/2008,GPI,MT,ANM,WE,Federal Contract Tower,5,15,13,0,33,0,0,22,0,22,5,15,35,0,55,34,0,34,89
12/04/2008,GPI,MT,ANM,WE,Federal Contract Tower,6,16,5,2,29,0,0,27,0,27,6,16,32,2,56,18,2,20,76
12/05/2008,GPI,MT,ANM,WE,Federal Contract Tower,10,15,12,0,37,0,0,26,0,26,10,15,38,0,63,106,0,106,169
12/06/2008,GPI,MT,ANM,WE,Federal Contract Tower,10,11,5,0,26,0,0,2,0,2,10,11,7,0,28,0,0,0,28
12/07/2008,GPI,MT,ANM,WE,Federal Contract Tower,5,10,2,0,17,0,0,2,0,2,5,10,4,0,19,0,0,0,19
12/08/2008,GPI,MT,ANM,WE,Federal Contract Tower,8,17,3,0,28,0,0,2,0,2,8,17,5,0,30,0,0,0,30
12/09/2008,GPI,MT,ANM,WE,Federal Contract Tower,4,20,12,0,36,0,0,12,0,12,4,20,24,0,48,18,0,18,66
12/10/2008,GPI,MT,ANM,WE,Federal Contract Tower,6,19,15,0,40,0,0,19,0,19,6,19,34,0,59,74,0,74,133
12/11/2008,GPI,MT,ANM,WE,Federal Contract Tower,4,23,6,0,33,0,2,44,0,46,4,25,50,0,79,58,0,58,137
12/12/2008,GPI,MT,ANM,WE,Federal Contract Tower,9,15,10,0,34,0,1,9,0,10,9,16,19,0,44,10,0,10,54
12/13/2008,GPI,MT,ANM,WE,Federal Contract Tower,6,6,2,0,14,0,0,0,0,0,6,6,2,0,14,0,0,0,14
12/14/2008,GPI,MT,ANM,WE,Federal Contract Tower,5,10,2,0,17,0,0,0,0,0,5,10,2,0,17,0,0,0,17
12/15/2008,GPI,MT,ANM,WE,Federal Contract Tower,60,13,9,0,82,0,0,7,0,7,60,13,16,0,89,10,0,10,99
12/16/2008,GPI,MT,ANM,WE,Federal Contract Tower,6,17,7,0,30,0,0,12,2,14,6,17,19,2,44,6,8,14,58
12/17/2008,GPI,MT,ANM,WE,Federal Contract Tower,4,17,6,0,27,0,0,0,0,0,4,17,6,0,27,0,0,0,27
12/18/2008,GPI,MT,ANM,WE,Federal Contract Tower,4,16,8,0,28,0,0,0,0,0,4,16,8,0,28,0,0,0,28
12/19/2008,GPI,MT,ANM,WE,Federal Contract Tower,9,25,13,0,47,0,0,0,0,0,9,25,13,0,47,0,0,0,47
12/20/2008,GPI,MT,ANM,WE,Federal Contract Tower,6,26,9,0,41,0,0,7,0,7,6,26,16,0,48,20,0,20,68
12/21/2008,GPI,MT,ANM,WE,Federal Contract Tower,7,14,5,0,26,0,0,0,0,0,7,14,5,0,26,0,0,0,26
12/22/2008,GPI,MT,ANM,WE,Federal Contract Tower,7,19,5,0,31,0,0,1,0,1,7,19,6,0,32,6,0,6,38
12/23/2008,GPI,MT,ANM,WE,Federal Contract Tower,7,27,7,0,41,0,0,0,0,0,7,27,7,0,41,0,0,0,41
12/24/2008,GPI,MT,ANM,WE,Federal Contract Tower,7,20,9,0,36,0,0,11,0,11,7,20,20,0,47,0,0,0,47
12/25/2008,GPI,MT,ANM,WE,Federal Contract Tower,6,6,3,0,15,0,0,0,0,0,6,6,3,0,15,0,0,0,15
12/26/2008,GPI,MT,ANM,WE,Federal Contract Tower,9,21,18,0,48,0,0,4,0,4,9,21,22,0,52,0,0,0,52
12/27/2008,GPI,MT,ANM,WE,Federal Contract Tower,6,15,12,0,33,0,0,0,0,0,6,15,12,0,33,0,0,0,33
12/28/2008,GPI,MT,ANM,WE,Federal Contract Tower,7,13,8,0,28,0,0,2,0,2,7,13,10,0,30,0,0,0,30
12/29/2008,GPI,MT,ANM,WE,Federal Contract Tower,10,22,8,0,40,0,0,0,0,0,10,22,8,0,40,0,0,0,40
12/30/2008,GPI,MT,ANM,WE,Federal Contract Tower,8,25,15,0,48,0,0,11,1,12,8,25,26,1,60,0,0,0,60
12/31/2008,GPI,MT,ANM,WE,Federal Contract Tower,9,16,10,0,35,0,0,0,0,0,9,16,10,0,35,0,0,0,35
01/01/2009,GPI,MT,ANM,WE,Federal Contract Tower,8,19,7,0,34,0,0,0,0,0,8,19,7,0,34,0,0,0,34
01/02/2009,GPI,MT,ANM,WE,Federal Contract Tower,7,17,8,0,32,0,0,0,0,0,7,17,8,0,32,0,0,0,32
01/03/2009,GPI,MT,ANM,WE,Federal Contract Tower,9,24,23,0,56,0,0,8,0,8,9,24,31,0,64,0,0,0,64
01/04/2009,GPI,MT,ANM,WE,Federal Contract Tower,6,19,10,0,35,0,0,5,0,5,6,19,15,0,40,10,0,10,50
01/05/2009,GPI,MT,ANM,WE,Federal Contract Tower,8,13,8,0,29,0,4,0,0,4,8,17,8,0,33,0,0,0,33
01/06/2009,GPI,MT,ANM,WE,Federal Contract Tower,6,19,8,0,33,0,0,2,0,2,6,19,10,0,35,8,0,8,43
01/07/2009,GPI,MT,ANM,WE,Federal Contract Tower,6,13,6,0,25,0,0,1,0,1,6,13,7,0,26,22,0,22,48
01/08/2009,GPI,MT,ANM,WE,Federal Contract Tower,5,16,4,0,25,0,0,3,0,3,5,16,7,0,28,0,0,0,28
01/09/2009,GPI,MT,ANM,WE,Federal Contract Tower,8,18,10,1,37,0,0,15,2,17,8,18,25,3,54,64,8,72,126
01/10/2009,GPI,MT,ANM,WE,Federal Contract Tower,7,11,5,0,23,0,0,16,0,16,7,11,21,0,39,38,0,38,77
01/11/2009,GPI,MT,ANM,WE,Federal Contract Tower,6,8,6,0,20,0,0,1,0,1,6,8,7,0,21,0,0,0,21
01/12/2009,GPI,MT,ANM,WE,Federal Contract Tower,9,11,4,0,24,0,0,5,0,5,9,11,9,0,29,18,0,18,47
01/13/2009,GPI,MT,ANM,WE,Federal Contract Tower,6,12,4,0,22,0,0,15,0,15,6,12,19,0,37,34,0,34,71
01/14/2009,GPI,MT,ANM,WE,Federal Contract Tower,6,11,5,0,22,0,0,6,0,6,6,11,11,0,28,6,0,6,34
01/15/2009,GPI,MT,ANM,WE,Federal Contract Tower,6,13,6,3,28,0,0,15,1,16,6,13,21,4,44,38,8,46,90
01/16/2009,GPI,MT,ANM,WE,Federal Contract Tower,4,20,9,0,33,0,0,3,0,3,4,20,12,0,36,6,0,6,42
01/17/2009,GPI,MT,ANM,WE,Federal Contract Tower,7,6,11,0,24,0,0,0,0,0,7,6,11,0,24,0,0,0,24
01/18/2009,GPI,MT,ANM,WE,Federal Contract Tower,6,14,10,0,30,0,0,7,0,7,6,14,17,0,37,0,0,0,37
01/19/2009,GPI,MT,ANM,WE,Federal Contract Tower,7,18,11,0,36,0,0,0,0,0,7,18,11,0,36,0,0,0,36
01/20/2009,GPI,MT,ANM,WE,Federal Contract Tower,4,14,4,0,22,0,0,0,0,0,4,14,4,0,22,0,0,0,22
01/21/2009,GPI,MT,ANM,WE,Federal Contract Tower,6,16,12,0,34,0,0,0,0,0,6,16,12,0,34,0,0,0,34
01/22/2009,GPI,MT,ANM,WE,Federal Contract Tower,7,13,9,0,29,0,0,3,0,3,7,13,12,0,32,10,0,10,42
01/23/2009,GPI,MT,ANM,WE,Federal Contract Tower,7,16,4,0,27,0,0,3,0,3,7,16,7,0,30,2,0,2,32
01/24/2009,GPI,MT,ANM,WE,Federal Contract Tower,6,12,2,0,20,0,0,2,1,3,6,12,4,1,23,6,0,6,29
01/25/2009,GPI,MT,ANM,WE,Federal Contract Tower,5,15,4,0,24,0,0,17,0,17,5,15,21,0,41,4,0,4,45
01/26/2009,GPI,MT,ANM,WE,Federal Contract Tower,7,15,7,0,29,0,0,17,0,17,7,15,24,0,46,6,0,6,52
01/27/2009,GPI,MT,ANM,WE,Federal Contract Tower,6,15,3,0,24,0,0,0,0,0,6,15,3,0,24,0,0,0,24
01/28/2009,GPI,MT,ANM,WE,Federal Contract Tower,7,14,15,0,36,0,0,11,0,11,7,14,26,0,47,22,0,22,69
01/29/2009,GPI,MT,ANM,WE,Federal Contract Tower,4,15,9,0,28,0,0,2,0,2,4,15,11,0,30,2,0,2,32
01/30/2009,GPI,MT,ANM,WE,Federal Contract Tower,7,17,8,0,32,0,0,21,3,24,7,17,29,3,56,0,2,2,58
01/31/2009,GPI,MT,ANM,WE,Federal Contract Tower,6,16,8,0,30,0,0,1,0,1,6,16,9,0,31,0,0,0,31
02/01/2009,GPI,MT,ANM,WE,Federal Contract Tower,4,22,3,0,29,0,0,13,0,13,4,22,16,0,42,10,0,10,52
02/02/2009,GPI,MT,ANM,WE,Federal Contract Tower,6,15,7,3,31,0,0,0,0,0,6,15,7,3,31,0,4,4,35
02/03/2009,GPI,MT,ANM,WE,Federal Contract Tower,4,13,6,0,23,0,0,18,0,18,4,13,24,0,41,20,0,20,61
02/04/2009,GPI,MT,ANM,WE,Federal Contract Tower,6,16,5,0,27,0,0,0,0,0,6,16,5,0,27,0,0,0,27
02/05/2009,GPI,MT,ANM,WE,Federal Contract Tower,6,12,3,0,21,0,0,11,0,11,6,12,14,0,32,0,20,20,52
02/06/2009,GPI,MT,ANM,WE,Federal Contract Tower,7,16,13,0,36,0,0,0,0,0,7,16,13,0,36,0,0,0,36
02/07/2009,GPI,MT,ANM,WE,Federal Contract Tower,8,7,9,0,24,0,0,17,0,17,8,7,26,0,41,6,0,6,47
02/08/2009,GPI,MT,ANM,WE,Federal Contract Tower,3,5,12,0,20,0,0,13,0,13,3,5,25,0,33,4,0,4,37
02/09/2009,GPI,MT,ANM,WE,Federal Contract Tower,6,14,5,0,25,0,0,0,0,0,6,14,5,0,25,0,0,0,25
02/10/2009,GPI,MT,ANM,WE,Federal Contract Tower,8,12,14,0,34,0,0,15,0,15,8,12,29,0,49,38,0,38,87
02/11/2009,GPI,MT,ANM,WE,Federal Contract Tower,8,17,9,0,34,0,0,0,0,0,8,17,9,0,34,0,0,0,34
02/12/2009,GPI,MT,ANM,WE,Federal Contract Tower,5,18,10,0,33,0,0,2,0,2,5,18,12,0,35,0,0,0,35
02/13/2009,GPI,MT,ANM,WE,Federal Contract Tower,7,22,16,0,45,0,0,9,0,9,7,22,25,0,54,0,0,0,54
02/14/2009,GPI,MT,ANM,WE,Federal Contract Tower,6,18,10,0,34,0,0,6,0,6,6,18,16,0,40,28,0,28,68
02/15/2009,GPI,MT,ANM,WE,Federal Contract Tower,7,10,3,0,20,0,0,16,0,16,7,10,19,0,36,8,0,8,44
02/16/2009,GPI,MT,ANM,WE,Federal Contract Tower,7,13,15,0,35,0,0,6,0,6,7,13,21,0,41,4,0,4,45
02/17/2009,GPI,MT,ANM,WE,Federal Contract Tower,6,17,10,0,33,0,0,10,4,14,6,17,20,4,47,32,0,32,79
02/18/2009,GPI,MT,ANM,WE,Federal Contract Tower,7,15,6,0,28,0,2,12,0,14,7,17,18,0,42,10,0,10,52
02/19/2009,GPI,MT,ANM,WE,Federal Contract Tower,6,22,13,0,41,0,4,48,2,54,6,26,61,2,95,32,0,32,127
02/20/2009,GPI,MT,ANM,WE,Federal Contract Tower,6,22,13,0,41,0,4,48,2,54,6,26,61,2,95,32,0,32,127
02/21/2009,GPI,MT,ANM,WE,Federal Contract Tower,6,19,15,0,40,0,0,48,0,48,6,19,63,0,88,32,0,32,120
02/22/2009,GPI,MT,ANM,WE,Federal Contract Tower,5,15,15,3,38,0,2,32,4,38,5,17,47,7,76,36,0,36,112
02/23/2009,GPI,MT,ANM,WE,Federal Contract Tower,8,10,7,0,25,0,0,6,0,6,8,10,13,0,31,0,0,0,31
02/24/2009,GPI,MT,ANM,WE,Federal Contract Tower,6,18,8,0,32,0,0,10,0,10,6,18,18,0,42,26,0,26,68
02/25/2009,GPI,MT,ANM,WE,Federal Contract Tower,7,13,11,0,31,0,0,1,0,1,7,13,12,0,32,0,0,0,32
02/26/2009,GPI,MT,ANM,WE,Federal Contract Tower,6,17,5,0,28,0,0,0,0,0,6,17,5,0,28,0,0,0,28
02/27/2009,GPI,MT,ANM,WE,Federal Contract Tower,8,18,9,2,37,0,6,0,0,6,8,24,9,2,43,2,26,28,71
02/28/2009,GPI,MT,ANM,WE,Federal Contract Tower,6,15,2,3,26,0,0,28,0,28,6,15,30,3,54,20,24,44,98
03/01/2009,GPI,MT,ANM,WE,Federal Contract Tower,6,10,4,0,20,0,0,10,0,10,6,10,14,0,30,0,10,10,40
03/02/2009,GPI,MT,ANM,WE,Federal Contract Tower,9,14,6,0,29,0,1,15,0,16,9,15,21,0,45,22,0,22,67
03/03/2009,GPI,MT,ANM,WE,Federal Contract Tower,5,16,8,0,29,0,6,12,0,18,5,22,20,0,47,42,0,42,89
03/04/2009,GPI,MT,ANM,WE,Federal Contract Tower,6,16,10,0,32,0,4,29,0,33,6,20,39,0,65,68,0,68,133
03/05/2009,GPI,MT,ANM,WE,Federal Contract Tower,5,21,2,0,28,0,0,0,0,0,5,21,2,0,28,2,0,2,30
03/06/2009,GPI,MT,ANM,WE,Federal Contract Tower,7,23,14,0,44,0,14,14,0,28,7,37,28,0,72,16,0,16,88
03/07/2009,GPI,MT,ANM,WE,Federal Contract Tower,6,13,3,0,22,0,0,2,0,2,6,13,5,0,24,0,0,0,24
03/08/2009,GPI,MT,ANM,WE,Federal Contract Tower,5,8,8,0,21,0,0,0,0,0,5,8,8,0,21,0,0,0,21
03/09/2009,GPI,MT,ANM,WE,Federal Contract Tower,9,16,10,0,35,0,0,5,0,5,9,16,15,0,40,0,0,0,40
03/10/2009,GPI,MT,ANM,WE,Federal Contract Tower,7,14,13,0,34,0,0,0,0,0,7,14,13,0,34,0,0,0,34
03/11/2009,GPI,MT,ANM,WE,Federal Contract Tower,6,21,18,0,45,0,2,25,0,27,6,23,43,0,72,38,0,38,110
03/12/2009,GPI,MT,ANM,WE,Federal Contract Tower,6,16,3,0,25,0,2,17,0,19,6,18,20,0,44,10,0,10,54
03/13/2009,GPI,MT,ANM,WE,Federal Contract Tower,5,15,10,0,30,0,0,13,0,13,5,15,23,0,43,6,0,6,49
03/14/2009,GPI,MT,ANM,WE,Federal Contract Tower,8,12,2,0,22,0,0,9,0,9,8,12,11,0,31,26,0,26,57
03/15/2009,GPI,MT,ANM,WE,Federal Contract Tower,6,11,6,0,23,0,0,2,0,2,6,11,8,0,25,0,0,0,25
03/16/2009,GPI,MT,ANM,WE,Federal Contract Tower,7,21,11,0,39,0,6,16,0,22,7,27,27,0,61,34,0,34,95
03/17/2009,GPI,MT,ANM,WE,Federal Contract Tower,6,17,6,0,29,0,0,19,0,19,6,17,25,0,48,18,0,18,66
03/18/2009,GPI,MT,ANM,WE,Federal Contract Tower,5,13,9,0,27,0,2,14,0,16,5,15,23,0,43,14,0,14,57
03/19/2009,GPI,MT,ANM,WE,Federal Contract Tower,6,13,6,1,26,0,0,18,2,20,6,13,24,3,46,4,0,4,50
03/20/2009,GPI,MT,ANM,WE,Federal Contract Tower,8,16,11,0,35,0,0,8,0,8,8,16,19,0,43,6,0,6,49
03/21/2009,GPI,MT,ANM,WE,Federal Contract Tower,8,14,4,0,26,0,0,28,0,28,8,14,32,0,54,40,0,40,94
03/22/2009,GPI,MT,ANM,WE,Federal Contract Tower,7,11,6,0,24,0,0,3,0,3,7,11,9,0,27,2,0,2,29
03/23/2009,GPI,MT,ANM,WE,Federal Contract Tower,5,18,2,0,25,0,0,6,0,6,5,18,8,0,31,12,0,12,43
03/24/2009,GPI,MT,ANM,WE,Federal Contract Tower,5,14,13,0,32,0,0,10,0,10,5,14,23,0,42,6,0,6,48
03/25/2009,GPI,MT,ANM,WE,Federal Contract Tower,8,17,4,0,29,0,0,0,0,0,8,17,4,0,29,0,0,0,29
03/26/2009,GPI,MT,ANM,WE,Federal Contract Tower,5,15,6,0,26,0,0,16,0,16,5,15,22,0,42,24,0,24,66
03/27/2009,GPI,MT,ANM,WE,Federal Contract Tower,7,25,12,1,45,0,0,25,0,25,7,25,37,1,70,48,0,48,118
03/28/2009,GPI,MT,ANM,WE,Federal Contract Tower,5,13,6,0,24,0,0,9,0,9,5,13,15,0,33,16,0,16,49
03/29/2009,GPI,MT,ANM,WE,Federal Contract Tower,6,13,5,0,24,0,0,0,0,0,6,13,5,0,24,0,0,0,24
03/30/2009,GPI,MT,ANM,WE,Federal Contract Tower,10,15,4,0,29,0,0,0,0,0,10,15,4,0,29,2,0,2,31
03/31/2009,GPI,MT,ANM,WE,Federal Contract Tower,4,13,12,0,29,0,0,0,0,0,4,13,12,0,29,0,0,0,29
04/01/2009,GPI,MT,ANM,WE,Federal Contract Tower,6,13,6,0,25,0,0,7,0,7,6,13,13,0,32,26,0,26,58
04/02/2009,GPI,MT,ANM,WE,Federal Contract Tower,4,14,11,0,29,0,0,2,0,2,4,14,13,0,31,0,0,0,31
04/03/2009,GPI,MT,ANM,WE,Federal Contract Tower,7,16,12,0,35,0,0,5,0,5,7,16,17,0,40,0,0,0,40
04/04/2009,GPI,MT,ANM,WE,Federal Contract Tower,7,15,15,9,46,0,0,17,4,21,7,15,32,13,67,6,52,58,125
04/05/2009,GPI,MT,ANM,WE,Federal Contract Tower,7,9,4,0,20,0,0,14,0,14,7,9,18,0,34,6,0,6,40
04/06/2009,GPI,MT,ANM,WE,Federal Contract Tower,7,9,4,2,22,0,0,10,9,19,7,9,14,11,41,12,32,44,85
04/07/2009,GPI,MT,ANM,WE,Federal Contract Tower,11,9,12,0,32,0,0,26,0,26,11,9,38,0,58,4,0,4,62
04/08/2009,GPI,MT,ANM,WE,Federal Contract Tower,7,13,14,0,34,0,1,22,0,23,7,14,36,0,57,42,0,42,99
04/09/2009,GPI,MT,ANM,WE,Federal Contract Tower,6,14,4,0,24,0,0,21,0,21,6,14,25,0,45,14,0,14,59
04/10/2009,GPI,MT,ANM,WE,Federal Contract Tower,12,16,12,3,43,0,0,25,1,26,12,16,37,4,69,58,0,58,127
04/11/2009,GPI,MT,ANM,WE,Federal Contract Tower,4,10,1,0,15,0,0,8,0,8,4,10,9,0,23,8,0,8,31
04/12/2009,GPI,MT,ANM,WE,Federal Contract Tower,5,10,2,0,17,0,0,7,0,7,5,10,9,0,24,0,0,0,24
04/13/2009,GPI,MT,ANM,WE,Federal Contract Tower,5,10,10,0,25,0,0,7,0,7,5,10,17,0,32,0,0,0,32
04/14/2009,GPI,MT,ANM,WE,Federal Contract Tower,4,13,11,0,28,0,0,15,2,17,4,13,26,2,45,18,0,18,63
04/15/2009,GPI,MT,ANM,WE,Federal Contract Tower,4,9,6,0,19,0,0,9,0,9,4,9,15,0,28,62,0,62,90
04/16/2009,GPI,MT,ANM,WE,Federal Contract Tower,5,13,7,2,27,0,0,30,2,32,5,13,37,4,59,14,12,26,85
04/17/2009,GPI,MT,ANM,WE,Federal Contract Tower,4,16,5,0,25,0,0,38,0,38,4,16,43,0,63,8,0,8,71
04/18/2009,GPI,MT,ANM,WE,Federal Contract Tower,5,6,6,0,17,0,3,29,2,34,5,9,35,2,51,20,0,20,71
04/19/2009,GPI,MT,ANM,WE,Federal Contract Tower,5,5,5,1,16,0,0,18,1,19,5,5,23,2,35,28,2,30,65
04/20/2009,GPI,MT,ANM,WE,Federal Contract Tower,8,11,11,2,32,0,0,32,0,32,8,11,43,2,64,68,12,80,144
04/21/2009,GPI,MT,ANM,WE,Federal Contract Tower,6,17,14,0,37,0,2,37,0,39,6,19,51,0,76,54,0,54,130
04/22/2009,GPI,MT,ANM,WE,Federal Contract Tower,6,17,16,0,39,0,5,14,0,19,6,22,30,0,58,12,0,12,70
04/23/2009,GPI,MT,ANM,WE,Federal Contract Tower,5,19,9,0,33,0,1,3,0,4,5,20,12,0,37,0,0,0,37
04/24/2009,GPI,MT,ANM,WE,Federal Contract Tower,7,20,11,2,40,0,5,11,0,16,7,25,22,2,56,18,0,18,74
04/25/2009,GPI,MT,ANM,WE,Federal Contract Tower,6,11,5,0,22,0,4,9,0,13,6,15,14,0,35,22,0,22,57
04/26/2009,GPI,MT,ANM,WE,Federal Contract Tower,5,10,6,0,21,0,0,9,0,9,5,10,15,0,30,4,0,4,34
04/27/2009,GPI,MT,ANM,WE,Federal Contract Tower,5,13,3,0,21,0,0,0,0,0,5,13,3,0,21,0,0,0,21
04/28/2009,GPI,MT,ANM,WE,Federal Contract Tower,5,13,6,0,24,0,0,4,0,4,5,13,10,0,28,2,0,2,30
04/29/2009,GPI,MT,ANM,WE,Federal Contract Tower,5,15,6,0,26,0,0,1,0,1,5,15,7,0,27,4,0,4,31
04/30/2009,GPI,MT,ANM,WE,Federal Contract Tower,6,17,10,0,33,0,0,10,0,10,6,17,20,0,43,32,0,32,75
05/01/2009,GPI,MT,ANM,WE,Federal Contract Tower,5,16,20,0,41,0,0,38,4,42,5,16,58,4,83,56,0,56,139
05/02/2009,GPI,MT,ANM,WE,Federal Contract Tower,6,8,6,0,20,0,2,42,6,50,6,10,48,6,70,68,0,68,138
05/03/2009,GPI,MT,ANM,WE,Federal Contract Tower,5,12,11,0,28,0,0,3,10,13,5,12,14,10,41,0,8,8,49
05/04/2009,GPI,MT,ANM,WE,Federal Contract Tower,8,14,11,1,34,0,0,29,0,29,8,14,40,1,63,18,24,42,105
05/05/2009,GPI,MT,ANM,WE,Federal Contract Tower,5,15,10,0,30,0,0,9,0,9,5,15,19,0,39,14,0,14,53
05/06/2009,GPI,MT,ANM,WE,Federal Contract Tower,5,15,20,0,40,0,1,16,0,17,5,16,36,0,57,32,0,32,89
05/07/2009,GPI,MT,ANM,WE,Federal Contract Tower,5,23,14,0,42,0,0,1,0,1,5,23,15,0,43,12,0,12,55
05/08/2009,GPI,MT,ANM,WE,Federal Contract Tower,8,18,16,0,42,0,4,9,0,13,8,22,25,0,55,10,0,10,65
05/09/2009,GPI,MT,ANM,WE,Federal Contract Tower,8,8,5,0,21,0,1,28,0,29,8,9,33,0,50,22,0,22,72
05/10/2009,GPI,MT,ANM,WE,Federal Contract Tower,5,8,12,0,25,0,0,17,0,17,5,8,29,0,42,30,0,30,72
05/11/2009,GPI,MT,ANM,WE,Federal Contract Tower,7,16,12,0,35,0,0,14,0,14,7,16,26,0,49,0,0,0,49
05/12/2009,GPI,MT,ANM,WE,Federal Contract Tower,5,15,10,0,30,0,0,9,0,9,5,15,19,0,39,16,0,16,55
05/13/2009,GPI,MT,ANM,WE,Federal Contract Tower,5,12,14,0,31,0,0,20,0,20,5,12,34,0,51,36,0,36,87
05/14/2009,GPI,MT,ANM,WE,Federal Contract Tower,6,18,12,0,36,0,0,12,0,12,6,18,24,0,48,18,0,18,66
05/15/2009,GPI,MT,ANM,WE,Federal Contract Tower,8,14,17,0,39,0,0,33,2,35,8,14,50,2,74,33,2,35,109
05/16/2009,GPI,MT,ANM,WE,Federal Contract Tower,4,6,6,0,16,0,5,39,0,44,4,11,45,0,60,32,0,32,92
05/17/2009,GPI,MT,ANM,WE,Federal Contract Tower,5,11,7,0,23,0,0,26,0,26,5,11,33,0,49,6,0,6,55
05/18/2009,GPI,MT,ANM,WE,Federal Contract Tower,4,17,14,2,37,0,0,27,0,27,4,17,41,2,64,50,0,50,114
05/19/2009,GPI,MT,ANM,WE,Federal Contract Tower,5,12,6,0,23,0,0,6,0,6,5,12,12,0,29,18,0,18,47
05/20/2009,GPI,MT,ANM,WE,Federal Contract Tower,5,11,11,0,27,0,0,10,0,10,5,11,21,0,37,51,8,59,96
05/21/2009,GPI,MT,ANM,WE,Federal Contract Tower,4,19,17,0,40,0,0,25,0,25,4,19,42,0,65,6,0,6,71
05/22/2009,GPI,MT,ANM,WE,Federal Contract Tower,7,16,16,0,39,0,2,44,0,46,7,18,60,0,85,34,0,34,119
05/23/2009,GPI,MT,ANM,WE,Federal Contract Tower,6,9,2,0,17,0,1,28,0,29,6,10,30,0,46,38,0,38,84
05/24/2009,GPI,MT,ANM,WE,Federal Contract Tower,5,11,15,0,31,0,0,22,0,22,5,11,37,0,53,12,0,12,65
05/25/2009,GPI,MT,ANM,WE,Federal Contract Tower,5,11,8,0,24,0,0,27,0,27,5,11,35,0,51,32,0,32,83
05/26/2009,GPI,MT,ANM,WE,Federal Contract Tower,5,8,16,0,29,0,1,30,4,35,5,9,46,4,64,8,0,8,72
05/27/2009,GPI,MT,ANM,WE,Federal Contract Tower,5,15,12,2,34,0,2,23,4,29,5,17,35,6,63,32,16,48,111
05/28/2009,GPI,MT,ANM,WE,Federal Contract Tower,5,14,15,0,34,0,0,32,0,32,5,14,47,0,66,32,0,32,98
05/29/2009,GPI,MT,ANM,WE,Federal Contract Tower,7,15,15,3,40,0,0,31,1,32,7,15,46,4,72,12,12,24,96
05/30/2009,GPI,MT,ANM,WE,Federal Contract Tower,4,9,12,0,25,0,1,29,4,34,4,10,41,4,59,0,8,8,67
05/31/2009,GPI,MT,ANM,WE,Federal Contract Tower,4,18,16,0,38,0,0,41,0,41,4,18,57,0,79,34,0,34,113
06/01/2009,GPI,MT,ANM,WE,Federal Contract Tower,7,12,10,3,32,0,0,16,4,20,7,12,26,7,52,20,0,20,72
06/02/2009,GPI,MT,ANM,WE,Federal Contract Tower,5,18,9,0,32,0,1,21,0,22,5,19,30,0,54,16,0,16,70
06/03/2009,GPI,MT,ANM,WE,Federal Contract Tower,3,15,9,0,27,0,0,30,0,30,3,15,39,0,57,8,0,8,65
06/04/2009,GPI,MT,ANM,WE,Federal Contract Tower,9,21,16,0,46,0,0,36,0,36,9,21,52,0,82,8,0,8,90
06/05/2009,GPI,MT,ANM,WE,Federal Contract Tower,7,15,21,4,47,0,0,0,0,0,7,15,21,4,47,28,14,42,89
06/06/2009,GPI,MT,ANM,WE,Federal Contract Tower,10,20,4,0,34,0,0,10,0,10,10,20,14,0,44,2,0,2,46
06/07/2009,GPI,MT,ANM,WE,Federal Contract Tower,9,25,15,0,49,0,0,26,10,36,9,25,41,10,85,40,0,40,125
06/08/2009,GPI,MT,ANM,WE,Federal Contract Tower,9,17,10,2,38,0,0,12,0,12,9,17,22,2,50,0,0,0,50
06/09/2009,GPI,MT,ANM,WE,Federal Contract Tower,5,19,12,0,36,0,0,10,2,12,5,19,22,2,48,0,0,0,48
06/10/2009,GPI,MT,ANM,WE,Federal Contract Tower,8,20,16,0,44,0,2,49,0,51,8,22,65,0,95,58,0,58,153
06/11/2009,GPI,MT,ANM,WE,Federal Contract Tower,3,24,23,0,50,0,6,44,0,50,3,30,67,0,100,22,0,22,122
06/12/2009,GPI,MT,ANM,WE,Federal Contract Tower,10,18,6,0,34,0,1,36,0,37,10,19,42,0,71,20,0,20,91
06/13/2009,GPI,MT,ANM,WE,Federal Contract Tower,11,17,6,2,36,0,0,27,0,27,11,17,33,2,63,44,4,48,111
06/14/2009,GPI,MT,ANM,WE,Federal Contract Tower,10,24,21,0,55,0,0,34,8,42,10,24,55,8,97,24,0,24,121
06/15/2009,GPI,MT,ANM,WE,Federal Contract Tower,10,17,20,0,47,0,0,16,0,16,10,17,36,0,63,14,0,14,77
06/16/2009,GPI,MT,ANM,WE,Federal Contract Tower,8,25,15,0,48,0,0,19,1,20,8,25,34,1,68,16,2,18,86
06/17/2009,GPI,MT,ANM,WE,Federal Contract Tower,8,21,5,0,34,1,0,19,0,20,9,21,24,0,54,16,0,16,70
06/18/2009,GPI,MT,ANM,WE,Federal Contract Tower,6,25,12,1,44,0,0,21,0,21,6,25,33,1,65,24,2,26,91
06/19/2009,GPI,MT,ANM,WE,Federal Contract Tower,8,26,10,2,46,0,0,14,0,14,8,26,24,2,60,0,24,24,84
06/20/2009,GPI,MT,ANM,WE,Federal Contract Tower,9,20,11,0,40,0,3,18,0,21,9,23,29,0,61,30,0,30,91
06/21/2009,GPI,MT,ANM,WE,Federal Contract Tower,10,21,13,0,44,0,0,19,0,19,10,21,32,0,63,30,0,30,93
06/22/2009,GPI,MT,ANM,WE,Federal Contract Tower,12,17,12,0,41,0,0,2,0,2,12,17,14,0,43,6,0,6,49
06/23/2009,GPI,MT,ANM,WE,Federal Contract Tower,10,20,29,2,61,0,0,62,2,64,10,20,91,4,125,58,12,70,195
06/24/2009,GPI,MT,ANM,WE,Federal Contract Tower,12,20,23,0,55,0,2,30,0,32,12,22,53,0,87,44,0,44,131
06/25/2009,GPI,MT,ANM,WE,Federal Contract Tower,9,18,15,2,44,0,0,23,0,23,9,18,38,2,67,22,4,26,93
06/26/2009,GPI,MT,ANM,WE,Federal Contract Tower,7,22,21,0,50,0,2,43,3,48,7,24,64,3,98,18,2,20,118
06/27/2009,GPI,MT,ANM,WE,Federal Contract Tower,14,17,21,0,52,0,1,92,0,93,14,18,113,0,145,48,48,96,241
06/28/2009,GPI,MT,ANM,WE,Federal Contract Tower,12,18,21,2,53,0,0,20,0,20,12,18,41,2,73,0,0,0,73
06/29/2009,GPI,MT,ANM,WE,Federal Contract Tower,10,21,16,0,47,0,0,29,0,29,10,21,45,0,76,12,0,12,88
06/30/2009,GPI,MT,ANM,WE,Federal Contract Tower,9,22,16,0,47,0,0,42,0,42,9,22,58,0,89,60,0,60,149
07/01/2009,GPI,MT,ANM,WE,Federal Contract Tower,11,30,16,0,57,0,0,56,0,56,11,30,72,0,113,28,0,28,141
07/02/2009,GPI,MT,ANM,WE,Federal Contract Tower,14,24,31,0,69,0,0,48,0,48,14,24,79,0,117,34,0,34,151
07/03/2009,GPI,MT,ANM,WE,Federal Contract Tower,12,25,24,0,61,0,1,81,0,82,12,26,105,0,143,22,0,22,165
07/04/2009,GPI,MT,ANM,WE,Federal Contract Tower,11,13,8,0,32,0,0,18,0,18,11,13,26,0,50,2,0,2,52
07/05/2009,GPI,MT,ANM,WE,Federal Contract Tower,15,27,28,0,70,0,0,27,0,27,15,27,55,0,97,0,0,0,97
07/06/2009,GPI,MT,ANM,WE,Federal Contract Tower,13,24,29,0,66,0,0,21,0,21,13,24,50,0,87,14,0,14,101
07/07/2009,GPI,MT,ANM,WE,Federal Contract Tower,15,24,23,0,62,0,2,49,0,51,15,26,72,0,113,20,0,20,133
07/08/2009,GPI,MT,ANM,WE,Federal Contract Tower,16,23,25,0,64,2,2,21,0,25,18,25,46,0,89,12,0,12,101
07/09/2009,GPI,MT,ANM,WE,Federal Contract Tower,13,30,29,0,72,1,2,44,0,47,14,32,73,0,119,66,0,66,185
07/10/2009,GPI,MT,ANM,WE,Federal Contract Tower,14,20,23,0,57,0,0,44,3,47,14,20,67,3,104,40,0,40,144
07/11/2009,GPI,MT,ANM,WE,Federal Contract Tower,11,31,13,0,55,0,0,55,0,55,11,31,68,0,110,28,0,28,138
07/12/2009,GPI,MT,ANM,WE,Federal Contract Tower,16,32,20,0,68,0,0,63,2,65,16,32,83,2,133,63,2,65,198
07/13/2009,GPI,MT,ANM,WE,Federal Contract Tower,21,21,9,0,51,0,0,7,0,7,21,21,16,0,58,2,0,2,60
07/14/2009,GPI,MT,ANM,WE,Federal Contract Tower,16,23,16,0,55,0,1,22,0,23,16,24,38,0,78,28,0,28,106
07/15/2009,GPI,MT,ANM,WE,Federal Contract Tower,10,23,16,0,49,0,0,37,0,37,10,23,53,0,86,20,0,20,106
07/16/2009,GPI,MT,ANM,WE,Federal Contract Tower,10,28,25,0,63,0,0,40,0,40,10,28,65,0,103,14,0,14,117
07/17/2009,GPI,MT,ANM,WE,Federal Contract Tower,13,25,26,5,69,0,3,53,6,62,13,28,79,11,131,24,14,38,169
07/18/2009,GPI,MT,ANM,WE,Federal Contract Tower,13,24,7,0,44,0,0,31,0,31,13,24,38,0,75,26,0,26,101
07/19/2009,GPI,MT,ANM,WE,Federal Contract Tower,14,33,29,2,78,0,0,63,0,63,14,33,92,2,141,58,30,88,229
07/20/2009,GPI,MT,ANM,WE,Federal Contract Tower,7,18,26,4,55,0,0,43,2,45,7,18,69,6,100,20,8,28,128
07/21/2009,GPI,MT,ANM,WE,Federal Contract Tower,14,14,18,0,46,0,0,35,3,38,14,14,53,3,84,8,0,8,92
07/22/2009,GPI,MT,ANM,WE,Federal Contract Tower,10,25,20,2,57,0,0,44,0,44,10,25,64,2,101,17,2,19,120
07/23/2009,GPI,MT,ANM,WE,Federal Contract Tower,14,31,14,0,59,0,1,28,4,33,14,32,42,4,92,16,0,16,108
07/24/2009,GPI,MT,ANM,WE,Federal Contract Tower,12,30,18,0,60,0,1,29,0,30,12,31,47,0,90,28,0,28,118
07/25/2009,GPI,MT,ANM,WE,Federal Contract Tower,10,24,10,0,44,0,1,46,0,47,10,25,56,0,91,20,0,20,111
07/26/2009,GPI,MT,ANM,WE,Federal Contract Tower,13,23,26,0,62,0,0,23,0,23,13,23,49,0,85,14,0,14,99
07/27/2009,GPI,MT,ANM,WE,Federal Contract Tower,17,25,18,0,60,0,0,38,1,39,17,25,56,1,99,2,0,2,101
07/28/2009,GPI,MT,ANM,WE,Federal Contract Tower,15,24,20,0,59,0,0,18,0,18,15,24,38,0,77,16,0,16,93
07/29/2009,GPI,MT,ANM,WE,Federal Contract Tower,10,20,16,0,46,0,0,22,0,22,10,20,38,0,68,8,0,8,76
07/30/2009,GPI,MT,ANM,WE,Federal Contract Tower,13,39,28,2,82,0,0,40,1,41,13,39,68,3,123,8,2,10,133
07/31/2009,GPI,MT,ANM,WE,Federal Contract Tower,14,32,34,4,84,0,0,45,1,46,14,32,79,5,130,16,16,32,162
08/01/2009,GPI,MT,ANM,WE,Federal Contract Tower,16,22,20,0,58,0,2,44,0,46,16,24,64,0,104,10,0,10,114
08/02/2009,GPI,MT,ANM,WE,Federal Contract Tower,19,19,22,4,64,0,0,59,0,59,19,19,81,4,123,8,10,18,141
08/03/2009,GPI,MT,ANM,WE,Federal Contract Tower,12,29,28,0,69,0,4,41,3,48,12,33,69,3,117,2,0,2,119
08/04/2009,GPI,MT,ANM,WE,Federal Contract Tower,0,6,6,0,12,0,1,16,0,17,0,7,22,0,29,4,0,4,33
08/05/2009,GPI,MT,ANM,WE,Federal Contract Tower,0,10,2,0,12,0,3,32,0,35,0,13,34,0,47,72,0,72,119
08/06/2009,GPI,MT,ANM,WE,Federal Contract Tower,0,8,1,0,9,0,0,5,0,5,0,8,6,0,14,0,0,0,14
08/07/2009,GPI,MT,ANM,WE,Federal Contract Tower,12,37,13,0,62,0,0,13,0,13,12,37,26,0,75,20,0,20,95
08/08/2009,GPI,MT,ANM,WE,Federal Contract Tower,19,19,18,0,56,0,0,42,2,44,19,19,60,2,100,38,0,38,138
08/09/2009,GPI,MT,ANM,WE,Federal Contract Tower,17,26,27,0,70,0,0,34,0,34,17,26,61,0,104,16,0,16,120
08/10/2009,GPI,MT,ANM,WE,Federal Contract Tower,13,24,20,0,57,0,0,53,1,54,13,24,73,1,111,4,0,4,115
08/11/2009,GPI,MT,ANM,WE,Federal Contract Tower,0,11,3,0,14,0,0,37,0,37,0,11,40,0,51,4,0,4,55
08/12/2009,GPI,MT,ANM,WE,Federal Contract Tower,0,12,7,0,19,0,0,22,0,22,0,12,29,0,41,14,0,14,55
08/13/2009,GPI,MT,ANM,WE,Federal Contract Tower,0,11,12,0,23,0,0,20,0,20,0,11,32,0,43,2,0,2,45
08/14/2009,GPI,MT,ANM,WE,Federal Contract Tower,12,33,30,0,75,0,0,10,0,10,12,33,40,0,85,20,0,20,105
08/15/2009,GPI,MT,ANM,WE,Federal Contract Tower,16,20,14,0,50,0,0,19,0,19,16,20,33,0,69,10,0,10,79
08/16/2009,GPI,MT,ANM,WE,Federal Contract Tower,14,26,27,0,67,0,0,21,1,22,14,26,48,1,89,8,0,8,97
08/17/2009,GPI,MT,ANM,WE,Federal Contract Tower,11,26,27,0,64,0,0,48,0,48,11,26,75,0,112,10,0,10,122
08/18/2009,GPI,MT,ANM,WE,Federal Contract Tower,0,0,0,0,0,0,0,7,2,9,0,0,7,2,9,0,0,0,9
08/19/2009,GPI,MT,ANM,WE,Federal Contract Tower,0,0,0,0,0,0,0,5,3,8,0,0,5,3,8,0,0,0,8
08/20/2009,GPI,MT,ANM,WE,Federal Contract Tower,0,0,0,0,0,0,7,6,1,14,0,7,6,1,14,0,0,0,14
08/21/2009,GPI,MT,ANM,WE,Federal Contract Tower,14,39,23,0,76,0,0,41,2,43,14,39,64,2,119,14,0,14,133
08/22/2009,GPI,MT,ANM,WE,Federal Contract Tower,12,19,17,0,48,0,1,35,1,37,12,20,52,1,85,36,0,36,121
08/23/2009,GPI,MT,ANM,WE,Federal Contract Tower,13,18,17,0,48,0,5,32,0,37,13,23,49,0,85,12,0,12,97
08/24/2009,GPI,MT,ANM,WE,Federal Contract Tower,12,22,19,0,53,0,1,55,0,56,12,23,74,0,109,8,0,8,117
08/25/2009,GPI,MT,ANM,WE,Federal Contract Tower,0,7,5,0,12,0,3,33,0,36,0,10,38,0,48,26,0,26,74
08/26/2009,GPI,MT,ANM,WE,Federal Contract Tower,0,5,9,0,14,0,0,33,4,37,0,5,42,4,51,8,0,8,59
08/27/2009,GPI,MT,ANM,WE,Federal Contract Tower,0,18,13,0,31,0,2,35,0,37,0,20,48,0,68,34,0,34,102
08/28/2009,GPI,MT,ANM,WE,Federal Contract Tower,12,26,24,0,62,0,0,44,0,44,12,26,68,0,106,32,0,32,138
08/29/2009,GPI,MT,ANM,WE,Federal Contract Tower,10,23,10,0,43,0,1,30,0,31,10,24,40,0,74,21,0,21,95
08/30/2009,GPI,MT,ANM,WE,Federal Contract Tower,13,19,14,0,46,0,0,31,0,31,13,19,45,0,77,10,0,10,87
08/31/2009,GPI,MT,ANM,WE,Federal Contract Tower,11,28,20,0,59,0,0,50,0,50,11,28,70,0,109,20,0,20,129
09/01/2009,GPI,MT,ANM,WE,Federal Contract Tower,6,20,13,0,39,0,4,32,0,36,6,24,45,0,75,6,0,6,81
09/02/2009,GPI,MT,ANM,WE,Federal Contract Tower,7,17,21,0,45,0,4,46,0,50,7,21,67,0,95,64,0,64,159
09/03/2009,GPI,MT,ANM,WE,Federal Contract Tower,5,25,23,0,53,0,3,35,0,38,5,28,58,0,91,30,0,30,121
09/04/2009,GPI,MT,ANM,WE,Federal Contract Tower,7,26,26,0,59,0,2,36,2,40,7,28,62,2,99,46,0,46,145
09/05/2009,GPI,MT,ANM,WE,Federal Contract Tower,7,19,13,0,39,0,0,25,0,25,7,19,38,0,64,4,0,4,68
09/06/2009,GPI,MT,ANM,WE,Federal Contract Tower,5,12,7,0,24,0,0,11,0,11,5,12,18,0,35,0,0,0,35
09/07/2009,GPI,MT,ANM,WE,Federal Contract Tower,10,18,30,4,62,0,0,8,2,10,10,18,38,6,72,0,16,16,88
09/08/2009,GPI,MT,ANM,WE,Federal Contract Tower,5,22,18,0,45,0,2,29,0,31,5,24,47,0,76,20,0,20,96
09/09/2009,GPI,MT,ANM,WE,Federal Contract Tower,6,23,21,5,55,0,0,45,1,46,6,23,66,6,101,42,18,60,161
09/10/2009,GPI,MT,ANM,WE,Federal Contract Tower,5,23,10,0,38,0,1,40,2,43,5,24,50,2,81,4,0,4,85
09/11/2009,GPI,MT,ANM,WE,Federal Contract Tower,6,24,20,3,53,0,0,51,2,53,6,24,71,5,106,52,14,66,172
09/12/2009,GPI,MT,ANM,WE,Federal Contract Tower,6,14,14,0,34,0,0,30,0,30,6,14,44,0,64,20,0,20,84
09/13/2009,GPI,MT,ANM,WE,Federal Contract Tower,7,19,17,0,43,0,1,44,0,45,7,20,61,0,88,8,0,8,96
09/14/2009,GPI,MT,ANM,WE,Federal Contract Tower,7,17,13,3,40,0,2,31,0,33,7,19,44,3,73,18,20,38,111
09/15/2009,GPI,MT,ANM,WE,Federal Contract Tower,6,14,14,2,36,0,0,36,2,38,6,14,50,4,74,54,24,78,152
09/16/2009,GPI,MT,ANM,WE,Federal Contract Tower,7,20,24,2,53,0,0,35,2,37,7,20,59,4,90,56,18,74,164
09/17/2009,GPI,MT,ANM,WE,Federal Contract Tower,9,19,10,0,38,0,0,19,0,19,9,19,29,0,57,58,0,58,115
09/18/2009,GPI,MT,ANM,WE,Federal Contract Tower,7,16,12,6,41,0,0,42,1,43,7,16,54,7,84,6,20,26,110
09/19/2009,GPI,MT,ANM,WE,Federal Contract Tower,6,9,6,0,21,0,0,21,0,21,6,9,27,0,42,42,0,42,84
09/20/2009,GPI,MT,ANM,WE,Federal Contract Tower,6,13,8,2,29,0,0,8,2,10,6,13,16,4,39,6,0,6,45
09/21/2009,GPI,MT,ANM,WE,Federal Contract Tower,8,19,11,0,38,0,0,32,0,32,8,19,43,0,70,44,0,44,114
09/22/2009,GPI,MT,ANM,WE,Federal Contract Tower,6,16,18,0,40,0,3,27,0,30,6,19,45,0,70,42,0,42,112
09/23/2009,GPI,MT,ANM,WE,Federal Contract Tower,7,18,23,0,48,0,2,53,0,55,7,20,76,0,103,36,0,36,139
09/24/2009,GPI,MT,ANM,WE,Federal Contract Tower,2,27,20,0,49,0,4,57,0,61,2,31,77,0,110,30,0,30,140
09/25/2009,GPI,MT,ANM,WE,Federal Contract Tower,7,19,17,0,43,0,0,57,0,57,7,19,74,0,100,30,0,30,130
09/26/2009,GPI,MT,ANM,WE,Federal Contract Tower,7,13,8,0,28,0,0,15,0,15,7,13,23,0,43,18,0,18,61
09/27/2009,GPI,MT,ANM,WE,Federal Contract Tower,8,18,14,7,47,0,0,42,0,42,8,18,56,7,89,46,26,72,161
09/28/2009,GPI,MT,ANM,WE,Federal Contract Tower,10,11,7,0,28,0,0,19,0,19,10,11,26,0,47,40,0,40,87
09/29/2009,GPI,MT,ANM,WE,Federal Contract Tower,8,20,9,0,37,0,0,38,0,38,8,20,47,0,75,4,0,4,79
09/30/2009,GPI,MT,ANM,WE,Federal Contract Tower,6,14,8,0,28,0,0,4,0,4,6,14,12,0,32,4,0,4,36
10/01/2009,GPI,MT,ANM,WE,Federal Contract Tower,5,10,6,2,23,0,0,6,0,6,5,10,12,2,29,0,8,8,37
10/02/2009,GPI,MT,ANM,WE,Federal Contract Tower,9,11,9,0,29,0,0,15,0,15,9,11,24,0,44,54,0,54,98
10/03/2009,GPI,MT,ANM,WE,Federal Contract Tower,7,8,4,0,19,0,0,11,0,11,7,8,15,0,30,46,0,46,76
10/04/2009,GPI,MT,ANM,WE,Federal Contract Tower,7,13,13,0,33,0,0,1,0,1,7,13,14,0,34,0,0,0,34
10/05/2009,GPI,MT,ANM,WE,Federal Contract Tower,9,9,12,0,30,0,0,22,0,22,9,9,34,0,52,44,0,44,96
10/06/2009,GPI,MT,ANM,WE,Federal Contract Tower,5,14,16,2,37,0,1,24,0,25,5,15,40,2,62,0,2,2,64
10/07/2009,GPI,MT,ANM,WE,Federal Contract Tower,6,14,9,0,29,0,0,2,0,2,6,14,11,0,31,0,0,0,31
10/08/2009,GPI,MT,ANM,WE,Federal Contract Tower,6,14,10,3,33,0,0,14,2,16,6,14,24,5,49,50,12,62,111
10/09/2009,GPI,MT,ANM,WE,Federal Contract Tower,6,17,12,0,35,0,0,10,0,10,6,17,22,0,45,30,0,30,75
10/10/2009,GPI,MT,ANM,WE,Federal Contract Tower,5,9,6,0,20,0,2,18,0,20,5,11,24,0,40,26,0,26,66
10/11/2009,GPI,MT,ANM,WE,Federal Contract Tower,6,9,11,0,26,0,0,8,0,8,6,9,19,0,34,16,0,16,50
10/12/2009,GPI,MT,ANM,WE,Federal Contract Tower,8,12,7,0,27,0,0,14,0,14,8,12,21,0,41,14,0,14,55
10/13/2009,GPI,MT,ANM,WE,Federal Contract Tower,5,16,9,0,30,0,0,24,0,24,5,16,33,0,54,42,0,42,96
10/14/2009,GPI,MT,ANM,WE,Federal Contract Tower,7,18,11,0,36,0,0,1,0,1,7,18,12,0,37,0,0,0,37
10/15/2009,GPI,MT,ANM,WE,Federal Contract Tower,6,17,16,0,39,0,0,8,0,8,6,17,24,0,47,2,0,2,49
10/16/2009,GPI,MT,ANM,WE,Federal Contract Tower,7,16,6,0,29,0,1,19,0,20,7,17,25,0,49,10,0,10,59
10/17/2009,GPI,MT,ANM,WE,Federal Contract Tower,8,11,1,0,20,0,0,13,0,13,8,11,14,0,33,40,0,40,73
10/18/2009,GPI,MT,ANM,WE,Federal Contract Tower,7,11,12,0,30,0,0,18,0,18,7,11,30,0,48,24,0,24,72
10/19/2009,GPI,MT,ANM,WE,Federal Contract Tower,10,10,14,0,34,0,0,21,0,21,10,10,35,0,55,24,0,24,79
10/20/2009,GPI,MT,ANM,WE,Federal Contract Tower,6,9,15,0,30,0,0,18,0,18,6,9,33,0,48,52,0,52,100
10/21/2009,GPI,MT,ANM,WE,Federal Contract Tower,5,13,6,0,24,0,0,4,0,4,5,13,10,0,28,6,0,6,34
10/22/2009,GPI,MT,ANM,WE,Federal Contract Tower,5,13,13,0,31,0,0,7,2,9,5,13,20,2,40,18,0,18,58
10/23/2009,GPI,MT,ANM,WE,Federal Contract Tower,5,19,10,0,34,0,0,2,0,2,5,19,12,0,36,0,0,0,36
10/24/2009,GPI,MT,ANM,WE,Federal Contract Tower,4,17,1,0,22,0,1,10,0,11,4,18,11,0,33,26,0,26,59
10/25/2009,GPI,MT,ANM,WE,Federal Contract Tower,7,8,6,0,21,0,0,15,0,15,7,8,21,0,36,0,0,0,36
10/26/2009,GPI,MT,ANM,WE,Federal Contract Tower,11,8,8,0,27,0,0,4,0,4,11,8,12,0,31,6,0,6,37
10/27/2009,GPI,MT,ANM,WE,Federal Contract Tower,5,9,3,2,19,0,0,0,0,0,5,9,3,2,19,0,0,0,19
10/28/2009,GPI,MT,ANM,WE,Federal Contract Tower,5,10,11,0,26,0,0,5,1,6,5,10,16,1,32,8,0,8,40
10/29/2009,GPI,MT,ANM,WE,Federal Contract Tower,4,17,9,0,30,0,0,20,0,20,4,17,29,0,50,10,0,10,60
10/30/2009,GPI,MT,ANM,WE,Federal Contract Tower,7,19,3,0,29,0,0,1,0,1,7,19,4,0,30,6,0,6,36
10/31/2009,GPI,MT,ANM,WE,Federal Contract Tower,7,10,0,0,17,0,0,2,0,2,7,10,2,0,19,56,0,56,75
11/01/2009,GPI,MT,ANM,WE,Federal Contract Tower,6,7,10,0,23,0,0,6,0,6,6,7,16,0,29,4,0,4,33
11/02/2009,GPI,MT,ANM,WE,Federal Contract Tower,8,11,14,5,38,0,0,23,3,26,8,11,37,8,64,26,16,42,106
11/03/2009,GPI,MT,ANM,WE,Federal Contract Tower,5,13,17,0,35,0,0,34,0,34,5,13,51,0,69,38,0,38,107
11/04/2009,GPI,MT,ANM,WE,Federal Contract Tower,5,12,9,0,26,0,0,29,0,29,5,12,38,0,55,32,0,32,87
11/05/2009,GPI,MT,ANM,WE,Federal Contract Tower,5,15,10,0,30,0,1,17,1,19,5,16,27,1,49,6,2,8,57
11/06/2009,GPI,MT,ANM,WE,Federal Contract Tower,7,12,3,0,22,0,2,1,0,3,7,14,4,0,25,8,0,8,33
11/07/2009,GPI,MT,ANM,WE,Federal Contract Tower,5,6,3,0,14,0,0,4,0,4,5,6,7,0,18,8,0,8,26
11/08/2009,GPI,MT,ANM,WE,Federal Contract Tower,6,13,15,0,34,0,0,3,0,3,6,13,18,0,37,0,0,0,37
11/09/2009,GPI,MT,ANM,WE,Federal Contract Tower,9,8,15,1,33,0,0,33,2,35,9,8,48,3,68,32,0,32,100
11/10/2009,GPI,MT,ANM,WE,Federal Contract Tower,6,14,10,0,30,0,0,3,0,3,6,14,13,0,33,6,0,6,39
11/11/2009,GPI,MT,ANM,WE,Federal Contract Tower,5,13,6,0,24,0,0,12,0,12,5,13,18,0,36,4,0,4,40
11/12/2009,GPI,MT,ANM,WE,Federal Contract Tower,6,19,8,0,33,0,12,0,0,12,6,31,8,0,45,28,0,28,73
11/13/2009,GPI,MT,ANM,WE,Federal Contract Tower,7,15,6,0,28,0,0,5,0,5,7,15,11,0,33,8,0,8,41
11/14/2009,GPI,MT,ANM,WE,Federal Contract Tower,6,8,2,0,16,0,0,8,0,8,6,8,10,0,24,8,0,8,32
11/15/2009,GPI,MT,ANM,WE,Federal Contract Tower,7,6,4,0,17,0,0,15,0,15,7,6,19,0,32,4,0,4,36
11/16/2009,GPI,MT,ANM,WE,Federal Contract Tower,7,12,16,0,35,0,0,20,0,20,7,12,36,0,55,26,0,26,81
11/17/2009,GPI,MT,ANM,WE,Federal Contract Tower,7,11,8,2,28,0,2,16,1,19,7,13,24,3,47,22,44,66,113
11/18/2009,GPI,MT,ANM,WE,Federal Contract Tower,5,13,7,0,25,0,0,4,0,4,5,13,11,0,29,2,0,2,31
11/19/2009,GPI,MT,ANM,WE,Federal Contract Tower,5,16,7,0,28,0,0,8,0,8,5,16,15,0,36,2,0,2,38
11/20/2009,GPI,MT,ANM,WE,Federal Contract Tower,7,14,14,0,35,0,2,6,0,8,7,16,20,0,43,12,0,12,55
11/21/2009,GPI,MT,ANM,WE,Federal Contract Tower,6,9,3,0,18,0,0,7,0,7,6,9,10,0,25,4,0,4,29
11/22/2009,GPI,MT,ANM,WE,Federal Contract Tower,7,9,3,0,19,0,0,1,0,1,7,9,4,0,20,2,0,2,22
11/23/2009,GPI,MT,ANM,WE,Federal Contract Tower,7,13,6,4,30,0,0,7,0,7,7,13,13,4,37,0,0,0,37
11/24/2009,GPI,MT,ANM,WE,Federal Contract Tower,8,14,9,0,31,0,0,13,0,13,8,14,22,0,44,28,0,28,72
11/25/2009,GPI,MT,ANM,WE,Federal Contract Tower,8,10,0,0,18,0,0,0,0,0,8,10,0,0,18,0,0,0,18
11/26/2009,GPI,MT,ANM,WE,Federal Contract Tower,6,10,5,0,21,0,0,4,0,4,6,10,9,0,25,6,0,6,31
11/27/2009,GPI,MT,ANM,WE,Federal Contract Tower,6,16,3,0,25,0,0,0,0,0,6,16,3,0,25,0,0,0,25
11/28/2009,GPI,MT,ANM,WE,Federal Contract Tower,8,9,3,0,20,0,0,3,0,3,8,9,6,0,23,10,0,10,33
11/29/2009,GPI,MT,ANM,WE,Federal Contract Tower,10,17,15,0,42,0,0,6,0,6,10,17,21,0,48,4,0,4,52
11/30/2009,GPI,MT,ANM,WE,Federal Contract Tower,10,17,12,0,39,0,0,6,0,6,10,17,18,0,45,26,0,26,71
12/01/2009,GPI,MT,ANM,WE,Federal Contract Tower,5,15,13,0,33,0,0,25,0,25,5,15,38,0,58,45,0,45,103
12/02/2009,GPI,MT,ANM,WE,Federal Contract Tower,5,11,3,0,19,0,0,18,0,18,5,11,21,0,37,26,0,26,63
12/03/2009,GPI,MT,ANM,WE,Federal Contract Tower,5,18,13,0,36,0,0,10,0,10,5,18,23,0,46,4,0,4,50
12/04/2009,GPI,MT,ANM,WE,Federal Contract Tower,8,17,2,0,27,2,0,0,0,2,10,17,2,0,29,18,0,18,47
12/05/2009,GPI,MT,ANM,WE,Federal Contract Tower,6,9,5,0,20,0,0,3,0,3,6,9,8,0,23,0,0,0,23
12/06/2009,GPI,MT,ANM,WE,Federal Contract Tower,8,8,10,0,26,0,0,0,0,0,8,8,10,0,26,0,0,0,26
12/07/2009,GPI,MT,ANM,WE,Federal Contract Tower,9,15,4,4,32,0,1,5,0,6,9,16,9,4,38,50,20,70,108
12/08/2009,GPI,MT,ANM,WE,Federal Contract Tower,10,8,5,0,23,0,0,17,0,17,10,8,22,0,40,30,0,30,70
12/09/2009,GPI,MT,ANM,WE,Federal Contract Tower,5,12,5,0,22,0,0,0,0,0,5,12,5,0,22,0,0,0,22
12/10/2009,GPI,MT,ANM,WE,Federal Contract Tower,5,15,7,0,27,0,0,0,0,0,5,15,7,0,27,0,0,0,27
12/11/2009,GPI,MT,ANM,WE,Federal Contract Tower,4,20,11,0,35,0,0,24,0,24,4,20,35,0,59,72,0,72,131
12/12/2009,GPI,MT,ANM,WE,Federal Contract Tower,6,7,3,0,16,0,0,0,0,0,6,7,3,0,16,0,0,0,16
12/13/2009,GPI,MT,ANM,WE,Federal Contract Tower,8,5,9,0,22,0,0,0,0,0,8,5,9,0,22,0,0,0,22
12/14/2009,GPI,MT,ANM,WE,Federal Contract Tower,11,7,7,0,25,0,0,3,0,3,11,7,10,0,28,0,0,0,28
12/15/2009,GPI,MT,ANM,WE,Federal Contract Tower,9,13,15,0,37,0,0,16,0,16,9,13,31,0,53,38,0,38,91
12/16/2009,GPI,MT,ANM,WE,Federal Contract Tower,9,20,6,0,35,0,0,12,0,12,9,20,18,0,47,14,0,14,61
12/17/2009,GPI,MT,ANM,WE,Federal Contract Tower,6,18,8,0,32,0,0,6,0,6,6,18,14,0,38,2,0,2,40
12/18/2009,GPI,MT,ANM,WE,Federal Contract Tower,4,25,16,0,45,0,0,4,0,4,4,25,20,0,49,16,0,16,65
12/19/2009,GPI,MT,ANM,WE,Federal Contract Tower,4,25,11,0,40,0,1,4,0,5,4,26,15,0,45,4,0,4,49
12/20/2009,GPI,MT,ANM,WE,Federal Contract Tower,5,11,2,0,18,0,0,0,0,0,5,11,2,0,18,0,0,0,18
12/21/2009,GPI,MT,ANM,WE,Federal Contract Tower,7,18,9,0,34,0,0,0,0,0,7,18,9,0,34,0,0,0,34
12/22/2009,GPI,MT,ANM,WE,Federal Contract Tower,5,20,12,0,37,0,0,1,0,1,5,20,13,0,38,0,0,0,38
12/23/2009,GPI,MT,ANM,WE,Federal Contract Tower,5,20,13,0,38,0,0,3,0,3,5,20,16,0,41,0,0,0,41
12/24/2009,GPI,MT,ANM,WE,Federal Contract Tower,5,17,8,0,30,0,1,8,0,9,5,18,16,0,39,10,0,10,49
12/25/2009,GPI,MT,ANM,WE,Federal Contract Tower,5,10,3,0,18,0,0,0,0,0,5,10,3,0,18,0,0,0,18
12/26/2009,GPI,MT,ANM,WE,Federal Contract Tower,6,15,13,0,34,0,0,2,0,2,6,15,15,0,36,0,0,0,36
12/27/2009,GPI,MT,ANM,WE,Federal Contract Tower,9,13,14,0,36,0,0,1,0,1,9,13,15,0,37,0,0,0,37
12/28/2009,GPI,MT,ANM,WE,Federal Contract Tower,12,17,11,0,40,0,0,1,0,1,12,17,12,0,41,0,0,0,41
12/29/2009,GPI,MT,ANM,WE,Federal Contract Tower,7,18,11,0,36,0,0,1,0,1,7,18,12,0,37,0,0,0,37
12/30/2009,GPI,MT,ANM,WE,Federal Contract Tower,7,18,9,0,34,0,0,0,0,0,7,18,9,0,34,0,0,0,34
12/31/2009,GPI,MT,ANM,WE,Federal Contract Tower,4,10,4,0,18,0,0,0,0,0,4,10,4,0,18,0,0,0,18
01/01/2010,GPI,MT,ANM,WE,Federal Contract Tower,6,15,1,0,22,0,0,0,0,0,6,15,1,0,22,0,0,0,22
01/02/2010,GPI,MT,ANM,WE,Federal Contract Tower,7,19,21,0,47,0,0,3,0,3,7,19,24,0,50,4,0,4,54
01/03/2010,GPI,MT,ANM,WE,Federal Contract Tower,13,18,20,0,51,0,0,9,0,9,13,18,29,0,60,8,0,8,68
01/04/2010,GPI,MT,ANM,WE,Federal Contract Tower,8,13,13,0,34,0,0,2,0,2,8,13,15,0,36,0,0,0,36
01/05/2010,GPI,MT,ANM,WE,Federal Contract Tower,11,10,6,0,27,0,0,0,0,0,11,10,6,0,27,0,0,0,27
01/06/2010,GPI,MT,ANM,WE,Federal Contract Tower,9,12,14,0,35,0,0,21,0,21,9,12,35,0,56,46,0,46,102
01/07/2010,GPI,MT,ANM,WE,Federal Contract Tower,5,10,7,0,22,0,0,12,0,12,5,10,19,0,34,8,0,8,42
01/08/2010,GPI,MT,ANM,WE,Federal Contract Tower,8,16,17,4,45,0,0,7,10,17,8,16,24,14,62,32,0,32,94
01/09/2010,GPI,MT,ANM,WE,Federal Contract Tower,6,6,5,0,17,0,0,0,0,0,6,6,5,0,17,0,0,0,17
01/10/2010,GPI,MT,ANM,WE,Federal Contract Tower,8,8,10,0,26,0,0,0,0,0,8,8,10,0,26,0,0,0,26
01/11/2010,GPI,MT,ANM,WE,Federal Contract Tower,10,11,14,0,35,0,0,0,0,0,10,11,14,0,35,0,0,0,35
01/12/2010,GPI,MT,ANM,WE,Federal Contract Tower,8,13,11,0,32,0,0,15,0,15,8,13,26,0,47,26,0,26,73
01/13/2010,GPI,MT,ANM,WE,Federal Contract Tower,5,10,16,0,31,0,0,21,0,21,5,10,37,0,52,16,0,16,68
01/14/2010,GPI,MT,ANM,WE,Federal Contract Tower,4,20,12,0,36,0,0,6,0,6,4,20,18,0,42,4,0,4,46
01/15/2010,GPI,MT,ANM,WE,Federal Contract Tower,8,10,11,3,32,0,1,11,0,12,8,11,22,3,44,26,0,26,70
01/16/2010,GPI,MT,ANM,WE,Federal Contract Tower,6,9,2,1,18,0,0,0,0,0,6,9,2,1,18,10,0,10,28
01/17/2010,GPI,MT,ANM,WE,Federal Contract Tower,8,8,6,1,23,0,2,16,0,18,8,10,22,1,41,54,0,54,95
01/18/2010,GPI,MT,ANM,WE,Federal Contract Tower,12,9,6,0,27,0,0,14,0,14,12,9,20,0,41,62,0,62,103
01/19/2010,GPI,MT,ANM,WE,Federal Contract Tower,8,14,5,0,27,0,0,9,0,9,8,14,14,0,36,32,0,32,68
01/20/2010,GPI,MT,ANM,WE,Federal Contract Tower,8,13,9,0,30,0,0,8,0,8,8,13,17,0,38,6,0,6,44
01/21/2010,GPI,MT,ANM,WE,Federal Contract Tower,2,17,10,4,33,0,0,2,4,6,2,17,12,8,39,0,4,4,43
01/22/2010,GPI,MT,ANM,WE,Federal Contract Tower,8,15,7,0,30,0,0,7,0,7,8,15,14,0,37,20,0,20,57
01/23/2010,GPI,MT,ANM,WE,Federal Contract Tower,7,10,0,0,17,0,1,8,0,9,7,11,8,0,26,10,0,10,36
01/24/2010,GPI,MT,ANM,WE,Federal Contract Tower,9,4,3,0,16,0,0,1,0,1,9,4,4,0,17,4,0,4,21
01/25/2010,GPI,MT,ANM,WE,Federal Contract Tower,11,8,10,0,29,0,0,2,0,2,11,8,12,0,31,0,0,0,31
01/26/2010,GPI,MT,ANM,WE,Federal Contract Tower,10,8,13,0,31,0,0,15,0,15,10,8,28,0,46,56,0,56,102
01/27/2010,GPI,MT,ANM,WE,Federal Contract Tower,8,7,4,0,19,0,0,9,0,9,8,7,13,0,28,18,0,18,46
01/28/2010,GPI,MT,ANM,WE,Federal Contract Tower,5,13,10,0,28,0,0,4,0,4,5,13,14,0,32,4,0,4,36
01/29/2010,GPI,MT,ANM,WE,Federal Contract Tower,8,18,10,0,36,0,1,13,0,14,8,19,23,0,50,42,0,42,92
01/30/2010,GPI,MT,ANM,WE,Federal Contract Tower,6,12,4,0,22,0,0,7,0,7,6,12,11,0,29,14,0,14,43
01/31/2010,GPI,MT,ANM,WE,Federal Contract Tower,7,5,8,0,20,0,0,0,0,0,7,5,8,0,20,0,0,0,20
02/01/2010,GPI,MT,ANM,WE,Federal Contract Tower,11,8,3,0,22,0,0,5,2,7,11,8,8,2,29,16,0,16,45
02/02/2010,GPI,MT,ANM,WE,Federal Contract Tower,8,11,7,0,26,0,0,7,0,7,8,11,14,0,33,18,0,18,51
02/03/2010,GPI,MT,ANM,WE,Federal Contract Tower,10,11,10,0,31,0,0,13,0,13,10,11,23,0,44,30,0,30,74
02/04/2010,GPI,MT,ANM,WE,Federal Contract Tower,5,11,9,0,25,0,0,1,0,1,5,11,10,0,26,0,0,0,26
02/05/2010,GPI,MT,ANM,WE,Federal Contract Tower,8,16,8,0,32,0,0,4,0,4,8,16,12,0,36,16,0,16,52
02/06/2010,GPI,MT,ANM,WE,Federal Contract Tower,6,12,3,0,21,0,0,0,0,0,6,12,3,0,21,0,0,0,21
02/07/2010,GPI,MT,ANM,WE,Federal Contract Tower,9,12,8,0,29,0,0,0,0,0,9,12,8,0,29,0,0,0,29
02/08/2010,GPI,MT,ANM,WE,Federal Contract Tower,11,7,9,0,27,0,0,4,2,6,11,7,13,2,33,0,0,0,33
02/09/2010,GPI,MT,ANM,WE,Federal Contract Tower,8,11,12,0,31,0,0,16,0,16,8,11,28,0,47,20,0,20,67
02/10/2010,GPI,MT,ANM,WE,Federal Contract Tower,6,16,15,0,37,0,0,7,6,13,6,16,22,6,50,10,0,10,60
02/11/2010,GPI,MT,ANM,WE,Federal Contract Tower,5,19,10,0,34,0,0,3,0,3,5,19,13,0,37,20,0,20,57
02/12/2010,GPI,MT,ANM,WE,Federal Contract Tower,6,13,10,0,29,0,0,3,0,3,6,13,13,0,32,0,0,0,32
02/13/2010,GPI,MT,ANM,WE,Federal Contract Tower,7,13,4,0,24,0,0,12,0,12,7,13,16,0,36,54,0,54,90
02/14/2010,GPI,MT,ANM,WE,Federal Contract Tower,10,10,4,0,24,0,0,7,0,7,10,10,11,0,31,12,0,12,43
02/15/2010,GPI,MT,ANM,WE,Federal Contract Tower,12,8,12,0,32,0,0,2,0,2,12,8,14,0,34,0,0,0,34
02/16/2010,GPI,MT,ANM,WE,Federal Contract Tower,9,10,6,0,25,0,0,0,0,0,9,10,6,0,25,0,0,0,25
02/17/2010,GPI,MT,ANM,WE,Federal Contract Tower,10,8,8,0,26,0,3,13,0,16,10,11,21,0,42,28,0,28,70
02/18/2010,GPI,MT,ANM,WE,Federal Contract Tower,5,15,8,0,28,0,0,12,0,12,5,15,20,0,40,14,0,14,54
02/19/2010,GPI,MT,ANM,WE,Federal Contract Tower,8,20,8,0,36,0,0,14,0,14,8,20,22,0,50,56,0,56,106
02/20/2010,GPI,MT,ANM,WE,Federal Contract Tower,8,12,3,0,23,0,0,33,0,33,8,12,36,0,56,64,0,64,120
02/21/2010,GPI,MT,ANM,WE,Federal Contract Tower,12,7,7,4,30,0,2,30,3,35,12,9,37,7,65,42,0,42,107
02/22/2010,GPI,MT,ANM,WE,Federal Contract Tower,15,15,13,3,46,0,2,29,2,33,15,17,42,5,79,74,8,82,161
02/23/2010,GPI,MT,ANM,WE,Federal Contract Tower,8,11,15,2,36,0,0,43,0,43,8,11,58,2,79,128,24,152,231
02/24/2010,GPI,MT,ANM,WE,Federal Contract Tower,8,13,5,2,28,0,0,5,0,5,8,13,10,2,33,6,0,6,39
02/25/2010,GPI,MT,ANM,WE,Federal Contract Tower,5,15,12,0,32,0,0,2,0,2,5,15,14,0,34,0,0,0,34
02/26/2010,GPI,MT,ANM,WE,Federal Contract Tower,10,13,7,0,30,0,0,24,0,24,10,13,31,0,54,36,0,36,90
02/27/2010,GPI,MT,ANM,WE,Federal Contract Tower,6,8,8,0,22,0,0,12,0,12,6,8,20,0,34,22,0,22,56
02/28/2010,GPI,MT,ANM,WE,Federal Contract Tower,8,7,6,0,21,0,0,48,0,48,8,7,54,0,69,26,0,26,95
03/01/2010,GPI,MT,ANM,WE,Federal Contract Tower,11,11,20,0,42,0,0,49,0,49,11,11,69,0,91,60,0,60,151
03/02/2010,GPI,MT,ANM,WE,Federal Contract Tower,10,10,8,0,28,0,1,37,2,40,10,11,45,2,68,58,0,58,126
03/03/2010,GPI,MT,ANM,WE,Federal Contract Tower,8,13,8,0,29,0,0,25,0,25,8,13,33,0,54,64,0,64,118
03/04/2010,GPI,MT,ANM,WE,Federal Contract Tower,4,15,8,0,27,0,0,10,0,10,4,15,18,0,37,0,0,0,37
03/05/2010,GPI,MT,ANM,WE,Federal Contract Tower,9,8,14,1,32,0,0,23,0,23,9,8,37,1,55,28,0,28,83
03/06/2010,GPI,MT,ANM,WE,Federal Contract Tower,7,8,2,1,18,0,0,30,7,37,7,8,32,8,55,14,4,18,73
03/07/2010,GPI,MT,ANM,WE,Federal Contract Tower,7,9,6,0,22,0,1,22,0,23,7,10,28,0,45,2,0,2,47
03/08/2010,GPI,MT,ANM,WE,Federal Contract Tower,10,11,5,0,26,0,0,12,2,14,10,11,17,2,40,20,0,20,60
03/09/2010,GPI,MT,ANM,WE,Federal Contract Tower,12,13,13,0,38,0,0,0,0,0,12,13,13,0,38,0,0,0,38
03/10/2010,GPI,MT,ANM,WE,Federal Contract Tower,8,8,12,0,28,0,0,21,0,21,8,8,33,0,49,38,0,38,87
03/11/2010,GPI,MT,ANM,WE,Federal Contract Tower,5,13,9,0,27,0,0,24,0,24,5,13,33,0,51,40,0,40,91
03/12/2010,GPI,MT,ANM,WE,Federal Contract Tower,9,13,8,0,30,0,0,18,2,20,9,13,26,2,50,34,0,34,84
03/13/2010,GPI,MT,ANM,WE,Federal Contract Tower,6,8,6,0,20,0,0,3,0,3,6,8,9,0,23,0,0,0,23
03/14/2010,GPI,MT,ANM,WE,Federal Contract Tower,9,8,10,0,27,0,0,38,0,38,9,8,48,0,65,22,0,22,87
03/15/2010,GPI,MT,ANM,WE,Federal Contract Tower,9,11,7,0,27,0,0,20,0,20,9,11,27,0,47,12,0,12,59
03/16/2010,GPI,MT,ANM,WE,Federal Contract Tower,9,9,2,2,22,0,0,25,4,29,9,9,27,6,51,26,4,30,81
03/17/2010,GPI,MT,ANM,WE,Federal Contract Tower,7,10,13,0,30,0,0,11,0,11,7,10,24,0,41,14,0,14,55
03/18/2010,GPI,MT,ANM,WE,Federal Contract Tower,4,13,9,0,26,0,0,30,0,30,4,13,39,0,56,68,0,68,124
03/19/2010,GPI,MT,ANM,WE,Federal Contract Tower,9,13,10,0,32,0,0,24,0,24,9,13,34,0,56,14,0,14,70
03/20/2010,GPI,MT,ANM,WE,Federal Contract Tower,7,7,0,1,15,0,1,42,3,46,7,8,42,4,61,36,0,36,97
03/21/2010,GPI,MT,ANM,WE,Federal Contract Tower,8,10,9,0,27,0,0,18,0,18,8,10,27,0,45,8,0,8,53
03/22/2010,GPI,MT,ANM,WE,Federal Contract Tower,8,9,7,2,26,0,0,13,3,16,8,9,20,5,42,54,10,64,106
03/23/2010,GPI,MT,ANM,WE,Federal Contract Tower,4,11,8,0,23,0,0,12,2,14,4,11,20,2,37,28,0,28,65
03/24/2010,GPI,MT,ANM,WE,Federal Contract Tower,5,12,6,0,23,0,1,30,0,31,5,13,36,0,54,18,0,18,72
03/25/2010,GPI,MT,ANM,WE,Federal Contract Tower,4,12,12,0,28,0,0,16,0,16,4,12,28,0,44,18,0,18,62
03/26/2010,GPI,MT,ANM,WE,Federal Contract Tower,9,20,10,0,39,0,0,14,0,14,9,20,24,0,53,50,0,50,103
03/27/2010,GPI,MT,ANM,WE,Federal Contract Tower,10,7,9,0,26,0,0,40,4,44,10,7,49,4,70,80,0,80,150
03/28/2010,GPI,MT,ANM,WE,Federal Contract Tower,13,9,11,0,33,0,0,17,0,17,13,9,28,0,50,24,0,24,74
03/29/2010,GPI,MT,ANM,WE,Federal Contract Tower,11,11,18,0,40,0,0,5,0,5,11,11,23,0,45,4,0,4,49
03/30/2010,GPI,MT,ANM,WE,Federal Contract Tower,8,17,13,0,38,0,2,1,0,3,8,19,14,0,41,0,0,0,41
03/31/2010,GPI,MT,ANM,WE,Federal Contract Tower,6,18,11,0,35,0,0,5,0,5,6,18,16,0,40,14,0,14,54
04/01/2010,GPI,MT,ANM,WE,Federal Contract Tower,5,9,5,1,20,0,0,18,4,22,5,9,23,5,42,28,2,30,72
04/02/2010,GPI,MT,ANM,WE,Federal Contract Tower,8,14,6,0,28,0,0,14,2,16,8,14,20,2,44,34,0,34,78
04/03/2010,GPI,MT,ANM,WE,Federal Contract Tower,6,7,3,0,16,0,0,6,0,6,6,7,9,0,22,0,0,0,22
04/04/2010,GPI,MT,ANM,WE,Federal Contract Tower,6,8,6,0,20,0,0,2,0,2,6,8,8,0,22,0,0,0,22
04/05/2010,GPI,MT,ANM,WE,Federal Contract Tower,7,14,12,0,33,0,0,19,0,19,7,14,31,0,52,40,0,40,92
04/06/2010,GPI,MT,ANM,WE,Federal Contract Tower,6,15,17,0,38,0,2,9,0,11,6,17,26,0,49,8,0,8,57
04/07/2010,GPI,MT,ANM,WE,Federal Contract Tower,4,12,7,2,25,0,9,4,0,13,4,21,11,2,38,40,0,40,78
04/08/2010,GPI,MT,ANM,WE,Federal Contract Tower,5,16,6,0,27,0,0,9,0,9,5,16,15,0,36,6,0,6,42
04/09/2010,GPI,MT,ANM,WE,Federal Contract Tower,7,16,11,0,34,0,1,4,0,5,7,17,15,0,39,0,0,0,39
04/10/2010,GPI,MT,ANM,WE,Federal Contract Tower,8,7,2,0,17,0,1,50,0,51,8,8,52,0,68,76,0,76,144
04/11/2010,GPI,MT,ANM,WE,Federal Contract Tower,9,8,13,0,30,0,0,8,0,8,9,8,21,0,38,10,0,10,48
04/12/2010,GPI,MT,ANM,WE,Federal Contract Tower,11,11,7,0,29,0,0,2,0,2,11,11,9,0,31,2,0,2,33
04/13/2010,GPI,MT,ANM,WE,Federal Contract Tower,8,16,2,0,26,0,0,0,0,0,8,16,2,0,26,2,0,2,28
04/14/2010,GPI,MT,ANM,WE,Federal Contract Tower,10,10,7,0,27,0,0,7,0,7,10,10,14,0,34,8,0,8,42
04/15/2010,GPI,MT,ANM,WE,Federal Contract Tower,4,12,5,1,22,0,0,17,3,20,4,12,22,4,42,18,0,18,60
04/16/2010,GPI,MT,ANM,WE,Federal Contract Tower,8,11,13,0,32,0,0,33,0,33,8,11,46,0,65,36,0,36,101
04/17/2010,GPI,MT,ANM,WE,Federal Contract Tower,6,4,3,0,13,0,0,24,0,24,6,4,27,0,37,58,0,58,95
04/18/2010,GPI,MT,ANM,WE,Federal Contract Tower,8,8,8,0,24,0,1,34,12,47,8,9,42,12,71,42,2,44,115
04/19/2010,GPI,MT,ANM,WE,Federal Contract Tower,10,11,12,0,33,0,1,42,0,43,10,12,54,0,76,24,0,24,100
04/20/2010,GPI,MT,ANM,WE,Federal Contract Tower,8,8,7,6,29,0,0,43,0,43,8,8,50,6,72,58,10,68,140
04/21/2010,GPI,MT,ANM,WE,Federal Contract Tower,5,8,7,0,20,0,0,25,0,25,5,8,32,0,45,36,0,36,81
04/22/2010,GPI,MT,ANM,WE,Federal Contract Tower,5,11,8,0,24,0,0,13,0,13,5,11,21,0,37,30,0,30,67
04/23/2010,GPI,MT,ANM,WE,Federal Contract Tower,8,13,13,0,34,0,0,42,0,42,8,13,55,0,76,50,0,50,126
04/24/2010,GPI,MT,ANM,WE,Federal Contract Tower,6,6,4,0,16,0,0,0,0,0,6,6,4,0,16,0,14,14,30
04/25/2010,GPI,MT,ANM,WE,Federal Contract Tower,11,7,9,0,27,0,0,12,0,12,11,7,21,0,39,2,0,2,41
04/26/2010,GPI,MT,ANM,WE,Federal Contract Tower,10,8,8,0,26,0,0,25,0,25,10,8,33,0,51,38,0,38,89
04/27/2010,GPI,MT,ANM,WE,Federal Contract Tower,9,11,9,2,31,0,0,12,1,13,9,11,21,3,44,28,22,50,94
04/28/2010,GPI,MT,ANM,WE,Federal Contract Tower,9,10,5,0,24,0,2,0,0,2,9,12,5,0,26,0,0,0,26
04/29/2010,GPI,MT,ANM,WE,Federal Contract Tower,7,11,5,0,23,0,0,0,0,0,7,11,5,0,23,0,0,0,23
04/30/2010,GPI,MT,ANM,WE,Federal Contract Tower,7,15,3,0,25,0,0,11,0,11,7,15,14,0,36,14,0,14,50
05/01/2010,GPI,MT,ANM,WE,Federal Contract Tower,7,9,10,0,26,0,0,12,0,12,7,9,22,0,38,32,0,32,70
05/02/2010,GPI,MT,ANM,WE,Federal Contract Tower,8,7,8,0,23,0,0,5,0,5,8,7,13,0,28,4,0,4,32
05/03/2010,GPI,MT,ANM,WE,Federal Contract Tower,10,10,3,0,23,0,0,0,0,0,10,10,3,0,23,0,0,0,23
05/04/2010,GPI,MT,ANM,WE,Federal Contract Tower,14,12,2,0,28,0,0,0,0,0,14,12,2,0,28,0,0,0,28
05/05/2010,GPI,MT,ANM,WE,Federal Contract Tower,9,12,12,0,33,0,0,5,0,5,9,12,17,0,38,2,0,2,40
05/06/2010,GPI,MT,ANM,WE,Federal Contract Tower,4,17,6,0,27,0,0,3,0,3,4,17,9,0,30,0,0,0,30
05/07/2010,GPI,MT,ANM,WE,Federal Contract Tower,7,25,11,0,43,0,0,23,0,23,7,25,34,0,66,34,0,34,100
05/08/2010,GPI,MT,ANM,WE,Federal Contract Tower,6,8,2,0,16,0,0,5,0,5,6,8,7,0,21,0,0,0,21
05/09/2010,GPI,MT,ANM,WE,Federal Contract Tower,9,11,8,0,28,0,0,6,0,6,9,11,14,0,34,0,0,0,34
05/10/2010,GPI,MT,ANM,WE,Federal Contract Tower,11,14,5,0,30,0,0,24,2,26,11,14,29,2,56,28,0,28,84
05/11/2010,GPI,MT,ANM,WE,Federal Contract Tower,11,15,9,2,37,0,0,22,0,22,11,15,31,2,59,20,24,44,103
05/12/2010,GPI,MT,ANM,WE,Federal Contract Tower,10,10,9,0,29,0,3,43,0,46,10,13,52,0,75,44,0,44,119
05/13/2010,GPI,MT,ANM,WE,Federal Contract Tower,4,14,7,0,25,0,2,4,0,6,4,16,11,0,31,22,0,22,53
05/14/2010,GPI,MT,ANM,WE,Federal Contract Tower,8,16,7,0,31,0,0,34,0,34,8,16,41,0,65,19,0,19,84
05/15/2010,GPI,MT,ANM,WE,Federal Contract Tower,6,11,7,0,24,0,1,27,0,28,6,12,34,0,52,20,0,20,72
05/16/2010,GPI,MT,ANM,WE,Federal Contract Tower,9,12,6,1,28,0,2,23,0,25,9,14,29,1,53,34,2,36,89
05/17/2010,GPI,MT,ANM,WE,Federal Contract Tower,13,17,14,0,44,0,0,42,0,42,13,17,56,0,86,36,0,36,122
05/18/2010,GPI,MT,ANM,WE,Federal Contract Tower,10,9,6,0,25,0,0,21,0,21,10,9,27,0,46,32,0,32,78
05/19/2010,GPI,MT,ANM,WE,Federal Contract Tower,11,10,14,0,35,0,0,34,0,34,11,10,48,0,69,58,0,58,127
05/20/2010,GPI,MT,ANM,WE,Federal Contract Tower,5,19,10,3,37,0,0,12,0,12,5,19,22,3,49,12,0,12,61
05/21/2010,GPI,MT,ANM,WE,Federal Contract Tower,8,16,10,0,34,0,0,28,0,28,8,16,38,0,62,56,0,56,118
05/22/2010,GPI,MT,ANM,WE,Federal Contract Tower,6,14,3,0,23,0,0,23,0,23,6,14,26,0,46,30,0,30,76
05/23/2010,GPI,MT,ANM,WE,Federal Contract Tower,10,12,6,0,28,0,0,9,0,9,10,12,15,0,37,0,0,0,37
05/24/2010,GPI,MT,ANM,WE,Federal Contract Tower,12,13,5,0,30,0,0,16,0,16,12,13,21,0,46,8,0,8,54
05/25/2010,GPI,MT,ANM,WE,Federal Contract Tower,10,16,16,0,42,0,0,31,0,31,10,16,47,0,73,20,0,20,93
05/26/2010,GPI,MT,ANM,WE,Federal Contract Tower,13,11,8,0,32,0,0,35,0,35,13,11,43,0,67,38,4,42,109
05/27/2010,GPI,MT,ANM,WE,Federal Contract Tower,5,19,4,4,32,0,0,5,0,5,5,19,9,4,37,24,0,24,61
05/28/2010,GPI,MT,ANM,WE,Federal Contract Tower,8,24,15,0,47,0,0,12,0,12,8,24,27,0,59,26,0,26,85
05/29/2010,GPI,MT,ANM,WE,Federal Contract Tower,6,9,2,0,17,0,0,2,0,2,6,9,4,0,19,0,0,0,19
05/30/2010,GPI,MT,ANM,WE,Federal Contract Tower,8,3,8,1,20,0,0,7,3,10,8,3,15,4,30,0,0,0,30
05/31/2010,GPI,MT,ANM,WE,Federal Contract Tower,14,6,11,0,31,0,0,3,0,3,14,6,14,0,34,0,0,0,34
06/01/2010,GPI,MT,ANM,WE,Federal Contract Tower,10,13,7,0,30,0,0,32,0,32,10,13,39,0,62,108,0,108,170
06/02/2010,GPI,MT,ANM,WE,Federal Contract Tower,12,17,17,0,46,0,0,11,0,11,12,17,28,0,57,16,0,16,73
06/03/2010,GPI,MT,ANM,WE,Federal Contract Tower,5,16,4,0,25,0,0,3,0,3,5,16,7,0,28,12,0,12,40
06/04/2010,GPI,MT,ANM,WE,Federal Contract Tower,8,17,7,0,32,0,0,5,0,5,8,17,12,0,37,4,0,4,41
06/05/2010,GPI,MT,ANM,WE,Federal Contract Tower,6,8,8,0,22,0,0,29,0,29,6,8,37,0,51,14,0,14,65
06/06/2010,GPI,MT,ANM,WE,Federal Contract Tower,10,8,5,0,23,0,0,10,0,10,10,8,15,0,33,18,0,18,51
06/07/2010,GPI,MT,ANM,WE,Federal Contract Tower,11,18,14,2,45,0,1,3,0,4,11,19,17,2,49,6,2,8,57
06/08/2010,GPI,MT,ANM,WE,Federal Contract Tower,10,14,7,0,31,0,6,32,0,38,10,20,39,0,69,118,0,118,187
06/09/2010,GPI,MT,ANM,WE,Federal Contract Tower,12,11,8,0,31,0,0,0,0,0,12,11,8,0,31,0,0,0,31
06/10/2010,GPI,MT,ANM,WE,Federal Contract Tower,6,25,5,2,38,0,0,0,0,0,6,25,5,2,38,14,0,14,52
06/11/2010,GPI,MT,ANM,WE,Federal Contract Tower,9,30,14,2,55,0,1,25,0,26,9,31,39,2,81,46,0,46,127
06/12/2010,GPI,MT,ANM,WE,Federal Contract Tower,7,16,5,0,28,0,0,32,0,32,7,16,37,0,60,36,0,36,96
06/13/2010,GPI,MT,ANM,WE,Federal Contract Tower,20,15,10,0,45,0,0,32,0,32,20,15,42,0,77,0,0,0,77
06/14/2010,GPI,MT,ANM,WE,Federal Contract Tower,17,10,18,0,45,0,2,36,0,38,17,12,54,0,83,54,0,54,137
06/15/2010,GPI,MT,ANM,WE,Federal Contract Tower,15,19,16,2,52,0,0,39,0,39,15,19,55,2,91,58,2,60,151
06/16/2010,GPI,MT,ANM,WE,Federal Contract Tower,11,11,15,0,37,0,0,3,2,5,11,11,18,2,42,4,0,4,46
06/17/2010,GPI,MT,ANM,WE,Federal Contract Tower,7,14,9,0,30,0,0,4,0,4,7,14,13,0,34,4,0,4,38
06/18/2010,GPI,MT,ANM,WE,Federal Contract Tower,8,30,15,0,53,0,0,13,0,13,8,30,28,0,66,12,0,12,78
06/19/2010,GPI,MT,ANM,WE,Federal Contract Tower,8,18,7,1,34,0,0,37,2,39,8,18,44,3,73,70,0,70,143
06/20/2010,GPI,MT,ANM,WE,Federal Contract Tower,19,15,13,0,47,0,0,11,0,11,19,15,24,0,58,0,0,0,58
06/21/2010,GPI,MT,ANM,WE,Federal Contract Tower,17,23,19,3,62,0,0,7,0,7,17,23,26,3,69,10,2,12,81
06/22/2010,GPI,MT,ANM,WE,Federal Contract Tower,15,17,16,2,50,0,0,27,5,32,15,17,43,7,82,22,30,52,134
06/23/2010,GPI,MT,ANM,WE,Federal Contract Tower,10,25,13,0,48,0,1,41,0,42,10,26,54,0,90,38,0,38,128
06/24/2010,GPI,MT,ANM,WE,Federal Contract Tower,13,18,7,0,38,0,2,43,0,45,13,20,50,0,83,24,0,24,107
06/25/2010,GPI,MT,ANM,WE,Federal Contract Tower,18,14,32,0,64,0,0,47,0,47,18,14,79,0,111,34,0,34,145
06/26/2010,GPI,MT,ANM,WE,Federal Contract Tower,9,16,17,2,44,0,0,38,2,40,9,16,55,4,84,12,24,36,120
06/27/2010,GPI,MT,ANM,WE,Federal Contract Tower,20,23,26,0,69,0,0,61,0,61,20,23,87,0,130,24,0,24,154
06/28/2010,GPI,MT,ANM,WE,Federal Contract Tower,18,24,17,0,59,0,0,68,0,68,18,24,85,0,127,20,0,20,147
06/29/2010,GPI,MT,ANM,WE,Federal Contract Tower,15,17,28,1,61,0,2,39,0,41,15,19,67,1,102,34,0,34,136
06/30/2010,GPI,MT,ANM,WE,Federal Contract Tower,13,20,27,9,69,0,27,31,6,64,13,47,58,15,133,72,36,108,241
07/01/2010,GPI,MT,ANM,WE,Federal Contract Tower,9,43,23,0,75,0,22,48,0,70,9,65,71,0,145,56,0,56,201
07/02/2010,GPI,MT,ANM,WE,Federal Contract Tower,11,26,17,0,54,0,0,26,0,26,11,26,43,0,80,14,0,14,94
07/03/2010,GPI,MT,ANM,WE,Federal Contract Tower,13,21,13,0,47,0,0,13,0,13,13,21,26,0,60,4,0,4,64
07/04/2010,GPI,MT,ANM,WE,Federal Contract Tower,11,21,6,0,38,0,0,11,0,11,11,21,17,0,49,0,0,0,49
07/05/2010,GPI,MT,ANM,WE,Federal Contract Tower,19,20,32,0,71,0,0,13,0,13,19,20,45,0,84,0,0,0,84
07/06/2010,GPI,MT,ANM,WE,Federal Contract Tower,19,14,12,0,45,0,0,37,0,37,19,14,49,0,82,32,0,32,114
07/07/2010,GPI,MT,ANM,WE,Federal Contract Tower,15,19,21,0,55,0,0,48,0,48,15,19,69,0,103,16,0,16,119
07/08/2010,GPI,MT,ANM,WE,Federal Contract Tower,9,24,18,0,51,0,0,27,0,27,9,24,45,0,78,40,0,40,118
07/09/2010,GPI,MT,ANM,WE,Federal Contract Tower,10,27,21,2,60,0,5,64,0,69,10,32,85,2,129,72,0,72,201
07/10/2010,GPI,MT,ANM,WE,Federal Contract Tower,11,19,15,0,45,0,1,29,0,30,11,20,44,0,75,28,0,28,103
07/11/2010,GPI,MT,ANM,WE,Federal Contract Tower,22,17,42,2,83,0,0,31,0,31,22,17,73,2,114,6,6,12,126
07/12/2010,GPI,MT,ANM,WE,Federal Contract Tower,21,21,9,0,51,0,0,17,4,21,21,21,26,4,72,4,0,4,76
07/13/2010,GPI,MT,ANM,WE,Federal Contract Tower,21,14,18,2,55,0,0,15,0,15,21,14,33,2,70,10,2,12,82
07/14/2010,GPI,MT,ANM,WE,Federal Contract Tower,24,15,24,2,65,0,0,49,0,49,24,15,73,2,114,52,0,52,166
07/15/2010,GPI,MT,ANM,WE,Federal Contract Tower,11,19,22,3,55,0,0,45,7,52,11,19,67,10,107,46,4,50,157
07/16/2010,GPI,MT,ANM,WE,Federal Contract Tower,11,31,26,9,77,0,18,55,0,73,11,49,81,9,150,50,0,50,200
07/17/2010,GPI,MT,ANM,WE,Federal Contract Tower,11,17,14,0,42,0,1,71,0,72,11,18,85,0,114,36,0,36,150
07/18/2010,GPI,MT,ANM,WE,Federal Contract Tower,20,15,40,11,86,0,1,58,0,59,20,16,98,11,145,10,10,20,165
07/19/2010,GPI,MT,ANM,WE,Federal Contract Tower,16,21,22,0,59,0,0,25,0,25,16,21,47,0,84,14,0,14,98
07/20/2010,GPI,MT,ANM,WE,Federal Contract Tower,17,14,18,0,49,0,0,33,0,33,17,14,51,0,82,22,0,22,104
07/21/2010,GPI,MT,ANM,WE,Federal Contract Tower,17,13,15,0,45,0,0,34,0,34,17,13,49,0,79,44,0,44,123
07/22/2010,GPI,MT,ANM,WE,Federal Contract Tower,8,24,25,0,57,0,0,33,0,33,8,24,58,0,90,42,0,42,132
07/23/2010,GPI,MT,ANM,WE,Federal Contract Tower,8,27,24,0,59,0,1,40,0,41,8,28,64,0,100,18,6,24,124
07/24/2010,GPI,MT,ANM,WE,Federal Contract Tower,12,27,11,0,50,0,0,26,0,26,12,27,37,0,76,52,0,52,128
07/25/2010,GPI,MT,ANM,WE,Federal Contract Tower,22,18,27,1,68,0,2,37,0,39,22,20,64,1,107,14,0,14,121
07/26/2010,GPI,MT,ANM,WE,Federal Contract Tower,16,19,23,0,58,0,2,41,0,43,16,21,64,0,101,38,0,38,139
07/27/2010,GPI,MT,ANM,WE,Federal Contract Tower,18,20,21,2,61,0,2,32,0,34,18,22,53,2,95,54,0,54,149
07/28/2010,GPI,MT,ANM,WE,Federal Contract Tower,17,18,22,0,57,0,0,26,0,26,17,18,48,0,83,10,0,10,93
07/29/2010,GPI,MT,ANM,WE,Federal Contract Tower,9,27,20,0,56,0,0,34,0,34,9,27,54,0,90,28,0,28,118
07/30/2010,GPI,MT,ANM,WE,Federal Contract Tower,12,30,16,0,58,0,0,20,0,20,12,30,36,0,78,42,0,42,120
07/31/2010,GPI,MT,ANM,WE,Federal Contract Tower,11,25,29,0,65,0,0,38,0,38,11,25,67,0,103,62,0,62,165
08/01/2010,GPI,MT,ANM,WE,Federal Contract Tower,19,17,33,0,69,0,0,36,1,37,19,17,69,1,106,12,0,12,118
08/02/2010,GPI,MT,ANM,WE,Federal Contract Tower,17,17,23,0,57,0,0,38,1,39,17,17,61,1,96,2,0,2,98
08/03/2010,GPI,MT,ANM,WE,Federal Contract Tower,16,20,38,0,74,0,2,28,3,33,16,22,66,3,107,38,0,38,145
08/04/2010,GPI,MT,ANM,WE,Federal Contract Tower,15,18,17,0,50,0,0,29,0,29,15,18,46,0,79,40,0,40,119
08/05/2010,GPI,MT,ANM,WE,Federal Contract Tower,10,31,29,0,70,0,0,20,1,21,10,31,49,1,91,16,0,16,107
08/06/2010,GPI,MT,ANM,WE,Federal Contract Tower,19,18,35,0,72,0,0,38,0,38,19,18,73,0,110,44,0,44,154
08/07/2010,GPI,MT,ANM,WE,Federal Contract Tower,13,22,24,0,59,0,2,52,0,54,13,24,76,0,113,26,0,26,139
08/08/2010,GPI,MT,ANM,WE,Federal Contract Tower,20,23,40,0,83,0,0,27,0,27,20,23,67,0,110,0,0,0,110
08/09/2010,GPI,MT,ANM,WE,Federal Contract Tower,26,17,23,1,67,0,0,20,0,20,26,17,43,1,87,20,0,20,107
08/10/2010,GPI,MT,ANM,WE,Federal Contract Tower,18,24,21,2,65,0,0,33,0,33,18,24,54,2,98,46,0,46,144
08/11/2010,GPI,MT,ANM,WE,Federal Contract Tower,17,18,25,0,60,0,0,47,0,47,17,18,72,0,107,29,0,29,136
08/12/2010,GPI,MT,ANM,WE,Federal Contract Tower,10,33,30,0,73,0,0,23,0,23,10,33,53,0,96,26,0,26,122
08/13/2010,GPI,MT,ANM,WE,Federal Contract Tower,13,32,39,0,84,0,0,30,0,30,13,32,69,0,114,50,0,50,164
08/14/2010,GPI,MT,ANM,WE,Federal Contract Tower,13,23,12,0,48,0,0,31,0,31,13,23,43,0,79,48,0,48,127
08/15/2010,GPI,MT,ANM,WE,Federal Contract Tower,20,22,33,2,77,0,0,37,2,39,20,22,70,4,116,20,12,32,148
08/16/2010,GPI,MT,ANM,WE,Federal Contract Tower,17,23,16,1,57,0,0,43,2,45,17,23,59,3,102,74,0,74,176
08/17/2010,GPI,MT,ANM,WE,Federal Contract Tower,14,17,26,0,57,0,1,53,0,54,14,18,79,0,111,44,0,44,155
08/18/2010,GPI,MT,ANM,WE,Federal Contract Tower,15,18,25,0,58,0,0,52,0,52,15,18,77,0,110,74,0,74,184
08/19/2010,GPI,MT,ANM,WE,Federal Contract Tower,12,28,34,0,74,0,0,59,0,59,12,28,93,0,133,46,0,46,179
08/20/2010,GPI,MT,ANM,WE,Federal Contract Tower,12,27,11,0,50,0,0,39,1,40,12,27,50,1,90,22,0,22,112
08/21/2010,GPI,MT,ANM,WE,Federal Contract Tower,13,20,15,0,48,0,2,41,0,43,13,22,56,0,91,38,0,38,129
08/22/2010,GPI,MT,ANM,WE,Federal Contract Tower,18,12,35,0,65,0,0,26,0,26,18,12,61,0,91,0,0,0,91
08/23/2010,GPI,MT,ANM,WE,Federal Contract Tower,14,15,27,0,56,0,0,48,0,48,14,15,75,0,104,54,0,54,158
08/24/2010,GPI,MT,ANM,WE,Federal Contract Tower,13,19,11,0,43,0,0,57,0,57,13,19,68,0,100,60,0,60,160
08/25/2010,GPI,MT,ANM,WE,Federal Contract Tower,12,13,17,0,42,0,0,42,0,42,12,13,59,0,84,58,0,58,142
08/26/2010,GPI,MT,ANM,WE,Federal Contract Tower,8,19,16,2,45,0,1,34,0,35,8,20,50,2,80,30,10,40,120
08/27/2010,GPI,MT,ANM,WE,Federal Contract Tower,8,29,34,0,71,0,5,41,0,46,8,34,75,0,117,50,0,50,167
08/28/2010,GPI,MT,ANM,WE,Federal Contract Tower,11,15,16,0,42,0,0,21,0,21,11,15,37,0,63,30,0,30,93
08/29/2010,GPI,MT,ANM,WE,Federal Contract Tower,13,13,24,1,51,0,0,3,0,3,13,13,27,1,54,0,2,2,56
08/30/2010,GPI,MT,ANM,WE,Federal Contract Tower,15,15,12,2,44,0,0,34,0,34,15,15,46,2,78,50,2,52,130
08/31/2010,GPI,MT,ANM,WE,Federal Contract Tower,9,14,10,0,33,0,0,29,0,29,9,14,39,0,62,48,0,48,110
09/01/2010,GPI,MT,ANM,WE,Federal Contract Tower,8,21,15,0,44,0,0,20,0,20,8,21,35,0,64,38,0,38,102
09/02/2010,GPI,MT,ANM,WE,Federal Contract Tower,19,21,22,9,71,0,2,34,0,36,19,23,56,9,107,74,0,74,181
09/03/2010,GPI,MT,ANM,WE,Federal Contract Tower,13,28,33,0,74,0,0,62,1,63,13,28,95,1,137,82,0,82,219
09/04/2010,GPI,MT,ANM,WE,Federal Contract Tower,11,12,7,0,30,0,0,30,0,30,11,12,37,0,60,20,0,20,80
09/05/2010,GPI,MT,ANM,WE,Federal Contract Tower,11,7,14,0,32,0,0,12,0,12,11,7,26,0,44,0,0,0,44
09/06/2010,GPI,MT,ANM,WE,Federal Contract Tower,14,18,26,0,58,0,0,36,0,36,14,18,62,0,94,64,0,64,158
09/07/2010,GPI,MT,ANM,WE,Federal Contract Tower,13,15,3,0,31,0,0,21,0,21,13,15,24,0,52,20,0,20,72
09/08/2010,GPI,MT,ANM,WE,Federal Contract Tower,15,21,24,3,63,0,0,45,4,49,15,21,69,7,112,70,18,88,200
09/09/2010,GPI,MT,ANM,WE,Federal Contract Tower,6,18,14,0,38,0,0,4,0,4,6,18,18,0,42,0,0,0,42
09/10/2010,GPI,MT,ANM,WE,Federal Contract Tower,7,24,14,0,45,0,0,21,0,21,7,24,35,0,66,34,0,34,100
09/11/2010,GPI,MT,ANM,WE,Federal Contract Tower,9,16,15,2,42,0,0,29,1,30,9,16,44,3,72,20,18,38,110
09/12/2010,GPI,MT,ANM,WE,Federal Contract Tower,14,13,10,2,39,0,0,41,0,41,14,13,51,2,80,30,16,46,126
09/13/2010,GPI,MT,ANM,WE,Federal Contract Tower,15,14,14,0,43,0,3,29,0,32,15,17,43,0,75,44,0,44,119
09/14/2010,GPI,MT,ANM,WE,Federal Contract Tower,10,14,15,0,39,0,0,22,0,22,10,14,37,0,61,44,0,44,105
09/15/2010,GPI,MT,ANM,WE,Federal Contract Tower,9,15,9,4,37,0,0,47,0,47,9,15,56,4,84,56,8,64,148
09/16/2010,GPI,MT,ANM,WE,Federal Contract Tower,9,17,13,9,48,0,0,12,0,12,9,17,25,9,60,14,0,14,74
09/17/2010,GPI,MT,ANM,WE,Federal Contract Tower,10,26,14,2,52,0,0,6,0,6,10,26,20,2,58,10,0,10,68
09/18/2010,GPI,MT,ANM,WE,Federal Contract Tower,9,14,13,0,36,0,0,7,0,7,9,14,20,0,43,8,0,8,51
09/19/2010,GPI,MT,ANM,WE,Federal Contract Tower,11,6,19,0,36,0,0,6,0,6,11,6,25,0,42,14,0,14,56
09/20/2010,GPI,MT,ANM,WE,Federal Contract Tower,12,14,14,0,40,0,0,4,0,4,12,14,18,0,44,0,0,0,44
09/21/2010,GPI,MT,ANM,WE,Federal Contract Tower,10,14,8,0,32,0,0,20,2,22,10,14,28,2,54,10,2,12,66
09/22/2010,GPI,MT,ANM,WE,Federal Contract Tower,15,21,24,3,63,0,0,45,4,49,15,21,69,7,112,70,18,88,200
09/23/2010,GPI,MT,ANM,WE,Federal Contract Tower,6,22,11,0,39,0,0,11,0,11,6,22,22,0,50,28,0,28,78
09/24/2010,GPI,MT,ANM,WE,Federal Contract Tower,7,23,17,0,47,0,0,28,0,28,7,23,45,0,75,42,0,42,117
09/25/2010,GPI,MT,ANM,WE,Federal Contract Tower,7,15,5,0,27,0,0,35,22,57,7,15,40,22,84,18,14,32,116
09/26/2010,GPI,MT,ANM,WE,Federal Contract Tower,10,15,11,0,36,0,0,22,0,22,10,15,33,0,58,18,0,18,76
09/27/2010,GPI,MT,ANM,WE,Federal Contract Tower,13,16,13,0,42,0,3,46,0,49,13,19,59,0,91,86,0,86,177
09/28/2010,GPI,MT,ANM,WE,Federal Contract Tower,11,11,10,0,32,0,0,28,0,28,11,11,38,0,60,16,0,16,76
09/29/2010,GPI,MT,ANM,WE,Federal Contract Tower,11,10,20,0,41,0,0,44,0,44,11,10,64,0,85,34,0,34,119
09/30/2010,GPI,MT,ANM,WE,Federal Contract Tower,5,15,11,1,32,0,0,28,1,29,5,15,39,2,61,54,0,54,115
10/01/2010,GPI,MT,ANM,WE,Federal Contract Tower,9,18,9,0,36,0,2,48,0,50,9,20,57,0,86,54,0,54,140
10/02/2010,GPI,MT,ANM,WE,Federal Contract Tower,7,10,9,2,28,0,8,51,0,59,7,18,60,2,87,52,6,58,145
10/03/2010,GPI,MT,ANM,WE,Federal Contract Tower,12,14,4,0,30,0,2,22,0,24,12,16,26,0,54,42,0,42,96
10/04/2010,GPI,MT,ANM,WE,Federal Contract Tower,10,9,9,0,28,0,0,4,1,5,10,9,13,1,33,0,0,0,33
10/05/2010,GPI,MT,ANM,WE,Federal Contract Tower,8,9,19,0,36,0,0,22,0,22,8,9,41,0,58,8,0,8,66
10/06/2010,GPI,MT,ANM,WE,Federal Contract Tower,13,14,17,0,44,0,14,22,0,36,13,28,39,0,80,48,0,48,128
10/07/2010,GPI,MT,ANM,WE,Federal Contract Tower,4,12,8,0,24,0,0,15,0,15,4,12,23,0,39,22,0,22,61
10/08/2010,GPI,MT,ANM,WE,Federal Contract Tower,10,24,12,0,46,0,0,23,0,23,10,24,35,0,69,24,0,24,93
10/09/2010,GPI,MT,ANM,WE,Federal Contract Tower,7,10,7,2,26,0,0,20,0,20,7,10,27,2,46,14,10,24,70
10/10/2010,GPI,MT,ANM,WE,Federal Contract Tower,13,10,7,0,30,0,6,12,0,18,13,16,19,0,48,44,0,44,92
10/11/2010,GPI,MT,ANM,WE,Federal Contract Tower,13,13,5,0,31,0,0,9,0,9,13,13,14,0,40,14,0,14,54
10/12/2010,GPI,MT,ANM,WE,Federal Contract Tower,12,12,7,0,31,0,0,36,0,36,12,12,43,0,67,36,0,36,103
10/13/2010,GPI,MT,ANM,WE,Federal Contract Tower,11,14,15,0,40,0,4,42,2,48,11,18,57,2,88,54,0,54,142
10/14/2010,GPI,MT,ANM,WE,Federal Contract Tower,7,14,13,0,34,0,0,23,0,23,7,14,36,0,57,28,0,28,85
10/15/2010,GPI,MT,ANM,WE,Federal Contract Tower,5,22,14,1,42,0,0,18,0,18,5,22,32,1,60,12,0,12,72
10/16/2010,GPI,MT,ANM,WE,Federal Contract Tower,7,12,4,0,23,0,0,37,4,41,7,12,41,4,64,26,0,26,90
10/17/2010,GPI,MT,ANM,WE,Federal Contract Tower,12,9,15,0,36,0,0,27,0,27,12,9,42,0,63,44,0,44,107
10/18/2010,GPI,MT,ANM,WE,Federal Contract Tower,14,8,17,0,39,0,0,21,0,21,14,8,38,0,60,62,0,62,122
10/19/2010,GPI,MT,ANM,WE,Federal Contract Tower,10,11,25,0,46,0,1,39,0,40,10,12,64,0,86,90,0,90,176
10/20/2010,GPI,MT,ANM,WE,Federal Contract Tower,13,9,12,0,34,0,0,49,2,51,13,9,61,2,85,92,0,92,177
10/21/2010,GPI,MT,ANM,WE,Federal Contract Tower,6,17,9,0,32,0,0,39,0,39,6,17,48,0,71,32,0,32,103
10/22/2010,GPI,MT,ANM,WE,Federal Contract Tower,12,18,10,0,40,0,0,33,0,33,12,18,43,0,73,80,0,80,153
10/23/2010,GPI,MT,ANM,WE,Federal Contract Tower,8,9,8,0,25,0,0,14,0,14,8,9,22,0,39,8,0,8,47
10/24/2010,GPI,MT,ANM,WE,Federal Contract Tower,10,13,10,2,35,0,0,2,0,2,10,13,12,2,37,0,0,0,37
10/25/2010,GPI,MT,ANM,WE,Federal Contract Tower,12,7,9,0,28,0,0,3,0,3,12,7,12,0,31,0,0,0,31
10/26/2010,GPI,MT,ANM,WE,Federal Contract Tower,9,13,2,0,24,0,0,2,0,2,9,13,4,0,26,12,0,12,38
10/27/2010,GPI,MT,ANM,WE,Federal Contract Tower,10,13,7,0,30,0,0,14,0,14,10,13,21,0,44,22,0,22,66
10/28/2010,GPI,MT,ANM,WE,Federal Contract Tower,7,16,5,0,28,0,0,16,0,16,7,16,21,0,44,44,0,44,88
10/29/2010,GPI,MT,ANM,WE,Federal Contract Tower,9,16,8,0,33,0,0,1,0,1,9,16,9,0,34,10,0,10,44
10/30/2010,GPI,MT,ANM,WE,Federal Contract Tower,6,11,6,0,23,0,0,24,0,24,6,11,30,0,47,46,0,46,93
10/31/2010,GPI,MT,ANM,WE,Federal Contract Tower,11,10,14,0,35,0,0,0,0,0,11,10,14,0,35,0,0,0,35
11/01/2010,GPI,MT,ANM,WE,Federal Contract Tower,14,11,7,0,32,0,0,19,0,19,14,11,26,0,51,60,0,60,111
11/02/2010,GPI,MT,ANM,WE,Federal Contract Tower,11,10,8,0,29,0,0,28,0,28,11,10,36,0,57,64,0,64,121
11/03/2010,GPI,MT,ANM,WE,Federal Contract Tower,6,13,3,0,22,0,0,21,0,21,6,13,24,0,43,28,0,28,71
11/04/2010,GPI,MT,ANM,WE,Federal Contract Tower,5,15,14,0,34,0,3,28,0,31,5,18,42,0,65,24,18,42,107
11/05/2010,GPI,MT,ANM,WE,Federal Contract Tower,11,14,14,0,39,0,0,10,0,10,11,14,24,0,49,40,0,40,89
11/06/2010,GPI,MT,ANM,WE,Federal Contract Tower,3,8,3,2,16,0,0,12,0,12,3,8,15,2,28,6,6,12,40
11/07/2010,GPI,MT,ANM,WE,Federal Contract Tower,10,8,5,0,23,0,0,2,0,2,10,8,7,0,25,6,0,6,31
11/08/2010,GPI,MT,ANM,WE,Federal Contract Tower,12,8,9,0,29,0,0,10,0,10,12,8,19,0,39,16,0,16,55
11/09/2010,GPI,MT,ANM,WE,Federal Contract Tower,9,10,9,0,28,0,0,5,0,5,9,10,14,0,33,0,0,0,33
11/10/2010,GPI,MT,ANM,WE,Federal Contract Tower,5,13,6,0,24,0,0,12,0,12,5,13,18,0,36,6,0,6,42
11/11/2010,GPI,MT,ANM,WE,Federal Contract Tower,4,14,8,0,26,0,0,11,0,11,4,14,19,0,37,22,0,22,59
11/12/2010,GPI,MT,ANM,WE,Federal Contract Tower,6,14,3,0,23,0,0,5,0,5,6,14,8,0,28,2,0,2,30
11/13/2010,GPI,MT,ANM,WE,Federal Contract Tower,2,9,5,0,16,0,0,1,0,1,2,9,6,0,17,0,0,0,17
11/14/2010,GPI,MT,ANM,WE,Federal Contract Tower,6,10,4,0,20,0,0,0,0,0,6,10,4,0,20,0,0,0,20
11/15/2010,GPI,MT,ANM,WE,Federal Contract Tower,7,8,9,0,24,0,0,11,0,11,7,8,20,0,35,4,0,4,39
11/16/2010,GPI,MT,ANM,WE,Federal Contract Tower,5,15,6,0,26,0,0,0,0,0,5,15,6,0,26,0,0,0,26
11/17/2010,GPI,MT,ANM,WE,Federal Contract Tower,3,14,6,0,23,0,0,0,0,0,3,14,6,0,23,0,0,0,23
11/18/2010,GPI,MT,ANM,WE,Federal Contract Tower,7,16,5,0,28,0,0,2,0,2,7,16,7,0,30,8,0,8,38
11/19/2010,GPI,MT,ANM,WE,Federal Contract Tower,7,15,7,0,29,0,0,11,0,11,7,15,18,0,40,2,0,2,42
11/20/2010,GPI,MT,ANM,WE,Federal Contract Tower,5,10,1,0,16,0,0,0,0,0,5,10,1,0,16,0,0,0,16
11/21/2010,GPI,MT,ANM,WE,Federal Contract Tower,6,9,2,0,17,0,0,6,0,6,6,9,8,0,23,0,0,0,23
11/22/2010,GPI,MT,ANM,WE,Federal Contract Tower,6,9,5,0,20,0,0,0,0,0,6,9,5,0,20,0,0,0,20
11/23/2010,GPI,MT,ANM,WE,Federal Contract Tower,5,22,5,0,32,0,0,0,0,0,5,22,5,0,32,0,0,0,32
11/24/2010,GPI,MT,ANM,WE,Federal Contract Tower,5,14,9,0,28,0,0,1,0,1,5,14,10,0,29,12,0,12,41
11/25/2010,GPI,MT,ANM,WE,Federal Contract Tower,4,9,4,1,18,0,0,0,0,0,4,9,4,1,18,0,0,0,18
11/26/2010,GPI,MT,ANM,WE,Federal Contract Tower,8,22,4,0,34,0,0,0,0,0,8,22,4,0,34,0,0,0,34
11/27/2010,GPI,MT,ANM,WE,Federal Contract Tower,6,17,2,0,25,0,0,0,0,0,6,17,2,0,25,0,0,0,25
11/28/2010,GPI,MT,ANM,WE,Federal Contract Tower,9,12,20,0,41,0,0,0,0,0,9,12,20,0,41,0,0,0,41
11/29/2010,GPI,MT,ANM,WE,Federal Contract Tower,12,10,9,0,31,0,0,8,0,8,12,10,17,0,39,10,0,10,49
11/30/2010,GPI,MT,ANM,WE,Federal Contract Tower,7,15,4,0,26,0,0,2,0,2,7,15,6,0,28,0,0,0,28
12/01/2010,GPI,MT,ANM,WE,Federal Contract Tower,9,12,9,0,30,0,0,3,0,3,9,12,12,0,33,2,0,2,35
12/02/2010,GPI,MT,ANM,WE,Federal Contract Tower,5,13,3,0,21,0,0,0,0,0,5,13,3,0,21,0,0,0,21
12/03/2010,GPI,MT,ANM,WE,Federal Contract Tower,9,13,16,0,38,0,0,11,0,11,9,13,27,0,49,28,0,28,77
12/04/2010,GPI,MT,ANM,WE,Federal Contract Tower,3,12,1,2,18,0,0,8,0,8,3,12,9,2,26,12,10,22,48
12/05/2010,GPI,MT,ANM,WE,Federal Contract Tower,9,5,4,0,18,0,0,0,0,0,9,5,4,0,18,0,0,0,18
12/06/2010,GPI,MT,ANM,WE,Federal Contract Tower,10,8,7,0,25,0,2,15,0,17,10,10,22,0,42,32,0,32,74
12/07/2010,GPI,MT,ANM,WE,Federal Contract Tower,10,8,10,0,28,0,0,6,0,6,10,8,16,0,34,28,0,28,62
12/08/2010,GPI,MT,ANM,WE,Federal Contract Tower,9,9,7,0,25,0,0,0,0,0,9,9,7,0,25,0,0,0,25
12/09/2010,GPI,MT,ANM,WE,Federal Contract Tower,6,13,7,0,26,0,0,5,0,5,6,13,12,0,31,26,0,26,57
12/10/2010,GPI,MT,ANM,WE,Federal Contract Tower,6,17,6,7,36,0,0,5,0,5,6,17,11,7,41,20,0,20,61
12/11/2010,GPI,MT,ANM,WE,Federal Contract Tower,5,9,1,1,16,0,0,7,0,7,5,9,8,1,23,10,0,10,33
12/12/2010,GPI,MT,ANM,WE,Federal Contract Tower,9,5,10,0,24,0,0,0,0,0,9,5,10,0,24,0,0,0,24
12/13/2010,GPI,MT,ANM,WE,Federal Contract Tower,13,9,13,0,35,0,0,1,0,1,13,9,14,0,36,2,0,2,38
12/14/2010,GPI,MT,ANM,WE,Federal Contract Tower,10,12,14,0,36,0,0,0,0,0,10,12,14,0,36,0,0,0,36
12/15/2010,GPI,MT,ANM,WE,Federal Contract Tower,9,13,6,0,28,0,0,7,0,7,9,13,13,0,35,2,0,2,37
12/16/2010,GPI,MT,ANM,WE,Federal Contract Tower,6,14,18,1,39,0,0,18,1,19,6,14,36,2,58,4,4,8,66
12/17/2010,GPI,MT,ANM,WE,Federal Contract Tower,5,23,13,0,41,0,0,12,0,12,5,23,25,0,53,28,0,28,81
12/18/2010,GPI,MT,ANM,WE,Federal Contract Tower,7,15,8,0,30,0,0,10,0,10,7,15,18,0,40,2,0,2,42
12/19/2010,GPI,MT,ANM,WE,Federal Contract Tower,9,9,8,0,26,0,0,13,0,13,9,9,21,0,39,0,0,0,39
12/20/2010,GPI,MT,ANM,WE,Federal Contract Tower,12,17,8,0,37,0,0,8,0,8,12,17,16,0,45,0,0,0,45
12/21/2010,GPI,MT,ANM,WE,Federal Contract Tower,6,21,9,0,36,0,1,7,0,8,6,22,16,0,44,12,0,12,56
12/22/2010,GPI,MT,ANM,WE,Federal Contract Tower,5,14,14,0,33,0,13,0,0,13,5,27,14,0,46,28,0,28,74
12/23/2010,GPI,MT,ANM,WE,Federal Contract Tower,4,21,13,0,38,0,0,0,0,0,4,21,13,0,38,0,0,0,38
12/24/2010,GPI,MT,ANM,WE,Federal Contract Tower,7,11,4,0,22,0,1,2,0,3,7,12,6,0,25,0,0,0,25
12/25/2010,GPI,MT,ANM,WE,Federal Contract Tower,4,5,4,0,13,0,0,4,0,4,4,5,8,0,17,8,0,8,25
12/26/2010,GPI,MT,ANM,WE,Federal Contract Tower,12,12,23,0,47,0,0,0,0,0,12,12,23,0,47,0,0,0,47
12/27/2010,GPI,MT,ANM,WE,Federal Contract Tower,11,16,13,0,40,0,0,2,0,2,11,16,15,0,42,8,0,8,50
12/28/2010,GPI,MT,ANM,WE,Federal Contract Tower,7,16,14,0,37,0,0,4,0,4,7,16,18,0,41,20,0,20,61
12/29/2010,GPI,MT,ANM,WE,Federal Contract Tower,5,14,9,0,28,0,0,0,0,0,5,14,9,0,28,0,0,0,28
12/30/2010,GPI,MT,ANM,WE,Federal Contract Tower,9,16,10,0,35,0,0,2,0,2,9,16,12,0,37,12,0,12,49
12/31/2010,GPI,MT,ANM,WE,Federal Contract Tower,8,18,8,0,34,0,0,9,0,9,8,18,17,0,43,16,0,16,59
01/01/2011,GPI,MT,ANM,WE,Federal Contract Tower,7,7,16,0,30,0,0,0,0,0,7,7,16,0,30,0,0,0,30
01/02/2011,GPI,MT,ANM,WE,Federal Contract Tower,10,11,29,0,50,0,0,2,0,2,10,11,31,0,52,8,0,8,60
01/03/2011,GPI,MT,ANM,WE,Federal Contract Tower,12,8,10,0,30,0,0,5,0,5,12,8,15,0,35,4,0,4,39
01/04/2011,GPI,MT,ANM,WE,Federal Contract Tower,7,16,8,4,35,0,0,0,0,0,7,16,8,4,35,0,0,0,35
01/05/2011,GPI,MT,ANM,WE,Federal Contract Tower,9,12,5,0,26,0,0,0,0,0,9,12,5,0,26,0,0,0,26
01/06/2011,GPI,MT,ANM,WE,Federal Contract Tower,4,10,7,0,21,0,0,0,0,0,4,10,7,0,21,0,0,0,21
01/07/2011,GPI,MT,ANM,WE,Federal Contract Tower,9,15,4,0,28,0,0,0,0,0,9,15,4,0,28,0,0,0,28
01/08/2011,GPI,MT,ANM,WE,Federal Contract Tower,5,11,2,0,18,0,0,2,0,2,5,11,4,0,20,0,0,0,20
01/09/2011,GPI,MT,ANM,WE,Federal Contract Tower,9,5,4,0,18,0,0,0,0,0,9,5,4,0,18,2,0,2,20
01/10/2011,GPI,MT,ANM,WE,Federal Contract Tower,9,13,1,0,23,0,5,17,0,22,9,18,18,0,45,66,0,66,111
01/11/2011,GPI,MT,ANM,WE,Federal Contract Tower,7,11,9,0,27,0,2,14,2,18,7,13,23,2,45,18,0,18,63
01/12/2011,GPI,MT,ANM,WE,Federal Contract Tower,6,15,5,0,26,0,0,0,0,0,6,15,5,0,26,0,0,0,26
01/13/2011,GPI,MT,ANM,WE,Federal Contract Tower,3,14,4,0,21,0,0,2,0,2,3,14,6,0,23,0,0,0,23
01/14/2011,GPI,MT,ANM,WE,Federal Contract Tower,4,25,8,0,37,0,0,0,0,0,4,25,8,0,37,0,0,0,37
01/15/2011,GPI,MT,ANM,WE,Federal Contract Tower,5,11,1,0,17,0,0,0,0,0,5,11,1,0,17,0,0,0,17
01/16/2011,GPI,MT,ANM,WE,Federal Contract Tower,8,5,5,0,18,0,0,2,0,2,8,5,7,0,20,10,0,10,30
01/17/2011,GPI,MT,ANM,WE,Federal Contract Tower,11,8,3,0,22,0,0,8,0,8,11,8,11,0,30,22,0,22,52
01/18/2011,GPI,MT,ANM,WE,Federal Contract Tower,7,14,7,0,28,0,0,11,0,11,7,14,18,0,39,36,0,36,75
01/19/2011,GPI,MT,ANM,WE,Federal Contract Tower,10,13,10,0,33,0,0,32,0,32,10,13,42,0,65,34,0,34,99
01/20/2011,GPI,MT,ANM,WE,Federal Contract Tower,5,16,7,2,30,0,0,0,0,0,5,16,7,2,30,0,0,0,30
01/21/2011,GPI,MT,ANM,WE,Federal Contract Tower,7,14,11,0,32,0,0,0,0,0,7,14,11,0,32,0,0,0,32
01/22/2011,GPI,MT,ANM,WE,Federal Contract Tower,5,13,4,0,22,0,0,10,0,10,5,13,14,0,32,0,0,0,32
01/23/2011,GPI,MT,ANM,WE,Federal Contract Tower,9,5,9,0,23,0,0,3,0,3,9,5,12,0,26,4,0,4,30
01/24/2011,GPI,MT,ANM,WE,Federal Contract Tower,8,9,6,0,23,0,0,4,0,4,8,9,10,0,27,12,0,12,39
01/25/2011,GPI,MT,ANM,WE,Federal Contract Tower,7,12,4,2,25,0,0,0,0,0,7,12,4,2,25,0,0,0,25
01/26/2011,GPI,MT,ANM,WE,Federal Contract Tower,9,16,10,0,35,0,0,9,2,11,9,16,19,2,46,0,12,12,58
01/27/2011,GPI,MT,ANM,WE,Federal Contract Tower,1,2,6,4,13,0,0,1,0,1,1,2,7,4,14,0,0,0,14
01/28/2011,GPI,MT,ANM,WE,Federal Contract Tower,6,18,8,2,34,0,0,10,0,10,6,18,18,2,44,16,8,24,68
01/29/2011,GPI,MT,ANM,WE,Federal Contract Tower,7,10,5,0,22,0,0,4,0,4,7,10,9,0,26,0,0,0,26
01/30/2011,GPI,MT,ANM,WE,Federal Contract Tower,11,7,8,0,26,0,0,1,0,1,11,7,9,0,27,0,0,0,27
01/31/2011,GPI,MT,ANM,WE,Federal Contract Tower,10,9,7,0,26,0,0,16,0,16,10,9,23,0,42,54,0,54,96
02/01/2011,GPI,MT,ANM,WE,Federal Contract Tower,10,14,3,0,27,0,1,35,0,36,10,15,38,0,63,56,0,56,119
02/02/2011,GPI,MT,ANM,WE,Federal Contract Tower,10,10,10,2,32,0,0,32,2,34,10,10,42,4,66,74,16,90,156
02/03/2011,GPI,MT,ANM,WE,Federal Contract Tower,5,15,6,0,26,0,0,7,0,7,5,15,13,0,33,2,0,2,35
02/04/2011,GPI,MT,ANM,WE,Federal Contract Tower,3,16,5,0,24,0,0,1,0,1,3,16,6,0,25,2,0,2,27
02/05/2011,GPI,MT,ANM,WE,Federal Contract Tower,5,13,6,0,24,0,0,8,0,8,5,13,14,0,32,12,0,12,44
02/06/2011,GPI,MT,ANM,WE,Federal Contract Tower,6,7,4,0,17,0,0,4,0,4,6,7,8,0,21,8,0,8,29
02/07/2011,GPI,MT,ANM,WE,Federal Contract Tower,9,9,5,0,23,0,0,2,0,2,9,9,7,0,25,16,0,16,41
02/08/2011,GPI,MT,ANM,WE,Federal Contract Tower,7,12,17,0,36,0,0,15,0,15,7,12,32,0,51,68,0,68,119
02/09/2011,GPI,MT,ANM,WE,Federal Contract Tower,7,13,5,0,25,0,0,0,0,0,7,13,5,0,25,0,0,0,25
02/10/2011,GPI,MT,ANM,WE,Federal Contract Tower,4,13,8,0,25,0,0,12,0,12,4,13,20,0,37,32,0,32,69
02/11/2011,GPI,MT,ANM,WE,Federal Contract Tower,4,18,8,0,30,0,1,14,1,16,4,19,22,1,46,18,26,44,90
02/12/2011,GPI,MT,ANM,WE,Federal Contract Tower,5,9,1,0,15,0,0,8,0,8,5,9,9,0,23,12,0,12,35
02/13/2011,GPI,MT,ANM,WE,Federal Contract Tower,11,6,5,0,22,0,1,11,0,12,11,7,16,0,34,38,0,38,72
02/14/2011,GPI,MT,ANM,WE,Federal Contract Tower,7,10,5,0,22,0,0,16,0,16,7,10,21,0,38,28,0,28,66
02/15/2011,GPI,MT,ANM,WE,Federal Contract Tower,7,18,6,0,31,0,0,0,0,0,7,18,6,0,31,0,0,0,31
02/16/2011,GPI,MT,ANM,WE,Federal Contract Tower,6,19,4,0,29,0,3,0,0,3,6,22,4,0,32,8,0,8,40
02/17/2011,GPI,MT,ANM,WE,Federal Contract Tower,4,16,1,1,22,0,0,5,0,5,4,16,6,1,27,22,0,22,49
02/18/2011,GPI,MT,ANM,WE,Federal Contract Tower,7,16,19,0,42,0,0,4,0,4,7,16,23,0,46,18,0,18,64
02/19/2011,GPI,MT,ANM,WE,Federal Contract Tower,4,13,8,0,25,0,0,15,0,15,4,13,23,0,40,38,0,38,78
02/20/2011,GPI,MT,ANM,WE,Federal Contract Tower,11,9,5,0,25,0,0,15,0,15,11,9,20,0,40,6,0,6,46
02/21/2011,GPI,MT,ANM,WE,Federal Contract Tower,7,11,20,0,38,0,0,5,0,5,7,11,25,0,43,4,0,4,47
02/22/2011,GPI,MT,ANM,WE,Federal Contract Tower,8,13,6,0,27,0,0,5,0,5,8,13,11,0,32,50,0,50,82
02/23/2011,GPI,MT,ANM,WE,Federal Contract Tower,2,19,9,0,30,0,0,0,0,0,2,19,9,0,30,0,0,0,30
02/24/2011,GPI,MT,ANM,WE,Federal Contract Tower,7,13,13,0,33,0,0,2,0,2,7,13,15,0,35,0,0,0,35
02/25/2011,GPI,MT,ANM,WE,Federal Contract Tower,8,18,8,2,36,0,0,17,0,17,8,18,25,2,53,18,2,20,73
02/26/2011,GPI,MT,ANM,WE,Federal Contract Tower,5,13,6,0,24,0,0,2,0,2,5,13,8,0,26,2,0,2,28
02/27/2011,GPI,MT,ANM,WE,Federal Contract Tower,10,13,15,0,38,0,0,2,0,2,10,13,17,0,40,10,0,10,50
02/28/2011,GPI,MT,ANM,WE,Federal Contract Tower,9,8,6,2,25,0,0,2,0,2,9,8,8,2,27,14,2,16,43
03/01/2011,GPI,MT,ANM,WE,Federal Contract Tower,8,12,6,0,26,0,0,0,0,0,8,12,6,0,26,0,0,0,26
03/02/2011,GPI,MT,ANM,WE,Federal Contract Tower,9,12,8,0,29,0,0,0,0,0,9,12,8,0,29,2,0,2,31
03/03/2011,GPI,MT,ANM,WE,Federal Contract Tower,5,19,0,0,24,0,0,21,2,23,5,19,21,2,47,18,0,18,65
03/04/2011,GPI,MT,ANM,WE,Federal Contract Tower,2,18,3,0,23,0,1,17,0,18,2,19,20,0,41,8,0,8,49
03/05/2011,GPI,MT,ANM,WE,Federal Contract Tower,7,9,3,0,19,0,0,8,0,8,7,9,11,0,27,2,0,2,29
03/06/2011,GPI,MT,ANM,WE,Federal Contract Tower,11,3,7,0,21,0,0,26,0,26,11,3,33,0,47,30,0,30,77
03/07/2011,GPI,MT,ANM,WE,Federal Contract Tower,6,14,6,4,30,0,1,17,2,20,6,15,23,6,50,24,32,56,106
03/08/2011,GPI,MT,ANM,WE,Federal Contract Tower,9,17,10,0,36,0,0,4,0,4,9,17,14,0,40,6,0,6,46
03/09/2011,GPI,MT,ANM,WE,Federal Contract Tower,9,14,7,0,30,0,0,7,2,9,9,14,14,2,39,36,2,38,77
03/10/2011,GPI,MT,ANM,WE,Federal Contract Tower,9,14,9,0,32,0,0,0,0,0,9,14,9,0,32,0,0,0,32
03/11/2011,GPI,MT,ANM,WE,Federal Contract Tower,5,19,7,10,41,0,0,9,0,9,5,19,16,10,50,36,4,40,90
03/12/2011,GPI,MT,ANM,WE,Federal Contract Tower,9,7,3,0,19,0,2,30,0,32,9,9,33,0,51,36,0,36,87
03/13/2011,GPI,MT,ANM,WE,Federal Contract Tower,12,6,5,0,23,0,0,7,0,7,12,6,12,0,30,0,0,0,30
03/14/2011,GPI,MT,ANM,WE,Federal Contract Tower,9,11,8,1,29,0,0,2,0,2,9,11,10,1,31,2,2,4,35
03/15/2011,GPI,MT,ANM,WE,Federal Contract Tower,9,10,9,8,36,0,0,14,0,14,9,10,23,8,50,32,8,40,90
03/16/2011,GPI,MT,ANM,WE,Federal Contract Tower,9,11,12,3,35,0,0,7,0,7,9,11,19,3,42,8,14,22,64
03/17/2011,GPI,MT,ANM,WE,Federal Contract Tower,6,12,3,1,22,0,0,7,0,7,6,12,10,1,29,0,0,0,29
03/18/2011,GPI,MT,ANM,WE,Federal Contract Tower,1,18,12,2,33,0,0,32,0,32,1,18,44,2,65,28,0,28,93
03/19/2011,GPI,MT,ANM,WE,Federal Contract Tower,6,9,1,0,16,0,0,2,0,2,6,9,3,0,18,6,0,6,24
03/20/2011,GPI,MT,ANM,WE,Federal Contract Tower,10,9,6,2,27,0,0,6,0,6,10,9,12,2,33,0,10,10,43
03/21/2011,GPI,MT,ANM,WE,Federal Contract Tower,9,12,7,4,32,0,0,0,0,0,9,12,7,4,32,0,30,30,62
03/22/2011,GPI,MT,ANM,WE,Federal Contract Tower,9,13,8,6,36,0,0,4,0,4,9,13,12,6,40,14,18,32,72
03/23/2011,GPI,MT,ANM,WE,Federal Contract Tower,9,13,24,0,46,0,12,37,0,49,9,25,61,0,95,84,0,84,179
03/24/2011,GPI,MT,ANM,WE,Federal Contract Tower,4,15,9,0,28,0,0,30,0,30,4,15,39,0,58,32,0,32,90
03/25/2011,GPI,MT,ANM,WE,Federal Contract Tower,8,14,6,0,28,0,0,12,0,12,8,14,18,0,40,62,0,62,102
03/26/2011,GPI,MT,ANM,WE,Federal Contract Tower,7,11,4,0,22,0,0,20,0,20,7,11,24,0,42,28,0,28,70
03/27/2011,GPI,MT,ANM,WE,Federal Contract Tower,10,8,4,0,22,0,0,0,0,0,10,8,4,0,22,0,0,0,22
03/28/2011,GPI,MT,ANM,WE,Federal Contract Tower,13,8,6,0,27,0,0,2,0,2,13,8,8,0,29,0,0,0,29
03/29/2011,GPI,MT,ANM,WE,Federal Contract Tower,8,12,6,0,26,0,0,8,0,8,8,12,14,0,34,28,0,28,62
03/30/2011,GPI,MT,ANM,WE,Federal Contract Tower,8,16,5,0,29,0,0,4,0,4,8,16,9,0,33,2,0,2,35
03/31/2011,GPI,MT,ANM,WE,Federal Contract Tower,6,14,4,0,24,0,0,0,0,0,6,14,4,0,24,0,0,0,24
04/01/2011,GPI,MT,ANM,WE,Federal Contract Tower,5,17,3,0,25,0,0,10,0,10,5,17,13,0,35,24,0,24,59
04/02/2011,GPI,MT,ANM,WE,Federal Contract Tower,6,9,5,0,20,0,0,1,0,1,6,9,6,0,21,0,0,0,21
04/03/2011,GPI,MT,ANM,WE,Federal Contract Tower,10,12,8,0,30,0,0,5,0,5,10,12,13,0,35,0,0,0,35
04/04/2011,GPI,MT,ANM,WE,Federal Contract Tower,12,12,9,0,33,0,0,5,0,5,12,12,14,0,38,16,0,16,54
04/05/2011,GPI,MT,ANM,WE,Federal Contract Tower,5,13,9,0,27,0,0,5,0,5,5,13,14,0,32,12,0,12,44
04/06/2011,GPI,MT,ANM,WE,Federal Contract Tower,5,17,5,0,27,0,0,9,0,9,5,17,14,0,36,24,0,24,60
04/07/2011,GPI,MT,ANM,WE,Federal Contract Tower,6,13,12,0,31,0,0,7,0,7,6,13,19,0,38,36,0,36,74
04/08/2011,GPI,MT,ANM,WE,Federal Contract Tower,3,12,12,0,27,0,3,22,0,25,3,15,34,0,52,34,0,34,86
04/09/2011,GPI,MT,ANM,WE,Federal Contract Tower,7,8,5,0,20,0,0,35,0,35,7,8,40,0,55,26,0,26,81
04/10/2011,GPI,MT,ANM,WE,Federal Contract Tower,11,8,4,0,23,0,0,0,0,0,11,8,4,0,23,0,0,0,23
04/11/2011,GPI,MT,ANM,WE,Federal Contract Tower,9,9,9,0,27,0,0,4,0,4,9,9,13,0,31,8,0,8,39
04/12/2011,GPI,MT,ANM,WE,Federal Contract Tower,6,16,13,0,35,0,0,25,0,25,6,16,38,0,60,40,0,40,100
04/13/2011,GPI,MT,ANM,WE,Federal Contract Tower,9,18,8,2,37,0,0,15,0,15,9,18,23,2,52,8,12,20,72
04/14/2011,GPI,MT,ANM,WE,Federal Contract Tower,6,15,8,2,31,0,0,12,0,12,6,15,20,2,43,16,14,30,73
04/15/2011,GPI,MT,ANM,WE,Federal Contract Tower,4,16,18,4,42,0,4,7,0,11,4,20,25,4,53,30,20,50,103
04/16/2011,GPI,MT,ANM,WE,Federal Contract Tower,6,10,5,0,21,0,0,3,0,3,6,10,8,0,24,0,0,0,24
04/17/2011,GPI,MT,ANM,WE,Federal Contract Tower,10,5,4,0,19,0,0,0,0,0,10,5,4,0,19,0,0,0,19
04/18/2011,GPI,MT,ANM,WE,Federal Contract Tower,9,12,3,0,24,0,0,1,0,1,9,12,4,0,25,0,0,0,25
04/19/2011,GPI,MT,ANM,WE,Federal Contract Tower,8,15,5,0,28,0,0,0,0,0,8,15,5,0,28,0,0,0,28
04/20/2011,GPI,MT,ANM,WE,Federal Contract Tower,8,12,9,0,29,0,0,21,0,21,8,12,30,0,50,8,0,8,58
04/21/2011,GPI,MT,ANM,WE,Federal Contract Tower,5,15,9,0,29,0,0,5,0,5,5,15,14,0,34,4,0,4,38
04/22/2011,GPI,MT,ANM,WE,Federal Contract Tower,6,18,9,0,33,0,0,12,0,12,6,18,21,0,45,30,0,30,75
04/23/2011,GPI,MT,ANM,WE,Federal Contract Tower,5,8,11,0,24,0,1,36,1,38,5,9,47,1,62,38,0,38,100
04/24/2011,GPI,MT,ANM,WE,Federal Contract Tower,11,5,7,0,23,0,1,25,0,26,11,6,32,0,49,8,0,8,57
04/25/2011,GPI,MT,ANM,WE,Federal Contract Tower,8,8,7,0,23,0,0,9,2,11,8,8,16,2,34,24,0,24,58
04/26/2011,GPI,MT,ANM,WE,Federal Contract Tower,7,12,11,0,30,0,0,17,0,17,7,12,28,0,47,58,0,58,105
04/27/2011,GPI,MT,ANM,WE,Federal Contract Tower,5,14,6,0,25,0,0,15,0,15,5,14,21,0,40,38,0,38,78
04/28/2011,GPI,MT,ANM,WE,Federal Contract Tower,7,12,6,0,25,0,0,10,0,10,7,12,16,0,35,10,0,10,45
04/29/2011,GPI,MT,ANM,WE,Federal Contract Tower,5,14,5,0,24,0,0,0,0,0,5,14,5,0,24,0,0,0,24
04/30/2011,GPI,MT,ANM,WE,Federal Contract Tower,5,10,5,0,20,0,0,0,0,0,5,10,5,0,20,0,0,0,20
05/01/2011,GPI,MT,ANM,WE,Federal Contract Tower,10,5,15,0,30,0,1,12,0,13,10,6,27,0,43,16,0,16,59
05/02/2011,GPI,MT,ANM,WE,Federal Contract Tower,8,11,6,2,27,0,0,27,2,29,8,11,33,4,56,38,16,54,110
05/03/2011,GPI,MT,ANM,WE,Federal Contract Tower,9,11,7,0,27,0,0,6,0,6,9,11,13,0,33,14,0,14,47
05/04/2011,GPI,MT,ANM,WE,Federal Contract Tower,8,15,18,0,41,0,0,28,0,28,8,15,46,0,69,36,0,36,105
05/05/2011,GPI,MT,ANM,WE,Federal Contract Tower,7,15,11,2,35,0,0,17,0,17,7,15,28,2,52,14,0,14,66
05/06/2011,GPI,MT,ANM,WE,Federal Contract Tower,3,25,7,0,35,0,0,18,0,18,3,25,25,0,53,22,0,22,75
05/07/2011,GPI,MT,ANM,WE,Federal Contract Tower,5,11,4,0,20,0,0,2,0,2,5,11,6,0,22,2,0,2,24
05/08/2011,GPI,MT,ANM,WE,Federal Contract Tower,11,5,3,0,19,0,0,10,0,10,11,5,13,0,29,14,0,14,43
05/09/2011,GPI,MT,ANM,WE,Federal Contract Tower,9,7,5,0,21,0,0,5,0,5,9,7,10,0,26,20,0,20,46
05/10/2011,GPI,MT,ANM,WE,Federal Contract Tower,9,9,15,2,35,0,2,43,0,45,9,11,58,2,80,72,0,72,152
05/11/2011,GPI,MT,ANM,WE,Federal Contract Tower,8,11,14,0,33,0,0,39,0,39,8,11,53,0,72,62,0,62,134
05/12/2011,GPI,MT,ANM,WE,Federal Contract Tower,6,13,10,2,31,0,0,14,0,14,6,13,24,2,45,24,0,24,69
05/13/2011,GPI,MT,ANM,WE,Federal Contract Tower,5,20,12,0,37,0,0,30,0,30,5,20,42,0,67,74,8,82,149
05/14/2011,GPI,MT,ANM,WE,Federal Contract Tower,3,12,9,0,24,0,0,12,0,12,3,12,21,0,36,20,0,20,56
05/15/2011,GPI,MT,ANM,WE,Federal Contract Tower,11,4,7,2,24,0,1,23,0,24,11,5,30,2,48,20,6,26,74
05/16/2011,GPI,MT,ANM,WE,Federal Contract Tower,8,10,5,8,31,0,0,2,0,2,8,10,7,8,33,2,20,22,55
05/17/2011,GPI,MT,ANM,WE,Federal Contract Tower,7,13,11,8,39,0,0,18,0,18,7,13,29,8,57,20,34,54,111
05/18/2011,GPI,MT,ANM,WE,Federal Contract Tower,8,13,7,0,28,0,0,21,0,21,8,13,28,0,49,32,0,32,81
05/19/2011,GPI,MT,ANM,WE,Federal Contract Tower,6,13,15,0,34,0,0,30,0,30,6,13,45,0,64,50,0,50,114
05/20/2011,GPI,MT,ANM,WE,Federal Contract Tower,5,16,15,0,36,0,0,28,0,28,5,16,43,0,64,38,0,38,102
05/21/2011,GPI,MT,ANM,WE,Federal Contract Tower,3,11,3,0,17,0,0,16,0,16,3,11,19,0,33,2,0,2,35
05/22/2011,GPI,MT,ANM,WE,Federal Contract Tower,10,2,16,0,28,0,0,21,0,21,10,2,37,0,49,20,0,20,69
05/23/2011,GPI,MT,ANM,WE,Federal Contract Tower,7,10,16,1,34,0,0,35,0,35,7,10,51,1,69,42,0,42,111
05/24/2011,GPI,MT,ANM,WE,Federal Contract Tower,9,14,13,0,36,0,0,6,0,6,9,14,19,0,42,20,0,20,62
05/25/2011,GPI,MT,ANM,WE,Federal Contract Tower,6,11,18,0,35,0,2,35,4,41,6,13,53,4,76,74,0,74,150
05/26/2011,GPI,MT,ANM,WE,Federal Contract Tower,10,13,12,0,35,0,2,0,0,2,10,15,12,0,37,0,0,0,37
05/27/2011,GPI,MT,ANM,WE,Federal Contract Tower,8,13,19,1,41,0,0,14,0,14,8,13,33,1,55,52,0,52,107
05/28/2011,GPI,MT,ANM,WE,Federal Contract Tower,7,9,7,1,24,0,0,2,0,2,7,9,9,1,26,0,0,0,26
05/29/2011,GPI,MT,ANM,WE,Federal Contract Tower,11,3,10,0,24,0,0,12,0,12,11,3,22,0,36,18,0,18,54
05/30/2011,GPI,MT,ANM,WE,Federal Contract Tower,7,7,12,0,26,0,0,7,0,7,7,7,19,0,33,10,0,10,43
05/31/2011,GPI,MT,ANM,WE,Federal Contract Tower,9,9,8,0,26,0,0,24,4,28,9,9,32,4,54,26,4,30,84
06/01/2011,GPI,MT,ANM,WE,Federal Contract Tower,6,14,13,0,33,0,0,15,0,15,6,14,28,0,48,58,0,58,106
06/02/2011,GPI,MT,ANM,WE,Federal Contract Tower,7,14,9,0,30,0,0,4,0,4,7,14,13,0,34,0,0,0,34
06/03/2011,GPI,MT,ANM,WE,Federal Contract Tower,6,22,11,4,43,0,0,11,0,11,6,22,22,4,54,2,4,6,60
06/04/2011,GPI,MT,ANM,WE,Federal Contract Tower,7,6,7,0,20,0,0,45,0,45,7,6,52,0,65,30,0,30,95
06/05/2011,GPI,MT,ANM,WE,Federal Contract Tower,13,12,14,0,39,0,0,43,0,43,13,12,57,0,82,62,0,62,144
06/06/2011,GPI,MT,ANM,WE,Federal Contract Tower,7,9,4,7,27,0,0,5,2,7,7,9,9,9,34,0,22,22,56
06/07/2011,GPI,MT,ANM,WE,Federal Contract Tower,10,14,9,0,33,0,0,7,0,7,10,14,16,0,40,18,0,18,58
06/08/2011,GPI,MT,ANM,WE,Federal Contract Tower,7,15,15,0,37,0,0,1,0,1,7,15,16,0,38,0,0,0,38
06/09/2011,GPI,MT,ANM,WE,Federal Contract Tower,15,15,12,2,44,0,0,17,0,17,15,15,29,2,61,10,4,14,75
06/10/2011,GPI,MT,ANM,WE,Federal Contract Tower,16,19,14,0,49,0,1,15,2,18,16,20,29,2,67,28,2,30,97
06/11/2011,GPI,MT,ANM,WE,Federal Contract Tower,15,10,8,0,33,0,0,12,0,12,15,10,20,0,45,42,0,42,87
06/12/2011,GPI,MT,ANM,WE,Federal Contract Tower,19,14,10,0,43,0,0,11,0,11,19,14,21,0,54,0,0,0,54
06/13/2011,GPI,MT,ANM,WE,Federal Contract Tower,15,14,3,0,32,0,0,0,0,0,15,14,3,0,32,0,0,0,32
06/14/2011,GPI,MT,ANM,WE,Federal Contract Tower,11,19,11,5,46,0,1,29,0,30,11,20,40,5,76,104,8,112,188
06/15/2011,GPI,MT,ANM,WE,Federal Contract Tower,11,22,10,0,43,0,4,9,0,13,11,26,19,0,56,16,0,16,72
06/16/2011,GPI,MT,ANM,WE,Federal Contract Tower,15,14,8,0,37,0,0,7,0,7,15,14,15,0,44,40,0,40,84
06/17/2011,GPI,MT,ANM,WE,Federal Contract Tower,13,23,19,0,55,0,0,7,0,7,13,23,26,0,62,10,0,10,72
06/18/2011,GPI,MT,ANM,WE,Federal Contract Tower,17,12,6,0,35,0,0,12,0,12,17,12,18,0,47,2,0,2,49
06/19/2011,GPI,MT,ANM,WE,Federal Contract Tower,19,11,7,1,38,0,0,2,0,2,19,11,9,1,40,0,0,0,40
06/20/2011,GPI,MT,ANM,WE,Federal Contract Tower,9,18,21,0,48,0,0,12,0,12,9,18,33,0,60,0,0,0,60
06/21/2011,GPI,MT,ANM,WE,Federal Contract Tower,13,15,11,0,39,0,0,39,0,39,13,15,50,0,78,48,0,48,126
06/22/2011,GPI,MT,ANM,WE,Federal Contract Tower,16,20,16,0,52,0,0,42,0,42,16,20,58,0,94,34,0,34,128
06/23/2011,GPI,MT,ANM,WE,Federal Contract Tower,11,17,23,2,53,0,0,15,0,15,11,17,38,2,68,28,10,38,106
06/24/2011,GPI,MT,ANM,WE,Federal Contract Tower,10,21,15,0,46,0,0,47,0,47,10,21,62,0,93,26,0,26,119
06/25/2011,GPI,MT,ANM,WE,Federal Contract Tower,18,15,20,0,53,0,1,23,0,24,18,16,43,0,77,4,0,4,81
06/26/2011,GPI,MT,ANM,WE,Federal Contract Tower,20,16,22,1,59,0,0,36,4,40,20,16,58,5,99,30,6,36,135
06/27/2011,GPI,MT,ANM,WE,Federal Contract Tower,15,18,17,0,50,0,0,43,0,43,15,18,60,0,93,34,34,68,161
06/28/2011,GPI,MT,ANM,WE,Federal Contract Tower,14,25,22,0,61,0,0,38,0,38,14,25,60,0,99,46,0,46,145
06/29/2011,GPI,MT,ANM,WE,Federal Contract Tower,13,25,25,2,65,0,0,36,0,36,13,25,61,2,101,48,0,48,149
06/30/2011,GPI,MT,ANM,WE,Federal Contract Tower,11,32,29,2,74,0,0,30,2,32,11,32,59,4,106,48,2,50,156
07/01/2011,GPI,MT,ANM,WE,Federal Contract Tower,10,31,34,0,75,0,1,38,0,39,10,32,72,0,114,2,0,2,116
07/02/2011,GPI,MT,ANM,WE,Federal Contract Tower,18,21,34,0,73,0,1,80,0,81,18,22,114,0,154,34,0,34,188
07/03/2011,GPI,MT,ANM,WE,Federal Contract Tower,16,20,18,0,54,0,2,28,0,30,16,22,46,0,84,2,0,2,86
07/04/2011,GPI,MT,ANM,WE,Federal Contract Tower,10,17,14,2,43,0,2,29,2,33,10,19,43,4,76,4,0,4,80
07/05/2011,GPI,MT,ANM,WE,Federal Contract Tower,18,21,35,6,80,0,0,65,0,65,18,21,100,6,145,48,12,60,205
07/06/2011,GPI,MT,ANM,WE,Federal Contract Tower,17,17,22,9,65,0,0,45,8,53,17,17,67,17,118,56,70,126,244
07/07/2011,GPI,MT,ANM,WE,Federal Contract Tower,17,21,27,2,67,0,0,35,0,35,17,21,62,2,102,16,8,24,126
07/08/2011,GPI,MT,ANM,WE,Federal Contract Tower,15,26,14,2,57,0,1,18,6,25,15,27,32,8,82,34,0,34,116
07/09/2011,GPI,MT,ANM,WE,Federal Contract Tower,19,15,16,0,50,0,3,37,0,40,19,18,53,0,90,24,0,24,114
07/10/2011,GPI,MT,ANM,WE,Federal Contract Tower,25,21,36,0,82,0,0,36,0,36,25,21,72,0,118,4,0,4,122
07/11/2011,GPI,MT,ANM,WE,Federal Contract Tower,11,15,19,0,45,0,0,25,0,25,11,15,44,0,70,32,0,32,102
07/12/2011,GPI,MT,ANM,WE,Federal Contract Tower,17,14,18,0,49,0,0,36,0,36,17,14,54,0,85,70,0,70,155
07/13/2011,GPI,MT,ANM,WE,Federal Contract Tower,22,18,23,0,63,0,0,31,0,31,22,18,54,0,94,26,0,26,120
07/14/2011,GPI,MT,ANM,WE,Federal Contract Tower,15,12,24,0,51,0,0,25,0,25,15,12,49,0,76,44,0,44,120
07/15/2011,GPI,MT,ANM,WE,Federal Contract Tower,12,19,24,0,55,0,0,36,0,36,12,19,60,0,91,32,0,32,123
07/16/2011,GPI,MT,ANM,WE,Federal Contract Tower,20,12,22,5,59,1,0,31,2,34,21,12,53,7,93,26,42,68,161
07/17/2011,GPI,MT,ANM,WE,Federal Contract Tower,18,21,27,5,71,0,0,36,0,36,18,21,63,5,107,14,20,34,141
07/18/2011,GPI,MT,ANM,WE,Federal Contract Tower,11,24,20,1,56,0,0,44,0,44,11,24,64,1,100,30,2,32,132
07/19/2011,GPI,MT,ANM,WE,Federal Contract Tower,18,12,10,0,40,0,0,25,0,25,18,12,35,0,65,24,0,24,89
07/20/2011,GPI,MT,ANM,WE,Federal Contract Tower,16,17,19,3,55,0,0,30,7,37,16,17,49,10,92,40,8,48,140
07/21/2011,GPI,MT,ANM,WE,Federal Contract Tower,19,19,20,1,59,0,2,39,0,41,19,21,59,1,100,36,0,36,136
07/22/2011,GPI,MT,ANM,WE,Federal Contract Tower,17,15,20,0,52,0,0,25,0,25,17,15,45,0,77,32,0,32,109
07/23/2011,GPI,MT,ANM,WE,Federal Contract Tower,15,18,16,1,50,0,0,26,0,26,15,18,42,1,76,14,0,14,90
07/24/2011,GPI,MT,ANM,WE,Federal Contract Tower,19,24,17,0,60,0,0,33,0,33,19,24,50,0,93,16,0,16,109
07/25/2011,GPI,MT,ANM,WE,Federal Contract Tower,11,28,15,1,55,0,0,11,2,13,11,28,26,3,68,16,2,18,86
07/26/2011,GPI,MT,ANM,WE,Federal Contract Tower,14,24,21,1,60,0,0,6,0,6,14,24,27,1,66,10,0,10,76
07/27/2011,GPI,MT,ANM,WE,Federal Contract Tower,16,19,22,10,67,0,0,25,1,26,16,19,47,11,93,36,32,68,161
07/28/2011,GPI,MT,ANM,WE,Federal Contract Tower,19,25,25,0,69,0,0,68,6,74,19,25,93,6,143,58,0,58,201
07/29/2011,GPI,MT,ANM,WE,Federal Contract Tower,15,26,27,6,74,0,1,50,4,55,15,27,77,10,129,28,16,44,173
07/30/2011,GPI,MT,ANM,WE,Federal Contract Tower,14,23,16,0,53,0,1,32,0,33,14,24,48,0,86,16,0,16,102
07/31/2011,GPI,MT,ANM,WE,Federal Contract Tower,23,29,21,0,73,0,0,37,0,37,23,29,58,0,110,10,0,10,120
08/01/2011,GPI,MT,ANM,WE,Federal Contract Tower,11,18,22,2,53,0,0,32,5,37,11,18,54,7,90,34,10,44,134
08/02/2011,GPI,MT,ANM,WE,Federal Contract Tower,17,15,18,1,51,0,4,38,6,48,17,19,56,7,99,64,20,84,183
08/03/2011,GPI,MT,ANM,WE,Federal Contract Tower,16,24,11,0,51,0,0,42,6,48,16,24,53,6,99,26,8,34,133
08/04/2011,GPI,MT,ANM,WE,Federal Contract Tower,17,21,23,4,65,0,0,48,19,67,17,21,71,23,132,54,8,62,194
08/05/2011,GPI,MT,ANM,WE,Federal Contract Tower,15,19,26,5,65,0,2,25,12,39,15,21,51,17,104,22,8,30,134
08/06/2011,GPI,MT,ANM,WE,Federal Contract Tower,13,24,11,0,48,0,0,34,2,36,13,24,45,2,84,22,0,22,106
08/07/2011,GPI,MT,ANM,WE,Federal Contract Tower,22,19,30,0,71,0,0,41,1,42,22,19,71,1,113,18,0,18,131
08/08/2011,GPI,MT,ANM,WE,Federal Contract Tower,18,11,26,0,55,0,6,36,8,50,18,17,62,8,105,26,2,28,133
08/09/2011,GPI,MT,ANM,WE,Federal Contract Tower,19,16,15,1,51,0,1,43,9,53,19,17,58,10,104,44,2,46,150
08/10/2011,GPI,MT,ANM,WE,Federal Contract Tower,18,24,21,0,63,0,2,41,5,48,18,26,62,5,111,48,0,48,159
08/11/2011,GPI,MT,ANM,WE,Federal Contract Tower,18,13,29,0,60,0,0,53,3,56,18,13,82,3,116,42,0,42,158
08/12/2011,GPI,MT,ANM,WE,Federal Contract Tower,14,20,40,7,81,0,1,51,11,63,14,21,91,18,144,62,2,64,208
08/13/2011,GPI,MT,ANM,WE,Federal Contract Tower,14,26,17,0,57,0,2,52,3,57,14,28,69,3,114,46,0,46,160
08/14/2011,GPI,MT,ANM,WE,Federal Contract Tower,22,31,29,0,82,0,16,41,3,60,22,47,70,3,142,34,0,34,176
08/15/2011,GPI,MT,ANM,WE,Federal Contract Tower,14,18,15,2,49,0,1,23,5,29,14,19,38,7,78,34,6,40,118
08/16/2011,GPI,MT,ANM,WE,Federal Contract Tower,11,24,18,2,55,0,0,47,2,49,11,24,65,4,104,56,6,62,166
08/17/2011,GPI,MT,ANM,WE,Federal Contract Tower,16,22,14,0,52,0,1,43,0,44,16,23,57,0,96,66,0,66,162
08/18/2011,GPI,MT,ANM,WE,Federal Contract Tower,20,25,23,0,68,0,3,67,0,70,20,28,90,0,138,56,0,56,194
08/19/2011,GPI,MT,ANM,WE,Federal Contract Tower,16,14,13,2,45,0,0,36,0,36,16,14,49,2,81,12,16,28,109
08/20/2011,GPI,MT,ANM,WE,Federal Contract Tower,12,24,18,0,54,0,0,30,4,34,12,24,48,4,88,0,6,6,94
08/21/2011,GPI,MT,ANM,WE,Federal Contract Tower,20,20,11,0,51,0,0,25,0,25,20,20,36,0,76,22,0,22,98
08/22/2011,GPI,MT,ANM,WE,Federal Contract Tower,17,14,12,2,45,0,6,25,30,61,17,20,37,32,106,16,10,26,132
08/23/2011,GPI,MT,ANM,WE,Federal Contract Tower,16,25,17,0,58,0,0,27,14,41,16,25,44,14,99,52,0,52,151
08/24/2011,GPI,MT,ANM,WE,Federal Contract Tower,10,18,21,0,49,0,0,37,1,38,10,18,58,1,87,18,0,18,105
08/25/2011,GPI,MT,ANM,WE,Federal Contract Tower,14,24,19,0,57,0,0,37,0,37,14,24,56,0,94,12,0,12,106
08/26/2011,GPI,MT,ANM,WE,Federal Contract Tower,12,18,15,0,45,0,3,22,0,25,12,21,37,0,70,4,0,4,74
08/27/2011,GPI,MT,ANM,WE,Federal Contract Tower,15,21,11,0,47,0,8,28,0,36,15,29,39,0,83,12,6,18,101
08/28/2011,GPI,MT,ANM,WE,Federal Contract Tower,18,20,32,0,70,0,2,64,2,68,18,22,96,2,138,42,0,42,180
08/29/2011,GPI,MT,ANM,WE,Federal Contract Tower,11,11,15,1,38,0,1,34,0,35,11,12,49,1,73,38,0,38,111
08/30/2011,GPI,MT,ANM,WE,Federal Contract Tower,13,19,21,1,54,0,0,40,4,44,13,19,61,5,98,46,2,48,146
08/31/2011,GPI,MT,ANM,WE,Federal Contract Tower,13,16,21,0,50,0,0,18,0,18,13,16,39,0,68,4,0,4,72
09/01/2011,GPI,MT,ANM,WE,Federal Contract Tower,12,14,15,0,41,0,0,17,0,17,12,14,32,0,58,14,0,14,72
09/02/2011,GPI,MT,ANM,WE,Federal Contract Tower,6,23,20,0,49,0,0,26,0,26,6,23,46,0,75,6,0,6,81
09/03/2011,GPI,MT,ANM,WE,Federal Contract Tower,9,15,13,0,37,0,0,31,0,31,9,15,44,0,68,2,0,2,70
09/04/2011,GPI,MT,ANM,WE,Federal Contract Tower,8,10,4,1,23,0,0,36,1,37,8,10,40,2,60,12,0,12,72
09/05/2011,GPI,MT,ANM,WE,Federal Contract Tower,7,21,26,0,54,0,0,40,4,44,7,21,66,4,98,10,6,16,114
09/06/2011,GPI,MT,ANM,WE,Federal Contract Tower,12,19,8,0,39,0,2,41,6,49,12,21,49,6,88,16,0,16,104
09/07/2011,GPI,MT,ANM,WE,Federal Contract Tower,9,18,10,0,37,0,0,30,4,34,9,18,40,4,71,36,8,44,115
09/08/2011,GPI,MT,ANM,WE,Federal Contract Tower,8,18,11,0,37,0,2,23,0,25,8,20,34,0,62,20,0,20,82
09/09/2011,GPI,MT,ANM,WE,Federal Contract Tower,5,22,17,6,50,0,5,35,5,45,5,27,52,11,95,8,38,46,141
09/10/2011,GPI,MT,ANM,WE,Federal Contract Tower,9,8,15,0,32,0,0,38,0,38,9,8,53,0,70,18,0,18,88
09/11/2011,GPI,MT,ANM,WE,Federal Contract Tower,9,13,24,0,46,0,0,24,0,24,9,13,48,0,70,2,0,2,72
09/12/2011,GPI,MT,ANM,WE,Federal Contract Tower,9,9,20,3,41,0,0,25,0,25,9,9,45,3,66,18,12,30,96
09/13/2011,GPI,MT,ANM,WE,Federal Contract Tower,10,11,5,0,26,0,1,17,0,18,10,12,22,0,44,16,0,16,60
09/14/2011,GPI,MT,ANM,WE,Federal Contract Tower,7,19,15,2,43,0,5,23,0,28,7,24,38,2,71,14,20,34,105
09/15/2011,GPI,MT,ANM,WE,Federal Contract Tower,8,22,14,1,45,0,0,19,2,21,8,22,33,3,66,2,10,12,78
09/16/2011,GPI,MT,ANM,WE,Federal Contract Tower,5,16,12,0,33,0,0,12,0,12,5,16,24,0,45,0,0,0,45
09/17/2011,GPI,MT,ANM,WE,Federal Contract Tower,6,9,8,0,23,0,2,31,0,33,6,11,39,0,56,14,0,14,70
09/18/2011,GPI,MT,ANM,WE,Federal Contract Tower,11,14,13,0,38,0,0,8,0,8,11,14,21,0,46,0,0,0,46
09/19/2011,GPI,MT,ANM,WE,Federal Contract Tower,12,7,17,2,38,0,0,3,0,3,12,7,20,2,41,0,20,20,61
09/20/2011,GPI,MT,ANM,WE,Federal Contract Tower,11,12,13,0,36,0,0,27,2,29,11,12,40,2,65,18,2,20,85
09/21/2011,GPI,MT,ANM,WE,Federal Contract Tower,9,11,15,12,47,0,0,34,4,38,9,11,49,16,85,26,36,62,147
09/22/2011,GPI,MT,ANM,WE,Federal Contract Tower,11,12,16,0,39,0,2,32,2,36,11,14,48,2,75,34,28,62,137
09/23/2011,GPI,MT,ANM,WE,Federal Contract Tower,5,17,8,0,30,0,1,22,0,23,5,18,30,0,53,6,0,6,59
09/24/2011,GPI,MT,ANM,WE,Federal Contract Tower,10,14,7,0,31,0,1,40,1,42,10,15,47,1,73,42,6,48,121
09/25/2011,GPI,MT,ANM,WE,Federal Contract Tower,10,17,19,0,46,0,0,22,1,23,10,17,41,1,69,4,0,4,73
09/26/2011,GPI,MT,ANM,WE,Federal Contract Tower,10,15,12,0,37,0,0,20,0,20,10,15,32,0,57,42,0,42,99
09/27/2011,GPI,MT,ANM,WE,Federal Contract Tower,10,10,7,0,27,0,0,8,0,8,10,10,15,0,35,12,0,12,47
09/28/2011,GPI,MT,ANM,WE,Federal Contract Tower,7,17,7,0,31,0,0,21,3,24,7,17,28,3,55,4,4,8,63
09/29/2011,GPI,MT,ANM,WE,Federal Contract Tower,7,17,13,0,37,0,0,23,0,23,7,17,36,0,60,8,0,8,68
09/30/2011,GPI,MT,ANM,WE,Federal Contract Tower,6,17,11,0,34,0,2,32,0,34,6,19,43,0,68,34,0,34,102
10/01/2011,GPI,MT,ANM,WE,Federal Contract Tower,9,14,6,0,29,0,0,16,0,16,9,14,22,0,45,2,0,2,47
10/02/2011,GPI,MT,ANM,WE,Federal Contract Tower,11,13,7,0,31,0,0,20,0,20,11,13,27,0,51,22,0,22,73
10/03/2011,GPI,MT,ANM,WE,Federal Contract Tower,9,13,8,0,30,0,0,13,0,13,9,13,21,0,43,0,0,0,43
10/04/2011,GPI,MT,ANM,WE,Federal Contract Tower,10,12,11,0,33,0,0,6,0,6,10,12,17,0,39,8,0,8,47
10/05/2011,GPI,MT,ANM,WE,Federal Contract Tower,11,11,12,0,34,0,0,0,0,0,11,11,12,0,34,0,0,0,34
10/06/2011,GPI,MT,ANM,WE,Federal Contract Tower,7,13,9,0,29,0,0,4,0,4,7,13,13,0,33,12,0,12,45
10/07/2011,GPI,MT,ANM,WE,Federal Contract Tower,4,17,9,0,30,0,0,1,0,1,4,17,10,0,31,0,0,0,31
10/08/2011,GPI,MT,ANM,WE,Federal Contract Tower,6,10,7,0,23,0,0,21,0,21,6,10,28,0,44,10,0,10,54
10/09/2011,GPI,MT,ANM,WE,Federal Contract Tower,11,7,6,0,24,0,0,12,0,12,11,7,18,0,36,10,0,10,46
10/10/2011,GPI,MT,ANM,WE,Federal Contract Tower,8,12,9,0,29,0,0,2,0,2,8,12,11,0,31,4,0,4,35
10/11/2011,GPI,MT,ANM,WE,Federal Contract Tower,8,10,15,0,33,0,0,5,0,5,8,10,20,0,38,2,0,2,40
10/12/2011,GPI,MT,ANM,WE,Federal Contract Tower,7,13,10,0,30,0,0,7,0,7,7,13,17,0,37,26,0,26,63
10/13/2011,GPI,MT,ANM,WE,Federal Contract Tower,8,15,15,0,38,0,0,16,0,16,8,15,31,0,54,14,0,14,68
10/14/2011,GPI,MT,ANM,WE,Federal Contract Tower,5,16,12,0,33,0,0,14,2,16,5,16,26,2,49,14,0,14,63
10/15/2011,GPI,MT,ANM,WE,Federal Contract Tower,7,13,5,0,25,0,0,5,0,5,7,13,10,0,30,0,0,0,30
10/16/2011,GPI,MT,ANM,WE,Federal Contract Tower,11,9,14,0,34,0,0,26,0,26,11,9,40,0,60,18,0,18,78
10/17/2011,GPI,MT,ANM,WE,Federal Contract Tower,8,11,12,2,33,0,0,15,0,15,8,11,27,2,48,20,2,22,70
10/18/2011,GPI,MT,ANM,WE,Federal Contract Tower,10,10,14,0,34,0,2,18,0,20,10,12,32,0,54,40,0,40,94
10/19/2011,GPI,MT,ANM,WE,Federal Contract Tower,10,16,9,0,35,0,0,17,0,17,10,16,26,0,52,6,0,6,58
10/20/2011,GPI,MT,ANM,WE,Federal Contract Tower,7,16,7,0,30,0,0,3,0,3,7,16,10,0,33,8,0,8,41
10/21/2011,GPI,MT,ANM,WE,Federal Contract Tower,5,14,4,0,23,0,0,9,4,13,5,14,13,4,36,10,4,14,50
10/22/2011,GPI,MT,ANM,WE,Federal Contract Tower,5,14,3,0,22,0,0,6,0,6,5,14,9,0,28,6,0,6,34
10/23/2011,GPI,MT,ANM,WE,Federal Contract Tower,10,12,5,0,27,0,0,11,0,11,10,12,16,0,38,6,0,6,44
10/24/2011,GPI,MT,ANM,WE,Federal Contract Tower,11,8,6,0,25,0,0,2,0,2,11,8,8,0,27,0,0,0,27
10/25/2011,GPI,MT,ANM,WE,Federal Contract Tower,9,13,7,2,31,0,0,19,0,19,9,13,26,2,50,20,2,22,72
10/26/2011,GPI,MT,ANM,WE,Federal Contract Tower,10,13,8,0,31,0,2,11,0,13,10,15,19,0,44,0,0,0,44
10/27/2011,GPI,MT,ANM,WE,Federal Contract Tower,13,9,9,0,31,0,2,21,0,23,13,11,30,0,54,24,0,24,78
10/28/2011,GPI,MT,ANM,WE,Federal Contract Tower,5,13,7,0,25,0,0,14,0,14,5,13,21,0,39,0,0,0,39
10/29/2011,GPI,MT,ANM,WE,Federal Contract Tower,5,10,5,0,20,0,1,20,0,21,5,11,25,0,41,32,0,32,73
10/30/2011,GPI,MT,ANM,WE,Federal Contract Tower,10,12,11,0,33,0,0,17,0,17,10,12,28,0,50,6,0,6,56
10/31/2011,GPI,MT,ANM,WE,Federal Contract Tower,10,10,9,0,29,0,0,0,0,0,10,10,9,0,29,0,0,0,29
11/01/2011,GPI,MT,ANM,WE,Federal Contract Tower,7,13,3,16,39,0,0,11,7,18,7,13,14,23,57,22,32,54,111
11/02/2011,GPI,MT,ANM,WE,Federal Contract Tower,8,10,6,0,24,0,1,40,0,41,8,11,46,0,65,36,0,36,101
11/03/2011,GPI,MT,ANM,WE,Federal Contract Tower,9,12,4,0,25,0,0,14,0,14,9,12,18,0,39,36,0,36,75
11/04/2011,GPI,MT,ANM,WE,Federal Contract Tower,7,12,17,0,36,0,0,6,0,6,7,12,23,0,42,10,0,10,52
11/05/2011,GPI,MT,ANM,WE,Federal Contract Tower,6,6,3,1,16,0,0,7,1,8,6,6,10,2,24,14,6,20,44
11/06/2011,GPI,MT,ANM,WE,Federal Contract Tower,11,11,11,0,33,0,0,0,0,0,11,11,11,0,33,0,0,0,33
11/07/2011,GPI,MT,ANM,WE,Federal Contract Tower,9,13,14,2,38,0,0,4,0,4,9,13,18,2,42,4,2,6,48
11/08/2011,GPI,MT,ANM,WE,Federal Contract Tower,7,15,11,0,33,0,1,6,0,7,7,16,17,0,40,14,0,14,54
11/09/2011,GPI,MT,ANM,WE,Federal Contract Tower,7,8,11,0,26,0,0,18,0,18,7,8,29,0,44,12,0,12,56
11/10/2011,GPI,MT,ANM,WE,Federal Contract Tower,7,15,5,0,27,0,0,17,0,17,7,15,22,0,44,24,0,24,68
11/11/2011,GPI,MT,ANM,WE,Federal Contract Tower,5,14,9,0,28,0,0,9,0,9,5,14,18,0,37,8,0,8,45
11/12/2011,GPI,MT,ANM,WE,Federal Contract Tower,6,8,1,0,15,0,0,0,0,0,6,8,1,0,15,0,0,0,15
11/13/2011,GPI,MT,ANM,WE,Federal Contract Tower,7,10,4,0,21,0,0,1,0,1,7,10,5,0,22,0,0,0,22
11/14/2011,GPI,MT,ANM,WE,Federal Contract Tower,5,12,7,0,24,0,0,1,0,1,5,12,8,0,25,0,0,0,25
11/15/2011,GPI,MT,ANM,WE,Federal Contract Tower,5,12,7,0,24,0,0,4,0,4,5,12,11,0,28,0,0,0,28
11/16/2011,GPI,MT,ANM,WE,Federal Contract Tower,5,11,9,0,25,0,0,5,0,5,5,11,14,0,30,26,0,26,56
11/17/2011,GPI,MT,ANM,WE,Federal Contract Tower,8,14,9,0,31,0,0,3,0,3,8,14,12,0,34,0,0,0,34
11/18/2011,GPI,MT,ANM,WE,Federal Contract Tower,4,16,11,0,31,0,0,0,0,0,4,16,11,0,31,0,0,0,31
11/19/2011,GPI,MT,ANM,WE,Federal Contract Tower,7,9,12,0,28,0,0,2,0,2,7,9,14,0,30,0,0,0,30
11/20/2011,GPI,MT,ANM,WE,Federal Contract Tower,8,6,19,0,33,0,0,0,0,0,8,6,19,0,33,0,0,0,33
11/21/2011,GPI,MT,ANM,WE,Federal Contract Tower,5,8,10,0,23,0,0,1,0,1,5,8,11,0,24,0,0,0,24
11/22/2011,GPI,MT,ANM,WE,Federal Contract Tower,5,15,14,0,34,0,0,4,0,4,5,15,18,0,38,10,0,10,48
11/23/2011,GPI,MT,ANM,WE,Federal Contract Tower,5,15,5,0,25,0,0,10,0,10,5,15,15,0,35,10,0,10,45
11/24/2011,GPI,MT,ANM,WE,Federal Contract Tower,6,6,2,0,14,0,0,8,0,8,6,6,10,0,22,8,0,8,30
11/25/2011,GPI,MT,ANM,WE,Federal Contract Tower,4,13,2,0,19,0,0,4,0,4,4,13,6,0,23,28,0,28,51
11/26/2011,GPI,MT,ANM,WE,Federal Contract Tower,5,9,0,0,14,0,0,19,0,19,5,9,19,0,33,26,0,26,59
11/27/2011,GPI,MT,ANM,WE,Federal Contract Tower,8,14,13,0,35,0,0,8,0,8,8,14,21,0,43,6,0,6,49
11/28/2011,GPI,MT,ANM,WE,Federal Contract Tower,5,13,8,0,26,0,0,24,0,24,5,13,32,0,50,30,0,30,80
11/29/2011,GPI,MT,ANM,WE,Federal Contract Tower,5,14,7,0,26,0,0,17,0,17,5,14,24,0,43,32,0,32,75
11/30/2011,GPI,MT,ANM,WE,Federal Contract Tower,3,17,6,0,26,0,0,11,0,11,3,17,17,0,37,34,0,34,71
12/01/2011,GPI,MT,ANM,WE,Federal Contract Tower,7,15,11,0,33,0,0,26,0,26,7,15,37,0,59,32,0,32,91
12/02/2011,GPI,MT,ANM,WE,Federal Contract Tower,5,12,7,0,24,0,0,27,1,28,5,12,34,1,52,28,0,28,80
12/03/2011,GPI,MT,ANM,WE,Federal Contract Tower,5,12,4,0,21,0,0,20,0,20,5,12,24,0,41,74,0,74,115
12/04/2011,GPI,MT,ANM,WE,Federal Contract Tower,7,11,4,0,22,0,0,19,0,19,7,11,23,0,41,36,0,36,77
12/05/2011,GPI,MT,ANM,WE,Federal Contract Tower,5,15,4,0,24,0,0,9,0,9,5,15,13,0,33,16,0,16,49
12/06/2011,GPI,MT,ANM,WE,Federal Contract Tower,5,15,7,0,27,0,0,2,0,2,5,15,9,0,29,12,0,12,41
12/07/2011,GPI,MT,ANM,WE,Federal Contract Tower,5,10,6,0,21,0,0,9,0,9,5,10,15,0,30,20,0,20,50
12/08/2011,GPI,MT,ANM,WE,Federal Contract Tower,7,12,6,0,25,0,0,4,0,4,7,12,10,0,29,10,0,10,39
12/09/2011,GPI,MT,ANM,WE,Federal Contract Tower,5,14,6,2,27,0,2,17,2,21,5,16,23,4,48,14,24,38,86
12/10/2011,GPI,MT,ANM,WE,Federal Contract Tower,5,11,7,0,23,0,0,0,0,0,5,11,7,0,23,0,0,0,23
12/11/2011,GPI,MT,ANM,WE,Federal Contract Tower,7,10,15,0,32,0,0,3,0,3,7,10,18,0,35,2,0,2,37
12/12/2011,GPI,MT,ANM,WE,Federal Contract Tower,5,12,11,2,30,0,0,12,0,12,5,12,23,2,42,20,4,24,66
12/13/2011,GPI,MT,ANM,WE,Federal Contract Tower,5,15,6,0,26,0,0,2,0,2,5,15,8,0,28,14,0,14,42
12/14/2011,GPI,MT,ANM,WE,Federal Contract Tower,5,13,17,0,35,0,0,6,0,6,5,13,23,0,41,8,0,8,49
12/15/2011,GPI,MT,ANM,WE,Federal Contract Tower,7,19,14,1,41,0,0,4,0,4,7,19,18,1,45,6,2,8,53
12/16/2011,GPI,MT,ANM,WE,Federal Contract Tower,6,22,16,0,44,0,0,4,0,4,6,22,20,0,48,24,0,24,72
12/17/2011,GPI,MT,ANM,WE,Federal Contract Tower,6,16,0,0,22,0,0,16,0,16,6,16,16,0,38,6,0,6,44
12/18/2011,GPI,MT,ANM,WE,Federal Contract Tower,8,17,6,1,32,0,0,7,0,7,8,17,13,1,39,12,0,12,51
12/19/2011,GPI,MT,ANM,WE,Federal Contract Tower,5,19,9,1,34,0,0,11,1,12,5,19,20,2,46,22,16,38,84
12/20/2011,GPI,MT,ANM,WE,Federal Contract Tower,5,21,8,2,36,0,0,13,0,13,5,21,21,2,49,12,26,38,87
12/21/2011,GPI,MT,ANM,WE,Federal Contract Tower,6,20,9,0,35,0,0,15,0,15,6,20,24,0,50,4,0,4,54
12/22/2011,GPI,MT,ANM,WE,Federal Contract Tower,8,20,10,0,38,0,3,15,0,18,8,23,25,0,56,20,0,20,76
12/23/2011,GPI,MT,ANM,WE,Federal Contract Tower,5,25,14,0,44,0,0,8,0,8,5,25,22,0,52,6,0,6,58
12/24/2011,GPI,MT,ANM,WE,Federal Contract Tower,6,14,5,0,25,0,0,0,0,0,6,14,5,0,25,0,0,0,25
12/25/2011,GPI,MT,ANM,WE,Federal Contract Tower,7,10,5,0,22,0,0,0,0,0,7,10,5,0,22,0,0,0,22
12/26/2011,GPI,MT,ANM,WE,Federal Contract Tower,6,21,14,0,41,1,0,15,0,16,7,21,29,0,57,18,0,18,75
12/27/2011,GPI,MT,ANM,WE,Federal Contract Tower,7,18,19,0,44,0,0,5,0,5,7,18,24,0,49,2,0,2,51
12/28/2011,GPI,MT,ANM,WE,Federal Contract Tower,6,19,9,0,34,0,0,5,0,5,6,19,14,0,39,20,0,20,59
12/29/2011,GPI,MT,ANM,WE,Federal Contract Tower,8,25,12,0,45,0,0,13,0,13,8,25,25,0,58,28,0,28,86
12/30/2011,GPI,MT,ANM,WE,Federal Contract Tower,6,20,10,0,36,0,1,3,0,4,6,21,13,0,40,12,0,12,52
12/31/2011,GPI,MT,ANM,WE,Federal Contract Tower,7,16,4,0,27,0,0,5,0,5,7,16,9,0,32,12,0,12,44
01/01/2012,GPI,MT,ANM,WE,Federal Contract Tower,10,19,9,0,38,0,0,20,0,20,10,19,29,0,58,34,0,34,92
01/02/2012,GPI,MT,ANM,WE,Federal Contract Tower,6,32,15,0,53,0,0,26,0,26,6,32,41,0,79,26,0,26,105
01/03/2012,GPI,MT,ANM,WE,Federal Contract Tower,6,19,10,0,35,0,0,24,0,24,6,19,34,0,59,12,0,12,71
01/04/2012,GPI,MT,ANM,WE,Federal Contract Tower,5,18,4,0,27,0,0,13,1,14,5,18,17,1,41,20,0,20,61
01/05/2012,GPI,MT,ANM,WE,Federal Contract Tower,7,14,12,0,33,0,0,7,0,7,7,14,19,0,40,4,0,4,44
01/06/2012,GPI,MT,ANM,WE,Federal Contract Tower,5,19,7,6,37,0,1,16,4,21,5,20,23,10,58,20,26,46,104
01/07/2012,GPI,MT,ANM,WE,Federal Contract Tower,4,16,5,0,25,0,0,11,0,11,4,16,16,0,36,8,0,8,44
01/08/2012,GPI,MT,ANM,WE,Federal Contract Tower,7,11,5,0,23,0,0,4,0,4,7,11,9,0,27,20,0,20,47
01/09/2012,GPI,MT,ANM,WE,Federal Contract Tower,5,14,10,1,30,0,0,8,0,8,5,14,18,1,38,28,0,28,66
01/10/2012,GPI,MT,ANM,WE,Federal Contract Tower,4,12,3,0,19,0,0,2,0,2,4,12,5,0,21,10,0,10,31
01/11/2012,GPI,MT,ANM,WE,Federal Contract Tower,6,12,6,0,24,0,0,21,1,22,6,12,27,1,46,38,0,38,84
01/12/2012,GPI,MT,ANM,WE,Federal Contract Tower,7,11,5,0,23,0,0,17,2,19,7,11,22,2,42,38,0,38,80
01/13/2012,GPI,MT,ANM,WE,Federal Contract Tower,5,16,9,0,30,0,0,21,0,21,5,16,30,0,51,10,0,10,61
01/14/2012,GPI,MT,ANM,WE,Federal Contract Tower,4,9,4,0,17,0,0,17,0,17,4,9,21,0,34,28,0,28,62
01/15/2012,GPI,MT,ANM,WE,Federal Contract Tower,5,6,7,0,18,0,0,2,0,2,5,6,9,0,20,4,0,4,24
01/16/2012,GPI,MT,ANM,WE,Federal Contract Tower,7,13,6,0,26,0,0,0,0,0,7,13,6,0,26,0,0,0,26
01/17/2012,GPI,MT,ANM,WE,Federal Contract Tower,5,13,3,0,21,0,0,2,0,2,5,13,5,0,23,14,0,14,37
01/18/2012,GPI,MT,ANM,WE,Federal Contract Tower,4,18,3,0,25,0,0,1,0,1,4,18,4,0,26,0,0,0,26
01/19/2012,GPI,MT,ANM,WE,Federal Contract Tower,3,15,7,0,25,0,0,0,0,0,3,15,7,0,25,0,0,0,25
01/20/2012,GPI,MT,ANM,WE,Federal Contract Tower,5,16,5,0,26,0,0,0,0,0,5,16,5,0,26,0,0,0,26
01/21/2012,GPI,MT,ANM,WE,Federal Contract Tower,5,10,2,0,17,0,0,1,0,1,5,10,3,0,18,0,0,0,18
01/22/2012,GPI,MT,ANM,WE,Federal Contract Tower,8,10,2,0,20,0,0,2,0,2,8,10,4,0,22,0,0,0,22
01/23/2012,GPI,MT,ANM,WE,Federal Contract Tower,5,14,6,0,25,0,0,4,0,4,5,14,10,0,29,0,0,0,29
01/24/2012,GPI,MT,ANM,WE,Federal Contract Tower,5,14,4,7,30,0,0,6,3,9,5,14,10,10,39,0,46,46,85
01/25/2012,GPI,MT,ANM,WE,Federal Contract Tower,5,18,10,0,33,0,0,6,0,6,5,18,16,0,39,4,0,4,43
01/26/2012,GPI,MT,ANM,WE,Federal Contract Tower,7,15,17,0,39,0,0,5,0,5,7,15,22,0,44,2,0,2,46
01/27/2012,GPI,MT,ANM,WE,Federal Contract Tower,5,14,5,0,24,0,0,9,0,9,5,14,14,0,33,0,0,0,33
01/28/2012,GPI,MT,ANM,WE,Federal Contract Tower,5,8,1,0,14,0,0,6,0,6,5,8,7,0,20,14,0,14,34
01/29/2012,GPI,MT,ANM,WE,Federal Contract Tower,8,15,10,0,33,0,0,6,0,6,8,15,16,0,39,0,0,0,39
01/30/2012,GPI,MT,ANM,WE,Federal Contract Tower,7,16,5,1,29,0,2,0,0,2,7,18,5,1,31,0,0,0,31
01/31/2012,GPI,MT,ANM,WE,Federal Contract Tower,5,15,7,0,27,0,0,6,0,6,5,15,13,0,33,0,0,0,33
02/01/2012,GPI,MT,ANM,WE,Federal Contract Tower,5,14,14,0,33,0,0,0,0,0,5,14,14,0,33,16,0,16,49
02/02/2012,GPI,MT,ANM,WE,Federal Contract Tower,6,11,9,0,26,0,0,7,0,7,6,11,16,0,33,8,0,8,41
02/03/2012,GPI,MT,ANM,WE,Federal Contract Tower,5,13,9,0,27,0,0,35,0,35,5,13,44,0,62,66,0,66,128
02/04/2012,GPI,MT,ANM,WE,Federal Contract Tower,5,7,6,0,18,0,0,7,0,7,5,7,13,0,25,0,0,0,25
02/05/2012,GPI,MT,ANM,WE,Federal Contract Tower,9,9,8,0,26,0,0,5,0,5,9,9,13,0,31,0,0,0,31
02/06/2012,GPI,MT,ANM,WE,Federal Contract Tower,7,15,10,6,38,0,2,6,0,8,7,17,16,6,46,14,12,26,72
02/07/2012,GPI,MT,ANM,WE,Federal Contract Tower,5,16,8,0,29,0,0,20,1,21,5,16,28,1,50,34,6,40,90
02/08/2012,GPI,MT,ANM,WE,Federal Contract Tower,5,15,12,3,35,0,0,24,0,24,5,15,36,3,59,22,2,24,83
02/09/2012,GPI,MT,ANM,WE,Federal Contract Tower,6,13,5,0,24,0,0,7,0,7,6,13,12,0,31,14,0,14,45
02/10/2012,GPI,MT,ANM,WE,Federal Contract Tower,5,12,14,0,31,0,0,0,0,0,5,12,14,0,31,0,0,0,31
02/11/2012,GPI,MT,ANM,WE,Federal Contract Tower,5,7,4,0,16,0,0,0,0,0,5,7,4,0,16,0,0,0,16
02/12/2012,GPI,MT,ANM,WE,Federal Contract Tower,7,10,5,0,22,0,0,0,0,0,7,10,5,0,22,0,0,0,22
02/13/2012,GPI,MT,ANM,WE,Federal Contract Tower,7,11,4,1,23,0,0,0,0,0,7,11,4,1,23,0,0,0,23
02/14/2012,GPI,MT,ANM,WE,Federal Contract Tower,5,16,5,0,26,0,0,21,0,21,5,16,26,0,47,26,0,26,73
02/15/2012,GPI,MT,ANM,WE,Federal Contract Tower,5,19,13,0,37,0,0,14,0,14,5,19,27,0,51,10,0,10,61
02/16/2012,GPI,MT,ANM,WE,Federal Contract Tower,5,15,7,0,27,0,0,12,0,12,5,15,19,0,39,0,0,0,39
02/17/2012,GPI,MT,ANM,WE,Federal Contract Tower,7,20,18,4,49,0,0,4,0,4,7,20,22,4,53,6,24,30,83
02/18/2012,GPI,MT,ANM,WE,Federal Contract Tower,7,11,7,0,25,0,0,2,0,2,7,11,9,0,27,6,0,6,33
02/19/2012,GPI,MT,ANM,WE,Federal Contract Tower,5,15,6,0,26,0,0,6,0,6,5,15,12,0,32,2,0,2,34
02/20/2012,GPI,MT,ANM,WE,Federal Contract Tower,6,16,22,0,44,0,0,0,0,0,6,16,22,0,44,2,0,2,46
02/21/2012,GPI,MT,ANM,WE,Federal Contract Tower,8,16,16,0,40,0,0,0,0,0,8,16,16,0,40,0,0,0,40
02/22/2012,GPI,MT,ANM,WE,Federal Contract Tower,7,19,16,0,42,0,2,2,0,4,7,21,18,0,46,0,0,0,46
02/23/2012,GPI,MT,ANM,WE,Federal Contract Tower,7,14,16,0,37,0,0,13,0,13,7,14,29,0,50,10,0,10,60
02/24/2012,GPI,MT,ANM,WE,Federal Contract Tower,7,13,6,0,26,0,0,2,0,2,7,13,8,0,28,0,0,0,28
02/25/2012,GPI,MT,ANM,WE,Federal Contract Tower,5,12,3,0,20,0,0,0,0,0,5,12,3,0,20,0,0,0,20
02/26/2012,GPI,MT,ANM,WE,Federal Contract Tower,6,13,12,0,31,0,0,2,0,2,6,13,14,0,33,0,0,0,33
02/27/2012,GPI,MT,ANM,WE,Federal Contract Tower,7,14,6,0,27,0,0,6,0,6,7,14,12,0,33,12,0,12,45
02/28/2012,GPI,MT,ANM,WE,Federal Contract Tower,5,13,9,0,27,0,0,12,0,12,5,13,21,0,39,18,0,18,57
02/29/2012,GPI,MT,ANM,WE,Federal Contract Tower,5,11,7,0,23,0,0,2,0,2,5,11,9,0,25,16,0,16,41
03/01/2012,GPI,MT,ANM,WE,Federal Contract Tower,5,18,7,1,31,0,0,3,1,4,5,18,10,2,35,0,22,22,57
03/02/2012,GPI,MT,ANM,WE,Federal Contract Tower,8,13,12,1,34,0,0,1,0,1,8,13,13,1,35,0,0,0,35
03/03/2012,GPI,MT,ANM,WE,Federal Contract Tower,6,8,3,0,17,0,0,1,0,1,6,8,4,0,18,0,0,0,18
03/04/2012,GPI,MT,ANM,WE,Federal Contract Tower,8,12,9,1,30,0,0,18,0,18,8,12,27,1,48,2,0,2,50
03/05/2012,GPI,MT,ANM,WE,Federal Contract Tower,10,9,13,0,32,0,0,4,0,4,10,9,17,0,36,10,0,10,46
03/06/2012,GPI,MT,ANM,WE,Federal Contract Tower,7,10,18,0,35,0,0,2,0,2,7,10,20,0,37,0,0,0,37
03/07/2012,GPI,MT,ANM,WE,Federal Contract Tower,6,13,8,0,27,0,0,22,0,22,6,13,30,0,49,30,0,30,79
03/08/2012,GPI,MT,ANM,WE,Federal Contract Tower,7,13,12,0,32,0,0,28,0,28,7,13,40,0,60,16,0,16,76
03/09/2012,GPI,MT,ANM,WE,Federal Contract Tower,8,13,9,0,30,0,1,19,0,20,8,14,28,0,50,34,0,34,84
03/10/2012,GPI,MT,ANM,WE,Federal Contract Tower,6,11,9,0,26,0,0,19,0,19,6,11,28,0,45,10,0,10,55
03/11/2012,GPI,MT,ANM,WE,Federal Contract Tower,7,11,16,0,34,0,0,4,0,4,7,11,20,0,38,2,0,2,40
03/12/2012,GPI,MT,ANM,WE,Federal Contract Tower,8,11,5,0,24,0,0,8,0,8,8,11,13,0,32,0,0,0,32
03/13/2012,GPI,MT,ANM,WE,Federal Contract Tower,6,15,5,0,26,0,0,0,0,0,6,15,5,0,26,0,0,0,26
03/14/2012,GPI,MT,ANM,WE,Federal Contract Tower,6,14,13,0,33,0,0,8,2,10,6,14,21,2,43,14,0,14,57
03/15/2012,GPI,MT,ANM,WE,Federal Contract Tower,6,13,16,4,39,0,0,7,0,7,6,13,23,4,46,20,10,30,76
03/16/2012,GPI,MT,ANM,WE,Federal Contract Tower,8,13,13,0,34,0,1,0,0,1,8,14,13,0,35,4,0,4,39
03/17/2012,GPI,MT,ANM,WE,Federal Contract Tower,5,14,5,0,24,0,0,2,0,2,5,14,7,0,26,4,0,4,30
03/18/2012,GPI,MT,ANM,WE,Federal Contract Tower,7,8,11,4,30,0,0,0,0,0,7,8,11,4,30,0,20,20,50
03/19/2012,GPI,MT,ANM,WE,Federal Contract Tower,10,11,11,14,46,0,0,4,0,4,10,11,15,14,50,8,18,26,76
03/20/2012,GPI,MT,ANM,WE,Federal Contract Tower,6,16,9,0,31,0,0,0,0,0,6,16,9,0,31,0,0,0,31
03/21/2012,GPI,MT,ANM,WE,Federal Contract Tower,8,13,9,0,30,0,0,0,0,0,8,13,9,0,30,0,0,0,30
03/22/2012,GPI,MT,ANM,WE,Federal Contract Tower,6,11,7,0,24,0,0,7,0,7,6,11,14,0,31,22,0,22,53
03/23/2012,GPI,MT,ANM,WE,Federal Contract Tower,8,11,9,0,28,0,0,0,0,0,8,11,9,0,28,0,0,0,28
03/24/2012,GPI,MT,ANM,WE,Federal Contract Tower,8,14,1,0,23,0,0,7,0,7,8,14,8,0,30,20,0,20,50
03/25/2012,GPI,MT,ANM,WE,Federal Contract Tower,6,9,10,0,25,0,0,29,0,29,6,9,39,0,54,22,0,22,76
03/26/2012,GPI,MT,ANM,WE,Federal Contract Tower,10,11,2,0,23,0,0,11,0,11,10,11,13,0,34,12,0,12,46
03/27/2012,GPI,MT,ANM,WE,Federal Contract Tower,6,13,6,7,32,0,0,23,0,23,6,13,29,7,55,8,36,44,99
03/28/2012,GPI,MT,ANM,WE,Federal Contract Tower,9,15,6,0,30,0,2,2,0,4,9,17,8,0,34,10,0,10,44
03/29/2012,GPI,MT,ANM,WE,Federal Contract Tower,8,18,2,0,28,0,2,1,0,3,8,20,3,0,31,6,0,6,37
03/30/2012,GPI,MT,ANM,WE,Federal Contract Tower,8,15,10,0,33,0,0,0,0,0,8,15,10,0,33,0,0,0,33
03/31/2012,GPI,MT,ANM,WE,Federal Contract Tower,7,12,5,0,24,0,0,12,0,12,7,12,17,0,36,6,0,6,42
04/01/2012,GPI,MT,ANM,WE,Federal Contract Tower,7,9,5,0,21,0,0,0,0,0,7,9,5,0,21,0,0,0,21
04/02/2012,GPI,MT,ANM,WE,Federal Contract Tower,10,10,5,0,25,0,0,9,0,9,10,10,14,0,34,6,0,6,40
04/03/2012,GPI,MT,ANM,WE,Federal Contract Tower,6,10,9,0,25,0,0,24,2,26,6,10,33,2,51,20,0,20,71
04/04/2012,GPI,MT,ANM,WE,Federal Contract Tower,6,12,8,0,26,0,0,1,0,1,6,12,9,0,27,0,0,0,27
04/05/2012,GPI,MT,ANM,WE,Federal Contract Tower,6,11,10,0,27,0,0,8,0,8,6,11,18,0,35,0,0,0,35
04/06/2012,GPI,MT,ANM,WE,Federal Contract Tower,7,11,7,0,25,0,0,18,0,18,7,11,25,0,43,12,0,12,55
04/07/2012,GPI,MT,ANM,WE,Federal Contract Tower,5,8,5,0,18,0,0,8,0,8,5,8,13,0,26,18,0,18,44
04/08/2012,GPI,MT,ANM,WE,Federal Contract Tower,7,8,2,0,17,0,0,17,0,17,7,8,19,0,34,4,0,4,38
04/09/2012,GPI,MT,ANM,WE,Federal Contract Tower,10,11,11,0,32,0,0,18,0,18,10,11,29,0,50,0,0,0,50
04/10/2012,GPI,MT,ANM,WE,Federal Contract Tower,5,13,11,5,34,0,0,22,6,28,5,13,33,11,62,18,34,52,114
04/11/2012,GPI,MT,ANM,WE,Federal Contract Tower,5,16,14,3,38,0,0,28,0,28,5,16,42,3,66,44,6,50,116
04/12/2012,GPI,MT,ANM,WE,Federal Contract Tower,5,12,6,0,23,0,0,8,0,8,5,12,14,0,31,2,0,2,33
04/13/2012,GPI,MT,ANM,WE,Federal Contract Tower,7,12,7,0,26,0,0,24,0,24,7,12,31,0,50,2,0,2,52
04/14/2012,GPI,MT,ANM,WE,Federal Contract Tower,5,8,12,2,27,0,2,28,0,30,5,10,40,2,57,28,20,48,105
04/15/2012,GPI,MT,ANM,WE,Federal Contract Tower,5,10,5,0,20,0,0,0,0,0,5,10,5,0,20,0,0,0,20
04/16/2012,GPI,MT,ANM,WE,Federal Contract Tower,9,7,20,0,36,0,0,9,0,9,9,7,29,0,45,8,0,8,53
04/17/2012,GPI,MT,ANM,WE,Federal Contract Tower,5,11,13,0,29,0,0,20,0,20,5,11,33,0,49,14,0,14,63
04/18/2012,GPI,MT,ANM,WE,Federal Contract Tower,5,14,7,2,28,0,0,0,0,0,5,14,7,2,28,0,8,8,36
04/19/2012,GPI,MT,ANM,WE,Federal Contract Tower,5,13,10,4,32,0,0,9,0,9,5,13,19,4,41,34,14,48,89
04/20/2012,GPI,MT,ANM,WE,Federal Contract Tower,7,16,5,0,28,0,0,0,0,0,7,16,5,0,28,0,0,0,28
04/21/2012,GPI,MT,ANM,WE,Federal Contract Tower,4,9,5,0,18,0,0,13,0,13,4,9,18,0,31,0,0,0,31
04/22/2012,GPI,MT,ANM,WE,Federal Contract Tower,6,12,5,0,23,0,0,15,0,15,6,12,20,0,38,6,0,6,44
04/23/2012,GPI,MT,ANM,WE,Federal Contract Tower,9,7,12,0,28,0,0,16,0,16,9,7,28,0,44,8,0,8,52
04/24/2012,GPI,MT,ANM,WE,Federal Contract Tower,5,15,7,2,29,0,0,6,0,6,5,15,13,2,35,12,30,42,77
04/25/2012,GPI,MT,ANM,WE,Federal Contract Tower,5,11,9,0,25,0,0,19,0,19,5,11,28,0,44,6,0,6,50
04/26/2012,GPI,MT,ANM,WE,Federal Contract Tower,5,15,8,0,28,0,0,6,0,6,5,15,14,0,34,24,0,24,58
04/27/2012,GPI,MT,ANM,WE,Federal Contract Tower,9,16,6,0,31,0,0,3,0,3,9,16,9,0,34,10,0,10,44
04/28/2012,GPI,MT,ANM,WE,Federal Contract Tower,5,9,2,0,16,0,0,18,0,18,5,9,20,0,34,58,0,58,92
04/29/2012,GPI,MT,ANM,WE,Federal Contract Tower,7,11,14,0,32,0,0,18,0,18,7,11,32,0,50,20,0,20,70
04/30/2012,GPI,MT,ANM,WE,Federal Contract Tower,11,15,4,4,34,0,0,1,0,1,11,15,5,4,35,8,16,24,59
05/01/2012,GPI,MT,ANM,WE,Federal Contract Tower,5,13,6,0,24,0,0,8,0,8,5,13,14,0,32,10,0,10,42
05/02/2012,GPI,MT,ANM,WE,Federal Contract Tower,5,19,10,9,43,0,0,10,0,10,5,19,20,9,53,4,34,38,91
05/03/2012,GPI,MT,ANM,WE,Federal Contract Tower,5,18,4,0,27,0,0,7,0,7,5,18,11,0,34,12,0,12,46
05/04/2012,GPI,MT,ANM,WE,Federal Contract Tower,9,14,8,0,31,0,0,4,0,4,9,14,12,0,35,6,0,6,41
05/05/2012,GPI,MT,ANM,WE,Federal Contract Tower,5,8,5,0,18,0,0,2,0,2,5,8,7,0,20,0,0,0,20
05/06/2012,GPI,MT,ANM,WE,Federal Contract Tower,5,12,7,0,24,0,0,6,0,6,5,12,13,0,30,10,0,10,40
05/07/2012,GPI,MT,ANM,WE,Federal Contract Tower,11,13,9,0,33,0,0,24,0,24,11,13,33,0,57,12,0,12,69
05/08/2012,GPI,MT,ANM,WE,Federal Contract Tower,5,14,11,1,31,0,2,22,4,28,5,16,33,5,59,8,0,8,67
05/09/2012,GPI,MT,ANM,WE,Federal Contract Tower,5,15,6,0,26,0,0,10,0,10,5,15,16,0,36,8,0,8,44
05/10/2012,GPI,MT,ANM,WE,Federal Contract Tower,5,15,13,0,33,0,0,12,0,12,5,15,25,0,45,8,0,8,53
05/11/2012,GPI,MT,ANM,WE,Federal Contract Tower,9,17,10,0,36,0,2,26,0,28,9,19,36,0,64,6,0,6,70
05/12/2012,GPI,MT,ANM,WE,Federal Contract Tower,4,6,4,0,14,0,2,37,0,39,4,8,41,0,53,8,0,8,61
05/13/2012,GPI,MT,ANM,WE,Federal Contract Tower,5,12,10,0,27,0,0,24,0,24,5,12,34,0,51,10,0,10,61
05/14/2012,GPI,MT,ANM,WE,Federal Contract Tower,11,13,8,0,32,0,1,29,0,30,11,14,37,0,62,20,0,20,82
05/15/2012,GPI,MT,ANM,WE,Federal Contract Tower,5,10,12,1,28,0,1,24,3,28,5,11,36,4,56,20,0,20,76
05/16/2012,GPI,MT,ANM,WE,Federal Contract Tower,5,12,4,1,22,0,0,25,0,25,5,12,29,1,47,30,0,30,77
05/17/2012,GPI,MT,ANM,WE,Federal Contract Tower,7,13,8,0,28,0,0,15,0,15,7,13,23,0,43,14,0,14,57
05/18/2012,GPI,MT,ANM,WE,Federal Contract Tower,7,16,9,0,32,0,0,12,0,12,7,16,21,0,44,6,0,6,50
05/19/2012,GPI,MT,ANM,WE,Federal Contract Tower,5,4,4,0,13,0,2,24,4,30,5,6,28,4,43,24,0,24,67
05/20/2012,GPI,MT,ANM,WE,Federal Contract Tower,7,9,8,0,24,0,0,8,0,8,7,9,16,0,32,0,0,0,32
05/21/2012,GPI,MT,ANM,WE,Federal Contract Tower,10,12,11,1,34,0,0,15,0,15,10,12,26,1,49,8,6,14,63
05/22/2012,GPI,MT,ANM,WE,Federal Contract Tower,5,10,5,2,22,0,1,8,4,13,5,11,13,6,35,26,4,30,65
05/23/2012,GPI,MT,ANM,WE,Federal Contract Tower,5,13,7,0,25,0,0,4,0,4,5,13,11,0,29,0,0,0,29
05/24/2012,GPI,MT,ANM,WE,Federal Contract Tower,6,14,13,0,33,0,0,7,0,7,6,14,20,0,40,20,0,20,60
05/25/2012,GPI,MT,ANM,WE,Federal Contract Tower,7,13,12,0,32,0,0,10,0,10,7,13,22,0,42,0,0,0,42
05/26/2012,GPI,MT,ANM,WE,Federal Contract Tower,5,6,4,0,15,0,0,6,0,6,5,6,10,0,21,36,0,36,57
05/27/2012,GPI,MT,ANM,WE,Federal Contract Tower,7,5,4,0,16,0,0,0,0,0,7,5,4,0,16,0,0,0,16
05/28/2012,GPI,MT,ANM,WE,Federal Contract Tower,9,7,9,0,25,0,0,2,0,2,9,7,11,0,27,0,0,0,27
05/29/2012,GPI,MT,ANM,WE,Federal Contract Tower,5,13,5,0,23,0,0,1,0,1,5,13,6,0,24,0,0,0,24
05/30/2012,GPI,MT,ANM,WE,Federal Contract Tower,5,20,9,5,39,0,0,37,0,37,5,20,46,5,76,18,28,46,122
05/31/2012,GPI,MT,ANM,WE,Federal Contract Tower,7,16,9,2,34,0,0,12,0,12,7,16,21,2,46,18,2,20,66
06/01/2012,GPI,MT,ANM,WE,Federal Contract Tower,7,16,11,2,36,0,0,15,0,15,7,16,26,2,51,0,0,0,51
06/02/2012,GPI,MT,ANM,WE,Federal Contract Tower,5,10,14,0,29,0,1,3,0,4,5,11,17,0,33,0,0,0,33
06/03/2012,GPI,MT,ANM,WE,Federal Contract Tower,12,10,9,0,31,0,0,8,0,8,12,10,17,0,39,22,0,22,61
06/04/2012,GPI,MT,ANM,WE,Federal Contract Tower,11,10,12,5,38,0,0,12,0,12,11,10,24,5,50,2,28,30,80
06/05/2012,GPI,MT,ANM,WE,Federal Contract Tower,5,14,6,0,25,0,0,0,0,0,5,14,6,0,25,0,0,0,25
06/06/2012,GPI,MT,ANM,WE,Federal Contract Tower,9,17,6,0,32,0,0,0,0,0,9,17,6,0,32,0,0,0,32
06/07/2012,GPI,MT,ANM,WE,Federal Contract Tower,12,20,14,0,46,0,0,45,0,45,12,20,59,0,91,18,0,18,109
06/08/2012,GPI,MT,ANM,WE,Federal Contract Tower,12,19,12,1,44,0,0,3,0,3,12,19,15,1,47,0,0,0,47
06/09/2012,GPI,MT,ANM,WE,Federal Contract Tower,9,17,15,1,42,0,0,5,0,5,9,17,20,1,47,18,0,18,65
06/10/2012,GPI,MT,ANM,WE,Federal Contract Tower,12,21,6,0,39,0,0,0,0,0,12,21,6,0,39,0,0,0,39
06/11/2012,GPI,MT,ANM,WE,Federal Contract Tower,9,20,17,0,46,0,0,23,0,23,9,20,40,0,69,4,0,4,73
06/12/2012,GPI,MT,ANM,WE,Federal Contract Tower,8,20,12,0,40,0,0,15,0,15,8,20,27,0,55,6,0,6,61
06/13/2012,GPI,MT,ANM,WE,Federal Contract Tower,10,19,11,3,43,0,0,5,0,5,10,19,16,3,48,4,30,34,82
06/14/2012,GPI,MT,ANM,WE,Federal Contract Tower,12,16,22,1,51,0,0,38,0,38,12,16,60,1,89,4,10,14,103
06/15/2012,GPI,MT,ANM,WE,Federal Contract Tower,12,17,13,1,43,0,0,29,2,31,12,17,42,3,74,36,0,36,110
06/16/2012,GPI,MT,ANM,WE,Federal Contract Tower,9,13,10,0,32,0,0,41,0,41,9,13,51,0,73,12,0,12,85
06/17/2012,GPI,MT,ANM,WE,Federal Contract Tower,11,24,7,0,42,0,0,2,0,2,11,24,9,0,44,0,0,0,44
06/18/2012,GPI,MT,ANM,WE,Federal Contract Tower,13,17,28,0,58,0,1,10,0,11,13,18,38,0,69,22,0,22,91
06/19/2012,GPI,MT,ANM,WE,Federal Contract Tower,7,25,10,0,42,0,0,5,0,5,7,25,15,0,47,0,0,0,47
06/20/2012,GPI,MT,ANM,WE,Federal Contract Tower,9,25,25,3,62,0,0,29,0,29,9,25,54,3,91,28,2,30,121
06/21/2012,GPI,MT,ANM,WE,Federal Contract Tower,11,22,12,0,45,0,0,40,0,40,11,22,52,0,85,68,0,68,153
06/22/2012,GPI,MT,ANM,WE,Federal Contract Tower,12,26,13,1,52,0,1,9,0,10,12,27,22,1,62,18,0,18,80
06/23/2012,GPI,MT,ANM,WE,Federal Contract Tower,12,15,9,3,39,0,0,5,1,6,12,15,14,4,45,10,4,14,59
06/24/2012,GPI,MT,ANM,WE,Federal Contract Tower,11,22,18,3,54,0,0,8,2,10,11,22,26,5,64,18,8,26,90
06/25/2012,GPI,MT,ANM,WE,Federal Contract Tower,15,20,15,1,51,0,0,14,0,14,15,20,29,1,65,0,0,0,65
06/26/2012,GPI,MT,ANM,WE,Federal Contract Tower,9,22,10,0,41,0,0,1,0,1,9,22,11,0,42,0,0,0,42
06/27/2012,GPI,MT,ANM,WE,Federal Contract Tower,10,24,17,4,55,0,0,16,2,18,10,24,33,6,73,0,6,6,79
06/28/2012,GPI,MT,ANM,WE,Federal Contract Tower,12,23,23,0,58,0,0,54,0,54,12,23,77,0,112,26,0,26,138
06/29/2012,GPI,MT,ANM,WE,Federal Contract Tower,11,29,18,0,58,1,0,28,2,31,12,29,46,2,89,26,0,26,115
06/30/2012,GPI,MT,ANM,WE,Federal Contract Tower,13,16,28,0,57,0,0,36,0,36,13,16,64,0,93,34,0,34,127
07/01/2012,GPI,MT,ANM,WE,Federal Contract Tower,13,27,20,0,60,0,0,3,0,3,13,27,23,0,63,6,0,6,69
07/02/2012,GPI,MT,ANM,WE,Federal Contract Tower,17,18,16,0,51,0,0,25,0,25,17,18,41,0,76,10,0,10,86
07/03/2012,GPI,MT,ANM,WE,Federal Contract Tower,11,17,17,0,45,0,0,15,0,15,11,17,32,0,60,2,0,2,62
07/04/2012,GPI,MT,ANM,WE,Federal Contract Tower,10,6,13,0,29,0,0,28,0,28,10,6,41,0,57,0,0,0,57
07/05/2012,GPI,MT,ANM,WE,Federal Contract Tower,13,19,23,0,55,0,1,36,2,39,13,20,59,2,94,2,0,2,96
07/06/2012,GPI,MT,ANM,WE,Federal Contract Tower,15,17,9,2,43,0,2,42,0,44,15,19,51,2,87,6,2,8,95
07/07/2012,GPI,MT,ANM,WE,Federal Contract Tower,14,15,16,0,45,0,0,36,0,36,14,15,52,0,81,10,0,10,91
07/08/2012,GPI,MT,ANM,WE,Federal Contract Tower,15,17,30,1,63,0,0,30,0,30,15,17,60,1,93,4,0,4,97
07/09/2012,GPI,MT,ANM,WE,Federal Contract Tower,15,19,16,0,50,0,1,19,0,20,15,20,35,0,70,22,0,22,92
07/10/2012,GPI,MT,ANM,WE,Federal Contract Tower,12,18,18,0,48,0,0,37,0,37,12,18,55,0,85,18,0,18,103
07/11/2012,GPI,MT,ANM,WE,Federal Contract Tower,12,27,16,0,55,0,1,41,0,42,12,28,57,0,97,32,0,32,129
07/12/2012,GPI,MT,ANM,WE,Federal Contract Tower,14,25,17,2,58,0,1,40,10,51,14,26,57,12,109,58,12,70,179
07/13/2012,GPI,MT,ANM,WE,Federal Contract Tower,11,25,17,1,54,0,0,26,3,29,11,25,43,4,83,8,2,10,93
07/14/2012,GPI,MT,ANM,WE,Federal Contract Tower,17,17,14,0,48,0,1,4,0,5,17,18,18,0,53,0,0,0,53
07/15/2012,GPI,MT,ANM,WE,Federal Contract Tower,15,21,16,0,52,0,0,10,0,10,15,21,26,0,62,10,0,10,72
07/16/2012,GPI,MT,ANM,WE,Federal Contract Tower,17,16,24,2,59,0,0,44,0,44,17,16,68,2,103,6,2,8,111
07/17/2012,GPI,MT,ANM,WE,Federal Contract Tower,11,21,26,2,60,0,0,28,0,28,11,21,54,2,88,12,0,12,100
07/18/2012,GPI,MT,ANM,WE,Federal Contract Tower,11,26,19,3,59,0,1,46,13,60,11,27,65,16,119,28,10,38,157
07/19/2012,GPI,MT,ANM,WE,Federal Contract Tower,16,23,20,2,61,0,3,36,6,45,16,26,56,8,106,20,2,22,128
07/20/2012,GPI,MT,ANM,WE,Federal Contract Tower,13,24,21,0,58,0,0,21,2,23,13,24,42,2,81,28,0,28,109
07/21/2012,GPI,MT,ANM,WE,Federal Contract Tower,16,21,10,2,49,0,0,28,4,32,16,21,38,6,81,24,0,24,105
07/22/2012,GPI,MT,ANM,WE,Federal Contract Tower,18,20,32,0,70,0,2,47,3,52,18,22,79,3,122,24,4,28,150
07/23/2012,GPI,MT,ANM,WE,Federal Contract Tower,16,22,27,0,65,0,1,21,0,22,16,23,48,0,87,18,0,18,105
07/24/2012,GPI,MT,ANM,WE,Federal Contract Tower,11,29,24,5,69,0,0,21,4,25,11,29,45,9,94,32,10,42,136
07/25/2012,GPI,MT,ANM,WE,Federal Contract Tower,12,22,31,4,69,0,0,45,0,45,12,22,76,4,114,38,2,40,154
07/26/2012,GPI,MT,ANM,WE,Federal Contract Tower,12,25,23,2,62,0,0,33,4,37,12,25,56,6,99,20,8,28,127
07/27/2012,GPI,MT,ANM,WE,Federal Contract Tower,14,27,25,0,66,0,0,38,0,38,14,27,63,0,104,10,0,10,114
07/28/2012,GPI,MT,ANM,WE,Federal Contract Tower,17,17,13,0,47,0,1,34,0,35,17,18,47,0,82,10,0,10,92
07/29/2012,GPI,MT,ANM,WE,Federal Contract Tower,17,23,27,0,67,0,0,43,0,43,17,23,70,0,110,32,0,32,142
07/30/2012,GPI,MT,ANM,WE,Federal Contract Tower,13,29,26,0,68,0,0,35,4,39,13,29,61,4,107,10,6,16,123
07/31/2012,GPI,MT,ANM,WE,Federal Contract Tower,11,22,28,0,61,0,0,37,4,41,11,22,65,4,102,18,6,24,126
08/01/2012,GPI,MT,ANM,WE,Federal Contract Tower,11,23,23,0,57,0,1,39,0,40,11,24,62,0,97,2,0,2,99
08/02/2012,GPI,MT,ANM,WE,Federal Contract Tower,13,30,29,2,74,0,1,35,0,36,13,31,64,2,110,8,0,8,118
08/03/2012,GPI,MT,ANM,WE,Federal Contract Tower,13,30,23,0,66,0,0,32,1,33,13,30,55,1,99,4,0,4,103
08/04/2012,GPI,MT,ANM,WE,Federal Contract Tower,16,13,27,0,56,0,0,33,0,33,16,13,60,0,89,0,0,0,89
08/05/2012,GPI,MT,ANM,WE,Federal Contract Tower,15,24,21,2,62,0,0,30,0,30,15,24,51,2,92,14,0,14,106
08/06/2012,GPI,MT,ANM,WE,Federal Contract Tower,14,31,25,0,70,0,0,39,0,39,14,31,64,0,109,26,0,26,135
08/07/2012,GPI,MT,ANM,WE,Federal Contract Tower,13,22,25,0,60,0,0,38,0,38,13,22,63,0,98,54,0,54,152
08/08/2012,GPI,MT,ANM,WE,Federal Contract Tower,12,30,18,0,60,0,1,43,0,44,12,31,61,0,104,70,0,70,174
08/09/2012,GPI,MT,ANM,WE,Federal Contract Tower,13,23,24,0,60,0,0,41,9,50,13,23,65,9,110,106,6,112,222
08/10/2012,GPI,MT,ANM,WE,Federal Contract Tower,13,25,28,0,66,0,1,48,3,52,13,26,76,3,118,98,2,100,218
08/11/2012,GPI,MT,ANM,WE,Federal Contract Tower,18,19,16,1,54,0,0,17,0,17,18,19,33,1,71,102,0,102,173
08/12/2012,GPI,MT,ANM,WE,Federal Contract Tower,18,35,24,2,79,0,0,30,0,30,18,35,54,2,109,134,2,136,245
08/13/2012,GPI,MT,ANM,WE,Federal Contract Tower,14,13,18,1,46,0,0,28,3,31,14,13,46,4,77,98,2,100,177
08/14/2012,GPI,MT,ANM,WE,Federal Contract Tower,9,24,20,0,53,0,0,30,1,31,9,24,50,1,84,66,4,70,154
08/15/2012,GPI,MT,ANM,WE,Federal Contract Tower,10,34,21,1,66,0,0,29,0,29,10,34,50,1,95,116,2,118,213
08/16/2012,GPI,MT,ANM,WE,Federal Contract Tower,12,25,16,0,53,0,1,53,4,58,12,26,69,4,111,108,0,108,219
08/17/2012,GPI,MT,ANM,WE,Federal Contract Tower,12,29,23,0,64,0,1,33,0,34,12,30,56,0,98,80,0,80,178
08/18/2012,GPI,MT,ANM,WE,Federal Contract Tower,12,22,12,1,47,0,0,38,2,40,12,22,50,3,87,58,2,60,147
08/19/2012,GPI,MT,ANM,WE,Federal Contract Tower,14,31,19,0,64,0,0,40,3,43,14,31,59,3,107,74,0,74,181
08/20/2012,GPI,MT,ANM,WE,Federal Contract Tower,11,25,18,0,54,0,0,42,1,43,11,25,60,1,97,80,0,80,177
08/21/2012,GPI,MT,ANM,WE,Federal Contract Tower,9,30,18,2,59,0,0,30,1,31,9,30,48,3,90,34,4,38,128
08/22/2012,GPI,MT,ANM,WE,Federal Contract Tower,10,26,12,0,48,0,2,29,2,33,10,28,41,2,81,34,0,34,115
08/23/2012,GPI,MT,ANM,WE,Federal Contract Tower,13,24,18,0,55,0,0,60,1,61,13,24,78,1,116,26,0,26,142
08/24/2012,GPI,MT,ANM,WE,Federal Contract Tower,14,19,11,0,44,0,1,29,2,32,14,20,40,2,76,68,0,68,144
08/25/2012,GPI,MT,ANM,WE,Federal Contract Tower,12,18,10,0,40,0,1,30,1,32,12,19,40,1,72,16,0,16,88
08/26/2012,GPI,MT,ANM,WE,Federal Contract Tower,11,25,21,0,57,0,0,35,1,36,11,25,56,1,93,16,0,16,109
08/27/2012,GPI,MT,ANM,WE,Federal Contract Tower,10,24,8,0,42,0,0,22,2,24,10,24,30,2,66,32,0,32,98
08/28/2012,GPI,MT,ANM,WE,Federal Contract Tower,4,21,8,1,34,0,0,17,0,17,4,21,25,1,51,24,0,24,75
08/29/2012,GPI,MT,ANM,WE,Federal Contract Tower,6,22,12,0,40,0,0,13,0,13,6,22,25,0,53,4,0,4,57
08/30/2012,GPI,MT,ANM,WE,Federal Contract Tower,8,26,21,0,55,0,7,39,8,54,8,33,60,8,109,30,8,38,147
08/31/2012,GPI,MT,ANM,WE,Federal Contract Tower,9,23,32,0,64,0,0,31,2,33,9,23,63,2,97,34,0,34,131
09/01/2012,GPI,MT,ANM,WE,Federal Contract Tower,8,12,10,0,30,0,1,18,0,19,8,13,28,0,49,2,0,2,51
09/02/2012,GPI,MT,ANM,WE,Federal Contract Tower,10,11,11,0,32,0,0,17,3,20,10,11,28,3,52,6,2,8,60
09/03/2012,GPI,MT,ANM,WE,Federal Contract Tower,8,22,25,0,55,0,0,30,0,30,8,22,55,0,85,6,0,6,91
09/04/2012,GPI,MT,ANM,WE,Federal Contract Tower,5,22,31,0,58,0,0,13,3,16,5,22,44,3,74,0,0,0,74
09/05/2012,GPI,MT,ANM,WE,Federal Contract Tower,6,18,17,0,41,0,0,29,0,29,6,18,46,0,70,18,0,18,88
09/06/2012,GPI,MT,ANM,WE,Federal Contract Tower,11,20,14,0,45,0,2,27,0,29,11,22,41,0,74,16,0,16,90
09/07/2012,GPI,MT,ANM,WE,Federal Contract Tower,8,21,17,0,46,0,0,38,1,39,8,21,55,1,85,28,2,30,115
09/08/2012,GPI,MT,ANM,WE,Federal Contract Tower,6,9,5,2,22,0,0,22,2,24,6,9,27,4,46,4,6,10,56
09/09/2012,GPI,MT,ANM,WE,Federal Contract Tower,9,13,19,0,41,0,0,10,0,10,9,13,29,0,51,12,0,12,63
09/10/2012,GPI,MT,ANM,WE,Federal Contract Tower,8,17,13,0,38,0,0,22,2,24,8,17,35,2,62,4,0,4,66
09/11/2012,GPI,MT,ANM,WE,Federal Contract Tower,5,18,15,0,38,0,2,18,2,22,5,20,33,2,60,44,0,44,104
09/12/2012,GPI,MT,ANM,WE,Federal Contract Tower,6,13,16,0,35,0,7,28,4,39,6,20,44,4,74,26,0,26,100
09/13/2012,GPI,MT,ANM,WE,Federal Contract Tower,8,15,6,0,29,0,0,38,1,39,8,15,44,1,68,32,0,32,100
09/14/2012,GPI,MT,ANM,WE,Federal Contract Tower,8,20,15,0,43,0,0,31,3,34,8,20,46,3,77,4,0,4,81
09/15/2012,GPI,MT,ANM,WE,Federal Contract Tower,6,11,5,0,22,0,0,16,0,16,6,11,21,0,38,2,0,2,40
09/16/2012,GPI,MT,ANM,WE,Federal Contract Tower,9,16,11,0,36,0,0,13,7,20,9,16,24,7,56,20,2,22,78
09/17/2012,GPI,MT,ANM,WE,Federal Contract Tower,8,14,7,0,29,0,0,16,0,16,8,14,23,0,45,22,0,22,67
09/18/2012,GPI,MT,ANM,WE,Federal Contract Tower,5,16,14,0,35,0,0,25,0,25,5,16,39,0,60,20,0,20,80
09/19/2012,GPI,MT,ANM,WE,Federal Contract Tower,6,16,21,0,43,0,4,15,3,22,6,20,36,3,65,18,0,18,83
09/20/2012,GPI,MT,ANM,WE,Federal Contract Tower,8,14,16,0,38,0,2,25,2,29,8,16,41,2,67,22,0,22,89
09/21/2012,GPI,MT,ANM,WE,Federal Contract Tower,8,18,18,0,44,0,0,28,0,28,8,18,46,0,72,22,0,22,94
09/22/2012,GPI,MT,ANM,WE,Federal Contract Tower,6,10,5,0,21,0,0,19,0,19,6,10,24,0,40,34,0,34,74
09/23/2012,GPI,MT,ANM,WE,Federal Contract Tower,9,18,11,0,38,0,0,12,2,14,9,18,23,2,52,6,2,8,60
09/24/2012,GPI,MT,ANM,WE,Federal Contract Tower,9,22,17,0,48,0,0,26,0,26,9,22,43,0,74,10,0,10,84
09/25/2012,GPI,MT,ANM,WE,Federal Contract Tower,5,18,13,0,36,0,0,18,0,18,5,18,31,0,54,12,0,12,66
09/26/2012,GPI,MT,ANM,WE,Federal Contract Tower,6,22,17,0,45,0,1,24,1,26,6,23,41,1,71,2,0,2,73
09/27/2012,GPI,MT,ANM,WE,Federal Contract Tower,8,19,16,0,43,0,0,22,1,23,8,19,38,1,66,6,0,6,72
09/28/2012,GPI,MT,ANM,WE,Federal Contract Tower,8,19,18,2,47,0,0,47,0,47,8,19,65,2,94,46,0,46,140
09/29/2012,GPI,MT,ANM,WE,Federal Contract Tower,6,13,9,1,29,0,0,7,2,9,6,13,16,3,38,4,8,12,50
09/30/2012,GPI,MT,ANM,WE,Federal Contract Tower,9,10,8,3,30,0,0,14,2,16,9,10,22,5,46,0,0,0,46
10/01/2012,GPI,MT,ANM,WE,Federal Contract Tower,7,17,17,0,41,0,0,26,0,26,7,17,43,0,67,10,0,10,77
10/02/2012,GPI,MT,ANM,WE,Federal Contract Tower,5,20,12,0,37,0,0,8,0,8,5,20,20,0,45,0,0,0,45
10/03/2012,GPI,MT,ANM,WE,Federal Contract Tower,5,17,14,0,36,0,0,8,0,8,5,17,22,0,44,2,0,2,46
10/04/2012,GPI,MT,ANM,WE,Federal Contract Tower,7,16,10,0,33,0,0,19,0,19,7,16,29,0,52,12,0,12,64
10/05/2012,GPI,MT,ANM,WE,Federal Contract Tower,7,17,8,0,32,0,1,19,0,20,7,18,27,0,52,18,0,18,70
10/06/2012,GPI,MT,ANM,WE,Federal Contract Tower,5,10,5,0,20,0,0,12,0,12,5,10,17,0,32,2,0,2,34
10/07/2012,GPI,MT,ANM,WE,Federal Contract Tower,7,17,10,0,34,0,0,17,0,17,7,17,27,0,51,6,0,6,57
10/08/2012,GPI,MT,ANM,WE,Federal Contract Tower,6,12,11,0,29,0,0,16,0,16,6,12,27,0,45,28,0,28,73
10/09/2012,GPI,MT,ANM,WE,Federal Contract Tower,7,14,14,4,39,0,0,26,4,30,7,14,40,8,69,32,0,32,101
10/10/2012,GPI,MT,ANM,WE,Federal Contract Tower,5,17,5,0,27,0,0,41,0,41,5,17,46,0,68,24,0,24,92
10/11/2012,GPI,MT,ANM,WE,Federal Contract Tower,7,23,11,0,41,0,4,30,0,34,7,27,41,0,75,34,0,34,109
10/12/2012,GPI,MT,ANM,WE,Federal Contract Tower,7,15,10,0,32,0,0,19,0,19,7,15,29,0,51,10,0,10,61
10/13/2012,GPI,MT,ANM,WE,Federal Contract Tower,7,11,7,0,25,0,0,0,0,0,7,11,7,0,25,6,0,6,31
10/14/2012,GPI,MT,ANM,WE,Federal Contract Tower,7,16,10,0,33,0,0,7,0,7,7,16,17,0,40,0,0,0,40
10/15/2012,GPI,MT,ANM,WE,Federal Contract Tower,7,16,8,0,31,0,0,11,0,11,7,16,19,0,42,18,0,18,60
10/16/2012,GPI,MT,ANM,WE,Federal Contract Tower,5,14,9,0,28,0,0,2,0,2,5,14,11,0,30,0,0,0,30
10/17/2012,GPI,MT,ANM,WE,Federal Contract Tower,5,19,11,0,35,0,0,14,0,14,5,19,25,0,49,30,0,30,79
10/18/2012,GPI,MT,ANM,WE,Federal Contract Tower,7,18,10,0,35,0,0,28,0,28,7,18,38,0,63,16,0,16,79
10/19/2012,GPI,MT,ANM,WE,Federal Contract Tower,7,17,10,2,36,0,0,10,0,10,7,17,20,2,46,8,6,14,60
10/20/2012,GPI,MT,ANM,WE,Federal Contract Tower,5,9,0,0,14,0,0,5,0,5,5,9,5,0,19,0,0,0,19
10/21/2012,GPI,MT,ANM,WE,Federal Contract Tower,8,21,6,0,35,0,2,5,0,7,8,23,11,0,42,14,0,14,56
10/22/2012,GPI,MT,ANM,WE,Federal Contract Tower,7,15,11,0,33,0,0,9,0,9,7,15,20,0,42,12,0,12,54
10/23/2012,GPI,MT,ANM,WE,Federal Contract Tower,5,20,1,0,26,0,0,3,0,3,5,20,4,0,29,14,0,14,43
10/24/2012,GPI,MT,ANM,WE,Federal Contract Tower,5,20,12,0,37,0,0,5,0,5,5,20,17,0,42,14,0,14,56
10/25/2012,GPI,MT,ANM,WE,Federal Contract Tower,7,14,11,0,32,0,0,2,0,2,7,14,13,0,34,0,0,0,34
10/26/2012,GPI,MT,ANM,WE,Federal Contract Tower,7,20,5,0,32,0,0,18,0,18,7,20,23,0,50,2,0,2,52
10/27/2012,GPI,MT,ANM,WE,Federal Contract Tower,5,12,6,0,23,0,0,0,0,0,5,12,6,0,23,0,0,0,23
10/28/2012,GPI,MT,ANM,WE,Federal Contract Tower,7,7,5,0,19,0,0,0,0,0,7,7,5,0,19,0,0,0,19
10/29/2012,GPI,MT,ANM,WE,Federal Contract Tower,7,17,2,0,26,0,0,0,0,0,7,17,2,0,26,2,0,2,28
10/30/2012,GPI,MT,ANM,WE,Federal Contract Tower,5,15,7,0,27,0,0,17,0,17,5,15,24,0,44,24,0,24,68
10/31/2012,GPI,MT,ANM,WE,Federal Contract Tower,5,12,16,0,33,0,0,14,0,14,5,12,30,0,47,16,0,16,63
11/01/2012,GPI,MT,ANM,WE,Federal Contract Tower,7,15,8,0,30,0,0,0,0,0,7,15,8,0,30,0,0,0,30
11/02/2012,GPI,MT,ANM,WE,Federal Contract Tower,9,20,15,0,44,0,0,25,0,25,9,20,40,0,69,48,0,48,117
11/03/2012,GPI,MT,ANM,WE,Federal Contract Tower,5,16,9,0,30,0,0,6,0,6,5,16,15,0,36,18,0,18,54
11/04/2012,GPI,MT,ANM,WE,Federal Contract Tower,7,14,4,0,25,0,0,7,0,7,7,14,11,0,32,14,0,14,46
11/05/2012,GPI,MT,ANM,WE,Federal Contract Tower,7,13,9,0,29,0,0,5,0,5,7,13,14,0,34,8,0,8,42
11/06/2012,GPI,MT,ANM,WE,Federal Contract Tower,7,14,12,0,33,0,0,27,0,27,7,14,39,0,60,16,0,16,76
11/07/2012,GPI,MT,ANM,WE,Federal Contract Tower,5,12,10,2,29,0,0,11,0,11,5,12,21,2,40,8,0,8,48
11/08/2012,GPI,MT,ANM,WE,Federal Contract Tower,7,15,11,2,35,0,0,2,0,2,7,15,13,2,37,0,0,0,37
11/09/2012,GPI,MT,ANM,WE,Federal Contract Tower,9,14,9,0,32,0,0,0,0,0,9,14,9,0,32,0,0,0,32
11/10/2012,GPI,MT,ANM,WE,Federal Contract Tower,4,9,11,0,24,0,0,9,0,9,4,9,20,0,33,32,0,32,65
11/11/2012,GPI,MT,ANM,WE,Federal Contract Tower,7,11,12,0,30,0,0,2,0,2,7,11,14,0,32,30,0,30,62
11/12/2012,GPI,MT,ANM,WE,Federal Contract Tower,7,15,2,0,24,0,0,2,0,2,7,15,4,0,26,6,0,6,32
11/13/2012,GPI,MT,ANM,WE,Federal Contract Tower,5,13,8,0,26,0,0,10,0,10,5,13,18,0,36,0,0,0,36
11/14/2012,GPI,MT,ANM,WE,Federal Contract Tower,4,14,5,0,23,0,0,14,0,14,4,14,19,0,37,10,0,10,47
11/15/2012,GPI,MT,ANM,WE,Federal Contract Tower,9,14,12,0,35,0,0,31,0,31,9,14,43,0,66,24,0,24,90
11/16/2012,GPI,MT,ANM,WE,Federal Contract Tower,5,14,6,0,25,0,0,26,0,26,5,14,32,0,51,14,0,14,65
11/17/2012,GPI,MT,ANM,WE,Federal Contract Tower,5,11,4,0,20,0,0,6,0,6,5,11,10,0,26,0,0,0,26
11/18/2012,GPI,MT,ANM,WE,Federal Contract Tower,9,10,8,1,28,0,0,5,0,5,9,10,13,1,33,4,4,8,41
11/19/2012,GPI,MT,ANM,WE,Federal Contract Tower,4,12,9,0,25,0,0,3,0,3,4,12,12,0,28,10,0,10,38
11/20/2012,GPI,MT,ANM,WE,Federal Contract Tower,5,14,8,0,27,0,0,2,0,2,5,14,10,0,29,2,0,2,31
11/21/2012,GPI,MT,ANM,WE,Federal Contract Tower,9,14,13,0,36,0,0,9,0,9,9,14,22,0,45,10,0,10,55
11/22/2012,GPI,MT,ANM,WE,Federal Contract Tower,4,7,0,0,11,0,0,0,0,0,4,7,0,0,11,0,0,0,11
11/23/2012,GPI,MT,ANM,WE,Federal Contract Tower,3,10,3,0,16,0,0,11,0,11,3,10,14,0,27,24,0,24,51
11/24/2012,GPI,MT,ANM,WE,Federal Contract Tower,4,6,8,0,18,0,0,5,0,5,4,6,13,0,23,4,0,4,27
11/25/2012,GPI,MT,ANM,WE,Federal Contract Tower,12,13,8,0,33,0,0,6,0,6,12,13,14,0,39,12,0,12,51
11/26/2012,GPI,MT,ANM,WE,Federal Contract Tower,6,12,8,0,26,0,0,18,0,18,6,12,26,0,44,20,0,20,64
11/27/2012,GPI,MT,ANM,WE,Federal Contract Tower,2,12,7,0,21,0,1,15,0,16,2,13,22,0,37,22,0,22,59
11/28/2012,GPI,MT,ANM,WE,Federal Contract Tower,2,10,12,0,24,0,0,26,0,26,2,10,38,0,50,34,0,34,84
11/29/2012,GPI,MT,ANM,WE,Federal Contract Tower,8,15,7,0,30,0,0,5,0,5,8,15,12,0,35,2,0,2,37
11/30/2012,GPI,MT,ANM,WE,Federal Contract Tower,5,13,9,0,27,0,0,11,0,11,5,13,20,0,38,2,0,2,40
12/01/2012,GPI,MT,ANM,WE,Federal Contract Tower,3,9,5,0,17,0,0,4,0,4,3,9,9,0,21,10,0,10,31
12/02/2012,GPI,MT,ANM,WE,Federal Contract Tower,7,9,7,0,23,0,0,0,0,0,7,9,7,0,23,0,0,0,23
12/03/2012,GPI,MT,ANM,WE,Federal Contract Tower,16,6,12,3,37,6,0,4,0,10,22,6,16,3,47,16,0,16,63
12/04/2012,GPI,MT,ANM,WE,Federal Contract Tower,12,11,3,0,26,7,0,4,0,11,19,11,7,0,37,26,0,26,63
12/05/2012,GPI,MT,ANM,WE,Federal Contract Tower,3,15,2,0,20,0,0,4,0,4,3,15,6,0,24,0,0,0,24
12/06/2012,GPI,MT,ANM,WE,Federal Contract Tower,9,11,14,0,34,0,0,9,0,9,9,11,23,0,43,8,0,8,51
12/07/2012,GPI,MT,ANM,WE,Federal Contract Tower,5,17,7,0,29,0,0,1,0,1,5,17,8,0,30,0,0,0,30
12/08/2012,GPI,MT,ANM,WE,Federal Contract Tower,6,9,4,0,19,3,0,2,0,5,9,9,6,0,24,0,0,0,24
12/09/2012,GPI,MT,ANM,WE,Federal Contract Tower,7,8,8,0,23,0,0,12,0,12,7,8,20,0,35,28,0,28,63
12/10/2012,GPI,MT,ANM,WE,Federal Contract Tower,5,12,13,2,32,0,0,20,0,20,5,12,33,2,52,20,4,24,76
12/11/2012,GPI,MT,ANM,WE,Federal Contract Tower,3,19,14,0,36,0,0,6,0,6,3,19,20,0,42,0,0,0,42
12/12/2012,GPI,MT,ANM,WE,Federal Contract Tower,3,17,11,0,31,0,0,0,0,0,3,17,11,0,31,0,0,0,31
12/13/2012,GPI,MT,ANM,WE,Federal Contract Tower,9,15,16,6,46,0,0,17,0,17,9,15,33,6,63,14,18,32,95
12/14/2012,GPI,MT,ANM,WE,Federal Contract Tower,5,13,15,0,33,0,0,9,0,9,5,13,24,0,42,26,0,26,68
12/15/2012,GPI,MT,ANM,WE,Federal Contract Tower,6,11,9,0,26,0,0,6,0,6,6,11,15,0,32,0,0,0,32
12/16/2012,GPI,MT,ANM,WE,Federal Contract Tower,9,13,10,0,32,0,0,2,0,2,9,13,12,0,34,2,0,2,36
12/17/2012,GPI,MT,ANM,WE,Federal Contract Tower,6,19,4,0,29,0,0,2,0,2,6,19,6,0,31,0,0,0,31
12/18/2012,GPI,MT,ANM,WE,Federal Contract Tower,5,27,15,1,48,0,0,9,1,10,5,27,24,2,58,12,0,12,70
12/19/2012,GPI,MT,ANM,WE,Federal Contract Tower,5,24,3,3,35,0,0,0,2,2,5,24,3,5,37,0,0,0,37
12/20/2012,GPI,MT,ANM,WE,Federal Contract Tower,10,24,8,0,42,0,0,8,0,8,10,24,16,0,50,16,0,16,66
12/21/2012,GPI,MT,ANM,WE,Federal Contract Tower,5,25,17,0,47,0,0,1,0,1,5,25,18,0,48,0,0,0,48
12/22/2012,GPI,MT,ANM,WE,Federal Contract Tower,7,20,18,0,45,0,0,13,0,13,7,20,31,0,58,24,0,24,82
12/23/2012,GPI,MT,ANM,WE,Federal Contract Tower,9,17,7,0,33,0,0,5,0,5,9,17,12,0,38,2,0,2,40
12/24/2012,GPI,MT,ANM,WE,Federal Contract Tower,5,16,6,0,27,0,0,0,0,0,5,16,6,0,27,0,0,0,27
12/25/2012,GPI,MT,ANM,WE,Federal Contract Tower,6,13,1,0,20,0,0,0,0,0,6,13,1,0,20,0,0,0,20
12/26/2012,GPI,MT,ANM,WE,Federal Contract Tower,6,23,23,0,52,0,0,2,0,2,6,23,25,0,54,0,0,0,54
12/27/2012,GPI,MT,ANM,WE,Federal Contract Tower,9,22,18,0,49,0,0,0,0,0,9,22,18,0,49,0,0,0,49
12/28/2012,GPI,MT,ANM,WE,Federal Contract Tower,6,22,20,0,48,0,0,25,0,25,6,22,45,0,73,24,0,24,97
12/29/2012,GPI,MT,ANM,WE,Federal Contract Tower,5,16,13,0,34,0,0,4,0,4,5,16,17,0,38,32,0,32,70
12/30/2012,GPI,MT,ANM,WE,Federal Contract Tower,12,13,7,0,32,0,0,0,0,0,12,13,7,0,32,0,0,0,32
12/31/2012,GPI,MT,ANM,WE,Federal Contract Tower,5,18,3,0,26,0,0,4,0,4,5,18,7,0,30,4,0,4,34
01/01/2013,GPI,MT,ANM,WE,Federal Contract Tower,4,19,7,0,30,0,0,3,0,3,4,19,10,0,33,2,0,2,35
01/02/2013,GPI,MT,ANM,WE,Federal Contract Tower,8,19,16,0,43,0,0,7,0,7,8,19,23,0,50,6,0,6,56
01/03/2013,GPI,MT,ANM,WE,Federal Contract Tower,10,16,8,2,36,0,0,18,0,18,10,16,26,2,54,16,0,16,70
01/04/2013,GPI,MT,ANM,WE,Federal Contract Tower,5,19,13,0,37,0,0,4,0,4,5,19,17,0,41,0,0,0,41
01/05/2013,GPI,MT,ANM,WE,Federal Contract Tower,5,18,13,0,36,0,0,15,0,15,5,18,28,0,51,18,0,18,69
01/06/2013,GPI,MT,ANM,WE,Federal Contract Tower,9,14,17,2,42,0,0,0,0,0,9,14,17,2,42,0,4,4,46
01/07/2013,GPI,MT,ANM,WE,Federal Contract Tower,5,17,8,0,30,0,0,0,0,0,5,17,8,0,30,0,0,0,30
01/08/2013,GPI,MT,ANM,WE,Federal Contract Tower,5,13,11,0,29,0,0,4,0,4,5,13,15,0,33,0,0,0,33
01/09/2013,GPI,MT,ANM,WE,Federal Contract Tower,5,13,12,2,32,0,0,8,2,10,5,13,20,4,42,10,12,22,64
01/10/2013,GPI,MT,ANM,WE,Federal Contract Tower,8,18,5,0,31,0,0,0,0,0,8,18,5,0,31,0,0,0,31
01/11/2013,GPI,MT,ANM,WE,Federal Contract Tower,4,16,12,0,32,0,0,12,0,12,4,16,24,0,44,18,0,18,62
01/12/2013,GPI,MT,ANM,WE,Federal Contract Tower,1,9,13,3,26,0,0,4,0,4,1,9,17,3,30,0,0,0,30
01/13/2013,GPI,MT,ANM,WE,Federal Contract Tower,7,7,10,0,24,0,0,4,0,4,7,7,14,0,28,10,0,10,38
01/14/2013,GPI,MT,ANM,WE,Federal Contract Tower,5,13,15,0,33,0,0,0,0,0,5,13,15,0,33,0,0,0,33
01/15/2013,GPI,MT,ANM,WE,Federal Contract Tower,4,10,4,0,18,0,0,0,0,0,4,10,4,0,18,0,0,0,18
01/16/2013,GPI,MT,ANM,WE,Federal Contract Tower,5,12,9,0,26,0,0,13,0,13,5,12,22,0,39,4,0,4,43
01/17/2013,GPI,MT,ANM,WE,Federal Contract Tower,4,8,7,0,19,0,0,7,0,7,4,8,14,0,26,0,0,0,26
01/18/2013,GPI,MT,ANM,WE,Federal Contract Tower,7,14,17,0,38,0,0,18,0,18,7,14,35,0,56,4,0,4,60
01/19/2013,GPI,MT,ANM,WE,Federal Contract Tower,4,10,5,0,19,0,1,26,0,27,4,11,31,0,46,36,0,36,82
01/20/2013,GPI,MT,ANM,WE,Federal Contract Tower,6,11,11,0,28,0,0,17,0,17,6,11,28,0,45,20,0,20,65
01/21/2013,GPI,MT,ANM,WE,Federal Contract Tower,4,20,16,0,40,0,2,16,0,18,4,22,32,0,58,28,0,28,86
01/22/2013,GPI,MT,ANM,WE,Federal Contract Tower,5,15,9,1,30,0,0,3,0,3,5,15,12,1,33,4,0,4,37
01/23/2013,GPI,MT,ANM,WE,Federal Contract Tower,5,11,9,0,25,0,0,14,0,14,5,11,23,0,39,12,0,12,51
01/24/2013,GPI,MT,ANM,WE,Federal Contract Tower,7,15,16,2,40,0,0,17,0,17,7,15,33,2,57,14,2,16,73
01/25/2013,GPI,MT,ANM,WE,Federal Contract Tower,5,14,6,0,25,0,0,9,2,11,5,14,15,2,36,10,0,10,46
01/26/2013,GPI,MT,ANM,WE,Federal Contract Tower,5,7,4,0,16,0,0,2,0,2,5,7,6,0,18,0,0,0,18
01/27/2013,GPI,MT,ANM,WE,Federal Contract Tower,8,13,10,0,31,0,0,2,0,2,8,13,12,0,33,6,0,6,39
01/28/2013,GPI,MT,ANM,WE,Federal Contract Tower,4,11,12,0,27,0,0,4,0,4,4,11,16,0,31,14,0,14,45
01/29/2013,GPI,MT,ANM,WE,Federal Contract Tower,4,13,8,0,25,0,0,6,0,6,4,13,14,0,31,12,0,12,43
01/30/2013,GPI,MT,ANM,WE,Federal Contract Tower,5,13,16,0,34,0,2,18,0,20,5,15,34,0,54,10,0,10,64
01/31/2013,GPI,MT,ANM,WE,Federal Contract Tower,7,17,15,0,39,0,0,5,0,5,7,17,20,0,44,8,0,8,52
02/01/2013,GPI,MT,ANM,WE,Federal Contract Tower,5,15,12,1,33,0,0,8,2,10,5,15,20,3,43,48,4,52,95
02/02/2013,GPI,MT,ANM,WE,Federal Contract Tower,5,8,3,0,16,0,0,22,0,22,5,8,25,0,38,8,0,8,46
02/03/2013,GPI,MT,ANM,WE,Federal Contract Tower,7,10,7,0,24,0,0,8,0,8,7,10,15,0,32,4,0,4,36
02/04/2013,GPI,MT,ANM,WE,Federal Contract Tower,5,20,10,0,35,0,0,9,0,9,5,20,19,0,44,8,0,8,52
02/05/2013,GPI,MT,ANM,WE,Federal Contract Tower,5,11,6,0,22,0,1,16,0,17,5,12,22,0,39,8,0,8,47
02/06/2013,GPI,MT,ANM,WE,Federal Contract Tower,5,17,6,0,28,0,0,3,0,3,5,17,9,0,31,38,0,38,69
02/07/2013,GPI,MT,ANM,WE,Federal Contract Tower,7,13,5,0,25,0,0,11,0,11,7,13,16,0,36,10,0,10,46
02/08/2013,GPI,MT,ANM,WE,Federal Contract Tower,5,14,15,0,34,0,0,15,0,15,5,14,30,0,49,20,0,20,69
02/09/2013,GPI,MT,ANM,WE,Federal Contract Tower,4,10,6,0,20,0,0,8,0,8,4,10,14,0,28,10,0,10,38
02/10/2013,GPI,MT,ANM,WE,Federal Contract Tower,6,7,13,0,26,0,0,8,0,8,6,7,21,0,34,0,0,0,34
02/11/2013,GPI,MT,ANM,WE,Federal Contract Tower,5,15,14,0,34,0,1,17,0,18,5,16,31,0,52,12,0,12,64
02/12/2013,GPI,MT,ANM,WE,Federal Contract Tower,5,10,6,0,21,0,0,7,0,7,5,10,13,0,28,4,0,4,32
02/13/2013,GPI,MT,ANM,WE,Federal Contract Tower,5,14,9,0,28,0,0,16,0,16,5,14,25,0,44,10,0,10,54
02/14/2013,GPI,MT,ANM,WE,Federal Contract Tower,7,15,18,2,42,0,0,24,0,24,7,15,42,2,66,32,0,32,98
02/15/2013,GPI,MT,ANM,WE,Federal Contract Tower,5,17,23,0,45,0,0,20,0,20,5,17,43,0,65,2,0,2,67
02/16/2013,GPI,MT,ANM,WE,Federal Contract Tower,6,16,8,0,30,0,1,9,0,10,6,17,17,0,40,6,0,6,46
02/17/2013,GPI,MT,ANM,WE,Federal Contract Tower,8,10,10,0,28,0,0,2,0,2,8,10,12,0,30,2,0,2,32
02/18/2013,GPI,MT,ANM,WE,Federal Contract Tower,5,19,25,2,51,0,0,25,0,25,5,19,50,2,76,20,0,20,96
02/19/2013,GPI,MT,ANM,WE,Federal Contract Tower,7,12,17,4,40,0,0,24,2,26,7,12,41,6,66,10,8,18,84
02/20/2013,GPI,MT,ANM,WE,Federal Contract Tower,5,18,13,0,36,0,0,5,0,5,5,18,18,0,41,4,0,4,45
02/21/2013,GPI,MT,ANM,WE,Federal Contract Tower,7,20,17,6,50,0,0,9,2,11,7,20,26,8,61,12,28,40,101
02/22/2013,GPI,MT,ANM,WE,Federal Contract Tower,5,11,15,0,31,0,0,1,0,1,5,11,16,0,32,4,0,4,36
02/23/2013,GPI,MT,ANM,WE,Federal Contract Tower,7,9,5,0,21,0,0,2,0,2,7,9,7,0,23,14,0,14,37
02/24/2013,GPI,MT,ANM,WE,Federal Contract Tower,7,7,18,0,32,0,0,3,0,3,7,7,21,0,35,0,0,0,35
02/25/2013,GPI,MT,ANM,WE,Federal Contract Tower,5,15,11,0,31,0,0,3,0,3,5,15,14,0,34,0,0,0,34
02/26/2013,GPI,MT,ANM,WE,Federal Contract Tower,5,8,7,0,20,0,0,6,0,6,5,8,13,0,26,12,0,12,38
02/27/2013,GPI,MT,ANM,WE,Federal Contract Tower,5,14,14,0,33,0,0,13,0,13,5,14,27,0,46,20,0,20,66
02/28/2013,GPI,MT,ANM,WE,Federal Contract Tower,7,10,11,0,28,0,0,12,0,12,7,10,23,0,40,20,0,20,60
03/01/2013,GPI,MT,ANM,WE,Federal Contract Tower,6,11,10,0,27,0,0,3,0,3,6,11,13,0,30,2,0,2,32
03/02/2013,GPI,MT,ANM,WE,Federal Contract Tower,9,4,7,0,20,0,0,23,0,23,9,4,30,0,43,12,0,12,55
03/03/2013,GPI,MT,ANM,WE,Federal Contract Tower,8,8,14,0,30,0,0,1,0,1,8,8,15,0,31,0,0,0,31
03/04/2013,GPI,MT,ANM,WE,Federal Contract Tower,6,14,7,0,27,0,0,20,0,20,6,14,27,0,47,10,0,10,57
03/05/2013,GPI,MT,ANM,WE,Federal Contract Tower,8,14,15,3,40,0,0,23,6,29,8,14,38,9,69,18,28,46,115
03/06/2013,GPI,MT,ANM,WE,Federal Contract Tower,6,14,6,0,26,0,0,0,0,0,6,14,6,0,26,0,0,0,26
03/07/2013,GPI,MT,ANM,WE,Federal Contract Tower,8,13,7,0,28,0,0,7,0,7,8,13,14,0,35,10,0,10,45
03/08/2013,GPI,MT,ANM,WE,Federal Contract Tower,4,11,22,0,37,0,0,24,0,24,4,11,46,0,61,42,0,42,103
03/09/2013,GPI,MT,ANM,WE,Federal Contract Tower,6,9,6,0,21,0,1,35,0,36,6,10,41,0,57,32,0,32,89
03/10/2013,GPI,MT,ANM,WE,Federal Contract Tower,8,7,6,0,21,0,0,12,0,12,8,7,18,0,33,26,0,26,59
03/11/2013,GPI,MT,ANM,WE,Federal Contract Tower,6,17,8,1,32,0,0,8,2,10,6,17,16,3,42,32,2,34,76
03/12/2013,GPI,MT,ANM,WE,Federal Contract Tower,5,10,7,0,22,0,0,0,0,0,5,10,7,0,22,0,0,0,22
03/13/2013,GPI,MT,ANM,WE,Federal Contract Tower,6,13,10,0,29,0,0,9,0,9,6,13,19,0,38,26,0,26,64
03/14/2013,GPI,MT,ANM,WE,Federal Contract Tower,8,14,9,1,32,0,0,35,4,39,8,14,44,5,71,32,4,36,107
03/15/2013,GPI,MT,ANM,WE,Federal Contract Tower,5,10,16,2,33,0,0,16,2,18,5,10,32,4,51,80,28,108,159
03/16/2013,GPI,MT,ANM,WE,Federal Contract Tower,6,7,11,0,24,0,0,12,0,12,6,7,23,0,36,40,0,40,76
03/17/2013,GPI,MT,ANM,WE,Federal Contract Tower,9,8,9,0,26,0,0,2,0,2,9,8,11,0,28,0,0,0,28
03/18/2013,GPI,MT,ANM,WE,Federal Contract Tower,6,15,14,2,37,0,0,10,2,12,6,15,24,4,49,6,20,26,75
03/19/2013,GPI,MT,ANM,WE,Federal Contract Tower,4,11,5,0,20,0,0,15,0,15,4,11,20,0,35,20,0,20,55
03/20/2013,GPI,MT,ANM,WE,Federal Contract Tower,6,14,12,0,32,0,0,2,0,2,6,14,14,0,34,6,0,6,40
03/21/2013,GPI,MT,ANM,WE,Federal Contract Tower,7,14,4,0,25,0,0,11,0,11,7,14,15,0,36,2,0,2,38
03/22/2013,GPI,MT,ANM,WE,Federal Contract Tower,8,12,11,0,31,0,0,7,0,7,8,12,18,0,38,16,0,16,54
03/23/2013,GPI,MT,ANM,WE,Federal Contract Tower,5,14,11,2,32,0,0,16,0,16,5,14,27,2,48,34,0,34,82
03/24/2013,GPI,MT,ANM,WE,Federal Contract Tower,8,8,8,0,24,0,0,9,0,9,8,8,17,0,33,14,0,14,47
03/25/2013,GPI,MT,ANM,WE,Federal Contract Tower,10,13,5,0,28,0,0,17,0,17,10,13,22,0,45,18,0,18,63
03/26/2013,GPI,MT,ANM,WE,Federal Contract Tower,5,12,11,0,28,0,0,15,0,15,5,12,26,0,43,36,0,36,79
03/27/2013,GPI,MT,ANM,WE,Federal Contract Tower,6,10,10,2,28,0,0,11,0,11,6,10,21,2,39,8,0,8,47
03/28/2013,GPI,MT,ANM,WE,Federal Contract Tower,8,12,13,0,33,0,0,15,2,17,8,12,28,2,50,6,0,6,56
03/29/2013,GPI,MT,ANM,WE,Federal Contract Tower,8,17,10,0,35,0,0,10,0,10,8,17,20,0,45,10,0,10,55
03/30/2013,GPI,MT,ANM,WE,Federal Contract Tower,6,6,3,0,15,0,0,8,0,8,6,6,11,0,23,2,0,2,25
03/31/2013,GPI,MT,ANM,WE,Federal Contract Tower,10,7,4,0,21,0,0,12,0,12,10,7,16,0,33,6,0,6,39
04/01/2013,GPI,MT,ANM,WE,Federal Contract Tower,9,12,14,0,35,0,0,16,0,16,9,12,30,0,51,26,0,26,77
04/02/2013,GPI,MT,ANM,WE,Federal Contract Tower,4,12,4,0,20,0,0,23,0,23,4,12,27,0,43,26,0,26,69
04/03/2013,GPI,MT,ANM,WE,Federal Contract Tower,6,11,2,0,19,0,0,10,0,10,6,11,12,0,29,0,0,0,29
04/04/2013,GPI,MT,ANM,WE,Federal Contract Tower,8,10,9,6,33,0,0,9,0,9,8,10,18,6,42,6,10,16,58
04/05/2013,GPI,MT,ANM,WE,Federal Contract Tower,6,14,10,0,30,0,1,1,0,2,6,15,11,0,32,10,0,10,42
04/06/2013,GPI,MT,ANM,WE,Federal Contract Tower,8,9,6,0,23,0,0,1,0,1,8,9,7,0,24,0,0,0,24
04/07/2013,GPI,MT,ANM,WE,Federal Contract Tower,8,7,13,0,28,0,0,2,0,2,8,7,15,0,30,0,0,0,30
04/08/2013,GPI,MT,ANM,WE,Federal Contract Tower,7,12,6,0,25,0,0,11,0,11,7,12,17,0,36,10,0,10,46
04/09/2013,GPI,MT,ANM,WE,Federal Contract Tower,5,11,10,0,26,0,0,14,0,14,5,11,24,0,40,6,0,6,46
04/10/2013,GPI,MT,ANM,WE,Federal Contract Tower,6,12,10,0,28,0,0,15,0,15,6,12,25,0,43,40,0,40,83
04/11/2013,GPI,MT,ANM,WE,Federal Contract Tower,8,11,13,0,32,0,0,8,0,8,8,11,21,0,40,50,0,50,90
04/12/2013,GPI,MT,ANM,WE,Federal Contract Tower,6,10,6,0,22,0,0,8,0,8,6,10,14,0,30,8,0,8,38
04/13/2013,GPI,MT,ANM,WE,Federal Contract Tower,7,7,4,0,18,0,0,3,0,3,7,7,7,0,21,4,0,4,25
04/14/2013,GPI,MT,ANM,WE,Federal Contract Tower,7,8,4,1,20,0,0,6,1,7,7,8,10,2,27,24,4,28,55
04/15/2013,GPI,MT,ANM,WE,Federal Contract Tower,8,10,6,2,26,0,0,9,0,9,8,10,15,2,35,2,2,4,39
04/16/2013,GPI,MT,ANM,WE,Federal Contract Tower,7,13,3,0,23,0,0,12,2,14,7,13,15,2,37,24,2,26,63
04/17/2013,GPI,MT,ANM,WE,Federal Contract Tower,4,8,9,5,26,0,0,27,1,28,4,8,36,6,54,58,6,64,118
04/18/2013,GPI,MT,ANM,WE,Federal Contract Tower,7,15,6,2,30,0,0,12,0,12,7,15,18,2,42,12,24,36,78
04/19/2013,GPI,MT,ANM,WE,Federal Contract Tower,9,15,11,0,35,0,0,4,0,4,9,15,15,0,39,24,0,24,63
04/20/2013,GPI,MT,ANM,WE,Federal Contract Tower,4,6,5,0,15,0,0,9,0,9,4,6,14,0,24,16,0,16,40
04/21/2013,GPI,MT,ANM,WE,Federal Contract Tower,7,8,9,0,24,0,0,0,0,0,7,8,9,0,24,0,0,0,24
04/22/2013,GPI,MT,ANM,WE,Federal Contract Tower,7,11,1,0,19,0,0,22,0,22,7,11,23,0,41,74,0,74,115
04/23/2013,GPI,MT,ANM,WE,Federal Contract Tower,5,10,6,0,21,0,0,20,0,20,5,10,26,0,41,26,0,26,67
04/24/2013,GPI,MT,ANM,WE,Federal Contract Tower,6,11,15,0,32,0,0,19,2,21,6,11,34,2,53,38,0,38,91
04/25/2013,GPI,MT,ANM,WE,Federal Contract Tower,8,11,4,0,23,0,1,25,6,32,8,12,29,6,55,24,4,28,83
04/26/2013,GPI,MT,ANM,WE,Federal Contract Tower,6,9,12,7,34,0,0,21,0,21,6,9,33,7,55,14,10,24,79
04/27/2013,GPI,MT,ANM,WE,Federal Contract Tower,4,7,2,0,13,0,0,7,0,7,4,7,9,0,20,10,0,10,30
04/28/2013,GPI,MT,ANM,WE,Federal Contract Tower,9,5,9,0,23,0,0,2,0,2,9,5,11,0,25,0,0,0,25
04/29/2013,GPI,MT,ANM,WE,Federal Contract Tower,6,13,7,0,26,0,0,0,0,0,6,13,7,0,26,0,0,0,26
04/30/2013,GPI,MT,ANM,WE,Federal Contract Tower,5,9,3,0,17,0,0,8,0,8,5,9,11,0,25,26,0,26,51
05/01/2013,GPI,MT,ANM,WE,Federal Contract Tower,6,16,8,5,35,0,0,10,8,18,6,16,18,13,53,14,16,30,83
05/02/2013,GPI,MT,ANM,WE,Federal Contract Tower,7,14,11,0,32,0,1,26,0,27,7,15,37,0,59,52,0,52,111
05/03/2013,GPI,MT,ANM,WE,Federal Contract Tower,5,12,15,0,32,0,0,5,0,5,5,12,20,0,37,8,0,8,45
05/04/2013,GPI,MT,ANM,WE,Federal Contract Tower,2,9,4,0,15,0,0,8,0,8,2,9,12,0,23,6,0,6,29
05/05/2013,GPI,MT,ANM,WE,Federal Contract Tower,6,7,11,0,24,0,0,26,0,26,6,7,37,0,50,18,0,18,68
05/06/2013,GPI,MT,ANM,WE,Federal Contract Tower,5,12,5,2,24,0,0,21,1,22,5,12,26,3,46,42,6,48,94
05/07/2013,GPI,MT,ANM,WE,Federal Contract Tower,4,12,9,3,28,0,0,28,4,32,4,12,37,7,60,44,16,60,120
05/08/2013,GPI,MT,ANM,WE,Federal Contract Tower,5,18,11,2,36,0,1,33,1,35,5,19,44,3,71,40,2,42,113
05/09/2013,GPI,MT,ANM,WE,Federal Contract Tower,6,16,15,3,40,0,2,35,9,46,6,18,50,12,86,80,26,106,192
05/10/2013,GPI,MT,ANM,WE,Federal Contract Tower,5,13,19,0,37,0,1,18,0,19,5,14,37,0,56,24,0,24,80
05/11/2013,GPI,MT,ANM,WE,Federal Contract Tower,2,9,4,0,15,0,0,20,6,26,2,9,24,6,41,32,20,52,93
05/12/2013,GPI,MT,ANM,WE,Federal Contract Tower,7,5,6,2,20,0,0,8,2,10,7,5,14,4,30,22,12,34,64
05/13/2013,GPI,MT,ANM,WE,Federal Contract Tower,6,12,14,0,32,0,0,22,0,22,6,12,36,0,54,24,0,24,78
05/14/2013,GPI,MT,ANM,WE,Federal Contract Tower,5,16,9,0,30,0,0,20,1,21,5,16,29,1,51,26,0,26,77
05/15/2013,GPI,MT,ANM,WE,Federal Contract Tower,4,11,12,0,27,0,2,26,0,28,4,13,38,0,55,58,0,58,113
05/16/2013,GPI,MT,ANM,WE,Federal Contract Tower,6,14,21,0,41,0,0,24,0,24,6,14,45,0,65,40,0,40,105
05/17/2013,GPI,MT,ANM,WE,Federal Contract Tower,5,13,11,2,31,0,0,26,1,27,5,13,37,3,58,6,8,14,72
05/18/2013,GPI,MT,ANM,WE,Federal Contract Tower,3,9,3,0,15,0,0,5,0,5,3,9,8,0,20,8,0,8,28
05/19/2013,GPI,MT,ANM,WE,Federal Contract Tower,7,9,3,0,19,0,0,7,0,7,7,9,10,0,26,4,0,4,30
05/20/2013,GPI,MT,ANM,WE,Federal Contract Tower,5,14,8,4,31,0,0,21,0,21,5,14,29,4,52,62,6,68,120
05/21/2013,GPI,MT,ANM,WE,Federal Contract Tower,5,11,13,2,31,0,1,37,16,54,5,12,50,18,85,30,36,66,151
05/22/2013,GPI,MT,ANM,WE,Federal Contract Tower,4,15,9,0,28,0,0,11,11,22,4,15,20,11,50,0,18,18,68
05/23/2013,GPI,MT,ANM,WE,Federal Contract Tower,7,17,15,0,39,0,0,8,0,8,7,17,23,0,47,38,0,38,85
05/24/2013,GPI,MT,ANM,WE,Federal Contract Tower,5,15,20,2,42,0,0,7,0,7,5,15,27,2,49,32,0,32,81
05/25/2013,GPI,MT,ANM,WE,Federal Contract Tower,3,7,10,0,20,0,0,15,0,15,3,7,25,0,35,34,0,34,69
05/26/2013,GPI,MT,ANM,WE,Federal Contract Tower,7,5,2,0,14,0,0,11,0,11,7,5,13,0,25,0,0,0,25
05/27/2013,GPI,MT,ANM,WE,Federal Contract Tower,5,19,10,0,34,0,0,9,6,15,5,19,19,6,49,20,14,34,83
05/28/2013,GPI,MT,ANM,WE,Federal Contract Tower,5,13,11,0,29,0,0,5,0,5,5,13,16,0,34,0,0,0,34
05/29/2013,GPI,MT,ANM,WE,Federal Contract Tower,4,16,14,2,36,0,1,23,19,43,4,17,37,21,79,64,32,96,175
05/30/2013,GPI,MT,ANM,WE,Federal Contract Tower,7,10,9,0,26,0,0,9,0,9,7,10,18,0,35,6,0,6,41
05/31/2013,GPI,MT,ANM,WE,Federal Contract Tower,5,12,13,1,31,0,1,27,0,28,5,13,40,1,59,32,0,32,91
06/01/2013,GPI,MT,ANM,WE,Federal Contract Tower,3,9,6,0,18,0,0,22,0,22,3,9,28,0,40,28,0,28,68
06/02/2013,GPI,MT,ANM,WE,Federal Contract Tower,7,16,8,2,33,0,0,6,0,6,7,16,14,2,39,12,6,18,57
06/03/2013,GPI,MT,ANM,WE,Federal Contract Tower,6,14,9,0,29,0,0,5,0,5,6,14,14,0,34,2,0,2,36
06/04/2013,GPI,MT,ANM,WE,Federal Contract Tower,5,10,6,3,24,0,0,19,0,19,5,10,25,3,43,20,16,36,79
06/05/2013,GPI,MT,ANM,WE,Federal Contract Tower,5,16,12,5,38,0,1,29,7,37,5,17,41,12,75,8,28,36,111
06/06/2013,GPI,MT,ANM,WE,Federal Contract Tower,9,12,13,4,38,0,0,29,5,34,9,12,42,9,72,48,4,52,124
06/07/2013,GPI,MT,ANM,WE,Federal Contract Tower,5,15,14,2,36,0,2,17,2,21,5,17,31,4,57,22,0,22,79
06/08/2013,GPI,MT,ANM,WE,Federal Contract Tower,5,12,15,0,32,0,0,28,0,28,5,12,43,0,60,22,0,22,82
06/09/2013,GPI,MT,ANM,WE,Federal Contract Tower,13,10,12,1,36,0,0,11,1,12,13,10,23,2,48,10,18,28,76
06/10/2013,GPI,MT,ANM,WE,Federal Contract Tower,10,17,14,0,41,0,0,20,0,20,10,17,34,0,61,4,0,4,65
06/11/2013,GPI,MT,ANM,WE,Federal Contract Tower,10,14,10,5,39,1,0,22,5,28,11,14,32,10,67,16,66,82,149
06/12/2013,GPI,MT,ANM,WE,Federal Contract Tower,10,12,11,19,52,0,0,21,8,29,10,12,32,27,81,20,34,54,135
06/13/2013,GPI,MT,ANM,WE,Federal Contract Tower,14,15,11,8,48,0,0,14,17,31,14,15,25,25,79,38,36,74,153
06/14/2013,GPI,MT,ANM,WE,Federal Contract Tower,11,12,16,6,45,0,0,0,0,0,11,12,16,6,45,42,0,42,87
06/15/2013,GPI,MT,ANM,WE,Federal Contract Tower,10,11,5,6,32,0,0,18,1,19,10,11,23,7,51,4,18,22,73
06/16/2013,GPI,MT,ANM,WE,Federal Contract Tower,16,9,7,11,43,0,0,16,5,21,16,9,23,16,64,0,6,6,70
06/17/2013,GPI,MT,ANM,WE,Federal Contract Tower,10,14,16,8,48,0,0,28,7,35,10,14,44,15,83,18,38,56,139
06/18/2013,GPI,MT,ANM,WE,Federal Contract Tower,11,15,18,5,49,0,0,23,5,28,11,15,41,10,77,8,6,14,91
06/19/2013,GPI,MT,ANM,WE,Federal Contract Tower,10,14,7,1,32,0,0,3,0,3,10,14,10,1,35,0,2,2,37
06/20/2013,GPI,MT,ANM,WE,Federal Contract Tower,16,19,9,0,44,0,0,2,0,2,16,19,11,0,46,0,0,0,46
06/21/2013,GPI,MT,ANM,WE,Federal Contract Tower,10,16,9,10,45,0,0,24,0,24,10,16,33,10,69,2,10,12,81
06/22/2013,GPI,MT,ANM,WE,Federal Contract Tower,16,10,9,0,35,0,0,10,17,27,16,10,19,17,62,6,16,22,84
06/23/2013,GPI,MT,ANM,WE,Federal Contract Tower,17,13,16,0,46,0,0,33,0,33,17,13,49,0,79,2,0,2,81
06/24/2013,GPI,MT,ANM,WE,Federal Contract Tower,9,22,9,0,40,0,0,7,0,7,9,22,16,0,47,0,0,0,47
06/25/2013,GPI,MT,ANM,WE,Federal Contract Tower,10,22,23,2,57,0,2,8,2,12,10,24,31,4,69,6,2,8,77
06/26/2013,GPI,MT,ANM,WE,Federal Contract Tower,9,15,13,3,40,0,0,15,6,21,9,15,28,9,61,24,24,48,109
06/27/2013,GPI,MT,ANM,WE,Federal Contract Tower,13,11,18,1,43,0,1,30,5,36,13,12,48,6,79,22,14,36,115
06/28/2013,GPI,MT,ANM,WE,Federal Contract Tower,10,16,35,1,62,0,0,60,0,60,10,16,95,1,122,36,2,38,160
06/29/2013,GPI,MT,ANM,WE,Federal Contract Tower,19,15,16,0,50,0,0,34,10,44,19,15,50,10,94,24,12,36,130
06/30/2013,GPI,MT,ANM,WE,Federal Contract Tower,15,17,16,0,48,0,0,44,0,44,15,17,60,0,92,2,0,2,94
07/01/2013,GPI,MT,ANM,WE,Federal Contract Tower,11,19,18,4,52,0,0,35,9,44,11,19,53,13,96,0,56,56,152
07/02/2013,GPI,MT,ANM,WE,Federal Contract Tower,12,21,23,11,67,0,1,20,16,37,12,22,43,27,104,18,26,44,148
07/03/2013,GPI,MT,ANM,WE,Federal Contract Tower,14,21,23,1,59,0,3,19,10,32,14,24,42,11,91,0,20,20,111
07/04/2013,GPI,MT,ANM,WE,Federal Contract Tower,14,9,13,0,36,0,0,24,2,26,14,9,37,2,62,4,2,6,68
07/05/2013,GPI,MT,ANM,WE,Federal Contract Tower,11,18,21,0,50,0,0,28,0,28,11,18,49,0,78,22,0,22,100
07/06/2013,GPI,MT,ANM,WE,Federal Contract Tower,16,15,22,0,53,0,0,30,1,31,16,15,52,1,84,14,0,14,98
07/07/2013,GPI,MT,ANM,WE,Federal Contract Tower,19,22,25,0,66,0,0,30,0,30,19,22,55,0,96,6,0,6,102
07/08/2013,GPI,MT,ANM,WE,Federal Contract Tower,14,20,24,0,58,0,0,21,0,21,14,20,45,0,79,16,0,16,95
07/09/2013,GPI,MT,ANM,WE,Federal Contract Tower,12,30,12,3,57,0,0,47,0,47,12,30,59,3,104,24,18,42,146
07/10/2013,GPI,MT,ANM,WE,Federal Contract Tower,12,18,16,0,46,0,0,39,8,47,12,18,55,8,93,14,32,46,139
07/11/2013,GPI,MT,ANM,WE,Federal Contract Tower,17,18,15,2,52,0,1,27,4,32,17,19,42,6,84,30,16,46,130
07/12/2013,GPI,MT,ANM,WE,Federal Contract Tower,13,22,17,2,54,0,0,28,0,28,13,22,45,2,82,34,0,34,116
07/13/2013,GPI,MT,ANM,WE,Federal Contract Tower,20,14,14,0,48,0,0,31,0,31,20,14,45,0,79,4,0,4,83
07/14/2013,GPI,MT,ANM,WE,Federal Contract Tower,20,18,24,0,62,0,0,44,0,44,20,18,68,0,106,8,0,8,114
07/15/2013,GPI,MT,ANM,WE,Federal Contract Tower,15,15,19,3,52,0,0,31,6,37,15,15,50,9,89,50,18,68,157
07/16/2013,GPI,MT,ANM,WE,Federal Contract Tower,9,29,21,2,61,0,1,19,0,20,9,30,40,2,81,10,2,12,93
07/17/2013,GPI,MT,ANM,WE,Federal Contract Tower,13,18,14,0,45,0,0,14,0,14,13,18,28,0,59,0,0,0,59
07/18/2013,GPI,MT,ANM,WE,Federal Contract Tower,17,23,24,1,65,0,1,40,1,42,17,24,64,2,107,20,0,20,127
07/19/2013,GPI,MT,ANM,WE,Federal Contract Tower,12,17,20,0,49,0,0,31,0,31,12,17,51,0,80,24,0,24,104
07/20/2013,GPI,MT,ANM,WE,Federal Contract Tower,18,26,13,0,57,0,0,18,2,20,18,26,31,2,77,2,0,2,79
07/21/2013,GPI,MT,ANM,WE,Federal Contract Tower,18,15,21,1,55,1,0,25,0,26,19,15,46,1,81,2,0,2,83
07/22/2013,GPI,MT,ANM,WE,Federal Contract Tower,13,24,20,2,59,0,0,55,2,57,13,24,75,4,116,22,26,48,164
07/23/2013,GPI,MT,ANM,WE,Federal Contract Tower,13,21,22,0,56,0,1,27,2,30,13,22,49,2,86,2,0,2,88
07/24/2013,GPI,MT,ANM,WE,Federal Contract Tower,13,31,24,3,71,0,0,44,2,46,13,31,68,5,117,20,6,26,143
07/25/2013,GPI,MT,ANM,WE,Federal Contract Tower,17,22,19,0,58,0,2,38,2,42,17,24,57,2,100,10,0,10,110
07/26/2013,GPI,MT,ANM,WE,Federal Contract Tower,12,22,21,7,62,0,1,28,1,30,12,23,49,8,92,8,30,38,130
07/27/2013,GPI,MT,ANM,WE,Federal Contract Tower,17,22,17,1,57,0,0,43,1,44,17,22,60,2,101,18,0,18,119
07/28/2013,GPI,MT,ANM,WE,Federal Contract Tower,15,27,26,0,68,0,1,43,2,46,15,28,69,2,114,6,2,8,122
07/29/2013,GPI,MT,ANM,WE,Federal Contract Tower,16,18,23,4,61,0,0,28,2,30,16,18,51,6,91,4,50,54,145
07/30/2013,GPI,MT,ANM,WE,Federal Contract Tower,13,24,12,0,49,0,0,43,4,47,13,24,55,4,96,20,0,20,116
07/31/2013,GPI,MT,ANM,WE,Federal Contract Tower,13,29,16,2,60,0,1,38,0,39,13,30,54,2,99,22,28,50,149
08/01/2013,GPI,MT,ANM,WE,Federal Contract Tower,16,20,23,0,59,0,0,28,0,28,16,20,51,0,87,14,0,14,101
08/02/2013,GPI,MT,ANM,WE,Federal Contract Tower,12,21,16,2,51,0,0,16,0,16,12,21,32,2,67,6,0,6,73
08/03/2013,GPI,MT,ANM,WE,Federal Contract Tower,18,23,18,0,59,0,0,23,1,24,18,23,41,1,83,8,0,8,91
08/04/2013,GPI,MT,ANM,WE,Federal Contract Tower,19,26,16,0,61,0,0,28,0,28,19,26,44,0,89,6,0,6,95
08/05/2013,GPI,MT,ANM,WE,Federal Contract Tower,12,22,25,0,59,0,1,22,6,29,12,23,47,6,88,2,28,30,118
08/06/2013,GPI,MT,ANM,WE,Federal Contract Tower,13,15,16,3,47,0,1,44,2,47,13,16,60,5,94,32,12,44,138
08/07/2013,GPI,MT,ANM,WE,Federal Contract Tower,13,20,19,0,52,0,0,34,3,37,13,20,53,3,89,24,0,24,113
08/08/2013,GPI,MT,ANM,WE,Federal Contract Tower,17,22,26,3,68,0,0,47,5,52,17,22,73,8,120,16,8,24,144
08/09/2013,GPI,MT,ANM,WE,Federal Contract Tower,14,27,18,3,62,0,1,66,2,69,14,28,84,5,131,36,2,38,169
08/10/2013,GPI,MT,ANM,WE,Federal Contract Tower,18,17,16,0,51,0,2,65,0,67,18,19,81,0,118,50,0,50,168
08/11/2013,GPI,MT,ANM,WE,Federal Contract Tower,18,34,38,0,90,0,0,22,0,22,18,34,60,0,112,20,0,20,132
08/12/2013,GPI,MT,ANM,WE,Federal Contract Tower,15,19,17,1,52,0,0,28,1,29,15,19,45,2,81,12,2,14,95
08/13/2013,GPI,MT,ANM,WE,Federal Contract Tower,13,22,14,0,49,0,0,27,0,27,13,22,41,0,76,20,0,20,96
08/14/2013,GPI,MT,ANM,WE,Federal Contract Tower,13,21,28,0,62,0,0,29,0,29,13,21,57,0,91,4,0,4,95
08/15/2013,GPI,MT,ANM,WE,Federal Contract Tower,15,25,23,1,64,0,0,36,5,41,15,25,59,6,105,50,20,70,175
08/16/2013,GPI,MT,ANM,WE,Federal Contract Tower,12,26,30,2,70,0,0,52,2,54,12,26,82,4,124,42,8,50,174
08/17/2013,GPI,MT,ANM,WE,Federal Contract Tower,16,17,18,0,51,0,0,32,0,32,16,17,50,0,83,2,0,2,85
08/18/2013,GPI,MT,ANM,WE,Federal Contract Tower,16,21,32,0,69,0,0,22,0,22,16,21,54,0,91,0,0,0,91
08/19/2013,GPI,MT,ANM,WE,Federal Contract Tower,13,18,25,0,56,0,2,21,1,24,13,20,46,1,80,6,0,6,86
08/20/2013,GPI,MT,ANM,WE,Federal Contract Tower,9,23,17,2,51,0,0,31,0,31,9,23,48,2,82,58,0,58,140
08/21/2013,GPI,MT,ANM,WE,Federal Contract Tower,14,24,20,4,62,10,0,29,4,43,24,24,49,8,105,2,4,6,111
08/22/2013,GPI,MT,ANM,WE,Federal Contract Tower,12,29,18,0,59,0,0,39,1,40,12,29,57,1,99,16,0,16,115
08/23/2013,GPI,MT,ANM,WE,Federal Contract Tower,9,22,34,3,68,0,0,24,0,24,9,22,58,3,92,22,2,24,116
08/24/2013,GPI,MT,ANM,WE,Federal Contract Tower,13,19,15,0,47,0,0,32,2,34,13,19,47,2,81,16,0,16,97
08/25/2013,GPI,MT,ANM,WE,Federal Contract Tower,13,25,18,0,56,0,1,22,3,26,13,26,40,3,82,22,2,24,106
08/26/2013,GPI,MT,ANM,WE,Federal Contract Tower,10,23,18,3,54,0,0,23,3,26,10,23,41,6,80,0,42,42,122
08/27/2013,GPI,MT,ANM,WE,Federal Contract Tower,7,21,18,0,46,0,1,28,2,31,7,22,46,2,77,28,0,28,105
08/28/2013,GPI,MT,ANM,WE,Federal Contract Tower,8,27,22,0,57,0,0,19,0,19,8,27,41,0,76,10,0,10,86
08/29/2013,GPI,MT,ANM,WE,Federal Contract Tower,10,32,20,0,62,0,1,26,2,29,10,33,46,2,91,6,0,6,97
08/30/2013,GPI,MT,ANM,WE,Federal Contract Tower,7,22,29,2,60,0,0,20,2,22,7,22,49,4,82,4,0,4,86
08/31/2013,GPI,MT,ANM,WE,Federal Contract Tower,10,15,11,0,36,0,0,41,2,43,10,15,52,2,79,34,0,34,113
09/01/2013,GPI,MT,ANM,WE,Federal Contract Tower,7,14,14,0,35,0,0,25,3,28,7,14,39,3,63,8,0,8,71
09/02/2013,GPI,MT,ANM,WE,Federal Contract Tower,7,16,25,0,48,0,0,22,0,22,7,16,47,0,70,24,0,24,94
09/03/2013,GPI,MT,ANM,WE,Federal Contract Tower,8,15,15,0,38,0,0,21,0,21,8,15,36,0,59,20,0,20,79
09/04/2013,GPI,MT,ANM,WE,Federal Contract Tower,8,22,18,0,48,0,0,25,0,25,8,22,43,0,73,26,0,26,99
09/05/2013,GPI,MT,ANM,WE,Federal Contract Tower,10,16,15,0,41,0,0,21,2,23,10,16,36,2,64,20,0,20,84
09/06/2013,GPI,MT,ANM,WE,Federal Contract Tower,8,19,23,0,50,0,0,32,0,32,8,19,55,0,82,28,0,28,110
09/07/2013,GPI,MT,ANM,WE,Federal Contract Tower,7,17,15,0,39,0,0,20,7,27,7,17,35,7,66,2,0,2,68
09/08/2013,GPI,MT,ANM,WE,Federal Contract Tower,11,16,25,0,52,0,0,8,1,9,11,16,33,1,61,0,0,0,61
09/09/2013,GPI,MT,ANM,WE,Federal Contract Tower,11,11,7,0,29,0,0,22,0,22,11,11,29,0,51,32,0,32,83
09/10/2013,GPI,MT,ANM,WE,Federal Contract Tower,9,17,18,0,44,0,0,21,0,21,9,17,39,0,65,36,0,36,101
09/11/2013,GPI,MT,ANM,WE,Federal Contract Tower,10,15,15,0,40,0,0,27,0,27,10,15,42,0,67,30,0,30,97
09/12/2013,GPI,MT,ANM,WE,Federal Contract Tower,11,17,21,2,51,0,0,36,0,36,11,17,57,2,87,14,0,14,101
09/13/2013,GPI,MT,ANM,WE,Federal Contract Tower,9,19,21,1,50,0,0,37,0,37,9,19,58,1,87,30,0,30,117
09/14/2013,GPI,MT,ANM,WE,Federal Contract Tower,8,9,2,0,19,0,1,13,0,14,8,10,15,0,33,22,0,22,55
09/15/2013,GPI,MT,ANM,WE,Federal Contract Tower,10,10,13,1,34,0,0,28,0,28,10,10,41,1,62,30,0,30,92
09/16/2013,GPI,MT,ANM,WE,Federal Contract Tower,8,15,15,8,46,0,2,10,8,20,8,17,25,16,66,0,46,46,112
09/17/2013,GPI,MT,ANM,WE,Federal Contract Tower,8,17,9,0,34,0,0,21,0,21,8,17,30,0,55,36,0,36,91
09/18/2013,GPI,MT,ANM,WE,Federal Contract Tower,9,16,6,0,31,0,0,0,0,0,9,16,6,0,31,14,0,14,45
09/19/2013,GPI,MT,ANM,WE,Federal Contract Tower,11,16,22,5,54,0,4,29,9,42,11,20,51,14,96,24,8,32,128
09/20/2013,GPI,MT,ANM,WE,Federal Contract Tower,8,16,24,0,48,0,0,43,0,43,8,16,67,0,91,36,0,36,127
09/21/2013,GPI,MT,ANM,WE,Federal Contract Tower,9,11,8,1,29,0,0,37,5,42,9,11,45,6,71,84,0,84,155
09/22/2013,GPI,MT,ANM,WE,Federal Contract Tower,9,16,13,0,38,0,0,10,0,10,9,16,23,0,48,20,0,20,68
09/23/2013,GPI,MT,ANM,WE,Federal Contract Tower,11,12,7,0,30,0,0,6,0,6,11,12,13,0,36,36,0,36,72
09/24/2013,GPI,MT,ANM,WE,Federal Contract Tower,8,16,11,0,35,0,0,2,0,2,8,16,13,0,37,28,0,28,65
09/25/2013,GPI,MT,ANM,WE,Federal Contract Tower,8,17,13,0,38,0,0,5,0,5,8,17,18,0,43,0,0,0,43
09/26/2013,GPI,MT,ANM,WE,Federal Contract Tower,10,13,8,0,31,0,0,25,0,25,10,13,33,0,56,30,0,30,86
09/27/2013,GPI,MT,ANM,WE,Federal Contract Tower,9,14,20,0,43,0,0,16,0,16,9,14,36,0,59,36,0,36,95
09/28/2013,GPI,MT,ANM,WE,Federal Contract Tower,6,7,8,0,21,0,0,7,2,9,6,7,15,2,30,4,0,4,34
09/29/2013,GPI,MT,ANM,WE,Federal Contract Tower,11,12,11,0,34,0,0,2,0,2,11,12,13,0,36,0,0,0,36
09/30/2013,GPI,MT,ANM,WE,Federal Contract Tower,7,11,7,0,25,0,0,10,0,10,7,11,17,0,35,16,0,16,51
10/01/2013,GPI,MT,ANM,WE,Federal Contract Tower,5,14,9,0,28,0,0,15,0,15,5,14,24,0,43,24,0,24,67
10/02/2013,GPI,MT,ANM,WE,Federal Contract Tower,5,19,12,2,38,0,0,29,1,30,5,19,41,3,68,54,52,106,174
10/03/2013,GPI,MT,ANM,WE,Federal Contract Tower,6,14,8,2,30,0,0,18,5,23,6,14,26,7,53,44,40,84,137
10/04/2013,GPI,MT,ANM,WE,Federal Contract Tower,4,15,18,0,37,0,0,59,0,59,4,15,77,0,96,28,0,28,124
10/05/2013,GPI,MT,ANM,WE,Federal Contract Tower,5,13,3,0,21,0,0,24,0,24,5,13,27,0,45,28,0,28,73
10/06/2013,GPI,MT,ANM,WE,Federal Contract Tower,7,9,4,0,20,0,0,23,0,23,7,9,27,0,43,6,0,6,49
10/07/2013,GPI,MT,ANM,WE,Federal Contract Tower,5,17,4,0,26,0,0,13,0,13,5,17,17,0,39,26,0,26,65
10/08/2013,GPI,MT,ANM,WE,Federal Contract Tower,4,15,12,3,34,0,0,4,3,7,4,15,16,6,41,0,8,8,49
10/09/2013,GPI,MT,ANM,WE,Federal Contract Tower,5,12,10,2,29,0,0,22,0,22,5,12,32,2,51,22,30,52,103
10/10/2013,GPI,MT,ANM,WE,Federal Contract Tower,7,13,17,0,37,0,0,9,0,9,7,13,26,0,46,0,0,0,46
10/11/2013,GPI,MT,ANM,WE,Federal Contract Tower,4,19,13,0,36,0,0,24,0,24,4,19,37,0,60,26,0,26,86
10/12/2013,GPI,MT,ANM,WE,Federal Contract Tower,5,9,7,0,21,0,0,21,0,21,5,9,28,0,42,20,0,20,62
10/13/2013,GPI,MT,ANM,WE,Federal Contract Tower,11,11,7,0,29,0,0,13,0,13,11,11,20,0,42,2,0,2,44
10/14/2013,GPI,MT,ANM,WE,Federal Contract Tower,8,17,12,0,37,0,0,11,0,11,8,17,23,0,48,16,0,16,64
10/15/2013,GPI,MT,ANM,WE,Federal Contract Tower,5,16,6,0,27,0,0,23,0,23,5,16,29,0,50,28,0,28,78
10/16/2013,GPI,MT,ANM,WE,Federal Contract Tower,5,13,5,2,25,0,0,0,0,0,5,13,5,2,25,0,18,18,43
10/17/2013,GPI,MT,ANM,WE,Federal Contract Tower,6,15,13,4,38,0,0,21,0,21,6,15,34,4,59,16,18,34,93
10/18/2013,GPI,MT,ANM,WE,Federal Contract Tower,9,17,19,0,45,0,0,13,0,13,9,17,32,0,58,32,0,32,90
10/19/2013,GPI,MT,ANM,WE,Federal Contract Tower,5,7,12,0,24,0,0,8,0,8,5,7,20,0,32,0,0,0,32
10/20/2013,GPI,MT,ANM,WE,Federal Contract Tower,6,10,8,0,24,0,0,9,0,9,6,10,17,0,33,6,0,6,39
10/21/2013,GPI,MT,ANM,WE,Federal Contract Tower,5,13,10,0,28,0,0,12,0,12,5,13,22,0,40,0,0,0,40
10/22/2013,GPI,MT,ANM,WE,Federal Contract Tower,4,13,12,0,29,0,0,23,0,23,4,13,35,0,52,12,0,12,64
10/23/2013,GPI,MT,ANM,WE,Federal Contract Tower,4,17,12,0,33,0,0,25,0,25,4,17,37,0,58,8,0,8,66
10/24/2013,GPI,MT,ANM,WE,Federal Contract Tower,6,16,13,0,35,0,0,32,0,32,6,16,45,0,67,4,0,4,71
10/25/2013,GPI,MT,ANM,WE,Federal Contract Tower,4,16,13,0,33,0,1,25,0,26,4,17,38,0,59,14,0,14,73
10/26/2013,GPI,MT,ANM,WE,Federal Contract Tower,4,9,8,0,21,0,0,0,0,0,4,9,8,0,21,0,0,0,21
10/27/2013,GPI,MT,ANM,WE,Federal Contract Tower,7,12,9,0,28,0,0,0,0,0,7,12,9,0,28,0,0,0,28
10/28/2013,GPI,MT,ANM,WE,Federal Contract Tower,5,13,4,9,31,0,0,2,8,10,5,13,6,17,41,14,22,36,77
10/29/2013,GPI,MT,ANM,WE,Federal Contract Tower,5,16,11,5,37,0,2,20,3,25,5,18,31,8,62,22,22,44,106
10/30/2013,GPI,MT,ANM,WE,Federal Contract Tower,5,12,12,0,29,0,2,32,0,34,5,14,44,0,63,36,0,36,99
10/31/2013,GPI,MT,ANM,WE,Federal Contract Tower,7,11,5,0,23,0,0,1,0,1,7,11,6,0,24,8,0,8,32
11/01/2013,GPI,MT,ANM,WE,Federal Contract Tower,5,15,16,0,36,0,0,6,0,6,5,15,22,0,42,12,0,12,54
11/02/2013,GPI,MT,ANM,WE,Federal Contract Tower,5,11,4,0,20,0,0,2,0,2,5,11,6,0,22,0,0,0,22
11/03/2013,GPI,MT,ANM,WE,Federal Contract Tower,7,14,10,0,31,0,0,0,0,0,7,14,10,0,31,0,0,0,31
11/04/2013,GPI,MT,ANM,WE,Federal Contract Tower,5,16,10,0,31,0,0,9,0,9,5,16,19,0,40,12,0,12,52
11/05/2013,GPI,MT,ANM,WE,Federal Contract Tower,5,14,7,0,26,0,0,2,0,2,5,14,9,0,28,2,0,2,30
11/06/2013,GPI,MT,ANM,WE,Federal Contract Tower,4,13,12,0,29,0,0,4,0,4,4,13,16,0,33,16,0,16,49
11/07/2013,GPI,MT,ANM,WE,Federal Contract Tower,7,12,10,0,29,0,0,0,0,0,7,12,10,0,29,0,0,0,29
11/08/2013,GPI,MT,ANM,WE,Federal Contract Tower,7,18,8,2,35,0,0,7,0,7,7,18,15,2,42,24,2,26,68
11/09/2013,GPI,MT,ANM,WE,Federal Contract Tower,5,9,2,0,16,0,0,23,0,23,5,9,25,0,39,20,0,20,59
11/10/2013,GPI,MT,ANM,WE,Federal Contract Tower,7,9,8,0,24,0,0,0,0,0,7,9,8,0,24,0,0,0,24
11/11/2013,GPI,MT,ANM,WE,Federal Contract Tower,5,14,3,0,22,0,0,2,0,2,5,14,5,0,24,0,10,10,34
11/12/2013,GPI,MT,ANM,WE,Federal Contract Tower,5,8,15,0,28,0,0,1,0,1,5,8,16,0,29,0,0,0,29
11/13/2013,GPI,MT,ANM,WE,Federal Contract Tower,4,9,14,0,27,0,0,10,0,10,4,9,24,0,37,64,0,64,101
11/14/2013,GPI,MT,ANM,WE,Federal Contract Tower,6,12,9,0,27,0,0,8,0,8,6,12,17,0,35,0,0,0,35
11/15/2013,GPI,MT,ANM,WE,Federal Contract Tower,4,11,10,0,25,0,0,3,0,3,4,11,13,0,28,0,0,0,28
11/16/2013,GPI,MT,ANM,WE,Federal Contract Tower,5,11,4,0,20,0,0,0,0,0,5,11,4,0,20,0,0,0,20
11/17/2013,GPI,MT,ANM,WE,Federal Contract Tower,7,9,6,0,22,0,0,6,0,6,7,9,12,0,28,0,0,0,28
11/18/2013,GPI,MT,ANM,WE,Federal Contract Tower,5,12,11,2,30,0,0,8,0,8,5,12,19,2,38,8,0,8,46
11/19/2013,GPI,MT,ANM,WE,Federal Contract Tower,5,12,7,2,26,0,0,5,2,7,5,12,12,4,33,10,4,14,47
11/20/2013,GPI,MT,ANM,WE,Federal Contract Tower,5,10,4,0,19,0,0,22,0,22,5,10,26,0,41,14,0,14,55
11/21/2013,GPI,MT,ANM,WE,Federal Contract Tower,6,11,4,0,21,0,1,22,0,23,6,12,26,0,44,6,0,6,50
11/22/2013,GPI,MT,ANM,WE,Federal Contract Tower,5,15,3,0,23,0,0,14,0,14,5,15,17,0,37,8,0,8,45
11/23/2013,GPI,MT,ANM,WE,Federal Contract Tower,5,7,7,2,21,0,0,25,2,27,5,7,32,4,48,20,26,46,94
11/24/2013,GPI,MT,ANM,WE,Federal Contract Tower,7,8,5,1,21,0,0,26,0,26,7,8,31,1,47,32,4,36,83
11/25/2013,GPI,MT,ANM,WE,Federal Contract Tower,4,11,9,0,24,0,0,12,0,12,4,11,21,0,36,20,0,20,56
11/26/2013,GPI,MT,ANM,WE,Federal Contract Tower,3,16,7,1,27,0,1,2,5,8,3,17,9,6,35,2,24,26,61
11/27/2013,GPI,MT,ANM,WE,Federal Contract Tower,7,15,8,0,30,0,0,0,0,0,7,15,8,0,30,0,0,0,30
11/28/2013,GPI,MT,ANM,WE,Federal Contract Tower,2,6,0,0,8,0,0,0,0,0,2,6,0,0,8,0,0,0,8
11/29/2013,GPI,MT,ANM,WE,Federal Contract Tower,4,9,3,0,16,0,0,0,0,0,4,9,3,0,16,0,0,0,16
11/30/2013,GPI,MT,ANM,WE,Federal Contract Tower,5,11,9,0,25,0,0,0,0,0,5,11,9,0,25,0,0,0,25
12/01/2013,GPI,MT,ANM,WE,Federal Contract Tower,6,11,11,0,28,0,0,0,0,0,6,11,11,0,28,0,0,0,28
12/02/2013,GPI,MT,ANM,WE,Federal Contract Tower,4,10,3,0,17,0,0,2,0,2,4,10,5,0,19,0,0,0,19
12/03/2013,GPI,MT,ANM,WE,Federal Contract Tower,4,10,14,2,30,0,0,14,2,16,4,10,28,4,46,0,4,4,50
12/04/2013,GPI,MT,ANM,WE,Federal Contract Tower,4,12,7,0,23,0,0,7,0,7,4,12,14,0,30,30,0,30,60
12/05/2013,GPI,MT,ANM,WE,Federal Contract Tower,7,10,12,4,33,0,0,10,4,14,7,10,22,8,47,2,8,10,57
12/06/2013,GPI,MT,ANM,WE,Federal Contract Tower,6,9,9,1,25,0,0,10,1,11,6,9,19,2,36,0,2,2,38
12/07/2013,GPI,MT,ANM,WE,Federal Contract Tower,5,6,6,0,17,0,0,4,0,4,5,6,10,0,21,6,0,6,27
12/08/2013,GPI,MT,ANM,WE,Federal Contract Tower,4,4,11,0,19,0,0,3,0,3,4,4,14,0,22,0,0,0,22
12/09/2013,GPI,MT,ANM,WE,Federal Contract Tower,5,9,6,0,20,0,0,0,0,0,5,9,6,0,20,0,0,0,20
12/10/2013,GPI,MT,ANM,WE,Federal Contract Tower,4,9,4,0,17,0,0,0,0,0,4,9,4,0,17,0,0,0,17
12/11/2013,GPI,MT,ANM,WE,Federal Contract Tower,4,10,6,1,21,0,0,3,0,3,4,10,9,1,24,12,2,14,38
12/12/2013,GPI,MT,ANM,WE,Federal Contract Tower,8,13,11,4,36,0,1,0,0,1,8,14,11,4,37,0,4,4,41
12/13/2013,GPI,MT,ANM,WE,Federal Contract Tower,6,13,14,0,33,0,0,2,0,2,6,13,16,0,35,2,0,2,37
12/14/2013,GPI,MT,ANM,WE,Federal Contract Tower,4,6,5,0,15,0,0,0,0,0,4,6,5,0,15,0,0,0,15
12/15/2013,GPI,MT,ANM,WE,Federal Contract Tower,5,8,5,0,18,0,1,4,0,5,5,9,9,0,23,0,0,0,23
12/16/2013,GPI,MT,ANM,WE,Federal Contract Tower,6,8,2,0,16,0,0,9,0,9,6,8,11,0,25,10,0,10,35
12/17/2013,GPI,MT,ANM,WE,Federal Contract Tower,4,12,6,0,22,0,2,14,0,16,4,14,20,0,38,8,0,8,46
12/18/2013,GPI,MT,ANM,WE,Federal Contract Tower,6,15,6,0,27,0,0,0,0,0,6,15,6,0,27,0,0,0,27
12/19/2013,GPI,MT,ANM,WE,Federal Contract Tower,6,22,10,2,40,0,0,22,0,22,6,22,32,2,62,10,8,18,80
12/20/2013,GPI,MT,ANM,WE,Federal Contract Tower,5,26,18,0,49,0,1,0,0,1,5,27,18,0,50,0,0,0,50
12/21/2013,GPI,MT,ANM,WE,Federal Contract Tower,6,16,20,0,42,0,0,2,0,2,6,16,22,0,44,0,0,0,44
12/22/2013,GPI,MT,ANM,WE,Federal Contract Tower,6,11,7,0,24,0,0,3,0,3,6,11,10,0,27,0,0,0,27
12/23/2013,GPI,MT,ANM,WE,Federal Contract Tower,8,19,5,0,32,0,0,2,0,2,8,19,7,0,34,4,0,4,38
12/24/2013,GPI,MT,ANM,WE,Federal Contract Tower,5,23,0,0,28,0,2,1,0,3,5,25,1,0,31,16,0,16,47
12/25/2013,GPI,MT,ANM,WE,Federal Contract Tower,6,7,3,0,16,0,0,6,0,6,6,7,9,0,22,10,0,10,32
12/26/2013,GPI,MT,ANM,WE,Federal Contract Tower,10,24,14,0,48,0,0,6,0,6,10,24,20,0,54,4,0,4,58
12/27/2013,GPI,MT,ANM,WE,Federal Contract Tower,6,27,27,0,60,0,0,22,0,22,6,27,49,0,82,12,0,12,94
12/28/2013,GPI,MT,ANM,WE,Federal Contract Tower,8,18,11,0,37,0,0,2,0,2,8,18,13,0,39,0,0,0,39
12/29/2013,GPI,MT,ANM,WE,Federal Contract Tower,10,16,8,0,34,0,0,2,0,2,10,16,10,0,36,0,0,0,36
12/30/2013,GPI,MT,ANM,WE,Federal Contract Tower,8,16,17,0,41,0,0,11,0,11,8,16,28,0,52,12,0,12,64
12/31/2013,GPI,MT,ANM,WE,Federal Contract Tower,6,20,5,0,31,0,0,1,0,1,6,20,6,0,32,0,0,0,32
01/01/2014,GPI,MT,ANM,WE,Federal Contract Tower,7,11,12,0,30,0,0,18,0,18,7,11,30,0,48,30,0,30,78
01/02/2014,GPI,MT,ANM,WE,Federal Contract Tower,10,25,11,0,46,0,0,5,0,5,10,25,16,0,51,6,0,6,57
01/03/2014,GPI,MT,ANM,WE,Federal Contract Tower,6,15,12,0,33,1,0,0,0,1,7,15,12,0,34,0,0,0,34
01/04/2014,GPI,MT,ANM,WE,Federal Contract Tower,7,22,19,0,48,0,1,4,0,5,7,23,23,0,53,14,0,14,67
01/05/2014,GPI,MT,ANM,WE,Federal Contract Tower,9,19,7,0,35,0,0,5,0,5,9,19,12,0,40,24,0,24,64
01/06/2014,GPI,MT,ANM,WE,Federal Contract Tower,7,12,13,3,35,0,0,8,4,12,7,12,21,7,47,0,26,26,73
01/07/2014,GPI,MT,ANM,WE,Federal Contract Tower,5,12,3,0,20,0,0,6,0,6,5,12,9,0,26,0,0,0,26
01/08/2014,GPI,MT,ANM,WE,Federal Contract Tower,5,16,4,2,27,0,0,0,0,0,5,16,4,2,27,0,2,2,29
01/09/2014,GPI,MT,ANM,WE,Federal Contract Tower,7,16,3,0,26,0,2,2,0,4,7,18,5,0,30,4,0,4,34
01/10/2014,GPI,MT,ANM,WE,Federal Contract Tower,5,16,7,0,28,0,0,3,0,3,5,16,10,0,31,14,0,14,45
01/11/2014,GPI,MT,ANM,WE,Federal Contract Tower,5,13,5,0,23,0,0,0,0,0,5,13,5,0,23,0,0,0,23
01/12/2014,GPI,MT,ANM,WE,Federal Contract Tower,7,11,4,0,22,0,0,4,0,4,7,11,8,0,26,38,0,38,64
01/13/2014,GPI,MT,ANM,WE,Federal Contract Tower,7,13,8,0,28,0,0,2,0,2,7,13,10,0,30,0,0,0,30
01/14/2014,GPI,MT,ANM,WE,Federal Contract Tower,5,13,7,2,27,0,0,8,0,8,5,13,15,2,35,8,4,12,47
01/15/2014,GPI,MT,ANM,WE,Federal Contract Tower,5,11,11,0,27,0,0,24,0,24,5,11,35,0,51,16,0,16,67
01/16/2014,GPI,MT,ANM,WE,Federal Contract Tower,7,13,14,0,34,0,2,42,0,44,7,15,56,0,78,52,0,52,130
01/17/2014,GPI,MT,ANM,WE,Federal Contract Tower,5,22,5,0,32,0,0,15,0,15,5,22,20,0,47,28,0,28,75
01/18/2014,GPI,MT,ANM,WE,Federal Contract Tower,5,10,8,0,23,0,0,34,0,34,5,10,42,0,57,18,0,18,75
01/19/2014,GPI,MT,ANM,WE,Federal Contract Tower,5,10,2,0,17,0,0,0,0,0,5,10,2,0,17,0,0,0,17
01/20/2014,GPI,MT,ANM,WE,Federal Contract Tower,7,16,10,0,33,0,4,22,0,26,7,20,32,0,59,4,0,4,63
01/21/2014,GPI,MT,ANM,WE,Federal Contract Tower,5,10,11,0,26,0,0,0,0,0,5,10,11,0,26,0,0,0,26
01/22/2014,GPI,MT,ANM,WE,Federal Contract Tower,4,10,12,0,26,0,0,3,0,3,4,10,15,0,29,2,0,2,31
01/23/2014,GPI,MT,ANM,WE,Federal Contract Tower,7,14,4,0,25,0,0,3,0,3,7,14,7,0,28,8,0,8,36
01/24/2014,GPI,MT,ANM,WE,Federal Contract Tower,5,15,13,1,34,0,0,6,1,7,5,15,19,2,41,6,2,8,49
01/25/2014,GPI,MT,ANM,WE,Federal Contract Tower,5,11,8,0,24,0,1,11,0,12,5,12,19,0,36,40,0,40,76
01/26/2014,GPI,MT,ANM,WE,Federal Contract Tower,7,15,8,0,30,0,0,1,0,1,7,15,9,0,31,0,0,0,31
01/27/2014,GPI,MT,ANM,WE,Federal Contract Tower,4,12,10,0,26,0,1,23,3,27,4,13,33,3,53,42,0,42,95
01/28/2014,GPI,MT,ANM,WE,Federal Contract Tower,4,16,11,0,31,0,4,14,0,18,4,20,25,0,49,14,0,14,63
01/29/2014,GPI,MT,ANM,WE,Federal Contract Tower,5,9,6,0,20,0,0,0,0,0,5,9,6,0,20,0,0,0,20
01/30/2014,GPI,MT,ANM,WE,Federal Contract Tower,7,15,7,0,29,0,0,0,0,0,7,15,7,0,29,0,0,0,29
01/31/2014,GPI,MT,ANM,WE,Federal Contract Tower,5,17,9,0,31,0,0,7,0,7,5,17,16,0,38,2,0,2,40
02/01/2014,GPI,MT,ANM,WE,Federal Contract Tower,5,11,4,0,20,0,0,12,0,12,5,11,16,0,32,4,0,4,36
02/02/2014,GPI,MT,ANM,WE,Federal Contract Tower,4,10,11,6,31,0,0,2,0,2,4,10,13,6,33,14,0,14,47
02/03/2014,GPI,MT,ANM,WE,Federal Contract Tower,5,13,15,0,33,0,0,3,0,3,5,13,18,0,36,14,0,14,50
02/04/2014,GPI,MT,ANM,WE,Federal Contract Tower,4,14,13,0,31,0,0,2,0,2,4,14,15,0,33,0,0,0,33
02/05/2014,GPI,MT,ANM,WE,Federal Contract Tower,5,14,11,10,40,0,0,5,0,5,5,14,16,10,45,4,10,14,59
02/06/2014,GPI,MT,ANM,WE,Federal Contract Tower,6,17,10,0,33,0,0,14,1,15,6,17,24,1,48,14,0,14,62
02/07/2014,GPI,MT,ANM,WE,Federal Contract Tower,4,14,9,0,27,0,0,4,0,4,4,14,13,0,31,0,0,0,31
02/08/2014,GPI,MT,ANM,WE,Federal Contract Tower,4,10,5,0,19,0,0,3,0,3,4,10,8,0,22,6,0,6,28
02/09/2014,GPI,MT,ANM,WE,Federal Contract Tower,7,8,12,0,27,0,0,10,0,10,7,8,22,0,37,24,0,24,61
02/10/2014,GPI,MT,ANM,WE,Federal Contract Tower,5,16,9,0,30,0,1,1,0,2,5,17,10,0,32,0,0,0,32
02/11/2014,GPI,MT,ANM,WE,Federal Contract Tower,5,11,13,2,31,0,0,8,0,8,5,11,21,2,39,2,10,12,51
02/12/2014,GPI,MT,ANM,WE,Federal Contract Tower,5,14,11,0,30,0,1,3,0,4,5,15,14,0,34,0,0,0,34
02/13/2014,GPI,MT,ANM,WE,Federal Contract Tower,7,26,12,0,45,0,0,1,0,1,7,26,13,0,46,0,0,0,46
02/14/2014,GPI,MT,ANM,WE,Federal Contract Tower,7,23,14,0,44,0,0,2,0,2,7,23,16,0,46,0,0,0,46
02/15/2014,GPI,MT,ANM,WE,Federal Contract Tower,7,12,8,0,27,0,1,16,0,17,7,13,24,0,44,22,0,22,66
02/16/2014,GPI,MT,ANM,WE,Federal Contract Tower,7,19,4,0,30,0,0,1,0,1,7,19,5,0,31,0,0,0,31
02/17/2014,GPI,MT,ANM,WE,Federal Contract Tower,7,14,7,0,28,0,0,1,0,1,7,14,8,0,29,0,0,0,29
02/18/2014,GPI,MT,ANM,WE,Federal Contract Tower,5,14,12,0,31,0,0,11,0,11,5,14,23,0,42,12,0,12,54
02/19/2014,GPI,MT,ANM,WE,Federal Contract Tower,5,18,8,2,33,0,0,4,0,4,5,18,12,2,37,6,2,8,45
02/20/2014,GPI,MT,ANM,WE,Federal Contract Tower,6,17,9,0,32,0,0,1,0,1,6,17,10,0,33,0,0,0,33
02/21/2014,GPI,MT,ANM,WE,Federal Contract Tower,7,19,8,1,35,0,2,0,1,3,7,21,8,2,38,2,2,4,42
02/22/2014,GPI,MT,ANM,WE,Federal Contract Tower,6,10,4,0,20,0,0,6,0,6,6,10,10,0,26,54,0,54,80
02/23/2014,GPI,MT,ANM,WE,Federal Contract Tower,7,17,8,0,32,0,0,0,0,0,7,17,8,0,32,0,0,0,32
02/24/2014,GPI,MT,ANM,WE,Federal Contract Tower,7,11,7,0,25,0,0,7,0,7,7,11,14,0,32,10,0,10,42
02/25/2014,GPI,MT,ANM,WE,Federal Contract Tower,5,11,11,4,31,0,1,21,2,24,5,12,32,6,55,34,6,40,95
02/26/2014,GPI,MT,ANM,WE,Federal Contract Tower,5,16,12,0,33,0,0,26,0,26,5,16,38,0,59,26,0,26,85
02/27/2014,GPI,MT,ANM,WE,Federal Contract Tower,6,13,6,3,28,0,0,7,0,7,6,13,13,3,35,0,4,4,39
02/28/2014,GPI,MT,ANM,WE,Federal Contract Tower,5,13,3,3,24,0,0,0,1,1,5,13,3,4,25,0,4,4,29
03/01/2014,GPI,MT,ANM,WE,Federal Contract Tower,5,11,5,0,21,0,0,0,0,0,5,11,5,0,21,0,0,0,21
03/02/2014,GPI,MT,ANM,WE,Federal Contract Tower,10,13,3,0,26,0,0,0,0,0,10,13,3,0,26,0,0,0,26
03/03/2014,GPI,MT,ANM,WE,Federal Contract Tower,4,10,8,0,22,0,0,1,0,1,4,10,9,0,23,0,0,0,23
03/04/2014,GPI,MT,ANM,WE,Federal Contract Tower,6,14,4,0,24,0,0,1,0,1,6,14,5,0,25,0,0,0,25
03/05/2014,GPI,MT,ANM,WE,Federal Contract Tower,6,20,10,0,36,0,0,0,0,0,6,20,10,0,36,0,0,0,36
03/06/2014,GPI,MT,ANM,WE,Federal Contract Tower,6,13,2,7,28,0,0,2,1,3,6,13,4,8,31,10,44,54,85
03/07/2014,GPI,MT,ANM,WE,Federal Contract Tower,6,19,13,0,38,0,0,10,0,10,6,19,23,0,48,6,0,6,54
03/08/2014,GPI,MT,ANM,WE,Federal Contract Tower,6,8,5,1,20,0,0,15,0,15,6,8,20,1,35,4,2,6,41
03/09/2014,GPI,MT,ANM,WE,Federal Contract Tower,8,10,10,3,31,0,0,0,1,1,8,10,10,4,32,0,6,6,38
03/10/2014,GPI,MT,ANM,WE,Federal Contract Tower,6,11,8,0,25,0,0,0,0,0,6,11,8,0,25,0,0,0,25
03/11/2014,GPI,MT,ANM,WE,Federal Contract Tower,5,12,10,0,27,0,0,8,0,8,5,12,18,0,35,2,0,2,37
03/12/2014,GPI,MT,ANM,WE,Federal Contract Tower,6,12,5,4,27,0,0,29,2,31,6,12,34,6,58,10,8,18,76
03/13/2014,GPI,MT,ANM,WE,Federal Contract Tower,8,17,5,0,30,0,0,32,0,32,8,17,37,0,62,6,0,6,68
03/14/2014,GPI,MT,ANM,WE,Federal Contract Tower,7,24,13,4,48,0,0,11,1,12,7,24,24,5,60,8,0,8,68
03/15/2014,GPI,MT,ANM,WE,Federal Contract Tower,6,11,7,0,24,0,0,11,0,11,6,11,18,0,35,22,0,22,57
03/16/2014,GPI,MT,ANM,WE,Federal Contract Tower,8,12,15,0,35,0,0,4,0,4,8,12,19,0,39,0,0,0,39
03/17/2014,GPI,MT,ANM,WE,Federal Contract Tower,5,13,3,1,22,0,0,4,0,4,5,13,7,1,26,10,2,12,38
03/18/2014,GPI,MT,ANM,WE,Federal Contract Tower,6,16,11,4,37,0,0,14,1,15,6,16,25,5,52,14,26,40,92
03/19/2014,GPI,MT,ANM,WE,Federal Contract Tower,5,14,10,0,29,0,0,13,0,13,5,14,23,0,42,2,0,2,44
03/20/2014,GPI,MT,ANM,WE,Federal Contract Tower,8,14,7,0,29,0,0,9,0,9,8,14,16,0,38,22,0,22,60
03/21/2014,GPI,MT,ANM,WE,Federal Contract Tower,5,14,16,0,35,0,0,6,0,6,5,14,22,0,41,10,0,10,51
03/22/2014,GPI,MT,ANM,WE,Federal Contract Tower,6,12,4,0,22,0,0,24,0,24,6,12,28,0,46,44,0,44,90
03/23/2014,GPI,MT,ANM,WE,Federal Contract Tower,8,9,9,2,28,0,0,5,0,5,8,9,14,2,33,0,2,2,35
03/24/2014,GPI,MT,ANM,WE,Federal Contract Tower,5,16,10,0,31,0,1,14,0,15,5,17,24,0,46,6,0,6,52
03/25/2014,GPI,MT,ANM,WE,Federal Contract Tower,6,13,9,4,32,0,0,18,3,21,6,13,27,7,53,32,4,36,89
03/26/2014,GPI,MT,ANM,WE,Federal Contract Tower,6,11,7,10,34,0,1,12,2,15,6,12,19,12,49,14,10,24,73
03/27/2014,GPI,MT,ANM,WE,Federal Contract Tower,7,16,6,0,29,0,0,2,0,2,7,16,8,0,31,2,0,2,33
03/28/2014,GPI,MT,ANM,WE,Federal Contract Tower,6,13,16,0,35,0,0,2,0,2,6,13,18,0,37,0,0,0,37
03/29/2014,GPI,MT,ANM,WE,Federal Contract Tower,6,13,11,0,30,0,0,5,0,5,6,13,16,0,35,6,0,6,41
03/30/2014,GPI,MT,ANM,WE,Federal Contract Tower,6,13,8,2,29,0,0,10,0,10,6,13,18,2,39,24,8,32,71
03/31/2014,GPI,MT,ANM,WE,Federal Contract Tower,6,17,5,1,29,0,0,4,0,4,6,17,9,1,33,0,0,0,33
04/01/2014,GPI,MT,ANM,WE,Federal Contract Tower,6,10,5,0,21,0,0,12,0,12,6,10,17,0,33,12,0,12,45
04/02/2014,GPI,MT,ANM,WE,Federal Contract Tower,6,11,7,6,30,0,1,17,0,18,6,12,24,6,48,32,8,40,88
04/03/2014,GPI,MT,ANM,WE,Federal Contract Tower,8,9,9,0,26,0,0,12,2,14,8,9,21,2,40,0,0,0,40
04/04/2014,GPI,MT,ANM,WE,Federal Contract Tower,6,11,16,0,33,0,0,5,0,5,6,11,21,0,38,4,0,4,42
04/05/2014,GPI,MT,ANM,WE,Federal Contract Tower,5,6,5,0,16,0,0,9,4,13,5,6,14,4,29,6,0,6,35
04/06/2014,GPI,MT,ANM,WE,Federal Contract Tower,8,6,11,0,25,0,0,3,0,3,8,6,14,0,28,2,0,2,30
04/07/2014,GPI,MT,ANM,WE,Federal Contract Tower,5,10,4,0,19,0,2,16,0,18,5,12,20,0,37,26,0,26,63
04/08/2014,GPI,MT,ANM,WE,Federal Contract Tower,5,9,10,1,25,0,4,10,2,16,5,13,20,3,41,0,10,10,51
04/09/2014,GPI,MT,ANM,WE,Federal Contract Tower,6,12,12,0,30,0,0,1,0,1,6,12,13,0,31,0,0,0,31
04/10/2014,GPI,MT,ANM,WE,Federal Contract Tower,8,10,7,2,27,0,0,18,2,20,8,10,25,4,47,26,20,46,93
04/11/2014,GPI,MT,ANM,WE,Federal Contract Tower,6,11,7,0,24,0,0,29,0,29,6,11,36,0,53,86,0,86,139
04/12/2014,GPI,MT,ANM,WE,Federal Contract Tower,6,6,3,0,15,0,0,1,0,1,6,6,4,0,16,0,0,0,16
04/13/2014,GPI,MT,ANM,WE,Federal Contract Tower,8,5,5,1,19,0,0,38,0,38,8,5,43,1,57,40,0,40,97
04/14/2014,GPI,MT,ANM,WE,Federal Contract Tower,6,12,1,1,20,0,0,19,3,22,6,12,20,4,42,10,0,10,52
04/15/2014,GPI,MT,ANM,WE,Federal Contract Tower,5,11,7,0,23,0,0,2,0,2,5,11,9,0,25,32,0,32,57
04/16/2014,GPI,MT,ANM,WE,Federal Contract Tower,6,11,4,2,23,0,0,8,0,8,6,11,12,2,31,12,0,12,43
04/17/2014,GPI,MT,ANM,WE,Federal Contract Tower,10,14,4,2,30,0,1,1,13,15,10,15,5,15,45,0,8,8,53
04/18/2014,GPI,MT,ANM,WE,Federal Contract Tower,6,7,8,0,21,0,0,12,0,12,6,7,20,0,33,20,0,20,53
04/19/2014,GPI,MT,ANM,WE,Federal Contract Tower,6,4,3,0,13,0,0,35,0,35,6,4,38,0,48,50,0,50,98
04/20/2014,GPI,MT,ANM,WE,Federal Contract Tower,11,5,7,2,25,0,0,11,0,11,11,5,18,2,36,0,2,2,38
04/21/2014,GPI,MT,ANM,WE,Federal Contract Tower,4,14,8,2,28,0,0,23,2,25,4,14,31,4,53,16,8,24,77
04/22/2014,GPI,MT,ANM,WE,Federal Contract Tower,6,7,5,2,20,0,0,14,0,14,6,7,19,2,34,34,2,36,70
04/23/2014,GPI,MT,ANM,WE,Federal Contract Tower,6,10,3,2,21,0,0,15,0,15,6,10,18,2,36,28,8,36,72
04/24/2014,GPI,MT,ANM,WE,Federal Contract Tower,8,12,9,0,29,0,0,1,0,1,8,12,10,0,30,16,0,16,46
04/25/2014,GPI,MT,ANM,WE,Federal Contract Tower,3,12,9,0,24,0,0,23,0,23,3,12,32,0,47,78,0,78,125
04/26/2014,GPI,MT,ANM,WE,Federal Contract Tower,5,6,7,2,20,0,0,3,2,5,5,6,10,4,25,8,12,20,45
04/27/2014,GPI,MT,ANM,WE,Federal Contract Tower,8,9,4,1,22,0,0,9,0,9,8,9,13,1,31,8,0,8,39
04/28/2014,GPI,MT,ANM,WE,Federal Contract Tower,6,9,9,0,24,0,0,9,0,9,6,9,18,0,33,6,0,6,39
04/29/2014,GPI,MT,ANM,WE,Federal Contract Tower,6,9,7,1,23,0,0,27,0,27,6,9,34,1,50,31,0,31,81
04/30/2014,GPI,MT,ANM,WE,Federal Contract Tower,6,13,3,3,25,0,0,50,9,59,6,13,53,12,84,74,6,80,164
05/01/2014,GPI,MT,ANM,WE,Federal Contract Tower,8,13,9,0,30,0,1,41,4,46,8,14,50,4,76,78,4,82,158
05/02/2014,GPI,MT,ANM,WE,Federal Contract Tower,6,10,4,2,22,0,2,15,0,17,6,12,19,2,39,28,2,30,69
05/03/2014,GPI,MT,ANM,WE,Federal Contract Tower,6,7,14,0,27,0,0,11,0,11,6,7,25,0,38,6,0,6,44
05/04/2014,GPI,MT,ANM,WE,Federal Contract Tower,8,6,10,0,24,0,0,4,0,4,8,6,14,0,28,6,0,6,34
05/05/2014,GPI,MT,ANM,WE,Federal Contract Tower,6,12,8,0,26,0,1,11,0,12,6,13,19,0,38,14,0,14,52
05/06/2014,GPI,MT,ANM,WE,Federal Contract Tower,6,13,4,0,23,0,0,7,0,7,6,13,11,0,30,18,0,18,48
05/07/2014,GPI,MT,ANM,WE,Federal Contract Tower,6,16,5,3,30,0,0,13,0,13,6,16,18,3,43,20,6,26,69
05/08/2014,GPI,MT,ANM,WE,Federal Contract Tower,7,17,2,2,28,0,2,37,0,39,7,19,39,2,67,34,10,44,111
05/09/2014,GPI,MT,ANM,WE,Federal Contract Tower,6,16,3,0,25,0,0,1,0,1,6,16,4,0,26,0,0,0,26
05/10/2014,GPI,MT,ANM,WE,Federal Contract Tower,6,12,6,0,24,0,0,5,0,5,6,12,11,0,29,2,0,2,31
05/11/2014,GPI,MT,ANM,WE,Federal Contract Tower,8,6,5,1,20,0,0,12,1,13,8,6,17,2,33,2,0,2,35
05/12/2014,GPI,MT,ANM,WE,Federal Contract Tower,6,14,15,0,35,0,0,30,0,30,6,14,45,0,65,32,0,32,97
05/13/2014,GPI,MT,ANM,WE,Federal Contract Tower,6,11,12,0,29,0,2,21,0,23,6,13,33,0,52,10,0,10,62
05/14/2014,GPI,MT,ANM,WE,Federal Contract Tower,6,15,19,0,40,0,2,22,2,26,6,17,41,2,66,10,0,10,76
05/15/2014,GPI,MT,ANM,WE,Federal Contract Tower,8,15,11,2,36,0,0,9,0,9,8,15,20,2,45,0,4,4,49
05/16/2014,GPI,MT,ANM,WE,Federal Contract Tower,6,15,12,2,35,0,0,14,2,16,6,15,26,4,51,8,4,12,63
05/17/2014,GPI,MT,ANM,WE,Federal Contract Tower,6,12,4,0,22,0,0,20,0,20,6,12,24,0,42,6,0,6,48
05/18/2014,GPI,MT,ANM,WE,Federal Contract Tower,8,12,9,0,29,0,0,18,0,18,8,12,27,0,47,8,0,8,55
05/19/2014,GPI,MT,ANM,WE,Federal Contract Tower,5,11,10,0,26,0,0,0,0,0,5,11,10,0,26,0,0,0,26
05/20/2014,GPI,MT,ANM,WE,Federal Contract Tower,5,15,7,1,28,0,0,26,2,28,5,15,33,3,56,10,32,42,98
05/21/2014,GPI,MT,ANM,WE,Federal Contract Tower,6,12,12,0,30,0,1,33,5,39,6,13,45,5,69,20,12,32,101
05/22/2014,GPI,MT,ANM,WE,Federal Contract Tower,5,11,9,0,25,0,0,29,0,29,5,11,38,0,54,18,0,18,72
05/23/2014,GPI,MT,ANM,WE,Federal Contract Tower,7,21,20,2,50,0,0,32,2,34,7,21,52,4,84,20,8,28,112
05/24/2014,GPI,MT,ANM,WE,Federal Contract Tower,5,14,7,0,26,0,1,23,0,24,5,15,30,0,50,40,0,40,90
05/25/2014,GPI,MT,ANM,WE,Federal Contract Tower,5,8,2,0,15,0,0,16,0,16,5,8,18,0,31,6,0,6,37
05/26/2014,GPI,MT,ANM,WE,Federal Contract Tower,8,18,12,0,38,0,0,16,0,16,8,18,28,0,54,26,0,26,80
05/27/2014,GPI,MT,ANM,WE,Federal Contract Tower,6,13,6,0,25,0,0,4,0,4,6,13,10,0,29,0,0,0,29
05/28/2014,GPI,MT,ANM,WE,Federal Contract Tower,6,16,6,4,32,0,0,8,5,13,6,16,14,9,45,0,2,2,47
05/29/2014,GPI,MT,ANM,WE,Federal Contract Tower,8,18,7,2,35,0,0,12,4,16,8,18,19,6,51,22,0,22,73
05/30/2014,GPI,MT,ANM,WE,Federal Contract Tower,7,16,6,0,29,0,1,36,2,39,7,17,42,2,68,24,0,24,92
05/31/2014,GPI,MT,ANM,WE,Federal Contract Tower,5,8,3,1,17,0,0,28,1,29,5,8,31,2,46,50,0,50,96
06/01/2014,GPI,MT,ANM,WE,Federal Contract Tower,8,14,5,0,27,0,0,19,0,19,8,14,24,0,46,28,0,28,74
06/02/2014,GPI,MT,ANM,WE,Federal Contract Tower,6,16,3,0,25,0,0,9,2,11,6,16,12,2,36,0,8,8,44
06/03/2014,GPI,MT,ANM,WE,Federal Contract Tower,6,14,7,2,29,0,0,2,0,2,6,14,9,2,31,2,2,4,35
06/04/2014,GPI,MT,ANM,WE,Federal Contract Tower,6,15,6,1,28,0,0,10,6,16,6,15,16,7,44,8,4,12,56
06/05/2014,GPI,MT,ANM,WE,Federal Contract Tower,10,20,9,0,39,0,0,20,2,22,10,20,29,2,61,44,0,44,105
06/06/2014,GPI,MT,ANM,WE,Federal Contract Tower,7,13,8,9,37,0,0,15,0,15,7,13,23,9,52,24,32,56,108
06/07/2014,GPI,MT,ANM,WE,Federal Contract Tower,12,11,10,3,36,0,0,33,3,36,12,11,43,6,72,18,4,22,94
06/08/2014,GPI,MT,ANM,WE,Federal Contract Tower,12,10,17,5,44,0,0,30,4,34,12,10,47,9,78,16,18,34,112
06/09/2014,GPI,MT,ANM,WE,Federal Contract Tower,10,14,8,1,33,0,0,14,1,15,10,14,22,2,48,4,0,4,52
06/10/2014,GPI,MT,ANM,WE,Federal Contract Tower,8,13,9,2,32,0,0,16,1,17,8,13,25,3,49,10,0,10,59
06/11/2014,GPI,MT,ANM,WE,Federal Contract Tower,8,12,8,1,29,0,0,33,0,33,8,12,41,1,62,68,4,72,134
06/12/2014,GPI,MT,ANM,WE,Federal Contract Tower,11,21,14,0,46,0,3,28,2,33,11,24,42,2,79,72,0,72,151
06/13/2014,GPI,MT,ANM,WE,Federal Contract Tower,11,11,12,0,34,0,0,2,0,2,11,11,14,0,36,0,0,0,36
06/14/2014,GPI,MT,ANM,WE,Federal Contract Tower,15,7,11,0,33,0,0,2,0,2,15,7,13,0,35,0,0,0,35
06/15/2014,GPI,MT,ANM,WE,Federal Contract Tower,14,11,18,0,43,0,0,2,0,2,14,11,20,0,45,4,0,4,49
06/16/2014,GPI,MT,ANM,WE,Federal Contract Tower,9,13,13,2,37,0,0,1,0,1,9,13,14,2,38,6,0,6,44
06/17/2014,GPI,MT,ANM,WE,Federal Contract Tower,8,17,12,0,37,0,0,1,0,1,8,17,13,0,38,0,0,0,38
06/18/2014,GPI,MT,ANM,WE,Federal Contract Tower,7,18,15,0,40,0,0,0,1,1,7,18,15,1,41,0,0,0,41
06/19/2014,GPI,MT,ANM,WE,Federal Contract Tower,12,15,17,0,44,0,0,35,0,35,12,15,52,0,79,30,0,30,109
06/20/2014,GPI,MT,ANM,WE,Federal Contract Tower,10,22,9,0,41,0,0,34,1,35,10,22,43,1,76,18,0,18,94
06/21/2014,GPI,MT,ANM,WE,Federal Contract Tower,19,12,15,0,46,0,2,29,0,31,19,14,44,0,77,2,0,2,79
06/22/2014,GPI,MT,ANM,WE,Federal Contract Tower,15,14,17,0,46,0,0,26,2,28,15,14,43,2,74,18,0,18,92
06/23/2014,GPI,MT,ANM,WE,Federal Contract Tower,11,24,13,2,50,0,0,44,3,47,11,24,57,5,97,50,36,86,183
06/24/2014,GPI,MT,ANM,WE,Federal Contract Tower,10,18,13,0,41,0,0,24,3,27,10,18,37,3,68,38,0,38,106
06/25/2014,GPI,MT,ANM,WE,Federal Contract Tower,12,22,13,2,49,0,4,42,6,52,12,26,55,8,101,14,2,16,117
06/26/2014,GPI,MT,ANM,WE,Federal Contract Tower,12,21,26,2,61,0,0,4,0,4,12,21,30,2,65,0,0,0,65
06/27/2014,GPI,MT,ANM,WE,Federal Contract Tower,15,19,12,2,48,0,0,5,3,8,15,19,17,5,56,14,2,16,72
06/28/2014,GPI,MT,ANM,WE,Federal Contract Tower,20,18,8,0,46,0,0,17,3,20,20,18,25,3,66,2,0,2,68
06/29/2014,GPI,MT,ANM,WE,Federal Contract Tower,20,10,17,0,47,0,0,18,7,25,20,10,35,7,72,12,12,24,96
06/30/2014,GPI,MT,ANM,WE,Federal Contract Tower,18,16,22,1,57,0,0,50,2,52,18,16,72,3,109,34,0,34,143
07/01/2014,GPI,MT,ANM,WE,Federal Contract Tower,12,22,17,1,52,0,0,35,0,35,12,22,52,1,87,58,14,72,159
07/02/2014,GPI,MT,ANM,WE,Federal Contract Tower,17,19,47,0,83,1,0,50,0,51,18,19,97,0,134,20,0,20,154
07/03/2014,GPI,MT,ANM,WE,Federal Contract Tower,17,21,20,0,58,0,1,28,0,29,17,22,48,0,87,8,0,8,95
07/04/2014,GPI,MT,ANM,WE,Federal Contract Tower,11,10,20,0,41,0,0,38,2,40,11,10,58,2,81,22,6,28,109
07/05/2014,GPI,MT,ANM,WE,Federal Contract Tower,18,25,16,0,59,0,0,41,0,41,18,25,57,0,100,6,0,6,106
07/06/2014,GPI,MT,ANM,WE,Federal Contract Tower,18,30,36,0,84,0,0,36,0,36,18,30,72,0,120,0,0,0,120
07/07/2014,GPI,MT,ANM,WE,Federal Contract Tower,19,31,25,4,79,0,0,29,2,31,19,31,54,6,110,76,10,86,196
07/08/2014,GPI,MT,ANM,WE,Federal Contract Tower,12,26,24,4,66,0,0,38,2,40,12,26,62,6,106,117,14,131,237
07/09/2014,GPI,MT,ANM,WE,Federal Contract Tower,17,29,39,0,85,0,0,53,0,53,17,29,92,0,138,80,0,80,218
07/10/2014,GPI,MT,ANM,WE,Federal Contract Tower,16,25,32,0,73,0,0,48,2,50,16,25,80,2,123,8,0,8,131
07/11/2014,GPI,MT,ANM,WE,Federal Contract Tower,14,25,20,3,62,0,0,55,2,57,14,25,75,5,119,84,0,84,203
07/12/2014,GPI,MT,ANM,WE,Federal Contract Tower,23,21,22,2,68,0,0,45,2,47,23,21,67,4,115,22,16,38,153
07/13/2014,GPI,MT,ANM,WE,Federal Contract Tower,18,22,23,0,63,0,0,35,0,35,18,22,58,0,98,38,0,38,136
07/14/2014,GPI,MT,ANM,WE,Federal Contract Tower,15,25,13,0,53,0,0,25,0,25,15,25,38,0,78,56,0,56,134
07/15/2014,GPI,MT,ANM,WE,Federal Contract Tower,14,25,4,0,43,0,0,40,2,42,14,25,44,2,85,72,0,72,157
07/16/2014,GPI,MT,ANM,WE,Federal Contract Tower,16,29,12,0,57,0,0,43,0,43,16,29,55,0,100,56,0,56,156
07/17/2014,GPI,MT,ANM,WE,Federal Contract Tower,17,29,24,2,72,0,0,41,0,41,17,29,65,2,113,64,0,64,177
07/18/2014,GPI,MT,ANM,WE,Federal Contract Tower,16,27,33,0,76,0,2,34,2,38,16,29,67,2,114,50,0,50,164
07/19/2014,GPI,MT,ANM,WE,Federal Contract Tower,25,21,19,0,65,0,0,11,0,11,25,21,30,0,76,14,0,14,90
07/20/2014,GPI,MT,ANM,WE,Federal Contract Tower,20,34,27,0,81,0,1,13,0,14,20,35,40,0,95,8,0,8,103
07/21/2014,GPI,MT,ANM,WE,Federal Contract Tower,19,32,25,0,76,0,1,36,4,41,19,33,61,4,117,32,6,38,155
07/22/2014,GPI,MT,ANM,WE,Federal Contract Tower,13,30,27,2,72,0,0,30,0,30,13,30,57,2,102,48,4,52,154
07/23/2014,GPI,MT,ANM,WE,Federal Contract Tower,14,26,12,1,53,0,0,33,1,34,14,26,45,2,87,52,0,52,139
07/24/2014,GPI,MT,ANM,WE,Federal Contract Tower,14,25,19,0,58,0,1,4,6,11,14,26,23,6,69,2,0,2,71
07/25/2014,GPI,MT,ANM,WE,Federal Contract Tower,16,29,22,3,70,0,0,51,3,54,16,29,73,6,124,84,4,88,212
07/26/2014,GPI,MT,ANM,WE,Federal Contract Tower,24,22,14,0,60,0,0,50,4,54,24,22,64,4,114,58,10,68,182
07/27/2014,GPI,MT,ANM,WE,Federal Contract Tower,19,26,28,1,74,0,1,48,0,49,19,27,76,1,123,24,0,24,147
07/28/2014,GPI,MT,ANM,WE,Federal Contract Tower,14,25,31,0,70,0,0,42,0,42,14,25,73,0,112,110,0,110,222
07/29/2014,GPI,MT,ANM,WE,Federal Contract Tower,13,32,12,2,59,0,0,34,0,34,13,32,46,2,93,70,16,86,179
07/30/2014,GPI,MT,ANM,WE,Federal Contract Tower,15,29,21,0,65,0,0,36,2,38,15,29,57,2,103,50,0,50,153
07/31/2014,GPI,MT,ANM,WE,Federal Contract Tower,16,30,32,0,78,0,0,62,0,62,16,30,94,0,140,68,0,68,208
08/01/2014,GPI,MT,ANM,WE,Federal Contract Tower,15,31,33,0,79,0,0,54,0,54,15,31,87,0,133,42,0,42,175
08/02/2014,GPI,MT,ANM,WE,Federal Contract Tower,24,20,15,0,59,0,0,19,6,25,24,20,34,6,84,0,10,10,94
08/03/2014,GPI,MT,ANM,WE,Federal Contract Tower,19,35,28,0,82,0,1,24,2,27,19,36,52,2,109,0,0,0,109
08/04/2014,GPI,MT,ANM,WE,Federal Contract Tower,17,26,26,0,69,0,0,50,1,51,17,26,76,1,120,22,0,22,142
08/05/2014,GPI,MT,ANM,WE,Federal Contract Tower,12,28,15,0,55,0,0,53,0,53,12,28,68,0,108,32,0,32,140
08/06/2014,GPI,MT,ANM,WE,Federal Contract Tower,14,28,19,4,65,0,0,38,1,39,14,28,57,5,104,34,18,52,156
08/07/2014,GPI,MT,ANM,WE,Federal Contract Tower,19,28,31,5,83,1,2,76,12,91,20,30,107,17,174,72,42,114,288
08/08/2014,GPI,MT,ANM,WE,Federal Contract Tower,15,22,23,0,60,0,3,48,2,53,15,25,71,2,113,22,0,22,135
08/09/2014,GPI,MT,ANM,WE,Federal Contract Tower,23,21,19,0,63,0,0,35,0,35,23,21,54,0,98,36,0,36,134
08/10/2014,GPI,MT,ANM,WE,Federal Contract Tower,20,23,32,0,75,0,0,53,2,55,20,23,85,2,130,2,0,2,132
08/11/2014,GPI,MT,ANM,WE,Federal Contract Tower,14,29,22,0,65,0,1,46,0,47,14,30,68,0,112,66,0,66,178
08/12/2014,GPI,MT,ANM,WE,Federal Contract Tower,12,24,20,0,56,0,0,26,0,26,12,24,46,0,82,34,0,34,116
08/13/2014,GPI,MT,ANM,WE,Federal Contract Tower,14,2,30,2,48,0,0,36,0,36,14,2,66,2,84,16,2,18,102
08/14/2014,GPI,MT,ANM,WE,Federal Contract Tower,17,34,24,6,81,0,1,37,2,40,17,35,61,8,121,36,4,40,161
08/15/2014,GPI,MT,ANM,WE,Federal Contract Tower,15,38,40,0,93,0,0,43,6,49,15,38,83,6,142,30,6,36,178
08/16/2014,GPI,MT,ANM,WE,Federal Contract Tower,24,27,29,0,80,0,0,20,0,20,24,27,49,0,100,12,0,12,112
08/17/2014,GPI,MT,ANM,WE,Federal Contract Tower,19,31,33,0,83,0,0,48,0,48,19,31,81,0,131,46,0,46,177
08/18/2014,GPI,MT,ANM,WE,Federal Contract Tower,14,30,19,3,66,0,0,34,2,36,14,30,53,5,102,30,26,56,158
08/19/2014,GPI,MT,ANM,WE,Federal Contract Tower,13,18,37,0,68,0,0,39,1,40,13,18,76,1,108,50,0,50,158
08/20/2014,GPI,MT,ANM,WE,Federal Contract Tower,15,25,20,1,61,0,0,37,3,40,15,25,57,4,101,10,18,28,129
08/21/2014,GPI,MT,ANM,WE,Federal Contract Tower,15,25,33,0,73,0,0,37,0,37,15,25,70,0,110,50,0,50,160
08/22/2014,GPI,MT,ANM,WE,Federal Contract Tower,17,20,24,2,63,0,0,8,3,11,17,20,32,5,74,4,4,8,82
08/23/2014,GPI,MT,ANM,WE,Federal Contract Tower,25,16,16,6,63,0,0,10,0,10,25,16,26,6,73,14,6,20,93
08/24/2014,GPI,MT,ANM,WE,Federal Contract Tower,17,24,21,0,62,0,2,28,0,30,17,26,49,0,92,24,0,24,116
08/25/2014,GPI,MT,ANM,WE,Federal Contract Tower,12,26,23,2,63,0,0,26,1,27,12,26,49,3,90,38,18,56,146
08/26/2014,GPI,MT,ANM,WE,Federal Contract Tower,7,23,8,0,38,0,0,41,1,42,7,23,49,1,80,42,2,44,124
08/27/2014,GPI,MT,ANM,WE,Federal Contract Tower,12,26,14,2,54,0,0,36,3,39,12,26,50,5,93,48,22,70,163
08/28/2014,GPI,MT,ANM,WE,Federal Contract Tower,15,29,33,3,80,0,0,41,10,51,15,29,74,13,131,52,64,116,247
08/29/2014,GPI,MT,ANM,WE,Federal Contract Tower,13,33,30,0,76,0,0,54,18,72,13,33,84,18,148,22,102,124,272
08/30/2014,GPI,MT,ANM,WE,Federal Contract Tower,24,12,9,0,45,0,1,43,18,62,24,13,52,18,107,142,124,266,373
08/31/2014,GPI,MT,ANM,WE,Federal Contract Tower,13,14,12,2,41,0,0,49,19,68,13,14,61,21,109,86,124,210,319
09/01/2014,GPI,MT,ANM,WE,Federal Contract Tower,11,33,25,2,71,0,0,30,1,31,11,33,55,3,102,24,0,24,126
09/02/2014,GPI,MT,ANM,WE,Federal Contract Tower,10,15,18,2,45,0,0,29,1,30,10,15,47,3,75,2,0,2,77
09/03/2014,GPI,MT,ANM,WE,Federal Contract Tower,12,23,17,0,52,0,1,5,0,6,12,24,22,0,58,0,0,0,58
09/04/2014,GPI,MT,ANM,WE,Federal Contract Tower,16,21,7,0,44,0,2,26,3,31,16,23,33,3,75,56,0,56,131
09/05/2014,GPI,MT,ANM,WE,Federal Contract Tower,12,25,18,0,55,0,0,29,0,29,12,25,47,0,84,44,0,44,128
09/06/2014,GPI,MT,ANM,WE,Federal Contract Tower,17,14,10,0,41,0,1,52,1,54,17,15,62,1,95,16,2,18,113
09/07/2014,GPI,MT,ANM,WE,Federal Contract Tower,16,21,13,0,50,0,0,31,0,31,16,21,44,0,81,40,0,40,121
09/08/2014,GPI,MT,ANM,WE,Federal Contract Tower,14,25,6,4,49,0,2,28,2,32,14,27,34,6,81,40,20,60,141
09/09/2014,GPI,MT,ANM,WE,Federal Contract Tower,11,14,13,3,41,0,0,15,0,15,11,14,28,3,56,26,6,32,88
09/10/2014,GPI,MT,ANM,WE,Federal Contract Tower,12,23,8,0,43,0,0,10,0,10,12,23,18,0,53,0,0,0,53
09/11/2014,GPI,MT,ANM,WE,Federal Contract Tower,14,18,18,5,55,0,0,47,4,51,14,18,65,9,106,84,32,116,222
09/12/2014,GPI,MT,ANM,WE,Federal Contract Tower,9,20,26,4,59,0,0,42,0,42,9,20,68,4,101,50,0,50,151
09/13/2014,GPI,MT,ANM,WE,Federal Contract Tower,15,18,11,0,44,0,1,41,2,44,15,19,52,2,88,2,2,4,92
09/14/2014,GPI,MT,ANM,WE,Federal Contract Tower,12,15,26,1,54,0,0,30,5,35,12,15,56,6,89,30,0,30,119
09/15/2014,GPI,MT,ANM,WE,Federal Contract Tower,11,19,14,2,46,0,0,22,0,22,11,19,36,2,68,22,2,24,92
09/16/2014,GPI,MT,ANM,WE,Federal Contract Tower,9,20,20,1,50,0,0,29,2,31,9,20,49,3,81,18,12,30,111
09/17/2014,GPI,MT,ANM,WE,Federal Contract Tower,12,20,15,13,60,0,3,16,0,19,12,23,31,13,79,30,18,48,127
09/18/2014,GPI,MT,ANM,WE,Federal Contract Tower,14,25,10,1,50,0,0,20,0,20,14,25,30,1,70,38,2,40,110
09/19/2014,GPI,MT,ANM,WE,Federal Contract Tower,11,24,26,0,61,0,0,27,0,27,11,24,53,0,88,12,0,12,100
09/20/2014,GPI,MT,ANM,WE,Federal Contract Tower,14,9,7,0,30,0,0,47,1,48,14,9,54,1,78,32,0,32,110
09/21/2014,GPI,MT,ANM,WE,Federal Contract Tower,11,15,16,0,42,0,0,33,1,34,11,15,49,1,76,12,0,12,88
09/22/2014,GPI,MT,ANM,WE,Federal Contract Tower,9,13,10,3,35,0,0,23,0,23,9,13,33,3,58,32,6,38,96
09/23/2014,GPI,MT,ANM,WE,Federal Contract Tower,8,14,14,3,39,0,0,22,0,22,8,14,36,3,61,28,8,36,97
09/24/2014,GPI,MT,ANM,WE,Federal Contract Tower,10,22,20,4,56,0,0,29,2,31,10,22,49,6,87,16,42,58,145
09/25/2014,GPI,MT,ANM,WE,Federal Contract Tower,15,15,13,0,43,0,0,31,0,31,15,15,44,0,74,32,0,32,106
09/26/2014,GPI,MT,ANM,WE,Federal Contract Tower,9,14,13,2,38,0,1,21,2,24,9,15,34,4,62,40,0,40,102
09/27/2014,GPI,MT,ANM,WE,Federal Contract Tower,11,13,6,0,30,0,0,14,0,14,11,13,20,0,44,10,0,10,54
09/28/2014,GPI,MT,ANM,WE,Federal Contract Tower,11,16,6,0,33,0,0,30,2,32,11,16,36,2,65,42,2,44,109
09/29/2014,GPI,MT,ANM,WE,Federal Contract Tower,10,18,6,0,34,0,0,26,0,26,10,18,32,0,60,58,0,58,118
09/30/2014,GPI,MT,ANM,WE,Federal Contract Tower,7,14,10,0,31,0,0,3,0,3,7,14,13,0,34,0,0,0,34
10/01/2014,GPI,MT,ANM,WE,Federal Contract Tower,10,23,12,0,45,0,2,14,0,16,10,25,26,0,61,36,0,36,97
10/02/2014,GPI,MT,ANM,WE,Federal Contract Tower,13,17,7,0,37,0,0,9,0,9,13,17,16,0,46,12,0,12,58
10/03/2014,GPI,MT,ANM,WE,Federal Contract Tower,7,24,4,0,35,0,3,38,0,41,7,27,42,0,76,60,0,60,136
10/04/2014,GPI,MT,ANM,WE,Federal Contract Tower,6,16,7,0,29,0,0,38,0,38,6,16,45,0,67,28,0,28,95
10/05/2014,GPI,MT,ANM,WE,Federal Contract Tower,14,11,9,0,34,0,2,15,3,20,14,13,24,3,54,2,0,2,56
10/06/2014,GPI,MT,ANM,WE,Federal Contract Tower,10,15,16,0,41,0,0,20,0,20,10,15,36,0,61,22,0,22,83
10/07/2014,GPI,MT,ANM,WE,Federal Contract Tower,8,14,14,0,36,0,0,14,0,14,8,14,28,0,50,12,0,12,62
10/08/2014,GPI,MT,ANM,WE,Federal Contract Tower,12,15,7,0,34,0,0,22,0,22,12,15,29,0,56,18,0,18,74
10/09/2014,GPI,MT,ANM,WE,Federal Contract Tower,11,20,12,0,43,0,0,29,0,29,11,20,41,0,72,44,0,44,116
10/10/2014,GPI,MT,ANM,WE,Federal Contract Tower,8,17,11,0,36,0,0,32,0,32,8,17,43,0,68,88,0,88,156
10/11/2014,GPI,MT,ANM,WE,Federal Contract Tower,8,11,4,0,23,0,0,8,0,8,8,11,12,0,31,46,0,46,77
10/12/2014,GPI,MT,ANM,WE,Federal Contract Tower,11,12,10,0,33,0,0,14,0,14,11,12,24,0,47,40,0,40,87
10/13/2014,GPI,MT,ANM,WE,Federal Contract Tower,9,20,21,0,50,0,2,9,0,11,9,22,30,0,61,0,0,0,61
10/14/2014,GPI,MT,ANM,WE,Federal Contract Tower,8,11,13,1,33,0,0,10,0,10,8,11,23,1,43,0,0,0,43
10/15/2014,GPI,MT,ANM,WE,Federal Contract Tower,10,15,7,3,35,0,0,6,0,6,10,15,13,3,41,32,0,32,73
10/16/2014,GPI,MT,ANM,WE,Federal Contract Tower,14,11,6,4,35,0,1,10,0,11,14,12,16,4,46,12,26,38,84
10/17/2014,GPI,MT,ANM,WE,Federal Contract Tower,9,15,8,0,32,0,0,19,0,19,9,15,27,0,51,0,0,0,51
10/18/2014,GPI,MT,ANM,WE,Federal Contract Tower,9,7,4,3,23,0,0,6,2,8,9,7,10,5,31,0,2,2,33
10/19/2014,GPI,MT,ANM,WE,Federal Contract Tower,12,11,14,2,39,0,1,30,0,31,12,12,44,2,70,18,0,18,88
10/20/2014,GPI,MT,ANM,WE,Federal Contract Tower,10,16,11,2,39,0,1,31,2,34,10,17,42,4,73,18,12,30,103
10/21/2014,GPI,MT,ANM,WE,Federal Contract Tower,7,14,12,0,33,0,0,2,0,2,7,14,14,0,35,2,0,2,37
10/22/2014,GPI,MT,ANM,WE,Federal Contract Tower,9,13,9,2,33,0,0,25,0,25,9,13,34,2,58,50,20,70,128
10/23/2014,GPI,MT,ANM,WE,Federal Contract Tower,12,16,14,2,44,0,0,3,0,3,12,16,17,2,47,0,2,2,49
10/24/2014,GPI,MT,ANM,WE,Federal Contract Tower,9,13,9,4,35,0,1,17,4,22,9,14,26,8,57,74,0,74,131
10/25/2014,GPI,MT,ANM,WE,Federal Contract Tower,8,9,2,0,19,0,0,38,0,38,8,9,40,0,57,50,0,50,107
10/26/2014,GPI,MT,ANM,WE,Federal Contract Tower,11,11,8,0,30,0,0,1,0,1,11,11,9,0,31,12,0,12,43
10/27/2014,GPI,MT,ANM,WE,Federal Contract Tower,10,11,9,0,30,0,0,3,0,3,10,11,12,0,33,8,0,8,41
10/28/2014,GPI,MT,ANM,WE,Federal Contract Tower,6,6,5,0,17,0,0,10,0,10,6,6,15,0,27,30,0,30,57
10/29/2014,GPI,MT,ANM,WE,Federal Contract Tower,10,11,12,0,33,0,0,7,0,7,10,11,19,0,40,42,0,42,82
10/30/2014,GPI,MT,ANM,WE,Federal Contract Tower,11,11,9,9,40,0,0,18,3,21,11,11,27,12,61,40,36,76,137
10/31/2014,GPI,MT,ANM,WE,Federal Contract Tower,9,11,5,3,28,0,1,20,4,25,9,12,25,7,53,28,6,34,87
11/01/2014,GPI,MT,ANM,WE,Federal Contract Tower,9,11,4,0,24,0,0,2,0,2,9,11,6,0,26,2,0,2,28
11/02/2014,GPI,MT,ANM,WE,Federal Contract Tower,9,15,5,0,29,0,0,0,0,0,9,15,5,0,29,0,0,0,29
11/03/2014,GPI,MT,ANM,WE,Federal Contract Tower,8,14,8,0,30,0,0,0,0,0,8,14,8,0,30,0,0,0,30
11/04/2014,GPI,MT,ANM,WE,Federal Contract Tower,7,14,10,0,31,0,0,5,0,5,7,14,15,0,36,0,0,0,36
11/05/2014,GPI,MT,ANM,WE,Federal Contract Tower,8,10,6,6,30,0,0,15,0,15,8,10,21,6,45,48,12,60,105
11/06/2014,GPI,MT,ANM,WE,Federal Contract Tower,10,12,4,2,28,0,0,15,2,17,10,12,19,4,45,24,20,44,89
11/07/2014,GPI,MT,ANM,WE,Federal Contract Tower,8,10,12,0,30,0,0,11,0,11,8,10,23,0,41,12,0,12,53
11/08/2014,GPI,MT,ANM,WE,Federal Contract Tower,5,7,6,1,19,0,0,14,0,14,5,7,20,1,33,6,0,6,39
11/09/2014,GPI,MT,ANM,WE,Federal Contract Tower,10,9,7,2,28,0,0,0,0,0,10,9,7,2,28,0,0,0,28
11/10/2014,GPI,MT,ANM,WE,Federal Contract Tower,7,12,10,0,29,0,0,1,0,1,7,12,11,0,30,0,0,0,30
11/11/2014,GPI,MT,ANM,WE,Federal Contract Tower,10,7,16,0,33,0,0,10,0,10,10,7,26,0,43,0,0,0,43
11/12/2014,GPI,MT,ANM,WE,Federal Contract Tower,8,13,7,0,28,0,0,22,0,22,8,13,29,0,50,10,0,10,60
11/13/2014,GPI,MT,ANM,WE,Federal Contract Tower,8,13,17,2,40,0,0,27,0,27,8,13,44,2,67,28,2,30,97
11/14/2014,GPI,MT,ANM,WE,Federal Contract Tower,8,14,9,0,31,0,0,16,0,16,8,14,25,0,47,18,0,18,65
11/15/2014,GPI,MT,ANM,WE,Federal Contract Tower,5,9,10,0,24,0,0,16,0,16,5,9,26,0,40,14,0,14,54
11/16/2014,GPI,MT,ANM,WE,Federal Contract Tower,10,5,10,0,25,0,0,18,0,18,10,5,28,0,43,18,0,18,61
11/17/2014,GPI,MT,ANM,WE,Federal Contract Tower,8,13,6,4,31,0,0,17,0,17,8,13,23,4,48,14,8,22,70
11/18/2014,GPI,MT,ANM,WE,Federal Contract Tower,7,10,12,6,35,0,0,16,2,18,7,10,28,8,53,50,20,70,123
11/19/2014,GPI,MT,ANM,WE,Federal Contract Tower,7,12,10,4,33,0,2,15,5,22,7,14,25,9,55,48,40,88,143
11/20/2014,GPI,MT,ANM,WE,Federal Contract Tower,9,11,4,0,24,0,0,0,0,0,9,11,4,0,24,0,0,0,24
11/21/2014,GPI,MT,ANM,WE,Federal Contract Tower,7,14,14,0,35,0,0,10,0,10,7,14,24,0,45,10,0,10,55
11/22/2014,GPI,MT,ANM,WE,Federal Contract Tower,5,9,0,0,14,0,0,5,0,5,5,9,5,0,19,10,0,10,29
11/23/2014,GPI,MT,ANM,WE,Federal Contract Tower,10,5,3,0,18,0,0,6,0,6,10,5,9,0,24,16,0,16,40
11/24/2014,GPI,MT,ANM,WE,Federal Contract Tower,7,13,18,2,40,0,10,2,0,12,7,23,20,2,52,9,6,15,67
11/25/2014,GPI,MT,ANM,WE,Federal Contract Tower,8,12,10,0,30,0,0,0,0,0,8,12,10,0,30,0,0,0,30
11/26/2014,GPI,MT,ANM,WE,Federal Contract Tower,9,14,8,0,31,0,0,0,0,0,9,14,8,0,31,0,0,0,31
11/27/2014,GPI,MT,ANM,WE,Federal Contract Tower,6,4,4,0,14,0,0,3,0,3,6,4,7,0,17,4,0,4,21
11/28/2014,GPI,MT,ANM,WE,Federal Contract Tower,9,10,1,0,20,0,0,0,0,0,9,10,1,0,20,0,0,0,20
11/29/2014,GPI,MT,ANM,WE,Federal Contract Tower,8,11,0,0,19,0,0,0,0,0,8,11,0,0,19,0,0,0,19
11/30/2014,GPI,MT,ANM,WE,Federal Contract Tower,10,8,21,0,39,0,0,11,0,11,10,8,32,0,50,0,0,0,50
12/01/2014,GPI,MT,ANM,WE,Federal Contract Tower,8,13,8,0,29,0,0,2,0,2,8,13,10,0,31,0,0,0,31
12/02/2014,GPI,MT,ANM,WE,Federal Contract Tower,8,9,7,0,24,0,0,3,0,3,8,9,10,0,27,0,0,0,27
12/03/2014,GPI,MT,ANM,WE,Federal Contract Tower,8,10,9,0,27,0,0,15,0,15,8,10,24,0,42,24,0,24,66
12/04/2014,GPI,MT,ANM,WE,Federal Contract Tower,11,10,5,0,26,0,0,1,0,1,11,10,6,0,27,0,0,0,27
12/05/2014,GPI,MT,ANM,WE,Federal Contract Tower,12,11,9,0,32,0,0,0,0,0,12,11,9,0,32,0,0,0,32
12/06/2014,GPI,MT,ANM,WE,Federal Contract Tower,6,7,3,0,16,0,0,0,0,0,6,7,3,0,16,0,0,0,16
12/07/2014,GPI,MT,ANM,WE,Federal Contract Tower,14,10,4,0,28,0,0,3,0,3,14,10,7,0,31,10,0,10,41
12/08/2014,GPI,MT,ANM,WE,Federal Contract Tower,4,2,3,0,9,0,0,4,0,4,4,2,7,0,13,0,0,0,13
12/09/2014,GPI,MT,ANM,WE,Federal Contract Tower,10,8,11,0,29,0,0,0,0,0,10,8,11,0,29,0,0,0,29
12/10/2014,GPI,MT,ANM,WE,Federal Contract Tower,8,9,15,0,32,0,0,10,0,10,8,9,25,0,42,0,0,0,42
12/11/2014,GPI,MT,ANM,WE,Federal Contract Tower,11,7,11,0,29,0,0,6,0,6,11,7,17,0,35,18,0,18,53
12/12/2014,GPI,MT,ANM,WE,Federal Contract Tower,10,12,10,0,32,0,0,23,0,23,10,12,33,0,55,46,0,46,101
12/13/2014,GPI,MT,ANM,WE,Federal Contract Tower,5,4,3,0,12,0,0,0,0,0,5,4,3,0,12,0,0,0,12
12/14/2014,GPI,MT,ANM,WE,Federal Contract Tower,7,3,3,0,13,0,0,13,0,13,7,3,16,0,26,22,0,22,48
12/15/2014,GPI,MT,ANM,WE,Federal Contract Tower,15,14,6,2,37,0,0,30,2,32,15,14,36,4,69,56,12,68,137
12/16/2014,GPI,MT,ANM,WE,Federal Contract Tower,7,15,5,4,31,0,0,18,0,18,7,15,23,4,49,38,20,58,107
12/17/2014,GPI,MT,ANM,WE,Federal Contract Tower,8,16,9,0,33,0,2,15,0,17,8,18,24,0,50,26,0,26,76
12/18/2014,GPI,MT,ANM,WE,Federal Contract Tower,12,20,13,0,45,0,0,5,0,5,12,20,18,0,50,2,0,2,52
12/19/2014,GPI,MT,ANM,WE,Federal Contract Tower,10,23,20,0,53,0,0,0,0,0,10,23,20,0,53,0,0,0,53
12/20/2014,GPI,MT,ANM,WE,Federal Contract Tower,14,19,20,0,53,0,0,6,0,6,14,19,26,0,59,2,0,2,61
12/21/2014,GPI,MT,ANM,WE,Federal Contract Tower,15,13,16,0,44,0,0,3,0,3,15,13,19,0,47,0,0,0,47
12/22/2014,GPI,MT,ANM,WE,Federal Contract Tower,13,20,25,0,58,0,2,16,0,18,13,22,41,0,76,28,0,28,104
12/23/2014,GPI,MT,ANM,WE,Federal Contract Tower,12,17,13,0,42,0,1,11,0,12,12,18,24,0,54,12,0,12,66
12/24/2014,GPI,MT,ANM,WE,Federal Contract Tower,11,15,5,0,31,0,0,0,0,0,11,15,5,0,31,0,0,0,31
12/25/2014,GPI,MT,ANM,WE,Federal Contract Tower,10,10,1,0,21,0,1,4,0,5,10,11,5,0,26,6,0,6,32
12/26/2014,GPI,MT,ANM,WE,Federal Contract Tower,13,20,21,0,54,0,0,9,0,9,13,20,30,0,63,0,0,0,63
12/27/2014,GPI,MT,ANM,WE,Federal Contract Tower,15,20,12,0,47,0,0,0,0,0,15,20,12,0,47,0,0,0,47
12/28/2014,GPI,MT,ANM,WE,Federal Contract Tower,14,16,14,0,44,0,0,1,0,1,14,16,15,0,45,0,0,0,45
12/29/2014,GPI,MT,ANM,WE,Federal Contract Tower,12,27,12,0,51,0,0,3,0,3,12,27,15,0,54,0,0,0,54
12/30/2014,GPI,MT,ANM,WE,Federal Contract Tower,12,13,14,3,42,0,0,13,0,13,12,13,27,3,55,16,12,28,83
12/31/2014,GPI,MT,ANM,WE,Federal Contract Tower,11,15,5,0,31,0,0,5,0,5,11,15,10,0,36,2,0,2,38
01/01/2015,GPI,MT,ANM,WE,Federal Contract Tower,10,7,2,0,19,0,0,6,0,6,10,7,8,0,25,0,0,0,25
01/02/2015,GPI,MT,ANM,WE,Federal Contract Tower,13,27,8,0,48,0,0,4,0,4,13,27,12,0,52,0,0,0,52
01/03/2015,GPI,MT,ANM,WE,Federal Contract Tower,15,19,13,0,47,0,0,0,0,0,15,19,13,0,47,0,0,0,47
01/04/2015,GPI,MT,ANM,WE,Federal Contract Tower,13,20,11,0,44,0,0,0,0,0,13,20,11,0,44,0,0,0,44
01/05/2015,GPI,MT,ANM,WE,Federal Contract Tower,10,21,7,3,41,0,0,0,0,0,10,21,7,3,41,0,4,4,45
01/06/2015,GPI,MT,ANM,WE,Federal Contract Tower,9,13,8,2,32,0,0,2,0,2,9,13,10,2,34,0,6,6,40
01/07/2015,GPI,MT,ANM,WE,Federal Contract Tower,8,14,8,4,34,0,1,7,0,8,8,15,15,4,42,0,10,10,52
01/08/2015,GPI,MT,ANM,WE,Federal Contract Tower,10,14,9,0,33,0,0,3,0,3,10,14,12,0,36,0,0,0,36
01/09/2015,GPI,MT,ANM,WE,Federal Contract Tower,8,12,10,2,32,0,0,10,0,10,8,12,20,2,42,24,30,54,96
01/10/2015,GPI,MT,ANM,WE,Federal Contract Tower,8,14,5,0,27,0,0,3,0,3,8,14,8,0,30,2,0,2,32
01/11/2015,GPI,MT,ANM,WE,Federal Contract Tower,10,8,3,0,21,0,0,2,0,2,10,8,5,0,23,6,0,6,29
01/12/2015,GPI,MT,ANM,WE,Federal Contract Tower,8,14,7,0,29,0,2,5,0,7,8,16,12,0,36,32,0,32,68
01/13/2015,GPI,MT,ANM,WE,Federal Contract Tower,8,10,10,4,32,0,5,1,9,15,8,15,11,13,47,14,58,72,119
01/14/2015,GPI,MT,ANM,WE,Federal Contract Tower,8,10,8,0,26,0,0,4,0,4,8,10,12,0,30,0,0,0,30
01/15/2015,GPI,MT,ANM,WE,Federal Contract Tower,11,18,20,3,52,0,0,4,0,4,11,18,24,3,56,0,6,6,62
01/16/2015,GPI,MT,ANM,WE,Federal Contract Tower,8,11,8,0,27,0,0,6,0,6,8,11,14,0,33,10,0,10,43
01/17/2015,GPI,MT,ANM,WE,Federal Contract Tower,7,11,6,0,24,0,1,17,0,18,7,12,23,0,42,10,0,10,52
01/18/2015,GPI,MT,ANM,WE,Federal Contract Tower,11,12,5,0,28,0,0,1,0,1,11,12,6,0,29,0,0,0,29
01/19/2015,GPI,MT,ANM,WE,Federal Contract Tower,10,9,10,0,29,0,0,7,0,7,10,9,17,0,36,23,0,23,59
01/20/2015,GPI,MT,ANM,WE,Federal Contract Tower,8,9,10,4,31,0,0,21,1,22,8,9,31,5,53,24,26,50,103
01/21/2015,GPI,MT,ANM,WE,Federal Contract Tower,8,9,8,3,28,0,0,23,5,28,8,9,31,8,56,20,40,60,116
01/22/2015,GPI,MT,ANM,WE,Federal Contract Tower,10,15,9,0,34,0,0,4,2,6,10,15,13,2,40,0,0,0,40
01/23/2015,GPI,MT,ANM,WE,Federal Contract Tower,8,11,9,2,30,0,0,3,0,3,8,11,12,2,33,2,16,18,51
01/24/2015,GPI,MT,ANM,WE,Federal Contract Tower,8,9,1,0,18,0,0,9,0,9,8,9,10,0,27,8,0,8,35
01/25/2015,GPI,MT,ANM,WE,Federal Contract Tower,10,9,8,0,27,0,0,12,0,12,10,9,20,0,39,20,0,20,59
01/26/2015,GPI,MT,ANM,WE,Federal Contract Tower,10,9,4,0,23,0,2,23,2,27,10,11,27,2,50,46,0,46,96
01/27/2015,GPI,MT,ANM,WE,Federal Contract Tower,8,10,6,0,24,0,0,19,0,19,8,10,25,0,43,14,0,14,57
01/28/2015,GPI,MT,ANM,WE,Federal Contract Tower,8,12,8,0,28,0,0,34,0,34,8,12,42,0,62,44,0,44,106
01/29/2015,GPI,MT,ANM,WE,Federal Contract Tower,9,15,13,0,37,0,0,29,0,29,9,15,42,0,66,14,0,14,80
01/30/2015,GPI,MT,ANM,WE,Federal Contract Tower,7,8,7,0,22,0,0,1,0,1,7,8,8,0,23,0,0,0,23
01/31/2015,GPI,MT,ANM,WE,Federal Contract Tower,10,14,5,0,29,0,0,11,0,11,10,14,16,0,40,8,0,8,48
02/01/2015,GPI,MT,ANM,WE,Federal Contract Tower,10,11,5,0,26,0,0,3,0,3,10,11,8,0,29,10,0,10,39
02/02/2015,GPI,MT,ANM,WE,Federal Contract Tower,10,10,6,0,26,0,2,3,0,5,10,12,9,0,31,4,0,4,35
02/03/2015,GPI,MT,ANM,WE,Federal Contract Tower,7,12,4,2,25,0,0,4,0,4,7,12,8,2,29,0,4,4,33
02/04/2015,GPI,MT,ANM,WE,Federal Contract Tower,8,11,6,3,28,0,0,17,0,17,8,11,23,3,45,14,4,18,63
02/05/2015,GPI,MT,ANM,WE,Federal Contract Tower,10,15,7,5,37,0,0,2,0,2,10,15,9,5,39,0,10,10,49
02/06/2015,GPI,MT,ANM,WE,Federal Contract Tower,8,14,6,4,32,0,0,5,0,5,8,14,11,4,37,6,6,12,49
02/07/2015,GPI,MT,ANM,WE,Federal Contract Tower,8,9,7,0,24,0,0,0,0,0,8,9,7,0,24,0,0,0,24
02/08/2015,GPI,MT,ANM,WE,Federal Contract Tower,10,7,6,0,23,0,0,9,0,9,10,7,15,0,32,24,0,24,56
02/09/2015,GPI,MT,ANM,WE,Federal Contract Tower,10,8,6,0,24,0,0,1,0,1,10,8,7,0,25,0,0,0,25
02/10/2015,GPI,MT,ANM,WE,Federal Contract Tower,8,13,6,0,27,0,0,1,0,1,8,13,7,0,28,2,0,2,30
02/11/2015,GPI,MT,ANM,WE,Federal Contract Tower,8,7,11,0,26,0,0,15,0,15,8,7,26,0,41,4,0,4,45
02/12/2015,GPI,MT,ANM,WE,Federal Contract Tower,10,14,13,1,38,0,0,19,4,23,10,14,32,5,61,34,16,50,111
02/13/2015,GPI,MT,ANM,WE,Federal Contract Tower,11,23,24,0,58,0,0,37,0,37,11,23,61,0,95,48,0,48,143
02/14/2015,GPI,MT,ANM,WE,Federal Contract Tower,9,10,7,0,26,0,0,13,0,13,9,10,20,0,39,24,0,24,63
02/15/2015,GPI,MT,ANM,WE,Federal Contract Tower,12,4,7,0,23,0,0,10,0,10,12,4,17,0,33,0,0,0,33
02/16/2015,GPI,MT,ANM,WE,Federal Contract Tower,11,14,12,2,39,0,0,32,0,32,11,14,44,2,71,10,0,10,81
02/17/2015,GPI,MT,ANM,WE,Federal Contract Tower,9,11,9,0,29,0,1,24,0,25,9,12,33,0,54,12,0,12,66
02/18/2015,GPI,MT,ANM,WE,Federal Contract Tower,7,18,10,6,41,0,0,39,2,41,7,18,49,8,82,50,18,68,150
02/19/2015,GPI,MT,ANM,WE,Federal Contract Tower,11,14,10,2,37,0,0,10,1,11,11,14,20,3,48,12,0,12,60
02/20/2015,GPI,MT,ANM,WE,Federal Contract Tower,9,10,9,0,28,0,0,3,0,3,9,10,12,0,31,0,0,0,31
02/21/2015,GPI,MT,ANM,WE,Federal Contract Tower,9,11,5,0,25,0,0,6,0,6,9,11,11,0,31,16,0,16,47
02/22/2015,GPI,MT,ANM,WE,Federal Contract Tower,8,15,2,0,25,0,0,24,0,24,8,15,26,0,49,20,0,20,69
02/23/2015,GPI,MT,ANM,WE,Federal Contract Tower,11,13,8,0,32,0,0,28,4,32,11,13,36,4,64,34,12,46,110
02/24/2015,GPI,MT,ANM,WE,Federal Contract Tower,10,12,3,1,26,0,0,19,0,19,10,12,22,1,45,24,4,28,73
02/25/2015,GPI,MT,ANM,WE,Federal Contract Tower,6,16,10,0,32,0,0,14,0,14,6,16,24,0,46,38,0,38,84
02/26/2015,GPI,MT,ANM,WE,Federal Contract Tower,10,11,11,0,32,0,0,13,0,13,10,11,24,0,45,16,0,16,61
02/27/2015,GPI,MT,ANM,WE,Federal Contract Tower,9,14,4,0,27,0,0,16,0,16,9,14,20,0,43,44,0,44,87
02/28/2015,GPI,MT,ANM,WE,Federal Contract Tower,9,5,4,0,18,0,1,15,0,16,9,6,19,0,34,18,0,18,52
03/01/2015,GPI,MT,ANM,WE,Federal Contract Tower,11,14,9,0,34,0,0,16,0,16,11,14,25,0,50,16,0,16,66
03/02/2015,GPI,MT,ANM,WE,Federal Contract Tower,8,12,3,0,23,0,0,0,0,0,8,12,3,0,23,0,0,0,23
03/03/2015,GPI,MT,ANM,WE,Federal Contract Tower,7,17,4,2,30,0,0,9,2,11,7,17,13,4,41,10,8,18,59
03/04/2015,GPI,MT,ANM,WE,Federal Contract Tower,7,22,6,4,39,0,0,19,4,23,7,22,25,8,62,36,24,60,122
03/05/2015,GPI,MT,ANM,WE,Federal Contract Tower,9,17,7,2,35,0,0,23,0,23,9,17,30,2,58,58,0,58,116
03/06/2015,GPI,MT,ANM,WE,Federal Contract Tower,7,20,13,0,40,0,1,19,0,20,7,21,32,0,60,28,0,28,88
03/07/2015,GPI,MT,ANM,WE,Federal Contract Tower,7,11,3,0,21,0,0,20,0,20,7,11,23,0,41,44,0,44,85
03/08/2015,GPI,MT,ANM,WE,Federal Contract Tower,7,8,10,0,25,0,0,16,0,16,7,8,26,0,41,10,0,10,51
03/09/2015,GPI,MT,ANM,WE,Federal Contract Tower,6,10,2,3,21,0,1,26,8,35,6,11,28,11,56,16,34,50,106
03/10/2015,GPI,MT,ANM,WE,Federal Contract Tower,5,13,17,1,36,0,0,20,0,20,5,13,37,1,56,20,4,24,80
03/11/2015,GPI,MT,ANM,WE,Federal Contract Tower,4,23,13,1,41,0,0,10,0,10,4,23,23,1,51,22,0,22,73
03/12/2015,GPI,MT,ANM,WE,Federal Contract Tower,6,12,10,0,28,0,1,8,0,9,6,13,18,0,37,8,0,8,45
03/13/2015,GPI,MT,ANM,WE,Federal Contract Tower,5,20,14,0,39,0,0,38,1,39,5,20,52,1,78,48,2,50,128
03/14/2015,GPI,MT,ANM,WE,Federal Contract Tower,6,12,3,0,21,0,0,10,0,10,6,12,13,0,31,54,0,54,85
03/15/2015,GPI,MT,ANM,WE,Federal Contract Tower,6,13,3,0,22,0,0,0,0,0,6,13,3,0,22,0,0,0,22
03/16/2015,GPI,MT,ANM,WE,Federal Contract Tower,6,10,15,0,31,0,0,12,0,12,6,10,27,0,43,8,0,8,51
03/17/2015,GPI,MT,ANM,WE,Federal Contract Tower,4,14,7,0,25,0,0,0,0,0,4,14,7,0,25,0,0,0,25
03/18/2015,GPI,MT,ANM,WE,Federal Contract Tower,4,19,5,2,30,0,2,18,0,20,4,21,23,2,50,0,4,4,54
03/19/2015,GPI,MT,ANM,WE,Federal Contract Tower,7,15,12,0,34,0,1,10,0,11,7,16,22,0,45,0,0,0,45
03/20/2015,GPI,MT,ANM,WE,Federal Contract Tower,6,21,6,2,35,0,0,34,6,40,6,21,40,8,75,40,20,60,135
03/21/2015,GPI,MT,ANM,WE,Federal Contract Tower,9,17,6,0,32,0,0,8,0,8,9,17,14,0,40,6,0,6,46
03/22/2015,GPI,MT,ANM,WE,Federal Contract Tower,6,12,7,0,25,0,0,22,0,22,6,12,29,0,47,16,0,16,63
03/23/2015,GPI,MT,ANM,WE,Federal Contract Tower,6,10,9,3,28,0,0,0,0,0,6,10,9,3,28,0,6,6,34
03/24/2015,GPI,MT,ANM,WE,Federal Contract Tower,5,15,2,5,27,0,0,12,0,12,5,15,14,5,39,64,8,72,111
03/25/2015,GPI,MT,ANM,WE,Federal Contract Tower,4,14,8,0,26,0,0,9,0,9,4,14,17,0,35,14,0,14,49
03/26/2015,GPI,MT,ANM,WE,Federal Contract Tower,7,15,10,0,32,0,0,5,0,5,7,15,15,0,37,0,0,0,37
03/27/2015,GPI,MT,ANM,WE,Federal Contract Tower,5,13,18,0,36,0,0,33,2,35,5,13,51,2,71,50,2,52,123
03/28/2015,GPI,MT,ANM,WE,Federal Contract Tower,7,10,5,0,22,0,0,0,0,0,7,10,5,0,22,0,0,0,22
03/29/2015,GPI,MT,ANM,WE,Federal Contract Tower,7,12,12,0,31,0,1,16,4,21,7,13,28,4,52,8,10,18,70
03/30/2015,GPI,MT,ANM,WE,Federal Contract Tower,6,13,8,0,27,0,0,27,0,27,6,13,35,0,54,74,0,74,128
03/31/2015,GPI,MT,ANM,WE,Federal Contract Tower,4,17,5,0,26,0,1,1,0,2,4,18,6,0,28,0,0,0,28
04/01/2015,GPI,MT,ANM,WE,Federal Contract Tower,4,16,2,0,22,0,0,1,0,1,4,16,3,0,23,8,0,8,31
04/02/2015,GPI,MT,ANM,WE,Federal Contract Tower,6,17,2,0,25,0,0,6,0,6,6,17,8,0,31,20,0,20,51
04/03/2015,GPI,MT,ANM,WE,Federal Contract Tower,4,14,6,0,24,0,0,8,0,8,4,14,14,0,32,18,0,18,50
04/04/2015,GPI,MT,ANM,WE,Federal Contract Tower,8,10,2,0,20,0,0,0,0,0,8,10,2,0,20,0,0,0,20
04/05/2015,GPI,MT,ANM,WE,Federal Contract Tower,6,8,3,0,17,0,0,10,0,10,6,8,13,0,27,6,0,6,33
04/06/2015,GPI,MT,ANM,WE,Federal Contract Tower,4,16,4,0,24,0,0,3,0,3,4,16,7,0,27,0,0,0,27
04/07/2015,GPI,MT,ANM,WE,Federal Contract Tower,5,13,5,0,23,0,0,14,0,14,5,13,19,0,37,10,0,10,47
04/08/2015,GPI,MT,ANM,WE,Federal Contract Tower,5,18,12,0,35,0,1,19,4,24,5,19,31,4,59,18,10,28,87
04/09/2015,GPI,MT,ANM,WE,Federal Contract Tower,6,10,5,6,27,0,0,22,0,22,6,10,27,6,49,70,6,76,125
04/10/2015,GPI,MT,ANM,WE,Federal Contract Tower,4,15,4,0,23,0,1,20,0,21,4,16,24,0,44,22,0,22,66
04/11/2015,GPI,MT,ANM,WE,Federal Contract Tower,7,8,4,0,19,0,0,1,0,1,7,8,5,0,20,0,0,0,20
04/12/2015,GPI,MT,ANM,WE,Federal Contract Tower,9,7,10,0,26,0,0,2,0,2,9,7,12,0,28,0,0,0,28
04/13/2015,GPI,MT,ANM,WE,Federal Contract Tower,8,9,7,0,24,0,0,37,0,37,8,9,44,0,61,42,0,42,103
04/14/2015,GPI,MT,ANM,WE,Federal Contract Tower,4,12,3,2,21,0,0,2,0,2,4,12,5,2,23,4,16,20,43
04/15/2015,GPI,MT,ANM,WE,Federal Contract Tower,6,14,2,2,24,0,0,6,1,7,6,14,8,3,31,0,14,14,45
04/16/2015,GPI,MT,ANM,WE,Federal Contract Tower,6,10,10,6,32,0,0,41,0,41,6,10,51,6,73,52,18,70,143
04/17/2015,GPI,MT,ANM,WE,Federal Contract Tower,4,11,7,2,24,0,0,28,4,32,4,11,35,6,56,20,8,28,84
04/18/2015,GPI,MT,ANM,WE,Federal Contract Tower,5,9,2,1,17,0,0,21,2,23,5,9,23,3,40,10,2,12,52
04/19/2015,GPI,MT,ANM,WE,Federal Contract Tower,6,12,4,0,22,0,0,31,0,31,6,12,35,0,53,8,0,8,61
04/20/2015,GPI,MT,ANM,WE,Federal Contract Tower,5,12,1,0,18,0,0,22,2,24,5,12,23,2,42,10,0,10,52
04/21/2015,GPI,MT,ANM,WE,Federal Contract Tower,4,13,0,0,17,0,0,43,0,43,4,13,43,0,60,44,0,44,104
04/22/2015,GPI,MT,ANM,WE,Federal Contract Tower,5,15,15,3,38,0,0,15,2,17,5,15,30,5,55,6,28,34,89
04/23/2015,GPI,MT,ANM,WE,Federal Contract Tower,7,11,4,3,25,0,0,24,1,25,7,11,28,4,50,32,14,46,96
04/24/2015,GPI,MT,ANM,WE,Federal Contract Tower,4,16,9,0,29,0,0,17,0,17,4,16,26,0,46,16,0,16,62
04/25/2015,GPI,MT,ANM,WE,Federal Contract Tower,6,6,4,0,16,0,1,13,0,14,6,7,17,0,30,12,0,12,42
04/26/2015,GPI,MT,ANM,WE,Federal Contract Tower,6,11,8,1,26,0,0,16,0,16,6,11,24,1,42,0,2,2,44
04/27/2015,GPI,MT,ANM,WE,Federal Contract Tower,4,16,13,1,34,0,0,38,0,38,4,16,51,1,72,30,0,30,102
04/28/2015,GPI,MT,ANM,WE,Federal Contract Tower,4,10,15,0,29,0,0,41,0,41,4,10,56,0,70,34,0,34,104
04/29/2015,GPI,MT,ANM,WE,Federal Contract Tower,4,13,13,5,35,0,1,32,3,36,4,14,45,8,71,14,32,46,117
04/30/2015,GPI,MT,ANM,WE,Federal Contract Tower,8,8,7,0,23,0,0,19,1,20,8,8,26,1,43,2,0,2,45
05/01/2015,GPI,MT,ANM,WE,Federal Contract Tower,6,18,5,8,37,0,0,11,2,13,6,18,16,10,50,14,20,34,84
05/02/2015,GPI,MT,ANM,WE,Federal Contract Tower,6,6,4,0,16,0,1,26,1,28,6,7,30,1,44,2,0,2,46
05/03/2015,GPI,MT,ANM,WE,Federal Contract Tower,7,12,6,0,25,0,0,29,1,30,7,12,35,1,55,32,0,32,87
05/04/2015,GPI,MT,ANM,WE,Federal Contract Tower,5,18,6,0,29,0,1,35,1,37,5,19,41,1,66,22,0,22,88
05/05/2015,GPI,MT,ANM,WE,Federal Contract Tower,5,9,11,2,27,0,0,19,2,21,5,9,30,4,48,0,22,22,70
05/06/2015,GPI,MT,ANM,WE,Federal Contract Tower,5,17,11,8,41,0,1,17,2,20,5,18,28,10,61,22,72,94,155
05/07/2015,GPI,MT,ANM,WE,Federal Contract Tower,7,13,12,4,36,0,0,35,8,43,7,13,47,12,79,0,32,32,111
05/08/2015,GPI,MT,ANM,WE,Federal Contract Tower,5,20,8,1,34,0,0,16,1,17,5,20,24,2,51,26,10,36,87
05/09/2015,GPI,MT,ANM,WE,Federal Contract Tower,4,13,5,0,22,0,0,31,0,31,4,13,36,0,53,22,0,22,75
05/10/2015,GPI,MT,ANM,WE,Federal Contract Tower,7,13,8,2,30,0,0,21,1,22,7,13,29,3,52,16,14,30,82
05/11/2015,GPI,MT,ANM,WE,Federal Contract Tower,6,15,4,0,25,0,0,5,0,5,6,15,9,0,30,24,0,24,54
05/12/2015,GPI,MT,ANM,WE,Federal Contract Tower,5,13,12,3,33,0,0,21,2,23,5,13,33,5,56,14,12,26,82
05/13/2015,GPI,MT,ANM,WE,Federal Contract Tower,5,16,8,0,29,0,0,12,0,12,5,16,20,0,41,0,0,0,41
05/14/2015,GPI,MT,ANM,WE,Federal Contract Tower,6,17,12,0,35,0,0,27,2,29,6,17,39,2,64,14,12,26,90
05/15/2015,GPI,MT,ANM,WE,Federal Contract Tower,4,18,16,6,44,0,0,23,2,25,4,18,39,8,69,16,4,20,89
05/16/2015,GPI,MT,ANM,WE,Federal Contract Tower,5,12,7,0,24,0,1,16,0,17,5,13,23,0,41,8,0,8,49
05/17/2015,GPI,MT,ANM,WE,Federal Contract Tower,8,9,15,0,32,0,1,4,0,5,8,10,19,0,37,0,0,0,37
05/18/2015,GPI,MT,ANM,WE,Federal Contract Tower,4,23,6,4,37,0,1,27,3,31,4,24,33,7,68,36,8,44,112
05/19/2015,GPI,MT,ANM,WE,Federal Contract Tower,4,19,12,3,38,0,0,33,4,37,4,19,45,7,75,30,28,58,133
05/20/2015,GPI,MT,ANM,WE,Federal Contract Tower,4,12,9,2,27,0,2,28,3,33,4,14,37,5,60,2,22,24,84
05/21/2015,GPI,MT,ANM,WE,Federal Contract Tower,6,14,8,0,28,0,0,51,1,52,6,14,59,1,80,18,2,20,100
05/22/2015,GPI,MT,ANM,WE,Federal Contract Tower,4,14,20,0,38,0,0,71,0,71,4,14,91,0,109,48,0,48,157
05/23/2015,GPI,MT,ANM,WE,Federal Contract Tower,6,9,7,0,22,0,1,18,0,19,6,10,25,0,41,4,0,4,45
05/24/2015,GPI,MT,ANM,WE,Federal Contract Tower,6,7,8,0,21,0,0,39,0,39,6,7,47,0,60,18,0,18,78
05/25/2015,GPI,MT,ANM,WE,Federal Contract Tower,6,14,14,0,34,0,1,19,0,20,6,15,33,0,54,12,0,12,66
05/26/2015,GPI,MT,ANM,WE,Federal Contract Tower,4,11,13,0,28,0,0,7,0,7,4,11,20,0,35,2,0,2,37
05/27/2015,GPI,MT,ANM,WE,Federal Contract Tower,4,20,11,7,42,0,1,14,0,15,4,21,25,7,57,6,8,14,71
05/28/2015,GPI,MT,ANM,WE,Federal Contract Tower,6,18,11,6,41,0,0,16,4,20,6,18,27,10,61,6,20,26,87
05/29/2015,GPI,MT,ANM,WE,Federal Contract Tower,4,15,12,3,34,0,5,21,2,28,4,20,33,5,62,6,4,10,72
05/30/2015,GPI,MT,ANM,WE,Federal Contract Tower,4,9,6,0,19,0,0,11,0,11,4,9,17,0,30,6,0,6,36
05/31/2015,GPI,MT,ANM,WE,Federal Contract Tower,7,7,12,0,26,0,0,21,0,21,7,7,33,0,47,12,0,12,59
06/01/2015,GPI,MT,ANM,WE,Federal Contract Tower,5,17,8,0,30,0,0,9,0,9,5,17,17,0,39,4,0,4,43
06/02/2015,GPI,MT,ANM,WE,Federal Contract Tower,5,14,4,2,25,0,0,2,4,6,5,14,6,6,31,0,14,14,45
06/03/2015,GPI,MT,ANM,WE,Federal Contract Tower,7,13,3,2,25,0,0,16,0,16,7,13,19,2,41,14,24,38,79
06/04/2015,GPI,MT,ANM,WE,Federal Contract Tower,9,12,5,1,27,0,0,17,0,17,9,12,22,1,44,30,0,30,74
06/05/2015,GPI,MT,ANM,WE,Federal Contract Tower,7,16,8,1,32,0,1,27,2,30,7,17,35,3,62,12,0,12,74
06/06/2015,GPI,MT,ANM,WE,Federal Contract Tower,8,14,12,2,36,0,0,22,8,30,8,14,34,10,66,38,24,62,128
06/07/2015,GPI,MT,ANM,WE,Federal Contract Tower,16,10,9,0,35,0,0,25,0,25,16,10,34,0,60,88,0,88,148
06/08/2015,GPI,MT,ANM,WE,Federal Contract Tower,9,14,9,0,32,0,1,30,0,31,9,15,39,0,63,32,0,32,95
06/09/2015,GPI,MT,ANM,WE,Federal Contract Tower,9,18,6,0,33,0,2,26,0,28,9,20,32,0,61,14,0,14,75
06/10/2015,GPI,MT,ANM,WE,Federal Contract Tower,11,14,22,4,51,0,0,28,0,28,11,14,50,4,79,12,2,14,93
06/11/2015,GPI,MT,ANM,WE,Federal Contract Tower,13,12,7,0,32,0,0,24,5,29,13,12,31,5,61,18,0,18,79
06/12/2015,GPI,MT,ANM,WE,Federal Contract Tower,10,16,7,1,34,0,0,16,0,16,10,16,23,1,50,0,0,0,50
06/13/2015,GPI,MT,ANM,WE,Federal Contract Tower,11,9,7,1,28,0,0,39,1,40,11,9,46,2,68,0,12,12,80
06/14/2015,GPI,MT,ANM,WE,Federal Contract Tower,15,13,13,0,41,0,0,13,0,13,15,13,26,0,54,10,0,10,64
06/15/2015,GPI,MT,ANM,WE,Federal Contract Tower,17,17,8,0,42,0,0,28,2,30,17,17,36,2,72,26,0,26,98
06/16/2015,GPI,MT,ANM,WE,Federal Contract Tower,11,18,9,4,42,0,2,34,6,42,11,20,43,10,84,10,22,32,116
06/17/2015,GPI,MT,ANM,WE,Federal Contract Tower,13,17,15,1,46,0,0,18,2,20,13,17,33,3,66,0,20,20,86
06/18/2015,GPI,MT,ANM,WE,Federal Contract Tower,15,18,9,0,42,0,0,34,0,34,15,18,43,0,76,4,0,4,80
06/19/2015,GPI,MT,ANM,WE,Federal Contract Tower,12,18,16,0,46,0,2,28,0,30,12,20,44,0,76,0,0,0,76
06/20/2015,GPI,MT,ANM,WE,Federal Contract Tower,16,14,14,0,44,0,1,30,0,31,16,15,44,0,75,6,0,6,81
06/21/2015,GPI,MT,ANM,WE,Federal Contract Tower,16,14,10,0,40,0,1,35,0,36,16,15,45,0,76,0,0,0,76
06/22/2015,GPI,MT,ANM,WE,Federal Contract Tower,15,12,19,0,46,0,1,57,0,58,15,13,76,0,104,32,0,32,136
06/23/2015,GPI,MT,ANM,WE,Federal Contract Tower,12,19,7,2,40,0,0,25,3,28,12,19,32,5,68,22,0,22,90
06/24/2015,GPI,MT,ANM,WE,Federal Contract Tower,14,25,20,1,60,0,0,26,2,28,14,25,46,3,88,8,30,38,126
06/25/2015,GPI,MT,ANM,WE,Federal Contract Tower,15,19,21,0,55,0,0,41,0,41,15,19,62,0,96,54,0,54,150
06/26/2015,GPI,MT,ANM,WE,Federal Contract Tower,14,19,12,5,50,0,1,34,0,35,14,20,46,5,85,20,0,20,105
06/27/2015,GPI,MT,ANM,WE,Federal Contract Tower,18,11,16,0,45,0,0,50,0,50,18,11,66,0,95,24,0,24,119
06/28/2015,GPI,MT,ANM,WE,Federal Contract Tower,17,17,15,0,49,0,0,30,2,32,17,17,45,2,81,14,4,18,99
06/29/2015,GPI,MT,ANM,WE,Federal Contract Tower,13,24,15,1,53,0,1,49,2,52,13,25,64,3,105,32,0,32,137
06/30/2015,GPI,MT,ANM,WE,Federal Contract Tower,11,21,22,0,54,0,2,29,0,31,11,23,51,0,85,38,0,38,123
07/01/2015,GPI,MT,ANM,WE,Federal Contract Tower,14,25,15,2,56,0,4,40,0,44,14,29,55,2,100,26,22,48,148
07/02/2015,GPI,MT,ANM,WE,Federal Contract Tower,16,32,27,0,75,0,1,52,4,57,16,33,79,4,132,32,6,38,170
07/03/2015,GPI,MT,ANM,WE,Federal Contract Tower,16,15,14,0,45,0,1,47,0,48,16,16,61,0,93,56,0,56,149
07/04/2015,GPI,MT,ANM,WE,Federal Contract Tower,19,9,5,0,33,0,0,19,1,20,19,9,24,1,53,0,0,0,53
07/05/2015,GPI,MT,ANM,WE,Federal Contract Tower,18,25,20,0,63,0,0,17,0,17,18,25,37,0,80,0,0,0,80
07/06/2015,GPI,MT,ANM,WE,Federal Contract Tower,14,31,28,0,73,0,0,52,0,52,14,31,80,0,125,64,0,64,189
07/07/2015,GPI,MT,ANM,WE,Federal Contract Tower,12,22,26,2,62,0,0,3,4,7,12,22,29,6,69,12,6,18,87
07/08/2015,GPI,MT,ANM,WE,Federal Contract Tower,16,23,19,0,58,0,0,35,0,35,16,23,54,0,93,4,0,4,97
07/09/2015,GPI,MT,ANM,WE,Federal Contract Tower,16,19,19,5,59,0,0,40,2,42,16,19,59,7,101,36,14,50,151
07/10/2015,GPI,MT,ANM,WE,Federal Contract Tower,15,23,13,0,51,0,1,30,0,31,15,24,43,0,82,22,0,22,104
07/11/2015,GPI,MT,ANM,WE,Federal Contract Tower,18,19,13,0,50,0,0,19,0,19,18,19,32,0,69,14,0,14,83
07/12/2015,GPI,MT,ANM,WE,Federal Contract Tower,16,20,24,1,61,0,1,25,3,29,16,21,49,4,90,10,4,14,104
07/13/2015,GPI,MT,ANM,WE,Federal Contract Tower,18,21,20,0,59,0,0,31,6,37,18,21,51,6,96,22,0,22,118
07/14/2015,GPI,MT,ANM,WE,Federal Contract Tower,13,22,17,4,56,0,0,20,2,22,13,22,37,6,78,24,14,38,116
07/15/2015,GPI,MT,ANM,WE,Federal Contract Tower,14,29,15,1,59,0,1,49,3,53,14,30,64,4,112,58,8,66,178
07/16/2015,GPI,MT,ANM,WE,Federal Contract Tower,19,20,29,0,68,0,0,42,2,44,19,20,71,2,112,50,0,50,162
07/17/2015,GPI,MT,ANM,WE,Federal Contract Tower,13,23,29,2,67,0,7,32,2,41,13,30,61,4,108,2,30,32,140
07/18/2015,GPI,MT,ANM,WE,Federal Contract Tower,16,23,23,3,65,0,0,46,1,47,16,23,69,4,112,0,0,0,112
07/19/2015,GPI,MT,ANM,WE,Federal Contract Tower,18,15,30,0,63,0,1,50,0,51,18,16,80,0,114,46,0,46,160
07/20/2015,GPI,MT,ANM,WE,Federal Contract Tower,14,24,14,0,52,0,0,21,0,21,14,24,35,0,73,16,0,16,89
07/21/2015,GPI,MT,ANM,WE,Federal Contract Tower,12,25,18,3,58,0,0,25,4,29,12,25,43,7,87,10,12,22,109
07/22/2015,GPI,MT,ANM,WE,Federal Contract Tower,14,25,24,4,67,0,0,57,2,59,14,25,81,6,126,32,20,52,178
07/23/2015,GPI,MT,ANM,WE,Federal Contract Tower,16,20,28,5,69,0,0,63,34,97,16,20,91,39,166,20,60,80,246
07/24/2015,GPI,MT,ANM,WE,Federal Contract Tower,14,24,25,0,63,0,1,59,12,72,14,25,84,12,135,8,0,8,143
07/25/2015,GPI,MT,ANM,WE,Federal Contract Tower,19,22,13,1,55,0,0,38,3,41,19,22,51,4,96,2,0,2,98
07/26/2015,GPI,MT,ANM,WE,Federal Contract Tower,19,27,28,0,74,0,0,18,3,21,19,27,46,3,95,26,0,26,121
07/27/2015,GPI,MT,ANM,WE,Federal Contract Tower,14,23,25,0,62,0,0,16,0,16,14,23,41,0,78,22,0,22,100
07/28/2015,GPI,MT,ANM,WE,Federal Contract Tower,12,26,21,3,62,0,1,34,5,40,12,27,55,8,102,18,12,30,132
07/29/2015,GPI,MT,ANM,WE,Federal Contract Tower,14,28,23,5,70,0,3,38,12,53,14,31,61,17,123,20,16,36,159
07/30/2015,GPI,MT,ANM,WE,Federal Contract Tower,17,34,37,4,92,0,2,57,10,69,17,36,94,14,161,10,22,32,193
07/31/2015,GPI,MT,ANM,WE,Federal Contract Tower,14,34,29,0,77,0,1,43,7,51,14,35,72,7,128,8,0,8,136
08/01/2015,GPI,MT,ANM,WE,Federal Contract Tower,22,18,16,0,56,0,1,64,7,72,22,19,80,7,128,34,0,34,162
08/02/2015,GPI,MT,ANM,WE,Federal Contract Tower,23,23,26,0,72,0,1,28,5,34,23,24,54,5,106,4,0,4,110
08/03/2015,GPI,MT,ANM,WE,Federal Contract Tower,17,28,32,0,77,0,1,21,0,22,17,29,53,0,99,8,0,8,107
08/04/2015,GPI,MT,ANM,WE,Federal Contract Tower,14,28,13,2,57,0,2,19,2,23,14,30,32,4,80,16,2,18,98
08/05/2015,GPI,MT,ANM,WE,Federal Contract Tower,16,20,19,5,60,0,0,31,4,35,16,20,50,9,95,16,40,56,151
08/06/2015,GPI,MT,ANM,WE,Federal Contract Tower,16,26,24,0,66,0,0,29,0,29,16,26,53,0,95,2,0,2,97
08/07/2015,GPI,MT,ANM,WE,Federal Contract Tower,17,27,31,2,77,0,0,56,3,59,17,27,87,5,136,4,14,18,154
08/08/2015,GPI,MT,ANM,WE,Federal Contract Tower,20,12,17,0,49,0,1,39,1,41,20,13,56,1,90,26,0,26,116
08/09/2015,GPI,MT,ANM,WE,Federal Contract Tower,23,32,22,1,78,0,0,48,1,49,23,32,70,2,127,14,0,14,141
08/10/2015,GPI,MT,ANM,WE,Federal Contract Tower,19,26,23,2,70,0,0,28,2,30,19,26,51,4,100,6,6,12,112
08/11/2015,GPI,MT,ANM,WE,Federal Contract Tower,12,21,12,4,49,1,2,42,0,45,13,23,54,4,94,12,0,12,106
08/12/2015,GPI,MT,ANM,WE,Federal Contract Tower,16,37,26,1,80,0,3,27,6,36,16,40,53,7,116,22,8,30,146
08/13/2015,GPI,MT,ANM,WE,Federal Contract Tower,19,23,37,2,81,0,2,26,4,32,19,25,63,6,113,6,2,8,121
08/14/2015,GPI,MT,ANM,WE,Federal Contract Tower,15,27,26,2,70,0,1,40,18,59,15,28,66,20,129,6,24,30,159
08/15/2015,GPI,MT,ANM,WE,Federal Contract Tower,20,23,27,2,72,0,2,32,5,39,20,25,59,7,111,44,0,44,155
08/16/2015,GPI,MT,ANM,WE,Federal Contract Tower,29,17,35,0,81,0,3,37,2,42,29,20,72,2,123,8,0,8,131
08/17/2015,GPI,MT,ANM,WE,Federal Contract Tower,16,24,20,0,60,0,2,28,3,33,16,26,48,3,93,22,0,22,115
08/18/2015,GPI,MT,ANM,WE,Federal Contract Tower,14,22,25,4,65,0,3,27,0,30,14,25,52,4,95,0,8,8,103
08/19/2015,GPI,MT,ANM,WE,Federal Contract Tower,15,24,24,2,65,0,2,35,8,45,15,26,59,10,110,8,44,52,162
08/20/2015,GPI,MT,ANM,WE,Federal Contract Tower,16,30,28,1,75,0,4,13,0,17,16,34,41,1,92,0,0,0,92
08/21/2015,GPI,MT,ANM,WE,Federal Contract Tower,16,31,31,1,79,0,9,11,0,20,16,40,42,1,99,0,0,0,99
08/22/2015,GPI,MT,ANM,WE,Federal Contract Tower,19,14,21,0,54,0,11,45,0,56,19,25,66,0,110,16,0,16,126
08/23/2015,GPI,MT,ANM,WE,Federal Contract Tower,19,27,40,0,86,0,1,5,0,6,19,28,45,0,92,0,0,0,92
08/24/2015,GPI,MT,ANM,WE,Federal Contract Tower,12,22,24,0,58,0,0,3,0,3,12,22,27,0,61,0,0,0,61
08/25/2015,GPI,MT,ANM,WE,Federal Contract Tower,17,21,22,0,60,0,0,8,0,8,17,21,30,0,68,0,0,0,68
08/26/2015,GPI,MT,ANM,WE,Federal Contract Tower,17,20,25,0,62,0,1,7,2,10,17,21,32,2,72,6,0,6,78
08/27/2015,GPI,MT,ANM,WE,Federal Contract Tower,16,22,31,2,71,0,0,2,0,2,16,22,33,2,73,0,0,0,73
08/28/2015,GPI,MT,ANM,WE,Federal Contract Tower,14,21,31,3,69,0,0,8,0,8,14,21,39,3,77,0,0,0,77
08/29/2015,GPI,MT,ANM,WE,Federal Contract Tower,19,19,16,0,54,0,2,2,3,7,19,21,18,3,61,0,0,0,61
08/30/2015,GPI,MT,ANM,WE,Federal Contract Tower,21,20,9,0,50,0,0,10,0,10,21,20,19,0,60,0,0,0,60
08/31/2015,GPI,MT,ANM,WE,Federal Contract Tower,13,28,19,2,62,0,2,24,4,30,13,30,43,6,92,14,0,14,106
09/01/2015,GPI,MT,ANM,WE,Federal Contract Tower,11,18,17,0,46,0,3,34,3,40,11,21,51,3,86,12,0,12,98
09/02/2015,GPI,MT,ANM,WE,Federal Contract Tower,12,20,14,0,46,0,1,13,0,14,12,21,27,0,60,6,0,6,66
09/03/2015,GPI,MT,ANM,WE,Federal Contract Tower,15,23,21,1,60,0,1,13,2,16,15,24,34,3,76,18,2,20,96
09/04/2015,GPI,MT,ANM,WE,Federal Contract Tower,12,23,34,0,69,0,0,25,0,25,12,23,59,0,94,18,0,18,112
09/05/2015,GPI,MT,ANM,WE,Federal Contract Tower,13,9,8,0,30,0,0,0,0,0,13,9,8,0,30,0,0,0,30
09/06/2015,GPI,MT,ANM,WE,Federal Contract Tower,13,8,13,4,38,0,0,18,2,20,13,8,31,6,58,0,4,4,62
09/07/2015,GPI,MT,ANM,WE,Federal Contract Tower,14,16,25,0,55,0,0,13,0,13,14,16,38,0,68,12,0,12,80
09/08/2015,GPI,MT,ANM,WE,Federal Contract Tower,10,13,25,0,48,0,0,19,0,19,10,13,44,0,67,24,0,24,91
09/09/2015,GPI,MT,ANM,WE,Federal Contract Tower,10,17,15,1,43,0,0,25,5,30,10,17,40,6,73,32,18,50,123
09/10/2015,GPI,MT,ANM,WE,Federal Contract Tower,12,26,18,0,56,0,0,33,0,33,12,26,51,0,89,6,0,6,95
09/11/2015,GPI,MT,ANM,WE,Federal Contract Tower,10,23,22,0,55,0,0,41,1,42,10,23,63,1,97,30,12,42,139
09/12/2015,GPI,MT,ANM,WE,Federal Contract Tower,11,13,3,0,27,0,0,33,2,35,11,13,36,2,62,0,0,0,62
09/13/2015,GPI,MT,ANM,WE,Federal Contract Tower,12,19,13,0,44,0,0,29,0,29,12,19,42,0,73,8,0,8,81
09/14/2015,GPI,MT,ANM,WE,Federal Contract Tower,10,21,16,0,47,0,0,21,0,21,10,21,37,0,68,6,0,6,74
09/15/2015,GPI,MT,ANM,WE,Federal Contract Tower,10,18,11,4,43,0,1,28,6,35,10,19,39,10,78,14,8,22,100
09/16/2015,GPI,MT,ANM,WE,Federal Contract Tower,10,23,8,3,44,0,0,19,0,19,10,23,27,3,63,14,0,14,77
09/17/2015,GPI,MT,ANM,WE,Federal Contract Tower,12,16,13,2,43,0,0,29,0,29,12,16,42,2,72,16,20,36,108
09/18/2015,GPI,MT,ANM,WE,Federal Contract Tower,10,29,14,1,54,0,2,16,2,20,10,31,30,3,74,6,2,8,82
09/19/2015,GPI,MT,ANM,WE,Federal Contract Tower,12,9,12,0,33,0,0,24,0,24,12,9,36,0,57,6,0,6,63
09/20/2015,GPI,MT,ANM,WE,Federal Contract Tower,10,18,9,0,37,0,0,20,1,21,10,18,29,1,58,14,0,14,72
09/21/2015,GPI,MT,ANM,WE,Federal Contract Tower,11,18,9,3,41,0,0,19,0,19,11,18,28,3,60,2,0,2,62
09/22/2015,GPI,MT,ANM,WE,Federal Contract Tower,11,17,10,2,40,0,1,23,0,24,11,18,33,2,64,24,2,26,90
09/23/2015,GPI,MT,ANM,WE,Federal Contract Tower,10,15,8,6,39,0,2,15,3,20,10,17,23,9,59,14,52,66,125
09/24/2015,GPI,MT,ANM,WE,Federal Contract Tower,10,11,14,1,36,0,0,23,2,25,10,11,37,3,61,24,0,24,85
09/25/2015,GPI,MT,ANM,WE,Federal Contract Tower,8,15,21,0,44,0,0,40,0,40,8,15,61,0,84,24,0,24,108
09/26/2015,GPI,MT,ANM,WE,Federal Contract Tower,8,10,5,0,23,0,0,9,0,9,8,10,14,0,32,2,0,2,34
09/27/2015,GPI,MT,ANM,WE,Federal Contract Tower,8,15,8,0,31,0,0,26,2,28,8,15,34,2,59,16,0,16,75
09/28/2015,GPI,MT,ANM,WE,Federal Contract Tower,8,14,6,0,28,0,0,19,2,21,8,14,25,2,49,10,2,12,61
09/29/2015,GPI,MT,ANM,WE,Federal Contract Tower,7,12,6,1,26,0,0,31,2,33,7,12,37,3,59,22,0,22,81
09/30/2015,GPI,MT,ANM,WE,Federal Contract Tower,8,13,7,0,28,0,2,19,0,21,8,15,26,0,49,54,0,54,103
10/01/2015,GPI,MT,ANM,WE,Federal Contract Tower,11,15,12,0,38,0,0,23,0,23,11,15,35,0,61,56,0,56,117
10/02/2015,GPI,MT,ANM,WE,Federal Contract Tower,8,16,12,0,36,0,0,30,0,30,8,16,42,0,66,38,0,38,104
10/03/2015,GPI,MT,ANM,WE,Federal Contract Tower,8,10,9,0,27,0,0,5,3,8,8,10,14,3,35,0,0,0,35
10/04/2015,GPI,MT,ANM,WE,Federal Contract Tower,12,12,9,0,33,0,0,32,0,32,12,12,41,0,65,8,0,8,73
10/05/2015,GPI,MT,ANM,WE,Federal Contract Tower,8,21,14,1,44,0,0,20,4,24,8,21,34,5,68,26,18,44,112
10/06/2015,GPI,MT,ANM,WE,Federal Contract Tower,6,20,14,0,40,0,1,12,0,13,6,21,26,0,53,18,0,18,71
10/07/2015,GPI,MT,ANM,WE,Federal Contract Tower,10,14,8,2,34,0,1,14,2,17,10,15,22,4,51,26,2,28,79
10/08/2015,GPI,MT,ANM,WE,Federal Contract Tower,10,11,10,0,31,0,0,7,0,7,10,11,17,0,38,0,0,0,38
10/09/2015,GPI,MT,ANM,WE,Federal Contract Tower,8,16,7,0,31,0,1,39,0,40,8,17,46,0,71,12,0,12,83
10/10/2015,GPI,MT,ANM,WE,Federal Contract Tower,7,10,6,0,23,0,0,27,0,27,7,10,33,0,50,16,0,16,66
10/11/2015,GPI,MT,ANM,WE,Federal Contract Tower,12,8,13,0,33,0,0,4,0,4,12,8,17,0,37,10,0,10,47
10/12/2015,GPI,MT,ANM,WE,Federal Contract Tower,8,13,10,0,31,0,0,25,0,25,8,13,35,0,56,4,0,4,60
10/13/2015,GPI,MT,ANM,WE,Federal Contract Tower,6,19,11,0,36,0,1,17,0,18,6,20,28,0,54,16,0,16,70
10/14/2015,GPI,MT,ANM,WE,Federal Contract Tower,8,13,8,1,30,0,2,31,0,33,8,15,39,1,63,10,2,12,75
10/15/2015,GPI,MT,ANM,WE,Federal Contract Tower,10,13,17,1,41,0,0,33,0,33,10,13,50,1,74,22,6,28,102
10/16/2015,GPI,MT,ANM,WE,Federal Contract Tower,8,13,7,0,28,0,0,32,0,32,8,13,39,0,60,20,0,20,80
10/17/2015,GPI,MT,ANM,WE,Federal Contract Tower,8,9,8,1,26,0,0,16,2,18,8,9,24,3,44,20,6,26,70
10/18/2015,GPI,MT,ANM,WE,Federal Contract Tower,10,10,12,0,32,0,0,9,0,9,10,10,21,0,41,12,0,12,53
10/19/2015,GPI,MT,ANM,WE,Federal Contract Tower,11,7,7,0,25,0,0,6,4,10,11,7,13,4,35,20,0,20,55
10/20/2015,GPI,MT,ANM,WE,Federal Contract Tower,6,15,8,0,29,0,0,12,1,13,6,15,20,1,42,12,0,12,54
10/21/2015,GPI,MT,ANM,WE,Federal Contract Tower,8,14,17,0,39,0,0,14,0,14,8,14,31,0,53,12,0,12,65
10/22/2015,GPI,MT,ANM,WE,Federal Contract Tower,10,15,12,0,37,0,1,25,0,26,10,16,37,0,63,14,0,14,77
10/23/2015,GPI,MT,ANM,WE,Federal Contract Tower,8,12,9,0,29,0,1,21,0,22,8,13,30,0,51,16,0,16,67
10/24/2015,GPI,MT,ANM,WE,Federal Contract Tower,8,6,2,0,16,0,1,24,0,25,8,7,26,0,41,8,0,8,49
10/25/2015,GPI,MT,ANM,WE,Federal Contract Tower,9,7,6,1,23,0,0,16,0,16,9,7,22,1,39,4,0,4,43
10/26/2015,GPI,MT,ANM,WE,Federal Contract Tower,8,10,4,1,23,0,0,0,2,2,8,10,4,3,25,0,0,0,25
10/27/2015,GPI,MT,ANM,WE,Federal Contract Tower,6,16,11,0,33,0,0,5,0,5,6,16,16,0,38,0,0,0,38
10/28/2015,GPI,MT,ANM,WE,Federal Contract Tower,8,14,14,1,37,0,0,6,0,6,8,14,20,1,43,2,2,4,47
10/29/2015,GPI,MT,ANM,WE,Federal Contract Tower,10,12,8,0,30,0,0,2,0,2,10,12,10,0,32,0,0,0,32
10/30/2015,GPI,MT,ANM,WE,Federal Contract Tower,8,16,8,0,32,0,0,0,0,0,8,16,8,0,32,0,0,0,32
10/31/2015,GPI,MT,ANM,WE,Federal Contract Tower,9,9,1,0,19,0,0,0,0,0,9,9,1,0,19,0,0,0,19
11/01/2015,GPI,MT,ANM,WE,Federal Contract Tower,10,10,10,0,30,0,0,9,0,9,10,10,19,0,39,0,0,0,39
11/02/2015,GPI,MT,ANM,WE,Federal Contract Tower,7,14,4,0,25,0,0,6,0,6,7,14,10,0,31,16,0,16,47
11/03/2015,GPI,MT,ANM,WE,Federal Contract Tower,5,15,14,4,38,0,0,8,0,8,5,15,22,4,46,6,16,22,68
11/04/2015,GPI,MT,ANM,WE,Federal Contract Tower,5,14,13,3,35,0,0,22,1,23,5,14,35,4,58,14,8,22,80
11/05/2015,GPI,MT,ANM,WE,Federal Contract Tower,10,18,9,4,41,0,0,0,0,0,10,18,9,4,41,0,4,4,45
11/06/2015,GPI,MT,ANM,WE,Federal Contract Tower,8,19,11,0,38,0,0,10,0,10,8,19,21,0,48,10,0,10,58
11/07/2015,GPI,MT,ANM,WE,Federal Contract Tower,5,14,4,0,23,0,0,34,0,34,5,14,38,0,57,24,0,24,81
11/08/2015,GPI,MT,ANM,WE,Federal Contract Tower,9,13,10,2,34,0,0,8,0,8,9,13,18,2,42,14,0,14,56
11/09/2015,GPI,MT,ANM,WE,Federal Contract Tower,7,16,1,2,26,0,0,1,2,3,7,16,2,4,29,0,10,10,39
11/10/2015,GPI,MT,ANM,WE,Federal Contract Tower,5,11,11,0,27,0,0,14,0,14,5,11,25,0,41,26,0,26,67
11/11/2015,GPI,MT,ANM,WE,Federal Contract Tower,5,16,8,0,29,0,0,4,1,5,5,16,12,1,34,0,0,0,34
11/12/2015,GPI,MT,ANM,WE,Federal Contract Tower,8,13,10,3,34,0,0,19,2,21,8,13,29,5,55,14,12,26,81
11/13/2015,GPI,MT,ANM,WE,Federal Contract Tower,7,17,8,0,32,0,0,0,0,0,7,17,8,0,32,0,0,0,32
11/14/2015,GPI,MT,ANM,WE,Federal Contract Tower,5,9,0,0,14,0,0,5,0,5,5,9,5,0,19,8,0,8,27
11/15/2015,GPI,MT,ANM,WE,Federal Contract Tower,8,12,11,0,31,0,0,19,0,19,8,12,30,0,50,4,0,4,54
11/16/2015,GPI,MT,ANM,WE,Federal Contract Tower,7,12,5,2,26,0,0,5,0,5,7,12,10,2,31,0,4,4,35
11/17/2015,GPI,MT,ANM,WE,Federal Contract Tower,3,12,3,0,18,0,0,0,0,0,3,12,3,0,18,0,0,0,18
11/18/2015,GPI,MT,ANM,WE,Federal Contract Tower,5,15,5,5,30,0,0,8,0,8,5,15,13,5,38,2,8,10,48
11/19/2015,GPI,MT,ANM,WE,Federal Contract Tower,9,14,10,0,33,0,1,11,0,12,9,15,21,0,45,6,0,6,51
11/20/2015,GPI,MT,ANM,WE,Federal Contract Tower,8,14,8,0,30,0,0,11,0,11,8,14,19,0,41,2,0,2,43
11/21/2015,GPI,MT,ANM,WE,Federal Contract Tower,5,8,11,0,24,0,2,23,0,25,5,10,34,0,49,14,0,14,63
11/22/2015,GPI,MT,ANM,WE,Federal Contract Tower,9,6,8,0,23,0,0,18,0,18,9,6,26,0,41,4,0,4,45
11/23/2015,GPI,MT,ANM,WE,Federal Contract Tower,9,5,1,2,17,0,0,7,0,7,9,5,8,2,24,2,0,2,26
11/24/2015,GPI,MT,ANM,WE,Federal Contract Tower,9,10,6,0,25,0,0,0,0,0,9,10,6,0,25,0,0,0,25
11/25/2015,GPI,MT,ANM,WE,Federal Contract Tower,9,18,9,1,37,0,0,14,0,14,9,18,23,1,51,12,0,12,63
11/26/2015,GPI,MT,ANM,WE,Federal Contract Tower,4,4,0,0,8,0,0,8,0,8,4,4,8,0,16,4,0,4,20
11/27/2015,GPI,MT,ANM,WE,Federal Contract Tower,9,10,2,0,21,0,0,4,0,4,9,10,6,0,25,14,0,14,39
11/28/2015,GPI,MT,ANM,WE,Federal Contract Tower,9,9,5,0,23,0,0,0,0,0,9,9,5,0,23,0,0,0,23
11/29/2015,GPI,MT,ANM,WE,Federal Contract Tower,10,2,13,0,25,0,0,0,0,0,10,2,13,0,25,0,0,0,25
11/30/2015,GPI,MT,ANM,WE,Federal Contract Tower,7,15,9,0,31,0,0,0,0,0,7,15,9,0,31,0,0,0,31
12/01/2015,GPI,MT,ANM,WE,Federal Contract Tower,3,14,13,4,34,0,0,1,0,1,3,14,14,4,35,4,0,4,39
12/02/2015,GPI,MT,ANM,WE,Federal Contract Tower,3,13,10,4,30,0,0,0,0,0,3,13,10,4,30,0,0,0,30
12/03/2015,GPI,MT,ANM,WE,Federal Contract Tower,8,14,8,0,30,0,0,11,0,11,8,14,19,0,41,0,0,0,41
12/04/2015,GPI,MT,ANM,WE,Federal Contract Tower,8,13,6,4,31,0,0,4,0,4,8,13,10,4,35,0,0,0,35
12/05/2015,GPI,MT,ANM,WE,Federal Contract Tower,3,7,3,1,14,0,0,20,1,21,3,7,23,2,35,12,0,12,47
12/06/2015,GPI,MT,ANM,WE,Federal Contract Tower,9,9,10,0,28,0,0,1,6,7,9,9,11,6,35,14,0,14,49
12/07/2015,GPI,MT,ANM,WE,Federal Contract Tower,7,15,4,0,26,0,0,0,2,2,7,15,4,2,28,0,0,0,28
12/08/2015,GPI,MT,ANM,WE,Federal Contract Tower,3,12,7,2,24,0,0,1,0,1,3,12,8,2,25,0,14,14,39
12/09/2015,GPI,MT,ANM,WE,Federal Contract Tower,3,15,15,0,33,0,0,5,0,5,3,15,20,0,38,10,0,10,48
12/10/2015,GPI,MT,ANM,WE,Federal Contract Tower,9,16,12,0,37,0,0,2,0,2,9,16,14,0,39,0,0,0,39
12/11/2015,GPI,MT,ANM,WE,Federal Contract Tower,7,16,10,2,35,0,0,4,1,5,7,16,14,3,40,0,2,2,42
12/12/2015,GPI,MT,ANM,WE,Federal Contract Tower,5,13,3,2,23,0,0,8,0,8,5,13,11,2,31,0,0,0,31
12/13/2015,GPI,MT,ANM,WE,Federal Contract Tower,9,8,6,0,23,0,0,6,0,6,9,8,12,0,29,0,0,0,29
12/14/2015,GPI,MT,ANM,WE,Federal Contract Tower,6,10,9,1,26,0,1,4,0,5,6,11,13,1,31,0,10,10,41
12/15/2015,GPI,MT,ANM,WE,Federal Contract Tower,3,13,11,8,35,0,0,8,0,8,3,13,19,8,43,14,16,30,73
12/16/2015,GPI,MT,ANM,WE,Federal Contract Tower,2,21,8,6,37,0,1,4,0,5,2,22,12,6,42,0,4,4,46
12/17/2015,GPI,MT,ANM,WE,Federal Contract Tower,7,18,9,6,40,0,2,11,4,17,7,20,20,10,57,28,34,62,119
12/18/2015,GPI,MT,ANM,WE,Federal Contract Tower,7,26,10,2,45,0,0,0,0,0,7,26,10,2,45,0,0,0,45
12/19/2015,GPI,MT,ANM,WE,Federal Contract Tower,12,13,18,0,43,0,2,5,0,7,12,15,23,0,50,8,0,8,58
12/20/2015,GPI,MT,ANM,WE,Federal Contract Tower,11,14,10,0,35,0,0,10,1,11,11,14,20,1,46,24,0,24,70
12/21/2015,GPI,MT,ANM,WE,Federal Contract Tower,10,17,14,0,41,0,0,10,0,10,10,17,24,0,51,4,0,4,55
12/22/2015,GPI,MT,ANM,WE,Federal Contract Tower,10,22,17,0,49,0,0,0,0,0,10,22,17,0,49,0,0,0,49
12/23/2015,GPI,MT,ANM,WE,Federal Contract Tower,11,24,11,1,47,0,0,0,0,0,11,24,11,1,47,0,0,0,47
12/24/2015,GPI,MT,ANM,WE,Federal Contract Tower,7,14,2,0,23,0,0,0,0,0,7,14,2,0,23,0,0,0,23
12/25/2015,GPI,MT,ANM,WE,Federal Contract Tower,8,6,0,0,14,0,0,0,0,0,8,6,0,0,14,0,0,0,14
12/26/2015,GPI,MT,ANM,WE,Federal Contract Tower,12,21,11,0,44,0,0,13,0,13,12,21,24,0,57,24,0,24,81
12/27/2015,GPI,MT,ANM,WE,Federal Contract Tower,11,20,12,1,44,0,0,4,1,5,11,20,16,2,49,0,2,2,51
12/28/2015,GPI,MT,ANM,WE,Federal Contract Tower,13,21,22,0,56,0,0,0,0,0,13,21,22,0,56,0,0,0,56
12/29/2015,GPI,MT,ANM,WE,Federal Contract Tower,10,18,24,2,54,0,0,5,0,5,10,18,29,2,59,4,0,4,63
12/30/2015,GPI,MT,ANM,WE,Federal Contract Tower,12,31,18,0,61,0,0,4,0,4,12,31,22,0,65,12,0,12,77
12/31/2015,GPI,MT,ANM,WE,Federal Contract Tower,6,14,14,0,34,0,0,6,0,6,6,14,20,0,40,32,0,32,72
01/01/2016,GPI,MT,ANM,WE,Federal Contract Tower,7,14,6,0,27,0,0,2,0,2,7,14,8,0,29,2,0,2,31
01/02/2016,GPI,MT,ANM,WE,Federal Contract Tower,14,16,20,0,50,0,0,2,0,2,14,16,22,0,52,4,0,4,56
01/03/2016,GPI,MT,ANM,WE,Federal Contract Tower,13,26,17,0,56,0,0,5,0,5,13,26,22,0,61,12,0,12,73
01/04/2016,GPI,MT,ANM,WE,Federal Contract Tower,11,19,10,2,42,0,0,31,6,37,11,19,41,8,79,20,16,36,115
01/05/2016,GPI,MT,ANM,WE,Federal Contract Tower,3,20,6,2,31,0,0,13,4,17,3,20,19,6,48,0,2,2,50
01/06/2016,GPI,MT,ANM,WE,Federal Contract Tower,7,15,11,0,33,0,0,1,0,1,7,15,12,0,34,0,0,0,34
01/07/2016,GPI,MT,ANM,WE,Federal Contract Tower,12,13,3,0,28,0,0,0,0,0,12,13,3,0,28,0,0,0,28
01/08/2016,GPI,MT,ANM,WE,Federal Contract Tower,13,14,13,2,42,0,0,9,0,9,13,14,22,2,51,14,2,16,67
01/09/2016,GPI,MT,ANM,WE,Federal Contract Tower,7,12,9,4,32,0,2,4,0,6,7,14,13,4,38,10,4,14,52
01/10/2016,GPI,MT,ANM,WE,Federal Contract Tower,11,11,14,0,36,0,2,10,0,12,11,13,24,0,48,10,0,10,58
01/11/2016,GPI,MT,ANM,WE,Federal Contract Tower,9,7,13,0,29,0,0,4,0,4,9,7,17,0,33,8,0,8,41
01/12/2016,GPI,MT,ANM,WE,Federal Contract Tower,5,13,8,0,26,0,2,13,6,21,5,15,21,6,47,22,0,22,69
01/13/2016,GPI,MT,ANM,WE,Federal Contract Tower,7,11,13,2,33,0,0,3,0,3,7,11,16,2,36,20,4,24,60
01/14/2016,GPI,MT,ANM,WE,Federal Contract Tower,11,13,11,0,35,0,0,0,0,0,11,13,11,0,35,0,0,0,35
01/15/2016,GPI,MT,ANM,WE,Federal Contract Tower,9,14,11,0,34,0,0,1,0,1,9,14,12,0,35,4,0,4,39
01/16/2016,GPI,MT,ANM,WE,Federal Contract Tower,6,12,1,0,19,0,0,3,0,3,6,12,4,0,22,0,0,0,22
01/17/2016,GPI,MT,ANM,WE,Federal Contract Tower,11,7,2,0,20,0,0,0,0,0,11,7,2,0,20,0,0,0,20
01/18/2016,GPI,MT,ANM,WE,Federal Contract Tower,9,13,8,0,30,0,0,7,0,7,9,13,15,0,37,0,0,0,37
01/19/2016,GPI,MT,ANM,WE,Federal Contract Tower,5,8,6,1,20,0,0,14,0,14,5,8,20,1,34,26,0,26,60
01/20/2016,GPI,MT,ANM,WE,Federal Contract Tower,7,12,11,0,30,0,0,2,0,2,7,12,13,0,32,0,0,0,32
01/21/2016,GPI,MT,ANM,WE,Federal Contract Tower,11,12,15,0,38,0,0,1,0,1,11,12,16,0,39,0,0,0,39
01/22/2016,GPI,MT,ANM,WE,Federal Contract Tower,9,15,7,0,31,0,0,4,0,4,9,15,11,0,35,0,0,0,35
01/23/2016,GPI,MT,ANM,WE,Federal Contract Tower,5,8,6,0,19,0,0,7,0,7,5,8,13,0,26,0,0,0,26
01/24/2016,GPI,MT,ANM,WE,Federal Contract Tower,11,10,7,0,28,0,0,6,0,6,11,10,13,0,34,0,0,0,34
01/25/2016,GPI,MT,ANM,WE,Federal Contract Tower,9,9,14,0,32,0,0,18,2,20,9,9,32,2,52,4,18,22,74
01/26/2016,GPI,MT,ANM,WE,Federal Contract Tower,5,11,7,0,23,0,2,8,0,10,5,13,15,0,33,16,0,16,49
01/27/2016,GPI,MT,ANM,WE,Federal Contract Tower,9,14,9,0,32,0,0,13,0,13,9,14,22,0,45,14,0,14,59
01/28/2016,GPI,MT,ANM,WE,Federal Contract Tower,11,13,14,0,38,0,0,2,0,2,11,13,16,0,40,0,0,0,40
01/29/2016,GPI,MT,ANM,WE,Federal Contract Tower,9,10,2,4,25,0,0,5,0,5,9,10,7,4,30,16,4,20,50
01/30/2016,GPI,MT,ANM,WE,Federal Contract Tower,5,11,4,0,20,0,0,11,0,11,5,11,15,0,31,12,0,12,43
01/31/2016,GPI,MT,ANM,WE,Federal Contract Tower,13,10,13,0,36,0,0,2,0,2,13,10,15,0,38,6,0,6,44
02/01/2016,GPI,MT,ANM,WE,Federal Contract Tower,7,11,8,0,26,0,0,5,0,5,7,11,13,0,31,2,0,2,33
02/02/2016,GPI,MT,ANM,WE,Federal Contract Tower,7,6,7,0,20,0,0,2,0,2,7,6,9,0,22,0,0,0,22
02/03/2016,GPI,MT,ANM,WE,Federal Contract Tower,7,13,8,0,28,0,0,16,0,16,7,13,24,0,44,38,0,38,82
02/04/2016,GPI,MT,ANM,WE,Federal Contract Tower,10,11,10,0,31,0,0,7,0,7,10,11,17,0,38,10,0,10,48
02/05/2016,GPI,MT,ANM,WE,Federal Contract Tower,9,14,13,0,36,0,0,23,0,23,9,14,36,0,59,10,0,10,69
02/06/2016,GPI,MT,ANM,WE,Federal Contract Tower,5,11,7,0,23,0,0,5,0,5,5,11,12,0,28,0,0,0,28
02/07/2016,GPI,MT,ANM,WE,Federal Contract Tower,8,11,3,0,22,0,0,11,0,11,8,11,14,0,33,14,0,14,47
02/08/2016,GPI,MT,ANM,WE,Federal Contract Tower,9,8,4,0,21,0,0,7,0,7,9,8,11,0,28,14,0,14,42
02/09/2016,GPI,MT,ANM,WE,Federal Contract Tower,5,12,8,0,25,0,0,29,0,29,5,12,37,0,54,46,0,46,100
02/10/2016,GPI,MT,ANM,WE,Federal Contract Tower,7,13,5,0,25,0,1,11,0,12,7,14,16,0,37,42,0,42,79
02/11/2016,GPI,MT,ANM,WE,Federal Contract Tower,9,14,10,0,33,0,0,20,1,21,9,14,30,1,54,16,0,16,70
02/12/2016,GPI,MT,ANM,WE,Federal Contract Tower,8,24,23,0,55,0,0,1,0,1,8,24,24,0,56,0,0,0,56
02/13/2016,GPI,MT,ANM,WE,Federal Contract Tower,8,21,4,0,33,0,0,4,0,4,8,21,8,0,37,2,0,2,39
02/14/2016,GPI,MT,ANM,WE,Federal Contract Tower,12,8,6,0,26,0,0,5,0,5,12,8,11,0,31,0,0,0,31
02/15/2016,GPI,MT,ANM,WE,Federal Contract Tower,9,18,25,0,52,0,1,13,0,14,9,19,38,0,66,4,0,4,70
02/16/2016,GPI,MT,ANM,WE,Federal Contract Tower,7,11,11,0,29,0,0,7,0,7,7,11,18,0,36,6,0,6,42
02/17/2016,GPI,MT,ANM,WE,Federal Contract Tower,7,9,14,0,30,0,0,16,0,16,7,9,30,0,46,26,0,26,72
02/18/2016,GPI,MT,ANM,WE,Federal Contract Tower,11,10,10,0,31,0,0,1,0,1,11,10,11,0,32,0,0,0,32
02/19/2016,GPI,MT,ANM,WE,Federal Contract Tower,9,9,16,3,37,0,0,15,0,15,9,9,31,3,52,22,0,22,74
02/20/2016,GPI,MT,ANM,WE,Federal Contract Tower,4,11,4,0,19,0,0,6,0,6,4,11,10,0,25,18,0,18,43
02/21/2016,GPI,MT,ANM,WE,Federal Contract Tower,11,13,11,0,35,0,2,28,2,32,11,15,39,2,67,4,0,4,71
02/22/2016,GPI,MT,ANM,WE,Federal Contract Tower,9,11,2,0,22,0,0,9,2,11,9,11,11,2,33,0,0,0,33
02/23/2016,GPI,MT,ANM,WE,Federal Contract Tower,7,14,7,0,28,0,0,30,0,30,7,14,37,0,58,32,0,32,90
02/24/2016,GPI,MT,ANM,WE,Federal Contract Tower,7,8,11,3,29,0,3,13,0,16,7,11,24,3,45,24,4,28,73
02/25/2016,GPI,MT,ANM,WE,Federal Contract Tower,11,14,10,2,37,0,0,28,0,28,11,14,38,2,65,30,38,68,133
02/26/2016,GPI,MT,ANM,WE,Federal Contract Tower,10,14,11,0,35,0,0,44,0,44,10,14,55,0,79,42,0,42,121
02/27/2016,GPI,MT,ANM,WE,Federal Contract Tower,5,12,2,0,19,0,1,7,0,8,5,13,9,0,27,24,0,24,51
02/28/2016,GPI,MT,ANM,WE,Federal Contract Tower,12,7,14,0,33,0,1,6,0,7,12,8,20,0,40,0,0,0,40
02/29/2016,GPI,MT,ANM,WE,Federal Contract Tower,10,8,8,2,28,0,0,2,0,2,10,8,10,2,30,0,4,4,34
03/01/2016,GPI,MT,ANM,WE,Federal Contract Tower,7,10,9,0,26,0,0,4,0,4,7,10,13,0,30,6,0,6,36
03/02/2016,GPI,MT,ANM,WE,Federal Contract Tower,4,18,7,0,29,0,0,2,0,2,4,18,9,0,31,18,0,18,49
03/03/2016,GPI,MT,ANM,WE,Federal Contract Tower,11,15,11,0,37,0,1,5,0,6,11,16,16,0,43,6,0,6,49
03/04/2016,GPI,MT,ANM,WE,Federal Contract Tower,6,14,4,1,25,0,1,23,3,27,6,15,27,4,52,20,2,22,74
03/05/2016,GPI,MT,ANM,WE,Federal Contract Tower,6,9,2,1,18,0,0,8,0,8,6,9,10,1,26,0,0,0,26
03/06/2016,GPI,MT,ANM,WE,Federal Contract Tower,12,11,6,0,29,0,0,0,0,0,12,11,6,0,29,0,0,0,29
03/07/2016,GPI,MT,ANM,WE,Federal Contract Tower,8,9,6,0,23,0,0,22,0,22,8,9,28,0,45,20,0,20,65
03/08/2016,GPI,MT,ANM,WE,Federal Contract Tower,4,13,8,0,25,0,0,5,0,5,4,13,13,0,30,10,0,10,40
03/09/2016,GPI,MT,ANM,WE,Federal Contract Tower,4,17,10,1,32,0,1,18,0,19,4,18,28,1,51,18,0,18,69
03/10/2016,GPI,MT,ANM,WE,Federal Contract Tower,8,15,11,2,36,0,0,6,1,7,8,15,17,3,43,0,6,6,49
03/11/2016,GPI,MT,ANM,WE,Federal Contract Tower,7,15,14,0,36,0,0,29,0,29,7,15,43,0,65,6,0,6,71
03/12/2016,GPI,MT,ANM,WE,Federal Contract Tower,6,12,5,0,23,0,0,4,0,4,6,12,9,0,27,0,0,0,27
03/13/2016,GPI,MT,ANM,WE,Federal Contract Tower,6,11,8,0,25,0,0,18,0,18,6,11,26,0,43,22,0,22,65
03/14/2016,GPI,MT,ANM,WE,Federal Contract Tower,4,12,10,0,26,0,1,0,0,1,4,13,10,0,27,0,0,0,27
03/15/2016,GPI,MT,ANM,WE,Federal Contract Tower,4,18,4,0,26,0,0,2,0,2,4,18,6,0,28,0,0,0,28
03/16/2016,GPI,MT,ANM,WE,Federal Contract Tower,4,14,12,0,30,0,0,5,0,5,4,14,17,0,35,0,0,0,35
03/17/2016,GPI,MT,ANM,WE,Federal Contract Tower,7,11,5,0,23,0,0,5,0,5,7,11,10,0,28,6,0,6,34
03/18/2016,GPI,MT,ANM,WE,Federal Contract Tower,4,15,15,0,34,0,0,35,0,35,4,15,50,0,69,18,0,18,87
03/19/2016,GPI,MT,ANM,WE,Federal Contract Tower,6,13,3,1,23,0,0,45,0,45,6,13,48,1,68,40,0,40,108
03/20/2016,GPI,MT,ANM,WE,Federal Contract Tower,6,11,12,0,29,0,0,19,2,21,6,11,31,2,50,18,0,18,68
03/21/2016,GPI,MT,ANM,WE,Federal Contract Tower,4,12,6,0,22,0,0,3,0,3,4,12,9,0,25,4,0,4,29
03/22/2016,GPI,MT,ANM,WE,Federal Contract Tower,4,16,6,0,26,0,0,4,0,4,4,16,10,0,30,8,0,8,38
03/23/2016,GPI,MT,ANM,WE,Federal Contract Tower,5,20,11,0,36,0,0,8,0,8,5,20,19,0,44,0,0,0,44
03/24/2016,GPI,MT,ANM,WE,Federal Contract Tower,8,15,10,0,33,0,1,4,0,5,8,16,14,0,38,6,0,6,44
03/25/2016,GPI,MT,ANM,WE,Federal Contract Tower,4,18,7,0,29,0,0,16,0,16,4,18,23,0,45,8,0,8,53
03/26/2016,GPI,MT,ANM,WE,Federal Contract Tower,6,10,5,0,21,0,1,21,0,22,6,11,26,0,43,20,0,20,63
03/27/2016,GPI,MT,ANM,WE,Federal Contract Tower,6,10,5,0,21,0,0,8,0,8,6,10,13,0,29,12,0,12,41
03/28/2016,GPI,MT,ANM,WE,Federal Contract Tower,6,13,11,0,30,0,0,2,0,2,6,13,13,0,32,0,0,0,32
03/29/2016,GPI,MT,ANM,WE,Federal Contract Tower,4,11,13,0,28,0,1,13,0,14,4,12,26,0,42,10,0,10,52
03/30/2016,GPI,MT,ANM,WE,Federal Contract Tower,5,14,4,0,23,0,1,17,0,18,5,15,21,0,41,24,0,24,65
03/31/2016,GPI,MT,ANM,WE,Federal Contract Tower,6,13,6,0,25,0,0,14,0,14,6,13,20,0,39,8,0,8,47
04/01/2016,GPI,MT,ANM,WE,Federal Contract Tower,5,14,4,0,23,0,0,13,0,13,5,14,17,0,36,6,0,6,42
04/02/2016,GPI,MT,ANM,WE,Federal Contract Tower,6,11,3,3,23,0,0,15,2,17,6,11,18,5,40,6,18,24,64
04/03/2016,GPI,MT,ANM,WE,Federal Contract Tower,6,8,6,0,20,0,0,12,0,12,6,8,18,0,32,4,0,4,36
04/04/2016,GPI,MT,ANM,WE,Federal Contract Tower,4,16,9,0,29,0,0,8,0,8,4,16,17,0,37,0,0,0,37
04/05/2016,GPI,MT,ANM,WE,Federal Contract Tower,5,14,8,4,31,0,1,3,4,8,5,15,11,8,39,6,56,62,101
04/06/2016,GPI,MT,ANM,WE,Federal Contract Tower,5,17,3,0,25,0,0,17,0,17,5,17,20,0,42,50,0,50,92
04/07/2016,GPI,MT,ANM,WE,Federal Contract Tower,7,11,6,4,28,0,2,19,0,21,7,13,25,4,49,16,16,32,81
04/08/2016,GPI,MT,ANM,WE,Federal Contract Tower,5,15,13,0,33,0,1,26,0,27,5,16,39,0,60,0,0,0,60
04/09/2016,GPI,MT,ANM,WE,Federal Contract Tower,4,9,2,0,15,0,2,23,0,25,4,11,25,0,40,34,0,34,74
04/10/2016,GPI,MT,ANM,WE,Federal Contract Tower,8,6,6,0,20,0,2,16,0,18,8,8,22,0,38,14,0,14,52
04/11/2016,GPI,MT,ANM,WE,Federal Contract Tower,5,11,5,0,21,0,1,23,2,26,5,12,28,2,47,32,0,32,79
04/12/2016,GPI,MT,ANM,WE,Federal Contract Tower,5,14,4,4,27,0,1,2,2,5,5,15,6,6,32,0,34,34,66
04/13/2016,GPI,MT,ANM,WE,Federal Contract Tower,4,13,11,9,37,0,4,2,0,6,4,17,13,9,43,20,50,70,113
04/14/2016,GPI,MT,ANM,WE,Federal Contract Tower,7,12,16,0,35,0,1,6,0,7,7,13,22,0,42,8,0,8,50
04/15/2016,GPI,MT,ANM,WE,Federal Contract Tower,5,14,7,0,26,0,0,1,0,1,5,14,8,0,27,0,0,0,27
04/16/2016,GPI,MT,ANM,WE,Federal Contract Tower,5,7,2,2,16,0,1,29,0,30,5,8,31,2,46,20,0,20,66
04/17/2016,GPI,MT,ANM,WE,Federal Contract Tower,7,9,4,0,20,0,0,23,0,23,7,9,27,0,43,14,0,14,57
04/18/2016,GPI,MT,ANM,WE,Federal Contract Tower,5,11,4,0,20,0,0,17,0,17,5,11,21,0,37,0,0,0,37
04/19/2016,GPI,MT,ANM,WE,Federal Contract Tower,5,12,4,0,21,0,0,29,0,29,5,12,33,0,50,20,0,20,70
04/20/2016,GPI,MT,ANM,WE,Federal Contract Tower,5,12,10,1,28,0,0,33,1,34,5,12,43,2,62,36,2,38,100
04/21/2016,GPI,MT,ANM,WE,Federal Contract Tower,7,13,6,24,50,0,0,28,7,35,7,13,34,31,85,12,32,44,129
04/22/2016,GPI,MT,ANM,WE,Federal Contract Tower,5,17,5,6,33,0,1,23,0,24,5,18,28,6,57,38,6,44,101
04/23/2016,GPI,MT,ANM,WE,Federal Contract Tower,5,7,2,0,14,0,0,7,0,7,5,7,9,0,21,6,0,6,27
04/24/2016,GPI,MT,ANM,WE,Federal Contract Tower,7,10,6,0,23,0,0,3,0,3,7,10,9,0,26,0,0,0,26
04/25/2016,GPI,MT,ANM,WE,Federal Contract Tower,5,13,6,1,25,0,0,9,0,9,5,13,15,1,34,0,2,2,36
04/26/2016,GPI,MT,ANM,WE,Federal Contract Tower,5,18,7,2,32,0,2,12,0,14,5,20,19,2,46,4,2,6,52
04/27/2016,GPI,MT,ANM,WE,Federal Contract Tower,5,15,5,0,25,0,1,11,0,12,5,16,16,0,37,10,0,10,47
04/28/2016,GPI,MT,ANM,WE,Federal Contract Tower,7,18,8,0,33,0,2,11,0,13,7,20,19,0,46,14,0,14,60
04/29/2016,GPI,MT,ANM,WE,Federal Contract Tower,5,18,13,2,38,0,1,5,0,6,5,19,18,2,44,14,0,14,58
04/30/2016,GPI,MT,ANM,WE,Federal Contract Tower,5,10,3,0,18,0,0,13,0,13,5,10,16,0,31,12,0,12,43
05/01/2016,GPI,MT,ANM,WE,Federal Contract Tower,8,10,6,0,24,0,0,19,0,19,8,10,25,0,43,12,0,12,55
05/02/2016,GPI,MT,ANM,WE,Federal Contract Tower,5,11,7,0,23,0,1,17,0,18,5,12,24,0,41,10,0,10,51
05/03/2016,GPI,MT,ANM,WE,Federal Contract Tower,5,11,6,0,22,0,0,29,2,31,5,11,35,2,53,12,0,12,65
05/04/2016,GPI,MT,ANM,WE,Federal Contract Tower,5,16,12,0,33,0,0,18,2,20,5,16,30,2,53,6,0,6,59
05/05/2016,GPI,MT,ANM,WE,Federal Contract Tower,7,13,7,0,27,0,0,15,0,15,7,13,22,0,42,0,0,0,42
05/06/2016,GPI,MT,ANM,WE,Federal Contract Tower,7,17,6,2,32,0,0,10,1,11,7,17,16,3,43,6,0,6,49
05/07/2016,GPI,MT,ANM,WE,Federal Contract Tower,5,8,7,0,20,0,0,33,0,33,5,8,40,0,53,24,0,24,77
05/08/2016,GPI,MT,ANM,WE,Federal Contract Tower,7,11,8,0,26,0,0,10,0,10,7,11,18,0,36,0,0,0,36
05/09/2016,GPI,MT,ANM,WE,Federal Contract Tower,5,11,6,1,23,0,0,3,1,4,5,11,9,2,27,16,18,34,61
05/10/2016,GPI,MT,ANM,WE,Federal Contract Tower,5,15,9,0,29,0,0,3,0,3,5,15,12,0,32,14,0,14,46
05/11/2016,GPI,MT,ANM,WE,Federal Contract Tower,5,16,12,0,33,0,0,29,0,29,5,16,41,0,62,24,0,24,86
05/12/2016,GPI,MT,ANM,WE,Federal Contract Tower,7,19,8,2,36,0,0,9,5,14,7,19,17,7,50,0,6,6,56
05/13/2016,GPI,MT,ANM,WE,Federal Contract Tower,5,18,14,2,39,0,0,18,4,22,5,18,32,6,61,6,6,12,73
05/14/2016,GPI,MT,ANM,WE,Federal Contract Tower,5,9,3,2,19,0,0,33,2,35,5,9,36,4,54,32,0,32,86
05/15/2016,GPI,MT,ANM,WE,Federal Contract Tower,7,10,9,0,26,0,0,19,2,21,7,10,28,2,47,14,0,14,61
05/16/2016,GPI,MT,ANM,WE,Federal Contract Tower,5,10,1,1,17,0,0,11,0,11,5,10,12,1,28,0,0,0,28
05/17/2016,GPI,MT,ANM,WE,Federal Contract Tower,5,16,11,2,34,0,3,27,1,31,5,19,38,3,65,26,2,28,93
05/18/2016,GPI,MT,ANM,WE,Federal Contract Tower,5,15,8,3,31,0,3,26,4,33,5,18,34,7,64,48,18,66,130
05/19/2016,GPI,MT,ANM,WE,Federal Contract Tower,7,14,9,0,30,0,0,12,0,12,7,14,21,0,42,0,0,0,42
05/20/2016,GPI,MT,ANM,WE,Federal Contract Tower,5,23,18,0,46,0,1,28,0,29,5,24,46,0,75,58,0,58,133
05/21/2016,GPI,MT,ANM,WE,Federal Contract Tower,7,9,4,0,20,0,0,11,0,11,7,9,15,0,31,24,0,24,55
05/22/2016,GPI,MT,ANM,WE,Federal Contract Tower,7,17,20,0,44,0,1,2,0,3,7,18,22,0,47,0,0,0,47
05/23/2016,GPI,MT,ANM,WE,Federal Contract Tower,5,16,11,0,32,0,0,11,0,11,5,16,22,0,43,0,0,0,43
05/24/2016,GPI,MT,ANM,WE,Federal Contract Tower,5,17,14,0,36,0,0,34,0,34,5,17,48,0,70,4,0,4,74
05/25/2016,GPI,MT,ANM,WE,Federal Contract Tower,5,21,22,0,48,0,2,17,0,19,5,23,39,0,67,0,0,0,67
05/26/2016,GPI,MT,ANM,WE,Federal Contract Tower,7,13,17,2,39,0,0,17,2,19,7,13,34,4,58,38,0,38,96
05/27/2016,GPI,MT,ANM,WE,Federal Contract Tower,7,22,17,0,46,0,1,20,0,21,7,23,37,0,67,0,0,0,67
05/28/2016,GPI,MT,ANM,WE,Federal Contract Tower,6,9,3,0,18,0,0,21,0,21,6,9,24,0,39,0,0,0,39
05/29/2016,GPI,MT,ANM,WE,Federal Contract Tower,7,10,8,0,25,0,0,9,0,9,7,10,17,0,34,0,0,0,34
05/30/2016,GPI,MT,ANM,WE,Federal Contract Tower,5,14,12,0,31,0,0,10,0,10,5,14,22,0,41,14,0,14,55
05/31/2016,GPI,MT,ANM,WE,Federal Contract Tower,5,16,9,0,30,0,4,21,0,25,5,20,30,0,55,12,0,12,67
06/01/2016,GPI,MT,ANM,WE,Federal Contract Tower,5,15,11,1,32,0,1,40,1,42,5,16,51,2,74,20,44,64,138
06/02/2016,GPI,MT,ANM,WE,Federal Contract Tower,11,13,14,0,38,0,2,9,0,11,11,15,23,0,49,4,0,4,53
06/03/2016,GPI,MT,ANM,WE,Federal Contract Tower,8,19,13,0,40,0,2,42,0,44,8,21,55,0,84,24,0,24,108
06/04/2016,GPI,MT,ANM,WE,Federal Contract Tower,5,6,10,0,21,0,7,45,0,52,5,13,55,0,73,28,0,28,101
06/05/2016,GPI,MT,ANM,WE,Federal Contract Tower,10,16,15,0,41,0,0,27,0,27,10,16,42,0,68,16,0,16,84
06/06/2016,GPI,MT,ANM,WE,Federal Contract Tower,11,10,9,2,32,0,0,14,4,18,11,10,23,6,50,0,6,6,56
06/07/2016,GPI,MT,ANM,WE,Federal Contract Tower,9,12,12,3,36,0,18,12,0,30,9,30,24,3,66,18,18,36,102
06/08/2016,GPI,MT,ANM,WE,Federal Contract Tower,12,16,22,1,51,0,1,23,5,29,12,17,45,6,80,32,2,34,114
06/09/2016,GPI,MT,ANM,WE,Federal Contract Tower,10,12,11,0,33,0,1,30,0,31,10,13,41,0,64,54,0,54,118
06/10/2016,GPI,MT,ANM,WE,Federal Contract Tower,12,23,9,0,44,0,0,28,0,28,12,23,37,0,72,18,0,18,90
06/11/2016,GPI,MT,ANM,WE,Federal Contract Tower,14,12,5,1,32,0,0,17,9,26,14,12,22,10,58,2,14,16,74
06/12/2016,GPI,MT,ANM,WE,Federal Contract Tower,14,9,10,0,33,0,0,17,0,17,14,9,27,0,50,22,0,22,72
06/13/2016,GPI,MT,ANM,WE,Federal Contract Tower,13,11,12,3,39,0,0,24,2,26,13,11,36,5,65,36,6,42,107
06/14/2016,GPI,MT,ANM,WE,Federal Contract Tower,8,13,12,3,36,0,0,6,0,6,8,13,18,3,42,22,6,28,70
06/15/2016,GPI,MT,ANM,WE,Federal Contract Tower,7,21,10,0,38,0,1,33,0,34,7,22,43,0,72,38,0,38,110
06/16/2016,GPI,MT,ANM,WE,Federal Contract Tower,12,20,11,7,50,0,0,15,0,15,12,20,26,7,65,8,6,14,79
06/17/2016,GPI,MT,ANM,WE,Federal Contract Tower,13,26,22,1,62,0,0,37,0,37,13,26,59,1,99,50,0,50,149
06/18/2016,GPI,MT,ANM,WE,Federal Contract Tower,15,19,16,2,52,0,0,15,0,15,15,19,31,2,67,24,0,24,91
06/19/2016,GPI,MT,ANM,WE,Federal Contract Tower,14,11,13,0,38,0,0,25,0,25,14,11,38,0,63,4,0,4,67
06/20/2016,GPI,MT,ANM,WE,Federal Contract Tower,12,14,8,3,37,0,2,43,0,45,12,16,51,3,82,16,0,16,98
06/21/2016,GPI,MT,ANM,WE,Federal Contract Tower,9,19,12,0,40,0,1,9,0,10,9,20,21,0,50,0,0,0,50
06/22/2016,GPI,MT,ANM,WE,Federal Contract Tower,9,20,18,0,47,0,0,35,0,35,9,20,53,0,82,48,0,48,130
06/23/2016,GPI,MT,ANM,WE,Federal Contract Tower,11,24,13,0,48,0,0,33,0,33,11,24,46,0,81,20,0,20,101
06/24/2016,GPI,MT,ANM,WE,Federal Contract Tower,13,14,19,0,46,0,0,7,0,7,13,14,26,0,53,0,0,0,53
06/25/2016,GPI,MT,ANM,WE,Federal Contract Tower,15,19,9,0,43,0,0,20,0,20,15,19,29,0,63,14,0,14,77
06/26/2016,GPI,MT,ANM,WE,Federal Contract Tower,14,16,21,2,53,0,0,30,2,32,14,16,51,4,85,20,0,20,105
06/27/2016,GPI,MT,ANM,WE,Federal Contract Tower,13,19,14,0,46,0,0,36,0,36,13,19,50,0,82,18,0,18,100
06/28/2016,GPI,MT,ANM,WE,Federal Contract Tower,10,17,26,4,57,0,1,32,0,33,10,18,58,4,90,12,0,12,102
06/29/2016,GPI,MT,ANM,WE,Federal Contract Tower,9,23,15,2,49,0,0,37,2,39,9,23,52,4,88,36,14,50,138
06/30/2016,GPI,MT,ANM,WE,Federal Contract Tower,14,22,37,0,73,0,2,49,6,57,14,24,86,6,130,12,0,12,142
07/01/2016,GPI,MT,ANM,WE,Federal Contract Tower,21,26,42,0,89,0,1,40,0,41,21,27,82,0,130,32,0,32,162
07/02/2016,GPI,MT,ANM,WE,Federal Contract Tower,23,15,15,0,53,0,3,23,0,26,23,18,38,0,79,14,0,14,93
07/03/2016,GPI,MT,ANM,WE,Federal Contract Tower,19,11,9,0,39,0,0,56,0,56,19,11,65,0,95,10,0,10,105
07/04/2016,GPI,MT,ANM,WE,Federal Contract Tower,16,14,13,0,43,0,0,19,3,22,16,14,32,3,65,0,2,2,67
07/05/2016,GPI,MT,ANM,WE,Federal Contract Tower,14,28,26,0,68,0,1,36,2,39,14,29,62,2,107,16,0,16,123
07/06/2016,GPI,MT,ANM,WE,Federal Contract Tower,15,26,21,1,63,0,0,12,0,12,15,26,33,1,75,36,0,36,111
07/07/2016,GPI,MT,ANM,WE,Federal Contract Tower,20,20,29,1,70,0,4,36,4,44,20,24,65,5,114,22,0,22,136
07/08/2016,GPI,MT,ANM,WE,Federal Contract Tower,19,19,20,3,61,0,2,25,0,27,19,21,45,3,88,12,0,12,100
07/09/2016,GPI,MT,ANM,WE,Federal Contract Tower,23,21,15,1,60,0,1,29,0,30,23,22,44,1,90,34,0,34,124
07/10/2016,GPI,MT,ANM,WE,Federal Contract Tower,17,24,22,0,63,0,1,43,0,44,17,25,65,0,107,14,0,14,121
07/11/2016,GPI,MT,ANM,WE,Federal Contract Tower,19,17,12,1,49,0,0,22,0,22,19,17,34,1,71,48,0,48,119
07/12/2016,GPI,MT,ANM,WE,Federal Contract Tower,18,16,14,0,48,0,2,23,0,25,18,18,37,0,73,22,0,22,95
07/13/2016,GPI,MT,ANM,WE,Federal Contract Tower,14,19,16,0,49,0,1,34,0,35,14,20,50,0,84,22,0,22,106
07/14/2016,GPI,MT,ANM,WE,Federal Contract Tower,20,20,25,0,65,0,3,50,1,54,20,23,75,1,119,36,0,36,155
07/15/2016,GPI,MT,ANM,WE,Federal Contract Tower,21,23,27,3,74,0,6,32,1,39,21,29,59,4,113,20,20,40,153
07/16/2016,GPI,MT,ANM,WE,Federal Contract Tower,19,19,14,0,52,0,2,29,0,31,19,21,43,0,83,26,0,26,109
07/17/2016,GPI,MT,ANM,WE,Federal Contract Tower,16,18,18,0,52,0,2,34,0,36,16,20,52,0,88,6,0,6,94
07/18/2016,GPI,MT,ANM,WE,Federal Contract Tower,21,15,16,0,52,0,1,52,0,53,21,16,68,0,105,24,0,24,129
07/19/2016,GPI,MT,ANM,WE,Federal Contract Tower,17,13,31,3,64,0,2,34,3,39,17,15,65,6,103,18,46,64,167
07/20/2016,GPI,MT,ANM,WE,Federal Contract Tower,15,19,19,1,54,0,0,34,2,36,15,19,53,3,90,24,34,58,148
07/21/2016,GPI,MT,ANM,WE,Federal Contract Tower,19,28,19,2,68,0,4,48,0,52,19,32,67,2,120,22,16,38,158
07/22/2016,GPI,MT,ANM,WE,Federal Contract Tower,21,21,24,0,66,0,1,48,2,51,21,22,72,2,117,12,0,12,129
07/23/2016,GPI,MT,ANM,WE,Federal Contract Tower,20,14,19,0,53,0,1,52,0,53,20,15,71,0,106,18,0,18,124
07/24/2016,GPI,MT,ANM,WE,Federal Contract Tower,18,17,19,0,54,0,2,55,0,57,18,19,74,0,111,46,0,46,157
07/25/2016,GPI,MT,ANM,WE,Federal Contract Tower,18,13,20,6,57,0,3,53,6,62,18,16,73,12,119,26,26,52,171
07/26/2016,GPI,MT,ANM,WE,Federal Contract Tower,15,17,26,2,60,0,1,28,4,33,15,18,54,6,93,10,16,26,119
07/27/2016,GPI,MT,ANM,WE,Federal Contract Tower,14,18,34,0,66,0,0,47,2,49,14,18,81,2,115,32,0,32,147
07/28/2016,GPI,MT,ANM,WE,Federal Contract Tower,18,22,35,0,75,0,1,67,9,77,18,23,102,9,152,56,18,74,226
07/29/2016,GPI,MT,ANM,WE,Federal Contract Tower,21,22,27,1,71,0,2,33,0,35,21,24,60,1,106,20,0,20,126
07/30/2016,GPI,MT,ANM,WE,Federal Contract Tower,20,19,15,0,54,0,0,30,0,30,20,19,45,0,84,34,0,34,118
07/31/2016,GPI,MT,ANM,WE,Federal Contract Tower,17,18,33,0,68,0,0,56,0,56,17,18,89,0,124,18,0,18,142
08/01/2016,GPI,MT,ANM,WE,Federal Contract Tower,21,20,19,0,60,0,1,58,0,59,21,21,77,0,119,20,0,20,139
08/02/2016,GPI,MT,ANM,WE,Federal Contract Tower,16,19,16,0,51,0,0,36,0,36,16,19,52,0,87,60,0,60,147
08/03/2016,GPI,MT,ANM,WE,Federal Contract Tower,17,20,25,0,62,0,1,20,2,23,17,21,45,2,85,56,0,56,141
08/04/2016,GPI,MT,ANM,WE,Federal Contract Tower,18,20,31,1,70,0,1,49,0,50,18,21,80,1,120,2,0,2,122
08/05/2016,GPI,MT,ANM,WE,Federal Contract Tower,21,25,29,0,75,0,1,49,0,50,21,26,78,0,125,10,0,10,135
08/06/2016,GPI,MT,ANM,WE,Federal Contract Tower,26,18,12,0,56,0,1,16,0,17,26,19,28,0,73,4,0,4,77
08/07/2016,GPI,MT,ANM,WE,Federal Contract Tower,21,17,23,0,61,0,0,26,0,26,21,17,49,0,87,8,0,8,95
08/08/2016,GPI,MT,ANM,WE,Federal Contract Tower,21,22,23,1,67,0,7,30,0,37,21,29,53,1,104,0,24,24,128
08/09/2016,GPI,MT,ANM,WE,Federal Contract Tower,15,28,21,1,65,0,0,16,0,16,15,28,37,1,81,0,0,0,81
08/10/2016,GPI,MT,ANM,WE,Federal Contract Tower,15,33,21,0,69,0,0,12,0,12,15,33,33,0,81,24,0,24,105
08/11/2016,GPI,MT,ANM,WE,Federal Contract Tower,18,17,26,1,62,0,1,37,0,38,18,18,63,1,100,38,0,38,138
08/12/2016,GPI,MT,ANM,WE,Federal Contract Tower,20,18,22,0,60,0,0,41,0,41,20,18,63,0,101,0,0,0,101
08/13/2016,GPI,MT,ANM,WE,Federal Contract Tower,26,27,27,0,80,0,1,38,0,39,26,28,65,0,119,26,0,26,145
08/14/2016,GPI,MT,ANM,WE,Federal Contract Tower,23,25,23,0,71,0,0,31,0,31,23,25,54,0,102,12,0,12,114
08/15/2016,GPI,MT,ANM,WE,Federal Contract Tower,21,14,25,2,62,0,1,41,2,44,21,15,66,4,106,30,2,32,138
08/16/2016,GPI,MT,ANM,WE,Federal Contract Tower,19,17,14,1,51,0,2,39,0,41,19,19,53,1,92,120,0,120,212
08/17/2016,GPI,MT,ANM,WE,Federal Contract Tower,17,20,19,2,58,0,1,22,0,23,17,21,41,2,81,26,18,44,125
08/18/2016,GPI,MT,ANM,WE,Federal Contract Tower,18,23,21,1,63,0,2,8,2,12,18,25,29,3,75,18,10,28,103
08/19/2016,GPI,MT,ANM,WE,Federal Contract Tower,19,22,22,2,65,0,0,48,0,48,19,22,70,2,113,22,20,42,155
08/20/2016,GPI,MT,ANM,WE,Federal Contract Tower,22,15,10,0,47,0,0,25,0,25,22,15,35,0,72,24,0,24,96
08/21/2016,GPI,MT,ANM,WE,Federal Contract Tower,21,17,26,0,64,0,0,32,0,32,21,17,58,0,96,0,0,0,96
08/22/2016,GPI,MT,ANM,WE,Federal Contract Tower,19,14,21,3,57,0,4,31,0,35,19,18,52,3,92,0,20,20,112
08/23/2016,GPI,MT,ANM,WE,Federal Contract Tower,17,16,19,3,55,0,2,30,0,32,17,18,49,3,87,10,0,10,97
08/24/2016,GPI,MT,ANM,WE,Federal Contract Tower,17,23,25,0,65,0,3,22,0,25,17,26,47,0,90,16,0,16,106
08/25/2016,GPI,MT,ANM,WE,Federal Contract Tower,22,15,12,0,49,0,1,32,0,33,22,16,44,0,82,24,0,24,106
08/26/2016,GPI,MT,ANM,WE,Federal Contract Tower,20,24,22,9,75,0,1,50,2,53,20,25,72,11,128,52,0,52,180
08/27/2016,GPI,MT,ANM,WE,Federal Contract Tower,15,22,15,0,52,0,0,25,2,27,15,22,40,2,79,12,0,12,91
08/28/2016,GPI,MT,ANM,WE,Federal Contract Tower,21,12,14,2,49,0,1,48,0,49,21,13,62,2,98,48,0,48,146
08/29/2016,GPI,MT,ANM,WE,Federal Contract Tower,17,17,10,0,44,0,0,35,0,35,17,17,45,0,79,20,0,20,99
08/30/2016,GPI,MT,ANM,WE,Federal Contract Tower,17,15,22,2,56,0,0,33,0,33,17,15,55,2,89,12,4,16,105
08/31/2016,GPI,MT,ANM,WE,Federal Contract Tower,16,33,22,0,71,0,1,21,0,22,16,34,43,0,93,6,0,6,99
09/01/2016,GPI,MT,ANM,WE,Federal Contract Tower,20,23,22,0,65,0,1,26,3,30,20,24,48,3,95,12,0,12,107
09/02/2016,GPI,MT,ANM,WE,Federal Contract Tower,15,22,16,1,54,0,0,22,2,24,15,22,38,3,78,42,0,42,120
09/03/2016,GPI,MT,ANM,WE,Federal Contract Tower,17,17,17,0,51,0,0,32,2,34,17,17,49,2,85,12,0,12,97
09/04/2016,GPI,MT,ANM,WE,Federal Contract Tower,19,8,13,1,41,0,2,14,1,17,19,10,27,2,58,2,0,2,60
09/05/2016,GPI,MT,ANM,WE,Federal Contract Tower,19,12,28,1,60,0,1,20,0,21,19,13,48,1,81,16,0,16,97
09/06/2016,GPI,MT,ANM,WE,Federal Contract Tower,17,18,21,0,56,0,0,8,0,8,17,18,29,0,64,2,0,2,66
09/07/2016,GPI,MT,ANM,WE,Federal Contract Tower,16,21,11,0,48,0,2,10,0,12,16,23,21,0,60,46,0,46,106
09/08/2016,GPI,MT,ANM,WE,Federal Contract Tower,16,18,18,0,52,0,2,14,1,17,16,20,32,1,69,0,16,16,85
09/09/2016,GPI,MT,ANM,WE,Federal Contract Tower,15,20,12,2,49,0,3,59,1,63,15,23,71,3,112,18,8,26,138
09/10/2016,GPI,MT,ANM,WE,Federal Contract Tower,17,6,7,0,30,0,2,38,0,40,17,8,45,0,70,26,0,26,96
09/11/2016,GPI,MT,ANM,WE,Federal Contract Tower,19,17,26,0,62,0,0,9,0,9,19,17,35,0,71,4,0,4,75
09/12/2016,GPI,MT,ANM,WE,Federal Contract Tower,17,14,16,0,47,0,0,19,0,19,17,14,35,0,66,0,0,0,66
09/13/2016,GPI,MT,ANM,WE,Federal Contract Tower,17,25,7,1,50,0,1,39,0,40,17,26,46,1,90,0,0,0,90
09/14/2016,GPI,MT,ANM,WE,Federal Contract Tower,17,17,8,1,43,0,1,32,0,33,17,18,40,1,76,24,0,24,100
09/15/2016,GPI,MT,ANM,WE,Federal Contract Tower,19,20,23,0,62,0,1,49,0,50,19,21,72,0,112,36,0,36,148
09/16/2016,GPI,MT,ANM,WE,Federal Contract Tower,17,17,12,0,46,0,3,41,0,44,17,20,53,0,90,34,0,34,124
09/17/2016,GPI,MT,ANM,WE,Federal Contract Tower,15,12,9,0,36,0,0,11,0,11,15,12,20,0,47,14,0,14,61
09/18/2016,GPI,MT,ANM,WE,Federal Contract Tower,19,9,11,0,39,0,0,6,0,6,19,9,17,0,45,2,0,2,47
09/19/2016,GPI,MT,ANM,WE,Federal Contract Tower,17,15,13,0,45,0,0,21,0,21,17,15,34,0,66,10,0,10,76
09/20/2016,GPI,MT,ANM,WE,Federal Contract Tower,17,20,9,0,46,0,2,17,0,19,17,22,26,0,65,18,0,18,83
09/21/2016,GPI,MT,ANM,WE,Federal Contract Tower,17,13,16,0,46,0,1,12,0,13,17,14,28,0,59,20,0,20,79
09/22/2016,GPI,MT,ANM,WE,Federal Contract Tower,18,16,23,0,57,0,0,8,0,8,18,16,31,0,65,0,0,0,65
09/23/2016,GPI,MT,ANM,WE,Federal Contract Tower,14,15,18,3,50,0,1,13,0,14,14,16,31,3,64,4,20,24,88
09/24/2016,GPI,MT,ANM,WE,Federal Contract Tower,15,15,10,0,40,0,0,28,0,28,15,15,38,0,68,2,0,2,70
09/25/2016,GPI,MT,ANM,WE,Federal Contract Tower,21,14,14,1,50,0,0,18,0,18,21,14,32,1,68,4,0,4,72
09/26/2016,GPI,MT,ANM,WE,Federal Contract Tower,16,14,14,0,44,0,1,23,0,24,16,15,37,0,68,8,0,8,76
09/27/2016,GPI,MT,ANM,WE,Federal Contract Tower,18,18,6,4,46,0,2,26,0,28,18,20,32,4,74,18,2,20,94
09/28/2016,GPI,MT,ANM,WE,Federal Contract Tower,17,16,10,2,45,0,0,14,0,14,17,16,24,2,59,8,8,16,75
09/29/2016,GPI,MT,ANM,WE,Federal Contract Tower,19,16,10,1,46,0,0,19,1,20,19,16,29,2,66,0,6,6,72
09/30/2016,GPI,MT,ANM,WE,Federal Contract Tower,17,13,14,0,44,0,1,29,0,30,17,14,43,0,74,6,0,6,80
10/01/2016,GPI,MT,ANM,WE,Federal Contract Tower,17,7,9,0,33,0,0,3,1,4,17,7,12,1,37,4,0,4,41
10/02/2016,GPI,MT,ANM,WE,Federal Contract Tower,16,9,6,2,33,0,0,39,0,39,16,9,45,2,72,16,0,16,88
10/03/2016,GPI,MT,ANM,WE,Federal Contract Tower,13,12,7,1,33,0,0,5,0,5,13,12,12,1,38,2,0,2,40
10/04/2016,GPI,MT,ANM,WE,Federal Contract Tower,14,17,14,0,45,0,1,5,2,8,14,18,19,2,53,18,0,18,71
10/05/2016,GPI,MT,ANM,WE,Federal Contract Tower,13,16,15,0,44,0,0,2,0,2,13,16,17,0,46,0,0,0,46
10/06/2016,GPI,MT,ANM,WE,Federal Contract Tower,10,18,16,0,44,0,1,5,0,6,10,19,21,0,50,10,0,10,60
10/07/2016,GPI,MT,ANM,WE,Federal Contract Tower,7,13,12,1,33,0,1,4,1,6,7,14,16,2,39,2,2,4,43
10/08/2016,GPI,MT,ANM,WE,Federal Contract Tower,10,7,9,1,27,0,0,1,0,1,10,7,10,1,28,0,0,0,28
10/09/2016,GPI,MT,ANM,WE,Federal Contract Tower,10,13,13,0,36,0,0,2,0,2,10,13,15,0,38,0,0,0,38
10/10/2016,GPI,MT,ANM,WE,Federal Contract Tower,9,11,6,0,26,0,0,0,0,0,9,11,6,0,26,0,0,0,26
10/11/2016,GPI,MT,ANM,WE,Federal Contract Tower,8,14,9,2,33,0,1,13,0,14,8,15,22,2,47,0,0,0,47
10/12/2016,GPI,MT,ANM,WE,Federal Contract Tower,8,14,8,0,30,0,1,30,0,31,8,15,38,0,61,6,0,6,67
10/13/2016,GPI,MT,ANM,WE,Federal Contract Tower,10,13,13,0,36,0,0,9,0,9,10,13,22,0,45,2,0,2,47
10/14/2016,GPI,MT,ANM,WE,Federal Contract Tower,11,16,11,0,38,0,0,4,0,4,11,16,15,0,42,0,0,0,42
10/15/2016,GPI,MT,ANM,WE,Federal Contract Tower,8,14,4,0,26,0,0,11,0,11,8,14,15,0,37,2,0,2,39
10/16/2016,GPI,MT,ANM,WE,Federal Contract Tower,9,18,8,0,35,0,0,6,0,6,9,18,14,0,41,8,0,8,49
10/17/2016,GPI,MT,ANM,WE,Federal Contract Tower,8,14,4,0,26,0,0,0,0,0,8,14,4,0,26,0,0,0,26
10/18/2016,GPI,MT,ANM,WE,Federal Contract Tower,8,11,9,0,28,0,1,2,0,3,8,12,11,0,31,0,0,0,31
10/19/2016,GPI,MT,ANM,WE,Federal Contract Tower,8,18,9,0,35,0,0,15,0,15,8,18,24,0,50,18,0,18,68
10/20/2016,GPI,MT,ANM,WE,Federal Contract Tower,10,16,11,3,40,0,0,0,0,0,10,16,11,3,40,0,4,4,44
10/21/2016,GPI,MT,ANM,WE,Federal Contract Tower,8,12,15,0,35,0,0,8,0,8,8,12,23,0,43,0,0,0,43
10/22/2016,GPI,MT,ANM,WE,Federal Contract Tower,7,13,6,0,26,0,0,5,0,5,7,13,11,0,31,0,0,0,31
10/23/2016,GPI,MT,ANM,WE,Federal Contract Tower,10,12,11,0,33,0,0,20,0,20,10,12,31,0,53,26,0,26,79
10/24/2016,GPI,MT,ANM,WE,Federal Contract Tower,8,14,14,0,36,0,1,12,0,13,8,15,26,0,49,2,0,2,51
10/25/2016,GPI,MT,ANM,WE,Federal Contract Tower,10,11,17,2,40,0,0,3,0,3,10,11,20,2,43,0,0,0,43
10/26/2016,GPI,MT,ANM,WE,Federal Contract Tower,7,11,14,0,32,0,0,3,0,3,7,11,17,0,35,0,0,0,35
10/27/2016,GPI,MT,ANM,WE,Federal Contract Tower,10,14,7,0,31,0,0,0,0,0,10,14,7,0,31,0,0,0,31
10/28/2016,GPI,MT,ANM,WE,Federal Contract Tower,8,11,13,4,36,0,1,31,4,36,8,12,44,8,72,26,0,26,98
10/29/2016,GPI,MT,ANM,WE,Federal Contract Tower,7,8,5,0,20,0,0,22,0,22,7,8,27,0,42,6,0,6,48
10/30/2016,GPI,MT,ANM,WE,Federal Contract Tower,9,9,3,0,21,0,0,3,0,3,9,9,6,0,24,0,0,0,24
10/31/2016,GPI,MT,ANM,WE,Federal Contract Tower,8,11,2,0,21,0,1,2,0,3,8,12,4,0,24,0,0,0,24
11/01/2016,GPI,MT,ANM,WE,Federal Contract Tower,7,13,9,0,29,0,0,2,0,2,7,13,11,0,31,0,0,0,31
11/02/2016,GPI,MT,ANM,WE,Federal Contract Tower,7,12,15,0,34,0,1,10,0,11,7,13,25,0,45,2,0,2,47
11/03/2016,GPI,MT,ANM,WE,Federal Contract Tower,10,13,4,5,32,0,0,15,1,16,10,13,19,6,48,16,6,22,70
11/04/2016,GPI,MT,ANM,WE,Federal Contract Tower,9,14,7,0,30,0,0,34,0,34,9,14,41,0,64,32,0,32,96
11/05/2016,GPI,MT,ANM,WE,Federal Contract Tower,9,4,6,0,19,0,0,27,0,27,9,4,33,0,46,8,0,8,54
11/06/2016,GPI,MT,ANM,WE,Federal Contract Tower,12,12,6,0,30,0,0,1,0,1,12,12,7,0,31,0,0,0,31
11/07/2016,GPI,MT,ANM,WE,Federal Contract Tower,8,8,4,0,20,0,0,13,0,13,8,8,17,0,33,6,0,6,39
11/08/2016,GPI,MT,ANM,WE,Federal Contract Tower,5,12,11,2,30,0,0,8,0,8,5,12,19,2,38,4,2,6,44
11/09/2016,GPI,MT,ANM,WE,Federal Contract Tower,6,15,9,0,30,0,1,6,0,7,6,16,15,0,37,6,0,6,43
11/10/2016,GPI,MT,ANM,WE,Federal Contract Tower,10,10,11,0,31,0,0,12,0,12,10,10,23,0,43,10,0,10,53
11/11/2016,GPI,MT,ANM,WE,Federal Contract Tower,6,12,9,0,27,0,0,0,0,0,6,12,9,0,27,0,0,0,27
11/12/2016,GPI,MT,ANM,WE,Federal Contract Tower,9,6,6,0,21,0,0,0,0,0,9,6,6,0,21,0,0,0,21
11/13/2016,GPI,MT,ANM,WE,Federal Contract Tower,10,11,17,0,38,0,1,29,0,30,10,12,46,0,68,24,0,24,92
11/14/2016,GPI,MT,ANM,WE,Federal Contract Tower,7,11,7,0,25,0,0,4,0,4,7,11,11,0,29,0,0,0,29
11/15/2016,GPI,MT,ANM,WE,Federal Contract Tower,6,12,6,0,24,0,0,0,0,0,6,12,6,0,24,0,0,0,24
11/16/2016,GPI,MT,ANM,WE,Federal Contract Tower,8,18,12,0,38,0,0,1,0,1,8,18,13,0,39,0,0,0,39
11/17/2016,GPI,MT,ANM,WE,Federal Contract Tower,9,15,9,2,35,0,0,6,1,7,9,15,15,3,42,2,34,36,78
11/18/2016,GPI,MT,ANM,WE,Federal Contract Tower,8,14,12,1,35,0,1,30,1,32,8,15,42,2,67,32,12,44,111
11/19/2016,GPI,MT,ANM,WE,Federal Contract Tower,6,8,5,0,19,0,0,2,0,2,6,8,7,0,21,0,0,0,21
11/20/2016,GPI,MT,ANM,WE,Federal Contract Tower,10,12,7,3,32,0,0,7,0,7,10,12,14,3,39,10,6,16,55
11/21/2016,GPI,MT,ANM,WE,Federal Contract Tower,9,8,4,2,23,0,0,5,0,5,9,8,9,2,28,6,0,6,34
11/22/2016,GPI,MT,ANM,WE,Federal Contract Tower,8,14,2,0,24,0,2,14,0,16,8,16,16,0,40,4,0,4,44
11/23/2016,GPI,MT,ANM,WE,Federal Contract Tower,10,19,10,0,39,0,0,3,0,3,10,19,13,0,42,0,0,0,42
11/24/2016,GPI,MT,ANM,WE,Federal Contract Tower,4,6,3,0,13,0,1,3,0,4,4,7,6,0,17,0,0,0,17
11/25/2016,GPI,MT,ANM,WE,Federal Contract Tower,8,13,6,0,27,0,1,1,0,2,8,14,7,0,29,0,0,0,29
11/26/2016,GPI,MT,ANM,WE,Federal Contract Tower,6,14,6,0,26,0,0,15,0,15,6,14,21,0,41,6,0,6,47
11/27/2016,GPI,MT,ANM,WE,Federal Contract Tower,9,10,8,0,27,0,0,13,0,13,9,10,21,0,40,14,0,14,54
11/28/2016,GPI,MT,ANM,WE,Federal Contract Tower,7,10,5,3,25,0,0,9,0,9,7,10,14,3,34,10,6,16,50
11/29/2016,GPI,MT,ANM,WE,Federal Contract Tower,8,17,9,0,34,0,0,11,0,11,8,17,20,0,45,4,0,4,49
11/30/2016,GPI,MT,ANM,WE,Federal Contract Tower,6,19,9,4,38,0,0,0,0,0,6,19,9,4,38,4,0,4,42
12/01/2016,GPI,MT,ANM,WE,Federal Contract Tower,10,15,4,0,29,0,0,0,0,0,10,15,4,0,29,0,0,0,29
12/02/2016,GPI,MT,ANM,WE,Federal Contract Tower,9,14,6,4,33,0,1,2,0,3,9,15,8,4,36,0,10,10,46
12/03/2016,GPI,MT,ANM,WE,Federal Contract Tower,7,8,9,0,24,0,0,9,0,9,7,8,18,0,33,4,0,4,37
12/04/2016,GPI,MT,ANM,WE,Federal Contract Tower,10,9,7,0,26,0,0,1,0,1,10,9,8,0,27,0,0,0,27
12/05/2016,GPI,MT,ANM,WE,Federal Contract Tower,7,11,8,0,26,0,0,0,0,0,7,11,8,0,26,0,0,0,26
12/06/2016,GPI,MT,ANM,WE,Federal Contract Tower,4,20,7,1,32,0,1,5,0,6,4,21,12,1,38,0,2,2,40
12/07/2016,GPI,MT,ANM,WE,Federal Contract Tower,5,16,14,2,37,0,0,17,2,19,5,16,31,4,56,6,16,22,78
12/08/2016,GPI,MT,ANM,WE,Federal Contract Tower,8,14,9,0,31,0,0,10,0,10,8,14,19,0,41,10,0,10,51
12/09/2016,GPI,MT,ANM,WE,Federal Contract Tower,8,20,9,0,37,0,0,2,0,2,8,20,11,0,39,0,0,0,39
12/10/2016,GPI,MT,ANM,WE,Federal Contract Tower,5,6,3,0,14,0,0,2,0,2,5,6,5,0,16,0,0,0,16
12/11/2016,GPI,MT,ANM,WE,Federal Contract Tower,9,8,5,0,22,0,0,3,0,3,9,8,8,0,25,6,0,6,31
12/12/2016,GPI,MT,ANM,WE,Federal Contract Tower,7,10,5,4,26,0,0,1,0,1,7,10,6,4,27,6,8,14,41
12/13/2016,GPI,MT,ANM,WE,Federal Contract Tower,4,15,10,2,31,0,1,12,0,13,4,16,22,2,44,0,2,2,46
12/14/2016,GPI,MT,ANM,WE,Federal Contract Tower,5,21,6,0,32,0,1,15,2,18,5,22,21,2,50,2,0,2,52
12/15/2016,GPI,MT,ANM,WE,Federal Contract Tower,9,15,21,0,45,0,0,0,0,0,9,15,21,0,45,0,0,0,45
12/16/2016,GPI,MT,ANM,WE,Federal Contract Tower,7,27,9,1,44,0,0,2,0,2,7,27,11,1,46,2,0,2,48
12/17/2016,GPI,MT,ANM,WE,Federal Contract Tower,12,17,13,2,44,0,0,4,0,4,12,17,17,2,48,2,0,2,50
12/18/2016,GPI,MT,ANM,WE,Federal Contract Tower,14,12,9,0,35,0,0,0,0,0,14,12,9,0,35,0,0,0,35
12/19/2016,GPI,MT,ANM,WE,Federal Contract Tower,8,19,18,0,45,0,0,2,0,2,8,19,20,0,47,0,0,0,47
12/20/2016,GPI,MT,ANM,WE,Federal Contract Tower,7,27,8,0,42,0,0,0,0,0,7,27,8,0,42,0,0,0,42
12/21/2016,GPI,MT,ANM,WE,Federal Contract Tower,10,24,20,1,55,0,1,19,0,20,10,25,39,1,75,26,0,26,101
12/22/2016,GPI,MT,ANM,WE,Federal Contract Tower,13,22,27,1,63,0,4,22,0,26,13,26,49,1,89,7,14,21,110
12/23/2016,GPI,MT,ANM,WE,Federal Contract Tower,10,35,8,0,53,0,2,3,0,5,10,37,11,0,58,0,0,0,58
12/24/2016,GPI,MT,ANM,WE,Federal Contract Tower,12,12,2,0,26,0,0,0,0,0,12,12,2,0,26,0,0,0,26
12/25/2016,GPI,MT,ANM,WE,Federal Contract Tower,12,7,4,0,23,0,0,6,0,6,12,7,10,0,29,12,0,12,41
12/26/2016,GPI,MT,ANM,WE,Federal Contract Tower,10,15,23,0,48,0,0,7,0,7,10,15,30,0,55,8,0,8,63
12/27/2016,GPI,MT,ANM,WE,Federal Contract Tower,7,18,26,0,51,0,0,0,0,0,7,18,26,0,51,0,0,0,51
12/28/2016,GPI,MT,ANM,WE,Federal Contract Tower,11,32,9,0,52,0,0,6,0,6,11,32,15,0,58,10,0,10,68
12/29/2016,GPI,MT,ANM,WE,Federal Contract Tower,12,26,3,0,41,0,0,0,0,0,12,26,3,0,41,0,0,0,41
12/30/2016,GPI,MT,ANM,WE,Federal Contract Tower,12,16,20,0,48,0,1,6,0,7,12,17,26,0,55,6,0,6,61
12/31/2016,GPI,MT,ANM,WE,Federal Contract Tower,10,18,9,0,37,0,0,12,0,12,10,18,21,0,49,0,0,0,49
01/01/2017,GPI,MT,ANM,WE,Federal Contract Tower,14,15,14,0,43,0,2,2,0,4,14,17,16,0,47,0,0,0,47
01/02/2017,GPI,MT,ANM,WE,Federal Contract Tower,8,14,32,0,54,0,3,12,0,15,8,17,44,0,69,8,0,8,77
01/03/2017,GPI,MT,ANM,WE,Federal Contract Tower,6,20,11,0,37,0,0,4,0,4,6,20,15,0,41,0,0,0,41
01/04/2017,GPI,MT,ANM,WE,Federal Contract Tower,8,16,6,0,30,0,4,14,0,18,8,20,20,0,48,10,0,10,58
01/05/2017,GPI,MT,ANM,WE,Federal Contract Tower,9,21,11,0,41,0,0,6,0,6,9,21,17,0,47,8,0,8,55
01/06/2017,GPI,MT,ANM,WE,Federal Contract Tower,9,14,10,0,33,0,0,6,0,6,9,14,16,0,39,10,0,10,49
01/07/2017,GPI,MT,ANM,WE,Federal Contract Tower,9,10,5,0,24,0,0,13,0,13,9,10,18,0,37,0,0,0,37
01/08/2017,GPI,MT,ANM,WE,Federal Contract Tower,10,10,14,0,34,0,0,10,0,10,10,10,24,0,44,26,0,26,70
01/09/2017,GPI,MT,ANM,WE,Federal Contract Tower,5,15,1,2,23,0,2,1,4,7,5,17,2,6,30,0,0,0,30
01/10/2017,GPI,MT,ANM,WE,Federal Contract Tower,3,14,4,0,21,0,1,2,0,3,3,15,6,0,24,0,0,0,24
01/11/2017,GPI,MT,ANM,WE,Federal Contract Tower,7,20,3,0,30,0,2,1,0,3,7,22,4,0,33,0,0,0,33
01/12/2017,GPI,MT,ANM,WE,Federal Contract Tower,8,17,16,2,43,0,0,2,0,2,8,17,18,2,45,0,0,0,45
01/13/2017,GPI,MT,ANM,WE,Federal Contract Tower,8,15,6,0,29,0,0,2,0,2,8,15,8,0,31,6,0,6,37
01/14/2017,GPI,MT,ANM,WE,Federal Contract Tower,8,7,6,0,21,0,0,0,0,0,8,7,6,0,21,0,0,0,21
01/15/2017,GPI,MT,ANM,WE,Federal Contract Tower,9,5,10,0,24,0,0,0,0,0,9,5,10,0,24,0,0,0,24
01/16/2017,GPI,MT,ANM,WE,Federal Contract Tower,6,16,10,0,32,0,0,0,0,0,6,16,10,0,32,0,0,0,32
01/17/2017,GPI,MT,ANM,WE,Federal Contract Tower,6,15,15,0,36,0,0,2,0,2,6,15,17,0,38,2,0,2,40
01/18/2017,GPI,MT,ANM,WE,Federal Contract Tower,7,11,7,0,25,0,0,0,0,0,7,11,7,0,25,0,0,0,25
01/19/2017,GPI,MT,ANM,WE,Federal Contract Tower,6,12,9,2,29,0,0,2,0,2,6,12,11,2,31,0,2,2,33
01/20/2017,GPI,MT,ANM,WE,Federal Contract Tower,10,11,8,0,29,0,0,20,0,20,10,11,28,0,49,14,0,14,63
01/21/2017,GPI,MT,ANM,WE,Federal Contract Tower,8,8,4,0,20,0,1,9,0,10,8,9,13,0,30,12,0,12,42
01/22/2017,GPI,MT,ANM,WE,Federal Contract Tower,9,12,4,0,25,0,0,14,0,14,9,12,18,0,39,30,0,30,69
01/23/2017,GPI,MT,ANM,WE,Federal Contract Tower,11,15,8,0,34,0,0,0,0,0,11,15,8,0,34,2,0,2,36
01/24/2017,GPI,MT,ANM,WE,Federal Contract Tower,5,11,10,0,26,0,0,2,0,2,5,11,12,0,28,12,2,14,42
01/25/2017,GPI,MT,ANM,WE,Federal Contract Tower,8,15,5,0,28,0,0,1,0,1,8,15,6,0,29,0,0,0,29
01/26/2017,GPI,MT,ANM,WE,Federal Contract Tower,9,16,4,0,29,0,0,11,0,11,9,16,15,0,40,2,0,2,42
01/27/2017,GPI,MT,ANM,WE,Federal Contract Tower,7,15,6,0,28,0,0,1,0,1,7,15,7,0,29,6,0,6,35
01/28/2017,GPI,MT,ANM,WE,Federal Contract Tower,11,6,4,2,23,0,0,15,0,15,11,6,19,2,38,10,0,10,48
01/29/2017,GPI,MT,ANM,WE,Federal Contract Tower,8,7,4,0,19,0,0,4,5,9,8,7,8,5,28,0,8,8,36
01/30/2017,GPI,MT,ANM,WE,Federal Contract Tower,7,12,8,0,27,0,0,15,11,26,7,12,23,11,53,4,42,46,99
01/31/2017,GPI,MT,ANM,WE,Federal Contract Tower,4,11,8,0,23,0,0,5,0,5,4,11,13,0,28,10,0,10,38
02/01/2017,GPI,MT,ANM,WE,Federal Contract Tower,7,11,2,0,20,0,2,5,0,7,7,13,7,0,27,18,0,18,45
02/02/2017,GPI,MT,ANM,WE,Federal Contract Tower,10,14,11,2,37,0,2,26,3,31,10,16,37,5,68,28,10,38,106
02/03/2017,GPI,MT,ANM,WE,Federal Contract Tower,7,12,2,0,21,0,0,5,0,5,7,12,7,0,26,0,0,0,26
02/04/2017,GPI,MT,ANM,WE,Federal Contract Tower,8,7,4,0,19,0,0,0,0,0,8,7,4,0,19,0,0,0,19
02/05/2017,GPI,MT,ANM,WE,Federal Contract Tower,9,11,4,0,24,0,0,0,0,0,9,11,4,0,24,0,0,0,24
02/06/2017,GPI,MT,ANM,WE,Federal Contract Tower,8,13,12,0,33,0,0,7,0,7,8,13,19,0,40,0,0,0,40
02/07/2017,GPI,MT,ANM,WE,Federal Contract Tower,5,13,4,0,22,0,1,7,0,8,5,14,11,0,30,0,0,0,30
02/08/2017,GPI,MT,ANM,WE,Federal Contract Tower,6,10,15,0,31,0,0,5,0,5,6,10,20,0,36,10,0,10,46
02/09/2017,GPI,MT,ANM,WE,Federal Contract Tower,7,5,5,0,17,0,1,0,0,1,7,6,5,0,18,0,0,0,18
02/10/2017,GPI,MT,ANM,WE,Federal Contract Tower,9,17,11,0,37,0,0,13,0,13,9,17,24,0,50,0,0,0,50
02/11/2017,GPI,MT,ANM,WE,Federal Contract Tower,9,9,7,0,25,0,0,13,0,13,9,9,20,0,38,6,0,6,44
02/12/2017,GPI,MT,ANM,WE,Federal Contract Tower,10,11,10,0,31,0,0,20,0,20,10,11,30,0,51,22,0,22,73
02/13/2017,GPI,MT,ANM,WE,Federal Contract Tower,8,11,1,0,20,0,0,16,2,18,8,11,17,2,38,14,0,14,52
02/14/2017,GPI,MT,ANM,WE,Federal Contract Tower,3,13,6,1,23,0,1,15,1,17,3,14,21,2,40,14,24,38,78
02/15/2017,GPI,MT,ANM,WE,Federal Contract Tower,7,17,13,2,39,0,0,27,0,27,7,17,40,2,66,36,46,82,148
02/16/2017,GPI,MT,ANM,WE,Federal Contract Tower,12,16,7,0,35,0,0,4,0,4,12,16,11,0,39,12,0,12,51
02/17/2017,GPI,MT,ANM,WE,Federal Contract Tower,11,15,13,0,39,0,1,14,0,15,11,16,27,0,54,18,0,18,72
02/18/2017,GPI,MT,ANM,WE,Federal Contract Tower,9,16,6,0,31,0,0,0,0,0,9,16,6,0,31,0,0,0,31
02/19/2017,GPI,MT,ANM,WE,Federal Contract Tower,13,9,4,0,26,0,0,2,0,2,13,9,6,0,28,2,0,2,30
02/20/2017,GPI,MT,ANM,WE,Federal Contract Tower,10,9,8,0,27,0,0,0,0,0,10,9,8,0,27,0,0,0,27
02/21/2017,GPI,MT,ANM,WE,Federal Contract Tower,9,15,6,0,30,0,0,0,0,0,9,15,6,0,30,0,0,0,30
02/22/2017,GPI,MT,ANM,WE,Federal Contract Tower,11,9,6,0,26,0,0,3,0,3,11,9,9,0,29,0,0,0,29
02/23/2017,GPI,MT,ANM,WE,Federal Contract Tower,13,8,16,4,41,0,0,11,0,11,13,8,27,4,52,8,0,8,60
02/24/2017,GPI,MT,ANM,WE,Federal Contract Tower,11,13,10,0,34,0,0,13,0,13,11,13,23,0,47,0,0,0,47
02/25/2017,GPI,MT,ANM,WE,Federal Contract Tower,11,12,11,0,34,0,0,2,0,2,11,12,13,0,36,4,0,4,40
02/26/2017,GPI,MT,ANM,WE,Federal Contract Tower,13,4,11,0,28,0,0,0,0,0,13,4,11,0,28,0,0,0,28
02/27/2017,GPI,MT,ANM,WE,Federal Contract Tower,11,9,7,0,27,0,0,1,0,1,11,9,8,0,28,0,0,0,28
02/28/2017,GPI,MT,ANM,WE,Federal Contract Tower,10,11,10,0,31,0,0,3,0,3,10,11,13,0,34,0,0,0,34
03/01/2017,GPI,MT,ANM,WE,Federal Contract Tower,11,12,5,0,28,0,0,1,0,1,11,12,6,0,29,0,0,0,29
03/03/2017,GPI,MT,ANM,WE,Federal Contract Tower,11,13,10,0,34,0,1,5,0,6,11,14,15,0,40,2,0,2,42
03/04/2017,GPI,MT,ANM,WE,Federal Contract Tower,9,8,3,0,20,0,1,2,0,3,9,9,5,0,23,6,0,6,29
03/05/2017,GPI,MT,ANM,WE,Federal Contract Tower,10,10,4,0,24,0,0,0,0,0,10,10,4,0,24,0,0,0,24
03/06/2017,GPI,MT,ANM,WE,Federal Contract Tower,11,9,9,0,29,0,1,4,0,5,11,10,13,0,34,0,0,0,34
03/07/2017,GPI,MT,ANM,WE,Federal Contract Tower,10,8,4,2,24,0,0,2,0,2,10,8,6,2,26,0,0,0,26
03/08/2017,GPI,MT,ANM,WE,Federal Contract Tower,11,11,12,0,34,0,0,3,0,3,11,11,15,0,37,2,0,2,39
03/09/2017,GPI,MT,ANM,WE,Federal Contract Tower,9,15,7,0,31,0,0,0,0,0,9,15,7,0,31,0,0,0,31
03/10/2017,GPI,MT,ANM,WE,Federal Contract Tower,8,19,8,0,35,0,3,3,0,6,8,22,11,0,41,14,0,14,55
03/11/2017,GPI,MT,ANM,WE,Federal Contract Tower,10,11,13,0,34,0,0,11,0,11,10,11,24,0,45,14,0,14,59
03/12/2017,GPI,MT,ANM,WE,Federal Contract Tower,7,12,13,0,32,0,0,12,0,12,7,12,25,0,44,18,0,18,62
03/13/2017,GPI,MT,ANM,WE,Federal Contract Tower,5,12,10,0,27,0,0,5,0,5,5,12,15,0,32,2,0,2,34
03/14/2017,GPI,MT,ANM,WE,Federal Contract Tower,7,12,13,0,32,0,0,0,0,0,7,12,13,0,32,0,0,0,32
03/15/2017,GPI,MT,ANM,WE,Federal Contract Tower,5,14,9,2,30,0,2,6,0,8,5,16,15,2,38,4,4,8,46
03/16/2017,GPI,MT,ANM,WE,Federal Contract Tower,7,12,11,0,30,0,1,13,0,14,7,13,24,0,44,22,0,22,66
03/17/2017,GPI,MT,ANM,WE,Federal Contract Tower,5,16,8,0,29,0,0,28,1,29,5,16,36,1,58,26,4,30,88
03/18/2017,GPI,MT,ANM,WE,Federal Contract Tower,11,13,5,0,29,0,0,0,0,0,11,13,5,0,29,0,0,0,29
03/19/2017,GPI,MT,ANM,WE,Federal Contract Tower,6,10,13,0,29,0,0,21,0,21,6,10,34,0,50,8,0,8,58
03/20/2017,GPI,MT,ANM,WE,Federal Contract Tower,5,10,10,0,25,0,2,8,4,14,5,12,18,4,39,4,0,4,43
03/21/2017,GPI,MT,ANM,WE,Federal Contract Tower,5,15,12,2,34,0,0,6,0,6,5,15,18,2,40,8,38,46,86
03/22/2017,GPI,MT,ANM,WE,Federal Contract Tower,6,18,9,5,38,0,5,2,2,9,6,23,11,7,47,4,50,54,101
03/23/2017,GPI,MT,ANM,WE,Federal Contract Tower,6,14,13,0,33,0,1,18,1,20,6,15,31,1,53,18,0,18,71
03/24/2017,GPI,MT,ANM,WE,Federal Contract Tower,5,18,13,2,38,0,3,12,5,20,5,21,25,7,58,20,32,52,110
03/25/2017,GPI,MT,ANM,WE,Federal Contract Tower,12,10,12,0,34,0,1,17,0,18,12,11,29,0,52,40,0,40,92
03/26/2017,GPI,MT,ANM,WE,Federal Contract Tower,6,10,7,0,23,0,0,20,0,20,6,10,27,0,43,24,0,24,67
03/27/2017,GPI,MT,ANM,WE,Federal Contract Tower,5,16,2,0,23,0,0,1,0,1,5,16,3,0,24,0,0,0,24
03/28/2017,GPI,MT,ANM,WE,Federal Contract Tower,5,16,12,0,33,0,2,6,0,8,5,18,18,0,41,4,0,4,45
03/29/2017,GPI,MT,ANM,WE,Federal Contract Tower,5,17,7,1,30,0,0,2,0,2,5,17,9,1,32,0,2,2,34
03/30/2017,GPI,MT,ANM,WE,Federal Contract Tower,6,14,5,0,25,0,1,6,0,7,6,15,11,0,32,0,0,0,32
03/31/2017,GPI,MT,ANM,WE,Federal Contract Tower,4,13,14,4,35,0,0,28,0,28,4,13,42,4,63,22,0,22,85
04/01/2017,GPI,MT,ANM,WE,Federal Contract Tower,9,9,8,3,29,0,2,29,0,31,9,11,37,3,60,26,2,28,88
04/02/2017,GPI,MT,ANM,WE,Federal Contract Tower,11,8,7,0,26,0,0,10,0,10,11,8,17,0,36,0,0,0,36
04/03/2017,GPI,MT,ANM,WE,Federal Contract Tower,8,8,5,0,21,0,0,10,2,12,8,8,15,2,33,6,0,6,39
04/04/2017,GPI,MT,ANM,WE,Federal Contract Tower,6,17,9,0,32,0,2,25,0,27,6,19,34,0,59,16,0,16,75
04/05/2017,GPI,MT,ANM,WE,Federal Contract Tower,7,13,13,4,37,0,0,11,3,14,7,13,24,7,51,14,30,44,95
04/06/2017,GPI,MT,ANM,WE,Federal Contract Tower,8,13,6,2,29,0,0,10,2,12,8,13,16,4,41,16,14,30,71
04/07/2017,GPI,MT,ANM,WE,Federal Contract Tower,5,22,7,0,34,0,0,6,0,6,5,22,13,0,40,0,0,0,40
04/08/2017,GPI,MT,ANM,WE,Federal Contract Tower,6,9,5,0,20,0,0,11,0,11,6,9,16,0,31,16,0,16,47
04/09/2017,GPI,MT,ANM,WE,Federal Contract Tower,10,8,4,0,22,0,0,4,0,4,10,8,8,0,26,2,0,2,28
04/10/2017,GPI,MT,ANM,WE,Federal Contract Tower,6,10,6,0,22,0,0,6,0,6,6,10,12,0,28,6,0,6,34
04/12/2017,GPI,MT,ANM,WE,Federal Contract Tower,6,14,7,0,27,0,0,8,0,8,6,14,15,0,35,2,0,2,37
04/13/2017,GPI,MT,ANM,WE,Federal Contract Tower,8,16,15,2,41,0,2,5,0,7,8,18,20,2,48,2,0,2,50
04/14/2017,GPI,MT,ANM,WE,Federal Contract Tower,6,14,2,0,22,0,0,15,0,15,6,14,17,0,37,8,0,8,45
04/15/2017,GPI,MT,ANM,WE,Federal Contract Tower,7,7,2,0,16,0,0,5,0,5,7,7,7,0,21,20,0,20,41
04/16/2017,GPI,MT,ANM,WE,Federal Contract Tower,7,13,5,0,25,0,1,19,0,20,7,14,24,0,45,24,0,24,69
04/17/2017,GPI,MT,ANM,WE,Federal Contract Tower,6,12,5,0,23,0,0,5,0,5,6,12,10,0,28,2,0,2,30
04/18/2017,GPI,MT,ANM,WE,Federal Contract Tower,5,16,7,3,31,0,0,13,0,13,5,16,20,3,44,16,12,28,72
04/19/2017,GPI,MT,ANM,WE,Federal Contract Tower,6,13,11,2,32,0,1,26,0,27,6,14,37,2,59,36,0,36,95
04/20/2017,GPI,MT,ANM,WE,Federal Contract Tower,8,13,7,0,28,0,1,11,0,12,8,14,18,0,40,22,0,22,62
04/21/2017,GPI,MT,ANM,WE,Federal Contract Tower,5,11,14,0,30,0,0,20,0,20,5,11,34,0,50,26,0,26,76
04/22/2017,GPI,MT,ANM,WE,Federal Contract Tower,6,7,5,1,19,0,3,40,0,43,6,10,45,1,62,30,0,30,92
04/23/2017,GPI,MT,ANM,WE,Federal Contract Tower,8,7,7,1,23,0,0,8,4,12,8,7,15,5,35,10,12,22,57
04/24/2017,GPI,MT,ANM,WE,Federal Contract Tower,9,12,7,4,32,0,1,16,0,17,9,13,23,4,49,6,18,24,73
04/25/2017,GPI,MT,ANM,WE,Federal Contract Tower,8,14,6,1,29,0,1,3,0,4,8,15,9,1,33,8,2,10,43
04/26/2017,GPI,MT,ANM,WE,Federal Contract Tower,7,17,4,2,30,0,0,2,0,2,7,17,6,2,32,0,2,2,34
04/27/2017,GPI,MT,ANM,WE,Federal Contract Tower,8,18,3,0,29,0,0,4,0,4,8,18,7,0,33,0,0,0,33
04/28/2017,GPI,MT,ANM,WE,Federal Contract Tower,6,18,6,17,47,0,0,11,0,11,6,18,17,17,58,0,28,28,86
04/29/2017,GPI,MT,ANM,WE,Federal Contract Tower,6,7,3,0,16,0,0,7,0,7,6,7,10,0,23,28,0,28,51
04/30/2017,GPI,MT,ANM,WE,Federal Contract Tower,8,8,4,0,20,0,0,9,0,9,8,8,13,0,29,18,0,18,47
05/01/2017,GPI,MT,ANM,WE,Federal Contract Tower,6,10,2,6,24,0,0,5,12,17,6,10,7,18,41,8,0,8,49
05/02/2017,GPI,MT,ANM,WE,Federal Contract Tower,6,17,7,10,40,0,1,13,4,18,6,18,20,14,58,10,30,40,98
05/03/2017,GPI,MT,ANM,WE,Federal Contract Tower,7,13,6,0,26,0,2,15,0,17,7,15,21,0,43,18,0,18,61
05/04/2017,GPI,MT,ANM,WE,Federal Contract Tower,9,11,11,13,44,0,0,39,3,42,9,11,50,16,86,6,44,50,136
05/05/2017,GPI,MT,ANM,WE,Federal Contract Tower,9,10,11,3,33,0,1,23,0,24,9,11,34,3,57,22,2,24,81
05/06/2017,GPI,MT,ANM,WE,Federal Contract Tower,10,4,7,2,23,0,1,16,0,17,10,5,23,2,40,14,0,14,54
05/07/2017,GPI,MT,ANM,WE,Federal Contract Tower,11,7,9,1,28,0,0,3,0,3,11,7,12,1,31,0,0,0,31
05/08/2017,GPI,MT,ANM,WE,Federal Contract Tower,8,7,7,0,22,0,0,27,0,27,8,7,34,0,49,30,0,30,79
05/09/2017,GPI,MT,ANM,WE,Federal Contract Tower,9,14,13,3,39,0,2,36,0,38,9,16,49,3,77,30,6,36,113
05/10/2017,GPI,MT,ANM,WE,Federal Contract Tower,6,17,8,3,34,0,1,34,0,35,6,18,42,3,69,24,12,36,105
05/11/2017,GPI,MT,ANM,WE,Federal Contract Tower,10,15,11,0,36,0,2,33,0,35,10,17,44,0,71,20,0,20,91
05/12/2017,GPI,MT,ANM,WE,Federal Contract Tower,9,13,10,0,32,0,1,5,2,8,9,14,15,2,40,0,0,0,40
05/13/2017,GPI,MT,ANM,WE,Federal Contract Tower,11,13,8,0,32,0,1,16,0,17,11,14,24,0,49,12,0,12,61
05/14/2017,GPI,MT,ANM,WE,Federal Contract Tower,11,10,12,0,33,0,1,3,0,4,11,11,15,0,37,0,0,0,37
05/15/2017,GPI,MT,ANM,WE,Federal Contract Tower,9,9,9,2,29,0,1,17,0,18,9,10,26,2,47,4,0,4,51
05/16/2017,GPI,MT,ANM,WE,Federal Contract Tower,9,13,14,0,36,0,0,3,0,3,9,13,17,0,39,0,0,0,39
05/17/2017,GPI,MT,ANM,WE,Federal Contract Tower,9,12,8,0,29,0,1,4,0,5,9,13,12,0,34,0,0,0,34
05/18/2017,GPI,MT,ANM,WE,Federal Contract Tower,11,12,14,0,37,0,1,17,0,18,11,13,31,0,55,6,0,6,61
05/19/2017,GPI,MT,ANM,WE,Federal Contract Tower,8,12,4,2,26,0,3,19,0,22,8,15,23,2,48,30,0,30,78
05/20/2017,GPI,MT,ANM,WE,Federal Contract Tower,9,5,6,2,22,0,0,14,0,14,9,5,20,2,36,0,0,0,36
05/21/2017,GPI,MT,ANM,WE,Federal Contract Tower,10,10,7,0,27,0,0,27,0,27,10,10,34,0,54,8,0,8,62
05/22/2017,GPI,MT,ANM,WE,Federal Contract Tower,9,14,11,4,38,0,0,28,2,30,9,14,39,6,68,0,16,16,84
05/23/2017,GPI,MT,ANM,WE,Federal Contract Tower,9,14,11,0,34,0,0,29,0,29,9,14,40,0,63,6,0,6,69
05/24/2017,GPI,MT,ANM,WE,Federal Contract Tower,9,13,10,3,35,0,0,2,0,2,9,13,12,3,37,0,14,14,51
05/25/2017,GPI,MT,ANM,WE,Federal Contract Tower,10,16,16,0,42,0,0,40,0,40,10,16,56,0,82,52,0,52,134
05/26/2017,GPI,MT,ANM,WE,Federal Contract Tower,8,14,16,3,41,0,2,50,2,54,8,16,66,5,95,52,2,54,149
05/27/2017,GPI,MT,ANM,WE,Federal Contract Tower,9,7,9,0,25,0,0,32,0,32,9,7,41,0,57,20,0,20,77
05/28/2017,GPI,MT,ANM,WE,Federal Contract Tower,11,7,7,0,25,0,0,31,0,31,11,7,38,0,56,20,0,20,76
05/30/2017,GPI,MT,ANM,WE,Federal Contract Tower,8,8,16,4,36,0,1,34,2,37,8,9,50,6,73,6,32,38,111
05/31/2017,GPI,MT,ANM,WE,Federal Contract Tower,11,13,5,0,29,0,0,35,1,36,11,13,40,1,65,12,0,12,77
06/01/2017,GPI,MT,ANM,WE,Federal Contract Tower,11,15,15,0,41,0,0,6,3,9,11,15,21,3,50,0,0,0,50
06/02/2017,GPI,MT,ANM,WE,Federal Contract Tower,9,17,15,2,43,0,0,29,2,31,9,17,44,4,74,60,10,70,144
06/03/2017,GPI,MT,ANM,WE,Federal Contract Tower,10,9,5,0,24,0,0,49,0,49,10,9,54,0,73,36,0,36,109
06/04/2017,GPI,MT,ANM,WE,Federal Contract Tower,13,10,18,0,41,0,1,23,0,24,13,11,41,0,65,2,0,2,67
06/05/2017,GPI,MT,ANM,WE,Federal Contract Tower,15,13,15,0,43,0,2,26,0,28,15,15,41,0,71,2,0,2,73
06/06/2017,GPI,MT,ANM,WE,Federal Contract Tower,13,13,16,4,46,0,2,36,0,38,13,15,52,4,84,16,0,16,100
06/07/2017,GPI,MT,ANM,WE,Federal Contract Tower,14,15,16,7,52,0,0,48,2,50,14,15,64,9,102,24,36,60,162
06/08/2017,GPI,MT,ANM,WE,Federal Contract Tower,15,15,20,2,52,0,1,27,3,31,15,16,47,5,83,20,4,24,107
06/09/2017,GPI,MT,ANM,WE,Federal Contract Tower,17,13,14,2,46,0,0,6,0,6,17,13,20,2,52,0,0,0,52
06/10/2017,GPI,MT,ANM,WE,Federal Contract Tower,15,11,5,1,32,0,0,15,1,16,15,11,20,2,48,0,0,0,48
06/11/2017,GPI,MT,ANM,WE,Federal Contract Tower,18,8,18,0,44,0,1,37,0,38,18,9,55,0,82,12,0,12,94
06/12/2017,GPI,MT,ANM,WE,Federal Contract Tower,20,11,7,3,41,0,1,23,3,27,20,12,30,6,68,6,10,16,84
06/13/2017,GPI,MT,ANM,WE,Federal Contract Tower,15,9,10,0,34,0,1,6,0,7,15,10,16,0,41,18,0,18,59
06/14/2017,GPI,MT,ANM,WE,Federal Contract Tower,18,10,15,5,48,0,1,26,0,27,18,11,41,5,75,0,4,4,79
06/15/2017,GPI,MT,ANM,WE,Federal Contract Tower,16,13,17,0,46,0,2,21,2,25,16,15,38,2,71,16,2,18,89
06/16/2017,GPI,MT,ANM,WE,Federal Contract Tower,16,13,8,0,37,0,0,2,0,2,16,13,10,0,39,0,0,0,39
06/17/2017,GPI,MT,ANM,WE,Federal Contract Tower,20,21,8,0,49,0,2,33,0,35,20,23,41,0,84,16,0,16,100
06/18/2017,GPI,MT,ANM,WE,Federal Contract Tower,17,6,17,1,41,0,0,11,0,11,17,6,28,1,52,20,0,20,72
06/19/2017,GPI,MT,ANM,WE,Federal Contract Tower,16,11,19,3,49,0,0,39,0,39,16,11,58,3,88,16,0,16,104
06/20/2017,GPI,MT,ANM,WE,Federal Contract Tower,13,13,19,0,45,0,2,29,0,31,13,15,48,0,76,10,0,10,86
06/21/2017,GPI,MT,ANM,WE,Federal Contract Tower,19,13,10,0,42,0,1,40,0,41,19,14,50,0,83,12,0,12,95
06/22/2017,GPI,MT,ANM,WE,Federal Contract Tower,15,14,22,5,56,0,0,32,7,39,15,14,54,12,95,2,8,10,105
06/23/2017,GPI,MT,ANM,WE,Federal Contract Tower,15,11,19,2,47,0,0,41,1,42,15,11,60,3,89,18,0,18,107
06/24/2017,GPI,MT,ANM,WE,Federal Contract Tower,17,12,18,0,47,0,2,57,0,59,17,14,75,0,106,38,0,38,144
06/25/2017,GPI,MT,ANM,WE,Federal Contract Tower,18,14,23,2,57,0,0,38,0,38,18,14,61,2,95,16,4,20,115
06/26/2017,GPI,MT,ANM,WE,Federal Contract Tower,18,10,18,0,46,0,0,33,0,33,18,10,51,0,79,10,0,10,89
06/27/2017,GPI,MT,ANM,WE,Federal Contract Tower,13,17,23,3,56,0,2,48,1,51,13,19,71,4,107,16,2,18,125
06/28/2017,GPI,MT,ANM,WE,Federal Contract Tower,19,11,26,2,58,0,3,28,5,36,19,14,54,7,94,6,52,58,152
06/29/2017,GPI,MT,ANM,WE,Federal Contract Tower,19,12,34,0,65,0,1,29,0,30,19,13,63,0,95,16,0,16,111
06/30/2017,GPI,MT,ANM,WE,Federal Contract Tower,20,26,44,0,90,0,0,59,0,59,20,26,103,0,149,8,0,8,157
07/01/2017,GPI,MT,ANM,WE,Federal Contract Tower,22,27,29,0,78,0,1,70,0,71,22,28,99,0,149,46,0,46,195
07/02/2017,GPI,MT,ANM,WE,Federal Contract Tower,25,13,22,0,60,0,2,57,0,59,25,15,79,0,119,12,0,12,131
07/03/2017,GPI,MT,ANM,WE,Federal Contract Tower,20,19,11,0,50,0,2,19,0,21,20,21,30,0,71,0,0,0,71
07/04/2017,GPI,MT,ANM,WE,Federal Contract Tower,18,14,9,0,41,0,1,48,5,54,18,15,57,5,95,14,2,16,111
07/05/2017,GPI,MT,ANM,WE,Federal Contract Tower,25,18,22,7,72,0,2,49,2,53,25,20,71,9,125,24,8,32,157
07/06/2017,GPI,MT,ANM,WE,Federal Contract Tower,26,24,26,0,76,0,0,47,0,47,26,24,73,0,123,4,0,4,127
07/07/2017,GPI,MT,ANM,WE,Federal Contract Tower,26,30,18,0,74,0,2,44,0,46,26,32,62,0,120,2,0,2,122
07/08/2017,GPI,MT,ANM,WE,Federal Contract Tower,24,25,33,0,82,0,2,38,0,40,24,27,71,0,122,18,0,18,140
07/09/2017,GPI,MT,ANM,WE,Federal Contract Tower,21,23,32,10,86,0,2,61,7,70,21,25,93,17,156,10,6,16,172
07/10/2017,GPI,MT,ANM,WE,Federal Contract Tower,16,24,12,0,52,0,1,37,8,46,16,25,49,8,98,2,0,2,100
07/11/2017,GPI,MT,ANM,WE,Federal Contract Tower,20,31,29,1,81,0,3,43,4,50,20,34,72,5,131,34,12,46,177
07/12/2017,GPI,MT,ANM,WE,Federal Contract Tower,14,30,25,2,71,0,1,38,4,43,14,31,63,6,114,10,18,28,142
07/13/2017,GPI,MT,ANM,WE,Federal Contract Tower,18,29,27,2,76,0,0,56,2,58,18,29,83,4,134,4,0,4,138
07/14/2017,GPI,MT,ANM,WE,Federal Contract Tower,18,25,27,0,70,0,1,48,0,49,18,26,75,0,119,18,0,18,137
07/15/2017,GPI,MT,ANM,WE,Federal Contract Tower,22,20,27,0,69,0,3,28,0,31,22,23,55,0,100,0,0,0,100
07/16/2017,GPI,MT,ANM,WE,Federal Contract Tower,22,18,24,0,64,0,0,39,0,39,22,18,63,0,103,6,0,6,109
07/17/2017,GPI,MT,ANM,WE,Federal Contract Tower,18,18,16,1,53,0,1,42,2,45,18,19,58,3,98,4,0,4,102
07/18/2017,GPI,MT,ANM,WE,Federal Contract Tower,18,30,21,1,70,0,3,35,0,38,18,33,56,1,108,0,0,0,108
07/19/2017,GPI,MT,ANM,WE,Federal Contract Tower,19,26,24,1,70,0,1,31,4,36,19,27,55,5,106,10,6,16,122
07/20/2017,GPI,MT,ANM,WE,Federal Contract Tower,20,35,26,1,82,0,1,37,2,40,20,36,63,3,122,12,14,26,148
07/21/2017,GPI,MT,ANM,WE,Federal Contract Tower,19,23,30,1,73,0,2,49,3,54,19,25,79,4,127,20,0,20,147
07/23/2017,GPI,MT,ANM,WE,Federal Contract Tower,22,17,31,0,70,0,1,50,1,52,22,18,81,1,122,34,0,34,156
07/24/2017,GPI,MT,ANM,WE,Federal Contract Tower,20,21,21,0,62,0,0,43,14,57,20,21,64,14,119,4,2,6,125
07/25/2017,GPI,MT,ANM,WE,Federal Contract Tower,17,33,26,1,77,0,0,35,4,39,17,33,61,5,116,6,0,6,122
07/26/2017,GPI,MT,ANM,WE,Federal Contract Tower,17,22,24,2,65,0,3,51,0,54,17,25,75,2,119,26,0,26,145
07/27/2017,GPI,MT,ANM,WE,Federal Contract Tower,20,22,31,1,74,0,1,42,5,48,20,23,73,6,122,28,0,28,150
07/28/2017,GPI,MT,ANM,WE,Federal Contract Tower,19,31,30,4,84,0,3,42,0,45,19,34,72,4,129,30,0,30,159
07/29/2017,GPI,MT,ANM,WE,Federal Contract Tower,25,21,19,0,65,0,1,54,0,55,25,22,73,0,120,52,0,52,172
07/30/2017,GPI,MT,ANM,WE,Federal Contract Tower,20,30,47,6,103,0,1,45,7,53,20,31,92,13,156,24,0,24,180
07/31/2017,GPI,MT,ANM,WE,Federal Contract Tower,21,17,26,7,71,0,0,43,14,57,21,17,69,21,128,32,0,32,160
08/01/2017,GPI,MT,ANM,WE,Federal Contract Tower,15,29,14,2,60,0,0,39,15,54,15,29,53,17,114,0,6,6,120
08/02/2017,GPI,MT,ANM,WE,Federal Contract Tower,20,22,19,4,65,0,2,34,9,45,20,24,53,13,110,4,0,4,114
08/03/2017,GPI,MT,ANM,WE,Federal Contract Tower,21,24,31,1,77,0,2,50,9,61,21,26,81,10,138,10,2,12,150
08/04/2017,GPI,MT,ANM,WE,Federal Contract Tower,21,24,42,0,87,0,1,32,6,39,21,25,74,6,126,0,0,0,126
08/06/2017,GPI,MT,ANM,WE,Federal Contract Tower,23,17,39,2,81,0,1,52,9,62,23,18,91,11,143,18,2,20,163
08/07/2017,GPI,MT,ANM,WE,Federal Contract Tower,22,16,30,0,68,0,0,29,3,32,22,16,59,3,100,6,0,6,106
08/08/2017,GPI,MT,ANM,WE,Federal Contract Tower,21,35,24,0,80,0,0,37,7,44,21,35,61,7,124,2,0,2,126
08/09/2017,GPI,MT,ANM,WE,Federal Contract Tower,22,24,17,0,63,0,0,33,4,37,22,24,50,4,100,4,0,4,104
08/10/2017,GPI,MT,ANM,WE,Federal Contract Tower,21,26,34,0,81,0,2,28,13,43,21,28,62,13,124,16,0,16,140
08/11/2017,GPI,MT,ANM,WE,Federal Contract Tower,23,25,25,3,76,0,0,25,6,31,23,25,50,9,107,0,0,0,107
08/12/2017,GPI,MT,ANM,WE,Federal Contract Tower,24,22,21,0,67,0,0,40,23,63,24,22,61,23,130,4,0,4,134
08/13/2017,GPI,MT,ANM,WE,Federal Contract Tower,27,30,27,0,84,0,0,29,15,44,27,30,56,15,128,0,0,0,128
08/14/2017,GPI,MT,ANM,WE,Federal Contract Tower,22,19,28,3,72,0,0,28,13,41,22,19,56,16,113,2,8,10,123
08/15/2017,GPI,MT,ANM,WE,Federal Contract Tower,22,16,24,0,62,0,2,44,4,50,22,18,68,4,112,12,0,12,124
08/16/2017,GPI,MT,ANM,WE,Federal Contract Tower,28,16,18,1,63,0,0,42,7,49,28,16,60,8,112,16,0,16,128
08/17/2017,GPI,MT,ANM,WE,Federal Contract Tower,21,25,27,0,73,0,0,62,3,65,21,25,89,3,138,46,0,46,184
08/18/2017,GPI,MT,ANM,WE,Federal Contract Tower,21,25,18,1,65,0,5,30,7,42,21,30,48,8,107,14,0,14,121
08/19/2017,GPI,MT,ANM,WE,Federal Contract Tower,27,16,21,1,65,0,6,41,7,54,27,22,62,8,119,12,2,14,133
08/20/2017,GPI,MT,ANM,WE,Federal Contract Tower,21,19,29,1,70,0,2,23,6,31,21,21,52,7,101,0,0,0,101
08/21/2017,GPI,MT,ANM,WE,Federal Contract Tower,23,17,21,0,61,0,0,40,2,42,23,17,61,2,103,6,0,6,109
08/22/2017,GPI,MT,ANM,WE,Federal Contract Tower,19,28,17,0,64,0,1,41,5,47,19,29,58,5,111,6,4,10,121
08/23/2017,GPI,MT,ANM,WE,Federal Contract Tower,21,25,21,0,67,0,0,42,5,47,21,25,63,5,114,2,0,2,116
08/24/2017,GPI,MT,ANM,WE,Federal Contract Tower,22,27,21,0,70,0,0,25,4,29,22,27,46,4,99,2,0,2,101
08/25/2017,GPI,MT,ANM,WE,Federal Contract Tower,21,24,25,1,71,0,1,61,7,69,21,25,86,8,140,10,6,16,156
08/26/2017,GPI,MT,ANM,WE,Federal Contract Tower,20,18,13,2,53,0,1,48,15,64,20,19,61,17,117,22,2,24,141
08/27/2017,GPI,MT,ANM,WE,Federal Contract Tower,18,14,17,6,55,0,0,54,18,72,18,14,71,24,127,4,12,16,143
08/28/2017,GPI,MT,ANM,WE,Federal Contract Tower,19,20,28,0,67,0,1,41,8,50,19,21,69,8,117,14,0,14,131
08/29/2017,GPI,MT,ANM,WE,Federal Contract Tower,15,24,23,2,64,0,1,8,2,11,15,25,31,4,75,0,0,0,75
08/30/2017,GPI,MT,ANM,WE,Federal Contract Tower,17,27,17,0,61,0,3,10,3,16,17,30,27,3,77,8,0,8,85
08/31/2017,GPI,MT,ANM,WE,Federal Contract Tower,19,22,30,0,71,0,0,16,2,18,19,22,46,2,89,28,0,28,117
09/01/2017,GPI,MT,ANM,WE,Federal Contract Tower,14,23,32,0,69,0,0,37,4,41,14,23,69,4,110,14,0,14,124
09/02/2017,GPI,MT,ANM,WE,Federal Contract Tower,18,12,14,0,44,0,0,35,7,42,18,12,49,7,86,16,0,16,102
09/03/2017,GPI,MT,ANM,WE,Federal Contract Tower,16,10,9,0,35,0,0,15,4,19,16,10,24,4,54,0,0,0,54
09/04/2017,GPI,MT,ANM,WE,Federal Contract Tower,15,13,31,0,59,0,0,12,2,14,15,13,43,2,73,0,0,0,73
09/05/2017,GPI,MT,ANM,WE,Federal Contract Tower,15,23,34,0,72,0,0,10,0,10,15,23,44,0,82,0,0,0,82
09/06/2017,GPI,MT,ANM,WE,Federal Contract Tower,17,23,23,0,63,0,0,1,0,1,17,23,24,0,64,0,0,0,64
09/07/2017,GPI,MT,ANM,WE,Federal Contract Tower,18,17,28,1,64,0,0,0,0,0,18,17,28,1,64,0,0,0,64
09/08/2017,GPI,MT,ANM,WE,Federal Contract Tower,16,24,14,0,54,0,0,0,0,0,16,24,14,0,54,0,0,0,54
09/09/2017,GPI,MT,ANM,WE,Federal Contract Tower,16,10,7,0,33,0,0,1,2,3,16,10,8,2,36,0,0,0,36
09/10/2017,GPI,MT,ANM,WE,Federal Contract Tower,19,15,21,0,55,0,0,21,18,39,19,15,42,18,94,28,0,28,122
09/11/2017,GPI,MT,ANM,WE,Federal Contract Tower,17,11,14,4,46,0,0,37,36,73,17,11,51,40,119,34,0,34,153
09/12/2017,GPI,MT,ANM,WE,Federal Contract Tower,17,16,7,0,40,0,0,11,31,42,17,16,18,31,82,0,0,0,82
09/13/2017,GPI,MT,ANM,WE,Federal Contract Tower,16,23,25,0,64,0,0,2,16,18,16,23,27,16,82,0,0,0,82
09/14/2017,GPI,MT,ANM,WE,Federal Contract Tower,19,18,24,3,64,0,0,4,16,20,19,18,28,19,84,0,0,0,84
09/15/2017,GPI,MT,ANM,WE,Federal Contract Tower,18,20,11,2,51,0,1,8,1,10,18,21,19,3,61,0,0,0,61
09/16/2017,GPI,MT,ANM,WE,Federal Contract Tower,15,18,12,0,45,0,0,21,12,33,15,18,33,12,78,0,0,0,78
09/17/2017,GPI,MT,ANM,WE,Federal Contract Tower,16,15,12,0,43,0,0,36,8,44,16,15,48,8,87,8,0,8,95
09/18/2017,GPI,MT,ANM,WE,Federal Contract Tower,15,21,11,0,47,0,0,2,0,2,15,21,13,0,49,2,0,2,51
09/19/2017,GPI,MT,ANM,WE,Federal Contract Tower,17,18,13,0,48,0,1,6,0,7,17,19,19,0,55,10,0,10,65
09/20/2017,GPI,MT,ANM,WE,Federal Contract Tower,16,15,9,0,40,0,0,12,0,12,16,15,21,0,52,52,0,52,104
09/21/2017,GPI,MT,ANM,WE,Federal Contract Tower,18,16,10,1,45,0,0,9,4,13,18,16,19,5,58,2,0,2,60
09/22/2017,GPI,MT,ANM,WE,Federal Contract Tower,17,29,9,2,57,0,0,16,2,18,17,29,25,4,75,18,14,32,107
09/23/2017,GPI,MT,ANM,WE,Federal Contract Tower,14,6,9,0,29,0,0,18,0,18,14,6,27,0,47,10,0,10,57
09/24/2017,GPI,MT,ANM,WE,Federal Contract Tower,18,14,5,1,38,0,0,32,0,32,18,14,37,1,70,28,0,28,98
09/25/2017,GPI,MT,ANM,WE,Federal Contract Tower,17,11,8,1,37,0,0,6,0,6,17,11,14,1,43,8,0,8,51
09/26/2017,GPI,MT,ANM,WE,Federal Contract Tower,16,12,12,1,41,0,0,16,2,18,16,12,28,3,59,24,34,58,117
09/27/2017,GPI,MT,ANM,WE,Federal Contract Tower,15,18,8,2,43,0,1,24,9,34,15,19,32,11,77,4,26,30,107
09/28/2017,GPI,MT,ANM,WE,Federal Contract Tower,18,15,16,0,49,0,0,41,1,42,18,15,57,1,91,22,0,22,113
09/29/2017,GPI,MT,ANM,WE,Federal Contract Tower,15,20,17,2,54,0,1,38,4,43,15,21,55,6,97,0,0,0,97
09/30/2017,GPI,MT,ANM,WE,Federal Contract Tower,12,9,9,0,30,0,1,12,4,17,12,10,21,4,47,4,0,4,51
10/01/2017,GPI,MT,ANM,WE,Federal Contract Tower,15,10,10,0,35,0,0,8,0,8,15,10,18,0,43,0,0,0,43
10/02/2017,GPI,MT,ANM,WE,Federal Contract Tower,13,13,12,0,38,0,0,0,0,0,13,13,12,0,38,0,0,0,38
10/03/2017,GPI,MT,ANM,WE,Federal Contract Tower,11,11,13,0,35,0,0,21,0,21,11,11,34,0,56,4,0,4,60
10/04/2017,GPI,MT,ANM,WE,Federal Contract Tower,16,15,16,0,47,0,1,14,0,15,16,16,30,0,62,22,0,22,84
10/05/2017,GPI,MT,ANM,WE,Federal Contract Tower,11,12,9,0,32,0,0,17,7,24,11,12,26,7,56,28,0,28,84
10/06/2017,GPI,MT,ANM,WE,Federal Contract Tower,8,10,11,5,34,0,1,17,6,24,8,11,28,11,58,18,12,30,88
10/07/2017,GPI,MT,ANM,WE,Federal Contract Tower,9,6,7,0,22,0,0,1,0,1,9,6,8,0,23,0,0,0,23
10/08/2017,GPI,MT,ANM,WE,Federal Contract Tower,10,4,9,0,23,0,0,11,0,11,10,4,20,0,34,6,0,6,40
10/09/2017,GPI,MT,ANM,WE,Federal Contract Tower,9,9,19,0,37,0,1,21,0,22,9,10,40,0,59,8,0,8,67
10/10/2017,GPI,MT,ANM,WE,Federal Contract Tower,9,12,8,12,41,0,0,27,10,37,9,12,35,22,78,18,10,28,106
10/11/2017,GPI,MT,ANM,WE,Federal Contract Tower,10,13,8,0,31,0,0,23,0,23,10,13,31,0,54,6,0,6,60
10/12/2017,GPI,MT,ANM,WE,Federal Contract Tower,10,12,14,1,37,0,0,2,2,4,10,12,16,3,41,0,10,10,51
10/13/2017,GPI,MT,ANM,WE,Federal Contract Tower,8,16,14,0,38,0,0,3,4,7,8,16,17,4,45,0,0,0,45
10/14/2017,GPI,MT,ANM,WE,Federal Contract Tower,9,10,7,0,26,0,0,5,0,5,9,10,12,0,31,8,0,8,39
10/15/2017,GPI,MT,ANM,WE,Federal Contract Tower,11,5,9,2,27,0,0,28,0,28,11,5,37,2,55,38,0,38,93
10/16/2017,GPI,MT,ANM,WE,Federal Contract Tower,9,10,15,0,34,0,1,38,0,39,9,11,53,0,73,8,0,8,81
10/17/2017,GPI,MT,ANM,WE,Federal Contract Tower,9,10,15,0,34,0,0,9,0,9,9,10,24,0,43,0,0,0,43
10/18/2017,GPI,MT,ANM,WE,Federal Contract Tower,10,14,10,0,34,0,1,19,0,20,10,15,29,0,54,14,0,14,68
10/19/2017,GPI,MT,ANM,WE,Federal Contract Tower,10,17,8,1,36,0,0,8,12,20,10,17,16,13,56,10,48,58,114
10/20/2017,GPI,MT,ANM,WE,Federal Contract Tower,7,18,11,0,36,0,0,3,0,3,7,18,14,0,39,14,0,14,53
10/21/2017,GPI,MT,ANM,WE,Federal Contract Tower,8,4,7,0,19,0,0,18,0,18,8,4,25,0,37,36,0,36,73
10/22/2017,GPI,MT,ANM,WE,Federal Contract Tower,11,6,5,0,22,0,0,0,0,0,11,6,5,0,22,0,0,0,22
10/23/2017,GPI,MT,ANM,WE,Federal Contract Tower,9,10,9,0,28,0,0,24,0,24,9,10,33,0,52,8,0,8,60
10/24/2017,GPI,MT,ANM,WE,Federal Contract Tower,9,10,10,0,29,0,2,30,0,32,9,12,40,0,61,22,0,22,83
10/25/2017,GPI,MT,ANM,WE,Federal Contract Tower,9,14,8,0,31,0,0,12,0,12,9,14,20,0,43,6,0,6,49
10/26/2017,GPI,MT,ANM,WE,Federal Contract Tower,9,12,10,0,31,0,0,29,0,29,9,12,39,0,60,48,0,48,108
10/27/2017,GPI,MT,ANM,WE,Federal Contract Tower,8,14,15,2,39,0,0,42,0,42,8,14,57,2,81,34,0,34,115
10/28/2017,GPI,MT,ANM,WE,Federal Contract Tower,9,7,1,0,17,0,0,21,0,21,9,7,22,0,38,4,0,4,42
10/29/2017,GPI,MT,ANM,WE,Federal Contract Tower,6,10,11,2,29,0,0,2,0,2,6,10,13,2,31,0,0,0,31
10/30/2017,GPI,MT,ANM,WE,Federal Contract Tower,8,10,7,0,25,0,1,29,0,30,8,11,36,0,55,12,0,12,67
10/31/2017,GPI,MT,ANM,WE,Federal Contract Tower,5,12,9,5,31,0,0,6,4,10,5,12,15,9,41,6,20,26,67
11/01/2017,GPI,MT,ANM,WE,Federal Contract Tower,5,18,6,0,29,0,0,0,0,0,5,18,6,0,29,0,0,0,29
11/02/2017,GPI,MT,ANM,WE,Federal Contract Tower,8,14,2,0,24,0,0,0,0,0,8,14,2,0,24,0,0,0,24
11/03/2017,GPI,MT,ANM,WE,Federal Contract Tower,5,15,8,0,28,0,0,0,0,0,5,15,8,0,28,0,0,0,28
11/04/2017,GPI,MT,ANM,WE,Federal Contract Tower,7,11,5,0,23,0,0,3,0,3,7,11,8,0,26,2,0,2,28
11/05/2017,GPI,MT,ANM,WE,Federal Contract Tower,10,8,6,0,24,0,0,0,0,0,10,8,6,0,24,0,0,0,24
11/06/2017,GPI,MT,ANM,WE,Federal Contract Tower,8,14,9,0,31,0,0,4,0,4,8,14,13,0,35,0,0,0,35
11/07/2017,GPI,MT,ANM,WE,Federal Contract Tower,6,17,13,0,36,0,0,15,0,15,6,17,28,0,51,16,0,16,67
11/08/2017,GPI,MT,ANM,WE,Federal Contract Tower,8,19,1,0,28,0,0,2,0,2,8,19,3,0,30,0,0,0,30
11/09/2017,GPI,MT,ANM,WE,Federal Contract Tower,10,15,8,0,33,0,0,0,0,0,10,15,8,0,33,0,0,0,33
11/10/2017,GPI,MT,ANM,WE,Federal Contract Tower,7,17,7,0,31,0,0,7,0,7,7,17,14,0,38,10,0,10,48
11/11/2017,GPI,MT,ANM,WE,Federal Contract Tower,6,11,4,0,21,0,0,0,0,0,6,11,4,0,21,0,0,0,21
11/12/2017,GPI,MT,ANM,WE,Federal Contract Tower,8,11,6,2,27,0,0,8,0,8,8,11,14,2,35,16,0,16,51
11/13/2017,GPI,MT,ANM,WE,Federal Contract Tower,9,14,2,1,26,0,0,0,0,0,9,14,2,1,26,0,0,0,26
11/14/2017,GPI,MT,ANM,WE,Federal Contract Tower,6,17,13,0,36,0,1,4,0,5,6,18,17,0,41,14,0,14,55
11/15/2017,GPI,MT,ANM,WE,Federal Contract Tower,8,16,14,1,39,0,1,26,6,33,8,17,40,7,72,54,12,66,138
11/16/2017,GPI,MT,ANM,WE,Federal Contract Tower,9,17,4,0,30,0,0,10,0,10,9,17,14,0,40,32,0,32,72
11/17/2017,GPI,MT,ANM,WE,Federal Contract Tower,9,12,6,0,27,0,0,4,0,4,9,12,10,0,31,2,0,2,33
11/18/2017,GPI,MT,ANM,WE,Federal Contract Tower,6,9,3,0,18,0,0,14,0,14,6,9,17,0,32,6,0,6,38
11/19/2017,GPI,MT,ANM,WE,Federal Contract Tower,9,8,4,0,21,0,0,13,0,13,9,8,17,0,34,10,0,10,44
11/20/2017,GPI,MT,ANM,WE,Federal Contract Tower,6,9,6,0,21,0,0,2,0,2,6,9,8,0,23,0,0,0,23
11/21/2017,GPI,MT,ANM,WE,Federal Contract Tower,9,19,6,0,34,0,0,11,0,11,9,19,17,0,45,12,0,12,57
11/22/2017,GPI,MT,ANM,WE,Federal Contract Tower,9,20,13,0,42,0,0,6,0,6,9,20,19,0,48,0,0,0,48
11/23/2017,GPI,MT,ANM,WE,Federal Contract Tower,4,3,3,0,10,0,0,0,0,0,4,3,3,0,10,0,0,0,10
11/24/2017,GPI,MT,ANM,WE,Federal Contract Tower,10,20,7,0,37,0,0,8,0,8,10,20,15,0,45,0,0,0,45
11/25/2017,GPI,MT,ANM,WE,Federal Contract Tower,6,10,7,1,24,0,0,19,1,20,6,10,26,2,44,10,0,10,54
11/26/2017,GPI,MT,ANM,WE,Federal Contract Tower,9,11,8,0,28,0,0,15,0,15,9,11,23,0,43,20,0,20,63
11/27/2017,GPI,MT,ANM,WE,Federal Contract Tower,8,12,9,1,30,0,1,16,4,21,8,13,25,5,51,4,2,6,57
11/28/2017,GPI,MT,ANM,WE,Federal Contract Tower,4,20,8,2,34,0,0,17,6,23,4,20,25,8,57,12,22,34,91
11/29/2017,GPI,MT,ANM,WE,Federal Contract Tower,6,18,14,2,40,0,2,8,1,11,6,20,22,3,51,14,2,16,67
11/30/2017,GPI,MT,ANM,WE,Federal Contract Tower,8,14,11,4,37,0,0,7,1,8,8,14,18,5,45,4,6,10,55
12/01/2017,GPI,MT,ANM,WE,Federal Contract Tower,7,15,10,0,32,0,0,2,0,2,7,15,12,0,34,0,0,0,34
12/02/2017,GPI,MT,ANM,WE,Federal Contract Tower,4,9,7,0,20,0,0,7,0,7,4,9,14,0,27,6,0,6,33
12/03/2017,GPI,MT,ANM,WE,Federal Contract Tower,8,7,5,0,20,0,0,1,0,1,8,7,6,0,21,0,0,0,21
12/04/2017,GPI,MT,ANM,WE,Federal Contract Tower,7,10,6,1,24,0,1,8,1,10,7,11,14,2,34,4,2,6,40
12/05/2017,GPI,MT,ANM,WE,Federal Contract Tower,4,16,7,2,29,0,0,7,0,7,4,16,14,2,36,8,0,8,44
12/06/2017,GPI,MT,ANM,WE,Federal Contract Tower,4,14,12,0,30,0,0,20,0,20,4,14,32,0,50,18,0,18,68
12/07/2017,GPI,MT,ANM,WE,Federal Contract Tower,9,21,5,4,39,0,0,10,1,11,9,21,15,5,50,22,6,28,78
12/08/2017,GPI,MT,ANM,WE,Federal Contract Tower,7,19,14,0,40,0,0,1,0,1,7,19,15,0,41,2,0,2,43
12/09/2017,GPI,MT,ANM,WE,Federal Contract Tower,5,12,12,2,31,0,0,9,0,9,5,12,21,2,40,18,0,18,58
12/10/2017,GPI,MT,ANM,WE,Federal Contract Tower,10,12,10,4,36,0,0,0,0,0,10,12,10,4,36,0,4,4,40
12/11/2017,GPI,MT,ANM,WE,Federal Contract Tower,7,11,10,4,32,0,0,0,0,0,7,11,10,4,32,0,4,4,36
12/12/2017,GPI,MT,ANM,WE,Federal Contract Tower,3,16,11,0,30,0,0,0,0,0,3,16,11,0,30,0,0,0,30
12/13/2017,GPI,MT,ANM,WE,Federal Contract Tower,5,16,6,1,28,0,0,11,4,15,5,16,17,5,43,10,34,44,87
12/14/2017,GPI,MT,ANM,WE,Federal Contract Tower,9,15,14,0,38,0,0,3,0,3,9,15,17,0,41,6,0,6,47
12/15/2017,GPI,MT,ANM,WE,Federal Contract Tower,7,19,13,2,41,0,0,0,0,0,7,19,13,2,41,0,0,0,41
12/16/2017,GPI,MT,ANM,WE,Federal Contract Tower,4,13,9,0,26,0,0,4,0,4,4,13,13,0,30,4,0,4,34
12/17/2017,GPI,MT,ANM,WE,Federal Contract Tower,11,10,10,0,31,0,0,0,0,0,11,10,10,0,31,0,0,0,31
12/18/2017,GPI,MT,ANM,WE,Federal Contract Tower,7,10,8,2,27,0,0,3,0,3,7,10,11,2,30,0,2,2,32
12/19/2017,GPI,MT,ANM,WE,Federal Contract Tower,5,20,2,0,27,0,0,0,0,0,5,20,2,0,27,0,0,0,27
12/20/2017,GPI,MT,ANM,WE,Federal Contract Tower,13,23,14,2,52,0,10,3,0,13,13,33,17,2,65,4,0,4,69
12/22/2017,GPI,MT,ANM,WE,Federal Contract Tower,17,22,15,0,54,0,0,2,0,2,17,22,17,0,56,0,0,0,56
12/23/2017,GPI,MT,ANM,WE,Federal Contract Tower,13,20,3,0,36,0,0,17,0,17,13,20,20,0,53,0,0,0,53
12/24/2017,GPI,MT,ANM,WE,Federal Contract Tower,17,5,1,0,23,0,0,7,0,7,17,5,8,0,30,20,0,20,50
12/25/2017,GPI,MT,ANM,WE,Federal Contract Tower,14,6,1,0,21,0,0,7,0,7,14,6,8,0,28,12,0,12,40
12/26/2017,GPI,MT,ANM,WE,Federal Contract Tower,17,21,24,0,62,0,3,15,0,18,17,24,39,0,80,26,0,26,106
12/27/2017,GPI,MT,ANM,WE,Federal Contract Tower,15,20,19,0,54,0,0,8,0,8,15,20,27,0,62,2,0,2,64
12/28/2017,GPI,MT,ANM,WE,Federal Contract Tower,17,22,11,0,50,0,0,0,0,0,17,22,11,0,50,0,0,0,50
12/29/2017,GPI,MT,ANM,WE,Federal Contract Tower,11,15,7,0,33,0,0,0,0,0,11,15,7,0,33,0,0,0,33
12/30/2017,GPI,MT,ANM,WE,Federal Contract Tower,16,14,12,0,42,0,0,2,0,2,16,14,14,0,44,0,0,0,44
12/31/2017,GPI,MT,ANM,WE,Federal Contract Tower,15,9,5,0,29,0,0,19,0,19,15,9,24,0,48,24,0,24,72
01/01/2018,GPI,MT,ANM,WE,Federal Contract Tower,16,12,14,0,42,0,0,10,0,10,16,12,24,0,52,10,0,10,62
01/02/2018,GPI,MT,ANM,WE,Federal Contract Tower,14,18,26,0,58,0,0,10,0,10,14,18,36,0,68,14,0,14,82
01/03/2018,GPI,MT,ANM,WE,Federal Contract Tower,12,17,18,0,47,0,15,0,0,15,12,32,18,0,62,20,0,20,82
01/04/2018,GPI,MT,ANM,WE,Federal Contract Tower,11,18,13,2,44,0,0,0,0,0,11,18,13,2,44,0,0,0,44
01/05/2018,GPI,MT,ANM,WE,Federal Contract Tower,10,21,15,0,46,0,0,2,0,2,10,21,17,0,48,0,0,0,48
01/06/2018,GPI,MT,ANM,WE,Federal Contract Tower,7,17,7,0,31,0,0,0,0,0,7,17,7,0,31,0,0,0,31
01/07/2018,GPI,MT,ANM,WE,Federal Contract Tower,15,16,7,0,38,0,2,5,0,7,15,18,12,0,45,20,0,20,65
01/08/2018,GPI,MT,ANM,WE,Federal Contract Tower,8,16,5,0,29,0,2,9,0,11,8,18,14,0,40,12,0,12,52
01/09/2018,GPI,MT,ANM,WE,Federal Contract Tower,9,9,9,0,27,0,0,0,0,0,9,9,9,0,27,0,0,0,27
01/10/2018,GPI,MT,ANM,WE,Federal Contract Tower,9,13,12,0,34,0,0,7,0,7,9,13,19,0,41,28,0,28,69
01/11/2018,GPI,MT,ANM,WE,Federal Contract Tower,9,21,6,0,36,0,0,0,0,0,9,21,6,0,36,0,0,0,36
01/12/2018,GPI,MT,ANM,WE,Federal Contract Tower,7,24,15,0,46,0,0,0,0,0,7,24,15,0,46,0,0,0,46
01/13/2018,GPI,MT,ANM,WE,Federal Contract Tower,6,14,5,0,25,0,0,3,0,3,6,14,8,0,28,2,0,2,30
01/14/2018,GPI,MT,ANM,WE,Federal Contract Tower,10,9,2,0,21,0,0,0,0,0,10,9,2,0,21,0,0,0,21
01/15/2018,GPI,MT,ANM,WE,Federal Contract Tower,11,17,17,0,45,0,0,25,0,25,11,17,42,0,70,24,0,24,94
01/16/2018,GPI,MT,ANM,WE,Federal Contract Tower,8,16,6,0,30,0,0,4,0,4,8,16,10,0,34,2,0,2,36
01/17/2018,GPI,MT,ANM,WE,Federal Contract Tower,9,21,12,0,42,0,0,6,0,6,9,21,18,0,48,4,0,4,52
01/18/2018,GPI,MT,ANM,WE,Federal Contract Tower,8,19,6,0,33,0,0,0,0,0,8,19,6,0,33,0,0,0,33
01/19/2018,GPI,MT,ANM,WE,Federal Contract Tower,6,19,7,2,34,0,0,5,0,5,6,19,12,2,39,6,0,6,45
01/20/2018,GPI,MT,ANM,WE,Federal Contract Tower,9,14,7,0,30,0,0,6,0,6,9,14,13,0,36,10,0,10,46
01/21/2018,GPI,MT,ANM,WE,Federal Contract Tower,11,7,4,0,22,0,0,12,0,12,11,7,16,0,34,8,0,8,42
01/22/2018,GPI,MT,ANM,WE,Federal Contract Tower,9,9,8,6,32,0,2,10,0,12,9,11,18,6,44,34,6,40,84
01/23/2018,GPI,MT,ANM,WE,Federal Contract Tower,8,12,12,0,32,0,0,20,2,22,8,12,32,2,54,16,0,16,70
01/24/2018,GPI,MT,ANM,WE,Federal Contract Tower,8,13,13,0,34,0,0,5,0,5,8,13,18,0,39,0,0,0,39
01/25/2018,GPI,MT,ANM,WE,Federal Contract Tower,9,15,5,0,29,0,0,7,0,7,9,15,12,0,36,0,0,0,36
01/26/2018,GPI,MT,ANM,WE,Federal Contract Tower,7,13,10,0,30,0,0,6,0,6,7,13,16,0,36,2,0,2,38
01/27/2018,GPI,MT,ANM,WE,Federal Contract Tower,8,8,5,1,22,0,0,2,0,2,8,8,7,1,24,2,2,4,28
01/28/2018,GPI,MT,ANM,WE,Federal Contract Tower,12,6,7,0,25,0,0,0,0,0,12,6,7,0,25,0,0,0,25
01/29/2018,GPI,MT,ANM,WE,Federal Contract Tower,10,11,4,0,25,0,0,4,0,4,10,11,8,0,29,0,0,0,29
01/30/2018,GPI,MT,ANM,WE,Federal Contract Tower,9,10,14,0,33,0,2,5,2,9,9,12,19,2,42,0,0,0,42
01/31/2018,GPI,MT,ANM,WE,Federal Contract Tower,5,18,10,0,33,0,0,12,0,12,5,18,22,0,45,28,0,28,73
02/01/2018,GPI,MT,ANM,WE,Federal Contract Tower,9,16,10,0,35,0,0,3,0,3,9,16,13,0,38,2,0,2,40
02/02/2018,GPI,MT,ANM,WE,Federal Contract Tower,8,21,7,0,36,0,0,1,0,1,8,21,8,0,37,0,0,0,37
02/03/2018,GPI,MT,ANM,WE,Federal Contract Tower,6,11,3,0,20,0,0,4,0,4,6,11,7,0,24,0,0,0,24
02/04/2018,GPI,MT,ANM,WE,Federal Contract Tower,9,10,7,0,26,0,0,2,0,2,9,10,9,0,28,0,0,0,28
02/05/2018,GPI,MT,ANM,WE,Federal Contract Tower,14,10,9,0,33,0,0,0,0,0,14,10,9,0,33,0,0,0,33
02/06/2018,GPI,MT,ANM,WE,Federal Contract Tower,9,8,5,0,22,0,0,4,0,4,9,8,9,0,26,0,0,0,26
02/07/2018,GPI,MT,ANM,WE,Federal Contract Tower,9,21,9,0,39,0,0,6,0,6,9,21,15,0,45,30,0,30,75
02/08/2018,GPI,MT,ANM,WE,Federal Contract Tower,4,15,6,0,25,0,0,0,0,0,4,15,6,0,25,0,0,0,25
02/09/2018,GPI,MT,ANM,WE,Federal Contract Tower,8,15,9,0,32,0,1,8,0,9,8,16,17,0,41,20,0,20,61
02/10/2018,GPI,MT,ANM,WE,Federal Contract Tower,8,9,10,0,27,0,0,5,0,5,8,9,15,0,32,8,0,8,40
02/11/2018,GPI,MT,ANM,WE,Federal Contract Tower,14,7,19,0,40,0,0,7,0,7,14,7,26,0,47,2,0,2,49
02/12/2018,GPI,MT,ANM,WE,Federal Contract Tower,10,10,11,0,31,0,0,19,2,21,10,10,30,2,52,48,6,54,106
02/13/2018,GPI,MT,ANM,WE,Federal Contract Tower,7,16,8,0,31,0,0,12,0,12,7,16,20,0,43,0,0,0,43
02/14/2018,GPI,MT,ANM,WE,Federal Contract Tower,7,17,12,0,36,0,0,0,0,0,7,17,12,0,36,0,0,0,36
02/15/2018,GPI,MT,ANM,WE,Federal Contract Tower,9,23,20,0,52,0,0,0,0,0,9,23,20,0,52,0,0,0,52
02/16/2018,GPI,MT,ANM,WE,Federal Contract Tower,6,18,9,0,33,0,0,2,0,2,6,18,11,0,35,0,0,0,35
02/17/2018,GPI,MT,ANM,WE,Federal Contract Tower,7,10,7,0,24,0,0,0,0,0,7,10,7,0,24,0,0,0,24
02/18/2018,GPI,MT,ANM,WE,Federal Contract Tower,15,11,9,0,35,0,0,8,0,8,15,11,17,0,43,6,0,6,49
02/19/2018,GPI,MT,ANM,WE,Federal Contract Tower,8,14,10,0,32,0,0,13,0,13,8,14,23,0,45,0,0,0,45
02/20/2018,GPI,MT,ANM,WE,Federal Contract Tower,7,17,15,0,39,0,0,11,0,11,7,17,26,0,50,4,0,4,54
02/21/2018,GPI,MT,ANM,WE,Federal Contract Tower,14,16,14,0,44,0,0,23,0,23,14,16,37,0,67,4,0,4,71
02/22/2018,GPI,MT,ANM,WE,Federal Contract Tower,10,19,7,3,39,0,0,9,1,10,10,19,16,4,49,8,0,8,57
02/23/2018,GPI,MT,ANM,WE,Federal Contract Tower,9,12,13,4,38,0,0,14,2,16,9,12,27,6,54,8,36,44,98
02/24/2018,GPI,MT,ANM,WE,Federal Contract Tower,10,14,1,4,29,0,0,1,2,3,10,14,2,6,32,0,6,6,38
02/25/2018,GPI,MT,ANM,WE,Federal Contract Tower,14,7,6,0,27,0,0,2,0,2,14,7,8,0,29,0,0,0,29
02/26/2018,GPI,MT,ANM,WE,Federal Contract Tower,11,11,10,0,32,0,1,3,0,4,11,12,13,0,36,0,0,0,36
02/27/2018,GPI,MT,ANM,WE,Federal Contract Tower,9,17,9,2,37,0,2,9,14,25,9,19,18,16,62,2,10,12,74
02/28/2018,GPI,MT,ANM,WE,Federal Contract Tower,12,10,7,0,29,0,2,4,0,6,12,12,11,0,35,4,0,4,39
03/02/2018,GPI,MT,ANM,WE,Federal Contract Tower,7,16,5,0,28,0,0,5,0,5,7,16,10,0,33,4,0,4,37
03/03/2018,GPI,MT,ANM,WE,Federal Contract Tower,8,11,2,0,21,0,0,13,0,13,8,11,15,0,34,22,0,22,56
03/04/2018,GPI,MT,ANM,WE,Federal Contract Tower,11,10,13,0,34,0,0,10,2,12,11,10,23,2,46,12,0,12,58
03/05/2018,GPI,MT,ANM,WE,Federal Contract Tower,9,11,3,0,23,0,0,5,0,5,9,11,8,0,28,0,0,0,28
03/06/2018,GPI,MT,ANM,WE,Federal Contract Tower,7,17,3,9,36,0,1,11,5,17,7,18,14,14,53,18,0,18,71
03/07/2018,GPI,MT,ANM,WE,Federal Contract Tower,12,20,9,0,41,0,1,30,0,31,12,21,39,0,72,30,0,30,102
03/08/2018,GPI,MT,ANM,WE,Federal Contract Tower,9,13,12,1,35,0,0,2,0,2,9,13,14,1,37,2,0,2,39
03/09/2018,GPI,MT,ANM,WE,Federal Contract Tower,7,20,9,0,36,0,1,9,0,10,7,21,18,0,46,4,0,4,50
03/10/2018,GPI,MT,ANM,WE,Federal Contract Tower,8,16,9,0,33,0,0,34,0,34,8,16,43,0,67,34,0,34,101
03/11/2018,GPI,MT,ANM,WE,Federal Contract Tower,14,13,12,0,39,0,0,48,1,49,14,13,60,1,88,18,0,18,106
03/12/2018,GPI,MT,ANM,WE,Federal Contract Tower,12,15,8,0,35,0,0,22,0,22,12,15,30,0,57,0,0,0,57
03/13/2018,GPI,MT,ANM,WE,Federal Contract Tower,13,12,14,0,39,0,2,28,0,30,13,14,42,0,69,34,0,34,103
03/14/2018,GPI,MT,ANM,WE,Federal Contract Tower,12,15,14,0,41,0,0,2,2,4,12,15,16,2,45,0,0,0,45
03/15/2018,GPI,MT,ANM,WE,Federal Contract Tower,11,15,9,0,35,0,0,0,0,0,11,15,9,0,35,0,0,0,35
03/16/2018,GPI,MT,ANM,WE,Federal Contract Tower,10,21,14,0,45,0,0,37,0,37,10,21,51,0,82,0,0,0,82
03/17/2018,GPI,MT,ANM,WE,Federal Contract Tower,7,15,7,1,30,0,0,14,0,14,7,15,21,1,44,0,0,0,44
03/18/2018,GPI,MT,ANM,WE,Federal Contract Tower,14,8,7,0,29,0,0,6,0,6,14,8,13,0,35,6,0,6,41
03/19/2018,GPI,MT,ANM,WE,Federal Contract Tower,16,15,5,2,38,0,0,7,2,9,16,15,12,4,47,4,10,14,61
03/20/2018,GPI,MT,ANM,WE,Federal Contract Tower,13,15,9,0,37,0,0,16,12,28,13,15,25,12,65,0,0,0,65
03/21/2018,GPI,MT,ANM,WE,Federal Contract Tower,13,18,8,4,43,0,3,20,4,27,13,21,28,8,70,0,0,0,70
03/22/2018,GPI,MT,ANM,WE,Federal Contract Tower,12,17,7,0,36,0,1,4,0,5,12,18,11,0,41,6,0,6,47
03/23/2018,GPI,MT,ANM,WE,Federal Contract Tower,10,16,10,4,40,0,0,11,2,13,10,16,21,6,53,2,8,10,63
03/24/2018,GPI,MT,ANM,WE,Federal Contract Tower,9,13,6,0,28,0,0,2,0,2,9,13,8,0,30,0,0,0,30
03/25/2018,GPI,MT,ANM,WE,Federal Contract Tower,16,13,6,0,35,0,0,17,1,18,16,13,23,1,53,22,0,22,75
03/26/2018,GPI,MT,ANM,WE,Federal Contract Tower,12,13,7,0,32,0,1,21,0,22,12,14,28,0,54,46,0,46,100
03/27/2018,GPI,MT,ANM,WE,Federal Contract Tower,13,12,14,0,39,0,0,4,0,4,13,12,18,0,43,2,0,2,45
03/28/2018,GPI,MT,ANM,WE,Federal Contract Tower,13,17,8,0,38,0,0,2,0,2,13,17,10,0,40,0,0,0,40
03/29/2018,GPI,MT,ANM,WE,Federal Contract Tower,12,23,15,0,50,0,1,27,0,28,12,24,42,0,78,34,0,34,112
03/30/2018,GPI,MT,ANM,WE,Federal Contract Tower,10,22,18,0,50,0,1,7,0,8,10,23,25,0,58,0,0,0,58
03/31/2018,GPI,MT,ANM,WE,Federal Contract Tower,8,14,8,0,30,0,0,12,0,12,8,14,20,0,42,28,0,28,70
04/01/2018,GPI,MT,ANM,WE,Federal Contract Tower,16,11,3,0,30,0,0,4,0,4,16,11,7,0,34,10,0,10,44
04/02/2018,GPI,MT,ANM,WE,Federal Contract Tower,12,15,9,0,36,0,0,0,0,0,12,15,9,0,36,0,0,0,36
04/03/2018,GPI,MT,ANM,WE,Federal Contract Tower,13,16,5,10,44,0,0,1,0,1,13,16,6,10,45,0,10,10,55
04/04/2018,GPI,MT,ANM,WE,Federal Contract Tower,12,15,12,0,39,0,0,12,0,12,12,15,24,0,51,14,0,14,65
04/05/2018,GPI,MT,ANM,WE,Federal Contract Tower,12,16,13,0,41,0,0,1,0,1,12,16,14,0,42,0,0,0,42
04/06/2018,GPI,MT,ANM,WE,Federal Contract Tower,9,20,9,0,38,0,0,7,0,7,9,20,16,0,45,12,0,12,57
04/07/2018,GPI,MT,ANM,WE,Federal Contract Tower,7,13,3,0,23,0,0,1,0,1,7,13,4,0,24,2,0,2,26
04/08/2018,GPI,MT,ANM,WE,Federal Contract Tower,15,7,9,0,31,0,0,0,2,2,15,7,9,2,33,0,0,0,33
04/09/2018,GPI,MT,ANM,WE,Federal Contract Tower,13,10,3,0,26,0,0,3,0,3,13,10,6,0,29,0,0,0,29
04/10/2018,GPI,MT,ANM,WE,Federal Contract Tower,12,14,7,0,33,0,0,6,0,6,12,14,13,0,39,0,0,0,39
04/11/2018,GPI,MT,ANM,WE,Federal Contract Tower,12,14,9,2,37,0,4,10,0,14,12,18,19,2,51,14,0,14,65
04/12/2018,GPI,MT,ANM,WE,Federal Contract Tower,13,13,13,0,39,0,1,0,0,1,13,14,13,0,40,0,0,0,40
04/13/2018,GPI,MT,ANM,WE,Federal Contract Tower,12,15,4,9,40,0,2,6,10,18,12,17,10,19,58,2,20,22,80
04/14/2018,GPI,MT,ANM,WE,Federal Contract Tower,4,12,3,2,21,0,0,8,1,9,4,12,11,3,30,48,4,52,82
04/15/2018,GPI,MT,ANM,WE,Federal Contract Tower,14,6,9,0,29,0,0,7,0,7,14,6,16,0,36,28,0,28,64
04/16/2018,GPI,MT,ANM,WE,Federal Contract Tower,13,10,4,0,27,0,1,4,0,5,13,11,8,0,32,2,0,2,34
04/17/2018,GPI,MT,ANM,WE,Federal Contract Tower,15,18,5,0,38,0,0,10,0,10,15,18,15,0,48,12,0,12,60
04/18/2018,GPI,MT,ANM,WE,Federal Contract Tower,12,13,11,0,36,0,0,27,0,27,12,13,38,0,63,14,0,14,77
04/19/2018,GPI,MT,ANM,WE,Federal Contract Tower,14,10,6,5,35,0,0,34,3,37,14,10,40,8,72,32,11,43,115
04/20/2018,GPI,MT,ANM,WE,Federal Contract Tower,14,14,13,0,41,0,0,15,2,17,14,14,28,2,58,2,0,2,60
04/21/2018,GPI,MT,ANM,WE,Federal Contract Tower,6,9,6,0,21,0,0,3,1,4,6,9,9,1,25,2,0,2,27
04/22/2018,GPI,MT,ANM,WE,Federal Contract Tower,15,6,8,0,29,0,0,11,0,11,15,6,19,0,40,14,0,14,54
04/23/2018,GPI,MT,ANM,WE,Federal Contract Tower,12,11,9,12,44,0,0,16,12,28,12,11,25,24,72,18,12,30,102
04/24/2018,GPI,MT,ANM,WE,Federal Contract Tower,13,14,10,0,37,0,0,41,0,41,13,14,51,0,78,36,0,36,114
04/25/2018,GPI,MT,ANM,WE,Federal Contract Tower,13,17,15,0,45,0,1,25,0,26,13,18,40,0,71,8,0,8,79
04/26/2018,GPI,MT,ANM,WE,Federal Contract Tower,16,14,11,3,44,0,0,44,4,48,16,14,55,7,92,32,14,46,138
04/27/2018,GPI,MT,ANM,WE,Federal Contract Tower,13,12,16,0,41,0,1,43,0,44,13,13,59,0,85,38,0,38,123
04/28/2018,GPI,MT,ANM,WE,Federal Contract Tower,8,4,8,0,20,0,0,14,0,14,8,4,22,0,34,14,0,14,48
04/29/2018,GPI,MT,ANM,WE,Federal Contract Tower,13,14,10,0,37,0,0,4,0,4,13,14,14,0,41,12,0,12,53
04/30/2018,GPI,MT,ANM,WE,Federal Contract Tower,13,14,13,0,40,0,0,0,0,0,13,14,13,0,40,14,0,14,54
05/01/2018,GPI,MT,ANM,WE,Federal Contract Tower,12,12,8,6,38,0,0,13,5,18,12,12,21,11,56,0,46,46,102
05/02/2018,GPI,MT,ANM,WE,Federal Contract Tower,15,18,13,2,48,0,1,27,2,30,15,19,40,4,78,12,4,16,94
05/03/2018,GPI,MT,ANM,WE,Federal Contract Tower,15,13,11,1,40,0,0,19,0,19,15,13,30,1,59,22,0,22,81
05/04/2018,GPI,MT,ANM,WE,Federal Contract Tower,11,17,17,0,45,0,0,19,0,19,11,17,36,0,64,8,0,8,72
05/05/2018,GPI,MT,ANM,WE,Federal Contract Tower,9,21,7,0,37,0,0,16,1,17,9,21,23,1,54,18,0,18,72
05/06/2018,GPI,MT,ANM,WE,Federal Contract Tower,17,10,9,0,36,0,0,38,0,38,17,10,47,0,74,28,0,28,102
05/07/2018,GPI,MT,ANM,WE,Federal Contract Tower,13,12,10,0,35,0,0,11,0,11,13,12,21,0,46,16,0,16,62
05/08/2018,GPI,MT,ANM,WE,Federal Contract Tower,13,12,5,2,32,0,1,26,10,37,13,13,31,12,69,56,0,56,125
05/09/2018,GPI,MT,ANM,WE,Federal Contract Tower,14,11,13,4,42,0,1,26,6,33,14,12,39,10,75,32,2,34,109
05/10/2018,GPI,MT,ANM,WE,Federal Contract Tower,13,18,17,0,48,0,0,11,1,12,13,18,28,1,60,20,12,32,92
05/11/2018,GPI,MT,ANM,WE,Federal Contract Tower,13,15,9,5,42,0,0,3,7,10,13,15,12,12,52,0,14,14,66
05/12/2018,GPI,MT,ANM,WE,Federal Contract Tower,9,8,2,4,23,0,0,24,2,26,9,8,26,6,49,18,2,20,69
05/13/2018,GPI,MT,ANM,WE,Federal Contract Tower,15,6,3,4,28,0,0,23,0,23,15,6,26,4,51,38,0,38,89
05/14/2018,GPI,MT,ANM,WE,Federal Contract Tower,13,10,10,2,35,0,0,42,0,42,13,10,52,2,77,12,2,14,91
05/15/2018,GPI,MT,ANM,WE,Federal Contract Tower,14,14,15,1,44,0,0,41,3,44,14,14,56,4,88,22,12,34,122
05/16/2018,GPI,MT,ANM,WE,Federal Contract Tower,15,10,6,0,31,0,0,22,0,22,15,10,28,0,53,18,0,18,71
05/17/2018,GPI,MT,ANM,WE,Federal Contract Tower,15,17,10,0,42,0,0,9,2,11,15,17,19,2,53,0,0,0,53
05/18/2018,GPI,MT,ANM,WE,Federal Contract Tower,12,15,13,0,40,0,0,23,0,23,12,15,36,0,63,6,0,6,69
05/19/2018,GPI,MT,ANM,WE,Federal Contract Tower,13,8,6,4,31,0,0,19,0,19,13,8,25,4,50,2,0,2,52
05/20/2018,GPI,MT,ANM,WE,Federal Contract Tower,16,8,12,0,36,0,0,39,0,39,16,8,51,0,75,26,0,26,101
05/21/2018,GPI,MT,ANM,WE,Federal Contract Tower,11,9,16,2,38,0,0,31,3,34,11,9,47,5,72,14,52,66,138
05/22/2018,GPI,MT,ANM,WE,Federal Contract Tower,13,13,12,2,40,0,0,33,4,37,13,13,45,6,77,2,0,2,79
05/23/2018,GPI,MT,ANM,WE,Federal Contract Tower,12,13,19,1,45,0,1,38,2,41,12,14,57,3,86,6,2,8,94
05/24/2018,GPI,MT,ANM,WE,Federal Contract Tower,14,14,19,1,48,0,0,33,2,35,14,14,52,3,83,16,26,42,125
05/25/2018,GPI,MT,ANM,WE,Federal Contract Tower,12,17,13,13,55,0,2,31,3,36,12,19,44,16,91,24,54,78,169
05/26/2018,GPI,MT,ANM,WE,Federal Contract Tower,13,8,9,0,30,0,0,1,0,1,13,8,10,0,31,0,0,0,31
05/27/2018,GPI,MT,ANM,WE,Federal Contract Tower,12,5,5,0,22,0,0,14,0,14,12,5,19,0,36,2,0,2,38
05/28/2018,GPI,MT,ANM,WE,Federal Contract Tower,13,14,18,0,45,0,0,34,1,35,13,14,52,1,80,20,0,20,100
05/29/2018,GPI,MT,ANM,WE,Federal Contract Tower,13,11,5,2,31,0,0,21,4,25,13,11,26,6,56,4,10,14,70
05/30/2018,GPI,MT,ANM,WE,Federal Contract Tower,14,11,12,1,38,0,0,27,5,32,14,11,39,6,70,36,44,80,150
05/31/2018,GPI,MT,ANM,WE,Federal Contract Tower,17,14,7,2,40,0,0,4,0,4,17,14,11,2,44,12,0,12,56
06/01/2018,GPI,MT,ANM,WE,Federal Contract Tower,13,16,20,0,49,0,1,4,0,5,13,17,24,0,54,0,0,0,54
06/02/2018,GPI,MT,ANM,WE,Federal Contract Tower,13,11,10,0,34,0,0,34,0,34,13,11,44,0,68,16,0,16,84
06/03/2018,GPI,MT,ANM,WE,Federal Contract Tower,13,7,12,0,32,0,0,33,0,33,13,7,45,0,65,48,0,48,113
06/04/2018,GPI,MT,ANM,WE,Federal Contract Tower,14,13,7,0,34,0,0,14,0,14,14,13,21,0,48,40,0,40,88
06/05/2018,GPI,MT,ANM,WE,Federal Contract Tower,17,14,14,0,45,0,1,43,2,46,17,15,57,2,91,6,2,8,99
06/06/2018,GPI,MT,ANM,WE,Federal Contract Tower,16,14,13,2,45,0,2,52,5,59,16,16,65,7,104,14,50,64,168
06/07/2018,GPI,MT,ANM,WE,Federal Contract Tower,20,16,6,0,42,0,0,20,0,20,20,16,26,0,62,21,0,21,83
06/08/2018,GPI,MT,ANM,WE,Federal Contract Tower,24,8,12,0,44,0,0,28,0,28,24,8,40,0,72,8,0,8,80
06/09/2018,GPI,MT,ANM,WE,Federal Contract Tower,28,16,4,0,48,0,0,24,0,24,28,16,28,0,72,0,0,0,72
06/10/2018,GPI,MT,ANM,WE,Federal Contract Tower,25,9,15,0,49,0,0,9,0,9,25,9,24,0,58,0,0,0,58
06/11/2018,GPI,MT,ANM,WE,Federal Contract Tower,23,6,10,2,41,0,0,23,2,25,23,6,33,4,66,14,4,18,84
06/12/2018,GPI,MT,ANM,WE,Federal Contract Tower,23,17,8,0,48,0,1,45,0,46,23,18,53,0,94,32,0,32,126
06/13/2018,GPI,MT,ANM,WE,Federal Contract Tower,24,15,15,1,55,0,2,42,4,48,24,17,57,5,103,0,0,0,103
06/14/2018,GPI,MT,ANM,WE,Federal Contract Tower,24,18,16,2,60,0,2,17,12,31,24,20,33,14,91,0,16,16,107
06/15/2018,GPI,MT,ANM,WE,Federal Contract Tower,23,13,20,2,58,0,0,68,0,68,23,13,88,2,126,34,0,34,160
06/16/2018,GPI,MT,ANM,WE,Federal Contract Tower,33,8,10,0,51,0,0,12,0,12,33,8,22,0,63,0,0,0,63
06/17/2018,GPI,MT,ANM,WE,Federal Contract Tower,26,11,17,0,54,0,0,32,0,32,26,11,49,0,86,0,0,0,86
06/18/2018,GPI,MT,ANM,WE,Federal Contract Tower,21,11,17,0,49,0,0,17,0,17,21,11,34,0,66,24,0,24,90
06/19/2018,GPI,MT,ANM,WE,Federal Contract Tower,23,10,10,2,45,0,0,32,1,33,23,10,42,3,78,16,22,38,116
06/20/2018,GPI,MT,ANM,WE,Federal Contract Tower,26,19,26,0,71,0,1,65,0,66,26,20,91,0,137,16,0,16,153
06/21/2018,GPI,MT,ANM,WE,Federal Contract Tower,24,20,18,0,62,0,2,18,0,20,24,22,36,0,82,0,0,0,82
06/22/2018,GPI,MT,ANM,WE,Federal Contract Tower,25,12,21,2,60,0,0,26,0,26,25,12,47,2,86,0,0,0,86
06/23/2018,GPI,MT,ANM,WE,Federal Contract Tower,29,12,11,0,52,0,0,9,0,9,29,12,20,0,61,0,0,0,61
06/24/2018,GPI,MT,ANM,WE,Federal Contract Tower,25,20,27,0,72,0,0,56,2,58,25,20,83,2,130,22,2,24,154
06/25/2018,GPI,MT,ANM,WE,Federal Contract Tower,25,11,20,0,56,0,0,47,0,47,25,11,67,0,103,30,0,30,133
06/26/2018,GPI,MT,ANM,WE,Federal Contract Tower,22,20,10,2,54,0,1,29,3,33,22,21,39,5,87,18,4,22,109
06/27/2018,GPI,MT,ANM,WE,Federal Contract Tower,24,19,14,3,60,0,1,47,4,52,24,20,61,7,112,62,38,100,212
06/28/2018,GPI,MT,ANM,WE,Federal Contract Tower,23,19,18,0,60,0,2,27,0,29,23,21,45,0,89,16,0,16,105
06/29/2018,GPI,MT,ANM,WE,Federal Contract Tower,25,19,35,1,80,0,1,13,2,16,25,20,48,3,96,10,0,10,106
06/30/2018,GPI,MT,ANM,WE,Federal Contract Tower,32,18,37,1,88,0,1,13,0,14,32,19,50,1,102,10,0,10,112
07/01/2018,GPI,MT,ANM,WE,Federal Contract Tower,26,18,25,2,71,0,2,29,2,33,26,20,54,4,104,12,6,18,122
07/02/2018,GPI,MT,ANM,WE,Federal Contract Tower,25,13,26,4,68,0,0,35,2,37,25,13,61,6,105,10,6,16,121
07/03/2018,GPI,MT,ANM,WE,Federal Contract Tower,22,12,19,0,53,0,0,25,2,27,22,12,44,2,80,12,8,20,100
07/04/2018,GPI,MT,ANM,WE,Federal Contract Tower,25,3,17,0,45,0,0,51,5,56,25,3,68,5,101,22,0,22,123
07/05/2018,GPI,MT,ANM,WE,Federal Contract Tower,25,11,33,0,69,0,0,53,2,55,25,11,86,2,124,14,0,14,138
07/06/2018,GPI,MT,ANM,WE,Federal Contract Tower,25,18,21,1,65,0,0,75,1,76,25,18,96,2,141,32,22,54,195
07/07/2018,GPI,MT,ANM,WE,Federal Contract Tower,31,14,18,0,63,0,0,46,0,46,31,14,64,0,109,14,0,14,123
07/08/2018,GPI,MT,ANM,WE,Federal Contract Tower,26,14,29,0,69,0,0,78,1,79,26,14,107,1,148,16,0,16,164
07/09/2018,GPI,MT,ANM,WE,Federal Contract Tower,26,16,21,2,65,0,1,35,1,37,26,17,56,3,102,38,2,40,142
07/10/2018,GPI,MT,ANM,WE,Federal Contract Tower,24,23,18,0,65,0,1,46,3,50,24,24,64,3,115,14,0,14,129
07/11/2018,GPI,MT,ANM,WE,Federal Contract Tower,26,27,29,0,82,0,2,49,4,55,26,29,78,4,137,8,0,8,145
07/12/2018,GPI,MT,ANM,WE,Federal Contract Tower,23,19,29,0,71,0,1,53,4,58,23,20,82,4,129,38,0,38,167
07/13/2018,GPI,MT,ANM,WE,Federal Contract Tower,26,14,24,0,64,0,0,64,1,65,26,14,88,1,129,24,0,24,153
07/14/2018,GPI,MT,ANM,WE,Federal Contract Tower,35,10,17,0,62,0,0,25,0,25,35,10,42,0,87,0,0,0,87
07/15/2018,GPI,MT,ANM,WE,Federal Contract Tower,27,21,33,0,81,0,0,46,0,46,27,21,79,0,127,10,0,10,137
07/16/2018,GPI,MT,ANM,WE,Federal Contract Tower,25,26,23,0,74,0,1,47,3,51,25,27,70,3,125,18,8,26,151
07/17/2018,GPI,MT,ANM,WE,Federal Contract Tower,24,25,17,2,68,0,0,52,6,58,24,25,69,8,126,0,0,0,126
07/18/2018,GPI,MT,ANM,WE,Federal Contract Tower,28,13,31,0,72,0,1,39,4,44,28,14,70,4,116,8,0,8,124
07/19/2018,GPI,MT,ANM,WE,Federal Contract Tower,25,24,23,2,74,0,3,66,4,73,25,27,89,6,147,22,2,24,171
07/20/2018,GPI,MT,ANM,WE,Federal Contract Tower,27,21,28,0,76,0,1,59,1,61,27,22,87,1,137,42,0,42,179
07/21/2018,GPI,MT,ANM,WE,Federal Contract Tower,35,17,20,3,75,0,0,60,2,62,35,17,80,5,137,6,26,32,169
07/22/2018,GPI,MT,ANM,WE,Federal Contract Tower,26,20,34,0,80,0,0,62,2,64,26,20,96,2,144,8,0,8,152
07/23/2018,GPI,MT,ANM,WE,Federal Contract Tower,26,12,18,3,59,0,0,46,0,46,26,12,64,3,105,34,0,34,139
07/24/2018,GPI,MT,ANM,WE,Federal Contract Tower,24,25,23,1,73,0,1,37,2,40,24,26,60,3,113,8,2,10,123
07/25/2018,GPI,MT,ANM,WE,Federal Contract Tower,25,13,19,1,58,0,0,45,4,49,25,13,64,5,107,20,0,20,127
07/26/2018,GPI,MT,ANM,WE,Federal Contract Tower,27,20,35,0,82,0,0,37,0,37,27,20,72,0,119,8,0,8,127
07/27/2018,GPI,MT,ANM,WE,Federal Contract Tower,24,20,29,1,74,0,0,71,0,71,24,20,100,1,145,16,0,16,161
07/28/2018,GPI,MT,ANM,WE,Federal Contract Tower,33,24,18,1,76,0,0,34,0,34,33,24,52,1,110,2,0,2,112
07/29/2018,GPI,MT,ANM,WE,Federal Contract Tower,24,33,26,0,83,0,0,35,1,36,24,33,61,1,119,6,0,6,125
07/30/2018,GPI,MT,ANM,WE,Federal Contract Tower,25,16,36,4,81,0,0,52,4,56,25,16,88,8,137,34,12,46,183
07/31/2018,GPI,MT,ANM,WE,Federal Contract Tower,26,18,25,2,71,0,0,26,5,31,26,18,51,7,102,4,8,12,114
08/01/2018,GPI,MT,ANM,WE,Federal Contract Tower,25,16,20,0,61,0,0,35,0,35,25,16,55,0,96,16,0,16,112
08/02/2018,GPI,MT,ANM,WE,Federal Contract Tower,25,20,32,1,78,0,0,48,2,50,25,20,80,3,128,4,10,14,142
08/03/2018,GPI,MT,ANM,WE,Federal Contract Tower,25,21,39,1,86,0,0,50,0,50,25,21,89,1,136,8,0,8,144
08/04/2018,GPI,MT,ANM,WE,Federal Contract Tower,32,14,18,1,65,0,0,71,0,71,32,14,89,1,136,56,0,56,192
08/05/2018,GPI,MT,ANM,WE,Federal Contract Tower,28,13,30,1,72,0,0,42,2,44,28,13,72,3,116,28,0,28,144
08/06/2018,GPI,MT,ANM,WE,Federal Contract Tower,25,14,25,2,66,0,0,48,2,50,25,14,73,4,116,22,2,24,140
08/07/2018,GPI,MT,ANM,WE,Federal Contract Tower,24,10,17,0,51,0,0,31,12,43,24,10,48,12,94,34,0,34,128
08/08/2018,GPI,MT,ANM,WE,Federal Contract Tower,25,25,53,2,105,0,2,44,0,46,25,27,97,2,151,12,6,18,169
08/09/2018,GPI,MT,ANM,WE,Federal Contract Tower,27,18,30,0,75,0,0,31,0,31,27,18,61,0,106,20,0,20,126
08/10/2018,GPI,MT,ANM,WE,Federal Contract Tower,25,23,30,0,78,0,1,33,0,34,25,24,63,0,112,0,0,0,112
08/11/2018,GPI,MT,ANM,WE,Federal Contract Tower,33,32,24,0,89,0,4,22,6,32,33,36,46,6,121,0,0,0,121
08/12/2018,GPI,MT,ANM,WE,Federal Contract Tower,26,39,28,0,93,0,7,43,8,58,26,46,71,8,151,4,0,4,155
08/13/2018,GPI,MT,ANM,WE,Federal Contract Tower,26,15,25,0,66,0,3,24,14,41,26,18,49,14,107,0,0,0,107
08/14/2018,GPI,MT,ANM,WE,Federal Contract Tower,24,16,24,3,67,0,0,11,0,11,24,16,35,3,78,0,0,0,78
08/15/2018,GPI,MT,ANM,WE,Federal Contract Tower,28,22,20,0,70,0,1,9,0,10,28,23,29,0,80,0,0,0,80
08/16/2018,GPI,MT,ANM,WE,Federal Contract Tower,26,20,19,3,68,0,0,24,0,24,26,20,43,3,92,26,6,32,124
08/17/2018,GPI,MT,ANM,WE,Federal Contract Tower,24,22,24,1,71,0,0,30,0,30,24,22,54,1,101,0,0,0,101
08/18/2018,GPI,MT,ANM,WE,Federal Contract Tower,32,19,13,2,66,0,0,29,2,31,32,19,42,4,97,2,0,2,99
08/19/2018,GPI,MT,ANM,WE,Federal Contract Tower,27,19,19,1,66,0,0,0,0,0,27,19,19,1,66,0,0,0,66
08/20/2018,GPI,MT,ANM,WE,Federal Contract Tower,29,10,20,0,59,0,0,20,9,29,29,10,40,9,88,8,0,8,96
08/21/2018,GPI,MT,ANM,WE,Federal Contract Tower,22,20,20,0,62,0,0,11,8,19,22,20,31,8,81,0,0,0,81
08/22/2018,GPI,MT,ANM,WE,Federal Contract Tower,26,23,18,0,67,0,1,32,15,48,26,24,50,15,115,6,0,6,121
08/23/2018,GPI,MT,ANM,WE,Federal Contract Tower,27,23,22,0,72,0,2,24,2,28,27,25,46,2,100,0,0,0,100
08/24/2018,GPI,MT,ANM,WE,Federal Contract Tower,26,13,30,6,75,0,0,31,7,38,26,13,61,13,113,12,8,20,133
08/25/2018,GPI,MT,ANM,WE,Federal Contract Tower,27,18,14,2,61,0,0,10,0,10,27,18,24,2,71,0,0,0,71
08/26/2018,GPI,MT,ANM,WE,Federal Contract Tower,25,15,15,1,56,0,0,11,0,11,25,15,26,1,67,0,0,0,67
08/27/2018,GPI,MT,ANM,WE,Federal Contract Tower,23,12,14,0,49,0,0,20,0,20,23,12,34,0,69,22,0,22,91
08/28/2018,GPI,MT,ANM,WE,Federal Contract Tower,22,14,21,0,57,0,2,30,6,38,22,16,51,6,95,8,0,8,103
08/29/2018,GPI,MT,ANM,WE,Federal Contract Tower,23,18,20,4,65,0,4,35,5,44,23,22,55,9,109,10,20,30,139
08/30/2018,GPI,MT,ANM,WE,Federal Contract Tower,22,17,24,1,64,0,1,33,0,34,22,18,57,1,98,0,0,0,98
08/31/2018,GPI,MT,ANM,WE,Federal Contract Tower,21,17,31,0,69,0,1,62,0,63,21,18,93,0,132,0,0,0,132
09/01/2018,GPI,MT,ANM,WE,Federal Contract Tower,25,12,15,0,52,0,0,50,0,50,25,12,65,0,102,40,0,40,142
09/02/2018,GPI,MT,ANM,WE,Federal Contract Tower,27,7,14,0,48,0,0,41,6,47,27,7,55,6,95,0,0,0,95
09/03/2018,GPI,MT,ANM,WE,Federal Contract Tower,21,16,30,0,67,0,1,45,8,54,21,17,75,8,121,0,0,0,121
09/04/2018,GPI,MT,ANM,WE,Federal Contract Tower,23,14,20,2,59,0,0,41,5,46,23,14,61,7,105,20,0,20,125
09/05/2018,GPI,MT,ANM,WE,Federal Contract Tower,18,14,17,0,49,0,1,42,2,45,18,15,59,2,94,0,0,0,94
09/06/2018,GPI,MT,ANM,WE,Federal Contract Tower,19,13,19,0,51,0,1,42,4,47,19,14,61,4,98,24,0,24,122
09/07/2018,GPI,MT,ANM,WE,Federal Contract Tower,16,17,13,0,46,0,2,40,0,42,16,19,53,0,88,0,0,0,88
09/08/2018,GPI,MT,ANM,WE,Federal Contract Tower,17,14,8,0,39,0,0,38,0,38,17,14,46,0,77,14,0,14,91
09/09/2018,GPI,MT,ANM,WE,Federal Contract Tower,19,8,28,4,59,0,0,67,5,72,19,8,95,9,131,12,0,12,143
09/10/2018,GPI,MT,ANM,WE,Federal Contract Tower,17,22,21,1,61,0,0,33,1,34,17,22,54,2,95,34,0,34,129
09/11/2018,GPI,MT,ANM,WE,Federal Contract Tower,17,19,18,0,54,0,0,32,0,32,17,19,50,0,86,18,0,18,104
09/12/2018,GPI,MT,ANM,WE,Federal Contract Tower,17,17,27,0,61,0,3,27,3,33,17,20,54,3,94,24,0,24,118
09/13/2018,GPI,MT,ANM,WE,Federal Contract Tower,18,15,15,0,48,0,0,10,1,11,18,15,25,1,59,0,0,0,59
09/14/2018,GPI,MT,ANM,WE,Federal Contract Tower,17,18,12,1,48,0,1,38,1,40,17,19,50,2,88,10,0,10,98
09/15/2018,GPI,MT,ANM,WE,Federal Contract Tower,17,9,7,0,33,0,0,33,0,33,17,9,40,0,66,0,0,0,66
09/16/2018,GPI,MT,ANM,WE,Federal Contract Tower,18,11,10,1,40,0,0,18,0,18,18,11,28,1,58,36,0,36,94
09/17/2018,GPI,MT,ANM,WE,Federal Contract Tower,17,12,16,0,45,0,0,45,3,48,17,12,61,3,93,32,0,32,125
09/18/2018,GPI,MT,ANM,WE,Federal Contract Tower,17,11,11,0,39,0,0,41,1,42,17,11,52,1,81,61,0,61,142
09/19/2018,GPI,MT,ANM,WE,Federal Contract Tower,17,12,20,0,49,0,0,38,1,39,17,12,58,1,88,48,0,48,136
09/20/2018,GPI,MT,ANM,WE,Federal Contract Tower,17,19,12,0,48,0,1,14,0,15,17,20,26,0,63,8,0,8,71
09/21/2018,GPI,MT,ANM,WE,Federal Contract Tower,17,16,17,1,51,0,0,17,0,17,17,16,34,1,68,22,0,22,90
09/22/2018,GPI,MT,ANM,WE,Federal Contract Tower,17,6,10,0,33,0,0,15,0,15,17,6,25,0,48,54,0,54,102
09/23/2018,GPI,MT,ANM,WE,Federal Contract Tower,19,10,11,3,43,0,0,20,6,26,19,10,31,9,69,6,0,6,75
09/24/2018,GPI,MT,ANM,WE,Federal Contract Tower,17,9,18,1,45,0,0,39,2,41,17,9,57,3,86,32,0,32,118
09/25/2018,GPI,MT,ANM,WE,Federal Contract Tower,16,16,15,0,47,0,2,46,6,54,16,18,61,6,101,12,0,12,113
09/26/2018,GPI,MT,ANM,WE,Federal Contract Tower,14,12,11,3,40,0,1,40,17,58,14,13,51,20,98,25,28,53,151
09/27/2018,GPI,MT,ANM,WE,Federal Contract Tower,17,14,15,0,46,0,0,29,0,29,17,14,44,0,75,24,0,24,99
09/28/2018,GPI,MT,ANM,WE,Federal Contract Tower,16,7,20,4,47,0,1,31,0,32,16,8,51,4,79,14,0,14,93
09/29/2018,GPI,MT,ANM,WE,Federal Contract Tower,16,7,4,0,27,0,1,8,0,9,16,8,12,0,36,0,0,0,36
09/30/2018,GPI,MT,ANM,WE,Federal Contract Tower,17,7,5,0,29,0,0,14,0,14,17,7,19,0,43,14,0,14,57
10/01/2018,GPI,MT,ANM,WE,Federal Contract Tower,15,7,12,0,34,0,0,26,0,26,15,7,38,0,60,8,0,8,68
10/02/2018,GPI,MT,ANM,WE,Federal Contract Tower,13,10,9,0,32,0,0,0,0,0,13,10,9,0,32,0,0,0,32
10/03/2018,GPI,MT,ANM,WE,Federal Contract Tower,19,17,7,0,43,0,2,15,0,17,19,19,22,0,60,0,0,0,60
10/04/2018,GPI,MT,ANM,WE,Federal Contract Tower,14,10,17,0,41,0,1,11,2,14,14,11,28,2,55,22,0,22,77
10/05/2018,GPI,MT,ANM,WE,Federal Contract Tower,11,15,14,1,41,0,0,19,4,23,11,15,33,5,64,2,0,2,66
10/06/2018,GPI,MT,ANM,WE,Federal Contract Tower,12,6,5,0,23,0,0,17,0,17,12,6,22,0,40,32,0,32,72
10/07/2018,GPI,MT,ANM,WE,Federal Contract Tower,16,7,16,1,40,0,0,22,0,22,16,7,38,1,62,12,0,12,74
10/08/2018,GPI,MT,ANM,WE,Federal Contract Tower,13,10,15,0,38,0,0,16,0,16,13,10,31,0,54,2,0,2,56
10/09/2018,GPI,MT,ANM,WE,Federal Contract Tower,12,12,9,2,35,0,1,8,1,10,12,13,17,3,45,0,0,0,45
10/10/2018,GPI,MT,ANM,WE,Federal Contract Tower,13,11,8,0,32,0,0,9,0,9,13,11,17,0,41,32,0,32,73
10/11/2018,GPI,MT,ANM,WE,Federal Contract Tower,13,12,9,0,34,0,1,29,2,32,13,13,38,2,66,36,0,36,102
10/12/2018,GPI,MT,ANM,WE,Federal Contract Tower,14,16,15,10,55,0,1,21,0,22,14,17,36,10,77,24,26,50,127
10/13/2018,GPI,MT,ANM,WE,Federal Contract Tower,12,4,10,2,28,0,0,8,1,9,12,4,18,3,37,0,24,24,61
10/14/2018,GPI,MT,ANM,WE,Federal Contract Tower,14,7,11,2,34,0,0,13,1,14,14,7,24,3,48,2,0,2,50
10/15/2018,GPI,MT,ANM,WE,Federal Contract Tower,13,15,6,0,34,0,0,26,0,26,13,15,32,0,60,4,0,4,64
10/16/2018,GPI,MT,ANM,WE,Federal Contract Tower,13,15,14,0,42,0,1,29,0,30,13,16,43,0,72,36,0,36,108
10/17/2018,GPI,MT,ANM,WE,Federal Contract Tower,12,12,11,0,35,0,0,32,0,32,12,12,43,0,67,18,0,18,85
10/18/2018,GPI,MT,ANM,WE,Federal Contract Tower,15,9,8,0,32,0,1,46,0,47,15,10,54,0,79,20,0,20,99
10/19/2018,GPI,MT,ANM,WE,Federal Contract Tower,8,12,3,5,28,0,0,45,0,45,8,12,48,5,73,24,2,26,99
10/20/2018,GPI,MT,ANM,WE,Federal Contract Tower,13,7,9,0,29,0,4,55,0,59,13,11,64,0,88,30,0,30,118
10/21/2018,GPI,MT,ANM,WE,Federal Contract Tower,15,7,6,0,28,0,0,41,3,44,15,7,47,3,72,22,0,22,94
10/22/2018,GPI,MT,ANM,WE,Federal Contract Tower,13,9,11,0,33,0,1,35,0,36,13,10,46,0,69,12,0,12,81
10/23/2018,GPI,MT,ANM,WE,Federal Contract Tower,12,11,8,0,31,0,0,42,0,42,12,11,50,0,73,8,0,8,81
10/24/2018,GPI,MT,ANM,WE,Federal Contract Tower,13,14,5,0,32,0,0,23,0,23,13,14,28,0,55,10,0,10,65
10/25/2018,GPI,MT,ANM,WE,Federal Contract Tower,13,17,8,0,38,0,2,10,2,14,13,19,18,2,52,2,6,8,60
10/26/2018,GPI,MT,ANM,WE,Federal Contract Tower,12,14,10,0,36,0,0,3,0,3,12,14,13,0,39,4,0,4,43
10/27/2018,GPI,MT,ANM,WE,Federal Contract Tower,12,8,8,0,28,0,0,24,0,24,12,8,32,0,52,36,0,36,88
10/28/2018,GPI,MT,ANM,WE,Federal Contract Tower,17,2,11,0,30,0,0,0,0,0,17,2,11,0,30,0,0,0,30
10/29/2018,GPI,MT,ANM,WE,Federal Contract Tower,13,5,4,1,23,0,0,3,0,3,13,5,7,1,26,10,0,10,36
10/30/2018,GPI,MT,ANM,WE,Federal Contract Tower,13,10,20,0,43,0,1,13,0,14,13,11,33,0,57,10,0,10,67
10/31/2018,GPI,MT,ANM,WE,Federal Contract Tower,9,14,7,0,30,0,0,0,0,0,9,14,7,0,30,0,0,0,30
11/01/2018,GPI,MT,ANM,WE,Federal Contract Tower,14,12,8,3,37,0,0,5,11,16,14,12,13,14,53,8,10,18,71
11/02/2018,GPI,MT,ANM,WE,Federal Contract Tower,12,16,9,0,37,0,0,3,0,3,12,16,12,0,40,0,0,0,40
11/03/2018,GPI,MT,ANM,WE,Federal Contract Tower,15,7,5,0,27,0,1,13,2,16,15,8,18,2,43,14,0,14,57
11/04/2018,GPI,MT,ANM,WE,Federal Contract Tower,16,7,12,1,36,0,0,8,0,8,16,7,20,1,44,0,0,0,44
11/05/2018,GPI,MT,ANM,WE,Federal Contract Tower,11,8,11,3,33,0,0,8,4,12,11,8,19,7,45,0,0,0,45
11/06/2018,GPI,MT,ANM,WE,Federal Contract Tower,11,10,4,0,25,0,0,11,0,11,11,10,15,0,36,12,0,12,48
11/07/2018,GPI,MT,ANM,WE,Federal Contract Tower,10,16,7,4,37,0,1,5,0,6,10,17,12,4,43,0,8,8,51
11/08/2018,GPI,MT,ANM,WE,Federal Contract Tower,13,16,13,0,42,0,0,17,0,17,13,16,30,0,59,18,0,18,77
11/09/2018,GPI,MT,ANM,WE,Federal Contract Tower,8,14,20,0,42,0,0,16,0,16,8,14,36,0,58,6,0,6,64
11/10/2018,GPI,MT,ANM,WE,Federal Contract Tower,8,6,4,0,18,0,0,9,0,9,8,6,13,0,27,0,0,0,27
11/11/2018,GPI,MT,ANM,WE,Federal Contract Tower,10,8,7,0,25,0,0,11,0,11,10,8,18,0,36,16,0,16,52
11/12/2018,GPI,MT,ANM,WE,Federal Contract Tower,12,6,4,0,22,0,0,7,0,7,12,6,11,0,29,18,0,18,47
11/13/2018,GPI,MT,ANM,WE,Federal Contract Tower,11,10,13,2,36,0,0,35,19,54,11,10,48,21,90,30,0,30,120
11/14/2018,GPI,MT,ANM,WE,Federal Contract Tower,8,20,10,0,38,0,0,0,0,0,8,20,10,0,38,0,0,0,38
11/15/2018,GPI,MT,ANM,WE,Federal Contract Tower,12,13,9,0,34,0,1,8,0,9,12,14,17,0,43,0,0,0,43
11/16/2018,GPI,MT,ANM,WE,Federal Contract Tower,8,18,13,15,54,0,2,5,0,7,8,20,18,15,61,2,22,24,85
11/17/2018,GPI,MT,ANM,WE,Federal Contract Tower,9,8,10,0,27,0,0,40,0,40,9,8,50,0,67,46,0,46,113
11/18/2018,GPI,MT,ANM,WE,Federal Contract Tower,14,10,9,0,33,0,0,13,0,13,14,10,22,0,46,12,0,12,58
11/19/2018,GPI,MT,ANM,WE,Federal Contract Tower,11,10,7,0,28,0,5,26,0,31,11,15,33,0,59,26,0,26,85
11/20/2018,GPI,MT,ANM,WE,Federal Contract Tower,11,16,6,0,33,0,1,14,0,15,11,17,20,0,48,6,0,6,54
11/21/2018,GPI,MT,ANM,WE,Federal Contract Tower,10,20,16,0,46,0,1,0,0,1,10,21,16,0,47,0,0,0,47
11/22/2018,GPI,MT,ANM,WE,Federal Contract Tower,5,1,2,0,8,0,0,0,0,0,5,1,2,0,8,0,0,0,8
11/23/2018,GPI,MT,ANM,WE,Federal Contract Tower,7,16,8,0,31,0,1,12,0,13,7,17,20,0,44,2,0,2,46
11/24/2018,GPI,MT,ANM,WE,Federal Contract Tower,11,14,1,0,26,0,0,19,0,19,11,14,20,0,45,32,0,32,77
11/25/2018,GPI,MT,ANM,WE,Federal Contract Tower,12,11,10,0,33,0,0,30,0,30,12,11,40,0,63,10,0,10,73
11/26/2018,GPI,MT,ANM,WE,Federal Contract Tower,8,13,11,0,32,0,0,12,0,12,8,13,23,0,44,12,0,12,56
11/27/2018,GPI,MT,ANM,WE,Federal Contract Tower,4,17,13,0,34,0,0,16,0,16,4,17,29,0,50,22,0,22,72
11/28/2018,GPI,MT,ANM,WE,Federal Contract Tower,7,15,16,0,38,0,1,1,0,2,7,16,17,0,40,0,0,0,40
11/29/2018,GPI,MT,ANM,WE,Federal Contract Tower,9,15,8,1,33,0,0,4,5,9,9,15,12,6,42,14,16,30,72
11/30/2018,GPI,MT,ANM,WE,Federal Contract Tower,8,17,7,2,34,0,0,0,0,0,8,17,7,2,34,0,0,0,34
12/01/2018,GPI,MT,ANM,WE,Federal Contract Tower,7,10,10,0,27,0,0,0,0,0,7,10,10,0,27,0,0,0,27
12/02/2018,GPI,MT,ANM,WE,Federal Contract Tower,11,6,19,0,36,0,0,5,0,5,11,6,24,0,41,0,0,0,41
12/03/2018,GPI,MT,ANM,WE,Federal Contract Tower,9,10,7,2,28,0,4,9,5,18,9,14,16,7,46,16,40,56,102
12/04/2018,GPI,MT,ANM,WE,Federal Contract Tower,8,10,15,1,34,0,0,28,0,28,8,10,43,1,62,12,0,12,74
12/05/2018,GPI,MT,ANM,WE,Federal Contract Tower,7,14,11,1,33,0,0,18,0,18,7,14,29,1,51,28,0,28,79
12/06/2018,GPI,MT,ANM,WE,Federal Contract Tower,11,16,10,0,37,0,1,35,0,36,11,17,45,0,73,32,0,32,105
12/07/2018,GPI,MT,ANM,WE,Federal Contract Tower,9,14,16,0,39,0,0,14,0,14,9,14,30,0,53,12,0,12,65
12/08/2018,GPI,MT,ANM,WE,Federal Contract Tower,7,9,4,0,20,0,0,6,0,6,7,9,10,0,26,16,0,16,42
12/09/2018,GPI,MT,ANM,WE,Federal Contract Tower,10,6,11,0,27,0,0,23,2,25,10,6,34,2,52,8,0,8,60
12/10/2018,GPI,MT,ANM,WE,Federal Contract Tower,16,3,9,0,28,0,0,10,0,10,16,3,19,0,38,0,0,0,38
12/11/2018,GPI,MT,ANM,WE,Federal Contract Tower,7,19,10,2,38,0,0,9,0,9,7,19,19,2,47,30,36,66,113
12/12/2018,GPI,MT,ANM,WE,Federal Contract Tower,6,18,5,0,29,0,4,0,0,4,6,22,5,0,33,2,0,2,35
12/13/2018,GPI,MT,ANM,WE,Federal Contract Tower,11,22,7,0,40,0,3,3,0,6,11,25,10,0,46,0,0,0,46
12/14/2018,GPI,MT,ANM,WE,Federal Contract Tower,8,17,7,0,32,0,0,18,0,18,8,17,25,0,50,14,0,14,64
12/15/2018,GPI,MT,ANM,WE,Federal Contract Tower,7,5,8,0,20,0,1,12,0,13,7,6,20,0,33,12,0,12,45
12/16/2018,GPI,MT,ANM,WE,Federal Contract Tower,12,13,6,2,33,0,2,19,0,21,12,15,25,2,54,42,2,44,98
12/17/2018,GPI,MT,ANM,WE,Federal Contract Tower,11,14,5,4,34,0,0,15,0,15,11,14,20,4,49,0,8,8,57
12/18/2018,GPI,MT,ANM,WE,Federal Contract Tower,9,21,12,0,42,0,0,1,0,1,9,21,13,0,43,0,0,0,43
12/19/2018,GPI,MT,ANM,WE,Federal Contract Tower,11,15,19,2,47,0,0,14,11,25,11,15,33,13,72,0,32,32,104
12/20/2018,GPI,MT,ANM,WE,Federal Contract Tower,17,25,12,2,56,0,3,20,7,30,17,28,32,9,86,18,0,18,104
12/21/2018,GPI,MT,ANM,WE,Federal Contract Tower,15,30,16,1,62,0,0,11,0,11,15,30,27,1,73,4,0,4,77
12/22/2018,GPI,MT,ANM,WE,Federal Contract Tower,19,13,15,0,47,0,0,34,0,34,19,13,49,0,81,0,0,0,81
12/23/2018,GPI,MT,ANM,WE,Federal Contract Tower,23,6,8,0,37,0,0,2,0,2,23,6,10,0,39,0,0,0,39
12/24/2018,GPI,MT,ANM,WE,Federal Contract Tower,15,9,3,0,27,0,0,1,0,1,15,9,4,0,28,0,0,0,28
12/25/2018,GPI,MT,ANM,WE,Federal Contract Tower,17,2,4,0,23,0,0,6,0,6,17,2,10,0,29,20,0,20,49
12/26/2018,GPI,MT,ANM,WE,Federal Contract Tower,18,17,18,0,53,0,1,15,0,16,18,18,33,0,69,8,0,8,77
12/27/2018,GPI,MT,ANM,WE,Federal Contract Tower,20,20,23,0,63,0,0,3,0,3,20,20,26,0,66,14,0,14,80
12/28/2018,GPI,MT,ANM,WE,Federal Contract Tower,17,20,24,0,61,0,7,11,0,18,17,27,35,0,79,10,0,10,89
12/29/2018,GPI,MT,ANM,WE,Federal Contract Tower,23,13,12,0,48,0,0,0,0,0,23,13,12,0,48,0,0,0,48
12/30/2018,GPI,MT,ANM,WE,Federal Contract Tower,23,15,20,0,58,0,1,3,0,4,23,16,23,0,62,0,0,0,62
12/31/2018,GPI,MT,ANM,WE,Federal Contract Tower,23,11,4,0,38,0,1,39,0,40,23,12,43,0,78,20,0,20,98
01/01/2019,GPI,MT,ANM,WE,Federal Contract Tower,21,6,11,0,38,0,1,2,0,3,21,7,13,0,41,0,0,0,41
01/02/2019,GPI,MT,ANM,WE,Federal Contract Tower,21,18,28,1,68,0,1,9,2,12,21,19,37,3,80,14,0,14,94
01/03/2019,GPI,MT,ANM,WE,Federal Contract Tower,18,15,9,0,42,0,0,4,0,4,18,15,13,0,46,0,0,0,46
01/04/2019,GPI,MT,ANM,WE,Federal Contract Tower,19,17,18,0,54,0,1,11,0,12,19,18,29,0,66,22,0,22,88
01/05/2019,GPI,MT,ANM,WE,Federal Contract Tower,18,14,20,0,52,0,0,28,0,28,18,14,48,0,80,2,0,2,82
01/06/2019,GPI,MT,ANM,WE,Federal Contract Tower,18,10,9,0,37,0,0,2,0,2,18,10,11,0,39,0,0,0,39
01/07/2019,GPI,MT,ANM,WE,Federal Contract Tower,15,13,2,0,30,0,0,7,0,7,15,13,9,0,37,4,0,4,41
01/08/2019,GPI,MT,ANM,WE,Federal Contract Tower,12,9,10,2,33,0,1,14,16,31,12,10,24,18,64,22,16,38,102
01/09/2019,GPI,MT,ANM,WE,Federal Contract Tower,15,8,10,0,33,0,0,4,0,4,15,8,14,0,37,2,0,2,39
01/10/2019,GPI,MT,ANM,WE,Federal Contract Tower,17,8,12,0,37,0,0,0,0,0,17,8,12,0,37,0,0,0,37
01/11/2019,GPI,MT,ANM,WE,Federal Contract Tower,6,0,3,0,9,0,0,0,0,0,6,0,3,0,9,0,0,0,9
01/12/2019,GPI,MT,ANM,WE,Federal Contract Tower,15,7,4,0,26,0,0,4,0,4,15,7,8,0,30,4,0,4,34
01/13/2019,GPI,MT,ANM,WE,Federal Contract Tower,19,4,9,0,32,0,0,0,0,0,19,4,9,0,32,0,0,0,32
01/14/2019,GPI,MT,ANM,WE,Federal Contract Tower,15,7,13,2,37,0,0,4,3,7,15,7,17,5,44,8,12,20,64
01/15/2019,GPI,MT,ANM,WE,Federal Contract Tower,14,11,16,0,41,0,0,7,0,7,14,11,23,0,48,0,0,0,48
01/16/2019,GPI,MT,ANM,WE,Federal Contract Tower,14,13,13,0,40,0,0,26,5,31,14,13,39,5,71,24,12,36,107
01/17/2019,GPI,MT,ANM,WE,Federal Contract Tower,18,10,10,0,38,0,1,1,0,2,18,11,11,0,40,0,0,0,40
01/18/2019,GPI,MT,ANM,WE,Federal Contract Tower,15,11,15,1,42,0,0,7,0,7,15,11,22,1,49,4,2,6,55
01/19/2019,GPI,MT,ANM,WE,Federal Contract Tower,11,5,5,0,21,0,1,3,0,4,11,6,8,0,25,0,0,0,25
01/20/2019,GPI,MT,ANM,WE,Federal Contract Tower,12,6,7,0,25,0,0,3,0,3,12,6,10,0,28,10,0,10,38
01/21/2019,GPI,MT,ANM,WE,Federal Contract Tower,14,13,10,0,37,0,0,16,0,16,14,13,26,0,53,30,0,30,83
01/22/2019,GPI,MT,ANM,WE,Federal Contract Tower,12,12,7,0,31,0,0,5,0,5,12,12,12,0,36,20,0,20,56
01/23/2019,GPI,MT,ANM,WE,Federal Contract Tower,15,10,8,0,33,0,0,1,0,1,15,10,9,0,34,0,0,0,34
01/24/2019,GPI,MT,ANM,WE,Federal Contract Tower,17,8,14,3,42,0,0,11,0,11,17,8,25,3,53,28,0,28,81
01/25/2019,GPI,MT,ANM,WE,Federal Contract Tower,14,11,8,0,33,0,0,1,0,1,14,11,9,0,34,0,0,0,34
01/26/2019,GPI,MT,ANM,WE,Federal Contract Tower,16,9,0,0,25,0,0,23,0,23,16,9,23,0,48,54,0,54,102
01/27/2019,GPI,MT,ANM,WE,Federal Contract Tower,19,9,7,0,35,0,0,9,0,9,19,9,16,0,44,24,0,24,68
01/28/2019,GPI,MT,ANM,WE,Federal Contract Tower,16,6,11,2,35,0,0,31,2,33,16,6,42,4,68,32,2,34,102
01/29/2019,GPI,MT,ANM,WE,Federal Contract Tower,13,13,10,6,42,0,2,41,8,51,13,15,51,14,93,34,4,38,131
01/30/2019,GPI,MT,ANM,WE,Federal Contract Tower,14,9,6,1,30,0,0,1,0,1,14,9,7,1,31,0,0,0,31
01/31/2019,GPI,MT,ANM,WE,Federal Contract Tower,17,8,13,0,38,0,0,30,0,30,17,8,43,0,68,46,0,46,114
02/01/2019,GPI,MT,ANM,WE,Federal Contract Tower,13,8,9,0,30,0,0,17,0,17,13,8,26,0,47,24,0,24,71
02/02/2019,GPI,MT,ANM,WE,Federal Contract Tower,13,9,3,0,25,0,0,2,0,2,13,9,5,0,27,6,0,6,33
02/03/2019,GPI,MT,ANM,WE,Federal Contract Tower,8,7,4,0,19,0,0,0,0,0,8,7,4,0,19,0,0,0,19
02/04/2019,GPI,MT,ANM,WE,Federal Contract Tower,14,6,12,0,32,0,1,4,0,5,14,7,16,0,37,0,0,0,37
02/05/2019,GPI,MT,ANM,WE,Federal Contract Tower,14,11,4,0,29,0,6,1,0,7,14,17,5,0,36,0,0,0,36
02/06/2019,GPI,MT,ANM,WE,Federal Contract Tower,11,7,14,6,38,0,0,2,0,2,11,7,16,6,40,14,12,26,66
02/07/2019,GPI,MT,ANM,WE,Federal Contract Tower,14,9,7,0,30,0,0,7,0,7,14,9,14,0,37,12,0,12,49
02/08/2019,GPI,MT,ANM,WE,Federal Contract Tower,9,11,3,0,23,0,0,0,0,0,9,11,3,0,23,0,0,0,23
02/09/2019,GPI,MT,ANM,WE,Federal Contract Tower,19,11,9,0,39,0,0,2,0,2,19,11,11,0,41,0,0,0,41
02/10/2019,GPI,MT,ANM,WE,Federal Contract Tower,17,5,6,0,28,0,0,3,0,3,17,5,9,0,31,12,0,12,43
02/11/2019,GPI,MT,ANM,WE,Federal Contract Tower,15,10,3,0,28,0,0,3,0,3,15,10,6,0,31,2,0,2,33
02/12/2019,GPI,MT,ANM,WE,Federal Contract Tower,13,11,10,0,34,0,0,1,0,1,13,11,11,0,35,0,0,0,35
02/13/2019,GPI,MT,ANM,WE,Federal Contract Tower,14,9,8,0,31,0,1,4,0,5,14,10,12,0,36,6,0,6,42
02/14/2019,GPI,MT,ANM,WE,Federal Contract Tower,13,17,12,0,42,0,0,17,1,18,13,17,29,1,60,20,0,20,80
02/15/2019,GPI,MT,ANM,WE,Federal Contract Tower,12,13,9,1,35,1,0,1,0,2,13,13,10,1,37,2,0,2,39
02/16/2019,GPI,MT,ANM,WE,Federal Contract Tower,15,15,3,5,38,0,0,1,0,1,15,15,4,5,39,0,0,0,39
02/17/2019,GPI,MT,ANM,WE,Federal Contract Tower,15,11,13,3,42,0,4,0,0,4,15,15,13,3,46,0,0,0,46
02/18/2019,GPI,MT,ANM,WE,Federal Contract Tower,13,14,15,0,42,0,3,30,4,37,13,17,45,4,79,24,6,30,109
02/19/2019,GPI,MT,ANM,WE,Federal Contract Tower,12,13,8,0,33,0,0,0,0,0,12,13,8,0,33,0,0,0,33
02/20/2019,GPI,MT,ANM,WE,Federal Contract Tower,10,12,4,0,26,0,1,18,0,19,10,13,22,0,45,16,0,16,61
02/21/2019,GPI,MT,ANM,WE,Federal Contract Tower,14,13,10,4,41,0,0,29,0,29,14,13,39,4,70,44,14,58,128
02/22/2019,GPI,MT,ANM,WE,Federal Contract Tower,11,14,9,0,34,0,0,19,0,19,11,14,28,0,53,26,0,26,79
02/23/2019,GPI,MT,ANM,WE,Federal Contract Tower,12,17,7,0,36,0,0,0,0,0,12,17,7,0,36,0,0,0,36
02/24/2019,GPI,MT,ANM,WE,Federal Contract Tower,14,8,5,0,27,0,0,2,0,2,14,8,7,0,29,0,0,0,29
02/25/2019,GPI,MT,ANM,WE,Federal Contract Tower,11,10,5,0,26,0,0,0,0,0,11,10,5,0,26,0,0,0,26
02/26/2019,GPI,MT,ANM,WE,Federal Contract Tower,10,12,8,0,30,0,0,9,1,10,10,12,17,1,40,26,0,26,66
02/27/2019,GPI,MT,ANM,WE,Federal Contract Tower,10,13,7,0,30,0,3,9,0,12,10,16,16,0,42,0,0,0,42
02/28/2019,GPI,MT,ANM,WE,Federal Contract Tower,14,16,7,0,37,0,0,1,0,1,14,16,8,0,38,0,0,0,38
03/01/2019,GPI,MT,ANM,WE,Federal Contract Tower,12,16,6,0,34,0,0,0,0,0,12,16,6,0,34,0,0,0,34
03/02/2019,GPI,MT,ANM,WE,Federal Contract Tower,15,7,2,0,24,0,2,3,0,5,15,9,5,0,29,14,0,14,43
03/03/2019,GPI,MT,ANM,WE,Federal Contract Tower,13,10,11,0,34,0,0,10,0,10,13,10,21,0,44,6,0,6,50
03/04/2019,GPI,MT,ANM,WE,Federal Contract Tower,14,9,11,2,36,0,1,19,0,20,14,10,30,2,56,12,34,46,102
03/05/2019,GPI,MT,ANM,WE,Federal Contract Tower,9,15,16,0,40,0,1,23,0,24,9,16,39,0,64,18,0,18,82
03/06/2019,GPI,MT,ANM,WE,Federal Contract Tower,10,23,10,0,43,0,1,11,0,12,10,24,21,0,55,8,0,8,63
03/07/2019,GPI,MT,ANM,WE,Federal Contract Tower,15,15,8,0,38,0,1,8,0,9,15,16,16,0,47,2,0,2,49
03/08/2019,GPI,MT,ANM,WE,Federal Contract Tower,10,20,13,0,43,0,6,24,0,30,10,26,37,0,73,70,0,70,143
03/09/2019,GPI,MT,ANM,WE,Federal Contract Tower,17,15,7,0,39,0,0,5,0,5,17,15,12,0,44,4,0,4,48
03/10/2019,GPI,MT,ANM,WE,Federal Contract Tower,16,12,9,0,37,0,0,36,0,36,16,12,45,0,73,28,0,28,101
03/11/2019,GPI,MT,ANM,WE,Federal Contract Tower,11,11,10,0,32,0,3,29,6,38,11,14,39,6,70,24,10,34,104
03/12/2019,GPI,MT,ANM,WE,Federal Contract Tower,12,16,8,0,36,0,0,1,0,1,12,16,9,0,37,0,0,0,37
03/13/2019,GPI,MT,ANM,WE,Federal Contract Tower,11,10,7,0,28,0,0,13,0,13,11,10,20,0,41,26,0,26,67
03/14/2019,GPI,MT,ANM,WE,Federal Contract Tower,16,9,13,0,38,0,1,13,0,14,16,10,26,0,52,6,0,6,58
03/15/2019,GPI,MT,ANM,WE,Federal Contract Tower,12,11,15,0,38,0,0,25,0,25,12,11,40,0,63,34,0,34,97
03/16/2019,GPI,MT,ANM,WE,Federal Contract Tower,17,15,9,0,41,0,0,25,0,25,17,15,34,0,66,32,0,32,98
03/17/2019,GPI,MT,ANM,WE,Federal Contract Tower,17,9,11,0,37,0,0,22,0,22,17,9,33,0,59,50,0,50,109
03/18/2019,GPI,MT,ANM,WE,Federal Contract Tower,14,15,9,2,40,0,10,32,2,44,14,25,41,4,84,24,14,38,122
03/19/2019,GPI,MT,ANM,WE,Federal Contract Tower,12,15,8,0,35,0,1,54,0,55,12,16,62,0,90,82,0,82,172
03/20/2019,GPI,MT,ANM,WE,Federal Contract Tower,12,15,5,0,32,0,0,40,0,40,12,15,45,0,72,40,0,40,112
03/21/2019,GPI,MT,ANM,WE,Federal Contract Tower,14,14,12,0,40,0,0,32,0,32,14,14,44,0,72,0,0,0,72
03/22/2019,GPI,MT,ANM,WE,Federal Contract Tower,12,20,10,0,42,0,0,27,0,27,12,20,37,0,69,22,0,22,91
03/23/2019,GPI,MT,ANM,WE,Federal Contract Tower,13,10,6,0,29,0,0,13,0,13,13,10,19,0,42,18,0,18,60
03/24/2019,GPI,MT,ANM,WE,Federal Contract Tower,15,7,2,0,24,0,0,7,0,7,15,7,9,0,31,4,0,4,35
03/25/2019,GPI,MT,ANM,WE,Federal Contract Tower,12,13,8,0,33,0,0,32,0,32,12,13,40,0,65,60,0,60,125
03/26/2019,GPI,MT,ANM,WE,Federal Contract Tower,13,18,4,1,36,0,7,4,0,11,13,25,8,1,47,0,0,0,47
03/27/2019,GPI,MT,ANM,WE,Federal Contract Tower,12,19,5,1,37,0,2,30,11,43,12,21,35,12,80,20,0,20,100
03/28/2019,GPI,MT,ANM,WE,Federal Contract Tower,13,15,13,1,42,0,1,26,0,27,13,16,39,1,69,76,8,84,153
03/29/2019,GPI,MT,ANM,WE,Federal Contract Tower,14,15,9,0,38,0,0,31,0,31,14,15,40,0,69,34,0,34,103
03/30/2019,GPI,MT,ANM,WE,Federal Contract Tower,15,9,5,0,29,0,0,43,0,43,15,9,48,0,72,26,0,26,98
03/31/2019,GPI,MT,ANM,WE,Federal Contract Tower,15,11,11,1,38,0,1,23,0,24,15,12,34,1,62,10,0,10,72
04/01/2019,GPI,MT,ANM,WE,Federal Contract Tower,13,5,7,1,26,0,0,3,0,3,13,5,10,1,29,4,0,4,33
04/02/2019,GPI,MT,ANM,WE,Federal Contract Tower,13,11,8,0,32,0,0,34,0,34,13,11,42,0,66,36,0,36,102
04/03/2019,GPI,MT,ANM,WE,Federal Contract Tower,12,9,7,0,28,0,2,8,0,10,12,11,15,0,38,2,0,2,40
04/04/2019,GPI,MT,ANM,WE,Federal Contract Tower,14,11,3,0,28,0,0,14,0,14,14,11,17,0,42,20,0,20,62
04/05/2019,GPI,MT,ANM,WE,Federal Contract Tower,12,13,12,0,37,0,0,9,2,11,12,13,21,2,48,4,0,4,52
04/06/2019,GPI,MT,ANM,WE,Federal Contract Tower,8,9,6,0,23,0,1,6,0,7,8,10,12,0,30,6,0,6,36
04/07/2019,GPI,MT,ANM,WE,Federal Contract Tower,13,6,7,0,26,0,1,2,0,3,13,7,9,0,29,0,0,0,29
04/08/2019,GPI,MT,ANM,WE,Federal Contract Tower,11,6,1,0,18,0,0,11,3,14,11,6,12,3,32,6,0,6,38
04/09/2019,GPI,MT,ANM,WE,Federal Contract Tower,12,10,12,0,34,0,6,0,0,6,12,16,12,0,40,0,0,0,40
04/10/2019,GPI,MT,ANM,WE,Federal Contract Tower,12,11,7,0,30,0,0,1,0,1,12,11,8,0,31,0,0,0,31
04/11/2019,GPI,MT,ANM,WE,Federal Contract Tower,10,14,11,0,35,0,0,8,0,8,10,14,19,0,43,18,0,18,61
04/12/2019,GPI,MT,ANM,WE,Federal Contract Tower,12,9,7,2,30,0,1,16,0,17,12,10,23,2,47,40,0,40,87
04/13/2019,GPI,MT,ANM,WE,Federal Contract Tower,8,13,9,0,30,0,0,8,0,8,8,13,17,0,38,44,0,44,82
04/14/2019,GPI,MT,ANM,WE,Federal Contract Tower,14,7,4,0,25,0,0,6,0,6,14,7,10,0,31,12,0,12,43
04/15/2019,GPI,MT,ANM,WE,Federal Contract Tower,12,10,8,1,31,0,1,17,2,20,12,11,25,3,51,12,2,14,65
04/16/2019,GPI,MT,ANM,WE,Federal Contract Tower,12,12,10,0,34,0,0,32,0,32,12,12,42,0,66,42,0,42,108
04/17/2019,GPI,MT,ANM,WE,Federal Contract Tower,13,10,10,0,33,0,0,20,0,20,13,10,30,0,53,2,0,2,55
04/18/2019,GPI,MT,ANM,WE,Federal Contract Tower,14,10,21,0,45,0,1,33,1,35,14,11,54,1,80,26,0,26,106
04/19/2019,GPI,MT,ANM,WE,Federal Contract Tower,12,12,7,2,33,0,3,9,0,12,12,15,16,2,45,8,0,8,53
04/20/2019,GPI,MT,ANM,WE,Federal Contract Tower,8,6,2,0,16,0,0,9,0,9,8,6,11,0,25,8,0,8,33
04/21/2019,GPI,MT,ANM,WE,Federal Contract Tower,14,3,6,0,23,0,0,19,0,19,14,3,25,0,42,2,0,2,44
04/22/2019,GPI,MT,ANM,WE,Federal Contract Tower,12,11,12,0,35,0,0,22,8,30,12,11,34,8,65,4,0,4,69
04/23/2019,GPI,MT,ANM,WE,Federal Contract Tower,12,15,4,5,36,0,1,10,12,23,12,16,14,17,59,0,32,32,91
04/24/2019,GPI,MT,ANM,WE,Federal Contract Tower,12,12,13,0,37,0,3,12,2,17,12,15,25,2,54,4,8,12,66
04/25/2019,GPI,MT,ANM,WE,Federal Contract Tower,14,10,14,1,39,0,0,42,2,44,14,10,56,3,83,18,0,18,101
04/26/2019,GPI,MT,ANM,WE,Federal Contract Tower,13,11,9,0,33,0,0,16,0,16,13,11,25,0,49,18,0,18,67
04/27/2019,GPI,MT,ANM,WE,Federal Contract Tower,8,8,5,0,21,0,0,9,0,9,8,8,14,0,30,10,0,10,40
04/28/2019,GPI,MT,ANM,WE,Federal Contract Tower,15,6,14,0,35,0,0,11,0,11,15,6,25,0,46,6,0,6,52
04/29/2019,GPI,MT,ANM,WE,Federal Contract Tower,12,9,3,5,29,0,0,38,6,44,12,9,41,11,73,10,8,18,91
04/30/2019,GPI,MT,ANM,WE,Federal Contract Tower,14,11,12,0,37,0,0,25,0,25,14,11,37,0,62,12,0,12,74
05/01/2019,GPI,MT,ANM,WE,Federal Contract Tower,12,15,12,2,41,0,10,8,0,18,12,25,20,2,59,0,0,0,59
05/02/2019,GPI,MT,ANM,WE,Federal Contract Tower,15,13,8,1,37,0,0,25,0,25,15,13,33,1,62,20,0,20,82
05/03/2019,GPI,MT,ANM,WE,Federal Contract Tower,12,19,11,2,44,0,1,18,0,19,12,20,29,2,63,14,10,24,87
05/04/2019,GPI,MT,ANM,WE,Federal Contract Tower,9,7,8,2,26,0,2,14,0,16,9,9,22,2,42,4,0,4,46
05/05/2019,GPI,MT,ANM,WE,Federal Contract Tower,14,9,7,0,30,0,0,8,0,8,14,9,15,0,38,0,0,0,38
05/06/2019,GPI,MT,ANM,WE,Federal Contract Tower,12,16,8,1,37,0,0,24,4,28,12,16,32,5,65,0,0,0,65
05/07/2019,GPI,MT,ANM,WE,Federal Contract Tower,12,10,10,5,37,0,0,24,17,41,12,10,34,22,78,8,8,16,94
05/08/2019,GPI,MT,ANM,WE,Federal Contract Tower,12,19,6,2,39,0,1,14,0,15,12,20,20,2,54,10,24,34,88
05/09/2019,GPI,MT,ANM,WE,Federal Contract Tower,15,17,18,4,54,0,3,26,1,30,15,20,44,5,84,16,2,18,102
05/10/2019,GPI,MT,ANM,WE,Federal Contract Tower,12,17,11,0,40,0,0,34,0,34,12,17,45,0,74,34,0,34,108
05/11/2019,GPI,MT,ANM,WE,Federal Contract Tower,8,12,10,2,32,0,3,52,8,63,8,15,62,10,95,46,22,68,163
05/12/2019,GPI,MT,ANM,WE,Federal Contract Tower,13,8,12,0,33,0,0,34,4,38,13,8,46,4,71,4,0,4,75
05/13/2019,GPI,MT,ANM,WE,Federal Contract Tower,11,11,1,10,33,0,0,24,0,24,11,11,25,10,57,0,10,10,67
05/14/2019,GPI,MT,ANM,WE,Federal Contract Tower,12,14,9,0,35,0,7,20,0,27,12,21,29,0,62,26,0,26,88
05/15/2019,GPI,MT,ANM,WE,Federal Contract Tower,19,13,11,2,45,0,0,14,32,46,19,13,25,34,91,8,0,8,99
05/16/2019,GPI,MT,ANM,WE,Federal Contract Tower,14,13,7,4,38,0,1,13,6,20,14,14,20,10,58,38,32,70,128
05/17/2019,GPI,MT,ANM,WE,Federal Contract Tower,11,13,18,1,43,0,0,8,0,8,11,13,26,1,51,4,0,4,55
05/18/2019,GPI,MT,ANM,WE,Federal Contract Tower,10,9,10,0,29,0,0,13,0,13,10,9,23,0,42,18,0,18,60
05/19/2019,GPI,MT,ANM,WE,Federal Contract Tower,14,6,11,0,31,0,0,14,0,14,14,6,25,0,45,8,0,8,53
05/20/2019,GPI,MT,ANM,WE,Federal Contract Tower,10,16,10,0,36,0,1,9,0,10,10,17,19,0,46,12,0,12,58
05/21/2019,GPI,MT,ANM,WE,Federal Contract Tower,10,22,9,2,43,0,8,18,12,38,10,30,27,14,81,0,32,32,113
05/22/2019,GPI,MT,ANM,WE,Federal Contract Tower,10,17,6,2,35,0,1,13,2,16,10,18,19,4,51,4,2,6,57
05/23/2019,GPI,MT,ANM,WE,Federal Contract Tower,12,20,16,0,48,0,2,59,0,61,12,22,75,0,109,26,0,26,135
05/24/2019,GPI,MT,ANM,WE,Federal Contract Tower,8,18,16,0,42,0,0,29,1,30,8,18,45,1,72,62,0,62,134
05/25/2019,GPI,MT,ANM,WE,Federal Contract Tower,10,8,3,0,21,0,1,12,0,13,10,9,15,0,34,20,0,20,54
05/26/2019,GPI,MT,ANM,WE,Federal Contract Tower,12,6,7,0,25,0,0,4,0,4,12,6,11,0,29,0,0,0,29
05/27/2019,GPI,MT,ANM,WE,Federal Contract Tower,11,14,9,0,34,0,1,18,4,23,11,15,27,4,57,4,0,4,61
05/28/2019,GPI,MT,ANM,WE,Federal Contract Tower,10,12,20,2,44,0,0,26,1,27,10,12,46,3,71,20,0,20,91
05/29/2019,GPI,MT,ANM,WE,Federal Contract Tower,12,15,15,2,44,0,0,24,0,24,12,15,39,2,68,28,0,28,96
05/30/2019,GPI,MT,ANM,WE,Federal Contract Tower,14,17,13,0,44,0,0,33,0,33,14,17,46,0,77,30,0,30,107
05/31/2019,GPI,MT,ANM,WE,Federal Contract Tower,12,17,17,0,46,0,2,20,0,22,12,19,37,0,68,8,0,8,76
06/01/2019,GPI,MT,ANM,WE,Federal Contract Tower,10,15,10,0,35,0,1,18,0,19,10,16,28,0,54,14,0,14,68
06/02/2019,GPI,MT,ANM,WE,Federal Contract Tower,14,8,13,1,36,0,0,47,0,47,14,8,60,1,83,42,0,42,125
06/03/2019,GPI,MT,ANM,WE,Federal Contract Tower,11,13,18,3,45,0,0,30,4,34,11,13,48,7,79,36,0,36,115
06/04/2019,GPI,MT,ANM,WE,Federal Contract Tower,12,19,5,1,37,0,0,26,3,29,12,19,31,4,66,34,0,34,100
06/05/2019,GPI,MT,ANM,WE,Federal Contract Tower,15,13,17,0,45,0,2,35,0,37,15,15,52,0,82,32,0,32,114
06/06/2019,GPI,MT,ANM,WE,Federal Contract Tower,25,14,15,0,54,0,0,5,0,5,25,14,20,0,59,2,0,2,61
06/07/2019,GPI,MT,ANM,WE,Federal Contract Tower,22,14,13,4,53,0,2,22,0,24,22,16,35,4,77,20,0,20,97
06/08/2019,GPI,MT,ANM,WE,Federal Contract Tower,36,16,7,1,60,0,0,8,0,8,36,16,15,1,68,8,0,8,76
06/09/2019,GPI,MT,ANM,WE,Federal Contract Tower,27,18,14,0,59,0,2,32,0,34,27,20,46,0,93,34,0,34,127
06/10/2019,GPI,MT,ANM,WE,Federal Contract Tower,23,13,7,0,43,0,0,22,0,22,23,13,29,0,65,22,0,22,87
06/11/2019,GPI,MT,ANM,WE,Federal Contract Tower,21,12,5,0,38,0,1,45,0,46,21,13,50,0,84,28,0,28,112
06/12/2019,GPI,MT,ANM,WE,Federal Contract Tower,27,19,15,0,61,0,1,37,0,38,27,20,52,0,99,10,0,10,109
06/13/2019,GPI,MT,ANM,WE,Federal Contract Tower,27,15,25,0,67,0,1,35,3,39,27,16,60,3,106,22,0,22,128
06/14/2019,GPI,MT,ANM,WE,Federal Contract Tower,23,21,10,5,59,0,1,39,4,44,23,22,49,9,103,18,0,18,121
06/15/2019,GPI,MT,ANM,WE,Federal Contract Tower,38,12,8,0,58,0,0,45,1,46,38,12,53,1,104,30,4,34,138
06/16/2019,GPI,MT,ANM,WE,Federal Contract Tower,29,18,9,5,61,0,1,27,3,31,29,19,36,8,92,16,0,16,108
06/17/2019,GPI,MT,ANM,WE,Federal Contract Tower,23,17,15,0,55,0,1,35,3,39,23,18,50,3,94,10,0,10,104
06/18/2019,GPI,MT,ANM,WE,Federal Contract Tower,22,18,17,0,57,0,0,25,1,26,22,18,42,1,83,6,0,6,89
06/19/2019,GPI,MT,ANM,WE,Federal Contract Tower,29,18,11,0,58,0,1,30,0,31,29,19,41,0,89,20,0,20,109
06/20/2019,GPI,MT,ANM,WE,Federal Contract Tower,31,16,23,0,70,0,0,8,0,8,31,16,31,0,78,12,0,12,90
06/21/2019,GPI,MT,ANM,WE,Federal Contract Tower,28,13,18,0,59,0,0,16,0,16,28,13,34,0,75,34,0,34,109
06/22/2019,GPI,MT,ANM,WE,Federal Contract Tower,41,11,11,0,63,0,0,16,0,16,41,11,27,0,79,18,0,18,97
06/23/2019,GPI,MT,ANM,WE,Federal Contract Tower,34,16,14,2,66,0,0,19,2,21,34,16,33,4,87,16,4,20,107
06/24/2019,GPI,MT,ANM,WE,Federal Contract Tower,29,17,9,2,57,0,1,16,0,17,29,18,25,2,74,22,0,22,96
06/25/2019,GPI,MT,ANM,WE,Federal Contract Tower,31,17,10,1,59,0,1,62,0,63,31,18,72,1,122,40,2,42,164
06/26/2019,GPI,MT,ANM,WE,Federal Contract Tower,33,21,22,2,78,0,5,26,4,35,33,26,48,6,113,8,0,8,121
06/27/2019,GPI,MT,ANM,WE,Federal Contract Tower,36,18,18,0,72,0,0,16,0,16,36,18,34,0,88,6,0,6,94
06/28/2019,GPI,MT,ANM,WE,Federal Contract Tower,32,24,35,0,91,0,8,60,4,72,32,32,95,4,163,20,0,20,183
06/29/2019,GPI,MT,ANM,WE,Federal Contract Tower,44,14,16,0,74,0,2,75,0,77,44,16,91,0,151,44,0,44,195
06/30/2019,GPI,MT,ANM,WE,Federal Contract Tower,35,24,19,0,78,0,0,67,0,67,35,24,86,0,145,16,0,16,161
07/01/2019,GPI,MT,ANM,WE,Federal Contract Tower,31,20,22,0,73,0,1,44,1,46,31,21,66,1,119,28,0,28,147
07/02/2019,GPI,MT,ANM,WE,Federal Contract Tower,30,17,22,0,69,0,1,38,3,42,30,18,60,3,111,10,0,10,121
07/03/2019,GPI,MT,ANM,WE,Federal Contract Tower,38,25,22,0,85,0,4,18,0,22,38,29,40,0,107,26,0,26,133
07/04/2019,GPI,MT,ANM,WE,Federal Contract Tower,31,9,12,0,52,0,1,45,28,74,31,10,57,28,126,36,20,56,182
07/05/2019,GPI,MT,ANM,WE,Federal Contract Tower,26,21,20,0,67,0,1,49,23,73,26,22,69,23,140,32,8,40,180
07/06/2019,GPI,MT,ANM,WE,Federal Contract Tower,45,12,21,0,78,0,0,41,4,45,45,12,62,4,123,22,0,22,145
07/07/2019,GPI,MT,ANM,WE,Federal Contract Tower,36,12,32,0,80,0,0,45,0,45,36,12,77,0,125,62,0,62,187
07/08/2019,GPI,MT,ANM,WE,Federal Contract Tower,31,16,27,0,74,0,3,42,1,46,31,19,69,1,120,36,0,36,156
07/09/2019,GPI,MT,ANM,WE,Federal Contract Tower,31,26,14,1,72,0,14,61,2,77,31,40,75,3,149,62,0,62,211
07/10/2019,GPI,MT,ANM,WE,Federal Contract Tower,34,27,22,3,86,0,2,54,5,61,34,29,76,8,147,46,4,50,197
07/11/2019,GPI,MT,ANM,WE,Federal Contract Tower,35,21,24,0,80,0,1,47,0,48,35,22,71,0,128,18,0,18,146
07/12/2019,GPI,MT,ANM,WE,Federal Contract Tower,31,24,30,4,89,0,2,67,4,73,31,26,97,8,162,40,0,40,202
07/13/2019,GPI,MT,ANM,WE,Federal Contract Tower,44,16,17,1,78,0,2,60,3,65,44,18,77,4,143,52,0,52,195
07/14/2019,GPI,MT,ANM,WE,Federal Contract Tower,34,24,26,1,85,0,1,42,0,43,34,25,68,1,128,42,0,42,170
07/15/2019,GPI,MT,ANM,WE,Federal Contract Tower,29,22,24,0,75,0,0,40,0,40,29,22,64,0,115,62,0,62,177
07/16/2019,GPI,MT,ANM,WE,Federal Contract Tower,31,26,20,0,77,0,6,31,0,37,31,32,51,0,114,56,0,56,170
07/17/2019,GPI,MT,ANM,WE,Federal Contract Tower,34,26,15,2,77,0,5,15,2,22,34,31,30,4,99,2,8,10,109
07/18/2019,GPI,MT,ANM,WE,Federal Contract Tower,34,24,25,0,83,0,2,28,1,31,34,26,53,1,114,0,0,0,114
07/19/2019,GPI,MT,ANM,WE,Federal Contract Tower,29,23,16,0,68,0,1,31,0,32,29,24,47,0,100,8,0,8,108
07/20/2019,GPI,MT,ANM,WE,Federal Contract Tower,44,14,21,0,79,0,0,45,1,46,44,14,66,1,125,46,0,46,171
07/21/2019,GPI,MT,ANM,WE,Federal Contract Tower,34,16,23,0,73,0,0,78,0,78,34,16,101,0,151,14,0,14,165
07/22/2019,GPI,MT,ANM,WE,Federal Contract Tower,25,21,23,3,72,0,0,48,0,48,25,21,71,3,120,40,0,40,160
07/23/2019,GPI,MT,ANM,WE,Federal Contract Tower,31,17,23,4,75,0,4,45,1,50,31,21,68,5,125,24,4,28,153
07/24/2019,GPI,MT,ANM,WE,Federal Contract Tower,33,23,29,1,86,0,0,35,0,35,33,23,64,1,121,32,0,32,153
07/25/2019,GPI,MT,ANM,WE,Federal Contract Tower,35,23,18,1,77,0,0,55,2,57,35,23,73,3,134,50,0,50,184
07/26/2019,GPI,MT,ANM,WE,Federal Contract Tower,32,21,25,2,80,0,3,58,5,66,32,24,83,7,146,50,2,52,198
07/27/2019,GPI,MT,ANM,WE,Federal Contract Tower,43,16,14,0,73,0,0,63,0,63,43,16,77,0,136,6,0,6,142
07/28/2019,GPI,MT,ANM,WE,Federal Contract Tower,35,15,38,0,88,0,2,63,0,65,35,17,101,0,153,10,0,10,163
07/29/2019,GPI,MT,ANM,WE,Federal Contract Tower,31,18,27,0,76,0,1,49,2,52,31,19,76,2,128,16,0,16,144
07/30/2019,GPI,MT,ANM,WE,Federal Contract Tower,29,21,23,0,73,0,0,53,0,53,29,21,76,0,126,62,0,62,188
07/31/2019,GPI,MT,ANM,WE,Federal Contract Tower,36,28,19,2,85,0,1,53,0,54,36,29,72,2,139,16,0,16,155
08/01/2019,GPI,MT,ANM,WE,Federal Contract Tower,37,25,44,1,107,0,4,66,0,70,37,29,110,1,177,38,4,42,219
08/02/2019,GPI,MT,ANM,WE,Federal Contract Tower,33,19,26,0,78,0,0,50,0,50,33,19,76,0,128,64,0,64,192
08/03/2019,GPI,MT,ANM,WE,Federal Contract Tower,45,23,19,0,87,0,0,59,0,59,45,23,78,0,146,104,0,104,250
08/04/2019,GPI,MT,ANM,WE,Federal Contract Tower,37,21,31,1,90,0,2,59,1,62,37,23,90,2,152,60,0,60,212
08/05/2019,GPI,MT,ANM,WE,Federal Contract Tower,31,18,17,0,66,0,1,33,0,34,31,19,50,0,100,36,0,36,136
08/06/2019,GPI,MT,ANM,WE,Federal Contract Tower,33,24,20,0,77,0,5,34,1,40,33,29,54,1,117,0,0,0,117
08/07/2019,GPI,MT,ANM,WE,Federal Contract Tower,37,27,28,7,99,0,4,43,0,47,37,31,71,7,146,28,46,74,220
08/08/2019,GPI,MT,ANM,WE,Federal Contract Tower,36,24,22,0,82,0,0,45,0,45,36,24,67,0,127,44,0,44,171
08/09/2019,GPI,MT,ANM,WE,Federal Contract Tower,33,28,34,0,95,0,1,35,3,39,33,29,69,3,134,12,0,12,146
08/10/2019,GPI,MT,ANM,WE,Federal Contract Tower,44,24,25,1,94,0,1,35,1,37,44,25,60,2,131,40,0,40,171
08/11/2019,GPI,MT,ANM,WE,Federal Contract Tower,38,30,24,2,94,0,0,27,0,27,38,30,51,2,121,28,0,28,149
08/12/2019,GPI,MT,ANM,WE,Federal Contract Tower,31,15,22,0,68,0,0,21,0,21,31,15,43,0,89,28,0,28,117
08/13/2019,GPI,MT,ANM,WE,Federal Contract Tower,31,18,21,4,74,0,3,67,0,70,31,21,88,4,144,72,2,74,218
08/14/2019,GPI,MT,ANM,WE,Federal Contract Tower,33,27,33,0,93,0,2,56,0,58,33,29,89,0,151,32,0,32,183
08/15/2019,GPI,MT,ANM,WE,Federal Contract Tower,34,25,32,0,91,0,1,50,0,51,34,26,82,0,142,16,0,16,158
08/16/2019,GPI,MT,ANM,WE,Federal Contract Tower,33,29,34,4,100,0,0,40,4,44,33,29,74,8,144,64,0,64,208
08/17/2019,GPI,MT,ANM,WE,Federal Contract Tower,41,25,11,0,77,0,0,40,1,41,41,25,51,1,118,22,0,22,140
08/18/2019,GPI,MT,ANM,WE,Federal Contract Tower,35,20,25,0,80,0,0,47,0,47,35,20,72,0,127,14,0,14,141
08/19/2019,GPI,MT,ANM,WE,Federal Contract Tower,29,16,23,2,70,0,0,49,0,49,29,16,72,2,119,24,0,24,143
08/20/2019,GPI,MT,ANM,WE,Federal Contract Tower,30,29,16,2,77,0,0,50,1,51,30,29,66,3,128,18,2,20,148
08/21/2019,GPI,MT,ANM,WE,Federal Contract Tower,31,24,23,2,80,0,1,41,2,44,31,25,64,4,124,64,28,92,216
08/22/2019,GPI,MT,ANM,WE,Federal Contract Tower,32,28,28,0,88,0,3,31,2,36,32,31,59,2,124,10,0,10,134
08/23/2019,GPI,MT,ANM,WE,Federal Contract Tower,30,25,20,4,79,0,4,28,1,33,30,29,48,5,112,6,0,6,118
08/24/2019,GPI,MT,ANM,WE,Federal Contract Tower,39,24,21,0,84,0,0,29,0,29,39,24,50,0,113,38,0,38,151
08/25/2019,GPI,MT,ANM,WE,Federal Contract Tower,33,19,22,0,74,0,3,37,0,40,33,22,59,0,114,12,0,12,126
08/26/2019,GPI,MT,ANM,WE,Federal Contract Tower,30,12,18,2,62,0,9,46,0,55,30,21,64,2,117,36,0,36,153
08/27/2019,GPI,MT,ANM,WE,Federal Contract Tower,29,20,29,0,78,0,0,51,4,55,29,20,80,4,133,20,0,20,153
08/28/2019,GPI,MT,ANM,WE,Federal Contract Tower,29,26,16,0,71,0,1,40,1,42,29,27,56,1,113,36,0,36,149
08/29/2019,GPI,MT,ANM,WE,Federal Contract Tower,29,22,38,0,89,1,2,42,4,49,30,24,80,4,138,26,0,26,164
08/30/2019,GPI,MT,ANM,WE,Federal Contract Tower,29,15,31,0,75,0,0,34,0,34,29,15,65,0,109,14,0,14,123
08/31/2019,GPI,MT,ANM,WE,Federal Contract Tower,28,10,19,0,57,0,0,46,0,46,28,10,65,0,103,52,0,52,155
09/01/2019,GPI,MT,ANM,WE,Federal Contract Tower,27,7,10,1,45,0,0,39,4,43,27,7,49,5,88,6,0,6,94
09/02/2019,GPI,MT,ANM,WE,Federal Contract Tower,27,14,28,0,69,0,1,46,1,48,27,15,74,1,117,22,0,22,139
09/03/2019,GPI,MT,ANM,WE,Federal Contract Tower,21,14,8,0,43,0,0,34,2,36,21,14,42,2,79,14,0,14,93
09/04/2019,GPI,MT,ANM,WE,Federal Contract Tower,18,20,17,1,56,0,0,24,0,24,18,20,41,1,80,12,2,14,94
09/05/2019,GPI,MT,ANM,WE,Federal Contract Tower,19,17,24,0,60,0,0,38,0,38,19,17,62,0,98,38,0,38,136
09/06/2019,GPI,MT,ANM,WE,Federal Contract Tower,17,24,12,2,55,0,0,5,0,5,17,24,17,2,60,0,0,0,60
09/07/2019,GPI,MT,ANM,WE,Federal Contract Tower,21,12,14,0,47,0,0,46,1,47,21,12,60,1,94,18,0,18,112
09/08/2019,GPI,MT,ANM,WE,Federal Contract Tower,21,19,15,0,55,0,0,24,0,24,21,19,39,0,79,34,0,34,113
09/09/2019,GPI,MT,ANM,WE,Federal Contract Tower,19,19,5,2,45,0,0,4,0,4,19,19,9,2,49,16,0,16,65
09/10/2019,GPI,MT,ANM,WE,Federal Contract Tower,19,21,8,0,48,0,0,15,4,19,19,21,23,4,67,62,0,62,129
09/11/2019,GPI,MT,ANM,WE,Federal Contract Tower,20,20,18,7,65,0,1,25,6,32,20,21,43,13,97,10,0,10,107
09/12/2019,GPI,MT,ANM,WE,Federal Contract Tower,22,14,28,0,64,0,0,44,0,44,22,14,72,0,108,34,0,34,142
09/13/2019,GPI,MT,ANM,WE,Federal Contract Tower,18,20,13,0,51,0,1,20,1,22,18,21,33,1,73,8,0,8,81
09/14/2019,GPI,MT,ANM,WE,Federal Contract Tower,21,17,20,0,58,0,0,30,2,32,21,17,50,2,90,58,0,58,148
09/15/2019,GPI,MT,ANM,WE,Federal Contract Tower,24,10,19,0,53,0,0,37,0,37,24,10,56,0,90,14,0,14,104
09/16/2019,GPI,MT,ANM,WE,Federal Contract Tower,18,13,14,0,45,0,0,32,1,33,18,13,46,1,78,44,0,44,122
09/17/2019,GPI,MT,ANM,WE,Federal Contract Tower,21,15,18,0,54,0,1,8,0,9,21,16,26,0,63,6,0,6,69
09/18/2019,GPI,MT,ANM,WE,Federal Contract Tower,21,16,13,0,50,0,1,10,0,11,21,17,23,0,61,0,10,10,71
09/19/2019,GPI,MT,ANM,WE,Federal Contract Tower,21,15,12,3,51,0,0,15,1,16,21,15,27,4,67,8,12,20,87
09/20/2019,GPI,MT,ANM,WE,Federal Contract Tower,19,14,20,2,55,0,0,14,0,14,19,14,34,2,69,0,0,0,69
09/21/2019,GPI,MT,ANM,WE,Federal Contract Tower,21,10,13,0,44,0,0,29,0,29,21,10,42,0,73,24,0,24,97
09/22/2019,GPI,MT,ANM,WE,Federal Contract Tower,21,13,20,0,54,0,1,33,1,35,21,14,53,1,89,12,0,12,101
09/23/2019,GPI,MT,ANM,WE,Federal Contract Tower,19,15,15,0,49,0,1,6,0,7,19,16,21,0,56,24,0,24,80
09/24/2019,GPI,MT,ANM,WE,Federal Contract Tower,19,29,17,3,68,0,5,25,0,30,19,34,42,3,98,46,0,46,144
09/25/2019,GPI,MT,ANM,WE,Federal Contract Tower,21,18,20,0,59,0,0,57,2,59,21,18,77,2,118,10,0,10,128
09/26/2019,GPI,MT,ANM,WE,Federal Contract Tower,21,21,17,0,59,0,0,4,0,4,21,21,21,0,63,0,0,0,63
09/27/2019,GPI,MT,ANM,WE,Federal Contract Tower,17,16,12,0,45,0,1,16,0,17,17,17,28,0,62,26,0,26,88
09/28/2019,GPI,MT,ANM,WE,Federal Contract Tower,21,10,5,0,36,0,0,0,0,0,21,10,5,0,36,0,0,0,36
09/29/2019,GPI,MT,ANM,WE,Federal Contract Tower,19,8,2,0,29,0,0,4,0,4,19,8,6,0,33,10,0,10,43
09/30/2019,GPI,MT,ANM,WE,Federal Contract Tower,19,13,15,0,47,0,0,34,1,35,19,13,49,1,82,48,0,48,130
10/01/2019,GPI,MT,ANM,WE,Federal Contract Tower,17,14,18,0,49,0,2,29,0,31,17,16,47,0,80,42,0,42,122
10/02/2019,GPI,MT,ANM,WE,Federal Contract Tower,19,18,17,0,54,0,1,28,0,29,19,19,45,0,83,0,0,0,83
10/03/2019,GPI,MT,ANM,WE,Federal Contract Tower,16,11,20,0,47,0,1,23,0,24,16,12,43,0,71,14,0,14,85
10/04/2019,GPI,MT,ANM,WE,Federal Contract Tower,13,12,9,0,34,0,0,7,0,7,13,12,16,0,41,10,0,10,51
10/05/2019,GPI,MT,ANM,WE,Federal Contract Tower,14,10,12,1,37,0,0,7,1,8,14,10,19,2,45,16,0,16,61
10/06/2019,GPI,MT,ANM,WE,Federal Contract Tower,12,13,18,1,44,0,0,46,5,51,12,13,64,6,95,34,0,34,129
10/07/2019,GPI,MT,ANM,WE,Federal Contract Tower,9,17,5,0,31,0,0,22,1,23,9,17,27,1,54,4,0,4,58
10/08/2019,GPI,MT,ANM,WE,Federal Contract Tower,12,16,17,0,45,0,0,3,0,3,12,16,20,0,48,0,0,0,48
10/09/2019,GPI,MT,ANM,WE,Federal Contract Tower,12,14,12,0,38,0,3,9,0,12,12,17,21,0,50,16,0,16,66
10/10/2019,GPI,MT,ANM,WE,Federal Contract Tower,11,20,12,0,43,0,3,28,0,31,11,23,40,0,74,40,0,40,114
10/11/2019,GPI,MT,ANM,WE,Federal Contract Tower,11,13,24,0,48,0,0,39,0,39,11,13,63,0,87,38,0,38,125
10/12/2019,GPI,MT,ANM,WE,Federal Contract Tower,14,10,6,0,30,0,0,32,0,32,14,10,38,0,62,42,0,42,104
10/13/2019,GPI,MT,ANM,WE,Federal Contract Tower,12,14,12,2,40,0,0,24,0,24,12,14,36,2,64,28,0,28,92
10/14/2019,GPI,MT,ANM,WE,Federal Contract Tower,10,13,13,0,36,0,1,16,0,17,10,14,29,0,53,24,0,24,77
10/15/2019,GPI,MT,ANM,WE,Federal Contract Tower,10,17,19,7,53,0,1,25,2,28,10,18,44,9,81,38,34,72,153
10/16/2019,GPI,MT,ANM,WE,Federal Contract Tower,11,19,13,2,45,0,0,38,3,41,11,19,51,5,86,94,6,100,186
10/17/2019,GPI,MT,ANM,WE,Federal Contract Tower,11,18,11,2,42,0,0,14,0,14,11,18,25,2,56,16,0,16,72
10/18/2019,GPI,MT,ANM,WE,Federal Contract Tower,9,13,13,0,35,0,1,14,0,15,9,14,27,0,50,0,0,0,50
10/19/2019,GPI,MT,ANM,WE,Federal Contract Tower,14,9,2,0,25,0,0,11,0,11,14,9,13,0,36,42,0,42,78
10/20/2019,GPI,MT,ANM,WE,Federal Contract Tower,12,9,10,0,31,0,0,6,0,6,12,9,16,0,37,24,0,24,61
10/21/2019,GPI,MT,ANM,WE,Federal Contract Tower,10,13,13,0,36,0,0,10,0,10,10,13,23,0,46,4,0,4,50
10/22/2019,GPI,MT,ANM,WE,Federal Contract Tower,11,15,11,0,37,0,0,17,0,17,11,15,28,0,54,18,0,18,72
10/23/2019,GPI,MT,ANM,WE,Federal Contract Tower,10,14,15,0,39,0,0,35,0,35,10,14,50,0,74,32,0,32,106
10/24/2019,GPI,MT,ANM,WE,Federal Contract Tower,9,22,9,6,46,0,1,26,2,29,9,23,35,8,75,30,32,62,137
10/25/2019,GPI,MT,ANM,WE,Federal Contract Tower,9,18,9,1,37,0,0,14,0,14,9,18,23,1,51,2,2,4,55
10/26/2019,GPI,MT,ANM,WE,Federal Contract Tower,15,10,9,0,34,0,0,8,0,8,15,10,17,0,42,6,0,6,48
10/27/2019,GPI,MT,ANM,WE,Federal Contract Tower,13,10,7,1,31,0,0,21,0,21,13,10,28,1,52,80,0,80,132
10/28/2019,GPI,MT,ANM,WE,Federal Contract Tower,11,8,7,0,26,0,0,2,0,2,11,8,9,0,28,0,0,0,28
10/29/2019,GPI,MT,ANM,WE,Federal Contract Tower,11,12,3,1,27,0,1,17,3,21,11,13,20,4,48,8,2,10,58
10/30/2019,GPI,MT,ANM,WE,Federal Contract Tower,13,9,9,0,31,0,0,25,1,26,13,9,34,1,57,12,0,12,69
10/31/2019,GPI,MT,ANM,WE,Federal Contract Tower,10,11,10,0,31,0,0,14,0,14,10,11,24,0,45,56,0,56,101
11/01/2019,GPI,MT,ANM,WE,Federal Contract Tower,11,8,14,0,33,0,0,36,3,39,11,8,50,3,72,34,0,34,106
11/02/2019,GPI,MT,ANM,WE,Federal Contract Tower,14,6,6,0,26,0,2,28,2,32,14,8,34,2,58,48,0,48,106
11/03/2019,GPI,MT,ANM,WE,Federal Contract Tower,11,5,8,2,26,0,0,10,0,10,11,5,18,2,36,2,12,14,50
11/04/2019,GPI,MT,ANM,WE,Federal Contract Tower,8,10,8,0,26,0,0,5,0,5,8,10,13,0,31,0,0,0,31
11/05/2019,GPI,MT,ANM,WE,Federal Contract Tower,12,16,13,0,41,0,0,13,0,13,12,16,26,0,54,24,0,24,78
11/06/2019,GPI,MT,ANM,WE,Federal Contract Tower,10,12,14,0,36,0,1,15,0,16,10,13,29,0,52,14,0,14,66
11/07/2019,GPI,MT,ANM,WE,Federal Contract Tower,14,11,12,4,41,0,0,24,0,24,14,11,36,4,65,16,0,16,81
11/08/2019,GPI,MT,ANM,WE,Federal Contract Tower,10,12,10,0,32,0,0,19,0,19,10,12,29,0,51,10,0,10,61
11/09/2019,GPI,MT,ANM,WE,Federal Contract Tower,11,18,4,0,33,0,0,11,0,11,11,18,15,0,44,14,0,14,58
11/10/2019,GPI,MT,ANM,WE,Federal Contract Tower,11,7,4,0,22,0,0,2,0,2,11,7,6,0,24,0,0,0,24
11/11/2019,GPI,MT,ANM,WE,Federal Contract Tower,10,12,14,0,36,0,0,19,0,19,10,12,33,0,55,4,0,4,59
11/12/2019,GPI,MT,ANM,WE,Federal Contract Tower,10,14,6,0,30,0,0,4,0,4,10,14,10,0,34,14,0,14,48
11/13/2019,GPI,MT,ANM,WE,Federal Contract Tower,12,13,10,2,37,0,0,1,0,1,12,13,11,2,38,0,0,0,38
11/14/2019,GPI,MT,ANM,WE,Federal Contract Tower,9,18,11,0,38,0,0,0,0,0,9,18,11,0,38,0,0,0,38
11/15/2019,GPI,MT,ANM,WE,Federal Contract Tower,9,14,8,0,31,0,0,0,0,0,9,14,8,0,31,0,0,0,31
11/16/2019,GPI,MT,ANM,WE,Federal Contract Tower,11,12,3,0,26,0,0,29,0,29,11,12,32,0,55,28,0,28,83
11/17/2019,GPI,MT,ANM,WE,Federal Contract Tower,11,7,3,0,21,0,0,2,0,2,11,7,5,0,23,0,0,0,23
11/18/2019,GPI,MT,ANM,WE,Federal Contract Tower,10,13,10,0,33,0,0,15,0,15,10,13,25,0,48,8,0,8,56
11/19/2019,GPI,MT,ANM,WE,Federal Contract Tower,10,16,6,0,32,0,0,0,0,0,10,16,6,0,32,0,0,0,32
11/20/2019,GPI,MT,ANM,WE,Federal Contract Tower,12,12,2,0,26,0,0,38,0,38,12,12,40,0,64,34,0,34,98
11/21/2019,GPI,MT,ANM,WE,Federal Contract Tower,12,13,8,2,35,0,0,47,1,48,12,13,55,3,83,42,22,64,147
11/22/2019,GPI,MT,ANM,WE,Federal Contract Tower,9,16,9,0,34,0,0,18,0,18,9,16,27,0,52,12,0,12,64
11/23/2019,GPI,MT,ANM,WE,Federal Contract Tower,11,13,6,0,30,0,0,0,0,0,11,13,6,0,30,0,0,0,30
11/24/2019,GPI,MT,ANM,WE,Federal Contract Tower,11,7,3,0,21,0,0,4,0,4,11,7,7,0,25,8,0,8,33
11/25/2019,GPI,MT,ANM,WE,Federal Contract Tower,9,12,13,2,36,0,0,11,1,12,9,12,24,3,48,0,8,8,56
11/26/2019,GPI,MT,ANM,WE,Federal Contract Tower,15,15,18,9,57,0,0,24,11,35,15,15,42,20,92,26,38,64,156
11/27/2019,GPI,MT,ANM,WE,Federal Contract Tower,9,12,12,0,33,0,0,1,0,1,9,12,13,0,34,0,0,0,34
11/28/2019,GPI,MT,ANM,WE,Federal Contract Tower,6,3,4,0,13,0,0,3,0,3,6,3,7,0,16,0,0,0,16
11/29/2019,GPI,MT,ANM,WE,Federal Contract Tower,9,10,7,0,26,0,0,6,0,6,9,10,13,0,32,6,0,6,38
11/30/2019,GPI,MT,ANM,WE,Federal Contract Tower,11,14,8,0,33,0,0,28,0,28,11,14,36,0,61,34,0,34,95
12/01/2019,GPI,MT,ANM,WE,Federal Contract Tower,12,7,9,0,28,0,0,23,0,23,12,7,32,0,51,12,0,12,63
12/02/2019,GPI,MT,ANM,WE,Federal Contract Tower,12,11,13,0,36,0,0,15,0,15,12,11,28,0,51,6,0,6,57
12/03/2019,GPI,MT,ANM,WE,Federal Contract Tower,6,14,10,0,30,0,0,6,0,6,6,14,16,0,36,20,0,20,56
12/04/2019,GPI,MT,ANM,WE,Federal Contract Tower,9,16,10,0,35,0,0,4,0,4,9,16,14,0,39,0,0,0,39
12/05/2019,GPI,MT,ANM,WE,Federal Contract Tower,11,18,8,2,39,0,0,5,4,9,11,18,13,6,48,2,0,2,50
12/06/2019,GPI,MT,ANM,WE,Federal Contract Tower,7,20,8,0,35,0,0,9,0,9,7,20,17,0,44,0,0,0,44
12/07/2019,GPI,MT,ANM,WE,Federal Contract Tower,9,8,4,0,21,0,0,5,0,5,9,8,9,0,26,2,0,2,28
12/08/2019,GPI,MT,ANM,WE,Federal Contract Tower,11,9,8,0,28,0,0,6,0,6,11,9,14,0,34,0,0,0,34
12/09/2019,GPI,MT,ANM,WE,Federal Contract Tower,8,10,10,0,28,0,2,10,0,12,8,12,20,0,40,12,0,12,52
12/10/2019,GPI,MT,ANM,WE,Federal Contract Tower,7,15,8,3,33,0,0,17,4,21,7,15,25,7,54,10,6,16,70
12/11/2019,GPI,MT,ANM,WE,Federal Contract Tower,9,17,7,1,34,0,0,6,2,8,9,17,13,3,42,4,0,4,46
12/12/2019,GPI,MT,ANM,WE,Federal Contract Tower,10,20,6,0,36,0,0,6,0,6,10,20,12,0,42,4,0,4,46
12/13/2019,GPI,MT,ANM,WE,Federal Contract Tower,11,12,12,0,35,0,0,8,0,8,11,12,20,0,43,20,0,20,63
12/14/2019,GPI,MT,ANM,WE,Federal Contract Tower,9,7,7,0,23,0,0,4,0,4,9,7,11,0,27,8,0,8,35
12/15/2019,GPI,MT,ANM,WE,Federal Contract Tower,12,12,4,0,28,0,0,15,0,15,12,12,19,0,43,36,0,36,79
12/16/2019,GPI,MT,ANM,WE,Federal Contract Tower,13,10,6,0,29,0,0,13,4,17,13,10,19,4,46,0,32,32,78
12/17/2019,GPI,MT,ANM,WE,Federal Contract Tower,14,18,10,6,48,0,0,18,10,28,14,18,28,16,76,20,0,20,96
12/18/2019,GPI,MT,ANM,WE,Federal Contract Tower,10,15,14,2,41,0,3,46,3,52,10,18,60,5,93,8,14,22,115
12/19/2019,GPI,MT,ANM,WE,Federal Contract Tower,15,17,8,0,40,0,1,0,0,1,15,18,8,0,41,0,0,0,41
12/20/2019,GPI,MT,ANM,WE,Federal Contract Tower,15,19,14,0,48,0,1,5,0,6,15,20,19,0,54,8,0,8,62
12/21/2019,GPI,MT,ANM,WE,Federal Contract Tower,23,13,17,0,53,0,2,17,0,19,23,15,34,0,72,26,0,26,98
12/22/2019,GPI,MT,ANM,WE,Federal Contract Tower,23,5,16,0,44,0,0,35,0,35,23,5,51,0,79,22,0,22,101
12/23/2019,GPI,MT,ANM,WE,Federal Contract Tower,21,16,11,3,51,0,5,11,0,16,21,21,22,3,67,18,22,40,107
12/24/2019,GPI,MT,ANM,WE,Federal Contract Tower,21,17,7,0,45,0,1,0,0,1,21,18,7,0,46,0,0,0,46
12/25/2019,GPI,MT,ANM,WE,Federal Contract Tower,18,6,4,0,28,0,0,4,0,4,18,6,8,0,32,4,0,4,36
12/26/2019,GPI,MT,ANM,WE,Federal Contract Tower,23,23,29,0,75,0,0,18,0,18,23,23,47,0,93,0,0,0,93
12/27/2019,GPI,MT,ANM,WE,Federal Contract Tower,20,24,31,0,75,0,4,3,0,7,20,28,34,0,82,6,0,6,88
12/28/2019,GPI,MT,ANM,WE,Federal Contract Tower,25,13,17,0,55,0,0,9,0,9,25,13,26,0,64,14,0,14,78
12/29/2019,GPI,MT,ANM,WE,Federal Contract Tower,24,12,11,0,47,0,2,6,0,8,24,14,17,0,55,10,0,10,65
12/30/2019,GPI,MT,ANM,WE,Federal Contract Tower,26,9,9,0,44,0,0,4,1,5,26,9,13,1,49,8,0,8,57
12/31/2019,GPI,MT,ANM,WE,Federal Contract Tower,24,15,9,0,48,0,0,4,0,4,24,15,13,0,52,0,0,0,52
01/01/2020,GPI,MT,ANM,WE,Federal Contract Tower,21,10,7,0,38,0,0,8,0,8,21,10,15,0,46,8,0,8,54
01/02/2020,GPI,MT,ANM,WE,Federal Contract Tower,22,26,23,0,71,0,2,8,0,10,22,28,31,0,81,4,0,4,85
01/03/2020,GPI,MT,ANM,WE,Federal Contract Tower,22,18,33,0,73,0,2,9,0,11,22,20,42,0,84,4,0,4,88
01/04/2020,GPI,MT,ANM,WE,Federal Contract Tower,23,13,13,0,49,0,0,0,0,0,23,13,13,0,49,0,0,0,49
01/05/2020,GPI,MT,ANM,WE,Federal Contract Tower,23,11,14,0,48,0,0,33,0,33,23,11,47,0,81,34,0,34,115
01/06/2020,GPI,MT,ANM,WE,Federal Contract Tower,13,10,10,0,33,0,0,0,0,0,13,10,10,0,33,0,0,0,33
01/07/2020,GPI,MT,ANM,WE,Federal Contract Tower,13,15,6,0,34,0,0,3,0,3,13,15,9,0,37,0,0,0,37
01/08/2020,GPI,MT,ANM,WE,Federal Contract Tower,18,18,5,0,41,0,0,0,0,0,18,18,5,0,41,0,0,0,41
01/09/2020,GPI,MT,ANM,WE,Federal Contract Tower,15,15,5,0,35,3,0,7,0,10,18,15,12,0,45,18,0,18,63
01/10/2020,GPI,MT,ANM,WE,Federal Contract Tower,13,12,4,0,29,1,0,12,0,13,14,12,16,0,42,10,0,10,52
01/11/2020,GPI,MT,ANM,WE,Federal Contract Tower,16,13,10,0,39,0,0,5,0,5,16,13,15,0,44,2,0,2,46
01/12/2020,GPI,MT,ANM,WE,Federal Contract Tower,13,13,7,0,33,0,0,16,0,16,13,13,23,0,49,38,0,38,87
01/13/2020,GPI,MT,ANM,WE,Federal Contract Tower,17,10,3,0,30,0,0,5,0,5,17,10,8,0,35,0,0,0,35
01/14/2020,GPI,MT,ANM,WE,Federal Contract Tower,15,10,2,0,27,0,0,0,0,0,15,10,2,0,27,0,0,0,27
01/15/2020,GPI,MT,ANM,WE,Federal Contract Tower,18,11,13,0,42,0,1,36,1,38,18,12,49,1,80,54,0,54,134
01/16/2020,GPI,MT,ANM,WE,Federal Contract Tower,19,13,12,2,46,0,2,24,0,26,19,15,36,2,72,60,2,62,134
01/17/2020,GPI,MT,ANM,WE,Federal Contract Tower,16,11,11,0,38,0,1,9,0,10,16,12,20,0,48,0,0,0,48
01/18/2020,GPI,MT,ANM,WE,Federal Contract Tower,14,11,5,0,30,0,0,0,0,0,14,11,5,0,30,0,0,0,30
01/19/2020,GPI,MT,ANM,WE,Federal Contract Tower,9,9,7,0,25,0,0,2,0,2,9,9,9,0,27,0,0,0,27
01/20/2020,GPI,MT,ANM,WE,Federal Contract Tower,19,12,16,0,47,0,0,27,0,27,19,12,43,0,74,30,0,30,104
01/21/2020,GPI,MT,ANM,WE,Federal Contract Tower,18,14,8,0,40,0,0,11,0,11,18,14,19,0,51,2,0,2,53
01/22/2020,GPI,MT,ANM,WE,Federal Contract Tower,20,15,4,0,39,0,0,11,0,11,20,15,15,0,50,4,0,4,54
01/23/2020,GPI,MT,ANM,WE,Federal Contract Tower,18,16,12,0,46,0,0,11,0,11,18,16,23,0,57,0,0,0,57
01/24/2020,GPI,MT,ANM,WE,Federal Contract Tower,14,16,14,0,44,0,1,2,0,3,14,17,16,0,47,4,0,4,51
01/25/2020,GPI,MT,ANM,WE,Federal Contract Tower,16,9,6,0,31,0,0,19,0,19,16,9,25,0,50,30,0,30,80
01/26/2020,GPI,MT,ANM,WE,Federal Contract Tower,13,10,11,0,34,0,0,0,0,0,13,10,11,0,34,0,0,0,34
01/27/2020,GPI,MT,ANM,WE,Federal Contract Tower,11,16,8,0,35,0,0,9,0,9,11,16,17,0,44,22,0,22,66
01/28/2020,GPI,MT,ANM,WE,Federal Contract Tower,15,14,7,0,36,0,0,0,0,0,15,14,7,0,36,0,0,0,36
01/29/2020,GPI,MT,ANM,WE,Federal Contract Tower,16,13,8,2,39,0,0,8,0,8,16,13,16,2,47,18,0,18,65
01/30/2020,GPI,MT,ANM,WE,Federal Contract Tower,18,11,3,0,32,0,2,36,0,38,18,13,39,0,70,20,0,20,90
01/31/2020,GPI,MT,ANM,WE,Federal Contract Tower,14,10,5,0,29,0,0,7,0,7,14,10,12,0,36,4,0,4,40
02/01/2020,GPI,MT,ANM,WE,Federal Contract Tower,15,13,2,0,30,0,0,0,0,0,15,13,2,0,30,0,0,0,30
02/02/2020,GPI,MT,ANM,WE,Federal Contract Tower,16,7,7,0,30,0,0,16,0,16,16,7,23,0,46,20,0,20,66
02/03/2020,GPI,MT,ANM,WE,Federal Contract Tower,13,12,12,0,37,0,0,40,0,40,13,12,52,0,77,34,0,34,111
02/04/2020,GPI,MT,ANM,WE,Federal Contract Tower,11,16,10,2,39,0,1,22,0,23,11,17,32,2,62,14,0,14,76
02/05/2020,GPI,MT,ANM,WE,Federal Contract Tower,14,24,2,0,40,0,0,2,0,2,14,24,4,0,42,0,0,0,42
02/06/2020,GPI,MT,ANM,WE,Federal Contract Tower,14,20,11,0,45,0,1,9,2,12,14,21,20,2,57,2,12,14,71
02/07/2020,GPI,MT,ANM,WE,Federal Contract Tower,9,16,13,0,38,0,0,4,0,4,9,16,17,0,42,2,0,2,44
02/08/2020,GPI,MT,ANM,WE,Federal Contract Tower,16,9,8,0,33,0,0,0,0,0,16,9,8,0,33,0,0,0,33
02/09/2020,GPI,MT,ANM,WE,Federal Contract Tower,14,10,5,0,29,0,0,25,0,25,14,10,30,0,54,70,0,70,124
02/10/2020,GPI,MT,ANM,WE,Federal Contract Tower,13,12,8,4,37,0,0,17,12,29,13,12,25,16,66,22,0,22,88
02/11/2020,GPI,MT,ANM,WE,Federal Contract Tower,13,18,9,0,40,0,0,11,0,11,13,18,20,0,51,18,0,18,69
02/12/2020,GPI,MT,ANM,WE,Federal Contract Tower,12,18,15,0,45,0,0,19,0,19,12,18,34,0,64,39,0,39,103
02/13/2020,GPI,MT,ANM,WE,Federal Contract Tower,14,21,16,0,51,0,0,27,2,29,14,21,43,2,80,26,4,30,110
02/14/2020,GPI,MT,ANM,WE,Federal Contract Tower,11,25,12,0,48,0,0,14,0,14,11,25,26,0,62,18,0,18,80
02/15/2020,GPI,MT,ANM,WE,Federal Contract Tower,16,16,19,0,51,0,0,6,0,6,16,16,25,0,57,12,0,12,69
02/16/2020,GPI,MT,ANM,WE,Federal Contract Tower,14,13,8,0,35,0,0,11,0,11,14,13,19,0,46,62,0,62,108
02/17/2020,GPI,MT,ANM,WE,Federal Contract Tower,14,11,13,0,38,0,0,6,0,6,14,11,19,0,44,10,0,10,54
02/18/2020,GPI,MT,ANM,WE,Federal Contract Tower,13,20,17,0,50,0,0,25,0,25,13,20,42,0,75,58,0,58,133
02/19/2020,GPI,MT,ANM,WE,Federal Contract Tower,14,20,7,0,41,0,0,27,3,30,14,20,34,3,71,12,8,20,91
02/20/2020,GPI,MT,ANM,WE,Federal Contract Tower,14,16,12,0,42,0,1,37,0,38,14,17,49,0,80,48,0,48,128
02/21/2020,GPI,MT,ANM,WE,Federal Contract Tower,12,15,16,1,44,0,1,29,0,30,12,16,45,1,74,32,4,36,110
02/22/2020,GPI,MT,ANM,WE,Federal Contract Tower,16,13,5,0,34,0,0,20,0,20,16,13,25,0,54,12,0,12,66
02/23/2020,GPI,MT,ANM,WE,Federal Contract Tower,14,9,10,0,33,0,0,3,0,3,14,9,13,0,36,0,0,0,36
02/24/2020,GPI,MT,ANM,WE,Federal Contract Tower,12,14,7,0,33,0,0,10,0,10,12,14,17,0,43,24,0,24,67
02/25/2020,GPI,MT,ANM,WE,Federal Contract Tower,14,14,12,2,42,0,1,21,1,23,14,15,33,3,65,66,4,70,135
02/26/2020,GPI,MT,ANM,WE,Federal Contract Tower,14,20,8,0,42,0,5,4,0,9,14,25,12,0,51,6,0,6,57
02/27/2020,GPI,MT,ANM,WE,Federal Contract Tower,13,16,15,0,44,0,0,11,0,11,13,16,26,0,55,0,0,0,55
02/28/2020,GPI,MT,ANM,WE,Federal Contract Tower,12,15,16,0,43,0,0,39,0,39,12,15,55,0,82,22,0,22,104
02/29/2020,GPI,MT,ANM,WE,Federal Contract Tower,16,15,4,0,35,0,0,7,0,7,16,15,11,0,42,2,0,2,44
03/01/2020,GPI,MT,ANM,WE,Federal Contract Tower,14,13,6,0,33,0,0,20,0,20,14,13,26,0,53,48,0,48,101
03/02/2020,GPI,MT,ANM,WE,Federal Contract Tower,12,16,9,0,37,0,0,12,0,12,12,16,21,0,49,34,0,34,83
03/03/2020,GPI,MT,ANM,WE,Federal Contract Tower,13,19,4,0,36,0,1,7,0,8,13,20,11,0,44,2,0,2,46
03/04/2020,GPI,MT,ANM,WE,Federal Contract Tower,13,18,11,0,42,0,0,5,0,5,13,18,16,0,47,0,0,0,47
03/05/2020,GPI,MT,ANM,WE,Federal Contract Tower,13,15,23,0,51,0,2,39,0,41,13,17,62,0,92,42,0,42,134
03/06/2020,GPI,MT,ANM,WE,Federal Contract Tower,11,15,16,0,42,0,0,21,0,21,11,15,37,0,63,44,0,44,107
03/07/2020,GPI,MT,ANM,WE,Federal Contract Tower,18,13,11,0,42,0,0,12,0,12,18,13,23,0,54,50,0,50,104
03/08/2020,GPI,MT,ANM,WE,Federal Contract Tower,17,10,15,2,44,0,1,20,0,21,17,11,35,2,65,18,2,20,85
03/09/2020,GPI,MT,ANM,WE,Federal Contract Tower,15,14,12,0,41,0,2,35,0,37,15,16,47,0,78,24,0,24,102
03/10/2020,GPI,MT,ANM,WE,Federal Contract Tower,15,18,11,0,44,0,0,6,0,6,15,18,17,0,50,8,0,8,58
03/11/2020,GPI,MT,ANM,WE,Federal Contract Tower,15,15,8,1,39,0,0,4,2,6,15,15,12,3,45,17,0,17,62
03/12/2020,GPI,MT,ANM,WE,Federal Contract Tower,14,16,12,1,43,0,0,44,2,46,14,16,56,3,89,40,0,40,129
03/13/2020,GPI,MT,ANM,WE,Federal Contract Tower,11,18,14,0,43,0,0,0,0,0,11,18,14,0,43,0,0,0,43
03/14/2020,GPI,MT,ANM,WE,Federal Contract Tower,22,18,6,0,46,0,0,1,0,1,22,18,7,0,47,0,0,0,47
03/15/2020,GPI,MT,ANM,WE,Federal Contract Tower,17,15,20,0,52,0,1,22,0,23,17,16,42,0,75,36,0,36,111
03/16/2020,GPI,MT,ANM,WE,Federal Contract Tower,15,17,7,0,39,0,2,28,0,30,15,19,35,0,69,38,0,38,107
03/17/2020,GPI,MT,ANM,WE,Federal Contract Tower,14,14,14,0,42,0,3,29,0,32,14,17,43,0,74,26,0,26,100
03/18/2020,GPI,MT,ANM,WE,Federal Contract Tower,12,16,5,2,35,0,0,36,1,37,12,16,41,3,72,42,0,42,114
03/19/2020,GPI,MT,ANM,WE,Federal Contract Tower,11,19,3,0,33,0,0,15,0,15,11,19,18,0,48,20,0,20,68
03/20/2020,GPI,MT,ANM,WE,Federal Contract Tower,14,15,4,0,33,0,1,28,2,31,14,16,32,2,64,18,0,18,82
03/21/2020,GPI,MT,ANM,WE,Federal Contract Tower,15,10,1,0,26,0,1,39,0,40,15,11,40,0,66,12,0,12,78
03/22/2020,GPI,MT,ANM,WE,Federal Contract Tower,11,3,5,0,19,0,0,18,0,18,11,3,23,0,37,20,0,20,57
03/23/2020,GPI,MT,ANM,WE,Federal Contract Tower,9,7,3,0,19,0,0,12,0,12,9,7,15,0,31,18,0,18,49
03/24/2020,GPI,MT,ANM,WE,Federal Contract Tower,11,6,1,0,18,0,1,3,0,4,11,7,4,0,22,0,0,0,22
03/25/2020,GPI,MT,ANM,WE,Federal Contract Tower,8,15,5,0,28,0,0,12,0,12,8,15,17,0,40,32,0,32,72
03/26/2020,GPI,MT,ANM,WE,Federal Contract Tower,7,6,7,0,20,0,1,14,0,15,7,7,21,0,35,36,0,36,71
03/27/2020,GPI,MT,ANM,WE,Federal Contract Tower,7,6,5,0,18,0,0,4,0,4,7,6,9,0,22,0,0,0,22
03/28/2020,GPI,MT,ANM,WE,Federal Contract Tower,11,5,4,0,20,0,0,1,0,1,11,5,5,0,21,0,0,0,21
03/29/2020,GPI,MT,ANM,WE,Federal Contract Tower,7,5,5,0,17,0,0,0,0,0,7,5,5,0,17,0,0,0,17
03/30/2020,GPI,MT,ANM,WE,Federal Contract Tower,3,8,0,0,11,0,0,2,0,2,3,8,2,0,13,0,0,0,13
03/31/2020,GPI,MT,ANM,WE,Federal Contract Tower,6,14,2,2,24,0,1,0,0,1,6,15,2,2,25,0,0,0,25
04/01/2020,GPI,MT,ANM,WE,Federal Contract Tower,5,9,2,0,16,0,0,0,0,0,5,9,2,0,16,0,0,0,16
04/02/2020,GPI,MT,ANM,WE,Federal Contract Tower,2,10,3,0,15,0,0,0,0,0,2,10,3,0,15,0,0,0,15
04/03/2020,GPI,MT,ANM,WE,Federal Contract Tower,5,8,2,0,15,0,0,0,0,0,5,8,2,0,15,0,0,0,15
04/04/2020,GPI,MT,ANM,WE,Federal Contract Tower,6,3,5,0,14,0,1,8,0,9,6,4,13,0,23,6,0,6,29
04/05/2020,GPI,MT,ANM,WE,Federal Contract Tower,5,5,3,0,13,0,0,2,0,2,5,5,5,0,15,12,0,12,27
04/06/2020,GPI,MT,ANM,WE,Federal Contract Tower,6,6,4,0,16,0,0,2,0,2,6,6,6,0,18,8,0,8,26
04/07/2020,GPI,MT,ANM,WE,Federal Contract Tower,7,5,4,2,18,0,0,14,0,14,7,5,18,2,32,8,20,28,60
04/08/2020,GPI,MT,ANM,WE,Federal Contract Tower,5,7,5,0,17,0,5,38,0,43,5,12,43,0,60,18,0,18,78
04/09/2020,GPI,MT,ANM,WE,Federal Contract Tower,7,6,1,0,14,0,2,30,2,34,7,8,31,2,48,24,0,24,72
04/10/2020,GPI,MT,ANM,WE,Federal Contract Tower,2,3,8,6,19,0,1,14,1,16,2,4,22,7,35,10,18,28,63
04/11/2020,GPI,MT,ANM,WE,Federal Contract Tower,3,4,0,0,7,0,0,1,0,1,3,4,1,0,8,4,0,4,12
04/12/2020,GPI,MT,ANM,WE,Federal Contract Tower,4,4,2,0,10,0,0,15,0,15,4,4,17,0,25,16,0,16,41
04/13/2020,GPI,MT,ANM,WE,Federal Contract Tower,4,4,3,0,11,0,0,18,0,18,4,4,21,0,29,8,0,8,37
04/14/2020,GPI,MT,ANM,WE,Federal Contract Tower,3,4,2,0,9,0,1,21,0,22,3,5,23,0,31,20,0,20,51
04/15/2020,GPI,MT,ANM,WE,Federal Contract Tower,4,5,4,5,18,0,0,16,4,20,4,5,20,9,38,10,12,22,60
04/16/2020,GPI,MT,ANM,WE,Federal Contract Tower,1,8,6,1,16,0,0,35,1,36,1,8,41,2,52,30,2,32,84
04/18/2020,GPI,MT,ANM,WE,Federal Contract Tower,2,7,1,0,10,0,0,4,0,4,2,7,5,0,14,0,0,0,14
04/19/2020,GPI,MT,ANM,WE,Federal Contract Tower,4,0,4,0,8,0,0,19,0,19,4,0,23,0,27,34,0,34,61
04/20/2020,GPI,MT,ANM,WE,Federal Contract Tower,4,4,4,0,12,0,0,28,0,28,4,4,32,0,40,30,0,30,70
04/21/2020,GPI,MT,ANM,WE,Federal Contract Tower,4,7,5,0,16,0,0,43,0,43,4,7,48,0,59,44,0,44,103
04/22/2020,GPI,MT,ANM,WE,Federal Contract Tower,3,5,11,2,21,0,2,19,1,22,3,7,30,3,43,26,22,48,91
04/23/2020,GPI,MT,ANM,WE,Federal Contract Tower,2,9,4,0,15,0,0,8,0,8,2,9,12,0,23,0,0,0,23
04/24/2020,GPI,MT,ANM,WE,Federal Contract Tower,1,10,11,3,25,0,0,2,0,2,1,10,13,3,27,6,0,6,33
04/25/2020,GPI,MT,ANM,WE,Federal Contract Tower,5,3,11,0,19,0,0,15,0,15,5,3,26,0,34,28,0,28,62
04/26/2020,GPI,MT,ANM,WE,Federal Contract Tower,6,2,6,0,14,0,0,14,0,14,6,2,20,0,28,8,0,8,36
04/27/2020,GPI,MT,ANM,WE,Federal Contract Tower,2,3,7,0,12,0,0,5,0,5,2,3,12,0,17,2,0,2,19
04/28/2020,GPI,MT,ANM,WE,Federal Contract Tower,6,6,2,1,15,0,1,36,4,41,6,7,38,5,56,28,14,42,98
04/29/2020,GPI,MT,ANM,WE,Federal Contract Tower,6,5,7,1,19,0,0,30,4,34,6,5,37,5,53,24,16,40,93
04/30/2020,GPI,MT,ANM,WE,Federal Contract Tower,4,11,5,0,20,0,0,9,0,9,4,11,14,0,29,12,0,12,41
05/01/2020,GPI,MT,ANM,WE,Federal Contract Tower,3,7,9,0,19,0,0,26,0,26,3,7,35,0,45,16,0,16,61
05/02/2020,GPI,MT,ANM,WE,Federal Contract Tower,5,7,1,0,13,0,0,29,0,29,5,7,30,0,42,10,0,10,52
05/03/2020,GPI,MT,ANM,WE,Federal Contract Tower,4,5,8,0,17,0,2,4,0,6,4,7,12,0,23,6,0,6,29
05/04/2020,GPI,MT,ANM,WE,Federal Contract Tower,4,3,9,1,17,0,0,11,3,14,4,3,20,4,31,6,2,8,39
05/05/2020,GPI,MT,ANM,WE,Federal Contract Tower,6,7,14,4,31,0,1,30,4,35,6,8,44,8,66,16,22,38,104
05/06/2020,GPI,MT,ANM,WE,Federal Contract Tower,6,10,9,2,27,0,0,4,0,4,6,10,13,2,31,0,0,0,31
05/07/2020,GPI,MT,ANM,WE,Federal Contract Tower,2,15,6,0,23,0,0,2,0,2,2,15,8,0,25,2,0,2,27
05/08/2020,GPI,MT,ANM,WE,Federal Contract Tower,2,16,10,2,30,0,1,21,4,26,2,17,31,6,56,2,18,20,76
05/09/2020,GPI,MT,ANM,WE,Federal Contract Tower,8,5,2,0,15,0,0,37,0,37,8,5,39,0,52,28,0,28,80
05/10/2020,GPI,MT,ANM,WE,Federal Contract Tower,6,5,5,0,16,0,0,7,0,7,6,5,12,0,23,6,0,6,29
05/11/2020,GPI,MT,ANM,WE,Federal Contract Tower,6,3,4,3,16,0,0,18,4,22,6,3,22,7,38,18,16,34,72
05/12/2020,GPI,MT,ANM,WE,Federal Contract Tower,6,8,8,2,24,0,0,3,0,3,6,8,11,2,27,0,22,22,49
05/13/2020,GPI,MT,ANM,WE,Federal Contract Tower,6,5,7,0,18,0,0,9,0,9,6,5,16,0,27,14,0,14,41
05/14/2020,GPI,MT,ANM,WE,Federal Contract Tower,2,16,14,2,34,0,2,15,3,20,2,18,29,5,54,20,10,30,84
05/15/2020,GPI,MT,ANM,WE,Federal Contract Tower,2,15,6,0,23,0,0,3,0,3,2,15,9,0,26,10,0,10,36
05/16/2020,GPI,MT,ANM,WE,Federal Contract Tower,8,6,10,0,24,0,0,29,0,29,8,6,39,0,53,6,0,6,59
05/17/2020,GPI,MT,ANM,WE,Federal Contract Tower,6,9,9,0,24,0,0,17,0,17,6,9,26,0,41,20,0,20,61
05/18/2020,GPI,MT,ANM,WE,Federal Contract Tower,6,5,7,0,18,0,0,8,0,8,6,5,15,0,26,0,0,0,26
05/19/2020,GPI,MT,ANM,WE,Federal Contract Tower,6,9,5,0,20,0,0,14,0,14,6,9,19,0,34,12,0,12,46
05/20/2020,GPI,MT,ANM,WE,Federal Contract Tower,6,6,3,0,15,0,0,7,0,7,6,6,10,0,22,2,0,2,24
05/21/2020,GPI,MT,ANM,WE,Federal Contract Tower,2,13,13,2,30,0,0,3,0,3,2,13,16,2,33,0,0,0,33
05/22/2020,GPI,MT,ANM,WE,Federal Contract Tower,6,10,10,0,26,0,0,8,1,9,6,10,18,1,35,0,0,0,35
05/23/2020,GPI,MT,ANM,WE,Federal Contract Tower,8,11,7,0,26,0,1,9,0,10,8,12,16,0,36,12,0,12,48
05/24/2020,GPI,MT,ANM,WE,Federal Contract Tower,6,3,9,0,18,0,0,30,0,30,6,3,39,0,48,6,0,6,54
05/25/2020,GPI,MT,ANM,WE,Federal Contract Tower,6,7,9,0,22,0,0,22,3,25,6,7,31,3,47,22,4,26,73
05/26/2020,GPI,MT,ANM,WE,Federal Contract Tower,6,6,14,7,33,0,0,20,3,23,6,6,34,10,56,28,18,46,102
05/27/2020,GPI,MT,ANM,WE,Federal Contract Tower,6,8,11,1,26,0,0,43,4,47,6,8,54,5,73,6,0,6,79
05/28/2020,GPI,MT,ANM,WE,Federal Contract Tower,8,10,11,0,29,0,2,45,0,47,8,12,56,0,76,0,0,0,76
05/29/2020,GPI,MT,ANM,WE,Federal Contract Tower,6,12,11,1,30,0,1,49,1,51,6,13,60,2,81,50,0,50,131
05/30/2020,GPI,MT,ANM,WE,Federal Contract Tower,8,8,3,0,19,0,0,36,0,36,8,8,39,0,55,24,0,24,79
05/31/2020,GPI,MT,ANM,WE,Federal Contract Tower,8,7,14,0,29,0,0,6,0,6,8,7,20,0,35,2,0,2,37
06/01/2020,GPI,MT,ANM,WE,Federal Contract Tower,6,4,8,0,18,0,0,16,0,16,6,4,24,0,34,32,0,32,66
06/02/2020,GPI,MT,ANM,WE,Federal Contract Tower,6,11,14,3,34,0,1,36,4,41,6,12,50,7,75,18,28,46,121
06/03/2020,GPI,MT,ANM,WE,Federal Contract Tower,7,10,12,0,29,0,1,18,0,19,7,11,30,0,48,12,0,12,60
06/04/2020,GPI,MT,ANM,WE,Federal Contract Tower,10,9,21,0,40,0,0,36,0,36,10,9,57,0,76,46,0,46,122
06/05/2020,GPI,MT,ANM,WE,Federal Contract Tower,11,5,7,1,24,0,2,19,2,23,11,7,26,3,47,34,4,38,85
06/06/2020,GPI,MT,ANM,WE,Federal Contract Tower,12,5,7,0,24,0,0,16,0,16,12,5,23,0,40,30,0,30,70
06/07/2020,GPI,MT,ANM,WE,Federal Contract Tower,13,9,12,0,34,0,0,19,0,19,13,9,31,0,53,30,0,30,83
06/08/2020,GPI,MT,ANM,WE,Federal Contract Tower,10,9,8,0,27,0,0,5,0,5,10,9,13,0,32,12,0,12,44
06/09/2020,GPI,MT,ANM,WE,Federal Contract Tower,7,12,10,0,29,0,0,34,0,34,7,12,44,0,63,22,0,22,85
06/10/2020,GPI,MT,ANM,WE,Federal Contract Tower,10,11,18,0,39,0,0,53,0,53,10,11,71,0,92,76,0,76,168
06/12/2020,GPI,MT,ANM,WE,Federal Contract Tower,11,11,13,1,36,0,1,44,2,47,11,12,57,3,83,44,8,52,135
06/13/2020,GPI,MT,ANM,WE,Federal Contract Tower,17,10,13,0,40,0,0,32,0,32,17,10,45,0,72,34,0,34,106
06/14/2020,GPI,MT,ANM,WE,Federal Contract Tower,14,5,15,0,34,0,0,15,0,15,14,5,30,0,49,20,0,20,69
06/15/2020,GPI,MT,ANM,WE,Federal Contract Tower,11,9,8,0,28,0,0,30,0,30,11,9,38,0,58,64,0,64,122
06/16/2020,GPI,MT,ANM,WE,Federal Contract Tower,8,11,15,0,34,0,1,15,0,16,8,12,30,0,50,32,0,32,82
06/17/2020,GPI,MT,ANM,WE,Federal Contract Tower,11,13,12,3,39,0,0,20,10,30,11,13,32,13,69,0,22,22,91
06/18/2020,GPI,MT,ANM,WE,Federal Contract Tower,11,9,10,2,32,0,0,12,2,14,11,9,22,4,46,30,14,44,90
06/19/2020,GPI,MT,ANM,WE,Federal Contract Tower,12,15,20,0,47,0,2,34,0,36,12,17,54,0,83,36,0,36,119
06/20/2020,GPI,MT,ANM,WE,Federal Contract Tower,20,12,13,0,45,0,0,36,0,36,20,12,49,0,81,16,0,16,97
06/21/2020,GPI,MT,ANM,WE,Federal Contract Tower,19,7,16,0,42,0,0,21,0,21,19,7,37,0,63,16,0,16,79
06/22/2020,GPI,MT,ANM,WE,Federal Contract Tower,15,7,16,0,38,0,0,48,0,48,15,7,64,0,86,26,0,26,112
06/23/2020,GPI,MT,ANM,WE,Federal Contract Tower,14,15,20,0,49,0,3,57,0,60,14,18,77,0,109,26,0,26,135
06/24/2020,GPI,MT,ANM,WE,Federal Contract Tower,20,12,18,0,50,0,0,33,2,35,20,12,51,2,85,18,32,50,135
06/25/2020,GPI,MT,ANM,WE,Federal Contract Tower,19,15,22,2,58,0,0,70,1,71,19,15,92,3,129,52,0,52,181
06/26/2020,GPI,MT,ANM,WE,Federal Contract Tower,15,18,24,0,57,0,2,73,0,75,15,20,97,0,132,44,0,44,176
06/27/2020,GPI,MT,ANM,WE,Federal Contract Tower,22,22,15,0,59,0,0,49,0,49,22,22,64,0,108,104,0,104,212
06/28/2020,GPI,MT,ANM,WE,Federal Contract Tower,20,18,35,0,73,0,0,39,0,39,20,18,74,0,112,52,0,52,164
06/29/2020,GPI,MT,ANM,WE,Federal Contract Tower,17,18,11,0,46,0,0,24,0,24,17,18,35,0,70,152,0,152,222
06/30/2020,GPI,MT,ANM,WE,Federal Contract Tower,15,23,33,0,71,0,0,12,0,12,15,23,45,0,83,20,0,20,103
07/01/2020,GPI,MT,ANM,WE,Federal Contract Tower,26,31,34,0,91,0,1,37,3,41,26,32,71,3,132,42,16,58,190
07/02/2020,GPI,MT,ANM,WE,Federal Contract Tower,30,24,45,0,99,0,4,40,2,46,30,28,85,2,145,38,0,38,183
07/03/2020,GPI,MT,ANM,WE,Federal Contract Tower,30,17,20,2,69,0,2,58,2,62,30,19,78,4,131,44,24,68,199
07/04/2020,GPI,MT,ANM,WE,Federal Contract Tower,31,10,9,0,50,0,0,33,0,33,31,10,42,0,83,24,0,24,107
07/05/2020,GPI,MT,ANM,WE,Federal Contract Tower,32,22,30,0,84,0,0,46,0,46,32,22,76,0,130,2,0,2,132
07/06/2020,GPI,MT,ANM,WE,Federal Contract Tower,29,17,31,1,78,0,0,63,2,65,29,17,94,3,143,88,0,88,231
07/07/2020,GPI,MT,ANM,WE,Federal Contract Tower,28,18,23,0,69,0,0,22,0,22,28,18,45,0,91,58,0,58,149
07/08/2020,GPI,MT,ANM,WE,Federal Contract Tower,31,16,30,1,78,0,2,40,8,50,31,18,70,9,128,14,6,20,148
07/09/2020,GPI,MT,ANM,WE,Federal Contract Tower,30,12,32,0,74,0,1,70,1,72,30,13,102,1,146,48,0,48,194
07/10/2020,GPI,MT,ANM,WE,Federal Contract Tower,31,20,19,3,73,0,0,29,4,33,31,20,48,7,106,24,6,30,136
07/11/2020,GPI,MT,ANM,WE,Federal Contract Tower,38,15,25,2,80,0,0,47,3,50,38,15,72,5,130,30,0,30,160
07/12/2020,GPI,MT,ANM,WE,Federal Contract Tower,36,15,34,1,86,0,0,37,0,37,36,15,71,1,123,10,0,10,133
07/13/2020,GPI,MT,ANM,WE,Federal Contract Tower,30,12,16,1,59,0,3,64,9,76,30,15,80,10,135,24,8,32,167
07/14/2020,GPI,MT,ANM,WE,Federal Contract Tower,30,16,25,2,73,0,2,76,1,79,30,18,101,3,152,8,58,66,218
07/15/2020,GPI,MT,ANM,WE,Federal Contract Tower,36,12,22,4,74,0,0,61,5,66,36,12,83,9,140,54,10,64,204
07/16/2020,GPI,MT,ANM,WE,Federal Contract Tower,37,14,23,0,74,0,1,54,0,55,37,15,77,0,129,28,0,28,157
07/17/2020,GPI,MT,ANM,WE,Federal Contract Tower,34,20,23,0,77,0,0,37,0,37,34,20,60,0,114,10,0,10,124
07/18/2020,GPI,MT,ANM,WE,Federal Contract Tower,39,16,24,0,79,0,0,55,0,55,39,16,79,0,134,34,0,34,168
07/19/2020,GPI,MT,ANM,WE,Federal Contract Tower,35,12,24,0,71,0,1,40,0,41,35,13,64,0,112,4,0,4,116
07/20/2020,GPI,MT,ANM,WE,Federal Contract Tower,31,17,19,3,70,0,2,40,6,48,31,19,59,9,118,20,0,20,138
07/21/2020,GPI,MT,ANM,WE,Federal Contract Tower,30,15,14,0,59,0,1,76,4,81,30,16,90,4,140,70,0,70,210
07/22/2020,GPI,MT,ANM,WE,Federal Contract Tower,33,17,20,0,70,0,0,54,2,56,33,17,74,2,126,48,0,48,174
07/23/2020,GPI,MT,ANM,WE,Federal Contract Tower,32,21,24,0,77,0,2,53,0,55,32,23,77,0,132,18,0,18,150
07/24/2020,GPI,MT,ANM,WE,Federal Contract Tower,30,21,15,2,68,0,0,41,2,43,30,21,56,4,111,52,0,52,163
07/25/2020,GPI,MT,ANM,WE,Federal Contract Tower,32,26,22,1,81,0,0,55,1,56,32,26,77,2,137,26,0,26,163
07/26/2020,GPI,MT,ANM,WE,Federal Contract Tower,33,21,30,0,84,0,0,69,0,69,33,21,99,0,153,48,0,48,201
07/27/2020,GPI,MT,ANM,WE,Federal Contract Tower,30,16,24,3,73,0,1,62,0,63,30,17,86,3,136,60,2,62,198
07/28/2020,GPI,MT,ANM,WE,Federal Contract Tower,30,15,34,2,81,0,3,57,5,65,30,18,91,7,146,48,64,112,258
07/29/2020,GPI,MT,ANM,WE,Federal Contract Tower,35,16,28,0,79,0,2,62,0,64,35,18,90,0,143,76,0,76,219
07/30/2020,GPI,MT,ANM,WE,Federal Contract Tower,32,17,30,0,79,0,3,54,0,57,32,20,84,0,136,20,0,20,156
07/31/2020,GPI,MT,ANM,WE,Federal Contract Tower,30,17,26,0,73,0,2,47,0,49,30,19,73,0,122,22,0,22,144
08/01/2020,GPI,MT,ANM,WE,Federal Contract Tower,39,22,25,0,86,0,1,40,0,41,39,23,65,0,127,8,0,8,135
08/02/2020,GPI,MT,ANM,WE,Federal Contract Tower,34,18,32,0,84,0,1,55,0,56,34,19,87,0,140,32,0,32,172
08/04/2020,GPI,MT,ANM,WE,Federal Contract Tower,35,11,16,0,62,0,0,49,0,49,35,11,65,0,111,48,0,48,159
08/05/2020,GPI,MT,ANM,WE,Federal Contract Tower,41,21,25,3,90,0,4,53,5,62,41,25,78,8,152,66,18,84,236
08/06/2020,GPI,MT,ANM,WE,Federal Contract Tower,38,10,40,0,88,0,0,47,0,47,38,10,87,0,135,30,0,30,165
08/07/2020,GPI,MT,ANM,WE,Federal Contract Tower,36,17,18,1,72,0,1,35,0,36,36,18,53,1,108,8,0,8,116
08/08/2020,GPI,MT,ANM,WE,Federal Contract Tower,42,17,14,4,77,0,0,51,2,53,42,17,65,6,130,68,0,68,198
08/09/2020,GPI,MT,ANM,WE,Federal Contract Tower,41,19,30,1,91,0,0,44,0,44,41,19,74,1,135,34,0,34,169
08/10/2020,GPI,MT,ANM,WE,Federal Contract Tower,35,23,22,0,80,0,0,61,0,61,35,23,83,0,141,50,0,50,191
08/11/2020,GPI,MT,ANM,WE,Federal Contract Tower,36,19,16,2,73,0,4,43,10,57,36,23,59,12,130,20,24,44,174
08/12/2020,GPI,MT,ANM,WE,Federal Contract Tower,39,16,31,1,87,1,33,0,0,34,40,49,31,1,121,44,0,44,165
08/13/2020,GPI,MT,ANM,WE,Federal Contract Tower,40,19,23,3,85,0,1,73,2,76,40,20,96,5,161,36,30,66,227
08/14/2020,GPI,MT,ANM,WE,Federal Contract Tower,35,23,16,3,77,0,0,60,3,63,35,23,76,6,140,36,8,44,184
08/15/2020,GPI,MT,ANM,WE,Federal Contract Tower,43,14,19,7,83,0,0,49,1,50,43,14,68,8,133,26,0,26,159
08/16/2020,GPI,MT,ANM,WE,Federal Contract Tower,42,10,26,6,84,0,1,51,1,53,42,11,77,7,137,26,0,26,163
08/17/2020,GPI,MT,ANM,WE,Federal Contract Tower,32,21,14,8,75,0,2,55,0,57,32,23,69,8,132,30,0,30,162
08/18/2020,GPI,MT,ANM,WE,Federal Contract Tower,37,20,21,6,84,0,1,43,2,46,37,21,64,8,130,60,0,60,190
08/19/2020,GPI,MT,ANM,WE,Federal Contract Tower,36,19,28,3,86,0,3,59,1,63,36,22,87,4,149,30,12,42,191
08/20/2020,GPI,MT,ANM,WE,Federal Contract Tower,38,13,32,5,88,0,0,32,2,34,38,13,64,7,122,42,10,52,174
08/21/2020,GPI,MT,ANM,WE,Federal Contract Tower,35,20,14,0,69,0,1,59,0,60,35,21,73,0,129,8,0,8,137
08/22/2020,GPI,MT,ANM,WE,Federal Contract Tower,39,14,25,1,79,0,0,43,2,45,39,14,68,3,124,72,8,80,204
08/23/2020,GPI,MT,ANM,WE,Federal Contract Tower,37,22,28,2,89,0,1,72,2,75,37,23,100,4,164,16,0,16,180
08/24/2020,GPI,MT,ANM,WE,Federal Contract Tower,35,9,20,0,64,0,0,37,4,41,35,9,57,4,105,58,0,58,163
08/25/2020,GPI,MT,ANM,WE,Federal Contract Tower,35,17,27,0,79,0,0,32,8,40,35,17,59,8,119,10,0,10,129
08/26/2020,GPI,MT,ANM,WE,Federal Contract Tower,36,19,19,0,74,0,0,57,20,77,36,19,76,20,151,14,8,22,173
08/27/2020,GPI,MT,ANM,WE,Federal Contract Tower,39,15,31,0,85,0,1,65,0,66,39,16,96,0,151,36,0,36,187
08/28/2020,GPI,MT,ANM,WE,Federal Contract Tower,35,20,21,1,77,0,0,59,5,64,35,20,80,6,141,42,10,52,193
08/29/2020,GPI,MT,ANM,WE,Federal Contract Tower,39,22,21,0,82,0,0,29,1,30,39,22,50,1,112,4,2,6,118
08/30/2020,GPI,MT,ANM,WE,Federal Contract Tower,37,5,26,0,68,0,2,42,0,44,37,7,68,0,112,38,0,38,150
08/31/2020,GPI,MT,ANM,WE,Federal Contract Tower,34,14,25,1,74,0,0,26,8,34,34,14,51,9,108,22,36,58,166
09/01/2020,GPI,MT,ANM,WE,Federal Contract Tower,33,18,17,0,68,0,0,33,0,33,33,18,50,0,101,18,0,18,119
09/02/2020,GPI,MT,ANM,WE,Federal Contract Tower,37,19,21,1,78,0,4,26,2,32,37,23,47,3,110,4,18,22,132
09/03/2020,GPI,MT,ANM,WE,Federal Contract Tower,36,16,32,0,84,0,3,60,0,63,36,19,92,0,147,2,0,2,149
09/04/2020,GPI,MT,ANM,WE,Federal Contract Tower,34,21,28,1,84,0,0,60,3,63,34,21,88,4,147,28,28,56,203
09/05/2020,GPI,MT,ANM,WE,Federal Contract Tower,35,24,11,2,72,0,2,43,0,45,35,26,54,2,117,44,0,44,161
09/06/2020,GPI,MT,ANM,WE,Federal Contract Tower,33,15,14,0,62,0,0,29,0,29,33,15,43,0,91,2,0,2,93
09/07/2020,GPI,MT,ANM,WE,Federal Contract Tower,36,18,21,0,75,0,0,6,0,6,36,18,27,0,81,0,0,0,81
09/08/2020,GPI,MT,ANM,WE,Federal Contract Tower,28,17,21,0,66,0,0,63,1,64,28,17,84,1,130,38,0,38,168
09/09/2020,GPI,MT,ANM,WE,Federal Contract Tower,31,18,21,0,70,0,0,37,5,42,31,18,58,5,112,12,12,24,136
09/10/2020,GPI,MT,ANM,WE,Federal Contract Tower,34,17,24,0,75,0,2,58,0,60,34,19,82,0,135,42,0,42,177
09/11/2020,GPI,MT,ANM,WE,Federal Contract Tower,29,16,28,3,76,0,2,79,2,83,29,18,107,5,159,26,12,38,197
09/12/2020,GPI,MT,ANM,WE,Federal Contract Tower,31,16,20,0,67,0,0,42,0,42,31,16,62,0,109,40,0,40,149
09/13/2020,GPI,MT,ANM,WE,Federal Contract Tower,30,12,32,0,74,0,0,0,0,0,30,12,32,0,74,0,0,0,74
09/14/2020,GPI,MT,ANM,WE,Federal Contract Tower,29,11,16,1,57,0,0,0,0,0,29,11,16,1,57,0,0,0,57
09/15/2020,GPI,MT,ANM,WE,Federal Contract Tower,23,13,15,1,52,0,0,0,0,0,23,13,15,1,52,0,0,0,52
09/16/2020,GPI,MT,ANM,WE,Federal Contract Tower,28,19,26,0,73,0,0,13,0,13,28,19,39,0,86,20,0,20,106
09/17/2020,GPI,MT,ANM,WE,Federal Contract Tower,30,16,22,0,68,0,0,0,0,0,30,16,22,0,68,0,0,0,68
09/18/2020,GPI,MT,ANM,WE,Federal Contract Tower,29,14,38,1,82,0,0,5,0,5,29,14,43,1,87,0,0,0,87
09/19/2020,GPI,MT,ANM,WE,Federal Contract Tower,29,11,12,1,53,0,0,2,0,2,29,11,14,1,55,6,0,6,61
09/20/2020,GPI,MT,ANM,WE,Federal Contract Tower,31,9,21,0,61,0,0,45,0,45,31,9,66,0,106,32,0,32,138
09/21/2020,GPI,MT,ANM,WE,Federal Contract Tower,29,10,15,0,54,0,0,57,0,57,29,10,72,0,111,94,0,94,205
09/22/2020,GPI,MT,ANM,WE,Federal Contract Tower,25,12,22,4,63,0,3,41,0,44,25,15,63,4,107,64,20,84,191
09/23/2020,GPI,MT,ANM,WE,Federal Contract Tower,29,9,20,0,58,1,2,50,7,60,30,11,70,7,118,66,0,66,184
09/24/2020,GPI,MT,ANM,WE,Federal Contract Tower,31,16,22,0,69,0,2,14,0,16,31,18,36,0,85,10,0,10,95
09/25/2020,GPI,MT,ANM,WE,Federal Contract Tower,29,11,13,4,57,0,0,18,2,20,29,11,31,6,77,12,0,12,89
09/26/2020,GPI,MT,ANM,WE,Federal Contract Tower,29,13,14,2,58,0,0,31,0,31,29,13,45,2,89,28,0,28,117
09/27/2020,GPI,MT,ANM,WE,Federal Contract Tower,32,10,25,1,68,0,0,56,0,56,32,10,81,1,124,26,0,26,150
09/28/2020,GPI,MT,ANM,WE,Federal Contract Tower,32,8,18,1,59,0,0,47,0,47,32,8,65,1,106,28,0,28,134
09/29/2020,GPI,MT,ANM,WE,Federal Contract Tower,28,9,19,1,57,0,2,46,3,51,28,11,65,4,108,42,2,44,152
09/30/2020,GPI,MT,ANM,WE,Federal Contract Tower,28,8,22,0,58,1,0,44,3,48,29,8,66,3,106,60,14,74,180
10/01/2020,GPI,MT,ANM,WE,Federal Contract Tower,29,12,23,0,64,0,1,49,0,50,29,13,72,0,114,48,0,48,162
10/02/2020,GPI,MT,ANM,WE,Federal Contract Tower,30,14,20,0,64,0,1,49,0,50,30,15,69,0,114,22,0,22,136
10/03/2020,GPI,MT,ANM,WE,Federal Contract Tower,24,8,15,0,47,0,0,60,0,60,24,8,75,0,107,34,0,34,141
10/04/2020,GPI,MT,ANM,WE,Federal Contract Tower,27,10,21,0,58,0,0,50,0,50,27,10,71,0,108,28,0,28,136
10/05/2020,GPI,MT,ANM,WE,Federal Contract Tower,31,9,17,0,57,0,0,28,0,28,31,9,45,0,85,6,0,6,91
10/06/2020,GPI,MT,ANM,WE,Federal Contract Tower,23,10,11,1,45,0,2,39,3,44,23,12,50,4,89,24,0,24,113
10/07/2020,GPI,MT,ANM,WE,Federal Contract Tower,21,6,17,0,44,0,2,39,0,41,21,8,56,0,85,18,0,18,103
10/08/2020,GPI,MT,ANM,WE,Federal Contract Tower,21,11,21,4,57,0,0,26,2,28,21,11,47,6,85,10,32,42,127
10/09/2020,GPI,MT,ANM,WE,Federal Contract Tower,21,18,14,0,53,0,0,30,4,34,21,18,44,4,87,8,24,32,119
10/10/2020,GPI,MT,ANM,WE,Federal Contract Tower,18,16,6,0,40,0,0,3,0,3,18,16,9,0,43,0,0,0,43
10/11/2020,GPI,MT,ANM,WE,Federal Contract Tower,23,8,9,0,40,0,0,1,0,1,23,8,10,0,41,0,0,0,41
10/12/2020,GPI,MT,ANM,WE,Federal Contract Tower,21,9,14,1,45,0,2,9,0,11,21,11,23,1,56,6,0,6,62
10/13/2020,GPI,MT,ANM,WE,Federal Contract Tower,19,12,11,0,42,0,0,1,0,1,19,12,12,0,43,0,0,0,43
10/14/2020,GPI,MT,ANM,WE,Federal Contract Tower,21,16,9,0,46,0,1,17,0,18,21,17,26,0,64,16,0,16,80
10/15/2020,GPI,MT,ANM,WE,Federal Contract Tower,21,23,6,0,50,0,0,42,0,42,21,23,48,0,92,26,0,26,118
10/16/2020,GPI,MT,ANM,WE,Federal Contract Tower,21,11,4,0,36,0,1,11,0,12,21,12,15,0,48,38,0,38,86
10/17/2020,GPI,MT,ANM,WE,Federal Contract Tower,20,7,14,0,41,0,0,3,0,3,20,7,17,0,44,14,0,14,58
10/18/2020,GPI,MT,ANM,WE,Federal Contract Tower,22,11,6,0,39,0,0,0,0,0,22,11,6,0,39,0,0,0,39
10/19/2020,GPI,MT,ANM,WE,Federal Contract Tower,23,8,10,0,41,0,0,0,0,0,23,8,10,0,41,0,0,0,41
10/20/2020,GPI,MT,ANM,WE,Federal Contract Tower,21,13,16,0,50,0,0,28,0,28,21,13,44,0,78,14,0,14,92
10/21/2020,GPI,MT,ANM,WE,Federal Contract Tower,21,19,14,0,54,0,1,2,0,3,21,20,16,0,57,10,0,10,67
10/22/2020,GPI,MT,ANM,WE,Federal Contract Tower,22,15,12,0,49,0,0,22,0,22,22,15,34,0,71,8,0,8,79
10/23/2020,GPI,MT,ANM,WE,Federal Contract Tower,20,6,8,0,34,0,1,7,0,8,20,7,15,0,42,12,0,12,54
10/24/2020,GPI,MT,ANM,WE,Federal Contract Tower,20,11,7,0,38,0,0,3,0,3,20,11,10,0,41,4,0,4,45
10/25/2020,GPI,MT,ANM,WE,Federal Contract Tower,21,8,15,0,44,0,1,42,0,43,21,9,57,0,87,44,0,44,131
10/26/2020,GPI,MT,ANM,WE,Federal Contract Tower,23,8,9,0,40,0,0,10,0,10,23,8,19,0,50,0,0,0,50
10/27/2020,GPI,MT,ANM,WE,Federal Contract Tower,19,16,9,0,44,0,0,29,0,29,19,16,38,0,73,20,0,20,93
10/28/2020,GPI,MT,ANM,WE,Federal Contract Tower,19,11,12,0,42,1,0,25,0,26,20,11,37,0,68,36,0,36,104
10/29/2020,GPI,MT,ANM,WE,Federal Contract Tower,20,6,8,0,34,0,3,26,0,29,20,9,34,0,63,24,0,24,87
10/30/2020,GPI,MT,ANM,WE,Federal Contract Tower,22,12,11,0,45,0,0,14,0,14,22,12,25,0,59,8,0,8,67
10/31/2020,GPI,MT,ANM,WE,Federal Contract Tower,18,14,11,0,43,0,0,41,0,41,18,14,52,0,84,42,0,42,126
11/01/2020,GPI,MT,ANM,WE,Federal Contract Tower,20,8,6,0,34,0,2,54,0,56,20,10,60,0,90,58,0,58,148
11/02/2020,GPI,MT,ANM,WE,Federal Contract Tower,21,8,12,6,47,0,1,48,6,55,21,9,60,12,102,54,60,114,216
11/03/2020,GPI,MT,ANM,WE,Federal Contract Tower,16,9,4,0,29,0,0,38,0,38,16,9,42,0,67,56,0,56,123
11/04/2020,GPI,MT,ANM,WE,Federal Contract Tower,16,9,10,0,35,0,0,16,0,16,16,9,26,0,51,20,0,20,71
11/05/2020,GPI,MT,ANM,WE,Federal Contract Tower,19,12,11,0,42,0,0,1,0,1,19,12,12,0,43,0,0,0,43
11/06/2020,GPI,MT,ANM,WE,Federal Contract Tower,21,12,10,0,43,0,0,0,0,0,21,12,10,0,43,0,0,0,43
11/07/2020,GPI,MT,ANM,WE,Federal Contract Tower,17,8,10,0,35,0,0,0,0,0,17,8,10,0,35,0,0,0,35
11/08/2020,GPI,MT,ANM,WE,Federal Contract Tower,20,5,6,0,31,0,2,0,0,2,20,7,6,0,33,0,0,0,33
11/09/2020,GPI,MT,ANM,WE,Federal Contract Tower,19,11,11,0,41,0,0,5,0,5,19,11,16,0,46,6,0,6,52
11/10/2020,GPI,MT,ANM,WE,Federal Contract Tower,18,8,12,2,40,0,0,1,0,1,18,8,13,2,41,0,0,0,41
11/11/2020,GPI,MT,ANM,WE,Federal Contract Tower,19,10,11,0,40,0,0,2,0,2,19,10,13,0,42,4,0,4,46
11/12/2020,GPI,MT,ANM,WE,Federal Contract Tower,20,7,18,0,45,0,0,17,0,17,20,7,35,0,62,28,0,28,90
11/13/2020,GPI,MT,ANM,WE,Federal Contract Tower,19,7,7,0,33,0,1,0,0,1,19,8,7,0,34,0,0,0,34
11/14/2020,GPI,MT,ANM,WE,Federal Contract Tower,18,10,6,0,34,0,0,7,0,7,18,10,13,0,41,16,0,16,57
11/15/2020,GPI,MT,ANM,WE,Federal Contract Tower,19,7,4,0,30,0,0,1,0,1,19,7,5,0,31,0,0,0,31
11/16/2020,GPI,MT,ANM,WE,Federal Contract Tower,20,10,8,0,38,0,0,2,0,2,20,10,10,0,40,0,0,0,40
11/17/2020,GPI,MT,ANM,WE,Federal Contract Tower,19,8,12,0,39,0,0,24,0,24,19,8,36,0,63,0,0,0,63
11/18/2020,GPI,MT,ANM,WE,Federal Contract Tower,18,10,10,3,41,0,0,16,7,23,18,10,26,10,64,2,32,34,98
11/19/2020,GPI,MT,ANM,WE,Federal Contract Tower,19,12,9,0,40,0,5,9,0,14,19,17,18,0,54,0,0,0,54
11/20/2020,GPI,MT,ANM,WE,Federal Contract Tower,18,13,12,0,43,0,1,37,0,38,18,14,49,0,81,24,0,24,105
11/21/2020,GPI,MT,ANM,WE,Federal Contract Tower,17,6,7,0,30,0,0,40,0,40,17,6,47,0,70,92,0,92,162
11/22/2020,GPI,MT,ANM,WE,Federal Contract Tower,18,3,5,0,26,0,0,29,14,43,18,3,34,14,69,44,0,44,113
11/23/2020,GPI,MT,ANM,WE,Federal Contract Tower,18,8,4,0,30,0,0,3,0,3,18,8,7,0,33,0,0,0,33
11/24/2020,GPI,MT,ANM,WE,Federal Contract Tower,18,19,16,0,53,0,3,17,0,20,18,22,33,0,73,22,0,22,95
11/25/2020,GPI,MT,ANM,WE,Federal Contract Tower,18,10,6,0,34,0,3,18,0,21,18,13,24,0,55,24,0,24,79
11/26/2020,GPI,MT,ANM,WE,Federal Contract Tower,9,2,7,0,18,0,0,12,0,12,9,2,19,0,30,30,0,30,60
11/27/2020,GPI,MT,ANM,WE,Federal Contract Tower,15,9,1,0,25,0,0,33,0,33,15,9,34,0,58,18,0,18,76
11/28/2020,GPI,MT,ANM,WE,Federal Contract Tower,20,6,5,0,31,0,0,20,0,20,20,6,25,0,51,18,0,18,69
11/29/2020,GPI,MT,ANM,WE,Federal Contract Tower,15,9,14,0,38,0,0,41,0,41,15,9,55,0,79,24,0,24,103
11/30/2020,GPI,MT,ANM,WE,Federal Contract Tower,17,10,14,0,41,0,0,6,0,6,17,10,20,0,47,0,0,0,47
12/01/2020,GPI,MT,ANM,WE,Federal Contract Tower,16,13,13,0,42,0,1,31,0,32,16,14,44,0,74,14,0,14,88
12/02/2020,GPI,MT,ANM,WE,Federal Contract Tower,15,10,10,0,35,0,1,39,2,42,15,11,49,2,77,20,4,24,101
12/03/2020,GPI,MT,ANM,WE,Federal Contract Tower,18,10,10,0,38,0,0,42,0,42,18,10,52,0,80,22,0,22,102
12/04/2020,GPI,MT,ANM,WE,Federal Contract Tower,19,11,8,0,38,0,0,0,0,0,19,11,8,0,38,0,0,0,38
12/05/2020,GPI,MT,ANM,WE,Federal Contract Tower,16,8,12,0,36,0,0,5,0,5,16,8,17,0,41,10,0,10,51
12/06/2020,GPI,MT,ANM,WE,Federal Contract Tower,18,10,9,0,37,0,0,2,0,2,18,10,11,0,39,0,0,0,39
12/07/2020,GPI,MT,ANM,WE,Federal Contract Tower,18,8,13,0,39,0,0,3,0,3,18,8,16,0,42,0,0,0,42
12/08/2020,GPI,MT,ANM,WE,Federal Contract Tower,17,11,9,4,41,0,0,19,0,19,17,11,28,4,60,32,4,36,96
12/09/2020,GPI,MT,ANM,WE,Federal Contract Tower,16,11,15,0,42,0,1,25,0,26,16,12,40,0,68,14,0,14,82
12/10/2020,GPI,MT,ANM,WE,Federal Contract Tower,18,11,13,6,48,0,2,35,4,41,18,13,48,10,89,56,20,76,165
12/11/2020,GPI,MT,ANM,WE,Federal Contract Tower,18,11,9,3,41,0,1,24,4,29,18,12,33,7,70,38,44,82,152
12/12/2020,GPI,MT,ANM,WE,Federal Contract Tower,17,4,8,0,29,0,0,31,0,31,17,4,39,0,60,46,0,46,106
12/13/2020,GPI,MT,ANM,WE,Federal Contract Tower,18,3,8,0,29,0,0,6,0,6,18,3,14,0,35,14,0,14,49
12/14/2020,GPI,MT,ANM,WE,Federal Contract Tower,19,7,7,0,33,0,0,2,0,2,19,7,9,0,35,0,0,0,35
12/15/2020,GPI,MT,ANM,WE,Federal Contract Tower,16,11,16,0,43,0,0,9,0,9,16,11,25,0,52,8,0,8,60
12/16/2020,GPI,MT,ANM,WE,Federal Contract Tower,16,12,18,5,51,0,1,9,7,17,16,13,27,12,68,10,42,52,120
12/17/2020,GPI,MT,ANM,WE,Federal Contract Tower,22,12,14,1,49,0,0,13,2,15,22,12,27,3,64,22,8,30,94
12/18/2020,GPI,MT,ANM,WE,Federal Contract Tower,22,18,18,5,63,0,2,18,0,20,22,20,36,5,83,12,0,12,95
12/19/2020,GPI,MT,ANM,WE,Federal Contract Tower,18,22,17,0,57,0,1,4,0,5,18,23,21,0,62,0,0,0,62
12/20/2020,GPI,MT,ANM,WE,Federal Contract Tower,23,17,12,0,52,0,1,7,0,8,23,18,19,0,60,6,0,6,66
12/21/2020,GPI,MT,ANM,WE,Federal Contract Tower,19,13,19,0,51,0,0,0,0,0,19,13,19,0,51,0,0,0,51
12/22/2020,GPI,MT,ANM,WE,Federal Contract Tower,21,20,13,0,54,0,1,5,0,6,21,21,18,0,60,16,0,16,76
12/23/2020,GPI,MT,ANM,WE,Federal Contract Tower,22,19,22,0,63,0,0,30,0,30,22,19,52,0,93,8,0,8,101
12/24/2020,GPI,MT,ANM,WE,Federal Contract Tower,20,11,5,0,36,0,1,45,0,46,20,12,50,0,82,14,0,14,96
12/25/2020,GPI,MT,ANM,WE,Federal Contract Tower,15,6,4,0,25,0,0,8,0,8,15,6,12,0,33,0,0,0,33
12/26/2020,GPI,MT,ANM,WE,Federal Contract Tower,23,20,7,0,50,0,0,0,0,0,23,20,7,0,50,0,0,0,50
12/27/2020,GPI,MT,ANM,WE,Federal Contract Tower,19,10,14,0,43,0,0,16,0,16,19,10,30,0,59,14,0,14,73
12/28/2020,GPI,MT,ANM,WE,Federal Contract Tower,24,18,21,0,63,0,0,25,0,25,24,18,46,0,88,22,0,22,110
12/29/2020,GPI,MT,ANM,WE,Federal Contract Tower,20,15,22,0,57,0,0,10,0,10,20,15,32,0,67,4,0,4,71
12/30/2020,GPI,MT,ANM,WE,Federal Contract Tower,22,16,16,0,54,0,1,0,0,1,22,17,16,0,55,0,0,0,55
12/31/2020,GPI,MT,ANM,WE,Federal Contract Tower,17,17,5,0,39,0,0,3,0,3,17,17,8,0,42,0,0,0,42
01/01/2021,GPI,MT,ANM,WE,Federal Contract Tower,15,10,13,0,38,0,0,9,0,9,15,10,22,0,47,4,0,4,51
01/02/2021,GPI,MT,ANM,WE,Federal Contract Tower,23,15,19,0,57,0,0,5,0,5,23,15,24,0,62,16,0,16,78
01/03/2021,GPI,MT,ANM,WE,Federal Contract Tower,21,11,31,0,63,0,2,23,0,25,21,13,54,0,88,0,0,0,88
01/04/2021,GPI,MT,ANM,WE,Federal Contract Tower,19,14,14,5,52,0,0,14,1,15,19,14,28,6,67,28,20,48,115
01/05/2021,GPI,MT,ANM,WE,Federal Contract Tower,18,14,8,3,43,0,0,27,2,29,18,14,35,5,72,30,2,32,104
01/06/2021,GPI,MT,ANM,WE,Federal Contract Tower,19,19,11,0,49,0,1,19,0,20,19,20,30,0,69,14,0,14,83
01/07/2021,GPI,MT,ANM,WE,Federal Contract Tower,19,6,11,1,37,0,1,10,0,11,19,7,21,1,48,20,2,22,70
01/08/2021,GPI,MT,ANM,WE,Federal Contract Tower,17,9,9,10,45,0,0,60,1,61,17,9,69,11,106,32,34,66,172
01/09/2021,GPI,MT,ANM,WE,Federal Contract Tower,19,9,12,0,40,0,0,9,0,9,19,9,21,0,49,2,0,2,51
01/10/2021,GPI,MT,ANM,WE,Federal Contract Tower,20,6,8,0,34,0,1,30,0,31,20,7,38,0,65,6,0,6,71
01/11/2021,GPI,MT,ANM,WE,Federal Contract Tower,16,11,12,0,39,0,0,22,0,22,16,11,34,0,61,20,0,20,81
01/12/2021,GPI,MT,ANM,WE,Federal Contract Tower,17,10,10,0,37,0,0,1,0,1,17,10,11,0,38,0,0,0,38
01/13/2021,GPI,MT,ANM,WE,Federal Contract Tower,18,3,13,0,34,0,1,5,0,6,18,4,18,0,40,21,0,21,61
01/14/2021,GPI,MT,ANM,WE,Federal Contract Tower,20,11,22,0,53,0,0,57,0,57,20,11,79,0,110,50,0,50,160
01/15/2021,GPI,MT,ANM,WE,Federal Contract Tower,17,10,11,0,38,0,0,5,0,5,17,10,16,0,43,0,0,0,43
01/16/2021,GPI,MT,ANM,WE,Federal Contract Tower,19,7,13,0,39,0,0,0,0,0,19,7,13,0,39,4,0,4,43
01/17/2021,GPI,MT,ANM,WE,Federal Contract Tower,19,5,10,0,34,0,0,2,0,2,19,5,12,0,36,0,0,0,36
01/18/2021,GPI,MT,ANM,WE,Federal Contract Tower,17,11,11,0,39,0,0,31,0,31,17,11,42,0,70,50,0,50,120
01/19/2021,GPI,MT,ANM,WE,Federal Contract Tower,17,11,7,2,37,0,0,21,0,21,17,11,28,2,58,12,0,12,70
01/20/2021,GPI,MT,ANM,WE,Federal Contract Tower,19,13,15,2,49,0,1,40,2,43,19,14,55,4,92,20,14,34,126
01/21/2021,GPI,MT,ANM,WE,Federal Contract Tower,19,12,6,0,37,0,1,24,0,25,19,13,30,0,62,22,0,22,84
01/22/2021,GPI,MT,ANM,WE,Federal Contract Tower,16,10,15,4,45,0,1,42,2,45,16,11,57,6,90,54,28,82,172
01/23/2021,GPI,MT,ANM,WE,Federal Contract Tower,19,5,16,0,40,0,0,15,0,15,19,5,31,0,55,46,0,46,101
01/24/2021,GPI,MT,ANM,WE,Federal Contract Tower,18,0,3,0,21,0,0,26,0,26,18,0,29,0,47,8,0,8,55
01/25/2021,GPI,MT,ANM,WE,Federal Contract Tower,16,9,8,4,37,0,1,18,10,29,16,10,26,14,66,26,40,66,132
01/26/2021,GPI,MT,ANM,WE,Federal Contract Tower,17,11,6,6,40,0,3,9,0,12,17,14,15,6,52,8,44,52,104
01/27/2021,GPI,MT,ANM,WE,Federal Contract Tower,20,10,11,0,41,0,3,4,0,7,20,13,15,0,48,2,0,2,50
01/28/2021,GPI,MT,ANM,WE,Federal Contract Tower,19,12,12,0,43,0,0,18,0,18,19,12,30,0,61,24,0,24,85
01/29/2021,GPI,MT,ANM,WE,Federal Contract Tower,17,10,6,0,33,0,0,0,0,0,17,10,6,0,33,0,0,0,33
01/30/2021,GPI,MT,ANM,WE,Federal Contract Tower,19,9,6,0,34,0,0,9,0,9,19,9,15,0,43,0,0,0,43
01/31/2021,GPI,MT,ANM,WE,Federal Contract Tower,19,3,11,0,33,0,1,38,0,39,19,4,49,0,72,10,0,10,82
02/01/2021,GPI,MT,ANM,WE,Federal Contract Tower,19,5,9,0,33,0,0,43,0,43,19,5,52,0,76,46,0,46,122
02/02/2021,GPI,MT,ANM,WE,Federal Contract Tower,17,10,8,0,35,0,0,2,0,2,17,10,10,0,37,0,0,0,37
02/03/2021,GPI,MT,ANM,WE,Federal Contract Tower,19,10,5,2,36,0,1,10,2,13,19,11,15,4,49,10,14,24,73
02/04/2021,GPI,MT,ANM,WE,Federal Contract Tower,19,12,17,0,48,0,0,5,0,5,19,12,22,0,53,4,0,4,57
02/05/2021,GPI,MT,ANM,WE,Federal Contract Tower,17,9,9,0,35,0,0,2,0,2,17,9,11,0,37,0,0,0,37
02/06/2021,GPI,MT,ANM,WE,Federal Contract Tower,20,6,5,0,31,0,0,1,0,1,20,6,6,0,32,0,0,0,32
02/07/2021,GPI,MT,ANM,WE,Federal Contract Tower,20,3,7,0,30,0,0,6,0,6,20,3,13,0,36,0,0,0,36
02/08/2021,GPI,MT,ANM,WE,Federal Contract Tower,17,8,3,0,28,0,0,2,0,2,17,8,5,0,30,8,0,8,38
02/09/2021,GPI,MT,ANM,WE,Federal Contract Tower,17,14,6,0,37,0,1,23,0,24,17,15,29,0,61,18,0,18,79
02/10/2021,GPI,MT,ANM,WE,Federal Contract Tower,19,12,9,2,42,0,1,4,0,5,19,13,13,2,47,8,0,8,55
02/11/2021,GPI,MT,ANM,WE,Federal Contract Tower,19,10,16,0,45,0,1,5,0,6,19,11,21,0,51,0,0,0,51
02/12/2021,GPI,MT,ANM,WE,Federal Contract Tower,19,6,14,1,40,0,0,22,1,23,19,6,36,2,63,6,2,8,71
02/13/2021,GPI,MT,ANM,WE,Federal Contract Tower,16,10,16,0,42,0,0,24,0,24,16,10,40,0,66,34,0,34,100
02/14/2021,GPI,MT,ANM,WE,Federal Contract Tower,17,13,10,0,40,0,0,2,0,2,17,13,12,0,42,0,0,0,42
02/15/2021,GPI,MT,ANM,WE,Federal Contract Tower,16,5,9,0,30,0,0,0,0,0,16,5,9,0,30,0,0,0,30
02/16/2021,GPI,MT,ANM,WE,Federal Contract Tower,18,5,15,0,38,0,0,5,0,5,18,5,20,0,43,0,0,0,43
02/17/2021,GPI,MT,ANM,WE,Federal Contract Tower,19,12,15,0,46,0,0,1,0,1,19,12,16,0,47,2,0,2,49
02/18/2021,GPI,MT,ANM,WE,Federal Contract Tower,20,14,12,0,46,0,1,27,0,28,20,15,39,0,74,54,0,54,128
02/19/2021,GPI,MT,ANM,WE,Federal Contract Tower,18,22,12,0,52,0,0,5,0,5,18,22,17,0,57,2,0,2,59
02/20/2021,GPI,MT,ANM,WE,Federal Contract Tower,19,13,10,0,42,0,0,17,0,17,19,13,27,0,59,10,0,10,69
02/21/2021,GPI,MT,ANM,WE,Federal Contract Tower,20,8,18,0,46,0,0,0,0,0,20,8,18,0,46,0,0,0,46
02/22/2021,GPI,MT,ANM,WE,Federal Contract Tower,19,6,13,0,38,0,0,7,0,7,19,6,20,0,45,6,0,6,51
02/23/2021,GPI,MT,ANM,WE,Federal Contract Tower,18,10,6,0,34,0,0,4,0,4,18,10,10,0,38,10,0,10,48
02/24/2021,GPI,MT,ANM,WE,Federal Contract Tower,19,6,11,4,40,0,2,40,7,49,19,8,51,11,89,46,36,82,171
02/25/2021,GPI,MT,ANM,WE,Federal Contract Tower,20,8,8,0,36,0,0,6,0,6,20,8,14,0,42,24,0,24,66
02/26/2021,GPI,MT,ANM,WE,Federal Contract Tower,16,6,11,0,33,0,1,10,2,13,16,7,21,2,46,0,0,0,46
02/27/2021,GPI,MT,ANM,WE,Federal Contract Tower,20,12,4,0,36,0,0,9,0,9,20,12,13,0,45,8,0,8,53
03/01/2021,GPI,MT,ANM,WE,Federal Contract Tower,17,7,10,8,42,0,0,30,0,30,17,7,40,8,72,14,14,28,100
03/02/2021,GPI,MT,ANM,WE,Federal Contract Tower,19,14,5,2,40,0,2,22,0,24,19,16,27,2,64,54,2,56,120
03/03/2021,GPI,MT,ANM,WE,Federal Contract Tower,22,19,10,2,53,0,0,56,3,59,22,19,66,5,112,60,26,86,198
03/04/2021,GPI,MT,ANM,WE,Federal Contract Tower,22,11,12,1,46,0,2,58,2,62,22,13,70,3,108,28,22,50,158
03/05/2021,GPI,MT,ANM,WE,Federal Contract Tower,22,15,13,0,50,0,1,34,0,35,22,16,47,0,85,32,0,32,117
03/06/2021,GPI,MT,ANM,WE,Federal Contract Tower,26,4,10,0,40,0,0,21,0,21,26,4,31,0,61,50,0,50,111
03/07/2021,GPI,MT,ANM,WE,Federal Contract Tower,26,7,11,1,45,0,0,8,2,10,26,7,19,3,55,14,32,46,101
03/08/2021,GPI,MT,ANM,WE,Federal Contract Tower,21,7,11,0,39,0,2,20,0,22,21,9,31,0,61,26,0,26,87
03/09/2021,GPI,MT,ANM,WE,Federal Contract Tower,23,12,12,2,49,0,1,13,0,14,23,13,25,2,63,52,2,54,117
03/10/2021,GPI,MT,ANM,WE,Federal Contract Tower,25,11,8,1,45,0,1,20,2,23,25,12,28,3,68,22,10,32,100
03/11/2021,GPI,MT,ANM,WE,Federal Contract Tower,23,8,17,0,48,0,4,29,0,33,23,12,46,0,81,20,0,20,101
03/12/2021,GPI,MT,ANM,WE,Federal Contract Tower,23,13,15,1,52,0,0,25,5,30,23,13,40,6,82,56,20,76,158
03/13/2021,GPI,MT,ANM,WE,Federal Contract Tower,24,7,17,0,48,0,2,49,0,51,24,9,66,0,99,18,0,18,117
03/14/2021,GPI,MT,ANM,WE,Federal Contract Tower,22,2,18,0,42,0,0,40,0,40,22,2,58,0,82,20,0,20,102
03/15/2021,GPI,MT,ANM,WE,Federal Contract Tower,18,13,15,0,46,0,0,23,10,33,18,13,38,10,79,32,0,32,111
03/16/2021,GPI,MT,ANM,WE,Federal Contract Tower,21,14,7,0,42,0,2,24,1,27,21,16,31,1,69,58,28,86,155
03/17/2021,GPI,MT,ANM,WE,Federal Contract Tower,21,7,15,1,44,0,3,40,4,47,21,10,55,5,91,40,36,76,167
03/18/2021,GPI,MT,ANM,WE,Federal Contract Tower,25,6,10,0,41,0,1,30,0,31,25,7,40,0,72,50,0,50,122
03/19/2021,GPI,MT,ANM,WE,Federal Contract Tower,24,5,23,0,52,0,1,24,0,25,24,6,47,0,77,26,0,26,103
03/20/2021,GPI,MT,ANM,WE,Federal Contract Tower,26,11,15,0,52,0,0,27,0,27,26,11,42,0,79,36,0,36,115
03/21/2021,GPI,MT,ANM,WE,Federal Contract Tower,25,8,13,2,48,0,0,13,0,13,25,8,26,2,61,2,0,2,63
03/22/2021,GPI,MT,ANM,WE,Federal Contract Tower,22,9,8,0,39,0,0,3,0,3,22,9,11,0,42,6,0,6,48
03/23/2021,GPI,MT,ANM,WE,Federal Contract Tower,24,10,4,0,38,0,0,41,0,41,24,10,45,0,79,76,0,76,155
03/24/2021,GPI,MT,ANM,WE,Federal Contract Tower,21,12,9,0,42,0,0,16,0,16,21,12,25,0,58,22,0,22,80
03/25/2021,GPI,MT,ANM,WE,Federal Contract Tower,23,14,8,0,45,0,0,12,0,12,23,14,20,0,57,16,0,16,73
03/26/2021,GPI,MT,ANM,WE,Federal Contract Tower,23,20,7,0,50,0,0,25,0,25,23,20,32,0,75,52,0,52,127
03/27/2021,GPI,MT,ANM,WE,Federal Contract Tower,25,13,8,0,46,0,0,17,0,17,25,13,25,0,63,4,0,4,67
03/28/2021,GPI,MT,ANM,WE,Federal Contract Tower,21,6,14,0,41,0,0,8,0,8,21,6,22,0,49,0,0,0,49
03/29/2021,GPI,MT,ANM,WE,Federal Contract Tower,23,7,5,0,35,0,0,1,0,1,23,7,6,0,36,0,0,0,36
03/30/2021,GPI,MT,ANM,WE,Federal Contract Tower,20,12,12,0,44,0,0,30,0,30,20,12,42,0,74,34,0,34,108
03/31/2021,GPI,MT,ANM,WE,Federal Contract Tower,20,16,4,0,40,0,1,38,2,41,20,17,42,2,81,42,16,58,139
04/01/2021,GPI,MT,ANM,WE,Federal Contract Tower,21,14,19,0,54,0,2,32,0,34,21,16,51,0,88,24,0,24,112
04/02/2021,GPI,MT,ANM,WE,Federal Contract Tower,19,8,12,0,39,0,0,34,0,34,19,8,46,0,73,40,0,40,113
04/03/2021,GPI,MT,ANM,WE,Federal Contract Tower,21,5,9,0,35,0,0,27,0,27,21,5,36,0,62,18,0,18,80
04/04/2021,GPI,MT,ANM,WE,Federal Contract Tower,17,9,13,0,39,0,0,19,0,19,17,9,32,0,58,22,0,22,80
04/05/2021,GPI,MT,ANM,WE,Federal Contract Tower,17,4,9,0,30,0,0,29,0,29,17,4,38,0,59,96,0,96,155
04/06/2021,GPI,MT,ANM,WE,Federal Contract Tower,16,9,9,0,34,0,0,80,2,82,16,9,89,2,116,50,14,64,180
04/07/2021,GPI,MT,ANM,WE,Federal Contract Tower,20,6,8,0,34,0,0,30,0,30,20,6,38,0,64,52,0,52,116
04/08/2021,GPI,MT,ANM,WE,Federal Contract Tower,19,9,9,0,37,0,0,6,0,6,19,9,15,0,43,14,0,14,57
04/09/2021,GPI,MT,ANM,WE,Federal Contract Tower,17,9,11,2,39,0,0,26,3,29,17,9,37,5,68,16,46,62,130
04/10/2021,GPI,MT,ANM,WE,Federal Contract Tower,20,5,6,2,33,0,1,0,0,1,20,6,6,2,34,0,16,16,50
04/11/2021,GPI,MT,ANM,WE,Federal Contract Tower,18,5,5,0,28,0,0,33,0,33,18,5,38,0,61,40,0,40,101
04/12/2021,GPI,MT,ANM,WE,Federal Contract Tower,17,8,11,3,39,0,0,29,6,35,17,8,40,9,74,42,0,42,116
04/13/2021,GPI,MT,ANM,WE,Federal Contract Tower,14,7,14,4,39,0,0,26,3,29,14,7,40,7,68,24,24,48,116
04/14/2021,GPI,MT,ANM,WE,Federal Contract Tower,17,6,9,4,36,0,0,19,7,26,17,6,28,11,62,34,28,62,124
04/15/2021,GPI,MT,ANM,WE,Federal Contract Tower,16,6,10,9,41,0,0,25,3,28,16,6,35,12,69,2,18,20,89
04/16/2021,GPI,MT,ANM,WE,Federal Contract Tower,15,8,6,0,29,0,1,34,0,35,15,9,40,0,64,8,0,8,72
04/17/2021,GPI,MT,ANM,WE,Federal Contract Tower,17,3,9,0,29,0,0,43,0,43,17,3,52,0,72,8,0,8,80
04/18/2021,GPI,MT,ANM,WE,Federal Contract Tower,17,2,6,0,25,0,0,11,0,11,17,2,17,0,36,24,0,24,60
04/19/2021,GPI,MT,ANM,WE,Federal Contract Tower,14,8,13,0,35,0,1,25,2,28,14,9,38,2,63,64,0,64,127
04/20/2021,GPI,MT,ANM,WE,Federal Contract Tower,16,7,11,1,35,0,2,37,1,40,16,9,48,2,75,28,10,38,113
04/21/2021,GPI,MT,ANM,WE,Federal Contract Tower,18,12,15,2,47,0,2,28,3,33,18,14,43,5,80,20,24,44,124
04/22/2021,GPI,MT,ANM,WE,Federal Contract Tower,16,7,19,0,42,0,1,5,0,6,16,8,24,0,48,0,0,0,48
04/23/2021,GPI,MT,ANM,WE,Federal Contract Tower,14,9,7,0,30,0,1,34,0,35,14,10,41,0,65,42,0,42,107
04/24/2021,GPI,MT,ANM,WE,Federal Contract Tower,17,8,7,0,32,0,0,9,0,9,17,8,16,0,41,6,0,6,47
04/25/2021,GPI,MT,ANM,WE,Federal Contract Tower,17,4,6,0,27,0,0,1,0,1,17,4,7,0,28,0,0,0,28
04/26/2021,GPI,MT,ANM,WE,Federal Contract Tower,14,10,9,1,34,0,0,19,2,21,14,10,28,3,55,20,0,20,75
04/27/2021,GPI,MT,ANM,WE,Federal Contract Tower,16,12,11,0,39,0,2,47,2,51,16,14,58,2,90,28,2,30,120
04/28/2021,GPI,MT,ANM,WE,Federal Contract Tower,16,12,11,0,39,0,5,27,0,32,16,17,38,0,71,24,0,24,95
04/29/2021,GPI,MT,ANM,WE,Federal Contract Tower,16,14,7,0,37,0,3,38,3,44,16,17,45,3,81,56,32,88,169
04/30/2021,GPI,MT,ANM,WE,Federal Contract Tower,14,10,18,1,43,0,0,43,2,45,14,10,61,3,88,28,46,74,162
05/01/2021,GPI,MT,ANM,WE,Federal Contract Tower,17,7,9,2,35,0,0,35,0,35,17,7,44,2,70,46,2,48,118
05/02/2021,GPI,MT,ANM,WE,Federal Contract Tower,16,3,9,0,28,0,0,23,0,23,16,3,32,0,51,0,0,0,51
05/03/2021,GPI,MT,ANM,WE,Federal Contract Tower,16,6,16,0,38,0,0,29,0,29,16,6,45,0,67,18,0,18,85
05/04/2021,GPI,MT,ANM,WE,Federal Contract Tower,16,8,12,0,36,0,0,37,0,37,16,8,49,0,73,52,0,52,125
05/05/2021,GPI,MT,ANM,WE,Federal Contract Tower,16,10,12,0,38,0,13,38,0,51,16,23,50,0,89,30,0,30,119
05/06/2021,GPI,MT,ANM,WE,Federal Contract Tower,19,15,10,0,44,0,0,48,0,48,19,15,58,0,92,28,0,28,120
05/07/2021,GPI,MT,ANM,WE,Federal Contract Tower,17,11,13,1,42,0,0,22,0,22,17,11,35,1,64,32,0,32,96
05/08/2021,GPI,MT,ANM,WE,Federal Contract Tower,20,12,7,0,39,0,0,3,0,3,20,12,10,0,42,24,0,24,66
05/09/2021,GPI,MT,ANM,WE,Federal Contract Tower,19,1,5,1,26,0,0,6,0,6,19,1,11,1,32,32,0,32,64
05/10/2021,GPI,MT,ANM,WE,Federal Contract Tower,17,8,11,0,36,0,2,29,2,33,17,10,40,2,69,40,2,42,111
05/11/2021,GPI,MT,ANM,WE,Federal Contract Tower,16,14,8,0,38,0,1,27,0,28,16,15,35,0,66,22,0,22,88
05/12/2021,GPI,MT,ANM,WE,Federal Contract Tower,18,16,12,1,47,0,1,45,2,48,18,17,57,3,95,56,8,64,159
05/13/2021,GPI,MT,ANM,WE,Federal Contract Tower,17,8,10,0,35,0,1,54,0,55,17,9,64,0,90,16,0,16,106
05/14/2021,GPI,MT,ANM,WE,Federal Contract Tower,15,10,7,1,33,0,1,49,0,50,15,11,56,1,83,42,0,42,125
05/15/2021,GPI,MT,ANM,WE,Federal Contract Tower,21,11,14,0,46,0,3,59,0,62,21,14,73,0,108,38,0,38,146
05/16/2021,GPI,MT,ANM,WE,Federal Contract Tower,18,6,9,1,34,0,1,48,0,49,18,7,57,1,83,10,0,10,93
05/17/2021,GPI,MT,ANM,WE,Federal Contract Tower,18,9,8,0,35,0,1,29,0,30,18,10,37,0,65,18,0,18,83
05/18/2021,GPI,MT,ANM,WE,Federal Contract Tower,17,11,14,1,43,0,4,23,0,27,17,15,37,1,70,2,2,4,74
05/19/2021,GPI,MT,ANM,WE,Federal Contract Tower,18,9,4,8,39,0,0,34,9,43,18,9,38,17,82,23,24,47,129
05/20/2021,GPI,MT,ANM,WE,Federal Contract Tower,21,13,22,0,56,0,0,2,0,2,21,13,24,0,58,0,0,0,58
05/21/2021,GPI,MT,ANM,WE,Federal Contract Tower,20,10,17,1,48,0,0,14,0,14,20,10,31,1,62,12,0,12,74
05/22/2021,GPI,MT,ANM,WE,Federal Contract Tower,26,12,11,0,49,0,1,65,2,68,26,13,76,2,117,40,0,40,157
05/23/2021,GPI,MT,ANM,WE,Federal Contract Tower,21,4,14,0,39,0,0,0,0,0,21,4,14,0,39,0,0,0,39
05/24/2021,GPI,MT,ANM,WE,Federal Contract Tower,20,11,7,0,38,0,0,11,0,11,20,11,18,0,49,16,0,16,65
05/25/2021,GPI,MT,ANM,WE,Federal Contract Tower,19,14,11,0,44,0,0,12,0,12,19,14,23,0,56,10,0,10,66
05/26/2021,GPI,MT,ANM,WE,Federal Contract Tower,21,8,17,3,49,0,2,18,0,20,21,10,35,3,69,8,0,8,77
05/27/2021,GPI,MT,ANM,WE,Federal Contract Tower,21,11,15,0,47,0,5,52,9,66,21,16,67,9,113,36,8,44,157
05/28/2021,GPI,MT,ANM,WE,Federal Contract Tower,29,16,20,0,65,0,1,16,0,17,29,17,36,0,82,18,0,18,100
05/29/2021,GPI,MT,ANM,WE,Federal Contract Tower,35,9,16,2,62,0,0,57,3,60,35,9,73,5,122,36,16,52,174
05/30/2021,GPI,MT,ANM,WE,Federal Contract Tower,29,8,13,0,50,0,0,51,0,51,29,8,64,0,101,16,0,16,117
05/31/2021,GPI,MT,ANM,WE,Federal Contract Tower,31,3,21,0,55,0,1,59,0,60,31,4,80,0,115,0,0,0,115
06/01/2021,GPI,MT,ANM,WE,Federal Contract Tower,23,9,17,0,49,0,0,39,0,39,23,9,56,0,88,44,0,44,132
06/02/2021,GPI,MT,ANM,WE,Federal Contract Tower,26,5,15,0,46,0,10,69,0,79,26,15,84,0,125,20,0,20,145
06/03/2021,GPI,MT,ANM,WE,Federal Contract Tower,33,26,15,0,74,0,0,48,0,48,33,26,63,0,122,6,0,6,128
06/04/2021,GPI,MT,ANM,WE,Federal Contract Tower,40,27,18,0,85,0,1,30,1,32,40,28,48,1,117,10,0,10,127
06/05/2021,GPI,MT,ANM,WE,Federal Contract Tower,50,15,15,0,80,0,0,27,0,27,50,15,42,0,107,26,0,26,133
06/06/2021,GPI,MT,ANM,WE,Federal Contract Tower,43,24,19,0,86,0,0,25,0,25,43,24,44,0,111,20,0,20,131
06/07/2021,GPI,MT,ANM,WE,Federal Contract Tower,41,16,13,0,70,0,0,38,0,38,41,16,51,0,108,6,0,6,114
06/08/2021,GPI,MT,ANM,WE,Federal Contract Tower,38,18,20,0,76,0,0,45,0,45,38,18,65,0,121,50,0,50,171
06/09/2021,GPI,MT,ANM,WE,Federal Contract Tower,42,22,25,1,90,0,0,11,2,13,42,22,36,3,103,14,2,16,119
06/10/2021,GPI,MT,ANM,WE,Federal Contract Tower,41,27,20,1,89,0,0,2,0,2,41,27,22,1,91,0,0,0,91
06/11/2021,GPI,MT,ANM,WE,Federal Contract Tower,43,21,26,1,91,0,1,60,7,68,43,22,86,8,159,26,0,26,185
06/12/2021,GPI,MT,ANM,WE,Federal Contract Tower,56,18,10,0,84,0,0,16,4,20,56,18,26,4,104,12,0,12,116
06/13/2021,GPI,MT,ANM,WE,Federal Contract Tower,46,17,19,2,84,0,1,61,0,62,46,18,80,2,146,0,0,0,146
06/14/2021,GPI,MT,ANM,WE,Federal Contract Tower,41,17,12,4,74,0,2,57,2,61,41,19,69,6,135,0,4,4,139
06/15/2021,GPI,MT,ANM,WE,Federal Contract Tower,37,23,28,0,88,0,1,66,3,70,37,24,94,3,158,40,0,40,198
06/16/2021,GPI,MT,ANM,WE,Federal Contract Tower,44,24,15,1,84,0,1,55,2,58,44,25,70,3,142,68,2,70,212
06/17/2021,GPI,MT,ANM,WE,Federal Contract Tower,45,22,21,1,89,0,3,48,0,51,45,25,69,1,140,42,0,42,182
06/18/2021,GPI,MT,ANM,WE,Federal Contract Tower,46,17,22,0,85,0,2,54,1,57,46,19,76,1,142,46,0,46,188
06/19/2021,GPI,MT,ANM,WE,Federal Contract Tower,57,32,18,0,107,0,0,57,0,57,57,32,75,0,164,30,0,30,194
06/20/2021,GPI,MT,ANM,WE,Federal Contract Tower,50,28,20,0,98,0,0,51,0,51,50,28,71,0,149,2,0,2,151
06/21/2021,GPI,MT,ANM,WE,Federal Contract Tower,45,15,22,1,83,0,0,61,8,69,45,15,83,9,152,2,78,80,232
06/22/2021,GPI,MT,ANM,WE,Federal Contract Tower,41,22,19,0,82,0,4,45,0,49,41,26,64,0,131,10,0,10,141
06/23/2021,GPI,MT,ANM,WE,Federal Contract Tower,50,21,20,2,93,0,0,42,3,45,50,21,62,5,138,24,46,70,208
06/24/2021,GPI,MT,ANM,WE,Federal Contract Tower,45,19,29,0,93,0,0,69,1,70,45,19,98,1,163,40,0,40,203
06/25/2021,GPI,MT,ANM,WE,Federal Contract Tower,45,18,19,1,83,0,1,64,2,67,45,19,83,3,150,70,6,76,226
06/26/2021,GPI,MT,ANM,WE,Federal Contract Tower,62,20,14,0,96,0,4,77,0,81,62,24,91,0,177,18,0,18,195
06/27/2021,GPI,MT,ANM,WE,Federal Contract Tower,51,13,42,0,106,0,2,51,1,54,51,15,93,1,160,42,0,42,202
06/28/2021,GPI,MT,ANM,WE,Federal Contract Tower,40,19,27,0,86,1,0,56,0,57,41,19,83,0,143,18,0,18,161
06/29/2021,GPI,MT,ANM,WE,Federal Contract Tower,43,29,35,1,108,0,6,58,2,66,43,35,93,3,174,28,16,44,218
06/30/2021,GPI,MT,ANM,WE,Federal Contract Tower,50,25,30,1,106,0,5,66,2,73,50,30,96,3,179,10,0,10,189
07/01/2021,GPI,MT,ANM,WE,Federal Contract Tower,49,28,47,1,125,0,0,74,1,75,49,28,121,2,200,26,0,26,226
07/02/2021,GPI,MT,ANM,WE,Federal Contract Tower,46,42,22,0,110,0,2,87,0,89,46,44,109,0,199,18,0,18,217
07/03/2021,GPI,MT,ANM,WE,Federal Contract Tower,62,21,33,1,117,0,0,83,0,83,62,21,116,1,200,20,0,20,220
07/04/2021,GPI,MT,ANM,WE,Federal Contract Tower,54,15,17,0,86,0,0,40,0,40,54,15,57,0,126,4,0,4,130
07/05/2021,GPI,MT,ANM,WE,Federal Contract Tower,46,26,37,0,109,0,2,45,6,53,46,28,82,6,162,2,38,40,202
07/06/2021,GPI,MT,ANM,WE,Federal Contract Tower,46,32,43,0,121,0,1,59,5,65,46,33,102,5,186,28,0,28,214
07/07/2021,GPI,MT,ANM,WE,Federal Contract Tower,49,22,19,0,90,0,6,47,8,61,49,28,66,8,151,26,2,28,179
07/08/2021,GPI,MT,ANM,WE,Federal Contract Tower,47,20,25,0,92,0,1,59,0,60,47,21,84,0,152,28,0,28,180
07/09/2021,GPI,MT,ANM,WE,Federal Contract Tower,45,30,31,1,107,0,0,65,2,67,45,30,96,3,174,28,2,30,204
07/10/2021,GPI,MT,ANM,WE,Federal Contract Tower,61,20,24,0,105,0,0,72,0,72,61,20,96,0,177,20,0,20,197
07/11/2021,GPI,MT,ANM,WE,Federal Contract Tower,55,18,37,0,110,0,1,48,0,49,55,19,85,0,159,12,0,12,171
07/12/2021,GPI,MT,ANM,WE,Federal Contract Tower,47,21,32,0,100,0,2,45,4,51,47,23,77,4,151,38,0,38,189
07/13/2021,GPI,MT,ANM,WE,Federal Contract Tower,41,25,20,1,87,0,1,38,1,40,41,26,58,2,127,20,0,20,147
07/14/2021,GPI,MT,ANM,WE,Federal Contract Tower,49,29,36,1,115,0,1,46,2,49,49,30,82,3,164,10,0,10,174
07/15/2021,GPI,MT,ANM,WE,Federal Contract Tower,46,34,40,1,121,0,0,45,2,47,46,34,85,3,168,2,2,4,172
07/16/2021,GPI,MT,ANM,WE,Federal Contract Tower,44,17,35,1,97,0,1,69,0,70,44,18,104,1,167,2,0,2,169
07/17/2021,GPI,MT,ANM,WE,Federal Contract Tower,59,17,19,0,95,0,0,57,2,59,59,17,76,2,154,10,0,10,164
07/18/2021,GPI,MT,ANM,WE,Federal Contract Tower,58,17,45,1,121,0,5,45,7,57,58,22,90,8,178,0,0,0,178
07/19/2021,GPI,MT,ANM,WE,Federal Contract Tower,45,30,41,0,116,0,3,32,2,37,45,33,73,2,153,0,0,0,153
07/20/2021,GPI,MT,ANM,WE,Federal Contract Tower,49,27,41,0,117,0,1,44,2,47,49,28,85,2,164,12,0,12,176
07/21/2021,GPI,MT,ANM,WE,Federal Contract Tower,47,25,33,0,105,0,1,61,0,62,47,26,94,0,167,8,0,8,175
07/22/2021,GPI,MT,ANM,WE,Federal Contract Tower,45,21,27,0,93,0,2,87,0,89,45,23,114,0,182,14,0,14,196
07/23/2021,GPI,MT,ANM,WE,Federal Contract Tower,48,20,24,1,93,0,1,70,0,71,48,21,94,1,164,2,0,2,166
07/24/2021,GPI,MT,ANM,WE,Federal Contract Tower,58,20,31,0,109,0,0,64,2,66,58,20,95,2,175,2,0,2,177
07/25/2021,GPI,MT,ANM,WE,Federal Contract Tower,52,19,48,1,120,0,3,38,0,41,52,22,86,1,161,0,0,0,161
07/26/2021,GPI,MT,ANM,WE,Federal Contract Tower,45,16,24,0,85,0,2,39,0,41,45,18,63,0,126,4,0,4,130
07/27/2021,GPI,MT,ANM,WE,Federal Contract Tower,46,28,34,0,108,0,2,52,3,57,46,30,86,3,165,4,0,4,169
07/28/2021,GPI,MT,ANM,WE,Federal Contract Tower,48,27,27,0,102,0,1,38,0,39,48,28,65,0,141,10,0,10,151
07/29/2021,GPI,MT,ANM,WE,Federal Contract Tower,47,34,38,0,119,0,1,53,0,54,47,35,91,0,173,0,0,0,173
07/30/2021,GPI,MT,ANM,WE,Federal Contract Tower,43,40,27,0,110,0,1,48,0,49,43,41,75,0,159,0,0,0,159
07/31/2021,GPI,MT,ANM,WE,Federal Contract Tower,60,36,30,0,126,0,0,43,0,43,60,36,73,0,169,30,0,30,199
08/01/2021,GPI,MT,ANM,WE,Federal Contract Tower,53,25,54,0,132,0,2,31,0,33,53,27,85,0,165,24,0,24,189
08/02/2021,GPI,MT,ANM,WE,Federal Contract Tower,45,30,39,0,114,0,0,10,0,10,45,30,49,0,124,0,0,0,124
08/03/2021,GPI,MT,ANM,WE,Federal Contract Tower,42,25,41,0,108,0,0,0,0,0,42,25,41,0,108,0,0,0,108
08/04/2021,GPI,MT,ANM,WE,Federal Contract Tower,49,32,40,2,123,0,0,5,0,5,49,32,45,2,128,6,0,6,134
08/05/2021,GPI,MT,ANM,WE,Federal Contract Tower,49,20,33,0,102,0,1,52,0,53,49,21,85,0,155,26,0,26,181
08/06/2021,GPI,MT,ANM,WE,Federal Contract Tower,43,22,36,0,101,0,0,34,0,34,43,22,70,0,135,0,0,0,135
08/07/2021,GPI,MT,ANM,WE,Federal Contract Tower,60,22,24,0,106,0,0,42,0,42,60,22,66,0,148,0,0,0,148
08/08/2021,GPI,MT,ANM,WE,Federal Contract Tower,55,21,29,1,106,0,1,23,0,24,55,22,52,1,130,0,0,0,130
08/09/2021,GPI,MT,ANM,WE,Federal Contract Tower,42,26,24,0,92,0,3,44,2,49,42,29,68,2,141,12,0,12,153
08/10/2021,GPI,MT,ANM,WE,Federal Contract Tower,45,23,44,0,112,0,3,56,2,61,45,26,100,2,173,42,0,42,215
08/11/2021,GPI,MT,ANM,WE,Federal Contract Tower,49,24,21,0,94,0,3,59,3,65,49,27,80,3,159,68,0,68,227
08/12/2021,GPI,MT,ANM,WE,Federal Contract Tower,47,25,44,0,116,0,2,78,0,80,47,27,122,0,196,26,0,26,222
08/13/2021,GPI,MT,ANM,WE,Federal Contract Tower,45,36,32,0,113,0,0,42,0,42,45,36,74,0,155,8,0,8,163
08/14/2021,GPI,MT,ANM,WE,Federal Contract Tower,60,23,24,0,107,0,0,16,0,16,60,23,40,0,123,0,0,0,123
08/15/2021,GPI,MT,ANM,WE,Federal Contract Tower,55,24,56,0,135,0,0,14,1,15,55,24,70,1,150,52,0,52,202
08/16/2021,GPI,MT,ANM,WE,Federal Contract Tower,44,19,37,0,100,0,0,23,2,25,44,19,60,2,125,2,0,2,127
08/17/2021,GPI,MT,ANM,WE,Federal Contract Tower,44,21,24,2,91,0,2,7,0,9,44,23,31,2,100,0,0,0,100
08/18/2021,GPI,MT,ANM,WE,Federal Contract Tower,42,27,25,3,97,0,2,50,3,55,42,29,75,6,152,6,0,6,158
08/19/2021,GPI,MT,ANM,WE,Federal Contract Tower,43,30,28,0,101,0,1,63,6,70,43,31,91,6,171,2,0,2,173
08/20/2021,GPI,MT,ANM,WE,Federal Contract Tower,44,27,24,0,95,0,0,38,5,43,44,27,62,5,138,0,0,0,138
08/21/2021,GPI,MT,ANM,WE,Federal Contract Tower,54,25,22,0,101,0,0,14,0,14,54,25,36,0,115,12,0,12,127
08/22/2021,GPI,MT,ANM,WE,Federal Contract Tower,51,19,40,0,110,0,3,45,1,49,51,22,85,1,159,14,0,14,173
08/23/2021,GPI,MT,ANM,WE,Federal Contract Tower,43,20,20,3,86,0,0,54,4,58,43,20,74,7,144,18,16,34,178
08/24/2021,GPI,MT,ANM,WE,Federal Contract Tower,40,27,12,0,79,0,2,67,3,72,40,29,79,3,151,32,0,32,183
08/25/2021,GPI,MT,ANM,WE,Federal Contract Tower,43,18,20,0,81,0,0,60,3,63,43,18,80,3,144,26,0,26,170
08/26/2021,GPI,MT,ANM,WE,Federal Contract Tower,44,23,27,0,94,0,1,67,3,71,44,24,94,3,165,14,0,14,179
08/27/2021,GPI,MT,ANM,WE,Federal Contract Tower,43,21,34,0,98,0,0,10,0,10,43,21,44,0,108,0,0,0,108
08/28/2021,GPI,MT,ANM,WE,Federal Contract Tower,54,19,22,2,97,0,0,46,2,48,54,19,68,4,145,4,24,28,173
08/29/2021,GPI,MT,ANM,WE,Federal Contract Tower,54,18,27,0,99,0,0,66,0,66,54,18,93,0,165,0,0,0,165
08/30/2021,GPI,MT,ANM,WE,Federal Contract Tower,41,19,28,0,88,0,0,36,0,36,41,19,64,0,124,6,0,6,130
08/31/2021,GPI,MT,ANM,WE,Federal Contract Tower,41,26,19,2,88,0,0,45,3,48,41,26,64,5,136,6,14,20,156
09/01/2021,GPI,MT,ANM,WE,Federal Contract Tower,44,18,16,0,78,0,0,51,0,51,44,18,67,0,129,22,0,22,151
09/02/2021,GPI,MT,ANM,WE,Federal Contract Tower,45,27,31,1,104,0,0,66,7,73,45,27,97,8,177,2,2,4,181
09/03/2021,GPI,MT,ANM,WE,Federal Contract Tower,41,21,36,0,98,0,3,79,0,82,41,24,115,0,180,36,0,36,216
09/04/2021,GPI,MT,ANM,WE,Federal Contract Tower,58,13,21,0,92,0,2,56,0,58,58,15,77,0,150,24,0,24,174
09/05/2021,GPI,MT,ANM,WE,Federal Contract Tower,45,19,15,0,79,0,2,33,0,35,45,21,48,0,114,6,0,6,120
09/06/2021,GPI,MT,ANM,WE,Federal Contract Tower,47,23,39,0,109,0,0,29,0,29,47,23,68,0,138,0,0,0,138
09/07/2021,GPI,MT,ANM,WE,Federal Contract Tower,37,14,29,0,80,0,0,58,0,58,37,14,87,0,138,0,0,0,138
09/08/2021,GPI,MT,ANM,WE,Federal Contract Tower,31,19,29,0,79,0,0,42,0,42,31,19,71,0,121,28,0,28,149
09/09/2021,GPI,MT,ANM,WE,Federal Contract Tower,30,16,16,0,62,0,0,27,0,27,30,16,43,0,89,14,0,14,103
09/10/2021,GPI,MT,ANM,WE,Federal Contract Tower,33,14,24,1,72,0,0,20,0,20,33,14,44,1,92,0,0,0,92
09/11/2021,GPI,MT,ANM,WE,Federal Contract Tower,30,24,31,0,85,0,0,9,0,9,30,24,40,0,94,8,0,8,102
09/12/2021,GPI,MT,ANM,WE,Federal Contract Tower,28,21,16,0,65,0,1,24,1,26,28,22,40,1,91,4,0,4,95
09/13/2021,GPI,MT,ANM,WE,Federal Contract Tower,28,13,19,1,61,0,1,25,1,27,28,14,44,2,88,0,20,20,108
09/14/2021,GPI,MT,ANM,WE,Federal Contract Tower,27,15,12,4,58,0,0,63,0,63,27,15,75,4,121,70,32,102,223
09/15/2021,GPI,MT,ANM,WE,Federal Contract Tower,28,25,19,0,72,0,0,20,0,20,28,25,39,0,92,8,0,8,100
09/16/2021,GPI,MT,ANM,WE,Federal Contract Tower,30,29,21,0,80,0,1,60,0,61,30,30,81,0,141,16,0,16,157
09/17/2021,GPI,MT,ANM,WE,Federal Contract Tower,27,20,18,0,65,0,0,46,2,48,27,20,64,2,113,42,0,42,155
09/18/2021,GPI,MT,ANM,WE,Federal Contract Tower,26,15,18,0,59,0,0,6,0,6,26,15,24,0,65,0,0,0,65
09/19/2021,GPI,MT,ANM,WE,Federal Contract Tower,28,12,29,1,70,0,0,15,0,15,28,12,44,1,85,4,0,4,89
09/20/2021,GPI,MT,ANM,WE,Federal Contract Tower,26,12,30,1,69,0,0,16,0,16,26,12,46,1,85,2,0,2,87
09/21/2021,GPI,MT,ANM,WE,Federal Contract Tower,28,17,16,8,69,0,1,58,0,59,28,18,74,8,128,40,8,48,176
09/22/2021,GPI,MT,ANM,WE,Federal Contract Tower,27,10,19,3,59,0,1,32,3,36,27,11,51,6,95,18,22,40,135
09/23/2021,GPI,MT,ANM,WE,Federal Contract Tower,28,17,26,3,74,0,1,38,4,43,28,18,64,7,117,22,14,36,153
09/24/2021,GPI,MT,ANM,WE,Federal Contract Tower,27,9,32,3,71,0,1,53,2,56,27,10,85,5,127,10,4,14,141
09/25/2021,GPI,MT,ANM,WE,Federal Contract Tower,27,14,14,0,55,0,1,68,0,69,27,15,82,0,124,18,0,18,142
09/26/2021,GPI,MT,ANM,WE,Federal Contract Tower,28,8,29,0,65,0,2,51,0,53,28,10,80,0,118,0,0,0,118
09/27/2021,GPI,MT,ANM,WE,Federal Contract Tower,26,9,25,0,60,0,0,36,0,36,26,9,61,0,96,20,0,20,116
09/28/2021,GPI,MT,ANM,WE,Federal Contract Tower,28,13,15,0,56,0,1,5,0,6,28,14,20,0,62,6,0,6,68
09/29/2021,GPI,MT,ANM,WE,Federal Contract Tower,27,10,21,0,58,0,1,26,0,27,27,11,47,0,85,14,0,14,99
09/30/2021,GPI,MT,ANM,WE,Federal Contract Tower,28,13,16,1,58,0,0,57,3,60,28,13,73,4,118,52,12,64,182
10/01/2021,GPI,MT,ANM,WE,Federal Contract Tower,27,25,22,0,74,0,3,37,0,40,27,28,59,0,114,30,0,30,144
10/02/2021,GPI,MT,ANM,WE,Federal Contract Tower,28,7,15,0,50,0,2,78,0,80,28,9,93,0,130,24,0,24,154
10/03/2021,GPI,MT,ANM,WE,Federal Contract Tower,28,8,17,0,53,0,0,49,0,49,28,8,66,0,102,4,0,4,106
10/04/2021,GPI,MT,ANM,WE,Federal Contract Tower,27,17,18,1,63,0,2,46,2,50,27,19,64,3,113,0,0,0,113
10/05/2021,GPI,MT,ANM,WE,Federal Contract Tower,24,11,15,0,50,0,2,41,0,43,24,13,56,0,93,22,0,22,115
10/06/2021,GPI,MT,ANM,WE,Federal Contract Tower,24,14,19,2,59,0,0,38,3,41,24,14,57,5,100,12,10,22,122
10/07/2021,GPI,MT,ANM,WE,Federal Contract Tower,16,13,20,6,55,0,0,75,5,80,16,13,95,11,135,24,34,58,193
10/08/2021,GPI,MT,ANM,WE,Federal Contract Tower,17,11,16,2,46,0,0,52,0,52,17,11,68,2,98,28,0,28,126
10/09/2021,GPI,MT,ANM,WE,Federal Contract Tower,20,7,10,0,37,0,0,48,0,48,20,7,58,0,85,0,0,0,85
10/10/2021,GPI,MT,ANM,WE,Federal Contract Tower,17,17,13,0,47,0,0,5,0,5,17,17,18,0,52,4,0,4,56
10/11/2021,GPI,MT,ANM,WE,Federal Contract Tower,16,11,21,0,48,0,0,26,0,26,16,11,47,0,74,2,0,2,76
10/12/2021,GPI,MT,ANM,WE,Federal Contract Tower,17,13,11,0,41,0,2,48,0,50,17,15,59,0,91,18,0,18,109
10/13/2021,GPI,MT,ANM,WE,Federal Contract Tower,17,7,8,0,32,0,0,10,0,10,17,7,18,0,42,8,0,8,50
10/14/2021,GPI,MT,ANM,WE,Federal Contract Tower,22,4,18,0,44,0,1,20,0,21,22,5,38,0,65,52,0,52,117
10/15/2021,GPI,MT,ANM,WE,Federal Contract Tower,18,13,26,3,60,0,1,28,0,29,18,14,54,3,89,22,2,24,113
10/16/2021,GPI,MT,ANM,WE,Federal Contract Tower,18,14,11,0,43,0,0,23,0,23,18,14,34,0,66,8,0,8,74
10/17/2021,GPI,MT,ANM,WE,Federal Contract Tower,20,4,15,0,39,0,0,49,0,49,20,4,64,0,88,12,0,12,100
10/18/2021,GPI,MT,ANM,WE,Federal Contract Tower,19,10,14,0,43,0,0,33,3,36,19,10,47,3,79,6,0,6,85
10/19/2021,GPI,MT,ANM,WE,Federal Contract Tower,16,12,19,8,55,0,1,26,3,30,16,13,45,11,85,14,46,60,145
10/20/2021,GPI,MT,ANM,WE,Federal Contract Tower,16,8,14,3,41,0,4,17,1,22,16,12,31,4,63,20,6,26,89
10/21/2021,GPI,MT,ANM,WE,Federal Contract Tower,13,15,16,0,44,0,4,43,0,47,13,19,59,0,91,34,0,34,125
10/22/2021,GPI,MT,ANM,WE,Federal Contract Tower,17,8,7,1,33,0,0,23,1,24,17,8,30,2,57,24,2,26,83
10/23/2021,GPI,MT,ANM,WE,Federal Contract Tower,17,6,12,0,35,0,0,12,0,12,17,6,24,0,47,4,0,4,51
10/24/2021,GPI,MT,ANM,WE,Federal Contract Tower,20,3,11,0,34,0,0,26,0,26,20,3,37,0,60,24,0,24,84
10/25/2021,GPI,MT,ANM,WE,Federal Contract Tower,17,10,12,0,39,0,0,1,0,1,17,10,13,0,40,0,0,0,40
10/26/2021,GPI,MT,ANM,WE,Federal Contract Tower,16,12,14,0,42,0,2,13,0,15,16,14,27,0,57,12,0,12,69
10/27/2021,GPI,MT,ANM,WE,Federal Contract Tower,16,14,12,0,42,0,1,13,0,14,16,15,25,0,56,16,0,16,72
10/28/2021,GPI,MT,ANM,WE,Federal Contract Tower,19,13,15,3,50,0,1,9,2,12,19,14,24,5,62,22,6,28,90
10/29/2021,GPI,MT,ANM,WE,Federal Contract Tower,19,8,9,1,37,0,0,1,0,1,19,8,10,1,38,0,0,0,38
10/30/2021,GPI,MT,ANM,WE,Federal Contract Tower,17,4,21,0,42,0,0,32,0,32,17,4,53,0,74,22,0,22,96
10/31/2021,GPI,MT,ANM,WE,Federal Contract Tower,15,5,6,0,26,0,0,30,0,30,15,5,36,0,56,18,0,18,74
11/01/2021,GPI,MT,ANM,WE,Federal Contract Tower,16,7,11,0,34,0,0,46,4,50,16,7,57,4,84,30,20,50,134
11/02/2021,GPI,MT,ANM,WE,Federal Contract Tower,15,13,8,14,50,0,0,21,1,22,15,13,29,15,72,48,22,70,142
11/03/2021,GPI,MT,ANM,WE,Federal Contract Tower,15,9,22,1,47,0,2,25,0,27,15,11,47,1,74,28,4,32,106
11/04/2021,GPI,MT,ANM,WE,Federal Contract Tower,17,8,17,0,42,0,0,10,0,10,17,8,27,0,52,16,0,16,68
11/05/2021,GPI,MT,ANM,WE,Federal Contract Tower,16,17,13,0,46,0,0,40,0,40,16,17,53,0,86,42,0,42,128
11/06/2021,GPI,MT,ANM,WE,Federal Contract Tower,14,12,7,0,33,0,0,23,0,23,14,12,30,0,56,18,0,18,74
11/07/2021,GPI,MT,ANM,WE,Federal Contract Tower,16,5,14,4,39,0,2,9,0,11,16,7,23,4,50,0,0,0,50
11/08/2021,GPI,MT,ANM,WE,Federal Contract Tower,17,10,13,0,40,0,0,20,0,20,17,10,33,0,60,42,0,42,102
11/09/2021,GPI,MT,ANM,WE,Federal Contract Tower,14,10,16,0,40,0,0,12,0,12,14,10,28,0,52,38,0,38,90
11/10/2021,GPI,MT,ANM,WE,Federal Contract Tower,14,10,12,2,38,0,0,21,0,21,14,10,33,2,59,36,0,36,95
11/11/2021,GPI,MT,ANM,WE,Federal Contract Tower,16,6,13,0,35,0,1,19,0,20,16,7,32,0,55,26,0,26,81
11/12/2021,GPI,MT,ANM,WE,Federal Contract Tower,16,6,14,0,36,0,0,1,0,1,16,6,15,0,37,0,0,0,37
11/13/2021,GPI,MT,ANM,WE,Federal Contract Tower,14,12,7,0,33,0,0,37,7,44,14,12,44,7,77,18,40,58,135
11/14/2021,GPI,MT,ANM,WE,Federal Contract Tower,18,12,8,0,38,0,0,0,0,0,18,12,8,0,38,0,0,0,38
11/15/2021,GPI,MT,ANM,WE,Federal Contract Tower,17,4,13,0,34,0,0,10,0,10,17,4,23,0,44,4,0,4,48
11/16/2021,GPI,MT,ANM,WE,Federal Contract Tower,15,8,11,0,34,0,1,6,0,7,15,9,17,0,41,4,0,4,45
11/17/2021,GPI,MT,ANM,WE,Federal Contract Tower,16,10,18,2,46,0,1,58,5,64,16,11,76,7,110,58,10,68,178
11/18/2021,GPI,MT,ANM,WE,Federal Contract Tower,16,12,19,1,48,0,2,29,3,34,16,14,48,4,82,38,32,70,152
11/19/2021,GPI,MT,ANM,WE,Federal Contract Tower,15,12,18,0,45,0,0,0,0,0,15,12,18,0,45,0,0,0,45
11/20/2021,GPI,MT,ANM,WE,Federal Contract Tower,14,7,13,0,34,0,0,5,0,5,14,7,18,0,39,10,0,10,49
11/21/2021,GPI,MT,ANM,WE,Federal Contract Tower,16,4,7,7,34,0,1,11,5,17,16,5,18,12,51,10,14,24,75
11/22/2021,GPI,MT,ANM,WE,Federal Contract Tower,16,7,14,1,38,0,0,34,0,34,16,7,48,1,72,18,0,18,90
11/23/2021,GPI,MT,ANM,WE,Federal Contract Tower,15,11,17,2,45,0,0,0,0,0,15,11,17,2,45,0,0,0,45
11/24/2021,GPI,MT,ANM,WE,Federal Contract Tower,16,13,15,2,46,0,1,37,6,44,16,14,52,8,90,44,14,58,148
11/25/2021,GPI,MT,ANM,WE,Federal Contract Tower,2,2,0,0,4,0,6,1,0,7,2,8,1,0,11,8,0,8,19
11/26/2021,GPI,MT,ANM,WE,Federal Contract Tower,13,17,8,0,38,0,0,4,0,4,13,17,12,0,42,10,0,10,52
11/27/2021,GPI,MT,ANM,WE,Federal Contract Tower,16,3,8,0,27,0,0,23,0,23,16,3,31,0,50,44,0,44,94
11/28/2021,GPI,MT,ANM,WE,Federal Contract Tower,16,3,22,0,41,0,0,8,0,8,16,3,30,0,49,12,0,12,61
11/29/2021,GPI,MT,ANM,WE,Federal Contract Tower,19,7,14,0,40,0,0,16,0,16,19,7,30,0,56,14,0,14,70
11/30/2021,GPI,MT,ANM,WE,Federal Contract Tower,14,11,23,0,48,0,2,14,0,16,14,13,37,0,64,44,0,44,108
12/01/2021,GPI,MT,ANM,WE,Federal Contract Tower,13,12,12,0,37,0,0,10,0,10,13,12,22,0,47,16,0,16,63
12/02/2021,GPI,MT,ANM,WE,Federal Contract Tower,13,11,31,0,55,0,1,26,0,27,13,12,57,0,82,46,0,46,128
12/03/2021,GPI,MT,ANM,WE,Federal Contract Tower,12,6,12,0,30,0,0,23,0,23,12,6,35,0,53,10,0,10,63
12/04/2021,GPI,MT,ANM,WE,Federal Contract Tower,11,8,11,0,30,0,0,0,0,0,11,8,11,0,30,0,0,0,30
12/05/2021,GPI,MT,ANM,WE,Federal Contract Tower,15,5,15,0,35,0,0,25,0,25,15,5,40,0,60,12,0,12,72
12/06/2021,GPI,MT,ANM,WE,Federal Contract Tower,12,4,9,0,25,0,1,2,0,3,12,5,11,0,28,10,0,10,38
12/07/2021,GPI,MT,ANM,WE,Federal Contract Tower,11,17,17,0,45,0,2,0,0,2,11,19,17,0,47,0,0,0,47
12/08/2021,GPI,MT,ANM,WE,Federal Contract Tower,13,13,15,0,41,0,3,5,0,8,13,16,20,0,49,0,0,0,49
12/09/2021,GPI,MT,ANM,WE,Federal Contract Tower,14,16,11,0,41,0,0,21,0,21,14,16,32,0,62,40,0,40,102
12/10/2021,GPI,MT,ANM,WE,Federal Contract Tower,10,6,15,0,31,0,0,29,0,29,10,6,44,0,60,18,0,18,78
12/11/2021,GPI,MT,ANM,WE,Federal Contract Tower,11,6,8,0,25,0,0,3,0,3,11,6,11,0,28,0,0,0,28
12/12/2021,GPI,MT,ANM,WE,Federal Contract Tower,15,1,15,0,31,0,0,0,0,0,15,1,15,0,31,0,0,0,31
12/13/2021,GPI,MT,ANM,WE,Federal Contract Tower,12,3,16,0,31,0,0,13,0,13,12,3,29,0,44,22,0,22,66
12/14/2021,GPI,MT,ANM,WE,Federal Contract Tower,10,13,9,1,33,0,0,0,0,0,10,13,9,1,33,0,0,0,33
12/15/2021,GPI,MT,ANM,WE,Federal Contract Tower,15,14,16,3,48,0,0,18,1,19,15,14,34,4,67,30,32,62,129
12/16/2021,GPI,MT,ANM,WE,Federal Contract Tower,17,20,32,0,69,0,0,0,0,0,17,20,32,0,69,0,0,0,69
12/17/2021,GPI,MT,ANM,WE,Federal Contract Tower,17,22,22,0,61,0,0,30,0,30,17,22,52,0,91,40,0,40,131
12/18/2021,GPI,MT,ANM,WE,Federal Contract Tower,17,18,24,0,59,0,0,0,0,0,17,18,24,0,59,0,0,0,59
12/19/2021,GPI,MT,ANM,WE,Federal Contract Tower,19,9,32,0,60,0,0,5,0,5,19,9,37,0,65,6,0,6,71
12/20/2021,GPI,MT,ANM,WE,Federal Contract Tower,19,14,17,2,52,0,0,0,0,0,19,14,17,2,52,2,2,4,56
12/21/2021,GPI,MT,ANM,WE,Federal Contract Tower,16,23,26,0,65,0,0,11,0,11,16,23,37,0,76,8,0,8,84
12/22/2021,GPI,MT,ANM,WE,Federal Contract Tower,16,22,25,0,63,0,0,14,0,14,16,22,39,0,77,12,0,12,89
12/23/2021,GPI,MT,ANM,WE,Federal Contract Tower,18,20,25,0,63,0,1,7,0,8,18,21,32,0,71,0,0,0,71
12/24/2021,GPI,MT,ANM,WE,Federal Contract Tower,16,16,1,0,33,0,1,6,0,7,16,17,7,0,40,14,0,14,54
12/25/2021,GPI,MT,ANM,WE,Federal Contract Tower,14,11,4,0,29,0,0,5,0,5,14,11,9,0,34,16,0,16,50
12/26/2021,GPI,MT,ANM,WE,Federal Contract Tower,14,11,37,0,62,0,0,0,0,0,14,11,37,0,62,0,0,0,62
12/27/2021,GPI,MT,ANM,WE,Federal Contract Tower,14,23,31,0,68,0,3,3,0,6,14,26,34,0,74,0,0,0,74
12/28/2021,GPI,MT,ANM,WE,Federal Contract Tower,15,29,20,0,64,0,2,0,0,2,15,31,20,0,66,2,0,2,68
12/29/2021,GPI,MT,ANM,WE,Federal Contract Tower,15,26,32,0,73,0,1,32,0,33,15,27,64,0,106,12,0,12,118
12/30/2021,GPI,MT,ANM,WE,Federal Contract Tower,18,27,14,0,59,0,0,11,0,11,18,27,25,0,70,0,0,0,70
12/31/2021,GPI,MT,ANM,WE,Federal Contract Tower,16,16,18,0,50,0,1,6,0,7,16,17,24,0,57,0,0,0,57
01/01/2022,GPI,MT,ANM,WE,Federal Contract Tower,13,14,22,0,49,0,0,29,0,29,13,14,51,0,78,22,0,22,100
01/02/2022,GPI,MT,ANM,WE,Federal Contract Tower,13,14,45,0,72,0,0,27,0,27,13,14,72,0,99,50,0,50,149
01/03/2022,GPI,MT,ANM,WE,Federal Contract Tower,16,17,23,0,56,0,0,24,0,24,16,17,47,0,80,22,0,22,102
01/04/2022,GPI,MT,ANM,WE,Federal Contract Tower,13,12,21,0,46,0,2,23,0,25,13,14,44,0,71,34,0,34,105
01/05/2022,GPI,MT,ANM,WE,Federal Contract Tower,11,13,12,2,38,0,0,3,3,6,11,13,15,5,44,0,14,14,58
01/06/2022,GPI,MT,ANM,WE,Federal Contract Tower,13,8,11,0,32,0,0,0,0,0,13,8,11,0,32,0,0,0,32
01/07/2022,GPI,MT,ANM,WE,Federal Contract Tower,15,12,20,0,47,0,0,2,0,2,15,12,22,0,49,0,0,0,49
01/08/2022,GPI,MT,ANM,WE,Federal Contract Tower,16,8,8,0,32,0,0,9,0,9,16,8,17,0,41,0,0,0,41
01/09/2022,GPI,MT,ANM,WE,Federal Contract Tower,18,16,12,0,46,0,0,33,0,33,18,16,45,0,79,50,0,50,129
01/10/2022,GPI,MT,ANM,WE,Federal Contract Tower,16,8,11,0,35,0,0,2,0,2,16,8,13,0,37,0,0,0,37
01/11/2022,GPI,MT,ANM,WE,Federal Contract Tower,9,12,13,0,34,0,1,17,0,18,9,13,30,0,52,14,0,14,66
01/12/2022,GPI,MT,ANM,WE,Federal Contract Tower,13,21,15,0,49,0,1,12,0,13,13,22,27,0,62,4,0,4,66
01/13/2022,GPI,MT,ANM,WE,Federal Contract Tower,11,10,13,2,36,0,1,29,0,30,11,11,42,2,66,28,0,28,94
01/14/2022,GPI,MT,ANM,WE,Federal Contract Tower,17,21,14,0,52,0,0,28,0,28,17,21,42,0,80,24,0,24,104
01/15/2022,GPI,MT,ANM,WE,Federal Contract Tower,14,13,9,0,36,0,0,0,0,0,14,13,9,0,36,0,0,0,36
01/16/2022,GPI,MT,ANM,WE,Federal Contract Tower,17,6,10,3,36,0,0,34,4,38,17,6,44,7,74,26,0,26,100
01/17/2022,GPI,MT,ANM,WE,Federal Contract Tower,16,11,20,0,47,0,1,26,0,27,16,12,46,0,74,14,0,14,88
01/18/2022,GPI,MT,ANM,WE,Federal Contract Tower,11,19,10,0,40,0,0,8,0,8,11,19,18,0,48,2,0,2,50
01/19/2022,GPI,MT,ANM,WE,Federal Contract Tower,13,13,10,0,36,0,0,36,0,36,13,13,46,0,72,68,0,68,140
01/20/2022,GPI,MT,ANM,WE,Federal Contract Tower,15,11,15,0,41,0,0,0,0,0,15,11,15,0,41,0,0,0,41
01/21/2022,GPI,MT,ANM,WE,Federal Contract Tower,15,8,10,0,33,0,1,13,0,14,15,9,23,0,47,20,0,20,67
01/22/2022,GPI,MT,ANM,WE,Federal Contract Tower,16,7,6,0,29,0,0,35,0,35,16,7,41,0,64,16,0,16,80
01/23/2022,GPI,MT,ANM,WE,Federal Contract Tower,17,0,17,0,34,0,0,0,0,0,17,0,17,0,34,0,0,0,34
01/24/2022,GPI,MT,ANM,WE,Federal Contract Tower,15,11,13,0,39,0,4,10,8,22,15,15,23,8,61,14,6,20,81
01/25/2022,GPI,MT,ANM,WE,Federal Contract Tower,11,14,17,0,42,0,0,4,0,4,11,14,21,0,46,2,0,2,48
01/26/2022,GPI,MT,ANM,WE,Federal Contract Tower,13,18,13,0,44,0,0,17,0,17,13,18,30,0,61,24,0,24,85
01/27/2022,GPI,MT,ANM,WE,Federal Contract Tower,15,20,19,0,54,0,1,13,0,14,15,21,32,0,68,20,0,20,88
01/28/2022,GPI,MT,ANM,WE,Federal Contract Tower,15,13,10,0,38,0,0,2,0,2,15,13,12,0,40,0,0,0,40
01/29/2022,GPI,MT,ANM,WE,Federal Contract Tower,16,6,8,0,30,0,0,0,0,0,16,6,8,0,30,0,0,0,30
01/30/2022,GPI,MT,ANM,WE,Federal Contract Tower,18,2,16,1,37,0,0,0,0,0,18,2,16,1,37,0,0,0,37
01/31/2022,GPI,MT,ANM,WE,Federal Contract Tower,18,5,8,0,31,0,0,16,0,16,18,5,24,0,47,54,0,54,101
02/01/2022,GPI,MT,ANM,WE,Federal Contract Tower,12,8,4,0,24,0,0,0,0,0,12,8,4,0,24,0,0,0,24
02/02/2022,GPI,MT,ANM,WE,Federal Contract Tower,13,10,11,0,34,0,4,18,0,22,13,14,29,0,56,10,0,10,66
02/03/2022,GPI,MT,ANM,WE,Federal Contract Tower,15,16,7,0,38,0,0,11,0,11,15,16,18,0,49,14,0,14,63
02/04/2022,GPI,MT,ANM,WE,Federal Contract Tower,16,15,15,0,46,0,0,8,0,8,16,15,23,0,54,16,0,16,70
02/05/2022,GPI,MT,ANM,WE,Federal Contract Tower,19,7,7,0,33,0,0,26,0,26,19,7,33,0,59,46,0,46,105
02/06/2022,GPI,MT,ANM,WE,Federal Contract Tower,18,9,16,0,43,0,1,35,0,36,18,10,51,0,79,10,0,10,89
02/07/2022,GPI,MT,ANM,WE,Federal Contract Tower,16,6,9,0,31,0,0,38,0,38,16,6,47,0,69,22,0,22,91
02/08/2022,GPI,MT,ANM,WE,Federal Contract Tower,11,7,15,0,33,0,0,42,0,42,11,7,57,0,75,30,0,30,105
02/09/2022,GPI,MT,ANM,WE,Federal Contract Tower,13,10,17,0,40,0,0,17,2,19,13,10,34,2,59,12,0,12,71
02/10/2022,GPI,MT,ANM,WE,Federal Contract Tower,15,12,17,0,44,0,0,12,0,12,15,12,29,0,56,8,0,8,64
02/11/2022,GPI,MT,ANM,WE,Federal Contract Tower,16,9,12,2,39,0,2,46,1,49,16,11,58,3,88,42,8,50,138
02/12/2022,GPI,MT,ANM,WE,Federal Contract Tower,17,8,10,0,35,0,0,40,0,40,17,8,50,0,75,26,0,26,101
02/13/2022,GPI,MT,ANM,WE,Federal Contract Tower,17,8,7,0,32,0,1,27,0,28,17,9,34,0,60,12,0,12,72
02/14/2022,GPI,MT,ANM,WE,Federal Contract Tower,16,11,8,0,35,0,2,10,2,14,16,13,18,2,49,18,0,18,67
02/15/2022,GPI,MT,ANM,WE,Federal Contract Tower,11,13,19,0,43,0,1,0,0,1,11,14,19,0,44,2,0,2,46
02/16/2022,GPI,MT,ANM,WE,Federal Contract Tower,15,13,14,0,42,0,2,19,0,21,15,15,33,0,63,0,0,0,63
02/17/2022,GPI,MT,ANM,WE,Federal Contract Tower,15,21,18,0,54,0,2,20,0,22,15,23,38,0,76,0,0,0,76
02/18/2022,GPI,MT,ANM,WE,Federal Contract Tower,13,16,30,0,59,0,1,34,0,35,13,17,64,0,94,36,0,36,130
02/19/2022,GPI,MT,ANM,WE,Federal Contract Tower,21,8,17,0,46,0,1,15,0,16,21,9,32,0,62,0,0,0,62
02/20/2022,GPI,MT,ANM,WE,Federal Contract Tower,17,8,12,0,37,0,0,5,0,5,17,8,17,0,42,20,0,20,62
02/21/2022,GPI,MT,ANM,WE,Federal Contract Tower,15,10,13,0,38,0,1,8,0,9,15,11,21,0,47,22,0,22,69
02/22/2022,GPI,MT,ANM,WE,Federal Contract Tower,11,16,30,3,60,0,1,19,2,22,11,17,49,5,82,28,12,40,122
02/23/2022,GPI,MT,ANM,WE,Federal Contract Tower,15,11,22,4,52,0,0,36,0,36,15,11,58,4,88,60,10,70,158
02/24/2022,GPI,MT,ANM,WE,Federal Contract Tower,15,10,19,0,44,0,0,17,0,17,15,10,36,0,61,40,0,40,101
02/25/2022,GPI,MT,ANM,WE,Federal Contract Tower,13,15,13,4,45,0,0,7,1,8,13,15,20,5,53,0,12,12,65
02/26/2022,GPI,MT,ANM,WE,Federal Contract Tower,18,11,13,0,42,0,2,41,0,43,18,13,54,0,85,38,0,38,123
02/27/2022,GPI,MT,ANM,WE,Federal Contract Tower,17,11,17,0,45,0,0,14,0,14,17,11,31,0,59,52,0,52,111
02/28/2022,GPI,MT,ANM,WE,Federal Contract Tower,14,10,14,0,38,0,0,0,0,0,14,10,14,0,38,0,0,0,38
03/01/2022,GPI,MT,ANM,WE,Federal Contract Tower,10,14,10,0,34,0,0,16,0,16,10,14,26,0,50,16,0,16,66
03/02/2022,GPI,MT,ANM,WE,Federal Contract Tower,13,14,7,0,34,0,0,0,0,0,13,14,7,0,34,0,0,0,34
03/03/2022,GPI,MT,ANM,WE,Federal Contract Tower,15,12,27,0,54,0,0,0,0,0,15,12,27,0,54,0,0,0,54
03/04/2022,GPI,MT,ANM,WE,Federal Contract Tower,13,16,24,0,53,0,0,14,0,14,13,16,38,0,67,42,0,42,109
03/05/2022,GPI,MT,ANM,WE,Federal Contract Tower,16,11,4,0,31,0,0,36,0,36,16,11,40,0,67,70,0,70,137
03/06/2022,GPI,MT,ANM,WE,Federal Contract Tower,20,7,8,0,35,0,0,37,0,37,20,7,45,0,72,12,0,12,84
03/07/2022,GPI,MT,ANM,WE,Federal Contract Tower,13,15,13,0,41,0,0,26,0,26,13,15,39,0,67,58,0,58,125
03/08/2022,GPI,MT,ANM,WE,Federal Contract Tower,10,23,17,0,50,0,2,7,0,9,10,25,24,0,59,20,0,20,79
03/09/2022,GPI,MT,ANM,WE,Federal Contract Tower,13,10,12,1,36,0,0,33,2,35,13,10,45,3,71,38,16,54,125
03/10/2022,GPI,MT,ANM,WE,Federal Contract Tower,13,10,15,2,40,0,0,26,0,26,13,10,41,2,66,38,0,38,104
03/11/2022,GPI,MT,ANM,WE,Federal Contract Tower,12,17,12,1,42,0,0,20,0,20,12,17,32,1,62,14,0,14,76
03/12/2022,GPI,MT,ANM,WE,Federal Contract Tower,19,18,22,0,59,0,0,32,0,32,19,18,54,0,91,10,0,10,101
03/13/2022,GPI,MT,ANM,WE,Federal Contract Tower,18,13,8,1,40,0,0,3,0,3,18,13,11,1,43,0,0,0,43
03/14/2022,GPI,MT,ANM,WE,Federal Contract Tower,12,14,11,0,37,0,2,11,0,13,12,16,22,0,50,24,0,24,74
03/15/2022,GPI,MT,ANM,WE,Federal Contract Tower,10,18,14,0,42,0,1,10,0,11,10,19,24,0,53,29,0,29,82
03/16/2022,GPI,MT,ANM,WE,Federal Contract Tower,12,14,16,10,52,0,1,18,8,27,12,15,34,18,79,46,18,64,143
03/17/2022,GPI,MT,ANM,WE,Federal Contract Tower,18,14,17,2,51,0,9,61,0,70,18,23,78,2,121,102,2,104,225
03/18/2022,GPI,MT,ANM,WE,Federal Contract Tower,15,18,20,0,53,0,0,29,0,29,15,18,49,0,82,32,0,32,114
03/19/2022,GPI,MT,ANM,WE,Federal Contract Tower,22,12,5,0,39,0,0,17,0,17,22,12,22,0,56,50,0,50,106
03/20/2022,GPI,MT,ANM,WE,Federal Contract Tower,21,6,12,0,39,0,0,9,0,9,21,6,21,0,48,4,0,4,52
03/21/2022,GPI,MT,ANM,WE,Federal Contract Tower,15,12,6,0,33,0,0,27,0,27,15,12,33,0,60,56,0,56,116
03/22/2022,GPI,MT,ANM,WE,Federal Contract Tower,14,11,13,0,38,0,2,14,0,16,14,13,27,0,54,20,0,20,74
03/23/2022,GPI,MT,ANM,WE,Federal Contract Tower,16,17,17,6,56,0,2,39,0,41,16,19,56,6,97,34,12,46,143
03/24/2022,GPI,MT,ANM,WE,Federal Contract Tower,16,15,15,4,50,0,1,41,0,42,16,16,56,4,92,46,4,50,142
03/25/2022,GPI,MT,ANM,WE,Federal Contract Tower,14,11,15,0,40,0,0,41,0,41,14,11,56,0,81,24,0,24,105
03/26/2022,GPI,MT,ANM,WE,Federal Contract Tower,22,13,3,0,38,0,0,19,0,19,22,13,22,0,57,22,0,22,79
03/27/2022,GPI,MT,ANM,WE,Federal Contract Tower,16,8,9,0,33,0,2,17,0,19,16,10,26,0,52,0,0,0,52
03/28/2022,GPI,MT,ANM,WE,Federal Contract Tower,15,10,13,0,38,0,0,29,0,29,15,10,42,0,67,34,0,34,101
03/29/2022,GPI,MT,ANM,WE,Federal Contract Tower,14,10,10,18,52,0,0,43,0,43,14,10,53,18,95,36,68,104,199
03/30/2022,GPI,MT,ANM,WE,Federal Contract Tower,14,9,11,0,34,0,0,24,4,28,14,9,35,4,62,10,18,28,90
03/31/2022,GPI,MT,ANM,WE,Federal Contract Tower,15,9,9,0,33,0,1,10,0,11,15,10,19,0,44,2,0,2,46
04/01/2022,GPI,MT,ANM,WE,Federal Contract Tower,14,10,6,0,30,0,1,21,1,23,14,11,27,1,53,72,16,88,141
04/02/2022,GPI,MT,ANM,WE,Federal Contract Tower,16,7,12,2,37,0,0,6,0,6,16,7,18,2,43,8,6,14,57
04/03/2022,GPI,MT,ANM,WE,Federal Contract Tower,17,2,13,0,32,0,1,29,0,30,17,3,42,0,62,62,0,62,124
04/04/2022,GPI,MT,ANM,WE,Federal Contract Tower,12,8,9,0,29,0,1,4,0,5,12,9,13,0,34,0,0,0,34
04/05/2022,GPI,MT,ANM,WE,Federal Contract Tower,14,11,13,0,38,1,0,6,0,7,15,11,19,0,45,0,0,0,45
04/06/2022,GPI,MT,ANM,WE,Federal Contract Tower,14,9,11,0,34,0,0,47,0,47,14,9,58,0,81,64,0,64,145
04/07/2022,GPI,MT,ANM,WE,Federal Contract Tower,16,8,16,0,40,0,4,60,0,64,16,12,76,0,104,42,0,42,146
04/08/2022,GPI,MT,ANM,WE,Federal Contract Tower,14,7,10,0,31,0,1,18,0,19,14,8,28,0,50,20,0,20,70
04/09/2022,GPI,MT,ANM,WE,Federal Contract Tower,12,9,10,0,31,0,0,2,0,2,12,9,12,0,33,0,0,0,33
04/10/2022,GPI,MT,ANM,WE,Federal Contract Tower,16,5,9,0,30,0,0,4,0,4,16,5,13,0,34,0,0,0,34
04/11/2022,GPI,MT,ANM,WE,Federal Contract Tower,15,9,7,0,31,0,0,6,0,6,15,9,13,0,37,0,0,0,37
04/12/2022,GPI,MT,ANM,WE,Federal Contract Tower,15,5,11,4,35,0,0,13,2,15,15,5,24,6,50,50,4,54,104
04/13/2022,GPI,MT,ANM,WE,Federal Contract Tower,15,9,19,0,43,0,0,17,0,17,15,9,36,0,60,24,0,24,84
04/14/2022,GPI,MT,ANM,WE,Federal Contract Tower,17,14,15,4,50,0,0,32,0,32,17,14,47,4,82,28,0,28,110
04/15/2022,GPI,MT,ANM,WE,Federal Contract Tower,15,16,15,0,46,0,0,44,0,44,15,16,59,0,90,48,0,48,138
04/16/2022,GPI,MT,ANM,WE,Federal Contract Tower,15,14,3,0,32,0,0,23,0,23,15,14,26,0,55,30,0,30,85
04/17/2022,GPI,MT,ANM,WE,Federal Contract Tower,17,5,8,0,30,0,0,2,0,2,17,5,10,0,32,0,0,0,32
04/18/2022,GPI,MT,ANM,WE,Federal Contract Tower,14,11,22,0,47,0,2,35,0,37,14,13,57,0,84,34,0,34,118
04/19/2022,GPI,MT,ANM,WE,Federal Contract Tower,15,7,12,0,34,0,0,4,0,4,15,7,16,0,38,0,0,0,38
04/20/2022,GPI,MT,ANM,WE,Federal Contract Tower,15,8,23,0,46,0,0,44,0,44,15,8,67,0,90,54,2,56,146
04/21/2022,GPI,MT,ANM,WE,Federal Contract Tower,17,7,15,0,39,0,0,25,0,25,17,7,40,0,64,48,0,48,112
04/22/2022,GPI,MT,ANM,WE,Federal Contract Tower,15,11,15,1,42,0,0,26,2,28,15,11,41,3,70,28,6,34,104
04/23/2022,GPI,MT,ANM,WE,Federal Contract Tower,15,5,10,1,31,0,0,17,0,17,15,5,27,1,48,46,0,46,94
04/24/2022,GPI,MT,ANM,WE,Federal Contract Tower,17,2,20,0,39,0,0,44,0,44,17,2,64,0,83,62,0,62,145
04/25/2022,GPI,MT,ANM,WE,Federal Contract Tower,15,6,12,0,33,0,1,47,0,48,15,7,59,0,81,22,0,22,103
04/26/2022,GPI,MT,ANM,WE,Federal Contract Tower,15,10,11,0,36,0,1,15,0,16,15,11,26,0,52,4,0,4,56
04/27/2022,GPI,MT,ANM,WE,Federal Contract Tower,15,5,14,0,34,0,5,23,0,28,15,10,37,0,62,8,0,8,70
04/28/2022,GPI,MT,ANM,WE,Federal Contract Tower,17,6,12,0,35,0,0,49,0,49,17,6,61,0,84,28,0,28,112
04/29/2022,GPI,MT,ANM,WE,Federal Contract Tower,15,9,16,0,40,0,2,26,0,28,15,11,42,0,68,10,0,10,78
04/30/2022,GPI,MT,ANM,WE,Federal Contract Tower,15,4,8,0,27,0,0,22,1,23,15,4,30,1,50,22,0,22,72
05/01/2022,GPI,MT,ANM,WE,Federal Contract Tower,17,5,7,1,30,0,0,41,0,41,17,5,48,1,71,22,0,22,93
05/02/2022,GPI,MT,ANM,WE,Federal Contract Tower,15,2,8,3,28,0,1,33,2,36,15,3,41,5,64,20,0,20,84
05/03/2022,GPI,MT,ANM,WE,Federal Contract Tower,15,11,15,3,44,0,2,27,2,31,15,13,42,5,75,24,2,26,101
05/04/2022,GPI,MT,ANM,WE,Federal Contract Tower,15,9,13,0,37,0,0,31,0,31,15,9,44,0,68,40,0,40,108
05/05/2022,GPI,MT,ANM,WE,Federal Contract Tower,18,10,11,0,39,0,1,30,4,35,18,11,41,4,74,26,0,26,100
05/06/2022,GPI,MT,ANM,WE,Federal Contract Tower,16,6,27,0,49,0,1,14,0,15,16,7,41,0,64,0,0,0,64
05/07/2022,GPI,MT,ANM,WE,Federal Contract Tower,16,7,9,0,32,0,0,7,0,7,16,7,16,0,39,0,0,0,39
05/08/2022,GPI,MT,ANM,WE,Federal Contract Tower,18,2,11,0,31,0,0,6,5,11,18,2,17,5,42,0,0,0,42
05/09/2022,GPI,MT,ANM,WE,Federal Contract Tower,16,11,24,0,51,0,0,4,0,4,16,11,28,0,55,0,0,0,55
05/10/2022,GPI,MT,ANM,WE,Federal Contract Tower,17,14,21,0,52,0,2,31,0,33,17,16,52,0,85,2,0,2,87
05/11/2022,GPI,MT,ANM,WE,Federal Contract Tower,16,4,16,1,37,0,1,61,2,64,16,5,77,3,101,26,0,26,127
05/12/2022,GPI,MT,ANM,WE,Federal Contract Tower,20,5,18,3,46,0,1,42,6,49,20,6,60,9,95,32,52,84,179
05/13/2022,GPI,MT,ANM,WE,Federal Contract Tower,19,7,21,0,47,0,0,8,0,8,19,7,29,0,55,2,0,2,57
05/14/2022,GPI,MT,ANM,WE,Federal Contract Tower,16,5,12,0,33,0,0,19,0,19,16,5,31,0,52,14,0,14,66
05/15/2022,GPI,MT,ANM,WE,Federal Contract Tower,18,1,17,0,36,0,0,35,2,37,18,1,52,2,73,8,0,8,81
05/16/2022,GPI,MT,ANM,WE,Federal Contract Tower,17,5,13,0,35,0,0,36,0,36,17,5,49,0,71,6,0,6,77
05/17/2022,GPI,MT,ANM,WE,Federal Contract Tower,17,11,9,2,39,0,0,23,1,24,17,11,32,3,63,26,22,48,111
05/18/2022,GPI,MT,ANM,WE,Federal Contract Tower,16,8,31,2,57,0,0,8,0,8,16,8,39,2,65,0,0,0,65
05/19/2022,GPI,MT,ANM,WE,Federal Contract Tower,22,8,11,0,41,0,0,6,0,6,22,8,17,0,47,0,0,0,47
05/20/2022,GPI,MT,ANM,WE,Federal Contract Tower,18,16,17,4,55,0,0,26,2,28,18,16,43,6,83,24,4,28,111
05/21/2022,GPI,MT,ANM,WE,Federal Contract Tower,16,3,9,0,28,0,2,29,0,31,16,5,38,0,59,28,0,28,87
05/22/2022,GPI,MT,ANM,WE,Federal Contract Tower,20,6,19,0,45,0,0,71,1,72,20,6,90,1,117,64,0,64,181
05/23/2022,GPI,MT,ANM,WE,Federal Contract Tower,16,5,18,4,43,0,0,49,6,55,16,5,67,10,98,46,0,46,144
05/24/2022,GPI,MT,ANM,WE,Federal Contract Tower,16,11,13,3,43,0,0,49,0,49,16,11,62,3,92,46,0,46,138
05/25/2022,GPI,MT,ANM,WE,Federal Contract Tower,16,8,26,1,51,0,0,18,0,18,16,8,44,1,69,26,0,26,95
05/26/2022,GPI,MT,ANM,WE,Federal Contract Tower,19,9,25,3,56,0,0,84,10,94,19,9,109,13,150,44,36,80,230
05/27/2022,GPI,MT,ANM,WE,Federal Contract Tower,17,8,19,0,44,0,0,5,0,5,17,8,24,0,49,0,0,0,49
05/28/2022,GPI,MT,ANM,WE,Federal Contract Tower,16,7,14,1,38,0,0,18,0,18,16,7,32,1,56,12,0,12,68
05/29/2022,GPI,MT,ANM,WE,Federal Contract Tower,21,6,7,0,34,0,0,20,0,20,21,6,27,0,54,8,0,8,62
05/30/2022,GPI,MT,ANM,WE,Federal Contract Tower,18,3,16,0,37,0,0,16,0,16,18,3,32,0,53,18,0,18,71
05/31/2022,GPI,MT,ANM,WE,Federal Contract Tower,16,9,7,0,32,0,6,51,0,57,16,15,58,0,89,36,0,36,125
06/01/2022,GPI,MT,ANM,WE,Federal Contract Tower,16,9,26,0,51,0,0,46,0,46,16,9,72,0,97,4,0,4,101
06/02/2022,GPI,MT,ANM,WE,Federal Contract Tower,18,10,11,1,40,0,0,39,6,45,18,10,50,7,85,6,26,32,117
06/03/2022,GPI,MT,ANM,WE,Federal Contract Tower,24,8,10,0,42,0,0,30,0,30,24,8,40,0,72,20,0,20,92
06/04/2022,GPI,MT,ANM,WE,Federal Contract Tower,31,11,13,0,55,0,0,10,0,10,31,11,23,0,65,20,0,20,85
06/05/2022,GPI,MT,ANM,WE,Federal Contract Tower,31,10,14,0,55,0,0,19,4,23,31,10,33,4,78,2,0,2,80
06/06/2022,GPI,MT,ANM,WE,Federal Contract Tower,24,9,15,0,48,0,0,35,0,35,24,9,50,0,83,46,0,46,129
06/07/2022,GPI,MT,ANM,WE,Federal Contract Tower,22,14,20,1,57,0,0,36,2,38,22,14,56,3,95,30,0,30,125
06/08/2022,GPI,MT,ANM,WE,Federal Contract Tower,23,14,21,0,58,0,2,43,0,45,23,16,64,0,103,16,0,16,119
06/09/2022,GPI,MT,ANM,WE,Federal Contract Tower,27,12,17,2,58,0,0,57,1,58,27,12,74,3,116,18,6,24,140
06/10/2022,GPI,MT,ANM,WE,Federal Contract Tower,24,18,15,0,57,0,0,30,0,30,24,18,45,0,87,10,0,10,97
06/11/2022,GPI,MT,ANM,WE,Federal Contract Tower,30,19,9,0,58,0,0,2,0,2,30,19,11,0,60,0,0,0,60
06/12/2022,GPI,MT,ANM,WE,Federal Contract Tower,29,14,22,0,65,0,0,25,0,25,29,14,47,0,90,40,0,40,130
06/13/2022,GPI,MT,ANM,WE,Federal Contract Tower,26,14,8,0,48,0,2,14,0,16,26,16,22,0,64,2,0,2,66
06/14/2022,GPI,MT,ANM,WE,Federal Contract Tower,26,17,19,0,62,0,0,2,0,2,26,17,21,0,64,0,0,0,64
06/15/2022,GPI,MT,ANM,WE,Federal Contract Tower,30,23,30,0,83,0,0,34,0,34,30,23,64,0,117,52,0,52,169
06/16/2022,GPI,MT,ANM,WE,Federal Contract Tower,30,19,20,1,70,0,0,60,3,63,30,19,80,4,133,18,0,18,151
06/17/2022,GPI,MT,ANM,WE,Federal Contract Tower,24,22,21,0,67,0,0,82,0,82,24,22,103,0,149,18,0,18,167
06/18/2022,GPI,MT,ANM,WE,Federal Contract Tower,38,16,13,0,67,0,2,39,1,42,38,18,52,1,109,26,0,26,135
06/19/2022,GPI,MT,ANM,WE,Federal Contract Tower,32,18,24,0,74,0,0,21,0,21,32,18,45,0,95,4,0,4,99
06/20/2022,GPI,MT,ANM,WE,Federal Contract Tower,24,12,23,0,59,0,0,7,0,7,24,12,30,0,66,0,0,0,66
06/21/2022,GPI,MT,ANM,WE,Federal Contract Tower,27,25,21,0,73,0,0,58,8,66,27,25,79,8,139,16,0,16,155
06/22/2022,GPI,MT,ANM,WE,Federal Contract Tower,32,13,30,0,75,0,1,72,2,75,32,14,102,2,150,44,0,44,194
06/23/2022,GPI,MT,ANM,WE,Federal Contract Tower,29,17,26,2,74,0,5,62,0,67,29,22,88,2,141,22,0,22,163
06/24/2022,GPI,MT,ANM,WE,Federal Contract Tower,24,21,39,6,90,0,0,54,3,57,24,21,93,9,147,36,6,42,189
06/25/2022,GPI,MT,ANM,WE,Federal Contract Tower,42,21,32,3,98,0,0,60,2,62,42,21,92,5,160,12,0,12,172
06/26/2022,GPI,MT,ANM,WE,Federal Contract Tower,35,19,22,1,77,0,0,62,0,62,35,19,84,1,139,14,0,14,153
06/27/2022,GPI,MT,ANM,WE,Federal Contract Tower,25,17,27,0,69,0,0,66,0,66,25,17,93,0,135,48,2,50,185
06/28/2022,GPI,MT,ANM,WE,Federal Contract Tower,26,26,16,2,70,0,0,39,1,40,26,26,55,3,110,30,0,30,140
06/29/2022,GPI,MT,ANM,WE,Federal Contract Tower,31,31,26,0,88,0,1,50,0,51,31,32,76,0,139,42,0,42,181
06/30/2022,GPI,MT,ANM,WE,Federal Contract Tower,29,26,33,8,96,0,3,73,1,77,29,29,106,9,173,24,0,24,197
07/01/2022,GPI,MT,ANM,WE,Federal Contract Tower,24,42,54,0,120,1,2,62,0,65,25,44,116,0,185,32,0,32,217
07/02/2022,GPI,MT,ANM,WE,Federal Contract Tower,40,22,25,0,87,0,0,31,0,31,40,22,56,0,118,14,0,14,132
07/03/2022,GPI,MT,ANM,WE,Federal Contract Tower,36,23,21,0,80,0,0,11,0,11,36,23,32,0,91,22,0,22,113
07/04/2022,GPI,MT,ANM,WE,Federal Contract Tower,27,24,8,0,59,0,0,15,0,15,27,24,23,0,74,16,0,16,90
07/05/2022,GPI,MT,ANM,WE,Federal Contract Tower,29,31,27,0,87,0,0,87,0,87,29,31,114,0,174,16,0,16,190
07/06/2022,GPI,MT,ANM,WE,Federal Contract Tower,34,25,26,0,85,0,0,70,0,70,34,25,96,0,155,84,0,84,239
07/07/2022,GPI,MT,ANM,WE,Federal Contract Tower,31,19,27,0,77,0,0,40,1,41,31,19,67,1,118,58,0,58,176
07/08/2022,GPI,MT,ANM,WE,Federal Contract Tower,25,17,23,0,65,0,0,58,0,58,25,17,81,0,123,24,0,24,147
07/09/2022,GPI,MT,ANM,WE,Federal Contract Tower,40,24,21,0,85,0,0,75,5,80,40,24,96,5,165,10,0,10,175
07/10/2022,GPI,MT,ANM,WE,Federal Contract Tower,35,23,31,0,89,0,0,47,12,59,35,23,78,12,148,4,0,4,152
07/11/2022,GPI,MT,ANM,WE,Federal Contract Tower,32,27,37,0,96,0,0,59,0,59,32,27,96,0,155,16,0,16,171
07/12/2022,GPI,MT,ANM,WE,Federal Contract Tower,31,25,27,6,89,0,2,55,3,60,31,27,82,9,149,44,0,44,193
07/13/2022,GPI,MT,ANM,WE,Federal Contract Tower,36,24,24,0,84,0,3,25,0,28,36,27,49,0,112,12,0,12,124
07/14/2022,GPI,MT,ANM,WE,Federal Contract Tower,31,28,35,1,95,0,1,92,3,96,31,29,127,4,191,14,10,24,215
07/15/2022,GPI,MT,ANM,WE,Federal Contract Tower,28,18,26,0,72,0,2,43,0,45,28,20,69,0,117,10,0,10,127
07/16/2022,GPI,MT,ANM,WE,Federal Contract Tower,48,26,23,0,97,1,0,67,0,68,49,26,90,0,165,52,0,52,217
07/17/2022,GPI,MT,ANM,WE,Federal Contract Tower,41,27,39,0,107,0,0,67,2,69,41,27,106,2,176,40,2,42,218
07/18/2022,GPI,MT,ANM,WE,Federal Contract Tower,30,22,36,0,88,0,3,28,0,31,30,25,64,0,119,30,0,30,149
07/19/2022,GPI,MT,ANM,WE,Federal Contract Tower,31,23,30,1,85,0,2,79,0,81,31,25,109,1,166,84,0,84,250
07/20/2022,GPI,MT,ANM,WE,Federal Contract Tower,36,17,25,0,78,0,0,87,0,87,36,17,112,0,165,44,0,44,209
07/21/2022,GPI,MT,ANM,WE,Federal Contract Tower,34,19,22,0,75,0,1,59,0,60,34,20,81,0,135,22,0,22,157
07/22/2022,GPI,MT,ANM,WE,Federal Contract Tower,28,32,21,0,81,0,2,45,0,47,28,34,66,0,128,38,0,38,166
07/23/2022,GPI,MT,ANM,WE,Federal Contract Tower,47,19,33,0,99,0,2,54,0,56,47,21,87,0,155,14,0,14,169
07/24/2022,GPI,MT,ANM,WE,Federal Contract Tower,40,26,38,0,104,0,0,40,0,40,40,26,78,0,144,8,0,8,152
07/25/2022,GPI,MT,ANM,WE,Federal Contract Tower,28,13,12,0,53,0,1,33,0,34,28,14,45,0,87,18,0,18,105
07/26/2022,GPI,MT,ANM,WE,Federal Contract Tower,31,22,33,0,86,0,0,48,3,51,31,22,81,3,137,26,4,30,167
07/27/2022,GPI,MT,ANM,WE,Federal Contract Tower,36,16,40,5,97,0,0,67,2,69,36,16,107,7,166,38,0,38,204
07/28/2022,GPI,MT,ANM,WE,Federal Contract Tower,32,26,42,0,100,0,0,77,0,77,32,26,119,0,177,20,0,20,197
07/29/2022,GPI,MT,ANM,WE,Federal Contract Tower,28,23,39,0,90,0,2,87,0,89,28,25,126,0,179,40,0,40,219
07/30/2022,GPI,MT,ANM,WE,Federal Contract Tower,46,22,32,0,100,0,2,62,0,64,46,24,94,0,164,24,0,24,188
08/02/2022,GPI,MT,ANM,WE,Federal Contract Tower,30,24,24,2,80,0,17,50,1,68,30,41,74,3,148,34,12,46,194
08/03/2022,GPI,MT,ANM,WE,Federal Contract Tower,36,17,25,0,78,0,22,74,0,96,36,39,99,0,174,22,0,22,196
08/04/2022,GPI,MT,ANM,WE,Federal Contract Tower,33,27,32,0,92,0,31,43,0,74,33,58,75,0,166,36,0,36,202
08/05/2022,GPI,MT,ANM,WE,Federal Contract Tower,30,22,28,1,81,0,9,62,1,72,30,31,90,2,153,12,8,20,173
08/06/2022,GPI,MT,ANM,WE,Federal Contract Tower,45,26,30,0,101,0,2,56,2,60,45,28,86,2,161,44,0,44,205
08/07/2022,GPI,MT,ANM,WE,Federal Contract Tower,38,22,43,0,103,0,2,56,10,68,38,24,99,10,171,24,0,24,195
08/08/2022,GPI,MT,ANM,WE,Federal Contract Tower,28,17,33,0,78,0,18,59,1,78,28,35,92,1,156,68,0,68,224
08/09/2022,GPI,MT,ANM,WE,Federal Contract Tower,30,14,22,0,66,0,12,53,11,76,30,26,75,11,142,26,0,26,168
08/10/2022,GPI,MT,ANM,WE,Federal Contract Tower,35,21,29,0,85,0,1,38,0,39,35,22,67,0,124,30,0,30,154
08/11/2022,GPI,MT,ANM,WE,Federal Contract Tower,32,19,39,0,90,0,5,100,0,105,32,24,139,0,195,48,0,48,243
08/12/2022,GPI,MT,ANM,WE,Federal Contract Tower,30,20,26,0,76,0,8,67,4,79,30,28,93,4,155,20,0,20,175
08/13/2022,GPI,MT,ANM,WE,Federal Contract Tower,43,24,19,0,86,0,4,55,0,59,43,28,74,0,145,36,0,36,181
08/14/2022,GPI,MT,ANM,WE,Federal Contract Tower,34,41,41,0,116,0,7,69,5,81,34,48,110,5,197,10,0,10,207
08/15/2022,GPI,MT,ANM,WE,Federal Contract Tower,30,10,38,0,78,0,14,84,0,98,30,24,122,0,176,76,0,76,252
08/16/2022,GPI,MT,ANM,WE,Federal Contract Tower,26,22,32,0,80,0,5,69,0,74,26,27,101,0,154,56,0,56,210
08/17/2022,GPI,MT,ANM,WE,Federal Contract Tower,30,25,26,0,81,0,7,51,0,58,30,32,77,0,139,26,4,30,169
08/18/2022,GPI,MT,ANM,WE,Federal Contract Tower,28,25,32,2,87,0,0,65,0,65,28,25,97,2,152,48,0,48,200
08/19/2022,GPI,MT,ANM,WE,Federal Contract Tower,26,30,43,2,101,0,1,48,1,50,26,31,91,3,151,20,0,20,171
08/20/2022,GPI,MT,ANM,WE,Federal Contract Tower,38,19,24,0,81,0,4,39,2,45,38,23,63,2,126,22,0,22,148
08/21/2022,GPI,MT,ANM,WE,Federal Contract Tower,33,21,33,0,87,0,2,42,0,44,33,23,75,0,131,28,0,28,159
08/22/2022,GPI,MT,ANM,WE,Federal Contract Tower,28,13,24,0,65,0,7,46,2,55,28,20,70,2,120,106,0,106,226
08/23/2022,GPI,MT,ANM,WE,Federal Contract Tower,31,21,19,0,71,0,6,59,1,66,31,27,78,1,137,62,0,62,199
08/24/2022,GPI,MT,ANM,WE,Federal Contract Tower,30,19,20,2,71,0,3,49,0,52,30,22,69,2,123,26,0,26,149
08/25/2022,GPI,MT,ANM,WE,Federal Contract Tower,27,29,20,2,78,0,2,50,3,55,27,31,70,5,133,68,20,88,221
08/26/2022,GPI,MT,ANM,WE,Federal Contract Tower,27,23,20,2,72,0,0,41,2,43,27,23,61,4,115,34,0,34,149
08/27/2022,GPI,MT,ANM,WE,Federal Contract Tower,38,27,37,0,102,0,3,45,13,61,38,30,82,13,163,2,0,2,165
08/28/2022,GPI,MT,ANM,WE,Federal Contract Tower,32,19,27,0,78,0,0,49,7,56,32,19,76,7,134,6,0,6,140
08/29/2022,GPI,MT,ANM,WE,Federal Contract Tower,26,14,23,0,63,0,0,86,0,86,26,14,109,0,149,8,0,8,157
08/30/2022,GPI,MT,ANM,WE,Federal Contract Tower,27,11,14,4,56,0,4,78,3,85,27,15,92,7,141,56,14,70,211
08/31/2022,GPI,MT,ANM,WE,Federal Contract Tower,30,26,23,0,79,0,1,65,1,67,30,27,88,1,146,34,0,34,180
09/01/2022,GPI,MT,ANM,WE,Federal Contract Tower,28,24,40,0,92,0,6,62,0,68,28,30,102,0,160,64,0,64,224
09/02/2022,GPI,MT,ANM,WE,Federal Contract Tower,27,17,36,0,80,0,0,66,0,66,27,17,102,0,146,64,0,64,210
09/03/2022,GPI,MT,ANM,WE,Federal Contract Tower,37,24,13,0,74,0,5,45,0,50,37,29,58,0,124,34,0,34,158
09/04/2022,GPI,MT,ANM,WE,Federal Contract Tower,34,10,22,0,66,0,15,22,0,37,34,25,44,0,103,0,0,0,103
09/05/2022,GPI,MT,ANM,WE,Federal Contract Tower,27,31,45,0,103,0,12,56,0,68,27,43,101,0,171,48,0,48,219
09/06/2022,GPI,MT,ANM,WE,Federal Contract Tower,24,26,29,0,79,0,13,69,4,86,24,39,98,4,165,44,0,44,209
09/07/2022,GPI,MT,ANM,WE,Federal Contract Tower,21,20,27,0,68,0,8,36,1,45,21,28,63,1,113,36,2,38,151
09/08/2022,GPI,MT,ANM,WE,Federal Contract Tower,22,16,21,1,60,0,3,47,4,54,22,19,68,5,114,32,0,32,146
09/09/2022,GPI,MT,ANM,WE,Federal Contract Tower,20,10,24,1,55,0,0,48,0,48,20,10,72,1,103,30,0,30,133
09/10/2022,GPI,MT,ANM,WE,Federal Contract Tower,26,18,11,0,55,0,3,52,0,55,26,21,63,0,110,36,0,36,146
09/11/2022,GPI,MT,ANM,WE,Federal Contract Tower,25,9,37,2,73,0,0,44,0,44,25,9,81,2,117,10,0,10,127
09/12/2022,GPI,MT,ANM,WE,Federal Contract Tower,25,13,35,0,73,0,2,8,0,10,25,15,43,0,83,0,0,0,83
09/13/2022,GPI,MT,ANM,WE,Federal Contract Tower,21,20,32,0,73,0,0,15,0,15,21,20,47,0,88,14,0,14,102
09/14/2022,GPI,MT,ANM,WE,Federal Contract Tower,20,10,30,0,60,0,0,0,0,0,20,10,30,0,60,0,0,0,60
09/15/2022,GPI,MT,ANM,WE,Federal Contract Tower,24,24,32,1,81,0,0,16,2,18,24,24,48,3,99,2,16,18,117
09/16/2022,GPI,MT,ANM,WE,Federal Contract Tower,20,24,33,11,88,0,0,31,1,32,20,24,64,12,120,16,0,16,136
09/17/2022,GPI,MT,ANM,WE,Federal Contract Tower,24,14,21,0,59,0,0,56,0,56,24,14,77,0,115,92,0,92,207
09/18/2022,GPI,MT,ANM,WE,Federal Contract Tower,25,18,22,0,65,0,0,37,0,37,25,18,59,0,102,40,0,40,142
09/19/2022,GPI,MT,ANM,WE,Federal Contract Tower,20,7,33,0,60,0,0,37,0,37,20,7,70,0,97,48,0,48,145
09/20/2022,GPI,MT,ANM,WE,Federal Contract Tower,22,8,25,0,55,0,0,53,0,53,22,8,78,0,108,44,0,44,152
09/21/2022,GPI,MT,ANM,WE,Federal Contract Tower,20,9,20,3,52,0,0,29,3,32,20,9,49,6,84,24,18,42,126
09/22/2022,GPI,MT,ANM,WE,Federal Contract Tower,22,12,21,0,55,0,0,0,0,0,22,12,21,0,55,0,0,0,55
09/23/2022,GPI,MT,ANM,WE,Federal Contract Tower,20,15,19,2,56,0,0,24,0,24,20,15,43,2,80,2,0,2,82
09/24/2022,GPI,MT,ANM,WE,Federal Contract Tower,25,10,5,2,42,0,0,63,0,63,25,10,68,2,105,66,0,66,171
09/25/2022,GPI,MT,ANM,WE,Federal Contract Tower,25,14,18,0,57,0,0,60,0,60,25,14,78,0,117,11,0,11,128
09/26/2022,GPI,MT,ANM,WE,Federal Contract Tower,20,14,20,0,54,0,0,51,0,51,20,14,71,0,105,24,0,24,129
09/27/2022,GPI,MT,ANM,WE,Federal Contract Tower,20,14,16,7,57,0,0,58,1,59,20,14,74,8,116,10,28,38,154
09/28/2022,GPI,MT,ANM,WE,Federal Contract Tower,20,13,17,0,50,0,0,44,0,44,20,13,61,0,94,22,0,22,116
09/29/2022,GPI,MT,ANM,WE,Federal Contract Tower,23,12,13,0,48,0,1,7,0,8,23,13,20,0,56,0,0,0,56
09/30/2022,GPI,MT,ANM,WE,Federal Contract Tower,18,9,16,0,43,0,0,9,0,9,18,9,25,0,52,6,0,6,58
10/01/2022,GPI,MT,ANM,WE,Federal Contract Tower,19,17,21,2,59,0,0,24,0,24,19,17,45,2,83,18,0,18,101
10/02/2022,GPI,MT,ANM,WE,Federal Contract Tower,17,1,14,0,32,0,0,34,0,34,17,1,48,0,66,8,0,8,74
10/03/2022,GPI,MT,ANM,WE,Federal Contract Tower,15,6,15,3,39,0,0,56,2,58,15,6,71,5,97,48,2,50,147
10/04/2022,GPI,MT,ANM,WE,Federal Contract Tower,17,20,17,0,54,0,0,29,0,29,17,20,46,0,83,8,0,8,91
10/05/2022,GPI,MT,ANM,WE,Federal Contract Tower,17,8,22,0,47,0,0,51,0,51,17,8,73,0,98,30,0,30,128
10/06/2022,GPI,MT,ANM,WE,Federal Contract Tower,16,8,10,0,34,0,0,39,0,39,16,8,49,0,73,32,0,32,105
10/07/2022,GPI,MT,ANM,WE,Federal Contract Tower,15,7,12,0,34,0,2,51,0,53,15,9,63,0,87,52,0,52,139
10/08/2022,GPI,MT,ANM,WE,Federal Contract Tower,16,7,9,1,33,0,0,41,0,41,16,7,50,1,74,26,0,26,100
10/09/2022,GPI,MT,ANM,WE,Federal Contract Tower,15,4,14,0,33,0,0,39,0,39,15,4,53,0,72,30,0,30,102
10/10/2022,GPI,MT,ANM,WE,Federal Contract Tower,14,13,12,0,39,0,0,28,0,28,14,13,40,0,67,28,0,28,95
10/11/2022,GPI,MT,ANM,WE,Federal Contract Tower,17,8,8,2,35,0,0,25,0,25,17,8,33,2,60,56,0,56,116
10/12/2022,GPI,MT,ANM,WE,Federal Contract Tower,14,10,25,0,49,0,0,58,0,58,14,10,83,0,107,72,0,72,179
10/13/2022,GPI,MT,ANM,WE,Federal Contract Tower,16,8,10,0,34,0,0,37,0,37,16,8,47,0,71,56,0,56,127
10/14/2022,GPI,MT,ANM,WE,Federal Contract Tower,15,12,21,3,51,0,2,58,3,63,15,14,79,6,114,38,6,44,158
10/15/2022,GPI,MT,ANM,WE,Federal Contract Tower,15,12,12,0,39,0,0,76,0,76,15,12,88,0,115,72,0,72,187
10/16/2022,GPI,MT,ANM,WE,Federal Contract Tower,16,5,19,2,42,0,0,60,1,61,16,5,79,3,103,38,6,44,147
10/17/2022,GPI,MT,ANM,WE,Federal Contract Tower,14,10,18,0,42,0,0,54,0,54,14,10,72,0,96,34,0,34,130
10/18/2022,GPI,MT,ANM,WE,Federal Contract Tower,17,6,21,12,56,0,0,41,3,44,17,6,62,15,100,70,52,122,222
10/19/2022,GPI,MT,ANM,WE,Federal Contract Tower,17,9,11,4,41,0,0,52,2,54,17,9,63,6,95,56,6,62,157
10/20/2022,GPI,MT,ANM,WE,Federal Contract Tower,16,11,24,0,51,0,0,43,0,43,16,11,67,0,94,28,0,28,122
10/21/2022,GPI,MT,ANM,WE,Federal Contract Tower,14,9,12,0,35,0,1,9,0,10,14,10,21,0,45,0,0,0,45
10/22/2022,GPI,MT,ANM,WE,Federal Contract Tower,15,5,6,0,26,0,0,0,0,0,15,5,6,0,26,0,0,0,26
10/23/2022,GPI,MT,ANM,WE,Federal Contract Tower,16,10,14,1,41,0,0,15,0,15,16,10,29,1,56,26,0,26,82
10/24/2022,GPI,MT,ANM,WE,Federal Contract Tower,14,6,13,0,33,0,0,9,0,9,14,6,22,0,42,26,0,26,68
10/25/2022,GPI,MT,ANM,WE,Federal Contract Tower,14,13,11,0,38,0,0,31,0,31,14,13,42,0,69,44,0,44,113
10/26/2022,GPI,MT,ANM,WE,Federal Contract Tower,14,9,5,0,28,0,0,12,0,12,14,9,17,0,40,18,0,18,58
10/27/2022,GPI,MT,ANM,WE,Federal Contract Tower,16,12,15,0,43,0,0,7,0,7,16,12,22,0,50,2,0,2,52
10/28/2022,GPI,MT,ANM,WE,Federal Contract Tower,14,12,11,3,40,0,0,36,2,38,14,12,47,5,78,26,0,26,104
10/29/2022,GPI,MT,ANM,WE,Federal Contract Tower,16,6,9,0,31,0,0,36,0,36,16,6,45,0,67,58,0,58,125
10/30/2022,GPI,MT,ANM,WE,Federal Contract Tower,17,11,8,0,36,0,1,15,0,16,17,12,23,0,52,14,0,14,66
10/31/2022,GPI,MT,ANM,WE,Federal Contract Tower,13,9,10,0,32,0,0,25,0,25,13,9,35,0,57,64,0,64,121
11/01/2022,GPI,MT,ANM,WE,Federal Contract Tower,15,12,14,0,41,0,0,26,0,26,15,12,40,0,67,42,0,42,109
11/02/2022,GPI,MT,ANM,WE,Federal Contract Tower,16,8,17,0,41,0,0,0,0,0,16,8,17,0,41,0,0,0,41
11/03/2022,GPI,MT,ANM,WE,Federal Contract Tower,15,9,28,0,52,0,0,23,0,23,15,9,51,0,75,70,0,70,145
11/04/2022,GPI,MT,ANM,WE,Federal Contract Tower,12,5,8,0,25,0,0,0,0,0,12,5,8,0,25,0,0,0,25
11/05/2022,GPI,MT,ANM,WE,Federal Contract Tower,15,6,5,0,26,0,0,1,0,1,15,6,6,0,27,0,0,0,27
11/06/2022,GPI,MT,ANM,WE,Federal Contract Tower,17,2,12,0,31,0,0,21,0,21,17,2,33,0,52,26,0,26,78
11/07/2022,GPI,MT,ANM,WE,Federal Contract Tower,15,1,9,0,25,0,0,1,0,1,15,1,10,0,26,0,0,0,26
11/08/2022,GPI,MT,ANM,WE,Federal Contract Tower,16,11,16,5,48,0,0,23,0,23,16,11,39,5,71,46,10,56,127
11/09/2022,GPI,MT,ANM,WE,Federal Contract Tower,14,7,10,0,31,0,0,27,0,27,14,7,37,0,58,28,0,28,86
11/10/2022,GPI,MT,ANM,WE,Federal Contract Tower,16,12,15,0,43,0,0,18,0,18,16,12,33,0,61,20,0,20,81
11/11/2022,GPI,MT,ANM,WE,Federal Contract Tower,13,10,13,0,36,0,0,17,0,17,13,10,30,0,53,24,0,24,77
11/12/2022,GPI,MT,ANM,WE,Federal Contract Tower,14,11,18,0,43,0,0,16,0,16,14,11,34,0,59,46,0,46,105
11/13/2022,GPI,MT,ANM,WE,Federal Contract Tower,16,9,16,0,41,0,0,8,0,8,16,9,24,0,49,22,0,22,71
11/14/2022,GPI,MT,ANM,WE,Federal Contract Tower,14,12,20,0,46,0,0,24,0,24,14,12,44,0,70,44,0,44,114
11/15/2022,GPI,MT,ANM,WE,Federal Contract Tower,15,11,15,0,41,0,0,17,0,17,15,11,32,0,58,12,0,12,70
11/16/2022,GPI,MT,ANM,WE,Federal Contract Tower,14,8,14,0,36,0,0,12,0,12,14,8,26,0,48,12,0,12,60
11/17/2022,GPI,MT,ANM,WE,Federal Contract Tower,18,15,21,0,54,0,1,56,0,57,18,16,77,0,111,52,0,52,163
11/18/2022,GPI,MT,ANM,WE,Federal Contract Tower,15,8,13,0,36,0,0,36,0,36,15,8,49,0,72,64,0,64,136
11/19/2022,GPI,MT,ANM,WE,Federal Contract Tower,15,8,12,0,35,0,0,22,0,22,15,8,34,0,57,36,0,36,93
11/20/2022,GPI,MT,ANM,WE,Federal Contract Tower,17,2,21,1,41,0,0,0,0,0,17,2,21,1,41,0,0,0,41
11/21/2022,GPI,MT,ANM,WE,Federal Contract Tower,16,11,10,0,37,0,0,7,0,7,16,11,17,0,44,4,0,4,48
11/22/2022,GPI,MT,ANM,WE,Federal Contract Tower,17,16,24,0,57,0,0,19,0,19,17,16,43,0,76,24,0,24,100
11/23/2022,GPI,MT,ANM,WE,Federal Contract Tower,16,8,14,0,38,0,0,21,0,21,16,8,35,0,59,28,0,28,87
11/24/2022,GPI,MT,ANM,WE,Federal Contract Tower,6,7,5,0,18,0,0,14,0,14,6,7,19,0,32,12,0,12,44
11/25/2022,GPI,MT,ANM,WE,Federal Contract Tower,12,12,5,0,29,0,0,4,0,4,12,12,9,0,33,0,0,0,33
11/26/2022,GPI,MT,ANM,WE,Federal Contract Tower,15,12,11,0,38,0,0,12,0,12,15,12,23,0,50,12,0,12,62
11/27/2022,GPI,MT,ANM,WE,Federal Contract Tower,16,5,11,0,32,0,0,2,0,2,16,5,13,0,34,4,0,4,38
11/28/2022,GPI,MT,ANM,WE,Federal Contract Tower,13,9,13,4,39,0,0,33,0,33,13,9,46,4,72,50,12,62,134
11/29/2022,GPI,MT,ANM,WE,Federal Contract Tower,10,9,7,0,26,0,0,30,0,30,10,9,37,0,56,66,0,66,122
11/30/2022,GPI,MT,ANM,WE,Federal Contract Tower,13,10,4,0,27,0,0,0,0,0,13,10,4,0,27,0,0,0,27
12/01/2022,GPI,MT,ANM,WE,Federal Contract Tower,14,9,14,0,37,0,0,5,0,5,14,9,19,0,42,22,0,22,64
12/02/2022,GPI,MT,ANM,WE,Federal Contract Tower,12,14,13,0,39,0,0,11,0,11,12,14,24,0,50,46,0,46,96
12/03/2022,GPI,MT,ANM,WE,Federal Contract Tower,10,7,5,0,22,0,0,18,0,18,10,7,23,0,40,20,0,20,60
12/04/2022,GPI,MT,ANM,WE,Federal Contract Tower,18,4,9,0,31,0,0,13,0,13,18,4,22,0,44,10,0,10,54
12/05/2022,GPI,MT,ANM,WE,Federal Contract Tower,12,4,12,0,28,0,0,7,0,7,12,4,19,0,35,2,0,2,37
12/06/2022,GPI,MT,ANM,WE,Federal Contract Tower,11,9,7,0,27,0,0,12,0,12,11,9,19,0,39,26,0,26,65
12/07/2022,GPI,MT,ANM,WE,Federal Contract Tower,12,10,17,0,39,0,0,38,0,38,12,10,55,0,77,38,0,38,115
12/08/2022,GPI,MT,ANM,WE,Federal Contract Tower,14,9,13,0,36,0,0,17,0,17,14,9,30,0,53,26,0,26,79
12/09/2022,GPI,MT,ANM,WE,Federal Contract Tower,13,12,11,0,36,0,1,28,0,29,13,13,39,0,65,94,0,94,159
12/10/2022,GPI,MT,ANM,WE,Federal Contract Tower,11,15,11,0,37,0,0,18,0,18,11,15,29,0,55,52,0,52,107
12/11/2022,GPI,MT,ANM,WE,Federal Contract Tower,14,6,11,0,31,0,0,11,0,11,14,6,22,0,42,14,0,14,56
12/12/2022,GPI,MT,ANM,WE,Federal Contract Tower,12,6,15,0,33,0,0,42,0,42,12,6,57,0,75,26,0,26,101
12/13/2022,GPI,MT,ANM,WE,Federal Contract Tower,12,7,12,0,31,0,0,19,0,19,12,7,31,0,50,26,0,26,76
12/14/2022,GPI,MT,ANM,WE,Federal Contract Tower,11,10,18,0,39,0,0,3,0,3,11,10,21,0,42,0,0,0,42
12/15/2022,GPI,MT,ANM,WE,Federal Contract Tower,22,15,26,0,63,0,0,23,0,23,22,15,49,0,86,34,0,34,120
12/16/2022,GPI,MT,ANM,WE,Federal Contract Tower,20,16,30,0,66,0,0,12,0,12,20,16,42,0,78,42,0,42,120
12/17/2022,GPI,MT,ANM,WE,Federal Contract Tower,21,10,19,2,52,0,0,17,0,17,21,10,36,2,69,26,0,26,95
12/18/2022,GPI,MT,ANM,WE,Federal Contract Tower,19,4,14,8,45,0,0,2,0,2,19,4,16,8,47,0,8,8,55
12/19/2022,GPI,MT,ANM,WE,Federal Contract Tower,19,17,17,0,53,0,0,2,0,2,19,17,19,0,55,0,0,0,55
12/20/2022,GPI,MT,ANM,WE,Federal Contract Tower,14,15,9,0,38,0,0,0,0,0,14,15,9,0,38,0,0,0,38
12/21/2022,GPI,MT,ANM,WE,Federal Contract Tower,14,22,20,0,56,0,0,2,0,2,14,22,22,0,58,0,0,0,58
12/22/2022,GPI,MT,ANM,WE,Federal Contract Tower,19,18,33,0,70,0,0,10,0,10,19,18,43,0,80,0,0,0,80
12/23/2022,GPI,MT,ANM,WE,Federal Contract Tower,14,30,15,0,59,0,0,0,0,0,14,30,15,0,59,0,0,0,59
12/24/2022,GPI,MT,ANM,WE,Federal Contract Tower,16,10,9,0,35,0,0,2,0,2,16,10,11,0,37,10,0,10,47
12/25/2022,GPI,MT,ANM,WE,Federal Contract Tower,13,2,0,0,15,0,0,0,0,0,13,2,0,0,15,0,0,0,15
12/26/2022,GPI,MT,ANM,WE,Federal Contract Tower,12,7,23,0,42,0,0,0,0,0,12,7,23,0,42,0,0,0,42
12/27/2022,GPI,MT,ANM,WE,Federal Contract Tower,26,22,36,0,84,0,0,3,0,3,26,22,39,0,87,2,0,2,89
12/28/2022,GPI,MT,ANM,WE,Federal Contract Tower,23,20,25,0,68,0,0,0,0,0,23,20,25,0,68,2,0,2,70
12/29/2022,GPI,MT,ANM,WE,Federal Contract Tower,21,30,26,1,78,0,0,35,4,39,21,30,61,5,117,86,38,124,241
12/30/2022,GPI,MT,ANM,WE,Federal Contract Tower,20,23,9,0,52,0,0,3,0,3,20,23,12,0,55,0,0,0,55
12/31/2022,GPI,MT,ANM,WE,Federal Contract Tower,18,12,5,0,35,0,1,12,0,13,18,13,17,0,48,18,0,18,66
01/01/2023,GPI,MT,ANM,WE,Federal Contract Tower,21,7,15,0,43,0,0,20,0,20,21,7,35,0,63,6,0,6,69
01/02/2023,GPI,MT,ANM,WE,Federal Contract Tower,24,12,36,0,72,0,0,53,0,53,24,12,89,0,125,46,0,46,171
01/03/2023,GPI,MT,ANM,WE,Federal Contract Tower,22,15,28,0,65,0,0,16,0,16,22,15,44,0,81,28,0,28,109
01/04/2023,GPI,MT,ANM,WE,Federal Contract Tower,18,17,25,3,63,0,0,24,0,24,18,17,49,3,87,30,4,34,121
01/05/2023,GPI,MT,ANM,WE,Federal Contract Tower,18,21,11,0,50,0,18,21,0,39,18,39,32,0,89,28,0,28,117
01/06/2023,GPI,MT,ANM,WE,Federal Contract Tower,15,17,8,0,40,0,0,14,0,14,15,17,22,0,54,0,0,0,54
01/07/2023,GPI,MT,ANM,WE,Federal Contract Tower,18,8,7,0,33,0,0,27,0,27,18,8,34,0,60,20,0,20,80
01/08/2023,GPI,MT,ANM,WE,Federal Contract Tower,20,14,13,0,47,0,0,28,2,30,20,14,41,2,77,50,0,50,127
01/09/2023,GPI,MT,ANM,WE,Federal Contract Tower,22,3,6,0,31,0,0,19,0,19,22,3,25,0,50,44,0,44,94
01/10/2023,GPI,MT,ANM,WE,Federal Contract Tower,17,15,6,2,40,0,0,17,0,17,17,15,23,2,57,60,0,60,117
01/11/2023,GPI,MT,ANM,WE,Federal Contract Tower,15,19,16,0,50,0,0,2,0,2,15,19,18,0,52,0,0,0,52
01/12/2023,GPI,MT,ANM,WE,Federal Contract Tower,19,13,18,0,50,0,0,1,0,1,19,13,19,0,51,0,0,0,51
01/13/2023,GPI,MT,ANM,WE,Federal Contract Tower,16,7,15,0,38,0,0,18,0,18,16,7,33,0,56,52,0,52,108
01/14/2023,GPI,MT,ANM,WE,Federal Contract Tower,27,7,5,0,39,0,0,15,0,15,27,7,20,0,54,48,0,48,102
01/15/2023,GPI,MT,ANM,WE,Federal Contract Tower,21,5,14,0,40,0,0,1,0,1,21,5,15,0,41,2,0,2,43
01/16/2023,GPI,MT,ANM,WE,Federal Contract Tower,19,7,9,0,35,0,0,0,0,0,19,7,9,0,35,0,0,0,35
01/17/2023,GPI,MT,ANM,WE,Federal Contract Tower,14,3,8,0,25,0,1,15,0,16,14,4,23,0,41,24,0,24,65
01/18/2023,GPI,MT,ANM,WE,Federal Contract Tower,12,9,13,4,38,0,0,30,3,33,12,9,43,7,71,64,8,72,143
01/19/2023,GPI,MT,ANM,WE,Federal Contract Tower,18,6,11,0,35,0,1,2,2,5,18,7,13,2,40,0,0,0,40
01/20/2023,GPI,MT,ANM,WE,Federal Contract Tower,17,19,9,0,45,0,1,19,2,22,17,20,28,2,67,36,0,36,103
01/21/2023,GPI,MT,ANM,WE,Federal Contract Tower,18,8,10,0,36,0,0,34,4,38,18,8,44,4,74,106,0,106,180
01/22/2023,GPI,MT,ANM,WE,Federal Contract Tower,21,3,1,0,25,0,0,9,0,9,21,3,10,0,34,6,0,6,40
01/23/2023,GPI,MT,ANM,WE,Federal Contract Tower,18,5,14,0,37,0,0,17,0,17,18,5,31,0,54,48,0,48,102
01/24/2023,GPI,MT,ANM,WE,Federal Contract Tower,12,12,18,0,42,0,1,20,0,21,12,13,38,0,63,46,0,46,109
01/25/2023,GPI,MT,ANM,WE,Federal Contract Tower,11,10,14,0,35,0,0,23,0,23,11,10,37,0,58,40,0,40,98
01/26/2023,GPI,MT,ANM,WE,Federal Contract Tower,18,15,6,1,40,0,1,27,1,29,18,16,33,2,69,84,2,86,155
01/27/2023,GPI,MT,ANM,WE,Federal Contract Tower,20,12,5,0,37,0,0,0,0,0,20,12,5,0,37,0,0,0,37
01/28/2023,GPI,MT,ANM,WE,Federal Contract Tower,19,7,7,0,33,0,0,5,4,9,19,7,12,4,42,10,0,10,52
01/29/2023,GPI,MT,ANM,WE,Federal Contract Tower,20,3,8,0,31,0,0,25,0,25,20,3,33,0,56,12,0,12,68
01/30/2023,GPI,MT,ANM,WE,Federal Contract Tower,19,11,16,0,46,0,0,22,0,22,19,11,38,0,68,32,0,32,100
01/31/2023,GPI,MT,ANM,WE,Federal Contract Tower,10,10,14,0,34,0,0,0,0,0,10,10,14,0,34,0,0,0,34
02/01/2023,GPI,MT,ANM,WE,Federal Contract Tower,12,11,15,0,38,0,0,19,0,19,12,11,34,0,57,22,0,22,79
02/02/2023,GPI,MT,ANM,WE,Federal Contract Tower,14,12,10,4,40,0,1,44,2,47,14,13,54,6,87,52,22,74,161
02/03/2023,GPI,MT,ANM,WE,Federal Contract Tower,24,15,9,1,49,0,0,41,0,41,24,15,50,1,90,40,0,40,130
02/04/2023,GPI,MT,ANM,WE,Federal Contract Tower,19,10,6,0,35,0,0,34,0,34,19,10,40,0,69,46,0,46,115
02/05/2023,GPI,MT,ANM,WE,Federal Contract Tower,21,3,3,1,28,0,0,2,0,2,21,3,5,1,30,20,0,20,50
02/06/2023,GPI,MT,ANM,WE,Federal Contract Tower,18,4,4,0,26,0,2,19,0,21,18,6,23,0,47,42,0,42,89
02/07/2023,GPI,MT,ANM,WE,Federal Contract Tower,12,9,10,0,31,0,0,18,0,18,12,9,28,0,49,14,0,14,63
02/08/2023,GPI,MT,ANM,WE,Federal Contract Tower,12,8,17,0,37,0,0,17,0,17,12,8,34,0,54,18,0,18,72
02/09/2023,GPI,MT,ANM,WE,Federal Contract Tower,18,8,14,0,40,0,0,62,3,65,18,8,76,3,105,46,0,46,151
02/10/2023,GPI,MT,ANM,WE,Federal Contract Tower,19,7,6,0,32,0,0,38,0,38,19,7,44,0,70,74,0,74,144
02/11/2023,GPI,MT,ANM,WE,Federal Contract Tower,19,10,8,0,37,0,0,42,2,44,19,10,50,2,81,18,0,18,99
02/12/2023,GPI,MT,ANM,WE,Federal Contract Tower,19,12,9,0,40,0,0,41,0,41,19,12,50,0,81,28,0,28,109
02/13/2023,GPI,MT,ANM,WE,Federal Contract Tower,16,7,18,0,41,0,1,11,0,12,16,8,29,0,53,30,0,30,83
02/14/2023,GPI,MT,ANM,WE,Federal Contract Tower,13,8,10,0,31,0,0,18,0,18,13,8,28,0,49,54,0,54,103
02/15/2023,GPI,MT,ANM,WE,Federal Contract Tower,16,8,21,0,45,0,0,42,4,46,16,8,63,4,91,54,0,54,145
02/16/2023,GPI,MT,ANM,WE,Federal Contract Tower,18,20,20,0,58,0,0,69,0,69,18,20,89,0,127,36,0,36,163
02/17/2023,GPI,MT,ANM,WE,Federal Contract Tower,16,14,16,0,46,0,0,20,0,20,16,14,36,0,66,36,0,36,102
02/18/2023,GPI,MT,ANM,WE,Federal Contract Tower,23,12,9,0,44,0,0,0,0,0,23,12,9,0,44,0,0,0,44
02/19/2023,GPI,MT,ANM,WE,Federal Contract Tower,18,10,13,0,41,0,0,8,0,8,18,10,21,0,49,40,0,40,89
02/20/2023,GPI,MT,ANM,WE,Federal Contract Tower,18,8,12,0,38,0,0,0,0,0,18,8,12,0,38,0,0,0,38
02/21/2023,GPI,MT,ANM,WE,Federal Contract Tower,15,8,4,0,27,0,0,0,0,0,15,8,4,0,27,6,0,6,33
02/22/2023,GPI,MT,ANM,WE,Federal Contract Tower,20,11,14,4,49,0,1,5,5,11,20,12,19,9,60,10,26,36,96
02/23/2023,GPI,MT,ANM,WE,Federal Contract Tower,18,10,9,0,37,0,0,1,0,1,18,10,10,0,38,0,0,0,38
02/24/2023,GPI,MT,ANM,WE,Federal Contract Tower,18,13,15,1,47,0,0,30,1,31,18,13,45,2,78,34,8,42,120
02/25/2023,GPI,MT,ANM,WE,Federal Contract Tower,23,11,10,0,44,0,1,31,0,32,23,12,41,0,76,36,0,36,112
02/26/2023,GPI,MT,ANM,WE,Federal Contract Tower,19,6,19,2,46,0,0,20,1,21,19,6,39,3,67,56,2,58,125
02/27/2023,GPI,MT,ANM,WE,Federal Contract Tower,15,11,9,3,38,0,0,31,0,31,15,11,40,3,69,38,14,52,121
02/28/2023,GPI,MT,ANM,WE,Federal Contract Tower,16,10,10,0,36,0,0,0,0,0,16,10,10,0,36,0,0,0,36
03/01/2023,GPI,MT,ANM,WE,Federal Contract Tower,18,15,17,0,50,0,4,10,0,14,18,19,27,0,64,14,0,14,78
03/02/2023,GPI,MT,ANM,WE,Federal Contract Tower,17,8,6,0,31,0,1,0,9,10,17,9,6,9,41,0,0,0,41
03/03/2023,GPI,MT,ANM,WE,Federal Contract Tower,15,14,15,0,44,0,1,12,0,13,15,15,27,0,57,0,0,0,57
03/04/2023,GPI,MT,ANM,WE,Federal Contract Tower,23,6,8,2,39,0,0,31,2,33,23,6,39,4,72,16,0,16,88
03/05/2023,GPI,MT,ANM,WE,Federal Contract Tower,23,2,7,0,32,0,0,3,0,3,23,2,10,0,35,0,0,0,35
03/06/2023,GPI,MT,ANM,WE,Federal Contract Tower,15,7,5,0,27,0,0,38,0,38,15,7,43,0,65,62,0,62,127
03/07/2023,GPI,MT,ANM,WE,Federal Contract Tower,19,11,5,4,39,0,0,27,3,30,19,11,32,7,69,76,16,92,161
03/08/2023,GPI,MT,ANM,WE,Federal Contract Tower,17,13,11,10,51,0,0,35,2,37,17,13,46,12,88,56,38,94,182
03/09/2023,GPI,MT,ANM,WE,Federal Contract Tower,18,8,12,2,40,0,1,35,0,36,18,9,47,2,76,74,0,74,150
03/10/2023,GPI,MT,ANM,WE,Federal Contract Tower,16,6,10,0,32,0,0,0,0,0,16,6,10,0,32,0,0,0,32
03/11/2023,GPI,MT,ANM,WE,Federal Contract Tower,25,9,8,0,42,0,0,4,0,4,25,9,12,0,46,6,0,6,52
03/12/2023,GPI,MT,ANM,WE,Federal Contract Tower,22,12,9,0,43,0,1,19,0,20,22,13,28,0,63,20,0,20,83
03/13/2023,GPI,MT,ANM,WE,Federal Contract Tower,17,3,14,0,34,0,0,50,0,50,17,3,64,0,84,94,0,94,178
03/14/2023,GPI,MT,ANM,WE,Federal Contract Tower,16,7,11,1,35,0,0,43,0,43,16,7,54,1,78,74,0,74,152
03/15/2023,GPI,MT,ANM,WE,Federal Contract Tower,18,9,10,1,38,0,0,29,0,29,18,9,39,1,67,68,0,68,135
03/16/2023,GPI,MT,ANM,WE,Federal Contract Tower,18,12,15,0,45,0,0,59,1,60,18,12,74,1,105,72,2,74,179
03/17/2023,GPI,MT,ANM,WE,Federal Contract Tower,16,14,15,0,45,0,0,50,1,51,16,14,65,1,96,46,0,46,142
03/18/2023,GPI,MT,ANM,WE,Federal Contract Tower,21,9,14,0,44,0,0,56,0,56,21,9,70,0,100,8,0,8,108
03/19/2023,GPI,MT,ANM,WE,Federal Contract Tower,23,18,8,0,49,0,0,32,1,33,23,18,40,1,82,19,0,19,101
03/20/2023,GPI,MT,ANM,WE,Federal Contract Tower,15,11,11,0,37,0,0,36,0,36,15,11,47,0,73,30,0,30,103
03/21/2023,GPI,MT,ANM,WE,Federal Contract Tower,14,12,4,3,33,0,0,67,2,69,14,12,71,5,102,118,12,130,232
03/22/2023,GPI,MT,ANM,WE,Federal Contract Tower,16,5,8,1,30,0,2,36,4,42,16,7,44,5,72,56,0,56,128
03/23/2023,GPI,MT,ANM,WE,Federal Contract Tower,17,10,10,1,38,0,0,39,0,39,17,10,49,1,77,22,0,22,99
03/24/2023,GPI,MT,ANM,WE,Federal Contract Tower,14,7,10,0,31,0,0,0,0,0,14,7,10,0,31,0,0,0,31
03/25/2023,GPI,MT,ANM,WE,Federal Contract Tower,22,13,5,1,41,0,0,15,0,15,22,13,20,1,56,34,0,34,90
03/26/2023,GPI,MT,ANM,WE,Federal Contract Tower,17,2,8,0,27,0,0,17,2,19,17,2,25,2,46,14,0,14,60
03/27/2023,GPI,MT,ANM,WE,Federal Contract Tower,14,3,6,0,23,0,0,37,0,37,14,3,43,0,60,16,0,16,76
03/28/2023,GPI,MT,ANM,WE,Federal Contract Tower,12,8,12,0,32,0,1,46,0,47,12,9,58,0,79,66,0,66,145
03/29/2023,GPI,MT,ANM,WE,Federal Contract Tower,13,11,6,0,30,0,0,37,0,37,13,11,43,0,67,42,0,42,109
03/30/2023,GPI,MT,ANM,WE,Federal Contract Tower,16,5,10,3,34,0,0,38,0,38,16,5,48,3,72,48,6,54,126
03/31/2023,GPI,MT,ANM,WE,Federal Contract Tower,11,11,7,0,29,0,2,27,0,29,11,13,34,0,58,2,0,2,60
04/01/2023,GPI,MT,ANM,WE,Federal Contract Tower,11,11,7,0,29,0,0,0,0,0,11,11,7,0,29,0,0,0,29
04/02/2023,GPI,MT,ANM,WE,Federal Contract Tower,16,5,4,0,25,0,0,7,0,7,16,5,11,0,32,10,0,10,42
04/03/2023,GPI,MT,ANM,WE,Federal Contract Tower,14,12,10,0,36,0,0,37,0,37,14,12,47,0,73,72,0,72,145
04/04/2023,GPI,MT,ANM,WE,Federal Contract Tower,11,4,8,0,23,0,5,45,0,50,11,9,53,0,73,58,0,58,131
04/05/2023,GPI,MT,ANM,WE,Federal Contract Tower,15,7,15,0,37,0,0,19,0,19,15,7,34,0,56,24,0,24,80
04/06/2023,GPI,MT,ANM,WE,Federal Contract Tower,16,6,18,0,40,0,0,46,4,50,16,6,64,4,90,24,4,28,118
04/07/2023,GPI,MT,ANM,WE,Federal Contract Tower,15,8,15,0,38,0,0,36,0,36,15,8,51,0,74,36,0,36,110
04/08/2023,GPI,MT,ANM,WE,Federal Contract Tower,15,6,3,0,24,0,0,32,0,32,15,6,35,0,56,58,0,58,114
04/09/2023,GPI,MT,ANM,WE,Federal Contract Tower,16,4,10,0,30,0,0,19,0,19,16,4,29,0,49,12,0,12,61
04/10/2023,GPI,MT,ANM,WE,Federal Contract Tower,12,8,14,0,34,0,0,24,0,24,12,8,38,0,58,36,0,36,94
04/11/2023,GPI,MT,ANM,WE,Federal Contract Tower,13,10,14,0,37,0,0,5,0,5,13,10,19,0,42,0,0,0,42
04/12/2023,GPI,MT,ANM,WE,Federal Contract Tower,14,8,12,0,34,0,1,42,2,45,14,9,54,2,79,36,0,36,115
04/13/2023,GPI,MT,ANM,WE,Federal Contract Tower,16,10,7,7,40,0,0,36,4,40,16,10,43,11,80,62,40,102,182
04/14/2023,GPI,MT,ANM,WE,Federal Contract Tower,8,10,16,0,34,0,0,18,0,18,8,10,34,0,52,32,0,32,84
04/15/2023,GPI,MT,ANM,WE,Federal Contract Tower,19,7,7,0,33,0,0,44,6,50,19,7,51,6,83,10,0,10,93
04/16/2023,GPI,MT,ANM,WE,Federal Contract Tower,16,3,12,0,31,0,0,30,2,32,16,3,42,2,63,36,0,36,99
04/17/2023,GPI,MT,ANM,WE,Federal Contract Tower,14,5,11,5,35,0,1,19,5,25,14,6,30,10,60,0,48,48,108
04/18/2023,GPI,MT,ANM,WE,Federal Contract Tower,10,13,14,0,37,0,0,7,2,9,10,13,21,2,46,0,10,10,56
04/19/2023,GPI,MT,ANM,WE,Federal Contract Tower,14,8,6,0,28,0,0,10,0,10,14,8,16,0,38,32,0,32,70
04/20/2023,GPI,MT,ANM,WE,Federal Contract Tower,16,7,13,0,36,0,0,14,0,14,16,7,27,0,50,26,0,26,76
04/21/2023,GPI,MT,ANM,WE,Federal Contract Tower,14,9,12,0,35,0,0,13,0,13,14,9,25,0,48,30,0,30,78
04/22/2023,GPI,MT,ANM,WE,Federal Contract Tower,14,10,9,0,33,0,0,18,0,18,14,10,27,0,51,20,0,20,71
04/23/2023,GPI,MT,ANM,WE,Federal Contract Tower,15,0,7,1,23,0,0,24,0,24,15,0,31,1,47,22,0,22,69
04/24/2023,GPI,MT,ANM,WE,Federal Contract Tower,13,7,14,0,34,0,0,39,0,39,13,7,53,0,73,52,0,52,125
04/25/2023,GPI,MT,ANM,WE,Federal Contract Tower,12,12,12,0,36,0,0,50,0,50,12,12,62,0,86,78,0,78,164
04/26/2023,GPI,MT,ANM,WE,Federal Contract Tower,14,13,16,2,45,0,0,38,4,42,14,13,54,6,87,62,8,70,157
04/27/2023,GPI,MT,ANM,WE,Federal Contract Tower,16,17,13,3,49,0,0,42,9,51,16,17,55,12,100,36,22,58,158
04/28/2023,GPI,MT,ANM,WE,Federal Contract Tower,14,10,6,0,30,0,1,66,0,67,14,11,72,0,97,58,0,58,155
04/29/2023,GPI,MT,ANM,WE,Federal Contract Tower,16,7,4,1,28,0,0,35,1,36,16,7,39,2,64,34,6,40,104
04/30/2023,GPI,MT,ANM,WE,Federal Contract Tower,17,5,5,0,27,0,0,38,2,40,17,5,43,2,67,26,0,26,93
05/01/2023,GPI,MT,ANM,WE,Federal Contract Tower,12,9,13,1,35,0,0,41,0,41,12,9,54,1,76,52,0,52,128
05/02/2023,GPI,MT,ANM,WE,Federal Contract Tower,14,7,6,0,27,0,0,48,0,48,14,7,54,0,75,98,0,98,173
05/03/2023,GPI,MT,ANM,WE,Federal Contract Tower,17,6,7,2,32,0,2,23,4,29,17,8,30,6,61,30,12,42,103
05/04/2023,GPI,MT,ANM,WE,Federal Contract Tower,16,7,10,0,33,0,0,24,0,24,16,7,34,0,57,18,0,18,75
05/05/2023,GPI,MT,ANM,WE,Federal Contract Tower,16,14,8,0,38,0,0,15,0,15,16,14,23,0,53,26,0,26,79
05/06/2023,GPI,MT,ANM,WE,Federal Contract Tower,19,8,3,0,30,0,0,1,0,1,19,8,4,0,31,0,0,0,31
05/07/2023,GPI,MT,ANM,WE,Federal Contract Tower,16,2,12,0,30,0,0,10,0,10,16,2,22,0,40,20,0,20,60
05/08/2023,GPI,MT,ANM,WE,Federal Contract Tower,16,9,17,0,42,0,1,23,0,24,16,10,40,0,66,18,0,18,84
05/09/2023,GPI,MT,ANM,WE,Federal Contract Tower,19,6,14,0,39,0,0,35,0,35,19,6,49,0,74,74,0,74,148
05/10/2023,GPI,MT,ANM,WE,Federal Contract Tower,18,8,19,0,45,0,0,33,0,33,18,8,52,0,78,12,0,12,90
05/11/2023,GPI,MT,ANM,WE,Federal Contract Tower,18,14,28,5,65,0,1,72,2,75,18,15,100,7,140,102,18,120,260
05/12/2023,GPI,MT,ANM,WE,Federal Contract Tower,16,10,17,3,46,0,0,61,0,61,16,10,78,3,107,34,4,38,145
05/13/2023,GPI,MT,ANM,WE,Federal Contract Tower,18,7,14,0,39,0,2,61,0,63,18,9,75,0,102,48,0,48,150
05/14/2023,GPI,MT,ANM,WE,Federal Contract Tower,18,1,8,0,27,0,0,40,0,40,18,1,48,0,67,20,0,20,87
05/15/2023,GPI,MT,ANM,WE,Federal Contract Tower,15,12,21,0,48,0,0,63,0,63,15,12,84,0,111,38,0,38,149
05/16/2023,GPI,MT,ANM,WE,Federal Contract Tower,17,11,9,0,37,0,2,35,0,37,17,13,44,0,74,28,0,28,102
05/17/2023,GPI,MT,ANM,WE,Federal Contract Tower,10,18,19,5,52,0,0,0,0,0,10,18,19,5,52,0,0,0,52
05/18/2023,GPI,MT,ANM,WE,Federal Contract Tower,17,11,22,0,50,0,0,0,0,0,17,11,22,0,50,0,0,0,50
05/19/2023,GPI,MT,ANM,WE,Federal Contract Tower,16,13,31,0,60,0,2,31,0,33,16,15,62,0,93,20,0,20,113
05/20/2023,GPI,MT,ANM,WE,Federal Contract Tower,17,6,15,0,38,0,0,47,0,47,17,6,62,0,85,76,0,76,161
05/21/2023,GPI,MT,ANM,WE,Federal Contract Tower,20,5,13,0,38,0,0,39,0,39,20,5,52,0,77,82,0,82,159
05/22/2023,GPI,MT,ANM,WE,Federal Contract Tower,20,13,13,0,46,0,2,22,0,24,20,15,35,0,70,56,0,56,126
05/23/2023,GPI,MT,ANM,WE,Federal Contract Tower,17,11,21,0,49,0,0,48,0,48,17,11,69,0,97,34,0,34,131
05/24/2023,GPI,MT,ANM,WE,Federal Contract Tower,14,12,8,0,34,0,0,42,2,44,14,12,50,2,78,56,0,56,134
05/25/2023,GPI,MT,ANM,WE,Federal Contract Tower,18,6,16,0,40,0,2,28,0,30,18,8,44,0,70,12,0,12,82
05/26/2023,GPI,MT,ANM,WE,Federal Contract Tower,19,14,19,0,52,0,2,40,0,42,19,16,59,0,94,60,0,60,154
05/27/2023,GPI,MT,ANM,WE,Federal Contract Tower,18,11,5,0,34,0,0,45,0,45,18,11,50,0,79,56,0,56,135
05/28/2023,GPI,MT,ANM,WE,Federal Contract Tower,18,18,6,0,42,0,0,24,0,24,18,18,30,0,66,22,0,22,88
05/29/2023,GPI,MT,ANM,WE,Federal Contract Tower,17,9,16,0,42,0,0,41,0,41,17,9,57,0,83,20,0,20,103
05/30/2023,GPI,MT,ANM,WE,Federal Contract Tower,15,10,16,0,41,0,0,59,0,59,15,10,75,0,100,12,0,12,112
05/31/2023,GPI,MT,ANM,WE,Federal Contract Tower,15,11,19,0,45,0,1,46,0,47,15,12,65,0,92,70,0,70,162
06/01/2023,GPI,MT,ANM,WE,Federal Contract Tower,21,8,24,0,53,0,0,63,2,65,21,8,87,2,118,30,0,30,148
06/02/2023,GPI,MT,ANM,WE,Federal Contract Tower,28,8,20,0,56,0,0,32,0,32,28,8,52,0,88,42,0,42,130
06/03/2023,GPI,MT,ANM,WE,Federal Contract Tower,27,14,13,0,54,0,0,46,0,46,27,14,59,0,100,78,0,78,178
06/04/2023,GPI,MT,ANM,WE,Federal Contract Tower,28,3,14,0,45,0,0,30,0,30,28,3,44,0,75,46,0,46,121
06/05/2023,GPI,MT,ANM,WE,Federal Contract Tower,28,4,12,0,44,0,0,50,3,53,28,4,62,3,97,54,2,56,153
06/06/2023,GPI,MT,ANM,WE,Federal Contract Tower,25,21,22,2,70,0,2,46,0,48,25,23,68,2,118,14,16,30,148
06/07/2023,GPI,MT,ANM,WE,Federal Contract Tower,26,14,10,0,50,0,0,60,5,65,26,14,70,5,115,30,0,30,145
06/08/2023,GPI,MT,ANM,WE,Federal Contract Tower,27,12,15,0,54,0,0,24,0,24,27,12,39,0,78,10,0,10,88
06/09/2023,GPI,MT,ANM,WE,Federal Contract Tower,28,11,15,0,54,0,0,8,0,8,28,11,23,0,62,10,0,10,72
06/10/2023,GPI,MT,ANM,WE,Federal Contract Tower,28,8,7,1,44,0,0,25,0,25,28,8,32,1,69,30,0,30,99
06/11/2023,GPI,MT,ANM,WE,Federal Contract Tower,28,13,16,0,57,0,0,37,0,37,28,13,53,0,94,8,0,8,102
06/12/2023,GPI,MT,ANM,WE,Federal Contract Tower,26,11,19,0,56,0,0,58,0,58,26,11,77,0,114,28,0,28,142
06/13/2023,GPI,MT,ANM,WE,Federal Contract Tower,27,13,18,0,58,0,0,48,2,50,27,13,66,2,108,30,0,30,138
06/14/2023,GPI,MT,ANM,WE,Federal Contract Tower,32,13,17,0,62,12,0,0,0,12,44,13,17,0,74,10,0,10,84
06/15/2023,GPI,MT,ANM,WE,Federal Contract Tower,29,19,38,0,86,0,0,53,2,55,29,19,91,2,141,54,0,54,195
06/16/2023,GPI,MT,ANM,WE,Federal Contract Tower,25,19,22,0,66,1,3,43,0,47,26,22,65,0,113,26,0,26,139
06/17/2023,GPI,MT,ANM,WE,Federal Contract Tower,38,16,14,0,68,0,0,26,0,26,38,16,40,0,94,14,0,14,108
06/18/2023,GPI,MT,ANM,WE,Federal Contract Tower,30,5,23,0,58,0,0,13,0,13,30,5,36,0,71,0,0,0,71
06/19/2023,GPI,MT,ANM,WE,Federal Contract Tower,30,11,21,0,62,0,0,58,0,58,30,11,79,0,120,34,0,34,154
06/20/2023,GPI,MT,ANM,WE,Federal Contract Tower,30,20,26,4,80,0,0,48,0,48,30,20,74,4,128,120,0,120,248
06/21/2023,GPI,MT,ANM,WE,Federal Contract Tower,32,26,23,0,81,0,0,52,0,52,32,26,75,0,133,40,0,40,173
06/22/2023,GPI,MT,ANM,WE,Federal Contract Tower,30,16,18,0,64,0,1,91,0,92,30,17,109,0,156,86,0,86,242
06/23/2023,GPI,MT,ANM,WE,Federal Contract Tower,27,15,30,0,72,0,0,53,0,53,27,15,83,0,125,30,0,30,155
06/24/2023,GPI,MT,ANM,WE,Federal Contract Tower,39,5,17,1,62,0,0,44,2,46,39,5,61,3,108,16,4,20,128
06/25/2023,GPI,MT,ANM,WE,Federal Contract Tower,31,10,18,0,59,0,0,47,1,48,31,10,65,1,107,14,0,14,121
06/26/2023,GPI,MT,ANM,WE,Federal Contract Tower,27,11,20,1,59,0,0,50,0,50,27,11,70,1,109,52,0,52,161
06/27/2023,GPI,MT,ANM,WE,Federal Contract Tower,24,20,15,2,61,0,2,51,0,53,24,22,66,2,114,44,0,44,158
06/28/2023,GPI,MT,ANM,WE,Federal Contract Tower,34,22,24,4,84,0,0,33,3,36,34,22,57,7,120,12,6,18,138
06/29/2023,GPI,MT,ANM,WE,Federal Contract Tower,27,19,30,0,76,0,0,74,0,74,27,19,104,0,150,44,0,44,194
06/30/2023,GPI,MT,ANM,WE,Federal Contract Tower,28,15,58,0,101,0,3,65,0,68,28,18,123,0,169,22,0,22,191
07/01/2023,GPI,MT,ANM,WE,Federal Contract Tower,41,21,21,0,83,0,0,67,0,67,41,21,88,0,150,26,0,26,176
07/02/2023,GPI,MT,ANM,WE,Federal Contract Tower,36,17,34,0,87,0,0,61,0,61,36,17,95,0,148,2,0,2,150
07/03/2023,GPI,MT,ANM,WE,Federal Contract Tower,27,17,15,0,59,0,0,72,0,72,27,17,87,0,131,14,0,14,145
07/04/2023,GPI,MT,ANM,WE,Federal Contract Tower,26,5,16,0,47,0,1,42,0,43,26,6,58,0,90,4,0,4,94
07/05/2023,GPI,MT,ANM,WE,Federal Contract Tower,35,29,36,0,100,0,1,57,2,60,35,30,93,2,160,32,2,34,194
07/06/2023,GPI,MT,ANM,WE,Federal Contract Tower,33,23,25,0,81,0,0,70,0,70,33,23,95,0,151,48,0,48,199
07/07/2023,GPI,MT,ANM,WE,Federal Contract Tower,31,17,30,1,79,0,0,52,0,52,31,17,82,1,131,54,0,54,185
07/08/2023,GPI,MT,ANM,WE,Federal Contract Tower,44,19,19,4,86,0,1,51,1,53,44,20,70,5,139,42,2,44,183
07/09/2023,GPI,MT,ANM,WE,Federal Contract Tower,39,23,26,2,90,0,3,42,1,46,39,26,68,3,136,8,0,8,144
07/10/2023,GPI,MT,ANM,WE,Federal Contract Tower,27,14,23,3,67,0,0,42,0,42,27,14,65,3,109,26,0,26,135
07/11/2023,GPI,MT,ANM,WE,Federal Contract Tower,31,14,20,1,66,0,3,40,2,45,31,17,60,3,111,32,0,32,143
07/12/2023,GPI,MT,ANM,WE,Federal Contract Tower,35,21,27,3,86,0,1,58,3,62,35,22,85,6,148,28,36,64,212
07/13/2023,GPI,MT,ANM,WE,Federal Contract Tower,36,28,49,1,114,0,0,55,1,56,36,28,104,2,170,8,0,8,178
07/14/2023,GPI,MT,ANM,WE,Federal Contract Tower,31,27,42,4,104,0,1,87,2,90,31,28,129,6,194,26,0,26,220
07/15/2023,GPI,MT,ANM,WE,Federal Contract Tower,45,18,27,2,92,0,0,84,8,92,45,18,111,10,184,20,0,20,204
07/16/2023,GPI,MT,ANM,WE,Federal Contract Tower,44,23,36,0,103,0,0,83,4,87,44,23,119,4,190,30,0,30,220
07/17/2023,GPI,MT,ANM,WE,Federal Contract Tower,32,39,43,0,114,1,6,34,0,41,33,45,77,0,155,0,0,0,155
07/18/2023,GPI,MT,ANM,WE,Federal Contract Tower,29,17,28,1,75,0,3,54,2,59,29,20,82,3,134,14,0,14,148
07/19/2023,GPI,MT,ANM,WE,Federal Contract Tower,38,25,18,1,82,0,0,69,1,70,38,25,87,2,152,28,34,62,214
07/20/2023,GPI,MT,ANM,WE,Federal Contract Tower,34,29,32,6,101,0,1,67,5,73,34,30,99,11,174,20,26,46,220
07/21/2023,GPI,MT,ANM,WE,Federal Contract Tower,33,25,32,1,91,0,0,66,0,66,33,25,98,1,157,12,0,12,169
07/22/2023,GPI,MT,ANM,WE,Federal Contract Tower,46,20,14,4,84,0,1,67,1,69,46,21,81,5,153,38,0,38,191
07/23/2023,GPI,MT,ANM,WE,Federal Contract Tower,43,24,39,0,106,0,0,77,3,80,43,24,116,3,186,8,0,8,194
07/24/2023,GPI,MT,ANM,WE,Federal Contract Tower,33,22,26,3,84,0,2,39,2,43,33,24,65,5,127,4,0,4,131
07/25/2023,GPI,MT,ANM,WE,Federal Contract Tower,30,12,25,0,67,0,0,44,0,44,30,12,69,0,111,8,0,8,119
07/26/2023,GPI,MT,ANM,WE,Federal Contract Tower,36,23,23,0,82,0,0,67,0,67,36,23,90,0,149,66,0,66,215
07/27/2023,GPI,MT,ANM,WE,Federal Contract Tower,34,22,40,1,97,0,0,106,7,113,34,22,146,8,210,42,28,70,280
07/28/2023,GPI,MT,ANM,WE,Federal Contract Tower,29,14,25,0,68,0,0,78,0,78,29,14,103,0,146,24,0,24,170
07/29/2023,GPI,MT,ANM,WE,Federal Contract Tower,47,20,21,0,88,0,0,65,0,65,47,20,86,0,153,30,0,30,183
07/30/2023,GPI,MT,ANM,WE,Federal Contract Tower,37,20,35,2,94,0,1,67,0,68,37,21,102,2,162,12,0,12,174
07/31/2023,GPI,MT,ANM,WE,Federal Contract Tower,33,25,24,3,85,0,7,57,3,67,33,32,81,6,152,42,18,60,212
08/01/2023,GPI,MT,ANM,WE,Federal Contract Tower,34,28,28,2,92,0,5,68,0,73,34,33,96,2,165,74,0,74,239
08/02/2023,GPI,MT,ANM,WE,Federal Contract Tower,36,18,20,0,74,0,10,66,0,76,36,28,86,0,150,0,0,0,150
08/03/2023,GPI,MT,ANM,WE,Federal Contract Tower,34,18,31,1,84,0,8,55,0,63,34,26,86,1,147,20,0,20,167
08/04/2023,GPI,MT,ANM,WE,Federal Contract Tower,33,27,34,2,96,0,9,10,0,19,33,36,44,2,115,0,0,0,115
08/05/2023,GPI,MT,ANM,WE,Federal Contract Tower,47,12,27,0,86,0,14,24,0,38,47,26,51,0,124,12,0,12,136
08/06/2023,GPI,MT,ANM,WE,Federal Contract Tower,37,15,34,0,86,0,9,44,0,53,37,24,78,0,139,0,0,0,139
08/07/2023,GPI,MT,ANM,WE,Federal Contract Tower,34,10,22,0,66,0,2,43,0,45,34,12,65,0,111,40,0,40,151
08/08/2023,GPI,MT,ANM,WE,Federal Contract Tower,33,18,19,0,70,0,1,51,0,52,33,19,70,0,122,2,0,2,124
08/09/2023,GPI,MT,ANM,WE,Federal Contract Tower,39,18,29,0,86,0,5,40,0,45,39,23,69,0,131,30,0,30,161
08/10/2023,GPI,MT,ANM,WE,Federal Contract Tower,35,23,26,0,84,0,8,55,0,63,35,31,81,0,147,44,0,44,191
08/11/2023,GPI,MT,ANM,WE,Federal Contract Tower,32,29,29,3,93,0,8,49,0,57,32,37,78,3,150,58,0,58,208
08/12/2023,GPI,MT,ANM,WE,Federal Contract Tower,47,14,27,2,90,0,1,66,0,67,47,15,93,2,157,68,0,68,225
08/13/2023,GPI,MT,ANM,WE,Federal Contract Tower,40,35,35,1,111,0,7,58,0,65,40,42,93,1,176,30,0,30,206
08/14/2023,GPI,MT,ANM,WE,Federal Contract Tower,31,13,20,0,64,0,22,68,0,90,31,35,88,0,154,60,0,60,214
08/15/2023,GPI,MT,ANM,WE,Federal Contract Tower,33,24,27,0,84,0,16,49,0,65,33,40,76,0,149,24,0,24,173
08/16/2023,GPI,MT,ANM,WE,Federal Contract Tower,33,24,21,0,78,0,10,61,0,71,33,34,82,0,149,10,0,10,159
08/17/2023,GPI,MT,ANM,WE,Federal Contract Tower,29,31,31,1,92,0,0,38,1,39,29,31,69,2,131,0,0,0,131
08/19/2023,GPI,MT,ANM,WE,Federal Contract Tower,43,27,30,2,102,0,1,8,0,9,43,28,38,2,111,0,0,0,111
08/20/2023,GPI,MT,ANM,WE,Federal Contract Tower,36,18,29,0,83,0,16,36,0,52,36,34,65,0,135,32,0,32,167
08/21/2023,GPI,MT,ANM,WE,Federal Contract Tower,33,16,25,0,74,0,0,22,0,22,33,16,47,0,96,14,0,14,110
08/22/2023,GPI,MT,ANM,WE,Federal Contract Tower,35,17,20,0,72,0,1,19,0,20,35,18,39,0,92,36,0,36,128
08/23/2023,GPI,MT,ANM,WE,Federal Contract Tower,31,20,26,0,77,0,7,53,0,60,31,27,79,0,137,26,0,26,163
08/24/2023,GPI,MT,ANM,WE,Federal Contract Tower,33,20,46,5,104,0,1,82,0,83,33,21,128,5,187,94,12,106,293
08/25/2023,GPI,MT,ANM,WE,Federal Contract Tower,34,20,35,0,89,0,5,71,0,76,34,25,106,0,165,22,0,22,187
08/26/2023,GPI,MT,ANM,WE,Federal Contract Tower,42,22,14,0,78,0,1,58,0,59,42,23,72,0,137,56,0,56,193
08/27/2023,GPI,MT,ANM,WE,Federal Contract Tower,38,19,12,0,69,0,1,46,0,47,38,20,58,0,116,2,0,2,118
08/28/2023,GPI,MT,ANM,WE,Federal Contract Tower,33,10,14,0,57,0,0,77,0,77,33,10,91,0,134,54,0,54,188
08/29/2023,GPI,MT,ANM,WE,Federal Contract Tower,33,18,17,0,68,0,4,51,2,57,33,22,68,2,125,36,0,36,161
08/30/2023,GPI,MT,ANM,WE,Federal Contract Tower,33,22,26,0,81,0,1,6,0,7,33,23,32,0,88,0,0,0,88
