01/01/2000,GPT,MS,ASO,CE,Towers with Radar,8,9,14,0,31,10,11,16,0,37,18,20,30,0,68,28,0,28,96
01/02/2000,GPT,MS,ASO,CE,Towers with Radar,26,18,42,2,88,1,0,21,0,22,27,18,63,2,110,64,0,64,174
01/03/2000,GPT,MS,ASO,CE,Towers with Radar,19,23,36,6,84,0,0,2,1,3,19,23,38,7,87,0,6,6,93
01/04/2000,GPT,MS,ASO,CE,Towers with Radar,24,21,41,22,108,0,0,12,4,16,24,21,53,26,124,32,42,74,198
01/05/2000,GPT,MS,ASO,CE,Towers with Radar,25,21,64,18,128,0,0,58,4,62,25,21,122,22,190,106,52,158,348
01/06/2000,GPT,MS,ASO,CE,Towers with Radar,21,24,32,16,93,0,0,36,1,37,21,24,68,17,130,103,13,116,246
01/07/2000,GPT,MS,ASO,CE,Towers with Radar,26,20,29,51,126,0,0,42,3,45,26,20,71,54,171,22,59,81,252
01/08/2000,GPT,MS,ASO,CE,Towers with Radar,21,21,18,46,106,0,0,30,3,33,21,21,48,49,139,120,60,180,319
01/09/2000,GPT,MS,ASO,CE,Towers with Radar,25,20,19,12,76,0,0,1,1,2,25,20,20,13,78,0,0,0,78
01/10/2000,GPT,MS,ASO,CE,Towers with Radar,22,20,43,41,126,0,0,41,2,43,22,20,84,43,169,85,78,163,332
01/11/2000,GPT,MS,ASO,CE,Towers with Radar,22,22,55,59,158,0,0,28,2,30,22,22,83,61,188,59,137,196,384
01/12/2000,GPT,MS,ASO,CE,Towers with Radar,20,26,50,40,136,0,0,41,1,42,20,26,91,41,178,102,38,140,318
01/13/2000,GPT,MS,ASO,CE,Towers with Radar,25,21,44,39,129,0,0,30,6,36,25,21,74,45,165,58,14,72,237
01/14/2000,GPT,MS,ASO,CE,Towers with Radar,24,23,62,67,176,0,0,62,2,64,24,23,124,69,240,97,85,182,422
01/15/2000,GPT,MS,ASO,CE,Towers with Radar,26,21,14,26,87,0,0,66,1,67,26,21,80,27,154,73,22,95,249
01/16/2000,GPT,MS,ASO,CE,Towers with Radar,24,22,30,2,78,0,0,78,0,78,24,22,108,2,156,24,0,24,180
01/17/2000,GPT,MS,ASO,CE,Towers with Radar,19,17,29,11,76,6,4,60,0,70,25,21,89,11,146,86,14,100,246
01/18/2000,GPT,MS,ASO,CE,Towers with Radar,25,24,55,42,146,0,0,40,4,44,25,24,95,46,190,136,76,212,402
01/19/2000,GPT,MS,ASO,CE,Towers with Radar,24,23,52,45,144,0,0,22,42,64,24,23,74,87,208,124,170,294,502
01/20/2000,GPT,MS,ASO,CE,Towers with Radar,25,21,45,79,170,0,0,30,7,37,25,21,75,86,207,10,124,134,341
01/21/2000,GPT,MS,ASO,CE,Towers with Radar,27,23,61,65,176,0,0,60,3,63,27,23,121,68,239,95,138,233,472
01/22/2000,GPT,MS,ASO,CE,Towers with Radar,26,16,23,27,92,0,0,33,3,36,26,16,56,30,128,57,48,105,233
01/23/2000,GPT,MS,ASO,CE,Towers with Radar,30,20,30,6,86,0,0,6,0,6,30,20,36,6,92,28,0,28,120
01/24/2000,GPT,MS,ASO,CE,Towers with Radar,25,21,38,38,122,0,0,15,3,18,25,21,53,41,140,8,114,122,262
01/25/2000,GPT,MS,ASO,CE,Towers with Radar,24,23,43,52,142,0,0,39,6,45,24,23,82,58,187,130,136,266,453
01/26/2000,GPT,MS,ASO,CE,Towers with Radar,32,22,35,48,137,0,0,57,5,62,32,22,92,53,199,157,64,221,420
01/27/2000,GPT,MS,ASO,CE,Towers with Radar,24,22,26,35,107,0,0,11,9,20,24,22,37,44,127,70,92,162,289
01/28/2000,GPT,MS,ASO,CE,Towers with Radar,21,18,16,9,64,0,0,0,0,0,21,18,16,9,64,0,8,8,72
01/29/2000,GPT,MS,ASO,CE,Towers with Radar,18,11,20,0,49,0,0,0,0,0,18,11,20,0,49,2,0,2,51
01/30/2000,GPT,MS,ASO,CE,Towers with Radar,27,18,30,0,75,0,0,22,0,22,27,18,52,0,97,50,0,50,147
01/31/2000,GPT,MS,ASO,CE,Towers with Radar,21,22,28,24,95,0,0,45,6,51,21,22,73,30,146,104,34,138,284
02/01/2000,GPT,MS,ASO,CE,Towers with Radar,21,21,46,37,125,1,0,31,3,35,22,21,77,40,160,137,148,285,445
02/02/2000,GPT,MS,ASO,CE,Towers with Radar,22,19,46,37,124,0,0,34,6,40,22,19,80,43,164,34,218,252,416
02/03/2000,GPT,MS,ASO,CE,Towers with Radar,23,22,51,59,155,0,0,41,12,53,23,22,92,71,208,86,223,309,517
02/04/2000,GPT,MS,ASO,CE,Towers with Radar,24,21,45,38,128,0,0,86,13,99,24,21,131,51,227,47,83,130,357
02/05/2000,GPT,MS,ASO,CE,Towers with Radar,29,16,29,21,95,0,0,64,10,74,29,16,93,31,169,34,36,70,239
02/06/2000,GPT,MS,ASO,CE,Towers with Radar,32,23,43,13,111,0,0,75,3,78,32,23,118,16,189,60,34,94,283
02/07/2000,GPT,MS,ASO,CE,Towers with Radar,26,23,30,63,142,0,0,35,3,38,26,23,65,66,180,82,241,323,503
02/08/2000,GPT,MS,ASO,CE,Towers with Radar,24,22,52,54,152,0,1,36,5,42,24,23,88,59,194,128,176,304,498
02/09/2000,GPT,MS,ASO,CE,Towers with Radar,22,23,34,47,126,0,0,54,5,59,22,23,88,52,185,94,80,174,359
02/10/2000,GPT,MS,ASO,CE,Towers with Radar,24,24,29,61,138,0,0,44,6,50,24,24,73,67,188,47,113,160,348
02/11/2000,GPT,MS,ASO,CE,Towers with Radar,29,27,54,47,157,0,4,22,18,44,29,31,76,65,201,74,150,224,425
02/12/2000,GPT,MS,ASO,CE,Towers with Radar,19,15,30,25,89,8,4,24,11,47,27,19,54,36,136,65,53,118,254
02/13/2000,GPT,MS,ASO,CE,Towers with Radar,24,19,39,21,103,1,2,8,0,11,25,21,47,21,114,0,8,8,122
02/14/2000,GPT,MS,ASO,CE,Towers with Radar,27,21,43,35,126,0,6,22,15,43,27,27,65,50,169,86,121,207,376
02/15/2000,GPT,MS,ASO,CE,Towers with Radar,25,22,52,43,142,0,0,30,32,62,25,22,82,75,204,28,168,196,400
02/16/2000,GPT,MS,ASO,CE,Towers with Radar,22,21,50,42,135,0,0,15,11,26,22,21,65,53,161,26,124,150,311
02/17/2000,GPT,MS,ASO,CE,Towers with Radar,25,17,39,25,106,3,0,12,0,15,28,17,51,25,121,7,22,29,150
02/18/2000,GPT,MS,ASO,CE,Towers with Radar,27,21,42,19,109,2,3,36,0,41,29,24,78,19,150,49,30,79,229
02/19/2000,GPT,MS,ASO,CE,Towers with Radar,19,14,29,4,66,13,6,69,0,88,32,20,98,4,154,50,4,54,208
02/20/2000,GPT,MS,ASO,CE,Towers with Radar,19,15,29,4,67,17,6,75,0,98,36,21,104,4,165,23,3,26,191
02/21/2000,GPT,MS,ASO,CE,Towers with Radar,18,14,28,18,78,10,7,37,0,54,28,21,65,18,132,35,26,61,193
02/22/2000,GPT,MS,ASO,CE,Towers with Radar,29,21,48,34,132,0,0,72,0,72,29,21,120,34,204,64,79,143,347
02/23/2000,GPT,MS,ASO,CE,Towers with Radar,21,22,53,45,141,0,0,17,9,26,21,22,70,54,167,30,48,78,245
02/24/2000,GPT,MS,ASO,CE,Towers with Radar,26,19,52,44,141,0,0,27,10,37,26,19,79,54,178,45,117,162,340
02/25/2000,GPT,MS,ASO,CE,Towers with Radar,34,25,58,50,167,0,0,39,18,57,34,25,97,68,224,38,123,161,385
02/26/2000,GPT,MS,ASO,CE,Towers with Radar,18,14,28,3,63,8,11,52,0,71,26,25,80,3,134,57,30,87,221
02/27/2000,GPT,MS,ASO,CE,Towers with Radar,27,18,42,28,115,2,0,85,0,87,29,18,127,28,202,99,30,129,331
02/28/2000,GPT,MS,ASO,CE,Towers with Radar,30,22,51,44,147,0,0,34,23,57,30,22,85,67,204,83,154,237,441
02/29/2000,GPT,MS,ASO,CE,Towers with Radar,29,21,53,46,149,0,0,66,6,72,29,21,119,52,221,95,108,203,424
03/01/2000,GPT,MS,ASO,CE,Towers with Radar,19,15,38,56,128,8,0,9,27,44,27,15,47,83,172,0,0,0,172
03/02/2000,GPT,MS,ASO,CE,Towers with Radar,21,19,38,38,116,0,0,13,6,19,21,19,51,44,135,50,49,99,234
03/03/2000,GPT,MS,ASO,CE,Towers with Radar,22,14,12,6,54,0,0,0,0,0,22,14,12,6,54,30,0,30,84
03/04/2000,GPT,MS,ASO,CE,Towers with Radar,24,19,25,7,75,0,5,38,21,64,24,24,63,28,139,159,26,185,324
03/05/2000,GPT,MS,ASO,CE,Towers with Radar,25,18,48,20,111,0,1,18,72,91,25,19,66,92,202,88,102,190,392
03/06/2000,GPT,MS,ASO,CE,Towers with Radar,25,19,39,55,138,0,7,46,7,60,25,26,85,62,198,118,66,184,382
03/07/2000,GPT,MS,ASO,CE,Towers with Radar,24,19,36,80,159,2,0,59,27,88,26,19,95,107,247,130,145,275,522
03/08/2000,GPT,MS,ASO,CE,Towers with Radar,23,22,46,40,131,3,2,39,87,131,26,24,85,127,262,153,123,276,538
03/09/2000,GPT,MS,ASO,CE,Towers with Radar,27,22,42,54,145,0,0,16,25,41,27,22,58,79,186,12,57,69,255
03/10/2000,GPT,MS,ASO,CE,Towers with Radar,23,21,56,15,115,5,1,53,15,74,28,22,109,30,189,127,3,130,319
03/11/2000,GPT,MS,ASO,CE,Towers with Radar,13,11,19,17,60,18,10,79,11,118,31,21,98,28,178,92,4,96,274
03/12/2000,GPT,MS,ASO,CE,Towers with Radar,23,15,21,11,70,0,0,0,0,0,23,15,21,11,70,0,0,0,70
03/13/2000,GPT,MS,ASO,CE,Towers with Radar,24,19,30,42,115,2,0,77,35,114,26,19,107,77,229,143,58,201,430
03/14/2000,GPT,MS,ASO,CE,Towers with Radar,24,17,46,35,122,7,0,18,0,25,31,17,64,35,147,65,55,120,267
03/15/2000,GPT,MS,ASO,CE,Towers with Radar,22,20,46,4,92,8,0,33,93,134,30,20,79,97,226,67,115,182,408
03/16/2000,GPT,MS,ASO,CE,Towers with Radar,24,19,32,71,146,0,0,82,0,82,24,19,114,71,228,55,58,113,341
03/17/2000,GPT,MS,ASO,CE,Towers with Radar,27,24,45,26,122,0,0,24,0,24,27,24,69,26,146,76,0,76,222
03/18/2000,GPT,MS,ASO,CE,Towers with Radar,16,14,22,16,68,11,6,72,0,89,27,20,94,16,157,68,11,79,236
03/19/2000,GPT,MS,ASO,CE,Towers with Radar,24,15,30,0,69,0,3,9,61,73,24,18,39,61,142,23,2,25,167
03/20/2000,GPT,MS,ASO,CE,Towers with Radar,26,16,29,38,109,0,0,25,68,93,26,16,54,106,202,23,99,122,324
03/21/2000,GPT,MS,ASO,CE,Towers with Radar,24,17,66,46,153,4,0,30,0,34,28,17,96,46,187,59,42,101,288
03/22/2000,GPT,MS,ASO,CE,Towers with Radar,25,19,50,67,161,1,0,63,15,79,26,19,113,82,240,93,127,220,460
03/23/2000,GPT,MS,ASO,CE,Towers with Radar,26,23,50,48,147,0,0,75,47,122,26,23,125,95,269,119,72,191,460
03/24/2000,GPT,MS,ASO,CE,Towers with Radar,25,18,50,34,127,0,0,16,0,16,25,18,66,34,143,37,15,52,195
03/25/2000,GPT,MS,ASO,CE,Towers with Radar,19,15,29,24,87,10,0,33,0,43,29,15,62,24,130,67,31,98,228
03/26/2000,GPT,MS,ASO,CE,Towers with Radar,28,16,33,1,78,0,3,33,37,73,28,19,66,38,151,23,31,54,205
03/27/2000,GPT,MS,ASO,CE,Towers with Radar,26,18,39,37,120,2,0,23,97,122,28,18,62,134,242,96,157,253,495
03/28/2000,GPT,MS,ASO,CE,Towers with Radar,26,21,43,50,140,0,0,1,51,52,26,21,44,101,192,0,92,92,284
03/29/2000,GPT,MS,ASO,CE,Towers with Radar,25,19,35,32,111,1,0,1,54,56,26,19,36,86,167,44,59,103,270
03/30/2000,GPT,MS,ASO,CE,Towers with Radar,24,21,29,48,122,0,0,45,54,99,24,21,74,102,221,143,55,198,419
03/31/2000,GPT,MS,ASO,CE,Towers with Radar,24,19,45,29,117,0,0,42,0,42,24,19,87,29,159,135,29,164,323
04/01/2000,GPT,MS,ASO,CE,Towers with Radar,21,23,33,15,92,6,0,59,8,73,27,23,92,23,165,85,10,95,260
04/02/2000,GPT,MS,ASO,CE,Towers with Radar,25,20,43,7,95,0,0,11,49,60,25,20,54,56,155,32,47,79,234
04/03/2000,GPT,MS,ASO,CE,Towers with Radar,10,7,17,20,54,16,15,23,36,90,26,22,40,56,144,101,12,113,257
04/04/2000,GPT,MS,ASO,CE,Towers with Radar,25,20,31,43,119,0,0,0,19,19,25,20,31,62,138,28,12,40,178
04/05/2000,GPT,MS,ASO,CE,Towers with Radar,27,20,44,46,137,0,6,53,32,91,27,26,97,78,228,100,20,120,348
04/06/2000,GPT,MS,ASO,CE,Towers with Radar,25,20,54,57,156,0,0,14,3,17,25,20,68,60,173,84,10,94,267
04/07/2000,GPT,MS,ASO,CE,Towers with Radar,22,20,44,6,92,0,5,20,0,25,22,25,64,6,117,123,0,123,240
04/08/2000,GPT,MS,ASO,CE,Towers with Radar,15,11,25,22,73,14,13,21,0,48,29,24,46,22,121,54,0,54,175
04/09/2000,GPT,MS,ASO,CE,Towers with Radar,25,17,42,12,96,0,4,27,32,63,25,21,69,44,159,90,35,125,284
04/10/2000,GPT,MS,ASO,CE,Towers with Radar,23,18,40,43,124,1,5,38,34,78,24,23,78,77,202,130,83,213,415
04/11/2000,GPT,MS,ASO,CE,Towers with Radar,22,15,51,34,122,4,7,37,0,48,26,22,88,34,170,9,28,37,207
04/12/2000,GPT,MS,ASO,CE,Towers with Radar,24,21,46,49,140,0,3,3,41,47,24,24,49,90,187,41,0,41,228
04/13/2000,GPT,MS,ASO,CE,Towers with Radar,25,18,52,29,124,0,0,4,0,4,25,18,56,29,128,144,6,150,278
04/14/2000,GPT,MS,ASO,CE,Towers with Radar,25,19,40,4,88,0,3,27,0,30,25,22,67,4,118,42,0,42,160
04/15/2000,GPT,MS,ASO,CE,Towers with Radar,19,14,27,4,64,8,7,0,0,15,27,21,27,4,79,4,0,4,83
04/16/2000,GPT,MS,ASO,CE,Towers with Radar,23,19,38,11,91,0,2,15,37,54,23,21,53,48,145,66,74,140,285
04/17/2000,GPT,MS,ASO,CE,Towers with Radar,22,18,34,40,114,3,7,34,54,98,25,25,68,94,212,32,53,85,297
04/18/2000,GPT,MS,ASO,CE,Towers with Radar,20,20,38,74,152,5,3,48,4,60,25,23,86,78,212,101,108,209,421
04/19/2000,GPT,MS,ASO,CE,Towers with Radar,24,24,61,52,161,0,0,27,0,27,24,24,88,52,188,95,73,168,356
04/20/2000,GPT,MS,ASO,CE,Towers with Radar,25,24,55,54,158,0,0,4,0,4,25,24,59,54,162,12,6,18,180
04/21/2000,GPT,MS,ASO,CE,Towers with Radar,24,21,33,28,106,1,2,36,0,39,25,23,69,28,145,44,48,92,237
04/22/2000,GPT,MS,ASO,CE,Towers with Radar,21,18,29,11,79,10,4,35,1,50,31,22,64,12,129,4,5,9,138
04/23/2000,GPT,MS,ASO,CE,Towers with Radar,25,19,21,9,74,0,1,35,42,78,25,20,56,51,152,58,7,65,217
04/24/2000,GPT,MS,ASO,CE,Towers with Radar,25,16,14,15,70,0,9,24,0,33,25,25,38,15,103,0,0,0,103
04/25/2000,GPT,MS,ASO,CE,Towers with Radar,25,17,35,41,118,1,5,56,36,98,26,22,91,77,216,57,133,190,406
04/26/2000,GPT,MS,ASO,CE,Towers with Radar,26,19,41,45,131,0,3,50,38,91,26,22,91,83,222,68,101,169,391
04/27/2000,GPT,MS,ASO,CE,Towers with Radar,22,22,49,53,146,0,0,61,20,81,22,22,110,73,227,111,58,169,396
04/28/2000,GPT,MS,ASO,CE,Towers with Radar,28,21,46,29,124,0,7,50,0,57,28,28,96,29,181,102,5,107,288
04/29/2000,GPT,MS,ASO,CE,Towers with Radar,20,14,30,4,68,8,8,83,0,99,28,22,113,4,167,71,18,89,256
04/30/2000,GPT,MS,ASO,CE,Towers with Radar,27,17,39,15,98,0,3,21,20,44,27,20,60,35,142,12,45,57,199
05/01/2000,GPT,MS,ASO,CE,Towers with Radar,25,16,47,44,132,1,1,44,2,48,26,17,91,46,180,118,78,196,376
05/02/2000,GPT,MS,ASO,CE,Towers with Radar,23,13,41,42,119,2,1,21,4,28,25,14,62,46,147,11,89,100,247
05/03/2000,GPT,MS,ASO,CE,Towers with Radar,24,18,49,45,136,1,2,18,0,21,25,20,67,45,157,107,112,219,376
05/04/2000,GPT,MS,ASO,CE,Towers with Radar,25,14,57,53,149,0,0,24,15,39,25,14,81,68,188,131,124,255,443
05/05/2000,GPT,MS,ASO,CE,Towers with Radar,29,20,56,53,158,2,0,55,1,58,31,20,111,54,216,94,38,132,348
05/06/2000,GPT,MS,ASO,CE,Towers with Radar,18,18,34,29,99,2,1,45,0,48,20,19,79,29,147,100,42,142,289
05/07/2000,GPT,MS,ASO,CE,Towers with Radar,21,15,42,22,100,10,3,75,0,88,31,18,117,22,188,86,12,98,286
05/08/2000,GPT,MS,ASO,CE,Towers with Radar,25,17,44,68,154,2,1,33,0,36,27,18,77,68,190,116,172,288,478
05/09/2000,GPT,MS,ASO,CE,Towers with Radar,23,22,67,99,211,2,1,42,11,56,25,23,109,110,267,46,179,225,492
05/10/2000,GPT,MS,ASO,CE,Towers with Radar,28,17,61,57,163,0,0,38,27,65,28,17,99,84,228,46,129,175,403
05/11/2000,GPT,MS,ASO,CE,Towers with Radar,25,23,63,57,168,0,1,36,14,51,25,24,99,71,219,72,113,185,404
05/12/2000,GPT,MS,ASO,CE,Towers with Radar,27,19,57,49,152,0,0,40,0,40,27,19,97,49,192,122,81,203,395
05/13/2000,GPT,MS,ASO,CE,Towers with Radar,23,16,26,10,75,2,0,24,0,26,25,16,50,10,101,16,0,16,117
05/14/2000,GPT,MS,ASO,CE,Towers with Radar,28,20,40,16,104,2,0,28,4,34,30,20,68,20,138,20,2,22,160
05/15/2000,GPT,MS,ASO,CE,Towers with Radar,28,18,39,20,105,2,2,45,2,51,30,20,84,22,156,72,97,169,325
05/16/2000,GPT,MS,ASO,CE,Towers with Radar,20,17,44,40,121,2,1,40,6,49,22,18,84,46,170,118,46,164,334
05/17/2000,GPT,MS,ASO,CE,Towers with Radar,27,19,52,49,147,0,4,26,15,45,27,23,78,64,192,164,151,315,507
05/18/2000,GPT,MS,ASO,CE,Towers with Radar,26,21,62,58,167,0,0,19,29,48,26,21,81,87,215,46,165,211,426
05/19/2000,GPT,MS,ASO,CE,Towers with Radar,30,18,56,44,148,3,0,62,0,65,33,18,118,44,213,156,20,176,389
05/20/2000,GPT,MS,ASO,CE,Towers with Radar,24,21,48,24,117,1,1,38,0,40,25,22,86,24,157,44,84,128,285
05/21/2000,GPT,MS,ASO,CE,Towers with Radar,26,21,58,11,116,1,1,37,0,39,27,22,95,11,155,4,24,28,183
05/22/2000,GPT,MS,ASO,CE,Towers with Radar,26,17,44,33,120,1,1,50,0,52,27,18,94,33,172,123,17,140,312
05/23/2000,GPT,MS,ASO,CE,Towers with Radar,20,18,43,83,164,1,1,61,8,71,21,19,104,91,235,115,178,293,528
05/24/2000,GPT,MS,ASO,CE,Towers with Radar,24,21,57,53,155,0,0,16,21,37,24,21,73,74,192,54,79,133,325
05/25/2000,GPT,MS,ASO,CE,Towers with Radar,23,17,60,56,156,0,0,36,25,61,23,17,96,81,217,97,151,248,465
05/26/2000,GPT,MS,ASO,CE,Towers with Radar,24,17,45,19,105,0,3,36,0,39,24,20,81,19,144,50,2,52,196
05/27/2000,GPT,MS,ASO,CE,Towers with Radar,13,6,22,0,41,11,10,47,0,68,24,16,69,0,109,32,0,32,141
05/28/2000,GPT,MS,ASO,CE,Towers with Radar,27,17,32,7,83,0,1,31,0,32,27,18,63,7,115,70,0,70,185
05/29/2000,GPT,MS,ASO,CE,Towers with Radar,29,18,39,2,88,0,1,62,0,63,29,19,101,2,151,89,0,89,240
05/30/2000,GPT,MS,ASO,CE,Towers with Radar,23,21,29,47,120,0,4,42,3,49,23,25,71,50,169,51,110,161,330
05/31/2000,GPT,MS,ASO,CE,Towers with Radar,28,16,53,50,147,0,0,11,12,23,28,16,64,62,170,20,182,202,372
06/01/2000,GPT,MS,ASO,CE,Towers with Radar,24,19,53,55,151,1,1,62,6,70,25,20,115,61,221,124,137,261,482
06/02/2000,GPT,MS,ASO,CE,Towers with Radar,31,16,49,57,153,0,0,43,1,44,31,16,92,58,197,124,123,247,444
06/03/2000,GPT,MS,ASO,CE,Towers with Radar,25,14,34,46,119,0,1,53,0,54,25,15,87,46,173,106,97,203,376
06/04/2000,GPT,MS,ASO,CE,Towers with Radar,27,18,23,18,86,0,1,32,3,36,27,19,55,21,122,58,2,60,182
06/05/2000,GPT,MS,ASO,CE,Towers with Radar,27,18,39,19,103,1,0,16,7,24,28,18,55,26,127,36,48,84,211
06/06/2000,GPT,MS,ASO,CE,Towers with Radar,25,17,57,21,120,1,0,30,10,41,26,17,87,31,161,25,43,68,229
06/07/2000,GPT,MS,ASO,CE,Towers with Radar,24,18,47,55,144,0,0,56,43,99,24,18,103,98,243,245,181,426,669
06/08/2000,GPT,MS,ASO,CE,Towers with Radar,25,21,49,57,152,0,0,34,23,57,25,21,83,80,209,50,100,150,359
06/09/2000,GPT,MS,ASO,CE,Towers with Radar,29,18,69,49,165,1,0,34,5,40,30,18,103,54,205,42,16,58,263
06/10/2000,GPT,MS,ASO,CE,Towers with Radar,16,11,25,26,78,13,5,38,0,56,29,16,63,26,134,60,51,111,245
06/11/2000,GPT,MS,ASO,CE,Towers with Radar,29,20,36,7,92,1,0,57,4,62,30,20,93,11,154,62,0,62,216
06/12/2000,GPT,MS,ASO,CE,Towers with Radar,31,18,43,58,150,1,0,41,1,43,32,18,84,59,193,157,106,263,456
06/13/2000,GPT,MS,ASO,CE,Towers with Radar,26,18,39,69,152,1,2,40,9,52,27,20,79,78,204,133,144,277,481
06/14/2000,GPT,MS,ASO,CE,Towers with Radar,27,18,47,56,148,0,0,48,14,62,27,18,95,70,210,139,155,294,504
06/15/2000,GPT,MS,ASO,CE,Towers with Radar,27,20,45,53,145,0,3,34,3,40,27,23,79,56,185,75,156,231,416
06/16/2000,GPT,MS,ASO,CE,Towers with Radar,26,18,40,27,111,2,0,42,0,44,28,18,82,27,155,65,59,124,279
06/17/2000,GPT,MS,ASO,CE,Towers with Radar,25,16,30,23,94,1,0,12,0,13,26,16,42,23,107,51,11,62,169
06/18/2000,GPT,MS,ASO,CE,Towers with Radar,26,21,25,9,81,1,0,27,0,28,27,21,52,9,109,0,0,0,109
06/19/2000,GPT,MS,ASO,CE,Towers with Radar,28,24,30,65,147,1,3,26,5,35,29,27,56,70,182,50,105,155,337
06/20/2000,GPT,MS,ASO,CE,Towers with Radar,29,16,45,122,212,1,2,56,12,71,30,18,101,134,283,75,121,196,479
06/21/2000,GPT,MS,ASO,CE,Towers with Radar,32,20,65,75,192,0,0,35,45,80,32,20,100,120,272,165,187,352,624
06/22/2000,GPT,MS,ASO,CE,Towers with Radar,26,22,53,60,161,0,0,37,20,57,26,22,90,80,218,138,86,224,442
06/23/2000,GPT,MS,ASO,CE,Towers with Radar,30,19,59,73,181,1,0,77,10,88,31,19,136,83,269,118,146,264,533
06/24/2000,GPT,MS,ASO,CE,Towers with Radar,18,13,30,14,75,8,9,79,0,96,26,22,109,14,171,110,24,134,305
06/25/2000,GPT,MS,ASO,CE,Towers with Radar,27,20,32,5,84,1,0,47,0,48,28,20,79,5,132,140,0,140,272
06/26/2000,GPT,MS,ASO,CE,Towers with Radar,26,18,39,39,122,0,1,17,7,25,26,19,56,46,147,40,3,43,190
06/27/2000,GPT,MS,ASO,CE,Towers with Radar,29,16,41,62,148,0,1,27,3,31,29,17,68,65,179,73,78,151,330
06/28/2000,GPT,MS,ASO,CE,Towers with Radar,28,18,32,79,157,0,1,43,4,48,28,19,75,83,205,58,124,182,387
06/29/2000,GPT,MS,ASO,CE,Towers with Radar,27,18,34,34,113,0,3,32,7,42,27,21,66,41,155,60,42,102,257
06/30/2000,GPT,MS,ASO,CE,Towers with Radar,27,20,51,44,142,0,1,43,1,45,27,21,94,45,187,90,107,197,384
07/01/2000,GPT,MS,ASO,CE,Towers with Radar,26,16,40,11,93,1,1,43,1,46,27,17,83,12,139,151,0,151,290
07/02/2000,GPT,MS,ASO,CE,Towers with Radar,26,13,22,6,67,3,2,42,0,47,29,15,64,6,114,34,38,72,186
07/03/2000,GPT,MS,ASO,CE,Towers with Radar,21,8,29,21,79,3,2,53,0,58,24,10,82,21,137,117,159,276,413
07/04/2000,GPT,MS,ASO,CE,Towers with Radar,26,12,18,1,57,3,4,37,0,44,29,16,55,1,101,22,0,22,123
07/05/2000,GPT,MS,ASO,CE,Towers with Radar,27,18,44,60,149,0,0,16,16,32,27,18,60,76,181,114,157,271,452
07/06/2000,GPT,MS,ASO,CE,Towers with Radar,22,21,44,60,147,0,4,38,23,65,22,25,82,83,212,20,167,187,399
07/07/2000,GPT,MS,ASO,CE,Towers with Radar,23,24,51,69,167,0,0,49,23,72,23,24,100,92,239,217,182,399,638
07/08/2000,GPT,MS,ASO,CE,Towers with Radar,29,14,27,43,113,3,1,48,3,55,32,15,75,46,168,64,84,148,316
07/09/2000,GPT,MS,ASO,CE,Towers with Radar,26,17,19,30,92,3,1,29,0,33,29,18,48,30,125,2,22,24,149
07/10/2000,GPT,MS,ASO,CE,Towers with Radar,25,18,38,54,135,2,4,32,11,49,27,22,70,65,184,104,103,207,391
07/11/2000,GPT,MS,ASO,CE,Towers with Radar,25,19,37,53,134,3,2,54,2,61,28,21,91,55,195,183,59,242,437
07/12/2000,GPT,MS,ASO,CE,Towers with Radar,28,16,59,82,185,0,0,89,26,115,28,16,148,108,300,241,189,430,730
07/13/2000,GPT,MS,ASO,CE,Towers with Radar,25,16,47,99,187,3,2,54,3,62,28,18,101,102,249,187,309,496,745
07/14/2000,GPT,MS,ASO,CE,Towers with Radar,31,19,54,75,179,0,0,49,20,69,31,19,103,95,248,131,192,323,571
07/15/2000,GPT,MS,ASO,CE,Towers with Radar,21,25,28,47,121,3,0,52,1,56,24,25,80,48,177,178,95,273,450
07/16/2000,GPT,MS,ASO,CE,Towers with Radar,25,19,34,22,100,3,0,41,1,45,28,19,75,23,145,63,11,74,219
07/17/2000,GPT,MS,ASO,CE,Towers with Radar,22,16,32,46,116,2,5,38,8,53,24,21,70,54,169,89,86,175,344
07/18/2000,GPT,MS,ASO,CE,Towers with Radar,25,19,35,51,130,0,0,58,11,69,25,19,93,62,199,177,90,267,466
07/19/2000,GPT,MS,ASO,CE,Towers with Radar,27,19,53,74,173,0,0,86,12,98,27,19,139,86,271,189,207,396,667
07/20/2000,GPT,MS,ASO,CE,Towers with Radar,23,17,40,57,137,2,1,73,0,76,25,18,113,57,213,186,88,274,487
07/21/2000,GPT,MS,ASO,CE,Towers with Radar,27,18,36,51,132,0,1,28,0,29,27,19,64,51,161,88,45,133,294
07/22/2000,GPT,MS,ASO,CE,Towers with Radar,16,11,23,15,65,13,8,38,0,59,29,19,61,15,124,88,55,143,267
07/23/2000,GPT,MS,ASO,CE,Towers with Radar,29,19,37,6,91,2,1,36,0,39,31,20,73,6,130,108,0,108,238
07/24/2000,GPT,MS,ASO,CE,Towers with Radar,26,17,39,87,169,2,1,45,8,56,28,18,84,95,225,170,186,356,581
07/25/2000,GPT,MS,ASO,CE,Towers with Radar,26,22,40,56,144,2,6,58,3,69,28,28,98,59,213,156,116,272,485
07/26/2000,GPT,MS,ASO,CE,Towers with Radar,29,19,50,67,165,0,0,56,9,65,29,19,106,76,230,132,177,309,539
07/27/2000,GPT,MS,ASO,CE,Towers with Radar,24,19,48,77,168,2,1,60,8,71,26,20,108,85,239,191,163,354,593
07/28/2000,GPT,MS,ASO,CE,Towers with Radar,26,19,40,50,135,0,4,74,0,78,26,23,114,50,213,172,119,291,504
07/29/2000,GPT,MS,ASO,CE,Towers with Radar,18,11,24,13,66,10,4,46,0,60,28,15,70,13,126,265,40,305,431
07/30/2000,GPT,MS,ASO,CE,Towers with Radar,29,15,18,3,65,1,2,28,0,31,30,17,46,3,96,24,6,30,126
07/31/2000,GPT,MS,ASO,CE,Towers with Radar,26,17,23,46,112,1,4,15,2,22,27,21,38,48,134,18,144,162,296
08/01/2000,GPT,MS,ASO,CE,Towers with Radar,26,21,52,74,173,1,0,32,7,40,27,21,84,81,213,70,152,222,435
08/02/2000,GPT,MS,ASO,CE,Towers with Radar,25,18,47,67,157,1,0,33,9,43,26,18,80,76,200,151,161,312,512
08/03/2000,GPT,MS,ASO,CE,Towers with Radar,24,20,38,50,132,1,0,31,3,35,25,20,69,53,167,102,90,192,359
08/04/2000,GPT,MS,ASO,CE,Towers with Radar,24,23,54,53,154,1,0,48,7,56,25,23,102,60,210,209,131,340,550
08/05/2000,GPT,MS,ASO,CE,Towers with Radar,29,16,33,8,86,1,0,81,8,90,30,16,114,16,176,184,23,207,383
08/06/2000,GPT,MS,ASO,CE,Towers with Radar,27,19,46,15,107,1,0,51,5,57,28,19,97,20,164,123,50,173,337
08/07/2000,GPT,MS,ASO,CE,Towers with Radar,27,18,53,40,138,1,0,35,6,42,28,18,88,46,180,86,24,110,290
08/08/2000,GPT,MS,ASO,CE,Towers with Radar,27,17,68,45,157,1,0,33,9,43,28,17,101,54,200,59,130,189,389
08/09/2000,GPT,MS,ASO,CE,Towers with Radar,25,21,46,54,146,0,0,42,10,52,25,21,88,64,198,128,133,261,459
08/10/2000,GPT,MS,ASO,CE,Towers with Radar,24,19,40,45,128,0,0,28,4,32,24,19,68,49,160,52,128,180,340
08/11/2000,GPT,MS,ASO,CE,Towers with Radar,30,21,44,72,167,0,0,39,7,46,30,21,83,79,213,120,210,330,543
08/12/2000,GPT,MS,ASO,CE,Towers with Radar,26,19,17,10,72,0,0,44,2,46,26,19,61,12,118,157,53,210,328
08/13/2000,GPT,MS,ASO,CE,Towers with Radar,32,19,28,10,89,0,1,42,1,44,32,20,70,11,133,88,25,113,246
08/14/2000,GPT,MS,ASO,CE,Towers with Radar,27,18,27,33,105,0,0,28,7,35,27,18,55,40,140,55,64,119,259
08/15/2000,GPT,MS,ASO,CE,Towers with Radar,27,18,56,56,157,0,0,45,10,55,27,18,101,66,212,137,105,242,454
08/16/2000,GPT,MS,ASO,CE,Towers with Radar,26,18,52,63,159,0,0,41,7,48,26,18,93,70,207,104,122,226,433
08/17/2000,GPT,MS,ASO,CE,Towers with Radar,24,24,53,51,152,0,0,43,8,51,24,24,96,59,203,136,104,240,443
08/18/2000,GPT,MS,ASO,CE,Towers with Radar,26,20,44,32,122,0,0,57,0,57,26,20,101,32,179,203,112,315,494
08/19/2000,GPT,MS,ASO,CE,Towers with Radar,29,17,47,41,134,0,0,50,2,52,29,17,97,43,186,102,42,144,330
08/20/2000,GPT,MS,ASO,CE,Towers with Radar,29,19,27,8,83,0,0,59,5,64,29,19,86,13,147,58,18,76,223
08/21/2000,GPT,MS,ASO,CE,Towers with Radar,27,20,37,47,131,0,0,44,4,48,27,20,81,51,179,142,164,306,485
08/22/2000,GPT,MS,ASO,CE,Towers with Radar,26,19,43,41,129,0,1,36,9,46,26,20,79,50,175,85,106,191,366
08/23/2000,GPT,MS,ASO,CE,Towers with Radar,27,18,34,31,110,0,0,47,6,53,27,18,81,37,163,134,114,248,411
08/24/2000,GPT,MS,ASO,CE,Towers with Radar,26,19,32,54,131,0,2,48,11,61,26,21,80,65,192,131,92,223,415
08/25/2000,GPT,MS,ASO,CE,Towers with Radar,30,18,48,37,133,0,0,56,2,58,30,18,104,39,191,209,104,313,504
08/26/2000,GPT,MS,ASO,CE,Towers with Radar,26,15,34,12,87,0,0,59,2,61,26,15,93,14,148,250,51,301,449
08/27/2000,GPT,MS,ASO,CE,Towers with Radar,19,13,29,17,78,10,6,46,0,62,29,19,75,17,140,192,11,203,343
08/28/2000,GPT,MS,ASO,CE,Towers with Radar,27,18,29,33,107,0,0,45,22,67,27,18,74,55,174,187,63,250,424
08/29/2000,GPT,MS,ASO,CE,Towers with Radar,28,19,26,35,108,0,0,48,11,59,28,19,74,46,167,192,84,276,443
08/30/2000,GPT,MS,ASO,CE,Towers with Radar,31,23,52,41,147,0,0,40,5,45,31,23,92,46,192,118,104,222,414
08/31/2000,GPT,MS,ASO,CE,Towers with Radar,25,20,31,64,140,0,0,23,4,27,25,20,54,68,167,154,138,292,459
09/01/2000,GPT,MS,ASO,CE,Towers with Radar,27,19,36,14,96,0,2,37,0,39,27,21,73,14,135,88,52,140,275
09/02/2000,GPT,MS,ASO,CE,Towers with Radar,25,15,36,2,78,0,1,50,1,52,25,16,86,3,130,128,0,128,258
09/03/2000,GPT,MS,ASO,CE,Towers with Radar,13,8,16,9,46,10,8,23,0,41,23,16,39,9,87,123,0,123,210
09/04/2000,GPT,MS,ASO,CE,Towers with Radar,29,16,33,3,81,0,0,43,1,44,29,16,76,4,125,141,0,141,266
09/05/2000,GPT,MS,ASO,CE,Towers with Radar,34,17,39,32,122,0,0,40,8,48,34,17,79,40,170,150,36,186,356
09/06/2000,GPT,MS,ASO,CE,Towers with Radar,25,17,30,67,139,0,0,25,23,48,25,17,55,90,187,14,91,105,292
09/07/2000,GPT,MS,ASO,CE,Towers with Radar,27,19,47,23,116,0,0,26,6,32,27,19,73,29,148,68,78,146,294
09/08/2000,GPT,MS,ASO,CE,Towers with Radar,29,20,53,1,103,0,0,2,1,3,29,20,55,2,106,0,0,0,106
09/09/2000,GPT,MS,ASO,CE,Towers with Radar,25,17,25,14,81,0,0,31,4,35,25,17,56,18,116,200,40,240,356
09/10/2000,GPT,MS,ASO,CE,Towers with Radar,29,16,51,17,113,0,0,45,15,60,29,16,96,32,173,116,14,130,303
09/11/2000,GPT,MS,ASO,CE,Towers with Radar,25,18,37,47,127,0,0,39,7,46,25,18,76,54,173,173,102,275,448
09/12/2000,GPT,MS,ASO,CE,Towers with Radar,28,18,51,35,132,0,0,42,6,48,28,18,93,41,180,158,80,238,418
09/13/2000,GPT,MS,ASO,CE,Towers with Radar,24,21,39,42,126,0,0,28,8,36,24,21,67,50,162,116,80,196,358
09/14/2000,GPT,MS,ASO,CE,Towers with Radar,23,19,48,43,133,0,0,41,18,59,23,19,89,61,192,263,127,390,582
09/15/2000,GPT,MS,ASO,CE,Towers with Radar,25,21,40,40,126,0,0,53,5,58,25,21,93,45,184,179,80,259,443
09/16/2000,GPT,MS,ASO,CE,Towers with Radar,29,15,22,3,69,0,0,59,1,60,29,15,81,4,129,160,24,184,313
09/17/2000,GPT,MS,ASO,CE,Towers with Radar,27,18,41,0,86,0,0,44,1,45,27,18,85,1,131,165,0,165,296
09/18/2000,GPT,MS,ASO,CE,Towers with Radar,27,17,37,30,111,1,3,39,15,58,28,20,76,45,169,172,46,218,387
09/19/2000,GPT,MS,ASO,CE,Towers with Radar,26,21,37,40,124,0,0,43,11,54,26,21,80,51,178,147,123,270,448
09/20/2000,GPT,MS,ASO,CE,Towers with Radar,25,20,40,76,161,0,2,25,10,37,25,22,65,86,198,78,248,326,524
09/21/2000,GPT,MS,ASO,CE,Towers with Radar,21,13,37,30,101,0,0,16,9,25,21,13,53,39,126,81,110,191,317
09/22/2000,GPT,MS,ASO,CE,Towers with Radar,28,14,29,50,121,0,0,29,4,33,28,14,58,54,154,150,150,300,454
09/23/2000,GPT,MS,ASO,CE,Towers with Radar,24,18,26,36,104,0,0,40,1,41,24,18,66,37,145,271,2,273,418
09/24/2000,GPT,MS,ASO,CE,Towers with Radar,27,21,20,22,90,0,0,46,2,48,27,21,66,24,138,122,40,162,300
09/25/2000,GPT,MS,ASO,CE,Towers with Radar,25,17,19,34,95,0,0,26,4,30,25,17,45,38,125,125,86,211,336
09/26/2000,GPT,MS,ASO,CE,Towers with Radar,25,18,45,46,134,0,0,56,4,60,25,18,101,50,194,101,97,198,392
09/27/2000,GPT,MS,ASO,CE,Towers with Radar,28,18,36,61,143,0,1,49,6,56,28,19,85,67,199,121,94,215,414
09/28/2000,GPT,MS,ASO,CE,Towers with Radar,25,17,51,37,130,0,0,60,3,63,25,17,111,40,193,153,119,272,465
09/29/2000,GPT,MS,ASO,CE,Towers with Radar,26,19,39,22,106,0,1,81,0,82,26,20,120,22,188,148,36,184,372
09/30/2000,GPT,MS,ASO,CE,Towers with Radar,26,16,27,1,70,0,0,82,1,83,26,16,109,2,153,130,4,134,287
10/01/2000,GPT,MS,ASO,CE,Towers with Radar,28,17,36,2,83,0,0,57,1,58,28,17,93,3,141,132,4,136,277
10/02/2000,GPT,MS,ASO,CE,Towers with Radar,25,18,36,43,122,0,0,51,3,54,25,18,87,46,176,121,101,222,398
10/03/2000,GPT,MS,ASO,CE,Towers with Radar,26,22,51,55,154,0,0,41,38,79,26,22,92,93,233,142,148,290,523
10/04/2000,GPT,MS,ASO,CE,Towers with Radar,25,20,51,73,169,0,0,47,13,60,25,20,98,86,229,156,128,284,513
10/05/2000,GPT,MS,ASO,CE,Towers with Radar,25,18,56,46,145,0,0,40,4,44,25,18,96,50,189,148,77,225,414
10/06/2000,GPT,MS,ASO,CE,Towers with Radar,20,14,29,27,90,7,1,5,0,13,27,15,34,27,103,40,34,74,177
10/07/2000,GPT,MS,ASO,CE,Towers with Radar,22,18,33,24,97,0,0,31,0,31,22,18,64,24,128,206,26,232,360
10/08/2000,GPT,MS,ASO,CE,Towers with Radar,30,17,28,15,90,0,0,25,1,26,30,17,53,16,116,52,0,52,168
10/09/2000,GPT,MS,ASO,CE,Towers with Radar,25,19,17,3,64,0,0,46,2,48,25,19,63,5,112,102,0,102,214
10/10/2000,GPT,MS,ASO,CE,Towers with Radar,24,20,32,60,136,0,2,49,2,53,24,22,81,62,189,85,64,149,338
10/11/2000,GPT,MS,ASO,CE,Towers with Radar,25,19,54,95,193,0,0,45,4,49,25,19,99,99,242,122,266,388,630
10/12/2000,GPT,MS,ASO,CE,Towers with Radar,27,20,50,81,178,0,0,49,5,54,27,20,99,86,232,170,221,391,623
10/13/2000,GPT,MS,ASO,CE,Towers with Radar,26,20,40,45,131,0,2,100,4,106,26,22,140,49,237,289,138,427,664
10/14/2000,GPT,MS,ASO,CE,Towers with Radar,28,20,22,15,85,0,0,64,3,67,28,20,86,18,152,247,28,275,427
10/15/2000,GPT,MS,ASO,CE,Towers with Radar,29,21,43,19,112,0,0,65,12,77,29,21,108,31,189,84,33,117,306
10/16/2000,GPT,MS,ASO,CE,Towers with Radar,24,20,42,42,128,0,0,44,1,45,24,20,86,43,173,189,110,299,472
10/17/2000,GPT,MS,ASO,CE,Towers with Radar,26,20,48,59,153,0,0,36,3,39,26,20,84,62,192,138,137,275,467
10/18/2000,GPT,MS,ASO,CE,Towers with Radar,26,18,45,52,141,0,0,55,17,72,26,18,100,69,213,180,99,279,492
10/19/2000,GPT,MS,ASO,CE,Towers with Radar,26,19,47,54,146,0,0,63,4,67,26,19,110,58,213,276,104,380,593
10/20/2000,GPT,MS,ASO,CE,Towers with Radar,30,25,31,36,122,0,0,56,7,63,30,25,87,43,185,258,58,316,501
10/21/2000,GPT,MS,ASO,CE,Towers with Radar,17,12,23,18,70,8,9,38,0,55,25,21,61,18,125,168,25,193,318
10/22/2000,GPT,MS,ASO,CE,Towers with Radar,23,17,33,21,94,7,2,61,0,70,30,19,94,21,164,107,22,129,293
10/23/2000,GPT,MS,ASO,CE,Towers with Radar,28,21,18,42,109,0,0,31,8,39,28,21,49,50,148,149,134,283,431
10/24/2000,GPT,MS,ASO,CE,Towers with Radar,25,19,56,94,194,0,2,43,18,63,25,21,99,112,257,174,160,334,591
10/25/2000,GPT,MS,ASO,CE,Towers with Radar,25,23,31,78,157,0,0,64,4,68,25,23,95,82,225,224,179,403,628
10/26/2000,GPT,MS,ASO,CE,Towers with Radar,26,18,51,37,132,0,2,57,6,65,26,20,108,43,197,234,114,348,545
10/27/2000,GPT,MS,ASO,CE,Towers with Radar,24,17,34,28,103,8,5,51,0,64,32,22,85,28,167,208,25,233,400
10/28/2000,GPT,MS,ASO,CE,Towers with Radar,26,17,23,12,78,0,0,70,1,71,26,17,93,13,149,187,10,197,346
10/29/2000,GPT,MS,ASO,CE,Towers with Radar,29,18,27,5,79,0,0,43,0,43,29,18,70,5,122,92,0,92,214
10/30/2000,GPT,MS,ASO,CE,Towers with Radar,28,18,24,18,88,0,0,51,3,54,28,18,75,21,142,278,30,308,450
10/31/2000,GPT,MS,ASO,CE,Towers with Radar,28,19,38,68,153,0,2,42,2,46,28,21,80,70,199,178,70,248,447
11/01/2000,GPT,MS,ASO,CE,Towers with Radar,26,19,51,58,154,0,0,34,30,64,26,19,85,88,218,92,109,201,419
11/02/2000,GPT,MS,ASO,CE,Towers with Radar,28,17,52,60,157,0,0,29,4,33,28,17,81,64,190,111,136,247,437
11/03/2000,GPT,MS,ASO,CE,Towers with Radar,29,20,49,48,146,0,0,48,5,53,29,20,97,53,199,136,50,186,385
11/04/2000,GPT,MS,ASO,CE,Towers with Radar,22,16,28,32,98,0,6,36,8,50,22,22,64,40,148,190,0,190,338
11/05/2000,GPT,MS,ASO,CE,Towers with Radar,24,22,38,18,102,0,0,9,1,10,24,22,47,19,112,36,16,52,164
11/06/2000,GPT,MS,ASO,CE,Towers with Radar,27,18,24,27,96,0,0,7,0,7,27,18,31,27,103,24,30,54,157
11/07/2000,GPT,MS,ASO,CE,Towers with Radar,23,20,34,65,142,0,0,31,7,38,23,20,65,72,180,38,143,181,361
11/08/2000,GPT,MS,ASO,CE,Towers with Radar,26,17,38,43,124,0,0,9,24,33,26,17,47,67,157,28,24,52,209
11/09/2000,GPT,MS,ASO,CE,Towers with Radar,25,17,43,60,145,0,0,39,7,46,25,17,82,67,191,154,124,278,469
11/10/2000,GPT,MS,ASO,CE,Towers with Radar,27,19,46,28,120,0,0,69,1,70,27,19,115,29,190,237,32,269,459
11/11/2000,GPT,MS,ASO,CE,Towers with Radar,26,17,40,8,91,0,0,71,0,71,26,17,111,8,162,222,21,243,405
11/12/2000,GPT,MS,ASO,CE,Towers with Radar,28,21,39,15,103,0,0,41,1,42,28,21,80,16,145,109,2,111,256
11/13/2000,GPT,MS,ASO,CE,Towers with Radar,27,19,27,33,106,0,1,3,0,4,27,20,30,33,110,0,0,0,110
11/14/2000,GPT,MS,ASO,CE,Towers with Radar,27,21,40,83,171,0,0,50,11,61,27,21,90,94,232,157,222,379,611
11/15/2000,GPT,MS,ASO,CE,Towers with Radar,25,19,50,73,167,0,0,37,2,39,25,19,87,75,206,122,178,300,506
11/16/2000,GPT,MS,ASO,CE,Towers with Radar,21,17,35,17,90,0,0,3,2,5,21,17,38,19,95,20,16,36,131
11/17/2000,GPT,MS,ASO,CE,Towers with Radar,30,15,41,57,143,0,0,9,0,9,30,15,50,57,152,118,148,266,418
11/18/2000,GPT,MS,ASO,CE,Towers with Radar,25,20,13,10,68,0,0,0,0,0,25,20,13,10,68,0,0,0,68
11/19/2000,GPT,MS,ASO,CE,Towers with Radar,21,15,28,17,81,4,6,7,0,17,25,21,35,17,98,70,15,85,183
11/20/2000,GPT,MS,ASO,CE,Towers with Radar,25,18,20,36,99,0,0,50,8,58,25,18,70,44,157,288,56,344,501
11/21/2000,GPT,MS,ASO,CE,Towers with Radar,26,20,28,38,112,0,1,25,7,33,26,21,53,45,145,98,65,163,308
11/22/2000,GPT,MS,ASO,CE,Towers with Radar,25,20,36,49,130,0,0,68,3,71,25,20,104,52,201,271,126,397,598
11/23/2000,GPT,MS,ASO,CE,Towers with Radar,9,7,12,0,28,12,9,7,0,28,21,16,19,0,56,26,0,26,82
11/24/2000,GPT,MS,ASO,CE,Towers with Radar,11,8,15,0,34,13,10,1,0,24,24,18,16,0,58,4,0,4,62
11/25/2000,GPT,MS,ASO,CE,Towers with Radar,27,35,36,1,99,0,0,23,0,23,27,35,59,1,122,123,2,125,247
11/26/2000,GPT,MS,ASO,CE,Towers with Radar,31,18,38,1,88,0,0,37,0,37,31,18,75,1,125,89,0,89,214
11/27/2000,GPT,MS,ASO,CE,Towers with Radar,25,19,21,52,117,0,0,44,2,46,25,19,65,54,163,95,146,241,404
11/28/2000,GPT,MS,ASO,CE,Towers with Radar,26,17,41,78,162,0,0,47,10,57,26,17,88,88,219,227,169,396,615
11/29/2000,GPT,MS,ASO,CE,Towers with Radar,25,17,60,64,166,0,0,53,5,58,25,17,113,69,224,230,104,334,558
11/30/2000,GPT,MS,ASO,CE,Towers with Radar,25,18,42,88,173,0,0,55,8,63,25,18,97,96,236,183,155,338,574
12/01/2000,GPT,MS,ASO,CE,Towers with Radar,26,16,45,44,131,0,0,44,26,70,26,16,89,70,201,98,114,212,413
12/02/2000,GPT,MS,ASO,CE,Towers with Radar,25,17,20,24,86,1,1,33,2,37,26,18,53,26,123,157,26,183,306
12/03/2000,GPT,MS,ASO,CE,Towers with Radar,24,19,23,22,88,1,1,23,0,25,25,20,46,22,113,103,18,121,234
12/04/2000,GPT,MS,ASO,CE,Towers with Radar,25,15,32,61,133,1,1,46,6,54,26,16,78,67,187,150,88,238,425
12/05/2000,GPT,MS,ASO,CE,Towers with Radar,27,19,51,49,146,0,0,39,51,90,27,19,90,100,236,102,176,278,514
12/06/2000,GPT,MS,ASO,CE,Towers with Radar,25,21,42,66,154,0,3,24,7,34,25,24,66,73,188,72,131,203,391
12/07/2000,GPT,MS,ASO,CE,Towers with Radar,26,15,46,54,141,0,2,26,6,34,26,17,72,60,175,90,116,206,381
12/08/2000,GPT,MS,ASO,CE,Towers with Radar,26,21,41,63,151,0,2,17,2,21,26,23,58,65,172,34,61,95,267
12/09/2000,GPT,MS,ASO,CE,Towers with Radar,28,15,22,57,122,0,2,22,3,27,28,17,44,60,149,69,50,119,268
12/10/2000,GPT,MS,ASO,CE,Towers with Radar,27,10,29,18,84,0,2,27,0,29,27,12,56,18,113,68,16,84,197
12/11/2000,GPT,MS,ASO,CE,Towers with Radar,20,10,26,27,83,0,2,8,0,10,20,12,34,27,93,41,28,69,162
12/12/2000,GPT,MS,ASO,CE,Towers with Radar,28,16,42,42,128,0,0,34,26,60,28,16,76,68,188,88,65,153,341
12/13/2000,GPT,MS,ASO,CE,Towers with Radar,17,15,49,28,109,0,1,9,0,10,17,16,58,28,119,18,0,18,137
12/14/2000,GPT,MS,ASO,CE,Towers with Radar,24,19,38,77,158,0,1,39,2,42,24,20,77,79,200,146,20,166,366
12/15/2000,GPT,MS,ASO,CE,Towers with Radar,28,20,36,37,121,0,0,4,3,7,28,20,40,40,128,0,4,4,132
12/16/2000,GPT,MS,ASO,CE,Towers with Radar,19,16,24,3,62,0,1,2,0,3,19,17,26,3,65,0,0,0,65
12/17/2000,GPT,MS,ASO,CE,Towers with Radar,18,13,23,14,68,6,1,30,0,37,24,14,53,14,105,29,9,38,143
12/18/2000,GPT,MS,ASO,CE,Towers with Radar,19,19,35,36,109,0,2,40,5,47,19,21,75,41,156,80,10,90,246
12/19/2000,GPT,MS,ASO,CE,Towers with Radar,20,14,20,41,95,0,3,21,14,38,20,17,41,55,133,2,72,74,207
12/20/2000,GPT,MS,ASO,CE,Towers with Radar,26,15,35,31,107,0,2,59,2,63,26,17,94,33,170,164,37,201,371
12/21/2000,GPT,MS,ASO,CE,Towers with Radar,22,22,27,16,87,0,1,6,0,7,22,23,33,16,94,2,6,8,102
12/22/2000,GPT,MS,ASO,CE,Towers with Radar,24,15,18,10,67,0,1,43,0,44,24,16,61,10,111,42,26,68,179
12/23/2000,GPT,MS,ASO,CE,Towers with Radar,24,14,20,0,58,0,1,46,0,47,24,15,66,0,105,88,0,88,193
12/24/2000,GPT,MS,ASO,CE,Towers with Radar,18,15,5,0,38,0,1,21,0,22,18,16,26,0,60,38,0,38,98
12/25/2000,GPT,MS,ASO,CE,Towers with Radar,22,10,8,0,40,0,1,5,0,6,22,11,13,0,46,0,0,0,46
12/26/2000,GPT,MS,ASO,CE,Towers with Radar,26,15,44,4,89,0,2,10,0,12,26,17,54,4,101,12,0,12,113
12/27/2000,GPT,MS,ASO,CE,Towers with Radar,19,20,18,1,58,1,1,0,0,2,20,21,18,1,60,0,22,22,82
12/28/2000,GPT,MS,ASO,CE,Towers with Radar,21,24,16,4,65,1,1,2,0,4,22,25,18,4,69,22,0,22,91
12/29/2000,GPT,MS,ASO,CE,Towers with Radar,26,18,41,14,99,1,1,36,0,38,27,19,77,14,137,208,19,227,364
12/30/2000,GPT,MS,ASO,CE,Towers with Radar,25,19,34,3,81,1,0,49,0,50,26,19,83,3,131,139,0,139,270
12/31/2000,GPT,MS,ASO,CE,Towers with Radar,0,14,14,0,28,22,0,26,0,48,22,14,40,0,76,76,0,76,152
01/01/2001,GPT,MS,ASO,CE,Towers with Radar,29,13,36,0,78,1,0,7,0,8,30,13,43,0,86,0,0,0,86
01/02/2001,GPT,MS,ASO,CE,Towers with Radar,21,16,53,16,106,0,0,34,0,34,21,16,87,16,140,56,37,93,233
01/03/2001,GPT,MS,ASO,CE,Towers with Radar,26,21,40,26,113,0,0,38,7,45,26,21,78,33,158,112,45,157,315
01/04/2001,GPT,MS,ASO,CE,Towers with Radar,25,17,41,39,122,0,0,22,2,24,25,17,63,41,146,134,66,200,346
01/05/2001,GPT,MS,ASO,CE,Towers with Radar,23,20,31,48,122,0,0,51,6,57,23,20,82,54,179,165,155,320,499
01/06/2001,GPT,MS,ASO,CE,Towers with Radar,28,12,19,40,99,0,0,67,9,76,28,12,86,49,175,141,154,295,470
01/07/2001,GPT,MS,ASO,CE,Towers with Radar,26,18,21,16,81,0,0,17,1,18,26,18,38,17,99,34,55,89,188
01/08/2001,GPT,MS,ASO,CE,Towers with Radar,26,16,31,36,109,0,0,25,1,26,26,16,56,37,135,25,42,67,202
01/09/2001,GPT,MS,ASO,CE,Towers with Radar,28,17,25,36,106,0,2,35,6,43,28,19,60,42,149,62,106,168,317
01/10/2001,GPT,MS,ASO,CE,Towers with Radar,25,17,31,49,122,1,0,50,7,58,26,17,81,56,180,162,140,302,482
01/11/2001,GPT,MS,ASO,CE,Towers with Radar,24,18,50,44,136,1,0,2,2,5,25,18,52,46,141,16,40,56,197
01/12/2001,GPT,MS,ASO,CE,Towers with Radar,26,18,52,51,147,0,0,45,0,45,26,18,97,51,192,156,57,213,405
01/13/2001,GPT,MS,ASO,CE,Towers with Radar,25,24,37,43,129,1,0,29,2,32,26,24,66,45,161,189,0,189,350
01/14/2001,GPT,MS,ASO,CE,Towers with Radar,30,15,37,7,89,0,1,31,0,32,30,16,68,7,121,136,0,136,257
01/15/2001,GPT,MS,ASO,CE,Towers with Radar,23,16,28,17,84,0,1,0,0,1,23,17,28,17,85,0,0,0,85
01/16/2001,GPT,MS,ASO,CE,Towers with Radar,25,18,53,16,112,0,1,0,0,1,25,19,53,16,113,14,1,15,128
01/17/2001,GPT,MS,ASO,CE,Towers with Radar,26,14,35,81,156,0,1,16,2,19,26,15,51,83,175,97,31,128,303
01/18/2001,GPT,MS,ASO,CE,Towers with Radar,19,11,31,33,94,0,0,1,16,17,19,11,32,49,111,35,24,59,170
01/19/2001,GPT,MS,ASO,CE,Towers with Radar,16,10,22,2,50,10,5,12,0,27,26,15,34,2,77,0,0,0,77
01/20/2001,GPT,MS,ASO,CE,Towers with Radar,23,14,32,33,102,5,3,59,13,80,28,17,91,46,182,213,39,252,434
01/21/2001,GPT,MS,ASO,CE,Towers with Radar,32,16,37,19,104,0,1,80,0,81,32,17,117,19,185,249,24,273,458
01/22/2001,GPT,MS,ASO,CE,Towers with Radar,24,16,33,31,104,1,2,53,0,56,25,18,86,31,160,74,5,79,239
01/23/2001,GPT,MS,ASO,CE,Towers with Radar,27,17,46,48,138,0,0,38,18,56,27,17,84,66,194,142,132,274,468
01/24/2001,GPT,MS,ASO,CE,Towers with Radar,26,16,42,72,156,0,1,57,7,65,26,17,99,79,221,49,87,136,357
01/25/2001,GPT,MS,ASO,CE,Towers with Radar,23,22,25,61,131,0,0,54,13,67,23,22,79,74,198,76,69,145,343
01/26/2001,GPT,MS,ASO,CE,Towers with Radar,21,27,51,55,154,0,0,44,13,57,21,27,95,68,211,18,22,40,251
01/27/2001,GPT,MS,ASO,CE,Towers with Radar,25,22,58,31,136,0,0,24,0,24,25,22,82,31,160,77,81,158,318
01/28/2001,GPT,MS,ASO,CE,Towers with Radar,26,23,30,4,83,0,0,25,0,25,26,23,55,4,108,35,0,35,143
01/29/2001,GPT,MS,ASO,CE,Towers with Radar,29,23,35,28,115,0,0,2,1,3,29,23,37,29,118,0,0,0,118
01/30/2001,GPT,MS,ASO,CE,Towers with Radar,30,19,37,94,180,0,2,37,3,42,30,21,74,97,222,84,92,176,398
01/31/2001,GPT,MS,ASO,CE,Towers with Radar,31,20,32,75,158,0,0,38,6,44,31,20,70,81,202,58,118,176,378
02/01/2001,GPT,MS,ASO,CE,Towers with Radar,26,18,44,51,139,0,0,46,11,57,26,18,90,62,196,46,72,118,314
02/02/2001,GPT,MS,ASO,CE,Towers with Radar,26,16,44,48,134,0,0,43,2,45,26,16,87,50,179,45,20,65,244
02/03/2001,GPT,MS,ASO,CE,Towers with Radar,27,17,30,35,109,0,0,63,8,71,27,17,93,43,180,75,17,92,272
02/04/2001,GPT,MS,ASO,CE,Towers with Radar,27,18,28,9,82,0,0,68,3,71,27,18,96,12,153,72,0,72,225
02/05/2001,GPT,MS,ASO,CE,Towers with Radar,28,19,41,47,135,0,0,26,21,47,28,19,67,68,182,91,84,175,357
02/06/2001,GPT,MS,ASO,CE,Towers with Radar,26,16,38,99,179,1,0,50,6,57,27,16,88,105,236,143,132,275,511
02/07/2001,GPT,MS,ASO,CE,Towers with Radar,26,16,51,68,161,1,0,44,3,48,27,16,95,71,209,39,16,55,264
02/08/2001,GPT,MS,ASO,CE,Towers with Radar,25,20,39,52,136,1,0,35,0,36,26,20,74,52,172,32,44,76,248
02/09/2001,GPT,MS,ASO,CE,Towers with Radar,21,18,41,44,124,1,0,2,0,3,22,18,43,44,127,15,66,81,208
02/10/2001,GPT,MS,ASO,CE,Towers with Radar,26,21,32,24,103,1,0,48,0,49,27,21,80,24,152,145,3,148,300
02/11/2001,GPT,MS,ASO,CE,Towers with Radar,29,18,30,26,103,1,0,30,0,31,30,18,60,26,134,114,32,146,280
02/12/2001,GPT,MS,ASO,CE,Towers with Radar,24,16,47,76,163,1,0,16,3,20,25,16,63,79,183,64,59,123,306
02/13/2001,GPT,MS,ASO,CE,Towers with Radar,25,21,45,30,121,1,0,0,0,1,26,21,45,30,122,0,0,0,122
02/14/2001,GPT,MS,ASO,CE,Towers with Radar,26,14,34,23,97,1,0,0,0,1,27,14,34,23,98,0,0,0,98
02/15/2001,GPT,MS,ASO,CE,Towers with Radar,28,16,41,40,125,0,0,1,0,1,28,16,42,40,126,0,0,0,126
02/16/2001,GPT,MS,ASO,CE,Towers with Radar,21,14,29,22,86,4,8,6,0,18,25,22,35,22,104,0,0,0,104
02/17/2001,GPT,MS,ASO,CE,Towers with Radar,27,25,29,16,97,0,0,32,0,32,27,25,61,16,129,186,11,197,326
02/18/2001,GPT,MS,ASO,CE,Towers with Radar,25,21,35,26,107,0,0,50,0,50,25,21,85,26,157,126,7,133,290
02/19/2001,GPT,MS,ASO,CE,Towers with Radar,26,23,43,16,108,0,0,53,0,53,26,23,96,16,161,112,0,112,273
02/20/2001,GPT,MS,ASO,CE,Towers with Radar,26,23,49,55,153,0,0,6,26,32,26,23,55,81,185,122,62,184,369
02/21/2001,GPT,MS,ASO,CE,Towers with Radar,28,19,36,13,96,0,0,0,0,0,28,19,36,13,96,6,0,6,102
02/22/2001,GPT,MS,ASO,CE,Towers with Radar,26,18,38,85,167,0,0,25,1,26,26,18,63,86,193,109,101,210,403
02/23/2001,GPT,MS,ASO,CE,Towers with Radar,29,22,46,80,177,0,0,33,1,34,29,22,79,81,211,102,61,163,374
02/24/2001,GPT,MS,ASO,CE,Towers with Radar,25,22,39,26,112,0,0,2,0,2,25,22,41,26,114,0,0,0,114
02/25/2001,GPT,MS,ASO,CE,Towers with Radar,26,20,25,6,77,0,0,1,0,1,26,20,26,6,78,18,0,18,96
02/26/2001,GPT,MS,ASO,CE,Towers with Radar,26,11,26,39,102,0,0,19,0,19,26,11,45,39,121,16,43,59,180
02/27/2001,GPT,MS,ASO,CE,Towers with Radar,26,17,26,46,115,0,0,6,1,7,26,17,32,47,122,48,9,57,179
02/28/2001,GPT,MS,ASO,CE,Towers with Radar,28,20,49,34,131,0,0,1,0,1,28,20,50,34,132,25,8,33,165
03/01/2001,GPT,MS,ASO,CE,Towers with Radar,27,15,46,83,171,0,0,1,0,1,27,15,47,83,172,0,0,0,172
03/02/2001,GPT,MS,ASO,CE,Towers with Radar,21,19,37,44,121,0,0,14,0,14,21,19,51,44,135,50,49,99,234
03/03/2001,GPT,MS,ASO,CE,Towers with Radar,8,5,10,6,29,14,9,2,0,25,22,14,12,6,54,30,0,30,84
03/04/2001,GPT,MS,ASO,CE,Towers with Radar,24,24,24,27,99,0,0,39,1,40,24,24,63,28,139,159,26,185,324
03/05/2001,GPT,MS,ASO,CE,Towers with Radar,25,19,23,85,152,0,0,43,7,50,25,19,66,92,202,88,102,190,392
03/06/2001,GPT,MS,ASO,CE,Towers with Radar,25,19,39,61,144,0,7,46,1,54,25,26,85,62,198,118,66,184,382
03/07/2001,GPT,MS,ASO,CE,Towers with Radar,26,19,45,99,189,0,0,50,8,58,26,19,95,107,247,130,145,275,522
03/08/2001,GPT,MS,ASO,CE,Towers with Radar,26,22,42,118,208,0,2,43,9,54,26,24,85,127,262,153,123,276,538
03/09/2001,GPT,MS,ASO,CE,Towers with Radar,27,22,41,77,167,0,0,17,2,19,27,22,58,79,186,12,57,69,255
03/10/2001,GPT,MS,ASO,CE,Towers with Radar,28,22,31,27,108,0,0,78,3,81,28,22,109,30,189,127,3,130,319
03/11/2001,GPT,MS,ASO,CE,Towers with Radar,31,20,60,26,137,0,1,38,2,41,31,21,98,28,178,92,4,96,274
03/12/2001,GPT,MS,ASO,CE,Towers with Radar,23,15,21,8,67,0,0,0,3,3,23,15,21,11,70,0,0,0,70
03/13/2001,GPT,MS,ASO,CE,Towers with Radar,26,17,41,72,156,0,2,66,5,73,26,19,107,77,229,143,58,201,430
03/14/2001,GPT,MS,ASO,CE,Towers with Radar,24,16,34,35,109,7,1,30,0,38,31,17,64,35,147,65,55,120,267
03/15/2001,GPT,MS,ASO,CE,Towers with Radar,30,20,49,73,172,0,0,30,24,54,30,20,79,97,226,67,115,182,408
03/16/2001,GPT,MS,ASO,CE,Towers with Radar,24,19,45,64,152,0,0,69,7,76,24,19,114,71,228,55,58,113,341
03/17/2001,GPT,MS,ASO,CE,Towers with Radar,27,24,33,25,109,0,0,36,1,37,27,24,69,26,146,76,0,76,222
03/18/2001,GPT,MS,ASO,CE,Towers with Radar,27,20,50,14,111,0,0,44,2,46,27,20,94,16,157,68,11,79,236
03/19/2001,GPT,MS,ASO,CE,Towers with Radar,24,18,34,58,134,0,0,5,3,8,24,18,39,61,142,23,2,25,167
03/20/2001,GPT,MS,ASO,CE,Towers with Radar,26,15,45,98,184,0,1,9,8,18,26,16,54,106,202,23,99,122,324
03/21/2001,GPT,MS,ASO,CE,Towers with Radar,28,17,59,43,147,0,0,37,3,40,28,17,96,46,187,59,42,101,288
03/22/2001,GPT,MS,ASO,CE,Towers with Radar,26,19,46,68,159,0,0,67,14,81,26,19,113,82,240,93,127,220,460
03/23/2001,GPT,MS,ASO,CE,Towers with Radar,26,23,65,88,202,0,0,60,7,67,26,23,125,95,269,119,72,191,460
03/24/2001,GPT,MS,ASO,CE,Towers with Radar,25,18,35,32,110,0,0,31,2,33,25,18,66,34,143,37,15,52,195
03/25/2001,GPT,MS,ASO,CE,Towers with Radar,17,13,27,24,81,12,2,35,0,49,29,15,62,24,130,67,31,98,228
03/26/2001,GPT,MS,ASO,CE,Towers with Radar,28,19,30,33,110,0,0,36,5,41,28,19,66,38,151,23,31,54,205
03/27/2001,GPT,MS,ASO,CE,Towers with Radar,28,18,35,126,207,0,0,27,8,35,28,18,62,134,242,96,157,253,495
03/28/2001,GPT,MS,ASO,CE,Towers with Radar,26,21,43,97,187,0,0,1,4,5,26,21,44,101,192,0,92,92,284
03/29/2001,GPT,MS,ASO,CE,Towers with Radar,26,19,36,69,150,0,0,0,17,17,26,19,36,86,167,44,59,103,270
03/30/2001,GPT,MS,ASO,CE,Towers with Radar,24,21,41,90,176,0,0,33,12,45,24,21,74,102,221,143,55,198,419
03/31/2001,GPT,MS,ASO,CE,Towers with Radar,24,19,30,24,97,0,0,57,5,62,24,19,87,29,159,135,29,164,323
04/01/2001,GPT,MS,ASO,CE,Towers with Radar,26,23,36,17,102,1,0,56,6,63,27,23,92,23,165,85,10,95,260
04/02/2001,GPT,MS,ASO,CE,Towers with Radar,25,20,23,50,118,0,0,31,6,37,25,20,54,56,155,32,47,79,234
04/03/2001,GPT,MS,ASO,CE,Towers with Radar,26,21,31,54,132,0,1,9,2,12,26,22,40,56,144,101,12,113,257
04/04/2001,GPT,MS,ASO,CE,Towers with Radar,25,20,29,60,134,0,0,2,2,4,25,20,31,62,138,28,12,40,178
04/05/2001,GPT,MS,ASO,CE,Towers with Radar,27,26,55,74,182,0,0,42,4,46,27,26,97,78,228,100,20,120,348
04/06/2001,GPT,MS,ASO,CE,Towers with Radar,25,20,45,50,140,0,0,23,10,33,25,20,68,60,173,84,10,94,267
04/07/2001,GPT,MS,ASO,CE,Towers with Radar,22,20,33,6,81,0,5,31,0,36,22,25,64,6,117,123,0,123,240
04/08/2001,GPT,MS,ASO,CE,Towers with Radar,23,20,32,22,97,6,4,14,0,24,29,24,46,22,121,54,0,54,175
04/09/2001,GPT,MS,ASO,CE,Towers with Radar,25,21,50,39,135,0,0,19,5,24,25,21,69,44,159,90,35,125,284
04/10/2001,GPT,MS,ASO,CE,Towers with Radar,24,23,49,56,152,0,0,29,21,50,24,23,78,77,202,130,83,213,415
04/11/2001,GPT,MS,ASO,CE,Towers with Radar,26,22,67,26,141,0,0,21,8,29,26,22,88,34,170,9,28,37,207
04/12/2001,GPT,MS,ASO,CE,Towers with Radar,24,24,40,88,176,0,0,9,2,11,24,24,49,90,187,41,0,41,228
04/13/2001,GPT,MS,ASO,CE,Towers with Radar,25,18,26,24,93,0,0,30,5,35,25,18,56,29,128,144,6,150,278
04/14/2001,GPT,MS,ASO,CE,Towers with Radar,13,11,19,4,47,12,11,48,0,71,25,22,67,4,118,42,0,42,160
04/15/2001,GPT,MS,ASO,CE,Towers with Radar,27,21,15,1,64,0,0,12,3,15,27,21,27,4,79,4,0,4,83
04/16/2001,GPT,MS,ASO,CE,Towers with Radar,23,21,21,44,109,0,0,32,4,36,23,21,53,48,145,66,74,140,285
04/17/2001,GPT,MS,ASO,CE,Towers with Radar,25,24,33,85,167,0,1,35,9,45,25,25,68,94,212,32,53,85,297
04/18/2001,GPT,MS,ASO,CE,Towers with Radar,25,23,35,72,155,0,0,51,6,57,25,23,86,78,212,101,108,209,421
04/19/2001,GPT,MS,ASO,CE,Towers with Radar,24,22,52,43,141,0,2,36,9,47,24,24,88,52,188,95,73,168,356
04/20/2001,GPT,MS,ASO,CE,Towers with Radar,25,22,40,42,129,0,2,19,12,33,25,24,59,54,162,12,6,18,180
04/21/2001,GPT,MS,ASO,CE,Towers with Radar,25,23,26,27,101,0,0,43,1,44,25,23,69,28,145,44,48,92,237
04/22/2001,GPT,MS,ASO,CE,Towers with Radar,31,22,39,9,101,0,0,25,3,28,31,22,64,12,129,4,5,9,138
04/23/2001,GPT,MS,ASO,CE,Towers with Radar,24,19,35,38,116,1,1,21,13,36,25,20,56,51,152,58,7,65,217
04/24/2001,GPT,MS,ASO,CE,Towers with Radar,25,25,36,14,100,0,0,2,1,3,25,25,38,15,103,0,0,0,103
04/25/2001,GPT,MS,ASO,CE,Towers with Radar,26,22,49,66,163,0,0,42,11,53,26,22,91,77,216,57,133,190,406
04/26/2001,GPT,MS,ASO,CE,Towers with Radar,26,20,47,76,169,0,2,44,7,53,26,22,91,83,222,68,101,169,391
04/27/2001,GPT,MS,ASO,CE,Towers with Radar,22,22,47,67,158,0,0,63,6,69,22,22,110,73,227,111,58,169,396
04/28/2001,GPT,MS,ASO,CE,Towers with Radar,28,24,41,24,117,0,4,55,5,64,28,28,96,29,181,102,5,107,288
04/29/2001,GPT,MS,ASO,CE,Towers with Radar,28,22,52,3,105,0,0,61,1,62,28,22,113,4,167,71,18,89,256
04/30/2001,GPT,MS,ASO,CE,Towers with Radar,25,20,36,35,116,2,0,24,0,26,27,20,60,35,142,12,45,57,199
05/01/2001,GPT,MS,ASO,CE,Towers with Radar,25,23,49,73,170,0,0,35,12,47,25,23,84,85,217,78,87,165,382
05/02/2001,GPT,MS,ASO,CE,Towers with Radar,22,21,22,43,108,0,2,40,8,50,22,23,62,51,158,53,53,106,264
05/03/2001,GPT,MS,ASO,CE,Towers with Radar,30,26,37,34,127,0,0,49,6,55,30,26,86,40,182,44,57,101,283
05/04/2001,GPT,MS,ASO,CE,Towers with Radar,26,21,54,57,158,0,0,52,9,61,26,21,106,66,219,56,105,161,380
05/05/2001,GPT,MS,ASO,CE,Towers with Radar,19,14,25,25,83,8,12,64,4,88,27,26,89,29,171,135,55,190,361
05/06/2001,GPT,MS,ASO,CE,Towers with Radar,30,20,43,4,97,0,0,65,6,71,30,20,108,10,168,79,0,79,247
05/07/2001,GPT,MS,ASO,CE,Towers with Radar,27,20,38,105,190,0,0,46,10,56,27,20,84,115,246,104,163,267,513
05/08/2001,GPT,MS,ASO,CE,Towers with Radar,27,26,35,55,143,0,0,31,9,40,27,26,66,64,183,35,91,126,309
05/09/2001,GPT,MS,ASO,CE,Towers with Radar,23,26,44,62,155,0,4,49,4,57,23,30,93,66,212,82,141,223,435
05/10/2001,GPT,MS,ASO,CE,Towers with Radar,31,26,58,57,172,0,0,74,7,81,31,26,132,64,253,68,54,122,375
05/11/2001,GPT,MS,ASO,CE,Towers with Radar,26,22,42,44,134,0,0,99,0,99,26,22,141,44,233,104,20,124,357
05/12/2001,GPT,MS,ASO,CE,Towers with Radar,29,26,32,0,87,0,0,99,3,102,29,26,131,3,189,166,0,166,355
05/13/2001,GPT,MS,ASO,CE,Towers with Radar,32,22,36,4,94,0,0,55,4,59,32,22,91,8,153,80,12,92,245
05/14/2001,GPT,MS,ASO,CE,Towers with Radar,28,23,25,23,99,0,0,58,8,66,28,23,83,31,165,92,46,138,303
05/15/2001,GPT,MS,ASO,CE,Towers with Radar,26,22,27,79,154,0,0,64,10,74,26,22,91,89,228,82,115,197,425
05/16/2001,GPT,MS,ASO,CE,Towers with Radar,23,22,40,65,150,0,0,69,16,85,23,22,109,81,235,94,106,200,435
05/17/2001,GPT,MS,ASO,CE,Towers with Radar,31,26,36,69,162,0,0,67,4,71,31,26,103,73,233,65,111,176,409
05/18/2001,GPT,MS,ASO,CE,Towers with Radar,31,22,78,93,224,0,0,51,6,57,31,22,129,99,281,50,50,100,381
05/19/2001,GPT,MS,ASO,CE,Towers with Radar,27,22,36,37,122,0,1,34,0,35,27,23,70,37,157,12,13,25,182
05/20/2001,GPT,MS,ASO,CE,Towers with Radar,26,20,36,35,117,6,0,49,0,55,32,20,85,35,172,69,27,96,268
05/21/2001,GPT,MS,ASO,CE,Towers with Radar,26,18,19,22,85,0,0,26,7,33,26,18,45,29,118,8,26,34,152
05/22/2001,GPT,MS,ASO,CE,Towers with Radar,28,21,53,39,141,0,0,28,8,36,28,21,81,47,177,20,14,34,211
05/23/2001,GPT,MS,ASO,CE,Towers with Radar,25,23,52,62,162,0,0,70,10,80,25,23,122,72,242,93,65,158,400
05/24/2001,GPT,MS,ASO,CE,Towers with Radar,25,23,34,49,131,0,0,53,8,61,25,23,87,57,192,114,56,170,362
05/25/2001,GPT,MS,ASO,CE,Towers with Radar,27,22,39,22,110,0,1,46,0,47,27,23,85,22,157,130,0,130,287
05/26/2001,GPT,MS,ASO,CE,Towers with Radar,26,21,21,5,73,0,0,88,2,90,26,21,109,7,163,180,10,190,353
05/27/2001,GPT,MS,ASO,CE,Towers with Radar,27,20,24,5,76,0,0,39,2,41,27,20,63,7,117,52,0,52,169
05/28/2001,GPT,MS,ASO,CE,Towers with Radar,26,19,16,5,66,0,0,31,3,34,26,19,47,8,100,11,0,11,111
05/29/2001,GPT,MS,ASO,CE,Towers with Radar,27,19,22,53,121,0,0,45,5,50,27,19,67,58,171,142,88,230,401
05/30/2001,GPT,MS,ASO,CE,Towers with Radar,25,21,35,98,179,0,0,44,10,54,25,21,79,108,233,128,126,254,487
05/31/2001,GPT,MS,ASO,CE,Towers with Radar,26,26,42,24,118,0,0,21,6,27,26,26,63,30,145,61,38,99,244
06/01/2001,GPT,MS,ASO,CE,Towers with Radar,27,21,30,36,114,0,0,35,6,41,27,21,65,42,155,82,64,146,301
06/02/2001,GPT,MS,ASO,CE,Towers with Radar,23,17,26,26,92,5,8,83,0,96,28,25,109,26,188,119,12,131,319
06/03/2001,GPT,MS,ASO,CE,Towers with Radar,29,16,40,25,110,0,0,51,3,54,29,16,91,28,164,108,14,122,286
06/04/2001,GPT,MS,ASO,CE,Towers with Radar,25,20,21,46,112,0,0,24,13,37,25,20,45,59,149,30,58,88,237
06/05/2001,GPT,MS,ASO,CE,Towers with Radar,30,26,35,55,146,0,2,16,4,22,30,28,51,59,168,24,20,44,212
06/06/2001,GPT,MS,ASO,CE,Towers with Radar,25,19,31,30,105,0,0,0,2,2,25,19,31,32,107,0,38,38,145
06/07/2001,GPT,MS,ASO,CE,Towers with Radar,27,23,22,32,104,0,3,9,8,20,27,26,31,40,124,14,34,48,172
06/08/2001,GPT,MS,ASO,CE,Towers with Radar,31,22,53,17,123,0,0,14,5,19,31,22,67,22,142,59,20,79,221
06/09/2001,GPT,MS,ASO,CE,Towers with Radar,26,17,19,26,88,0,0,9,1,10,26,17,28,27,98,76,34,110,208
06/10/2001,GPT,MS,ASO,CE,Towers with Radar,20,14,23,22,79,10,1,18,0,29,30,15,41,22,108,30,28,58,166
06/11/2001,GPT,MS,ASO,CE,Towers with Radar,26,15,16,27,84,0,0,14,7,21,26,15,30,34,105,2,16,18,123
06/12/2001,GPT,MS,ASO,CE,Towers with Radar,27,19,29,97,172,0,0,45,22,67,27,19,74,119,239,120,188,308,547
06/13/2001,GPT,MS,ASO,CE,Towers with Radar,29,23,28,74,154,0,0,39,13,52,29,23,67,87,206,64,74,138,344
06/14/2001,GPT,MS,ASO,CE,Towers with Radar,29,24,30,88,171,0,0,29,9,38,29,24,59,97,209,135,60,195,404
06/15/2001,GPT,MS,ASO,CE,Towers with Radar,28,21,40,67,156,0,0,43,2,45,28,21,83,69,201,76,106,182,383
06/16/2001,GPT,MS,ASO,CE,Towers with Radar,21,14,23,12,70,9,9,80,0,98,30,23,103,12,168,103,20,123,291
06/17/2001,GPT,MS,ASO,CE,Towers with Radar,28,20,32,13,93,0,0,57,1,58,28,20,89,14,151,116,2,118,269
06/18/2001,GPT,MS,ASO,CE,Towers with Radar,24,21,23,42,110,0,1,49,6,56,24,22,72,48,166,53,35,88,254
06/19/2001,GPT,MS,ASO,CE,Towers with Radar,28,24,29,70,151,0,0,37,3,40,28,24,66,73,191,140,64,204,395
06/20/2001,GPT,MS,ASO,CE,Towers with Radar,28,21,33,46,128,0,0,31,5,36,28,21,64,51,164,40,60,100,264
06/21/2001,GPT,MS,ASO,CE,Towers with Radar,27,21,43,33,124,0,1,51,10,62,27,22,94,43,186,82,28,110,296
06/22/2001,GPT,MS,ASO,CE,Towers with Radar,26,20,30,25,101,1,3,37,0,41,27,23,67,25,142,36,8,44,186
06/23/2001,GPT,MS,ASO,CE,Towers with Radar,28,19,29,13,89,0,0,69,2,71,28,19,98,15,160,88,0,88,248
06/24/2001,GPT,MS,ASO,CE,Towers with Radar,30,20,37,27,114,0,0,61,1,62,30,20,98,28,176,36,0,36,212
06/25/2001,GPT,MS,ASO,CE,Towers with Radar,28,18,37,32,115,0,0,51,2,53,28,18,88,34,168,118,4,122,290
06/26/2001,GPT,MS,ASO,CE,Towers with Radar,26,24,48,96,194,0,0,44,8,52,26,24,92,104,246,92,164,256,502
06/27/2001,GPT,MS,ASO,CE,Towers with Radar,27,22,25,20,94,0,0,23,9,32,27,22,48,29,126,10,12,22,148
06/28/2001,GPT,MS,ASO,CE,Towers with Radar,26,21,43,56,146,0,0,29,28,57,26,21,72,84,203,25,46,71,274
06/29/2001,GPT,MS,ASO,CE,Towers with Radar,28,23,27,65,143,0,0,30,10,40,28,23,57,75,183,70,98,168,351
06/30/2001,GPT,MS,ASO,CE,Towers with Radar,29,23,23,5,80,0,0,14,2,16,29,23,37,7,96,2,4,6,102
07/01/2001,GPT,MS,ASO,CE,Towers with Radar,18,14,23,3,58,10,6,53,0,69,28,20,76,3,127,36,0,36,163
07/02/2001,GPT,MS,ASO,CE,Towers with Radar,26,17,20,25,88,2,1,30,1,34,28,18,50,26,122,46,24,70,192
07/03/2001,GPT,MS,ASO,CE,Towers with Radar,29,14,27,23,93,2,1,21,4,28,31,15,48,27,121,22,26,48,169
07/04/2001,GPT,MS,ASO,CE,Towers with Radar,21,11,11,1,44,2,0,14,0,16,23,11,25,1,60,8,0,8,68
07/05/2001,GPT,MS,ASO,CE,Towers with Radar,23,15,38,15,91,2,0,21,0,23,25,15,59,15,114,12,13,25,139
07/06/2001,GPT,MS,ASO,CE,Towers with Radar,25,23,15,61,124,1,1,44,1,47,26,24,59,62,171,18,49,67,238
07/07/2001,GPT,MS,ASO,CE,Towers with Radar,21,22,32,20,95,1,1,50,0,52,22,23,82,20,147,36,0,36,183
07/08/2001,GPT,MS,ASO,CE,Towers with Radar,31,18,31,23,103,1,0,46,0,47,32,18,77,23,150,50,8,58,208
07/09/2001,GPT,MS,ASO,CE,Towers with Radar,21,19,35,76,151,1,1,43,0,45,22,20,78,76,196,58,36,94,290
07/10/2001,GPT,MS,ASO,CE,Towers with Radar,24,24,28,102,178,1,0,54,4,59,25,24,82,106,237,110,116,226,463
07/11/2001,GPT,MS,ASO,CE,Towers with Radar,23,22,26,65,136,1,0,16,3,20,24,22,42,68,156,8,107,115,271
07/12/2001,GPT,MS,ASO,CE,Towers with Radar,23,23,46,72,164,0,0,36,50,86,23,23,82,122,250,98,106,204,454
07/13/2001,GPT,MS,ASO,CE,Towers with Radar,26,20,56,95,197,1,0,52,6,59,27,20,108,101,256,100,148,248,504
07/14/2001,GPT,MS,ASO,CE,Towers with Radar,25,26,36,50,137,1,0,67,8,76,26,26,103,58,213,135,35,170,383
07/15/2001,GPT,MS,ASO,CE,Towers with Radar,25,20,29,25,99,1,0,38,0,39,26,20,67,25,138,25,29,54,192
07/16/2001,GPT,MS,ASO,CE,Towers with Radar,23,21,21,74,139,1,0,40,5,46,24,21,61,79,185,54,116,170,355
07/17/2001,GPT,MS,ASO,CE,Towers with Radar,27,26,53,84,190,0,0,53,64,117,27,26,106,148,307,74,84,158,465
07/18/2001,GPT,MS,ASO,CE,Towers with Radar,25,21,31,90,167,1,0,41,6,48,26,21,72,96,215,71,86,157,372
07/19/2001,GPT,MS,ASO,CE,Towers with Radar,23,26,44,75,168,1,2,53,7,63,24,28,97,82,231,48,80,128,359
07/20/2001,GPT,MS,ASO,CE,Towers with Radar,29,23,45,76,173,0,1,59,0,60,29,24,104,76,233,26,50,76,309
07/21/2001,GPT,MS,ASO,CE,Towers with Radar,23,18,37,23,101,0,1,25,0,26,23,19,62,23,127,26,6,32,159
07/22/2001,GPT,MS,ASO,CE,Towers with Radar,27,21,23,10,81,0,1,37,5,43,27,22,60,15,124,42,0,42,166
07/23/2001,GPT,MS,ASO,CE,Towers with Radar,25,22,27,39,113,0,1,43,0,44,25,23,70,39,157,82,43,125,282
07/24/2001,GPT,MS,ASO,CE,Towers with Radar,24,26,36,48,134,0,2,45,7,54,24,28,81,55,188,88,56,144,332
07/25/2001,GPT,MS,ASO,CE,Towers with Radar,27,20,26,39,112,0,1,5,0,6,27,21,31,39,118,0,52,52,170
07/26/2001,GPT,MS,ASO,CE,Towers with Radar,23,20,30,39,112,0,2,6,0,8,23,22,36,39,120,14,17,31,151
07/27/2001,GPT,MS,ASO,CE,Towers with Radar,26,18,39,50,133,0,1,41,16,58,26,19,80,66,191,70,134,204,395
07/28/2001,GPT,MS,ASO,CE,Towers with Radar,25,21,21,8,75,0,1,24,7,32,25,22,45,15,107,47,0,47,154
07/29/2001,GPT,MS,ASO,CE,Towers with Radar,27,21,33,16,97,0,2,52,5,59,27,23,85,21,156,54,2,56,212
07/30/2001,GPT,MS,ASO,CE,Towers with Radar,24,21,22,72,139,0,5,46,3,54,24,26,68,75,193,84,78,162,355
07/31/2001,GPT,MS,ASO,CE,Towers with Radar,25,24,30,27,106,0,1,32,1,34,25,25,62,28,140,38,57,95,235
08/01/2001,GPT,MS,ASO,CE,Towers with Radar,22,25,36,85,168,1,0,36,4,41,23,25,72,89,209,44,97,141,350
08/02/2001,GPT,MS,ASO,CE,Towers with Radar,22,22,38,66,148,0,0,46,6,52,22,22,84,72,200,97,130,227,427
08/03/2001,GPT,MS,ASO,CE,Towers with Radar,26,22,47,46,141,0,0,63,6,69,26,22,110,52,210,122,27,149,359
08/04/2001,GPT,MS,ASO,CE,Towers with Radar,23,21,24,1,69,0,0,36,4,40,23,21,60,5,109,56,0,56,165
08/05/2001,GPT,MS,ASO,CE,Towers with Radar,25,12,16,3,56,0,0,11,2,13,25,12,27,5,69,4,0,4,73
08/06/2001,GPT,MS,ASO,CE,Towers with Radar,25,18,19,10,72,0,0,42,1,43,25,18,61,11,115,68,14,82,197
08/07/2001,GPT,MS,ASO,CE,Towers with Radar,24,22,31,28,105,0,0,26,3,29,24,22,57,31,134,80,36,116,250
08/08/2001,GPT,MS,ASO,CE,Towers with Radar,23,22,35,18,98,1,1,28,2,32,24,23,63,20,130,66,6,72,202
08/09/2001,GPT,MS,ASO,CE,Towers with Radar,23,19,64,103,209,1,0,60,9,70,24,19,124,112,279,126,165,291,570
08/10/2001,GPT,MS,ASO,CE,Towers with Radar,24,21,55,70,170,1,0,43,6,50,25,21,98,76,220,79,48,127,347
08/11/2001,GPT,MS,ASO,CE,Towers with Radar,24,25,22,3,74,1,0,19,1,21,25,25,41,4,95,21,0,21,116
08/12/2001,GPT,MS,ASO,CE,Towers with Radar,22,22,21,6,71,1,0,2,3,6,23,22,23,9,77,0,0,0,77
08/13/2001,GPT,MS,ASO,CE,Towers with Radar,22,20,16,17,75,1,0,20,3,24,23,20,36,20,99,22,0,22,121
08/14/2001,GPT,MS,ASO,CE,Towers with Radar,25,26,22,64,137,1,0,24,5,30,26,26,46,69,167,24,20,44,211
08/15/2001,GPT,MS,ASO,CE,Towers with Radar,27,21,32,64,144,1,0,44,2,47,28,21,76,66,191,58,17,75,266
08/16/2001,GPT,MS,ASO,CE,Towers with Radar,19,24,32,47,122,0,0,16,15,31,19,24,48,62,153,39,33,72,225
08/17/2001,GPT,MS,ASO,CE,Towers with Radar,26,22,29,53,130,0,0,26,2,28,26,22,55,55,158,9,12,21,179
08/18/2001,GPT,MS,ASO,CE,Towers with Radar,18,16,22,16,72,4,8,38,0,50,22,24,60,16,122,27,0,27,149
08/19/2001,GPT,MS,ASO,CE,Towers with Radar,26,19,23,26,94,0,0,7,5,12,26,19,30,31,106,14,18,32,138
08/20/2001,GPT,MS,ASO,CE,Towers with Radar,24,21,31,76,152,0,1,38,2,41,24,22,69,78,193,58,56,114,307
08/21/2001,GPT,MS,ASO,CE,Towers with Radar,26,23,35,101,185,0,0,50,7,57,26,23,85,108,242,36,118,154,396
08/22/2001,GPT,MS,ASO,CE,Towers with Radar,23,24,36,53,136,0,0,38,0,38,23,24,74,53,174,78,74,152,326
08/23/2001,GPT,MS,ASO,CE,Towers with Radar,21,24,41,84,170,0,0,50,7,57,21,24,91,91,227,26,71,97,324
08/24/2001,GPT,MS,ASO,CE,Towers with Radar,21,26,42,67,156,0,0,43,4,47,21,26,85,71,203,24,48,72,275
08/25/2001,GPT,MS,ASO,CE,Towers with Radar,21,29,27,15,92,0,0,60,1,61,21,29,87,16,153,89,0,89,242
08/26/2001,GPT,MS,ASO,CE,Towers with Radar,25,19,33,23,100,0,0,32,0,32,25,19,65,23,132,20,18,38,170
08/27/2001,GPT,MS,ASO,CE,Towers with Radar,26,16,19,24,85,0,0,17,0,17,26,16,36,24,102,32,0,32,134
08/28/2001,GPT,MS,ASO,CE,Towers with Radar,26,23,39,40,128,0,0,15,6,21,26,23,54,46,149,9,75,84,233
08/29/2001,GPT,MS,ASO,CE,Towers with Radar,25,21,38,64,148,0,0,20,4,24,25,21,58,68,172,10,130,140,312
08/30/2001,GPT,MS,ASO,CE,Towers with Radar,23,26,25,51,125,0,0,18,1,19,23,26,43,52,144,35,85,120,264
08/31/2001,GPT,MS,ASO,CE,Towers with Radar,28,23,21,41,113,0,0,22,0,22,28,23,43,41,135,24,38,62,197
09/01/2001,GPT,MS,ASO,CE,Towers with Radar,20,19,20,1,60,2,0,16,0,18,22,19,36,1,78,24,0,24,102
09/02/2001,GPT,MS,ASO,CE,Towers with Radar,22,14,9,7,52,1,0,13,1,15,23,14,22,8,67,4,0,4,71
09/03/2001,GPT,MS,ASO,CE,Towers with Radar,22,17,27,6,72,1,0,12,0,13,23,17,39,6,85,18,0,18,103
09/04/2001,GPT,MS,ASO,CE,Towers with Radar,19,20,13,31,83,1,0,22,2,25,20,20,35,33,108,4,46,50,158
09/05/2001,GPT,MS,ASO,CE,Towers with Radar,24,17,26,46,113,1,0,38,2,41,25,17,64,48,154,40,59,99,253
09/06/2001,GPT,MS,ASO,CE,Towers with Radar,21,22,37,64,144,1,0,49,8,58,22,22,86,72,202,105,123,228,430
09/07/2001,GPT,MS,ASO,CE,Towers with Radar,26,25,38,48,137,0,0,39,5,44,26,25,77,53,181,86,99,185,366
09/08/2001,GPT,MS,ASO,CE,Towers with Radar,25,20,11,12,68,1,0,12,4,17,26,20,23,16,85,39,33,72,157
09/09/2001,GPT,MS,ASO,CE,Towers with Radar,25,20,20,16,81,1,2,22,1,26,26,22,42,17,107,38,31,69,176
09/10/2001,GPT,MS,ASO,CE,Towers with Radar,22,20,33,57,132,1,2,35,2,40,23,22,68,59,172,88,46,134,306
09/11/2001,GPT,MS,ASO,CE,Towers with Radar,1,7,6,5,19,1,0,0,0,1,2,7,6,5,20,0,0,0,20
09/12/2001,GPT,MS,ASO,CE,Towers with Radar,0,0,0,0,0,0,0,0,0,0,0,0,0,0,0,0,0,0,0
09/13/2001,GPT,MS,ASO,CE,Towers with Radar,5,8,1,33,47,1,0,0,5,6,6,8,1,38,53,0,38,38,91
09/14/2001,GPT,MS,ASO,CE,Towers with Radar,15,30,8,56,109,1,0,0,5,6,16,30,8,61,115,0,56,56,171
09/15/2001,GPT,MS,ASO,CE,Towers with Radar,20,18,17,53,108,1,0,0,0,1,21,18,17,53,109,0,94,94,203
09/16/2001,GPT,MS,ASO,CE,Towers with Radar,27,14,27,12,80,1,0,0,0,1,28,14,27,12,81,0,14,14,95
09/17/2001,GPT,MS,ASO,CE,Towers with Radar,19,23,25,52,119,1,2,0,1,4,20,25,25,53,123,0,72,72,195
09/18/2001,GPT,MS,ASO,CE,Towers with Radar,21,27,14,73,135,1,2,2,0,5,22,29,16,73,140,0,89,89,229
09/19/2001,GPT,MS,ASO,CE,Towers with Radar,22,23,29,19,93,1,1,0,2,4,23,24,29,21,97,0,0,0,97
09/20/2001,GPT,MS,ASO,CE,Towers with Radar,19,21,38,65,143,0,5,2,5,12,19,26,40,70,155,0,38,38,193
09/21/2001,GPT,MS,ASO,CE,Towers with Radar,21,28,45,56,150,0,0,25,14,39,21,28,70,70,189,0,84,84,273
09/22/2001,GPT,MS,ASO,CE,Towers with Radar,26,20,39,20,105,0,1,49,0,50,26,21,88,20,155,152,14,166,321
09/23/2001,GPT,MS,ASO,CE,Towers with Radar,25,21,28,22,96,0,1,31,0,32,25,22,59,22,128,188,12,200,328
09/24/2001,GPT,MS,ASO,CE,Towers with Radar,21,20,29,36,106,0,5,9,4,18,21,25,38,40,124,68,14,82,206
09/25/2001,GPT,MS,ASO,CE,Towers with Radar,24,29,42,29,124,0,2,33,4,39,24,31,75,33,163,72,22,94,257
09/26/2001,GPT,MS,ASO,CE,Towers with Radar,22,21,41,57,141,0,1,44,3,48,22,22,85,60,189,28,38,66,255
09/27/2001,GPT,MS,ASO,CE,Towers with Radar,18,25,41,60,144,0,1,49,8,58,18,26,90,68,202,22,28,50,252
09/28/2001,GPT,MS,ASO,CE,Towers with Radar,26,24,44,24,118,0,0,60,3,63,26,24,104,27,181,91,35,126,307
09/29/2001,GPT,MS,ASO,CE,Towers with Radar,21,21,26,20,88,0,0,34,0,34,21,21,60,20,122,24,4,28,150
09/30/2001,GPT,MS,ASO,CE,Towers with Radar,23,22,61,1,107,0,1,28,0,29,23,23,89,1,136,52,0,52,188
10/01/2001,GPT,MS,ASO,CE,Towers with Radar,17,23,23,37,100,1,0,24,2,27,18,23,47,39,127,40,0,40,167
10/02/2001,GPT,MS,ASO,CE,Towers with Radar,20,24,41,36,121,0,0,38,6,44,20,24,79,42,165,102,4,106,271
10/03/2001,GPT,MS,ASO,CE,Towers with Radar,18,33,38,56,145,0,0,52,4,56,18,33,90,60,201,198,4,202,403
10/04/2001,GPT,MS,ASO,CE,Towers with Radar,21,29,35,47,132,0,0,45,9,54,21,29,80,56,186,185,60,245,431
10/05/2001,GPT,MS,ASO,CE,Towers with Radar,24,23,34,57,138,0,0,37,5,42,24,23,71,62,180,46,5,51,231
10/06/2001,GPT,MS,ASO,CE,Towers with Radar,20,22,40,5,87,0,0,6,3,9,20,22,46,8,96,0,8,8,104
10/07/2001,GPT,MS,ASO,CE,Towers with Radar,26,22,24,0,72,0,0,39,3,42,26,22,63,3,114,155,0,155,269
10/08/2001,GPT,MS,ASO,CE,Towers with Radar,21,22,29,7,79,0,1,41,3,45,21,23,70,10,124,128,2,130,254
10/09/2001,GPT,MS,ASO,CE,Towers with Radar,24,27,24,39,114,0,0,21,3,24,24,27,45,42,138,20,8,28,166
10/10/2001,GPT,MS,ASO,CE,Towers with Radar,21,28,31,61,141,0,0,10,3,13,21,28,41,64,154,0,90,90,244
10/11/2001,GPT,MS,ASO,CE,Towers with Radar,23,23,31,74,151,0,0,17,4,21,23,23,48,78,172,79,108,187,359
10/12/2001,GPT,MS,ASO,CE,Towers with Radar,24,23,35,42,124,0,0,26,5,31,24,23,61,47,155,55,0,55,210
10/13/2001,GPT,MS,ASO,CE,Towers with Radar,7,8,9,2,26,14,12,0,0,26,21,20,9,2,52,0,0,0,52
10/14/2001,GPT,MS,ASO,CE,Towers with Radar,19,22,28,10,79,1,8,45,0,54,20,30,73,10,133,41,0,41,174
10/15/2001,GPT,MS,ASO,CE,Towers with Radar,23,21,34,30,108,0,0,55,7,62,23,21,89,37,170,104,57,161,331
10/16/2001,GPT,MS,ASO,CE,Towers with Radar,24,22,38,95,179,0,0,39,9,48,24,22,77,104,227,118,135,253,480
10/17/2001,GPT,MS,ASO,CE,Towers with Radar,20,26,45,70,161,0,0,56,9,65,20,26,101,79,226,62,87,149,375
10/18/2001,GPT,MS,ASO,CE,Towers with Radar,24,24,49,48,145,0,0,39,17,56,24,24,88,65,201,61,30,91,292
10/19/2001,GPT,MS,ASO,CE,Towers with Radar,26,24,39,60,149,0,0,58,14,72,26,24,97,74,221,110,83,193,414
10/20/2001,GPT,MS,ASO,CE,Towers with Radar,18,24,39,17,98,0,0,32,3,35,18,24,71,20,133,39,2,41,174
10/21/2001,GPT,MS,ASO,CE,Towers with Radar,23,23,53,14,113,0,0,31,4,35,23,23,84,18,148,29,8,37,185
10/22/2001,GPT,MS,ASO,CE,Towers with Radar,22,22,27,33,104,0,0,41,6,47,22,22,68,39,151,68,26,94,245
10/23/2001,GPT,MS,ASO,CE,Towers with Radar,26,25,46,56,153,0,0,26,6,32,26,25,72,62,185,46,36,82,267
10/24/2001,GPT,MS,ASO,CE,Towers with Radar,22,21,40,91,174,0,0,26,9,35,22,21,66,100,209,82,58,140,349
10/25/2001,GPT,MS,ASO,CE,Towers with Radar,22,26,26,46,120,0,0,47,13,60,22,26,73,59,180,83,88,171,351
10/26/2001,GPT,MS,ASO,CE,Towers with Radar,23,23,34,32,112,3,0,49,0,52,26,23,83,32,164,60,6,66,230
10/27/2001,GPT,MS,ASO,CE,Towers with Radar,23,18,22,7,70,0,0,39,4,43,23,18,61,11,113,32,8,40,153
10/28/2001,GPT,MS,ASO,CE,Towers with Radar,16,19,24,11,70,5,5,39,0,49,21,24,63,11,119,70,6,76,195
10/29/2001,GPT,MS,ASO,CE,Towers with Radar,21,24,19,21,85,0,0,33,3,36,21,24,52,24,121,56,46,102,223
10/30/2001,GPT,MS,ASO,CE,Towers with Radar,23,31,38,59,151,0,0,50,10,60,23,31,88,69,211,74,90,164,375
10/31/2001,GPT,MS,ASO,CE,Towers with Radar,18,23,30,34,105,0,8,43,3,54,18,31,73,37,159,82,68,150,309
11/01/2001,GPT,MS,ASO,CE,Towers with Radar,20,28,42,52,142,0,1,57,5,63,20,29,99,57,205,96,18,114,319
11/02/2001,GPT,MS,ASO,CE,Towers with Radar,22,28,42,52,144,0,1,27,47,75,22,29,69,99,219,90,33,123,342
11/03/2001,GPT,MS,ASO,CE,Towers with Radar,20,22,31,39,112,0,1,56,0,57,20,23,87,39,169,64,8,72,241
11/04/2001,GPT,MS,ASO,CE,Towers with Radar,19,18,27,16,80,6,4,33,0,43,25,22,60,16,123,63,0,63,186
11/05/2001,GPT,MS,ASO,CE,Towers with Radar,23,15,32,40,110,5,0,32,10,47,28,15,64,50,157,92,62,154,311
11/06/2001,GPT,MS,ASO,CE,Towers with Radar,21,25,39,48,133,0,0,39,15,54,21,25,78,63,187,76,44,120,307
11/07/2001,GPT,MS,ASO,CE,Towers with Radar,21,25,44,55,145,0,0,66,27,93,21,25,110,82,238,150,60,210,448
11/08/2001,GPT,MS,ASO,CE,Towers with Radar,22,21,50,62,155,0,0,31,29,60,22,21,81,91,215,82,98,180,395
11/09/2001,GPT,MS,ASO,CE,Towers with Radar,21,25,40,44,130,0,0,50,0,50,21,25,90,44,180,106,20,126,306
11/10/2001,GPT,MS,ASO,CE,Towers with Radar,16,13,20,12,61,6,2,49,0,57,22,15,69,12,118,80,12,92,210
11/11/2001,GPT,MS,ASO,CE,Towers with Radar,20,18,27,20,85,9,2,50,0,61,29,20,77,20,146,30,0,30,176
11/12/2001,GPT,MS,ASO,CE,Towers with Radar,17,13,23,17,70,11,0,53,0,64,28,13,76,17,134,104,0,104,238
11/13/2001,GPT,MS,ASO,CE,Towers with Radar,28,19,33,58,138,1,1,39,1,42,29,20,72,59,180,94,74,168,348
11/14/2001,GPT,MS,ASO,CE,Towers with Radar,26,16,39,50,131,0,0,57,38,95,26,16,96,88,226,143,123,266,492
11/15/2001,GPT,MS,ASO,CE,Towers with Radar,21,23,37,48,129,0,0,33,30,63,21,23,70,78,192,132,71,203,395
11/16/2001,GPT,MS,ASO,CE,Towers with Radar,24,19,40,51,134,0,0,24,20,44,24,19,64,71,178,98,24,122,300
11/17/2001,GPT,MS,ASO,CE,Towers with Radar,19,18,25,32,94,0,2,56,4,62,19,20,81,36,156,92,0,92,248
11/18/2001,GPT,MS,ASO,CE,Towers with Radar,21,19,28,16,84,4,0,40,0,44,25,19,68,16,128,45,0,45,173
11/19/2001,GPT,MS,ASO,CE,Towers with Radar,18,16,24,27,85,7,4,31,0,42,25,20,55,27,127,54,4,58,185
11/20/2001,GPT,MS,ASO,CE,Towers with Radar,23,25,36,46,130,0,1,18,8,27,23,26,54,54,157,6,16,22,179
11/21/2001,GPT,MS,ASO,CE,Towers with Radar,20,22,32,41,115,0,1,45,4,50,20,23,77,45,165,120,36,156,321
11/22/2001,GPT,MS,ASO,CE,Towers with Radar,8,8,12,4,32,10,9,15,0,34,18,17,27,4,66,0,0,0,66
11/23/2001,GPT,MS,ASO,CE,Towers with Radar,13,11,16,4,44,11,10,28,0,49,24,21,44,4,93,18,0,18,111
11/24/2001,GPT,MS,ASO,CE,Towers with Radar,9,9,13,4,35,15,6,5,0,26,24,15,18,4,61,0,0,0,61
11/25/2001,GPT,MS,ASO,CE,Towers with Radar,21,16,27,7,71,8,0,42,0,50,29,16,69,7,121,42,0,42,163
11/26/2001,GPT,MS,ASO,CE,Towers with Radar,22,20,28,39,109,0,0,0,5,5,22,20,28,44,114,0,0,0,114
11/27/2001,GPT,MS,ASO,CE,Towers with Radar,21,22,35,42,120,0,4,27,13,44,21,26,62,55,164,126,60,186,350
11/28/2001,GPT,MS,ASO,CE,Towers with Radar,20,20,32,38,110,0,4,16,7,27,20,24,48,45,137,48,0,48,185
11/29/2001,GPT,MS,ASO,CE,Towers with Radar,14,12,20,10,56,3,9,10,0,22,17,21,30,10,78,2,2,4,82
11/30/2001,GPT,MS,ASO,CE,Towers with Radar,24,29,44,55,152,0,0,56,1,57,24,29,100,56,209,194,68,262,471
12/01/2001,GPT,MS,ASO,CE,Towers with Radar,16,13,20,5,54,6,1,54,0,61,22,14,74,5,115,114,0,114,229
12/02/2001,GPT,MS,ASO,CE,Towers with Radar,21,19,26,9,75,0,0,60,1,61,21,19,86,10,136,148,0,148,284
12/03/2001,GPT,MS,ASO,CE,Towers with Radar,24,15,36,45,120,0,0,44,5,49,24,15,80,50,169,124,80,204,373
12/04/2001,GPT,MS,ASO,CE,Towers with Radar,28,12,37,51,128,0,0,42,9,51,28,12,79,60,179,112,86,198,377
12/05/2001,GPT,MS,ASO,CE,Towers with Radar,20,20,43,37,120,0,0,23,53,76,20,20,66,90,196,112,226,338,534
12/06/2001,GPT,MS,ASO,CE,Towers with Radar,20,23,36,31,110,0,0,52,27,79,20,23,88,58,189,146,20,166,355
12/07/2001,GPT,MS,ASO,CE,Towers with Radar,26,16,37,32,111,0,0,22,4,26,26,16,59,36,137,10,0,10,147
12/08/2001,GPT,MS,ASO,CE,Towers with Radar,17,12,20,11,60,1,0,30,0,31,18,12,50,11,91,96,0,96,187
12/09/2001,GPT,MS,ASO,CE,Towers with Radar,24,18,29,5,76,5,0,27,0,32,29,18,56,5,108,58,4,62,170
12/10/2001,GPT,MS,ASO,CE,Towers with Radar,26,12,32,28,98,1,0,41,3,45,27,12,73,31,143,68,0,68,211
12/11/2001,GPT,MS,ASO,CE,Towers with Radar,22,23,43,37,125,0,0,0,28,28,22,23,43,65,153,40,0,40,193
12/12/2001,GPT,MS,ASO,CE,Towers with Radar,18,17,31,23,89,0,0,5,0,5,18,17,36,23,94,0,0,0,94
12/13/2001,GPT,MS,ASO,CE,Towers with Radar,18,21,18,17,74,0,3,0,0,3,18,24,18,17,77,0,11,11,88
12/14/2001,GPT,MS,ASO,CE,Towers with Radar,23,24,50,42,139,0,0,30,30,60,23,24,80,72,199,110,7,117,316
12/15/2001,GPT,MS,ASO,CE,Towers with Radar,18,17,24,19,78,6,3,41,5,55,24,20,65,24,133,44,0,44,177
12/16/2001,GPT,MS,ASO,CE,Towers with Radar,18,16,21,8,63,8,2,0,0,10,26,18,21,8,73,0,0,0,73
12/17/2001,GPT,MS,ASO,CE,Towers with Radar,18,16,23,13,70,3,0,23,0,26,21,16,46,13,96,10,0,10,106
12/18/2001,GPT,MS,ASO,CE,Towers with Radar,20,24,39,32,115,0,0,30,38,68,20,24,69,70,183,56,51,107,290
12/19/2001,GPT,MS,ASO,CE,Towers with Radar,18,23,35,29,105,0,1,52,24,77,18,24,87,53,182,80,98,178,360
12/20/2001,GPT,MS,ASO,CE,Towers with Radar,16,20,30,25,91,0,5,39,15,59,16,25,69,40,150,59,25,84,234
12/21/2001,GPT,MS,ASO,CE,Towers with Radar,23,19,30,25,97,0,6,32,7,45,23,25,62,32,142,45,14,59,201
12/22/2001,GPT,MS,ASO,CE,Towers with Radar,14,11,17,1,43,9,2,29,0,40,23,13,46,1,83,36,0,36,119
12/23/2001,GPT,MS,ASO,CE,Towers with Radar,12,9,15,1,37,11,10,6,0,27,23,19,21,1,64,0,0,0,64
12/24/2001,GPT,MS,ASO,CE,Towers with Radar,10,8,11,0,29,9,7,26,0,42,19,15,37,0,71,68,0,68,139
12/25/2001,GPT,MS,ASO,CE,Towers with Radar,9,7,10,0,26,12,6,0,0,18,21,13,10,0,44,0,0,0,44
12/26/2001,GPT,MS,ASO,CE,Towers with Radar,17,14,20,7,58,3,14,48,0,65,20,28,68,7,123,65,0,65,188
12/27/2001,GPT,MS,ASO,CE,Towers with Radar,18,16,22,11,67,4,3,50,0,57,22,19,72,11,124,80,0,80,204
12/28/2001,GPT,MS,ASO,CE,Towers with Radar,17,14,20,3,54,1,6,50,0,57,18,20,70,3,111,40,0,40,151
12/29/2001,GPT,MS,ASO,CE,Towers with Radar,16,14,19,3,52,7,4,32,0,43,23,18,51,3,95,35,0,35,130
12/30/2001,GPT,MS,ASO,CE,Towers with Radar,18,15,21,8,62,1,5,49,0,55,19,20,70,8,117,22,0,22,139
12/31/2001,GPT,MS,ASO,CE,Towers with Radar,11,9,12,2,34,14,0,22,0,36,25,9,34,2,70,52,0,52,122
01/01/2002,GPT,MS,ASO,CE,Towers with Radar,26,17,22,0,65,1,0,5,0,6,27,17,27,0,71,0,0,0,71
01/02/2002,GPT,MS,ASO,CE,Towers with Radar,18,21,8,5,52,0,0,9,1,10,18,21,17,6,62,26,0,26,88
01/03/2002,GPT,MS,ASO,CE,Towers with Radar,12,14,25,25,76,0,3,25,0,28,12,17,50,25,104,58,8,66,170
01/04/2002,GPT,MS,ASO,CE,Towers with Radar,20,16,28,35,99,0,0,66,7,73,20,16,94,42,172,83,16,99,271
01/05/2002,GPT,MS,ASO,CE,Towers with Radar,29,11,14,7,61,0,0,8,1,9,29,11,22,8,70,4,0,4,74
01/06/2002,GPT,MS,ASO,CE,Towers with Radar,23,17,17,36,93,0,0,9,3,12,23,17,26,39,105,28,20,48,153
01/07/2002,GPT,MS,ASO,CE,Towers with Radar,25,11,18,32,86,0,0,46,7,53,25,11,64,39,139,130,12,142,281
01/08/2002,GPT,MS,ASO,CE,Towers with Radar,24,19,26,61,130,0,0,52,5,57,24,19,78,66,187,144,14,158,345
01/09/2002,GPT,MS,ASO,CE,Towers with Radar,18,19,39,61,137,0,1,61,13,75,18,20,100,74,212,106,52,158,370
01/10/2002,GPT,MS,ASO,CE,Towers with Radar,19,20,48,93,180,0,2,52,6,60,19,22,100,99,240,115,72,187,427
01/11/2002,GPT,MS,ASO,CE,Towers with Radar,22,21,37,74,154,0,0,48,9,57,22,21,85,83,211,102,54,156,367
01/12/2002,GPT,MS,ASO,CE,Towers with Radar,16,12,21,13,62,5,5,5,0,15,21,17,26,13,77,31,0,31,108
01/13/2002,GPT,MS,ASO,CE,Towers with Radar,29,17,27,12,85,0,0,44,3,47,29,17,71,15,132,78,0,78,210
01/14/2002,GPT,MS,ASO,CE,Towers with Radar,22,12,20,33,87,4,0,0,0,4,26,12,20,33,91,0,6,6,97
01/15/2002,GPT,MS,ASO,CE,Towers with Radar,23,17,34,103,177,0,1,50,17,68,23,18,84,120,245,84,106,190,435
01/16/2002,GPT,MS,ASO,CE,Towers with Radar,18,20,36,44,118,0,0,78,20,98,18,20,114,64,216,130,58,188,404
01/17/2002,GPT,MS,ASO,CE,Towers with Radar,19,24,56,73,172,0,0,59,10,69,19,24,115,83,241,129,99,228,469
01/18/2002,GPT,MS,ASO,CE,Towers with Radar,24,22,70,64,180,0,0,51,1,52,24,22,121,65,232,114,43,157,389
01/19/2002,GPT,MS,ASO,CE,Towers with Radar,27,12,15,7,61,0,0,10,1,11,27,12,25,8,72,10,0,10,82
01/20/2002,GPT,MS,ASO,CE,Towers with Radar,28,16,37,1,82,0,0,27,1,28,28,16,64,2,110,28,0,28,138
01/21/2002,GPT,MS,ASO,CE,Towers with Radar,27,14,31,5,77,1,0,39,2,42,28,14,70,7,119,168,0,168,287
01/22/2002,GPT,MS,ASO,CE,Towers with Radar,21,22,25,36,104,1,0,18,1,20,22,22,43,37,124,14,0,14,138
01/23/2002,GPT,MS,ASO,CE,Towers with Radar,19,20,44,63,146,1,0,10,4,15,20,20,54,67,161,28,0,28,189
01/24/2002,GPT,MS,ASO,CE,Towers with Radar,21,24,29,31,105,1,0,1,1,3,22,24,30,32,108,0,0,0,108
01/25/2002,GPT,MS,ASO,CE,Towers with Radar,25,24,22,42,113,1,0,69,10,80,26,24,91,52,193,245,131,376,569
01/26/2002,GPT,MS,ASO,CE,Towers with Radar,23,21,32,0,76,1,0,82,4,87,24,21,114,4,163,112,0,112,275
01/27/2002,GPT,MS,ASO,CE,Towers with Radar,25,22,23,13,83,1,0,23,0,24,26,22,46,13,107,46,0,46,153
01/28/2002,GPT,MS,ASO,CE,Towers with Radar,25,11,28,24,88,0,1,0,0,1,25,12,28,24,89,0,0,0,89
01/29/2002,GPT,MS,ASO,CE,Towers with Radar,21,19,45,59,144,0,1,26,8,35,21,20,71,67,179,112,32,144,323
01/30/2002,GPT,MS,ASO,CE,Towers with Radar,21,19,45,72,157,0,1,21,0,22,21,20,66,72,179,97,2,99,278
01/31/2002,GPT,MS,ASO,CE,Towers with Radar,21,23,50,62,156,0,0,1,1,2,21,23,51,63,158,0,0,0,158
02/01/2002,GPT,MS,ASO,CE,Towers with Radar,31,26,49,42,148,0,9,80,0,89,31,35,129,42,237,122,36,158,395
02/02/2002,GPT,MS,ASO,CE,Towers with Radar,27,20,59,30,136,0,1,76,5,82,27,21,135,35,218,170,54,224,442
02/03/2002,GPT,MS,ASO,CE,Towers with Radar,26,24,57,5,112,0,0,35,7,42,26,24,92,12,154,66,16,82,236
02/04/2002,GPT,MS,ASO,CE,Towers with Radar,28,33,77,76,214,0,0,54,8,62,28,33,131,84,276,170,108,278,554
02/05/2002,GPT,MS,ASO,CE,Towers with Radar,32,16,44,57,149,0,0,4,5,9,32,16,48,62,158,10,76,86,244
02/06/2002,GPT,MS,ASO,CE,Towers with Radar,18,16,26,33,93,0,0,0,2,2,18,16,26,35,95,0,0,0,95
02/07/2002,GPT,MS,ASO,CE,Towers with Radar,23,22,41,65,151,0,0,44,7,51,23,22,85,72,202,182,150,332,534
02/08/2002,GPT,MS,ASO,CE,Towers with Radar,24,23,58,77,182,0,0,81,9,90,24,23,139,86,272,234,137,371,643
02/09/2002,GPT,MS,ASO,CE,Towers with Radar,21,20,29,26,96,0,0,83,2,85,21,20,112,28,181,146,8,154,335
02/10/2002,GPT,MS,ASO,CE,Towers with Radar,18,15,27,23,83,9,3,40,0,52,27,18,67,23,135,58,0,58,193
02/11/2002,GPT,MS,ASO,CE,Towers with Radar,23,20,12,63,118,0,1,66,14,81,23,21,78,77,199,192,98,290,489
02/12/2002,GPT,MS,ASO,CE,Towers with Radar,24,17,49,69,159,0,0,70,12,82,24,17,119,81,241,124,112,236,477
02/13/2002,GPT,MS,ASO,CE,Towers with Radar,18,24,42,92,176,0,0,31,8,39,18,24,73,100,215,74,118,192,407
02/14/2002,GPT,MS,ASO,CE,Towers with Radar,21,23,29,72,145,0,2,34,8,44,21,25,63,80,189,44,60,104,293
02/15/2002,GPT,MS,ASO,CE,Towers with Radar,23,22,39,64,148,0,0,19,2,21,23,22,58,66,169,40,11,51,220
02/16/2002,GPT,MS,ASO,CE,Towers with Radar,22,16,19,14,71,0,0,42,4,46,22,16,61,18,117,24,0,24,141
02/17/2002,GPT,MS,ASO,CE,Towers with Radar,25,16,33,2,76,0,0,51,5,56,25,16,84,7,132,88,4,92,224
02/18/2002,GPT,MS,ASO,CE,Towers with Radar,23,17,33,15,88,0,0,52,2,54,23,17,85,17,142,96,0,96,238
02/19/2002,GPT,MS,ASO,CE,Towers with Radar,23,21,23,50,117,0,0,35,5,40,23,21,58,55,157,138,18,156,313
02/20/2002,GPT,MS,ASO,CE,Towers with Radar,23,18,23,88,152,0,0,54,15,69,23,18,77,103,221,148,111,259,480
02/21/2002,GPT,MS,ASO,CE,Towers with Radar,21,27,40,66,154,0,0,61,7,68,21,27,101,73,222,191,148,339,561
02/22/2002,GPT,MS,ASO,CE,Towers with Radar,27,24,38,96,185,0,0,47,11,58,27,24,85,107,243,183,126,309,552
02/23/2002,GPT,MS,ASO,CE,Towers with Radar,20,19,19,35,93,0,0,74,6,80,20,19,93,41,173,134,58,192,365
02/24/2002,GPT,MS,ASO,CE,Towers with Radar,25,20,44,20,109,0,0,72,10,82,25,20,116,30,191,96,48,144,335
02/25/2002,GPT,MS,ASO,CE,Towers with Radar,23,16,25,67,131,0,0,49,7,56,23,16,74,74,187,106,66,172,359
02/26/2002,GPT,MS,ASO,CE,Towers with Radar,24,22,39,108,193,0,0,18,9,27,24,22,57,117,220,0,98,98,318
02/27/2002,GPT,MS,ASO,CE,Towers with Radar,21,15,35,84,155,0,0,34,12,46,21,15,69,96,201,86,159,245,446
02/28/2002,GPT,MS,ASO,CE,Towers with Radar,24,21,47,87,179,0,0,48,13,61,24,21,95,100,240,122,76,198,438
03/01/2002,GPT,MS,ASO,CE,Towers with Radar,21,20,36,48,125,0,4,23,0,27,21,24,59,48,152,36,27,63,215
03/02/2002,GPT,MS,ASO,CE,Towers with Radar,15,12,24,36,87,8,9,26,5,48,23,21,50,41,135,62,34,96,231
03/03/2002,GPT,MS,ASO,CE,Towers with Radar,21,16,34,47,118,8,0,9,0,17,29,16,43,47,135,2,54,56,191
03/04/2002,GPT,MS,ASO,CE,Towers with Radar,26,21,44,68,159,0,0,28,31,59,26,21,72,99,218,66,82,148,366
03/05/2002,GPT,MS,ASO,CE,Towers with Radar,26,20,43,69,158,0,0,46,36,82,26,20,89,105,240,150,136,286,526
03/06/2002,GPT,MS,ASO,CE,Towers with Radar,21,23,45,72,161,0,0,40,36,76,21,23,85,108,237,147,130,277,514
03/07/2002,GPT,MS,ASO,CE,Towers with Radar,22,20,39,62,143,0,0,58,16,74,22,20,97,78,217,80,57,137,354
03/08/2002,GPT,MS,ASO,CE,Towers with Radar,25,21,46,65,157,0,0,37,0,37,25,21,83,65,194,58,8,66,260
03/09/2002,GPT,MS,ASO,CE,Towers with Radar,14,11,21,12,58,12,4,6,0,22,26,15,27,12,80,0,0,0,80
03/10/2002,GPT,MS,ASO,CE,Towers with Radar,21,15,30,26,92,3,4,57,0,64,24,19,87,26,156,56,10,66,222
03/11/2002,GPT,MS,ASO,CE,Towers with Radar,21,15,30,48,114,6,14,45,15,80,27,29,75,63,194,104,58,162,356
03/12/2002,GPT,MS,ASO,CE,Towers with Radar,13,10,18,18,59,12,9,12,0,33,25,19,30,18,92,10,30,40,132
03/13/2002,GPT,MS,ASO,CE,Towers with Radar,24,19,35,56,134,0,0,45,11,56,24,19,80,67,190,75,78,153,343
03/14/2002,GPT,MS,ASO,CE,Towers with Radar,22,24,48,76,170,0,0,42,25,67,22,24,90,101,237,58,76,134,371
03/15/2002,GPT,MS,ASO,CE,Towers with Radar,14,20,27,19,80,0,1,2,0,3,14,21,29,19,83,0,0,0,83
03/16/2002,GPT,MS,ASO,CE,Towers with Radar,22,11,16,24,73,0,0,4,0,4,22,11,20,24,77,0,0,0,77
03/17/2002,GPT,MS,ASO,CE,Towers with Radar,18,15,26,19,78,10,1,14,0,25,28,16,40,19,103,0,0,0,103
03/18/2002,GPT,MS,ASO,CE,Towers with Radar,22,14,32,44,112,3,0,0,0,3,25,14,32,44,115,0,0,0,115
03/19/2002,GPT,MS,ASO,CE,Towers with Radar,24,20,38,63,145,0,0,0,0,0,24,20,38,63,145,0,0,0,145
03/20/2002,GPT,MS,ASO,CE,Towers with Radar,21,26,27,56,130,0,0,4,0,4,21,26,31,56,134,4,2,6,140
03/21/2002,GPT,MS,ASO,CE,Towers with Radar,22,22,48,77,169,0,0,44,13,57,22,22,92,90,226,104,82,186,412
03/22/2002,GPT,MS,ASO,CE,Towers with Radar,26,21,56,88,191,0,0,44,42,86,26,21,100,130,277,108,71,179,456
03/23/2002,GPT,MS,ASO,CE,Towers with Radar,18,15,26,31,90,2,5,76,0,83,20,20,102,31,173,171,4,175,348
03/24/2002,GPT,MS,ASO,CE,Towers with Radar,21,16,30,17,84,5,0,84,0,89,26,16,114,17,173,70,0,70,243
03/25/2002,GPT,MS,ASO,CE,Towers with Radar,24,13,36,57,130,2,0,0,5,7,26,13,36,62,137,0,6,6,143
03/26/2002,GPT,MS,ASO,CE,Towers with Radar,21,20,40,63,144,0,0,16,43,59,21,20,56,106,203,60,34,94,297
03/27/2002,GPT,MS,ASO,CE,Towers with Radar,24,20,47,73,164,0,0,71,43,114,24,20,118,116,278,99,156,255,533
03/28/2002,GPT,MS,ASO,CE,Towers with Radar,25,17,53,84,179,0,0,67,13,80,25,17,120,97,259,123,103,226,485
03/29/2002,GPT,MS,ASO,CE,Towers with Radar,23,21,36,50,130,0,0,38,0,38,23,21,74,50,168,96,47,143,311
03/30/2002,GPT,MS,ASO,CE,Towers with Radar,10,8,14,2,34,8,8,15,0,31,18,16,29,2,65,51,0,51,116
03/31/2002,GPT,MS,ASO,CE,Towers with Radar,10,8,15,2,35,11,9,4,0,24,21,17,19,2,59,0,0,0,59
04/01/2002,GPT,MS,ASO,CE,Towers with Radar,22,16,42,50,130,1,0,52,0,53,23,16,94,50,183,164,14,178,361
04/02/2002,GPT,MS,ASO,CE,Towers with Radar,22,20,35,83,160,1,0,54,0,55,23,20,89,83,215,92,50,142,357
04/03/2002,GPT,MS,ASO,CE,Towers with Radar,20,18,30,65,133,1,0,43,3,47,21,18,73,68,180,76,46,122,302
04/04/2002,GPT,MS,ASO,CE,Towers with Radar,23,21,37,75,156,1,0,78,9,88,24,21,115,84,244,154,118,272,516
04/05/2002,GPT,MS,ASO,CE,Towers with Radar,24,18,37,55,134,1,0,92,13,106,25,18,129,68,240,142,51,193,433
04/06/2002,GPT,MS,ASO,CE,Towers with Radar,17,15,28,37,97,10,3,87,0,100,27,18,115,37,197,138,23,161,358
04/07/2002,GPT,MS,ASO,CE,Towers with Radar,23,16,36,23,98,0,1,32,3,36,23,17,68,26,134,52,10,62,196
04/08/2002,GPT,MS,ASO,CE,Towers with Radar,23,15,33,6,77,0,2,3,0,5,23,17,36,6,82,0,0,0,82
04/09/2002,GPT,MS,ASO,CE,Towers with Radar,23,18,36,69,146,0,1,34,1,36,23,19,70,70,182,78,70,148,330
04/10/2002,GPT,MS,ASO,CE,Towers with Radar,19,18,39,84,160,0,1,47,6,54,19,19,86,90,214,164,56,220,434
04/11/2002,GPT,MS,ASO,CE,Towers with Radar,19,25,43,93,180,1,0,20,1,22,20,25,63,94,202,2,0,2,204
04/12/2002,GPT,MS,ASO,CE,Towers with Radar,19,23,25,101,168,0,1,20,0,21,19,24,45,101,189,46,63,109,298
04/13/2002,GPT,MS,ASO,CE,Towers with Radar,20,17,31,30,98,0,1,23,0,24,20,18,54,30,122,14,0,14,136
04/14/2002,GPT,MS,ASO,CE,Towers with Radar,13,11,19,15,58,10,7,40,0,57,23,18,59,15,115,48,0,48,163
04/15/2002,GPT,MS,ASO,CE,Towers with Radar,21,19,39,77,156,0,0,18,44,62,21,19,57,121,218,50,42,92,310
04/16/2002,GPT,MS,ASO,CE,Towers with Radar,22,28,19,86,155,0,0,20,6,26,22,28,39,92,181,36,6,42,223
04/17/2002,GPT,MS,ASO,CE,Towers with Radar,17,20,42,83,162,0,0,12,61,73,17,20,54,144,235,50,88,138,373
04/18/2002,GPT,MS,ASO,CE,Towers with Radar,18,20,44,86,168,0,0,57,35,92,18,20,101,121,260,49,30,79,339
04/19/2002,GPT,MS,ASO,CE,Towers with Radar,22,25,49,95,191,0,0,42,23,65,22,25,91,118,256,52,32,84,340
04/20/2002,GPT,MS,ASO,CE,Towers with Radar,22,20,13,19,74,0,1,57,1,59,22,21,70,20,133,88,34,122,255
04/21/2002,GPT,MS,ASO,CE,Towers with Radar,20,24,28,72,144,0,0,65,6,71,20,24,93,78,215,90,40,130,345
04/22/2002,GPT,MS,ASO,CE,Towers with Radar,22,16,24,83,145,0,0,58,5,63,22,16,82,88,208,198,8,206,414
04/23/2002,GPT,MS,ASO,CE,Towers with Radar,22,20,23,94,159,0,2,62,10,74,22,22,85,104,233,150,56,206,439
04/24/2002,GPT,MS,ASO,CE,Towers with Radar,19,21,28,131,199,0,0,68,14,82,19,21,96,145,281,88,130,218,499
04/25/2002,GPT,MS,ASO,CE,Towers with Radar,16,23,36,89,164,0,0,48,10,58,16,23,84,99,222,74,63,137,359
04/26/2002,GPT,MS,ASO,CE,Towers with Radar,18,24,35,68,145,0,0,44,2,46,18,24,79,70,191,79,70,149,340
04/27/2002,GPT,MS,ASO,CE,Towers with Radar,20,16,32,16,84,0,0,36,0,36,20,16,68,16,120,42,8,50,170
04/28/2002,GPT,MS,ASO,CE,Towers with Radar,24,18,49,4,95,0,0,25,0,25,24,18,74,4,120,48,0,48,168
04/29/2002,GPT,MS,ASO,CE,Towers with Radar,26,16,24,16,82,0,0,40,0,40,26,16,64,16,122,168,30,198,320
04/30/2002,GPT,MS,ASO,CE,Towers with Radar,21,14,48,49,132,0,0,55,5,60,21,14,103,54,192,174,74,248,440
05/01/2002,GPT,MS,ASO,CE,Towers with Radar,22,21,54,59,156,1,0,32,6,39,23,21,86,65,195,104,98,202,397
05/02/2002,GPT,MS,ASO,CE,Towers with Radar,16,21,21,70,128,1,0,36,7,44,17,21,57,77,172,86,72,158,330
05/03/2002,GPT,MS,ASO,CE,Towers with Radar,20,19,40,86,165,1,0,52,3,56,21,19,92,89,221,99,90,189,410
05/04/2002,GPT,MS,ASO,CE,Towers with Radar,24,13,35,28,100,1,0,58,10,69,25,13,93,38,169,173,0,173,342
05/05/2002,GPT,MS,ASO,CE,Towers with Radar,22,17,45,21,105,0,0,48,6,54,22,17,93,27,159,112,4,116,275
05/06/2002,GPT,MS,ASO,CE,Towers with Radar,19,17,27,98,161,0,0,41,5,46,19,17,68,103,207,102,68,170,377
05/07/2002,GPT,MS,ASO,CE,Towers with Radar,22,21,47,97,187,0,0,54,4,58,22,21,101,101,245,176,140,316,561
05/08/2002,GPT,MS,ASO,CE,Towers with Radar,20,22,41,81,164,0,1,48,3,52,20,23,89,84,216,124,107,231,447
05/09/2002,GPT,MS,ASO,CE,Towers with Radar,18,20,38,48,124,0,4,58,0,62,18,24,96,48,186,135,14,149,335
05/10/2002,GPT,MS,ASO,CE,Towers with Radar,17,19,60,36,132,0,0,68,7,75,17,19,128,43,207,99,36,135,342
05/11/2002,GPT,MS,ASO,CE,Towers with Radar,19,19,37,10,85,0,0,50,1,51,19,19,87,11,136,100,0,100,236
05/12/2002,GPT,MS,ASO,CE,Towers with Radar,17,18,25,4,64,0,0,32,1,33,17,18,57,5,97,60,6,66,163
05/13/2002,GPT,MS,ASO,CE,Towers with Radar,20,15,23,18,76,0,0,27,4,31,20,15,50,22,107,38,0,38,145
05/14/2002,GPT,MS,ASO,CE,Towers with Radar,27,15,39,69,150,0,0,51,1,52,27,15,90,70,202,88,30,118,320
05/15/2002,GPT,MS,ASO,CE,Towers with Radar,20,19,40,51,130,0,0,52,5,57,20,19,92,56,187,131,84,215,402
05/16/2002,GPT,MS,ASO,CE,Towers with Radar,20,25,48,60,153,0,0,53,39,92,20,25,101,99,245,71,64,135,380
05/17/2002,GPT,MS,ASO,CE,Towers with Radar,24,23,41,49,137,0,0,26,7,33,24,23,67,56,170,60,6,66,236
05/18/2002,GPT,MS,ASO,CE,Towers with Radar,22,14,31,17,84,0,0,13,5,18,22,14,44,22,102,41,0,41,143
05/19/2002,GPT,MS,ASO,CE,Towers with Radar,22,18,35,3,78,0,0,56,8,64,22,18,91,11,142,82,6,88,230
05/20/2002,GPT,MS,ASO,CE,Towers with Radar,20,18,41,42,121,0,0,65,5,70,20,18,106,47,191,126,56,182,373
05/21/2002,GPT,MS,ASO,CE,Towers with Radar,23,20,43,54,140,0,0,62,4,66,23,20,105,58,206,128,90,218,424
05/22/2002,GPT,MS,ASO,CE,Towers with Radar,20,22,39,71,152,0,0,62,10,72,20,22,101,81,224,140,28,168,392
05/23/2002,GPT,MS,ASO,CE,Towers with Radar,18,18,39,101,176,0,0,64,16,80,18,18,103,117,256,92,88,180,436
05/24/2002,GPT,MS,ASO,CE,Towers with Radar,20,23,55,22,120,0,0,81,0,81,20,23,136,22,201,122,34,156,357
05/25/2002,GPT,MS,ASO,CE,Towers with Radar,19,21,41,1,82,0,0,45,0,45,19,21,86,1,127,90,0,90,217
05/26/2002,GPT,MS,ASO,CE,Towers with Radar,12,10,22,7,51,5,9,56,0,70,17,19,78,7,121,106,0,106,227
05/27/2002,GPT,MS,ASO,CE,Towers with Radar,23,13,29,6,71,0,0,55,0,55,23,13,84,6,126,150,0,150,276
05/28/2002,GPT,MS,ASO,CE,Towers with Radar,22,17,41,52,132,0,0,35,10,45,22,17,76,62,177,80,80,160,337
05/29/2002,GPT,MS,ASO,CE,Towers with Radar,17,21,35,102,175,0,0,48,6,54,17,21,83,108,229,195,129,324,553
05/30/2002,GPT,MS,ASO,CE,Towers with Radar,18,18,26,68,130,0,1,44,2,47,18,19,70,70,177,125,107,232,409
05/31/2002,GPT,MS,ASO,CE,Towers with Radar,21,23,39,41,124,0,0,48,0,48,21,23,87,41,172,201,38,239,411
06/01/2002,GPT,MS,ASO,CE,Towers with Radar,14,12,22,10,58,3,7,80,0,90,17,19,102,10,148,190,0,190,338
06/02/2002,GPT,MS,ASO,CE,Towers with Radar,15,21,23,25,84,1,2,60,8,71,16,23,83,33,155,112,0,112,267
06/03/2002,GPT,MS,ASO,CE,Towers with Radar,20,16,31,43,110,0,0,60,6,66,20,16,91,49,176,190,30,220,396
06/04/2002,GPT,MS,ASO,CE,Towers with Radar,22,18,34,97,171,1,0,79,8,88,23,18,113,105,259,254,100,354,613
06/05/2002,GPT,MS,ASO,CE,Towers with Radar,19,21,38,84,162,1,0,44,4,49,20,21,82,88,211,104,196,300,511
06/06/2002,GPT,MS,ASO,CE,Towers with Radar,16,20,47,80,163,1,0,53,4,58,17,20,100,84,221,149,86,235,456
06/07/2002,GPT,MS,ASO,CE,Towers with Radar,25,23,41,48,137,0,0,50,0,50,25,23,91,48,187,104,22,126,313
06/08/2002,GPT,MS,ASO,CE,Towers with Radar,23,21,39,22,105,0,1,47,0,48,23,22,86,22,153,98,0,98,251
06/09/2002,GPT,MS,ASO,CE,Towers with Radar,27,21,43,8,99,0,1,6,0,7,27,22,49,8,106,28,0,28,134
06/10/2002,GPT,MS,ASO,CE,Towers with Radar,20,15,35,24,94,0,1,40,2,43,20,16,75,26,137,96,22,118,255
06/11/2002,GPT,MS,ASO,CE,Towers with Radar,25,17,32,81,155,0,1,56,9,66,25,18,88,90,221,150,86,236,457
06/12/2002,GPT,MS,ASO,CE,Towers with Radar,23,20,22,66,131,0,1,69,6,76,23,21,91,72,207,214,144,358,565
06/13/2002,GPT,MS,ASO,CE,Towers with Radar,18,26,38,82,164,0,1,77,5,83,18,27,115,87,247,165,85,250,497
06/14/2002,GPT,MS,ASO,CE,Towers with Radar,25,24,44,61,154,0,0,41,19,60,25,24,85,80,214,191,77,268,482
06/15/2002,GPT,MS,ASO,CE,Towers with Radar,21,18,29,16,84,0,0,64,2,66,21,18,93,18,150,147,0,147,297
06/16/2002,GPT,MS,ASO,CE,Towers with Radar,24,15,27,9,75,0,0,36,2,38,24,15,63,11,113,100,0,100,213
06/17/2002,GPT,MS,ASO,CE,Towers with Radar,22,19,21,40,102,0,0,43,5,48,22,19,64,45,150,188,102,290,440
06/18/2002,GPT,MS,ASO,CE,Towers with Radar,25,17,27,103,172,0,0,68,4,72,25,17,95,107,244,204,176,380,624
06/19/2002,GPT,MS,ASO,CE,Towers with Radar,21,20,27,33,101,0,0,52,3,55,21,20,79,36,156,202,80,282,438
06/20/2002,GPT,MS,ASO,CE,Towers with Radar,19,17,45,16,97,0,0,30,1,31,19,17,75,17,128,72,12,84,212
06/21/2002,GPT,MS,ASO,CE,Towers with Radar,27,22,42,57,148,0,0,35,16,51,27,22,77,73,199,84,51,135,334
06/22/2002,GPT,MS,ASO,CE,Towers with Radar,20,20,24,37,101,0,0,41,6,47,20,20,65,43,148,62,0,62,210
06/23/2002,GPT,MS,ASO,CE,Towers with Radar,23,23,32,3,81,0,0,21,0,21,23,23,53,3,102,38,4,42,144
06/24/2002,GPT,MS,ASO,CE,Towers with Radar,23,16,16,12,67,0,0,45,1,46,23,16,61,13,113,114,4,118,231
06/25/2002,GPT,MS,ASO,CE,Towers with Radar,25,18,32,84,159,0,0,49,4,53,25,18,81,88,212,126,180,306,518
06/26/2002,GPT,MS,ASO,CE,Towers with Radar,24,21,37,15,97,0,0,29,6,35,24,21,66,21,132,84,72,156,288
06/27/2002,GPT,MS,ASO,CE,Towers with Radar,21,16,31,41,109,1,0,43,0,44,22,16,74,41,153,104,40,144,297
06/28/2002,GPT,MS,ASO,CE,Towers with Radar,24,21,39,46,130,0,0,31,1,32,24,21,70,47,162,80,42,122,284
06/29/2002,GPT,MS,ASO,CE,Towers with Radar,20,19,28,27,94,0,0,49,4,53,20,19,77,31,147,171,2,173,320
06/30/2002,GPT,MS,ASO,CE,Towers with Radar,20,19,28,27,94,0,1,50,1,52,20,20,78,28,146,80,0,80,226
07/01/2002,GPT,MS,ASO,CE,Towers with Radar,19,18,20,57,114,0,0,54,10,64,19,18,74,67,178,172,80,252,430
07/02/2002,GPT,MS,ASO,CE,Towers with Radar,24,19,10,42,95,0,0,57,10,67,24,19,67,52,162,170,48,218,380
07/03/2002,GPT,MS,ASO,CE,Towers with Radar,22,23,48,36,129,0,0,59,5,64,22,23,107,41,193,107,91,198,391
07/04/2002,GPT,MS,ASO,CE,Towers with Radar,8,7,12,1,28,13,2,48,0,63,21,9,60,1,91,165,0,165,256
07/05/2002,GPT,MS,ASO,CE,Towers with Radar,21,16,18,0,55,0,0,33,1,34,21,16,51,1,89,96,0,96,185
07/06/2002,GPT,MS,ASO,CE,Towers with Radar,22,20,31,1,74,0,0,63,1,64,22,20,94,2,138,130,0,130,268
07/07/2002,GPT,MS,ASO,CE,Towers with Radar,18,18,29,6,71,4,6,51,0,61,22,24,80,6,132,62,0,62,194
07/08/2002,GPT,MS,ASO,CE,Towers with Radar,21,19,29,56,125,0,0,32,5,37,21,19,61,61,162,72,86,158,320
07/09/2002,GPT,MS,ASO,CE,Towers with Radar,22,22,30,68,142,0,0,54,14,68,22,22,84,82,210,158,155,313,523
07/10/2002,GPT,MS,ASO,CE,Towers with Radar,20,21,35,110,186,0,0,51,4,55,20,21,86,114,241,126,179,305,546
07/11/2002,GPT,MS,ASO,CE,Towers with Radar,19,23,42,57,141,0,0,42,20,62,19,23,84,77,203,104,172,276,479
07/12/2002,GPT,MS,ASO,CE,Towers with Radar,25,22,35,66,148,0,0,46,3,49,25,22,81,69,197,92,8,100,297
07/13/2002,GPT,MS,ASO,CE,Towers with Radar,16,15,24,25,80,1,9,59,0,69,17,24,83,25,149,96,8,104,253
07/14/2002,GPT,MS,ASO,CE,Towers with Radar,23,19,22,9,73,0,0,23,1,24,23,19,45,10,97,64,0,64,161
07/15/2002,GPT,MS,ASO,CE,Towers with Radar,26,20,21,29,96,0,0,46,5,51,26,20,67,34,147,134,4,138,285
07/16/2002,GPT,MS,ASO,CE,Towers with Radar,25,21,35,60,141,0,1,61,6,68,25,22,96,66,209,146,60,206,415
07/17/2002,GPT,MS,ASO,CE,Towers with Radar,22,18,46,82,168,0,0,81,18,99,22,18,127,100,267,294,60,354,621
07/18/2002,GPT,MS,ASO,CE,Towers with Radar,20,21,52,64,157,0,0,60,7,67,20,21,112,71,224,124,50,174,398
07/19/2002,GPT,MS,ASO,CE,Towers with Radar,23,22,68,81,194,0,0,70,5,75,23,22,138,86,269,156,78,234,503
07/20/2002,GPT,MS,ASO,CE,Towers with Radar,21,20,45,8,94,0,2,60,2,64,21,22,105,10,158,168,8,176,334
07/21/2002,GPT,MS,ASO,CE,Towers with Radar,19,18,31,23,91,0,5,46,0,51,19,23,77,23,142,46,8,54,196
07/22/2002,GPT,MS,ASO,CE,Towers with Radar,22,18,24,34,98,0,0,37,6,43,22,18,61,40,141,76,58,134,275
07/23/2002,GPT,MS,ASO,CE,Towers with Radar,22,20,43,58,143,0,0,33,45,78,22,20,76,103,221,182,90,272,493
07/24/2002,GPT,MS,ASO,CE,Towers with Radar,21,19,33,44,117,0,1,49,4,54,21,20,82,48,171,200,34,234,405
07/25/2002,GPT,MS,ASO,CE,Towers with Radar,17,22,39,46,124,0,1,46,0,47,17,23,85,46,171,94,61,155,326
07/26/2002,GPT,MS,ASO,CE,Towers with Radar,27,12,43,58,140,3,0,57,28,88,30,12,100,86,228,225,101,326,554
07/27/2002,GPT,MS,ASO,CE,Towers with Radar,13,12,22,7,54,8,6,58,0,72,21,18,80,7,126,99,0,99,225
07/28/2002,GPT,MS,ASO,CE,Towers with Radar,16,14,24,11,65,8,7,50,0,65,24,21,74,11,130,132,2,134,264
07/29/2002,GPT,MS,ASO,CE,Towers with Radar,20,21,36,50,127,0,2,31,18,51,20,23,67,68,178,184,104,288,466
07/30/2002,GPT,MS,ASO,CE,Towers with Radar,24,22,48,67,161,0,0,35,29,64,24,22,83,96,225,138,130,268,493
07/31/2002,GPT,MS,ASO,CE,Towers with Radar,20,19,36,50,125,0,0,41,5,46,20,19,77,55,171,84,76,160,331
08/01/2002,GPT,MS,ASO,CE,Towers with Radar,24,18,41,41,124,0,0,49,23,72,24,18,90,64,196,161,94,255,451
08/02/2002,GPT,MS,ASO,CE,Towers with Radar,22,22,35,35,114,0,0,29,14,43,22,22,64,49,157,18,96,114,271
08/03/2002,GPT,MS,ASO,CE,Towers with Radar,16,14,23,18,71,9,0,63,0,72,25,14,86,18,143,102,6,108,251
08/04/2002,GPT,MS,ASO,CE,Towers with Radar,15,13,22,8,58,9,7,42,0,58,24,20,64,8,116,52,4,56,172
08/05/2002,GPT,MS,ASO,CE,Towers with Radar,14,12,20,14,60,6,9,29,0,44,20,21,49,14,104,154,0,154,258
08/06/2002,GPT,MS,ASO,CE,Towers with Radar,17,14,24,18,73,12,3,63,0,78,29,17,87,18,151,240,0,240,391
08/07/2002,GPT,MS,ASO,CE,Towers with Radar,22,18,30,26,96,2,1,58,0,61,24,19,88,26,157,132,16,148,305
08/08/2002,GPT,MS,ASO,CE,Towers with Radar,19,16,27,16,78,2,0,37,0,39,21,16,64,16,117,72,24,96,213
08/09/2002,GPT,MS,ASO,CE,Towers with Radar,25,19,37,37,118,0,0,69,27,96,25,19,106,64,214,154,83,237,451
08/10/2002,GPT,MS,ASO,CE,Towers with Radar,17,15,25,12,69,5,5,79,0,89,22,20,104,12,158,123,0,123,281
08/11/2002,GPT,MS,ASO,CE,Towers with Radar,18,14,25,13,70,8,7,25,0,40,26,21,50,13,110,48,12,60,170
08/12/2002,GPT,MS,ASO,CE,Towers with Radar,22,18,32,31,103,0,0,40,16,56,22,18,72,47,159,228,116,344,503
08/13/2002,GPT,MS,ASO,CE,Towers with Radar,24,19,32,33,108,0,3,43,16,62,24,22,75,49,170,248,54,302,472
08/14/2002,GPT,MS,ASO,CE,Towers with Radar,20,20,34,35,109,0,0,40,26,66,20,20,74,61,175,170,51,221,396
08/15/2002,GPT,MS,ASO,CE,Towers with Radar,19,20,40,40,119,0,0,46,11,57,19,20,86,51,176,196,57,253,429
08/16/2002,GPT,MS,ASO,CE,Towers with Radar,27,17,40,36,120,0,0,45,0,45,27,17,85,36,165,122,14,136,301
08/17/2002,GPT,MS,ASO,CE,Towers with Radar,18,15,25,26,84,8,1,48,3,60,26,16,73,29,144,156,14,170,314
08/18/2002,GPT,MS,ASO,CE,Towers with Radar,18,14,23,18,73,6,3,51,0,60,24,17,74,18,133,134,8,142,275
08/19/2002,GPT,MS,ASO,CE,Towers with Radar,21,16,28,29,94,2,2,44,1,49,23,18,72,30,143,138,56,194,337
08/20/2002,GPT,MS,ASO,CE,Towers with Radar,26,26,45,47,144,0,0,52,42,94,26,26,97,89,238,156,162,318,556
08/21/2002,GPT,MS,ASO,CE,Towers with Radar,23,20,36,38,117,0,0,60,2,62,23,20,96,40,179,168,66,234,413
08/22/2002,GPT,MS,ASO,CE,Towers with Radar,21,19,37,38,115,0,0,36,19,55,21,19,73,57,170,156,52,208,378
08/23/2002,GPT,MS,ASO,CE,Towers with Radar,23,30,52,54,159,0,0,52,22,74,23,30,104,76,233,159,56,215,448
08/24/2002,GPT,MS,ASO,CE,Towers with Radar,20,14,26,28,88,3,0,75,16,94,23,14,101,44,182,106,14,120,302
08/25/2002,GPT,MS,ASO,CE,Towers with Radar,20,16,26,9,71,8,2,55,0,65,28,18,81,9,136,64,0,64,200
08/26/2002,GPT,MS,ASO,CE,Towers with Radar,20,15,25,21,81,5,2,35,0,42,25,17,60,21,123,94,20,114,237
08/27/2002,GPT,MS,ASO,CE,Towers with Radar,26,19,35,37,117,0,0,56,6,62,26,19,91,43,179,126,28,154,333
08/28/2002,GPT,MS,ASO,CE,Towers with Radar,26,16,44,46,132,0,0,81,33,114,26,16,125,79,246,113,105,218,464
08/29/2002,GPT,MS,ASO,CE,Towers with Radar,16,23,37,39,115,0,5,56,13,74,16,28,93,52,189,136,80,216,405
08/30/2002,GPT,MS,ASO,CE,Towers with Radar,26,21,36,11,94,0,0,84,0,84,26,21,120,11,178,234,12,246,424
08/31/2002,GPT,MS,ASO,CE,Towers with Radar,14,11,20,1,46,5,9,31,0,45,19,20,51,1,91,52,0,52,143
09/01/2002,GPT,MS,ASO,CE,Towers with Radar,21,8,26,4,59,1,0,29,1,31,22,8,55,5,90,74,0,74,164
09/02/2002,GPT,MS,ASO,CE,Towers with Radar,26,8,16,0,50,0,0,39,0,39,26,8,55,0,89,244,0,244,333
09/03/2002,GPT,MS,ASO,CE,Towers with Radar,29,16,22,42,109,0,2,51,6,59,29,18,73,48,168,240,18,258,426
09/04/2002,GPT,MS,ASO,CE,Towers with Radar,25,17,25,45,112,0,0,59,5,64,25,17,84,50,176,236,56,292,468
09/05/2002,GPT,MS,ASO,CE,Towers with Radar,26,14,31,41,112,0,0,61,7,68,26,14,92,48,180,140,81,221,401
09/06/2002,GPT,MS,ASO,CE,Towers with Radar,26,20,31,23,100,0,0,44,8,52,26,20,75,31,152,86,25,111,263
09/07/2002,GPT,MS,ASO,CE,Towers with Radar,14,8,14,2,38,12,5,2,0,19,26,13,16,2,57,0,0,0,57
09/08/2002,GPT,MS,ASO,CE,Towers with Radar,26,15,28,10,79,0,0,43,5,48,26,15,71,15,127,76,20,96,223
09/09/2002,GPT,MS,ASO,CE,Towers with Radar,27,14,33,31,105,0,0,32,33,65,27,14,65,64,170,142,24,166,336
09/10/2002,GPT,MS,ASO,CE,Towers with Radar,24,16,43,69,152,0,0,65,12,77,24,16,108,81,229,190,96,286,515
09/11/2002,GPT,MS,ASO,CE,Towers with Radar,20,12,50,64,146,0,0,57,7,64,20,12,107,71,210,126,113,239,449
09/12/2002,GPT,MS,ASO,CE,Towers with Radar,24,13,32,50,119,0,0,61,7,68,24,13,93,57,187,177,28,205,392
09/13/2002,GPT,MS,ASO,CE,Towers with Radar,27,20,38,3,88,0,0,28,2,30,27,20,66,5,118,60,1,61,179
09/14/2002,GPT,MS,ASO,CE,Towers with Radar,21,22,21,0,64,0,0,6,0,6,21,22,27,0,70,28,0,28,98
09/15/2002,GPT,MS,ASO,CE,Towers with Radar,27,17,25,3,72,0,0,26,4,30,27,17,51,7,102,70,0,70,172
09/16/2002,GPT,MS,ASO,CE,Towers with Radar,28,15,33,43,119,0,1,46,4,51,28,16,79,47,170,136,38,174,344
09/17/2002,GPT,MS,ASO,CE,Towers with Radar,30,17,44,84,175,0,0,71,4,75,30,17,115,88,250,192,172,364,614
09/18/2002,GPT,MS,ASO,CE,Towers with Radar,27,19,46,21,113,0,0,67,4,71,27,19,113,25,184,168,0,168,352
09/19/2002,GPT,MS,ASO,CE,Towers with Radar,30,15,47,98,190,0,0,46,6,52,30,15,93,104,242,135,91,226,468
09/20/2002,GPT,MS,ASO,CE,Towers with Radar,29,17,40,37,123,0,0,47,6,53,29,17,87,43,176,193,72,265,441
09/21/2002,GPT,MS,ASO,CE,Towers with Radar,20,12,24,9,65,7,6,49,0,62,27,18,73,9,127,101,0,101,228
09/22/2002,GPT,MS,ASO,CE,Towers with Radar,21,12,24,5,62,0,9,17,0,26,21,21,41,5,88,32,0,32,120
09/23/2002,GPT,MS,ASO,CE,Towers with Radar,26,16,30,29,101,0,1,30,0,31,26,17,60,29,132,185,20,205,337
09/24/2002,GPT,MS,ASO,CE,Towers with Radar,25,14,27,6,72,5,2,23,0,30,30,16,50,6,102,44,0,44,146
09/25/2002,GPT,MS,ASO,CE,Towers with Radar,9,12,1,0,22,0,0,1,1,2,9,12,2,1,24,0,0,0,24
09/26/2002,GPT,MS,ASO,CE,Towers with Radar,15,8,3,0,26,0,0,8,0,8,15,8,11,0,34,0,0,0,34
09/27/2002,GPT,MS,ASO,CE,Towers with Radar,23,16,25,38,102,0,0,27,8,35,23,16,52,46,137,15,48,63,200
09/28/2002,GPT,MS,ASO,CE,Towers with Radar,26,16,14,1,57,0,0,53,1,54,26,16,67,2,111,60,0,60,171
09/29/2002,GPT,MS,ASO,CE,Towers with Radar,29,13,32,1,75,0,2,40,1,43,29,15,72,2,118,104,0,104,222
09/30/2002,GPT,MS,ASO,CE,Towers with Radar,25,17,34,13,89,0,0,45,1,46,25,17,79,14,135,100,0,100,235
10/01/2002,GPT,MS,ASO,CE,Towers with Radar,28,15,22,40,105,1,0,53,4,58,29,15,75,44,163,142,2,144,307
10/02/2002,GPT,MS,ASO,CE,Towers with Radar,26,24,36,13,99,0,0,22,8,30,26,24,58,21,129,56,30,86,215
10/03/2002,GPT,MS,ASO,CE,Towers with Radar,11,0,0,0,11,1,0,0,0,1,12,0,0,0,12,0,0,0,12
10/04/2002,GPT,MS,ASO,CE,Towers with Radar,22,19,23,11,75,1,0,18,8,27,23,19,41,19,102,34,23,57,159
10/05/2002,GPT,MS,ASO,CE,Towers with Radar,21,17,28,5,71,1,0,31,0,32,22,17,59,5,103,118,0,118,221
10/06/2002,GPT,MS,ASO,CE,Towers with Radar,18,22,24,12,76,1,1,39,5,46,19,23,63,17,122,152,2,154,276
10/07/2002,GPT,MS,ASO,CE,Towers with Radar,26,20,16,39,101,1,0,23,2,26,27,20,39,41,127,134,86,220,347
10/08/2002,GPT,MS,ASO,CE,Towers with Radar,29,14,48,69,160,1,0,36,3,40,30,14,84,72,200,134,34,168,368
10/09/2002,GPT,MS,ASO,CE,Towers with Radar,22,15,31,16,84,3,7,59,0,69,25,22,90,16,153,163,0,163,316
10/10/2002,GPT,MS,ASO,CE,Towers with Radar,25,18,41,12,96,1,0,12,0,13,26,18,53,12,109,18,2,20,129
10/11/2002,GPT,MS,ASO,CE,Towers with Radar,35,12,47,29,123,1,0,36,4,41,36,12,83,33,164,124,12,136,300
10/12/2002,GPT,MS,ASO,CE,Towers with Radar,24,18,33,20,95,1,0,56,0,57,25,18,89,20,152,130,30,160,312
10/13/2002,GPT,MS,ASO,CE,Towers with Radar,25,14,35,9,83,1,0,49,2,52,26,14,84,11,135,172,20,192,327
10/14/2002,GPT,MS,ASO,CE,Towers with Radar,25,15,20,9,69,0,0,30,0,30,25,15,50,9,99,84,0,84,183
10/15/2002,GPT,MS,ASO,CE,Towers with Radar,28,16,44,88,176,0,0,14,1,15,28,16,58,89,191,56,82,138,329
10/16/2002,GPT,MS,ASO,CE,Towers with Radar,25,15,50,62,152,0,0,79,5,84,25,15,129,67,236,192,120,312,548
10/17/2002,GPT,MS,ASO,CE,Towers with Radar,26,14,39,62,141,0,0,72,6,78,26,14,111,68,219,116,98,214,433
10/18/2002,GPT,MS,ASO,CE,Towers with Radar,31,23,32,105,191,0,0,69,12,81,31,23,101,117,272,117,89,206,478
10/19/2002,GPT,MS,ASO,CE,Towers with Radar,24,17,28,20,89,0,0,61,5,66,24,17,89,25,155,152,4,156,311
10/20/2002,GPT,MS,ASO,CE,Towers with Radar,24,24,26,23,97,0,0,34,0,34,24,24,60,23,131,114,20,134,265
10/21/2002,GPT,MS,ASO,CE,Towers with Radar,30,14,29,36,109,0,0,2,0,2,30,14,31,36,111,0,0,0,111
10/22/2002,GPT,MS,ASO,CE,Towers with Radar,31,15,38,108,192,0,0,50,5,55,31,15,88,113,247,188,232,420,667
10/23/2002,GPT,MS,ASO,CE,Towers with Radar,26,17,33,40,116,0,0,0,0,0,26,17,33,40,116,0,0,0,116
10/24/2002,GPT,MS,ASO,CE,Towers with Radar,23,18,45,76,162,0,0,9,0,9,23,18,54,76,171,110,28,138,309
10/25/2002,GPT,MS,ASO,CE,Towers with Radar,29,21,53,37,140,0,0,20,0,20,29,21,73,37,160,74,4,78,238
10/26/2002,GPT,MS,ASO,CE,Towers with Radar,25,14,16,12,67,0,0,25,0,25,25,14,41,12,92,80,0,80,172
10/27/2002,GPT,MS,ASO,CE,Towers with Radar,26,25,16,7,74,0,0,0,0,0,26,25,16,7,74,0,0,0,74
10/28/2002,GPT,MS,ASO,CE,Towers with Radar,28,13,25,18,84,0,0,42,0,42,28,13,67,18,126,181,6,187,313
10/29/2002,GPT,MS,ASO,CE,Towers with Radar,22,14,28,20,84,4,1,11,0,16,26,15,39,20,100,20,8,28,128
10/30/2002,GPT,MS,ASO,CE,Towers with Radar,21,25,49,58,153,0,0,42,49,91,21,25,91,107,244,83,118,201,445
10/31/2002,GPT,MS,ASO,CE,Towers with Radar,23,18,59,95,195,0,0,63,10,73,23,18,122,105,268,181,164,345,613
11/01/2002,GPT,MS,ASO,CE,Towers with Radar,30,15,42,58,145,0,1,59,0,60,30,16,101,58,205,187,93,280,485
11/02/2002,GPT,MS,ASO,CE,Towers with Radar,23,17,15,20,75,0,3,56,7,66,23,20,71,27,141,126,22,148,289
11/03/2002,GPT,MS,ASO,CE,Towers with Radar,27,12,33,32,104,0,1,19,6,26,27,13,52,38,130,100,36,136,266
11/04/2002,GPT,MS,ASO,CE,Towers with Radar,21,20,21,17,79,0,1,11,9,21,21,21,32,26,100,91,6,97,197
11/05/2002,GPT,MS,ASO,CE,Towers with Radar,26,12,24,16,78,0,1,8,0,9,26,13,32,16,87,28,0,28,115
11/06/2002,GPT,MS,ASO,CE,Towers with Radar,25,16,52,78,171,0,1,45,5,51,25,17,97,83,222,93,40,133,355
11/07/2002,GPT,MS,ASO,CE,Towers with Radar,25,16,36,72,149,0,3,76,11,90,25,19,112,83,239,204,165,369,608
11/08/2002,GPT,MS,ASO,CE,Towers with Radar,27,17,33,28,105,4,0,45,0,49,31,17,78,28,154,148,0,148,302
11/09/2002,GPT,MS,ASO,CE,Towers with Radar,24,16,29,30,99,3,0,30,0,33,27,16,59,30,132,94,8,102,234
11/10/2002,GPT,MS,ASO,CE,Towers with Radar,24,20,32,18,94,0,1,15,0,16,24,21,47,18,110,28,4,32,142
11/11/2002,GPT,MS,ASO,CE,Towers with Radar,30,14,23,4,71,0,1,5,0,6,30,15,28,4,77,4,0,4,81
11/12/2002,GPT,MS,ASO,CE,Towers with Radar,20,27,46,63,156,0,1,31,8,40,20,28,77,71,196,66,100,166,362
11/13/2002,GPT,MS,ASO,CE,Towers with Radar,20,28,37,100,185,0,1,53,9,63,20,29,90,109,248,88,126,214,462
11/14/2002,GPT,MS,ASO,CE,Towers with Radar,20,30,44,72,166,0,0,52,16,68,20,30,96,88,234,63,82,145,379
11/15/2002,GPT,MS,ASO,CE,Towers with Radar,22,29,38,39,128,0,0,29,5,34,22,29,67,44,162,76,44,120,282
11/16/2002,GPT,MS,ASO,CE,Towers with Radar,24,18,13,46,101,0,0,8,12,20,24,18,21,58,121,13,0,13,134
11/17/2002,GPT,MS,ASO,CE,Towers with Radar,17,24,25,15,81,0,0,44,16,60,17,24,69,31,141,107,2,109,250
11/18/2002,GPT,MS,ASO,CE,Towers with Radar,25,15,31,41,112,5,0,55,8,68,30,15,86,49,180,160,2,162,342
11/19/2002,GPT,MS,ASO,CE,Towers with Radar,26,18,54,81,179,0,0,29,3,32,26,18,83,84,211,74,109,183,394
11/20/2002,GPT,MS,ASO,CE,Towers with Radar,24,17,41,54,136,0,0,14,37,51,24,17,55,91,187,86,115,201,388
11/21/2002,GPT,MS,ASO,CE,Towers with Radar,19,27,34,64,144,0,0,70,2,72,19,27,104,66,216,184,102,286,502
11/22/2002,GPT,MS,ASO,CE,Towers with Radar,27,19,36,46,128,2,0,78,20,100,29,19,114,66,228,138,39,177,405
11/23/2002,GPT,MS,ASO,CE,Towers with Radar,21,17,24,36,98,0,0,54,4,58,21,17,78,40,156,114,24,138,294
11/24/2002,GPT,MS,ASO,CE,Towers with Radar,19,13,24,28,84,9,4,58,0,71,28,17,82,28,155,102,10,112,267
11/25/2002,GPT,MS,ASO,CE,Towers with Radar,23,19,25,55,122,0,0,44,4,48,23,19,69,59,170,122,25,147,317
11/26/2002,GPT,MS,ASO,CE,Towers with Radar,28,15,26,87,156,0,0,47,6,53,28,15,73,93,209,102,46,148,357
11/27/2002,GPT,MS,ASO,CE,Towers with Radar,27,19,44,46,136,0,0,29,2,31,27,19,73,48,167,51,40,91,258
11/28/2002,GPT,MS,ASO,CE,Towers with Radar,19,10,9,0,38,0,0,10,0,10,19,10,19,0,48,0,0,0,48
11/29/2002,GPT,MS,ASO,CE,Towers with Radar,25,13,21,1,60,0,0,28,1,29,25,13,49,2,89,18,0,18,107
11/30/2002,GPT,MS,ASO,CE,Towers with Radar,26,17,33,0,76,0,0,33,0,33,26,17,66,0,109,64,0,64,173
12/01/2002,GPT,MS,ASO,CE,Towers with Radar,21,22,17,2,62,1,1,23,0,25,22,23,40,2,87,42,0,42,129
12/02/2002,GPT,MS,ASO,CE,Towers with Radar,21,18,34,60,133,0,0,36,41,77,21,18,70,101,210,230,136,366,576
12/03/2002,GPT,MS,ASO,CE,Towers with Radar,26,17,37,120,200,0,1,35,9,45,26,18,72,129,245,90,100,190,435
12/04/2002,GPT,MS,ASO,CE,Towers with Radar,28,11,38,94,171,0,1,27,0,28,28,12,65,94,199,92,164,256,455
12/05/2002,GPT,MS,ASO,CE,Towers with Radar,22,19,31,104,176,1,0,14,3,18,23,19,45,107,194,48,14,62,256
12/06/2002,GPT,MS,ASO,CE,Towers with Radar,26,19,28,97,170,1,0,61,5,67,27,19,89,102,237,122,75,197,434
12/07/2002,GPT,MS,ASO,CE,Towers with Radar,20,16,22,40,98,3,1,63,18,85,23,17,85,58,183,120,14,134,317
12/08/2002,GPT,MS,ASO,CE,Towers with Radar,19,27,27,36,109,1,0,47,0,48,20,27,74,36,157,164,12,176,333
12/09/2002,GPT,MS,ASO,CE,Towers with Radar,25,19,28,50,122,0,0,20,14,34,25,19,48,64,156,70,64,134,290
12/10/2002,GPT,MS,ASO,CE,Towers with Radar,27,15,16,42,100,1,0,1,0,2,28,15,17,42,102,0,0,0,102
12/11/2002,GPT,MS,ASO,CE,Towers with Radar,23,18,34,65,140,1,0,59,12,72,24,18,93,77,212,121,93,214,426
12/12/2002,GPT,MS,ASO,CE,Towers with Radar,21,22,36,79,158,1,0,36,3,40,22,22,72,82,198,114,83,197,395
12/13/2002,GPT,MS,ASO,CE,Towers with Radar,26,25,39,67,157,0,0,16,46,62,26,25,55,113,219,54,78,132,351
12/14/2002,GPT,MS,ASO,CE,Towers with Radar,24,16,21,20,81,1,0,54,0,55,25,16,75,20,136,156,0,156,292
12/15/2002,GPT,MS,ASO,CE,Towers with Radar,25,18,26,30,99,1,0,61,0,62,26,18,87,30,161,84,1,85,246
12/16/2002,GPT,MS,ASO,CE,Towers with Radar,22,22,31,57,132,0,0,34,19,53,22,22,65,76,185,114,20,134,319
12/17/2002,GPT,MS,ASO,CE,Towers with Radar,21,21,34,95,171,1,0,41,7,49,22,21,75,102,220,88,98,186,406
12/18/2002,GPT,MS,ASO,CE,Towers with Radar,19,23,24,59,125,1,1,25,4,31,20,24,49,63,156,53,10,63,219
12/19/2002,GPT,MS,ASO,CE,Towers with Radar,21,18,24,23,86,1,0,4,0,5,22,18,28,23,91,2,39,41,132
12/20/2002,GPT,MS,ASO,CE,Towers with Radar,25,18,28,31,102,3,0,72,0,75,28,18,100,31,177,134,23,157,334
12/21/2002,GPT,MS,ASO,CE,Towers with Radar,20,18,19,8,65,1,0,50,0,51,21,18,69,8,116,64,1,65,181
12/22/2002,GPT,MS,ASO,CE,Towers with Radar,24,14,18,5,61,1,0,16,0,17,25,14,34,5,78,64,0,64,142
12/23/2002,GPT,MS,ASO,CE,Towers with Radar,17,12,15,14,58,8,3,0,0,11,25,15,15,14,69,0,14,14,83
12/24/2002,GPT,MS,ASO,CE,Towers with Radar,30,10,10,0,50,0,1,9,0,10,30,11,19,0,60,6,0,6,66
12/25/2002,GPT,MS,ASO,CE,Towers with Radar,17,13,6,0,36,0,1,9,0,10,17,14,15,0,46,0,0,0,46
12/26/2002,GPT,MS,ASO,CE,Towers with Radar,25,12,24,13,74,0,1,43,0,44,25,13,67,13,118,67,29,96,214
12/27/2002,GPT,MS,ASO,CE,Towers with Radar,25,18,25,15,83,0,1,49,1,51,25,19,74,16,134,95,0,95,229
12/28/2002,GPT,MS,ASO,CE,Towers with Radar,21,16,25,0,62,0,1,56,0,57,21,17,81,0,119,93,0,93,212
12/29/2002,GPT,MS,ASO,CE,Towers with Radar,24,20,21,3,68,0,1,51,0,52,24,21,72,3,120,115,0,115,235
12/30/2002,GPT,MS,ASO,CE,Towers with Radar,28,14,41,25,108,0,1,34,2,37,28,15,75,27,145,82,22,104,249
12/31/2002,GPT,MS,ASO,CE,Towers with Radar,20,20,28,0,68,0,1,6,0,7,20,21,34,0,75,10,0,10,85
01/01/2003,GPT,MS,ASO,CE,Towers with Radar,19,16,27,0,62,1,1,9,0,11,20,17,36,0,73,0,0,0,73
01/02/2003,GPT,MS,ASO,CE,Towers with Radar,23,26,43,23,115,0,1,29,3,33,23,27,72,26,148,94,4,98,246
01/03/2003,GPT,MS,ASO,CE,Towers with Radar,20,15,28,34,97,6,4,46,0,56,26,19,74,34,153,134,33,167,320
01/04/2003,GPT,MS,ASO,CE,Towers with Radar,17,13,23,21,74,3,5,62,0,70,20,18,85,21,144,114,4,118,262
01/05/2003,GPT,MS,ASO,CE,Towers with Radar,22,21,28,12,83,0,0,57,3,60,22,21,85,15,143,114,16,130,273
01/06/2003,GPT,MS,ASO,CE,Towers with Radar,25,15,20,43,103,0,0,36,5,41,25,15,56,48,144,100,10,110,254
01/07/2003,GPT,MS,ASO,CE,Towers with Radar,23,17,28,46,114,0,0,34,3,37,23,17,62,49,151,86,34,120,271
01/08/2003,GPT,MS,ASO,CE,Towers with Radar,25,16,31,60,132,0,0,29,4,33,25,16,60,64,165,136,30,166,331
01/09/2003,GPT,MS,ASO,CE,Towers with Radar,24,19,41,59,143,0,0,38,0,38,24,19,79,59,181,86,52,138,319
01/10/2003,GPT,MS,ASO,CE,Towers with Radar,30,16,34,112,192,0,0,22,8,30,30,16,56,120,222,72,30,102,324
01/11/2003,GPT,MS,ASO,CE,Towers with Radar,24,14,21,67,126,0,0,56,2,58,24,14,77,69,184,96,44,140,324
01/12/2003,GPT,MS,ASO,CE,Towers with Radar,22,21,18,47,108,0,0,40,1,41,22,21,58,48,149,38,24,62,211
01/13/2003,GPT,MS,ASO,CE,Towers with Radar,24,13,33,49,119,5,0,49,8,62,29,13,82,57,181,90,6,96,277
01/14/2003,GPT,MS,ASO,CE,Towers with Radar,23,20,47,56,146,0,0,37,5,42,23,20,84,61,188,88,82,170,358
01/15/2003,GPT,MS,ASO,CE,Towers with Radar,22,22,50,59,153,0,0,48,16,64,22,22,98,75,217,34,119,153,370
01/16/2003,GPT,MS,ASO,CE,Towers with Radar,22,26,40,66,154,0,1,31,7,39,22,27,71,73,193,84,140,224,417
01/17/2003,GPT,MS,ASO,CE,Towers with Radar,33,13,45,55,146,0,0,49,5,54,33,13,94,60,200,74,31,105,305
01/18/2003,GPT,MS,ASO,CE,Towers with Radar,22,18,22,15,77,0,0,43,1,44,22,18,65,16,121,68,0,68,189
01/19/2003,GPT,MS,ASO,CE,Towers with Radar,27,19,30,12,88,0,0,34,1,35,27,19,64,13,123,34,0,34,157
01/20/2003,GPT,MS,ASO,CE,Towers with Radar,24,17,32,30,103,0,0,22,3,25,24,17,54,33,128,42,12,54,182
01/21/2003,GPT,MS,ASO,CE,Towers with Radar,26,15,19,63,123,0,1,23,15,39,26,16,42,78,162,82,50,132,294
01/22/2003,GPT,MS,ASO,CE,Towers with Radar,25,18,31,79,153,0,1,10,2,13,25,19,41,81,166,75,29,104,270
01/23/2003,GPT,MS,ASO,CE,Towers with Radar,24,19,18,75,136,0,0,21,15,36,24,19,39,90,172,2,36,38,210
01/24/2003,GPT,MS,ASO,CE,Towers with Radar,33,16,36,74,159,0,0,57,5,62,33,16,93,79,221,144,57,201,422
01/25/2003,GPT,MS,ASO,CE,Towers with Radar,26,19,41,39,125,0,0,39,2,41,26,19,80,41,166,72,8,80,246
01/26/2003,GPT,MS,ASO,CE,Towers with Radar,22,26,17,19,84,0,0,13,4,17,22,26,30,23,101,90,8,98,199
01/27/2003,GPT,MS,ASO,CE,Towers with Radar,23,28,37,41,129,0,0,50,3,53,23,28,87,44,182,202,38,240,422
01/28/2003,GPT,MS,ASO,CE,Towers with Radar,21,22,27,75,145,0,0,57,5,62,21,22,84,80,207,186,126,312,519
01/29/2003,GPT,MS,ASO,CE,Towers with Radar,20,22,44,80,166,0,0,35,7,42,20,22,79,87,208,178,94,272,480
01/30/2003,GPT,MS,ASO,CE,Towers with Radar,21,21,42,72,156,0,0,15,4,19,21,21,57,76,175,104,49,153,328
01/31/2003,GPT,MS,ASO,CE,Towers with Radar,25,27,45,67,164,0,2,18,0,20,25,29,63,67,184,82,6,88,272
02/01/2003,GPT,MS,ASO,CE,Towers with Radar,23,23,31,18,95,1,0,62,6,69,24,23,93,24,164,112,0,112,276
02/02/2003,GPT,MS,ASO,CE,Towers with Radar,25,27,32,13,97,0,0,54,8,62,25,27,86,21,159,134,8,142,301
02/03/2003,GPT,MS,ASO,CE,Towers with Radar,24,14,28,52,118,0,0,20,6,26,24,14,48,58,144,60,22,82,226
02/04/2003,GPT,MS,ASO,CE,Towers with Radar,26,16,20,39,101,0,0,46,7,53,26,16,66,46,154,140,22,162,316
02/05/2003,GPT,MS,ASO,CE,Towers with Radar,26,15,39,70,150,0,0,41,7,48,26,15,80,77,198,106,125,231,429
02/06/2003,GPT,MS,ASO,CE,Towers with Radar,30,22,36,79,167,0,0,4,8,12,30,22,40,87,179,0,44,44,223
02/07/2003,GPT,MS,ASO,CE,Towers with Radar,28,26,36,66,156,0,0,0,0,0,28,26,36,66,156,18,81,99,255
02/08/2003,GPT,MS,ASO,CE,Towers with Radar,26,24,18,16,84,0,0,24,2,26,26,24,42,18,110,38,45,83,193
02/09/2003,GPT,MS,ASO,CE,Towers with Radar,28,28,35,17,108,0,0,17,4,21,28,28,52,21,129,116,0,116,245
02/10/2003,GPT,MS,ASO,CE,Towers with Radar,21,19,32,40,112,0,0,49,0,49,21,19,81,40,161,84,74,158,319
02/11/2003,GPT,MS,ASO,CE,Towers with Radar,19,23,33,65,140,1,0,41,3,45,20,23,74,68,185,80,78,158,343
02/12/2003,GPT,MS,ASO,CE,Towers with Radar,21,19,45,80,165,1,0,47,7,55,22,19,92,87,220,83,93,176,396
02/13/2003,GPT,MS,ASO,CE,Towers with Radar,21,22,45,100,188,1,0,51,8,60,22,22,96,108,248,76,90,166,414
02/14/2003,GPT,MS,ASO,CE,Towers with Radar,22,24,36,37,119,0,2,56,0,58,22,26,92,37,177,128,26,154,331
02/15/2003,GPT,MS,ASO,CE,Towers with Radar,16,27,17,7,67,1,0,19,2,22,17,27,36,9,89,38,0,38,127
02/16/2003,GPT,MS,ASO,CE,Towers with Radar,20,27,33,10,90,1,0,7,1,9,21,27,40,11,99,29,0,29,128
02/17/2003,GPT,MS,ASO,CE,Towers with Radar,26,18,34,20,98,1,0,46,2,49,27,18,80,22,147,144,6,150,297
02/18/2003,GPT,MS,ASO,CE,Towers with Radar,24,17,40,94,175,1,0,58,1,60,25,17,98,95,235,176,146,322,557
02/19/2003,GPT,MS,ASO,CE,Towers with Radar,27,18,43,93,181,1,1,68,6,76,28,19,111,99,257,212,74,286,543
02/20/2003,GPT,MS,ASO,CE,Towers with Radar,27,22,35,57,141,1,0,22,4,27,28,22,57,61,168,103,48,151,319
02/21/2003,GPT,MS,ASO,CE,Towers with Radar,24,36,21,2,83,1,0,0,0,1,25,36,21,2,84,0,0,0,84
02/22/2003,GPT,MS,ASO,CE,Towers with Radar,23,29,14,32,98,1,0,8,0,9,24,29,22,32,107,0,6,6,113
02/23/2003,GPT,MS,ASO,CE,Towers with Radar,31,35,22,27,115,0,1,61,2,64,31,36,83,29,179,121,28,149,328
02/24/2003,GPT,MS,ASO,CE,Towers with Radar,24,15,39,53,131,0,1,48,9,58,24,16,87,62,189,185,32,217,406
02/25/2003,GPT,MS,ASO,CE,Towers with Radar,26,21,35,46,128,0,1,46,8,55,26,22,81,54,183,160,36,196,379
02/26/2003,GPT,MS,ASO,CE,Towers with Radar,25,14,28,19,86,0,0,1,1,2,25,14,29,20,88,1,0,1,89
02/27/2003,GPT,MS,ASO,CE,Towers with Radar,31,17,59,110,217,0,0,28,3,31,31,17,87,113,248,76,24,100,348
02/28/2003,GPT,MS,ASO,CE,Towers with Radar,33,17,63,111,224,0,0,33,2,35,33,17,96,113,259,81,42,123,382
03/01/2003,GPT,MS,ASO,CE,Towers with Radar,27,19,32,68,146,0,0,18,2,20,27,19,50,70,166,74,35,109,275
03/02/2003,GPT,MS,ASO,CE,Towers with Radar,21,28,48,24,121,0,0,41,8,49,21,28,89,32,170,124,4,128,298
03/03/2003,GPT,MS,ASO,CE,Towers with Radar,17,13,24,15,69,4,5,42,0,51,21,18,66,15,120,95,0,95,215
03/04/2003,GPT,MS,ASO,CE,Towers with Radar,19,25,29,32,105,0,0,0,2,2,19,25,29,34,107,0,0,0,107
03/05/2003,GPT,MS,ASO,CE,Towers with Radar,26,15,29,34,104,0,0,1,2,3,26,15,30,36,107,0,0,0,107
03/06/2003,GPT,MS,ASO,CE,Towers with Radar,28,24,35,65,152,0,0,19,7,26,28,24,54,72,178,83,110,193,371
03/07/2003,GPT,MS,ASO,CE,Towers with Radar,25,18,47,130,220,0,0,40,5,45,25,18,87,135,265,125,145,270,535
03/08/2003,GPT,MS,ASO,CE,Towers with Radar,22,24,31,12,89,0,0,0,4,4,22,24,31,16,93,0,0,0,93
03/09/2003,GPT,MS,ASO,CE,Towers with Radar,25,31,51,39,146,0,0,53,7,60,25,31,104,46,206,140,0,140,346
03/10/2003,GPT,MS,ASO,CE,Towers with Radar,27,18,33,83,161,0,0,60,15,75,27,18,93,98,236,130,120,250,486
03/11/2003,GPT,MS,ASO,CE,Towers with Radar,21,20,37,93,171,0,0,53,9,62,21,20,90,102,233,135,115,250,483
03/12/2003,GPT,MS,ASO,CE,Towers with Radar,25,21,44,30,120,0,0,4,2,6,25,21,48,32,126,2,0,2,128
03/13/2003,GPT,MS,ASO,CE,Towers with Radar,26,21,23,34,104,0,0,23,5,28,26,21,46,39,132,56,0,56,188
03/14/2003,GPT,MS,ASO,CE,Towers with Radar,27,21,35,37,120,0,0,34,11,45,27,21,69,48,165,76,14,90,255
03/15/2003,GPT,MS,ASO,CE,Towers with Radar,24,19,35,10,88,0,0,31,2,33,24,19,66,12,121,114,0,114,235
03/16/2003,GPT,MS,ASO,CE,Towers with Radar,25,35,54,4,118,0,0,28,1,29,25,35,82,5,147,72,0,72,219
03/17/2003,GPT,MS,ASO,CE,Towers with Radar,24,18,29,37,108,0,0,22,4,26,24,18,51,41,134,30,0,30,164
03/18/2003,GPT,MS,ASO,CE,Towers with Radar,30,14,31,98,173,0,0,14,5,19,30,14,45,103,192,32,85,117,309
03/19/2003,GPT,MS,ASO,CE,Towers with Radar,21,24,50,27,122,0,3,47,1,51,21,27,97,28,173,101,65,166,339
03/20/2003,GPT,MS,ASO,CE,Towers with Radar,22,20,49,56,147,0,1,48,4,53,22,21,97,60,200,91,73,164,364
03/21/2003,GPT,MS,ASO,CE,Towers with Radar,28,21,57,108,214,0,1,58,6,65,28,22,115,114,279,156,89,245,524
03/22/2003,GPT,MS,ASO,CE,Towers with Radar,26,20,25,17,88,0,0,84,4,88,26,20,109,21,176,162,0,162,338
03/23/2003,GPT,MS,ASO,CE,Towers with Radar,33,27,32,33,125,0,2,53,6,61,33,29,85,39,186,137,14,151,337
03/24/2003,GPT,MS,ASO,CE,Towers with Radar,23,15,39,51,128,0,0,55,8,63,23,15,94,59,191,112,51,163,354
03/25/2003,GPT,MS,ASO,CE,Towers with Radar,18,23,27,78,146,0,0,46,6,52,18,23,73,84,198,92,94,186,384
03/26/2003,GPT,MS,ASO,CE,Towers with Radar,23,21,35,43,122,0,0,43,7,50,23,21,78,50,172,66,52,118,290
03/27/2003,GPT,MS,ASO,CE,Towers with Radar,25,18,36,52,131,0,0,50,5,55,25,18,86,57,186,108,27,135,321
03/28/2003,GPT,MS,ASO,CE,Towers with Radar,28,16,45,55,144,0,1,33,10,44,28,17,78,65,188,70,48,118,306
03/29/2003,GPT,MS,ASO,CE,Towers with Radar,19,15,29,21,84,3,5,47,0,55,22,20,76,21,139,18,30,48,187
03/30/2003,GPT,MS,ASO,CE,Towers with Radar,29,20,41,21,111,0,0,32,1,33,29,20,73,22,144,28,30,58,202
03/31/2003,GPT,MS,ASO,CE,Towers with Radar,24,16,24,90,154,0,0,54,2,56,24,16,78,92,210,64,82,146,356
04/01/2003,GPT,MS,ASO,CE,Towers with Radar,27,18,38,146,229,0,0,54,6,60,27,18,92,152,289,74,172,246,535
04/02/2003,GPT,MS,ASO,CE,Towers with Radar,26,17,43,64,150,0,0,45,6,51,26,17,88,70,201,60,127,187,388
04/03/2003,GPT,MS,ASO,CE,Towers with Radar,26,17,61,51,155,0,0,41,6,47,26,17,102,57,202,42,29,71,273
04/04/2003,GPT,MS,ASO,CE,Towers with Radar,22,25,51,48,146,0,0,45,9,54,22,25,96,57,200,60,47,107,307
04/05/2003,GPT,MS,ASO,CE,Towers with Radar,21,30,35,6,92,0,0,12,4,16,21,30,47,10,108,22,8,30,138
04/06/2003,GPT,MS,ASO,CE,Towers with Radar,32,29,47,13,121,0,0,1,1,2,32,29,48,14,123,0,0,0,123
04/07/2003,GPT,MS,ASO,CE,Towers with Radar,17,20,20,21,78,0,0,3,1,4,17,20,23,22,82,2,0,2,84
04/08/2003,GPT,MS,ASO,CE,Towers with Radar,25,23,38,23,109,0,0,3,1,4,25,23,41,24,113,0,0,0,113
04/09/2003,GPT,MS,ASO,CE,Towers with Radar,18,22,50,75,165,0,0,11,15,26,18,22,61,90,191,42,62,104,295
04/10/2003,GPT,MS,ASO,CE,Towers with Radar,18,23,32,102,175,0,0,59,3,62,18,23,91,105,237,110,74,184,421
04/11/2003,GPT,MS,ASO,CE,Towers with Radar,25,23,40,68,156,0,0,76,0,76,25,23,116,68,232,124,97,221,453
04/12/2003,GPT,MS,ASO,CE,Towers with Radar,23,18,21,40,102,0,0,68,2,70,23,18,89,42,172,56,8,64,236
04/13/2003,GPT,MS,ASO,CE,Towers with Radar,27,20,33,14,94,0,0,73,1,74,27,20,106,15,168,86,32,118,286
04/14/2003,GPT,MS,ASO,CE,Towers with Radar,23,18,23,77,141,0,0,38,6,44,23,18,61,83,185,86,69,155,340
04/15/2003,GPT,MS,ASO,CE,Towers with Radar,20,21,43,77,161,0,0,68,1,69,20,21,111,78,230,158,112,270,500
04/16/2003,GPT,MS,ASO,CE,Towers with Radar,21,21,38,74,154,0,0,52,10,62,21,21,90,84,216,59,95,154,370
04/17/2003,GPT,MS,ASO,CE,Towers with Radar,20,19,37,110,186,0,0,36,6,42,20,19,73,116,228,122,93,215,443
04/18/2003,GPT,MS,ASO,CE,Towers with Radar,21,21,30,54,126,0,0,41,6,47,21,21,71,60,173,36,55,91,264
04/19/2003,GPT,MS,ASO,CE,Towers with Radar,13,11,20,5,49,9,9,4,0,22,22,20,24,5,71,22,0,22,93
04/20/2003,GPT,MS,ASO,CE,Towers with Radar,30,17,13,0,60,0,0,10,0,10,30,17,23,0,70,14,0,14,84
04/21/2003,GPT,MS,ASO,CE,Towers with Radar,22,16,25,48,111,0,0,28,1,29,22,16,53,49,140,84,105,189,329
04/22/2003,GPT,MS,ASO,CE,Towers with Radar,23,21,26,89,159,0,0,41,12,53,23,21,67,101,212,32,102,134,346
04/23/2003,GPT,MS,ASO,CE,Towers with Radar,18,22,39,67,146,0,0,57,11,68,18,22,96,78,214,50,50,100,314
04/24/2003,GPT,MS,ASO,CE,Towers with Radar,18,21,45,28,112,0,0,12,3,15,18,21,57,31,127,18,10,28,155
04/25/2003,GPT,MS,ASO,CE,Towers with Radar,23,24,48,57,152,0,0,32,5,37,23,24,80,62,189,62,18,80,269
04/26/2003,GPT,MS,ASO,CE,Towers with Radar,23,21,49,33,126,0,0,75,4,79,23,21,124,37,205,70,14,84,289
04/27/2003,GPT,MS,ASO,CE,Towers with Radar,28,21,44,33,126,0,0,62,6,68,28,21,106,39,194,108,8,116,310
04/28/2003,GPT,MS,ASO,CE,Towers with Radar,20,18,33,42,113,4,0,44,0,48,24,18,77,42,161,88,10,98,259
04/29/2003,GPT,MS,ASO,CE,Towers with Radar,23,22,52,74,171,0,0,42,6,48,23,22,94,80,219,106,68,174,393
04/30/2003,GPT,MS,ASO,CE,Towers with Radar,18,19,29,81,147,0,0,35,5,40,18,19,64,86,187,80,52,132,319
05/01/2003,GPT,MS,ASO,CE,Towers with Radar,13,26,51,81,171,0,1,54,5,60,13,27,105,86,231,113,116,229,460
05/02/2003,GPT,MS,ASO,CE,Towers with Radar,15,32,42,66,155,0,1,36,5,42,15,33,78,71,197,22,94,116,313
05/03/2003,GPT,MS,ASO,CE,Towers with Radar,15,33,40,27,115,0,1,29,11,41,15,34,69,38,156,14,0,14,170
05/04/2003,GPT,MS,ASO,CE,Towers with Radar,25,30,59,24,138,0,1,8,0,9,25,31,67,24,147,10,0,10,157
05/05/2003,GPT,MS,ASO,CE,Towers with Radar,11,23,24,27,85,0,1,14,2,17,11,24,38,29,102,58,35,93,195
05/06/2003,GPT,MS,ASO,CE,Towers with Radar,18,19,38,108,183,0,1,21,0,22,18,20,59,108,205,52,106,158,363
05/07/2003,GPT,MS,ASO,CE,Towers with Radar,13,26,37,83,159,0,1,20,6,27,13,27,57,89,186,42,55,97,283
05/08/2003,GPT,MS,ASO,CE,Towers with Radar,14,23,59,79,175,0,1,50,3,54,14,24,109,82,229,54,63,117,346
05/09/2003,GPT,MS,ASO,CE,Towers with Radar,19,25,40,53,137,0,1,64,1,66,19,26,104,54,203,109,46,155,358
05/10/2003,GPT,MS,ASO,CE,Towers with Radar,10,18,24,19,71,8,4,25,0,37,18,22,49,19,108,21,0,21,129
05/11/2003,GPT,MS,ASO,CE,Towers with Radar,18,26,22,8,74,0,0,29,5,34,18,26,51,13,108,48,0,48,156
05/12/2003,GPT,MS,ASO,CE,Towers with Radar,14,24,41,57,136,0,0,44,26,70,14,24,85,83,206,158,126,284,490
05/13/2003,GPT,MS,ASO,CE,Towers with Radar,17,24,49,67,157,0,0,30,37,67,17,24,79,104,224,60,166,226,450
05/14/2003,GPT,MS,ASO,CE,Towers with Radar,12,25,36,61,134,0,0,28,1,29,12,25,64,62,163,60,111,171,334
05/15/2003,GPT,MS,ASO,CE,Towers with Radar,17,30,48,51,146,0,0,52,3,55,17,30,100,54,201,140,54,194,395
05/16/2003,GPT,MS,ASO,CE,Towers with Radar,14,32,43,64,153,0,0,47,3,50,14,32,90,67,203,56,45,101,304
05/17/2003,GPT,MS,ASO,CE,Towers with Radar,15,27,17,32,91,0,0,33,1,34,15,27,50,33,125,66,14,80,205
05/18/2003,GPT,MS,ASO,CE,Towers with Radar,23,25,33,14,95,0,0,48,3,51,23,25,81,17,146,45,0,45,191
05/19/2003,GPT,MS,ASO,CE,Towers with Radar,16,22,32,33,103,0,0,42,0,42,16,22,74,33,145,71,10,81,226
05/20/2003,GPT,MS,ASO,CE,Towers with Radar,23,23,23,20,89,0,0,18,1,19,23,23,41,21,108,30,0,30,138
05/21/2003,GPT,MS,ASO,CE,Towers with Radar,12,25,40,17,94,0,0,8,0,8,12,25,48,17,102,8,4,12,114
05/22/2003,GPT,MS,ASO,CE,Towers with Radar,16,29,32,93,170,0,0,42,6,48,16,29,74,99,218,87,104,191,409
05/23/2003,GPT,MS,ASO,CE,Towers with Radar,17,25,47,43,132,0,0,71,9,80,17,25,118,52,212,98,59,157,369
05/24/2003,GPT,MS,ASO,CE,Towers with Radar,17,24,24,9,74,0,0,43,4,47,17,24,67,13,121,98,0,98,219
05/25/2003,GPT,MS,ASO,CE,Towers with Radar,18,21,23,3,65,0,0,46,0,46,18,21,69,3,111,20,2,22,133
05/26/2003,GPT,MS,ASO,CE,Towers with Radar,11,18,25,8,62,5,4,29,0,38,16,22,54,8,100,25,2,27,127
05/27/2003,GPT,MS,ASO,CE,Towers with Radar,13,26,52,50,141,0,0,50,5,55,13,26,102,55,196,106,66,172,368
05/28/2003,GPT,MS,ASO,CE,Towers with Radar,17,30,31,78,156,0,0,70,9,79,17,30,101,87,235,137,53,190,425
05/29/2003,GPT,MS,ASO,CE,Towers with Radar,13,25,55,90,183,0,1,70,2,73,13,26,125,92,256,106,54,160,416
05/30/2003,GPT,MS,ASO,CE,Towers with Radar,18,27,43,79,167,0,0,61,4,65,18,27,104,83,232,83,36,119,351
05/31/2003,GPT,MS,ASO,CE,Towers with Radar,17,27,20,29,93,0,0,39,3,42,17,27,59,32,135,20,16,36,171
06/01/2003,GPT,MS,ASO,CE,Towers with Radar,10,18,28,28,84,9,2,60,2,73,19,20,88,30,157,64,2,66,223
06/02/2003,GPT,MS,ASO,CE,Towers with Radar,12,22,25,79,138,0,0,25,4,29,12,22,50,83,167,50,104,154,321
06/03/2003,GPT,MS,ASO,CE,Towers with Radar,28,22,49,81,180,0,0,8,6,14,28,22,57,87,194,26,156,182,376
06/04/2003,GPT,MS,ASO,CE,Towers with Radar,15,24,55,100,194,0,0,51,12,63,15,24,106,112,257,78,108,186,443
06/05/2003,GPT,MS,ASO,CE,Towers with Radar,13,27,55,57,152,0,0,70,9,79,13,27,125,66,231,84,82,166,397
06/06/2003,GPT,MS,ASO,CE,Towers with Radar,18,23,25,21,87,0,0,5,0,5,18,23,30,21,92,0,2,2,94
06/07/2003,GPT,MS,ASO,CE,Towers with Radar,14,29,30,45,118,0,0,22,0,22,14,29,52,45,140,58,14,72,212
06/08/2003,GPT,MS,ASO,CE,Towers with Radar,20,23,37,27,107,0,0,47,0,47,20,23,84,27,154,90,0,90,244
06/09/2003,GPT,MS,ASO,CE,Towers with Radar,13,21,47,45,126,0,0,31,17,48,13,21,78,62,174,104,12,116,290
06/10/2003,GPT,MS,ASO,CE,Towers with Radar,14,27,49,46,136,0,0,53,4,57,14,27,102,50,193,96,58,154,347
06/11/2003,GPT,MS,ASO,CE,Towers with Radar,13,23,36,22,94,3,3,20,0,26,16,26,56,22,120,42,8,50,170
06/12/2003,GPT,MS,ASO,CE,Towers with Radar,13,25,49,28,115,0,0,32,1,33,13,25,81,29,148,20,42,62,210
06/13/2003,GPT,MS,ASO,CE,Towers with Radar,16,27,55,34,132,0,2,54,5,61,16,29,109,39,193,38,4,42,235
06/14/2003,GPT,MS,ASO,CE,Towers with Radar,16,28,36,24,104,0,1,41,5,47,16,29,77,29,151,52,8,60,211
06/15/2003,GPT,MS,ASO,CE,Towers with Radar,19,25,39,17,100,0,1,36,11,48,19,26,75,28,148,70,4,74,222
06/16/2003,GPT,MS,ASO,CE,Towers with Radar,12,22,34,59,127,0,1,56,10,67,12,23,90,69,194,92,46,138,332
06/17/2003,GPT,MS,ASO,CE,Towers with Radar,17,25,46,42,130,0,1,18,5,24,17,26,64,47,154,38,70,108,262
06/18/2003,GPT,MS,ASO,CE,Towers with Radar,11,22,54,87,174,0,1,25,4,30,11,23,79,91,204,22,80,102,306
06/19/2003,GPT,MS,ASO,CE,Towers with Radar,16,25,46,36,123,0,2,47,16,65,16,27,93,52,188,96,54,150,338
06/20/2003,GPT,MS,ASO,CE,Towers with Radar,14,38,48,46,146,0,1,38,8,47,14,39,86,54,193,70,58,128,321
06/21/2003,GPT,MS,ASO,CE,Towers with Radar,17,27,35,11,90,0,1,19,4,24,17,28,54,15,114,16,18,34,148
06/22/2003,GPT,MS,ASO,CE,Towers with Radar,24,25,43,7,99,0,1,43,0,44,24,26,86,7,143,86,0,86,229
06/23/2003,GPT,MS,ASO,CE,Towers with Radar,15,20,29,49,113,0,1,22,0,23,15,21,51,49,136,36,42,78,214
06/24/2003,GPT,MS,ASO,CE,Towers with Radar,18,21,46,45,130,0,0,44,15,59,18,21,90,60,189,40,98,138,327
06/25/2003,GPT,MS,ASO,CE,Towers with Radar,13,24,50,65,152,0,0,31,4,35,13,24,81,69,187,40,16,56,243
06/26/2003,GPT,MS,ASO,CE,Towers with Radar,12,27,46,43,128,0,0,56,0,56,12,27,102,43,184,96,68,164,348
06/27/2003,GPT,MS,ASO,CE,Towers with Radar,16,29,49,23,117,0,0,14,1,15,16,29,63,24,132,16,4,20,152
06/28/2003,GPT,MS,ASO,CE,Towers with Radar,15,27,39,12,93,0,0,21,0,21,15,27,60,12,114,40,0,40,154
06/29/2003,GPT,MS,ASO,CE,Towers with Radar,22,27,43,4,96,0,0,23,1,24,22,27,66,5,120,42,0,42,162
06/30/2003,GPT,MS,ASO,CE,Towers with Radar,15,17,0,0,32,0,0,1,0,1,15,17,1,0,33,0,0,0,33
07/01/2003,GPT,MS,ASO,CE,Towers with Radar,15,22,33,46,116,9,0,3,0,12,24,22,36,46,128,28,38,66,194
07/02/2003,GPT,MS,ASO,CE,Towers with Radar,15,24,32,58,129,0,1,23,0,24,15,25,55,58,153,26,84,110,263
07/03/2003,GPT,MS,ASO,CE,Towers with Radar,20,23,21,26,90,0,1,19,0,20,20,24,40,26,110,46,50,96,206
07/04/2003,GPT,MS,ASO,CE,Towers with Radar,13,20,15,1,49,0,1,8,0,9,13,21,23,1,58,6,0,6,64
07/05/2003,GPT,MS,ASO,CE,Towers with Radar,6,11,12,2,31,8,16,10,0,34,14,27,22,2,65,14,0,14,79
07/06/2003,GPT,MS,ASO,CE,Towers with Radar,23,25,24,6,78,0,1,40,0,41,23,26,64,6,119,132,0,132,251
07/07/2003,GPT,MS,ASO,CE,Towers with Radar,13,23,16,46,98,0,1,23,1,25,13,24,39,47,123,26,46,72,195
07/08/2003,GPT,MS,ASO,CE,Towers with Radar,20,27,25,50,122,0,1,37,0,38,20,28,62,50,160,128,54,182,342
07/09/2003,GPT,MS,ASO,CE,Towers with Radar,12,25,31,61,129,0,1,45,6,52,12,26,76,67,181,122,30,152,333
07/10/2003,GPT,MS,ASO,CE,Towers with Radar,17,23,39,55,134,0,1,51,0,52,17,24,90,55,186,174,24,198,384
07/11/2003,GPT,MS,ASO,CE,Towers with Radar,16,26,31,23,96,0,1,38,7,46,16,27,69,30,142,64,30,94,236
07/12/2003,GPT,MS,ASO,CE,Towers with Radar,12,28,37,30,107,0,1,57,2,60,12,29,94,32,167,80,22,102,269
07/13/2003,GPT,MS,ASO,CE,Towers with Radar,18,31,31,17,97,0,0,52,2,54,18,31,83,19,151,92,12,104,255
07/14/2003,GPT,MS,ASO,CE,Towers with Radar,13,23,31,47,114,0,0,22,0,22,13,23,53,47,136,58,62,120,256
07/15/2003,GPT,MS,ASO,CE,Towers with Radar,16,24,34,51,125,0,0,32,37,69,16,24,66,88,194,66,138,204,398
07/16/2003,GPT,MS,ASO,CE,Towers with Radar,11,29,47,69,156,0,0,38,55,93,11,29,85,124,249,36,124,160,409
07/17/2003,GPT,MS,ASO,CE,Towers with Radar,10,33,40,58,141,0,1,46,3,50,10,34,86,61,191,106,80,186,377
07/18/2003,GPT,MS,ASO,CE,Towers with Radar,18,24,50,101,193,0,0,54,4,58,18,24,104,105,251,84,28,112,363
07/19/2003,GPT,MS,ASO,CE,Towers with Radar,11,28,19,15,73,0,0,22,0,22,11,28,41,15,95,48,4,52,147
07/20/2003,GPT,MS,ASO,CE,Towers with Radar,19,28,26,23,96,0,0,39,1,40,19,28,65,24,136,76,2,78,214
07/21/2003,GPT,MS,ASO,CE,Towers with Radar,15,24,25,26,90,0,0,39,0,39,15,24,64,26,129,68,6,74,203
07/22/2003,GPT,MS,ASO,CE,Towers with Radar,19,14,48,95,176,0,0,45,5,50,19,14,93,100,226,78,92,170,396
07/23/2003,GPT,MS,ASO,CE,Towers with Radar,13,22,31,32,98,0,0,10,0,10,13,22,41,32,108,44,0,44,152
07/24/2003,GPT,MS,ASO,CE,Towers with Radar,19,21,53,48,141,0,0,55,3,58,19,21,108,51,199,168,28,196,395
07/25/2003,GPT,MS,ASO,CE,Towers with Radar,17,29,44,72,162,0,0,50,2,52,17,29,94,74,214,80,62,142,356
07/26/2003,GPT,MS,ASO,CE,Towers with Radar,13,28,35,16,92,0,1,40,0,41,13,29,75,16,133,98,16,114,247
07/27/2003,GPT,MS,ASO,CE,Towers with Radar,20,29,25,21,95,0,1,32,0,33,20,30,57,21,128,86,0,86,214
07/28/2003,GPT,MS,ASO,CE,Towers with Radar,15,21,30,41,107,0,0,29,0,29,15,21,59,41,136,118,44,162,298
07/29/2003,GPT,MS,ASO,CE,Towers with Radar,15,25,33,50,123,0,0,26,22,48,15,25,59,72,171,104,94,198,369
07/30/2003,GPT,MS,ASO,CE,Towers with Radar,11,24,21,49,105,0,1,36,2,39,11,25,57,51,144,168,50,218,362
07/31/2003,GPT,MS,ASO,CE,Towers with Radar,14,24,31,57,126,0,1,30,0,31,14,25,61,57,157,60,88,148,305
08/01/2003,GPT,MS,ASO,CE,Towers with Radar,16,30,29,32,107,1,0,29,2,32,17,30,58,34,139,34,12,46,185
08/02/2003,GPT,MS,ASO,CE,Towers with Radar,15,29,22,12,78,0,0,27,1,28,15,29,49,13,106,34,18,52,158
08/03/2003,GPT,MS,ASO,CE,Towers with Radar,20,27,24,12,83,0,0,42,9,51,20,27,66,21,134,133,4,137,271
08/04/2003,GPT,MS,ASO,CE,Towers with Radar,11,28,38,53,130,0,0,46,12,58,11,28,84,65,188,163,127,290,478
08/05/2003,GPT,MS,ASO,CE,Towers with Radar,20,23,30,83,156,1,0,77,3,81,21,23,107,86,237,185,101,286,523
08/06/2003,GPT,MS,ASO,CE,Towers with Radar,10,27,35,101,173,1,0,67,1,69,11,27,102,102,242,174,144,318,560
08/07/2003,GPT,MS,ASO,CE,Towers with Radar,14,24,36,63,137,1,0,34,6,41,15,24,70,69,178,106,82,188,366
08/08/2003,GPT,MS,ASO,CE,Towers with Radar,15,25,43,52,135,1,0,70,5,76,16,25,113,57,211,170,40,210,421
08/09/2003,GPT,MS,ASO,CE,Towers with Radar,14,25,22,41,102,1,0,64,1,66,15,25,86,42,168,106,20,126,294
08/10/2003,GPT,MS,ASO,CE,Towers with Radar,20,28,35,11,94,1,0,60,0,61,21,28,95,11,155,66,10,76,231
08/11/2003,GPT,MS,ASO,CE,Towers with Radar,12,27,33,62,134,1,0,54,8,63,13,27,87,70,197,136,38,174,371
08/12/2003,GPT,MS,ASO,CE,Towers with Radar,17,23,27,26,93,1,0,12,4,17,18,23,39,30,110,60,10,70,180
08/13/2003,GPT,MS,ASO,CE,Towers with Radar,11,27,33,44,115,0,0,34,0,34,11,27,67,44,149,101,51,152,301
08/14/2003,GPT,MS,ASO,CE,Towers with Radar,11,30,39,68,148,1,0,71,9,81,12,30,110,77,229,146,81,227,456
08/15/2003,GPT,MS,ASO,CE,Towers with Radar,17,30,40,56,143,0,0,61,21,82,17,30,101,77,225,88,15,103,328
08/16/2003,GPT,MS,ASO,CE,Towers with Radar,13,27,27,17,84,1,0,42,3,46,14,27,69,20,130,136,4,140,270
08/17/2003,GPT,MS,ASO,CE,Towers with Radar,22,25,40,16,103,1,0,55,5,61,23,25,95,21,164,88,28,116,280
08/18/2003,GPT,MS,ASO,CE,Towers with Radar,13,24,7,71,115,0,1,43,4,48,13,25,50,75,163,156,76,232,395
08/19/2003,GPT,MS,ASO,CE,Towers with Radar,15,26,38,58,137,0,1,42,1,44,15,27,80,59,181,110,46,156,337
08/20/2003,GPT,MS,ASO,CE,Towers with Radar,15,21,31,50,117,0,1,54,2,57,15,22,85,52,174,176,45,221,395
08/21/2003,GPT,MS,ASO,CE,Towers with Radar,14,26,26,47,113,0,1,44,7,52,14,27,70,54,165,144,30,174,339
08/22/2003,GPT,MS,ASO,CE,Towers with Radar,18,26,68,55,167,0,1,26,5,32,18,27,94,60,199,52,73,125,324
08/23/2003,GPT,MS,ASO,CE,Towers with Radar,16,27,26,18,87,0,1,42,5,48,16,28,68,23,135,108,0,108,243
08/24/2003,GPT,MS,ASO,CE,Towers with Radar,18,28,40,22,108,0,0,60,4,64,18,28,100,26,172,138,0,138,310
08/25/2003,GPT,MS,ASO,CE,Towers with Radar,14,26,27,80,147,0,0,49,5,54,14,26,76,85,201,174,148,322,523
08/26/2003,GPT,MS,ASO,CE,Towers with Radar,18,25,33,61,137,0,0,57,4,61,18,25,90,65,198,244,108,352,550
08/27/2003,GPT,MS,ASO,CE,Towers with Radar,13,24,37,67,141,0,0,59,3,62,13,24,96,70,203,189,97,286,489
08/28/2003,GPT,MS,ASO,CE,Towers with Radar,14,23,44,54,135,0,0,57,6,63,14,23,101,60,198,175,54,229,427
08/29/2003,GPT,MS,ASO,CE,Towers with Radar,19,25,27,7,78,0,0,47,3,50,19,25,74,10,128,88,24,112,240
08/30/2003,GPT,MS,ASO,CE,Towers with Radar,13,26,19,6,64,0,0,13,0,13,13,26,32,6,77,0,0,0,77
08/31/2003,GPT,MS,ASO,CE,Towers with Radar,17,19,11,15,62,0,0,14,0,14,17,19,25,15,76,8,0,8,84
09/01/2003,GPT,MS,ASO,CE,Towers with Radar,16,27,19,7,69,1,1,24,0,26,17,28,43,7,95,96,0,96,191
09/02/2003,GPT,MS,ASO,CE,Towers with Radar,13,26,23,46,108,0,2,62,1,65,13,28,85,47,173,188,22,210,383
09/03/2003,GPT,MS,ASO,CE,Towers with Radar,17,24,31,54,126,0,2,44,2,48,17,26,75,56,174,178,54,232,406
09/04/2003,GPT,MS,ASO,CE,Towers with Radar,18,23,56,34,131,1,2,35,2,40,19,25,91,36,171,88,38,126,297
09/05/2003,GPT,MS,ASO,CE,Towers with Radar,15,30,57,76,178,1,2,56,7,66,16,32,113,83,244,182,93,275,519
09/06/2003,GPT,MS,ASO,CE,Towers with Radar,15,27,18,18,78,1,3,51,1,56,16,30,69,19,134,42,12,54,188
09/07/2003,GPT,MS,ASO,CE,Towers with Radar,22,23,32,20,97,1,2,26,0,29,23,25,58,20,126,61,27,88,214
09/08/2003,GPT,MS,ASO,CE,Towers with Radar,13,24,27,36,100,1,2,39,3,45,14,26,66,39,145,50,66,116,261
09/09/2003,GPT,MS,ASO,CE,Towers with Radar,14,21,24,63,122,1,2,27,2,32,15,23,51,65,154,89,68,157,311
09/10/2003,GPT,MS,ASO,CE,Towers with Radar,13,25,37,72,147,1,2,43,0,46,14,27,80,72,193,132,88,220,413
09/11/2003,GPT,MS,ASO,CE,Towers with Radar,16,22,45,98,181,1,1,61,7,70,17,23,106,105,251,118,137,255,506
09/12/2003,GPT,MS,ASO,CE,Towers with Radar,16,28,56,52,152,1,1,59,4,65,17,29,115,56,217,93,15,108,325
09/13/2003,GPT,MS,ASO,CE,Towers with Radar,15,25,14,10,64,1,1,25,0,27,16,26,39,10,91,0,0,0,91
09/14/2003,GPT,MS,ASO,CE,Towers with Radar,18,25,31,38,112,1,1,62,0,64,19,26,93,38,176,150,12,162,338
09/15/2003,GPT,MS,ASO,CE,Towers with Radar,16,25,43,64,148,0,0,31,20,51,16,25,74,84,199,134,95,229,428
09/16/2003,GPT,MS,ASO,CE,Towers with Radar,19,23,46,68,156,0,0,50,29,79,19,23,96,97,235,196,118,314,549
09/17/2003,GPT,MS,ASO,CE,Towers with Radar,15,24,36,128,203,1,0,79,4,84,16,24,115,132,287,207,133,340,627
09/18/2003,GPT,MS,ASO,CE,Towers with Radar,17,25,43,65,150,0,0,37,36,73,17,25,80,101,223,156,108,264,487
09/19/2003,GPT,MS,ASO,CE,Towers with Radar,16,27,29,56,128,0,1,70,0,71,16,28,99,56,199,151,31,182,381
09/20/2003,GPT,MS,ASO,CE,Towers with Radar,15,27,19,15,76,0,1,50,0,51,15,28,69,15,127,188,0,188,315
09/21/2003,GPT,MS,ASO,CE,Towers with Radar,23,29,38,2,92,0,1,19,0,20,23,30,57,2,112,48,0,48,160
09/22/2003,GPT,MS,ASO,CE,Towers with Radar,16,27,35,17,95,0,1,16,0,17,16,28,51,17,112,54,0,54,166
09/23/2003,GPT,MS,ASO,CE,Towers with Radar,14,26,35,65,140,0,1,78,4,83,14,27,113,69,223,220,74,294,517
09/24/2003,GPT,MS,ASO,CE,Towers with Radar,17,20,45,62,144,0,1,63,5,69,17,21,108,67,213,196,48,244,457
09/25/2003,GPT,MS,ASO,CE,Towers with Radar,14,29,44,53,140,0,1,55,6,62,14,30,99,59,202,131,85,216,418
09/26/2003,GPT,MS,ASO,CE,Towers with Radar,19,30,36,36,121,0,1,57,5,63,19,31,93,41,184,152,4,156,340
09/27/2003,GPT,MS,ASO,CE,Towers with Radar,15,25,35,2,77,0,1,32,0,33,15,26,67,2,110,28,0,28,138
09/28/2003,GPT,MS,ASO,CE,Towers with Radar,18,33,36,20,107,0,1,42,0,43,18,34,78,20,150,66,0,66,216
09/29/2003,GPT,MS,ASO,CE,Towers with Radar,12,28,22,56,118,0,2,59,3,64,12,30,81,59,182,106,82,188,370
09/30/2003,GPT,MS,ASO,CE,Towers with Radar,15,22,21,34,92,0,1,59,10,70,15,23,80,44,162,137,4,141,303
10/01/2003,GPT,MS,ASO,CE,Towers with Radar,18,20,43,54,135,3,0,35,5,43,21,20,78,59,178,124,101,225,403
10/02/2003,GPT,MS,ASO,CE,Towers with Radar,18,24,46,56,144,1,0,32,38,71,19,24,78,94,215,68,28,96,311
10/03/2003,GPT,MS,ASO,CE,Towers with Radar,17,27,51,62,157,0,0,71,8,79,17,27,122,70,236,166,92,258,494
10/04/2003,GPT,MS,ASO,CE,Towers with Radar,13,18,29,36,96,3,10,51,0,64,16,28,80,36,160,52,10,62,222
10/05/2003,GPT,MS,ASO,CE,Towers with Radar,14,20,33,12,79,3,12,87,0,102,17,32,120,12,181,40,0,40,221
10/06/2003,GPT,MS,ASO,CE,Towers with Radar,15,25,42,51,133,0,1,33,3,37,15,26,75,54,170,119,118,237,407
10/07/2003,GPT,MS,ASO,CE,Towers with Radar,15,22,45,55,137,0,0,47,0,47,15,22,92,55,184,149,52,201,385
10/08/2003,GPT,MS,ASO,CE,Towers with Radar,15,24,40,45,124,0,0,26,0,26,15,24,66,45,150,113,38,151,301
10/09/2003,GPT,MS,ASO,CE,Towers with Radar,18,26,43,43,130,0,2,26,0,28,18,28,69,43,158,80,12,92,250
10/10/2003,GPT,MS,ASO,CE,Towers with Radar,13,19,31,21,84,1,10,2,0,13,14,29,33,21,97,0,0,0,97
10/11/2003,GPT,MS,ASO,CE,Towers with Radar,11,15,26,8,60,6,13,12,0,31,17,28,38,8,91,33,0,33,124
10/12/2003,GPT,MS,ASO,CE,Towers with Radar,12,18,31,8,69,6,14,59,0,79,18,32,90,8,148,109,10,119,267
10/13/2003,GPT,MS,ASO,CE,Towers with Radar,9,13,22,6,50,3,13,41,0,57,12,26,63,6,107,120,0,120,227
10/14/2003,GPT,MS,ASO,CE,Towers with Radar,14,23,39,48,124,0,0,61,9,70,14,23,100,57,194,79,4,83,277
10/15/2003,GPT,MS,ASO,CE,Towers with Radar,16,25,47,57,145,0,0,57,42,99,16,25,104,99,244,144,102,246,490
10/16/2003,GPT,MS,ASO,CE,Towers with Radar,17,24,42,51,134,1,0,69,16,86,18,24,111,67,220,188,42,230,450
10/17/2003,GPT,MS,ASO,CE,Towers with Radar,16,27,60,75,178,0,0,44,33,77,16,27,104,108,255,154,68,222,477
10/18/2003,GPT,MS,ASO,CE,Towers with Radar,13,18,28,35,94,2,9,45,0,56,15,27,73,35,150,58,8,66,216
10/19/2003,GPT,MS,ASO,CE,Towers with Radar,13,20,32,26,91,8,11,79,0,98,21,31,111,26,189,164,1,165,354
10/20/2003,GPT,MS,ASO,CE,Towers with Radar,19,21,48,60,148,0,0,32,32,64,19,21,80,92,212,98,114,212,424
10/21/2003,GPT,MS,ASO,CE,Towers with Radar,15,23,45,57,140,0,0,82,0,82,15,23,127,57,222,145,55,200,422
10/22/2003,GPT,MS,ASO,CE,Towers with Radar,16,24,38,30,108,1,0,49,0,50,17,24,87,30,158,127,25,152,310
10/23/2003,GPT,MS,ASO,CE,Towers with Radar,16,24,47,60,147,0,0,52,30,82,16,24,99,90,229,134,86,220,449
10/24/2003,GPT,MS,ASO,CE,Towers with Radar,16,22,35,26,99,2,1,24,0,27,18,23,59,26,126,25,0,25,151
10/25/2003,GPT,MS,ASO,CE,Towers with Radar,20,26,52,66,164,0,0,48,53,101,20,26,100,119,265,104,64,168,433
10/26/2003,GPT,MS,ASO,CE,Towers with Radar,11,16,25,12,64,5,9,33,0,47,16,25,58,12,111,116,0,116,227
10/27/2003,GPT,MS,ASO,CE,Towers with Radar,11,16,24,2,53,7,13,42,0,62,18,29,66,2,115,70,0,70,185
10/28/2003,GPT,MS,ASO,CE,Towers with Radar,21,16,56,71,164,0,0,58,28,86,21,16,114,99,250,124,104,228,478
10/29/2003,GPT,MS,ASO,CE,Towers with Radar,20,18,48,61,147,1,0,66,24,91,21,18,114,85,238,127,71,198,436
10/30/2003,GPT,MS,ASO,CE,Towers with Radar,17,24,53,67,161,0,0,49,17,66,17,24,102,84,227,86,99,185,412
10/31/2003,GPT,MS,ASO,CE,Towers with Radar,18,22,44,56,140,1,0,60,1,62,19,22,104,57,202,74,44,118,320
11/01/2003,GPT,MS,ASO,CE,Towers with Radar,14,17,26,29,86,2,14,55,0,71,16,31,81,29,157,83,12,95,252
11/02/2003,GPT,MS,ASO,CE,Towers with Radar,16,19,31,18,84,3,12,76,0,91,19,31,107,18,175,164,0,164,339
11/03/2003,GPT,MS,ASO,CE,Towers with Radar,20,21,40,49,130,0,0,61,21,82,20,21,101,70,212,134,15,149,361
11/04/2003,GPT,MS,ASO,CE,Towers with Radar,16,21,41,51,129,0,0,19,13,32,16,21,60,64,161,26,88,114,275
11/05/2003,GPT,MS,ASO,CE,Towers with Radar,16,20,37,45,118,0,0,34,11,45,16,20,71,56,163,112,26,138,301
11/06/2003,GPT,MS,ASO,CE,Towers with Radar,16,25,51,63,155,0,0,32,39,71,16,25,83,102,226,94,94,188,414
11/07/2003,GPT,MS,ASO,CE,Towers with Radar,18,23,52,64,157,0,0,48,9,57,18,23,100,73,214,66,24,90,304
11/08/2003,GPT,MS,ASO,CE,Towers with Radar,17,21,34,34,106,0,2,67,0,69,17,23,101,34,175,138,16,154,329
11/09/2003,GPT,MS,ASO,CE,Towers with Radar,18,21,35,18,92,2,3,47,0,52,20,24,82,18,144,90,0,90,234
11/10/2003,GPT,MS,ASO,CE,Towers with Radar,19,23,39,48,129,0,0,37,20,57,19,23,76,68,186,179,37,216,402
11/11/2003,GPT,MS,ASO,CE,Towers with Radar,12,13,21,9,55,10,3,64,0,77,22,16,85,9,132,234,13,247,379
11/12/2003,GPT,MS,ASO,CE,Towers with Radar,18,19,43,53,133,0,0,44,16,60,18,19,87,69,193,206,82,288,481
11/13/2003,GPT,MS,ASO,CE,Towers with Radar,22,22,47,58,149,0,0,24,11,35,22,22,71,69,184,104,62,166,350
11/14/2003,GPT,MS,ASO,CE,Towers with Radar,17,30,61,75,183,0,0,65,45,110,17,30,126,120,293,179,68,247,540
11/15/2003,GPT,MS,ASO,CE,Towers with Radar,15,16,27,12,70,2,8,74,0,84,17,24,101,12,154,174,0,174,328
11/16/2003,GPT,MS,ASO,CE,Towers with Radar,18,20,33,20,91,9,3,80,0,92,27,23,113,20,183,213,22,235,418
11/17/2003,GPT,MS,ASO,CE,Towers with Radar,18,20,32,41,111,2,0,24,5,31,20,20,56,46,142,114,48,162,304
11/18/2003,GPT,MS,ASO,CE,Towers with Radar,13,11,22,28,74,7,0,12,0,19,20,11,34,28,93,8,0,8,101
11/19/2003,GPT,MS,ASO,CE,Towers with Radar,20,21,43,55,139,0,0,19,28,47,20,21,62,83,186,12,104,116,302
11/20/2003,GPT,MS,ASO,CE,Towers with Radar,24,22,48,62,156,0,0,64,32,96,24,22,112,94,252,194,118,312,564
11/21/2003,GPT,MS,ASO,CE,Towers with Radar,20,24,49,62,155,0,0,78,13,91,20,24,127,75,246,129,58,187,433
11/22/2003,GPT,MS,ASO,CE,Towers with Radar,16,19,28,24,87,3,6,85,0,94,19,25,113,24,181,112,8,120,301
11/23/2003,GPT,MS,ASO,CE,Towers with Radar,17,20,30,34,101,3,5,70,0,78,20,25,100,34,179,206,6,212,391
11/24/2003,GPT,MS,ASO,CE,Towers with Radar,20,18,28,45,111,3,0,0,37,40,23,18,28,82,151,22,33,55,206
11/25/2003,GPT,MS,ASO,CE,Towers with Radar,24,23,46,58,151,0,0,52,19,71,24,23,98,77,222,210,94,304,526
11/26/2003,GPT,MS,ASO,CE,Towers with Radar,19,19,38,45,121,0,0,23,0,23,19,19,61,45,144,70,59,129,273
11/27/2003,GPT,MS,ASO,CE,Towers with Radar,4,6,2,0,12,13,12,0,0,25,17,18,2,0,37,0,0,0,37
11/28/2003,GPT,MS,ASO,CE,Towers with Radar,8,10,14,2,34,8,9,7,0,24,16,19,21,2,58,0,0,0,58
11/29/2003,GPT,MS,ASO,CE,Towers with Radar,10,13,19,0,42,6,15,59,0,80,16,28,78,0,122,56,0,56,178
11/30/2003,GPT,MS,ASO,CE,Towers with Radar,14,18,27,0,59,6,9,61,0,76,20,27,88,0,135,106,0,106,241
12/01/2003,GPT,MS,ASO,CE,Towers with Radar,17,21,33,43,114,0,0,65,14,79,17,21,98,57,193,188,36,224,417
12/02/2003,GPT,MS,ASO,CE,Towers with Radar,21,23,46,59,149,0,0,50,36,86,21,23,96,95,235,154,126,280,515
12/03/2003,GPT,MS,ASO,CE,Towers with Radar,18,18,41,53,130,0,0,35,35,70,18,18,76,88,200,138,58,196,396
12/04/2003,GPT,MS,ASO,CE,Towers with Radar,14,20,44,60,138,0,0,0,30,30,14,20,44,90,168,0,6,6,174
12/05/2003,GPT,MS,ASO,CE,Towers with Radar,21,18,38,50,127,0,0,58,9,67,21,18,96,59,194,98,32,130,324
12/06/2003,GPT,MS,ASO,CE,Towers with Radar,18,19,30,31,98,1,0,59,0,60,19,19,89,31,158,132,20,152,310
12/07/2003,GPT,MS,ASO,CE,Towers with Radar,17,20,29,17,83,4,4,94,0,102,21,24,123,17,185,140,16,156,341
12/08/2003,GPT,MS,ASO,CE,Towers with Radar,20,16,45,56,137,0,0,45,40,85,20,16,90,96,222,146,60,206,428
12/09/2003,GPT,MS,ASO,CE,Towers with Radar,18,14,29,35,96,0,0,20,1,21,18,14,49,36,117,50,0,50,167
12/10/2003,GPT,MS,ASO,CE,Towers with Radar,16,18,39,49,122,0,0,0,26,26,16,18,39,75,148,8,62,70,218
12/11/2003,GPT,MS,ASO,CE,Towers with Radar,22,18,47,59,146,0,0,64,38,102,22,18,111,97,248,276,164,440,688
12/12/2003,GPT,MS,ASO,CE,Towers with Radar,17,27,59,74,177,0,0,39,67,106,17,27,98,141,283,152,138,290,573
12/13/2003,GPT,MS,ASO,CE,Towers with Radar,10,9,13,17,49,9,16,0,0,25,19,25,13,17,74,0,16,16,90
12/14/2003,GPT,MS,ASO,CE,Towers with Radar,19,19,30,25,93,2,6,41,0,49,21,25,71,25,142,118,0,118,260
12/15/2003,GPT,MS,ASO,CE,Towers with Radar,17,19,33,40,109,0,0,46,16,62,17,19,79,56,171,150,0,150,321
12/16/2003,GPT,MS,ASO,CE,Towers with Radar,17,19,33,41,110,0,0,33,14,47,17,19,66,55,157,120,22,142,299
12/17/2003,GPT,MS,ASO,CE,Towers with Radar,20,18,37,46,121,0,0,43,16,59,20,18,80,62,180,154,26,180,360
12/18/2003,GPT,MS,ASO,CE,Towers with Radar,19,24,39,48,130,0,0,59,5,64,19,24,98,53,194,132,28,160,354
12/19/2003,GPT,MS,ASO,CE,Towers with Radar,18,18,29,27,92,6,0,47,0,53,24,18,76,27,145,114,10,124,269
12/20/2003,GPT,MS,ASO,CE,Towers with Radar,10,10,16,1,37,6,12,53,0,71,16,22,69,1,108,142,0,142,250
12/21/2003,GPT,MS,ASO,CE,Towers with Radar,12,12,19,8,51,13,8,46,0,67,25,20,65,8,118,98,0,98,216
12/22/2003,GPT,MS,ASO,CE,Towers with Radar,16,16,25,25,82,2,3,40,0,45,18,19,65,25,127,158,22,180,307
12/23/2003,GPT,MS,ASO,CE,Towers with Radar,11,12,16,3,42,10,6,5,0,21,21,18,21,3,63,6,0,6,69
12/24/2003,GPT,MS,ASO,CE,Towers with Radar,11,11,16,0,38,6,7,21,0,34,17,18,37,0,72,2,0,2,74
12/25/2003,GPT,MS,ASO,CE,Towers with Radar,7,8,10,0,25,10,10,6,0,26,17,18,16,0,51,0,0,0,51
12/26/2003,GPT,MS,ASO,CE,Towers with Radar,15,15,21,0,51,7,5,34,0,46,22,20,55,0,97,0,0,0,97
12/27/2003,GPT,MS,ASO,CE,Towers with Radar,12,12,17,0,41,5,11,28,0,44,17,23,45,0,85,8,0,8,93
12/28/2003,GPT,MS,ASO,CE,Towers with Radar,13,14,20,0,47,11,12,15,0,38,24,26,35,0,85,34,0,34,119
12/29/2003,GPT,MS,ASO,CE,Towers with Radar,10,11,16,2,39,8,9,12,0,29,18,20,28,2,68,30,0,30,98
12/30/2003,GPT,MS,ASO,CE,Towers with Radar,18,20,28,23,89,2,2,76,0,80,20,22,104,23,169,150,24,174,343
12/31/2003,GPT,MS,ASO,CE,Towers with Radar,14,15,21,2,52,5,1,96,0,102,19,16,117,2,154,150,0,150,304
01/01/2004,GPT,MS,ASO,CE,Towers with Radar,9,12,18,0,39,7,7,15,0,29,16,19,33,0,68,0,0,0,68
01/02/2004,GPT,MS,ASO,CE,Towers with Radar,16,16,26,7,65,4,11,10,0,25,20,27,36,7,90,0,0,0,90
01/03/2004,GPT,MS,ASO,CE,Towers with Radar,15,15,25,0,55,2,10,48,0,60,17,25,73,0,115,60,0,60,175
01/04/2004,GPT,MS,ASO,CE,Towers with Radar,12,13,23,0,48,7,12,11,0,30,19,25,34,0,78,0,0,0,78
01/05/2004,GPT,MS,ASO,CE,Towers with Radar,12,13,22,7,54,2,8,1,0,11,14,21,23,7,65,0,0,0,65
01/06/2004,GPT,MS,ASO,CE,Towers with Radar,18,18,39,55,130,0,0,54,24,78,18,18,93,79,208,123,76,199,407
01/07/2004,GPT,MS,ASO,CE,Towers with Radar,17,18,37,48,120,0,0,85,0,85,17,18,122,48,205,158,10,168,373
01/08/2004,GPT,MS,ASO,CE,Towers with Radar,20,15,37,45,117,2,0,12,0,14,22,15,49,45,131,46,10,56,187
01/09/2004,GPT,MS,ASO,CE,Towers with Radar,17,21,44,61,143,0,0,16,21,37,17,21,60,82,180,56,60,116,296
01/10/2004,GPT,MS,ASO,CE,Towers with Radar,17,21,34,47,119,0,2,59,21,82,17,23,93,68,201,110,76,186,387
01/11/2004,GPT,MS,ASO,CE,Towers with Radar,15,15,26,28,84,8,6,83,0,97,23,21,109,28,181,156,22,178,359
01/12/2004,GPT,MS,ASO,CE,Towers with Radar,16,22,38,52,128,0,0,59,25,84,16,22,97,77,212,146,84,230,442
01/13/2004,GPT,MS,ASO,CE,Towers with Radar,19,19,37,50,125,0,0,58,3,61,19,19,95,53,186,182,44,226,412
01/14/2004,GPT,MS,ASO,CE,Towers with Radar,19,19,40,54,132,0,0,49,17,66,19,19,89,71,198,134,62,196,394
01/15/2004,GPT,MS,ASO,CE,Towers with Radar,21,17,36,38,112,1,0,57,0,58,22,17,93,38,170,194,10,204,374
01/16/2004,GPT,MS,ASO,CE,Towers with Radar,18,19,44,60,141,0,0,59,1,60,18,19,103,61,201,164,26,190,391
01/17/2004,GPT,MS,ASO,CE,Towers with Radar,10,10,12,11,43,7,14,0,0,21,17,24,12,11,64,0,0,0,64
01/18/2004,GPT,MS,ASO,CE,Towers with Radar,13,13,23,9,58,6,16,25,0,47,19,29,48,9,105,110,0,110,215
01/19/2004,GPT,MS,ASO,CE,Towers with Radar,15,14,25,30,84,4,6,51,0,61,19,20,76,30,145,182,8,190,335
01/20/2004,GPT,MS,ASO,CE,Towers with Radar,16,16,29,39,100,2,3,44,9,58,18,19,73,48,158,156,24,180,338
01/21/2004,GPT,MS,ASO,CE,Towers with Radar,20,20,44,60,144,0,0,42,36,78,20,20,86,96,222,220,34,254,476
01/22/2004,GPT,MS,ASO,CE,Towers with Radar,22,18,53,73,166,0,0,41,48,89,22,18,94,121,255,196,90,286,541
01/23/2004,GPT,MS,ASO,CE,Towers with Radar,21,19,46,64,150,0,0,55,40,95,21,19,101,104,245,228,65,293,538
01/24/2004,GPT,MS,ASO,CE,Towers with Radar,17,19,29,41,106,0,1,49,4,54,17,20,78,45,160,92,10,102,262
01/25/2004,GPT,MS,ASO,CE,Towers with Radar,13,13,21,3,50,12,8,16,0,36,25,21,37,3,86,18,18,36,122
01/26/2004,GPT,MS,ASO,CE,Towers with Radar,16,18,34,48,116,0,0,19,22,41,16,18,53,70,157,124,38,162,319
01/27/2004,GPT,MS,ASO,CE,Towers with Radar,23,13,38,54,128,0,0,25,43,68,23,13,63,97,196,82,70,152,348
01/28/2004,GPT,MS,ASO,CE,Towers with Radar,18,17,37,52,124,0,0,54,28,82,18,17,91,80,206,122,45,167,373
01/29/2004,GPT,MS,ASO,CE,Towers with Radar,20,19,39,56,134,0,0,53,22,75,20,19,92,78,209,114,20,134,343
01/30/2004,GPT,MS,ASO,CE,Towers with Radar,20,17,40,42,119,0,0,19,0,19,20,17,59,42,138,40,8,48,186
01/31/2004,GPT,MS,ASO,CE,Towers with Radar,15,16,25,30,86,7,5,35,0,47,22,21,60,30,133,84,0,84,217
02/01/2004,GPT,MS,ASO,CE,Towers with Radar,14,14,22,8,58,10,9,18,0,37,24,23,40,8,95,34,14,48,143
02/02/2004,GPT,MS,ASO,CE,Towers with Radar,17,17,28,23,85,1,0,25,0,26,18,17,53,23,111,18,34,52,163
02/03/2004,GPT,MS,ASO,CE,Towers with Radar,22,17,43,54,136,0,0,47,62,109,22,17,90,116,245,164,124,288,533
02/04/2004,GPT,MS,ASO,CE,Towers with Radar,21,14,38,35,108,0,0,58,0,58,21,14,96,35,166,118,16,134,300
02/05/2004,GPT,MS,ASO,CE,Towers with Radar,12,13,20,11,56,13,15,5,0,33,25,28,25,11,89,0,0,0,89
02/06/2004,GPT,MS,ASO,CE,Towers with Radar,22,16,54,67,159,0,0,12,19,31,22,16,66,86,190,70,48,118,308
02/07/2004,GPT,MS,ASO,CE,Towers with Radar,14,15,23,30,82,0,12,50,11,73,14,27,73,41,155,94,22,116,271
02/08/2004,GPT,MS,ASO,CE,Towers with Radar,25,21,40,51,137,0,0,66,4,70,25,21,106,55,207,136,36,172,379
02/09/2004,GPT,MS,ASO,CE,Towers with Radar,21,14,39,49,123,0,0,60,8,68,21,14,99,57,191,142,36,178,369
02/10/2004,GPT,MS,ASO,CE,Towers with Radar,22,17,38,48,125,0,0,1,24,25,22,17,39,72,150,0,16,16,166
02/11/2004,GPT,MS,ASO,CE,Towers with Radar,14,15,24,18,71,4,8,8,0,20,18,23,32,18,91,0,0,0,91
02/12/2004,GPT,MS,ASO,CE,Towers with Radar,23,21,49,59,152,0,0,12,10,22,23,21,61,69,174,70,56,126,300
02/13/2004,GPT,MS,ASO,CE,Towers with Radar,24,21,46,55,146,0,0,49,12,61,24,21,95,67,207,226,80,306,513
02/14/2004,GPT,MS,ASO,CE,Towers with Radar,10,9,15,6,40,9,11,0,0,20,19,20,15,6,60,0,0,0,60
02/15/2004,GPT,MS,ASO,CE,Towers with Radar,17,15,27,8,67,7,10,36,0,53,24,25,63,8,120,36,28,64,184
02/16/2004,GPT,MS,ASO,CE,Towers with Radar,17,15,27,23,82,2,0,71,0,73,19,15,98,23,155,216,18,234,389
02/17/2004,GPT,MS,ASO,CE,Towers with Radar,22,20,40,47,129,0,0,67,21,88,22,20,107,68,217,304,48,352,569
02/18/2004,GPT,MS,ASO,CE,Towers with Radar,20,20,47,57,144,0,0,75,12,87,20,20,122,69,231,164,124,288,519
02/19/2004,GPT,MS,ASO,CE,Towers with Radar,26,19,55,66,166,0,0,54,39,93,26,19,109,105,259,250,134,384,643
02/20/2004,GPT,MS,ASO,CE,Towers with Radar,20,26,48,58,152,0,0,34,5,39,20,26,82,63,191,154,54,208,399
02/21/2004,GPT,MS,ASO,CE,Towers with Radar,16,15,25,30,86,1,9,49,3,62,17,24,74,33,148,112,14,126,274
02/22/2004,GPT,MS,ASO,CE,Towers with Radar,21,20,34,37,112,3,9,64,0,76,24,29,98,37,188,78,6,84,272
02/23/2004,GPT,MS,ASO,CE,Towers with Radar,12,11,13,7,43,7,8,0,0,15,19,19,13,7,58,0,0,0,58
02/24/2004,GPT,MS,ASO,CE,Towers with Radar,10,9,16,0,35,12,7,2,0,21,22,16,18,0,56,0,0,0,56
02/25/2004,GPT,MS,ASO,CE,Towers with Radar,15,13,20,16,64,2,7,0,0,9,17,20,20,16,73,0,0,0,73
02/26/2004,GPT,MS,ASO,CE,Towers with Radar,23,18,58,71,170,0,0,8,39,47,23,18,66,110,217,62,30,92,309
02/27/2004,GPT,MS,ASO,CE,Towers with Radar,20,21,49,61,151,0,0,114,37,151,20,21,163,98,302,204,42,246,548
02/28/2004,GPT,MS,ASO,CE,Towers with Radar,18,16,27,9,70,11,9,26,0,46,29,25,53,9,116,20,4,24,140
02/29/2004,GPT,MS,ASO,CE,Towers with Radar,16,15,24,24,79,5,10,61,0,76,21,25,85,24,155,102,8,110,265
03/01/2004,GPT,MS,ASO,CE,Towers with Radar,18,16,33,49,116,1,0,13,24,38,19,16,46,73,154,48,69,117,271
03/02/2004,GPT,MS,ASO,CE,Towers with Radar,17,20,33,49,119,0,2,44,17,63,17,22,77,66,182,143,20,163,345
03/03/2004,GPT,MS,ASO,CE,Towers with Radar,20,17,44,65,146,0,0,0,16,16,20,17,44,81,162,6,12,18,180
03/04/2004,GPT,MS,ASO,CE,Towers with Radar,21,18,42,62,143,0,0,12,7,19,21,18,54,69,162,60,10,70,232
03/05/2004,GPT,MS,ASO,CE,Towers with Radar,20,16,33,53,122,0,0,0,0,0,20,16,33,53,122,0,0,0,122
03/06/2004,GPT,MS,ASO,CE,Towers with Radar,14,13,25,37,89,2,13,62,3,80,16,26,87,40,169,156,75,231,400
03/07/2004,GPT,MS,ASO,CE,Towers with Radar,15,15,28,34,92,8,10,66,0,84,23,25,94,34,176,94,10,104,280
03/08/2004,GPT,MS,ASO,CE,Towers with Radar,18,18,39,58,133,0,0,56,23,79,18,18,95,81,212,204,86,290,502
03/09/2004,GPT,MS,ASO,CE,Towers with Radar,22,14,52,77,165,0,0,35,54,89,22,14,87,131,254,82,97,179,433
03/10/2004,GPT,MS,ASO,CE,Towers with Radar,19,21,42,62,144,0,0,63,9,72,19,21,105,71,216,118,76,194,410
03/11/2004,GPT,MS,ASO,CE,Towers with Radar,26,19,47,70,162,1,0,76,22,99,27,19,123,92,261,154,54,208,469
03/12/2004,GPT,MS,ASO,CE,Towers with Radar,22,16,42,54,134,0,0,93,0,93,22,16,135,54,227,158,18,176,403
03/13/2004,GPT,MS,ASO,CE,Towers with Radar,14,14,26,34,88,3,15,58,0,76,17,29,84,34,164,78,4,82,246
03/14/2004,GPT,MS,ASO,CE,Towers with Radar,18,18,33,32,101,7,5,40,0,52,25,23,73,32,153,50,0,50,203
03/15/2004,GPT,MS,ASO,CE,Towers with Radar,17,16,29,28,90,0,2,1,0,3,17,18,30,28,93,0,0,0,93
03/16/2004,GPT,MS,ASO,CE,Towers with Radar,21,19,40,62,142,0,0,56,13,69,21,19,96,75,211,134,98,232,443
03/17/2004,GPT,MS,ASO,CE,Towers with Radar,21,15,37,57,130,0,0,74,3,77,21,15,111,60,207,146,60,206,413
03/18/2004,GPT,MS,ASO,CE,Towers with Radar,22,17,38,58,135,2,0,71,18,91,24,17,109,76,226,205,97,302,528
03/19/2004,GPT,MS,ASO,CE,Towers with Radar,21,16,45,67,149,0,0,57,0,57,21,16,102,67,206,98,68,166,372
03/20/2004,GPT,MS,ASO,CE,Towers with Radar,12,12,20,13,57,8,11,70,0,89,20,23,90,13,146,96,0,96,242
03/21/2004,GPT,MS,ASO,CE,Towers with Radar,16,14,26,41,97,12,4,25,0,41,28,18,51,41,138,14,0,14,152
03/22/2004,GPT,MS,ASO,CE,Towers with Radar,17,15,28,26,86,3,6,55,0,64,20,21,83,26,150,240,20,260,410
03/23/2004,GPT,MS,ASO,CE,Towers with Radar,18,17,30,47,112,4,0,51,8,63,22,17,81,55,175,221,62,283,458
03/24/2004,GPT,MS,ASO,CE,Towers with Radar,17,19,35,54,125,0,0,12,11,23,17,19,47,65,148,4,48,52,200
03/25/2004,GPT,MS,ASO,CE,Towers with Radar,24,20,44,63,151,0,0,44,0,44,24,20,88,63,195,108,48,156,351
03/26/2004,GPT,MS,ASO,CE,Towers with Radar,22,19,38,31,110,0,0,54,0,54,22,19,92,31,164,76,38,114,278
03/27/2004,GPT,MS,ASO,CE,Towers with Radar,14,12,23,22,71,5,16,50,0,71,19,28,73,22,142,142,16,158,300
03/28/2004,GPT,MS,ASO,CE,Towers with Radar,18,16,29,6,69,8,7,44,0,59,26,23,73,6,128,38,0,38,166
03/29/2004,GPT,MS,ASO,CE,Towers with Radar,18,16,29,38,101,0,2,16,0,18,18,18,45,38,119,98,36,134,253
03/30/2004,GPT,MS,ASO,CE,Towers with Radar,18,22,52,80,172,0,0,20,49,69,18,22,72,129,241,92,111,203,444
03/31/2004,GPT,MS,ASO,CE,Towers with Radar,19,22,53,81,175,0,0,29,56,85,19,22,82,137,260,62,130,192,452
04/01/2004,GPT,MS,ASO,CE,Towers with Radar,27,18,50,70,165,0,0,30,42,72,27,18,80,112,237,94,84,178,415
04/02/2004,GPT,MS,ASO,CE,Towers with Radar,21,16,48,63,148,0,0,87,0,87,21,16,135,63,235,136,102,238,473
04/03/2004,GPT,MS,ASO,CE,Towers with Radar,16,17,31,42,106,0,10,47,20,77,16,27,78,62,183,30,32,62,245
04/04/2004,GPT,MS,ASO,CE,Towers with Radar,16,17,32,17,82,8,8,48,0,64,24,25,80,17,146,44,0,44,190
04/05/2004,GPT,MS,ASO,CE,Towers with Radar,18,17,35,47,117,1,0,46,11,58,19,17,81,58,175,98,82,180,355
04/06/2004,GPT,MS,ASO,CE,Towers with Radar,22,13,41,56,132,2,0,61,13,76,24,13,102,69,208,172,78,250,458
04/07/2004,GPT,MS,ASO,CE,Towers with Radar,20,19,41,55,135,0,3,51,8,62,20,22,92,63,197,184,108,292,489
04/08/2004,GPT,MS,ASO,CE,Towers with Radar,19,18,38,35,110,1,7,50,0,58,20,25,88,35,168,148,32,180,348
04/09/2004,GPT,MS,ASO,CE,Towers with Radar,20,19,39,52,130,3,6,34,6,49,23,25,73,58,179,122,24,146,325
04/10/2004,GPT,MS,ASO,CE,Towers with Radar,11,9,21,7,48,10,9,31,0,50,21,18,52,7,98,20,0,20,118
04/11/2004,GPT,MS,ASO,CE,Towers with Radar,11,10,21,5,47,11,16,9,0,36,22,26,30,5,83,0,0,0,83
04/12/2004,GPT,MS,ASO,CE,Towers with Radar,19,17,43,58,137,0,0,11,14,25,19,17,54,72,162,52,14,66,228
04/13/2004,GPT,MS,ASO,CE,Towers with Radar,19,20,49,67,155,0,0,22,24,46,19,20,71,91,201,24,90,114,315
04/14/2004,GPT,MS,ASO,CE,Towers with Radar,22,14,51,70,157,0,0,50,43,93,22,14,101,113,250,136,114,250,500
04/15/2004,GPT,MS,ASO,CE,Towers with Radar,22,16,45,61,144,0,0,74,0,74,22,16,119,61,218,206,70,276,494
04/16/2004,GPT,MS,ASO,CE,Towers with Radar,23,17,48,66,154,0,0,40,15,55,23,17,88,81,209,158,114,272,481
04/17/2004,GPT,MS,ASO,CE,Towers with Radar,18,15,32,35,100,2,6,49,0,57,20,21,81,35,157,104,24,128,285
04/18/2004,GPT,MS,ASO,CE,Towers with Radar,24,17,43,41,125,3,0,56,0,59,27,17,99,41,184,26,6,32,216
04/19/2004,GPT,MS,ASO,CE,Towers with Radar,22,13,49,68,152,0,0,34,42,76,22,13,83,110,228,158,118,276,504
04/20/2004,GPT,MS,ASO,CE,Towers with Radar,22,17,42,60,141,0,0,45,13,58,22,17,87,73,199,176,90,266,465
04/21/2004,GPT,MS,ASO,CE,Towers with Radar,19,19,44,62,144,0,0,52,15,67,19,19,96,77,211,140,82,222,433
04/22/2004,GPT,MS,ASO,CE,Towers with Radar,21,17,46,64,148,0,0,54,8,62,21,17,100,72,210,126,12,138,348
04/23/2004,GPT,MS,ASO,CE,Towers with Radar,20,21,53,74,168,0,0,28,12,40,20,21,81,86,208,80,4,84,292
04/24/2004,GPT,MS,ASO,CE,Towers with Radar,15,13,26,37,91,5,8,21,5,39,20,21,47,42,130,40,10,50,180
04/25/2004,GPT,MS,ASO,CE,Towers with Radar,17,14,30,17,78,7,13,34,0,54,24,27,64,17,132,26,0,26,158
04/26/2004,GPT,MS,ASO,CE,Towers with Radar,23,21,48,51,143,0,0,37,0,37,23,21,85,51,180,134,4,138,318
04/27/2004,GPT,MS,ASO,CE,Towers with Radar,20,17,41,58,136,0,0,37,16,53,20,17,78,74,189,128,104,232,421
04/28/2004,GPT,MS,ASO,CE,Towers with Radar,19,20,42,59,140,0,0,65,11,76,19,20,107,70,216,162,50,212,428
04/29/2004,GPT,MS,ASO,CE,Towers with Radar,23,16,40,50,129,0,0,38,0,38,23,16,78,50,167,86,32,118,285
04/30/2004,GPT,MS,ASO,CE,Towers with Radar,12,10,20,0,42,10,8,8,0,26,22,18,28,0,68,0,0,0,68
05/01/2004,GPT,MS,ASO,CE,Towers with Radar,12,10,18,12,52,10,10,12,0,32,22,20,30,12,84,6,0,6,90
05/02/2004,GPT,MS,ASO,CE,Towers with Radar,18,17,28,13,76,5,10,22,0,37,23,27,50,13,113,56,4,60,173
05/03/2004,GPT,MS,ASO,CE,Towers with Radar,21,17,38,45,121,0,0,31,51,82,21,17,69,96,203,132,42,174,377
05/04/2004,GPT,MS,ASO,CE,Towers with Radar,23,15,45,53,136,0,0,77,38,115,23,15,122,91,251,134,94,228,479
05/05/2004,GPT,MS,ASO,CE,Towers with Radar,22,17,37,44,120,0,0,71,18,89,22,17,108,62,209,168,40,208,417
05/06/2004,GPT,MS,ASO,CE,Towers with Radar,24,23,46,54,147,0,0,67,13,80,24,23,113,67,227,108,98,206,433
05/07/2004,GPT,MS,ASO,CE,Towers with Radar,24,20,37,43,124,0,0,69,0,69,24,20,106,43,193,134,12,146,339
05/08/2004,GPT,MS,ASO,CE,Towers with Radar,17,14,24,4,59,6,7,56,0,69,23,21,80,4,128,58,0,58,186
05/09/2004,GPT,MS,ASO,CE,Towers with Radar,17,14,24,21,76,7,12,24,0,43,24,26,48,21,119,18,4,22,141
05/10/2004,GPT,MS,ASO,CE,Towers with Radar,21,15,32,37,105,0,0,17,6,23,21,15,49,43,128,92,44,136,264
05/11/2004,GPT,MS,ASO,CE,Towers with Radar,20,13,28,28,89,6,0,23,0,29,26,13,51,28,118,66,18,84,202
05/12/2004,GPT,MS,ASO,CE,Towers with Radar,20,18,25,34,97,1,1,0,5,7,21,19,25,39,104,16,6,22,126
05/13/2004,GPT,MS,ASO,CE,Towers with Radar,18,20,38,45,121,0,0,39,11,50,18,20,77,56,171,178,30,208,379
05/14/2004,GPT,MS,ASO,CE,Towers with Radar,24,21,37,36,118,0,0,25,0,25,24,21,62,36,143,34,36,70,213
05/15/2004,GPT,MS,ASO,CE,Towers with Radar,12,10,15,8,45,9,13,7,0,29,21,23,22,8,74,30,0,30,104
05/16/2004,GPT,MS,ASO,CE,Towers with Radar,20,16,27,20,83,4,11,37,0,52,24,27,64,20,135,42,4,46,181
05/17/2004,GPT,MS,ASO,CE,Towers with Radar,17,14,22,20,73,4,4,32,0,40,21,18,54,20,113,128,2,130,243
05/18/2004,GPT,MS,ASO,CE,Towers with Radar,22,19,30,33,104,0,0,0,0,0,22,19,30,33,104,84,36,120,224
05/19/2004,GPT,MS,ASO,CE,Towers with Radar,26,15,35,40,116,0,0,66,0,66,26,15,101,40,182,165,48,213,395
05/20/2004,GPT,MS,ASO,CE,Towers with Radar,23,17,31,38,109,0,0,71,2,73,23,17,102,40,182,208,50,258,440
05/21/2004,GPT,MS,ASO,CE,Towers with Radar,27,16,42,52,137,0,0,56,33,89,27,16,98,85,226,159,14,173,399
05/22/2004,GPT,MS,ASO,CE,Towers with Radar,17,15,23,29,84,4,5,43,2,54,21,20,66,31,138,100,0,100,238
05/23/2004,GPT,MS,ASO,CE,Towers with Radar,25,22,34,25,106,5,0,52,0,57,30,22,86,25,163,64,0,64,227
05/24/2004,GPT,MS,ASO,CE,Towers with Radar,21,17,37,45,120,0,0,51,26,77,21,17,88,71,197,194,100,294,491
05/25/2004,GPT,MS,ASO,CE,Towers with Radar,21,19,36,44,120,0,0,22,29,51,21,19,58,73,171,160,76,236,407
05/26/2004,GPT,MS,ASO,CE,Towers with Radar,24,15,36,45,120,0,0,24,20,44,24,15,60,65,164,104,46,150,314
05/27/2004,GPT,MS,ASO,CE,Towers with Radar,20,17,43,53,133,0,0,46,22,68,20,17,89,75,201,102,130,232,433
05/28/2004,GPT,MS,ASO,CE,Towers with Radar,25,22,45,55,147,0,0,42,9,51,25,22,87,64,198,172,106,278,476
05/29/2004,GPT,MS,ASO,CE,Towers with Radar,14,12,18,2,46,7,8,38,0,53,21,20,56,2,99,80,0,80,179
05/30/2004,GPT,MS,ASO,CE,Towers with Radar,12,10,16,0,38,6,10,18,0,34,18,20,34,0,72,18,0,18,90
05/31/2004,GPT,MS,ASO,CE,Towers with Radar,17,14,24,3,58,6,0,21,0,27,23,14,45,3,85,48,0,48,133
06/01/2004,GPT,MS,ASO,CE,Towers with Radar,19,18,31,41,109,0,2,18,11,31,19,20,49,52,140,88,119,207,347
06/02/2004,GPT,MS,ASO,CE,Towers with Radar,24,21,41,53,139,0,0,47,15,62,24,21,88,68,201,126,121,247,448
06/03/2004,GPT,MS,ASO,CE,Towers with Radar,23,16,39,49,127,0,0,25,18,43,23,16,64,67,170,137,73,210,380
06/04/2004,GPT,MS,ASO,CE,Towers with Radar,25,17,40,51,133,2,0,46,9,57,27,17,86,60,190,106,80,186,376
06/05/2004,GPT,MS,ASO,CE,Towers with Radar,16,14,26,19,75,6,3,75,0,84,22,17,101,19,159,128,10,138,297
06/06/2004,GPT,MS,ASO,CE,Towers with Radar,15,13,25,14,67,14,4,42,0,60,29,17,67,14,127,54,2,56,183
06/07/2004,GPT,MS,ASO,CE,Towers with Radar,21,16,35,38,110,1,0,76,0,77,22,16,111,38,187,203,28,231,418
06/08/2004,GPT,MS,ASO,CE,Towers with Radar,21,19,46,58,144,0,0,65,19,84,21,19,111,77,228,190,99,289,517
06/09/2004,GPT,MS,ASO,CE,Towers with Radar,24,17,40,50,131,0,0,68,22,90,24,17,108,72,221,187,90,277,498
06/10/2004,GPT,MS,ASO,CE,Towers with Radar,22,22,57,72,173,0,0,58,29,87,22,22,115,101,260,134,202,336,596
06/11/2004,GPT,MS,ASO,CE,Towers with Radar,27,19,44,53,143,0,0,38,0,38,27,19,82,53,181,52,22,74,255
06/12/2004,GPT,MS,ASO,CE,Towers with Radar,19,17,34,38,108,0,5,53,0,58,19,22,87,38,166,116,4,120,286
06/13/2004,GPT,MS,ASO,CE,Towers with Radar,21,18,36,31,106,0,10,71,0,81,21,28,107,31,187,126,4,130,317
06/14/2004,GPT,MS,ASO,CE,Towers with Radar,15,13,25,30,83,8,6,2,10,26,23,19,27,40,109,20,0,20,129
06/15/2004,GPT,MS,ASO,CE,Towers with Radar,24,13,50,63,150,0,0,5,79,84,24,13,55,142,234,174,88,262,496
06/16/2004,GPT,MS,ASO,CE,Towers with Radar,20,20,49,62,151,0,0,62,45,107,20,20,111,107,258,162,39,201,459
06/17/2004,GPT,MS,ASO,CE,Towers with Radar,21,19,44,56,140,0,0,43,15,58,21,19,87,71,198,218,165,383,581
06/18/2004,GPT,MS,ASO,CE,Towers with Radar,28,18,43,55,144,3,0,53,0,56,31,18,96,55,200,140,8,148,348
06/19/2004,GPT,MS,ASO,CE,Towers with Radar,16,13,23,22,74,6,10,39,0,55,22,23,62,22,129,118,2,120,249
06/20/2004,GPT,MS,ASO,CE,Towers with Radar,18,14,27,13,72,8,12,36,0,56,26,26,63,13,128,104,0,104,232
06/21/2004,GPT,MS,ASO,CE,Towers with Radar,19,15,36,47,117,0,0,45,2,47,19,15,81,49,164,134,74,208,372
06/22/2004,GPT,MS,ASO,CE,Towers with Radar,18,14,27,24,83,3,1,26,0,30,21,15,53,24,113,75,35,110,223
06/23/2004,GPT,MS,ASO,CE,Towers with Radar,28,16,43,57,144,0,0,20,28,48,28,16,63,85,192,129,155,284,476
06/24/2004,GPT,MS,ASO,CE,Towers with Radar,23,17,39,49,128,0,0,9,0,9,23,17,48,49,137,132,68,200,337
06/25/2004,GPT,MS,ASO,CE,Towers with Radar,20,15,30,24,89,4,2,28,0,34,24,17,58,24,123,104,28,132,255
06/26/2004,GPT,MS,ASO,CE,Towers with Radar,14,10,21,13,58,4,17,8,0,29,18,27,29,13,87,46,6,52,139
06/27/2004,GPT,MS,ASO,CE,Towers with Radar,16,12,23,5,56,7,12,27,0,46,23,24,50,5,102,137,4,141,243
06/28/2004,GPT,MS,ASO,CE,Towers with Radar,18,14,26,31,89,3,0,28,0,31,21,14,54,31,120,36,10,46,166
06/29/2004,GPT,MS,ASO,CE,Towers with Radar,23,13,36,48,120,0,0,29,17,46,23,13,65,65,166,90,115,205,371
06/30/2004,GPT,MS,ASO,CE,Towers with Radar,23,16,36,31,106,0,0,68,0,68,23,16,104,31,174,188,50,238,412
07/01/2004,GPT,MS,ASO,CE,Towers with Radar,22,16,45,47,130,0,0,54,0,54,22,16,99,47,184,146,84,230,414
07/02/2004,GPT,MS,ASO,CE,Towers with Radar,21,16,34,1,72,4,0,45,0,49,25,16,79,1,121,98,0,98,219
07/03/2004,GPT,MS,ASO,CE,Towers with Radar,11,11,18,3,43,6,14,32,0,52,17,25,50,3,95,38,0,38,133
07/04/2004,GPT,MS,ASO,CE,Towers with Radar,9,9,15,3,36,9,10,33,0,52,18,19,48,3,88,24,0,24,112
07/05/2004,GPT,MS,ASO,CE,Towers with Radar,14,13,23,1,51,11,3,50,0,64,25,16,73,1,115,102,0,102,217
07/06/2004,GPT,MS,ASO,CE,Towers with Radar,16,18,31,33,98,0,3,25,0,28,16,21,56,33,126,88,36,124,250
07/07/2004,GPT,MS,ASO,CE,Towers with Radar,19,17,30,32,98,3,0,35,6,44,22,17,65,38,142,138,62,200,342
07/08/2004,GPT,MS,ASO,CE,Towers with Radar,21,15,38,41,115,0,0,39,12,51,21,15,77,53,166,166,68,234,400
07/09/2004,GPT,MS,ASO,CE,Towers with Radar,25,16,43,46,130,0,0,47,8,55,25,16,90,54,185,134,62,196,381
07/10/2004,GPT,MS,ASO,CE,Towers with Radar,15,14,25,18,72,2,12,63,0,77,17,26,88,18,149,162,46,208,357
07/11/2004,GPT,MS,ASO,CE,Towers with Radar,21,20,34,24,99,2,3,36,0,41,23,23,70,24,140,24,38,62,202
07/12/2004,GPT,MS,ASO,CE,Towers with Radar,18,17,33,36,104,0,0,47,22,69,18,17,80,58,173,138,86,224,397
07/13/2004,GPT,MS,ASO,CE,Towers with Radar,19,19,40,43,121,0,0,34,33,67,19,19,74,76,188,72,82,154,342
07/14/2004,GPT,MS,ASO,CE,Towers with Radar,22,14,43,46,125,0,0,30,40,70,22,14,73,86,195,148,88,236,431
07/15/2004,GPT,MS,ASO,CE,Towers with Radar,23,20,35,38,116,1,2,76,17,96,24,22,111,55,212,136,30,166,378
07/16/2004,GPT,MS,ASO,CE,Towers with Radar,23,21,35,23,102,2,0,39,0,41,25,21,74,23,143,94,6,100,243
07/17/2004,GPT,MS,ASO,CE,Towers with Radar,16,14,23,12,65,5,10,31,0,46,21,24,54,12,111,112,0,112,223
07/18/2004,GPT,MS,ASO,CE,Towers with Radar,17,15,25,6,63,6,7,27,0,40,23,22,52,6,103,22,0,22,125
07/19/2004,GPT,MS,ASO,CE,Towers with Radar,22,16,33,38,109,0,0,54,6,60,22,16,87,44,169,160,22,182,351
07/20/2004,GPT,MS,ASO,CE,Towers with Radar,20,18,44,49,131,0,0,44,32,76,20,18,88,81,207,228,110,338,545
07/21/2004,GPT,MS,ASO,CE,Towers with Radar,21,18,35,40,114,0,0,61,15,76,21,18,96,55,190,160,0,160,350
07/22/2004,GPT,MS,ASO,CE,Towers with Radar,26,17,40,45,128,0,0,28,24,52,26,17,68,69,180,128,52,180,360
07/23/2004,GPT,MS,ASO,CE,Towers with Radar,25,16,42,48,131,0,0,33,30,63,25,16,75,78,194,178,104,282,476
07/24/2004,GPT,MS,ASO,CE,Towers with Radar,15,13,23,23,74,0,12,42,0,54,15,25,65,23,128,64,8,72,200
07/25/2004,GPT,MS,ASO,CE,Towers with Radar,18,15,27,16,76,6,7,34,0,47,24,22,61,16,123,46,4,50,173
07/26/2004,GPT,MS,ASO,CE,Towers with Radar,20,18,31,35,104,0,5,28,5,38,20,23,59,40,142,126,72,198,340
07/27/2004,GPT,MS,ASO,CE,Towers with Radar,21,16,39,44,120,0,0,32,10,42,21,16,71,54,162,164,88,252,414
07/28/2004,GPT,MS,ASO,CE,Towers with Radar,22,17,35,40,114,0,0,49,10,59,22,17,84,50,173,134,50,184,357
07/29/2004,GPT,MS,ASO,CE,Towers with Radar,20,17,44,50,131,0,0,36,34,70,20,17,80,84,201,106,62,168,369
07/30/2004,GPT,MS,ASO,CE,Towers with Radar,24,19,35,25,103,3,0,40,0,43,27,19,75,25,146,140,6,146,292
07/31/2004,GPT,MS,ASO,CE,Towers with Radar,17,16,27,26,86,3,9,41,0,53,20,25,68,26,139,114,10,124,263
08/01/2004,GPT,MS,ASO,CE,Towers with Radar,17,15,29,7,68,9,7,31,0,47,26,22,60,7,115,16,0,16,131
08/02/2004,GPT,MS,ASO,CE,Towers with Radar,20,18,39,46,123,0,0,34,5,39,20,18,73,51,162,118,82,200,362
08/03/2004,GPT,MS,ASO,CE,Towers with Radar,26,13,53,62,154,0,0,27,64,91,26,13,80,126,245,182,110,292,537
08/04/2004,GPT,MS,ASO,CE,Towers with Radar,20,17,47,55,139,0,0,39,61,100,20,17,86,116,239,122,136,258,497
08/05/2004,GPT,MS,ASO,CE,Towers with Radar,22,14,39,46,121,0,0,42,0,42,22,14,81,46,163,178,74,252,415
08/06/2004,GPT,MS,ASO,CE,Towers with Radar,25,15,49,58,147,0,0,52,31,83,25,15,101,89,230,130,76,206,436
08/07/2004,GPT,MS,ASO,CE,Towers with Radar,17,14,29,21,81,5,9,57,0,71,22,23,86,21,152,60,40,100,252
08/08/2004,GPT,MS,ASO,CE,Towers with Radar,18,15,30,24,87,4,11,55,0,70,22,26,85,24,157,120,8,128,285
08/09/2004,GPT,MS,ASO,CE,Towers with Radar,16,14,27,13,70,5,2,53,0,60,21,16,80,13,130,160,24,184,314
08/10/2004,GPT,MS,ASO,CE,Towers with Radar,22,13,39,46,120,0,0,51,19,70,22,13,90,65,190,176,58,234,424
08/11/2004,GPT,MS,ASO,CE,Towers with Radar,24,14,41,49,128,2,0,21,3,26,26,14,62,52,154,140,108,248,402
08/12/2004,GPT,MS,ASO,CE,Towers with Radar,21,18,37,38,114,1,0,44,0,45,22,18,81,38,159,106,0,106,265
08/13/2004,GPT,MS,ASO,CE,Towers with Radar,19,17,39,46,121,0,0,63,8,71,19,17,102,54,192,172,20,192,384
08/14/2004,GPT,MS,ASO,CE,Towers with Radar,21,17,35,42,115,0,7,64,8,79,21,24,99,50,194,138,28,166,360
08/15/2004,GPT,MS,ASO,CE,Towers with Radar,19,16,33,23,91,8,6,53,0,67,27,22,86,23,158,30,22,52,210
08/16/2004,GPT,MS,ASO,CE,Towers with Radar,19,17,36,36,108,0,2,65,0,67,19,19,101,36,175,154,36,190,365
08/17/2004,GPT,MS,ASO,CE,Towers with Radar,20,15,43,51,129,0,0,47,37,84,20,15,90,88,213,130,114,244,457
08/18/2004,GPT,MS,ASO,CE,Towers with Radar,25,14,42,51,132,0,0,43,39,82,25,14,85,90,214,154,50,204,418
08/19/2004,GPT,MS,ASO,CE,Towers with Radar,20,14,49,60,143,0,0,49,42,91,20,14,98,102,234,172,82,254,488
08/20/2004,GPT,MS,ASO,CE,Towers with Radar,22,22,44,54,142,0,2,32,1,35,22,24,76,55,177,92,74,166,343
08/21/2004,GPT,MS,ASO,CE,Towers with Radar,16,14,25,13,68,4,15,17,0,36,20,29,42,13,104,100,0,100,204
08/22/2004,GPT,MS,ASO,CE,Towers with Radar,17,14,27,5,63,10,10,28,0,48,27,24,55,5,111,46,0,46,157
08/23/2004,GPT,MS,ASO,CE,Towers with Radar,21,16,38,47,122,0,0,45,16,61,21,16,83,63,183,228,118,346,529
08/24/2004,GPT,MS,ASO,CE,Towers with Radar,21,15,40,49,125,0,0,59,18,77,21,15,99,67,202,246,128,374,576
08/25/2004,GPT,MS,ASO,CE,Towers with Radar,20,18,36,43,117,0,0,63,0,63,20,18,99,43,180,186,80,266,446
08/26/2004,GPT,MS,ASO,CE,Towers with Radar,24,16,39,48,127,0,0,77,7,84,24,16,116,55,211,92,50,142,353
08/27/2004,GPT,MS,ASO,CE,Towers with Radar,24,20,40,50,134,0,0,64,0,64,24,20,104,50,198,150,14,164,362
08/28/2004,GPT,MS,ASO,CE,Towers with Radar,15,12,24,7,58,4,9,38,0,51,19,21,62,7,109,76,0,76,185
08/29/2004,GPT,MS,ASO,CE,Towers with Radar,18,15,28,18,79,4,8,15,0,27,22,23,43,18,106,20,0,20,126
08/30/2004,GPT,MS,ASO,CE,Towers with Radar,16,13,26,11,66,5,5,24,0,34,21,18,50,11,100,74,62,136,236
08/31/2004,GPT,MS,ASO,CE,Towers with Radar,22,18,35,43,118,0,0,38,5,43,22,18,73,48,161,104,42,146,307
09/01/2004,GPT,MS,ASO,CE,Towers with Radar,21,21,46,35,123,0,2,80,11,93,21,23,126,46,216,246,36,282,498
09/02/2004,GPT,MS,ASO,CE,Towers with Radar,24,17,38,28,107,2,0,50,0,52,26,17,88,28,159,200,2,202,361
09/03/2004,GPT,MS,ASO,CE,Towers with Radar,22,19,47,19,107,0,0,60,0,60,22,19,107,19,167,136,68,204,371
09/04/2004,GPT,MS,ASO,CE,Towers with Radar,14,10,22,11,57,1,13,50,0,64,15,23,72,11,121,84,4,88,209
09/05/2004,GPT,MS,ASO,CE,Towers with Radar,14,9,22,3,48,4,6,29,0,39,18,15,51,3,87,42,0,42,129
09/06/2004,GPT,MS,ASO,CE,Towers with Radar,12,8,20,6,46,10,9,52,0,71,22,17,72,6,117,170,18,188,305
09/07/2004,GPT,MS,ASO,CE,Towers with Radar,25,13,45,34,117,0,0,52,5,57,25,13,97,39,174,238,18,256,430
09/08/2004,GPT,MS,ASO,CE,Towers with Radar,23,18,65,49,155,0,0,67,53,120,23,18,132,102,275,274,104,378,653
09/09/2004,GPT,MS,ASO,CE,Towers with Radar,24,14,43,33,114,0,0,52,24,76,24,14,95,57,190,184,46,230,420
09/10/2004,GPT,MS,ASO,CE,Towers with Radar,24,20,62,47,153,0,0,62,48,110,24,20,124,95,263,202,49,251,514
09/11/2004,GPT,MS,ASO,CE,Towers with Radar,21,16,44,33,114,0,0,33,43,76,21,16,77,76,190,110,76,186,376
09/12/2004,GPT,MS,ASO,CE,Towers with Radar,22,17,40,30,109,0,7,7,11,25,22,24,47,41,134,26,50,76,210
09/13/2004,GPT,MS,ASO,CE,Towers with Radar,25,13,40,32,110,0,0,21,12,33,25,13,61,44,143,74,48,122,265
09/14/2004,GPT,MS,ASO,CE,Towers with Radar,12,6,20,2,40,0,0,6,0,6,12,6,26,2,46,0,0,0,46
09/15/2004,GPT,MS,ASO,CE,Towers with Radar,0,0,0,0,0,0,0,0,0,0,0,0,0,0,0,0,0,0,0
09/16/2004,GPT,MS,ASO,CE,Towers with Radar,0,0,0,0,0,0,0,0,0,0,0,0,0,0,0,0,0,0,0
09/17/2004,GPT,MS,ASO,CE,Towers with Radar,19,12,28,6,65,3,1,80,0,84,22,13,108,6,149,6,2,8,157
09/18/2004,GPT,MS,ASO,CE,Towers with Radar,16,10,23,7,56,7,5,5,0,17,23,15,28,7,73,6,20,26,99
09/19/2004,GPT,MS,ASO,CE,Towers with Radar,17,12,25,8,62,9,5,28,0,42,26,17,53,8,104,20,0,20,124
09/20/2004,GPT,MS,ASO,CE,Towers with Radar,20,13,30,23,86,6,4,48,0,58,26,17,78,23,144,166,20,186,330
09/21/2004,GPT,MS,ASO,CE,Towers with Radar,26,14,40,32,112,0,0,55,28,83,26,14,95,60,195,160,95,255,450
09/22/2004,GPT,MS,ASO,CE,Towers with Radar,20,16,39,31,106,0,0,24,11,35,20,16,63,42,141,98,44,142,283
09/23/2004,GPT,MS,ASO,CE,Towers with Radar,25,14,37,29,105,6,0,9,0,15,31,14,46,29,120,0,72,72,192
09/24/2004,GPT,MS,ASO,CE,Towers with Radar,27,13,39,17,96,13,0,83,0,96,40,13,122,17,192,146,0,146,338
09/25/2004,GPT,MS,ASO,CE,Towers with Radar,21,14,31,16,82,18,0,65,0,83,39,14,96,16,165,98,0,98,263
09/26/2004,GPT,MS,ASO,CE,Towers with Radar,20,13,30,12,75,11,8,51,0,70,31,21,81,12,145,26,4,30,175
09/27/2004,GPT,MS,ASO,CE,Towers with Radar,18,15,33,25,91,0,1,66,1,68,18,16,99,26,159,228,4,232,391
09/28/2004,GPT,MS,ASO,CE,Towers with Radar,24,12,42,32,110,0,0,73,6,79,24,12,115,38,189,230,78,308,497
09/29/2004,GPT,MS,ASO,CE,Towers with Radar,19,14,34,25,92,0,4,45,10,59,19,18,79,35,151,198,113,311,462
09/30/2004,GPT,MS,ASO,CE,Towers with Radar,26,14,40,25,105,2,0,65,0,67,28,14,105,25,172,146,16,162,334
10/01/2004,GPT,MS,ASO,CE,Combined TRACON& Tower with Radar,28,15,46,39,128,0,0,42,2,44,28,15,88,41,172,105,71,176,348
10/02/2004,GPT,MS,ASO,CE,Combined TRACON& Tower with Radar,24,14,41,14,93,0,0,32,0,32,24,14,73,14,125,92,22,114,239
10/03/2004,GPT,MS,ASO,CE,Combined TRACON& Tower with Radar,23,20,43,5,91,0,0,25,0,25,23,20,68,5,116,24,0,24,140
10/04/2004,GPT,MS,ASO,CE,Combined TRACON& Tower with Radar,29,14,21,87,151,0,0,38,1,39,29,14,59,88,190,116,123,239,429
10/05/2004,GPT,MS,ASO,CE,Combined TRACON& Tower with Radar,26,14,39,73,152,0,0,33,6,39,26,14,72,79,191,160,72,232,423
10/06/2004,GPT,MS,ASO,CE,Combined TRACON& Tower with Radar,24,13,33,48,118,0,0,48,5,53,24,13,81,53,171,149,78,227,398
10/07/2004,GPT,MS,ASO,CE,Combined TRACON& Tower with Radar,26,16,42,35,119,0,0,12,0,12,26,16,54,35,131,32,20,52,183
10/08/2004,GPT,MS,ASO,CE,Combined TRACON& Tower with Radar,29,12,25,7,73,0,0,2,1,3,29,12,27,8,76,0,0,0,76
10/09/2004,GPT,MS,ASO,CE,Combined TRACON& Tower with Radar,25,13,19,2,59,0,0,2,0,2,25,13,21,2,61,0,0,0,61
10/10/2004,GPT,MS,ASO,CE,Combined TRACON& Tower with Radar,29,15,10,0,54,0,0,0,0,0,29,15,10,0,54,0,0,0,54
10/11/2004,GPT,MS,ASO,CE,Combined TRACON& Tower with Radar,28,10,35,23,96,0,0,61,0,61,28,10,96,23,157,160,5,165,322
10/12/2004,GPT,MS,ASO,CE,Combined TRACON& Tower with Radar,28,12,40,52,132,0,0,34,4,38,28,12,74,56,170,91,43,134,304
10/13/2004,GPT,MS,ASO,CE,Combined TRACON& Tower with Radar,22,15,44,74,155,0,0,69,7,76,22,15,113,81,231,245,128,373,604
10/14/2004,GPT,MS,ASO,CE,Combined TRACON& Tower with Radar,23,15,29,49,116,0,0,29,4,33,23,15,58,53,149,164,169,333,482
10/15/2004,GPT,MS,ASO,CE,Combined TRACON& Tower with Radar,0,0,0,66,66,24,16,107,7,154,24,16,107,73,220,0,0,0,220
10/16/2004,GPT,MS,ASO,CE,Combined TRACON& Tower with Radar,25,13,45,10,93,0,0,80,6,86,25,13,125,16,179,77,6,83,262
10/17/2004,GPT,MS,ASO,CE,Combined TRACON& Tower with Radar,27,18,42,16,103,0,0,50,4,54,27,18,92,20,157,112,0,112,269
10/18/2004,GPT,MS,ASO,CE,Combined TRACON& Tower with Radar,28,14,31,59,132,0,0,28,2,30,28,14,59,61,162,86,43,129,291
10/19/2004,GPT,MS,ASO,CE,Combined TRACON& Tower with Radar,22,12,35,50,119,0,0,32,6,38,22,12,67,56,157,125,54,179,336
10/20/2004,GPT,MS,ASO,CE,Combined TRACON& Tower with Radar,25,11,43,73,152,0,0,41,0,41,25,11,84,73,193,184,58,242,435
10/21/2004,GPT,MS,ASO,CE,Combined TRACON& Tower with Radar,34,13,44,51,142,0,0,32,1,33,34,13,76,52,175,116,34,150,325
10/22/2004,GPT,MS,ASO,CE,Combined TRACON& Tower with Radar,38,15,58,56,167,0,0,42,0,42,38,15,100,56,209,0,0,0,209
10/23/2004,GPT,MS,ASO,CE,Combined TRACON& Tower with Radar,39,13,23,26,101,0,0,26,1,27,39,13,49,27,128,100,32,132,260
10/24/2004,GPT,MS,ASO,CE,Combined TRACON& Tower with Radar,24,17,42,16,99,0,0,23,2,25,24,17,65,18,124,0,0,0,124
10/25/2004,GPT,MS,ASO,CE,Combined TRACON& Tower with Radar,27,12,29,51,119,0,0,29,7,36,27,12,58,58,155,190,32,222,377
10/26/2004,GPT,MS,ASO,CE,Combined TRACON& Tower with Radar,24,17,42,97,180,0,0,55,7,62,24,17,97,104,242,216,146,362,604
10/27/2004,GPT,MS,ASO,CE,Combined TRACON& Tower with Radar,23,12,53,64,152,0,0,68,6,74,23,12,121,70,226,234,94,328,554
10/28/2004,GPT,MS,ASO,CE,Combined TRACON& Tower with Radar,24,16,50,71,161,0,0,57,2,59,24,16,107,73,220,144,32,176,396
10/29/2004,GPT,MS,ASO,CE,Combined TRACON& Tower with Radar,30,17,49,35,131,0,0,49,6,55,30,17,98,41,186,174,18,192,378
10/30/2004,GPT,MS,ASO,CE,Combined TRACON& Tower with Radar,27,13,41,9,90,0,0,50,1,51,27,13,91,10,141,158,2,160,301
10/31/2004,GPT,MS,ASO,CE,Combined TRACON& Tower with Radar,27,17,31,8,83,0,0,20,0,20,27,17,51,8,103,26,30,56,159
11/01/2004,GPT,MS,ASO,CE,Combined TRACON& Tower with Radar,27,11,29,22,89,0,0,6,4,10,27,11,35,26,99,16,0,16,115
11/02/2004,GPT,MS,ASO,CE,Combined TRACON& Tower with Radar,25,9,22,47,103,0,0,26,0,26,25,9,48,47,129,92,76,168,297
11/03/2004,GPT,MS,ASO,CE,Combined TRACON& Tower with Radar,25,13,39,27,104,0,0,36,1,37,25,13,75,28,141,138,24,162,303
11/04/2004,GPT,MS,ASO,CE,Combined TRACON& Tower with Radar,25,10,49,38,122,0,0,49,0,49,25,10,98,38,171,108,145,253,424
11/05/2004,GPT,MS,ASO,CE,Combined TRACON& Tower with Radar,33,10,40,57,140,0,0,61,6,67,33,10,101,63,207,224,30,254,461
11/06/2004,GPT,MS,ASO,CE,Combined TRACON& Tower with Radar,28,7,21,16,72,0,1,68,5,74,28,8,89,21,146,146,44,190,336
11/07/2004,GPT,MS,ASO,CE,Combined TRACON& Tower with Radar,25,13,36,23,97,0,0,44,1,45,25,13,80,24,142,114,70,184,326
11/08/2004,GPT,MS,ASO,CE,Combined TRACON& Tower with Radar,30,9,23,36,98,0,0,72,1,73,30,9,95,37,171,244,30,274,445
11/09/2004,GPT,MS,ASO,CE,Combined TRACON& Tower with Radar,27,15,31,48,121,0,0,2,13,15,27,15,33,61,136,202,74,276,412
11/10/2004,GPT,MS,ASO,CE,Combined TRACON& Tower with Radar,25,21,43,51,140,0,0,11,0,11,25,21,54,51,151,8,24,32,183
11/11/2004,GPT,MS,ASO,CE,Combined TRACON& Tower with Radar,23,21,25,17,86,0,0,32,7,39,23,21,57,24,125,134,0,134,259
11/12/2004,GPT,MS,ASO,CE,Combined TRACON& Tower with Radar,30,18,66,49,163,0,0,50,11,61,30,18,116,60,224,118,83,201,425
11/13/2004,GPT,MS,ASO,CE,Combined TRACON& Tower with Radar,27,9,59,29,124,0,0,46,14,60,27,9,105,43,184,154,28,182,366
11/14/2004,GPT,MS,ASO,CE,Combined TRACON& Tower with Radar,27,9,32,28,96,0,0,16,10,26,27,9,48,38,122,79,10,89,211
11/15/2004,GPT,MS,ASO,CE,Combined TRACON& Tower with Radar,20,8,22,44,94,0,0,35,3,38,20,8,57,47,132,144,52,196,328
11/16/2004,GPT,MS,ASO,CE,Combined TRACON& Tower with Radar,30,11,46,79,166,0,0,56,7,63,30,11,102,86,229,247,229,476,705
11/17/2004,GPT,MS,ASO,CE,Combined TRACON& Tower with Radar,22,15,51,34,122,0,0,61,0,61,22,15,112,34,183,190,164,354,537
11/18/2004,GPT,MS,ASO,CE,Combined TRACON& Tower with Radar,25,12,51,91,179,0,0,55,4,59,25,12,106,95,238,182,174,356,594
11/19/2004,GPT,MS,ASO,CE,Combined TRACON& Tower with Radar,45,16,46,78,185,0,0,41,7,48,45,16,87,85,233,113,26,139,372
11/20/2004,GPT,MS,ASO,CE,Combined TRACON& Tower with Radar,38,11,22,6,77,0,0,2,0,2,38,11,24,6,79,0,0,0,79
11/21/2004,GPT,MS,ASO,CE,Combined TRACON& Tower with Radar,36,14,30,13,93,0,0,27,0,27,36,14,57,13,120,122,4,126,246
11/22/2004,GPT,MS,ASO,CE,Combined TRACON& Tower with Radar,28,11,20,5,64,0,0,8,0,8,28,11,28,5,72,38,0,38,110
11/23/2004,GPT,MS,ASO,CE,Combined TRACON& Tower with Radar,20,10,14,80,124,0,0,33,0,33,20,10,47,80,157,150,42,192,349
11/24/2004,GPT,MS,ASO,CE,Combined TRACON& Tower with Radar,22,14,37,0,73,0,0,28,1,29,22,14,65,1,102,104,0,104,206
11/25/2004,GPT,MS,ASO,CE,Combined TRACON& Tower with Radar,22,9,11,0,42,0,0,8,0,8,22,9,19,0,50,0,0,0,50
11/26/2004,GPT,MS,ASO,CE,Combined TRACON& Tower with Radar,26,8,18,0,52,0,0,53,0,53,26,8,71,0,105,84,0,84,189
11/27/2004,GPT,MS,ASO,CE,Combined TRACON& Tower with Radar,28,7,21,3,59,0,0,11,2,13,28,7,32,5,72,12,20,32,104
11/28/2004,GPT,MS,ASO,CE,Combined TRACON& Tower with Radar,26,14,38,0,78,0,0,49,0,49,26,14,87,0,127,148,0,148,275
11/29/2004,GPT,MS,ASO,CE,Combined TRACON& Tower with Radar,29,9,41,32,111,0,0,64,1,65,29,9,105,33,176,226,39,265,441
11/30/2004,GPT,MS,ASO,CE,Combined TRACON& Tower with Radar,24,22,30,37,113,0,0,45,1,46,24,22,75,38,159,158,63,221,380
12/01/2004,GPT,MS,ASO,CE,Combined TRACON& Tower with Radar,20,21,37,62,140,0,0,64,23,87,20,21,101,85,227,137,35,172,399
12/02/2004,GPT,MS,ASO,CE,Combined TRACON& Tower with Radar,26,25,52,81,184,0,0,47,7,54,26,25,99,88,238,172,120,292,530
12/03/2004,GPT,MS,ASO,CE,Combined TRACON& Tower with Radar,22,25,38,58,143,0,0,62,6,68,22,25,100,64,211,186,46,232,443
12/04/2004,GPT,MS,ASO,CE,Combined TRACON& Tower with Radar,27,11,34,11,83,0,0,47,4,51,27,11,81,15,134,134,0,134,268
12/05/2004,GPT,MS,ASO,CE,Combined TRACON& Tower with Radar,21,22,26,11,80,0,0,2,0,2,21,22,28,11,82,6,2,8,90
12/06/2004,GPT,MS,ASO,CE,Combined TRACON& Tower with Radar,21,16,16,26,79,0,0,0,0,0,21,16,16,26,79,0,0,0,79
12/07/2004,GPT,MS,ASO,CE,Combined TRACON& Tower with Radar,23,13,43,89,168,0,0,44,9,53,23,13,87,98,221,306,144,450,671
12/08/2004,GPT,MS,ASO,CE,Combined TRACON& Tower with Radar,19,21,46,82,168,0,0,67,6,73,19,21,113,88,241,285,157,442,683
12/09/2004,GPT,MS,ASO,CE,Combined TRACON& Tower with Radar,21,23,47,38,129,0,1,9,3,13,21,24,56,41,142,20,50,70,212
12/10/2004,GPT,MS,ASO,CE,Combined TRACON& Tower with Radar,30,17,42,100,189,0,0,46,5,51,30,17,88,105,240,78,130,208,448
12/11/2004,GPT,MS,ASO,CE,Combined TRACON& Tower with Radar,24,15,13,13,65,0,0,64,8,72,24,15,77,21,137,198,10,208,345
12/12/2004,GPT,MS,ASO,CE,Combined TRACON& Tower with Radar,23,17,38,12,90,0,0,47,0,47,23,17,85,12,137,134,0,134,271
12/13/2004,GPT,MS,ASO,CE,Combined TRACON& Tower with Radar,22,16,38,58,134,0,0,61,3,64,22,16,99,61,198,294,68,362,560
12/14/2004,GPT,MS,ASO,CE,Combined TRACON& Tower with Radar,30,20,37,62,149,0,0,43,6,49,30,20,80,68,198,124,47,171,369
12/15/2004,GPT,MS,ASO,CE,Combined TRACON& Tower with Radar,32,28,38,50,148,0,0,76,6,82,32,28,114,56,230,224,16,240,470
12/16/2004,GPT,MS,ASO,CE,Combined TRACON& Tower with Radar,23,23,33,53,132,3,0,52,5,60,26,23,85,58,192,180,42,222,414
12/17/2004,GPT,MS,ASO,CE,Combined TRACON& Tower with Radar,24,21,33,39,117,0,0,71,1,72,24,21,104,40,189,270,28,298,487
12/18/2004,GPT,MS,ASO,CE,Combined TRACON& Tower with Radar,23,12,17,23,75,0,0,84,2,86,23,12,101,25,161,240,4,244,405
12/19/2004,GPT,MS,ASO,CE,Combined TRACON& Tower with Radar,21,15,13,4,53,0,0,37,1,38,21,15,50,5,91,104,0,104,195
12/20/2004,GPT,MS,ASO,CE,Combined TRACON& Tower with Radar,20,18,26,50,114,0,0,48,0,48,20,18,74,50,162,98,50,148,310
12/21/2004,GPT,MS,ASO,CE,Combined TRACON& Tower with Radar,24,18,30,26,98,0,0,33,8,41,24,18,63,34,139,150,4,154,293
12/22/2004,GPT,MS,ASO,CE,Combined TRACON& Tower with Radar,17,25,16,10,68,0,0,1,0,1,17,25,17,10,69,18,0,18,87
12/23/2004,GPT,MS,ASO,CE,Combined TRACON& Tower with Radar,20,20,14,13,67,0,0,12,0,12,20,20,26,13,79,16,6,22,101
12/24/2004,GPT,MS,ASO,CE,Combined TRACON& Tower with Radar,22,18,9,0,49,0,0,1,0,1,22,18,10,0,50,0,0,0,50
12/25/2004,GPT,MS,ASO,CE,Combined TRACON& Tower with Radar,16,10,7,0,33,0,0,1,0,1,16,10,8,0,34,0,0,0,34
12/26/2004,GPT,MS,ASO,CE,Combined TRACON& Tower with Radar,22,17,18,0,57,0,0,24,0,24,22,17,42,0,81,4,0,4,85
12/27/2004,GPT,MS,ASO,CE,Combined TRACON& Tower with Radar,24,18,15,6,63,0,0,35,0,35,24,18,50,6,98,32,0,32,130
12/28/2004,GPT,MS,ASO,CE,Combined TRACON& Tower with Radar,20,20,25,10,75,0,0,67,2,69,20,20,92,12,144,200,0,200,344
12/29/2004,GPT,MS,ASO,CE,Combined TRACON& Tower with Radar,17,24,21,20,82,0,0,62,1,63,17,24,83,21,145,176,20,196,341
12/30/2004,GPT,MS,ASO,CE,Combined TRACON& Tower with Radar,22,21,36,7,86,0,0,47,0,47,22,21,83,7,133,148,0,148,281
12/31/2004,GPT,MS,ASO,CE,Combined TRACON& Tower with Radar,21,17,41,0,79,0,0,20,0,20,21,17,61,0,99,2,0,2,101
01/01/2005,GPT,MS,ASO,CE,Combined TRACON& Tower with Radar,24,14,10,2,50,0,0,5,0,5,24,14,15,2,55,0,0,0,55
01/02/2005,GPT,MS,ASO,CE,Combined TRACON& Tower with Radar,21,28,35,4,88,0,0,26,0,26,21,28,61,4,114,4,0,4,118
01/03/2005,GPT,MS,ASO,CE,Combined TRACON& Tower with Radar,26,19,26,12,83,0,0,46,1,47,26,19,72,13,130,188,0,188,318
01/04/2005,GPT,MS,ASO,CE,Combined TRACON& Tower with Radar,23,20,35,80,158,0,0,49,1,50,23,20,84,81,208,204,69,273,481
01/05/2005,GPT,MS,ASO,CE,Combined TRACON& Tower with Radar,21,27,36,48,132,0,0,31,0,31,21,27,67,48,163,82,21,103,266
01/06/2005,GPT,MS,ASO,CE,Combined TRACON& Tower with Radar,21,22,26,49,118,0,0,30,2,32,21,22,56,51,150,120,51,171,321
01/07/2005,GPT,MS,ASO,CE,Combined TRACON& Tower with Radar,41,21,14,39,115,0,0,3,0,3,41,21,17,39,118,16,2,18,136
01/08/2005,GPT,MS,ASO,CE,Combined TRACON& Tower with Radar,28,11,26,36,101,0,0,0,1,1,28,11,26,37,102,0,0,0,102
01/09/2005,GPT,MS,ASO,CE,Combined TRACON& Tower with Radar,36,25,34,27,122,0,0,0,0,0,36,25,34,27,122,0,0,0,122
01/10/2005,GPT,MS,ASO,CE,Combined TRACON& Tower with Radar,26,13,20,42,101,0,0,4,2,6,26,13,24,44,107,0,4,4,111
01/11/2005,GPT,MS,ASO,CE,Combined TRACON& Tower with Radar,25,16,37,60,138,0,0,41,2,43,25,16,78,62,181,172,238,410,591
01/12/2005,GPT,MS,ASO,CE,Combined TRACON& Tower with Radar,25,14,38,71,148,0,0,0,5,5,25,14,38,76,153,124,33,157,310
01/13/2005,GPT,MS,ASO,CE,Combined TRACON& Tower with Radar,24,20,27,9,80,0,0,9,0,9,24,20,36,9,89,24,10,34,123
01/14/2005,GPT,MS,ASO,CE,Combined TRACON& Tower with Radar,23,21,57,69,170,0,0,58,3,61,23,21,115,72,231,198,54,252,483
01/15/2005,GPT,MS,ASO,CE,Combined TRACON& Tower with Radar,28,8,30,32,98,0,0,76,0,76,28,8,106,32,174,175,18,193,367
01/16/2005,GPT,MS,ASO,CE,Combined TRACON& Tower with Radar,25,20,28,4,77,0,0,45,1,46,25,20,73,5,123,92,10,102,225
01/17/2005,GPT,MS,ASO,CE,Combined TRACON& Tower with Radar,22,17,32,44,115,0,0,57,2,59,22,17,89,46,174,187,34,221,395
01/18/2005,GPT,MS,ASO,CE,Combined TRACON& Tower with Radar,24,15,53,51,143,0,0,47,6,53,24,15,100,57,196,174,30,204,400
01/19/2005,GPT,MS,ASO,CE,Combined TRACON& Tower with Radar,28,16,54,105,203,0,0,51,12,63,28,16,105,117,266,150,60,210,476
01/20/2005,GPT,MS,ASO,CE,Combined TRACON& Tower with Radar,22,19,51,74,166,0,0,33,6,39,22,19,84,80,205,122,32,154,359
01/21/2005,GPT,MS,ASO,CE,Combined TRACON& Tower with Radar,25,18,48,54,145,0,0,42,0,42,25,18,90,54,187,132,60,192,379
01/22/2005,GPT,MS,ASO,CE,Combined TRACON& Tower with Radar,30,12,20,20,82,0,0,3,0,3,30,12,23,20,85,50,4,54,139
01/23/2005,GPT,MS,ASO,CE,Combined TRACON& Tower with Radar,25,15,38,13,91,0,0,27,0,27,25,15,65,13,118,34,0,34,152
01/24/2005,GPT,MS,ASO,CE,Combined TRACON& Tower with Radar,26,18,46,43,133,0,0,53,5,58,26,18,99,48,191,174,35,209,400
01/25/2005,GPT,MS,ASO,CE,Combined TRACON& Tower with Radar,29,24,34,92,179,0,0,61,2,63,29,24,95,94,242,238,67,305,547
01/26/2005,GPT,MS,ASO,CE,Combined TRACON& Tower with Radar,20,24,63,12,119,0,0,50,0,50,20,24,113,12,169,201,57,258,427
01/27/2005,GPT,MS,ASO,CE,Combined TRACON& Tower with Radar,20,19,30,33,102,0,0,0,0,0,20,19,30,33,102,195,33,228,330
01/28/2005,GPT,MS,ASO,CE,Combined TRACON& Tower with Radar,21,26,37,27,111,0,0,4,1,5,21,26,41,28,116,10,0,10,126
01/29/2005,GPT,MS,ASO,CE,Combined TRACON& Tower with Radar,14,11,21,24,70,0,0,3,0,3,14,11,24,24,73,26,0,26,99
01/30/2005,GPT,MS,ASO,CE,Combined TRACON& Tower with Radar,19,16,26,30,91,0,0,46,0,46,19,16,72,30,137,130,0,130,267
01/31/2005,GPT,MS,ASO,CE,Combined TRACON& Tower with Radar,18,19,34,28,99,0,0,29,0,29,18,19,63,28,128,150,0,150,278
02/01/2005,GPT,MS,ASO,CE,Combined TRACON& Tower with Radar,20,26,14,14,74,0,0,0,0,0,20,26,14,14,74,0,0,0,74
02/02/2005,GPT,MS,ASO,CE,Combined TRACON& Tower with Radar,21,16,23,5,65,0,0,0,0,0,21,16,23,5,65,0,0,0,65
02/03/2005,GPT,MS,ASO,CE,Combined TRACON& Tower with Radar,18,25,52,71,166,0,0,32,6,38,18,25,84,77,204,152,96,248,452
02/04/2005,GPT,MS,ASO,CE,Combined TRACON& Tower with Radar,23,26,46,52,147,0,0,46,8,54,23,26,92,60,201,95,34,129,330
02/05/2005,GPT,MS,ASO,CE,Combined TRACON& Tower with Radar,20,26,54,18,118,0,0,59,4,63,20,26,113,22,181,84,24,108,289
02/06/2005,GPT,MS,ASO,CE,Combined TRACON& Tower with Radar,21,28,37,13,99,0,0,18,2,20,21,28,55,15,119,16,4,20,139
02/07/2005,GPT,MS,ASO,CE,Combined TRACON& Tower with Radar,20,34,40,55,149,0,0,21,3,24,20,34,61,58,173,45,14,59,232
02/08/2005,GPT,MS,ASO,CE,Combined TRACON& Tower with Radar,23,21,37,22,103,0,0,9,0,9,23,21,46,22,112,0,0,0,112
02/09/2005,GPT,MS,ASO,CE,Combined TRACON& Tower with Radar,18,20,20,42,100,0,0,10,4,14,18,20,30,46,114,48,32,80,194
02/10/2005,GPT,MS,ASO,CE,Combined TRACON& Tower with Radar,23,26,39,73,161,0,0,41,7,48,23,26,80,80,209,148,103,251,460
02/11/2005,GPT,MS,ASO,CE,Combined TRACON& Tower with Radar,17,26,42,58,143,0,0,75,3,78,17,26,117,61,221,275,116,391,612
02/12/2005,GPT,MS,ASO,CE,Combined TRACON& Tower with Radar,20,18,39,33,110,0,0,81,3,84,20,18,120,36,194,190,2,192,386
02/13/2005,GPT,MS,ASO,CE,Combined TRACON& Tower with Radar,20,27,21,19,87,0,0,46,1,47,20,27,67,20,134,146,44,190,324
02/14/2005,GPT,MS,ASO,CE,Combined TRACON& Tower with Radar,25,18,30,61,134,0,0,33,4,37,25,18,63,65,171,169,80,249,420
02/15/2005,GPT,MS,ASO,CE,Combined TRACON& Tower with Radar,17,14,36,47,114,0,0,19,0,19,17,14,55,47,133,113,32,145,278
02/16/2005,GPT,MS,ASO,CE,Combined TRACON& Tower with Radar,20,23,28,63,134,0,0,22,4,26,20,23,50,67,160,106,85,191,351
02/17/2005,GPT,MS,ASO,CE,Combined TRACON& Tower with Radar,19,24,48,30,121,0,1,47,4,52,19,25,95,34,173,184,0,184,357
02/18/2005,GPT,MS,ASO,CE,Combined TRACON& Tower with Radar,21,30,55,65,171,0,0,107,6,113,21,30,162,71,284,196,42,238,522
02/19/2005,GPT,MS,ASO,CE,Combined TRACON& Tower with Radar,16,26,29,20,91,0,0,70,2,72,16,26,99,22,163,154,16,170,333
02/20/2005,GPT,MS,ASO,CE,Combined TRACON& Tower with Radar,19,31,42,47,139,0,0,47,1,48,19,31,89,48,187,136,16,152,339
02/21/2005,GPT,MS,ASO,CE,Combined TRACON& Tower with Radar,19,20,45,37,121,0,0,30,0,30,19,20,75,37,151,196,11,207,358
02/22/2005,GPT,MS,ASO,CE,Combined TRACON& Tower with Radar,22,23,31,64,140,0,0,0,6,6,22,23,31,70,146,223,46,269,415
02/23/2005,GPT,MS,ASO,CE,Combined TRACON& Tower with Radar,19,33,34,28,114,0,0,0,0,0,19,33,34,28,114,0,4,4,118
02/24/2005,GPT,MS,ASO,CE,Combined TRACON& Tower with Radar,19,20,53,71,163,0,0,16,0,16,19,20,69,71,179,57,28,85,264
02/25/2005,GPT,MS,ASO,CE,Combined TRACON& Tower with Radar,19,31,63,39,152,0,0,63,9,72,19,31,126,48,224,253,41,294,518
02/26/2005,GPT,MS,ASO,CE,Combined TRACON& Tower with Radar,19,21,39,16,95,0,0,59,9,68,19,21,98,25,163,186,44,230,393
02/27/2005,GPT,MS,ASO,CE,Combined TRACON& Tower with Radar,19,34,46,6,105,0,0,0,0,0,19,34,46,6,105,0,22,22,127
02/28/2005,GPT,MS,ASO,CE,Combined TRACON& Tower with Radar,18,29,30,92,169,0,0,2,5,7,18,29,32,97,176,300,168,468,644
03/01/2005,GPT,MS,ASO,CE,Combined TRACON& Tower with Radar,18,28,39,63,148,0,0,63,15,78,18,28,102,78,226,263,119,382,608
03/02/2005,GPT,MS,ASO,CE,Combined TRACON& Tower with Radar,19,26,46,48,139,0,0,66,15,81,19,26,112,63,220,260,28,288,508
03/03/2005,GPT,MS,ASO,CE,Combined TRACON& Tower with Radar,23,22,42,70,157,0,0,31,5,36,23,22,73,75,193,130,18,148,341
03/04/2005,GPT,MS,ASO,CE,Combined TRACON& Tower with Radar,21,22,50,56,149,0,0,54,8,62,21,22,104,64,211,182,100,282,493
03/05/2005,GPT,MS,ASO,CE,Combined TRACON& Tower with Radar,20,19,32,26,97,0,0,1,0,1,20,19,33,26,98,122,6,128,226
03/06/2005,GPT,MS,ASO,CE,Combined TRACON& Tower with Radar,21,22,44,40,127,0,0,36,2,38,21,22,80,42,165,120,29,149,314
03/07/2005,GPT,MS,ASO,CE,Combined TRACON& Tower with Radar,21,21,29,67,138,0,0,9,10,19,21,21,38,77,157,218,109,327,484
03/08/2005,GPT,MS,ASO,CE,Combined TRACON& Tower with Radar,21,19,36,61,137,0,0,74,6,80,21,19,110,67,217,333,128,461,678
03/09/2005,GPT,MS,ASO,CE,Combined TRACON& Tower with Radar,22,22,46,63,153,0,0,49,8,57,22,22,95,71,210,194,163,357,567
03/10/2005,GPT,MS,ASO,CE,Combined TRACON& Tower with Radar,19,22,34,66,141,0,0,82,7,89,19,22,116,73,230,338,18,356,586
03/11/2005,GPT,MS,ASO,CE,Combined TRACON& Tower with Radar,25,25,50,68,168,0,0,34,3,37,25,25,84,71,205,156,42,198,403
03/12/2005,GPT,MS,ASO,CE,Combined TRACON& Tower with Radar,22,19,26,19,86,0,1,54,3,58,22,20,80,22,144,108,0,108,252
03/13/2005,GPT,MS,ASO,CE,Combined TRACON& Tower with Radar,25,22,42,12,101,0,0,38,1,39,25,22,80,13,140,136,0,136,276
03/14/2005,GPT,MS,ASO,CE,Combined TRACON& Tower with Radar,24,19,21,51,115,0,0,34,5,39,24,19,55,56,154,155,10,165,319
03/15/2005,GPT,MS,ASO,CE,Combined TRACON& Tower with Radar,24,19,33,50,126,0,0,42,2,44,24,19,75,52,170,176,38,214,384
03/16/2005,GPT,MS,ASO,CE,Combined TRACON& Tower with Radar,20,21,32,98,171,0,0,0,0,0,20,21,32,98,171,0,0,0,171
03/17/2005,GPT,MS,ASO,CE,Combined TRACON& Tower with Radar,22,22,39,68,151,0,2,29,4,35,22,24,68,72,186,166,54,220,406
03/18/2005,GPT,MS,ASO,CE,Combined TRACON& Tower with Radar,21,26,48,71,166,0,0,68,4,72,21,26,116,75,238,214,96,310,548
03/19/2005,GPT,MS,ASO,CE,Combined TRACON& Tower with Radar,20,21,39,30,110,0,0,64,5,69,20,21,103,35,179,196,26,222,401
03/20/2005,GPT,MS,ASO,CE,Combined TRACON& Tower with Radar,22,20,19,42,103,0,0,9,1,10,22,20,28,43,113,73,0,73,186
03/21/2005,GPT,MS,ASO,CE,Combined TRACON& Tower with Radar,24,19,19,76,138,0,0,0,5,5,24,19,19,81,143,198,20,218,361
03/22/2005,GPT,MS,ASO,CE,Combined TRACON& Tower with Radar,18,21,26,53,118,0,0,51,7,58,18,21,77,60,176,194,42,236,412
03/23/2005,GPT,MS,ASO,CE,Combined TRACON& Tower with Radar,18,23,32,105,178,0,0,60,16,76,18,23,92,121,254,180,112,292,546
03/24/2005,GPT,MS,ASO,CE,Combined TRACON& Tower with Radar,20,22,33,105,180,0,0,61,5,66,20,22,94,110,246,237,127,364,610
03/25/2005,GPT,MS,ASO,CE,Combined TRACON& Tower with Radar,25,22,28,91,166,0,0,51,3,54,25,22,79,94,220,158,117,275,495
03/26/2005,GPT,MS,ASO,CE,Combined TRACON& Tower with Radar,23,14,10,2,49,0,0,0,0,0,23,14,10,2,49,0,0,0,49
03/27/2005,GPT,MS,ASO,CE,Combined TRACON& Tower with Radar,20,15,12,7,54,0,0,5,1,6,20,15,17,8,60,0,0,0,60
03/28/2005,GPT,MS,ASO,CE,Combined TRACON& Tower with Radar,23,18,23,107,171,0,0,59,3,62,23,18,82,110,233,228,177,405,638
03/29/2005,GPT,MS,ASO,CE,Combined TRACON& Tower with Radar,23,17,28,121,189,0,0,78,13,91,23,17,106,134,280,288,162,450,730
03/30/2005,GPT,MS,ASO,CE,Combined TRACON& Tower with Radar,21,23,45,104,193,0,0,30,4,34,21,23,75,108,227,130,52,182,409
03/31/2005,GPT,MS,ASO,CE,Combined TRACON& Tower with Radar,26,24,42,10,102,0,0,5,1,6,26,24,47,11,108,6,8,14,122
04/01/2005,GPT,MS,ASO,CE,Combined TRACON& Tower with Radar,22,27,24,47,120,0,0,14,0,14,22,27,38,47,134,66,0,66,200
04/02/2005,GPT,MS,ASO,CE,Combined TRACON& Tower with Radar,20,22,33,21,96,0,0,52,2,54,20,22,85,23,150,146,34,180,330
04/03/2005,GPT,MS,ASO,CE,Combined TRACON& Tower with Radar,27,18,48,21,114,0,0,59,3,62,27,18,107,24,176,100,0,100,276
04/04/2005,GPT,MS,ASO,CE,Combined TRACON& Tower with Radar,23,19,31,54,127,0,0,50,8,58,23,19,81,62,185,214,39,253,438
04/05/2005,GPT,MS,ASO,CE,Combined TRACON& Tower with Radar,22,23,42,72,159,0,0,35,4,39,22,23,77,76,198,112,78,190,388
04/06/2005,GPT,MS,ASO,CE,Combined TRACON& Tower with Radar,22,18,25,6,71,0,0,0,0,0,22,18,25,6,71,0,0,0,71
04/07/2005,GPT,MS,ASO,CE,Combined TRACON& Tower with Radar,23,28,35,102,188,0,0,26,12,38,23,28,61,114,226,94,114,208,434
04/08/2005,GPT,MS,ASO,CE,Combined TRACON& Tower with Radar,25,23,41,77,166,0,0,41,5,46,25,23,82,82,212,146,86,232,444
04/09/2005,GPT,MS,ASO,CE,Combined TRACON& Tower with Radar,22,18,32,18,90,0,0,81,2,83,22,18,113,20,173,122,2,124,297
04/10/2005,GPT,MS,ASO,CE,Combined TRACON& Tower with Radar,24,18,39,28,109,0,0,25,2,27,24,18,64,30,136,28,0,28,164
04/11/2005,GPT,MS,ASO,CE,Combined TRACON& Tower with Radar,17,22,26,49,114,0,0,29,0,29,17,22,55,49,143,59,63,122,265
04/12/2005,GPT,MS,ASO,CE,Combined TRACON& Tower with Radar,20,20,36,73,149,0,0,71,8,79,20,20,107,81,228,226,151,377,605
04/13/2005,GPT,MS,ASO,CE,Combined TRACON& Tower with Radar,20,25,52,75,172,0,0,39,8,47,20,25,91,83,219,96,61,157,376
04/14/2005,GPT,MS,ASO,CE,Combined TRACON& Tower with Radar,21,23,46,119,209,0,0,53,7,60,21,23,99,126,269,244,110,354,623
04/15/2005,GPT,MS,ASO,CE,Combined TRACON& Tower with Radar,22,21,66,107,216,0,0,60,6,66,22,21,126,113,282,276,96,372,654
04/16/2005,GPT,MS,ASO,CE,Combined TRACON& Tower with Radar,24,20,31,28,103,0,0,0,1,1,24,20,31,29,104,228,4,232,336
04/17/2005,GPT,MS,ASO,CE,Combined TRACON& Tower with Radar,22,19,40,24,105,0,0,52,2,54,22,19,92,26,159,114,13,127,286
04/18/2005,GPT,MS,ASO,CE,Combined TRACON& Tower with Radar,27,20,35,98,180,0,0,52,7,59,27,20,87,105,239,144,137,281,520
04/19/2005,GPT,MS,ASO,CE,Combined TRACON& Tower with Radar,19,17,49,94,179,0,0,81,9,90,19,17,130,103,269,302,106,408,677
04/20/2005,GPT,MS,ASO,CE,Combined TRACON& Tower with Radar,22,23,53,33,131,0,0,61,0,61,22,23,114,33,192,261,48,309,501
04/21/2005,GPT,MS,ASO,CE,Combined TRACON& Tower with Radar,23,21,58,62,164,0,0,71,6,77,23,21,129,68,241,276,18,294,535
04/22/2005,GPT,MS,ASO,CE,Combined TRACON& Tower with Radar,23,23,61,35,142,0,0,27,1,28,23,23,88,36,170,70,10,80,250
04/23/2005,GPT,MS,ASO,CE,Combined TRACON& Tower with Radar,26,19,30,20,95,0,0,34,0,34,26,19,64,20,129,58,0,58,187
04/24/2005,GPT,MS,ASO,CE,Combined TRACON& Tower with Radar,22,29,37,15,103,0,0,40,0,40,22,29,77,15,143,46,13,59,202
04/25/2005,GPT,MS,ASO,CE,Combined TRACON& Tower with Radar,25,24,55,42,146,0,0,51,6,57,25,24,106,48,203,146,3,149,352
04/26/2005,GPT,MS,ASO,CE,Combined TRACON& Tower with Radar,24,19,31,47,121,0,0,30,1,31,24,19,61,48,152,84,22,106,258
04/27/2005,GPT,MS,ASO,CE,Combined TRACON& Tower with Radar,22,20,55,76,173,0,0,58,12,70,22,20,113,88,243,191,124,315,558
04/28/2005,GPT,MS,ASO,CE,Combined TRACON& Tower with Radar,23,22,39,62,146,0,2,71,16,89,23,24,110,78,235,274,38,312,547
04/29/2005,GPT,MS,ASO,CE,Combined TRACON& Tower with Radar,27,19,54,88,188,0,0,53,9,62,27,19,107,97,250,204,92,296,546
04/30/2005,GPT,MS,ASO,CE,Combined TRACON& Tower with Radar,18,18,18,16,70,0,0,1,0,1,18,18,19,16,71,0,0,0,71
05/01/2005,GPT,MS,ASO,CE,Combined TRACON& Tower with Radar,21,19,50,22,112,0,0,44,0,44,21,19,94,22,156,74,20,94,250
05/02/2005,GPT,MS,ASO,CE,Combined TRACON& Tower with Radar,22,23,22,28,95,0,1,54,7,62,22,24,76,35,157,166,22,188,345
05/03/2005,GPT,MS,ASO,CE,Combined TRACON& Tower with Radar,37,18,40,129,224,0,2,39,6,47,37,20,79,135,271,250,120,370,641
05/04/2005,GPT,MS,ASO,CE,Combined TRACON& Tower with Radar,34,27,34,89,184,0,0,55,8,63,34,27,89,97,247,174,69,243,490
05/05/2005,GPT,MS,ASO,CE,Combined TRACON& Tower with Radar,28,20,44,97,189,0,0,53,16,69,28,20,97,113,258,252,102,354,612
05/06/2005,GPT,MS,ASO,CE,Combined TRACON& Tower with Radar,23,19,39,124,205,0,0,56,9,65,23,19,95,133,270,118,147,265,535
05/07/2005,GPT,MS,ASO,CE,Combined TRACON& Tower with Radar,21,21,18,53,113,0,0,68,6,74,21,21,86,59,187,164,12,176,363
05/08/2005,GPT,MS,ASO,CE,Combined TRACON& Tower with Radar,21,22,26,17,86,0,0,45,5,50,21,22,71,22,136,100,0,100,236
05/09/2005,GPT,MS,ASO,CE,Combined TRACON& Tower with Radar,23,22,40,77,162,0,0,40,1,41,23,22,80,78,203,158,88,246,449
05/10/2005,GPT,MS,ASO,CE,Combined TRACON& Tower with Radar,23,15,35,121,194,0,0,26,5,31,23,15,61,126,225,106,93,199,424
05/11/2005,GPT,MS,ASO,CE,Combined TRACON& Tower with Radar,22,24,53,48,147,0,0,47,5,52,22,24,100,53,199,159,52,211,410
05/12/2005,GPT,MS,ASO,CE,Combined TRACON& Tower with Radar,22,18,37,68,145,0,0,1,2,3,22,18,38,70,148,178,60,238,386
05/13/2005,GPT,MS,ASO,CE,Combined TRACON& Tower with Radar,26,25,46,49,146,0,0,39,1,40,26,25,85,50,186,138,54,192,378
05/14/2005,GPT,MS,ASO,CE,Combined TRACON& Tower with Radar,21,18,19,19,77,0,0,43,0,43,21,18,62,19,120,94,12,106,226
05/15/2005,GPT,MS,ASO,CE,Combined TRACON& Tower with Radar,26,19,33,14,92,0,0,43,1,44,26,19,76,15,136,118,8,126,262
05/16/2005,GPT,MS,ASO,CE,Combined TRACON& Tower with Radar,22,20,29,65,136,0,0,47,6,53,22,20,76,71,189,193,73,266,455
05/17/2005,GPT,MS,ASO,CE,Combined TRACON& Tower with Radar,22,20,55,46,143,0,0,61,3,64,22,20,116,49,207,1980,340,2320,2527
05/18/2005,GPT,MS,ASO,CE,Combined TRACON& Tower with Radar,20,22,49,59,150,0,0,56,15,71,20,22,105,74,221,240,111,351,572
05/19/2005,GPT,MS,ASO,CE,Combined TRACON& Tower with Radar,23,24,48,40,135,0,0,62,33,95,23,24,110,73,230,196,43,239,469
05/20/2005,GPT,MS,ASO,CE,Combined TRACON& Tower with Radar,23,22,53,51,149,0,0,70,6,76,23,22,123,57,225,182,79,261,486
05/21/2005,GPT,MS,ASO,CE,Combined TRACON& Tower with Radar,24,22,30,28,104,0,0,1,6,7,24,22,31,34,111,144,6,150,261
05/22/2005,GPT,MS,ASO,CE,Combined TRACON& Tower with Radar,24,20,32,26,102,0,0,50,3,53,24,20,82,29,155,108,16,124,279
05/23/2005,GPT,MS,ASO,CE,Combined TRACON& Tower with Radar,23,23,36,52,134,0,0,56,8,64,23,23,92,60,198,232,53,285,483
05/24/2005,GPT,MS,ASO,CE,Combined TRACON& Tower with Radar,20,22,29,91,162,0,0,59,11,70,20,22,88,102,232,188,60,248,480
05/25/2005,GPT,MS,ASO,CE,Combined TRACON& Tower with Radar,23,20,40,44,127,0,0,44,8,52,23,20,84,52,179,152,6,158,337
05/26/2005,GPT,MS,ASO,CE,Combined TRACON& Tower with Radar,24,20,30,107,181,0,0,52,7,59,24,20,82,114,240,136,104,240,480
05/27/2005,GPT,MS,ASO,CE,Combined TRACON& Tower with Radar,23,25,47,56,151,0,0,57,1,58,23,25,104,57,209,123,102,225,434
05/28/2005,GPT,MS,ASO,CE,Combined TRACON& Tower with Radar,24,21,17,2,64,0,0,31,0,31,24,21,48,2,95,134,0,134,229
05/29/2005,GPT,MS,ASO,CE,Combined TRACON& Tower with Radar,19,16,12,3,50,0,0,0,0,0,19,16,12,3,50,0,0,0,50
05/30/2005,GPT,MS,ASO,CE,Combined TRACON& Tower with Radar,23,25,16,0,64,0,0,2,0,2,23,25,18,0,66,0,0,0,66
05/31/2005,GPT,MS,ASO,CE,Combined TRACON& Tower with Radar,18,21,25,37,101,0,7,8,3,18,18,28,33,40,119,0,38,38,157
06/01/2005,GPT,MS,ASO,CE,Combined TRACON& Tower with Radar,22,20,45,49,136,0,0,24,2,26,22,20,69,51,162,57,79,136,298
06/02/2005,GPT,MS,ASO,CE,Combined TRACON& Tower with Radar,21,22,36,65,144,0,0,60,7,67,21,22,96,72,211,280,120,400,611
06/03/2005,GPT,MS,ASO,CE,Combined TRACON& Tower with Radar,26,16,33,63,138,0,0,66,9,75,26,16,99,72,213,172,28,200,413
06/04/2005,GPT,MS,ASO,CE,Combined TRACON& Tower with Radar,31,17,33,38,119,0,0,58,1,59,31,17,91,39,178,152,20,172,350
06/05/2005,GPT,MS,ASO,CE,Combined TRACON& Tower with Radar,26,18,21,44,109,0,0,21,3,24,26,18,42,47,133,78,77,155,288
06/06/2005,GPT,MS,ASO,CE,Combined TRACON& Tower with Radar,26,20,12,9,67,0,0,2,1,3,26,20,14,10,70,0,0,0,70
06/07/2005,GPT,MS,ASO,CE,Combined TRACON& Tower with Radar,25,19,32,55,131,0,0,53,5,58,25,19,85,60,189,212,86,298,487
06/08/2005,GPT,MS,ASO,CE,Combined TRACON& Tower with Radar,19,20,38,35,112,0,0,0,5,5,19,20,38,40,117,154,45,199,316
06/09/2005,GPT,MS,ASO,CE,Combined TRACON& Tower with Radar,36,22,54,52,164,0,0,63,10,73,36,22,117,62,237,216,171,387,624
06/10/2005,GPT,MS,ASO,CE,Combined TRACON& Tower with Radar,25,25,30,27,107,0,0,10,1,11,25,25,40,28,118,82,19,101,219
06/11/2005,GPT,MS,ASO,CE,Combined TRACON& Tower with Radar,11,10,8,0,29,0,0,0,0,0,11,10,8,0,29,0,0,0,29
06/12/2005,GPT,MS,ASO,CE,Combined TRACON& Tower with Radar,25,19,12,31,87,0,0,32,0,32,25,19,44,31,119,136,28,164,283
06/13/2005,GPT,MS,ASO,CE,Combined TRACON& Tower with Radar,22,25,17,58,122,0,0,50,9,59,22,25,67,67,181,145,18,163,344
06/14/2005,GPT,MS,ASO,CE,Combined TRACON& Tower with Radar,18,25,34,54,131,0,0,54,6,60,18,25,88,60,191,165,91,256,447
06/15/2005,GPT,MS,ASO,CE,Combined TRACON& Tower with Radar,18,23,24,54,119,0,0,63,7,70,18,23,87,61,189,182,48,230,419
06/16/2005,GPT,MS,ASO,CE,Combined TRACON& Tower with Radar,25,21,59,33,138,0,0,43,20,63,25,21,102,53,201,118,50,168,369
06/17/2005,GPT,MS,ASO,CE,Combined TRACON& Tower with Radar,21,19,54,26,120,0,1,47,6,54,21,20,101,32,174,116,53,169,343
06/18/2005,GPT,MS,ASO,CE,Combined TRACON& Tower with Radar,22,21,21,31,95,0,0,37,10,47,22,21,58,41,142,146,4,150,292
06/19/2005,GPT,MS,ASO,CE,Combined TRACON& Tower with Radar,23,19,34,16,92,0,0,51,11,62,23,19,85,27,154,58,0,58,212
06/20/2005,GPT,MS,ASO,CE,Combined TRACON& Tower with Radar,29,20,33,80,162,0,0,0,1,1,29,20,33,81,163,125,93,218,381
06/21/2005,GPT,MS,ASO,CE,Combined TRACON& Tower with Radar,21,23,22,98,164,0,0,61,7,68,21,23,83,105,232,140,85,225,457
06/22/2005,GPT,MS,ASO,CE,Combined TRACON& Tower with Radar,21,24,49,66,160,0,0,66,5,71,21,24,115,71,231,151,100,251,482
06/23/2005,GPT,MS,ASO,CE,Combined TRACON& Tower with Radar,21,22,34,64,141,0,0,46,15,61,21,22,80,79,202,114,55,169,371
06/24/2005,GPT,MS,ASO,CE,Combined TRACON& Tower with Radar,20,21,55,31,127,0,0,27,7,34,20,21,82,38,161,45,23,68,229
06/25/2005,GPT,MS,ASO,CE,Combined TRACON& Tower with Radar,28,22,29,11,90,0,0,36,9,45,28,22,65,20,135,74,12,86,221
06/26/2005,GPT,MS,ASO,CE,Combined TRACON& Tower with Radar,26,22,41,15,104,0,0,54,12,66,26,22,95,27,170,130,45,175,345
06/27/2005,GPT,MS,ASO,CE,Combined TRACON& Tower with Radar,31,22,46,14,113,0,0,62,6,68,31,22,108,20,181,216,40,256,437
06/28/2005,GPT,MS,ASO,CE,Combined TRACON& Tower with Radar,19,25,38,45,127,0,0,53,3,56,19,25,91,48,183,174,72,246,429
06/29/2005,GPT,MS,ASO,CE,Combined TRACON& Tower with Radar,25,20,34,38,117,0,0,4,1,5,25,20,38,39,122,0,28,28,150
06/30/2005,GPT,MS,ASO,CE,Combined TRACON& Tower with Radar,24,22,42,23,111,0,0,46,2,48,24,22,88,25,159,206,36,242,401
07/01/2005,GPT,MS,ASO,CE,Combined TRACON& Tower with Radar,24,22,42,11,99,0,0,46,0,46,24,22,88,11,145,122,0,122,267
07/02/2005,GPT,MS,ASO,CE,Combined TRACON& Tower with Radar,21,20,25,3,69,0,0,46,0,46,21,20,71,3,115,130,2,132,247
07/03/2005,GPT,MS,ASO,CE,Combined TRACON& Tower with Radar,19,19,12,4,54,0,0,33,0,33,19,19,45,4,87,166,0,166,253
07/04/2005,GPT,MS,ASO,CE,Combined TRACON& Tower with Radar,15,25,17,1,58,0,0,22,0,22,15,25,39,1,80,51,0,51,131
07/05/2005,GPT,MS,ASO,CE,Combined TRACON& Tower with Radar,20,19,26,10,75,0,0,1,2,3,20,19,27,12,78,0,34,34,112
07/06/2005,GPT,MS,ASO,CE,Combined TRACON& Tower with Radar,17,14,7,23,61,0,0,4,1,5,17,14,11,24,66,0,52,52,118
07/07/2005,GPT,MS,ASO,CE,Combined TRACON& Tower with Radar,20,21,33,43,117,0,0,52,8,60,20,21,85,51,177,140,82,222,399
07/08/2005,GPT,MS,ASO,CE,Combined TRACON& Tower with Radar,20,20,23,15,78,0,0,53,3,56,20,20,76,18,134,162,6,168,302
07/09/2005,GPT,MS,ASO,CE,Combined TRACON& Tower with Radar,17,25,22,0,64,0,0,9,6,15,17,25,31,6,79,0,0,0,79
07/10/2005,GPT,MS,ASO,CE,Combined TRACON& Tower with Radar,0,0,0,0,0,0,0,0,0,0,0,0,0,0,0,0,0,0,0
07/11/2005,GPT,MS,ASO,CE,Combined TRACON& Tower with Radar,13,12,18,19,62,0,0,7,0,7,13,12,25,19,69,0,30,30,99
07/12/2005,GPT,MS,ASO,CE,Combined TRACON& Tower with Radar,21,19,23,9,72,0,0,43,0,43,21,19,66,9,115,135,24,159,274
07/13/2005,GPT,MS,ASO,CE,Combined TRACON& Tower with Radar,23,17,39,23,102,0,0,35,5,40,23,17,74,28,142,88,46,134,276
07/14/2005,GPT,MS,ASO,CE,Combined TRACON& Tower with Radar,21,21,35,41,118,0,0,37,2,39,21,21,72,43,157,68,58,126,283
07/15/2005,GPT,MS,ASO,CE,Combined TRACON& Tower with Radar,22,19,47,41,129,0,0,7,3,10,22,19,54,44,139,3,42,45,184
07/16/2005,GPT,MS,ASO,CE,Combined TRACON& Tower with Radar,20,20,44,31,115,0,0,41,3,44,20,20,85,34,159,106,6,112,271
07/17/2005,GPT,MS,ASO,CE,Combined TRACON& Tower with Radar,19,21,33,9,82,0,0,43,1,44,19,21,76,10,126,92,0,92,218
07/18/2005,GPT,MS,ASO,CE,Combined TRACON& Tower with Radar,21,23,33,28,105,0,0,45,1,46,21,23,78,29,151,159,12,171,322
07/19/2005,GPT,MS,ASO,CE,Combined TRACON& Tower with Radar,20,25,39,51,135,0,0,39,9,48,20,25,78,60,183,107,72,179,362
07/20/2005,GPT,MS,ASO,CE,Combined TRACON& Tower with Radar,20,23,47,81,171,0,0,59,3,62,20,23,106,84,233,132,129,261,494
07/21/2005,GPT,MS,ASO,CE,Combined TRACON& Tower with Radar,20,21,61,33,135,0,0,49,1,50,20,21,110,34,185,130,74,204,389
07/22/2005,GPT,MS,ASO,CE,Combined TRACON& Tower with Radar,22,18,53,53,146,0,0,42,4,46,22,18,95,57,192,144,56,200,392
07/23/2005,GPT,MS,ASO,CE,Combined TRACON& Tower with Radar,22,19,23,14,78,0,0,41,0,41,22,19,64,14,119,92,20,112,231
07/24/2005,GPT,MS,ASO,CE,Combined TRACON& Tower with Radar,23,18,27,15,83,0,0,21,2,23,23,18,48,17,106,72,32,104,210
07/25/2005,GPT,MS,ASO,CE,Combined TRACON& Tower with Radar,21,20,41,42,124,0,0,53,5,58,21,20,94,47,182,136,40,176,358
07/26/2005,GPT,MS,ASO,CE,Combined TRACON& Tower with Radar,18,23,35,36,112,0,0,47,2,49,18,23,82,38,161,166,50,216,377
07/27/2005,GPT,MS,ASO,CE,Combined TRACON& Tower with Radar,17,19,45,52,133,0,0,53,13,66,17,19,98,65,199,238,22,260,459
07/28/2005,GPT,MS,ASO,CE,Combined TRACON& Tower with Radar,21,23,33,32,109,0,0,33,4,37,21,23,66,36,146,84,54,138,284
07/29/2005,GPT,MS,ASO,CE,Combined TRACON& Tower with Radar,19,25,39,22,105,0,0,36,1,37,19,25,75,23,142,118,19,137,279
07/30/2005,GPT,MS,ASO,CE,Combined TRACON& Tower with Radar,19,17,32,6,74,0,0,36,0,36,19,17,68,6,110,70,0,70,180
07/31/2005,GPT,MS,ASO,CE,Combined TRACON& Tower with Radar,24,21,39,2,86,0,0,45,0,45,24,21,84,2,131,146,0,146,277
08/01/2005,GPT,MS,ASO,CE,Combined TRACON& Tower with Radar,22,20,31,53,126,0,0,32,1,33,22,20,63,54,159,132,106,238,397
08/02/2005,GPT,MS,ASO,CE,Combined TRACON& Tower with Radar,21,28,37,53,139,0,0,44,5,49,21,28,81,58,188,124,140,264,452
08/03/2005,GPT,MS,ASO,CE,Combined TRACON& Tower with Radar,21,17,26,42,106,0,0,45,6,51,21,17,71,48,157,143,62,205,362
08/04/2005,GPT,MS,ASO,CE,Combined TRACON& Tower with Radar,20,27,33,39,119,0,0,25,4,29,20,27,58,43,148,60,36,96,244
08/05/2005,GPT,MS,ASO,CE,Combined TRACON& Tower with Radar,23,22,54,55,154,0,0,54,3,57,23,22,108,58,211,193,78,271,482
08/06/2005,GPT,MS,ASO,CE,Combined TRACON& Tower with Radar,18,21,31,31,101,0,0,38,4,42,18,21,69,35,143,102,10,112,255
08/07/2005,GPT,MS,ASO,CE,Combined TRACON& Tower with Radar,19,20,35,20,94,0,0,38,4,42,19,20,73,24,136,157,12,169,305
08/08/2005,GPT,MS,ASO,CE,Combined TRACON& Tower with Radar,21,19,26,33,99,0,0,61,2,63,21,19,87,35,162,276,25,301,463
08/09/2005,GPT,MS,ASO,CE,Combined TRACON& Tower with Radar,15,21,32,53,121,0,0,65,5,70,15,21,97,58,191,156,99,255,446
08/10/2005,GPT,MS,ASO,CE,Combined TRACON& Tower with Radar,17,20,47,51,135,0,0,61,10,71,17,20,108,61,206,192,90,282,488
08/11/2005,GPT,MS,ASO,CE,Combined TRACON& Tower with Radar,17,23,67,47,154,0,0,53,8,61,17,23,120,55,215,152,92,244,459
08/12/2005,GPT,MS,ASO,CE,Combined TRACON& Tower with Radar,20,19,37,24,100,0,0,25,3,28,20,19,62,27,128,36,29,65,193
08/13/2005,GPT,MS,ASO,CE,Combined TRACON& Tower with Radar,28,21,40,40,129,0,0,67,3,70,28,21,107,43,199,138,12,150,349
08/14/2005,GPT,MS,ASO,CE,Combined TRACON& Tower with Radar,19,18,33,10,80,0,0,41,2,43,19,18,74,12,123,94,0,94,217
08/15/2005,GPT,MS,ASO,CE,Combined TRACON& Tower with Radar,17,24,28,41,110,0,0,37,7,44,17,24,65,48,154,152,18,170,324
08/16/2005,GPT,MS,ASO,CE,Combined TRACON& Tower with Radar,20,14,45,60,139,0,0,51,6,57,20,14,96,66,196,142,50,192,388
08/17/2005,GPT,MS,ASO,CE,Combined TRACON& Tower with Radar,19,23,38,60,140,0,0,37,9,46,19,23,75,69,186,90,37,127,313
08/18/2005,GPT,MS,ASO,CE,Combined TRACON& Tower with Radar,20,19,51,59,149,0,0,52,3,55,20,19,103,62,204,104,48,152,356
08/19/2005,GPT,MS,ASO,CE,Combined TRACON& Tower with Radar,25,23,24,59,131,0,0,0,9,9,25,23,24,68,140,165,64,229,369
08/20/2005,GPT,MS,ASO,CE,Combined TRACON& Tower with Radar,26,23,22,25,96,0,0,62,13,75,26,23,84,38,171,118,10,128,299
08/21/2005,GPT,MS,ASO,CE,Combined TRACON& Tower with Radar,23,23,27,6,79,0,0,22,5,27,23,23,49,11,106,8,0,8,114
08/22/2005,GPT,MS,ASO,CE,Combined TRACON& Tower with Radar,20,21,29,57,127,0,0,64,9,73,20,21,93,66,200,170,112,282,482
08/23/2005,GPT,MS,ASO,CE,Combined TRACON& Tower with Radar,20,14,45,44,123,0,1,37,7,45,20,15,82,51,168,187,55,242,410
08/24/2005,GPT,MS,ASO,CE,Combined TRACON& Tower with Radar,20,18,33,54,125,0,0,17,10,27,20,18,50,64,152,56,38,94,246
08/25/2005,GPT,MS,ASO,CE,Combined TRACON& Tower with Radar,24,22,55,37,138,0,0,37,12,49,24,22,92,49,187,64,19,83,270
08/26/2005,GPT,MS,ASO,CE,Combined TRACON& Tower with Radar,20,20,45,25,110,0,0,41,15,56,20,20,86,40,166,108,8,116,282
08/27/2005,GPT,MS,ASO,CE,Combined TRACON& Tower with Radar,19,22,36,2,79,0,0,27,18,45,19,22,63,20,124,16,4,20,144
08/28/2005,GPT,MS,ASO,CE,Combined TRACON& Tower with Radar,3,14,28,0,45,0,0,7,0,7,3,14,35,0,52,0,0,0,52
08/29/2005,GPT,MS,ASO,CE,Combined TRACON& Tower with Radar,0,0,0,0,0,0,0,0,0,0,0,0,0,0,0,0,0,0,0
08/30/2005,GPT,MS,ASO,CE,Combined TRACON& Tower with Radar,0,0,0,0,0,0,0,0,0,0,0,0,0,0,0,0,0,0,0
08/31/2005,GPT,MS,ASO,CE,Combined TRACON& Tower with Radar,0,0,0,0,0,0,0,0,0,0,0,0,0,0,0,0,0,0,0
09/01/2005,GPT,MS,ASO,CE,Combined TRACON& Tower with Radar,0,0,0,0,0,7,0,24,450,481,7,0,24,450,481,0,0,0,481
09/02/2005,GPT,MS,ASO,CE,Combined TRACON& Tower with Radar,0,0,0,0,0,6,0,175,800,981,6,0,175,800,981,0,0,0,981
09/03/2005,GPT,MS,ASO,CE,Combined TRACON& Tower with Radar,0,0,0,0,0,4,0,335,800,1139,4,0,335,800,1139,0,0,0,1139
09/04/2005,GPT,MS,ASO,CE,Combined TRACON& Tower with Radar,0,1,2,3,6,0,0,3,5,8,0,1,5,8,14,0,0,0,14
09/05/2005,GPT,MS,ASO,CE,Combined TRACON& Tower with Radar,5,0,34,86,125,0,0,25,19,44,5,0,59,105,169,0,0,0,169
09/06/2005,GPT,MS,ASO,CE,Combined TRACON& Tower with Radar,2,4,44,53,103,0,0,17,3,20,2,4,61,56,123,0,0,0,123
09/07/2005,GPT,MS,ASO,CE,Combined TRACON& Tower with Radar,4,0,73,63,140,0,0,19,11,30,4,0,92,74,170,0,0,0,170
09/08/2005,GPT,MS,ASO,CE,Combined TRACON& Tower with Radar,3,2,80,67,152,0,0,22,11,33,3,2,102,78,185,0,0,0,185
09/09/2005,GPT,MS,ASO,CE,Combined TRACON& Tower with Radar,5,3,94,84,186,0,0,18,17,35,5,3,112,101,221,0,0,0,221
09/10/2005,GPT,MS,ASO,CE,Combined TRACON& Tower with Radar,5,3,89,79,176,0,0,11,28,39,5,3,100,107,215,0,0,0,215
09/11/2005,GPT,MS,ASO,CE,Combined TRACON& Tower with Radar,5,6,64,25,100,0,0,11,28,39,5,6,75,53,139,0,0,0,139
09/12/2005,GPT,MS,ASO,CE,Combined TRACON& Tower with Radar,3,8,72,27,110,0,0,20,24,44,3,8,92,51,154,0,0,0,154
09/13/2005,GPT,MS,ASO,CE,Combined TRACON& Tower with Radar,6,12,85,15,118,0,0,28,27,55,6,12,113,42,173,0,0,0,173
09/14/2005,GPT,MS,ASO,CE,Combined TRACON& Tower with Radar,8,4,73,18,103,0,0,15,36,51,8,4,88,54,154,0,0,0,154
09/15/2005,GPT,MS,ASO,CE,Combined TRACON& Tower with Radar,6,6,73,28,113,0,0,31,31,62,6,6,104,59,175,0,0,0,175
09/16/2005,GPT,MS,ASO,CE,Combined TRACON& Tower with Radar,9,7,74,21,111,0,0,11,26,37,9,7,85,47,148,0,0,0,148
09/17/2005,GPT,MS,ASO,CE,Combined TRACON& Tower with Radar,6,7,48,11,72,0,0,14,18,32,6,7,62,29,104,0,0,0,104
09/18/2005,GPT,MS,ASO,CE,Combined TRACON& Tower with Radar,8,6,42,6,62,0,0,72,20,92,8,6,114,26,154,4,4,8,162
09/19/2005,GPT,MS,ASO,CE,Combined TRACON& Tower with Radar,6,16,74,11,107,0,0,93,9,102,6,16,167,20,209,0,4,4,213
09/20/2005,GPT,MS,ASO,CE,Combined TRACON& Tower with Radar,8,16,92,24,140,0,1,123,12,136,8,17,215,36,276,9,3,12,288
09/21/2005,GPT,MS,ASO,CE,Combined TRACON& Tower with Radar,13,10,87,9,119,0,0,81,26,107,13,10,168,35,226,0,0,0,226
09/22/2005,GPT,MS,ASO,CE,Combined TRACON& Tower with Radar,13,15,55,14,97,0,0,48,6,54,13,15,103,20,151,0,0,0,151
09/23/2005,GPT,MS,ASO,CE,Combined TRACON& Tower with Radar,11,11,18,3,43,0,0,2,0,2,11,11,20,3,45,0,0,0,45
09/24/2005,GPT,MS,ASO,CE,Combined TRACON& Tower with Radar,18,7,2,2,29,0,0,0,1,1,18,7,2,3,30,0,0,0,30
09/25/2005,GPT,MS,ASO,CE,Combined TRACON& Tower with Radar,10,6,13,8,37,0,0,12,0,12,10,6,25,8,49,0,0,0,49
09/26/2005,GPT,MS,ASO,CE,Combined TRACON& Tower with Radar,13,10,45,13,81,0,0,24,3,27,13,10,69,16,108,16,0,16,124
09/27/2005,GPT,MS,ASO,CE,Combined TRACON& Tower with Radar,8,9,58,22,97,0,0,43,10,53,8,9,101,32,150,0,8,8,158
09/28/2005,GPT,MS,ASO,CE,Combined TRACON& Tower with Radar,6,12,68,13,99,0,1,67,5,73,6,13,135,18,172,0,2,2,174
09/29/2005,GPT,MS,ASO,CE,Combined TRACON& Tower with Radar,16,16,72,11,115,0,0,42,12,54,16,16,114,23,169,0,0,0,169
09/30/2005,GPT,MS,ASO,CE,Combined TRACON& Tower with Radar,10,15,60,18,103,0,0,61,7,68,10,15,121,25,171,4,20,24,195
10/01/2005,GPT,MS,ASO,CE,Combined TRACON& Tower with Radar,9,19,37,8,73,0,0,35,11,46,9,19,72,19,119,0,0,0,119
10/02/2005,GPT,MS,ASO,CE,Combined TRACON& Tower with Radar,3,17,15,4,39,0,3,39,4,46,3,20,54,8,85,0,0,0,85
10/03/2005,GPT,MS,ASO,CE,Combined TRACON& Tower with Radar,6,20,47,13,86,0,0,55,7,62,6,20,102,20,148,16,10,26,174
10/04/2005,GPT,MS,ASO,CE,Combined TRACON& Tower with Radar,12,17,34,18,81,0,0,60,7,67,12,17,94,25,148,44,62,106,254
10/05/2005,GPT,MS,ASO,CE,Combined TRACON& Tower with Radar,7,18,60,10,95,0,0,60,9,69,7,18,120,19,164,30,25,55,219
10/06/2005,GPT,MS,ASO,CE,Combined TRACON& Tower with Radar,8,20,46,33,107,0,0,29,8,37,8,20,75,41,144,28,30,58,202
10/07/2005,GPT,MS,ASO,CE,Combined TRACON& Tower with Radar,9,18,46,38,111,0,0,28,7,35,9,18,74,45,146,60,47,107,253
10/08/2005,GPT,MS,ASO,CE,Combined TRACON& Tower with Radar,11,17,22,4,54,0,0,53,10,63,11,17,75,14,117,64,0,64,181
10/09/2005,GPT,MS,ASO,CE,Combined TRACON& Tower with Radar,5,17,12,4,38,0,0,19,7,26,5,17,31,11,64,0,12,12,76
10/10/2005,GPT,MS,ASO,CE,Combined TRACON& Tower with Radar,9,17,42,4,72,0,0,43,5,48,9,17,85,9,120,65,0,65,185
10/11/2005,GPT,MS,ASO,CE,Combined TRACON& Tower with Radar,10,14,42,17,83,0,0,59,9,68,10,14,101,26,151,118,39,157,308
10/12/2005,GPT,MS,ASO,CE,Combined TRACON& Tower with Radar,8,19,62,35,124,0,1,50,6,57,8,20,112,41,181,46,64,110,291
10/13/2005,GPT,MS,ASO,CE,Combined TRACON& Tower with Radar,8,19,57,27,111,0,0,39,6,45,8,19,96,33,156,68,69,137,293
10/14/2005,GPT,MS,ASO,CE,Combined TRACON& Tower with Radar,15,20,31,11,77,0,0,62,5,67,15,20,93,16,144,52,28,80,224
10/15/2005,GPT,MS,ASO,CE,Combined TRACON& Tower with Radar,11,18,16,3,48,0,0,54,2,56,11,18,70,5,104,44,2,46,150
10/16/2005,GPT,MS,ASO,CE,Combined TRACON& Tower with Radar,7,16,23,6,52,0,1,34,6,41,7,17,57,12,93,62,0,62,155
10/17/2005,GPT,MS,ASO,CE,Combined TRACON& Tower with Radar,8,18,37,22,85,0,0,53,2,55,8,18,90,24,140,66,26,92,232
10/18/2005,GPT,MS,ASO,CE,Combined TRACON& Tower with Radar,8,24,57,52,141,0,1,82,7,90,8,25,139,59,231,144,61,205,436
10/19/2005,GPT,MS,ASO,CE,Combined TRACON& Tower with Radar,9,27,55,14,105,0,0,58,7,65,9,27,113,21,170,92,24,116,286
10/20/2005,GPT,MS,ASO,CE,Combined TRACON& Tower with Radar,7,18,46,33,104,0,0,42,8,50,7,18,88,41,154,52,44,96,250
10/21/2005,GPT,MS,ASO,CE,Combined TRACON& Tower with Radar,8,23,34,35,100,0,0,31,1,32,8,23,65,36,132,84,71,155,287
10/22/2005,GPT,MS,ASO,CE,Combined TRACON& Tower with Radar,8,20,14,1,43,0,1,25,2,28,8,21,39,3,71,60,0,60,131
10/23/2005,GPT,MS,ASO,CE,Combined TRACON& Tower with Radar,7,16,13,0,36,0,0,31,2,33,7,16,44,2,69,22,0,22,91
10/24/2005,GPT,MS,ASO,CE,Combined TRACON& Tower with Radar,10,21,26,51,108,0,0,26,1,27,10,21,52,52,135,44,112,156,291
10/25/2005,GPT,MS,ASO,CE,Combined TRACON& Tower with Radar,12,20,31,45,108,0,0,57,1,58,12,20,88,46,166,72,86,158,324
10/26/2005,GPT,MS,ASO,CE,Combined TRACON& Tower with Radar,11,16,34,41,102,0,0,41,6,47,11,16,75,47,149,58,46,104,253
10/27/2005,GPT,MS,ASO,CE,Combined TRACON& Tower with Radar,11,19,47,17,94,0,0,36,3,39,11,19,83,20,133,46,24,70,203
10/28/2005,GPT,MS,ASO,CE,Combined TRACON& Tower with Radar,8,19,29,4,60,0,1,23,0,24,8,20,52,4,84,21,0,21,105
10/29/2005,GPT,MS,ASO,CE,Combined TRACON& Tower with Radar,10,20,21,2,53,0,0,39,0,39,10,20,60,2,92,10,0,10,102
10/30/2005,GPT,MS,ASO,CE,Combined TRACON& Tower with Radar,9,19,14,4,46,0,1,9,3,13,9,20,23,7,59,0,0,0,59
10/31/2005,GPT,MS,ASO,CE,Combined TRACON& Tower with Radar,13,14,30,28,85,0,0,26,0,26,13,14,56,28,111,68,12,80,191
11/01/2005,GPT,MS,ASO,CE,Combined TRACON& Tower with Radar,16,15,45,10,86,0,0,18,0,18,16,15,63,10,104,118,0,118,222
11/02/2005,GPT,MS,ASO,CE,Combined TRACON& Tower with Radar,15,17,40,40,112,0,0,62,1,63,15,17,102,41,175,104,34,138,313
11/03/2005,GPT,MS,ASO,CE,Combined TRACON& Tower with Radar,17,17,43,28,105,0,0,57,2,59,17,17,100,30,164,130,28,158,322
11/04/2005,GPT,MS,ASO,CE,Combined TRACON& Tower with Radar,19,15,36,10,80,0,0,38,1,39,19,15,74,11,119,124,60,184,303
11/05/2005,GPT,MS,ASO,CE,Combined TRACON& Tower with Radar,18,13,19,4,54,0,0,8,2,10,18,13,27,6,64,30,0,30,94
11/06/2005,GPT,MS,ASO,CE,Combined TRACON& Tower with Radar,11,17,7,5,40,0,0,24,1,25,11,17,31,6,65,72,0,72,137
11/07/2005,GPT,MS,ASO,CE,Combined TRACON& Tower with Radar,17,14,24,12,67,0,0,24,1,25,17,14,48,13,92,78,26,104,196
11/08/2005,GPT,MS,ASO,CE,Combined TRACON& Tower with Radar,19,14,24,26,83,0,0,42,0,42,19,14,66,26,125,62,86,148,273
11/09/2005,GPT,MS,ASO,CE,Combined TRACON& Tower with Radar,9,14,41,25,89,0,0,26,0,26,9,14,67,25,115,76,24,100,215
11/10/2005,GPT,MS,ASO,CE,Combined TRACON& Tower with Radar,15,19,37,31,102,0,0,40,1,41,15,19,77,32,143,86,109,195,338
11/11/2005,GPT,MS,ASO,CE,Combined TRACON& Tower with Radar,16,16,29,1,62,0,0,47,0,47,16,16,76,1,109,46,0,46,155
11/12/2005,GPT,MS,ASO,CE,Combined TRACON& Tower with Radar,13,13,21,0,47,0,0,25,0,25,13,13,46,0,72,78,0,78,150
11/13/2005,GPT,MS,ASO,CE,Combined TRACON& Tower with Radar,16,17,22,3,58,0,0,31,0,31,16,17,53,3,89,83,0,83,172
11/14/2005,GPT,MS,ASO,CE,Combined TRACON& Tower with Radar,14,20,36,26,96,0,0,31,2,33,14,20,67,28,129,134,67,201,330
11/15/2005,GPT,MS,ASO,CE,Combined TRACON& Tower with Radar,13,12,26,40,91,0,0,27,1,28,13,12,53,41,119,88,53,141,260
11/16/2005,GPT,MS,ASO,CE,Combined TRACON& Tower with Radar,17,16,38,48,119,0,0,22,1,23,17,16,60,49,142,22,70,92,234
11/17/2005,GPT,MS,ASO,CE,Combined TRACON& Tower with Radar,14,16,55,21,106,0,0,41,0,41,14,16,96,21,147,98,14,112,259
11/18/2005,GPT,MS,ASO,CE,Combined TRACON& Tower with Radar,14,15,49,9,87,0,0,48,0,48,14,15,97,9,135,168,0,168,303
11/19/2005,GPT,MS,ASO,CE,Combined TRACON& Tower with Radar,14,15,30,6,65,0,2,44,0,46,14,17,74,6,111,94,0,94,205
11/20/2005,GPT,MS,ASO,CE,Combined TRACON& Tower with Radar,13,14,11,4,42,0,1,19,1,21,13,15,30,5,63,40,0,40,103
11/21/2005,GPT,MS,ASO,CE,Combined TRACON& Tower with Radar,13,20,35,20,88,0,1,18,1,20,13,21,53,21,108,61,33,94,202
11/22/2005,GPT,MS,ASO,CE,Combined TRACON& Tower with Radar,14,18,58,11,101,0,0,55,3,58,14,18,113,14,159,114,0,114,273
11/23/2005,GPT,MS,ASO,CE,Combined TRACON& Tower with Radar,14,13,25,16,68,0,0,42,2,44,14,13,67,18,112,116,26,142,254
11/24/2005,GPT,MS,ASO,CE,Combined TRACON& Tower with Radar,13,10,5,0,28,0,0,14,0,14,13,10,19,0,42,0,0,0,42
11/25/2005,GPT,MS,ASO,CE,Combined TRACON& Tower with Radar,11,11,17,4,43,0,0,31,0,31,11,11,48,4,74,19,0,19,93
11/26/2005,GPT,MS,ASO,CE,Combined TRACON& Tower with Radar,13,13,2,0,28,0,2,7,0,9,13,15,9,0,37,6,0,6,43
11/27/2005,GPT,MS,ASO,CE,Combined TRACON& Tower with Radar,12,15,19,0,46,0,0,18,0,18,12,15,37,0,64,0,0,0,64
11/28/2005,GPT,MS,ASO,CE,Combined TRACON& Tower with Radar,13,14,23,31,81,0,0,25,0,25,13,14,48,31,106,66,93,159,265
11/29/2005,GPT,MS,ASO,CE,Combined TRACON& Tower with Radar,14,14,35,35,98,0,0,46,5,51,14,14,81,40,149,84,42,126,275
11/30/2005,GPT,MS,ASO,CE,Combined TRACON& Tower with Radar,15,13,23,21,72,0,0,56,5,61,15,13,79,26,133,154,49,203,336
12/01/2005,GPT,MS,ASO,CE,Combined TRACON& Tower with Radar,13,23,50,29,115,0,0,44,8,52,13,23,94,37,167,118,62,180,347
12/02/2005,GPT,MS,ASO,CE,Combined TRACON& Tower with Radar,15,15,52,27,109,0,0,54,2,56,15,15,106,29,165,181,12,193,358
12/03/2005,GPT,MS,ASO,CE,Combined TRACON& Tower with Radar,16,12,11,4,43,0,0,34,2,36,16,12,45,6,79,78,0,78,157
12/04/2005,GPT,MS,ASO,CE,Combined TRACON& Tower with Radar,14,23,13,3,53,0,0,7,0,7,14,23,20,3,60,34,12,46,106
12/05/2005,GPT,MS,ASO,CE,Combined TRACON& Tower with Radar,17,16,36,38,107,0,0,4,0,4,17,16,40,38,111,0,0,0,111
12/06/2005,GPT,MS,ASO,CE,Combined TRACON& Tower with Radar,16,18,62,57,153,0,0,47,8,55,16,18,109,65,208,78,128,206,414
12/07/2005,GPT,MS,ASO,CE,Combined TRACON& Tower with Radar,17,21,52,75,165,0,0,42,14,56,17,21,94,89,221,84,69,153,374
12/08/2005,GPT,MS,ASO,CE,Combined TRACON& Tower with Radar,17,21,24,41,103,0,0,36,7,43,17,21,60,48,146,118,66,184,330
12/09/2005,GPT,MS,ASO,CE,Combined TRACON& Tower with Radar,15,15,27,38,95,0,0,56,6,62,15,15,83,44,157,190,28,218,375
12/10/2005,GPT,MS,ASO,CE,Combined TRACON& Tower with Radar,18,14,16,5,53,0,0,53,0,53,18,14,69,5,106,120,0,120,226
12/11/2005,GPT,MS,ASO,CE,Combined TRACON& Tower with Radar,16,16,15,11,58,0,0,59,7,66,16,16,74,18,124,136,14,150,274
12/12/2005,GPT,MS,ASO,CE,Combined TRACON& Tower with Radar,19,17,35,18,89,0,0,27,6,33,19,17,62,24,122,70,16,86,208
12/13/2005,GPT,MS,ASO,CE,Combined TRACON& Tower with Radar,17,15,47,18,97,0,0,55,1,56,17,15,102,19,153,126,49,175,328
12/14/2005,GPT,MS,ASO,CE,Combined TRACON& Tower with Radar,17,10,29,19,75,0,1,19,0,20,17,11,48,19,95,100,0,100,195
12/15/2005,GPT,MS,ASO,CE,Combined TRACON& Tower with Radar,13,23,31,20,87,0,0,21,2,23,13,23,52,22,110,55,39,94,204
12/16/2005,GPT,MS,ASO,CE,Combined TRACON& Tower with Radar,22,23,54,20,119,0,0,44,1,45,22,23,98,21,164,144,10,154,318
12/17/2005,GPT,MS,ASO,CE,Combined TRACON& Tower with Radar,17,18,6,5,46,0,0,18,2,20,17,18,24,7,66,42,0,42,108
12/18/2005,GPT,MS,ASO,CE,Combined TRACON& Tower with Radar,18,22,18,5,63,0,0,31,2,33,18,22,49,7,96,92,4,96,192
12/19/2005,GPT,MS,ASO,CE,Combined TRACON& Tower with Radar,14,23,42,22,101,0,0,29,7,36,14,23,71,29,137,78,4,82,219
12/20/2005,GPT,MS,ASO,CE,Combined TRACON& Tower with Radar,14,23,33,3,73,0,0,46,0,46,14,23,79,3,119,116,32,148,267
12/21/2005,GPT,MS,ASO,CE,Combined TRACON& Tower with Radar,13,22,29,18,82,0,0,32,1,33,13,22,61,19,115,96,24,120,235
12/22/2005,GPT,MS,ASO,CE,Combined TRACON& Tower with Radar,18,24,31,16,89,0,0,30,3,33,18,24,61,19,122,88,0,88,210
12/23/2005,GPT,MS,ASO,CE,Combined TRACON& Tower with Radar,16,24,18,5,63,0,0,31,0,31,16,24,49,5,94,44,16,60,154
12/24/2005,GPT,MS,ASO,CE,Combined TRACON& Tower with Radar,15,19,12,0,46,0,0,0,0,0,15,19,12,0,46,0,0,0,46
12/25/2005,GPT,MS,ASO,CE,Combined TRACON& Tower with Radar,12,20,4,0,36,0,0,0,0,0,12,20,4,0,36,0,0,0,36
12/26/2005,GPT,MS,ASO,CE,Combined TRACON& Tower with Radar,14,22,16,0,52,0,0,18,0,18,14,22,34,0,70,0,0,0,70
12/27/2005,GPT,MS,ASO,CE,Combined TRACON& Tower with Radar,16,21,23,4,64,0,0,29,0,29,16,21,52,4,93,12,0,12,105
12/28/2005,GPT,MS,ASO,CE,Combined TRACON& Tower with Radar,16,24,18,21,79,0,0,13,2,15,16,24,31,23,94,0,0,0,94
12/29/2005,GPT,MS,ASO,CE,Combined TRACON& Tower with Radar,16,26,16,2,60,0,0,33,0,33,16,26,49,2,93,10,4,14,107
12/30/2005,GPT,MS,ASO,CE,Combined TRACON& Tower with Radar,16,23,34,0,73,0,0,27,0,27,16,23,61,0,100,10,0,10,110
12/31/2005,GPT,MS,ASO,CE,Combined TRACON& Tower with Radar,11,14,14,0,39,0,0,1,0,1,11,14,15,0,40,0,0,0,40
01/01/2006,GPT,MS,ASO,CE,Combined TRACON& Tower with Radar,20,10,15,0,45,0,0,0,0,0,20,10,15,0,45,0,0,0,45
01/02/2006,GPT,MS,ASO,CE,Combined TRACON& Tower with Radar,13,23,15,6,57,0,0,10,0,10,13,23,25,6,67,0,0,0,67
01/03/2006,GPT,MS,ASO,CE,Combined TRACON& Tower with Radar,15,23,25,8,71,0,0,57,2,59,15,23,82,10,130,98,3,101,231
01/04/2006,GPT,MS,ASO,CE,Combined TRACON& Tower with Radar,17,19,19,17,72,0,0,33,7,40,17,19,52,24,112,102,22,124,236
01/05/2006,GPT,MS,ASO,CE,Combined TRACON& Tower with Radar,20,26,27,35,108,0,0,31,3,34,20,26,58,38,142,54,0,54,196
01/06/2006,GPT,MS,ASO,CE,Combined TRACON& Tower with Radar,18,24,27,10,79,0,0,22,8,30,18,24,49,18,109,26,17,43,152
01/07/2006,GPT,MS,ASO,CE,Combined TRACON& Tower with Radar,18,16,16,5,55,0,0,37,3,40,18,16,53,8,95,50,6,56,151
01/08/2006,GPT,MS,ASO,CE,Combined TRACON& Tower with Radar,14,25,16,30,85,0,1,21,4,26,14,26,37,34,111,36,6,42,153
01/09/2006,GPT,MS,ASO,CE,Combined TRACON& Tower with Radar,18,20,10,21,69,0,1,0,7,8,18,21,10,28,77,110,46,156,233
01/10/2006,GPT,MS,ASO,CE,Combined TRACON& Tower with Radar,16,23,28,33,100,0,0,42,9,51,16,23,70,42,151,140,71,211,362
01/11/2006,GPT,MS,ASO,CE,Combined TRACON& Tower with Radar,17,23,35,17,92,0,0,52,7,59,17,23,87,24,151,102,29,131,282
01/12/2006,GPT,MS,ASO,CE,Combined TRACON& Tower with Radar,17,27,32,17,93,0,0,19,4,23,17,27,51,21,116,50,24,74,190
01/13/2006,GPT,MS,ASO,CE,Combined TRACON& Tower with Radar,16,24,12,6,58,0,0,9,0,9,16,24,21,6,67,0,0,0,67
01/14/2006,GPT,MS,ASO,CE,Combined TRACON& Tower with Radar,17,21,14,3,55,0,1,28,2,31,17,22,42,5,86,30,0,30,116
01/15/2006,GPT,MS,ASO,CE,Combined TRACON& Tower with Radar,14,24,17,3,58,0,0,28,1,29,14,24,45,4,87,28,0,28,115
01/16/2006,GPT,MS,ASO,CE,Combined TRACON& Tower with Radar,13,23,20,8,64,0,0,16,1,17,13,23,36,9,81,122,8,130,211
01/17/2006,GPT,MS,ASO,CE,Combined TRACON& Tower with Radar,16,22,24,16,78,0,0,7,2,9,16,22,31,18,87,0,0,0,87
01/18/2006,GPT,MS,ASO,CE,Combined TRACON& Tower with Radar,16,22,36,35,109,0,0,53,6,59,16,22,89,41,168,122,108,230,398
01/19/2006,GPT,MS,ASO,CE,Combined TRACON& Tower with Radar,17,24,36,20,97,0,0,33,6,39,17,24,69,26,136,102,22,124,260
01/20/2006,GPT,MS,ASO,CE,Combined TRACON& Tower with Radar,15,21,35,3,74,0,0,7,2,9,15,21,42,5,83,8,0,8,91
01/21/2006,GPT,MS,ASO,CE,Combined TRACON& Tower with Radar,17,18,17,5,57,0,0,1,0,1,17,18,18,5,58,0,0,0,58
01/22/2006,GPT,MS,ASO,CE,Combined TRACON& Tower with Radar,13,20,15,2,50,0,0,1,0,1,13,20,16,2,51,0,0,0,51
01/23/2006,GPT,MS,ASO,CE,Combined TRACON& Tower with Radar,17,23,20,10,70,0,0,5,0,5,17,23,25,10,75,8,0,8,83
01/24/2006,GPT,MS,ASO,CE,Combined TRACON& Tower with Radar,18,21,40,31,110,0,0,49,10,59,18,21,89,41,169,141,11,152,321
01/25/2006,GPT,MS,ASO,CE,Combined TRACON& Tower with Radar,18,22,34,27,101,0,0,84,10,94,18,22,118,37,195,284,32,316,511
01/26/2006,GPT,MS,ASO,CE,Combined TRACON& Tower with Radar,16,30,33,28,107,0,0,0,3,3,16,30,33,31,110,132,32,164,274
01/27/2006,GPT,MS,ASO,CE,Combined TRACON& Tower with Radar,16,24,21,17,78,0,4,36,0,40,16,28,57,17,118,94,16,110,228
01/28/2006,GPT,MS,ASO,CE,Combined TRACON& Tower with Radar,19,14,12,4,49,0,0,6,0,6,19,14,18,4,55,26,0,26,81
01/29/2006,GPT,MS,ASO,CE,Combined TRACON& Tower with Radar,16,21,17,10,64,0,0,32,1,33,16,21,49,11,97,82,8,90,187
01/30/2006,GPT,MS,ASO,CE,Combined TRACON& Tower with Radar,16,26,25,19,86,0,0,21,7,28,16,26,46,26,114,98,9,107,221
01/31/2006,GPT,MS,ASO,CE,Combined TRACON& Tower with Radar,16,26,33,25,100,0,0,46,3,49,16,26,79,28,149,136,46,182,331
02/01/2006,GPT,MS,ASO,CE,Combined TRACON& Tower with Radar,16,25,45,58,144,0,0,60,9,69,16,25,105,67,213,190,108,298,511
02/02/2006,GPT,MS,ASO,CE,Combined TRACON& Tower with Radar,17,24,22,16,79,0,0,15,4,19,17,24,37,20,98,68,14,82,180
02/03/2006,GPT,MS,ASO,CE,Combined TRACON& Tower with Radar,19,39,32,30,120,0,0,13,1,14,19,39,45,31,134,62,66,128,262
02/04/2006,GPT,MS,ASO,CE,Combined TRACON& Tower with Radar,18,18,7,15,58,0,2,9,2,13,18,20,16,17,71,4,0,4,75
02/05/2006,GPT,MS,ASO,CE,Combined TRACON& Tower with Radar,8,13,2,2,25,0,0,7,0,7,8,13,9,2,32,36,0,36,68
02/06/2006,GPT,MS,ASO,CE,Combined TRACON& Tower with Radar,16,24,22,27,89,0,0,14,2,16,16,24,36,29,105,520,69,589,694
02/07/2006,GPT,MS,ASO,CE,Combined TRACON& Tower with Radar,18,25,47,27,117,0,0,57,6,63,18,25,104,33,180,142,82,224,404
02/08/2006,GPT,MS,ASO,CE,Combined TRACON& Tower with Radar,17,24,30,25,96,0,0,34,0,34,17,24,64,25,130,119,62,181,311
02/09/2006,GPT,MS,ASO,CE,Combined TRACON& Tower with Radar,16,26,36,39,117,0,0,35,6,41,16,26,71,45,158,126,66,192,350
02/10/2006,GPT,MS,ASO,CE,Combined TRACON& Tower with Radar,17,28,40,17,102,0,0,20,3,23,17,28,60,20,125,52,54,106,231
02/11/2006,GPT,MS,ASO,CE,Combined TRACON& Tower with Radar,18,20,4,3,45,0,0,9,0,9,18,20,13,3,54,4,0,4,58
02/12/2006,GPT,MS,ASO,CE,Combined TRACON& Tower with Radar,15,26,13,6,60,0,0,23,1,24,15,26,36,7,84,58,0,58,142
02/13/2006,GPT,MS,ASO,CE,Combined TRACON& Tower with Radar,16,26,32,30,104,0,0,1,3,4,16,26,33,33,108,130,96,226,334
02/14/2006,GPT,MS,ASO,CE,Combined TRACON& Tower with Radar,16,24,38,24,102,0,0,31,0,31,16,24,69,24,133,58,49,107,240
02/15/2006,GPT,MS,ASO,CE,Combined TRACON& Tower with Radar,16,24,34,33,107,0,0,30,4,34,16,24,64,37,141,59,16,75,216
02/16/2006,GPT,MS,ASO,CE,Combined TRACON& Tower with Radar,15,21,44,15,95,0,0,18,2,20,15,21,62,17,115,40,46,86,201
02/17/2006,GPT,MS,ASO,CE,Combined TRACON& Tower with Radar,18,24,33,17,92,0,0,19,0,19,18,24,52,17,111,82,22,104,215
02/18/2006,GPT,MS,ASO,CE,Combined TRACON& Tower with Radar,17,22,8,16,63,0,0,1,0,1,17,22,9,16,64,0,0,0,64
02/19/2006,GPT,MS,ASO,CE,Combined TRACON& Tower with Radar,16,24,15,4,59,0,0,26,2,28,16,24,41,6,87,122,0,122,209
02/20/2006,GPT,MS,ASO,CE,Combined TRACON& Tower with Radar,17,22,29,6,74,0,0,1,0,1,17,22,30,6,75,0,0,0,75
02/21/2006,GPT,MS,ASO,CE,Combined TRACON& Tower with Radar,14,23,32,17,86,0,0,4,1,5,14,23,36,18,91,42,0,42,133
02/22/2006,GPT,MS,ASO,CE,Combined TRACON& Tower with Radar,15,25,30,9,79,0,0,37,3,40,15,25,67,12,119,90,4,94,213
02/23/2006,GPT,MS,ASO,CE,Combined TRACON& Tower with Radar,18,26,31,36,111,0,1,32,5,38,18,27,63,41,149,152,104,256,405
02/24/2006,GPT,MS,ASO,CE,Combined TRACON& Tower with Radar,16,24,29,21,90,0,0,25,0,25,16,24,54,21,115,42,32,74,189
02/25/2006,GPT,MS,ASO,CE,Combined TRACON& Tower with Radar,18,23,13,1,55,0,0,2,0,2,18,23,15,1,57,0,0,0,57
02/26/2006,GPT,MS,ASO,CE,Combined TRACON& Tower with Radar,15,23,27,2,67,0,0,44,3,47,15,23,71,5,114,22,0,22,136
02/27/2006,GPT,MS,ASO,CE,Combined TRACON& Tower with Radar,19,24,36,31,110,0,2,25,3,30,19,26,61,34,140,54,62,116,256
02/28/2006,GPT,MS,ASO,CE,Combined TRACON& Tower with Radar,16,20,31,18,85,0,0,49,5,54,16,20,80,23,139,132,36,168,307
03/01/2006,GPT,MS,ASO,CE,Combined TRACON& Tower with Radar,16,28,32,35,111,0,4,30,4,38,16,32,62,39,149,62,106,168,317
03/02/2006,GPT,MS,ASO,CE,Combined TRACON& Tower with Radar,14,28,42,31,115,0,0,36,5,41,14,28,78,36,156,90,102,192,348
03/03/2006,GPT,MS,ASO,CE,Combined TRACON& Tower with Radar,16,24,28,46,114,0,0,34,0,34,16,24,62,46,148,103,91,194,342
03/04/2006,GPT,MS,ASO,CE,Combined TRACON& Tower with Radar,21,18,16,6,61,0,0,21,0,21,21,18,37,6,82,36,0,36,118
03/05/2006,GPT,MS,ASO,CE,Combined TRACON& Tower with Radar,16,23,5,2,46,0,0,16,1,17,16,23,21,3,63,2,0,2,65
03/06/2006,GPT,MS,ASO,CE,Combined TRACON& Tower with Radar,16,25,37,39,117,0,0,23,1,24,16,25,60,40,141,67,98,165,306
03/07/2006,GPT,MS,ASO,CE,Combined TRACON& Tower with Radar,17,21,34,44,116,0,0,16,6,22,17,21,50,50,138,28,67,95,233
03/08/2006,GPT,MS,ASO,CE,Combined TRACON& Tower with Radar,16,24,27,14,81,0,0,7,7,14,16,24,34,21,95,0,12,12,107
03/09/2006,GPT,MS,ASO,CE,Combined TRACON& Tower with Radar,14,24,21,9,68,0,2,4,2,8,14,26,25,11,76,0,0,0,76
03/10/2006,GPT,MS,ASO,CE,Combined TRACON& Tower with Radar,14,28,49,14,105,0,0,2,1,3,14,28,51,15,108,0,18,18,126
03/11/2006,GPT,MS,ASO,CE,Combined TRACON& Tower with Radar,19,19,18,4,60,0,0,15,5,20,19,19,33,9,80,4,0,4,84
03/12/2006,GPT,MS,ASO,CE,Combined TRACON& Tower with Radar,16,2,32,1,51,0,0,8,0,8,16,2,40,1,59,6,0,6,65
03/13/2006,GPT,MS,ASO,CE,Combined TRACON& Tower with Radar,14,24,16,21,75,0,0,3,0,3,14,24,19,21,78,0,0,0,78
03/14/2006,GPT,MS,ASO,CE,Combined TRACON& Tower with Radar,15,22,30,21,88,0,0,15,3,18,15,22,45,24,106,6,11,17,123
03/15/2006,GPT,MS,ASO,CE,Combined TRACON& Tower with Radar,16,24,36,32,108,0,0,30,4,34,16,24,66,36,142,54,76,130,272
03/16/2006,GPT,MS,ASO,CE,Combined TRACON& Tower with Radar,16,27,26,22,91,0,1,21,4,26,16,28,47,26,117,52,22,74,191
03/17/2006,GPT,MS,ASO,CE,Combined TRACON& Tower with Radar,17,26,17,21,81,0,0,25,2,27,17,26,42,23,108,14,66,80,188
03/18/2006,GPT,MS,ASO,CE,Combined TRACON& Tower with Radar,18,18,6,17,59,0,0,12,0,12,18,18,18,17,71,10,0,10,81
03/19/2006,GPT,MS,ASO,CE,Combined TRACON& Tower with Radar,17,26,15,6,64,0,0,11,1,12,17,26,26,7,76,8,0,8,84
03/20/2006,GPT,MS,ASO,CE,Combined TRACON& Tower with Radar,15,22,8,3,48,0,0,0,3,3,15,22,8,6,51,0,6,6,57
03/21/2006,GPT,MS,ASO,CE,Combined TRACON& Tower with Radar,19,27,33,40,119,0,0,39,15,54,19,27,72,55,173,40,50,90,263
03/22/2006,GPT,MS,ASO,CE,Combined TRACON& Tower with Radar,16,24,41,23,104,0,0,37,3,40,16,24,78,26,144,90,24,114,258
03/23/2006,GPT,MS,ASO,CE,Combined TRACON& Tower with Radar,18,26,46,38,128,0,0,26,7,33,18,26,72,45,161,98,46,144,305
03/24/2006,GPT,MS,ASO,CE,Combined TRACON& Tower with Radar,16,24,11,23,74,0,0,67,3,70,16,24,78,26,144,90,24,114,258
03/25/2006,GPT,MS,ASO,CE,Combined TRACON& Tower with Radar,18,19,8,24,69,0,0,24,0,24,18,19,32,24,93,6,20,26,119
03/26/2006,GPT,MS,ASO,CE,Combined TRACON& Tower with Radar,18,24,18,4,64,0,0,25,1,26,18,24,43,5,90,2,0,2,92
03/27/2006,GPT,MS,ASO,CE,Combined TRACON& Tower with Radar,20,25,21,50,116,0,0,35,4,39,20,25,56,54,155,54,58,112,267
03/28/2006,GPT,MS,ASO,CE,Combined TRACON& Tower with Radar,16,22,39,41,118,0,0,26,8,34,16,22,65,49,152,24,64,88,240
03/29/2006,GPT,MS,ASO,CE,Combined TRACON& Tower with Radar,17,23,43,42,125,0,0,34,5,39,17,23,77,47,164,54,36,90,254
03/30/2006,GPT,MS,ASO,CE,Combined TRACON& Tower with Radar,20,24,37,23,104,0,0,20,3,23,20,24,57,26,127,12,6,18,145
03/31/2006,GPT,MS,ASO,CE,Combined TRACON& Tower with Radar,16,25,42,17,100,0,0,15,4,19,16,25,57,21,119,12,20,32,151
04/01/2006,GPT,MS,ASO,CE,Combined TRACON& Tower with Radar,19,18,11,3,51,0,0,21,0,21,19,18,32,3,72,14,32,46,118
04/02/2006,GPT,MS,ASO,CE,Combined TRACON& Tower with Radar,16,25,16,6,63,0,0,15,2,17,16,25,31,8,80,0,14,14,94
04/03/2006,GPT,MS,ASO,CE,Combined TRACON& Tower with Radar,14,23,15,28,80,0,0,13,2,15,14,23,28,30,95,28,8,36,131
04/04/2006,GPT,MS,ASO,CE,Combined TRACON& Tower with Radar,14,22,37,17,90,0,0,55,5,60,14,22,92,22,150,40,36,76,226
04/05/2006,GPT,MS,ASO,CE,Combined TRACON& Tower with Radar,14,23,30,31,98,0,0,40,2,42,14,23,70,33,140,40,86,126,266
04/06/2006,GPT,MS,ASO,CE,Combined TRACON& Tower with Radar,17,27,37,29,110,0,0,32,3,35,17,27,69,32,145,26,58,84,229
04/07/2006,GPT,MS,ASO,CE,Combined TRACON& Tower with Radar,13,26,24,28,91,0,0,13,5,18,13,26,37,33,109,0,0,0,109
04/08/2006,GPT,MS,ASO,CE,Combined TRACON& Tower with Radar,14,24,12,9,59,0,1,22,2,25,14,25,34,11,84,10,0,10,94
04/09/2006,GPT,MS,ASO,CE,Combined TRACON& Tower with Radar,13,24,9,6,52,0,0,22,2,24,13,24,31,8,76,16,0,16,92
04/10/2006,GPT,MS,ASO,CE,Combined TRACON& Tower with Radar,14,24,18,31,87,0,0,29,1,30,14,24,47,32,117,12,22,34,151
04/11/2006,GPT,MS,ASO,CE,Combined TRACON& Tower with Radar,15,23,34,29,101,0,0,26,11,37,15,23,60,40,138,0,58,58,196
04/12/2006,GPT,MS,ASO,CE,Combined TRACON& Tower with Radar,16,24,38,33,111,0,0,18,2,20,16,24,56,35,131,4,134,138,269
04/13/2006,GPT,MS,ASO,CE,Combined TRACON& Tower with Radar,13,24,40,29,106,0,1,18,8,27,13,25,58,37,133,2,82,84,217
04/14/2006,GPT,MS,ASO,CE,Combined TRACON& Tower with Radar,14,21,19,40,94,0,0,26,0,26,14,21,45,40,120,0,92,92,212
04/15/2006,GPT,MS,ASO,CE,Combined TRACON& Tower with Radar,15,23,11,6,55,0,0,19,0,19,15,23,30,6,74,0,0,0,74
04/16/2006,GPT,MS,ASO,CE,Combined TRACON& Tower with Radar,16,24,10,1,51,0,0,3,1,4,16,24,13,2,55,0,0,0,55
04/17/2006,GPT,MS,ASO,CE,Combined TRACON& Tower with Radar,14,24,18,17,73,0,0,21,3,24,14,24,39,20,97,8,48,56,153
04/18/2006,GPT,MS,ASO,CE,Combined TRACON& Tower with Radar,14,26,29,26,95,0,0,27,4,31,14,26,56,30,126,10,61,71,197
04/19/2006,GPT,MS,ASO,CE,Combined TRACON& Tower with Radar,14,28,35,36,113,0,0,21,4,25,14,28,56,40,138,0,20,20,158
04/20/2006,GPT,MS,ASO,CE,Combined TRACON& Tower with Radar,17,26,43,25,111,0,0,30,1,31,17,26,73,26,142,4,42,46,188
04/21/2006,GPT,MS,ASO,CE,Combined TRACON& Tower with Radar,19,28,45,9,101,0,0,25,0,25,19,28,70,9,126,0,0,0,126
04/22/2006,GPT,MS,ASO,CE,Combined TRACON& Tower with Radar,19,23,15,0,57,0,0,20,0,20,19,23,35,0,77,0,0,0,77
04/23/2006,GPT,MS,ASO,CE,Combined TRACON& Tower with Radar,18,23,14,3,58,0,0,22,3,25,18,23,36,6,83,12,6,18,101
04/24/2006,GPT,MS,ASO,CE,Combined TRACON& Tower with Radar,14,24,21,11,70,0,0,25,4,29,14,24,46,15,99,14,19,33,132
04/25/2006,GPT,MS,ASO,CE,Combined TRACON& Tower with Radar,16,26,34,3,79,0,0,7,0,7,16,26,41,3,86,0,0,0,86
04/26/2006,GPT,MS,ASO,CE,Combined TRACON& Tower with Radar,14,30,26,14,84,0,0,5,2,7,14,30,31,16,91,0,22,22,113
04/27/2006,GPT,MS,ASO,CE,Combined TRACON& Tower with Radar,12,26,38,13,89,0,0,23,3,26,12,26,61,16,115,4,0,4,119
04/28/2006,GPT,MS,ASO,CE,Combined TRACON& Tower with Radar,12,26,28,33,99,0,0,38,3,41,12,26,66,36,140,24,71,95,235
04/29/2006,GPT,MS,ASO,CE,Combined TRACON& Tower with Radar,13,18,15,3,49,0,0,0,0,0,13,18,15,3,49,0,20,20,69
04/30/2006,GPT,MS,ASO,CE,Combined TRACON& Tower with Radar,14,24,11,1,50,0,0,5,5,10,14,24,16,6,60,0,0,0,60
05/01/2006,GPT,MS,ASO,CE,Combined TRACON& Tower with Radar,16,31,9,30,86,0,0,10,0,10,16,31,19,30,96,10,44,54,150
05/02/2006,GPT,MS,ASO,CE,Combined TRACON& Tower with Radar,14,28,30,26,98,0,0,19,7,26,14,28,49,33,124,32,108,140,264
05/03/2006,GPT,MS,ASO,CE,Combined TRACON& Tower with Radar,16,30,34,36,116,0,0,25,3,28,16,30,59,39,144,14,23,37,181
05/04/2006,GPT,MS,ASO,CE,Combined TRACON& Tower with Radar,14,31,41,33,119,0,2,17,6,25,14,33,58,39,144,0,26,26,170
05/05/2006,GPT,MS,ASO,CE,Combined TRACON& Tower with Radar,16,32,23,51,122,0,0,26,6,32,16,32,49,57,154,2,48,50,204
05/06/2006,GPT,MS,ASO,CE,Combined TRACON& Tower with Radar,12,23,17,10,62,0,0,4,2,6,12,23,21,12,68,0,0,0,68
05/07/2006,GPT,MS,ASO,CE,Combined TRACON& Tower with Radar,14,26,15,12,67,0,0,8,4,12,14,26,23,16,79,0,0,0,79
05/08/2006,GPT,MS,ASO,CE,Combined TRACON& Tower with Radar,16,30,27,38,111,0,0,22,2,24,16,30,49,40,135,18,54,72,207
05/09/2006,GPT,MS,ASO,CE,Combined TRACON& Tower with Radar,12,31,40,22,105,0,0,10,1,11,12,31,50,23,116,2,16,18,134
05/10/2006,GPT,MS,ASO,CE,Combined TRACON& Tower with Radar,13,33,23,47,116,0,0,13,6,19,13,33,36,53,135,0,12,12,147
05/11/2006,GPT,MS,ASO,CE,Combined TRACON& Tower with Radar,16,32,24,9,81,0,0,24,3,27,16,32,48,12,108,0,28,28,136
05/12/2006,GPT,MS,ASO,CE,Combined TRACON& Tower with Radar,14,32,22,19,87,0,0,32,4,36,14,32,54,23,123,21,0,21,144
05/13/2006,GPT,MS,ASO,CE,Combined TRACON& Tower with Radar,17,23,14,17,71,0,6,9,0,15,17,29,23,17,86,0,0,0,86
05/14/2006,GPT,MS,ASO,CE,Combined TRACON& Tower with Radar,12,27,9,6,54,0,0,10,4,14,12,27,19,10,68,0,0,0,68
05/15/2006,GPT,MS,ASO,CE,Combined TRACON& Tower with Radar,14,31,24,22,91,0,1,19,1,21,14,32,43,23,112,2,12,14,126
05/16/2006,GPT,MS,ASO,CE,Combined TRACON& Tower with Radar,16,34,33,16,99,0,0,30,6,36,16,34,63,22,135,0,28,28,163
05/17/2006,GPT,MS,ASO,CE,Combined TRACON& Tower with Radar,14,32,32,41,119,0,5,25,8,38,14,37,57,49,157,14,72,86,243
05/18/2006,GPT,MS,ASO,CE,Combined TRACON& Tower with Radar,14,33,40,27,114,0,0,27,5,32,14,33,67,32,146,6,62,68,214
05/19/2006,GPT,MS,ASO,CE,Combined TRACON& Tower with Radar,15,31,27,26,99,0,0,29,6,35,15,31,56,32,134,20,38,58,192
05/20/2006,GPT,MS,ASO,CE,Combined TRACON& Tower with Radar,15,23,13,7,58,0,0,11,1,12,15,23,24,8,70,24,0,24,94
05/21/2006,GPT,MS,ASO,CE,Combined TRACON& Tower with Radar,15,26,14,5,60,0,0,9,1,10,15,26,23,6,70,6,0,6,76
05/22/2006,GPT,MS,ASO,CE,Combined TRACON& Tower with Radar,14,30,41,17,102,0,0,20,5,25,14,30,61,22,127,18,30,48,175
05/23/2006,GPT,MS,ASO,CE,Combined TRACON& Tower with Radar,13,26,26,9,74,0,0,34,11,45,13,26,60,20,119,34,6,40,159
05/24/2006,GPT,MS,ASO,CE,Combined TRACON& Tower with Radar,18,31,31,19,99,0,0,32,3,35,18,31,63,22,134,14,34,48,182
05/25/2006,GPT,MS,ASO,CE,Combined TRACON& Tower with Radar,15,36,34,26,111,0,1,29,5,35,15,37,63,31,146,20,31,51,197
05/26/2006,GPT,MS,ASO,CE,Combined TRACON& Tower with Radar,14,33,18,24,89,0,0,26,2,28,14,33,44,26,117,12,52,64,181
05/27/2006,GPT,MS,ASO,CE,Combined TRACON& Tower with Radar,14,23,5,0,42,0,1,17,0,18,14,24,22,0,60,0,0,0,60
05/28/2006,GPT,MS,ASO,CE,Combined TRACON& Tower with Radar,12,26,10,0,48,0,1,10,0,11,12,27,20,0,59,0,0,0,59
05/29/2006,GPT,MS,ASO,CE,Combined TRACON& Tower with Radar,13,29,6,2,50,0,0,14,3,17,13,29,20,5,67,10,0,10,77
05/30/2006,GPT,MS,ASO,CE,Combined TRACON& Tower with Radar,13,27,18,28,86,0,0,19,11,30,13,27,37,39,116,4,66,70,186
05/31/2006,GPT,MS,ASO,CE,Combined TRACON& Tower with Radar,19,30,28,32,109,0,0,27,1,28,19,30,55,33,137,8,48,56,193
06/01/2006,GPT,MS,ASO,CE,Combined TRACON& Tower with Radar,14,31,39,9,93,0,0,25,0,25,14,31,64,9,118,12,20,32,150
06/02/2006,GPT,MS,ASO,CE,Combined TRACON& Tower with Radar,15,33,34,9,91,0,0,16,2,18,15,33,50,11,109,10,15,25,134
06/03/2006,GPT,MS,ASO,CE,Combined TRACON& Tower with Radar,16,26,13,2,57,0,0,21,3,24,16,26,34,5,81,30,0,30,111
06/04/2006,GPT,MS,ASO,CE,Combined TRACON& Tower with Radar,12,31,21,13,77,0,4,17,1,22,12,35,38,14,99,0,14,14,113
06/05/2006,GPT,MS,ASO,CE,Combined TRACON& Tower with Radar,15,29,31,8,83,0,0,15,2,17,15,29,46,10,100,0,0,0,100
06/06/2006,GPT,MS,ASO,CE,Combined TRACON& Tower with Radar,17,28,34,14,93,0,1,31,2,34,17,29,65,16,127,30,4,34,161
06/07/2006,GPT,MS,ASO,CE,Combined TRACON& Tower with Radar,14,30,27,26,97,0,0,29,2,31,14,30,56,28,128,11,46,57,185
06/08/2006,GPT,MS,ASO,CE,Combined TRACON& Tower with Radar,14,35,55,16,120,0,0,22,1,23,14,35,77,17,143,22,50,72,215
06/09/2006,GPT,MS,ASO,CE,Combined TRACON& Tower with Radar,12,37,23,23,95,0,0,25,5,30,12,37,48,28,125,2,38,40,165
06/10/2006,GPT,MS,ASO,CE,Combined TRACON& Tower with Radar,19,27,8,1,55,0,0,24,0,24,19,27,32,1,79,18,0,18,97
06/11/2006,GPT,MS,ASO,CE,Combined TRACON& Tower with Radar,16,34,17,5,72,0,0,10,1,11,16,34,27,6,83,0,0,0,83
06/12/2006,GPT,MS,ASO,CE,Combined TRACON& Tower with Radar,15,33,28,2,78,0,0,13,2,15,15,33,41,4,93,4,0,4,97
06/13/2006,GPT,MS,ASO,CE,Combined TRACON& Tower with Radar,15,32,27,24,98,0,0,18,0,18,15,32,45,24,116,4,32,36,152
06/14/2006,GPT,MS,ASO,CE,Combined TRACON& Tower with Radar,13,36,44,27,120,0,0,23,5,28,13,36,67,32,148,4,46,50,198
06/15/2006,GPT,MS,ASO,CE,Combined TRACON& Tower with Radar,17,33,41,39,130,0,0,25,6,31,17,33,66,45,161,14,64,78,239
06/16/2006,GPT,MS,ASO,CE,Combined TRACON& Tower with Radar,11,36,37,18,102,0,0,36,2,38,11,36,73,20,140,8,8,16,156
06/17/2006,GPT,MS,ASO,CE,Combined TRACON& Tower with Radar,16,31,15,13,75,0,1,15,1,17,16,32,30,14,92,16,0,16,108
06/18/2006,GPT,MS,ASO,CE,Combined TRACON& Tower with Radar,19,33,18,0,70,0,0,1,6,7,19,33,19,6,77,4,2,6,83
06/19/2006,GPT,MS,ASO,CE,Combined TRACON& Tower with Radar,15,33,19,2,69,0,0,2,0,2,15,33,21,2,71,0,0,0,71
06/20/2006,GPT,MS,ASO,CE,Combined TRACON& Tower with Radar,15,33,31,15,94,0,0,16,2,18,15,33,47,17,112,16,25,41,153
06/21/2006,GPT,MS,ASO,CE,Combined TRACON& Tower with Radar,14,40,36,5,95,0,0,21,4,25,14,40,57,9,120,2,0,2,122
06/22/2006,GPT,MS,ASO,CE,Combined TRACON& Tower with Radar,16,33,31,5,85,0,0,33,7,40,16,33,64,12,125,38,4,42,167
06/23/2006,GPT,MS,ASO,CE,Combined TRACON& Tower with Radar,13,32,27,9,81,0,0,17,6,23,13,32,44,15,104,4,26,30,134
06/24/2006,GPT,MS,ASO,CE,Combined TRACON& Tower with Radar,15,29,8,4,56,0,1,27,6,34,15,30,35,10,90,0,6,6,96
06/25/2006,GPT,MS,ASO,CE,Combined TRACON& Tower with Radar,11,35,15,2,63,0,0,16,8,24,11,35,31,10,87,0,0,0,87
06/26/2006,GPT,MS,ASO,CE,Combined TRACON& Tower with Radar,10,33,17,8,68,0,0,20,2,22,10,33,37,10,90,14,28,42,132
06/27/2006,GPT,MS,ASO,CE,Combined TRACON& Tower with Radar,12,32,43,7,94,0,0,31,5,36,12,32,74,12,130,30,26,56,186
06/28/2006,GPT,MS,ASO,CE,Combined TRACON& Tower with Radar,9,35,39,47,130,0,0,30,4,34,9,35,69,51,164,23,85,108,272
06/29/2006,GPT,MS,ASO,CE,Combined TRACON& Tower with Radar,10,38,47,18,113,0,5,42,9,56,10,43,89,27,169,28,22,50,219
06/30/2006,GPT,MS,ASO,CE,Combined TRACON& Tower with Radar,10,38,27,9,84,0,0,27,4,31,10,38,54,13,115,0,26,26,141
07/01/2006,GPT,MS,ASO,CE,Combined TRACON& Tower with Radar,10,32,14,7,63,0,0,25,1,26,10,32,39,8,89,2,6,8,97
07/02/2006,GPT,MS,ASO,CE,Combined TRACON& Tower with Radar,10,31,7,1,49,0,1,9,0,10,10,32,16,1,59,11,0,11,70
07/03/2006,GPT,MS,ASO,CE,Combined TRACON& Tower with Radar,10,27,14,0,51,0,0,24,2,26,10,27,38,2,77,0,0,0,77
07/04/2006,GPT,MS,ASO,CE,Combined TRACON& Tower with Radar,10,27,5,2,44,0,0,12,0,12,10,27,17,2,56,6,0,6,62
07/05/2006,GPT,MS,ASO,CE,Combined TRACON& Tower with Radar,15,35,19,27,96,0,0,12,0,12,15,35,31,27,108,2,52,54,162
07/06/2006,GPT,MS,ASO,CE,Combined TRACON& Tower with Radar,12,32,32,47,123,0,0,7,0,7,12,32,39,47,130,0,43,43,173
07/07/2006,GPT,MS,ASO,CE,Combined TRACON& Tower with Radar,12,36,32,23,103,0,0,12,7,19,12,36,44,30,122,18,34,52,174
07/08/2006,GPT,MS,ASO,CE,Combined TRACON& Tower with Radar,20,30,10,2,62,0,0,19,5,24,20,30,29,7,86,6,6,12,98
07/09/2006,GPT,MS,ASO,CE,Combined TRACON& Tower with Radar,14,28,15,4,61,0,0,8,2,10,14,28,23,6,71,0,0,0,71
07/10/2006,GPT,MS,ASO,CE,Combined TRACON& Tower with Radar,13,34,16,40,103,0,0,24,3,27,13,34,40,43,130,2,44,46,176
07/11/2006,GPT,MS,ASO,CE,Combined TRACON& Tower with Radar,14,35,27,55,131,0,0,31,6,37,14,35,58,61,168,18,102,120,288
07/12/2006,GPT,MS,ASO,CE,Combined TRACON& Tower with Radar,13,35,35,58,141,0,0,15,2,17,13,35,50,60,158,8,42,50,208
07/13/2006,GPT,MS,ASO,CE,Combined TRACON& Tower with Radar,12,32,33,16,93,0,0,26,4,30,12,32,59,20,123,8,32,40,163
07/14/2006,GPT,MS,ASO,CE,Combined TRACON& Tower with Radar,12,36,21,5,74,0,3,8,2,13,12,39,29,7,87,0,0,0,87
07/15/2006,GPT,MS,ASO,CE,Combined TRACON& Tower with Radar,12,29,10,0,51,0,0,17,0,17,12,29,27,0,68,14,0,14,82
07/16/2006,GPT,MS,ASO,CE,Combined TRACON& Tower with Radar,11,33,9,1,54,0,0,6,0,6,11,33,15,1,60,0,0,0,60
07/17/2006,GPT,MS,ASO,CE,Combined TRACON& Tower with Radar,19,30,24,8,81,0,0,17,2,19,19,30,41,10,100,12,2,14,114
07/18/2006,GPT,MS,ASO,CE,Combined TRACON& Tower with Radar,13,36,37,25,111,0,0,25,4,29,13,36,62,29,140,0,22,22,162
07/19/2006,GPT,MS,ASO,CE,Combined TRACON& Tower with Radar,14,34,16,40,104,0,0,45,5,50,14,34,61,45,154,26,104,130,284
07/20/2006,GPT,MS,ASO,CE,Combined TRACON& Tower with Radar,15,35,49,23,122,0,0,17,0,17,15,35,66,23,139,0,20,20,159
07/21/2006,GPT,MS,ASO,CE,Combined TRACON& Tower with Radar,13,33,34,26,106,0,0,15,5,20,13,33,49,31,126,9,58,67,193
07/22/2006,GPT,MS,ASO,CE,Combined TRACON& Tower with Radar,13,27,12,0,52,0,0,28,4,32,13,27,40,4,84,12,16,28,112
07/23/2006,GPT,MS,ASO,CE,Combined TRACON& Tower with Radar,12,31,6,1,50,0,0,6,3,9,12,31,12,4,59,0,0,0,59
07/24/2006,GPT,MS,ASO,CE,Combined TRACON& Tower with Radar,10,33,18,4,65,0,0,11,0,11,10,33,29,4,76,0,0,0,76
07/25/2006,GPT,MS,ASO,CE,Combined TRACON& Tower with Radar,13,33,35,24,105,0,0,16,0,16,13,33,51,24,121,2,49,51,172
07/26/2006,GPT,MS,ASO,CE,Combined TRACON& Tower with Radar,13,30,31,31,105,0,0,25,3,28,13,30,56,34,133,10,58,68,201
07/27/2006,GPT,MS,ASO,CE,Combined TRACON& Tower with Radar,15,34,36,51,136,0,0,18,6,24,15,34,54,57,160,0,46,46,206
07/28/2006,GPT,MS,ASO,CE,Combined TRACON& Tower with Radar,12,35,23,12,82,0,0,30,9,39,12,35,53,21,121,8,20,28,149
07/29/2006,GPT,MS,ASO,CE,Combined TRACON& Tower with Radar,12,28,16,2,58,0,1,23,0,24,12,29,39,2,82,6,0,6,88
07/30/2006,GPT,MS,ASO,CE,Combined TRACON& Tower with Radar,12,32,10,0,54,0,0,8,2,10,12,32,18,2,64,0,0,0,64
07/31/2006,GPT,MS,ASO,CE,Combined TRACON& Tower with Radar,14,34,17,4,69,0,0,5,0,5,14,34,22,4,74,0,0,0,74
08/01/2006,GPT,MS,ASO,CE,Combined TRACON& Tower with Radar,14,33,30,22,99,0,0,16,3,19,14,33,46,25,118,0,64,64,182
08/02/2006,GPT,MS,ASO,CE,Combined TRACON& Tower with Radar,12,36,25,35,108,0,0,21,6,27,12,36,46,41,135,0,56,56,191
08/03/2006,GPT,MS,ASO,CE,Combined TRACON& Tower with Radar,15,29,29,15,88,0,0,25,3,28,15,29,54,18,116,6,4,10,126
08/04/2006,GPT,MS,ASO,CE,Combined TRACON& Tower with Radar,15,35,13,18,81,0,0,9,4,13,15,35,22,22,94,0,14,14,108
08/05/2006,GPT,MS,ASO,CE,Combined TRACON& Tower with Radar,14,32,6,15,67,0,0,7,2,9,14,32,13,17,76,10,0,10,86
08/06/2006,GPT,MS,ASO,CE,Combined TRACON& Tower with Radar,12,32,13,2,59,0,0,11,0,11,12,32,24,2,70,0,0,0,70
08/07/2006,GPT,MS,ASO,CE,Combined TRACON& Tower with Radar,14,32,31,12,89,0,0,14,3,17,14,32,45,15,106,16,0,16,122
08/08/2006,GPT,MS,ASO,CE,Combined TRACON& Tower with Radar,17,32,29,19,97,0,0,24,1,25,17,32,53,20,122,2,14,16,138
08/09/2006,GPT,MS,ASO,CE,Combined TRACON& Tower with Radar,12,27,37,15,91,0,0,39,5,44,12,27,76,20,135,0,10,10,145
08/10/2006,GPT,MS,ASO,CE,Combined TRACON& Tower with Radar,14,33,43,36,126,0,0,15,2,17,14,33,58,38,143,22,34,56,199
08/11/2006,GPT,MS,ASO,CE,Combined TRACON& Tower with Radar,14,28,44,21,107,0,0,25,10,35,14,28,69,31,142,2,48,50,192
08/12/2006,GPT,MS,ASO,CE,Combined TRACON& Tower with Radar,15,25,15,5,60,0,0,14,0,14,15,25,29,5,74,0,0,0,74
08/13/2006,GPT,MS,ASO,CE,Combined TRACON& Tower with Radar,15,29,12,2,58,0,0,15,2,17,15,29,27,4,75,2,0,2,77
08/14/2006,GPT,MS,ASO,CE,Combined TRACON& Tower with Radar,16,33,29,12,90,0,0,9,0,9,16,33,38,12,99,14,10,24,123
08/15/2006,GPT,MS,ASO,CE,Combined TRACON& Tower with Radar,16,28,35,23,102,0,1,28,0,29,16,29,63,23,131,0,46,46,177
08/16/2006,GPT,MS,ASO,CE,Combined TRACON& Tower with Radar,14,32,27,11,84,0,0,24,10,34,14,32,51,21,118,10,33,43,161
08/17/2006,GPT,MS,ASO,CE,Combined TRACON& Tower with Radar,15,32,48,6,101,0,0,23,1,24,15,32,71,7,125,10,0,10,135
08/18/2006,GPT,MS,ASO,CE,Combined TRACON& Tower with Radar,17,32,33,30,112,0,1,25,10,36,17,33,58,40,148,12,49,61,209
08/19/2006,GPT,MS,ASO,CE,Combined TRACON& Tower with Radar,17,27,16,8,68,0,0,13,4,17,17,27,29,12,85,8,4,12,97
08/20/2006,GPT,MS,ASO,CE,Combined TRACON& Tower with Radar,17,29,22,14,82,0,0,16,5,21,17,29,38,19,103,0,0,0,103
08/21/2006,GPT,MS,ASO,CE,Combined TRACON& Tower with Radar,15,29,34,35,113,0,0,8,6,14,15,29,42,41,127,10,74,84,211
08/22/2006,GPT,MS,ASO,CE,Combined TRACON& Tower with Radar,16,28,44,35,123,0,1,14,3,18,16,29,58,38,141,0,65,65,206
08/23/2006,GPT,MS,ASO,CE,Combined TRACON& Tower with Radar,16,27,28,18,89,0,0,11,3,14,16,27,39,21,103,10,30,40,143
08/24/2006,GPT,MS,ASO,CE,Combined TRACON& Tower with Radar,15,32,39,15,101,0,0,16,3,19,15,32,55,18,120,16,0,16,136
08/25/2006,GPT,MS,ASO,CE,Combined TRACON& Tower with Radar,18,33,34,13,98,0,0,25,7,32,18,33,59,20,130,10,14,24,154
08/26/2006,GPT,MS,ASO,CE,Combined TRACON& Tower with Radar,15,28,14,3,60,0,2,17,11,30,15,30,31,14,90,10,0,10,100
08/27/2006,GPT,MS,ASO,CE,Combined TRACON& Tower with Radar,16,31,15,5,67,0,0,21,2,23,16,31,36,7,90,0,0,0,90
08/28/2006,GPT,MS,ASO,CE,Combined TRACON& Tower with Radar,18,29,35,16,98,0,1,13,4,18,18,30,48,20,116,0,0,0,116
08/29/2006,GPT,MS,ASO,CE,Combined TRACON& Tower with Radar,17,30,58,16,121,0,0,27,7,34,17,30,85,23,155,3,1,4,159
08/30/2006,GPT,MS,ASO,CE,Combined TRACON& Tower with Radar,17,31,39,23,110,0,0,16,5,21,17,31,55,28,131,14,63,77,208
08/31/2006,GPT,MS,ASO,CE,Combined TRACON& Tower with Radar,19,37,41,28,125,0,1,25,3,29,19,38,66,31,154,15,40,55,209
09/01/2006,GPT,MS,ASO,CE,Combined TRACON& Tower with Radar,22,27,37,14,100,0,0,24,0,24,22,27,61,14,124,0,39,39,163
09/02/2006,GPT,MS,ASO,CE,Combined TRACON& Tower with Radar,22,27,11,0,60,0,0,11,0,11,22,27,22,0,71,4,0,4,75
09/03/2006,GPT,MS,ASO,CE,Combined TRACON& Tower with Radar,22,21,13,2,58,0,0,22,0,22,22,21,35,2,80,4,0,4,84
09/04/2006,GPT,MS,ASO,CE,Combined TRACON& Tower with Radar,22,26,16,2,66,0,0,14,0,14,22,26,30,2,80,10,0,10,90
09/05/2006,GPT,MS,ASO,CE,Combined TRACON& Tower with Radar,19,31,22,30,102,0,0,17,4,21,19,31,39,34,123,12,60,72,195
09/06/2006,GPT,MS,ASO,CE,Combined TRACON& Tower with Radar,13,33,46,15,107,0,0,23,4,27,13,33,69,19,134,0,7,7,141
09/07/2006,GPT,MS,ASO,CE,Combined TRACON& Tower with Radar,21,36,28,29,114,0,0,38,5,43,21,36,66,34,157,18,74,92,249
09/08/2006,GPT,MS,ASO,CE,Combined TRACON& Tower with Radar,19,35,42,8,104,0,0,28,4,32,19,35,70,12,136,10,20,30,166
09/09/2006,GPT,MS,ASO,CE,Combined TRACON& Tower with Radar,17,26,13,1,57,0,0,12,2,14,17,26,25,3,71,0,0,0,71
09/10/2006,GPT,MS,ASO,CE,Combined TRACON& Tower with Radar,21,26,19,10,76,0,0,8,1,9,21,26,27,11,85,0,2,2,87
09/11/2006,GPT,MS,ASO,CE,Combined TRACON& Tower with Radar,19,38,29,39,125,0,0,5,0,5,19,38,34,39,130,4,67,71,201
09/12/2006,GPT,MS,ASO,CE,Combined TRACON& Tower with Radar,19,28,15,48,110,0,0,5,2,7,19,28,20,50,117,0,80,80,197
09/13/2006,GPT,MS,ASO,CE,Combined TRACON& Tower with Radar,18,32,46,55,151,0,0,13,1,14,18,32,59,56,165,6,91,97,262
09/14/2006,GPT,MS,ASO,CE,Combined TRACON& Tower with Radar,20,32,41,62,155,0,0,22,10,32,20,32,63,72,187,0,88,88,275
09/15/2006,GPT,MS,ASO,CE,Combined TRACON& Tower with Radar,19,32,37,36,124,0,0,28,6,34,19,32,65,42,158,20,4,24,182
09/16/2006,GPT,MS,ASO,CE,Combined TRACON& Tower with Radar,16,27,23,20,86,0,0,20,4,24,16,27,43,24,110,0,0,0,110
09/17/2006,GPT,MS,ASO,CE,Combined TRACON& Tower with Radar,20,22,26,8,76,0,0,15,0,15,20,22,41,8,91,2,4,6,97
09/18/2006,GPT,MS,ASO,CE,Combined TRACON& Tower with Radar,24,30,26,8,88,0,0,5,1,6,24,30,31,9,94,0,18,18,112
09/19/2006,GPT,MS,ASO,CE,Combined TRACON& Tower with Radar,20,28,51,14,113,0,0,23,2,25,20,28,74,16,138,0,42,42,180
09/20/2006,GPT,MS,ASO,CE,Combined TRACON& Tower with Radar,20,30,39,4,93,0,0,20,10,30,20,30,59,14,123,2,0,2,125
09/21/2006,GPT,MS,ASO,CE,Combined TRACON& Tower with Radar,18,31,36,19,104,0,0,19,9,28,18,31,55,28,132,14,38,52,184
09/22/2006,GPT,MS,ASO,CE,Combined TRACON& Tower with Radar,17,31,45,11,104,0,0,15,5,20,17,31,60,16,124,4,2,6,130
09/23/2006,GPT,MS,ASO,CE,Combined TRACON& Tower with Radar,17,29,16,4,66,0,0,4,0,4,17,29,20,4,70,12,6,18,88
09/24/2006,GPT,MS,ASO,CE,Combined TRACON& Tower with Radar,19,36,22,2,79,0,0,2,2,4,19,36,24,4,83,0,0,0,83
09/25/2006,GPT,MS,ASO,CE,Combined TRACON& Tower with Radar,19,35,26,28,108,0,0,20,3,23,19,35,46,31,131,12,38,50,181
09/26/2006,GPT,MS,ASO,CE,Combined TRACON& Tower with Radar,19,37,38,34,128,0,0,39,1,40,19,37,77,35,168,16,72,88,256
09/27/2006,GPT,MS,ASO,CE,Combined TRACON& Tower with Radar,17,31,45,7,100,0,0,23,16,39,17,31,68,23,139,4,4,8,147
09/28/2006,GPT,MS,ASO,CE,Combined TRACON& Tower with Radar,17,39,31,43,130,0,0,12,10,22,17,39,43,53,152,6,56,62,214
09/29/2006,GPT,MS,ASO,CE,Combined TRACON& Tower with Radar,16,32,40,7,95,0,0,24,5,29,16,32,64,12,124,22,0,22,146
09/30/2006,GPT,MS,ASO,CE,Combined TRACON& Tower with Radar,21,26,10,4,61,0,0,21,1,22,21,26,31,5,83,0,2,2,85
10/01/2006,GPT,MS,ASO,CE,Combined TRACON& Tower with Radar,17,34,24,25,100,0,0,6,0,6,17,34,30,25,106,2,0,2,108
10/02/2006,GPT,MS,ASO,CE,Combined TRACON& Tower with Radar,17,31,20,18,86,0,0,14,4,18,17,31,34,22,104,0,80,80,184
10/03/2006,GPT,MS,ASO,CE,Combined TRACON& Tower with Radar,22,29,26,48,125,0,0,25,6,31,22,29,51,54,156,12,78,90,246
10/04/2006,GPT,MS,ASO,CE,Combined TRACON& Tower with Radar,20,29,31,46,126,0,0,25,1,26,20,29,56,47,152,12,46,58,210
10/05/2006,GPT,MS,ASO,CE,Combined TRACON& Tower with Radar,18,30,40,30,118,0,0,14,7,21,18,30,54,37,139,0,12,12,151
10/06/2006,GPT,MS,ASO,CE,Combined TRACON& Tower with Radar,16,33,33,17,99,0,0,18,2,20,16,33,51,19,119,8,0,8,127
10/07/2006,GPT,MS,ASO,CE,Combined TRACON& Tower with Radar,17,30,6,2,55,0,0,37,2,39,17,30,43,4,94,8,0,8,102
10/08/2006,GPT,MS,ASO,CE,Combined TRACON& Tower with Radar,30,28,24,7,89,0,0,25,1,26,30,28,49,8,115,4,16,20,135
10/09/2006,GPT,MS,ASO,CE,Combined TRACON& Tower with Radar,25,26,25,2,78,0,0,24,2,26,25,26,49,4,104,0,0,0,104
10/10/2006,GPT,MS,ASO,CE,Combined TRACON& Tower with Radar,24,27,27,11,89,0,1,28,1,30,24,28,55,12,119,8,6,14,133
10/11/2006,GPT,MS,ASO,CE,Combined TRACON& Tower with Radar,23,32,36,12,103,0,0,17,2,19,23,32,53,14,122,2,8,10,132
10/12/2006,GPT,MS,ASO,CE,Combined TRACON& Tower with Radar,18,37,54,34,143,0,0,15,3,18,18,37,69,37,161,2,41,43,204
10/13/2006,GPT,MS,ASO,CE,Combined TRACON& Tower with Radar,18,37,38,29,122,0,1,20,2,23,18,38,58,31,145,16,36,52,197
10/14/2006,GPT,MS,ASO,CE,Combined TRACON& Tower with Radar,19,30,17,34,100,0,0,27,2,29,19,30,44,36,129,44,8,52,181
10/15/2006,GPT,MS,ASO,CE,Combined TRACON& Tower with Radar,22,28,23,11,84,0,0,19,2,21,22,28,42,13,105,4,76,80,185
10/16/2006,GPT,MS,ASO,CE,Combined TRACON& Tower with Radar,22,24,15,26,87,0,0,0,0,0,22,24,15,26,87,0,0,0,87
10/17/2006,GPT,MS,ASO,CE,Combined TRACON& Tower with Radar,19,30,26,34,109,0,0,5,2,7,19,30,31,36,116,4,32,36,152
10/18/2006,GPT,MS,ASO,CE,Combined TRACON& Tower with Radar,19,30,39,30,118,0,0,9,5,14,19,30,48,35,132,0,38,38,170
10/19/2006,GPT,MS,ASO,CE,Combined TRACON& Tower with Radar,20,30,34,31,115,0,0,4,7,11,20,30,38,38,126,0,76,76,202
10/20/2006,GPT,MS,ASO,CE,Combined TRACON& Tower with Radar,20,29,34,13,96,0,3,19,4,26,20,32,53,17,122,8,21,29,151
10/21/2006,GPT,MS,ASO,CE,Combined TRACON& Tower with Radar,18,31,20,5,74,0,0,21,0,21,18,31,41,5,95,36,0,36,131
10/22/2006,GPT,MS,ASO,CE,Combined TRACON& Tower with Radar,20,29,25,14,88,0,1,20,0,21,20,30,45,14,109,20,0,20,129
10/23/2006,GPT,MS,ASO,CE,Combined TRACON& Tower with Radar,19,30,34,49,132,0,0,41,3,44,19,30,75,52,176,0,78,78,254
10/24/2006,GPT,MS,ASO,CE,Combined TRACON& Tower with Radar,17,34,40,49,140,0,3,40,3,46,17,37,80,52,186,14,38,52,238
10/25/2006,GPT,MS,ASO,CE,Combined TRACON& Tower with Radar,18,31,47,51,147,0,1,24,2,27,18,32,71,53,174,2,74,76,250
10/26/2006,GPT,MS,ASO,CE,Combined TRACON& Tower with Radar,18,32,32,29,111,0,0,7,0,7,18,32,39,29,118,0,12,12,130
10/27/2006,GPT,MS,ASO,CE,Combined TRACON& Tower with Radar,18,34,34,11,97,0,2,6,3,11,18,36,40,14,108,0,2,2,110
10/28/2006,GPT,MS,ASO,CE,Combined TRACON& Tower with Radar,17,29,23,17,86,0,0,16,11,27,17,29,39,28,113,14,10,24,137
10/29/2006,GPT,MS,ASO,CE,Combined TRACON& Tower with Radar,20,28,24,9,81,1,0,27,3,31,21,28,51,12,112,12,2,14,126
10/30/2006,GPT,MS,ASO,CE,Combined TRACON& Tower with Radar,21,41,36,15,113,0,0,30,8,38,21,41,66,23,151,1,0,1,152
10/31/2006,GPT,MS,ASO,CE,Combined TRACON& Tower with Radar,18,28,23,22,91,0,1,16,9,26,18,29,39,31,117,0,36,36,153
11/01/2006,GPT,MS,ASO,CE,Combined TRACON& Tower with Radar,15,33,26,37,111,0,1,22,7,30,15,34,48,44,141,7,50,57,198
11/02/2006,GPT,MS,ASO,CE,Combined TRACON& Tower with Radar,21,29,33,34,117,0,0,10,7,17,21,29,43,41,134,0,8,8,142
11/03/2006,GPT,MS,ASO,CE,Combined TRACON& Tower with Radar,20,33,34,1,88,0,0,31,5,36,20,33,65,6,124,8,0,8,132
11/04/2006,GPT,MS,ASO,CE,Combined TRACON& Tower with Radar,18,30,15,14,77,0,0,14,3,17,18,30,29,17,94,14,0,14,108
11/05/2006,GPT,MS,ASO,CE,Combined TRACON& Tower with Radar,20,31,21,6,78,0,0,22,2,24,20,31,43,8,102,0,0,0,102
11/06/2006,GPT,MS,ASO,CE,Combined TRACON& Tower with Radar,22,26,17,8,73,0,0,2,0,2,22,26,19,8,75,0,0,0,75
11/07/2006,GPT,MS,ASO,CE,Combined TRACON& Tower with Radar,19,25,23,35,102,0,0,8,3,11,19,25,31,38,113,4,32,36,149
11/08/2006,GPT,MS,ASO,CE,Combined TRACON& Tower with Radar,16,34,35,30,115,0,0,30,1,31,16,34,65,31,146,0,54,54,200
11/09/2006,GPT,MS,ASO,CE,Combined TRACON& Tower with Radar,22,31,40,22,115,0,0,21,1,22,22,31,61,23,137,0,36,36,173
11/10/2006,GPT,MS,ASO,CE,Combined TRACON& Tower with Radar,19,26,33,2,80,0,0,12,2,14,19,26,45,4,94,4,0,4,98
11/11/2006,GPT,MS,ASO,CE,Combined TRACON& Tower with Radar,14,30,17,0,61,0,0,10,0,10,14,30,27,0,71,4,0,4,75
11/12/2006,GPT,MS,ASO,CE,Combined TRACON& Tower with Radar,20,26,28,4,78,0,0,36,4,40,20,26,64,8,118,2,0,2,120
11/13/2006,GPT,MS,ASO,CE,Combined TRACON& Tower with Radar,22,33,42,9,106,0,0,13,3,16,22,33,55,12,122,12,30,42,164
11/14/2006,GPT,MS,ASO,CE,Combined TRACON& Tower with Radar,22,27,26,26,101,0,0,13,10,23,22,27,39,36,124,6,14,20,144
11/15/2006,GPT,MS,ASO,CE,Combined TRACON& Tower with Radar,20,21,15,4,60,0,0,0,0,0,20,21,15,4,60,0,0,0,60
11/16/2006,GPT,MS,ASO,CE,Combined TRACON& Tower with Radar,20,32,85,46,183,0,0,20,5,25,20,32,105,51,208,0,33,33,241
11/17/2006,GPT,MS,ASO,CE,Combined TRACON& Tower with Radar,20,21,31,32,104,0,0,22,5,27,20,21,53,37,131,0,32,32,163
11/18/2006,GPT,MS,ASO,CE,Combined TRACON& Tower with Radar,19,29,16,12,76,0,0,21,1,22,19,29,37,13,98,0,12,12,110
11/19/2006,GPT,MS,ASO,CE,Combined TRACON& Tower with Radar,18,33,45,13,109,0,2,11,3,16,18,35,56,16,125,0,10,10,135
11/20/2006,GPT,MS,ASO,CE,Combined TRACON& Tower with Radar,15,31,27,11,84,0,0,33,0,33,15,31,60,11,117,20,4,24,141
11/21/2006,GPT,MS,ASO,CE,Combined TRACON& Tower with Radar,18,30,40,15,103,0,0,16,3,19,18,30,56,18,122,0,10,10,132
11/22/2006,GPT,MS,ASO,CE,Combined TRACON& Tower with Radar,13,32,18,5,68,0,0,25,0,25,13,32,43,5,93,48,0,48,141
11/23/2006,GPT,MS,ASO,CE,Combined TRACON& Tower with Radar,13,21,8,0,42,0,0,10,0,10,13,21,18,0,52,0,0,0,52
11/24/2006,GPT,MS,ASO,CE,Combined TRACON& Tower with Radar,15,20,25,0,60,0,0,20,0,20,15,20,45,0,80,0,0,0,80
11/25/2006,GPT,MS,ASO,CE,Combined TRACON& Tower with Radar,18,26,9,1,54,0,1,34,0,35,18,27,43,1,89,0,0,0,89
11/26/2006,GPT,MS,ASO,CE,Combined TRACON& Tower with Radar,20,35,22,2,79,0,1,21,0,22,20,36,43,2,101,0,0,0,101
11/27/2006,GPT,MS,ASO,CE,Combined TRACON& Tower with Radar,19,28,34,25,106,0,0,29,5,34,19,28,63,30,140,8,50,58,198
11/28/2006,GPT,MS,ASO,CE,Combined TRACON& Tower with Radar,20,33,30,22,105,0,0,21,5,26,20,33,51,27,131,0,48,48,179
11/29/2006,GPT,MS,ASO,CE,Combined TRACON& Tower with Radar,11,37,57,27,132,0,0,6,2,8,11,37,63,29,140,0,6,6,146
11/30/2006,GPT,MS,ASO,CE,Combined TRACON& Tower with Radar,11,36,46,20,113,0,0,1,0,1,11,36,47,20,114,0,0,0,114
12/01/2006,GPT,MS,ASO,CE,Combined TRACON& Tower with Radar,11,37,23,13,84,0,0,26,8,34,11,37,49,21,118,6,9,15,133
12/02/2006,GPT,MS,ASO,CE,Combined TRACON& Tower with Radar,19,22,19,5,65,0,0,23,0,23,19,22,42,5,88,10,0,10,98
12/03/2006,GPT,MS,ASO,CE,Combined TRACON& Tower with Radar,22,31,11,32,96,0,0,18,1,19,22,31,29,33,115,0,12,12,127
12/04/2006,GPT,MS,ASO,CE,Combined TRACON& Tower with Radar,12,33,35,21,101,0,1,15,2,18,12,34,50,23,119,0,30,30,149
12/05/2006,GPT,MS,ASO,CE,Combined TRACON& Tower with Radar,14,41,30,9,94,0,0,26,0,26,14,41,56,9,120,0,43,43,163
12/06/2006,GPT,MS,ASO,CE,Combined TRACON& Tower with Radar,14,34,39,25,112,0,2,32,3,37,14,36,71,28,149,2,10,12,161
12/07/2006,GPT,MS,ASO,CE,Combined TRACON& Tower with Radar,16,42,37,20,115,0,0,17,9,26,16,42,54,29,141,0,16,16,157
12/08/2006,GPT,MS,ASO,CE,Combined TRACON& Tower with Radar,18,29,34,12,93,0,0,14,2,16,18,29,48,14,109,0,0,0,109
12/09/2006,GPT,MS,ASO,CE,Combined TRACON& Tower with Radar,13,25,18,1,57,0,1,7,0,8,13,26,25,1,65,0,0,0,65
12/10/2006,GPT,MS,ASO,CE,Combined TRACON& Tower with Radar,18,26,23,8,75,0,0,14,2,16,18,26,37,10,91,10,0,10,101
12/11/2006,GPT,MS,ASO,CE,Combined TRACON& Tower with Radar,16,30,29,8,83,0,0,18,2,20,16,30,47,10,103,0,24,24,127
12/12/2006,GPT,MS,ASO,CE,Combined TRACON& Tower with Radar,12,38,33,10,93,0,1,2,2,5,12,39,35,12,98,0,0,0,98
12/13/2006,GPT,MS,ASO,CE,Combined TRACON& Tower with Radar,11,47,44,5,107,0,1,10,2,13,11,48,54,7,120,0,0,0,120
12/14/2006,GPT,MS,ASO,CE,Combined TRACON& Tower with Radar,14,28,32,0,74,0,1,6,0,7,14,29,38,0,81,0,0,0,81
12/15/2006,GPT,MS,ASO,CE,Combined TRACON& Tower with Radar,13,10,23,8,54,0,0,3,0,3,13,10,26,8,57,0,0,0,57
12/16/2006,GPT,MS,ASO,CE,Combined TRACON& Tower with Radar,19,19,14,1,53,0,1,23,2,26,19,20,37,3,79,18,8,26,105
12/17/2006,GPT,MS,ASO,CE,Combined TRACON& Tower with Radar,17,26,14,7,64,0,0,24,2,26,17,26,38,9,90,48,10,58,148
12/18/2006,GPT,MS,ASO,CE,Combined TRACON& Tower with Radar,11,13,32,16,72,0,19,8,1,28,11,32,40,17,100,0,4,4,104
12/19/2006,GPT,MS,ASO,CE,Combined TRACON& Tower with Radar,14,28,37,12,91,0,0,16,5,21,14,28,53,17,112,0,0,0,112
12/20/2006,GPT,MS,ASO,CE,Combined TRACON& Tower with Radar,14,35,31,15,95,0,0,15,7,22,14,35,46,22,117,2,18,20,137
12/21/2006,GPT,MS,ASO,CE,Combined TRACON& Tower with Radar,15,33,27,0,75,0,0,0,0,0,15,33,27,0,75,0,0,0,75
12/22/2006,GPT,MS,ASO,CE,Combined TRACON& Tower with Radar,15,29,8,6,58,0,0,1,0,1,15,29,9,6,59,0,0,0,59
12/23/2006,GPT,MS,ASO,CE,Combined TRACON& Tower with Radar,13,24,11,2,50,0,0,26,0,26,13,24,37,2,76,14,0,14,90
12/24/2006,GPT,MS,ASO,CE,Combined TRACON& Tower with Radar,16,23,5,0,44,0,0,1,0,1,16,23,6,0,45,0,0,0,45
12/25/2006,GPT,MS,ASO,CE,Combined TRACON& Tower with Radar,11,22,4,0,37,0,0,4,0,4,11,22,8,0,41,0,0,0,41
12/26/2006,GPT,MS,ASO,CE,Combined TRACON& Tower with Radar,12,35,19,0,66,0,1,10,0,11,12,36,29,0,77,7,0,7,84
12/27/2006,GPT,MS,ASO,CE,Combined TRACON& Tower with Radar,15,31,24,13,83,0,0,29,0,29,15,31,53,13,112,0,16,16,128
12/28/2006,GPT,MS,ASO,CE,Combined TRACON& Tower with Radar,14,32,38,2,86,0,0,10,0,10,14,32,48,2,96,0,0,0,96
12/29/2006,GPT,MS,ASO,CE,Combined TRACON& Tower with Radar,14,25,37,15,91,0,0,11,0,11,14,25,48,15,102,2,12,14,116
12/30/2006,GPT,MS,ASO,CE,Combined TRACON& Tower with Radar,14,24,10,0,48,0,0,2,0,2,14,24,12,0,50,0,0,0,50
12/31/2006,GPT,MS,ASO,CE,Combined TRACON& Tower with Radar,19,26,11,0,56,0,0,10,0,10,19,26,21,0,66,0,0,0,66
01/01/2007,GPT,MS,ASO,CE,Combined TRACON& Tower with Radar,13,30,35,0,78,0,0,17,0,17,13,30,52,0,95,0,0,0,95
01/02/2007,GPT,MS,ASO,CE,Combined TRACON& Tower with Radar,19,34,25,7,85,0,0,26,0,26,19,34,51,7,111,50,0,50,161
01/03/2007,GPT,MS,ASO,CE,Combined TRACON& Tower with Radar,20,30,40,11,101,0,0,16,7,23,20,30,56,18,124,0,10,10,134
01/04/2007,GPT,MS,ASO,CE,Combined TRACON& Tower with Radar,19,32,20,11,82,0,0,0,0,0,19,32,20,11,82,0,0,0,82
01/05/2007,GPT,MS,ASO,CE,Combined TRACON& Tower with Radar,15,30,23,21,89,0,0,11,8,19,15,30,34,29,108,0,24,24,132
01/06/2007,GPT,MS,ASO,CE,Combined TRACON& Tower with Radar,15,25,17,1,58,0,1,9,1,11,15,26,26,2,69,0,14,14,83
01/07/2007,GPT,MS,ASO,CE,Combined TRACON& Tower with Radar,20,25,5,6,56,0,0,5,0,5,20,25,10,6,61,0,10,10,71
01/08/2007,GPT,MS,ASO,CE,Combined TRACON& Tower with Radar,16,31,27,19,93,0,0,17,5,22,16,31,44,24,115,0,52,52,167
01/09/2007,GPT,MS,ASO,CE,Combined TRACON& Tower with Radar,19,29,33,19,100,0,0,16,4,20,19,29,49,23,120,0,28,28,148
01/10/2007,GPT,MS,ASO,CE,Combined TRACON& Tower with Radar,12,31,25,32,100,0,1,21,7,29,12,32,46,39,129,2,40,42,171
01/11/2007,GPT,MS,ASO,CE,Combined TRACON& Tower with Radar,20,31,36,5,92,0,0,16,0,16,20,31,52,5,108,2,8,10,118
01/12/2007,GPT,MS,ASO,CE,Combined TRACON& Tower with Radar,17,34,27,14,92,0,0,10,1,11,17,34,37,15,103,0,8,8,111
01/13/2007,GPT,MS,ASO,CE,Combined TRACON& Tower with Radar,14,25,23,16,78,0,0,20,1,21,14,25,43,17,99,8,26,34,133
01/14/2007,GPT,MS,ASO,CE,Combined TRACON& Tower with Radar,24,25,22,9,80,0,0,11,1,12,24,25,33,10,92,0,6,6,98
01/15/2007,GPT,MS,ASO,CE,Combined TRACON& Tower with Radar,18,29,15,14,76,0,0,0,0,0,18,29,15,14,76,0,6,6,82
01/16/2007,GPT,MS,ASO,CE,Combined TRACON& Tower with Radar,22,24,26,40,112,0,0,4,0,4,22,24,30,40,116,0,14,14,130
01/17/2007,GPT,MS,ASO,CE,Combined TRACON& Tower with Radar,17,24,51,26,118,0,0,15,0,15,17,24,66,26,133,8,0,8,141
01/18/2007,GPT,MS,ASO,CE,Combined TRACON& Tower with Radar,18,32,35,27,112,0,0,0,0,0,18,32,35,27,112,0,0,0,112
01/19/2007,GPT,MS,ASO,CE,Combined TRACON& Tower with Radar,20,24,32,37,113,0,0,2,5,7,20,24,34,42,120,0,24,24,144
01/20/2007,GPT,MS,ASO,CE,Combined TRACON& Tower with Radar,17,23,21,36,97,0,0,16,2,18,17,23,37,38,115,0,0,0,115
01/21/2007,GPT,MS,ASO,CE,Combined TRACON& Tower with Radar,17,25,16,21,79,1,1,3,2,7,18,26,19,23,86,0,4,4,90
01/22/2007,GPT,MS,ASO,CE,Combined TRACON& Tower with Radar,14,25,27,18,84,0,0,2,2,4,14,25,29,20,88,0,0,0,88
01/23/2007,GPT,MS,ASO,CE,Combined TRACON& Tower with Radar,18,27,35,35,115,0,0,15,8,23,18,27,50,43,138,0,30,30,168
01/24/2007,GPT,MS,ASO,CE,Combined TRACON& Tower with Radar,18,30,27,12,87,0,0,7,0,7,18,30,34,12,94,0,22,22,116
01/25/2007,GPT,MS,ASO,CE,Combined TRACON& Tower with Radar,19,25,37,30,111,0,2,0,5,7,19,27,37,35,118,0,0,0,118
01/26/2007,GPT,MS,ASO,CE,Combined TRACON& Tower with Radar,20,25,40,37,122,0,0,42,0,42,20,25,82,37,164,26,16,42,206
01/27/2007,GPT,MS,ASO,CE,Combined TRACON& Tower with Radar,15,25,15,30,85,0,0,2,0,2,15,25,17,30,87,0,0,0,87
01/28/2007,GPT,MS,ASO,CE,Combined TRACON& Tower with Radar,19,30,18,17,84,0,0,20,4,24,19,30,38,21,108,22,10,32,140
01/29/2007,GPT,MS,ASO,CE,Combined TRACON& Tower with Radar,19,27,36,9,91,0,0,23,3,26,19,27,59,12,117,6,0,6,123
01/30/2007,GPT,MS,ASO,CE,Combined TRACON& Tower with Radar,20,22,27,11,80,0,0,6,0,6,20,22,33,11,86,0,10,10,96
01/31/2007,GPT,MS,ASO,CE,Combined TRACON& Tower with Radar,16,33,21,17,87,0,0,9,5,14,16,33,30,22,101,0,22,22,123
02/01/2007,GPT,MS,ASO,CE,Combined TRACON& Tower with Radar,27,23,32,18,100,0,0,0,0,0,27,23,32,18,100,0,0,0,100
02/02/2007,GPT,MS,ASO,CE,Combined TRACON& Tower with Radar,20,28,40,35,123,0,0,4,2,6,20,28,44,37,129,0,62,62,191
02/03/2007,GPT,MS,ASO,CE,Combined TRACON& Tower with Radar,18,23,27,10,78,0,1,33,2,36,18,24,60,12,114,7,2,9,123
02/04/2007,GPT,MS,ASO,CE,Combined TRACON& Tower with Radar,19,27,27,12,85,0,0,25,0,25,19,27,52,12,110,8,0,8,118
02/05/2007,GPT,MS,ASO,CE,Combined TRACON& Tower with Radar,24,26,46,17,113,0,0,33,1,34,24,26,79,18,147,4,4,8,155
02/06/2007,GPT,MS,ASO,CE,Combined TRACON& Tower with Radar,23,25,26,50,124,0,0,28,0,28,23,25,54,50,152,4,82,86,238
02/07/2007,GPT,MS,ASO,CE,Combined TRACON& Tower with Radar,17,26,43,39,125,0,0,27,3,30,17,26,70,42,155,2,28,30,185
02/08/2007,GPT,MS,ASO,CE,Combined TRACON& Tower with Radar,23,27,44,48,142,0,0,37,4,41,23,27,81,52,183,4,37,41,224
02/09/2007,GPT,MS,ASO,CE,Combined TRACON& Tower with Radar,17,27,38,31,113,0,0,20,4,24,17,27,58,35,137,4,14,18,155
02/10/2007,GPT,MS,ASO,CE,Combined TRACON& Tower with Radar,18,23,28,3,72,0,0,30,0,30,18,23,58,3,102,13,0,13,115
02/11/2007,GPT,MS,ASO,CE,Combined TRACON& Tower with Radar,18,26,23,5,72,0,0,37,14,51,18,26,60,19,123,2,0,2,125
02/12/2007,GPT,MS,ASO,CE,Combined TRACON& Tower with Radar,23,24,25,29,101,0,1,25,3,29,23,25,50,32,130,22,74,96,226
02/13/2007,GPT,MS,ASO,CE,Combined TRACON& Tower with Radar,18,28,15,34,95,0,0,16,7,23,18,28,31,41,118,0,62,62,180
02/14/2007,GPT,MS,ASO,CE,Combined TRACON& Tower with Radar,19,31,32,48,130,0,0,14,9,23,19,31,46,57,153,0,62,62,215
02/15/2007,GPT,MS,ASO,CE,Combined TRACON& Tower with Radar,19,33,39,32,123,0,0,18,17,35,19,33,57,49,158,0,74,74,232
02/16/2007,GPT,MS,ASO,CE,Combined TRACON& Tower with Radar,17,32,38,55,142,0,0,28,10,38,17,32,66,65,180,0,40,40,220
02/17/2007,GPT,MS,ASO,CE,Combined TRACON& Tower with Radar,14,24,14,7,59,0,0,10,1,11,14,24,24,8,70,10,0,10,80
02/18/2007,GPT,MS,ASO,CE,Combined TRACON& Tower with Radar,16,20,22,10,68,0,0,18,0,18,16,20,40,10,86,4,0,4,90
02/19/2007,GPT,MS,ASO,CE,Combined TRACON& Tower with Radar,14,31,25,19,89,0,0,33,1,34,14,31,58,20,123,0,0,0,123
02/20/2007,GPT,MS,ASO,CE,Combined TRACON& Tower with Radar,16,28,19,2,65,0,0,7,3,10,16,28,26,5,75,11,0,11,86
02/21/2007,GPT,MS,ASO,CE,Combined TRACON& Tower with Radar,18,32,31,9,90,0,0,9,0,9,18,32,40,9,99,34,0,34,133
02/22/2007,GPT,MS,ASO,CE,Combined TRACON& Tower with Radar,17,31,25,21,94,0,0,34,0,34,17,31,59,21,128,16,56,72,200
02/23/2007,GPT,MS,ASO,CE,Combined TRACON& Tower with Radar,14,38,49,26,127,0,0,26,0,26,14,38,75,26,153,0,10,10,163
02/24/2007,GPT,MS,ASO,CE,Combined TRACON& Tower with Radar,13,25,21,8,67,0,0,9,0,9,13,25,30,8,76,14,2,16,92
02/25/2007,GPT,MS,ASO,CE,Combined TRACON& Tower with Radar,12,39,32,3,86,0,0,24,1,25,12,39,56,4,111,0,0,0,111
02/26/2007,GPT,MS,ASO,CE,Combined TRACON& Tower with Radar,14,30,27,36,107,0,0,31,1,32,14,30,58,37,139,0,84,84,223
02/27/2007,GPT,MS,ASO,CE,Combined TRACON& Tower with Radar,13,32,51,27,123,0,0,33,5,38,13,32,84,32,161,0,26,26,187
02/28/2007,GPT,MS,ASO,CE,Combined TRACON& Tower with Radar,13,33,46,27,119,0,0,24,2,26,13,33,70,29,145,12,61,73,218
03/01/2007,GPT,MS,ASO,CE,Combined TRACON& Tower with Radar,17,34,23,4,78,0,0,3,0,3,17,34,26,4,81,0,0,0,81
03/02/2007,GPT,MS,ASO,CE,Combined TRACON& Tower with Radar,12,34,58,32,136,0,0,23,1,24,12,34,81,33,160,8,29,37,197
03/03/2007,GPT,MS,ASO,CE,Combined TRACON& Tower with Radar,12,27,22,4,65,0,0,39,1,40,12,27,61,5,105,12,6,18,123
03/04/2007,GPT,MS,ASO,CE,Combined TRACON& Tower with Radar,12,37,25,7,81,0,0,48,6,54,12,37,73,13,135,0,6,6,141
03/05/2007,GPT,MS,ASO,CE,Combined TRACON& Tower with Radar,13,36,21,29,99,0,0,28,0,28,13,36,49,29,127,4,79,83,210
03/06/2007,GPT,MS,ASO,CE,Combined TRACON& Tower with Radar,18,31,37,18,104,0,0,46,6,52,18,31,83,24,156,5,59,64,220
03/07/2007,GPT,MS,ASO,CE,Combined TRACON& Tower with Radar,15,34,19,43,111,0,0,0,8,8,15,34,19,51,119,14,82,96,215
03/08/2007,GPT,MS,ASO,CE,Combined TRACON& Tower with Radar,12,34,50,29,125,0,0,28,5,33,12,34,78,34,158,6,56,62,220
03/09/2007,GPT,MS,ASO,CE,Combined TRACON& Tower with Radar,12,35,55,22,124,0,0,32,3,35,12,35,87,25,159,33,6,39,198
03/10/2007,GPT,MS,ASO,CE,Combined TRACON& Tower with Radar,12,30,22,4,68,3,0,22,0,25,15,30,44,4,93,8,0,8,101
03/11/2007,GPT,MS,ASO,CE,Combined TRACON& Tower with Radar,12,42,20,5,79,0,0,20,0,20,12,42,40,5,99,0,0,0,99
03/12/2007,GPT,MS,ASO,CE,Combined TRACON& Tower with Radar,12,28,30,26,96,0,0,20,3,23,12,28,50,29,119,4,38,42,161
03/13/2007,GPT,MS,ASO,CE,Combined TRACON& Tower with Radar,12,32,26,9,79,0,0,12,0,12,12,32,38,9,91,10,6,16,107
03/14/2007,GPT,MS,ASO,CE,Combined TRACON& Tower with Radar,12,30,29,13,84,0,0,5,2,7,12,30,34,15,91,1,10,11,102
03/15/2007,GPT,MS,ASO,CE,Combined TRACON& Tower with Radar,10,33,29,40,112,0,0,8,0,8,10,33,37,40,120,0,24,24,144
03/16/2007,GPT,MS,ASO,CE,Combined TRACON& Tower with Radar,16,33,49,28,126,0,0,21,8,29,16,33,70,36,155,1,69,70,225
03/17/2007,GPT,MS,ASO,CE,Combined TRACON& Tower with Radar,14,29,21,11,75,0,0,36,4,40,14,29,57,15,115,21,0,21,136
03/18/2007,GPT,MS,ASO,CE,Combined TRACON& Tower with Radar,10,33,37,12,92,0,0,26,2,28,10,33,63,14,120,0,10,10,130
03/19/2007,GPT,MS,ASO,CE,Combined TRACON& Tower with Radar,14,31,20,84,149,0,0,18,0,18,14,31,38,84,167,0,42,42,209
03/20/2007,GPT,MS,ASO,CE,Combined TRACON& Tower with Radar,13,33,33,40,119,0,0,33,0,33,13,33,66,40,152,6,48,54,206
03/21/2007,GPT,MS,ASO,CE,Combined TRACON& Tower with Radar,18,37,38,46,139,0,0,17,6,23,18,37,55,52,162,2,58,60,222
03/22/2007,GPT,MS,ASO,CE,Combined TRACON& Tower with Radar,11,33,54,32,130,0,0,26,9,35,11,33,80,41,165,0,0,0,165
03/23/2007,GPT,MS,ASO,CE,Combined TRACON& Tower with Radar,14,35,28,56,133,0,0,33,5,38,14,35,61,61,171,8,16,24,195
03/24/2007,GPT,MS,ASO,CE,Combined TRACON& Tower with Radar,13,30,20,16,79,0,0,30,2,32,13,30,50,18,111,2,0,2,113
03/25/2007,GPT,MS,ASO,CE,Combined TRACON& Tower with Radar,10,32,37,7,86,0,0,28,0,28,10,32,65,7,114,0,0,0,114
03/26/2007,GPT,MS,ASO,CE,Combined TRACON& Tower with Radar,14,34,31,43,122,0,0,16,0,16,14,34,47,43,138,12,54,66,204
03/27/2007,GPT,MS,ASO,CE,Combined TRACON& Tower with Radar,12,34,51,48,145,0,0,21,1,22,12,34,72,49,167,12,30,42,209
03/28/2007,GPT,MS,ASO,CE,Combined TRACON& Tower with Radar,12,33,47,44,136,0,0,12,5,17,12,33,59,49,153,0,47,47,200
03/29/2007,GPT,MS,ASO,CE,Combined TRACON& Tower with Radar,11,35,37,35,118,0,0,25,1,26,11,35,62,36,144,12,48,60,204
03/30/2007,GPT,MS,ASO,CE,Combined TRACON& Tower with Radar,13,34,31,35,113,0,0,11,6,17,13,34,42,41,130,0,0,0,130
03/31/2007,GPT,MS,ASO,CE,Combined TRACON& Tower with Radar,12,25,10,7,54,0,0,6,1,7,12,25,16,8,61,32,2,34,95
04/01/2007,GPT,MS,ASO,CE,Combined TRACON& Tower with Radar,9,34,33,11,87,0,0,0,2,2,9,34,33,13,89,0,0,0,89
04/02/2007,GPT,MS,ASO,CE,Combined TRACON& Tower with Radar,13,32,33,11,89,0,0,18,2,20,13,32,51,13,109,12,10,22,131
04/03/2007,GPT,MS,ASO,CE,Combined TRACON& Tower with Radar,12,35,22,27,96,0,0,14,4,18,12,35,36,31,114,8,3,11,125
04/04/2007,GPT,MS,ASO,CE,Combined TRACON& Tower with Radar,12,32,33,29,106,0,0,22,10,32,12,32,55,39,138,12,65,77,215
04/05/2007,GPT,MS,ASO,CE,Combined TRACON& Tower with Radar,12,34,43,24,113,0,0,18,4,22,12,34,61,28,135,0,66,66,201
04/06/2007,GPT,MS,ASO,CE,Combined TRACON& Tower with Radar,12,33,20,27,92,0,0,19,2,21,12,33,39,29,113,0,8,8,121
04/07/2007,GPT,MS,ASO,CE,Combined TRACON& Tower with Radar,12,29,10,0,51,0,0,12,0,12,12,29,22,0,63,4,0,4,67
04/08/2007,GPT,MS,ASO,CE,Combined TRACON& Tower with Radar,9,31,7,1,48,0,0,6,0,6,9,31,13,1,54,0,0,0,54
04/09/2007,GPT,MS,ASO,CE,Combined TRACON& Tower with Radar,12,32,30,31,105,0,0,25,2,27,12,32,55,33,132,0,73,73,205
04/10/2007,GPT,MS,ASO,CE,Combined TRACON& Tower with Radar,12,33,25,1,71,0,0,8,1,9,12,33,33,2,80,0,8,8,88
04/11/2007,GPT,MS,ASO,CE,Combined TRACON& Tower with Radar,12,33,46,39,130,0,0,10,2,12,12,33,56,41,142,0,30,30,172
04/12/2007,GPT,MS,ASO,CE,Combined TRACON& Tower with Radar,14,35,44,42,135,0,0,42,7,49,14,35,86,49,184,2,40,42,226
04/13/2007,GPT,MS,ASO,CE,Combined TRACON& Tower with Radar,11,39,32,42,124,0,0,25,3,28,11,39,57,45,152,0,38,38,190
04/14/2007,GPT,MS,ASO,CE,Combined TRACON& Tower with Radar,12,29,16,6,63,0,0,0,0,0,12,29,16,6,63,0,0,0,63
04/15/2007,GPT,MS,ASO,CE,Combined TRACON& Tower with Radar,15,34,26,8,83,0,0,18,2,20,15,34,44,10,103,2,22,24,127
04/16/2007,GPT,MS,ASO,CE,Combined TRACON& Tower with Radar,12,34,36,18,100,0,0,37,5,42,12,34,73,23,142,0,46,46,188
04/17/2007,GPT,MS,ASO,CE,Combined TRACON& Tower with Radar,14,34,48,14,110,0,0,29,5,34,14,34,77,19,144,10,96,106,250
04/18/2007,GPT,MS,ASO,CE,Combined TRACON& Tower with Radar,13,36,41,22,112,0,0,22,3,25,13,36,63,25,137,0,26,26,163
04/19/2007,GPT,MS,ASO,CE,Combined TRACON& Tower with Radar,13,37,46,20,116,0,0,37,4,41,13,37,83,24,157,0,14,14,171
04/20/2007,GPT,MS,ASO,CE,Combined TRACON& Tower with Radar,12,38,40,20,110,0,0,36,0,36,12,38,76,20,146,7,8,15,161
04/21/2007,GPT,MS,ASO,CE,Combined TRACON& Tower with Radar,12,33,17,9,71,0,0,7,0,7,12,33,24,9,78,4,6,10,88
04/22/2007,GPT,MS,ASO,CE,Combined TRACON& Tower with Radar,13,36,27,2,78,0,0,25,0,25,13,36,52,2,103,4,0,4,107
04/23/2007,GPT,MS,ASO,CE,Combined TRACON& Tower with Radar,12,39,14,6,71,0,0,22,0,22,12,39,36,6,93,0,0,0,93
04/24/2007,GPT,MS,ASO,CE,Combined TRACON& Tower with Radar,12,31,37,42,122,0,0,23,5,28,12,31,60,47,150,0,40,40,190
04/25/2007,GPT,MS,ASO,CE,Combined TRACON& Tower with Radar,12,33,35,23,103,0,0,8,0,8,12,33,43,23,111,30,54,84,195
04/26/2007,GPT,MS,ASO,CE,Combined TRACON& Tower with Radar,15,35,41,31,122,0,0,15,10,25,15,35,56,41,147,0,52,52,199
04/27/2007,GPT,MS,ASO,CE,Combined TRACON& Tower with Radar,13,37,23,4,77,0,0,30,2,32,13,37,53,6,109,12,0,12,121
04/28/2007,GPT,MS,ASO,CE,Combined TRACON& Tower with Radar,11,32,21,2,66,0,0,16,0,16,11,32,37,2,82,0,0,0,82
04/29/2007,GPT,MS,ASO,CE,Combined TRACON& Tower with Radar,14,36,32,9,91,0,0,24,1,25,14,36,56,10,116,10,0,10,126
04/30/2007,GPT,MS,ASO,CE,Combined TRACON& Tower with Radar,13,32,34,25,104,0,0,22,5,27,13,32,56,30,131,12,12,24,155
05/01/2007,GPT,MS,ASO,CE,Combined TRACON& Tower with Radar,13,33,36,39,121,0,0,22,2,24,13,33,58,41,145,0,45,45,190
05/02/2007,GPT,MS,ASO,CE,Combined TRACON& Tower with Radar,16,29,49,43,137,0,0,19,1,20,16,29,68,44,157,0,57,57,214
05/03/2007,GPT,MS,ASO,CE,Combined TRACON& Tower with Radar,16,33,38,56,143,0,0,14,2,16,16,33,52,58,159,0,64,64,223
05/04/2007,GPT,MS,ASO,CE,Combined TRACON& Tower with Radar,23,30,23,5,81,0,0,1,0,1,23,30,24,5,82,0,0,0,82
05/05/2007,GPT,MS,ASO,CE,Combined TRACON& Tower with Radar,13,26,19,13,71,0,0,14,0,14,13,26,33,13,85,0,4,4,89
05/06/2007,GPT,MS,ASO,CE,Combined TRACON& Tower with Radar,18,39,26,11,94,0,0,13,1,14,18,39,39,12,108,0,10,10,118
05/07/2007,GPT,MS,ASO,CE,Combined TRACON& Tower with Radar,16,37,31,38,122,0,0,17,2,19,16,37,48,40,141,8,48,56,197
05/08/2007,GPT,MS,ASO,CE,Combined TRACON& Tower with Radar,19,34,31,45,129,0,0,28,4,32,19,34,59,49,161,8,76,84,245
05/09/2007,GPT,MS,ASO,CE,Combined TRACON& Tower with Radar,18,32,50,57,157,0,0,31,5,36,18,32,81,62,193,8,59,67,260
05/10/2007,GPT,MS,ASO,CE,Combined TRACON& Tower with Radar,21,34,45,27,127,0,0,27,4,31,21,34,72,31,158,2,18,20,178
05/11/2007,GPT,MS,ASO,CE,Combined TRACON& Tower with Radar,15,33,30,19,97,0,0,30,2,32,15,33,60,21,129,0,2,2,131
05/12/2007,GPT,MS,ASO,CE,Combined TRACON& Tower with Radar,14,23,11,7,55,0,0,19,0,19,14,23,30,7,74,0,0,0,74
05/13/2007,GPT,MS,ASO,CE,Combined TRACON& Tower with Radar,18,33,19,0,70,0,0,18,3,21,18,33,37,3,91,0,0,0,91
05/14/2007,GPT,MS,ASO,CE,Combined TRACON& Tower with Radar,13,35,38,15,101,0,0,14,5,19,13,35,52,20,120,4,8,12,132
05/15/2007,GPT,MS,ASO,CE,Combined TRACON& Tower with Radar,17,28,46,33,124,0,0,11,1,12,17,28,57,34,136,0,46,46,182
05/16/2007,GPT,MS,ASO,CE,Combined TRACON& Tower with Radar,16,28,49,3,96,0,0,14,0,14,16,28,63,3,110,0,0,0,110
05/17/2007,GPT,MS,ASO,CE,Combined TRACON& Tower with Radar,14,30,51,34,129,0,0,19,8,27,14,30,70,42,156,0,52,52,208
05/18/2007,GPT,MS,ASO,CE,Combined TRACON& Tower with Radar,23,32,36,36,127,0,0,0,0,0,23,32,36,36,127,16,4,20,147
05/19/2007,GPT,MS,ASO,CE,Combined TRACON& Tower with Radar,15,25,22,6,68,0,0,23,0,23,15,25,45,6,91,16,0,16,107
05/20/2007,GPT,MS,ASO,CE,Combined TRACON& Tower with Radar,18,30,21,9,78,0,0,17,6,23,18,30,38,15,101,0,0,0,101
05/21/2007,GPT,MS,ASO,CE,Combined TRACON& Tower with Radar,18,33,18,11,80,0,0,11,3,14,18,33,29,14,94,0,0,0,94
05/22/2007,GPT,MS,ASO,CE,Combined TRACON& Tower with Radar,15,27,31,31,104,0,0,22,4,26,15,27,53,35,130,14,100,114,244
05/23/2007,GPT,MS,ASO,CE,Combined TRACON& Tower with Radar,17,33,40,23,113,0,0,22,4,26,17,33,62,27,139,10,30,40,179
05/24/2007,GPT,MS,ASO,CE,Combined TRACON& Tower with Radar,12,27,42,22,103,2,0,31,4,37,14,27,73,26,140,4,22,26,166
05/25/2007,GPT,MS,ASO,CE,Combined TRACON& Tower with Radar,15,35,27,27,104,0,0,20,3,23,15,35,47,30,127,20,54,74,201
05/26/2007,GPT,MS,ASO,CE,Combined TRACON& Tower with Radar,16,19,14,4,53,0,0,26,0,26,16,19,40,4,79,6,0,6,85
05/27/2007,GPT,MS,ASO,CE,Combined TRACON& Tower with Radar,16,20,21,0,57,0,0,20,0,20,16,20,41,0,77,0,0,0,77
05/28/2007,GPT,MS,ASO,CE,Combined TRACON& Tower with Radar,21,26,15,7,69,0,0,19,1,20,21,26,34,8,89,0,4,4,93
05/29/2007,GPT,MS,ASO,CE,Combined TRACON& Tower with Radar,15,36,25,34,110,0,0,8,0,8,15,36,33,34,118,0,42,42,160
05/30/2007,GPT,MS,ASO,CE,Combined TRACON& Tower with Radar,18,32,36,16,102,0,0,5,0,5,18,32,41,16,107,0,22,22,129
05/31/2007,GPT,MS,ASO,CE,Combined TRACON& Tower with Radar,18,32,21,21,92,0,0,9,0,9,18,32,30,21,101,0,0,0,101
06/01/2007,GPT,MS,ASO,CE,Combined TRACON& Tower with Radar,26,32,24,11,93,0,0,18,6,24,26,32,42,17,117,0,4,4,121
06/02/2007,GPT,MS,ASO,CE,Combined TRACON& Tower with Radar,19,27,32,3,81,0,0,26,1,27,19,27,58,4,108,7,0,7,115
06/03/2007,GPT,MS,ASO,CE,Combined TRACON& Tower with Radar,16,35,24,10,85,0,0,17,1,18,16,35,41,11,103,0,0,0,103
06/04/2007,GPT,MS,ASO,CE,Combined TRACON& Tower with Radar,21,31,36,28,116,0,0,4,2,6,21,31,40,30,122,0,4,4,126
06/05/2007,GPT,MS,ASO,CE,Combined TRACON& Tower with Radar,16,32,41,25,114,0,0,22,5,27,16,32,63,30,141,2,2,4,145
06/06/2007,GPT,MS,ASO,CE,Combined TRACON& Tower with Radar,15,37,49,57,158,0,0,27,8,35,15,37,76,65,193,28,80,108,301
06/07/2007,GPT,MS,ASO,CE,Combined TRACON& Tower with Radar,15,42,61,17,135,0,0,11,1,12,15,42,72,18,147,0,60,60,207
06/08/2007,GPT,MS,ASO,CE,Combined TRACON& Tower with Radar,11,39,35,68,153,0,0,23,4,27,11,39,58,72,180,6,32,38,218
06/09/2007,GPT,MS,ASO,CE,Combined TRACON& Tower with Radar,17,42,20,7,86,0,0,17,5,22,17,42,37,12,108,0,8,8,116
06/10/2007,GPT,MS,ASO,CE,Combined TRACON& Tower with Radar,18,37,21,11,87,0,0,18,0,18,18,37,39,11,105,0,20,20,125
06/11/2007,GPT,MS,ASO,CE,Combined TRACON& Tower with Radar,14,38,19,35,106,0,0,16,5,21,14,38,35,40,127,8,50,58,185
06/12/2007,GPT,MS,ASO,CE,Combined TRACON& Tower with Radar,11,35,24,26,96,0,0,22,6,28,11,35,46,32,124,2,50,52,176
06/13/2007,GPT,MS,ASO,CE,Combined TRACON& Tower with Radar,11,40,33,31,115,0,0,21,4,25,11,40,54,35,140,14,40,54,194
06/14/2007,GPT,MS,ASO,CE,Combined TRACON& Tower with Radar,10,33,48,13,104,0,0,19,4,23,10,33,67,17,127,0,26,26,153
06/15/2007,GPT,MS,ASO,CE,Combined TRACON& Tower with Radar,15,34,37,16,102,0,1,19,4,24,15,35,56,20,126,0,8,8,134
06/16/2007,GPT,MS,ASO,CE,Combined TRACON& Tower with Radar,9,35,23,3,70,0,0,14,0,14,9,35,37,3,84,8,0,8,92
06/17/2007,GPT,MS,ASO,CE,Combined TRACON& Tower with Radar,15,38,14,8,75,0,0,11,2,13,15,38,25,10,88,1,6,7,95
06/18/2007,GPT,MS,ASO,CE,Combined TRACON& Tower with Radar,16,37,23,0,76,0,0,3,0,3,16,37,26,0,79,0,0,0,79
06/19/2007,GPT,MS,ASO,CE,Combined TRACON& Tower with Radar,12,34,28,30,104,0,3,2,2,7,12,37,30,32,111,0,20,20,131
06/20/2007,GPT,MS,ASO,CE,Combined TRACON& Tower with Radar,14,40,64,37,155,0,2,27,1,30,14,42,91,38,185,4,46,50,235
06/21/2007,GPT,MS,ASO,CE,Combined TRACON& Tower with Radar,10,39,39,38,126,0,0,26,6,32,10,39,65,44,158,0,44,44,202
06/22/2007,GPT,MS,ASO,CE,Combined TRACON& Tower with Radar,18,41,50,25,134,0,0,34,0,34,18,41,84,25,168,26,16,42,210
06/23/2007,GPT,MS,ASO,CE,Combined TRACON& Tower with Radar,9,44,31,4,88,0,0,17,3,20,9,44,48,7,108,4,0,4,112
06/24/2007,GPT,MS,ASO,CE,Combined TRACON& Tower with Radar,9,38,25,11,83,0,0,19,1,20,9,38,44,12,103,0,0,0,103
06/25/2007,GPT,MS,ASO,CE,Combined TRACON& Tower with Radar,13,40,26,7,86,0,0,4,0,4,13,40,30,7,90,0,0,0,90
06/26/2007,GPT,MS,ASO,CE,Combined TRACON& Tower with Radar,16,41,30,20,107,0,0,13,2,15,16,41,43,22,122,21,48,69,191
06/27/2007,GPT,MS,ASO,CE,Combined TRACON& Tower with Radar,12,43,37,27,119,0,0,15,5,20,12,43,52,32,139,14,70,84,223
06/28/2007,GPT,MS,ASO,CE,Combined TRACON& Tower with Radar,14,38,41,17,110,0,0,19,6,25,14,38,60,23,135,16,38,54,189
06/29/2007,GPT,MS,ASO,CE,Combined TRACON& Tower with Radar,28,44,37,18,127,0,0,27,6,33,28,44,64,24,160,0,0,0,160
06/30/2007,GPT,MS,ASO,CE,Combined TRACON& Tower with Radar,12,38,14,1,65,0,0,19,2,21,12,38,33,3,86,6,0,6,92
07/01/2007,GPT,MS,ASO,CE,Combined TRACON& Tower with Radar,12,37,26,11,86,0,0,9,2,11,12,37,35,13,97,0,0,0,97
07/02/2007,GPT,MS,ASO,CE,Combined TRACON& Tower with Radar,13,32,19,18,82,0,0,11,1,12,13,32,30,19,94,0,70,70,164
07/03/2007,GPT,MS,ASO,CE,Combined TRACON& Tower with Radar,10,28,17,14,69,0,0,13,0,13,10,28,30,14,82,12,24,36,118
07/04/2007,GPT,MS,ASO,CE,Combined TRACON& Tower with Radar,12,24,9,0,45,0,0,2,0,2,12,24,11,0,47,2,0,2,49
07/05/2007,GPT,MS,ASO,CE,Combined TRACON& Tower with Radar,12,24,20,3,59,0,0,3,0,3,12,24,23,3,62,0,0,0,62
07/06/2007,GPT,MS,ASO,CE,Combined TRACON& Tower with Radar,18,38,37,4,97,0,0,9,1,10,18,38,46,5,107,0,6,6,113
07/07/2007,GPT,MS,ASO,CE,Combined TRACON& Tower with Radar,10,39,18,0,67,0,0,7,1,8,10,39,25,1,75,14,0,14,89
07/08/2007,GPT,MS,ASO,CE,Combined TRACON& Tower with Radar,13,39,38,12,102,0,0,12,3,15,13,39,50,15,117,12,10,22,139
07/09/2007,GPT,MS,ASO,CE,Combined TRACON& Tower with Radar,15,40,24,41,120,0,0,17,0,17,15,40,41,41,137,4,56,60,197
07/10/2007,GPT,MS,ASO,CE,Combined TRACON& Tower with Radar,14,39,40,31,124,0,0,14,6,20,14,39,54,37,144,8,44,52,196
07/11/2007,GPT,MS,ASO,CE,Combined TRACON& Tower with Radar,14,40,39,44,137,0,0,19,9,28,14,40,58,53,165,0,65,65,230
07/12/2007,GPT,MS,ASO,CE,Combined TRACON& Tower with Radar,10,41,43,38,132,0,0,13,5,18,10,41,56,43,150,0,28,28,178
07/13/2007,GPT,MS,ASO,CE,Combined TRACON& Tower with Radar,17,41,34,26,118,0,0,15,4,19,17,41,49,30,137,8,10,18,155
07/14/2007,GPT,MS,ASO,CE,Combined TRACON& Tower with Radar,13,43,25,6,87,0,0,15,0,15,13,43,40,6,102,14,0,14,116
07/15/2007,GPT,MS,ASO,CE,Combined TRACON& Tower with Radar,11,44,30,6,91,0,1,1,1,3,11,45,31,7,94,0,0,0,94
07/16/2007,GPT,MS,ASO,CE,Combined TRACON& Tower with Radar,17,42,21,3,83,0,0,1,0,1,17,42,22,3,84,0,0,0,84
07/17/2007,GPT,MS,ASO,CE,Combined TRACON& Tower with Radar,15,42,30,16,103,0,0,13,2,15,15,42,43,18,118,0,42,42,160
07/18/2007,GPT,MS,ASO,CE,Combined TRACON& Tower with Radar,17,42,26,52,137,0,0,29,8,37,17,42,55,60,174,6,90,96,270
07/19/2007,GPT,MS,ASO,CE,Combined TRACON& Tower with Radar,12,33,25,38,108,0,0,12,2,14,12,33,37,40,122,0,46,46,168
07/20/2007,GPT,MS,ASO,CE,Combined TRACON& Tower with Radar,14,41,30,11,96,0,0,18,3,21,14,41,48,14,117,6,44,50,167
07/21/2007,GPT,MS,ASO,CE,Combined TRACON& Tower with Radar,12,36,20,8,76,0,0,23,0,23,12,36,43,8,99,4,4,8,107
07/22/2007,GPT,MS,ASO,CE,Combined TRACON& Tower with Radar,12,37,28,6,83,0,0,17,0,17,12,37,45,6,100,0,0,0,100
07/23/2007,GPT,MS,ASO,CE,Combined TRACON& Tower with Radar,16,42,28,4,90,0,0,10,1,11,16,42,38,5,101,0,0,0,101
07/24/2007,GPT,MS,ASO,CE,Combined TRACON& Tower with Radar,10,34,40,43,127,0,0,20,1,21,10,34,60,44,148,6,47,53,201
07/25/2007,GPT,MS,ASO,CE,Combined TRACON& Tower with Radar,14,39,44,36,133,0,0,15,5,20,14,39,59,41,153,14,18,32,185
07/26/2007,GPT,MS,ASO,CE,Combined TRACON& Tower with Radar,10,37,32,27,106,0,0,19,4,23,10,37,51,31,129,6,32,38,167
07/27/2007,GPT,MS,ASO,CE,Combined TRACON& Tower with Radar,16,41,40,36,133,0,0,20,4,24,16,41,60,40,157,14,0,14,171
07/28/2007,GPT,MS,ASO,CE,Combined TRACON& Tower with Radar,10,39,11,6,66,0,0,14,2,16,10,39,25,8,82,2,0,2,84
07/29/2007,GPT,MS,ASO,CE,Combined TRACON& Tower with Radar,10,37,33,9,89,0,3,7,0,10,10,40,40,9,99,6,0,6,105
07/30/2007,GPT,MS,ASO,CE,Combined TRACON& Tower with Radar,13,39,26,36,114,0,0,7,0,7,13,39,33,36,121,4,58,62,183
07/31/2007,GPT,MS,ASO,CE,Combined TRACON& Tower with Radar,10,35,39,40,124,0,0,24,3,27,10,35,63,43,151,16,71,87,238
08/01/2007,GPT,MS,ASO,CE,Combined TRACON& Tower with Radar,16,37,30,42,125,0,0,15,5,20,16,37,45,47,145,6,36,42,187
08/02/2007,GPT,MS,ASO,CE,Combined TRACON& Tower with Radar,12,40,36,9,97,0,0,13,4,17,12,40,49,13,114,8,38,46,160
08/03/2007,GPT,MS,ASO,CE,Combined TRACON& Tower with Radar,14,39,35,41,129,0,0,24,1,25,14,39,59,42,154,3,8,11,165
08/04/2007,GPT,MS,ASO,CE,Combined TRACON& Tower with Radar,12,38,16,8,74,0,0,34,1,35,12,38,50,9,109,2,0,2,111
08/05/2007,GPT,MS,ASO,CE,Combined TRACON& Tower with Radar,10,39,21,10,80,0,0,11,0,11,10,39,32,10,91,8,2,10,101
08/06/2007,GPT,MS,ASO,CE,Combined TRACON& Tower with Radar,14,40,23,20,97,0,0,14,6,20,14,40,37,26,117,2,6,8,125
08/07/2007,GPT,MS,ASO,CE,Combined TRACON& Tower with Radar,11,42,37,30,120,0,0,18,5,23,11,42,55,35,143,0,38,38,181
08/08/2007,GPT,MS,ASO,CE,Combined TRACON& Tower with Radar,15,41,29,51,136,0,0,27,6,33,15,41,56,57,169,0,76,76,245
08/09/2007,GPT,MS,ASO,CE,Combined TRACON& Tower with Radar,12,40,33,43,128,0,0,31,9,40,12,40,64,52,168,0,36,36,204
08/10/2007,GPT,MS,ASO,CE,Combined TRACON& Tower with Radar,15,33,36,20,104,0,0,34,0,34,15,33,70,20,138,20,0,20,158
08/11/2007,GPT,MS,ASO,CE,Combined TRACON& Tower with Radar,8,38,20,5,71,0,3,21,0,24,8,41,41,5,95,0,0,0,95
08/12/2007,GPT,MS,ASO,CE,Combined TRACON& Tower with Radar,12,34,17,5,68,0,0,18,1,19,12,34,35,6,87,2,0,2,89
08/13/2007,GPT,MS,ASO,CE,Combined TRACON& Tower with Radar,14,38,30,26,108,0,0,20,4,24,14,38,50,30,132,0,26,26,158
08/14/2007,GPT,MS,ASO,CE,Combined TRACON& Tower with Radar,12,40,43,48,143,0,0,11,6,17,12,40,54,54,160,0,22,22,182
08/15/2007,GPT,MS,ASO,CE,Combined TRACON& Tower with Radar,19,37,35,41,132,0,0,13,8,21,19,37,48,49,153,0,48,48,201
08/16/2007,GPT,MS,ASO,CE,Combined TRACON& Tower with Radar,18,32,41,38,129,0,0,15,3,18,18,32,56,41,147,2,0,2,149
08/17/2007,GPT,MS,ASO,CE,Combined TRACON& Tower with Radar,14,32,30,49,125,0,0,22,0,22,14,32,52,49,147,0,58,58,205
08/18/2007,GPT,MS,ASO,CE,Combined TRACON& Tower with Radar,12,37,12,3,64,0,0,13,1,14,12,37,25,4,78,6,0,6,84
08/19/2007,GPT,MS,ASO,CE,Combined TRACON& Tower with Radar,17,36,22,1,76,0,0,26,4,30,17,36,48,5,106,0,0,0,106
08/20/2007,GPT,MS,ASO,CE,Combined TRACON& Tower with Radar,18,41,24,38,121,0,0,7,3,10,18,41,31,41,131,0,36,36,167
08/21/2007,GPT,MS,ASO,CE,Combined TRACON& Tower with Radar,16,36,28,54,134,0,3,18,1,22,16,39,46,55,156,10,38,48,204
08/22/2007,GPT,MS,ASO,CE,Combined TRACON& Tower with Radar,19,41,42,51,153,0,0,17,1,18,19,41,59,52,171,0,24,24,195
08/23/2007,GPT,MS,ASO,CE,Combined TRACON& Tower with Radar,16,37,37,20,110,0,0,21,3,24,16,37,58,23,134,2,6,8,142
08/24/2007,GPT,MS,ASO,CE,Combined TRACON& Tower with Radar,22,38,63,8,131,0,0,21,1,22,22,38,84,9,153,0,0,0,153
08/25/2007,GPT,MS,ASO,CE,Combined TRACON& Tower with Radar,14,38,21,2,75,0,0,11,1,12,14,38,32,3,87,0,0,0,87
08/26/2007,GPT,MS,ASO,CE,Combined TRACON& Tower with Radar,11,40,47,7,105,0,0,14,0,14,11,40,61,7,119,0,0,0,119
08/27/2007,GPT,MS,ASO,CE,Combined TRACON& Tower with Radar,21,37,29,13,100,0,0,10,4,14,21,37,39,17,114,0,12,12,126
08/28/2007,GPT,MS,ASO,CE,Combined TRACON& Tower with Radar,16,33,35,3,87,0,0,6,2,8,16,33,41,5,95,0,0,0,95
08/29/2007,GPT,MS,ASO,CE,Combined TRACON& Tower with Radar,19,30,22,13,84,0,0,14,6,20,19,30,36,19,104,0,38,38,142
08/30/2007,GPT,MS,ASO,CE,Combined TRACON& Tower with Radar,16,23,42,13,94,0,0,10,6,16,16,23,52,19,110,2,6,8,118
08/31/2007,GPT,MS,ASO,CE,Combined TRACON& Tower with Radar,12,30,41,14,97,0,0,15,1,16,12,30,56,15,113,4,0,4,117
09/01/2007,GPT,MS,ASO,CE,Combined TRACON& Tower with Radar,12,33,17,1,63,0,0,4,0,4,12,33,21,1,67,0,0,0,67
09/02/2007,GPT,MS,ASO,CE,Combined TRACON& Tower with Radar,14,28,21,0,63,0,0,7,0,7,14,28,28,0,70,4,0,4,74
09/03/2007,GPT,MS,ASO,CE,Combined TRACON& Tower with Radar,19,31,21,0,71,0,0,11,0,11,19,31,32,0,82,2,0,2,84
09/04/2007,GPT,MS,ASO,CE,Combined TRACON& Tower with Radar,16,31,19,19,85,0,0,8,0,8,16,31,27,19,93,6,18,24,117
09/05/2007,GPT,MS,ASO,CE,Combined TRACON& Tower with Radar,12,33,26,29,100,0,0,24,6,30,12,33,50,35,130,30,47,77,207
09/06/2007,GPT,MS,ASO,CE,Combined TRACON& Tower with Radar,19,34,31,30,114,0,0,16,6,22,19,34,47,36,136,18,6,24,160
09/07/2007,GPT,MS,ASO,CE,Combined TRACON& Tower with Radar,21,30,30,31,112,0,0,21,5,26,21,30,51,36,138,0,26,26,164
09/08/2007,GPT,MS,ASO,CE,Combined TRACON& Tower with Radar,18,24,19,34,95,0,0,23,3,26,18,24,42,37,121,12,4,16,137
09/09/2007,GPT,MS,ASO,CE,Combined TRACON& Tower with Radar,19,34,18,20,91,0,0,28,3,31,19,34,46,23,122,12,6,18,140
09/10/2007,GPT,MS,ASO,CE,Combined TRACON& Tower with Radar,29,27,19,30,105,0,0,10,2,12,29,27,29,32,117,0,36,36,153
09/11/2007,GPT,MS,ASO,CE,Combined TRACON& Tower with Radar,20,23,37,30,110,0,0,23,1,24,20,23,60,31,134,62,49,111,245
09/12/2007,GPT,MS,ASO,CE,Combined TRACON& Tower with Radar,26,32,27,61,146,0,0,14,0,14,26,32,41,61,160,6,66,72,232
09/13/2007,GPT,MS,ASO,CE,Combined TRACON& Tower with Radar,17,25,24,15,81,0,0,2,1,3,17,25,26,16,84,0,18,18,102
09/14/2007,GPT,MS,ASO,CE,Combined TRACON& Tower with Radar,34,26,23,48,131,0,0,19,5,24,34,26,42,53,155,0,4,4,159
09/15/2007,GPT,MS,ASO,CE,Combined TRACON& Tower with Radar,18,21,21,8,68,0,0,20,1,21,18,21,41,9,89,0,0,0,89
09/16/2007,GPT,MS,ASO,CE,Combined TRACON& Tower with Radar,19,29,14,7,69,0,0,31,0,31,19,29,45,7,100,16,0,16,116
09/17/2007,GPT,MS,ASO,CE,Combined TRACON& Tower with Radar,27,24,20,18,89,0,0,11,5,16,27,24,31,23,105,0,0,0,105
09/18/2007,GPT,MS,ASO,CE,Combined TRACON& Tower with Radar,23,22,31,38,114,0,0,25,6,31,23,22,56,44,145,24,20,44,189
09/19/2007,GPT,MS,ASO,CE,Combined TRACON& Tower with Radar,23,22,16,54,115,0,0,0,4,4,23,22,16,58,119,28,45,73,192
09/20/2007,GPT,MS,ASO,CE,Combined TRACON& Tower with Radar,18,34,50,29,131,0,0,16,7,23,18,34,66,36,154,0,7,7,161
09/21/2007,GPT,MS,ASO,CE,Combined TRACON& Tower with Radar,23,33,36,21,113,0,0,14,1,15,23,33,50,22,128,0,14,14,142
09/22/2007,GPT,MS,ASO,CE,Combined TRACON& Tower with Radar,16,23,11,1,51,0,0,3,0,3,16,23,14,1,54,6,0,6,60
09/23/2007,GPT,MS,ASO,CE,Combined TRACON& Tower with Radar,15,30,31,2,78,0,0,3,0,3,15,30,34,2,81,0,0,0,81
09/24/2007,GPT,MS,ASO,CE,Combined TRACON& Tower with Radar,26,27,14,20,87,0,0,5,3,8,26,27,19,23,95,0,39,39,134
09/25/2007,GPT,MS,ASO,CE,Combined TRACON& Tower with Radar,23,21,32,17,93,0,0,16,5,21,23,21,48,22,114,0,22,22,136
09/26/2007,GPT,MS,ASO,CE,Combined TRACON& Tower with Radar,29,24,31,22,106,0,0,8,1,9,29,24,39,23,115,0,0,0,115
09/27/2007,GPT,MS,ASO,CE,Combined TRACON& Tower with Radar,18,27,42,31,118,0,0,16,3,19,18,27,58,34,137,8,0,8,145
09/28/2007,GPT,MS,ASO,CE,Combined TRACON& Tower with Radar,24,34,45,30,133,0,0,23,4,27,24,34,68,34,160,16,44,60,220
09/29/2007,GPT,MS,ASO,CE,Combined TRACON& Tower with Radar,16,23,16,2,57,0,0,33,4,37,16,23,49,6,94,0,0,0,94
09/30/2007,GPT,MS,ASO,CE,Combined TRACON& Tower with Radar,23,29,21,1,74,0,0,15,0,15,23,29,36,1,89,0,0,0,89
10/01/2007,GPT,MS,ASO,CE,Combined TRACON& Tower with Radar,25,36,15,55,131,0,0,15,4,19,25,36,30,59,150,0,48,48,198
10/02/2007,GPT,MS,ASO,CE,Combined TRACON& Tower with Radar,18,29,26,69,142,0,0,41,5,46,18,29,67,74,188,45,75,120,308
10/03/2007,GPT,MS,ASO,CE,Combined TRACON& Tower with Radar,30,31,32,61,154,0,0,16,3,19,30,31,48,64,173,4,26,30,203
10/04/2007,GPT,MS,ASO,CE,Combined TRACON& Tower with Radar,17,33,31,27,108,0,0,11,1,12,17,33,42,28,120,0,12,12,132
10/05/2007,GPT,MS,ASO,CE,Combined TRACON& Tower with Radar,24,33,34,33,124,0,0,5,0,5,24,33,39,33,129,0,0,0,129
10/06/2007,GPT,MS,ASO,CE,Combined TRACON& Tower with Radar,15,26,24,6,71,0,0,12,0,12,15,26,36,6,83,4,0,4,87
10/07/2007,GPT,MS,ASO,CE,Combined TRACON& Tower with Radar,17,35,29,34,115,0,0,10,2,12,17,35,39,36,127,2,4,6,133
10/08/2007,GPT,MS,ASO,CE,Combined TRACON& Tower with Radar,29,29,19,38,115,0,0,6,8,14,29,29,25,46,129,0,38,38,167
10/09/2007,GPT,MS,ASO,CE,Combined TRACON& Tower with Radar,22,27,40,40,129,0,0,9,3,12,22,27,49,43,141,0,20,20,161
10/10/2007,GPT,MS,ASO,CE,Combined TRACON& Tower with Radar,24,37,69,47,177,0,0,37,11,48,24,37,106,58,225,10,38,48,273
10/11/2007,GPT,MS,ASO,CE,Combined TRACON& Tower with Radar,21,32,46,60,159,0,0,24,13,37,21,32,70,73,196,2,80,82,278
10/12/2007,GPT,MS,ASO,CE,Combined TRACON& Tower with Radar,27,35,31,24,117,0,0,20,2,22,27,35,51,26,139,28,27,55,194
10/13/2007,GPT,MS,ASO,CE,Combined TRACON& Tower with Radar,15,28,17,12,72,0,0,30,2,32,15,28,47,14,104,12,0,12,116
10/14/2007,GPT,MS,ASO,CE,Combined TRACON& Tower with Radar,18,32,24,6,80,0,0,31,3,34,18,32,55,9,114,18,0,18,132
10/15/2007,GPT,MS,ASO,CE,Combined TRACON& Tower with Radar,22,26,26,56,130,0,1,13,4,18,22,27,39,60,148,0,24,24,172
10/16/2007,GPT,MS,ASO,CE,Combined TRACON& Tower with Radar,18,30,37,49,134,0,0,4,2,6,18,30,41,51,140,0,57,57,197
10/17/2007,GPT,MS,ASO,CE,Combined TRACON& Tower with Radar,20,37,32,38,127,0,0,4,2,6,20,37,36,40,133,0,17,17,150
10/18/2007,GPT,MS,ASO,CE,Combined TRACON& Tower with Radar,20,38,26,22,106,0,0,0,0,0,20,38,26,22,106,0,20,20,126
10/19/2007,GPT,MS,ASO,CE,Combined TRACON& Tower with Radar,27,36,39,28,130,0,0,35,2,37,27,36,74,30,167,8,12,20,187
10/20/2007,GPT,MS,ASO,CE,Combined TRACON& Tower with Radar,16,23,25,29,93,0,0,30,0,30,16,23,55,29,123,0,10,10,133
10/21/2007,GPT,MS,ASO,CE,Combined TRACON& Tower with Radar,17,32,26,6,81,0,0,23,2,25,17,32,49,8,106,0,0,0,106
10/22/2007,GPT,MS,ASO,CE,Combined TRACON& Tower with Radar,24,21,18,2,65,0,0,0,0,0,24,21,18,2,65,0,0,0,65
10/23/2007,GPT,MS,ASO,CE,Combined TRACON& Tower with Radar,22,25,34,55,136,0,0,2,0,2,22,25,36,55,138,0,7,7,145
10/24/2007,GPT,MS,ASO,CE,Combined TRACON& Tower with Radar,21,28,32,90,171,0,0,14,3,17,21,28,46,93,188,20,38,58,246
10/25/2007,GPT,MS,ASO,CE,Combined TRACON& Tower with Radar,21,33,37,29,120,0,0,20,3,23,21,33,57,32,143,16,18,34,177
10/26/2007,GPT,MS,ASO,CE,Combined TRACON& Tower with Radar,23,39,23,59,144,0,0,37,10,47,23,39,60,69,191,0,43,43,234
10/27/2007,GPT,MS,ASO,CE,Combined TRACON& Tower with Radar,15,24,10,13,62,0,0,22,20,42,15,24,32,33,104,2,0,2,106
10/28/2007,GPT,MS,ASO,CE,Combined TRACON& Tower with Radar,20,43,15,8,86,0,0,21,10,31,20,43,36,18,117,0,0,0,117
10/29/2007,GPT,MS,ASO,CE,Combined TRACON& Tower with Radar,27,29,12,23,91,0,0,16,6,22,27,29,28,29,113,0,6,6,119
10/30/2007,GPT,MS,ASO,CE,Combined TRACON& Tower with Radar,20,26,40,32,118,0,0,14,3,17,20,26,54,35,135,0,24,24,159
10/31/2007,GPT,MS,ASO,CE,Combined TRACON& Tower with Radar,21,29,17,32,99,0,0,18,4,22,21,29,35,36,121,0,56,56,177
11/01/2007,GPT,MS,ASO,CE,Combined TRACON& Tower with Radar,21,34,39,41,135,0,0,29,3,32,21,34,68,44,167,23,52,75,242
11/02/2007,GPT,MS,ASO,CE,Combined TRACON& Tower with Radar,25,34,48,30,137,0,0,31,5,36,25,34,79,35,173,2,26,28,201
11/03/2007,GPT,MS,ASO,CE,Combined TRACON& Tower with Radar,11,29,17,20,77,0,0,33,2,35,11,29,50,22,112,2,24,26,138
11/04/2007,GPT,MS,ASO,CE,Combined TRACON& Tower with Radar,18,38,25,12,93,0,1,25,3,29,18,39,50,15,122,8,4,12,134
11/05/2007,GPT,MS,ASO,CE,Combined TRACON& Tower with Radar,23,34,14,40,111,0,0,17,5,22,23,34,31,45,133,0,50,50,183
11/06/2007,GPT,MS,ASO,CE,Combined TRACON& Tower with Radar,21,29,34,59,143,0,0,10,7,17,21,29,44,66,160,0,36,36,196
11/07/2007,GPT,MS,ASO,CE,Combined TRACON& Tower with Radar,27,36,45,57,165,0,0,17,7,24,27,36,62,64,189,12,47,59,248
11/08/2007,GPT,MS,ASO,CE,Combined TRACON& Tower with Radar,17,35,31,40,123,0,0,24,6,30,17,35,55,46,153,12,34,46,199
11/09/2007,GPT,MS,ASO,CE,Combined TRACON& Tower with Radar,20,33,34,30,117,0,0,12,6,18,20,33,46,36,135,0,24,24,159
11/10/2007,GPT,MS,ASO,CE,Combined TRACON& Tower with Radar,15,30,13,5,63,0,0,25,1,26,15,30,38,6,89,10,28,38,127
11/11/2007,GPT,MS,ASO,CE,Combined TRACON& Tower with Radar,18,33,42,4,97,0,0,25,5,30,18,33,67,9,127,0,0,0,127
11/12/2007,GPT,MS,ASO,CE,Combined TRACON& Tower with Radar,22,33,25,12,92,0,0,14,2,16,22,33,39,14,108,4,0,4,112
11/13/2007,GPT,MS,ASO,CE,Combined TRACON& Tower with Radar,15,36,32,40,123,0,0,20,4,24,15,36,52,44,147,0,24,24,171
11/14/2007,GPT,MS,ASO,CE,Combined TRACON& Tower with Radar,18,31,42,59,150,0,0,25,4,29,18,31,67,63,179,7,14,21,200
11/15/2007,GPT,MS,ASO,CE,Combined TRACON& Tower with Radar,13,35,50,53,151,2,0,14,7,23,15,35,64,60,174,0,58,58,232
11/16/2007,GPT,MS,ASO,CE,Combined TRACON& Tower with Radar,21,35,44,60,160,0,0,24,3,27,21,35,68,63,187,12,14,26,213
11/17/2007,GPT,MS,ASO,CE,Combined TRACON& Tower with Radar,18,34,15,23,90,0,0,23,6,29,18,34,38,29,119,10,0,10,129
11/18/2007,GPT,MS,ASO,CE,Combined TRACON& Tower with Radar,16,37,27,23,103,0,0,18,1,19,16,37,45,24,122,6,0,6,128
11/19/2007,GPT,MS,ASO,CE,Combined TRACON& Tower with Radar,20,32,27,32,111,0,0,25,5,30,20,32,52,37,141,0,14,14,155
11/20/2007,GPT,MS,ASO,CE,Combined TRACON& Tower with Radar,17,33,28,23,101,0,0,23,7,30,17,33,51,30,131,0,20,20,151
11/21/2007,GPT,MS,ASO,CE,Combined TRACON& Tower with Radar,20,31,31,8,90,0,0,5,0,5,20,31,36,8,95,0,0,0,95
11/22/2007,GPT,MS,ASO,CE,Combined TRACON& Tower with Radar,15,20,9,0,44,0,1,5,0,6,15,21,14,0,50,0,0,0,50
11/23/2007,GPT,MS,ASO,CE,Combined TRACON& Tower with Radar,19,24,19,0,62,0,0,24,0,24,19,24,43,0,86,0,0,0,86
11/24/2007,GPT,MS,ASO,CE,Combined TRACON& Tower with Radar,15,30,21,0,66,0,0,8,0,8,15,30,29,0,74,0,0,0,74
11/25/2007,GPT,MS,ASO,CE,Combined TRACON& Tower with Radar,12,34,20,4,70,0,0,0,0,0,12,34,20,4,70,0,0,0,70
11/26/2007,GPT,MS,ASO,CE,Combined TRACON& Tower with Radar,21,37,22,24,104,0,0,12,0,12,21,37,34,24,116,0,0,0,116
11/27/2007,GPT,MS,ASO,CE,Combined TRACON& Tower with Radar,20,29,19,27,95,0,0,8,4,12,20,29,27,31,107,0,26,26,133
11/28/2007,GPT,MS,ASO,CE,Combined TRACON& Tower with Radar,22,29,33,41,125,0,0,25,9,34,22,29,58,50,159,0,42,42,201
11/29/2007,GPT,MS,ASO,CE,Combined TRACON& Tower with Radar,19,36,20,24,99,0,0,21,2,23,19,36,41,26,122,4,46,50,172
11/30/2007,GPT,MS,ASO,CE,Combined TRACON& Tower with Radar,21,26,21,17,85,0,0,15,6,21,21,26,36,23,106,0,16,16,122
12/01/2007,GPT,MS,ASO,CE,Combined TRACON& Tower with Radar,21,27,14,4,66,0,0,10,2,12,21,27,24,6,78,0,6,6,84
12/02/2007,GPT,MS,ASO,CE,Combined TRACON& Tower with Radar,17,36,17,21,91,0,0,5,0,5,17,36,22,21,96,6,6,12,108
12/03/2007,GPT,MS,ASO,CE,Combined TRACON& Tower with Radar,22,30,18,28,98,0,0,13,0,13,22,30,31,28,111,0,12,12,123
12/04/2007,GPT,MS,ASO,CE,Combined TRACON& Tower with Radar,18,28,35,61,142,0,0,26,15,41,18,28,61,76,183,0,83,83,266
12/05/2007,GPT,MS,ASO,CE,Combined TRACON& Tower with Radar,24,32,39,55,150,0,0,13,5,18,24,32,52,60,168,0,64,64,232
12/06/2007,GPT,MS,ASO,CE,Combined TRACON& Tower with Radar,21,34,39,61,155,0,0,35,0,35,21,34,74,61,190,0,28,28,218
12/07/2007,GPT,MS,ASO,CE,Combined TRACON& Tower with Radar,22,37,36,57,152,0,0,28,4,32,22,37,64,61,184,10,26,36,220
12/08/2007,GPT,MS,ASO,CE,Combined TRACON& Tower with Radar,19,29,20,9,77,0,0,1,1,2,19,29,21,10,79,0,6,6,85
12/09/2007,GPT,MS,ASO,CE,Combined TRACON& Tower with Radar,15,36,27,12,90,0,0,1,1,2,15,36,28,13,92,0,0,0,92
12/10/2007,GPT,MS,ASO,CE,Combined TRACON& Tower with Radar,24,33,18,44,119,0,0,3,3,6,24,33,21,47,125,0,2,2,127
12/11/2007,GPT,MS,ASO,CE,Combined TRACON& Tower with Radar,18,27,30,43,118,0,0,5,0,5,18,27,35,43,123,0,10,10,133
12/12/2007,GPT,MS,ASO,CE,Combined TRACON& Tower with Radar,17,36,34,35,122,0,0,7,3,10,17,36,41,38,132,0,36,36,168
12/13/2007,GPT,MS,ASO,CE,Combined TRACON& Tower with Radar,11,39,42,34,126,0,0,7,1,8,11,39,49,35,134,14,16,30,164
12/14/2007,GPT,MS,ASO,CE,Combined TRACON& Tower with Radar,20,38,26,26,110,0,0,15,0,15,20,38,41,26,125,0,16,16,141
12/15/2007,GPT,MS,ASO,CE,Combined TRACON& Tower with Radar,15,30,15,17,77,0,0,5,1,6,15,30,20,18,83,0,36,36,119
12/16/2007,GPT,MS,ASO,CE,Combined TRACON& Tower with Radar,17,39,21,15,92,0,0,4,3,7,17,39,25,18,99,0,2,2,101
12/17/2007,GPT,MS,ASO,CE,Combined TRACON& Tower with Radar,22,35,26,27,110,0,0,26,5,31,22,35,52,32,141,0,2,2,143
12/18/2007,GPT,MS,ASO,CE,Combined TRACON& Tower with Radar,22,36,32,23,113,0,0,14,2,16,22,36,46,25,129,2,5,7,136
12/19/2007,GPT,MS,ASO,CE,Combined TRACON& Tower with Radar,17,36,26,30,109,0,0,11,7,18,17,36,37,37,127,0,16,16,143
12/20/2007,GPT,MS,ASO,CE,Combined TRACON& Tower with Radar,12,47,26,5,90,0,0,4,0,4,12,47,30,5,94,0,16,16,110
12/21/2007,GPT,MS,ASO,CE,Combined TRACON& Tower with Radar,18,45,23,3,89,0,0,14,0,14,18,45,37,3,103,12,0,12,115
12/22/2007,GPT,MS,ASO,CE,Combined TRACON& Tower with Radar,14,39,19,0,72,0,0,7,0,7,14,39,26,0,79,0,0,0,79
12/23/2007,GPT,MS,ASO,CE,Combined TRACON& Tower with Radar,14,38,17,0,69,0,0,8,0,8,14,38,25,0,77,2,0,2,79
12/24/2007,GPT,MS,ASO,CE,Combined TRACON& Tower with Radar,13,34,9,0,56,0,0,10,0,10,13,34,19,0,66,0,0,0,66
12/25/2007,GPT,MS,ASO,CE,Combined TRACON& Tower with Radar,10,24,1,0,35,0,0,3,0,3,10,24,4,0,38,0,0,0,38
12/26/2007,GPT,MS,ASO,CE,Combined TRACON& Tower with Radar,12,34,18,2,66,0,0,1,0,1,12,34,19,2,67,0,0,0,67
12/27/2007,GPT,MS,ASO,CE,Combined TRACON& Tower with Radar,17,40,17,9,83,0,0,4,1,5,17,40,21,10,88,0,0,0,88
12/28/2007,GPT,MS,ASO,CE,Combined TRACON& Tower with Radar,16,34,12,3,65,0,0,5,0,5,16,34,17,3,70,0,0,0,70
12/29/2007,GPT,MS,ASO,CE,Combined TRACON& Tower with Radar,13,38,27,1,79,0,0,7,0,7,13,38,34,1,86,0,0,0,86
12/30/2007,GPT,MS,ASO,CE,Combined TRACON& Tower with Radar,12,41,21,1,75,0,0,5,0,5,12,41,26,1,80,0,0,0,80
12/31/2007,GPT,MS,ASO,CE,Combined TRACON& Tower with Radar,13,36,7,0,56,0,0,16,0,16,13,36,23,0,72,16,0,16,88
01/01/2008,GPT,MS,ASO,CE,Combined TRACON& Tower with Radar,11,40,13,0,64,0,0,4,0,4,11,40,17,0,68,0,0,0,68
01/02/2008,GPT,MS,ASO,CE,Combined TRACON& Tower with Radar,20,34,26,8,88,0,1,10,0,11,20,35,36,8,99,16,0,16,115
01/03/2008,GPT,MS,ASO,CE,Combined TRACON& Tower with Radar,22,39,21,27,109,0,0,13,1,14,22,39,34,28,123,4,26,30,153
01/04/2008,GPT,MS,ASO,CE,Combined TRACON& Tower with Radar,19,40,31,8,98,0,0,31,3,34,19,40,62,11,132,19,50,69,201
01/05/2008,GPT,MS,ASO,CE,Combined TRACON& Tower with Radar,15,32,29,14,90,0,0,15,0,15,15,32,44,14,105,10,46,56,161
01/06/2008,GPT,MS,ASO,CE,Combined TRACON& Tower with Radar,21,41,20,7,89,0,0,13,0,13,21,41,33,7,102,0,22,22,124
01/07/2008,GPT,MS,ASO,CE,Combined TRACON& Tower with Radar,16,38,26,39,119,0,0,12,3,15,16,38,38,42,134,0,56,56,190
01/08/2008,GPT,MS,ASO,CE,Combined TRACON& Tower with Radar,19,34,45,48,146,0,1,5,6,12,19,35,50,54,158,0,105,105,263
01/09/2008,GPT,MS,ASO,CE,Combined TRACON& Tower with Radar,20,37,35,66,158,0,0,1,3,4,20,37,36,69,162,0,6,6,168
01/10/2008,GPT,MS,ASO,CE,Combined TRACON& Tower with Radar,18,45,21,35,119,0,0,5,1,6,18,45,26,36,125,0,40,40,165
01/11/2008,GPT,MS,ASO,CE,Combined TRACON& Tower with Radar,17,40,32,69,158,0,0,36,22,58,17,40,68,91,216,10,106,116,332
01/12/2008,GPT,MS,ASO,CE,Combined TRACON& Tower with Radar,13,31,21,26,91,0,0,26,5,31,13,31,47,31,122,8,12,20,142
01/13/2008,GPT,MS,ASO,CE,Combined TRACON& Tower with Radar,17,40,16,34,107,0,0,28,3,31,17,40,44,37,138,0,26,26,164
01/14/2008,GPT,MS,ASO,CE,Combined TRACON& Tower with Radar,16,40,37,58,151,0,0,22,11,33,16,40,59,69,184,0,42,42,226
01/15/2008,GPT,MS,ASO,CE,Combined TRACON& Tower with Radar,17,36,29,76,158,0,0,19,4,23,17,36,48,80,181,8,110,118,299
01/16/2008,GPT,MS,ASO,CE,Combined TRACON& Tower with Radar,20,31,26,0,77,0,0,0,0,0,20,31,26,0,77,0,0,0,77
01/17/2008,GPT,MS,ASO,CE,Combined TRACON& Tower with Radar,15,38,49,57,159,0,0,3,3,6,15,38,52,60,165,4,38,42,207
01/18/2008,GPT,MS,ASO,CE,Combined TRACON& Tower with Radar,16,46,32,45,139,0,0,12,5,17,16,46,44,50,156,8,12,20,176
01/19/2008,GPT,MS,ASO,CE,Combined TRACON& Tower with Radar,12,30,6,7,55,0,0,2,0,2,12,30,8,7,57,0,0,0,57
01/20/2008,GPT,MS,ASO,CE,Combined TRACON& Tower with Radar,12,40,35,5,92,0,0,12,0,12,12,40,47,5,104,0,0,0,104
01/21/2008,GPT,MS,ASO,CE,Combined TRACON& Tower with Radar,17,39,16,9,81,0,0,16,2,18,17,39,32,11,99,8,0,8,107
01/22/2008,GPT,MS,ASO,CE,Combined TRACON& Tower with Radar,15,37,33,35,120,0,0,1,0,1,15,37,34,35,121,0,0,0,121
01/23/2008,GPT,MS,ASO,CE,Combined TRACON& Tower with Radar,18,36,42,22,118,0,0,3,1,4,18,36,45,23,122,0,18,18,140
01/24/2008,GPT,MS,ASO,CE,Combined TRACON& Tower with Radar,15,40,50,20,125,0,0,4,0,4,15,40,54,20,129,0,8,8,137
01/25/2008,GPT,MS,ASO,CE,Combined TRACON& Tower with Radar,17,40,33,66,156,0,0,16,11,27,17,40,49,77,183,0,9,9,192
01/26/2008,GPT,MS,ASO,CE,Combined TRACON& Tower with Radar,15,32,11,5,63,0,0,0,0,0,15,32,11,5,63,0,0,0,63
01/27/2008,GPT,MS,ASO,CE,Combined TRACON& Tower with Radar,19,39,23,43,124,0,1,23,2,26,19,40,46,45,150,0,0,0,150
01/28/2008,GPT,MS,ASO,CE,Combined TRACON& Tower with Radar,19,41,17,35,112,0,0,21,11,32,19,41,38,46,144,4,1,5,149
01/29/2008,GPT,MS,ASO,CE,Combined TRACON& Tower with Radar,17,38,13,24,92,0,0,12,3,15,17,38,25,27,107,0,4,4,111
01/30/2008,GPT,MS,ASO,CE,Combined TRACON& Tower with Radar,20,39,33,36,128,0,0,25,1,26,20,39,58,37,154,0,48,48,202
01/31/2008,GPT,MS,ASO,CE,Combined TRACON& Tower with Radar,17,35,26,27,105,0,0,0,2,2,17,35,26,29,107,0,38,38,145
02/01/2008,GPT,MS,ASO,CE,Combined TRACON& Tower with Radar,22,40,52,66,180,0,0,31,12,43,22,40,83,78,223,12,22,34,257
02/02/2008,GPT,MS,ASO,CE,Combined TRACON& Tower with Radar,13,33,17,20,83,0,0,36,3,39,13,33,53,23,122,38,18,56,178
02/03/2008,GPT,MS,ASO,CE,Combined TRACON& Tower with Radar,17,36,22,20,95,0,0,4,0,4,17,36,26,20,99,0,0,0,99
02/04/2008,GPT,MS,ASO,CE,Combined TRACON& Tower with Radar,19,40,29,16,104,0,0,0,0,0,19,40,29,16,104,0,0,0,104
02/05/2008,GPT,MS,ASO,CE,Combined TRACON& Tower with Radar,16,28,21,48,113,0,0,0,0,0,16,28,21,48,113,0,0,0,113
02/06/2008,GPT,MS,ASO,CE,Combined TRACON& Tower with Radar,23,29,26,43,121,0,0,11,5,16,23,29,37,48,137,2,28,30,167
02/07/2008,GPT,MS,ASO,CE,Combined TRACON& Tower with Radar,15,38,29,59,141,0,0,32,9,41,15,38,61,68,182,2,42,44,226
02/08/2008,GPT,MS,ASO,CE,Combined TRACON& Tower with Radar,18,43,46,33,140,0,2,33,5,40,18,45,79,38,180,8,0,8,188
02/09/2008,GPT,MS,ASO,CE,Combined TRACON& Tower with Radar,13,33,31,22,99,0,0,27,0,27,13,33,58,22,126,0,0,0,126
02/10/2008,GPT,MS,ASO,CE,Combined TRACON& Tower with Radar,19,38,30,20,107,0,0,22,0,22,19,38,52,20,129,20,6,26,155
02/11/2008,GPT,MS,ASO,CE,Combined TRACON& Tower with Radar,18,35,33,41,127,0,0,23,7,30,18,35,56,48,157,0,44,44,201
02/12/2008,GPT,MS,ASO,CE,Combined TRACON& Tower with Radar,24,25,17,23,89,0,0,3,0,3,24,25,20,23,92,0,18,18,110
02/13/2008,GPT,MS,ASO,CE,Combined TRACON& Tower with Radar,21,34,38,41,134,0,0,14,12,26,21,34,52,53,160,0,51,51,211
02/14/2008,GPT,MS,ASO,CE,Combined TRACON& Tower with Radar,22,33,33,40,128,0,0,30,8,38,22,33,63,48,166,0,24,24,190
02/15/2008,GPT,MS,ASO,CE,Combined TRACON& Tower with Radar,31,37,38,34,140,0,0,15,2,17,31,37,53,36,157,12,0,12,169
02/16/2008,GPT,MS,ASO,CE,Combined TRACON& Tower with Radar,19,29,18,25,91,0,0,9,3,12,19,29,27,28,103,2,8,10,113
02/17/2008,GPT,MS,ASO,CE,Combined TRACON& Tower with Radar,23,30,24,10,87,0,0,8,0,8,23,30,32,10,95,0,2,2,97
02/18/2008,GPT,MS,ASO,CE,Combined TRACON& Tower with Radar,22,35,31,45,133,0,0,16,1,17,22,35,47,46,150,0,0,0,150
02/19/2008,GPT,MS,ASO,CE,Combined TRACON& Tower with Radar,26,37,24,28,115,0,0,10,4,14,26,37,34,32,129,3,20,23,152
02/20/2008,GPT,MS,ASO,CE,Combined TRACON& Tower with Radar,22,33,29,49,133,0,2,7,2,11,22,35,36,51,144,0,8,8,152
02/21/2008,GPT,MS,ASO,CE,Combined TRACON& Tower with Radar,19,33,27,17,96,0,0,0,0,0,19,33,27,17,96,0,0,0,96
02/22/2008,GPT,MS,ASO,CE,Combined TRACON& Tower with Radar,22,40,40,35,137,0,0,5,0,5,22,40,45,35,142,2,0,2,144
02/23/2008,GPT,MS,ASO,CE,Combined TRACON& Tower with Radar,17,28,28,31,104,0,0,11,2,13,17,28,39,33,117,0,18,18,135
02/24/2008,GPT,MS,ASO,CE,Combined TRACON& Tower with Radar,18,29,33,10,90,0,0,8,0,8,18,29,41,10,98,0,6,6,104
02/25/2008,GPT,MS,ASO,CE,Combined TRACON& Tower with Radar,25,35,13,14,87,0,0,1,1,2,25,35,14,15,89,0,0,0,89
02/26/2008,GPT,MS,ASO,CE,Combined TRACON& Tower with Radar,18,35,20,34,107,0,0,15,3,18,18,35,35,37,125,0,92,92,217
02/27/2008,GPT,MS,ASO,CE,Combined TRACON& Tower with Radar,25,36,46,35,142,0,1,22,1,24,25,37,68,36,166,14,70,84,250
02/28/2008,GPT,MS,ASO,CE,Combined TRACON& Tower with Radar,19,31,44,26,120,0,0,21,6,27,19,31,65,32,147,8,22,30,177
02/29/2008,GPT,MS,ASO,CE,Combined TRACON& Tower with Radar,24,37,60,23,144,0,1,11,0,12,24,38,71,23,156,14,38,52,208
03/01/2008,GPT,MS,ASO,CE,Combined TRACON& Tower with Radar,16,31,33,3,83,0,0,11,2,13,16,31,44,5,96,8,0,8,104
03/02/2008,GPT,MS,ASO,CE,Combined TRACON& Tower with Radar,21,42,34,13,110,0,0,7,0,7,21,42,41,13,117,0,0,0,117
03/03/2008,GPT,MS,ASO,CE,Combined TRACON& Tower with Radar,22,34,14,25,95,0,0,1,0,1,22,34,15,25,96,0,15,15,111
03/04/2008,GPT,MS,ASO,CE,Combined TRACON& Tower with Radar,16,33,27,62,138,0,0,3,2,5,16,33,30,64,143,0,84,84,227
03/05/2008,GPT,MS,ASO,CE,Combined TRACON& Tower with Radar,22,35,31,39,127,0,0,13,0,13,22,35,44,39,140,0,22,22,162
03/06/2008,GPT,MS,ASO,CE,Combined TRACON& Tower with Radar,19,32,28,62,141,0,0,13,5,18,19,32,41,67,159,0,20,20,179
03/07/2008,GPT,MS,ASO,CE,Combined TRACON& Tower with Radar,24,43,26,30,123,0,0,2,0,2,24,43,28,30,125,0,0,0,125
03/08/2008,GPT,MS,ASO,CE,Combined TRACON& Tower with Radar,12,34,27,0,73,0,0,16,7,23,12,34,43,7,96,0,0,0,96
03/09/2008,GPT,MS,ASO,CE,Combined TRACON& Tower with Radar,19,38,33,8,98,2,1,14,0,17,21,39,47,8,115,0,6,6,121
03/10/2008,GPT,MS,ASO,CE,Combined TRACON& Tower with Radar,28,34,22,3,87,0,0,4,2,6,28,34,26,5,93,0,0,0,93
03/11/2008,GPT,MS,ASO,CE,Combined TRACON& Tower with Radar,19,34,25,28,106,0,0,6,0,6,19,34,31,28,112,4,14,18,130
03/12/2008,GPT,MS,ASO,CE,Combined TRACON& Tower with Radar,25,39,14,22,100,0,0,18,7,25,25,39,32,29,125,0,10,10,135
03/13/2008,GPT,MS,ASO,CE,Combined TRACON& Tower with Radar,20,36,43,32,131,0,0,18,2,20,20,36,61,34,151,0,66,66,217
03/14/2008,GPT,MS,ASO,CE,Combined TRACON& Tower with Radar,34,39,39,29,141,0,0,6,1,7,34,39,45,30,148,0,14,14,162
03/15/2008,GPT,MS,ASO,CE,Combined TRACON& Tower with Radar,13,33,25,7,78,0,0,7,4,11,13,33,32,11,89,0,0,0,89
03/16/2008,GPT,MS,ASO,CE,Combined TRACON& Tower with Radar,27,47,25,5,104,0,0,21,0,21,27,47,46,5,125,2,0,2,127
03/17/2008,GPT,MS,ASO,CE,Combined TRACON& Tower with Radar,26,37,27,18,108,0,0,0,0,0,26,37,27,18,108,0,0,0,108
03/18/2008,GPT,MS,ASO,CE,Combined TRACON& Tower with Radar,25,23,31,28,107,0,0,2,0,2,25,23,33,28,109,0,12,12,121
03/19/2008,GPT,MS,ASO,CE,Combined TRACON& Tower with Radar,26,34,15,37,112,0,0,2,3,5,26,34,17,40,117,0,62,62,179
03/20/2008,GPT,MS,ASO,CE,Combined TRACON& Tower with Radar,18,40,33,56,147,0,0,39,12,51,18,40,72,68,198,6,64,70,268
03/21/2008,GPT,MS,ASO,CE,Combined TRACON& Tower with Radar,29,39,13,17,98,0,1,26,3,30,29,40,39,20,128,3,18,21,149
03/22/2008,GPT,MS,ASO,CE,Combined TRACON& Tower with Radar,22,30,14,4,70,0,0,18,0,18,22,30,32,4,88,10,0,10,98
03/23/2008,GPT,MS,ASO,CE,Combined TRACON& Tower with Radar,25,31,9,0,65,0,0,9,0,9,25,31,18,0,74,10,0,10,84
03/24/2008,GPT,MS,ASO,CE,Combined TRACON& Tower with Radar,22,36,21,44,123,0,1,17,1,19,22,37,38,45,142,2,64,66,208
03/25/2008,GPT,MS,ASO,CE,Combined TRACON& Tower with Radar,20,38,39,46,143,0,0,10,2,12,20,38,49,48,155,0,70,70,225
03/26/2008,GPT,MS,ASO,CE,Combined TRACON& Tower with Radar,22,38,25,42,127,0,0,13,3,16,22,38,38,45,143,10,48,58,201
03/27/2008,GPT,MS,ASO,CE,Combined TRACON& Tower with Radar,19,41,31,42,133,0,0,26,7,33,19,41,57,49,166,0,32,32,198
03/28/2008,GPT,MS,ASO,CE,Combined TRACON& Tower with Radar,26,46,39,46,157,1,0,13,7,21,27,46,52,53,178,5,33,38,216
03/29/2008,GPT,MS,ASO,CE,Combined TRACON& Tower with Radar,14,32,14,10,70,0,0,6,0,6,14,32,20,10,76,0,6,6,82
03/30/2008,GPT,MS,ASO,CE,Combined TRACON& Tower with Radar,19,44,33,19,115,0,0,15,1,16,19,44,48,20,131,24,0,24,155
03/31/2008,GPT,MS,ASO,CE,Combined TRACON& Tower with Radar,25,39,35,83,182,0,0,0,0,0,25,39,35,83,182,0,6,6,188
04/01/2008,GPT,MS,ASO,CE,Combined TRACON& Tower with Radar,19,37,24,15,95,0,0,0,1,1,19,37,24,16,96,0,0,0,96
04/02/2008,GPT,MS,ASO,CE,Combined TRACON& Tower with Radar,22,36,22,25,105,0,0,4,0,4,22,36,26,25,109,0,2,2,111
04/03/2008,GPT,MS,ASO,CE,Combined TRACON& Tower with Radar,19,41,48,56,164,0,0,4,0,4,19,41,52,56,168,4,2,6,174
04/04/2008,GPT,MS,ASO,CE,Combined TRACON& Tower with Radar,25,35,35,39,134,0,0,10,0,10,25,35,45,39,144,0,28,28,172
04/05/2008,GPT,MS,ASO,CE,Combined TRACON& Tower with Radar,10,30,11,13,64,0,0,12,0,12,10,30,23,13,76,0,0,0,76
04/06/2008,GPT,MS,ASO,CE,Combined TRACON& Tower with Radar,19,40,36,17,112,0,1,39,7,47,19,41,75,24,159,20,8,28,187
04/07/2008,GPT,MS,ASO,CE,Combined TRACON& Tower with Radar,16,37,44,30,127,0,0,21,4,25,16,37,65,34,152,18,18,36,188
04/08/2008,GPT,MS,ASO,CE,Combined TRACON& Tower with Radar,18,36,41,49,144,0,0,6,0,6,18,36,47,49,150,0,8,8,158
04/09/2008,GPT,MS,ASO,CE,Combined TRACON& Tower with Radar,18,42,45,51,156,0,0,2,6,8,18,42,47,57,164,16,28,44,208
04/10/2008,GPT,MS,ASO,CE,Combined TRACON& Tower with Radar,12,41,37,40,130,0,0,0,1,1,12,41,37,41,131,0,0,0,131
04/11/2008,GPT,MS,ASO,CE,Combined TRACON& Tower with Radar,22,38,19,33,112,0,0,15,1,16,22,38,34,34,128,6,0,6,134
04/12/2008,GPT,MS,ASO,CE,Combined TRACON& Tower with Radar,11,30,9,50,100,0,0,17,2,19,11,30,26,52,119,22,12,34,153
04/13/2008,GPT,MS,ASO,CE,Combined TRACON& Tower with Radar,17,36,29,23,105,0,0,18,2,20,17,36,47,25,125,8,12,20,145
04/14/2008,GPT,MS,ASO,CE,Combined TRACON& Tower with Radar,18,44,24,35,121,0,0,27,5,32,18,44,51,40,153,0,44,44,197
04/15/2008,GPT,MS,ASO,CE,Combined TRACON& Tower with Radar,20,42,21,71,154,0,0,22,10,32,20,42,43,81,186,20,75,95,281
04/16/2008,GPT,MS,ASO,CE,Combined TRACON& Tower with Radar,22,38,31,41,132,1,0,17,5,23,23,38,48,46,155,0,48,48,203
04/17/2008,GPT,MS,ASO,CE,Combined TRACON& Tower with Radar,16,40,66,20,142,0,0,23,5,28,16,40,89,25,170,0,18,18,188
04/18/2008,GPT,MS,ASO,CE,Combined TRACON& Tower with Radar,19,46,29,19,113,0,0,12,4,16,19,46,41,23,129,10,0,10,139
04/19/2008,GPT,MS,ASO,CE,Combined TRACON& Tower with Radar,13,36,17,3,69,0,0,24,2,26,13,36,41,5,95,0,8,8,103
04/20/2008,GPT,MS,ASO,CE,Combined TRACON& Tower with Radar,22,43,27,8,100,0,0,16,0,16,22,43,43,8,116,0,0,0,116
04/21/2008,GPT,MS,ASO,CE,Combined TRACON& Tower with Radar,18,41,32,25,116,0,0,11,5,16,18,41,43,30,132,0,2,2,134
04/22/2008,GPT,MS,ASO,CE,Combined TRACON& Tower with Radar,19,41,47,23,130,0,0,9,7,16,19,41,56,30,146,0,0,0,146
04/23/2008,GPT,MS,ASO,CE,Combined TRACON& Tower with Radar,21,40,22,29,112,0,0,20,1,21,21,40,42,30,133,34,46,80,213
04/24/2008,GPT,MS,ASO,CE,Combined TRACON& Tower with Radar,18,39,24,40,121,0,0,21,13,34,18,39,45,53,155,6,42,48,203
04/25/2008,GPT,MS,ASO,CE,Combined TRACON& Tower with Radar,22,41,23,20,106,0,0,13,3,16,22,41,36,23,122,0,10,10,132
04/26/2008,GPT,MS,ASO,CE,Combined TRACON& Tower with Radar,15,30,12,5,62,0,0,16,0,16,15,30,28,5,78,0,0,0,78
04/27/2008,GPT,MS,ASO,CE,Combined TRACON& Tower with Radar,16,38,23,4,81,0,0,6,2,8,16,38,29,6,89,4,0,4,93
04/28/2008,GPT,MS,ASO,CE,Combined TRACON& Tower with Radar,20,37,26,50,133,0,0,16,9,25,20,37,42,59,158,0,26,26,184
04/29/2008,GPT,MS,ASO,CE,Combined TRACON& Tower with Radar,15,39,20,21,95,0,0,38,3,41,15,39,58,24,136,0,12,12,148
04/30/2008,GPT,MS,ASO,CE,Combined TRACON& Tower with Radar,22,42,51,39,154,0,0,37,7,44,22,42,88,46,198,0,12,12,210
05/01/2008,GPT,MS,ASO,CE,Combined TRACON& Tower with Radar,18,41,45,53,157,0,0,10,5,15,18,41,55,58,172,0,76,76,248
05/02/2008,GPT,MS,ASO,CE,Combined TRACON& Tower with Radar,24,45,23,25,117,0,0,5,4,9,24,45,28,29,126,2,4,6,132
05/03/2008,GPT,MS,ASO,CE,Combined TRACON& Tower with Radar,17,28,6,8,59,0,0,17,0,17,17,28,23,8,76,12,0,12,88
05/04/2008,GPT,MS,ASO,CE,Combined TRACON& Tower with Radar,28,48,12,8,96,0,0,31,2,33,28,48,43,10,129,0,0,0,129
05/05/2008,GPT,MS,ASO,CE,Combined TRACON& Tower with Radar,23,40,22,13,98,0,0,16,0,16,23,40,38,13,114,2,0,2,116
05/06/2008,GPT,MS,ASO,CE,Combined TRACON& Tower with Radar,22,43,40,43,148,0,0,12,5,17,22,43,52,48,165,4,52,56,221
05/07/2008,GPT,MS,ASO,CE,Combined TRACON& Tower with Radar,27,43,39,34,143,0,0,27,2,29,27,43,66,36,172,0,18,18,190
05/08/2008,GPT,MS,ASO,CE,Combined TRACON& Tower with Radar,25,13,3,15,56,91,0,0,117,208,116,13,3,132,264,0,6,6,270
05/09/2008,GPT,MS,ASO,CE,Combined TRACON& Tower with Radar,24,40,46,35,145,0,0,17,4,21,24,40,63,39,166,0,7,7,173
05/10/2008,GPT,MS,ASO,CE,Combined TRACON& Tower with Radar,50,31,15,0,96,0,0,8,1,9,50,31,23,1,105,0,0,0,105
05/11/2008,GPT,MS,ASO,CE,Combined TRACON& Tower with Radar,18,44,17,4,83,0,0,8,3,11,18,44,25,7,94,0,0,0,94
05/12/2008,GPT,MS,ASO,CE,Combined TRACON& Tower with Radar,17,41,28,27,113,0,0,25,12,37,17,41,53,39,150,4,30,34,184
05/13/2008,GPT,MS,ASO,CE,Combined TRACON& Tower with Radar,19,43,39,66,167,0,0,33,11,44,19,43,72,77,211,0,20,20,231
05/14/2008,GPT,MS,ASO,CE,Combined TRACON& Tower with Radar,21,44,38,24,127,0,0,9,7,16,21,44,47,31,143,2,22,24,167
05/15/2008,GPT,MS,ASO,CE,Combined TRACON& Tower with Radar,13,42,18,4,77,0,0,1,2,3,13,42,19,6,80,0,4,4,84
05/16/2008,GPT,MS,ASO,CE,Combined TRACON& Tower with Radar,20,44,33,4,101,0,0,0,0,0,20,44,33,4,101,0,0,0,101
05/17/2008,GPT,MS,ASO,CE,Combined TRACON& Tower with Radar,15,32,34,13,94,0,0,33,4,37,15,32,67,17,131,0,0,0,131
05/18/2008,GPT,MS,ASO,CE,Combined TRACON& Tower with Radar,28,43,13,12,96,0,0,0,2,2,28,43,13,14,98,0,0,0,98
05/19/2008,GPT,MS,ASO,CE,Combined TRACON& Tower with Radar,18,41,40,25,124,0,0,28,1,29,18,41,68,26,153,4,0,4,157
05/20/2008,GPT,MS,ASO,CE,Combined TRACON& Tower with Radar,19,45,55,43,162,0,0,23,15,38,19,45,78,58,200,15,34,49,249
05/21/2008,GPT,MS,ASO,CE,Combined TRACON& Tower with Radar,25,47,69,27,168,0,0,19,21,40,25,47,88,48,208,6,2,8,216
05/22/2008,GPT,MS,ASO,CE,Combined TRACON& Tower with Radar,22,48,57,27,154,0,0,11,2,13,22,48,68,29,167,0,6,6,173
05/23/2008,GPT,MS,ASO,CE,Combined TRACON& Tower with Radar,20,42,35,36,133,0,0,6,1,7,20,42,41,37,140,0,36,36,176
05/24/2008,GPT,MS,ASO,CE,Combined TRACON& Tower with Radar,16,29,16,3,64,0,0,7,0,7,16,29,23,3,71,3,0,3,74
05/25/2008,GPT,MS,ASO,CE,Combined TRACON& Tower with Radar,22,33,12,0,67,0,0,4,1,5,22,33,16,1,72,0,0,0,72
05/26/2008,GPT,MS,ASO,CE,Combined TRACON& Tower with Radar,15,37,22,0,74,0,0,12,2,14,15,37,34,2,88,0,0,0,88
05/27/2008,GPT,MS,ASO,CE,Combined TRACON& Tower with Radar,13,44,26,54,137,0,0,8,2,10,13,44,34,56,147,0,57,57,204
05/28/2008,GPT,MS,ASO,CE,Combined TRACON& Tower with Radar,20,43,20,58,141,0,0,10,1,11,20,43,30,59,152,14,68,82,234
05/29/2008,GPT,MS,ASO,CE,Combined TRACON& Tower with Radar,33,45,31,38,147,0,0,19,3,22,33,45,50,41,169,0,22,22,191
05/30/2008,GPT,MS,ASO,CE,Combined TRACON& Tower with Radar,46,45,27,41,159,0,0,32,5,37,46,45,59,46,196,10,0,10,206
05/31/2008,GPT,MS,ASO,CE,Combined TRACON& Tower with Radar,26,33,22,13,94,0,0,19,3,22,26,33,41,16,116,0,0,0,116
06/01/2008,GPT,MS,ASO,CE,Combined TRACON& Tower with Radar,23,41,33,7,104,0,0,25,1,26,23,41,58,8,130,4,0,4,134
06/02/2008,GPT,MS,ASO,CE,Combined TRACON& Tower with Radar,16,44,16,18,94,0,0,13,4,17,16,44,29,22,111,0,0,0,111
06/03/2008,GPT,MS,ASO,CE,Combined TRACON& Tower with Radar,17,49,32,37,135,0,0,26,6,32,17,49,58,43,167,2,14,16,183
06/04/2008,GPT,MS,ASO,CE,Combined TRACON& Tower with Radar,22,41,39,36,138,0,0,21,2,23,22,41,60,38,161,2,38,40,201
06/05/2008,GPT,MS,ASO,CE,Combined TRACON& Tower with Radar,14,43,39,30,126,0,0,10,0,10,14,43,49,30,136,18,28,46,182
06/06/2008,GPT,MS,ASO,CE,Combined TRACON& Tower with Radar,14,40,27,34,115,0,0,14,5,19,14,40,41,39,134,0,38,38,172
06/07/2008,GPT,MS,ASO,CE,Combined TRACON& Tower with Radar,25,38,16,11,90,0,2,19,2,23,25,40,35,13,113,0,2,2,115
06/08/2008,GPT,MS,ASO,CE,Combined TRACON& Tower with Radar,16,44,25,21,106,0,0,24,3,27,16,44,49,24,133,18,4,22,155
06/09/2008,GPT,MS,ASO,CE,Combined TRACON& Tower with Radar,13,42,25,23,103,0,0,8,8,16,13,42,33,31,119,0,30,30,149
06/10/2008,GPT,MS,ASO,CE,Combined TRACON& Tower with Radar,20,39,24,21,104,0,1,10,3,14,20,40,34,24,118,2,4,6,124
06/11/2008,GPT,MS,ASO,CE,Combined TRACON& Tower with Radar,13,42,31,26,112,0,0,9,3,12,13,42,40,29,124,0,26,26,150
06/12/2008,GPT,MS,ASO,CE,Combined TRACON& Tower with Radar,15,44,34,14,107,0,0,14,1,15,15,44,48,15,122,0,14,14,136
06/13/2008,GPT,MS,ASO,CE,Combined TRACON& Tower with Radar,19,43,19,14,95,0,0,1,3,4,19,43,20,17,99,0,0,0,99
06/14/2008,GPT,MS,ASO,CE,Combined TRACON& Tower with Radar,23,29,17,12,81,0,10,11,0,21,23,39,28,12,102,8,0,8,110
06/15/2008,GPT,MS,ASO,CE,Combined TRACON& Tower with Radar,9,51,14,4,78,0,0,2,1,3,9,51,16,5,81,6,0,6,87
06/16/2008,GPT,MS,ASO,CE,Combined TRACON& Tower with Radar,18,41,26,23,108,0,0,16,3,19,18,41,42,26,127,0,6,6,133
06/17/2008,GPT,MS,ASO,CE,Combined TRACON& Tower with Radar,16,44,34,40,134,0,0,18,4,22,16,44,52,44,156,20,38,58,214
06/18/2008,GPT,MS,ASO,CE,Combined TRACON& Tower with Radar,13,43,12,23,91,0,0,21,6,27,13,43,33,29,118,0,20,20,138
06/19/2008,GPT,MS,ASO,CE,Combined TRACON& Tower with Radar,18,39,41,30,128,0,0,43,9,52,18,39,84,39,180,4,42,46,226
06/20/2008,GPT,MS,ASO,CE,Combined TRACON& Tower with Radar,26,46,20,26,118,0,0,10,2,12,26,46,30,28,130,0,14,14,144
06/21/2008,GPT,MS,ASO,CE,Combined TRACON& Tower with Radar,21,40,13,3,77,0,0,7,2,9,21,40,20,5,86,0,0,0,86
06/22/2008,GPT,MS,ASO,CE,Combined TRACON& Tower with Radar,16,49,21,13,99,0,1,15,2,18,16,50,36,15,117,0,0,0,117
06/23/2008,GPT,MS,ASO,CE,Combined TRACON& Tower with Radar,10,45,16,32,103,0,0,27,3,30,10,45,43,35,133,0,0,0,133
06/24/2008,GPT,MS,ASO,CE,Combined TRACON& Tower with Radar,18,44,21,16,99,0,0,15,3,18,18,44,36,19,117,0,12,12,129
06/25/2008,GPT,MS,ASO,CE,Combined TRACON& Tower with Radar,15,55,27,12,109,0,0,10,0,10,15,55,37,12,119,0,20,20,139
06/26/2008,GPT,MS,ASO,CE,Combined TRACON& Tower with Radar,16,40,37,17,110,0,0,21,0,21,16,40,58,17,131,0,66,66,197
06/27/2008,GPT,MS,ASO,CE,Combined TRACON& Tower with Radar,32,48,32,22,134,0,0,17,2,19,32,48,49,24,153,12,8,20,173
06/28/2008,GPT,MS,ASO,CE,Combined TRACON& Tower with Radar,15,42,20,2,79,0,0,8,0,8,15,42,28,2,87,0,0,0,87
06/29/2008,GPT,MS,ASO,CE,Combined TRACON& Tower with Radar,15,46,29,8,98,0,0,4,0,4,15,46,33,8,102,6,6,12,114
06/30/2008,GPT,MS,ASO,CE,Combined TRACON& Tower with Radar,17,47,16,26,106,0,0,5,0,5,17,47,21,26,111,0,50,50,161
07/01/2008,GPT,MS,ASO,CE,Combined TRACON& Tower with Radar,16,43,32,50,141,0,0,15,5,20,16,43,47,55,161,2,30,32,193
07/02/2008,GPT,MS,ASO,CE,Combined TRACON& Tower with Radar,14,46,17,48,125,0,0,0,0,0,14,46,17,48,125,14,60,74,199
07/03/2008,GPT,MS,ASO,CE,Combined TRACON& Tower with Radar,16,46,21,2,85,0,0,10,1,11,16,46,31,3,96,0,12,12,108
07/04/2008,GPT,MS,ASO,CE,Combined TRACON& Tower with Radar,18,34,8,1,61,0,0,13,0,13,18,34,21,1,74,1,8,9,83
07/05/2008,GPT,MS,ASO,CE,Combined TRACON& Tower with Radar,11,38,8,0,57,0,0,15,3,18,11,38,23,3,75,10,16,26,101
07/06/2008,GPT,MS,ASO,CE,Combined TRACON& Tower with Radar,16,50,23,3,92,0,0,9,0,9,16,50,32,3,101,0,0,0,101
07/07/2008,GPT,MS,ASO,CE,Combined TRACON& Tower with Radar,25,40,31,17,113,0,0,15,0,15,25,40,46,17,128,20,12,32,160
07/08/2008,GPT,MS,ASO,CE,Combined TRACON& Tower with Radar,26,43,28,50,147,0,0,13,1,14,26,43,41,51,161,22,48,70,231
07/09/2008,GPT,MS,ASO,CE,Combined TRACON& Tower with Radar,19,47,23,43,132,0,0,12,1,13,19,47,35,44,145,0,24,24,169
07/10/2008,GPT,MS,ASO,CE,Combined TRACON& Tower with Radar,23,42,35,35,135,0,0,10,0,10,23,42,45,35,145,8,19,27,172
07/11/2008,GPT,MS,ASO,CE,Combined TRACON& Tower with Radar,25,44,24,17,110,0,0,19,4,23,25,44,43,21,133,0,6,6,139
07/12/2008,GPT,MS,ASO,CE,Combined TRACON& Tower with Radar,16,42,22,16,96,0,0,22,4,26,16,42,44,20,122,2,10,12,134
07/13/2008,GPT,MS,ASO,CE,Combined TRACON& Tower with Radar,14,41,27,14,96,0,0,6,3,9,14,41,33,17,105,0,0,0,105
07/14/2008,GPT,MS,ASO,CE,Combined TRACON& Tower with Radar,14,42,37,19,112,0,0,12,6,18,14,42,49,25,130,12,20,32,162
07/15/2008,GPT,MS,ASO,CE,Combined TRACON& Tower with Radar,17,44,30,45,136,0,0,19,6,25,17,44,49,51,161,22,36,58,219
07/16/2008,GPT,MS,ASO,CE,Combined TRACON& Tower with Radar,17,44,25,42,128,1,0,0,1,2,18,44,25,43,130,0,52,52,182
07/17/2008,GPT,MS,ASO,CE,Combined TRACON& Tower with Radar,18,50,30,23,121,0,0,14,8,22,18,50,44,31,143,14,0,14,157
07/18/2008,GPT,MS,ASO,CE,Combined TRACON& Tower with Radar,18,47,31,53,149,0,1,18,5,24,18,48,49,58,173,6,47,53,226
07/19/2008,GPT,MS,ASO,CE,Combined TRACON& Tower with Radar,16,39,18,18,91,0,0,29,1,30,16,39,47,19,121,24,10,34,155
07/20/2008,GPT,MS,ASO,CE,Combined TRACON& Tower with Radar,18,45,35,29,127,0,0,18,7,25,18,45,53,36,152,8,22,30,182
07/21/2008,GPT,MS,ASO,CE,Combined TRACON& Tower with Radar,17,40,20,33,110,0,0,7,10,17,17,40,27,43,127,0,40,40,167
07/22/2008,GPT,MS,ASO,CE,Combined TRACON& Tower with Radar,18,43,36,39,136,0,0,15,7,22,18,43,51,46,158,0,20,20,178
07/23/2008,GPT,MS,ASO,CE,Combined TRACON& Tower with Radar,16,47,26,49,138,0,0,11,4,15,16,47,37,53,153,20,46,66,219
07/24/2008,GPT,MS,ASO,CE,Combined TRACON& Tower with Radar,18,40,23,61,142,0,0,8,2,10,18,40,31,63,152,24,46,70,222
07/25/2008,GPT,MS,ASO,CE,Combined TRACON& Tower with Radar,19,47,23,23,112,0,0,13,0,13,19,47,36,23,125,0,6,6,131
07/26/2008,GPT,MS,ASO,CE,Combined TRACON& Tower with Radar,26,38,7,14,85,0,0,8,0,8,26,38,15,14,93,4,0,4,97
07/27/2008,GPT,MS,ASO,CE,Combined TRACON& Tower with Radar,16,48,30,6,100,0,0,5,0,5,16,48,35,6,105,0,0,0,105
07/28/2008,GPT,MS,ASO,CE,Combined TRACON& Tower with Radar,15,41,11,25,92,0,0,11,5,16,15,41,22,30,108,2,0,2,110
07/29/2008,GPT,MS,ASO,CE,Combined TRACON& Tower with Radar,16,43,33,24,116,0,0,6,5,11,16,43,39,29,127,0,27,27,154
07/30/2008,GPT,MS,ASO,CE,Combined TRACON& Tower with Radar,12,47,19,63,141,0,1,6,2,9,12,48,25,65,150,0,46,46,196
07/31/2008,GPT,MS,ASO,CE,Combined TRACON& Tower with Radar,12,43,29,10,94,0,0,10,0,10,12,43,39,10,104,0,0,0,104
08/01/2008,GPT,MS,ASO,CE,Combined TRACON& Tower with Radar,20,47,24,10,101,0,0,4,0,4,20,47,28,10,105,0,4,4,109
08/02/2008,GPT,MS,ASO,CE,Combined TRACON& Tower with Radar,14,40,15,20,89,0,0,11,0,11,14,40,26,20,100,0,0,0,100
08/03/2008,GPT,MS,ASO,CE,Combined TRACON& Tower with Radar,15,47,13,3,78,0,0,18,3,21,15,47,31,6,99,16,0,16,115
08/04/2008,GPT,MS,ASO,CE,Combined TRACON& Tower with Radar,19,43,17,7,86,0,0,5,0,5,19,43,22,7,91,0,0,0,91
08/05/2008,GPT,MS,ASO,CE,Combined TRACON& Tower with Radar,20,35,26,35,116,0,0,13,2,15,20,35,39,37,131,0,4,4,135
08/06/2008,GPT,MS,ASO,CE,Combined TRACON& Tower with Radar,16,45,29,62,152,0,0,13,5,18,16,45,42,67,170,2,66,68,238
08/07/2008,GPT,MS,ASO,CE,Combined TRACON& Tower with Radar,14,44,32,63,153,0,0,10,5,15,14,44,42,68,168,0,14,14,182
08/08/2008,GPT,MS,ASO,CE,Combined TRACON& Tower with Radar,21,50,18,36,125,0,0,7,3,10,21,50,25,39,135,0,8,8,143
08/09/2008,GPT,MS,ASO,CE,Combined TRACON& Tower with Radar,13,42,9,30,94,0,0,18,0,18,13,42,27,30,112,0,10,10,122
08/10/2008,GPT,MS,ASO,CE,Combined TRACON& Tower with Radar,15,50,9,25,99,0,0,4,3,7,15,50,13,28,106,4,0,4,110
08/11/2008,GPT,MS,ASO,CE,Combined TRACON& Tower with Radar,20,44,18,4,86,0,0,0,0,0,20,44,18,4,86,0,0,0,86
08/12/2008,GPT,MS,ASO,CE,Combined TRACON& Tower with Radar,18,40,20,17,95,0,0,1,1,2,18,40,21,18,97,0,36,36,133
08/13/2008,GPT,MS,ASO,CE,Combined TRACON& Tower with Radar,17,45,26,39,127,0,3,2,4,9,17,48,28,43,136,0,24,24,160
08/14/2008,GPT,MS,ASO,CE,Combined TRACON& Tower with Radar,21,41,35,38,135,0,0,32,2,34,21,41,67,40,169,2,24,26,195
08/15/2008,GPT,MS,ASO,CE,Combined TRACON& Tower with Radar,21,45,23,17,106,0,0,17,1,18,21,45,40,18,124,2,12,14,138
08/16/2008,GPT,MS,ASO,CE,Combined TRACON& Tower with Radar,14,45,14,4,77,0,0,6,0,6,14,45,20,4,83,10,0,10,93
08/17/2008,GPT,MS,ASO,CE,Combined TRACON& Tower with Radar,17,50,16,3,86,0,0,4,4,8,17,50,20,7,94,4,0,4,98
08/18/2008,GPT,MS,ASO,CE,Combined TRACON& Tower with Radar,13,45,14,15,87,0,0,8,2,10,13,45,22,17,97,0,6,6,103
08/19/2008,GPT,MS,ASO,CE,Combined TRACON& Tower with Radar,17,40,19,18,94,0,2,5,2,9,17,42,24,20,103,0,14,14,117
08/20/2008,GPT,MS,ASO,CE,Combined TRACON& Tower with Radar,19,43,24,49,135,0,0,5,7,12,19,43,29,56,147,0,40,40,187
08/21/2008,GPT,MS,ASO,CE,Combined TRACON& Tower with Radar,15,41,20,44,120,0,0,6,4,10,15,41,26,48,130,6,26,32,162
08/22/2008,GPT,MS,ASO,CE,Combined TRACON& Tower with Radar,21,44,25,47,137,0,0,10,3,13,21,44,35,50,150,0,0,0,150
08/23/2008,GPT,MS,ASO,CE,Combined TRACON& Tower with Radar,16,41,13,5,75,0,0,0,0,0,16,41,13,5,75,4,0,4,79
08/24/2008,GPT,MS,ASO,CE,Combined TRACON& Tower with Radar,19,46,7,2,74,0,1,1,0,2,19,47,8,2,76,0,0,0,76
08/25/2008,GPT,MS,ASO,CE,Combined TRACON& Tower with Radar,12,44,9,2,67,0,0,1,2,3,12,44,10,4,70,0,4,4,74
08/26/2008,GPT,MS,ASO,CE,Combined TRACON& Tower with Radar,19,40,20,23,102,0,0,7,4,11,19,40,27,27,113,0,20,20,133
08/27/2008,GPT,MS,ASO,CE,Combined TRACON& Tower with Radar,19,45,40,62,166,0,0,21,12,33,19,45,61,74,199,2,66,68,267
08/28/2008,GPT,MS,ASO,CE,Combined TRACON& Tower with Radar,21,42,36,52,151,0,0,11,7,18,21,42,47,59,169,4,24,28,197
08/29/2008,GPT,MS,ASO,CE,Combined TRACON& Tower with Radar,20,41,22,15,98,0,0,16,4,20,20,41,38,19,118,4,0,4,122
08/30/2008,GPT,MS,ASO,CE,Combined TRACON& Tower with Radar,18,35,23,1,77,0,0,20,2,22,18,35,43,3,99,4,0,4,103
08/31/2008,GPT,MS,ASO,CE,Combined TRACON& Tower with Radar,19,33,13,3,68,0,0,10,3,13,19,33,23,6,81,0,0,0,81
09/01/2008,GPT,MS,ASO,CE,Combined TRACON& Tower with Radar,0,0,0,0,0,0,0,0,0,0,0,0,0,0,0,0,0,0,0
09/02/2008,GPT,MS,ASO,CE,Combined TRACON& Tower with Radar,16,31,17,6,70,0,0,19,9,28,16,31,36,15,98,0,0,0,98
09/03/2008,GPT,MS,ASO,CE,Combined TRACON& Tower with Radar,31,26,34,24,115,0,0,19,13,32,31,26,53,37,147,18,16,34,181
09/04/2008,GPT,MS,ASO,CE,Combined TRACON& Tower with Radar,20,29,28,31,108,0,0,8,2,10,20,29,36,33,118,4,2,6,124
09/05/2008,GPT,MS,ASO,CE,Combined TRACON& Tower with Radar,26,31,30,32,119,0,3,6,3,12,26,34,36,35,131,0,20,20,151
09/06/2008,GPT,MS,ASO,CE,Combined TRACON& Tower with Radar,16,26,14,13,69,0,0,14,2,16,16,26,28,15,85,0,0,0,85
09/07/2008,GPT,MS,ASO,CE,Combined TRACON& Tower with Radar,22,30,18,9,79,0,0,12,5,17,22,30,30,14,96,8,8,16,112
09/08/2008,GPT,MS,ASO,CE,Combined TRACON& Tower with Radar,19,31,18,29,97,0,1,6,4,11,19,32,24,33,108,17,0,17,125
09/09/2008,GPT,MS,ASO,CE,Combined TRACON& Tower with Radar,19,32,31,58,140,0,1,12,1,14,19,33,43,59,154,2,57,59,213
09/10/2008,GPT,MS,ASO,CE,Combined TRACON& Tower with Radar,22,30,23,35,110,0,0,4,1,5,22,30,27,36,115,0,14,14,129
09/11/2008,GPT,MS,ASO,CE,Combined TRACON& Tower with Radar,22,29,27,5,83,0,0,5,1,6,22,29,32,6,89,2,0,2,91
09/12/2008,GPT,MS,ASO,CE,Combined TRACON& Tower with Radar,24,25,15,7,71,0,0,1,4,5,24,25,16,11,76,2,0,2,78
09/13/2008,GPT,MS,ASO,CE,Combined TRACON& Tower with Radar,15,22,7,12,56,0,0,5,2,7,15,22,12,14,63,0,0,0,63
09/14/2008,GPT,MS,ASO,CE,Combined TRACON& Tower with Radar,25,29,14,5,73,0,0,5,4,9,25,29,19,9,82,0,0,0,82
09/15/2008,GPT,MS,ASO,CE,Combined TRACON& Tower with Radar,24,26,11,7,68,0,0,2,7,9,24,26,13,14,77,0,14,14,91
09/16/2008,GPT,MS,ASO,CE,Combined TRACON& Tower with Radar,23,28,24,28,103,0,0,8,6,14,23,28,32,34,117,4,18,22,139
09/17/2008,GPT,MS,ASO,CE,Combined TRACON& Tower with Radar,26,28,24,30,108,0,0,20,13,33,26,28,44,43,141,12,18,30,171
09/18/2008,GPT,MS,ASO,CE,Combined TRACON& Tower with Radar,21,33,30,69,153,0,0,15,2,17,21,33,45,71,170,10,32,42,212
09/19/2008,GPT,MS,ASO,CE,Combined TRACON& Tower with Radar,33,29,32,17,111,0,0,5,15,20,33,29,37,32,131,4,8,12,143
09/20/2008,GPT,MS,ASO,CE,Combined TRACON& Tower with Radar,22,24,18,7,71,0,1,8,5,14,22,25,26,12,85,6,10,16,101
09/21/2008,GPT,MS,ASO,CE,Combined TRACON& Tower with Radar,15,44,23,12,94,0,1,13,2,16,15,45,36,14,110,4,6,10,120
09/22/2008,GPT,MS,ASO,CE,Combined TRACON& Tower with Radar,37,32,16,27,112,0,0,5,3,8,37,32,21,30,120,0,12,12,132
09/23/2008,GPT,MS,ASO,CE,Combined TRACON& Tower with Radar,33,34,19,56,142,0,0,19,6,25,33,34,38,62,167,17,24,41,208
09/24/2008,GPT,MS,ASO,CE,Combined TRACON& Tower with Radar,34,29,34,76,173,0,2,13,15,30,34,31,47,91,203,10,56,66,269
09/25/2008,GPT,MS,ASO,CE,Combined TRACON& Tower with Radar,28,35,21,28,112,0,0,16,2,18,28,35,37,30,130,0,8,8,138
09/26/2008,GPT,MS,ASO,CE,Combined TRACON& Tower with Radar,34,30,13,64,141,0,0,17,13,30,34,30,30,77,171,0,28,28,199
09/27/2008,GPT,MS,ASO,CE,Combined TRACON& Tower with Radar,26,29,25,8,88,0,0,20,2,22,26,29,45,10,110,14,4,18,128
09/28/2008,GPT,MS,ASO,CE,Combined TRACON& Tower with Radar,30,31,14,13,88,0,0,11,1,12,30,31,25,14,100,2,2,4,104
09/29/2008,GPT,MS,ASO,CE,Combined TRACON& Tower with Radar,23,32,26,49,130,0,0,15,7,22,23,32,41,56,152,0,50,50,202
09/30/2008,GPT,MS,ASO,CE,Combined TRACON& Tower with Radar,21,35,37,95,188,0,0,23,2,25,21,35,60,97,213,2,100,102,315
10/01/2008,GPT,MS,ASO,CE,Combined TRACON& Tower with Radar,21,29,36,74,160,0,0,16,2,18,21,29,52,76,178,2,52,54,232
10/02/2008,GPT,MS,ASO,CE,Combined TRACON& Tower with Radar,26,27,22,36,111,0,0,12,11,23,26,27,34,47,134,8,62,70,204
10/03/2008,GPT,MS,ASO,CE,Combined TRACON& Tower with Radar,22,34,23,55,134,0,0,32,15,47,22,34,55,70,181,12,21,33,214
10/04/2008,GPT,MS,ASO,CE,Combined TRACON& Tower with Radar,16,25,10,6,57,0,0,23,1,24,16,25,33,7,81,0,6,6,87
10/05/2008,GPT,MS,ASO,CE,Combined TRACON& Tower with Radar,15,42,27,12,96,0,0,15,2,17,15,42,42,14,113,8,0,8,121
10/06/2008,GPT,MS,ASO,CE,Combined TRACON& Tower with Radar,19,31,19,29,98,0,0,7,1,8,19,31,26,30,106,2,12,14,120
10/07/2008,GPT,MS,ASO,CE,Combined TRACON& Tower with Radar,25,29,19,20,93,0,0,2,20,22,25,29,21,40,115,0,26,26,141
10/08/2008,GPT,MS,ASO,CE,Combined TRACON& Tower with Radar,18,28,37,104,187,0,0,23,24,47,18,28,60,128,234,12,150,162,396
10/09/2008,GPT,MS,ASO,CE,Combined TRACON& Tower with Radar,18,32,40,66,156,0,0,12,3,15,18,32,52,69,171,10,56,66,237
10/10/2008,GPT,MS,ASO,CE,Combined TRACON& Tower with Radar,23,32,22,49,126,0,1,27,8,36,23,33,49,57,162,10,26,36,198
10/11/2008,GPT,MS,ASO,CE,Combined TRACON& Tower with Radar,18,24,9,19,70,0,0,8,2,10,18,24,17,21,80,0,0,0,80
10/12/2008,GPT,MS,ASO,CE,Combined TRACON& Tower with Radar,16,34,7,0,57,0,1,13,0,14,16,35,20,0,71,10,0,10,81
10/13/2008,GPT,MS,ASO,CE,Combined TRACON& Tower with Radar,28,27,20,11,86,0,1,3,1,5,28,28,23,12,91,0,0,0,91
10/14/2008,GPT,MS,ASO,CE,Combined TRACON& Tower with Radar,20,27,25,52,124,0,0,9,8,17,20,27,34,60,141,4,50,54,195
10/15/2008,GPT,MS,ASO,CE,Combined TRACON& Tower with Radar,21,28,34,60,143,0,0,13,5,18,21,28,47,65,161,0,28,28,189
10/16/2008,GPT,MS,ASO,CE,Combined TRACON& Tower with Radar,20,32,51,63,166,0,0,11,5,16,20,32,62,68,182,0,54,54,236
10/17/2008,GPT,MS,ASO,CE,Combined TRACON& Tower with Radar,25,30,21,29,105,0,0,6,1,7,25,30,27,30,112,0,0,0,112
10/18/2008,GPT,MS,ASO,CE,Combined TRACON& Tower with Radar,17,30,21,13,81,0,0,15,0,15,17,30,36,13,96,0,16,16,112
10/19/2008,GPT,MS,ASO,CE,Combined TRACON& Tower with Radar,20,33,24,14,91,0,0,16,3,19,20,33,40,17,110,0,2,2,112
10/20/2008,GPT,MS,ASO,CE,Combined TRACON& Tower with Radar,23,33,13,43,112,0,0,10,6,16,23,33,23,49,128,8,4,12,140
10/21/2008,GPT,MS,ASO,CE,Combined TRACON& Tower with Radar,24,27,42,59,152,0,0,17,4,21,24,27,59,63,173,2,84,86,259
10/22/2008,GPT,MS,ASO,CE,Combined TRACON& Tower with Radar,24,26,37,39,126,0,0,13,2,15,24,26,50,41,141,0,22,22,163
10/23/2008,GPT,MS,ASO,CE,Combined TRACON& Tower with Radar,18,33,29,33,113,0,0,1,2,3,18,33,30,35,116,0,2,2,118
10/24/2008,GPT,MS,ASO,CE,Combined TRACON& Tower with Radar,22,28,25,68,143,0,0,6,1,7,22,28,31,69,150,0,0,0,150
10/25/2008,GPT,MS,ASO,CE,Combined TRACON& Tower with Radar,16,28,13,23,80,0,0,27,2,29,16,28,40,25,109,12,26,38,147
10/26/2008,GPT,MS,ASO,CE,Combined TRACON& Tower with Radar,17,39,19,25,100,0,0,15,4,19,17,39,34,29,119,4,0,4,123
10/27/2008,GPT,MS,ASO,CE,Combined TRACON& Tower with Radar,18,30,15,37,100,0,0,6,9,15,18,30,21,46,115,4,6,10,125
10/28/2008,GPT,MS,ASO,CE,Combined TRACON& Tower with Radar,20,26,32,83,161,0,0,18,15,33,20,26,50,98,194,0,52,52,246
10/29/2008,GPT,MS,ASO,CE,Combined TRACON& Tower with Radar,17,32,37,108,194,0,0,17,15,32,17,32,54,123,226,8,112,120,346
10/30/2008,GPT,MS,ASO,CE,Combined TRACON& Tower with Radar,17,32,36,45,130,0,0,17,14,31,17,32,53,59,161,0,4,4,165
10/31/2008,GPT,MS,ASO,CE,Combined TRACON& Tower with Radar,20,33,38,18,109,0,1,26,8,35,20,34,64,26,144,4,12,16,160
11/01/2008,GPT,MS,ASO,CE,Combined TRACON& Tower with Radar,17,28,2,0,47,0,1,32,0,33,17,29,34,0,80,22,0,22,102
11/02/2008,GPT,MS,ASO,CE,Combined TRACON& Tower with Radar,18,42,26,25,111,0,0,20,1,21,18,42,46,26,132,0,0,0,132
11/03/2008,GPT,MS,ASO,CE,Combined TRACON& Tower with Radar,16,31,24,21,92,0,1,16,0,17,16,32,40,21,109,0,0,0,109
11/04/2008,GPT,MS,ASO,CE,Combined TRACON& Tower with Radar,20,37,28,59,144,0,0,16,16,32,20,37,44,75,176,20,94,114,290
11/05/2008,GPT,MS,ASO,CE,Combined TRACON& Tower with Radar,19,37,18,56,130,0,0,21,9,30,19,37,39,65,160,30,30,60,220
11/06/2008,GPT,MS,ASO,CE,Combined TRACON& Tower with Radar,22,33,35,44,134,0,0,23,5,28,22,33,58,49,162,4,8,12,174
11/07/2008,GPT,MS,ASO,CE,Combined TRACON& Tower with Radar,19,40,30,42,131,0,11,8,0,19,19,51,38,42,150,4,0,4,154
11/08/2008,GPT,MS,ASO,CE,Combined TRACON& Tower with Radar,20,24,17,21,82,0,2,37,3,42,20,26,54,24,124,24,6,30,154
11/09/2008,GPT,MS,ASO,CE,Combined TRACON& Tower with Radar,22,34,21,11,88,0,0,28,4,32,22,34,49,15,120,0,0,0,120
11/10/2008,GPT,MS,ASO,CE,Combined TRACON& Tower with Radar,23,34,23,45,125,2,0,16,17,35,25,34,39,62,160,36,59,95,255
11/11/2008,GPT,MS,ASO,CE,Combined TRACON& Tower with Radar,26,28,21,8,83,0,0,14,0,14,26,28,35,8,97,10,0,10,107
11/12/2008,GPT,MS,ASO,CE,Combined TRACON& Tower with Radar,17,33,26,37,113,0,0,4,3,7,17,33,30,40,120,6,20,26,146
11/13/2008,GPT,MS,ASO,CE,Combined TRACON& Tower with Radar,19,34,28,16,97,0,0,0,3,3,19,34,28,19,100,0,6,6,106
11/14/2008,GPT,MS,ASO,CE,Combined TRACON& Tower with Radar,22,30,20,16,88,0,0,2,5,7,22,30,22,21,95,0,0,0,95
11/15/2008,GPT,MS,ASO,CE,Combined TRACON& Tower with Radar,18,26,21,5,70,0,0,15,1,16,18,26,36,6,86,10,0,10,96
11/16/2008,GPT,MS,ASO,CE,Combined TRACON& Tower with Radar,21,35,19,5,80,0,1,12,6,19,21,36,31,11,99,6,16,22,121
11/17/2008,GPT,MS,ASO,CE,Combined TRACON& Tower with Radar,23,32,22,12,89,0,0,17,9,26,23,32,39,21,115,0,12,12,127
11/18/2008,GPT,MS,ASO,CE,Combined TRACON& Tower with Radar,25,30,35,40,130,0,0,23,11,34,25,30,58,51,164,0,26,26,190
11/19/2008,GPT,MS,ASO,CE,Combined TRACON& Tower with Radar,22,31,30,89,172,0,0,29,8,37,22,31,59,97,209,12,78,90,299
11/20/2008,GPT,MS,ASO,CE,Combined TRACON& Tower with Radar,18,34,31,43,126,0,0,20,8,28,18,34,51,51,154,0,16,16,170
11/21/2008,GPT,MS,ASO,CE,Combined TRACON& Tower with Radar,29,34,27,40,130,0,0,9,10,19,29,34,36,50,149,2,12,14,163
11/22/2008,GPT,MS,ASO,CE,Combined TRACON& Tower with Radar,18,26,27,6,77,0,0,23,1,24,18,26,50,7,101,10,18,28,129
11/23/2008,GPT,MS,ASO,CE,Combined TRACON& Tower with Radar,23,35,21,5,84,0,0,21,2,23,23,35,42,7,107,10,0,10,117
11/24/2008,GPT,MS,ASO,CE,Combined TRACON& Tower with Radar,21,35,20,33,109,0,0,16,3,19,21,35,36,36,128,4,52,56,184
11/25/2008,GPT,MS,ASO,CE,Combined TRACON& Tower with Radar,25,27,22,48,122,0,0,12,9,21,25,27,34,57,143,2,42,44,187
11/26/2008,GPT,MS,ASO,CE,Combined TRACON& Tower with Radar,27,32,30,11,100,0,0,27,8,35,27,32,57,19,135,18,8,26,161
11/27/2008,GPT,MS,ASO,CE,Combined TRACON& Tower with Radar,15,25,3,0,43,0,0,1,0,1,15,25,4,0,44,0,0,0,44
11/28/2008,GPT,MS,ASO,CE,Combined TRACON& Tower with Radar,18,29,8,0,55,0,0,12,0,12,18,29,20,0,67,0,0,0,67
11/29/2008,GPT,MS,ASO,CE,Combined TRACON& Tower with Radar,20,37,10,0,67,0,0,0,0,0,20,37,10,0,67,0,0,0,67
11/30/2008,GPT,MS,ASO,CE,Combined TRACON& Tower with Radar,29,30,13,0,72,0,0,4,0,4,29,30,17,0,76,0,0,0,76
12/01/2008,GPT,MS,ASO,CE,Combined TRACON& Tower with Radar,28,34,19,49,130,0,0,13,4,17,28,34,32,53,147,0,70,70,217
12/02/2008,GPT,MS,ASO,CE,Combined TRACON& Tower with Radar,22,39,34,19,114,0,0,23,4,27,22,39,57,23,141,4,8,12,153
12/03/2008,GPT,MS,ASO,CE,Combined TRACON& Tower with Radar,23,29,18,65,135,0,0,14,8,22,23,29,32,73,157,8,32,40,197
12/04/2008,GPT,MS,ASO,CE,Combined TRACON& Tower with Radar,22,35,27,26,110,0,0,2,2,4,22,35,29,28,114,0,44,44,158
12/05/2008,GPT,MS,ASO,CE,Combined TRACON& Tower with Radar,26,26,23,37,112,0,0,0,1,1,26,26,23,38,113,4,18,22,135
12/06/2008,GPT,MS,ASO,CE,Combined TRACON& Tower with Radar,20,26,5,16,67,0,0,16,18,34,20,26,21,34,101,1,32,33,134
12/07/2008,GPT,MS,ASO,CE,Combined TRACON& Tower with Radar,29,31,25,5,90,0,0,16,3,19,29,31,41,8,109,0,0,0,109
12/08/2008,GPT,MS,ASO,CE,Combined TRACON& Tower with Radar,22,34,20,62,138,0,0,27,3,30,22,34,47,65,168,0,32,32,200
12/09/2008,GPT,MS,ASO,CE,Combined TRACON& Tower with Radar,19,29,19,17,84,0,0,1,0,1,19,29,20,17,85,0,0,0,85
12/10/2008,GPT,MS,ASO,CE,Combined TRACON& Tower with Radar,21,25,15,11,72,0,0,0,0,0,21,25,15,11,72,0,0,0,72
12/11/2008,GPT,MS,ASO,CE,Combined TRACON& Tower with Radar,23,30,14,9,76,0,0,0,0,0,23,30,14,9,76,0,12,12,88
12/12/2008,GPT,MS,ASO,CE,Combined TRACON& Tower with Radar,23,31,22,29,105,0,0,21,15,36,23,31,43,44,141,6,18,24,165
12/13/2008,GPT,MS,ASO,CE,Combined TRACON& Tower with Radar,19,28,27,33,107,0,0,19,5,24,19,28,46,38,131,0,2,2,133
12/14/2008,GPT,MS,ASO,CE,Combined TRACON& Tower with Radar,26,31,25,14,96,0,0,4,9,13,26,31,29,23,109,0,16,16,125
12/15/2008,GPT,MS,ASO,CE,Combined TRACON& Tower with Radar,24,35,20,21,100,0,0,0,0,0,24,35,20,21,100,0,0,0,100
12/16/2008,GPT,MS,ASO,CE,Combined TRACON& Tower with Radar,17,23,12,4,56,0,0,0,0,0,17,23,12,4,56,0,0,0,56
12/17/2008,GPT,MS,ASO,CE,Combined TRACON& Tower with Radar,16,17,23,7,63,0,0,0,0,0,16,17,23,7,63,0,0,0,63
12/18/2008,GPT,MS,ASO,CE,Combined TRACON& Tower with Radar,25,26,29,9,89,0,0,1,6,7,25,26,30,15,96,0,6,6,102
12/19/2008,GPT,MS,ASO,CE,Combined TRACON& Tower with Radar,25,33,14,53,125,0,0,3,6,9,25,33,17,59,134,0,26,26,160
12/20/2008,GPT,MS,ASO,CE,Combined TRACON& Tower with Radar,17,29,14,6,66,0,0,0,0,0,17,29,14,6,66,0,0,0,66
12/21/2008,GPT,MS,ASO,CE,Combined TRACON& Tower with Radar,14,37,6,8,65,0,0,2,6,8,14,37,8,14,73,0,0,0,73
12/22/2008,GPT,MS,ASO,CE,Combined TRACON& Tower with Radar,13,28,26,41,108,0,0,21,3,24,13,28,47,44,132,0,16,16,148
12/23/2008,GPT,MS,ASO,CE,Combined TRACON& Tower with Radar,17,35,23,25,100,0,0,6,1,7,17,35,29,26,107,0,24,24,131
12/24/2008,GPT,MS,ASO,CE,Combined TRACON& Tower with Radar,13,26,5,3,47,0,0,0,0,0,13,26,5,3,47,0,0,0,47
12/25/2008,GPT,MS,ASO,CE,Combined TRACON& Tower with Radar,8,27,12,0,47,0,0,0,0,0,8,27,12,0,47,0,0,0,47
12/26/2008,GPT,MS,ASO,CE,Combined TRACON& Tower with Radar,18,32,32,2,84,0,0,0,0,0,18,32,32,2,84,0,0,0,84
12/27/2008,GPT,MS,ASO,CE,Combined TRACON& Tower with Radar,18,32,16,0,66,0,0,1,0,1,18,32,17,0,67,0,0,0,67
12/28/2008,GPT,MS,ASO,CE,Combined TRACON& Tower with Radar,14,35,15,0,64,0,0,1,0,1,14,35,16,0,65,0,0,0,65
12/29/2008,GPT,MS,ASO,CE,Combined TRACON& Tower with Radar,17,41,22,24,104,0,0,19,1,20,17,41,41,25,124,0,0,0,124
12/30/2008,GPT,MS,ASO,CE,Combined TRACON& Tower with Radar,17,41,31,16,105,0,0,19,0,19,17,41,50,16,124,0,0,0,124
12/31/2008,GPT,MS,ASO,CE,Combined TRACON& Tower with Radar,18,33,15,9,75,0,6,13,1,20,18,39,28,10,95,0,0,0,95
01/01/2009,GPT,MS,ASO,CE,Combined TRACON& Tower with Radar,12,25,23,0,60,0,0,5,0,5,12,25,28,0,65,0,0,0,65
01/02/2009,GPT,MS,ASO,CE,Combined TRACON& Tower with Radar,27,32,32,2,93,0,0,6,0,6,27,32,38,2,99,1,0,1,100
01/03/2009,GPT,MS,ASO,CE,Combined TRACON& Tower with Radar,33,30,13,0,76,0,0,2,0,2,33,30,15,0,78,0,0,0,78
01/04/2009,GPT,MS,ASO,CE,Combined TRACON& Tower with Radar,28,39,34,0,101,0,0,3,0,3,28,39,37,0,104,0,0,0,104
01/05/2009,GPT,MS,ASO,CE,Combined TRACON& Tower with Radar,21,41,18,9,89,0,0,0,0,0,21,41,18,9,89,0,0,0,89
01/06/2009,GPT,MS,ASO,CE,Combined TRACON& Tower with Radar,15,27,14,38,94,0,0,0,0,0,15,27,14,38,94,0,0,0,94
01/07/2009,GPT,MS,ASO,CE,Combined TRACON& Tower with Radar,10,40,26,60,136,0,1,23,13,37,10,41,49,73,173,42,26,68,241
01/08/2009,GPT,MS,ASO,CE,Combined TRACON& Tower with Radar,10,37,37,69,153,0,0,34,16,50,10,37,71,85,203,56,44,100,303
01/09/2009,GPT,MS,ASO,CE,Combined TRACON& Tower with Radar,7,40,2,28,77,0,0,25,9,34,7,40,27,37,111,0,5,5,116
01/10/2009,GPT,MS,ASO,CE,Combined TRACON& Tower with Radar,7,30,11,21,69,0,0,1,0,1,7,30,12,21,70,0,0,0,70
01/11/2009,GPT,MS,ASO,CE,Combined TRACON& Tower with Radar,15,33,26,20,94,0,0,26,9,35,15,33,52,29,129,2,8,10,139
01/12/2009,GPT,MS,ASO,CE,Combined TRACON& Tower with Radar,13,36,40,59,148,0,0,29,5,34,13,36,69,64,182,66,32,98,280
01/13/2009,GPT,MS,ASO,CE,Combined TRACON& Tower with Radar,11,37,30,91,169,0,0,25,5,30,11,37,55,96,199,0,32,32,231
01/14/2009,GPT,MS,ASO,CE,Combined TRACON& Tower with Radar,10,36,28,72,146,0,0,23,6,29,10,36,51,78,175,20,26,46,221
01/15/2009,GPT,MS,ASO,CE,Combined TRACON& Tower with Radar,18,37,36,46,137,0,2,20,10,32,18,39,56,56,169,24,20,44,213
01/16/2009,GPT,MS,ASO,CE,Combined TRACON& Tower with Radar,13,40,42,88,183,0,0,31,7,38,13,40,73,95,221,42,32,74,295
01/17/2009,GPT,MS,ASO,CE,Combined TRACON& Tower with Radar,12,34,15,21,82,0,0,13,6,19,12,34,28,27,101,0,10,10,111
01/18/2009,GPT,MS,ASO,CE,Combined TRACON& Tower with Radar,13,33,17,6,69,0,0,9,2,11,13,33,26,8,80,6,2,8,88
01/19/2009,GPT,MS,ASO,CE,Combined TRACON& Tower with Radar,16,32,33,5,86,0,0,19,1,20,16,32,52,6,106,0,0,0,106
01/20/2009,GPT,MS,ASO,CE,Combined TRACON& Tower with Radar,12,42,45,77,176,0,0,26,4,30,12,42,71,81,206,20,10,30,236
01/21/2009,GPT,MS,ASO,CE,Combined TRACON& Tower with Radar,8,30,45,84,167,0,0,21,13,34,8,30,66,97,201,10,54,64,265
01/22/2009,GPT,MS,ASO,CE,Combined TRACON& Tower with Radar,8,36,52,79,175,0,0,26,9,35,8,36,78,88,210,16,30,46,256
01/23/2009,GPT,MS,ASO,CE,Combined TRACON& Tower with Radar,8,40,48,53,149,0,0,24,5,29,8,40,72,58,178,24,90,114,292
01/24/2009,GPT,MS,ASO,CE,Combined TRACON& Tower with Radar,7,31,11,9,58,0,0,7,0,7,7,31,18,9,65,20,12,32,97
01/25/2009,GPT,MS,ASO,CE,Combined TRACON& Tower with Radar,6,31,20,12,69,0,0,0,0,0,6,31,20,12,69,0,0,0,69
01/26/2009,GPT,MS,ASO,CE,Combined TRACON& Tower with Radar,10,35,44,53,142,0,0,19,0,19,10,35,63,53,161,0,4,4,165
01/27/2009,GPT,MS,ASO,CE,Combined TRACON& Tower with Radar,7,32,49,70,158,0,0,33,13,46,7,32,82,83,204,38,38,76,280
01/28/2009,GPT,MS,ASO,CE,Combined TRACON& Tower with Radar,10,28,33,106,177,0,0,7,4,11,10,28,40,110,188,10,48,58,246
01/29/2009,GPT,MS,ASO,CE,Combined TRACON& Tower with Radar,8,36,47,84,175,0,0,29,14,43,8,36,76,98,218,10,60,70,288
01/30/2009,GPT,MS,ASO,CE,Combined TRACON& Tower with Radar,10,36,36,84,166,0,0,37,6,43,10,36,73,90,209,0,32,32,241
01/31/2009,GPT,MS,ASO,CE,Combined TRACON& Tower with Radar,8,32,19,20,79,0,0,22,1,23,8,32,41,21,102,22,0,22,124
02/01/2009,GPT,MS,ASO,CE,Combined TRACON& Tower with Radar,15,35,36,5,91,0,0,14,2,16,15,35,50,7,107,6,0,6,113
02/02/2009,GPT,MS,ASO,CE,Combined TRACON& Tower with Radar,12,31,29,34,106,0,0,2,2,4,12,31,31,36,110,0,14,14,124
02/03/2009,GPT,MS,ASO,CE,Combined TRACON& Tower with Radar,5,34,38,100,177,0,0,30,9,39,5,34,68,109,216,16,60,76,292
02/04/2009,GPT,MS,ASO,CE,Combined TRACON& Tower with Radar,13,34,34,100,181,0,0,17,11,28,13,34,51,111,209,10,72,82,291
02/05/2009,GPT,MS,ASO,CE,Combined TRACON& Tower with Radar,8,34,46,92,180,0,0,24,12,36,8,34,70,104,216,6,60,66,282
02/06/2009,GPT,MS,ASO,CE,Combined TRACON& Tower with Radar,10,38,50,73,171,0,0,28,7,35,10,38,78,80,206,0,6,6,212
02/07/2009,GPT,MS,ASO,CE,Combined TRACON& Tower with Radar,9,33,30,47,119,0,0,28,5,33,9,33,58,52,152,10,2,12,164
02/08/2009,GPT,MS,ASO,CE,Combined TRACON& Tower with Radar,9,34,26,43,112,0,0,15,10,25,9,34,41,53,137,8,0,8,145
02/09/2009,GPT,MS,ASO,CE,Combined TRACON& Tower with Radar,12,34,27,38,111,0,0,15,2,17,12,34,42,40,128,22,6,28,156
02/10/2009,GPT,MS,ASO,CE,Combined TRACON& Tower with Radar,5,36,21,85,147,0,0,8,2,10,5,36,29,87,157,10,44,54,211
02/11/2009,GPT,MS,ASO,CE,Combined TRACON& Tower with Radar,9,37,23,56,125,0,0,3,2,5,9,37,26,58,130,0,50,50,180
02/12/2009,GPT,MS,ASO,CE,Combined TRACON& Tower with Radar,12,33,53,69,167,0,1,23,11,35,12,34,76,80,202,0,104,104,306
02/13/2009,GPT,MS,ASO,CE,Combined TRACON& Tower with Radar,10,40,38,32,120,0,0,4,3,7,10,40,42,35,127,4,10,14,141
02/14/2009,GPT,MS,ASO,CE,Combined TRACON& Tower with Radar,13,34,16,7,70,0,0,2,0,2,13,34,18,7,72,0,0,0,72
02/15/2009,GPT,MS,ASO,CE,Combined TRACON& Tower with Radar,11,39,33,13,96,0,0,4,0,4,11,39,37,13,100,0,0,0,100
02/16/2009,GPT,MS,ASO,CE,Combined TRACON& Tower with Radar,10,37,15,15,77,0,0,10,3,13,10,37,25,18,90,16,0,16,106
02/17/2009,GPT,MS,ASO,CE,Combined TRACON& Tower with Radar,5,36,22,31,94,0,0,15,1,16,5,36,37,32,110,0,8,8,118
02/18/2009,GPT,MS,ASO,CE,Combined TRACON& Tower with Radar,8,38,18,69,133,0,0,8,0,8,8,38,26,69,141,16,38,54,195
02/19/2009,GPT,MS,ASO,CE,Combined TRACON& Tower with Radar,12,37,50,84,183,0,0,27,6,33,12,37,77,90,216,6,40,46,262
02/20/2009,GPT,MS,ASO,CE,Combined TRACON& Tower with Radar,8,39,46,88,181,0,3,33,14,50,8,42,79,102,231,0,34,34,265
02/21/2009,GPT,MS,ASO,CE,Combined TRACON& Tower with Radar,10,30,23,4,67,0,0,19,10,29,10,30,42,14,96,0,0,0,96
02/22/2009,GPT,MS,ASO,CE,Combined TRACON& Tower with Radar,9,39,35,18,101,0,0,21,3,24,9,39,56,21,125,4,6,10,135
02/23/2009,GPT,MS,ASO,CE,Combined TRACON& Tower with Radar,10,37,13,33,93,0,0,19,4,23,10,37,32,37,116,6,2,8,124
02/24/2009,GPT,MS,ASO,CE,Combined TRACON& Tower with Radar,10,35,28,43,116,0,0,34,0,34,10,35,62,43,150,0,10,10,160
02/25/2009,GPT,MS,ASO,CE,Combined TRACON& Tower with Radar,10,30,48,31,119,0,1,26,9,36,10,31,74,40,155,0,57,57,212
02/26/2009,GPT,MS,ASO,CE,Combined TRACON& Tower with Radar,10,37,21,59,127,0,1,5,1,7,10,38,26,60,134,0,4,4,138
02/27/2009,GPT,MS,ASO,CE,Combined TRACON& Tower with Radar,10,37,34,53,134,0,0,24,5,29,10,37,58,58,163,0,76,76,239
02/28/2009,GPT,MS,ASO,CE,Combined TRACON& Tower with Radar,12,31,20,17,80,0,0,2,8,10,12,31,22,25,90,0,8,8,98
03/01/2009,GPT,MS,ASO,CE,Combined TRACON& Tower with Radar,2,35,19,15,71,0,0,3,0,3,2,35,22,15,74,0,0,0,74
03/02/2009,GPT,MS,ASO,CE,Combined TRACON& Tower with Radar,7,33,13,18,71,0,0,19,1,20,7,33,32,19,91,0,0,0,91
03/03/2009,GPT,MS,ASO,CE,Combined TRACON& Tower with Radar,8,36,23,65,132,0,0,15,12,27,8,36,38,77,159,4,54,58,217
03/04/2009,GPT,MS,ASO,CE,Combined TRACON& Tower with Radar,10,35,42,83,170,0,0,39,6,45,10,35,81,89,215,2,58,60,275
03/05/2009,GPT,MS,ASO,CE,Combined TRACON& Tower with Radar,8,40,30,90,168,0,2,26,16,44,8,42,56,106,212,4,90,94,306
03/06/2009,GPT,MS,ASO,CE,Combined TRACON& Tower with Radar,14,41,53,42,150,0,0,32,9,41,14,41,85,51,191,13,30,43,234
03/07/2009,GPT,MS,ASO,CE,Combined TRACON& Tower with Radar,13,36,21,11,81,9,9,11,4,33,22,45,32,15,114,8,2,10,124
03/08/2009,GPT,MS,ASO,CE,Combined TRACON& Tower with Radar,14,36,25,30,105,0,0,12,1,13,14,36,37,31,118,4,26,30,148
03/09/2009,GPT,MS,ASO,CE,Combined TRACON& Tower with Radar,11,39,33,83,166,0,0,18,6,24,11,39,51,89,190,4,74,78,268
03/10/2009,GPT,MS,ASO,CE,Combined TRACON& Tower with Radar,7,39,22,122,190,0,1,13,12,26,7,40,35,134,216,6,82,88,304
03/11/2009,GPT,MS,ASO,CE,Combined TRACON& Tower with Radar,13,39,18,91,161,0,0,8,12,20,13,39,26,103,181,7,24,31,212
03/12/2009,GPT,MS,ASO,CE,Combined TRACON& Tower with Radar,10,41,27,84,162,0,0,6,8,14,10,41,33,92,176,0,16,16,192
03/13/2009,GPT,MS,ASO,CE,Combined TRACON& Tower with Radar,9,40,32,59,140,0,0,9,0,9,9,40,41,59,149,0,0,0,149
03/14/2009,GPT,MS,ASO,CE,Combined TRACON& Tower with Radar,7,32,12,2,53,0,0,1,0,1,7,32,13,2,54,0,0,0,54
03/15/2009,GPT,MS,ASO,CE,Combined TRACON& Tower with Radar,9,35,18,0,62,0,0,2,0,2,9,35,20,0,64,0,0,0,64
03/16/2009,GPT,MS,ASO,CE,Combined TRACON& Tower with Radar,6,38,18,31,93,0,0,0,4,4,6,38,18,35,97,0,18,18,115
03/17/2009,GPT,MS,ASO,CE,Combined TRACON& Tower with Radar,11,38,40,83,172,0,0,30,9,39,11,38,70,92,211,36,38,74,285
03/18/2009,GPT,MS,ASO,CE,Combined TRACON& Tower with Radar,7,39,22,46,114,0,2,21,8,31,7,41,43,54,145,0,14,14,159
03/19/2009,GPT,MS,ASO,CE,Combined TRACON& Tower with Radar,10,36,18,70,134,0,0,17,9,26,10,36,35,79,160,0,50,50,210
03/20/2009,GPT,MS,ASO,CE,Combined TRACON& Tower with Radar,13,43,18,29,103,0,0,17,15,32,13,43,35,44,135,0,10,10,145
03/21/2009,GPT,MS,ASO,CE,Combined TRACON& Tower with Radar,6,36,9,9,60,0,0,17,3,20,6,36,26,12,80,2,0,2,82
03/22/2009,GPT,MS,ASO,CE,Combined TRACON& Tower with Radar,13,35,19,20,87,0,0,9,11,20,13,35,28,31,107,0,12,12,119
03/23/2009,GPT,MS,ASO,CE,Combined TRACON& Tower with Radar,11,35,22,69,137,0,0,18,5,23,11,35,40,74,160,2,24,26,186
03/24/2009,GPT,MS,ASO,CE,Combined TRACON& Tower with Radar,10,36,15,55,116,0,0,1,6,7,10,36,16,61,123,0,26,26,149
03/25/2009,GPT,MS,ASO,CE,Combined TRACON& Tower with Radar,9,37,10,23,79,0,0,2,0,2,9,37,12,23,81,2,0,2,83
03/26/2009,GPT,MS,ASO,CE,Combined TRACON& Tower with Radar,11,34,19,19,83,0,0,3,4,7,11,34,22,23,90,0,0,0,90
03/27/2009,GPT,MS,ASO,CE,Combined TRACON& Tower with Radar,9,32,13,35,89,0,0,4,11,15,9,32,17,46,104,0,44,44,148
03/28/2009,GPT,MS,ASO,CE,Combined TRACON& Tower with Radar,8,40,9,4,61,0,0,9,3,12,8,40,18,7,73,0,0,0,73
03/29/2009,GPT,MS,ASO,CE,Combined TRACON& Tower with Radar,11,38,24,10,83,0,0,11,6,17,11,38,35,16,100,6,9,15,115
03/30/2009,GPT,MS,ASO,CE,Combined TRACON& Tower with Radar,8,38,25,27,98,0,0,19,10,29,8,38,44,37,127,6,19,25,152
03/31/2009,GPT,MS,ASO,CE,Combined TRACON& Tower with Radar,8,37,9,37,91,0,0,1,0,1,8,37,10,37,92,0,0,0,92
04/01/2009,GPT,MS,ASO,CE,Combined TRACON& Tower with Radar,10,33,24,64,131,0,0,19,9,28,10,33,43,73,159,0,66,66,225
04/02/2009,GPT,MS,ASO,CE,Combined TRACON& Tower with Radar,10,34,24,16,84,0,0,5,2,7,10,34,29,18,91,0,2,2,93
04/03/2009,GPT,MS,ASO,CE,Combined TRACON& Tower with Radar,9,36,35,40,120,0,0,30,16,46,9,36,65,56,166,8,54,62,228
04/04/2009,GPT,MS,ASO,CE,Combined TRACON& Tower with Radar,7,38,10,9,64,0,1,28,17,46,7,39,38,26,110,0,0,0,110
04/05/2009,GPT,MS,ASO,CE,Combined TRACON& Tower with Radar,7,39,11,34,91,0,0,7,4,11,7,39,18,38,102,0,0,0,102
04/06/2009,GPT,MS,ASO,CE,Combined TRACON& Tower with Radar,9,39,19,35,102,0,0,20,7,27,9,39,39,42,129,8,22,30,159
04/07/2009,GPT,MS,ASO,CE,Combined TRACON& Tower with Radar,5,39,34,29,107,0,1,16,0,17,5,40,50,29,124,0,6,6,130
04/08/2009,GPT,MS,ASO,CE,Combined TRACON& Tower with Radar,9,38,28,77,152,0,0,24,0,24,9,38,52,77,176,4,38,42,218
04/09/2009,GPT,MS,ASO,CE,Combined TRACON& Tower with Radar,8,37,17,29,91,0,0,12,9,21,8,37,29,38,112,0,0,0,112
04/10/2009,GPT,MS,ASO,CE,Combined TRACON& Tower with Radar,5,41,14,35,95,0,0,5,3,8,5,41,19,38,103,6,26,32,135
04/11/2009,GPT,MS,ASO,CE,Combined TRACON& Tower with Radar,20,37,15,1,73,0,1,11,0,12,20,38,26,1,85,32,0,32,117
04/12/2009,GPT,MS,ASO,CE,Combined TRACON& Tower with Radar,10,39,9,2,60,0,0,3,0,3,10,39,12,2,63,0,0,0,63
04/13/2009,GPT,MS,ASO,CE,Combined TRACON& Tower with Radar,16,36,19,8,79,0,0,3,0,3,16,36,22,8,82,0,14,14,96
04/14/2009,GPT,MS,ASO,CE,Combined TRACON& Tower with Radar,7,40,23,75,145,0,0,8,16,24,7,40,31,91,169,8,18,26,195
04/15/2009,GPT,MS,ASO,CE,Combined TRACON& Tower with Radar,10,37,26,26,99,0,0,24,4,28,10,37,50,30,127,18,18,36,163
04/16/2009,GPT,MS,ASO,CE,Combined TRACON& Tower with Radar,10,40,23,52,125,0,1,17,12,30,10,41,40,64,155,0,36,36,191
04/17/2009,GPT,MS,ASO,CE,Combined TRACON& Tower with Radar,8,34,27,24,93,0,0,3,3,6,8,34,30,27,99,8,2,10,109
04/18/2009,GPT,MS,ASO,CE,Combined TRACON& Tower with Radar,12,33,14,2,61,0,0,0,1,1,12,33,14,3,62,0,0,0,62
04/19/2009,GPT,MS,ASO,CE,Combined TRACON& Tower with Radar,8,41,29,10,88,0,0,2,1,3,8,41,31,11,91,0,0,0,91
04/20/2009,GPT,MS,ASO,CE,Combined TRACON& Tower with Radar,10,39,20,41,110,0,0,17,3,20,10,39,37,44,130,0,86,86,216
04/21/2009,GPT,MS,ASO,CE,Combined TRACON& Tower with Radar,10,37,21,112,180,0,0,29,12,41,10,37,50,124,221,10,78,88,309
04/22/2009,GPT,MS,ASO,CE,Combined TRACON& Tower with Radar,10,37,34,55,136,0,0,31,12,43,10,37,65,67,179,12,64,76,255
04/23/2009,GPT,MS,ASO,CE,Combined TRACON& Tower with Radar,7,39,32,32,110,0,0,26,7,33,7,39,58,39,143,0,0,0,143
04/24/2009,GPT,MS,ASO,CE,Combined TRACON& Tower with Radar,7,42,41,33,123,0,0,0,2,2,7,42,41,35,125,4,16,20,145
04/25/2009,GPT,MS,ASO,CE,Combined TRACON& Tower with Radar,8,35,16,13,72,0,2,26,13,41,8,37,42,26,113,0,4,4,117
04/26/2009,GPT,MS,ASO,CE,Combined TRACON& Tower with Radar,7,40,20,17,84,0,0,14,9,23,7,40,34,26,107,12,0,12,119
04/27/2009,GPT,MS,ASO,CE,Combined TRACON& Tower with Radar,9,34,27,51,121,0,1,8,9,18,9,35,35,60,139,0,28,28,167
04/28/2009,GPT,MS,ASO,CE,Combined TRACON& Tower with Radar,7,37,22,59,125,0,0,16,8,24,7,37,38,67,149,12,18,30,179
04/29/2009,GPT,MS,ASO,CE,Combined TRACON& Tower with Radar,10,42,34,65,151,0,0,26,5,31,10,42,60,70,182,2,30,32,214
04/30/2009,GPT,MS,ASO,CE,Combined TRACON& Tower with Radar,7,44,34,67,152,0,0,28,0,28,7,44,62,67,180,0,36,36,216
05/01/2009,GPT,MS,ASO,CE,Combined TRACON& Tower with Radar,11,40,22,73,146,0,4,17,5,26,11,44,39,78,172,6,52,58,230
05/02/2009,GPT,MS,ASO,CE,Combined TRACON& Tower with Radar,7,33,16,21,77,0,3,12,3,18,7,36,28,24,95,12,14,26,121
05/03/2009,GPT,MS,ASO,CE,Combined TRACON& Tower with Radar,9,38,12,16,75,0,1,3,0,4,9,39,15,16,79,0,22,22,101
05/04/2009,GPT,MS,ASO,CE,Combined TRACON& Tower with Radar,13,38,22,21,94,0,0,8,2,10,13,38,30,23,104,8,30,38,142
05/05/2009,GPT,MS,ASO,CE,Combined TRACON& Tower with Radar,7,32,27,52,118,0,1,6,2,9,7,33,33,54,127,0,34,34,161
05/06/2009,GPT,MS,ASO,CE,Combined TRACON& Tower with Radar,9,33,28,45,115,0,0,11,15,26,9,33,39,60,141,0,18,18,159
05/07/2009,GPT,MS,ASO,CE,Combined TRACON& Tower with Radar,7,38,21,38,104,0,0,21,12,33,7,38,42,50,137,0,0,0,137
05/08/2009,GPT,MS,ASO,CE,Combined TRACON& Tower with Radar,9,37,21,86,153,0,3,14,6,23,9,40,35,92,176,14,40,54,230
05/09/2009,GPT,MS,ASO,CE,Combined TRACON& Tower with Radar,9,32,18,22,81,0,2,6,10,18,9,34,24,32,99,10,10,20,119
05/10/2009,GPT,MS,ASO,CE,Combined TRACON& Tower with Radar,9,36,8,10,63,0,0,5,5,10,9,36,13,15,73,0,0,0,73
05/11/2009,GPT,MS,ASO,CE,Combined TRACON& Tower with Radar,9,36,13,19,77,0,2,7,6,15,9,38,20,25,92,0,0,0,92
05/12/2009,GPT,MS,ASO,CE,Combined TRACON& Tower with Radar,7,32,25,58,122,0,1,19,19,39,7,33,44,77,161,0,22,22,183
05/13/2009,GPT,MS,ASO,CE,Combined TRACON& Tower with Radar,10,34,20,58,122,0,3,17,19,39,10,37,37,77,161,8,26,34,195
05/14/2009,GPT,MS,ASO,CE,Combined TRACON& Tower with Radar,8,36,33,45,122,0,1,14,16,31,8,37,47,61,153,2,14,16,169
05/15/2009,GPT,MS,ASO,CE,Combined TRACON& Tower with Radar,12,38,32,16,98,0,1,4,18,23,12,39,36,34,121,0,2,2,123
05/16/2009,GPT,MS,ASO,CE,Combined TRACON& Tower with Radar,8,30,8,2,48,0,0,6,5,11,8,30,14,7,59,6,0,6,65
05/17/2009,GPT,MS,ASO,CE,Combined TRACON& Tower with Radar,11,38,12,6,67,0,0,7,2,9,11,38,19,8,76,4,0,4,80
05/18/2009,GPT,MS,ASO,CE,Combined TRACON& Tower with Radar,9,38,18,10,75,0,1,20,31,52,9,39,38,41,127,14,28,42,169
05/19/2009,GPT,MS,ASO,CE,Combined TRACON& Tower with Radar,8,33,36,63,140,0,0,24,22,46,8,33,60,85,186,14,40,54,240
05/20/2009,GPT,MS,ASO,CE,Combined TRACON& Tower with Radar,10,35,14,71,130,0,2,16,43,61,10,37,30,114,191,0,38,38,229
05/21/2009,GPT,MS,ASO,CE,Combined TRACON& Tower with Radar,8,36,24,80,148,0,0,5,29,34,8,36,29,109,182,12,38,50,232
05/22/2009,GPT,MS,ASO,CE,Combined TRACON& Tower with Radar,10,49,17,8,84,0,0,3,3,6,10,49,20,11,90,0,0,0,90
05/23/2009,GPT,MS,ASO,CE,Combined TRACON& Tower with Radar,10,29,16,8,63,0,0,0,0,0,10,29,16,8,63,0,4,4,67
05/24/2009,GPT,MS,ASO,CE,Combined TRACON& Tower with Radar,12,27,4,1,44,0,2,2,0,4,12,29,6,1,48,0,0,0,48
05/25/2009,GPT,MS,ASO,CE,Combined TRACON& Tower with Radar,12,34,7,0,53,0,2,0,0,2,12,36,7,0,55,0,0,0,55
05/26/2009,GPT,MS,ASO,CE,Combined TRACON& Tower with Radar,9,39,15,53,116,0,1,8,4,13,9,40,23,57,129,10,24,34,163
05/27/2009,GPT,MS,ASO,CE,Combined TRACON& Tower with Radar,11,39,20,14,84,0,0,8,7,15,11,39,28,21,99,22,6,28,127
05/28/2009,GPT,MS,ASO,CE,Combined TRACON& Tower with Radar,10,36,33,58,137,0,2,17,5,24,10,38,50,63,161,16,26,42,203
05/29/2009,GPT,MS,ASO,CE,Combined TRACON& Tower with Radar,11,39,22,67,139,0,2,24,2,28,11,41,46,69,167,0,18,18,185
05/30/2009,GPT,MS,ASO,CE,Combined TRACON& Tower with Radar,9,31,9,25,74,0,1,27,2,30,9,32,36,27,104,8,10,18,122
05/31/2009,GPT,MS,ASO,CE,Combined TRACON& Tower with Radar,10,39,25,7,81,0,6,24,1,31,10,45,49,8,112,0,0,0,112
06/01/2009,GPT,MS,ASO,CE,Combined TRACON& Tower with Radar,6,43,17,38,104,0,9,30,9,48,6,52,47,47,152,14,22,36,188
06/02/2009,GPT,MS,ASO,CE,Combined TRACON& Tower with Radar,11,38,21,112,182,0,0,15,8,23,11,38,36,120,205,2,120,122,327
06/03/2009,GPT,MS,ASO,CE,Combined TRACON& Tower with Radar,10,39,23,8,80,0,0,9,8,17,10,39,32,16,97,0,0,0,97
06/04/2009,GPT,MS,ASO,CE,Combined TRACON& Tower with Radar,7,43,17,30,97,0,0,8,2,10,7,43,25,32,107,8,20,28,135
06/05/2009,GPT,MS,ASO,CE,Combined TRACON& Tower with Radar,6,48,26,73,153,0,0,12,4,16,6,48,38,77,169,40,24,64,233
06/06/2009,GPT,MS,ASO,CE,Combined TRACON& Tower with Radar,2,38,12,56,108,0,6,26,10,42,2,44,38,66,150,12,16,28,178
06/07/2009,GPT,MS,ASO,CE,Combined TRACON& Tower with Radar,7,46,19,27,99,0,5,19,7,31,7,51,38,34,130,2,6,8,138
06/08/2009,GPT,MS,ASO,CE,Combined TRACON& Tower with Radar,4,42,32,34,112,0,0,19,5,24,4,42,51,39,136,4,0,4,140
06/09/2009,GPT,MS,ASO,CE,Combined TRACON& Tower with Radar,3,45,29,75,152,0,7,24,13,44,3,52,53,88,196,0,102,102,298
06/10/2009,GPT,MS,ASO,CE,Combined TRACON& Tower with Radar,10,38,17,43,108,0,0,22,15,37,10,38,39,58,145,6,58,64,209
06/11/2009,GPT,MS,ASO,CE,Combined TRACON& Tower with Radar,4,40,20,94,158,2,2,26,9,39,6,42,46,103,197,8,58,66,263
06/12/2009,GPT,MS,ASO,CE,Combined TRACON& Tower with Radar,5,42,13,38,98,0,1,20,4,25,5,43,33,42,123,0,40,40,163
06/13/2009,GPT,MS,ASO,CE,Combined TRACON& Tower with Radar,1,41,18,13,73,0,6,18,4,28,1,47,36,17,101,0,0,0,101
06/14/2009,GPT,MS,ASO,CE,Combined TRACON& Tower with Radar,7,40,17,14,78,0,0,6,1,7,7,40,23,15,85,0,0,0,85
06/15/2009,GPT,MS,ASO,CE,Combined TRACON& Tower with Radar,6,42,15,80,143,0,0,14,10,24,6,42,29,90,167,16,124,140,307
06/16/2009,GPT,MS,ASO,CE,Combined TRACON& Tower with Radar,6,41,12,63,122,0,0,9,12,21,6,41,21,75,143,0,50,50,193
06/17/2009,GPT,MS,ASO,CE,Combined TRACON& Tower with Radar,10,44,22,36,112,0,0,29,4,33,10,44,51,40,145,0,8,8,153
06/18/2009,GPT,MS,ASO,CE,Combined TRACON& Tower with Radar,5,43,27,35,110,0,0,21,9,30,5,43,48,44,140,6,50,56,196
06/19/2009,GPT,MS,ASO,CE,Combined TRACON& Tower with Radar,8,42,26,39,115,0,3,14,2,19,8,45,40,41,134,0,62,62,196
06/20/2009,GPT,MS,ASO,CE,Combined TRACON& Tower with Radar,4,40,7,2,53,0,2,19,0,21,4,42,26,2,74,6,2,8,82
06/21/2009,GPT,MS,ASO,CE,Combined TRACON& Tower with Radar,10,39,19,7,75,0,4,22,7,33,10,43,41,14,108,0,0,0,108
06/22/2009,GPT,MS,ASO,CE,Combined TRACON& Tower with Radar,5,40,15,40,100,0,3,13,9,25,5,43,28,49,125,4,26,30,155
06/23/2009,GPT,MS,ASO,CE,Combined TRACON& Tower with Radar,9,42,22,34,107,0,6,16,6,28,9,48,38,40,135,28,32,60,195
06/24/2009,GPT,MS,ASO,CE,Combined TRACON& Tower with Radar,6,43,17,52,118,0,0,27,7,34,6,43,44,59,152,0,54,54,206
06/25/2009,GPT,MS,ASO,CE,Combined TRACON& Tower with Radar,6,42,24,37,109,0,5,15,5,25,6,47,39,42,134,16,34,50,184
06/26/2009,GPT,MS,ASO,CE,Combined TRACON& Tower with Radar,6,45,15,45,111,0,0,16,5,21,6,45,31,50,132,12,86,98,230
06/27/2009,GPT,MS,ASO,CE,Combined TRACON& Tower with Radar,6,39,11,5,61,0,1,10,2,13,6,40,21,7,74,0,0,0,74
06/28/2009,GPT,MS,ASO,CE,Combined TRACON& Tower with Radar,8,40,13,23,84,0,2,4,11,17,8,42,17,34,101,0,0,0,101
06/29/2009,GPT,MS,ASO,CE,Combined TRACON& Tower with Radar,3,43,8,30,84,0,0,7,2,9,3,43,15,32,93,2,48,50,143
06/30/2009,GPT,MS,ASO,CE,Combined TRACON& Tower with Radar,3,42,19,45,109,0,4,13,3,20,3,46,32,48,129,12,62,74,203
07/01/2009,GPT,MS,ASO,CE,Combined TRACON& Tower with Radar,5,42,22,41,110,0,6,11,3,20,5,48,33,44,130,22,10,32,162
07/02/2009,GPT,MS,ASO,CE,Combined TRACON& Tower with Radar,5,43,29,37,114,0,0,7,4,11,5,43,36,41,125,0,30,30,155
07/03/2009,GPT,MS,ASO,CE,Combined TRACON& Tower with Radar,5,39,20,0,64,0,2,16,1,19,5,41,36,1,83,20,0,20,103
07/04/2009,GPT,MS,ASO,CE,Combined TRACON& Tower with Radar,0,36,3,0,39,0,2,8,1,11,0,38,11,1,50,0,10,10,60
07/05/2009,GPT,MS,ASO,CE,Combined TRACON& Tower with Radar,4,42,23,7,76,0,2,6,0,8,4,44,29,7,84,0,0,0,84
07/06/2009,GPT,MS,ASO,CE,Combined TRACON& Tower with Radar,2,42,13,12,69,0,1,0,2,3,2,43,13,14,72,0,0,0,72
07/07/2009,GPT,MS,ASO,CE,Combined TRACON& Tower with Radar,2,41,21,40,104,0,0,3,2,5,2,41,24,42,109,10,12,22,131
07/08/2009,GPT,MS,ASO,CE,Combined TRACON& Tower with Radar,6,42,5,79,132,0,0,10,5,15,6,42,15,84,147,0,74,74,221
07/09/2009,GPT,MS,ASO,CE,Combined TRACON& Tower with Radar,2,43,27,79,151,0,1,16,3,20,2,44,43,82,171,14,32,46,217
07/10/2009,GPT,MS,ASO,CE,Combined TRACON& Tower with Radar,7,48,28,94,177,0,0,14,4,18,7,48,42,98,195,4,84,88,283
07/11/2009,GPT,MS,ASO,CE,Combined TRACON& Tower with Radar,4,43,15,12,74,0,2,16,5,23,4,45,31,17,97,0,0,0,97
07/12/2009,GPT,MS,ASO,CE,Combined TRACON& Tower with Radar,9,43,27,8,87,0,0,8,12,20,9,43,35,20,107,12,6,18,125
07/13/2009,GPT,MS,ASO,CE,Combined TRACON& Tower with Radar,4,43,22,23,92,0,2,8,0,10,4,45,30,23,102,0,0,0,102
07/14/2009,GPT,MS,ASO,CE,Combined TRACON& Tower with Radar,4,43,27,70,144,0,1,12,2,15,4,44,39,72,159,0,72,72,231
07/15/2009,GPT,MS,ASO,CE,Combined TRACON& Tower with Radar,8,44,22,110,184,0,6,13,3,22,8,50,35,113,206,16,60,76,282
07/16/2009,GPT,MS,ASO,CE,Combined TRACON& Tower with Radar,7,43,20,7,77,0,1,12,0,13,7,44,32,7,90,38,26,64,154
07/17/2009,GPT,MS,ASO,CE,Combined TRACON& Tower with Radar,8,44,32,22,106,0,1,15,7,23,8,45,47,29,129,30,128,158,287
07/18/2009,GPT,MS,ASO,CE,Combined TRACON& Tower with Radar,2,43,22,10,77,0,7,13,8,28,2,50,35,18,105,34,14,48,153
07/19/2009,GPT,MS,ASO,CE,Combined TRACON& Tower with Radar,10,43,14,19,86,0,3,12,0,15,10,46,26,19,101,16,62,78,179
07/20/2009,GPT,MS,ASO,CE,Combined TRACON& Tower with Radar,4,48,23,36,111,0,1,19,15,35,4,49,42,51,146,18,28,46,192
07/21/2009,GPT,MS,ASO,CE,Combined TRACON& Tower with Radar,4,40,34,46,124,0,3,9,1,13,4,43,43,47,137,28,68,96,233
07/22/2009,GPT,MS,ASO,CE,Combined TRACON& Tower with Radar,9,41,18,68,136,0,0,10,0,10,9,41,28,68,146,0,74,74,220
07/23/2009,GPT,MS,ASO,CE,Combined TRACON& Tower with Radar,4,44,34,55,137,0,4,13,5,22,4,48,47,60,159,10,88,98,257
07/24/2009,GPT,MS,ASO,CE,Combined TRACON& Tower with Radar,8,45,12,22,87,0,4,13,4,21,8,49,25,26,108,0,26,26,134
07/25/2009,GPT,MS,ASO,CE,Combined TRACON& Tower with Radar,2,40,7,2,51,0,0,17,0,17,2,40,24,2,68,34,0,34,102
07/26/2009,GPT,MS,ASO,CE,Combined TRACON& Tower with Radar,8,39,10,4,61,0,2,13,1,16,8,41,23,5,77,6,16,22,99
07/27/2009,GPT,MS,ASO,CE,Combined TRACON& Tower with Radar,4,40,10,15,69,0,1,9,0,10,4,41,19,15,79,24,38,62,141
07/28/2009,GPT,MS,ASO,CE,Combined TRACON& Tower with Radar,4,39,21,25,89,0,0,3,3,6,4,39,24,28,95,0,32,32,127
07/29/2009,GPT,MS,ASO,CE,Combined TRACON& Tower with Radar,9,42,12,44,107,0,0,12,10,22,9,42,24,54,129,18,42,60,189
07/30/2009,GPT,MS,ASO,CE,Combined TRACON& Tower with Radar,4,39,22,62,127,0,2,25,8,35,4,41,47,70,162,0,46,46,208
07/31/2009,GPT,MS,ASO,CE,Combined TRACON& Tower with Radar,10,42,16,51,119,0,0,12,2,14,10,42,28,53,133,12,44,56,189
08/01/2009,GPT,MS,ASO,CE,Combined TRACON& Tower with Radar,5,42,5,48,100,0,4,5,0,9,5,46,10,48,109,0,0,0,109
08/02/2009,GPT,MS,ASO,CE,Combined TRACON& Tower with Radar,10,42,14,53,119,0,0,10,3,13,10,42,24,56,132,0,4,4,136
08/03/2009,GPT,MS,ASO,CE,Combined TRACON& Tower with Radar,4,41,15,16,76,0,1,12,2,15,4,42,27,18,91,0,24,24,115
08/04/2009,GPT,MS,ASO,CE,Combined TRACON& Tower with Radar,6,39,19,41,105,0,2,13,8,23,6,41,32,49,128,2,20,22,150
08/05/2009,GPT,MS,ASO,CE,Combined TRACON& Tower with Radar,10,41,35,22,108,0,0,19,7,26,10,41,54,29,134,0,26,26,160
08/06/2009,GPT,MS,ASO,CE,Combined TRACON& Tower with Radar,8,43,19,27,97,0,2,19,7,28,8,45,38,34,125,2,22,24,149
08/07/2009,GPT,MS,ASO,CE,Combined TRACON& Tower with Radar,9,42,17,39,107,0,3,9,4,16,9,45,26,43,123,0,52,52,175
08/08/2009,GPT,MS,ASO,CE,Combined TRACON& Tower with Radar,2,41,6,3,52,0,11,5,0,16,2,52,11,3,68,6,0,6,74
08/09/2009,GPT,MS,ASO,CE,Combined TRACON& Tower with Radar,14,41,10,12,77,0,0,4,0,4,14,41,14,12,81,16,60,76,157
08/10/2009,GPT,MS,ASO,CE,Combined TRACON& Tower with Radar,4,42,10,23,79,0,0,3,2,5,4,42,13,25,84,4,12,16,100
08/11/2009,GPT,MS,ASO,CE,Combined TRACON& Tower with Radar,4,38,10,39,91,0,1,11,3,15,4,39,21,42,106,8,38,46,152
08/12/2009,GPT,MS,ASO,CE,Combined TRACON& Tower with Radar,10,39,31,76,156,0,2,8,3,13,10,41,39,79,169,10,62,72,241
08/13/2009,GPT,MS,ASO,CE,Combined TRACON& Tower with Radar,6,48,24,67,145,0,2,31,14,47,6,50,55,81,192,6,8,14,206
08/14/2009,GPT,MS,ASO,CE,Combined TRACON& Tower with Radar,13,42,19,68,142,0,1,27,18,46,13,43,46,86,188,2,14,16,204
08/15/2009,GPT,MS,ASO,CE,Combined TRACON& Tower with Radar,7,41,13,12,73,0,2,6,3,11,7,43,19,15,84,2,20,22,106
08/16/2009,GPT,MS,ASO,CE,Combined TRACON& Tower with Radar,9,41,17,11,78,0,2,9,0,11,9,43,26,11,89,2,28,30,119
08/17/2009,GPT,MS,ASO,CE,Combined TRACON& Tower with Radar,6,43,13,39,101,0,2,8,4,14,6,45,21,43,115,18,56,74,189
08/18/2009,GPT,MS,ASO,CE,Combined TRACON& Tower with Radar,4,39,22,24,89,0,0,7,6,13,4,39,29,30,102,10,74,84,186
08/19/2009,GPT,MS,ASO,CE,Combined TRACON& Tower with Radar,10,40,11,17,78,0,1,4,4,9,10,41,15,21,87,0,44,44,131
08/20/2009,GPT,MS,ASO,CE,Combined TRACON& Tower with Radar,9,37,15,64,125,0,0,10,2,12,9,37,25,66,137,4,102,106,243
08/21/2009,GPT,MS,ASO,CE,Combined TRACON& Tower with Radar,11,35,6,15,67,0,0,10,0,10,11,35,16,15,77,18,42,60,137
08/22/2009,GPT,MS,ASO,CE,Combined TRACON& Tower with Radar,6,34,16,6,62,0,0,9,6,15,6,34,25,12,77,6,16,22,99
08/23/2009,GPT,MS,ASO,CE,Combined TRACON& Tower with Radar,9,36,17,6,68,0,2,16,5,23,9,38,33,11,91,24,0,24,115
08/24/2009,GPT,MS,ASO,CE,Combined TRACON& Tower with Radar,6,40,21,36,103,0,3,25,6,34,6,43,46,42,137,14,18,32,169
08/25/2009,GPT,MS,ASO,CE,Combined TRACON& Tower with Radar,5,25,19,27,76,0,2,6,3,11,5,27,25,30,87,18,76,94,181
08/26/2009,GPT,MS,ASO,CE,Combined TRACON& Tower with Radar,10,40,28,59,137,0,1,25,4,30,10,41,53,63,167,12,50,62,229
08/27/2009,GPT,MS,ASO,CE,Combined TRACON& Tower with Radar,6,41,22,23,92,0,0,13,1,14,6,41,35,24,106,0,38,38,144
08/28/2009,GPT,MS,ASO,CE,Combined TRACON& Tower with Radar,13,45,21,51,130,0,4,32,11,47,13,49,53,62,177,5,66,71,248
08/29/2009,GPT,MS,ASO,CE,Combined TRACON& Tower with Radar,7,35,9,11,62,0,6,26,2,34,7,41,35,13,96,68,0,68,164
08/30/2009,GPT,MS,ASO,CE,Combined TRACON& Tower with Radar,10,40,22,0,72,0,0,3,2,5,10,40,25,2,77,2,0,2,79
08/31/2009,GPT,MS,ASO,CE,Combined TRACON& Tower with Radar,8,42,13,29,92,0,0,8,7,15,8,42,21,36,107,0,0,0,107
09/01/2009,GPT,MS,ASO,CE,Combined TRACON& Tower with Radar,4,39,20,59,122,0,5,21,3,29,4,44,41,62,151,18,4,22,173
09/02/2009,GPT,MS,ASO,CE,Combined TRACON& Tower with Radar,10,38,24,38,110,0,2,14,4,20,10,40,38,42,130,12,64,76,206
09/03/2009,GPT,MS,ASO,CE,Combined TRACON& Tower with Radar,8,40,26,85,159,0,4,7,5,16,8,44,33,90,175,14,84,98,273
09/04/2009,GPT,MS,ASO,CE,Combined TRACON& Tower with Radar,10,43,23,13,89,0,2,13,1,16,10,45,36,14,105,22,40,62,167
09/05/2009,GPT,MS,ASO,CE,Combined TRACON& Tower with Radar,8,36,7,1,52,0,2,2,0,4,8,38,9,1,56,28,36,64,120
09/06/2009,GPT,MS,ASO,CE,Combined TRACON& Tower with Radar,12,39,10,0,61,0,0,1,0,1,12,39,11,0,62,12,18,30,92
09/07/2009,GPT,MS,ASO,CE,Combined TRACON& Tower with Radar,6,43,18,0,67,0,0,5,0,5,6,43,23,0,72,8,0,8,80
09/08/2009,GPT,MS,ASO,CE,Combined TRACON& Tower with Radar,6,42,14,21,83,0,0,7,7,14,6,42,21,28,97,2,20,22,119
09/09/2009,GPT,MS,ASO,CE,Combined TRACON& Tower with Radar,10,41,18,32,101,0,0,10,8,18,10,41,28,40,119,0,0,0,119
09/10/2009,GPT,MS,ASO,CE,Combined TRACON& Tower with Radar,8,42,22,67,139,0,0,11,4,15,8,42,33,71,154,12,50,62,216
09/11/2009,GPT,MS,ASO,CE,Combined TRACON& Tower with Radar,14,40,22,55,131,0,0,7,5,12,14,40,29,60,143,10,32,42,185
09/12/2009,GPT,MS,ASO,CE,Combined TRACON& Tower with Radar,6,37,6,10,59,0,0,0,0,0,6,37,6,10,59,0,0,0,59
09/13/2009,GPT,MS,ASO,CE,Combined TRACON& Tower with Radar,12,37,22,15,86,0,0,2,9,11,12,37,24,24,97,0,0,0,97
09/14/2009,GPT,MS,ASO,CE,Combined TRACON& Tower with Radar,8,44,10,36,98,0,0,5,2,7,8,44,15,38,105,10,24,34,139
09/15/2009,GPT,MS,ASO,CE,Combined TRACON& Tower with Radar,6,38,12,75,131,0,2,17,0,19,6,40,29,75,150,18,96,114,264
09/16/2009,GPT,MS,ASO,CE,Combined TRACON& Tower with Radar,11,40,23,78,152,0,0,22,2,24,11,40,45,80,176,10,54,64,240
09/17/2009,GPT,MS,ASO,CE,Combined TRACON& Tower with Radar,8,47,21,71,147,0,1,12,11,24,8,48,33,82,171,10,74,84,255
09/18/2009,GPT,MS,ASO,CE,Combined TRACON& Tower with Radar,12,40,18,42,112,0,1,12,3,16,12,41,30,45,128,6,48,54,182
09/19/2009,GPT,MS,ASO,CE,Combined TRACON& Tower with Radar,8,36,6,39,89,0,0,4,1,5,8,36,10,40,94,14,8,22,116
09/20/2009,GPT,MS,ASO,CE,Combined TRACON& Tower with Radar,12,37,14,14,77,0,2,10,0,12,12,39,24,14,89,16,0,16,105
09/21/2009,GPT,MS,ASO,CE,Combined TRACON& Tower with Radar,8,37,15,26,86,0,1,19,0,20,8,38,34,26,106,20,56,76,182
09/22/2009,GPT,MS,ASO,CE,Combined TRACON& Tower with Radar,7,37,16,11,71,0,0,4,1,5,7,37,20,12,76,6,0,6,82
09/23/2009,GPT,MS,ASO,CE,Combined TRACON& Tower with Radar,10,38,19,38,105,0,0,7,1,8,10,38,26,39,113,8,39,47,160
09/24/2009,GPT,MS,ASO,CE,Combined TRACON& Tower with Radar,9,38,13,65,125,0,3,10,0,13,9,41,23,65,138,26,76,102,240
09/25/2009,GPT,MS,ASO,CE,Combined TRACON& Tower with Radar,13,40,27,36,116,0,4,12,9,25,13,44,39,45,141,20,0,20,161
09/26/2009,GPT,MS,ASO,CE,Combined TRACON& Tower with Radar,8,35,6,1,50,0,2,3,0,5,8,37,9,1,55,10,0,10,65
09/27/2009,GPT,MS,ASO,CE,Combined TRACON& Tower with Radar,13,36,15,6,70,0,3,15,8,26,13,39,30,14,96,10,0,10,106
09/28/2009,GPT,MS,ASO,CE,Combined TRACON& Tower with Radar,6,40,13,29,88,0,0,16,2,18,6,40,29,31,106,0,0,0,106
09/29/2009,GPT,MS,ASO,CE,Combined TRACON& Tower with Radar,6,41,22,32,101,0,7,28,9,44,6,48,50,41,145,20,48,68,213
09/30/2009,GPT,MS,ASO,CE,Combined TRACON& Tower with Radar,14,38,26,23,101,0,2,20,8,30,14,40,46,31,131,16,16,32,163
10/01/2009,GPT,MS,ASO,CE,Combined TRACON& Tower with Radar,9,44,20,28,101,0,10,18,10,38,9,54,38,38,139,28,56,84,223
10/02/2009,GPT,MS,ASO,CE,Combined TRACON& Tower with Radar,12,45,22,15,94,0,0,7,5,12,12,45,29,20,106,6,8,14,120
10/03/2009,GPT,MS,ASO,CE,Combined TRACON& Tower with Radar,8,36,4,6,54,0,2,15,1,18,8,38,19,7,72,38,10,48,120
10/04/2009,GPT,MS,ASO,CE,Combined TRACON& Tower with Radar,13,40,17,15,85,0,2,0,9,11,13,42,17,24,96,0,0,0,96
10/05/2009,GPT,MS,ASO,CE,Combined TRACON& Tower with Radar,9,38,14,26,87,0,0,2,2,4,9,38,16,28,91,0,54,54,145
10/06/2009,GPT,MS,ASO,CE,Combined TRACON& Tower with Radar,10,37,18,43,108,0,0,4,6,10,10,37,22,49,118,8,16,24,142
10/07/2009,GPT,MS,ASO,CE,Combined TRACON& Tower with Radar,12,38,20,34,104,0,0,4,12,16,12,38,24,46,120,6,20,26,146
10/08/2009,GPT,MS,ASO,CE,Combined TRACON& Tower with Radar,9,42,18,57,126,0,0,5,6,11,9,42,23,63,137,12,56,68,205
10/09/2009,GPT,MS,ASO,CE,Combined TRACON& Tower with Radar,17,44,25,11,97,0,0,6,12,18,17,44,31,23,115,24,90,114,229
10/10/2009,GPT,MS,ASO,CE,Combined TRACON& Tower with Radar,8,35,2,0,45,0,5,8,7,20,8,40,10,7,65,12,30,42,107
10/11/2009,GPT,MS,ASO,CE,Combined TRACON& Tower with Radar,14,44,18,0,76,0,1,9,6,16,14,45,27,6,92,30,36,66,158
10/12/2009,GPT,MS,ASO,CE,Combined TRACON& Tower with Radar,10,42,12,8,72,0,0,12,3,15,10,42,24,11,87,10,34,44,131
10/13/2009,GPT,MS,ASO,CE,Combined TRACON& Tower with Radar,8,33,17,61,119,0,0,0,0,0,8,33,17,61,119,0,18,18,137
10/14/2009,GPT,MS,ASO,CE,Combined TRACON& Tower with Radar,12,38,17,53,120,0,0,5,2,7,12,38,22,55,127,0,12,12,139
10/15/2009,GPT,MS,ASO,CE,Combined TRACON& Tower with Radar,10,40,34,83,167,0,0,9,5,14,10,40,43,88,181,14,18,32,213
10/16/2009,GPT,MS,ASO,CE,Combined TRACON& Tower with Radar,14,39,39,28,120,0,1,9,8,18,14,40,48,36,138,28,42,70,208
10/17/2009,GPT,MS,ASO,CE,Combined TRACON& Tower with Radar,8,39,11,7,65,0,2,12,7,21,8,41,23,14,86,34,34,68,154
10/18/2009,GPT,MS,ASO,CE,Combined TRACON& Tower with Radar,16,38,19,6,79,0,2,10,7,19,16,40,29,13,98,14,10,24,122
10/19/2009,GPT,MS,ASO,CE,Combined TRACON& Tower with Radar,8,43,23,61,135,0,6,17,1,24,8,49,40,62,159,0,56,56,215
10/20/2009,GPT,MS,ASO,CE,Combined TRACON& Tower with Radar,8,37,28,82,155,0,1,18,3,22,8,38,46,85,177,16,58,74,251
10/21/2009,GPT,MS,ASO,CE,Combined TRACON& Tower with Radar,14,45,25,94,178,0,0,4,9,13,14,45,29,103,191,14,50,64,255
10/22/2009,GPT,MS,ASO,CE,Combined TRACON& Tower with Radar,7,43,16,61,127,0,4,5,2,11,7,47,21,63,138,0,44,44,182
10/23/2009,GPT,MS,ASO,CE,Combined TRACON& Tower with Radar,13,43,28,57,141,0,2,10,6,18,13,45,38,63,159,46,44,90,249
10/24/2009,GPT,MS,ASO,CE,Combined TRACON& Tower with Radar,8,36,22,6,72,0,1,12,3,16,8,37,34,9,88,10,0,10,98
10/25/2009,GPT,MS,ASO,CE,Combined TRACON& Tower with Radar,14,43,25,19,101,0,2,11,2,15,14,45,36,21,116,12,6,18,134
10/26/2009,GPT,MS,ASO,CE,Combined TRACON& Tower with Radar,8,38,14,52,112,0,1,16,4,21,8,39,30,56,133,0,48,48,181
10/27/2009,GPT,MS,ASO,CE,Combined TRACON& Tower with Radar,8,32,30,36,106,0,0,1,1,2,8,32,31,37,108,6,26,32,140
10/28/2009,GPT,MS,ASO,CE,Combined TRACON& Tower with Radar,14,44,22,95,175,0,2,8,4,14,14,46,30,99,189,26,48,74,263
10/29/2009,GPT,MS,ASO,CE,Combined TRACON& Tower with Radar,10,38,24,21,93,0,0,0,2,2,10,38,24,23,95,0,0,0,95
10/30/2009,GPT,MS,ASO,CE,Combined TRACON& Tower with Radar,14,37,14,8,73,0,0,2,0,2,14,37,16,8,75,0,0,0,75
10/31/2009,GPT,MS,ASO,CE,Combined TRACON& Tower with Radar,9,36,12,1,58,0,2,4,0,6,9,38,16,1,64,0,0,0,64
11/01/2009,GPT,MS,ASO,CE,Combined TRACON& Tower with Radar,17,39,17,6,79,0,4,11,0,15,17,43,28,6,94,6,0,6,100
11/02/2009,GPT,MS,ASO,CE,Combined TRACON& Tower with Radar,8,41,24,33,106,0,3,7,3,13,8,44,31,36,119,10,10,20,139
11/03/2009,GPT,MS,ASO,CE,Combined TRACON& Tower with Radar,6,37,27,83,153,0,2,10,7,19,6,39,37,90,172,24,112,136,308
11/04/2009,GPT,MS,ASO,CE,Combined TRACON& Tower with Radar,16,40,19,62,137,0,5,20,2,27,16,45,39,64,164,27,106,133,297
11/05/2009,GPT,MS,ASO,CE,Combined TRACON& Tower with Radar,10,41,20,13,84,0,5,13,4,22,10,46,33,17,106,50,44,94,200
11/06/2009,GPT,MS,ASO,CE,Combined TRACON& Tower with Radar,15,42,24,17,98,0,3,18,8,29,15,45,42,25,127,22,0,22,149
11/07/2009,GPT,MS,ASO,CE,Combined TRACON& Tower with Radar,8,34,22,18,82,0,4,12,8,24,8,38,34,26,106,46,46,92,198
11/08/2009,GPT,MS,ASO,CE,Combined TRACON& Tower with Radar,13,40,23,2,78,0,2,10,2,14,13,42,33,4,92,26,0,26,118
11/09/2009,GPT,MS,ASO,CE,Combined TRACON& Tower with Radar,9,36,5,1,51,0,0,3,1,4,9,36,8,2,55,0,0,0,55
11/10/2009,GPT,MS,ASO,CE,Combined TRACON& Tower with Radar,7,32,8,3,50,0,2,0,3,5,7,34,8,6,55,0,14,14,69
11/11/2009,GPT,MS,ASO,CE,Combined TRACON& Tower with Radar,14,38,17,8,77,0,1,24,0,25,14,39,41,8,102,38,0,38,140
11/12/2009,GPT,MS,ASO,CE,Combined TRACON& Tower with Radar,9,42,23,68,142,0,0,14,4,18,9,42,37,72,160,54,36,90,250
11/13/2009,GPT,MS,ASO,CE,Combined TRACON& Tower with Radar,14,44,17,47,122,0,0,21,11,32,14,44,38,58,154,4,0,4,158
11/14/2009,GPT,MS,ASO,CE,Combined TRACON& Tower with Radar,8,34,12,5,59,0,0,17,4,21,8,34,29,9,80,44,32,76,156
11/15/2009,GPT,MS,ASO,CE,Combined TRACON& Tower with Radar,15,42,32,13,102,0,1,13,3,17,15,43,45,16,119,30,0,30,149
11/16/2009,GPT,MS,ASO,CE,Combined TRACON& Tower with Radar,10,44,16,17,87,0,0,11,1,12,10,44,27,18,99,0,0,0,99
11/17/2009,GPT,MS,ASO,CE,Combined TRACON& Tower with Radar,6,35,13,62,116,0,1,15,9,25,6,36,28,71,141,26,70,96,237
11/18/2009,GPT,MS,ASO,CE,Combined TRACON& Tower with Radar,14,39,22,20,95,0,1,13,5,19,14,40,35,25,114,0,16,16,130
11/19/2009,GPT,MS,ASO,CE,Combined TRACON& Tower with Radar,10,41,37,29,117,0,3,13,5,21,10,44,50,34,138,14,92,106,244
11/20/2009,GPT,MS,ASO,CE,Combined TRACON& Tower with Radar,16,40,24,22,102,0,2,16,1,19,16,42,40,23,121,30,40,70,191
11/21/2009,GPT,MS,ASO,CE,Combined TRACON& Tower with Radar,8,36,15,1,60,0,0,1,0,1,8,36,16,1,61,0,0,0,61
11/22/2009,GPT,MS,ASO,CE,Combined TRACON& Tower with Radar,14,40,18,8,80,0,0,0,0,0,14,40,18,8,80,0,0,0,80
11/23/2009,GPT,MS,ASO,CE,Combined TRACON& Tower with Radar,8,36,13,75,132,0,5,11,14,30,8,41,24,89,162,40,72,112,274
11/24/2009,GPT,MS,ASO,CE,Combined TRACON& Tower with Radar,9,37,28,50,124,0,0,6,8,14,9,37,34,58,138,26,60,86,224
11/25/2009,GPT,MS,ASO,CE,Combined TRACON& Tower with Radar,14,40,17,32,103,0,0,11,4,15,14,40,28,36,118,2,32,34,152
11/26/2009,GPT,MS,ASO,CE,Combined TRACON& Tower with Radar,5,29,5,1,40,0,0,2,0,2,5,29,7,1,42,0,0,0,42
11/27/2009,GPT,MS,ASO,CE,Combined TRACON& Tower with Radar,13,32,8,2,55,0,0,11,2,13,13,32,19,4,68,8,28,36,104
11/28/2009,GPT,MS,ASO,CE,Combined TRACON& Tower with Radar,6,36,23,6,71,0,0,15,0,15,6,36,38,6,86,40,12,52,138
11/29/2009,GPT,MS,ASO,CE,Combined TRACON& Tower with Radar,14,42,15,0,71,0,0,18,1,19,14,42,33,1,90,0,0,0,90
11/30/2009,GPT,MS,ASO,CE,Combined TRACON& Tower with Radar,9,41,5,47,102,0,1,2,8,11,9,42,7,55,113,0,14,14,127
12/01/2009,GPT,MS,ASO,CE,Combined TRACON& Tower with Radar,9,37,28,50,124,0,0,6,8,14,9,37,34,58,138,0,0,0,138
12/02/2009,GPT,MS,ASO,CE,Combined TRACON& Tower with Radar,14,40,17,32,103,0,0,11,4,15,14,40,28,36,118,0,0,0,118
12/03/2009,GPT,MS,ASO,CE,Combined TRACON& Tower with Radar,10,39,19,45,113,0,3,4,11,18,10,42,23,56,131,0,4,4,135
12/04/2009,GPT,MS,ASO,CE,Combined TRACON& Tower with Radar,15,38,19,52,124,0,1,4,8,13,15,39,23,60,137,12,10,22,159
12/05/2009,GPT,MS,ASO,CE,Combined TRACON& Tower with Radar,6,35,11,16,68,0,0,10,6,16,6,35,21,22,84,0,0,0,84
12/06/2009,GPT,MS,ASO,CE,Combined TRACON& Tower with Radar,17,43,15,46,121,0,1,9,1,11,17,44,24,47,132,18,48,66,198
12/07/2009,GPT,MS,ASO,CE,Combined TRACON& Tower with Radar,8,40,16,14,78,0,0,1,2,3,8,40,17,16,81,0,0,0,81
12/08/2009,GPT,MS,ASO,CE,Combined TRACON& Tower with Radar,8,36,9,9,62,0,0,0,2,2,8,36,9,11,64,0,0,0,64
12/09/2009,GPT,MS,ASO,CE,Combined TRACON& Tower with Radar,14,41,15,63,133,0,0,13,12,25,14,41,28,75,158,10,30,40,198
12/10/2009,GPT,MS,ASO,CE,Combined TRACON& Tower with Radar,8,43,18,76,145,0,0,16,5,21,8,43,34,81,166,10,46,56,222
12/11/2009,GPT,MS,ASO,CE,Combined TRACON& Tower with Radar,16,41,15,28,100,0,0,4,10,14,16,41,19,38,114,28,44,72,186
12/12/2009,GPT,MS,ASO,CE,Combined TRACON& Tower with Radar,8,33,4,2,47,0,0,0,2,2,8,33,4,4,49,0,14,14,63
12/13/2009,GPT,MS,ASO,CE,Combined TRACON& Tower with Radar,14,34,11,2,61,0,0,0,0,0,14,34,11,2,61,0,0,0,61
12/14/2009,GPT,MS,ASO,CE,Combined TRACON& Tower with Radar,2,25,5,3,35,0,0,0,0,0,2,25,5,3,35,0,0,0,35
12/15/2009,GPT,MS,ASO,CE,Combined TRACON& Tower with Radar,7,32,18,10,67,0,0,0,0,0,7,32,18,10,67,0,0,0,67
12/16/2009,GPT,MS,ASO,CE,Combined TRACON& Tower with Radar,14,42,26,42,124,0,2,13,5,20,14,44,39,47,144,0,0,0,144
12/17/2009,GPT,MS,ASO,CE,Combined TRACON& Tower with Radar,9,43,22,19,93,0,0,2,1,3,9,43,24,20,96,0,6,6,102
12/18/2009,GPT,MS,ASO,CE,Combined TRACON& Tower with Radar,16,41,15,45,117,0,2,1,6,9,16,43,16,51,126,10,60,70,196
12/19/2009,GPT,MS,ASO,CE,Combined TRACON& Tower with Radar,9,37,11,1,58,0,0,23,0,23,9,37,34,1,81,30,20,50,131
12/20/2009,GPT,MS,ASO,CE,Combined TRACON& Tower with Radar,16,38,6,12,72,0,5,11,3,19,16,43,17,15,91,20,0,20,111
12/21/2009,GPT,MS,ASO,CE,Combined TRACON& Tower with Radar,9,48,12,35,104,0,0,7,8,15,9,48,19,43,119,58,4,62,181
12/22/2009,GPT,MS,ASO,CE,Combined TRACON& Tower with Radar,6,42,11,58,117,0,0,12,4,16,6,42,23,62,133,24,82,106,239
12/23/2009,GPT,MS,ASO,CE,Combined TRACON& Tower with Radar,12,42,12,2,68,0,0,7,2,9,12,42,19,4,77,0,0,0,77
12/24/2009,GPT,MS,ASO,CE,Combined TRACON& Tower with Radar,6,29,1,0,36,0,0,0,0,0,6,29,1,0,36,0,0,0,36
12/25/2009,GPT,MS,ASO,CE,Combined TRACON& Tower with Radar,9,30,3,0,42,0,0,0,0,0,9,30,3,0,42,0,0,0,42
12/26/2009,GPT,MS,ASO,CE,Combined TRACON& Tower with Radar,4,42,13,0,59,0,0,6,0,6,4,42,19,0,65,0,0,0,65
12/27/2009,GPT,MS,ASO,CE,Combined TRACON& Tower with Radar,10,43,7,4,64,0,0,11,4,15,10,43,18,8,79,0,0,0,79
12/28/2009,GPT,MS,ASO,CE,Combined TRACON& Tower with Radar,8,44,16,29,97,0,3,11,2,16,8,47,27,31,113,42,35,77,190
12/29/2009,GPT,MS,ASO,CE,Combined TRACON& Tower with Radar,8,40,17,51,116,0,4,9,0,13,8,44,26,51,129,14,32,46,175
12/30/2009,GPT,MS,ASO,CE,Combined TRACON& Tower with Radar,13,42,24,2,81,0,0,1,0,1,13,42,25,2,82,0,0,0,82
12/31/2009,GPT,MS,ASO,CE,Combined TRACON& Tower with Radar,9,34,21,4,68,0,0,4,0,4,9,34,25,4,72,0,0,0,72
01/01/2010,GPT,MS,ASO,CE,Combined TRACON& Tower with Radar,8,28,12,0,48,0,0,5,0,5,8,28,17,0,53,4,0,4,57
01/02/2010,GPT,MS,ASO,CE,Combined TRACON& Tower with Radar,5,44,14,10,73,0,3,22,0,25,5,47,36,10,98,52,0,52,150
01/03/2010,GPT,MS,ASO,CE,Combined TRACON& Tower with Radar,8,43,15,4,70,0,0,11,4,15,8,43,26,8,85,18,0,18,103
01/04/2010,GPT,MS,ASO,CE,Combined TRACON& Tower with Radar,8,45,16,2,71,0,1,4,0,5,8,46,20,2,76,12,0,12,88
01/05/2010,GPT,MS,ASO,CE,Combined TRACON& Tower with Radar,7,35,22,43,107,0,3,13,4,20,7,38,35,47,127,24,94,118,245
01/06/2010,GPT,MS,ASO,CE,Combined TRACON& Tower with Radar,6,46,21,36,109,0,0,16,3,19,6,46,37,39,128,0,6,6,134
01/07/2010,GPT,MS,ASO,CE,Combined TRACON& Tower with Radar,5,34,10,31,80,0,0,3,1,4,5,34,13,32,84,0,10,10,94
01/08/2010,GPT,MS,ASO,CE,Combined TRACON& Tower with Radar,20,41,10,67,138,0,0,5,2,7,20,41,15,69,145,28,40,68,213
01/09/2010,GPT,MS,ASO,CE,Combined TRACON& Tower with Radar,7,35,11,12,65,0,6,4,2,12,7,41,15,14,77,0,6,6,83
01/10/2010,GPT,MS,ASO,CE,Combined TRACON& Tower with Radar,13,40,11,11,75,0,1,5,0,6,13,41,16,11,81,6,0,6,87
01/11/2010,GPT,MS,ASO,CE,Combined TRACON& Tower with Radar,6,40,12,59,117,0,0,16,6,22,6,40,28,65,139,52,40,92,231
01/12/2010,GPT,MS,ASO,CE,Combined TRACON& Tower with Radar,6,39,23,60,128,0,0,22,7,29,6,39,45,67,157,4,42,46,203
01/13/2010,GPT,MS,ASO,CE,Combined TRACON& Tower with Radar,14,39,15,62,130,0,2,10,9,21,14,41,25,71,151,68,26,94,245
01/14/2010,GPT,MS,ASO,CE,Combined TRACON& Tower with Radar,2,49,27,44,122,0,0,21,9,30,2,49,48,53,152,20,8,28,180
01/15/2010,GPT,MS,ASO,CE,Combined TRACON& Tower with Radar,17,43,13,40,113,0,3,9,8,20,17,46,22,48,133,0,20,20,153
01/16/2010,GPT,MS,ASO,CE,Combined TRACON& Tower with Radar,9,33,9,2,53,0,0,0,0,0,9,33,9,2,53,46,0,46,99
01/17/2010,GPT,MS,ASO,CE,Combined TRACON& Tower with Radar,18,43,7,16,84,0,0,8,0,8,18,43,15,16,92,48,14,62,154
01/18/2010,GPT,MS,ASO,CE,Combined TRACON& Tower with Radar,6,44,21,15,86,0,2,19,6,27,6,46,40,21,113,36,0,36,149
01/19/2010,GPT,MS,ASO,CE,Combined TRACON& Tower with Radar,4,40,35,66,145,0,0,14,2,16,4,40,49,68,161,0,0,0,161
01/20/2010,GPT,MS,ASO,CE,Combined TRACON& Tower with Radar,16,40,20,12,88,0,0,0,0,0,16,40,20,12,88,0,0,0,88
01/21/2010,GPT,MS,ASO,CE,Combined TRACON& Tower with Radar,12,43,19,49,123,0,0,7,2,9,12,43,26,51,132,14,34,48,180
01/22/2010,GPT,MS,ASO,CE,Combined TRACON& Tower with Radar,15,45,28,48,136,0,0,30,10,40,15,45,58,58,176,60,66,126,302
01/23/2010,GPT,MS,ASO,CE,Combined TRACON& Tower with Radar,9,35,11,23,78,0,0,3,2,5,9,35,14,25,83,2,0,2,85
01/24/2010,GPT,MS,ASO,CE,Combined TRACON& Tower with Radar,16,38,16,9,79,0,0,5,2,7,16,38,21,11,86,30,20,50,136
01/25/2010,GPT,MS,ASO,CE,Combined TRACON& Tower with Radar,8,51,34,10,103,0,0,16,7,23,8,51,50,17,126,74,72,146,272
01/26/2010,GPT,MS,ASO,CE,Combined TRACON& Tower with Radar,6,40,20,62,128,0,1,23,2,26,6,41,43,64,154,10,74,84,238
01/27/2010,GPT,MS,ASO,CE,Combined TRACON& Tower with Radar,14,42,19,41,116,0,2,11,3,16,14,44,30,44,132,2,20,22,154
01/28/2010,GPT,MS,ASO,CE,Combined TRACON& Tower with Radar,8,42,25,30,105,0,0,22,3,25,8,42,47,33,130,20,92,112,242
01/29/2010,GPT,MS,ASO,CE,Combined TRACON& Tower with Radar,15,34,10,17,76,0,0,5,0,5,15,34,15,17,81,12,0,12,93
01/30/2010,GPT,MS,ASO,CE,Combined TRACON& Tower with Radar,11,28,12,41,92,0,0,0,0,0,11,28,12,41,92,0,0,0,92
01/31/2010,GPT,MS,ASO,CE,Combined TRACON& Tower with Radar,18,44,19,0,81,0,0,12,1,13,18,44,31,1,94,0,0,0,94
02/01/2010,GPT,MS,ASO,CE,Combined TRACON& Tower with Radar,7,41,13,38,99,0,0,4,4,8,7,41,17,42,107,38,72,110,217
02/02/2010,GPT,MS,ASO,CE,Combined TRACON& Tower with Radar,6,38,36,73,153,0,0,11,6,17,6,38,47,79,170,2,24,26,196
02/03/2010,GPT,MS,ASO,CE,Combined TRACON& Tower with Radar,14,43,29,50,136,0,0,14,14,28,14,43,43,64,164,0,50,50,214
02/04/2010,GPT,MS,ASO,CE,Combined TRACON& Tower with Radar,6,37,33,9,85,0,0,1,0,1,6,37,34,9,86,12,16,28,114
02/05/2010,GPT,MS,ASO,CE,Combined TRACON& Tower with Radar,16,47,21,68,152,0,3,4,17,24,16,50,25,85,176,30,116,146,322
02/06/2010,GPT,MS,ASO,CE,Combined TRACON& Tower with Radar,9,36,25,30,100,0,10,8,2,20,9,46,33,32,120,18,52,70,190
02/07/2010,GPT,MS,ASO,CE,Combined TRACON& Tower with Radar,21,40,22,30,113,0,1,4,4,9,21,41,26,34,122,36,28,64,186
02/08/2010,GPT,MS,ASO,CE,Combined TRACON& Tower with Radar,12,40,33,94,179,0,1,8,9,18,12,41,41,103,197,14,88,102,299
02/09/2010,GPT,MS,ASO,CE,Combined TRACON& Tower with Radar,10,38,15,84,147,0,6,4,8,18,10,44,19,92,165,0,80,80,245
02/10/2010,GPT,MS,ASO,CE,Combined TRACON& Tower with Radar,16,44,15,80,155,0,2,11,8,21,16,46,26,88,176,6,104,110,286
02/11/2010,GPT,MS,ASO,CE,Combined TRACON& Tower with Radar,6,32,17,53,108,0,3,5,7,15,6,35,22,60,123,0,32,32,155
02/12/2010,GPT,MS,ASO,CE,Combined TRACON& Tower with Radar,12,21,7,25,65,0,0,2,1,3,12,21,9,26,68,12,34,46,114
02/13/2010,GPT,MS,ASO,CE,Combined TRACON& Tower with Radar,8,42,4,5,59,0,1,18,6,25,8,43,22,11,84,48,0,48,132
02/14/2010,GPT,MS,ASO,CE,Combined TRACON& Tower with Radar,10,44,11,8,73,0,4,5,0,9,10,48,16,8,82,60,6,66,148
02/15/2010,GPT,MS,ASO,CE,Combined TRACON& Tower with Radar,4,42,4,22,72,0,0,13,3,16,4,42,17,25,88,24,70,94,182
02/16/2010,GPT,MS,ASO,CE,Combined TRACON& Tower with Radar,0,51,12,86,149,0,4,12,2,18,0,55,24,88,167,18,54,72,239
02/17/2010,GPT,MS,ASO,CE,Combined TRACON& Tower with Radar,12,51,12,105,180,0,2,15,10,27,12,53,27,115,207,6,103,109,316
02/18/2010,GPT,MS,ASO,CE,Combined TRACON& Tower with Radar,5,45,12,74,136,0,1,16,13,30,5,46,28,87,166,18,120,138,304
02/19/2010,GPT,MS,ASO,CE,Combined TRACON& Tower with Radar,13,52,21,39,125,0,5,22,9,36,13,57,43,48,161,48,82,130,291
02/20/2010,GPT,MS,ASO,CE,Combined TRACON& Tower with Radar,5,47,19,10,81,0,3,25,2,30,5,50,44,12,111,22,40,62,173
02/21/2010,GPT,MS,ASO,CE,Combined TRACON& Tower with Radar,11,48,18,14,91,0,0,2,3,5,11,48,20,17,96,34,26,60,156
02/22/2010,GPT,MS,ASO,CE,Combined TRACON& Tower with Radar,2,47,25,68,142,0,0,4,11,15,2,47,29,79,157,24,46,70,227
02/23/2010,GPT,MS,ASO,CE,Combined TRACON& Tower with Radar,2,42,27,31,102,0,0,9,0,9,2,42,36,31,111,34,28,62,173
02/24/2010,GPT,MS,ASO,CE,Combined TRACON& Tower with Radar,12,46,14,20,92,0,0,10,2,12,12,46,24,22,104,0,10,10,114
02/25/2010,GPT,MS,ASO,CE,Combined TRACON& Tower with Radar,2,48,22,52,124,0,2,18,5,25,2,50,40,57,149,56,166,222,371
02/26/2010,GPT,MS,ASO,CE,Combined TRACON& Tower with Radar,19,51,26,13,109,0,0,17,2,19,19,51,43,15,128,58,130,188,316
02/27/2010,GPT,MS,ASO,CE,Combined TRACON& Tower with Radar,14,41,19,2,76,0,0,6,2,8,14,41,25,4,84,58,48,106,190
02/28/2010,GPT,MS,ASO,CE,Combined TRACON& Tower with Radar,12,52,33,9,106,0,1,13,0,14,12,53,46,9,120,10,0,10,130
03/01/2010,GPT,MS,ASO,CE,Combined TRACON& Tower with Radar,7,48,24,20,99,0,0,6,0,6,7,48,30,20,105,18,36,54,159
03/02/2010,GPT,MS,ASO,CE,Combined TRACON& Tower with Radar,2,41,5,65,113,0,1,1,1,3,2,42,6,66,116,18,68,86,202
03/03/2010,GPT,MS,ASO,CE,Combined TRACON& Tower with Radar,10,45,24,45,124,0,4,7,3,14,10,49,31,48,138,34,72,106,244
03/04/2010,GPT,MS,ASO,CE,Combined TRACON& Tower with Radar,4,53,20,65,142,0,0,27,5,32,4,53,47,70,174,44,158,202,376
03/05/2010,GPT,MS,ASO,CE,Combined TRACON& Tower with Radar,11,55,17,88,171,0,0,15,12,27,11,55,32,100,198,16,82,98,296
03/06/2010,GPT,MS,ASO,CE,Combined TRACON& Tower with Radar,7,47,13,21,88,0,0,10,1,11,7,47,23,22,99,34,108,142,241
03/07/2010,GPT,MS,ASO,CE,Combined TRACON& Tower with Radar,14,53,23,13,103,0,0,17,6,23,14,53,40,19,126,36,30,66,192
03/08/2010,GPT,MS,ASO,CE,Combined TRACON& Tower with Radar,4,48,19,68,139,0,3,4,4,11,4,51,23,72,150,4,72,76,226
03/09/2010,GPT,MS,ASO,CE,Combined TRACON& Tower with Radar,3,46,26,75,150,1,0,0,2,3,4,46,26,77,153,0,38,38,191
03/10/2010,GPT,MS,ASO,CE,Combined TRACON& Tower with Radar,14,43,14,29,100,0,0,0,0,0,14,43,14,29,100,0,0,0,100
03/11/2010,GPT,MS,ASO,CE,Combined TRACON& Tower with Radar,4,46,32,78,160,0,0,11,7,18,4,46,43,85,178,6,24,30,208
03/12/2010,GPT,MS,ASO,CE,Combined TRACON& Tower with Radar,21,44,29,108,202,0,1,23,17,41,21,45,52,125,243,40,196,236,479
03/13/2010,GPT,MS,ASO,CE,Combined TRACON& Tower with Radar,4,45,30,45,124,0,1,10,10,21,4,46,40,55,145,28,192,220,365
03/14/2010,GPT,MS,ASO,CE,Combined TRACON& Tower with Radar,13,48,22,43,126,0,1,18,7,26,13,49,40,50,152,42,176,218,370
03/15/2010,GPT,MS,ASO,CE,Combined TRACON& Tower with Radar,9,47,22,45,123,0,1,12,6,19,9,48,34,51,142,14,56,70,212
03/16/2010,GPT,MS,ASO,CE,Combined TRACON& Tower with Radar,6,44,27,78,155,0,3,19,3,25,6,47,46,81,180,30,70,100,280
03/17/2010,GPT,MS,ASO,CE,Combined TRACON& Tower with Radar,12,46,31,92,181,0,0,14,6,20,12,46,45,98,201,50,122,172,373
03/18/2010,GPT,MS,ASO,CE,Combined TRACON& Tower with Radar,3,49,28,63,143,0,0,14,6,20,3,49,42,69,163,56,302,358,521
03/19/2010,GPT,MS,ASO,CE,Combined TRACON& Tower with Radar,13,47,32,44,136,0,0,7,5,12,13,47,39,49,148,14,108,122,270
03/20/2010,GPT,MS,ASO,CE,Combined TRACON& Tower with Radar,4,42,14,17,77,0,2,5,2,9,4,44,19,19,86,26,122,148,234
03/21/2010,GPT,MS,ASO,CE,Combined TRACON& Tower with Radar,12,44,15,31,102,0,0,5,2,7,12,44,20,33,109,30,106,136,245
03/22/2010,GPT,MS,ASO,CE,Combined TRACON& Tower with Radar,6,48,16,34,104,0,0,7,1,8,6,48,23,35,112,16,86,102,214
03/23/2010,GPT,MS,ASO,CE,Combined TRACON& Tower with Radar,2,47,22,71,142,0,9,13,12,34,2,56,35,83,176,14,114,128,304
03/24/2010,GPT,MS,ASO,CE,Combined TRACON& Tower with Radar,12,43,24,57,136,0,1,6,3,10,12,44,30,60,146,14,90,104,250
03/25/2010,GPT,MS,ASO,CE,Combined TRACON& Tower with Radar,2,47,25,47,121,0,0,0,1,1,2,47,25,48,122,48,262,310,432
03/26/2010,GPT,MS,ASO,CE,Combined TRACON& Tower with Radar,11,47,26,70,154,0,2,14,3,19,11,49,40,73,173,10,100,110,283
03/27/2010,GPT,MS,ASO,CE,Combined TRACON& Tower with Radar,2,46,15,17,80,0,5,9,0,14,2,51,24,17,94,60,134,194,288
03/28/2010,GPT,MS,ASO,CE,Combined TRACON& Tower with Radar,11,44,13,16,84,0,0,13,0,13,11,44,26,16,97,36,70,106,203
03/29/2010,GPT,MS,ASO,CE,Combined TRACON& Tower with Radar,2,46,20,41,109,0,2,12,7,21,2,48,32,48,130,26,132,158,288
03/30/2010,GPT,MS,ASO,CE,Combined TRACON& Tower with Radar,0,46,21,72,139,0,2,6,6,14,0,48,27,78,153,4,68,72,225
03/31/2010,GPT,MS,ASO,CE,Combined TRACON& Tower with Radar,10,49,21,27,107,0,0,10,2,12,10,49,31,29,119,60,30,90,209
04/01/2010,GPT,MS,ASO,CE,Combined TRACON& Tower with Radar,2,48,18,65,133,0,0,8,5,13,2,48,26,70,146,22,124,146,292
04/02/2010,GPT,MS,ASO,CE,Combined TRACON& Tower with Radar,14,49,14,27,104,0,0,6,1,7,14,49,20,28,111,28,92,120,231
04/03/2010,GPT,MS,ASO,CE,Combined TRACON& Tower with Radar,2,42,4,0,48,0,0,1,0,1,2,42,5,0,49,0,0,0,49
04/04/2010,GPT,MS,ASO,CE,Combined TRACON& Tower with Radar,10,47,2,14,73,0,0,1,0,1,10,47,3,14,74,0,0,0,74
04/05/2010,GPT,MS,ASO,CE,Combined TRACON& Tower with Radar,5,49,22,24,100,0,1,9,7,17,5,50,31,31,117,14,12,26,143
04/06/2010,GPT,MS,ASO,CE,Combined TRACON& Tower with Radar,7,39,28,50,124,0,0,2,5,7,7,39,30,55,131,0,12,12,143
04/07/2010,GPT,MS,ASO,CE,Combined TRACON& Tower with Radar,16,39,26,45,126,0,3,7,3,13,16,42,33,48,139,0,24,24,163
04/08/2010,GPT,MS,ASO,CE,Combined TRACON& Tower with Radar,8,38,27,59,132,1,4,10,3,18,9,42,37,62,150,28,226,254,404
04/09/2010,GPT,MS,ASO,CE,Combined TRACON& Tower with Radar,16,40,8,37,101,0,1,21,9,31,16,41,29,46,132,36,42,78,210
04/10/2010,GPT,MS,ASO,CE,Combined TRACON& Tower with Radar,10,39,16,46,111,0,2,9,21,32,10,41,25,67,143,4,70,74,217
04/11/2010,GPT,MS,ASO,CE,Combined TRACON& Tower with Radar,17,43,24,32,116,0,2,13,15,30,17,45,37,47,146,22,62,84,230
04/12/2010,GPT,MS,ASO,CE,Combined TRACON& Tower with Radar,13,42,31,71,157,0,0,18,7,25,13,42,49,78,182,0,70,70,252
04/13/2010,GPT,MS,ASO,CE,Combined TRACON& Tower with Radar,10,40,23,45,118,0,0,28,10,38,10,40,51,55,156,8,72,80,236
04/14/2010,GPT,MS,ASO,CE,Combined TRACON& Tower with Radar,18,42,17,43,120,0,1,16,6,23,18,43,33,49,143,8,64,72,215
04/15/2010,GPT,MS,ASO,CE,Combined TRACON& Tower with Radar,7,39,30,31,107,0,4,14,6,24,7,43,44,37,131,68,202,270,401
04/16/2010,GPT,MS,ASO,CE,Combined TRACON& Tower with Radar,15,44,27,45,131,0,1,26,14,41,15,45,53,59,172,40,94,134,306
04/17/2010,GPT,MS,ASO,CE,Combined TRACON& Tower with Radar,8,35,17,48,108,0,6,9,11,26,8,41,26,59,134,62,226,288,422
04/18/2010,GPT,MS,ASO,CE,Combined TRACON& Tower with Radar,20,40,24,26,110,0,0,14,0,14,20,40,38,26,124,42,92,134,258
04/19/2010,GPT,MS,ASO,CE,Combined TRACON& Tower with Radar,10,40,20,70,140,0,1,9,1,11,10,41,29,71,151,12,74,86,237
04/20/2010,GPT,MS,ASO,CE,Combined TRACON& Tower with Radar,8,38,24,93,163,0,0,7,12,19,8,38,31,105,182,26,114,140,322
04/21/2010,GPT,MS,ASO,CE,Combined TRACON& Tower with Radar,16,45,29,90,180,0,6,14,0,20,16,51,43,90,200,6,130,136,336
04/22/2010,GPT,MS,ASO,CE,Combined TRACON& Tower with Radar,10,40,19,42,111,0,0,7,2,9,10,40,26,44,120,26,152,178,298
04/23/2010,GPT,MS,ASO,CE,Combined TRACON& Tower with Radar,18,45,18,10,91,0,0,0,0,0,18,45,18,10,91,0,0,0,91
04/24/2010,GPT,MS,ASO,CE,Combined TRACON& Tower with Radar,8,35,10,1,54,0,0,1,0,1,8,35,11,1,55,0,0,0,55
04/25/2010,GPT,MS,ASO,CE,Combined TRACON& Tower with Radar,19,42,20,8,89,0,2,11,2,15,19,44,31,10,104,8,0,8,112
04/26/2010,GPT,MS,ASO,CE,Combined TRACON& Tower with Radar,11,44,17,61,133,0,0,16,6,22,11,44,33,67,155,12,86,98,253
04/27/2010,GPT,MS,ASO,CE,Combined TRACON& Tower with Radar,8,40,25,68,141,0,0,13,7,20,8,40,38,75,161,36,130,166,327
04/28/2010,GPT,MS,ASO,CE,Combined TRACON& Tower with Radar,16,45,35,81,177,0,3,25,1,29,16,48,60,82,206,38,178,216,422
04/29/2010,GPT,MS,ASO,CE,Combined TRACON& Tower with Radar,8,52,45,58,163,0,4,20,13,37,8,56,65,71,200,20,134,154,354
04/30/2010,GPT,MS,ASO,CE,Combined TRACON& Tower with Radar,18,46,42,19,125,0,0,1,4,5,18,46,43,23,130,0,0,0,130
05/01/2010,GPT,MS,ASO,CE,Combined TRACON& Tower with Radar,9,37,21,8,75,0,0,0,0,0,9,37,21,8,75,0,0,0,75
05/02/2010,GPT,MS,ASO,CE,Combined TRACON& Tower with Radar,18,54,29,8,109,0,0,1,4,5,18,54,30,12,114,0,0,0,114
05/03/2010,GPT,MS,ASO,CE,Combined TRACON& Tower with Radar,11,40,25,51,127,0,6,18,1,25,11,46,43,52,152,2,58,60,212
05/04/2010,GPT,MS,ASO,CE,Combined TRACON& Tower with Radar,9,44,23,50,126,0,4,29,12,45,9,48,52,62,171,20,70,90,261
05/05/2010,GPT,MS,ASO,CE,Combined TRACON& Tower with Radar,20,38,17,48,123,0,10,37,8,55,20,48,54,56,178,8,14,22,200
05/06/2010,GPT,MS,ASO,CE,Combined TRACON& Tower with Radar,10,44,36,26,116,0,10,37,6,53,10,54,73,32,169,12,58,70,239
05/07/2010,GPT,MS,ASO,CE,Combined TRACON& Tower with Radar,19,38,16,53,126,0,8,26,3,37,19,46,42,56,163,14,84,98,261
05/08/2010,GPT,MS,ASO,CE,Combined TRACON& Tower with Radar,8,33,14,4,59,0,10,15,0,25,8,43,29,4,84,30,130,160,244
05/09/2010,GPT,MS,ASO,CE,Combined TRACON& Tower with Radar,17,39,11,4,71,0,8,15,3,26,17,47,26,7,97,64,90,154,251
05/10/2010,GPT,MS,ASO,CE,Combined TRACON& Tower with Radar,7,38,13,38,96,0,2,26,9,37,7,40,39,47,133,40,132,172,305
05/11/2010,GPT,MS,ASO,CE,Combined TRACON& Tower with Radar,6,36,25,85,152,0,7,11,5,23,6,43,36,90,175,42,74,116,291
05/12/2010,GPT,MS,ASO,CE,Combined TRACON& Tower with Radar,17,40,18,48,123,0,11,9,10,30,17,51,27,58,153,36,108,144,297
05/13/2010,GPT,MS,ASO,CE,Combined TRACON& Tower with Radar,10,40,42,17,109,0,5,15,16,36,10,45,57,33,145,30,160,190,335
05/14/2010,GPT,MS,ASO,CE,Combined TRACON& Tower with Radar,16,33,33,24,106,0,1,18,7,26,16,34,51,31,132,30,98,128,260
05/15/2010,GPT,MS,ASO,CE,Combined TRACON& Tower with Radar,10,35,14,4,63,1,2,5,5,13,11,37,19,9,76,32,52,84,160
05/16/2010,GPT,MS,ASO,CE,Combined TRACON& Tower with Radar,17,40,17,23,97,0,2,3,1,6,17,42,20,24,103,0,0,0,103
05/17/2010,GPT,MS,ASO,CE,Combined TRACON& Tower with Radar,9,40,21,50,120,0,4,12,8,24,9,44,33,58,144,42,82,124,268
05/18/2010,GPT,MS,ASO,CE,Combined TRACON& Tower with Radar,10,41,30,59,140,0,5,12,5,22,10,46,42,64,162,10,60,70,232
05/19/2010,GPT,MS,ASO,CE,Combined TRACON& Tower with Radar,20,40,23,48,131,0,6,20,15,41,20,46,43,63,172,2,62,64,236
05/20/2010,GPT,MS,ASO,CE,Combined TRACON& Tower with Radar,11,41,41,49,142,0,10,25,11,46,11,51,66,60,188,42,82,124,312
05/21/2010,GPT,MS,ASO,CE,Combined TRACON& Tower with Radar,17,43,20,58,138,0,11,12,12,35,17,54,32,70,173,28,60,88,261
05/22/2010,GPT,MS,ASO,CE,Combined TRACON& Tower with Radar,9,37,15,26,87,0,3,22,3,28,9,40,37,29,115,30,134,164,279
05/23/2010,GPT,MS,ASO,CE,Combined TRACON& Tower with Radar,16,39,20,30,105,0,2,20,9,31,16,41,40,39,136,8,34,42,178
05/24/2010,GPT,MS,ASO,CE,Combined TRACON& Tower with Radar,10,43,18,48,119,0,5,16,14,35,10,48,34,62,154,20,66,86,240
05/25/2010,GPT,MS,ASO,CE,Combined TRACON& Tower with Radar,8,39,22,53,122,0,5,21,8,34,8,44,43,61,156,33,70,103,259
05/26/2010,GPT,MS,ASO,CE,Combined TRACON& Tower with Radar,16,42,16,51,125,0,4,24,9,37,16,46,40,60,162,4,60,64,226
05/27/2010,GPT,MS,ASO,CE,Combined TRACON& Tower with Radar,8,38,35,61,142,0,1,19,7,27,8,39,54,68,169,10,130,140,309
05/28/2010,GPT,MS,ASO,CE,Combined TRACON& Tower with Radar,19,40,23,10,92,0,2,13,9,24,19,42,36,19,116,18,38,56,172
05/29/2010,GPT,MS,ASO,CE,Combined TRACON& Tower with Radar,7,39,5,4,55,0,4,11,0,15,7,43,16,4,70,4,20,24,94
05/30/2010,GPT,MS,ASO,CE,Combined TRACON& Tower with Radar,20,34,6,1,61,0,4,6,1,11,20,38,12,2,72,16,0,16,88
05/31/2010,GPT,MS,ASO,CE,Combined TRACON& Tower with Radar,12,38,8,0,58,0,9,12,2,23,12,47,20,2,81,0,0,0,81
06/01/2010,GPT,MS,ASO,CE,Combined TRACON& Tower with Radar,10,39,16,41,106,0,2,9,8,19,10,41,25,49,125,16,60,76,201
06/02/2010,GPT,MS,ASO,CE,Combined TRACON& Tower with Radar,20,33,15,57,125,0,7,15,17,39,20,40,30,74,164,6,56,62,226
06/03/2010,GPT,MS,ASO,CE,Combined TRACON& Tower with Radar,19,38,26,21,104,0,3,4,2,9,19,41,30,23,113,26,36,62,175
06/04/2010,GPT,MS,ASO,CE,Combined TRACON& Tower with Radar,20,41,23,32,116,0,3,8,6,17,20,44,31,38,133,4,28,32,165
06/05/2010,GPT,MS,ASO,CE,Combined TRACON& Tower with Radar,8,35,9,12,64,0,5,6,9,20,8,40,15,21,84,2,32,34,118
06/06/2010,GPT,MS,ASO,CE,Combined TRACON& Tower with Radar,19,41,18,13,91,0,5,13,5,23,19,46,31,18,114,0,0,0,114
06/07/2010,GPT,MS,ASO,CE,Combined TRACON& Tower with Radar,14,39,11,42,106,0,9,16,11,36,14,48,27,53,142,6,52,58,200
06/08/2010,GPT,MS,ASO,CE,Combined TRACON& Tower with Radar,15,37,21,62,135,0,5,14,5,24,15,42,35,67,159,4,46,50,209
06/09/2010,GPT,MS,ASO,CE,Combined TRACON& Tower with Radar,21,36,26,103,186,0,4,29,18,51,21,40,55,121,237,6,25,31,268
06/10/2010,GPT,MS,ASO,CE,Combined TRACON& Tower with Radar,12,41,33,104,190,0,1,15,25,41,12,42,48,129,231,24,156,180,411
06/11/2010,GPT,MS,ASO,CE,Combined TRACON& Tower with Radar,20,38,25,50,133,0,6,22,12,40,20,44,47,62,173,14,96,110,283
06/12/2010,GPT,MS,ASO,CE,Combined TRACON& Tower with Radar,10,35,12,11,68,0,9,17,6,32,10,44,29,17,100,34,0,34,134
06/13/2010,GPT,MS,ASO,CE,Combined TRACON& Tower with Radar,19,37,15,19,90,0,7,23,6,36,19,44,38,25,126,0,0,0,126
06/14/2010,GPT,MS,ASO,CE,Combined TRACON& Tower with Radar,15,47,10,23,95,0,4,8,2,14,15,51,18,25,109,12,0,12,121
06/15/2010,GPT,MS,ASO,CE,Combined TRACON& Tower with Radar,10,37,22,36,105,0,3,16,7,26,10,40,38,43,131,0,0,0,131
06/16/2010,GPT,MS,ASO,CE,Combined TRACON& Tower with Radar,21,39,25,46,131,0,2,17,6,25,21,41,42,52,156,14,14,28,184
06/17/2010,GPT,MS,ASO,CE,Combined TRACON& Tower with Radar,11,37,17,42,107,0,2,18,11,31,11,39,35,53,138,12,46,58,196
06/18/2010,GPT,MS,ASO,CE,Combined TRACON& Tower with Radar,18,39,13,25,95,0,2,19,7,28,18,41,32,32,123,0,0,0,123
06/19/2010,GPT,MS,ASO,CE,Combined TRACON& Tower with Radar,9,39,10,1,59,0,7,16,2,25,9,46,26,3,84,0,0,0,84
06/20/2010,GPT,MS,ASO,CE,Combined TRACON& Tower with Radar,17,33,18,4,72,0,4,19,1,24,17,37,37,5,96,4,0,4,100
06/21/2010,GPT,MS,ASO,CE,Combined TRACON& Tower with Radar,9,41,12,13,75,0,4,16,5,25,9,45,28,18,100,23,68,91,191
06/22/2010,GPT,MS,ASO,CE,Combined TRACON& Tower with Radar,13,41,31,57,142,0,7,5,5,17,13,48,36,62,159,0,24,24,183
06/23/2010,GPT,MS,ASO,CE,Combined TRACON& Tower with Radar,18,41,20,26,105,0,6,16,10,32,18,47,36,36,137,26,44,70,207
06/24/2010,GPT,MS,ASO,CE,Combined TRACON& Tower with Radar,12,41,23,40,116,0,7,24,14,45,12,48,47,54,161,34,96,130,291
06/25/2010,GPT,MS,ASO,CE,Combined TRACON& Tower with Radar,17,41,25,25,108,0,6,17,14,37,17,47,42,39,145,20,0,20,165
06/26/2010,GPT,MS,ASO,CE,Combined TRACON& Tower with Radar,8,44,7,10,69,0,7,18,15,40,8,51,25,25,109,32,76,108,217
06/27/2010,GPT,MS,ASO,CE,Combined TRACON& Tower with Radar,19,36,18,6,79,0,8,13,12,33,19,44,31,18,112,0,0,0,112
06/28/2010,GPT,MS,ASO,CE,Combined TRACON& Tower with Radar,10,36,25,1,72,0,9,6,7,22,10,45,31,8,94,0,0,0,94
06/29/2010,GPT,MS,ASO,CE,Combined TRACON& Tower with Radar,12,35,26,16,89,0,3,9,7,19,12,38,35,23,108,0,16,16,124
06/30/2010,GPT,MS,ASO,CE,Combined TRACON& Tower with Radar,19,36,17,20,92,0,6,7,8,21,19,42,24,28,113,0,10,10,123
07/01/2010,GPT,MS,ASO,CE,Combined TRACON& Tower with Radar,18,33,23,3,77,0,6,6,9,21,18,39,29,12,98,22,126,148,246
07/02/2010,GPT,MS,ASO,CE,Combined TRACON& Tower with Radar,20,31,11,7,69,0,4,6,14,24,20,35,17,21,93,22,52,74,167
07/03/2010,GPT,MS,ASO,CE,Combined TRACON& Tower with Radar,7,33,12,8,60,2,6,11,4,23,9,39,23,12,83,80,172,252,335
07/04/2010,GPT,MS,ASO,CE,Combined TRACON& Tower with Radar,17,30,6,5,58,0,6,7,4,17,17,36,13,9,75,58,94,152,227
07/05/2010,GPT,MS,ASO,CE,Combined TRACON& Tower with Radar,14,34,13,0,61,0,2,1,0,3,14,36,14,0,64,22,78,100,164
07/06/2010,GPT,MS,ASO,CE,Combined TRACON& Tower with Radar,11,36,15,49,111,0,7,1,6,14,11,43,16,55,125,0,26,26,151
07/07/2010,GPT,MS,ASO,CE,Combined TRACON& Tower with Radar,21,47,20,64,152,0,9,8,25,42,21,56,28,89,194,0,0,0,194
07/08/2010,GPT,MS,ASO,CE,Combined TRACON& Tower with Radar,15,35,34,50,134,0,4,33,24,61,15,39,67,74,195,28,58,86,281
07/09/2010,GPT,MS,ASO,CE,Combined TRACON& Tower with Radar,21,46,20,43,130,0,9,16,22,47,21,55,36,65,177,52,86,138,315
07/10/2010,GPT,MS,ASO,CE,Combined TRACON& Tower with Radar,11,38,11,10,70,1,6,12,14,33,12,44,23,24,103,18,24,42,145
07/11/2010,GPT,MS,ASO,CE,Combined TRACON& Tower with Radar,23,37,21,19,100,1,6,14,12,33,24,43,35,31,133,26,73,99,232
07/12/2010,GPT,MS,ASO,CE,Combined TRACON& Tower with Radar,15,33,21,40,109,1,6,11,11,29,16,39,32,51,138,18,116,134,272
07/13/2010,GPT,MS,ASO,CE,Combined TRACON& Tower with Radar,13,38,20,96,167,0,5,13,17,35,13,43,33,113,202,0,46,46,248
07/14/2010,GPT,MS,ASO,CE,Combined TRACON& Tower with Radar,15,49,13,26,103,0,4,15,20,39,15,53,28,46,142,0,26,26,168
07/15/2010,GPT,MS,ASO,CE,Combined TRACON& Tower with Radar,15,41,32,40,128,0,4,17,21,42,15,45,49,61,170,34,138,172,342
07/16/2010,GPT,MS,ASO,CE,Combined TRACON& Tower with Radar,23,41,22,20,106,0,3,15,7,25,23,44,37,27,131,44,16,60,191
07/17/2010,GPT,MS,ASO,CE,Combined TRACON& Tower with Radar,7,44,8,7,66,2,3,15,3,23,9,47,23,10,89,98,70,168,257
07/18/2010,GPT,MS,ASO,CE,Combined TRACON& Tower with Radar,22,35,16,6,79,1,6,6,6,19,23,41,22,12,98,0,0,0,98
07/19/2010,GPT,MS,ASO,CE,Combined TRACON& Tower with Radar,12,37,14,8,71,0,5,4,12,21,12,42,18,20,92,54,78,132,224
07/20/2010,GPT,MS,ASO,CE,Combined TRACON& Tower with Radar,13,46,34,34,127,0,5,13,13,31,13,51,47,47,158,12,26,38,196
07/21/2010,GPT,MS,ASO,CE,Combined TRACON& Tower with Radar,19,37,30,21,107,0,4,3,20,27,19,41,33,41,134,0,6,6,140
07/22/2010,GPT,MS,ASO,CE,Combined TRACON& Tower with Radar,13,36,28,23,100,1,8,9,25,43,14,44,37,48,143,100,182,282,425
07/23/2010,GPT,MS,ASO,CE,Combined TRACON& Tower with Radar,22,39,23,39,123,0,2,11,20,33,22,41,34,59,156,60,92,152,308
07/24/2010,GPT,MS,ASO,CE,Combined TRACON& Tower with Radar,15,40,12,7,74,0,0,7,1,8,15,40,19,8,82,86,80,166,248
07/25/2010,GPT,MS,ASO,CE,Combined TRACON& Tower with Radar,21,34,11,5,71,0,0,2,3,5,21,34,13,8,76,28,50,78,154
07/26/2010,GPT,MS,ASO,CE,Combined TRACON& Tower with Radar,15,32,13,53,113,0,3,13,13,29,15,35,26,66,142,16,84,100,242
07/27/2010,GPT,MS,ASO,CE,Combined TRACON& Tower with Radar,16,32,20,51,119,1,6,16,12,35,17,38,36,63,154,48,140,188,342
07/28/2010,GPT,MS,ASO,CE,Combined TRACON& Tower with Radar,17,39,25,41,122,0,4,18,20,42,17,43,43,61,164,8,64,72,236
07/29/2010,GPT,MS,ASO,CE,Combined TRACON& Tower with Radar,12,37,21,50,120,0,3,19,22,44,12,40,40,72,164,46,180,226,390
07/30/2010,GPT,MS,ASO,CE,Combined TRACON& Tower with Radar,20,44,34,35,133,0,10,19,17,46,20,54,53,52,179,44,122,166,345
07/31/2010,GPT,MS,ASO,CE,Combined TRACON& Tower with Radar,13,38,17,0,68,0,17,19,6,42,13,55,36,6,110,74,106,180,290
08/01/2010,GPT,MS,ASO,CE,Combined TRACON& Tower with Radar,21,37,21,12,91,0,5,22,4,31,21,42,43,16,122,20,0,20,142
08/02/2010,GPT,MS,ASO,CE,Combined TRACON& Tower with Radar,15,37,14,35,101,0,6,20,11,37,15,43,34,46,138,30,44,74,212
08/03/2010,GPT,MS,ASO,CE,Combined TRACON& Tower with Radar,18,33,19,46,116,0,1,18,5,24,18,34,37,51,140,42,103,145,285
08/04/2010,GPT,MS,ASO,CE,Combined TRACON& Tower with Radar,20,37,21,65,143,0,3,17,7,27,20,40,38,72,170,0,74,74,244
08/05/2010,GPT,MS,ASO,CE,Combined TRACON& Tower with Radar,11,33,27,25,96,0,5,17,6,28,11,38,44,31,124,46,184,230,354
08/06/2010,GPT,MS,ASO,CE,Combined TRACON& Tower with Radar,28,31,23,68,150,0,8,19,11,38,28,39,42,79,188,16,58,74,262
08/07/2010,GPT,MS,ASO,CE,Combined TRACON& Tower with Radar,13,37,18,18,86,0,7,19,4,30,13,44,37,22,116,34,90,124,240
08/08/2010,GPT,MS,ASO,CE,Combined TRACON& Tower with Radar,19,34,19,43,115,0,2,14,11,27,19,36,33,54,142,88,174,262,404
08/09/2010,GPT,MS,ASO,CE,Combined TRACON& Tower with Radar,13,34,7,20,74,0,9,12,8,29,13,43,19,28,103,48,100,148,251
08/10/2010,GPT,MS,ASO,CE,Combined TRACON& Tower with Radar,17,38,27,61,143,0,8,9,11,28,17,46,36,72,171,66,146,212,383
08/11/2010,GPT,MS,ASO,CE,Combined TRACON& Tower with Radar,20,33,21,24,98,0,2,10,17,29,20,35,31,41,127,40,46,86,213
08/12/2010,GPT,MS,ASO,CE,Combined TRACON& Tower with Radar,16,36,11,8,71,0,0,3,0,3,16,36,14,8,74,86,186,272,346
08/13/2010,GPT,MS,ASO,CE,Combined TRACON& Tower with Radar,25,33,12,30,100,0,0,2,1,3,25,33,14,31,103,60,222,282,385
08/14/2010,GPT,MS,ASO,CE,Combined TRACON& Tower with Radar,11,38,16,4,69,0,2,3,1,6,11,40,19,5,75,58,120,178,253
08/15/2010,GPT,MS,ASO,CE,Combined TRACON& Tower with Radar,22,38,9,9,78,0,2,10,7,19,22,40,19,16,97,42,100,142,239
08/16/2010,GPT,MS,ASO,CE,Combined TRACON& Tower with Radar,16,33,14,35,98,1,6,10,22,39,17,39,24,57,137,0,32,32,169
08/17/2010,GPT,MS,ASO,CE,Combined TRACON& Tower with Radar,13,37,22,73,145,0,1,4,5,10,13,38,26,78,155,10,94,104,259
08/18/2010,GPT,MS,ASO,CE,Combined TRACON& Tower with Radar,21,35,26,33,115,0,2,10,10,22,21,37,36,43,137,32,104,136,273
08/19/2010,GPT,MS,ASO,CE,Combined TRACON& Tower with Radar,21,31,28,84,164,0,3,5,13,21,21,34,33,97,185,56,240,296,481
08/20/2010,GPT,MS,ASO,CE,Combined TRACON& Tower with Radar,27,30,18,43,118,0,6,14,15,35,27,36,32,58,153,60,148,208,361
08/21/2010,GPT,MS,ASO,CE,Combined TRACON& Tower with Radar,14,32,14,0,60,1,7,14,8,30,15,39,28,8,90,84,204,288,378
08/22/2010,GPT,MS,ASO,CE,Combined TRACON& Tower with Radar,22,38,17,8,85,0,2,10,10,22,22,40,27,18,107,14,28,42,149
08/23/2010,GPT,MS,ASO,CE,Combined TRACON& Tower with Radar,13,36,12,47,108,0,7,8,12,27,13,43,20,59,135,74,178,252,387
08/24/2010,GPT,MS,ASO,CE,Combined TRACON& Tower with Radar,12,37,23,85,157,0,9,20,10,39,12,46,43,95,196,12,120,132,328
08/25/2010,GPT,MS,ASO,CE,Combined TRACON& Tower with Radar,26,32,34,81,173,0,3,16,15,34,26,35,50,96,207,26,120,146,353
08/26/2010,GPT,MS,ASO,CE,Combined TRACON& Tower with Radar,15,34,27,113,189,0,6,13,15,34,15,40,40,128,223,60,210,270,493
08/27/2010,GPT,MS,ASO,CE,Combined TRACON& Tower with Radar,23,34,21,8,86,0,1,4,9,14,23,35,25,17,100,26,50,76,176
08/28/2010,GPT,MS,ASO,CE,Combined TRACON& Tower with Radar,12,30,7,0,49,0,2,5,0,7,12,32,12,0,56,0,0,0,56
08/29/2010,GPT,MS,ASO,CE,Combined TRACON& Tower with Radar,22,34,22,4,82,0,0,1,0,1,22,34,23,4,83,0,0,0,83
08/30/2010,GPT,MS,ASO,CE,Combined TRACON& Tower with Radar,13,32,15,3,63,0,5,1,10,16,13,37,16,13,79,8,46,54,133
08/31/2010,GPT,MS,ASO,CE,Combined TRACON& Tower with Radar,16,34,27,24,101,0,2,3,13,18,16,36,30,37,119,86,110,196,315
09/01/2010,GPT,MS,ASO,CE,Combined TRACON& Tower with Radar,22,29,38,23,112,0,6,16,11,33,22,35,54,34,145,12,14,26,171
09/02/2010,GPT,MS,ASO,CE,Combined TRACON& Tower with Radar,12,36,22,68,138,0,7,19,9,35,12,43,41,77,173,60,262,322,495
09/03/2010,GPT,MS,ASO,CE,Combined TRACON& Tower with Radar,23,38,29,8,98,0,6,18,1,25,23,44,47,9,123,226,302,528,651
09/04/2010,GPT,MS,ASO,CE,Combined TRACON& Tower with Radar,12,30,17,7,66,0,4,15,2,21,12,34,32,9,87,120,188,308,395
09/05/2010,GPT,MS,ASO,CE,Combined TRACON& Tower with Radar,23,31,9,25,88,0,4,15,6,25,23,35,24,31,113,30,46,76,189
09/06/2010,GPT,MS,ASO,CE,Combined TRACON& Tower with Radar,14,31,24,4,73,0,2,14,0,16,14,33,38,4,89,6,10,16,105
09/07/2010,GPT,MS,ASO,CE,Combined TRACON& Tower with Radar,11,30,10,33,84,0,0,10,6,16,11,30,20,39,100,0,14,14,114
09/08/2010,GPT,MS,ASO,CE,Combined TRACON& Tower with Radar,17,33,41,48,139,0,6,13,7,26,17,39,54,55,165,0,0,0,165
09/09/2010,GPT,MS,ASO,CE,Combined TRACON& Tower with Radar,15,33,21,65,134,0,3,17,7,27,15,36,38,72,161,132,272,404,565
09/10/2010,GPT,MS,ASO,CE,Combined TRACON& Tower with Radar,16,40,32,25,113,0,6,7,2,15,16,46,39,27,128,122,224,346,474
09/11/2010,GPT,MS,ASO,CE,Combined TRACON& Tower with Radar,7,36,11,3,57,0,3,12,1,16,7,39,23,4,73,12,0,12,85
09/12/2010,GPT,MS,ASO,CE,Combined TRACON& Tower with Radar,21,36,8,6,71,0,4,10,0,14,21,40,18,6,85,16,0,16,101
09/13/2010,GPT,MS,ASO,CE,Combined TRACON& Tower with Radar,12,35,14,52,113,0,0,11,0,11,12,35,25,52,124,54,116,170,294
09/14/2010,GPT,MS,ASO,CE,Combined TRACON& Tower with Radar,15,37,27,24,103,0,6,15,4,25,15,43,42,28,128,44,54,98,226
09/15/2010,GPT,MS,ASO,CE,Combined TRACON& Tower with Radar,18,34,20,71,143,0,3,15,4,22,18,37,35,75,165,0,0,0,165
09/16/2010,GPT,MS,ASO,CE,Combined TRACON& Tower with Radar,14,35,21,57,127,0,0,11,9,20,14,35,32,66,147,112,298,410,557
09/17/2010,GPT,MS,ASO,CE,Combined TRACON& Tower with Radar,20,40,26,25,111,0,6,10,2,18,20,46,36,27,129,92,304,396,525
09/18/2010,GPT,MS,ASO,CE,Combined TRACON& Tower with Radar,9,35,16,6,66,1,1,14,0,16,10,36,30,6,82,120,170,290,372
09/19/2010,GPT,MS,ASO,CE,Combined TRACON& Tower with Radar,28,37,19,16,100,0,3,6,2,11,28,40,25,18,111,24,4,28,139
09/20/2010,GPT,MS,ASO,CE,Combined TRACON& Tower with Radar,25,43,14,23,105,0,0,3,0,3,25,43,17,23,108,10,112,122,230
09/21/2010,GPT,MS,ASO,CE,Combined TRACON& Tower with Radar,30,41,26,78,175,0,3,9,14,26,30,44,35,92,201,80,234,314,515
09/22/2010,GPT,MS,ASO,CE,Combined TRACON& Tower with Radar,26,33,26,44,129,0,0,7,10,17,26,33,33,54,146,0,0,0,146
09/23/2010,GPT,MS,ASO,CE,Combined TRACON& Tower with Radar,12,43,23,61,139,0,2,11,3,16,12,45,34,64,155,100,248,348,503
09/24/2010,GPT,MS,ASO,CE,Combined TRACON& Tower with Radar,19,39,21,92,171,0,2,17,3,22,19,41,38,95,193,108,252,360,553
09/25/2010,GPT,MS,ASO,CE,Combined TRACON& Tower with Radar,8,35,9,2,54,0,3,12,0,15,8,38,21,2,69,0,0,0,69
09/26/2010,GPT,MS,ASO,CE,Combined TRACON& Tower with Radar,20,35,15,5,75,0,0,4,0,4,20,35,19,5,79,0,0,0,79
09/27/2010,GPT,MS,ASO,CE,Combined TRACON& Tower with Radar,12,35,22,47,116,0,0,9,1,10,12,35,31,48,126,60,108,168,294
09/28/2010,GPT,MS,ASO,CE,Combined TRACON& Tower with Radar,10,36,15,66,127,0,0,13,14,27,10,36,28,80,154,12,0,12,166
09/29/2010,GPT,MS,ASO,CE,Combined TRACON& Tower with Radar,19,36,24,95,174,0,0,11,4,15,19,36,35,99,189,18,132,150,339
09/30/2010,GPT,MS,ASO,CE,Combined TRACON& Tower with Radar,12,31,14,49,106,0,0,9,4,13,12,31,23,53,119,74,248,322,441
10/01/2010,GPT,MS,ASO,CE,Combined TRACON& Tower with Radar,24,39,19,64,146,0,0,6,7,13,24,39,25,71,159,112,212,324,483
10/02/2010,GPT,MS,ASO,CE,Combined TRACON& Tower with Radar,7,45,10,14,76,0,6,18,6,30,7,51,28,20,106,84,214,298,404
10/03/2010,GPT,MS,ASO,CE,Combined TRACON& Tower with Radar,16,38,9,9,72,0,2,15,6,23,16,40,24,15,95,0,0,0,95
10/04/2010,GPT,MS,ASO,CE,Combined TRACON& Tower with Radar,7,34,18,25,84,0,0,5,3,8,7,34,23,28,92,30,116,146,238
10/05/2010,GPT,MS,ASO,CE,Combined TRACON& Tower with Radar,8,39,47,98,192,0,0,19,0,19,8,39,66,98,211,52,114,166,377
10/06/2010,GPT,MS,ASO,CE,Combined TRACON& Tower with Radar,16,36,29,84,165,0,0,14,8,22,16,36,43,92,187,16,162,178,365
10/07/2010,GPT,MS,ASO,CE,Combined TRACON& Tower with Radar,10,39,23,68,140,0,6,17,3,26,10,45,40,71,166,102,180,282,448
10/08/2010,GPT,MS,ASO,CE,Combined TRACON& Tower with Radar,18,45,18,45,126,0,0,16,0,16,18,45,34,45,142,0,0,0,142
10/09/2010,GPT,MS,ASO,CE,Combined TRACON& Tower with Radar,7,37,7,20,71,1,3,28,3,35,8,40,35,23,106,192,22,214,320
10/10/2010,GPT,MS,ASO,CE,Combined TRACON& Tower with Radar,19,41,12,0,72,0,2,13,1,16,19,43,25,1,88,0,0,0,88
10/11/2010,GPT,MS,ASO,CE,Combined TRACON& Tower with Radar,8,36,14,3,61,0,2,6,2,10,8,38,20,5,71,20,0,20,91
10/12/2010,GPT,MS,ASO,CE,Combined TRACON& Tower with Radar,8,38,21,41,108,0,0,8,9,17,8,38,29,50,125,0,16,16,141
10/13/2010,GPT,MS,ASO,CE,Combined TRACON& Tower with Radar,16,34,14,40,104,0,0,14,6,20,16,34,28,46,124,54,150,204,328
10/14/2010,GPT,MS,ASO,CE,Combined TRACON& Tower with Radar,14,36,25,72,147,0,0,15,9,24,14,36,40,81,171,108,348,456,627
10/15/2010,GPT,MS,ASO,CE,Combined TRACON& Tower with Radar,24,40,18,64,146,0,1,7,1,9,24,41,25,65,155,102,296,398,553
10/16/2010,GPT,MS,ASO,CE,Combined TRACON& Tower with Radar,5,35,9,8,57,0,2,5,1,8,5,37,14,9,65,132,226,358,423
10/17/2010,GPT,MS,ASO,CE,Combined TRACON& Tower with Radar,15,44,7,3,69,0,2,6,3,11,15,46,13,6,80,24,15,39,119
10/18/2010,GPT,MS,ASO,CE,Combined TRACON& Tower with Radar,9,35,8,20,72,0,3,13,0,16,9,38,21,20,88,76,114,190,278
10/19/2010,GPT,MS,ASO,CE,Combined TRACON& Tower with Radar,6,41,27,31,105,0,0,11,7,18,6,41,38,38,123,0,0,0,123
10/20/2010,GPT,MS,ASO,CE,Combined TRACON& Tower with Radar,14,34,17,29,94,0,2,8,7,17,14,36,25,36,111,0,0,0,111
10/21/2010,GPT,MS,ASO,CE,Combined TRACON& Tower with Radar,7,38,25,65,135,0,1,10,4,15,7,39,35,69,150,0,18,18,168
10/22/2010,GPT,MS,ASO,CE,Combined TRACON& Tower with Radar,19,38,22,12,91,0,1,14,2,17,19,39,36,14,108,22,24,46,154
10/23/2010,GPT,MS,ASO,CE,Combined TRACON& Tower with Radar,6,35,17,6,64,0,0,7,0,7,6,35,24,6,71,0,0,0,71
10/24/2010,GPT,MS,ASO,CE,Combined TRACON& Tower with Radar,16,43,19,12,90,0,2,10,1,13,16,45,29,13,103,0,0,0,103
10/25/2010,GPT,MS,ASO,CE,Combined TRACON& Tower with Radar,11,34,28,51,124,0,1,3,0,4,11,35,31,51,128,12,54,66,194
10/26/2010,GPT,MS,ASO,CE,Combined TRACON& Tower with Radar,10,35,17,43,105,0,0,4,1,5,10,35,21,44,110,0,0,0,110
10/27/2010,GPT,MS,ASO,CE,Combined TRACON& Tower with Radar,17,31,22,34,104,0,0,2,0,2,17,31,24,34,106,0,2,2,108
10/28/2010,GPT,MS,ASO,CE,Combined TRACON& Tower with Radar,14,35,17,40,106,0,1,14,4,19,14,36,31,44,125,4,50,54,179
10/29/2010,GPT,MS,ASO,CE,Combined TRACON& Tower with Radar,22,41,21,65,149,0,2,19,0,21,22,43,40,65,170,0,40,40,210
10/30/2010,GPT,MS,ASO,CE,Combined TRACON& Tower with Radar,8,32,12,18,70,0,4,15,1,20,8,36,27,19,90,138,184,322,412
10/31/2010,GPT,MS,ASO,CE,Combined TRACON& Tower with Radar,19,36,17,7,79,0,2,3,0,5,19,38,20,7,84,0,0,0,84
11/01/2010,GPT,MS,ASO,CE,Combined TRACON& Tower with Radar,15,36,19,64,134,0,6,16,0,22,15,42,35,64,156,84,140,224,380
11/02/2010,GPT,MS,ASO,CE,Combined TRACON& Tower with Radar,12,32,16,49,109,0,0,3,0,3,12,32,19,49,112,50,106,156,268
11/03/2010,GPT,MS,ASO,CE,Combined TRACON& Tower with Radar,18,32,20,1,71,0,1,1,0,2,18,33,21,1,73,8,0,8,81
11/04/2010,GPT,MS,ASO,CE,Combined TRACON& Tower with Radar,14,35,21,55,125,0,0,4,2,6,14,35,25,57,131,44,132,176,307
11/05/2010,GPT,MS,ASO,CE,Combined TRACON& Tower with Radar,17,39,31,66,153,0,1,21,4,26,17,40,52,70,179,0,26,26,205
11/06/2010,GPT,MS,ASO,CE,Combined TRACON& Tower with Radar,12,31,12,24,79,0,3,19,1,23,12,34,31,25,102,102,212,314,416
11/07/2010,GPT,MS,ASO,CE,Combined TRACON& Tower with Radar,15,37,19,14,85,0,4,21,2,27,15,41,40,16,112,20,0,20,132
11/08/2010,GPT,MS,ASO,CE,Combined TRACON& Tower with Radar,16,34,15,125,190,0,1,3,3,7,16,35,18,128,197,0,0,0,197
11/09/2010,GPT,MS,ASO,CE,Combined TRACON& Tower with Radar,11,31,21,83,146,0,0,10,4,14,11,31,31,87,160,10,48,58,218
11/10/2010,GPT,MS,ASO,CE,Combined TRACON& Tower with Radar,22,32,18,78,150,0,0,16,1,17,22,32,34,79,167,2,40,42,209
11/11/2010,GPT,MS,ASO,CE,Combined TRACON& Tower with Radar,16,40,27,4,87,0,0,25,2,27,16,40,52,6,114,0,0,0,114
11/12/2010,GPT,MS,ASO,CE,Combined TRACON& Tower with Radar,16,40,38,40,134,0,2,21,1,24,16,42,59,41,158,70,198,268,426
11/13/2010,GPT,MS,ASO,CE,Combined TRACON& Tower with Radar,13,33,12,35,93,0,0,11,18,29,13,33,23,53,122,0,0,0,122
11/14/2010,GPT,MS,ASO,CE,Combined TRACON& Tower with Radar,24,41,23,11,99,0,2,9,0,11,24,43,32,11,110,26,18,44,154
11/15/2010,GPT,MS,ASO,CE,Combined TRACON& Tower with Radar,13,34,9,6,62,0,0,0,0,0,13,34,9,6,62,0,0,0,62
11/16/2010,GPT,MS,ASO,CE,Combined TRACON& Tower with Radar,15,34,20,132,201,0,2,2,5,9,15,36,22,137,210,48,120,168,378
11/17/2010,GPT,MS,ASO,CE,Combined TRACON& Tower with Radar,19,33,32,113,197,0,0,14,8,22,19,33,46,121,219,0,0,0,219
11/18/2010,GPT,MS,ASO,CE,Combined TRACON& Tower with Radar,14,37,27,82,160,0,0,11,6,17,14,37,38,88,177,56,304,360,537
11/19/2010,GPT,MS,ASO,CE,Combined TRACON& Tower with Radar,20,36,29,55,140,0,3,10,7,20,20,39,39,62,160,22,18,40,200
11/20/2010,GPT,MS,ASO,CE,Combined TRACON& Tower with Radar,11,28,6,8,53,0,0,14,0,14,11,28,20,8,67,0,0,0,67
11/21/2010,GPT,MS,ASO,CE,Combined TRACON& Tower with Radar,21,34,13,11,79,0,0,8,3,11,21,34,21,14,90,17,0,17,107
11/22/2010,GPT,MS,ASO,CE,Combined TRACON& Tower with Radar,13,30,6,52,101,0,0,11,4,15,13,30,17,56,116,30,54,84,200
11/23/2010,GPT,MS,ASO,CE,Combined TRACON& Tower with Radar,10,30,9,72,121,0,2,6,4,12,10,32,15,76,133,8,40,48,181
11/24/2010,GPT,MS,ASO,CE,Combined TRACON& Tower with Radar,16,31,13,45,105,0,0,7,3,10,16,31,20,48,115,14,50,64,179
11/25/2010,GPT,MS,ASO,CE,Combined TRACON& Tower with Radar,10,20,2,0,32,0,0,2,0,2,10,20,4,0,34,0,0,0,34
11/26/2010,GPT,MS,ASO,CE,Combined TRACON& Tower with Radar,18,26,9,0,53,0,0,0,0,0,18,26,9,0,53,0,0,0,53
11/27/2010,GPT,MS,ASO,CE,Combined TRACON& Tower with Radar,12,35,5,8,60,0,0,14,0,14,12,35,19,8,74,0,0,0,74
11/28/2010,GPT,MS,ASO,CE,Combined TRACON& Tower with Radar,17,33,14,0,64,0,1,6,0,7,17,34,20,0,71,0,0,0,71
11/29/2010,GPT,MS,ASO,CE,Combined TRACON& Tower with Radar,12,31,21,36,100,0,0,4,1,5,12,31,25,37,105,0,0,0,105
11/30/2010,GPT,MS,ASO,CE,Combined TRACON& Tower with Radar,10,28,8,27,73,0,0,0,0,0,10,28,8,27,73,0,6,6,79
12/01/2010,GPT,MS,ASO,CE,Combined TRACON& Tower with Radar,15,31,24,40,110,0,1,10,4,15,15,32,34,44,125,0,0,0,125
12/02/2010,GPT,MS,ASO,CE,Combined TRACON& Tower with Radar,14,31,18,35,98,0,1,14,3,18,14,32,32,38,116,0,24,24,140
12/03/2010,GPT,MS,ASO,CE,Combined TRACON& Tower with Radar,18,30,18,24,90,0,0,18,3,21,18,30,36,27,111,0,24,24,135
12/04/2010,GPT,MS,ASO,CE,Combined TRACON& Tower with Radar,12,24,9,30,75,0,0,9,2,11,12,24,18,32,86,6,0,6,92
12/05/2010,GPT,MS,ASO,CE,Combined TRACON& Tower with Radar,13,35,21,25,94,0,2,6,4,12,13,37,27,29,106,0,0,0,106
12/06/2010,GPT,MS,ASO,CE,Combined TRACON& Tower with Radar,14,32,21,41,108,0,0,8,1,9,14,32,29,42,117,26,80,106,223
12/07/2010,GPT,MS,ASO,CE,Combined TRACON& Tower with Radar,9,31,16,49,105,0,1,15,2,18,9,32,31,51,123,0,14,14,137
12/08/2010,GPT,MS,ASO,CE,Combined TRACON& Tower with Radar,15,33,27,57,132,0,1,18,0,19,15,34,45,57,151,0,18,18,169
12/09/2010,GPT,MS,ASO,CE,Combined TRACON& Tower with Radar,15,32,35,56,138,0,0,13,0,13,15,32,48,56,151,70,162,232,383
12/10/2010,GPT,MS,ASO,CE,Combined TRACON& Tower with Radar,23,29,31,53,136,0,1,18,6,25,23,30,49,59,161,14,12,26,187
12/11/2010,GPT,MS,ASO,CE,Combined TRACON& Tower with Radar,12,27,11,18,68,0,1,2,2,5,12,28,13,20,73,0,0,0,73
12/12/2010,GPT,MS,ASO,CE,Combined TRACON& Tower with Radar,15,32,6,14,67,0,2,5,5,12,15,34,11,19,79,0,0,0,79
12/13/2010,GPT,MS,ASO,CE,Combined TRACON& Tower with Radar,12,31,27,44,114,0,0,9,1,10,12,31,36,45,124,0,0,0,124
12/14/2010,GPT,MS,ASO,CE,Combined TRACON& Tower with Radar,17,28,20,52,117,0,0,7,6,13,17,28,27,58,130,34,2,36,166
12/15/2010,GPT,MS,ASO,CE,Combined TRACON& Tower with Radar,16,30,27,63,136,0,2,12,3,17,16,32,39,66,153,14,80,94,247
12/16/2010,GPT,MS,ASO,CE,Combined TRACON& Tower with Radar,13,36,27,56,132,0,2,10,7,19,13,38,37,63,151,14,40,54,205
12/17/2010,GPT,MS,ASO,CE,Combined TRACON& Tower with Radar,24,37,11,49,121,0,0,5,0,5,24,37,16,49,126,0,0,0,126
12/18/2010,GPT,MS,ASO,CE,Combined TRACON& Tower with Radar,7,34,10,15,66,0,3,8,0,11,7,37,18,15,77,30,4,34,111
12/19/2010,GPT,MS,ASO,CE,Combined TRACON& Tower with Radar,13,30,5,2,50,0,0,19,3,22,13,30,24,5,72,58,0,58,130
12/20/2010,GPT,MS,ASO,CE,Combined TRACON& Tower with Radar,10,34,16,51,111,0,3,9,4,16,10,37,25,55,127,0,0,0,127
12/21/2010,GPT,MS,ASO,CE,Combined TRACON& Tower with Radar,6,34,8,55,103,0,3,12,3,18,6,37,20,58,121,0,22,22,143
12/22/2010,GPT,MS,ASO,CE,Combined TRACON& Tower with Radar,14,36,14,48,112,0,2,12,12,26,14,38,26,60,138,0,0,0,138
12/23/2010,GPT,MS,ASO,CE,Combined TRACON& Tower with Radar,5,34,9,30,78,0,0,11,0,11,5,34,20,30,89,0,0,0,89
12/24/2010,GPT,MS,ASO,CE,Combined TRACON& Tower with Radar,7,35,6,0,48,0,2,4,0,6,7,37,10,0,54,0,0,0,54
12/25/2010,GPT,MS,ASO,CE,Combined TRACON& Tower with Radar,0,25,1,0,26,0,0,0,0,0,0,25,1,0,26,0,0,0,26
12/26/2010,GPT,MS,ASO,CE,Combined TRACON& Tower with Radar,9,26,9,0,44,0,0,2,0,2,9,26,11,0,46,0,0,0,46
12/27/2010,GPT,MS,ASO,CE,Combined TRACON& Tower with Radar,4,33,7,20,64,0,2,8,0,10,4,35,15,20,74,4,0,4,78
12/28/2010,GPT,MS,ASO,CE,Combined TRACON& Tower with Radar,4,34,7,28,73,0,0,16,1,17,4,34,23,29,90,14,62,76,166
12/29/2010,GPT,MS,ASO,CE,Combined TRACON& Tower with Radar,8,35,10,26,79,0,0,9,1,10,8,35,19,27,89,2,0,2,91
12/30/2010,GPT,MS,ASO,CE,Combined TRACON& Tower with Radar,9,36,12,0,57,0,0,4,0,4,9,36,16,0,61,0,0,0,61
12/31/2010,GPT,MS,ASO,CE,Combined TRACON& Tower with Radar,8,31,16,0,55,0,0,1,0,1,8,31,17,0,56,6,0,6,62
01/01/2011,GPT,MS,ASO,CE,Combined TRACON& Tower with Radar,2,30,7,0,39,0,0,1,0,1,2,30,8,0,40,0,0,0,40
01/02/2011,GPT,MS,ASO,CE,Combined TRACON& Tower with Radar,11,33,24,4,72,0,0,6,0,6,11,33,30,4,78,0,0,0,78
01/03/2011,GPT,MS,ASO,CE,Combined TRACON& Tower with Radar,4,34,9,2,49,0,0,9,0,9,4,34,18,2,58,26,36,62,120
01/04/2011,GPT,MS,ASO,CE,Combined TRACON& Tower with Radar,6,33,38,17,94,0,0,12,5,17,6,33,50,22,111,6,12,18,129
01/05/2011,GPT,MS,ASO,CE,Combined TRACON& Tower with Radar,12,32,15,22,81,0,0,3,2,5,12,32,18,24,86,0,0,0,86
01/06/2011,GPT,MS,ASO,CE,Combined TRACON& Tower with Radar,10,33,38,38,119,0,2,12,4,18,10,35,50,42,137,22,22,44,181
01/07/2011,GPT,MS,ASO,CE,Combined TRACON& Tower with Radar,14,33,15,20,82,0,0,14,4,18,14,33,29,24,100,0,0,0,100
01/08/2011,GPT,MS,ASO,CE,Combined TRACON& Tower with Radar,12,26,7,12,57,0,0,12,3,15,12,26,19,15,72,0,0,0,72
01/09/2011,GPT,MS,ASO,CE,Combined TRACON& Tower with Radar,13,30,11,0,54,0,0,4,0,4,13,30,15,0,58,0,0,0,58
01/10/2011,GPT,MS,ASO,CE,Combined TRACON& Tower with Radar,6,22,18,26,72,0,0,0,0,0,6,22,18,26,72,16,0,16,88
01/11/2011,GPT,MS,ASO,CE,Combined TRACON& Tower with Radar,4,19,19,38,80,0,0,12,0,12,4,19,31,38,92,0,38,38,130
01/12/2011,GPT,MS,ASO,CE,Combined TRACON& Tower with Radar,12,32,15,22,81,0,0,3,2,5,12,32,18,24,86,14,36,50,136
01/13/2011,GPT,MS,ASO,CE,Combined TRACON& Tower with Radar,10,33,38,38,119,0,2,12,4,18,10,35,50,42,137,0,6,6,143
01/14/2011,GPT,MS,ASO,CE,Combined TRACON& Tower with Radar,14,37,6,32,89,0,3,14,1,18,14,40,20,33,107,0,0,0,107
01/15/2011,GPT,MS,ASO,CE,Combined TRACON& Tower with Radar,10,31,13,0,54,0,0,20,0,20,10,31,33,0,74,34,0,34,108
01/16/2011,GPT,MS,ASO,CE,Combined TRACON& Tower with Radar,15,30,8,5,58,0,0,14,0,14,15,30,22,5,72,0,0,0,72
01/17/2011,GPT,MS,ASO,CE,Combined TRACON& Tower with Radar,11,31,7,9,58,0,0,7,0,7,11,31,14,9,65,0,2,2,67
01/18/2011,GPT,MS,ASO,CE,Combined TRACON& Tower with Radar,10,29,31,30,100,0,0,2,0,2,10,29,33,30,102,0,0,0,102
01/19/2011,GPT,MS,ASO,CE,Combined TRACON& Tower with Radar,16,29,32,50,127,0,1,13,4,18,16,30,45,54,145,6,18,24,169
01/20/2011,GPT,MS,ASO,CE,Combined TRACON& Tower with Radar,13,32,36,37,118,0,0,8,4,12,13,32,44,41,130,0,22,22,152
01/21/2011,GPT,MS,ASO,CE,Combined TRACON& Tower with Radar,14,33,13,48,108,0,4,6,4,14,14,37,19,52,122,0,6,6,128
01/22/2011,GPT,MS,ASO,CE,Combined TRACON& Tower with Radar,11,27,8,3,49,0,0,16,4,20,11,27,24,7,69,0,0,0,69
01/23/2011,GPT,MS,ASO,CE,Combined TRACON& Tower with Radar,15,36,23,9,83,0,1,19,1,21,15,37,42,10,104,4,0,4,108
01/24/2011,GPT,MS,ASO,CE,Combined TRACON& Tower with Radar,12,36,16,34,98,0,0,9,5,14,12,36,25,39,112,0,8,8,120
01/25/2011,GPT,MS,ASO,CE,Combined TRACON& Tower with Radar,10,26,26,21,83,0,0,1,0,1,10,26,27,21,84,0,0,0,84
01/26/2011,GPT,MS,ASO,CE,Combined TRACON& Tower with Radar,16,30,28,30,104,0,0,9,0,9,16,30,37,30,113,12,20,32,145
01/27/2011,GPT,MS,ASO,CE,Combined TRACON& Tower with Radar,14,33,21,58,126,0,6,6,7,19,14,39,27,65,145,60,122,182,327
01/28/2011,GPT,MS,ASO,CE,Combined TRACON& Tower with Radar,13,37,19,54,123,0,0,15,2,17,13,37,34,56,140,114,288,402,542
01/29/2011,GPT,MS,ASO,CE,Combined TRACON& Tower with Radar,13,28,9,20,70,0,1,12,3,16,13,29,21,23,86,26,0,26,112
01/30/2011,GPT,MS,ASO,CE,Combined TRACON& Tower with Radar,15,33,13,16,77,0,0,6,0,6,15,33,19,16,83,0,0,0,83
01/31/2011,GPT,MS,ASO,CE,Combined TRACON& Tower with Radar,13,30,11,60,114,0,0,3,2,5,13,30,14,62,119,0,18,18,137
02/01/2011,GPT,MS,ASO,CE,Combined TRACON& Tower with Radar,8,26,3,6,43,0,0,0,0,0,8,26,3,6,43,0,0,0,43
02/02/2011,GPT,MS,ASO,CE,Combined TRACON& Tower with Radar,16,28,34,57,135,0,0,10,7,17,16,28,44,64,152,6,2,8,160
02/03/2011,GPT,MS,ASO,CE,Combined TRACON& Tower with Radar,13,24,18,2,57,0,0,2,2,4,13,24,20,4,61,0,0,0,61
02/04/2011,GPT,MS,ASO,CE,Combined TRACON& Tower with Radar,15,18,11,0,44,0,0,0,0,0,15,18,11,0,44,0,0,0,44
02/05/2011,GPT,MS,ASO,CE,Combined TRACON& Tower with Radar,12,28,18,39,97,0,1,12,3,16,12,29,30,42,113,0,0,0,113
02/06/2011,GPT,MS,ASO,CE,Combined TRACON& Tower with Radar,17,32,20,15,84,0,2,11,2,15,17,34,31,17,99,0,0,0,99
02/07/2011,GPT,MS,ASO,CE,Combined TRACON& Tower with Radar,14,29,21,49,113,0,0,2,7,9,14,29,23,56,122,18,76,94,216
02/08/2011,GPT,MS,ASO,CE,Combined TRACON& Tower with Radar,11,28,18,56,113,0,2,15,5,22,11,30,33,61,135,70,96,166,301
02/09/2011,GPT,MS,ASO,CE,Combined TRACON& Tower with Radar,17,23,13,28,81,0,0,8,6,14,17,23,21,34,95,0,0,0,95
02/10/2011,GPT,MS,ASO,CE,Combined TRACON& Tower with Radar,14,30,11,20,75,0,0,8,5,13,14,30,19,25,88,58,260,318,406
02/11/2011,GPT,MS,ASO,CE,Combined TRACON& Tower with Radar,18,42,38,32,130,0,4,24,2,30,18,46,62,34,160,34,228,262,422
02/12/2011,GPT,MS,ASO,CE,Combined TRACON& Tower with Radar,13,28,10,8,59,0,0,24,4,28,13,28,34,12,87,16,0,16,103
02/13/2011,GPT,MS,ASO,CE,Combined TRACON& Tower with Radar,15,33,21,22,91,0,1,15,3,19,15,34,36,25,110,0,42,42,152
02/14/2011,GPT,MS,ASO,CE,Combined TRACON& Tower with Radar,12,30,19,49,110,0,3,10,4,17,12,33,29,53,127,36,56,92,219
02/15/2011,GPT,MS,ASO,CE,Combined TRACON& Tower with Radar,10,28,22,35,95,0,1,21,9,31,10,29,43,44,126,26,46,72,198
02/16/2011,GPT,MS,ASO,CE,Combined TRACON& Tower with Radar,18,30,31,58,137,0,0,6,9,15,18,30,37,67,152,6,78,84,236
02/17/2011,GPT,MS,ASO,CE,Combined TRACON& Tower with Radar,10,37,28,56,131,0,2,11,15,28,10,39,39,71,159,94,138,232,391
02/18/2011,GPT,MS,ASO,CE,Combined TRACON& Tower with Radar,12,37,25,15,89,0,1,9,4,14,12,38,34,19,103,38,108,146,249
02/19/2011,GPT,MS,ASO,CE,Combined TRACON& Tower with Radar,8,32,4,5,49,0,0,5,1,6,8,32,9,6,55,0,6,6,61
02/20/2011,GPT,MS,ASO,CE,Combined TRACON& Tower with Radar,11,41,27,4,83,0,0,16,0,16,11,41,43,4,99,4,6,10,109
02/21/2011,GPT,MS,ASO,CE,Combined TRACON& Tower with Radar,9,33,22,5,69,0,0,3,0,3,9,33,25,5,72,0,0,0,72
02/22/2011,GPT,MS,ASO,CE,Combined TRACON& Tower with Radar,10,33,26,39,108,0,0,6,3,9,10,33,32,42,117,8,0,8,125
02/23/2011,GPT,MS,ASO,CE,Combined TRACON& Tower with Radar,14,40,31,69,154,0,0,9,7,16,14,40,40,76,170,16,26,42,212
02/24/2011,GPT,MS,ASO,CE,Combined TRACON& Tower with Radar,9,36,38,22,105,0,0,3,0,3,9,36,41,22,108,34,146,180,288
02/25/2011,GPT,MS,ASO,CE,Combined TRACON& Tower with Radar,19,42,32,30,123,0,8,10,4,22,19,50,42,34,145,21,0,21,166
02/26/2011,GPT,MS,ASO,CE,Combined TRACON& Tower with Radar,12,31,13,5,61,0,0,9,0,9,12,31,22,5,70,0,0,0,70
02/27/2011,GPT,MS,ASO,CE,Combined TRACON& Tower with Radar,17,38,32,13,100,0,0,8,3,11,17,38,40,16,111,2,8,10,121
02/28/2011,GPT,MS,ASO,CE,Combined TRACON& Tower with Radar,13,32,24,38,107,0,0,4,1,5,13,32,28,39,112,8,20,28,140
03/01/2011,GPT,MS,ASO,CE,Combined TRACON& Tower with Radar,8,30,31,60,129,0,2,18,6,26,8,32,49,66,155,28,32,60,215
03/02/2011,GPT,MS,ASO,CE,Combined TRACON& Tower with Radar,17,32,17,77,143,0,4,10,6,20,17,36,27,83,163,18,80,98,261
03/03/2011,GPT,MS,ASO,CE,Combined TRACON& Tower with Radar,7,42,29,38,116,0,1,13,11,25,7,43,42,49,141,0,12,12,153
03/04/2011,GPT,MS,ASO,CE,Combined TRACON& Tower with Radar,10,42,25,10,87,0,0,3,2,5,10,42,28,12,92,16,18,34,126
03/05/2011,GPT,MS,ASO,CE,Combined TRACON& Tower with Radar,7,37,8,2,54,0,0,0,0,0,7,37,8,2,54,0,0,0,54
03/06/2011,GPT,MS,ASO,CE,Combined TRACON& Tower with Radar,9,48,30,9,96,0,3,7,0,10,9,51,37,9,106,2,0,2,108
03/07/2011,GPT,MS,ASO,CE,Combined TRACON& Tower with Radar,8,39,13,70,130,1,2,13,7,23,9,41,26,77,153,20,50,70,223
03/08/2011,GPT,MS,ASO,CE,Combined TRACON& Tower with Radar,6,35,10,36,87,0,0,0,1,1,6,35,10,37,88,0,0,0,88
03/09/2011,GPT,MS,ASO,CE,Combined TRACON& Tower with Radar,6,40,12,48,106,0,0,1,3,4,6,40,13,51,110,6,72,78,188
03/10/2011,GPT,MS,ASO,CE,Combined TRACON& Tower with Radar,5,41,25,87,158,0,0,14,5,19,5,41,39,92,177,44,200,244,421
03/11/2011,GPT,MS,ASO,CE,Combined TRACON& Tower with Radar,9,42,24,48,123,0,4,24,6,34,9,46,48,54,157,58,116,174,331
03/12/2011,GPT,MS,ASO,CE,Combined TRACON& Tower with Radar,5,39,17,2,63,0,1,24,0,25,5,40,41,2,88,12,0,12,100
03/13/2011,GPT,MS,ASO,CE,Combined TRACON& Tower with Radar,7,46,16,21,90,0,1,11,1,13,7,47,27,22,103,4,18,22,125
03/14/2011,GPT,MS,ASO,CE,Combined TRACON& Tower with Radar,6,38,13,54,111,0,2,8,5,15,6,40,21,59,126,42,36,78,204
03/15/2011,GPT,MS,ASO,CE,Combined TRACON& Tower with Radar,4,36,16,42,98,0,2,11,8,21,4,38,27,50,119,10,42,52,171
03/16/2011,GPT,MS,ASO,CE,Combined TRACON& Tower with Radar,6,36,25,39,106,0,0,15,7,22,6,36,40,46,128,0,0,0,128
03/17/2011,GPT,MS,ASO,CE,Combined TRACON& Tower with Radar,8,40,33,26,107,0,4,9,6,19,8,44,42,32,126,10,14,24,150
03/18/2011,GPT,MS,ASO,CE,Combined TRACON& Tower with Radar,6,46,26,64,142,0,0,19,8,27,6,46,45,72,169,94,254,348,517
03/19/2011,GPT,MS,ASO,CE,Combined TRACON& Tower with Radar,5,40,17,6,68,0,5,7,1,13,5,45,24,7,81,0,0,0,81
03/20/2011,GPT,MS,ASO,CE,Combined TRACON& Tower with Radar,7,44,14,8,73,0,3,14,4,21,7,47,28,12,94,12,22,34,128
03/21/2011,GPT,MS,ASO,CE,Combined TRACON& Tower with Radar,6,39,19,54,118,0,0,20,2,22,6,39,39,56,140,28,62,90,230
03/22/2011,GPT,MS,ASO,CE,Combined TRACON& Tower with Radar,6,37,20,93,156,0,2,7,7,16,6,39,27,100,172,0,78,78,250
03/23/2011,GPT,MS,ASO,CE,Combined TRACON& Tower with Radar,5,38,40,29,112,0,0,14,0,14,5,38,54,29,126,14,10,24,150
03/24/2011,GPT,MS,ASO,CE,Combined TRACON& Tower with Radar,6,43,40,54,143,0,6,8,4,18,6,49,48,58,161,70,128,198,359
03/25/2011,GPT,MS,ASO,CE,Combined TRACON& Tower with Radar,6,36,35,59,136,0,4,8,7,19,6,40,43,66,155,8,60,68,223
03/26/2011,GPT,MS,ASO,CE,Combined TRACON& Tower with Radar,9,39,7,13,68,0,1,6,9,16,9,40,13,22,84,0,0,0,84
03/27/2011,GPT,MS,ASO,CE,Combined TRACON& Tower with Radar,5,39,18,6,68,0,0,2,0,2,5,39,20,6,70,16,0,16,86
03/28/2011,GPT,MS,ASO,CE,Combined TRACON& Tower with Radar,5,39,21,61,126,0,4,10,7,21,5,43,31,68,147,34,0,34,181
03/29/2011,GPT,MS,ASO,CE,Combined TRACON& Tower with Radar,10,40,21,76,147,0,0,0,0,0,10,40,21,76,147,0,0,0,147
03/30/2011,GPT,MS,ASO,CE,Combined TRACON& Tower with Radar,4,37,28,14,83,0,0,2,0,2,4,37,30,14,85,0,0,0,85
03/31/2011,GPT,MS,ASO,CE,Combined TRACON& Tower with Radar,4,45,23,34,106,0,0,17,5,22,4,45,40,39,128,92,260,352,480
04/01/2011,GPT,MS,ASO,CE,Combined TRACON& Tower with Radar,8,44,22,81,155,0,0,21,7,28,8,44,43,88,183,24,40,64,247
04/02/2011,GPT,MS,ASO,CE,Combined TRACON& Tower with Radar,10,29,18,8,65,0,0,15,0,15,10,29,33,8,80,14,0,14,94
04/03/2011,GPT,MS,ASO,CE,Combined TRACON& Tower with Radar,10,49,16,49,124,0,0,7,1,8,10,49,23,50,132,28,132,160,292
04/04/2011,GPT,MS,ASO,CE,Combined TRACON& Tower with Radar,7,33,18,35,93,0,0,3,0,3,7,33,21,35,96,0,0,0,96
04/05/2011,GPT,MS,ASO,CE,Combined TRACON& Tower with Radar,12,33,37,49,131,0,2,17,6,25,12,35,54,55,156,76,136,212,368
04/06/2011,GPT,MS,ASO,CE,Combined TRACON& Tower with Radar,7,41,27,57,132,0,2,25,0,27,7,43,52,57,159,42,48,90,249
04/07/2011,GPT,MS,ASO,CE,Combined TRACON& Tower with Radar,12,36,36,48,132,0,0,13,2,15,12,36,49,50,147,40,120,160,307
04/08/2011,GPT,MS,ASO,CE,Combined TRACON& Tower with Radar,16,38,38,46,138,0,3,4,2,9,16,41,42,48,147,0,0,0,147
04/09/2011,GPT,MS,ASO,CE,Combined TRACON& Tower with Radar,10,30,19,13,72,0,2,7,0,9,10,32,26,13,81,36,0,36,117
04/10/2011,GPT,MS,ASO,CE,Combined TRACON& Tower with Radar,17,39,14,17,87,0,2,2,0,4,17,41,16,17,91,32,0,32,123
04/11/2011,GPT,MS,ASO,CE,Combined TRACON& Tower with Radar,7,37,24,36,104,0,0,1,3,4,7,37,25,39,108,34,62,96,204
04/12/2011,GPT,MS,ASO,CE,Combined TRACON& Tower with Radar,8,32,21,69,130,0,2,16,6,24,8,34,37,75,154,4,40,44,198
04/13/2011,GPT,MS,ASO,CE,Combined TRACON& Tower with Radar,9,35,17,58,119,0,2,25,2,29,9,37,42,60,148,4,22,26,174
04/14/2011,GPT,MS,ASO,CE,Combined TRACON& Tower with Radar,12,30,28,39,109,0,2,9,3,14,12,32,37,42,123,94,132,226,349
04/15/2011,GPT,MS,ASO,CE,Combined TRACON& Tower with Radar,9,34,27,27,97,0,0,3,3,6,9,34,30,30,103,0,0,0,103
04/16/2011,GPT,MS,ASO,CE,Combined TRACON& Tower with Radar,12,27,11,3,53,0,5,15,0,20,12,32,26,3,73,24,24,48,121
04/17/2011,GPT,MS,ASO,CE,Combined TRACON& Tower with Radar,12,31,16,15,74,0,4,10,2,16,12,35,26,17,90,0,0,0,90
04/18/2011,GPT,MS,ASO,CE,Combined TRACON& Tower with Radar,9,35,20,8,72,0,0,4,2,6,9,35,24,10,78,0,0,0,78
04/19/2011,GPT,MS,ASO,CE,Combined TRACON& Tower with Radar,8,29,21,29,87,0,0,2,1,3,8,29,23,30,90,0,0,0,90
04/20/2011,GPT,MS,ASO,CE,Combined TRACON& Tower with Radar,11,37,35,14,97,0,0,3,8,11,11,37,38,22,108,0,0,0,108
04/21/2011,GPT,MS,ASO,CE,Combined TRACON& Tower with Radar,12,39,26,23,100,0,5,14,7,26,12,44,40,30,126,20,180,200,326
04/22/2011,GPT,MS,ASO,CE,Combined TRACON& Tower with Radar,10,36,6,28,80,0,0,4,1,5,10,36,10,29,85,0,0,0,85
04/23/2011,GPT,MS,ASO,CE,Combined TRACON& Tower with Radar,14,26,5,10,55,0,0,10,1,11,14,26,15,11,66,0,0,0,66
04/24/2011,GPT,MS,ASO,CE,Combined TRACON& Tower with Radar,15,35,4,7,61,0,0,4,0,4,15,35,8,7,65,0,0,0,65
04/25/2011,GPT,MS,ASO,CE,Combined TRACON& Tower with Radar,9,32,27,46,114,0,3,4,1,8,9,35,31,47,122,32,0,32,154
04/26/2011,GPT,MS,ASO,CE,Combined TRACON& Tower with Radar,8,31,15,2,56,0,0,3,4,7,8,31,18,6,63,0,4,4,67
04/27/2011,GPT,MS,ASO,CE,Combined TRACON& Tower with Radar,12,31,28,30,101,0,1,2,1,4,12,32,30,31,105,0,0,0,105
04/28/2011,GPT,MS,ASO,CE,Combined TRACON& Tower with Radar,9,37,40,50,136,0,1,22,9,32,9,38,62,59,168,0,0,0,168
04/29/2011,GPT,MS,ASO,CE,Combined TRACON& Tower with Radar,13,33,21,49,116,0,1,20,6,27,13,34,41,55,143,72,0,72,215
04/30/2011,GPT,MS,ASO,CE,Combined TRACON& Tower with Radar,13,30,17,56,116,0,2,15,3,20,13,32,32,59,136,6,118,124,260
05/01/2011,GPT,MS,ASO,CE,Combined TRACON& Tower with Radar,12,33,12,16,73,0,0,12,7,19,12,33,24,23,92,36,10,46,138
05/02/2011,GPT,MS,ASO,CE,Combined TRACON& Tower with Radar,10,34,30,36,110,0,3,5,8,16,10,37,35,44,126,18,62,80,206
05/03/2011,GPT,MS,ASO,CE,Combined TRACON& Tower with Radar,9,36,18,6,69,0,0,4,3,7,9,36,22,9,76,0,6,6,82
05/04/2011,GPT,MS,ASO,CE,Combined TRACON& Tower with Radar,12,38,25,34,109,0,4,25,17,46,12,42,50,51,155,48,212,260,415
05/05/2011,GPT,MS,ASO,CE,Combined TRACON& Tower with Radar,10,36,22,18,86,0,2,14,1,17,10,38,36,19,103,8,0,8,111
05/06/2011,GPT,MS,ASO,CE,Combined TRACON& Tower with Radar,12,35,33,34,114,0,0,23,2,25,12,35,56,36,139,10,12,22,161
05/07/2011,GPT,MS,ASO,CE,Combined TRACON& Tower with Radar,8,25,6,20,59,0,1,12,5,18,8,26,18,25,77,28,36,64,141
05/08/2011,GPT,MS,ASO,CE,Combined TRACON& Tower with Radar,10,35,11,13,69,0,0,11,6,17,10,35,22,19,86,144,16,160,246
05/09/2011,GPT,MS,ASO,CE,Combined TRACON& Tower with Radar,10,41,19,35,105,0,2,6,4,12,10,43,25,39,117,24,8,32,149
05/10/2011,GPT,MS,ASO,CE,Combined TRACON& Tower with Radar,8,33,18,27,86,0,2,10,0,12,8,35,28,27,98,2,6,8,106
05/11/2011,GPT,MS,ASO,CE,Combined TRACON& Tower with Radar,13,29,18,63,123,0,7,24,0,31,13,36,42,63,154,10,48,58,212
05/12/2011,GPT,MS,ASO,CE,Combined TRACON& Tower with Radar,10,33,23,21,87,0,3,13,2,18,10,36,36,23,105,58,226,284,389
05/13/2011,GPT,MS,ASO,CE,Combined TRACON& Tower with Radar,10,35,20,15,80,0,1,8,3,12,10,36,28,18,92,62,130,192,284
05/14/2011,GPT,MS,ASO,CE,Combined TRACON& Tower with Radar,13,25,12,29,79,0,3,13,2,18,13,28,25,31,97,24,180,204,301
05/15/2011,GPT,MS,ASO,CE,Combined TRACON& Tower with Radar,10,35,18,23,86,0,0,17,4,21,10,35,35,27,107,56,80,136,243
05/16/2011,GPT,MS,ASO,CE,Combined TRACON& Tower with Radar,14,39,25,35,113,0,0,8,2,10,14,39,33,37,123,12,22,34,157
05/17/2011,GPT,MS,ASO,CE,Combined TRACON& Tower with Radar,8,34,34,41,117,0,0,13,4,17,8,34,47,45,134,24,24,48,182
05/18/2011,GPT,MS,ASO,CE,Combined TRACON& Tower with Radar,10,35,31,48,124,0,4,14,12,30,10,39,45,60,154,0,0,0,154
05/19/2011,GPT,MS,ASO,CE,Combined TRACON& Tower with Radar,13,42,38,34,127,0,4,24,5,33,13,46,62,39,160,44,272,316,476
05/20/2011,GPT,MS,ASO,CE,Combined TRACON& Tower with Radar,10,36,26,31,103,0,0,13,2,15,10,36,39,33,118,28,22,50,168
05/21/2011,GPT,MS,ASO,CE,Combined TRACON& Tower with Radar,8,24,13,11,56,0,0,8,2,10,8,24,21,13,66,0,0,0,66
05/22/2011,GPT,MS,ASO,CE,Combined TRACON& Tower with Radar,16,31,16,10,73,0,2,9,3,14,16,33,25,13,87,70,150,220,307
05/23/2011,GPT,MS,ASO,CE,Combined TRACON& Tower with Radar,10,32,16,20,78,0,1,4,0,5,10,33,20,20,83,48,14,62,145
05/24/2011,GPT,MS,ASO,CE,Combined TRACON& Tower with Radar,8,32,27,36,103,0,2,8,5,15,8,34,35,41,118,10,22,32,150
05/25/2011,GPT,MS,ASO,CE,Combined TRACON& Tower with Radar,11,32,38,51,132,0,2,11,4,17,11,34,49,55,149,50,10,60,209
05/26/2011,GPT,MS,ASO,CE,Combined TRACON& Tower with Radar,9,35,24,22,90,0,0,16,1,17,9,35,40,23,107,24,162,186,293
05/27/2011,GPT,MS,ASO,CE,Combined TRACON& Tower with Radar,11,35,23,25,94,0,0,39,2,41,11,35,62,27,135,84,46,130,265
05/28/2011,GPT,MS,ASO,CE,Combined TRACON& Tower with Radar,9,27,12,1,49,0,2,22,0,24,9,29,34,1,73,0,0,0,73
05/29/2011,GPT,MS,ASO,CE,Combined TRACON& Tower with Radar,10,28,10,1,49,0,1,16,1,18,10,29,26,2,67,0,0,0,67
05/30/2011,GPT,MS,ASO,CE,Combined TRACON& Tower with Radar,10,33,15,9,67,0,0,15,0,15,10,33,30,9,82,0,6,6,88
05/31/2011,GPT,MS,ASO,CE,Combined TRACON& Tower with Radar,8,36,19,46,109,0,0,6,0,6,8,36,25,46,115,0,20,20,135
06/01/2011,GPT,MS,ASO,CE,Combined TRACON& Tower with Radar,10,34,32,25,101,0,3,16,4,23,10,37,48,29,124,16,0,16,140
06/02/2011,GPT,MS,ASO,CE,Combined TRACON& Tower with Radar,10,36,22,19,87,0,1,13,3,17,10,37,35,22,104,0,0,0,104
06/03/2011,GPT,MS,ASO,CE,Combined TRACON& Tower with Radar,10,36,32,42,120,0,2,14,2,18,10,38,46,44,138,12,40,52,190
06/04/2011,GPT,MS,ASO,CE,Combined TRACON& Tower with Radar,6,31,9,31,77,0,0,16,0,16,6,31,25,31,93,12,0,12,105
06/05/2011,GPT,MS,ASO,CE,Combined TRACON& Tower with Radar,14,36,15,10,75,0,1,10,3,14,14,37,25,13,89,10,0,10,99
06/06/2011,GPT,MS,ASO,CE,Combined TRACON& Tower with Radar,12,36,13,22,83,0,0,7,3,10,12,36,20,25,93,0,0,0,93
06/07/2011,GPT,MS,ASO,CE,Combined TRACON& Tower with Radar,8,34,32,15,89,0,2,10,2,14,8,36,42,17,103,16,0,16,119
06/08/2011,GPT,MS,ASO,CE,Combined TRACON& Tower with Radar,10,34,23,25,92,0,5,12,7,24,10,39,35,32,116,18,42,60,176
06/09/2011,GPT,MS,ASO,CE,Combined TRACON& Tower with Radar,10,47,27,40,124,0,0,18,3,21,10,47,45,43,145,36,196,232,377
06/10/2011,GPT,MS,ASO,CE,Combined TRACON& Tower with Radar,8,35,28,43,114,0,0,17,2,19,8,35,45,45,133,104,130,234,367
06/11/2011,GPT,MS,ASO,CE,Combined TRACON& Tower with Radar,6,31,9,31,77,0,0,16,0,16,6,31,25,31,93,18,0,18,111
06/12/2011,GPT,MS,ASO,CE,Combined TRACON& Tower with Radar,14,36,15,10,75,0,1,10,3,14,14,37,25,13,89,38,0,38,127
06/13/2011,GPT,MS,ASO,CE,Combined TRACON& Tower with Radar,10,38,14,14,76,0,0,7,4,11,10,38,21,18,87,40,8,48,135
06/14/2011,GPT,MS,ASO,CE,Combined TRACON& Tower with Radar,12,38,39,59,148,0,0,8,4,12,12,38,47,63,160,42,246,288,448
06/15/2011,GPT,MS,ASO,CE,Combined TRACON& Tower with Radar,9,40,31,50,130,0,2,11,7,20,9,42,42,57,150,0,6,6,156
06/16/2011,GPT,MS,ASO,CE,Combined TRACON& Tower with Radar,7,40,28,52,127,0,1,15,11,27,7,41,43,63,154,60,190,250,404
06/17/2011,GPT,MS,ASO,CE,Combined TRACON& Tower with Radar,9,41,40,36,126,0,0,16,4,20,9,41,56,40,146,70,126,196,342
06/18/2011,GPT,MS,ASO,CE,Combined TRACON& Tower with Radar,9,31,11,0,51,0,8,13,0,21,9,39,24,0,72,56,128,184,256
06/19/2011,GPT,MS,ASO,CE,Combined TRACON& Tower with Radar,8,36,18,9,71,0,2,22,1,25,8,38,40,10,96,10,2,12,108
06/20/2011,GPT,MS,ASO,CE,Combined TRACON& Tower with Radar,6,38,23,36,103,0,0,10,8,18,6,38,33,44,121,38,30,68,189
06/21/2011,GPT,MS,ASO,CE,Combined TRACON& Tower with Radar,7,35,25,14,81,0,0,7,1,8,7,35,32,15,89,0,2,2,91
06/22/2011,GPT,MS,ASO,CE,Combined TRACON& Tower with Radar,8,28,30,31,97,0,2,3,0,5,8,30,33,31,102,40,0,40,142
06/23/2011,GPT,MS,ASO,CE,Combined TRACON& Tower with Radar,10,36,33,9,88,0,4,8,2,14,10,40,41,11,102,0,6,6,108
06/24/2011,GPT,MS,ASO,CE,Combined TRACON& Tower with Radar,7,36,24,42,109,0,0,18,0,18,7,36,42,42,127,40,0,40,167
06/25/2011,GPT,MS,ASO,CE,Combined TRACON& Tower with Radar,8,30,13,6,57,0,2,26,0,28,8,32,39,6,85,24,0,24,109
06/26/2011,GPT,MS,ASO,CE,Combined TRACON& Tower with Radar,7,40,28,19,94,0,3,15,2,20,7,43,43,21,114,0,0,0,114
06/27/2011,GPT,MS,ASO,CE,Combined TRACON& Tower with Radar,12,35,25,54,126,0,2,19,5,26,12,37,44,59,152,10,6,16,168
06/28/2011,GPT,MS,ASO,CE,Combined TRACON& Tower with Radar,4,46,25,12,87,0,1,5,0,6,4,47,30,12,93,14,0,14,107
06/29/2011,GPT,MS,ASO,CE,Combined TRACON& Tower with Radar,10,34,31,42,117,0,2,8,3,13,10,36,39,45,130,14,12,26,156
06/30/2011,GPT,MS,ASO,CE,Combined TRACON& Tower with Radar,8,39,23,42,112,0,0,15,2,17,8,39,38,44,129,78,292,370,499
07/01/2011,GPT,MS,ASO,CE,Combined TRACON& Tower with Radar,6,36,26,22,90,0,0,15,0,15,6,36,41,22,105,42,36,78,183
07/02/2011,GPT,MS,ASO,CE,Combined TRACON& Tower with Radar,6,33,4,1,44,0,1,16,0,17,6,34,20,1,61,68,156,224,285
07/03/2011,GPT,MS,ASO,CE,Combined TRACON& Tower with Radar,15,25,9,8,57,0,4,13,1,18,15,29,22,9,75,10,0,10,85
07/04/2011,GPT,MS,ASO,CE,Combined TRACON& Tower with Radar,5,32,4,6,47,0,2,10,2,14,5,34,14,8,61,30,0,30,91
07/05/2011,GPT,MS,ASO,CE,Combined TRACON& Tower with Radar,7,38,21,48,114,0,2,9,5,16,7,40,30,53,130,0,11,11,141
07/06/2011,GPT,MS,ASO,CE,Combined TRACON& Tower with Radar,7,38,19,36,100,0,0,12,4,16,7,38,31,40,116,46,6,52,168
07/07/2011,GPT,MS,ASO,CE,Combined TRACON& Tower with Radar,7,38,30,49,124,0,1,18,14,33,7,39,48,63,157,44,206,250,407
07/08/2011,GPT,MS,ASO,CE,Combined TRACON& Tower with Radar,9,36,30,25,100,0,6,14,6,26,9,42,44,31,126,12,4,16,142
07/09/2011,GPT,MS,ASO,CE,Combined TRACON& Tower with Radar,6,34,10,17,67,0,4,8,0,12,6,38,18,17,79,38,160,198,277
07/10/2011,GPT,MS,ASO,CE,Combined TRACON& Tower with Radar,10,38,25,20,93,0,6,11,0,17,10,44,36,20,110,0,0,0,110
07/11/2011,GPT,MS,ASO,CE,Combined TRACON& Tower with Radar,11,38,15,32,96,0,0,7,2,9,11,38,22,34,105,8,0,8,113
07/12/2011,GPT,MS,ASO,CE,Combined TRACON& Tower with Radar,5,34,32,20,91,0,0,11,0,11,5,34,43,20,102,4,0,4,106
07/13/2011,GPT,MS,ASO,CE,Combined TRACON& Tower with Radar,9,40,26,59,134,0,0,5,2,7,9,40,31,61,141,60,170,230,371
07/14/2011,GPT,MS,ASO,CE,Combined TRACON& Tower with Radar,9,39,31,69,148,0,2,12,0,14,9,41,43,69,162,68,178,246,408
07/15/2011,GPT,MS,ASO,CE,Combined TRACON& Tower with Radar,8,38,26,27,99,0,0,9,4,13,8,38,35,31,112,42,222,264,376
07/16/2011,GPT,MS,ASO,CE,Combined TRACON& Tower with Radar,10,29,4,7,50,0,7,3,1,11,10,36,7,8,61,36,18,54,115
07/17/2011,GPT,MS,ASO,CE,Combined TRACON& Tower with Radar,8,35,10,6,59,0,1,1,0,2,8,36,11,6,61,0,0,0,61
07/18/2011,GPT,MS,ASO,CE,Combined TRACON& Tower with Radar,8,36,6,7,57,0,1,0,0,1,8,37,6,7,58,6,0,6,64
07/19/2011,GPT,MS,ASO,CE,Combined TRACON& Tower with Radar,6,34,31,8,79,0,0,15,6,21,6,34,46,14,100,36,0,36,136
07/20/2011,GPT,MS,ASO,CE,Combined TRACON& Tower with Radar,8,36,34,55,133,0,1,12,4,17,8,37,46,59,150,104,42,146,296
07/21/2011,GPT,MS,ASO,CE,Combined TRACON& Tower with Radar,8,35,30,53,126,0,1,11,3,15,8,36,41,56,141,50,2,52,193
07/22/2011,GPT,MS,ASO,CE,Combined TRACON& Tower with Radar,8,35,28,30,101,0,2,7,5,14,8,37,35,35,115,42,4,46,161
07/23/2011,GPT,MS,ASO,CE,Combined TRACON& Tower with Radar,8,34,10,7,59,0,0,14,1,15,8,34,24,8,74,62,162,224,298
07/24/2011,GPT,MS,ASO,CE,Combined TRACON& Tower with Radar,10,34,19,6,69,0,0,10,4,14,10,34,29,10,83,10,0,10,93
07/25/2011,GPT,MS,ASO,CE,Combined TRACON& Tower with Radar,8,36,23,21,88,0,1,6,7,14,8,37,29,28,102,0,0,0,102
07/26/2011,GPT,MS,ASO,CE,Combined TRACON& Tower with Radar,6,39,13,41,99,0,1,13,4,18,6,40,26,45,117,10,18,28,145
07/27/2011,GPT,MS,ASO,CE,Combined TRACON& Tower with Radar,7,36,20,24,87,0,0,6,6,12,7,36,26,30,99,44,0,44,143
07/28/2011,GPT,MS,ASO,CE,Combined TRACON& Tower with Radar,8,36,28,15,87,0,0,10,2,12,8,36,38,17,99,48,258,306,405
07/29/2011,GPT,MS,ASO,CE,Combined TRACON& Tower with Radar,10,38,31,19,98,0,0,6,4,10,10,38,37,23,108,0,0,0,108
07/30/2011,GPT,MS,ASO,CE,Combined TRACON& Tower with Radar,8,31,13,12,64,0,4,13,1,18,8,35,26,13,82,92,174,266,348
07/31/2011,GPT,MS,ASO,CE,Combined TRACON& Tower with Radar,10,34,16,12,72,0,0,3,0,3,10,34,19,12,75,38,0,38,113
08/01/2011,GPT,MS,ASO,CE,Combined TRACON& Tower with Radar,7,37,13,18,75,0,0,7,6,13,7,37,20,24,88,10,0,10,98
08/02/2011,GPT,MS,ASO,CE,Combined TRACON& Tower with Radar,6,37,13,36,92,0,2,5,8,15,6,39,18,44,107,28,0,28,135
08/03/2011,GPT,MS,ASO,CE,Combined TRACON& Tower with Radar,7,34,20,60,121,0,0,4,3,7,7,34,24,63,128,32,32,64,192
08/04/2011,GPT,MS,ASO,CE,Combined TRACON& Tower with Radar,9,38,12,57,116,0,0,12,5,17,9,38,24,62,133,60,126,186,319
08/05/2011,GPT,MS,ASO,CE,Combined TRACON& Tower with Radar,11,37,29,24,101,0,1,19,9,29,11,38,48,33,130,44,52,96,226
08/06/2011,GPT,MS,ASO,CE,Combined TRACON& Tower with Radar,8,30,14,7,59,0,7,14,4,25,8,37,28,11,84,90,94,184,268
08/07/2011,GPT,MS,ASO,CE,Combined TRACON& Tower with Radar,8,36,15,25,84,0,6,8,2,16,8,42,23,27,100,26,14,40,140
08/08/2011,GPT,MS,ASO,CE,Combined TRACON& Tower with Radar,11,35,15,25,86,0,0,8,5,13,11,35,23,30,99,0,6,6,105
08/09/2011,GPT,MS,ASO,CE,Combined TRACON& Tower with Radar,9,36,14,54,113,0,1,6,9,16,9,37,20,63,129,12,10,22,151
08/10/2011,GPT,MS,ASO,CE,Combined TRACON& Tower with Radar,8,37,33,28,106,0,4,12,8,24,8,41,45,36,130,36,36,72,202
08/11/2011,GPT,MS,ASO,CE,Combined TRACON& Tower with Radar,12,39,25,26,102,1,0,9,6,16,13,39,34,32,118,66,144,210,328
08/12/2011,GPT,MS,ASO,CE,Combined TRACON& Tower with Radar,8,41,15,22,86,0,1,18,4,23,8,42,33,26,109,0,0,0,109
08/13/2011,GPT,MS,ASO,CE,Combined TRACON& Tower with Radar,8,30,5,0,43,0,5,8,0,13,8,35,13,0,56,36,106,142,198
08/14/2011,GPT,MS,ASO,CE,Combined TRACON& Tower with Radar,8,33,5,2,48,0,0,11,4,15,8,33,16,6,63,0,0,0,63
08/15/2011,GPT,MS,ASO,CE,Combined TRACON& Tower with Radar,8,38,12,16,74,0,0,8,4,12,8,38,20,20,86,12,0,12,98
08/16/2011,GPT,MS,ASO,CE,Combined TRACON& Tower with Radar,12,34,15,46,107,0,0,8,3,11,12,34,23,49,118,0,6,6,124
08/17/2011,GPT,MS,ASO,CE,Combined TRACON& Tower with Radar,11,34,40,44,129,0,2,18,3,23,11,36,58,47,152,24,4,28,180
08/18/2011,GPT,MS,ASO,CE,Combined TRACON& Tower with Radar,11,38,28,57,134,0,3,10,2,15,11,41,38,59,149,84,238,322,471
08/19/2011,GPT,MS,ASO,CE,Combined TRACON& Tower with Radar,14,36,17,30,97,0,0,14,1,15,14,36,31,31,112,6,4,10,122
08/20/2011,GPT,MS,ASO,CE,Combined TRACON& Tower with Radar,10,29,10,0,49,0,2,11,0,13,10,31,21,0,62,80,148,228,290
08/21/2011,GPT,MS,ASO,CE,Combined TRACON& Tower with Radar,11,32,19,0,62,0,2,12,0,14,11,34,31,0,76,0,0,0,76
08/22/2011,GPT,MS,ASO,CE,Combined TRACON& Tower with Radar,12,35,7,48,102,0,1,5,3,9,12,36,12,51,111,0,0,0,111
08/23/2011,GPT,MS,ASO,CE,Combined TRACON& Tower with Radar,8,36,26,39,109,0,1,20,8,29,8,37,46,47,138,4,14,18,156
08/24/2011,GPT,MS,ASO,CE,Combined TRACON& Tower with Radar,10,40,19,32,101,0,0,8,5,13,10,40,27,37,114,10,22,32,146
08/25/2011,GPT,MS,ASO,CE,Combined TRACON& Tower with Radar,10,35,19,36,100,0,0,17,10,27,10,35,36,46,127,66,130,196,323
08/26/2011,GPT,MS,ASO,CE,Combined TRACON& Tower with Radar,10,34,8,58,110,0,2,13,1,16,10,36,21,59,126,60,172,232,358
08/27/2011,GPT,MS,ASO,CE,Combined TRACON& Tower with Radar,8,27,7,18,60,0,0,21,0,21,8,27,28,18,81,12,0,12,93
08/28/2011,GPT,MS,ASO,CE,Combined TRACON& Tower with Radar,10,29,14,35,88,0,0,14,0,14,10,29,28,35,102,0,0,0,102
08/29/2011,GPT,MS,ASO,CE,Combined TRACON& Tower with Radar,11,35,9,21,76,0,1,10,4,15,11,36,19,25,91,6,0,6,97
08/30/2011,GPT,MS,ASO,CE,Combined TRACON& Tower with Radar,8,33,16,32,89,0,0,15,6,21,8,33,31,38,110,8,4,12,122
08/31/2011,GPT,MS,ASO,CE,Combined TRACON& Tower with Radar,11,34,27,50,122,0,0,19,13,32,11,34,46,63,154,36,84,120,274
09/01/2011,GPT,MS,ASO,CE,Combined TRACON& Tower with Radar,10,33,11,6,60,0,0,2,1,3,10,33,13,7,63,0,0,0,63
09/02/2011,GPT,MS,ASO,CE,Combined TRACON& Tower with Radar,14,34,10,1,59,0,0,1,0,1,14,34,11,1,60,0,0,0,60
09/03/2011,GPT,MS,ASO,CE,Combined TRACON& Tower with Radar,7,21,2,2,32,0,0,0,0,0,7,21,2,2,32,0,0,0,32
09/04/2011,GPT,MS,ASO,CE,Combined TRACON& Tower with Radar,9,19,1,0,29,0,0,0,0,0,9,19,1,0,29,0,0,0,29
09/05/2011,GPT,MS,ASO,CE,Combined TRACON& Tower with Radar,9,28,5,2,44,0,0,0,0,0,9,28,5,2,44,0,0,0,44
09/06/2011,GPT,MS,ASO,CE,Combined TRACON& Tower with Radar,10,33,15,3,61,0,0,6,1,7,10,33,21,4,68,8,0,8,76
09/07/2011,GPT,MS,ASO,CE,Combined TRACON& Tower with Radar,10,27,11,40,88,0,6,20,8,34,10,33,31,48,122,0,0,0,122
09/08/2011,GPT,MS,ASO,CE,Combined TRACON& Tower with Radar,11,31,17,48,107,0,4,3,12,19,11,35,20,60,126,72,154,226,352
09/09/2011,GPT,MS,ASO,CE,Combined TRACON& Tower with Radar,11,28,19,27,85,0,0,15,10,25,11,28,34,37,110,10,10,20,130
09/10/2011,GPT,MS,ASO,CE,Combined TRACON& Tower with Radar,8,27,6,17,58,0,0,14,5,19,8,27,20,22,77,20,82,102,179
09/11/2011,GPT,MS,ASO,CE,Combined TRACON& Tower with Radar,10,29,10,6,55,0,10,8,8,26,10,39,18,14,81,18,0,18,99
09/12/2011,GPT,MS,ASO,CE,Combined TRACON& Tower with Radar,12,31,14,36,93,0,2,10,2,14,12,33,24,38,107,28,22,50,157
09/13/2011,GPT,MS,ASO,CE,Combined TRACON& Tower with Radar,8,28,19,39,94,0,2,8,3,13,8,30,27,42,107,14,26,40,147
09/14/2011,GPT,MS,ASO,CE,Combined TRACON& Tower with Radar,10,28,8,66,112,0,0,12,3,15,10,28,20,69,127,70,76,146,273
09/15/2011,GPT,MS,ASO,CE,Combined TRACON& Tower with Radar,11,32,30,24,97,0,1,11,4,16,11,33,41,28,113,52,110,162,275
09/16/2011,GPT,MS,ASO,CE,Combined TRACON& Tower with Radar,11,26,37,25,99,0,0,12,6,18,11,26,49,31,117,0,0,0,117
09/17/2011,GPT,MS,ASO,CE,Combined TRACON& Tower with Radar,10,25,5,13,53,0,2,16,4,22,10,27,21,17,75,4,0,4,79
09/18/2011,GPT,MS,ASO,CE,Combined TRACON& Tower with Radar,9,27,9,2,47,0,2,4,4,10,9,29,13,6,57,0,0,0,57
09/19/2011,GPT,MS,ASO,CE,Combined TRACON& Tower with Radar,13,29,19,10,71,0,0,0,0,0,13,29,19,10,71,6,32,38,109
09/20/2011,GPT,MS,ASO,CE,Combined TRACON& Tower with Radar,8,29,20,56,113,0,5,9,0,14,8,34,29,56,127,0,28,28,155
09/21/2011,GPT,MS,ASO,CE,Combined TRACON& Tower with Radar,15,31,26,12,84,0,2,7,2,11,15,33,33,14,95,0,0,0,95
09/22/2011,GPT,MS,ASO,CE,Combined TRACON& Tower with Radar,8,32,17,6,63,0,1,8,0,9,8,33,25,6,72,54,136,190,262
09/23/2011,GPT,MS,ASO,CE,Combined TRACON& Tower with Radar,10,37,30,21,98,0,0,6,2,8,10,37,36,23,106,0,12,12,118
09/24/2011,GPT,MS,ASO,CE,Combined TRACON& Tower with Radar,8,27,20,1,56,0,4,11,6,21,8,31,31,7,77,8,0,8,85
09/25/2011,GPT,MS,ASO,CE,Combined TRACON& Tower with Radar,8,31,14,4,57,0,1,12,1,14,8,32,26,5,71,30,6,36,107
09/26/2011,GPT,MS,ASO,CE,Combined TRACON& Tower with Radar,10,31,13,27,81,0,0,14,4,18,10,31,27,31,99,28,0,28,127
09/27/2011,GPT,MS,ASO,CE,Combined TRACON& Tower with Radar,12,32,35,28,107,0,5,7,1,13,12,37,42,29,120,0,0,0,120
09/28/2011,GPT,MS,ASO,CE,Combined TRACON& Tower with Radar,12,30,22,8,72,0,3,5,0,8,12,33,27,8,80,0,0,0,80
09/29/2011,GPT,MS,ASO,CE,Combined TRACON& Tower with Radar,13,29,28,35,105,0,0,14,0,14,13,29,42,35,119,48,106,154,273
09/30/2011,GPT,MS,ASO,CE,Combined TRACON& Tower with Radar,22,28,10,10,70,0,1,20,5,26,22,29,30,15,96,22,0,22,118
10/01/2011,GPT,MS,ASO,CE,Combined TRACON& Tower with Radar,8,23,8,0,39,0,2,13,4,19,8,25,21,4,58,0,0,0,58
10/02/2011,GPT,MS,ASO,CE,Combined TRACON& Tower with Radar,10,35,17,26,88,0,0,14,0,14,10,35,31,26,102,18,6,24,126
10/03/2011,GPT,MS,ASO,CE,Combined TRACON& Tower with Radar,13,32,12,14,71,0,0,13,1,14,13,32,25,15,85,8,22,30,115
10/04/2011,GPT,MS,ASO,CE,Combined TRACON& Tower with Radar,8,28,25,64,125,0,0,15,6,21,8,28,40,70,146,20,52,72,218
10/05/2011,GPT,MS,ASO,CE,Combined TRACON& Tower with Radar,11,32,22,63,128,0,5,14,2,21,11,37,36,65,149,46,46,92,241
10/06/2011,GPT,MS,ASO,CE,Combined TRACON& Tower with Radar,10,29,19,28,86,0,0,11,2,13,10,29,30,30,99,90,128,218,317
10/07/2011,GPT,MS,ASO,CE,Combined TRACON& Tower with Radar,11,32,13,30,86,0,0,19,0,19,11,32,32,30,105,12,0,12,117
10/08/2011,GPT,MS,ASO,CE,Combined TRACON& Tower with Radar,9,26,7,3,45,0,6,31,0,37,9,32,38,3,82,0,0,0,82
10/09/2011,GPT,MS,ASO,CE,Combined TRACON& Tower with Radar,10,27,10,6,53,0,0,5,0,5,10,27,15,6,58,0,0,0,58
10/10/2011,GPT,MS,ASO,CE,Combined TRACON& Tower with Radar,16,30,23,2,71,0,0,15,0,15,16,30,38,2,86,38,0,38,124
10/11/2011,GPT,MS,ASO,CE,Combined TRACON& Tower with Radar,9,28,25,97,159,0,0,2,4,6,9,28,27,101,165,58,20,78,243
10/12/2011,GPT,MS,ASO,CE,Combined TRACON& Tower with Radar,10,30,21,40,101,0,0,6,2,8,10,30,27,42,109,0,36,36,145
10/13/2011,GPT,MS,ASO,CE,Combined TRACON& Tower with Radar,12,34,19,53,118,0,1,12,1,14,12,35,31,54,132,82,160,242,374
10/14/2011,GPT,MS,ASO,CE,Combined TRACON& Tower with Radar,12,31,17,10,70,0,0,10,9,19,12,31,27,19,89,72,8,80,169
10/15/2011,GPT,MS,ASO,CE,Combined TRACON& Tower with Radar,8,28,12,4,52,0,4,12,2,18,8,32,24,6,70,0,0,0,70
10/16/2011,GPT,MS,ASO,CE,Combined TRACON& Tower with Radar,11,32,16,7,66,0,3,14,1,18,11,35,30,8,84,0,0,0,84
10/17/2011,GPT,MS,ASO,CE,Combined TRACON& Tower with Radar,14,30,13,48,105,0,1,5,2,8,14,31,18,50,113,0,56,56,169
10/18/2011,GPT,MS,ASO,CE,Combined TRACON& Tower with Radar,38,30,35,51,154,0,0,6,7,13,38,30,41,58,167,0,48,48,215
10/19/2011,GPT,MS,ASO,CE,Combined TRACON& Tower with Radar,10,32,30,67,139,0,6,7,13,26,10,38,37,80,165,22,48,70,235
10/20/2011,GPT,MS,ASO,CE,Combined TRACON& Tower with Radar,16,38,24,5,83,0,3,13,7,23,16,41,37,12,106,72,178,250,356
10/21/2011,GPT,MS,ASO,CE,Combined TRACON& Tower with Radar,10,36,35,42,123,0,3,12,12,27,10,39,47,54,150,0,4,4,154
10/22/2011,GPT,MS,ASO,CE,Combined TRACON& Tower with Radar,8,28,11,6,53,0,4,14,1,19,8,32,25,7,72,14,0,14,86
10/23/2011,GPT,MS,ASO,CE,Combined TRACON& Tower with Radar,10,31,13,2,56,0,5,12,0,17,10,36,25,2,73,0,0,0,73
10/24/2011,GPT,MS,ASO,CE,Combined TRACON& Tower with Radar,12,28,13,35,88,0,0,9,9,18,12,28,22,44,106,18,20,38,144
10/25/2011,GPT,MS,ASO,CE,Combined TRACON& Tower with Radar,10,28,22,56,116,0,0,17,1,18,10,28,39,57,134,14,14,28,162
10/26/2011,GPT,MS,ASO,CE,Combined TRACON& Tower with Radar,10,30,40,52,132,0,2,20,8,30,10,32,60,60,162,8,36,44,206
10/27/2011,GPT,MS,ASO,CE,Combined TRACON& Tower with Radar,10,37,30,26,103,0,2,17,0,19,10,39,47,26,122,56,134,190,312
10/28/2011,GPT,MS,ASO,CE,Combined TRACON& Tower with Radar,10,40,27,43,120,0,0,5,0,5,10,40,32,43,125,38,30,68,193
10/29/2011,GPT,MS,ASO,CE,Combined TRACON& Tower with Radar,10,28,7,11,56,0,0,20,0,20,10,28,27,11,76,0,0,0,76
10/30/2011,GPT,MS,ASO,CE,Combined TRACON& Tower with Radar,10,43,26,21,100,0,1,16,3,20,10,44,42,24,120,46,0,46,166
10/31/2011,GPT,MS,ASO,CE,Combined TRACON& Tower with Radar,14,29,13,35,91,0,0,19,2,21,14,29,32,37,112,30,12,42,154
11/01/2011,GPT,MS,ASO,CE,Combined TRACON& Tower with Radar,8,34,17,34,93,0,0,12,3,15,8,34,29,37,108,0,12,12,120
11/02/2011,GPT,MS,ASO,CE,Combined TRACON& Tower with Radar,10,32,15,70,127,0,1,15,13,29,10,33,30,83,156,44,14,58,214
11/03/2011,GPT,MS,ASO,CE,Combined TRACON& Tower with Radar,12,35,25,40,112,0,0,1,3,4,12,35,26,43,116,0,14,14,130
11/04/2011,GPT,MS,ASO,CE,Combined TRACON& Tower with Radar,12,36,30,19,97,0,0,14,4,18,12,36,44,23,115,0,0,0,115
11/05/2011,GPT,MS,ASO,CE,Combined TRACON& Tower with Radar,8,30,8,2,48,0,2,7,0,9,8,32,15,2,57,24,0,24,81
11/06/2011,GPT,MS,ASO,CE,Combined TRACON& Tower with Radar,10,32,14,20,76,0,0,11,4,15,10,32,25,24,91,18,16,34,125
11/07/2011,GPT,MS,ASO,CE,Combined TRACON& Tower with Radar,12,32,22,32,98,0,0,11,7,18,12,32,33,39,116,0,0,0,116
11/08/2011,GPT,MS,ASO,CE,Combined TRACON& Tower with Radar,8,32,20,23,83,0,1,6,10,17,8,33,26,33,100,12,2,14,114
11/09/2011,GPT,MS,ASO,CE,Combined TRACON& Tower with Radar,9,34,18,19,80,0,0,9,2,11,9,34,27,21,91,0,0,0,91
11/10/2011,GPT,MS,ASO,CE,Combined TRACON& Tower with Radar,10,34,29,30,103,0,2,9,6,17,10,36,38,36,120,14,176,190,310
11/11/2011,GPT,MS,ASO,CE,Combined TRACON& Tower with Radar,10,35,14,0,59,0,1,22,0,23,10,36,36,0,82,42,0,42,124
11/12/2011,GPT,MS,ASO,CE,Combined TRACON& Tower with Radar,6,33,15,11,65,0,1,12,0,13,6,34,27,11,78,0,0,0,78
11/13/2011,GPT,MS,ASO,CE,Combined TRACON& Tower with Radar,14,31,15,5,65,0,2,10,0,12,14,33,25,5,77,0,0,0,77
11/14/2011,GPT,MS,ASO,CE,Combined TRACON& Tower with Radar,14,31,14,14,73,0,0,3,4,7,14,31,17,18,80,0,0,0,80
11/15/2011,GPT,MS,ASO,CE,Combined TRACON& Tower with Radar,5,34,18,12,69,0,0,1,0,1,5,34,19,12,70,0,0,0,70
11/16/2011,GPT,MS,ASO,CE,Combined TRACON& Tower with Radar,8,38,11,24,81,0,1,4,3,8,8,39,15,27,89,0,0,0,89
11/17/2011,GPT,MS,ASO,CE,Combined TRACON& Tower with Radar,14,37,31,31,113,0,1,17,13,31,14,38,48,44,144,38,170,208,352
11/18/2011,GPT,MS,ASO,CE,Combined TRACON& Tower with Radar,9,39,26,10,84,0,0,14,2,16,9,39,40,12,100,20,70,90,190
11/19/2011,GPT,MS,ASO,CE,Combined TRACON& Tower with Radar,5,34,12,5,56,0,1,17,2,20,5,35,29,7,76,18,0,18,94
11/20/2011,GPT,MS,ASO,CE,Combined TRACON& Tower with Radar,10,33,14,12,69,0,0,7,1,8,10,33,21,13,77,0,0,0,77
11/21/2011,GPT,MS,ASO,CE,Combined TRACON& Tower with Radar,33,29,16,17,95,0,0,6,0,6,33,29,22,17,101,10,0,10,111
11/22/2011,GPT,MS,ASO,CE,Combined TRACON& Tower with Radar,12,31,14,30,87,0,0,3,2,5,12,31,17,32,92,12,0,12,104
11/23/2011,GPT,MS,ASO,CE,Combined TRACON& Tower with Radar,16,31,13,10,70,0,0,13,3,16,16,31,26,13,86,0,0,0,86
11/24/2011,GPT,MS,ASO,CE,Combined TRACON& Tower with Radar,7,19,1,0,27,0,0,6,0,6,7,19,7,0,33,0,0,0,33
11/25/2011,GPT,MS,ASO,CE,Combined TRACON& Tower with Radar,12,30,9,0,51,0,1,8,0,9,12,31,17,0,60,0,0,0,60
11/26/2011,GPT,MS,ASO,CE,Combined TRACON& Tower with Radar,8,28,14,0,50,0,1,7,0,8,8,29,21,0,58,8,0,8,66
11/27/2011,GPT,MS,ASO,CE,Combined TRACON& Tower with Radar,9,33,11,0,53,0,0,1,2,3,9,33,12,2,56,0,0,0,56
11/28/2011,GPT,MS,ASO,CE,Combined TRACON& Tower with Radar,15,33,17,50,115,0,0,3,2,5,15,33,20,52,120,14,120,134,254
11/29/2011,GPT,MS,ASO,CE,Combined TRACON& Tower with Radar,9,30,15,47,101,0,3,9,1,13,9,33,24,48,114,10,18,28,142
11/30/2011,GPT,MS,ASO,CE,Combined TRACON& Tower with Radar,10,29,37,29,105,0,2,22,11,35,10,31,59,40,140,0,0,0,140
12/01/2011,GPT,MS,ASO,CE,Combined TRACON& Tower with Radar,11,37,19,31,98,0,0,10,11,21,11,37,29,42,119,80,134,214,333
12/02/2011,GPT,MS,ASO,CE,Combined TRACON& Tower with Radar,11,34,22,18,85,0,0,16,3,19,11,34,38,21,104,12,0,12,116
12/03/2011,GPT,MS,ASO,CE,Combined TRACON& Tower with Radar,10,26,5,4,45,0,0,15,2,17,10,26,20,6,62,46,122,168,230
12/04/2011,GPT,MS,ASO,CE,Combined TRACON& Tower with Radar,10,32,13,14,69,0,1,5,3,9,10,33,18,17,78,30,96,126,204
12/05/2011,GPT,MS,ASO,CE,Combined TRACON& Tower with Radar,13,28,18,31,90,0,1,1,1,3,13,29,19,32,93,0,0,0,93
12/06/2011,GPT,MS,ASO,CE,Combined TRACON& Tower with Radar,10,26,17,19,72,0,0,0,0,0,10,26,17,19,72,0,0,0,72
12/07/2011,GPT,MS,ASO,CE,Combined TRACON& Tower with Radar,12,27,18,45,102,0,1,3,0,4,12,28,21,45,106,0,0,0,106
12/08/2011,GPT,MS,ASO,CE,Combined TRACON& Tower with Radar,10,39,27,32,108,0,0,12,3,15,10,39,39,35,123,82,284,366,489
12/09/2011,GPT,MS,ASO,CE,Combined TRACON& Tower with Radar,15,32,34,36,117,0,2,9,3,14,15,34,43,39,131,0,0,0,131
12/10/2011,GPT,MS,ASO,CE,Combined TRACON& Tower with Radar,10,26,9,9,54,0,0,11,0,11,10,26,20,9,65,54,142,196,261
12/11/2011,GPT,MS,ASO,CE,Combined TRACON& Tower with Radar,13,35,11,17,76,0,5,12,3,20,13,40,23,20,96,82,30,112,208
12/12/2011,GPT,MS,ASO,CE,Combined TRACON& Tower with Radar,13,31,23,69,136,0,2,5,0,7,13,33,28,69,143,18,102,120,263
12/13/2011,GPT,MS,ASO,CE,Combined TRACON& Tower with Radar,12,27,21,88,148,0,0,0,0,0,12,27,21,88,148,0,0,0,148
12/14/2011,GPT,MS,ASO,CE,Combined TRACON& Tower with Radar,13,29,20,33,95,0,0,5,1,6,13,29,25,34,101,0,0,0,101
12/15/2011,GPT,MS,ASO,CE,Combined TRACON& Tower with Radar,12,33,28,34,107,0,2,6,1,9,12,35,34,35,116,14,42,56,172
12/16/2011,GPT,MS,ASO,CE,Combined TRACON& Tower with Radar,9,32,16,45,102,0,0,1,4,5,9,32,17,49,107,40,118,158,265
12/17/2011,GPT,MS,ASO,CE,Combined TRACON& Tower with Radar,12,28,11,9,60,0,0,4,1,5,12,28,15,10,65,144,172,316,381
12/18/2011,GPT,MS,ASO,CE,Combined TRACON& Tower with Radar,17,30,18,5,70,0,0,10,0,10,17,30,28,5,80,84,74,158,238
12/19/2011,GPT,MS,ASO,CE,Combined TRACON& Tower with Radar,16,32,15,11,74,0,1,16,3,20,16,33,31,14,94,100,20,120,214
12/20/2011,GPT,MS,ASO,CE,Combined TRACON& Tower with Radar,13,37,16,16,82,0,0,0,0,0,13,37,16,16,82,0,0,0,82
12/21/2011,GPT,MS,ASO,CE,Combined TRACON& Tower with Radar,12,33,13,37,95,0,0,2,0,2,12,33,15,37,97,0,0,0,97
12/22/2011,GPT,MS,ASO,CE,Combined TRACON& Tower with Radar,12,30,4,4,50,0,0,1,1,2,12,30,5,5,52,46,120,166,218
12/23/2011,GPT,MS,ASO,CE,Combined TRACON& Tower with Radar,10,31,12,0,53,0,1,3,0,4,10,32,15,0,57,34,0,34,91
12/24/2011,GPT,MS,ASO,CE,Combined TRACON& Tower with Radar,7,25,5,0,37,0,2,3,0,5,7,27,8,0,42,20,0,20,62
12/25/2011,GPT,MS,ASO,CE,Combined TRACON& Tower with Radar,7,25,3,0,35,0,0,0,0,0,7,25,3,0,35,0,0,0,35
12/26/2011,GPT,MS,ASO,CE,Combined TRACON& Tower with Radar,10,31,9,0,50,0,0,0,0,0,10,31,9,0,50,0,0,0,50
12/27/2011,GPT,MS,ASO,CE,Combined TRACON& Tower with Radar,10,32,7,16,65,0,0,10,0,10,10,32,17,16,75,0,0,0,75
12/28/2011,GPT,MS,ASO,CE,Combined TRACON& Tower with Radar,12,32,19,10,73,0,1,13,1,15,12,33,32,11,88,0,0,0,88
12/29/2011,GPT,MS,ASO,CE,Combined TRACON& Tower with Radar,11,31,15,33,90,0,1,10,2,13,11,32,25,35,103,42,172,214,317
12/30/2011,GPT,MS,ASO,CE,Combined TRACON& Tower with Radar,11,34,27,0,72,0,0,11,0,11,11,34,38,0,83,32,52,84,167
12/31/2011,GPT,MS,ASO,CE,Combined TRACON& Tower with Radar,6,21,5,0,32,0,2,3,0,5,6,23,8,0,37,0,0,0,37
01/01/2012,GPT,MS,ASO,CE,Combined TRACON& Tower with Radar,7,25,3,0,35,0,0,0,0,0,7,25,3,0,35,0,0,0,35
01/02/2012,GPT,MS,ASO,CE,Combined TRACON& Tower with Radar,10,31,9,0,50,0,0,0,0,0,10,31,9,0,50,0,0,0,50
01/03/2012,GPT,MS,ASO,CE,Combined TRACON& Tower with Radar,15,32,13,12,72,0,0,12,3,15,15,32,25,15,87,0,0,0,87
01/04/2012,GPT,MS,ASO,CE,Combined TRACON& Tower with Radar,11,28,15,54,108,0,0,14,24,38,11,28,29,78,146,0,0,0,146
01/05/2012,GPT,MS,ASO,CE,Combined TRACON& Tower with Radar,13,30,10,49,102,0,1,24,2,27,13,31,34,51,129,16,60,76,205
01/06/2012,GPT,MS,ASO,CE,Combined TRACON& Tower with Radar,12,30,27,19,88,0,0,6,3,9,12,30,33,22,97,48,40,88,185
01/07/2012,GPT,MS,ASO,CE,Combined TRACON& Tower with Radar,16,20,14,31,81,0,0,5,2,7,16,20,19,33,88,76,140,216,304
01/08/2012,GPT,MS,ASO,CE,Combined TRACON& Tower with Radar,13,29,18,46,106,0,0,10,1,11,13,29,28,47,117,12,62,74,191
01/09/2012,GPT,MS,ASO,CE,Combined TRACON& Tower with Radar,16,27,13,98,154,0,0,9,1,10,16,27,22,99,164,34,114,148,312
01/10/2012,GPT,MS,ASO,CE,Combined TRACON& Tower with Radar,12,26,24,58,120,0,1,0,7,8,12,27,24,65,128,62,122,184,312
01/11/2012,GPT,MS,ASO,CE,Combined TRACON& Tower with Radar,13,31,21,58,123,0,0,5,3,8,13,31,26,61,131,0,94,94,225
01/12/2012,GPT,MS,ASO,CE,Combined TRACON& Tower with Radar,14,31,21,61,127,0,1,9,6,16,14,32,30,67,143,36,158,194,337
01/13/2012,GPT,MS,ASO,CE,Combined TRACON& Tower with Radar,14,36,28,45,123,0,0,26,12,38,14,36,54,57,161,0,22,22,183
01/14/2012,GPT,MS,ASO,CE,Combined TRACON& Tower with Radar,9,24,10,27,70,0,6,7,7,20,9,30,17,34,90,52,30,82,172
01/15/2012,GPT,MS,ASO,CE,Combined TRACON& Tower with Radar,13,26,13,21,73,0,0,13,2,15,13,26,26,23,88,40,10,50,138
01/16/2012,GPT,MS,ASO,CE,Combined TRACON& Tower with Radar,13,29,18,5,65,0,0,14,1,15,13,29,32,6,80,16,0,16,96
01/17/2012,GPT,MS,ASO,CE,Combined TRACON& Tower with Radar,15,26,21,28,90,0,1,3,5,9,15,27,24,33,99,0,0,0,99
01/18/2012,GPT,MS,ASO,CE,Combined TRACON& Tower with Radar,12,24,26,74,136,0,2,10,4,16,12,26,36,78,152,24,86,110,262
01/19/2012,GPT,MS,ASO,CE,Combined TRACON& Tower with Radar,12,30,27,41,110,0,3,15,2,20,12,33,42,43,130,18,20,38,168
01/20/2012,GPT,MS,ASO,CE,Combined TRACON& Tower with Radar,12,34,15,26,87,0,0,7,1,8,12,34,22,27,95,30,134,164,259
01/21/2012,GPT,MS,ASO,CE,Combined TRACON& Tower with Radar,9,26,11,8,54,0,2,3,0,5,9,28,14,8,59,0,0,0,59
01/22/2012,GPT,MS,ASO,CE,Combined TRACON& Tower with Radar,16,34,10,2,62,0,0,0,0,0,16,34,10,2,62,0,0,0,62
01/23/2012,GPT,MS,ASO,CE,Combined TRACON& Tower with Radar,14,30,24,12,80,0,0,3,0,3,14,30,27,12,83,0,0,0,83
01/24/2012,GPT,MS,ASO,CE,Combined TRACON& Tower with Radar,16,26,38,16,96,0,0,6,3,9,16,26,44,19,105,0,0,0,105
01/25/2012,GPT,MS,ASO,CE,Combined TRACON& Tower with Radar,8,19,21,7,55,0,0,0,2,2,8,19,21,9,57,4,6,10,67
01/26/2012,GPT,MS,ASO,CE,Combined TRACON& Tower with Radar,15,28,21,5,69,0,0,4,1,5,15,28,25,6,74,14,120,134,208
01/27/2012,GPT,MS,ASO,CE,Combined TRACON& Tower with Radar,12,28,30,19,89,0,1,19,4,24,12,29,49,23,113,28,52,80,193
01/28/2012,GPT,MS,ASO,CE,Combined TRACON& Tower with Radar,14,22,5,9,50,0,7,19,3,29,14,29,24,12,79,36,0,36,115
01/29/2012,GPT,MS,ASO,CE,Combined TRACON& Tower with Radar,12,27,15,7,61,0,0,14,0,14,12,27,29,7,75,42,0,42,117
01/30/2012,GPT,MS,ASO,CE,Combined TRACON& Tower with Radar,18,25,21,63,127,0,3,10,4,17,18,28,31,67,144,22,60,82,226
01/31/2012,GPT,MS,ASO,CE,Combined TRACON& Tower with Radar,13,24,24,36,97,0,2,6,7,15,13,26,30,43,112,48,0,48,160
02/01/2012,GPT,MS,ASO,CE,Combined TRACON& Tower with Radar,12,28,21,5,66,0,0,0,0,0,12,28,21,5,66,0,0,0,66
02/02/2012,GPT,MS,ASO,CE,Combined TRACON& Tower with Radar,12,28,15,43,98,0,1,2,3,6,12,29,17,46,104,0,0,0,104
02/03/2012,GPT,MS,ASO,CE,Combined TRACON& Tower with Radar,12,27,21,76,136,0,2,4,4,10,12,29,25,80,146,34,0,34,180
02/04/2012,GPT,MS,ASO,CE,Combined TRACON& Tower with Radar,15,21,11,16,63,0,2,0,3,5,15,23,11,19,68,0,0,0,68
02/05/2012,GPT,MS,ASO,CE,Combined TRACON& Tower with Radar,10,25,16,19,70,0,0,3,3,6,10,25,19,22,76,0,0,0,76
02/06/2012,GPT,MS,ASO,CE,Combined TRACON& Tower with Radar,16,27,23,84,150,0,0,14,2,16,16,27,37,86,166,8,32,40,206
02/07/2012,GPT,MS,ASO,CE,Combined TRACON& Tower with Radar,12,24,14,87,137,0,2,13,9,24,12,26,27,96,161,52,72,124,285
02/08/2012,GPT,MS,ASO,CE,Combined TRACON& Tower with Radar,10,27,31,48,116,0,2,9,5,16,10,29,40,53,132,6,20,26,158
02/09/2012,GPT,MS,ASO,CE,Combined TRACON& Tower with Radar,17,31,18,35,101,0,1,12,3,16,17,32,30,38,117,158,276,434,551
02/10/2012,GPT,MS,ASO,CE,Combined TRACON& Tower with Radar,14,30,33,57,134,0,2,3,4,9,14,32,36,61,143,10,54,64,207
02/11/2012,GPT,MS,ASO,CE,Combined TRACON& Tower with Radar,13,20,16,16,65,0,0,18,1,19,13,20,34,17,84,0,0,0,84
02/12/2012,GPT,MS,ASO,CE,Combined TRACON& Tower with Radar,14,23,19,50,106,0,0,14,2,16,14,23,33,52,122,78,0,78,200
02/13/2012,GPT,MS,ASO,CE,Combined TRACON& Tower with Radar,16,25,17,53,111,0,0,4,8,12,16,25,21,61,123,16,28,44,167
02/14/2012,GPT,MS,ASO,CE,Combined TRACON& Tower with Radar,16,24,19,41,100,0,1,3,5,9,16,25,22,46,109,36,188,224,333
02/15/2012,GPT,MS,ASO,CE,Combined TRACON& Tower with Radar,11,30,25,33,99,0,0,0,2,2,11,30,25,35,101,0,0,0,101
02/16/2012,GPT,MS,ASO,CE,Combined TRACON& Tower with Radar,17,29,31,47,124,0,0,2,2,4,17,29,33,49,128,0,30,30,158
02/17/2012,GPT,MS,ASO,CE,Combined TRACON& Tower with Radar,10,32,21,37,100,0,0,3,1,4,10,32,24,38,104,38,166,204,308
02/18/2012,GPT,MS,ASO,CE,Combined TRACON& Tower with Radar,8,23,3,7,41,0,0,0,0,0,8,23,3,7,41,0,0,0,41
02/19/2012,GPT,MS,ASO,CE,Combined TRACON& Tower with Radar,10,34,17,14,75,0,1,6,0,7,10,35,23,14,82,52,0,52,134
02/20/2012,GPT,MS,ASO,CE,Combined TRACON& Tower with Radar,10,30,19,8,67,0,0,13,0,13,10,30,32,8,80,38,2,40,120
02/21/2012,GPT,MS,ASO,CE,Combined TRACON& Tower with Radar,10,33,25,22,90,0,4,12,1,17,10,37,37,23,107,34,36,70,177
02/22/2012,GPT,MS,ASO,CE,Combined TRACON& Tower with Radar,10,29,35,68,142,0,0,4,0,4,10,29,39,68,146,0,0,0,146
02/23/2012,GPT,MS,ASO,CE,Combined TRACON& Tower with Radar,10,33,31,20,94,0,0,0,5,5,10,33,31,25,99,22,100,122,221
02/24/2012,GPT,MS,ASO,CE,Combined TRACON& Tower with Radar,9,38,38,53,138,0,2,7,4,13,9,40,45,57,151,0,0,0,151
02/25/2012,GPT,MS,ASO,CE,Combined TRACON& Tower with Radar,6,29,15,12,62,0,3,13,2,18,6,32,28,14,80,26,158,184,264
02/26/2012,GPT,MS,ASO,CE,Combined TRACON& Tower with Radar,10,29,24,23,86,0,0,3,4,7,10,29,27,27,93,0,0,0,93
02/27/2012,GPT,MS,ASO,CE,Combined TRACON& Tower with Radar,12,30,38,20,100,0,0,0,0,0,12,30,38,20,100,0,0,0,100
02/28/2012,GPT,MS,ASO,CE,Combined TRACON& Tower with Radar,8,37,22,23,90,0,0,2,1,3,8,37,24,24,93,0,0,0,93
02/29/2012,GPT,MS,ASO,CE,Combined TRACON& Tower with Radar,12,30,17,46,105,0,0,3,0,3,12,30,20,46,108,0,0,0,108
03/01/2012,GPT,MS,ASO,CE,Combined TRACON& Tower with Radar,8,39,28,2,77,0,0,2,0,2,8,39,30,2,79,0,0,0,79
03/02/2012,GPT,MS,ASO,CE,Combined TRACON& Tower with Radar,12,37,21,16,86,0,0,1,0,1,12,37,22,16,87,0,0,0,87
03/03/2012,GPT,MS,ASO,CE,Combined TRACON& Tower with Radar,8,25,11,15,59,0,0,6,0,6,8,25,17,15,65,44,54,98,163
03/04/2012,GPT,MS,ASO,CE,Combined TRACON& Tower with Radar,12,32,20,31,95,0,2,27,5,34,12,34,47,36,129,26,22,48,177
03/05/2012,GPT,MS,ASO,CE,Combined TRACON& Tower with Radar,14,29,20,54,117,0,1,30,6,37,14,30,50,60,154,68,20,88,242
03/06/2012,GPT,MS,ASO,CE,Combined TRACON& Tower with Radar,16,30,20,44,110,0,4,10,12,26,16,34,30,56,136,36,172,208,344
03/07/2012,GPT,MS,ASO,CE,Combined TRACON& Tower with Radar,12,30,24,16,82,0,3,16,7,26,12,33,40,23,108,14,12,26,134
03/08/2012,GPT,MS,ASO,CE,Combined TRACON& Tower with Radar,12,29,28,37,106,0,0,10,11,21,12,29,38,48,127,24,28,52,179
03/09/2012,GPT,MS,ASO,CE,Combined TRACON& Tower with Radar,12,27,31,10,80,0,0,16,1,17,12,27,47,11,97,6,0,6,103
03/10/2012,GPT,MS,ASO,CE,Combined TRACON& Tower with Radar,10,26,12,5,53,0,0,17,1,18,10,26,29,6,71,42,34,76,147
03/11/2012,GPT,MS,ASO,CE,Combined TRACON& Tower with Radar,11,24,20,8,63,0,0,0,0,0,11,24,20,8,63,0,0,0,63
03/12/2012,GPT,MS,ASO,CE,Combined TRACON& Tower with Radar,17,26,12,24,79,0,0,0,2,2,17,26,12,26,81,0,0,0,81
03/13/2012,GPT,MS,ASO,CE,Combined TRACON& Tower with Radar,12,33,23,24,92,0,0,3,14,17,12,33,26,38,109,0,14,14,123
03/14/2012,GPT,MS,ASO,CE,Combined TRACON& Tower with Radar,10,33,35,23,101,0,0,6,2,8,10,33,41,25,109,0,5,5,114
03/15/2012,GPT,MS,ASO,CE,Combined TRACON& Tower with Radar,12,35,33,34,114,0,0,15,6,21,12,35,48,40,135,62,12,74,209
03/16/2012,GPT,MS,ASO,CE,Combined TRACON& Tower with Radar,18,31,23,38,110,0,3,28,2,33,18,34,51,40,143,30,34,64,207
03/17/2012,GPT,MS,ASO,CE,Combined TRACON& Tower with Radar,12,30,18,9,69,0,5,12,1,18,12,35,30,10,87,38,28,66,153
03/18/2012,GPT,MS,ASO,CE,Combined TRACON& Tower with Radar,14,30,19,22,85,0,0,16,2,18,14,30,35,24,103,70,34,104,207
03/19/2012,GPT,MS,ASO,CE,Combined TRACON& Tower with Radar,14,27,18,34,93,0,0,4,1,5,14,27,22,35,98,80,0,80,178
03/20/2012,GPT,MS,ASO,CE,Combined TRACON& Tower with Radar,10,28,19,40,97,0,1,5,4,10,10,29,24,44,107,54,0,54,161
03/21/2012,GPT,MS,ASO,CE,Combined TRACON& Tower with Radar,12,32,19,26,89,0,0,0,2,2,12,32,19,28,91,50,154,204,295
03/22/2012,GPT,MS,ASO,CE,Combined TRACON& Tower with Radar,14,39,14,4,71,0,0,1,0,1,14,39,15,4,72,40,94,134,206
03/23/2012,GPT,MS,ASO,CE,Combined TRACON& Tower with Radar,14,32,20,20,86,0,0,10,3,13,14,32,30,23,99,0,6,6,105
03/24/2012,GPT,MS,ASO,CE,Combined TRACON& Tower with Radar,10,29,16,18,73,0,0,23,4,27,10,29,39,22,100,22,0,22,122
03/25/2012,GPT,MS,ASO,CE,Combined TRACON& Tower with Radar,12,37,24,39,112,0,0,31,5,36,12,37,55,44,148,30,12,42,190
03/26/2012,GPT,MS,ASO,CE,Combined TRACON& Tower with Radar,14,38,16,55,123,0,2,19,5,26,14,40,35,60,149,40,42,82,231
03/27/2012,GPT,MS,ASO,CE,Combined TRACON& Tower with Radar,10,31,42,47,130,0,3,26,6,35,10,34,68,53,165,44,12,56,221
03/28/2012,GPT,MS,ASO,CE,Combined TRACON& Tower with Radar,8,34,27,53,122,0,3,22,15,40,8,37,49,68,162,60,116,176,338
03/29/2012,GPT,MS,ASO,CE,Combined TRACON& Tower with Radar,10,38,24,69,141,0,2,8,6,16,10,40,32,75,157,0,8,8,165
03/30/2012,GPT,MS,ASO,CE,Combined TRACON& Tower with Radar,11,33,37,24,105,0,0,11,1,12,11,33,48,25,117,34,0,34,151
03/31/2012,GPT,MS,ASO,CE,Combined TRACON& Tower with Radar,14,31,23,24,92,0,2,16,7,25,14,33,39,31,117,34,24,58,175
04/01/2012,GPT,MS,ASO,CE,Combined TRACON& Tower with Radar,8,30,25,21,84,0,2,13,0,15,8,32,38,21,99,18,0,18,117
04/02/2012,GPT,MS,ASO,CE,Combined TRACON& Tower with Radar,14,35,22,14,85,0,0,16,1,17,14,35,38,15,102,22,10,32,134
04/03/2012,GPT,MS,ASO,CE,Combined TRACON& Tower with Radar,8,28,16,86,138,0,3,6,6,15,8,31,22,92,153,0,0,0,153
04/04/2012,GPT,MS,ASO,CE,Combined TRACON& Tower with Radar,10,38,13,14,75,0,0,6,0,6,10,38,19,14,81,40,28,68,149
04/05/2012,GPT,MS,ASO,CE,Combined TRACON& Tower with Radar,11,37,21,49,118,0,1,7,3,11,11,38,28,52,129,74,182,256,385
04/06/2012,GPT,MS,ASO,CE,Combined TRACON& Tower with Radar,16,33,21,26,96,0,2,15,3,20,16,35,36,29,116,4,30,34,150
04/07/2012,GPT,MS,ASO,CE,Combined TRACON& Tower with Radar,12,29,8,2,51,0,1,18,0,19,12,30,26,2,70,6,0,6,76
04/08/2012,GPT,MS,ASO,CE,Combined TRACON& Tower with Radar,11,30,5,4,50,0,0,5,0,5,11,30,10,4,55,0,0,0,55
04/09/2012,GPT,MS,ASO,CE,Combined TRACON& Tower with Radar,16,32,11,15,74,0,1,14,6,21,16,33,25,21,95,30,0,30,125
04/10/2012,GPT,MS,ASO,CE,Combined TRACON& Tower with Radar,12,31,17,77,137,0,6,11,12,29,12,37,28,89,166,14,12,26,192
04/11/2012,GPT,MS,ASO,CE,Combined TRACON& Tower with Radar,12,30,33,93,168,0,2,9,6,17,12,32,42,99,185,20,26,46,231
04/12/2012,GPT,MS,ASO,CE,Combined TRACON& Tower with Radar,18,36,33,69,156,0,2,5,11,18,18,38,38,80,174,44,146,190,364
04/13/2012,GPT,MS,ASO,CE,Combined TRACON& Tower with Radar,12,34,36,61,143,0,2,14,7,23,12,36,50,68,166,62,228,290,456
04/14/2012,GPT,MS,ASO,CE,Combined TRACON& Tower with Radar,11,28,13,35,87,0,2,7,3,12,11,30,20,38,99,20,8,28,127
04/15/2012,GPT,MS,ASO,CE,Combined TRACON& Tower with Radar,10,29,29,12,80,0,0,8,3,11,10,29,37,15,91,38,0,38,129
04/16/2012,GPT,MS,ASO,CE,Combined TRACON& Tower with Radar,16,35,18,6,75,0,1,3,1,5,16,36,21,7,80,0,14,14,94
04/17/2012,GPT,MS,ASO,CE,Combined TRACON& Tower with Radar,12,33,15,5,65,0,0,2,0,2,12,33,17,5,67,0,20,20,87
04/18/2012,GPT,MS,ASO,CE,Combined TRACON& Tower with Radar,7,31,34,94,166,0,2,17,2,21,7,33,51,96,187,0,42,42,229
04/19/2012,GPT,MS,ASO,CE,Combined TRACON& Tower with Radar,12,37,31,62,142,0,1,22,5,28,12,38,53,67,170,58,196,254,424
04/20/2012,GPT,MS,ASO,CE,Combined TRACON& Tower with Radar,10,37,32,40,119,0,1,14,11,26,10,38,46,51,145,0,18,18,163
04/21/2012,GPT,MS,ASO,CE,Combined TRACON& Tower with Radar,10,27,16,4,57,0,0,3,1,4,10,27,19,5,61,0,0,0,61
04/22/2012,GPT,MS,ASO,CE,Combined TRACON& Tower with Radar,11,31,20,22,84,0,0,11,1,12,11,31,31,23,96,0,0,0,96
04/23/2012,GPT,MS,ASO,CE,Combined TRACON& Tower with Radar,19,33,32,32,116,0,1,7,6,14,19,34,39,38,130,8,18,26,156
04/24/2012,GPT,MS,ASO,CE,Combined TRACON& Tower with Radar,15,34,30,43,122,0,3,18,6,27,15,37,48,49,149,40,106,146,295
04/25/2012,GPT,MS,ASO,CE,Combined TRACON& Tower with Radar,8,37,19,53,117,0,8,7,5,20,8,45,26,58,137,0,38,38,175
04/26/2012,GPT,MS,ASO,CE,Combined TRACON& Tower with Radar,13,36,39,39,127,0,1,17,3,21,13,37,56,42,148,2,12,14,162
04/27/2012,GPT,MS,ASO,CE,Combined TRACON& Tower with Radar,17,37,34,52,140,0,2,13,9,24,17,39,47,61,164,2,34,36,200
04/28/2012,GPT,MS,ASO,CE,Combined TRACON& Tower with Radar,23,31,12,34,100,0,0,17,1,18,23,31,29,35,118,0,0,0,118
04/29/2012,GPT,MS,ASO,CE,Combined TRACON& Tower with Radar,9,33,16,23,81,0,0,8,2,10,9,33,24,25,91,26,0,26,117
04/30/2012,GPT,MS,ASO,CE,Combined TRACON& Tower with Radar,16,36,15,51,118,0,4,9,7,20,16,40,24,58,138,0,26,26,164
05/01/2012,GPT,MS,ASO,CE,Combined TRACON& Tower with Radar,15,32,27,27,101,0,0,5,9,14,15,32,32,36,115,0,0,0,115
05/02/2012,GPT,MS,ASO,CE,Combined TRACON& Tower with Radar,12,34,18,5,69,0,0,0,0,0,12,34,18,5,69,0,0,0,69
05/03/2012,GPT,MS,ASO,CE,Combined TRACON& Tower with Radar,10,34,19,52,115,0,1,9,3,13,10,35,28,55,128,90,184,274,402
05/04/2012,GPT,MS,ASO,CE,Combined TRACON& Tower with Radar,13,35,27,71,146,0,2,8,11,21,13,37,35,82,167,90,160,250,417
05/05/2012,GPT,MS,ASO,CE,Combined TRACON& Tower with Radar,8,31,18,14,71,0,0,8,10,18,8,31,26,24,89,36,162,198,287
05/06/2012,GPT,MS,ASO,CE,Combined TRACON& Tower with Radar,14,29,21,7,71,0,2,10,3,15,14,31,31,10,86,68,76,144,230
05/07/2012,GPT,MS,ASO,CE,Combined TRACON& Tower with Radar,14,34,18,62,128,0,0,8,2,10,14,34,26,64,138,6,24,30,168
05/08/2012,GPT,MS,ASO,CE,Combined TRACON& Tower with Radar,11,32,25,63,131,0,9,10,4,23,11,41,35,67,154,12,94,106,260
05/09/2012,GPT,MS,ASO,CE,Combined TRACON& Tower with Radar,10,33,18,36,97,0,3,10,8,21,10,36,28,44,118,4,12,16,134
05/10/2012,GPT,MS,ASO,CE,Combined TRACON& Tower with Radar,10,40,21,55,126,0,1,17,7,25,10,41,38,62,151,60,220,280,431
05/11/2012,GPT,MS,ASO,CE,Combined TRACON& Tower with Radar,10,39,32,26,107,0,1,5,2,8,10,40,37,28,115,0,0,0,115
05/12/2012,GPT,MS,ASO,CE,Combined TRACON& Tower with Radar,10,31,4,0,45,0,0,6,0,6,10,31,10,0,51,0,0,0,51
05/13/2012,GPT,MS,ASO,CE,Combined TRACON& Tower with Radar,10,30,11,13,64,0,0,6,2,8,10,30,17,15,72,0,0,0,72
05/14/2012,GPT,MS,ASO,CE,Combined TRACON& Tower with Radar,14,35,26,48,123,0,0,7,4,11,14,35,33,52,134,46,80,126,260
05/15/2012,GPT,MS,ASO,CE,Combined TRACON& Tower with Radar,7,42,23,27,99,0,5,27,7,39,7,47,50,34,138,56,118,174,312
05/16/2012,GPT,MS,ASO,CE,Combined TRACON& Tower with Radar,10,34,21,42,107,0,6,9,7,22,10,40,30,49,129,0,26,26,155
05/17/2012,GPT,MS,ASO,CE,Combined TRACON& Tower with Radar,10,38,40,28,116,0,0,23,4,27,10,38,63,32,143,148,246,394,537
05/18/2012,GPT,MS,ASO,CE,Combined TRACON& Tower with Radar,10,35,26,28,99,0,2,19,2,23,10,37,45,30,122,0,0,0,122
05/19/2012,GPT,MS,ASO,CE,Combined TRACON& Tower with Radar,6,34,11,29,80,0,3,10,0,13,6,37,21,29,93,46,0,46,139
05/20/2012,GPT,MS,ASO,CE,Combined TRACON& Tower with Radar,10,36,17,25,88,0,0,12,5,17,10,36,29,30,105,0,36,36,141
05/21/2012,GPT,MS,ASO,CE,Combined TRACON& Tower with Radar,12,34,27,42,115,0,2,10,6,18,12,36,37,48,133,0,10,10,143
05/22/2012,GPT,MS,ASO,CE,Combined TRACON& Tower with Radar,9,35,28,45,117,0,2,16,6,24,9,37,44,51,141,34,80,114,255
05/23/2012,GPT,MS,ASO,CE,Combined TRACON& Tower with Radar,10,35,21,67,133,0,0,6,10,16,10,35,27,77,149,26,76,102,251
05/24/2012,GPT,MS,ASO,CE,Combined TRACON& Tower with Radar,11,40,26,60,137,0,0,4,4,8,11,40,30,64,145,56,216,272,417
05/25/2012,GPT,MS,ASO,CE,Combined TRACON& Tower with Radar,12,45,22,12,91,0,6,15,6,27,12,51,37,18,118,36,0,36,154
05/26/2012,GPT,MS,ASO,CE,Combined TRACON& Tower with Radar,6,27,11,0,44,0,4,23,0,27,6,31,34,0,71,26,0,26,97
05/27/2012,GPT,MS,ASO,CE,Combined TRACON& Tower with Radar,8,21,10,4,43,0,8,13,0,21,8,29,23,4,64,0,0,0,64
05/28/2012,GPT,MS,ASO,CE,Combined TRACON& Tower with Radar,12,27,11,6,56,0,3,12,0,15,12,30,23,6,71,0,0,0,71
05/29/2012,GPT,MS,ASO,CE,Combined TRACON& Tower with Radar,8,37,22,74,141,0,1,17,0,18,8,38,39,74,159,60,128,188,347
05/30/2012,GPT,MS,ASO,CE,Combined TRACON& Tower with Radar,8,37,31,70,146,0,8,22,5,35,8,45,53,75,181,22,46,68,249
05/31/2012,GPT,MS,ASO,CE,Combined TRACON& Tower with Radar,12,41,21,51,125,0,2,3,2,7,12,43,24,53,132,42,198,240,372
06/01/2012,GPT,MS,ASO,CE,Combined TRACON& Tower with Radar,10,39,19,95,163,0,4,11,7,22,10,43,30,102,185,122,156,278,463
06/02/2012,GPT,MS,ASO,CE,Combined TRACON& Tower with Radar,7,31,7,14,59,0,4,19,2,25,7,35,26,16,84,34,0,34,118
06/03/2012,GPT,MS,ASO,CE,Combined TRACON& Tower with Radar,10,33,19,22,84,0,6,14,0,20,10,39,33,22,104,0,0,0,104
06/04/2012,GPT,MS,ASO,CE,Combined TRACON& Tower with Radar,12,34,10,56,112,0,2,2,12,16,12,36,12,68,128,14,42,56,184
06/05/2012,GPT,MS,ASO,CE,Combined TRACON& Tower with Radar,8,36,19,34,97,0,1,7,8,16,8,37,26,42,113,64,77,141,254
06/06/2012,GPT,MS,ASO,CE,Combined TRACON& Tower with Radar,12,34,28,68,142,0,0,12,5,17,12,34,40,73,159,48,120,168,327
06/07/2012,GPT,MS,ASO,CE,Combined TRACON& Tower with Radar,11,40,11,48,110,0,4,6,3,13,11,44,17,51,123,0,0,0,123
06/08/2012,GPT,MS,ASO,CE,Combined TRACON& Tower with Radar,10,36,19,6,71,0,0,4,4,8,10,36,23,10,79,0,0,0,79
06/09/2012,GPT,MS,ASO,CE,Combined TRACON& Tower with Radar,8,40,8,1,57,0,0,4,0,4,8,40,12,1,61,0,0,0,61
06/10/2012,GPT,MS,ASO,CE,Combined TRACON& Tower with Radar,12,34,18,1,65,0,0,2,2,4,12,34,20,3,69,0,0,0,69
06/11/2012,GPT,MS,ASO,CE,Combined TRACON& Tower with Radar,12,36,30,29,107,0,1,10,6,17,12,37,40,35,124,18,18,36,160
06/12/2012,GPT,MS,ASO,CE,Combined TRACON& Tower with Radar,9,38,19,43,109,0,5,3,8,16,9,43,22,51,125,60,112,172,297
06/13/2012,GPT,MS,ASO,CE,Combined TRACON& Tower with Radar,12,36,47,21,116,0,2,32,9,43,12,38,79,30,159,110,244,354,513
06/14/2012,GPT,MS,ASO,CE,Combined TRACON& Tower with Radar,12,46,24,40,122,0,6,28,7,41,12,52,52,47,163,154,216,370,533
06/15/2012,GPT,MS,ASO,CE,Combined TRACON& Tower with Radar,10,40,28,40,118,0,8,10,2,20,10,48,38,42,138,146,206,352,490
06/16/2012,GPT,MS,ASO,CE,Combined TRACON& Tower with Radar,8,30,17,10,65,0,7,20,2,29,8,37,37,12,94,118,82,200,294
06/17/2012,GPT,MS,ASO,CE,Combined TRACON& Tower with Radar,10,31,19,8,68,0,0,11,1,12,10,31,30,9,80,44,22,66,146
06/18/2012,GPT,MS,ASO,CE,Combined TRACON& Tower with Radar,12,36,15,103,166,0,1,13,9,23,12,37,28,112,189,46,100,146,335
06/19/2012,GPT,MS,ASO,CE,Combined TRACON& Tower with Radar,10,30,17,59,116,0,2,19,16,37,10,32,36,75,153,70,252,322,475
06/20/2012,GPT,MS,ASO,CE,Combined TRACON& Tower with Radar,11,39,20,40,110,1,3,17,6,27,12,42,37,46,137,154,312,466,603
06/21/2012,GPT,MS,ASO,CE,Combined TRACON& Tower with Radar,12,41,39,72,164,1,0,22,10,33,13,41,61,82,197,118,190,308,505
06/22/2012,GPT,MS,ASO,CE,Combined TRACON& Tower with Radar,6,38,18,51,113,0,1,25,13,39,6,39,43,64,152,64,150,214,366
06/23/2012,GPT,MS,ASO,CE,Combined TRACON& Tower with Radar,8,31,10,16,65,0,0,14,0,14,8,31,24,16,79,103,112,215,294
06/24/2012,GPT,MS,ASO,CE,Combined TRACON& Tower with Radar,6,25,15,3,49,0,0,15,1,16,6,25,30,4,65,0,0,0,65
06/25/2012,GPT,MS,ASO,CE,Combined TRACON& Tower with Radar,11,31,13,4,59,0,0,2,0,2,11,31,15,4,61,0,0,0,61
06/26/2012,GPT,MS,ASO,CE,Combined TRACON& Tower with Radar,12,34,20,61,127,0,0,5,9,14,12,34,25,70,141,0,0,0,141
06/27/2012,GPT,MS,ASO,CE,Combined TRACON& Tower with Radar,8,36,15,47,106,1,0,7,6,14,9,36,22,53,120,114,266,380,500
06/28/2012,GPT,MS,ASO,CE,Combined TRACON& Tower with Radar,8,33,24,49,114,0,3,10,8,21,8,36,34,57,135,0,0,0,135
06/29/2012,GPT,MS,ASO,CE,Combined TRACON& Tower with Radar,8,35,28,64,135,0,1,10,6,17,8,36,38,70,152,0,0,0,152
06/30/2012,GPT,MS,ASO,CE,Combined TRACON& Tower with Radar,10,31,17,0,58,0,4,21,1,26,10,35,38,1,84,0,0,0,84
07/01/2012,GPT,MS,ASO,CE,Combined TRACON& Tower with Radar,5,28,20,1,54,0,3,6,1,10,5,31,26,2,64,10,0,10,74
07/02/2012,GPT,MS,ASO,CE,Combined TRACON& Tower with Radar,14,31,16,75,136,0,0,1,14,15,14,31,17,89,151,68,224,292,443
07/03/2012,GPT,MS,ASO,CE,Combined TRACON& Tower with Radar,7,26,12,54,99,0,0,6,4,10,7,26,18,58,109,144,206,350,459
07/04/2012,GPT,MS,ASO,CE,Combined TRACON& Tower with Radar,4,21,7,0,32,0,1,7,0,8,4,22,14,0,40,94,58,152,192
07/05/2012,GPT,MS,ASO,CE,Combined TRACON& Tower with Radar,10,30,7,28,75,0,1,8,5,14,10,31,15,33,89,72,212,284,373
07/06/2012,GPT,MS,ASO,CE,Combined TRACON& Tower with Radar,12,31,15,10,68,0,2,8,1,11,12,33,23,11,79,60,198,258,337
07/07/2012,GPT,MS,ASO,CE,Combined TRACON& Tower with Radar,8,30,13,8,59,0,2,4,0,6,8,32,17,8,65,0,0,0,65
07/08/2012,GPT,MS,ASO,CE,Combined TRACON& Tower with Radar,10,30,15,0,55,0,0,1,2,3,10,30,16,2,58,10,20,30,88
07/09/2012,GPT,MS,ASO,CE,Combined TRACON& Tower with Radar,12,29,24,32,97,0,1,9,4,14,12,30,33,36,111,0,12,12,123
07/10/2012,GPT,MS,ASO,CE,Combined TRACON& Tower with Radar,10,36,26,18,90,0,0,4,2,6,10,36,30,20,96,4,10,14,110
07/11/2012,GPT,MS,ASO,CE,Combined TRACON& Tower with Radar,14,35,22,68,139,2,3,4,1,10,16,38,26,69,149,134,238,372,521
07/12/2012,GPT,MS,ASO,CE,Combined TRACON& Tower with Radar,9,33,24,40,106,0,1,4,1,6,9,34,28,41,112,78,212,290,402
07/13/2012,GPT,MS,ASO,CE,Combined TRACON& Tower with Radar,9,33,26,49,117,0,4,13,10,27,9,37,39,59,144,0,0,0,144
07/14/2012,GPT,MS,ASO,CE,Combined TRACON& Tower with Radar,12,26,13,7,58,0,2,4,0,6,12,28,17,7,64,10,8,18,82
07/15/2012,GPT,MS,ASO,CE,Combined TRACON& Tower with Radar,12,35,19,12,78,0,1,7,7,15,12,36,26,19,93,76,92,168,261
07/16/2012,GPT,MS,ASO,CE,Combined TRACON& Tower with Radar,12,37,9,67,125,0,0,10,10,20,12,37,19,77,145,0,16,16,161
07/17/2012,GPT,MS,ASO,CE,Combined TRACON& Tower with Radar,10,35,16,75,136,0,2,19,5,26,10,37,35,80,162,96,62,158,320
07/18/2012,GPT,MS,ASO,CE,Combined TRACON& Tower with Radar,9,34,23,35,101,0,0,4,4,8,9,34,27,39,109,134,234,368,477
07/19/2012,GPT,MS,ASO,CE,Combined TRACON& Tower with Radar,12,38,31,28,109,0,0,5,2,7,12,38,36,30,116,0,0,0,116
07/20/2012,GPT,MS,ASO,CE,Combined TRACON& Tower with Radar,11,34,20,13,78,0,0,3,3,6,11,34,23,16,84,16,0,16,100
07/21/2012,GPT,MS,ASO,CE,Combined TRACON& Tower with Radar,10,26,2,6,44,0,0,9,0,9,10,26,11,6,53,56,32,88,141
07/22/2012,GPT,MS,ASO,CE,Combined TRACON& Tower with Radar,10,31,14,8,63,0,3,5,4,12,10,34,19,12,75,48,8,56,131
07/23/2012,GPT,MS,ASO,CE,Combined TRACON& Tower with Radar,15,36,14,37,102,0,1,0,3,4,15,37,14,40,106,2,46,48,154
07/24/2012,GPT,MS,ASO,CE,Combined TRACON& Tower with Radar,11,36,22,65,134,0,1,11,5,17,11,37,33,70,151,0,0,0,151
07/25/2012,GPT,MS,ASO,CE,Combined TRACON& Tower with Radar,10,35,16,38,99,0,3,8,15,26,10,38,24,53,125,78,126,204,329
07/26/2012,GPT,MS,ASO,CE,Combined TRACON& Tower with Radar,10,39,27,59,135,0,1,21,1,23,10,40,48,60,158,92,34,126,284
07/27/2012,GPT,MS,ASO,CE,Combined TRACON& Tower with Radar,8,37,18,33,96,0,0,11,1,12,8,37,29,34,108,96,16,112,220
07/28/2012,GPT,MS,ASO,CE,Combined TRACON& Tower with Radar,11,29,3,8,51,0,2,6,1,9,11,31,9,9,60,8,0,8,68
07/29/2012,GPT,MS,ASO,CE,Combined TRACON& Tower with Radar,9,31,14,44,98,0,8,15,4,27,9,39,29,48,125,36,0,36,161
07/30/2012,GPT,MS,ASO,CE,Combined TRACON& Tower with Radar,16,34,15,66,131,0,0,10,4,14,16,34,25,70,145,50,14,64,209
07/31/2012,GPT,MS,ASO,CE,Combined TRACON& Tower with Radar,12,34,8,41,95,0,0,11,7,18,12,34,19,48,113,36,76,112,225
08/01/2012,GPT,MS,ASO,CE,Combined TRACON& Tower with Radar,13,35,16,68,132,0,2,13,1,16,13,37,29,69,148,82,182,264,412
08/02/2012,GPT,MS,ASO,CE,Combined TRACON& Tower with Radar,12,36,13,42,103,0,0,7,5,12,12,36,20,47,115,46,88,134,249
08/03/2012,GPT,MS,ASO,CE,Combined TRACON& Tower with Radar,9,35,19,34,97,0,0,15,1,16,9,35,34,35,113,96,92,188,301
08/04/2012,GPT,MS,ASO,CE,Combined TRACON& Tower with Radar,11,26,7,10,54,0,1,7,2,10,11,27,14,12,64,8,18,26,90
08/05/2012,GPT,MS,ASO,CE,Combined TRACON& Tower with Radar,14,26,16,5,61,0,1,7,0,8,14,27,23,5,69,34,10,44,113
08/06/2012,GPT,MS,ASO,CE,Combined TRACON& Tower with Radar,12,39,8,53,112,0,0,5,2,7,12,39,13,55,119,0,10,10,129
08/07/2012,GPT,MS,ASO,CE,Combined TRACON& Tower with Radar,10,35,20,190,255,0,0,13,4,17,10,35,33,194,272,80,122,202,474
08/08/2012,GPT,MS,ASO,CE,Combined TRACON& Tower with Radar,11,33,21,26,91,0,2,18,2,22,11,35,39,28,113,90,190,280,393
08/09/2012,GPT,MS,ASO,CE,Combined TRACON& Tower with Radar,11,34,14,22,81,0,1,6,3,10,11,35,20,25,91,0,0,0,91
08/10/2012,GPT,MS,ASO,CE,Combined TRACON& Tower with Radar,15,43,16,38,112,0,1,5,6,12,15,44,21,44,124,44,48,92,216
08/11/2012,GPT,MS,ASO,CE,Combined TRACON& Tower with Radar,15,25,7,11,58,0,2,6,1,9,15,27,13,12,67,54,78,132,199
08/12/2012,GPT,MS,ASO,CE,Combined TRACON& Tower with Radar,10,32,10,36,88,0,1,11,2,14,10,33,21,38,102,76,44,120,222
08/13/2012,GPT,MS,ASO,CE,Combined TRACON& Tower with Radar,13,30,13,78,134,0,0,13,6,19,13,30,26,84,153,30,20,50,203
08/14/2012,GPT,MS,ASO,CE,Combined TRACON& Tower with Radar,10,34,18,64,126,0,1,8,7,16,10,35,26,71,142,54,126,180,322
08/15/2012,GPT,MS,ASO,CE,Combined TRACON& Tower with Radar,10,31,24,50,115,0,1,11,10,22,10,32,35,60,137,114,202,316,453
08/16/2012,GPT,MS,ASO,CE,Combined TRACON& Tower with Radar,13,33,19,57,122,0,1,15,8,24,13,34,34,65,146,54,22,76,222
08/17/2012,GPT,MS,ASO,CE,Combined TRACON& Tower with Radar,16,31,24,56,127,0,1,15,7,23,16,32,39,63,150,42,48,90,240
08/18/2012,GPT,MS,ASO,CE,Combined TRACON& Tower with Radar,10,23,8,9,50,0,2,6,4,12,10,25,14,13,62,0,0,0,62
08/19/2012,GPT,MS,ASO,CE,Combined TRACON& Tower with Radar,14,25,5,5,49,0,0,3,0,3,14,25,8,5,52,0,0,0,52
08/20/2012,GPT,MS,ASO,CE,Combined TRACON& Tower with Radar,14,31,17,117,179,0,0,0,4,4,14,31,17,121,183,72,190,262,445
08/21/2012,GPT,MS,ASO,CE,Combined TRACON& Tower with Radar,12,26,19,72,129,0,2,9,4,15,12,28,28,76,144,36,96,132,276
08/22/2012,GPT,MS,ASO,CE,Combined TRACON& Tower with Radar,8,30,39,86,163,0,7,11,11,29,8,37,50,97,192,50,256,306,498
08/23/2012,GPT,MS,ASO,CE,Combined TRACON& Tower with Radar,11,32,38,61,142,0,3,21,5,29,11,35,59,66,171,48,104,152,323
08/24/2012,GPT,MS,ASO,CE,Combined TRACON& Tower with Radar,15,34,28,63,140,0,4,19,2,25,15,38,47,65,165,16,24,40,205
08/25/2012,GPT,MS,ASO,CE,Combined TRACON& Tower with Radar,10,20,14,17,61,0,3,15,5,23,10,23,29,22,84,10,10,20,104
08/26/2012,GPT,MS,ASO,CE,Combined TRACON& Tower with Radar,10,24,16,2,52,0,0,20,2,22,10,24,36,4,74,50,40,90,164
08/27/2012,GPT,MS,ASO,CE,Combined TRACON& Tower with Radar,16,29,9,4,58,0,0,8,4,12,16,29,17,8,70,0,0,0,70
08/28/2012,GPT,MS,ASO,CE,Combined TRACON& Tower with Radar,9,24,16,55,104,0,2,9,4,15,9,26,25,59,119,0,0,0,119
08/29/2012,GPT,MS,ASO,CE,Combined TRACON& Tower with Radar,8,30,39,86,163,0,7,11,11,29,8,37,50,97,192,0,0,0,192
08/30/2012,GPT,MS,ASO,CE,Combined TRACON& Tower with Radar,4,18,13,9,44,0,0,5,2,7,4,18,18,11,51,0,0,0,51
08/31/2012,GPT,MS,ASO,CE,Combined TRACON& Tower with Radar,12,34,10,6,62,0,0,5,14,19,12,34,15,20,81,22,8,30,111
09/01/2012,GPT,MS,ASO,CE,Combined TRACON& Tower with Radar,9,21,6,5,41,1,7,9,2,19,10,28,15,7,60,0,0,0,60
09/02/2012,GPT,MS,ASO,CE,Combined TRACON& Tower with Radar,15,14,7,0,36,0,6,11,0,17,15,20,18,0,53,0,0,0,53
09/03/2012,GPT,MS,ASO,CE,Combined TRACON& Tower with Radar,18,26,18,4,66,0,5,6,0,11,18,31,24,4,77,24,0,24,101
09/04/2012,GPT,MS,ASO,CE,Combined TRACON& Tower with Radar,13,34,21,38,106,0,0,11,4,15,13,34,32,42,121,56,104,160,281
09/05/2012,GPT,MS,ASO,CE,Combined TRACON& Tower with Radar,10,28,26,54,118,1,3,8,4,16,11,31,34,58,134,80,198,278,412
09/06/2012,GPT,MS,ASO,CE,Combined TRACON& Tower with Radar,19,27,20,66,132,0,2,16,2,20,19,29,36,68,152,128,178,306,458
09/07/2012,GPT,MS,ASO,CE,Combined TRACON& Tower with Radar,12,28,18,96,154,0,3,15,6,24,12,31,33,102,178,88,168,256,434
09/08/2012,GPT,MS,ASO,CE,Combined TRACON& Tower with Radar,16,20,4,52,92,0,3,9,7,19,16,23,13,59,111,12,0,12,123
09/09/2012,GPT,MS,ASO,CE,Combined TRACON& Tower with Radar,16,21,12,35,84,0,4,15,4,23,16,25,27,39,107,0,28,28,135
09/10/2012,GPT,MS,ASO,CE,Combined TRACON& Tower with Radar,19,25,19,51,114,0,2,14,5,21,19,27,33,56,135,10,22,32,167
09/11/2012,GPT,MS,ASO,CE,Combined TRACON& Tower with Radar,13,32,13,25,83,0,3,12,2,17,13,35,25,27,100,54,60,114,214
09/12/2012,GPT,MS,ASO,CE,Combined TRACON& Tower with Radar,14,31,17,85,147,0,1,9,2,12,14,32,26,87,159,54,234,288,447
09/13/2012,GPT,MS,ASO,CE,Combined TRACON& Tower with Radar,19,26,27,39,111,0,3,8,3,14,19,29,35,42,125,4,54,58,183
09/14/2012,GPT,MS,ASO,CE,Combined TRACON& Tower with Radar,17,24,26,31,98,0,1,25,10,36,17,25,51,41,134,98,96,194,328
09/15/2012,GPT,MS,ASO,CE,Combined TRACON& Tower with Radar,17,16,3,4,40,0,6,5,7,18,17,22,8,11,58,28,52,80,138
09/16/2012,GPT,MS,ASO,CE,Combined TRACON& Tower with Radar,15,24,17,34,90,0,1,8,5,14,15,25,25,39,104,0,24,24,128
09/17/2012,GPT,MS,ASO,CE,Combined TRACON& Tower with Radar,20,23,16,7,66,0,0,1,0,1,20,23,17,7,67,0,8,8,75
09/18/2012,GPT,MS,ASO,CE,Combined TRACON& Tower with Radar,14,32,16,61,123,0,3,4,10,17,14,35,20,71,140,0,60,60,200
09/19/2012,GPT,MS,ASO,CE,Combined TRACON& Tower with Radar,10,28,15,95,148,0,5,18,12,35,10,33,33,107,183,110,246,356,539
09/20/2012,GPT,MS,ASO,CE,Combined TRACON& Tower with Radar,14,28,23,52,117,0,0,6,3,9,14,28,29,55,126,64,188,252,378
09/21/2012,GPT,MS,ASO,CE,Combined TRACON& Tower with Radar,8,30,10,73,121,0,0,14,6,20,8,30,24,79,141,8,22,30,171
09/22/2012,GPT,MS,ASO,CE,Combined TRACON& Tower with Radar,15,17,5,30,67,0,2,12,3,17,15,19,17,33,84,28,0,28,112
09/23/2012,GPT,MS,ASO,CE,Combined TRACON& Tower with Radar,19,25,15,27,86,0,5,2,3,10,19,30,17,30,96,26,54,80,176
09/24/2012,GPT,MS,ASO,CE,Combined TRACON& Tower with Radar,14,27,13,57,111,0,1,11,6,18,14,28,24,63,129,12,4,16,145
09/25/2012,GPT,MS,ASO,CE,Combined TRACON& Tower with Radar,15,31,15,80,141,0,0,14,8,22,15,31,29,88,163,30,66,96,259
09/26/2012,GPT,MS,ASO,CE,Combined TRACON& Tower with Radar,15,29,22,54,120,0,4,33,10,47,15,33,55,64,167,82,206,288,455
09/27/2012,GPT,MS,ASO,CE,Combined TRACON& Tower with Radar,10,31,26,43,110,0,2,16,4,22,10,33,42,47,132,30,72,102,234
09/28/2012,GPT,MS,ASO,CE,Combined TRACON& Tower with Radar,8,31,13,46,98,0,0,8,3,11,8,31,21,49,109,14,64,78,187
09/29/2012,GPT,MS,ASO,CE,Combined TRACON& Tower with Radar,15,18,12,2,47,0,0,2,0,2,15,18,14,2,49,0,0,0,49
09/30/2012,GPT,MS,ASO,CE,Combined TRACON& Tower with Radar,10,25,10,0,45,0,0,0,0,0,10,25,10,0,45,0,0,0,45
10/01/2012,GPT,MS,ASO,CE,Combined TRACON& Tower with Radar,12,29,22,141,204,0,0,0,0,0,12,29,22,141,204,0,14,14,218
10/02/2012,GPT,MS,ASO,CE,Combined TRACON& Tower with Radar,14,30,20,110,174,0,3,9,5,17,14,33,29,115,191,48,102,150,341
10/03/2012,GPT,MS,ASO,CE,Combined TRACON& Tower with Radar,12,30,15,67,124,0,0,19,17,36,12,30,34,84,160,58,176,234,394
10/04/2012,GPT,MS,ASO,CE,Combined TRACON& Tower with Radar,10,32,15,49,106,0,0,23,8,31,10,32,38,57,137,110,136,246,383
10/05/2012,GPT,MS,ASO,CE,Combined TRACON& Tower with Radar,8,34,16,30,88,0,0,16,8,24,8,34,32,38,112,48,58,106,218
10/06/2012,GPT,MS,ASO,CE,Combined TRACON& Tower with Radar,12,24,8,17,61,1,2,8,14,25,13,26,16,31,86,0,30,30,116
10/07/2012,GPT,MS,ASO,CE,Combined TRACON& Tower with Radar,12,28,14,2,56,0,0,9,2,11,12,28,23,4,67,10,2,12,79
10/08/2012,GPT,MS,ASO,CE,Combined TRACON& Tower with Radar,16,30,10,15,71,0,4,9,0,13,16,34,19,15,84,36,0,36,120
10/09/2012,GPT,MS,ASO,CE,Combined TRACON& Tower with Radar,24,28,11,33,96,0,1,19,4,24,24,29,30,37,120,48,142,190,310
10/10/2012,GPT,MS,ASO,CE,Combined TRACON& Tower with Radar,10,26,19,58,113,0,1,13,5,19,10,27,32,63,132,104,254,358,490
10/11/2012,GPT,MS,ASO,CE,Combined TRACON& Tower with Radar,11,30,25,50,116,0,0,15,4,19,11,30,40,54,135,126,228,354,489
10/12/2012,GPT,MS,ASO,CE,Combined TRACON& Tower with Radar,14,29,20,38,101,0,0,17,3,20,14,29,37,41,121,60,12,72,193
10/13/2012,GPT,MS,ASO,CE,Combined TRACON& Tower with Radar,10,22,3,10,45,0,2,34,0,36,10,24,37,10,81,0,0,0,81
10/14/2012,GPT,MS,ASO,CE,Combined TRACON& Tower with Radar,10,28,16,32,86,0,0,11,3,14,10,28,27,35,100,0,12,12,112
10/15/2012,GPT,MS,ASO,CE,Combined TRACON& Tower with Radar,14,27,10,50,101,0,1,3,4,8,14,28,13,54,109,0,24,24,133
10/16/2012,GPT,MS,ASO,CE,Combined TRACON& Tower with Radar,10,26,23,53,112,0,2,10,5,17,10,28,33,58,129,38,26,64,193
10/17/2012,GPT,MS,ASO,CE,Combined TRACON& Tower with Radar,10,27,27,62,126,0,1,7,9,17,10,28,34,71,143,78,212,290,433
10/18/2012,GPT,MS,ASO,CE,Combined TRACON& Tower with Radar,14,37,19,29,99,0,0,3,0,3,14,37,22,29,102,44,92,136,238
10/19/2012,GPT,MS,ASO,CE,Combined TRACON& Tower with Radar,13,33,26,60,132,0,2,15,2,19,13,35,41,62,151,36,104,140,291
10/20/2012,GPT,MS,ASO,CE,Combined TRACON& Tower with Radar,11,25,8,67,111,0,2,33,15,50,11,27,41,82,161,84,64,148,309
10/21/2012,GPT,MS,ASO,CE,Combined TRACON& Tower with Radar,10,26,15,9,60,0,4,13,2,19,10,30,28,11,79,0,0,0,79
10/22/2012,GPT,MS,ASO,CE,Combined TRACON& Tower with Radar,12,29,12,69,122,0,0,5,4,9,12,29,17,73,131,82,16,98,229
10/23/2012,GPT,MS,ASO,CE,Combined TRACON& Tower with Radar,12,41,21,71,145,0,3,16,13,32,12,44,37,84,177,54,50,104,281
10/24/2012,GPT,MS,ASO,CE,Combined TRACON& Tower with Radar,12,33,23,55,123,0,1,12,8,21,12,34,35,63,144,28,104,132,276
10/25/2012,GPT,MS,ASO,CE,Combined TRACON& Tower with Radar,10,33,22,63,128,0,3,12,9,24,10,36,34,72,152,46,38,84,236
10/26/2012,GPT,MS,ASO,CE,Combined TRACON& Tower with Radar,10,31,21,59,121,0,0,12,6,18,10,31,33,65,139,26,12,38,177
10/27/2012,GPT,MS,ASO,CE,Combined TRACON& Tower with Radar,12,20,15,54,101,0,3,3,4,10,12,23,18,58,111,0,20,20,131
10/28/2012,GPT,MS,ASO,CE,Combined TRACON& Tower with Radar,10,23,7,21,61,0,2,5,2,9,10,25,12,23,70,0,0,0,70
10/29/2012,GPT,MS,ASO,CE,Combined TRACON& Tower with Radar,12,28,15,58,113,0,0,9,9,18,12,28,24,67,131,2,34,36,167
10/30/2012,GPT,MS,ASO,CE,Combined TRACON& Tower with Radar,11,29,33,75,148,0,0,15,6,21,11,29,48,81,169,32,142,174,343
10/31/2012,GPT,MS,ASO,CE,Combined TRACON& Tower with Radar,11,24,20,51,106,0,0,7,7,14,11,24,27,58,120,110,280,390,510
11/01/2012,GPT,MS,ASO,CE,Combined TRACON& Tower with Radar,12,34,24,66,136,0,0,13,10,23,12,34,37,76,159,26,84,110,269
11/02/2012,GPT,MS,ASO,CE,Combined TRACON& Tower with Radar,11,37,24,32,104,0,0,7,7,14,11,37,31,39,118,4,16,20,138
11/03/2012,GPT,MS,ASO,CE,Combined TRACON& Tower with Radar,12,22,10,7,51,0,4,7,2,13,12,26,17,9,64,0,6,6,70
11/04/2012,GPT,MS,ASO,CE,Combined TRACON& Tower with Radar,12,25,14,13,64,0,0,6,2,8,12,25,20,15,72,0,0,0,72
11/05/2012,GPT,MS,ASO,CE,Combined TRACON& Tower with Radar,12,30,5,54,101,0,0,6,7,13,12,30,11,61,114,36,4,40,154
11/06/2012,GPT,MS,ASO,CE,Combined TRACON& Tower with Radar,10,27,12,93,142,0,3,8,4,15,10,30,20,97,157,34,44,78,235
11/07/2012,GPT,MS,ASO,CE,Combined TRACON& Tower with Radar,10,32,16,74,132,0,1,15,10,26,10,33,31,84,158,4,30,34,192
11/08/2012,GPT,MS,ASO,CE,Combined TRACON& Tower with Radar,13,37,23,72,145,0,3,13,10,26,13,40,36,82,171,8,22,30,201
11/09/2012,GPT,MS,ASO,CE,Combined TRACON& Tower with Radar,10,31,27,57,125,0,0,12,1,13,10,31,39,58,138,10,20,30,168
11/10/2012,GPT,MS,ASO,CE,Combined TRACON& Tower with Radar,10,23,15,14,62,0,3,23,2,28,10,26,38,16,90,18,0,18,108
11/11/2012,GPT,MS,ASO,CE,Combined TRACON& Tower with Radar,12,25,14,2,53,0,0,7,0,7,12,25,21,2,60,18,0,18,78
11/12/2012,GPT,MS,ASO,CE,Combined TRACON& Tower with Radar,12,30,12,3,57,0,4,4,0,8,12,34,16,3,65,0,0,0,65
11/13/2012,GPT,MS,ASO,CE,Combined TRACON& Tower with Radar,10,29,19,72,130,0,2,5,10,17,10,31,24,82,147,42,100,142,289
11/14/2012,GPT,MS,ASO,CE,Combined TRACON& Tower with Radar,10,29,20,84,143,0,1,15,7,23,10,30,35,91,166,90,238,328,494
11/15/2012,GPT,MS,ASO,CE,Combined TRACON& Tower with Radar,10,36,18,63,127,0,1,12,8,21,10,37,30,71,148,34,32,66,214
11/16/2012,GPT,MS,ASO,CE,Combined TRACON& Tower with Radar,10,31,29,72,142,0,0,12,7,19,10,31,41,79,161,32,68,100,261
11/17/2012,GPT,MS,ASO,CE,Combined TRACON& Tower with Radar,10,21,4,15,50,0,6,18,8,32,10,27,22,23,82,2,8,10,92
11/18/2012,GPT,MS,ASO,CE,Combined TRACON& Tower with Radar,10,26,9,45,90,0,3,12,7,22,10,29,21,52,112,22,32,54,166
11/19/2012,GPT,MS,ASO,CE,Combined TRACON& Tower with Radar,14,28,18,68,128,0,1,14,7,22,14,29,32,75,150,12,8,20,170
11/20/2012,GPT,MS,ASO,CE,Combined TRACON& Tower with Radar,10,30,23,68,131,0,0,5,10,15,10,30,28,78,146,40,20,60,206
11/21/2012,GPT,MS,ASO,CE,Combined TRACON& Tower with Radar,10,36,9,40,95,0,1,12,3,16,10,37,21,43,111,74,226,300,411
11/22/2012,GPT,MS,ASO,CE,Combined TRACON& Tower with Radar,8,16,3,0,27,0,0,2,0,2,8,16,5,0,29,0,0,0,29
11/23/2012,GPT,MS,ASO,CE,Combined TRACON& Tower with Radar,10,27,6,0,43,0,2,10,0,12,10,29,16,0,55,10,0,10,65
11/24/2012,GPT,MS,ASO,CE,Combined TRACON& Tower with Radar,10,22,9,0,41,0,0,14,0,14,10,22,23,0,55,24,0,24,79
11/25/2012,GPT,MS,ASO,CE,Combined TRACON& Tower with Radar,10,26,12,1,49,0,0,16,0,16,10,26,28,1,65,38,0,38,103
11/26/2012,GPT,MS,ASO,CE,Combined TRACON& Tower with Radar,11,29,16,55,111,0,2,1,3,6,11,31,17,58,117,0,0,0,117
11/27/2012,GPT,MS,ASO,CE,Combined TRACON& Tower with Radar,11,23,6,54,94,0,0,1,0,1,11,23,7,54,95,0,0,0,95
11/28/2012,GPT,MS,ASO,CE,Combined TRACON& Tower with Radar,5,27,15,57,104,0,0,8,3,11,5,27,23,60,115,8,4,12,127
11/29/2012,GPT,MS,ASO,CE,Combined TRACON& Tower with Radar,14,28,18,63,123,0,0,18,4,22,14,28,36,67,145,0,28,28,173
11/30/2012,GPT,MS,ASO,CE,Combined TRACON& Tower with Radar,12,31,20,68,131,0,0,16,9,25,12,31,36,77,156,82,80,162,318
12/01/2012,GPT,MS,ASO,CE,Combined TRACON& Tower with Radar,8,29,13,8,58,0,1,20,1,22,8,30,33,9,80,30,4,34,114
12/02/2012,GPT,MS,ASO,CE,Combined TRACON& Tower with Radar,8,33,14,37,92,0,0,22,3,25,8,33,36,40,117,62,0,62,179
12/03/2012,GPT,MS,ASO,CE,Combined TRACON& Tower with Radar,14,29,17,59,119,0,1,8,10,19,14,30,25,69,138,16,10,26,164
12/04/2012,GPT,MS,ASO,CE,Combined TRACON& Tower with Radar,13,23,10,38,84,0,0,7,4,11,13,23,17,42,95,6,42,48,143
12/05/2012,GPT,MS,ASO,CE,Combined TRACON& Tower with Radar,12,25,16,94,147,0,0,1,4,5,12,25,17,98,152,28,86,114,266
12/06/2012,GPT,MS,ASO,CE,Combined TRACON& Tower with Radar,10,31,9,64,114,0,5,8,12,25,10,36,17,76,139,42,38,80,219
12/07/2012,GPT,MS,ASO,CE,Combined TRACON& Tower with Radar,10,30,31,81,152,0,0,5,0,5,10,30,36,81,157,0,14,14,171
12/08/2012,GPT,MS,ASO,CE,Combined TRACON& Tower with Radar,10,21,16,33,80,0,0,3,2,5,10,21,19,35,85,6,0,6,91
12/09/2012,GPT,MS,ASO,CE,Combined TRACON& Tower with Radar,8,31,20,23,82,0,0,1,0,1,8,31,21,23,83,30,0,30,113
12/10/2012,GPT,MS,ASO,CE,Combined TRACON& Tower with Radar,13,25,7,32,77,0,0,0,0,0,13,25,7,32,77,0,0,0,77
12/11/2012,GPT,MS,ASO,CE,Combined TRACON& Tower with Radar,10,22,22,104,158,0,0,5,6,11,10,22,27,110,169,38,82,120,289
12/12/2012,GPT,MS,ASO,CE,Combined TRACON& Tower with Radar,10,26,21,128,185,0,0,5,6,11,10,26,26,134,196,52,132,184,380
12/13/2012,GPT,MS,ASO,CE,Combined TRACON& Tower with Radar,10,28,33,91,162,0,0,13,6,19,10,28,46,97,181,8,28,36,217
12/14/2012,GPT,MS,ASO,CE,Combined TRACON& Tower with Radar,14,25,23,46,108,0,0,10,9,19,14,25,33,55,127,24,22,46,173
12/15/2012,GPT,MS,ASO,CE,Combined TRACON& Tower with Radar,10,23,7,14,54,0,1,10,1,12,10,24,17,15,66,8,0,8,74
12/16/2012,GPT,MS,ASO,CE,Combined TRACON& Tower with Radar,13,28,22,1,64,0,0,4,0,4,13,28,26,1,68,8,0,8,76
12/17/2012,GPT,MS,ASO,CE,Combined TRACON& Tower with Radar,10,29,4,60,103,0,0,2,1,3,10,29,6,61,106,2,6,8,114
12/18/2012,GPT,MS,ASO,CE,Combined TRACON& Tower with Radar,10,28,6,120,164,0,0,13,10,23,10,28,19,130,187,0,38,38,225
12/19/2012,GPT,MS,ASO,CE,Combined TRACON& Tower with Radar,10,34,16,111,171,0,2,13,7,22,10,36,29,118,193,18,40,58,251
12/20/2012,GPT,MS,ASO,CE,Combined TRACON& Tower with Radar,8,36,11,17,72,0,0,2,2,4,8,36,13,19,76,0,0,0,76
12/21/2012,GPT,MS,ASO,CE,Combined TRACON& Tower with Radar,8,35,16,58,117,0,5,4,0,9,8,40,20,58,126,2,16,18,144
12/22/2012,GPT,MS,ASO,CE,Combined TRACON& Tower with Radar,6,31,10,0,47,0,0,11,0,11,6,31,21,0,58,48,0,48,106
12/23/2012,GPT,MS,ASO,CE,Combined TRACON& Tower with Radar,4,32,5,0,41,0,0,1,0,1,4,32,6,0,42,0,0,0,42
12/24/2012,GPT,MS,ASO,CE,Combined TRACON& Tower with Radar,4,29,2,3,38,0,0,1,0,1,4,29,3,3,39,0,0,0,39
12/25/2012,GPT,MS,ASO,CE,Combined TRACON& Tower with Radar,6,24,3,0,33,0,0,0,0,0,6,24,3,0,33,0,0,0,33
12/26/2012,GPT,MS,ASO,CE,Combined TRACON& Tower with Radar,6,37,8,14,65,0,1,8,10,19,6,38,16,24,84,10,72,82,166
12/27/2012,GPT,MS,ASO,CE,Combined TRACON& Tower with Radar,6,38,9,14,67,0,0,12,2,14,6,38,21,16,81,38,68,106,187
12/28/2012,GPT,MS,ASO,CE,Combined TRACON& Tower with Radar,6,36,8,23,73,0,0,2,0,2,6,36,10,23,75,40,28,68,143
12/29/2012,GPT,MS,ASO,CE,Combined TRACON& Tower with Radar,6,32,18,1,57,0,0,15,1,16,6,32,33,2,73,10,0,10,83
12/30/2012,GPT,MS,ASO,CE,Combined TRACON& Tower with Radar,4,29,13,0,46,0,0,15,0,15,4,29,28,0,61,18,0,18,79
12/31/2012,GPT,MS,ASO,CE,Combined TRACON& Tower with Radar,9,30,10,3,52,0,0,3,1,4,9,30,13,4,56,32,0,32,88
01/01/2013,GPT,MS,ASO,CE,Combined TRACON& Tower with Radar,3,31,14,0,48,0,0,2,0,2,3,31,16,0,50,0,0,0,50
01/02/2013,GPT,MS,ASO,CE,Combined TRACON& Tower with Radar,3,36,20,16,75,0,0,1,0,1,3,36,21,16,76,0,0,0,76
01/03/2013,GPT,MS,ASO,CE,Combined TRACON& Tower with Radar,5,35,18,68,126,0,0,5,7,12,5,35,23,75,138,0,24,24,162
01/04/2013,GPT,MS,ASO,CE,Combined TRACON& Tower with Radar,7,37,14,58,116,0,5,4,0,9,7,42,18,58,125,0,12,12,137
01/05/2013,GPT,MS,ASO,CE,Combined TRACON& Tower with Radar,6,32,18,1,57,0,0,13,1,14,6,32,31,2,71,2,0,2,73
01/06/2013,GPT,MS,ASO,CE,Combined TRACON& Tower with Radar,4,29,13,0,46,0,0,15,0,15,4,29,28,0,61,0,0,0,61
01/07/2013,GPT,MS,ASO,CE,Combined TRACON& Tower with Radar,16,25,11,56,108,0,2,7,8,17,16,27,18,64,125,8,0,8,133
01/08/2013,GPT,MS,ASO,CE,Combined TRACON& Tower with Radar,13,23,13,72,121,0,1,1,0,2,13,24,14,72,123,0,4,4,127
01/09/2013,GPT,MS,ASO,CE,Combined TRACON& Tower with Radar,9,22,13,46,90,0,0,0,0,0,9,22,13,46,90,0,0,0,90
01/10/2013,GPT,MS,ASO,CE,Combined TRACON& Tower with Radar,10,24,10,2,46,0,0,0,0,0,10,24,10,2,46,0,2,2,48
01/11/2013,GPT,MS,ASO,CE,Combined TRACON& Tower with Radar,10,29,13,51,103,0,2,1,4,7,10,31,14,55,110,0,20,20,130
01/12/2013,GPT,MS,ASO,CE,Combined TRACON& Tower with Radar,9,16,6,20,51,0,0,3,0,3,9,16,9,20,54,0,0,0,54
01/13/2013,GPT,MS,ASO,CE,Combined TRACON& Tower with Radar,12,26,12,11,61,0,0,1,0,1,12,26,13,11,62,0,0,0,62
01/14/2013,GPT,MS,ASO,CE,Combined TRACON& Tower with Radar,14,26,6,48,94,0,0,0,0,0,14,26,6,48,94,0,0,0,94
01/15/2013,GPT,MS,ASO,CE,Combined TRACON& Tower with Radar,7,14,8,3,32,0,0,0,0,0,7,14,8,3,32,0,0,0,32
01/16/2013,GPT,MS,ASO,CE,Combined TRACON& Tower with Radar,10,27,30,34,101,0,0,2,0,2,10,27,32,34,103,0,0,0,103
01/17/2013,GPT,MS,ASO,CE,Combined TRACON& Tower with Radar,13,26,25,95,159,0,0,7,5,12,13,26,32,100,171,0,0,0,171
01/18/2013,GPT,MS,ASO,CE,Combined TRACON& Tower with Radar,10,28,25,121,184,0,3,18,7,28,10,31,43,128,212,12,2,14,226
01/19/2013,GPT,MS,ASO,CE,Combined TRACON& Tower with Radar,11,19,25,12,67,0,1,18,6,25,11,20,43,18,92,10,12,22,114
01/20/2013,GPT,MS,ASO,CE,Combined TRACON& Tower with Radar,12,21,10,18,61,0,0,17,3,20,12,21,27,21,81,34,18,52,133
01/21/2013,GPT,MS,ASO,CE,Combined TRACON& Tower with Radar,14,24,11,2,51,0,1,17,0,18,14,25,28,2,69,0,0,0,69
01/22/2013,GPT,MS,ASO,CE,Combined TRACON& Tower with Radar,11,32,23,60,126,0,0,15,6,21,11,32,38,66,147,4,14,18,165
01/23/2013,GPT,MS,ASO,CE,Combined TRACON& Tower with Radar,8,28,15,51,102,0,0,14,21,35,8,28,29,72,137,0,26,26,163
01/24/2013,GPT,MS,ASO,CE,Combined TRACON& Tower with Radar,10,28,22,58,118,0,2,19,16,37,10,30,41,74,155,48,20,68,223
01/25/2013,GPT,MS,ASO,CE,Combined TRACON& Tower with Radar,10,27,20,96,153,0,1,10,7,18,10,28,30,103,171,20,56,76,247
01/26/2013,GPT,MS,ASO,CE,Combined TRACON& Tower with Radar,10,19,10,35,74,0,1,6,5,12,10,20,16,40,86,30,0,30,116
01/27/2013,GPT,MS,ASO,CE,Combined TRACON& Tower with Radar,10,26,21,10,67,0,2,9,5,16,10,28,30,15,83,20,0,20,103
01/28/2013,GPT,MS,ASO,CE,Combined TRACON& Tower with Radar,12,25,19,115,171,0,0,3,4,7,12,25,22,119,178,0,58,58,236
01/29/2013,GPT,MS,ASO,CE,Combined TRACON& Tower with Radar,10,21,27,23,81,0,0,0,0,0,10,21,27,23,81,0,0,0,81
01/30/2013,GPT,MS,ASO,CE,Combined TRACON& Tower with Radar,7,24,20,17,68,0,0,3,1,4,7,24,23,18,72,0,16,16,88
01/31/2013,GPT,MS,ASO,CE,Combined TRACON& Tower with Radar,10,31,30,73,144,0,1,14,3,18,10,32,44,76,162,30,68,98,260
02/01/2013,GPT,MS,ASO,CE,Combined TRACON& Tower with Radar,12,31,33,99,175,0,3,21,9,33,12,34,54,108,208,20,38,58,266
02/02/2013,GPT,MS,ASO,CE,Combined TRACON& Tower with Radar,9,26,29,19,83,0,0,14,1,15,9,26,43,20,98,8,0,8,106
02/03/2013,GPT,MS,ASO,CE,Combined TRACON& Tower with Radar,7,29,19,20,75,0,0,11,3,14,7,29,30,23,89,4,0,4,93
02/04/2013,GPT,MS,ASO,CE,Combined TRACON& Tower with Radar,19,29,56,51,155,0,0,14,4,18,19,29,70,55,173,0,0,0,173
02/05/2013,GPT,MS,ASO,CE,Combined TRACON& Tower with Radar,10,26,15,133,184,0,0,7,6,13,10,26,22,139,197,0,12,12,209
02/06/2013,GPT,MS,ASO,CE,Combined TRACON& Tower with Radar,10,28,20,70,128,0,0,2,1,3,10,28,22,71,131,8,0,8,139
02/07/2013,GPT,MS,ASO,CE,Combined TRACON& Tower with Radar,10,31,16,120,177,0,1,8,15,24,10,32,24,135,201,2,18,20,221
02/08/2013,GPT,MS,ASO,CE,Combined TRACON& Tower with Radar,14,31,22,94,161,0,1,10,12,23,14,32,32,106,184,54,22,76,260
02/09/2013,GPT,MS,ASO,CE,Combined TRACON& Tower with Radar,12,28,10,52,102,0,2,9,9,20,12,30,19,61,122,10,20,30,152
02/10/2013,GPT,MS,ASO,CE,Combined TRACON& Tower with Radar,11,29,19,4,63,0,0,2,0,2,11,29,21,4,65,10,0,10,75
02/11/2013,GPT,MS,ASO,CE,Combined TRACON& Tower with Radar,14,24,3,30,71,0,0,0,0,0,14,24,3,30,71,0,0,0,71
02/12/2013,GPT,MS,ASO,CE,Combined TRACON& Tower with Radar,12,26,8,6,52,0,0,0,0,0,12,26,8,6,52,0,0,0,52
02/13/2013,GPT,MS,ASO,CE,Combined TRACON& Tower with Radar,10,27,23,93,153,0,0,2,4,6,10,27,25,97,159,0,14,14,173
02/14/2013,GPT,MS,ASO,CE,Combined TRACON& Tower with Radar,10,30,15,62,117,0,1,17,15,33,10,31,32,77,150,18,40,58,208
02/15/2013,GPT,MS,ASO,CE,Combined TRACON& Tower with Radar,12,30,29,57,128,0,1,15,9,25,12,31,44,66,153,6,30,36,189
02/16/2013,GPT,MS,ASO,CE,Combined TRACON& Tower with Radar,6,26,9,4,45,0,3,14,0,17,6,29,23,4,62,30,0,30,92
02/17/2013,GPT,MS,ASO,CE,Combined TRACON& Tower with Radar,10,25,29,24,88,0,0,17,2,19,10,25,46,26,107,24,0,24,131
02/18/2013,GPT,MS,ASO,CE,Combined TRACON& Tower with Radar,12,27,21,3,63,0,0,6,0,6,12,27,27,3,69,0,0,0,69
02/19/2013,GPT,MS,ASO,CE,Combined TRACON& Tower with Radar,13,30,28,106,177,0,2,13,8,23,13,32,41,114,200,3,26,29,229
02/20/2013,GPT,MS,ASO,CE,Combined TRACON& Tower with Radar,10,27,28,58,123,0,2,12,7,21,10,29,40,65,144,22,20,42,186
02/21/2013,GPT,MS,ASO,CE,Combined TRACON& Tower with Radar,10,29,24,15,78,0,1,3,5,9,10,30,27,20,87,0,2,2,89
02/22/2013,GPT,MS,ASO,CE,Combined TRACON& Tower with Radar,12,30,19,19,80,0,0,0,1,1,12,30,19,20,81,0,0,0,81
02/23/2013,GPT,MS,ASO,CE,Combined TRACON& Tower with Radar,7,27,9,6,49,0,2,6,0,8,7,29,15,6,57,0,0,0,57
02/24/2013,GPT,MS,ASO,CE,Combined TRACON& Tower with Radar,10,26,26,20,82,0,1,22,5,28,10,27,48,25,110,40,2,42,152
02/25/2013,GPT,MS,ASO,CE,Combined TRACON& Tower with Radar,12,23,14,1,50,0,0,0,0,0,12,23,14,1,50,0,0,0,50
02/26/2013,GPT,MS,ASO,CE,Combined TRACON& Tower with Radar,12,26,14,66,118,0,0,11,22,33,12,26,25,88,151,2,34,36,187
02/27/2013,GPT,MS,ASO,CE,Combined TRACON& Tower with Radar,11,30,35,106,182,0,1,15,27,43,11,31,50,133,225,22,12,34,259
02/28/2013,GPT,MS,ASO,CE,Combined TRACON& Tower with Radar,9,30,27,86,152,0,2,15,24,41,9,32,42,110,193,0,12,12,205
03/01/2013,GPT,MS,ASO,CE,Combined TRACON& Tower with Radar,13,33,25,98,169,0,2,18,21,41,13,35,43,119,210,10,34,44,254
03/02/2013,GPT,MS,ASO,CE,Combined TRACON& Tower with Radar,14,29,8,20,71,0,3,18,5,26,14,32,26,25,97,2,2,4,101
03/03/2013,GPT,MS,ASO,CE,Combined TRACON& Tower with Radar,10,26,20,26,82,0,2,12,9,23,10,28,32,35,105,22,14,36,141
03/04/2013,GPT,MS,ASO,CE,Combined TRACON& Tower with Radar,17,29,11,102,159,0,1,4,11,16,17,30,15,113,175,0,8,8,183
03/05/2013,GPT,MS,ASO,CE,Combined TRACON& Tower with Radar,12,23,20,60,115,0,0,4,7,11,12,23,24,67,126,0,12,12,138
03/06/2013,GPT,MS,ASO,CE,Combined TRACON& Tower with Radar,12,26,32,147,217,0,1,21,18,40,12,27,53,165,257,20,10,30,287
03/07/2013,GPT,MS,ASO,CE,Combined TRACON& Tower with Radar,11,27,20,70,128,0,3,20,17,40,11,30,40,87,168,36,62,98,266
03/08/2013,GPT,MS,ASO,CE,Combined TRACON& Tower with Radar,16,33,34,53,136,0,2,14,3,19,16,35,48,56,155,0,28,28,183
03/09/2013,GPT,MS,ASO,CE,Combined TRACON& Tower with Radar,9,27,13,3,52,0,4,22,6,32,9,31,35,9,84,36,0,36,120
03/10/2013,GPT,MS,ASO,CE,Combined TRACON& Tower with Radar,11,31,25,21,88,0,2,10,1,13,11,33,35,22,101,14,6,20,121
03/11/2013,GPT,MS,ASO,CE,Combined TRACON& Tower with Radar,17,25,11,23,76,0,3,6,6,15,17,28,17,29,91,8,0,8,99
03/12/2013,GPT,MS,ASO,CE,Combined TRACON& Tower with Radar,12,23,12,88,135,0,3,9,19,31,12,26,21,107,166,2,18,20,186
03/13/2013,GPT,MS,ASO,CE,Combined TRACON& Tower with Radar,10,29,26,45,110,0,2,5,6,13,10,31,31,51,123,46,20,66,189
03/14/2013,GPT,MS,ASO,CE,Combined TRACON& Tower with Radar,14,27,20,110,171,0,2,11,21,34,14,29,31,131,205,0,38,38,243
03/15/2013,GPT,MS,ASO,CE,Combined TRACON& Tower with Radar,14,26,22,57,119,0,1,16,7,24,14,27,38,64,143,98,26,124,267
03/16/2013,GPT,MS,ASO,CE,Combined TRACON& Tower with Radar,8,29,11,4,52,0,0,17,2,19,8,29,28,6,71,0,0,0,71
03/17/2013,GPT,MS,ASO,CE,Combined TRACON& Tower with Radar,10,28,21,5,64,0,1,9,3,13,10,29,30,8,77,18,0,18,95
03/18/2013,GPT,MS,ASO,CE,Combined TRACON& Tower with Radar,15,25,13,112,165,0,1,4,0,5,15,26,17,112,170,0,16,16,186
03/19/2013,GPT,MS,ASO,CE,Combined TRACON& Tower with Radar,10,33,29,87,159,0,2,19,9,30,10,35,48,96,189,8,8,16,205
03/20/2013,GPT,MS,ASO,CE,Combined TRACON& Tower with Radar,12,33,29,80,154,0,1,9,7,17,12,34,38,87,171,0,38,38,209
03/21/2013,GPT,MS,ASO,CE,Combined TRACON& Tower with Radar,16,26,25,55,122,0,1,10,8,19,16,27,35,63,141,12,0,12,153
03/22/2013,GPT,MS,ASO,CE,Combined TRACON& Tower with Radar,14,28,19,92,153,0,1,4,18,23,14,29,23,110,176,16,0,16,192
03/23/2013,GPT,MS,ASO,CE,Combined TRACON& Tower with Radar,9,32,12,0,53,0,0,0,1,1,9,32,12,1,54,0,0,0,54
03/24/2013,GPT,MS,ASO,CE,Combined TRACON& Tower with Radar,9,30,28,14,81,0,2,13,4,19,9,32,41,18,100,18,6,24,124
03/25/2013,GPT,MS,ASO,CE,Combined TRACON& Tower with Radar,15,26,22,98,161,0,1,16,3,20,15,27,38,101,181,8,8,16,197
03/26/2013,GPT,MS,ASO,CE,Combined TRACON& Tower with Radar,14,30,20,139,203,0,2,8,8,18,14,32,28,147,221,10,40,50,271
03/27/2013,GPT,MS,ASO,CE,Combined TRACON& Tower with Radar,11,27,25,74,137,0,1,7,6,14,11,28,32,80,151,7,22,29,180
03/28/2013,GPT,MS,ASO,CE,Combined TRACON& Tower with Radar,10,36,26,64,136,0,6,16,4,26,10,42,42,68,162,4,32,36,198
03/29/2013,GPT,MS,ASO,CE,Combined TRACON& Tower with Radar,14,26,13,46,99,0,1,19,11,31,14,27,32,57,130,14,28,42,172
03/30/2013,GPT,MS,ASO,CE,Combined TRACON& Tower with Radar,8,30,8,13,59,0,0,22,0,22,8,30,30,13,81,6,0,6,87
03/31/2013,GPT,MS,ASO,CE,Combined TRACON& Tower with Radar,12,27,9,3,51,0,0,1,0,1,12,27,10,3,52,0,0,0,52
04/01/2013,GPT,MS,ASO,CE,Combined TRACON& Tower with Radar,17,27,12,38,94,0,0,6,2,8,17,27,18,40,102,16,0,16,118
04/02/2013,GPT,MS,ASO,CE,Combined TRACON& Tower with Radar,18,23,14,61,116,0,0,12,15,27,18,23,26,76,143,2,30,32,175
04/03/2013,GPT,MS,ASO,CE,Combined TRACON& Tower with Radar,16,26,10,12,64,0,0,1,0,1,16,26,11,12,65,0,0,0,65
04/04/2013,GPT,MS,ASO,CE,Combined TRACON& Tower with Radar,17,28,18,104,167,0,1,6,2,9,17,29,24,106,176,0,0,0,176
04/05/2013,GPT,MS,ASO,CE,Combined TRACON& Tower with Radar,19,27,26,116,188,0,0,8,8,16,19,27,34,124,204,0,42,42,246
04/06/2013,GPT,MS,ASO,CE,Combined TRACON& Tower with Radar,12,29,10,2,53,0,0,16,2,18,12,29,26,4,71,54,16,70,141
04/07/2013,GPT,MS,ASO,CE,Combined TRACON& Tower with Radar,15,29,23,23,90,0,1,19,4,24,15,30,42,27,114,6,6,12,126
04/08/2013,GPT,MS,ASO,CE,Combined TRACON& Tower with Radar,19,34,13,42,108,0,1,19,9,29,19,35,32,51,137,8,8,16,153
04/09/2013,GPT,MS,ASO,CE,Combined TRACON& Tower with Radar,15,29,25,75,144,0,0,8,3,11,15,29,33,78,155,0,2,2,157
04/10/2013,GPT,MS,ASO,CE,Combined TRACON& Tower with Radar,17,24,23,92,156,0,4,1,3,8,17,28,24,95,164,0,0,0,164
04/11/2013,GPT,MS,ASO,CE,Combined TRACON& Tower with Radar,11,22,16,8,57,0,0,0,0,0,11,22,16,8,57,0,8,8,65
04/12/2013,GPT,MS,ASO,CE,Combined TRACON& Tower with Radar,24,39,27,92,182,0,2,19,8,29,24,41,46,100,211,48,10,58,269
04/13/2013,GPT,MS,ASO,CE,Combined TRACON& Tower with Radar,12,20,8,6,46,0,5,16,0,21,12,25,24,6,67,0,0,0,67
04/14/2013,GPT,MS,ASO,CE,Combined TRACON& Tower with Radar,14,23,11,2,50,0,0,3,0,3,14,23,14,2,53,0,0,0,53
04/15/2013,GPT,MS,ASO,CE,Combined TRACON& Tower with Radar,20,27,16,51,114,0,0,4,1,5,20,27,20,52,119,6,0,6,125
04/16/2013,GPT,MS,ASO,CE,Combined TRACON& Tower with Radar,16,30,38,97,181,0,0,8,5,13,16,30,46,102,194,0,2,2,196
04/17/2013,GPT,MS,ASO,CE,Combined TRACON& Tower with Radar,12,32,21,52,117,0,0,7,12,19,12,32,28,64,136,0,4,4,140
04/18/2013,GPT,MS,ASO,CE,Combined TRACON& Tower with Radar,14,22,24,72,132,0,1,3,6,10,14,23,27,78,142,0,0,0,142
04/19/2013,GPT,MS,ASO,CE,Combined TRACON& Tower with Radar,15,28,22,25,90,0,0,6,3,9,15,28,28,28,99,2,0,2,101
04/20/2013,GPT,MS,ASO,CE,Combined TRACON& Tower with Radar,13,21,7,16,57,0,3,15,1,19,13,24,22,17,76,0,0,0,76
04/21/2013,GPT,MS,ASO,CE,Combined TRACON& Tower with Radar,12,24,21,51,108,0,2,18,12,32,12,26,39,63,140,32,0,32,172
04/22/2013,GPT,MS,ASO,CE,Combined TRACON& Tower with Radar,19,30,16,61,126,0,0,14,9,23,19,30,30,70,149,2,4,6,155
04/23/2013,GPT,MS,ASO,CE,Combined TRACON& Tower with Radar,18,26,32,122,198,0,1,9,17,27,18,27,41,139,225,12,36,48,273
04/24/2013,GPT,MS,ASO,CE,Combined TRACON& Tower with Radar,18,30,16,35,99,0,0,0,0,0,18,30,16,35,99,0,12,12,111
04/25/2013,GPT,MS,ASO,CE,Combined TRACON& Tower with Radar,16,29,20,107,172,0,0,13,10,23,16,29,33,117,195,4,0,4,199
04/26/2013,GPT,MS,ASO,CE,Combined TRACON& Tower with Radar,17,27,27,50,121,0,0,14,9,23,17,27,41,59,144,44,4,48,192
04/27/2013,GPT,MS,ASO,CE,Combined TRACON& Tower with Radar,11,23,21,4,59,0,1,6,1,8,11,24,27,5,67,36,0,36,103
04/28/2013,GPT,MS,ASO,CE,Combined TRACON& Tower with Radar,12,24,26,7,69,0,0,2,1,3,12,24,28,8,72,0,0,0,72
04/29/2013,GPT,MS,ASO,CE,Combined TRACON& Tower with Radar,17,28,16,90,151,0,1,20,16,37,17,29,36,106,188,30,20,50,238
04/30/2013,GPT,MS,ASO,CE,Combined TRACON& Tower with Radar,16,37,6,33,92,0,0,5,3,8,16,37,11,36,100,0,6,6,106
05/01/2013,GPT,MS,ASO,CE,Combined TRACON& Tower with Radar,18,25,12,2,57,0,0,2,2,4,18,25,14,4,61,0,0,0,61
05/02/2013,GPT,MS,ASO,CE,Combined TRACON& Tower with Radar,17,25,27,25,94,0,0,1,2,3,17,25,28,27,97,0,0,0,97
05/03/2013,GPT,MS,ASO,CE,Combined TRACON& Tower with Radar,19,25,27,133,204,0,0,7,3,10,19,25,34,136,214,2,0,2,216
05/04/2013,GPT,MS,ASO,CE,Combined TRACON& Tower with Radar,12,23,2,29,66,0,0,17,14,31,12,23,19,43,97,0,28,28,125
05/05/2013,GPT,MS,ASO,CE,Combined TRACON& Tower with Radar,11,21,24,32,88,0,6,15,12,33,11,27,39,44,121,34,10,44,165
05/06/2013,GPT,MS,ASO,CE,Combined TRACON& Tower with Radar,17,27,8,143,195,0,1,26,18,45,17,28,34,161,240,0,40,40,280
05/07/2013,GPT,MS,ASO,CE,Combined TRACON& Tower with Radar,17,27,18,69,131,0,1,16,12,29,17,28,34,81,160,12,44,56,216
05/08/2013,GPT,MS,ASO,CE,Combined TRACON& Tower with Radar,20,26,23,66,135,0,2,23,5,30,20,28,46,71,165,6,48,54,219
05/09/2013,GPT,MS,ASO,CE,Combined TRACON& Tower with Radar,15,26,17,73,131,0,0,13,7,20,15,26,30,80,151,16,8,24,175
05/10/2013,GPT,MS,ASO,CE,Combined TRACON& Tower with Radar,18,20,12,10,60,0,0,3,0,3,18,20,15,10,63,0,0,0,63
05/11/2013,GPT,MS,ASO,CE,Combined TRACON& Tower with Radar,15,18,10,3,46,0,4,1,0,5,15,22,11,3,51,50,0,50,101
05/12/2013,GPT,MS,ASO,CE,Combined TRACON& Tower with Radar,14,24,14,9,61,0,2,20,3,25,14,26,34,12,86,46,0,46,132
05/13/2013,GPT,MS,ASO,CE,Combined TRACON& Tower with Radar,17,27,15,36,95,0,0,19,6,25,17,27,34,42,120,30,0,30,150
05/14/2013,GPT,MS,ASO,CE,Combined TRACON& Tower with Radar,16,28,14,34,92,0,1,14,13,28,16,29,28,47,120,0,0,0,120
05/15/2013,GPT,MS,ASO,CE,Combined TRACON& Tower with Radar,15,26,22,87,150,0,4,30,10,44,15,30,52,97,194,44,26,70,264
05/16/2013,GPT,MS,ASO,CE,Combined TRACON& Tower with Radar,15,28,27,62,132,0,0,11,14,25,15,28,38,76,157,10,12,22,179
05/17/2013,GPT,MS,ASO,CE,Combined TRACON& Tower with Radar,18,31,19,26,94,0,2,8,3,13,18,33,27,29,107,10,0,10,117
05/18/2013,GPT,MS,ASO,CE,Combined TRACON& Tower with Radar,13,18,8,34,73,0,5,10,8,23,13,23,18,42,96,66,14,80,176
05/19/2013,GPT,MS,ASO,CE,Combined TRACON& Tower with Radar,16,21,12,10,59,0,0,5,3,8,16,21,17,13,67,0,0,0,67
05/20/2013,GPT,MS,ASO,CE,Combined TRACON& Tower with Radar,17,24,19,87,147,0,3,8,5,16,17,27,27,92,163,30,22,52,215
05/21/2013,GPT,MS,ASO,CE,Combined TRACON& Tower with Radar,15,26,20,73,134,0,2,7,5,14,15,28,27,78,148,27,22,49,197
05/22/2013,GPT,MS,ASO,CE,Combined TRACON& Tower with Radar,19,23,15,18,75,0,0,4,3,7,19,23,19,21,82,56,0,56,138
05/23/2013,GPT,MS,ASO,CE,Combined TRACON& Tower with Radar,17,29,21,97,164,0,2,5,5,12,17,31,26,102,176,0,26,26,202
05/24/2013,GPT,MS,ASO,CE,Combined TRACON& Tower with Radar,19,23,16,16,74,0,2,15,0,17,19,25,31,16,91,0,0,0,91
05/25/2013,GPT,MS,ASO,CE,Combined TRACON& Tower with Radar,11,21,15,3,50,0,9,23,4,36,11,30,38,7,86,0,0,0,86
05/26/2013,GPT,MS,ASO,CE,Combined TRACON& Tower with Radar,11,19,6,0,36,0,0,2,0,2,11,19,8,0,38,0,0,0,38
05/27/2013,GPT,MS,ASO,CE,Combined TRACON& Tower with Radar,19,21,10,0,50,0,2,14,0,16,19,23,24,0,66,10,0,10,76
05/28/2013,GPT,MS,ASO,CE,Combined TRACON& Tower with Radar,17,28,7,51,103,0,4,13,3,20,17,32,20,54,123,0,0,0,123
05/29/2013,GPT,MS,ASO,CE,Combined TRACON& Tower with Radar,16,22,12,38,88,0,0,4,9,13,16,22,16,47,101,0,0,0,101
05/30/2013,GPT,MS,ASO,CE,Combined TRACON& Tower with Radar,14,28,19,42,103,0,2,3,2,7,14,30,22,44,110,8,14,22,132
05/31/2013,GPT,MS,ASO,CE,Combined TRACON& Tower with Radar,22,30,15,68,135,0,1,5,6,12,22,31,20,74,147,0,2,2,149
06/01/2013,GPT,MS,ASO,CE,Combined TRACON& Tower with Radar,17,20,8,19,64,0,1,7,3,11,17,21,15,22,75,36,50,86,161
06/02/2013,GPT,MS,ASO,CE,Combined TRACON& Tower with Radar,19,17,12,35,83,0,1,5,0,6,19,18,17,35,89,60,2,62,151
06/03/2013,GPT,MS,ASO,CE,Combined TRACON& Tower with Radar,18,23,16,64,121,0,4,5,13,22,18,27,21,77,143,2,22,24,167
06/04/2013,GPT,MS,ASO,CE,Combined TRACON& Tower with Radar,15,22,21,51,109,0,1,20,16,37,15,23,41,67,146,44,18,62,208
06/05/2013,GPT,MS,ASO,CE,Combined TRACON& Tower with Radar,15,22,18,95,150,0,1,7,8,16,15,23,25,103,166,24,12,36,202
06/06/2013,GPT,MS,ASO,CE,Combined TRACON& Tower with Radar,18,30,22,57,127,0,2,6,10,18,18,32,28,67,145,2,2,4,149
06/07/2013,GPT,MS,ASO,CE,Combined TRACON& Tower with Radar,16,31,40,45,132,0,0,7,17,24,16,31,47,62,156,16,2,18,174
06/08/2013,GPT,MS,ASO,CE,Combined TRACON& Tower with Radar,11,22,12,12,57,0,1,12,1,14,11,23,24,13,71,40,0,40,111
06/09/2013,GPT,MS,ASO,CE,Combined TRACON& Tower with Radar,19,23,21,4,67,0,0,1,0,1,19,23,22,4,68,0,0,0,68
06/10/2013,GPT,MS,ASO,CE,Combined TRACON& Tower with Radar,13,34,11,24,82,0,0,3,6,9,13,34,14,30,91,0,0,0,91
06/11/2013,GPT,MS,ASO,CE,Combined TRACON& Tower with Radar,14,30,13,106,163,0,2,14,7,23,14,32,27,113,186,64,128,192,378
06/12/2013,GPT,MS,ASO,CE,Combined TRACON& Tower with Radar,16,26,12,112,166,0,5,7,9,21,16,31,19,121,187,22,52,74,261
06/13/2013,GPT,MS,ASO,CE,Combined TRACON& Tower with Radar,11,28,14,68,121,0,1,20,11,32,11,29,34,79,153,30,8,38,191
06/14/2013,GPT,MS,ASO,CE,Combined TRACON& Tower with Radar,18,31,12,74,135,0,2,12,17,31,18,33,24,91,166,10,14,24,190
06/15/2013,GPT,MS,ASO,CE,Combined TRACON& Tower with Radar,6,24,9,29,68,0,5,20,7,32,6,29,29,36,100,4,26,30,130
06/16/2013,GPT,MS,ASO,CE,Combined TRACON& Tower with Radar,12,27,14,40,93,0,3,14,5,22,12,30,28,45,115,0,0,0,115
06/17/2013,GPT,MS,ASO,CE,Combined TRACON& Tower with Radar,15,27,20,31,93,0,0,9,5,14,15,27,29,36,107,0,4,4,111
06/18/2013,GPT,MS,ASO,CE,Combined TRACON& Tower with Radar,11,25,20,99,155,0,1,11,6,18,11,26,31,105,173,36,12,48,221
06/19/2013,GPT,MS,ASO,CE,Combined TRACON& Tower with Radar,15,26,13,100,154,0,1,9,7,17,15,27,22,107,171,26,54,80,251
06/20/2013,GPT,MS,ASO,CE,Combined TRACON& Tower with Radar,11,32,23,51,117,0,0,7,13,20,11,32,30,64,137,2,6,8,145
06/21/2013,GPT,MS,ASO,CE,Combined TRACON& Tower with Radar,14,31,21,60,126,0,0,10,10,20,14,31,31,70,146,6,4,10,156
06/22/2013,GPT,MS,ASO,CE,Combined TRACON& Tower with Radar,9,24,10,10,53,0,2,14,2,18,9,26,24,12,71,84,0,84,155
06/23/2013,GPT,MS,ASO,CE,Combined TRACON& Tower with Radar,11,23,14,14,62,0,2,9,0,11,11,25,23,14,73,26,0,26,99
06/24/2013,GPT,MS,ASO,CE,Combined TRACON& Tower with Radar,14,27,13,61,115,0,0,2,3,5,14,27,15,64,120,0,0,0,120
06/25/2013,GPT,MS,ASO,CE,Combined TRACON& Tower with Radar,12,27,19,111,169,0,1,14,10,25,12,28,33,121,194,42,0,42,236
06/26/2013,GPT,MS,ASO,CE,Combined TRACON& Tower with Radar,12,28,28,90,158,0,3,7,8,18,12,31,35,98,176,28,18,46,222
06/27/2013,GPT,MS,ASO,CE,Combined TRACON& Tower with Radar,12,31,15,72,130,0,0,10,11,21,12,31,25,83,151,6,8,14,165
06/28/2013,GPT,MS,ASO,CE,Combined TRACON& Tower with Radar,13,26,15,58,112,0,1,12,9,22,13,27,27,67,134,24,36,60,194
06/29/2013,GPT,MS,ASO,CE,Combined TRACON& Tower with Radar,7,29,8,2,46,0,2,9,1,12,7,31,17,3,58,0,0,0,58
06/30/2013,GPT,MS,ASO,CE,Combined TRACON& Tower with Radar,12,21,19,26,78,0,8,18,6,32,12,29,37,32,110,60,0,60,170
07/01/2013,GPT,MS,ASO,CE,Combined TRACON& Tower with Radar,11,30,19,126,186,0,0,15,5,20,11,30,34,131,206,28,36,64,270
07/02/2013,GPT,MS,ASO,CE,Combined TRACON& Tower with Radar,11,35,13,87,146,0,1,3,10,14,11,36,16,97,160,22,8,30,190
07/03/2013,GPT,MS,ASO,CE,Combined TRACON& Tower with Radar,13,28,6,26,73,0,0,5,0,5,13,28,11,26,78,18,0,18,96
07/04/2013,GPT,MS,ASO,CE,Combined TRACON& Tower with Radar,9,17,4,0,30,0,0,2,0,2,9,17,6,0,32,4,0,4,36
07/05/2013,GPT,MS,ASO,CE,Combined TRACON& Tower with Radar,11,25,5,0,41,0,0,1,0,1,11,25,6,0,42,0,0,0,42
07/06/2013,GPT,MS,ASO,CE,Combined TRACON& Tower with Radar,7,23,8,0,38,0,0,1,0,1,7,23,9,0,39,0,0,0,39
07/07/2013,GPT,MS,ASO,CE,Combined TRACON& Tower with Radar,7,16,17,1,41,0,0,0,0,0,7,16,17,1,41,10,0,10,51
07/08/2013,GPT,MS,ASO,CE,Combined TRACON& Tower with Radar,16,25,11,52,104,0,0,5,13,18,16,25,16,65,122,0,8,8,130
07/09/2013,GPT,MS,ASO,CE,Combined TRACON& Tower with Radar,11,28,24,58,121,0,0,8,10,18,11,28,32,68,139,34,22,56,195
07/10/2013,GPT,MS,ASO,CE,Combined TRACON& Tower with Radar,12,28,15,52,107,0,1,11,6,18,12,29,26,58,125,30,14,44,169
07/11/2013,GPT,MS,ASO,CE,Combined TRACON& Tower with Radar,12,27,10,15,64,0,0,6,4,10,12,27,16,19,74,10,14,24,98
07/12/2013,GPT,MS,ASO,CE,Combined TRACON& Tower with Radar,17,31,19,60,127,0,0,21,8,29,17,31,40,68,156,12,8,20,176
07/13/2013,GPT,MS,ASO,CE,Combined TRACON& Tower with Radar,11,22,6,17,56,0,2,21,7,30,11,24,27,24,86,0,0,0,86
07/14/2013,GPT,MS,ASO,CE,Combined TRACON& Tower with Radar,9,27,17,23,76,0,9,9,8,26,9,36,26,31,102,22,0,22,124
07/15/2013,GPT,MS,ASO,CE,Combined TRACON& Tower with Radar,16,27,11,42,96,0,0,8,14,22,16,27,19,56,118,10,0,10,128
07/16/2013,GPT,MS,ASO,CE,Combined TRACON& Tower with Radar,12,28,20,33,93,0,3,3,5,11,12,31,23,38,104,0,18,18,122
07/17/2013,GPT,MS,ASO,CE,Combined TRACON& Tower with Radar,12,26,22,49,109,0,3,17,18,38,12,29,39,67,147,40,0,40,187
07/18/2013,GPT,MS,ASO,CE,Combined TRACON& Tower with Radar,14,29,23,66,132,0,2,13,21,36,14,31,36,87,168,18,38,56,224
07/19/2013,GPT,MS,ASO,CE,Combined TRACON& Tower with Radar,16,31,25,24,96,0,2,11,10,23,16,33,36,34,119,8,0,8,127
07/20/2013,GPT,MS,ASO,CE,Combined TRACON& Tower with Radar,12,20,5,10,47,0,1,11,7,19,12,21,16,17,66,4,2,6,72
07/21/2013,GPT,MS,ASO,CE,Combined TRACON& Tower with Radar,9,27,17,23,76,0,9,9,8,26,9,36,26,31,102,42,0,42,144
07/22/2013,GPT,MS,ASO,CE,Combined TRACON& Tower with Radar,16,26,10,30,82,0,0,2,12,14,16,26,12,42,96,0,0,0,96
07/23/2013,GPT,MS,ASO,CE,Combined TRACON& Tower with Radar,14,22,25,55,116,0,0,20,20,40,14,22,45,75,156,4,6,10,166
07/24/2013,GPT,MS,ASO,CE,Combined TRACON& Tower with Radar,12,25,16,116,169,0,2,14,17,33,12,27,30,133,202,24,34,58,260
07/25/2013,GPT,MS,ASO,CE,Combined TRACON& Tower with Radar,12,31,14,45,102,0,2,12,22,36,12,33,26,67,138,30,6,36,174
07/26/2013,GPT,MS,ASO,CE,Combined TRACON& Tower with Radar,13,28,43,67,151,0,2,22,19,43,13,30,65,86,194,68,26,94,288
07/27/2013,GPT,MS,ASO,CE,Combined TRACON& Tower with Radar,9,21,3,15,48,0,2,0,4,6,9,23,3,19,54,16,4,20,74
07/28/2013,GPT,MS,ASO,CE,Combined TRACON& Tower with Radar,10,26,25,29,90,0,2,14,3,19,10,28,39,32,109,0,0,0,109
07/29/2013,GPT,MS,ASO,CE,Combined TRACON& Tower with Radar,18,29,6,96,149,0,0,12,14,26,18,29,18,110,175,0,40,40,215
07/30/2013,GPT,MS,ASO,CE,Combined TRACON& Tower with Radar,12,26,21,95,154,0,0,13,16,29,12,26,34,111,183,24,14,38,221
07/31/2013,GPT,MS,ASO,CE,Combined TRACON& Tower with Radar,10,38,18,106,172,0,1,19,6,26,10,39,37,112,198,4,14,18,216
08/01/2013,GPT,MS,ASO,CE,Combined TRACON& Tower with Radar,14,26,23,9,72,0,0,6,9,15,14,26,29,18,87,0,14,14,101
08/02/2013,GPT,MS,ASO,CE,Combined TRACON& Tower with Radar,16,27,33,78,154,0,0,31,13,44,16,27,64,91,198,10,44,54,252
08/03/2013,GPT,MS,ASO,CE,Combined TRACON& Tower with Radar,10,19,17,17,63,0,2,12,4,18,10,21,29,21,81,36,0,36,117
08/04/2013,GPT,MS,ASO,CE,Combined TRACON& Tower with Radar,14,23,15,27,79,0,4,14,4,22,14,27,29,31,101,0,0,0,101
08/05/2013,GPT,MS,ASO,CE,Combined TRACON& Tower with Radar,22,26,15,56,119,0,0,14,3,17,22,26,29,59,136,12,0,12,148
08/06/2013,GPT,MS,ASO,CE,Combined TRACON& Tower with Radar,14,24,19,63,120,0,1,15,17,33,14,25,34,80,153,10,20,30,183
08/07/2013,GPT,MS,ASO,CE,Combined TRACON& Tower with Radar,12,26,20,78,136,0,1,2,10,13,12,27,22,88,149,10,28,38,187
08/08/2013,GPT,MS,ASO,CE,Combined TRACON& Tower with Radar,10,30,14,76,130,0,1,5,9,15,10,31,19,85,145,0,10,10,155
08/09/2013,GPT,MS,ASO,CE,Combined TRACON& Tower with Radar,14,23,18,15,70,0,5,10,1,16,14,28,28,16,86,18,0,18,104
08/10/2013,GPT,MS,ASO,CE,Combined TRACON& Tower with Radar,10,20,10,0,40,0,2,14,0,16,10,22,24,0,56,0,0,0,56
08/11/2013,GPT,MS,ASO,CE,Combined TRACON& Tower with Radar,13,24,17,2,56,0,5,8,0,13,13,29,25,2,69,0,0,0,69
08/12/2013,GPT,MS,ASO,CE,Combined TRACON& Tower with Radar,18,25,12,33,88,0,0,1,2,3,18,25,13,35,91,0,2,2,93
08/13/2013,GPT,MS,ASO,CE,Combined TRACON& Tower with Radar,14,24,15,43,96,0,0,2,4,6,14,24,17,47,102,12,0,12,114
08/14/2013,GPT,MS,ASO,CE,Combined TRACON& Tower with Radar,16,22,17,32,87,0,0,7,3,10,16,22,24,35,97,0,2,2,99
08/15/2013,GPT,MS,ASO,CE,Combined TRACON& Tower with Radar,14,24,25,144,207,0,6,9,9,24,14,30,34,153,231,6,86,92,323
08/16/2013,GPT,MS,ASO,CE,Combined TRACON& Tower with Radar,17,24,18,99,158,0,0,4,4,8,17,24,22,103,166,6,24,30,196
08/17/2013,GPT,MS,ASO,CE,Combined TRACON& Tower with Radar,13,15,8,1,37,0,0,2,4,6,13,15,10,5,43,0,0,0,43
08/18/2013,GPT,MS,ASO,CE,Combined TRACON& Tower with Radar,10,23,12,4,49,0,4,1,2,7,10,27,13,6,56,0,0,0,56
08/19/2013,GPT,MS,ASO,CE,Combined TRACON& Tower with Radar,14,25,26,98,163,0,0,14,10,24,14,25,40,108,187,0,56,56,243
08/20/2013,GPT,MS,ASO,CE,Combined TRACON& Tower with Radar,18,19,11,33,81,0,2,11,9,22,18,21,22,42,103,12,38,50,153
08/21/2013,GPT,MS,ASO,CE,Combined TRACON& Tower with Radar,12,22,18,36,88,0,0,8,5,13,12,22,26,41,101,0,18,18,119
08/22/2013,GPT,MS,ASO,CE,Combined TRACON& Tower with Radar,16,22,16,82,136,0,2,8,6,16,16,24,24,88,152,0,0,0,152
08/23/2013,GPT,MS,ASO,CE,Combined TRACON& Tower with Radar,17,22,25,41,105,0,0,6,0,6,17,22,31,41,111,4,0,4,115
08/24/2013,GPT,MS,ASO,CE,Combined TRACON& Tower with Radar,9,23,5,1,38,0,2,1,0,3,9,25,6,1,41,0,0,0,41
08/25/2013,GPT,MS,ASO,CE,Combined TRACON& Tower with Radar,13,22,13,3,51,0,1,8,0,9,13,23,21,3,60,0,0,0,60
08/26/2013,GPT,MS,ASO,CE,Combined TRACON& Tower with Radar,14,23,9,55,101,0,5,10,4,19,14,28,19,59,120,17,24,41,161
08/27/2013,GPT,MS,ASO,CE,Combined TRACON& Tower with Radar,15,30,13,117,175,0,3,19,9,31,15,33,32,126,206,14,12,26,232
08/28/2013,GPT,MS,ASO,CE,Combined TRACON& Tower with Radar,13,24,27,71,135,0,8,17,5,30,13,32,44,76,165,2,18,20,185
08/29/2013,GPT,MS,ASO,CE,Combined TRACON& Tower with Radar,15,27,29,73,144,0,0,19,5,24,15,27,48,78,168,2,6,8,176
08/30/2013,GPT,MS,ASO,CE,Combined TRACON& Tower with Radar,16,25,10,28,79,0,2,15,2,19,16,27,25,30,98,24,0,24,122
08/31/2013,GPT,MS,ASO,CE,Combined TRACON& Tower with Radar,10,20,7,0,37,0,3,18,0,21,10,23,25,0,58,0,0,0,58
09/01/2013,GPT,MS,ASO,CE,Combined TRACON& Tower with Radar,10,22,12,0,44,0,4,9,0,13,10,26,21,0,57,0,0,0,57
09/02/2013,GPT,MS,ASO,CE,Combined TRACON& Tower with Radar,16,25,15,0,56,0,1,23,0,24,16,26,38,0,80,0,0,0,80
09/03/2013,GPT,MS,ASO,CE,Combined TRACON& Tower with Radar,15,26,21,22,84,0,2,6,3,11,15,28,27,25,95,2,8,10,105
09/04/2013,GPT,MS,ASO,CE,Combined TRACON& Tower with Radar,16,26,26,70,138,0,1,14,8,23,16,27,40,78,161,0,0,0,161
09/05/2013,GPT,MS,ASO,CE,Combined TRACON& Tower with Radar,15,23,18,81,137,0,0,13,4,17,15,23,31,85,154,10,72,82,236
09/06/2013,GPT,MS,ASO,CE,Combined TRACON& Tower with Radar,23,27,27,52,129,0,4,8,23,35,23,31,35,75,164,12,4,16,180
09/07/2013,GPT,MS,ASO,CE,Combined TRACON& Tower with Radar,9,25,10,7,51,0,4,18,0,22,9,29,28,7,73,0,0,0,73
09/08/2013,GPT,MS,ASO,CE,Combined TRACON& Tower with Radar,15,30,15,22,82,0,4,14,0,18,15,34,29,22,100,0,0,0,100
09/09/2013,GPT,MS,ASO,CE,Combined TRACON& Tower with Radar,16,33,7,94,150,0,0,13,5,18,16,33,20,99,168,24,8,32,200
09/10/2013,GPT,MS,ASO,CE,Combined TRACON& Tower with Radar,12,27,17,78,134,0,2,9,3,14,12,29,26,81,148,0,28,28,176
09/11/2013,GPT,MS,ASO,CE,Combined TRACON& Tower with Radar,14,27,21,83,145,0,4,22,9,35,14,31,43,92,180,16,6,22,202
09/12/2013,GPT,MS,ASO,CE,Combined TRACON& Tower with Radar,16,27,17,83,143,0,1,5,8,14,16,28,22,91,157,0,20,20,177
09/13/2013,GPT,MS,ASO,CE,Combined TRACON& Tower with Radar,19,29,19,80,147,0,0,9,9,18,19,29,28,89,165,0,0,0,165
09/14/2013,GPT,MS,ASO,CE,Combined TRACON& Tower with Radar,9,22,11,15,57,0,0,13,4,17,9,22,24,19,74,0,0,0,74
09/15/2013,GPT,MS,ASO,CE,Combined TRACON& Tower with Radar,13,25,18,31,87,0,6,10,9,25,13,31,28,40,112,0,0,0,112
09/16/2013,GPT,MS,ASO,CE,Combined TRACON& Tower with Radar,16,24,18,85,143,0,2,5,11,18,16,26,23,96,161,31,10,41,202
09/17/2013,GPT,MS,ASO,CE,Combined TRACON& Tower with Radar,14,24,24,59,121,0,5,10,9,24,14,29,34,68,145,24,26,50,195
09/18/2013,GPT,MS,ASO,CE,Combined TRACON& Tower with Radar,18,25,18,59,120,0,1,9,3,13,18,26,27,62,133,0,12,12,145
09/19/2013,GPT,MS,ASO,CE,Combined TRACON& Tower with Radar,16,29,12,35,92,0,0,3,1,4,16,29,15,36,96,0,0,0,96
09/20/2013,GPT,MS,ASO,CE,Combined TRACON& Tower with Radar,14,27,15,43,99,0,1,8,0,9,14,28,23,43,108,8,0,8,116
09/21/2013,GPT,MS,ASO,CE,Combined TRACON& Tower with Radar,9,26,3,0,38,0,0,0,0,0,9,26,3,0,38,0,0,0,38
09/22/2013,GPT,MS,ASO,CE,Combined TRACON& Tower with Radar,15,25,15,46,101,0,3,5,0,8,15,28,20,46,109,8,12,20,129
09/23/2013,GPT,MS,ASO,CE,Combined TRACON& Tower with Radar,23,23,14,59,119,0,1,8,4,13,23,24,22,63,132,8,0,8,140
09/24/2013,GPT,MS,ASO,CE,Combined TRACON& Tower with Radar,14,24,9,50,97,0,0,3,3,6,14,24,12,53,103,0,28,28,131
09/25/2013,GPT,MS,ASO,CE,Combined TRACON& Tower with Radar,17,24,16,95,152,0,0,8,8,16,17,24,24,103,168,36,12,48,216
09/26/2013,GPT,MS,ASO,CE,Combined TRACON& Tower with Radar,16,28,24,76,144,0,3,17,14,34,16,31,41,90,178,20,2,22,200
09/27/2013,GPT,MS,ASO,CE,Combined TRACON& Tower with Radar,18,28,18,71,135,0,0,15,9,24,18,28,33,80,159,24,0,24,183
09/28/2013,GPT,MS,ASO,CE,Combined TRACON& Tower with Radar,9,19,10,8,46,0,1,25,6,32,9,20,35,14,78,0,0,0,78
09/29/2013,GPT,MS,ASO,CE,Combined TRACON& Tower with Radar,13,33,13,34,93,0,0,13,0,13,13,33,26,34,106,0,0,0,106
09/30/2013,GPT,MS,ASO,CE,Combined TRACON& Tower with Radar,17,26,13,43,99,0,1,3,5,9,17,27,16,48,108,18,6,24,132
10/01/2013,GPT,MS,ASO,CE,Combined TRACON& Tower with Radar,22,25,17,9,73,0,0,6,2,8,22,25,23,11,81,12,0,12,93
10/02/2013,GPT,MS,ASO,CE,Combined TRACON& Tower with Radar,17,23,9,20,69,0,0,10,0,10,17,23,19,20,79,8,0,8,87
10/03/2013,GPT,MS,ASO,CE,Combined TRACON& Tower with Radar,16,23,26,28,93,0,0,16,3,19,16,23,42,31,112,8,18,26,138
10/04/2013,GPT,MS,ASO,CE,Combined TRACON& Tower with Radar,22,31,9,0,62,0,0,9,0,9,22,31,18,0,71,0,0,0,71
10/05/2013,GPT,MS,ASO,CE,Combined TRACON& Tower with Radar,9,24,7,0,40,0,0,1,0,1,9,24,8,0,41,0,0,0,41
10/06/2013,GPT,MS,ASO,CE,Combined TRACON& Tower with Radar,16,23,2,0,41,0,0,0,0,0,16,23,2,0,41,0,0,0,41
10/07/2013,GPT,MS,ASO,CE,Combined TRACON& Tower with Radar,20,27,18,36,101,0,1,8,1,10,20,28,26,37,111,1,28,29,140
10/08/2013,GPT,MS,ASO,CE,Combined TRACON& Tower with Radar,16,28,8,28,80,0,0,16,3,19,16,28,24,31,99,2,2,4,103
10/09/2013,GPT,MS,ASO,CE,Combined TRACON& Tower with Radar,16,24,16,50,106,0,1,16,1,18,16,25,32,51,124,26,10,36,160
10/10/2013,GPT,MS,ASO,CE,Combined TRACON& Tower with Radar,15,30,28,32,105,0,0,9,1,10,15,30,37,33,115,0,2,2,117
10/11/2013,GPT,MS,ASO,CE,Combined TRACON& Tower with Radar,16,34,33,48,131,0,2,21,0,23,16,36,54,48,154,10,0,10,164
10/12/2013,GPT,MS,ASO,CE,Combined TRACON& Tower with Radar,12,23,14,2,51,0,6,18,0,24,12,29,32,2,75,0,0,0,75
10/13/2013,GPT,MS,ASO,CE,Combined TRACON& Tower with Radar,17,31,14,0,62,0,0,16,0,16,17,31,30,0,78,0,0,0,78
10/14/2013,GPT,MS,ASO,CE,Combined TRACON& Tower with Radar,19,27,9,0,55,0,0,8,0,8,19,27,17,0,63,2,0,2,65
10/15/2013,GPT,MS,ASO,CE,Combined TRACON& Tower with Radar,16,24,28,11,79,0,0,8,2,10,16,24,36,13,89,0,24,24,113
10/16/2013,GPT,MS,ASO,CE,Combined TRACON& Tower with Radar,15,26,24,75,140,0,0,14,4,18,15,26,38,79,158,28,24,52,210
10/17/2013,GPT,MS,ASO,CE,Combined TRACON& Tower with Radar,15,27,25,85,152,0,3,13,0,16,15,30,38,85,168,16,12,28,196
10/18/2013,GPT,MS,ASO,CE,Combined TRACON& Tower with Radar,21,29,24,64,138,0,0,9,4,13,21,29,33,68,151,28,4,32,183
10/19/2013,GPT,MS,ASO,CE,Combined TRACON& Tower with Radar,10,24,5,30,69,0,2,6,1,9,10,26,11,31,78,0,0,0,78
10/20/2013,GPT,MS,ASO,CE,Combined TRACON& Tower with Radar,15,27,16,36,94,0,0,6,9,15,15,27,22,45,109,18,0,18,127
10/21/2013,GPT,MS,ASO,CE,Combined TRACON& Tower with Radar,17,27,11,53,108,0,2,12,0,14,17,29,23,53,122,18,14,32,154
10/22/2013,GPT,MS,ASO,CE,Combined TRACON& Tower with Radar,16,25,18,102,161,0,2,7,6,15,16,27,25,108,176,2,16,18,194
10/23/2013,GPT,MS,ASO,CE,Combined TRACON& Tower with Radar,17,29,13,63,122,0,0,9,9,18,17,29,22,72,140,2,10,12,152
10/24/2013,GPT,MS,ASO,CE,Combined TRACON& Tower with Radar,16,28,17,53,114,0,0,13,15,28,16,28,30,68,142,28,20,48,190
10/25/2013,GPT,MS,ASO,CE,Combined TRACON& Tower with Radar,18,27,19,62,126,0,4,12,5,21,18,31,31,67,147,46,42,88,235
10/26/2013,GPT,MS,ASO,CE,Combined TRACON& Tower with Radar,12,25,6,2,45,0,4,19,2,25,12,29,25,4,70,0,0,0,70
10/27/2013,GPT,MS,ASO,CE,Combined TRACON& Tower with Radar,19,23,17,35,94,0,3,14,2,19,19,26,31,37,113,0,0,0,113
10/28/2013,GPT,MS,ASO,CE,Combined TRACON& Tower with Radar,18,25,14,75,132,0,4,15,7,26,18,29,29,82,158,10,4,14,172
10/29/2013,GPT,MS,ASO,CE,Combined TRACON& Tower with Radar,18,27,11,53,109,0,2,13,0,15,18,29,24,53,124,0,18,18,142
10/30/2013,GPT,MS,ASO,CE,Combined TRACON& Tower with Radar,16,27,21,67,131,0,2,10,8,20,16,29,31,75,151,71,0,71,222
10/31/2013,GPT,MS,ASO,CE,Combined TRACON& Tower with Radar,14,27,16,41,98,0,0,2,12,14,14,27,18,53,112,8,4,12,124
11/01/2013,GPT,MS,ASO,CE,Combined TRACON& Tower with Radar,16,28,22,133,199,0,1,9,8,18,16,29,31,141,217,24,86,110,327
11/02/2013,GPT,MS,ASO,CE,Combined TRACON& Tower with Radar,11,22,6,50,89,0,5,10,19,34,11,27,16,69,123,50,6,56,179
11/03/2013,GPT,MS,ASO,CE,Combined TRACON& Tower with Radar,16,31,9,31,87,0,3,17,6,26,16,34,26,37,113,48,6,54,167
11/04/2013,GPT,MS,ASO,CE,Combined TRACON& Tower with Radar,16,26,21,43,106,0,0,7,4,11,16,26,28,47,117,24,6,30,147
11/05/2013,GPT,MS,ASO,CE,Combined TRACON& Tower with Radar,20,25,18,103,166,0,0,10,16,26,20,25,28,119,192,24,56,80,272
11/06/2013,GPT,MS,ASO,CE,Combined TRACON& Tower with Radar,17,24,13,118,172,0,0,5,11,16,17,24,18,129,188,18,14,32,220
11/07/2013,GPT,MS,ASO,CE,Combined TRACON& Tower with Radar,17,24,19,91,151,0,0,6,6,12,17,24,25,97,163,18,30,48,211
11/08/2013,GPT,MS,ASO,CE,Combined TRACON& Tower with Radar,23,31,19,61,134,0,0,16,0,16,23,31,35,61,150,50,0,50,200
11/09/2013,GPT,MS,ASO,CE,Combined TRACON& Tower with Radar,10,26,10,0,46,0,7,25,0,32,10,33,35,0,78,4,0,4,82
11/10/2013,GPT,MS,ASO,CE,Combined TRACON& Tower with Radar,17,27,8,8,60,0,2,17,0,19,17,29,25,8,79,0,0,0,79
11/11/2013,GPT,MS,ASO,CE,Combined TRACON& Tower with Radar,22,26,10,4,62,0,0,15,0,15,22,26,25,4,77,94,0,94,171
11/12/2013,GPT,MS,ASO,CE,Combined TRACON& Tower with Radar,17,26,7,87,137,0,2,12,7,21,17,28,19,94,158,0,30,30,188
11/13/2013,GPT,MS,ASO,CE,Combined TRACON& Tower with Radar,16,24,14,58,112,0,0,9,12,21,16,24,23,70,133,0,20,20,153
11/14/2013,GPT,MS,ASO,CE,Combined TRACON& Tower with Radar,22,24,27,47,120,0,2,14,10,26,22,26,41,57,146,10,8,18,164
11/15/2013,GPT,MS,ASO,CE,Combined TRACON& Tower with Radar,18,28,25,88,159,0,0,2,0,2,18,28,27,88,161,0,0,0,161
11/16/2013,GPT,MS,ASO,CE,Combined TRACON& Tower with Radar,14,22,10,13,59,0,0,0,0,0,14,22,10,13,59,0,0,0,59
11/17/2013,GPT,MS,ASO,CE,Combined TRACON& Tower with Radar,17,30,24,13,84,0,0,0,0,0,17,30,24,13,84,0,0,0,84
11/18/2013,GPT,MS,ASO,CE,Combined TRACON& Tower with Radar,17,22,15,85,139,0,2,11,8,21,17,24,26,93,160,18,12,30,190
11/19/2013,GPT,MS,ASO,CE,Combined TRACON& Tower with Radar,17,26,27,60,130,0,2,14,6,22,17,28,41,66,152,18,2,20,172
11/20/2013,GPT,MS,ASO,CE,Combined TRACON& Tower with Radar,17,24,27,91,159,0,2,16,18,36,17,26,43,109,195,20,34,54,249
11/21/2013,GPT,MS,ASO,CE,Combined TRACON& Tower with Radar,16,27,16,48,107,0,0,9,5,14,16,27,25,53,121,8,0,8,129
11/22/2013,GPT,MS,ASO,CE,Combined TRACON& Tower with Radar,20,21,19,54,114,0,0,2,2,4,20,21,21,56,118,0,0,0,118
11/23/2013,GPT,MS,ASO,CE,Combined TRACON& Tower with Radar,10,21,7,4,42,0,0,0,0,0,10,21,7,4,42,0,0,0,42
11/24/2013,GPT,MS,ASO,CE,Combined TRACON& Tower with Radar,16,22,17,7,62,0,0,7,3,10,16,22,24,10,72,0,0,0,72
11/25/2013,GPT,MS,ASO,CE,Combined TRACON& Tower with Radar,18,20,12,22,72,0,2,0,0,2,18,22,12,22,74,10,0,10,84
11/26/2013,GPT,MS,ASO,CE,Combined TRACON& Tower with Radar,18,21,7,20,66,0,0,0,0,0,18,21,7,20,66,0,0,0,66
11/27/2013,GPT,MS,ASO,CE,Combined TRACON& Tower with Radar,16,25,11,2,54,0,0,7,0,7,16,25,18,2,61,0,0,0,61
11/28/2013,GPT,MS,ASO,CE,Combined TRACON& Tower with Radar,8,14,5,0,27,0,0,2,0,2,8,14,7,0,29,0,0,0,29
11/29/2013,GPT,MS,ASO,CE,Combined TRACON& Tower with Radar,17,19,12,0,48,0,1,8,0,9,17,20,20,0,57,12,0,12,69
11/30/2013,GPT,MS,ASO,CE,Combined TRACON& Tower with Radar,8,25,19,0,52,0,0,10,0,10,8,25,29,0,62,14,0,14,76
12/01/2013,GPT,MS,ASO,CE,Combined TRACON& Tower with Radar,18,22,15,0,55,0,0,18,0,18,18,22,33,0,73,0,0,0,73
12/02/2013,GPT,MS,ASO,CE,Combined TRACON& Tower with Radar,18,26,15,38,97,0,0,12,5,17,18,26,27,43,114,0,0,0,114
12/03/2013,GPT,MS,ASO,CE,Combined TRACON& Tower with Radar,17,23,10,75,125,0,1,6,9,16,17,24,16,84,141,0,24,24,165
12/04/2013,GPT,MS,ASO,CE,Combined TRACON& Tower with Radar,15,23,21,39,98,1,1,5,2,9,16,24,26,41,107,0,0,0,107
12/05/2013,GPT,MS,ASO,CE,Combined TRACON& Tower with Radar,12,22,20,19,73,0,0,2,0,2,12,22,22,19,75,0,0,0,75
12/06/2013,GPT,MS,ASO,CE,Combined TRACON& Tower with Radar,15,18,25,13,71,0,0,0,0,0,15,18,25,13,71,0,0,0,71
12/07/2013,GPT,MS,ASO,CE,Combined TRACON& Tower with Radar,7,16,21,11,55,0,0,1,0,1,7,16,22,11,56,0,0,0,56
12/08/2013,GPT,MS,ASO,CE,Combined TRACON& Tower with Radar,11,20,14,1,46,0,0,0,0,0,11,20,14,1,46,0,0,0,46
12/09/2013,GPT,MS,ASO,CE,Combined TRACON& Tower with Radar,14,17,19,96,146,0,0,0,2,2,14,17,19,98,148,0,2,2,150
12/10/2013,GPT,MS,ASO,CE,Combined TRACON& Tower with Radar,12,25,17,81,135,0,2,15,17,34,12,27,32,98,169,0,30,30,199
12/11/2013,GPT,MS,ASO,CE,Combined TRACON& Tower with Radar,16,22,27,86,151,0,1,18,10,29,16,23,45,96,180,30,28,58,238
12/12/2013,GPT,MS,ASO,CE,Combined TRACON& Tower with Radar,14,28,12,85,139,0,0,10,17,27,14,28,22,102,166,41,26,67,233
12/13/2013,GPT,MS,ASO,CE,Combined TRACON& Tower with Radar,14,24,14,44,96,0,0,7,18,25,14,24,21,62,121,2,16,18,139
12/14/2013,GPT,MS,ASO,CE,Combined TRACON& Tower with Radar,16,19,3,7,45,0,0,1,1,2,16,19,4,8,47,0,0,0,47
12/15/2013,GPT,MS,ASO,CE,Combined TRACON& Tower with Radar,13,24,9,23,69,0,9,7,11,27,13,33,16,34,96,0,8,8,104
12/16/2013,GPT,MS,ASO,CE,Combined TRACON& Tower with Radar,16,22,8,66,112,0,0,12,8,20,16,22,20,74,132,0,28,28,160
12/17/2013,GPT,MS,ASO,CE,Combined TRACON& Tower with Radar,13,21,13,76,123,0,3,21,22,46,13,24,34,98,169,4,10,14,183
12/18/2013,GPT,MS,ASO,CE,Combined TRACON& Tower with Radar,11,21,24,56,112,0,0,19,8,27,11,21,43,64,139,18,8,26,165
12/19/2013,GPT,MS,ASO,CE,Combined TRACON& Tower with Radar,11,28,16,35,90,0,0,13,7,20,11,28,29,42,110,26,10,36,146
12/20/2013,GPT,MS,ASO,CE,Combined TRACON& Tower with Radar,15,31,15,68,129,0,0,5,1,6,15,31,20,69,135,0,6,6,141
12/21/2013,GPT,MS,ASO,CE,Combined TRACON& Tower with Radar,4,22,2,3,31,0,0,0,0,0,4,22,2,3,31,0,0,0,31
12/22/2013,GPT,MS,ASO,CE,Combined TRACON& Tower with Radar,10,26,3,4,43,0,0,3,0,3,10,26,6,4,46,0,0,0,46
12/23/2013,GPT,MS,ASO,CE,Combined TRACON& Tower with Radar,8,25,15,25,73,0,0,1,0,1,8,25,16,25,74,0,8,8,82
12/24/2013,GPT,MS,ASO,CE,Combined TRACON& Tower with Radar,6,21,2,0,29,0,0,4,0,4,6,21,6,0,33,0,0,0,33
12/25/2013,GPT,MS,ASO,CE,Combined TRACON& Tower with Radar,5,18,2,0,25,0,0,4,0,4,5,18,6,0,29,0,0,0,29
12/26/2013,GPT,MS,ASO,CE,Combined TRACON& Tower with Radar,10,25,9,16,60,0,1,11,0,12,10,26,20,16,72,0,0,0,72
12/27/2013,GPT,MS,ASO,CE,Combined TRACON& Tower with Radar,12,27,11,15,65,0,1,12,0,13,12,28,23,15,78,0,12,12,90
12/28/2013,GPT,MS,ASO,CE,Combined TRACON& Tower with Radar,5,21,5,0,31,0,0,0,0,0,5,21,5,0,31,0,0,0,31
12/29/2013,GPT,MS,ASO,CE,Combined TRACON& Tower with Radar,16,21,15,0,52,0,0,8,0,8,16,21,23,0,60,0,0,0,60
12/30/2013,GPT,MS,ASO,CE,Combined TRACON& Tower with Radar,16,23,24,13,76,0,1,11,1,13,16,24,35,14,89,0,0,0,89
12/31/2013,GPT,MS,ASO,CE,Combined TRACON& Tower with Radar,10,21,13,2,46,0,0,5,0,5,10,21,18,2,51,0,0,0,51
01/01/2014,GPT,MS,ASO,CE,Combined TRACON& Tower with Radar,7,21,11,0,39,0,0,1,0,1,7,21,12,0,40,0,0,0,40
01/02/2014,GPT,MS,ASO,CE,Combined TRACON& Tower with Radar,14,24,22,22,82,0,0,6,3,9,14,24,28,25,91,0,0,0,91
01/03/2014,GPT,MS,ASO,CE,Combined TRACON& Tower with Radar,17,20,15,11,63,0,2,14,2,18,17,22,29,13,81,8,0,8,89
01/04/2014,GPT,MS,ASO,CE,Combined TRACON& Tower with Radar,4,16,5,12,37,0,0,16,6,22,4,16,21,18,59,0,0,0,59
01/05/2014,GPT,MS,ASO,CE,Combined TRACON& Tower with Radar,14,18,17,16,65,0,0,0,0,0,14,18,17,16,65,0,0,0,65
01/06/2014,GPT,MS,ASO,CE,Combined TRACON& Tower with Radar,17,19,10,23,69,0,1,9,0,10,17,20,19,23,79,0,0,0,79
01/07/2014,GPT,MS,ASO,CE,Combined TRACON& Tower with Radar,16,17,23,68,124,0,0,14,15,29,16,17,37,83,153,8,28,36,189
01/08/2014,GPT,MS,ASO,CE,Combined TRACON& Tower with Radar,13,22,15,57,107,0,0,13,11,24,13,22,28,68,131,13,43,56,187
01/09/2014,GPT,MS,ASO,CE,Combined TRACON& Tower with Radar,14,26,17,40,97,0,4,12,9,25,14,30,29,49,122,8,2,10,132
01/10/2014,GPT,MS,ASO,CE,Combined TRACON& Tower with Radar,11,22,15,3,51,0,0,0,0,0,11,22,15,3,51,0,0,0,51
01/11/2014,GPT,MS,ASO,CE,Combined TRACON& Tower with Radar,16,18,9,29,72,0,0,4,1,5,16,18,13,30,77,0,0,0,77
01/12/2014,GPT,MS,ASO,CE,Combined TRACON& Tower with Radar,14,28,8,56,106,0,1,23,2,26,14,29,31,58,132,100,0,100,232
01/13/2014,GPT,MS,ASO,CE,Combined TRACON& Tower with Radar,13,14,10,12,49,0,0,1,0,1,13,14,11,12,50,0,0,0,50
01/14/2014,GPT,MS,ASO,CE,Combined TRACON& Tower with Radar,13,21,13,79,126,0,1,12,7,20,13,22,25,86,146,0,14,14,160
01/15/2014,GPT,MS,ASO,CE,Combined TRACON& Tower with Radar,14,23,24,67,128,0,4,13,22,39,14,27,37,89,167,0,12,12,179
01/16/2014,GPT,MS,ASO,CE,Combined TRACON& Tower with Radar,12,28,24,58,122,0,1,15,9,25,12,29,39,67,147,8,26,34,181
01/17/2014,GPT,MS,ASO,CE,Combined TRACON& Tower with Radar,13,25,17,53,108,0,0,14,6,20,13,25,31,59,128,2,10,12,140
01/18/2014,GPT,MS,ASO,CE,Combined TRACON& Tower with Radar,10,18,14,6,48,0,0,32,0,32,10,18,46,6,80,16,0,16,96
01/19/2014,GPT,MS,ASO,CE,Combined TRACON& Tower with Radar,14,22,9,22,67,0,0,7,5,12,14,22,16,27,79,0,0,0,79
01/20/2014,GPT,MS,ASO,CE,Combined TRACON& Tower with Radar,22,24,14,1,61,0,1,11,0,12,22,25,25,1,73,4,0,4,77
01/21/2014,GPT,MS,ASO,CE,Combined TRACON& Tower with Radar,12,18,15,39,84,0,0,12,6,18,12,18,27,45,102,0,4,4,106
01/22/2014,GPT,MS,ASO,CE,Combined TRACON& Tower with Radar,12,22,19,82,135,0,2,10,12,24,12,24,29,94,159,8,14,22,181
01/23/2014,GPT,MS,ASO,CE,Combined TRACON& Tower with Radar,15,26,29,70,140,0,0,14,7,21,15,26,43,77,161,12,0,12,173
01/24/2014,GPT,MS,ASO,CE,Combined TRACON& Tower with Radar,16,21,42,16,95,0,0,4,0,4,16,21,46,16,99,6,2,8,107
01/25/2014,GPT,MS,ASO,CE,Combined TRACON& Tower with Radar,7,22,23,25,77,0,0,12,1,13,7,22,35,26,90,0,0,0,90
01/26/2014,GPT,MS,ASO,CE,Combined TRACON& Tower with Radar,11,25,18,8,62,0,2,19,6,27,11,27,37,14,89,0,0,0,89
01/27/2014,GPT,MS,ASO,CE,Combined TRACON& Tower with Radar,15,18,14,25,72,0,0,0,2,2,15,18,14,27,74,0,6,6,80
01/28/2014,GPT,MS,ASO,CE,Combined TRACON& Tower with Radar,1,1,1,0,3,0,0,0,0,0,1,1,1,0,3,0,0,0,3
01/29/2014,GPT,MS,ASO,CE,Combined TRACON& Tower with Radar,0,1,1,0,2,0,0,0,0,0,0,1,1,0,2,0,0,0,2
01/30/2014,GPT,MS,ASO,CE,Combined TRACON& Tower with Radar,19,17,19,25,80,0,0,5,2,7,19,17,24,27,87,2,0,2,89
01/31/2014,GPT,MS,ASO,CE,Combined TRACON& Tower with Radar,14,23,24,35,96,0,0,13,5,18,14,23,37,40,114,18,6,24,138
02/01/2014,GPT,MS,ASO,CE,Combined TRACON& Tower with Radar,7,19,10,35,71,0,0,10,0,10,7,19,20,35,81,20,6,26,107
02/02/2014,GPT,MS,ASO,CE,Combined TRACON& Tower with Radar,13,5,7,2,27,0,0,0,0,0,13,5,7,2,27,0,0,0,27
02/03/2014,GPT,MS,ASO,CE,Combined TRACON& Tower with Radar,16,23,20,58,117,0,1,1,0,2,16,24,21,58,119,0,19,19,138
02/04/2014,GPT,MS,ASO,CE,Combined TRACON& Tower with Radar,16,15,9,2,42,0,0,1,0,1,16,15,10,2,43,0,0,0,43
02/05/2014,GPT,MS,ASO,CE,Combined TRACON& Tower with Radar,11,22,19,66,118,0,1,7,11,19,11,23,26,77,137,0,0,0,137
02/06/2014,GPT,MS,ASO,CE,Combined TRACON& Tower with Radar,14,21,14,41,90,0,0,4,7,11,14,21,18,48,101,0,0,0,101
02/07/2014,GPT,MS,ASO,CE,Combined TRACON& Tower with Radar,18,23,31,101,173,0,0,16,18,34,18,23,47,119,207,0,0,0,207
02/08/2014,GPT,MS,ASO,CE,Combined TRACON& Tower with Radar,7,16,21,20,64,0,2,16,9,27,7,18,37,29,91,12,6,18,109
02/09/2014,GPT,MS,ASO,CE,Combined TRACON& Tower with Radar,10,24,21,40,95,0,1,15,7,23,10,25,36,47,118,28,10,38,156
02/10/2014,GPT,MS,ASO,CE,Combined TRACON& Tower with Radar,22,18,31,59,130,0,0,0,2,2,22,18,31,61,132,0,6,6,138
02/11/2014,GPT,MS,ASO,CE,Combined TRACON& Tower with Radar,14,17,9,12,52,0,0,1,0,1,14,17,10,12,53,0,0,0,53
02/12/2014,GPT,MS,ASO,CE,Combined TRACON& Tower with Radar,3,15,8,9,35,0,0,0,0,0,3,15,8,9,35,0,0,0,35
02/13/2014,GPT,MS,ASO,CE,Combined TRACON& Tower with Radar,5,23,29,84,141,0,1,15,21,37,5,24,44,105,178,14,16,30,208
02/14/2014,GPT,MS,ASO,CE,Combined TRACON& Tower with Radar,13,24,33,54,124,0,2,18,11,31,13,26,51,65,155,6,30,36,191
02/15/2014,GPT,MS,ASO,CE,Combined TRACON& Tower with Radar,8,18,7,19,52,0,1,16,1,18,8,19,23,20,70,12,14,26,96
02/16/2014,GPT,MS,ASO,CE,Combined TRACON& Tower with Radar,10,18,26,16,70,0,0,27,2,29,10,18,53,18,99,26,0,26,125
02/17/2014,GPT,MS,ASO,CE,Combined TRACON& Tower with Radar,14,23,16,0,53,0,0,17,0,17,14,23,33,0,70,10,0,10,80
02/18/2014,GPT,MS,ASO,CE,Combined TRACON& Tower with Radar,13,18,28,27,86,0,0,2,4,6,13,18,30,31,92,0,0,0,92
02/19/2014,GPT,MS,ASO,CE,Combined TRACON& Tower with Radar,11,17,18,45,91,0,0,5,1,6,11,17,23,46,97,0,0,0,97
02/20/2014,GPT,MS,ASO,CE,Combined TRACON& Tower with Radar,12,20,20,36,88,0,0,3,2,5,12,20,23,38,93,0,0,0,93
02/21/2014,GPT,MS,ASO,CE,Combined TRACON& Tower with Radar,13,21,22,77,133,0,1,18,16,35,13,22,40,93,168,6,6,12,180
02/22/2014,GPT,MS,ASO,CE,Combined TRACON& Tower with Radar,8,20,5,9,42,0,4,15,9,28,8,24,20,18,70,4,8,12,82
02/23/2014,GPT,MS,ASO,CE,Combined TRACON& Tower with Radar,10,26,23,4,63,0,0,0,0,0,10,26,23,4,63,0,0,0,63
02/24/2014,GPT,MS,ASO,CE,Combined TRACON& Tower with Radar,12,22,17,38,89,0,0,5,10,15,12,22,22,48,104,0,6,6,110
02/25/2014,GPT,MS,ASO,CE,Combined TRACON& Tower with Radar,12,22,22,59,115,0,0,10,16,26,12,22,32,75,141,0,10,10,151
02/26/2014,GPT,MS,ASO,CE,Combined TRACON& Tower with Radar,16,25,23,40,104,0,0,2,5,7,16,25,25,45,111,0,0,0,111
02/27/2014,GPT,MS,ASO,CE,Combined TRACON& Tower with Radar,14,29,35,63,141,0,1,21,14,36,14,30,56,77,177,26,2,28,205
02/28/2014,GPT,MS,ASO,CE,Combined TRACON& Tower with Radar,13,27,34,65,139,0,4,27,16,47,13,31,61,81,186,8,8,16,202
03/01/2014,GPT,MS,ASO,CE,Combined TRACON& Tower with Radar,14,17,8,28,67,0,1,19,15,35,14,18,27,43,102,0,0,0,102
03/02/2014,GPT,MS,ASO,CE,Combined TRACON& Tower with Radar,10,28,27,21,86,0,0,11,7,18,10,28,38,28,104,0,0,0,104
03/03/2014,GPT,MS,ASO,CE,Combined TRACON& Tower with Radar,16,22,10,69,117,0,1,5,12,18,16,23,15,81,135,14,10,24,159
03/04/2014,GPT,MS,ASO,CE,Combined TRACON& Tower with Radar,13,27,11,12,63,0,0,0,3,3,13,27,11,15,66,0,0,0,66
03/05/2014,GPT,MS,ASO,CE,Combined TRACON& Tower with Radar,12,24,15,108,159,0,1,7,1,9,12,25,22,109,168,0,0,0,168
03/06/2014,GPT,MS,ASO,CE,Combined TRACON& Tower with Radar,12,26,15,61,114,0,0,3,4,7,12,26,18,65,121,0,0,0,121
03/07/2014,GPT,MS,ASO,CE,Combined TRACON& Tower with Radar,14,26,31,108,179,0,1,21,7,29,14,27,52,115,208,4,28,32,240
03/08/2014,GPT,MS,ASO,CE,Combined TRACON& Tower with Radar,10,20,19,34,83,0,0,22,6,28,10,20,41,40,111,10,0,10,121
03/09/2014,GPT,MS,ASO,CE,Combined TRACON& Tower with Radar,12,27,29,43,111,0,0,21,1,22,12,27,50,44,133,4,2,6,139
03/10/2014,GPT,MS,ASO,CE,Combined TRACON& Tower with Radar,16,28,22,55,121,0,2,16,13,31,16,30,38,68,152,10,14,24,176
03/11/2014,GPT,MS,ASO,CE,Combined TRACON& Tower with Radar,16,29,27,5,77,0,0,1,3,4,16,29,28,8,81,0,12,12,93
03/12/2014,GPT,MS,ASO,CE,Combined TRACON& Tower with Radar,11,26,27,91,155,0,2,5,8,15,11,28,32,99,170,0,24,24,194
03/13/2014,GPT,MS,ASO,CE,Combined TRACON& Tower with Radar,13,26,15,56,110,0,0,14,25,39,13,26,29,81,149,18,4,22,171
03/14/2014,GPT,MS,ASO,CE,Combined TRACON& Tower with Radar,12,27,26,73,138,0,0,16,8,24,12,27,42,81,162,12,20,32,194
03/15/2014,GPT,MS,ASO,CE,Combined TRACON& Tower with Radar,12,24,8,12,56,0,0,8,2,10,12,24,16,14,66,0,0,0,66
03/16/2014,GPT,MS,ASO,CE,Combined TRACON& Tower with Radar,10,27,14,20,71,0,0,0,2,2,10,27,14,22,73,0,0,0,73
03/17/2014,GPT,MS,ASO,CE,Combined TRACON& Tower with Radar,19,27,19,148,213,0,3,4,4,11,19,30,23,152,224,0,90,90,314
03/18/2014,GPT,MS,ASO,CE,Combined TRACON& Tower with Radar,13,21,9,77,120,0,0,15,14,29,13,21,24,91,149,0,12,12,161
03/19/2014,GPT,MS,ASO,CE,Combined TRACON& Tower with Radar,12,31,36,80,159,0,0,16,19,35,12,31,52,99,194,8,26,34,228
03/20/2014,GPT,MS,ASO,CE,Combined TRACON& Tower with Radar,16,28,23,43,110,0,1,11,20,32,16,29,34,63,142,0,18,18,160
03/21/2014,GPT,MS,ASO,CE,Combined TRACON& Tower with Radar,12,27,31,59,129,0,0,13,5,18,12,27,44,64,147,2,10,12,159
03/22/2014,GPT,MS,ASO,CE,Combined TRACON& Tower with Radar,6,21,12,0,39,0,0,22,0,22,6,21,34,0,61,8,0,8,69
03/23/2014,GPT,MS,ASO,CE,Combined TRACON& Tower with Radar,12,30,15,31,88,0,2,1,0,3,12,32,16,31,91,0,0,0,91
03/24/2014,GPT,MS,ASO,CE,Combined TRACON& Tower with Radar,13,28,20,71,132,0,0,8,7,15,13,28,28,78,147,0,10,10,157
03/25/2014,GPT,MS,ASO,CE,Combined TRACON& Tower with Radar,12,23,17,95,147,0,4,5,10,19,12,27,22,105,166,4,36,40,206
03/26/2014,GPT,MS,ASO,CE,Combined TRACON& Tower with Radar,11,26,10,61,108,0,0,9,17,26,11,26,19,78,134,18,0,18,152
03/27/2014,GPT,MS,ASO,CE,Combined TRACON& Tower with Radar,12,29,13,54,108,0,0,10,14,24,12,29,23,68,132,0,0,0,132
03/28/2014,GPT,MS,ASO,CE,Combined TRACON& Tower with Radar,11,26,13,4,54,0,0,0,0,0,11,26,13,4,54,0,0,0,54
03/29/2014,GPT,MS,ASO,CE,Combined TRACON& Tower with Radar,8,19,12,28,67,0,0,5,0,5,8,19,17,28,72,0,0,0,72
03/30/2014,GPT,MS,ASO,CE,Combined TRACON& Tower with Radar,10,25,23,18,76,0,2,15,4,21,10,27,38,22,97,0,0,0,97
03/31/2014,GPT,MS,ASO,CE,Combined TRACON& Tower with Radar,16,21,25,59,121,0,2,15,1,18,16,23,40,60,139,10,16,26,165
04/01/2014,GPT,MS,ASO,CE,Combined TRACON& Tower with Radar,14,18,10,52,94,0,0,9,14,23,14,18,19,66,117,2,14,16,133
04/02/2014,GPT,MS,ASO,CE,Combined TRACON& Tower with Radar,12,21,33,83,149,0,2,10,5,17,12,23,43,88,166,0,32,32,198
04/03/2014,GPT,MS,ASO,CE,Combined TRACON& Tower with Radar,12,23,14,70,119,0,0,6,6,12,12,23,20,76,131,0,10,10,141
04/04/2014,GPT,MS,ASO,CE,Combined TRACON& Tower with Radar,14,19,21,8,62,0,0,1,2,3,14,19,22,10,65,0,0,0,65
04/05/2014,GPT,MS,ASO,CE,Combined TRACON& Tower with Radar,12,15,14,28,69,0,0,1,2,3,12,15,15,30,72,0,0,0,72
04/06/2014,GPT,MS,ASO,CE,Combined TRACON& Tower with Radar,16,22,11,11,60,0,0,0,0,0,16,22,11,11,60,0,0,0,60
04/07/2014,GPT,MS,ASO,CE,Combined TRACON& Tower with Radar,16,21,12,37,86,0,1,8,3,12,16,22,20,40,98,4,0,4,102
04/08/2014,GPT,MS,ASO,CE,Combined TRACON& Tower with Radar,14,18,14,36,82,0,0,4,4,8,14,18,18,40,90,0,12,12,102
04/09/2014,GPT,MS,ASO,CE,Combined TRACON& Tower with Radar,7,27,28,73,135,0,4,23,12,39,7,31,51,85,174,0,20,20,194
04/10/2014,GPT,MS,ASO,CE,Combined TRACON& Tower with Radar,14,22,30,70,136,0,0,33,12,45,14,22,63,82,181,4,4,8,189
04/11/2014,GPT,MS,ASO,CE,Combined TRACON& Tower with Radar,14,24,30,46,114,0,3,11,6,20,14,27,41,52,134,24,2,26,160
04/12/2014,GPT,MS,ASO,CE,Combined TRACON& Tower with Radar,10,17,11,32,70,0,4,16,4,24,10,21,27,36,94,12,4,16,110
04/13/2014,GPT,MS,ASO,CE,Combined TRACON& Tower with Radar,12,25,25,48,110,0,3,7,6,16,12,28,32,54,126,0,0,0,126
04/14/2014,GPT,MS,ASO,CE,Combined TRACON& Tower with Radar,16,22,17,27,82,0,1,2,0,3,16,23,19,27,85,0,0,0,85
04/15/2014,GPT,MS,ASO,CE,Combined TRACON& Tower with Radar,14,17,17,61,109,0,0,11,10,21,14,17,28,71,130,0,12,12,142
04/16/2014,GPT,MS,ASO,CE,Combined TRACON& Tower with Radar,14,24,39,53,130,0,3,22,7,32,14,27,61,60,162,40,14,54,216
04/17/2014,GPT,MS,ASO,CE,Combined TRACON& Tower with Radar,14,29,11,100,154,0,0,8,14,22,14,29,19,114,176,6,20,26,202
04/18/2014,GPT,MS,ASO,CE,Combined TRACON& Tower with Radar,13,24,17,63,117,0,0,3,2,5,13,24,20,65,122,0,0,0,122
04/19/2014,GPT,MS,ASO,CE,Combined TRACON& Tower with Radar,9,18,11,21,59,0,2,21,3,26,9,20,32,24,85,8,4,12,97
04/20/2014,GPT,MS,ASO,CE,Combined TRACON& Tower with Radar,11,21,8,0,40,0,0,13,0,13,11,21,21,0,53,0,0,0,53
04/21/2014,GPT,MS,ASO,CE,Combined TRACON& Tower with Radar,14,25,17,56,112,0,1,12,4,17,14,26,29,60,129,14,0,14,143
04/22/2014,GPT,MS,ASO,CE,Combined TRACON& Tower with Radar,15,26,25,84,150,0,0,10,3,13,15,26,35,87,163,10,22,32,195
04/23/2014,GPT,MS,ASO,CE,Combined TRACON& Tower with Radar,14,23,35,88,160,0,0,14,5,19,14,23,49,93,179,22,20,42,221
04/24/2014,GPT,MS,ASO,CE,Combined TRACON& Tower with Radar,12,26,27,124,189,0,0,13,9,22,12,26,40,133,211,8,30,38,249
04/25/2014,GPT,MS,ASO,CE,Combined TRACON& Tower with Radar,14,25,34,63,136,0,3,18,9,30,14,28,52,72,166,0,30,30,196
04/26/2014,GPT,MS,ASO,CE,Combined TRACON& Tower with Radar,10,24,22,47,103,0,5,14,1,20,10,29,36,48,123,0,0,0,123
04/27/2014,GPT,MS,ASO,CE,Combined TRACON& Tower with Radar,10,26,30,37,103,0,4,5,10,19,10,30,35,47,122,0,2,2,124
04/28/2014,GPT,MS,ASO,CE,Combined TRACON& Tower with Radar,12,23,17,69,121,0,0,1,3,4,12,23,18,72,125,0,8,8,133
04/29/2014,GPT,MS,ASO,CE,Combined TRACON& Tower with Radar,16,19,9,4,48,0,0,1,2,3,16,19,10,6,51,0,0,0,51
04/30/2014,GPT,MS,ASO,CE,Combined TRACON& Tower with Radar,12,20,21,23,76,0,0,9,18,27,12,20,30,41,103,8,34,42,145
05/01/2014,GPT,MS,ASO,CE,Combined TRACON& Tower with Radar,14,23,25,76,138,0,0,14,18,32,14,23,39,94,170,8,12,20,190
05/02/2014,GPT,MS,ASO,CE,Combined TRACON& Tower with Radar,16,21,32,61,130,0,2,24,12,38,16,23,56,73,168,20,20,40,208
05/03/2014,GPT,MS,ASO,CE,Combined TRACON& Tower with Radar,10,14,9,14,47,0,4,20,12,36,10,18,29,26,83,8,2,10,93
05/04/2014,GPT,MS,ASO,CE,Combined TRACON& Tower with Radar,12,20,18,48,98,0,0,23,5,28,12,20,41,53,126,0,0,0,126
05/05/2014,GPT,MS,ASO,CE,Combined TRACON& Tower with Radar,14,25,18,73,130,0,4,21,22,47,14,29,39,95,177,20,16,36,213
05/06/2014,GPT,MS,ASO,CE,Combined TRACON& Tower with Radar,16,24,33,67,140,0,1,13,23,37,16,25,46,90,177,8,58,66,243
05/07/2014,GPT,MS,ASO,CE,Combined TRACON& Tower with Radar,12,26,27,83,148,0,1,11,40,52,12,27,38,123,200,0,44,44,244
05/08/2014,GPT,MS,ASO,CE,Combined TRACON& Tower with Radar,15,22,18,77,132,0,2,7,19,28,15,24,25,96,160,12,6,18,178
05/09/2014,GPT,MS,ASO,CE,Combined TRACON& Tower with Radar,17,24,10,12,63,0,0,0,1,1,17,24,10,13,64,0,0,0,64
05/10/2014,GPT,MS,ASO,CE,Combined TRACON& Tower with Radar,11,19,13,18,61,0,0,2,0,2,11,19,15,18,63,0,0,0,63
05/11/2014,GPT,MS,ASO,CE,Combined TRACON& Tower with Radar,10,26,16,9,61,0,0,1,2,3,10,26,17,11,64,0,0,0,64
05/12/2014,GPT,MS,ASO,CE,Combined TRACON& Tower with Radar,14,19,14,63,110,0,2,5,7,14,14,21,19,70,124,0,10,10,134
05/13/2014,GPT,MS,ASO,CE,Combined TRACON& Tower with Radar,14,22,15,60,111,0,0,12,10,22,14,22,27,70,133,20,8,28,161
05/14/2014,GPT,MS,ASO,CE,Combined TRACON& Tower with Radar,12,26,18,4,60,0,0,2,2,4,12,26,20,6,64,0,0,0,64
05/15/2014,GPT,MS,ASO,CE,Combined TRACON& Tower with Radar,14,26,28,57,125,0,1,18,16,35,14,27,46,73,160,18,8,26,186
05/16/2014,GPT,MS,ASO,CE,Combined TRACON& Tower with Radar,14,30,25,63,132,0,3,21,6,30,14,33,46,69,162,2,8,10,172
05/17/2014,GPT,MS,ASO,CE,Combined TRACON& Tower with Radar,10,21,12,12,55,0,4,21,3,28,10,25,33,15,83,0,0,0,83
05/18/2014,GPT,MS,ASO,CE,Combined TRACON& Tower with Radar,12,25,23,58,118,0,6,33,5,44,12,31,56,63,162,0,0,0,162
05/19/2014,GPT,MS,ASO,CE,Combined TRACON& Tower with Radar,14,26,19,73,132,0,7,20,11,38,14,33,39,84,170,12,16,28,198
05/20/2014,GPT,MS,ASO,CE,Combined TRACON& Tower with Radar,14,30,18,79,141,1,1,7,7,16,15,31,25,86,157,18,10,28,185
05/21/2014,GPT,MS,ASO,CE,Combined TRACON& Tower with Radar,12,26,11,66,115,0,0,12,11,23,12,26,23,77,138,0,24,24,162
05/22/2014,GPT,MS,ASO,CE,Combined TRACON& Tower with Radar,14,26,14,46,100,0,0,10,8,18,14,26,24,54,118,14,16,30,148
05/23/2014,GPT,MS,ASO,CE,Combined TRACON& Tower with Radar,14,29,14,20,77,0,1,20,0,21,14,30,34,20,98,0,0,0,98
05/24/2014,GPT,MS,ASO,CE,Combined TRACON& Tower with Radar,10,19,13,0,42,0,2,13,0,15,10,21,26,0,57,6,0,6,63
05/25/2014,GPT,MS,ASO,CE,Combined TRACON& Tower with Radar,12,12,8,0,32,0,4,16,0,20,12,16,24,0,52,0,0,0,52
05/26/2014,GPT,MS,ASO,CE,Combined TRACON& Tower with Radar,14,21,9,6,50,0,2,8,0,10,14,23,17,6,60,8,0,8,68
05/27/2014,GPT,MS,ASO,CE,Combined TRACON& Tower with Radar,14,24,9,50,97,0,2,5,6,13,14,26,14,56,110,0,10,10,120
05/28/2014,GPT,MS,ASO,CE,Combined TRACON& Tower with Radar,14,22,6,0,42,0,0,0,0,0,14,22,6,0,42,0,0,0,42
05/29/2014,GPT,MS,ASO,CE,Combined TRACON& Tower with Radar,11,28,4,13,56,0,0,3,2,5,11,28,7,15,61,0,0,0,61
05/30/2014,GPT,MS,ASO,CE,Combined TRACON& Tower with Radar,13,25,14,27,79,0,0,6,1,7,13,25,20,28,86,0,0,0,86
05/31/2014,GPT,MS,ASO,CE,Combined TRACON& Tower with Radar,10,17,5,8,40,0,0,4,0,4,10,17,9,8,44,24,0,24,68
06/01/2014,GPT,MS,ASO,CE,Combined TRACON& Tower with Radar,16,24,11,6,57,0,6,8,2,16,16,30,19,8,73,0,0,0,73
06/02/2014,GPT,MS,ASO,CE,Combined TRACON& Tower with Radar,14,25,13,47,99,0,0,16,2,18,14,25,29,49,117,0,2,2,119
06/03/2014,GPT,MS,ASO,CE,Combined TRACON& Tower with Radar,12,24,12,79,127,0,2,7,8,17,12,26,19,87,144,0,6,6,150
06/04/2014,GPT,MS,ASO,CE,Combined TRACON& Tower with Radar,14,24,22,82,142,0,3,30,22,55,14,27,52,104,197,16,24,40,237
06/05/2014,GPT,MS,ASO,CE,Combined TRACON& Tower with Radar,9,30,27,62,128,0,2,13,8,23,9,32,40,70,151,28,10,38,189
06/06/2014,GPT,MS,ASO,CE,Combined TRACON& Tower with Radar,10,32,14,120,176,0,1,19,17,37,10,33,33,137,213,12,14,26,239
06/07/2014,GPT,MS,ASO,CE,Combined TRACON& Tower with Radar,10,19,16,53,98,0,3,14,6,23,10,22,30,59,121,2,30,32,153
06/08/2014,GPT,MS,ASO,CE,Combined TRACON& Tower with Radar,9,28,19,42,98,0,1,17,3,21,9,29,36,45,119,18,0,18,137
06/09/2014,GPT,MS,ASO,CE,Combined TRACON& Tower with Radar,11,21,7,69,108,0,2,17,5,24,11,23,24,74,132,18,8,26,158
06/10/2014,GPT,MS,ASO,CE,Combined TRACON& Tower with Radar,12,29,16,17,74,0,2,4,2,8,12,31,20,19,82,2,0,2,84
06/11/2014,GPT,MS,ASO,CE,Combined TRACON& Tower with Radar,6,36,18,101,161,0,0,26,6,32,6,36,44,107,193,14,54,68,261
06/12/2014,GPT,MS,ASO,CE,Combined TRACON& Tower with Radar,10,29,37,106,182,0,3,24,25,52,10,32,61,131,234,12,26,38,272
06/13/2014,GPT,MS,ASO,CE,Combined TRACON& Tower with Radar,12,35,14,22,83,0,0,3,3,6,12,35,17,25,89,0,0,0,89
06/14/2014,GPT,MS,ASO,CE,Combined TRACON& Tower with Radar,10,20,20,10,60,0,3,12,1,16,10,23,32,11,76,6,6,12,88
06/15/2014,GPT,MS,ASO,CE,Combined TRACON& Tower with Radar,7,27,14,12,60,0,3,14,5,22,7,30,28,17,82,36,8,44,126
06/16/2014,GPT,MS,ASO,CE,Combined TRACON& Tower with Radar,12,28,14,78,132,0,3,5,9,17,12,31,19,87,149,74,74,148,297
06/17/2014,GPT,MS,ASO,CE,Combined TRACON& Tower with Radar,10,32,17,107,166,0,7,15,21,43,10,39,32,128,209,2,30,32,241
06/18/2014,GPT,MS,ASO,CE,Combined TRACON& Tower with Radar,7,32,16,80,135,0,4,19,10,33,7,36,35,90,168,26,4,30,198
06/19/2014,GPT,MS,ASO,CE,Combined TRACON& Tower with Radar,10,33,16,46,105,0,2,16,12,30,10,35,32,58,135,22,14,36,171
06/20/2014,GPT,MS,ASO,CE,Combined TRACON& Tower with Radar,10,29,18,69,126,0,1,20,10,31,10,30,38,79,157,46,6,52,209
06/21/2014,GPT,MS,ASO,CE,Combined TRACON& Tower with Radar,9,22,14,23,68,0,0,20,7,27,9,22,34,30,95,12,32,44,139
06/22/2014,GPT,MS,ASO,CE,Combined TRACON& Tower with Radar,6,30,23,10,69,0,0,12,4,16,6,30,35,14,85,0,0,0,85
06/23/2014,GPT,MS,ASO,CE,Combined TRACON& Tower with Radar,10,24,12,47,93,0,0,9,6,15,10,24,21,53,108,28,31,59,167
06/24/2014,GPT,MS,ASO,CE,Combined TRACON& Tower with Radar,10,29,11,78,128,0,2,13,12,27,10,31,24,90,155,60,0,60,215
06/25/2014,GPT,MS,ASO,CE,Combined TRACON& Tower with Radar,5,26,20,69,120,0,0,19,17,36,5,26,39,86,156,37,4,41,197
06/26/2014,GPT,MS,ASO,CE,Combined TRACON& Tower with Radar,8,27,28,46,109,0,0,2,12,14,8,27,30,58,123,0,0,0,123
06/27/2014,GPT,MS,ASO,CE,Combined TRACON& Tower with Radar,10,35,16,38,99,0,0,7,2,9,10,35,23,40,108,0,0,0,108
06/28/2014,GPT,MS,ASO,CE,Combined TRACON& Tower with Radar,4,23,17,12,56,0,0,11,3,14,4,23,28,15,70,0,0,0,70
06/29/2014,GPT,MS,ASO,CE,Combined TRACON& Tower with Radar,4,27,8,40,79,0,0,11,9,20,4,27,19,49,99,24,14,38,137
06/30/2014,GPT,MS,ASO,CE,Combined TRACON& Tower with Radar,6,27,18,79,130,0,4,21,7,32,6,31,39,86,162,26,40,66,228
07/01/2014,GPT,MS,ASO,CE,Combined TRACON& Tower with Radar,6,30,12,84,132,0,1,21,18,40,6,31,33,102,172,16,16,32,204
07/02/2014,GPT,MS,ASO,CE,Combined TRACON& Tower with Radar,8,28,10,128,174,0,4,21,11,36,8,32,31,139,210,18,2,20,230
07/03/2014,GPT,MS,ASO,CE,Combined TRACON& Tower with Radar,8,22,14,22,66,0,0,23,2,25,8,22,37,24,91,0,0,0,91
07/04/2014,GPT,MS,ASO,CE,Combined TRACON& Tower with Radar,6,19,1,6,32,0,0,6,0,6,6,19,7,6,38,0,0,0,38
07/05/2014,GPT,MS,ASO,CE,Combined TRACON& Tower with Radar,6,24,4,0,34,0,0,13,0,13,6,24,17,0,47,0,0,0,47
07/06/2014,GPT,MS,ASO,CE,Combined TRACON& Tower with Radar,8,25,12,7,52,0,0,13,0,13,8,25,25,7,65,0,12,12,77
07/07/2014,GPT,MS,ASO,CE,Combined TRACON& Tower with Radar,8,27,14,113,162,0,0,25,5,30,8,27,39,118,192,45,0,45,237
07/08/2014,GPT,MS,ASO,CE,Combined TRACON& Tower with Radar,12,28,14,63,117,0,1,12,10,23,12,29,26,73,140,16,10,26,166
07/09/2014,GPT,MS,ASO,CE,Combined TRACON& Tower with Radar,8,28,26,46,108,0,2,8,8,18,8,30,34,54,126,6,14,20,146
07/10/2014,GPT,MS,ASO,CE,Combined TRACON& Tower with Radar,8,28,22,47,105,0,1,5,12,18,8,29,27,59,123,38,10,48,171
07/11/2014,GPT,MS,ASO,CE,Combined TRACON& Tower with Radar,9,29,15,30,83,0,3,9,2,14,9,32,24,32,97,10,0,10,107
07/12/2014,GPT,MS,ASO,CE,Combined TRACON& Tower with Radar,9,19,7,19,54,0,1,16,8,25,9,20,23,27,79,6,4,10,89
07/13/2014,GPT,MS,ASO,CE,Combined TRACON& Tower with Radar,8,24,19,7,58,0,2,7,6,15,8,26,26,13,73,10,10,20,93
07/14/2014,GPT,MS,ASO,CE,Combined TRACON& Tower with Radar,9,26,11,37,83,0,0,1,12,13,9,26,12,49,96,16,10,26,122
07/15/2014,GPT,MS,ASO,CE,Combined TRACON& Tower with Radar,8,27,13,27,75,0,0,3,12,15,8,27,16,39,90,0,26,26,116
07/16/2014,GPT,MS,ASO,CE,Combined TRACON& Tower with Radar,7,27,21,87,142,0,0,16,19,35,7,27,37,106,177,14,8,22,199
07/17/2014,GPT,MS,ASO,CE,Combined TRACON& Tower with Radar,8,22,23,61,114,0,5,27,14,46,8,27,50,75,160,46,10,56,216
07/18/2014,GPT,MS,ASO,CE,Combined TRACON& Tower with Radar,9,26,14,21,70,0,0,2,4,6,9,26,16,25,76,0,0,0,76
07/19/2014,GPT,MS,ASO,CE,Combined TRACON& Tower with Radar,8,23,10,14,55,0,1,3,1,5,8,24,13,15,60,0,0,0,60
07/20/2014,GPT,MS,ASO,CE,Combined TRACON& Tower with Radar,8,28,22,17,75,0,2,13,0,15,8,30,35,17,90,0,18,18,108
07/21/2014,GPT,MS,ASO,CE,Combined TRACON& Tower with Radar,8,29,18,77,132,0,2,13,19,34,8,31,31,96,166,24,28,52,218
07/22/2014,GPT,MS,ASO,CE,Combined TRACON& Tower with Radar,8,33,29,56,126,0,1,9,21,31,8,34,38,77,157,36,48,84,241
07/23/2014,GPT,MS,ASO,CE,Combined TRACON& Tower with Radar,8,31,19,44,102,0,0,17,7,24,8,31,36,51,126,32,34,66,192
07/24/2014,GPT,MS,ASO,CE,Combined TRACON& Tower with Radar,7,29,13,79,128,0,4,16,25,45,7,33,29,104,173,52,50,102,275
07/25/2014,GPT,MS,ASO,CE,Combined TRACON& Tower with Radar,12,28,18,77,135,0,1,13,11,25,12,29,31,88,160,4,6,10,170
07/26/2014,GPT,MS,ASO,CE,Combined TRACON& Tower with Radar,8,18,1,11,38,0,3,12,5,20,8,21,13,16,58,0,6,6,64
07/27/2014,GPT,MS,ASO,CE,Combined TRACON& Tower with Radar,8,25,10,45,88,0,2,24,9,35,8,27,34,54,123,20,0,20,143
07/28/2014,GPT,MS,ASO,CE,Combined TRACON& Tower with Radar,10,27,10,56,103,0,0,10,11,21,10,27,20,67,124,34,0,34,158
07/29/2014,GPT,MS,ASO,CE,Combined TRACON& Tower with Radar,8,33,11,116,168,0,3,18,12,33,8,36,29,128,201,36,20,56,257
07/30/2014,GPT,MS,ASO,CE,Combined TRACON& Tower with Radar,8,30,26,95,159,0,3,36,32,71,8,33,62,127,230,6,26,32,262
07/31/2014,GPT,MS,ASO,CE,Combined TRACON& Tower with Radar,10,27,13,72,122,0,6,24,14,44,10,33,37,86,166,0,28,28,194
08/01/2014,GPT,MS,ASO,CE,Combined TRACON& Tower with Radar,10,27,11,48,96,0,3,8,9,20,10,30,19,57,116,0,6,6,122
08/02/2014,GPT,MS,ASO,CE,Combined TRACON& Tower with Radar,8,20,13,16,57,0,11,11,1,23,8,31,24,17,80,26,0,26,106
08/03/2014,GPT,MS,ASO,CE,Combined TRACON& Tower with Radar,10,24,14,12,60,0,0,12,3,15,10,24,26,15,75,0,10,10,85
08/04/2014,GPT,MS,ASO,CE,Combined TRACON& Tower with Radar,8,27,9,22,66,0,3,5,0,8,8,30,14,22,74,4,0,4,78
08/05/2014,GPT,MS,ASO,CE,Combined TRACON& Tower with Radar,8,28,22,62,120,0,5,9,14,28,8,33,31,76,148,0,10,10,158
08/06/2014,GPT,MS,ASO,CE,Combined TRACON& Tower with Radar,8,30,23,45,106,0,5,15,8,28,8,35,38,53,134,26,10,36,170
08/07/2014,GPT,MS,ASO,CE,Combined TRACON& Tower with Radar,8,31,18,64,121,0,6,13,7,26,8,37,31,71,147,22,14,36,183
08/08/2014,GPT,MS,ASO,CE,Combined TRACON& Tower with Radar,3,29,23,60,115,0,0,7,7,14,3,29,30,67,129,0,18,18,147
08/09/2014,GPT,MS,ASO,CE,Combined TRACON& Tower with Radar,9,20,10,18,57,0,2,17,1,20,9,22,27,19,77,4,0,4,81
08/10/2014,GPT,MS,ASO,CE,Combined TRACON& Tower with Radar,10,24,8,13,55,0,0,4,4,8,10,24,12,17,63,2,6,8,71
08/11/2014,GPT,MS,ASO,CE,Combined TRACON& Tower with Radar,9,27,9,77,122,0,3,2,11,16,9,30,11,88,138,0,10,10,148
08/12/2014,GPT,MS,ASO,CE,Combined TRACON& Tower with Radar,10,25,14,41,90,0,2,7,11,20,10,27,21,52,110,32,12,44,154
08/13/2014,GPT,MS,ASO,CE,Combined TRACON& Tower with Radar,10,32,16,100,158,0,3,16,13,32,10,35,32,113,190,0,56,56,246
08/14/2014,GPT,MS,ASO,CE,Combined TRACON& Tower with Radar,12,29,26,85,152,0,1,21,15,37,12,30,47,100,189,28,12,40,229
08/15/2014,GPT,MS,ASO,CE,Combined TRACON& Tower with Radar,13,31,22,47,113,0,0,22,2,24,13,31,44,49,137,0,32,32,169
08/16/2014,GPT,MS,ASO,CE,Combined TRACON& Tower with Radar,17,21,6,23,67,0,3,14,5,22,17,24,20,28,89,0,12,12,101
08/17/2014,GPT,MS,ASO,CE,Combined TRACON& Tower with Radar,8,22,21,3,54,0,1,12,2,15,8,23,33,5,69,2,6,8,77
08/18/2014,GPT,MS,ASO,CE,Combined TRACON& Tower with Radar,14,29,5,81,129,0,0,4,13,17,14,29,9,94,146,0,0,0,146
08/19/2014,GPT,MS,ASO,CE,Combined TRACON& Tower with Radar,14,23,20,99,156,0,0,14,11,25,14,23,34,110,181,16,12,28,209
08/20/2014,GPT,MS,ASO,CE,Combined TRACON& Tower with Radar,11,23,24,79,137,0,4,9,13,26,11,27,33,92,163,22,16,38,201
08/21/2014,GPT,MS,ASO,CE,Combined TRACON& Tower with Radar,13,20,31,62,126,0,1,16,16,33,13,21,47,78,159,64,22,86,245
08/22/2014,GPT,MS,ASO,CE,Combined TRACON& Tower with Radar,15,24,18,102,159,0,5,14,31,50,15,29,32,133,209,10,54,64,273
08/23/2014,GPT,MS,ASO,CE,Combined TRACON& Tower with Radar,13,16,11,13,53,0,1,12,17,30,13,17,23,30,83,0,0,0,83
08/24/2014,GPT,MS,ASO,CE,Combined TRACON& Tower with Radar,12,20,16,30,78,0,1,10,19,30,12,21,26,49,108,0,0,0,108
08/25/2014,GPT,MS,ASO,CE,Combined TRACON& Tower with Radar,16,21,23,46,106,0,0,5,5,10,16,21,28,51,116,8,7,15,131
08/26/2014,GPT,MS,ASO,CE,Combined TRACON& Tower with Radar,14,18,34,56,122,0,0,16,14,30,14,18,50,70,152,26,18,44,196
08/27/2014,GPT,MS,ASO,CE,Combined TRACON& Tower with Radar,12,20,27,28,87,0,0,8,11,19,12,20,35,39,106,8,0,8,114
08/28/2014,GPT,MS,ASO,CE,Combined TRACON& Tower with Radar,14,24,12,44,94,0,3,20,11,34,14,27,32,55,128,0,0,0,128
08/29/2014,GPT,MS,ASO,CE,Combined TRACON& Tower with Radar,15,21,21,9,66,0,1,14,0,15,15,22,35,9,81,16,0,16,97
08/30/2014,GPT,MS,ASO,CE,Combined TRACON& Tower with Radar,14,16,10,0,40,0,0,7,1,8,14,16,17,1,48,0,0,0,48
08/31/2014,GPT,MS,ASO,CE,Combined TRACON& Tower with Radar,9,18,9,1,37,0,1,11,1,13,9,19,20,2,50,0,0,0,50
09/01/2014,GPT,MS,ASO,CE,Combined TRACON& Tower with Radar,14,21,13,0,48,0,0,7,2,9,14,21,20,2,57,4,0,4,61
09/02/2014,GPT,MS,ASO,CE,Combined TRACON& Tower with Radar,13,22,23,25,83,0,0,3,5,8,13,22,26,30,91,16,6,22,113
09/03/2014,GPT,MS,ASO,CE,Combined TRACON& Tower with Radar,13,21,10,45,89,0,3,7,2,12,13,24,17,47,101,4,6,10,111
09/04/2014,GPT,MS,ASO,CE,Combined TRACON& Tower with Radar,14,21,31,59,125,0,0,9,11,20,14,21,40,70,145,6,0,6,151
09/05/2014,GPT,MS,ASO,CE,Combined TRACON& Tower with Radar,16,22,16,12,66,0,0,3,4,7,16,22,19,16,73,0,10,10,83
09/06/2014,GPT,MS,ASO,CE,Combined TRACON& Tower with Radar,10,16,9,38,73,0,2,12,1,15,10,18,21,39,88,0,22,22,110
09/07/2014,GPT,MS,ASO,CE,Combined TRACON& Tower with Radar,12,19,9,27,67,0,1,14,2,17,12,20,23,29,84,34,2,36,120
09/08/2014,GPT,MS,ASO,CE,Combined TRACON& Tower with Radar,16,21,17,15,69,0,0,17,3,20,16,21,34,18,89,24,0,24,113
09/09/2014,GPT,MS,ASO,CE,Combined TRACON& Tower with Radar,14,23,23,83,143,0,1,15,11,27,14,24,38,94,170,4,12,16,186
09/10/2014,GPT,MS,ASO,CE,Combined TRACON& Tower with Radar,12,20,21,109,162,0,2,16,8,26,12,22,37,117,188,10,6,16,204
09/11/2014,GPT,MS,ASO,CE,Combined TRACON& Tower with Radar,14,22,12,55,103,0,0,13,5,18,14,22,25,60,121,14,6,20,141
09/12/2014,GPT,MS,ASO,CE,Combined TRACON& Tower with Radar,16,20,15,37,88,0,1,7,5,13,16,21,22,42,101,0,6,6,107
09/13/2014,GPT,MS,ASO,CE,Combined TRACON& Tower with Radar,10,14,12,4,40,0,1,11,1,13,10,15,23,5,53,0,0,0,53
09/14/2014,GPT,MS,ASO,CE,Combined TRACON& Tower with Radar,10,22,13,14,59,0,7,16,4,27,10,29,29,18,86,0,0,0,86
09/15/2014,GPT,MS,ASO,CE,Combined TRACON& Tower with Radar,16,21,12,78,127,0,0,12,2,14,16,21,24,80,141,0,6,6,147
09/16/2014,GPT,MS,ASO,CE,Combined TRACON& Tower with Radar,14,20,11,14,59,0,0,8,0,8,14,20,19,14,67,8,0,8,75
09/17/2014,GPT,MS,ASO,CE,Combined TRACON& Tower with Radar,12,20,31,87,150,0,2,23,19,44,12,22,54,106,194,10,0,10,204
09/18/2014,GPT,MS,ASO,CE,Combined TRACON& Tower with Radar,14,20,22,89,145,0,3,36,7,46,14,23,58,96,191,48,20,68,259
09/19/2014,GPT,MS,ASO,CE,Combined TRACON& Tower with Radar,15,24,28,59,126,0,0,17,14,31,15,24,45,73,157,44,28,72,229
09/20/2014,GPT,MS,ASO,CE,Combined TRACON& Tower with Radar,11,16,10,43,80,0,2,15,9,26,11,18,25,52,106,2,18,20,126
09/21/2014,GPT,MS,ASO,CE,Combined TRACON& Tower with Radar,12,24,19,17,72,0,2,12,13,27,12,26,31,30,99,0,0,0,99
09/22/2014,GPT,MS,ASO,CE,Combined TRACON& Tower with Radar,18,21,17,85,141,0,0,8,4,12,18,21,25,89,153,30,6,36,189
09/23/2014,GPT,MS,ASO,CE,Combined TRACON& Tower with Radar,12,24,19,71,126,0,2,14,4,20,12,26,33,75,146,10,10,20,166
09/24/2014,GPT,MS,ASO,CE,Combined TRACON& Tower with Radar,12,23,16,31,82,0,0,19,10,29,12,23,35,41,111,0,8,8,119
09/25/2014,GPT,MS,ASO,CE,Combined TRACON& Tower with Radar,14,22,24,44,104,0,1,15,6,22,14,23,39,50,126,32,0,32,158
09/26/2014,GPT,MS,ASO,CE,Combined TRACON& Tower with Radar,13,26,16,41,96,0,0,4,13,17,13,26,20,54,113,24,2,26,139
09/27/2014,GPT,MS,ASO,CE,Combined TRACON& Tower with Radar,13,21,5,1,40,0,0,5,9,14,13,21,10,10,54,0,0,0,54
09/28/2014,GPT,MS,ASO,CE,Combined TRACON& Tower with Radar,14,25,6,2,47,0,0,2,2,4,14,25,8,4,51,0,0,0,51
09/29/2014,GPT,MS,ASO,CE,Combined TRACON& Tower with Radar,16,22,17,101,156,0,0,0,3,3,16,22,17,104,159,0,18,18,177
09/30/2014,GPT,MS,ASO,CE,Combined TRACON& Tower with Radar,14,20,22,53,109,0,0,5,6,11,14,20,27,59,120,16,8,24,144
10/01/2014,GPT,MS,ASO,CE,Combined TRACON& Tower with Radar,14,22,10,50,96,0,0,10,9,19,14,22,20,59,115,4,6,10,125
10/02/2014,GPT,MS,ASO,CE,Combined TRACON& Tower with Radar,15,20,13,22,70,0,4,6,6,16,15,24,19,28,86,12,0,12,98
10/03/2014,GPT,MS,ASO,CE,Combined TRACON& Tower with Radar,17,23,19,60,119,0,0,9,3,12,17,23,28,63,131,4,22,26,157
10/04/2014,GPT,MS,ASO,CE,Combined TRACON& Tower with Radar,8,16,13,19,56,0,2,18,3,23,8,18,31,22,79,0,0,0,79
10/05/2014,GPT,MS,ASO,CE,Combined TRACON& Tower with Radar,12,20,12,24,68,0,3,19,8,30,12,23,31,32,98,0,0,0,98
10/06/2014,GPT,MS,ASO,CE,Combined TRACON& Tower with Radar,16,17,12,72,117,0,0,7,5,12,16,17,19,77,129,14,0,14,143
10/07/2014,GPT,MS,ASO,CE,Combined TRACON& Tower with Radar,14,18,14,23,69,0,0,7,10,17,14,18,21,33,86,14,10,24,110
10/08/2014,GPT,MS,ASO,CE,Combined TRACON& Tower with Radar,14,29,16,49,108,0,2,19,6,27,14,31,35,55,135,12,6,18,153
10/09/2014,GPT,MS,ASO,CE,Combined TRACON& Tower with Radar,12,25,26,34,97,0,1,14,8,23,12,26,40,42,120,20,0,20,140
10/10/2014,GPT,MS,ASO,CE,Combined TRACON& Tower with Radar,16,21,21,53,111,0,5,17,2,24,16,26,38,55,135,16,2,18,153
10/11/2014,GPT,MS,ASO,CE,Combined TRACON& Tower with Radar,8,18,7,6,39,0,3,16,1,20,8,21,23,7,59,0,0,0,59
10/12/2014,GPT,MS,ASO,CE,Combined TRACON& Tower with Radar,14,18,28,11,71,0,0,14,0,14,14,18,42,11,85,0,0,0,85
10/13/2014,GPT,MS,ASO,CE,Combined TRACON& Tower with Radar,14,10,9,0,33,0,0,4,0,4,14,10,13,0,37,0,0,0,37
10/14/2014,GPT,MS,ASO,CE,Combined TRACON& Tower with Radar,15,20,18,86,139,0,0,16,18,34,15,20,34,104,173,18,0,18,191
10/15/2014,GPT,MS,ASO,CE,Combined TRACON& Tower with Radar,17,20,22,52,111,0,3,19,8,30,17,23,41,60,141,32,8,40,181
10/16/2014,GPT,MS,ASO,CE,Combined TRACON& Tower with Radar,13,26,16,50,105,0,5,22,4,31,13,31,38,54,136,27,0,27,163
10/17/2014,GPT,MS,ASO,CE,Combined TRACON& Tower with Radar,13,24,17,44,98,0,2,21,6,29,13,26,38,50,127,0,0,0,127
10/18/2014,GPT,MS,ASO,CE,Combined TRACON& Tower with Radar,9,19,13,29,70,0,5,22,6,33,9,24,35,35,103,26,24,50,153
10/19/2014,GPT,MS,ASO,CE,Combined TRACON& Tower with Radar,15,19,16,8,58,0,0,23,7,30,15,19,39,15,88,0,0,0,88
10/20/2014,GPT,MS,ASO,CE,Combined TRACON& Tower with Radar,13,21,12,77,123,0,0,8,7,15,13,21,20,84,138,0,0,0,138
10/21/2014,GPT,MS,ASO,CE,Combined TRACON& Tower with Radar,14,21,31,77,143,0,2,17,14,33,14,23,48,91,176,12,26,38,214
10/22/2014,GPT,MS,ASO,CE,Combined TRACON& Tower with Radar,14,21,18,83,136,0,3,14,9,26,14,24,32,92,162,28,0,28,190
10/23/2014,GPT,MS,ASO,CE,Combined TRACON& Tower with Radar,12,23,23,137,195,0,0,14,11,25,12,23,37,148,220,10,32,42,262
10/24/2014,GPT,MS,ASO,CE,Combined TRACON& Tower with Radar,16,22,18,76,132,0,2,19,1,22,16,24,37,77,154,6,54,60,214
10/25/2014,GPT,MS,ASO,CE,Combined TRACON& Tower with Radar,12,21,3,14,50,0,0,29,2,31,12,21,32,16,81,0,0,0,81
10/26/2014,GPT,MS,ASO,CE,Combined TRACON& Tower with Radar,16,19,11,24,70,0,0,9,1,10,16,19,20,25,80,0,0,0,80
10/27/2014,GPT,MS,ASO,CE,Combined TRACON& Tower with Radar,13,19,11,135,178,0,2,5,19,26,13,21,16,154,204,6,0,6,210
10/28/2014,GPT,MS,ASO,CE,Combined TRACON& Tower with Radar,16,24,25,100,165,0,5,13,14,32,16,29,38,114,197,0,16,16,213
10/29/2014,GPT,MS,ASO,CE,Combined TRACON& Tower with Radar,14,23,17,89,143,0,8,10,24,42,14,31,27,113,185,8,7,15,200
10/30/2014,GPT,MS,ASO,CE,Combined TRACON& Tower with Radar,11,23,22,103,159,0,3,15,18,36,11,26,37,121,195,20,57,77,272
10/31/2014,GPT,MS,ASO,CE,Combined TRACON& Tower with Radar,14,20,15,89,138,0,4,7,18,29,14,24,22,107,167,19,6,25,192
11/01/2014,GPT,MS,ASO,CE,Combined TRACON& Tower with Radar,8,19,9,21,57,0,0,9,0,9,8,19,18,21,66,4,0,4,70
11/02/2014,GPT,MS,ASO,CE,Combined TRACON& Tower with Radar,15,20,11,7,53,0,1,17,3,21,15,21,28,10,74,14,0,14,88
11/03/2014,GPT,MS,ASO,CE,Combined TRACON& Tower with Radar,13,20,20,99,152,0,0,5,22,27,13,20,25,121,179,8,12,20,199
11/04/2014,GPT,MS,ASO,CE,Combined TRACON& Tower with Radar,12,22,12,94,140,0,1,16,20,37,12,23,28,114,177,4,18,22,199
11/05/2014,GPT,MS,ASO,CE,Combined TRACON& Tower with Radar,14,21,23,65,123,0,2,10,15,27,14,23,33,80,150,4,6,10,160
11/06/2014,GPT,MS,ASO,CE,Combined TRACON& Tower with Radar,12,21,16,87,136,0,2,3,12,17,12,23,19,99,153,26,12,38,191
11/07/2014,GPT,MS,ASO,CE,Combined TRACON& Tower with Radar,19,24,4,63,110,0,0,21,4,25,19,24,25,67,135,28,4,32,167
11/08/2014,GPT,MS,ASO,CE,Combined TRACON& Tower with Radar,11,16,3,15,45,0,1,22,2,25,11,17,25,17,70,0,0,0,70
11/09/2014,GPT,MS,ASO,CE,Combined TRACON& Tower with Radar,13,28,13,21,75,0,0,16,8,24,13,28,29,29,99,2,14,16,115
11/10/2014,GPT,MS,ASO,CE,Combined TRACON& Tower with Radar,13,19,19,43,94,0,0,11,5,16,13,19,30,48,110,0,0,0,110
11/11/2014,GPT,MS,ASO,CE,Combined TRACON& Tower with Radar,14,22,5,0,41,0,1,8,2,11,14,23,13,2,52,14,10,24,76
11/12/2014,GPT,MS,ASO,CE,Combined TRACON& Tower with Radar,14,21,29,70,134,0,3,9,6,18,14,24,38,76,152,4,2,6,158
11/13/2014,GPT,MS,ASO,CE,Combined TRACON& Tower with Radar,16,19,27,30,92,0,2,1,4,7,16,21,28,34,99,4,20,24,123
11/14/2014,GPT,MS,ASO,CE,Combined TRACON& Tower with Radar,15,20,13,59,107,0,0,20,10,30,15,20,33,69,137,24,20,44,181
11/15/2014,GPT,MS,ASO,CE,Combined TRACON& Tower with Radar,11,15,4,12,42,0,0,10,6,16,11,15,14,18,58,0,0,0,58
11/16/2014,GPT,MS,ASO,CE,Combined TRACON& Tower with Radar,13,16,7,11,47,0,0,9,2,11,13,16,16,13,58,6,0,6,64
11/17/2014,GPT,MS,ASO,CE,Combined TRACON& Tower with Radar,14,19,17,42,92,0,0,8,17,25,14,19,25,59,117,2,22,24,141
11/18/2014,GPT,MS,ASO,CE,Combined TRACON& Tower with Radar,14,24,16,49,103,0,3,8,9,20,14,27,24,58,123,18,24,42,165
11/19/2014,GPT,MS,ASO,CE,Combined TRACON& Tower with Radar,14,22,10,40,86,0,8,2,13,23,14,30,12,53,109,0,0,0,109
11/20/2014,GPT,MS,ASO,CE,Combined TRACON& Tower with Radar,12,21,11,62,106,0,0,12,13,25,12,21,23,75,131,8,12,20,151
11/21/2014,GPT,MS,ASO,CE,Combined TRACON& Tower with Radar,16,19,18,55,108,0,0,9,14,23,16,19,27,69,131,32,16,48,179
11/22/2014,GPT,MS,ASO,CE,Combined TRACON& Tower with Radar,10,13,8,7,38,0,2,3,3,8,10,15,11,10,46,0,0,0,46
11/23/2014,GPT,MS,ASO,CE,Combined TRACON& Tower with Radar,16,23,2,19,60,0,0,4,0,4,16,23,6,19,64,0,0,0,64
11/24/2014,GPT,MS,ASO,CE,Combined TRACON& Tower with Radar,14,16,12,35,77,0,3,6,1,10,14,19,18,36,87,10,8,18,105
11/25/2014,GPT,MS,ASO,CE,Combined TRACON& Tower with Radar,14,25,12,77,128,0,2,5,7,14,14,27,17,84,142,0,4,4,146
11/26/2014,GPT,MS,ASO,CE,Combined TRACON& Tower with Radar,16,24,18,0,58,0,0,20,0,20,16,24,38,0,78,24,0,24,102
11/27/2014,GPT,MS,ASO,CE,Combined TRACON& Tower with Radar,8,12,0,0,20,0,0,2,0,2,8,12,2,0,22,0,0,0,22
11/28/2014,GPT,MS,ASO,CE,Combined TRACON& Tower with Radar,13,16,4,0,33,0,1,12,0,13,13,17,16,0,46,40,0,40,86
11/29/2014,GPT,MS,ASO,CE,Combined TRACON& Tower with Radar,13,17,6,0,36,0,0,16,0,16,13,17,22,0,52,0,0,0,52
11/30/2014,GPT,MS,ASO,CE,Combined TRACON& Tower with Radar,13,27,10,0,50,0,0,7,0,7,13,27,17,0,57,0,0,0,57
12/01/2014,GPT,MS,ASO,CE,Combined TRACON& Tower with Radar,13,23,9,64,109,0,0,3,4,7,13,23,12,68,116,0,8,8,124
12/02/2014,GPT,MS,ASO,CE,Combined TRACON& Tower with Radar,12,23,13,71,119,0,4,11,14,29,12,27,24,85,148,8,0,8,156
12/03/2014,GPT,MS,ASO,CE,Combined TRACON& Tower with Radar,12,23,17,40,92,0,0,12,2,14,12,23,29,42,106,4,10,14,120
12/04/2014,GPT,MS,ASO,CE,Combined TRACON& Tower with Radar,10,22,25,47,104,0,0,7,16,23,10,22,32,63,127,32,0,32,159
12/05/2014,GPT,MS,ASO,CE,Combined TRACON& Tower with Radar,13,23,17,56,109,0,0,12,14,26,13,23,29,70,135,18,12,30,165
12/06/2014,GPT,MS,ASO,CE,Combined TRACON& Tower with Radar,11,13,11,11,46,0,0,1,3,4,11,13,12,14,50,0,62,62,112
12/07/2014,GPT,MS,ASO,CE,Combined TRACON& Tower with Radar,14,20,21,14,69,0,2,8,5,15,14,22,29,19,84,8,10,18,102
12/08/2014,GPT,MS,ASO,CE,Combined TRACON& Tower with Radar,11,22,20,57,110,0,0,15,3,18,11,22,35,60,128,4,6,10,138
12/09/2014,GPT,MS,ASO,CE,Combined TRACON& Tower with Radar,12,25,13,64,114,0,0,11,21,32,12,25,24,85,146,28,4,32,178
12/10/2014,GPT,MS,ASO,CE,Combined TRACON& Tower with Radar,14,24,20,70,128,0,0,7,14,21,14,24,27,84,149,0,0,0,149
12/11/2014,GPT,MS,ASO,CE,Combined TRACON& Tower with Radar,10,28,16,92,146,0,2,10,22,34,10,30,26,114,180,34,14,48,228
12/12/2014,GPT,MS,ASO,CE,Combined TRACON& Tower with Radar,16,24,15,31,86,0,0,11,2,13,16,24,26,33,99,0,0,0,99
12/13/2014,GPT,MS,ASO,CE,Combined TRACON& Tower with Radar,10,13,12,14,49,0,2,11,2,15,10,15,23,16,64,12,6,18,82
12/14/2014,GPT,MS,ASO,CE,Combined TRACON& Tower with Radar,12,17,12,10,51,0,2,18,4,24,12,19,30,14,75,6,0,6,81
12/15/2014,GPT,MS,ASO,CE,Combined TRACON& Tower with Radar,12,21,20,66,119,0,0,10,8,18,12,21,30,74,137,0,2,2,139
12/16/2014,GPT,MS,ASO,CE,Combined TRACON& Tower with Radar,12,22,19,59,112,0,1,13,17,31,12,23,32,76,143,2,6,8,151
12/17/2014,GPT,MS,ASO,CE,Combined TRACON& Tower with Radar,12,25,23,58,118,0,6,14,10,30,12,31,37,68,148,2,6,8,156
12/18/2014,GPT,MS,ASO,CE,Combined TRACON& Tower with Radar,10,26,19,34,89,0,1,9,5,15,10,27,28,39,104,0,18,18,122
12/19/2014,GPT,MS,ASO,CE,Combined TRACON& Tower with Radar,12,26,10,3,51,0,0,0,0,0,12,26,10,3,51,0,0,0,51
12/20/2014,GPT,MS,ASO,CE,Combined TRACON& Tower with Radar,11,20,7,2,40,0,0,0,0,0,11,20,7,2,40,0,0,0,40
12/21/2014,GPT,MS,ASO,CE,Combined TRACON& Tower with Radar,10,32,11,0,53,0,2,7,0,9,10,34,18,0,62,2,0,2,64
12/22/2014,GPT,MS,ASO,CE,Combined TRACON& Tower with Radar,8,38,4,4,54,0,0,1,0,1,8,38,5,4,55,0,0,0,55
12/23/2014,GPT,MS,ASO,CE,Combined TRACON& Tower with Radar,10,18,1,0,29,0,0,0,0,0,10,18,1,0,29,6,0,6,35
12/24/2014,GPT,MS,ASO,CE,Combined TRACON& Tower with Radar,10,22,6,2,40,0,0,3,0,3,10,22,9,2,43,0,0,0,43
12/25/2014,GPT,MS,ASO,CE,Combined TRACON& Tower with Radar,6,20,3,0,29,0,1,16,0,17,6,21,19,0,46,0,0,0,46
12/26/2014,GPT,MS,ASO,CE,Combined TRACON& Tower with Radar,10,27,4,2,43,0,0,12,0,12,10,27,16,2,55,6,0,6,61
12/27/2014,GPT,MS,ASO,CE,Combined TRACON& Tower with Radar,8,17,5,0,30,0,0,0,0,0,8,17,5,0,30,0,0,0,30
12/28/2014,GPT,MS,ASO,CE,Combined TRACON& Tower with Radar,7,16,2,0,25,0,0,0,0,0,7,16,2,0,25,0,0,0,25
12/29/2014,GPT,MS,ASO,CE,Combined TRACON& Tower with Radar,10,26,12,21,69,0,0,4,0,4,10,26,16,21,73,0,0,0,73
12/30/2014,GPT,MS,ASO,CE,Combined TRACON& Tower with Radar,10,28,37,29,104,0,0,2,1,3,10,28,39,30,107,0,0,0,107
12/31/2014,GPT,MS,ASO,CE,Combined TRACON& Tower with Radar,8,24,16,0,48,0,3,10,1,14,8,27,26,1,62,0,0,0,62
01/01/2015,GPT,MS,ASO,CE,Combined TRACON& Tower with Radar,5,21,15,0,41,0,1,3,0,4,5,22,18,0,45,0,0,0,45
01/02/2015,GPT,MS,ASO,CE,Combined TRACON& Tower with Radar,13,32,21,6,72,0,0,0,0,0,13,32,21,6,72,0,0,0,72
01/03/2015,GPT,MS,ASO,CE,Combined TRACON& Tower with Radar,10,21,7,0,38,0,0,0,0,0,10,21,7,0,38,0,0,0,38
01/04/2015,GPT,MS,ASO,CE,Combined TRACON& Tower with Radar,10,27,8,0,45,0,0,9,0,9,10,27,17,0,54,14,0,14,68
01/05/2015,GPT,MS,ASO,CE,Combined TRACON& Tower with Radar,10,22,8,20,60,0,1,8,0,9,10,23,16,20,69,20,12,32,101
01/06/2015,GPT,MS,ASO,CE,Combined TRACON& Tower with Radar,12,25,6,76,119,0,3,19,1,23,12,28,25,77,142,34,24,58,200
01/07/2015,GPT,MS,ASO,CE,Combined TRACON& Tower with Radar,12,21,18,21,72,0,1,8,6,15,12,22,26,27,87,2,8,10,97
01/08/2015,GPT,MS,ASO,CE,Combined TRACON& Tower with Radar,14,20,5,40,79,0,1,9,3,13,14,21,14,43,92,0,30,30,122
01/09/2015,GPT,MS,ASO,CE,Combined TRACON& Tower with Radar,14,22,17,55,108,0,1,3,9,13,14,23,20,64,121,0,22,22,143
01/10/2015,GPT,MS,ASO,CE,Combined TRACON& Tower with Radar,7,19,15,12,53,0,0,7,7,14,7,19,22,19,67,0,12,12,79
01/11/2015,GPT,MS,ASO,CE,Combined TRACON& Tower with Radar,13,16,11,17,57,0,1,2,1,4,13,17,13,18,61,0,10,10,71
01/12/2015,GPT,MS,ASO,CE,Combined TRACON& Tower with Radar,13,19,11,79,122,0,0,1,5,6,13,19,12,84,128,0,24,24,152
01/13/2015,GPT,MS,ASO,CE,Combined TRACON& Tower with Radar,10,26,16,121,173,0,0,5,2,7,10,26,21,123,180,12,14,26,206
01/14/2015,GPT,MS,ASO,CE,Combined TRACON& Tower with Radar,12,23,13,118,166,0,0,2,1,3,12,23,15,119,169,0,12,12,181
01/15/2015,GPT,MS,ASO,CE,Combined TRACON& Tower with Radar,14,21,23,40,98,0,0,1,0,1,14,21,24,40,99,0,0,0,99
01/16/2015,GPT,MS,ASO,CE,Combined TRACON& Tower with Radar,14,26,30,92,162,0,2,23,11,36,14,28,53,103,198,0,10,10,208
01/17/2015,GPT,MS,ASO,CE,Combined TRACON& Tower with Radar,6,18,15,11,50,0,0,19,1,20,6,18,34,12,70,2,16,18,88
01/18/2015,GPT,MS,ASO,CE,Combined TRACON& Tower with Radar,13,22,10,0,45,0,0,16,1,17,13,22,26,1,62,4,4,8,70
01/19/2015,GPT,MS,ASO,CE,Combined TRACON& Tower with Radar,11,21,13,1,46,0,0,8,0,8,11,21,21,1,54,0,0,0,54
01/20/2015,GPT,MS,ASO,CE,Combined TRACON& Tower with Radar,12,25,20,77,134,0,3,7,2,12,12,28,27,79,146,0,10,10,156
01/21/2015,GPT,MS,ASO,CE,Combined TRACON& Tower with Radar,12,24,14,78,128,0,3,2,27,32,12,27,16,105,160,0,0,0,160
01/22/2015,GPT,MS,ASO,CE,Combined TRACON& Tower with Radar,10,22,11,61,104,0,0,6,5,11,10,22,17,66,115,0,30,30,145
01/23/2015,GPT,MS,ASO,CE,Combined TRACON& Tower with Radar,14,26,12,23,75,0,0,0,0,0,14,26,12,23,75,0,0,0,75
01/24/2015,GPT,MS,ASO,CE,Combined TRACON& Tower with Radar,6,20,4,17,47,0,0,21,6,27,6,20,25,23,74,4,6,10,84
01/25/2015,GPT,MS,ASO,CE,Combined TRACON& Tower with Radar,16,18,7,7,48,0,0,7,3,10,16,18,14,10,58,2,0,2,60
01/26/2015,GPT,MS,ASO,CE,Combined TRACON& Tower with Radar,11,23,15,56,105,0,0,8,3,11,11,23,23,59,116,4,0,4,120
01/27/2015,GPT,MS,ASO,CE,Combined TRACON& Tower with Radar,12,30,26,132,200,0,3,24,11,38,12,33,50,143,238,0,62,62,300
01/28/2015,GPT,MS,ASO,CE,Combined TRACON& Tower with Radar,14,21,24,110,169,0,0,14,13,27,14,21,38,123,196,10,36,46,242
01/29/2015,GPT,MS,ASO,CE,Combined TRACON& Tower with Radar,10,26,12,74,122,0,0,11,14,25,10,26,23,88,147,12,0,12,159
01/30/2015,GPT,MS,ASO,CE,Combined TRACON& Tower with Radar,15,22,22,68,127,0,0,10,13,23,15,22,32,81,150,0,0,0,150
01/31/2015,GPT,MS,ASO,CE,Combined TRACON& Tower with Radar,7,19,11,8,45,0,0,19,0,19,7,19,30,8,64,18,0,18,82
02/01/2015,GPT,MS,ASO,CE,Combined TRACON& Tower with Radar,11,16,15,5,47,0,0,2,0,2,11,16,17,5,49,14,0,14,63
02/02/2015,GPT,MS,ASO,CE,Combined TRACON& Tower with Radar,11,22,14,86,133,0,0,6,3,9,11,22,20,89,142,0,28,28,170
02/03/2015,GPT,MS,ASO,CE,Combined TRACON& Tower with Radar,12,23,17,67,119,0,6,10,19,35,12,29,27,86,154,2,14,16,170
02/04/2015,GPT,MS,ASO,CE,Combined TRACON& Tower with Radar,14,22,13,40,89,0,0,0,0,0,14,22,13,40,89,0,0,0,89
02/05/2015,GPT,MS,ASO,CE,Combined TRACON& Tower with Radar,12,22,26,65,125,0,8,9,20,37,12,30,35,85,162,0,46,46,208
02/06/2015,GPT,MS,ASO,CE,Combined TRACON& Tower with Radar,16,25,17,82,140,0,4,21,2,27,16,29,38,84,167,4,6,10,177
02/07/2015,GPT,MS,ASO,CE,Combined TRACON& Tower with Radar,6,21,8,15,50,0,2,25,6,33,6,23,33,21,83,0,24,24,107
02/08/2015,GPT,MS,ASO,CE,Combined TRACON& Tower with Radar,14,19,19,44,96,0,1,16,9,26,14,20,35,53,122,4,10,14,136
02/09/2015,GPT,MS,ASO,CE,Combined TRACON& Tower with Radar,12,21,14,31,78,0,2,13,6,21,12,23,27,37,99,0,10,10,109
02/10/2015,GPT,MS,ASO,CE,Combined TRACON& Tower with Radar,12,23,6,15,56,0,2,6,24,32,12,25,12,39,88,0,4,4,92
02/11/2015,GPT,MS,ASO,CE,Combined TRACON& Tower with Radar,12,26,14,61,113,0,0,13,15,28,12,26,27,76,141,0,44,44,185
02/12/2015,GPT,MS,ASO,CE,Combined TRACON& Tower with Radar,10,26,15,93,144,0,0,20,13,33,10,26,35,106,177,6,10,16,193
02/13/2015,GPT,MS,ASO,CE,Combined TRACON& Tower with Radar,14,26,19,94,153,0,0,19,6,25,14,26,38,100,178,4,16,20,198
02/14/2015,GPT,MS,ASO,CE,Combined TRACON& Tower with Radar,8,21,12,2,43,0,6,13,0,19,8,27,25,2,62,0,0,0,62
02/15/2015,GPT,MS,ASO,CE,Combined TRACON& Tower with Radar,14,20,11,1,46,0,4,7,1,12,14,24,18,2,58,0,0,0,58
02/16/2015,GPT,MS,ASO,CE,Combined TRACON& Tower with Radar,14,22,5,3,44,0,0,4,1,5,14,22,9,4,49,10,0,10,59
02/17/2015,GPT,MS,ASO,CE,Combined TRACON& Tower with Radar,14,23,9,56,102,0,3,4,8,15,14,26,13,64,117,0,22,22,139
02/18/2015,GPT,MS,ASO,CE,Combined TRACON& Tower with Radar,14,26,12,193,245,0,0,9,7,16,14,26,21,200,261,0,0,0,261
02/19/2015,GPT,MS,ASO,CE,Combined TRACON& Tower with Radar,10,31,26,71,138,0,0,20,20,40,10,31,46,91,178,0,0,0,178
02/20/2015,GPT,MS,ASO,CE,Combined TRACON& Tower with Radar,12,25,14,53,104,0,0,14,2,16,12,25,28,55,120,0,0,0,120
02/21/2015,GPT,MS,ASO,CE,Combined TRACON& Tower with Radar,8,23,6,46,83,0,2,2,4,8,8,25,8,50,91,0,0,0,91
02/22/2015,GPT,MS,ASO,CE,Combined TRACON& Tower with Radar,12,18,27,10,67,0,0,7,0,7,12,18,34,10,74,0,0,0,74
02/23/2015,GPT,MS,ASO,CE,Combined TRACON& Tower with Radar,10,22,16,41,89,0,1,1,1,3,10,23,17,42,92,0,0,0,92
02/24/2015,GPT,MS,ASO,CE,Combined TRACON& Tower with Radar,12,16,13,83,124,0,0,7,6,13,12,16,20,89,137,0,12,12,149
02/25/2015,GPT,MS,ASO,CE,Combined TRACON& Tower with Radar,12,23,19,9,63,0,0,0,0,0,12,23,19,9,63,0,0,0,63
02/26/2015,GPT,MS,ASO,CE,Combined TRACON& Tower with Radar,11,29,20,133,193,0,0,8,70,78,11,29,28,203,271,0,0,0,271
02/27/2015,GPT,MS,ASO,CE,Combined TRACON& Tower with Radar,14,23,26,138,201,0,0,45,26,71,14,23,71,164,272,0,0,0,272
02/28/2015,GPT,MS,ASO,CE,Combined TRACON& Tower with Radar,10,15,12,28,65,0,0,19,8,27,10,15,31,36,92,0,0,0,92
03/01/2015,GPT,MS,ASO,CE,Combined TRACON& Tower with Radar,15,16,36,1,68,0,0,0,0,0,15,16,36,1,68,0,0,0,68
03/02/2015,GPT,MS,ASO,CE,Combined TRACON& Tower with Radar,1,6,8,2,17,0,0,0,0,0,1,6,8,2,17,0,0,0,17
03/03/2015,GPT,MS,ASO,CE,Combined TRACON& Tower with Radar,16,21,15,43,95,0,2,3,2,7,16,23,18,45,102,8,0,8,110
03/04/2015,GPT,MS,ASO,CE,Combined TRACON& Tower with Radar,12,25,10,52,99,0,0,2,0,2,12,25,12,52,101,0,0,0,101
03/05/2015,GPT,MS,ASO,CE,Combined TRACON& Tower with Radar,10,23,15,23,71,0,0,2,0,2,10,23,17,23,73,0,0,0,73
03/06/2015,GPT,MS,ASO,CE,Combined TRACON& Tower with Radar,14,22,22,80,138,0,1,18,17,36,14,23,40,97,174,28,24,52,226
03/07/2015,GPT,MS,ASO,CE,Combined TRACON& Tower with Radar,8,24,14,36,82,0,3,43,2,48,8,27,57,38,130,10,30,40,170
03/08/2015,GPT,MS,ASO,CE,Combined TRACON& Tower with Radar,13,22,21,46,102,0,2,14,7,23,13,24,35,53,125,6,2,8,133
03/09/2015,GPT,MS,ASO,CE,Combined TRACON& Tower with Radar,15,25,5,10,55,0,0,0,0,0,15,25,5,10,55,0,0,0,55
03/10/2015,GPT,MS,ASO,CE,Combined TRACON& Tower with Radar,12,27,8,17,64,0,0,2,1,3,12,27,10,18,67,0,2,2,69
03/11/2015,GPT,MS,ASO,CE,Combined TRACON& Tower with Radar,14,25,26,15,80,0,0,0,0,0,14,25,26,15,80,0,0,0,80
03/12/2015,GPT,MS,ASO,CE,Combined TRACON& Tower with Radar,14,26,29,24,93,0,1,2,0,3,14,27,31,24,96,0,0,0,96
03/13/2015,GPT,MS,ASO,CE,Combined TRACON& Tower with Radar,17,25,10,0,52,0,0,3,0,3,17,25,13,0,55,0,0,0,55
03/14/2015,GPT,MS,ASO,CE,Combined TRACON& Tower with Radar,8,25,22,20,75,0,1,4,9,14,8,26,26,29,89,0,0,0,89
03/15/2015,GPT,MS,ASO,CE,Combined TRACON& Tower with Radar,14,21,11,24,70,0,1,15,3,19,14,22,26,27,89,0,0,0,89
03/16/2015,GPT,MS,ASO,CE,Combined TRACON& Tower with Radar,12,21,22,56,111,0,3,17,11,31,12,24,39,67,142,22,28,50,192
03/17/2015,GPT,MS,ASO,CE,Combined TRACON& Tower with Radar,12,23,17,63,115,0,0,16,16,32,12,23,33,79,147,12,14,26,173
03/18/2015,GPT,MS,ASO,CE,Combined TRACON& Tower with Radar,12,25,20,107,164,0,3,5,26,34,12,28,25,133,198,0,2,2,200
03/19/2015,GPT,MS,ASO,CE,Combined TRACON& Tower with Radar,10,28,9,174,221,0,1,10,12,23,10,29,19,186,244,0,48,48,292
03/20/2015,GPT,MS,ASO,CE,Combined TRACON& Tower with Radar,12,29,31,97,169,0,0,5,7,12,12,29,36,104,181,0,22,22,203
03/21/2015,GPT,MS,ASO,CE,Combined TRACON& Tower with Radar,8,34,16,10,68,0,0,6,0,6,8,34,22,10,74,0,46,46,120
03/22/2015,GPT,MS,ASO,CE,Combined TRACON& Tower with Radar,14,27,15,14,70,0,0,2,1,3,14,27,17,15,73,0,0,0,73
03/23/2015,GPT,MS,ASO,CE,Combined TRACON& Tower with Radar,12,29,10,152,203,0,0,1,3,4,12,29,11,155,207,0,4,4,211
03/24/2015,GPT,MS,ASO,CE,Combined TRACON& Tower with Radar,12,29,19,83,143,0,1,2,13,16,12,30,21,96,159,42,44,86,245
03/25/2015,GPT,MS,ASO,CE,Combined TRACON& Tower with Radar,15,30,12,79,136,0,0,14,5,19,15,30,26,84,155,4,26,30,185
03/26/2015,GPT,MS,ASO,CE,Combined TRACON& Tower with Radar,10,32,26,18,86,0,0,6,2,8,10,32,32,20,94,20,2,22,116
03/27/2015,GPT,MS,ASO,CE,Combined TRACON& Tower with Radar,14,28,20,36,98,0,2,20,7,29,14,30,40,43,127,2,6,8,135
03/28/2015,GPT,MS,ASO,CE,Combined TRACON& Tower with Radar,12,25,7,10,54,0,3,21,5,29,12,28,28,15,83,0,0,0,83
03/29/2015,GPT,MS,ASO,CE,Combined TRACON& Tower with Radar,14,23,22,6,65,0,1,15,2,18,14,24,37,8,83,0,0,0,83
03/30/2015,GPT,MS,ASO,CE,Combined TRACON& Tower with Radar,11,24,13,48,96,0,2,8,3,13,11,26,21,51,109,0,0,0,109
03/31/2015,GPT,MS,ASO,CE,Combined TRACON& Tower with Radar,16,25,15,83,139,0,2,13,16,31,16,27,28,99,170,6,18,24,194
04/01/2015,GPT,MS,ASO,CE,Combined TRACON& Tower with Radar,12,29,32,75,148,0,0,14,14,28,12,29,46,89,176,0,0,0,176
04/02/2015,GPT,MS,ASO,CE,Combined TRACON& Tower with Radar,10,30,16,75,131,0,0,6,9,15,10,30,22,84,146,0,0,0,146
04/03/2015,GPT,MS,ASO,CE,Combined TRACON& Tower with Radar,16,26,15,67,124,2,0,21,19,42,18,26,36,86,166,0,0,0,166
04/04/2015,GPT,MS,ASO,CE,Combined TRACON& Tower with Radar,12,17,5,14,48,0,2,9,0,11,12,19,14,14,59,0,0,0,59
04/05/2015,GPT,MS,ASO,CE,Combined TRACON& Tower with Radar,12,18,12,4,46,0,0,1,0,1,12,18,13,4,47,0,0,0,47
04/06/2015,GPT,MS,ASO,CE,Combined TRACON& Tower with Radar,12,23,13,67,115,0,0,3,4,7,12,23,16,71,122,2,2,4,126
04/07/2015,GPT,MS,ASO,CE,Combined TRACON& Tower with Radar,14,28,16,120,178,0,0,11,0,11,14,28,27,120,189,0,2,2,191
04/08/2015,GPT,MS,ASO,CE,Combined TRACON& Tower with Radar,14,25,25,78,142,0,0,16,6,22,14,25,41,84,164,48,2,50,214
04/09/2015,GPT,MS,ASO,CE,Combined TRACON& Tower with Radar,12,22,17,113,164,0,1,3,9,13,12,23,20,122,177,12,0,12,189
04/10/2015,GPT,MS,ASO,CE,Combined TRACON& Tower with Radar,13,28,11,16,68,0,0,26,2,28,13,28,37,18,96,0,0,0,96
04/11/2015,GPT,MS,ASO,CE,Combined TRACON& Tower with Radar,15,15,10,11,51,0,3,4,3,10,15,18,14,14,61,11,0,11,72
04/12/2015,GPT,MS,ASO,CE,Combined TRACON& Tower with Radar,12,16,7,10,45,0,0,3,3,6,12,16,10,13,51,0,0,0,51
04/13/2015,GPT,MS,ASO,CE,Combined TRACON& Tower with Radar,16,23,17,2,58,0,0,5,2,7,16,23,22,4,65,0,28,28,93
04/14/2015,GPT,MS,ASO,CE,Combined TRACON& Tower with Radar,14,21,3,0,38,0,0,0,0,0,14,21,3,0,38,0,0,0,38
04/15/2015,GPT,MS,ASO,CE,Combined TRACON& Tower with Radar,14,24,13,13,64,0,1,8,0,9,14,25,21,13,73,0,0,0,73
04/16/2015,GPT,MS,ASO,CE,Combined TRACON& Tower with Radar,12,22,30,28,92,0,0,6,6,12,12,22,36,34,104,30,10,40,144
04/17/2015,GPT,MS,ASO,CE,Combined TRACON& Tower with Radar,15,18,30,51,114,0,0,4,6,10,15,18,34,57,124,12,2,14,138
04/18/2015,GPT,MS,ASO,CE,Combined TRACON& Tower with Radar,13,17,5,7,42,0,0,0,2,2,13,17,5,9,44,0,32,32,76
04/19/2015,GPT,MS,ASO,CE,Combined TRACON& Tower with Radar,14,16,16,32,78,0,0,25,11,36,14,16,41,43,114,4,9,13,127
04/20/2015,GPT,MS,ASO,CE,Combined TRACON& Tower with Radar,14,19,8,69,110,0,0,19,10,29,14,19,27,79,139,0,60,60,199
04/21/2015,GPT,MS,ASO,CE,Combined TRACON& Tower with Radar,14,18,26,72,130,0,2,14,24,40,14,20,40,96,170,0,64,64,234
04/22/2015,GPT,MS,ASO,CE,Combined TRACON& Tower with Radar,14,24,20,42,100,0,1,30,33,64,14,25,50,75,164,4,50,54,218
04/23/2015,GPT,MS,ASO,CE,Combined TRACON& Tower with Radar,12,25,23,45,105,0,2,17,9,28,12,27,40,54,133,0,0,0,133
04/24/2015,GPT,MS,ASO,CE,Combined TRACON& Tower with Radar,15,26,27,58,126,0,0,17,9,26,15,26,44,67,152,0,0,0,152
04/25/2015,GPT,MS,ASO,CE,Combined TRACON& Tower with Radar,14,20,8,5,47,0,0,1,3,4,14,20,9,8,51,0,0,0,51
04/26/2015,GPT,MS,ASO,CE,Combined TRACON& Tower with Radar,17,19,20,16,72,0,2,17,5,24,17,21,37,21,96,0,0,0,96
04/27/2015,GPT,MS,ASO,CE,Combined TRACON& Tower with Radar,14,20,15,1,50,0,0,0,5,5,14,20,15,6,55,0,8,8,63
04/28/2015,GPT,MS,ASO,CE,Combined TRACON& Tower with Radar,14,19,25,87,145,0,0,9,15,24,14,19,34,102,169,10,104,114,283
04/29/2015,GPT,MS,ASO,CE,Combined TRACON& Tower with Radar,14,27,27,141,209,0,0,12,18,30,14,27,39,159,239,0,33,33,272
04/30/2015,GPT,MS,ASO,CE,Combined TRACON& Tower with Radar,11,25,21,79,136,0,0,15,22,37,11,25,36,101,173,16,22,38,211
05/01/2015,GPT,MS,ASO,CE,Combined TRACON& Tower with Radar,15,27,22,85,149,0,0,26,6,32,15,27,48,91,181,0,4,4,185
05/02/2015,GPT,MS,ASO,CE,Combined TRACON& Tower with Radar,11,15,14,39,79,0,2,30,12,44,11,17,44,51,123,12,6,18,141
05/03/2015,GPT,MS,ASO,CE,Combined TRACON& Tower with Radar,14,20,14,18,66,0,1,25,20,46,14,21,39,38,112,12,18,30,142
05/04/2015,GPT,MS,ASO,CE,Combined TRACON& Tower with Radar,14,23,22,47,106,0,0,29,11,40,14,23,51,58,146,14,6,20,166
05/05/2015,GPT,MS,ASO,CE,Combined TRACON& Tower with Radar,14,19,10,97,140,0,4,11,31,46,14,23,21,128,186,2,18,20,206
05/06/2015,GPT,MS,ASO,CE,Combined TRACON& Tower with Radar,14,28,28,86,156,0,1,14,16,31,14,29,42,102,187,8,22,30,217
05/07/2015,GPT,MS,ASO,CE,Combined TRACON& Tower with Radar,14,23,23,72,132,0,2,29,15,46,14,25,52,87,178,6,4,10,188
05/08/2015,GPT,MS,ASO,CE,Combined TRACON& Tower with Radar,18,29,19,38,104,0,6,15,10,31,18,35,34,48,135,0,2,2,137
05/09/2015,GPT,MS,ASO,CE,Combined TRACON& Tower with Radar,13,17,2,32,64,0,2,14,1,17,13,19,16,33,81,14,36,50,131
05/10/2015,GPT,MS,ASO,CE,Combined TRACON& Tower with Radar,13,14,9,14,50,0,4,22,2,28,13,18,31,16,78,8,0,8,86
05/11/2015,GPT,MS,ASO,CE,Combined TRACON& Tower with Radar,15,17,13,53,98,0,0,6,6,12,15,17,19,59,110,12,14,26,136
05/12/2015,GPT,MS,ASO,CE,Combined TRACON& Tower with Radar,14,26,29,83,152,0,2,6,15,23,14,28,35,98,175,6,58,64,239
05/13/2015,GPT,MS,ASO,CE,Combined TRACON& Tower with Radar,14,20,25,54,113,0,4,13,22,39,14,24,38,76,152,0,24,24,176
05/14/2015,GPT,MS,ASO,CE,Combined TRACON& Tower with Radar,12,27,23,84,146,0,7,13,5,25,12,34,36,89,171,20,20,40,211
05/15/2015,GPT,MS,ASO,CE,Combined TRACON& Tower with Radar,14,23,6,27,70,0,2,8,1,11,14,25,14,28,81,2,0,2,83
05/16/2015,GPT,MS,ASO,CE,Combined TRACON& Tower with Radar,15,15,5,0,35,0,0,3,4,7,15,15,8,4,42,0,0,0,42
05/17/2015,GPT,MS,ASO,CE,Combined TRACON& Tower with Radar,15,17,7,26,65,0,0,13,13,26,15,17,20,39,91,22,42,64,155
05/18/2015,GPT,MS,ASO,CE,Combined TRACON& Tower with Radar,12,21,18,31,82,0,0,7,6,13,12,21,25,37,95,2,18,20,115
05/19/2015,GPT,MS,ASO,CE,Combined TRACON& Tower with Radar,14,22,20,70,126,0,4,11,16,31,14,26,31,86,157,2,12,14,171
05/20/2015,GPT,MS,ASO,CE,Combined TRACON& Tower with Radar,15,22,20,43,100,0,0,10,5,15,15,22,30,48,115,12,2,14,129
05/21/2015,GPT,MS,ASO,CE,Combined TRACON& Tower with Radar,16,22,8,29,75,0,1,8,3,12,16,23,16,32,87,0,12,12,99
05/22/2015,GPT,MS,ASO,CE,Combined TRACON& Tower with Radar,16,22,15,22,75,0,0,20,4,24,16,22,35,26,99,32,16,48,147
05/23/2015,GPT,MS,ASO,CE,Combined TRACON& Tower with Radar,12,14,9,17,52,0,3,23,0,26,12,17,32,17,78,12,0,12,90
05/24/2015,GPT,MS,ASO,CE,Combined TRACON& Tower with Radar,12,16,10,2,40,0,2,5,2,9,12,18,15,4,49,18,0,18,67
05/25/2015,GPT,MS,ASO,CE,Combined TRACON& Tower with Radar,12,15,5,1,33,0,2,3,2,7,12,17,8,3,40,0,0,0,40
05/26/2015,GPT,MS,ASO,CE,Combined TRACON& Tower with Radar,13,21,8,22,64,0,0,13,5,18,13,21,21,27,82,24,2,26,108
05/27/2015,GPT,MS,ASO,CE,Combined TRACON& Tower with Radar,14,23,14,36,87,0,1,3,4,8,14,24,17,40,95,0,12,12,107
05/28/2015,GPT,MS,ASO,CE,Combined TRACON& Tower with Radar,12,25,18,35,90,0,0,18,12,30,12,25,36,47,120,2,0,2,122
05/29/2015,GPT,MS,ASO,CE,Combined TRACON& Tower with Radar,16,23,27,50,116,0,0,14,3,17,16,23,41,53,133,18,0,18,151
05/30/2015,GPT,MS,ASO,CE,Combined TRACON& Tower with Radar,10,16,8,19,53,0,5,21,3,29,10,21,29,22,82,30,0,30,112
05/31/2015,GPT,MS,ASO,CE,Combined TRACON& Tower with Radar,13,22,13,22,70,0,1,10,18,29,13,23,23,40,99,22,2,24,123
06/01/2015,GPT,MS,ASO,CE,Combined TRACON& Tower with Radar,14,19,15,62,110,0,4,13,10,27,14,23,28,72,137,30,10,40,177
06/02/2015,GPT,MS,ASO,CE,Combined TRACON& Tower with Radar,14,24,9,109,156,0,1,15,7,23,14,25,24,116,179,42,8,50,229
06/03/2015,GPT,MS,ASO,CE,Combined TRACON& Tower with Radar,14,20,24,91,149,0,5,26,16,47,14,25,50,107,196,32,74,106,302
06/04/2015,GPT,MS,ASO,CE,Combined TRACON& Tower with Radar,10,21,25,117,173,0,2,18,18,38,10,23,43,135,211,12,12,24,235
06/05/2015,GPT,MS,ASO,CE,Combined TRACON& Tower with Radar,12,23,20,116,171,0,0,15,12,27,12,23,35,128,198,24,34,58,256
06/06/2015,GPT,MS,ASO,CE,Combined TRACON& Tower with Radar,11,18,6,65,100,0,6,18,7,31,11,24,24,72,131,12,0,12,143
06/07/2015,GPT,MS,ASO,CE,Combined TRACON& Tower with Radar,12,20,35,55,122,0,2,27,15,44,12,22,62,70,166,2,0,2,168
06/08/2015,GPT,MS,ASO,CE,Combined TRACON& Tower with Radar,12,23,8,91,134,0,1,11,9,21,12,24,19,100,155,26,2,28,183
06/09/2015,GPT,MS,ASO,CE,Combined TRACON& Tower with Radar,11,21,14,20,66,0,0,7,7,14,11,21,21,27,80,14,56,70,150
06/10/2015,GPT,MS,ASO,CE,Combined TRACON& Tower with Radar,12,23,19,79,133,0,3,14,15,32,12,26,33,94,165,24,14,38,203
06/11/2015,GPT,MS,ASO,CE,Combined TRACON& Tower with Radar,12,24,15,27,78,0,1,11,16,28,12,25,26,43,106,0,22,22,128
06/12/2015,GPT,MS,ASO,CE,Combined TRACON& Tower with Radar,15,19,17,16,67,0,0,11,0,11,15,19,28,16,78,0,0,0,78
06/13/2015,GPT,MS,ASO,CE,Combined TRACON& Tower with Radar,10,17,7,18,52,0,2,14,6,22,10,19,21,24,74,22,0,22,96
06/14/2015,GPT,MS,ASO,CE,Combined TRACON& Tower with Radar,11,19,19,4,53,0,2,2,0,4,11,21,21,4,57,0,0,0,57
06/15/2015,GPT,MS,ASO,CE,Combined TRACON& Tower with Radar,15,21,13,43,92,0,0,9,10,19,15,21,22,53,111,4,34,38,149
06/16/2015,GPT,MS,ASO,CE,Combined TRACON& Tower with Radar,13,18,20,74,125,0,2,21,4,27,13,20,41,78,152,2,2,4,156
06/17/2015,GPT,MS,ASO,CE,Combined TRACON& Tower with Radar,12,19,25,97,153,0,3,18,13,34,12,22,43,110,187,7,15,22,209
06/18/2015,GPT,MS,ASO,CE,Combined TRACON& Tower with Radar,9,22,24,77,132,0,0,13,16,29,9,22,37,93,161,26,0,26,187
06/19/2015,GPT,MS,ASO,CE,Combined TRACON& Tower with Radar,12,24,24,100,160,0,0,16,7,23,12,24,40,107,183,0,34,34,217
06/20/2015,GPT,MS,ASO,CE,Combined TRACON& Tower with Radar,11,17,5,17,50,0,2,15,3,20,11,19,20,20,70,78,0,78,148
06/21/2015,GPT,MS,ASO,CE,Combined TRACON& Tower with Radar,12,23,16,24,75,0,0,4,3,7,12,23,20,27,82,0,0,0,82
06/22/2015,GPT,MS,ASO,CE,Combined TRACON& Tower with Radar,12,21,9,84,126,0,0,14,6,20,12,21,23,90,146,6,0,6,152
06/23/2015,GPT,MS,ASO,CE,Combined TRACON& Tower with Radar,11,20,14,34,79,0,3,8,4,15,11,23,22,38,94,4,0,4,98
06/24/2015,GPT,MS,ASO,CE,Combined TRACON& Tower with Radar,11,23,17,19,70,0,1,8,4,13,11,24,25,23,83,0,0,0,83
06/25/2015,GPT,MS,ASO,CE,Combined TRACON& Tower with Radar,9,26,21,20,76,0,2,7,10,19,9,28,28,30,95,0,0,0,95
06/26/2015,GPT,MS,ASO,CE,Combined TRACON& Tower with Radar,14,21,16,76,127,0,0,18,2,20,14,21,34,78,147,2,6,8,155
06/27/2015,GPT,MS,ASO,CE,Combined TRACON& Tower with Radar,10,16,6,23,55,0,0,13,2,15,10,16,19,25,70,0,8,8,78
06/28/2015,GPT,MS,ASO,CE,Combined TRACON& Tower with Radar,13,21,30,34,98,0,5,11,2,18,13,26,41,36,116,0,0,0,116
06/29/2015,GPT,MS,ASO,CE,Combined TRACON& Tower with Radar,11,21,17,30,79,0,0,6,0,6,11,21,23,30,85,28,2,30,115
06/30/2015,GPT,MS,ASO,CE,Combined TRACON& Tower with Radar,14,19,19,51,103,0,0,8,5,13,14,19,27,56,116,9,16,25,141
07/01/2015,GPT,MS,ASO,CE,Combined TRACON& Tower with Radar,12,20,19,59,110,0,0,10,13,23,12,20,29,72,133,40,2,42,175
07/02/2015,GPT,MS,ASO,CE,Combined TRACON& Tower with Radar,10,22,14,23,69,0,0,19,0,19,10,22,33,23,88,42,8,50,138
07/03/2015,GPT,MS,ASO,CE,Combined TRACON& Tower with Radar,12,15,9,0,36,0,0,14,0,14,12,15,23,0,50,16,0,16,66
07/04/2015,GPT,MS,ASO,CE,Combined TRACON& Tower with Radar,8,12,0,0,20,0,2,6,0,8,8,14,6,0,28,22,0,22,50
07/05/2015,GPT,MS,ASO,CE,Combined TRACON& Tower with Radar,12,24,9,0,45,0,0,3,0,3,12,24,12,0,48,0,0,0,48
07/06/2015,GPT,MS,ASO,CE,Combined TRACON& Tower with Radar,12,20,2,55,89,0,0,16,3,19,12,20,18,58,108,4,28,32,140
07/07/2015,GPT,MS,ASO,CE,Combined TRACON& Tower with Radar,12,25,12,79,128,0,3,28,5,36,12,28,40,84,164,14,0,14,178
07/08/2015,GPT,MS,ASO,CE,Combined TRACON& Tower with Radar,12,22,7,133,174,0,4,12,11,27,12,26,19,144,201,0,22,22,223
07/09/2015,GPT,MS,ASO,CE,Combined TRACON& Tower with Radar,10,21,14,77,122,0,0,14,7,21,10,21,28,84,143,18,58,76,219
07/10/2015,GPT,MS,ASO,CE,Combined TRACON& Tower with Radar,14,21,13,83,131,0,1,18,16,35,14,22,31,99,166,0,9,9,175
07/11/2015,GPT,MS,ASO,CE,Combined TRACON& Tower with Radar,12,18,12,22,64,0,5,20,10,35,12,23,32,32,99,1,16,17,116
07/12/2015,GPT,MS,ASO,CE,Combined TRACON& Tower with Radar,12,18,11,24,65,0,0,16,2,18,12,18,27,26,83,0,0,0,83
07/13/2015,GPT,MS,ASO,CE,Combined TRACON& Tower with Radar,13,18,13,95,139,0,0,13,13,26,13,18,26,108,165,30,20,50,215
07/14/2015,GPT,MS,ASO,CE,Combined TRACON& Tower with Radar,14,22,14,139,189,0,0,13,11,24,14,22,27,150,213,10,38,48,261
07/15/2015,GPT,MS,ASO,CE,Combined TRACON& Tower with Radar,12,23,18,63,116,0,1,15,7,23,12,24,33,70,139,0,18,18,157
07/16/2015,GPT,MS,ASO,CE,Combined TRACON& Tower with Radar,11,24,21,116,172,0,2,33,4,39,11,26,54,120,211,12,6,18,229
07/17/2015,GPT,MS,ASO,CE,Combined TRACON& Tower with Radar,16,24,18,76,134,0,1,35,7,43,16,25,53,83,177,40,14,54,231
07/18/2015,GPT,MS,ASO,CE,Combined TRACON& Tower with Radar,10,17,7,32,66,0,1,17,7,25,10,18,24,39,91,10,2,12,103
07/19/2015,GPT,MS,ASO,CE,Combined TRACON& Tower with Radar,12,18,15,19,64,0,0,15,6,21,12,18,30,25,85,2,8,10,95
07/20/2015,GPT,MS,ASO,CE,Combined TRACON& Tower with Radar,16,21,11,45,93,0,0,14,2,16,16,21,25,47,109,10,0,10,119
07/21/2015,GPT,MS,ASO,CE,Combined TRACON& Tower with Radar,12,20,22,106,160,0,4,22,23,49,12,24,44,129,209,2,42,44,253
07/22/2015,GPT,MS,ASO,CE,Combined TRACON& Tower with Radar,12,20,20,64,116,0,1,13,15,29,12,21,33,79,145,20,24,44,189
07/23/2015,GPT,MS,ASO,CE,Combined TRACON& Tower with Radar,14,19,31,107,171,0,0,35,11,46,14,19,66,118,217,4,63,67,284
07/24/2015,GPT,MS,ASO,CE,Combined TRACON& Tower with Radar,14,22,22,100,158,0,3,30,35,68,14,25,52,135,226,28,20,48,274
07/25/2015,GPT,MS,ASO,CE,Combined TRACON& Tower with Radar,13,15,12,27,67,0,0,15,1,16,13,15,27,28,83,14,4,18,101
07/26/2015,GPT,MS,ASO,CE,Combined TRACON& Tower with Radar,14,18,12,38,82,0,4,15,9,28,14,22,27,47,110,0,0,0,110
07/27/2015,GPT,MS,ASO,CE,Combined TRACON& Tower with Radar,15,21,16,43,95,0,0,18,4,22,15,21,34,47,117,1,16,17,134
07/28/2015,GPT,MS,ASO,CE,Combined TRACON& Tower with Radar,14,25,22,81,142,0,0,18,20,38,14,25,40,101,180,1,22,23,203
07/29/2015,GPT,MS,ASO,CE,Combined TRACON& Tower with Radar,16,26,11,36,89,0,1,10,3,14,16,27,21,39,103,0,2,2,105
07/30/2015,GPT,MS,ASO,CE,Combined TRACON& Tower with Radar,10,25,27,64,126,0,1,19,4,24,10,26,46,68,150,1,1,2,152
07/31/2015,GPT,MS,ASO,CE,Combined TRACON& Tower with Radar,12,20,13,48,93,0,1,19,10,30,12,21,32,58,123,10,32,42,165
08/01/2015,GPT,MS,ASO,CE,Combined TRACON& Tower with Radar,10,17,7,41,75,0,4,27,11,42,10,21,34,52,117,10,4,14,131
08/02/2015,GPT,MS,ASO,CE,Combined TRACON& Tower with Radar,12,16,8,23,59,0,4,15,7,26,12,20,23,30,85,0,0,0,85
08/03/2015,GPT,MS,ASO,CE,Combined TRACON& Tower with Radar,10,22,12,84,128,0,0,12,16,28,10,22,24,100,156,14,8,22,178
08/04/2015,GPT,MS,ASO,CE,Combined TRACON& Tower with Radar,12,23,17,100,152,0,1,21,11,33,12,24,38,111,185,14,34,48,233
08/05/2015,GPT,MS,ASO,CE,Combined TRACON& Tower with Radar,12,27,25,26,90,0,2,16,6,24,12,29,41,32,114,16,4,20,134
08/06/2015,GPT,MS,ASO,CE,Combined TRACON& Tower with Radar,12,23,12,87,134,0,3,4,9,16,12,26,16,96,150,26,6,32,182
08/07/2015,GPT,MS,ASO,CE,Combined TRACON& Tower with Radar,16,20,17,136,189,0,0,21,24,45,16,20,38,160,234,18,12,30,264
08/08/2015,GPT,MS,ASO,CE,Combined TRACON& Tower with Radar,10,17,12,18,57,0,2,17,2,21,10,19,29,20,78,4,0,4,82
08/09/2015,GPT,MS,ASO,CE,Combined TRACON& Tower with Radar,14,18,15,36,83,0,0,22,0,22,14,18,37,36,105,0,0,0,105
08/10/2015,GPT,MS,ASO,CE,Combined TRACON& Tower with Radar,9,22,7,117,155,0,1,25,6,32,9,23,32,123,187,10,18,28,215
08/11/2015,GPT,MS,ASO,CE,Combined TRACON& Tower with Radar,12,23,17,93,145,0,2,9,9,20,12,25,26,102,165,28,16,44,209
08/12/2015,GPT,MS,ASO,CE,Combined TRACON& Tower with Radar,12,20,24,64,120,0,0,10,16,26,12,20,34,80,146,12,10,22,168
08/13/2015,GPT,MS,ASO,CE,Combined TRACON& Tower with Radar,10,20,25,58,113,0,0,10,7,17,10,20,35,65,130,36,6,42,172
08/14/2015,GPT,MS,ASO,CE,Combined TRACON& Tower with Radar,12,22,22,135,191,0,1,27,16,44,12,23,49,151,235,25,15,40,275
08/15/2015,GPT,MS,ASO,CE,Combined TRACON& Tower with Radar,10,16,12,0,38,0,0,8,4,12,10,16,20,4,50,2,0,2,52
08/16/2015,GPT,MS,ASO,CE,Combined TRACON& Tower with Radar,14,18,12,2,46,0,0,2,0,2,14,18,14,2,48,0,0,0,48
08/17/2015,GPT,MS,ASO,CE,Combined TRACON& Tower with Radar,10,21,12,7,50,0,2,1,6,9,10,23,13,13,59,20,20,40,99
08/18/2015,GPT,MS,ASO,CE,Combined TRACON& Tower with Radar,12,20,19,17,68,0,0,4,0,4,12,20,23,17,72,56,0,56,128
08/19/2015,GPT,MS,ASO,CE,Combined TRACON& Tower with Radar,14,18,23,58,113,0,1,7,3,11,14,19,30,61,124,0,6,6,130
08/20/2015,GPT,MS,ASO,CE,Combined TRACON& Tower with Radar,10,26,13,43,92,0,0,6,5,11,10,26,19,48,103,0,31,31,134
08/21/2015,GPT,MS,ASO,CE,Combined TRACON& Tower with Radar,12,25,19,26,82,0,0,7,6,13,12,25,26,32,95,18,0,18,113
08/22/2015,GPT,MS,ASO,CE,Combined TRACON& Tower with Radar,8,20,15,12,55,0,6,12,1,19,8,26,27,13,74,6,10,16,90
08/23/2015,GPT,MS,ASO,CE,Combined TRACON& Tower with Radar,12,21,20,35,88,0,7,7,12,26,12,28,27,47,114,0,0,0,114
08/24/2015,GPT,MS,ASO,CE,Combined TRACON& Tower with Radar,10,34,22,113,179,0,0,8,15,23,10,34,30,128,202,0,10,10,212
08/25/2015,GPT,MS,ASO,CE,Combined TRACON& Tower with Radar,12,32,17,110,171,0,1,11,21,33,12,33,28,131,204,21,7,28,232
08/26/2015,GPT,MS,ASO,CE,Combined TRACON& Tower with Radar,12,21,17,180,230,0,1,21,19,41,12,22,38,199,271,14,8,22,293
08/27/2015,GPT,MS,ASO,CE,Combined TRACON& Tower with Radar,11,28,19,75,133,0,0,16,13,29,11,28,35,88,162,3,26,29,191
08/28/2015,GPT,MS,ASO,CE,Combined TRACON& Tower with Radar,13,30,23,65,131,0,1,26,28,55,13,31,49,93,186,18,8,26,212
08/29/2015,GPT,MS,ASO,CE,Combined TRACON& Tower with Radar,6,17,13,26,62,0,0,16,5,21,6,17,29,31,83,17,2,19,102
08/30/2015,GPT,MS,ASO,CE,Combined TRACON& Tower with Radar,13,21,24,43,101,0,3,10,12,25,13,24,34,55,126,6,0,6,132
08/31/2015,GPT,MS,ASO,CE,Combined TRACON& Tower with Radar,12,37,16,111,176,0,3,8,15,26,12,40,24,126,202,0,6,6,208
09/01/2015,GPT,MS,ASO,CE,Combined TRACON& Tower with Radar,14,20,12,88,134,0,4,14,16,34,14,24,26,104,168,14,37,51,219
09/02/2015,GPT,MS,ASO,CE,Combined TRACON& Tower with Radar,12,20,17,82,131,0,0,9,11,20,12,20,26,93,151,16,16,32,183
09/03/2015,GPT,MS,ASO,CE,Combined TRACON& Tower with Radar,13,24,18,37,92,0,0,16,8,24,13,24,34,45,116,15,2,17,133
09/04/2015,GPT,MS,ASO,CE,Combined TRACON& Tower with Radar,15,22,29,12,78,0,2,19,5,26,15,24,48,17,104,20,2,22,126
09/05/2015,GPT,MS,ASO,CE,Combined TRACON& Tower with Radar,10,15,5,10,40,0,1,14,0,15,10,16,19,10,55,32,0,32,87
09/06/2015,GPT,MS,ASO,CE,Combined TRACON& Tower with Radar,9,18,6,0,33,0,2,6,0,8,9,20,12,0,41,0,0,0,41
09/07/2015,GPT,MS,ASO,CE,Combined TRACON& Tower with Radar,11,19,15,0,45,0,1,25,0,26,11,20,40,0,71,17,0,17,88
09/08/2015,GPT,MS,ASO,CE,Combined TRACON& Tower with Radar,14,19,10,153,196,0,2,7,10,19,14,21,17,163,215,2,86,88,303
09/09/2015,GPT,MS,ASO,CE,Combined TRACON& Tower with Radar,12,20,13,77,122,0,3,7,10,20,12,23,20,87,142,10,64,74,216
09/10/2015,GPT,MS,ASO,CE,Combined TRACON& Tower with Radar,9,22,16,23,70,0,1,7,5,13,9,23,23,28,83,8,18,26,109
09/11/2015,GPT,MS,ASO,CE,Combined TRACON& Tower with Radar,11,19,14,9,53,0,0,3,1,4,11,19,17,10,57,10,0,10,67
09/12/2015,GPT,MS,ASO,CE,Combined TRACON& Tower with Radar,10,13,6,20,49,0,3,3,8,14,10,16,9,28,63,50,8,58,121
09/13/2015,GPT,MS,ASO,CE,Combined TRACON& Tower with Radar,13,18,13,58,102,0,0,21,19,40,13,18,34,77,142,28,29,57,199
09/14/2015,GPT,MS,ASO,CE,Combined TRACON& Tower with Radar,12,22,18,99,151,0,2,18,18,38,12,24,36,117,189,66,4,70,259
09/15/2015,GPT,MS,ASO,CE,Combined TRACON& Tower with Radar,13,20,20,113,166,0,2,14,14,30,13,22,34,127,196,0,0,0,196
09/16/2015,GPT,MS,ASO,CE,Combined TRACON& Tower with Radar,13,21,18,103,155,0,0,9,6,15,13,21,27,109,170,26,24,50,220
09/17/2015,GPT,MS,ASO,CE,Combined TRACON& Tower with Radar,13,26,16,78,133,0,2,12,15,29,13,28,28,93,162,42,0,42,204
09/18/2015,GPT,MS,ASO,CE,Combined TRACON& Tower with Radar,13,24,21,72,130,0,2,26,17,45,13,26,47,89,175,56,24,80,255
09/19/2015,GPT,MS,ASO,CE,Combined TRACON& Tower with Radar,11,15,10,59,95,0,5,26,17,48,11,20,36,76,143,12,14,26,169
09/20/2015,GPT,MS,ASO,CE,Combined TRACON& Tower with Radar,12,18,11,51,92,0,2,22,4,28,12,20,33,55,120,0,0,0,120
09/21/2015,GPT,MS,ASO,CE,Combined TRACON& Tower with Radar,12,23,19,63,117,0,0,11,0,11,12,23,30,63,128,4,8,12,140
09/22/2015,GPT,MS,ASO,CE,Combined TRACON& Tower with Radar,13,16,17,70,116,0,8,11,4,23,13,24,28,74,139,52,12,64,203
09/23/2015,GPT,MS,ASO,CE,Combined TRACON& Tower with Radar,13,26,26,52,117,0,4,7,1,12,13,30,33,53,129,24,31,55,184
09/24/2015,GPT,MS,ASO,CE,Combined TRACON& Tower with Radar,13,25,31,73,142,0,2,19,4,25,13,27,50,77,167,60,12,72,239
09/25/2015,GPT,MS,ASO,CE,Combined TRACON& Tower with Radar,13,21,14,73,121,0,1,14,8,23,13,22,28,81,144,13,20,33,177
09/26/2015,GPT,MS,ASO,CE,Combined TRACON& Tower with Radar,12,14,10,30,66,0,3,17,3,23,12,17,27,33,89,20,0,20,109
09/27/2015,GPT,MS,ASO,CE,Combined TRACON& Tower with Radar,13,18,11,10,52,0,0,5,0,5,13,18,16,10,57,18,0,18,75
09/28/2015,GPT,MS,ASO,CE,Combined TRACON& Tower with Radar,10,22,10,10,52,0,0,0,0,0,10,22,10,10,52,34,1,35,87
09/29/2015,GPT,MS,ASO,CE,Combined TRACON& Tower with Radar,14,21,16,125,176,0,1,12,7,20,14,22,28,132,196,14,10,24,220
09/30/2015,GPT,MS,ASO,CE,Combined TRACON& Tower with Radar,12,29,20,127,188,0,4,7,6,17,12,33,27,133,205,72,36,108,313
10/01/2015,GPT,MS,ASO,CE,Combined TRACON& Tower with Radar,11,22,18,103,154,0,2,18,3,23,11,24,36,106,177,0,14,14,191
10/02/2015,GPT,MS,ASO,CE,Combined TRACON& Tower with Radar,14,22,11,89,136,0,0,13,7,20,14,22,24,96,156,0,2,2,158
10/03/2015,GPT,MS,ASO,CE,Combined TRACON& Tower with Radar,10,16,11,33,70,0,2,9,2,13,10,18,20,35,83,0,0,0,83
10/04/2015,GPT,MS,ASO,CE,Combined TRACON& Tower with Radar,13,19,25,16,73,0,0,8,3,11,13,19,33,19,84,14,18,32,116
10/05/2015,GPT,MS,ASO,CE,Combined TRACON& Tower with Radar,11,22,22,90,145,0,2,13,7,22,11,24,35,97,167,26,8,34,201
10/06/2015,GPT,MS,ASO,CE,Combined TRACON& Tower with Radar,13,20,15,65,113,0,5,14,22,41,13,25,29,87,154,48,14,62,216
10/07/2015,GPT,MS,ASO,CE,Combined TRACON& Tower with Radar,12,23,8,84,127,0,2,8,12,22,12,25,16,96,149,36,24,60,209
10/08/2015,GPT,MS,ASO,CE,Combined TRACON& Tower with Radar,11,21,12,37,81,0,0,30,11,41,11,21,42,48,122,10,6,16,138
10/09/2015,GPT,MS,ASO,CE,Combined TRACON& Tower with Radar,11,23,16,68,118,0,1,15,6,22,11,24,31,74,140,2,16,18,158
10/10/2015,GPT,MS,ASO,CE,Combined TRACON& Tower with Radar,10,13,15,28,66,0,5,10,2,17,10,18,25,30,83,26,4,30,113
10/11/2015,GPT,MS,ASO,CE,Combined TRACON& Tower with Radar,13,25,11,5,54,0,4,32,4,40,13,29,43,9,94,10,6,16,110
10/12/2015,GPT,MS,ASO,CE,Combined TRACON& Tower with Radar,10,18,16,3,47,0,0,63,1,64,10,18,79,4,111,40,0,40,151
10/13/2015,GPT,MS,ASO,CE,Combined TRACON& Tower with Radar,12,18,21,72,123,0,2,13,5,20,12,20,34,77,143,18,16,34,177
10/14/2015,GPT,MS,ASO,CE,Combined TRACON& Tower with Radar,12,22,17,75,126,0,5,17,15,37,12,27,34,90,163,26,16,42,205
10/15/2015,GPT,MS,ASO,CE,Combined TRACON& Tower with Radar,11,24,21,55,111,0,6,36,3,45,11,30,57,58,156,0,20,20,176
10/16/2015,GPT,MS,ASO,CE,Combined TRACON& Tower with Radar,13,20,23,74,130,0,0,27,2,29,13,20,50,76,159,32,20,52,211
10/17/2015,GPT,MS,ASO,CE,Combined TRACON& Tower with Radar,11,13,7,6,37,0,3,16,2,21,11,16,23,8,58,12,6,18,76
10/18/2015,GPT,MS,ASO,CE,Combined TRACON& Tower with Radar,13,20,14,31,78,0,2,26,3,31,13,22,40,34,109,7,0,7,116
10/19/2015,GPT,MS,ASO,CE,Combined TRACON& Tower with Radar,10,20,6,61,97,0,2,16,2,20,10,22,22,63,117,0,6,6,123
10/20/2015,GPT,MS,ASO,CE,Combined TRACON& Tower with Radar,12,21,15,93,141,0,2,11,10,23,12,23,26,103,164,0,14,14,178
10/21/2015,GPT,MS,ASO,CE,Combined TRACON& Tower with Radar,12,25,13,77,127,0,3,8,12,23,12,28,21,89,150,4,14,18,168
10/22/2015,GPT,MS,ASO,CE,Combined TRACON& Tower with Radar,13,20,12,68,113,0,0,10,27,37,13,20,22,95,150,0,0,0,150
10/23/2015,GPT,MS,ASO,CE,Combined TRACON& Tower with Radar,15,17,21,51,104,0,1,10,12,23,15,18,31,63,127,22,0,22,149
10/24/2015,GPT,MS,ASO,CE,Combined TRACON& Tower with Radar,11,16,9,53,89,0,2,10,1,13,11,18,19,54,102,0,0,0,102
10/25/2015,GPT,MS,ASO,CE,Combined TRACON& Tower with Radar,13,22,9,9,53,0,0,0,0,0,13,22,9,9,53,0,0,0,53
10/26/2015,GPT,MS,ASO,CE,Combined TRACON& Tower with Radar,10,21,10,28,69,0,1,3,0,4,10,22,13,28,73,0,1,1,74
10/27/2015,GPT,MS,ASO,CE,Combined TRACON& Tower with Radar,10,23,17,185,235,0,0,5,18,23,10,23,22,203,258,29,32,61,319
10/28/2015,GPT,MS,ASO,CE,Combined TRACON& Tower with Radar,10,20,18,110,158,0,3,11,27,41,10,23,29,137,199,32,32,64,263
10/29/2015,GPT,MS,ASO,CE,Combined TRACON& Tower with Radar,11,27,30,70,138,0,4,25,17,46,11,31,55,87,184,6,40,46,230
10/30/2015,GPT,MS,ASO,CE,Combined TRACON& Tower with Radar,17,20,15,108,160,0,1,14,31,46,17,21,29,139,206,16,19,35,241
10/31/2015,GPT,MS,ASO,CE,Combined TRACON& Tower with Radar,8,10,10,7,35,0,0,4,2,6,8,10,14,9,41,6,8,14,55
11/01/2015,GPT,MS,ASO,CE,Combined TRACON& Tower with Radar,13,20,12,18,63,0,0,0,0,0,13,20,12,18,63,0,0,0,63
11/02/2015,GPT,MS,ASO,CE,Combined TRACON& Tower with Radar,12,17,13,87,129,0,2,2,16,20,12,19,15,103,149,0,38,38,187
11/03/2015,GPT,MS,ASO,CE,Combined TRACON& Tower with Radar,12,18,25,113,168,0,0,13,8,21,12,18,38,121,189,10,12,22,211
11/04/2015,GPT,MS,ASO,CE,Combined TRACON& Tower with Radar,12,19,14,100,145,0,0,17,22,39,12,19,31,122,184,50,17,67,251
11/05/2015,GPT,MS,ASO,CE,Combined TRACON& Tower with Radar,16,19,28,181,244,0,1,4,7,12,16,20,32,188,256,0,0,0,256
11/06/2015,GPT,MS,ASO,CE,Combined TRACON& Tower with Radar,16,18,24,44,102,0,2,2,4,8,16,20,26,48,110,0,0,0,110
11/07/2015,GPT,MS,ASO,CE,Combined TRACON& Tower with Radar,14,13,14,4,45,0,0,0,0,0,14,13,14,4,45,0,0,0,45
11/08/2015,GPT,MS,ASO,CE,Combined TRACON& Tower with Radar,13,18,19,4,54,0,0,0,0,0,13,18,19,4,54,0,0,0,54
11/09/2015,GPT,MS,ASO,CE,Combined TRACON& Tower with Radar,12,17,13,106,148,0,0,2,0,2,12,17,15,106,150,4,28,32,182
11/10/2015,GPT,MS,ASO,CE,Combined TRACON& Tower with Radar,12,19,13,90,134,0,0,4,1,5,12,19,17,91,139,4,22,26,165
11/11/2015,GPT,MS,ASO,CE,Combined TRACON& Tower with Radar,12,22,12,25,71,0,2,17,2,21,12,24,29,27,92,0,0,0,92
11/12/2015,GPT,MS,ASO,CE,Combined TRACON& Tower with Radar,13,25,11,92,141,0,1,7,2,10,13,26,18,94,151,0,14,14,165
11/13/2015,GPT,MS,ASO,CE,Combined TRACON& Tower with Radar,13,18,13,78,122,0,4,10,7,21,13,22,23,85,143,0,0,0,143
11/14/2015,GPT,MS,ASO,CE,Combined TRACON& Tower with Radar,10,13,22,20,65,0,0,23,2,25,10,13,45,22,90,7,10,17,107
11/15/2015,GPT,MS,ASO,CE,Combined TRACON& Tower with Radar,13,16,20,27,76,0,0,19,7,26,13,16,39,34,102,0,0,0,102
11/16/2015,GPT,MS,ASO,CE,Combined TRACON& Tower with Radar,12,18,13,58,101,0,0,7,6,13,12,18,20,64,114,2,0,2,116
11/17/2015,GPT,MS,ASO,CE,Combined TRACON& Tower with Radar,12,15,17,30,74,0,0,1,2,3,12,15,18,32,77,0,0,0,77
11/18/2015,GPT,MS,ASO,CE,Combined TRACON& Tower with Radar,12,20,14,56,102,0,2,5,2,9,12,22,19,58,111,0,28,28,139
11/19/2015,GPT,MS,ASO,CE,Combined TRACON& Tower with Radar,16,20,25,65,126,0,2,16,19,37,16,22,41,84,163,16,32,48,211
11/20/2015,GPT,MS,ASO,CE,Combined TRACON& Tower with Radar,13,19,22,107,161,0,2,19,8,29,13,21,41,115,190,18,78,96,286
11/21/2015,GPT,MS,ASO,CE,Combined TRACON& Tower with Radar,10,15,17,18,60,0,9,5,0,14,10,24,22,18,74,4,16,20,94
11/22/2015,GPT,MS,ASO,CE,Combined TRACON& Tower with Radar,11,17,21,36,85,0,0,12,5,17,11,17,33,41,102,0,0,0,102
11/23/2015,GPT,MS,ASO,CE,Combined TRACON& Tower with Radar,12,15,10,63,100,0,0,10,4,14,12,15,20,67,114,0,16,16,130
11/24/2015,GPT,MS,ASO,CE,Combined TRACON& Tower with Radar,12,16,23,93,144,0,0,11,11,22,12,16,34,104,166,6,14,20,186
11/25/2015,GPT,MS,ASO,CE,Combined TRACON& Tower with Radar,12,20,9,8,49,0,1,6,0,7,12,21,15,8,56,14,0,14,70
11/26/2015,GPT,MS,ASO,CE,Combined TRACON& Tower with Radar,8,8,3,0,19,0,0,1,0,1,8,8,4,0,20,0,0,0,20
11/27/2015,GPT,MS,ASO,CE,Combined TRACON& Tower with Radar,10,17,13,0,40,0,0,4,0,4,10,17,17,0,44,0,0,0,44
11/28/2015,GPT,MS,ASO,CE,Combined TRACON& Tower with Radar,12,14,10,0,36,0,0,10,0,10,12,14,20,0,46,2,0,2,48
11/29/2015,GPT,MS,ASO,CE,Combined TRACON& Tower with Radar,12,18,16,0,46,0,0,9,0,9,12,18,25,0,55,0,0,0,55
11/30/2015,GPT,MS,ASO,CE,Combined TRACON& Tower with Radar,12,18,10,93,133,0,0,7,5,12,12,18,17,98,145,20,16,36,181
12/01/2015,GPT,MS,ASO,CE,Combined TRACON& Tower with Radar,12,16,12,69,109,0,0,6,2,8,12,16,18,71,117,3,22,25,142
12/02/2015,GPT,MS,ASO,CE,Combined TRACON& Tower with Radar,12,17,11,71,111,0,1,5,4,10,12,18,16,75,121,28,16,44,165
12/03/2015,GPT,MS,ASO,CE,Combined TRACON& Tower with Radar,12,18,18,88,136,0,0,12,3,15,12,18,30,91,151,2,10,12,163
12/04/2015,GPT,MS,ASO,CE,Combined TRACON& Tower with Radar,12,21,17,41,91,0,0,13,4,17,12,21,30,45,108,8,2,10,118
12/05/2015,GPT,MS,ASO,CE,Combined TRACON& Tower with Radar,8,15,15,20,58,0,3,23,2,28,8,18,38,22,86,12,12,24,110
12/06/2015,GPT,MS,ASO,CE,Combined TRACON& Tower with Radar,12,16,14,19,61,0,0,31,6,37,12,16,45,25,98,17,22,39,137
12/07/2015,GPT,MS,ASO,CE,Combined TRACON& Tower with Radar,12,23,13,61,109,0,0,9,5,14,12,23,22,66,123,12,18,30,153
12/08/2015,GPT,MS,ASO,CE,Combined TRACON& Tower with Radar,12,20,18,66,116,0,0,14,0,14,12,20,32,66,130,30,12,42,172
12/09/2015,GPT,MS,ASO,CE,Combined TRACON& Tower with Radar,12,21,19,61,113,0,3,13,8,24,12,24,32,69,137,34,32,66,203
12/10/2015,GPT,MS,ASO,CE,Combined TRACON& Tower with Radar,12,24,21,85,142,0,3,17,16,36,12,27,38,101,178,32,4,36,214
12/11/2015,GPT,MS,ASO,CE,Combined TRACON& Tower with Radar,12,16,18,36,82,0,2,16,1,19,12,18,34,37,101,28,0,28,129
12/12/2015,GPT,MS,ASO,CE,Combined TRACON& Tower with Radar,10,16,7,9,42,0,1,9,0,10,10,17,16,9,52,0,0,0,52
12/13/2015,GPT,MS,ASO,CE,Combined TRACON& Tower with Radar,12,19,9,26,66,0,0,2,1,3,12,19,11,27,69,0,0,0,69
12/14/2015,GPT,MS,ASO,CE,Combined TRACON& Tower with Radar,12,16,15,74,117,0,0,7,11,18,12,16,22,85,135,12,44,56,191
12/15/2015,GPT,MS,ASO,CE,Combined TRACON& Tower with Radar,13,12,19,35,79,0,1,25,13,39,13,13,44,48,118,44,26,70,188
12/16/2015,GPT,MS,ASO,CE,Combined TRACON& Tower with Radar,14,24,16,19,73,0,0,0,0,0,14,24,16,19,73,0,0,0,73
12/17/2015,GPT,MS,ASO,CE,Combined TRACON& Tower with Radar,13,21,26,86,146,0,0,9,4,13,13,21,35,90,159,14,26,40,199
12/18/2015,GPT,MS,ASO,CE,Combined TRACON& Tower with Radar,12,22,27,39,100,0,1,21,6,28,12,23,48,45,128,4,14,18,146
12/19/2015,GPT,MS,ASO,CE,Combined TRACON& Tower with Radar,10,18,6,0,34,0,0,20,2,22,10,18,26,2,56,4,8,12,68
12/20/2015,GPT,MS,ASO,CE,Combined TRACON& Tower with Radar,12,14,6,14,46,0,3,8,0,11,12,17,14,14,57,0,0,0,57
12/21/2015,GPT,MS,ASO,CE,Combined TRACON& Tower with Radar,12,15,9,16,52,0,0,1,0,1,12,15,10,16,53,0,0,0,53
12/22/2015,GPT,MS,ASO,CE,Combined TRACON& Tower with Radar,17,21,6,3,47,0,0,0,0,0,17,21,6,3,47,0,0,0,47
12/23/2015,GPT,MS,ASO,CE,Combined TRACON& Tower with Radar,12,17,3,6,38,0,0,0,0,0,12,17,3,6,38,0,0,0,38
12/24/2015,GPT,MS,ASO,CE,Combined TRACON& Tower with Radar,11,12,5,0,28,0,0,0,0,0,11,12,5,0,28,0,0,0,28
12/25/2015,GPT,MS,ASO,CE,Combined TRACON& Tower with Radar,6,10,3,0,19,0,0,0,0,0,6,10,3,0,19,0,0,0,19
12/26/2015,GPT,MS,ASO,CE,Combined TRACON& Tower with Radar,6,14,7,0,27,0,2,1,0,3,6,16,8,0,30,0,0,0,30
12/27/2015,GPT,MS,ASO,CE,Combined TRACON& Tower with Radar,6,13,6,0,25,0,2,0,0,2,6,15,6,0,27,0,0,0,27
12/28/2015,GPT,MS,ASO,CE,Combined TRACON& Tower with Radar,8,14,5,5,32,0,0,2,0,2,8,14,7,5,34,0,0,0,34
12/29/2015,GPT,MS,ASO,CE,Combined TRACON& Tower with Radar,8,19,9,39,75,0,0,15,4,19,8,19,24,43,94,0,0,0,94
12/30/2015,GPT,MS,ASO,CE,Combined TRACON& Tower with Radar,8,17,14,0,39,0,0,0,0,0,8,17,14,0,39,0,0,0,39
12/31/2015,GPT,MS,ASO,CE,Combined TRACON& Tower with Radar,6,17,22,4,49,0,0,2,0,2,6,17,24,4,51,0,0,0,51
01/01/2016,GPT,MS,ASO,CE,Combined TRACON& Tower with Radar,6,14,14,0,34,0,0,4,0,4,6,14,18,0,38,0,0,0,38
01/02/2016,GPT,MS,ASO,CE,Combined TRACON& Tower with Radar,10,18,18,0,46,0,2,7,0,9,10,20,25,0,55,0,0,0,55
01/03/2016,GPT,MS,ASO,CE,Combined TRACON& Tower with Radar,12,16,10,4,42,0,0,9,0,9,12,16,19,4,51,0,0,0,51
01/04/2016,GPT,MS,ASO,CE,Combined TRACON& Tower with Radar,12,16,10,21,59,0,0,9,0,9,12,16,19,21,68,0,0,0,68
01/05/2016,GPT,MS,ASO,CE,Combined TRACON& Tower with Radar,12,16,10,44,82,0,0,5,6,11,12,16,15,50,93,0,0,0,93
01/06/2016,GPT,MS,ASO,CE,Combined TRACON& Tower with Radar,12,21,16,79,128,0,1,6,11,18,12,22,22,90,146,0,24,24,170
01/07/2016,GPT,MS,ASO,CE,Combined TRACON& Tower with Radar,12,19,12,59,102,0,0,0,2,2,12,19,12,61,104,0,0,0,104
01/08/2016,GPT,MS,ASO,CE,Combined TRACON& Tower with Radar,14,11,12,22,59,0,0,0,0,0,14,11,12,22,59,0,0,0,59
01/09/2016,GPT,MS,ASO,CE,Combined TRACON& Tower with Radar,11,14,6,45,76,0,0,9,1,10,11,14,15,46,86,8,36,44,130
01/10/2016,GPT,MS,ASO,CE,Combined TRACON& Tower with Radar,12,13,10,15,50,0,0,14,2,16,12,13,24,17,66,4,0,4,70
01/11/2016,GPT,MS,ASO,CE,Combined TRACON& Tower with Radar,11,15,19,95,140,0,1,16,1,18,11,16,35,96,158,4,38,42,200
01/12/2016,GPT,MS,ASO,CE,Combined TRACON& Tower with Radar,12,17,14,63,106,0,6,16,6,28,12,23,30,69,134,10,10,20,154
01/13/2016,GPT,MS,ASO,CE,Combined TRACON& Tower with Radar,12,18,12,35,77,0,0,17,7,24,12,18,29,42,101,6,42,48,149
01/14/2016,GPT,MS,ASO,CE,Combined TRACON& Tower with Radar,12,19,17,41,89,0,2,5,2,9,12,21,22,43,98,2,4,6,104
01/15/2016,GPT,MS,ASO,CE,Combined TRACON& Tower with Radar,12,21,26,50,109,0,2,7,1,10,12,23,33,51,119,0,6,6,125
01/16/2016,GPT,MS,ASO,CE,Combined TRACON& Tower with Radar,10,7,14,9,40,0,0,13,3,16,10,7,27,12,56,0,0,0,56
01/17/2016,GPT,MS,ASO,CE,Combined TRACON& Tower with Radar,10,12,9,12,43,0,0,20,1,21,10,12,29,13,64,0,0,0,64
01/18/2016,GPT,MS,ASO,CE,Combined TRACON& Tower with Radar,11,17,11,5,44,0,1,17,0,18,11,18,28,5,62,12,0,12,74
01/19/2016,GPT,MS,ASO,CE,Combined TRACON& Tower with Radar,14,19,15,91,139,0,0,11,4,15,14,19,26,95,154,16,48,64,218
01/20/2016,GPT,MS,ASO,CE,Combined TRACON& Tower with Radar,14,19,18,105,156,0,1,7,7,15,14,20,25,112,171,0,10,10,181
01/21/2016,GPT,MS,ASO,CE,Combined TRACON& Tower with Radar,14,17,23,8,62,0,0,0,0,0,14,17,23,8,62,0,4,4,66
01/22/2016,GPT,MS,ASO,CE,Combined TRACON& Tower with Radar,9,14,16,44,83,0,1,0,14,15,9,15,16,58,98,0,26,26,124
01/23/2016,GPT,MS,ASO,CE,Combined TRACON& Tower with Radar,10,12,17,17,56,0,4,6,2,12,10,16,23,19,68,0,12,12,80
01/24/2016,GPT,MS,ASO,CE,Combined TRACON& Tower with Radar,16,14,12,37,79,0,2,20,8,30,16,16,32,45,109,0,0,0,109
01/25/2016,GPT,MS,ASO,CE,Combined TRACON& Tower with Radar,12,14,13,92,131,0,0,10,7,17,12,14,23,99,148,0,0,0,148
01/26/2016,GPT,MS,ASO,CE,Combined TRACON& Tower with Radar,12,15,12,45,84,0,0,0,4,4,12,15,12,49,88,0,8,8,96
01/27/2016,GPT,MS,ASO,CE,Combined TRACON& Tower with Radar,13,22,41,40,116,0,2,2,8,12,13,24,43,48,128,0,0,0,128
01/28/2016,GPT,MS,ASO,CE,Combined TRACON& Tower with Radar,12,19,10,91,132,0,4,16,10,30,12,23,26,101,162,22,18,40,202
01/29/2016,GPT,MS,ASO,CE,Combined TRACON& Tower with Radar,10,17,23,87,137,0,5,21,7,33,10,22,44,94,170,4,32,36,206
01/30/2016,GPT,MS,ASO,CE,Combined TRACON& Tower with Radar,10,13,13,10,46,0,5,25,0,30,10,18,38,10,76,7,0,7,83
01/31/2016,GPT,MS,ASO,CE,Combined TRACON& Tower with Radar,14,12,24,49,99,0,2,12,6,20,14,14,36,55,119,0,0,0,119
02/01/2016,GPT,MS,ASO,CE,Combined TRACON& Tower with Radar,12,15,11,26,64,0,0,0,0,0,12,15,11,26,64,0,0,0,64
02/02/2016,GPT,MS,ASO,CE,Combined TRACON& Tower with Radar,15,20,3,4,42,0,0,0,0,0,15,20,3,4,42,0,0,0,42
02/03/2016,GPT,MS,ASO,CE,Combined TRACON& Tower with Radar,13,17,8,96,134,0,4,4,1,9,13,21,12,97,143,20,10,30,173
02/04/2016,GPT,MS,ASO,CE,Combined TRACON& Tower with Radar,12,18,15,90,135,0,1,11,6,18,12,19,26,96,153,16,8,24,177
02/05/2016,GPT,MS,ASO,CE,Combined TRACON& Tower with Radar,12,20,19,52,103,0,0,19,5,24,12,20,38,57,127,32,15,47,174
02/06/2016,GPT,MS,ASO,CE,Combined TRACON& Tower with Radar,14,14,7,4,39,0,1,19,6,26,14,15,26,10,65,46,0,46,111
02/07/2016,GPT,MS,ASO,CE,Combined TRACON& Tower with Radar,12,12,8,6,38,0,2,7,5,14,12,14,15,11,52,6,4,10,62
02/08/2016,GPT,MS,ASO,CE,Combined TRACON& Tower with Radar,14,20,16,55,105,0,0,6,3,9,14,20,22,58,114,0,0,0,114
02/09/2016,GPT,MS,ASO,CE,Combined TRACON& Tower with Radar,12,17,4,66,99,0,2,3,2,7,12,19,7,68,106,16,24,40,146
02/10/2016,GPT,MS,ASO,CE,Combined TRACON& Tower with Radar,12,23,14,54,103,0,6,19,6,31,12,29,33,60,134,0,0,0,134
02/11/2016,GPT,MS,ASO,CE,Combined TRACON& Tower with Radar,17,19,28,66,130,0,1,15,8,24,17,20,43,74,154,0,0,0,154
02/12/2016,GPT,MS,ASO,CE,Combined TRACON& Tower with Radar,13,15,14,74,116,0,1,10,3,14,13,16,24,77,130,0,18,18,148
02/13/2016,GPT,MS,ASO,CE,Combined TRACON& Tower with Radar,12,16,14,20,62,0,5,23,1,29,12,21,37,21,91,27,0,27,118
02/14/2016,GPT,MS,ASO,CE,Combined TRACON& Tower with Radar,10,19,17,15,61,0,2,15,2,19,10,21,32,17,80,0,0,0,80
02/15/2016,GPT,MS,ASO,CE,Combined TRACON& Tower with Radar,10,13,4,2,29,0,0,0,0,0,10,13,4,2,29,0,0,0,29
02/16/2016,GPT,MS,ASO,CE,Combined TRACON& Tower with Radar,11,20,8,120,159,0,3,19,12,34,11,23,27,132,193,6,14,20,213
02/17/2016,GPT,MS,ASO,CE,Combined TRACON& Tower with Radar,12,17,22,80,131,0,6,23,13,42,12,23,45,93,173,2,20,22,195
02/18/2016,GPT,MS,ASO,CE,Combined TRACON& Tower with Radar,14,18,27,69,128,0,1,39,1,41,14,19,66,70,169,40,0,40,209
02/19/2016,GPT,MS,ASO,CE,Combined TRACON& Tower with Radar,16,15,8,50,89,0,1,13,10,24,16,16,21,60,113,14,0,14,127
02/20/2016,GPT,MS,ASO,CE,Combined TRACON& Tower with Radar,10,14,5,8,37,0,2,11,7,20,10,16,16,15,57,8,0,8,65
02/21/2016,GPT,MS,ASO,CE,Combined TRACON& Tower with Radar,12,13,14,25,64,0,1,9,4,14,12,14,23,29,78,0,0,0,78
02/22/2016,GPT,MS,ASO,CE,Combined TRACON& Tower with Radar,14,14,11,13,52,0,0,3,1,4,14,14,14,14,56,0,0,0,56
02/23/2016,GPT,MS,ASO,CE,Combined TRACON& Tower with Radar,18,16,15,7,56,0,0,0,0,0,18,16,15,7,56,0,0,0,56
02/24/2016,GPT,MS,ASO,CE,Combined TRACON& Tower with Radar,12,20,18,79,129,0,0,5,2,7,12,20,23,81,136,6,58,64,200
02/25/2016,GPT,MS,ASO,CE,Combined TRACON& Tower with Radar,14,26,22,105,167,0,1,12,11,24,14,27,34,116,191,4,56,60,251
02/26/2016,GPT,MS,ASO,CE,Combined TRACON& Tower with Radar,14,17,25,100,156,0,0,29,6,35,14,17,54,106,191,22,0,22,213
02/27/2016,GPT,MS,ASO,CE,Combined TRACON& Tower with Radar,10,12,12,14,48,0,1,30,3,34,10,13,42,17,82,23,0,23,105
02/28/2016,GPT,MS,ASO,CE,Combined TRACON& Tower with Radar,12,17,22,22,73,0,1,34,5,40,12,18,56,27,113,12,0,12,125
02/29/2016,GPT,MS,ASO,CE,Combined TRACON& Tower with Radar,14,19,11,91,135,0,2,11,9,22,14,21,22,100,157,10,0,10,167
03/01/2016,GPT,MS,ASO,CE,Combined TRACON& Tower with Radar,11,17,11,62,101,0,1,2,4,7,11,18,13,66,108,0,0,0,108
03/02/2016,GPT,MS,ASO,CE,Combined TRACON& Tower with Radar,14,17,11,76,118,0,1,13,26,40,14,18,24,102,158,0,0,0,158
03/03/2016,GPT,MS,ASO,CE,Combined TRACON& Tower with Radar,18,19,14,65,116,0,2,1,7,10,18,21,15,72,126,36,7,43,169
03/04/2016,GPT,MS,ASO,CE,Combined TRACON& Tower with Radar,14,16,24,121,175,0,0,18,13,31,14,16,42,134,206,30,24,54,260
03/05/2016,GPT,MS,ASO,CE,Combined TRACON& Tower with Radar,10,15,7,30,62,0,1,36,9,46,10,16,43,39,108,29,6,35,143
03/06/2016,GPT,MS,ASO,CE,Combined TRACON& Tower with Radar,12,20,15,30,77,0,0,18,8,26,12,20,33,38,103,0,0,0,103
03/07/2016,GPT,MS,ASO,CE,Combined TRACON& Tower with Radar,16,13,18,69,116,0,2,6,2,10,16,15,24,71,126,2,12,14,140
03/08/2016,GPT,MS,ASO,CE,Combined TRACON& Tower with Radar,14,15,16,91,136,0,0,3,7,10,14,15,19,98,146,0,38,38,184
03/09/2016,GPT,MS,ASO,CE,Combined TRACON& Tower with Radar,16,11,15,62,104,0,2,0,4,6,16,13,15,66,110,0,0,0,110
03/10/2016,GPT,MS,ASO,CE,Combined TRACON& Tower with Radar,16,14,13,58,101,0,0,0,0,0,16,14,13,58,101,0,0,0,101
03/11/2016,GPT,MS,ASO,CE,Combined TRACON& Tower with Radar,16,17,8,9,50,0,0,0,0,0,16,17,8,9,50,0,0,0,50
03/12/2016,GPT,MS,ASO,CE,Combined TRACON& Tower with Radar,10,18,9,4,41,0,0,0,4,4,10,18,9,8,45,0,0,0,45
03/13/2016,GPT,MS,ASO,CE,Combined TRACON& Tower with Radar,12,14,13,14,53,0,0,8,0,8,12,14,21,14,61,0,0,0,61
03/14/2016,GPT,MS,ASO,CE,Combined TRACON& Tower with Radar,14,13,13,135,175,0,0,9,14,23,14,13,22,149,198,32,20,52,250
03/15/2016,GPT,MS,ASO,CE,Combined TRACON& Tower with Radar,16,14,16,84,130,0,3,3,14,20,16,17,19,98,150,0,6,6,156
03/16/2016,GPT,MS,ASO,CE,Combined TRACON& Tower with Radar,15,12,24,89,140,0,3,12,8,23,15,15,36,97,163,0,0,0,163
03/17/2016,GPT,MS,ASO,CE,Combined TRACON& Tower with Radar,16,12,26,31,85,0,0,4,0,4,16,12,30,31,89,4,0,4,93
03/18/2016,GPT,MS,ASO,CE,Combined TRACON& Tower with Radar,16,15,24,5,60,0,0,5,0,5,16,15,29,5,65,0,0,0,65
03/19/2016,GPT,MS,ASO,CE,Combined TRACON& Tower with Radar,10,16,11,44,81,0,0,6,2,8,10,16,17,46,89,20,0,20,109
03/20/2016,GPT,MS,ASO,CE,Combined TRACON& Tower with Radar,12,16,26,27,81,0,1,11,1,13,12,17,37,28,94,2,0,2,96
03/21/2016,GPT,MS,ASO,CE,Combined TRACON& Tower with Radar,16,14,17,61,108,0,2,12,4,18,16,16,29,65,126,2,2,4,130
03/22/2016,GPT,MS,ASO,CE,Combined TRACON& Tower with Radar,16,15,15,87,133,0,4,14,12,30,16,19,29,99,163,2,62,64,227
03/23/2016,GPT,MS,ASO,CE,Combined TRACON& Tower with Radar,16,21,17,81,135,0,5,13,2,20,16,26,30,83,155,20,30,50,205
03/24/2016,GPT,MS,ASO,CE,Combined TRACON& Tower with Radar,15,20,11,18,64,0,0,0,0,0,15,20,11,18,64,0,0,0,64
03/25/2016,GPT,MS,ASO,CE,Combined TRACON& Tower with Radar,16,13,17,131,177,0,1,18,24,43,16,14,35,155,220,38,32,70,290
03/26/2016,GPT,MS,ASO,CE,Combined TRACON& Tower with Radar,10,16,7,2,35,0,0,5,0,5,10,16,12,2,40,6,0,6,46
03/27/2016,GPT,MS,ASO,CE,Combined TRACON& Tower with Radar,12,17,2,0,31,0,0,0,0,0,12,17,2,0,31,0,0,0,31
03/28/2016,GPT,MS,ASO,CE,Combined TRACON& Tower with Radar,16,13,7,150,186,0,1,17,19,37,16,14,24,169,223,52,16,68,291
03/29/2016,GPT,MS,ASO,CE,Combined TRACON& Tower with Radar,18,18,21,92,149,0,0,8,10,18,18,18,29,102,167,0,6,6,173
03/30/2016,GPT,MS,ASO,CE,Combined TRACON& Tower with Radar,16,13,23,99,151,0,0,0,2,2,16,13,23,101,153,0,0,0,153
03/31/2016,GPT,MS,ASO,CE,Combined TRACON& Tower with Radar,15,16,19,37,87,0,0,1,2,3,15,16,20,39,90,2,0,2,92
04/01/2016,GPT,MS,ASO,CE,Combined TRACON& Tower with Radar,17,19,4,1,41,0,0,0,0,0,17,19,4,1,41,0,0,0,41
04/02/2016,GPT,MS,ASO,CE,Combined TRACON& Tower with Radar,11,23,13,19,66,0,0,29,5,34,11,23,42,24,100,0,1,1,101
04/03/2016,GPT,MS,ASO,CE,Combined TRACON& Tower with Radar,10,21,17,3,51,0,1,21,1,23,10,22,38,4,74,0,0,0,74
04/04/2016,GPT,MS,ASO,CE,Combined TRACON& Tower with Radar,16,12,24,75,127,0,0,13,11,24,16,12,37,86,151,10,0,10,161
04/05/2016,GPT,MS,ASO,CE,Combined TRACON& Tower with Radar,15,18,19,107,159,0,1,20,3,24,15,19,39,110,183,16,34,50,233
04/06/2016,GPT,MS,ASO,CE,Combined TRACON& Tower with Radar,15,17,13,82,127,0,5,13,16,34,15,22,26,98,161,4,45,49,210
04/07/2016,GPT,MS,ASO,CE,Combined TRACON& Tower with Radar,16,18,23,87,144,0,1,27,8,36,16,19,50,95,180,22,14,36,216
04/08/2016,GPT,MS,ASO,CE,Combined TRACON& Tower with Radar,15,19,49,50,133,0,5,23,19,47,15,24,72,69,180,12,6,18,198
04/09/2016,GPT,MS,ASO,CE,Combined TRACON& Tower with Radar,10,12,8,12,42,0,12,19,10,41,10,24,27,22,83,0,0,0,83
04/10/2016,GPT,MS,ASO,CE,Combined TRACON& Tower with Radar,16,14,14,25,69,0,0,14,11,25,16,14,28,36,94,0,0,0,94
04/11/2016,GPT,MS,ASO,CE,Combined TRACON& Tower with Radar,16,16,31,46,109,0,0,6,0,6,16,16,37,46,115,0,0,0,115
04/12/2016,GPT,MS,ASO,CE,Combined TRACON& Tower with Radar,16,14,9,28,67,0,0,4,3,7,16,14,13,31,74,0,0,0,74
04/13/2016,GPT,MS,ASO,CE,Combined TRACON& Tower with Radar,16,16,13,16,61,0,0,2,0,2,16,16,15,16,63,0,0,0,63
04/14/2016,GPT,MS,ASO,CE,Combined TRACON& Tower with Radar,16,15,22,55,108,0,0,1,1,2,16,15,23,56,110,4,48,52,162
04/15/2016,GPT,MS,ASO,CE,Combined TRACON& Tower with Radar,16,17,24,92,149,0,0,0,0,0,16,17,24,92,149,0,0,0,149
04/16/2016,GPT,MS,ASO,CE,Combined TRACON& Tower with Radar,9,11,8,44,72,0,0,3,1,4,9,11,11,45,76,0,0,0,76
04/17/2016,GPT,MS,ASO,CE,Combined TRACON& Tower with Radar,15,12,17,22,66,0,2,4,4,10,15,14,21,26,76,0,0,0,76
04/18/2016,GPT,MS,ASO,CE,Combined TRACON& Tower with Radar,16,8,17,81,122,0,0,1,6,7,16,8,18,87,129,0,28,28,157
04/19/2016,GPT,MS,ASO,CE,Combined TRACON& Tower with Radar,16,14,21,83,134,0,0,11,21,32,16,14,32,104,166,18,56,74,240
04/20/2016,GPT,MS,ASO,CE,Combined TRACON& Tower with Radar,16,19,14,77,126,0,0,7,4,11,16,19,21,81,137,4,10,14,151
04/21/2016,GPT,MS,ASO,CE,Combined TRACON& Tower with Radar,16,16,11,52,95,0,0,3,1,4,16,16,14,53,99,0,0,0,99
04/22/2016,GPT,MS,ASO,CE,Combined TRACON& Tower with Radar,16,15,9,73,113,0,0,19,7,26,16,15,28,80,139,22,20,42,181
04/23/2016,GPT,MS,ASO,CE,Combined TRACON& Tower with Radar,10,16,17,14,57,0,3,33,4,40,10,19,50,18,97,16,0,16,113
04/24/2016,GPT,MS,ASO,CE,Combined TRACON& Tower with Radar,16,14,10,26,66,0,1,21,11,33,16,15,31,37,99,0,0,0,99
04/25/2016,GPT,MS,ASO,CE,Combined TRACON& Tower with Radar,16,17,12,69,114,0,3,16,6,25,16,20,28,75,139,25,12,37,176
04/26/2016,GPT,MS,ASO,CE,Combined TRACON& Tower with Radar,18,20,14,66,118,0,1,13,11,25,18,21,27,77,143,20,4,24,167
04/27/2016,GPT,MS,ASO,CE,Combined TRACON& Tower with Radar,18,17,13,21,69,0,3,4,4,11,18,20,17,25,80,14,2,16,96
04/28/2016,GPT,MS,ASO,CE,Combined TRACON& Tower with Radar,15,17,19,16,67,0,3,4,0,7,15,20,23,16,74,14,0,14,88
04/29/2016,GPT,MS,ASO,CE,Combined TRACON& Tower with Radar,16,17,24,133,190,0,3,19,13,35,16,20,43,146,225,24,0,24,249
04/30/2016,GPT,MS,ASO,CE,Combined TRACON& Tower with Radar,10,10,9,11,40,0,0,2,5,7,10,10,11,16,47,0,0,0,47
05/01/2016,GPT,MS,ASO,CE,Combined TRACON& Tower with Radar,14,17,18,10,59,0,0,1,0,1,14,17,19,10,60,0,0,0,60
05/02/2016,GPT,MS,ASO,CE,Combined TRACON& Tower with Radar,15,15,10,39,79,0,1,4,7,12,15,16,14,46,91,0,0,0,91
05/03/2016,GPT,MS,ASO,CE,Combined TRACON& Tower with Radar,16,18,13,166,213,0,4,5,3,12,16,22,18,169,225,0,0,0,225
05/04/2016,GPT,MS,ASO,CE,Combined TRACON& Tower with Radar,15,13,29,127,184,0,2,21,19,42,15,15,50,146,226,42,10,52,278
05/05/2016,GPT,MS,ASO,CE,Combined TRACON& Tower with Radar,16,20,21,74,131,0,6,25,19,50,16,26,46,93,181,0,14,14,195
05/06/2016,GPT,MS,ASO,CE,Combined TRACON& Tower with Radar,16,15,14,68,113,0,3,19,21,43,16,18,33,89,156,32,2,34,190
05/07/2016,GPT,MS,ASO,CE,Combined TRACON& Tower with Radar,10,12,17,23,62,0,2,21,11,34,10,14,38,34,96,26,0,26,122
05/08/2016,GPT,MS,ASO,CE,Combined TRACON& Tower with Radar,16,16,13,21,66,0,2,13,13,28,16,18,26,34,94,0,0,0,94
05/09/2016,GPT,MS,ASO,CE,Combined TRACON& Tower with Radar,16,18,22,61,117,0,1,11,24,36,16,19,33,85,153,2,31,33,186
05/10/2016,GPT,MS,ASO,CE,Combined TRACON& Tower with Radar,20,21,10,114,165,0,0,8,18,26,20,21,18,132,191,16,12,28,219
05/11/2016,GPT,MS,ASO,CE,Combined TRACON& Tower with Radar,17,24,18,148,207,0,2,15,22,39,17,26,33,170,246,10,20,30,276
05/12/2016,GPT,MS,ASO,CE,Combined TRACON& Tower with Radar,15,18,14,66,113,0,1,8,11,20,15,19,22,77,133,1,30,31,164
05/13/2016,GPT,MS,ASO,CE,Combined TRACON& Tower with Radar,16,16,14,72,118,0,0,12,13,25,16,16,26,85,143,2,21,23,166
05/14/2016,GPT,MS,ASO,CE,Combined TRACON& Tower with Radar,10,17,11,20,58,0,7,22,10,39,10,24,33,30,97,34,19,53,150
05/15/2016,GPT,MS,ASO,CE,Combined TRACON& Tower with Radar,16,14,16,39,85,0,2,17,5,24,16,16,33,44,109,10,1,11,120
05/16/2016,GPT,MS,ASO,CE,Combined TRACON& Tower with Radar,18,15,14,60,107,0,1,8,26,35,18,16,22,86,142,10,20,30,172
05/17/2016,GPT,MS,ASO,CE,Combined TRACON& Tower with Radar,15,25,15,19,74,0,0,0,3,3,15,25,15,22,77,0,0,0,77
05/18/2016,GPT,MS,ASO,CE,Combined TRACON& Tower with Radar,16,17,25,81,139,0,0,5,9,14,16,17,30,90,153,6,0,6,159
05/19/2016,GPT,MS,ASO,CE,Combined TRACON& Tower with Radar,16,15,30,117,178,0,0,5,19,24,16,15,35,136,202,0,42,42,244
05/20/2016,GPT,MS,ASO,CE,Combined TRACON& Tower with Radar,16,20,21,33,90,0,2,7,7,16,16,22,28,40,106,4,1,5,111
05/21/2016,GPT,MS,ASO,CE,Combined TRACON& Tower with Radar,10,11,18,37,76,0,2,19,11,32,10,13,37,48,108,16,2,18,126
05/22/2016,GPT,MS,ASO,CE,Combined TRACON& Tower with Radar,16,15,17,14,62,0,1,24,12,37,16,16,41,26,99,0,0,0,99
05/23/2016,GPT,MS,ASO,CE,Combined TRACON& Tower with Radar,16,18,15,96,145,0,1,19,6,26,16,19,34,102,171,40,10,50,221
05/24/2016,GPT,MS,ASO,CE,Combined TRACON& Tower with Radar,18,17,12,67,114,0,0,22,8,30,18,17,34,75,144,0,0,0,144
05/25/2016,GPT,MS,ASO,CE,Combined TRACON& Tower with Radar,19,17,12,93,141,0,0,11,9,20,19,17,23,102,161,0,0,0,161
05/26/2016,GPT,MS,ASO,CE,Combined TRACON& Tower with Radar,16,26,15,60,117,0,1,3,11,15,16,27,18,71,132,16,24,40,172
05/27/2016,GPT,MS,ASO,CE,Combined TRACON& Tower with Radar,17,14,22,14,67,0,1,12,4,17,17,15,34,18,84,16,0,16,100
05/28/2016,GPT,MS,ASO,CE,Combined TRACON& Tower with Radar,13,11,6,0,30,0,1,14,0,15,13,12,20,0,45,0,0,0,45
05/29/2016,GPT,MS,ASO,CE,Combined TRACON& Tower with Radar,12,14,9,0,35,0,1,22,0,23,12,15,31,0,58,0,0,0,58
05/30/2016,GPT,MS,ASO,CE,Combined TRACON& Tower with Radar,18,12,11,6,47,0,0,18,0,18,18,12,29,6,65,32,0,32,97
05/31/2016,GPT,MS,ASO,CE,Combined TRACON& Tower with Radar,16,16,8,49,89,0,2,9,10,21,16,18,17,59,110,0,0,0,110
06/01/2016,GPT,MS,ASO,CE,Combined TRACON& Tower with Radar,16,18,14,106,154,0,2,5,25,32,16,20,19,131,186,0,18,18,204
06/02/2016,GPT,MS,ASO,CE,Combined TRACON& Tower with Radar,16,15,21,101,153,0,0,6,4,10,16,15,27,105,163,0,26,26,189
06/03/2016,GPT,MS,ASO,CE,Combined TRACON& Tower with Radar,18,17,25,43,103,0,1,13,5,19,18,18,38,48,122,14,1,15,137
06/04/2016,GPT,MS,ASO,CE,Combined TRACON& Tower with Radar,10,15,1,2,28,0,0,4,2,6,10,15,5,4,34,0,0,0,34
06/05/2016,GPT,MS,ASO,CE,Combined TRACON& Tower with Radar,14,15,11,46,86,0,1,7,0,8,14,16,18,46,94,0,0,0,94
06/06/2016,GPT,MS,ASO,CE,Combined TRACON& Tower with Radar,16,15,7,66,104,0,0,6,2,8,16,15,13,68,112,2,6,8,120
06/07/2016,GPT,MS,ASO,CE,Combined TRACON& Tower with Radar,16,16,24,89,145,0,0,24,6,30,16,16,48,95,175,44,30,74,249
06/08/2016,GPT,MS,ASO,CE,Combined TRACON& Tower with Radar,15,28,21,76,140,0,3,16,19,38,15,31,37,95,178,0,16,16,194
06/09/2016,GPT,MS,ASO,CE,Combined TRACON& Tower with Radar,16,20,13,74,123,0,2,24,13,39,16,22,37,87,162,0,0,0,162
06/10/2016,GPT,MS,ASO,CE,Combined TRACON& Tower with Radar,12,18,17,75,122,0,4,19,5,28,12,22,36,80,150,32,40,72,222
06/11/2016,GPT,MS,ASO,CE,Combined TRACON& Tower with Radar,8,15,10,5,38,0,0,3,0,3,8,15,13,5,41,1,0,1,42
06/12/2016,GPT,MS,ASO,CE,Combined TRACON& Tower with Radar,10,21,43,9,83,0,2,8,3,13,10,23,51,12,96,56,4,60,156
06/13/2016,GPT,MS,ASO,CE,Combined TRACON& Tower with Radar,16,16,11,27,70,0,0,7,9,16,16,16,18,36,86,12,12,24,110
06/14/2016,GPT,MS,ASO,CE,Combined TRACON& Tower with Radar,13,20,21,37,91,0,2,5,3,10,13,22,26,40,101,0,8,8,109
06/15/2016,GPT,MS,ASO,CE,Combined TRACON& Tower with Radar,12,19,20,73,124,0,0,8,9,17,12,19,28,82,141,4,22,26,167
06/16/2016,GPT,MS,ASO,CE,Combined TRACON& Tower with Radar,16,20,17,82,135,0,0,13,7,20,16,20,30,89,155,12,12,24,179
06/17/2016,GPT,MS,ASO,CE,Combined TRACON& Tower with Radar,12,17,28,63,120,0,0,17,10,27,12,17,45,73,147,60,26,86,233
06/18/2016,GPT,MS,ASO,CE,Combined TRACON& Tower with Radar,8,16,9,19,52,0,3,15,1,19,8,19,24,20,71,44,0,44,115
06/19/2016,GPT,MS,ASO,CE,Combined TRACON& Tower with Radar,10,18,20,6,54,0,2,3,3,8,10,20,23,9,62,0,0,0,62
06/20/2016,GPT,MS,ASO,CE,Combined TRACON& Tower with Radar,15,20,14,67,116,0,0,22,7,29,15,20,36,74,145,22,0,22,167
06/21/2016,GPT,MS,ASO,CE,Combined TRACON& Tower with Radar,12,18,20,47,97,0,0,14,8,22,12,18,34,55,119,6,0,6,125
06/22/2016,GPT,MS,ASO,CE,Combined TRACON& Tower with Radar,11,21,20,57,109,0,0,44,14,58,11,21,64,71,167,16,24,40,207
06/23/2016,GPT,MS,ASO,CE,Combined TRACON& Tower with Radar,14,22,12,67,115,0,2,20,16,38,14,24,32,83,153,0,15,15,168
06/24/2016,GPT,MS,ASO,CE,Combined TRACON& Tower with Radar,11,22,29,78,140,0,0,27,7,34,11,22,56,85,174,2,34,36,210
06/25/2016,GPT,MS,ASO,CE,Combined TRACON& Tower with Radar,8,16,20,9,53,0,2,13,0,15,8,18,33,9,68,16,0,16,84
06/26/2016,GPT,MS,ASO,CE,Combined TRACON& Tower with Radar,12,19,8,6,45,0,3,12,1,16,12,22,20,7,61,0,0,0,61
06/27/2016,GPT,MS,ASO,CE,Combined TRACON& Tower with Radar,16,14,15,14,59,0,0,4,2,6,16,14,19,16,65,0,22,22,87
06/28/2016,GPT,MS,ASO,CE,Combined TRACON& Tower with Radar,12,20,13,21,66,0,0,5,2,7,12,20,18,23,73,0,0,0,73
06/29/2016,GPT,MS,ASO,CE,Combined TRACON& Tower with Radar,12,16,18,34,80,0,0,10,10,20,12,16,28,44,100,4,22,26,126
06/30/2016,GPT,MS,ASO,CE,Combined TRACON& Tower with Radar,15,16,6,22,59,0,0,8,9,17,15,16,14,31,76,24,14,38,114
07/01/2016,GPT,MS,ASO,CE,Combined TRACON& Tower with Radar,12,19,15,34,80,0,1,12,0,13,12,20,27,34,93,8,0,8,101
07/02/2016,GPT,MS,ASO,CE,Combined TRACON& Tower with Radar,7,12,12,13,44,0,0,18,1,19,7,12,30,14,63,22,0,22,85
07/03/2016,GPT,MS,ASO,CE,Combined TRACON& Tower with Radar,8,12,13,0,33,0,2,10,0,12,8,14,23,0,45,6,0,6,51
07/04/2016,GPT,MS,ASO,CE,Combined TRACON& Tower with Radar,10,12,4,0,26,0,0,8,0,8,10,12,12,0,34,7,0,7,41
07/05/2016,GPT,MS,ASO,CE,Combined TRACON& Tower with Radar,13,18,19,29,79,0,1,5,12,18,13,19,24,41,97,12,0,12,109
07/06/2016,GPT,MS,ASO,CE,Combined TRACON& Tower with Radar,12,14,18,62,106,0,1,8,7,16,12,15,26,69,122,38,26,64,186
07/07/2016,GPT,MS,ASO,CE,Combined TRACON& Tower with Radar,15,14,26,40,95,0,0,6,8,14,15,14,32,48,109,0,10,10,119
07/08/2016,GPT,MS,ASO,CE,Combined TRACON& Tower with Radar,10,17,7,36,70,0,1,11,9,21,10,18,18,45,91,60,12,72,163
07/09/2016,GPT,MS,ASO,CE,Combined TRACON& Tower with Radar,8,10,20,12,50,0,2,11,9,22,8,12,31,21,72,22,0,22,94
07/10/2016,GPT,MS,ASO,CE,Combined TRACON& Tower with Radar,12,14,12,4,42,0,2,4,4,10,12,16,16,8,52,0,0,0,52
07/11/2016,GPT,MS,ASO,CE,Combined TRACON& Tower with Radar,14,15,4,35,68,0,0,3,6,9,14,15,7,41,77,20,10,30,107
07/12/2016,GPT,MS,ASO,CE,Combined TRACON& Tower with Radar,12,14,20,47,93,0,0,14,7,21,12,14,34,54,114,0,0,0,114
07/13/2016,GPT,MS,ASO,CE,Combined TRACON& Tower with Radar,11,15,10,19,55,0,0,14,7,21,11,15,24,26,76,0,0,0,76
07/14/2016,GPT,MS,ASO,CE,Combined TRACON& Tower with Radar,16,13,13,4,46,0,0,4,2,6,16,13,17,6,52,0,0,0,52
07/15/2016,GPT,MS,ASO,CE,Combined TRACON& Tower with Radar,12,15,18,58,103,0,2,9,5,16,12,17,27,63,119,36,0,36,155
07/16/2016,GPT,MS,ASO,CE,Combined TRACON& Tower with Radar,8,12,8,20,48,0,4,15,4,23,8,16,23,24,71,54,4,58,129
07/17/2016,GPT,MS,ASO,CE,Combined TRACON& Tower with Radar,10,16,16,6,48,0,5,12,3,20,10,21,28,9,68,8,6,14,82
07/18/2016,GPT,MS,ASO,CE,Combined TRACON& Tower with Radar,18,14,13,13,58,0,0,6,2,8,18,14,19,15,66,6,0,6,72
07/19/2016,GPT,MS,ASO,CE,Combined TRACON& Tower with Radar,12,14,12,37,75,0,0,13,5,18,12,14,25,42,93,32,4,36,129
07/20/2016,GPT,MS,ASO,CE,Combined TRACON& Tower with Radar,11,15,8,48,82,0,1,10,7,18,11,16,18,55,100,14,10,24,124
07/21/2016,GPT,MS,ASO,CE,Combined TRACON& Tower with Radar,17,16,10,81,124,0,2,15,20,37,17,18,25,101,161,4,10,14,175
07/22/2016,GPT,MS,ASO,CE,Combined TRACON& Tower with Radar,12,17,26,26,81,0,0,4,5,9,12,17,30,31,90,22,2,24,114
07/23/2016,GPT,MS,ASO,CE,Combined TRACON& Tower with Radar,8,15,16,42,81,0,2,18,2,22,8,17,34,44,103,36,28,64,167
07/24/2016,GPT,MS,ASO,CE,Combined TRACON& Tower with Radar,10,15,22,6,53,0,2,13,3,18,10,17,35,9,71,0,0,0,71
07/25/2016,GPT,MS,ASO,CE,Combined TRACON& Tower with Radar,15,11,27,40,93,0,0,6,5,11,15,11,33,45,104,22,16,38,142
07/26/2016,GPT,MS,ASO,CE,Combined TRACON& Tower with Radar,12,18,14,7,51,0,1,4,8,13,12,19,18,15,64,0,6,6,70
07/27/2016,GPT,MS,ASO,CE,Combined TRACON& Tower with Radar,11,16,12,37,76,0,1,9,12,22,11,17,21,49,98,0,12,12,110
07/28/2016,GPT,MS,ASO,CE,Combined TRACON& Tower with Radar,16,16,30,83,145,0,0,20,13,33,16,16,50,96,178,103,0,103,281
07/29/2016,GPT,MS,ASO,CE,Combined TRACON& Tower with Radar,12,15,26,65,118,0,0,9,11,20,12,15,35,76,138,12,12,24,162
07/30/2016,GPT,MS,ASO,CE,Combined TRACON& Tower with Radar,8,12,17,18,55,0,2,13,16,31,8,14,30,34,86,30,26,56,142
07/31/2016,GPT,MS,ASO,CE,Combined TRACON& Tower with Radar,8,13,31,3,55,0,0,7,3,10,8,13,38,6,65,14,0,14,79
08/01/2016,GPT,MS,ASO,CE,Combined TRACON& Tower with Radar,16,19,16,45,96,0,0,14,7,21,16,19,30,52,117,52,0,52,169
08/02/2016,GPT,MS,ASO,CE,Combined TRACON& Tower with Radar,12,14,9,22,57,0,1,11,3,15,12,15,20,25,72,0,0,0,72
08/03/2016,GPT,MS,ASO,CE,Combined TRACON& Tower with Radar,18,23,17,41,99,0,0,4,1,5,18,23,21,42,104,40,16,56,160
08/04/2016,GPT,MS,ASO,CE,Combined TRACON& Tower with Radar,15,16,16,14,61,0,0,9,7,16,15,16,25,21,77,10,0,10,87
08/05/2016,GPT,MS,ASO,CE,Combined TRACON& Tower with Radar,21,21,11,28,81,0,0,23,2,25,21,21,34,30,106,18,8,26,132
08/06/2016,GPT,MS,ASO,CE,Combined TRACON& Tower with Radar,14,13,15,2,44,0,2,6,1,9,14,15,21,3,53,0,0,0,53
08/07/2016,GPT,MS,ASO,CE,Combined TRACON& Tower with Radar,13,15,8,14,50,0,1,4,11,16,13,16,12,25,66,0,0,0,66
08/08/2016,GPT,MS,ASO,CE,Combined TRACON& Tower with Radar,13,15,7,25,60,0,1,6,4,11,13,16,13,29,71,50,0,50,121
08/09/2016,GPT,MS,ASO,CE,Combined TRACON& Tower with Radar,14,18,10,32,74,0,1,5,2,8,14,19,15,34,82,10,16,26,108
08/10/2016,GPT,MS,ASO,CE,Combined TRACON& Tower with Radar,14,16,9,17,56,0,0,5,2,7,14,16,14,19,63,34,10,44,107
08/11/2016,GPT,MS,ASO,CE,Combined TRACON& Tower with Radar,13,16,11,0,40,0,0,0,0,0,13,16,11,0,40,0,0,0,40
08/12/2016,GPT,MS,ASO,CE,Combined TRACON& Tower with Radar,14,12,11,1,38,0,0,0,0,0,14,12,11,1,38,0,0,0,38
08/13/2016,GPT,MS,ASO,CE,Combined TRACON& Tower with Radar,11,12,7,4,34,0,1,3,4,8,11,13,10,8,42,6,0,6,48
08/14/2016,GPT,MS,ASO,CE,Combined TRACON& Tower with Radar,14,16,11,6,47,0,1,11,6,18,14,17,22,12,65,20,0,20,85
08/15/2016,GPT,MS,ASO,CE,Combined TRACON& Tower with Radar,16,16,9,46,87,0,0,7,4,11,16,16,16,50,98,28,0,28,126
08/16/2016,GPT,MS,ASO,CE,Combined TRACON& Tower with Radar,16,16,17,47,96,0,0,11,12,23,16,16,28,59,119,32,18,50,169
08/17/2016,GPT,MS,ASO,CE,Combined TRACON& Tower with Radar,14,21,12,65,112,0,4,10,4,18,14,25,22,69,130,12,4,16,146
08/18/2016,GPT,MS,ASO,CE,Combined TRACON& Tower with Radar,17,18,15,48,98,0,2,8,5,15,17,20,23,53,113,14,0,14,127
08/19/2016,GPT,MS,ASO,CE,Combined TRACON& Tower with Radar,17,12,25,49,103,0,4,12,3,19,17,16,37,52,122,0,28,28,150
08/20/2016,GPT,MS,ASO,CE,Combined TRACON& Tower with Radar,11,16,7,28,62,0,0,9,10,19,11,16,16,38,81,21,0,21,102
08/21/2016,GPT,MS,ASO,CE,Combined TRACON& Tower with Radar,12,18,16,7,53,0,0,17,1,18,12,18,33,8,71,10,0,10,81
08/22/2016,GPT,MS,ASO,CE,Combined TRACON& Tower with Radar,16,13,11,86,126,0,0,14,11,25,16,13,25,97,151,18,22,40,191
08/23/2016,GPT,MS,ASO,CE,Combined TRACON& Tower with Radar,14,13,11,79,117,0,2,8,13,23,14,15,19,92,140,20,40,60,200
08/24/2016,GPT,MS,ASO,CE,Combined TRACON& Tower with Radar,13,16,16,21,66,0,0,11,5,16,13,16,27,26,82,0,0,0,82
08/25/2016,GPT,MS,ASO,CE,Combined TRACON& Tower with Radar,16,14,11,43,84,0,1,7,15,23,16,15,18,58,107,24,18,42,149
08/26/2016,GPT,MS,ASO,CE,Combined TRACON& Tower with Radar,16,16,11,50,93,0,1,10,6,17,16,17,21,56,110,10,8,18,128
08/27/2016,GPT,MS,ASO,CE,Combined TRACON& Tower with Radar,8,13,8,13,42,0,5,17,1,23,8,18,25,14,65,12,0,12,77
08/28/2016,GPT,MS,ASO,CE,Combined TRACON& Tower with Radar,16,11,3,11,41,0,2,9,0,11,16,13,12,11,52,23,1,24,76
08/29/2016,GPT,MS,ASO,CE,Combined TRACON& Tower with Radar,16,16,5,41,78,0,4,3,2,9,16,20,8,43,87,0,10,10,97
08/30/2016,GPT,MS,ASO,CE,Combined TRACON& Tower with Radar,12,15,5,54,86,0,2,18,8,28,12,17,23,62,114,32,8,40,154
08/31/2016,GPT,MS,ASO,CE,Combined TRACON& Tower with Radar,16,15,19,89,139,0,4,18,15,37,16,19,37,104,176,28,22,50,226
09/01/2016,GPT,MS,ASO,CE,Combined TRACON& Tower with Radar,17,16,17,29,79,0,1,14,5,20,17,17,31,34,99,38,8,46,145
09/02/2016,GPT,MS,ASO,CE,Combined TRACON& Tower with Radar,16,15,9,1,41,0,2,24,3,29,16,17,33,4,70,31,0,31,101
09/03/2016,GPT,MS,ASO,CE,Combined TRACON& Tower with Radar,9,10,7,0,26,0,1,6,0,7,9,11,13,0,33,24,0,24,57
09/04/2016,GPT,MS,ASO,CE,Combined TRACON& Tower with Radar,11,7,2,2,22,0,2,10,0,12,11,9,12,2,34,10,0,10,44
09/05/2016,GPT,MS,ASO,CE,Combined TRACON& Tower with Radar,14,13,9,0,36,0,2,7,0,9,14,15,16,0,45,0,0,0,45
09/06/2016,GPT,MS,ASO,CE,Combined TRACON& Tower with Radar,14,18,11,33,76,0,1,3,2,6,14,19,14,35,82,0,0,0,82
09/07/2016,GPT,MS,ASO,CE,Combined TRACON& Tower with Radar,16,15,15,103,149,0,2,12,14,28,16,17,27,117,177,0,24,24,201
09/08/2016,GPT,MS,ASO,CE,Combined TRACON& Tower with Radar,17,19,19,85,140,0,0,10,8,18,17,19,29,93,158,16,36,52,210
09/09/2016,GPT,MS,ASO,CE,Combined TRACON& Tower with Radar,19,13,18,64,114,0,1,16,7,24,19,14,34,71,138,24,4,28,166
09/10/2016,GPT,MS,ASO,CE,Combined TRACON& Tower with Radar,8,11,16,24,59,0,3,25,11,39,8,14,41,35,98,41,0,41,139
09/11/2016,GPT,MS,ASO,CE,Combined TRACON& Tower with Radar,16,12,8,13,49,0,1,10,6,17,16,13,18,19,66,2,0,2,68
09/12/2016,GPT,MS,ASO,CE,Combined TRACON& Tower with Radar,17,14,10,66,107,0,3,14,5,22,17,17,24,71,129,30,10,40,169
09/13/2016,GPT,MS,ASO,CE,Combined TRACON& Tower with Radar,14,12,10,36,72,0,2,10,6,18,14,14,20,42,90,8,0,8,98
09/14/2016,GPT,MS,ASO,CE,Combined TRACON& Tower with Radar,16,13,13,117,159,0,0,9,17,26,16,13,22,134,185,12,17,29,214
09/15/2016,GPT,MS,ASO,CE,Combined TRACON& Tower with Radar,17,15,23,72,127,0,1,4,12,17,17,16,27,84,144,72,4,76,220
09/16/2016,GPT,MS,ASO,CE,Combined TRACON& Tower with Radar,17,16,21,19,73,0,0,6,5,11,17,16,27,24,84,0,0,0,84
09/17/2016,GPT,MS,ASO,CE,Combined TRACON& Tower with Radar,10,18,8,0,36,0,0,4,0,4,10,18,12,0,40,0,0,0,40
09/18/2016,GPT,MS,ASO,CE,Combined TRACON& Tower with Radar,17,15,16,22,70,0,1,7,3,11,17,16,23,25,81,0,0,0,81
09/19/2016,GPT,MS,ASO,CE,Combined TRACON& Tower with Radar,16,16,7,69,108,0,0,5,7,12,16,16,12,76,120,0,8,8,128
09/20/2016,GPT,MS,ASO,CE,Combined TRACON& Tower with Radar,14,18,21,132,185,0,1,21,23,45,14,19,42,155,230,26,16,42,272
09/21/2016,GPT,MS,ASO,CE,Combined TRACON& Tower with Radar,16,14,24,91,145,0,1,23,15,39,16,15,47,106,184,0,24,24,208
09/22/2016,GPT,MS,ASO,CE,Combined TRACON& Tower with Radar,17,14,15,67,113,0,0,12,6,18,17,14,27,73,131,16,22,38,169
09/23/2016,GPT,MS,ASO,CE,Combined TRACON& Tower with Radar,17,18,24,72,131,0,0,13,13,26,17,18,37,85,157,23,12,35,192
09/24/2016,GPT,MS,ASO,CE,Combined TRACON& Tower with Radar,10,11,5,30,56,0,2,9,6,17,10,13,14,36,73,0,0,0,73
09/25/2016,GPT,MS,ASO,CE,Combined TRACON& Tower with Radar,17,13,12,21,63,0,0,14,11,25,17,13,26,32,88,30,0,30,118
09/26/2016,GPT,MS,ASO,CE,Combined TRACON& Tower with Radar,13,12,10,73,108,0,0,3,4,7,13,12,13,77,115,1,6,7,122
09/27/2016,GPT,MS,ASO,CE,Combined TRACON& Tower with Radar,14,16,11,112,153,0,0,4,10,14,14,16,15,122,167,0,68,68,235
09/28/2016,GPT,MS,ASO,CE,Combined TRACON& Tower with Radar,16,19,11,155,201,0,2,9,13,24,16,21,20,168,225,32,66,98,323
09/29/2016,GPT,MS,ASO,CE,Combined TRACON& Tower with Radar,18,18,12,76,124,0,0,18,10,28,18,18,30,86,152,16,13,29,181
09/30/2016,GPT,MS,ASO,CE,Combined TRACON& Tower with Radar,16,21,16,87,140,0,1,13,9,23,16,22,29,96,163,10,0,10,173
10/01/2016,GPT,MS,ASO,CE,Combined TRACON& Tower with Radar,10,11,7,2,30,0,1,21,7,29,10,12,28,9,59,36,0,36,95
10/02/2016,GPT,MS,ASO,CE,Combined TRACON& Tower with Radar,17,19,13,32,81,0,2,11,1,14,17,21,24,33,95,0,0,0,95
10/03/2016,GPT,MS,ASO,CE,Combined TRACON& Tower with Radar,16,20,9,89,134,0,0,14,8,22,16,20,23,97,156,36,0,36,192
10/04/2016,GPT,MS,ASO,CE,Combined TRACON& Tower with Radar,14,12,12,120,158,0,1,10,15,26,14,13,22,135,184,4,22,26,210
10/05/2016,GPT,MS,ASO,CE,Combined TRACON& Tower with Radar,17,21,36,83,157,0,3,12,18,33,17,24,48,101,190,0,4,4,194
10/06/2016,GPT,MS,ASO,CE,Combined TRACON& Tower with Radar,17,16,28,93,154,0,1,7,8,16,17,17,35,101,170,0,12,12,182
10/07/2016,GPT,MS,ASO,CE,Combined TRACON& Tower with Radar,17,18,15,41,91,0,0,22,12,34,17,18,37,53,125,0,0,0,125
10/08/2016,GPT,MS,ASO,CE,Combined TRACON& Tower with Radar,15,16,7,7,45,0,9,21,2,32,15,25,28,9,77,5,0,5,82
10/09/2016,GPT,MS,ASO,CE,Combined TRACON& Tower with Radar,15,12,21,15,63,0,0,18,3,21,15,12,39,18,84,18,0,18,102
10/10/2016,GPT,MS,ASO,CE,Combined TRACON& Tower with Radar,16,14,11,6,47,0,0,17,2,19,16,14,28,8,66,16,0,16,82
10/11/2016,GPT,MS,ASO,CE,Combined TRACON& Tower with Radar,16,15,17,76,124,0,0,13,23,36,16,15,30,99,160,14,37,51,211
10/12/2016,GPT,MS,ASO,CE,Combined TRACON& Tower with Radar,16,17,19,112,164,1,1,6,20,28,17,18,25,132,192,10,16,26,218
10/13/2016,GPT,MS,ASO,CE,Combined TRACON& Tower with Radar,17,16,7,104,144,0,0,13,18,31,17,16,20,122,175,16,26,42,217
10/14/2016,GPT,MS,ASO,CE,Combined TRACON& Tower with Radar,15,17,19,84,135,0,1,21,7,29,15,18,40,91,164,12,10,22,186
10/15/2016,GPT,MS,ASO,CE,Combined TRACON& Tower with Radar,14,12,9,30,65,0,4,11,6,21,14,16,20,36,86,14,0,14,100
10/16/2016,GPT,MS,ASO,CE,Combined TRACON& Tower with Radar,15,19,9,35,78,0,1,4,3,8,15,20,13,38,86,0,0,0,86
10/17/2016,GPT,MS,ASO,CE,Combined TRACON& Tower with Radar,18,13,14,92,137,0,0,5,5,10,18,13,19,97,147,0,30,30,177
10/18/2016,GPT,MS,ASO,CE,Combined TRACON& Tower with Radar,16,15,20,44,95,0,2,1,10,13,16,17,21,54,108,0,38,38,146
10/19/2016,GPT,MS,ASO,CE,Combined TRACON& Tower with Radar,17,18,17,81,133,0,2,9,14,25,17,20,26,95,158,14,82,96,254
10/20/2016,GPT,MS,ASO,CE,Combined TRACON& Tower with Radar,16,17,17,115,165,0,2,9,15,26,16,19,26,130,191,0,55,55,246
10/21/2016,GPT,MS,ASO,CE,Combined TRACON& Tower with Radar,17,14,26,124,181,0,0,9,12,21,17,14,35,136,202,22,30,52,254
10/22/2016,GPT,MS,ASO,CE,Combined TRACON& Tower with Radar,14,14,16,38,82,0,2,26,9,37,14,16,42,47,119,26,6,32,151
10/23/2016,GPT,MS,ASO,CE,Combined TRACON& Tower with Radar,17,13,21,20,71,0,2,25,11,38,17,15,46,31,109,6,2,8,117
10/24/2016,GPT,MS,ASO,CE,Combined TRACON& Tower with Radar,16,13,15,94,138,0,2,21,26,49,16,15,36,120,187,16,26,42,229
10/25/2016,GPT,MS,ASO,CE,Combined TRACON& Tower with Radar,15,13,12,84,124,0,0,18,20,38,15,13,30,104,162,8,24,32,194
10/26/2016,GPT,MS,ASO,CE,Combined TRACON& Tower with Radar,15,19,15,78,127,0,2,12,32,46,15,21,27,110,173,6,12,18,191
10/27/2016,GPT,MS,ASO,CE,Combined TRACON& Tower with Radar,17,16,24,104,161,0,0,19,25,44,17,16,43,129,205,22,30,52,257
10/28/2016,GPT,MS,ASO,CE,Combined TRACON& Tower with Radar,17,22,16,66,121,0,1,21,22,44,17,23,37,88,165,0,8,8,173
10/29/2016,GPT,MS,ASO,CE,Combined TRACON& Tower with Radar,14,9,10,56,89,0,1,22,16,39,14,10,32,72,128,6,8,14,142
10/30/2016,GPT,MS,ASO,CE,Combined TRACON& Tower with Radar,17,12,20,30,79,0,0,16,9,25,17,12,36,39,104,12,2,14,118
10/31/2016,GPT,MS,ASO,CE,Combined TRACON& Tower with Radar,18,12,12,66,108,0,0,28,16,44,18,12,40,82,152,12,8,20,172
11/01/2016,GPT,MS,ASO,CE,Combined TRACON& Tower with Radar,16,14,17,126,173,0,6,22,30,58,16,20,39,156,231,16,26,42,273
11/02/2016,GPT,MS,ASO,CE,Combined TRACON& Tower with Radar,17,16,14,114,161,0,9,14,39,62,17,25,28,153,223,32,22,54,277
11/03/2016,GPT,MS,ASO,CE,Combined TRACON& Tower with Radar,18,18,13,86,135,0,3,19,19,41,18,21,32,105,176,36,24,60,236
11/04/2016,GPT,MS,ASO,CE,Combined TRACON& Tower with Radar,20,16,18,84,138,0,5,4,16,25,20,21,22,100,163,46,2,48,211
11/05/2016,GPT,MS,ASO,CE,Combined TRACON& Tower with Radar,19,10,12,54,95,0,5,12,17,34,19,15,24,71,129,0,18,18,147
11/06/2016,GPT,MS,ASO,CE,Combined TRACON& Tower with Radar,18,12,17,45,92,0,1,10,7,18,18,13,27,52,110,38,0,38,148
11/07/2016,GPT,MS,ASO,CE,Combined TRACON& Tower with Radar,16,13,19,21,69,0,3,1,2,6,16,16,20,23,75,10,0,10,85
11/08/2016,GPT,MS,ASO,CE,Combined TRACON& Tower with Radar,16,14,5,44,79,0,1,2,4,7,16,15,7,48,86,14,24,38,124
11/09/2016,GPT,MS,ASO,CE,Combined TRACON& Tower with Radar,17,17,17,141,192,0,3,11,20,34,17,20,28,161,226,8,12,20,246
11/10/2016,GPT,MS,ASO,CE,Combined TRACON& Tower with Radar,18,13,11,90,132,0,1,11,21,33,18,14,22,111,165,36,2,38,203
11/11/2016,GPT,MS,ASO,CE,Combined TRACON& Tower with Radar,18,19,13,15,65,0,5,13,14,32,18,24,26,29,97,6,10,16,113
11/12/2016,GPT,MS,ASO,CE,Combined TRACON& Tower with Radar,17,10,8,3,38,0,11,24,12,47,17,21,32,15,85,20,3,23,108
11/13/2016,GPT,MS,ASO,CE,Combined TRACON& Tower with Radar,18,17,7,2,44,0,6,14,10,30,18,23,21,12,74,0,0,0,74
11/14/2016,GPT,MS,ASO,CE,Combined TRACON& Tower with Radar,19,15,7,51,92,0,0,6,14,20,19,15,13,65,112,0,6,6,118
11/15/2016,GPT,MS,ASO,CE,Combined TRACON& Tower with Radar,16,17,15,83,131,0,4,22,21,47,16,21,37,104,178,0,28,28,206
11/16/2016,GPT,MS,ASO,CE,Combined TRACON& Tower with Radar,16,16,13,79,124,0,4,15,18,37,16,20,28,97,161,17,5,22,183
11/17/2016,GPT,MS,ASO,CE,Combined TRACON& Tower with Radar,17,17,15,120,169,0,7,15,16,38,17,24,30,136,207,0,20,20,227
11/18/2016,GPT,MS,ASO,CE,Combined TRACON& Tower with Radar,18,18,18,91,145,0,2,12,14,28,18,20,30,105,173,10,2,12,185
11/19/2016,GPT,MS,ASO,CE,Combined TRACON& Tower with Radar,14,9,6,36,65,0,1,10,10,21,14,10,16,46,86,8,6,14,100
11/20/2016,GPT,MS,ASO,CE,Combined TRACON& Tower with Radar,16,10,13,46,85,0,1,17,12,30,16,11,30,58,115,30,0,30,145
11/21/2016,GPT,MS,ASO,CE,Combined TRACON& Tower with Radar,14,9,15,139,177,0,1,21,11,33,14,10,36,150,210,24,16,40,250
11/22/2016,GPT,MS,ASO,CE,Combined TRACON& Tower with Radar,16,15,9,78,118,0,5,9,9,23,16,20,18,87,141,46,2,48,189
11/23/2016,GPT,MS,ASO,CE,Combined TRACON& Tower with Radar,16,13,12,33,74,0,1,21,2,24,16,14,33,35,98,20,4,24,122
11/24/2016,GPT,MS,ASO,CE,Combined TRACON& Tower with Radar,12,5,2,0,19,0,0,10,0,10,12,5,12,0,29,0,0,0,29
11/25/2016,GPT,MS,ASO,CE,Combined TRACON& Tower with Radar,14,14,4,0,32,0,1,10,0,11,14,15,14,0,43,8,0,8,51
11/26/2016,GPT,MS,ASO,CE,Combined TRACON& Tower with Radar,16,14,4,0,34,0,0,8,0,8,16,14,12,0,42,12,0,12,54
11/27/2016,GPT,MS,ASO,CE,Combined TRACON& Tower with Radar,15,14,8,0,37,0,0,9,1,10,15,14,17,1,47,0,0,0,47
11/28/2016,GPT,MS,ASO,CE,Combined TRACON& Tower with Radar,16,12,10,60,98,0,0,4,0,4,16,12,14,60,102,0,0,0,102
11/29/2016,GPT,MS,ASO,CE,Combined TRACON& Tower with Radar,18,12,9,43,82,0,0,13,0,13,18,12,22,43,95,32,2,34,129
11/30/2016,GPT,MS,ASO,CE,Combined TRACON& Tower with Radar,15,12,20,45,92,0,0,5,2,7,15,12,25,47,99,12,20,32,131
12/01/2016,GPT,MS,ASO,CE,Combined TRACON& Tower with Radar,17,13,15,29,74,0,0,26,7,33,17,13,41,36,107,16,14,30,137
12/02/2016,GPT,MS,ASO,CE,Combined TRACON& Tower with Radar,16,16,26,79,137,0,1,16,9,26,16,17,42,88,163,34,20,54,217
12/03/2016,GPT,MS,ASO,CE,Combined TRACON& Tower with Radar,16,8,13,6,43,0,0,7,3,10,16,8,20,9,53,20,6,26,79
12/04/2016,GPT,MS,ASO,CE,Combined TRACON& Tower with Radar,15,25,15,4,59,0,0,0,0,0,15,25,15,4,59,0,0,0,59
12/05/2016,GPT,MS,ASO,CE,Combined TRACON& Tower with Radar,16,13,12,1,42,0,0,0,0,0,16,13,12,1,42,0,0,0,42
12/06/2016,GPT,MS,ASO,CE,Combined TRACON& Tower with Radar,16,12,12,114,154,0,0,2,3,5,16,12,14,117,159,0,10,10,169
12/07/2016,GPT,MS,ASO,CE,Combined TRACON& Tower with Radar,16,13,11,93,133,0,0,10,1,11,16,13,21,94,144,64,32,96,240
12/08/2016,GPT,MS,ASO,CE,Combined TRACON& Tower with Radar,18,13,13,63,107,0,0,10,3,13,18,13,23,66,120,4,2,6,126
12/09/2016,GPT,MS,ASO,CE,Combined TRACON& Tower with Radar,16,13,15,62,106,0,0,9,9,18,16,13,24,71,124,11,0,11,135
12/10/2016,GPT,MS,ASO,CE,Combined TRACON& Tower with Radar,15,11,10,34,70,0,0,23,10,33,15,11,33,44,103,18,10,28,131
12/11/2016,GPT,MS,ASO,CE,Combined TRACON& Tower with Radar,14,12,15,32,73,0,3,10,7,20,14,15,25,39,93,0,0,0,93
12/12/2016,GPT,MS,ASO,CE,Combined TRACON& Tower with Radar,16,16,3,66,101,0,0,16,7,23,16,16,19,73,124,32,16,48,172
12/13/2016,GPT,MS,ASO,CE,Combined TRACON& Tower with Radar,16,11,14,8,49,0,0,0,0,0,16,11,14,8,49,0,0,0,49
12/14/2016,GPT,MS,ASO,CE,Combined TRACON& Tower with Radar,14,15,12,21,62,0,0,0,0,0,14,15,12,21,62,0,0,0,62
12/15/2016,GPT,MS,ASO,CE,Combined TRACON& Tower with Radar,12,21,28,42,103,0,2,34,17,53,12,23,62,59,156,40,12,52,208
12/16/2016,GPT,MS,ASO,CE,Combined TRACON& Tower with Radar,12,19,19,69,119,0,0,20,2,22,12,19,39,71,141,18,4,22,163
12/17/2016,GPT,MS,ASO,CE,Combined TRACON& Tower with Radar,10,13,10,24,57,0,0,4,0,4,10,13,14,24,61,0,0,0,61
12/18/2016,GPT,MS,ASO,CE,Combined TRACON& Tower with Radar,11,10,9,0,30,0,0,0,0,0,11,10,9,0,30,0,0,0,30
12/19/2016,GPT,MS,ASO,CE,Combined TRACON& Tower with Radar,11,12,5,21,49,0,0,10,1,11,11,12,15,22,60,14,28,42,102
12/20/2016,GPT,MS,ASO,CE,Combined TRACON& Tower with Radar,12,15,7,38,72,0,0,14,6,20,12,15,21,44,92,8,38,46,138
12/21/2016,GPT,MS,ASO,CE,Combined TRACON& Tower with Radar,12,18,3,15,48,0,0,15,5,20,12,18,18,20,68,48,0,48,116
12/22/2016,GPT,MS,ASO,CE,Combined TRACON& Tower with Radar,11,14,27,36,88,0,0,4,0,4,11,14,31,36,92,42,0,42,134
12/23/2016,GPT,MS,ASO,CE,Combined TRACON& Tower with Radar,13,14,8,2,37,0,0,6,0,6,13,14,14,2,43,0,0,0,43
12/24/2016,GPT,MS,ASO,CE,Combined TRACON& Tower with Radar,8,15,6,0,29,0,0,6,0,6,8,15,12,0,35,6,0,6,41
12/25/2016,GPT,MS,ASO,CE,Combined TRACON& Tower with Radar,6,12,4,0,22,0,0,0,0,0,6,12,4,0,22,0,0,0,22
12/26/2016,GPT,MS,ASO,CE,Combined TRACON& Tower with Radar,12,13,9,0,34,0,0,0,0,0,12,13,9,0,34,0,0,0,34
12/27/2016,GPT,MS,ASO,CE,Combined TRACON& Tower with Radar,10,12,3,4,29,0,0,1,0,1,10,12,4,4,30,0,0,0,30
12/28/2016,GPT,MS,ASO,CE,Combined TRACON& Tower with Radar,10,21,7,28,66,0,0,4,1,5,10,21,11,29,71,0,0,0,71
12/29/2016,GPT,MS,ASO,CE,Combined TRACON& Tower with Radar,9,15,10,17,51,0,0,10,1,11,9,15,20,18,62,18,0,18,80
12/30/2016,GPT,MS,ASO,CE,Combined TRACON& Tower with Radar,11,17,22,4,54,0,1,32,0,33,11,18,54,4,87,54,0,54,141
12/31/2016,GPT,MS,ASO,CE,Combined TRACON& Tower with Radar,7,13,8,0,28,0,0,1,1,2,7,13,9,1,30,0,0,0,30
01/01/2017,GPT,MS,ASO,CE,Combined TRACON& Tower with Radar,7,15,3,0,25,0,0,0,0,0,7,15,3,0,25,0,0,0,25
01/02/2017,GPT,MS,ASO,CE,Combined TRACON& Tower with Radar,12,14,3,2,31,0,0,0,0,0,12,14,3,2,31,0,0,0,31
01/03/2017,GPT,MS,ASO,CE,Combined TRACON& Tower with Radar,12,14,19,12,57,0,0,4,0,4,12,14,23,12,61,16,0,16,77
01/04/2017,GPT,MS,ASO,CE,Combined TRACON& Tower with Radar,12,15,9,39,75,0,0,15,6,21,12,15,24,45,96,0,0,0,96
01/05/2017,GPT,MS,ASO,CE,Combined TRACON& Tower with Radar,12,13,13,84,122,0,1,11,6,18,12,14,24,90,140,10,42,52,192
01/06/2017,GPT,MS,ASO,CE,Combined TRACON& Tower with Radar,10,13,3,10,36,0,0,0,0,0,10,13,3,10,36,0,0,0,36
01/07/2017,GPT,MS,ASO,CE,Combined TRACON& Tower with Radar,6,9,5,69,89,0,2,10,8,20,6,11,15,77,109,8,6,14,123
01/08/2017,GPT,MS,ASO,CE,Combined TRACON& Tower with Radar,10,14,10,27,61,0,1,17,3,21,10,15,27,30,82,0,0,0,82
01/09/2017,GPT,MS,ASO,CE,Combined TRACON& Tower with Radar,15,13,12,84,124,0,0,15,10,25,15,13,27,94,149,24,24,48,197
01/10/2017,GPT,MS,ASO,CE,Combined TRACON& Tower with Radar,15,11,7,67,100,0,0,7,5,12,15,11,14,72,112,10,24,34,146
01/11/2017,GPT,MS,ASO,CE,Combined TRACON& Tower with Radar,16,11,15,59,101,0,2,15,5,22,16,13,30,64,123,10,16,26,149
01/12/2017,GPT,MS,ASO,CE,Combined TRACON& Tower with Radar,16,12,16,68,112,0,0,9,4,13,16,12,25,72,125,14,0,14,139
01/13/2017,GPT,MS,ASO,CE,Combined TRACON& Tower with Radar,16,13,17,41,87,0,0,13,2,15,16,13,30,43,102,0,58,58,160
01/14/2017,GPT,MS,ASO,CE,Combined TRACON& Tower with Radar,12,13,11,0,36,0,0,20,0,20,12,13,31,0,56,62,0,62,118
01/15/2017,GPT,MS,ASO,CE,Combined TRACON& Tower with Radar,12,9,21,11,53,0,1,13,2,16,12,10,34,13,69,8,6,14,83
01/16/2017,GPT,MS,ASO,CE,Combined TRACON& Tower with Radar,16,10,16,11,53,0,0,18,0,18,16,10,34,11,71,12,6,18,89
01/17/2017,GPT,MS,ASO,CE,Combined TRACON& Tower with Radar,16,16,14,38,84,0,0,3,1,4,16,16,17,39,88,8,10,18,106
01/18/2017,GPT,MS,ASO,CE,Combined TRACON& Tower with Radar,16,14,11,14,55,0,0,1,0,1,16,14,12,14,56,0,0,0,56
01/19/2017,GPT,MS,ASO,CE,Combined TRACON& Tower with Radar,16,13,4,1,34,0,0,0,0,0,16,13,4,1,34,0,0,0,34
01/20/2017,GPT,MS,ASO,CE,Combined TRACON& Tower with Radar,16,10,21,49,96,0,0,6,2,8,16,10,27,51,104,36,0,36,140
01/21/2017,GPT,MS,ASO,CE,Combined TRACON& Tower with Radar,14,12,10,1,37,0,0,4,0,4,14,12,14,1,41,0,0,0,41
01/22/2017,GPT,MS,ASO,CE,Combined TRACON& Tower with Radar,15,11,8,18,52,0,2,4,2,8,15,13,12,20,60,0,6,6,66
01/23/2017,GPT,MS,ASO,CE,Combined TRACON& Tower with Radar,15,13,14,59,101,0,5,16,0,21,15,18,30,59,122,22,18,40,162
01/24/2017,GPT,MS,ASO,CE,Combined TRACON& Tower with Radar,17,19,18,102,156,0,1,16,14,31,17,20,34,116,187,22,52,74,261
01/25/2017,GPT,MS,ASO,CE,Combined TRACON& Tower with Radar,16,14,12,111,153,0,0,14,13,27,16,14,26,124,180,10,20,30,210
01/26/2017,GPT,MS,ASO,CE,Combined TRACON& Tower with Radar,18,22,17,85,142,0,0,17,14,31,18,22,34,99,173,8,12,20,193
01/27/2017,GPT,MS,ASO,CE,Combined TRACON& Tower with Radar,16,12,18,87,133,0,0,27,6,33,16,12,45,93,166,6,8,14,180
01/28/2017,GPT,MS,ASO,CE,Combined TRACON& Tower with Radar,14,11,7,40,72,0,2,13,13,28,14,13,20,53,100,2,20,22,122
01/29/2017,GPT,MS,ASO,CE,Combined TRACON& Tower with Radar,15,11,15,27,68,0,2,21,9,32,15,13,36,36,100,0,0,0,100
01/30/2017,GPT,MS,ASO,CE,Combined TRACON& Tower with Radar,16,9,8,80,113,0,0,16,17,33,16,9,24,97,146,46,13,59,205
01/31/2017,GPT,MS,ASO,CE,Combined TRACON& Tower with Radar,18,12,8,45,83,0,1,20,30,51,18,13,28,75,134,0,0,0,134
02/01/2017,GPT,MS,ASO,CE,Combined TRACON& Tower with Radar,21,11,4,119,155,0,6,34,30,70,21,17,38,149,225,26,26,52,277
02/02/2017,GPT,MS,ASO,CE,Combined TRACON& Tower with Radar,16,13,23,95,147,0,0,9,22,31,16,13,32,117,178,22,8,30,208
02/03/2017,GPT,MS,ASO,CE,Combined TRACON& Tower with Radar,17,12,26,76,131,0,0,5,8,13,17,12,31,84,144,2,12,14,158
02/04/2017,GPT,MS,ASO,CE,Combined TRACON& Tower with Radar,15,14,5,18,52,0,3,24,15,42,15,17,29,33,94,0,0,0,94
02/05/2017,GPT,MS,ASO,CE,Combined TRACON& Tower with Radar,14,12,14,14,54,0,0,13,2,15,14,12,27,16,69,0,0,0,69
02/06/2017,GPT,MS,ASO,CE,Combined TRACON& Tower with Radar,17,9,11,93,130,0,1,14,12,27,17,10,25,105,157,8,47,55,212
02/07/2017,GPT,MS,ASO,CE,Combined TRACON& Tower with Radar,18,10,11,10,49,0,0,4,2,6,18,10,15,12,55,0,0,0,55
02/08/2017,GPT,MS,ASO,CE,Combined TRACON& Tower with Radar,17,20,7,67,111,0,0,3,1,4,17,20,10,68,115,0,42,42,157
02/09/2017,GPT,MS,ASO,CE,Combined TRACON& Tower with Radar,19,14,5,81,119,0,0,18,29,47,19,14,23,110,166,28,26,54,220
02/10/2017,GPT,MS,ASO,CE,Combined TRACON& Tower with Radar,22,14,17,60,113,0,2,19,15,36,22,16,36,75,149,0,22,22,171
02/11/2017,GPT,MS,ASO,CE,Combined TRACON& Tower with Radar,15,12,12,4,43,0,0,7,0,7,15,12,19,4,50,23,0,23,73
02/12/2017,GPT,MS,ASO,CE,Combined TRACON& Tower with Radar,17,9,12,21,59,0,1,7,3,11,17,10,19,24,70,28,6,34,104
02/13/2017,GPT,MS,ASO,CE,Combined TRACON& Tower with Radar,17,13,12,62,104,0,2,18,5,25,17,15,30,67,129,28,12,40,169
02/14/2017,GPT,MS,ASO,CE,Combined TRACON& Tower with Radar,17,12,16,49,94,0,0,11,3,14,17,12,27,52,108,20,16,36,144
02/15/2017,GPT,MS,ASO,CE,Combined TRACON& Tower with Radar,17,14,18,110,159,0,0,11,6,17,17,14,29,116,176,0,0,0,176
02/16/2017,GPT,MS,ASO,CE,Combined TRACON& Tower with Radar,16,17,24,72,129,0,0,30,23,53,16,17,54,95,182,12,52,64,246
02/17/2017,GPT,MS,ASO,CE,Combined TRACON& Tower with Radar,16,16,23,30,85,0,0,16,0,16,16,16,39,30,101,0,0,0,101
02/18/2017,GPT,MS,ASO,CE,Combined TRACON& Tower with Radar,12,10,11,18,51,0,0,10,3,13,12,10,21,21,64,16,11,27,91
02/19/2017,GPT,MS,ASO,CE,Combined TRACON& Tower with Radar,14,15,20,24,73,0,0,23,2,25,14,15,43,26,98,0,0,0,98
02/20/2017,GPT,MS,ASO,CE,Combined TRACON& Tower with Radar,16,11,7,18,52,0,0,3,2,5,16,11,10,20,57,0,0,0,57
02/21/2017,GPT,MS,ASO,CE,Combined TRACON& Tower with Radar,16,16,21,77,130,0,0,8,2,10,16,16,29,79,140,20,67,87,227
02/22/2017,GPT,MS,ASO,CE,Combined TRACON& Tower with Radar,19,19,30,119,187,0,2,9,17,28,19,21,39,136,215,12,20,32,247
02/23/2017,GPT,MS,ASO,CE,Combined TRACON& Tower with Radar,16,17,24,99,156,0,0,16,18,34,16,17,40,117,190,0,82,82,272
02/24/2017,GPT,MS,ASO,CE,Combined TRACON& Tower with Radar,16,12,25,51,104,0,2,20,9,31,16,14,45,60,135,68,30,98,233
02/25/2017,GPT,MS,ASO,CE,Combined TRACON& Tower with Radar,16,9,9,29,63,0,0,15,6,21,16,9,24,35,84,26,8,34,118
02/26/2017,GPT,MS,ASO,CE,Combined TRACON& Tower with Radar,16,10,14,33,73,0,7,13,1,21,16,17,27,34,94,0,22,22,116
02/27/2017,GPT,MS,ASO,CE,Combined TRACON& Tower with Radar,16,11,9,40,76,0,0,4,1,5,16,11,13,41,81,0,8,8,89
02/28/2017,GPT,MS,ASO,CE,Combined TRACON& Tower with Radar,16,13,8,58,95,0,1,4,0,5,16,14,12,58,100,18,4,22,122
03/01/2017,GPT,MS,ASO,CE,Combined TRACON& Tower with Radar,16,12,14,53,95,0,0,3,1,4,16,12,17,54,99,0,32,32,131
03/02/2017,GPT,MS,ASO,CE,Combined TRACON& Tower with Radar,17,12,12,89,130,1,1,14,8,24,18,13,26,97,154,0,4,4,158
03/03/2017,GPT,MS,ASO,CE,Combined TRACON& Tower with Radar,16,15,18,63,112,0,1,25,7,33,16,16,43,70,145,0,0,0,145
03/04/2017,GPT,MS,ASO,CE,Combined TRACON& Tower with Radar,13,12,17,17,59,0,0,21,8,29,13,12,38,25,88,0,0,0,88
03/05/2017,GPT,MS,ASO,CE,Combined TRACON& Tower with Radar,19,11,22,28,80,0,0,6,3,9,19,11,28,31,89,0,0,0,89
03/06/2017,GPT,MS,ASO,CE,Combined TRACON& Tower with Radar,19,8,9,135,171,0,0,15,10,25,19,8,24,145,196,6,14,20,216
03/07/2017,GPT,MS,ASO,CE,Combined TRACON& Tower with Radar,20,8,15,46,89,0,2,15,3,20,20,10,30,49,109,10,14,24,133
03/08/2017,GPT,MS,ASO,CE,Combined TRACON& Tower with Radar,22,11,29,49,111,0,0,19,11,30,22,11,48,60,141,30,12,42,183
03/09/2017,GPT,MS,ASO,CE,Combined TRACON& Tower with Radar,20,10,13,71,114,0,3,10,15,28,20,13,23,86,142,0,12,12,154
03/10/2017,GPT,MS,ASO,CE,Combined TRACON& Tower with Radar,20,10,16,22,68,0,0,14,6,20,20,10,30,28,88,32,4,36,124
03/11/2017,GPT,MS,ASO,CE,Combined TRACON& Tower with Radar,16,7,7,24,54,0,1,13,2,16,16,8,20,26,70,32,18,50,120
03/12/2017,GPT,MS,ASO,CE,Combined TRACON& Tower with Radar,11,5,5,1,22,0,0,0,0,0,11,5,5,1,22,0,0,0,22
03/13/2017,GPT,MS,ASO,CE,Combined TRACON& Tower with Radar,19,6,4,49,78,0,0,0,0,0,19,6,4,49,78,0,0,0,78
03/14/2017,GPT,MS,ASO,CE,Combined TRACON& Tower with Radar,19,12,14,126,171,0,1,11,0,12,19,13,25,126,183,16,68,84,267
03/15/2017,GPT,MS,ASO,CE,Combined TRACON& Tower with Radar,19,11,19,64,113,0,3,24,19,46,19,14,43,83,159,0,0,0,159
03/16/2017,GPT,MS,ASO,CE,Combined TRACON& Tower with Radar,21,14,20,66,121,0,0,28,10,38,21,14,48,76,159,44,4,48,207
03/17/2017,GPT,MS,ASO,CE,Combined TRACON& Tower with Radar,19,10,15,94,138,0,0,24,10,34,19,10,39,104,172,8,14,22,194
03/18/2017,GPT,MS,ASO,CE,Combined TRACON& Tower with Radar,17,7,10,14,48,0,1,25,4,30,17,8,35,18,78,0,0,0,78
03/19/2017,GPT,MS,ASO,CE,Combined TRACON& Tower with Radar,21,10,21,32,84,0,0,22,7,29,21,10,43,39,113,32,2,34,147
03/20/2017,GPT,MS,ASO,CE,Combined TRACON& Tower with Radar,21,9,5,78,113,0,0,14,14,28,21,9,19,92,141,36,10,46,187
03/21/2017,GPT,MS,ASO,CE,Combined TRACON& Tower with Radar,21,11,9,84,125,0,1,5,17,23,21,12,14,101,148,0,0,0,148
03/22/2017,GPT,MS,ASO,CE,Combined TRACON& Tower with Radar,22,11,9,91,133,0,1,4,13,18,22,12,13,104,151,20,10,30,181
03/23/2017,GPT,MS,ASO,CE,Combined TRACON& Tower with Radar,21,11,15,67,114,0,1,12,9,22,21,12,27,76,136,0,0,0,136
03/24/2017,GPT,MS,ASO,CE,Combined TRACON& Tower with Radar,21,8,13,57,99,0,0,7,4,11,21,8,20,61,110,16,6,22,132
03/25/2017,GPT,MS,ASO,CE,Combined TRACON& Tower with Radar,19,8,6,2,35,0,0,4,0,4,19,8,10,2,39,14,0,14,53
03/26/2017,GPT,MS,ASO,CE,Combined TRACON& Tower with Radar,19,8,19,34,80,0,1,8,8,17,19,9,27,42,97,0,0,0,97
03/27/2017,GPT,MS,ASO,CE,Combined TRACON& Tower with Radar,20,8,16,93,137,0,0,0,0,0,20,8,16,93,137,4,2,6,143
03/28/2017,GPT,MS,ASO,CE,Combined TRACON& Tower with Radar,22,12,18,125,177,0,2,10,8,20,22,14,28,133,197,0,10,10,207
03/29/2017,GPT,MS,ASO,CE,Combined TRACON& Tower with Radar,20,14,16,80,130,0,1,11,7,19,20,15,27,87,149,6,4,10,159
03/30/2017,GPT,MS,ASO,CE,Combined TRACON& Tower with Radar,20,13,14,14,61,0,0,5,0,5,20,13,19,14,66,0,16,16,82
03/31/2017,GPT,MS,ASO,CE,Combined TRACON& Tower with Radar,16,13,25,136,190,0,1,14,31,46,16,14,39,167,236,0,16,16,252
04/01/2017,GPT,MS,ASO,CE,Combined TRACON& Tower with Radar,14,11,12,18,55,0,1,33,8,42,14,12,45,26,97,20,0,20,117
04/02/2017,GPT,MS,ASO,CE,Combined TRACON& Tower with Radar,17,21,15,3,56,0,0,7,0,7,17,21,22,3,63,0,0,0,63
04/03/2017,GPT,MS,ASO,CE,Combined TRACON& Tower with Radar,16,7,4,36,63,0,0,3,5,8,16,7,7,41,71,0,0,0,71
04/04/2017,GPT,MS,ASO,CE,Combined TRACON& Tower with Radar,20,8,21,69,118,0,0,21,13,34,20,8,42,82,152,0,42,42,194
04/05/2017,GPT,MS,ASO,CE,Combined TRACON& Tower with Radar,15,9,11,16,51,0,0,8,8,16,15,9,19,24,67,0,12,12,79
04/06/2017,GPT,MS,ASO,CE,Combined TRACON& Tower with Radar,18,10,27,65,120,0,0,9,9,18,18,10,36,74,138,6,23,29,167
04/07/2017,GPT,MS,ASO,CE,Combined TRACON& Tower with Radar,17,14,16,75,122,0,0,17,8,25,17,14,33,83,147,8,36,44,191
04/08/2017,GPT,MS,ASO,CE,Combined TRACON& Tower with Radar,18,9,12,5,44,0,6,16,3,25,18,15,28,8,69,26,0,26,95
04/09/2017,GPT,MS,ASO,CE,Combined TRACON& Tower with Radar,16,9,16,12,53,0,1,14,12,27,16,10,30,24,80,0,0,0,80
04/10/2017,GPT,MS,ASO,CE,Combined TRACON& Tower with Radar,20,12,13,68,113,0,0,6,6,12,20,12,19,74,125,0,0,0,125
04/11/2017,GPT,MS,ASO,CE,Combined TRACON& Tower with Radar,21,6,10,32,69,0,0,19,10,29,21,6,29,42,98,22,0,22,120
04/12/2017,GPT,MS,ASO,CE,Combined TRACON& Tower with Radar,20,6,6,85,117,0,2,9,12,23,20,8,15,97,140,0,0,0,140
04/13/2017,GPT,MS,ASO,CE,Combined TRACON& Tower with Radar,22,10,19,82,133,0,0,6,22,28,22,10,25,104,161,18,24,42,203
04/14/2017,GPT,MS,ASO,CE,Combined TRACON& Tower with Radar,20,8,12,27,67,0,0,13,3,16,20,8,25,30,83,12,30,42,125
04/15/2017,GPT,MS,ASO,CE,Combined TRACON& Tower with Radar,18,9,10,0,37,0,0,12,0,12,18,9,22,0,49,10,0,10,59
04/16/2017,GPT,MS,ASO,CE,Combined TRACON& Tower with Radar,20,6,3,0,29,0,0,13,0,13,20,6,16,0,42,0,0,0,42
04/17/2017,GPT,MS,ASO,CE,Combined TRACON& Tower with Radar,20,7,19,43,89,0,0,8,0,8,20,7,27,43,97,14,20,34,131
04/18/2017,GPT,MS,ASO,CE,Combined TRACON& Tower with Radar,19,6,8,135,168,0,0,13,11,24,19,6,21,146,192,26,14,40,232
04/19/2017,GPT,MS,ASO,CE,Combined TRACON& Tower with Radar,20,7,7,47,81,0,2,17,16,35,20,9,24,63,116,14,0,14,130
04/20/2017,GPT,MS,ASO,CE,Combined TRACON& Tower with Radar,20,15,17,80,132,0,1,11,14,26,20,16,28,94,158,34,22,56,214
04/21/2017,GPT,MS,ASO,CE,Combined TRACON& Tower with Radar,19,9,25,63,116,0,2,24,7,33,19,11,49,70,149,10,18,28,177
04/22/2017,GPT,MS,ASO,CE,Combined TRACON& Tower with Radar,18,10,13,35,76,0,2,18,5,25,18,12,31,40,101,16,0,16,117
04/23/2017,GPT,MS,ASO,CE,Combined TRACON& Tower with Radar,19,10,12,6,47,0,0,6,3,9,19,10,18,9,56,12,12,24,80
04/24/2017,GPT,MS,ASO,CE,Combined TRACON& Tower with Radar,20,10,10,104,144,0,2,15,6,23,20,12,25,110,167,0,10,10,177
04/25/2017,GPT,MS,ASO,CE,Combined TRACON& Tower with Radar,24,8,10,47,89,0,1,15,6,22,24,9,25,53,111,6,2,8,119
04/26/2017,GPT,MS,ASO,CE,Combined TRACON& Tower with Radar,19,10,26,65,120,0,0,14,7,21,19,10,40,72,141,10,0,10,151
04/27/2017,GPT,MS,ASO,CE,Combined TRACON& Tower with Radar,22,12,19,129,182,0,1,13,15,29,22,13,32,144,211,0,112,112,323
04/28/2017,GPT,MS,ASO,CE,Combined TRACON& Tower with Radar,23,12,26,55,116,0,0,2,4,6,23,12,28,59,122,0,0,0,122
04/29/2017,GPT,MS,ASO,CE,Combined TRACON& Tower with Radar,18,7,4,11,40,0,1,4,0,5,18,8,8,11,45,0,8,8,53
04/30/2017,GPT,MS,ASO,CE,Combined TRACON& Tower with Radar,19,10,11,0,40,0,0,1,0,1,19,10,12,0,41,0,0,0,41
05/01/2017,GPT,MS,ASO,CE,Combined TRACON& Tower with Radar,29,9,25,84,147,0,1,13,10,24,29,10,38,94,171,0,30,30,201
05/02/2017,GPT,MS,ASO,CE,Combined TRACON& Tower with Radar,20,8,22,62,112,0,1,23,10,34,20,9,45,72,146,24,8,32,178
05/03/2017,GPT,MS,ASO,CE,Combined TRACON& Tower with Radar,18,8,23,17,66,0,0,9,7,16,18,8,32,24,82,0,0,0,82
05/04/2017,GPT,MS,ASO,CE,Combined TRACON& Tower with Radar,21,8,18,113,160,0,0,8,15,23,21,8,26,128,183,0,0,0,183
05/05/2017,GPT,MS,ASO,CE,Combined TRACON& Tower with Radar,20,9,14,110,153,0,2,9,12,23,20,11,23,122,176,1,66,67,243
05/06/2017,GPT,MS,ASO,CE,Combined TRACON& Tower with Radar,19,8,7,2,36,0,0,20,5,25,19,8,27,7,61,4,0,4,65
05/07/2017,GPT,MS,ASO,CE,Combined TRACON& Tower with Radar,23,7,6,17,53,0,0,21,6,27,23,7,27,23,80,0,0,0,80
05/08/2017,GPT,MS,ASO,CE,Combined TRACON& Tower with Radar,19,9,9,58,95,0,1,15,12,28,19,10,24,70,123,8,0,8,131
05/09/2017,GPT,MS,ASO,CE,Combined TRACON& Tower with Radar,20,11,14,61,106,0,1,24,2,27,20,12,38,63,133,0,0,0,133
05/10/2017,GPT,MS,ASO,CE,Combined TRACON& Tower with Radar,23,12,9,88,132,0,2,19,10,31,23,14,28,98,163,0,0,0,163
05/11/2017,GPT,MS,ASO,CE,Combined TRACON& Tower with Radar,22,12,13,49,96,0,0,8,6,14,22,12,21,55,110,0,0,0,110
05/12/2017,GPT,MS,ASO,CE,Combined TRACON& Tower with Radar,20,10,10,5,45,0,0,2,5,7,20,10,12,10,52,1,0,1,53
05/13/2017,GPT,MS,ASO,CE,Combined TRACON& Tower with Radar,18,7,5,4,34,0,2,21,1,24,18,9,26,5,58,20,8,28,86
05/14/2017,GPT,MS,ASO,CE,Combined TRACON& Tower with Radar,20,6,8,13,47,0,0,27,7,34,20,6,35,20,81,16,34,50,131
05/15/2017,GPT,MS,ASO,CE,Combined TRACON& Tower with Radar,20,16,13,54,103,0,0,15,11,26,20,16,28,65,129,0,0,0,129
05/16/2017,GPT,MS,ASO,CE,Combined TRACON& Tower with Radar,20,10,8,70,108,0,0,17,14,31,20,10,25,84,139,16,28,44,183
05/17/2017,GPT,MS,ASO,CE,Combined TRACON& Tower with Radar,22,10,25,79,136,0,0,10,18,28,22,10,35,97,164,0,0,0,164
05/18/2017,GPT,MS,ASO,CE,Combined TRACON& Tower with Radar,19,9,24,66,118,0,2,15,11,28,19,11,39,77,146,10,24,34,180
05/19/2017,GPT,MS,ASO,CE,Combined TRACON& Tower with Radar,20,10,16,67,113,0,0,13,5,18,20,10,29,72,131,2,20,22,153
05/20/2017,GPT,MS,ASO,CE,Combined TRACON& Tower with Radar,19,10,10,7,46,0,2,3,0,5,19,12,13,7,51,12,0,12,63
05/21/2017,GPT,MS,ASO,CE,Combined TRACON& Tower with Radar,23,8,15,5,51,0,1,7,1,9,23,9,22,6,60,0,0,0,60
05/22/2017,GPT,MS,ASO,CE,Combined TRACON& Tower with Radar,19,12,18,20,69,0,0,13,3,16,19,12,31,23,85,6,4,10,95
05/23/2017,GPT,MS,ASO,CE,Combined TRACON& Tower with Radar,18,12,13,63,106,0,0,5,1,6,18,12,18,64,112,0,24,24,136
05/24/2017,GPT,MS,ASO,CE,Combined TRACON& Tower with Radar,22,13,14,69,118,0,0,8,8,16,22,13,22,77,134,0,34,34,168
05/25/2017,GPT,MS,ASO,CE,Combined TRACON& Tower with Radar,19,13,26,91,149,0,2,36,17,55,19,15,62,108,204,6,46,52,256
05/26/2017,GPT,MS,ASO,CE,Combined TRACON& Tower with Radar,21,9,10,13,53,0,1,30,2,33,21,10,40,15,86,0,0,0,86
05/27/2017,GPT,MS,ASO,CE,Combined TRACON& Tower with Radar,18,8,9,0,35,0,2,9,0,11,18,10,18,0,46,38,0,38,84
05/28/2017,GPT,MS,ASO,CE,Combined TRACON& Tower with Radar,19,7,9,0,35,0,1,8,1,10,19,8,17,1,45,0,0,0,45
05/29/2017,GPT,MS,ASO,CE,Combined TRACON& Tower with Radar,18,7,3,1,29,0,2,7,0,9,18,9,10,1,38,0,0,0,38
05/30/2017,GPT,MS,ASO,CE,Combined TRACON& Tower with Radar,19,8,11,4,42,0,0,4,3,7,19,8,15,7,49,16,0,16,65
05/31/2017,GPT,MS,ASO,CE,Combined TRACON& Tower with Radar,20,14,13,14,61,0,0,1,1,2,20,14,14,15,63,0,0,0,63
06/01/2017,GPT,MS,ASO,CE,Combined TRACON& Tower with Radar,20,11,21,25,77,0,0,12,10,22,20,11,33,35,99,52,24,76,175
06/02/2017,GPT,MS,ASO,CE,Combined TRACON& Tower with Radar,19,15,10,51,95,0,0,8,8,16,19,15,18,59,111,0,16,16,127
06/03/2017,GPT,MS,ASO,CE,Combined TRACON& Tower with Radar,20,10,17,5,52,0,0,3,2,5,20,10,20,7,57,16,0,16,73
06/04/2017,GPT,MS,ASO,CE,Combined TRACON& Tower with Radar,20,6,16,12,54,0,3,7,0,10,20,9,23,12,64,17,0,17,81
06/05/2017,GPT,MS,ASO,CE,Combined TRACON& Tower with Radar,20,5,3,42,70,0,0,4,2,6,20,5,7,44,76,12,16,28,104
06/06/2017,GPT,MS,ASO,CE,Combined TRACON& Tower with Radar,17,13,23,27,80,0,0,2,3,5,17,13,25,30,85,0,0,0,85
06/07/2017,GPT,MS,ASO,CE,Combined TRACON& Tower with Radar,20,14,37,76,147,0,3,26,20,49,20,17,63,96,196,0,0,0,196
06/08/2017,GPT,MS,ASO,CE,Combined TRACON& Tower with Radar,20,9,13,50,92,0,7,33,20,60,20,16,46,70,152,38,18,56,208
06/09/2017,GPT,MS,ASO,CE,Combined TRACON& Tower with Radar,20,12,20,72,124,0,2,23,15,40,20,14,43,87,164,13,14,27,191
06/10/2017,GPT,MS,ASO,CE,Combined TRACON& Tower with Radar,18,10,14,16,58,0,0,24,6,30,18,10,38,22,88,2,24,26,114
06/11/2017,GPT,MS,ASO,CE,Combined TRACON& Tower with Radar,19,13,39,18,89,0,2,12,9,23,19,15,51,27,112,40,12,52,164
06/12/2017,GPT,MS,ASO,CE,Combined TRACON& Tower with Radar,19,7,4,13,43,0,4,3,2,9,19,11,7,15,52,42,0,42,94
06/13/2017,GPT,MS,ASO,CE,Combined TRACON& Tower with Radar,18,10,9,11,48,0,0,4,1,5,18,10,13,12,53,32,0,32,85
06/14/2017,GPT,MS,ASO,CE,Combined TRACON& Tower with Radar,20,8,10,29,67,0,8,3,6,17,20,16,13,35,84,0,20,20,104
06/15/2017,GPT,MS,ASO,CE,Combined TRACON& Tower with Radar,19,10,15,6,50,0,0,12,17,29,19,10,27,23,79,2,0,2,81
06/16/2017,GPT,MS,ASO,CE,Combined TRACON& Tower with Radar,22,9,12,59,102,0,0,6,4,10,22,9,18,63,112,0,2,2,114
06/17/2017,GPT,MS,ASO,CE,Combined TRACON& Tower with Radar,17,7,12,9,45,0,2,15,3,20,17,9,27,12,65,0,0,0,65
06/18/2017,GPT,MS,ASO,CE,Combined TRACON& Tower with Radar,23,7,13,1,44,0,2,5,1,8,23,9,18,2,52,0,0,0,52
06/19/2017,GPT,MS,ASO,CE,Combined TRACON& Tower with Radar,21,9,6,52,88,0,0,9,1,10,21,9,15,53,98,0,4,4,102
06/20/2017,GPT,MS,ASO,CE,Combined TRACON& Tower with Radar,18,8,10,7,43,0,0,0,0,0,18,8,10,7,43,0,0,0,43
06/21/2017,GPT,MS,ASO,CE,Combined TRACON& Tower with Radar,19,10,3,1,33,0,0,0,0,0,19,10,3,1,33,0,0,0,33
06/22/2017,GPT,MS,ASO,CE,Combined TRACON& Tower with Radar,19,8,7,0,34,0,0,1,0,1,19,8,8,0,35,0,0,0,35
06/23/2017,GPT,MS,ASO,CE,Combined TRACON& Tower with Radar,19,10,8,63,100,0,0,2,4,6,19,10,10,67,106,0,0,0,106
06/24/2017,GPT,MS,ASO,CE,Combined TRACON& Tower with Radar,18,5,7,14,44,0,2,4,5,11,18,7,11,19,55,38,0,38,93
06/25/2017,GPT,MS,ASO,CE,Combined TRACON& Tower with Radar,22,9,12,12,55,0,0,9,2,11,22,9,21,14,66,0,0,0,66
06/26/2017,GPT,MS,ASO,CE,Combined TRACON& Tower with Radar,20,9,16,81,126,0,1,24,14,39,20,10,40,95,165,20,70,90,255
06/27/2017,GPT,MS,ASO,CE,Combined TRACON& Tower with Radar,18,10,13,63,104,0,0,25,6,31,18,10,38,69,135,68,22,90,225
06/28/2017,GPT,MS,ASO,CE,Combined TRACON& Tower with Radar,20,7,14,51,92,0,1,8,6,15,20,8,22,57,107,0,10,10,117
06/29/2017,GPT,MS,ASO,CE,Combined TRACON& Tower with Radar,20,14,10,8,52,0,0,0,0,0,20,14,10,8,52,0,0,0,52
06/30/2017,GPT,MS,ASO,CE,Combined TRACON& Tower with Radar,21,10,15,37,83,0,0,20,0,20,21,10,35,37,103,30,6,36,139
07/01/2017,GPT,MS,ASO,CE,Combined TRACON& Tower with Radar,13,10,14,2,39,0,1,16,0,17,13,11,30,2,56,48,0,48,104
07/02/2017,GPT,MS,ASO,CE,Combined TRACON& Tower with Radar,12,6,9,0,27,0,1,16,1,18,12,7,25,1,45,2,0,2,47
07/03/2017,GPT,MS,ASO,CE,Combined TRACON& Tower with Radar,16,8,12,0,36,0,1,13,0,14,16,9,25,0,50,2,0,2,52
07/04/2017,GPT,MS,ASO,CE,Combined TRACON& Tower with Radar,12,5,6,0,23,0,2,8,0,10,12,7,14,0,33,0,0,0,33
07/05/2017,GPT,MS,ASO,CE,Combined TRACON& Tower with Radar,16,8,10,106,140,0,1,13,2,16,16,9,23,108,156,0,0,0,156
07/06/2017,GPT,MS,ASO,CE,Combined TRACON& Tower with Radar,19,9,18,82,128,0,2,12,17,31,19,11,30,99,159,0,0,0,159
07/07/2017,GPT,MS,ASO,CE,Combined TRACON& Tower with Radar,16,10,10,7,43,24,1,6,6,37,40,11,16,13,80,0,0,0,80
07/08/2017,GPT,MS,ASO,CE,Combined TRACON& Tower with Radar,14,5,7,7,33,0,0,5,9,14,14,5,12,16,47,28,0,28,75
07/09/2017,GPT,MS,ASO,CE,Combined TRACON& Tower with Radar,15,7,14,25,61,0,0,16,3,19,15,7,30,28,80,0,0,0,80
07/10/2017,GPT,MS,ASO,CE,Combined TRACON& Tower with Radar,22,9,8,70,109,0,0,20,0,20,22,9,28,70,129,14,0,14,143
07/11/2017,GPT,MS,ASO,CE,Combined TRACON& Tower with Radar,16,9,9,38,72,0,0,20,7,27,16,9,29,45,99,0,0,0,99
07/12/2017,GPT,MS,ASO,CE,Combined TRACON& Tower with Radar,16,12,19,44,91,0,1,20,15,36,16,13,39,59,127,14,32,46,173
07/13/2017,GPT,MS,ASO,CE,Combined TRACON& Tower with Radar,20,8,20,17,65,0,1,8,2,11,20,9,28,19,76,52,0,52,128
07/14/2017,GPT,MS,ASO,CE,Combined TRACON& Tower with Radar,18,8,25,22,73,0,0,17,2,19,18,8,42,24,92,18,4,22,114
07/15/2017,GPT,MS,ASO,CE,Combined TRACON& Tower with Radar,13,7,10,0,30,0,0,13,5,18,13,7,23,5,48,6,0,6,54
07/16/2017,GPT,MS,ASO,CE,Combined TRACON& Tower with Radar,16,6,13,8,43,0,0,2,0,2,16,6,15,8,45,0,0,0,45
07/17/2017,GPT,MS,ASO,CE,Combined TRACON& Tower with Radar,19,7,11,45,82,0,0,11,0,11,19,7,22,45,93,38,4,42,135
07/18/2017,GPT,MS,ASO,CE,Combined TRACON& Tower with Radar,15,9,12,55,91,0,1,11,15,27,15,10,23,70,118,14,25,39,157
07/19/2017,GPT,MS,ASO,CE,Combined TRACON& Tower with Radar,15,11,12,70,108,0,1,16,12,29,15,12,28,82,137,30,18,48,185
07/20/2017,GPT,MS,ASO,CE,Combined TRACON& Tower with Radar,21,11,12,82,126,0,8,6,8,22,21,19,18,90,148,22,22,44,192
07/21/2017,GPT,MS,ASO,CE,Combined TRACON& Tower with Radar,15,13,11,36,75,0,1,12,6,19,15,14,23,42,94,0,10,10,104
07/22/2017,GPT,MS,ASO,CE,Combined TRACON& Tower with Radar,14,5,14,4,37,0,1,11,1,13,14,6,25,5,50,0,0,0,50
07/23/2017,GPT,MS,ASO,CE,Combined TRACON& Tower with Radar,16,6,6,0,28,0,2,10,1,13,16,8,16,1,41,0,0,0,41
07/24/2017,GPT,MS,ASO,CE,Combined TRACON& Tower with Radar,20,8,9,4,41,0,0,7,1,8,20,8,16,5,49,0,0,0,49
07/25/2017,GPT,MS,ASO,CE,Combined TRACON& Tower with Radar,16,11,17,19,63,0,1,14,3,18,16,12,31,22,81,14,0,14,95
07/26/2017,GPT,MS,ASO,CE,Combined TRACON& Tower with Radar,16,8,22,56,102,0,1,11,8,20,16,9,33,64,122,8,14,22,144
07/27/2017,GPT,MS,ASO,CE,Combined TRACON& Tower with Radar,20,8,25,72,125,0,0,16,17,33,20,8,41,89,158,6,26,32,190
07/28/2017,GPT,MS,ASO,CE,Combined TRACON& Tower with Radar,15,14,11,88,128,0,3,18,7,28,15,17,29,95,156,2,20,22,178
07/29/2017,GPT,MS,ASO,CE,Combined TRACON& Tower with Radar,13,7,9,14,43,0,2,13,0,15,13,9,22,14,58,0,0,0,58
07/30/2017,GPT,MS,ASO,CE,Combined TRACON& Tower with Radar,16,9,11,13,49,0,2,23,2,27,16,11,34,15,76,0,12,12,88
07/31/2017,GPT,MS,ASO,CE,Combined TRACON& Tower with Radar,20,9,22,112,163,0,0,12,2,14,20,9,34,114,177,93,14,107,284
08/01/2017,GPT,MS,ASO,CE,Combined TRACON& Tower with Radar,16,11,17,84,128,0,1,21,11,33,16,12,38,95,161,55,36,91,252
08/02/2017,GPT,MS,ASO,CE,Combined TRACON& Tower with Radar,15,10,19,92,136,0,0,16,23,39,15,10,35,115,175,28,39,67,242
08/03/2017,GPT,MS,ASO,CE,Combined TRACON& Tower with Radar,21,8,15,10,54,0,0,13,9,22,21,8,28,19,76,9,0,9,85
08/04/2017,GPT,MS,ASO,CE,Combined TRACON& Tower with Radar,19,8,17,8,52,0,0,4,0,4,19,8,21,8,56,0,0,0,56
08/05/2017,GPT,MS,ASO,CE,Combined TRACON& Tower with Radar,14,7,9,11,41,0,5,8,5,18,14,12,17,16,59,36,0,36,95
08/06/2017,GPT,MS,ASO,CE,Combined TRACON& Tower with Radar,16,6,5,14,41,0,1,7,5,13,16,7,12,19,54,0,0,0,54
08/07/2017,GPT,MS,ASO,CE,Combined TRACON& Tower with Radar,25,6,8,49,88,0,1,19,15,35,25,7,27,64,123,10,16,26,149
08/08/2017,GPT,MS,ASO,CE,Combined TRACON& Tower with Radar,19,8,8,62,97,0,1,16,12,29,19,9,24,74,126,16,42,58,184
08/09/2017,GPT,MS,ASO,CE,Combined TRACON& Tower with Radar,16,8,24,65,113,0,0,17,11,28,16,8,41,76,141,0,0,0,141
08/10/2017,GPT,MS,ASO,CE,Combined TRACON& Tower with Radar,19,8,18,37,82,0,2,11,7,20,19,10,29,44,102,8,18,26,128
08/11/2017,GPT,MS,ASO,CE,Combined TRACON& Tower with Radar,20,8,20,13,61,0,2,19,2,23,20,10,39,15,84,12,2,14,98
08/12/2017,GPT,MS,ASO,CE,Combined TRACON& Tower with Radar,13,6,18,3,40,0,5,22,1,28,13,11,40,4,68,36,8,44,112
08/13/2017,GPT,MS,ASO,CE,Combined TRACON& Tower with Radar,16,6,11,29,62,0,1,10,4,15,16,7,21,33,77,20,0,20,97
08/14/2017,GPT,MS,ASO,CE,Combined TRACON& Tower with Radar,21,8,4,43,76,0,2,14,2,18,21,10,18,45,94,18,0,18,112
08/15/2017,GPT,MS,ASO,CE,Combined TRACON& Tower with Radar,19,14,5,15,53,0,0,11,9,20,19,14,16,24,73,51,0,51,124
08/16/2017,GPT,MS,ASO,CE,Combined TRACON& Tower with Radar,19,9,17,33,78,0,2,23,7,32,19,11,40,40,110,6,9,15,125
08/17/2017,GPT,MS,ASO,CE,Combined TRACON& Tower with Radar,24,11,18,79,132,0,3,21,9,33,24,14,39,88,165,36,44,80,245
08/18/2017,GPT,MS,ASO,CE,Combined TRACON& Tower with Radar,19,8,19,52,98,0,2,21,12,35,19,10,40,64,133,8,0,8,141
08/19/2017,GPT,MS,ASO,CE,Combined TRACON& Tower with Radar,19,6,5,14,44,0,1,17,5,23,19,7,22,19,67,18,0,18,85
08/20/2017,GPT,MS,ASO,CE,Combined TRACON& Tower with Radar,23,6,16,18,63,0,2,20,3,25,23,8,36,21,88,0,0,0,88
08/21/2017,GPT,MS,ASO,CE,Combined TRACON& Tower with Radar,23,9,13,41,86,0,2,15,7,24,23,11,28,48,110,8,18,26,136
08/22/2017,GPT,MS,ASO,CE,Combined TRACON& Tower with Radar,24,12,11,47,94,0,2,18,7,27,24,14,29,54,121,26,10,36,157
08/23/2017,GPT,MS,ASO,CE,Combined TRACON& Tower with Radar,23,11,15,50,99,0,0,12,16,28,23,11,27,66,127,8,0,8,135
08/24/2017,GPT,MS,ASO,CE,Combined TRACON& Tower with Radar,22,9,18,37,86,0,1,16,7,24,22,10,34,44,110,6,8,14,124
08/25/2017,GPT,MS,ASO,CE,Combined TRACON& Tower with Radar,20,8,15,58,101,0,2,20,10,32,20,10,35,68,133,0,18,18,151
08/26/2017,GPT,MS,ASO,CE,Combined TRACON& Tower with Radar,19,4,4,31,58,0,0,20,5,25,19,4,24,36,83,12,4,16,99
08/27/2017,GPT,MS,ASO,CE,Combined TRACON& Tower with Radar,18,0,16,12,46,0,2,7,2,11,18,2,23,14,57,0,0,0,57
08/28/2017,GPT,MS,ASO,CE,Combined TRACON& Tower with Radar,20,3,7,0,30,0,0,4,0,4,20,3,11,0,34,0,0,0,34
08/29/2017,GPT,MS,ASO,CE,Combined TRACON& Tower with Radar,20,3,3,0,26,0,0,2,0,2,20,3,5,0,28,0,0,0,28
08/30/2017,GPT,MS,ASO,CE,Combined TRACON& Tower with Radar,22,3,6,4,35,0,0,0,0,0,22,3,6,4,35,0,0,0,35
08/31/2017,GPT,MS,ASO,CE,Combined TRACON& Tower with Radar,21,3,10,6,40,0,0,6,0,6,21,3,16,6,46,0,0,0,46
09/01/2017,GPT,MS,ASO,CE,Combined TRACON& Tower with Radar,22,6,13,35,76,0,0,12,2,14,22,6,25,37,90,0,0,0,90
09/02/2017,GPT,MS,ASO,CE,Combined TRACON& Tower with Radar,18,5,10,7,40,0,1,19,5,25,18,6,29,12,65,22,0,22,87
09/03/2017,GPT,MS,ASO,CE,Combined TRACON& Tower with Radar,15,4,9,6,34,0,2,20,3,25,15,6,29,9,59,22,0,22,81
09/04/2017,GPT,MS,ASO,CE,Combined TRACON& Tower with Radar,18,3,8,0,29,0,2,19,1,22,18,5,27,1,51,2,0,2,53
09/05/2017,GPT,MS,ASO,CE,Combined TRACON& Tower with Radar,24,8,4,124,160,0,0,14,20,34,24,8,18,144,194,0,0,0,194
09/06/2017,GPT,MS,ASO,CE,Combined TRACON& Tower with Radar,24,8,21,108,161,0,1,7,3,11,24,9,28,111,172,0,4,4,176
09/07/2017,GPT,MS,ASO,CE,Combined TRACON& Tower with Radar,21,11,9,79,120,0,7,28,20,55,21,18,37,99,175,4,2,6,181
09/08/2017,GPT,MS,ASO,CE,Combined TRACON& Tower with Radar,24,12,25,87,148,0,1,27,25,53,24,13,52,112,201,4,8,12,213
09/09/2017,GPT,MS,ASO,CE,Combined TRACON& Tower with Radar,17,5,8,10,40,0,2,13,2,17,17,7,21,12,57,0,0,0,57
09/10/2017,GPT,MS,ASO,CE,Combined TRACON& Tower with Radar,17,6,11,20,54,0,0,16,2,18,17,6,27,22,72,1,0,1,73
09/11/2017,GPT,MS,ASO,CE,Combined TRACON& Tower with Radar,14,7,15,14,50,0,0,16,2,18,14,7,31,16,68,14,8,22,90
09/12/2017,GPT,MS,ASO,CE,Combined TRACON& Tower with Radar,21,8,21,50,100,0,2,42,8,52,21,10,63,58,152,16,2,18,170
09/13/2017,GPT,MS,ASO,CE,Combined TRACON& Tower with Radar,22,7,14,132,175,0,1,16,17,34,22,8,30,149,209,2,6,8,217
09/14/2017,GPT,MS,ASO,CE,Combined TRACON& Tower with Radar,23,12,31,85,151,0,1,39,13,53,23,13,70,98,204,18,12,30,234
09/15/2017,GPT,MS,ASO,CE,Combined TRACON& Tower with Radar,20,12,10,40,82,0,0,9,16,25,20,12,19,56,107,0,18,18,125
09/16/2017,GPT,MS,ASO,CE,Combined TRACON& Tower with Radar,22,9,9,31,71,0,0,20,15,35,22,9,29,46,106,18,38,56,162
09/17/2017,GPT,MS,ASO,CE,Combined TRACON& Tower with Radar,22,8,12,24,66,0,2,11,3,16,22,10,23,27,82,14,0,14,96
09/18/2017,GPT,MS,ASO,CE,Combined TRACON& Tower with Radar,20,10,16,109,155,0,0,17,5,22,20,10,33,114,177,0,18,18,195
09/19/2017,GPT,MS,ASO,CE,Combined TRACON& Tower with Radar,19,11,12,83,125,0,1,13,18,32,19,12,25,101,157,0,37,37,194
09/20/2017,GPT,MS,ASO,CE,Combined TRACON& Tower with Radar,24,14,23,92,153,0,2,10,21,33,24,16,33,113,186,49,18,67,253
09/21/2017,GPT,MS,ASO,CE,Combined TRACON& Tower with Radar,21,10,16,58,105,0,0,12,2,14,21,10,28,60,119,0,10,10,129
09/22/2017,GPT,MS,ASO,CE,Combined TRACON& Tower with Radar,21,11,12,88,132,0,0,18,1,19,21,11,30,89,151,2,0,2,153
09/23/2017,GPT,MS,ASO,CE,Combined TRACON& Tower with Radar,21,7,21,41,90,0,2,30,6,38,21,9,51,47,128,6,16,22,150
09/24/2017,GPT,MS,ASO,CE,Combined TRACON& Tower with Radar,19,9,12,29,69,0,0,11,1,12,19,9,23,30,81,0,0,0,81
09/25/2017,GPT,MS,ASO,CE,Combined TRACON& Tower with Radar,20,7,8,53,88,0,0,11,4,15,20,7,19,57,103,10,58,68,171
09/26/2017,GPT,MS,ASO,CE,Combined TRACON& Tower with Radar,20,7,15,34,76,0,1,9,4,14,20,8,24,38,90,14,8,22,112
09/27/2017,GPT,MS,ASO,CE,Combined TRACON& Tower with Radar,21,10,15,98,144,0,2,17,13,32,21,12,32,111,176,14,24,38,214
09/28/2017,GPT,MS,ASO,CE,Combined TRACON& Tower with Radar,21,13,17,83,134,0,1,18,12,31,21,14,35,95,165,0,32,32,197
09/29/2017,GPT,MS,ASO,CE,Combined TRACON& Tower with Radar,23,12,17,73,125,0,0,12,7,19,23,12,29,80,144,0,0,0,144
09/30/2017,GPT,MS,ASO,CE,Combined TRACON& Tower with Radar,20,7,6,25,58,0,0,19,2,21,20,7,25,27,79,45,8,53,132
10/01/2017,GPT,MS,ASO,CE,Combined TRACON& Tower with Radar,21,9,10,15,55,0,0,16,1,17,21,9,26,16,72,0,0,0,72
10/02/2017,GPT,MS,ASO,CE,Combined TRACON& Tower with Radar,20,9,14,4,47,0,0,7,0,7,20,9,21,4,54,0,0,0,54
10/03/2017,GPT,MS,ASO,CE,Combined TRACON& Tower with Radar,19,9,10,84,122,0,5,7,18,30,19,14,17,102,152,17,22,39,191
10/04/2017,GPT,MS,ASO,CE,Combined TRACON& Tower with Radar,22,9,24,93,148,0,1,13,5,19,22,10,37,98,167,0,2,2,169
10/05/2017,GPT,MS,ASO,CE,Combined TRACON& Tower with Radar,21,10,28,81,140,0,0,26,14,40,21,10,54,95,180,0,12,12,192
10/06/2017,GPT,MS,ASO,CE,Combined TRACON& Tower with Radar,24,8,22,16,70,0,4,23,2,29,24,12,45,18,99,0,0,0,99
10/07/2017,GPT,MS,ASO,CE,Combined TRACON& Tower with Radar,18,6,10,0,34,0,0,0,0,0,18,6,10,0,34,0,0,0,34
10/08/2017,GPT,MS,ASO,CE,Combined TRACON& Tower with Radar,14,6,1,0,21,0,2,3,0,5,14,8,4,0,26,0,0,0,26
10/09/2017,GPT,MS,ASO,CE,Combined TRACON& Tower with Radar,20,7,9,0,36,0,0,2,0,2,20,7,11,0,38,0,0,0,38
10/10/2017,GPT,MS,ASO,CE,Combined TRACON& Tower with Radar,20,8,7,20,55,0,0,12,1,13,20,8,19,21,68,0,18,18,86
10/11/2017,GPT,MS,ASO,CE,Combined TRACON& Tower with Radar,24,11,17,69,121,0,2,10,4,16,24,13,27,73,137,30,10,40,177
10/12/2017,GPT,MS,ASO,CE,Combined TRACON& Tower with Radar,21,11,21,136,189,0,1,17,10,28,21,12,38,146,217,0,0,0,217
10/13/2017,GPT,MS,ASO,CE,Combined TRACON& Tower with Radar,21,12,18,89,140,0,0,25,18,43,21,12,43,107,183,0,0,0,183
10/14/2017,GPT,MS,ASO,CE,Combined TRACON& Tower with Radar,22,5,15,23,65,0,0,19,0,19,22,5,34,23,84,2,12,14,98
10/15/2017,GPT,MS,ASO,CE,Combined TRACON& Tower with Radar,22,9,8,13,52,0,0,2,1,3,22,9,10,14,55,0,0,0,55
10/16/2017,GPT,MS,ASO,CE,Combined TRACON& Tower with Radar,22,9,11,105,147,0,0,8,13,21,22,9,19,118,168,0,2,2,170
10/17/2017,GPT,MS,ASO,CE,Combined TRACON& Tower with Radar,24,6,16,67,113,0,0,12,16,28,24,6,28,83,141,62,30,92,233
10/18/2017,GPT,MS,ASO,CE,Combined TRACON& Tower with Radar,22,9,20,139,190,0,0,15,33,48,22,9,35,172,238,24,2,26,264
10/19/2017,GPT,MS,ASO,CE,Combined TRACON& Tower with Radar,21,9,12,132,174,0,0,7,21,28,21,9,19,153,202,16,4,20,222
10/20/2017,GPT,MS,ASO,CE,Combined TRACON& Tower with Radar,26,12,15,58,111,0,0,16,22,38,26,12,31,80,149,17,16,33,182
10/21/2017,GPT,MS,ASO,CE,Combined TRACON& Tower with Radar,21,5,8,21,55,0,3,14,7,24,21,8,22,28,79,2,12,14,93
10/22/2017,GPT,MS,ASO,CE,Combined TRACON& Tower with Radar,21,8,8,0,37,0,0,1,1,2,21,8,9,1,39,0,0,0,39
10/23/2017,GPT,MS,ASO,CE,Combined TRACON& Tower with Radar,22,8,5,127,162,0,3,11,20,34,22,11,16,147,196,30,44,74,270
10/24/2017,GPT,MS,ASO,CE,Combined TRACON& Tower with Radar,20,11,24,111,166,0,1,32,19,52,20,12,56,130,218,40,10,50,268
10/25/2017,GPT,MS,ASO,CE,Combined TRACON& Tower with Radar,22,15,23,134,194,0,0,35,31,66,22,15,58,165,260,10,10,20,280
10/26/2017,GPT,MS,ASO,CE,Combined TRACON& Tower with Radar,23,14,23,96,156,0,4,20,28,52,23,18,43,124,208,12,20,32,240
10/27/2017,GPT,MS,ASO,CE,Combined TRACON& Tower with Radar,22,13,13,61,109,0,3,10,19,32,22,16,23,80,141,2,0,2,143
10/28/2017,GPT,MS,ASO,CE,Combined TRACON& Tower with Radar,21,10,13,17,61,0,0,20,0,20,21,10,33,17,81,2,16,18,99
10/29/2017,GPT,MS,ASO,CE,Combined TRACON& Tower with Radar,28,8,20,23,79,0,4,25,11,40,28,12,45,34,119,4,4,8,127
10/30/2017,GPT,MS,ASO,CE,Combined TRACON& Tower with Radar,22,11,6,75,114,0,1,24,34,59,22,12,30,109,173,0,6,6,179
10/31/2017,GPT,MS,ASO,CE,Combined TRACON& Tower with Radar,22,10,5,93,130,0,2,14,28,44,22,12,19,121,174,0,36,36,210
11/01/2017,GPT,MS,ASO,CE,Combined TRACON& Tower with Radar,22,15,7,59,103,0,1,7,23,31,22,16,14,82,134,0,12,12,146
11/02/2017,GPT,MS,ASO,CE,Combined TRACON& Tower with Radar,22,13,14,84,133,0,0,17,12,29,22,13,31,96,162,4,22,26,188
11/03/2017,GPT,MS,ASO,CE,Combined TRACON& Tower with Radar,21,16,18,109,164,0,1,9,6,16,21,17,27,115,180,8,2,10,190
11/04/2017,GPT,MS,ASO,CE,Combined TRACON& Tower with Radar,29,6,5,11,51,0,0,9,4,13,29,6,14,15,64,0,8,8,72
11/05/2017,GPT,MS,ASO,CE,Combined TRACON& Tower with Radar,18,11,7,28,64,0,0,13,8,21,18,11,20,36,85,46,12,58,143
11/06/2017,GPT,MS,ASO,CE,Combined TRACON& Tower with Radar,15,11,19,161,206,0,1,2,4,7,15,12,21,165,213,20,16,36,249
11/07/2017,GPT,MS,ASO,CE,Combined TRACON& Tower with Radar,18,15,12,99,144,0,0,6,5,11,18,15,18,104,155,16,10,26,181
11/08/2017,GPT,MS,ASO,CE,Combined TRACON& Tower with Radar,16,12,9,98,135,0,0,0,0,0,16,12,9,98,135,0,0,0,135
11/09/2017,GPT,MS,ASO,CE,Combined TRACON& Tower with Radar,20,14,12,167,213,0,0,1,1,2,20,14,13,168,215,1,24,25,240
11/10/2017,GPT,MS,ASO,CE,Combined TRACON& Tower with Radar,20,17,6,0,43,0,0,8,2,10,20,17,14,2,53,0,0,0,53
11/11/2017,GPT,MS,ASO,CE,Combined TRACON& Tower with Radar,19,11,19,22,71,0,1,19,0,20,19,12,38,22,91,16,0,16,107
11/12/2017,GPT,MS,ASO,CE,Combined TRACON& Tower with Radar,22,15,19,1,57,0,0,1,0,1,22,15,20,1,58,0,0,0,58
11/13/2017,GPT,MS,ASO,CE,Combined TRACON& Tower with Radar,21,15,17,51,104,0,0,8,26,34,21,15,25,77,138,26,2,28,166
11/14/2017,GPT,MS,ASO,CE,Combined TRACON& Tower with Radar,16,18,25,86,145,0,0,12,19,31,16,18,37,105,176,0,0,0,176
11/15/2017,GPT,MS,ASO,CE,Combined TRACON& Tower with Radar,19,16,20,112,167,0,1,13,20,34,19,17,33,132,201,6,24,30,231
11/16/2017,GPT,MS,ASO,CE,Combined TRACON& Tower with Radar,18,14,14,123,169,0,0,18,18,36,18,14,32,141,205,16,50,66,271
11/17/2017,GPT,MS,ASO,CE,Combined TRACON& Tower with Radar,17,16,13,103,149,0,1,16,17,34,17,17,29,120,183,6,32,38,221
11/18/2017,GPT,MS,ASO,CE,Combined TRACON& Tower with Radar,19,14,10,29,72,0,0,6,2,8,19,14,16,31,80,0,0,0,80
11/19/2017,GPT,MS,ASO,CE,Combined TRACON& Tower with Radar,15,7,26,48,96,0,0,8,9,17,15,7,34,57,113,6,4,10,123
11/20/2017,GPT,MS,ASO,CE,Combined TRACON& Tower with Radar,14,9,16,71,110,0,0,10,14,24,14,9,26,85,134,22,20,42,176
11/21/2017,GPT,MS,ASO,CE,Combined TRACON& Tower with Radar,13,16,8,39,76,0,0,17,7,24,13,16,25,46,100,48,10,58,158
11/22/2017,GPT,MS,ASO,CE,Combined TRACON& Tower with Radar,16,11,11,0,38,0,0,20,2,22,16,11,31,2,60,12,0,12,72
11/23/2017,GPT,MS,ASO,CE,Combined TRACON& Tower with Radar,13,6,2,0,21,0,0,8,0,8,13,6,10,0,29,2,0,2,31
11/24/2017,GPT,MS,ASO,CE,Combined TRACON& Tower with Radar,14,14,8,0,36,0,0,18,0,18,14,14,26,0,54,0,0,0,54
11/25/2017,GPT,MS,ASO,CE,Combined TRACON& Tower with Radar,16,11,10,2,39,0,0,18,0,18,16,11,28,2,57,0,0,0,57
11/26/2017,GPT,MS,ASO,CE,Combined TRACON& Tower with Radar,15,13,5,0,33,0,0,16,0,16,15,13,21,0,49,0,0,0,49
11/27/2017,GPT,MS,ASO,CE,Combined TRACON& Tower with Radar,18,13,10,73,114,0,0,9,8,17,18,13,19,81,131,6,2,8,139
11/28/2017,GPT,MS,ASO,CE,Combined TRACON& Tower with Radar,17,16,13,59,105,0,3,13,17,33,17,19,26,76,138,24,54,78,216
11/29/2017,GPT,MS,ASO,CE,Combined TRACON& Tower with Radar,18,10,12,45,85,0,1,7,9,17,18,11,19,54,102,14,16,30,132
11/30/2017,GPT,MS,ASO,CE,Combined TRACON& Tower with Radar,17,23,9,24,73,0,0,4,1,5,17,23,13,25,78,0,0,0,78
12/01/2017,GPT,MS,ASO,CE,Combined TRACON& Tower with Radar,21,15,20,13,69,0,0,12,7,19,21,15,32,20,88,0,0,0,88
12/02/2017,GPT,MS,ASO,CE,Combined TRACON& Tower with Radar,16,9,7,22,54,0,0,5,2,7,16,9,12,24,61,30,14,44,105
12/03/2017,GPT,MS,ASO,CE,Combined TRACON& Tower with Radar,20,12,14,13,59,0,0,13,5,18,20,12,27,18,77,24,20,44,121
12/04/2017,GPT,MS,ASO,CE,Combined TRACON& Tower with Radar,20,11,13,117,161,0,0,9,0,9,20,11,22,117,170,42,0,42,212
12/05/2017,GPT,MS,ASO,CE,Combined TRACON& Tower with Radar,16,13,12,66,107,0,0,5,2,7,16,13,17,68,114,2,42,44,158
12/06/2017,GPT,MS,ASO,CE,Combined TRACON& Tower with Radar,17,11,12,4,44,0,0,0,0,0,17,11,12,4,44,0,0,0,44
12/07/2017,GPT,MS,ASO,CE,Combined TRACON& Tower with Radar,19,13,11,1,44,0,0,2,2,4,19,13,13,3,48,0,0,0,48
12/08/2017,GPT,MS,ASO,CE,Combined TRACON& Tower with Radar,8,10,7,2,27,0,0,1,0,1,8,10,8,2,28,0,0,0,28
12/09/2017,GPT,MS,ASO,CE,Combined TRACON& Tower with Radar,12,9,13,11,45,0,0,14,3,17,12,9,27,14,62,4,0,4,66
12/10/2017,GPT,MS,ASO,CE,Combined TRACON& Tower with Radar,17,8,10,9,44,0,0,8,1,9,17,8,18,10,53,0,0,0,53
12/11/2017,GPT,MS,ASO,CE,Combined TRACON& Tower with Radar,16,11,14,77,118,0,0,11,6,17,16,11,25,83,135,0,18,18,153
12/12/2017,GPT,MS,ASO,CE,Combined TRACON& Tower with Radar,16,15,14,64,109,0,3,16,16,35,16,18,30,80,144,0,50,50,194
12/13/2017,GPT,MS,ASO,CE,Combined TRACON& Tower with Radar,18,19,12,29,78,0,2,19,13,34,18,21,31,42,112,2,6,8,120
12/14/2017,GPT,MS,ASO,CE,Combined TRACON& Tower with Radar,16,12,13,44,85,0,0,6,5,11,16,12,19,49,96,0,16,16,112
12/15/2017,GPT,MS,ASO,CE,Combined TRACON& Tower with Radar,19,13,6,41,79,0,0,5,0,5,19,13,11,41,84,20,2,22,106
12/16/2017,GPT,MS,ASO,CE,Combined TRACON& Tower with Radar,20,5,2,20,47,0,0,10,0,10,20,5,12,20,57,4,0,4,61
12/17/2017,GPT,MS,ASO,CE,Combined TRACON& Tower with Radar,11,5,2,0,18,0,0,0,0,0,11,5,2,0,18,0,0,0,18
12/18/2017,GPT,MS,ASO,CE,Combined TRACON& Tower with Radar,18,10,16,2,46,0,0,0,0,0,18,10,16,2,46,0,0,0,46
12/19/2017,GPT,MS,ASO,CE,Combined TRACON& Tower with Radar,8,6,5,21,40,0,0,0,0,0,8,6,5,21,40,0,0,0,40
12/20/2017,GPT,MS,ASO,CE,Combined TRACON& Tower with Radar,24,8,7,42,81,0,0,8,1,9,24,8,15,43,90,0,16,16,106
12/21/2017,GPT,MS,ASO,CE,Combined TRACON& Tower with Radar,22,12,7,50,91,0,0,10,17,27,22,12,17,67,118,0,34,34,152
12/22/2017,GPT,MS,ASO,CE,Combined TRACON& Tower with Radar,17,9,12,31,69,0,0,3,1,4,17,9,15,32,73,0,22,22,95
12/23/2017,GPT,MS,ASO,CE,Combined TRACON& Tower with Radar,21,8,4,12,45,0,0,3,0,3,21,8,7,12,48,0,0,0,48
12/24/2017,GPT,MS,ASO,CE,Combined TRACON& Tower with Radar,16,6,3,0,25,0,0,6,0,6,16,6,9,0,31,0,0,0,31
12/25/2017,GPT,MS,ASO,CE,Combined TRACON& Tower with Radar,16,7,3,0,26,0,0,4,0,4,16,7,7,0,30,0,0,0,30
12/26/2017,GPT,MS,ASO,CE,Combined TRACON& Tower with Radar,20,9,7,0,36,0,0,11,0,11,20,9,18,0,47,0,0,0,47
12/27/2017,GPT,MS,ASO,CE,Combined TRACON& Tower with Radar,23,11,8,15,57,0,0,0,0,0,23,11,8,15,57,0,0,0,57
12/28/2017,GPT,MS,ASO,CE,Combined TRACON& Tower with Radar,21,9,9,10,49,0,0,1,0,1,21,9,10,10,50,0,0,0,50
12/29/2017,GPT,MS,ASO,CE,Combined TRACON& Tower with Radar,20,14,7,19,60,0,0,20,13,33,20,14,27,32,93,0,0,0,93
12/30/2017,GPT,MS,ASO,CE,Combined TRACON& Tower with Radar,22,8,17,0,47,0,0,21,0,21,22,8,38,0,68,0,0,0,68
12/31/2017,GPT,MS,ASO,CE,Combined TRACON& Tower with Radar,15,9,6,2,32,0,0,0,0,0,15,9,6,2,32,0,0,0,32
01/01/2018,GPT,MS,ASO,CE,Combined TRACON& Tower with Radar,12,13,6,0,31,0,5,5,0,10,12,18,11,0,41,0,0,0,41
01/02/2018,GPT,MS,ASO,CE,Combined TRACON& Tower with Radar,17,19,14,2,52,0,0,22,0,22,17,19,36,2,74,10,0,10,84
01/03/2018,GPT,MS,ASO,CE,Combined TRACON& Tower with Radar,21,8,8,16,53,0,1,22,1,24,21,9,30,17,77,26,6,32,109
01/04/2018,GPT,MS,ASO,CE,Combined TRACON& Tower with Radar,19,8,11,52,90,0,0,21,6,27,19,8,32,58,117,0,18,18,135
01/05/2018,GPT,MS,ASO,CE,Combined TRACON& Tower with Radar,19,13,12,52,96,0,0,15,16,31,19,13,27,68,127,0,2,2,129
01/06/2018,GPT,MS,ASO,CE,Combined TRACON& Tower with Radar,18,8,8,34,68,0,0,8,8,16,18,8,16,42,84,14,16,30,114
01/07/2018,GPT,MS,ASO,CE,Combined TRACON& Tower with Radar,20,10,9,14,53,0,0,11,7,18,20,10,20,21,71,0,0,0,71
01/08/2018,GPT,MS,ASO,CE,Combined TRACON& Tower with Radar,21,8,2,19,50,0,0,3,0,3,21,8,5,19,53,0,0,0,53
01/09/2018,GPT,MS,ASO,CE,Combined TRACON& Tower with Radar,17,8,7,23,55,0,0,0,0,0,17,8,7,23,55,0,0,0,55
01/10/2018,GPT,MS,ASO,CE,Combined TRACON& Tower with Radar,20,15,10,62,107,0,0,3,3,6,20,15,13,65,113,0,0,0,113
01/11/2018,GPT,MS,ASO,CE,Combined TRACON& Tower with Radar,20,10,16,33,79,0,0,4,1,5,20,10,20,34,84,0,18,18,102
01/12/2018,GPT,MS,ASO,CE,Combined TRACON& Tower with Radar,18,7,3,89,117,0,0,3,0,3,18,7,6,89,120,0,0,0,120
01/13/2018,GPT,MS,ASO,CE,Combined TRACON& Tower with Radar,18,5,8,12,43,0,0,12,12,24,18,5,20,24,67,0,0,0,67
01/14/2018,GPT,MS,ASO,CE,Combined TRACON& Tower with Radar,18,6,5,16,45,0,0,12,5,17,18,6,17,21,62,0,0,0,62
01/15/2018,GPT,MS,ASO,CE,Combined TRACON& Tower with Radar,20,10,8,5,43,0,0,21,2,23,20,10,29,7,66,0,0,0,66
01/16/2018,GPT,MS,ASO,CE,Combined TRACON& Tower with Radar,19,5,9,26,59,0,0,2,5,7,19,5,11,31,66,8,0,8,74
01/17/2018,GPT,MS,ASO,CE,Combined TRACON& Tower with Radar,7,6,8,28,49,0,2,9,6,17,7,8,17,34,66,0,0,0,66
01/18/2018,GPT,MS,ASO,CE,Combined TRACON& Tower with Radar,18,9,14,89,130,0,2,12,31,45,18,11,26,120,175,0,0,0,175
01/19/2018,GPT,MS,ASO,CE,Combined TRACON& Tower with Radar,19,11,12,109,151,0,3,15,54,72,19,14,27,163,223,0,22,22,245
01/20/2018,GPT,MS,ASO,CE,Combined TRACON& Tower with Radar,21,5,16,23,65,0,5,12,48,65,21,10,28,71,130,22,20,42,172
01/21/2018,GPT,MS,ASO,CE,Combined TRACON& Tower with Radar,21,10,17,22,70,0,2,13,46,61,21,12,30,68,131,0,0,0,131
01/22/2018,GPT,MS,ASO,CE,Combined TRACON& Tower with Radar,20,8,10,46,84,0,0,2,2,4,20,8,12,48,88,0,10,10,98
01/23/2018,GPT,MS,ASO,CE,Combined TRACON& Tower with Radar,18,8,7,111,144,0,1,13,75,89,18,9,20,186,233,0,58,58,291
01/24/2018,GPT,MS,ASO,CE,Combined TRACON& Tower with Radar,22,16,13,59,110,0,2,5,55,62,22,18,18,114,172,4,44,48,220
01/25/2018,GPT,MS,ASO,CE,Combined TRACON& Tower with Radar,20,11,18,65,114,0,4,13,44,61,20,15,31,109,175,10,26,36,211
01/26/2018,GPT,MS,ASO,CE,Combined TRACON& Tower with Radar,20,10,8,62,100,0,0,8,27,35,20,10,16,89,135,12,48,60,195
01/27/2018,GPT,MS,ASO,CE,Combined TRACON& Tower with Radar,25,5,2,5,37,0,0,0,1,1,25,5,2,6,38,0,0,0,38
01/28/2018,GPT,MS,ASO,CE,Combined TRACON& Tower with Radar,20,11,10,34,75,0,2,1,3,6,20,13,11,37,81,0,0,0,81
01/29/2018,GPT,MS,ASO,CE,Combined TRACON& Tower with Radar,20,7,13,72,112,0,0,21,23,44,20,7,34,95,156,0,36,36,192
01/30/2018,GPT,MS,ASO,CE,Combined TRACON& Tower with Radar,19,7,13,61,100,0,3,17,24,44,19,10,30,85,144,0,0,0,144
01/31/2018,GPT,MS,ASO,CE,Combined TRACON& Tower with Radar,20,11,16,58,105,0,2,13,23,38,20,13,29,81,143,8,34,42,185
02/01/2018,GPT,MS,ASO,CE,Combined TRACON& Tower with Radar,20,9,10,101,140,0,0,8,5,13,20,9,18,106,153,24,56,80,233
02/02/2018,GPT,MS,ASO,CE,Combined TRACON& Tower with Radar,22,9,17,35,83,0,0,13,2,15,22,9,30,37,98,0,0,0,98
02/03/2018,GPT,MS,ASO,CE,Combined TRACON& Tower with Radar,23,8,12,24,67,0,1,21,4,26,23,9,33,28,93,14,10,24,117
02/04/2018,GPT,MS,ASO,CE,Combined TRACON& Tower with Radar,20,8,9,21,58,0,0,2,0,2,20,8,11,21,60,0,0,0,60
02/05/2018,GPT,MS,ASO,CE,Combined TRACON& Tower with Radar,21,9,11,56,97,0,0,20,7,27,21,9,31,63,124,0,4,4,128
02/06/2018,GPT,MS,ASO,CE,Combined TRACON& Tower with Radar,19,8,6,2,35,0,0,1,2,3,19,8,7,4,38,0,8,8,46
02/07/2018,GPT,MS,ASO,CE,Combined TRACON& Tower with Radar,18,8,4,0,30,0,0,1,1,2,18,8,5,1,32,0,0,0,32
02/08/2018,GPT,MS,ASO,CE,Combined TRACON& Tower with Radar,20,12,15,42,89,0,1,21,6,28,20,13,36,48,117,28,8,36,153
02/09/2018,GPT,MS,ASO,CE,Combined TRACON& Tower with Radar,20,14,25,50,109,0,0,7,0,7,20,14,32,50,116,0,16,16,132
02/10/2018,GPT,MS,ASO,CE,Combined TRACON& Tower with Radar,19,6,17,15,57,0,0,0,0,0,19,6,17,15,57,0,0,0,57
02/11/2018,GPT,MS,ASO,CE,Combined TRACON& Tower with Radar,20,6,5,9,40,0,0,0,0,0,20,6,5,9,40,0,0,0,40
02/12/2018,GPT,MS,ASO,CE,Combined TRACON& Tower with Radar,20,7,9,28,64,0,0,0,0,0,20,7,9,28,64,0,0,0,64
02/13/2018,GPT,MS,ASO,CE,Combined TRACON& Tower with Radar,17,6,7,67,97,0,0,7,7,14,17,6,14,74,111,0,0,0,111
02/14/2018,GPT,MS,ASO,CE,Combined TRACON& Tower with Radar,18,10,12,60,100,0,0,0,1,1,18,10,12,61,101,0,0,0,101
02/15/2018,GPT,MS,ASO,CE,Combined TRACON& Tower with Radar,18,10,13,61,102,0,0,12,26,38,18,10,25,87,140,30,8,38,178
02/16/2018,GPT,MS,ASO,CE,Combined TRACON& Tower with Radar,21,8,22,55,106,0,1,20,9,30,21,9,42,64,136,30,20,50,186
02/17/2018,GPT,MS,ASO,CE,Combined TRACON& Tower with Radar,17,7,6,25,55,0,0,15,1,16,17,7,21,26,71,24,0,24,95
02/18/2018,GPT,MS,ASO,CE,Combined TRACON& Tower with Radar,18,6,13,14,51,0,1,15,2,18,18,7,28,16,69,0,0,0,69
02/19/2018,GPT,MS,ASO,CE,Combined TRACON& Tower with Radar,21,8,26,2,57,0,0,16,0,16,21,8,42,2,73,16,0,16,89
02/20/2018,GPT,MS,ASO,CE,Combined TRACON& Tower with Radar,23,8,11,38,80,0,0,0,1,1,23,8,11,39,81,0,0,0,81
02/21/2018,GPT,MS,ASO,CE,Combined TRACON& Tower with Radar,26,11,14,10,61,0,0,0,0,0,26,11,14,10,61,0,0,0,61
02/22/2018,GPT,MS,ASO,CE,Combined TRACON& Tower with Radar,22,9,25,42,98,0,0,10,3,13,22,9,35,45,111,10,0,10,121
02/23/2018,GPT,MS,ASO,CE,Combined TRACON& Tower with Radar,21,9,18,18,66,0,0,7,2,9,21,9,25,20,75,0,0,0,75
02/24/2018,GPT,MS,ASO,CE,Combined TRACON& Tower with Radar,18,7,7,0,32,0,0,9,0,9,18,7,16,0,41,22,0,22,63
02/25/2018,GPT,MS,ASO,CE,Combined TRACON& Tower with Radar,23,8,12,0,43,0,0,3,0,3,23,8,15,0,46,0,0,0,46
02/26/2018,GPT,MS,ASO,CE,Combined TRACON& Tower with Radar,19,8,13,55,95,0,0,12,3,15,19,8,25,58,110,33,0,33,143
02/27/2018,GPT,MS,ASO,CE,Combined TRACON& Tower with Radar,21,9,8,46,84,0,0,36,3,39,21,9,44,49,123,12,20,32,155
02/28/2018,GPT,MS,ASO,CE,Combined TRACON& Tower with Radar,23,9,14,97,143,0,0,12,13,25,23,9,26,110,168,12,56,68,236
03/01/2018,GPT,MS,ASO,CE,Combined TRACON& Tower with Radar,19,13,13,47,92,0,0,5,2,7,19,13,18,49,99,8,0,8,107
03/02/2018,GPT,MS,ASO,CE,Combined TRACON& Tower with Radar,19,10,25,85,139,0,0,16,11,27,19,10,41,96,166,34,28,62,228
03/03/2018,GPT,MS,ASO,CE,Combined TRACON& Tower with Radar,18,8,6,32,64,0,3,21,4,28,18,11,27,36,92,0,10,10,102
03/04/2018,GPT,MS,ASO,CE,Combined TRACON& Tower with Radar,20,12,17,23,72,0,1,23,4,28,20,13,40,27,100,8,0,8,108
03/05/2018,GPT,MS,ASO,CE,Combined TRACON& Tower with Radar,20,7,9,57,93,0,0,4,7,11,20,7,13,64,104,4,16,20,124
03/06/2018,GPT,MS,ASO,CE,Combined TRACON& Tower with Radar,20,10,9,81,120,0,1,7,10,18,20,11,16,91,138,14,28,42,180
03/07/2018,GPT,MS,ASO,CE,Combined TRACON& Tower with Radar,19,16,15,127,177,0,1,10,4,15,19,17,25,131,192,6,44,50,242
03/08/2018,GPT,MS,ASO,CE,Combined TRACON& Tower with Radar,20,11,14,41,86,0,2,15,10,27,20,13,29,51,113,18,64,82,195
03/09/2018,GPT,MS,ASO,CE,Combined TRACON& Tower with Radar,22,9,21,79,131,0,1,23,10,34,22,10,44,89,165,0,46,46,211
03/10/2018,GPT,MS,ASO,CE,Combined TRACON& Tower with Radar,18,6,16,21,61,0,0,10,5,15,18,6,26,26,76,0,44,44,120
03/11/2018,GPT,MS,ASO,CE,Combined TRACON& Tower with Radar,20,6,14,31,71,0,0,3,1,4,20,6,17,32,75,0,0,0,75
03/12/2018,GPT,MS,ASO,CE,Combined TRACON& Tower with Radar,22,8,11,136,177,0,0,12,5,17,22,8,23,141,194,10,27,37,231
03/13/2018,GPT,MS,ASO,CE,Combined TRACON& Tower with Radar,20,13,16,85,134,0,2,12,13,27,20,15,28,98,161,4,0,4,165
03/14/2018,GPT,MS,ASO,CE,Combined TRACON& Tower with Radar,24,11,19,134,188,0,1,18,7,26,24,12,37,141,214,24,56,80,294
03/15/2018,GPT,MS,ASO,CE,Combined TRACON& Tower with Radar,22,11,28,59,120,0,0,17,6,23,22,11,45,65,143,0,20,20,163
03/16/2018,GPT,MS,ASO,CE,Combined TRACON& Tower with Radar,21,12,15,27,75,0,0,4,0,4,21,12,19,27,79,18,0,18,97
03/17/2018,GPT,MS,ASO,CE,Combined TRACON& Tower with Radar,18,9,6,6,39,0,0,4,0,4,18,9,10,6,43,2,0,2,45
03/18/2018,GPT,MS,ASO,CE,Combined TRACON& Tower with Radar,29,9,15,0,53,0,0,0,0,0,29,9,15,0,53,0,0,0,53
03/19/2018,GPT,MS,ASO,CE,Combined TRACON& Tower with Radar,20,8,6,57,91,0,0,1,2,3,20,8,7,59,94,0,34,34,128
03/20/2018,GPT,MS,ASO,CE,Combined TRACON& Tower with Radar,19,14,24,90,147,0,0,8,19,27,19,14,32,109,174,6,4,10,184
03/21/2018,GPT,MS,ASO,CE,Combined TRACON& Tower with Radar,24,12,11,100,147,0,3,7,6,16,24,15,18,106,163,4,8,12,175
03/22/2018,GPT,MS,ASO,CE,Combined TRACON& Tower with Radar,20,12,16,62,110,0,2,26,29,57,20,14,42,91,167,52,38,90,257
03/23/2018,GPT,MS,ASO,CE,Combined TRACON& Tower with Radar,20,9,18,51,98,0,3,4,10,17,20,12,22,61,115,0,4,4,119
03/24/2018,GPT,MS,ASO,CE,Combined TRACON& Tower with Radar,18,10,17,11,56,0,0,16,1,17,18,10,33,12,73,0,0,0,73
03/25/2018,GPT,MS,ASO,CE,Combined TRACON& Tower with Radar,19,9,14,10,52,0,0,10,1,11,19,9,24,11,63,4,10,14,77
03/26/2018,GPT,MS,ASO,CE,Combined TRACON& Tower with Radar,20,12,23,85,140,0,0,0,0,0,20,12,23,85,140,0,0,0,140
03/27/2018,GPT,MS,ASO,CE,Combined TRACON& Tower with Radar,20,10,16,130,176,0,0,2,0,2,20,10,18,130,178,0,0,0,178
03/28/2018,GPT,MS,ASO,CE,Combined TRACON& Tower with Radar,22,8,14,99,143,0,1,6,7,14,22,9,20,106,157,0,32,32,189
03/29/2018,GPT,MS,ASO,CE,Combined TRACON& Tower with Radar,22,10,5,15,52,0,0,0,0,0,22,10,5,15,52,0,0,0,52
03/30/2018,GPT,MS,ASO,CE,Combined TRACON& Tower with Radar,20,14,21,79,134,0,6,15,2,23,20,20,36,81,157,26,30,56,213
03/31/2018,GPT,MS,ASO,CE,Combined TRACON& Tower with Radar,17,8,9,7,41,0,0,25,1,26,17,8,34,8,67,16,0,16,83
04/01/2018,GPT,MS,ASO,CE,Combined TRACON& Tower with Radar,18,5,11,13,47,0,0,16,0,16,18,5,27,13,63,0,0,0,63
04/02/2018,GPT,MS,ASO,CE,Combined TRACON& Tower with Radar,20,7,20,51,98,0,1,6,3,10,20,8,26,54,108,10,2,12,120
04/03/2018,GPT,MS,ASO,CE,Combined TRACON& Tower with Radar,19,12,17,95,143,0,0,6,2,8,19,12,23,97,151,10,2,12,163
04/04/2018,GPT,MS,ASO,CE,Combined TRACON& Tower with Radar,22,12,13,68,115,0,0,3,19,22,22,12,16,87,137,0,28,28,165
04/05/2018,GPT,MS,ASO,CE,Combined TRACON& Tower with Radar,20,10,11,96,137,0,2,18,11,31,20,12,29,107,168,2,14,16,184
04/06/2018,GPT,MS,ASO,CE,Combined TRACON& Tower with Radar,20,11,21,82,134,0,1,1,6,8,20,12,22,88,142,0,8,8,150
04/07/2018,GPT,MS,ASO,CE,Combined TRACON& Tower with Radar,19,7,7,4,37,0,0,5,1,6,19,7,12,5,43,6,0,6,49
04/08/2018,GPT,MS,ASO,CE,Combined TRACON& Tower with Radar,20,10,14,47,91,0,0,5,0,5,20,10,19,47,96,10,6,16,112
04/09/2018,GPT,MS,ASO,CE,Combined TRACON& Tower with Radar,19,10,3,116,148,0,1,4,1,6,19,11,7,117,154,4,6,10,164
04/10/2018,GPT,MS,ASO,CE,Combined TRACON& Tower with Radar,19,10,10,73,112,0,0,10,19,29,19,10,20,92,141,0,12,12,153
04/11/2018,GPT,MS,ASO,CE,Combined TRACON& Tower with Radar,22,13,20,95,150,0,1,10,14,25,22,14,30,109,175,0,24,24,199
04/12/2018,GPT,MS,ASO,CE,Combined TRACON& Tower with Radar,20,12,13,92,137,0,0,18,14,32,20,12,31,106,169,0,60,60,229
04/13/2018,GPT,MS,ASO,CE,Combined TRACON& Tower with Radar,21,11,12,101,145,0,5,10,1,16,21,16,22,102,161,30,8,38,199
04/14/2018,GPT,MS,ASO,CE,Combined TRACON& Tower with Radar,20,5,3,0,28,0,0,0,0,0,20,5,3,0,28,0,0,0,28
04/15/2018,GPT,MS,ASO,CE,Combined TRACON& Tower with Radar,21,10,8,77,116,0,1,10,14,25,21,11,18,91,141,4,0,4,145
04/16/2018,GPT,MS,ASO,CE,Combined TRACON& Tower with Radar,21,9,11,75,116,0,0,13,5,18,21,9,24,80,134,4,50,54,188
04/17/2018,GPT,MS,ASO,CE,Combined TRACON& Tower with Radar,20,12,12,85,129,0,1,31,12,44,20,13,43,97,173,0,0,0,173
04/18/2018,GPT,MS,ASO,CE,Combined TRACON& Tower with Radar,22,17,13,102,154,0,1,9,17,27,22,18,22,119,181,8,16,24,205
04/19/2018,GPT,MS,ASO,CE,Combined TRACON& Tower with Radar,21,10,24,92,147,0,0,11,3,14,21,10,35,95,161,16,32,48,209
04/20/2018,GPT,MS,ASO,CE,Combined TRACON& Tower with Radar,20,11,13,31,75,0,1,20,23,44,20,12,33,54,119,0,0,0,119
04/21/2018,GPT,MS,ASO,CE,Combined TRACON& Tower with Radar,18,10,7,15,50,0,0,13,3,16,18,10,20,18,66,4,0,4,70
04/22/2018,GPT,MS,ASO,CE,Combined TRACON& Tower with Radar,20,13,9,5,47,0,0,7,0,7,20,13,16,5,54,0,0,0,54
04/23/2018,GPT,MS,ASO,CE,Combined TRACON& Tower with Radar,22,11,9,125,167,0,1,20,10,31,22,12,29,135,198,4,30,34,232
04/24/2018,GPT,MS,ASO,CE,Combined TRACON& Tower with Radar,19,11,18,84,132,0,1,20,25,46,19,12,38,109,178,0,18,18,196
04/25/2018,GPT,MS,ASO,CE,Combined TRACON& Tower with Radar,24,14,21,69,128,0,3,23,9,35,24,17,44,78,163,2,8,10,173
04/26/2018,GPT,MS,ASO,CE,Combined TRACON& Tower with Radar,22,13,21,112,168,0,2,15,21,38,22,15,36,133,206,0,0,0,206
04/27/2018,GPT,MS,ASO,CE,Combined TRACON& Tower with Radar,21,11,19,101,152,0,1,18,11,30,21,12,37,112,182,0,23,23,205
04/28/2018,GPT,MS,ASO,CE,Combined TRACON& Tower with Radar,23,9,11,13,56,0,5,23,14,42,23,14,34,27,98,42,4,46,144
04/29/2018,GPT,MS,ASO,CE,Combined TRACON& Tower with Radar,20,9,19,17,65,0,2,18,7,27,20,11,37,24,92,0,0,0,92
04/30/2018,GPT,MS,ASO,CE,Combined TRACON& Tower with Radar,26,12,16,90,144,0,0,14,9,23,26,12,30,99,167,16,22,38,205
05/01/2018,GPT,MS,ASO,CE,Combined TRACON& Tower with Radar,22,17,25,80,144,0,1,11,7,19,22,18,36,87,163,14,10,24,187
05/02/2018,GPT,MS,ASO,CE,Combined TRACON& Tower with Radar,23,12,16,67,118,0,0,15,5,20,23,12,31,72,138,0,30,30,168
05/03/2018,GPT,MS,ASO,CE,Combined TRACON& Tower with Radar,20,16,30,96,162,0,0,9,7,16,20,16,39,103,178,0,0,0,178
05/04/2018,GPT,MS,ASO,CE,Combined TRACON& Tower with Radar,25,12,21,123,181,0,0,22,24,46,25,12,43,147,227,30,30,60,287
05/05/2018,GPT,MS,ASO,CE,Combined TRACON& Tower with Radar,22,13,8,11,54,0,1,9,5,15,22,14,17,16,69,30,10,40,109
05/06/2018,GPT,MS,ASO,CE,Combined TRACON& Tower with Radar,19,12,23,41,95,0,2,20,6,28,19,14,43,47,123,10,16,26,149
05/07/2018,GPT,MS,ASO,CE,Combined TRACON& Tower with Radar,23,10,18,92,143,0,1,18,17,36,23,11,36,109,179,14,22,36,215
05/08/2018,GPT,MS,ASO,CE,Combined TRACON& Tower with Radar,20,14,7,83,124,0,0,9,13,22,20,14,16,96,146,0,34,34,180
05/09/2018,GPT,MS,ASO,CE,Combined TRACON& Tower with Radar,28,17,19,67,131,0,2,27,20,49,28,19,46,87,180,0,0,0,180
05/10/2018,GPT,MS,ASO,CE,Combined TRACON& Tower with Radar,26,12,19,116,173,0,1,12,13,26,26,13,31,129,199,0,0,0,199
05/11/2018,GPT,MS,ASO,CE,Combined TRACON& Tower with Radar,20,12,12,55,99,0,2,24,10,36,20,14,36,65,135,0,0,0,135
05/12/2018,GPT,MS,ASO,CE,Combined TRACON& Tower with Radar,19,10,9,3,41,0,1,28,13,42,19,11,37,16,83,30,18,48,131
05/13/2018,GPT,MS,ASO,CE,Combined TRACON& Tower with Radar,19,10,11,17,57,0,0,21,1,22,19,10,32,18,79,0,0,0,79
05/14/2018,GPT,MS,ASO,CE,Combined TRACON& Tower with Radar,19,11,11,85,126,0,1,13,8,22,19,12,24,93,148,10,7,17,165
05/15/2018,GPT,MS,ASO,CE,Combined TRACON& Tower with Radar,20,11,4,147,182,0,0,7,10,17,20,11,11,157,199,0,86,86,285
05/16/2018,GPT,MS,ASO,CE,Combined TRACON& Tower with Radar,26,11,16,35,88,0,0,6,8,14,26,11,22,43,102,0,26,26,128
05/17/2018,GPT,MS,ASO,CE,Combined TRACON& Tower with Radar,20,16,6,77,119,0,2,9,10,21,20,18,15,87,140,14,12,26,166
05/18/2018,GPT,MS,ASO,CE,Combined TRACON& Tower with Radar,24,12,13,48,97,0,1,11,7,19,24,13,24,55,116,0,38,38,154
05/19/2018,GPT,MS,ASO,CE,Combined TRACON& Tower with Radar,20,9,9,23,61,0,0,19,5,24,20,9,28,28,85,12,38,50,135
05/20/2018,GPT,MS,ASO,CE,Combined TRACON& Tower with Radar,16,9,15,26,66,0,2,23,6,31,16,11,38,32,97,0,0,0,97
05/21/2018,GPT,MS,ASO,CE,Combined TRACON& Tower with Radar,20,8,5,27,60,0,0,3,5,8,20,8,8,32,68,14,15,29,97
05/22/2018,GPT,MS,ASO,CE,Combined TRACON& Tower with Radar,21,12,11,67,111,0,1,11,5,17,21,13,22,72,128,10,16,26,154
05/23/2018,GPT,MS,ASO,CE,Combined TRACON& Tower with Radar,25,11,19,21,76,0,0,8,4,12,25,11,27,25,88,6,6,12,100
05/24/2018,GPT,MS,ASO,CE,Combined TRACON& Tower with Radar,22,14,25,47,108,0,1,13,2,16,22,15,38,49,124,12,6,18,142
05/25/2018,GPT,MS,ASO,CE,Combined TRACON& Tower with Radar,20,11,10,0,41,0,0,10,0,10,20,11,20,0,51,0,0,0,51
05/26/2018,GPT,MS,ASO,CE,Combined TRACON& Tower with Radar,20,9,5,0,34,0,0,3,0,3,20,9,8,0,37,26,0,26,63
05/27/2018,GPT,MS,ASO,CE,Combined TRACON& Tower with Radar,14,8,3,0,25,0,0,9,0,9,14,8,12,0,34,0,0,0,34
05/28/2018,GPT,MS,ASO,CE,Combined TRACON& Tower with Radar,20,11,7,0,38,0,0,6,0,6,20,11,13,0,44,0,0,0,44
05/29/2018,GPT,MS,ASO,CE,Combined TRACON& Tower with Radar,20,10,8,98,136,0,0,18,13,31,20,10,26,111,167,0,0,0,167
05/30/2018,GPT,MS,ASO,CE,Combined TRACON& Tower with Radar,22,12,11,64,109,0,0,12,3,15,22,12,23,67,124,0,0,0,124
05/31/2018,GPT,MS,ASO,CE,Combined TRACON& Tower with Radar,19,9,14,127,169,0,1,17,11,29,19,10,31,138,198,16,14,30,228
06/01/2018,GPT,MS,ASO,CE,Combined TRACON& Tower with Radar,19,12,15,140,186,0,3,22,25,50,19,15,37,165,236,4,50,54,290
06/02/2018,GPT,MS,ASO,CE,Combined TRACON& Tower with Radar,20,9,11,41,81,0,1,10,8,19,20,10,21,49,100,8,20,28,128
06/03/2018,GPT,MS,ASO,CE,Combined TRACON& Tower with Radar,18,8,13,52,91,0,3,8,6,17,18,11,21,58,108,4,48,52,160
06/04/2018,GPT,MS,ASO,CE,Combined TRACON& Tower with Radar,20,9,13,146,188,0,0,11,4,15,20,9,24,150,203,0,0,0,203
06/05/2018,GPT,MS,ASO,CE,Combined TRACON& Tower with Radar,20,13,19,4,56,0,2,2,2,6,20,15,21,6,62,0,0,0,62
06/06/2018,GPT,MS,ASO,CE,Combined TRACON& Tower with Radar,22,15,34,117,188,0,2,33,13,48,22,17,67,130,236,16,12,28,264
06/07/2018,GPT,MS,ASO,CE,Combined TRACON& Tower with Radar,20,16,21,122,179,0,4,18,19,41,20,20,39,141,220,14,88,102,322
06/08/2018,GPT,MS,ASO,CE,Combined TRACON& Tower with Radar,27,13,17,80,137,0,4,13,17,34,27,17,30,97,171,0,28,28,199
06/09/2018,GPT,MS,ASO,CE,Combined TRACON& Tower with Radar,22,8,18,20,68,0,1,17,14,32,22,9,35,34,100,8,0,8,108
06/10/2018,GPT,MS,ASO,CE,Combined TRACON& Tower with Radar,22,11,24,24,81,0,0,16,4,20,22,11,40,28,101,0,0,0,101
06/11/2018,GPT,MS,ASO,CE,Combined TRACON& Tower with Radar,26,8,10,29,73,0,0,7,3,10,26,8,17,32,83,10,3,13,96
06/12/2018,GPT,MS,ASO,CE,Combined TRACON& Tower with Radar,23,11,11,12,57,0,5,3,6,14,23,16,14,18,71,0,0,0,71
06/13/2018,GPT,MS,ASO,CE,Combined TRACON& Tower with Radar,29,10,16,38,93,0,0,14,10,24,29,10,30,48,117,6,20,26,143
06/14/2018,GPT,MS,ASO,CE,Combined TRACON& Tower with Radar,19,14,19,23,75,0,4,14,10,28,19,18,33,33,103,0,30,30,133
06/15/2018,GPT,MS,ASO,CE,Combined TRACON& Tower with Radar,22,12,31,10,75,0,1,11,8,20,22,13,42,18,95,28,33,61,156
06/16/2018,GPT,MS,ASO,CE,Combined TRACON& Tower with Radar,22,10,6,7,45,0,2,23,5,30,22,12,29,12,75,0,0,0,75
06/17/2018,GPT,MS,ASO,CE,Combined TRACON& Tower with Radar,18,15,5,21,59,0,0,10,11,21,18,15,15,32,80,0,0,0,80
06/18/2018,GPT,MS,ASO,CE,Combined TRACON& Tower with Radar,19,12,6,61,98,0,1,6,8,15,19,13,12,69,113,0,10,10,123
06/19/2018,GPT,MS,ASO,CE,Combined TRACON& Tower with Radar,21,13,14,78,126,0,0,18,26,44,21,13,32,104,170,14,39,53,223
06/20/2018,GPT,MS,ASO,CE,Combined TRACON& Tower with Radar,27,13,23,104,167,0,5,11,14,30,27,18,34,118,197,0,0,0,197
06/21/2018,GPT,MS,ASO,CE,Combined TRACON& Tower with Radar,30,17,18,57,122,0,5,6,31,42,30,22,24,88,164,6,14,20,184
06/22/2018,GPT,MS,ASO,CE,Combined TRACON& Tower with Radar,23,18,12,140,193,0,2,11,17,30,23,20,23,157,223,8,62,70,293
06/23/2018,GPT,MS,ASO,CE,Combined TRACON& Tower with Radar,22,12,16,18,68,0,0,14,3,17,22,12,30,21,85,16,0,16,101
06/24/2018,GPT,MS,ASO,CE,Combined TRACON& Tower with Radar,21,11,19,24,75,0,1,8,0,9,21,12,27,24,84,0,0,0,84
06/25/2018,GPT,MS,ASO,CE,Combined TRACON& Tower with Radar,22,7,8,70,107,0,1,14,19,34,22,8,22,89,141,0,48,48,189
06/26/2018,GPT,MS,ASO,CE,Combined TRACON& Tower with Radar,30,10,18,94,152,0,3,16,20,39,30,13,34,114,191,6,52,58,249
06/27/2018,GPT,MS,ASO,CE,Combined TRACON& Tower with Radar,26,12,14,64,116,0,0,30,5,35,26,12,44,69,151,12,18,30,181
06/28/2018,GPT,MS,ASO,CE,Combined TRACON& Tower with Radar,22,14,32,78,146,0,2,21,8,31,22,16,53,86,177,14,26,40,217
06/29/2018,GPT,MS,ASO,CE,Combined TRACON& Tower with Radar,20,12,19,34,85,0,0,14,2,16,20,12,33,36,101,0,0,0,101
06/30/2018,GPT,MS,ASO,CE,Combined TRACON& Tower with Radar,18,8,8,12,46,0,0,15,0,15,18,8,23,12,61,50,4,54,115
07/01/2018,GPT,MS,ASO,CE,Combined TRACON& Tower with Radar,14,11,11,18,54,0,1,9,5,15,14,12,20,23,69,18,8,26,95
07/02/2018,GPT,MS,ASO,CE,Combined TRACON& Tower with Radar,20,8,8,22,58,0,0,9,2,11,20,8,17,24,69,11,0,11,80
07/03/2018,GPT,MS,ASO,CE,Combined TRACON& Tower with Radar,14,10,7,20,51,0,0,6,0,6,14,10,13,20,57,0,0,0,57
07/04/2018,GPT,MS,ASO,CE,Combined TRACON& Tower with Radar,16,7,2,4,29,0,1,6,0,7,16,8,8,4,36,6,0,6,42
07/05/2018,GPT,MS,ASO,CE,Combined TRACON& Tower with Radar,21,9,9,22,61,0,0,1,9,10,21,9,10,31,71,0,0,0,71
07/06/2018,GPT,MS,ASO,CE,Combined TRACON& Tower with Radar,15,9,21,59,104,0,0,10,11,21,15,9,31,70,125,4,34,38,163
07/07/2018,GPT,MS,ASO,CE,Combined TRACON& Tower with Radar,18,8,8,4,38,0,1,9,2,12,18,9,17,6,50,0,0,0,50
07/08/2018,GPT,MS,ASO,CE,Combined TRACON& Tower with Radar,18,8,17,12,55,0,0,12,0,12,18,8,29,12,67,22,0,22,89
07/09/2018,GPT,MS,ASO,CE,Combined TRACON& Tower with Radar,24,11,10,64,109,0,2,10,12,24,24,13,20,76,133,0,12,12,145
07/10/2018,GPT,MS,ASO,CE,Combined TRACON& Tower with Radar,20,8,11,106,145,0,0,16,2,18,20,8,27,108,163,26,38,64,227
07/11/2018,GPT,MS,ASO,CE,Combined TRACON& Tower with Radar,22,12,12,79,125,0,1,10,9,20,22,13,22,88,145,6,12,18,163
07/12/2018,GPT,MS,ASO,CE,Combined TRACON& Tower with Radar,19,8,12,124,163,0,0,10,8,18,19,8,22,132,181,4,62,66,247
07/13/2018,GPT,MS,ASO,CE,Combined TRACON& Tower with Radar,20,8,16,101,145,0,1,18,3,22,20,9,34,104,167,6,32,38,205
07/14/2018,GPT,MS,ASO,CE,Combined TRACON& Tower with Radar,19,7,15,17,58,0,1,18,8,27,19,8,33,25,85,4,20,24,109
07/15/2018,GPT,MS,ASO,CE,Combined TRACON& Tower with Radar,17,8,13,6,44,0,1,14,1,16,17,9,27,7,60,0,0,0,60
07/16/2018,GPT,MS,ASO,CE,Combined TRACON& Tower with Radar,23,11,7,23,64,0,0,8,0,8,23,11,15,23,72,0,0,0,72
07/17/2018,GPT,MS,ASO,CE,Combined TRACON& Tower with Radar,20,11,2,18,51,0,0,13,4,17,20,11,15,22,68,0,18,18,86
07/18/2018,GPT,MS,ASO,CE,Combined TRACON& Tower with Radar,22,9,12,15,58,0,0,6,4,10,22,9,18,19,68,4,6,10,78
07/19/2018,GPT,MS,ASO,CE,Combined TRACON& Tower with Radar,21,8,16,50,95,0,0,10,7,17,21,8,26,57,112,20,0,20,132
07/20/2018,GPT,MS,ASO,CE,Combined TRACON& Tower with Radar,19,8,12,39,78,0,2,24,23,49,19,10,36,62,127,30,36,66,193
07/21/2018,GPT,MS,ASO,CE,Combined TRACON& Tower with Radar,20,10,14,4,48,0,1,14,16,31,20,11,28,20,79,6,22,28,107
07/22/2018,GPT,MS,ASO,CE,Combined TRACON& Tower with Radar,21,12,7,25,65,0,0,18,10,28,21,12,25,35,93,0,0,0,93
07/23/2018,GPT,MS,ASO,CE,Combined TRACON& Tower with Radar,23,7,10,93,133,0,0,12,10,22,23,7,22,103,155,0,0,0,155
07/24/2018,GPT,MS,ASO,CE,Combined TRACON& Tower with Radar,23,9,13,140,185,0,4,10,11,25,23,13,23,151,210,0,26,26,236
07/25/2018,GPT,MS,ASO,CE,Combined TRACON& Tower with Radar,26,13,16,106,161,0,1,24,8,33,26,14,40,114,194,4,34,38,232
07/26/2018,GPT,MS,ASO,CE,Combined TRACON& Tower with Radar,24,12,4,92,132,0,4,19,11,34,24,16,23,103,166,16,0,16,182
07/27/2018,GPT,MS,ASO,CE,Combined TRACON& Tower with Radar,26,9,12,125,172,0,0,18,7,25,26,9,30,132,197,30,56,86,283
07/28/2018,GPT,MS,ASO,CE,Combined TRACON& Tower with Radar,24,9,4,7,44,0,2,7,2,11,24,11,11,9,55,0,0,0,55
07/29/2018,GPT,MS,ASO,CE,Combined TRACON& Tower with Radar,22,7,18,16,63,0,0,17,5,22,22,7,35,21,85,0,0,0,85
07/30/2018,GPT,MS,ASO,CE,Combined TRACON& Tower with Radar,21,9,3,94,127,0,0,14,7,21,21,9,17,101,148,14,60,74,222
07/31/2018,GPT,MS,ASO,CE,Combined TRACON& Tower with Radar,22,8,8,13,51,0,0,2,4,6,22,8,10,17,57,18,32,50,107
08/01/2018,GPT,MS,ASO,CE,Combined TRACON& Tower with Radar,26,10,11,56,103,0,2,4,2,8,26,12,15,58,111,0,10,10,121
08/02/2018,GPT,MS,ASO,CE,Combined TRACON& Tower with Radar,25,14,25,139,203,0,1,9,8,18,25,15,34,147,221,0,0,0,221
08/03/2018,GPT,MS,ASO,CE,Combined TRACON& Tower with Radar,23,7,12,108,150,0,0,24,2,26,23,7,36,110,176,0,28,28,204
08/04/2018,GPT,MS,ASO,CE,Combined TRACON& Tower with Radar,28,6,11,22,67,0,2,8,0,10,28,8,19,22,77,38,0,38,115
08/05/2018,GPT,MS,ASO,CE,Combined TRACON& Tower with Radar,24,8,12,33,77,0,5,22,6,33,24,13,34,39,110,28,0,28,138
08/06/2018,GPT,MS,ASO,CE,Combined TRACON& Tower with Radar,25,9,11,82,127,0,1,16,13,30,25,10,27,95,157,16,44,60,217
08/07/2018,GPT,MS,ASO,CE,Combined TRACON& Tower with Radar,25,8,14,28,75,0,2,11,12,25,25,10,25,40,100,32,24,56,156
08/08/2018,GPT,MS,ASO,CE,Combined TRACON& Tower with Radar,25,16,13,35,89,0,0,10,11,21,25,16,23,46,110,0,44,44,154
08/09/2018,GPT,MS,ASO,CE,Combined TRACON& Tower with Radar,22,11,20,54,107,0,2,20,12,34,22,13,40,66,141,4,8,12,153
08/10/2018,GPT,MS,ASO,CE,Combined TRACON& Tower with Radar,24,10,22,27,83,0,1,6,10,17,24,11,28,37,100,2,20,22,122
08/11/2018,GPT,MS,ASO,CE,Combined TRACON& Tower with Radar,22,7,25,15,69,0,0,8,0,8,22,7,33,15,77,8,6,14,91
08/12/2018,GPT,MS,ASO,CE,Combined TRACON& Tower with Radar,20,7,14,14,55,0,2,14,6,22,20,9,28,20,77,0,0,0,77
08/13/2018,GPT,MS,ASO,CE,Combined TRACON& Tower with Radar,25,10,19,74,128,0,3,11,17,31,25,13,30,91,159,16,58,74,233
08/14/2018,GPT,MS,ASO,CE,Combined TRACON& Tower with Radar,25,8,16,83,132,0,1,18,26,45,25,9,34,109,177,6,28,34,211
08/15/2018,GPT,MS,ASO,CE,Combined TRACON& Tower with Radar,28,13,17,49,107,0,4,12,13,29,28,17,29,62,136,14,0,14,150
08/16/2018,GPT,MS,ASO,CE,Combined TRACON& Tower with Radar,27,8,21,27,83,0,0,6,1,7,27,8,27,28,90,0,0,0,90
08/17/2018,GPT,MS,ASO,CE,Combined TRACON& Tower with Radar,27,8,17,37,89,0,0,7,9,16,27,8,24,46,105,2,0,2,107
08/18/2018,GPT,MS,ASO,CE,Combined TRACON& Tower with Radar,28,7,8,11,54,0,0,4,1,5,28,7,12,12,59,0,0,0,59
08/19/2018,GPT,MS,ASO,CE,Combined TRACON& Tower with Radar,24,7,15,0,46,0,1,7,0,8,24,8,22,0,54,11,0,11,65
08/20/2018,GPT,MS,ASO,CE,Combined TRACON& Tower with Radar,24,10,5,29,68,0,0,3,4,7,24,10,8,33,75,0,0,0,75
08/21/2018,GPT,MS,ASO,CE,Combined TRACON& Tower with Radar,26,7,17,74,124,0,0,10,12,22,26,7,27,86,146,4,16,20,166
08/22/2018,GPT,MS,ASO,CE,Combined TRACON& Tower with Radar,27,9,11,133,180,0,0,15,4,19,27,9,26,137,199,0,0,0,199
08/23/2018,GPT,MS,ASO,CE,Combined TRACON& Tower with Radar,24,11,28,113,176,0,4,19,23,46,24,15,47,136,222,0,0,0,222
08/24/2018,GPT,MS,ASO,CE,Combined TRACON& Tower with Radar,25,9,15,139,188,0,0,17,8,25,25,9,32,147,213,14,53,67,280
08/25/2018,GPT,MS,ASO,CE,Combined TRACON& Tower with Radar,20,9,15,19,63,0,6,6,4,16,20,15,21,23,79,10,6,16,95
08/26/2018,GPT,MS,ASO,CE,Combined TRACON& Tower with Radar,21,7,15,12,55,0,0,17,6,23,21,7,32,18,78,0,0,0,78
08/27/2018,GPT,MS,ASO,CE,Combined TRACON& Tower with Radar,24,9,7,86,126,0,0,10,0,10,24,9,17,86,136,21,11,32,168
08/28/2018,GPT,MS,ASO,CE,Combined TRACON& Tower with Radar,22,9,10,60,101,0,0,14,0,14,22,9,24,60,115,20,8,28,143
08/29/2018,GPT,MS,ASO,CE,Combined TRACON& Tower with Radar,24,12,10,23,69,0,4,7,10,21,24,16,17,33,90,0,0,0,90
08/30/2018,GPT,MS,ASO,CE,Combined TRACON& Tower with Radar,20,10,10,65,105,0,0,52,29,81,20,10,62,94,186,0,0,0,186
08/31/2018,GPT,MS,ASO,CE,Combined TRACON& Tower with Radar,24,10,20,0,54,0,0,6,0,6,24,10,26,0,60,0,0,0,60
09/01/2018,GPT,MS,ASO,CE,Combined TRACON& Tower with Radar,18,6,6,0,30,0,0,1,0,1,18,6,7,0,31,0,0,0,31
09/02/2018,GPT,MS,ASO,CE,Combined TRACON& Tower with Radar,15,7,5,0,27,0,0,6,0,6,15,7,11,0,33,0,0,0,33
09/03/2018,GPT,MS,ASO,CE,Combined TRACON& Tower with Radar,21,7,11,2,41,0,0,2,0,2,21,7,13,2,43,0,0,0,43
09/04/2018,GPT,MS,ASO,CE,Combined TRACON& Tower with Radar,13,5,0,2,20,0,0,0,1,1,13,5,0,3,21,0,0,0,21
09/05/2018,GPT,MS,ASO,CE,Combined TRACON& Tower with Radar,26,9,3,14,52,0,0,2,2,4,26,9,5,16,56,0,0,0,56
09/06/2018,GPT,MS,ASO,CE,Combined TRACON& Tower with Radar,23,10,12,11,56,0,0,19,1,20,23,10,31,12,76,0,0,0,76
09/07/2018,GPT,MS,ASO,CE,Combined TRACON& Tower with Radar,21,9,16,41,87,0,0,16,4,20,21,9,32,45,107,9,10,19,126
09/08/2018,GPT,MS,ASO,CE,Combined TRACON& Tower with Radar,18,8,16,38,80,0,0,12,3,15,18,8,28,41,95,0,0,0,95
09/09/2018,GPT,MS,ASO,CE,Combined TRACON& Tower with Radar,19,6,6,26,57,0,0,17,6,23,19,6,23,32,80,0,0,0,80
09/10/2018,GPT,MS,ASO,CE,Combined TRACON& Tower with Radar,24,7,6,45,82,0,0,4,2,6,24,7,10,47,88,0,0,0,88
09/11/2018,GPT,MS,ASO,CE,Combined TRACON& Tower with Radar,21,7,13,58,99,0,0,4,13,17,21,7,17,71,116,19,0,19,135
09/12/2018,GPT,MS,ASO,CE,Combined TRACON& Tower with Radar,24,7,14,117,162,0,2,17,16,35,24,9,31,133,197,24,80,104,301
09/13/2018,GPT,MS,ASO,CE,Combined TRACON& Tower with Radar,27,12,12,89,140,8,0,13,51,72,35,12,25,140,212,1,0,1,213
09/14/2018,GPT,MS,ASO,CE,Combined TRACON& Tower with Radar,21,10,8,76,115,0,2,9,25,36,21,12,17,101,151,14,12,26,177
09/15/2018,GPT,MS,ASO,CE,Combined TRACON& Tower with Radar,18,15,19,36,88,0,2,22,8,32,18,17,41,44,120,24,18,42,162
09/16/2018,GPT,MS,ASO,CE,Combined TRACON& Tower with Radar,22,8,27,23,80,0,3,18,13,34,22,11,45,36,114,34,28,62,176
09/17/2018,GPT,MS,ASO,CE,Combined TRACON& Tower with Radar,22,11,8,74,115,0,0,14,1,15,22,11,22,75,130,8,20,28,158
09/18/2018,GPT,MS,ASO,CE,Combined TRACON& Tower with Radar,22,8,13,83,126,0,0,11,13,24,22,8,24,96,150,18,30,48,198
09/19/2018,GPT,MS,ASO,CE,Combined TRACON& Tower with Radar,24,11,10,89,134,0,0,10,25,35,24,11,20,114,169,0,0,0,169
09/20/2018,GPT,MS,ASO,CE,Combined TRACON& Tower with Radar,22,14,16,62,114,0,0,29,42,71,22,14,45,104,185,0,0,0,185
09/21/2018,GPT,MS,ASO,CE,Combined TRACON& Tower with Radar,23,6,13,49,91,0,1,12,14,27,23,7,25,63,118,76,10,86,204
09/22/2018,GPT,MS,ASO,CE,Combined TRACON& Tower with Radar,18,5,11,13,47,0,1,6,0,7,18,6,17,13,54,2,0,2,56
09/23/2018,GPT,MS,ASO,CE,Combined TRACON& Tower with Radar,21,6,10,30,67,0,0,14,6,20,21,6,24,36,87,29,0,29,116
09/24/2018,GPT,MS,ASO,CE,Combined TRACON& Tower with Radar,21,8,7,18,54,0,0,12,2,14,21,8,19,20,68,10,0,10,78
09/25/2018,GPT,MS,ASO,CE,Combined TRACON& Tower with Radar,24,8,15,11,58,0,2,4,2,8,24,10,19,13,66,0,0,0,66
09/26/2018,GPT,MS,ASO,CE,Combined TRACON& Tower with Radar,22,8,23,19,72,0,0,5,10,15,22,8,28,29,87,0,0,0,87
09/27/2018,GPT,MS,ASO,CE,Combined TRACON& Tower with Radar,23,12,15,15,65,0,0,5,3,8,23,12,20,18,73,20,0,20,93
09/28/2018,GPT,MS,ASO,CE,Combined TRACON& Tower with Radar,24,9,18,80,131,0,0,13,10,23,24,9,31,90,154,34,4,38,192
09/29/2018,GPT,MS,ASO,CE,Combined TRACON& Tower with Radar,20,8,16,6,50,0,0,4,0,4,20,8,20,6,54,18,0,18,72
09/30/2018,GPT,MS,ASO,CE,Combined TRACON& Tower with Radar,20,12,21,14,67,0,0,16,6,22,20,12,37,20,89,0,0,0,89
10/01/2018,GPT,MS,ASO,CE,Combined TRACON& Tower with Radar,22,8,6,36,72,0,1,12,4,17,22,9,18,40,89,32,0,32,121
10/02/2018,GPT,MS,ASO,CE,Combined TRACON& Tower with Radar,22,10,10,95,137,0,0,9,3,12,22,10,19,98,149,0,0,0,149
10/03/2018,GPT,MS,ASO,CE,Combined TRACON& Tower with Radar,24,11,14,73,122,0,0,22,7,29,24,11,36,80,151,0,0,0,151
10/04/2018,GPT,MS,ASO,CE,Combined TRACON& Tower with Radar,25,17,16,103,161,0,0,65,20,85,25,17,81,123,246,0,0,0,246
10/05/2018,GPT,MS,ASO,CE,Combined TRACON& Tower with Radar,23,8,15,59,105,0,4,13,10,27,23,12,28,69,132,28,6,34,166
10/06/2018,GPT,MS,ASO,CE,Combined TRACON& Tower with Radar,20,4,13,22,59,0,1,7,0,8,20,5,20,22,67,4,0,4,71
10/07/2018,GPT,MS,ASO,CE,Combined TRACON& Tower with Radar,23,5,10,0,38,0,0,17,0,17,23,5,27,0,55,0,0,0,55
10/08/2018,GPT,MS,ASO,CE,Combined TRACON& Tower with Radar,21,8,10,0,39,0,0,12,0,12,21,8,22,0,51,12,0,12,63
10/09/2018,GPT,MS,ASO,CE,Combined TRACON& Tower with Radar,19,7,3,0,29,0,0,6,0,6,19,7,9,0,35,8,0,8,43
10/10/2018,GPT,MS,ASO,CE,Combined TRACON& Tower with Radar,24,8,5,6,43,0,0,5,1,6,24,8,10,7,49,0,0,0,49
10/11/2018,GPT,MS,ASO,CE,Combined TRACON& Tower with Radar,21,10,16,87,134,0,0,19,6,25,21,10,35,93,159,0,0,0,159
10/12/2018,GPT,MS,ASO,CE,Combined TRACON& Tower with Radar,21,12,12,87,132,0,1,19,8,28,21,13,31,95,160,6,34,40,200
10/13/2018,GPT,MS,ASO,CE,Combined TRACON& Tower with Radar,21,6,8,31,66,0,0,18,4,22,21,6,26,35,88,0,0,0,88
10/14/2018,GPT,MS,ASO,CE,Combined TRACON& Tower with Radar,20,6,11,58,95,0,0,16,5,21,20,6,27,63,116,12,4,16,132
10/15/2018,GPT,MS,ASO,CE,Combined TRACON& Tower with Radar,22,9,4,65,100,0,1,15,6,22,22,10,19,71,122,16,6,22,144
10/16/2018,GPT,MS,ASO,CE,Combined TRACON& Tower with Radar,19,12,10,120,161,0,2,10,3,15,19,14,20,123,176,16,70,86,262
10/17/2018,GPT,MS,ASO,CE,Combined TRACON& Tower with Radar,22,11,14,101,148,0,1,2,6,9,22,12,16,107,157,0,24,24,181
10/18/2018,GPT,MS,ASO,CE,Combined TRACON& Tower with Radar,22,17,20,109,168,0,4,25,4,33,22,21,45,113,201,18,14,32,233
10/19/2018,GPT,MS,ASO,CE,Combined TRACON& Tower with Radar,25,6,24,72,127,0,3,6,2,11,25,9,30,74,138,0,0,0,138
10/20/2018,GPT,MS,ASO,CE,Combined TRACON& Tower with Radar,20,7,7,10,44,0,0,6,0,6,20,7,13,10,50,20,0,20,70
10/21/2018,GPT,MS,ASO,CE,Combined TRACON& Tower with Radar,20,9,16,22,67,0,1,16,4,21,20,10,32,26,88,6,2,8,96
10/22/2018,GPT,MS,ASO,CE,Combined TRACON& Tower with Radar,23,7,9,64,103,0,3,11,11,25,23,10,20,75,128,12,22,34,162
10/23/2018,GPT,MS,ASO,CE,Combined TRACON& Tower with Radar,19,7,16,47,89,0,0,0,1,1,19,7,16,48,90,0,16,16,106
10/24/2018,GPT,MS,ASO,CE,Combined TRACON& Tower with Radar,24,7,13,65,109,0,0,16,13,29,24,7,29,78,138,0,24,24,162
10/25/2018,GPT,MS,ASO,CE,Combined TRACON& Tower with Radar,23,8,15,22,68,0,0,0,0,0,23,8,15,22,68,6,0,6,74
10/26/2018,GPT,MS,ASO,CE,Combined TRACON& Tower with Radar,21,13,20,101,155,0,0,13,3,16,21,13,33,104,171,26,0,26,197
10/27/2018,GPT,MS,ASO,CE,Combined TRACON& Tower with Radar,20,9,16,16,61,0,0,29,10,39,20,9,45,26,100,8,8,16,116
10/28/2018,GPT,MS,ASO,CE,Combined TRACON& Tower with Radar,22,8,13,28,71,0,0,28,8,36,22,8,41,36,107,0,0,0,107
10/29/2018,GPT,MS,ASO,CE,Combined TRACON& Tower with Radar,22,9,15,78,124,0,0,24,7,31,22,9,39,85,155,22,48,70,225
10/30/2018,GPT,MS,ASO,CE,Combined TRACON& Tower with Radar,24,7,22,94,147,0,0,21,16,37,24,7,43,110,184,6,38,44,228
10/31/2018,GPT,MS,ASO,CE,Combined TRACON& Tower with Radar,23,7,10,99,139,0,0,14,14,28,23,7,24,113,167,0,0,0,167
11/01/2018,GPT,MS,ASO,CE,Combined TRACON& Tower with Radar,22,10,21,33,86,0,2,2,0,4,22,12,23,33,90,6,34,40,130
11/02/2018,GPT,MS,ASO,CE,Combined TRACON& Tower with Radar,22,10,25,135,192,0,1,14,4,19,22,11,39,139,211,28,14,42,253
11/03/2018,GPT,MS,ASO,CE,Combined TRACON& Tower with Radar,23,10,12,5,50,0,0,17,4,21,23,10,29,9,71,0,0,0,71
11/04/2018,GPT,MS,ASO,CE,Combined TRACON& Tower with Radar,20,8,18,1,47,0,0,5,1,6,20,8,23,2,53,10,0,10,63
11/05/2018,GPT,MS,ASO,CE,Combined TRACON& Tower with Radar,21,8,13,228,270,0,0,3,6,9,21,8,16,234,279,0,48,48,327
11/06/2018,GPT,MS,ASO,CE,Combined TRACON& Tower with Radar,22,11,10,68,111,0,0,2,0,2,22,11,12,68,113,0,0,0,113
11/07/2018,GPT,MS,ASO,CE,Combined TRACON& Tower with Radar,21,11,10,9,51,0,0,2,0,2,21,11,12,9,53,0,0,0,53
11/08/2018,GPT,MS,ASO,CE,Combined TRACON& Tower with Radar,21,13,25,23,82,0,0,4,2,6,21,13,29,25,88,16,16,32,120
11/09/2018,GPT,MS,ASO,CE,Combined TRACON& Tower with Radar,22,15,10,15,62,0,0,0,0,0,22,15,10,15,62,0,0,0,62
11/10/2018,GPT,MS,ASO,CE,Combined TRACON& Tower with Radar,20,9,19,18,66,0,2,27,4,33,20,11,46,22,99,102,0,102,201
11/11/2018,GPT,MS,ASO,CE,Combined TRACON& Tower with Radar,21,11,10,7,49,0,0,11,7,18,21,11,21,14,67,2,4,6,73
11/12/2018,GPT,MS,ASO,CE,Combined TRACON& Tower with Radar,23,12,4,0,39,0,0,0,0,0,23,12,4,0,39,0,0,0,39
11/13/2018,GPT,MS,ASO,CE,Combined TRACON& Tower with Radar,20,9,12,12,53,0,0,0,0,0,20,9,12,12,53,0,0,0,53
11/14/2018,GPT,MS,ASO,CE,Combined TRACON& Tower with Radar,22,12,14,55,103,0,0,0,0,0,22,12,14,55,103,0,0,0,103
11/15/2018,GPT,MS,ASO,CE,Combined TRACON& Tower with Radar,21,14,29,115,179,0,2,20,18,40,21,16,49,133,219,26,20,46,265
11/16/2018,GPT,MS,ASO,CE,Combined TRACON& Tower with Radar,21,7,23,63,114,0,5,27,15,47,21,12,50,78,161,8,16,24,185
11/17/2018,GPT,MS,ASO,CE,Combined TRACON& Tower with Radar,23,7,14,12,56,0,3,33,0,36,23,10,47,12,92,24,34,58,150
11/18/2018,GPT,MS,ASO,CE,Combined TRACON& Tower with Radar,18,9,14,6,47,0,1,25,0,26,18,10,39,6,73,36,0,36,109
11/19/2018,GPT,MS,ASO,CE,Combined TRACON& Tower with Radar,23,10,12,66,111,0,1,17,2,20,23,11,29,68,131,72,4,76,207
11/20/2018,GPT,MS,ASO,CE,Combined TRACON& Tower with Radar,19,9,11,44,83,0,0,1,5,6,19,9,12,49,89,8,0,8,97
11/21/2018,GPT,MS,ASO,CE,Combined TRACON& Tower with Radar,23,9,5,14,51,0,0,9,0,9,23,9,14,14,60,0,10,10,70
11/22/2018,GPT,MS,ASO,CE,Combined TRACON& Tower with Radar,14,4,1,0,19,0,0,6,0,6,14,4,7,0,25,16,0,16,41
11/23/2018,GPT,MS,ASO,CE,Combined TRACON& Tower with Radar,17,10,12,2,41,0,1,4,1,6,17,11,16,3,47,0,0,0,47
11/24/2018,GPT,MS,ASO,CE,Combined TRACON& Tower with Radar,25,11,7,0,43,0,1,4,0,5,25,12,11,0,48,8,0,8,56
11/25/2018,GPT,MS,ASO,CE,Combined TRACON& Tower with Radar,18,6,19,4,47,0,0,4,0,4,18,6,23,4,51,1,0,1,52
11/26/2018,GPT,MS,ASO,CE,Combined TRACON& Tower with Radar,21,9,7,26,63,0,2,9,0,11,21,11,16,26,74,12,0,12,86
11/27/2018,GPT,MS,ASO,CE,Combined TRACON& Tower with Radar,21,13,8,96,138,0,3,11,12,26,21,16,19,108,164,20,78,98,262
11/28/2018,GPT,MS,ASO,CE,Combined TRACON& Tower with Radar,19,16,8,81,124,0,0,6,12,18,19,16,14,93,142,12,84,96,238
11/29/2018,GPT,MS,ASO,CE,Combined TRACON& Tower with Radar,22,14,6,38,80,0,0,6,6,12,22,14,12,44,92,20,26,46,138
11/30/2018,GPT,MS,ASO,CE,Combined TRACON& Tower with Radar,20,8,25,49,102,0,1,8,2,11,20,9,33,51,113,0,6,6,119
12/01/2018,GPT,MS,ASO,CE,Combined TRACON& Tower with Radar,22,8,1,12,43,0,1,0,0,1,22,9,1,12,44,0,0,0,44
12/02/2018,GPT,MS,ASO,CE,Combined TRACON& Tower with Radar,20,9,10,20,59,0,2,9,7,18,20,11,19,27,77,20,34,54,131
12/03/2018,GPT,MS,ASO,CE,Combined TRACON& Tower with Radar,19,8,11,112,150,0,0,9,4,13,19,8,20,116,163,1,50,51,214
12/04/2018,GPT,MS,ASO,CE,Combined TRACON& Tower with Radar,18,10,17,104,149,0,1,8,8,17,18,11,25,112,166,18,58,76,242
12/05/2018,GPT,MS,ASO,CE,Combined TRACON& Tower with Radar,22,8,16,5,51,0,0,14,1,15,22,8,30,6,66,46,0,46,112
12/06/2018,GPT,MS,ASO,CE,Combined TRACON& Tower with Radar,21,8,21,96,146,0,0,11,15,26,21,8,32,111,172,63,0,63,235
12/07/2018,GPT,MS,ASO,CE,Combined TRACON& Tower with Radar,21,10,20,77,128,0,0,13,12,25,21,10,33,89,153,15,28,43,196
12/08/2018,GPT,MS,ASO,CE,Combined TRACON& Tower with Radar,18,9,7,0,34,0,0,0,0,0,18,9,7,0,34,0,0,0,34
12/09/2018,GPT,MS,ASO,CE,Combined TRACON& Tower with Radar,15,8,11,6,40,0,0,0,6,6,15,8,11,12,46,0,0,0,46
12/10/2018,GPT,MS,ASO,CE,Combined TRACON& Tower with Radar,20,10,13,68,111,0,1,17,7,25,20,11,30,75,136,8,12,20,156
12/11/2018,GPT,MS,ASO,CE,Combined TRACON& Tower with Radar,18,13,21,64,116,0,1,26,12,39,18,14,47,76,155,28,30,58,213
12/12/2018,GPT,MS,ASO,CE,Combined TRACON& Tower with Radar,22,10,23,87,142,0,1,9,3,13,22,11,32,90,155,22,18,40,195
12/13/2018,GPT,MS,ASO,CE,Combined TRACON& Tower with Radar,19,10,14,19,62,0,0,0,2,2,19,10,14,21,64,0,0,0,64
12/14/2018,GPT,MS,ASO,CE,Combined TRACON& Tower with Radar,21,13,15,100,149,0,0,6,3,9,21,13,21,103,158,14,16,30,188
12/15/2018,GPT,MS,ASO,CE,Combined TRACON& Tower with Radar,20,7,10,43,80,0,0,10,0,10,20,7,20,43,90,18,0,18,108
12/16/2018,GPT,MS,ASO,CE,Combined TRACON& Tower with Radar,18,10,8,18,54,0,0,13,1,14,18,10,21,19,68,20,6,26,94
12/17/2018,GPT,MS,ASO,CE,Combined TRACON& Tower with Radar,18,10,17,54,99,0,2,18,4,24,18,12,35,58,123,0,8,8,131
12/18/2018,GPT,MS,ASO,CE,Combined TRACON& Tower with Radar,20,8,8,64,100,0,0,11,8,19,20,8,19,72,119,0,0,0,119
12/19/2018,GPT,MS,ASO,CE,Combined TRACON& Tower with Radar,18,10,14,22,64,0,1,2,6,9,18,11,16,28,73,0,0,0,73
12/20/2018,GPT,MS,ASO,CE,Combined TRACON& Tower with Radar,19,11,5,12,47,0,0,4,0,4,19,11,9,12,51,2,0,2,53
12/21/2018,GPT,MS,ASO,CE,Combined TRACON& Tower with Radar,21,8,7,33,69,0,0,7,1,8,21,8,14,34,77,8,18,26,103
12/22/2018,GPT,MS,ASO,CE,Combined TRACON& Tower with Radar,19,9,6,4,38,0,1,23,0,24,19,10,29,4,62,32,0,32,94
12/23/2018,GPT,MS,ASO,CE,Combined TRACON& Tower with Radar,19,6,6,0,31,0,0,11,0,11,19,6,17,0,42,0,0,0,42
12/24/2018,GPT,MS,ASO,CE,Combined TRACON& Tower with Radar,16,5,5,0,26,0,0,11,0,11,16,5,16,0,37,0,0,0,37
12/25/2018,GPT,MS,ASO,CE,Combined TRACON& Tower with Radar,14,4,1,0,19,0,0,5,0,5,14,4,6,0,24,0,0,0,24
12/26/2018,GPT,MS,ASO,CE,Combined TRACON& Tower with Radar,19,9,11,16,55,0,0,9,8,17,19,9,20,24,72,0,0,0,72
12/27/2018,GPT,MS,ASO,CE,Combined TRACON& Tower with Radar,17,17,5,0,39,0,0,0,0,0,17,17,5,0,39,0,0,0,39
12/28/2018,GPT,MS,ASO,CE,Combined TRACON& Tower with Radar,18,10,7,0,35,0,0,1,0,1,18,10,8,0,36,0,0,0,36
12/29/2018,GPT,MS,ASO,CE,Combined TRACON& Tower with Radar,17,8,5,0,30,0,0,0,0,0,17,8,5,0,30,0,0,0,30
12/30/2018,GPT,MS,ASO,CE,Combined TRACON& Tower with Radar,20,6,7,2,35,0,0,0,0,0,20,6,7,2,35,0,0,0,35
12/31/2018,GPT,MS,ASO,CE,Combined TRACON& Tower with Radar,18,4,10,2,34,0,0,0,0,0,18,4,10,2,34,0,0,0,34
01/01/2019,GPT,MS,ASO,CE,Combined TRACON& Tower with Radar,17,7,7,0,31,0,0,0,0,0,17,7,7,0,31,0,0,0,31
01/02/2019,GPT,MS,ASO,CE,Combined TRACON& Tower with Radar,17,7,7,0,31,0,0,0,0,0,17,7,7,0,31,0,0,0,31
01/03/2019,GPT,MS,ASO,CE,Combined TRACON& Tower with Radar,22,8,7,27,64,0,0,1,1,2,22,8,8,28,66,0,0,0,66
01/04/2019,GPT,MS,ASO,CE,Combined TRACON& Tower with Radar,23,9,5,147,184,0,0,4,23,27,23,9,9,170,211,0,0,0,211
01/05/2019,GPT,MS,ASO,CE,Combined TRACON& Tower with Radar,21,9,5,27,62,0,0,24,1,25,21,9,29,28,87,76,0,76,163
01/06/2019,GPT,MS,ASO,CE,Combined TRACON& Tower with Radar,22,8,12,27,69,0,0,49,2,51,22,8,61,29,120,0,0,0,120
01/07/2019,GPT,MS,ASO,CE,Combined TRACON& Tower with Radar,24,8,11,87,130,0,0,11,4,15,24,8,22,91,145,54,30,84,229
01/08/2019,GPT,MS,ASO,CE,Combined TRACON& Tower with Radar,24,10,13,117,164,0,2,11,8,21,24,12,24,125,185,0,0,0,185
01/09/2019,GPT,MS,ASO,CE,Combined TRACON& Tower with Radar,25,11,2,151,189,0,0,14,9,23,25,11,16,160,212,0,8,8,220
01/10/2019,GPT,MS,ASO,CE,Combined TRACON& Tower with Radar,22,10,14,74,120,0,0,12,13,25,22,10,26,87,145,0,0,0,145
01/11/2019,GPT,MS,ASO,CE,Combined TRACON& Tower with Radar,21,9,16,89,135,0,0,17,14,31,21,9,33,103,166,0,0,0,166
01/12/2019,GPT,MS,ASO,CE,Combined TRACON& Tower with Radar,25,7,3,36,71,0,0,4,0,4,25,7,7,36,75,0,0,0,75
01/13/2019,GPT,MS,ASO,CE,Combined TRACON& Tower with Radar,22,10,7,44,83,0,0,12,3,15,22,10,19,47,98,0,0,0,98
01/14/2019,GPT,MS,ASO,CE,Combined TRACON& Tower with Radar,21,8,15,107,151,0,0,3,1,4,21,8,18,108,155,0,0,0,155
01/15/2019,GPT,MS,ASO,CE,Combined TRACON& Tower with Radar,24,12,15,124,175,0,4,7,13,24,24,16,22,137,199,0,6,6,205
01/16/2019,GPT,MS,ASO,CE,Combined TRACON& Tower with Radar,23,14,10,89,136,0,2,21,27,50,23,16,31,116,186,0,0,0,186
01/17/2019,GPT,MS,ASO,CE,Combined TRACON& Tower with Radar,26,11,19,128,184,0,2,9,13,24,26,13,28,141,208,2,50,52,260
01/18/2019,GPT,MS,ASO,CE,Combined TRACON& Tower with Radar,26,12,29,92,159,0,1,4,4,9,26,13,33,96,168,0,0,0,168
01/19/2019,GPT,MS,ASO,CE,Combined TRACON& Tower with Radar,18,5,4,6,33,0,0,2,16,18,18,5,6,22,51,12,0,12,63
01/20/2019,GPT,MS,ASO,CE,Combined TRACON& Tower with Radar,18,6,11,30,65,0,6,7,20,33,18,12,18,50,98,20,4,24,122
01/21/2019,GPT,MS,ASO,CE,Combined TRACON& Tower with Radar,18,7,13,7,45,0,0,30,22,52,18,7,43,29,97,76,0,76,173
01/22/2019,GPT,MS,ASO,CE,Combined TRACON& Tower with Radar,21,15,11,60,107,0,3,10,11,24,21,18,21,71,131,0,30,30,161
01/23/2019,GPT,MS,ASO,CE,Combined TRACON& Tower with Radar,25,10,7,2,44,0,0,0,0,0,25,10,7,2,44,0,0,0,44
01/24/2019,GPT,MS,ASO,CE,Combined TRACON& Tower with Radar,22,15,26,166,229,0,5,6,48,59,22,20,32,214,288,0,8,8,296
01/25/2019,GPT,MS,ASO,CE,Combined TRACON& Tower with Radar,20,13,17,109,159,0,8,20,29,57,20,21,37,138,216,34,25,59,275
01/26/2019,GPT,MS,ASO,CE,Combined TRACON& Tower with Radar,24,10,9,25,68,0,2,22,24,48,24,12,31,49,116,38,27,65,181
01/27/2019,GPT,MS,ASO,CE,Combined TRACON& Tower with Radar,21,7,14,49,91,0,7,10,23,40,21,14,24,72,131,0,0,0,131
01/28/2019,GPT,MS,ASO,CE,Combined TRACON& Tower with Radar,23,8,7,77,115,0,2,16,7,25,23,10,23,84,140,0,0,0,140
01/29/2019,GPT,MS,ASO,CE,Combined TRACON& Tower with Radar,20,8,7,100,135,0,1,11,19,31,20,9,18,119,166,0,18,18,184
01/30/2019,GPT,MS,ASO,CE,Combined TRACON& Tower with Radar,26,10,15,98,149,0,1,8,16,25,26,11,23,114,174,24,14,38,212
01/31/2019,GPT,MS,ASO,CE,Combined TRACON& Tower with Radar,21,11,16,113,161,0,0,18,23,41,21,11,34,136,202,0,0,0,202
02/01/2019,GPT,MS,ASO,CE,Combined TRACON& Tower with Radar,22,10,15,61,108,0,0,9,3,12,22,10,24,64,120,18,21,39,159
02/02/2019,GPT,MS,ASO,CE,Combined TRACON& Tower with Radar,21,8,7,10,46,0,0,0,1,1,21,8,7,11,47,10,16,26,73
02/03/2019,GPT,MS,ASO,CE,Combined TRACON& Tower with Radar,22,7,17,36,82,0,0,3,1,4,22,7,20,37,86,10,0,10,96
02/04/2019,GPT,MS,ASO,CE,Combined TRACON& Tower with Radar,20,8,5,35,68,0,0,0,0,0,20,8,5,35,68,0,0,0,68
02/05/2019,GPT,MS,ASO,CE,Combined TRACON& Tower with Radar,18,5,5,5,33,0,0,0,0,0,18,5,5,5,33,0,0,0,33
02/06/2019,GPT,MS,ASO,CE,Combined TRACON& Tower with Radar,19,9,3,6,37,0,0,0,0,0,19,9,3,6,37,0,0,0,37
02/07/2019,GPT,MS,ASO,CE,Combined TRACON& Tower with Radar,21,6,10,70,107,0,0,2,0,2,21,6,12,70,109,0,10,10,119
02/08/2019,GPT,MS,ASO,CE,Combined TRACON& Tower with Radar,21,9,10,84,124,0,6,7,36,49,21,15,17,120,173,0,0,0,173
02/09/2019,GPT,MS,ASO,CE,Combined TRACON& Tower with Radar,22,5,8,37,72,0,1,15,8,24,22,6,23,45,96,54,4,58,154
02/10/2019,GPT,MS,ASO,CE,Combined TRACON& Tower with Radar,18,8,14,59,99,0,0,3,3,6,18,8,17,62,105,0,0,0,105
02/11/2019,GPT,MS,ASO,CE,Combined TRACON& Tower with Radar,21,7,6,54,88,0,0,0,0,0,21,7,6,54,88,0,0,0,88
02/12/2019,GPT,MS,ASO,CE,Combined TRACON& Tower with Radar,22,13,5,40,80,0,0,5,1,6,22,13,10,41,86,4,0,4,90
02/13/2019,GPT,MS,ASO,CE,Combined TRACON& Tower with Radar,27,11,14,57,109,0,2,15,16,33,27,13,29,73,142,18,44,62,204
02/14/2019,GPT,MS,ASO,CE,Combined TRACON& Tower with Radar,21,12,20,92,145,0,0,15,10,25,21,12,35,102,170,21,3,24,194
02/15/2019,GPT,MS,ASO,CE,Combined TRACON& Tower with Radar,23,7,34,119,183,0,0,10,2,12,23,7,44,121,195,26,10,36,231
02/16/2019,GPT,MS,ASO,CE,Combined TRACON& Tower with Radar,17,6,10,27,60,0,0,8,0,8,17,6,18,27,68,26,0,26,94
02/17/2019,GPT,MS,ASO,CE,Combined TRACON& Tower with Radar,21,7,9,21,58,0,0,0,1,1,21,7,9,22,59,0,0,0,59
02/18/2019,GPT,MS,ASO,CE,Combined TRACON& Tower with Radar,21,9,11,30,71,0,0,9,1,10,21,9,20,31,81,0,0,0,81
02/19/2019,GPT,MS,ASO,CE,Combined TRACON& Tower with Radar,22,10,15,35,82,0,0,1,3,4,22,10,16,38,86,0,34,34,120
02/20/2019,GPT,MS,ASO,CE,Combined TRACON& Tower with Radar,22,10,13,0,45,0,0,0,0,0,22,10,13,0,45,0,0,0,45
02/21/2019,GPT,MS,ASO,CE,Combined TRACON& Tower with Radar,19,12,14,19,64,0,0,0,0,0,19,12,14,19,64,0,0,0,64
02/22/2019,GPT,MS,ASO,CE,Combined TRACON& Tower with Radar,15,10,18,29,72,0,0,0,0,0,15,10,18,29,72,0,0,0,72
02/23/2019,GPT,MS,ASO,CE,Combined TRACON& Tower with Radar,21,5,2,0,28,0,0,0,0,0,21,5,2,0,28,0,0,0,28
02/24/2019,GPT,MS,ASO,CE,Combined TRACON& Tower with Radar,19,5,16,55,95,0,2,17,17,36,19,7,33,72,131,0,0,0,131
02/25/2019,GPT,MS,ASO,CE,Combined TRACON& Tower with Radar,21,9,10,97,137,0,1,19,9,29,21,10,29,106,166,0,0,0,166
02/26/2019,GPT,MS,ASO,CE,Combined TRACON& Tower with Radar,25,10,17,62,114,0,0,21,7,28,25,10,38,69,142,0,0,0,142
02/27/2019,GPT,MS,ASO,CE,Combined TRACON& Tower with Radar,22,8,22,85,137,0,0,12,16,28,22,8,34,101,165,6,64,70,235
02/28/2019,GPT,MS,ASO,CE,Combined TRACON& Tower with Radar,21,8,15,47,91,0,1,0,0,1,21,9,15,47,92,0,0,0,92
03/01/2019,GPT,MS,ASO,CE,Combined TRACON& Tower with Radar,20,10,18,74,122,0,0,5,5,10,20,10,23,79,132,0,0,0,132
03/02/2019,GPT,MS,ASO,CE,Combined TRACON& Tower with Radar,19,7,7,25,58,0,0,2,0,2,19,7,9,25,60,0,0,0,60
03/03/2019,GPT,MS,ASO,CE,Combined TRACON& Tower with Radar,21,6,6,15,48,0,0,0,0,0,21,6,6,15,48,0,0,0,48
03/04/2019,GPT,MS,ASO,CE,Combined TRACON& Tower with Radar,20,7,8,44,79,0,2,10,6,18,20,9,18,50,97,0,0,0,97
03/05/2019,GPT,MS,ASO,CE,Combined TRACON& Tower with Radar,21,8,3,82,114,0,2,20,17,39,21,10,23,99,153,22,32,54,207
03/06/2019,GPT,MS,ASO,CE,Combined TRACON& Tower with Radar,23,10,15,72,120,0,0,7,15,22,23,10,22,87,142,22,20,42,184
03/07/2019,GPT,MS,ASO,CE,Combined TRACON& Tower with Radar,20,10,11,73,114,0,0,14,6,20,20,10,25,79,134,0,0,0,134
03/08/2019,GPT,MS,ASO,CE,Combined TRACON& Tower with Radar,21,8,17,118,164,0,0,11,6,17,21,8,28,124,181,8,32,40,221
03/09/2019,GPT,MS,ASO,CE,Combined TRACON& Tower with Radar,23,7,8,16,54,0,0,1,0,1,23,7,9,16,55,0,0,0,55
03/10/2019,GPT,MS,ASO,CE,Combined TRACON& Tower with Radar,21,6,16,34,77,0,0,1,0,1,21,6,17,34,78,0,0,0,78
03/11/2019,GPT,MS,ASO,CE,Combined TRACON& Tower with Radar,22,8,2,68,100,0,0,2,4,6,22,8,4,72,106,0,0,0,106
03/12/2019,GPT,MS,ASO,CE,Combined TRACON& Tower with Radar,24,11,16,97,148,0,2,16,15,33,24,13,32,112,181,4,2,6,187
03/13/2019,GPT,MS,ASO,CE,Combined TRACON& Tower with Radar,22,13,12,43,90,0,0,1,0,1,22,13,13,43,91,0,0,0,91
03/14/2019,GPT,MS,ASO,CE,Combined TRACON& Tower with Radar,22,9,11,4,46,0,0,0,0,0,22,9,11,4,46,0,0,0,46
03/15/2019,GPT,MS,ASO,CE,Combined TRACON& Tower with Radar,22,12,25,46,105,0,0,4,8,12,22,12,29,54,117,0,0,0,117
03/16/2019,GPT,MS,ASO,CE,Combined TRACON& Tower with Radar,19,7,13,24,63,0,0,22,2,24,19,7,35,26,87,0,0,0,87
03/17/2019,GPT,MS,ASO,CE,Combined TRACON& Tower with Radar,21,8,20,23,72,0,0,20,8,28,21,8,40,31,100,0,0,0,100
03/18/2019,GPT,MS,ASO,CE,Combined TRACON& Tower with Radar,23,9,14,82,128,0,0,14,10,24,23,9,28,92,152,18,26,44,196
03/19/2019,GPT,MS,ASO,CE,Combined TRACON& Tower with Radar,21,13,10,95,139,0,0,16,12,28,21,13,26,107,167,24,63,87,254
03/20/2019,GPT,MS,ASO,CE,Combined TRACON& Tower with Radar,25,12,24,80,141,0,1,23,7,31,25,13,47,87,172,16,16,32,204
03/21/2019,GPT,MS,ASO,CE,Combined TRACON& Tower with Radar,21,10,21,146,198,0,3,18,5,26,21,13,39,151,224,46,48,94,318
03/22/2019,GPT,MS,ASO,CE,Combined TRACON& Tower with Radar,19,13,27,135,194,0,1,22,13,36,19,14,49,148,230,30,36,66,296
03/23/2019,GPT,MS,ASO,CE,Combined TRACON& Tower with Radar,25,9,13,13,60,0,2,9,2,13,25,11,22,15,73,0,0,0,73
03/24/2019,GPT,MS,ASO,CE,Combined TRACON& Tower with Radar,22,9,20,44,95,0,0,10,9,19,22,9,30,53,114,5,0,5,119
03/25/2019,GPT,MS,ASO,CE,Combined TRACON& Tower with Radar,20,8,5,66,99,0,0,10,16,26,20,8,15,82,125,14,64,78,203
03/26/2019,GPT,MS,ASO,CE,Combined TRACON& Tower with Radar,24,20,13,88,145,0,0,13,8,21,24,20,26,96,166,30,62,92,258
03/27/2019,GPT,MS,ASO,CE,Combined TRACON& Tower with Radar,24,13,31,65,133,0,1,10,19,30,24,14,41,84,163,102,80,182,345
03/28/2019,GPT,MS,ASO,CE,Combined TRACON& Tower with Radar,22,8,13,70,113,0,1,18,9,28,22,9,31,79,141,17,15,32,173
03/29/2019,GPT,MS,ASO,CE,Combined TRACON& Tower with Radar,28,11,28,116,183,0,2,24,26,52,28,13,52,142,235,13,36,49,284
03/30/2019,GPT,MS,ASO,CE,Combined TRACON& Tower with Radar,24,8,15,19,66,0,0,17,8,25,24,8,32,27,91,20,0,20,111
03/31/2019,GPT,MS,ASO,CE,Combined TRACON& Tower with Radar,22,9,23,14,68,0,0,9,3,12,22,9,32,17,80,0,0,0,80
04/01/2019,GPT,MS,ASO,CE,Combined TRACON& Tower with Radar,22,11,9,67,109,0,0,15,5,20,22,11,24,72,129,16,8,24,153
04/02/2019,GPT,MS,ASO,CE,Combined TRACON& Tower with Radar,22,21,11,90,144,0,1,24,10,35,22,22,35,100,179,10,10,20,199
04/03/2019,GPT,MS,ASO,CE,Combined TRACON& Tower with Radar,27,9,14,130,180,0,0,12,15,27,27,9,26,145,207,16,38,54,261
04/04/2019,GPT,MS,ASO,CE,Combined TRACON& Tower with Radar,20,8,3,4,35,0,0,0,0,0,20,8,3,4,35,0,0,0,35
04/05/2019,GPT,MS,ASO,CE,Combined TRACON& Tower with Radar,24,10,8,17,59,0,0,0,2,2,24,10,8,19,61,0,6,6,67
04/06/2019,GPT,MS,ASO,CE,Combined TRACON& Tower with Radar,21,6,5,16,48,0,0,0,0,0,21,6,5,16,48,0,0,0,48
04/07/2019,GPT,MS,ASO,CE,Combined TRACON& Tower with Radar,21,6,7,36,70,0,0,0,0,0,21,6,7,36,70,0,0,0,70
04/08/2019,GPT,MS,ASO,CE,Combined TRACON& Tower with Radar,24,8,13,43,88,0,0,3,5,8,24,8,16,48,96,0,8,8,104
04/09/2019,GPT,MS,ASO,CE,Combined TRACON& Tower with Radar,25,11,13,129,178,0,1,16,19,36,25,12,29,148,214,12,18,30,244
04/10/2019,GPT,MS,ASO,CE,Combined TRACON& Tower with Radar,34,13,14,97,158,0,23,24,18,65,34,36,38,115,223,44,44,88,311
04/11/2019,GPT,MS,ASO,CE,Combined TRACON& Tower with Radar,28,12,18,101,159,0,2,26,7,35,28,14,44,108,194,14,4,18,212
04/12/2019,GPT,MS,ASO,CE,Combined TRACON& Tower with Radar,28,19,21,83,151,0,0,2,16,18,28,19,23,99,169,4,6,10,179
04/13/2019,GPT,MS,ASO,CE,Combined TRACON& Tower with Radar,24,5,4,10,43,0,0,0,0,0,24,5,4,10,43,0,0,0,43
04/14/2019,GPT,MS,ASO,CE,Combined TRACON& Tower with Radar,23,9,10,15,57,0,2,10,28,40,23,11,20,43,97,0,0,0,97
04/15/2019,GPT,MS,ASO,CE,Combined TRACON& Tower with Radar,30,12,4,50,96,0,3,33,7,43,30,15,37,57,139,0,0,0,139
04/16/2019,GPT,MS,ASO,CE,Combined TRACON& Tower with Radar,29,10,13,169,221,0,1,27,22,50,29,11,40,191,271,22,44,66,337
04/17/2019,GPT,MS,ASO,CE,Combined TRACON& Tower with Radar,29,10,16,99,154,0,1,25,6,32,29,11,41,105,186,0,0,0,186
04/18/2019,GPT,MS,ASO,CE,Combined TRACON& Tower with Radar,23,8,8,7,46,0,0,4,0,4,23,8,12,7,50,0,0,0,50
04/19/2019,GPT,MS,ASO,CE,Combined TRACON& Tower with Radar,25,9,10,26,70,0,1,1,1,3,25,10,11,27,73,0,0,0,73
04/20/2019,GPT,MS,ASO,CE,Combined TRACON& Tower with Radar,19,5,9,5,38,0,0,30,3,33,19,5,39,8,71,0,4,4,75
04/21/2019,GPT,MS,ASO,CE,Combined TRACON& Tower with Radar,22,7,2,10,41,0,0,20,0,20,22,7,22,10,61,0,0,0,61
04/22/2019,GPT,MS,ASO,CE,Combined TRACON& Tower with Radar,23,6,8,53,90,0,0,11,9,20,23,6,19,62,110,0,14,14,124
04/23/2019,GPT,MS,ASO,CE,Combined TRACON& Tower with Radar,22,10,5,89,126,0,1,18,33,52,22,11,23,122,178,90,30,120,298
04/24/2019,GPT,MS,ASO,CE,Combined TRACON& Tower with Radar,25,10,12,61,108,0,1,10,13,24,25,11,22,74,132,28,20,48,180
04/25/2019,GPT,MS,ASO,CE,Combined TRACON& Tower with Radar,23,9,3,12,47,0,0,2,0,2,23,9,5,12,49,0,0,0,49
04/26/2019,GPT,MS,ASO,CE,Combined TRACON& Tower with Radar,22,11,20,148,201,0,2,25,19,46,22,13,45,167,247,54,34,88,335
04/27/2019,GPT,MS,ASO,CE,Combined TRACON& Tower with Radar,20,4,16,40,80,0,0,34,4,38,20,4,50,44,118,12,8,20,138
04/28/2019,GPT,MS,ASO,CE,Combined TRACON& Tower with Radar,23,11,7,37,78,0,1,18,20,39,23,12,25,57,117,0,0,0,117
04/29/2019,GPT,MS,ASO,CE,Combined TRACON& Tower with Radar,23,8,14,145,190,0,0,10,37,47,23,8,24,182,237,0,0,0,237
04/30/2019,GPT,MS,ASO,CE,Combined TRACON& Tower with Radar,22,9,22,182,235,0,4,16,7,27,22,13,38,189,262,50,102,152,414
05/01/2019,GPT,MS,ASO,CE,Combined TRACON& Tower with Radar,29,12,12,80,133,1,0,9,11,21,30,12,21,91,154,56,10,66,220
05/02/2019,GPT,MS,ASO,CE,Combined TRACON& Tower with Radar,23,10,12,33,78,0,1,22,7,30,23,11,34,40,108,71,24,95,203
05/03/2019,GPT,MS,ASO,CE,Combined TRACON& Tower with Radar,21,13,17,67,118,0,2,3,7,12,21,15,20,74,130,54,8,62,192
05/04/2019,GPT,MS,ASO,CE,Combined TRACON& Tower with Radar,20,8,7,4,39,0,0,4,0,4,20,8,11,4,43,6,0,6,49
05/05/2019,GPT,MS,ASO,CE,Combined TRACON& Tower with Radar,19,15,12,17,63,0,0,9,7,16,19,15,21,24,79,0,0,0,79
05/06/2019,GPT,MS,ASO,CE,Combined TRACON& Tower with Radar,23,8,16,88,135,0,1,19,24,44,23,9,35,112,179,70,22,92,271
05/07/2019,GPT,MS,ASO,CE,Combined TRACON& Tower with Radar,21,7,9,149,186,0,2,10,26,38,21,9,19,175,224,42,50,92,316
05/08/2019,GPT,MS,ASO,CE,Combined TRACON& Tower with Radar,24,14,17,110,165,0,0,4,4,8,24,14,21,114,173,38,22,60,233
05/09/2019,GPT,MS,ASO,CE,Combined TRACON& Tower with Radar,20,10,15,20,65,0,0,1,0,1,20,10,16,20,66,8,0,8,74
05/10/2019,GPT,MS,ASO,CE,Combined TRACON& Tower with Radar,18,14,19,33,84,0,0,4,0,4,18,14,23,33,88,20,0,20,108
05/11/2019,GPT,MS,ASO,CE,Combined TRACON& Tower with Radar,23,9,1,3,36,0,0,0,0,0,23,9,1,3,36,0,0,0,36
05/12/2019,GPT,MS,ASO,CE,Combined TRACON& Tower with Radar,21,10,5,28,64,0,0,3,5,8,21,10,8,33,72,0,0,0,72
05/13/2019,GPT,MS,ASO,CE,Combined TRACON& Tower with Radar,20,12,13,162,207,0,2,13,15,30,20,14,26,177,237,68,18,86,323
05/14/2019,GPT,MS,ASO,CE,Combined TRACON& Tower with Radar,22,12,17,99,150,0,2,14,22,38,22,14,31,121,188,46,80,126,314
05/15/2019,GPT,MS,ASO,CE,Combined TRACON& Tower with Radar,23,15,10,136,184,0,0,19,23,42,23,15,29,159,226,50,22,72,298
05/16/2019,GPT,MS,ASO,CE,Combined TRACON& Tower with Radar,21,10,30,91,152,0,1,10,13,24,21,11,40,104,176,25,8,33,209
05/17/2019,GPT,MS,ASO,CE,Combined TRACON& Tower with Radar,21,11,13,65,110,0,2,20,3,25,21,13,33,68,135,0,0,0,135
05/18/2019,GPT,MS,ASO,CE,Combined TRACON& Tower with Radar,21,10,13,28,72,0,0,14,5,19,21,10,27,33,91,0,0,0,91
05/19/2019,GPT,MS,ASO,CE,Combined TRACON& Tower with Radar,23,8,17,6,54,0,0,5,0,5,23,8,22,6,59,52,0,52,111
05/20/2019,GPT,MS,ASO,CE,Combined TRACON& Tower with Radar,21,13,17,67,118,0,1,10,12,23,21,14,27,79,141,78,14,92,233
05/21/2019,GPT,MS,ASO,CE,Combined TRACON& Tower with Radar,21,12,9,94,136,0,0,7,13,20,21,12,16,107,156,42,30,72,228
05/22/2019,GPT,MS,ASO,CE,Combined TRACON& Tower with Radar,23,11,13,128,175,0,0,11,20,31,23,11,24,148,206,0,26,26,232
05/23/2019,GPT,MS,ASO,CE,Combined TRACON& Tower with Radar,21,16,18,98,153,0,9,14,8,31,21,25,32,106,184,86,36,122,306
05/24/2019,GPT,MS,ASO,CE,Combined TRACON& Tower with Radar,21,14,15,10,60,0,3,20,2,25,21,17,35,12,85,93,0,93,178
05/25/2019,GPT,MS,ASO,CE,Combined TRACON& Tower with Radar,22,5,15,7,49,0,0,24,2,26,22,5,39,9,75,61,2,63,138
05/26/2019,GPT,MS,ASO,CE,Combined TRACON& Tower with Radar,18,6,11,0,35,0,0,25,0,25,18,6,36,0,60,0,0,0,60
05/27/2019,GPT,MS,ASO,CE,Combined TRACON& Tower with Radar,23,14,7,0,44,0,0,22,0,22,23,14,29,0,66,73,0,73,139
05/28/2019,GPT,MS,ASO,CE,Combined TRACON& Tower with Radar,21,18,17,73,129,0,1,13,22,36,21,19,30,95,165,38,26,64,229
05/29/2019,GPT,MS,ASO,CE,Combined TRACON& Tower with Radar,22,10,13,167,212,0,0,22,26,48,22,10,35,193,260,0,0,0,260
05/30/2019,GPT,MS,ASO,CE,Combined TRACON& Tower with Radar,21,12,18,103,154,0,0,11,10,21,21,12,29,113,175,76,16,92,267
05/31/2019,GPT,MS,ASO,CE,Combined TRACON& Tower with Radar,23,13,19,73,128,0,0,28,15,43,23,13,47,88,171,36,24,60,231
06/01/2019,GPT,MS,ASO,CE,Combined TRACON& Tower with Radar,21,7,15,19,62,0,0,16,1,17,21,7,31,20,79,94,6,100,179
06/02/2019,GPT,MS,ASO,CE,Combined TRACON& Tower with Radar,21,4,10,54,89,0,0,15,16,31,21,4,25,70,120,0,0,0,120
06/03/2019,GPT,MS,ASO,CE,Combined TRACON& Tower with Radar,20,16,7,107,150,0,0,14,9,23,20,16,21,116,173,0,0,0,173
06/04/2019,GPT,MS,ASO,CE,Combined TRACON& Tower with Radar,19,13,10,184,226,0,4,12,21,37,19,17,22,205,263,16,62,78,341
06/05/2019,GPT,MS,ASO,CE,Combined TRACON& Tower with Radar,23,15,26,75,139,0,0,5,2,7,23,15,31,77,146,0,0,0,146
06/06/2019,GPT,MS,ASO,CE,Combined TRACON& Tower with Radar,21,13,5,17,56,0,0,3,1,4,21,13,8,18,60,0,0,0,60
06/07/2019,GPT,MS,ASO,CE,Combined TRACON& Tower with Radar,21,10,14,69,114,0,0,6,18,24,21,10,20,87,138,0,0,0,138
06/08/2019,GPT,MS,ASO,CE,Combined TRACON& Tower with Radar,19,11,8,27,65,0,0,15,4,19,19,11,23,31,84,46,4,50,134
06/09/2019,GPT,MS,ASO,CE,Combined TRACON& Tower with Radar,19,15,19,65,118,0,7,33,16,56,19,22,52,81,174,96,28,124,298
06/10/2019,GPT,MS,ASO,CE,Combined TRACON& Tower with Radar,21,11,17,124,173,0,2,16,11,29,21,13,33,135,202,50,28,78,280
06/11/2019,GPT,MS,ASO,CE,Combined TRACON& Tower with Radar,21,18,16,142,197,0,6,23,9,38,21,24,39,151,235,8,72,80,315
06/12/2019,GPT,MS,ASO,CE,Combined TRACON& Tower with Radar,24,18,15,115,172,0,8,25,21,54,24,26,40,136,226,12,64,76,302
06/13/2019,GPT,MS,ASO,CE,Combined TRACON& Tower with Radar,21,12,10,107,150,0,0,23,23,46,21,12,33,130,196,20,36,56,252
06/14/2019,GPT,MS,ASO,CE,Combined TRACON& Tower with Radar,24,14,16,68,122,0,0,17,20,37,24,14,33,88,159,10,8,18,177
06/15/2019,GPT,MS,ASO,CE,Combined TRACON& Tower with Radar,21,7,10,11,49,0,3,16,0,19,21,10,26,11,68,0,0,0,68
06/16/2019,GPT,MS,ASO,CE,Combined TRACON& Tower with Radar,21,4,17,43,85,0,0,18,3,21,21,4,35,46,106,58,12,70,176
06/17/2019,GPT,MS,ASO,CE,Combined TRACON& Tower with Radar,21,7,18,106,152,0,1,10,4,15,21,8,28,110,167,0,50,50,217
06/18/2019,GPT,MS,ASO,CE,Combined TRACON& Tower with Radar,21,9,17,68,115,0,1,10,3,14,21,10,27,71,129,20,28,48,177
06/19/2019,GPT,MS,ASO,CE,Combined TRACON& Tower with Radar,24,7,12,171,214,0,3,14,19,36,24,10,26,190,250,0,40,40,290
06/20/2019,GPT,MS,ASO,CE,Combined TRACON& Tower with Radar,21,9,16,80,126,0,4,17,11,32,21,13,33,91,158,26,100,126,284
06/21/2019,GPT,MS,ASO,CE,Combined TRACON& Tower with Radar,20,10,14,93,137,0,0,12,5,17,20,10,26,98,154,0,14,14,168
06/22/2019,GPT,MS,ASO,CE,Combined TRACON& Tower with Radar,20,7,6,16,49,0,2,14,0,16,20,9,20,16,65,30,8,38,103
06/23/2019,GPT,MS,ASO,CE,Combined TRACON& Tower with Radar,21,5,19,34,79,0,1,14,20,35,21,6,33,54,114,24,8,32,146
06/24/2019,GPT,MS,ASO,CE,Combined TRACON& Tower with Radar,21,9,9,100,139,0,3,8,8,19,21,12,17,108,158,0,0,0,158
06/25/2019,GPT,MS,ASO,CE,Combined TRACON& Tower with Radar,21,8,15,185,229,0,2,8,13,23,21,10,23,198,252,50,74,124,376
06/26/2019,GPT,MS,ASO,CE,Combined TRACON& Tower with Radar,22,8,12,136,178,0,3,17,40,60,22,11,29,176,238,25,50,75,313
06/27/2019,GPT,MS,ASO,CE,Combined TRACON& Tower with Radar,20,10,15,49,94,0,0,12,3,15,20,10,27,52,109,6,20,26,135
06/28/2019,GPT,MS,ASO,CE,Combined TRACON& Tower with Radar,21,8,13,59,101,0,0,6,18,24,21,8,19,77,125,32,0,32,157
06/29/2019,GPT,MS,ASO,CE,Combined TRACON& Tower with Radar,25,7,6,7,45,0,0,4,6,10,25,7,10,13,55,6,0,6,61
06/30/2019,GPT,MS,ASO,CE,Combined TRACON& Tower with Radar,17,10,7,31,65,0,1,7,5,13,17,11,14,36,78,2,6,8,86
07/01/2019,GPT,MS,ASO,CE,Combined TRACON& Tower with Radar,22,10,3,168,203,0,5,17,14,36,22,15,20,182,239,0,30,30,269
07/02/2019,GPT,MS,ASO,CE,Combined TRACON& Tower with Radar,16,12,7,109,144,0,0,14,19,33,16,12,21,128,177,24,52,76,253
07/03/2019,GPT,MS,ASO,CE,Combined TRACON& Tower with Radar,20,14,14,90,138,0,6,16,7,29,20,20,30,97,167,12,20,32,199
07/04/2019,GPT,MS,ASO,CE,Combined TRACON& Tower with Radar,17,9,0,0,26,0,2,11,1,14,17,11,11,1,40,0,0,0,40
07/05/2019,GPT,MS,ASO,CE,Combined TRACON& Tower with Radar,17,8,13,0,38,0,0,10,0,10,17,8,23,0,48,0,0,0,48
07/06/2019,GPT,MS,ASO,CE,Combined TRACON& Tower with Radar,21,4,11,0,36,0,0,26,0,26,21,4,37,0,62,0,0,0,62
07/07/2019,GPT,MS,ASO,CE,Combined TRACON& Tower with Radar,20,7,7,0,34,0,2,17,0,19,20,9,24,0,53,18,0,18,71
07/08/2019,GPT,MS,ASO,CE,Combined TRACON& Tower with Radar,20,11,16,105,152,0,1,17,14,32,20,12,33,119,184,51,48,99,283
07/09/2019,GPT,MS,ASO,CE,Combined TRACON& Tower with Radar,21,13,18,50,102,0,0,7,2,9,21,13,25,52,111,50,28,78,189
07/10/2019,GPT,MS,ASO,CE,Combined TRACON& Tower with Radar,23,15,4,28,70,0,1,6,1,8,23,16,10,29,78,21,0,21,99
07/11/2019,GPT,MS,ASO,CE,Combined TRACON& Tower with Radar,21,11,13,36,81,0,1,1,4,6,21,12,14,40,87,0,22,22,109
07/12/2019,GPT,MS,ASO,CE,Combined TRACON& Tower with Radar,22,9,5,0,36,0,0,0,2,2,22,9,5,2,38,0,0,0,38
07/13/2019,GPT,MS,ASO,CE,Combined TRACON& Tower with Radar,10,5,0,0,15,0,0,0,0,0,10,5,0,0,15,0,0,0,15
07/14/2019,GPT,MS,ASO,CE,Combined TRACON& Tower with Radar,19,10,1,0,30,0,0,1,1,2,19,10,2,1,32,0,0,0,32
07/15/2019,GPT,MS,ASO,CE,Combined TRACON& Tower with Radar,21,8,9,28,66,0,0,3,6,9,21,8,12,34,75,0,0,0,75
07/16/2019,GPT,MS,ASO,CE,Combined TRACON& Tower with Radar,21,12,13,100,146,0,2,5,18,25,21,14,18,118,171,0,0,0,171
07/17/2019,GPT,MS,ASO,CE,Combined TRACON& Tower with Radar,22,16,10,115,163,0,1,7,28,36,22,17,17,143,199,18,42,60,259
07/18/2019,GPT,MS,ASO,CE,Combined TRACON& Tower with Radar,24,16,11,119,170,0,3,6,21,30,24,19,17,140,200,18,54,72,272
07/19/2019,GPT,MS,ASO,CE,Combined TRACON& Tower with Radar,24,13,11,28,76,0,6,27,15,48,24,19,38,43,124,46,16,62,186
07/20/2019,GPT,MS,ASO,CE,Combined TRACON& Tower with Radar,20,9,9,11,49,0,1,7,0,8,20,10,16,11,57,0,10,10,67
07/21/2019,GPT,MS,ASO,CE,Combined TRACON& Tower with Radar,21,9,6,0,36,0,0,9,4,13,21,9,15,4,49,0,0,0,49
07/22/2019,GPT,MS,ASO,CE,Combined TRACON& Tower with Radar,22,13,7,33,75,0,0,10,5,15,22,13,17,38,90,42,20,62,152
07/23/2019,GPT,MS,ASO,CE,Combined TRACON& Tower with Radar,21,11,12,40,84,0,0,5,8,13,21,11,17,48,97,0,0,0,97
07/24/2019,GPT,MS,ASO,CE,Combined TRACON& Tower with Radar,23,12,8,192,235,0,4,19,21,44,23,16,27,213,279,39,20,59,338
07/25/2019,GPT,MS,ASO,CE,Combined TRACON& Tower with Radar,21,12,11,91,135,0,1,14,16,31,21,13,25,107,166,18,22,40,206
07/26/2019,GPT,MS,ASO,CE,Combined TRACON& Tower with Radar,25,11,15,141,192,0,0,29,16,45,25,11,44,157,237,38,20,58,295
07/27/2019,GPT,MS,ASO,CE,Combined TRACON& Tower with Radar,21,7,8,30,66,0,0,14,4,18,21,7,22,34,84,12,0,12,96
07/28/2019,GPT,MS,ASO,CE,Combined TRACON& Tower with Radar,23,8,10,30,71,0,0,10,11,21,23,8,20,41,92,12,22,34,126
07/29/2019,GPT,MS,ASO,CE,Combined TRACON& Tower with Radar,26,11,13,88,138,0,0,12,13,25,26,11,25,101,163,16,18,34,197
07/30/2019,GPT,MS,ASO,CE,Combined TRACON& Tower with Radar,21,12,15,57,105,0,0,8,7,15,21,12,23,64,120,10,26,36,156
07/31/2019,GPT,MS,ASO,CE,Combined TRACON& Tower with Radar,24,11,18,103,156,0,1,38,18,57,24,12,56,121,213,13,41,54,267
08/01/2019,GPT,MS,ASO,CE,Combined TRACON& Tower with Radar,20,12,9,46,87,0,0,14,5,19,20,12,23,51,106,0,0,0,106
08/02/2019,GPT,MS,ASO,CE,Combined TRACON& Tower with Radar,24,12,14,32,82,0,0,13,2,15,24,12,27,34,97,0,0,0,97
08/03/2019,GPT,MS,ASO,CE,Combined TRACON& Tower with Radar,20,8,13,20,61,0,0,22,3,25,20,8,35,23,86,24,0,24,110
08/04/2019,GPT,MS,ASO,CE,Combined TRACON& Tower with Radar,21,9,4,14,48,0,1,26,0,27,21,10,30,14,75,18,0,18,93
08/05/2019,GPT,MS,ASO,CE,Combined TRACON& Tower with Radar,28,10,0,87,125,0,0,9,3,12,28,10,9,90,137,17,16,33,170
08/06/2019,GPT,MS,ASO,CE,Combined TRACON& Tower with Radar,21,10,6,137,174,0,1,16,15,32,21,11,22,152,206,36,44,80,286
08/07/2019,GPT,MS,ASO,CE,Combined TRACON& Tower with Radar,21,8,11,97,137,0,2,8,17,27,21,10,19,114,164,5,12,17,181
08/08/2019,GPT,MS,ASO,CE,Combined TRACON& Tower with Radar,21,11,11,83,126,0,0,12,8,20,21,11,23,91,146,17,18,35,181
08/09/2019,GPT,MS,ASO,CE,Combined TRACON& Tower with Radar,27,11,17,92,147,0,2,9,8,19,27,13,26,100,166,0,0,0,166
08/10/2019,GPT,MS,ASO,CE,Combined TRACON& Tower with Radar,22,10,7,11,50,0,0,5,7,12,22,10,12,18,62,0,0,0,62
08/11/2019,GPT,MS,ASO,CE,Combined TRACON& Tower with Radar,20,10,16,11,57,0,0,13,3,16,20,10,29,14,73,0,0,0,73
08/12/2019,GPT,MS,ASO,CE,Combined TRACON& Tower with Radar,26,9,5,157,197,0,1,26,9,36,26,10,31,166,233,6,42,48,281
08/13/2019,GPT,MS,ASO,CE,Combined TRACON& Tower with Radar,22,14,12,41,89,0,2,15,5,22,22,16,27,46,111,4,30,34,145
08/14/2019,GPT,MS,ASO,CE,Combined TRACON& Tower with Radar,22,11,11,27,71,0,0,6,7,13,22,11,17,34,84,0,0,0,84
08/15/2019,GPT,MS,ASO,CE,Combined TRACON& Tower with Radar,21,13,7,48,89,0,2,11,9,22,21,15,18,57,111,2,14,16,127
08/16/2019,GPT,MS,ASO,CE,Combined TRACON& Tower with Radar,28,12,10,113,163,0,2,12,32,46,28,14,22,145,209,0,36,36,245
08/17/2019,GPT,MS,ASO,CE,Combined TRACON& Tower with Radar,23,9,5,19,56,0,3,12,16,31,23,12,17,35,87,16,0,16,103
08/18/2019,GPT,MS,ASO,CE,Combined TRACON& Tower with Radar,23,8,6,1,38,0,1,1,1,3,23,9,7,2,41,0,0,0,41
08/19/2019,GPT,MS,ASO,CE,Combined TRACON& Tower with Radar,29,10,8,28,75,0,0,7,3,10,29,10,15,31,85,0,2,2,87
08/20/2019,GPT,MS,ASO,CE,Combined TRACON& Tower with Radar,21,24,16,112,173,0,0,4,16,20,21,24,20,128,193,0,10,10,203
08/21/2019,GPT,MS,ASO,CE,Combined TRACON& Tower with Radar,27,15,14,140,196,0,4,11,40,55,27,19,25,180,251,0,18,18,269
08/22/2019,GPT,MS,ASO,CE,Combined TRACON& Tower with Radar,20,14,9,87,130,0,6,18,35,59,20,20,27,122,189,6,38,44,233
08/23/2019,GPT,MS,ASO,CE,Combined TRACON& Tower with Radar,27,10,27,70,134,0,0,6,28,34,27,10,33,98,168,0,6,6,174
08/24/2019,GPT,MS,ASO,CE,Combined TRACON& Tower with Radar,22,7,22,54,105,0,2,18,3,23,22,9,40,57,128,12,14,26,154
08/25/2019,GPT,MS,ASO,CE,Combined TRACON& Tower with Radar,23,10,7,14,54,0,0,4,2,6,23,10,11,16,60,0,0,0,60
08/26/2019,GPT,MS,ASO,CE,Combined TRACON& Tower with Radar,28,9,13,19,69,0,0,3,1,4,28,9,16,20,73,0,0,0,73
08/27/2019,GPT,MS,ASO,CE,Combined TRACON& Tower with Radar,22,14,14,142,192,0,0,6,19,25,22,14,20,161,217,0,8,8,225
08/28/2019,GPT,MS,ASO,CE,Combined TRACON& Tower with Radar,23,10,15,102,150,0,1,13,20,34,23,11,28,122,184,38,55,93,277
08/29/2019,GPT,MS,ASO,CE,Combined TRACON& Tower with Radar,24,12,15,91,142,0,1,15,20,36,24,13,30,111,178,0,14,14,192
08/30/2019,GPT,MS,ASO,CE,Combined TRACON& Tower with Radar,25,10,18,12,65,0,1,18,2,21,25,11,36,14,86,20,8,28,114
08/31/2019,GPT,MS,ASO,CE,Combined TRACON& Tower with Radar,20,5,21,0,46,0,2,12,0,14,20,7,33,0,60,12,0,12,72
09/01/2019,GPT,MS,ASO,CE,Combined TRACON& Tower with Radar,18,6,12,4,40,0,2,10,0,12,18,8,22,4,52,0,0,0,52
09/02/2019,GPT,MS,ASO,CE,Combined TRACON& Tower with Radar,24,8,8,2,42,0,0,10,1,11,24,8,18,3,53,0,0,0,53
09/03/2019,GPT,MS,ASO,CE,Combined TRACON& Tower with Radar,18,13,9,73,113,0,2,18,8,28,18,15,27,81,141,0,0,0,141
09/04/2019,GPT,MS,ASO,CE,Combined TRACON& Tower with Radar,19,11,21,94,145,0,1,10,27,38,19,12,31,121,183,0,0,0,183
09/05/2019,GPT,MS,ASO,CE,Combined TRACON& Tower with Radar,23,14,25,124,186,0,0,15,28,43,23,14,40,152,229,4,28,32,261
09/06/2019,GPT,MS,ASO,CE,Combined TRACON& Tower with Radar,27,13,10,81,131,0,0,14,25,39,27,13,24,106,170,12,6,18,188
09/07/2019,GPT,MS,ASO,CE,Combined TRACON& Tower with Radar,16,9,12,57,94,0,5,26,23,54,16,14,38,80,148,10,12,22,170
09/08/2019,GPT,MS,ASO,CE,Combined TRACON& Tower with Radar,22,10,19,43,94,0,0,12,12,24,22,10,31,55,118,0,0,0,118
09/09/2019,GPT,MS,ASO,CE,Combined TRACON& Tower with Radar,28,12,8,150,198,0,0,24,11,35,28,12,32,161,233,8,26,34,267
09/10/2019,GPT,MS,ASO,CE,Combined TRACON& Tower with Radar,19,11,6,107,143,0,2,10,9,21,19,13,16,116,164,0,0,0,164
09/11/2019,GPT,MS,ASO,CE,Combined TRACON& Tower with Radar,21,10,14,51,96,0,3,12,24,39,21,13,26,75,135,0,12,12,147
09/12/2019,GPT,MS,ASO,CE,Combined TRACON& Tower with Radar,24,13,15,88,140,0,0,7,19,26,24,13,22,107,166,0,10,10,176
09/13/2019,GPT,MS,ASO,CE,Combined TRACON& Tower with Radar,25,12,19,82,138,0,0,22,14,36,25,12,41,96,174,26,0,26,200
09/14/2019,GPT,MS,ASO,CE,Combined TRACON& Tower with Radar,22,7,10,60,99,0,3,13,22,38,22,10,23,82,137,0,14,14,151
09/15/2019,GPT,MS,ASO,CE,Combined TRACON& Tower with Radar,28,9,12,30,79,0,3,14,21,38,28,12,26,51,117,0,0,0,117
09/16/2019,GPT,MS,ASO,CE,Combined TRACON& Tower with Radar,26,13,16,122,177,0,4,8,26,38,26,17,24,148,215,46,40,86,301
09/17/2019,GPT,MS,ASO,CE,Combined TRACON& Tower with Radar,20,16,20,100,156,0,0,12,21,33,20,16,32,121,189,0,0,0,189
09/18/2019,GPT,MS,ASO,CE,Combined TRACON& Tower with Radar,26,12,10,97,145,0,2,12,22,36,26,14,22,119,181,15,21,36,217
09/19/2019,GPT,MS,ASO,CE,Combined TRACON& Tower with Radar,18,14,27,48,107,0,0,8,2,10,18,14,35,50,117,0,36,36,153
09/20/2019,GPT,MS,ASO,CE,Combined TRACON& Tower with Radar,33,14,18,59,124,0,0,7,12,19,33,14,25,71,143,0,0,0,143
09/21/2019,GPT,MS,ASO,CE,Combined TRACON& Tower with Radar,20,6,13,27,66,0,3,11,0,14,20,9,24,27,80,0,4,4,84
09/22/2019,GPT,MS,ASO,CE,Combined TRACON& Tower with Radar,27,14,19,20,80,0,2,16,17,35,27,16,35,37,115,30,0,30,145
09/23/2019,GPT,MS,ASO,CE,Combined TRACON& Tower with Radar,31,10,12,90,143,0,0,9,11,20,31,10,21,101,163,6,38,44,207
09/24/2019,GPT,MS,ASO,CE,Combined TRACON& Tower with Radar,19,11,13,103,146,0,1,11,12,24,19,12,24,115,170,26,56,82,252
09/25/2019,GPT,MS,ASO,CE,Combined TRACON& Tower with Radar,21,12,13,132,178,0,1,15,26,42,21,13,28,158,220,9,45,54,274
09/26/2019,GPT,MS,ASO,CE,Combined TRACON& Tower with Radar,23,12,15,63,113,0,4,20,21,45,23,16,35,84,158,0,14,14,172
09/27/2019,GPT,MS,ASO,CE,Combined TRACON& Tower with Radar,25,12,14,38,89,0,0,18,17,35,25,12,32,55,124,10,0,10,134
09/28/2019,GPT,MS,ASO,CE,Combined TRACON& Tower with Radar,20,5,13,5,43,0,0,24,2,26,20,5,37,7,69,22,8,30,99
09/29/2019,GPT,MS,ASO,CE,Combined TRACON& Tower with Radar,23,10,14,13,60,0,1,15,10,26,23,11,29,23,86,0,0,0,86
09/30/2019,GPT,MS,ASO,CE,Combined TRACON& Tower with Radar,27,12,18,52,109,0,0,17,8,25,27,12,35,60,134,30,10,40,174
10/01/2019,GPT,MS,ASO,CE,Combined TRACON& Tower with Radar,18,15,10,80,123,0,3,13,22,38,18,18,23,102,161,52,0,52,213
10/02/2019,GPT,MS,ASO,CE,Combined TRACON& Tower with Radar,23,12,19,69,123,0,1,10,17,28,23,13,29,86,151,52,10,62,213
10/03/2019,GPT,MS,ASO,CE,Combined TRACON& Tower with Radar,22,11,13,105,151,0,1,13,23,37,22,12,26,128,188,12,52,64,252
10/04/2019,GPT,MS,ASO,CE,Combined TRACON& Tower with Radar,27,15,17,106,165,0,2,12,7,21,27,17,29,113,186,15,4,19,205
10/05/2019,GPT,MS,ASO,CE,Combined TRACON& Tower with Radar,21,9,8,37,75,0,0,15,11,26,21,9,23,48,101,26,10,36,137
10/06/2019,GPT,MS,ASO,CE,Combined TRACON& Tower with Radar,25,12,9,17,63,0,1,8,6,15,25,13,17,23,78,20,0,20,98
10/07/2019,GPT,MS,ASO,CE,Combined TRACON& Tower with Radar,27,13,7,44,91,0,0,6,4,10,27,13,13,48,101,0,14,14,115
10/08/2019,GPT,MS,ASO,CE,Combined TRACON& Tower with Radar,22,12,12,120,166,0,0,14,23,37,22,12,26,143,203,34,16,50,253
10/09/2019,GPT,MS,ASO,CE,Combined TRACON& Tower with Radar,23,10,28,111,172,0,0,18,21,39,23,10,46,132,211,24,6,30,241
10/10/2019,GPT,MS,ASO,CE,Combined TRACON& Tower with Radar,30,12,20,66,128,0,0,9,4,13,30,12,29,70,141,4,4,8,149
10/11/2019,GPT,MS,ASO,CE,Combined TRACON& Tower with Radar,26,11,11,26,74,0,0,3,3,6,26,11,14,29,80,0,0,0,80
10/12/2019,GPT,MS,ASO,CE,Combined TRACON& Tower with Radar,21,7,12,0,40,0,4,8,4,16,21,11,20,4,56,4,2,6,62
10/13/2019,GPT,MS,ASO,CE,Combined TRACON& Tower with Radar,23,11,23,0,57,0,0,13,4,17,23,11,36,4,74,0,0,0,74
10/14/2019,GPT,MS,ASO,CE,Combined TRACON& Tower with Radar,27,12,7,0,46,0,0,8,0,8,27,12,15,0,54,0,0,0,54
10/15/2019,GPT,MS,ASO,CE,Combined TRACON& Tower with Radar,20,10,22,113,165,0,0,10,5,15,20,10,32,118,180,0,0,0,180
10/16/2019,GPT,MS,ASO,CE,Combined TRACON& Tower with Radar,23,11,32,85,151,0,2,8,3,13,23,13,40,88,164,4,0,4,168
10/17/2019,GPT,MS,ASO,CE,Combined TRACON& Tower with Radar,23,13,22,103,161,0,3,17,4,24,23,16,39,107,185,4,12,16,201
10/18/2019,GPT,MS,ASO,CE,Combined TRACON& Tower with Radar,26,10,8,11,55,0,0,6,6,12,26,10,14,17,67,0,0,0,67
10/19/2019,GPT,MS,ASO,CE,Combined TRACON& Tower with Radar,20,5,15,42,82,0,2,7,6,15,20,7,22,48,97,0,18,18,115
10/20/2019,GPT,MS,ASO,CE,Combined TRACON& Tower with Radar,22,8,18,37,85,0,0,22,17,39,22,8,40,54,124,32,0,32,156
10/21/2019,GPT,MS,ASO,CE,Combined TRACON& Tower with Radar,24,11,6,10,51,0,0,1,0,1,24,11,7,10,52,0,0,0,52
10/22/2019,GPT,MS,ASO,CE,Combined TRACON& Tower with Radar,25,14,17,74,130,0,0,10,45,55,25,14,27,119,185,24,8,32,217
10/23/2019,GPT,MS,ASO,CE,Combined TRACON& Tower with Radar,30,14,10,48,102,0,4,19,8,31,30,18,29,56,133,10,20,30,163
10/24/2019,GPT,MS,ASO,CE,Combined TRACON& Tower with Radar,26,10,19,37,92,0,2,4,7,13,26,12,23,44,105,0,0,0,105
10/25/2019,GPT,MS,ASO,CE,Combined TRACON& Tower with Radar,26,18,11,0,55,0,0,0,0,0,26,18,11,0,55,0,0,0,55
10/26/2019,GPT,MS,ASO,CE,Combined TRACON& Tower with Radar,21,5,3,6,35,0,0,8,4,12,21,5,11,10,47,0,0,0,47
10/27/2019,GPT,MS,ASO,CE,Combined TRACON& Tower with Radar,24,13,12,17,66,0,2,20,1,23,24,15,32,18,89,0,0,0,89
10/28/2019,GPT,MS,ASO,CE,Combined TRACON& Tower with Radar,31,14,21,112,178,0,1,21,32,54,31,15,42,144,232,0,0,0,232
10/29/2019,GPT,MS,ASO,CE,Combined TRACON& Tower with Radar,27,12,14,32,85,0,0,0,0,0,27,12,14,32,85,0,0,0,85
10/30/2019,GPT,MS,ASO,CE,Combined TRACON& Tower with Radar,25,20,9,14,68,0,0,2,1,3,25,20,11,15,71,2,31,33,104
10/31/2019,GPT,MS,ASO,CE,Combined TRACON& Tower with Radar,20,7,2,48,77,0,0,1,1,2,20,7,3,49,79,0,6,6,85
11/01/2019,GPT,MS,ASO,CE,Combined TRACON& Tower with Radar,23,13,21,53,110,0,2,19,22,43,23,15,40,75,153,31,7,38,191
11/02/2019,GPT,MS,ASO,CE,Combined TRACON& Tower with Radar,23,9,11,12,55,0,1,24,10,35,23,10,35,22,90,14,0,14,104
11/03/2019,GPT,MS,ASO,CE,Combined TRACON& Tower with Radar,25,9,19,28,81,0,4,29,5,38,25,13,48,33,119,22,6,28,147
11/04/2019,GPT,MS,ASO,CE,Combined TRACON& Tower with Radar,23,7,20,38,88,0,12,11,7,30,23,19,31,45,118,15,0,15,133
11/05/2019,GPT,MS,ASO,CE,Combined TRACON& Tower with Radar,20,12,13,115,160,0,1,19,24,44,20,13,32,139,204,52,70,122,326
11/06/2019,GPT,MS,ASO,CE,Combined TRACON& Tower with Radar,29,11,18,64,122,0,1,19,7,27,29,12,37,71,149,4,18,22,171
11/07/2019,GPT,MS,ASO,CE,Combined TRACON& Tower with Radar,26,11,13,62,112,0,2,1,1,4,26,13,14,63,116,0,46,46,162
11/08/2019,GPT,MS,ASO,CE,Combined TRACON& Tower with Radar,27,9,23,115,174,0,0,2,6,8,27,9,25,121,182,0,28,28,210
11/09/2019,GPT,MS,ASO,CE,Combined TRACON& Tower with Radar,19,7,12,5,43,0,0,20,5,25,19,7,32,10,68,18,0,18,86
11/10/2019,GPT,MS,ASO,CE,Combined TRACON& Tower with Radar,22,11,17,9,59,0,0,25,6,31,22,11,42,15,90,100,6,106,196
11/11/2019,GPT,MS,ASO,CE,Combined TRACON& Tower with Radar,27,8,16,3,54,0,2,5,2,9,27,10,21,5,63,32,4,36,99
11/12/2019,GPT,MS,ASO,CE,Combined TRACON& Tower with Radar,20,11,5,44,80,0,0,7,8,15,20,11,12,52,95,0,0,0,95
11/13/2019,GPT,MS,ASO,CE,Combined TRACON& Tower with Radar,22,14,25,56,117,0,1,18,16,35,22,15,43,72,152,0,20,20,172
11/14/2019,GPT,MS,ASO,CE,Combined TRACON& Tower with Radar,24,10,22,121,177,0,0,11,20,31,24,10,33,141,208,14,78,92,300
11/15/2019,GPT,MS,ASO,CE,Combined TRACON& Tower with Radar,28,10,23,125,186,0,2,12,26,40,28,12,35,151,226,10,70,80,306
11/16/2019,GPT,MS,ASO,CE,Combined TRACON& Tower with Radar,20,8,16,7,51,0,0,14,2,16,20,8,30,9,67,4,10,14,81
11/17/2019,GPT,MS,ASO,CE,Combined TRACON& Tower with Radar,22,9,34,25,90,0,1,30,19,50,22,10,64,44,140,28,1,29,169
11/18/2019,GPT,MS,ASO,CE,Combined TRACON& Tower with Radar,29,7,16,109,161,0,0,11,25,36,29,7,27,134,197,38,10,48,245
11/19/2019,GPT,MS,ASO,CE,Combined TRACON& Tower with Radar,19,8,32,124,183,0,1,9,18,28,19,9,41,142,211,4,36,40,251
11/20/2019,GPT,MS,ASO,CE,Combined TRACON& Tower with Radar,26,8,14,134,182,0,0,13,10,23,26,8,27,144,205,12,14,26,231
11/21/2019,GPT,MS,ASO,CE,Combined TRACON& Tower with Radar,24,13,19,124,180,0,0,23,21,44,24,13,42,145,224,0,72,72,296
11/22/2019,GPT,MS,ASO,CE,Combined TRACON& Tower with Radar,24,13,9,110,156,0,2,8,14,24,24,15,17,124,180,10,20,30,210
11/23/2019,GPT,MS,ASO,CE,Combined TRACON& Tower with Radar,21,8,13,35,77,0,0,5,1,6,21,8,18,36,83,0,0,0,83
11/24/2019,GPT,MS,ASO,CE,Combined TRACON& Tower with Radar,21,11,17,16,65,0,0,17,2,19,21,11,34,18,84,8,0,8,92
11/25/2019,GPT,MS,ASO,CE,Combined TRACON& Tower with Radar,23,10,10,54,97,0,0,6,6,12,23,10,16,60,109,18,22,40,149
11/26/2019,GPT,MS,ASO,CE,Combined TRACON& Tower with Radar,19,10,16,66,111,0,0,9,0,9,19,10,25,66,120,0,0,0,120
11/27/2019,GPT,MS,ASO,CE,Combined TRACON& Tower with Radar,24,10,5,0,39,0,0,4,0,4,24,10,9,0,43,0,0,0,43
11/28/2019,GPT,MS,ASO,CE,Combined TRACON& Tower with Radar,13,3,0,0,16,0,0,3,0,3,13,3,3,0,19,0,0,0,19
11/29/2019,GPT,MS,ASO,CE,Combined TRACON& Tower with Radar,26,8,9,0,43,0,1,18,0,19,26,9,27,0,62,0,0,0,62
11/30/2019,GPT,MS,ASO,CE,Combined TRACON& Tower with Radar,23,10,8,0,41,0,0,3,0,3,23,10,11,0,44,0,0,0,44
12/01/2019,GPT,MS,ASO,CE,Combined TRACON& Tower with Radar,22,8,11,0,41,0,0,18,0,18,22,8,29,0,59,41,0,41,100
12/02/2019,GPT,MS,ASO,CE,Combined TRACON& Tower with Radar,26,9,7,71,113,0,1,2,13,16,26,10,9,84,129,0,11,11,140
12/03/2019,GPT,MS,ASO,CE,Combined TRACON& Tower with Radar,22,10,14,101,147,0,1,15,34,50,22,11,29,135,197,2,136,138,335
12/04/2019,GPT,MS,ASO,CE,Combined TRACON& Tower with Radar,26,11,27,102,166,0,0,15,8,23,26,11,42,110,189,0,62,62,251
12/05/2019,GPT,MS,ASO,CE,Combined TRACON& Tower with Radar,27,11,13,60,111,0,3,16,9,28,27,14,29,69,139,64,34,98,237
12/06/2019,GPT,MS,ASO,CE,Combined TRACON& Tower with Radar,31,12,12,35,90,0,1,6,5,12,31,13,18,40,102,0,0,0,102
12/07/2019,GPT,MS,ASO,CE,Combined TRACON& Tower with Radar,23,5,9,50,87,0,0,5,2,7,23,5,14,52,94,0,18,18,112
12/08/2019,GPT,MS,ASO,CE,Combined TRACON& Tower with Radar,23,11,8,24,66,0,0,0,0,0,23,11,8,24,66,0,0,0,66
12/09/2019,GPT,MS,ASO,CE,Combined TRACON& Tower with Radar,23,11,4,100,138,0,0,2,7,9,23,11,6,107,147,0,30,30,177
12/10/2019,GPT,MS,ASO,CE,Combined TRACON& Tower with Radar,22,8,8,14,52,0,0,0,0,0,22,8,8,14,52,0,0,0,52
12/11/2019,GPT,MS,ASO,CE,Combined TRACON& Tower with Radar,26,10,20,72,128,0,3,7,4,14,26,13,27,76,142,0,0,0,142
12/12/2019,GPT,MS,ASO,CE,Combined TRACON& Tower with Radar,24,12,17,68,121,0,0,1,1,2,24,12,18,69,123,0,14,14,137
12/13/2019,GPT,MS,ASO,CE,Combined TRACON& Tower with Radar,27,10,16,33,86,0,0,0,0,0,27,10,16,33,86,0,0,0,86
12/14/2019,GPT,MS,ASO,CE,Combined TRACON& Tower with Radar,27,4,12,17,60,0,0,3,0,3,27,4,15,17,63,0,0,0,63
12/15/2019,GPT,MS,ASO,CE,Combined TRACON& Tower with Radar,24,7,10,34,75,0,0,17,6,23,24,7,27,40,98,24,12,36,134
12/16/2019,GPT,MS,ASO,CE,Combined TRACON& Tower with Radar,21,9,7,37,74,0,0,5,0,5,21,9,12,37,79,0,14,14,93
12/17/2019,GPT,MS,ASO,CE,Combined TRACON& Tower with Radar,20,9,14,79,122,0,0,1,3,4,20,9,15,82,126,0,32,32,158
12/18/2019,GPT,MS,ASO,CE,Combined TRACON& Tower with Radar,25,17,15,38,95,0,1,3,9,13,25,18,18,47,108,0,0,0,108
12/19/2019,GPT,MS,ASO,CE,Combined TRACON& Tower with Radar,23,11,13,106,153,0,4,13,24,41,23,15,26,130,194,16,16,32,226
12/20/2019,GPT,MS,ASO,CE,Combined TRACON& Tower with Radar,22,10,16,52,100,0,0,22,0,22,22,10,38,52,122,0,6,6,128
12/21/2019,GPT,MS,ASO,CE,Combined TRACON& Tower with Radar,24,11,6,6,47,0,0,0,0,0,24,11,6,6,47,0,0,0,47
12/22/2019,GPT,MS,ASO,CE,Combined TRACON& Tower with Radar,21,11,5,12,49,0,0,0,0,0,21,11,5,12,49,0,4,4,53
12/23/2019,GPT,MS,ASO,CE,Combined TRACON& Tower with Radar,19,11,7,78,115,0,0,1,2,3,19,11,8,80,118,0,22,22,140
12/24/2019,GPT,MS,ASO,CE,Combined TRACON& Tower with Radar,14,9,1,0,24,0,0,3,0,3,14,9,4,0,27,0,0,0,27
12/25/2019,GPT,MS,ASO,CE,Combined TRACON& Tower with Radar,20,5,3,0,28,0,0,5,0,5,20,5,8,0,33,0,0,0,33
12/26/2019,GPT,MS,ASO,CE,Combined TRACON& Tower with Radar,23,11,7,2,43,0,0,6,0,6,23,11,13,2,49,0,2,2,51
12/27/2019,GPT,MS,ASO,CE,Combined TRACON& Tower with Radar,21,12,8,8,49,0,0,3,0,3,21,12,11,8,52,0,0,0,52
12/28/2019,GPT,MS,ASO,CE,Combined TRACON& Tower with Radar,24,6,12,2,44,0,0,1,0,1,24,6,13,2,45,0,0,0,45
12/29/2019,GPT,MS,ASO,CE,Combined TRACON& Tower with Radar,20,9,5,0,34,0,0,0,0,0,20,9,5,0,34,0,0,0,34
12/30/2019,GPT,MS,ASO,CE,Combined TRACON& Tower with Radar,22,14,22,24,82,0,0,22,6,28,22,14,44,30,110,8,6,14,124
12/31/2019,GPT,MS,ASO,CE,Combined TRACON& Tower with Radar,15,10,14,0,39,0,2,15,0,17,15,12,29,0,56,4,0,4,60
01/01/2020,GPT,MS,ASO,CE,Combined TRACON& Tower with Radar,17,9,10,0,36,0,0,7,0,7,17,9,17,0,43,17,0,17,60
01/02/2020,GPT,MS,ASO,CE,Combined TRACON& Tower with Radar,21,11,13,5,50,0,0,0,1,1,21,11,13,6,51,0,0,0,51
01/03/2020,GPT,MS,ASO,CE,Combined TRACON& Tower with Radar,21,14,6,9,50,0,0,0,1,1,21,14,6,10,51,0,0,0,51
01/04/2020,GPT,MS,ASO,CE,Combined TRACON& Tower with Radar,23,9,7,32,71,0,0,15,14,29,23,9,22,46,100,16,0,16,116
01/05/2020,GPT,MS,ASO,CE,Combined TRACON& Tower with Radar,22,9,4,8,43,0,0,23,14,37,22,9,27,22,80,6,0,6,86
01/06/2020,GPT,MS,ASO,CE,Combined TRACON& Tower with Radar,26,13,8,41,88,0,0,15,9,24,26,13,23,50,112,24,8,32,144
01/07/2020,GPT,MS,ASO,CE,Combined TRACON& Tower with Radar,23,8,5,134,170,0,1,14,26,41,23,9,19,160,211,14,108,122,333
01/08/2020,GPT,MS,ASO,CE,Combined TRACON& Tower with Radar,23,8,15,121,167,0,4,19,15,38,23,12,34,136,205,18,50,68,273
01/09/2020,GPT,MS,ASO,CE,Combined TRACON& Tower with Radar,22,10,9,51,92,0,2,4,12,18,22,12,13,63,110,0,8,8,118
01/10/2020,GPT,MS,ASO,CE,Combined TRACON& Tower with Radar,20,7,6,12,45,0,0,1,0,1,20,7,7,12,46,0,0,0,46
01/11/2020,GPT,MS,ASO,CE,Combined TRACON& Tower with Radar,20,8,1,2,31,0,0,2,0,2,20,8,3,2,33,0,0,0,33
01/12/2020,GPT,MS,ASO,CE,Combined TRACON& Tower with Radar,20,12,7,11,50,0,0,2,0,2,20,12,9,11,52,10,0,10,62
01/13/2020,GPT,MS,ASO,CE,Combined TRACON& Tower with Radar,21,15,9,5,50,0,0,0,0,0,21,15,9,5,50,0,0,0,50
01/14/2020,GPT,MS,ASO,CE,Combined TRACON& Tower with Radar,24,4,16,11,55,0,0,0,0,0,24,4,16,11,55,0,0,0,55
01/15/2020,GPT,MS,ASO,CE,Combined TRACON& Tower with Radar,25,7,6,32,70,0,0,0,2,2,25,7,6,34,72,0,10,10,82
01/16/2020,GPT,MS,ASO,CE,Combined TRACON& Tower with Radar,22,11,13,109,155,0,0,0,0,0,22,11,13,109,155,20,2,22,177
01/17/2020,GPT,MS,ASO,CE,Combined TRACON& Tower with Radar,23,10,16,125,174,0,0,15,2,17,23,10,31,127,191,12,34,46,237
01/18/2020,GPT,MS,ASO,CE,Combined TRACON& Tower with Radar,17,8,10,12,47,0,0,1,1,2,17,8,11,13,49,0,0,0,49
01/19/2020,GPT,MS,ASO,CE,Combined TRACON& Tower with Radar,21,10,7,8,46,0,0,7,9,16,21,10,14,17,62,6,2,8,70
01/20/2020,GPT,MS,ASO,CE,Combined TRACON& Tower with Radar,22,9,7,0,38,0,0,4,0,4,22,9,11,0,42,6,0,6,48
01/21/2020,GPT,MS,ASO,CE,Combined TRACON& Tower with Radar,19,8,7,35,69,0,2,11,15,28,19,10,18,50,97,4,10,14,111
01/22/2020,GPT,MS,ASO,CE,Combined TRACON& Tower with Radar,21,12,15,132,180,0,2,5,14,21,21,14,20,146,201,0,32,32,233
01/23/2020,GPT,MS,ASO,CE,Combined TRACON& Tower with Radar,20,12,20,29,81,0,0,0,1,1,20,12,20,30,82,15,5,20,102
01/24/2020,GPT,MS,ASO,CE,Combined TRACON& Tower with Radar,22,11,14,119,166,0,3,18,7,28,22,14,32,126,194,28,46,74,268
01/25/2020,GPT,MS,ASO,CE,Combined TRACON& Tower with Radar,19,9,9,6,43,0,0,48,8,56,19,9,57,14,99,2,24,26,125
01/26/2020,GPT,MS,ASO,CE,Combined TRACON& Tower with Radar,21,10,7,5,43,0,0,2,0,2,21,10,9,5,45,12,0,12,57
01/27/2020,GPT,MS,ASO,CE,Combined TRACON& Tower with Radar,20,8,16,42,86,0,1,5,8,14,20,9,21,50,100,22,16,38,138
01/28/2020,GPT,MS,ASO,CE,Combined TRACON& Tower with Radar,28,10,18,52,108,0,1,23,14,38,28,11,41,66,146,20,26,46,192
01/29/2020,GPT,MS,ASO,CE,Combined TRACON& Tower with Radar,23,8,6,85,122,0,0,0,0,0,23,8,6,85,122,0,0,0,122
01/30/2020,GPT,MS,ASO,CE,Combined TRACON& Tower with Radar,24,11,10,54,99,0,6,13,15,34,24,17,23,69,133,0,40,40,173
01/31/2020,GPT,MS,ASO,CE,Combined TRACON& Tower with Radar,18,14,8,56,96,0,3,1,9,13,18,17,9,65,109,0,0,0,109
02/01/2020,GPT,MS,ASO,CE,Combined TRACON& Tower with Radar,17,9,12,49,87,0,3,27,14,44,17,12,39,63,131,12,2,14,145
02/02/2020,GPT,MS,ASO,CE,Combined TRACON& Tower with Radar,18,8,12,24,62,0,6,20,20,46,18,14,32,44,108,0,16,16,124
02/03/2020,GPT,MS,ASO,CE,Combined TRACON& Tower with Radar,23,12,16,56,107,0,4,22,24,50,23,16,38,80,157,22,74,96,253
02/04/2020,GPT,MS,ASO,CE,Combined TRACON& Tower with Radar,27,14,8,50,99,0,3,7,6,16,27,17,15,56,115,8,0,8,123
02/05/2020,GPT,MS,ASO,CE,Combined TRACON& Tower with Radar,21,11,4,0,36,0,1,0,0,1,21,12,4,0,37,0,0,0,37
02/06/2020,GPT,MS,ASO,CE,Combined TRACON& Tower with Radar,19,14,9,4,46,0,4,0,5,9,19,18,9,9,55,0,26,26,81
02/07/2020,GPT,MS,ASO,CE,Combined TRACON& Tower with Radar,19,13,15,61,108,0,7,17,33,57,19,20,32,94,165,32,30,62,227
02/08/2020,GPT,MS,ASO,CE,Combined TRACON& Tower with Radar,21,8,15,37,81,0,4,23,12,39,21,12,38,49,120,24,36,60,180
02/09/2020,GPT,MS,ASO,CE,Combined TRACON& Tower with Radar,20,8,18,82,128,0,2,10,32,44,20,10,28,114,172,0,18,18,190
02/10/2020,GPT,MS,ASO,CE,Combined TRACON& Tower with Radar,22,9,6,45,82,0,2,1,5,8,22,11,7,50,90,0,12,12,102
02/11/2020,GPT,MS,ASO,CE,Combined TRACON& Tower with Radar,21,14,1,34,70,0,0,0,1,1,21,14,1,35,71,0,8,8,79
02/12/2020,GPT,MS,ASO,CE,Combined TRACON& Tower with Radar,31,7,0,2,40,0,2,0,0,2,31,9,0,2,42,0,0,0,42
02/13/2020,GPT,MS,ASO,CE,Combined TRACON& Tower with Radar,31,11,14,74,130,0,1,1,8,10,31,12,15,82,140,28,0,28,168
02/14/2020,GPT,MS,ASO,CE,Combined TRACON& Tower with Radar,24,13,22,87,146,0,0,24,9,33,24,13,46,96,179,35,24,59,238
02/15/2020,GPT,MS,ASO,CE,Combined TRACON& Tower with Radar,19,12,9,15,55,0,0,30,11,41,19,12,39,26,96,49,4,53,149
02/16/2020,GPT,MS,ASO,CE,Combined TRACON& Tower with Radar,18,11,7,1,37,0,0,0,1,1,18,11,7,2,38,0,0,0,38
02/17/2020,GPT,MS,ASO,CE,Combined TRACON& Tower with Radar,23,11,17,3,54,0,0,3,0,3,23,11,20,3,57,0,0,0,57
02/18/2020,GPT,MS,ASO,CE,Combined TRACON& Tower with Radar,26,15,3,5,49,0,0,0,0,0,26,15,3,5,49,0,0,0,49
02/19/2020,GPT,MS,ASO,CE,Combined TRACON& Tower with Radar,23,13,8,32,76,0,0,0,2,2,23,13,8,34,78,36,30,66,144
02/20/2020,GPT,MS,ASO,CE,Combined TRACON& Tower with Radar,23,16,16,19,74,0,0,0,0,0,23,16,16,19,74,0,0,0,74
02/21/2020,GPT,MS,ASO,CE,Combined TRACON& Tower with Radar,22,14,23,97,156,0,1,14,14,29,22,15,37,111,185,26,18,44,229
02/22/2020,GPT,MS,ASO,CE,Combined TRACON& Tower with Radar,25,10,12,34,81,0,1,23,11,35,25,11,35,45,116,38,10,48,164
02/23/2020,GPT,MS,ASO,CE,Combined TRACON& Tower with Radar,23,12,17,39,91,0,2,9,10,21,23,14,26,49,112,34,18,52,164
02/24/2020,GPT,MS,ASO,CE,Combined TRACON& Tower with Radar,23,11,5,59,98,0,0,1,1,2,23,11,6,60,100,0,0,0,100
02/25/2020,GPT,MS,ASO,CE,Combined TRACON& Tower with Radar,21,13,11,57,102,0,1,13,8,22,21,14,24,65,124,18,0,18,142
02/26/2020,GPT,MS,ASO,CE,Combined TRACON& Tower with Radar,27,16,14,49,106,0,1,10,11,22,27,17,24,60,128,30,2,32,160
02/27/2020,GPT,MS,ASO,CE,Combined TRACON& Tower with Radar,20,12,18,52,102,0,0,16,23,39,20,12,34,75,141,14,6,20,161
02/28/2020,GPT,MS,ASO,CE,Combined TRACON& Tower with Radar,24,14,17,137,192,0,4,18,13,35,24,18,35,150,227,28,22,50,277
02/29/2020,GPT,MS,ASO,CE,Combined TRACON& Tower with Radar,23,9,5,40,77,0,0,21,26,47,23,9,26,66,124,34,64,98,222
03/01/2020,GPT,MS,ASO,CE,Combined TRACON& Tower with Radar,27,14,17,32,90,0,4,15,13,32,27,18,32,45,122,0,44,44,166
03/02/2020,GPT,MS,ASO,CE,Combined TRACON& Tower with Radar,28,11,8,73,120,0,3,11,26,40,28,14,19,99,160,19,20,39,199
03/03/2020,GPT,MS,ASO,CE,Combined TRACON& Tower with Radar,21,12,6,57,96,0,5,4,11,20,21,17,10,68,116,28,36,64,180
03/04/2020,GPT,MS,ASO,CE,Combined TRACON& Tower with Radar,25,13,4,7,49,0,0,0,0,0,25,13,4,7,49,0,0,0,49
03/05/2020,GPT,MS,ASO,CE,Combined TRACON& Tower with Radar,22,12,20,119,173,0,1,3,8,12,22,13,23,127,185,28,15,43,228
03/06/2020,GPT,MS,ASO,CE,Combined TRACON& Tower with Radar,20,14,20,108,162,0,2,20,24,46,20,16,40,132,208,0,0,0,208
03/07/2020,GPT,MS,ASO,CE,Combined TRACON& Tower with Radar,22,10,7,29,68,0,2,25,13,40,22,12,32,42,108,20,0,20,128
03/08/2020,GPT,MS,ASO,CE,Combined TRACON& Tower with Radar,20,17,19,67,123,0,0,25,23,48,20,17,44,90,171,14,50,64,235
03/09/2020,GPT,MS,ASO,CE,Combined TRACON& Tower with Radar,22,16,15,100,153,0,0,9,2,11,22,16,24,102,164,54,22,76,240
03/10/2020,GPT,MS,ASO,CE,Combined TRACON& Tower with Radar,18,14,11,46,89,0,0,0,4,4,18,14,11,50,93,0,0,0,93
03/11/2020,GPT,MS,ASO,CE,Combined TRACON& Tower with Radar,29,16,11,114,170,0,0,13,2,15,29,16,24,116,185,26,14,40,225
03/12/2020,GPT,MS,ASO,CE,Combined TRACON& Tower with Radar,21,18,17,47,103,0,1,3,5,9,21,19,20,52,112,38,5,43,155
03/13/2020,GPT,MS,ASO,CE,Combined TRACON& Tower with Radar,21,17,9,58,105,0,2,7,6,15,21,19,16,64,120,0,31,31,151
03/14/2020,GPT,MS,ASO,CE,Combined TRACON& Tower with Radar,23,6,10,52,91,0,0,3,3,6,23,6,13,55,97,30,0,30,127
03/15/2020,GPT,MS,ASO,CE,Combined TRACON& Tower with Radar,23,11,12,15,61,0,0,14,4,18,23,11,26,19,79,46,0,46,125
03/16/2020,GPT,MS,ASO,CE,Combined TRACON& Tower with Radar,21,11,6,171,209,0,2,7,12,21,21,13,13,183,230,27,76,103,333
03/17/2020,GPT,MS,ASO,CE,Combined TRACON& Tower with Radar,22,11,10,102,145,0,0,6,10,16,22,11,16,112,161,54,20,74,235
03/18/2020,GPT,MS,ASO,CE,Combined TRACON& Tower with Radar,23,14,3,144,184,0,0,8,0,8,23,14,11,144,192,40,10,50,242
03/19/2020,GPT,MS,ASO,CE,Combined TRACON& Tower with Radar,18,15,3,108,144,0,0,10,0,10,18,15,13,108,154,32,17,49,203
03/20/2020,GPT,MS,ASO,CE,Combined TRACON& Tower with Radar,17,12,6,97,132,0,0,2,5,7,17,12,8,102,139,0,0,0,139
03/21/2020,GPT,MS,ASO,CE,Combined TRACON& Tower with Radar,13,8,2,24,47,0,0,1,0,1,13,8,3,24,48,14,0,14,62
03/22/2020,GPT,MS,ASO,CE,Combined TRACON& Tower with Radar,15,9,5,13,42,0,1,6,3,10,15,10,11,16,52,63,0,63,115
03/23/2020,GPT,MS,ASO,CE,Combined TRACON& Tower with Radar,11,9,5,84,109,0,0,7,1,8,11,9,12,85,117,0,2,2,119
03/24/2020,GPT,MS,ASO,CE,Combined TRACON& Tower with Radar,11,10,6,44,71,0,0,11,25,36,11,10,17,69,107,0,66,66,173
03/25/2020,GPT,MS,ASO,CE,Combined TRACON& Tower with Radar,11,7,3,91,112,0,0,15,6,21,11,7,18,97,133,26,24,50,183
03/26/2020,GPT,MS,ASO,CE,Combined TRACON& Tower with Radar,15,6,5,77,103,0,0,24,18,42,15,6,29,95,145,2,28,30,175
03/27/2020,GPT,MS,ASO,CE,Combined TRACON& Tower with Radar,8,4,6,88,106,0,0,9,12,21,8,4,15,100,127,2,16,18,145
03/28/2020,GPT,MS,ASO,CE,Combined TRACON& Tower with Radar,5,3,4,29,41,0,0,5,1,6,5,3,9,30,47,2,18,20,67
03/29/2020,GPT,MS,ASO,CE,Combined TRACON& Tower with Radar,13,5,6,16,40,0,0,17,6,23,13,5,23,22,63,20,0,20,83
03/30/2020,GPT,MS,ASO,CE,Combined TRACON& Tower with Radar,9,6,3,90,108,0,2,15,24,41,9,8,18,114,149,0,8,8,157
03/31/2020,GPT,MS,ASO,CE,Combined TRACON& Tower with Radar,12,10,5,63,90,0,1,5,6,12,12,11,10,69,102,0,10,10,112
04/01/2020,GPT,MS,ASO,CE,Combined TRACON& Tower with Radar,11,9,4,65,89,0,2,12,24,38,11,11,16,89,127,28,42,70,197
04/02/2020,GPT,MS,ASO,CE,Combined TRACON& Tower with Radar,12,6,7,51,76,0,0,13,6,19,12,6,20,57,95,63,4,67,162
04/03/2020,GPT,MS,ASO,CE,Combined TRACON& Tower with Radar,7,9,6,56,78,0,0,10,9,19,7,9,16,65,97,90,40,130,227
04/04/2020,GPT,MS,ASO,CE,Combined TRACON& Tower with Radar,3,4,5,35,47,0,0,1,1,2,3,4,6,36,49,10,16,26,75
04/05/2020,GPT,MS,ASO,CE,Combined TRACON& Tower with Radar,10,6,3,8,27,0,1,2,19,22,10,7,5,27,49,0,0,0,49
04/06/2020,GPT,MS,ASO,CE,Combined TRACON& Tower with Radar,6,8,1,24,39,0,0,11,4,15,6,8,12,28,54,4,0,4,58
04/07/2020,GPT,MS,ASO,CE,Combined TRACON& Tower with Radar,9,12,4,58,83,0,0,1,0,1,9,12,5,58,84,18,0,18,102
04/08/2020,GPT,MS,ASO,CE,Combined TRACON& Tower with Radar,7,11,3,94,115,0,0,3,1,4,7,11,6,95,119,49,6,55,174
04/09/2020,GPT,MS,ASO,CE,Combined TRACON& Tower with Radar,8,8,4,75,95,0,3,9,3,15,8,11,13,78,110,18,10,28,138
04/10/2020,GPT,MS,ASO,CE,Combined TRACON& Tower with Radar,7,5,1,8,21,0,0,7,0,7,7,5,8,8,28,12,0,12,40
04/11/2020,GPT,MS,ASO,CE,Combined TRACON& Tower with Radar,3,9,1,3,16,0,3,10,2,15,3,12,11,5,31,0,0,0,31
04/12/2020,GPT,MS,ASO,CE,Combined TRACON& Tower with Radar,7,5,2,0,14,0,0,0,0,0,7,5,2,0,14,0,0,0,14
04/13/2020,GPT,MS,ASO,CE,Combined TRACON& Tower with Radar,7,5,3,85,100,0,5,21,20,46,7,10,24,105,146,26,36,62,208
04/14/2020,GPT,MS,ASO,CE,Combined TRACON& Tower with Radar,7,10,4,84,105,0,3,11,23,37,7,13,15,107,142,21,43,64,206
04/15/2020,GPT,MS,ASO,CE,Combined TRACON& Tower with Radar,7,10,4,112,133,0,0,24,9,33,7,10,28,121,166,22,10,32,198
04/16/2020,GPT,MS,ASO,CE,Combined TRACON& Tower with Radar,6,8,1,50,65,0,0,16,6,22,6,8,17,56,87,18,4,22,109
04/17/2020,GPT,MS,ASO,CE,Combined TRACON& Tower with Radar,7,10,6,81,104,0,0,7,7,14,7,10,13,88,118,0,17,17,135
04/18/2020,GPT,MS,ASO,CE,Combined TRACON& Tower with Radar,3,7,5,22,37,0,0,6,0,6,3,7,11,22,43,0,6,6,49
04/19/2020,GPT,MS,ASO,CE,Combined TRACON& Tower with Radar,7,8,0,0,15,0,0,0,0,0,7,8,0,0,15,0,0,0,15
04/20/2020,GPT,MS,ASO,CE,Combined TRACON& Tower with Radar,7,7,0,61,75,0,0,15,12,27,7,7,15,73,102,21,6,27,129
04/21/2020,GPT,MS,ASO,CE,Combined TRACON& Tower with Radar,7,8,15,93,123,0,0,17,13,30,7,8,32,106,153,1,28,29,182
04/22/2020,GPT,MS,ASO,CE,Combined TRACON& Tower with Radar,7,8,4,52,71,0,0,3,15,18,7,8,7,67,89,0,0,0,89
04/23/2020,GPT,MS,ASO,CE,Combined TRACON& Tower with Radar,4,8,3,7,22,0,0,0,0,0,4,8,3,7,22,0,0,0,22
04/24/2020,GPT,MS,ASO,CE,Combined TRACON& Tower with Radar,4,7,10,161,182,0,1,15,52,68,4,8,25,213,250,0,0,0,250
04/25/2020,GPT,MS,ASO,CE,Combined TRACON& Tower with Radar,2,7,5,61,75,0,0,18,4,22,2,7,23,65,97,0,0,0,97
04/26/2020,GPT,MS,ASO,CE,Combined TRACON& Tower with Radar,4,8,4,31,47,0,3,10,19,32,4,11,14,50,79,0,0,0,79
04/27/2020,GPT,MS,ASO,CE,Combined TRACON& Tower with Radar,2,8,12,138,160,0,6,13,15,34,2,14,25,153,194,0,0,0,194
04/28/2020,GPT,MS,ASO,CE,Combined TRACON& Tower with Radar,2,9,10,115,136,0,0,16,3,19,2,9,26,118,155,8,14,22,177
04/29/2020,GPT,MS,ASO,CE,Combined TRACON& Tower with Radar,4,9,0,76,89,0,0,1,0,1,4,9,1,76,90,0,0,0,90
04/30/2020,GPT,MS,ASO,CE,Combined TRACON& Tower with Radar,4,8,8,135,155,0,3,16,30,49,4,11,24,165,204,0,26,26,230
05/01/2020,GPT,MS,ASO,CE,Combined TRACON& Tower with Radar,7,13,3,122,145,0,4,19,21,44,7,17,22,143,189,4,28,32,221
05/02/2020,GPT,MS,ASO,CE,Combined TRACON& Tower with Radar,5,8,3,42,58,0,2,23,21,46,5,10,26,63,104,42,24,66,170
05/03/2020,GPT,MS,ASO,CE,Combined TRACON& Tower with Radar,5,6,5,9,25,0,4,14,11,29,5,10,19,20,54,4,0,4,58
05/04/2020,GPT,MS,ASO,CE,Combined TRACON& Tower with Radar,3,8,10,69,90,0,0,7,23,30,3,8,17,92,120,12,0,12,132
05/05/2020,GPT,MS,ASO,CE,Combined TRACON& Tower with Radar,3,10,2,129,144,0,5,10,10,25,3,15,12,139,169,2,26,28,197
05/06/2020,GPT,MS,ASO,CE,Combined TRACON& Tower with Radar,3,9,6,82,100,0,2,17,26,45,3,11,23,108,145,0,0,0,145
05/07/2020,GPT,MS,ASO,CE,Combined TRACON& Tower with Radar,4,7,12,102,125,0,6,16,26,48,4,13,28,128,173,15,18,33,206
05/08/2020,GPT,MS,ASO,CE,Combined TRACON& Tower with Radar,6,8,2,10,26,0,0,5,3,8,6,8,7,13,34,0,0,0,34
05/09/2020,GPT,MS,ASO,CE,Combined TRACON& Tower with Radar,4,8,2,55,69,0,0,10,15,25,4,8,12,70,94,10,0,10,104
05/10/2020,GPT,MS,ASO,CE,Combined TRACON& Tower with Radar,4,5,1,13,23,0,0,12,3,15,4,5,13,16,38,14,0,14,52
05/11/2020,GPT,MS,ASO,CE,Combined TRACON& Tower with Radar,6,11,3,131,151,0,10,14,30,54,6,21,17,161,205,24,42,66,271
05/12/2020,GPT,MS,ASO,CE,Combined TRACON& Tower with Radar,4,9,10,130,153,0,1,14,32,47,4,10,24,162,200,18,34,52,252
05/13/2020,GPT,MS,ASO,CE,Combined TRACON& Tower with Radar,6,12,15,93,126,0,3,10,17,30,6,15,25,110,156,28,11,39,195
05/14/2020,GPT,MS,ASO,CE,Combined TRACON& Tower with Radar,6,6,12,28,52,0,2,2,7,11,6,8,14,35,63,0,6,6,69
05/15/2020,GPT,MS,ASO,CE,Combined TRACON& Tower with Radar,6,6,1,59,72,0,0,4,2,6,6,6,5,61,78,0,0,0,78
05/16/2020,GPT,MS,ASO,CE,Combined TRACON& Tower with Radar,4,6,0,21,31,0,0,7,1,8,4,6,7,22,39,8,6,14,53
05/17/2020,GPT,MS,ASO,CE,Combined TRACON& Tower with Radar,6,5,0,16,27,0,2,1,0,3,6,7,1,16,30,0,0,0,30
05/18/2020,GPT,MS,ASO,CE,Combined TRACON& Tower with Radar,6,7,5,131,149,0,2,7,9,18,6,9,12,140,167,6,12,18,185
05/19/2020,GPT,MS,ASO,CE,Combined TRACON& Tower with Radar,6,7,9,103,125,0,4,23,23,50,6,11,32,126,175,32,12,44,219
05/20/2020,GPT,MS,ASO,CE,Combined TRACON& Tower with Radar,6,9,12,16,43,0,1,0,1,2,6,10,12,17,45,2,0,2,47
05/21/2020,GPT,MS,ASO,CE,Combined TRACON& Tower with Radar,8,9,10,132,159,0,5,6,7,18,8,14,16,139,177,4,0,4,181
05/22/2020,GPT,MS,ASO,CE,Combined TRACON& Tower with Radar,6,8,5,20,39,0,0,10,3,13,6,8,15,23,52,5,24,29,81
05/23/2020,GPT,MS,ASO,CE,Combined TRACON& Tower with Radar,6,6,15,18,45,0,1,13,0,14,6,7,28,18,59,28,0,28,87
05/24/2020,GPT,MS,ASO,CE,Combined TRACON& Tower with Radar,6,5,12,1,24,0,2,20,3,25,6,7,32,4,49,0,0,0,49
05/25/2020,GPT,MS,ASO,CE,Combined TRACON& Tower with Radar,6,6,7,0,19,0,0,4,0,4,6,6,11,0,23,24,0,24,47
05/26/2020,GPT,MS,ASO,CE,Combined TRACON& Tower with Radar,6,9,7,20,42,0,0,0,0,0,6,9,7,20,42,0,0,0,42
05/27/2020,GPT,MS,ASO,CE,Combined TRACON& Tower with Radar,6,12,5,2,25,0,1,3,0,4,6,13,8,2,29,14,0,14,43
05/28/2020,GPT,MS,ASO,CE,Combined TRACON& Tower with Radar,6,11,17,104,138,0,7,12,18,37,6,18,29,122,175,30,0,30,205
05/29/2020,GPT,MS,ASO,CE,Combined TRACON& Tower with Radar,10,8,9,72,99,0,2,14,13,29,10,10,23,85,128,14,23,37,165
05/30/2020,GPT,MS,ASO,CE,Combined TRACON& Tower with Radar,4,7,13,69,93,0,0,28,4,32,4,7,41,73,125,10,0,10,135
05/31/2020,GPT,MS,ASO,CE,Combined TRACON& Tower with Radar,6,12,13,49,80,0,2,33,15,50,6,14,46,64,130,64,12,76,206
06/01/2020,GPT,MS,ASO,CE,Combined TRACON& Tower with Radar,6,10,7,117,140,0,7,11,35,53,6,17,18,152,193,60,27,87,280
06/02/2020,GPT,MS,ASO,CE,Combined TRACON& Tower with Radar,7,10,10,51,78,0,0,9,6,15,7,10,19,57,93,14,5,19,112
06/03/2020,GPT,MS,ASO,CE,Combined TRACON& Tower with Radar,8,9,6,12,35,0,1,1,6,8,8,10,7,18,43,0,2,2,45
06/04/2020,GPT,MS,ASO,CE,Combined TRACON& Tower with Radar,7,9,12,46,74,0,4,9,9,22,7,13,21,55,96,6,26,32,128
06/05/2020,GPT,MS,ASO,CE,Combined TRACON& Tower with Radar,12,8,11,58,89,0,1,20,10,31,12,9,31,68,120,38,20,58,178
06/06/2020,GPT,MS,ASO,CE,Combined TRACON& Tower with Radar,8,5,0,2,15,0,0,4,0,4,8,5,4,2,19,0,0,0,19
06/07/2020,GPT,MS,ASO,CE,Combined TRACON& Tower with Radar,5,1,0,0,6,0,0,0,0,0,5,1,0,0,6,0,0,0,6
06/08/2020,GPT,MS,ASO,CE,Combined TRACON& Tower with Radar,14,9,1,0,24,0,0,0,0,0,14,9,1,0,24,0,0,0,24
06/09/2020,GPT,MS,ASO,CE,Combined TRACON& Tower with Radar,8,9,7,29,53,0,2,0,2,4,8,11,7,31,57,0,12,12,69
06/10/2020,GPT,MS,ASO,CE,Combined TRACON& Tower with Radar,6,6,7,77,96,0,0,9,10,19,6,6,16,87,115,0,6,6,121
06/11/2020,GPT,MS,ASO,CE,Combined TRACON& Tower with Radar,9,8,13,117,147,0,3,14,13,30,9,11,27,130,177,2,24,26,203
06/12/2020,GPT,MS,ASO,CE,Combined TRACON& Tower with Radar,13,9,17,117,156,0,5,20,31,56,13,14,37,148,212,8,44,52,264
06/13/2020,GPT,MS,ASO,CE,Combined TRACON& Tower with Radar,7,5,10,37,59,0,0,25,7,32,7,5,35,44,91,2,0,2,93
06/14/2020,GPT,MS,ASO,CE,Combined TRACON& Tower with Radar,10,6,12,41,69,0,5,18,14,37,10,11,30,55,106,50,0,50,156
06/15/2020,GPT,MS,ASO,CE,Combined TRACON& Tower with Radar,8,7,10,154,179,0,0,20,30,50,8,7,30,184,229,2,28,30,259
06/16/2020,GPT,MS,ASO,CE,Combined TRACON& Tower with Radar,7,8,14,103,132,0,9,32,29,70,7,17,46,132,202,10,36,46,248
06/17/2020,GPT,MS,ASO,CE,Combined TRACON& Tower with Radar,6,10,11,126,153,0,1,30,23,54,6,11,41,149,207,36,15,51,258
06/18/2020,GPT,MS,ASO,CE,Combined TRACON& Tower with Radar,10,11,13,94,128,0,2,30,10,42,10,13,43,104,170,24,36,60,230
06/19/2020,GPT,MS,ASO,CE,Combined TRACON& Tower with Radar,8,9,3,79,99,0,7,24,13,44,8,16,27,92,143,0,4,4,147
06/20/2020,GPT,MS,ASO,CE,Combined TRACON& Tower with Radar,10,5,17,30,62,1,0,18,3,22,11,5,35,33,84,16,0,16,100
06/21/2020,GPT,MS,ASO,CE,Combined TRACON& Tower with Radar,6,4,14,10,34,0,0,11,0,11,6,4,25,10,45,22,0,22,67
06/22/2020,GPT,MS,ASO,CE,Combined TRACON& Tower with Radar,8,7,7,44,66,0,0,5,1,6,8,7,12,45,72,30,0,30,102
06/23/2020,GPT,MS,ASO,CE,Combined TRACON& Tower with Radar,8,10,12,53,83,0,0,3,16,19,8,10,15,69,102,0,11,11,113
06/24/2020,GPT,MS,ASO,CE,Combined TRACON& Tower with Radar,9,6,10,20,45,0,0,3,0,3,9,6,13,20,48,0,0,0,48
06/25/2020,GPT,MS,ASO,CE,Combined TRACON& Tower with Radar,9,9,13,43,74,0,3,6,2,11,9,12,19,45,85,16,14,30,115
06/26/2020,GPT,MS,ASO,CE,Combined TRACON& Tower with Radar,10,9,8,151,178,0,1,7,1,9,10,10,15,152,187,16,0,16,203
06/27/2020,GPT,MS,ASO,CE,Combined TRACON& Tower with Radar,8,7,13,41,69,0,3,11,7,21,8,10,24,48,90,14,6,20,110
06/28/2020,GPT,MS,ASO,CE,Combined TRACON& Tower with Radar,10,8,19,21,58,0,0,12,11,23,10,8,31,32,81,0,4,4,85
06/29/2020,GPT,MS,ASO,CE,Combined TRACON& Tower with Radar,12,7,14,55,88,0,0,16,4,20,12,7,30,59,108,20,4,24,132
06/30/2020,GPT,MS,ASO,CE,Combined TRACON& Tower with Radar,7,11,13,191,222,0,1,16,29,46,7,12,29,220,268,0,15,15,283
07/01/2020,GPT,MS,ASO,CE,Combined TRACON& Tower with Radar,7,9,9,55,80,0,1,14,9,24,7,10,23,64,104,4,12,16,120
07/02/2020,GPT,MS,ASO,CE,Combined TRACON& Tower with Radar,9,8,4,48,69,0,0,11,1,12,9,8,15,49,81,4,2,6,87
07/03/2020,GPT,MS,ASO,CE,Combined TRACON& Tower with Radar,10,9,4,8,31,0,0,19,0,19,10,9,23,8,50,30,0,30,80
07/04/2020,GPT,MS,ASO,CE,Combined TRACON& Tower with Radar,8,6,0,0,14,0,0,8,0,8,8,6,8,0,22,14,0,14,36
07/05/2020,GPT,MS,ASO,CE,Combined TRACON& Tower with Radar,12,8,0,0,20,0,0,6,0,6,12,8,6,0,26,0,0,0,26
07/06/2020,GPT,MS,ASO,CE,Combined TRACON& Tower with Radar,10,8,8,8,34,0,0,3,0,3,10,8,11,8,37,0,0,0,37
07/07/2020,GPT,MS,ASO,CE,Combined TRACON& Tower with Radar,11,7,6,14,38,0,0,3,5,8,11,7,9,19,46,16,0,16,62
07/08/2020,GPT,MS,ASO,CE,Combined TRACON& Tower with Radar,14,8,9,38,69,0,0,6,11,17,14,8,15,49,86,8,16,24,110
07/09/2020,GPT,MS,ASO,CE,Combined TRACON& Tower with Radar,13,12,19,88,132,0,0,10,9,19,13,12,29,97,151,8,16,24,175
07/10/2020,GPT,MS,ASO,CE,Combined TRACON& Tower with Radar,13,7,14,82,116,0,2,11,20,33,13,9,25,102,149,42,0,42,191
07/11/2020,GPT,MS,ASO,CE,Combined TRACON& Tower with Radar,13,4,7,41,65,0,1,21,7,29,13,5,28,48,94,34,4,38,132
07/12/2020,GPT,MS,ASO,CE,Combined TRACON& Tower with Radar,13,4,11,32,60,0,1,6,12,19,13,5,17,44,79,8,0,8,87
07/13/2020,GPT,MS,ASO,CE,Combined TRACON& Tower with Radar,17,7,11,41,76,0,0,7,4,11,17,7,18,45,87,36,4,40,127
07/14/2020,GPT,MS,ASO,CE,Combined TRACON& Tower with Radar,14,7,4,25,50,0,0,11,4,15,14,7,15,29,65,28,16,44,109
07/15/2020,GPT,MS,ASO,CE,Combined TRACON& Tower with Radar,14,11,12,28,65,0,0,6,4,10,14,11,18,32,75,0,10,10,85
07/16/2020,GPT,MS,ASO,CE,Combined TRACON& Tower with Radar,13,7,14,51,85,0,2,24,19,45,13,9,38,70,130,16,8,24,154
07/17/2020,GPT,MS,ASO,CE,Combined TRACON& Tower with Radar,13,8,13,76,110,0,3,23,4,30,13,11,36,80,140,32,6,38,178
07/18/2020,GPT,MS,ASO,CE,Combined TRACON& Tower with Radar,16,5,5,64,90,0,1,17,5,23,16,6,22,69,113,16,32,48,161
07/19/2020,GPT,MS,ASO,CE,Combined TRACON& Tower with Radar,18,3,9,15,45,0,0,10,3,13,18,3,19,18,58,0,8,8,66
07/20/2020,GPT,MS,ASO,CE,Combined TRACON& Tower with Radar,14,8,6,65,93,0,1,7,5,13,14,9,13,70,106,31,16,47,153
07/21/2020,GPT,MS,ASO,CE,Combined TRACON& Tower with Radar,22,8,6,83,119,0,1,14,13,28,22,9,20,96,147,40,4,44,191
07/22/2020,GPT,MS,ASO,CE,Combined TRACON& Tower with Radar,20,7,18,93,138,0,4,13,11,28,20,11,31,104,166,44,16,60,226
07/23/2020,GPT,MS,ASO,CE,Combined TRACON& Tower with Radar,16,8,5,16,45,0,0,2,6,8,16,8,7,22,53,12,18,30,83
07/24/2020,GPT,MS,ASO,CE,Combined TRACON& Tower with Radar,22,7,2,11,42,0,1,2,0,3,22,8,4,11,45,0,0,0,45
07/25/2020,GPT,MS,ASO,CE,Combined TRACON& Tower with Radar,19,3,0,0,22,0,0,1,0,1,19,3,1,0,23,0,0,0,23
07/26/2020,GPT,MS,ASO,CE,Combined TRACON& Tower with Radar,17,3,7,1,28,0,0,0,0,0,17,3,7,1,28,0,0,0,28
07/27/2020,GPT,MS,ASO,CE,Combined TRACON& Tower with Radar,17,7,3,16,43,0,1,1,0,2,17,8,4,16,45,0,0,0,45
07/28/2020,GPT,MS,ASO,CE,Combined TRACON& Tower with Radar,18,6,8,27,59,0,0,1,0,1,18,6,9,27,60,0,0,0,60
07/29/2020,GPT,MS,ASO,CE,Combined TRACON& Tower with Radar,14,7,12,50,83,0,2,17,8,27,14,9,29,58,110,42,1,43,153
07/30/2020,GPT,MS,ASO,CE,Combined TRACON& Tower with Radar,20,11,13,90,134,0,8,20,10,38,20,19,33,100,172,38,6,44,216
07/31/2020,GPT,MS,ASO,CE,Combined TRACON& Tower with Radar,18,6,11,122,157,0,1,23,8,32,18,7,34,130,189,48,8,56,245
08/01/2020,GPT,MS,ASO,CE,Combined TRACON& Tower with Radar,19,3,13,23,58,0,0,16,0,16,19,3,29,23,74,18,0,18,92
08/02/2020,GPT,MS,ASO,CE,Combined TRACON& Tower with Radar,20,2,7,32,61,0,1,25,6,32,20,3,32,38,93,20,0,20,113
08/03/2020,GPT,MS,ASO,CE,Combined TRACON& Tower with Radar,16,5,10,89,120,0,3,12,5,20,16,8,22,94,140,24,2,26,166
08/04/2020,GPT,MS,ASO,CE,Combined TRACON& Tower with Radar,23,7,17,113,160,0,0,29,22,51,23,7,46,135,211,32,53,85,296
08/05/2020,GPT,MS,ASO,CE,Combined TRACON& Tower with Radar,15,6,15,125,161,0,1,11,24,36,15,7,26,149,197,28,32,60,257
08/06/2020,GPT,MS,ASO,CE,Combined TRACON& Tower with Radar,19,8,16,68,111,0,5,20,24,49,19,13,36,92,160,8,26,34,194
08/07/2020,GPT,MS,ASO,CE,Combined TRACON& Tower with Radar,17,10,9,98,134,0,7,20,11,38,17,17,29,109,172,20,2,22,194
08/08/2020,GPT,MS,ASO,CE,Combined TRACON& Tower with Radar,18,6,14,20,58,0,2,18,11,31,18,8,32,31,89,4,4,8,97
08/09/2020,GPT,MS,ASO,CE,Combined TRACON& Tower with Radar,21,5,5,24,55,0,1,12,11,24,21,6,17,35,79,8,0,8,87
08/10/2020,GPT,MS,ASO,CE,Combined TRACON& Tower with Radar,16,7,10,123,156,0,1,12,16,29,16,8,22,139,185,12,20,32,217
08/11/2020,GPT,MS,ASO,CE,Combined TRACON& Tower with Radar,16,7,12,62,97,0,1,20,12,33,16,8,32,74,130,30,4,34,164
08/12/2020,GPT,MS,ASO,CE,Combined TRACON& Tower with Radar,14,6,14,33,67,0,2,9,2,13,14,8,23,35,80,24,0,24,104
08/13/2020,GPT,MS,ASO,CE,Combined TRACON& Tower with Radar,18,6,13,54,91,0,4,8,3,15,18,10,21,57,106,0,36,36,142
08/14/2020,GPT,MS,ASO,CE,Combined TRACON& Tower with Radar,22,10,12,28,72,0,3,11,9,23,22,13,23,37,95,23,2,25,120
08/15/2020,GPT,MS,ASO,CE,Combined TRACON& Tower with Radar,17,5,6,30,58,0,0,13,0,13,17,5,19,30,71,0,0,0,71
08/16/2020,GPT,MS,ASO,CE,Combined TRACON& Tower with Radar,16,6,12,44,78,0,0,20,17,37,16,6,32,61,115,4,14,18,133
08/17/2020,GPT,MS,ASO,CE,Combined TRACON& Tower with Radar,19,8,12,94,133,0,2,13,29,44,19,10,25,123,177,52,4,56,233
08/18/2020,GPT,MS,ASO,CE,Combined TRACON& Tower with Radar,13,9,11,63,96,0,4,14,18,36,13,13,25,81,132,12,32,44,176
08/19/2020,GPT,MS,ASO,CE,Combined TRACON& Tower with Radar,14,6,15,53,88,0,3,6,4,13,14,9,21,57,101,22,20,42,143
08/20/2020,GPT,MS,ASO,CE,Combined TRACON& Tower with Radar,21,7,10,11,49,0,0,4,7,11,21,7,14,18,60,0,0,0,60
08/21/2020,GPT,MS,ASO,CE,Combined TRACON& Tower with Radar,22,7,10,72,111,0,2,22,20,44,22,9,32,92,155,0,28,28,183
08/22/2020,GPT,MS,ASO,CE,Combined TRACON& Tower with Radar,17,5,9,31,62,0,0,23,15,38,17,5,32,46,100,30,0,30,130
08/23/2020,GPT,MS,ASO,CE,Combined TRACON& Tower with Radar,16,11,8,0,35,0,2,1,0,3,16,13,9,0,38,0,0,0,38
08/24/2020,GPT,MS,ASO,CE,Combined TRACON& Tower with Radar,22,4,0,6,32,0,0,1,0,1,22,4,1,6,33,0,0,0,33
08/25/2020,GPT,MS,ASO,CE,Combined TRACON& Tower with Radar,17,7,2,12,38,0,0,0,1,1,17,7,2,13,39,0,0,0,39
08/26/2020,GPT,MS,ASO,CE,Combined TRACON& Tower with Radar,11,3,2,15,31,0,0,3,0,3,11,3,5,15,34,0,0,0,34
08/27/2020,GPT,MS,ASO,CE,Combined TRACON& Tower with Radar,21,3,8,0,32,0,2,3,0,5,21,5,11,0,37,0,0,0,37
08/28/2020,GPT,MS,ASO,CE,Combined TRACON& Tower with Radar,18,14,4,40,76,0,0,3,3,6,18,14,7,43,82,0,20,20,102
08/29/2020,GPT,MS,ASO,CE,Combined TRACON& Tower with Radar,18,9,3,9,39,0,0,5,6,11,18,9,8,15,50,0,0,0,50
08/30/2020,GPT,MS,ASO,CE,Combined TRACON& Tower with Radar,22,4,10,28,64,0,1,4,11,16,22,5,14,39,80,0,0,0,80
08/31/2020,GPT,MS,ASO,CE,Combined TRACON& Tower with Radar,23,7,7,104,141,0,0,13,7,20,23,7,20,111,161,4,48,52,213
09/01/2020,GPT,MS,ASO,CE,Combined TRACON& Tower with Radar,13,13,18,142,186,0,8,8,22,38,13,21,26,164,224,4,36,40,264
09/02/2020,GPT,MS,ASO,CE,Combined TRACON& Tower with Radar,12,6,8,93,119,0,1,9,9,19,12,7,17,102,138,0,42,42,180
09/03/2020,GPT,MS,ASO,CE,Combined TRACON& Tower with Radar,23,9,31,106,169,0,4,21,13,38,23,13,52,119,207,24,44,68,275
09/04/2020,GPT,MS,ASO,CE,Combined TRACON& Tower with Radar,18,6,12,21,57,0,0,9,2,11,18,6,21,23,68,0,6,6,74
09/05/2020,GPT,MS,ASO,CE,Combined TRACON& Tower with Radar,17,3,10,14,44,0,0,24,0,24,17,3,34,14,68,6,0,6,74
09/06/2020,GPT,MS,ASO,CE,Combined TRACON& Tower with Radar,18,4,4,23,49,0,0,8,2,10,18,4,12,25,59,18,0,18,77
09/07/2020,GPT,MS,ASO,CE,Combined TRACON& Tower with Radar,18,5,13,5,41,0,0,24,0,24,18,5,37,5,65,26,0,26,91
09/08/2020,GPT,MS,ASO,CE,Combined TRACON& Tower with Radar,14,6,9,58,87,0,3,17,14,34,14,9,26,72,121,22,20,42,163
09/09/2020,GPT,MS,ASO,CE,Combined TRACON& Tower with Radar,15,9,19,150,193,0,2,20,30,52,15,11,39,180,245,24,22,46,291
09/10/2020,GPT,MS,ASO,CE,Combined TRACON& Tower with Radar,18,10,14,124,166,0,1,19,28,48,18,11,33,152,214,51,40,91,305
09/11/2020,GPT,MS,ASO,CE,Combined TRACON& Tower with Radar,22,6,7,64,99,0,1,7,7,15,22,7,14,71,114,24,10,34,148
09/12/2020,GPT,MS,ASO,CE,Combined TRACON& Tower with Radar,19,5,4,23,51,0,0,8,0,8,19,5,12,23,59,0,8,8,67
09/13/2020,GPT,MS,ASO,CE,Combined TRACON& Tower with Radar,17,8,7,15,47,0,0,12,4,16,17,8,19,19,63,36,24,60,123
09/14/2020,GPT,MS,ASO,CE,Combined TRACON& Tower with Radar,22,3,4,0,29,0,0,0,0,0,22,3,4,0,29,0,0,0,29
09/16/2020,GPT,MS,ASO,CE,Combined TRACON& Tower with Radar,0,3,3,0,6,0,0,4,2,6,0,3,7,2,12,16,0,16,28
09/17/2020,GPT,MS,ASO,CE,Combined TRACON& Tower with Radar,14,4,18,13,49,0,1,7,7,15,14,5,25,20,64,0,0,0,64
09/18/2020,GPT,MS,ASO,CE,Combined TRACON& Tower with Radar,27,9,7,22,65,0,2,14,7,23,27,11,21,29,88,56,0,56,144
09/19/2020,GPT,MS,ASO,CE,Combined TRACON& Tower with Radar,20,8,10,2,40,0,0,1,0,1,20,8,11,2,41,0,0,0,41
09/20/2020,GPT,MS,ASO,CE,Combined TRACON& Tower with Radar,19,5,6,2,32,0,0,0,0,0,19,5,6,2,32,0,0,0,32
09/21/2020,GPT,MS,ASO,CE,Combined TRACON& Tower with Radar,20,5,4,12,41,0,0,0,0,0,20,5,4,12,41,0,0,0,41
09/22/2020,GPT,MS,ASO,CE,Combined TRACON& Tower with Radar,16,7,5,22,50,0,0,2,0,2,16,7,7,22,52,0,0,0,52
09/23/2020,GPT,MS,ASO,CE,Combined TRACON& Tower with Radar,13,6,10,46,75,0,0,4,1,5,13,6,14,47,80,0,0,0,80
09/24/2020,GPT,MS,ASO,CE,Combined TRACON& Tower with Radar,20,9,14,99,142,0,1,7,5,13,20,10,21,104,155,2,30,32,187
09/25/2020,GPT,MS,ASO,CE,Combined TRACON& Tower with Radar,19,8,13,146,186,0,0,20,6,26,19,8,33,152,212,20,67,87,299
09/26/2020,GPT,MS,ASO,CE,Combined TRACON& Tower with Radar,19,6,11,21,57,0,0,20,7,27,19,6,31,28,84,28,12,40,124
09/27/2020,GPT,MS,ASO,CE,Combined TRACON& Tower with Radar,20,5,16,32,73,0,0,6,3,9,20,5,22,35,82,8,0,8,90
09/28/2020,GPT,MS,ASO,CE,Combined TRACON& Tower with Radar,22,6,6,57,91,0,1,9,1,11,22,7,15,58,102,10,2,12,114
09/29/2020,GPT,MS,ASO,CE,Combined TRACON& Tower with Radar,15,7,16,86,124,0,1,11,16,28,15,8,27,102,152,4,8,12,164
09/30/2020,GPT,MS,ASO,CE,Combined TRACON& Tower with Radar,16,4,16,77,113,0,1,20,15,36,16,5,36,92,149,18,34,52,201
10/01/2020,GPT,MS,ASO,CE,Combined TRACON& Tower with Radar,24,6,14,112,156,0,0,14,23,37,24,6,28,135,193,10,22,32,225
10/02/2020,GPT,MS,ASO,CE,Combined TRACON& Tower with Radar,21,8,12,61,102,0,0,20,5,25,21,8,32,66,127,0,0,0,127
10/03/2020,GPT,MS,ASO,CE,Combined TRACON& Tower with Radar,18,6,10,46,80,0,2,21,8,31,18,8,31,54,111,6,0,6,117
10/04/2020,GPT,MS,ASO,CE,Combined TRACON& Tower with Radar,20,8,11,21,60,0,0,20,2,22,20,8,31,23,82,26,0,26,108
10/05/2020,GPT,MS,ASO,CE,Combined TRACON& Tower with Radar,22,5,11,74,112,0,0,15,7,22,22,5,26,81,134,0,44,44,178
10/06/2020,GPT,MS,ASO,CE,Combined TRACON& Tower with Radar,14,8,13,32,67,0,0,11,6,17,14,8,24,38,84,10,8,18,102
10/07/2020,GPT,MS,ASO,CE,Combined TRACON& Tower with Radar,11,7,8,26,52,0,1,21,11,33,11,8,29,37,85,4,32,36,121
10/08/2020,GPT,MS,ASO,CE,Combined TRACON& Tower with Radar,26,14,11,7,58,0,1,3,10,14,26,15,14,17,72,0,0,0,72
10/09/2020,GPT,MS,ASO,CE,Combined TRACON& Tower with Radar,20,6,2,3,31,0,1,0,0,1,20,7,2,3,32,0,0,0,32
10/10/2020,GPT,MS,ASO,CE,Combined TRACON& Tower with Radar,18,14,1,0,33,0,3,14,0,17,18,17,15,0,50,16,0,16,66
10/11/2020,GPT,MS,ASO,CE,Combined TRACON& Tower with Radar,20,7,14,0,41,0,4,19,0,23,20,11,33,0,64,42,0,42,106
10/12/2020,GPT,MS,ASO,CE,Combined TRACON& Tower with Radar,21,5,24,2,52,0,3,17,0,20,21,8,41,2,72,8,0,8,80
10/13/2020,GPT,MS,ASO,CE,Combined TRACON& Tower with Radar,16,6,14,61,97,0,1,27,17,45,16,7,41,78,142,30,0,30,172
10/14/2020,GPT,MS,ASO,CE,Combined TRACON& Tower with Radar,12,6,11,112,141,0,0,24,16,40,12,6,35,128,181,32,28,60,241
10/15/2020,GPT,MS,ASO,CE,Combined TRACON& Tower with Radar,24,11,15,108,158,0,5,21,13,39,24,16,36,121,197,20,16,36,233
10/16/2020,GPT,MS,ASO,CE,Combined TRACON& Tower with Radar,22,7,15,70,114,0,3,12,15,30,22,10,27,85,144,18,0,18,162
10/17/2020,GPT,MS,ASO,CE,Combined TRACON& Tower with Radar,22,7,9,13,51,0,1,8,15,24,22,8,17,28,75,18,10,28,103
10/18/2020,GPT,MS,ASO,CE,Combined TRACON& Tower with Radar,20,4,14,14,52,0,3,16,8,27,20,7,30,22,79,28,2,30,109
10/19/2020,GPT,MS,ASO,CE,Combined TRACON& Tower with Radar,20,7,10,60,97,0,0,14,9,23,20,7,24,69,120,2,24,26,146
10/20/2020,GPT,MS,ASO,CE,Combined TRACON& Tower with Radar,14,6,19,119,158,0,1,17,6,24,14,7,36,125,182,8,6,14,196
10/21/2020,GPT,MS,ASO,CE,Combined TRACON& Tower with Radar,21,6,13,81,121,0,1,8,3,12,21,7,21,84,133,0,0,0,133
10/22/2020,GPT,MS,ASO,CE,Combined TRACON& Tower with Radar,21,6,20,65,112,0,1,20,5,26,21,7,40,70,138,42,16,58,196
10/23/2020,GPT,MS,ASO,CE,Combined TRACON& Tower with Radar,23,8,18,64,113,0,0,6,8,14,23,8,24,72,127,0,14,14,141
10/24/2020,GPT,MS,ASO,CE,Combined TRACON& Tower with Radar,20,7,15,9,51,0,0,7,0,7,20,7,22,9,58,14,0,14,72
10/25/2020,GPT,MS,ASO,CE,Combined TRACON& Tower with Radar,19,4,22,0,45,0,0,7,0,7,19,4,29,0,52,14,0,14,66
10/26/2020,GPT,MS,ASO,CE,Combined TRACON& Tower with Radar,22,7,9,52,90,0,0,25,15,40,22,7,34,67,130,18,8,26,156
10/27/2020,GPT,MS,ASO,CE,Combined TRACON& Tower with Radar,14,7,19,2,42,0,0,4,0,4,14,7,23,2,46,15,0,15,61
10/28/2020,GPT,MS,ASO,CE,Combined TRACON& Tower with Radar,8,2,2,2,14,0,0,0,0,0,8,2,2,2,14,0,0,0,14
10/29/2020,GPT,MS,ASO,CE,Combined TRACON& Tower with Radar,17,6,5,2,30,0,0,1,0,1,17,6,6,2,31,0,0,0,31
10/30/2020,GPT,MS,ASO,CE,Combined TRACON& Tower with Radar,20,6,17,8,51,0,0,16,1,17,20,6,33,9,68,20,2,22,90
10/31/2020,GPT,MS,ASO,CE,Combined TRACON& Tower with Radar,12,5,6,2,25,0,0,18,0,18,12,5,24,2,43,54,0,54,97
11/01/2020,GPT,MS,ASO,CE,Combined TRACON& Tower with Radar,14,5,5,0,24,0,0,5,0,5,14,5,10,0,29,0,0,0,29
11/02/2020,GPT,MS,ASO,CE,Combined TRACON& Tower with Radar,15,5,17,33,70,0,2,22,6,30,15,7,39,39,100,6,4,10,110
11/03/2020,GPT,MS,ASO,CE,Combined TRACON& Tower with Radar,11,6,10,63,90,0,1,12,5,18,11,7,22,68,108,20,8,28,136
11/04/2020,GPT,MS,ASO,CE,Combined TRACON& Tower with Radar,14,7,2,56,79,0,1,16,14,31,14,8,18,70,110,14,8,22,132
11/05/2020,GPT,MS,ASO,CE,Combined TRACON& Tower with Radar,19,6,10,65,100,0,2,17,2,21,19,8,27,67,121,62,6,68,189
11/06/2020,GPT,MS,ASO,CE,Combined TRACON& Tower with Radar,25,7,12,51,95,0,0,13,17,30,25,7,25,68,125,6,0,6,131
11/07/2020,GPT,MS,ASO,CE,Combined TRACON& Tower with Radar,21,4,12,2,39,0,0,9,0,9,21,4,21,2,48,0,0,0,48
11/08/2020,GPT,MS,ASO,CE,Combined TRACON& Tower with Radar,24,4,11,6,45,0,1,11,7,19,24,5,22,13,64,12,0,12,76
11/09/2020,GPT,MS,ASO,CE,Combined TRACON& Tower with Radar,24,5,13,89,131,0,0,10,3,13,24,5,23,92,144,20,0,20,164
11/10/2020,GPT,MS,ASO,CE,Combined TRACON& Tower with Radar,18,6,10,85,119,0,0,6,0,6,18,6,16,85,125,8,0,8,133
11/11/2020,GPT,MS,ASO,CE,Combined TRACON& Tower with Radar,21,8,14,12,55,0,0,5,0,5,21,8,19,12,60,0,0,0,60
11/12/2020,GPT,MS,ASO,CE,Combined TRACON& Tower with Radar,23,9,21,61,114,0,5,18,18,41,23,14,39,79,155,20,26,46,201
11/13/2020,GPT,MS,ASO,CE,Combined TRACON& Tower with Radar,29,6,17,38,90,0,2,23,11,36,29,8,40,49,126,10,18,28,154
11/14/2020,GPT,MS,ASO,CE,Combined TRACON& Tower with Radar,22,5,18,21,66,0,2,22,9,33,22,7,40,30,99,12,18,30,129
11/15/2020,GPT,MS,ASO,CE,Combined TRACON& Tower with Radar,20,7,11,4,42,0,3,13,3,19,20,10,24,7,61,4,8,12,73
11/16/2020,GPT,MS,ASO,CE,Combined TRACON& Tower with Radar,26,7,12,51,96,0,2,15,15,32,26,9,27,66,128,14,16,30,158
11/17/2020,GPT,MS,ASO,CE,Combined TRACON& Tower with Radar,18,6,13,42,79,0,1,20,7,28,18,7,33,49,107,14,0,14,121
11/18/2020,GPT,MS,ASO,CE,Combined TRACON& Tower with Radar,18,8,12,30,68,0,0,20,5,25,18,8,32,35,93,16,2,18,111
11/19/2020,GPT,MS,ASO,CE,Combined TRACON& Tower with Radar,26,6,2,104,138,0,1,17,18,36,26,7,19,122,174,32,23,55,229
11/20/2020,GPT,MS,ASO,CE,Combined TRACON& Tower with Radar,24,6,13,56,99,0,2,20,6,28,24,8,33,62,127,36,0,36,163
11/21/2020,GPT,MS,ASO,CE,Combined TRACON& Tower with Radar,23,3,6,21,53,0,0,13,1,14,23,3,19,22,67,38,0,38,105
11/22/2020,GPT,MS,ASO,CE,Combined TRACON& Tower with Radar,27,6,5,7,45,0,0,29,3,32,27,6,34,10,77,31,0,31,108
11/23/2020,GPT,MS,ASO,CE,Combined TRACON& Tower with Radar,20,8,3,67,98,0,0,11,8,19,20,8,14,75,117,0,28,28,145
11/24/2020,GPT,MS,ASO,CE,Combined TRACON& Tower with Radar,21,7,5,54,87,0,1,6,8,15,21,8,11,62,102,45,14,59,161
11/25/2020,GPT,MS,ASO,CE,Combined TRACON& Tower with Radar,22,7,6,17,52,0,0,7,3,10,22,7,13,20,62,8,0,8,70
11/26/2020,GPT,MS,ASO,CE,Combined TRACON& Tower with Radar,13,4,0,0,17,0,0,2,0,2,13,4,2,0,19,0,0,0,19
11/27/2020,GPT,MS,ASO,CE,Combined TRACON& Tower with Radar,24,8,7,3,42,0,0,0,0,0,24,8,7,3,42,0,0,0,42
11/28/2020,GPT,MS,ASO,CE,Combined TRACON& Tower with Radar,25,5,4,0,34,0,0,3,0,3,25,5,7,0,37,0,0,0,37
11/29/2020,GPT,MS,ASO,CE,Combined TRACON& Tower with Radar,25,4,6,0,35,0,0,0,0,0,25,4,6,0,35,0,0,0,35
11/30/2020,GPT,MS,ASO,CE,Combined TRACON& Tower with Radar,25,11,9,81,126,0,0,6,6,12,25,11,15,87,138,20,26,46,184
12/01/2020,GPT,MS,ASO,CE,Combined TRACON& Tower with Radar,23,9,9,109,150,0,2,26,16,44,23,11,35,125,194,30,0,30,224
12/02/2020,GPT,MS,ASO,CE,Combined TRACON& Tower with Radar,14,12,15,111,152,0,0,7,23,30,14,12,22,134,182,10,65,75,257
12/03/2020,GPT,MS,ASO,CE,Combined TRACON& Tower with Radar,20,12,8,83,123,0,0,3,10,13,20,12,11,93,136,12,8,20,156
12/04/2020,GPT,MS,ASO,CE,Combined TRACON& Tower with Radar,24,15,13,81,133,0,0,6,8,14,24,15,19,89,147,22,16,38,185
12/05/2020,GPT,MS,ASO,CE,Combined TRACON& Tower with Radar,16,12,4,17,49,0,1,34,9,44,16,13,38,26,93,28,0,28,121
12/06/2020,GPT,MS,ASO,CE,Combined TRACON& Tower with Radar,22,10,14,4,50,0,0,20,2,22,22,10,34,6,72,20,13,33,105
12/07/2020,GPT,MS,ASO,CE,Combined TRACON& Tower with Radar,20,10,12,55,97,0,1,18,20,39,20,11,30,75,136,4,12,16,152
12/08/2020,GPT,MS,ASO,CE,Combined TRACON& Tower with Radar,17,12,5,75,109,0,0,14,35,49,17,12,19,110,158,29,23,52,210
12/09/2020,GPT,MS,ASO,CE,Combined TRACON& Tower with Radar,14,14,11,83,122,0,0,19,4,23,14,14,30,87,145,10,2,12,157
12/10/2020,GPT,MS,ASO,CE,Combined TRACON& Tower with Radar,18,12,7,67,104,0,0,7,23,30,18,12,14,90,134,12,4,16,150
12/11/2020,GPT,MS,ASO,CE,Combined TRACON& Tower with Radar,20,14,12,58,104,0,0,13,25,38,20,14,25,83,142,12,0,12,154
12/12/2020,GPT,MS,ASO,CE,Combined TRACON& Tower with Radar,18,7,10,14,49,0,0,4,0,4,18,7,14,14,53,0,0,0,53
12/13/2020,GPT,MS,ASO,CE,Combined TRACON& Tower with Radar,18,11,14,43,86,0,0,2,7,9,18,11,16,50,95,32,0,32,127
12/14/2020,GPT,MS,ASO,CE,Combined TRACON& Tower with Radar,19,10,17,138,184,0,0,6,4,10,19,10,23,142,194,0,12,12,206
12/15/2020,GPT,MS,ASO,CE,Combined TRACON& Tower with Radar,15,11,8,114,148,0,3,8,7,18,15,14,16,121,166,40,2,42,208
12/16/2020,GPT,MS,ASO,CE,Combined TRACON& Tower with Radar,14,12,6,86,118,0,0,4,6,10,14,12,10,92,128,0,72,72,200
12/17/2020,GPT,MS,ASO,CE,Combined TRACON& Tower with Radar,18,12,14,72,116,0,2,16,13,31,18,14,30,85,147,34,28,62,209
12/18/2020,GPT,MS,ASO,CE,Combined TRACON& Tower with Radar,18,11,14,62,105,0,1,19,16,36,18,12,33,78,141,32,0,32,173
12/19/2020,GPT,MS,ASO,CE,Combined TRACON& Tower with Radar,22,10,5,12,49,0,0,13,0,13,22,10,18,12,62,30,0,30,92
12/20/2020,GPT,MS,ASO,CE,Combined TRACON& Tower with Radar,20,14,0,20,54,0,1,1,0,2,20,15,1,20,56,12,0,12,68
12/21/2020,GPT,MS,ASO,CE,Combined TRACON& Tower with Radar,18,13,13,66,110,0,0,17,9,26,18,13,30,75,136,44,10,54,190
12/22/2020,GPT,MS,ASO,CE,Combined TRACON& Tower with Radar,16,12,9,38,75,0,3,36,8,47,16,15,45,46,122,67,27,94,216
12/23/2020,GPT,MS,ASO,CE,Combined TRACON& Tower with Radar,16,14,10,18,58,0,1,21,7,29,16,15,31,25,87,32,0,32,119
12/24/2020,GPT,MS,ASO,CE,Combined TRACON& Tower with Radar,14,8,0,0,22,0,2,2,0,4,14,10,2,0,26,0,0,0,26
12/25/2020,GPT,MS,ASO,CE,Combined TRACON& Tower with Radar,13,6,1,0,20,0,1,5,0,6,13,7,6,0,26,0,0,0,26
12/26/2020,GPT,MS,ASO,CE,Combined TRACON& Tower with Radar,20,13,7,0,40,0,0,19,0,19,20,13,26,0,59,10,0,10,69
12/27/2020,GPT,MS,ASO,CE,Combined TRACON& Tower with Radar,18,10,5,0,33,0,0,25,0,25,18,10,30,0,58,56,0,56,114
12/28/2020,GPT,MS,ASO,CE,Combined TRACON& Tower with Radar,14,14,6,15,49,0,0,7,2,9,14,14,13,17,58,30,0,30,88
12/29/2020,GPT,MS,ASO,CE,Combined TRACON& Tower with Radar,19,14,6,49,88,0,3,20,11,34,19,17,26,60,122,64,20,84,206
12/30/2020,GPT,MS,ASO,CE,Combined TRACON& Tower with Radar,20,13,17,44,94,0,1,3,22,26,20,14,20,66,120,16,20,36,156
12/31/2020,GPT,MS,ASO,CE,Combined TRACON& Tower with Radar,11,12,5,2,30,0,0,0,0,0,11,12,5,2,30,0,0,0,30
01/01/2021,GPT,MS,ASO,CE,Combined TRACON& Tower with Radar,11,7,3,0,21,0,0,12,0,12,11,7,15,0,33,0,0,0,33
01/02/2021,GPT,MS,ASO,CE,Combined TRACON& Tower with Radar,21,13,15,6,55,0,0,14,0,14,21,13,29,6,69,0,0,0,69
01/03/2021,GPT,MS,ASO,CE,Combined TRACON& Tower with Radar,18,10,8,0,36,0,0,22,0,22,18,10,30,0,58,54,0,54,112
01/04/2021,GPT,MS,ASO,CE,Combined TRACON& Tower with Radar,20,11,6,50,87,0,0,12,15,27,20,11,18,65,114,31,0,31,145
01/05/2021,GPT,MS,ASO,CE,Combined TRACON& Tower with Radar,10,16,5,45,76,0,1,17,12,30,10,17,22,57,106,22,6,28,134
01/06/2021,GPT,MS,ASO,CE,Combined TRACON& Tower with Radar,14,15,9,85,123,0,4,11,8,23,14,19,20,93,146,16,14,30,176
01/07/2021,GPT,MS,ASO,CE,Combined TRACON& Tower with Radar,16,12,3,123,154,0,1,0,8,9,16,13,3,131,163,0,0,0,163
01/08/2021,GPT,MS,ASO,CE,Combined TRACON& Tower with Radar,16,12,5,68,101,0,0,2,6,8,16,12,7,74,109,30,0,30,139
01/09/2021,GPT,MS,ASO,CE,Combined TRACON& Tower with Radar,13,14,3,22,52,0,1,10,17,28,13,15,13,39,80,28,4,32,112
01/10/2021,GPT,MS,ASO,CE,Combined TRACON& Tower with Radar,19,10,6,48,83,0,4,14,13,31,19,14,20,61,114,0,2,2,116
01/11/2021,GPT,MS,ASO,CE,Combined TRACON& Tower with Radar,17,10,5,8,40,0,0,0,0,0,17,10,5,8,40,0,0,0,40
01/12/2021,GPT,MS,ASO,CE,Combined TRACON& Tower with Radar,13,14,18,112,157,0,0,0,2,2,13,14,18,114,159,0,12,12,171
01/13/2021,GPT,MS,ASO,CE,Combined TRACON& Tower with Radar,9,12,9,88,118,0,1,19,19,39,9,13,28,107,157,32,33,65,222
01/14/2021,GPT,MS,ASO,CE,Combined TRACON& Tower with Radar,20,14,16,94,144,0,2,12,25,39,20,16,28,119,183,0,40,40,223
01/15/2021,GPT,MS,ASO,CE,Combined TRACON& Tower with Radar,18,13,15,46,92,0,0,4,5,9,18,13,19,51,101,2,12,14,115
01/16/2021,GPT,MS,ASO,CE,Combined TRACON& Tower with Radar,14,10,12,3,39,0,1,11,2,14,14,11,23,5,53,16,0,16,69
01/17/2021,GPT,MS,ASO,CE,Combined TRACON& Tower with Radar,16,10,9,10,45,0,1,18,0,19,16,11,27,10,64,24,0,24,88
01/18/2021,GPT,MS,ASO,CE,Combined TRACON& Tower with Radar,17,13,6,0,36,0,1,25,0,26,17,14,31,0,62,16,0,16,78
01/19/2021,GPT,MS,ASO,CE,Combined TRACON& Tower with Radar,16,11,10,98,135,0,1,19,19,39,16,12,29,117,174,46,46,92,266
01/20/2021,GPT,MS,ASO,CE,Combined TRACON& Tower with Radar,10,14,17,79,120,0,3,16,29,48,10,17,33,108,168,10,28,38,206
01/21/2021,GPT,MS,ASO,CE,Combined TRACON& Tower with Radar,18,16,11,101,146,0,0,4,10,14,18,16,15,111,160,0,36,36,196
01/22/2021,GPT,MS,ASO,CE,Combined TRACON& Tower with Radar,22,14,5,51,92,0,0,0,1,1,22,14,5,52,93,0,0,0,93
01/23/2021,GPT,MS,ASO,CE,Combined TRACON& Tower with Radar,16,9,4,23,52,0,0,4,9,13,16,9,8,32,65,0,0,0,65
01/24/2021,GPT,MS,ASO,CE,Combined TRACON& Tower with Radar,16,9,7,17,49,0,0,0,0,0,16,9,7,17,49,0,0,0,49
01/25/2021,GPT,MS,ASO,CE,Combined TRACON& Tower with Radar,18,34,4,64,120,0,0,0,0,0,18,34,4,64,120,0,0,0,120
01/26/2021,GPT,MS,ASO,CE,Combined TRACON& Tower with Radar,13,12,6,59,90,0,0,8,4,12,13,12,14,63,102,12,16,28,130
01/27/2021,GPT,MS,ASO,CE,Combined TRACON& Tower with Radar,10,17,8,121,156,0,1,11,14,26,10,18,19,135,182,4,0,4,186
01/28/2021,GPT,MS,ASO,CE,Combined TRACON& Tower with Radar,19,14,11,96,140,0,3,11,17,31,19,17,22,113,171,26,28,54,225
01/29/2021,GPT,MS,ASO,CE,Combined TRACON& Tower with Radar,27,14,12,95,148,0,2,26,33,61,27,16,38,128,209,4,4,8,217
01/30/2021,GPT,MS,ASO,CE,Combined TRACON& Tower with Radar,15,11,7,28,61,0,1,33,0,34,15,12,40,28,95,16,0,16,111
01/31/2021,GPT,MS,ASO,CE,Combined TRACON& Tower with Radar,19,10,11,37,77,0,2,1,8,11,19,12,12,45,88,19,0,19,107
02/01/2021,GPT,MS,ASO,CE,Combined TRACON& Tower with Radar,20,13,7,98,138,0,0,10,13,23,20,13,17,111,161,0,0,0,161
02/02/2021,GPT,MS,ASO,CE,Combined TRACON& Tower with Radar,14,15,5,138,172,0,0,18,17,35,14,15,23,155,207,33,71,104,311
02/03/2021,GPT,MS,ASO,CE,Combined TRACON& Tower with Radar,12,11,13,77,113,0,2,22,14,38,12,13,35,91,151,0,24,24,175
02/04/2021,GPT,MS,ASO,CE,Combined TRACON& Tower with Radar,17,11,5,72,105,0,2,9,6,17,17,13,14,78,122,22,36,58,180
02/05/2021,GPT,MS,ASO,CE,Combined TRACON& Tower with Radar,23,17,4,70,114,0,0,12,1,13,23,17,16,71,127,40,2,42,169
02/06/2021,GPT,MS,ASO,CE,Combined TRACON& Tower with Radar,15,8,4,0,27,0,0,0,0,0,15,8,4,0,27,0,0,0,27
02/07/2021,GPT,MS,ASO,CE,Combined TRACON& Tower with Radar,15,12,14,18,59,0,0,12,7,19,15,12,26,25,78,14,0,14,92
02/08/2021,GPT,MS,ASO,CE,Combined TRACON& Tower with Radar,18,13,16,63,110,0,0,12,9,21,18,13,28,72,131,8,0,8,139
02/09/2021,GPT,MS,ASO,CE,Combined TRACON& Tower with Radar,14,14,18,103,149,0,0,12,2,14,14,14,30,105,163,10,6,16,179
02/10/2021,GPT,MS,ASO,CE,Combined TRACON& Tower with Radar,13,13,6,2,34,0,0,0,0,0,13,13,6,2,34,0,0,0,34
02/11/2021,GPT,MS,ASO,CE,Combined TRACON& Tower with Radar,17,10,7,0,34,0,0,0,0,0,17,10,7,0,34,0,0,0,34
02/12/2021,GPT,MS,ASO,CE,Combined TRACON& Tower with Radar,17,14,7,6,44,0,0,0,0,0,17,14,7,6,44,0,0,0,44
02/13/2021,GPT,MS,ASO,CE,Combined TRACON& Tower with Radar,15,11,4,10,40,0,0,1,0,1,15,11,5,10,41,0,0,0,41
02/14/2021,GPT,MS,ASO,CE,Combined TRACON& Tower with Radar,17,5,10,10,42,0,0,3,0,3,17,5,13,10,45,14,0,14,59
02/15/2021,GPT,MS,ASO,CE,Combined TRACON& Tower with Radar,16,1,0,0,17,0,0,0,0,0,16,1,0,0,17,0,0,0,17
02/16/2021,GPT,MS,ASO,CE,Combined TRACON& Tower with Radar,13,1,10,109,133,0,1,7,20,28,13,2,17,129,161,0,56,56,217
02/17/2021,GPT,MS,ASO,CE,Combined TRACON& Tower with Radar,13,3,9,15,40,0,0,2,2,4,13,3,11,17,44,0,2,2,46
02/18/2021,GPT,MS,ASO,CE,Combined TRACON& Tower with Radar,17,9,5,59,90,0,0,2,0,2,17,9,7,59,92,0,0,0,92
02/19/2021,GPT,MS,ASO,CE,Combined TRACON& Tower with Radar,17,8,16,97,138,0,1,18,7,26,17,9,34,104,164,0,0,0,164
02/20/2021,GPT,MS,ASO,CE,Combined TRACON& Tower with Radar,18,13,11,14,56,0,4,38,2,44,18,17,49,16,100,34,0,34,134
02/21/2021,GPT,MS,ASO,CE,Combined TRACON& Tower with Radar,20,12,8,33,73,0,8,26,8,42,20,20,34,41,115,26,0,26,141
02/22/2021,GPT,MS,ASO,CE,Combined TRACON& Tower with Radar,18,15,13,94,140,0,3,20,6,29,18,18,33,100,169,36,0,36,205
02/23/2021,GPT,MS,ASO,CE,Combined TRACON& Tower with Radar,17,15,13,76,121,0,0,27,8,35,17,15,40,84,156,32,30,62,218
02/24/2021,GPT,MS,ASO,CE,Combined TRACON& Tower with Radar,18,12,21,77,128,0,1,33,16,50,18,13,54,93,178,42,18,60,238
02/25/2021,GPT,MS,ASO,CE,Combined TRACON& Tower with Radar,22,12,15,66,115,0,1,12,13,26,22,13,27,79,141,33,0,33,174
02/26/2021,GPT,MS,ASO,CE,Combined TRACON& Tower with Radar,16,17,7,77,117,0,1,4,3,8,16,18,11,80,125,0,0,0,125
02/27/2021,GPT,MS,ASO,CE,Combined TRACON& Tower with Radar,18,10,1,16,45,0,0,3,1,4,18,10,4,17,49,0,0,0,49
02/28/2021,GPT,MS,ASO,CE,Combined TRACON& Tower with Radar,17,11,15,16,59,0,0,11,7,18,17,11,26,23,77,24,0,24,101
03/01/2021,GPT,MS,ASO,CE,Combined TRACON& Tower with Radar,16,12,11,34,73,0,0,1,0,1,16,12,12,34,74,4,2,6,80
03/02/2021,GPT,MS,ASO,CE,Combined TRACON& Tower with Radar,14,10,3,27,54,0,0,0,1,1,14,10,3,28,55,0,0,0,55
03/03/2021,GPT,MS,ASO,CE,Combined TRACON& Tower with Radar,15,12,9,158,194,0,2,22,40,64,15,14,31,198,258,0,0,0,258
03/04/2021,GPT,MS,ASO,CE,Combined TRACON& Tower with Radar,19,15,33,79,146,0,5,28,24,57,19,20,61,103,203,16,24,40,243
03/05/2021,GPT,MS,ASO,CE,Combined TRACON& Tower with Radar,24,14,16,85,139,0,2,23,11,36,24,16,39,96,175,12,2,14,189
03/06/2021,GPT,MS,ASO,CE,Combined TRACON& Tower with Radar,17,13,4,39,73,0,1,13,12,26,17,14,17,51,99,32,0,32,131
03/07/2021,GPT,MS,ASO,CE,Combined TRACON& Tower with Radar,18,12,23,21,74,0,1,25,9,35,18,13,48,30,109,32,13,45,154
03/08/2021,GPT,MS,ASO,CE,Combined TRACON& Tower with Radar,18,11,8,73,110,0,0,24,8,32,18,11,32,81,142,58,7,65,207
03/09/2021,GPT,MS,ASO,CE,Combined TRACON& Tower with Radar,14,12,18,73,117,0,1,17,6,24,14,13,35,79,141,18,0,18,159
03/10/2021,GPT,MS,ASO,CE,Combined TRACON& Tower with Radar,14,13,14,80,121,0,1,15,15,31,14,14,29,95,152,2,28,30,182
03/11/2021,GPT,MS,ASO,CE,Combined TRACON& Tower with Radar,22,16,27,95,160,0,0,23,8,31,22,16,50,103,191,66,6,72,263
03/12/2021,GPT,MS,ASO,CE,Combined TRACON& Tower with Radar,18,15,13,85,131,0,2,23,17,42,18,17,36,102,173,32,4,36,209
03/13/2021,GPT,MS,ASO,CE,Combined TRACON& Tower with Radar,17,11,16,5,49,0,1,14,4,19,17,12,30,9,68,56,0,56,124
03/14/2021,GPT,MS,ASO,CE,Combined TRACON& Tower with Radar,18,15,18,28,79,0,0,17,0,17,18,15,35,28,96,42,8,50,146
03/15/2021,GPT,MS,ASO,CE,Combined TRACON& Tower with Radar,20,13,13,35,81,0,1,3,1,5,20,14,16,36,86,0,0,0,86
03/16/2021,GPT,MS,ASO,CE,Combined TRACON& Tower with Radar,15,14,9,82,120,0,0,4,3,7,15,14,13,85,127,0,0,0,127
03/17/2021,GPT,MS,ASO,CE,Combined TRACON& Tower with Radar,14,9,10,0,33,0,0,1,1,2,14,9,11,1,35,0,0,0,35
03/18/2021,GPT,MS,ASO,CE,Combined TRACON& Tower with Radar,16,17,33,93,159,0,3,3,3,9,16,20,36,96,168,4,80,84,252
03/19/2021,GPT,MS,ASO,CE,Combined TRACON& Tower with Radar,18,16,38,134,206,0,2,11,5,18,18,18,49,139,224,10,6,16,240
03/20/2021,GPT,MS,ASO,CE,Combined TRACON& Tower with Radar,18,11,8,15,52,0,2,14,5,21,18,13,22,20,73,0,0,0,73
03/21/2021,GPT,MS,ASO,CE,Combined TRACON& Tower with Radar,16,14,28,9,67,0,0,25,5,30,16,14,53,14,97,0,0,0,97
03/22/2021,GPT,MS,ASO,CE,Combined TRACON& Tower with Radar,18,10,18,99,145,0,0,22,3,25,18,10,40,102,170,26,49,75,245
03/23/2021,GPT,MS,ASO,CE,Combined TRACON& Tower with Radar,18,13,3,0,34,0,0,2,0,2,18,13,5,0,36,0,0,0,36
03/24/2021,GPT,MS,ASO,CE,Combined TRACON& Tower with Radar,14,15,8,29,66,0,0,1,1,2,14,15,9,30,68,0,0,0,68
03/25/2021,GPT,MS,ASO,CE,Combined TRACON& Tower with Radar,17,16,2,15,50,0,0,0,1,1,17,16,2,16,51,0,0,0,51
03/26/2021,GPT,MS,ASO,CE,Combined TRACON& Tower with Radar,22,16,12,71,121,0,0,0,2,2,22,16,12,73,123,0,0,0,123
03/27/2021,GPT,MS,ASO,CE,Combined TRACON& Tower with Radar,16,12,7,10,45,0,0,0,0,0,16,12,7,10,45,0,0,0,45
03/28/2021,GPT,MS,ASO,CE,Combined TRACON& Tower with Radar,17,13,19,7,56,0,0,3,8,11,17,13,22,15,67,33,0,33,100
03/29/2021,GPT,MS,ASO,CE,Combined TRACON& Tower with Radar,18,14,12,45,89,0,3,24,8,35,18,17,36,53,124,40,2,42,166
03/30/2021,GPT,MS,ASO,CE,Combined TRACON& Tower with Radar,14,13,13,34,74,0,1,1,1,3,14,14,14,35,77,0,0,0,77
03/31/2021,GPT,MS,ASO,CE,Combined TRACON& Tower with Radar,21,12,8,6,47,0,0,0,0,0,21,12,8,6,47,0,8,8,55
04/01/2021,GPT,MS,ASO,CE,Combined TRACON& Tower with Radar,21,11,10,67,109,0,2,13,9,24,21,13,23,76,133,8,0,8,141
04/02/2021,GPT,MS,ASO,CE,Combined TRACON& Tower with Radar,19,16,7,18,60,0,0,27,4,31,19,16,34,22,91,0,36,36,127
04/03/2021,GPT,MS,ASO,CE,Combined TRACON& Tower with Radar,18,8,12,5,43,0,3,15,1,19,18,11,27,6,62,56,8,64,126
04/04/2021,GPT,MS,ASO,CE,Combined TRACON& Tower with Radar,18,11,11,12,52,0,0,8,0,8,18,11,19,12,60,0,0,0,60
04/05/2021,GPT,MS,ASO,CE,Combined TRACON& Tower with Radar,23,13,12,113,161,0,0,17,11,28,23,13,29,124,189,22,14,36,225
04/06/2021,GPT,MS,ASO,CE,Combined TRACON& Tower with Radar,17,13,15,102,147,0,1,14,8,23,17,14,29,110,170,16,32,48,218
04/07/2021,GPT,MS,ASO,CE,Combined TRACON& Tower with Radar,21,14,13,123,171,0,2,13,4,19,21,16,26,127,190,36,48,84,274
04/08/2021,GPT,MS,ASO,CE,Combined TRACON& Tower with Radar,21,14,7,78,120,0,2,8,12,22,21,16,15,90,142,8,12,20,162
04/09/2021,GPT,MS,ASO,CE,Combined TRACON& Tower with Radar,21,12,9,16,58,0,2,0,3,5,21,14,9,19,63,0,0,0,63
04/10/2021,GPT,MS,ASO,CE,Combined TRACON& Tower with Radar,20,10,7,3,40,0,6,5,3,14,20,16,12,6,54,0,0,0,54
04/11/2021,GPT,MS,ASO,CE,Combined TRACON& Tower with Radar,17,13,18,6,54,0,3,35,15,53,17,16,53,21,107,46,20,66,173
04/12/2021,GPT,MS,ASO,CE,Combined TRACON& Tower with Radar,19,12,8,110,149,0,3,19,21,43,19,15,27,131,192,58,64,122,314
04/13/2021,GPT,MS,ASO,CE,Combined TRACON& Tower with Radar,19,11,25,25,80,0,0,9,3,12,19,11,34,28,92,2,2,4,96
04/14/2021,GPT,MS,ASO,CE,Combined TRACON& Tower with Radar,19,8,6,7,40,0,0,0,2,2,19,8,6,9,42,0,0,0,42
04/15/2021,GPT,MS,ASO,CE,Combined TRACON& Tower with Radar,21,11,15,20,67,0,2,3,2,7,21,13,18,22,74,0,0,0,74
04/16/2021,GPT,MS,ASO,CE,Combined TRACON& Tower with Radar,21,12,16,31,80,0,0,2,9,11,21,12,18,40,91,20,4,24,115
04/17/2021,GPT,MS,ASO,CE,Combined TRACON& Tower with Radar,17,13,7,8,45,0,1,1,2,4,17,14,8,10,49,0,0,0,49
04/18/2021,GPT,MS,ASO,CE,Combined TRACON& Tower with Radar,21,11,28,19,79,0,6,24,18,48,21,17,52,37,127,0,0,0,127
04/19/2021,GPT,MS,ASO,CE,Combined TRACON& Tower with Radar,19,12,21,79,131,0,2,16,12,30,19,14,37,91,161,12,1,13,174
04/20/2021,GPT,MS,ASO,CE,Combined TRACON& Tower with Radar,21,12,14,136,183,0,1,14,28,43,21,13,28,164,226,0,34,34,260
04/21/2021,GPT,MS,ASO,CE,Combined TRACON& Tower with Radar,20,9,15,67,111,0,2,23,21,46,20,11,38,88,157,6,40,46,203
04/22/2021,GPT,MS,ASO,CE,Combined TRACON& Tower with Radar,21,14,33,70,138,0,5,15,39,59,21,19,48,109,197,26,18,44,241
04/23/2021,GPT,MS,ASO,CE,Combined TRACON& Tower with Radar,21,13,11,63,108,0,0,12,6,18,21,13,23,69,126,12,0,12,138
04/24/2021,GPT,MS,ASO,CE,Combined TRACON& Tower with Radar,21,9,9,4,43,0,1,2,5,8,21,10,11,9,51,0,8,8,59
04/25/2021,GPT,MS,ASO,CE,Combined TRACON& Tower with Radar,17,15,21,20,73,0,4,30,10,44,17,19,51,30,117,26,5,31,148
04/26/2021,GPT,MS,ASO,CE,Combined TRACON& Tower with Radar,17,18,13,86,134,0,4,17,13,34,17,22,30,99,168,34,16,50,218
04/27/2021,GPT,MS,ASO,CE,Combined TRACON& Tower with Radar,17,14,16,124,171,0,4,7,19,30,17,18,23,143,201,56,24,80,281
04/28/2021,GPT,MS,ASO,CE,Combined TRACON& Tower with Radar,19,12,16,72,119,0,1,8,19,28,19,13,24,91,147,4,6,10,157
04/29/2021,GPT,MS,ASO,CE,Combined TRACON& Tower with Radar,17,13,18,126,174,0,2,7,10,19,17,15,25,136,193,0,6,6,199
04/30/2021,GPT,MS,ASO,CE,Combined TRACON& Tower with Radar,21,17,20,39,97,0,0,10,0,10,21,17,30,39,107,0,0,0,107
05/01/2021,GPT,MS,ASO,CE,Combined TRACON& Tower with Radar,19,16,5,14,54,0,3,18,0,21,19,19,23,14,75,2,0,2,77
05/02/2021,GPT,MS,ASO,CE,Combined TRACON& Tower with Radar,19,12,19,2,52,0,0,0,2,2,19,12,19,4,54,0,0,0,54
05/03/2021,GPT,MS,ASO,CE,Combined TRACON& Tower with Radar,23,19,14,56,112,0,2,0,2,4,23,21,14,58,116,0,0,0,116
05/04/2021,GPT,MS,ASO,CE,Combined TRACON& Tower with Radar,17,11,8,46,82,0,0,0,4,4,17,11,8,50,86,0,12,12,98
05/05/2021,GPT,MS,ASO,CE,Combined TRACON& Tower with Radar,23,13,11,44,91,0,0,0,18,18,23,13,11,62,109,0,18,18,127
05/06/2021,GPT,MS,ASO,CE,Combined TRACON& Tower with Radar,19,16,20,118,173,0,3,23,19,45,19,19,43,137,218,50,0,50,268
05/07/2021,GPT,MS,ASO,CE,Combined TRACON& Tower with Radar,21,11,12,72,116,0,0,36,10,46,21,11,48,82,162,62,15,77,239
05/08/2021,GPT,MS,ASO,CE,Combined TRACON& Tower with Radar,17,11,13,8,49,0,0,32,7,39,17,11,45,15,88,22,0,22,110
05/09/2021,GPT,MS,ASO,CE,Combined TRACON& Tower with Radar,19,12,16,7,54,0,0,6,1,7,19,12,22,8,61,0,0,0,61
05/10/2021,GPT,MS,ASO,CE,Combined TRACON& Tower with Radar,23,9,10,21,63,0,0,6,0,6,23,9,16,21,69,10,0,10,79
05/11/2021,GPT,MS,ASO,CE,Combined TRACON& Tower with Radar,17,7,3,16,43,0,0,5,5,10,17,7,8,21,53,0,0,0,53
05/12/2021,GPT,MS,ASO,CE,Combined TRACON& Tower with Radar,26,15,10,72,123,0,0,5,16,21,26,15,15,88,144,0,56,56,200
05/13/2021,GPT,MS,ASO,CE,Combined TRACON& Tower with Radar,21,14,16,111,162,0,1,26,16,43,21,15,42,127,205,40,24,64,269
05/14/2021,GPT,MS,ASO,CE,Combined TRACON& Tower with Radar,20,12,15,53,100,0,6,18,27,51,20,18,33,80,151,40,61,101,252
05/15/2021,GPT,MS,ASO,CE,Combined TRACON& Tower with Radar,18,13,19,13,63,0,0,24,6,30,18,13,43,19,93,12,12,24,117
05/16/2021,GPT,MS,ASO,CE,Combined TRACON& Tower with Radar,19,19,11,15,64,0,0,21,22,43,19,19,32,37,107,15,0,15,122
05/17/2021,GPT,MS,ASO,CE,Combined TRACON& Tower with Radar,19,11,7,31,68,0,1,6,0,7,19,12,13,31,75,6,0,6,81
05/18/2021,GPT,MS,ASO,CE,Combined TRACON& Tower with Radar,17,13,13,7,50,0,1,0,1,2,17,14,13,8,52,0,0,0,52
05/19/2021,GPT,MS,ASO,CE,Combined TRACON& Tower with Radar,21,13,13,13,60,0,0,3,3,6,21,13,16,16,66,0,0,0,66
05/20/2021,GPT,MS,ASO,CE,Combined TRACON& Tower with Radar,19,17,17,30,83,0,2,0,2,4,19,19,17,32,87,0,10,10,97
05/21/2021,GPT,MS,ASO,CE,Combined TRACON& Tower with Radar,17,14,8,86,125,0,1,1,21,23,17,15,9,107,148,2,10,12,160
05/22/2021,GPT,MS,ASO,CE,Combined TRACON& Tower with Radar,19,12,14,13,58,0,0,9,7,16,19,12,23,20,74,12,18,30,104
05/23/2021,GPT,MS,ASO,CE,Combined TRACON& Tower with Radar,19,12,25,38,94,0,2,30,12,44,19,14,55,50,138,33,4,37,175
05/24/2021,GPT,MS,ASO,CE,Combined TRACON& Tower with Radar,21,11,11,83,126,0,0,15,14,29,21,11,26,97,155,30,0,30,185
05/25/2021,GPT,MS,ASO,CE,Combined TRACON& Tower with Radar,20,14,23,157,214,0,3,15,17,35,20,17,38,174,249,10,16,26,275
05/26/2021,GPT,MS,ASO,CE,Combined TRACON& Tower with Radar,20,13,19,94,146,0,5,20,18,43,20,18,39,112,189,28,18,46,235
05/27/2021,GPT,MS,ASO,CE,Combined TRACON& Tower with Radar,17,14,30,116,177,0,6,20,13,39,17,20,50,129,216,12,55,67,283
05/28/2021,GPT,MS,ASO,CE,Combined TRACON& Tower with Radar,18,14,17,8,57,0,0,17,1,18,18,14,34,9,75,0,0,0,75
05/29/2021,GPT,MS,ASO,CE,Combined TRACON& Tower with Radar,17,20,10,0,47,0,1,22,1,24,17,21,32,1,71,2,0,2,73
05/30/2021,GPT,MS,ASO,CE,Combined TRACON& Tower with Radar,15,18,15,8,56,0,0,25,0,25,15,18,40,8,81,0,0,0,81
05/31/2021,GPT,MS,ASO,CE,Combined TRACON& Tower with Radar,18,10,7,0,35,0,0,7,0,7,18,10,14,0,42,6,0,6,48
06/01/2021,GPT,MS,ASO,CE,Combined TRACON& Tower with Radar,21,14,11,49,95,0,0,10,2,12,21,14,21,51,107,62,4,66,173
06/02/2021,GPT,MS,ASO,CE,Combined TRACON& Tower with Radar,21,12,16,34,83,0,0,4,0,4,21,12,20,34,87,0,4,4,91
06/03/2021,GPT,MS,ASO,CE,Combined TRACON& Tower with Radar,18,11,29,30,88,0,0,10,7,17,18,11,39,37,105,14,6,20,125
06/04/2021,GPT,MS,ASO,CE,Combined TRACON& Tower with Radar,19,14,11,24,68,0,0,7,6,13,19,14,18,30,81,0,6,6,87
06/05/2021,GPT,MS,ASO,CE,Combined TRACON& Tower with Radar,16,12,11,0,39,0,0,3,0,3,16,12,14,0,42,0,0,0,42
06/06/2021,GPT,MS,ASO,CE,Combined TRACON& Tower with Radar,15,16,10,5,46,0,0,0,0,0,15,16,10,5,46,0,0,0,46
06/07/2021,GPT,MS,ASO,CE,Combined TRACON& Tower with Radar,16,11,18,99,144,0,0,7,8,15,16,11,25,107,159,6,4,10,169
06/08/2021,GPT,MS,ASO,CE,Combined TRACON& Tower with Radar,17,18,21,50,106,0,1,3,3,7,17,19,24,53,113,18,0,18,131
06/09/2021,GPT,MS,ASO,CE,Combined TRACON& Tower with Radar,17,12,33,26,88,0,1,20,3,24,17,13,53,29,112,14,0,14,126
06/10/2021,GPT,MS,ASO,CE,Combined TRACON& Tower with Radar,17,14,11,65,107,0,0,21,22,43,17,14,32,87,150,30,48,78,228
06/11/2021,GPT,MS,ASO,CE,Combined TRACON& Tower with Radar,17,14,26,73,130,0,0,17,10,27,17,14,43,83,157,6,29,35,192
06/12/2021,GPT,MS,ASO,CE,Combined TRACON& Tower with Radar,15,13,9,9,46,0,0,21,3,24,15,13,30,12,70,18,0,18,88
06/13/2021,GPT,MS,ASO,CE,Combined TRACON& Tower with Radar,17,14,13,7,51,0,0,13,8,21,17,14,26,15,72,0,0,0,72
06/14/2021,GPT,MS,ASO,CE,Combined TRACON& Tower with Radar,19,12,25,70,126,0,0,13,10,23,19,12,38,80,149,46,18,64,213
06/15/2021,GPT,MS,ASO,CE,Combined TRACON& Tower with Radar,15,15,22,44,96,0,1,20,5,26,15,16,42,49,122,77,31,108,230
06/16/2021,GPT,MS,ASO,CE,Combined TRACON& Tower with Radar,21,13,17,112,163,0,3,25,22,50,21,16,42,134,213,72,16,88,301
06/17/2021,GPT,MS,ASO,CE,Combined TRACON& Tower with Radar,17,18,19,61,115,0,2,29,26,57,17,20,48,87,172,28,8,36,208
06/18/2021,GPT,MS,ASO,CE,Combined TRACON& Tower with Radar,17,13,3,0,33,0,0,0,0,0,17,13,3,0,33,0,0,0,33
06/19/2021,GPT,MS,ASO,CE,Combined TRACON& Tower with Radar,20,10,6,4,40,0,0,0,0,0,20,10,6,4,40,0,0,0,40
06/20/2021,GPT,MS,ASO,CE,Combined TRACON& Tower with Radar,17,14,7,2,40,0,0,7,2,9,17,14,14,4,49,0,0,0,49
06/21/2021,GPT,MS,ASO,CE,Combined TRACON& Tower with Radar,16,9,8,1,34,0,0,3,0,3,16,9,11,1,37,0,0,0,37
06/22/2021,GPT,MS,ASO,CE,Combined TRACON& Tower with Radar,15,12,4,86,117,0,0,5,2,7,15,12,9,88,124,18,12,30,154
06/23/2021,GPT,MS,ASO,CE,Combined TRACON& Tower with Radar,20,11,28,44,103,0,0,20,11,31,20,11,48,55,134,28,8,36,170
06/24/2021,GPT,MS,ASO,CE,Combined TRACON& Tower with Radar,19,17,10,45,91,0,0,13,9,22,19,17,23,54,113,10,12,22,135
06/25/2021,GPT,MS,ASO,CE,Combined TRACON& Tower with Radar,19,18,27,22,86,0,5,24,6,35,19,23,51,28,121,26,0,26,147
06/26/2021,GPT,MS,ASO,CE,Combined TRACON& Tower with Radar,17,11,11,10,49,0,6,29,7,42,17,17,40,17,91,36,0,36,127
06/27/2021,GPT,MS,ASO,CE,Combined TRACON& Tower with Radar,16,14,14,16,60,0,8,35,0,43,16,22,49,16,103,2,0,2,105
06/28/2021,GPT,MS,ASO,CE,Combined TRACON& Tower with Radar,16,13,9,23,61,0,2,12,1,15,16,15,21,24,76,14,3,17,93
06/29/2021,GPT,MS,ASO,CE,Combined TRACON& Tower with Radar,18,14,12,32,76,0,0,8,14,22,18,14,20,46,98,4,10,14,112
06/30/2021,GPT,MS,ASO,CE,Combined TRACON& Tower with Radar,21,16,23,58,118,0,0,9,8,17,21,16,32,66,135,0,49,49,184
07/01/2021,GPT,MS,ASO,CE,Combined TRACON& Tower with Radar,16,15,22,79,132,0,2,15,5,22,16,17,37,84,154,6,16,22,176
07/02/2021,GPT,MS,ASO,CE,Combined TRACON& Tower with Radar,21,12,11,2,46,0,0,13,1,14,21,12,24,3,60,2,0,2,62
07/03/2021,GPT,MS,ASO,CE,Combined TRACON& Tower with Radar,14,11,2,0,27,0,0,2,0,2,14,11,4,0,29,6,0,6,35
07/04/2021,GPT,MS,ASO,CE,Combined TRACON& Tower with Radar,14,12,1,0,27,0,0,6,0,6,14,12,7,0,33,4,0,4,37
07/05/2021,GPT,MS,ASO,CE,Combined TRACON& Tower with Radar,16,13,3,0,32,0,0,15,0,15,16,13,18,0,47,14,0,14,61
07/06/2021,GPT,MS,ASO,CE,Combined TRACON& Tower with Radar,15,11,4,19,49,0,0,1,0,1,15,11,5,19,50,0,0,0,50
07/07/2021,GPT,MS,ASO,CE,Combined TRACON& Tower with Radar,17,11,6,45,79,0,0,4,9,13,17,11,10,54,92,0,72,72,164
07/08/2021,GPT,MS,ASO,CE,Combined TRACON& Tower with Radar,14,18,26,112,170,0,4,10,10,24,14,22,36,122,194,8,40,48,242
07/09/2021,GPT,MS,ASO,CE,Combined TRACON& Tower with Radar,16,14,13,49,92,0,0,8,11,19,16,14,21,60,111,14,0,14,125
07/10/2021,GPT,MS,ASO,CE,Combined TRACON& Tower with Radar,12,16,8,5,41,0,2,7,10,19,12,18,15,15,60,12,0,12,72
07/11/2021,GPT,MS,ASO,CE,Combined TRACON& Tower with Radar,15,15,15,6,51,0,0,3,1,4,15,15,18,7,55,10,0,10,65
07/12/2021,GPT,MS,ASO,CE,Combined TRACON& Tower with Radar,21,15,16,13,65,0,0,14,3,17,21,15,30,16,82,18,6,24,106
07/13/2021,GPT,MS,ASO,CE,Combined TRACON& Tower with Radar,18,12,11,75,116,0,1,19,38,58,18,13,30,113,174,24,20,44,218
07/14/2021,GPT,MS,ASO,CE,Combined TRACON& Tower with Radar,19,14,14,87,134,0,0,32,20,52,19,14,46,107,186,19,38,57,243
07/15/2021,GPT,MS,ASO,CE,Combined TRACON& Tower with Radar,18,20,10,50,98,0,11,12,28,51,18,31,22,78,149,26,22,48,197
07/16/2021,GPT,MS,ASO,CE,Combined TRACON& Tower with Radar,16,20,4,5,45,0,0,9,2,11,16,20,13,7,56,0,0,0,56
07/17/2021,GPT,MS,ASO,CE,Combined TRACON& Tower with Radar,15,17,6,20,58,0,0,9,0,9,15,17,15,20,67,6,0,6,73
07/18/2021,GPT,MS,ASO,CE,Combined TRACON& Tower with Radar,16,15,7,4,42,0,0,0,0,0,16,15,7,4,42,11,0,11,53
07/19/2021,GPT,MS,ASO,CE,Combined TRACON& Tower with Radar,14,14,6,15,49,0,0,14,4,18,14,14,20,19,67,12,38,50,117
07/20/2021,GPT,MS,ASO,CE,Combined TRACON& Tower with Radar,15,12,17,87,131,0,2,11,11,24,15,14,28,98,155,18,8,26,181
07/21/2021,GPT,MS,ASO,CE,Combined TRACON& Tower with Radar,24,16,12,45,97,0,2,13,13,28,24,18,25,58,125,20,24,44,169
07/22/2021,GPT,MS,ASO,CE,Combined TRACON& Tower with Radar,15,21,18,81,135,0,3,28,21,52,15,24,46,102,187,0,0,0,187
07/23/2021,GPT,MS,ASO,CE,Combined TRACON& Tower with Radar,17,17,18,43,95,0,0,21,4,25,17,17,39,47,120,0,0,0,120
07/24/2021,GPT,MS,ASO,CE,Combined TRACON& Tower with Radar,17,12,14,6,49,0,0,25,1,26,17,12,39,7,75,0,0,0,75
07/25/2021,GPT,MS,ASO,CE,Combined TRACON& Tower with Radar,17,20,6,30,73,0,0,15,4,19,17,20,21,34,92,18,0,18,110
07/26/2021,GPT,MS,ASO,CE,Combined TRACON& Tower with Radar,14,13,7,105,139,0,1,38,20,59,14,14,45,125,198,0,36,36,234
07/27/2021,GPT,MS,ASO,CE,Combined TRACON& Tower with Radar,14,14,19,137,184,0,2,31,20,53,14,16,50,157,237,8,26,34,271
07/28/2021,GPT,MS,ASO,CE,Combined TRACON& Tower with Radar,19,13,13,32,77,0,1,27,7,35,19,14,40,39,112,6,16,22,134
07/29/2021,GPT,MS,ASO,CE,Combined TRACON& Tower with Radar,13,15,16,68,112,0,0,28,20,48,13,15,44,88,160,40,6,46,206
07/30/2021,GPT,MS,ASO,CE,Combined TRACON& Tower with Radar,16,13,14,33,76,0,3,17,4,24,16,16,31,37,100,35,4,39,139
07/31/2021,GPT,MS,ASO,CE,Combined TRACON& Tower with Radar,10,15,10,18,53,0,0,28,4,32,10,15,38,22,85,2,0,2,87
08/01/2021,GPT,MS,ASO,CE,Combined TRACON& Tower with Radar,17,8,20,0,45,0,0,8,3,11,17,8,28,3,56,6,0,6,62
08/02/2021,GPT,MS,ASO,CE,Combined TRACON& Tower with Radar,19,14,10,19,62,0,0,8,2,10,19,14,18,21,72,0,0,0,72
08/03/2021,GPT,MS,ASO,CE,Combined TRACON& Tower with Radar,12,14,7,18,51,0,0,9,0,9,12,14,16,18,60,0,0,0,60
08/04/2021,GPT,MS,ASO,CE,Combined TRACON& Tower with Radar,23,18,12,99,152,0,2,22,10,34,23,20,34,109,186,20,33,53,239
08/05/2021,GPT,MS,ASO,CE,Combined TRACON& Tower with Radar,14,17,24,101,156,0,0,11,16,27,14,17,35,117,183,10,4,14,197
08/06/2021,GPT,MS,ASO,CE,Combined TRACON& Tower with Radar,15,15,16,128,174,0,0,16,12,28,15,15,32,140,202,28,40,68,270
08/07/2021,GPT,MS,ASO,CE,Combined TRACON& Tower with Radar,15,11,0,26,52,0,0,24,5,29,15,11,24,31,81,22,0,22,103
08/08/2021,GPT,MS,ASO,CE,Combined TRACON& Tower with Radar,17,14,16,13,60,0,0,15,1,16,17,14,31,14,76,0,0,0,76
08/09/2021,GPT,MS,ASO,CE,Combined TRACON& Tower with Radar,13,21,17,110,161,0,5,19,44,68,13,26,36,154,229,24,16,40,269
08/10/2021,GPT,MS,ASO,CE,Combined TRACON& Tower with Radar,14,16,12,59,101,0,1,8,23,32,14,17,20,82,133,11,4,15,148
08/11/2021,GPT,MS,ASO,CE,Combined TRACON& Tower with Radar,17,19,14,102,152,0,1,16,14,31,17,20,30,116,183,16,4,20,203
08/12/2021,GPT,MS,ASO,CE,Combined TRACON& Tower with Radar,11,16,17,65,109,0,6,9,36,51,11,22,26,101,160,0,0,0,160
08/13/2021,GPT,MS,ASO,CE,Combined TRACON& Tower with Radar,18,21,18,89,146,0,1,21,26,48,18,22,39,115,194,30,0,30,224
08/14/2021,GPT,MS,ASO,CE,Combined TRACON& Tower with Radar,16,10,7,6,39,0,3,18,0,21,16,13,25,6,60,0,0,0,60
08/15/2021,GPT,MS,ASO,CE,Combined TRACON& Tower with Radar,16,14,10,8,48,0,0,14,0,14,16,14,24,8,62,14,0,14,76
08/16/2021,GPT,MS,ASO,CE,Combined TRACON& Tower with Radar,15,15,10,29,69,0,0,18,9,27,15,15,28,38,96,20,0,20,116
08/17/2021,GPT,MS,ASO,CE,Combined TRACON& Tower with Radar,15,13,18,112,158,0,8,26,28,62,15,21,44,140,220,0,0,0,220
08/18/2021,GPT,MS,ASO,CE,Combined TRACON& Tower with Radar,22,14,15,96,147,0,4,13,16,33,22,18,28,112,180,37,30,67,247
08/19/2021,GPT,MS,ASO,CE,Combined TRACON& Tower with Radar,16,16,18,27,77,0,4,13,19,36,16,20,31,46,113,36,0,36,149
08/20/2021,GPT,MS,ASO,CE,Combined TRACON& Tower with Radar,17,22,11,58,108,0,7,10,7,24,17,29,21,65,132,40,16,56,188
08/21/2021,GPT,MS,ASO,CE,Combined TRACON& Tower with Radar,15,11,10,15,51,0,0,24,14,38,15,11,34,29,89,8,0,8,97
08/22/2021,GPT,MS,ASO,CE,Combined TRACON& Tower with Radar,18,12,11,19,60,0,0,20,13,33,18,12,31,32,93,8,6,14,107
08/23/2021,GPT,MS,ASO,CE,Combined TRACON& Tower with Radar,18,17,8,85,128,0,0,14,10,24,18,17,22,95,152,31,5,36,188
08/24/2021,GPT,MS,ASO,CE,Combined TRACON& Tower with Radar,20,15,9,94,138,0,1,9,16,26,20,16,18,110,164,10,4,14,178
08/25/2021,GPT,MS,ASO,CE,Combined TRACON& Tower with Radar,15,16,18,47,96,0,0,10,18,28,15,16,28,65,124,36,42,78,202
08/26/2021,GPT,MS,ASO,CE,Combined TRACON& Tower with Radar,17,14,6,26,63,0,3,6,15,24,17,17,12,41,87,6,46,52,139
08/27/2021,GPT,MS,ASO,CE,Combined TRACON& Tower with Radar,23,18,6,1,48,0,0,3,0,3,23,18,9,1,51,0,0,0,51
08/28/2021,GPT,MS,ASO,CE,Combined TRACON& Tower with Radar,12,9,1,0,22,0,0,1,0,1,12,9,2,0,23,0,0,0,23
08/30/2021,GPT,MS,ASO,CE,Combined TRACON& Tower with Radar,7,0,4,0,11,0,0,0,0,0,7,0,4,0,11,0,0,0,11
08/31/2021,GPT,MS,ASO,CE,Combined TRACON& Tower with Radar,12,16,7,54,89,0,1,5,16,22,12,17,12,70,111,0,28,28,139
09/01/2021,GPT,MS,ASO,CE,Combined TRACON& Tower with Radar,15,21,15,23,74,0,4,16,26,46,15,25,31,49,120,8,6,14,134
09/02/2021,GPT,MS,ASO,CE,Combined TRACON& Tower with Radar,17,14,18,35,84,0,5,20,11,36,17,19,38,46,120,8,6,14,134
09/03/2021,GPT,MS,ASO,CE,Combined TRACON& Tower with Radar,17,20,14,9,60,0,2,23,3,28,17,22,37,12,88,36,12,48,136
09/04/2021,GPT,MS,ASO,CE,Combined TRACON& Tower with Radar,13,11,10,5,39,0,1,15,1,17,13,12,25,6,56,26,0,26,82
09/05/2021,GPT,MS,ASO,CE,Combined TRACON& Tower with Radar,15,12,11,5,43,0,2,11,1,14,15,14,22,6,57,0,0,0,57
09/06/2021,GPT,MS,ASO,CE,Combined TRACON& Tower with Radar,14,13,10,0,37,0,0,6,0,6,14,13,16,0,43,18,0,18,61
09/07/2021,GPT,MS,ASO,CE,Combined TRACON& Tower with Radar,16,20,16,59,111,0,0,7,15,22,16,20,23,74,133,0,0,0,133
09/08/2021,GPT,MS,ASO,CE,Combined TRACON& Tower with Radar,18,13,16,74,121,0,0,12,15,27,18,13,28,89,148,45,36,81,229
09/09/2021,GPT,MS,ASO,CE,Combined TRACON& Tower with Radar,16,20,16,137,189,0,1,18,24,43,16,21,34,161,232,20,39,59,291
09/10/2021,GPT,MS,ASO,CE,Combined TRACON& Tower with Radar,21,25,7,123,176,0,1,21,17,39,21,26,28,140,215,14,24,38,253
09/11/2021,GPT,MS,ASO,CE,Combined TRACON& Tower with Radar,20,5,8,23,56,0,2,35,4,41,20,7,43,27,97,30,2,32,129
09/12/2021,GPT,MS,ASO,CE,Combined TRACON& Tower with Radar,19,15,6,17,57,0,0,3,0,3,19,15,9,17,60,4,14,18,78
09/13/2021,GPT,MS,ASO,CE,Combined TRACON& Tower with Radar,20,21,12,68,121,0,1,8,7,16,20,22,20,75,137,21,0,21,158
09/14/2021,GPT,MS,ASO,CE,Combined TRACON& Tower with Radar,17,8,10,2,37,0,0,0,2,2,17,8,10,4,39,0,0,0,39
09/15/2021,GPT,MS,ASO,CE,Combined TRACON& Tower with Radar,21,14,4,0,39,0,0,0,0,0,21,14,4,0,39,0,0,0,39
09/16/2021,GPT,MS,ASO,CE,Combined TRACON& Tower with Radar,21,24,4,30,79,0,0,7,0,7,21,24,11,30,86,0,0,0,86
09/17/2021,GPT,MS,ASO,CE,Combined TRACON& Tower with Radar,26,20,11,4,61,0,0,4,0,4,26,20,15,4,65,0,0,0,65
09/18/2021,GPT,MS,ASO,CE,Combined TRACON& Tower with Radar,18,7,9,4,38,0,0,6,0,6,18,7,15,4,44,14,0,14,58
09/19/2021,GPT,MS,ASO,CE,Combined TRACON& Tower with Radar,20,16,11,4,51,0,0,11,0,11,20,16,22,4,62,20,0,20,82
09/20/2021,GPT,MS,ASO,CE,Combined TRACON& Tower with Radar,25,14,5,78,122,0,0,13,13,26,25,14,18,91,148,20,62,82,230
09/21/2021,GPT,MS,ASO,CE,Combined TRACON& Tower with Radar,17,17,15,65,114,0,0,8,1,9,17,17,23,66,123,2,16,18,141
09/22/2021,GPT,MS,ASO,CE,Combined TRACON& Tower with Radar,20,16,17,67,120,0,0,6,14,20,20,16,23,81,140,2,26,28,168
09/23/2021,GPT,MS,ASO,CE,Combined TRACON& Tower with Radar,25,16,20,52,113,0,0,28,15,43,25,16,48,67,156,2,8,10,166
09/24/2021,GPT,MS,ASO,CE,Combined TRACON& Tower with Radar,18,18,22,57,115,0,2,26,6,34,18,20,48,63,149,0,0,0,149
09/25/2021,GPT,MS,ASO,CE,Combined TRACON& Tower with Radar,19,5,20,3,47,0,0,23,1,24,19,5,43,4,71,0,0,0,71
09/26/2021,GPT,MS,ASO,CE,Combined TRACON& Tower with Radar,26,13,19,0,58,0,0,40,2,42,26,13,59,2,100,13,0,13,113
09/27/2021,GPT,MS,ASO,CE,Combined TRACON& Tower with Radar,22,14,11,79,126,0,0,20,15,35,22,14,31,94,161,20,28,48,209
09/28/2021,GPT,MS,ASO,CE,Combined TRACON& Tower with Radar,17,12,14,12,55,0,0,4,4,8,17,12,18,16,63,0,6,6,69
09/29/2021,GPT,MS,ASO,CE,Combined TRACON& Tower with Radar,20,13,10,4,47,0,0,4,2,6,20,13,14,6,53,18,6,24,77
09/30/2021,GPT,MS,ASO,CE,Combined TRACON& Tower with Radar,18,13,24,42,97,0,0,14,5,19,18,13,38,47,116,0,0,0,116
10/01/2021,GPT,MS,ASO,CE,Combined TRACON& Tower with Radar,25,15,13,45,98,0,0,17,3,20,25,15,30,48,118,20,0,20,138
10/02/2021,GPT,MS,ASO,CE,Combined TRACON& Tower with Radar,21,8,8,4,41,0,0,11,0,11,21,8,19,4,52,6,0,6,58
10/03/2021,GPT,MS,ASO,CE,Combined TRACON& Tower with Radar,18,15,15,0,48,0,0,6,1,7,18,15,21,1,55,2,0,2,57
10/04/2021,GPT,MS,ASO,CE,Combined TRACON& Tower with Radar,22,13,7,31,73,0,0,1,3,4,22,13,8,34,77,0,0,0,77
10/05/2021,GPT,MS,ASO,CE,Combined TRACON& Tower with Radar,15,11,23,101,150,0,0,8,6,14,15,11,31,107,164,22,54,76,240
10/06/2021,GPT,MS,ASO,CE,Combined TRACON& Tower with Radar,21,11,23,111,166,0,0,11,8,19,21,11,34,119,185,14,26,40,225
10/07/2021,GPT,MS,ASO,CE,Combined TRACON& Tower with Radar,22,16,39,104,181,0,0,20,12,32,22,16,59,116,213,0,0,0,213
10/08/2021,GPT,MS,ASO,CE,Combined TRACON& Tower with Radar,18,15,22,68,123,0,7,46,16,69,18,22,68,84,192,14,8,22,214
10/09/2021,GPT,MS,ASO,CE,Combined TRACON& Tower with Radar,12,14,14,0,40,0,1,42,0,43,12,15,56,0,83,0,0,0,83
10/10/2021,GPT,MS,ASO,CE,Combined TRACON& Tower with Radar,22,13,23,0,58,0,0,12,0,12,22,13,35,0,70,14,0,14,84
10/11/2021,GPT,MS,ASO,CE,Combined TRACON& Tower with Radar,16,13,16,0,45,0,0,15,0,15,16,13,31,0,60,0,0,0,60
10/12/2021,GPT,MS,ASO,CE,Combined TRACON& Tower with Radar,12,12,27,94,145,0,3,4,14,21,12,15,31,108,166,0,70,70,236
10/13/2021,GPT,MS,ASO,CE,Combined TRACON& Tower with Radar,17,11,31,133,192,0,4,15,1,20,17,15,46,134,212,4,26,30,242
10/14/2021,GPT,MS,ASO,CE,Combined TRACON& Tower with Radar,15,22,18,82,137,0,0,16,5,21,15,22,34,87,158,4,0,4,162
10/15/2021,GPT,MS,ASO,CE,Combined TRACON& Tower with Radar,24,18,24,133,199,0,0,12,7,19,24,18,36,140,218,18,84,102,320
10/16/2021,GPT,MS,ASO,CE,Combined TRACON& Tower with Radar,14,11,8,27,60,0,1,12,22,35,14,12,20,49,95,10,0,10,105
10/17/2021,GPT,MS,ASO,CE,Combined TRACON& Tower with Radar,19,16,14,41,90,0,0,8,60,68,19,16,22,101,158,21,14,35,193
10/18/2021,GPT,MS,ASO,CE,Combined TRACON& Tower with Radar,23,13,14,104,154,0,0,21,22,43,23,13,35,126,197,16,39,55,252
10/19/2021,GPT,MS,ASO,CE,Combined TRACON& Tower with Radar,13,29,33,69,144,0,7,22,26,55,13,36,55,95,199,8,0,8,207
10/20/2021,GPT,MS,ASO,CE,Combined TRACON& Tower with Radar,26,18,10,17,71,0,0,11,3,14,26,18,21,20,85,26,0,26,111
10/21/2021,GPT,MS,ASO,CE,Combined TRACON& Tower with Radar,23,20,22,43,108,0,0,16,20,36,23,20,38,63,144,0,0,0,144
10/22/2021,GPT,MS,ASO,CE,Combined TRACON& Tower with Radar,17,23,31,66,137,0,1,21,0,22,17,24,52,66,159,22,2,24,183
10/23/2021,GPT,MS,ASO,CE,Combined TRACON& Tower with Radar,12,14,6,13,45,0,4,18,3,25,12,18,24,16,70,20,0,20,90
10/24/2021,GPT,MS,ASO,CE,Combined TRACON& Tower with Radar,20,19,11,14,64,0,6,19,6,31,20,25,30,20,95,26,4,30,125
10/25/2021,GPT,MS,ASO,CE,Combined TRACON& Tower with Radar,20,18,17,110,165,0,2,13,13,28,20,20,30,123,193,51,26,77,270
10/26/2021,GPT,MS,ASO,CE,Combined TRACON& Tower with Radar,19,15,14,76,124,0,1,10,30,41,19,16,24,106,165,6,2,8,173
10/27/2021,GPT,MS,ASO,CE,Combined TRACON& Tower with Radar,17,14,8,57,96,0,0,11,3,14,17,14,19,60,110,0,0,0,110
10/28/2021,GPT,MS,ASO,CE,Combined TRACON& Tower with Radar,18,14,12,92,136,0,2,2,24,28,18,16,14,116,164,2,18,20,184
10/29/2021,GPT,MS,ASO,CE,Combined TRACON& Tower with Radar,20,14,22,110,166,0,0,1,11,12,20,14,23,121,178,0,44,44,222
10/30/2021,GPT,MS,ASO,CE,Combined TRACON& Tower with Radar,14,14,20,17,65,0,0,12,6,18,14,14,32,23,83,6,12,18,101
10/31/2021,GPT,MS,ASO,CE,Combined TRACON& Tower with Radar,15,14,20,4,53,0,2,18,10,30,15,16,38,14,83,30,0,30,113
11/01/2021,GPT,MS,ASO,CE,Combined TRACON& Tower with Radar,21,17,9,80,127,0,1,22,16,39,21,18,31,96,166,32,0,32,198
11/02/2021,GPT,MS,ASO,CE,Combined TRACON& Tower with Radar,19,12,14,95,140,0,3,14,32,49,19,15,28,127,189,0,8,8,197
11/03/2021,GPT,MS,ASO,CE,Combined TRACON& Tower with Radar,21,12,19,144,196,0,7,51,69,127,21,19,70,213,323,0,0,0,323
11/04/2021,GPT,MS,ASO,CE,Combined TRACON& Tower with Radar,32,16,25,157,230,0,6,19,69,94,32,22,44,226,324,0,0,0,324
11/05/2021,GPT,MS,ASO,CE,Combined TRACON& Tower with Radar,26,13,25,142,206,0,3,13,18,34,26,16,38,160,240,2,6,8,248
11/06/2021,GPT,MS,ASO,CE,Combined TRACON& Tower with Radar,15,12,17,41,85,0,0,17,8,25,15,12,34,49,110,0,38,38,148
11/07/2021,GPT,MS,ASO,CE,Combined TRACON& Tower with Radar,19,15,13,38,85,0,2,25,33,60,19,17,38,71,145,45,39,84,229
11/08/2021,GPT,MS,ASO,CE,Combined TRACON& Tower with Radar,15,16,23,104,158,0,1,16,15,32,15,17,39,119,190,32,87,119,309
11/09/2021,GPT,MS,ASO,CE,Combined TRACON& Tower with Radar,16,10,25,132,183,0,1,22,16,39,16,11,47,148,222,22,4,26,248
11/10/2021,GPT,MS,ASO,CE,Combined TRACON& Tower with Radar,18,12,13,111,154,0,2,24,15,41,18,14,37,126,195,26,42,68,263
11/11/2021,GPT,MS,ASO,CE,Combined TRACON& Tower with Radar,16,15,14,35,80,0,0,11,1,12,16,15,25,36,92,10,3,13,105
11/12/2021,GPT,MS,ASO,CE,Combined TRACON& Tower with Radar,18,20,20,26,84,0,0,27,0,27,18,20,47,26,111,12,0,12,123
11/13/2021,GPT,MS,ASO,CE,Combined TRACON& Tower with Radar,18,12,12,8,50,0,0,19,0,19,18,12,31,8,69,28,2,30,99
11/14/2021,GPT,MS,ASO,CE,Combined TRACON& Tower with Radar,17,17,6,0,40,0,0,24,0,24,17,17,30,0,64,64,0,64,128
11/15/2021,GPT,MS,ASO,CE,Combined TRACON& Tower with Radar,15,16,29,115,175,0,0,33,12,45,15,16,62,127,220,70,0,70,290
11/16/2021,GPT,MS,ASO,CE,Combined TRACON& Tower with Radar,22,10,15,89,136,0,5,21,37,63,22,15,36,126,199,18,34,52,251
11/17/2021,GPT,MS,ASO,CE,Combined TRACON& Tower with Radar,28,22,10,82,142,0,3,19,21,43,28,25,29,103,185,12,24,36,221
11/18/2021,GPT,MS,ASO,CE,Combined TRACON& Tower with Radar,17,22,10,70,119,0,0,10,12,22,17,22,20,82,141,48,2,50,191
11/19/2021,GPT,MS,ASO,CE,Combined TRACON& Tower with Radar,21,20,19,75,135,0,7,24,14,45,21,27,43,89,180,0,4,4,184
11/20/2021,GPT,MS,ASO,CE,Combined TRACON& Tower with Radar,10,11,8,18,47,0,0,28,0,28,10,11,36,18,75,4,4,8,83
11/21/2021,GPT,MS,ASO,CE,Combined TRACON& Tower with Radar,19,13,19,11,62,0,0,10,4,14,19,13,29,15,76,41,22,63,139
11/22/2021,GPT,MS,ASO,CE,Combined TRACON& Tower with Radar,14,14,8,105,141,0,1,5,5,11,14,15,13,110,152,5,8,13,165
11/23/2021,GPT,MS,ASO,CE,Combined TRACON& Tower with Radar,16,13,14,55,98,0,0,27,3,30,16,13,41,58,128,0,0,0,128
11/24/2021,GPT,MS,ASO,CE,Combined TRACON& Tower with Radar,17,16,24,15,72,0,0,21,1,22,17,16,45,16,94,44,4,48,142
11/25/2021,GPT,MS,ASO,CE,Combined TRACON& Tower with Radar,11,6,2,4,23,0,0,2,0,2,11,6,4,4,25,0,0,0,25
11/26/2021,GPT,MS,ASO,CE,Combined TRACON& Tower with Radar,17,10,13,0,40,0,0,10,0,10,17,10,23,0,50,0,0,0,50
11/27/2021,GPT,MS,ASO,CE,Combined TRACON& Tower with Radar,12,17,16,0,45,0,0,30,0,30,12,17,46,0,75,16,0,16,91
11/28/2021,GPT,MS,ASO,CE,Combined TRACON& Tower with Radar,20,10,13,0,43,0,0,0,0,0,20,10,13,0,43,0,0,0,43
11/29/2021,GPT,MS,ASO,CE,Combined TRACON& Tower with Radar,16,16,13,71,116,0,0,25,12,37,16,16,38,83,153,12,10,22,175
11/30/2021,GPT,MS,ASO,CE,Combined TRACON& Tower with Radar,18,16,8,113,155,0,2,13,21,36,18,18,21,134,191,20,14,34,225
12/01/2021,GPT,MS,ASO,CE,Combined TRACON& Tower with Radar,18,14,23,88,143,0,0,16,29,45,18,14,39,117,188,54,75,129,317
12/02/2021,GPT,MS,ASO,CE,Combined TRACON& Tower with Radar,20,18,11,105,154,0,2,12,9,23,20,20,23,114,177,14,10,24,201
12/03/2021,GPT,MS,ASO,CE,Combined TRACON& Tower with Radar,21,20,15,48,104,0,3,9,2,14,21,23,24,50,118,12,10,22,140
12/04/2021,GPT,MS,ASO,CE,Combined TRACON& Tower with Radar,22,10,12,29,73,0,0,20,15,35,22,10,32,44,108,0,30,30,138
12/05/2021,GPT,MS,ASO,CE,Combined TRACON& Tower with Radar,21,15,24,33,93,0,3,14,6,23,21,18,38,39,116,68,0,68,184
12/06/2021,GPT,MS,ASO,CE,Combined TRACON& Tower with Radar,23,16,11,50,100,0,0,6,0,6,23,16,17,50,106,28,0,28,134
12/07/2021,GPT,MS,ASO,CE,Combined TRACON& Tower with Radar,17,11,11,61,100,0,0,0,0,0,17,11,11,61,100,0,0,0,100
12/08/2021,GPT,MS,ASO,CE,Combined TRACON& Tower with Radar,18,11,25,64,118,0,0,8,3,11,18,11,33,67,129,12,0,12,141
12/09/2021,GPT,MS,ASO,CE,Combined TRACON& Tower with Radar,19,10,27,48,104,0,1,1,1,3,19,11,28,49,107,0,0,0,107
12/10/2021,GPT,MS,ASO,CE,Combined TRACON& Tower with Radar,20,11,17,84,132,0,5,6,0,11,20,16,23,84,143,16,0,16,159
12/11/2021,GPT,MS,ASO,CE,Combined TRACON& Tower with Radar,17,9,8,2,36,0,0,5,0,5,17,9,13,2,41,0,0,0,41
12/12/2021,GPT,MS,ASO,CE,Combined TRACON& Tower with Radar,21,8,14,17,60,0,0,40,8,48,21,8,54,25,108,35,12,47,155
12/13/2021,GPT,MS,ASO,CE,Combined TRACON& Tower with Radar,19,11,38,152,220,0,0,11,8,19,19,11,49,160,239,60,0,60,299
12/14/2021,GPT,MS,ASO,CE,Combined TRACON& Tower with Radar,14,15,14,150,193,0,3,0,0,3,14,18,14,150,196,8,18,26,222
12/15/2021,GPT,MS,ASO,CE,Combined TRACON& Tower with Radar,24,11,16,151,202,0,0,18,13,31,24,11,34,164,233,30,14,44,277
12/16/2021,GPT,MS,ASO,CE,Combined TRACON& Tower with Radar,22,12,15,104,153,0,0,19,7,26,22,12,34,111,179,24,34,58,237
12/17/2021,GPT,MS,ASO,CE,Combined TRACON& Tower with Radar,18,16,17,15,66,0,0,0,0,0,18,16,17,15,66,0,0,0,66
12/18/2021,GPT,MS,ASO,CE,Combined TRACON& Tower with Radar,11,10,5,0,26,0,0,0,0,0,11,10,5,0,26,0,0,0,26
12/19/2021,GPT,MS,ASO,CE,Combined TRACON& Tower with Radar,16,15,13,47,91,0,0,2,0,2,16,15,15,47,93,0,0,0,93
12/20/2021,GPT,MS,ASO,CE,Combined TRACON& Tower with Radar,16,15,19,47,97,0,3,12,11,26,16,18,31,58,123,2,76,78,201
12/21/2021,GPT,MS,ASO,CE,Combined TRACON& Tower with Radar,16,13,19,82,130,0,0,5,2,7,16,13,24,84,137,4,12,16,153
12/22/2021,GPT,MS,ASO,CE,Combined TRACON& Tower with Radar,20,13,10,59,102,0,3,33,4,40,20,16,43,63,142,0,0,0,142
12/23/2021,GPT,MS,ASO,CE,Combined TRACON& Tower with Radar,16,12,13,10,51,0,0,25,0,25,16,12,38,10,76,0,0,0,76
12/24/2021,GPT,MS,ASO,CE,Combined TRACON& Tower with Radar,12,9,3,0,24,0,0,12,0,12,12,9,15,0,36,0,0,0,36
12/25/2021,GPT,MS,ASO,CE,Combined TRACON& Tower with Radar,10,8,3,0,21,0,0,3,0,3,10,8,6,0,24,0,0,0,24
12/26/2021,GPT,MS,ASO,CE,Combined TRACON& Tower with Radar,20,14,11,2,47,0,2,10,3,15,20,16,21,5,62,0,0,0,62
12/27/2021,GPT,MS,ASO,CE,Combined TRACON& Tower with Radar,15,12,8,36,71,0,0,8,0,8,15,12,16,36,79,4,0,4,83
12/28/2021,GPT,MS,ASO,CE,Combined TRACON& Tower with Radar,16,12,18,32,78,0,1,1,1,3,16,13,19,33,81,0,0,0,81
12/29/2021,GPT,MS,ASO,CE,Combined TRACON& Tower with Radar,16,14,9,18,57,0,0,2,0,2,16,14,11,18,59,0,0,0,59
12/30/2021,GPT,MS,ASO,CE,Combined TRACON& Tower with Radar,17,11,12,6,46,0,0,8,0,8,17,11,20,6,54,12,0,12,66
12/31/2021,GPT,MS,ASO,CE,Combined TRACON& Tower with Radar,9,7,13,8,37,0,0,1,0,1,9,7,14,8,38,0,0,0,38
01/01/2022,GPT,MS,ASO,CE,Combined TRACON& Tower with Radar,9,7,7,0,23,0,0,5,0,5,9,7,12,0,28,0,0,0,28
01/02/2022,GPT,MS,ASO,CE,Combined TRACON& Tower with Radar,17,13,9,2,41,0,0,0,0,0,17,13,9,2,41,0,0,0,41
01/03/2022,GPT,MS,ASO,CE,Combined TRACON& Tower with Radar,18,12,20,12,62,0,0,20,1,21,18,12,40,13,83,8,0,8,91
01/04/2022,GPT,MS,ASO,CE,Combined TRACON& Tower with Radar,14,12,16,63,105,1,0,27,20,48,15,12,43,83,153,22,28,50,203
01/05/2022,GPT,MS,ASO,CE,Combined TRACON& Tower with Radar,17,12,10,62,101,0,0,16,7,23,17,12,26,69,124,63,37,100,224
01/06/2022,GPT,MS,ASO,CE,Combined TRACON& Tower with Radar,20,14,16,117,167,0,1,20,10,31,20,15,36,127,198,0,4,4,202
01/07/2022,GPT,MS,ASO,CE,Combined TRACON& Tower with Radar,18,17,9,68,112,0,2,27,4,33,18,19,36,72,145,6,18,24,169
01/08/2022,GPT,MS,ASO,CE,Combined TRACON& Tower with Radar,11,11,12,2,36,0,2,15,6,23,11,13,27,8,59,22,4,26,85
01/09/2022,GPT,MS,ASO,CE,Combined TRACON& Tower with Radar,16,11,11,4,42,0,0,0,0,0,16,11,11,4,42,0,0,0,42
01/10/2022,GPT,MS,ASO,CE,Combined TRACON& Tower with Radar,16,11,11,32,70,0,1,5,1,7,16,12,16,33,77,0,0,0,77
01/11/2022,GPT,MS,ASO,CE,Combined TRACON& Tower with Radar,16,12,11,115,154,0,0,13,11,24,16,12,24,126,178,0,6,6,184
01/12/2022,GPT,MS,ASO,CE,Combined TRACON& Tower with Radar,16,13,18,90,137,0,0,21,4,25,16,13,39,94,162,26,2,28,190
01/13/2022,GPT,MS,ASO,CE,Combined TRACON& Tower with Radar,18,14,11,78,121,0,2,17,8,27,18,16,28,86,148,0,24,24,172
01/14/2022,GPT,MS,ASO,CE,Combined TRACON& Tower with Radar,21,18,6,44,89,0,0,31,5,36,21,18,37,49,125,52,0,52,177
01/15/2022,GPT,MS,ASO,CE,Combined TRACON& Tower with Radar,9,10,5,0,24,0,0,11,0,11,9,10,16,0,35,10,0,10,45
01/16/2022,GPT,MS,ASO,CE,Combined TRACON& Tower with Radar,8,14,5,4,31,0,1,0,1,2,8,15,5,5,33,0,0,0,33
01/17/2022,GPT,MS,ASO,CE,Combined TRACON& Tower with Radar,19,13,16,8,56,0,0,23,0,23,19,13,39,8,79,6,0,6,85
01/18/2022,GPT,MS,ASO,CE,Combined TRACON& Tower with Radar,17,14,17,111,159,1,0,31,18,50,18,14,48,129,209,50,56,106,315
01/19/2022,GPT,MS,ASO,CE,Combined TRACON& Tower with Radar,14,15,18,93,140,0,2,21,11,34,14,17,39,104,174,46,40,86,260
01/20/2022,GPT,MS,ASO,CE,Combined TRACON& Tower with Radar,18,16,10,26,70,0,0,0,0,0,18,16,10,26,70,0,0,0,70
01/21/2022,GPT,MS,ASO,CE,Combined TRACON& Tower with Radar,19,14,20,16,69,0,0,2,10,12,19,14,22,26,81,0,12,12,93
01/22/2022,GPT,MS,ASO,CE,Combined TRACON& Tower with Radar,13,16,29,28,86,0,2,25,3,30,13,18,54,31,116,0,0,0,116
01/23/2022,GPT,MS,ASO,CE,Combined TRACON& Tower with Radar,18,13,7,27,65,0,1,25,17,43,18,14,32,44,108,57,0,57,165
01/24/2022,GPT,MS,ASO,CE,Combined TRACON& Tower with Radar,17,20,19,67,123,0,1,24,5,30,17,21,43,72,153,16,0,16,169
01/25/2022,GPT,MS,ASO,CE,Combined TRACON& Tower with Radar,20,14,14,25,73,0,3,8,1,12,20,17,22,26,85,0,0,0,85
01/26/2022,GPT,MS,ASO,CE,Combined TRACON& Tower with Radar,14,17,18,102,151,0,1,33,15,49,14,18,51,117,200,6,12,18,218
01/27/2022,GPT,MS,ASO,CE,Combined TRACON& Tower with Radar,17,12,27,79,135,0,3,40,19,62,17,15,67,98,197,28,28,56,253
01/28/2022,GPT,MS,ASO,CE,Combined TRACON& Tower with Radar,18,16,33,122,189,0,2,13,6,21,18,18,46,128,210,4,48,52,262
01/29/2022,GPT,MS,ASO,CE,Combined TRACON& Tower with Radar,12,12,11,10,45,0,0,26,2,28,12,12,37,12,73,10,0,10,83
01/30/2022,GPT,MS,ASO,CE,Combined TRACON& Tower with Radar,21,14,21,4,60,0,0,17,8,25,21,14,38,12,85,0,0,0,85
01/31/2022,GPT,MS,ASO,CE,Combined TRACON& Tower with Radar,17,11,16,84,128,0,1,25,7,33,17,12,41,91,161,21,18,39,200
02/01/2022,GPT,MS,ASO,CE,Combined TRACON& Tower with Radar,14,16,13,100,143,0,0,11,9,20,14,16,24,109,163,0,8,8,171
02/02/2022,GPT,MS,ASO,CE,Combined TRACON& Tower with Radar,13,13,6,19,51,0,0,0,1,1,13,13,6,20,52,0,0,0,52
02/03/2022,GPT,MS,ASO,CE,Combined TRACON& Tower with Radar,17,9,2,8,36,0,0,0,0,0,17,9,2,8,36,0,0,0,36
02/04/2022,GPT,MS,ASO,CE,Combined TRACON& Tower with Radar,14,17,7,12,50,0,0,0,0,0,14,17,7,12,50,0,0,0,50
02/05/2022,GPT,MS,ASO,CE,Combined TRACON& Tower with Radar,10,16,7,13,46,0,1,33,12,46,10,17,40,25,92,0,0,0,92
02/06/2022,GPT,MS,ASO,CE,Combined TRACON& Tower with Radar,14,22,12,4,52,0,0,33,9,42,14,22,45,13,94,20,2,22,116
02/07/2022,GPT,MS,ASO,CE,Combined TRACON& Tower with Radar,16,12,5,66,99,0,0,14,8,22,16,12,19,74,121,8,50,58,179
02/08/2022,GPT,MS,ASO,CE,Combined TRACON& Tower with Radar,20,15,14,134,183,0,8,15,20,43,20,23,29,154,226,0,50,50,276
02/09/2022,GPT,MS,ASO,CE,Combined TRACON& Tower with Radar,14,18,15,117,164,0,0,28,8,36,14,18,43,125,200,18,24,42,242
02/10/2022,GPT,MS,ASO,CE,Combined TRACON& Tower with Radar,14,17,17,90,138,0,1,30,22,53,14,18,47,112,191,24,10,34,225
02/11/2022,GPT,MS,ASO,CE,Combined TRACON& Tower with Radar,19,13,19,78,129,0,0,24,15,39,19,13,43,93,168,10,14,24,192
02/12/2022,GPT,MS,ASO,CE,Combined TRACON& Tower with Radar,11,12,12,37,72,0,2,19,6,27,11,14,31,43,99,0,16,16,115
02/13/2022,GPT,MS,ASO,CE,Combined TRACON& Tower with Radar,15,12,13,10,50,0,0,23,1,24,15,12,36,11,74,0,0,0,74
02/14/2022,GPT,MS,ASO,CE,Combined TRACON& Tower with Radar,18,15,15,75,123,0,1,13,11,25,18,16,28,86,148,6,0,6,154
02/15/2022,GPT,MS,ASO,CE,Combined TRACON& Tower with Radar,16,14,20,147,197,0,4,27,34,65,16,18,47,181,262,56,24,80,342
02/16/2022,GPT,MS,ASO,CE,Combined TRACON& Tower with Radar,14,14,17,68,113,0,3,12,8,23,14,17,29,76,136,16,16,32,168
02/17/2022,GPT,MS,ASO,CE,Combined TRACON& Tower with Radar,14,13,16,3,46,0,0,0,1,1,14,13,16,4,47,0,0,0,47
02/18/2022,GPT,MS,ASO,CE,Combined TRACON& Tower with Radar,18,18,41,126,203,0,1,16,6,23,18,19,57,132,226,0,24,24,250
02/19/2022,GPT,MS,ASO,CE,Combined TRACON& Tower with Radar,10,15,20,21,66,0,5,22,4,31,10,20,42,25,97,0,0,0,97
02/20/2022,GPT,MS,ASO,CE,Combined TRACON& Tower with Radar,15,12,21,22,70,0,0,24,2,26,15,12,45,24,96,14,0,14,110
02/21/2022,GPT,MS,ASO,CE,Combined TRACON& Tower with Radar,16,19,19,2,56,0,0,2,0,2,16,19,21,2,58,30,0,30,88
02/22/2022,GPT,MS,ASO,CE,Combined TRACON& Tower with Radar,20,19,17,100,156,0,0,2,0,2,20,19,19,100,158,0,0,0,158
02/23/2022,GPT,MS,ASO,CE,Combined TRACON& Tower with Radar,15,9,17,72,113,0,6,14,3,23,15,15,31,75,136,0,0,0,136
02/24/2022,GPT,MS,ASO,CE,Combined TRACON& Tower with Radar,23,11,16,116,166,0,2,0,0,2,23,13,16,116,168,0,0,0,168
02/25/2022,GPT,MS,ASO,CE,Combined TRACON& Tower with Radar,20,22,11,47,100,0,1,0,11,12,20,23,11,58,112,0,0,0,112
02/26/2022,GPT,MS,ASO,CE,Combined TRACON& Tower with Radar,10,19,25,7,61,0,0,2,0,2,10,19,27,7,63,0,0,0,63
02/27/2022,GPT,MS,ASO,CE,Combined TRACON& Tower with Radar,19,14,12,12,57,0,0,3,0,3,19,14,15,12,60,0,0,0,60
02/28/2022,GPT,MS,ASO,CE,Combined TRACON& Tower with Radar,14,16,15,136,181,0,0,25,14,39,14,16,40,150,220,0,0,0,220
03/01/2022,GPT,MS,ASO,CE,Combined TRACON& Tower with Radar,16,15,12,74,117,0,8,22,9,39,16,23,34,83,156,14,2,16,172
03/02/2022,GPT,MS,ASO,CE,Combined TRACON& Tower with Radar,12,19,14,82,127,0,0,22,23,45,12,19,36,105,172,8,8,16,188
03/03/2022,GPT,MS,ASO,CE,Combined TRACON& Tower with Radar,12,22,32,81,147,0,5,19,23,47,12,27,51,104,194,34,20,54,248
03/04/2022,GPT,MS,ASO,CE,Combined TRACON& Tower with Radar,13,21,13,63,110,0,0,17,14,31,13,21,30,77,141,8,24,32,173
03/05/2022,GPT,MS,ASO,CE,Combined TRACON& Tower with Radar,11,17,9,12,49,0,0,9,0,9,11,17,18,12,58,8,6,14,72
03/06/2022,GPT,MS,ASO,CE,Combined TRACON& Tower with Radar,15,11,25,9,60,0,0,7,1,8,15,11,32,10,68,4,0,4,72
03/07/2022,GPT,MS,ASO,CE,Combined TRACON& Tower with Radar,19,12,8,40,79,0,0,2,1,3,19,12,10,41,82,0,0,0,82
03/08/2022,GPT,MS,ASO,CE,Combined TRACON& Tower with Radar,16,15,21,86,138,0,0,0,0,0,16,15,21,86,138,0,0,0,138
03/09/2022,GPT,MS,ASO,CE,Combined TRACON& Tower with Radar,14,18,16,26,74,0,1,1,2,4,14,19,17,28,78,0,0,0,78
03/10/2022,GPT,MS,ASO,CE,Combined TRACON& Tower with Radar,17,23,15,126,181,0,1,25,19,45,17,24,40,145,226,16,6,22,248
03/11/2022,GPT,MS,ASO,CE,Combined TRACON& Tower with Radar,22,20,17,5,64,0,0,1,0,1,22,20,18,5,65,0,0,0,65
03/12/2022,GPT,MS,ASO,CE,Combined TRACON& Tower with Radar,15,14,11,6,46,0,1,10,0,11,15,15,21,6,57,2,0,2,59
03/13/2022,GPT,MS,ASO,CE,Combined TRACON& Tower with Radar,18,17,28,7,70,0,0,38,7,45,18,17,66,14,115,66,0,66,181
03/14/2022,GPT,MS,ASO,CE,Combined TRACON& Tower with Radar,17,14,12,111,154,0,0,22,6,28,17,14,34,117,182,10,39,49,231
03/15/2022,GPT,MS,ASO,CE,Combined TRACON& Tower with Radar,13,15,6,169,203,0,0,8,6,14,13,15,14,175,217,16,42,58,275
03/16/2022,GPT,MS,ASO,CE,Combined TRACON& Tower with Radar,14,14,30,198,256,0,0,21,12,33,14,14,51,210,289,14,58,72,361
03/17/2022,GPT,MS,ASO,CE,Combined TRACON& Tower with Radar,18,13,32,79,142,0,4,25,10,39,18,17,57,89,181,12,4,16,197
03/18/2022,GPT,MS,ASO,CE,Combined TRACON& Tower with Radar,25,18,21,14,78,0,0,2,0,2,25,18,23,14,80,0,0,0,80
03/19/2022,GPT,MS,ASO,CE,Combined TRACON& Tower with Radar,11,15,33,15,74,0,2,36,3,41,11,17,69,18,115,8,0,8,123
03/20/2022,GPT,MS,ASO,CE,Combined TRACON& Tower with Radar,18,14,22,1,55,0,0,38,2,40,18,14,60,3,95,30,0,30,125
03/21/2022,GPT,MS,ASO,CE,Combined TRACON& Tower with Radar,20,14,16,92,142,0,0,17,21,38,20,14,33,113,180,26,28,54,234
03/22/2022,GPT,MS,ASO,CE,Combined TRACON& Tower with Radar,13,10,7,22,52,0,0,0,1,1,13,10,7,23,53,0,4,4,57
03/23/2022,GPT,MS,ASO,CE,Combined TRACON& Tower with Radar,9,18,20,111,158,0,3,19,13,35,9,21,39,124,193,42,42,84,277
03/24/2022,GPT,MS,ASO,CE,Combined TRACON& Tower with Radar,13,18,23,128,182,0,4,13,13,30,13,22,36,141,212,0,18,18,230
03/25/2022,GPT,MS,ASO,CE,Combined TRACON& Tower with Radar,21,12,18,97,148,0,1,10,12,23,21,13,28,109,171,0,28,28,199
03/26/2022,GPT,MS,ASO,CE,Combined TRACON& Tower with Radar,14,11,6,12,43,0,0,29,11,40,14,11,35,23,83,28,8,36,119
03/27/2022,GPT,MS,ASO,CE,Combined TRACON& Tower with Radar,21,15,18,17,71,0,2,40,2,44,21,17,58,19,115,36,4,40,155
03/28/2022,GPT,MS,ASO,CE,Combined TRACON& Tower with Radar,16,14,9,84,123,0,0,16,19,35,16,14,25,103,158,28,4,32,190
03/29/2022,GPT,MS,ASO,CE,Combined TRACON& Tower with Radar,20,12,22,45,99,0,2,17,19,38,20,14,39,64,137,12,8,20,157
03/30/2022,GPT,MS,ASO,CE,Combined TRACON& Tower with Radar,8,9,20,17,54,0,0,0,3,3,8,9,20,20,57,0,14,14,71
03/31/2022,GPT,MS,ASO,CE,Combined TRACON& Tower with Radar,16,20,29,39,104,0,5,13,21,39,16,25,42,60,143,4,2,6,149
04/01/2022,GPT,MS,ASO,CE,Combined TRACON& Tower with Radar,15,14,13,82,124,0,0,20,13,33,15,14,33,95,157,2,16,18,175
04/02/2022,GPT,MS,ASO,CE,Combined TRACON& Tower with Radar,12,13,14,0,39,0,1,23,2,26,12,14,37,2,65,42,0,42,107
04/03/2022,GPT,MS,ASO,CE,Combined TRACON& Tower with Radar,18,22,23,10,73,0,0,25,2,27,18,22,48,12,100,44,14,58,158
04/04/2022,GPT,MS,ASO,CE,Combined TRACON& Tower with Radar,17,15,18,34,84,0,0,18,12,30,17,15,36,46,114,22,10,32,146
04/05/2022,GPT,MS,ASO,CE,Combined TRACON& Tower with Radar,22,14,13,24,73,0,0,1,4,5,22,14,14,28,78,0,0,0,78
04/06/2022,GPT,MS,ASO,CE,Combined TRACON& Tower with Radar,19,11,18,76,124,0,0,3,5,8,19,11,21,81,132,0,14,14,146
04/07/2022,GPT,MS,ASO,CE,Combined TRACON& Tower with Radar,18,10,23,111,162,0,1,17,19,37,18,11,40,130,199,6,74,80,279
04/08/2022,GPT,MS,ASO,CE,Combined TRACON& Tower with Radar,20,11,19,53,103,0,5,16,9,30,20,16,35,62,133,8,0,8,141
04/09/2022,GPT,MS,ASO,CE,Combined TRACON& Tower with Radar,14,7,6,6,33,0,3,20,0,23,14,10,26,6,56,20,0,20,76
04/10/2022,GPT,MS,ASO,CE,Combined TRACON& Tower with Radar,20,6,16,17,59,0,0,11,5,16,20,6,27,22,75,6,0,6,81
04/11/2022,GPT,MS,ASO,CE,Combined TRACON& Tower with Radar,26,8,21,20,75,0,0,8,2,10,26,8,29,22,85,6,0,6,91
04/12/2022,GPT,MS,ASO,CE,Combined TRACON& Tower with Radar,17,15,22,100,154,0,0,8,7,15,17,15,30,107,169,0,8,8,177
04/13/2022,GPT,MS,ASO,CE,Combined TRACON& Tower with Radar,15,11,17,62,105,0,0,3,2,5,15,11,20,64,110,0,8,8,118
04/14/2022,GPT,MS,ASO,CE,Combined TRACON& Tower with Radar,21,9,10,75,115,0,1,2,0,3,21,10,12,75,118,0,20,20,138
04/15/2022,GPT,MS,ASO,CE,Combined TRACON& Tower with Radar,26,8,12,18,64,0,0,17,7,24,26,8,29,25,88,14,20,34,122
04/16/2022,GPT,MS,ASO,CE,Combined TRACON& Tower with Radar,17,11,8,3,39,0,2,11,1,14,17,13,19,4,53,18,0,18,71
04/17/2022,GPT,MS,ASO,CE,Combined TRACON& Tower with Radar,19,6,1,2,28,0,0,3,0,3,19,6,4,2,31,0,0,0,31
04/18/2022,GPT,MS,ASO,CE,Combined TRACON& Tower with Radar,18,12,20,86,136,0,0,10,3,13,18,12,30,89,149,0,56,56,205
04/19/2022,GPT,MS,ASO,CE,Combined TRACON& Tower with Radar,20,13,16,87,136,0,2,20,11,33,20,15,36,98,169,0,4,4,173
04/20/2022,GPT,MS,ASO,CE,Combined TRACON& Tower with Radar,21,17,7,144,189,0,0,13,18,31,21,17,20,162,220,0,46,46,266
04/21/2022,GPT,MS,ASO,CE,Combined TRACON& Tower with Radar,20,13,20,129,182,0,4,15,28,47,20,17,35,157,229,14,54,68,297
04/22/2022,GPT,MS,ASO,CE,Combined TRACON& Tower with Radar,21,8,14,97,140,0,0,17,27,44,21,8,31,124,184,4,4,8,192
04/23/2022,GPT,MS,ASO,CE,Combined TRACON& Tower with Radar,15,8,19,27,69,0,1,18,2,21,15,9,37,29,90,0,0,0,90
04/24/2022,GPT,MS,ASO,CE,Combined TRACON& Tower with Radar,21,8,12,55,96,0,6,21,15,42,21,14,33,70,138,37,14,51,189
04/25/2022,GPT,MS,ASO,CE,Combined TRACON& Tower with Radar,16,7,10,93,126,0,3,21,22,46,16,10,31,115,172,50,8,58,230
04/26/2022,GPT,MS,ASO,CE,Combined TRACON& Tower with Radar,16,8,19,164,207,0,6,16,35,57,16,14,35,199,264,46,22,68,332
04/27/2022,GPT,MS,ASO,CE,Combined TRACON& Tower with Radar,17,8,23,78,126,0,6,35,27,68,17,14,58,105,194,33,24,57,251
04/28/2022,GPT,MS,ASO,CE,Combined TRACON& Tower with Radar,21,11,10,102,144,0,4,22,24,50,21,15,32,126,194,28,28,56,250
04/29/2022,GPT,MS,ASO,CE,Combined TRACON& Tower with Radar,24,9,17,59,109,0,2,8,13,23,24,11,25,72,132,12,16,28,160
04/30/2022,GPT,MS,ASO,CE,Combined TRACON& Tower with Radar,14,11,14,31,70,0,7,21,18,46,14,18,35,49,116,30,0,30,146
05/01/2022,GPT,MS,ASO,CE,Combined TRACON& Tower with Radar,21,9,12,39,81,0,3,9,23,35,21,12,21,62,116,4,12,16,132
05/02/2022,GPT,MS,ASO,CE,Combined TRACON& Tower with Radar,18,7,9,81,115,0,6,14,19,39,18,13,23,100,154,68,22,90,244
05/03/2022,GPT,MS,ASO,CE,Combined TRACON& Tower with Radar,23,8,9,84,124,0,7,12,22,41,23,15,21,106,165,38,31,69,234
05/04/2022,GPT,MS,ASO,CE,Combined TRACON& Tower with Radar,15,10,24,160,209,0,1,19,27,47,15,11,43,187,256,16,36,52,308
05/05/2022,GPT,MS,ASO,CE,Combined TRACON& Tower with Radar,13,8,15,93,129,0,0,10,20,30,13,8,25,113,159,12,14,26,185
05/06/2022,GPT,MS,ASO,CE,Combined TRACON& Tower with Radar,19,9,16,32,76,0,0,5,7,12,19,9,21,39,88,0,0,0,88
05/07/2022,GPT,MS,ASO,CE,Combined TRACON& Tower with Radar,17,8,12,1,38,0,0,36,3,39,17,8,48,4,77,34,0,34,111
05/08/2022,GPT,MS,ASO,CE,Combined TRACON& Tower with Radar,20,7,13,4,44,0,0,34,5,39,20,7,47,9,83,62,4,66,149
05/09/2022,GPT,MS,ASO,CE,Combined TRACON& Tower with Radar,23,9,29,61,122,0,0,11,2,13,23,9,40,63,135,44,22,66,201
05/10/2022,GPT,MS,ASO,CE,Combined TRACON& Tower with Radar,19,12,18,86,135,0,1,17,10,28,19,13,35,96,163,12,52,64,227
05/11/2022,GPT,MS,ASO,CE,Combined TRACON& Tower with Radar,16,10,18,89,133,0,0,28,7,35,16,10,46,96,168,42,56,98,266
05/12/2022,GPT,MS,ASO,CE,Combined TRACON& Tower with Radar,24,10,27,21,82,0,1,19,13,33,24,11,46,34,115,26,4,30,145
05/13/2022,GPT,MS,ASO,CE,Combined TRACON& Tower with Radar,24,9,20,33,86,0,0,21,9,30,24,9,41,42,116,39,2,41,157
05/14/2022,GPT,MS,ASO,CE,Combined TRACON& Tower with Radar,16,10,16,12,54,0,0,19,10,29,16,10,35,22,83,24,0,24,107
05/15/2022,GPT,MS,ASO,CE,Combined TRACON& Tower with Radar,17,6,15,33,71,0,0,13,9,22,17,6,28,42,93,16,0,16,109
05/16/2022,GPT,MS,ASO,CE,Combined TRACON& Tower with Radar,18,8,8,117,151,0,3,25,24,52,18,11,33,141,203,24,18,42,245
05/17/2022,GPT,MS,ASO,CE,Combined TRACON& Tower with Radar,18,14,7,81,120,0,0,25,7,32,18,14,32,88,152,22,26,48,200
05/18/2022,GPT,MS,ASO,CE,Combined TRACON& Tower with Radar,15,9,22,107,153,0,1,25,20,46,15,10,47,127,199,26,52,78,277
05/19/2022,GPT,MS,ASO,CE,Combined TRACON& Tower with Radar,19,8,15,111,153,0,0,34,7,41,19,8,49,118,194,22,0,22,216
05/20/2022,GPT,MS,ASO,CE,Combined TRACON& Tower with Radar,19,10,17,87,133,0,5,22,8,35,19,15,39,95,168,0,0,0,168
05/21/2022,GPT,MS,ASO,CE,Combined TRACON& Tower with Radar,18,12,14,18,62,0,0,1,1,2,18,12,15,19,64,8,0,8,72
05/22/2022,GPT,MS,ASO,CE,Combined TRACON& Tower with Radar,21,8,15,13,57,0,0,5,0,5,21,8,20,13,62,0,2,2,64
05/23/2022,GPT,MS,ASO,CE,Combined TRACON& Tower with Radar,17,11,13,9,50,0,0,14,0,14,17,11,27,9,64,20,0,20,84
05/24/2022,GPT,MS,ASO,CE,Combined TRACON& Tower with Radar,24,10,22,31,87,0,1,3,7,11,24,11,25,38,98,0,6,6,104
05/25/2022,GPT,MS,ASO,CE,Combined TRACON& Tower with Radar,19,8,8,9,44,0,0,3,4,7,19,8,11,13,51,32,6,38,89
05/26/2022,GPT,MS,ASO,CE,Combined TRACON& Tower with Radar,15,8,13,72,108,0,6,12,11,29,15,14,25,83,137,32,80,112,249
05/27/2022,GPT,MS,ASO,CE,Combined TRACON& Tower with Radar,20,10,17,0,47,0,2,27,3,32,20,12,44,3,79,0,0,0,79
05/28/2022,GPT,MS,ASO,CE,Combined TRACON& Tower with Radar,17,10,7,1,35,0,0,24,5,29,17,10,31,6,64,2,0,2,66
05/29/2022,GPT,MS,ASO,CE,Combined TRACON& Tower with Radar,15,6,6,28,55,0,4,18,0,22,15,10,24,28,77,24,6,30,107
05/30/2022,GPT,MS,ASO,CE,Combined TRACON& Tower with Radar,19,10,5,4,38,0,0,7,1,8,19,10,12,5,46,0,0,0,46
05/31/2022,GPT,MS,ASO,CE,Combined TRACON& Tower with Radar,23,8,18,49,98,0,0,14,19,33,23,8,32,68,131,0,0,0,131
06/01/2022,GPT,MS,ASO,CE,Combined TRACON& Tower with Radar,17,12,12,31,72,0,4,22,4,30,17,16,34,35,102,44,8,52,154
06/02/2022,GPT,MS,ASO,CE,Combined TRACON& Tower with Radar,20,13,13,78,124,0,0,21,10,31,20,13,34,88,155,52,14,66,221
06/03/2022,GPT,MS,ASO,CE,Combined TRACON& Tower with Radar,18,11,8,76,113,0,1,9,5,15,18,12,17,81,128,24,16,40,168
06/04/2022,GPT,MS,ASO,CE,Combined TRACON& Tower with Radar,16,8,24,17,65,0,2,22,5,29,16,10,46,22,94,0,18,18,112
06/05/2022,GPT,MS,ASO,CE,Combined TRACON& Tower with Radar,19,10,11,7,47,0,0,18,16,34,19,10,29,23,81,32,16,48,129
06/06/2022,GPT,MS,ASO,CE,Combined TRACON& Tower with Radar,15,9,11,76,111,0,0,14,21,35,15,9,25,97,146,12,38,50,196
06/07/2022,GPT,MS,ASO,CE,Combined TRACON& Tower with Radar,18,12,31,136,197,0,13,16,21,50,18,25,47,157,247,34,36,70,317
06/08/2022,GPT,MS,ASO,CE,Combined TRACON& Tower with Radar,18,17,31,148,214,0,5,25,32,62,18,22,56,180,276,0,86,86,362
06/09/2022,GPT,MS,ASO,CE,Combined TRACON& Tower with Radar,16,11,28,44,99,0,0,15,3,18,16,11,43,47,117,2,20,22,139
06/10/2022,GPT,MS,ASO,CE,Combined TRACON& Tower with Radar,16,13,15,33,77,0,0,9,3,12,16,13,24,36,89,22,0,22,111
06/11/2022,GPT,MS,ASO,CE,Combined TRACON& Tower with Radar,20,14,22,37,93,0,3,10,8,21,20,17,32,45,114,14,0,14,128
06/12/2022,GPT,MS,ASO,CE,Combined TRACON& Tower with Radar,17,7,23,28,75,0,1,15,5,21,17,8,38,33,96,22,0,22,118
06/13/2022,GPT,MS,ASO,CE,Combined TRACON& Tower with Radar,17,15,24,48,104,0,7,20,4,31,17,22,44,52,135,8,44,52,187
06/14/2022,GPT,MS,ASO,CE,Combined TRACON& Tower with Radar,23,12,19,101,155,0,7,36,14,57,23,19,55,115,212,14,16,30,242
06/15/2022,GPT,MS,ASO,CE,Combined TRACON& Tower with Radar,21,8,22,93,144,0,0,27,10,37,21,8,49,103,181,64,16,80,261
06/16/2022,GPT,MS,ASO,CE,Combined TRACON& Tower with Radar,18,12,15,41,86,0,1,21,12,34,18,13,36,53,120,66,40,106,226
06/17/2022,GPT,MS,ASO,CE,Combined TRACON& Tower with Radar,12,12,9,84,117,0,3,30,22,55,12,15,39,106,172,29,8,37,209
06/18/2022,GPT,MS,ASO,CE,Combined TRACON& Tower with Radar,18,10,12,4,44,0,0,19,0,19,18,10,31,4,63,22,0,22,85
06/19/2022,GPT,MS,ASO,CE,Combined TRACON& Tower with Radar,16,11,13,15,55,0,0,15,5,20,16,11,28,20,75,6,0,6,81
06/20/2022,GPT,MS,ASO,CE,Combined TRACON& Tower with Radar,15,11,10,6,42,0,1,28,1,30,15,12,38,7,72,25,0,25,97
06/21/2022,GPT,MS,ASO,CE,Combined TRACON& Tower with Radar,20,13,6,90,129,0,1,31,12,44,20,14,37,102,173,24,6,30,203
06/22/2022,GPT,MS,ASO,CE,Combined TRACON& Tower with Radar,19,11,14,74,118,0,5,20,18,43,19,16,34,92,161,17,8,25,186
06/23/2022,GPT,MS,ASO,CE,Combined TRACON& Tower with Radar,20,16,16,79,131,0,7,16,23,46,20,23,32,102,177,28,20,48,225
06/24/2022,GPT,MS,ASO,CE,Combined TRACON& Tower with Radar,16,11,18,65,110,0,3,16,8,27,16,14,34,73,137,24,0,24,161
06/25/2022,GPT,MS,ASO,CE,Combined TRACON& Tower with Radar,22,8,12,1,43,0,2,17,0,19,22,10,29,1,62,0,0,0,62
06/26/2022,GPT,MS,ASO,CE,Combined TRACON& Tower with Radar,13,10,12,6,41,0,0,4,0,4,13,10,16,6,45,4,0,4,49
06/27/2022,GPT,MS,ASO,CE,Combined TRACON& Tower with Radar,17,9,13,81,120,0,0,6,12,18,17,9,19,93,138,0,0,0,138
06/28/2022,GPT,MS,ASO,CE,Combined TRACON& Tower with Radar,14,8,12,105,139,0,2,9,13,24,14,10,21,118,163,80,45,125,288
06/29/2022,GPT,MS,ASO,CE,Combined TRACON& Tower with Radar,19,10,18,34,81,0,0,19,8,27,19,10,37,42,108,0,50,50,158
06/30/2022,GPT,MS,ASO,CE,Combined TRACON& Tower with Radar,18,8,13,41,80,0,0,5,2,7,18,8,18,43,87,12,10,22,109
07/01/2022,GPT,MS,ASO,CE,Combined TRACON& Tower with Radar,18,8,14,14,54,0,0,14,4,18,18,8,28,18,72,62,0,62,134
07/02/2022,GPT,MS,ASO,CE,Combined TRACON& Tower with Radar,14,9,14,0,37,0,0,11,0,11,14,9,25,0,48,18,0,18,66
07/03/2022,GPT,MS,ASO,CE,Combined TRACON& Tower with Radar,12,6,8,0,26,0,0,9,0,9,12,6,17,0,35,14,0,14,49
07/04/2022,GPT,MS,ASO,CE,Combined TRACON& Tower with Radar,16,7,5,1,29,0,0,13,0,13,16,7,18,1,42,0,0,0,42
07/05/2022,GPT,MS,ASO,CE,Combined TRACON& Tower with Radar,18,11,3,4,36,0,1,12,2,15,18,12,15,6,51,20,0,20,71
07/06/2022,GPT,MS,ASO,CE,Combined TRACON& Tower with Radar,18,8,5,64,95,0,1,17,8,26,18,9,22,72,121,101,12,113,234
07/07/2022,GPT,MS,ASO,CE,Combined TRACON& Tower with Radar,16,8,6,68,98,0,2,24,17,43,16,10,30,85,141,24,28,52,193
07/08/2022,GPT,MS,ASO,CE,Combined TRACON& Tower with Radar,19,9,8,59,95,0,1,25,27,53,19,10,33,86,148,2,18,20,168
07/09/2022,GPT,MS,ASO,CE,Combined TRACON& Tower with Radar,17,7,7,10,41,0,0,16,8,24,17,7,23,18,65,14,0,14,79
07/10/2022,GPT,MS,ASO,CE,Combined TRACON& Tower with Radar,16,5,15,8,44,0,0,13,0,13,16,5,28,8,57,0,0,0,57
07/11/2022,GPT,MS,ASO,CE,Combined TRACON& Tower with Radar,13,9,15,51,88,0,0,23,5,28,13,9,38,56,116,16,38,54,170
07/12/2022,GPT,MS,ASO,CE,Combined TRACON& Tower with Radar,20,10,12,31,73,0,0,14,4,18,20,10,26,35,91,16,6,22,113
07/13/2022,GPT,MS,ASO,CE,Combined TRACON& Tower with Radar,19,8,12,110,149,0,0,10,16,26,19,8,22,126,175,57,10,67,242
07/14/2022,GPT,MS,ASO,CE,Combined TRACON& Tower with Radar,13,15,16,35,79,0,4,11,9,24,13,19,27,44,103,20,0,20,123
07/15/2022,GPT,MS,ASO,CE,Combined TRACON& Tower with Radar,22,13,15,21,71,0,0,22,7,29,22,13,37,28,100,34,0,34,134
07/16/2022,GPT,MS,ASO,CE,Combined TRACON& Tower with Radar,17,9,10,5,41,0,0,10,1,11,17,9,20,6,52,22,4,26,78
07/17/2022,GPT,MS,ASO,CE,Combined TRACON& Tower with Radar,18,6,19,11,54,0,1,26,6,33,18,7,45,17,87,66,0,66,153
07/18/2022,GPT,MS,ASO,CE,Combined TRACON& Tower with Radar,20,7,16,20,63,0,0,11,3,14,20,7,27,23,77,0,0,0,77
07/19/2022,GPT,MS,ASO,CE,Combined TRACON& Tower with Radar,17,11,12,90,130,0,0,28,12,40,17,11,40,102,170,52,12,64,234
07/20/2022,GPT,MS,ASO,CE,Combined TRACON& Tower with Radar,21,10,8,52,91,0,0,31,11,42,21,10,39,63,133,46,34,80,213
07/21/2022,GPT,MS,ASO,CE,Combined TRACON& Tower with Radar,22,10,26,45,103,0,0,15,25,40,22,10,41,70,143,27,2,29,172
07/22/2022,GPT,MS,ASO,CE,Combined TRACON& Tower with Radar,21,10,10,40,81,0,2,12,12,26,21,12,22,52,107,14,0,14,121
07/23/2022,GPT,MS,ASO,CE,Combined TRACON& Tower with Radar,13,9,7,11,40,0,0,22,8,30,13,9,29,19,70,62,6,68,138
07/24/2022,GPT,MS,ASO,CE,Combined TRACON& Tower with Radar,16,8,7,4,35,0,1,16,4,21,16,9,23,8,56,74,0,74,130
07/25/2022,GPT,MS,ASO,CE,Combined TRACON& Tower with Radar,16,10,11,10,47,0,0,18,4,22,16,10,29,14,69,27,1,28,97
07/26/2022,GPT,MS,ASO,CE,Combined TRACON& Tower with Radar,20,8,9,60,97,0,2,9,10,21,20,10,18,70,118,26,0,26,144
07/27/2022,GPT,MS,ASO,CE,Combined TRACON& Tower with Radar,22,10,6,71,109,0,7,24,3,34,22,17,30,74,143,16,6,22,165
07/28/2022,GPT,MS,ASO,CE,Combined TRACON& Tower with Radar,16,8,11,21,56,0,0,10,11,21,16,8,21,32,77,1,0,1,78
07/29/2022,GPT,MS,ASO,CE,Combined TRACON& Tower with Radar,13,12,23,17,65,0,2,13,14,29,13,14,36,31,94,36,10,46,140
07/30/2022,GPT,MS,ASO,CE,Combined TRACON& Tower with Radar,18,7,5,2,32,0,0,21,0,21,18,7,26,2,53,48,0,48,101
07/31/2022,GPT,MS,ASO,CE,Combined TRACON& Tower with Radar,15,7,10,2,34,0,0,19,0,19,15,7,29,2,53,44,0,44,97
08/01/2022,GPT,MS,ASO,CE,Combined TRACON& Tower with Radar,17,9,10,21,57,0,2,9,0,11,17,11,19,21,68,28,0,28,96
08/02/2022,GPT,MS,ASO,CE,Combined TRACON& Tower with Radar,28,8,10,7,53,0,1,11,9,21,28,9,21,16,74,38,8,46,120
08/03/2022,GPT,MS,ASO,CE,Combined TRACON& Tower with Radar,17,8,6,15,46,0,0,17,6,23,17,8,23,21,69,2,10,12,81
08/04/2022,GPT,MS,ASO,CE,Combined TRACON& Tower with Radar,20,10,12,32,74,0,3,12,7,22,20,13,24,39,96,28,0,28,124
08/05/2022,GPT,MS,ASO,CE,Combined TRACON& Tower with Radar,21,12,22,64,119,0,0,31,15,46,21,12,53,79,165,24,0,24,189
08/06/2022,GPT,MS,ASO,CE,Combined TRACON& Tower with Radar,16,8,6,8,38,0,0,7,0,7,16,8,13,8,45,66,0,66,111
08/07/2022,GPT,MS,ASO,CE,Combined TRACON& Tower with Radar,12,7,16,4,39,0,0,29,2,31,12,7,45,6,70,80,6,86,156
08/08/2022,GPT,MS,ASO,CE,Combined TRACON& Tower with Radar,18,7,10,13,48,0,0,9,1,10,18,7,19,14,58,24,4,28,86
08/09/2022,GPT,MS,ASO,CE,Combined TRACON& Tower with Radar,15,9,21,47,92,0,0,14,22,36,15,9,35,69,128,34,16,50,178
08/10/2022,GPT,MS,ASO,CE,Combined TRACON& Tower with Radar,14,12,16,24,66,0,0,14,8,22,14,12,30,32,88,24,0,24,112
08/11/2022,GPT,MS,ASO,CE,Combined TRACON& Tower with Radar,15,9,12,16,52,0,0,18,7,25,15,9,30,23,77,68,0,68,145
08/12/2022,GPT,MS,ASO,CE,Combined TRACON& Tower with Radar,26,13,8,60,107,0,3,12,18,33,26,16,20,78,140,40,0,40,180
08/13/2022,GPT,MS,ASO,CE,Combined TRACON& Tower with Radar,16,12,15,11,54,0,0,9,2,11,16,12,24,13,65,28,0,28,93
08/14/2022,GPT,MS,ASO,CE,Combined TRACON& Tower with Radar,16,10,13,29,68,0,0,29,5,34,16,10,42,34,102,72,10,82,184
08/15/2022,GPT,MS,ASO,CE,Combined TRACON& Tower with Radar,14,12,13,52,91,0,3,28,3,34,14,15,41,55,125,30,0,30,155
08/16/2022,GPT,MS,ASO,CE,Combined TRACON& Tower with Radar,18,8,24,60,110,0,0,31,22,53,18,8,55,82,163,20,54,74,237
08/17/2022,GPT,MS,ASO,CE,Combined TRACON& Tower with Radar,24,7,19,30,80,0,3,17,4,24,24,10,36,34,104,18,2,20,124
08/18/2022,GPT,MS,ASO,CE,Combined TRACON& Tower with Radar,19,9,19,26,73,0,1,16,5,22,19,10,35,31,95,12,0,12,107
08/19/2022,GPT,MS,ASO,CE,Combined TRACON& Tower with Radar,16,6,22,19,63,0,1,18,5,24,16,7,40,24,87,30,0,30,117
08/20/2022,GPT,MS,ASO,CE,Combined TRACON& Tower with Radar,15,7,6,4,32,0,0,17,0,17,15,7,23,4,49,22,0,22,71
08/21/2022,GPT,MS,ASO,CE,Combined TRACON& Tower with Radar,15,4,23,8,50,0,2,12,0,14,15,6,35,8,64,54,0,54,118
08/22/2022,GPT,MS,ASO,CE,Combined TRACON& Tower with Radar,19,5,7,35,66,0,0,4,2,6,19,5,11,37,72,56,0,56,128
08/23/2022,GPT,MS,ASO,CE,Combined TRACON& Tower with Radar,15,5,11,9,40,0,0,8,0,8,15,5,19,9,48,6,0,6,54
08/24/2022,GPT,MS,ASO,CE,Combined TRACON& Tower with Radar,16,5,14,2,37,0,0,5,0,5,16,5,19,2,42,0,0,0,42
08/25/2022,GPT,MS,ASO,CE,Combined TRACON& Tower with Radar,17,7,10,6,40,0,0,4,0,4,17,7,14,6,44,0,0,0,44
08/26/2022,GPT,MS,ASO,CE,Combined TRACON& Tower with Radar,20,6,18,20,64,0,0,7,4,11,20,6,25,24,75,30,0,30,105
08/27/2022,GPT,MS,ASO,CE,Combined TRACON& Tower with Radar,12,9,22,7,50,0,0,15,0,15,12,9,37,7,65,34,0,34,99
08/28/2022,GPT,MS,ASO,CE,Combined TRACON& Tower with Radar,19,8,19,8,54,0,0,15,1,16,19,8,34,9,70,38,0,38,108
08/29/2022,GPT,MS,ASO,CE,Combined TRACON& Tower with Radar,20,9,9,88,126,0,0,25,27,52,20,9,34,115,178,44,6,50,228
08/30/2022,GPT,MS,ASO,CE,Combined TRACON& Tower with Radar,13,19,23,64,119,0,13,23,13,49,13,32,46,77,168,14,24,38,206
08/31/2022,GPT,MS,ASO,CE,Combined TRACON& Tower with Radar,18,7,16,96,137,0,0,35,19,54,18,7,51,115,191,38,32,70,261
09/01/2022,GPT,MS,ASO,CE,Combined TRACON& Tower with Radar,19,6,12,74,111,0,1,28,22,51,19,7,40,96,162,60,6,66,228
09/02/2022,GPT,MS,ASO,CE,Combined TRACON& Tower with Radar,20,8,10,58,96,0,0,37,3,40,20,8,47,61,136,46,8,54,190
09/03/2022,GPT,MS,ASO,CE,Combined TRACON& Tower with Radar,13,7,5,0,25,0,0,6,0,6,13,7,11,0,31,26,0,26,57
09/04/2022,GPT,MS,ASO,CE,Combined TRACON& Tower with Radar,16,6,6,0,28,0,0,17,0,17,16,6,23,0,45,68,0,68,113
09/05/2022,GPT,MS,ASO,CE,Combined TRACON& Tower with Radar,19,5,9,3,36,0,0,12,0,12,19,5,21,3,48,0,0,0,48
09/06/2022,GPT,MS,ASO,CE,Combined TRACON& Tower with Radar,15,11,9,56,91,0,1,14,10,25,15,12,23,66,116,32,0,32,148
09/07/2022,GPT,MS,ASO,CE,Combined TRACON& Tower with Radar,17,14,12,53,96,0,1,28,11,40,17,15,40,64,136,0,10,10,146
09/08/2022,GPT,MS,ASO,CE,Combined TRACON& Tower with Radar,19,11,6,78,114,0,0,8,15,23,19,11,14,93,137,48,10,58,195
09/09/2022,GPT,MS,ASO,CE,Combined TRACON& Tower with Radar,23,7,11,22,63,0,0,14,0,14,23,7,25,22,77,16,6,22,99
09/10/2022,GPT,MS,ASO,CE,Combined TRACON& Tower with Radar,18,8,10,30,66,0,4,27,11,42,18,12,37,41,108,70,14,84,192
09/11/2022,GPT,MS,ASO,CE,Combined TRACON& Tower with Radar,19,7,17,13,56,0,0,27,5,32,19,7,44,18,88,66,0,66,154
09/12/2022,GPT,MS,ASO,CE,Combined TRACON& Tower with Radar,22,8,11,113,154,0,8,30,16,54,22,16,41,129,208,52,30,82,290
09/13/2022,GPT,MS,ASO,CE,Combined TRACON& Tower with Radar,23,11,18,88,140,0,5,28,12,45,23,16,46,100,185,34,14,48,233
09/14/2022,GPT,MS,ASO,CE,Combined TRACON& Tower with Radar,18,8,13,78,117,0,1,27,21,49,18,9,40,99,166,64,20,84,250
09/15/2022,GPT,MS,ASO,CE,Combined TRACON& Tower with Radar,21,10,19,62,112,0,0,31,18,49,21,10,50,80,161,44,0,44,205
09/16/2022,GPT,MS,ASO,CE,Combined TRACON& Tower with Radar,25,17,8,43,93,0,4,37,13,54,25,21,45,56,147,40,16,56,203
09/17/2022,GPT,MS,ASO,CE,Combined TRACON& Tower with Radar,18,9,12,2,41,0,1,15,7,23,18,10,27,9,64,30,0,30,94
09/18/2022,GPT,MS,ASO,CE,Combined TRACON& Tower with Radar,24,7,19,4,54,0,0,23,5,28,24,7,42,9,82,32,0,32,114
09/19/2022,GPT,MS,ASO,CE,Combined TRACON& Tower with Radar,26,9,9,93,137,0,0,20,6,26,26,9,29,99,163,32,14,46,209
09/20/2022,GPT,MS,ASO,CE,Combined TRACON& Tower with Radar,17,9,14,125,165,0,7,27,27,61,17,16,41,152,226,24,52,76,302
09/21/2022,GPT,MS,ASO,CE,Combined TRACON& Tower with Radar,17,12,14,83,126,0,0,13,7,20,17,12,27,90,146,48,26,74,220
09/22/2022,GPT,MS,ASO,CE,Combined TRACON& Tower with Radar,29,10,25,128,192,0,2,21,33,56,29,12,46,161,248,15,72,87,335
09/23/2022,GPT,MS,ASO,CE,Combined TRACON& Tower with Radar,25,13,12,87,137,0,5,27,16,48,25,18,39,103,185,30,28,58,243
09/24/2022,GPT,MS,ASO,CE,Combined TRACON& Tower with Radar,16,10,6,15,47,0,0,18,2,20,16,10,24,17,67,40,0,40,107
09/25/2022,GPT,MS,ASO,CE,Combined TRACON& Tower with Radar,22,10,10,13,55,0,0,25,11,36,22,10,35,24,91,24,2,26,117
09/26/2022,GPT,MS,ASO,CE,Combined TRACON& Tower with Radar,22,9,11,80,122,0,2,16,15,33,22,11,27,95,155,4,16,20,175
09/27/2022,GPT,MS,ASO,CE,Combined TRACON& Tower with Radar,17,9,9,73,108,0,0,19,4,23,17,9,28,77,131,4,0,4,135
09/28/2022,GPT,MS,ASO,CE,Combined TRACON& Tower with Radar,21,9,17,28,75,0,0,7,0,7,21,9,24,28,82,0,0,0,82
09/29/2022,GPT,MS,ASO,CE,Combined TRACON& Tower with Radar,20,8,12,73,113,0,1,11,23,35,20,9,23,96,148,0,0,0,148
09/30/2022,GPT,MS,ASO,CE,Combined TRACON& Tower with Radar,22,11,18,49,100,0,0,30,5,35,22,11,48,54,135,38,0,38,173
10/01/2022,GPT,MS,ASO,CE,Combined TRACON& Tower with Radar,19,7,14,0,40,0,0,22,4,26,19,7,36,4,66,30,0,30,96
10/02/2022,GPT,MS,ASO,CE,Combined TRACON& Tower with Radar,17,9,16,15,57,0,0,16,8,24,17,9,32,23,81,34,6,40,121
10/03/2022,GPT,MS,ASO,CE,Combined TRACON& Tower with Radar,19,14,7,139,179,0,2,28,17,47,19,16,35,156,226,22,8,30,256
10/04/2022,GPT,MS,ASO,CE,Combined TRACON& Tower with Radar,16,9,8,88,121,0,4,29,18,51,16,13,37,106,172,40,20,60,232
10/05/2022,GPT,MS,ASO,CE,Combined TRACON& Tower with Radar,16,14,21,102,153,0,8,31,33,72,16,22,52,135,225,18,22,40,265
10/06/2022,GPT,MS,ASO,CE,Combined TRACON& Tower with Radar,19,11,15,123,168,0,1,36,27,64,19,12,51,150,232,101,43,144,376
10/07/2022,GPT,MS,ASO,CE,Combined TRACON& Tower with Radar,19,8,17,75,119,0,6,43,18,67,19,14,60,93,186,26,0,26,212
10/08/2022,GPT,MS,ASO,CE,Combined TRACON& Tower with Radar,16,8,12,3,39,0,8,65,5,78,16,16,77,8,117,46,0,46,163
10/09/2022,GPT,MS,ASO,CE,Combined TRACON& Tower with Radar,19,8,26,3,56,0,1,29,4,34,19,9,55,7,90,58,0,58,148
10/10/2022,GPT,MS,ASO,CE,Combined TRACON& Tower with Radar,28,11,6,15,60,0,0,24,1,25,28,11,30,16,85,20,0,20,105
10/11/2022,GPT,MS,ASO,CE,Combined TRACON& Tower with Radar,19,8,11,113,151,0,3,12,31,46,19,11,23,144,197,30,16,46,243
10/12/2022,GPT,MS,ASO,CE,Combined TRACON& Tower with Radar,22,8,8,26,64,0,0,8,5,13,22,8,16,31,77,0,0,0,77
10/13/2022,GPT,MS,ASO,CE,Combined TRACON& Tower with Radar,19,7,12,87,125,0,1,29,22,52,19,8,41,109,177,83,47,130,307
10/14/2022,GPT,MS,ASO,CE,Combined TRACON& Tower with Radar,20,8,38,77,143,0,2,17,10,29,20,10,55,87,172,72,24,96,268
10/15/2022,GPT,MS,ASO,CE,Combined TRACON& Tower with Radar,17,5,19,14,55,0,10,26,27,63,17,15,45,41,118,30,4,34,152
10/16/2022,GPT,MS,ASO,CE,Combined TRACON& Tower with Radar,22,10,23,14,69,0,0,19,16,35,22,10,42,30,104,24,4,28,132
10/17/2022,GPT,MS,ASO,CE,Combined TRACON& Tower with Radar,23,6,14,61,104,0,0,20,13,33,23,6,34,74,137,36,12,48,185
10/18/2022,GPT,MS,ASO,CE,Combined TRACON& Tower with Radar,19,10,11,51,91,0,3,12,15,30,19,13,23,66,121,36,2,38,159
10/19/2022,GPT,MS,ASO,CE,Combined TRACON& Tower with Radar,18,7,11,96,132,0,0,29,32,61,18,7,40,128,193,52,34,86,279
10/20/2022,GPT,MS,ASO,CE,Combined TRACON& Tower with Radar,23,10,17,111,161,0,2,23,31,56,23,12,40,142,217,26,81,107,324
10/21/2022,GPT,MS,ASO,CE,Combined TRACON& Tower with Radar,24,9,15,34,82,0,1,30,5,36,24,10,45,39,118,0,0,0,118
10/22/2022,GPT,MS,ASO,CE,Combined TRACON& Tower with Radar,18,7,12,0,37,0,0,23,2,25,18,7,35,2,62,40,0,40,102
10/23/2022,GPT,MS,ASO,CE,Combined TRACON& Tower with Radar,18,5,103,21,147,0,0,36,16,52,18,5,139,37,199,0,0,0,199
10/24/2022,GPT,MS,ASO,CE,Combined TRACON& Tower with Radar,15,6,12,81,114,0,0,18,12,30,15,6,30,93,144,46,38,84,228
10/25/2022,GPT,MS,ASO,CE,Combined TRACON& Tower with Radar,16,6,15,24,61,0,1,18,8,27,16,7,33,32,88,40,6,46,134
10/26/2022,GPT,MS,ASO,CE,Combined TRACON& Tower with Radar,20,6,11,107,144,0,0,30,20,50,20,6,41,127,194,48,12,60,254
10/27/2022,GPT,MS,ASO,CE,Combined TRACON& Tower with Radar,20,15,19,63,117,0,10,42,20,72,20,25,61,83,189,68,24,92,281
10/28/2022,GPT,MS,ASO,CE,Combined TRACON& Tower with Radar,24,9,17,78,128,0,7,24,19,50,24,16,41,97,178,7,49,56,234
10/29/2022,GPT,MS,ASO,CE,Combined TRACON& Tower with Radar,18,6,7,0,31,0,0,5,0,5,18,6,12,0,36,0,0,0,36
10/30/2022,GPT,MS,ASO,CE,Combined TRACON& Tower with Radar,20,6,16,22,64,0,0,17,2,19,20,6,33,24,83,34,0,34,117
10/31/2022,GPT,MS,ASO,CE,Combined TRACON& Tower with Radar,18,9,16,96,139,0,2,34,10,46,18,11,50,106,185,30,0,30,215
11/01/2022,GPT,MS,ASO,CE,Combined TRACON& Tower with Radar,20,9,13,104,146,0,0,27,19,46,20,9,40,123,192,58,8,66,258
11/02/2022,GPT,MS,ASO,CE,Combined TRACON& Tower with Radar,21,6,16,80,123,0,0,40,9,49,21,6,56,89,172,27,52,79,251
11/03/2022,GPT,MS,ASO,CE,Combined TRACON& Tower with Radar,27,9,14,115,165,0,2,35,21,58,27,11,49,136,223,68,56,124,347
11/04/2022,GPT,MS,ASO,CE,Combined TRACON& Tower with Radar,23,11,21,25,80,0,0,1,2,3,23,11,22,27,83,8,0,8,91
11/05/2022,GPT,MS,ASO,CE,Combined TRACON& Tower with Radar,17,12,0,2,31,0,0,4,1,5,17,12,4,3,36,0,0,0,36
11/06/2022,GPT,MS,ASO,CE,Combined TRACON& Tower with Radar,22,8,18,26,74,0,0,21,19,40,22,8,39,45,114,46,2,48,162
11/07/2022,GPT,MS,ASO,CE,Combined TRACON& Tower with Radar,19,5,20,83,127,0,0,9,19,28,19,5,29,102,155,33,10,43,198
11/08/2022,GPT,MS,ASO,CE,Combined TRACON& Tower with Radar,19,10,14,118,161,0,2,33,33,68,19,12,47,151,229,26,32,58,287
11/09/2022,GPT,MS,ASO,CE,Combined TRACON& Tower with Radar,22,9,16,110,157,0,2,20,36,58,22,11,36,146,215,38,46,84,299
11/10/2022,GPT,MS,ASO,CE,Combined TRACON& Tower with Radar,22,13,16,88,139,0,0,30,14,44,22,13,46,102,183,55,90,145,328
11/11/2022,GPT,MS,ASO,CE,Combined TRACON& Tower with Radar,21,10,23,15,69,0,0,21,3,24,21,10,44,18,93,54,0,54,147
11/12/2022,GPT,MS,ASO,CE,Combined TRACON& Tower with Radar,16,6,24,28,74,0,0,5,2,7,16,6,29,30,81,10,0,10,91
11/13/2022,GPT,MS,ASO,CE,Combined TRACON& Tower with Radar,26,11,18,4,59,0,0,24,4,28,26,11,42,8,87,74,0,74,161
11/14/2022,GPT,MS,ASO,CE,Combined TRACON& Tower with Radar,26,4,12,36,78,0,2,10,23,35,26,6,22,59,113,0,16,16,129
11/15/2022,GPT,MS,ASO,CE,Combined TRACON& Tower with Radar,21,7,12,138,178,0,0,0,2,2,21,7,12,140,180,0,52,52,232
11/16/2022,GPT,MS,ASO,CE,Combined TRACON& Tower with Radar,19,6,6,106,137,0,2,19,36,57,19,8,25,142,194,18,50,68,262
11/17/2022,GPT,MS,ASO,CE,Combined TRACON& Tower with Radar,22,8,26,49,105,0,1,23,26,50,22,9,49,75,155,100,0,100,255
11/18/2022,GPT,MS,ASO,CE,Combined TRACON& Tower with Radar,24,9,15,121,169,0,2,21,23,46,24,11,36,144,215,74,36,110,325
11/19/2022,GPT,MS,ASO,CE,Combined TRACON& Tower with Radar,17,6,7,0,30,0,0,8,0,8,17,6,15,0,38,0,0,0,38
11/20/2022,GPT,MS,ASO,CE,Combined TRACON& Tower with Radar,20,5,8,3,36,0,0,21,0,21,20,5,29,3,57,10,0,10,67
11/21/2022,GPT,MS,ASO,CE,Combined TRACON& Tower with Radar,22,8,13,115,158,0,0,21,23,44,22,8,34,138,202,35,44,79,281
11/22/2022,GPT,MS,ASO,CE,Combined TRACON& Tower with Radar,24,6,13,38,81,0,0,25,5,30,24,6,38,43,111,8,4,12,123
11/23/2022,GPT,MS,ASO,CE,Combined TRACON& Tower with Radar,19,8,20,0,47,0,0,23,0,23,19,8,43,0,70,14,0,14,84
11/24/2022,GPT,MS,ASO,CE,Combined TRACON& Tower with Radar,13,6,2,0,21,0,0,0,0,0,13,6,2,0,21,0,0,0,21
11/25/2022,GPT,MS,ASO,CE,Combined TRACON& Tower with Radar,24,13,5,0,42,0,0,0,0,0,24,13,5,0,42,0,0,0,42
11/26/2022,GPT,MS,ASO,CE,Combined TRACON& Tower with Radar,15,11,9,0,35,0,0,0,0,0,15,11,9,0,35,0,0,0,35
11/27/2022,GPT,MS,ASO,CE,Combined TRACON& Tower with Radar,25,7,14,0,46,0,0,27,0,27,25,7,41,0,73,14,0,14,87
11/28/2022,GPT,MS,ASO,CE,Combined TRACON& Tower with Radar,21,8,8,106,143,0,0,19,18,37,21,8,27,124,180,16,0,16,196
11/29/2022,GPT,MS,ASO,CE,Combined TRACON& Tower with Radar,18,5,4,54,81,0,0,0,0,0,18,5,4,54,81,0,0,0,81
11/30/2022,GPT,MS,ASO,CE,Combined TRACON& Tower with Radar,18,5,4,127,154,0,6,15,45,66,18,11,19,172,220,18,70,88,308
12/01/2022,GPT,MS,ASO,CE,Combined TRACON& Tower with Radar,19,8,9,134,170,0,1,10,16,27,19,9,19,150,197,28,4,32,229
12/02/2022,GPT,MS,ASO,CE,Combined TRACON& Tower with Radar,18,8,20,126,172,0,0,9,7,16,18,8,29,133,188,20,14,34,222
12/03/2022,GPT,MS,ASO,CE,Combined TRACON& Tower with Radar,21,8,8,5,42,0,0,0,0,0,21,8,8,5,42,0,0,0,42
12/04/2022,GPT,MS,ASO,CE,Combined TRACON& Tower with Radar,24,8,10,38,80,0,1,12,4,17,24,9,22,42,97,4,2,6,103
12/05/2022,GPT,MS,ASO,CE,Combined TRACON& Tower with Radar,26,5,18,25,74,0,0,0,0,0,26,5,18,25,74,0,0,0,74
12/06/2022,GPT,MS,ASO,CE,Combined TRACON& Tower with Radar,20,9,9,93,131,0,4,29,14,47,20,13,38,107,178,18,14,32,210
12/07/2022,GPT,MS,ASO,CE,Combined TRACON& Tower with Radar,17,8,19,125,169,0,0,17,13,30,17,8,36,138,199,24,38,62,261
12/08/2022,GPT,MS,ASO,CE,Combined TRACON& Tower with Radar,22,7,7,60,96,0,1,10,5,16,22,8,17,65,112,14,28,42,154
12/09/2022,GPT,MS,ASO,CE,Combined TRACON& Tower with Radar,25,8,17,62,112,0,1,8,0,9,25,9,25,62,121,34,10,44,165
12/10/2022,GPT,MS,ASO,CE,Combined TRACON& Tower with Radar,18,5,15,15,53,0,0,5,0,5,18,5,20,15,58,8,0,8,66
12/11/2022,GPT,MS,ASO,CE,Combined TRACON& Tower with Radar,18,5,8,1,32,0,0,0,0,0,18,5,8,1,32,0,0,0,32
12/12/2022,GPT,MS,ASO,CE,Combined TRACON& Tower with Radar,22,4,20,105,151,0,0,6,2,8,22,4,26,107,159,4,14,18,177
12/13/2022,GPT,MS,ASO,CE,Combined TRACON& Tower with Radar,16,9,15,132,172,0,0,1,2,3,16,9,16,134,175,2,30,32,207
12/14/2022,GPT,MS,ASO,CE,Combined TRACON& Tower with Radar,19,6,7,7,39,0,0,0,0,0,19,6,7,7,39,2,0,2,41
12/15/2022,GPT,MS,ASO,CE,Combined TRACON& Tower with Radar,18,12,19,59,108,0,3,28,19,50,18,15,47,78,158,34,2,36,194
12/16/2022,GPT,MS,ASO,CE,Combined TRACON& Tower with Radar,21,9,26,54,110,0,0,43,15,58,21,9,69,69,168,52,30,82,250
12/17/2022,GPT,MS,ASO,CE,Combined TRACON& Tower with Radar,21,5,13,16,55,0,0,32,5,37,21,5,45,21,92,30,0,30,122
12/18/2022,GPT,MS,ASO,CE,Combined TRACON& Tower with Radar,18,7,14,14,53,0,0,43,0,43,18,7,57,14,96,73,0,73,169
12/19/2022,GPT,MS,ASO,CE,Combined TRACON& Tower with Radar,18,6,5,31,60,0,2,10,7,19,18,8,15,38,79,8,2,10,89
12/20/2022,GPT,MS,ASO,CE,Combined TRACON& Tower with Radar,18,8,16,18,60,0,0,0,0,0,18,8,16,18,60,0,0,0,60
12/21/2022,GPT,MS,ASO,CE,Combined TRACON& Tower with Radar,18,10,18,42,88,0,0,1,0,1,18,10,19,42,89,0,0,0,89
12/22/2022,GPT,MS,ASO,CE,Combined TRACON& Tower with Radar,19,7,12,82,120,0,0,14,5,19,19,7,26,87,139,12,80,92,231
12/23/2022,GPT,MS,ASO,CE,Combined TRACON& Tower with Radar,20,7,7,2,36,0,0,6,0,6,20,7,13,2,42,6,0,6,48
12/24/2022,GPT,MS,ASO,CE,Combined TRACON& Tower with Radar,14,8,7,0,29,0,0,6,0,6,14,8,13,0,35,14,0,14,49
12/25/2022,GPT,MS,ASO,CE,Combined TRACON& Tower with Radar,12,4,2,0,18,0,0,7,0,7,12,4,9,0,25,12,0,12,37
12/26/2022,GPT,MS,ASO,CE,Combined TRACON& Tower with Radar,17,5,10,0,32,0,0,37,0,37,17,5,47,0,69,34,0,34,103
12/27/2022,GPT,MS,ASO,CE,Combined TRACON& Tower with Radar,14,9,8,21,52,0,2,30,9,41,14,11,38,30,93,46,8,54,147
12/28/2022,GPT,MS,ASO,CE,Combined TRACON& Tower with Radar,17,9,10,44,80,0,0,19,4,23,17,9,29,48,103,20,0,20,123
12/29/2022,GPT,MS,ASO,CE,Combined TRACON& Tower with Radar,14,7,14,51,86,0,0,25,2,27,14,7,39,53,113,18,0,18,131
12/30/2022,GPT,MS,ASO,CE,Combined TRACON& Tower with Radar,19,6,7,2,34,0,0,0,0,0,19,6,7,2,34,0,0,0,34
12/31/2022,GPT,MS,ASO,CE,Combined TRACON& Tower with Radar,11,4,5,0,20,0,0,0,0,0,11,4,5,0,20,0,0,0,20
01/01/2023,GPT,MS,ASO,CE,Combined TRACON& Tower with Radar,16,5,8,0,29,0,0,0,0,0,16,5,8,0,29,0,0,0,29
01/02/2023,GPT,MS,ASO,CE,Combined TRACON& Tower with Radar,15,8,12,2,37,0,0,0,0,0,15,8,12,2,37,0,0,0,37
01/03/2023,GPT,MS,ASO,CE,Combined TRACON& Tower with Radar,15,3,5,8,31,0,0,0,0,0,15,3,5,8,31,0,0,0,31
01/04/2023,GPT,MS,ASO,CE,Combined TRACON& Tower with Radar,16,9,5,158,188,0,4,25,23,52,16,13,30,181,240,36,58,94,334
01/05/2023,GPT,MS,ASO,CE,Combined TRACON& Tower with Radar,18,7,16,77,118,0,5,34,8,47,18,12,50,85,165,14,16,30,195
01/06/2023,GPT,MS,ASO,CE,Combined TRACON& Tower with Radar,18,6,13,105,142,0,0,33,14,47,18,6,46,119,189,29,42,71,260
01/07/2023,GPT,MS,ASO,CE,Combined TRACON& Tower with Radar,17,5,18,8,48,0,0,38,6,44,17,5,56,14,92,48,2,50,142
01/08/2023,GPT,MS,ASO,CE,Combined TRACON& Tower with Radar,16,4,6,3,29,0,0,10,0,10,16,4,16,3,39,34,0,34,73
01/09/2023,GPT,MS,ASO,CE,Combined TRACON& Tower with Radar,20,5,17,80,122,0,0,29,19,48,20,5,46,99,170,26,28,54,224
01/10/2023,GPT,MS,ASO,CE,Combined TRACON& Tower with Radar,18,6,14,143,181,0,0,35,13,48,18,6,49,156,229,14,0,14,243
01/11/2023,GPT,MS,ASO,CE,Combined TRACON& Tower with Radar,18,10,18,101,147,0,0,3,1,4,18,10,21,102,151,0,0,0,151
01/12/2023,GPT,MS,ASO,CE,Combined TRACON& Tower with Radar,18,9,12,19,58,0,0,9,1,10,18,9,21,20,68,0,0,0,68
01/13/2023,GPT,MS,ASO,CE,Combined TRACON& Tower with Radar,19,7,12,78,116,0,0,8,9,17,19,7,20,87,133,2,2,4,137
01/14/2023,GPT,MS,ASO,CE,Combined TRACON& Tower with Radar,16,7,6,16,45,0,1,41,9,51,16,8,47,25,96,24,0,24,120
01/15/2023,GPT,MS,ASO,CE,Combined TRACON& Tower with Radar,20,4,7,6,37,0,0,42,6,48,20,4,49,12,85,48,0,48,133
01/16/2023,GPT,MS,ASO,CE,Combined TRACON& Tower with Radar,24,6,18,8,56,0,0,26,0,26,24,6,44,8,82,26,0,26,108
01/17/2023,GPT,MS,ASO,CE,Combined TRACON& Tower with Radar,22,11,14,40,87,0,4,14,8,26,22,15,28,48,113,12,82,94,207
01/18/2023,GPT,MS,ASO,CE,Combined TRACON& Tower with Radar,22,9,7,127,165,0,0,6,7,13,22,9,13,134,178,0,0,0,178
01/19/2023,GPT,MS,ASO,CE,Combined TRACON& Tower with Radar,20,10,26,86,142,0,2,18,11,31,20,12,44,97,173,22,8,30,203
01/20/2023,GPT,MS,ASO,CE,Combined TRACON& Tower with Radar,18,9,19,57,103,0,4,27,20,51,18,13,46,77,154,42,48,90,244
01/21/2023,GPT,MS,ASO,CE,Combined TRACON& Tower with Radar,21,5,12,17,55,0,0,3,0,3,21,5,15,17,58,32,0,32,90
01/22/2023,GPT,MS,ASO,CE,Combined TRACON& Tower with Radar,16,4,4,28,52,0,0,3,8,11,16,4,7,36,63,0,0,0,63
01/23/2023,GPT,MS,ASO,CE,Combined TRACON& Tower with Radar,22,9,14,110,155,0,0,28,14,42,22,9,42,124,197,22,40,62,259
01/24/2023,GPT,MS,ASO,CE,Combined TRACON& Tower with Radar,21,5,12,33,71,0,0,9,11,20,21,5,21,44,91,0,30,30,121
01/25/2023,GPT,MS,ASO,CE,Combined TRACON& Tower with Radar,18,8,16,134,176,0,6,27,15,48,18,14,43,149,224,24,71,95,319
01/26/2023,GPT,MS,ASO,CE,Combined TRACON& Tower with Radar,19,7,21,81,128,0,0,20,18,38,19,7,41,99,166,22,50,72,238
01/27/2023,GPT,MS,ASO,CE,Combined TRACON& Tower with Radar,20,9,19,60,108,0,0,24,18,42,20,9,43,78,150,0,0,0,150
01/28/2023,GPT,MS,ASO,CE,Combined TRACON& Tower with Radar,19,7,22,47,95,0,0,35,8,43,19,7,57,55,138,54,0,54,192
01/29/2023,GPT,MS,ASO,CE,Combined TRACON& Tower with Radar,15,4,7,2,28,0,0,6,0,6,15,4,13,2,34,0,0,0,34
01/30/2023,GPT,MS,ASO,CE,Combined TRACON& Tower with Radar,18,3,12,15,48,0,0,0,0,0,18,3,12,15,48,0,0,0,48
01/31/2023,GPT,MS,ASO,CE,Combined TRACON& Tower with Radar,17,2,9,16,44,0,0,0,0,0,17,2,9,16,44,0,0,0,44
02/01/2023,GPT,MS,ASO,CE,Combined TRACON& Tower with Radar,16,6,14,60,96,0,0,0,0,0,16,6,14,60,96,0,0,0,96
02/02/2023,GPT,MS,ASO,CE,Combined TRACON& Tower with Radar,20,7,8,18,53,0,0,0,0,0,20,7,8,18,53,0,0,0,53
02/03/2023,GPT,MS,ASO,CE,Combined TRACON& Tower with Radar,20,7,31,68,126,0,0,23,26,49,20,7,54,94,175,16,11,27,202
02/04/2023,GPT,MS,ASO,CE,Combined TRACON& Tower with Radar,20,9,12,18,59,0,0,32,2,34,20,9,44,20,93,70,26,96,189
02/05/2023,GPT,MS,ASO,CE,Combined TRACON& Tower with Radar,20,8,14,40,82,0,0,46,7,53,20,8,60,47,135,59,0,59,194
02/06/2023,GPT,MS,ASO,CE,Combined TRACON& Tower with Radar,19,5,16,95,135,0,0,23,27,50,19,5,39,122,185,47,19,66,251
02/07/2023,GPT,MS,ASO,CE,Combined TRACON& Tower with Radar,15,8,18,66,107,0,0,7,3,10,15,8,25,69,117,28,20,48,165
02/08/2023,GPT,MS,ASO,CE,Combined TRACON& Tower with Radar,21,9,13,27,70,0,1,2,3,6,21,10,15,30,76,0,12,12,88
02/09/2023,GPT,MS,ASO,CE,Combined TRACON& Tower with Radar,19,7,28,104,158,0,0,6,4,10,19,7,34,108,168,21,86,107,275
02/10/2023,GPT,MS,ASO,CE,Combined TRACON& Tower with Radar,19,11,28,43,101,0,1,11,10,22,19,12,39,53,123,44,42,86,209
02/11/2023,GPT,MS,ASO,CE,Combined TRACON& Tower with Radar,18,6,18,4,46,0,0,0,0,0,18,6,18,4,46,0,0,0,46
02/12/2023,GPT,MS,ASO,CE,Combined TRACON& Tower with Radar,18,10,18,7,53,0,3,30,6,39,18,13,48,13,92,62,0,62,154
02/13/2023,GPT,MS,ASO,CE,Combined TRACON& Tower with Radar,22,7,38,61,128,0,1,34,1,36,22,8,72,62,164,74,14,88,252
02/14/2023,GPT,MS,ASO,CE,Combined TRACON& Tower with Radar,22,7,19,80,128,0,0,25,7,32,22,7,44,87,160,10,40,50,210
02/15/2023,GPT,MS,ASO,CE,Combined TRACON& Tower with Radar,19,11,13,39,82,0,1,21,10,32,19,12,34,49,114,24,0,24,138
02/16/2023,GPT,MS,ASO,CE,Combined TRACON& Tower with Radar,22,8,15,17,62,0,0,0,0,0,22,8,15,17,62,0,0,0,62
02/17/2023,GPT,MS,ASO,CE,Combined TRACON& Tower with Radar,22,5,21,16,64,0,0,11,9,20,22,5,32,25,84,0,0,0,84
02/18/2023,GPT,MS,ASO,CE,Combined TRACON& Tower with Radar,20,5,12,10,47,0,0,34,2,36,20,5,46,12,83,24,0,24,107
02/19/2023,GPT,MS,ASO,CE,Combined TRACON& Tower with Radar,17,6,20,7,50,0,4,35,0,39,17,10,55,7,89,0,0,0,89
02/20/2023,GPT,MS,ASO,CE,Combined TRACON& Tower with Radar,25,6,5,4,40,0,0,17,2,19,25,6,22,6,59,2,0,2,61
02/21/2023,GPT,MS,ASO,CE,Combined TRACON& Tower with Radar,20,7,17,78,122,0,1,12,6,19,20,8,29,84,141,28,6,34,175
02/22/2023,GPT,MS,ASO,CE,Combined TRACON& Tower with Radar,18,7,15,56,96,0,0,2,3,5,18,7,17,59,101,6,6,12,113
02/23/2023,GPT,MS,ASO,CE,Combined TRACON& Tower with Radar,25,8,14,81,128,0,0,0,4,4,25,8,14,85,132,0,0,0,132
02/24/2023,GPT,MS,ASO,CE,Combined TRACON& Tower with Radar,20,7,16,22,65,0,0,2,3,5,20,7,18,25,70,0,0,0,70
02/25/2023,GPT,MS,ASO,CE,Combined TRACON& Tower with Radar,19,6,5,23,53,0,0,13,6,19,19,6,18,29,72,18,0,18,90
02/26/2023,GPT,MS,ASO,CE,Combined TRACON& Tower with Radar,18,9,16,16,59,0,0,23,4,27,18,9,39,20,86,51,0,51,137
02/27/2023,GPT,MS,ASO,CE,Combined TRACON& Tower with Radar,19,12,12,64,107,0,0,5,5,10,19,12,17,69,117,2,0,2,119
02/28/2023,GPT,MS,ASO,CE,Combined TRACON& Tower with Radar,17,11,27,91,146,0,1,19,5,25,17,12,46,96,171,8,42,50,221
03/01/2023,GPT,MS,ASO,CE,Combined TRACON& Tower with Radar,23,9,20,58,110,0,0,7,1,8,23,9,27,59,118,34,0,34,152
03/02/2023,GPT,MS,ASO,CE,Combined TRACON& Tower with Radar,21,11,10,109,151,0,0,2,2,4,21,11,12,111,155,26,1,27,182
03/03/2023,GPT,MS,ASO,CE,Combined TRACON& Tower with Radar,24,9,12,52,97,0,0,6,13,19,24,9,18,65,116,10,26,36,152
03/04/2023,GPT,MS,ASO,CE,Combined TRACON& Tower with Radar,17,7,17,11,52,0,2,55,6,63,17,9,72,17,115,114,0,114,229
03/05/2023,GPT,MS,ASO,CE,Combined TRACON& Tower with Radar,21,10,10,11,52,0,0,46,19,65,21,10,56,30,117,105,0,105,222
03/06/2023,GPT,MS,ASO,CE,Combined TRACON& Tower with Radar,21,7,36,26,90,0,0,0,0,0,21,7,36,26,90,4,0,4,94
03/07/2023,GPT,MS,ASO,CE,Combined TRACON& Tower with Radar,20,13,16,63,112,0,6,21,10,37,20,19,37,73,149,48,8,56,205
03/08/2023,GPT,MS,ASO,CE,Combined TRACON& Tower with Radar,21,9,9,70,109,0,4,8,3,15,21,13,17,73,124,20,8,28,152
03/09/2023,GPT,MS,ASO,CE,Combined TRACON& Tower with Radar,23,15,16,52,106,0,0,17,0,17,23,15,33,52,123,38,0,38,161
03/10/2023,GPT,MS,ASO,CE,Combined TRACON& Tower with Radar,21,13,26,86,146,0,0,24,7,31,21,13,50,93,177,56,28,84,261
03/11/2023,GPT,MS,ASO,CE,Combined TRACON& Tower with Radar,19,11,14,13,57,0,0,22,4,26,19,11,36,17,83,86,4,90,173
03/12/2023,GPT,MS,ASO,CE,Combined TRACON& Tower with Radar,18,12,23,2,55,0,0,2,2,4,18,12,25,4,59,0,0,0,59
03/13/2023,GPT,MS,ASO,CE,Combined TRACON& Tower with Radar,24,7,18,64,113,0,0,26,11,37,24,7,44,75,150,26,16,42,192
03/14/2023,GPT,MS,ASO,CE,Combined TRACON& Tower with Radar,21,6,17,96,140,0,2,26,24,52,21,8,43,120,192,24,58,82,274
03/15/2023,GPT,MS,ASO,CE,Combined TRACON& Tower with Radar,21,11,14,88,134,0,0,41,16,57,21,11,55,104,191,74,64,138,329
03/16/2023,GPT,MS,ASO,CE,Combined TRACON& Tower with Radar,17,13,27,82,139,0,1,31,13,45,17,14,58,95,184,64,28,92,276
03/17/2023,GPT,MS,ASO,CE,Combined TRACON& Tower with Radar,22,9,13,0,44,0,0,1,2,3,22,9,14,2,47,0,0,0,47
03/18/2023,GPT,MS,ASO,CE,Combined TRACON& Tower with Radar,16,11,18,18,63,0,0,9,14,23,16,11,27,32,86,0,0,0,86
03/19/2023,GPT,MS,ASO,CE,Combined TRACON& Tower with Radar,20,6,35,15,76,0,0,25,10,35,20,6,60,25,111,48,0,48,159
03/20/2023,GPT,MS,ASO,CE,Combined TRACON& Tower with Radar,23,8,31,55,117,0,2,40,11,53,23,10,71,66,170,40,84,124,294
03/21/2023,GPT,MS,ASO,CE,Combined TRACON& Tower with Radar,23,9,34,82,148,0,0,31,15,46,23,9,65,97,194,46,48,94,288
03/22/2023,GPT,MS,ASO,CE,Combined TRACON& Tower with Radar,23,8,41,92,164,0,1,49,16,66,23,9,90,108,230,12,106,118,348
03/23/2023,GPT,MS,ASO,CE,Combined TRACON& Tower with Radar,18,9,37,60,124,0,0,4,0,4,18,9,41,60,128,0,0,0,128
03/24/2023,GPT,MS,ASO,CE,Combined TRACON& Tower with Radar,24,7,23,75,129,0,0,6,4,10,24,7,29,79,139,2,4,6,145
03/25/2023,GPT,MS,ASO,CE,Combined TRACON& Tower with Radar,19,7,22,3,51,0,0,16,2,18,19,7,38,5,69,0,0,0,69
03/26/2023,GPT,MS,ASO,CE,Combined TRACON& Tower with Radar,19,5,17,5,46,0,0,0,0,0,19,5,17,5,46,0,0,0,46
03/27/2023,GPT,MS,ASO,CE,Combined TRACON& Tower with Radar,30,5,19,26,80,0,1,6,1,8,30,6,25,27,88,2,14,16,104
03/28/2023,GPT,MS,ASO,CE,Combined TRACON& Tower with Radar,21,6,6,25,58,0,0,5,14,19,21,6,11,39,77,0,0,0,77
03/29/2023,GPT,MS,ASO,CE,Combined TRACON& Tower with Radar,23,8,14,43,88,0,0,35,16,51,23,8,49,59,139,12,44,56,195
03/30/2023,GPT,MS,ASO,CE,Combined TRACON& Tower with Radar,25,10,24,39,98,0,4,45,7,56,25,14,69,46,154,50,14,64,218
03/31/2023,GPT,MS,ASO,CE,Combined TRACON& Tower with Radar,20,8,19,104,151,0,1,18,3,22,20,9,37,107,173,24,16,40,213
04/01/2023,GPT,MS,ASO,CE,Combined TRACON& Tower with Radar,18,6,14,15,53,0,0,17,0,17,18,6,31,15,70,4,0,4,74
04/02/2023,GPT,MS,ASO,CE,Combined TRACON& Tower with Radar,20,9,19,22,70,0,1,24,6,31,20,10,43,28,101,0,0,0,101
04/03/2023,GPT,MS,ASO,CE,Combined TRACON& Tower with Radar,26,9,11,70,116,0,0,3,0,3,26,9,14,70,119,10,30,40,159
04/04/2023,GPT,MS,ASO,CE,Combined TRACON& Tower with Radar,22,10,23,71,126,0,0,0,0,0,22,10,23,71,126,0,0,0,126
04/05/2023,GPT,MS,ASO,CE,Combined TRACON& Tower with Radar,19,4,21,60,104,0,0,0,2,2,19,4,21,62,106,0,0,0,106
04/06/2023,GPT,MS,ASO,CE,Combined TRACON& Tower with Radar,19,12,11,29,71,2,0,8,2,12,21,12,19,31,83,0,0,0,83
04/07/2023,GPT,MS,ASO,CE,Combined TRACON& Tower with Radar,19,9,24,5,57,0,0,2,0,2,19,9,26,5,59,0,0,0,59
04/08/2023,GPT,MS,ASO,CE,Combined TRACON& Tower with Radar,21,6,15,4,46,0,0,1,0,1,21,6,16,4,47,4,0,4,51
04/09/2023,GPT,MS,ASO,CE,Combined TRACON& Tower with Radar,17,5,14,4,40,0,0,0,1,1,17,5,14,5,41,0,0,0,41
04/10/2023,GPT,MS,ASO,CE,Combined TRACON& Tower with Radar,19,12,19,36,86,0,2,21,1,24,19,14,40,37,110,2,0,2,112
04/11/2023,GPT,MS,ASO,CE,Combined TRACON& Tower with Radar,21,10,16,29,76,0,0,23,5,28,21,10,39,34,104,32,10,42,146
04/12/2023,GPT,MS,ASO,CE,Combined TRACON& Tower with Radar,18,12,21,29,80,0,0,20,8,28,18,12,41,37,108,32,0,32,140
04/13/2023,GPT,MS,ASO,CE,Combined TRACON& Tower with Radar,26,8,18,83,135,0,0,6,6,12,26,8,24,89,147,0,0,0,147
04/14/2023,GPT,MS,ASO,CE,Combined TRACON& Tower with Radar,20,8,27,42,97,0,4,40,20,64,20,12,67,62,161,56,22,78,239
04/15/2023,GPT,MS,ASO,CE,Combined TRACON& Tower with Radar,16,6,13,7,42,0,5,3,0,8,16,11,16,7,50,14,0,14,64
04/16/2023,GPT,MS,ASO,CE,Combined TRACON& Tower with Radar,19,10,26,5,60,0,4,20,19,43,19,14,46,24,103,0,0,0,103
04/17/2023,GPT,MS,ASO,CE,Combined TRACON& Tower with Radar,22,13,20,98,153,0,5,44,20,69,22,18,64,118,222,20,28,48,270
04/18/2023,GPT,MS,ASO,CE,Combined TRACON& Tower with Radar,22,11,24,57,114,0,0,32,34,66,22,11,56,91,180,28,18,46,226
04/19/2023,GPT,MS,ASO,CE,Combined TRACON& Tower with Radar,20,11,16,91,138,0,0,31,29,60,20,11,47,120,198,54,14,68,266
04/20/2023,GPT,MS,ASO,CE,Combined TRACON& Tower with Radar,26,17,21,44,108,0,0,23,11,34,26,17,44,55,142,50,6,56,198
04/21/2023,GPT,MS,ASO,CE,Combined TRACON& Tower with Radar,17,11,24,45,97,0,3,27,14,44,17,14,51,59,141,72,10,82,223
04/22/2023,GPT,MS,ASO,CE,Combined TRACON& Tower with Radar,15,12,17,3,47,0,2,24,14,40,15,14,41,17,87,12,2,14,101
04/23/2023,GPT,MS,ASO,CE,Combined TRACON& Tower with Radar,21,13,22,17,73,0,0,37,20,57,21,13,59,37,130,28,6,34,164
04/24/2023,GPT,MS,ASO,CE,Combined TRACON& Tower with Radar,24,6,6,64,100,0,0,31,33,64,24,6,37,97,164,48,12,60,224
04/25/2023,GPT,MS,ASO,CE,Combined TRACON& Tower with Radar,17,8,21,71,117,0,1,49,35,85,17,9,70,106,202,32,34,66,268
04/26/2023,GPT,MS,ASO,CE,Combined TRACON& Tower with Radar,18,13,17,90,138,0,0,30,28,58,18,13,47,118,196,20,16,36,232
04/27/2023,GPT,MS,ASO,CE,Combined TRACON& Tower with Radar,18,10,16,29,73,0,1,9,8,18,18,11,25,37,91,12,12,24,115
04/28/2023,GPT,MS,ASO,CE,Combined TRACON& Tower with Radar,16,12,17,53,98,0,1,36,16,53,16,13,53,69,151,12,26,38,189
04/29/2023,GPT,MS,ASO,CE,Combined TRACON& Tower with Radar,20,6,14,2,42,0,0,10,0,10,20,6,24,2,52,40,0,40,92
04/30/2023,GPT,MS,ASO,CE,Combined TRACON& Tower with Radar,20,6,21,2,49,0,1,22,3,26,20,7,43,5,75,28,0,28,103
05/01/2023,GPT,MS,ASO,CE,Combined TRACON& Tower with Radar,23,7,14,93,137,0,0,39,23,62,23,7,53,116,199,12,46,58,257
05/02/2023,GPT,MS,ASO,CE,Combined TRACON& Tower with Radar,19,7,24,87,137,0,1,46,18,65,19,8,70,105,202,43,24,67,269
05/03/2023,GPT,MS,ASO,CE,Combined TRACON& Tower with Radar,26,8,22,127,183,0,2,26,14,42,26,10,48,141,225,30,60,90,315
05/04/2023,GPT,MS,ASO,CE,Combined TRACON& Tower with Radar,19,7,24,62,112,0,0,37,17,54,19,7,61,79,166,50,0,50,216
05/05/2023,GPT,MS,ASO,CE,Combined TRACON& Tower with Radar,18,11,31,4,64,0,0,2,0,2,18,11,33,4,66,0,0,0,66
05/06/2023,GPT,MS,ASO,CE,Combined TRACON& Tower with Radar,18,8,12,0,38,0,0,2,0,2,18,8,14,0,40,0,0,0,40
05/07/2023,GPT,MS,ASO,CE,Combined TRACON& Tower with Radar,21,8,20,22,71,0,0,14,0,14,21,8,34,22,85,4,0,4,89
05/08/2023,GPT,MS,ASO,CE,Combined TRACON& Tower with Radar,19,7,25,37,88,0,0,5,0,5,19,7,30,37,93,12,0,12,105
05/09/2023,GPT,MS,ASO,CE,Combined TRACON& Tower with Radar,16,6,15,11,48,0,0,10,7,17,16,6,25,18,65,22,20,42,107
05/10/2023,GPT,MS,ASO,CE,Combined TRACON& Tower with Radar,18,9,25,107,159,0,0,23,1,24,18,9,48,108,183,30,38,68,251
05/11/2023,GPT,MS,ASO,CE,Combined TRACON& Tower with Radar,23,10,20,27,80,0,0,7,1,8,23,10,27,28,88,31,9,40,128
05/12/2023,GPT,MS,ASO,CE,Combined TRACON& Tower with Radar,17,11,16,89,133,0,0,21,12,33,17,11,37,101,166,2,32,34,200
05/13/2023,GPT,MS,ASO,CE,Combined TRACON& Tower with Radar,18,10,18,10,56,0,0,33,8,41,18,10,51,18,97,30,26,56,153
05/14/2023,GPT,MS,ASO,CE,Combined TRACON& Tower with Radar,19,5,15,20,59,0,0,27,15,42,19,5,42,35,101,36,0,36,137
05/15/2023,GPT,MS,ASO,CE,Combined TRACON& Tower with Radar,18,8,21,75,122,0,4,24,11,39,18,12,45,86,161,24,24,48,209
05/16/2023,GPT,MS,ASO,CE,Combined TRACON& Tower with Radar,15,11,10,79,115,0,4,26,17,47,15,15,36,96,162,24,10,34,196
05/17/2023,GPT,MS,ASO,CE,Combined TRACON& Tower with Radar,26,6,21,19,72,0,0,13,1,14,26,6,34,20,86,12,16,28,114
05/18/2023,GPT,MS,ASO,CE,Combined TRACON& Tower with Radar,20,11,17,61,109,0,0,27,23,50,20,11,44,84,159,34,30,64,223
05/19/2023,GPT,MS,ASO,CE,Combined TRACON& Tower with Radar,16,8,18,44,86,0,0,36,14,50,16,8,54,58,136,16,0,16,152
05/20/2023,GPT,MS,ASO,CE,Combined TRACON& Tower with Radar,22,9,12,18,61,0,4,32,7,43,22,13,44,25,104,20,6,26,130
05/21/2023,GPT,MS,ASO,CE,Combined TRACON& Tower with Radar,20,10,18,28,76,0,0,34,7,41,20,10,52,35,117,48,0,48,165
05/22/2023,GPT,MS,ASO,CE,Combined TRACON& Tower with Radar,23,7,9,94,133,0,0,29,12,41,23,7,38,106,174,70,32,102,276
05/23/2023,GPT,MS,ASO,CE,Combined TRACON& Tower with Radar,19,13,31,85,148,0,2,16,13,31,19,15,47,98,179,26,66,92,271
05/24/2023,GPT,MS,ASO,CE,Combined TRACON& Tower with Radar,19,10,19,73,121,0,1,15,9,25,19,11,34,82,146,0,6,6,152
05/25/2023,GPT,MS,ASO,CE,Combined TRACON& Tower with Radar,21,10,22,120,173,0,2,36,17,55,21,12,58,137,228,24,8,32,260
05/26/2023,GPT,MS,ASO,CE,Combined TRACON& Tower with Radar,18,11,28,45,102,0,0,32,13,45,18,11,60,58,147,50,0,50,197
05/27/2023,GPT,MS,ASO,CE,Combined TRACON& Tower with Radar,21,8,17,11,57,0,0,25,7,32,21,8,42,18,89,24,0,24,113
05/28/2023,GPT,MS,ASO,CE,Combined TRACON& Tower with Radar,21,11,17,18,67,0,2,26,9,37,21,13,43,27,104,38,0,38,142
05/29/2023,GPT,MS,ASO,CE,Combined TRACON& Tower with Radar,19,6,17,2,44,0,1,25,5,31,19,7,42,7,75,18,0,18,93
05/30/2023,GPT,MS,ASO,CE,Combined TRACON& Tower with Radar,17,8,9,62,96,0,1,28,3,32,17,9,37,65,128,48,2,50,178
05/31/2023,GPT,MS,ASO,CE,Combined TRACON& Tower with Radar,22,8,8,115,153,0,0,22,23,45,22,8,30,138,198,23,24,47,245
06/01/2023,GPT,MS,ASO,CE,Combined TRACON& Tower with Radar,26,8,22,107,163,0,1,24,11,36,26,9,46,118,199,38,0,38,237
06/02/2023,GPT,MS,ASO,CE,Combined TRACON& Tower with Radar,25,8,13,129,175,0,2,24,21,47,25,10,37,150,222,36,32,68,290
06/03/2023,GPT,MS,ASO,CE,Combined TRACON& Tower with Radar,20,7,10,18,55,0,0,28,2,30,20,7,38,20,85,58,0,58,143
06/04/2023,GPT,MS,ASO,CE,Combined TRACON& Tower with Radar,19,9,15,45,88,0,0,14,7,21,19,9,29,52,109,12,2,14,123
06/05/2023,GPT,MS,ASO,CE,Combined TRACON& Tower with Radar,21,9,21,69,120,0,0,35,18,53,21,9,56,87,173,54,26,80,253
06/06/2023,GPT,MS,ASO,CE,Combined TRACON& Tower with Radar,21,11,16,19,67,0,0,29,2,31,21,11,45,21,98,0,0,0,98
06/07/2023,GPT,MS,ASO,CE,Combined TRACON& Tower with Radar,24,10,37,93,164,0,5,35,23,63,24,15,72,116,227,18,12,30,257
06/08/2023,GPT,MS,ASO,CE,Combined TRACON& Tower with Radar,21,9,21,30,81,0,0,24,4,28,21,9,45,34,109,34,0,34,143
06/09/2023,GPT,MS,ASO,CE,Combined TRACON& Tower with Radar,18,8,18,47,91,0,1,27,10,38,18,9,45,57,129,35,0,35,164
06/10/2023,GPT,MS,ASO,CE,Combined TRACON& Tower with Radar,20,8,12,20,60,0,2,26,6,34,20,10,38,26,94,20,4,24,118
06/11/2023,GPT,MS,ASO,CE,Combined TRACON& Tower with Radar,16,13,37,54,120,0,4,37,2,43,16,17,74,56,163,38,0,38,201
06/12/2023,GPT,MS,ASO,CE,Combined TRACON& Tower with Radar,24,8,20,65,117,0,0,37,5,42,24,8,57,70,159,40,62,102,261
06/13/2023,GPT,MS,ASO,CE,Combined TRACON& Tower with Radar,26,7,16,41,90,0,0,48,10,58,26,7,64,51,148,126,28,154,302
06/14/2023,GPT,MS,ASO,CE,Combined TRACON& Tower with Radar,23,12,22,75,132,0,0,14,12,26,23,12,36,87,158,0,0,0,158
06/15/2023,GPT,MS,ASO,CE,Combined TRACON& Tower with Radar,20,15,21,3,59,0,0,9,4,13,20,15,30,7,72,0,0,0,72
06/16/2023,GPT,MS,ASO,CE,Combined TRACON& Tower with Radar,25,9,18,27,79,0,0,8,5,13,25,9,26,32,92,0,0,0,92
06/17/2023,GPT,MS,ASO,CE,Combined TRACON& Tower with Radar,20,13,7,2,42,0,0,16,3,19,20,13,23,5,61,0,0,0,61
06/18/2023,GPT,MS,ASO,CE,Combined TRACON& Tower with Radar,19,8,22,6,55,0,0,9,0,9,19,8,31,6,64,8,0,8,72
06/19/2023,GPT,MS,ASO,CE,Combined TRACON& Tower with Radar,23,8,13,0,44,0,0,3,0,3,23,8,16,0,47,0,0,0,47
06/20/2023,GPT,MS,ASO,CE,Combined TRACON& Tower with Radar,20,9,12,15,56,0,0,11,0,11,20,9,23,15,67,12,0,12,79
06/21/2023,GPT,MS,ASO,CE,Combined TRACON& Tower with Radar,23,8,27,93,151,0,2,28,22,52,23,10,55,115,203,32,74,106,309
06/22/2023,GPT,MS,ASO,CE,Combined TRACON& Tower with Radar,22,9,17,51,99,0,4,35,9,48,22,13,52,60,147,56,4,60,207
06/23/2023,GPT,MS,ASO,CE,Combined TRACON& Tower with Radar,20,13,17,66,116,0,7,27,0,34,20,20,44,66,150,44,0,44,194
06/24/2023,GPT,MS,ASO,CE,Combined TRACON& Tower with Radar,21,12,19,21,73,0,8,24,9,41,21,20,43,30,114,14,14,28,142
06/25/2023,GPT,MS,ASO,CE,Combined TRACON& Tower with Radar,21,10,13,4,48,0,0,26,7,33,21,10,39,11,81,14,0,14,95
06/26/2023,GPT,MS,ASO,CE,Combined TRACON& Tower with Radar,20,10,17,32,79,0,3,29,7,39,20,13,46,39,118,76,0,76,194
06/27/2023,GPT,MS,ASO,CE,Combined TRACON& Tower with Radar,19,10,12,99,140,0,2,19,34,55,19,12,31,133,195,52,38,90,285
06/28/2023,GPT,MS,ASO,CE,Combined TRACON& Tower with Radar,23,15,20,74,132,0,0,41,12,53,23,15,61,86,185,8,14,22,207
06/29/2023,GPT,MS,ASO,CE,Combined TRACON& Tower with Radar,18,8,15,63,104,0,0,45,13,58,18,8,60,76,162,20,8,28,190
06/30/2023,GPT,MS,ASO,CE,Combined TRACON& Tower with Radar,18,9,11,33,71,0,2,37,4,43,18,11,48,37,114,40,10,50,164
07/01/2023,GPT,MS,ASO,CE,Combined TRACON& Tower with Radar,26,8,10,4,48,0,0,38,1,39,26,8,48,5,87,0,0,0,87
07/02/2023,GPT,MS,ASO,CE,Combined TRACON& Tower with Radar,18,6,3,0,27,0,0,20,0,20,18,6,23,0,47,70,0,70,117
07/03/2023,GPT,MS,ASO,CE,Combined TRACON& Tower with Radar,18,7,7,0,32,0,0,10,1,11,18,7,17,1,43,12,0,12,55
07/04/2023,GPT,MS,ASO,CE,Combined TRACON& Tower with Radar,18,4,11,0,33,0,0,11,1,12,18,4,22,1,45,0,0,0,45
07/05/2023,GPT,MS,ASO,CE,Combined TRACON& Tower with Radar,20,10,6,26,62,0,1,12,11,24,20,11,18,37,86,0,0,0,86
07/06/2023,GPT,MS,ASO,CE,Combined TRACON& Tower with Radar,18,11,8,47,84,0,0,33,15,48,18,11,41,62,132,32,6,38,170
07/07/2023,GPT,MS,ASO,CE,Combined TRACON& Tower with Radar,22,10,15,92,139,0,0,31,10,41,22,10,46,102,180,0,0,0,180
07/08/2023,GPT,MS,ASO,CE,Combined TRACON& Tower with Radar,22,8,6,14,50,0,2,16,2,20,22,10,22,16,70,8,0,8,78
07/09/2023,GPT,MS,ASO,CE,Combined TRACON& Tower with Radar,18,7,12,12,49,0,0,8,0,8,18,7,20,12,57,18,0,18,75
07/10/2023,GPT,MS,ASO,CE,Combined TRACON& Tower with Radar,19,9,14,6,48,0,0,14,0,14,19,9,28,6,62,22,0,22,84
07/11/2023,GPT,MS,ASO,CE,Combined TRACON& Tower with Radar,18,8,9,34,69,0,4,21,8,33,18,12,30,42,102,30,12,42,144
07/12/2023,GPT,MS,ASO,CE,Combined TRACON& Tower with Radar,24,8,11,14,57,0,0,13,4,17,24,8,24,18,74,14,0,14,88
07/13/2023,GPT,MS,ASO,CE,Combined TRACON& Tower with Radar,21,7,27,26,81,0,0,22,18,40,21,7,49,44,121,18,5,23,144
07/14/2023,GPT,MS,ASO,CE,Combined TRACON& Tower with Radar,20,8,28,82,138,0,0,42,15,57,20,8,70,97,195,48,1,49,244
07/15/2023,GPT,MS,ASO,CE,Combined TRACON& Tower with Radar,24,7,6,47,84,0,4,42,5,51,24,11,48,52,135,0,0,0,135
07/16/2023,GPT,MS,ASO,CE,Combined TRACON& Tower with Radar,19,6,16,15,56,0,1,16,0,17,19,7,32,15,73,12,0,12,85
07/17/2023,GPT,MS,ASO,CE,Combined TRACON& Tower with Radar,18,9,18,80,125,0,1,39,25,65,18,10,57,105,190,65,22,87,277
07/18/2023,GPT,MS,ASO,CE,Combined TRACON& Tower with Radar,18,9,22,62,111,0,3,43,10,56,18,12,65,72,167,90,0,90,257
07/19/2023,GPT,MS,ASO,CE,Combined TRACON& Tower with Radar,27,11,20,90,148,0,0,53,10,63,27,11,73,100,211,46,66,112,323
07/20/2023,GPT,MS,ASO,CE,Combined TRACON& Tower with Radar,19,18,17,86,140,0,9,27,8,44,19,27,44,94,184,26,16,42,226
07/21/2023,GPT,MS,ASO,CE,Combined TRACON& Tower with Radar,18,15,18,108,159,0,1,25,18,44,18,16,43,126,203,10,50,60,263
07/22/2023,GPT,MS,ASO,CE,Combined TRACON& Tower with Radar,25,7,5,0,37,0,0,25,2,27,25,7,30,2,64,14,0,14,78
07/23/2023,GPT,MS,ASO,CE,Combined TRACON& Tower with Radar,18,11,15,20,64,0,0,18,1,19,18,11,33,21,83,0,0,0,83
07/24/2023,GPT,MS,ASO,CE,Combined TRACON& Tower with Radar,24,9,14,33,80,0,0,31,1,32,24,9,45,34,112,0,0,0,112
07/25/2023,GPT,MS,ASO,CE,Combined TRACON& Tower with Radar,18,9,23,73,123,0,2,30,14,46,18,11,53,87,169,0,0,0,169
07/26/2023,GPT,MS,ASO,CE,Combined TRACON& Tower with Radar,24,14,14,52,104,0,2,24,6,32,24,16,38,58,136,18,0,18,154
07/27/2023,GPT,MS,ASO,CE,Combined TRACON& Tower with Radar,22,18,14,74,128,0,6,38,15,59,22,24,52,89,187,28,26,54,241
07/28/2023,GPT,MS,ASO,CE,Combined TRACON& Tower with Radar,20,15,23,82,140,0,0,24,16,40,20,15,47,98,180,0,26,26,206
07/29/2023,GPT,MS,ASO,CE,Combined TRACON& Tower with Radar,26,12,8,24,70,0,0,30,16,46,26,12,38,40,116,40,14,54,170
07/30/2023,GPT,MS,ASO,CE,Combined TRACON& Tower with Radar,21,11,11,0,43,0,0,33,5,38,21,11,44,5,81,54,0,54,135
07/31/2023,GPT,MS,ASO,CE,Combined TRACON& Tower with Radar,19,7,8,92,126,0,0,34,7,41,19,7,42,99,167,28,4,32,199
08/01/2023,GPT,MS,ASO,CE,Combined TRACON& Tower with Radar,18,10,11,63,102,0,0,34,30,64,18,10,45,93,166,24,38,62,228
08/02/2023,GPT,MS,ASO,CE,Combined TRACON& Tower with Radar,20,15,14,73,122,0,0,25,26,51,20,15,39,99,173,48,68,116,289
08/03/2023,GPT,MS,ASO,CE,Combined TRACON& Tower with Radar,21,11,18,52,102,0,3,42,18,63,21,14,60,70,165,36,28,64,229
08/04/2023,GPT,MS,ASO,CE,Combined TRACON& Tower with Radar,21,11,15,110,157,0,1,38,16,55,21,12,53,126,212,32,74,106,318
08/05/2023,GPT,MS,ASO,CE,Combined TRACON& Tower with Radar,25,9,7,29,70,0,0,21,1,22,25,9,28,30,92,58,0,58,150
08/06/2023,GPT,MS,ASO,CE,Combined TRACON& Tower with Radar,21,9,7,17,54,0,0,24,1,25,21,9,31,18,79,34,0,34,113
08/07/2023,GPT,MS,ASO,CE,Combined TRACON& Tower with Radar,20,7,5,38,70,0,0,24,12,36,20,7,29,50,106,24,0,24,130
08/08/2023,GPT,MS,ASO,CE,Combined TRACON& Tower with Radar,17,13,9,62,101,0,2,28,23,53,17,15,37,85,154,14,36,50,204
08/09/2023,GPT,MS,ASO,CE,Combined TRACON& Tower with Radar,23,16,14,75,128,0,3,21,14,38,23,19,35,89,166,8,34,42,208
08/10/2023,GPT,MS,ASO,CE,Combined TRACON& Tower with Radar,22,10,11,56,99,0,1,31,10,42,22,11,42,66,141,51,24,75,216
08/11/2023,GPT,MS,ASO,CE,Combined TRACON& Tower with Radar,23,9,21,74,127,0,0,25,15,40,23,9,46,89,167,12,50,62,229
08/12/2023,GPT,MS,ASO,CE,Combined TRACON& Tower with Radar,23,8,15,9,55,0,0,27,9,36,23,8,42,18,91,50,0,50,141
08/13/2023,GPT,MS,ASO,CE,Combined TRACON& Tower with Radar,21,6,11,14,52,0,0,29,4,33,21,6,40,18,85,45,0,45,130
08/14/2023,GPT,MS,ASO,CE,Combined TRACON& Tower with Radar,20,7,10,56,93,0,0,32,14,46,20,7,42,70,139,12,14,26,165
08/15/2023,GPT,MS,ASO,CE,Combined TRACON& Tower with Radar,18,10,20,38,86,0,0,22,4,26,18,10,42,42,112,46,8,54,166
08/16/2023,GPT,MS,ASO,CE,Combined TRACON& Tower with Radar,25,10,10,49,94,0,2,38,11,51,25,12,48,60,145,42,30,72,217
08/17/2023,GPT,MS,ASO,CE,Combined TRACON& Tower with Radar,23,10,15,55,103,0,1,32,16,49,23,11,47,71,152,10,34,44,196
08/18/2023,GPT,MS,ASO,CE,Combined TRACON& Tower with Radar,18,10,21,96,145,0,1,23,13,37,18,11,44,109,182,8,36,44,226
08/19/2023,GPT,MS,ASO,CE,Combined TRACON& Tower with Radar,19,7,14,35,75,0,1,53,18,72,19,8,67,53,147,24,60,84,231
08/20/2023,GPT,MS,ASO,CE,Combined TRACON& Tower with Radar,20,7,10,31,68,0,0,28,1,29,20,7,38,32,97,52,0,52,149
08/21/2023,GPT,MS,ASO,CE,Combined TRACON& Tower with Radar,21,7,20,24,72,0,2,19,6,27,21,9,39,30,99,37,0,37,136
08/22/2023,GPT,MS,ASO,CE,Combined TRACON& Tower with Radar,23,6,16,75,120,0,0,29,8,37,23,6,45,83,157,80,0,80,237
08/23/2023,GPT,MS,ASO,CE,Combined TRACON& Tower with Radar,21,7,16,40,84,0,1,28,19,48,21,8,44,59,132,4,0,4,136
08/24/2023,GPT,MS,ASO,CE,Combined TRACON& Tower with Radar,25,6,28,25,84,0,0,32,10,42,25,6,60,35,126,18,0,18,144
08/25/2023,GPT,MS,ASO,CE,Combined TRACON& Tower with Radar,19,10,10,94,133,0,13,33,10,56,19,23,43,104,189,24,0,24,213
08/26/2023,GPT,MS,ASO,CE,Combined TRACON& Tower with Radar,20,6,8,5,39,0,0,12,7,19,20,6,20,12,58,34,0,34,92
08/27/2023,GPT,MS,ASO,CE,Combined TRACON& Tower with Radar,19,8,17,42,86,0,0,12,5,17,19,8,29,47,103,0,0,0,103
08/28/2023,GPT,MS,ASO,CE,Combined TRACON& Tower with Radar,23,6,8,16,53,0,0,13,2,15,23,6,21,18,68,0,12,12,80
08/29/2023,GPT,MS,ASO,CE,Combined TRACON& Tower with Radar,23,7,19,12,61,0,0,6,2,8,23,7,25,14,69,0,14,14,83
08/30/2023,GPT,MS,ASO,CE,Combined TRACON& Tower with Radar,19,7,12,104,142,0,1,21,9,31,19,8,33,113,173,6,22,28,201
08/31/2023,GPT,MS,ASO,CE,Combined TRACON& Tower with Radar,22,7,25,69,123,0,0,34,3,37,22,7,59,72,160,10,12,22,182
