01/01/2000,GRB,WI,AGL,CE,Towers with Radar,9,16,10,0,35,5,0,0,0,5,14,16,10,0,40,38,0,38,78
01/02/2000,GRB,WI,AGL,CE,Towers with Radar,12,22,16,0,50,11,10,5,0,26,23,32,21,0,76,0,0,0,76
01/03/2000,GRB,WI,AGL,CE,Towers with Radar,14,28,20,0,62,4,9,0,0,13,18,37,20,0,75,2,0,2,77
01/04/2000,GRB,WI,AGL,CE,Towers with Radar,19,34,11,0,64,0,10,0,0,10,19,44,11,0,74,16,0,16,90
01/05/2000,GRB,WI,AGL,CE,Towers with Radar,24,45,39,2,110,1,0,1,0,2,25,45,40,2,112,72,0,72,184
01/06/2000,GRB,WI,AGL,CE,Towers with Radar,20,46,35,0,101,0,3,6,1,10,20,49,41,1,111,111,0,111,222
01/07/2000,GRB,WI,AGL,CE,Towers with Radar,21,52,24,2,99,5,0,1,0,6,26,52,25,2,105,96,0,96,201
01/08/2000,GRB,WI,AGL,CE,Towers with Radar,25,24,31,0,80,2,0,1,0,3,27,24,32,0,83,83,0,83,166
01/09/2000,GRB,WI,AGL,CE,Towers with Radar,4,6,4,0,14,9,0,0,0,9,13,6,4,0,23,0,0,0,23
01/10/2000,GRB,WI,AGL,CE,Towers with Radar,16,41,30,2,89,2,0,0,0,2,18,41,30,2,91,40,0,40,131
01/11/2000,GRB,WI,AGL,CE,Towers with Radar,25,38,22,0,85,0,2,0,0,2,25,40,22,0,87,58,0,58,145
01/12/2000,GRB,WI,AGL,CE,Towers with Radar,20,41,32,0,93,0,7,12,0,19,20,48,44,0,112,0,0,0,112
01/13/2000,GRB,WI,AGL,CE,Towers with Radar,19,49,42,0,110,1,1,0,0,2,20,50,42,0,112,0,0,0,112
01/14/2000,GRB,WI,AGL,CE,Towers with Radar,27,27,31,0,85,4,0,0,1,5,31,27,31,1,90,18,0,18,108
01/15/2000,GRB,WI,AGL,CE,Towers with Radar,35,21,19,0,75,1,1,0,0,2,36,22,19,0,77,135,0,135,212
01/16/2000,GRB,WI,AGL,CE,Towers with Radar,15,26,21,0,62,6,9,4,0,19,21,35,25,0,81,98,0,98,179
01/17/2000,GRB,WI,AGL,CE,Towers with Radar,18,37,30,0,85,0,5,6,0,11,18,42,36,0,96,24,0,24,120
01/18/2000,GRB,WI,AGL,CE,Towers with Radar,20,45,38,0,103,0,0,7,0,7,20,45,45,0,110,52,0,52,162
01/19/2000,GRB,WI,AGL,CE,Towers with Radar,24,33,38,0,95,0,0,4,0,4,24,33,42,0,99,8,0,8,107
01/20/2000,GRB,WI,AGL,CE,Towers with Radar,28,39,18,0,85,0,0,0,1,1,28,39,18,1,86,62,0,62,148
01/21/2000,GRB,WI,AGL,CE,Towers with Radar,29,40,32,0,101,1,0,0,0,1,30,40,32,0,102,0,0,0,102
01/22/2000,GRB,WI,AGL,CE,Towers with Radar,24,26,13,0,63,0,3,1,0,4,24,29,14,0,67,0,0,0,67
01/23/2000,GRB,WI,AGL,CE,Towers with Radar,15,24,11,0,50,5,9,0,0,14,20,33,11,0,64,48,0,48,112
01/24/2000,GRB,WI,AGL,CE,Towers with Radar,22,42,24,0,88,0,2,0,2,4,22,44,24,2,92,20,0,20,112
01/25/2000,GRB,WI,AGL,CE,Towers with Radar,23,39,23,0,85,0,5,0,0,5,23,44,23,0,90,34,0,34,124
01/26/2000,GRB,WI,AGL,CE,Towers with Radar,26,46,38,1,111,0,3,0,0,3,26,49,38,1,114,135,0,135,249
01/27/2000,GRB,WI,AGL,CE,Towers with Radar,28,48,50,0,126,0,0,14,0,14,28,48,64,0,140,161,0,161,301
01/28/2000,GRB,WI,AGL,CE,Towers with Radar,26,44,37,0,107,0,0,3,0,3,26,44,40,0,110,46,0,46,156
01/29/2000,GRB,WI,AGL,CE,Towers with Radar,20,30,26,0,76,0,0,1,0,1,20,30,27,0,77,243,0,243,320
01/30/2000,GRB,WI,AGL,CE,Towers with Radar,18,28,19,0,65,2,0,0,0,2,20,28,19,0,67,112,0,112,179
01/31/2000,GRB,WI,AGL,CE,Towers with Radar,23,38,34,0,95,0,0,10,2,12,23,38,44,2,107,9,0,9,116
02/01/2000,GRB,WI,AGL,CE,Towers with Radar,25,45,20,0,90,1,3,0,0,4,26,48,20,0,94,65,0,65,159
02/02/2000,GRB,WI,AGL,CE,Towers with Radar,23,51,40,0,114,0,0,0,0,0,23,51,40,0,114,101,0,101,215
02/03/2000,GRB,WI,AGL,CE,Towers with Radar,24,48,40,0,112,0,0,0,0,0,24,48,40,0,112,0,0,0,112
02/04/2000,GRB,WI,AGL,CE,Towers with Radar,26,33,36,1,96,5,0,0,1,6,31,33,36,2,102,20,0,20,122
02/05/2000,GRB,WI,AGL,CE,Towers with Radar,18,31,17,1,67,5,1,0,7,13,23,32,17,8,80,180,0,180,260
02/06/2000,GRB,WI,AGL,CE,Towers with Radar,20,25,26,1,72,5,0,0,1,6,25,25,26,2,78,186,0,186,264
02/07/2000,GRB,WI,AGL,CE,Towers with Radar,22,34,18,0,74,0,0,0,0,0,22,34,18,0,74,210,0,210,284
02/08/2000,GRB,WI,AGL,CE,Towers with Radar,24,50,33,1,108,0,0,0,3,3,24,50,33,4,111,1,0,1,112
02/09/2000,GRB,WI,AGL,CE,Towers with Radar,22,47,38,0,107,0,0,10,0,10,22,47,48,0,117,75,0,75,192
02/10/2000,GRB,WI,AGL,CE,Towers with Radar,26,43,35,0,104,0,4,10,0,14,26,47,45,0,118,0,0,0,118
02/11/2000,GRB,WI,AGL,CE,Towers with Radar,32,51,46,0,129,0,0,7,0,7,32,51,53,0,136,106,0,106,242
02/12/2000,GRB,WI,AGL,CE,Towers with Radar,18,30,21,0,69,14,0,0,0,14,32,30,21,0,83,178,0,178,261
02/13/2000,GRB,WI,AGL,CE,Towers with Radar,26,31,12,0,69,1,0,2,0,3,27,31,14,0,72,12,0,12,84
02/14/2000,GRB,WI,AGL,CE,Towers with Radar,25,43,24,0,92,9,2,0,0,11,34,45,24,0,103,81,0,81,184
02/15/2000,GRB,WI,AGL,CE,Towers with Radar,20,49,39,0,108,0,8,16,0,24,20,57,55,0,132,91,0,91,223
02/16/2000,GRB,WI,AGL,CE,Towers with Radar,23,42,26,0,91,0,8,0,0,8,23,50,26,0,99,208,0,208,307
02/17/2000,GRB,WI,AGL,CE,Towers with Radar,24,50,40,0,114,0,3,8,0,11,24,53,48,0,125,0,0,0,125
02/18/2000,GRB,WI,AGL,CE,Towers with Radar,17,42,24,0,83,0,2,0,0,2,17,44,24,0,85,60,0,60,145
02/19/2000,GRB,WI,AGL,CE,Towers with Radar,19,31,26,0,76,2,1,6,0,9,21,32,32,0,85,192,0,192,277
02/20/2000,GRB,WI,AGL,CE,Towers with Radar,16,28,18,0,62,9,0,0,0,9,25,28,18,0,71,137,0,137,208
02/21/2000,GRB,WI,AGL,CE,Towers with Radar,23,45,37,0,105,0,0,0,0,0,23,45,37,0,105,127,0,127,232
02/22/2000,GRB,WI,AGL,CE,Towers with Radar,20,43,45,0,108,0,0,15,0,15,20,43,60,0,123,92,0,92,215
02/23/2000,GRB,WI,AGL,CE,Towers with Radar,13,18,24,0,55,0,0,0,4,4,13,18,24,4,59,0,0,0,59
02/24/2000,GRB,WI,AGL,CE,Towers with Radar,11,26,31,0,68,0,1,0,0,1,11,27,31,0,69,0,0,0,69
02/25/2000,GRB,WI,AGL,CE,Towers with Radar,10,17,15,0,42,20,22,13,0,55,30,39,28,0,97,66,0,66,163
02/26/2000,GRB,WI,AGL,CE,Towers with Radar,17,35,28,0,80,0,3,0,0,3,17,38,28,0,83,54,0,54,137
02/27/2000,GRB,WI,AGL,CE,Towers with Radar,16,28,21,0,65,13,9,0,0,22,29,37,21,0,87,24,0,24,111
02/28/2000,GRB,WI,AGL,CE,Towers with Radar,21,44,36,0,101,0,4,4,0,8,21,48,40,0,109,112,0,112,221
02/29/2000,GRB,WI,AGL,CE,Towers with Radar,22,69,49,0,140,0,1,0,0,1,22,70,49,0,141,86,0,86,227
03/01/2000,GRB,WI,AGL,CE,Towers with Radar,21,42,37,1,101,0,12,0,2,14,21,54,37,3,115,68,0,68,183
03/02/2000,GRB,WI,AGL,CE,Towers with Radar,25,51,44,0,120,0,5,0,0,5,25,56,44,0,125,246,0,246,371
03/03/2000,GRB,WI,AGL,CE,Towers with Radar,28,43,38,1,110,1,0,0,2,3,29,43,38,3,113,244,0,244,357
03/04/2000,GRB,WI,AGL,CE,Towers with Radar,20,33,32,0,85,4,1,3,0,8,24,34,35,0,93,109,0,109,202
03/05/2000,GRB,WI,AGL,CE,Towers with Radar,15,26,7,0,48,9,12,0,2,23,24,38,7,2,71,278,0,278,349
03/06/2000,GRB,WI,AGL,CE,Towers with Radar,25,41,44,0,110,0,0,12,0,12,25,41,56,0,122,82,0,82,204
03/07/2000,GRB,WI,AGL,CE,Towers with Radar,28,48,52,0,128,0,0,3,0,3,28,48,55,0,131,204,0,204,335
03/08/2000,GRB,WI,AGL,CE,Towers with Radar,19,44,41,1,105,0,3,0,0,3,19,47,41,1,108,62,0,62,170
03/09/2000,GRB,WI,AGL,CE,Towers with Radar,23,35,37,1,96,6,0,0,0,6,29,35,37,1,102,0,0,0,102
03/10/2000,GRB,WI,AGL,CE,Towers with Radar,27,42,45,0,114,1,0,11,0,12,28,42,56,0,126,104,0,104,230
03/11/2000,GRB,WI,AGL,CE,Towers with Radar,15,28,16,0,59,11,7,0,0,18,26,35,16,0,77,56,0,56,133
03/12/2000,GRB,WI,AGL,CE,Towers with Radar,19,34,24,2,79,1,0,0,2,3,20,34,24,4,82,59,0,59,141
03/13/2000,GRB,WI,AGL,CE,Towers with Radar,23,44,37,0,104,0,2,0,0,2,23,46,37,0,106,48,0,48,154
03/14/2000,GRB,WI,AGL,CE,Towers with Radar,21,44,43,0,108,0,0,2,0,2,21,44,45,0,110,116,0,116,226
03/15/2000,GRB,WI,AGL,CE,Towers with Radar,20,45,44,0,109,0,0,5,0,5,20,45,49,0,114,0,0,0,114
03/16/2000,GRB,WI,AGL,CE,Towers with Radar,23,43,39,0,105,0,7,9,0,16,23,50,48,0,121,144,0,144,265
03/17/2000,GRB,WI,AGL,CE,Towers with Radar,21,44,39,2,106,0,0,0,4,4,21,44,39,6,110,118,0,118,228
03/18/2000,GRB,WI,AGL,CE,Towers with Radar,23,29,8,0,60,1,0,0,0,1,24,29,8,0,61,96,0,96,157
03/19/2000,GRB,WI,AGL,CE,Towers with Radar,15,29,20,0,64,8,8,0,0,16,23,37,20,0,80,0,0,0,80
03/20/2000,GRB,WI,AGL,CE,Towers with Radar,18,34,29,0,81,12,4,0,0,16,30,38,29,0,97,6,0,6,103
03/21/2000,GRB,WI,AGL,CE,Towers with Radar,20,38,35,0,93,1,7,3,0,11,21,45,38,0,104,0,0,0,104
03/22/2000,GRB,WI,AGL,CE,Towers with Radar,26,53,50,0,129,0,0,13,0,13,26,53,63,0,142,94,0,94,236
03/23/2000,GRB,WI,AGL,CE,Towers with Radar,34,40,61,0,135,0,0,20,0,20,34,40,81,0,155,158,0,158,313
03/24/2000,GRB,WI,AGL,CE,Towers with Radar,24,44,38,0,106,0,0,0,0,0,24,44,38,0,106,52,0,52,158
03/25/2000,GRB,WI,AGL,CE,Towers with Radar,16,26,14,1,57,3,9,0,1,13,19,35,14,2,70,2,0,2,72
03/26/2000,GRB,WI,AGL,CE,Towers with Radar,18,31,29,0,78,5,1,1,0,7,23,32,30,0,85,102,0,102,187
03/27/2000,GRB,WI,AGL,CE,Towers with Radar,26,46,37,0,109,0,1,0,0,1,26,47,37,0,110,34,0,34,144
03/28/2000,GRB,WI,AGL,CE,Towers with Radar,21,42,39,0,102,0,9,1,0,10,21,51,40,0,112,68,0,68,180
03/29/2000,GRB,WI,AGL,CE,Towers with Radar,22,39,35,1,97,0,0,0,6,6,22,39,35,7,103,160,0,160,263
03/30/2000,GRB,WI,AGL,CE,Towers with Radar,27,48,51,1,127,0,0,8,5,13,27,48,59,6,140,220,0,220,360
03/31/2000,GRB,WI,AGL,CE,Towers with Radar,25,43,46,1,115,0,0,0,1,1,25,43,46,2,116,106,0,106,222
04/01/2000,GRB,WI,AGL,CE,Towers with Radar,18,31,17,0,66,5,0,0,0,5,23,31,17,0,71,128,0,128,199
04/02/2000,GRB,WI,AGL,CE,Towers with Radar,12,23,22,1,58,9,8,0,1,18,21,31,22,2,76,128,0,128,204
04/03/2000,GRB,WI,AGL,CE,Towers with Radar,24,43,41,1,109,0,5,0,6,11,24,48,41,7,120,0,0,0,120
04/04/2000,GRB,WI,AGL,CE,Towers with Radar,22,40,33,0,95,0,5,0,0,5,22,45,33,0,100,0,0,0,100
04/05/2000,GRB,WI,AGL,CE,Towers with Radar,31,51,50,0,132,2,5,0,0,7,33,56,50,0,139,30,0,30,169
04/06/2000,GRB,WI,AGL,CE,Towers with Radar,23,38,28,1,90,1,7,0,0,8,24,45,28,1,98,3,0,3,101
04/07/2000,GRB,WI,AGL,CE,Towers with Radar,20,39,25,0,84,0,4,0,0,4,20,43,25,0,88,14,0,14,102
04/08/2000,GRB,WI,AGL,CE,Towers with Radar,25,34,28,0,87,0,1,1,0,2,25,35,29,0,89,25,0,25,114
04/09/2000,GRB,WI,AGL,CE,Towers with Radar,15,25,20,0,60,8,1,0,0,9,23,26,20,0,69,38,0,38,107
04/10/2000,GRB,WI,AGL,CE,Towers with Radar,25,41,42,1,109,0,4,6,0,10,25,45,48,1,119,149,0,149,268
04/11/2000,GRB,WI,AGL,CE,Towers with Radar,20,46,47,0,113,0,2,5,0,7,20,48,52,0,120,6,0,6,126
04/12/2000,GRB,WI,AGL,CE,Towers with Radar,21,40,48,1,110,0,0,0,4,4,21,40,48,5,114,209,0,209,323
04/13/2000,GRB,WI,AGL,CE,Towers with Radar,24,48,43,0,115,0,0,0,0,0,24,48,43,0,115,18,0,18,133
04/14/2000,GRB,WI,AGL,CE,Towers with Radar,25,44,33,0,102,0,6,0,0,6,25,50,33,0,108,82,0,82,190
04/15/2000,GRB,WI,AGL,CE,Towers with Radar,15,34,35,0,84,0,4,6,0,10,15,38,41,0,94,0,0,0,94
04/16/2000,GRB,WI,AGL,CE,Towers with Radar,17,29,30,0,76,14,4,12,0,30,31,33,42,0,106,0,0,0,106
04/17/2000,GRB,WI,AGL,CE,Towers with Radar,25,41,42,0,108,4,2,7,0,13,29,43,49,0,121,2,0,2,123
04/18/2000,GRB,WI,AGL,CE,Towers with Radar,22,43,66,0,131,0,0,25,0,25,22,43,91,0,156,104,0,104,260
04/19/2000,GRB,WI,AGL,CE,Towers with Radar,24,47,51,0,122,0,0,17,0,17,24,47,68,0,139,40,0,40,179
04/20/2000,GRB,WI,AGL,CE,Towers with Radar,18,36,35,0,89,0,2,4,0,6,18,38,39,0,95,0,0,0,95
04/21/2000,GRB,WI,AGL,CE,Towers with Radar,25,38,39,0,102,2,0,0,0,2,27,38,39,0,104,124,0,124,228
04/22/2000,GRB,WI,AGL,CE,Towers with Radar,19,29,32,0,80,12,0,12,0,24,31,29,44,0,104,165,0,165,269
04/23/2000,GRB,WI,AGL,CE,Towers with Radar,14,25,7,0,46,16,6,0,0,22,30,31,7,0,68,68,0,68,136
04/24/2000,GRB,WI,AGL,CE,Towers with Radar,26,47,45,0,118,0,2,1,0,3,26,49,46,0,121,180,0,180,301
04/25/2000,GRB,WI,AGL,CE,Towers with Radar,24,43,60,0,127,0,0,7,0,7,24,43,67,0,134,208,0,208,342
04/26/2000,GRB,WI,AGL,CE,Towers with Radar,22,45,44,0,111,0,6,10,1,17,22,51,54,1,128,212,0,212,340
04/27/2000,GRB,WI,AGL,CE,Towers with Radar,29,44,49,0,122,0,0,0,0,0,29,44,49,0,122,134,0,134,256
04/28/2000,GRB,WI,AGL,CE,Towers with Radar,32,39,47,0,118,1,0,0,2,3,33,39,47,2,121,156,0,156,277
04/29/2000,GRB,WI,AGL,CE,Towers with Radar,17,30,14,0,61,5,9,0,0,14,22,39,14,0,75,111,0,111,186
04/30/2000,GRB,WI,AGL,CE,Towers with Radar,19,33,33,0,85,2,6,13,0,21,21,39,46,0,106,208,0,208,314
05/01/2000,GRB,WI,AGL,CE,Towers with Radar,25,44,48,0,117,0,10,9,0,19,25,54,57,0,136,102,0,102,238
05/02/2000,GRB,WI,AGL,CE,Towers with Radar,21,41,36,1,99,0,14,0,0,14,21,55,36,1,113,86,0,86,199
05/03/2000,GRB,WI,AGL,CE,Towers with Radar,22,45,46,0,113,0,2,0,0,2,22,47,46,0,115,89,0,89,204
05/04/2000,GRB,WI,AGL,CE,Towers with Radar,23,48,53,2,126,0,3,0,4,7,23,51,53,6,133,75,0,75,208
05/05/2000,GRB,WI,AGL,CE,Towers with Radar,25,40,44,2,111,0,1,2,0,3,25,41,46,2,114,30,0,30,144
05/06/2000,GRB,WI,AGL,CE,Towers with Radar,17,25,20,0,62,3,0,0,0,3,20,25,20,0,65,136,0,136,201
05/07/2000,GRB,WI,AGL,CE,Towers with Radar,19,30,32,1,82,3,8,0,4,15,22,38,32,5,97,166,0,166,263
05/08/2000,GRB,WI,AGL,CE,Towers with Radar,26,38,33,3,100,0,3,0,0,3,26,41,33,3,103,12,0,12,115
05/09/2000,GRB,WI,AGL,CE,Towers with Radar,30,45,52,0,127,1,0,18,0,19,31,45,70,0,146,88,0,88,234
05/10/2000,GRB,WI,AGL,CE,Towers with Radar,25,44,51,2,122,0,1,0,0,1,25,45,51,2,123,97,0,97,220
05/11/2000,GRB,WI,AGL,CE,Towers with Radar,23,42,45,1,111,0,0,0,5,5,23,42,45,6,116,26,0,26,142
05/12/2000,GRB,WI,AGL,CE,Towers with Radar,23,38,33,0,94,0,1,0,0,1,23,39,33,0,95,0,0,0,95
05/13/2000,GRB,WI,AGL,CE,Towers with Radar,22,35,22,0,79,3,0,0,0,3,25,35,22,0,82,6,0,6,88
05/14/2000,GRB,WI,AGL,CE,Towers with Radar,19,30,23,0,72,7,2,0,0,9,26,32,23,0,81,0,0,0,81
05/15/2000,GRB,WI,AGL,CE,Towers with Radar,22,46,54,0,122,0,0,1,0,1,22,46,55,0,123,126,0,126,249
05/16/2000,GRB,WI,AGL,CE,Towers with Radar,28,53,59,0,140,0,0,14,0,14,28,53,73,0,154,100,0,100,254
05/17/2000,GRB,WI,AGL,CE,Towers with Radar,30,33,59,1,123,0,0,29,2,31,30,33,88,3,154,96,0,96,250
05/18/2000,GRB,WI,AGL,CE,Towers with Radar,22,36,38,0,96,1,0,6,0,7,23,36,44,0,103,0,0,0,103
05/19/2000,GRB,WI,AGL,CE,Towers with Radar,29,38,45,0,112,0,2,0,0,2,29,40,45,0,114,106,0,106,220
05/20/2000,GRB,WI,AGL,CE,Towers with Radar,19,30,35,0,84,8,0,1,0,9,27,30,36,0,93,168,0,168,261
05/21/2000,GRB,WI,AGL,CE,Towers with Radar,18,28,20,0,66,8,0,0,0,8,26,28,20,0,74,71,0,71,145
05/22/2000,GRB,WI,AGL,CE,Towers with Radar,26,45,56,0,127,0,0,6,0,6,26,45,62,0,133,59,0,59,192
05/23/2000,GRB,WI,AGL,CE,Towers with Radar,24,43,26,0,93,0,0,0,0,0,24,43,26,0,93,31,0,31,124
05/24/2000,GRB,WI,AGL,CE,Towers with Radar,25,42,46,0,113,0,6,7,0,13,25,48,53,0,126,20,0,20,146
05/25/2000,GRB,WI,AGL,CE,Towers with Radar,25,38,49,1,113,0,0,10,0,10,25,38,59,1,123,76,0,76,199
05/26/2000,GRB,WI,AGL,CE,Towers with Radar,30,42,48,1,121,2,0,0,3,5,32,42,48,4,126,84,0,84,210
05/27/2000,GRB,WI,AGL,CE,Towers with Radar,16,34,35,0,85,0,0,0,0,0,16,34,35,0,85,14,0,14,99
05/28/2000,GRB,WI,AGL,CE,Towers with Radar,14,25,10,0,49,5,3,0,0,8,19,28,10,0,57,4,0,4,61
05/29/2000,GRB,WI,AGL,CE,Towers with Radar,18,31,30,0,79,3,6,0,0,9,21,37,30,0,88,72,0,72,160
05/30/2000,GRB,WI,AGL,CE,Towers with Radar,30,46,45,0,121,5,0,0,0,5,35,46,45,0,126,3,0,3,129
05/31/2000,GRB,WI,AGL,CE,Towers with Radar,29,49,52,0,130,0,4,14,0,18,29,53,66,0,148,75,0,75,223
06/01/2000,GRB,WI,AGL,CE,Towers with Radar,27,37,36,0,100,0,3,0,0,3,27,40,36,0,103,0,0,0,103
06/02/2000,GRB,WI,AGL,CE,Towers with Radar,21,45,54,1,121,0,0,14,0,14,21,45,68,1,135,98,0,98,233
06/03/2000,GRB,WI,AGL,CE,Towers with Radar,23,26,37,0,86,8,0,0,0,8,31,26,37,0,94,64,0,64,158
06/04/2000,GRB,WI,AGL,CE,Towers with Radar,19,19,29,0,67,18,0,0,2,20,37,19,29,2,87,22,0,22,109
06/05/2000,GRB,WI,AGL,CE,Towers with Radar,23,37,40,0,100,0,8,0,0,8,23,45,40,0,108,141,0,141,249
06/06/2000,GRB,WI,AGL,CE,Towers with Radar,24,42,48,0,114,0,2,13,0,15,24,44,61,0,129,36,0,36,165
06/07/2000,GRB,WI,AGL,CE,Towers with Radar,29,44,58,0,131,0,0,19,0,19,29,44,77,0,150,82,0,82,232
06/08/2000,GRB,WI,AGL,CE,Towers with Radar,24,48,48,1,121,0,0,0,3,3,24,48,48,4,124,74,0,74,198
06/09/2000,GRB,WI,AGL,CE,Towers with Radar,27,49,40,2,118,0,5,0,2,7,27,54,40,4,125,87,0,87,212
06/10/2000,GRB,WI,AGL,CE,Towers with Radar,29,30,19,6,84,4,0,1,0,5,33,30,20,6,89,0,0,0,89
06/11/2000,GRB,WI,AGL,CE,Towers with Radar,25,40,28,2,95,10,0,0,1,11,35,40,28,3,106,15,0,15,121
06/12/2000,GRB,WI,AGL,CE,Towers with Radar,26,42,47,2,117,6,0,6,1,13,32,42,53,3,130,81,0,81,211
06/13/2000,GRB,WI,AGL,CE,Towers with Radar,37,86,74,0,197,0,0,1,0,1,37,86,75,0,198,42,0,42,240
06/14/2000,GRB,WI,AGL,CE,Towers with Radar,21,49,41,1,112,0,8,0,0,8,21,57,41,1,120,16,0,16,136
06/15/2000,GRB,WI,AGL,CE,Towers with Radar,29,51,55,2,137,0,6,10,0,16,29,57,65,2,153,53,0,53,206
06/16/2000,GRB,WI,AGL,CE,Towers with Radar,28,33,32,0,93,1,0,0,0,1,29,33,32,0,94,0,0,0,94
06/17/2000,GRB,WI,AGL,CE,Towers with Radar,18,42,30,2,92,1,0,0,0,1,19,42,30,2,93,98,0,98,191
06/18/2000,GRB,WI,AGL,CE,Towers with Radar,15,25,18,1,59,9,8,0,0,17,24,33,18,1,76,115,0,115,191
06/19/2000,GRB,WI,AGL,CE,Towers with Radar,22,40,43,0,105,0,5,5,0,10,22,45,48,0,115,88,0,88,203
06/20/2000,GRB,WI,AGL,CE,Towers with Radar,25,45,48,0,118,0,1,1,0,2,25,46,49,0,120,4,0,4,124
06/21/2000,GRB,WI,AGL,CE,Towers with Radar,21,44,47,0,112,0,4,9,0,13,21,48,56,0,125,14,0,14,139
06/22/2000,GRB,WI,AGL,CE,Towers with Radar,24,48,56,0,128,0,0,9,0,9,24,48,65,0,137,128,0,128,265
06/23/2000,GRB,WI,AGL,CE,Towers with Radar,28,39,48,0,115,0,0,0,0,0,28,39,48,0,115,67,0,67,182
06/24/2000,GRB,WI,AGL,CE,Towers with Radar,18,29,28,0,75,4,5,0,2,11,22,34,28,2,86,96,0,96,182
06/25/2000,GRB,WI,AGL,CE,Towers with Radar,18,30,27,0,75,0,5,0,0,5,18,35,27,0,80,30,0,30,110
06/26/2000,GRB,WI,AGL,CE,Towers with Radar,26,41,59,0,126,0,1,0,0,1,26,42,59,0,127,76,0,76,203
06/27/2000,GRB,WI,AGL,CE,Towers with Radar,24,44,50,0,118,0,0,24,0,24,24,44,74,0,142,98,0,98,240
06/28/2000,GRB,WI,AGL,CE,Towers with Radar,27,51,54,0,132,0,2,0,0,2,27,53,54,0,134,52,0,52,186
06/29/2000,GRB,WI,AGL,CE,Towers with Radar,21,43,57,0,121,0,5,4,0,9,21,48,61,0,130,0,0,0,130
06/30/2000,GRB,WI,AGL,CE,Towers with Radar,29,41,36,1,107,1,0,0,9,10,30,41,36,10,117,117,0,117,234
07/01/2000,GRB,WI,AGL,CE,Towers with Radar,21,31,21,1,74,2,14,0,5,21,23,45,21,6,95,40,0,40,135
07/02/2000,GRB,WI,AGL,CE,Towers with Radar,16,23,13,0,52,20,4,0,0,24,36,27,13,0,76,0,0,0,76
07/03/2000,GRB,WI,AGL,CE,Towers with Radar,21,36,41,0,98,0,4,9,0,13,21,40,50,0,111,20,0,20,131
07/04/2000,GRB,WI,AGL,CE,Towers with Radar,18,26,27,0,71,6,6,0,0,12,24,32,27,0,83,36,0,36,119
07/05/2000,GRB,WI,AGL,CE,Towers with Radar,22,36,38,1,97,2,9,0,1,12,24,45,38,2,109,37,0,37,146
07/06/2000,GRB,WI,AGL,CE,Towers with Radar,24,42,46,1,113,0,6,0,4,10,24,48,46,5,123,30,0,30,153
07/07/2000,GRB,WI,AGL,CE,Towers with Radar,26,50,48,2,126,0,0,3,0,3,26,50,51,2,129,166,0,166,295
07/08/2000,GRB,WI,AGL,CE,Towers with Radar,16,25,12,0,53,12,10,0,0,22,28,35,12,0,75,0,0,0,75
07/09/2000,GRB,WI,AGL,CE,Towers with Radar,19,31,22,1,73,5,13,0,1,19,24,44,22,2,92,68,0,68,160
07/10/2000,GRB,WI,AGL,CE,Towers with Radar,24,37,37,0,98,3,0,0,0,3,27,37,37,0,101,35,0,35,136
07/11/2000,GRB,WI,AGL,CE,Towers with Radar,26,44,50,0,120,0,8,10,0,18,26,52,60,0,138,27,0,27,165
07/12/2000,GRB,WI,AGL,CE,Towers with Radar,28,55,64,1,148,0,1,9,0,10,28,56,73,1,158,56,0,56,214
07/13/2000,GRB,WI,AGL,CE,Towers with Radar,24,43,36,2,105,0,10,0,1,11,24,53,36,3,116,17,0,17,133
07/14/2000,GRB,WI,AGL,CE,Towers with Radar,28,44,42,0,114,1,9,0,0,10,29,53,42,0,124,18,0,18,142
07/15/2000,GRB,WI,AGL,CE,Towers with Radar,26,28,21,0,75,0,0,2,0,2,26,28,23,0,77,60,0,60,137
07/16/2000,GRB,WI,AGL,CE,Towers with Radar,21,33,31,0,85,0,5,0,0,5,21,38,31,0,90,37,0,37,127
07/17/2000,GRB,WI,AGL,CE,Towers with Radar,23,37,44,0,104,2,3,22,0,27,25,40,66,0,131,22,0,22,153
07/18/2000,GRB,WI,AGL,CE,Towers with Radar,27,43,51,0,121,1,3,8,0,12,28,46,59,0,133,130,0,130,263
07/19/2000,GRB,WI,AGL,CE,Towers with Radar,29,46,56,2,133,7,0,5,3,15,36,46,61,5,148,48,0,48,196
07/20/2000,GRB,WI,AGL,CE,Towers with Radar,31,47,45,0,123,0,0,0,0,0,31,47,45,0,123,46,0,46,169
07/21/2000,GRB,WI,AGL,CE,Towers with Radar,21,46,54,0,121,0,0,0,0,0,21,46,54,0,121,72,0,72,193
07/22/2000,GRB,WI,AGL,CE,Towers with Radar,19,31,21,0,71,6,3,0,0,9,25,34,21,0,80,82,0,82,162
07/23/2000,GRB,WI,AGL,CE,Towers with Radar,18,24,16,0,58,18,0,0,0,18,36,24,16,0,76,59,0,59,135
07/24/2000,GRB,WI,AGL,CE,Towers with Radar,32,61,54,0,147,0,0,1,0,1,32,61,55,0,148,93,0,93,241
07/25/2000,GRB,WI,AGL,CE,Towers with Radar,25,50,62,2,139,0,0,21,0,21,25,50,83,2,160,162,0,162,322
07/26/2000,GRB,WI,AGL,CE,Towers with Radar,24,45,57,1,127,0,0,0,0,0,24,45,57,1,127,56,0,56,183
07/27/2000,GRB,WI,AGL,CE,Towers with Radar,23,49,102,2,176,0,0,1,0,1,23,49,103,2,177,4,0,4,181
07/28/2000,GRB,WI,AGL,CE,Towers with Radar,24,49,91,3,167,0,0,14,10,24,24,49,105,13,191,0,0,0,191
07/29/2000,GRB,WI,AGL,CE,Towers with Radar,24,31,80,0,135,0,0,20,0,20,24,31,100,0,155,0,0,0,155
07/30/2000,GRB,WI,AGL,CE,Towers with Radar,17,35,93,11,156,0,1,0,0,1,17,36,93,11,157,16,0,16,173
07/31/2000,GRB,WI,AGL,CE,Towers with Radar,32,40,79,0,151,0,0,9,0,9,32,40,88,0,160,0,0,0,160
08/01/2000,GRB,WI,AGL,CE,Towers with Radar,30,37,55,3,125,0,0,0,3,3,30,37,55,6,128,74,0,74,202
08/02/2000,GRB,WI,AGL,CE,Towers with Radar,23,42,70,0,135,0,3,1,0,4,23,45,71,0,139,60,0,60,199
08/03/2000,GRB,WI,AGL,CE,Towers with Radar,27,44,59,3,133,0,3,4,8,15,27,47,63,11,148,168,0,168,316
08/04/2000,GRB,WI,AGL,CE,Towers with Radar,28,45,57,3,133,0,1,0,9,10,28,46,57,12,143,62,14,76,219
08/05/2000,GRB,WI,AGL,CE,Towers with Radar,26,25,38,2,91,10,0,0,0,10,36,25,38,2,101,40,0,40,141
08/06/2000,GRB,WI,AGL,CE,Towers with Radar,23,24,39,2,88,5,0,3,1,9,28,24,42,3,97,54,0,54,151
08/07/2000,GRB,WI,AGL,CE,Towers with Radar,30,38,54,17,139,0,1,2,0,3,30,39,56,17,142,196,0,196,338
08/08/2000,GRB,WI,AGL,CE,Towers with Radar,26,43,50,0,119,0,2,0,0,2,26,45,50,0,121,16,0,16,137
08/09/2000,GRB,WI,AGL,CE,Towers with Radar,29,40,53,2,124,2,6,12,3,23,31,46,65,5,147,30,0,30,177
08/10/2000,GRB,WI,AGL,CE,Towers with Radar,31,35,39,3,108,0,0,0,4,4,31,35,39,7,112,60,0,60,172
08/11/2000,GRB,WI,AGL,CE,Towers with Radar,26,38,51,2,117,0,6,6,2,14,26,44,57,4,131,0,0,0,131
08/12/2000,GRB,WI,AGL,CE,Towers with Radar,21,38,30,0,89,0,1,1,0,2,21,39,31,0,91,112,0,112,203
08/13/2000,GRB,WI,AGL,CE,Towers with Radar,21,29,23,1,74,7,5,0,3,15,28,34,23,4,89,40,0,40,129
08/14/2000,GRB,WI,AGL,CE,Towers with Radar,23,43,57,0,123,0,0,0,0,0,23,43,57,0,123,36,0,36,159
08/15/2000,GRB,WI,AGL,CE,Towers with Radar,29,38,47,0,114,4,0,0,0,4,33,38,47,0,118,60,0,60,178
08/16/2000,GRB,WI,AGL,CE,Towers with Radar,28,45,63,0,136,3,0,0,0,3,31,45,63,0,139,134,0,134,273
08/17/2000,GRB,WI,AGL,CE,Towers with Radar,32,46,46,1,125,0,2,0,0,2,32,48,46,1,127,8,0,8,135
08/18/2000,GRB,WI,AGL,CE,Towers with Radar,29,40,43,0,112,2,0,0,0,2,31,40,43,0,114,126,0,126,240
08/19/2000,GRB,WI,AGL,CE,Towers with Radar,20,28,36,0,84,1,5,6,0,12,21,33,42,0,96,142,0,142,238
08/20/2000,GRB,WI,AGL,CE,Towers with Radar,21,29,40,0,90,11,0,10,0,21,32,29,50,0,111,85,0,85,196
08/21/2000,GRB,WI,AGL,CE,Towers with Radar,23,35,46,1,105,2,9,10,0,21,25,44,56,1,126,92,0,92,218
08/22/2000,GRB,WI,AGL,CE,Towers with Radar,29,43,72,0,144,2,0,1,0,3,31,43,73,0,147,68,0,68,215
08/23/2000,GRB,WI,AGL,CE,Towers with Radar,27,44,57,2,130,0,0,1,0,1,27,44,58,2,131,112,0,112,243
08/24/2000,GRB,WI,AGL,CE,Towers with Radar,26,48,64,0,138,0,0,5,0,5,26,48,69,0,143,209,0,209,352
08/25/2000,GRB,WI,AGL,CE,Towers with Radar,30,36,49,0,115,0,0,1,0,1,30,36,50,0,116,72,0,72,188
08/26/2000,GRB,WI,AGL,CE,Towers with Radar,15,22,30,0,67,9,1,3,0,13,24,23,33,0,80,122,0,122,202
08/27/2000,GRB,WI,AGL,CE,Towers with Radar,22,35,45,0,102,0,3,0,0,3,22,38,45,0,105,139,0,139,244
08/28/2000,GRB,WI,AGL,CE,Towers with Radar,24,43,56,0,123,0,5,17,0,22,24,48,73,0,145,74,0,74,219
08/29/2000,GRB,WI,AGL,CE,Towers with Radar,24,52,74,0,150,1,0,1,0,2,25,52,75,0,152,0,0,0,152
08/30/2000,GRB,WI,AGL,CE,Towers with Radar,21,36,58,3,118,0,0,13,0,13,21,36,71,3,131,106,0,106,237
08/31/2000,GRB,WI,AGL,CE,Towers with Radar,28,41,50,0,119,2,0,1,0,3,30,41,51,0,122,0,0,0,122
09/01/2000,GRB,WI,AGL,CE,Towers with Radar,32,39,63,0,134,0,1,0,0,1,32,40,63,0,135,21,0,21,156
09/02/2000,GRB,WI,AGL,CE,Towers with Radar,26,38,46,0,110,0,0,6,0,6,26,38,52,0,116,0,0,0,116
09/03/2000,GRB,WI,AGL,CE,Towers with Radar,17,21,30,0,68,12,0,12,0,24,29,21,42,0,92,72,0,72,164
09/04/2000,GRB,WI,AGL,CE,Towers with Radar,25,35,35,0,95,1,0,0,0,1,26,35,35,0,96,86,0,86,182
09/05/2000,GRB,WI,AGL,CE,Towers with Radar,26,45,51,0,122,0,6,3,0,9,26,51,54,0,131,118,0,118,249
09/06/2000,GRB,WI,AGL,CE,Towers with Radar,27,50,57,0,134,0,0,22,0,22,27,50,79,0,156,134,0,134,290
09/07/2000,GRB,WI,AGL,CE,Towers with Radar,22,53,53,2,130,0,0,0,0,0,22,53,53,2,130,0,0,0,130
09/08/2000,GRB,WI,AGL,CE,Towers with Radar,28,41,39,4,112,0,2,0,0,2,28,43,39,4,114,79,8,87,201
09/09/2000,GRB,WI,AGL,CE,Towers with Radar,27,43,33,0,103,0,0,0,0,0,27,43,33,0,103,94,0,94,197
09/10/2000,GRB,WI,AGL,CE,Towers with Radar,23,27,39,0,89,3,0,0,2,5,26,27,39,2,94,37,0,37,131
09/11/2000,GRB,WI,AGL,CE,Towers with Radar,30,40,19,0,89,0,0,0,0,0,30,40,19,0,89,0,0,0,89
09/12/2000,GRB,WI,AGL,CE,Towers with Radar,21,46,48,0,115,0,0,0,1,1,21,46,48,1,116,36,0,36,152
09/13/2000,GRB,WI,AGL,CE,Towers with Radar,20,56,38,0,114,0,2,0,0,2,20,58,38,0,116,61,0,61,177
09/14/2000,GRB,WI,AGL,CE,Towers with Radar,32,33,55,0,120,0,0,3,0,3,32,33,58,0,123,84,0,84,207
09/15/2000,GRB,WI,AGL,CE,Towers with Radar,23,44,35,0,102,0,1,0,2,3,23,45,35,2,105,58,0,58,163
09/16/2000,GRB,WI,AGL,CE,Towers with Radar,35,26,35,0,96,0,0,0,0,0,35,26,35,0,96,53,0,53,149
09/17/2000,GRB,WI,AGL,CE,Towers with Radar,19,32,36,0,87,2,14,13,0,29,21,46,49,0,116,25,0,25,141
09/18/2000,GRB,WI,AGL,CE,Towers with Radar,24,47,56,0,127,0,0,0,0,0,24,47,56,0,127,46,0,46,173
09/19/2000,GRB,WI,AGL,CE,Towers with Radar,23,44,33,0,100,0,5,0,0,5,23,49,33,0,105,12,0,12,117
09/20/2000,GRB,WI,AGL,CE,Towers with Radar,20,53,86,0,159,0,1,0,0,1,20,54,86,0,160,66,0,66,226
09/21/2000,GRB,WI,AGL,CE,Towers with Radar,32,38,41,4,115,0,2,0,0,2,32,40,41,4,117,58,0,58,175
09/22/2000,GRB,WI,AGL,CE,Towers with Radar,28,38,53,1,120,0,0,9,4,13,28,38,62,5,133,62,0,62,195
09/23/2000,GRB,WI,AGL,CE,Towers with Radar,17,26,32,0,75,12,0,7,0,19,29,26,39,0,94,57,0,57,151
09/24/2000,GRB,WI,AGL,CE,Towers with Radar,17,28,25,0,70,9,2,0,0,11,26,30,25,0,81,67,0,67,148
09/25/2000,GRB,WI,AGL,CE,Towers with Radar,25,42,46,1,114,0,7,7,1,15,25,49,53,2,129,69,0,69,198
09/26/2000,GRB,WI,AGL,CE,Towers with Radar,25,41,32,1,99,1,8,0,0,9,26,49,32,1,108,172,0,172,280
09/27/2000,GRB,WI,AGL,CE,Towers with Radar,29,47,51,0,127,0,9,2,0,11,29,56,53,0,138,58,0,58,196
09/28/2000,GRB,WI,AGL,CE,Towers with Radar,25,42,37,0,104,1,11,0,0,12,26,53,37,0,116,146,0,146,262
09/29/2000,GRB,WI,AGL,CE,Towers with Radar,30,42,45,2,119,0,0,0,2,2,30,42,45,4,121,126,0,126,247
09/30/2000,GRB,WI,AGL,CE,Towers with Radar,23,33,46,0,102,0,0,6,0,6,23,33,52,0,108,126,0,126,234
10/01/2000,GRB,WI,AGL,CE,Towers with Radar,26,34,51,0,111,0,0,50,3,53,26,34,101,3,164,80,2,82,246
10/02/2000,GRB,WI,AGL,CE,Towers with Radar,26,41,53,0,120,0,0,0,0,0,26,41,53,0,120,0,0,0,120
10/03/2000,GRB,WI,AGL,CE,Towers with Radar,28,36,39,7,110,0,0,0,0,0,28,36,39,7,110,52,0,52,162
10/04/2000,GRB,WI,AGL,CE,Towers with Radar,23,39,47,1,110,0,8,0,0,8,23,47,47,1,118,84,0,84,202
10/05/2000,GRB,WI,AGL,CE,Towers with Radar,24,48,30,0,102,1,0,0,0,1,25,48,30,0,103,76,0,76,179
10/06/2000,GRB,WI,AGL,CE,Towers with Radar,26,34,51,0,111,0,0,3,0,3,26,34,54,0,114,40,0,40,154
10/07/2000,GRB,WI,AGL,CE,Towers with Radar,27,27,35,0,89,1,0,0,0,1,28,27,35,0,90,22,0,22,112
10/08/2000,GRB,WI,AGL,CE,Towers with Radar,17,27,24,0,68,4,6,0,0,10,21,33,24,0,78,14,0,14,92
10/09/2000,GRB,WI,AGL,CE,Towers with Radar,29,37,36,0,102,1,0,0,0,1,30,37,36,0,103,38,0,38,141
10/10/2000,GRB,WI,AGL,CE,Towers with Radar,38,45,65,0,148,20,0,0,0,20,58,45,65,0,168,47,0,47,215
10/11/2000,GRB,WI,AGL,CE,Towers with Radar,23,41,53,0,117,0,8,0,0,8,23,49,53,0,125,124,0,124,249
10/12/2000,GRB,WI,AGL,CE,Towers with Radar,25,45,39,1,110,0,1,0,1,2,25,46,39,2,112,165,0,165,277
10/13/2000,GRB,WI,AGL,CE,Towers with Radar,25,42,38,1,106,0,2,0,3,5,25,44,38,4,111,86,22,108,219
10/14/2000,GRB,WI,AGL,CE,Towers with Radar,36,21,26,1,84,3,0,0,0,3,39,21,26,1,87,72,0,72,159
10/15/2000,GRB,WI,AGL,CE,Towers with Radar,26,33,52,1,112,0,0,43,1,44,26,33,95,2,156,151,0,151,307
10/16/2000,GRB,WI,AGL,CE,Towers with Radar,26,45,61,0,132,0,1,20,0,21,26,46,81,0,153,48,0,48,201
10/17/2000,GRB,WI,AGL,CE,Towers with Radar,24,38,34,0,96,0,6,0,0,6,24,44,34,0,102,38,0,38,140
10/18/2000,GRB,WI,AGL,CE,Towers with Radar,21,41,37,0,99,0,0,0,0,0,21,41,37,0,99,32,0,32,131
10/19/2000,GRB,WI,AGL,CE,Towers with Radar,25,42,50,0,117,0,2,0,0,2,25,44,50,0,119,80,0,80,199
10/20/2000,GRB,WI,AGL,CE,Towers with Radar,32,41,50,0,123,0,0,0,0,0,32,41,50,0,123,142,0,142,265
10/21/2000,GRB,WI,AGL,CE,Towers with Radar,29,22,28,2,81,0,1,0,0,1,29,23,28,2,82,133,0,133,215
10/22/2000,GRB,WI,AGL,CE,Towers with Radar,15,13,25,0,53,22,0,0,0,22,37,13,25,0,75,164,0,164,239
10/23/2000,GRB,WI,AGL,CE,Towers with Radar,24,43,58,1,126,0,0,11,1,12,24,43,69,2,138,146,0,146,284
10/24/2000,GRB,WI,AGL,CE,Towers with Radar,26,39,48,0,113,7,5,0,0,12,33,44,48,0,125,0,0,0,125
10/25/2000,GRB,WI,AGL,CE,Towers with Radar,21,39,47,0,107,0,0,0,0,0,21,39,47,0,107,54,0,54,161
10/26/2000,GRB,WI,AGL,CE,Towers with Radar,24,46,67,1,138,0,0,11,0,11,24,46,78,1,149,52,0,52,201
10/27/2000,GRB,WI,AGL,CE,Towers with Radar,29,41,54,1,125,0,0,0,4,4,29,41,54,5,129,40,0,40,169
10/28/2000,GRB,WI,AGL,CE,Towers with Radar,28,31,53,0,112,0,0,21,0,21,28,31,74,0,133,244,0,244,377
10/29/2000,GRB,WI,AGL,CE,Towers with Radar,23,30,43,0,96,8,8,11,1,28,31,38,54,1,124,215,0,215,339
10/30/2000,GRB,WI,AGL,CE,Towers with Radar,30,40,56,1,127,0,10,1,1,12,30,50,57,2,139,97,0,97,236
10/31/2000,GRB,WI,AGL,CE,Towers with Radar,29,39,51,0,119,0,0,0,0,0,29,39,51,0,119,121,0,121,240
11/01/2000,GRB,WI,AGL,CE,Towers with Radar,33,38,52,0,123,0,0,0,0,0,33,38,52,0,123,83,0,83,206
11/02/2000,GRB,WI,AGL,CE,Towers with Radar,30,40,42,0,112,0,0,0,0,0,30,40,42,0,112,34,0,34,146
11/03/2000,GRB,WI,AGL,CE,Towers with Radar,38,37,36,2,113,2,1,0,0,3,40,38,36,2,116,46,0,46,162
11/04/2000,GRB,WI,AGL,CE,Towers with Radar,18,23,27,0,68,11,0,0,0,11,29,23,27,0,79,106,0,106,185
11/05/2000,GRB,WI,AGL,CE,Towers with Radar,18,27,22,1,68,14,4,0,5,23,32,31,22,6,91,130,0,130,221
11/06/2000,GRB,WI,AGL,CE,Towers with Radar,25,40,60,0,125,0,0,58,0,58,25,40,118,0,183,27,0,27,210
11/07/2000,GRB,WI,AGL,CE,Towers with Radar,27,52,63,0,142,0,7,45,0,52,27,59,108,0,194,16,0,16,210
11/08/2000,GRB,WI,AGL,CE,Towers with Radar,25,44,53,0,122,0,3,5,0,8,25,47,58,0,130,174,0,174,304
11/09/2000,GRB,WI,AGL,CE,Towers with Radar,26,44,42,0,112,0,2,0,0,2,26,46,42,0,114,76,0,76,190
11/10/2000,GRB,WI,AGL,CE,Towers with Radar,37,46,63,0,146,0,0,0,0,0,37,46,63,0,146,102,0,102,248
11/11/2000,GRB,WI,AGL,CE,Towers with Radar,23,25,40,0,88,16,0,0,0,16,39,25,40,0,104,83,0,83,187
11/12/2000,GRB,WI,AGL,CE,Towers with Radar,18,27,21,0,66,2,11,0,0,13,20,38,21,0,79,1,0,1,80
11/13/2000,GRB,WI,AGL,CE,Towers with Radar,24,40,45,1,110,0,0,0,0,0,24,40,45,1,110,34,0,34,144
11/14/2000,GRB,WI,AGL,CE,Towers with Radar,24,41,37,0,102,0,0,0,0,0,24,41,37,0,102,23,0,23,125
11/15/2000,GRB,WI,AGL,CE,Towers with Radar,28,42,44,0,114,0,3,0,0,3,28,45,44,0,117,63,0,63,180
11/16/2000,GRB,WI,AGL,CE,Towers with Radar,24,37,33,0,94,1,2,0,0,3,25,39,33,0,97,0,0,0,97
11/17/2000,GRB,WI,AGL,CE,Towers with Radar,21,35,41,0,97,0,11,0,0,11,21,46,41,0,108,114,0,114,222
11/18/2000,GRB,WI,AGL,CE,Towers with Radar,19,30,23,0,72,2,4,0,0,6,21,34,23,0,78,35,0,35,113
11/19/2000,GRB,WI,AGL,CE,Towers with Radar,21,32,38,0,91,6,1,33,0,40,27,33,71,0,131,0,0,0,131
11/20/2000,GRB,WI,AGL,CE,Towers with Radar,23,39,46,0,108,0,4,1,3,8,23,43,47,3,116,18,0,18,134
11/21/2000,GRB,WI,AGL,CE,Towers with Radar,25,39,48,0,112,0,0,2,0,2,25,39,50,0,114,68,0,68,182
11/22/2000,GRB,WI,AGL,CE,Towers with Radar,21,47,45,0,113,0,9,0,3,12,21,56,45,3,125,100,0,100,225
11/23/2000,GRB,WI,AGL,CE,Towers with Radar,15,15,10,0,40,15,0,0,0,15,30,15,10,0,55,0,0,0,55
11/24/2000,GRB,WI,AGL,CE,Towers with Radar,19,18,33,0,70,0,0,0,0,0,19,18,33,0,70,81,0,81,151
11/25/2000,GRB,WI,AGL,CE,Towers with Radar,38,27,31,0,96,1,0,0,0,1,39,27,31,0,97,103,0,103,200
11/26/2000,GRB,WI,AGL,CE,Towers with Radar,18,28,23,0,69,6,7,0,0,13,24,35,23,0,82,0,0,0,82
11/27/2000,GRB,WI,AGL,CE,Towers with Radar,23,36,43,0,102,0,5,0,0,5,23,41,43,0,107,2,0,2,109
11/28/2000,GRB,WI,AGL,CE,Towers with Radar,25,41,48,0,114,0,1,1,0,2,25,42,49,0,116,63,0,63,179
11/29/2000,GRB,WI,AGL,CE,Towers with Radar,22,35,39,0,96,0,5,0,0,5,22,40,39,0,101,0,0,0,101
11/30/2000,GRB,WI,AGL,CE,Towers with Radar,23,45,58,0,126,0,0,8,0,8,23,45,66,0,134,108,0,108,242
12/01/2000,GRB,WI,AGL,CE,Towers with Radar,23,41,28,0,92,0,1,0,2,3,23,42,28,2,95,108,0,108,203
12/02/2000,GRB,WI,AGL,CE,Towers with Radar,21,34,22,0,77,0,19,0,0,19,21,53,22,0,96,93,0,93,189
12/03/2000,GRB,WI,AGL,CE,Towers with Radar,20,21,16,0,57,11,0,0,3,14,31,21,16,3,71,84,0,84,155
12/04/2000,GRB,WI,AGL,CE,Towers with Radar,25,44,37,0,106,0,2,7,0,9,25,46,44,0,115,0,0,0,115
12/05/2000,GRB,WI,AGL,CE,Towers with Radar,24,39,18,0,81,0,0,0,0,0,24,39,18,0,81,37,0,37,118
12/06/2000,GRB,WI,AGL,CE,Towers with Radar,22,41,31,0,94,0,0,0,0,0,22,41,31,0,94,9,0,9,103
12/07/2000,GRB,WI,AGL,CE,Towers with Radar,25,36,36,0,97,0,0,1,0,1,25,36,37,0,98,24,0,24,122
12/08/2000,GRB,WI,AGL,CE,Towers with Radar,26,40,34,0,100,0,3,7,0,10,26,43,41,0,110,78,0,78,188
12/09/2000,GRB,WI,AGL,CE,Towers with Radar,21,23,17,0,61,9,0,0,1,10,30,23,17,1,71,77,0,77,148
12/10/2000,GRB,WI,AGL,CE,Towers with Radar,27,33,31,0,91,10,0,44,0,54,37,33,75,0,145,89,0,89,234
12/11/2000,GRB,WI,AGL,CE,Towers with Radar,17,21,23,1,62,0,0,1,0,1,17,21,24,1,63,0,0,0,63
12/12/2000,GRB,WI,AGL,CE,Towers with Radar,23,42,30,0,95,0,0,0,0,0,23,42,30,0,95,53,0,53,148
12/13/2000,GRB,WI,AGL,CE,Towers with Radar,26,38,40,0,104,0,0,20,0,20,26,38,60,0,124,84,0,84,208
12/14/2000,GRB,WI,AGL,CE,Towers with Radar,25,56,36,0,117,0,0,0,0,0,25,56,36,0,117,71,0,71,188
12/15/2000,GRB,WI,AGL,CE,Towers with Radar,20,47,41,0,108,0,0,7,0,7,20,47,48,0,115,10,0,10,125
12/16/2000,GRB,WI,AGL,CE,Towers with Radar,17,25,7,0,49,8,9,0,0,17,25,34,7,0,66,14,0,14,80
12/17/2000,GRB,WI,AGL,CE,Towers with Radar,20,19,22,0,61,14,0,6,0,20,34,19,28,0,81,0,0,0,81
12/18/2000,GRB,WI,AGL,CE,Towers with Radar,26,26,38,0,90,0,0,0,0,0,26,26,38,0,90,0,0,0,90
12/19/2000,GRB,WI,AGL,CE,Towers with Radar,21,40,34,0,95,0,1,4,0,5,21,41,38,0,100,141,0,141,241
12/20/2000,GRB,WI,AGL,CE,Towers with Radar,21,41,34,1,97,0,7,5,0,12,21,48,39,1,109,0,0,0,109
12/21/2000,GRB,WI,AGL,CE,Towers with Radar,19,39,36,0,94,0,0,1,0,1,19,39,37,0,95,22,0,22,117
12/22/2000,GRB,WI,AGL,CE,Towers with Radar,30,29,35,0,94,4,0,4,0,8,34,29,39,0,102,60,0,60,162
12/23/2000,GRB,WI,AGL,CE,Towers with Radar,18,18,15,0,51,11,0,0,0,11,29,18,15,0,62,0,0,0,62
12/24/2000,GRB,WI,AGL,CE,Towers with Radar,14,18,17,0,49,13,0,3,0,16,27,18,20,0,65,18,0,18,83
12/25/2000,GRB,WI,AGL,CE,Towers with Radar,13,19,11,0,43,11,8,0,0,19,24,27,11,0,62,16,0,16,78
12/26/2000,GRB,WI,AGL,CE,Towers with Radar,25,36,31,0,92,1,9,1,0,11,26,45,32,0,103,14,0,14,117
12/27/2000,GRB,WI,AGL,CE,Towers with Radar,31,43,33,0,107,2,4,0,0,6,33,47,33,0,113,90,0,90,203
12/28/2000,GRB,WI,AGL,CE,Towers with Radar,26,35,31,0,92,6,0,0,0,6,32,35,31,0,98,128,0,128,226
12/29/2000,GRB,WI,AGL,CE,Towers with Radar,20,29,8,0,57,4,3,0,0,7,24,32,8,0,64,0,0,0,64
12/30/2000,GRB,WI,AGL,CE,Towers with Radar,23,31,28,0,82,9,0,2,0,11,32,31,30,0,93,69,0,69,162
12/31/2000,GRB,WI,AGL,CE,Towers with Radar,16,23,17,0,56,5,3,0,0,8,21,26,17,0,64,97,0,97,161
01/01/2001,GRB,WI,AGL,CE,Towers with Radar,22,36,27,0,85,2,2,0,2,6,24,38,27,2,91,59,0,59,150
01/02/2001,GRB,WI,AGL,CE,Towers with Radar,13,22,17,0,52,7,6,0,0,13,20,28,17,0,65,70,0,70,135
01/03/2001,GRB,WI,AGL,CE,Towers with Radar,24,39,31,0,94,1,1,0,2,4,25,40,31,2,98,35,0,35,133
01/04/2001,GRB,WI,AGL,CE,Towers with Radar,23,36,33,0,92,8,0,0,0,8,31,36,33,0,100,0,0,0,100
01/05/2001,GRB,WI,AGL,CE,Towers with Radar,22,42,36,0,100,0,1,3,0,4,22,43,39,0,104,34,0,34,138
01/06/2001,GRB,WI,AGL,CE,Towers with Radar,18,30,29,0,77,0,0,12,0,12,18,30,41,0,89,0,0,0,89
01/07/2001,GRB,WI,AGL,CE,Towers with Radar,16,27,22,0,65,3,3,4,0,10,19,30,26,0,75,149,0,149,224
01/08/2001,GRB,WI,AGL,CE,Towers with Radar,25,41,21,0,87,0,0,0,0,0,25,41,21,0,87,89,0,89,176
01/09/2001,GRB,WI,AGL,CE,Towers with Radar,24,43,30,0,97,0,0,0,0,0,24,43,30,0,97,22,0,22,119
01/10/2001,GRB,WI,AGL,CE,Towers with Radar,25,44,36,0,105,0,0,0,1,1,25,44,36,1,106,66,0,66,172
01/11/2001,GRB,WI,AGL,CE,Towers with Radar,22,44,55,0,121,0,1,0,0,1,22,45,55,0,122,8,0,8,130
01/12/2001,GRB,WI,AGL,CE,Towers with Radar,25,45,41,1,112,0,0,10,0,10,25,45,51,1,122,18,0,18,140
01/13/2001,GRB,WI,AGL,CE,Towers with Radar,20,36,26,0,82,0,23,0,0,23,20,59,26,0,105,36,0,36,141
01/14/2001,GRB,WI,AGL,CE,Towers with Radar,17,24,7,0,48,0,1,0,0,1,17,25,7,0,49,0,0,0,49
01/15/2001,GRB,WI,AGL,CE,Towers with Radar,19,33,29,0,81,0,1,0,0,1,19,34,29,0,82,0,0,0,82
01/16/2001,GRB,WI,AGL,CE,Towers with Radar,21,41,36,0,98,0,0,0,0,0,21,41,36,0,98,70,0,70,168
01/17/2001,GRB,WI,AGL,CE,Towers with Radar,22,46,36,0,104,0,0,0,0,0,22,46,36,0,104,87,0,87,191
01/18/2001,GRB,WI,AGL,CE,Towers with Radar,31,52,47,1,131,2,0,3,0,5,33,52,50,1,136,14,0,14,150
01/19/2001,GRB,WI,AGL,CE,Towers with Radar,22,47,44,1,114,0,0,7,1,8,22,47,51,2,122,82,0,82,204
01/20/2001,GRB,WI,AGL,CE,Towers with Radar,16,21,25,0,62,12,0,6,0,18,28,21,31,0,80,211,0,211,291
01/21/2001,GRB,WI,AGL,CE,Towers with Radar,19,22,28,0,69,11,0,0,0,11,30,22,28,0,80,33,0,33,113
01/22/2001,GRB,WI,AGL,CE,Towers with Radar,24,43,29,0,96,1,0,0,0,1,25,43,29,0,97,75,0,75,172
01/23/2001,GRB,WI,AGL,CE,Towers with Radar,24,46,34,0,104,0,0,0,0,0,24,46,34,0,104,118,0,118,222
01/24/2001,GRB,WI,AGL,CE,Towers with Radar,24,42,39,0,105,0,0,0,0,0,24,42,39,0,105,62,0,62,167
01/25/2001,GRB,WI,AGL,CE,Towers with Radar,20,51,43,0,114,0,1,5,0,6,20,52,48,0,120,120,0,120,240
01/26/2001,GRB,WI,AGL,CE,Towers with Radar,23,42,38,0,103,0,0,1,0,1,23,42,39,0,104,22,0,22,126
01/27/2001,GRB,WI,AGL,CE,Towers with Radar,18,29,27,0,74,4,0,11,0,15,22,29,38,0,89,154,0,154,243
01/28/2001,GRB,WI,AGL,CE,Towers with Radar,13,24,20,0,57,5,0,7,0,12,18,24,27,0,69,83,0,83,152
01/29/2001,GRB,WI,AGL,CE,Towers with Radar,12,27,15,0,54,0,6,0,0,6,12,33,15,0,60,0,0,0,60
01/30/2001,GRB,WI,AGL,CE,Towers with Radar,26,45,39,0,110,0,0,1,0,1,26,45,40,0,111,0,0,0,111
01/31/2001,GRB,WI,AGL,CE,Towers with Radar,23,46,39,0,108,0,11,3,0,14,23,57,42,0,122,122,0,122,244
02/01/2001,GRB,WI,AGL,CE,Towers with Radar,22,44,58,0,124,0,1,1,0,2,22,45,59,0,126,134,0,134,260
02/02/2001,GRB,WI,AGL,CE,Towers with Radar,25,41,32,0,98,0,4,0,2,6,25,45,32,2,104,65,0,65,169
02/03/2001,GRB,WI,AGL,CE,Towers with Radar,24,23,31,0,78,7,0,32,0,39,31,23,63,0,117,78,0,78,195
02/04/2001,GRB,WI,AGL,CE,Towers with Radar,30,33,14,2,79,0,0,1,0,1,30,33,15,2,80,12,0,12,92
02/05/2001,GRB,WI,AGL,CE,Towers with Radar,20,45,42,0,107,0,0,1,0,1,20,45,43,0,108,127,0,127,235
02/06/2001,GRB,WI,AGL,CE,Towers with Radar,27,46,44,0,117,0,0,1,0,1,27,46,45,0,118,80,0,80,198
02/07/2001,GRB,WI,AGL,CE,Towers with Radar,22,50,44,0,116,0,0,1,0,1,22,50,45,0,117,58,0,58,175
02/08/2001,GRB,WI,AGL,CE,Towers with Radar,21,33,15,0,69,6,12,0,0,18,27,45,15,0,87,0,0,0,87
02/09/2001,GRB,WI,AGL,CE,Towers with Radar,18,31,6,0,55,0,10,0,0,10,18,41,6,0,65,0,0,0,65
02/10/2001,GRB,WI,AGL,CE,Towers with Radar,19,19,27,0,65,4,0,8,0,12,23,19,35,0,77,171,0,171,248
02/11/2001,GRB,WI,AGL,CE,Towers with Radar,26,30,27,0,83,0,0,1,0,1,26,30,28,0,84,1,0,1,85
02/12/2001,GRB,WI,AGL,CE,Towers with Radar,23,37,45,0,105,0,0,1,0,1,23,37,46,0,106,45,0,45,151
02/13/2001,GRB,WI,AGL,CE,Towers with Radar,25,49,35,2,111,0,0,1,0,1,25,49,36,2,112,23,0,23,135
02/14/2001,GRB,WI,AGL,CE,Towers with Radar,28,45,41,0,114,0,0,1,0,1,28,45,42,0,115,130,0,130,245
02/15/2001,GRB,WI,AGL,CE,Towers with Radar,24,39,53,0,116,0,0,1,0,1,24,39,54,0,117,132,0,132,249
02/16/2001,GRB,WI,AGL,CE,Towers with Radar,32,36,41,0,109,0,0,1,0,1,32,36,42,0,110,34,0,34,144
02/17/2001,GRB,WI,AGL,CE,Towers with Radar,17,34,42,0,93,0,0,1,0,1,17,34,43,0,94,102,0,102,196
02/18/2001,GRB,WI,AGL,CE,Towers with Radar,26,24,40,0,90,0,0,1,0,1,26,24,41,0,91,19,0,19,110
02/19/2001,GRB,WI,AGL,CE,Towers with Radar,23,40,32,0,95,0,1,0,0,1,23,41,32,0,96,55,0,55,151
02/20/2001,GRB,WI,AGL,CE,Towers with Radar,23,43,37,0,103,0,4,0,0,4,23,47,37,0,107,71,0,71,178
02/21/2001,GRB,WI,AGL,CE,Towers with Radar,29,44,57,1,131,0,0,1,0,1,29,44,58,1,132,44,0,44,176
02/22/2001,GRB,WI,AGL,CE,Towers with Radar,23,52,34,0,109,0,0,1,0,1,23,52,35,0,110,39,0,39,149
02/23/2001,GRB,WI,AGL,CE,Towers with Radar,30,32,34,0,96,0,0,1,0,1,30,32,35,0,97,90,0,90,187
02/24/2001,GRB,WI,AGL,CE,Towers with Radar,18,17,0,0,35,0,0,0,0,0,18,17,0,0,35,0,0,0,35
02/25/2001,GRB,WI,AGL,CE,Towers with Radar,27,26,12,0,65,0,0,1,0,1,27,26,13,0,66,0,0,0,66
02/26/2001,GRB,WI,AGL,CE,Towers with Radar,24,38,23,0,85,1,6,0,0,7,25,44,23,0,92,60,0,60,152
02/27/2001,GRB,WI,AGL,CE,Towers with Radar,32,37,47,2,118,0,0,1,0,1,32,37,48,2,119,86,0,86,205
02/28/2001,GRB,WI,AGL,CE,Towers with Radar,27,43,29,1,100,0,0,0,0,0,27,43,29,1,100,5,0,5,105
03/01/2001,GRB,WI,AGL,CE,Towers with Radar,27,47,45,0,119,0,0,12,0,12,27,47,57,0,131,115,0,115,246
03/02/2001,GRB,WI,AGL,CE,Towers with Radar,27,45,49,2,123,1,1,0,0,2,28,46,49,2,125,88,0,88,213
03/03/2001,GRB,WI,AGL,CE,Towers with Radar,17,31,32,0,80,0,0,24,0,24,17,31,56,0,104,150,0,150,254
03/04/2001,GRB,WI,AGL,CE,Towers with Radar,30,36,27,2,95,0,1,0,0,1,30,37,27,2,96,79,0,79,175
03/05/2001,GRB,WI,AGL,CE,Towers with Radar,24,36,33,0,93,10,0,0,0,10,34,36,33,0,103,8,0,8,111
03/06/2001,GRB,WI,AGL,CE,Towers with Radar,32,33,42,1,108,4,0,0,1,5,36,33,42,2,113,19,0,19,132
03/07/2001,GRB,WI,AGL,CE,Towers with Radar,28,39,48,0,115,1,1,0,0,2,29,40,48,0,117,74,0,74,191
03/08/2001,GRB,WI,AGL,CE,Towers with Radar,23,47,43,0,113,1,1,0,0,2,24,48,43,0,115,41,0,41,156
03/09/2001,GRB,WI,AGL,CE,Towers with Radar,27,55,26,0,108,1,1,0,0,2,28,56,26,0,110,17,0,17,127
03/10/2001,GRB,WI,AGL,CE,Towers with Radar,17,31,21,0,69,1,1,0,0,2,18,32,21,0,71,17,0,17,88
03/11/2001,GRB,WI,AGL,CE,Towers with Radar,18,29,28,1,76,6,13,0,0,19,24,42,28,1,95,200,0,200,295
03/12/2001,GRB,WI,AGL,CE,Towers with Radar,27,39,21,0,87,0,1,0,0,1,27,40,21,0,88,0,0,0,88
03/13/2001,GRB,WI,AGL,CE,Towers with Radar,22,48,43,0,113,0,0,0,0,0,22,48,43,0,113,66,0,66,179
03/14/2001,GRB,WI,AGL,CE,Towers with Radar,19,50,42,0,111,0,5,0,0,5,19,55,42,0,116,44,4,48,164
03/15/2001,GRB,WI,AGL,CE,Towers with Radar,23,39,31,0,93,0,2,0,0,2,23,41,31,0,95,102,0,102,197
03/16/2001,GRB,WI,AGL,CE,Towers with Radar,22,39,22,0,83,0,17,0,2,19,22,56,22,2,102,50,6,56,158
03/17/2001,GRB,WI,AGL,CE,Towers with Radar,20,28,32,0,80,7,0,10,0,17,27,28,42,0,97,96,0,96,193
03/18/2001,GRB,WI,AGL,CE,Towers with Radar,24,23,25,0,72,1,1,0,0,2,25,24,25,0,74,184,0,184,258
03/19/2001,GRB,WI,AGL,CE,Towers with Radar,24,37,29,0,90,5,0,0,0,5,29,37,29,0,95,52,0,52,147
03/20/2001,GRB,WI,AGL,CE,Towers with Radar,25,41,34,0,100,6,1,0,0,7,31,42,34,0,107,220,0,220,327
03/21/2001,GRB,WI,AGL,CE,Towers with Radar,29,51,47,0,127,0,0,0,0,0,29,51,47,0,127,309,0,309,436
03/22/2001,GRB,WI,AGL,CE,Towers with Radar,25,54,49,0,128,0,8,5,0,13,25,62,54,0,141,236,0,236,377
03/23/2001,GRB,WI,AGL,CE,Towers with Radar,24,47,45,0,116,0,0,5,1,6,24,47,50,1,122,73,0,73,195
03/24/2001,GRB,WI,AGL,CE,Towers with Radar,18,43,24,0,85,1,0,1,0,2,19,43,25,0,87,33,0,33,120
03/25/2001,GRB,WI,AGL,CE,Towers with Radar,20,33,9,0,62,1,0,1,0,2,21,33,10,0,64,0,0,0,64
03/26/2001,GRB,WI,AGL,CE,Towers with Radar,20,30,46,0,96,1,0,1,0,2,21,30,47,0,98,64,0,64,162
03/27/2001,GRB,WI,AGL,CE,Towers with Radar,26,43,55,2,126,1,0,0,0,1,27,43,55,2,127,156,0,156,283
03/28/2001,GRB,WI,AGL,CE,Towers with Radar,24,40,28,0,92,0,5,0,1,6,24,45,28,1,98,53,0,53,151
03/29/2001,GRB,WI,AGL,CE,Towers with Radar,26,44,44,0,114,0,0,2,4,6,26,44,46,4,120,95,0,95,215
03/30/2001,GRB,WI,AGL,CE,Towers with Radar,31,29,69,0,129,0,1,0,0,1,31,30,69,0,130,41,0,41,171
03/31/2001,GRB,WI,AGL,CE,Towers with Radar,27,20,31,0,78,0,1,0,0,1,27,21,31,0,79,58,0,58,137
04/01/2001,GRB,WI,AGL,CE,Towers with Radar,25,25,22,0,72,1,0,0,0,1,26,25,22,0,73,11,0,11,84
04/02/2001,GRB,WI,AGL,CE,Towers with Radar,24,44,23,0,91,1,0,0,0,1,25,44,23,0,92,36,0,36,128
04/03/2001,GRB,WI,AGL,CE,Towers with Radar,21,41,32,0,94,1,0,0,0,1,22,41,32,0,95,12,0,12,107
04/04/2001,GRB,WI,AGL,CE,Towers with Radar,29,36,42,0,107,0,1,0,0,1,29,37,42,0,108,94,0,94,202
04/05/2001,GRB,WI,AGL,CE,Towers with Radar,26,42,47,0,115,0,0,13,0,13,26,42,60,0,128,100,0,100,228
04/06/2001,GRB,WI,AGL,CE,Towers with Radar,30,36,32,2,100,2,0,0,0,2,32,36,32,2,102,42,0,42,144
04/07/2001,GRB,WI,AGL,CE,Towers with Radar,23,22,9,0,54,1,0,0,0,1,24,22,9,0,55,0,0,0,55
04/08/2001,GRB,WI,AGL,CE,Towers with Radar,18,24,36,3,81,1,0,0,0,1,19,24,36,3,82,138,0,138,220
04/09/2001,GRB,WI,AGL,CE,Towers with Radar,28,25,40,0,93,5,0,0,0,5,33,25,40,0,98,18,0,18,116
04/10/2001,GRB,WI,AGL,CE,Towers with Radar,32,39,46,0,117,0,0,19,0,19,32,39,65,0,136,116,0,116,252
04/11/2001,GRB,WI,AGL,CE,Towers with Radar,25,40,15,0,80,1,0,0,0,1,26,40,15,0,81,0,0,0,81
04/12/2001,GRB,WI,AGL,CE,Towers with Radar,31,35,46,0,112,0,1,0,0,1,31,36,46,0,113,0,0,0,113
04/13/2001,GRB,WI,AGL,CE,Towers with Radar,32,34,52,0,118,0,1,0,0,1,32,35,52,0,119,134,0,134,253
04/14/2001,GRB,WI,AGL,CE,Towers with Radar,19,22,17,0,58,0,1,0,0,1,19,23,17,0,59,28,0,28,87
04/15/2001,GRB,WI,AGL,CE,Towers with Radar,22,32,9,0,63,0,1,0,0,1,22,33,9,0,64,19,0,19,83
04/16/2001,GRB,WI,AGL,CE,Towers with Radar,26,35,16,0,77,0,1,0,0,1,26,36,16,0,78,0,0,0,78
04/17/2001,GRB,WI,AGL,CE,Towers with Radar,25,36,36,0,97,0,3,0,0,3,25,39,36,0,100,158,0,158,258
04/18/2001,GRB,WI,AGL,CE,Towers with Radar,29,41,39,0,109,0,2,0,0,2,29,43,39,0,111,79,0,79,190
04/19/2001,GRB,WI,AGL,CE,Towers with Radar,29,41,47,0,117,0,1,0,0,1,29,42,47,0,118,24,0,24,142
04/20/2001,GRB,WI,AGL,CE,Towers with Radar,26,41,42,0,109,0,0,0,0,0,26,41,42,0,109,41,0,41,150
04/21/2001,GRB,WI,AGL,CE,Towers with Radar,23,25,32,1,81,0,1,0,0,1,23,26,32,1,82,0,0,0,82
04/22/2001,GRB,WI,AGL,CE,Towers with Radar,20,24,27,0,71,9,0,0,0,9,29,24,27,0,80,0,0,0,80
04/23/2001,GRB,WI,AGL,CE,Towers with Radar,25,31,27,0,83,0,1,0,0,1,25,32,27,0,84,0,0,0,84
04/24/2001,GRB,WI,AGL,CE,Towers with Radar,25,41,43,0,109,0,9,5,0,14,25,50,48,0,123,100,0,100,223
04/25/2001,GRB,WI,AGL,CE,Towers with Radar,27,34,43,0,104,0,1,0,0,1,27,35,43,0,105,209,0,209,314
04/26/2001,GRB,WI,AGL,CE,Towers with Radar,25,45,39,0,109,0,1,0,0,1,25,46,39,0,110,159,0,159,269
04/27/2001,GRB,WI,AGL,CE,Towers with Radar,24,38,61,2,125,0,1,0,0,1,24,39,61,2,126,237,0,237,363
04/28/2001,GRB,WI,AGL,CE,Towers with Radar,21,25,21,0,67,0,1,0,0,1,21,26,21,0,68,292,0,292,360
04/29/2001,GRB,WI,AGL,CE,Towers with Radar,19,21,26,0,66,5,0,3,0,8,24,21,29,0,74,118,0,118,192
04/30/2001,GRB,WI,AGL,CE,Towers with Radar,29,38,41,0,108,0,0,0,0,0,29,38,41,0,108,27,0,27,135
05/01/2001,GRB,WI,AGL,CE,Towers with Radar,24,33,26,0,83,0,1,0,0,1,24,34,26,0,84,78,0,78,162
05/02/2001,GRB,WI,AGL,CE,Towers with Radar,22,40,36,0,98,0,1,0,0,1,22,41,36,0,99,56,0,56,155
05/03/2001,GRB,WI,AGL,CE,Towers with Radar,32,37,39,0,108,0,2,0,0,2,32,39,39,0,110,97,0,97,207
05/04/2001,GRB,WI,AGL,CE,Towers with Radar,26,36,35,1,98,0,0,0,5,5,26,36,35,6,103,68,0,68,171
05/05/2001,GRB,WI,AGL,CE,Towers with Radar,22,22,31,12,87,0,1,0,0,1,22,23,31,12,88,119,44,163,251
05/06/2001,GRB,WI,AGL,CE,Towers with Radar,18,17,24,0,59,4,0,0,4,8,22,17,24,4,67,81,0,81,148
05/07/2001,GRB,WI,AGL,CE,Towers with Radar,27,29,37,0,93,4,0,6,0,10,31,29,43,0,103,20,0,20,123
05/08/2001,GRB,WI,AGL,CE,Towers with Radar,26,44,33,1,104,0,3,0,0,3,26,47,33,1,107,36,0,36,143
05/09/2001,GRB,WI,AGL,CE,Towers with Radar,25,33,41,0,99,0,5,6,0,11,25,38,47,0,110,73,0,73,183
05/10/2001,GRB,WI,AGL,CE,Towers with Radar,30,35,34,1,100,0,0,0,0,0,30,35,34,1,100,44,0,44,144
05/11/2001,GRB,WI,AGL,CE,Towers with Radar,24,36,52,2,114,0,1,0,0,1,24,37,52,2,115,70,0,70,185
05/12/2001,GRB,WI,AGL,CE,Towers with Radar,23,21,33,0,77,2,0,9,1,12,25,21,42,1,89,163,0,163,252
05/13/2001,GRB,WI,AGL,CE,Towers with Radar,17,20,20,0,57,7,3,0,0,10,24,23,20,0,67,63,0,63,130
05/14/2001,GRB,WI,AGL,CE,Towers with Radar,24,34,39,0,97,0,1,0,0,1,24,35,39,0,98,24,0,24,122
05/15/2001,GRB,WI,AGL,CE,Towers with Radar,29,36,44,0,109,0,10,4,0,14,29,46,48,0,123,50,0,50,173
05/16/2001,GRB,WI,AGL,CE,Towers with Radar,25,47,52,3,127,0,1,0,0,1,25,48,52,3,128,152,0,152,280
05/17/2001,GRB,WI,AGL,CE,Towers with Radar,34,25,50,0,109,0,0,6,0,6,34,25,56,0,115,64,0,64,179
05/18/2001,GRB,WI,AGL,CE,Towers with Radar,35,29,39,0,103,16,0,0,0,16,51,29,39,0,119,87,0,87,206
05/19/2001,GRB,WI,AGL,CE,Towers with Radar,20,18,19,0,57,0,1,0,0,1,20,19,19,0,58,172,0,172,230
05/20/2001,GRB,WI,AGL,CE,Towers with Radar,26,22,22,0,70,0,1,0,0,1,26,23,22,0,71,34,0,34,105
05/21/2001,GRB,WI,AGL,CE,Towers with Radar,27,35,48,0,110,0,1,0,0,1,27,36,48,0,111,12,0,12,123
05/22/2001,GRB,WI,AGL,CE,Towers with Radar,28,32,38,0,98,0,5,5,0,10,28,37,43,0,108,74,0,74,182
05/23/2001,GRB,WI,AGL,CE,Towers with Radar,24,38,43,0,105,0,2,0,0,2,24,40,43,0,107,34,0,34,141
05/24/2001,GRB,WI,AGL,CE,Towers with Radar,29,38,57,0,124,0,1,0,0,1,29,39,57,0,125,0,0,0,125
05/25/2001,GRB,WI,AGL,CE,Towers with Radar,30,36,50,0,116,0,1,0,0,1,30,37,50,0,117,33,0,33,150
05/26/2001,GRB,WI,AGL,CE,Towers with Radar,18,30,31,0,79,0,1,0,0,1,18,31,31,0,80,26,0,26,106
05/27/2001,GRB,WI,AGL,CE,Towers with Radar,19,19,9,0,47,0,1,0,0,1,19,20,9,0,48,52,0,52,100
05/28/2001,GRB,WI,AGL,CE,Towers with Radar,18,22,18,0,58,6,1,0,0,7,24,23,18,0,65,2,0,2,67
05/29/2001,GRB,WI,AGL,CE,Towers with Radar,26,34,39,0,99,5,2,0,0,7,31,36,39,0,106,96,0,96,202
05/30/2001,GRB,WI,AGL,CE,Towers with Radar,27,37,44,0,108,0,4,19,0,23,27,41,63,0,131,73,0,73,204
05/31/2001,GRB,WI,AGL,CE,Towers with Radar,29,36,48,0,113,0,0,20,0,20,29,36,68,0,133,110,0,110,243
06/01/2001,GRB,WI,AGL,CE,Towers with Radar,22,41,24,2,89,2,1,0,0,3,24,42,24,2,92,16,0,16,108
06/02/2001,GRB,WI,AGL,CE,Towers with Radar,28,36,42,0,106,28,0,9,0,37,56,36,51,0,143,16,0,16,159
06/03/2001,GRB,WI,AGL,CE,Towers with Radar,20,21,31,4,76,0,2,1,0,3,20,23,32,4,79,47,0,47,126
06/04/2001,GRB,WI,AGL,CE,Towers with Radar,24,35,55,2,116,0,2,2,0,4,24,37,57,2,120,170,0,170,290
06/05/2001,GRB,WI,AGL,CE,Towers with Radar,24,34,60,2,120,0,1,2,0,3,24,35,62,2,123,50,0,50,173
06/06/2001,GRB,WI,AGL,CE,Towers with Radar,22,52,55,2,131,0,1,2,0,3,22,53,57,2,134,102,0,102,236
06/07/2001,GRB,WI,AGL,CE,Towers with Radar,24,36,40,0,100,0,1,14,0,15,24,37,54,0,115,90,0,90,205
06/08/2001,GRB,WI,AGL,CE,Towers with Radar,28,38,29,1,96,0,1,0,4,5,28,39,29,5,101,177,0,177,278
06/09/2001,GRB,WI,AGL,CE,Towers with Radar,20,28,31,3,82,0,1,2,0,3,20,29,33,3,85,216,0,216,301
06/10/2001,GRB,WI,AGL,CE,Towers with Radar,19,26,28,4,77,0,1,2,0,3,19,27,30,4,80,0,0,0,80
06/11/2001,GRB,WI,AGL,CE,Towers with Radar,23,28,41,1,93,0,0,11,0,11,23,28,52,1,104,32,0,32,136
06/12/2001,GRB,WI,AGL,CE,Towers with Radar,21,50,47,1,119,0,1,1,0,2,21,51,48,1,121,127,0,127,248
06/13/2001,GRB,WI,AGL,CE,Towers with Radar,24,34,35,0,93,0,6,0,0,6,24,40,35,0,99,71,0,71,170
06/14/2001,GRB,WI,AGL,CE,Towers with Radar,27,40,61,0,128,0,1,1,0,2,27,41,62,0,130,67,0,67,197
06/15/2001,GRB,WI,AGL,CE,Towers with Radar,23,35,50,1,109,0,0,0,1,1,23,35,50,2,110,184,0,184,294
06/16/2001,GRB,WI,AGL,CE,Towers with Radar,25,23,35,2,85,0,1,1,0,2,25,24,36,2,87,118,0,118,205
06/17/2001,GRB,WI,AGL,CE,Towers with Radar,20,22,22,0,64,2,0,0,0,2,22,22,22,0,66,119,0,119,185
06/18/2001,GRB,WI,AGL,CE,Towers with Radar,27,34,25,0,86,0,1,1,0,2,27,35,26,0,88,32,0,32,120
06/19/2001,GRB,WI,AGL,CE,Towers with Radar,27,38,35,0,100,0,1,1,0,2,27,39,36,0,102,22,0,22,124
06/20/2001,GRB,WI,AGL,CE,Towers with Radar,33,40,31,0,104,0,1,1,0,2,33,41,32,0,106,223,0,223,329
06/21/2001,GRB,WI,AGL,CE,Towers with Radar,27,40,49,0,116,0,0,3,0,3,27,40,52,0,119,46,0,46,165
06/22/2001,GRB,WI,AGL,CE,Towers with Radar,23,38,53,0,114,0,0,17,0,17,23,38,70,0,131,223,0,223,354
06/23/2001,GRB,WI,AGL,CE,Towers with Radar,20,19,26,0,65,10,0,0,0,10,30,19,26,0,75,163,0,163,238
06/24/2001,GRB,WI,AGL,CE,Towers with Radar,32,15,11,0,58,0,1,1,0,2,32,16,12,0,60,127,0,127,187
06/25/2001,GRB,WI,AGL,CE,Towers with Radar,25,37,45,1,108,0,1,1,0,2,25,38,46,1,110,105,0,105,215
06/26/2001,GRB,WI,AGL,CE,Towers with Radar,26,36,35,0,97,0,5,0,0,5,26,41,35,0,102,100,0,100,202
06/27/2001,GRB,WI,AGL,CE,Towers with Radar,25,34,27,0,86,3,18,0,0,21,28,52,27,0,107,167,0,167,274
06/28/2001,GRB,WI,AGL,CE,Towers with Radar,29,35,46,0,110,0,1,0,0,1,29,36,46,0,111,194,0,194,305
06/29/2001,GRB,WI,AGL,CE,Towers with Radar,27,37,36,0,100,0,0,0,0,0,27,37,36,0,100,198,0,198,298
06/30/2001,GRB,WI,AGL,CE,Towers with Radar,18,21,12,0,51,13,0,0,4,17,31,21,12,4,68,26,0,26,94
07/01/2001,GRB,WI,AGL,CE,Towers with Radar,30,15,44,0,89,0,0,0,0,0,30,15,44,0,89,135,0,135,224
07/02/2001,GRB,WI,AGL,CE,Towers with Radar,20,30,38,1,89,9,7,3,0,19,29,37,41,1,108,67,0,67,175
07/03/2001,GRB,WI,AGL,CE,Towers with Radar,27,40,27,0,94,1,0,0,0,1,28,40,27,0,95,97,0,97,192
07/04/2001,GRB,WI,AGL,CE,Towers with Radar,16,23,28,1,68,12,0,0,3,15,28,23,28,4,83,114,0,114,197
07/05/2001,GRB,WI,AGL,CE,Towers with Radar,21,30,32,0,83,6,4,0,0,10,27,34,32,0,93,218,0,218,311
07/06/2001,GRB,WI,AGL,CE,Towers with Radar,22,31,22,1,76,6,2,0,1,9,28,33,22,2,85,60,0,60,145
07/07/2001,GRB,WI,AGL,CE,Towers with Radar,18,25,25,1,69,7,2,0,5,14,25,27,25,6,83,32,0,32,115
07/08/2001,GRB,WI,AGL,CE,Towers with Radar,23,30,20,2,75,0,1,0,0,1,23,31,20,2,76,88,0,88,164
07/09/2001,GRB,WI,AGL,CE,Towers with Radar,21,46,32,0,99,1,1,0,0,2,22,47,32,0,101,63,0,63,164
07/10/2001,GRB,WI,AGL,CE,Towers with Radar,21,30,30,1,82,8,9,0,3,20,29,39,30,4,102,50,0,50,152
07/11/2001,GRB,WI,AGL,CE,Towers with Radar,25,35,44,0,104,8,0,3,0,11,33,35,47,0,115,108,0,108,223
07/12/2001,GRB,WI,AGL,CE,Towers with Radar,25,35,38,0,98,4,5,0,0,9,29,40,38,0,107,125,0,125,232
07/13/2001,GRB,WI,AGL,CE,Towers with Radar,32,33,54,10,129,1,0,1,0,2,33,33,55,10,131,106,12,118,249
07/14/2001,GRB,WI,AGL,CE,Towers with Radar,17,32,29,9,87,1,0,1,0,2,18,32,30,9,89,106,4,110,199
07/15/2001,GRB,WI,AGL,CE,Towers with Radar,25,35,22,6,88,0,0,0,0,0,25,35,22,6,88,14,0,14,102
07/16/2001,GRB,WI,AGL,CE,Towers with Radar,26,37,30,0,93,1,6,0,0,7,27,43,30,0,100,183,0,183,283
07/17/2001,GRB,WI,AGL,CE,Towers with Radar,35,39,42,1,117,0,3,0,0,3,35,42,42,1,120,34,0,34,154
07/18/2001,GRB,WI,AGL,CE,Towers with Radar,30,51,34,0,115,0,0,0,0,0,30,51,34,0,115,132,0,132,247
07/19/2001,GRB,WI,AGL,CE,Towers with Radar,27,41,50,0,118,0,7,0,0,7,27,48,50,0,125,78,0,78,203
07/20/2001,GRB,WI,AGL,CE,Towers with Radar,31,43,31,0,105,0,8,0,0,8,31,51,31,0,113,43,0,43,156
07/21/2001,GRB,WI,AGL,CE,Towers with Radar,19,26,21,0,66,4,6,0,0,10,23,32,21,0,76,80,0,80,156
07/22/2001,GRB,WI,AGL,CE,Towers with Radar,19,34,42,0,95,0,5,6,0,11,19,39,48,0,106,81,0,81,187
07/23/2001,GRB,WI,AGL,CE,Towers with Radar,27,41,57,2,127,0,0,0,3,3,27,41,57,5,130,32,0,32,162
07/24/2001,GRB,WI,AGL,CE,Towers with Radar,29,43,55,0,127,0,12,17,0,29,29,55,72,0,156,102,0,102,258
07/25/2001,GRB,WI,AGL,CE,Towers with Radar,31,44,81,3,159,0,0,11,3,14,31,44,92,6,173,110,0,110,283
07/26/2001,GRB,WI,AGL,CE,Towers with Radar,28,44,77,0,149,0,0,38,0,38,28,44,115,0,187,29,0,29,216
07/27/2001,GRB,WI,AGL,CE,Towers with Radar,30,41,69,1,141,0,0,27,0,27,30,41,96,1,168,68,0,68,236
07/28/2001,GRB,WI,AGL,CE,Towers with Radar,25,26,53,0,104,0,0,10,0,10,25,26,63,0,114,15,0,15,129
07/29/2001,GRB,WI,AGL,CE,Towers with Radar,34,18,93,1,146,0,0,0,0,0,34,18,93,1,146,4,0,4,150
07/30/2001,GRB,WI,AGL,CE,Towers with Radar,26,41,63,0,130,0,0,0,0,0,26,41,63,0,130,147,0,147,277
07/31/2001,GRB,WI,AGL,CE,Towers with Radar,28,46,59,2,135,0,0,0,0,0,28,46,59,2,135,147,0,147,282
08/01/2001,GRB,WI,AGL,CE,Towers with Radar,27,38,31,0,96,5,0,0,0,5,32,38,31,0,101,50,0,50,151
08/02/2001,GRB,WI,AGL,CE,Towers with Radar,27,45,45,2,119,0,0,1,0,1,27,45,46,2,120,113,0,113,233
08/03/2001,GRB,WI,AGL,CE,Towers with Radar,27,43,39,0,109,0,0,1,0,1,27,43,40,0,110,178,0,178,288
08/04/2001,GRB,WI,AGL,CE,Towers with Radar,20,29,18,0,67,2,2,0,0,4,22,31,18,0,71,63,0,63,134
08/05/2001,GRB,WI,AGL,CE,Towers with Radar,21,29,19,0,69,2,2,0,0,4,23,31,19,0,73,122,0,122,195
08/06/2001,GRB,WI,AGL,CE,Towers with Radar,22,44,37,0,103,0,0,1,0,1,22,44,38,0,104,73,0,73,177
08/07/2001,GRB,WI,AGL,CE,Towers with Radar,16,44,42,0,102,0,1,7,0,8,16,45,49,0,110,72,0,72,182
08/08/2001,GRB,WI,AGL,CE,Towers with Radar,22,46,71,0,139,0,0,1,0,1,22,46,72,0,140,42,0,42,182
08/09/2001,GRB,WI,AGL,CE,Towers with Radar,25,36,60,2,123,0,2,1,0,3,25,38,61,2,126,0,0,0,126
08/10/2001,GRB,WI,AGL,CE,Towers with Radar,34,35,26,0,95,0,0,1,0,1,34,35,27,0,96,0,0,0,96
08/11/2001,GRB,WI,AGL,CE,Towers with Radar,18,26,24,0,68,5,6,4,0,15,23,32,28,0,83,137,0,137,220
08/12/2001,GRB,WI,AGL,CE,Towers with Radar,20,19,23,0,62,11,0,0,2,13,31,19,23,2,75,20,0,20,95
08/13/2001,GRB,WI,AGL,CE,Towers with Radar,23,46,25,0,94,0,0,1,0,1,23,46,26,0,95,60,0,60,155
08/14/2001,GRB,WI,AGL,CE,Towers with Radar,28,48,51,0,127,0,0,1,0,1,28,48,52,0,128,56,0,56,184
08/15/2001,GRB,WI,AGL,CE,Towers with Radar,25,50,63,0,138,0,0,1,0,1,25,50,64,0,139,44,0,44,183
08/16/2001,GRB,WI,AGL,CE,Towers with Radar,27,44,50,0,121,0,0,7,0,7,27,44,57,0,128,90,0,90,218
08/17/2001,GRB,WI,AGL,CE,Towers with Radar,29,43,38,0,110,0,0,1,0,1,29,43,39,0,111,94,0,94,205
08/18/2001,GRB,WI,AGL,CE,Towers with Radar,23,23,17,0,63,0,0,1,0,1,23,23,18,0,64,46,0,46,110
08/19/2001,GRB,WI,AGL,CE,Towers with Radar,20,29,24,0,73,8,0,0,0,8,28,29,24,0,81,19,0,19,100
08/20/2001,GRB,WI,AGL,CE,Towers with Radar,32,55,38,0,125,0,0,1,0,1,32,55,39,0,126,116,0,116,242
08/21/2001,GRB,WI,AGL,CE,Towers with Radar,30,43,31,0,104,0,0,1,0,1,30,43,32,0,105,126,0,126,231
08/22/2001,GRB,WI,AGL,CE,Towers with Radar,29,41,40,0,110,3,1,4,0,8,32,42,44,0,118,247,0,247,365
08/23/2001,GRB,WI,AGL,CE,Towers with Radar,25,44,38,0,107,0,0,0,0,0,25,44,38,0,107,100,0,100,207
08/24/2001,GRB,WI,AGL,CE,Towers with Radar,39,43,52,0,134,0,0,1,0,1,39,43,53,0,135,268,0,268,403
08/25/2001,GRB,WI,AGL,CE,Towers with Radar,25,29,49,0,103,0,0,1,0,1,25,29,50,0,104,58,0,58,162
08/26/2001,GRB,WI,AGL,CE,Towers with Radar,32,24,35,0,91,0,0,1,0,1,32,24,36,0,92,60,0,60,152
08/27/2001,GRB,WI,AGL,CE,Towers with Radar,26,47,37,0,110,0,0,1,0,1,26,47,38,0,111,134,0,134,245
08/28/2001,GRB,WI,AGL,CE,Towers with Radar,25,38,32,0,95,0,4,0,0,4,25,42,32,0,99,112,0,112,211
08/29/2001,GRB,WI,AGL,CE,Towers with Radar,23,43,41,0,107,0,11,8,0,19,23,54,49,0,126,119,0,119,245
08/30/2001,GRB,WI,AGL,CE,Towers with Radar,34,47,39,2,122,0,0,1,0,1,34,47,40,2,123,107,0,107,230
08/31/2001,GRB,WI,AGL,CE,Towers with Radar,33,32,40,2,107,0,0,0,0,0,33,32,40,2,107,193,0,193,300
09/01/2001,GRB,WI,AGL,CE,Towers with Radar,18,32,13,0,63,1,1,0,0,2,19,33,13,0,65,226,0,226,291
09/02/2001,GRB,WI,AGL,CE,Towers with Radar,24,22,12,3,61,0,0,2,0,2,24,22,14,3,63,86,0,86,149
09/03/2001,GRB,WI,AGL,CE,Towers with Radar,20,32,19,1,72,4,0,0,4,8,24,32,19,5,80,106,0,106,186
09/04/2001,GRB,WI,AGL,CE,Towers with Radar,23,43,35,1,102,7,4,0,1,12,30,47,35,2,114,193,0,193,307
09/05/2001,GRB,WI,AGL,CE,Towers with Radar,24,43,40,0,107,3,0,2,0,5,27,43,42,0,112,47,0,47,159
09/06/2001,GRB,WI,AGL,CE,Towers with Radar,23,47,51,0,121,0,0,0,0,0,23,47,51,0,121,64,0,64,185
09/07/2001,GRB,WI,AGL,CE,Towers with Radar,26,38,39,0,103,0,0,3,0,3,26,38,42,0,106,100,0,100,206
09/08/2001,GRB,WI,AGL,CE,Towers with Radar,27,33,23,0,83,0,0,3,0,3,27,33,26,0,86,0,0,0,86
09/09/2001,GRB,WI,AGL,CE,Towers with Radar,21,35,36,0,92,5,0,39,0,44,26,35,75,0,136,1,0,1,137
09/10/2001,GRB,WI,AGL,CE,Towers with Radar,23,43,36,0,102,4,2,0,0,6,27,45,36,0,108,59,0,59,167
09/11/2001,GRB,WI,AGL,CE,Towers with Radar,0,0,0,0,0,0,0,0,0,0,0,0,0,0,0,0,0,0,0
09/12/2001,GRB,WI,AGL,CE,Towers with Radar,0,0,0,0,0,0,0,0,0,0,0,0,0,0,0,0,0,0,0
09/13/2001,GRB,WI,AGL,CE,Towers with Radar,0,0,0,0,0,0,0,0,0,0,0,0,0,0,0,0,0,0,0
09/14/2001,GRB,WI,AGL,CE,Towers with Radar,13,27,3,0,43,0,27,0,0,27,13,54,3,0,70,0,0,0,70
09/15/2001,GRB,WI,AGL,CE,Towers with Radar,16,43,18,0,77,0,0,2,0,2,16,43,20,0,79,0,0,0,79
09/16/2001,GRB,WI,AGL,CE,Towers with Radar,24,30,31,0,85,1,0,0,0,1,25,30,31,0,86,0,0,0,86
09/17/2001,GRB,WI,AGL,CE,Towers with Radar,17,46,30,0,93,0,0,2,0,2,17,46,32,0,95,0,0,0,95
09/18/2001,GRB,WI,AGL,CE,Towers with Radar,18,46,45,0,109,0,6,6,0,12,18,52,51,0,121,0,0,0,121
09/19/2001,GRB,WI,AGL,CE,Towers with Radar,17,47,28,0,92,0,0,1,0,1,17,47,29,0,93,0,0,0,93
09/20/2001,GRB,WI,AGL,CE,Towers with Radar,16,49,52,2,119,0,0,1,0,1,16,49,53,2,120,20,0,20,140
09/21/2001,GRB,WI,AGL,CE,Towers with Radar,18,42,53,0,113,0,0,1,0,1,18,42,54,0,114,74,0,74,188
09/22/2001,GRB,WI,AGL,CE,Towers with Radar,20,22,92,0,134,0,2,1,0,3,20,24,93,0,137,0,0,0,137
09/23/2001,GRB,WI,AGL,CE,Towers with Radar,23,19,19,0,61,0,1,1,0,2,23,20,20,0,63,0,0,0,63
09/24/2001,GRB,WI,AGL,CE,Towers with Radar,17,62,70,0,149,0,0,1,0,1,17,62,71,0,150,0,0,0,150
09/25/2001,GRB,WI,AGL,CE,Towers with Radar,24,39,43,0,106,3,0,8,0,11,27,39,51,0,117,26,0,26,143
09/26/2001,GRB,WI,AGL,CE,Towers with Radar,17,38,36,0,91,0,0,0,0,0,17,38,36,0,91,130,0,130,221
09/27/2001,GRB,WI,AGL,CE,Towers with Radar,19,47,38,0,104,0,2,0,0,2,19,49,38,0,106,46,0,46,152
09/28/2001,GRB,WI,AGL,CE,Towers with Radar,30,22,54,0,106,0,0,1,0,1,30,22,55,0,107,74,0,74,181
09/29/2001,GRB,WI,AGL,CE,Towers with Radar,17,24,24,0,65,5,0,0,0,5,22,24,24,0,70,48,0,48,118
09/30/2001,GRB,WI,AGL,CE,Towers with Radar,21,25,35,0,81,0,0,1,0,1,21,25,36,0,82,182,0,182,264
10/01/2001,GRB,WI,AGL,CE,Towers with Radar,19,46,27,0,92,2,0,0,0,2,21,46,27,0,94,55,0,55,149
10/02/2001,GRB,WI,AGL,CE,Towers with Radar,31,48,48,0,127,4,0,3,0,7,35,48,51,0,134,122,0,122,256
10/03/2001,GRB,WI,AGL,CE,Towers with Radar,20,47,41,0,108,0,0,5,0,5,20,47,46,0,113,7,0,7,120
10/04/2001,GRB,WI,AGL,CE,Towers with Radar,27,51,28,0,106,0,1,0,1,2,27,52,28,1,108,96,0,96,204
10/05/2001,GRB,WI,AGL,CE,Towers with Radar,19,50,30,0,99,0,3,0,0,3,19,53,30,0,102,26,0,26,128
10/06/2001,GRB,WI,AGL,CE,Towers with Radar,34,25,14,2,75,1,0,0,0,1,35,25,14,2,76,1,0,1,77
10/07/2001,GRB,WI,AGL,CE,Towers with Radar,20,28,23,0,71,1,0,0,0,1,21,28,23,0,72,93,0,93,165
10/08/2001,GRB,WI,AGL,CE,Towers with Radar,18,48,34,0,100,1,0,0,0,1,19,48,34,0,101,68,0,68,169
10/09/2001,GRB,WI,AGL,CE,Towers with Radar,21,49,34,0,104,1,0,0,0,1,22,49,34,0,105,70,0,70,175
10/10/2001,GRB,WI,AGL,CE,Towers with Radar,23,53,44,1,121,0,1,11,0,12,23,54,55,1,133,6,0,6,139
10/11/2001,GRB,WI,AGL,CE,Towers with Radar,27,44,47,0,118,0,0,16,0,16,27,44,63,0,134,126,0,126,260
10/12/2001,GRB,WI,AGL,CE,Towers with Radar,32,32,45,0,109,0,0,1,0,1,32,32,46,0,110,43,0,43,153
10/13/2001,GRB,WI,AGL,CE,Towers with Radar,35,21,21,0,77,0,0,1,0,1,35,21,22,0,78,0,0,0,78
10/14/2001,GRB,WI,AGL,CE,Towers with Radar,28,42,69,0,139,0,0,1,0,1,28,42,70,0,140,22,0,22,162
10/15/2001,GRB,WI,AGL,CE,Towers with Radar,23,42,31,0,96,3,3,0,0,6,26,45,31,0,102,98,0,98,200
10/16/2001,GRB,WI,AGL,CE,Towers with Radar,19,52,49,0,120,0,0,1,0,1,19,52,50,0,121,35,0,35,156
10/17/2001,GRB,WI,AGL,CE,Towers with Radar,21,47,31,0,99,0,0,0,0,0,21,47,31,0,99,106,0,106,205
10/18/2001,GRB,WI,AGL,CE,Towers with Radar,26,47,29,0,102,0,0,1,0,1,26,47,30,0,103,20,0,20,123
10/19/2001,GRB,WI,AGL,CE,Towers with Radar,28,37,35,0,100,1,0,0,0,1,29,37,35,0,101,94,0,94,195
10/20/2001,GRB,WI,AGL,CE,Towers with Radar,18,37,22,0,77,1,0,1,0,2,19,37,23,0,79,120,0,120,199
10/21/2001,GRB,WI,AGL,CE,Towers with Radar,16,27,23,0,66,8,0,10,0,18,24,27,33,0,84,60,0,60,144
10/22/2001,GRB,WI,AGL,CE,Towers with Radar,20,29,0,0,49,26,0,0,0,26,46,29,0,0,75,152,0,152,227
10/23/2001,GRB,WI,AGL,CE,Towers with Radar,23,45,41,0,109,0,0,19,0,19,23,45,60,0,128,0,0,0,128
10/24/2001,GRB,WI,AGL,CE,Towers with Radar,21,46,36,0,103,0,11,0,0,11,21,57,36,0,114,2,0,2,116
10/25/2001,GRB,WI,AGL,CE,Towers with Radar,20,37,11,0,68,6,14,0,0,20,26,51,11,0,88,0,0,0,88
10/26/2001,GRB,WI,AGL,CE,Towers with Radar,21,38,26,0,85,3,4,0,0,7,24,42,26,0,92,4,0,4,96
10/27/2001,GRB,WI,AGL,CE,Towers with Radar,14,26,20,0,60,3,5,0,1,9,17,31,20,1,69,75,0,75,144
10/28/2001,GRB,WI,AGL,CE,Towers with Radar,15,27,23,0,65,5,13,3,0,21,20,40,26,0,86,77,0,77,163
10/29/2001,GRB,WI,AGL,CE,Towers with Radar,20,37,30,0,87,4,1,0,0,5,24,38,30,0,92,66,0,66,158
10/30/2001,GRB,WI,AGL,CE,Towers with Radar,26,51,42,0,119,0,11,10,0,21,26,62,52,0,140,65,0,65,205
10/31/2001,GRB,WI,AGL,CE,Towers with Radar,22,41,24,0,87,0,10,0,1,11,22,51,24,1,98,2,0,2,100
11/01/2001,GRB,WI,AGL,CE,Towers with Radar,23,47,43,0,113,0,0,1,0,1,23,47,44,0,114,40,0,40,154
11/02/2001,GRB,WI,AGL,CE,Towers with Radar,22,46,33,0,101,0,0,0,2,2,22,46,33,2,103,42,0,42,145
11/03/2001,GRB,WI,AGL,CE,Towers with Radar,19,36,33,0,88,0,0,16,0,16,19,36,49,0,104,242,0,242,346
11/04/2001,GRB,WI,AGL,CE,Towers with Radar,19,40,35,0,94,0,16,35,2,53,19,56,70,2,147,3,0,3,150
11/05/2001,GRB,WI,AGL,CE,Towers with Radar,19,45,42,0,106,0,0,4,0,4,19,45,46,0,110,66,0,66,176
11/06/2001,GRB,WI,AGL,CE,Towers with Radar,23,41,39,0,103,3,0,0,0,3,26,41,39,0,106,16,0,16,122
11/07/2001,GRB,WI,AGL,CE,Towers with Radar,22,52,47,0,121,0,0,9,0,9,22,52,56,0,130,26,0,26,156
11/08/2001,GRB,WI,AGL,CE,Towers with Radar,21,43,31,0,95,1,0,0,0,1,22,43,31,0,96,30,0,30,126
11/09/2001,GRB,WI,AGL,CE,Towers with Radar,21,45,46,0,112,0,0,19,0,19,21,45,65,0,131,95,0,95,226
11/10/2001,GRB,WI,AGL,CE,Towers with Radar,13,26,9,0,48,2,13,0,0,15,15,39,9,0,63,107,0,107,170
11/11/2001,GRB,WI,AGL,CE,Towers with Radar,12,25,9,0,46,9,2,0,2,13,21,27,9,2,59,93,0,93,152
11/12/2001,GRB,WI,AGL,CE,Towers with Radar,20,41,36,0,97,3,0,8,0,11,23,41,44,0,108,95,0,95,203
11/13/2001,GRB,WI,AGL,CE,Towers with Radar,19,43,41,0,103,0,0,1,0,1,19,43,42,0,104,45,0,45,149
11/14/2001,GRB,WI,AGL,CE,Towers with Radar,22,38,41,0,101,0,0,3,0,3,22,38,44,0,104,0,0,0,104
11/15/2001,GRB,WI,AGL,CE,Towers with Radar,23,45,42,0,110,0,0,0,0,0,23,45,42,0,110,105,0,105,215
11/16/2001,GRB,WI,AGL,CE,Towers with Radar,24,40,44,1,109,1,0,2,1,4,25,40,46,2,113,52,0,52,165
11/17/2001,GRB,WI,AGL,CE,Towers with Radar,17,34,30,0,81,1,0,16,0,17,18,34,46,0,98,89,0,89,187
11/18/2001,GRB,WI,AGL,CE,Towers with Radar,17,33,30,0,80,8,0,28,0,36,25,33,58,0,116,15,0,15,131
11/19/2001,GRB,WI,AGL,CE,Towers with Radar,19,41,34,0,94,2,3,1,0,6,21,44,35,0,100,29,0,29,129
11/20/2001,GRB,WI,AGL,CE,Towers with Radar,16,48,22,0,86,0,7,0,0,7,16,55,22,0,93,52,0,52,145
11/21/2001,GRB,WI,AGL,CE,Towers with Radar,15,40,34,1,90,0,0,0,1,1,15,40,34,2,91,176,0,176,267
11/22/2001,GRB,WI,AGL,CE,Towers with Radar,10,21,4,0,35,5,13,0,0,18,15,34,4,0,53,8,0,8,61
11/23/2001,GRB,WI,AGL,CE,Towers with Radar,15,27,22,0,64,4,0,0,0,4,19,27,22,0,68,62,0,62,130
11/24/2001,GRB,WI,AGL,CE,Towers with Radar,12,27,9,0,48,12,8,0,0,20,24,35,9,0,68,31,0,31,99
11/25/2001,GRB,WI,AGL,CE,Towers with Radar,15,35,21,0,71,0,4,0,0,4,15,39,21,0,75,0,0,0,75
11/26/2001,GRB,WI,AGL,CE,Towers with Radar,20,43,18,0,81,10,0,0,0,10,30,43,18,0,91,2,0,2,93
11/27/2001,GRB,WI,AGL,CE,Towers with Radar,19,43,18,0,80,1,7,0,0,8,20,50,18,0,88,6,0,6,94
11/28/2001,GRB,WI,AGL,CE,Towers with Radar,22,46,38,0,106,1,0,1,0,2,23,46,39,0,108,0,0,0,108
11/29/2001,GRB,WI,AGL,CE,Towers with Radar,15,51,42,0,108,0,2,1,0,3,15,53,43,0,111,18,0,18,129
11/30/2001,GRB,WI,AGL,CE,Towers with Radar,20,45,32,0,97,1,1,0,0,2,21,46,32,0,99,0,0,0,99
12/01/2001,GRB,WI,AGL,CE,Towers with Radar,21,40,35,0,96,11,0,1,0,12,32,40,36,0,108,128,0,128,236
12/02/2001,GRB,WI,AGL,CE,Towers with Radar,13,26,12,1,52,4,5,0,2,11,17,31,12,3,63,0,0,0,63
12/03/2001,GRB,WI,AGL,CE,Towers with Radar,19,54,47,0,120,0,2,12,0,14,19,56,59,0,134,78,0,78,212
12/04/2001,GRB,WI,AGL,CE,Towers with Radar,22,49,38,1,110,0,0,0,3,3,22,49,38,4,113,36,0,36,149
12/05/2001,GRB,WI,AGL,CE,Towers with Radar,22,45,49,0,116,0,0,1,0,1,22,45,50,0,117,75,0,75,192
12/06/2001,GRB,WI,AGL,CE,Towers with Radar,24,44,43,1,112,0,0,0,3,3,24,44,43,4,115,127,0,127,242
12/07/2001,GRB,WI,AGL,CE,Towers with Radar,29,34,46,0,109,2,0,3,0,5,31,34,49,0,114,242,0,242,356
12/08/2001,GRB,WI,AGL,CE,Towers with Radar,17,29,30,0,76,6,0,12,0,18,23,29,42,0,94,147,0,147,241
12/09/2001,GRB,WI,AGL,CE,Towers with Radar,23,46,42,0,111,0,0,72,0,72,23,46,114,0,183,86,0,86,269
12/10/2001,GRB,WI,AGL,CE,Towers with Radar,19,46,29,1,95,0,0,0,4,4,19,46,29,5,99,73,0,73,172
12/11/2001,GRB,WI,AGL,CE,Towers with Radar,19,51,43,0,113,0,0,1,0,1,19,51,44,0,114,101,0,101,215
12/12/2001,GRB,WI,AGL,CE,Towers with Radar,19,46,43,0,108,0,0,0,0,0,19,46,43,0,108,82,0,82,190
12/13/2001,GRB,WI,AGL,CE,Towers with Radar,24,48,25,0,97,0,0,0,0,0,24,48,25,0,97,74,0,74,171
12/14/2001,GRB,WI,AGL,CE,Towers with Radar,23,44,31,0,98,0,0,0,0,0,23,44,31,0,98,136,0,136,234
12/15/2001,GRB,WI,AGL,CE,Towers with Radar,17,35,29,1,82,6,1,0,1,8,23,36,29,2,90,0,0,0,90
12/16/2001,GRB,WI,AGL,CE,Towers with Radar,13,26,5,0,44,11,15,0,0,26,24,41,5,0,70,0,0,0,70
12/17/2001,GRB,WI,AGL,CE,Towers with Radar,25,43,32,0,100,2,0,0,0,2,27,43,32,0,102,56,0,56,158
12/18/2001,GRB,WI,AGL,CE,Towers with Radar,22,45,40,0,107,0,0,0,0,0,22,45,40,0,107,93,0,93,200
12/19/2001,GRB,WI,AGL,CE,Towers with Radar,29,39,46,0,114,0,0,13,0,13,29,39,59,0,127,113,0,113,240
12/20/2001,GRB,WI,AGL,CE,Towers with Radar,20,42,30,0,92,0,0,0,0,0,20,42,30,0,92,237,0,237,329
12/21/2001,GRB,WI,AGL,CE,Towers with Radar,22,47,37,0,106,0,0,0,0,0,22,47,37,0,106,110,0,110,216
12/22/2001,GRB,WI,AGL,CE,Towers with Radar,18,33,29,0,80,7,3,2,0,12,25,36,31,0,92,62,0,62,154
12/23/2001,GRB,WI,AGL,CE,Towers with Radar,26,33,20,0,79,0,1,0,0,1,26,34,20,0,80,5,0,5,85
12/24/2001,GRB,WI,AGL,CE,Towers with Radar,22,29,12,0,63,0,1,0,0,1,22,30,12,0,64,13,0,13,77
12/25/2001,GRB,WI,AGL,CE,Towers with Radar,10,19,2,0,31,9,13,0,0,22,19,32,2,0,53,0,0,0,53
12/26/2001,GRB,WI,AGL,CE,Towers with Radar,22,39,22,0,83,0,7,0,0,7,22,46,22,0,90,23,0,23,113
12/27/2001,GRB,WI,AGL,CE,Towers with Radar,18,43,36,0,97,0,11,0,1,12,18,54,36,1,109,71,0,71,180
12/28/2001,GRB,WI,AGL,CE,Towers with Radar,19,38,24,0,81,0,9,0,0,9,19,47,24,0,90,117,0,117,207
12/29/2001,GRB,WI,AGL,CE,Towers with Radar,14,25,15,0,54,4,9,0,1,14,18,34,15,1,68,61,0,61,129
12/30/2001,GRB,WI,AGL,CE,Towers with Radar,20,34,30,0,84,6,2,31,0,39,26,36,61,0,123,34,1,35,158
12/31/2001,GRB,WI,AGL,CE,Towers with Radar,17,30,26,0,73,13,1,0,0,14,30,31,26,0,87,59,0,59,146
01/01/2002,GRB,WI,AGL,CE,Towers with Radar,13,26,18,0,57,13,1,0,0,14,26,27,18,0,71,47,0,47,118
01/02/2002,GRB,WI,AGL,CE,Towers with Radar,23,43,24,0,90,0,0,0,0,0,23,43,24,0,90,68,0,68,158
01/03/2002,GRB,WI,AGL,CE,Towers with Radar,16,45,24,0,85,0,4,0,0,4,16,49,24,0,89,100,0,100,189
01/04/2002,GRB,WI,AGL,CE,Towers with Radar,18,42,33,0,93,0,0,0,0,0,18,42,33,0,93,116,0,116,209
01/05/2002,GRB,WI,AGL,CE,Towers with Radar,23,38,27,0,88,0,0,0,0,0,23,38,27,0,88,154,0,154,242
01/06/2002,GRB,WI,AGL,CE,Towers with Radar,14,26,24,0,64,10,7,0,0,17,24,33,24,0,81,23,0,23,104
01/07/2002,GRB,WI,AGL,CE,Towers with Radar,23,42,27,0,92,0,0,0,0,0,23,42,27,0,92,120,0,120,212
01/08/2002,GRB,WI,AGL,CE,Towers with Radar,22,45,40,0,107,0,0,0,0,0,22,45,40,0,107,3,0,3,110
01/09/2002,GRB,WI,AGL,CE,Towers with Radar,22,44,46,0,112,0,0,9,0,9,22,44,55,0,121,55,0,55,176
01/10/2002,GRB,WI,AGL,CE,Towers with Radar,19,51,30,0,100,0,2,0,0,2,19,53,30,0,102,81,0,81,183
01/11/2002,GRB,WI,AGL,CE,Towers with Radar,21,46,49,1,117,0,0,2,3,5,21,46,51,4,122,102,0,102,224
01/12/2002,GRB,WI,AGL,CE,Towers with Radar,20,40,42,0,102,0,0,0,0,0,20,40,42,0,102,54,0,54,156
01/13/2002,GRB,WI,AGL,CE,Towers with Radar,21,40,34,1,96,6,11,43,2,62,27,51,77,3,158,104,0,104,262
01/14/2002,GRB,WI,AGL,CE,Towers with Radar,22,48,21,0,91,0,0,0,0,0,22,48,21,0,91,0,0,0,91
01/15/2002,GRB,WI,AGL,CE,Towers with Radar,21,47,37,0,105,0,0,0,0,0,21,47,37,0,105,195,0,195,300
01/16/2002,GRB,WI,AGL,CE,Towers with Radar,25,40,41,0,106,0,0,5,0,5,25,40,46,0,111,24,0,24,135
01/17/2002,GRB,WI,AGL,CE,Towers with Radar,21,47,45,2,115,0,0,0,0,0,21,47,45,2,115,56,0,56,171
01/18/2002,GRB,WI,AGL,CE,Towers with Radar,25,46,51,0,122,0,0,0,0,0,25,46,51,0,122,150,0,150,272
01/19/2002,GRB,WI,AGL,CE,Towers with Radar,21,40,28,0,89,0,0,0,0,0,21,40,28,0,89,4,0,4,93
01/20/2002,GRB,WI,AGL,CE,Towers with Radar,25,37,18,0,80,0,1,0,0,1,25,38,18,0,81,81,0,81,162
01/21/2002,GRB,WI,AGL,CE,Towers with Radar,24,46,40,0,110,0,8,8,0,16,24,54,48,0,126,84,0,84,210
01/22/2002,GRB,WI,AGL,CE,Towers with Radar,18,56,41,0,115,0,0,0,0,0,18,56,41,0,115,134,0,134,249
01/23/2002,GRB,WI,AGL,CE,Towers with Radar,21,45,48,0,114,0,0,0,0,0,21,45,48,0,114,0,0,0,114
01/24/2002,GRB,WI,AGL,CE,Towers with Radar,24,39,30,0,93,0,0,0,0,0,24,39,30,0,93,175,0,175,268
01/25/2002,GRB,WI,AGL,CE,Towers with Radar,29,36,38,1,104,0,0,0,0,0,29,36,38,1,104,89,0,89,193
01/26/2002,GRB,WI,AGL,CE,Towers with Radar,29,27,62,0,118,0,0,0,0,0,29,27,62,0,118,239,0,239,357
01/27/2002,GRB,WI,AGL,CE,Towers with Radar,22,37,29,0,88,0,0,0,0,0,22,37,29,0,88,196,0,196,284
01/28/2002,GRB,WI,AGL,CE,Towers with Radar,21,52,31,0,104,0,0,0,0,0,21,52,31,0,104,69,0,69,173
01/29/2002,GRB,WI,AGL,CE,Towers with Radar,22,41,23,0,86,9,0,0,0,9,31,41,23,0,95,0,0,0,95
01/30/2002,GRB,WI,AGL,CE,Towers with Radar,27,46,42,0,115,3,0,0,0,3,30,46,42,0,118,109,0,109,227
01/31/2002,GRB,WI,AGL,CE,Towers with Radar,18,35,17,0,70,3,0,0,0,3,21,35,17,0,73,0,0,0,73
02/01/2002,GRB,WI,AGL,CE,Towers with Radar,27,36,22,0,85,3,1,0,0,4,30,37,22,0,89,66,0,66,155
02/02/2002,GRB,WI,AGL,CE,Towers with Radar,21,39,36,0,96,2,1,0,0,3,23,40,36,0,99,195,0,195,294
02/03/2002,GRB,WI,AGL,CE,Towers with Radar,14,28,21,0,63,7,6,0,0,13,21,34,21,0,76,0,0,0,76
02/04/2002,GRB,WI,AGL,CE,Towers with Radar,25,41,26,0,92,0,4,0,0,4,25,45,26,0,96,131,0,131,227
02/05/2002,GRB,WI,AGL,CE,Towers with Radar,25,41,38,0,104,1,0,7,0,8,26,41,45,0,112,124,0,124,236
02/06/2002,GRB,WI,AGL,CE,Towers with Radar,25,50,28,0,103,2,1,0,0,3,27,51,28,0,106,99,0,99,205
02/07/2002,GRB,WI,AGL,CE,Towers with Radar,25,46,25,0,96,3,0,0,0,3,28,46,25,0,99,274,0,274,373
02/08/2002,GRB,WI,AGL,CE,Towers with Radar,20,46,44,1,111,0,0,20,1,21,20,46,64,2,132,236,0,236,368
02/09/2002,GRB,WI,AGL,CE,Towers with Radar,24,27,28,0,79,2,2,0,0,4,26,29,28,0,83,26,0,26,109
02/10/2002,GRB,WI,AGL,CE,Towers with Radar,23,29,14,2,68,2,3,0,0,5,25,32,14,2,73,20,0,20,93
02/11/2002,GRB,WI,AGL,CE,Towers with Radar,22,39,30,0,91,3,0,0,0,3,25,39,30,0,94,2,0,2,96
02/12/2002,GRB,WI,AGL,CE,Towers with Radar,24,42,25,0,91,2,1,0,0,3,26,43,25,0,94,0,0,0,94
02/13/2002,GRB,WI,AGL,CE,Towers with Radar,27,47,42,0,116,0,0,10,0,10,27,47,52,0,126,162,0,162,288
02/14/2002,GRB,WI,AGL,CE,Towers with Radar,25,43,43,0,111,0,0,4,0,4,25,43,47,0,115,9,0,9,124
02/15/2002,GRB,WI,AGL,CE,Towers with Radar,16,54,56,0,126,3,0,0,0,3,19,54,56,0,129,203,0,203,332
02/16/2002,GRB,WI,AGL,CE,Towers with Radar,19,33,28,0,80,6,0,7,2,15,25,33,35,2,95,109,0,109,204
02/17/2002,GRB,WI,AGL,CE,Towers with Radar,15,44,24,0,83,1,1,0,0,2,16,45,24,0,85,61,0,61,146
02/18/2002,GRB,WI,AGL,CE,Towers with Radar,30,37,27,0,94,1,1,0,0,2,31,38,27,0,96,93,0,93,189
02/19/2002,GRB,WI,AGL,CE,Towers with Radar,19,65,36,0,120,2,2,0,0,4,21,67,36,0,124,0,0,0,124
02/20/2002,GRB,WI,AGL,CE,Towers with Radar,28,39,14,0,81,0,1,0,0,1,28,40,14,0,82,0,0,0,82
02/21/2002,GRB,WI,AGL,CE,Towers with Radar,18,47,20,0,85,0,7,0,0,7,18,54,20,0,92,2,0,2,94
02/22/2002,GRB,WI,AGL,CE,Towers with Radar,18,47,41,0,106,0,0,4,3,7,18,47,45,3,113,228,0,228,341
02/23/2002,GRB,WI,AGL,CE,Towers with Radar,16,31,14,0,61,13,6,0,0,19,29,37,14,0,80,206,0,206,286
02/24/2002,GRB,WI,AGL,CE,Towers with Radar,23,34,27,0,84,1,1,0,0,2,24,35,27,0,86,113,0,113,199
02/25/2002,GRB,WI,AGL,CE,Towers with Radar,33,38,29,0,100,1,1,0,0,2,34,39,29,0,102,120,0,120,222
02/26/2002,GRB,WI,AGL,CE,Towers with Radar,18,44,49,0,111,1,1,0,0,2,19,45,49,0,113,12,0,12,125
02/27/2002,GRB,WI,AGL,CE,Towers with Radar,18,48,37,0,103,0,3,3,0,6,18,51,40,0,109,120,0,120,229
02/28/2002,GRB,WI,AGL,CE,Towers with Radar,18,60,45,0,123,0,5,0,0,5,18,65,45,0,128,62,0,62,190
03/01/2002,GRB,WI,AGL,CE,Towers with Radar,36,35,41,0,112,0,0,24,0,24,36,35,65,0,136,267,0,267,403
03/02/2002,GRB,WI,AGL,CE,Towers with Radar,34,20,4,0,58,0,1,0,0,1,34,21,4,0,59,0,0,0,59
03/03/2002,GRB,WI,AGL,CE,Towers with Radar,23,35,24,0,82,0,1,0,0,1,23,36,24,0,83,51,0,51,134
03/04/2002,GRB,WI,AGL,CE,Towers with Radar,19,43,36,1,99,0,9,0,1,10,19,52,36,2,109,12,0,12,121
03/05/2002,GRB,WI,AGL,CE,Towers with Radar,30,40,49,1,120,0,1,0,0,1,30,41,49,1,121,30,0,30,151
03/06/2002,GRB,WI,AGL,CE,Towers with Radar,26,47,46,0,119,0,1,0,0,1,26,48,46,0,120,130,0,130,250
03/07/2002,GRB,WI,AGL,CE,Towers with Radar,28,44,22,0,94,0,2,0,0,2,28,46,22,0,96,76,0,76,172
03/08/2002,GRB,WI,AGL,CE,Towers with Radar,28,30,21,0,79,0,1,0,0,1,28,31,21,0,80,0,0,0,80
03/09/2002,GRB,WI,AGL,CE,Towers with Radar,16,19,13,0,48,18,0,0,0,18,34,19,13,0,66,0,0,0,66
03/10/2002,GRB,WI,AGL,CE,Towers with Radar,29,29,18,0,76,0,1,0,0,1,29,30,18,0,77,60,0,60,137
03/11/2002,GRB,WI,AGL,CE,Towers with Radar,19,50,24,0,93,0,1,0,0,1,19,51,24,0,94,75,0,75,169
03/12/2002,GRB,WI,AGL,CE,Towers with Radar,21,46,29,0,96,0,0,0,0,0,21,46,29,0,96,60,0,60,156
03/13/2002,GRB,WI,AGL,CE,Towers with Radar,25,53,36,0,114,0,1,0,0,1,25,54,36,0,115,274,0,274,389
03/14/2002,GRB,WI,AGL,CE,Towers with Radar,27,37,23,0,87,5,0,0,0,5,32,37,23,0,92,30,0,30,122
03/15/2002,GRB,WI,AGL,CE,Towers with Radar,27,33,24,0,84,10,0,0,0,10,37,33,24,0,94,30,0,30,124
03/16/2002,GRB,WI,AGL,CE,Towers with Radar,27,31,22,4,84,0,1,0,0,1,27,32,22,4,85,95,0,95,180
03/17/2002,GRB,WI,AGL,CE,Towers with Radar,28,23,19,0,70,0,1,0,0,1,28,24,19,0,71,175,0,175,246
03/18/2002,GRB,WI,AGL,CE,Towers with Radar,22,49,31,1,103,0,1,0,0,1,22,50,31,1,104,115,0,115,219
03/19/2002,GRB,WI,AGL,CE,Towers with Radar,24,44,60,0,128,0,0,0,0,0,24,44,60,0,128,0,0,0,128
03/20/2002,GRB,WI,AGL,CE,Towers with Radar,33,33,49,0,115,1,0,0,0,1,34,33,49,0,116,165,0,165,281
03/21/2002,GRB,WI,AGL,CE,Towers with Radar,34,36,37,0,107,0,0,0,0,0,34,36,37,0,107,4,0,4,111
03/22/2002,GRB,WI,AGL,CE,Towers with Radar,26,40,38,0,104,0,2,0,0,2,26,42,38,0,106,42,0,42,148
03/23/2002,GRB,WI,AGL,CE,Towers with Radar,18,30,23,0,71,0,13,0,0,13,18,43,23,0,84,95,0,95,179
03/24/2002,GRB,WI,AGL,CE,Towers with Radar,18,37,30,0,85,0,1,0,0,1,18,38,30,0,86,82,0,82,168
03/25/2002,GRB,WI,AGL,CE,Towers with Radar,26,41,32,0,99,0,4,12,0,16,26,45,44,0,115,172,0,172,287
03/26/2002,GRB,WI,AGL,CE,Towers with Radar,24,43,29,0,96,0,0,1,0,1,24,43,30,0,97,72,0,72,169
03/27/2002,GRB,WI,AGL,CE,Towers with Radar,31,37,56,0,124,0,0,1,0,1,31,37,57,0,125,100,0,100,225
03/28/2002,GRB,WI,AGL,CE,Towers with Radar,30,42,31,0,103,0,0,1,0,1,30,42,32,0,104,60,0,60,164
03/29/2002,GRB,WI,AGL,CE,Towers with Radar,20,43,22,0,85,0,0,1,0,1,20,43,23,0,86,209,0,209,295
03/30/2002,GRB,WI,AGL,CE,Towers with Radar,31,30,30,0,91,0,0,1,0,1,31,30,31,0,92,117,0,117,209
03/31/2002,GRB,WI,AGL,CE,Towers with Radar,19,36,8,0,63,0,0,1,0,1,19,36,9,0,64,36,0,36,100
04/01/2002,GRB,WI,AGL,CE,Towers with Radar,35,36,32,0,103,1,0,1,0,2,36,36,33,0,105,159,0,159,264
04/02/2002,GRB,WI,AGL,CE,Towers with Radar,23,29,13,0,65,11,0,0,0,11,34,29,13,0,76,0,0,0,76
04/03/2002,GRB,WI,AGL,CE,Towers with Radar,31,35,39,0,105,3,0,8,0,11,34,35,47,0,116,122,0,122,238
04/04/2002,GRB,WI,AGL,CE,Towers with Radar,21,46,36,0,103,1,0,1,0,2,22,46,37,0,105,133,0,133,238
04/05/2002,GRB,WI,AGL,CE,Towers with Radar,27,47,45,2,121,1,0,1,0,2,28,47,46,2,123,102,0,102,225
04/06/2002,GRB,WI,AGL,CE,Towers with Radar,17,31,27,0,75,0,7,7,0,14,17,38,34,0,89,336,0,336,425
04/07/2002,GRB,WI,AGL,CE,Towers with Radar,20,36,14,2,72,1,0,1,0,2,21,36,15,2,74,0,0,0,74
04/08/2002,GRB,WI,AGL,CE,Towers with Radar,32,34,30,0,96,1,0,1,0,2,33,34,31,0,98,0,0,0,98
04/09/2002,GRB,WI,AGL,CE,Towers with Radar,37,41,59,0,137,1,0,1,0,2,38,41,60,0,139,148,0,148,287
04/10/2002,GRB,WI,AGL,CE,Towers with Radar,27,51,44,0,122,0,3,6,0,9,27,54,50,0,131,132,0,132,263
04/11/2002,GRB,WI,AGL,CE,Towers with Radar,24,40,28,0,92,0,2,3,0,5,24,42,31,0,97,160,0,160,257
04/12/2002,GRB,WI,AGL,CE,Towers with Radar,31,55,47,0,133,0,1,12,0,13,31,56,59,0,146,114,0,114,260
04/13/2002,GRB,WI,AGL,CE,Towers with Radar,29,30,31,0,90,1,0,1,0,2,30,30,32,0,92,82,0,82,174
04/14/2002,GRB,WI,AGL,CE,Towers with Radar,14,24,20,0,58,9,7,1,0,17,23,31,21,0,75,46,0,46,121
04/15/2002,GRB,WI,AGL,CE,Towers with Radar,27,43,35,0,105,0,3,0,0,3,27,46,35,0,108,131,0,131,239
04/16/2002,GRB,WI,AGL,CE,Towers with Radar,21,42,24,0,87,0,4,0,1,5,21,46,24,1,92,65,0,65,157
04/17/2002,GRB,WI,AGL,CE,Towers with Radar,31,44,37,3,115,1,0,1,0,2,32,44,38,3,117,203,0,203,320
04/18/2002,GRB,WI,AGL,CE,Towers with Radar,31,43,24,0,98,2,0,0,0,2,33,43,24,0,100,48,0,48,148
04/19/2002,GRB,WI,AGL,CE,Towers with Radar,33,40,42,0,115,3,0,0,1,4,36,40,42,1,119,160,0,160,279
04/20/2002,GRB,WI,AGL,CE,Towers with Radar,22,27,29,0,78,7,0,5,0,12,29,27,34,0,90,150,0,150,240
04/21/2002,GRB,WI,AGL,CE,Towers with Radar,20,31,14,0,65,0,0,1,0,1,20,31,15,0,66,35,0,35,101
04/22/2002,GRB,WI,AGL,CE,Towers with Radar,30,43,47,0,120,0,0,1,0,1,30,43,48,0,121,183,0,183,304
04/23/2002,GRB,WI,AGL,CE,Towers with Radar,25,49,38,0,112,0,0,1,0,1,25,49,39,0,113,197,0,197,310
04/24/2002,GRB,WI,AGL,CE,Towers with Radar,23,45,22,0,90,0,6,0,0,6,23,51,22,0,96,52,0,52,148
04/25/2002,GRB,WI,AGL,CE,Towers with Radar,31,46,38,0,115,0,0,1,0,1,31,46,39,0,116,2,0,2,118
04/26/2002,GRB,WI,AGL,CE,Towers with Radar,26,49,49,0,124,0,0,1,0,1,26,49,50,0,125,135,0,135,260
04/27/2002,GRB,WI,AGL,CE,Towers with Radar,31,27,0,0,58,0,0,0,0,0,31,27,0,0,58,96,0,96,154
04/28/2002,GRB,WI,AGL,CE,Towers with Radar,18,26,22,0,66,7,6,1,4,18,25,32,23,4,84,3,0,3,87
04/29/2002,GRB,WI,AGL,CE,Towers with Radar,28,49,44,0,121,0,0,8,0,8,28,49,52,0,129,31,0,31,160
04/30/2002,GRB,WI,AGL,CE,Towers with Radar,23,49,40,0,112,0,2,0,0,2,23,51,40,0,114,64,0,64,178
05/01/2002,GRB,WI,AGL,CE,Towers with Radar,24,47,51,0,122,0,2,1,0,3,24,49,52,0,125,128,0,128,253
05/02/2002,GRB,WI,AGL,CE,Towers with Radar,26,45,34,0,105,0,2,1,0,3,26,47,35,0,108,72,0,72,180
05/03/2002,GRB,WI,AGL,CE,Towers with Radar,32,33,47,2,114,0,0,3,12,15,32,33,50,14,129,140,10,150,279
05/04/2002,GRB,WI,AGL,CE,Towers with Radar,24,25,26,11,86,0,2,1,0,3,24,27,27,11,89,92,0,92,181
05/05/2002,GRB,WI,AGL,CE,Towers with Radar,28,26,21,2,77,0,2,1,0,3,28,28,22,2,80,262,0,262,342
05/06/2002,GRB,WI,AGL,CE,Towers with Radar,28,34,41,0,103,4,0,9,0,13,32,34,50,0,116,36,0,36,152
05/07/2002,GRB,WI,AGL,CE,Towers with Radar,25,45,44,0,114,1,2,1,0,4,26,47,45,0,118,142,0,142,260
05/08/2002,GRB,WI,AGL,CE,Towers with Radar,35,41,62,0,138,0,2,0,0,2,35,43,62,0,140,42,0,42,182
05/09/2002,GRB,WI,AGL,CE,Towers with Radar,22,37,35,0,94,0,11,0,0,11,22,48,35,0,105,14,0,14,119
05/10/2002,GRB,WI,AGL,CE,Towers with Radar,26,39,38,2,105,0,0,0,1,1,26,39,38,3,106,124,0,124,230
05/11/2002,GRB,WI,AGL,CE,Towers with Radar,19,37,6,0,62,0,2,1,0,3,19,39,7,0,65,62,0,62,127
05/12/2002,GRB,WI,AGL,CE,Towers with Radar,17,24,18,0,59,5,4,0,0,9,22,28,18,0,68,4,0,4,72
05/13/2002,GRB,WI,AGL,CE,Towers with Radar,28,41,36,0,105,1,1,0,0,2,29,42,36,0,107,134,0,134,241
05/14/2002,GRB,WI,AGL,CE,Towers with Radar,29,41,48,0,118,0,0,24,0,24,29,41,72,0,142,98,0,98,240
05/15/2002,GRB,WI,AGL,CE,Towers with Radar,28,42,40,0,110,0,7,0,0,7,28,49,40,0,117,41,0,41,158
05/16/2002,GRB,WI,AGL,CE,Towers with Radar,28,43,47,0,118,0,0,12,0,12,28,43,59,0,130,30,0,30,160
05/17/2002,GRB,WI,AGL,CE,Towers with Radar,27,40,42,0,109,0,3,8,0,11,27,43,50,0,120,154,0,154,274
05/18/2002,GRB,WI,AGL,CE,Towers with Radar,16,23,25,0,64,8,7,10,0,25,24,30,35,0,89,180,0,180,269
05/19/2002,GRB,WI,AGL,CE,Towers with Radar,22,38,35,0,95,0,10,0,0,10,22,48,35,0,105,78,0,78,183
05/20/2002,GRB,WI,AGL,CE,Towers with Radar,29,43,36,0,108,0,1,1,0,2,29,44,37,0,110,270,0,270,380
05/21/2002,GRB,WI,AGL,CE,Towers with Radar,27,37,24,1,89,6,0,0,3,9,33,37,24,4,98,154,0,154,252
05/22/2002,GRB,WI,AGL,CE,Towers with Radar,30,34,45,0,109,2,0,4,0,6,32,34,49,0,115,28,0,28,143
05/23/2002,GRB,WI,AGL,CE,Towers with Radar,26,45,33,1,105,0,0,0,9,9,26,45,33,10,114,0,0,0,114
05/24/2002,GRB,WI,AGL,CE,Towers with Radar,25,41,60,1,127,0,1,1,0,2,25,42,61,1,129,129,0,129,258
05/25/2002,GRB,WI,AGL,CE,Towers with Radar,19,35,24,0,78,0,1,1,0,2,19,36,25,0,80,50,0,50,130
05/26/2002,GRB,WI,AGL,CE,Towers with Radar,23,28,9,0,60,0,1,1,0,2,23,29,10,0,62,58,0,58,120
05/27/2002,GRB,WI,AGL,CE,Towers with Radar,20,21,17,0,58,11,0,0,0,11,31,21,17,0,69,52,0,52,121
05/28/2002,GRB,WI,AGL,CE,Towers with Radar,23,46,40,0,109,0,1,1,0,2,23,47,41,0,111,166,0,166,277
05/29/2002,GRB,WI,AGL,CE,Towers with Radar,30,45,69,0,144,0,1,1,0,2,30,46,70,0,146,50,0,50,196
05/30/2002,GRB,WI,AGL,CE,Towers with Radar,26,45,29,1,101,0,2,0,0,2,26,47,29,1,103,55,0,55,158
05/31/2002,GRB,WI,AGL,CE,Towers with Radar,23,46,45,1,115,0,0,0,0,0,23,46,45,1,115,59,0,59,174
06/01/2002,GRB,WI,AGL,CE,Towers with Radar,19,29,20,3,71,0,1,1,0,2,19,30,21,3,73,150,0,150,223
06/02/2002,GRB,WI,AGL,CE,Towers with Radar,22,29,15,0,66,2,0,0,0,2,24,29,15,0,68,59,0,59,127
06/03/2002,GRB,WI,AGL,CE,Towers with Radar,32,40,36,0,108,2,0,0,0,2,34,40,36,0,110,1,0,1,111
06/04/2002,GRB,WI,AGL,CE,Towers with Radar,22,45,42,0,109,2,1,0,0,3,24,46,42,0,112,0,0,0,112
06/05/2002,GRB,WI,AGL,CE,Towers with Radar,26,46,65,0,137,2,0,0,0,2,28,46,65,0,139,134,0,134,273
06/06/2002,GRB,WI,AGL,CE,Towers with Radar,31,41,50,0,122,0,0,31,0,31,31,41,81,0,153,240,0,240,393
06/07/2002,GRB,WI,AGL,CE,Towers with Radar,28,43,35,0,106,1,0,0,5,6,29,43,35,5,112,94,12,106,218
06/08/2002,GRB,WI,AGL,CE,Towers with Radar,22,33,24,0,79,2,1,0,0,3,24,34,24,0,82,166,2,168,250
06/09/2002,GRB,WI,AGL,CE,Towers with Radar,20,29,21,9,79,2,1,0,0,3,22,30,21,9,82,229,6,235,317
06/10/2002,GRB,WI,AGL,CE,Towers with Radar,17,48,30,0,95,2,1,0,0,3,19,49,30,0,98,49,0,49,147
06/11/2002,GRB,WI,AGL,CE,Towers with Radar,24,50,35,0,109,2,1,0,0,3,26,51,35,0,112,0,0,0,112
06/12/2002,GRB,WI,AGL,CE,Towers with Radar,26,46,49,0,121,0,0,9,0,9,26,46,58,0,130,62,0,62,192
06/13/2002,GRB,WI,AGL,CE,Towers with Radar,27,49,49,0,125,0,0,0,0,0,27,49,49,0,125,183,0,183,308
06/14/2002,GRB,WI,AGL,CE,Towers with Radar,27,35,60,0,122,2,1,0,0,3,29,36,60,0,125,14,0,14,139
06/15/2002,GRB,WI,AGL,CE,Towers with Radar,19,32,14,0,65,2,1,0,0,3,21,33,14,0,68,71,0,71,139
06/16/2002,GRB,WI,AGL,CE,Towers with Radar,23,32,23,0,78,2,1,0,0,3,25,33,23,0,81,2,0,2,83
06/17/2002,GRB,WI,AGL,CE,Towers with Radar,24,38,52,0,114,2,1,0,0,3,26,39,52,0,117,137,0,137,254
06/18/2002,GRB,WI,AGL,CE,Towers with Radar,20,41,39,0,100,0,15,4,0,19,20,56,43,0,119,79,0,79,198
06/19/2002,GRB,WI,AGL,CE,Towers with Radar,19,59,35,0,113,2,1,0,0,3,21,60,35,0,116,140,0,140,256
06/20/2002,GRB,WI,AGL,CE,Towers with Radar,32,38,43,0,113,2,1,0,0,3,34,39,43,0,116,105,0,105,221
06/21/2002,GRB,WI,AGL,CE,Towers with Radar,20,36,27,1,84,1,1,0,0,2,21,37,27,1,86,37,0,37,123
06/22/2002,GRB,WI,AGL,CE,Towers with Radar,28,31,35,0,94,1,1,0,0,2,29,32,35,0,96,103,0,103,199
06/23/2002,GRB,WI,AGL,CE,Towers with Radar,18,39,23,1,81,1,1,0,0,2,19,40,23,1,83,79,0,79,162
06/24/2002,GRB,WI,AGL,CE,Towers with Radar,17,44,31,0,92,0,9,0,0,9,17,53,31,0,101,100,0,100,201
06/25/2002,GRB,WI,AGL,CE,Towers with Radar,20,48,35,0,103,0,2,0,0,2,20,50,35,0,105,56,0,56,161
06/26/2002,GRB,WI,AGL,CE,Towers with Radar,19,51,42,0,112,2,0,1,0,3,21,51,43,0,115,46,0,46,161
06/27/2002,GRB,WI,AGL,CE,Towers with Radar,24,42,41,0,107,0,0,0,0,0,24,42,41,0,107,137,0,137,244
06/28/2002,GRB,WI,AGL,CE,Towers with Radar,22,45,46,0,113,0,1,0,0,1,22,46,46,0,114,0,0,0,114
06/29/2002,GRB,WI,AGL,CE,Towers with Radar,25,32,27,0,84,0,1,0,0,1,25,33,27,0,85,96,0,96,181
06/30/2002,GRB,WI,AGL,CE,Towers with Radar,28,30,20,0,78,0,1,0,0,1,28,31,20,0,79,102,0,102,181
07/01/2002,GRB,WI,AGL,CE,Towers with Radar,20,52,26,0,98,2,2,0,0,4,22,54,26,0,102,82,0,82,184
07/02/2002,GRB,WI,AGL,CE,Towers with Radar,25,51,51,0,127,0,0,5,0,5,25,51,56,0,132,120,0,120,252
07/03/2002,GRB,WI,AGL,CE,Towers with Radar,32,46,47,0,125,0,0,5,0,5,32,46,52,0,130,145,0,145,275
07/04/2002,GRB,WI,AGL,CE,Towers with Radar,13,21,11,0,45,5,13,0,0,18,18,34,11,0,63,82,0,82,145
07/05/2002,GRB,WI,AGL,CE,Towers with Radar,16,28,14,0,58,0,3,0,0,3,16,31,14,0,61,181,0,181,242
07/06/2002,GRB,WI,AGL,CE,Towers with Radar,21,36,19,0,76,0,0,4,0,4,21,36,23,0,80,109,0,109,189
07/07/2002,GRB,WI,AGL,CE,Towers with Radar,21,33,26,0,80,1,0,0,0,1,22,33,26,0,81,180,0,180,261
07/08/2002,GRB,WI,AGL,CE,Towers with Radar,24,46,34,0,104,0,0,4,0,4,24,46,38,0,108,119,0,119,227
07/09/2002,GRB,WI,AGL,CE,Towers with Radar,29,50,38,0,117,0,0,4,0,4,29,50,42,0,121,69,0,69,190
07/10/2002,GRB,WI,AGL,CE,Towers with Radar,29,39,51,1,120,10,0,0,8,18,39,39,51,9,138,38,0,38,176
07/11/2002,GRB,WI,AGL,CE,Towers with Radar,27,39,36,1,103,0,0,5,0,5,27,39,41,1,108,107,4,111,219
07/12/2002,GRB,WI,AGL,CE,Towers with Radar,28,48,47,1,124,0,0,0,2,2,28,48,47,3,126,100,0,100,226
07/13/2002,GRB,WI,AGL,CE,Towers with Radar,14,25,19,0,58,6,8,0,0,14,20,33,19,0,72,148,0,148,220
07/14/2002,GRB,WI,AGL,CE,Towers with Radar,24,30,28,2,84,0,0,2,0,2,24,30,30,2,86,88,0,88,174
07/15/2002,GRB,WI,AGL,CE,Towers with Radar,25,43,40,0,108,4,6,0,0,10,29,49,40,0,118,243,0,243,361
07/16/2002,GRB,WI,AGL,CE,Towers with Radar,23,38,26,0,87,2,6,0,0,8,25,44,26,0,95,80,0,80,175
07/17/2002,GRB,WI,AGL,CE,Towers with Radar,24,40,34,0,98,0,10,0,0,10,24,50,34,0,108,140,0,140,248
07/18/2002,GRB,WI,AGL,CE,Towers with Radar,25,47,43,0,115,0,10,0,0,10,25,57,43,0,125,30,0,30,155
07/19/2002,GRB,WI,AGL,CE,Towers with Radar,27,43,42,0,112,0,0,0,0,0,27,43,42,0,112,224,0,224,336
07/20/2002,GRB,WI,AGL,CE,Towers with Radar,23,39,15,0,77,0,0,4,0,4,23,39,19,0,81,84,0,84,165
07/21/2002,GRB,WI,AGL,CE,Towers with Radar,18,24,25,0,67,7,0,0,0,7,25,24,25,0,74,63,0,63,137
07/22/2002,GRB,WI,AGL,CE,Towers with Radar,29,43,83,0,155,0,0,4,0,4,29,43,87,0,159,111,0,111,270
07/23/2002,GRB,WI,AGL,CE,Towers with Radar,31,51,80,0,162,0,0,4,0,4,31,51,84,0,166,55,0,55,221
07/24/2002,GRB,WI,AGL,CE,Towers with Radar,29,43,88,0,160,0,0,4,0,4,29,43,92,0,164,187,0,187,351
07/25/2002,GRB,WI,AGL,CE,Towers with Radar,26,56,116,0,198,0,0,4,16,20,26,56,120,16,218,0,0,0,218
07/26/2002,GRB,WI,AGL,CE,Towers with Radar,19,54,111,2,186,0,0,4,0,4,19,54,115,2,190,134,0,134,324
07/27/2002,GRB,WI,AGL,CE,Towers with Radar,23,33,52,0,108,0,0,4,0,4,23,33,56,0,112,68,0,68,180
07/28/2002,GRB,WI,AGL,CE,Towers with Radar,24,34,55,0,113,0,0,25,2,27,24,34,80,2,140,127,0,127,267
07/29/2002,GRB,WI,AGL,CE,Towers with Radar,21,40,71,0,132,0,0,4,0,4,21,40,75,0,136,80,0,80,216
07/30/2002,GRB,WI,AGL,CE,Towers with Radar,28,44,48,0,120,0,0,0,0,0,28,44,48,0,120,200,0,200,320
07/31/2002,GRB,WI,AGL,CE,Towers with Radar,25,44,55,0,124,0,0,4,0,4,25,44,59,0,128,188,0,188,316
08/01/2002,GRB,WI,AGL,CE,Towers with Radar,25,53,49,0,127,2,0,0,0,2,27,53,49,0,129,96,0,96,225
08/02/2002,GRB,WI,AGL,CE,Towers with Radar,34,42,48,0,124,1,0,1,0,2,35,42,49,0,126,212,0,212,338
08/03/2002,GRB,WI,AGL,CE,Towers with Radar,19,32,30,0,81,2,6,0,0,8,21,38,30,0,89,72,0,72,161
08/04/2002,GRB,WI,AGL,CE,Towers with Radar,20,32,29,0,81,1,0,1,0,2,21,32,30,0,83,26,0,26,109
08/05/2002,GRB,WI,AGL,CE,Towers with Radar,24,43,46,0,113,0,0,12,0,12,24,43,58,0,125,160,0,160,285
08/06/2002,GRB,WI,AGL,CE,Towers with Radar,23,39,33,0,95,0,11,0,0,11,23,50,33,0,106,270,0,270,376
08/07/2002,GRB,WI,AGL,CE,Towers with Radar,29,44,47,0,120,1,0,1,0,2,30,44,48,0,122,155,0,155,277
08/08/2002,GRB,WI,AGL,CE,Towers with Radar,28,38,50,0,116,1,0,0,0,1,29,38,50,0,117,132,0,132,249
08/09/2002,GRB,WI,AGL,CE,Towers with Radar,26,38,38,0,102,0,0,0,0,0,26,38,38,0,102,137,0,137,239
08/10/2002,GRB,WI,AGL,CE,Towers with Radar,16,37,23,0,76,1,0,1,0,2,17,37,24,0,78,40,0,40,118
08/11/2002,GRB,WI,AGL,CE,Towers with Radar,33,32,28,2,95,1,0,1,0,2,34,32,29,2,97,140,0,140,237
08/12/2002,GRB,WI,AGL,CE,Towers with Radar,23,41,35,0,99,0,11,0,2,13,23,52,35,2,112,58,0,58,170
08/13/2002,GRB,WI,AGL,CE,Towers with Radar,25,47,41,0,113,0,0,0,0,0,25,47,41,0,113,110,0,110,223
08/14/2002,GRB,WI,AGL,CE,Towers with Radar,36,40,49,0,125,0,1,0,0,1,36,41,49,0,126,75,0,75,201
08/15/2002,GRB,WI,AGL,CE,Towers with Radar,32,38,52,0,122,2,0,6,0,8,34,38,58,0,130,16,0,16,146
08/16/2002,GRB,WI,AGL,CE,Towers with Radar,28,33,38,0,99,0,0,0,0,0,28,33,38,0,99,137,0,137,236
08/17/2002,GRB,WI,AGL,CE,Towers with Radar,18,39,25,2,84,0,1,0,0,1,18,40,25,2,85,32,0,32,117
08/18/2002,GRB,WI,AGL,CE,Towers with Radar,30,31,37,2,100,0,1,0,0,1,30,32,37,2,101,211,0,211,312
08/19/2002,GRB,WI,AGL,CE,Towers with Radar,22,48,31,0,101,0,1,0,0,1,22,49,31,0,102,248,0,248,350
08/20/2002,GRB,WI,AGL,CE,Towers with Radar,38,40,51,0,129,0,0,1,0,1,38,40,52,0,130,119,0,119,249
08/21/2002,GRB,WI,AGL,CE,Towers with Radar,35,35,23,0,93,0,0,1,0,1,35,35,24,0,94,0,0,0,94
08/22/2002,GRB,WI,AGL,CE,Towers with Radar,29,39,65,0,133,0,0,1,0,1,29,39,66,0,134,84,0,84,218
08/23/2002,GRB,WI,AGL,CE,Towers with Radar,29,38,49,0,116,0,0,1,0,1,29,38,50,0,117,0,0,0,117
08/24/2002,GRB,WI,AGL,CE,Towers with Radar,20,31,28,0,79,1,6,0,0,7,21,37,28,0,86,71,0,71,157
08/25/2002,GRB,WI,AGL,CE,Towers with Radar,26,28,37,0,91,0,0,1,0,1,26,28,38,0,92,106,0,106,198
08/26/2002,GRB,WI,AGL,CE,Towers with Radar,23,54,62,0,139,0,0,1,0,1,23,54,63,0,140,41,0,41,181
08/27/2002,GRB,WI,AGL,CE,Towers with Radar,31,48,49,0,128,0,0,3,0,3,31,48,52,0,131,119,0,119,250
08/28/2002,GRB,WI,AGL,CE,Towers with Radar,28,36,45,0,109,6,0,12,0,18,34,36,57,0,127,84,0,84,211
08/29/2002,GRB,WI,AGL,CE,Towers with Radar,26,45,50,0,121,0,0,1,0,1,26,45,51,0,122,155,0,155,277
08/30/2002,GRB,WI,AGL,CE,Towers with Radar,24,55,54,0,133,0,0,1,0,1,24,55,55,0,134,91,0,91,225
08/31/2002,GRB,WI,AGL,CE,Towers with Radar,19,30,30,0,79,0,6,3,0,9,19,36,33,0,88,80,0,80,168
09/01/2002,GRB,WI,AGL,CE,Towers with Radar,16,27,14,0,57,1,1,0,0,2,17,28,14,0,59,61,0,61,120
09/02/2002,GRB,WI,AGL,CE,Towers with Radar,19,31,13,0,63,2,0,0,0,2,21,31,13,0,65,136,0,136,201
09/03/2002,GRB,WI,AGL,CE,Towers with Radar,29,42,37,0,108,2,0,0,0,2,31,42,37,0,110,46,0,46,156
09/04/2002,GRB,WI,AGL,CE,Towers with Radar,24,42,35,0,101,0,5,0,0,5,24,47,35,0,106,102,0,102,208
09/05/2002,GRB,WI,AGL,CE,Towers with Radar,24,48,42,0,114,2,0,0,0,2,26,48,42,0,116,105,0,105,221
09/06/2002,GRB,WI,AGL,CE,Towers with Radar,28,44,50,0,122,0,0,5,0,5,28,44,55,0,127,32,0,32,159
09/07/2002,GRB,WI,AGL,CE,Towers with Radar,25,34,36,0,95,2,0,0,0,2,27,34,36,0,97,153,0,153,250
09/08/2002,GRB,WI,AGL,CE,Towers with Radar,30,30,66,0,126,2,0,0,0,2,32,30,66,0,128,96,0,96,224
09/09/2002,GRB,WI,AGL,CE,Towers with Radar,36,39,40,0,115,2,0,0,0,2,38,39,40,0,117,37,0,37,154
09/10/2002,GRB,WI,AGL,CE,Towers with Radar,19,37,43,0,99,2,0,0,0,2,21,37,43,0,101,77,0,77,178
09/11/2002,GRB,WI,AGL,CE,Towers with Radar,27,39,47,0,113,0,0,6,0,6,27,39,53,0,119,121,0,121,240
09/12/2002,GRB,WI,AGL,CE,Towers with Radar,23,43,35,0,101,2,0,0,0,2,25,43,35,0,103,100,0,100,203
09/13/2002,GRB,WI,AGL,CE,Towers with Radar,25,38,35,2,100,0,0,0,0,0,25,38,35,2,100,86,0,86,186
09/14/2002,GRB,WI,AGL,CE,Towers with Radar,23,31,18,2,74,6,0,0,14,20,29,31,18,16,94,85,0,85,179
09/15/2002,GRB,WI,AGL,CE,Towers with Radar,33,22,30,20,105,1,1,0,0,2,34,23,30,20,107,84,0,84,191
09/16/2002,GRB,WI,AGL,CE,Towers with Radar,26,55,41,0,122,1,0,0,0,1,27,55,41,0,123,106,0,106,229
09/17/2002,GRB,WI,AGL,CE,Towers with Radar,27,45,60,2,134,0,0,11,7,18,27,45,71,9,152,123,0,123,275
09/18/2002,GRB,WI,AGL,CE,Towers with Radar,29,45,39,0,113,0,0,0,0,0,29,45,39,0,113,198,0,198,311
09/19/2002,GRB,WI,AGL,CE,Towers with Radar,25,45,44,1,115,0,1,0,1,2,25,46,44,2,117,71,0,71,188
09/20/2002,GRB,WI,AGL,CE,Towers with Radar,25,49,71,0,145,0,1,0,0,1,25,50,71,0,146,10,0,10,156
09/21/2002,GRB,WI,AGL,CE,Towers with Radar,37,20,42,2,101,0,1,0,0,1,37,21,42,2,102,217,0,217,319
09/22/2002,GRB,WI,AGL,CE,Towers with Radar,33,22,21,0,76,0,1,0,0,1,33,23,21,0,77,49,0,49,126
09/23/2002,GRB,WI,AGL,CE,Towers with Radar,26,45,30,0,101,0,1,0,0,1,26,46,30,0,102,110,0,110,212
09/24/2002,GRB,WI,AGL,CE,Towers with Radar,28,44,43,1,116,0,10,0,0,10,28,54,43,1,126,236,0,236,362
09/25/2002,GRB,WI,AGL,CE,Towers with Radar,27,51,55,2,135,0,9,7,0,16,27,60,62,2,151,174,0,174,325
09/26/2002,GRB,WI,AGL,CE,Towers with Radar,28,43,48,1,120,0,1,0,0,1,28,44,48,1,121,12,0,12,133
09/27/2002,GRB,WI,AGL,CE,Towers with Radar,32,42,52,0,126,0,0,0,0,0,32,42,52,0,126,60,0,60,186
09/28/2002,GRB,WI,AGL,CE,Towers with Radar,19,23,30,0,72,12,0,2,0,14,31,23,32,0,86,174,0,174,260
09/29/2002,GRB,WI,AGL,CE,Towers with Radar,28,39,42,0,109,4,2,41,0,47,32,41,83,0,156,64,0,64,220
09/30/2002,GRB,WI,AGL,CE,Towers with Radar,28,54,39,0,121,0,1,0,0,1,28,55,39,0,122,44,0,44,166
10/01/2002,GRB,WI,AGL,CE,Towers with Radar,29,46,44,0,119,0,0,4,0,4,29,46,48,0,123,140,0,140,263
10/02/2002,GRB,WI,AGL,CE,Towers with Radar,24,65,43,0,132,0,1,0,0,1,24,66,43,0,133,111,0,111,244
10/03/2002,GRB,WI,AGL,CE,Towers with Radar,26,63,91,0,180,0,1,0,0,1,26,64,91,0,181,131,0,131,312
10/04/2002,GRB,WI,AGL,CE,Towers with Radar,28,62,29,2,121,0,1,0,0,1,28,63,29,2,122,1,0,1,123
10/05/2002,GRB,WI,AGL,CE,Towers with Radar,23,49,22,0,94,0,1,0,0,1,23,50,22,0,95,65,0,65,160
10/06/2002,GRB,WI,AGL,CE,Towers with Radar,42,56,8,2,108,0,1,0,0,1,42,57,8,2,109,34,0,34,143
10/07/2002,GRB,WI,AGL,CE,Towers with Radar,31,49,38,0,118,10,10,0,0,20,41,59,38,0,138,146,0,146,284
10/08/2002,GRB,WI,AGL,CE,Towers with Radar,30,53,39,1,123,0,1,0,0,1,30,54,39,1,124,55,0,55,179
10/09/2002,GRB,WI,AGL,CE,Towers with Radar,33,57,45,1,136,0,2,0,1,3,33,59,45,2,139,228,0,228,367
10/10/2002,GRB,WI,AGL,CE,Towers with Radar,32,62,59,0,153,0,0,22,0,22,32,62,81,0,175,64,0,64,239
10/11/2002,GRB,WI,AGL,CE,Towers with Radar,26,49,47,0,122,0,0,2,0,2,26,49,49,0,124,114,0,114,238
10/12/2002,GRB,WI,AGL,CE,Towers with Radar,21,34,31,0,86,3,4,12,1,20,24,38,43,1,106,68,0,68,174
10/13/2002,GRB,WI,AGL,CE,Towers with Radar,28,33,18,0,79,0,1,0,0,1,28,34,18,0,80,41,0,41,121
10/14/2002,GRB,WI,AGL,CE,Towers with Radar,30,36,30,0,96,0,1,0,0,1,30,37,30,0,97,30,0,30,127
10/15/2002,GRB,WI,AGL,CE,Towers with Radar,29,46,28,0,103,0,2,0,0,2,29,48,28,0,105,112,0,112,217
10/16/2002,GRB,WI,AGL,CE,Towers with Radar,30,42,38,0,110,0,1,0,0,1,30,43,38,0,111,165,0,165,276
10/17/2002,GRB,WI,AGL,CE,Towers with Radar,27,45,43,0,115,0,1,0,0,1,27,46,43,0,116,200,0,200,316
10/18/2002,GRB,WI,AGL,CE,Towers with Radar,27,41,30,0,98,0,0,0,0,0,27,41,30,0,98,0,0,0,98
10/19/2002,GRB,WI,AGL,CE,Towers with Radar,19,30,21,0,70,8,4,0,4,16,27,34,21,4,86,52,0,52,138
10/20/2002,GRB,WI,AGL,CE,Towers with Radar,24,37,35,0,96,3,0,47,0,50,27,37,82,0,146,190,0,190,336
10/21/2002,GRB,WI,AGL,CE,Towers with Radar,25,39,22,0,86,5,8,0,0,13,30,47,22,0,99,0,0,0,99
10/22/2002,GRB,WI,AGL,CE,Towers with Radar,31,38,32,0,101,0,1,0,0,1,31,39,32,0,102,0,0,0,102
10/23/2002,GRB,WI,AGL,CE,Towers with Radar,31,41,37,1,110,3,0,0,1,4,34,41,37,2,114,157,0,157,271
10/24/2002,GRB,WI,AGL,CE,Towers with Radar,28,44,51,0,123,0,0,0,0,0,28,44,51,0,123,216,0,216,339
10/25/2002,GRB,WI,AGL,CE,Towers with Radar,25,39,52,13,129,0,0,0,0,0,25,39,52,13,129,6,0,6,135
10/26/2002,GRB,WI,AGL,CE,Towers with Radar,23,29,33,0,85,0,0,0,0,0,23,29,33,0,85,210,0,210,295
10/27/2002,GRB,WI,AGL,CE,Towers with Radar,31,21,30,0,82,0,0,0,0,0,31,21,30,0,82,160,0,160,242
10/28/2002,GRB,WI,AGL,CE,Towers with Radar,28,43,22,0,93,0,0,0,0,0,28,43,22,0,93,150,0,150,243
10/29/2002,GRB,WI,AGL,CE,Towers with Radar,27,41,35,0,103,0,0,0,0,0,27,41,35,0,103,192,0,192,295
10/30/2002,GRB,WI,AGL,CE,Towers with Radar,26,45,41,0,112,0,0,0,0,0,26,45,41,0,112,181,0,181,293
10/31/2002,GRB,WI,AGL,CE,Towers with Radar,25,42,30,1,98,0,0,0,1,1,25,42,30,2,99,121,0,121,220
11/01/2002,GRB,WI,AGL,CE,Towers with Radar,34,41,54,1,130,0,0,5,1,6,34,41,59,2,136,82,0,82,218
11/02/2002,GRB,WI,AGL,CE,Towers with Radar,26,26,22,0,74,0,0,1,0,1,26,26,23,0,75,152,0,152,227
11/03/2002,GRB,WI,AGL,CE,Towers with Radar,23,15,29,0,67,14,0,1,2,17,37,15,30,2,84,131,0,131,215
11/04/2002,GRB,WI,AGL,CE,Towers with Radar,30,51,58,0,139,0,5,48,0,53,30,56,106,0,192,202,0,202,394
11/05/2002,GRB,WI,AGL,CE,Towers with Radar,29,51,50,0,130,0,0,1,0,1,29,51,51,0,131,0,0,0,131
11/06/2002,GRB,WI,AGL,CE,Towers with Radar,30,42,53,0,125,0,0,0,0,0,30,42,53,0,125,136,0,136,261
11/07/2002,GRB,WI,AGL,CE,Towers with Radar,26,39,38,0,103,0,0,1,0,1,26,39,39,0,104,27,0,27,131
11/08/2002,GRB,WI,AGL,CE,Towers with Radar,34,32,32,2,100,0,0,1,0,1,34,32,33,2,101,270,0,270,371
11/09/2002,GRB,WI,AGL,CE,Towers with Radar,26,27,30,0,83,5,0,0,0,5,31,27,30,0,88,200,0,200,288
11/10/2002,GRB,WI,AGL,CE,Towers with Radar,27,33,113,2,175,0,0,1,0,1,27,33,114,2,176,126,8,134,310
11/11/2002,GRB,WI,AGL,CE,Towers with Radar,30,31,26,0,87,7,0,0,0,7,37,31,26,0,94,220,0,220,314
11/12/2002,GRB,WI,AGL,CE,Towers with Radar,24,51,53,2,130,0,0,0,0,0,24,51,53,2,130,182,0,182,312
11/13/2002,GRB,WI,AGL,CE,Towers with Radar,25,38,33,0,96,0,6,0,0,6,25,44,33,0,102,188,0,188,290
11/14/2002,GRB,WI,AGL,CE,Towers with Radar,34,34,35,0,103,0,0,0,0,0,34,34,35,0,103,50,0,50,153
11/15/2002,GRB,WI,AGL,CE,Towers with Radar,26,41,45,2,114,0,0,0,0,0,26,41,45,2,114,155,0,155,269
11/16/2002,GRB,WI,AGL,CE,Towers with Radar,29,24,33,0,86,0,0,0,0,0,29,24,33,0,86,100,0,100,186
11/17/2002,GRB,WI,AGL,CE,Towers with Radar,24,27,21,0,72,0,0,0,0,0,24,27,21,0,72,157,0,157,229
11/18/2002,GRB,WI,AGL,CE,Towers with Radar,42,29,37,3,111,0,0,0,0,0,42,29,37,3,111,62,0,62,173
11/19/2002,GRB,WI,AGL,CE,Towers with Radar,26,42,44,0,112,0,0,0,0,0,26,42,44,0,112,142,0,142,254
11/20/2002,GRB,WI,AGL,CE,Towers with Radar,36,37,72,0,145,0,0,0,0,0,36,37,72,0,145,65,0,65,210
11/21/2002,GRB,WI,AGL,CE,Towers with Radar,35,36,35,2,108,0,0,0,0,0,35,36,35,2,108,200,0,200,308
11/22/2002,GRB,WI,AGL,CE,Towers with Radar,30,36,40,4,110,0,0,0,0,0,30,36,40,4,110,100,0,100,210
11/23/2002,GRB,WI,AGL,CE,Towers with Radar,20,23,29,0,72,15,0,5,0,20,35,23,34,0,92,110,0,110,202
11/24/2002,GRB,WI,AGL,CE,Towers with Radar,17,21,20,0,58,4,3,0,0,7,21,24,20,0,65,217,0,217,282
11/25/2002,GRB,WI,AGL,CE,Towers with Radar,27,34,30,0,91,0,5,0,0,5,27,39,30,0,96,107,0,107,203
11/26/2002,GRB,WI,AGL,CE,Towers with Radar,37,36,46,2,121,0,0,0,0,0,37,36,46,2,121,114,0,114,235
11/27/2002,GRB,WI,AGL,CE,Towers with Radar,25,38,40,0,103,0,6,0,0,6,25,44,40,0,109,110,0,110,219
11/28/2002,GRB,WI,AGL,CE,Towers with Radar,11,14,5,0,30,9,3,0,0,12,20,17,5,0,42,0,0,0,42
11/29/2002,GRB,WI,AGL,CE,Towers with Radar,22,22,23,0,67,0,0,0,0,0,22,22,23,0,67,62,0,62,129
11/30/2002,GRB,WI,AGL,CE,Towers with Radar,14,19,19,0,52,6,11,0,0,17,20,30,19,0,69,47,0,47,116
12/01/2002,GRB,WI,AGL,CE,Towers with Radar,26,39,45,0,110,0,0,64,0,64,26,39,109,0,174,0,0,0,174
12/02/2002,GRB,WI,AGL,CE,Towers with Radar,20,37,47,0,104,1,1,0,0,2,21,38,47,0,106,42,0,42,148
12/03/2002,GRB,WI,AGL,CE,Towers with Radar,29,39,27,0,95,1,1,0,0,2,30,40,27,0,97,180,0,180,277
12/04/2002,GRB,WI,AGL,CE,Towers with Radar,26,34,62,0,122,1,1,0,0,2,27,35,62,0,124,83,0,83,207
12/05/2002,GRB,WI,AGL,CE,Towers with Radar,25,38,39,2,104,1,1,0,0,2,26,39,39,2,106,36,0,36,142
12/06/2002,GRB,WI,AGL,CE,Towers with Radar,27,43,42,0,112,0,1,0,2,3,27,44,42,2,115,73,0,73,188
12/07/2002,GRB,WI,AGL,CE,Towers with Radar,24,31,26,1,82,1,1,0,0,2,25,32,26,1,84,92,0,92,176
12/08/2002,GRB,WI,AGL,CE,Towers with Radar,24,35,112,4,175,1,1,0,0,2,25,36,112,4,177,79,0,79,256
12/09/2002,GRB,WI,AGL,CE,Towers with Radar,26,40,46,0,112,1,1,0,0,2,27,41,46,0,114,34,0,34,148
12/10/2002,GRB,WI,AGL,CE,Towers with Radar,28,36,51,0,115,1,1,0,0,2,29,37,51,0,117,130,0,130,247
12/11/2002,GRB,WI,AGL,CE,Towers with Radar,35,37,53,0,125,0,0,3,1,4,35,37,56,1,129,71,0,71,200
12/12/2002,GRB,WI,AGL,CE,Towers with Radar,26,44,47,0,117,0,1,4,1,6,26,45,51,1,123,42,0,42,165
12/13/2002,GRB,WI,AGL,CE,Towers with Radar,28,40,35,0,103,0,0,0,0,0,28,40,35,0,103,26,0,26,129
12/14/2002,GRB,WI,AGL,CE,Towers with Radar,30,20,21,0,71,1,1,0,0,2,31,21,21,0,73,170,0,170,243
12/15/2002,GRB,WI,AGL,CE,Towers with Radar,28,23,16,0,67,1,0,0,0,1,29,23,16,0,68,135,0,135,203
12/16/2002,GRB,WI,AGL,CE,Towers with Radar,27,38,49,0,114,1,0,0,0,1,28,38,49,0,115,32,0,32,147
12/17/2002,GRB,WI,AGL,CE,Towers with Radar,29,40,28,0,97,1,0,0,0,1,30,40,28,0,98,2,0,2,100
12/18/2002,GRB,WI,AGL,CE,Towers with Radar,25,44,16,0,85,1,0,0,0,1,26,44,16,0,86,0,0,0,86
12/19/2002,GRB,WI,AGL,CE,Towers with Radar,29,45,47,0,121,0,2,0,1,3,29,47,47,1,124,85,0,85,209
12/20/2002,GRB,WI,AGL,CE,Towers with Radar,26,36,31,0,93,0,0,0,1,1,26,36,31,1,94,60,0,60,154
12/21/2002,GRB,WI,AGL,CE,Towers with Radar,32,26,14,0,72,0,1,0,0,1,32,27,14,0,73,15,0,15,88
12/22/2002,GRB,WI,AGL,CE,Towers with Radar,20,24,28,0,72,11,6,8,0,25,31,30,36,0,97,0,0,0,97
12/23/2002,GRB,WI,AGL,CE,Towers with Radar,29,30,38,0,97,13,0,2,0,15,42,30,40,0,112,64,0,64,176
12/24/2002,GRB,WI,AGL,CE,Towers with Radar,30,32,13,0,75,0,1,0,0,1,30,33,13,0,76,35,0,35,111
12/25/2002,GRB,WI,AGL,CE,Towers with Radar,23,23,4,0,50,0,1,0,0,1,23,24,4,0,51,0,0,0,51
12/26/2002,GRB,WI,AGL,CE,Towers with Radar,22,41,26,0,89,0,3,0,0,3,22,44,26,0,92,98,0,98,190
12/27/2002,GRB,WI,AGL,CE,Towers with Radar,34,32,16,0,82,0,1,0,0,1,34,33,16,0,83,130,0,130,213
12/28/2002,GRB,WI,AGL,CE,Towers with Radar,24,26,7,0,57,0,1,0,0,1,24,27,7,0,58,0,0,0,58
12/29/2002,GRB,WI,AGL,CE,Towers with Radar,31,19,10,0,60,0,1,0,0,1,31,20,10,0,61,0,0,0,61
12/30/2002,GRB,WI,AGL,CE,Towers with Radar,26,46,11,8,91,0,1,0,0,1,26,47,11,8,92,0,0,0,92
12/31/2002,GRB,WI,AGL,CE,Towers with Radar,24,27,14,0,65,11,0,0,0,11,35,27,14,0,76,85,0,85,161
01/01/2003,GRB,WI,AGL,CE,Towers with Radar,27,23,5,0,55,1,0,0,0,1,28,23,5,0,56,19,0,19,75
01/02/2003,GRB,WI,AGL,CE,Towers with Radar,29,38,11,0,78,0,0,0,0,0,29,38,11,0,78,4,0,4,82
01/03/2003,GRB,WI,AGL,CE,Towers with Radar,30,37,26,0,93,0,0,0,0,0,30,37,26,0,93,110,0,110,203
01/04/2003,GRB,WI,AGL,CE,Towers with Radar,22,39,67,0,128,1,0,0,0,1,23,39,67,0,129,187,0,187,316
01/05/2003,GRB,WI,AGL,CE,Towers with Radar,28,22,16,0,66,1,0,0,0,1,29,22,16,0,67,0,0,0,67
01/06/2003,GRB,WI,AGL,CE,Towers with Radar,26,40,35,0,101,0,2,0,0,2,26,42,35,0,103,84,0,84,187
01/07/2003,GRB,WI,AGL,CE,Towers with Radar,31,38,27,0,96,1,0,0,0,1,32,38,27,0,97,18,0,18,115
01/08/2003,GRB,WI,AGL,CE,Towers with Radar,26,44,44,0,114,0,0,16,0,16,26,44,60,0,130,55,0,55,185
01/09/2003,GRB,WI,AGL,CE,Towers with Radar,28,38,28,0,94,1,0,0,0,1,29,38,28,0,95,12,0,12,107
01/10/2003,GRB,WI,AGL,CE,Towers with Radar,28,40,35,0,103,0,1,3,2,6,28,41,38,2,109,40,0,40,149
01/11/2003,GRB,WI,AGL,CE,Towers with Radar,29,21,14,0,64,1,0,0,0,1,30,21,14,0,65,25,0,25,90
01/12/2003,GRB,WI,AGL,CE,Towers with Radar,31,21,19,2,73,1,0,0,0,1,32,21,19,2,74,100,0,100,174
01/13/2003,GRB,WI,AGL,CE,Towers with Radar,25,42,41,0,108,1,0,0,0,1,26,42,41,0,109,44,0,44,153
01/14/2003,GRB,WI,AGL,CE,Towers with Radar,30,38,49,0,117,1,0,0,0,1,31,38,49,0,118,54,0,54,172
01/15/2003,GRB,WI,AGL,CE,Towers with Radar,33,38,32,0,103,1,0,0,0,1,34,38,32,0,104,52,0,52,156
01/16/2003,GRB,WI,AGL,CE,Towers with Radar,38,29,39,0,106,1,0,0,0,1,39,29,39,0,107,3,0,3,110
01/17/2003,GRB,WI,AGL,CE,Towers with Radar,21,28,22,0,71,0,0,0,0,0,21,28,22,0,71,59,0,59,130
01/18/2003,GRB,WI,AGL,CE,Towers with Radar,26,39,36,0,101,0,0,14,0,14,26,39,50,0,115,83,0,83,198
01/19/2003,GRB,WI,AGL,CE,Towers with Radar,19,26,24,0,69,9,5,8,0,22,28,31,32,0,91,54,0,54,145
01/20/2003,GRB,WI,AGL,CE,Towers with Radar,25,39,35,0,99,1,0,0,0,1,26,39,35,0,100,54,0,54,154
01/21/2003,GRB,WI,AGL,CE,Towers with Radar,30,39,24,0,93,1,0,0,0,1,31,39,24,0,94,45,0,45,139
01/22/2003,GRB,WI,AGL,CE,Towers with Radar,28,42,30,7,107,1,0,0,0,1,29,42,30,7,108,62,0,62,170
01/23/2003,GRB,WI,AGL,CE,Towers with Radar,25,44,38,0,107,1,0,0,0,1,26,44,38,0,108,11,0,11,119
01/24/2003,GRB,WI,AGL,CE,Towers with Radar,25,43,20,0,88,1,0,0,0,1,26,43,20,0,89,46,0,46,135
01/25/2003,GRB,WI,AGL,CE,Towers with Radar,33,20,11,0,64,1,0,0,0,1,34,20,11,0,65,1,0,1,66
01/26/2003,GRB,WI,AGL,CE,Towers with Radar,25,29,9,0,63,1,0,0,0,1,26,29,9,0,64,50,0,50,114
01/27/2003,GRB,WI,AGL,CE,Towers with Radar,30,37,28,0,95,1,0,0,0,1,31,37,28,0,96,4,0,4,100
01/28/2003,GRB,WI,AGL,CE,Towers with Radar,24,37,27,0,88,1,0,0,0,1,25,37,27,0,89,12,0,12,101
01/29/2003,GRB,WI,AGL,CE,Towers with Radar,26,48,38,2,114,0,0,0,0,0,26,48,38,2,114,100,0,100,214
01/30/2003,GRB,WI,AGL,CE,Towers with Radar,31,43,34,0,108,0,4,0,0,4,31,47,34,0,112,110,0,110,222
01/31/2003,GRB,WI,AGL,CE,Towers with Radar,27,43,8,0,78,0,0,0,0,0,27,43,8,0,78,48,0,48,126
02/01/2003,GRB,WI,AGL,CE,Towers with Radar,30,25,47,0,102,2,1,0,0,3,32,26,47,0,105,96,0,96,201
02/02/2003,GRB,WI,AGL,CE,Towers with Radar,27,20,3,0,50,2,0,1,0,3,29,20,4,0,53,0,0,0,53
02/03/2003,GRB,WI,AGL,CE,Towers with Radar,20,37,9,0,66,2,0,1,0,3,22,37,10,0,69,0,0,0,69
02/04/2003,GRB,WI,AGL,CE,Towers with Radar,29,35,20,0,84,1,1,1,0,3,30,36,21,0,87,30,0,30,117
02/05/2003,GRB,WI,AGL,CE,Towers with Radar,25,43,32,0,100,1,1,1,0,3,26,44,33,0,103,60,0,60,163
02/06/2003,GRB,WI,AGL,CE,Towers with Radar,27,42,53,0,122,2,1,1,0,4,29,43,54,0,126,92,0,92,218
02/07/2003,GRB,WI,AGL,CE,Towers with Radar,33,33,33,5,104,1,1,1,0,3,34,34,34,5,107,12,0,12,119
02/08/2003,GRB,WI,AGL,CE,Towers with Radar,25,26,20,0,71,1,1,1,0,3,26,27,21,0,74,0,0,0,74
02/09/2003,GRB,WI,AGL,CE,Towers with Radar,24,26,18,2,70,1,1,1,0,3,25,27,19,2,73,100,0,100,173
02/10/2003,GRB,WI,AGL,CE,Towers with Radar,25,44,17,2,88,1,1,1,0,3,26,45,18,2,91,12,0,12,103
02/11/2003,GRB,WI,AGL,CE,Towers with Radar,30,38,42,0,110,1,1,1,0,3,31,39,43,0,113,22,0,22,135
02/12/2003,GRB,WI,AGL,CE,Towers with Radar,25,45,31,0,101,0,0,0,0,0,25,45,31,0,101,90,0,90,191
02/13/2003,GRB,WI,AGL,CE,Towers with Radar,23,46,36,0,105,0,0,0,1,1,23,46,36,1,106,18,0,18,124
02/14/2003,GRB,WI,AGL,CE,Towers with Radar,33,35,28,0,96,1,1,1,0,3,34,36,29,0,99,50,0,50,149
02/15/2003,GRB,WI,AGL,CE,Towers with Radar,18,25,20,0,63,1,1,1,0,3,19,26,21,0,66,10,0,10,76
02/16/2003,GRB,WI,AGL,CE,Towers with Radar,25,33,42,0,100,1,1,0,0,2,26,34,42,0,102,70,0,70,172
02/17/2003,GRB,WI,AGL,CE,Towers with Radar,24,47,41,0,112,1,1,0,0,2,25,48,41,0,114,110,0,110,224
02/18/2003,GRB,WI,AGL,CE,Towers with Radar,23,55,46,0,124,1,1,0,0,2,24,56,46,0,126,49,0,49,175
02/19/2003,GRB,WI,AGL,CE,Towers with Radar,28,45,41,0,114,1,1,0,0,2,29,46,41,0,116,114,0,114,230
02/20/2003,GRB,WI,AGL,CE,Towers with Radar,23,58,47,0,128,1,1,0,0,2,24,59,47,0,130,50,0,50,180
02/21/2003,GRB,WI,AGL,CE,Towers with Radar,34,38,8,0,80,2,0,0,0,2,36,38,8,0,82,70,0,70,152
02/22/2003,GRB,WI,AGL,CE,Towers with Radar,20,29,13,0,62,1,1,0,0,2,21,30,13,0,64,50,0,50,114
02/23/2003,GRB,WI,AGL,CE,Towers with Radar,24,26,14,0,64,1,1,0,0,2,25,27,14,0,66,110,0,110,176
02/24/2003,GRB,WI,AGL,CE,Towers with Radar,31,41,37,0,109,2,0,4,0,6,33,41,41,0,115,41,0,41,156
02/25/2003,GRB,WI,AGL,CE,Towers with Radar,27,48,40,0,115,0,1,0,0,1,27,49,40,0,116,48,0,48,164
02/26/2003,GRB,WI,AGL,CE,Towers with Radar,23,46,34,0,103,1,1,0,0,2,24,47,34,0,105,170,0,170,275
02/27/2003,GRB,WI,AGL,CE,Towers with Radar,25,47,34,0,106,1,1,0,0,2,26,48,34,0,108,60,0,60,168
02/28/2003,GRB,WI,AGL,CE,Towers with Radar,31,38,42,0,111,1,1,0,0,2,32,39,42,0,113,70,0,70,183
03/01/2003,GRB,WI,AGL,CE,Towers with Radar,14,35,39,0,88,1,1,0,0,2,15,36,39,0,90,60,0,60,150
03/02/2003,GRB,WI,AGL,CE,Towers with Radar,16,27,18,0,61,6,10,0,0,16,22,37,18,0,77,100,0,100,177
03/03/2003,GRB,WI,AGL,CE,Towers with Radar,22,39,31,0,92,0,5,2,0,7,22,44,33,0,99,24,0,24,123
03/04/2003,GRB,WI,AGL,CE,Towers with Radar,28,44,41,0,113,0,1,0,0,1,28,45,41,0,114,68,0,68,182
03/05/2003,GRB,WI,AGL,CE,Towers with Radar,31,38,40,0,109,7,0,5,0,12,38,38,45,0,121,72,0,72,193
03/06/2003,GRB,WI,AGL,CE,Towers with Radar,19,46,37,0,102,0,2,10,0,12,19,48,47,0,114,150,0,150,264
03/07/2003,GRB,WI,AGL,CE,Towers with Radar,37,40,23,2,102,0,1,0,0,1,37,41,23,2,103,69,0,69,172
03/08/2003,GRB,WI,AGL,CE,Towers with Radar,14,34,13,0,61,0,1,0,0,1,14,35,13,0,62,0,0,0,62
03/09/2003,GRB,WI,AGL,CE,Towers with Radar,22,31,25,2,80,0,1,0,0,1,22,32,25,2,81,10,0,10,91
03/10/2003,GRB,WI,AGL,CE,Towers with Radar,21,47,18,0,86,0,1,0,0,1,21,48,18,0,87,135,0,135,222
03/11/2003,GRB,WI,AGL,CE,Towers with Radar,25,44,25,0,94,0,1,0,0,1,25,45,25,0,95,70,0,70,165
03/12/2003,GRB,WI,AGL,CE,Towers with Radar,36,36,31,0,103,0,1,0,0,1,36,37,31,0,104,68,0,68,172
03/13/2003,GRB,WI,AGL,CE,Towers with Radar,30,41,38,0,109,0,0,4,0,4,30,41,42,0,113,171,0,171,284
03/14/2003,GRB,WI,AGL,CE,Towers with Radar,21,49,38,0,108,0,4,3,0,7,21,53,41,0,115,137,0,137,252
03/15/2003,GRB,WI,AGL,CE,Towers with Radar,19,33,30,0,82,0,0,15,0,15,19,33,45,0,97,221,0,221,318
03/16/2003,GRB,WI,AGL,CE,Towers with Radar,21,32,26,0,79,2,3,2,0,7,23,35,28,0,86,140,0,140,226
03/17/2003,GRB,WI,AGL,CE,Towers with Radar,30,28,31,0,89,0,1,0,0,1,30,29,31,0,90,30,0,30,120
03/18/2003,GRB,WI,AGL,CE,Towers with Radar,20,71,32,0,123,0,1,0,0,1,20,72,32,0,124,21,0,21,145
03/19/2003,GRB,WI,AGL,CE,Towers with Radar,25,50,45,0,120,0,1,0,0,1,25,51,45,0,121,0,0,0,121
03/20/2003,GRB,WI,AGL,CE,Towers with Radar,15,23,15,0,53,0,1,0,0,1,15,24,15,0,54,9,0,9,63
03/21/2003,GRB,WI,AGL,CE,Towers with Radar,27,44,23,0,94,0,1,0,0,1,27,45,23,0,95,12,0,12,107
03/22/2003,GRB,WI,AGL,CE,Towers with Radar,18,33,25,0,76,0,1,0,0,1,18,34,25,0,77,84,0,84,161
03/23/2003,GRB,WI,AGL,CE,Towers with Radar,23,34,31,0,88,0,1,0,0,1,23,35,31,0,89,256,0,256,345
03/24/2003,GRB,WI,AGL,CE,Towers with Radar,28,43,20,0,91,0,1,0,0,1,28,44,20,0,92,4,0,4,96
03/25/2003,GRB,WI,AGL,CE,Towers with Radar,21,54,38,0,113,0,1,0,0,1,21,55,38,0,114,48,0,48,162
03/26/2003,GRB,WI,AGL,CE,Towers with Radar,30,45,37,0,112,0,0,0,3,3,30,45,37,3,115,21,0,21,136
03/27/2003,GRB,WI,AGL,CE,Towers with Radar,19,60,16,0,95,0,1,0,0,1,19,61,16,0,96,0,0,0,96
03/28/2003,GRB,WI,AGL,CE,Towers with Radar,23,41,37,0,101,5,0,0,0,5,28,41,37,0,106,20,0,20,126
03/29/2003,GRB,WI,AGL,CE,Towers with Radar,28,21,25,0,74,0,1,0,0,1,28,22,25,0,75,30,0,30,105
03/30/2003,GRB,WI,AGL,CE,Towers with Radar,20,32,25,0,77,7,0,3,0,10,27,32,28,0,87,86,0,86,173
03/31/2003,GRB,WI,AGL,CE,Towers with Radar,23,50,32,1,106,0,1,0,0,1,23,51,32,1,107,22,0,22,129
04/01/2003,GRB,WI,AGL,CE,Towers with Radar,23,46,32,0,101,0,1,0,0,1,23,47,32,0,102,68,0,68,170
04/02/2003,GRB,WI,AGL,CE,Towers with Radar,27,50,29,0,106,0,0,1,0,1,27,50,30,0,107,32,0,32,139
04/03/2003,GRB,WI,AGL,CE,Towers with Radar,21,40,12,0,73,0,4,0,0,4,21,44,12,0,77,1,0,1,78
04/04/2003,GRB,WI,AGL,CE,Towers with Radar,23,40,7,0,70,0,0,1,0,1,23,40,8,0,71,0,0,0,71
04/05/2003,GRB,WI,AGL,CE,Towers with Radar,16,30,14,0,60,0,0,1,0,1,16,30,15,0,61,40,0,40,101
04/06/2003,GRB,WI,AGL,CE,Towers with Radar,23,29,28,0,80,0,0,1,0,1,23,29,29,0,81,74,0,74,155
04/07/2003,GRB,WI,AGL,CE,Towers with Radar,16,37,25,0,78,0,8,2,0,10,16,45,27,0,88,40,0,40,128
04/08/2003,GRB,WI,AGL,CE,Towers with Radar,19,53,53,0,125,0,0,1,0,1,19,53,54,0,126,160,0,160,286
04/09/2003,GRB,WI,AGL,CE,Towers with Radar,21,55,35,0,111,0,0,1,0,1,21,55,36,0,112,234,0,234,346
04/10/2003,GRB,WI,AGL,CE,Towers with Radar,24,47,32,0,103,0,0,0,1,1,24,47,32,1,104,32,0,32,136
04/11/2003,GRB,WI,AGL,CE,Towers with Radar,23,46,40,0,109,0,0,1,0,1,23,46,41,0,110,88,0,88,198
04/12/2003,GRB,WI,AGL,CE,Towers with Radar,16,30,33,0,79,0,0,1,0,1,16,30,34,0,80,27,0,27,107
04/13/2003,GRB,WI,AGL,CE,Towers with Radar,21,36,27,0,84,0,0,1,0,1,21,36,28,0,85,53,0,53,138
04/14/2003,GRB,WI,AGL,CE,Towers with Radar,18,47,32,0,97,0,7,0,0,7,18,54,32,0,104,40,0,40,144
04/15/2003,GRB,WI,AGL,CE,Towers with Radar,22,54,35,0,111,0,0,1,0,1,22,54,36,0,112,23,0,23,135
04/16/2003,GRB,WI,AGL,CE,Towers with Radar,24,48,30,0,102,0,0,1,0,1,24,48,31,0,103,0,0,0,103
04/17/2003,GRB,WI,AGL,CE,Towers with Radar,23,57,29,0,109,0,0,1,0,1,23,57,30,0,110,51,0,51,161
04/18/2003,GRB,WI,AGL,CE,Towers with Radar,30,38,37,0,105,0,0,1,0,1,30,38,38,0,106,106,0,106,212
04/19/2003,GRB,WI,AGL,CE,Towers with Radar,13,27,7,0,47,0,8,0,0,8,13,35,7,0,55,16,0,16,71
04/20/2003,GRB,WI,AGL,CE,Towers with Radar,12,26,9,0,47,15,11,0,0,26,27,37,9,0,73,51,0,51,124
04/21/2003,GRB,WI,AGL,CE,Towers with Radar,26,38,36,0,100,6,0,16,0,22,32,38,52,0,122,6,0,6,128
04/22/2003,GRB,WI,AGL,CE,Towers with Radar,33,48,46,0,127,0,0,1,0,1,33,48,47,0,128,93,0,93,221
04/23/2003,GRB,WI,AGL,CE,Towers with Radar,21,47,57,0,125,0,0,1,0,1,21,47,58,0,126,194,0,194,320
04/24/2003,GRB,WI,AGL,CE,Towers with Radar,23,56,29,0,108,0,0,1,0,1,23,56,30,0,109,53,0,53,162
04/25/2003,GRB,WI,AGL,CE,Towers with Radar,16,56,24,0,96,0,0,1,0,1,16,56,25,0,97,149,0,149,246
04/26/2003,GRB,WI,AGL,CE,Towers with Radar,18,32,22,0,72,0,0,1,0,1,18,32,23,0,73,202,0,202,275
04/27/2003,GRB,WI,AGL,CE,Towers with Radar,19,34,12,0,65,0,0,2,0,2,19,34,14,0,67,60,0,60,127
04/28/2003,GRB,WI,AGL,CE,Towers with Radar,31,40,22,0,93,0,0,0,0,0,31,40,22,0,93,81,0,81,174
04/29/2003,GRB,WI,AGL,CE,Towers with Radar,24,49,52,0,125,0,0,0,0,0,24,49,52,0,125,151,0,151,276
04/30/2003,GRB,WI,AGL,CE,Towers with Radar,27,39,39,0,105,0,0,2,0,2,27,39,41,0,107,18,0,18,125
05/01/2003,GRB,WI,AGL,CE,Towers with Radar,20,52,43,2,117,1,2,0,0,3,21,54,43,2,120,86,0,86,206
05/02/2003,GRB,WI,AGL,CE,Towers with Radar,18,67,50,2,137,0,11,0,0,11,18,78,50,2,148,160,0,160,308
05/03/2003,GRB,WI,AGL,CE,Towers with Radar,11,32,25,0,68,2,1,0,0,3,13,33,25,0,71,122,0,122,193
05/04/2003,GRB,WI,AGL,CE,Towers with Radar,26,28,23,2,79,2,1,0,0,3,28,29,23,2,82,68,0,68,150
05/05/2003,GRB,WI,AGL,CE,Towers with Radar,21,53,28,0,102,2,1,0,0,3,23,54,28,0,105,6,0,6,111
05/06/2003,GRB,WI,AGL,CE,Towers with Radar,23,57,54,0,134,0,0,11,0,11,23,57,65,0,145,25,0,25,170
05/07/2003,GRB,WI,AGL,CE,Towers with Radar,20,60,50,1,131,1,2,0,0,3,21,62,50,1,134,0,0,0,134
05/08/2003,GRB,WI,AGL,CE,Towers with Radar,20,57,57,0,134,0,3,0,0,3,20,60,57,0,137,118,0,118,255
05/09/2003,GRB,WI,AGL,CE,Towers with Radar,26,57,39,0,122,5,0,0,0,5,31,57,39,0,127,39,0,39,166
05/10/2003,GRB,WI,AGL,CE,Towers with Radar,17,32,31,0,80,1,2,0,0,3,18,34,31,0,83,123,0,123,206
05/11/2003,GRB,WI,AGL,CE,Towers with Radar,7,18,8,0,33,15,5,0,0,20,22,23,8,0,53,0,0,0,53
05/12/2003,GRB,WI,AGL,CE,Towers with Radar,18,50,44,0,112,1,2,0,0,3,19,52,44,0,115,68,0,68,183
05/13/2003,GRB,WI,AGL,CE,Towers with Radar,20,54,40,0,114,0,5,0,0,5,20,59,40,0,119,67,0,67,186
05/14/2003,GRB,WI,AGL,CE,Towers with Radar,17,59,44,0,120,1,1,1,0,3,18,60,45,0,123,124,0,124,247
05/15/2003,GRB,WI,AGL,CE,Towers with Radar,19,56,46,0,121,0,0,0,0,0,19,56,46,0,121,102,0,102,223
05/16/2003,GRB,WI,AGL,CE,Towers with Radar,21,47,32,2,102,4,0,0,20,24,25,47,32,22,126,139,0,139,265
05/17/2003,GRB,WI,AGL,CE,Towers with Radar,20,38,58,2,118,0,0,78,0,78,20,38,136,2,196,148,0,148,344
05/18/2003,GRB,WI,AGL,CE,Towers with Radar,19,37,39,0,95,1,0,1,0,2,20,37,40,0,97,128,0,128,225
05/19/2003,GRB,WI,AGL,CE,Towers with Radar,22,52,38,0,112,3,0,0,0,3,25,52,38,0,115,72,0,72,187
05/20/2003,GRB,WI,AGL,CE,Towers with Radar,24,56,45,5,130,1,1,0,0,2,25,57,45,5,132,144,0,144,276
05/21/2003,GRB,WI,AGL,CE,Towers with Radar,20,63,57,2,142,0,0,6,1,7,20,63,63,3,149,82,0,82,231
05/22/2003,GRB,WI,AGL,CE,Towers with Radar,20,51,36,1,108,0,12,0,1,13,20,63,36,2,121,204,0,204,325
05/23/2003,GRB,WI,AGL,CE,Towers with Radar,23,49,29,1,102,0,0,0,1,1,23,49,29,2,103,73,0,73,176
05/24/2003,GRB,WI,AGL,CE,Towers with Radar,13,32,20,0,65,0,2,0,0,2,13,34,20,0,67,27,0,27,94
05/25/2003,GRB,WI,AGL,CE,Towers with Radar,24,27,19,0,70,0,2,0,0,2,24,29,19,0,72,81,0,81,153
05/26/2003,GRB,WI,AGL,CE,Towers with Radar,16,38,26,0,80,2,5,0,0,7,18,43,26,0,87,64,0,64,151
05/27/2003,GRB,WI,AGL,CE,Towers with Radar,20,54,39,0,113,0,2,0,0,2,20,56,39,0,115,140,0,140,255
05/28/2003,GRB,WI,AGL,CE,Towers with Radar,20,50,34,0,104,0,6,0,0,6,20,56,34,0,110,18,0,18,128
05/29/2003,GRB,WI,AGL,CE,Towers with Radar,25,49,31,2,107,0,2,0,0,2,25,51,31,2,109,152,0,152,261
05/30/2003,GRB,WI,AGL,CE,Towers with Radar,23,49,33,0,105,0,2,0,0,2,23,51,33,0,107,5,0,5,112
05/31/2003,GRB,WI,AGL,CE,Towers with Radar,20,29,31,0,80,0,2,0,0,2,20,31,31,0,82,60,0,60,142
06/01/2003,GRB,WI,AGL,CE,Towers with Radar,16,35,30,0,81,1,3,10,2,16,17,38,40,2,97,236,0,236,333
06/02/2003,GRB,WI,AGL,CE,Towers with Radar,19,54,49,1,123,0,1,2,0,3,19,55,51,1,126,124,0,124,250
06/03/2003,GRB,WI,AGL,CE,Towers with Radar,22,49,44,0,115,3,0,0,0,3,25,49,44,0,118,238,0,238,356
06/04/2003,GRB,WI,AGL,CE,Towers with Radar,23,52,29,0,104,5,4,0,0,9,28,56,29,0,113,89,0,89,202
06/05/2003,GRB,WI,AGL,CE,Towers with Radar,24,53,51,0,128,0,0,14,0,14,24,53,65,0,142,111,0,111,253
06/06/2003,GRB,WI,AGL,CE,Towers with Radar,18,50,41,0,109,0,2,0,2,4,18,52,41,2,113,41,0,41,154
06/07/2003,GRB,WI,AGL,CE,Towers with Radar,20,42,32,0,94,0,1,1,0,2,20,43,33,0,96,74,0,74,170
06/08/2003,GRB,WI,AGL,CE,Towers with Radar,18,39,29,2,88,0,1,1,0,2,18,40,30,2,90,0,0,0,90
06/09/2003,GRB,WI,AGL,CE,Towers with Radar,22,52,44,0,118,0,1,1,0,2,22,53,45,0,120,138,0,138,258
06/10/2003,GRB,WI,AGL,CE,Towers with Radar,21,51,43,0,115,0,9,6,0,15,21,60,49,0,130,13,0,13,143
06/11/2003,GRB,WI,AGL,CE,Towers with Radar,19,58,67,0,144,0,1,1,0,2,19,59,68,0,146,148,0,148,294
06/12/2003,GRB,WI,AGL,CE,Towers with Radar,26,45,64,0,135,0,1,1,0,2,26,46,65,0,137,199,0,199,336
06/13/2003,GRB,WI,AGL,CE,Towers with Radar,20,50,41,0,111,0,1,1,0,2,20,51,42,0,113,218,0,218,331
06/14/2003,GRB,WI,AGL,CE,Towers with Radar,17,38,36,0,91,0,0,0,0,0,17,38,36,0,91,138,0,138,229
06/15/2003,GRB,WI,AGL,CE,Towers with Radar,16,40,27,0,83,0,2,1,0,3,16,42,28,0,86,221,0,221,307
06/16/2003,GRB,WI,AGL,CE,Towers with Radar,24,50,39,0,113,0,1,1,0,2,24,51,40,0,115,123,0,123,238
06/17/2003,GRB,WI,AGL,CE,Towers with Radar,21,50,55,0,126,0,1,1,0,2,21,51,56,0,128,84,0,84,212
06/18/2003,GRB,WI,AGL,CE,Towers with Radar,21,44,37,0,102,2,0,0,0,2,23,44,37,0,104,61,0,61,165
06/19/2003,GRB,WI,AGL,CE,Towers with Radar,23,58,53,0,134,0,0,8,0,8,23,58,61,0,142,173,0,173,315
06/20/2003,GRB,WI,AGL,CE,Towers with Radar,20,59,43,0,122,0,5,0,0,5,20,64,43,0,127,94,0,94,221
06/21/2003,GRB,WI,AGL,CE,Towers with Radar,18,36,27,0,81,0,0,1,0,1,18,36,28,0,82,156,0,156,238
06/22/2003,GRB,WI,AGL,CE,Towers with Radar,19,40,30,2,91,0,0,1,0,1,19,40,31,2,92,145,0,145,237
06/23/2003,GRB,WI,AGL,CE,Towers with Radar,17,39,22,0,78,8,0,0,0,8,25,39,22,0,86,96,0,96,182
06/24/2003,GRB,WI,AGL,CE,Towers with Radar,18,58,41,0,117,0,0,1,0,1,18,58,42,0,118,43,0,43,161
06/25/2003,GRB,WI,AGL,CE,Towers with Radar,17,54,41,3,115,0,0,1,0,1,17,54,42,3,116,55,0,55,171
06/26/2003,GRB,WI,AGL,CE,Towers with Radar,19,63,38,0,120,0,0,1,0,1,19,63,39,0,121,109,0,109,230
06/27/2003,GRB,WI,AGL,CE,Towers with Radar,19,62,43,0,124,0,3,0,4,7,19,65,43,4,131,111,0,111,242
06/28/2003,GRB,WI,AGL,CE,Towers with Radar,19,40,41,0,100,0,0,1,0,1,19,40,42,0,101,10,0,10,111
06/29/2003,GRB,WI,AGL,CE,Towers with Radar,17,35,36,0,88,5,0,0,0,5,22,35,36,0,93,22,0,22,115
06/30/2003,GRB,WI,AGL,CE,Towers with Radar,19,54,43,0,116,0,1,0,0,1,19,55,43,0,117,78,0,78,195
07/01/2003,GRB,WI,AGL,CE,Towers with Radar,19,42,38,0,99,1,14,0,0,15,20,56,38,0,114,104,0,104,218
07/02/2003,GRB,WI,AGL,CE,Towers with Radar,21,48,33,0,102,0,11,0,0,11,21,59,33,0,113,139,0,139,252
07/03/2003,GRB,WI,AGL,CE,Towers with Radar,18,56,41,0,115,0,2,0,0,2,18,58,41,0,117,194,0,194,311
07/04/2003,GRB,WI,AGL,CE,Towers with Radar,8,17,6,0,31,8,13,0,0,21,16,30,6,0,52,52,0,52,104
07/05/2003,GRB,WI,AGL,CE,Towers with Radar,12,27,17,0,56,1,8,0,0,9,13,35,17,0,65,54,0,54,119
07/06/2003,GRB,WI,AGL,CE,Towers with Radar,15,28,28,0,71,6,0,0,0,6,21,28,28,0,77,33,0,33,110
07/07/2003,GRB,WI,AGL,CE,Towers with Radar,20,49,39,0,108,0,1,0,0,1,20,50,39,0,109,125,0,125,234
07/08/2003,GRB,WI,AGL,CE,Towers with Radar,22,48,55,0,125,0,0,2,0,2,22,48,57,0,127,150,0,150,277
07/09/2003,GRB,WI,AGL,CE,Towers with Radar,20,59,39,6,124,0,1,0,0,1,20,60,39,6,125,202,0,202,327
07/10/2003,GRB,WI,AGL,CE,Towers with Radar,23,50,55,1,129,2,0,13,1,16,25,50,68,2,145,52,0,52,197
07/11/2003,GRB,WI,AGL,CE,Towers with Radar,24,48,33,3,108,0,1,0,0,1,24,49,33,3,109,160,0,160,269
07/12/2003,GRB,WI,AGL,CE,Towers with Radar,14,43,24,0,81,0,1,0,0,1,14,44,24,0,82,70,0,70,152
07/13/2003,GRB,WI,AGL,CE,Towers with Radar,16,41,28,3,88,0,1,0,0,1,16,42,28,3,89,272,0,272,361
07/14/2003,GRB,WI,AGL,CE,Towers with Radar,20,54,42,0,116,0,1,0,0,1,20,55,42,0,117,136,0,136,253
07/15/2003,GRB,WI,AGL,CE,Towers with Radar,21,51,48,0,120,2,0,0,0,2,23,51,48,0,122,80,0,80,202
07/16/2003,GRB,WI,AGL,CE,Towers with Radar,19,54,54,0,127,0,1,6,0,7,19,55,60,0,134,145,0,145,279
07/17/2003,GRB,WI,AGL,CE,Towers with Radar,20,45,70,0,135,0,1,0,0,1,20,46,70,0,136,98,0,98,234
07/18/2003,GRB,WI,AGL,CE,Towers with Radar,22,45,48,0,115,4,0,0,1,5,26,45,48,1,120,121,0,121,241
07/19/2003,GRB,WI,AGL,CE,Towers with Radar,16,33,37,0,86,8,0,5,0,13,24,33,42,0,99,108,0,108,207
07/20/2003,GRB,WI,AGL,CE,Towers with Radar,15,33,28,0,76,1,6,0,2,9,16,39,28,2,85,58,0,58,143
07/21/2003,GRB,WI,AGL,CE,Towers with Radar,20,54,48,0,122,0,1,0,0,1,20,55,48,0,123,158,0,158,281
07/22/2003,GRB,WI,AGL,CE,Towers with Radar,15,59,50,0,124,0,1,0,0,1,15,60,50,0,125,158,0,158,283
07/23/2003,GRB,WI,AGL,CE,Towers with Radar,22,52,47,0,121,1,4,0,0,5,23,56,47,0,126,118,0,118,244
07/24/2003,GRB,WI,AGL,CE,Towers with Radar,22,51,54,0,127,0,1,0,0,1,22,52,54,0,128,113,0,113,241
07/25/2003,GRB,WI,AGL,CE,Towers with Radar,18,57,37,1,113,0,0,0,5,5,18,57,37,6,118,10,12,22,140
07/26/2003,GRB,WI,AGL,CE,Towers with Radar,13,42,15,2,72,0,0,1,0,1,13,42,16,2,73,55,0,55,128
07/27/2003,GRB,WI,AGL,CE,Towers with Radar,18,34,38,0,90,2,0,0,1,3,20,34,38,1,93,129,0,129,222
07/28/2003,GRB,WI,AGL,CE,Towers with Radar,24,58,63,0,145,0,0,26,0,26,24,58,89,0,171,70,0,70,241
07/29/2003,GRB,WI,AGL,CE,Towers with Radar,23,55,68,0,146,0,0,24,0,24,23,55,92,0,170,108,0,108,278
07/30/2003,GRB,WI,AGL,CE,Towers with Radar,24,62,94,3,183,0,0,1,0,1,24,62,95,3,184,0,0,0,184
07/31/2003,GRB,WI,AGL,CE,Towers with Radar,22,65,120,0,207,0,0,1,0,1,22,65,121,0,208,21,0,21,229
08/01/2003,GRB,WI,AGL,CE,Towers with Radar,29,65,95,2,191,0,0,1,0,1,29,65,96,2,192,57,0,57,249
08/02/2003,GRB,WI,AGL,CE,Towers with Radar,15,47,65,0,127,0,0,1,0,1,15,47,66,0,128,56,0,56,184
08/03/2003,GRB,WI,AGL,CE,Towers with Radar,26,40,59,0,125,0,0,0,0,0,26,40,59,0,125,30,0,30,155
08/04/2003,GRB,WI,AGL,CE,Towers with Radar,18,52,84,0,154,0,0,1,0,1,18,52,85,0,155,78,0,78,233
08/05/2003,GRB,WI,AGL,CE,Towers with Radar,20,60,57,1,138,0,3,0,12,15,20,63,57,13,153,78,18,96,249
08/06/2003,GRB,WI,AGL,CE,Towers with Radar,22,53,39,0,114,0,0,1,0,1,22,53,40,0,115,2,0,2,117
08/07/2003,GRB,WI,AGL,CE,Towers with Radar,24,63,54,2,143,0,0,1,0,1,24,63,55,2,144,118,4,122,266
08/08/2003,GRB,WI,AGL,CE,Towers with Radar,22,57,45,0,124,0,0,1,0,1,22,57,46,0,125,155,0,155,280
08/09/2003,GRB,WI,AGL,CE,Towers with Radar,19,38,30,0,87,0,0,1,0,1,19,38,31,0,88,90,0,90,178
08/10/2003,GRB,WI,AGL,CE,Towers with Radar,15,28,36,0,79,11,0,2,0,13,26,28,38,0,92,178,0,178,270
08/11/2003,GRB,WI,AGL,CE,Towers with Radar,21,51,80,0,152,0,0,0,0,0,21,51,80,0,152,59,0,59,211
08/12/2003,GRB,WI,AGL,CE,Towers with Radar,41,32,61,0,134,0,0,0,0,0,41,32,61,0,134,86,0,86,220
08/13/2003,GRB,WI,AGL,CE,Towers with Radar,22,56,59,3,140,0,0,0,0,0,22,56,59,3,140,138,0,138,278
08/14/2003,GRB,WI,AGL,CE,Towers with Radar,18,60,53,0,131,0,0,0,0,0,18,60,53,0,131,93,0,93,224
08/15/2003,GRB,WI,AGL,CE,Towers with Radar,15,62,39,4,120,0,0,0,0,0,15,62,39,4,120,16,0,16,136
08/16/2003,GRB,WI,AGL,CE,Towers with Radar,14,35,35,0,84,9,5,1,0,15,23,40,36,0,99,184,0,184,283
08/17/2003,GRB,WI,AGL,CE,Towers with Radar,18,40,40,1,99,3,0,0,2,5,21,40,40,3,104,88,0,88,192
08/18/2003,GRB,WI,AGL,CE,Towers with Radar,22,59,60,0,141,0,1,26,0,27,22,60,86,0,168,83,0,83,251
08/19/2003,GRB,WI,AGL,CE,Towers with Radar,19,45,37,0,101,1,12,0,0,13,20,57,37,0,114,43,0,43,157
08/20/2003,GRB,WI,AGL,CE,Towers with Radar,20,55,56,0,131,0,3,5,0,8,20,58,61,0,139,175,0,175,314
08/21/2003,GRB,WI,AGL,CE,Towers with Radar,19,50,50,0,119,0,7,9,0,16,19,57,59,0,135,156,0,156,291
08/22/2003,GRB,WI,AGL,CE,Towers with Radar,20,47,32,0,99,0,7,0,0,7,20,54,32,0,106,109,0,109,215
08/23/2003,GRB,WI,AGL,CE,Towers with Radar,21,42,48,0,111,0,0,0,0,0,21,42,48,0,111,123,0,123,234
08/24/2003,GRB,WI,AGL,CE,Towers with Radar,30,30,25,0,85,0,0,0,0,0,30,30,25,0,85,66,0,66,151
08/25/2003,GRB,WI,AGL,CE,Towers with Radar,24,48,30,0,102,0,0,0,0,0,24,48,30,0,102,62,0,62,164
08/26/2003,GRB,WI,AGL,CE,Towers with Radar,17,44,36,0,97,0,5,0,0,5,17,49,36,0,102,66,0,66,168
08/27/2003,GRB,WI,AGL,CE,Towers with Radar,20,58,59,0,137,0,3,3,0,6,20,61,62,0,143,121,0,121,264
08/28/2003,GRB,WI,AGL,CE,Towers with Radar,24,56,44,0,124,0,5,0,0,5,24,61,44,0,129,75,0,75,204
08/29/2003,GRB,WI,AGL,CE,Towers with Radar,21,55,58,0,134,0,0,0,0,0,21,55,58,0,134,123,0,123,257
08/30/2003,GRB,WI,AGL,CE,Towers with Radar,15,36,23,0,74,0,0,0,0,0,15,36,23,0,74,45,0,45,119
08/31/2003,GRB,WI,AGL,CE,Towers with Radar,15,33,24,0,72,0,0,0,0,0,15,33,24,0,72,40,0,40,112
09/01/2003,GRB,WI,AGL,CE,Towers with Radar,14,42,36,0,92,0,0,2,0,2,14,42,38,0,94,126,0,126,220
09/02/2003,GRB,WI,AGL,CE,Towers with Radar,19,52,16,0,87,0,0,4,0,4,19,52,20,0,91,66,0,66,157
09/03/2003,GRB,WI,AGL,CE,Towers with Radar,20,61,47,0,128,0,7,10,0,17,20,68,57,0,145,114,0,114,259
09/04/2003,GRB,WI,AGL,CE,Towers with Radar,19,56,39,3,117,0,0,4,0,4,19,56,43,3,121,132,14,146,267
09/05/2003,GRB,WI,AGL,CE,Towers with Radar,21,59,31,2,113,0,0,4,0,4,21,59,35,2,117,111,0,111,228
09/06/2003,GRB,WI,AGL,CE,Towers with Radar,24,33,32,2,91,0,0,3,0,3,24,33,35,2,94,170,0,170,264
09/07/2003,GRB,WI,AGL,CE,Towers with Radar,20,53,152,2,227,0,0,2,0,2,20,53,154,2,229,4,0,4,233
09/08/2003,GRB,WI,AGL,CE,Towers with Radar,19,55,41,0,115,0,0,2,0,2,19,55,43,0,117,137,0,137,254
09/09/2003,GRB,WI,AGL,CE,Towers with Radar,20,55,46,0,121,0,0,1,0,1,20,55,47,0,122,22,0,22,144
09/10/2003,GRB,WI,AGL,CE,Towers with Radar,20,57,44,0,121,0,0,0,0,0,20,57,44,0,121,102,0,102,223
09/11/2003,GRB,WI,AGL,CE,Towers with Radar,22,54,44,0,120,0,0,0,0,0,22,54,44,0,120,53,0,53,173
09/12/2003,GRB,WI,AGL,CE,Towers with Radar,21,53,38,0,112,0,0,0,2,2,21,53,38,2,114,36,0,36,150
09/13/2003,GRB,WI,AGL,CE,Towers with Radar,15,38,31,0,84,7,5,7,0,19,22,43,38,0,103,0,0,0,103
09/14/2003,GRB,WI,AGL,CE,Towers with Radar,16,46,111,2,175,0,0,2,0,2,16,46,113,2,177,0,0,0,177
09/15/2003,GRB,WI,AGL,CE,Towers with Radar,20,56,42,0,118,0,0,2,0,2,20,56,44,0,120,57,0,57,177
09/16/2003,GRB,WI,AGL,CE,Towers with Radar,29,50,38,0,117,0,1,2,0,3,29,51,40,0,120,148,0,148,268
09/17/2003,GRB,WI,AGL,CE,Towers with Radar,25,50,53,0,128,0,1,2,0,3,25,51,55,0,131,119,0,119,250
09/18/2003,GRB,WI,AGL,CE,Towers with Radar,19,50,40,0,109,0,0,0,2,2,19,50,40,2,111,60,0,60,171
09/19/2003,GRB,WI,AGL,CE,Towers with Radar,20,48,13,0,81,0,1,2,0,3,20,49,15,0,84,12,0,12,96
09/20/2003,GRB,WI,AGL,CE,Towers with Radar,12,32,10,0,54,8,8,0,1,17,20,40,10,1,71,14,0,14,85
09/21/2003,GRB,WI,AGL,CE,Towers with Radar,16,39,12,0,67,0,0,2,0,2,16,39,14,0,69,0,0,0,69
09/22/2003,GRB,WI,AGL,CE,Towers with Radar,21,54,37,0,112,0,5,0,0,5,21,59,37,0,117,15,0,15,132
09/23/2003,GRB,WI,AGL,CE,Towers with Radar,21,53,36,0,110,2,0,0,0,2,23,53,36,0,112,41,0,41,153
09/24/2003,GRB,WI,AGL,CE,Towers with Radar,21,57,28,0,106,0,0,2,0,2,21,57,30,0,108,4,0,4,112
09/25/2003,GRB,WI,AGL,CE,Towers with Radar,21,52,47,0,120,1,0,2,0,3,22,52,49,0,123,219,0,219,342
09/26/2003,GRB,WI,AGL,CE,Towers with Radar,16,53,48,0,117,0,0,2,0,2,16,53,50,0,119,76,0,76,195
09/27/2003,GRB,WI,AGL,CE,Towers with Radar,15,42,16,0,73,1,0,2,0,3,16,42,18,0,76,20,0,20,96
09/28/2003,GRB,WI,AGL,CE,Towers with Radar,14,37,21,0,72,10,0,0,0,10,24,37,21,0,82,47,0,47,129
09/29/2003,GRB,WI,AGL,CE,Towers with Radar,24,50,44,0,118,0,0,3,0,3,24,50,47,0,121,127,0,127,248
09/30/2003,GRB,WI,AGL,CE,Towers with Radar,19,52,43,0,114,0,0,1,0,1,19,52,44,0,115,58,0,58,173
10/01/2003,GRB,WI,AGL,CE,Towers with Radar,17,50,36,0,103,0,5,0,0,5,17,55,36,0,108,89,0,89,197
10/02/2003,GRB,WI,AGL,CE,Towers with Radar,25,58,40,0,123,0,0,0,0,0,25,58,40,0,123,77,0,77,200
10/03/2003,GRB,WI,AGL,CE,Towers with Radar,20,54,32,1,107,0,0,0,2,2,20,54,32,3,109,0,0,0,109
10/04/2003,GRB,WI,AGL,CE,Towers with Radar,16,36,32,0,84,0,5,7,0,12,16,41,39,0,96,78,0,78,174
10/05/2003,GRB,WI,AGL,CE,Towers with Radar,21,41,43,1,106,7,0,43,6,56,28,41,86,7,162,160,0,160,322
10/06/2003,GRB,WI,AGL,CE,Towers with Radar,19,44,29,1,93,3,9,0,0,12,22,53,29,1,105,143,0,143,248
10/07/2003,GRB,WI,AGL,CE,Towers with Radar,17,51,44,0,112,0,9,0,0,9,17,60,44,0,121,239,0,239,360
10/08/2003,GRB,WI,AGL,CE,Towers with Radar,18,53,38,0,109,0,5,0,0,5,18,58,38,0,114,152,0,152,266
10/09/2003,GRB,WI,AGL,CE,Towers with Radar,28,53,56,1,138,0,0,0,2,2,28,53,56,3,140,194,0,194,334
10/10/2003,GRB,WI,AGL,CE,Towers with Radar,19,54,33,1,107,0,0,0,4,4,19,54,33,5,111,82,0,82,193
10/11/2003,GRB,WI,AGL,CE,Towers with Radar,15,37,28,0,80,4,5,0,0,9,19,42,28,0,89,89,0,89,178
10/12/2003,GRB,WI,AGL,CE,Towers with Radar,19,46,47,2,114,0,0,66,1,67,19,46,113,3,181,136,5,141,322
10/13/2003,GRB,WI,AGL,CE,Towers with Radar,20,49,40,2,111,1,7,0,6,14,21,56,40,8,125,62,0,62,187
10/14/2003,GRB,WI,AGL,CE,Towers with Radar,23,53,46,0,122,0,0,0,0,0,23,53,46,0,122,96,0,96,218
10/15/2003,GRB,WI,AGL,CE,Towers with Radar,23,61,43,0,127,0,4,0,0,4,23,65,43,0,131,84,0,84,215
10/16/2003,GRB,WI,AGL,CE,Towers with Radar,22,56,55,2,135,0,0,6,2,8,22,56,61,4,143,70,0,70,213
10/17/2003,GRB,WI,AGL,CE,Towers with Radar,22,52,36,0,110,0,5,0,0,5,22,57,36,0,115,86,0,86,201
10/18/2003,GRB,WI,AGL,CE,Towers with Radar,14,32,24,0,70,12,7,0,0,19,26,39,24,0,89,122,0,122,211
10/19/2003,GRB,WI,AGL,CE,Towers with Radar,14,34,30,1,79,12,0,6,0,18,26,34,36,1,97,59,0,59,156
10/20/2003,GRB,WI,AGL,CE,Towers with Radar,18,44,25,1,88,1,7,0,0,8,19,51,25,1,96,18,0,18,114
10/21/2003,GRB,WI,AGL,CE,Towers with Radar,21,59,49,0,129,0,2,0,0,2,21,61,49,0,131,121,0,121,252
10/22/2003,GRB,WI,AGL,CE,Towers with Radar,18,55,53,0,126,0,0,5,0,5,18,55,58,0,131,79,0,79,210
10/23/2003,GRB,WI,AGL,CE,Towers with Radar,25,48,52,0,125,2,0,0,0,2,27,48,52,0,127,69,0,69,196
10/24/2003,GRB,WI,AGL,CE,Towers with Radar,22,52,44,0,118,0,0,0,0,0,22,52,44,0,118,9,0,9,127
10/25/2003,GRB,WI,AGL,CE,Towers with Radar,13,33,28,0,74,10,1,2,0,13,23,34,30,0,87,125,0,125,212
10/26/2003,GRB,WI,AGL,CE,Towers with Radar,15,38,28,0,81,4,3,0,0,7,19,41,28,0,88,158,0,158,246
10/27/2003,GRB,WI,AGL,CE,Towers with Radar,18,51,28,0,97,0,8,0,0,8,18,59,28,0,105,115,0,115,220
10/28/2003,GRB,WI,AGL,CE,Towers with Radar,20,58,51,1,130,0,3,4,1,8,20,61,55,2,138,66,0,66,204
10/29/2003,GRB,WI,AGL,CE,Towers with Radar,27,49,53,0,129,4,0,0,0,4,31,49,53,0,133,44,0,44,177
10/30/2003,GRB,WI,AGL,CE,Towers with Radar,25,51,54,0,130,1,0,4,0,5,26,51,58,0,135,118,0,118,253
10/31/2003,GRB,WI,AGL,CE,Towers with Radar,18,50,46,1,115,0,0,18,1,19,18,50,64,2,134,0,0,0,134
11/01/2003,GRB,WI,AGL,CE,Towers with Radar,18,40,21,0,79,5,6,0,0,11,23,46,21,0,90,162,0,162,252
11/02/2003,GRB,WI,AGL,CE,Towers with Radar,16,36,20,0,72,1,10,0,2,13,17,46,20,2,85,24,0,24,109
11/03/2003,GRB,WI,AGL,CE,Towers with Radar,18,42,22,0,82,0,5,0,0,5,18,47,22,0,87,0,0,0,87
11/04/2003,GRB,WI,AGL,CE,Towers with Radar,20,48,29,0,97,0,3,0,0,3,20,51,29,0,100,0,0,0,100
11/05/2003,GRB,WI,AGL,CE,Towers with Radar,25,47,51,0,123,0,0,30,0,30,25,47,81,0,153,57,0,57,210
11/06/2003,GRB,WI,AGL,CE,Towers with Radar,18,51,45,0,114,0,0,77,0,77,18,51,122,0,191,54,0,54,245
11/07/2003,GRB,WI,AGL,CE,Towers with Radar,19,50,41,1,111,0,0,32,0,32,19,50,73,1,143,36,0,36,179
11/08/2003,GRB,WI,AGL,CE,Towers with Radar,17,40,32,0,89,0,3,95,0,98,17,43,127,0,187,76,0,76,263
11/09/2003,GRB,WI,AGL,CE,Towers with Radar,15,34,28,0,77,1,4,49,0,54,16,38,77,0,131,84,0,84,215
11/10/2003,GRB,WI,AGL,CE,Towers with Radar,26,66,53,1,146,0,1,66,4,71,26,67,119,5,217,3,0,3,220
11/11/2003,GRB,WI,AGL,CE,Towers with Radar,20,70,56,0,146,0,2,51,0,53,20,72,107,0,199,0,0,0,199
11/12/2003,GRB,WI,AGL,CE,Towers with Radar,22,49,41,0,112,5,0,4,0,9,27,49,45,0,121,0,0,0,121
11/13/2003,GRB,WI,AGL,CE,Towers with Radar,19,56,45,0,120,0,4,20,0,24,19,60,65,0,144,41,0,41,185
11/14/2003,GRB,WI,AGL,CE,Towers with Radar,21,51,54,0,126,0,0,93,0,93,21,51,147,0,219,78,0,78,297
11/15/2003,GRB,WI,AGL,CE,Towers with Radar,16,38,31,0,85,4,3,17,0,24,20,41,48,0,109,70,0,70,179
11/16/2003,GRB,WI,AGL,CE,Towers with Radar,17,38,30,0,85,3,0,0,0,3,20,38,30,0,88,26,0,26,114
11/17/2003,GRB,WI,AGL,CE,Towers with Radar,24,51,42,0,117,5,0,10,1,16,29,51,52,1,133,0,0,0,133
11/18/2003,GRB,WI,AGL,CE,Towers with Radar,21,46,40,0,107,0,0,3,0,3,21,46,43,0,110,24,0,24,134
11/19/2003,GRB,WI,AGL,CE,Towers with Radar,21,49,46,0,116,0,0,71,0,71,21,49,117,0,187,115,0,115,302
11/20/2003,GRB,WI,AGL,CE,Towers with Radar,23,59,53,0,135,0,0,88,0,88,23,59,141,0,223,106,0,106,329
11/21/2003,GRB,WI,AGL,CE,Towers with Radar,20,58,44,0,122,0,0,49,0,49,20,58,93,0,171,71,0,71,242
11/22/2003,GRB,WI,AGL,CE,Towers with Radar,13,32,25,0,70,9,7,6,1,23,22,39,31,1,93,32,0,32,125
11/23/2003,GRB,WI,AGL,CE,Towers with Radar,16,38,29,0,83,1,15,25,0,41,17,53,54,0,124,0,0,0,124
11/24/2003,GRB,WI,AGL,CE,Towers with Radar,19,45,29,0,93,0,0,0,0,0,19,45,29,0,93,0,0,0,93
11/25/2003,GRB,WI,AGL,CE,Towers with Radar,22,50,38,0,110,0,4,36,0,40,22,54,74,0,150,32,0,32,182
11/26/2003,GRB,WI,AGL,CE,Towers with Radar,22,46,39,0,107,8,0,129,0,137,30,46,168,0,244,152,0,152,396
11/27/2003,GRB,WI,AGL,CE,Towers with Radar,9,22,9,0,40,7,13,0,0,20,16,35,9,0,60,36,0,36,96
11/28/2003,GRB,WI,AGL,CE,Towers with Radar,13,31,19,0,63,6,0,0,0,6,19,31,19,0,69,28,0,28,97
11/29/2003,GRB,WI,AGL,CE,Towers with Radar,16,38,24,0,78,6,3,0,0,9,22,41,24,0,87,60,0,60,147
11/30/2003,GRB,WI,AGL,CE,Towers with Radar,20,43,37,0,100,0,0,5,0,5,20,43,42,0,105,174,0,174,279
12/01/2003,GRB,WI,AGL,CE,Towers with Radar,22,43,39,0,104,4,0,38,0,42,26,43,77,0,146,44,0,44,190
12/02/2003,GRB,WI,AGL,CE,Towers with Radar,19,54,44,0,117,0,4,83,0,87,19,58,127,0,204,159,0,159,363
12/03/2003,GRB,WI,AGL,CE,Towers with Radar,20,55,49,0,124,0,0,62,0,62,20,55,111,0,186,92,0,92,278
12/04/2003,GRB,WI,AGL,CE,Towers with Radar,22,55,44,0,121,0,0,44,0,44,22,55,88,0,165,65,0,65,230
12/05/2003,GRB,WI,AGL,CE,Towers with Radar,24,44,42,1,111,5,0,29,5,39,29,44,71,6,150,136,0,136,286
12/06/2003,GRB,WI,AGL,CE,Towers with Radar,17,37,30,0,84,0,10,115,1,126,17,47,145,1,210,106,0,106,316
12/07/2003,GRB,WI,AGL,CE,Towers with Radar,26,44,47,2,119,7,0,169,10,186,33,44,216,12,305,0,0,0,305
12/08/2003,GRB,WI,AGL,CE,Towers with Radar,20,54,45,2,121,0,0,3,1,4,20,54,48,3,125,120,0,120,245
12/09/2003,GRB,WI,AGL,CE,Towers with Radar,15,43,34,0,92,0,0,0,0,0,15,43,34,0,92,8,0,8,100
12/10/2003,GRB,WI,AGL,CE,Towers with Radar,18,43,17,0,78,0,9,0,0,9,18,52,17,0,87,0,0,0,87
12/11/2003,GRB,WI,AGL,CE,Towers with Radar,26,50,49,0,125,0,0,58,0,58,26,50,107,0,183,89,0,89,272
12/12/2003,GRB,WI,AGL,CE,Towers with Radar,24,45,44,0,113,0,0,51,0,51,24,45,95,0,164,161,0,161,325
12/13/2003,GRB,WI,AGL,CE,Towers with Radar,17,41,34,0,92,0,3,127,0,130,17,44,161,0,222,178,0,178,400
12/14/2003,GRB,WI,AGL,CE,Towers with Radar,13,26,20,1,60,9,5,0,1,15,22,31,20,2,75,0,0,0,75
12/15/2003,GRB,WI,AGL,CE,Towers with Radar,20,47,47,0,114,0,0,18,0,18,20,47,65,0,132,4,0,4,136
12/16/2003,GRB,WI,AGL,CE,Towers with Radar,21,56,32,0,109,0,0,0,0,0,21,56,32,0,109,14,0,14,123
12/17/2003,GRB,WI,AGL,CE,Towers with Radar,22,52,52,0,126,0,0,68,0,68,22,52,120,0,194,151,0,151,345
12/18/2003,GRB,WI,AGL,CE,Towers with Radar,21,51,50,0,122,0,0,42,0,42,21,51,92,0,164,92,0,92,256
12/19/2003,GRB,WI,AGL,CE,Towers with Radar,22,48,40,0,110,3,0,38,0,41,25,48,78,0,151,20,0,20,171
12/20/2003,GRB,WI,AGL,CE,Towers with Radar,19,42,32,0,93,0,4,65,0,69,19,46,97,0,162,112,0,112,274
12/21/2003,GRB,WI,AGL,CE,Towers with Radar,12,29,23,0,64,5,11,64,0,80,17,40,87,0,144,143,0,143,287
12/22/2003,GRB,WI,AGL,CE,Towers with Radar,20,50,39,0,109,0,7,57,0,64,20,57,96,0,173,160,0,160,333
12/23/2003,GRB,WI,AGL,CE,Towers with Radar,24,47,43,0,114,4,0,14,0,18,28,47,57,0,132,25,0,25,157
12/24/2003,GRB,WI,AGL,CE,Towers with Radar,16,37,29,0,82,0,13,25,0,38,16,50,54,0,120,16,0,16,136
12/25/2003,GRB,WI,AGL,CE,Towers with Radar,10,24,15,0,49,10,9,0,0,19,20,33,15,0,68,26,0,26,94
12/26/2003,GRB,WI,AGL,CE,Towers with Radar,21,47,37,0,105,0,4,102,0,106,21,51,139,0,211,86,0,86,297
12/27/2003,GRB,WI,AGL,CE,Towers with Radar,13,31,24,0,68,4,11,33,0,48,17,42,57,0,116,173,0,173,289
12/28/2003,GRB,WI,AGL,CE,Towers with Radar,20,45,35,0,100,0,4,60,0,64,20,49,95,0,164,67,0,67,231
12/29/2003,GRB,WI,AGL,CE,Towers with Radar,21,46,37,0,104,4,2,50,0,56,25,48,87,0,160,128,0,128,288
12/30/2003,GRB,WI,AGL,CE,Towers with Radar,19,42,34,0,95,6,7,38,0,51,25,49,72,0,146,95,0,95,241
12/31/2003,GRB,WI,AGL,CE,Towers with Radar,16,38,31,0,85,1,5,12,5,23,17,43,43,5,108,14,0,14,122
01/01/2004,GRB,WI,AGL,CE,Towers with Radar,11,24,19,0,54,12,9,15,0,36,23,33,34,0,90,75,0,75,165
01/02/2004,GRB,WI,AGL,CE,Towers with Radar,23,40,40,0,103,5,0,18,0,23,28,40,58,0,126,59,0,59,185
01/03/2004,GRB,WI,AGL,CE,Towers with Radar,16,35,27,0,78,5,8,34,0,47,21,43,61,0,125,90,0,90,215
01/04/2004,GRB,WI,AGL,CE,Towers with Radar,13,39,32,0,84,0,0,74,3,77,13,39,106,3,161,36,15,51,212
01/05/2004,GRB,WI,AGL,CE,Towers with Radar,17,44,33,0,94,0,6,26,0,32,17,50,59,0,126,115,0,115,241
01/06/2004,GRB,WI,AGL,CE,Towers with Radar,18,44,39,0,101,0,0,23,1,24,18,44,62,1,125,5,0,5,130
01/07/2004,GRB,WI,AGL,CE,Towers with Radar,18,51,42,0,111,0,0,71,0,71,18,51,113,0,182,131,0,131,313
01/08/2004,GRB,WI,AGL,CE,Towers with Radar,20,52,40,0,112,0,4,32,0,36,20,56,72,0,148,160,0,160,308
01/09/2004,GRB,WI,AGL,CE,Towers with Radar,23,59,45,0,127,0,1,36,2,39,23,60,81,2,166,168,0,168,334
01/10/2004,GRB,WI,AGL,CE,Towers with Radar,19,40,32,0,91,2,0,108,0,110,21,40,140,0,201,152,0,152,353
01/11/2004,GRB,WI,AGL,CE,Towers with Radar,15,35,17,1,68,3,8,0,1,12,18,43,17,2,80,33,0,33,113
01/12/2004,GRB,WI,AGL,CE,Towers with Radar,17,44,34,0,95,0,11,14,0,25,17,55,48,0,120,17,0,17,137
01/13/2004,GRB,WI,AGL,CE,Towers with Radar,21,47,37,0,105,5,0,49,0,54,26,47,86,0,159,82,0,82,241
01/14/2004,GRB,WI,AGL,CE,Towers with Radar,23,50,20,0,93,1,0,0,0,1,24,50,20,0,94,19,0,19,113
01/15/2004,GRB,WI,AGL,CE,Towers with Radar,18,55,45,0,118,0,0,49,0,49,18,55,94,0,167,133,0,133,300
01/16/2004,GRB,WI,AGL,CE,Towers with Radar,19,54,35,0,108,0,0,0,0,0,19,54,35,0,108,58,0,58,166
01/17/2004,GRB,WI,AGL,CE,Towers with Radar,16,38,29,0,83,0,2,35,0,37,16,40,64,0,120,43,0,43,163
01/18/2004,GRB,WI,AGL,CE,Towers with Radar,16,38,28,1,83,4,1,50,0,55,20,39,78,1,138,78,0,78,216
01/19/2004,GRB,WI,AGL,CE,Towers with Radar,20,43,35,0,98,2,0,35,0,37,22,43,70,0,135,138,0,138,273
01/20/2004,GRB,WI,AGL,CE,Towers with Radar,18,56,43,0,117,0,0,36,0,36,18,56,79,0,153,182,0,182,335
01/21/2004,GRB,WI,AGL,CE,Towers with Radar,18,53,35,0,106,0,6,0,0,6,18,59,35,0,112,0,0,0,112
01/22/2004,GRB,WI,AGL,CE,Towers with Radar,18,53,39,0,110,0,5,8,0,13,18,58,47,0,123,4,0,4,127
01/23/2004,GRB,WI,AGL,CE,Towers with Radar,21,46,34,0,101,2,0,0,0,2,23,46,34,0,103,0,0,0,103
01/24/2004,GRB,WI,AGL,CE,Towers with Radar,16,37,26,0,79,8,0,106,0,114,24,37,132,0,193,199,0,199,392
01/25/2004,GRB,WI,AGL,CE,Towers with Radar,11,26,18,0,55,7,10,4,0,21,18,36,22,0,76,29,0,29,105
01/26/2004,GRB,WI,AGL,CE,Towers with Radar,18,48,23,0,89,0,2,0,0,2,18,50,23,0,91,0,0,0,91
01/27/2004,GRB,WI,AGL,CE,Towers with Radar,19,51,37,0,107,0,0,44,0,44,19,51,81,0,151,151,0,151,302
01/28/2004,GRB,WI,AGL,CE,Towers with Radar,25,54,44,0,123,0,0,45,0,45,25,54,89,0,168,20,0,20,188
01/29/2004,GRB,WI,AGL,CE,Towers with Radar,18,51,37,0,106,0,0,26,0,26,18,51,63,0,132,9,0,9,141
01/30/2004,GRB,WI,AGL,CE,Towers with Radar,22,40,39,0,101,8,0,32,0,40,30,40,71,0,141,31,0,31,172
01/31/2004,GRB,WI,AGL,CE,Towers with Radar,16,40,30,0,86,7,3,80,0,90,23,43,110,0,176,175,0,175,351
02/01/2004,GRB,WI,AGL,CE,Towers with Radar,12,29,23,0,64,7,6,19,0,32,19,35,42,0,96,145,0,145,241
02/02/2004,GRB,WI,AGL,CE,Towers with Radar,15,45,37,0,97,0,4,19,0,23,15,49,56,0,120,88,0,88,208
02/03/2004,GRB,WI,AGL,CE,Towers with Radar,19,47,39,0,105,2,8,4,0,14,21,55,43,0,119,18,0,18,137
02/04/2004,GRB,WI,AGL,CE,Towers with Radar,22,57,50,0,129,0,0,84,0,84,22,57,134,0,213,129,0,129,342
02/05/2004,GRB,WI,AGL,CE,Towers with Radar,19,56,47,0,122,0,0,63,0,63,19,56,110,0,185,196,0,196,381
02/06/2004,GRB,WI,AGL,CE,Towers with Radar,19,46,38,0,103,5,5,5,0,15,24,51,43,0,118,42,0,42,160
02/07/2004,GRB,WI,AGL,CE,Towers with Radar,16,30,33,0,79,11,0,88,0,99,27,30,121,0,178,230,0,230,408
02/08/2004,GRB,WI,AGL,CE,Towers with Radar,15,35,28,0,78,0,12,6,0,18,15,47,34,0,96,100,0,100,196
02/09/2004,GRB,WI,AGL,CE,Towers with Radar,18,56,46,0,120,0,1,21,0,22,18,57,67,0,142,70,0,70,212
02/10/2004,GRB,WI,AGL,CE,Towers with Radar,19,53,52,0,124,0,0,33,0,33,19,53,85,0,157,25,0,25,182
02/11/2004,GRB,WI,AGL,CE,Towers with Radar,25,56,50,0,131,4,0,17,0,21,29,56,67,0,152,87,0,87,239
02/12/2004,GRB,WI,AGL,CE,Towers with Radar,16,58,48,0,122,0,1,69,0,70,16,59,117,0,192,132,0,132,324
02/13/2004,GRB,WI,AGL,CE,Towers with Radar,24,47,49,0,120,5,0,45,0,50,29,47,94,0,170,98,0,98,268
02/14/2004,GRB,WI,AGL,CE,Towers with Radar,14,37,29,0,80,1,10,53,0,64,15,47,82,0,144,124,0,124,268
02/15/2004,GRB,WI,AGL,CE,Towers with Radar,14,36,28,0,78,2,0,68,0,70,16,36,96,0,148,188,0,188,336
02/16/2004,GRB,WI,AGL,CE,Towers with Radar,17,49,39,0,105,0,2,28,0,30,17,51,67,0,135,47,0,47,182
02/17/2004,GRB,WI,AGL,CE,Towers with Radar,17,61,48,0,126,0,2,68,0,70,17,63,116,0,196,156,0,156,352
02/18/2004,GRB,WI,AGL,CE,Towers with Radar,17,55,45,0,117,0,0,32,0,32,17,55,77,0,149,155,0,155,304
02/19/2004,GRB,WI,AGL,CE,Towers with Radar,15,59,48,0,122,0,0,16,0,16,15,59,64,0,138,20,0,20,158
02/20/2004,GRB,WI,AGL,CE,Towers with Radar,17,46,29,0,92,2,4,0,0,6,19,50,29,0,98,12,0,12,110
02/21/2004,GRB,WI,AGL,CE,Towers with Radar,14,36,28,0,78,3,7,32,0,42,17,43,60,0,120,0,0,0,120
02/22/2004,GRB,WI,AGL,CE,Towers with Radar,14,35,30,0,79,16,0,41,0,57,30,35,71,0,136,158,0,158,294
02/23/2004,GRB,WI,AGL,CE,Towers with Radar,17,43,21,0,81,12,0,0,0,12,29,43,21,0,93,30,0,30,123
02/24/2004,GRB,WI,AGL,CE,Towers with Radar,23,65,51,0,139,0,1,12,0,13,23,66,63,0,152,41,0,41,193
02/25/2004,GRB,WI,AGL,CE,Towers with Radar,17,51,44,0,112,0,0,81,1,82,17,51,125,1,194,219,0,219,413
02/26/2004,GRB,WI,AGL,CE,Towers with Radar,16,59,51,0,126,0,0,44,2,46,16,59,95,2,172,105,0,105,277
02/27/2004,GRB,WI,AGL,CE,Towers with Radar,15,53,45,0,113,0,0,31,0,31,15,53,76,0,144,70,0,70,214
02/28/2004,GRB,WI,AGL,CE,Towers with Radar,16,42,33,0,91,1,2,95,0,98,17,44,128,0,189,232,0,232,421
02/29/2004,GRB,WI,AGL,CE,Towers with Radar,16,41,32,0,89,5,2,82,0,89,21,43,114,0,178,222,0,222,400
03/01/2004,GRB,WI,AGL,CE,Towers with Radar,16,46,34,0,96,1,17,4,0,22,17,63,38,0,118,0,0,0,118
03/02/2004,GRB,WI,AGL,CE,Towers with Radar,23,56,54,1,134,0,0,39,6,45,23,56,93,7,179,143,0,143,322
03/03/2004,GRB,WI,AGL,CE,Towers with Radar,18,55,43,0,116,0,0,6,0,6,18,55,49,0,122,68,0,68,190
03/04/2004,GRB,WI,AGL,CE,Towers with Radar,17,59,50,0,126,0,0,34,0,34,17,59,84,0,160,90,0,90,250
03/05/2004,GRB,WI,AGL,CE,Towers with Radar,16,43,25,1,85,5,0,0,1,6,21,43,25,2,91,0,0,0,91
03/06/2004,GRB,WI,AGL,CE,Towers with Radar,12,34,27,0,73,13,0,16,0,29,25,34,43,0,102,66,0,66,168
03/07/2004,GRB,WI,AGL,CE,Towers with Radar,9,24,9,1,43,10,6,0,1,17,19,30,9,2,60,0,0,0,60
03/08/2004,GRB,WI,AGL,CE,Towers with Radar,20,54,42,0,116,3,0,62,0,65,23,54,104,0,181,26,0,26,207
03/09/2004,GRB,WI,AGL,CE,Towers with Radar,19,57,52,0,128,0,0,79,0,79,19,57,131,0,207,218,0,218,425
03/10/2004,GRB,WI,AGL,CE,Towers with Radar,21,59,47,0,127,0,0,8,0,8,21,59,55,0,135,124,0,124,259
03/11/2004,GRB,WI,AGL,CE,Towers with Radar,17,52,32,0,101,0,8,0,0,8,17,60,32,0,109,0,0,0,109
03/12/2004,GRB,WI,AGL,CE,Towers with Radar,23,46,52,0,121,0,0,80,0,80,23,46,132,0,201,149,0,149,350
03/13/2004,GRB,WI,AGL,CE,Towers with Radar,13,37,29,0,79,3,10,18,0,31,16,47,47,0,110,6,0,6,116
03/14/2004,GRB,WI,AGL,CE,Towers with Radar,10,28,18,0,56,15,8,0,0,23,25,36,18,0,79,29,0,29,108
03/15/2004,GRB,WI,AGL,CE,Towers with Radar,16,52,41,0,109,0,2,45,0,47,16,54,86,0,156,264,0,264,420
03/16/2004,GRB,WI,AGL,CE,Towers with Radar,15,59,46,0,120,0,1,75,0,76,15,60,121,0,196,212,0,212,408
03/17/2004,GRB,WI,AGL,CE,Towers with Radar,19,53,35,0,107,0,0,0,0,0,19,53,35,0,107,11,0,11,118
03/18/2004,GRB,WI,AGL,CE,Towers with Radar,20,47,22,0,89,5,0,0,0,5,25,47,22,0,94,0,0,0,94
03/19/2004,GRB,WI,AGL,CE,Towers with Radar,21,50,44,0,115,3,0,63,0,66,24,50,107,0,181,139,0,139,320
03/20/2004,GRB,WI,AGL,CE,Towers with Radar,12,30,22,0,64,1,14,31,0,46,13,44,53,0,110,138,0,138,248
03/21/2004,GRB,WI,AGL,CE,Towers with Radar,14,38,28,0,80,10,3,54,0,67,24,41,82,0,147,65,0,65,212
03/22/2004,GRB,WI,AGL,CE,Towers with Radar,17,52,39,0,108,0,15,65,3,83,17,67,104,3,191,198,0,198,389
03/23/2004,GRB,WI,AGL,CE,Towers with Radar,20,57,43,0,120,0,0,68,0,68,20,57,111,0,188,81,0,81,269
03/24/2004,GRB,WI,AGL,CE,Towers with Radar,16,67,57,0,140,0,0,35,0,35,16,67,92,0,175,14,0,14,189
03/25/2004,GRB,WI,AGL,CE,Towers with Radar,16,68,52,0,136,0,0,29,2,31,16,68,81,2,167,67,0,67,234
03/26/2004,GRB,WI,AGL,CE,Towers with Radar,16,52,49,0,117,0,0,49,0,49,16,52,98,0,166,30,0,30,196
03/27/2004,GRB,WI,AGL,CE,Towers with Radar,12,35,24,0,71,12,9,0,1,22,24,44,24,1,93,17,0,17,110
03/28/2004,GRB,WI,AGL,CE,Towers with Radar,13,37,28,0,78,4,8,4,0,16,17,45,32,0,94,16,0,16,110
03/29/2004,GRB,WI,AGL,CE,Towers with Radar,17,59,47,0,123,0,0,50,0,50,17,59,97,0,173,134,0,134,307
03/30/2004,GRB,WI,AGL,CE,Towers with Radar,18,52,39,0,109,0,8,11,1,20,18,60,50,1,129,72,0,72,201
03/31/2004,GRB,WI,AGL,CE,Towers with Radar,24,51,48,0,123,0,0,93,2,95,24,51,141,2,218,157,0,157,375
04/01/2004,GRB,WI,AGL,CE,Towers with Radar,15,58,44,0,117,0,0,83,0,83,15,58,127,0,200,145,0,145,345
04/02/2004,GRB,WI,AGL,CE,Towers with Radar,16,50,38,1,105,0,8,101,1,110,16,58,139,2,215,172,0,172,387
04/03/2004,GRB,WI,AGL,CE,Towers with Radar,13,36,27,0,76,4,8,24,0,36,17,44,51,0,112,37,0,37,149
04/04/2004,GRB,WI,AGL,CE,Towers with Radar,15,40,31,0,86,1,2,70,2,75,16,42,101,2,161,314,0,314,475
04/05/2004,GRB,WI,AGL,CE,Towers with Radar,17,47,35,0,99,6,3,69,0,78,23,50,104,0,177,57,0,57,234
04/06/2004,GRB,WI,AGL,CE,Towers with Radar,16,51,38,0,105,0,9,52,0,61,16,60,90,0,166,105,0,105,271
04/07/2004,GRB,WI,AGL,CE,Towers with Radar,16,58,43,0,117,0,1,65,0,66,16,59,108,0,183,111,0,111,294
04/08/2004,GRB,WI,AGL,CE,Towers with Radar,20,59,49,1,129,0,0,42,4,46,20,59,91,5,175,169,0,169,344
04/09/2004,GRB,WI,AGL,CE,Towers with Radar,21,56,42,0,119,1,4,95,0,100,22,60,137,0,219,134,0,134,353
04/10/2004,GRB,WI,AGL,CE,Towers with Radar,15,40,31,0,86,3,3,62,0,68,18,43,93,0,154,258,0,258,412
04/11/2004,GRB,WI,AGL,CE,Towers with Radar,13,34,26,0,73,10,5,1,0,16,23,39,27,0,89,167,0,167,256
04/12/2004,GRB,WI,AGL,CE,Towers with Radar,20,38,41,0,99,9,0,45,0,54,29,38,86,0,153,53,0,53,206
04/13/2004,GRB,WI,AGL,CE,Towers with Radar,17,59,44,0,120,0,2,89,0,91,17,61,133,0,211,175,0,175,386
04/14/2004,GRB,WI,AGL,CE,Towers with Radar,17,60,45,0,122,0,6,97,0,103,17,66,142,0,225,172,0,172,397
04/15/2004,GRB,WI,AGL,CE,Towers with Radar,20,62,46,0,128,0,2,45,0,47,20,64,91,0,175,81,0,81,256
04/16/2004,GRB,WI,AGL,CE,Towers with Radar,21,59,46,2,128,0,0,75,4,79,21,59,121,6,207,108,0,108,315
04/17/2004,GRB,WI,AGL,CE,Towers with Radar,15,40,32,1,88,8,0,54,3,65,23,40,86,4,153,239,0,239,392
04/18/2004,GRB,WI,AGL,CE,Towers with Radar,11,31,22,0,64,6,13,0,0,19,17,44,22,0,83,2,0,2,85
04/19/2004,GRB,WI,AGL,CE,Towers with Radar,17,58,43,0,118,0,0,18,0,18,17,58,61,0,136,16,0,16,152
04/20/2004,GRB,WI,AGL,CE,Towers with Radar,20,60,43,0,123,0,0,65,0,65,20,60,108,0,188,221,0,221,409
04/21/2004,GRB,WI,AGL,CE,Towers with Radar,16,59,48,2,125,0,0,19,0,19,16,59,67,2,144,56,0,56,200
04/22/2004,GRB,WI,AGL,CE,Towers with Radar,23,66,54,2,145,0,0,55,0,55,23,66,109,2,200,96,0,96,296
04/23/2004,GRB,WI,AGL,CE,Towers with Radar,19,58,45,0,122,0,0,120,0,120,19,58,165,0,242,208,0,208,450
04/24/2004,GRB,WI,AGL,CE,Towers with Radar,16,31,31,0,78,14,0,92,0,106,30,31,123,0,184,66,0,66,250
04/25/2004,GRB,WI,AGL,CE,Towers with Radar,13,40,19,0,72,5,7,0,0,12,18,47,19,0,84,12,0,12,96
04/26/2004,GRB,WI,AGL,CE,Towers with Radar,17,50,36,0,103,1,4,32,0,37,18,54,68,0,140,11,0,11,151
04/27/2004,GRB,WI,AGL,CE,Towers with Radar,20,58,46,0,124,0,0,64,0,64,20,58,110,0,188,181,0,181,369
04/28/2004,GRB,WI,AGL,CE,Towers with Radar,16,55,41,0,112,0,0,33,0,33,16,55,74,0,145,106,0,106,251
04/29/2004,GRB,WI,AGL,CE,Towers with Radar,16,57,47,1,121,0,0,21,2,23,16,57,68,3,144,49,0,49,193
04/30/2004,GRB,WI,AGL,CE,Towers with Radar,16,64,49,1,130,0,0,45,6,51,16,64,94,7,181,161,0,161,342
05/01/2004,GRB,WI,AGL,CE,Towers with Radar,11,35,26,0,72,3,8,78,0,89,14,43,104,0,161,100,0,100,261
05/02/2004,GRB,WI,AGL,CE,Towers with Radar,11,34,25,0,70,3,15,42,1,61,14,49,67,1,131,80,0,80,211
05/03/2004,GRB,WI,AGL,CE,Towers with Radar,6,49,36,0,91,0,21,91,0,112,6,70,127,0,203,261,0,261,464
05/04/2004,GRB,WI,AGL,CE,Towers with Radar,12,53,39,0,104,0,7,32,0,39,12,60,71,0,143,118,0,118,261
05/05/2004,GRB,WI,AGL,CE,Towers with Radar,14,57,43,0,114,0,0,99,0,99,14,57,142,0,213,149,0,149,362
05/06/2004,GRB,WI,AGL,CE,Towers with Radar,19,57,44,0,120,1,0,53,2,56,20,57,97,2,176,230,0,230,406
05/07/2004,GRB,WI,AGL,CE,Towers with Radar,19,55,46,0,120,0,0,58,0,58,19,55,104,0,178,165,0,165,343
05/08/2004,GRB,WI,AGL,CE,Towers with Radar,14,42,31,0,87,6,4,3,1,14,20,46,34,1,101,21,0,21,122
05/09/2004,GRB,WI,AGL,CE,Towers with Radar,11,33,13,0,57,0,20,0,1,21,11,53,13,1,78,0,0,0,78
05/10/2004,GRB,WI,AGL,CE,Towers with Radar,15,56,41,0,112,0,6,67,0,73,15,62,108,0,185,248,0,248,433
05/11/2004,GRB,WI,AGL,CE,Towers with Radar,18,64,55,0,137,0,0,71,0,71,18,64,126,0,208,134,0,134,342
05/12/2004,GRB,WI,AGL,CE,Towers with Radar,18,51,42,0,111,5,0,38,0,43,23,51,80,0,154,179,0,179,333
05/13/2004,GRB,WI,AGL,CE,Towers with Radar,9,63,47,0,119,0,0,13,0,13,9,63,60,0,132,0,0,0,132
05/14/2004,GRB,WI,AGL,CE,Towers with Radar,16,54,45,0,115,0,0,27,0,27,16,54,72,0,142,31,0,31,173
05/15/2004,GRB,WI,AGL,CE,Towers with Radar,14,43,32,0,89,2,0,117,2,121,16,43,149,2,210,409,0,409,619
05/16/2004,GRB,WI,AGL,CE,Towers with Radar,12,40,28,0,80,0,6,89,1,96,12,46,117,1,176,196,0,196,372
05/17/2004,GRB,WI,AGL,CE,Towers with Radar,15,47,33,0,95,3,6,11,0,20,18,53,44,0,115,69,0,69,184
05/18/2004,GRB,WI,AGL,CE,Towers with Radar,12,62,51,0,125,0,0,95,0,95,12,62,146,0,220,112,0,112,332
05/19/2004,GRB,WI,AGL,CE,Towers with Radar,20,61,47,0,128,8,0,87,0,95,28,61,134,0,223,79,0,79,302
05/20/2004,GRB,WI,AGL,CE,Towers with Radar,13,67,49,0,129,0,0,26,0,26,13,67,75,0,155,35,0,35,190
05/21/2004,GRB,WI,AGL,CE,Towers with Radar,15,43,37,1,96,2,0,4,0,6,17,43,41,1,102,96,0,96,198
05/22/2004,GRB,WI,AGL,CE,Towers with Radar,14,44,31,0,89,2,0,0,0,2,16,44,31,0,91,18,0,18,109
05/23/2004,GRB,WI,AGL,CE,Towers with Radar,9,32,19,0,60,10,5,0,0,15,19,37,19,0,75,5,0,5,80
05/24/2004,GRB,WI,AGL,CE,Towers with Radar,19,50,44,0,113,2,0,47,0,49,21,50,91,0,162,246,0,246,408
05/25/2004,GRB,WI,AGL,CE,Towers with Radar,18,61,44,1,124,1,0,46,0,47,19,61,90,1,171,110,0,110,281
05/26/2004,GRB,WI,AGL,CE,Towers with Radar,18,59,45,0,122,0,0,107,0,107,18,59,152,0,229,65,0,65,294
05/27/2004,GRB,WI,AGL,CE,Towers with Radar,14,63,48,0,125,0,0,59,0,59,14,63,107,0,184,88,0,88,272
05/28/2004,GRB,WI,AGL,CE,Towers with Radar,18,53,45,0,116,0,0,97,0,97,18,53,142,0,213,69,0,69,282
05/29/2004,GRB,WI,AGL,CE,Towers with Radar,10,35,25,0,70,6,7,21,0,34,16,42,46,0,104,105,0,105,209
05/30/2004,GRB,WI,AGL,CE,Towers with Radar,7,23,9,0,39,7,3,0,0,10,14,26,9,0,49,30,0,30,79
05/31/2004,GRB,WI,AGL,CE,Towers with Radar,12,38,21,0,71,7,0,0,0,7,19,38,21,0,78,0,0,0,78
06/01/2004,GRB,WI,AGL,CE,Towers with Radar,17,45,39,0,101,6,10,14,0,30,23,55,53,0,131,58,0,58,189
06/02/2004,GRB,WI,AGL,CE,Towers with Radar,18,58,50,0,126,0,2,95,0,97,18,60,145,0,223,279,0,279,502
06/03/2004,GRB,WI,AGL,CE,Towers with Radar,12,64,55,0,131,0,5,132,0,137,12,69,187,0,268,474,0,474,742
06/04/2004,GRB,WI,AGL,CE,Towers with Radar,19,63,55,1,138,0,0,95,3,98,19,63,150,4,236,220,0,220,456
06/05/2004,GRB,WI,AGL,CE,Towers with Radar,13,36,31,1,81,7,12,61,1,81,20,48,92,2,162,301,0,301,463
06/06/2004,GRB,WI,AGL,CE,Towers with Radar,13,34,29,0,76,0,6,75,4,85,13,40,104,4,161,215,0,215,376
06/07/2004,GRB,WI,AGL,CE,Towers with Radar,18,47,40,0,105,4,6,45,2,57,22,53,85,2,162,52,0,52,214
06/08/2004,GRB,WI,AGL,CE,Towers with Radar,18,56,48,0,122,0,0,54,0,54,18,56,102,0,176,181,0,181,357
06/09/2004,GRB,WI,AGL,CE,Towers with Radar,18,56,52,0,126,0,0,40,4,44,18,56,92,4,170,150,0,150,320
06/10/2004,GRB,WI,AGL,CE,Towers with Radar,20,53,51,0,124,0,0,0,0,0,20,53,51,0,124,25,0,25,149
06/11/2004,GRB,WI,AGL,CE,Towers with Radar,18,57,51,0,126,0,0,18,0,18,18,57,69,0,144,43,0,43,187
06/12/2004,GRB,WI,AGL,CE,Towers with Radar,17,43,40,0,100,1,0,23,0,24,18,43,63,0,124,53,0,53,177
06/13/2004,GRB,WI,AGL,CE,Towers with Radar,12,31,27,0,70,4,12,16,0,32,16,43,43,0,102,115,0,115,217
06/14/2004,GRB,WI,AGL,CE,Towers with Radar,18,52,45,0,115,0,6,39,0,45,18,58,84,0,160,54,0,54,214
06/15/2004,GRB,WI,AGL,CE,Towers with Radar,17,54,46,0,117,0,4,95,0,99,17,58,141,0,216,257,0,257,473
06/16/2004,GRB,WI,AGL,CE,Towers with Radar,19,55,45,0,119,0,6,51,0,57,19,61,96,0,176,64,0,64,240
06/17/2004,GRB,WI,AGL,CE,Towers with Radar,20,57,53,0,130,0,0,41,0,41,20,57,94,0,171,102,0,102,273
06/18/2004,GRB,WI,AGL,CE,Towers with Radar,21,56,51,0,128,1,0,74,0,75,22,56,125,0,203,336,0,336,539
06/19/2004,GRB,WI,AGL,CE,Towers with Radar,12,36,29,0,77,4,2,98,0,104,16,38,127,0,181,149,0,149,330
06/20/2004,GRB,WI,AGL,CE,Towers with Radar,13,36,31,0,80,7,0,51,0,58,20,36,82,0,138,37,0,37,175
06/21/2004,GRB,WI,AGL,CE,Towers with Radar,18,52,45,0,115,0,0,58,0,58,18,52,103,0,173,190,0,190,363
06/22/2004,GRB,WI,AGL,CE,Towers with Radar,18,60,49,0,127,0,1,114,0,115,18,61,163,0,242,90,0,90,332
06/23/2004,GRB,WI,AGL,CE,Towers with Radar,18,53,52,0,123,0,0,94,0,94,18,53,146,0,217,165,0,165,382
06/24/2004,GRB,WI,AGL,CE,Towers with Radar,21,56,56,0,133,0,0,27,0,27,21,56,83,0,160,62,0,62,222
06/25/2004,GRB,WI,AGL,CE,Towers with Radar,19,50,53,0,122,0,0,82,0,82,19,50,135,0,204,155,0,155,359
06/26/2004,GRB,WI,AGL,CE,Towers with Radar,15,36,37,0,88,9,0,136,0,145,24,36,173,0,233,161,0,161,394
06/27/2004,GRB,WI,AGL,CE,Towers with Radar,12,37,30,0,79,8,1,60,0,69,20,38,90,0,148,284,0,284,432
06/28/2004,GRB,WI,AGL,CE,Towers with Radar,17,50,41,0,108,0,5,107,0,112,17,55,148,0,220,142,0,142,362
06/29/2004,GRB,WI,AGL,CE,Towers with Radar,18,53,44,0,115,0,6,91,0,97,18,59,135,0,212,163,0,163,375
06/30/2004,GRB,WI,AGL,CE,Towers with Radar,18,57,33,0,108,0,1,0,0,1,18,58,33,0,109,124,0,124,233
07/01/2004,GRB,WI,AGL,CE,Towers with Radar,16,51,57,0,124,0,9,86,0,95,16,60,143,0,219,174,0,174,393
07/02/2004,GRB,WI,AGL,CE,Towers with Radar,18,53,62,0,133,0,0,64,0,64,18,53,126,0,197,43,0,43,240
07/03/2004,GRB,WI,AGL,CE,Towers with Radar,10,27,31,0,68,4,7,36,0,47,14,34,67,0,115,55,0,55,170
07/04/2004,GRB,WI,AGL,CE,Towers with Radar,10,26,30,0,66,5,9,5,0,19,15,35,35,0,85,53,0,53,138
07/05/2004,GRB,WI,AGL,CE,Towers with Radar,17,44,50,0,111,0,0,38,0,38,17,44,88,0,149,234,0,234,383
07/06/2004,GRB,WI,AGL,CE,Towers with Radar,15,46,52,0,113,0,15,8,0,23,15,61,60,0,136,11,0,11,147
07/07/2004,GRB,WI,AGL,CE,Towers with Radar,20,53,59,0,132,2,2,32,0,36,22,55,91,0,168,54,0,54,222
07/08/2004,GRB,WI,AGL,CE,Towers with Radar,21,49,63,0,133,2,0,33,2,37,23,49,96,2,170,110,0,110,280
07/09/2004,GRB,WI,AGL,CE,Towers with Radar,18,48,54,0,120,2,0,43,2,47,20,48,97,2,167,160,0,160,327
07/10/2004,GRB,WI,AGL,CE,Towers with Radar,13,34,38,0,85,1,2,108,0,111,14,36,146,0,196,330,0,330,526
07/11/2004,GRB,WI,AGL,CE,Towers with Radar,12,32,37,0,81,7,8,28,2,45,19,40,65,2,126,130,0,130,256
07/12/2004,GRB,WI,AGL,CE,Towers with Radar,17,45,51,0,113,7,1,74,1,83,24,46,125,1,196,15,0,15,211
07/13/2004,GRB,WI,AGL,CE,Towers with Radar,17,44,50,0,111,1,14,22,0,37,18,58,72,0,148,16,0,16,164
07/14/2004,GRB,WI,AGL,CE,Towers with Radar,16,50,56,1,123,0,5,45,4,54,16,55,101,5,177,29,0,29,206
07/15/2004,GRB,WI,AGL,CE,Towers with Radar,17,49,55,1,122,0,15,51,2,68,17,64,106,3,190,341,0,341,531
07/16/2004,GRB,WI,AGL,CE,Towers with Radar,20,48,63,0,131,1,0,61,0,62,21,48,124,0,193,287,0,287,480
07/17/2004,GRB,WI,AGL,CE,Towers with Radar,13,35,40,0,88,3,0,38,0,41,16,35,78,0,129,150,0,150,279
07/18/2004,GRB,WI,AGL,CE,Towers with Radar,13,39,42,0,94,3,7,111,0,121,16,46,153,0,215,102,0,102,317
07/19/2004,GRB,WI,AGL,CE,Towers with Radar,17,48,51,0,116,5,9,46,0,60,22,57,97,0,176,77,0,77,253
07/20/2004,GRB,WI,AGL,CE,Towers with Radar,15,44,47,0,106,4,13,67,0,84,19,57,114,0,190,191,0,191,381
07/21/2004,GRB,WI,AGL,CE,Towers with Radar,17,48,53,0,118,1,0,40,0,41,18,48,93,0,159,191,0,191,350
07/22/2004,GRB,WI,AGL,CE,Towers with Radar,16,58,62,0,136,0,0,83,0,83,16,58,145,0,219,265,0,265,484
07/23/2004,GRB,WI,AGL,CE,Towers with Radar,19,56,60,0,135,0,1,102,0,103,19,57,162,0,238,120,0,120,358
07/24/2004,GRB,WI,AGL,CE,Towers with Radar,13,34,39,0,86,7,0,72,0,79,20,34,111,0,165,117,0,117,282
07/25/2004,GRB,WI,AGL,CE,Towers with Radar,14,42,45,0,101,6,1,89,0,96,20,43,134,0,197,129,0,129,326
07/26/2004,GRB,WI,AGL,CE,Towers with Radar,19,56,61,1,137,0,6,127,2,135,19,62,188,3,272,42,0,42,314
07/27/2004,GRB,WI,AGL,CE,Towers with Radar,19,63,69,1,152,0,0,104,0,104,19,63,173,1,256,223,0,223,479
07/28/2004,GRB,WI,AGL,CE,Towers with Radar,19,68,82,0,169,0,0,107,0,107,19,68,189,0,276,145,0,145,421
07/29/2004,GRB,WI,AGL,CE,Towers with Radar,18,65,98,0,181,0,0,97,0,97,18,65,195,0,278,47,0,47,325
07/30/2004,GRB,WI,AGL,CE,Towers with Radar,18,53,113,0,184,0,0,148,0,148,18,53,261,0,332,16,0,16,348
07/31/2004,GRB,WI,AGL,CE,Towers with Radar,15,41,60,0,116,0,0,106,0,106,15,41,166,0,222,93,0,93,315
08/01/2004,GRB,WI,AGL,CE,Towers with Radar,14,45,60,1,120,0,0,54,6,60,14,45,114,7,180,46,0,46,226
08/02/2004,GRB,WI,AGL,CE,Towers with Radar,16,59,51,0,126,0,0,47,0,47,16,59,98,0,173,70,0,70,243
08/03/2004,GRB,WI,AGL,CE,Towers with Radar,18,65,57,0,140,0,0,75,0,75,18,65,132,0,215,186,0,186,401
08/04/2004,GRB,WI,AGL,CE,Towers with Radar,18,55,44,0,117,2,6,84,0,92,20,61,128,0,209,104,0,104,313
08/05/2004,GRB,WI,AGL,CE,Towers with Radar,18,62,55,0,135,0,0,86,0,86,18,62,141,0,221,174,0,174,395
08/06/2004,GRB,WI,AGL,CE,Towers with Radar,19,57,45,0,121,0,3,91,0,94,19,60,136,0,215,277,0,277,492
08/07/2004,GRB,WI,AGL,CE,Towers with Radar,17,46,41,0,104,0,0,105,0,105,17,46,146,0,209,87,0,87,296
08/08/2004,GRB,WI,AGL,CE,Towers with Radar,14,42,34,0,90,3,10,40,2,55,17,52,74,2,145,22,0,22,167
08/09/2004,GRB,WI,AGL,CE,Towers with Radar,17,55,44,0,116,0,2,4,0,6,17,57,48,0,122,151,0,151,273
08/10/2004,GRB,WI,AGL,CE,Towers with Radar,17,65,54,1,137,0,0,36,0,36,17,65,90,1,173,153,0,153,326
08/11/2004,GRB,WI,AGL,CE,Towers with Radar,16,65,52,1,134,0,2,38,0,40,16,67,90,1,174,88,0,88,262
08/12/2004,GRB,WI,AGL,CE,Towers with Radar,19,64,55,0,138,0,0,71,0,71,19,64,126,0,209,116,0,116,325
08/13/2004,GRB,WI,AGL,CE,Towers with Radar,22,63,53,0,138,2,0,29,0,31,24,63,82,0,169,25,0,25,194
08/14/2004,GRB,WI,AGL,CE,Towers with Radar,11,43,33,0,87,0,5,89,0,94,11,48,122,0,181,102,0,102,283
08/15/2004,GRB,WI,AGL,CE,Towers with Radar,14,46,35,1,96,0,5,69,0,74,14,51,104,1,170,207,0,207,377
08/16/2004,GRB,WI,AGL,CE,Towers with Radar,19,62,48,2,131,1,3,70,4,78,20,65,118,6,209,74,0,74,283
08/17/2004,GRB,WI,AGL,CE,Towers with Radar,19,55,48,2,124,2,0,89,0,91,21,55,137,2,215,150,0,150,365
08/18/2004,GRB,WI,AGL,CE,Towers with Radar,19,65,50,0,134,0,2,37,0,39,19,67,87,0,173,51,0,51,224
08/19/2004,GRB,WI,AGL,CE,Towers with Radar,17,62,47,0,126,0,8,77,0,85,17,70,124,0,211,24,0,24,235
08/20/2004,GRB,WI,AGL,CE,Towers with Radar,19,55,48,2,124,8,0,63,0,71,27,55,111,2,195,144,0,144,339
08/21/2004,GRB,WI,AGL,CE,Towers with Radar,13,38,32,1,84,12,0,112,4,128,25,38,144,5,212,279,0,279,491
08/22/2004,GRB,WI,AGL,CE,Towers with Radar,12,41,31,1,85,8,13,31,1,53,20,54,62,2,138,17,0,17,155
08/23/2004,GRB,WI,AGL,CE,Towers with Radar,16,58,44,0,118,0,5,60,0,65,16,63,104,0,183,174,0,174,357
08/24/2004,GRB,WI,AGL,CE,Towers with Radar,17,56,42,0,115,6,0,10,0,16,23,56,52,0,131,52,0,52,183
08/25/2004,GRB,WI,AGL,CE,Towers with Radar,17,55,42,2,116,3,3,20,0,26,20,58,62,2,142,103,0,103,245
08/26/2004,GRB,WI,AGL,CE,Towers with Radar,21,66,54,0,141,2,0,39,0,41,23,66,93,0,182,155,0,155,337
08/27/2004,GRB,WI,AGL,CE,Towers with Radar,17,61,47,1,126,0,7,61,0,68,17,68,108,1,194,158,0,158,352
08/28/2004,GRB,WI,AGL,CE,Towers with Radar,12,44,38,0,94,0,0,57,0,57,12,44,95,0,151,84,0,84,235
08/29/2004,GRB,WI,AGL,CE,Towers with Radar,15,50,39,0,104,2,3,87,0,92,17,53,126,0,196,114,0,114,310
08/30/2004,GRB,WI,AGL,CE,Towers with Radar,17,55,43,1,116,4,7,70,2,83,21,62,113,3,199,83,0,83,282
08/31/2004,GRB,WI,AGL,CE,Towers with Radar,18,58,45,1,122,0,8,102,0,110,18,66,147,1,232,124,0,124,356
09/01/2004,GRB,WI,AGL,CE,Towers with Radar,15,70,59,0,144,0,0,69,0,69,15,70,128,0,213,102,0,102,315
09/02/2004,GRB,WI,AGL,CE,Towers with Radar,19,69,54,0,142,0,2,59,0,61,19,71,113,0,203,44,0,44,247
09/03/2004,GRB,WI,AGL,CE,Towers with Radar,22,65,61,0,148,0,0,81,0,81,22,65,142,0,229,70,0,70,299
09/04/2004,GRB,WI,AGL,CE,Towers with Radar,17,51,42,0,110,0,0,31,0,31,17,51,73,0,141,38,0,38,179
09/05/2004,GRB,WI,AGL,CE,Towers with Radar,12,39,31,0,82,0,0,21,0,21,12,39,52,0,103,40,0,40,143
09/06/2004,GRB,WI,AGL,CE,Towers with Radar,15,45,35,0,95,1,2,5,0,8,16,47,40,0,103,53,0,53,156
09/07/2004,GRB,WI,AGL,CE,Towers with Radar,17,63,50,0,130,0,5,41,0,46,17,68,91,0,176,22,0,22,198
09/08/2004,GRB,WI,AGL,CE,Towers with Radar,18,58,49,0,125,0,0,103,5,108,18,58,152,5,233,99,0,99,332
09/09/2004,GRB,WI,AGL,CE,Towers with Radar,19,70,61,1,151,0,0,48,0,48,19,70,109,1,199,90,0,90,289
09/10/2004,GRB,WI,AGL,CE,Towers with Radar,19,63,50,0,132,0,2,64,3,69,19,65,114,3,201,120,0,120,321
09/11/2004,GRB,WI,AGL,CE,Towers with Radar,13,37,29,0,79,2,1,75,0,78,15,38,104,0,157,51,0,51,208
09/12/2004,GRB,WI,AGL,CE,Towers with Radar,17,52,39,0,108,5,0,97,2,104,22,52,136,2,212,66,0,66,278
09/13/2004,GRB,WI,AGL,CE,Towers with Radar,19,61,46,0,126,0,9,15,0,24,19,70,61,0,150,42,0,42,192
09/14/2004,GRB,WI,AGL,CE,Towers with Radar,21,62,51,0,134,1,0,35,0,36,22,62,86,0,170,50,0,50,220
09/15/2004,GRB,WI,AGL,CE,Towers with Radar,17,56,42,0,115,1,10,13,0,24,18,66,55,0,139,28,0,28,167
09/16/2004,GRB,WI,AGL,CE,Towers with Radar,19,62,47,0,128,0,3,104,0,107,19,65,151,0,235,208,0,208,443
09/17/2004,GRB,WI,AGL,CE,Towers with Radar,19,63,48,0,130,1,6,79,0,86,20,69,127,0,216,72,0,72,288
09/18/2004,GRB,WI,AGL,CE,Towers with Radar,16,44,40,0,100,1,0,123,0,124,17,44,163,0,224,110,0,110,334
09/19/2004,GRB,WI,AGL,CE,Towers with Radar,18,63,48,0,129,0,8,186,0,194,18,71,234,0,323,54,0,54,377
09/20/2004,GRB,WI,AGL,CE,Towers with Radar,14,46,35,1,96,7,11,48,1,67,21,57,83,2,163,34,0,34,197
09/21/2004,GRB,WI,AGL,CE,Towers with Radar,18,67,51,1,137,0,1,49,0,50,18,68,100,1,187,68,0,68,255
09/22/2004,GRB,WI,AGL,CE,Towers with Radar,17,64,49,0,130,0,0,87,0,87,17,64,136,0,217,141,0,141,358
09/23/2004,GRB,WI,AGL,CE,Towers with Radar,17,67,53,0,137,0,0,36,0,36,17,67,89,0,173,22,0,22,195
09/24/2004,GRB,WI,AGL,CE,Towers with Radar,20,48,50,0,118,10,0,61,0,71,30,48,111,0,189,89,0,89,278
09/25/2004,GRB,WI,AGL,CE,Towers with Radar,13,39,33,0,85,7,0,97,0,104,20,39,130,0,189,174,0,174,363
09/26/2004,GRB,WI,AGL,CE,Towers with Radar,13,44,34,0,91,5,3,89,0,97,18,47,123,0,188,57,0,57,245
09/27/2004,GRB,WI,AGL,CE,Towers with Radar,16,53,41,1,111,4,5,33,6,48,20,58,74,7,159,65,0,65,224
09/28/2004,GRB,WI,AGL,CE,Towers with Radar,15,66,51,1,133,0,3,65,0,68,15,69,116,1,201,43,0,43,244
09/29/2004,GRB,WI,AGL,CE,Towers with Radar,19,63,49,0,131,0,7,91,0,98,19,70,140,0,229,225,0,225,454
09/30/2004,GRB,WI,AGL,CE,Towers with Radar,20,58,51,1,130,1,0,61,1,63,21,58,112,2,193,93,0,93,286
10/01/2004,GRB,WI,AGL,CE,Combined TRACON& Tower with Radar,17,61,36,0,114,0,0,0,0,0,17,61,36,0,114,50,0,50,164
10/02/2004,GRB,WI,AGL,CE,Combined TRACON& Tower with Radar,15,52,25,0,92,0,0,0,0,0,15,52,25,0,92,155,0,155,247
10/03/2004,GRB,WI,AGL,CE,Combined TRACON& Tower with Radar,21,64,123,1,209,0,0,70,0,70,21,64,193,1,279,20,0,20,299
10/04/2004,GRB,WI,AGL,CE,Combined TRACON& Tower with Radar,0,0,0,0,0,0,0,0,0,0,0,0,0,0,0,48,0,48,48
10/05/2004,GRB,WI,AGL,CE,Combined TRACON& Tower with Radar,16,69,44,0,129,0,0,0,0,0,16,69,44,0,129,159,0,159,288
10/06/2004,GRB,WI,AGL,CE,Combined TRACON& Tower with Radar,26,68,39,0,133,0,0,59,0,59,26,68,98,0,192,46,0,46,238
10/07/2004,GRB,WI,AGL,CE,Combined TRACON& Tower with Radar,21,64,57,0,142,0,0,0,0,0,21,64,57,0,142,146,0,146,288
10/08/2004,GRB,WI,AGL,CE,Combined TRACON& Tower with Radar,17,70,50,0,137,0,0,0,0,0,17,70,50,0,137,69,0,69,206
10/09/2004,GRB,WI,AGL,CE,Combined TRACON& Tower with Radar,23,39,22,0,84,0,0,80,0,80,23,39,102,0,164,78,0,78,242
10/10/2004,GRB,WI,AGL,CE,Combined TRACON& Tower with Radar,14,58,28,0,100,0,0,75,0,75,14,58,103,0,175,123,0,123,298
10/11/2004,GRB,WI,AGL,CE,Combined TRACON& Tower with Radar,18,67,138,0,223,0,0,75,0,75,18,67,213,0,298,134,0,134,432
10/12/2004,GRB,WI,AGL,CE,Combined TRACON& Tower with Radar,22,65,81,0,168,0,0,38,0,38,22,65,119,0,206,92,0,92,298
10/13/2004,GRB,WI,AGL,CE,Combined TRACON& Tower with Radar,16,71,56,0,143,0,0,0,0,0,16,71,56,0,143,140,0,140,283
10/14/2004,GRB,WI,AGL,CE,Combined TRACON& Tower with Radar,18,60,49,0,127,0,0,0,0,0,18,60,49,0,127,55,0,55,182
10/15/2004,GRB,WI,AGL,CE,Combined TRACON& Tower with Radar,18,64,35,0,117,0,0,0,0,0,18,64,35,0,117,44,0,44,161
10/16/2004,GRB,WI,AGL,CE,Combined TRACON& Tower with Radar,17,42,32,0,91,0,0,13,0,13,17,42,45,0,104,52,0,52,156
10/17/2004,GRB,WI,AGL,CE,Combined TRACON& Tower with Radar,16,54,29,0,99,0,0,0,0,0,16,54,29,0,99,105,0,105,204
10/18/2004,GRB,WI,AGL,CE,Combined TRACON& Tower with Radar,18,62,43,0,123,0,0,39,0,39,18,62,82,0,162,61,0,61,223
10/19/2004,GRB,WI,AGL,CE,Combined TRACON& Tower with Radar,18,70,37,0,125,0,0,0,0,0,18,70,37,0,125,109,0,109,234
10/20/2004,GRB,WI,AGL,CE,Combined TRACON& Tower with Radar,31,58,69,2,160,0,0,57,0,57,31,58,126,2,217,204,0,204,421
10/21/2004,GRB,WI,AGL,CE,Combined TRACON& Tower with Radar,21,67,67,3,158,0,0,0,0,0,21,67,67,3,158,31,0,31,189
10/22/2004,GRB,WI,AGL,CE,Combined TRACON& Tower with Radar,21,75,77,3,176,0,0,0,0,0,21,75,77,3,176,123,0,123,299
10/23/2004,GRB,WI,AGL,CE,Combined TRACON& Tower with Radar,12,58,39,0,109,0,0,0,0,0,12,58,39,0,109,12,0,12,121
10/24/2004,GRB,WI,AGL,CE,Combined TRACON& Tower with Radar,21,63,139,3,226,0,0,0,0,0,21,63,139,3,226,70,0,70,296
10/25/2004,GRB,WI,AGL,CE,Combined TRACON& Tower with Radar,37,57,51,1,146,0,0,0,0,0,37,57,51,1,146,116,0,116,262
10/26/2004,GRB,WI,AGL,CE,Combined TRACON& Tower with Radar,20,64,52,0,136,0,0,0,0,0,20,64,52,0,136,80,0,80,216
10/27/2004,GRB,WI,AGL,CE,Combined TRACON& Tower with Radar,15,62,66,3,146,0,0,0,0,0,15,62,66,3,146,44,0,44,190
10/28/2004,GRB,WI,AGL,CE,Combined TRACON& Tower with Radar,25,64,42,0,131,0,0,3,0,3,25,64,45,0,134,4,0,4,138
10/29/2004,GRB,WI,AGL,CE,Combined TRACON& Tower with Radar,25,75,35,3,138,0,0,0,0,0,25,75,35,3,138,8,0,8,146
10/30/2004,GRB,WI,AGL,CE,Combined TRACON& Tower with Radar,23,41,15,6,85,0,0,0,0,0,23,41,15,6,85,78,0,78,163
10/31/2004,GRB,WI,AGL,CE,Combined TRACON& Tower with Radar,0,0,0,0,0,0,0,0,0,0,0,0,0,0,0,1600,0,1600,1600
11/01/2004,GRB,WI,AGL,CE,Combined TRACON& Tower with Radar,22,56,48,0,126,0,0,0,0,0,22,56,48,0,126,41,0,41,167
11/02/2004,GRB,WI,AGL,CE,Combined TRACON& Tower with Radar,19,65,58,0,142,0,0,16,0,16,19,65,74,0,158,340,0,340,498
11/03/2004,GRB,WI,AGL,CE,Combined TRACON& Tower with Radar,18,71,46,8,143,0,0,57,0,57,18,71,103,8,200,122,0,122,322
11/04/2004,GRB,WI,AGL,CE,Combined TRACON& Tower with Radar,18,70,59,0,147,0,0,0,0,0,18,70,59,0,147,6,0,6,153
11/05/2004,GRB,WI,AGL,CE,Combined TRACON& Tower with Radar,29,55,68,0,152,0,0,51,0,51,29,55,119,0,203,132,0,132,335
11/06/2004,GRB,WI,AGL,CE,Combined TRACON& Tower with Radar,19,38,28,0,85,0,0,0,0,0,19,38,28,0,85,319,0,319,404
11/07/2004,GRB,WI,AGL,CE,Combined TRACON& Tower with Radar,20,43,18,1,82,0,0,0,0,0,20,43,18,1,82,93,0,93,175
11/08/2004,GRB,WI,AGL,CE,Combined TRACON& Tower with Radar,20,59,27,0,106,0,0,28,0,28,20,59,55,0,134,46,0,46,180
11/09/2004,GRB,WI,AGL,CE,Combined TRACON& Tower with Radar,20,63,55,0,138,0,0,0,0,0,20,63,55,0,138,48,0,48,186
11/10/2004,GRB,WI,AGL,CE,Combined TRACON& Tower with Radar,21,78,31,0,130,0,0,14,0,14,21,78,45,0,144,86,0,86,230
11/11/2004,GRB,WI,AGL,CE,Combined TRACON& Tower with Radar,0,0,0,0,0,0,0,0,0,0,0,0,0,0,0,360,0,360,360
11/12/2004,GRB,WI,AGL,CE,Combined TRACON& Tower with Radar,0,0,0,0,0,0,0,0,0,0,0,0,0,0,0,98,0,98,98
11/13/2004,GRB,WI,AGL,CE,Combined TRACON& Tower with Radar,20,44,29,3,96,0,0,0,0,0,20,44,29,3,96,129,0,129,225
11/14/2004,GRB,WI,AGL,CE,Combined TRACON& Tower with Radar,22,65,175,0,262,0,0,0,0,0,22,65,175,0,262,135,0,135,397
11/15/2004,GRB,WI,AGL,CE,Combined TRACON& Tower with Radar,21,71,43,4,139,0,0,42,0,42,21,71,85,4,181,115,0,115,296
11/16/2004,GRB,WI,AGL,CE,Combined TRACON& Tower with Radar,19,67,52,0,138,0,0,0,0,0,19,67,52,0,138,2,0,2,140
11/17/2004,GRB,WI,AGL,CE,Combined TRACON& Tower with Radar,19,60,45,2,126,0,0,19,0,19,19,60,64,2,145,45,0,45,190
11/18/2004,GRB,WI,AGL,CE,Combined TRACON& Tower with Radar,21,63,57,0,141,0,0,55,0,55,21,63,112,0,196,96,0,96,292
11/19/2004,GRB,WI,AGL,CE,Combined TRACON& Tower with Radar,24,67,34,0,125,0,0,0,0,0,24,67,34,0,125,68,0,68,193
11/20/2004,GRB,WI,AGL,CE,Combined TRACON& Tower with Radar,18,41,24,0,83,0,0,0,0,0,18,41,24,0,83,3,0,3,86
11/21/2004,GRB,WI,AGL,CE,Combined TRACON& Tower with Radar,23,38,21,0,82,0,0,0,0,0,23,38,21,0,82,109,0,109,191
11/22/2004,GRB,WI,AGL,CE,Combined TRACON& Tower with Radar,22,59,42,0,123,0,0,0,0,0,22,59,42,0,123,141,0,141,264
11/23/2004,GRB,WI,AGL,CE,Combined TRACON& Tower with Radar,0,0,0,0,0,0,0,0,0,0,0,0,0,0,0,81,0,81,81
11/24/2004,GRB,WI,AGL,CE,Combined TRACON& Tower with Radar,21,53,32,0,106,0,0,45,0,45,21,53,77,0,151,28,0,28,179
11/25/2004,GRB,WI,AGL,CE,Combined TRACON& Tower with Radar,13,38,10,0,61,0,0,0,0,0,13,38,10,0,61,24,0,24,85
11/26/2004,GRB,WI,AGL,CE,Combined TRACON& Tower with Radar,24,41,26,0,91,0,0,0,0,0,24,41,26,0,91,78,0,78,169
11/27/2004,GRB,WI,AGL,CE,Combined TRACON& Tower with Radar,17,42,9,0,68,0,0,0,0,0,17,42,9,0,68,9,0,9,77
11/28/2004,GRB,WI,AGL,CE,Combined TRACON& Tower with Radar,21,50,33,0,104,0,0,41,0,41,21,50,74,0,145,68,0,68,213
11/29/2004,GRB,WI,AGL,CE,Combined TRACON& Tower with Radar,20,80,128,0,228,0,0,0,0,0,20,80,128,0,228,69,0,69,297
11/30/2004,GRB,WI,AGL,CE,Combined TRACON& Tower with Radar,20,61,61,2,144,0,0,36,0,36,20,61,97,2,180,130,0,130,310
12/01/2004,GRB,WI,AGL,CE,Combined TRACON& Tower with Radar,23,60,51,0,134,0,0,0,0,0,23,60,51,0,134,165,0,165,299
12/02/2004,GRB,WI,AGL,CE,Combined TRACON& Tower with Radar,21,60,40,0,121,0,0,0,0,0,21,60,40,0,121,75,0,75,196
12/03/2004,GRB,WI,AGL,CE,Combined TRACON& Tower with Radar,21,66,22,3,112,0,0,0,0,0,21,66,22,3,112,128,0,128,240
12/04/2004,GRB,WI,AGL,CE,Combined TRACON& Tower with Radar,14,45,30,1,90,0,0,0,0,0,14,45,30,1,90,34,0,34,124
12/05/2004,GRB,WI,AGL,CE,Combined TRACON& Tower with Radar,16,45,32,4,97,0,0,0,0,0,16,45,32,4,97,129,0,129,226
12/06/2004,GRB,WI,AGL,CE,Combined TRACON& Tower with Radar,30,52,39,0,121,0,0,0,0,0,30,52,39,0,121,0,0,0,121
12/07/2004,GRB,WI,AGL,CE,Combined TRACON& Tower with Radar,21,59,36,0,116,0,0,0,0,0,21,59,36,0,116,0,0,0,116
12/08/2004,GRB,WI,AGL,CE,Combined TRACON& Tower with Radar,20,62,59,0,141,0,0,6,0,6,20,62,65,0,147,22,0,22,169
12/09/2004,GRB,WI,AGL,CE,Combined TRACON& Tower with Radar,19,67,52,0,138,0,0,7,0,7,19,67,59,0,145,17,0,17,162
12/10/2004,GRB,WI,AGL,CE,Combined TRACON& Tower with Radar,20,62,50,0,132,0,0,2,0,2,20,62,52,0,134,25,0,25,159
12/11/2004,GRB,WI,AGL,CE,Combined TRACON& Tower with Radar,0,0,0,0,0,0,0,0,0,0,0,0,0,0,0,109,0,109,109
12/12/2004,GRB,WI,AGL,CE,Combined TRACON& Tower with Radar,21,45,70,0,136,0,0,0,0,0,21,45,70,0,136,6,0,6,142
12/13/2004,GRB,WI,AGL,CE,Combined TRACON& Tower with Radar,19,59,43,0,121,0,0,0,0,0,19,59,43,0,121,0,0,0,121
12/14/2004,GRB,WI,AGL,CE,Combined TRACON& Tower with Radar,18,67,62,0,147,0,0,0,0,0,18,67,62,0,147,201,0,201,348
12/15/2004,GRB,WI,AGL,CE,Combined TRACON& Tower with Radar,20,61,60,0,141,0,0,33,0,33,20,61,93,0,174,46,0,46,220
12/16/2004,GRB,WI,AGL,CE,Combined TRACON& Tower with Radar,19,73,50,0,142,0,0,0,0,0,19,73,50,0,142,79,0,79,221
12/17/2004,GRB,WI,AGL,CE,Combined TRACON& Tower with Radar,19,63,55,0,137,0,0,0,0,0,19,63,55,0,137,110,0,110,247
12/18/2004,GRB,WI,AGL,CE,Combined TRACON& Tower with Radar,17,50,25,0,92,0,0,0,0,0,17,50,25,0,92,50,0,50,142
12/19/2004,GRB,WI,AGL,CE,Combined TRACON& Tower with Radar,0,0,0,0,0,0,0,0,0,0,0,0,0,0,0,45,0,45,45
12/20/2004,GRB,WI,AGL,CE,Combined TRACON& Tower with Radar,15,54,20,0,89,0,0,0,0,0,15,54,20,0,89,0,0,0,89
12/21/2004,GRB,WI,AGL,CE,Combined TRACON& Tower with Radar,18,62,43,1,124,0,0,0,0,0,18,62,43,1,124,0,0,0,124
12/22/2004,GRB,WI,AGL,CE,Combined TRACON& Tower with Radar,18,52,54,2,126,0,0,0,0,0,18,52,54,2,126,63,0,63,189
12/23/2004,GRB,WI,AGL,CE,Combined TRACON& Tower with Radar,19,56,28,0,103,0,0,0,0,0,19,56,28,0,103,93,0,93,196
12/24/2004,GRB,WI,AGL,CE,Combined TRACON& Tower with Radar,20,49,7,0,76,0,0,0,0,0,20,49,7,0,76,4,0,4,80
12/25/2004,GRB,WI,AGL,CE,Combined TRACON& Tower with Radar,15,29,3,0,47,0,0,0,0,0,15,29,3,0,47,0,0,0,47
12/26/2004,GRB,WI,AGL,CE,Combined TRACON& Tower with Radar,18,38,8,0,64,0,0,0,0,0,18,38,8,0,64,38,0,38,102
12/27/2004,GRB,WI,AGL,CE,Combined TRACON& Tower with Radar,16,58,20,0,94,0,0,12,0,12,16,58,32,0,106,12,0,12,118
12/28/2004,GRB,WI,AGL,CE,Combined TRACON& Tower with Radar,21,61,29,0,111,0,0,36,0,36,21,61,65,0,147,106,0,106,253
12/29/2004,GRB,WI,AGL,CE,Combined TRACON& Tower with Radar,17,60,39,0,116,0,0,0,0,0,17,60,39,0,116,46,0,46,162
12/30/2004,GRB,WI,AGL,CE,Combined TRACON& Tower with Radar,20,52,27,0,99,0,0,0,0,0,20,52,27,0,99,0,0,0,99
12/31/2004,GRB,WI,AGL,CE,Combined TRACON& Tower with Radar,23,45,22,0,90,0,0,0,0,0,23,45,22,0,90,0,0,0,90
01/01/2005,GRB,WI,AGL,CE,Combined TRACON& Tower with Radar,0,0,0,0,0,0,0,0,0,0,0,0,0,0,0,38,0,38,38
01/02/2005,GRB,WI,AGL,CE,Combined TRACON& Tower with Radar,19,41,16,0,76,0,0,0,0,0,19,41,16,0,76,59,0,59,135
01/03/2005,GRB,WI,AGL,CE,Combined TRACON& Tower with Radar,22,60,27,0,109,0,0,37,0,37,22,60,64,0,146,82,0,82,228
01/04/2005,GRB,WI,AGL,CE,Combined TRACON& Tower with Radar,23,60,45,0,128,0,0,0,0,0,23,60,45,0,128,41,0,41,169
01/05/2005,GRB,WI,AGL,CE,Combined TRACON& Tower with Radar,21,45,33,0,99,0,0,0,0,0,21,45,33,0,99,64,0,64,163
01/06/2005,GRB,WI,AGL,CE,Combined TRACON& Tower with Radar,23,50,34,1,108,0,0,0,0,0,23,50,34,1,108,0,0,0,108
01/07/2005,GRB,WI,AGL,CE,Combined TRACON& Tower with Radar,26,63,46,6,141,0,0,0,0,0,26,63,46,6,141,90,0,90,231
01/08/2005,GRB,WI,AGL,CE,Combined TRACON& Tower with Radar,17,45,27,0,89,0,0,0,0,0,17,45,27,0,89,142,0,142,231
01/09/2005,GRB,WI,AGL,CE,Combined TRACON& Tower with Radar,20,53,125,6,204,0,0,0,0,0,20,53,125,6,204,6,0,6,210
01/10/2005,GRB,WI,AGL,CE,Combined TRACON& Tower with Radar,26,47,51,0,124,0,0,0,0,0,26,47,51,0,124,104,0,104,228
01/11/2005,GRB,WI,AGL,CE,Combined TRACON& Tower with Radar,22,65,34,0,121,0,0,0,0,0,22,65,34,0,121,84,0,84,205
01/12/2005,GRB,WI,AGL,CE,Combined TRACON& Tower with Radar,30,46,22,0,98,0,0,0,0,0,30,46,22,0,98,0,0,0,98
01/13/2005,GRB,WI,AGL,CE,Combined TRACON& Tower with Radar,21,58,43,0,122,0,0,0,0,0,21,58,43,0,122,26,0,26,148
01/14/2005,GRB,WI,AGL,CE,Combined TRACON& Tower with Radar,22,53,35,0,110,0,0,0,0,0,22,53,35,0,110,32,0,32,142
01/15/2005,GRB,WI,AGL,CE,Combined TRACON& Tower with Radar,19,46,14,2,81,0,0,41,0,41,19,46,55,2,122,132,0,132,254
01/16/2005,GRB,WI,AGL,CE,Combined TRACON& Tower with Radar,20,43,13,0,76,0,0,20,0,20,20,43,33,0,96,46,0,46,142
01/17/2005,GRB,WI,AGL,CE,Combined TRACON& Tower with Radar,0,0,0,0,0,0,0,0,0,0,0,0,0,0,0,1,0,1,1
01/18/2005,GRB,WI,AGL,CE,Combined TRACON& Tower with Radar,26,56,37,2,121,0,0,0,0,0,26,56,37,2,121,48,0,48,169
01/19/2005,GRB,WI,AGL,CE,Combined TRACON& Tower with Radar,20,61,32,0,113,0,0,0,0,0,20,61,32,0,113,174,0,174,287
01/20/2005,GRB,WI,AGL,CE,Combined TRACON& Tower with Radar,20,57,29,0,106,0,0,0,0,0,20,57,29,0,106,0,0,0,106
01/21/2005,GRB,WI,AGL,CE,Combined TRACON& Tower with Radar,21,47,36,0,104,0,0,0,0,0,21,47,36,0,104,12,0,12,116
01/22/2005,GRB,WI,AGL,CE,Combined TRACON& Tower with Radar,11,23,10,0,44,0,0,0,0,0,11,23,10,0,44,0,0,0,44
01/23/2005,GRB,WI,AGL,CE,Combined TRACON& Tower with Radar,16,46,28,0,90,0,0,0,0,0,16,46,28,0,90,29,0,29,119
01/24/2005,GRB,WI,AGL,CE,Combined TRACON& Tower with Radar,21,54,31,0,106,0,0,0,0,0,21,54,31,0,106,65,0,65,171
01/25/2005,GRB,WI,AGL,CE,Combined TRACON& Tower with Radar,24,63,51,0,138,0,0,0,0,0,24,63,51,0,138,56,0,56,194
01/26/2005,GRB,WI,AGL,CE,Combined TRACON& Tower with Radar,27,59,48,4,138,0,0,0,0,0,27,59,48,4,138,36,0,36,174
01/27/2005,GRB,WI,AGL,CE,Combined TRACON& Tower with Radar,23,64,47,0,134,0,0,48,0,48,23,64,95,0,182,37,0,37,219
01/28/2005,GRB,WI,AGL,CE,Combined TRACON& Tower with Radar,23,52,41,0,116,0,0,0,0,0,23,52,41,0,116,68,0,68,184
01/29/2005,GRB,WI,AGL,CE,Combined TRACON& Tower with Radar,22,38,20,2,82,0,0,62,0,62,22,38,82,2,144,170,0,170,314
01/30/2005,GRB,WI,AGL,CE,Combined TRACON& Tower with Radar,18,39,25,0,82,0,0,0,0,0,18,39,25,0,82,29,0,29,111
01/31/2005,GRB,WI,AGL,CE,Combined TRACON& Tower with Radar,23,61,23,0,107,0,0,0,0,0,23,61,23,0,107,66,0,66,173
02/01/2005,GRB,WI,AGL,CE,Combined TRACON& Tower with Radar,22,59,46,0,127,0,0,0,0,0,22,59,46,0,127,5,0,5,132
02/02/2005,GRB,WI,AGL,CE,Combined TRACON& Tower with Radar,22,66,71,0,159,0,0,19,0,19,22,66,90,0,178,99,0,99,277
02/03/2005,GRB,WI,AGL,CE,Combined TRACON& Tower with Radar,22,63,63,0,148,0,0,73,0,73,22,63,136,0,221,210,0,210,431
02/04/2005,GRB,WI,AGL,CE,Combined TRACON& Tower with Radar,22,59,50,2,133,0,0,0,0,0,22,59,50,2,133,233,0,233,366
02/05/2005,GRB,WI,AGL,CE,Combined TRACON& Tower with Radar,16,35,48,0,99,0,0,0,0,0,16,35,48,0,99,171,0,171,270
02/06/2005,GRB,WI,AGL,CE,Combined TRACON& Tower with Radar,20,40,21,2,83,0,0,20,0,20,20,40,41,2,103,14,0,14,117
02/07/2005,GRB,WI,AGL,CE,Combined TRACON& Tower with Radar,23,60,17,0,100,0,0,0,0,0,23,60,17,0,100,0,0,0,100
02/08/2005,GRB,WI,AGL,CE,Combined TRACON& Tower with Radar,23,62,30,0,115,0,0,0,0,0,23,62,30,0,115,46,0,46,161
02/09/2005,GRB,WI,AGL,CE,Combined TRACON& Tower with Radar,22,60,60,0,142,0,0,0,0,0,22,60,60,0,142,12,0,12,154
02/10/2005,GRB,WI,AGL,CE,Combined TRACON& Tower with Radar,23,56,40,0,119,0,0,0,0,0,23,56,40,0,119,58,0,58,177
02/11/2005,GRB,WI,AGL,CE,Combined TRACON& Tower with Radar,23,58,44,0,125,0,0,51,0,51,23,58,95,0,176,125,0,125,301
02/12/2005,GRB,WI,AGL,CE,Combined TRACON& Tower with Radar,16,42,38,0,96,0,0,91,0,91,16,42,129,0,187,120,0,120,307
02/13/2005,GRB,WI,AGL,CE,Combined TRACON& Tower with Radar,18,40,9,0,67,0,0,0,0,0,18,40,9,0,67,33,0,33,100
02/14/2005,GRB,WI,AGL,CE,Combined TRACON& Tower with Radar,23,58,30,0,111,0,0,0,0,0,23,58,30,0,111,7,0,7,118
02/15/2005,GRB,WI,AGL,CE,Combined TRACON& Tower with Radar,22,63,36,0,121,0,0,25,0,25,22,63,61,0,146,46,0,46,192
02/16/2005,GRB,WI,AGL,CE,Combined TRACON& Tower with Radar,21,64,36,0,121,0,0,0,0,0,21,64,36,0,121,106,0,106,227
02/17/2005,GRB,WI,AGL,CE,Combined TRACON& Tower with Radar,23,67,38,1,129,0,0,0,0,0,23,67,38,1,129,91,0,91,220
02/18/2005,GRB,WI,AGL,CE,Combined TRACON& Tower with Radar,19,67,51,0,137,0,0,0,0,0,19,67,51,0,137,19,0,19,156
02/19/2005,GRB,WI,AGL,CE,Combined TRACON& Tower with Radar,17,44,29,0,90,0,0,0,0,0,17,44,29,0,90,352,0,352,442
02/20/2005,GRB,WI,AGL,CE,Combined TRACON& Tower with Radar,14,35,4,0,53,0,0,0,0,0,14,35,4,0,53,0,0,0,53
02/21/2005,GRB,WI,AGL,CE,Combined TRACON& Tower with Radar,18,62,39,0,119,0,0,0,0,0,18,62,39,0,119,1,0,1,120
02/22/2005,GRB,WI,AGL,CE,Combined TRACON& Tower with Radar,22,64,58,0,144,0,0,0,0,0,22,64,58,0,144,79,0,79,223
02/23/2005,GRB,WI,AGL,CE,Combined TRACON& Tower with Radar,0,0,0,0,0,0,0,0,0,0,0,0,0,0,0,40,0,40,40
02/24/2005,GRB,WI,AGL,CE,Combined TRACON& Tower with Radar,29,51,40,0,120,0,0,0,0,0,29,51,40,0,120,11,0,11,131
02/25/2005,GRB,WI,AGL,CE,Combined TRACON& Tower with Radar,20,65,30,0,115,0,0,0,0,0,20,65,30,0,115,66,0,66,181
02/26/2005,GRB,WI,AGL,CE,Combined TRACON& Tower with Radar,21,39,35,0,95,0,0,0,0,0,21,39,35,0,95,65,0,65,160
02/27/2005,GRB,WI,AGL,CE,Combined TRACON& Tower with Radar,18,53,24,0,95,0,0,4,0,4,18,53,28,0,99,0,0,0,99
02/28/2005,GRB,WI,AGL,CE,Combined TRACON& Tower with Radar,21,61,42,0,124,0,0,0,0,0,21,61,42,0,124,0,0,0,124
03/01/2005,GRB,WI,AGL,CE,Combined TRACON& Tower with Radar,19,64,32,0,115,0,0,0,0,0,19,64,32,0,115,5,0,5,120
03/02/2005,GRB,WI,AGL,CE,Combined TRACON& Tower with Radar,22,56,56,0,134,0,0,0,0,0,22,56,56,0,134,32,0,32,166
03/03/2005,GRB,WI,AGL,CE,Combined TRACON& Tower with Radar,22,60,45,0,127,0,0,0,0,0,22,60,45,0,127,40,0,40,167
03/04/2005,GRB,WI,AGL,CE,Combined TRACON& Tower with Radar,20,62,26,2,110,0,0,0,0,0,20,62,26,2,110,36,0,36,146
03/05/2005,GRB,WI,AGL,CE,Combined TRACON& Tower with Radar,18,51,7,0,76,0,0,61,0,61,18,51,68,0,137,90,0,90,227
03/06/2005,GRB,WI,AGL,CE,Combined TRACON& Tower with Radar,21,44,29,2,96,0,0,48,0,48,21,44,77,2,144,38,0,38,182
03/07/2005,GRB,WI,AGL,CE,Combined TRACON& Tower with Radar,20,57,31,0,108,0,0,0,0,0,20,57,31,0,108,26,0,26,134
03/08/2005,GRB,WI,AGL,CE,Combined TRACON& Tower with Radar,20,59,33,0,112,0,0,42,0,42,20,59,75,0,154,34,0,34,188
03/09/2005,GRB,WI,AGL,CE,Combined TRACON& Tower with Radar,21,61,39,0,121,0,0,0,0,0,21,61,39,0,121,82,0,82,203
03/10/2005,GRB,WI,AGL,CE,Combined TRACON& Tower with Radar,22,63,30,0,115,0,0,0,0,0,22,63,30,0,115,0,0,0,115
03/11/2005,GRB,WI,AGL,CE,Combined TRACON& Tower with Radar,24,64,24,0,112,0,0,26,0,26,24,64,50,0,138,65,0,65,203
03/12/2005,GRB,WI,AGL,CE,Combined TRACON& Tower with Radar,18,49,17,0,84,0,0,0,0,0,18,49,17,0,84,43,0,43,127
03/13/2005,GRB,WI,AGL,CE,Combined TRACON& Tower with Radar,16,50,18,0,84,0,0,0,0,0,16,50,18,0,84,151,0,151,235
03/14/2005,GRB,WI,AGL,CE,Combined TRACON& Tower with Radar,23,56,36,0,115,0,0,0,0,0,23,56,36,0,115,45,0,45,160
03/15/2005,GRB,WI,AGL,CE,Combined TRACON& Tower with Radar,20,65,47,0,132,0,0,36,0,36,20,65,83,0,168,55,0,55,223
03/16/2005,GRB,WI,AGL,CE,Combined TRACON& Tower with Radar,25,56,34,0,115,0,0,0,0,0,25,56,34,0,115,4,0,4,119
03/17/2005,GRB,WI,AGL,CE,Combined TRACON& Tower with Radar,30,61,47,4,142,0,0,0,0,0,30,61,47,4,142,161,0,161,303
03/18/2005,GRB,WI,AGL,CE,Combined TRACON& Tower with Radar,17,56,21,0,94,0,0,0,0,0,17,56,21,0,94,6,0,6,100
03/19/2005,GRB,WI,AGL,CE,Combined TRACON& Tower with Radar,19,42,7,0,68,0,0,0,0,0,19,42,7,0,68,0,0,0,68
03/20/2005,GRB,WI,AGL,CE,Combined TRACON& Tower with Radar,0,0,0,0,0,0,0,0,0,0,0,0,0,0,0,35,0,35,35
03/21/2005,GRB,WI,AGL,CE,Combined TRACON& Tower with Radar,20,59,43,0,122,0,0,0,0,0,20,59,43,0,122,111,0,111,233
03/22/2005,GRB,WI,AGL,CE,Combined TRACON& Tower with Radar,23,59,48,3,133,0,0,0,0,0,23,59,48,3,133,43,0,43,176
03/23/2005,GRB,WI,AGL,CE,Combined TRACON& Tower with Radar,27,62,56,0,145,0,0,57,0,57,27,62,113,0,202,50,0,50,252
03/24/2005,GRB,WI,AGL,CE,Combined TRACON& Tower with Radar,21,61,51,0,133,0,0,0,0,0,21,61,51,0,133,82,0,82,215
03/25/2005,GRB,WI,AGL,CE,Combined TRACON& Tower with Radar,19,60,49,2,130,0,0,0,0,0,19,60,49,2,130,91,0,91,221
03/26/2005,GRB,WI,AGL,CE,Combined TRACON& Tower with Radar,28,35,32,0,95,0,0,0,0,0,28,35,32,0,95,168,0,168,263
03/27/2005,GRB,WI,AGL,CE,Combined TRACON& Tower with Radar,18,39,9,0,66,0,0,0,0,0,18,39,9,0,66,24,0,24,90
03/28/2005,GRB,WI,AGL,CE,Combined TRACON& Tower with Radar,33,39,51,0,123,0,0,0,0,0,33,39,51,0,123,134,0,134,257
03/29/2005,GRB,WI,AGL,CE,Combined TRACON& Tower with Radar,18,63,52,0,133,0,0,47,0,47,18,63,99,0,180,55,0,55,235
03/30/2005,GRB,WI,AGL,CE,Combined TRACON& Tower with Radar,22,52,30,0,104,0,0,0,0,0,22,52,30,0,104,55,0,55,159
03/31/2005,GRB,WI,AGL,CE,Combined TRACON& Tower with Radar,0,0,0,0,0,0,0,0,0,0,0,0,0,0,0,0,0,0,0
04/01/2005,GRB,WI,AGL,CE,Combined TRACON& Tower with Radar,22,61,34,0,117,0,0,41,0,41,22,61,75,0,158,66,0,66,224
04/02/2005,GRB,WI,AGL,CE,Combined TRACON& Tower with Radar,38,26,52,0,116,0,0,0,0,0,38,26,52,0,116,161,0,161,277
04/03/2005,GRB,WI,AGL,CE,Combined TRACON& Tower with Radar,30,44,37,0,111,0,0,0,0,0,30,44,37,0,111,165,0,165,276
04/04/2005,GRB,WI,AGL,CE,Combined TRACON& Tower with Radar,26,54,31,0,111,0,0,0,0,0,26,54,31,0,111,104,0,104,215
04/05/2005,GRB,WI,AGL,CE,Combined TRACON& Tower with Radar,21,67,54,0,142,0,0,44,0,44,21,67,98,0,186,27,0,27,213
04/06/2005,GRB,WI,AGL,CE,Combined TRACON& Tower with Radar,23,64,35,0,122,0,0,0,0,0,23,64,35,0,122,8,0,8,130
04/07/2005,GRB,WI,AGL,CE,Combined TRACON& Tower with Radar,24,59,58,0,141,0,0,0,0,0,24,59,58,0,141,122,0,122,263
04/08/2005,GRB,WI,AGL,CE,Combined TRACON& Tower with Radar,0,0,0,0,0,0,0,0,0,0,0,0,0,0,0,19,0,19,19
04/09/2005,GRB,WI,AGL,CE,Combined TRACON& Tower with Radar,17,41,36,1,95,0,0,0,0,0,17,41,36,1,95,182,0,182,277
04/10/2005,GRB,WI,AGL,CE,Combined TRACON& Tower with Radar,22,38,17,2,79,0,0,0,0,0,22,38,17,2,79,134,0,134,213
04/11/2005,GRB,WI,AGL,CE,Combined TRACON& Tower with Radar,20,62,28,0,110,0,0,0,0,0,20,62,28,0,110,26,0,26,136
04/12/2005,GRB,WI,AGL,CE,Combined TRACON& Tower with Radar,22,65,55,1,143,0,0,0,0,0,22,65,55,1,143,96,0,96,239
04/13/2005,GRB,WI,AGL,CE,Combined TRACON& Tower with Radar,21,68,46,0,135,0,0,0,0,0,21,68,46,0,135,98,0,98,233
04/14/2005,GRB,WI,AGL,CE,Combined TRACON& Tower with Radar,22,56,54,0,132,0,0,64,0,64,22,56,118,0,196,87,0,87,283
04/15/2005,GRB,WI,AGL,CE,Combined TRACON& Tower with Radar,22,58,56,0,136,0,0,0,0,0,22,58,56,0,136,136,0,136,272
04/16/2005,GRB,WI,AGL,CE,Combined TRACON& Tower with Radar,39,21,21,0,81,0,0,0,0,0,39,21,21,0,81,82,0,82,163
04/17/2005,GRB,WI,AGL,CE,Combined TRACON& Tower with Radar,22,43,32,0,97,0,0,0,0,0,22,43,32,0,97,275,0,275,372
04/18/2005,GRB,WI,AGL,CE,Combined TRACON& Tower with Radar,19,65,47,0,131,0,0,0,0,0,19,65,47,0,131,127,0,127,258
04/19/2005,GRB,WI,AGL,CE,Combined TRACON& Tower with Radar,22,63,39,0,124,0,0,23,0,23,22,63,62,0,147,10,0,10,157
04/20/2005,GRB,WI,AGL,CE,Combined TRACON& Tower with Radar,0,0,0,0,0,0,0,0,0,0,0,0,0,0,0,93,0,93,93
04/21/2005,GRB,WI,AGL,CE,Combined TRACON& Tower with Radar,19,64,65,0,148,0,0,0,0,0,19,64,65,0,148,212,0,212,360
04/22/2005,GRB,WI,AGL,CE,Combined TRACON& Tower with Radar,37,41,55,0,133,0,0,0,0,0,37,41,55,0,133,66,0,66,199
04/23/2005,GRB,WI,AGL,CE,Combined TRACON& Tower with Radar,16,38,6,0,60,0,0,11,0,11,16,38,17,0,71,0,0,0,71
04/24/2005,GRB,WI,AGL,CE,Combined TRACON& Tower with Radar,17,48,14,0,79,0,0,20,0,20,17,48,34,0,99,20,0,20,119
04/25/2005,GRB,WI,AGL,CE,Combined TRACON& Tower with Radar,25,57,29,0,111,0,0,0,0,0,25,57,29,0,111,14,0,14,125
04/26/2005,GRB,WI,AGL,CE,Combined TRACON& Tower with Radar,21,66,57,3,147,0,0,19,0,19,21,66,76,3,166,29,0,29,195
04/27/2005,GRB,WI,AGL,CE,Combined TRACON& Tower with Radar,22,60,72,0,154,0,0,0,0,0,22,60,72,0,154,54,0,54,208
04/28/2005,GRB,WI,AGL,CE,Combined TRACON& Tower with Radar,22,61,61,0,144,0,0,0,0,0,22,61,61,0,144,109,0,109,253
04/29/2005,GRB,WI,AGL,CE,Combined TRACON& Tower with Radar,20,66,46,2,134,0,7,74,0,81,20,73,120,2,215,216,0,216,431
04/30/2005,GRB,WI,AGL,CE,Combined TRACON& Tower with Radar,19,41,14,0,74,0,0,0,0,0,19,41,14,0,74,46,0,46,120
05/01/2005,GRB,WI,AGL,CE,Combined TRACON& Tower with Radar,19,57,30,2,108,0,0,0,0,0,19,57,30,2,108,62,0,62,170
05/02/2005,GRB,WI,AGL,CE,Combined TRACON& Tower with Radar,27,49,50,0,126,0,0,0,0,0,27,49,50,0,126,7,0,7,133
05/03/2005,GRB,WI,AGL,CE,Combined TRACON& Tower with Radar,30,54,39,0,123,0,0,0,0,0,30,54,39,0,123,161,0,161,284
05/04/2005,GRB,WI,AGL,CE,Combined TRACON& Tower with Radar,19,68,67,0,154,0,0,0,0,0,19,68,67,0,154,217,0,217,371
05/05/2005,GRB,WI,AGL,CE,Combined TRACON& Tower with Radar,24,61,54,0,139,0,0,58,0,58,24,61,112,0,197,104,0,104,301
05/06/2005,GRB,WI,AGL,CE,Combined TRACON& Tower with Radar,21,62,29,0,112,0,0,32,0,32,21,62,61,0,144,13,0,13,157
05/07/2005,GRB,WI,AGL,CE,Combined TRACON& Tower with Radar,14,47,26,0,87,0,0,0,0,0,14,47,26,0,87,73,0,73,160
05/08/2005,GRB,WI,AGL,CE,Combined TRACON& Tower with Radar,0,0,0,0,0,0,0,0,0,0,0,0,0,0,0,166,0,166,166
05/09/2005,GRB,WI,AGL,CE,Combined TRACON& Tower with Radar,27,53,27,0,107,0,0,0,0,0,27,53,27,0,107,49,0,49,156
05/10/2005,GRB,WI,AGL,CE,Combined TRACON& Tower with Radar,24,70,89,0,183,0,0,0,0,0,24,70,89,0,183,186,0,186,369
05/11/2005,GRB,WI,AGL,CE,Combined TRACON& Tower with Radar,32,45,58,0,135,0,0,12,0,12,32,45,70,0,147,72,0,72,219
05/12/2005,GRB,WI,AGL,CE,Combined TRACON& Tower with Radar,26,68,43,0,137,0,0,35,0,35,26,68,78,0,172,42,0,42,214
05/13/2005,GRB,WI,AGL,CE,Combined TRACON& Tower with Radar,17,70,47,0,134,0,0,0,0,0,17,70,47,0,134,89,0,89,223
05/14/2005,GRB,WI,AGL,CE,Combined TRACON& Tower with Radar,34,29,38,0,101,0,0,74,0,74,34,29,112,0,175,68,0,68,243
05/15/2005,GRB,WI,AGL,CE,Combined TRACON& Tower with Radar,42,20,31,0,93,0,0,47,0,47,42,20,78,0,140,121,0,121,261
05/16/2005,GRB,WI,AGL,CE,Combined TRACON& Tower with Radar,37,43,51,6,137,0,0,0,0,0,37,43,51,6,137,186,10,196,333
05/17/2005,GRB,WI,AGL,CE,Combined TRACON& Tower with Radar,35,45,41,2,123,0,0,43,0,43,35,45,84,2,166,32,0,32,198
05/18/2005,GRB,WI,AGL,CE,Combined TRACON& Tower with Radar,42,60,40,0,142,0,0,0,0,0,42,60,40,0,142,159,0,159,301
05/19/2005,GRB,WI,AGL,CE,Combined TRACON& Tower with Radar,19,60,87,1,167,0,0,0,0,0,19,60,87,1,167,46,0,46,213
05/20/2005,GRB,WI,AGL,CE,Combined TRACON& Tower with Radar,24,61,53,1,139,0,0,178,0,178,24,61,231,1,317,260,0,260,577
05/21/2005,GRB,WI,AGL,CE,Combined TRACON& Tower with Radar,33,29,24,0,86,0,0,124,0,124,33,29,148,0,210,161,0,161,371
05/22/2005,GRB,WI,AGL,CE,Combined TRACON& Tower with Radar,16,50,24,0,90,0,0,0,0,0,16,50,24,0,90,54,0,54,144
05/23/2005,GRB,WI,AGL,CE,Combined TRACON& Tower with Radar,41,43,57,1,142,0,0,0,0,0,41,43,57,1,142,66,0,66,208
05/24/2005,GRB,WI,AGL,CE,Combined TRACON& Tower with Radar,19,67,40,3,129,0,0,111,0,111,19,67,151,3,240,218,0,218,458
05/25/2005,GRB,WI,AGL,CE,Combined TRACON& Tower with Radar,21,68,68,3,160,0,0,107,0,107,21,68,175,3,267,116,0,116,383
05/26/2005,GRB,WI,AGL,CE,Combined TRACON& Tower with Radar,18,63,49,0,130,0,0,54,0,54,18,63,103,0,184,27,0,27,211
05/27/2005,GRB,WI,AGL,CE,Combined TRACON& Tower with Radar,20,66,46,0,132,0,0,45,0,45,20,66,91,0,177,95,0,95,272
05/28/2005,GRB,WI,AGL,CE,Combined TRACON& Tower with Radar,14,48,27,0,89,0,0,121,0,121,14,48,148,0,210,121,0,121,331
05/29/2005,GRB,WI,AGL,CE,Combined TRACON& Tower with Radar,13,47,12,0,72,0,0,0,0,0,13,47,12,0,72,112,0,112,184
05/30/2005,GRB,WI,AGL,CE,Combined TRACON& Tower with Radar,23,61,24,0,108,0,0,55,0,55,23,61,79,0,163,19,0,19,182
05/31/2005,GRB,WI,AGL,CE,Combined TRACON& Tower with Radar,19,61,61,10,151,0,0,0,0,0,19,61,61,10,151,282,0,282,433
06/01/2005,GRB,WI,AGL,CE,Combined TRACON& Tower with Radar,20,67,52,1,140,0,0,0,0,0,20,67,52,1,140,251,0,251,391
06/02/2005,GRB,WI,AGL,CE,Combined TRACON& Tower with Radar,20,67,41,1,129,0,0,75,0,75,20,67,116,1,204,98,4,102,306
06/03/2005,GRB,WI,AGL,CE,Combined TRACON& Tower with Radar,21,60,41,6,128,0,0,161,0,161,21,60,202,6,289,161,0,161,450
06/04/2005,GRB,WI,AGL,CE,Combined TRACON& Tower with Radar,11,46,27,1,85,0,0,53,0,53,11,46,80,1,138,16,0,16,154
06/05/2005,GRB,WI,AGL,CE,Combined TRACON& Tower with Radar,16,44,18,7,85,0,0,33,1,34,16,44,51,8,119,90,0,90,209
06/06/2005,GRB,WI,AGL,CE,Combined TRACON& Tower with Radar,20,57,49,10,136,0,0,40,0,40,20,57,89,10,176,127,16,143,319
06/07/2005,GRB,WI,AGL,CE,Combined TRACON& Tower with Radar,20,79,52,1,152,0,0,0,0,0,20,79,52,1,152,104,0,104,256
06/08/2005,GRB,WI,AGL,CE,Combined TRACON& Tower with Radar,19,56,68,0,143,0,0,82,0,82,19,56,150,0,225,191,0,191,416
06/09/2005,GRB,WI,AGL,CE,Combined TRACON& Tower with Radar,19,65,60,0,144,0,0,0,0,0,19,65,60,0,144,80,0,80,224
06/10/2005,GRB,WI,AGL,CE,Combined TRACON& Tower with Radar,15,49,44,0,108,0,0,0,0,0,15,49,44,0,108,55,0,55,163
06/11/2005,GRB,WI,AGL,CE,Combined TRACON& Tower with Radar,20,48,24,1,93,0,0,0,0,0,20,48,24,1,93,37,0,37,130
06/12/2005,GRB,WI,AGL,CE,Combined TRACON& Tower with Radar,20,60,30,0,110,0,0,0,0,0,20,60,30,0,110,323,0,323,433
06/13/2005,GRB,WI,AGL,CE,Combined TRACON& Tower with Radar,20,69,33,0,122,0,0,49,0,49,20,69,82,0,171,49,0,49,220
06/14/2005,GRB,WI,AGL,CE,Combined TRACON& Tower with Radar,18,67,42,0,127,0,0,41,0,41,18,67,83,0,168,92,0,92,260
06/15/2005,GRB,WI,AGL,CE,Combined TRACON& Tower with Radar,18,66,39,0,123,0,0,81,0,81,18,66,120,0,204,81,0,81,285
06/16/2005,GRB,WI,AGL,CE,Combined TRACON& Tower with Radar,26,60,45,0,131,0,0,0,0,0,26,60,45,0,131,186,0,186,317
06/17/2005,GRB,WI,AGL,CE,Combined TRACON& Tower with Radar,17,65,58,0,140,0,0,68,0,68,17,65,126,0,208,19,0,19,227
06/18/2005,GRB,WI,AGL,CE,Combined TRACON& Tower with Radar,12,49,38,13,112,0,0,0,0,0,12,49,38,13,112,121,0,121,233
06/19/2005,GRB,WI,AGL,CE,Combined TRACON& Tower with Radar,18,55,28,0,101,0,0,43,0,43,18,55,71,0,144,43,0,43,187
06/20/2005,GRB,WI,AGL,CE,Combined TRACON& Tower with Radar,20,66,28,2,116,0,0,44,0,44,20,66,72,2,160,42,0,42,202
06/21/2005,GRB,WI,AGL,CE,Combined TRACON& Tower with Radar,21,62,55,0,138,0,0,0,0,0,21,62,55,0,138,77,0,77,215
06/22/2005,GRB,WI,AGL,CE,Combined TRACON& Tower with Radar,18,64,52,0,134,0,0,0,0,0,18,64,52,0,134,87,0,87,221
06/23/2005,GRB,WI,AGL,CE,Combined TRACON& Tower with Radar,24,54,39,0,117,0,0,36,0,36,24,54,75,0,153,63,0,63,216
06/24/2005,GRB,WI,AGL,CE,Combined TRACON& Tower with Radar,22,64,29,0,115,0,0,37,0,37,22,64,66,0,152,146,0,146,298
06/25/2005,GRB,WI,AGL,CE,Combined TRACON& Tower with Radar,13,44,15,2,74,0,0,0,0,0,13,44,15,2,74,78,0,78,152
06/26/2005,GRB,WI,AGL,CE,Combined TRACON& Tower with Radar,28,48,16,0,92,0,0,144,0,144,28,48,160,0,236,144,0,144,380
06/27/2005,GRB,WI,AGL,CE,Combined TRACON& Tower with Radar,21,62,46,2,131,0,0,42,0,42,21,62,88,2,173,112,14,126,299
06/28/2005,GRB,WI,AGL,CE,Combined TRACON& Tower with Radar,19,69,53,0,141,0,0,206,0,206,19,69,259,0,347,206,0,206,553
06/29/2005,GRB,WI,AGL,CE,Combined TRACON& Tower with Radar,31,48,60,0,139,0,0,81,0,81,31,48,141,0,220,159,0,159,379
06/30/2005,GRB,WI,AGL,CE,Combined TRACON& Tower with Radar,18,68,42,0,128,0,0,42,0,42,18,68,84,0,170,183,0,183,353
07/01/2005,GRB,WI,AGL,CE,Combined TRACON& Tower with Radar,19,62,32,0,113,0,0,0,0,0,19,62,32,0,113,88,0,88,201
07/02/2005,GRB,WI,AGL,CE,Combined TRACON& Tower with Radar,13,47,28,0,88,0,0,78,0,78,13,47,106,0,166,38,0,38,204
07/03/2005,GRB,WI,AGL,CE,Combined TRACON& Tower with Radar,13,51,16,0,80,0,0,0,0,0,13,51,16,0,80,61,0,61,141
07/04/2005,GRB,WI,AGL,CE,Combined TRACON& Tower with Radar,21,53,23,0,97,0,0,0,0,0,21,53,23,0,97,193,0,193,290
07/05/2005,GRB,WI,AGL,CE,Combined TRACON& Tower with Radar,18,67,32,0,117,0,0,33,0,33,18,67,65,0,150,23,0,23,173
07/06/2005,GRB,WI,AGL,CE,Combined TRACON& Tower with Radar,19,66,72,0,157,0,0,33,0,33,19,66,105,0,190,120,0,120,310
07/07/2005,GRB,WI,AGL,CE,Combined TRACON& Tower with Radar,20,63,42,0,125,0,0,0,0,0,20,63,42,0,125,248,0,248,373
07/08/2005,GRB,WI,AGL,CE,Combined TRACON& Tower with Radar,17,66,55,0,138,0,0,0,0,0,17,66,55,0,138,89,0,89,227
07/09/2005,GRB,WI,AGL,CE,Combined TRACON& Tower with Radar,14,45,24,1,84,0,0,0,0,0,14,45,24,1,84,57,0,57,141
07/10/2005,GRB,WI,AGL,CE,Combined TRACON& Tower with Radar,18,52,27,0,97,0,0,0,0,0,18,52,27,0,97,94,0,94,191
07/11/2005,GRB,WI,AGL,CE,Combined TRACON& Tower with Radar,18,62,29,0,109,0,0,58,0,58,18,62,87,0,167,187,0,187,354
07/12/2005,GRB,WI,AGL,CE,Combined TRACON& Tower with Radar,20,67,60,0,147,0,0,40,0,40,20,67,100,0,187,224,0,224,411
07/13/2005,GRB,WI,AGL,CE,Combined TRACON& Tower with Radar,22,69,39,0,130,0,0,123,0,123,22,69,162,0,253,123,0,123,376
07/14/2005,GRB,WI,AGL,CE,Combined TRACON& Tower with Radar,15,65,57,0,137,0,0,0,0,0,15,65,57,0,137,113,0,113,250
07/15/2005,GRB,WI,AGL,CE,Combined TRACON& Tower with Radar,21,64,33,2,120,0,0,55,0,55,21,64,88,2,175,90,0,90,265
07/16/2005,GRB,WI,AGL,CE,Combined TRACON& Tower with Radar,12,52,21,2,87,0,0,55,0,55,12,52,76,2,142,40,0,40,182
07/17/2005,GRB,WI,AGL,CE,Combined TRACON& Tower with Radar,17,52,32,2,103,0,0,0,0,0,17,52,32,2,103,154,0,154,257
07/18/2005,GRB,WI,AGL,CE,Combined TRACON& Tower with Radar,26,47,36,0,109,0,0,38,0,38,26,47,74,0,147,32,0,32,179
07/19/2005,GRB,WI,AGL,CE,Combined TRACON& Tower with Radar,19,66,59,0,144,0,0,0,0,0,19,66,59,0,144,197,0,197,341
07/20/2005,GRB,WI,AGL,CE,Combined TRACON& Tower with Radar,21,57,47,0,125,0,0,0,0,0,21,57,47,0,125,141,0,141,266
07/21/2005,GRB,WI,AGL,CE,Combined TRACON& Tower with Radar,20,73,51,0,144,0,0,0,0,0,20,73,51,0,144,130,0,130,274
07/22/2005,GRB,WI,AGL,CE,Combined TRACON& Tower with Radar,18,75,41,0,134,0,0,0,0,0,18,75,41,0,134,119,0,119,253
07/23/2005,GRB,WI,AGL,CE,Combined TRACON& Tower with Radar,12,56,23,0,91,0,0,0,0,0,12,56,23,0,91,108,0,108,199
07/24/2005,GRB,WI,AGL,CE,Combined TRACON& Tower with Radar,26,49,70,0,145,0,0,79,0,79,26,49,149,0,224,35,0,35,259
07/25/2005,GRB,WI,AGL,CE,Combined TRACON& Tower with Radar,20,46,71,0,137,0,0,11,0,11,20,46,82,0,148,11,0,11,159
07/26/2005,GRB,WI,AGL,CE,Combined TRACON& Tower with Radar,20,75,101,4,200,0,0,0,0,0,20,75,101,4,200,67,0,67,267
07/27/2005,GRB,WI,AGL,CE,Combined TRACON& Tower with Radar,22,77,98,4,201,0,0,0,0,0,22,77,98,4,201,293,0,293,494
07/28/2005,GRB,WI,AGL,CE,Combined TRACON& Tower with Radar,22,71,103,1,197,0,0,0,0,0,22,71,103,1,197,169,0,169,366
07/29/2005,GRB,WI,AGL,CE,Combined TRACON& Tower with Radar,18,72,92,1,183,0,0,0,0,0,18,72,92,1,183,48,0,48,231
07/30/2005,GRB,WI,AGL,CE,Combined TRACON& Tower with Radar,14,57,49,1,121,0,0,82,0,82,14,57,131,1,203,153,0,153,356
07/31/2005,GRB,WI,AGL,CE,Combined TRACON& Tower with Radar,19,52,78,0,149,0,0,0,0,0,19,52,78,0,149,24,0,24,173
08/01/2005,GRB,WI,AGL,CE,Combined TRACON& Tower with Radar,17,71,50,0,138,0,0,0,0,0,17,71,50,0,138,5,0,5,143
08/02/2005,GRB,WI,AGL,CE,Combined TRACON& Tower with Radar,19,62,33,0,114,0,0,51,0,51,19,62,84,0,165,79,0,79,244
08/03/2005,GRB,WI,AGL,CE,Combined TRACON& Tower with Radar,20,67,27,0,114,0,0,0,0,0,20,67,27,0,114,142,0,142,256
08/04/2005,GRB,WI,AGL,CE,Combined TRACON& Tower with Radar,24,70,45,0,139,0,0,40,0,40,24,70,85,0,179,40,0,40,219
08/05/2005,GRB,WI,AGL,CE,Combined TRACON& Tower with Radar,21,72,39,0,132,0,0,0,0,0,21,72,39,0,132,251,0,251,383
08/06/2005,GRB,WI,AGL,CE,Combined TRACON& Tower with Radar,14,60,32,0,106,0,0,115,0,115,14,60,147,0,221,124,0,124,345
08/07/2005,GRB,WI,AGL,CE,Combined TRACON& Tower with Radar,22,58,33,0,113,0,0,94,0,94,22,58,127,0,207,324,0,324,531
08/08/2005,GRB,WI,AGL,CE,Combined TRACON& Tower with Radar,27,70,30,0,127,0,0,0,0,0,27,70,30,0,127,85,0,85,212
08/09/2005,GRB,WI,AGL,CE,Combined TRACON& Tower with Radar,35,47,37,1,120,0,0,33,0,33,35,47,70,1,153,33,0,33,186
08/10/2005,GRB,WI,AGL,CE,Combined TRACON& Tower with Radar,18,68,72,1,159,0,0,0,0,0,18,68,72,1,159,49,0,49,208
08/11/2005,GRB,WI,AGL,CE,Combined TRACON& Tower with Radar,23,70,68,0,161,0,0,18,0,18,23,70,86,0,179,66,0,66,245
08/12/2005,GRB,WI,AGL,CE,Combined TRACON& Tower with Radar,20,78,37,0,135,0,0,44,0,44,20,78,81,0,179,92,0,92,271
08/13/2005,GRB,WI,AGL,CE,Combined TRACON& Tower with Radar,13,55,27,6,101,0,0,0,0,0,13,55,27,6,101,82,0,82,183
08/14/2005,GRB,WI,AGL,CE,Combined TRACON& Tower with Radar,19,56,34,0,109,0,0,48,0,48,19,56,82,0,157,48,0,48,205
08/15/2005,GRB,WI,AGL,CE,Combined TRACON& Tower with Radar,34,53,48,0,135,0,0,74,0,74,34,53,122,0,209,147,0,147,356
08/16/2005,GRB,WI,AGL,CE,Combined TRACON& Tower with Radar,17,65,38,0,120,0,0,0,0,0,17,65,38,0,120,191,0,191,311
08/17/2005,GRB,WI,AGL,CE,Combined TRACON& Tower with Radar,17,65,58,0,140,0,0,93,0,93,17,65,151,0,233,148,0,148,381
08/18/2005,GRB,WI,AGL,CE,Combined TRACON& Tower with Radar,20,74,62,1,157,0,0,0,0,0,20,74,62,1,157,0,0,0,157
08/19/2005,GRB,WI,AGL,CE,Combined TRACON& Tower with Radar,20,66,56,2,144,0,0,0,0,0,20,66,56,2,144,185,0,185,329
08/20/2005,GRB,WI,AGL,CE,Combined TRACON& Tower with Radar,24,41,19,0,84,0,0,0,0,0,24,41,19,0,84,112,0,112,196
08/21/2005,GRB,WI,AGL,CE,Combined TRACON& Tower with Radar,0,0,0,0,0,0,0,0,0,0,0,0,0,0,0,150,0,150,150
08/22/2005,GRB,WI,AGL,CE,Combined TRACON& Tower with Radar,19,61,57,0,137,0,0,0,0,0,19,61,57,0,137,81,0,81,218
08/23/2005,GRB,WI,AGL,CE,Combined TRACON& Tower with Radar,17,74,63,0,154,0,0,74,0,74,17,74,137,0,228,92,0,92,320
08/24/2005,GRB,WI,AGL,CE,Combined TRACON& Tower with Radar,32,58,77,3,170,0,0,89,0,89,32,58,166,3,259,113,6,119,378
08/25/2005,GRB,WI,AGL,CE,Combined TRACON& Tower with Radar,20,77,58,0,155,0,0,0,0,0,20,77,58,0,155,79,0,79,234
08/26/2005,GRB,WI,AGL,CE,Combined TRACON& Tower with Radar,29,63,57,0,149,0,0,0,0,0,29,63,57,0,149,14,0,14,163
08/27/2005,GRB,WI,AGL,CE,Combined TRACON& Tower with Radar,15,42,38,2,97,0,0,0,0,0,15,42,38,2,97,28,0,28,125
08/28/2005,GRB,WI,AGL,CE,Combined TRACON& Tower with Radar,16,48,32,10,106,0,0,0,0,0,16,48,32,10,106,190,26,216,322
08/29/2005,GRB,WI,AGL,CE,Combined TRACON& Tower with Radar,22,66,43,0,131,0,0,0,0,0,22,66,43,0,131,226,0,226,357
08/30/2005,GRB,WI,AGL,CE,Combined TRACON& Tower with Radar,20,79,46,0,145,0,0,0,0,0,20,79,46,0,145,70,0,70,215
08/31/2005,GRB,WI,AGL,CE,Combined TRACON& Tower with Radar,20,72,51,2,145,0,0,65,0,65,20,72,116,2,210,134,0,134,344
09/01/2005,GRB,WI,AGL,CE,Combined TRACON& Tower with Radar,23,70,44,0,137,0,0,164,0,164,23,70,208,0,301,164,0,164,465
09/02/2005,GRB,WI,AGL,CE,Combined TRACON& Tower with Radar,19,61,43,2,125,0,0,0,0,0,19,61,43,2,125,41,0,41,166
09/03/2005,GRB,WI,AGL,CE,Combined TRACON& Tower with Radar,15,39,22,2,78,0,0,0,0,0,15,39,22,2,78,85,14,99,177
09/04/2005,GRB,WI,AGL,CE,Combined TRACON& Tower with Radar,12,44,23,0,79,0,0,55,0,55,12,44,78,0,134,53,0,53,187
09/05/2005,GRB,WI,AGL,CE,Combined TRACON& Tower with Radar,14,54,19,0,87,0,0,48,0,48,14,54,67,0,135,91,0,91,226
09/06/2005,GRB,WI,AGL,CE,Combined TRACON& Tower with Radar,0,0,0,0,0,0,0,0,0,0,0,0,0,0,0,1740,0,1740,1740
09/07/2005,GRB,WI,AGL,CE,Combined TRACON& Tower with Radar,18,75,44,2,139,0,0,25,0,25,18,75,69,2,164,15,0,15,179
09/08/2005,GRB,WI,AGL,CE,Combined TRACON& Tower with Radar,0,0,0,0,0,0,0,0,0,0,0,0,0,0,0,78,0,78,78
09/09/2005,GRB,WI,AGL,CE,Combined TRACON& Tower with Radar,20,66,49,3,138,0,0,100,0,100,20,66,149,3,238,100,0,100,338
09/10/2005,GRB,WI,AGL,CE,Combined TRACON& Tower with Radar,25,42,34,0,101,0,0,0,0,0,25,42,34,0,101,429,0,429,530
09/11/2005,GRB,WI,AGL,CE,Combined TRACON& Tower with Radar,25,49,20,0,94,0,0,0,0,0,25,49,20,0,94,7,0,7,101
09/12/2005,GRB,WI,AGL,CE,Combined TRACON& Tower with Radar,25,69,46,0,140,0,0,27,0,27,25,69,73,0,167,75,0,75,242
09/13/2005,GRB,WI,AGL,CE,Combined TRACON& Tower with Radar,18,77,71,0,166,0,0,87,0,87,18,77,158,0,253,87,0,87,340
09/14/2005,GRB,WI,AGL,CE,Combined TRACON& Tower with Radar,19,64,60,0,143,0,0,0,0,0,19,64,60,0,143,115,0,115,258
09/15/2005,GRB,WI,AGL,CE,Combined TRACON& Tower with Radar,20,61,38,0,119,0,0,0,0,0,20,61,38,0,119,274,0,274,393
09/16/2005,GRB,WI,AGL,CE,Combined TRACON& Tower with Radar,18,63,48,0,129,0,0,0,0,0,18,63,48,0,129,152,0,152,281
09/17/2005,GRB,WI,AGL,CE,Combined TRACON& Tower with Radar,17,42,46,0,105,0,0,0,0,0,17,42,46,0,105,146,0,146,251
09/18/2005,GRB,WI,AGL,CE,Combined TRACON& Tower with Radar,22,70,110,4,206,0,0,75,0,75,22,70,185,4,281,65,0,65,346
09/19/2005,GRB,WI,AGL,CE,Combined TRACON& Tower with Radar,21,72,55,1,149,0,0,0,0,0,21,72,55,1,149,15,0,15,164
09/20/2005,GRB,WI,AGL,CE,Combined TRACON& Tower with Radar,17,70,66,2,155,0,0,138,0,138,17,70,204,2,293,138,0,138,431
09/21/2005,GRB,WI,AGL,CE,Combined TRACON& Tower with Radar,27,55,46,0,128,0,0,0,0,0,27,55,46,0,128,72,0,72,200
09/22/2005,GRB,WI,AGL,CE,Combined TRACON& Tower with Radar,26,57,58,0,141,0,0,0,0,0,26,57,58,0,141,60,0,60,201
09/23/2005,GRB,WI,AGL,CE,Combined TRACON& Tower with Radar,16,51,45,0,112,0,0,48,0,48,16,51,93,0,160,88,0,88,248
09/24/2005,GRB,WI,AGL,CE,Combined TRACON& Tower with Radar,20,63,35,1,119,0,0,0,0,0,20,63,35,1,119,81,0,81,200
09/25/2005,GRB,WI,AGL,CE,Combined TRACON& Tower with Radar,28,71,86,0,185,0,0,0,0,0,28,71,86,0,185,0,0,0,185
09/26/2005,GRB,WI,AGL,CE,Combined TRACON& Tower with Radar,20,59,52,0,131,0,0,0,0,0,20,59,52,0,131,91,0,91,222
09/27/2005,GRB,WI,AGL,CE,Combined TRACON& Tower with Radar,25,54,37,0,116,0,0,0,0,0,25,54,37,0,116,171,0,171,287
09/28/2005,GRB,WI,AGL,CE,Combined TRACON& Tower with Radar,17,63,45,1,126,0,0,0,0,0,17,63,45,1,126,0,0,0,126
09/29/2005,GRB,WI,AGL,CE,Combined TRACON& Tower with Radar,25,74,51,0,150,0,0,71,0,71,25,74,122,0,221,107,0,107,328
09/30/2005,GRB,WI,AGL,CE,Combined TRACON& Tower with Radar,0,60,50,2,112,0,0,81,0,81,0,60,131,2,193,130,0,130,323
10/01/2005,GRB,WI,AGL,CE,Combined TRACON& Tower with Radar,11,49,30,0,90,0,0,195,0,195,11,49,225,0,285,195,0,195,480
10/02/2005,GRB,WI,AGL,CE,Combined TRACON& Tower with Radar,19,50,27,2,98,0,0,0,0,0,19,50,27,2,98,219,0,219,317
10/03/2005,GRB,WI,AGL,CE,Combined TRACON& Tower with Radar,16,65,34,0,115,0,0,0,0,0,16,65,34,0,115,128,0,128,243
10/04/2005,GRB,WI,AGL,CE,Combined TRACON& Tower with Radar,36,54,59,0,149,0,0,0,0,0,36,54,59,0,149,104,0,104,253
10/05/2005,GRB,WI,AGL,CE,Combined TRACON& Tower with Radar,16,77,52,0,145,0,0,0,0,0,16,77,52,0,145,60,0,60,205
10/06/2005,GRB,WI,AGL,CE,Combined TRACON& Tower with Radar,28,62,37,2,129,0,0,48,0,48,28,62,85,2,177,268,0,268,445
10/07/2005,GRB,WI,AGL,CE,Combined TRACON& Tower with Radar,18,70,51,3,142,0,0,0,0,0,18,70,51,3,142,86,0,86,228
10/08/2005,GRB,WI,AGL,CE,Combined TRACON& Tower with Radar,14,42,44,1,101,0,0,42,0,42,14,42,86,1,143,67,0,67,210
10/09/2005,GRB,WI,AGL,CE,Combined TRACON& Tower with Radar,24,60,121,0,205,0,0,0,0,0,24,60,121,0,205,67,0,67,272
10/10/2005,GRB,WI,AGL,CE,Combined TRACON& Tower with Radar,18,74,52,2,146,0,0,0,0,0,18,74,52,2,146,153,0,153,299
10/11/2005,GRB,WI,AGL,CE,Combined TRACON& Tower with Radar,18,74,47,0,139,0,0,20,0,20,18,74,67,0,159,223,0,223,382
10/12/2005,GRB,WI,AGL,CE,Combined TRACON& Tower with Radar,21,79,73,2,175,0,0,0,0,0,21,79,73,2,175,12,0,12,187
10/13/2005,GRB,WI,AGL,CE,Combined TRACON& Tower with Radar,25,76,69,1,171,0,0,0,0,0,25,76,69,1,171,43,0,43,214
10/14/2005,GRB,WI,AGL,CE,Combined TRACON& Tower with Radar,22,65,50,0,137,0,0,0,0,0,22,65,50,0,137,256,0,256,393
10/15/2005,GRB,WI,AGL,CE,Combined TRACON& Tower with Radar,10,44,26,0,80,0,0,0,0,0,10,44,26,0,80,239,0,239,319
10/16/2005,GRB,WI,AGL,CE,Combined TRACON& Tower with Radar,41,33,31,0,105,0,0,137,0,137,41,33,168,0,242,161,0,161,403
10/17/2005,GRB,WI,AGL,CE,Combined TRACON& Tower with Radar,22,61,32,0,115,0,0,0,0,0,22,61,32,0,115,92,0,92,207
10/18/2005,GRB,WI,AGL,CE,Combined TRACON& Tower with Radar,25,77,42,0,144,0,0,79,0,79,25,77,121,0,223,136,0,136,359
10/19/2005,GRB,WI,AGL,CE,Combined TRACON& Tower with Radar,25,80,47,12,164,0,0,74,0,74,25,80,121,12,238,83,0,83,321
10/20/2005,GRB,WI,AGL,CE,Combined TRACON& Tower with Radar,31,70,47,0,148,0,0,89,0,89,31,70,136,0,237,80,0,80,317
10/21/2005,GRB,WI,AGL,CE,Combined TRACON& Tower with Radar,21,67,52,0,140,0,0,76,0,76,21,67,128,0,216,155,0,155,371
10/22/2005,GRB,WI,AGL,CE,Combined TRACON& Tower with Radar,13,42,26,0,81,0,0,0,0,0,13,42,26,0,81,0,0,0,81
10/23/2005,GRB,WI,AGL,CE,Combined TRACON& Tower with Radar,16,48,71,0,135,0,1,0,0,1,16,49,71,0,136,48,0,48,184
10/24/2005,GRB,WI,AGL,CE,Combined TRACON& Tower with Radar,25,70,20,4,119,0,0,35,0,35,25,70,55,4,154,251,0,251,405
10/25/2005,GRB,WI,AGL,CE,Combined TRACON& Tower with Radar,20,63,49,0,132,0,0,62,0,62,20,63,111,0,194,62,0,62,256
10/26/2005,GRB,WI,AGL,CE,Combined TRACON& Tower with Radar,22,67,46,0,135,0,0,108,0,108,22,67,154,0,243,108,0,108,351
10/27/2005,GRB,WI,AGL,CE,Combined TRACON& Tower with Radar,22,64,43,1,130,0,0,0,0,0,22,64,43,1,130,117,0,117,247
10/28/2005,GRB,WI,AGL,CE,Combined TRACON& Tower with Radar,33,56,41,0,130,0,0,108,0,108,33,56,149,0,238,108,0,108,346
10/29/2005,GRB,WI,AGL,CE,Combined TRACON& Tower with Radar,19,46,35,0,100,0,0,0,0,0,19,46,35,0,100,58,0,58,158
10/30/2005,GRB,WI,AGL,CE,Combined TRACON& Tower with Radar,26,60,34,0,120,0,0,59,0,59,26,60,93,0,179,88,0,88,267
10/31/2005,GRB,WI,AGL,CE,Combined TRACON& Tower with Radar,15,69,36,0,120,0,0,0,0,0,15,69,36,0,120,0,0,0,120
11/01/2005,GRB,WI,AGL,CE,Combined TRACON& Tower with Radar,16,71,45,3,135,0,0,0,0,0,16,71,45,3,135,106,0,106,241
11/02/2005,GRB,WI,AGL,CE,Combined TRACON& Tower with Radar,0,0,0,0,0,0,0,0,0,0,0,0,0,0,0,46,0,46,46
11/03/2005,GRB,WI,AGL,CE,Combined TRACON& Tower with Radar,23,65,41,0,129,0,0,0,0,0,23,65,41,0,129,110,0,110,239
11/04/2005,GRB,WI,AGL,CE,Combined TRACON& Tower with Radar,22,81,43,7,153,0,0,9,0,9,22,81,52,7,162,60,0,60,222
11/05/2005,GRB,WI,AGL,CE,Combined TRACON& Tower with Radar,12,48,37,0,97,0,0,24,0,24,12,48,61,0,121,82,0,82,203
11/06/2005,GRB,WI,AGL,CE,Combined TRACON& Tower with Radar,0,0,115,0,115,0,0,0,0,0,0,0,115,0,115,0,0,0,115
11/07/2005,GRB,WI,AGL,CE,Combined TRACON& Tower with Radar,22,80,54,5,161,0,0,0,0,0,22,80,54,5,161,110,0,110,271
11/08/2005,GRB,WI,AGL,CE,Combined TRACON& Tower with Radar,18,74,33,4,129,0,0,58,0,58,18,74,91,4,187,97,6,103,290
11/09/2005,GRB,WI,AGL,CE,Combined TRACON& Tower with Radar,18,67,22,0,107,0,0,0,0,0,18,67,22,0,107,0,0,0,107
11/10/2005,GRB,WI,AGL,CE,Combined TRACON& Tower with Radar,18,68,38,2,126,0,0,163,0,163,18,68,201,2,289,163,0,163,452
11/11/2005,GRB,WI,AGL,CE,Combined TRACON& Tower with Radar,23,62,37,2,124,0,0,76,0,76,23,62,113,2,200,192,0,192,392
11/12/2005,GRB,WI,AGL,CE,Combined TRACON& Tower with Radar,14,41,23,0,78,0,0,43,0,43,14,41,66,0,121,171,0,171,292
11/13/2005,GRB,WI,AGL,CE,Combined TRACON& Tower with Radar,18,48,20,0,86,0,0,0,0,0,18,48,20,0,86,0,0,0,86
11/14/2005,GRB,WI,AGL,CE,Combined TRACON& Tower with Radar,22,63,23,2,110,0,0,38,0,38,22,63,61,2,148,85,0,85,233
11/15/2005,GRB,WI,AGL,CE,Combined TRACON& Tower with Radar,21,58,43,2,124,0,0,0,0,0,21,58,43,2,124,0,0,0,124
11/16/2005,GRB,WI,AGL,CE,Combined TRACON& Tower with Radar,19,60,27,0,106,0,0,0,0,0,19,60,27,0,106,0,0,0,106
11/17/2005,GRB,WI,AGL,CE,Combined TRACON& Tower with Radar,20,64,58,0,142,0,0,41,0,41,20,64,99,0,183,116,0,116,299
11/18/2005,GRB,WI,AGL,CE,Combined TRACON& Tower with Radar,22,71,24,2,119,0,0,0,0,0,22,71,24,2,119,64,0,64,183
11/19/2005,GRB,WI,AGL,CE,Combined TRACON& Tower with Radar,13,52,12,2,79,0,0,44,0,44,13,52,56,2,123,74,0,74,197
11/20/2005,GRB,WI,AGL,CE,Combined TRACON& Tower with Radar,19,54,30,0,103,0,0,0,0,0,19,54,30,0,103,22,0,22,125
11/21/2005,GRB,WI,AGL,CE,Combined TRACON& Tower with Radar,31,88,201,0,320,0,0,0,0,0,31,88,201,0,320,144,0,144,464
11/22/2005,GRB,WI,AGL,CE,Combined TRACON& Tower with Radar,18,68,57,0,143,0,0,0,0,0,18,68,57,0,143,205,0,205,348
11/23/2005,GRB,WI,AGL,CE,Combined TRACON& Tower with Radar,20,85,21,0,126,0,0,1,0,1,20,85,22,0,127,2,0,2,129
11/24/2005,GRB,WI,AGL,CE,Combined TRACON& Tower with Radar,16,33,1,0,50,0,0,6,0,6,16,33,7,0,56,0,0,0,56
11/25/2005,GRB,WI,AGL,CE,Combined TRACON& Tower with Radar,20,41,19,0,80,0,0,46,0,46,20,41,65,0,126,84,0,84,210
11/26/2005,GRB,WI,AGL,CE,Combined TRACON& Tower with Radar,12,51,11,0,74,0,0,0,0,0,12,51,11,0,74,68,0,68,142
11/27/2005,GRB,WI,AGL,CE,Combined TRACON& Tower with Radar,0,0,0,0,0,0,0,0,0,0,0,0,0,0,0,0,0,0,0
11/28/2005,GRB,WI,AGL,CE,Combined TRACON& Tower with Radar,19,62,21,0,102,0,0,0,0,0,19,62,21,0,102,0,0,0,102
11/29/2005,GRB,WI,AGL,CE,Combined TRACON& Tower with Radar,27,64,56,0,147,0,1,0,0,1,27,65,56,0,148,243,0,243,391
11/30/2005,GRB,WI,AGL,CE,Combined TRACON& Tower with Radar,23,68,46,0,137,0,0,0,0,0,23,68,46,0,137,197,0,197,334
12/01/2005,GRB,WI,AGL,CE,Combined TRACON& Tower with Radar,0,0,0,0,0,0,0,0,0,0,0,0,0,0,0,0,0,0,0
12/02/2005,GRB,WI,AGL,CE,Combined TRACON& Tower with Radar,20,64,51,3,138,0,0,0,0,0,20,64,51,3,138,214,0,214,352
12/03/2005,GRB,WI,AGL,CE,Combined TRACON& Tower with Radar,16,37,17,0,70,0,0,0,0,0,16,37,17,0,70,52,0,52,122
12/04/2005,GRB,WI,AGL,CE,Combined TRACON& Tower with Radar,23,46,14,0,83,0,0,0,0,0,23,46,14,0,83,113,0,113,196
12/05/2005,GRB,WI,AGL,CE,Combined TRACON& Tower with Radar,21,67,37,0,125,0,0,0,0,0,21,67,37,0,125,90,0,90,215
12/06/2005,GRB,WI,AGL,CE,Combined TRACON& Tower with Radar,19,63,32,0,114,0,0,26,0,26,19,63,58,0,140,235,0,235,375
12/07/2005,GRB,WI,AGL,CE,Combined TRACON& Tower with Radar,19,63,39,5,126,0,0,25,26,51,19,63,64,31,177,25,26,51,228
12/08/2005,GRB,WI,AGL,CE,Combined TRACON& Tower with Radar,13,60,47,0,120,0,0,0,0,0,13,60,47,0,120,38,0,38,158
12/09/2005,GRB,WI,AGL,CE,Combined TRACON& Tower with Radar,0,0,0,0,0,0,0,0,0,0,0,0,0,0,0,92,0,92,92
12/10/2005,GRB,WI,AGL,CE,Combined TRACON& Tower with Radar,15,41,26,0,82,0,0,0,0,0,15,41,26,0,82,83,0,83,165
12/11/2005,GRB,WI,AGL,CE,Combined TRACON& Tower with Radar,23,53,80,0,156,0,0,0,0,0,23,53,80,0,156,192,0,192,348
12/12/2005,GRB,WI,AGL,CE,Combined TRACON& Tower with Radar,22,74,50,0,146,0,0,35,0,35,22,74,85,0,181,145,0,145,326
12/13/2005,GRB,WI,AGL,CE,Combined TRACON& Tower with Radar,19,76,53,0,148,0,0,27,0,27,19,76,80,0,175,118,0,118,293
12/14/2005,GRB,WI,AGL,CE,Combined TRACON& Tower with Radar,20,46,30,0,96,0,0,0,0,0,20,46,30,0,96,0,0,0,96
12/15/2005,GRB,WI,AGL,CE,Combined TRACON& Tower with Radar,26,59,38,0,123,0,0,9,0,9,26,59,47,0,132,10,0,10,142
12/16/2005,GRB,WI,AGL,CE,Combined TRACON& Tower with Radar,17,62,26,0,105,0,0,0,0,0,17,62,26,0,105,0,0,0,105
12/17/2005,GRB,WI,AGL,CE,Combined TRACON& Tower with Radar,11,46,19,0,76,0,0,44,0,44,11,46,63,0,120,24,0,24,144
12/18/2005,GRB,WI,AGL,CE,Combined TRACON& Tower with Radar,27,42,9,0,78,0,0,0,0,0,27,42,9,0,78,38,0,38,116
12/19/2005,GRB,WI,AGL,CE,Combined TRACON& Tower with Radar,20,69,44,0,133,0,0,42,0,42,20,69,86,0,175,42,0,42,217
12/20/2005,GRB,WI,AGL,CE,Combined TRACON& Tower with Radar,16,65,27,3,111,0,0,0,0,0,16,65,27,3,111,36,0,36,147
12/21/2005,GRB,WI,AGL,CE,Combined TRACON& Tower with Radar,0,0,0,0,0,0,0,0,0,0,0,0,0,0,0,92,0,92,92
12/22/2005,GRB,WI,AGL,CE,Combined TRACON& Tower with Radar,16,62,36,0,114,0,0,40,0,40,16,62,76,0,154,12,0,12,166
12/23/2005,GRB,WI,AGL,CE,Combined TRACON& Tower with Radar,16,60,22,0,98,0,0,0,0,0,16,60,22,0,98,0,0,0,98
12/24/2005,GRB,WI,AGL,CE,Combined TRACON& Tower with Radar,13,48,4,0,65,0,0,0,0,0,13,48,4,0,65,0,0,0,65
12/25/2005,GRB,WI,AGL,CE,Combined TRACON& Tower with Radar,17,49,22,0,88,0,0,0,0,0,17,49,22,0,88,0,0,0,88
12/26/2005,GRB,WI,AGL,CE,Combined TRACON& Tower with Radar,21,57,33,0,111,0,0,65,0,65,21,57,98,0,176,65,0,65,241
12/27/2005,GRB,WI,AGL,CE,Combined TRACON& Tower with Radar,17,62,11,0,90,0,0,0,0,0,17,62,11,0,90,0,0,0,90
12/28/2005,GRB,WI,AGL,CE,Combined TRACON& Tower with Radar,14,64,19,2,99,0,0,0,0,0,14,64,19,2,99,0,0,0,99
12/29/2005,GRB,WI,AGL,CE,Combined TRACON& Tower with Radar,15,73,32,2,122,0,0,200,0,200,15,73,232,2,322,200,0,200,522
12/30/2005,GRB,WI,AGL,CE,Combined TRACON& Tower with Radar,22,56,12,0,90,0,0,0,0,0,22,56,12,0,90,0,0,0,90
12/31/2005,GRB,WI,AGL,CE,Combined TRACON& Tower with Radar,19,44,9,0,72,0,0,0,0,0,19,44,9,0,72,0,0,0,72
01/01/2006,GRB,WI,AGL,CE,Combined TRACON& Tower with Radar,16,58,50,0,124,0,0,131,50,181,16,58,181,50,305,131,0,131,436
01/02/2006,GRB,WI,AGL,CE,Combined TRACON& Tower with Radar,18,49,15,1,83,0,0,0,0,0,18,49,15,1,83,0,0,0,83
01/03/2006,GRB,WI,AGL,CE,Combined TRACON& Tower with Radar,11,34,13,0,58,0,0,0,0,0,11,34,13,0,58,0,0,0,58
01/04/2006,GRB,WI,AGL,CE,Combined TRACON& Tower with Radar,7,30,11,0,48,9,40,16,0,65,16,70,27,0,113,0,0,0,113
01/05/2006,GRB,WI,AGL,CE,Combined TRACON& Tower with Radar,18,73,41,0,132,0,0,22,0,22,18,73,63,0,154,154,0,154,308
01/06/2006,GRB,WI,AGL,CE,Combined TRACON& Tower with Radar,18,80,27,7,132,0,0,38,0,38,18,80,65,7,170,102,0,102,272
01/07/2006,GRB,WI,AGL,CE,Combined TRACON& Tower with Radar,18,38,17,0,73,0,0,0,0,0,18,38,17,0,73,84,0,84,157
01/08/2006,GRB,WI,AGL,CE,Combined TRACON& Tower with Radar,20,57,16,2,95,0,0,30,0,30,20,57,46,2,125,107,0,107,232
01/09/2006,GRB,WI,AGL,CE,Combined TRACON& Tower with Radar,17,60,33,0,110,0,0,0,0,0,17,60,33,0,110,215,0,215,325
01/10/2006,GRB,WI,AGL,CE,Combined TRACON& Tower with Radar,14,70,52,1,137,0,0,0,0,0,14,70,52,1,137,235,0,235,372
01/11/2006,GRB,WI,AGL,CE,Combined TRACON& Tower with Radar,14,66,34,0,114,0,0,0,0,0,14,66,34,0,114,0,0,0,114
01/12/2006,GRB,WI,AGL,CE,Combined TRACON& Tower with Radar,16,72,46,0,134,0,0,68,0,68,16,72,114,0,202,161,0,161,363
01/13/2006,GRB,WI,AGL,CE,Combined TRACON& Tower with Radar,16,64,23,0,103,0,0,14,0,14,16,64,37,0,117,14,0,14,131
01/14/2006,GRB,WI,AGL,CE,Combined TRACON& Tower with Radar,20,45,24,0,89,0,0,88,0,88,20,45,112,0,177,103,0,103,280
01/15/2006,GRB,WI,AGL,CE,Combined TRACON& Tower with Radar,21,40,19,0,80,0,0,45,0,45,21,40,64,0,125,146,0,146,271
01/16/2006,GRB,WI,AGL,CE,Combined TRACON& Tower with Radar,17,60,23,0,100,0,0,0,0,0,17,60,23,0,100,0,0,0,100
01/17/2006,GRB,WI,AGL,CE,Combined TRACON& Tower with Radar,19,62,24,2,107,0,0,0,0,0,19,62,24,2,107,0,0,0,107
01/18/2006,GRB,WI,AGL,CE,Combined TRACON& Tower with Radar,17,59,34,0,110,0,0,0,0,0,17,59,34,0,110,135,0,135,245
01/19/2006,GRB,WI,AGL,CE,Combined TRACON& Tower with Radar,15,60,41,0,116,0,0,0,0,0,15,60,41,0,116,0,0,0,116
01/20/2006,GRB,WI,AGL,CE,Combined TRACON& Tower with Radar,16,74,55,0,145,0,0,184,0,184,16,74,239,0,329,184,0,184,513
01/21/2006,GRB,WI,AGL,CE,Combined TRACON& Tower with Radar,22,33,10,1,66,0,0,0,0,0,22,33,10,1,66,119,0,119,185
01/22/2006,GRB,WI,AGL,CE,Combined TRACON& Tower with Radar,24,42,26,0,92,0,0,0,0,0,24,42,26,0,92,237,0,237,329
01/23/2006,GRB,WI,AGL,CE,Combined TRACON& Tower with Radar,15,72,36,0,123,0,0,0,0,0,15,72,36,0,123,114,0,114,237
01/24/2006,GRB,WI,AGL,CE,Combined TRACON& Tower with Radar,17,72,31,3,123,0,0,0,0,0,17,72,31,3,123,0,0,0,123
01/25/2006,GRB,WI,AGL,CE,Combined TRACON& Tower with Radar,14,75,52,0,141,0,0,0,0,0,14,75,52,0,141,269,0,269,410
01/26/2006,GRB,WI,AGL,CE,Combined TRACON& Tower with Radar,19,67,46,1,133,0,0,0,0,0,19,67,46,1,133,149,0,149,282
01/27/2006,GRB,WI,AGL,CE,Combined TRACON& Tower with Radar,18,61,37,0,116,0,0,0,0,0,18,61,37,0,116,54,0,54,170
01/28/2006,GRB,WI,AGL,CE,Combined TRACON& Tower with Radar,16,40,26,0,82,0,0,0,0,0,16,40,26,0,82,72,0,72,154
01/29/2006,GRB,WI,AGL,CE,Combined TRACON& Tower with Radar,19,48,7,0,74,0,0,0,0,0,19,48,7,0,74,0,0,0,74
01/30/2006,GRB,WI,AGL,CE,Combined TRACON& Tower with Radar,20,70,11,0,101,0,0,0,0,0,20,70,11,0,101,0,0,0,101
01/31/2006,GRB,WI,AGL,CE,Combined TRACON& Tower with Radar,14,68,54,0,136,0,0,0,0,0,14,68,54,0,136,147,0,147,283
02/01/2006,GRB,WI,AGL,CE,Combined TRACON& Tower with Radar,17,72,47,0,136,0,0,0,0,0,17,72,47,0,136,113,0,113,249
02/02/2006,GRB,WI,AGL,CE,Combined TRACON& Tower with Radar,0,0,0,0,0,0,0,0,0,0,0,0,0,0,0,132,0,132,132
02/03/2006,GRB,WI,AGL,CE,Combined TRACON& Tower with Radar,18,66,21,2,107,0,0,0,0,0,18,66,21,2,107,0,0,0,107
02/04/2006,GRB,WI,AGL,CE,Combined TRACON& Tower with Radar,17,43,11,0,71,0,0,0,0,0,17,43,11,0,71,9,0,9,80
02/05/2006,GRB,WI,AGL,CE,Combined TRACON& Tower with Radar,15,47,26,0,88,0,0,0,0,0,15,47,26,0,88,104,0,104,192
02/06/2006,GRB,WI,AGL,CE,Combined TRACON& Tower with Radar,17,64,24,0,105,0,0,53,0,53,17,64,77,0,158,185,0,185,343
02/07/2006,GRB,WI,AGL,CE,Combined TRACON& Tower with Radar,14,61,54,0,129,0,0,0,0,0,14,61,54,0,129,147,0,147,276
02/08/2006,GRB,WI,AGL,CE,Combined TRACON& Tower with Radar,0,0,0,0,0,0,0,0,0,0,0,0,0,0,0,145,0,145,145
02/09/2006,GRB,WI,AGL,CE,Combined TRACON& Tower with Radar,16,64,42,0,122,0,0,59,0,59,16,64,101,0,181,91,0,91,272
02/10/2006,GRB,WI,AGL,CE,Combined TRACON& Tower with Radar,16,67,27,0,110,0,0,0,0,0,16,67,27,0,110,12,0,12,122
02/11/2006,GRB,WI,AGL,CE,Combined TRACON& Tower with Radar,16,45,51,0,112,0,0,71,0,71,16,45,122,0,183,243,0,243,426
02/12/2006,GRB,WI,AGL,CE,Combined TRACON& Tower with Radar,16,51,26,0,93,0,0,0,0,0,16,51,26,0,93,177,0,177,270
02/13/2006,GRB,WI,AGL,CE,Combined TRACON& Tower with Radar,19,70,14,0,103,0,0,101,0,101,19,70,115,0,204,101,0,101,305
02/14/2006,GRB,WI,AGL,CE,Combined TRACON& Tower with Radar,17,66,44,0,127,0,0,37,0,37,17,66,81,0,164,37,0,37,201
02/15/2006,GRB,WI,AGL,CE,Combined TRACON& Tower with Radar,23,60,121,0,204,0,0,0,0,0,23,60,121,0,204,132,0,132,336
02/16/2006,GRB,WI,AGL,CE,Combined TRACON& Tower with Radar,15,24,4,0,43,0,0,0,0,0,15,24,4,0,43,0,0,0,43
02/17/2006,GRB,WI,AGL,CE,Combined TRACON& Tower with Radar,24,76,11,0,111,0,0,12,0,12,24,76,23,0,123,28,0,28,151
02/18/2006,GRB,WI,AGL,CE,Combined TRACON& Tower with Radar,18,46,11,0,75,0,0,0,0,0,18,46,11,0,75,0,0,0,75
02/19/2006,GRB,WI,AGL,CE,Combined TRACON& Tower with Radar,22,51,18,0,91,0,0,97,0,97,22,51,115,0,188,97,0,97,285
02/20/2006,GRB,WI,AGL,CE,Combined TRACON& Tower with Radar,18,67,41,0,126,0,0,86,0,86,18,67,127,0,212,86,0,86,298
02/21/2006,GRB,WI,AGL,CE,Combined TRACON& Tower with Radar,17,64,34,3,118,0,0,0,0,0,17,64,34,3,118,187,0,187,305
02/22/2006,GRB,WI,AGL,CE,Combined TRACON& Tower with Radar,18,65,49,0,132,0,0,0,0,0,18,65,49,0,132,161,0,161,293
02/23/2006,GRB,WI,AGL,CE,Combined TRACON& Tower with Radar,18,58,34,1,111,0,0,43,1,44,18,58,77,2,155,95,0,95,250
02/24/2006,GRB,WI,AGL,CE,Combined TRACON& Tower with Radar,16,74,43,0,133,0,0,47,0,47,16,74,90,0,180,59,0,59,239
02/25/2006,GRB,WI,AGL,CE,Combined TRACON& Tower with Radar,15,39,15,0,69,0,0,35,0,35,15,39,50,0,104,58,0,58,162
02/26/2006,GRB,WI,AGL,CE,Combined TRACON& Tower with Radar,19,44,27,5,95,0,0,0,0,0,19,44,27,5,95,144,0,144,239
02/27/2006,GRB,WI,AGL,CE,Combined TRACON& Tower with Radar,18,61,35,5,119,0,0,40,0,40,18,61,75,5,159,79,0,79,238
02/28/2006,GRB,WI,AGL,CE,Combined TRACON& Tower with Radar,30,51,50,0,131,0,0,66,0,66,30,51,116,0,197,66,0,66,263
03/01/2006,GRB,WI,AGL,CE,Combined TRACON& Tower with Radar,20,66,34,3,123,0,0,0,0,0,20,66,34,3,123,120,0,120,243
03/02/2006,GRB,WI,AGL,CE,Combined TRACON& Tower with Radar,18,62,33,0,113,0,0,16,0,16,18,62,49,0,129,32,0,32,161
03/03/2006,GRB,WI,AGL,CE,Combined TRACON& Tower with Radar,20,66,24,3,113,0,0,0,0,0,20,66,24,3,113,148,0,148,261
03/04/2006,GRB,WI,AGL,CE,Combined TRACON& Tower with Radar,16,39,23,0,78,0,0,103,0,103,16,39,126,0,181,200,0,200,381
03/05/2006,GRB,WI,AGL,CE,Combined TRACON& Tower with Radar,19,48,16,2,85,0,0,20,0,20,19,48,36,2,105,68,0,68,173
03/06/2006,GRB,WI,AGL,CE,Combined TRACON& Tower with Radar,20,51,26,0,97,0,0,0,0,0,20,51,26,0,97,174,0,174,271
03/07/2006,GRB,WI,AGL,CE,Combined TRACON& Tower with Radar,16,64,50,1,131,0,0,32,1,33,16,64,82,2,164,122,0,122,286
03/08/2006,GRB,WI,AGL,CE,Combined TRACON& Tower with Radar,19,67,56,0,142,0,0,14,0,14,19,67,70,0,156,14,0,14,170
03/09/2006,GRB,WI,AGL,CE,Combined TRACON& Tower with Radar,14,41,43,0,98,0,0,0,0,0,14,41,43,0,98,0,0,0,98
03/10/2006,GRB,WI,AGL,CE,Combined TRACON& Tower with Radar,22,74,66,0,162,0,0,0,0,0,22,74,66,0,162,219,0,219,381
03/11/2006,GRB,WI,AGL,CE,Combined TRACON& Tower with Radar,17,41,17,0,75,0,0,11,0,11,17,41,28,0,86,14,0,14,100
03/12/2006,GRB,WI,AGL,CE,Combined TRACON& Tower with Radar,18,48,34,1,101,0,0,0,0,0,18,48,34,1,101,210,0,210,311
03/13/2006,GRB,WI,AGL,CE,Combined TRACON& Tower with Radar,17,49,23,4,93,0,0,0,0,0,17,49,23,4,93,0,0,0,93
03/14/2006,GRB,WI,AGL,CE,Combined TRACON& Tower with Radar,18,66,32,0,116,0,0,0,0,0,18,66,32,0,116,76,0,76,192
03/15/2006,GRB,WI,AGL,CE,Combined TRACON& Tower with Radar,20,75,60,5,160,0,0,236,0,236,20,75,296,5,396,236,0,236,632
03/16/2006,GRB,WI,AGL,CE,Combined TRACON& Tower with Radar,21,58,47,0,126,0,0,0,0,0,21,58,47,0,126,163,0,163,289
03/17/2006,GRB,WI,AGL,CE,Combined TRACON& Tower with Radar,22,54,32,3,111,0,0,73,0,73,22,54,105,3,184,50,0,50,234
03/18/2006,GRB,WI,AGL,CE,Combined TRACON& Tower with Radar,16,40,26,7,89,0,0,41,0,41,16,40,67,7,130,41,0,41,171
03/19/2006,GRB,WI,AGL,CE,Combined TRACON& Tower with Radar,14,46,33,4,97,2,0,0,0,2,16,46,33,4,99,260,0,260,359
03/20/2006,GRB,WI,AGL,CE,Combined TRACON& Tower with Radar,22,61,16,2,101,0,0,15,0,15,22,61,31,2,116,118,0,118,234
03/21/2006,GRB,WI,AGL,CE,Combined TRACON& Tower with Radar,16,60,33,0,109,0,0,46,0,46,16,60,79,0,155,46,0,46,201
03/22/2006,GRB,WI,AGL,CE,Combined TRACON& Tower with Radar,19,68,50,1,138,0,0,130,0,130,19,68,180,1,268,130,0,130,398
03/23/2006,GRB,WI,AGL,CE,Combined TRACON& Tower with Radar,22,63,59,0,144,0,0,42,0,42,22,63,101,0,186,238,0,238,424
03/24/2006,GRB,WI,AGL,CE,Combined TRACON& Tower with Radar,18,59,47,1,125,0,0,42,0,42,18,59,89,1,167,134,0,134,301
03/25/2006,GRB,WI,AGL,CE,Combined TRACON& Tower with Radar,18,41,24,0,83,0,0,42,0,42,18,41,66,0,125,134,0,134,259
03/26/2006,GRB,WI,AGL,CE,Combined TRACON& Tower with Radar,25,51,38,0,114,0,0,0,0,0,25,51,38,0,114,218,0,218,332
03/27/2006,GRB,WI,AGL,CE,Combined TRACON& Tower with Radar,21,66,47,5,139,0,0,29,0,29,21,66,76,5,168,29,0,29,197
03/28/2006,GRB,WI,AGL,CE,Combined TRACON& Tower with Radar,19,66,65,2,152,0,0,0,0,0,19,66,65,2,152,204,0,204,356
03/29/2006,GRB,WI,AGL,CE,Combined TRACON& Tower with Radar,0,0,0,0,0,0,0,0,0,0,0,0,0,0,0,195,32,227,227
03/30/2006,GRB,WI,AGL,CE,Combined TRACON& Tower with Radar,20,60,47,2,129,0,0,0,0,0,20,60,47,2,129,162,0,162,291
03/31/2006,GRB,WI,AGL,CE,Combined TRACON& Tower with Radar,18,50,46,0,114,0,0,10,0,10,18,50,56,0,124,44,0,44,168
04/01/2006,GRB,WI,AGL,CE,Combined TRACON& Tower with Radar,19,43,26,0,88,0,0,57,0,57,19,43,83,0,145,242,0,242,387
04/02/2006,GRB,WI,AGL,CE,Combined TRACON& Tower with Radar,0,0,0,0,0,0,0,0,0,0,0,0,0,0,0,18,0,18,18
04/03/2006,GRB,WI,AGL,CE,Combined TRACON& Tower with Radar,18,59,25,0,102,0,0,0,0,0,18,59,25,0,102,194,0,194,296
04/04/2006,GRB,WI,AGL,CE,Combined TRACON& Tower with Radar,0,0,0,0,0,0,0,0,0,0,0,0,0,0,0,92,0,92,92
04/05/2006,GRB,WI,AGL,CE,Combined TRACON& Tower with Radar,17,76,48,0,141,0,0,97,0,97,17,76,145,0,238,229,0,229,467
04/06/2006,GRB,WI,AGL,CE,Combined TRACON& Tower with Radar,26,68,34,0,128,0,0,0,0,0,26,68,34,0,128,169,0,169,297
04/07/2006,GRB,WI,AGL,CE,Combined TRACON& Tower with Radar,15,62,27,4,108,0,0,8,0,8,15,62,35,4,116,1,0,1,117
04/08/2006,GRB,WI,AGL,CE,Combined TRACON& Tower with Radar,17,50,32,0,99,0,0,0,0,0,17,50,32,0,99,252,0,252,351
04/09/2006,GRB,WI,AGL,CE,Combined TRACON& Tower with Radar,14,52,19,2,87,0,0,0,0,0,14,52,19,2,87,286,0,286,373
04/10/2006,GRB,WI,AGL,CE,Combined TRACON& Tower with Radar,17,65,29,0,111,0,0,54,0,54,17,65,83,0,165,54,0,54,219
04/11/2006,GRB,WI,AGL,CE,Combined TRACON& Tower with Radar,14,66,32,0,112,0,0,99,0,99,14,66,131,0,211,99,0,99,310
04/12/2006,GRB,WI,AGL,CE,Combined TRACON& Tower with Radar,20,74,51,1,146,0,0,0,0,0,20,74,51,1,146,64,0,64,210
04/13/2006,GRB,WI,AGL,CE,Combined TRACON& Tower with Radar,20,72,41,2,135,0,0,54,0,54,20,72,95,2,189,177,0,177,366
04/14/2006,GRB,WI,AGL,CE,Combined TRACON& Tower with Radar,17,71,27,4,119,0,0,221,0,221,17,71,248,4,340,221,0,221,561
04/15/2006,GRB,WI,AGL,CE,Combined TRACON& Tower with Radar,27,36,19,0,82,0,0,81,0,81,27,36,100,0,163,202,0,202,365
04/16/2006,GRB,WI,AGL,CE,Combined TRACON& Tower with Radar,15,47,7,0,69,0,0,0,0,0,15,47,7,0,69,4,0,4,73
04/17/2006,GRB,WI,AGL,CE,Combined TRACON& Tower with Radar,19,59,39,4,121,0,0,175,0,175,19,59,214,4,296,175,0,175,471
04/18/2006,GRB,WI,AGL,CE,Combined TRACON& Tower with Radar,31,57,52,1,141,0,0,0,0,0,31,57,52,1,141,178,0,178,319
04/19/2006,GRB,WI,AGL,CE,Combined TRACON& Tower with Radar,16,65,51,0,132,0,0,59,0,59,16,65,110,0,191,64,0,64,255
04/20/2006,GRB,WI,AGL,CE,Combined TRACON& Tower with Radar,16,75,35,3,129,0,0,82,0,82,16,75,117,3,211,227,0,227,438
04/21/2006,GRB,WI,AGL,CE,Combined TRACON& Tower with Radar,22,72,30,0,124,0,0,79,0,79,22,72,109,0,203,79,0,79,282
04/22/2006,GRB,WI,AGL,CE,Combined TRACON& Tower with Radar,17,40,32,2,91,0,0,43,0,43,17,40,75,2,134,73,0,73,207
04/23/2006,GRB,WI,AGL,CE,Combined TRACON& Tower with Radar,17,46,19,0,82,0,0,110,0,110,17,46,129,0,192,110,0,110,302
04/24/2006,GRB,WI,AGL,CE,Combined TRACON& Tower with Radar,17,63,37,2,119,0,0,0,0,0,17,63,37,2,119,33,10,43,162
04/25/2006,GRB,WI,AGL,CE,Combined TRACON& Tower with Radar,22,52,47,0,121,0,0,54,0,54,22,52,101,0,175,222,0,222,397
04/26/2006,GRB,WI,AGL,CE,Combined TRACON& Tower with Radar,21,77,50,0,148,0,0,0,0,0,21,77,50,0,148,168,0,168,316
04/27/2006,GRB,WI,AGL,CE,Combined TRACON& Tower with Radar,15,82,36,0,133,0,0,85,0,85,15,82,121,0,218,218,0,218,436
04/28/2006,GRB,WI,AGL,CE,Combined TRACON& Tower with Radar,16,70,41,0,127,0,0,0,0,0,16,70,41,0,127,391,0,391,518
04/29/2006,GRB,WI,AGL,CE,Combined TRACON& Tower with Radar,13,45,18,0,76,0,0,64,0,64,13,45,82,0,140,64,0,64,204
04/30/2006,GRB,WI,AGL,CE,Combined TRACON& Tower with Radar,0,0,0,0,0,0,0,0,0,0,0,0,0,0,0,16,0,16,16
05/01/2006,GRB,WI,AGL,CE,Combined TRACON& Tower with Radar,12,53,42,0,107,0,0,0,0,0,12,53,42,0,107,4,0,4,111
05/02/2006,GRB,WI,AGL,CE,Combined TRACON& Tower with Radar,21,72,47,0,140,0,0,40,0,40,21,72,87,0,180,162,0,162,342
05/03/2006,GRB,WI,AGL,CE,Combined TRACON& Tower with Radar,18,77,65,0,160,0,0,0,0,0,18,77,65,0,160,205,0,205,365
05/04/2006,GRB,WI,AGL,CE,Combined TRACON& Tower with Radar,14,66,35,1,116,0,0,0,0,0,14,66,35,1,116,87,0,87,203
05/05/2006,GRB,WI,AGL,CE,Combined TRACON& Tower with Radar,15,63,47,2,127,0,0,52,0,52,15,63,99,2,179,146,0,146,325
05/06/2006,GRB,WI,AGL,CE,Combined TRACON& Tower with Radar,15,43,23,2,83,1,0,0,0,1,16,43,23,2,84,110,0,110,194
05/07/2006,GRB,WI,AGL,CE,Combined TRACON& Tower with Radar,16,44,28,2,90,0,0,0,0,0,16,44,28,2,90,260,0,260,350
05/08/2006,GRB,WI,AGL,CE,Combined TRACON& Tower with Radar,14,68,42,0,124,0,0,47,0,47,14,68,89,0,171,98,0,98,269
05/09/2006,GRB,WI,AGL,CE,Combined TRACON& Tower with Radar,0,0,0,0,0,0,0,0,0,0,0,0,0,0,0,65,0,65,65
05/10/2006,GRB,WI,AGL,CE,Combined TRACON& Tower with Radar,14,82,58,0,154,0,0,0,0,0,14,82,58,0,154,78,0,78,232
05/11/2006,GRB,WI,AGL,CE,Combined TRACON& Tower with Radar,16,58,20,0,94,0,0,4,0,4,16,58,24,0,98,0,0,0,98
05/12/2006,GRB,WI,AGL,CE,Combined TRACON& Tower with Radar,21,65,44,0,130,0,0,0,0,0,21,65,44,0,130,0,0,0,130
05/13/2006,GRB,WI,AGL,CE,Combined TRACON& Tower with Radar,15,38,22,0,75,0,0,0,0,0,15,38,22,0,75,19,0,19,94
05/14/2006,GRB,WI,AGL,CE,Combined TRACON& Tower with Radar,20,38,17,0,75,0,0,0,0,0,20,38,17,0,75,0,0,0,75
05/15/2006,GRB,WI,AGL,CE,Combined TRACON& Tower with Radar,18,69,50,0,137,0,0,21,0,21,18,69,71,0,158,24,0,24,182
05/16/2006,GRB,WI,AGL,CE,Combined TRACON& Tower with Radar,20,71,42,2,135,0,0,210,0,210,20,71,252,2,345,210,0,210,555
05/17/2006,GRB,WI,AGL,CE,Combined TRACON& Tower with Radar,17,64,33,0,114,0,0,18,0,18,17,64,51,0,132,24,0,24,156
05/18/2006,GRB,WI,AGL,CE,Combined TRACON& Tower with Radar,0,0,0,0,0,0,0,0,0,0,0,0,0,0,0,62,0,62,62
05/19/2006,GRB,WI,AGL,CE,Combined TRACON& Tower with Radar,16,71,54,10,151,0,0,0,0,0,16,71,54,10,151,186,0,186,337
05/20/2006,GRB,WI,AGL,CE,Combined TRACON& Tower with Radar,13,44,21,0,78,0,0,0,0,0,13,44,21,0,78,82,0,82,160
05/21/2006,GRB,WI,AGL,CE,Combined TRACON& Tower with Radar,14,53,26,4,97,0,0,59,0,59,14,53,85,4,156,96,8,104,260
05/22/2006,GRB,WI,AGL,CE,Combined TRACON& Tower with Radar,21,62,33,1,117,0,0,115,0,115,21,62,148,1,232,115,0,115,347
05/23/2006,GRB,WI,AGL,CE,Combined TRACON& Tower with Radar,18,61,55,0,134,0,0,0,0,0,18,61,55,0,134,195,0,195,329
05/24/2006,GRB,WI,AGL,CE,Combined TRACON& Tower with Radar,14,64,29,4,111,0,0,0,0,0,14,64,29,4,111,162,12,174,285
05/25/2006,GRB,WI,AGL,CE,Combined TRACON& Tower with Radar,16,63,47,2,128,0,0,0,0,0,16,63,47,2,128,22,0,22,150
05/26/2006,GRB,WI,AGL,CE,Combined TRACON& Tower with Radar,14,58,47,1,120,0,0,102,0,102,14,58,149,1,222,117,2,119,341
05/27/2006,GRB,WI,AGL,CE,Combined TRACON& Tower with Radar,1,44,29,0,74,0,0,0,0,0,1,44,29,0,74,71,0,71,145
05/28/2006,GRB,WI,AGL,CE,Combined TRACON& Tower with Radar,14,38,23,0,75,0,0,0,0,0,14,38,23,0,75,71,0,71,146
05/29/2006,GRB,WI,AGL,CE,Combined TRACON& Tower with Radar,12,56,20,0,88,0,0,0,0,0,12,56,20,0,88,104,0,104,192
05/30/2006,GRB,WI,AGL,CE,Combined TRACON& Tower with Radar,15,59,43,2,119,0,0,0,0,0,15,59,43,2,119,198,0,198,317
05/31/2006,GRB,WI,AGL,CE,Combined TRACON& Tower with Radar,16,63,61,0,140,0,0,0,0,0,16,63,61,0,140,264,0,264,404
06/01/2006,GRB,WI,AGL,CE,Combined TRACON& Tower with Radar,18,63,41,4,126,0,0,69,0,69,18,63,110,4,195,81,14,95,290
06/02/2006,GRB,WI,AGL,CE,Combined TRACON& Tower with Radar,18,80,53,3,154,0,0,0,0,0,18,80,53,3,154,129,6,135,289
06/03/2006,GRB,WI,AGL,CE,Combined TRACON& Tower with Radar,13,41,26,0,80,0,0,0,0,0,13,41,26,0,80,190,0,190,270
06/04/2006,GRB,WI,AGL,CE,Combined TRACON& Tower with Radar,18,44,24,4,90,0,0,334,0,334,18,44,358,4,424,334,0,334,758
06/05/2006,GRB,WI,AGL,CE,Combined TRACON& Tower with Radar,22,56,44,6,128,0,0,204,0,204,22,56,248,6,332,204,0,204,536
06/06/2006,GRB,WI,AGL,CE,Combined TRACON& Tower with Radar,19,85,81,3,188,0,0,0,0,0,19,85,81,3,188,0,0,0,188
06/07/2006,GRB,WI,AGL,CE,Combined TRACON& Tower with Radar,15,75,48,0,138,0,0,72,0,72,15,75,120,0,210,275,0,275,485
06/08/2006,GRB,WI,AGL,CE,Combined TRACON& Tower with Radar,20,69,43,9,141,0,0,86,0,86,20,69,129,9,227,120,8,128,355
06/09/2006,GRB,WI,AGL,CE,Combined TRACON& Tower with Radar,19,72,60,2,153,0,0,138,0,138,19,72,198,2,291,138,0,138,429
06/10/2006,GRB,WI,AGL,CE,Combined TRACON& Tower with Radar,10,44,23,0,77,0,0,425,0,425,10,44,448,0,502,116,0,116,618
06/11/2006,GRB,WI,AGL,CE,Combined TRACON& Tower with Radar,0,0,0,0,0,0,0,0,0,0,0,0,0,0,0,94,0,94,94
06/12/2006,GRB,WI,AGL,CE,Combined TRACON& Tower with Radar,16,64,40,0,120,0,0,0,0,0,16,64,40,0,120,244,0,244,364
06/13/2006,GRB,WI,AGL,CE,Combined TRACON& Tower with Radar,15,56,55,0,126,0,0,0,0,0,15,56,55,0,126,433,0,433,559
06/14/2006,GRB,WI,AGL,CE,Combined TRACON& Tower with Radar,18,66,49,0,133,0,0,48,0,48,18,66,97,0,181,228,0,228,409
06/15/2006,GRB,WI,AGL,CE,Combined TRACON& Tower with Radar,0,0,0,0,0,0,0,0,0,0,0,0,0,0,0,154,0,154,154
06/16/2006,GRB,WI,AGL,CE,Combined TRACON& Tower with Radar,17,63,29,14,123,0,0,283,0,283,17,63,312,14,406,283,0,283,689
06/17/2006,GRB,WI,AGL,CE,Combined TRACON& Tower with Radar,20,44,24,2,90,0,0,0,0,0,20,44,24,2,90,35,0,35,125
06/18/2006,GRB,WI,AGL,CE,Combined TRACON& Tower with Radar,0,0,0,0,0,0,0,0,0,0,0,0,0,0,0,2,0,2,2
06/19/2006,GRB,WI,AGL,CE,Combined TRACON& Tower with Radar,19,53,38,0,110,0,0,0,0,0,19,53,38,0,110,266,0,266,376
06/20/2006,GRB,WI,AGL,CE,Combined TRACON& Tower with Radar,15,73,67,0,155,0,0,86,0,86,15,73,153,0,241,107,0,107,348
06/21/2006,GRB,WI,AGL,CE,Combined TRACON& Tower with Radar,0,0,0,0,0,0,0,0,0,0,0,0,0,0,0,184,0,184,184
06/22/2006,GRB,WI,AGL,CE,Combined TRACON& Tower with Radar,18,63,68,0,149,0,0,0,0,0,18,63,68,0,149,264,0,264,413
06/23/2006,GRB,WI,AGL,CE,Combined TRACON& Tower with Radar,15,65,36,0,116,0,0,101,0,101,15,65,137,0,217,207,0,207,424
06/24/2006,GRB,WI,AGL,CE,Combined TRACON& Tower with Radar,12,38,23,0,73,0,0,46,0,46,12,38,69,0,119,39,0,39,158
06/25/2006,GRB,WI,AGL,CE,Combined TRACON& Tower with Radar,21,48,36,0,105,0,0,0,0,0,21,48,36,0,105,76,0,76,181
06/26/2006,GRB,WI,AGL,CE,Combined TRACON& Tower with Radar,19,59,45,0,123,0,0,0,0,0,19,59,45,0,123,159,0,159,282
06/27/2006,GRB,WI,AGL,CE,Combined TRACON& Tower with Radar,16,60,34,0,110,0,0,0,0,0,16,60,34,0,110,183,0,183,293
06/28/2006,GRB,WI,AGL,CE,Combined TRACON& Tower with Radar,15,65,61,3,144,0,0,0,0,0,15,65,61,3,144,146,0,146,290
06/29/2006,GRB,WI,AGL,CE,Combined TRACON& Tower with Radar,16,60,63,0,139,0,0,90,0,90,16,60,153,0,229,91,0,91,320
06/30/2006,GRB,WI,AGL,CE,Combined TRACON& Tower with Radar,19,54,57,0,130,0,0,108,0,108,19,54,165,0,238,108,0,108,346
07/01/2006,GRB,WI,AGL,CE,Combined TRACON& Tower with Radar,19,42,19,1,81,0,0,0,0,0,19,42,19,1,81,75,0,75,156
07/02/2006,GRB,WI,AGL,CE,Combined TRACON& Tower with Radar,12,46,7,0,65,0,0,47,0,47,12,46,54,0,112,177,0,177,289
07/03/2006,GRB,WI,AGL,CE,Combined TRACON& Tower with Radar,14,53,16,0,83,0,0,48,0,48,14,53,64,0,131,39,0,39,170
07/04/2006,GRB,WI,AGL,CE,Combined TRACON& Tower with Radar,14,43,18,0,75,0,0,0,0,0,14,43,18,0,75,75,0,75,150
07/05/2006,GRB,WI,AGL,CE,Combined TRACON& Tower with Radar,20,60,46,2,128,0,0,0,0,0,20,60,46,2,128,142,0,142,270
07/06/2006,GRB,WI,AGL,CE,Combined TRACON& Tower with Radar,24,62,38,2,126,0,0,0,0,0,24,62,38,2,126,255,0,255,381
07/07/2006,GRB,WI,AGL,CE,Combined TRACON& Tower with Radar,31,62,46,2,141,0,0,0,0,0,31,62,46,2,141,234,2,236,377
07/08/2006,GRB,WI,AGL,CE,Combined TRACON& Tower with Radar,14,46,15,0,75,0,0,0,0,0,14,46,15,0,75,226,0,226,301
07/09/2006,GRB,WI,AGL,CE,Combined TRACON& Tower with Radar,13,58,34,0,105,0,0,70,0,70,13,58,104,0,175,90,0,90,265
07/10/2006,GRB,WI,AGL,CE,Combined TRACON& Tower with Radar,20,68,36,0,124,0,0,71,0,71,20,68,107,0,195,213,0,213,408
07/11/2006,GRB,WI,AGL,CE,Combined TRACON& Tower with Radar,16,64,40,0,120,0,0,45,0,45,16,64,85,0,165,101,0,101,266
07/12/2006,GRB,WI,AGL,CE,Combined TRACON& Tower with Radar,18,72,53,2,145,0,0,80,0,80,18,72,133,2,225,191,0,191,416
07/13/2006,GRB,WI,AGL,CE,Combined TRACON& Tower with Radar,26,59,54,0,139,0,0,0,0,0,26,59,54,0,139,172,0,172,311
07/14/2006,GRB,WI,AGL,CE,Combined TRACON& Tower with Radar,23,68,34,0,125,0,0,44,0,44,23,68,78,0,169,87,0,87,256
07/15/2006,GRB,WI,AGL,CE,Combined TRACON& Tower with Radar,15,47,25,0,87,0,0,0,0,0,15,47,25,0,87,170,0,170,257
07/16/2006,GRB,WI,AGL,CE,Combined TRACON& Tower with Radar,17,51,41,0,109,0,0,81,0,81,17,51,122,0,190,90,0,90,280
07/17/2006,GRB,WI,AGL,CE,Combined TRACON& Tower with Radar,24,54,45,0,123,0,0,0,0,0,24,54,45,0,123,105,0,105,228
07/18/2006,GRB,WI,AGL,CE,Combined TRACON& Tower with Radar,22,56,39,0,117,0,0,66,0,66,22,56,105,0,183,134,0,134,317
07/19/2006,GRB,WI,AGL,CE,Combined TRACON& Tower with Radar,19,56,40,0,115,0,0,0,0,0,19,56,40,0,115,362,0,362,477
07/20/2006,GRB,WI,AGL,CE,Combined TRACON& Tower with Radar,26,62,51,0,139,0,0,48,0,48,26,62,99,0,187,282,0,282,469
07/21/2006,GRB,WI,AGL,CE,Combined TRACON& Tower with Radar,16,63,36,2,117,0,0,61,0,61,16,63,97,2,178,81,0,81,259
07/22/2006,GRB,WI,AGL,CE,Combined TRACON& Tower with Radar,12,50,30,0,92,0,0,0,0,0,12,50,30,0,92,302,0,302,394
07/23/2006,GRB,WI,AGL,CE,Combined TRACON& Tower with Radar,14,55,73,0,142,0,0,101,0,101,14,55,174,0,243,15,0,15,258
07/24/2006,GRB,WI,AGL,CE,Combined TRACON& Tower with Radar,28,60,59,0,147,0,0,0,0,0,28,60,59,0,147,75,0,75,222
07/25/2006,GRB,WI,AGL,CE,Combined TRACON& Tower with Radar,23,66,89,0,178,0,0,0,0,0,23,66,89,0,178,348,12,360,538
07/26/2006,GRB,WI,AGL,CE,Combined TRACON& Tower with Radar,17,66,113,0,196,0,0,0,0,0,17,66,113,0,196,33,0,33,229
07/27/2006,GRB,WI,AGL,CE,Combined TRACON& Tower with Radar,15,56,137,2,210,0,0,126,0,126,15,56,263,2,336,265,0,265,601
07/28/2006,GRB,WI,AGL,CE,Combined TRACON& Tower with Radar,20,68,123,3,214,0,0,104,0,104,20,68,227,3,318,372,0,372,690
07/29/2006,GRB,WI,AGL,CE,Combined TRACON& Tower with Radar,17,59,63,0,139,0,0,51,0,51,17,59,114,0,190,0,0,0,190
07/30/2006,GRB,WI,AGL,CE,Combined TRACON& Tower with Radar,19,48,84,0,151,0,0,0,0,0,19,48,84,0,151,12,0,12,163
07/31/2006,GRB,WI,AGL,CE,Combined TRACON& Tower with Radar,16,61,45,0,122,0,0,0,0,0,16,61,45,0,122,197,0,197,319
08/01/2006,GRB,WI,AGL,CE,Combined TRACON& Tower with Radar,20,60,50,0,130,0,0,55,0,55,20,60,105,0,185,402,0,402,587
08/02/2006,GRB,WI,AGL,CE,Combined TRACON& Tower with Radar,20,81,44,0,145,0,0,0,0,0,20,81,44,0,145,306,0,306,451
08/03/2006,GRB,WI,AGL,CE,Combined TRACON& Tower with Radar,20,67,60,0,147,0,0,126,0,126,20,67,186,0,273,126,0,126,399
08/04/2006,GRB,WI,AGL,CE,Combined TRACON& Tower with Radar,16,67,39,3,125,0,0,0,0,0,16,67,39,3,125,383,0,383,508
08/05/2006,GRB,WI,AGL,CE,Combined TRACON& Tower with Radar,22,46,17,6,91,0,0,0,0,0,22,46,17,6,91,14,0,14,105
08/06/2006,GRB,WI,AGL,CE,Combined TRACON& Tower with Radar,17,52,20,1,90,0,0,11,0,11,17,52,31,1,101,11,0,11,112
08/07/2006,GRB,WI,AGL,CE,Combined TRACON& Tower with Radar,18,57,44,6,125,0,0,0,0,0,18,57,44,6,125,437,0,437,562
08/08/2006,GRB,WI,AGL,CE,Combined TRACON& Tower with Radar,22,63,43,0,128,0,0,71,0,71,22,63,114,0,199,149,0,149,348
08/09/2006,GRB,WI,AGL,CE,Combined TRACON& Tower with Radar,20,60,56,9,145,0,0,0,0,0,20,60,56,9,145,135,0,135,280
08/10/2006,GRB,WI,AGL,CE,Combined TRACON& Tower with Radar,14,57,26,4,101,0,0,0,0,0,14,57,26,4,101,81,0,81,182
08/11/2006,GRB,WI,AGL,CE,Combined TRACON& Tower with Radar,0,0,0,0,0,0,0,0,0,0,0,0,0,0,0,82,0,82,82
08/12/2006,GRB,WI,AGL,CE,Combined TRACON& Tower with Radar,14,39,13,0,66,0,0,0,0,0,14,39,13,0,66,270,0,270,336
08/13/2006,GRB,WI,AGL,CE,Combined TRACON& Tower with Radar,22,42,22,0,86,0,0,0,0,0,22,42,22,0,86,321,0,321,407
08/14/2006,GRB,WI,AGL,CE,Combined TRACON& Tower with Radar,20,62,48,0,130,0,0,0,0,0,20,62,48,0,130,249,0,249,379
08/15/2006,GRB,WI,AGL,CE,Combined TRACON& Tower with Radar,0,0,0,0,0,0,0,0,0,0,0,0,0,0,0,350,0,350,350
08/16/2006,GRB,WI,AGL,CE,Combined TRACON& Tower with Radar,21,70,43,0,134,0,0,257,0,257,21,70,300,0,391,257,0,257,648
08/17/2006,GRB,WI,AGL,CE,Combined TRACON& Tower with Radar,20,56,47,2,125,0,0,32,0,32,20,56,79,2,157,189,0,189,346
08/18/2006,GRB,WI,AGL,CE,Combined TRACON& Tower with Radar,18,58,35,2,113,0,0,161,0,161,18,58,196,2,274,161,0,161,435
08/19/2006,GRB,WI,AGL,CE,Combined TRACON& Tower with Radar,23,50,33,0,106,0,0,0,0,0,23,50,33,0,106,35,0,35,141
08/20/2006,GRB,WI,AGL,CE,Combined TRACON& Tower with Radar,13,46,19,2,80,0,0,0,0,0,13,46,19,2,80,298,0,298,378
08/21/2006,GRB,WI,AGL,CE,Combined TRACON& Tower with Radar,20,64,36,0,120,0,0,42,0,42,20,64,78,0,162,61,0,61,223
08/22/2006,GRB,WI,AGL,CE,Combined TRACON& Tower with Radar,23,62,33,0,118,0,0,224,0,224,23,62,257,0,342,224,0,224,566
08/23/2006,GRB,WI,AGL,CE,Combined TRACON& Tower with Radar,26,60,27,0,113,0,0,22,0,22,26,60,49,0,135,63,0,63,198
08/24/2006,GRB,WI,AGL,CE,Combined TRACON& Tower with Radar,24,50,31,2,107,0,0,0,0,0,24,50,31,2,107,144,0,144,251
08/25/2006,GRB,WI,AGL,CE,Combined TRACON& Tower with Radar,22,64,37,0,123,0,0,0,9,9,22,64,37,9,132,186,0,186,318
08/26/2006,GRB,WI,AGL,CE,Combined TRACON& Tower with Radar,16,44,23,0,83,0,0,10,0,10,16,44,33,0,93,181,0,181,274
08/27/2006,GRB,WI,AGL,CE,Combined TRACON& Tower with Radar,24,52,42,0,118,0,0,0,0,0,24,52,42,0,118,316,0,316,434
08/28/2006,GRB,WI,AGL,CE,Combined TRACON& Tower with Radar,19,58,39,0,116,0,0,0,0,0,19,58,39,0,116,290,0,290,406
08/29/2006,GRB,WI,AGL,CE,Combined TRACON& Tower with Radar,25,71,56,0,152,0,0,0,0,0,25,71,56,0,152,141,0,141,293
08/30/2006,GRB,WI,AGL,CE,Combined TRACON& Tower with Radar,21,74,52,7,154,0,0,87,0,87,21,74,139,7,241,87,0,87,328
08/31/2006,GRB,WI,AGL,CE,Combined TRACON& Tower with Radar,32,52,55,0,139,0,0,0,0,0,32,52,55,0,139,136,0,136,275
09/01/2006,GRB,WI,AGL,CE,Combined TRACON& Tower with Radar,27,60,75,2,164,0,0,109,0,109,27,60,184,2,273,164,0,164,437
09/02/2006,GRB,WI,AGL,CE,Combined TRACON& Tower with Radar,13,43,24,0,80,0,0,279,0,279,13,43,303,0,359,279,0,279,638
09/03/2006,GRB,WI,AGL,CE,Combined TRACON& Tower with Radar,12,41,20,0,73,0,0,184,0,184,12,41,204,0,257,184,0,184,441
09/04/2006,GRB,WI,AGL,CE,Combined TRACON& Tower with Radar,16,49,20,0,85,0,0,38,0,38,16,49,58,0,123,15,0,15,138
09/05/2006,GRB,WI,AGL,CE,Combined TRACON& Tower with Radar,25,46,48,0,119,0,0,35,0,35,25,46,83,0,154,170,0,170,324
09/06/2006,GRB,WI,AGL,CE,Combined TRACON& Tower with Radar,24,62,59,0,145,0,0,0,0,0,24,62,59,0,145,274,0,274,419
09/07/2006,GRB,WI,AGL,CE,Combined TRACON& Tower with Radar,23,58,43,0,124,0,0,48,0,48,23,58,91,0,172,54,0,54,226
09/08/2006,GRB,WI,AGL,CE,Combined TRACON& Tower with Radar,21,59,36,6,122,0,0,29,0,29,21,59,65,6,151,55,0,55,206
09/09/2006,GRB,WI,AGL,CE,Combined TRACON& Tower with Radar,16,39,45,0,100,0,0,0,0,0,16,39,45,0,100,169,0,169,269
09/10/2006,GRB,WI,AGL,CE,Combined TRACON& Tower with Radar,14,69,170,4,257,0,0,98,0,98,14,69,268,4,355,98,0,98,453
09/11/2006,GRB,WI,AGL,CE,Combined TRACON& Tower with Radar,23,57,62,2,144,0,0,30,0,30,23,57,92,2,174,30,0,30,204
09/12/2006,GRB,WI,AGL,CE,Combined TRACON& Tower with Radar,24,65,51,0,140,0,0,122,0,122,24,65,173,0,262,122,0,122,384
09/13/2006,GRB,WI,AGL,CE,Combined TRACON& Tower with Radar,17,68,62,0,147,0,0,49,0,49,17,68,111,0,196,126,0,126,322
09/14/2006,GRB,WI,AGL,CE,Combined TRACON& Tower with Radar,19,60,44,0,123,0,0,60,0,60,19,60,104,0,183,232,0,232,415
09/15/2006,GRB,WI,AGL,CE,Combined TRACON& Tower with Radar,21,61,43,5,130,0,0,180,0,180,21,61,223,5,310,180,0,180,490
09/16/2006,GRB,WI,AGL,CE,Combined TRACON& Tower with Radar,0,0,0,0,0,0,0,0,0,0,0,0,0,0,0,75,0,75,75
09/17/2006,GRB,WI,AGL,CE,Combined TRACON& Tower with Radar,19,47,76,0,142,0,0,0,0,0,19,47,76,0,142,11,0,11,153
09/18/2006,GRB,WI,AGL,CE,Combined TRACON& Tower with Radar,17,58,39,3,117,0,0,98,0,98,17,58,137,3,215,98,0,98,313
09/19/2006,GRB,WI,AGL,CE,Combined TRACON& Tower with Radar,13,66,37,0,116,0,0,45,0,45,13,66,82,0,161,126,0,126,287
09/20/2006,GRB,WI,AGL,CE,Combined TRACON& Tower with Radar,26,56,62,3,147,0,0,79,0,79,26,56,141,3,226,240,0,240,466
09/21/2006,GRB,WI,AGL,CE,Combined TRACON& Tower with Radar,20,67,33,1,121,0,0,237,0,237,20,67,270,1,358,237,0,237,595
09/22/2006,GRB,WI,AGL,CE,Combined TRACON& Tower with Radar,26,55,50,0,131,0,0,0,0,0,26,55,50,0,131,56,0,56,187
09/23/2006,GRB,WI,AGL,CE,Combined TRACON& Tower with Radar,17,37,36,0,90,0,0,0,0,0,17,37,36,0,90,9,0,9,99
09/24/2006,GRB,WI,AGL,CE,Combined TRACON& Tower with Radar,22,45,30,0,97,0,0,0,0,0,22,45,30,0,97,99,0,99,196
09/25/2006,GRB,WI,AGL,CE,Combined TRACON& Tower with Radar,25,69,43,0,137,0,0,0,0,0,25,69,43,0,137,193,0,193,330
09/26/2006,GRB,WI,AGL,CE,Combined TRACON& Tower with Radar,29,50,17,0,96,0,0,66,0,66,29,50,83,0,162,222,0,222,384
09/27/2006,GRB,WI,AGL,CE,Combined TRACON& Tower with Radar,16,64,48,0,128,0,0,30,0,30,16,64,78,0,158,22,0,22,180
09/28/2006,GRB,WI,AGL,CE,Combined TRACON& Tower with Radar,21,56,60,0,137,0,0,38,0,38,21,56,98,0,175,94,0,94,269
09/29/2006,GRB,WI,AGL,CE,Combined TRACON& Tower with Radar,0,0,0,0,0,0,0,0,0,0,0,0,0,0,0,130,0,130,130
09/30/2006,GRB,WI,AGL,CE,Combined TRACON& Tower with Radar,0,0,0,0,0,0,0,0,0,0,0,0,0,0,0,51,0,51,51
10/01/2006,GRB,WI,AGL,CE,Combined TRACON& Tower with Radar,21,50,46,0,117,0,0,0,0,0,21,50,46,0,117,72,0,72,189
10/02/2006,GRB,WI,AGL,CE,Combined TRACON& Tower with Radar,14,50,22,0,86,0,0,0,0,0,14,50,22,0,86,47,0,47,133
10/03/2006,GRB,WI,AGL,CE,Combined TRACON& Tower with Radar,11,65,39,0,115,0,0,70,0,70,11,65,109,0,185,70,0,70,255
10/04/2006,GRB,WI,AGL,CE,Combined TRACON& Tower with Radar,12,68,35,0,115,0,0,27,0,27,12,68,62,0,142,34,0,34,176
10/05/2006,GRB,WI,AGL,CE,Combined TRACON& Tower with Radar,28,73,55,4,160,0,0,51,0,51,28,73,106,4,211,114,0,114,325
10/06/2006,GRB,WI,AGL,CE,Combined TRACON& Tower with Radar,23,53,35,0,111,0,0,0,0,0,23,53,35,0,111,360,0,360,471
10/07/2006,GRB,WI,AGL,CE,Combined TRACON& Tower with Radar,18,46,39,4,107,0,0,0,0,0,18,46,39,4,107,124,0,124,231
10/08/2006,GRB,WI,AGL,CE,Combined TRACON& Tower with Radar,18,74,128,9,229,0,0,52,0,52,18,74,180,9,281,128,0,128,409
10/09/2006,GRB,WI,AGL,CE,Combined TRACON& Tower with Radar,24,62,51,2,139,0,0,0,0,0,24,62,51,2,139,319,0,319,458
10/10/2006,GRB,WI,AGL,CE,Combined TRACON& Tower with Radar,14,69,58,4,145,0,0,0,0,0,14,69,58,4,145,198,0,198,343
10/11/2006,GRB,WI,AGL,CE,Combined TRACON& Tower with Radar,0,0,0,0,0,0,0,0,0,0,0,0,0,0,0,0,0,0,0
10/12/2006,GRB,WI,AGL,CE,Combined TRACON& Tower with Radar,16,50,33,0,99,0,0,0,0,0,16,50,33,0,99,69,0,69,168
10/13/2006,GRB,WI,AGL,CE,Combined TRACON& Tower with Radar,19,53,28,2,102,0,0,8,0,8,19,53,36,2,110,0,0,0,110
10/14/2006,GRB,WI,AGL,CE,Combined TRACON& Tower with Radar,15,38,23,3,79,0,0,48,0,48,15,38,71,3,127,54,0,54,181
10/15/2006,GRB,WI,AGL,CE,Combined TRACON& Tower with Radar,16,51,39,2,108,0,6,95,0,101,16,57,134,2,209,229,0,229,438
10/16/2006,GRB,WI,AGL,CE,Combined TRACON& Tower with Radar,17,62,40,0,119,0,0,0,0,0,17,62,40,0,119,0,0,0,119
10/17/2006,GRB,WI,AGL,CE,Combined TRACON& Tower with Radar,22,63,39,2,126,0,0,25,0,25,22,63,64,2,151,153,0,153,304
10/18/2006,GRB,WI,AGL,CE,Combined TRACON& Tower with Radar,18,70,41,0,129,0,0,0,0,0,18,70,41,0,129,42,0,42,171
10/19/2006,GRB,WI,AGL,CE,Combined TRACON& Tower with Radar,14,58,40,0,112,0,0,33,0,33,14,58,73,0,145,232,0,232,377
10/20/2006,GRB,WI,AGL,CE,Combined TRACON& Tower with Radar,13,59,46,0,118,0,0,39,0,39,13,59,85,0,157,44,0,44,201
10/21/2006,GRB,WI,AGL,CE,Combined TRACON& Tower with Radar,12,41,22,0,75,0,0,24,0,24,12,41,46,0,99,37,0,37,136
10/22/2006,GRB,WI,AGL,CE,Combined TRACON& Tower with Radar,11,42,27,0,80,0,0,59,0,59,11,42,86,0,139,59,0,59,198
10/23/2006,GRB,WI,AGL,CE,Combined TRACON& Tower with Radar,0,0,0,0,0,0,0,0,0,0,0,0,0,0,0,74,0,74,74
10/24/2006,GRB,WI,AGL,CE,Combined TRACON& Tower with Radar,16,73,28,0,117,0,0,0,1,1,16,73,28,1,118,165,0,165,283
10/25/2006,GRB,WI,AGL,CE,Combined TRACON& Tower with Radar,15,62,57,1,135,0,0,101,0,101,15,62,158,1,236,196,0,196,432
10/26/2006,GRB,WI,AGL,CE,Combined TRACON& Tower with Radar,24,49,36,0,109,0,0,51,0,51,24,49,87,0,160,133,0,133,293
10/27/2006,GRB,WI,AGL,CE,Combined TRACON& Tower with Radar,23,50,53,4,130,0,0,62,0,62,23,50,115,4,192,334,0,334,526
10/28/2006,GRB,WI,AGL,CE,Combined TRACON& Tower with Radar,16,46,43,1,106,0,0,0,0,0,16,46,43,1,106,43,1,44,150
10/29/2006,GRB,WI,AGL,CE,Combined TRACON& Tower with Radar,16,67,74,0,157,0,0,46,0,46,16,67,120,0,203,88,0,88,291
10/30/2006,GRB,WI,AGL,CE,Combined TRACON& Tower with Radar,28,41,33,0,102,0,0,0,0,0,28,41,33,0,102,79,0,79,181
10/31/2006,GRB,WI,AGL,CE,Combined TRACON& Tower with Radar,0,0,0,0,0,0,0,0,0,0,0,0,0,0,0,24,0,24,24
11/01/2006,GRB,WI,AGL,CE,Combined TRACON& Tower with Radar,18,66,50,0,134,0,0,0,0,0,18,66,50,0,134,12,0,12,146
11/02/2006,GRB,WI,AGL,CE,Combined TRACON& Tower with Radar,20,57,41,3,121,0,0,25,0,25,20,57,66,3,146,84,0,84,230
11/03/2006,GRB,WI,AGL,CE,Combined TRACON& Tower with Radar,24,53,330,3,410,0,0,0,0,0,24,53,330,3,410,293,0,293,703
11/04/2006,GRB,WI,AGL,CE,Combined TRACON& Tower with Radar,14,47,35,2,98,0,0,268,0,268,14,47,303,2,366,210,0,210,576
11/05/2006,GRB,WI,AGL,CE,Combined TRACON& Tower with Radar,12,50,42,2,106,0,0,0,0,0,12,50,42,2,106,175,0,175,281
11/06/2006,GRB,WI,AGL,CE,Combined TRACON& Tower with Radar,20,57,50,4,131,0,0,156,0,156,20,57,206,4,287,156,0,156,443
11/07/2006,GRB,WI,AGL,CE,Combined TRACON& Tower with Radar,20,61,61,0,142,0,0,0,0,0,20,61,61,0,142,151,0,151,293
11/08/2006,GRB,WI,AGL,CE,Combined TRACON& Tower with Radar,19,70,43,0,132,0,0,67,0,67,19,70,110,0,199,124,0,124,323
11/09/2006,GRB,WI,AGL,CE,Combined TRACON& Tower with Radar,17,63,48,0,128,0,0,77,0,77,17,63,125,0,205,104,0,104,309
11/10/2006,GRB,WI,AGL,CE,Combined TRACON& Tower with Radar,24,54,21,0,99,0,0,0,0,0,24,54,21,0,99,122,0,122,221
11/11/2006,GRB,WI,AGL,CE,Combined TRACON& Tower with Radar,17,46,18,0,81,0,0,45,0,45,17,46,63,0,126,53,0,53,179
11/12/2006,GRB,WI,AGL,CE,Combined TRACON& Tower with Radar,15,50,48,0,113,0,0,0,0,0,15,50,48,0,113,114,0,114,227
11/13/2006,GRB,WI,AGL,CE,Combined TRACON& Tower with Radar,0,0,0,0,0,0,0,0,0,0,0,0,0,0,0,0,0,0,0
11/14/2006,GRB,WI,AGL,CE,Combined TRACON& Tower with Radar,0,0,0,0,0,0,0,0,0,0,0,0,0,0,0,103,0,103,103
11/15/2006,GRB,WI,AGL,CE,Combined TRACON& Tower with Radar,0,0,0,0,0,0,0,0,0,0,0,0,0,0,0,102,0,102,102
11/16/2006,GRB,WI,AGL,CE,Combined TRACON& Tower with Radar,18,61,43,0,122,0,0,59,0,59,18,61,102,0,181,59,0,59,240
11/17/2006,GRB,WI,AGL,CE,Combined TRACON& Tower with Radar,22,58,37,2,119,0,0,0,0,0,22,58,37,2,119,191,0,191,310
11/18/2006,GRB,WI,AGL,CE,Combined TRACON& Tower with Radar,18,45,42,1,106,0,0,0,0,0,18,45,42,1,106,59,0,59,165
11/19/2006,GRB,WI,AGL,CE,Combined TRACON& Tower with Radar,19,60,98,0,177,0,0,0,0,0,19,60,98,0,177,131,0,131,308
11/20/2006,GRB,WI,AGL,CE,Combined TRACON& Tower with Radar,27,55,38,0,120,0,0,79,0,79,27,55,117,0,199,264,0,264,463
11/21/2006,GRB,WI,AGL,CE,Combined TRACON& Tower with Radar,18,54,47,0,119,0,0,74,0,74,18,54,121,0,193,74,0,74,267
11/22/2006,GRB,WI,AGL,CE,Combined TRACON& Tower with Radar,14,57,42,2,115,0,0,57,0,57,14,57,99,2,172,326,0,326,498
11/23/2006,GRB,WI,AGL,CE,Combined TRACON& Tower with Radar,13,32,1,0,46,0,0,26,0,26,13,32,27,0,72,50,0,50,122
11/24/2006,GRB,WI,AGL,CE,Combined TRACON& Tower with Radar,13,46,13,0,72,0,0,0,0,0,13,46,13,0,72,153,0,153,225
11/25/2006,GRB,WI,AGL,CE,Combined TRACON& Tower with Radar,10,50,21,0,81,0,0,0,0,0,10,50,21,0,81,258,0,258,339
11/26/2006,GRB,WI,AGL,CE,Combined TRACON& Tower with Radar,16,58,24,0,98,0,0,0,0,0,16,58,24,0,98,64,0,64,162
11/27/2006,GRB,WI,AGL,CE,Combined TRACON& Tower with Radar,18,54,18,0,90,0,0,0,0,0,18,54,18,0,90,0,0,0,90
11/28/2006,GRB,WI,AGL,CE,Combined TRACON& Tower with Radar,0,0,0,0,0,0,0,0,0,0,0,0,0,0,0,0,0,0,0
11/29/2006,GRB,WI,AGL,CE,Combined TRACON& Tower with Radar,0,0,0,0,0,0,0,0,0,0,0,0,0,0,0,50,0,50,50
11/30/2006,GRB,WI,AGL,CE,Combined TRACON& Tower with Radar,19,57,31,0,107,0,0,42,0,42,19,57,73,0,149,22,0,22,171
12/01/2006,GRB,WI,AGL,CE,Combined TRACON& Tower with Radar,0,0,0,0,0,0,0,0,0,0,0,0,0,0,0,34,0,34,34
12/02/2006,GRB,WI,AGL,CE,Combined TRACON& Tower with Radar,0,0,0,0,0,0,0,0,0,0,0,0,0,0,0,38,0,38,38
12/03/2006,GRB,WI,AGL,CE,Combined TRACON& Tower with Radar,17,59,80,4,160,0,0,9,0,9,17,59,89,4,169,57,0,57,226
12/04/2006,GRB,WI,AGL,CE,Combined TRACON& Tower with Radar,0,0,0,0,0,0,0,0,0,0,0,0,0,0,0,0,0,0,0
12/05/2006,GRB,WI,AGL,CE,Combined TRACON& Tower with Radar,24,66,40,0,130,0,0,44,0,44,24,66,84,0,174,271,0,271,445
12/06/2006,GRB,WI,AGL,CE,Combined TRACON& Tower with Radar,19,48,46,0,113,0,0,0,0,0,19,48,46,0,113,189,0,189,302
12/07/2006,GRB,WI,AGL,CE,Combined TRACON& Tower with Radar,25,68,63,0,156,0,0,45,0,45,25,68,108,0,201,130,0,130,331
12/08/2006,GRB,WI,AGL,CE,Combined TRACON& Tower with Radar,22,59,96,0,177,0,0,0,0,0,22,59,96,0,177,45,0,45,222
12/09/2006,GRB,WI,AGL,CE,Combined TRACON& Tower with Radar,15,48,24,0,87,0,0,182,0,182,15,48,206,0,269,182,0,182,451
12/10/2006,GRB,WI,AGL,CE,Combined TRACON& Tower with Radar,18,48,21,6,93,0,0,124,0,124,18,48,145,6,217,124,0,124,341
12/11/2006,GRB,WI,AGL,CE,Combined TRACON& Tower with Radar,14,52,28,0,94,0,0,31,0,31,14,52,59,0,125,256,0,256,381
12/12/2006,GRB,WI,AGL,CE,Combined TRACON& Tower with Radar,15,35,26,0,76,0,0,76,0,76,15,35,102,0,152,0,0,0,152
12/13/2006,GRB,WI,AGL,CE,Combined TRACON& Tower with Radar,24,55,37,0,116,0,0,0,0,0,24,55,37,0,116,91,0,91,207
12/14/2006,GRB,WI,AGL,CE,Combined TRACON& Tower with Radar,24,57,56,0,137,0,0,0,0,0,24,57,56,0,137,172,0,172,309
12/15/2006,GRB,WI,AGL,CE,Combined TRACON& Tower with Radar,23,70,67,0,160,0,0,278,0,278,23,70,345,0,438,278,0,278,716
12/16/2006,GRB,WI,AGL,CE,Combined TRACON& Tower with Radar,12,42,33,0,87,0,0,0,0,0,12,42,33,0,87,106,0,106,193
12/17/2006,GRB,WI,AGL,CE,Combined TRACON& Tower with Radar,15,59,78,0,152,0,0,0,0,0,15,59,78,0,152,24,0,24,176
12/18/2006,GRB,WI,AGL,CE,Combined TRACON& Tower with Radar,19,50,40,0,109,0,0,87,0,87,19,50,127,0,196,98,0,98,294
12/19/2006,GRB,WI,AGL,CE,Combined TRACON& Tower with Radar,20,60,60,0,140,0,0,0,0,0,20,60,60,0,140,262,0,262,402
12/20/2006,GRB,WI,AGL,CE,Combined TRACON& Tower with Radar,20,65,61,2,148,0,0,56,0,56,20,65,117,2,204,126,0,126,330
12/21/2006,GRB,WI,AGL,CE,Combined TRACON& Tower with Radar,24,56,118,0,198,0,0,0,0,0,24,56,118,0,198,135,0,135,333
12/22/2006,GRB,WI,AGL,CE,Combined TRACON& Tower with Radar,17,54,44,0,115,0,0,0,0,0,17,54,44,0,115,0,0,0,115
12/23/2006,GRB,WI,AGL,CE,Combined TRACON& Tower with Radar,11,42,21,0,74,0,0,0,0,0,11,42,21,0,74,0,0,0,74
12/24/2006,GRB,WI,AGL,CE,Combined TRACON& Tower with Radar,12,32,12,0,56,0,0,71,0,71,12,32,83,0,127,71,0,71,198
12/25/2006,GRB,WI,AGL,CE,Combined TRACON& Tower with Radar,11,42,5,0,58,0,0,0,0,0,11,42,5,0,58,96,0,96,154
12/26/2006,GRB,WI,AGL,CE,Combined TRACON& Tower with Radar,14,57,31,0,102,0,0,0,0,0,14,57,31,0,102,154,0,154,256
12/27/2006,GRB,WI,AGL,CE,Combined TRACON& Tower with Radar,19,57,25,0,101,0,0,70,0,70,19,57,95,0,171,200,0,200,371
12/28/2006,GRB,WI,AGL,CE,Combined TRACON& Tower with Radar,28,59,13,0,100,0,0,0,0,0,28,59,13,0,100,2,0,2,102
12/29/2006,GRB,WI,AGL,CE,Combined TRACON& Tower with Radar,21,54,19,0,94,0,0,0,0,0,21,54,19,0,94,0,0,0,94
12/30/2006,GRB,WI,AGL,CE,Combined TRACON& Tower with Radar,17,36,5,0,58,0,0,0,0,0,17,36,5,0,58,4,0,4,62
12/31/2006,GRB,WI,AGL,CE,Combined TRACON& Tower with Radar,15,36,7,0,58,0,0,0,0,0,15,36,7,0,58,0,0,0,58
01/01/2007,GRB,WI,AGL,CE,Combined TRACON& Tower with Radar,16,55,26,0,97,0,0,0,0,0,16,55,26,0,97,0,0,0,97
01/02/2007,GRB,WI,AGL,CE,Combined TRACON& Tower with Radar,14,56,30,0,100,0,0,81,0,81,14,56,111,0,181,350,0,350,531
01/03/2007,GRB,WI,AGL,CE,Combined TRACON& Tower with Radar,18,62,37,0,117,0,0,135,0,135,18,62,172,0,252,135,0,135,387
01/04/2007,GRB,WI,AGL,CE,Combined TRACON& Tower with Radar,18,56,29,2,105,0,0,6,0,6,18,56,35,2,111,0,0,0,111
01/05/2007,GRB,WI,AGL,CE,Combined TRACON& Tower with Radar,0,0,0,0,0,0,0,0,0,0,0,0,0,0,0,183,0,183,183
01/06/2007,GRB,WI,AGL,CE,Combined TRACON& Tower with Radar,14,34,11,0,59,0,0,30,0,30,14,34,41,0,89,205,0,205,294
01/07/2007,GRB,WI,AGL,CE,Combined TRACON& Tower with Radar,0,0,0,0,0,0,0,0,0,0,0,0,0,0,0,83,0,83,83
01/08/2007,GRB,WI,AGL,CE,Combined TRACON& Tower with Radar,20,47,28,0,95,0,0,26,0,26,20,47,54,0,121,269,0,269,390
01/09/2007,GRB,WI,AGL,CE,Combined TRACON& Tower with Radar,16,63,31,2,112,0,0,12,0,12,16,63,43,2,124,128,0,128,252
01/10/2007,GRB,WI,AGL,CE,Combined TRACON& Tower with Radar,18,67,64,0,149,0,0,76,0,76,18,67,140,0,225,200,0,200,425
01/11/2007,GRB,WI,AGL,CE,Combined TRACON& Tower with Radar,23,58,65,4,150,0,0,0,0,0,23,58,65,4,150,128,0,128,278
01/12/2007,GRB,WI,AGL,CE,Combined TRACON& Tower with Radar,21,52,21,0,94,0,0,0,0,0,21,52,21,0,94,50,0,50,144
01/13/2007,GRB,WI,AGL,CE,Combined TRACON& Tower with Radar,15,39,11,0,65,0,0,42,0,42,15,39,53,0,107,133,0,133,240
01/14/2007,GRB,WI,AGL,CE,Combined TRACON& Tower with Radar,20,42,8,0,70,0,0,0,0,0,20,42,8,0,70,39,0,39,109
01/15/2007,GRB,WI,AGL,CE,Combined TRACON& Tower with Radar,14,43,13,0,70,0,0,5,0,5,14,43,18,0,75,73,0,73,148
01/16/2007,GRB,WI,AGL,CE,Combined TRACON& Tower with Radar,20,66,39,0,125,0,0,36,0,36,20,66,75,0,161,330,0,330,491
01/17/2007,GRB,WI,AGL,CE,Combined TRACON& Tower with Radar,22,55,53,0,130,0,0,0,0,0,22,55,53,0,130,83,0,83,213
01/18/2007,GRB,WI,AGL,CE,Combined TRACON& Tower with Radar,19,51,21,0,91,0,0,46,0,46,19,51,67,0,137,46,0,46,183
01/19/2007,GRB,WI,AGL,CE,Combined TRACON& Tower with Radar,0,0,0,0,0,0,0,0,0,0,0,0,0,0,0,239,0,239,239
01/20/2007,GRB,WI,AGL,CE,Combined TRACON& Tower with Radar,18,39,11,0,68,0,0,70,0,70,18,39,81,0,138,213,0,213,351
01/21/2007,GRB,WI,AGL,CE,Combined TRACON& Tower with Radar,17,30,0,0,47,0,0,2,0,2,17,30,2,0,49,68,0,68,117
01/22/2007,GRB,WI,AGL,CE,Combined TRACON& Tower with Radar,17,45,27,0,89,0,0,0,0,0,17,45,27,0,89,280,0,280,369
01/23/2007,GRB,WI,AGL,CE,Combined TRACON& Tower with Radar,16,66,23,4,109,0,0,0,0,0,16,66,23,4,109,67,0,67,176
01/24/2007,GRB,WI,AGL,CE,Combined TRACON& Tower with Radar,19,61,36,0,116,0,0,120,0,120,19,61,156,0,236,120,0,120,356
01/25/2007,GRB,WI,AGL,CE,Combined TRACON& Tower with Radar,26,50,21,0,97,0,0,0,0,0,26,50,21,0,97,287,0,287,384
01/26/2007,GRB,WI,AGL,CE,Combined TRACON& Tower with Radar,16,67,26,0,109,0,0,8,0,8,16,67,34,0,117,0,0,0,117
01/27/2007,GRB,WI,AGL,CE,Combined TRACON& Tower with Radar,12,41,11,0,64,0,0,16,0,16,12,41,27,0,80,109,0,109,189
01/28/2007,GRB,WI,AGL,CE,Combined TRACON& Tower with Radar,19,43,13,0,75,0,0,214,0,214,19,43,227,0,289,214,0,214,503
01/29/2007,GRB,WI,AGL,CE,Combined TRACON& Tower with Radar,14,63,29,0,106,0,0,0,0,0,14,63,29,0,106,0,0,0,106
01/30/2007,GRB,WI,AGL,CE,Combined TRACON& Tower with Radar,19,60,51,0,130,0,0,35,0,35,19,60,86,0,165,85,0,85,250
01/31/2007,GRB,WI,AGL,CE,Combined TRACON& Tower with Radar,19,65,37,0,121,0,0,0,0,0,19,65,37,0,121,70,0,70,191
02/01/2007,GRB,WI,AGL,CE,Combined TRACON& Tower with Radar,18,61,27,0,106,0,0,20,0,20,18,61,47,0,126,158,0,158,284
02/02/2007,GRB,WI,AGL,CE,Combined TRACON& Tower with Radar,15,59,22,2,98,0,0,0,0,0,15,59,22,2,98,128,0,128,226
02/03/2007,GRB,WI,AGL,CE,Combined TRACON& Tower with Radar,15,45,21,0,81,0,0,13,0,13,15,45,34,0,94,117,0,117,211
02/04/2007,GRB,WI,AGL,CE,Combined TRACON& Tower with Radar,18,54,8,2,82,0,0,0,0,0,18,54,8,2,82,4,0,4,86
02/05/2007,GRB,WI,AGL,CE,Combined TRACON& Tower with Radar,12,52,18,0,82,0,0,0,0,0,12,52,18,0,82,0,0,0,82
02/06/2007,GRB,WI,AGL,CE,Combined TRACON& Tower with Radar,24,54,25,0,103,0,0,0,0,0,24,54,25,0,103,150,0,150,253
02/07/2007,GRB,WI,AGL,CE,Combined TRACON& Tower with Radar,18,51,19,0,88,0,0,20,0,20,18,51,39,0,108,210,0,210,318
02/08/2007,GRB,WI,AGL,CE,Combined TRACON& Tower with Radar,19,62,36,2,119,0,0,0,0,0,19,62,36,2,119,109,0,109,228
02/09/2007,GRB,WI,AGL,CE,Combined TRACON& Tower with Radar,20,57,14,0,91,0,0,37,0,37,20,57,51,0,128,278,0,278,406
02/10/2007,GRB,WI,AGL,CE,Combined TRACON& Tower with Radar,13,36,13,0,62,0,0,53,0,53,13,36,66,0,115,53,0,53,168
02/11/2007,GRB,WI,AGL,CE,Combined TRACON& Tower with Radar,13,43,14,0,70,0,0,14,0,14,13,43,28,0,84,0,0,0,84
02/12/2007,GRB,WI,AGL,CE,Combined TRACON& Tower with Radar,15,52,23,0,90,0,0,0,0,0,15,52,23,0,90,149,0,149,239
02/13/2007,GRB,WI,AGL,CE,Combined TRACON& Tower with Radar,16,45,26,0,87,0,0,0,0,0,16,45,26,0,87,219,0,219,306
02/14/2007,GRB,WI,AGL,CE,Combined TRACON& Tower with Radar,17,56,31,0,104,0,0,26,0,26,17,56,57,0,130,50,0,50,180
02/15/2007,GRB,WI,AGL,CE,Combined TRACON& Tower with Radar,17,67,45,0,129,0,0,50,0,50,17,67,95,0,179,0,0,0,179
02/16/2007,GRB,WI,AGL,CE,Combined TRACON& Tower with Radar,19,61,60,0,140,0,0,0,0,0,19,61,60,0,140,226,0,226,366
02/17/2007,GRB,WI,AGL,CE,Combined TRACON& Tower with Radar,8,44,31,0,83,0,0,37,0,37,8,44,68,0,120,95,0,95,215
02/18/2007,GRB,WI,AGL,CE,Combined TRACON& Tower with Radar,14,55,15,0,84,0,0,52,0,52,14,55,67,0,136,63,0,63,199
02/19/2007,GRB,WI,AGL,CE,Combined TRACON& Tower with Radar,17,55,30,0,102,0,0,0,0,0,17,55,30,0,102,42,0,42,144
02/20/2007,GRB,WI,AGL,CE,Combined TRACON& Tower with Radar,18,59,51,3,131,0,0,54,0,54,18,59,105,3,185,254,0,254,439
02/21/2007,GRB,WI,AGL,CE,Combined TRACON& Tower with Radar,21,65,46,0,132,0,0,47,0,47,21,65,93,0,179,174,0,174,353
02/22/2007,GRB,WI,AGL,CE,Combined TRACON& Tower with Radar,17,56,55,0,128,0,0,0,0,0,17,56,55,0,128,20,4,24,152
02/23/2007,GRB,WI,AGL,CE,Combined TRACON& Tower with Radar,19,54,42,0,115,0,0,0,0,0,19,54,42,0,115,122,0,122,237
02/24/2007,GRB,WI,AGL,CE,Combined TRACON& Tower with Radar,22,33,10,0,65,0,0,82,0,82,22,33,92,0,147,82,0,82,229
02/25/2007,GRB,WI,AGL,CE,Combined TRACON& Tower with Radar,14,25,16,0,55,0,0,0,0,0,14,25,16,0,55,0,0,0,55
02/26/2007,GRB,WI,AGL,CE,Combined TRACON& Tower with Radar,14,55,24,0,93,0,0,0,0,0,14,55,24,0,93,0,0,0,93
02/27/2007,GRB,WI,AGL,CE,Combined TRACON& Tower with Radar,21,63,49,1,134,0,0,0,0,0,21,63,49,1,134,166,0,166,300
02/28/2007,GRB,WI,AGL,CE,Combined TRACON& Tower with Radar,13,64,52,0,129,0,0,13,0,13,13,64,65,0,142,0,0,0,142
03/01/2007,GRB,WI,AGL,CE,Combined TRACON& Tower with Radar,7,28,6,0,41,0,0,0,0,0,7,28,6,0,41,0,0,0,41
03/02/2007,GRB,WI,AGL,CE,Combined TRACON& Tower with Radar,13,46,20,2,81,0,0,0,0,0,13,46,20,2,81,0,0,0,81
03/03/2007,GRB,WI,AGL,CE,Combined TRACON& Tower with Radar,10,41,20,0,71,0,0,4,0,4,10,41,24,0,75,0,0,0,75
03/04/2007,GRB,WI,AGL,CE,Combined TRACON& Tower with Radar,12,46,29,2,89,0,0,36,0,36,12,46,65,2,125,409,0,409,534
03/05/2007,GRB,WI,AGL,CE,Combined TRACON& Tower with Radar,20,59,18,0,97,0,0,113,0,113,20,59,131,0,210,113,0,113,323
03/06/2007,GRB,WI,AGL,CE,Combined TRACON& Tower with Radar,15,69,36,0,120,0,0,20,0,20,15,69,56,0,140,19,0,19,159
03/07/2007,GRB,WI,AGL,CE,Combined TRACON& Tower with Radar,15,59,51,1,126,0,0,48,0,48,15,59,99,1,174,93,0,93,267
03/08/2007,GRB,WI,AGL,CE,Combined TRACON& Tower with Radar,15,50,32,0,97,0,0,28,0,28,15,50,60,0,125,56,0,56,181
03/09/2007,GRB,WI,AGL,CE,Combined TRACON& Tower with Radar,20,55,39,4,118,0,0,0,0,0,20,55,39,4,118,38,0,38,156
03/10/2007,GRB,WI,AGL,CE,Combined TRACON& Tower with Radar,10,44,31,0,85,0,0,59,0,59,10,44,90,0,144,86,0,86,230
03/11/2007,GRB,WI,AGL,CE,Combined TRACON& Tower with Radar,16,50,16,0,82,0,0,68,0,68,16,50,84,0,150,163,0,163,313
03/12/2007,GRB,WI,AGL,CE,Combined TRACON& Tower with Radar,16,62,65,0,143,0,0,0,0,0,16,62,65,0,143,85,0,85,228
03/13/2007,GRB,WI,AGL,CE,Combined TRACON& Tower with Radar,15,63,38,2,118,0,0,0,0,0,15,63,38,2,118,66,0,66,184
03/14/2007,GRB,WI,AGL,CE,Combined TRACON& Tower with Radar,22,60,68,0,150,0,0,0,0,0,22,60,68,0,150,33,0,33,183
03/15/2007,GRB,WI,AGL,CE,Combined TRACON& Tower with Radar,19,58,23,0,100,0,0,15,0,15,19,58,38,0,115,366,0,366,481
03/16/2007,GRB,WI,AGL,CE,Combined TRACON& Tower with Radar,18,67,43,0,128,0,0,38,0,38,18,67,81,0,166,55,0,55,221
03/17/2007,GRB,WI,AGL,CE,Combined TRACON& Tower with Radar,0,0,0,0,0,0,0,0,0,0,0,0,0,0,0,357,0,357,357
03/18/2007,GRB,WI,AGL,CE,Combined TRACON& Tower with Radar,18,53,39,0,110,0,0,0,0,0,18,53,39,0,110,244,0,244,354
03/19/2007,GRB,WI,AGL,CE,Combined TRACON& Tower with Radar,12,46,20,2,80,0,0,0,0,0,12,46,20,2,80,34,0,34,114
03/20/2007,GRB,WI,AGL,CE,Combined TRACON& Tower with Radar,14,16,34,0,64,0,0,25,1,26,14,16,59,1,90,50,0,50,140
03/21/2007,GRB,WI,AGL,CE,Combined TRACON& Tower with Radar,17,47,32,0,96,0,0,0,0,0,17,47,32,0,96,0,0,0,96
03/22/2007,GRB,WI,AGL,CE,Combined TRACON& Tower with Radar,20,51,46,0,117,0,0,0,0,0,20,51,46,0,117,195,0,195,312
03/23/2007,GRB,WI,AGL,CE,Combined TRACON& Tower with Radar,19,55,51,0,125,0,0,96,0,96,19,55,147,0,221,151,0,151,372
03/24/2007,GRB,WI,AGL,CE,Combined TRACON& Tower with Radar,11,35,13,0,59,0,0,14,0,14,11,35,27,0,73,205,0,205,278
03/25/2007,GRB,WI,AGL,CE,Combined TRACON& Tower with Radar,15,54,33,0,102,0,0,0,0,0,15,54,33,0,102,39,0,39,141
03/26/2007,GRB,WI,AGL,CE,Combined TRACON& Tower with Radar,13,58,25,6,102,0,0,0,0,0,13,58,25,6,102,60,0,60,162
03/27/2007,GRB,WI,AGL,CE,Combined TRACON& Tower with Radar,14,60,30,1,105,0,0,18,0,18,14,60,48,1,123,18,0,18,141
03/28/2007,GRB,WI,AGL,CE,Combined TRACON& Tower with Radar,10,54,38,2,104,0,0,0,0,0,10,54,38,2,104,58,0,58,162
03/29/2007,GRB,WI,AGL,CE,Combined TRACON& Tower with Radar,16,60,38,2,116,0,0,31,0,31,16,60,69,2,147,80,0,80,227
03/30/2007,GRB,WI,AGL,CE,Combined TRACON& Tower with Radar,13,58,74,5,150,0,0,0,0,0,13,58,74,5,150,100,0,100,250
03/31/2007,GRB,WI,AGL,CE,Combined TRACON& Tower with Radar,11,46,18,0,75,0,0,39,0,39,11,46,57,0,114,86,0,86,200
04/01/2007,GRB,WI,AGL,CE,Combined TRACON& Tower with Radar,19,47,14,0,80,0,0,14,0,14,19,47,28,0,94,20,0,20,114
04/02/2007,GRB,WI,AGL,CE,Combined TRACON& Tower with Radar,14,58,53,0,125,0,0,64,0,64,14,58,117,0,189,64,0,64,253
04/03/2007,GRB,WI,AGL,CE,Combined TRACON& Tower with Radar,13,65,24,0,102,0,0,0,0,0,13,65,24,0,102,102,0,102,204
04/04/2007,GRB,WI,AGL,CE,Combined TRACON& Tower with Radar,14,60,24,0,98,0,0,8,0,8,14,60,32,0,106,2,0,2,108
04/05/2007,GRB,WI,AGL,CE,Combined TRACON& Tower with Radar,0,0,0,0,0,0,0,0,0,0,0,0,0,0,0,41,0,41,41
04/06/2007,GRB,WI,AGL,CE,Combined TRACON& Tower with Radar,19,76,48,0,143,0,0,38,0,38,19,76,86,0,181,106,0,106,287
04/07/2007,GRB,WI,AGL,CE,Combined TRACON& Tower with Radar,12,42,5,0,59,0,0,5,0,5,12,42,10,0,64,22,0,22,86
04/08/2007,GRB,WI,AGL,CE,Combined TRACON& Tower with Radar,16,49,7,0,72,0,0,26,0,26,16,49,33,0,98,26,0,26,124
04/09/2007,GRB,WI,AGL,CE,Combined TRACON& Tower with Radar,15,56,28,0,99,0,0,0,0,0,15,56,28,0,99,169,0,169,268
04/10/2007,GRB,WI,AGL,CE,Combined TRACON& Tower with Radar,14,65,42,0,121,0,0,40,0,40,14,65,82,0,161,70,0,70,231
04/11/2007,GRB,WI,AGL,CE,Combined TRACON& Tower with Radar,15,51,11,0,77,0,0,0,0,0,15,51,11,0,77,0,0,0,77
04/12/2007,GRB,WI,AGL,CE,Combined TRACON& Tower with Radar,15,54,22,0,91,0,0,0,0,0,15,54,22,0,91,0,0,0,91
04/13/2007,GRB,WI,AGL,CE,Combined TRACON& Tower with Radar,17,59,38,3,117,0,0,0,0,0,17,59,38,3,117,61,0,61,178
04/14/2007,GRB,WI,AGL,CE,Combined TRACON& Tower with Radar,11,41,42,1,95,0,0,0,0,0,11,41,42,1,95,267,0,267,362
04/15/2007,GRB,WI,AGL,CE,Combined TRACON& Tower with Radar,13,48,17,2,80,0,0,0,0,0,13,48,17,2,80,302,0,302,382
04/16/2007,GRB,WI,AGL,CE,Combined TRACON& Tower with Radar,13,61,41,0,115,0,0,0,0,0,13,61,41,0,115,207,0,207,322
04/17/2007,GRB,WI,AGL,CE,Combined TRACON& Tower with Radar,11,66,26,0,103,0,0,111,0,111,11,66,137,0,214,111,0,111,325
04/18/2007,GRB,WI,AGL,CE,Combined TRACON& Tower with Radar,15,61,37,0,113,0,0,12,0,12,15,61,49,0,125,0,0,0,125
04/19/2007,GRB,WI,AGL,CE,Combined TRACON& Tower with Radar,21,65,59,0,145,0,0,0,0,0,21,65,59,0,145,110,0,110,255
04/20/2007,GRB,WI,AGL,CE,Combined TRACON& Tower with Radar,16,65,48,0,129,0,0,0,0,0,16,65,48,0,129,267,0,267,396
04/21/2007,GRB,WI,AGL,CE,Combined TRACON& Tower with Radar,12,41,18,2,73,0,0,0,0,0,12,41,18,2,73,130,0,130,203
04/22/2007,GRB,WI,AGL,CE,Combined TRACON& Tower with Radar,15,50,17,0,82,0,0,0,0,0,15,50,17,0,82,115,0,115,197
04/23/2007,GRB,WI,AGL,CE,Combined TRACON& Tower with Radar,15,55,40,0,110,0,0,33,0,33,15,55,73,0,143,86,0,86,229
04/24/2007,GRB,WI,AGL,CE,Combined TRACON& Tower with Radar,14,62,44,0,120,0,0,72,0,72,14,62,116,0,192,151,0,151,343
04/25/2007,GRB,WI,AGL,CE,Combined TRACON& Tower with Radar,15,50,29,2,96,0,0,36,0,36,15,50,65,2,132,58,0,58,190
04/26/2007,GRB,WI,AGL,CE,Combined TRACON& Tower with Radar,0,0,0,0,0,0,0,0,0,0,0,0,0,0,0,10,0,10,10
04/27/2007,GRB,WI,AGL,CE,Combined TRACON& Tower with Radar,13,55,57,3,128,0,0,0,0,0,13,55,57,3,128,184,0,184,312
04/28/2007,GRB,WI,AGL,CE,Combined TRACON& Tower with Radar,9,39,15,0,63,0,0,78,0,78,9,39,93,0,141,85,0,85,226
04/29/2007,GRB,WI,AGL,CE,Combined TRACON& Tower with Radar,15,42,16,0,73,0,0,41,0,41,15,42,57,0,114,114,0,114,228
04/30/2007,GRB,WI,AGL,CE,Combined TRACON& Tower with Radar,16,56,25,0,97,0,0,30,0,30,16,56,55,0,127,69,0,69,196
05/01/2007,GRB,WI,AGL,CE,Combined TRACON& Tower with Radar,0,0,0,0,0,0,0,0,0,0,0,0,0,0,0,157,0,157,157
05/02/2007,GRB,WI,AGL,CE,Combined TRACON& Tower with Radar,0,0,0,0,0,0,0,0,0,0,0,0,0,0,0,167,0,167,167
05/03/2007,GRB,WI,AGL,CE,Combined TRACON& Tower with Radar,16,61,66,0,143,0,0,0,0,0,16,61,66,0,143,225,0,225,368
05/04/2007,GRB,WI,AGL,CE,Combined TRACON& Tower with Radar,15,68,43,2,128,0,0,75,0,75,15,68,118,2,203,110,0,110,313
05/05/2007,GRB,WI,AGL,CE,Combined TRACON& Tower with Radar,14,41,8,0,63,0,0,41,0,41,14,41,49,0,104,13,0,13,117
05/06/2007,GRB,WI,AGL,CE,Combined TRACON& Tower with Radar,15,41,20,3,79,0,0,0,0,0,15,41,20,3,79,155,0,155,234
05/07/2007,GRB,WI,AGL,CE,Combined TRACON& Tower with Radar,19,46,22,2,89,0,0,0,0,0,19,46,22,2,89,56,0,56,145
05/08/2007,GRB,WI,AGL,CE,Combined TRACON& Tower with Radar,12,58,50,0,120,0,0,158,0,158,12,58,208,0,278,158,0,158,436
05/09/2007,GRB,WI,AGL,CE,Combined TRACON& Tower with Radar,11,57,38,0,106,0,0,0,0,0,11,57,38,0,106,127,0,127,233
05/10/2007,GRB,WI,AGL,CE,Combined TRACON& Tower with Radar,17,69,50,0,136,0,0,0,0,0,17,69,50,0,136,217,0,217,353
05/11/2007,GRB,WI,AGL,CE,Combined TRACON& Tower with Radar,16,66,43,4,129,0,0,0,0,0,16,66,43,4,129,61,0,61,190
05/12/2007,GRB,WI,AGL,CE,Combined TRACON& Tower with Radar,15,38,19,0,72,0,0,0,0,0,15,38,19,0,72,124,0,124,196
05/13/2007,GRB,WI,AGL,CE,Combined TRACON& Tower with Radar,15,51,35,0,101,0,0,0,0,0,15,51,35,0,101,30,0,30,131
05/14/2007,GRB,WI,AGL,CE,Combined TRACON& Tower with Radar,14,55,38,0,107,0,0,0,0,0,14,55,38,0,107,0,0,0,107
05/15/2007,GRB,WI,AGL,CE,Combined TRACON& Tower with Radar,14,65,42,0,121,0,0,0,0,0,14,65,42,0,121,81,0,81,202
05/16/2007,GRB,WI,AGL,CE,Combined TRACON& Tower with Radar,15,62,50,0,127,0,0,0,0,0,15,62,50,0,127,180,0,180,307
05/17/2007,GRB,WI,AGL,CE,Combined TRACON& Tower with Radar,17,62,43,0,122,0,0,69,0,69,17,62,112,0,191,71,0,71,262
05/18/2007,GRB,WI,AGL,CE,Combined TRACON& Tower with Radar,16,70,92,0,178,0,0,0,0,0,16,70,92,0,178,183,0,183,361
05/19/2007,GRB,WI,AGL,CE,Combined TRACON& Tower with Radar,17,42,14,0,73,0,0,40,0,40,17,42,54,0,113,74,0,74,187
05/20/2007,GRB,WI,AGL,CE,Combined TRACON& Tower with Radar,0,0,0,0,0,0,0,0,0,0,0,0,0,0,0,65,0,65,65
05/21/2007,GRB,WI,AGL,CE,Combined TRACON& Tower with Radar,17,55,34,0,106,0,0,0,0,0,17,55,34,0,106,143,0,143,249
05/22/2007,GRB,WI,AGL,CE,Combined TRACON& Tower with Radar,16,65,24,0,105,0,0,56,0,56,16,65,80,0,161,268,0,268,429
05/23/2007,GRB,WI,AGL,CE,Combined TRACON& Tower with Radar,14,65,50,0,129,0,0,38,0,38,14,65,88,0,167,68,0,68,235
05/24/2007,GRB,WI,AGL,CE,Combined TRACON& Tower with Radar,14,66,97,0,177,0,0,0,0,0,14,66,97,0,177,58,0,58,235
05/25/2007,GRB,WI,AGL,CE,Combined TRACON& Tower with Radar,19,57,102,0,178,0,0,0,0,0,19,57,102,0,178,207,0,207,385
05/26/2007,GRB,WI,AGL,CE,Combined TRACON& Tower with Radar,13,56,25,6,100,0,0,62,0,62,13,56,87,6,162,50,0,50,212
05/27/2007,GRB,WI,AGL,CE,Combined TRACON& Tower with Radar,11,38,18,0,67,0,0,62,0,62,11,38,80,0,129,62,0,62,191
05/28/2007,GRB,WI,AGL,CE,Combined TRACON& Tower with Radar,13,51,22,0,86,0,0,0,0,0,13,51,22,0,86,104,0,104,190
05/29/2007,GRB,WI,AGL,CE,Combined TRACON& Tower with Radar,13,56,30,3,102,0,0,36,0,36,13,56,66,3,138,59,0,59,197
05/30/2007,GRB,WI,AGL,CE,Combined TRACON& Tower with Radar,13,60,94,7,174,0,0,0,0,0,13,60,94,7,174,113,0,113,287
05/31/2007,GRB,WI,AGL,CE,Combined TRACON& Tower with Radar,13,63,57,7,140,0,0,24,0,24,13,63,81,7,164,46,0,46,210
06/01/2007,GRB,WI,AGL,CE,Combined TRACON& Tower with Radar,16,48,40,1,105,0,0,0,0,0,16,48,40,1,105,25,0,25,130
06/02/2007,GRB,WI,AGL,CE,Combined TRACON& Tower with Radar,12,29,11,3,55,0,0,82,0,82,12,29,93,3,137,82,0,82,219
06/03/2007,GRB,WI,AGL,CE,Combined TRACON& Tower with Radar,12,40,28,2,82,0,0,0,0,0,12,40,28,2,82,12,0,12,94
06/04/2007,GRB,WI,AGL,CE,Combined TRACON& Tower with Radar,13,48,34,7,102,0,0,25,0,25,13,48,59,7,127,109,0,109,236
06/05/2007,GRB,WI,AGL,CE,Combined TRACON& Tower with Radar,13,63,94,0,170,0,0,0,0,0,13,63,94,0,170,161,0,161,331
06/06/2007,GRB,WI,AGL,CE,Combined TRACON& Tower with Radar,13,65,27,0,105,0,0,0,0,0,13,65,27,0,105,37,0,37,142
06/07/2007,GRB,WI,AGL,CE,Combined TRACON& Tower with Radar,20,46,30,2,98,0,0,0,0,0,20,46,30,2,98,30,0,30,128
06/08/2007,GRB,WI,AGL,CE,Combined TRACON& Tower with Radar,18,52,51,0,121,0,0,33,0,33,18,52,84,0,154,33,0,33,187
06/09/2007,GRB,WI,AGL,CE,Combined TRACON& Tower with Radar,14,40,15,0,69,0,0,59,0,59,14,40,74,0,128,13,0,13,141
06/10/2007,GRB,WI,AGL,CE,Combined TRACON& Tower with Radar,13,48,27,0,88,0,0,0,0,0,13,48,27,0,88,99,0,99,187
06/11/2007,GRB,WI,AGL,CE,Combined TRACON& Tower with Radar,16,50,25,0,91,0,0,64,0,64,16,50,89,0,155,64,0,64,219
06/12/2007,GRB,WI,AGL,CE,Combined TRACON& Tower with Radar,16,56,52,0,124,0,0,65,0,65,16,56,117,0,189,93,0,93,282
06/13/2007,GRB,WI,AGL,CE,Combined TRACON& Tower with Radar,18,52,59,0,129,0,0,0,0,0,18,52,59,0,129,84,0,84,213
06/14/2007,GRB,WI,AGL,CE,Combined TRACON& Tower with Radar,12,61,46,0,119,0,0,0,0,0,12,61,46,0,119,126,0,126,245
06/15/2007,GRB,WI,AGL,CE,Combined TRACON& Tower with Radar,22,52,25,0,99,0,0,0,0,0,22,52,25,0,99,253,0,253,352
06/16/2007,GRB,WI,AGL,CE,Combined TRACON& Tower with Radar,15,45,21,0,81,0,0,63,0,63,15,45,84,0,144,38,0,38,182
06/17/2007,GRB,WI,AGL,CE,Combined TRACON& Tower with Radar,15,47,18,0,80,0,0,34,0,34,15,47,52,0,114,34,0,34,148
06/18/2007,GRB,WI,AGL,CE,Combined TRACON& Tower with Radar,18,52,24,0,94,0,0,21,0,21,18,52,45,0,115,25,0,25,140
06/19/2007,GRB,WI,AGL,CE,Combined TRACON& Tower with Radar,16,59,34,0,109,0,0,30,0,30,16,59,64,0,139,5,0,5,144
06/20/2007,GRB,WI,AGL,CE,Combined TRACON& Tower with Radar,15,62,63,0,140,0,0,41,0,41,15,62,104,0,181,41,0,41,222
06/21/2007,GRB,WI,AGL,CE,Combined TRACON& Tower with Radar,17,59,41,0,117,0,0,0,0,0,17,59,41,0,117,164,0,164,281
06/22/2007,GRB,WI,AGL,CE,Combined TRACON& Tower with Radar,18,56,46,0,120,0,0,77,0,77,18,56,123,0,197,147,0,147,344
06/23/2007,GRB,WI,AGL,CE,Combined TRACON& Tower with Radar,13,40,28,2,83,0,0,124,0,124,13,40,152,2,207,124,0,124,331
06/24/2007,GRB,WI,AGL,CE,Combined TRACON& Tower with Radar,8,42,90,0,140,0,0,0,0,0,8,42,90,0,140,26,0,26,166
06/25/2007,GRB,WI,AGL,CE,Combined TRACON& Tower with Radar,22,45,40,0,107,0,0,0,0,0,22,45,40,0,107,129,0,129,236
06/26/2007,GRB,WI,AGL,CE,Combined TRACON& Tower with Radar,13,51,44,0,108,0,0,0,0,0,13,51,44,0,108,82,0,82,190
06/27/2007,GRB,WI,AGL,CE,Combined TRACON& Tower with Radar,24,45,46,0,115,0,0,0,0,0,24,45,46,0,115,136,0,136,251
06/28/2007,GRB,WI,AGL,CE,Combined TRACON& Tower with Radar,30,72,63,0,165,0,0,60,0,60,30,72,123,0,225,85,0,85,310
06/29/2007,GRB,WI,AGL,CE,Combined TRACON& Tower with Radar,21,55,41,0,117,0,0,108,0,108,21,55,149,0,225,204,0,204,429
06/30/2007,GRB,WI,AGL,CE,Combined TRACON& Tower with Radar,17,49,29,0,95,0,0,0,0,0,17,49,29,0,95,162,0,162,257
07/01/2007,GRB,WI,AGL,CE,Combined TRACON& Tower with Radar,15,41,25,0,81,0,0,0,0,0,15,41,25,0,81,140,0,140,221
07/02/2007,GRB,WI,AGL,CE,Combined TRACON& Tower with Radar,15,44,27,0,86,0,0,0,0,0,15,44,27,0,86,136,0,136,222
07/03/2007,GRB,WI,AGL,CE,Combined TRACON& Tower with Radar,11,54,27,0,92,0,0,8,0,8,11,54,35,0,100,8,0,8,108
07/04/2007,GRB,WI,AGL,CE,Combined TRACON& Tower with Radar,12,45,21,0,78,0,0,0,0,0,12,45,21,0,78,53,0,53,131
07/05/2007,GRB,WI,AGL,CE,Combined TRACON& Tower with Radar,9,52,26,1,88,0,0,0,0,0,9,52,26,1,88,147,0,147,235
07/06/2007,GRB,WI,AGL,CE,Combined TRACON& Tower with Radar,14,55,23,0,92,0,0,84,0,84,14,55,107,0,176,84,0,84,260
07/07/2007,GRB,WI,AGL,CE,Combined TRACON& Tower with Radar,14,40,9,0,63,0,0,0,0,0,14,40,9,0,63,66,0,66,129
07/08/2007,GRB,WI,AGL,CE,Combined TRACON& Tower with Radar,17,45,25,0,87,0,0,22,0,22,17,45,47,0,109,2,0,2,111
07/09/2007,GRB,WI,AGL,CE,Combined TRACON& Tower with Radar,16,50,34,0,100,0,0,0,0,0,16,50,34,0,100,84,0,84,184
07/10/2007,GRB,WI,AGL,CE,Combined TRACON& Tower with Radar,18,52,18,2,90,0,0,16,0,16,18,52,34,2,106,125,0,125,231
07/11/2007,GRB,WI,AGL,CE,Combined TRACON& Tower with Radar,19,53,31,7,110,0,0,52,0,52,19,53,83,7,162,28,0,28,190
07/12/2007,GRB,WI,AGL,CE,Combined TRACON& Tower with Radar,20,52,88,0,160,0,0,0,0,0,20,52,88,0,160,112,0,112,272
07/13/2007,GRB,WI,AGL,CE,Combined TRACON& Tower with Radar,18,53,24,2,97,0,0,96,0,96,18,53,120,2,193,93,0,93,286
07/14/2007,GRB,WI,AGL,CE,Combined TRACON& Tower with Radar,11,43,18,1,73,0,0,0,0,0,11,43,18,1,73,64,0,64,137
07/15/2007,GRB,WI,AGL,CE,Combined TRACON& Tower with Radar,0,0,0,0,0,0,0,0,0,0,0,0,0,0,0,240,0,240,240
07/16/2007,GRB,WI,AGL,CE,Combined TRACON& Tower with Radar,19,60,46,0,125,0,0,44,0,44,19,60,90,0,169,88,0,88,257
07/17/2007,GRB,WI,AGL,CE,Combined TRACON& Tower with Radar,15,51,42,0,108,0,0,43,0,43,15,51,85,0,151,107,0,107,258
07/18/2007,GRB,WI,AGL,CE,Combined TRACON& Tower with Radar,0,0,42,0,42,0,0,41,0,41,0,0,83,0,83,83,0,83,166
07/19/2007,GRB,WI,AGL,CE,Combined TRACON& Tower with Radar,12,52,43,0,107,0,0,50,0,50,12,52,93,0,157,38,0,38,195
07/20/2007,GRB,WI,AGL,CE,Combined TRACON& Tower with Radar,0,0,41,0,41,0,0,33,0,33,0,0,74,0,74,111,0,111,185
07/21/2007,GRB,WI,AGL,CE,Combined TRACON& Tower with Radar,14,41,44,1,100,0,0,0,0,0,14,41,44,1,100,153,0,153,253
07/22/2007,GRB,WI,AGL,CE,Combined TRACON& Tower with Radar,15,42,69,8,134,0,0,128,0,128,15,42,197,8,262,128,0,128,390
07/23/2007,GRB,WI,AGL,CE,Combined TRACON& Tower with Radar,21,62,47,1,131,0,0,0,0,0,21,62,47,1,131,158,1,159,290
07/24/2007,GRB,WI,AGL,CE,Combined TRACON& Tower with Radar,0,0,0,0,0,0,0,0,0,0,0,0,0,0,0,75,0,75,75
07/25/2007,GRB,WI,AGL,CE,Combined TRACON& Tower with Radar,17,54,109,0,180,0,0,0,0,0,17,54,109,0,180,149,0,149,329
07/26/2007,GRB,WI,AGL,CE,Combined TRACON& Tower with Radar,16,70,125,11,222,0,0,0,0,0,16,70,125,11,222,105,0,105,327
07/27/2007,GRB,WI,AGL,CE,Combined TRACON& Tower with Radar,20,58,108,0,186,0,0,0,0,0,20,58,108,0,186,136,0,136,322
07/28/2007,GRB,WI,AGL,CE,Combined TRACON& Tower with Radar,11,38,62,0,111,0,0,0,0,0,11,38,62,0,111,180,0,180,291
07/29/2007,GRB,WI,AGL,CE,Combined TRACON& Tower with Radar,9,43,144,0,196,0,0,0,0,0,9,43,144,0,196,110,0,110,306
07/30/2007,GRB,WI,AGL,CE,Combined TRACON& Tower with Radar,16,64,129,0,209,0,0,0,0,0,16,64,129,0,209,140,0,140,349
07/31/2007,GRB,WI,AGL,CE,Combined TRACON& Tower with Radar,16,57,115,0,188,0,0,0,0,0,16,57,115,0,188,166,0,166,354
08/01/2007,GRB,WI,AGL,CE,Combined TRACON& Tower with Radar,17,60,46,1,124,0,0,66,0,66,17,60,112,1,190,43,0,43,233
08/02/2007,GRB,WI,AGL,CE,Combined TRACON& Tower with Radar,13,59,33,0,105,0,0,0,0,0,13,59,33,0,105,39,0,39,144
08/03/2007,GRB,WI,AGL,CE,Combined TRACON& Tower with Radar,15,53,27,1,96,0,0,0,0,0,15,53,27,1,96,164,0,164,260
08/04/2007,GRB,WI,AGL,CE,Combined TRACON& Tower with Radar,13,45,18,0,76,0,0,62,0,62,13,45,80,0,138,66,0,66,204
08/05/2007,GRB,WI,AGL,CE,Combined TRACON& Tower with Radar,16,42,25,0,83,0,0,12,0,12,16,42,37,0,95,10,0,10,105
08/06/2007,GRB,WI,AGL,CE,Combined TRACON& Tower with Radar,13,56,43,4,116,0,0,0,0,0,13,56,43,4,116,113,0,113,229
08/07/2007,GRB,WI,AGL,CE,Combined TRACON& Tower with Radar,19,58,32,7,116,0,0,26,0,26,19,58,58,7,142,130,0,130,272
08/08/2007,GRB,WI,AGL,CE,Combined TRACON& Tower with Radar,17,54,42,0,113,0,0,59,0,59,17,54,101,0,172,71,0,71,243
08/09/2007,GRB,WI,AGL,CE,Combined TRACON& Tower with Radar,23,50,41,0,114,0,0,51,0,51,23,50,92,0,165,88,0,88,253
08/10/2007,GRB,WI,AGL,CE,Combined TRACON& Tower with Radar,21,62,42,6,131,0,0,0,0,0,21,62,42,6,131,180,0,180,311
08/11/2007,GRB,WI,AGL,CE,Combined TRACON& Tower with Radar,19,45,13,0,77,0,0,33,0,33,19,45,46,0,110,54,0,54,164
08/12/2007,GRB,WI,AGL,CE,Combined TRACON& Tower with Radar,15,42,34,0,91,0,0,61,0,61,15,42,95,0,152,88,0,88,240
08/13/2007,GRB,WI,AGL,CE,Combined TRACON& Tower with Radar,13,64,42,0,119,0,0,81,0,81,13,64,123,0,200,129,0,129,329
08/14/2007,GRB,WI,AGL,CE,Combined TRACON& Tower with Radar,13,55,49,3,120,0,0,65,0,65,13,55,114,3,185,186,0,186,371
08/15/2007,GRB,WI,AGL,CE,Combined TRACON& Tower with Radar,27,61,47,0,135,0,0,89,0,89,27,61,136,0,224,162,0,162,386
08/16/2007,GRB,WI,AGL,CE,Combined TRACON& Tower with Radar,15,68,41,0,124,0,0,61,0,61,15,68,102,0,185,61,0,61,246
08/17/2007,GRB,WI,AGL,CE,Combined TRACON& Tower with Radar,22,48,34,1,105,0,0,77,0,77,22,48,111,1,182,98,0,98,280
08/18/2007,GRB,WI,AGL,CE,Combined TRACON& Tower with Radar,10,43,43,4,100,0,0,46,0,46,10,43,89,4,146,45,0,45,191
08/19/2007,GRB,WI,AGL,CE,Combined TRACON& Tower with Radar,9,41,51,1,102,0,0,0,0,0,9,41,51,1,102,14,0,14,116
08/20/2007,GRB,WI,AGL,CE,Combined TRACON& Tower with Radar,12,57,61,2,132,0,0,19,0,19,12,57,80,2,151,50,0,50,201
08/21/2007,GRB,WI,AGL,CE,Combined TRACON& Tower with Radar,19,48,66,0,133,0,0,0,0,0,19,48,66,0,133,1,0,1,134
08/22/2007,GRB,WI,AGL,CE,Combined TRACON& Tower with Radar,23,70,82,0,175,0,0,35,0,35,23,70,117,0,210,158,0,158,368
08/23/2007,GRB,WI,AGL,CE,Combined TRACON& Tower with Radar,18,60,89,3,170,0,0,10,0,10,18,60,99,3,180,8,0,8,188
08/24/2007,GRB,WI,AGL,CE,Combined TRACON& Tower with Radar,16,61,47,1,125,0,0,51,0,51,16,61,98,1,176,51,0,51,227
08/25/2007,GRB,WI,AGL,CE,Combined TRACON& Tower with Radar,10,41,14,0,65,0,0,57,0,57,10,41,71,0,122,114,0,114,236
08/26/2007,GRB,WI,AGL,CE,Combined TRACON& Tower with Radar,15,46,25,1,87,0,0,0,0,0,15,46,25,1,87,53,0,53,140
08/27/2007,GRB,WI,AGL,CE,Combined TRACON& Tower with Radar,20,71,53,0,144,0,0,43,0,43,20,71,96,0,187,50,0,50,237
08/28/2007,GRB,WI,AGL,CE,Combined TRACON& Tower with Radar,11,64,39,0,114,0,0,21,0,21,11,64,60,0,135,68,0,68,203
08/29/2007,GRB,WI,AGL,CE,Combined TRACON& Tower with Radar,17,64,37,0,118,0,0,45,0,45,17,64,82,0,163,46,0,46,209
08/30/2007,GRB,WI,AGL,CE,Combined TRACON& Tower with Radar,12,57,48,3,120,0,0,70,0,70,12,57,118,3,190,70,0,70,260
08/31/2007,GRB,WI,AGL,CE,Combined TRACON& Tower with Radar,16,68,52,0,136,0,0,0,0,0,16,68,52,0,136,154,0,154,290
09/01/2007,GRB,WI,AGL,CE,Combined TRACON& Tower with Radar,0,0,0,0,0,0,0,0,0,0,0,0,0,0,0,76,0,76,76
09/02/2007,GRB,WI,AGL,CE,Combined TRACON& Tower with Radar,0,0,0,0,0,0,0,0,0,0,0,0,0,0,0,81,0,81,81
09/03/2007,GRB,WI,AGL,CE,Combined TRACON& Tower with Radar,15,46,31,0,92,0,0,0,0,0,15,46,31,0,92,106,0,106,198
09/04/2007,GRB,WI,AGL,CE,Combined TRACON& Tower with Radar,17,57,32,9,115,0,0,45,0,45,17,57,77,9,160,112,0,112,272
09/05/2007,GRB,WI,AGL,CE,Combined TRACON& Tower with Radar,15,76,90,3,184,0,0,0,0,0,15,76,90,3,184,115,0,115,299
09/06/2007,GRB,WI,AGL,CE,Combined TRACON& Tower with Radar,15,71,43,3,132,0,0,0,0,0,15,71,43,3,132,164,0,164,296
09/07/2007,GRB,WI,AGL,CE,Combined TRACON& Tower with Radar,19,46,35,0,100,0,0,100,0,100,19,46,135,0,200,0,0,0,200
09/08/2007,GRB,WI,AGL,CE,Combined TRACON& Tower with Radar,16,33,43,2,94,0,0,0,0,0,16,33,43,2,94,219,0,219,313
09/09/2007,GRB,WI,AGL,CE,Combined TRACON& Tower with Radar,0,0,0,0,0,0,0,0,0,0,0,0,0,0,0,91,0,91,91
09/10/2007,GRB,WI,AGL,CE,Combined TRACON& Tower with Radar,20,61,67,2,150,0,0,0,0,0,20,61,67,2,150,40,0,40,190
09/11/2007,GRB,WI,AGL,CE,Combined TRACON& Tower with Radar,12,65,58,3,138,0,0,38,0,38,12,65,96,3,176,38,0,38,214
09/12/2007,GRB,WI,AGL,CE,Combined TRACON& Tower with Radar,16,66,38,0,120,0,0,58,0,58,16,66,96,0,178,202,0,202,380
09/13/2007,GRB,WI,AGL,CE,Combined TRACON& Tower with Radar,14,55,38,0,107,0,0,28,0,28,14,55,66,0,135,10,0,10,145
09/14/2007,GRB,WI,AGL,CE,Combined TRACON& Tower with Radar,14,61,37,0,112,0,0,31,0,31,14,61,68,0,143,44,0,44,187
09/15/2007,GRB,WI,AGL,CE,Combined TRACON& Tower with Radar,20,26,18,0,64,0,0,0,0,0,20,26,18,0,64,116,0,116,180
09/16/2007,GRB,WI,AGL,CE,Combined TRACON& Tower with Radar,18,46,31,0,95,0,0,47,0,47,18,46,78,0,142,46,0,46,188
09/17/2007,GRB,WI,AGL,CE,Combined TRACON& Tower with Radar,16,59,42,4,121,0,0,13,0,13,16,59,55,4,134,110,0,110,244
09/18/2007,GRB,WI,AGL,CE,Combined TRACON& Tower with Radar,16,64,40,0,120,0,0,20,0,20,16,64,60,0,140,25,0,25,165
09/19/2007,GRB,WI,AGL,CE,Combined TRACON& Tower with Radar,19,61,46,3,129,0,0,30,0,30,19,61,76,3,159,45,0,45,204
09/20/2007,GRB,WI,AGL,CE,Combined TRACON& Tower with Radar,13,63,39,11,126,0,0,0,0,0,13,63,39,11,126,114,0,114,240
09/21/2007,GRB,WI,AGL,CE,Combined TRACON& Tower with Radar,13,52,39,0,104,0,0,0,0,0,13,52,39,0,104,45,0,45,149
09/22/2007,GRB,WI,AGL,CE,Combined TRACON& Tower with Radar,8,39,31,0,78,0,0,70,0,70,8,39,101,0,148,57,0,57,205
09/23/2007,GRB,WI,AGL,CE,Combined TRACON& Tower with Radar,13,66,96,2,177,0,0,87,0,87,13,66,183,2,264,87,0,87,351
09/24/2007,GRB,WI,AGL,CE,Combined TRACON& Tower with Radar,13,66,36,3,118,0,0,44,0,44,13,66,80,3,162,56,0,56,218
09/25/2007,GRB,WI,AGL,CE,Combined TRACON& Tower with Radar,11,50,43,0,104,0,0,28,0,28,11,50,71,0,132,28,0,28,160
09/26/2007,GRB,WI,AGL,CE,Combined TRACON& Tower with Radar,13,56,51,1,121,0,0,36,0,36,13,56,87,1,157,43,0,43,200
09/27/2007,GRB,WI,AGL,CE,Combined TRACON& Tower with Radar,0,0,0,0,0,0,0,0,0,0,0,0,0,0,0,33,0,33,33
09/28/2007,GRB,WI,AGL,CE,Combined TRACON& Tower with Radar,22,49,55,1,127,0,0,0,0,0,22,49,55,1,127,5,0,5,132
09/29/2007,GRB,WI,AGL,CE,Combined TRACON& Tower with Radar,13,41,20,0,74,0,0,0,0,0,13,41,20,0,74,27,0,27,101
09/30/2007,GRB,WI,AGL,CE,Combined TRACON& Tower with Radar,10,49,22,0,81,0,0,0,0,0,10,49,22,0,81,18,0,18,99
10/01/2007,GRB,WI,AGL,CE,Combined TRACON& Tower with Radar,9,78,7,0,94,7,0,82,0,89,16,78,89,0,183,1,1,2,185
10/02/2007,GRB,WI,AGL,CE,Combined TRACON& Tower with Radar,32,39,58,2,131,0,0,0,0,0,32,39,58,2,131,34,0,34,165
10/03/2007,GRB,WI,AGL,CE,Combined TRACON& Tower with Radar,31,40,58,0,129,0,0,77,0,77,31,40,135,0,206,76,0,76,282
10/04/2007,GRB,WI,AGL,CE,Combined TRACON& Tower with Radar,16,54,59,2,131,0,0,58,0,58,16,54,117,2,189,59,0,59,248
10/05/2007,GRB,WI,AGL,CE,Combined TRACON& Tower with Radar,13,60,59,0,132,0,0,42,0,42,13,60,101,0,174,80,0,80,254
10/06/2007,GRB,WI,AGL,CE,Combined TRACON& Tower with Radar,9,40,25,0,74,0,0,36,0,36,9,40,61,0,110,67,0,67,177
10/07/2007,GRB,WI,AGL,CE,Combined TRACON& Tower with Radar,15,84,15,0,114,0,0,0,0,0,15,84,15,0,114,81,0,81,195
10/08/2007,GRB,WI,AGL,CE,Combined TRACON& Tower with Radar,0,0,0,0,0,0,0,0,0,0,0,0,0,0,0,100,0,100,100
10/09/2007,GRB,WI,AGL,CE,Combined TRACON& Tower with Radar,18,56,33,0,107,0,0,0,0,0,18,56,33,0,107,148,0,148,255
10/10/2007,GRB,WI,AGL,CE,Combined TRACON& Tower with Radar,20,62,51,1,134,0,0,0,0,0,20,62,51,1,134,0,0,0,134
10/11/2007,GRB,WI,AGL,CE,Combined TRACON& Tower with Radar,18,62,49,0,129,0,0,0,0,0,18,62,49,0,129,226,0,226,355
10/12/2007,GRB,WI,AGL,CE,Combined TRACON& Tower with Radar,16,83,57,5,161,0,0,71,0,71,16,83,128,5,232,93,0,93,325
10/13/2007,GRB,WI,AGL,CE,Combined TRACON& Tower with Radar,9,40,57,0,106,0,0,67,0,67,9,40,124,0,173,67,0,67,240
10/14/2007,GRB,WI,AGL,CE,Combined TRACON& Tower with Radar,17,58,125,2,202,0,0,0,0,0,17,58,125,2,202,11,0,11,213
10/15/2007,GRB,WI,AGL,CE,Combined TRACON& Tower with Radar,16,52,53,1,122,0,0,0,0,0,16,52,53,1,122,105,0,105,227
10/16/2007,GRB,WI,AGL,CE,Combined TRACON& Tower with Radar,17,61,42,0,120,0,0,0,0,0,17,61,42,0,120,1,0,1,121
10/17/2007,GRB,WI,AGL,CE,Combined TRACON& Tower with Radar,18,59,38,2,117,0,0,77,0,77,18,59,115,2,194,132,0,132,326
10/18/2007,GRB,WI,AGL,CE,Combined TRACON& Tower with Radar,23,70,25,0,118,0,0,9,0,9,23,70,34,0,127,0,0,0,127
10/19/2007,GRB,WI,AGL,CE,Combined TRACON& Tower with Radar,18,50,26,0,94,0,0,7,0,7,18,50,33,0,101,26,0,26,127
10/20/2007,GRB,WI,AGL,CE,Combined TRACON& Tower with Radar,12,39,28,0,79,0,0,0,0,0,12,39,28,0,79,34,0,34,113
10/21/2007,GRB,WI,AGL,CE,Combined TRACON& Tower with Radar,0,0,33,0,33,0,0,10,0,10,0,0,43,0,43,150,0,150,193
10/22/2007,GRB,WI,AGL,CE,Combined TRACON& Tower with Radar,29,49,25,1,104,0,0,25,0,25,29,49,50,1,129,72,0,72,201
10/23/2007,GRB,WI,AGL,CE,Combined TRACON& Tower with Radar,14,61,55,0,130,0,0,72,0,72,14,61,127,0,202,96,0,96,298
10/24/2007,GRB,WI,AGL,CE,Combined TRACON& Tower with Radar,14,72,54,0,140,0,0,66,0,66,14,72,120,0,206,122,0,122,328
10/25/2007,GRB,WI,AGL,CE,Combined TRACON& Tower with Radar,17,65,46,3,131,0,0,70,0,70,17,65,116,3,201,118,0,118,319
10/26/2007,GRB,WI,AGL,CE,Combined TRACON& Tower with Radar,0,0,0,0,0,0,0,0,0,0,0,0,0,0,0,19,0,19,19
10/27/2007,GRB,WI,AGL,CE,Combined TRACON& Tower with Radar,16,26,31,0,73,0,0,0,0,0,16,26,31,0,73,0,0,0,73
10/28/2007,GRB,WI,AGL,CE,Combined TRACON& Tower with Radar,20,38,22,0,80,0,0,22,0,22,20,38,44,0,102,22,0,22,124
10/29/2007,GRB,WI,AGL,CE,Combined TRACON& Tower with Radar,17,59,22,0,98,0,0,34,0,34,17,59,56,0,132,100,0,100,232
10/30/2007,GRB,WI,AGL,CE,Combined TRACON& Tower with Radar,15,68,45,3,131,0,0,38,0,38,15,68,83,3,169,82,0,82,251
10/31/2007,GRB,WI,AGL,CE,Combined TRACON& Tower with Radar,14,59,27,1,101,0,0,0,0,0,14,59,27,1,101,97,0,97,198
11/01/2007,GRB,WI,AGL,CE,Combined TRACON& Tower with Radar,20,64,43,9,136,0,0,54,0,54,20,64,97,9,190,63,16,79,269
11/02/2007,GRB,WI,AGL,CE,Combined TRACON& Tower with Radar,24,63,30,0,117,0,0,0,0,0,24,63,30,0,117,71,0,71,188
11/03/2007,GRB,WI,AGL,CE,Combined TRACON& Tower with Radar,13,49,33,0,95,0,0,77,0,77,13,49,110,0,172,77,0,77,249
11/04/2007,GRB,WI,AGL,CE,Combined TRACON& Tower with Radar,19,47,31,1,98,0,0,0,0,0,19,47,31,1,98,125,0,125,223
11/05/2007,GRB,WI,AGL,CE,Combined TRACON& Tower with Radar,19,58,21,0,98,0,0,2,0,2,19,58,23,0,100,86,0,86,186
11/06/2007,GRB,WI,AGL,CE,Combined TRACON& Tower with Radar,18,54,21,0,93,0,0,0,0,0,18,54,21,0,93,84,0,84,177
11/07/2007,GRB,WI,AGL,CE,Combined TRACON& Tower with Radar,18,64,46,0,128,0,0,0,0,0,18,64,46,0,128,61,0,61,189
11/08/2007,GRB,WI,AGL,CE,Combined TRACON& Tower with Radar,19,64,55,0,138,0,0,0,0,0,19,64,55,0,138,100,0,100,238
11/09/2007,GRB,WI,AGL,CE,Combined TRACON& Tower with Radar,19,59,40,0,118,0,0,0,0,0,19,59,40,0,118,232,0,232,350
11/10/2007,GRB,WI,AGL,CE,Combined TRACON& Tower with Radar,16,94,73,0,183,0,0,95,0,95,16,94,168,0,278,37,0,37,315
11/11/2007,GRB,WI,AGL,CE,Combined TRACON& Tower with Radar,19,76,175,1,271,0,0,0,0,0,19,76,175,1,271,96,0,96,367
11/12/2007,GRB,WI,AGL,CE,Combined TRACON& Tower with Radar,0,0,0,0,0,0,0,0,0,0,0,0,0,0,0,219,0,219,219
11/13/2007,GRB,WI,AGL,CE,Combined TRACON& Tower with Radar,16,61,37,0,114,0,0,40,0,40,16,61,77,0,154,29,0,29,183
11/14/2007,GRB,WI,AGL,CE,Combined TRACON& Tower with Radar,22,50,25,1,98,0,0,0,0,0,22,50,25,1,98,21,0,21,119
11/15/2007,GRB,WI,AGL,CE,Combined TRACON& Tower with Radar,21,54,25,0,100,0,0,17,0,17,21,54,42,0,117,2,0,2,119
11/16/2007,GRB,WI,AGL,CE,Combined TRACON& Tower with Radar,26,65,35,0,126,0,0,39,0,39,26,65,74,0,165,53,0,53,218
11/17/2007,GRB,WI,AGL,CE,Combined TRACON& Tower with Radar,14,48,41,0,103,0,0,47,0,47,14,48,88,0,150,47,0,47,197
11/18/2007,GRB,WI,AGL,CE,Combined TRACON& Tower with Radar,16,88,127,0,231,0,0,36,0,36,16,88,163,0,267,32,0,32,299
11/19/2007,GRB,WI,AGL,CE,Combined TRACON& Tower with Radar,21,50,34,0,105,0,0,2,0,2,21,50,36,0,107,18,0,18,125
11/20/2007,GRB,WI,AGL,CE,Combined TRACON& Tower with Radar,16,58,24,3,101,0,0,20,0,20,16,58,44,3,121,13,0,13,134
11/21/2007,GRB,WI,AGL,CE,Combined TRACON& Tower with Radar,15,64,30,0,109,0,0,6,0,6,15,64,36,0,115,34,0,34,149
11/22/2007,GRB,WI,AGL,CE,Combined TRACON& Tower with Radar,16,32,12,0,60,0,0,0,0,0,16,32,12,0,60,18,0,18,78
11/23/2007,GRB,WI,AGL,CE,Combined TRACON& Tower with Radar,12,33,27,0,72,0,0,69,0,69,12,33,96,0,141,270,0,270,411
11/24/2007,GRB,WI,AGL,CE,Combined TRACON& Tower with Radar,24,59,21,0,104,0,0,33,0,33,24,59,54,0,137,182,0,182,319
11/25/2007,GRB,WI,AGL,CE,Combined TRACON& Tower with Radar,21,55,26,0,102,0,0,0,0,0,21,55,26,0,102,235,0,235,337
11/26/2007,GRB,WI,AGL,CE,Combined TRACON& Tower with Radar,18,54,41,0,113,0,0,36,0,36,18,54,77,0,149,36,0,36,185
11/27/2007,GRB,WI,AGL,CE,Combined TRACON& Tower with Radar,21,74,45,2,142,0,0,22,0,22,21,74,67,2,164,133,2,135,299
11/28/2007,GRB,WI,AGL,CE,Combined TRACON& Tower with Radar,17,73,58,0,148,0,0,0,0,0,17,73,58,0,148,16,0,16,164
11/29/2007,GRB,WI,AGL,CE,Combined TRACON& Tower with Radar,26,92,57,0,175,0,0,50,0,50,26,92,107,0,225,29,0,29,254
11/30/2007,GRB,WI,AGL,CE,Combined TRACON& Tower with Radar,19,60,35,0,114,0,0,46,0,46,19,60,81,0,160,178,0,178,338
12/01/2007,GRB,WI,AGL,CE,Combined TRACON& Tower with Radar,11,29,20,0,60,0,0,0,0,0,11,29,20,0,60,43,0,43,103
12/02/2007,GRB,WI,AGL,CE,Combined TRACON& Tower with Radar,17,40,14,0,71,0,0,0,0,0,17,40,14,0,71,0,0,0,71
12/03/2007,GRB,WI,AGL,CE,Combined TRACON& Tower with Radar,18,60,27,0,105,0,0,0,0,0,18,60,27,0,105,163,0,163,268
12/04/2007,GRB,WI,AGL,CE,Combined TRACON& Tower with Radar,20,58,84,0,162,0,0,79,0,79,20,58,163,0,241,71,0,71,312
12/05/2007,GRB,WI,AGL,CE,Combined TRACON& Tower with Radar,18,46,40,0,104,0,0,36,0,36,18,46,76,0,140,209,0,209,349
12/06/2007,GRB,WI,AGL,CE,Combined TRACON& Tower with Radar,0,0,0,0,0,0,0,0,0,0,0,0,0,0,0,83,0,83,83
12/07/2007,GRB,WI,AGL,CE,Combined TRACON& Tower with Radar,18,57,34,1,110,0,0,0,0,0,18,57,34,1,110,53,0,53,163
12/08/2007,GRB,WI,AGL,CE,Combined TRACON& Tower with Radar,9,43,58,2,112,0,0,0,0,0,9,43,58,2,112,244,0,244,356
12/09/2007,GRB,WI,AGL,CE,Combined TRACON& Tower with Radar,12,61,75,0,148,0,0,0,0,0,12,61,75,0,148,5,0,5,153
12/10/2007,GRB,WI,AGL,CE,Combined TRACON& Tower with Radar,17,54,37,2,110,0,0,0,0,0,17,54,37,2,110,242,0,242,352
12/11/2007,GRB,WI,AGL,CE,Combined TRACON& Tower with Radar,26,38,13,0,77,0,0,3,0,3,26,38,16,0,80,6,0,6,86
12/12/2007,GRB,WI,AGL,CE,Combined TRACON& Tower with Radar,13,57,37,0,107,0,0,53,0,53,13,57,90,0,160,53,0,53,213
12/13/2007,GRB,WI,AGL,CE,Combined TRACON& Tower with Radar,19,53,25,3,100,0,0,46,0,46,19,53,71,3,146,46,0,46,192
12/14/2007,GRB,WI,AGL,CE,Combined TRACON& Tower with Radar,23,52,61,0,136,0,0,58,0,58,23,52,119,0,194,119,0,119,313
12/15/2007,GRB,WI,AGL,CE,Combined TRACON& Tower with Radar,22,35,22,0,79,0,0,0,0,0,22,35,22,0,79,190,0,190,269
12/16/2007,GRB,WI,AGL,CE,Combined TRACON& Tower with Radar,21,69,33,0,123,0,0,0,0,0,21,69,33,0,123,193,0,193,316
12/17/2007,GRB,WI,AGL,CE,Combined TRACON& Tower with Radar,16,78,45,1,140,0,0,0,0,0,16,78,45,1,140,167,0,167,307
12/18/2007,GRB,WI,AGL,CE,Combined TRACON& Tower with Radar,13,63,31,0,107,0,0,183,0,183,13,63,214,0,290,182,0,182,472
12/19/2007,GRB,WI,AGL,CE,Combined TRACON& Tower with Radar,12,67,57,6,142,0,0,63,0,63,12,67,120,6,205,108,0,108,313
12/20/2007,GRB,WI,AGL,CE,Combined TRACON& Tower with Radar,0,0,7,0,7,0,0,0,0,0,0,0,7,0,7,48,0,48,55
12/21/2007,GRB,WI,AGL,CE,Combined TRACON& Tower with Radar,13,45,20,0,78,0,0,0,0,0,13,45,20,0,78,0,0,0,78
12/22/2007,GRB,WI,AGL,CE,Combined TRACON& Tower with Radar,12,14,12,0,38,0,0,0,0,0,12,14,12,0,38,0,0,0,38
12/23/2007,GRB,WI,AGL,CE,Combined TRACON& Tower with Radar,16,25,6,0,47,0,0,0,0,0,16,25,6,0,47,0,0,0,47
12/24/2007,GRB,WI,AGL,CE,Combined TRACON& Tower with Radar,11,38,4,0,53,0,0,4,0,4,11,38,8,0,57,0,0,0,57
12/25/2007,GRB,WI,AGL,CE,Combined TRACON& Tower with Radar,14,42,11,0,67,0,0,0,0,0,14,42,11,0,67,0,0,0,67
12/26/2007,GRB,WI,AGL,CE,Combined TRACON& Tower with Radar,0,0,21,0,21,0,0,19,0,19,0,0,40,0,40,90,0,90,130
12/27/2007,GRB,WI,AGL,CE,Combined TRACON& Tower with Radar,13,52,18,1,84,0,0,0,0,0,13,52,18,1,84,66,0,66,150
12/28/2007,GRB,WI,AGL,CE,Combined TRACON& Tower with Radar,12,33,16,0,61,0,0,0,0,0,12,33,16,0,61,28,0,28,89
12/29/2007,GRB,WI,AGL,CE,Combined TRACON& Tower with Radar,12,80,63,0,155,0,0,42,0,42,12,80,105,0,197,42,0,42,239
12/30/2007,GRB,WI,AGL,CE,Combined TRACON& Tower with Radar,13,69,136,0,218,0,0,0,0,0,13,69,136,0,218,2,0,2,220
12/31/2007,GRB,WI,AGL,CE,Combined TRACON& Tower with Radar,29,76,38,0,143,0,0,0,0,0,29,76,38,0,143,0,0,0,143
01/01/2008,GRB,WI,AGL,CE,Combined TRACON& Tower with Radar,0,0,6,0,6,0,0,49,0,49,0,0,55,0,55,33,0,33,88
01/02/2008,GRB,WI,AGL,CE,Combined TRACON& Tower with Radar,12,55,28,0,95,0,0,0,0,0,12,55,28,0,95,97,0,97,192
01/03/2008,GRB,WI,AGL,CE,Combined TRACON& Tower with Radar,21,87,54,0,162,0,0,37,0,37,21,87,91,0,199,119,0,119,318
01/04/2008,GRB,WI,AGL,CE,Combined TRACON& Tower with Radar,15,56,125,0,196,0,0,0,0,0,15,56,125,0,196,224,0,224,420
01/05/2008,GRB,WI,AGL,CE,Combined TRACON& Tower with Radar,13,60,30,0,103,0,0,0,0,0,13,60,30,0,103,191,0,191,294
01/06/2008,GRB,WI,AGL,CE,Combined TRACON& Tower with Radar,7,7,2,0,16,0,0,0,0,0,7,7,2,0,16,2,0,2,18
01/07/2008,GRB,WI,AGL,CE,Combined TRACON& Tower with Radar,15,32,19,0,66,0,0,0,0,0,15,32,19,0,66,4,0,4,70
01/08/2008,GRB,WI,AGL,CE,Combined TRACON& Tower with Radar,14,46,14,0,74,0,0,0,0,0,14,46,14,0,74,6,0,6,80
01/09/2008,GRB,WI,AGL,CE,Combined TRACON& Tower with Radar,15,61,52,1,129,0,0,45,0,45,15,61,97,1,174,120,0,120,294
01/10/2008,GRB,WI,AGL,CE,Combined TRACON& Tower with Radar,16,77,46,0,139,0,0,18,0,18,16,77,64,0,157,152,0,152,309
01/11/2008,GRB,WI,AGL,CE,Combined TRACON& Tower with Radar,16,68,44,10,138,0,0,15,0,15,16,68,59,10,153,40,0,40,193
01/12/2008,GRB,WI,AGL,CE,Combined TRACON& Tower with Radar,10,80,141,0,231,0,0,0,7,7,10,80,141,7,238,4,0,4,242
01/13/2008,GRB,WI,AGL,CE,Combined TRACON& Tower with Radar,20,60,27,0,107,0,0,0,0,0,20,60,27,0,107,0,0,0,107
01/14/2008,GRB,WI,AGL,CE,Combined TRACON& Tower with Radar,13,59,23,3,98,0,0,7,0,7,13,59,30,3,105,7,0,7,112
01/15/2008,GRB,WI,AGL,CE,Combined TRACON& Tower with Radar,6,96,75,0,177,0,0,0,0,0,6,96,75,0,177,186,0,186,363
01/16/2008,GRB,WI,AGL,CE,Combined TRACON& Tower with Radar,14,65,68,0,147,0,0,0,0,0,14,65,68,0,147,153,0,153,300
01/17/2008,GRB,WI,AGL,CE,Combined TRACON& Tower with Radar,11,59,22,0,92,0,0,5,0,5,11,59,27,0,97,5,0,5,102
01/18/2008,GRB,WI,AGL,CE,Combined TRACON& Tower with Radar,14,58,30,0,102,0,0,33,0,33,14,58,63,0,135,72,0,72,207
01/19/2008,GRB,WI,AGL,CE,Combined TRACON& Tower with Radar,9,47,21,1,78,0,0,0,0,0,9,47,21,1,78,36,0,36,114
01/20/2008,GRB,WI,AGL,CE,Combined TRACON& Tower with Radar,16,144,185,2,347,0,0,0,0,0,16,144,185,2,347,0,0,0,347
01/21/2008,GRB,WI,AGL,CE,Combined TRACON& Tower with Radar,12,64,68,3,147,0,0,0,0,0,12,64,68,3,147,0,0,0,147
01/22/2008,GRB,WI,AGL,CE,Combined TRACON& Tower with Radar,10,63,41,1,115,0,0,21,0,21,10,63,62,1,136,13,0,13,149
01/23/2008,GRB,WI,AGL,CE,Combined TRACON& Tower with Radar,12,59,22,5,98,0,0,0,0,0,12,59,22,5,98,28,0,28,126
01/24/2008,GRB,WI,AGL,CE,Combined TRACON& Tower with Radar,12,59,16,0,87,0,0,82,0,82,12,59,98,0,169,82,0,82,251
01/25/2008,GRB,WI,AGL,CE,Combined TRACON& Tower with Radar,17,58,27,0,102,0,0,35,0,35,17,58,62,0,137,5,0,5,142
01/26/2008,GRB,WI,AGL,CE,Combined TRACON& Tower with Radar,0,0,4,0,4,0,0,0,0,0,0,0,4,0,4,6,0,6,10
01/27/2008,GRB,WI,AGL,CE,Combined TRACON& Tower with Radar,13,41,11,2,67,0,0,0,0,0,13,41,11,2,67,52,0,52,119
01/28/2008,GRB,WI,AGL,CE,Combined TRACON& Tower with Radar,14,49,17,0,80,0,0,28,0,28,14,49,45,0,108,164,0,164,272
01/29/2008,GRB,WI,AGL,CE,Combined TRACON& Tower with Radar,7,40,21,0,68,0,0,8,0,8,7,40,29,0,76,0,0,0,76
01/30/2008,GRB,WI,AGL,CE,Combined TRACON& Tower with Radar,14,52,37,0,103,0,0,16,0,16,14,52,53,0,119,104,0,104,223
01/31/2008,GRB,WI,AGL,CE,Combined TRACON& Tower with Radar,18,52,33,0,103,0,0,17,0,17,18,52,50,0,120,211,0,211,331
02/01/2008,GRB,WI,AGL,CE,Combined TRACON& Tower with Radar,10,56,18,0,84,0,0,2,0,2,10,56,20,0,86,1,0,1,87
02/02/2008,GRB,WI,AGL,CE,Combined TRACON& Tower with Radar,6,42,12,0,60,0,0,0,0,0,6,42,12,0,60,0,0,0,60
02/03/2008,GRB,WI,AGL,CE,Combined TRACON& Tower with Radar,8,39,10,0,57,0,0,0,0,0,8,39,10,0,57,0,0,0,57
02/04/2008,GRB,WI,AGL,CE,Combined TRACON& Tower with Radar,11,42,12,0,65,0,0,0,0,0,11,42,12,0,65,0,0,0,65
02/05/2008,GRB,WI,AGL,CE,Combined TRACON& Tower with Radar,9,52,30,0,91,0,0,7,0,7,9,52,37,0,98,131,0,131,229
02/06/2008,GRB,WI,AGL,CE,Combined TRACON& Tower with Radar,21,68,37,0,126,0,0,18,0,18,21,68,55,0,144,22,0,22,166
02/07/2008,GRB,WI,AGL,CE,Combined TRACON& Tower with Radar,11,54,34,0,99,0,0,0,0,0,11,54,34,0,99,24,0,24,123
02/08/2008,GRB,WI,AGL,CE,Combined TRACON& Tower with Radar,13,57,25,0,95,0,0,0,0,0,13,57,25,0,95,0,0,0,95
02/09/2008,GRB,WI,AGL,CE,Combined TRACON& Tower with Radar,6,36,18,2,62,0,0,0,0,0,6,36,18,2,62,0,0,0,62
02/10/2008,GRB,WI,AGL,CE,Combined TRACON& Tower with Radar,11,39,15,0,65,0,0,4,0,4,11,39,19,0,69,0,0,0,69
02/11/2008,GRB,WI,AGL,CE,Combined TRACON& Tower with Radar,11,60,48,0,119,0,0,0,0,0,11,60,48,0,119,79,0,79,198
02/12/2008,GRB,WI,AGL,CE,Combined TRACON& Tower with Radar,7,52,44,0,103,0,0,0,0,0,7,52,44,0,103,101,0,101,204
02/13/2008,GRB,WI,AGL,CE,Combined TRACON& Tower with Radar,0,0,26,0,26,0,0,0,0,0,0,0,26,0,26,29,0,29,55
02/14/2008,GRB,WI,AGL,CE,Combined TRACON& Tower with Radar,17,58,11,0,86,0,0,30,0,30,17,58,41,0,116,30,0,30,146
02/15/2008,GRB,WI,AGL,CE,Combined TRACON& Tower with Radar,18,54,21,0,93,0,0,0,0,0,18,54,21,0,93,190,0,190,283
02/16/2008,GRB,WI,AGL,CE,Combined TRACON& Tower with Radar,12,56,39,0,107,0,0,80,0,80,12,56,119,0,187,176,0,176,363
02/17/2008,GRB,WI,AGL,CE,Combined TRACON& Tower with Radar,25,13,2,0,40,0,0,0,0,0,25,13,2,0,40,24,0,24,64
02/18/2008,GRB,WI,AGL,CE,Combined TRACON& Tower with Radar,33,70,69,0,172,0,0,0,0,0,33,70,69,0,172,0,0,0,172
02/19/2008,GRB,WI,AGL,CE,Combined TRACON& Tower with Radar,12,58,39,0,109,0,0,38,0,38,12,58,77,0,147,140,0,140,287
02/20/2008,GRB,WI,AGL,CE,Combined TRACON& Tower with Radar,0,0,20,0,20,0,0,0,0,0,0,0,20,0,20,35,0,35,55
02/21/2008,GRB,WI,AGL,CE,Combined TRACON& Tower with Radar,22,70,53,0,145,0,0,48,0,48,22,70,101,0,193,56,0,56,249
02/22/2008,GRB,WI,AGL,CE,Combined TRACON& Tower with Radar,16,57,32,0,105,0,0,0,0,0,16,57,32,0,105,200,0,200,305
02/23/2008,GRB,WI,AGL,CE,Combined TRACON& Tower with Radar,18,59,31,0,108,0,0,56,0,56,18,59,87,0,164,82,0,82,246
02/24/2008,GRB,WI,AGL,CE,Combined TRACON& Tower with Radar,17,44,24,0,85,0,0,35,0,35,17,44,59,0,120,152,0,152,272
02/25/2008,GRB,WI,AGL,CE,Combined TRACON& Tower with Radar,14,53,21,0,88,0,0,0,0,0,14,53,21,0,88,17,0,17,105
02/26/2008,GRB,WI,AGL,CE,Combined TRACON& Tower with Radar,13,48,32,0,93,0,0,0,0,0,13,48,32,0,93,21,0,21,114
02/27/2008,GRB,WI,AGL,CE,Combined TRACON& Tower with Radar,9,52,41,1,103,0,0,0,0,0,9,52,41,1,103,246,0,246,349
02/28/2008,GRB,WI,AGL,CE,Combined TRACON& Tower with Radar,28,73,72,0,173,0,0,0,0,0,28,73,72,0,173,145,0,145,318
02/29/2008,GRB,WI,AGL,CE,Combined TRACON& Tower with Radar,19,56,35,0,110,0,0,0,0,0,19,56,35,0,110,113,0,113,223
03/01/2008,GRB,WI,AGL,CE,Combined TRACON& Tower with Radar,15,59,41,0,115,0,0,62,0,62,15,59,103,0,177,212,0,212,389
03/02/2008,GRB,WI,AGL,CE,Combined TRACON& Tower with Radar,27,59,34,0,120,0,0,0,0,0,27,59,34,0,120,156,0,156,276
03/03/2008,GRB,WI,AGL,CE,Combined TRACON& Tower with Radar,15,53,12,0,80,0,0,0,0,0,15,53,12,0,80,0,0,0,80
03/04/2008,GRB,WI,AGL,CE,Combined TRACON& Tower with Radar,13,54,29,0,96,0,0,0,0,0,13,54,29,0,96,119,0,119,215
03/05/2008,GRB,WI,AGL,CE,Combined TRACON& Tower with Radar,16,66,50,5,137,0,0,0,0,0,16,66,50,5,137,67,0,67,204
03/06/2008,GRB,WI,AGL,CE,Combined TRACON& Tower with Radar,14,54,26,4,98,0,0,167,0,167,14,54,193,4,265,167,0,167,432
03/07/2008,GRB,WI,AGL,CE,Combined TRACON& Tower with Radar,24,72,78,0,174,0,0,0,0,0,24,72,78,0,174,217,0,217,391
03/08/2008,GRB,WI,AGL,CE,Combined TRACON& Tower with Radar,11,36,18,0,65,0,0,0,0,0,11,36,18,0,65,115,0,115,180
03/09/2008,GRB,WI,AGL,CE,Combined TRACON& Tower with Radar,19,42,27,0,88,0,0,49,0,49,19,42,76,0,137,90,0,90,227
03/10/2008,GRB,WI,AGL,CE,Combined TRACON& Tower with Radar,15,76,66,8,165,0,0,186,12,198,15,76,252,20,363,186,12,198,561
03/11/2008,GRB,WI,AGL,CE,Combined TRACON& Tower with Radar,11,50,25,1,87,0,0,0,0,0,11,50,25,1,87,57,0,57,144
03/12/2008,GRB,WI,AGL,CE,Combined TRACON& Tower with Radar,18,66,23,0,107,0,0,38,0,38,18,66,61,0,145,55,0,55,200
03/13/2008,GRB,WI,AGL,CE,Combined TRACON& Tower with Radar,20,73,63,6,162,0,0,26,0,26,20,73,89,6,188,155,0,155,343
03/14/2008,GRB,WI,AGL,CE,Combined TRACON& Tower with Radar,19,73,58,2,152,0,0,33,0,33,19,73,91,2,185,222,0,222,407
03/15/2008,GRB,WI,AGL,CE,Combined TRACON& Tower with Radar,10,41,30,2,83,0,0,0,0,0,10,41,30,2,83,107,0,107,190
03/16/2008,GRB,WI,AGL,CE,Combined TRACON& Tower with Radar,16,43,19,0,78,0,0,95,0,95,16,43,114,0,173,95,0,95,268
03/17/2008,GRB,WI,AGL,CE,Combined TRACON& Tower with Radar,20,66,19,5,110,0,0,0,0,0,20,66,19,5,110,80,0,80,190
03/18/2008,GRB,WI,AGL,CE,Combined TRACON& Tower with Radar,12,49,23,2,86,0,0,128,0,128,12,49,151,2,214,128,0,128,342
03/19/2008,GRB,WI,AGL,CE,Combined TRACON& Tower with Radar,15,58,36,0,109,0,0,220,0,220,15,58,256,0,329,220,0,220,549
03/20/2008,GRB,WI,AGL,CE,Combined TRACON& Tower with Radar,21,63,53,7,144,0,0,85,0,85,21,63,138,7,229,127,4,131,360
03/21/2008,GRB,WI,AGL,CE,Combined TRACON& Tower with Radar,26,38,22,0,86,0,0,0,0,0,26,38,22,0,86,33,0,33,119
03/22/2008,GRB,WI,AGL,CE,Combined TRACON& Tower with Radar,12,43,10,0,65,0,0,78,0,78,12,43,88,0,143,78,0,78,221
03/23/2008,GRB,WI,AGL,CE,Combined TRACON& Tower with Radar,18,37,10,0,65,0,0,31,0,31,18,37,41,0,96,31,0,31,127
03/24/2008,GRB,WI,AGL,CE,Combined TRACON& Tower with Radar,25,84,66,0,175,0,0,218,0,218,25,84,284,0,393,0,0,0,393
03/25/2008,GRB,WI,AGL,CE,Combined TRACON& Tower with Radar,15,50,26,1,92,0,0,6,0,6,15,50,32,1,98,10,0,10,108
03/26/2008,GRB,WI,AGL,CE,Combined TRACON& Tower with Radar,14,53,30,0,97,0,0,0,0,0,14,53,30,0,97,239,0,239,336
03/27/2008,GRB,WI,AGL,CE,Combined TRACON& Tower with Radar,16,57,23,1,97,0,0,32,0,32,16,57,55,1,129,45,0,45,174
03/28/2008,GRB,WI,AGL,CE,Combined TRACON& Tower with Radar,15,50,23,1,89,0,0,85,0,85,15,50,108,1,174,85,0,85,259
03/29/2008,GRB,WI,AGL,CE,Combined TRACON& Tower with Radar,12,37,20,0,69,0,0,242,0,242,12,37,262,0,311,142,0,142,453
03/30/2008,GRB,WI,AGL,CE,Combined TRACON& Tower with Radar,17,38,14,0,69,0,0,186,0,186,17,38,200,0,255,86,0,86,341
03/31/2008,GRB,WI,AGL,CE,Combined TRACON& Tower with Radar,16,64,35,0,115,0,0,1,0,1,16,64,36,0,116,80,0,80,196
04/01/2008,GRB,WI,AGL,CE,Combined TRACON& Tower with Radar,21,60,40,0,121,0,0,0,0,0,21,60,40,0,121,43,0,43,164
04/02/2008,GRB,WI,AGL,CE,Combined TRACON& Tower with Radar,12,60,22,0,94,0,0,39,0,39,12,60,61,0,133,21,0,21,154
04/03/2008,GRB,WI,AGL,CE,Combined TRACON& Tower with Radar,19,61,29,0,109,0,0,0,0,0,19,61,29,0,109,64,0,64,173
04/04/2008,GRB,WI,AGL,CE,Combined TRACON& Tower with Radar,13,53,28,0,94,0,0,0,0,0,13,53,28,0,94,262,0,262,356
04/05/2008,GRB,WI,AGL,CE,Combined TRACON& Tower with Radar,10,57,82,0,149,0,0,0,0,0,10,57,82,0,149,137,0,137,286
04/06/2008,GRB,WI,AGL,CE,Combined TRACON& Tower with Radar,16,46,21,0,83,0,0,15,0,15,16,46,36,0,98,168,0,168,266
04/07/2008,GRB,WI,AGL,CE,Combined TRACON& Tower with Radar,22,58,27,0,107,0,0,22,0,22,22,58,49,0,129,34,0,34,163
04/08/2008,GRB,WI,AGL,CE,Combined TRACON& Tower with Radar,14,55,18,0,87,0,0,4,0,4,14,55,22,0,91,22,0,22,113
04/09/2008,GRB,WI,AGL,CE,Combined TRACON& Tower with Radar,18,56,47,0,121,0,0,0,0,0,18,56,47,0,121,33,0,33,154
04/10/2008,GRB,WI,AGL,CE,Combined TRACON& Tower with Radar,16,60,37,0,113,0,0,3,0,3,16,60,40,0,116,0,0,0,116
04/11/2008,GRB,WI,AGL,CE,Combined TRACON& Tower with Radar,0,0,0,0,0,0,0,0,0,0,0,0,0,0,0,0,0,0,0
04/12/2008,GRB,WI,AGL,CE,Combined TRACON& Tower with Radar,12,58,16,0,86,0,0,0,0,0,12,58,16,0,86,5,0,5,91
04/13/2008,GRB,WI,AGL,CE,Combined TRACON& Tower with Radar,22,57,18,0,97,0,0,50,0,50,22,57,68,0,147,162,0,162,309
04/14/2008,GRB,WI,AGL,CE,Combined TRACON& Tower with Radar,14,58,19,4,95,0,0,0,0,0,14,58,19,4,95,134,0,134,229
04/15/2008,GRB,WI,AGL,CE,Combined TRACON& Tower with Radar,16,65,46,0,127,0,0,22,0,22,16,65,68,0,149,53,0,53,202
04/16/2008,GRB,WI,AGL,CE,Combined TRACON& Tower with Radar,13,50,37,0,100,0,0,222,0,222,13,50,259,0,322,222,0,222,544
04/17/2008,GRB,WI,AGL,CE,Combined TRACON& Tower with Radar,18,65,37,0,120,0,0,0,0,0,18,65,37,0,120,29,0,29,149
04/18/2008,GRB,WI,AGL,CE,Combined TRACON& Tower with Radar,16,59,27,0,102,0,0,5,0,5,16,59,32,0,107,26,0,26,133
04/19/2008,GRB,WI,AGL,CE,Combined TRACON& Tower with Radar,12,41,27,0,80,0,0,30,0,30,12,41,57,0,110,75,0,75,185
04/20/2008,GRB,WI,AGL,CE,Combined TRACON& Tower with Radar,19,42,17,0,78,0,0,40,0,40,19,42,57,0,118,82,0,82,200
04/21/2008,GRB,WI,AGL,CE,Combined TRACON& Tower with Radar,22,60,37,0,119,0,0,37,0,37,22,60,74,0,156,37,0,37,193
04/22/2008,GRB,WI,AGL,CE,Combined TRACON& Tower with Radar,14,51,22,0,87,0,0,182,0,182,14,51,204,0,269,182,0,182,451
04/23/2008,GRB,WI,AGL,CE,Combined TRACON& Tower with Radar,11,72,32,0,115,0,0,0,0,0,11,72,32,0,115,46,0,46,161
04/24/2008,GRB,WI,AGL,CE,Combined TRACON& Tower with Radar,22,43,24,0,89,0,6,71,0,77,22,49,95,0,166,71,0,71,237
04/25/2008,GRB,WI,AGL,CE,Combined TRACON& Tower with Radar,15,68,15,0,98,0,0,22,0,22,15,68,37,0,120,22,0,22,142
04/26/2008,GRB,WI,AGL,CE,Combined TRACON& Tower with Radar,0,0,6,0,6,0,0,0,0,0,0,0,6,0,6,0,0,0,6
04/27/2008,GRB,WI,AGL,CE,Combined TRACON& Tower with Radar,18,42,26,0,86,0,0,0,0,0,18,42,26,0,86,98,0,98,184
04/28/2008,GRB,WI,AGL,CE,Combined TRACON& Tower with Radar,15,56,20,0,91,0,0,202,0,202,15,56,222,0,293,202,0,202,495
04/29/2008,GRB,WI,AGL,CE,Combined TRACON& Tower with Radar,15,59,28,2,104,0,0,0,0,0,15,59,28,2,104,166,0,166,270
04/30/2008,GRB,WI,AGL,CE,Combined TRACON& Tower with Radar,15,60,36,1,112,0,0,0,0,0,15,60,36,1,112,82,1,83,195
05/01/2008,GRB,WI,AGL,CE,Combined TRACON& Tower with Radar,19,56,48,8,131,0,0,74,0,74,19,56,122,8,205,74,0,74,279
05/02/2008,GRB,WI,AGL,CE,Combined TRACON& Tower with Radar,11,42,14,0,67,0,0,0,0,0,11,42,14,0,67,7,0,7,74
05/03/2008,GRB,WI,AGL,CE,Combined TRACON& Tower with Radar,11,45,30,0,86,0,0,0,0,0,11,45,30,0,86,2,0,2,88
05/04/2008,GRB,WI,AGL,CE,Combined TRACON& Tower with Radar,15,41,20,0,76,0,0,0,0,0,15,41,20,0,76,143,0,143,219
05/05/2008,GRB,WI,AGL,CE,Combined TRACON& Tower with Radar,12,73,51,1,137,0,0,186,0,186,12,73,237,1,323,186,0,186,509
05/06/2008,GRB,WI,AGL,CE,Combined TRACON& Tower with Radar,18,68,30,4,120,0,0,41,0,41,18,68,71,4,161,214,4,218,379
05/07/2008,GRB,WI,AGL,CE,Combined TRACON& Tower with Radar,13,59,37,0,109,0,0,0,0,0,13,59,37,0,109,40,0,40,149
05/08/2008,GRB,WI,AGL,CE,Combined TRACON& Tower with Radar,25,72,45,0,142,0,0,66,0,66,25,72,111,0,208,162,0,162,370
05/09/2008,GRB,WI,AGL,CE,Combined TRACON& Tower with Radar,0,0,42,0,42,0,0,27,0,27,0,0,69,0,69,140,0,140,209
05/10/2008,GRB,WI,AGL,CE,Combined TRACON& Tower with Radar,9,43,21,1,74,0,0,234,0,234,9,43,255,1,308,234,0,234,542
05/11/2008,GRB,WI,AGL,CE,Combined TRACON& Tower with Radar,16,44,17,2,79,0,0,0,0,0,16,44,17,2,79,0,2,2,81
05/12/2008,GRB,WI,AGL,CE,Combined TRACON& Tower with Radar,12,56,26,0,94,0,0,0,0,0,12,56,26,0,94,274,0,274,368
05/13/2008,GRB,WI,AGL,CE,Combined TRACON& Tower with Radar,13,61,34,5,113,0,0,37,0,37,13,61,71,5,150,88,0,88,238
05/14/2008,GRB,WI,AGL,CE,Combined TRACON& Tower with Radar,15,61,32,2,110,0,0,46,0,46,15,61,78,2,156,202,0,202,358
05/15/2008,GRB,WI,AGL,CE,Combined TRACON& Tower with Radar,15,57,30,1,103,0,0,58,0,58,15,57,88,1,161,56,0,56,217
05/16/2008,GRB,WI,AGL,CE,Combined TRACON& Tower with Radar,11,64,23,0,98,0,0,27,0,27,11,64,50,0,125,60,0,60,185
05/17/2008,GRB,WI,AGL,CE,Combined TRACON& Tower with Radar,7,34,10,0,51,0,0,78,0,78,7,34,88,0,129,78,0,78,207
05/18/2008,GRB,WI,AGL,CE,Combined TRACON& Tower with Radar,16,50,21,0,87,0,0,38,0,38,16,50,59,0,125,159,0,159,284
05/19/2008,GRB,WI,AGL,CE,Combined TRACON& Tower with Radar,12,86,40,8,146,0,0,73,0,73,12,86,113,8,219,27,0,27,246
05/20/2008,GRB,WI,AGL,CE,Combined TRACON& Tower with Radar,14,63,33,0,110,0,0,33,0,33,14,63,66,0,143,28,0,28,171
05/21/2008,GRB,WI,AGL,CE,Combined TRACON& Tower with Radar,10,57,25,0,92,0,0,39,0,39,10,57,64,0,131,39,0,39,170
05/22/2008,GRB,WI,AGL,CE,Combined TRACON& Tower with Radar,14,57,40,0,111,0,0,0,0,0,14,57,40,0,111,62,0,62,173
05/23/2008,GRB,WI,AGL,CE,Combined TRACON& Tower with Radar,11,55,35,0,101,0,0,0,0,0,11,55,35,0,101,254,0,254,355
05/24/2008,GRB,WI,AGL,CE,Combined TRACON& Tower with Radar,9,54,36,0,99,0,0,112,0,112,9,54,148,0,211,134,0,134,345
05/25/2008,GRB,WI,AGL,CE,Combined TRACON& Tower with Radar,11,36,11,0,58,0,0,106,0,106,11,36,117,0,164,106,0,106,270
05/26/2008,GRB,WI,AGL,CE,Combined TRACON& Tower with Radar,10,55,14,0,79,0,0,22,0,22,10,55,36,0,101,216,0,216,317
05/27/2008,GRB,WI,AGL,CE,Combined TRACON& Tower with Radar,7,54,17,0,78,0,0,12,0,12,7,54,29,0,90,23,0,23,113
05/28/2008,GRB,WI,AGL,CE,Combined TRACON& Tower with Radar,11,60,38,7,116,0,0,0,0,0,11,60,38,7,116,199,0,199,315
05/29/2008,GRB,WI,AGL,CE,Combined TRACON& Tower with Radar,0,0,38,0,38,0,0,4,0,4,0,0,42,0,42,92,0,92,134
05/30/2008,GRB,WI,AGL,CE,Combined TRACON& Tower with Radar,8,55,17,0,80,0,0,36,0,36,8,55,53,0,116,36,0,36,152
05/31/2008,GRB,WI,AGL,CE,Combined TRACON& Tower with Radar,3,36,29,0,68,0,0,26,0,26,3,36,55,0,94,16,0,16,110
06/01/2008,GRB,WI,AGL,CE,Combined TRACON& Tower with Radar,18,42,15,0,75,0,0,77,0,77,18,42,92,0,152,105,0,105,257
06/02/2008,GRB,WI,AGL,CE,Combined TRACON& Tower with Radar,13,61,29,0,103,0,0,21,0,21,13,61,50,0,124,31,0,31,155
06/03/2008,GRB,WI,AGL,CE,Combined TRACON& Tower with Radar,9,63,28,0,100,0,0,21,0,21,9,63,49,0,121,101,0,101,222
06/04/2008,GRB,WI,AGL,CE,Combined TRACON& Tower with Radar,17,51,30,4,102,0,0,0,0,0,17,51,30,4,102,52,0,52,154
06/05/2008,GRB,WI,AGL,CE,Combined TRACON& Tower with Radar,23,69,49,3,144,0,0,98,0,98,23,69,147,3,242,98,0,98,340
06/06/2008,GRB,WI,AGL,CE,Combined TRACON& Tower with Radar,19,65,43,0,127,0,0,28,0,28,19,65,71,0,155,3,0,3,158
06/07/2008,GRB,WI,AGL,CE,Combined TRACON& Tower with Radar,18,41,13,0,72,0,0,24,0,24,18,41,37,0,96,24,0,24,120
06/08/2008,GRB,WI,AGL,CE,Combined TRACON& Tower with Radar,17,32,15,0,64,0,0,2,0,2,17,32,17,0,66,32,0,32,98
06/09/2008,GRB,WI,AGL,CE,Combined TRACON& Tower with Radar,17,58,26,1,102,0,0,36,0,36,17,58,62,1,138,75,0,75,213
06/10/2008,GRB,WI,AGL,CE,Combined TRACON& Tower with Radar,15,54,48,2,119,0,0,0,0,0,15,54,48,2,119,158,0,158,277
06/11/2008,GRB,WI,AGL,CE,Combined TRACON& Tower with Radar,17,55,36,0,108,0,0,21,0,21,17,55,57,0,129,48,0,48,177
06/12/2008,GRB,WI,AGL,CE,Combined TRACON& Tower with Radar,15,43,28,0,86,0,0,1,0,1,15,43,29,0,87,71,0,71,158
06/13/2008,GRB,WI,AGL,CE,Combined TRACON& Tower with Radar,18,48,39,0,105,0,0,60,0,60,18,48,99,0,165,222,0,222,387
06/14/2008,GRB,WI,AGL,CE,Combined TRACON& Tower with Radar,13,38,21,0,72,0,0,53,0,53,13,38,74,0,125,53,0,53,178
06/15/2008,GRB,WI,AGL,CE,Combined TRACON& Tower with Radar,23,24,23,0,70,0,0,33,0,33,23,24,56,0,103,10,0,10,113
06/16/2008,GRB,WI,AGL,CE,Combined TRACON& Tower with Radar,17,54,33,0,104,0,0,0,0,0,17,54,33,0,104,119,0,119,223
06/17/2008,GRB,WI,AGL,CE,Combined TRACON& Tower with Radar,12,50,27,0,89,0,0,102,0,102,12,50,129,0,191,102,0,102,293
06/18/2008,GRB,WI,AGL,CE,Combined TRACON& Tower with Radar,14,62,28,1,105,0,0,62,0,62,14,62,90,1,167,19,0,19,186
06/19/2008,GRB,WI,AGL,CE,Combined TRACON& Tower with Radar,21,62,44,0,127,0,0,60,0,60,21,62,104,0,187,110,0,110,297
06/20/2008,GRB,WI,AGL,CE,Combined TRACON& Tower with Radar,14,55,37,0,106,0,0,44,0,44,14,55,81,0,150,66,0,66,216
06/21/2008,GRB,WI,AGL,CE,Combined TRACON& Tower with Radar,13,43,16,0,72,0,0,0,0,0,13,43,16,0,72,33,0,33,105
06/22/2008,GRB,WI,AGL,CE,Combined TRACON& Tower with Radar,18,44,14,0,76,0,0,18,0,18,18,44,32,0,94,18,0,18,112
06/23/2008,GRB,WI,AGL,CE,Combined TRACON& Tower with Radar,14,61,56,1,132,0,0,222,0,222,14,61,278,1,354,222,0,222,576
06/24/2008,GRB,WI,AGL,CE,Combined TRACON& Tower with Radar,13,58,28,0,99,0,0,52,0,52,13,58,80,0,151,189,0,189,340
06/25/2008,GRB,WI,AGL,CE,Combined TRACON& Tower with Radar,14,59,28,0,101,0,0,218,0,218,14,59,246,0,319,218,0,218,537
06/26/2008,GRB,WI,AGL,CE,Combined TRACON& Tower with Radar,24,57,37,0,118,0,0,0,0,0,24,57,37,0,118,195,0,195,313
06/27/2008,GRB,WI,AGL,CE,Combined TRACON& Tower with Radar,15,42,30,0,87,0,0,32,0,32,15,42,62,0,119,121,0,121,240
06/28/2008,GRB,WI,AGL,CE,Combined TRACON& Tower with Radar,0,0,19,0,19,0,0,0,0,0,0,0,19,0,19,128,0,128,147
06/29/2008,GRB,WI,AGL,CE,Combined TRACON& Tower with Radar,17,38,15,0,70,0,0,144,0,144,17,38,159,0,214,144,0,144,358
06/30/2008,GRB,WI,AGL,CE,Combined TRACON& Tower with Radar,19,65,34,0,118,0,0,82,0,82,19,65,116,0,200,66,0,66,266
07/01/2008,GRB,WI,AGL,CE,Combined TRACON& Tower with Radar,15,58,46,0,119,0,0,72,0,72,15,58,118,0,191,218,0,218,409
07/02/2008,GRB,WI,AGL,CE,Combined TRACON& Tower with Radar,23,59,21,0,103,0,0,14,0,14,23,59,35,0,117,46,0,46,163
07/03/2008,GRB,WI,AGL,CE,Combined TRACON& Tower with Radar,20,50,29,8,107,0,0,91,1,92,20,50,120,9,199,68,6,74,273
07/04/2008,GRB,WI,AGL,CE,Combined TRACON& Tower with Radar,10,39,9,0,58,0,0,47,0,47,10,39,56,0,105,22,0,22,127
07/05/2008,GRB,WI,AGL,CE,Combined TRACON& Tower with Radar,11,37,12,0,60,0,0,45,0,45,11,37,57,0,105,140,0,140,245
07/06/2008,GRB,WI,AGL,CE,Combined TRACON& Tower with Radar,14,38,16,0,68,0,0,13,0,13,14,38,29,0,81,8,0,8,89
07/07/2008,GRB,WI,AGL,CE,Combined TRACON& Tower with Radar,21,61,33,0,115,0,0,26,0,26,21,61,59,0,141,236,0,236,377
07/08/2008,GRB,WI,AGL,CE,Combined TRACON& Tower with Radar,22,79,62,0,163,0,0,51,0,51,22,79,113,0,214,246,0,246,460
07/09/2008,GRB,WI,AGL,CE,Combined TRACON& Tower with Radar,20,64,39,2,125,0,0,60,1,61,20,64,99,3,186,138,0,138,324
07/10/2008,GRB,WI,AGL,CE,Combined TRACON& Tower with Radar,18,50,40,0,108,0,0,60,0,60,18,50,100,0,168,58,2,60,228
07/11/2008,GRB,WI,AGL,CE,Combined TRACON& Tower with Radar,21,74,56,0,151,0,0,54,0,54,21,74,110,0,205,242,0,242,447
07/12/2008,GRB,WI,AGL,CE,Combined TRACON& Tower with Radar,18,45,35,0,98,0,0,72,4,76,18,45,107,4,174,170,2,172,346
07/13/2008,GRB,WI,AGL,CE,Combined TRACON& Tower with Radar,14,43,67,0,124,0,0,27,0,27,14,43,94,0,151,23,0,23,174
07/14/2008,GRB,WI,AGL,CE,Combined TRACON& Tower with Radar,20,64,45,0,129,0,0,104,0,104,20,64,149,0,233,304,0,304,537
07/15/2008,GRB,WI,AGL,CE,Combined TRACON& Tower with Radar,15,57,47,0,119,0,0,110,0,110,15,57,157,0,229,218,0,218,447
07/16/2008,GRB,WI,AGL,CE,Combined TRACON& Tower with Radar,14,54,25,0,93,0,0,39,0,39,14,54,64,0,132,84,0,84,216
07/17/2008,GRB,WI,AGL,CE,Combined TRACON& Tower with Radar,20,66,50,0,136,0,0,51,0,51,20,66,101,0,187,230,0,230,417
07/18/2008,GRB,WI,AGL,CE,Combined TRACON& Tower with Radar,21,59,51,1,132,0,0,48,0,48,21,59,99,1,180,244,0,244,424
07/19/2008,GRB,WI,AGL,CE,Combined TRACON& Tower with Radar,10,45,89,0,144,0,0,59,2,61,10,45,148,2,205,148,0,148,353
07/20/2008,GRB,WI,AGL,CE,Combined TRACON& Tower with Radar,21,60,62,0,143,0,0,14,0,14,21,60,76,0,157,112,0,112,269
07/21/2008,GRB,WI,AGL,CE,Combined TRACON& Tower with Radar,16,56,26,0,98,0,0,34,0,34,16,56,60,0,132,60,0,60,192
07/22/2008,GRB,WI,AGL,CE,Combined TRACON& Tower with Radar,18,54,54,0,126,0,0,49,0,49,18,54,103,0,175,116,0,116,291
07/23/2008,GRB,WI,AGL,CE,Combined TRACON& Tower with Radar,12,55,45,0,112,0,0,70,0,70,12,55,115,0,182,154,0,154,336
07/24/2008,GRB,WI,AGL,CE,Combined TRACON& Tower with Radar,22,61,52,0,135,0,0,96,0,96,22,61,148,0,231,268,0,268,499
07/25/2008,GRB,WI,AGL,CE,Combined TRACON& Tower with Radar,19,119,176,0,314,0,0,33,3,36,19,119,209,3,350,88,0,88,438
07/26/2008,GRB,WI,AGL,CE,Combined TRACON& Tower with Radar,21,56,41,0,118,0,0,64,0,64,21,56,105,0,182,122,0,122,304
07/27/2008,GRB,WI,AGL,CE,Combined TRACON& Tower with Radar,14,54,62,0,130,0,0,108,0,108,14,54,170,0,238,198,0,198,436
07/28/2008,GRB,WI,AGL,CE,Combined TRACON& Tower with Radar,14,55,56,0,125,0,0,56,0,56,14,55,112,0,181,78,2,80,261
07/29/2008,GRB,WI,AGL,CE,Combined TRACON& Tower with Radar,13,66,51,0,130,0,0,37,0,37,13,66,88,0,167,58,0,58,225
07/30/2008,GRB,WI,AGL,CE,Combined TRACON& Tower with Radar,21,79,120,5,225,0,0,0,0,0,21,79,120,5,225,83,0,83,308
07/31/2008,GRB,WI,AGL,CE,Combined TRACON& Tower with Radar,18,59,105,0,182,0,0,90,0,90,18,59,195,0,272,90,0,90,362
08/01/2008,GRB,WI,AGL,CE,Combined TRACON& Tower with Radar,17,61,99,0,177,0,0,80,0,80,17,61,179,0,257,154,0,154,411
08/02/2008,GRB,WI,AGL,CE,Combined TRACON& Tower with Radar,17,49,66,0,132,0,0,89,0,89,17,49,155,0,221,238,0,238,459
08/03/2008,GRB,WI,AGL,CE,Combined TRACON& Tower with Radar,14,46,48,0,108,0,0,64,2,66,14,46,112,2,174,30,0,30,204
08/04/2008,GRB,WI,AGL,CE,Combined TRACON& Tower with Radar,13,47,35,0,95,0,0,62,1,63,13,47,97,1,158,298,0,298,456
08/05/2008,GRB,WI,AGL,CE,Combined TRACON& Tower with Radar,22,82,81,9,194,0,0,68,1,69,22,82,149,10,263,228,36,264,527
08/06/2008,GRB,WI,AGL,CE,Combined TRACON& Tower with Radar,14,57,33,1,105,0,0,46,0,46,14,57,79,1,151,100,0,100,251
08/07/2008,GRB,WI,AGL,CE,Combined TRACON& Tower with Radar,21,116,105,1,243,17,56,41,1,115,38,172,146,2,358,214,0,214,572
08/08/2008,GRB,WI,AGL,CE,Combined TRACON& Tower with Radar,20,53,28,0,101,0,0,82,0,82,20,53,110,0,183,114,0,114,297
08/09/2008,GRB,WI,AGL,CE,Combined TRACON& Tower with Radar,10,40,12,1,63,0,0,51,5,56,10,40,63,6,119,86,0,86,205
08/10/2008,GRB,WI,AGL,CE,Combined TRACON& Tower with Radar,13,45,38,2,98,0,0,47,1,48,13,45,85,3,146,74,0,74,220
08/11/2008,GRB,WI,AGL,CE,Combined TRACON& Tower with Radar,12,49,60,9,130,0,0,61,5,66,12,49,121,14,196,108,16,124,320
08/12/2008,GRB,WI,AGL,CE,Combined TRACON& Tower with Radar,14,60,56,2,132,0,0,64,1,65,14,60,120,3,197,132,0,132,329
08/13/2008,GRB,WI,AGL,CE,Combined TRACON& Tower with Radar,28,77,66,0,171,0,0,46,0,46,28,77,112,0,217,170,14,184,401
08/14/2008,GRB,WI,AGL,CE,Combined TRACON& Tower with Radar,31,80,63,0,174,0,0,71,0,71,31,80,134,0,245,174,0,174,419
08/15/2008,GRB,WI,AGL,CE,Combined TRACON& Tower with Radar,20,53,42,0,115,0,0,88,0,88,20,53,130,0,203,136,0,136,339
08/16/2008,GRB,WI,AGL,CE,Combined TRACON& Tower with Radar,18,54,54,0,126,0,0,51,0,51,18,54,105,0,177,290,0,290,467
08/17/2008,GRB,WI,AGL,CE,Combined TRACON& Tower with Radar,21,36,27,0,84,0,0,47,0,47,21,36,74,0,131,72,0,72,203
08/18/2008,GRB,WI,AGL,CE,Combined TRACON& Tower with Radar,23,74,63,0,160,0,0,61,0,61,23,74,124,0,221,190,0,190,411
08/19/2008,GRB,WI,AGL,CE,Combined TRACON& Tower with Radar,23,74,60,1,158,0,0,56,0,56,23,74,116,1,214,367,10,377,591
08/20/2008,GRB,WI,AGL,CE,Combined TRACON& Tower with Radar,15,62,59,14,150,0,0,68,0,68,15,62,127,14,218,117,0,117,335
08/21/2008,GRB,WI,AGL,CE,Combined TRACON& Tower with Radar,20,53,44,0,117,0,0,43,0,43,20,53,87,0,160,118,0,118,278
08/22/2008,GRB,WI,AGL,CE,Combined TRACON& Tower with Radar,15,64,129,9,217,0,0,15,2,17,15,64,144,11,234,84,8,92,326
08/23/2008,GRB,WI,AGL,CE,Combined TRACON& Tower with Radar,9,42,30,0,81,0,0,39,0,39,9,42,69,0,120,126,0,126,246
08/24/2008,GRB,WI,AGL,CE,Combined TRACON& Tower with Radar,10,39,171,0,220,0,0,60,0,60,10,39,231,0,280,147,0,147,427
08/25/2008,GRB,WI,AGL,CE,Combined TRACON& Tower with Radar,15,56,59,12,142,0,0,69,0,69,15,56,128,12,211,184,34,218,429
08/26/2008,GRB,WI,AGL,CE,Combined TRACON& Tower with Radar,18,81,48,0,147,0,0,68,0,68,18,81,116,0,215,136,0,136,351
08/27/2008,GRB,WI,AGL,CE,Combined TRACON& Tower with Radar,18,52,39,6,115,0,0,55,0,55,18,52,94,6,170,90,0,90,260
08/28/2008,GRB,WI,AGL,CE,Combined TRACON& Tower with Radar,17,57,117,0,191,0,0,20,0,20,17,57,137,0,211,62,0,62,273
08/29/2008,GRB,WI,AGL,CE,Combined TRACON& Tower with Radar,13,62,148,0,223,0,0,72,0,72,13,62,220,0,295,108,0,108,403
08/30/2008,GRB,WI,AGL,CE,Combined TRACON& Tower with Radar,12,68,41,3,124,0,0,79,6,85,12,68,120,9,209,38,0,38,247
08/31/2008,GRB,WI,AGL,CE,Combined TRACON& Tower with Radar,11,28,9,0,48,0,0,29,0,29,11,28,38,0,77,18,0,18,95
09/01/2008,GRB,WI,AGL,CE,Combined TRACON& Tower with Radar,12,52,14,0,78,0,0,51,0,51,12,52,65,0,129,38,0,38,167
09/02/2008,GRB,WI,AGL,CE,Combined TRACON& Tower with Radar,13,50,33,1,97,0,0,35,0,35,13,50,68,1,132,70,6,76,208
09/03/2008,GRB,WI,AGL,CE,Combined TRACON& Tower with Radar,16,55,47,12,130,0,0,56,0,56,16,55,103,12,186,104,20,124,310
09/04/2008,GRB,WI,AGL,CE,Combined TRACON& Tower with Radar,15,60,67,0,142,0,0,5,0,5,15,60,72,0,147,124,0,124,271
09/05/2008,GRB,WI,AGL,CE,Combined TRACON& Tower with Radar,15,48,40,0,103,0,0,55,0,55,15,48,95,0,158,8,0,8,166
09/06/2008,GRB,WI,AGL,CE,Combined TRACON& Tower with Radar,9,42,53,0,104,0,0,25,0,25,9,42,78,0,129,144,0,144,273
09/07/2008,GRB,WI,AGL,CE,Combined TRACON& Tower with Radar,24,33,36,0,93,0,0,45,0,45,24,33,81,0,138,68,0,68,206
09/08/2008,GRB,WI,AGL,CE,Combined TRACON& Tower with Radar,21,63,155,1,240,0,0,52,0,52,21,63,207,1,292,36,0,36,328
09/09/2008,GRB,WI,AGL,CE,Combined TRACON& Tower with Radar,15,51,52,3,121,0,0,66,0,66,15,51,118,3,187,86,16,102,289
09/10/2008,GRB,WI,AGL,CE,Combined TRACON& Tower with Radar,16,50,177,3,246,0,0,68,3,71,16,50,245,6,317,134,0,134,451
09/11/2008,GRB,WI,AGL,CE,Combined TRACON& Tower with Radar,19,54,55,0,128,0,0,21,1,22,19,54,76,1,150,128,0,128,278
09/12/2008,GRB,WI,AGL,CE,Combined TRACON& Tower with Radar,16,33,42,0,91,0,0,13,0,13,16,33,55,0,104,110,0,110,214
09/13/2008,GRB,WI,AGL,CE,Combined TRACON& Tower with Radar,19,34,15,0,68,0,0,0,0,0,19,34,15,0,68,0,0,0,68
09/14/2008,GRB,WI,AGL,CE,Combined TRACON& Tower with Radar,17,30,18,0,65,0,0,0,0,0,17,30,18,0,65,0,0,0,65
09/15/2008,GRB,WI,AGL,CE,Combined TRACON& Tower with Radar,15,47,46,0,108,0,0,47,0,47,15,47,93,0,155,158,8,166,321
09/16/2008,GRB,WI,AGL,CE,Combined TRACON& Tower with Radar,18,41,27,0,86,0,0,35,0,35,18,41,62,0,121,64,8,72,193
09/17/2008,GRB,WI,AGL,CE,Combined TRACON& Tower with Radar,17,101,95,0,213,0,0,37,0,37,17,101,132,0,250,48,0,48,298
09/18/2008,GRB,WI,AGL,CE,Combined TRACON& Tower with Radar,15,54,120,1,190,0,0,52,0,52,15,54,172,1,242,81,32,113,355
09/19/2008,GRB,WI,AGL,CE,Combined TRACON& Tower with Radar,17,52,55,0,124,0,0,94,0,94,17,52,149,0,218,94,0,94,312
09/20/2008,GRB,WI,AGL,CE,Combined TRACON& Tower with Radar,18,23,23,1,65,0,0,60,0,60,18,23,83,1,125,24,0,24,149
09/21/2008,GRB,WI,AGL,CE,Combined TRACON& Tower with Radar,17,45,104,4,170,0,0,60,0,60,17,45,164,4,230,18,0,18,248
09/22/2008,GRB,WI,AGL,CE,Combined TRACON& Tower with Radar,23,75,80,2,180,0,0,24,0,24,23,75,104,2,204,124,0,124,328
09/23/2008,GRB,WI,AGL,CE,Combined TRACON& Tower with Radar,18,50,32,1,101,0,0,27,0,27,18,50,59,1,128,86,0,86,214
09/24/2008,GRB,WI,AGL,CE,Combined TRACON& Tower with Radar,18,48,32,1,99,0,0,43,0,43,18,48,75,1,142,50,0,50,192
09/25/2008,GRB,WI,AGL,CE,Combined TRACON& Tower with Radar,16,44,247,0,307,0,0,82,0,82,16,44,329,0,389,204,0,204,593
09/26/2008,GRB,WI,AGL,CE,Combined TRACON& Tower with Radar,15,43,59,0,117,0,0,65,0,65,15,43,124,0,182,128,0,128,310
09/27/2008,GRB,WI,AGL,CE,Combined TRACON& Tower with Radar,14,23,15,0,52,0,0,77,0,77,14,23,92,0,129,106,0,106,235
09/28/2008,GRB,WI,AGL,CE,Combined TRACON& Tower with Radar,17,32,16,0,65,0,0,11,0,11,17,32,27,0,76,0,0,0,76
09/29/2008,GRB,WI,AGL,CE,Combined TRACON& Tower with Radar,17,37,40,0,94,0,0,4,1,5,17,37,44,1,99,0,0,0,99
09/30/2008,GRB,WI,AGL,CE,Combined TRACON& Tower with Radar,11,61,60,0,132,0,0,47,0,47,11,61,107,0,179,114,0,114,293
10/01/2008,GRB,WI,AGL,CE,Combined TRACON& Tower with Radar,25,61,44,1,131,0,0,33,0,33,25,61,77,1,164,183,0,183,347
10/02/2008,GRB,WI,AGL,CE,Combined TRACON& Tower with Radar,21,37,26,0,84,0,0,18,0,18,21,37,44,0,102,24,0,24,126
10/03/2008,GRB,WI,AGL,CE,Combined TRACON& Tower with Radar,20,44,33,0,97,0,0,46,0,46,20,44,79,0,143,82,0,82,225
10/04/2008,GRB,WI,AGL,CE,Combined TRACON& Tower with Radar,19,42,35,2,98,0,0,57,0,57,19,42,92,2,155,204,0,204,359
10/05/2008,GRB,WI,AGL,CE,Combined TRACON& Tower with Radar,17,54,78,2,151,0,0,38,0,38,17,54,116,2,189,82,0,82,271
10/06/2008,GRB,WI,AGL,CE,Combined TRACON& Tower with Radar,25,63,50,1,139,0,0,24,0,24,25,63,74,1,163,139,0,139,302
10/07/2008,GRB,WI,AGL,CE,Combined TRACON& Tower with Radar,18,46,32,0,96,0,0,32,0,32,18,46,64,0,128,90,0,90,218
10/08/2008,GRB,WI,AGL,CE,Combined TRACON& Tower with Radar,19,53,55,0,127,0,0,49,0,49,19,53,104,0,176,174,0,174,350
10/09/2008,GRB,WI,AGL,CE,Combined TRACON& Tower with Radar,19,39,33,11,102,0,0,35,2,37,19,39,68,13,139,60,24,84,223
10/10/2008,GRB,WI,AGL,CE,Combined TRACON& Tower with Radar,16,36,39,5,96,0,0,109,0,109,16,36,148,5,205,230,16,246,451
10/11/2008,GRB,WI,AGL,CE,Combined TRACON& Tower with Radar,15,40,23,0,78,0,0,96,0,96,15,40,119,0,174,154,0,154,328
10/12/2008,GRB,WI,AGL,CE,Combined TRACON& Tower with Radar,16,67,88,0,171,0,0,135,0,135,16,67,223,0,306,176,4,180,486
10/13/2008,GRB,WI,AGL,CE,Combined TRACON& Tower with Radar,11,51,45,0,107,0,0,50,0,50,11,51,95,0,157,44,0,44,201
10/14/2008,GRB,WI,AGL,CE,Combined TRACON& Tower with Radar,19,42,31,0,92,0,0,97,0,97,19,42,128,0,189,80,0,80,269
10/15/2008,GRB,WI,AGL,CE,Combined TRACON& Tower with Radar,13,55,42,0,110,0,0,24,0,24,13,55,66,0,134,108,0,108,242
10/16/2008,GRB,WI,AGL,CE,Combined TRACON& Tower with Radar,15,53,46,0,114,0,0,111,0,111,15,53,157,0,225,142,0,142,367
10/17/2008,GRB,WI,AGL,CE,Combined TRACON& Tower with Radar,17,64,43,9,133,0,0,49,0,49,17,64,92,9,182,132,0,132,314
10/18/2008,GRB,WI,AGL,CE,Combined TRACON& Tower with Radar,10,36,28,0,74,0,0,70,0,70,10,36,98,0,144,152,0,152,296
10/19/2008,GRB,WI,AGL,CE,Combined TRACON& Tower with Radar,11,62,134,2,209,0,0,87,0,87,11,62,221,2,296,92,2,94,390
10/20/2008,GRB,WI,AGL,CE,Combined TRACON& Tower with Radar,20,36,33,1,90,0,0,26,0,26,20,36,59,1,116,76,0,76,192
10/21/2008,GRB,WI,AGL,CE,Combined TRACON& Tower with Radar,13,42,24,6,85,0,0,56,3,59,13,42,80,9,144,100,2,102,246
10/22/2008,GRB,WI,AGL,CE,Combined TRACON& Tower with Radar,14,48,29,0,91,0,0,46,0,46,14,48,75,0,137,64,4,68,205
10/23/2008,GRB,WI,AGL,CE,Combined TRACON& Tower with Radar,12,37,29,0,78,0,0,24,0,24,12,37,53,0,102,0,0,0,102
10/24/2008,GRB,WI,AGL,CE,Combined TRACON& Tower with Radar,16,37,61,0,114,0,0,2,0,2,16,37,63,0,116,2,0,2,118
10/25/2008,GRB,WI,AGL,CE,Combined TRACON& Tower with Radar,14,26,14,0,54,0,0,20,0,20,14,26,34,0,74,90,0,90,164
10/26/2008,GRB,WI,AGL,CE,Combined TRACON& Tower with Radar,16,42,9,0,67,0,0,16,0,16,16,42,25,0,83,0,0,0,83
10/27/2008,GRB,WI,AGL,CE,Combined TRACON& Tower with Radar,15,47,18,0,80,0,0,16,0,16,15,47,34,0,96,34,0,34,130
10/28/2008,GRB,WI,AGL,CE,Combined TRACON& Tower with Radar,15,51,24,5,95,0,0,36,1,37,15,51,60,6,132,64,14,78,210
10/29/2008,GRB,WI,AGL,CE,Combined TRACON& Tower with Radar,17,51,30,0,98,0,0,88,0,88,17,51,118,0,186,186,0,186,372
10/30/2008,GRB,WI,AGL,CE,Combined TRACON& Tower with Radar,24,50,53,4,131,0,0,39,0,39,24,50,92,4,170,149,0,149,319
10/31/2008,GRB,WI,AGL,CE,Combined TRACON& Tower with Radar,19,32,25,0,76,0,0,80,0,80,19,32,105,0,156,224,0,224,380
11/01/2008,GRB,WI,AGL,CE,Combined TRACON& Tower with Radar,21,25,30,0,76,0,0,83,0,83,21,25,113,0,159,238,0,238,397
11/02/2008,GRB,WI,AGL,CE,Combined TRACON& Tower with Radar,16,40,36,0,92,0,0,10,0,10,16,40,46,0,102,121,0,121,223
11/03/2008,GRB,WI,AGL,CE,Combined TRACON& Tower with Radar,20,50,32,0,102,0,0,15,0,15,20,50,47,0,117,46,0,46,163
11/04/2008,GRB,WI,AGL,CE,Combined TRACON& Tower with Radar,15,45,38,6,104,0,0,53,0,53,15,45,91,6,157,152,42,194,351
11/05/2008,GRB,WI,AGL,CE,Combined TRACON& Tower with Radar,14,42,28,5,89,0,0,26,0,26,14,42,54,5,115,178,8,186,301
11/06/2008,GRB,WI,AGL,CE,Combined TRACON& Tower with Radar,13,35,42,8,98,0,0,4,0,4,13,35,46,8,102,2,24,26,128
11/07/2008,GRB,WI,AGL,CE,Combined TRACON& Tower with Radar,13,43,32,0,88,0,0,28,0,28,13,43,60,0,116,122,0,122,238
11/08/2008,GRB,WI,AGL,CE,Combined TRACON& Tower with Radar,17,24,10,0,51,0,0,0,0,0,17,24,10,0,51,94,0,94,145
11/09/2008,GRB,WI,AGL,CE,Combined TRACON& Tower with Radar,14,30,9,0,53,0,0,7,0,7,14,30,16,0,60,38,0,38,98
11/10/2008,GRB,WI,AGL,CE,Combined TRACON& Tower with Radar,13,47,33,2,95,0,0,33,0,33,13,47,66,2,128,160,12,172,300
11/11/2008,GRB,WI,AGL,CE,Combined TRACON& Tower with Radar,10,40,31,0,81,0,0,41,0,41,10,40,72,0,122,130,0,130,252
11/12/2008,GRB,WI,AGL,CE,Combined TRACON& Tower with Radar,12,42,29,0,83,0,0,0,0,0,12,42,29,0,83,0,0,0,83
11/13/2008,GRB,WI,AGL,CE,Combined TRACON& Tower with Radar,13,57,56,0,126,0,0,0,0,0,13,57,56,0,126,66,0,66,192
11/14/2008,GRB,WI,AGL,CE,Combined TRACON& Tower with Radar,17,39,40,0,96,0,0,27,0,27,17,39,67,0,123,40,0,40,163
11/15/2008,GRB,WI,AGL,CE,Combined TRACON& Tower with Radar,14,30,13,0,57,0,0,42,2,44,14,30,55,2,101,48,14,62,163
11/16/2008,GRB,WI,AGL,CE,Combined TRACON& Tower with Radar,14,51,117,0,182,0,0,25,0,25,14,51,142,0,207,18,0,18,225
11/17/2008,GRB,WI,AGL,CE,Combined TRACON& Tower with Radar,16,43,23,2,84,0,0,17,0,17,16,43,40,2,101,20,0,20,121
11/18/2008,GRB,WI,AGL,CE,Combined TRACON& Tower with Radar,11,42,32,2,87,0,0,47,3,50,11,42,79,5,137,96,0,96,233
11/19/2008,GRB,WI,AGL,CE,Combined TRACON& Tower with Radar,22,29,39,0,90,0,0,35,0,35,22,29,74,0,125,38,0,38,163
11/20/2008,GRB,WI,AGL,CE,Combined TRACON& Tower with Radar,25,27,23,16,91,0,0,25,1,26,25,27,48,17,117,58,28,86,203
11/21/2008,GRB,WI,AGL,CE,Combined TRACON& Tower with Radar,25,30,32,0,87,0,0,61,0,61,25,30,93,0,148,106,6,112,260
11/22/2008,GRB,WI,AGL,CE,Combined TRACON& Tower with Radar,13,23,12,2,50,0,0,58,0,58,13,23,70,2,108,202,4,206,314
11/23/2008,GRB,WI,AGL,CE,Combined TRACON& Tower with Radar,22,43,19,0,84,0,0,64,0,64,22,43,83,0,148,140,0,140,288
11/24/2008,GRB,WI,AGL,CE,Combined TRACON& Tower with Radar,22,34,27,8,91,0,0,3,0,3,22,34,30,8,94,102,8,110,204
11/25/2008,GRB,WI,AGL,CE,Combined TRACON& Tower with Radar,21,42,39,0,102,0,0,38,0,38,21,42,77,0,140,94,4,98,238
11/26/2008,GRB,WI,AGL,CE,Combined TRACON& Tower with Radar,20,49,38,3,110,0,0,63,0,63,20,49,101,3,173,142,0,142,315
11/27/2008,GRB,WI,AGL,CE,Combined TRACON& Tower with Radar,11,19,2,0,32,0,0,12,0,12,11,19,14,0,44,0,0,0,44
11/28/2008,GRB,WI,AGL,CE,Combined TRACON& Tower with Radar,14,35,26,2,77,0,0,40,0,40,14,35,66,2,117,108,6,114,231
11/29/2008,GRB,WI,AGL,CE,Combined TRACON& Tower with Radar,11,21,17,1,50,0,0,53,1,54,11,21,70,2,104,94,0,94,198
11/30/2008,GRB,WI,AGL,CE,Combined TRACON& Tower with Radar,13,41,58,3,115,0,0,0,2,2,13,41,58,5,117,0,0,0,117
12/01/2008,GRB,WI,AGL,CE,Combined TRACON& Tower with Radar,23,45,35,5,108,0,0,12,0,12,23,45,47,5,120,0,0,0,120
12/02/2008,GRB,WI,AGL,CE,Combined TRACON& Tower with Radar,18,51,38,9,116,0,0,29,6,35,18,51,67,15,151,70,34,104,255
12/03/2008,GRB,WI,AGL,CE,Combined TRACON& Tower with Radar,19,37,11,1,68,0,0,3,0,3,19,37,14,1,71,18,0,18,89
12/04/2008,GRB,WI,AGL,CE,Combined TRACON& Tower with Radar,12,44,28,5,89,0,0,17,0,17,12,44,45,5,106,50,8,58,164
12/05/2008,GRB,WI,AGL,CE,Combined TRACON& Tower with Radar,24,56,29,3,112,0,0,25,0,25,24,56,54,3,137,66,0,66,203
12/06/2008,GRB,WI,AGL,CE,Combined TRACON& Tower with Radar,7,33,8,1,49,0,0,0,0,0,7,33,8,1,49,0,0,0,49
12/07/2008,GRB,WI,AGL,CE,Combined TRACON& Tower with Radar,15,49,43,0,107,0,0,11,2,13,15,49,54,2,120,14,0,14,134
12/08/2008,GRB,WI,AGL,CE,Combined TRACON& Tower with Radar,18,49,29,1,97,0,0,26,0,26,18,49,55,1,123,60,0,60,183
12/09/2008,GRB,WI,AGL,CE,Combined TRACON& Tower with Radar,20,38,18,1,77,0,0,0,0,0,20,38,18,1,77,12,0,12,89
12/10/2008,GRB,WI,AGL,CE,Combined TRACON& Tower with Radar,19,44,35,1,99,0,0,37,0,37,19,44,72,1,136,60,0,60,196
12/11/2008,GRB,WI,AGL,CE,Combined TRACON& Tower with Radar,23,65,48,1,137,0,0,22,0,22,23,65,70,1,159,64,8,72,231
12/12/2008,GRB,WI,AGL,CE,Combined TRACON& Tower with Radar,12,38,36,2,88,0,0,31,0,31,12,38,67,2,119,78,0,78,197
12/13/2008,GRB,WI,AGL,CE,Combined TRACON& Tower with Radar,15,35,16,0,66,0,0,11,0,11,15,35,27,0,77,90,0,90,167
12/14/2008,GRB,WI,AGL,CE,Combined TRACON& Tower with Radar,15,37,11,0,63,0,0,0,0,0,15,37,11,0,63,0,0,0,63
12/15/2008,GRB,WI,AGL,CE,Combined TRACON& Tower with Radar,17,34,27,0,78,0,0,8,0,8,17,34,35,0,86,30,8,38,124
12/16/2008,GRB,WI,AGL,CE,Combined TRACON& Tower with Radar,15,35,36,0,86,0,0,21,0,21,15,35,57,0,107,31,4,35,142
12/17/2008,GRB,WI,AGL,CE,Combined TRACON& Tower with Radar,12,49,24,9,94,0,0,31,7,38,12,49,55,16,132,142,10,152,284
12/18/2008,GRB,WI,AGL,CE,Combined TRACON& Tower with Radar,15,52,57,0,124,0,0,47,0,47,15,52,104,0,171,198,0,198,369
12/19/2008,GRB,WI,AGL,CE,Combined TRACON& Tower with Radar,9,44,18,0,71,0,0,0,0,0,9,44,18,0,71,18,0,18,89
12/20/2008,GRB,WI,AGL,CE,Combined TRACON& Tower with Radar,5,25,15,0,45,0,0,7,0,7,5,25,22,0,52,92,0,92,144
12/21/2008,GRB,WI,AGL,CE,Combined TRACON& Tower with Radar,10,48,30,0,88,0,0,0,0,0,10,48,30,0,88,0,0,0,88
12/22/2008,GRB,WI,AGL,CE,Combined TRACON& Tower with Radar,13,46,25,1,85,0,0,35,0,35,13,46,60,1,120,58,8,66,186
12/23/2008,GRB,WI,AGL,CE,Combined TRACON& Tower with Radar,9,44,15,0,68,0,0,9,0,9,9,44,24,0,77,0,0,0,77
12/24/2008,GRB,WI,AGL,CE,Combined TRACON& Tower with Radar,6,39,5,0,50,0,0,0,0,0,6,39,5,0,50,0,0,0,50
12/25/2008,GRB,WI,AGL,CE,Combined TRACON& Tower with Radar,6,32,0,0,38,0,0,4,0,4,6,32,4,0,42,12,0,12,54
12/26/2008,GRB,WI,AGL,CE,Combined TRACON& Tower with Radar,10,35,15,0,60,0,0,0,0,0,10,35,15,0,60,0,0,0,60
12/27/2008,GRB,WI,AGL,CE,Combined TRACON& Tower with Radar,8,13,8,0,29,0,0,0,0,0,8,13,8,0,29,0,0,0,29
12/28/2008,GRB,WI,AGL,CE,Combined TRACON& Tower with Radar,14,43,50,0,107,0,0,12,0,12,14,43,62,0,119,34,0,34,153
12/29/2008,GRB,WI,AGL,CE,Combined TRACON& Tower with Radar,13,42,22,0,77,0,0,21,0,21,13,42,43,0,98,30,0,30,128
12/30/2008,GRB,WI,AGL,CE,Combined TRACON& Tower with Radar,9,46,14,0,69,0,0,0,0,0,9,46,14,0,69,14,0,14,83
12/31/2008,GRB,WI,AGL,CE,Combined TRACON& Tower with Radar,7,44,18,4,73,0,0,40,2,42,7,44,58,6,115,26,18,44,159
01/01/2009,GRB,WI,AGL,CE,Combined TRACON& Tower with Radar,9,39,5,0,53,0,0,4,0,4,9,39,9,0,57,0,0,0,57
01/02/2009,GRB,WI,AGL,CE,Combined TRACON& Tower with Radar,9,40,30,9,88,0,0,40,0,40,9,40,70,9,128,100,0,100,228
01/03/2009,GRB,WI,AGL,CE,Combined TRACON& Tower with Radar,6,34,19,0,59,0,0,10,0,10,6,34,29,0,69,38,0,38,107
01/04/2009,GRB,WI,AGL,CE,Combined TRACON& Tower with Radar,10,34,4,0,48,0,0,2,0,2,10,34,6,0,50,20,0,20,70
01/05/2009,GRB,WI,AGL,CE,Combined TRACON& Tower with Radar,11,42,20,1,74,0,0,47,0,47,11,42,67,1,121,40,0,40,161
01/06/2009,GRB,WI,AGL,CE,Combined TRACON& Tower with Radar,14,41,21,13,89,0,0,28,3,31,14,41,49,16,120,10,48,58,178
01/07/2009,GRB,WI,AGL,CE,Combined TRACON& Tower with Radar,18,46,28,3,95,0,0,10,0,10,18,46,38,3,105,54,0,54,159
01/08/2009,GRB,WI,AGL,CE,Combined TRACON& Tower with Radar,21,49,21,0,91,0,0,50,0,50,21,49,71,0,141,0,0,0,141
01/09/2009,GRB,WI,AGL,CE,Combined TRACON& Tower with Radar,19,38,29,0,86,0,0,38,0,38,19,38,67,0,124,72,0,72,196
01/10/2009,GRB,WI,AGL,CE,Combined TRACON& Tower with Radar,18,22,30,0,70,0,0,41,0,41,18,22,71,0,111,42,0,42,153
01/11/2009,GRB,WI,AGL,CE,Combined TRACON& Tower with Radar,14,26,5,0,45,0,0,43,0,43,14,26,48,0,88,66,0,66,154
01/12/2009,GRB,WI,AGL,CE,Combined TRACON& Tower with Radar,22,34,17,0,73,0,0,12,0,12,22,34,29,0,85,74,0,74,159
01/13/2009,GRB,WI,AGL,CE,Combined TRACON& Tower with Radar,21,40,17,0,78,0,0,12,0,12,21,40,29,0,90,34,0,34,124
01/14/2009,GRB,WI,AGL,CE,Combined TRACON& Tower with Radar,21,46,25,0,92,0,0,1,0,1,21,46,26,0,93,16,0,16,109
01/15/2009,GRB,WI,AGL,CE,Combined TRACON& Tower with Radar,26,37,9,1,73,0,0,0,0,0,26,37,9,1,73,42,0,42,115
01/16/2009,GRB,WI,AGL,CE,Combined TRACON& Tower with Radar,20,25,11,0,56,0,0,13,0,13,20,25,24,0,69,48,0,48,117
01/17/2009,GRB,WI,AGL,CE,Combined TRACON& Tower with Radar,16,23,9,0,48,0,0,0,0,0,16,23,9,0,48,0,0,0,48
01/18/2009,GRB,WI,AGL,CE,Combined TRACON& Tower with Radar,15,355,31,0,401,0,0,29,0,29,15,355,60,0,430,127,0,127,557
01/19/2009,GRB,WI,AGL,CE,Combined TRACON& Tower with Radar,18,40,18,0,76,0,0,35,0,35,18,40,53,0,111,62,0,62,173
01/20/2009,GRB,WI,AGL,CE,Combined TRACON& Tower with Radar,15,48,33,0,96,0,0,33,0,33,15,48,66,0,129,100,0,100,229
01/21/2009,GRB,WI,AGL,CE,Combined TRACON& Tower with Radar,29,28,13,0,70,0,0,0,0,0,29,28,13,0,70,30,0,30,100
01/22/2009,GRB,WI,AGL,CE,Combined TRACON& Tower with Radar,18,43,16,0,77,0,0,0,0,0,18,43,16,0,77,0,0,0,77
01/23/2009,GRB,WI,AGL,CE,Combined TRACON& Tower with Radar,22,32,21,1,76,0,0,15,1,16,22,32,36,2,92,32,10,42,134
01/24/2009,GRB,WI,AGL,CE,Combined TRACON& Tower with Radar,16,22,12,1,51,0,0,39,0,39,16,22,51,1,90,28,0,28,118
01/25/2009,GRB,WI,AGL,CE,Combined TRACON& Tower with Radar,8,48,24,0,80,0,0,36,0,36,8,48,60,0,116,98,0,98,214
01/26/2009,GRB,WI,AGL,CE,Combined TRACON& Tower with Radar,17,36,22,3,78,0,0,9,1,10,17,36,31,4,88,52,0,52,140
01/27/2009,GRB,WI,AGL,CE,Combined TRACON& Tower with Radar,16,42,24,15,97,0,0,36,2,38,16,42,60,17,135,64,43,107,242
01/28/2009,GRB,WI,AGL,CE,Combined TRACON& Tower with Radar,15,40,26,5,86,0,0,38,0,38,15,40,64,5,124,78,0,78,202
01/29/2009,GRB,WI,AGL,CE,Combined TRACON& Tower with Radar,12,53,15,0,80,0,0,24,0,24,12,53,39,0,104,122,0,122,226
01/30/2009,GRB,WI,AGL,CE,Combined TRACON& Tower with Radar,14,38,21,0,73,0,0,33,5,38,14,38,54,5,111,76,0,76,187
01/31/2009,GRB,WI,AGL,CE,Combined TRACON& Tower with Radar,15,32,15,0,62,0,0,6,0,6,15,32,21,0,68,0,0,0,68
02/01/2009,GRB,WI,AGL,CE,Combined TRACON& Tower with Radar,12,33,10,0,55,0,0,23,0,23,12,33,33,0,78,40,0,40,118
02/02/2009,GRB,WI,AGL,CE,Combined TRACON& Tower with Radar,15,36,28,0,79,0,0,16,0,16,15,36,44,0,95,70,8,78,173
02/03/2009,GRB,WI,AGL,CE,Combined TRACON& Tower with Radar,14,36,17,9,76,0,0,13,5,18,14,36,30,14,94,0,0,0,94
02/04/2009,GRB,WI,AGL,CE,Combined TRACON& Tower with Radar,17,37,27,2,83,0,0,41,2,43,17,37,68,4,126,50,4,54,180
02/05/2009,GRB,WI,AGL,CE,Combined TRACON& Tower with Radar,19,38,32,0,89,0,0,28,0,28,19,38,60,0,117,84,0,84,201
02/06/2009,GRB,WI,AGL,CE,Combined TRACON& Tower with Radar,26,49,52,0,127,0,0,80,0,80,26,49,132,0,207,218,0,218,425
02/07/2009,GRB,WI,AGL,CE,Combined TRACON& Tower with Radar,14,26,12,0,52,0,0,45,0,45,14,26,57,0,97,96,4,100,197
02/08/2009,GRB,WI,AGL,CE,Combined TRACON& Tower with Radar,7,41,21,0,69,0,0,90,0,90,7,41,111,0,159,182,0,182,341
02/09/2009,GRB,WI,AGL,CE,Combined TRACON& Tower with Radar,19,41,23,1,84,0,0,0,0,0,19,41,23,1,84,0,0,0,84
02/10/2009,GRB,WI,AGL,CE,Combined TRACON& Tower with Radar,23,32,25,0,80,0,0,11,0,11,23,32,36,0,91,12,0,12,103
02/11/2009,GRB,WI,AGL,CE,Combined TRACON& Tower with Radar,24,61,45,0,130,0,0,34,0,34,24,61,79,0,164,138,0,138,302
02/12/2009,GRB,WI,AGL,CE,Combined TRACON& Tower with Radar,25,50,46,7,128,0,0,12,2,14,25,50,58,9,142,170,14,184,326
02/13/2009,GRB,WI,AGL,CE,Combined TRACON& Tower with Radar,19,48,42,0,109,0,0,26,0,26,19,48,68,0,135,124,0,124,259
02/14/2009,GRB,WI,AGL,CE,Combined TRACON& Tower with Radar,13,23,9,0,45,0,0,22,0,22,13,23,31,0,67,28,0,28,95
02/15/2009,GRB,WI,AGL,CE,Combined TRACON& Tower with Radar,16,32,29,1,78,0,0,65,0,65,16,32,94,1,143,182,0,182,325
02/16/2009,GRB,WI,AGL,CE,Combined TRACON& Tower with Radar,19,39,42,0,100,0,0,27,0,27,19,39,69,0,127,34,0,34,161
02/17/2009,GRB,WI,AGL,CE,Combined TRACON& Tower with Radar,14,38,19,0,71,0,0,23,0,23,14,38,42,0,94,24,0,24,118
02/18/2009,GRB,WI,AGL,CE,Combined TRACON& Tower with Radar,18,35,11,0,64,0,0,0,0,0,18,35,11,0,64,0,0,0,64
02/19/2009,GRB,WI,AGL,CE,Combined TRACON& Tower with Radar,15,48,39,19,121,0,0,9,0,9,15,48,48,19,130,54,42,96,226
02/20/2009,GRB,WI,AGL,CE,Combined TRACON& Tower with Radar,19,55,43,1,118,0,0,44,2,46,19,55,87,3,164,170,4,174,338
02/21/2009,GRB,WI,AGL,CE,Combined TRACON& Tower with Radar,10,23,6,0,39,0,0,0,0,0,10,23,6,0,39,0,0,0,39
02/22/2009,GRB,WI,AGL,CE,Combined TRACON& Tower with Radar,11,40,9,0,60,0,0,35,0,35,11,40,44,0,95,58,0,58,153
02/23/2009,GRB,WI,AGL,CE,Combined TRACON& Tower with Radar,13,35,22,0,70,0,0,33,0,33,13,35,55,0,103,34,0,34,137
02/24/2009,GRB,WI,AGL,CE,Combined TRACON& Tower with Radar,16,53,38,1,108,0,0,16,0,16,16,53,54,1,124,120,0,120,244
02/25/2009,GRB,WI,AGL,CE,Combined TRACON& Tower with Radar,13,47,19,0,79,0,0,3,0,3,13,47,22,0,82,0,0,0,82
02/26/2009,GRB,WI,AGL,CE,Combined TRACON& Tower with Radar,26,29,13,7,75,0,0,8,7,15,26,29,21,14,90,8,6,14,104
02/27/2009,GRB,WI,AGL,CE,Combined TRACON& Tower with Radar,24,32,34,0,90,0,0,27,0,27,24,32,61,0,117,38,10,48,165
02/28/2009,GRB,WI,AGL,CE,Combined TRACON& Tower with Radar,13,23,15,0,51,0,0,29,0,29,13,23,44,0,80,28,0,28,108
03/01/2009,GRB,WI,AGL,CE,Combined TRACON& Tower with Radar,12,36,8,0,56,0,0,30,0,30,12,36,38,0,86,32,8,40,126
03/02/2009,GRB,WI,AGL,CE,Combined TRACON& Tower with Radar,15,41,18,0,74,0,0,31,0,31,15,41,49,0,105,140,0,140,245
03/03/2009,GRB,WI,AGL,CE,Combined TRACON& Tower with Radar,12,41,38,4,95,0,0,37,2,39,12,41,75,6,134,218,0,218,352
03/04/2009,GRB,WI,AGL,CE,Combined TRACON& Tower with Radar,12,41,33,4,90,0,0,74,4,78,12,41,107,8,168,200,20,220,388
03/05/2009,GRB,WI,AGL,CE,Combined TRACON& Tower with Radar,13,45,31,9,98,0,0,23,4,27,13,45,54,13,125,80,26,106,231
03/06/2009,GRB,WI,AGL,CE,Combined TRACON& Tower with Radar,13,36,14,0,63,0,0,24,0,24,13,36,38,0,87,42,0,42,129
03/07/2009,GRB,WI,AGL,CE,Combined TRACON& Tower with Radar,18,15,15,0,48,0,0,8,0,8,18,15,23,0,56,6,0,6,62
03/08/2009,GRB,WI,AGL,CE,Combined TRACON& Tower with Radar,12,32,6,0,50,0,0,0,0,0,12,32,6,0,50,0,0,0,50
03/09/2009,GRB,WI,AGL,CE,Combined TRACON& Tower with Radar,12,48,36,0,96,0,0,20,0,20,12,48,56,0,116,82,0,82,198
03/10/2009,GRB,WI,AGL,CE,Combined TRACON& Tower with Radar,11,46,5,0,62,0,0,0,0,0,11,46,5,0,62,0,0,0,62
03/11/2009,GRB,WI,AGL,CE,Combined TRACON& Tower with Radar,20,40,27,2,89,0,0,6,1,7,20,40,33,3,96,0,0,0,96
03/12/2009,GRB,WI,AGL,CE,Combined TRACON& Tower with Radar,14,38,15,1,68,0,0,43,0,43,14,38,58,1,111,62,0,62,173
03/13/2009,GRB,WI,AGL,CE,Combined TRACON& Tower with Radar,20,33,30,0,83,0,0,38,3,41,20,33,68,3,124,74,0,74,198
03/14/2009,GRB,WI,AGL,CE,Combined TRACON& Tower with Radar,12,28,15,0,55,0,0,68,0,68,12,28,83,0,123,46,0,46,169
03/15/2009,GRB,WI,AGL,CE,Combined TRACON& Tower with Radar,9,33,9,0,51,0,0,62,0,62,9,33,71,0,113,156,0,156,269
03/16/2009,GRB,WI,AGL,CE,Combined TRACON& Tower with Radar,14,44,34,7,99,0,0,29,2,31,14,44,63,9,130,84,0,84,214
03/17/2009,GRB,WI,AGL,CE,Combined TRACON& Tower with Radar,12,45,41,3,101,0,0,35,4,39,12,45,76,7,140,76,0,76,216
03/18/2009,GRB,WI,AGL,CE,Combined TRACON& Tower with Radar,14,44,25,0,83,0,0,34,2,36,14,44,59,2,119,50,4,54,173
03/19/2009,GRB,WI,AGL,CE,Combined TRACON& Tower with Radar,13,44,21,3,81,0,0,23,0,23,13,44,44,3,104,12,0,12,116
03/20/2009,GRB,WI,AGL,CE,Combined TRACON& Tower with Radar,17,47,43,0,107,0,0,49,0,49,17,47,92,0,156,174,0,174,330
03/21/2009,GRB,WI,AGL,CE,Combined TRACON& Tower with Radar,10,37,26,1,74,0,0,65,0,65,10,37,91,1,139,144,0,144,283
03/22/2009,GRB,WI,AGL,CE,Combined TRACON& Tower with Radar,12,44,23,0,79,0,0,13,0,13,12,44,36,0,92,24,0,24,116
03/23/2009,GRB,WI,AGL,CE,Combined TRACON& Tower with Radar,22,32,10,0,64,0,0,3,0,3,22,32,13,0,67,10,0,10,77
03/24/2009,GRB,WI,AGL,CE,Combined TRACON& Tower with Radar,19,34,9,0,62,0,0,0,0,0,19,34,9,0,62,0,0,0,62
03/25/2009,GRB,WI,AGL,CE,Combined TRACON& Tower with Radar,17,42,34,2,95,0,0,27,0,27,17,42,61,2,122,166,0,166,288
03/26/2009,GRB,WI,AGL,CE,Combined TRACON& Tower with Radar,12,44,33,1,90,0,0,62,0,62,12,44,95,1,152,230,22,252,404
03/27/2009,GRB,WI,AGL,CE,Combined TRACON& Tower with Radar,18,36,27,0,81,0,0,44,0,44,18,36,71,0,125,108,0,108,233
03/28/2009,GRB,WI,AGL,CE,Combined TRACON& Tower with Radar,12,35,19,2,68,0,0,33,0,33,12,35,52,2,101,176,0,176,277
03/29/2009,GRB,WI,AGL,CE,Combined TRACON& Tower with Radar,10,37,15,0,62,0,0,4,0,4,10,37,19,0,66,0,0,0,66
03/30/2009,GRB,WI,AGL,CE,Combined TRACON& Tower with Radar,19,36,20,0,75,0,0,52,0,52,19,36,72,0,127,46,8,54,181
03/31/2009,GRB,WI,AGL,CE,Combined TRACON& Tower with Radar,17,47,19,0,83,0,0,0,0,0,17,47,19,0,83,0,0,0,83
04/01/2009,GRB,WI,AGL,CE,Combined TRACON& Tower with Radar,19,35,24,2,80,0,0,14,0,14,19,35,38,2,94,26,0,26,120
04/02/2009,GRB,WI,AGL,CE,Combined TRACON& Tower with Radar,11,38,21,0,70,0,0,56,1,57,11,38,77,1,127,148,0,148,275
04/03/2009,GRB,WI,AGL,CE,Combined TRACON& Tower with Radar,13,38,27,0,78,0,0,44,0,44,13,38,71,0,122,121,0,121,243
04/04/2009,GRB,WI,AGL,CE,Combined TRACON& Tower with Radar,14,21,27,3,65,0,0,36,4,40,14,21,63,7,105,72,0,72,177
04/05/2009,GRB,WI,AGL,CE,Combined TRACON& Tower with Radar,17,26,9,0,52,0,0,3,0,3,17,26,12,0,55,10,0,10,65
04/06/2009,GRB,WI,AGL,CE,Combined TRACON& Tower with Radar,15,36,28,1,80,0,0,8,0,8,15,36,36,1,88,74,0,74,162
04/07/2009,GRB,WI,AGL,CE,Combined TRACON& Tower with Radar,23,28,34,1,86,0,0,32,0,32,23,28,66,1,118,70,0,70,188
04/08/2009,GRB,WI,AGL,CE,Combined TRACON& Tower with Radar,13,39,20,2,74,0,0,37,0,37,13,39,57,2,111,72,0,72,183
04/09/2009,GRB,WI,AGL,CE,Combined TRACON& Tower with Radar,13,53,32,1,99,0,0,76,1,77,13,53,108,2,176,114,0,114,290
04/10/2009,GRB,WI,AGL,CE,Combined TRACON& Tower with Radar,20,40,24,0,84,0,0,72,5,77,20,40,96,5,161,224,0,224,385
04/11/2009,GRB,WI,AGL,CE,Combined TRACON& Tower with Radar,10,27,22,0,59,0,0,81,0,81,10,27,103,0,140,74,0,74,214
04/12/2009,GRB,WI,AGL,CE,Combined TRACON& Tower with Radar,21,30,17,0,68,0,0,40,0,40,21,30,57,0,108,100,0,100,208
04/13/2009,GRB,WI,AGL,CE,Combined TRACON& Tower with Radar,17,46,25,4,92,0,0,30,0,30,17,46,55,4,122,100,22,122,244
04/14/2009,GRB,WI,AGL,CE,Combined TRACON& Tower with Radar,15,42,27,0,84,0,0,22,0,22,15,42,49,0,106,116,0,116,222
04/15/2009,GRB,WI,AGL,CE,Combined TRACON& Tower with Radar,14,40,46,10,110,0,0,57,2,59,14,40,103,12,169,156,22,178,347
04/16/2009,GRB,WI,AGL,CE,Combined TRACON& Tower with Radar,27,33,34,0,94,0,0,84,0,84,27,33,118,0,178,178,0,178,356
04/17/2009,GRB,WI,AGL,CE,Combined TRACON& Tower with Radar,21,43,51,1,116,0,0,57,0,57,21,43,108,1,173,100,0,100,273
04/18/2009,GRB,WI,AGL,CE,Combined TRACON& Tower with Radar,18,17,18,0,53,0,0,48,0,48,18,17,66,0,101,118,0,118,219
04/19/2009,GRB,WI,AGL,CE,Combined TRACON& Tower with Radar,21,42,28,0,91,0,0,0,0,0,21,42,28,0,91,0,0,0,91
04/20/2009,GRB,WI,AGL,CE,Combined TRACON& Tower with Radar,20,36,17,8,81,0,0,0,0,0,20,36,17,8,81,0,0,0,81
04/21/2009,GRB,WI,AGL,CE,Combined TRACON& Tower with Radar,15,42,20,0,77,0,0,0,0,0,15,42,20,0,77,0,0,0,77
04/22/2009,GRB,WI,AGL,CE,Combined TRACON& Tower with Radar,19,37,40,6,102,0,0,51,0,51,19,37,91,6,153,84,0,84,237
04/23/2009,GRB,WI,AGL,CE,Combined TRACON& Tower with Radar,23,33,29,4,89,0,0,11,0,11,23,33,40,4,100,26,58,84,184
04/24/2009,GRB,WI,AGL,CE,Combined TRACON& Tower with Radar,16,34,29,0,79,0,0,20,0,20,16,34,49,0,99,12,0,12,111
04/25/2009,GRB,WI,AGL,CE,Combined TRACON& Tower with Radar,23,12,7,0,42,0,0,0,2,2,23,12,7,2,44,0,0,0,44
04/26/2009,GRB,WI,AGL,CE,Combined TRACON& Tower with Radar,25,31,22,0,78,0,0,0,0,0,25,31,22,0,78,0,0,0,78
04/27/2009,GRB,WI,AGL,CE,Combined TRACON& Tower with Radar,15,36,35,10,96,0,0,5,0,5,15,36,40,10,101,86,20,106,207
04/28/2009,GRB,WI,AGL,CE,Combined TRACON& Tower with Radar,14,37,17,2,70,0,0,66,0,66,14,37,83,2,136,112,0,112,248
04/29/2009,GRB,WI,AGL,CE,Combined TRACON& Tower with Radar,19,39,39,10,107,0,0,51,0,51,19,39,90,10,158,70,30,100,258
04/30/2009,GRB,WI,AGL,CE,Combined TRACON& Tower with Radar,22,38,26,0,86,0,0,8,0,8,22,38,34,0,94,52,0,52,146
05/01/2009,GRB,WI,AGL,CE,Combined TRACON& Tower with Radar,13,36,36,0,85,0,0,38,2,40,13,36,74,2,125,30,0,30,155
05/02/2009,GRB,WI,AGL,CE,Combined TRACON& Tower with Radar,8,27,13,0,48,0,0,74,0,74,8,27,87,0,122,34,0,34,156
05/03/2009,GRB,WI,AGL,CE,Combined TRACON& Tower with Radar,13,29,14,0,56,0,0,59,0,59,13,29,73,0,115,80,0,80,195
05/04/2009,GRB,WI,AGL,CE,Combined TRACON& Tower with Radar,21,28,14,1,64,0,0,40,0,40,21,28,54,1,104,122,0,122,226
05/05/2009,GRB,WI,AGL,CE,Combined TRACON& Tower with Radar,10,40,27,30,107,0,0,29,0,29,10,40,56,30,136,44,66,110,246
05/06/2009,GRB,WI,AGL,CE,Combined TRACON& Tower with Radar,9,49,20,26,104,0,0,9,0,9,9,49,29,26,113,0,0,0,113
05/07/2009,GRB,WI,AGL,CE,Combined TRACON& Tower with Radar,12,38,13,0,63,0,0,31,0,31,12,38,44,0,94,104,4,108,202
05/08/2009,GRB,WI,AGL,CE,Combined TRACON& Tower with Radar,10,40,34,0,84,0,0,42,0,42,10,40,76,0,126,92,0,92,218
05/09/2009,GRB,WI,AGL,CE,Combined TRACON& Tower with Radar,9,25,2,0,36,0,0,8,0,8,9,25,10,0,44,38,0,38,82
05/10/2009,GRB,WI,AGL,CE,Combined TRACON& Tower with Radar,10,32,22,0,64,0,0,16,0,16,10,32,38,0,80,36,0,36,116
05/11/2009,GRB,WI,AGL,CE,Combined TRACON& Tower with Radar,11,40,22,0,73,0,0,42,0,42,11,40,64,0,115,178,0,178,293
05/12/2009,GRB,WI,AGL,CE,Combined TRACON& Tower with Radar,10,41,26,4,81,0,0,41,5,46,10,41,67,9,127,80,8,88,215
05/13/2009,GRB,WI,AGL,CE,Combined TRACON& Tower with Radar,12,50,81,1,144,0,0,1,0,1,12,50,82,1,145,6,0,6,151
05/14/2009,GRB,WI,AGL,CE,Combined TRACON& Tower with Radar,9,42,34,0,85,0,0,36,0,36,9,42,70,0,121,74,6,80,201
05/15/2009,GRB,WI,AGL,CE,Combined TRACON& Tower with Radar,15,35,38,1,89,0,0,43,0,43,15,35,81,1,132,114,0,114,246
05/16/2009,GRB,WI,AGL,CE,Combined TRACON& Tower with Radar,7,33,22,0,62,0,0,14,0,14,7,33,36,0,76,0,6,6,82
05/17/2009,GRB,WI,AGL,CE,Combined TRACON& Tower with Radar,12,34,30,4,80,0,0,46,2,48,12,34,76,6,128,52,7,59,187
05/18/2009,GRB,WI,AGL,CE,Combined TRACON& Tower with Radar,12,44,35,0,91,0,0,17,2,19,12,44,52,2,110,70,16,86,196
05/19/2009,GRB,WI,AGL,CE,Combined TRACON& Tower with Radar,12,38,33,5,88,0,0,48,0,48,12,38,81,5,136,170,34,204,340
05/20/2009,GRB,WI,AGL,CE,Combined TRACON& Tower with Radar,15,45,33,0,93,0,0,20,0,20,15,45,53,0,113,106,0,106,219
05/21/2009,GRB,WI,AGL,CE,Combined TRACON& Tower with Radar,16,39,22,0,77,0,0,32,0,32,16,39,54,0,109,96,0,96,205
05/22/2009,GRB,WI,AGL,CE,Combined TRACON& Tower with Radar,13,43,30,0,86,0,0,60,0,60,13,43,90,0,146,188,0,188,334
05/23/2009,GRB,WI,AGL,CE,Combined TRACON& Tower with Radar,12,24,16,0,52,0,0,58,0,58,12,24,74,0,110,162,0,162,272
05/24/2009,GRB,WI,AGL,CE,Combined TRACON& Tower with Radar,10,32,15,0,57,0,0,52,0,52,10,32,67,0,109,50,0,50,159
05/25/2009,GRB,WI,AGL,CE,Combined TRACON& Tower with Radar,21,24,14,0,59,0,0,28,0,28,21,24,42,0,87,8,0,8,95
05/26/2009,GRB,WI,AGL,CE,Combined TRACON& Tower with Radar,9,44,54,0,107,0,0,0,0,0,9,44,54,0,107,2,0,2,109
05/27/2009,GRB,WI,AGL,CE,Combined TRACON& Tower with Radar,15,36,17,0,68,0,0,0,0,0,15,36,17,0,68,0,0,0,68
05/28/2009,GRB,WI,AGL,CE,Combined TRACON& Tower with Radar,11,49,27,13,100,0,0,42,4,46,11,49,69,17,146,100,18,118,264
05/29/2009,GRB,WI,AGL,CE,Combined TRACON& Tower with Radar,10,45,34,1,90,0,0,77,0,77,10,45,111,1,167,184,8,192,359
05/30/2009,GRB,WI,AGL,CE,Combined TRACON& Tower with Radar,8,25,13,0,46,0,0,27,0,27,8,25,40,0,73,26,0,26,99
05/31/2009,GRB,WI,AGL,CE,Combined TRACON& Tower with Radar,13,32,18,0,63,0,0,59,0,59,13,32,77,0,122,58,12,70,192
06/01/2009,GRB,WI,AGL,CE,Combined TRACON& Tower with Radar,10,41,21,0,72,0,0,35,0,35,10,41,56,0,107,42,0,42,149
06/02/2009,GRB,WI,AGL,CE,Combined TRACON& Tower with Radar,12,39,22,10,83,0,0,39,2,41,12,39,61,12,124,174,10,184,308
06/03/2009,GRB,WI,AGL,CE,Combined TRACON& Tower with Radar,11,43,45,6,105,0,0,81,4,85,11,43,126,10,190,104,24,128,318
06/04/2009,GRB,WI,AGL,CE,Combined TRACON& Tower with Radar,18,29,23,18,88,0,0,67,6,73,18,29,90,24,161,62,26,88,249
06/05/2009,GRB,WI,AGL,CE,Combined TRACON& Tower with Radar,18,36,35,4,93,0,0,36,2,38,18,36,71,6,131,68,10,78,209
06/06/2009,GRB,WI,AGL,CE,Combined TRACON& Tower with Radar,20,43,33,1,97,0,0,38,2,40,20,43,71,3,137,30,16,46,183
06/07/2009,GRB,WI,AGL,CE,Combined TRACON& Tower with Radar,14,40,43,8,105,0,0,6,0,6,14,40,49,8,111,66,18,84,195
06/08/2009,GRB,WI,AGL,CE,Combined TRACON& Tower with Radar,16,37,40,5,98,0,0,0,0,0,16,37,40,5,98,0,10,10,108
06/09/2009,GRB,WI,AGL,CE,Combined TRACON& Tower with Radar,15,39,32,11,97,0,0,36,0,36,15,39,68,11,133,296,24,320,453
06/10/2009,GRB,WI,AGL,CE,Combined TRACON& Tower with Radar,15,38,22,2,77,0,0,70,0,70,15,38,92,2,147,210,0,210,357
06/11/2009,GRB,WI,AGL,CE,Combined TRACON& Tower with Radar,15,33,22,2,72,0,0,30,1,31,15,33,52,3,103,136,8,144,247
06/12/2009,GRB,WI,AGL,CE,Combined TRACON& Tower with Radar,16,37,40,2,95,0,0,72,1,73,16,37,112,3,168,170,10,180,348
06/13/2009,GRB,WI,AGL,CE,Combined TRACON& Tower with Radar,13,24,7,0,44,0,0,40,1,41,13,24,47,1,85,52,0,52,137
06/14/2009,GRB,WI,AGL,CE,Combined TRACON& Tower with Radar,17,38,17,1,73,0,0,41,0,41,17,38,58,1,114,132,0,132,246
06/15/2009,GRB,WI,AGL,CE,Combined TRACON& Tower with Radar,25,56,53,0,134,0,0,94,2,96,25,56,147,2,230,200,0,200,430
06/16/2009,GRB,WI,AGL,CE,Combined TRACON& Tower with Radar,17,40,23,0,80,0,0,49,0,49,17,40,72,0,129,76,0,76,205
06/17/2009,GRB,WI,AGL,CE,Combined TRACON& Tower with Radar,18,32,33,5,88,0,0,69,0,69,18,32,102,5,157,166,14,180,337
06/18/2009,GRB,WI,AGL,CE,Combined TRACON& Tower with Radar,15,39,22,2,78,0,0,34,2,36,15,39,56,4,114,94,8,102,216
06/19/2009,GRB,WI,AGL,CE,Combined TRACON& Tower with Radar,16,27,42,0,85,0,0,11,0,11,16,27,53,0,96,106,0,106,202
06/20/2009,GRB,WI,AGL,CE,Combined TRACON& Tower with Radar,14,26,27,0,67,0,0,65,0,65,14,26,92,0,132,152,8,160,292
06/21/2009,GRB,WI,AGL,CE,Combined TRACON& Tower with Radar,15,29,10,0,54,0,0,53,0,53,15,29,63,0,107,114,0,114,221
06/22/2009,GRB,WI,AGL,CE,Combined TRACON& Tower with Radar,15,34,30,13,92,0,0,44,0,44,15,34,74,13,136,132,29,161,297
06/23/2009,GRB,WI,AGL,CE,Combined TRACON& Tower with Radar,18,41,30,0,89,0,0,61,0,61,18,41,91,0,150,136,8,144,294
06/24/2009,GRB,WI,AGL,CE,Combined TRACON& Tower with Radar,13,37,24,1,75,0,0,44,0,44,13,37,68,1,119,66,8,74,193
06/25/2009,GRB,WI,AGL,CE,Combined TRACON& Tower with Radar,16,34,36,1,87,0,0,66,0,66,16,34,102,1,153,108,0,108,261
06/26/2009,GRB,WI,AGL,CE,Combined TRACON& Tower with Radar,15,35,40,0,90,0,0,66,0,66,15,35,106,0,156,70,0,70,226
06/27/2009,GRB,WI,AGL,CE,Combined TRACON& Tower with Radar,14,24,8,0,46,0,0,17,0,17,14,24,25,0,63,10,0,10,73
06/28/2009,GRB,WI,AGL,CE,Combined TRACON& Tower with Radar,20,31,19,0,70,0,0,18,0,18,20,31,37,0,88,188,0,188,276
06/29/2009,GRB,WI,AGL,CE,Combined TRACON& Tower with Radar,15,34,26,0,75,0,0,21,0,21,15,34,47,0,96,36,8,44,140
06/30/2009,GRB,WI,AGL,CE,Combined TRACON& Tower with Radar,15,35,30,2,82,0,0,35,0,35,15,35,65,2,117,73,8,81,198
07/01/2009,GRB,WI,AGL,CE,Combined TRACON& Tower with Radar,15,35,30,2,82,0,0,22,0,22,15,35,52,2,104,106,0,106,210
07/02/2009,GRB,WI,AGL,CE,Combined TRACON& Tower with Radar,18,34,43,0,95,0,0,46,0,46,18,34,89,0,141,164,2,166,307
07/03/2009,GRB,WI,AGL,CE,Combined TRACON& Tower with Radar,17,24,36,0,77,0,0,55,0,55,17,24,91,0,132,96,0,96,228
07/04/2009,GRB,WI,AGL,CE,Combined TRACON& Tower with Radar,12,20,7,0,39,0,0,29,0,29,12,20,36,0,68,28,0,28,96
07/05/2009,GRB,WI,AGL,CE,Combined TRACON& Tower with Radar,18,20,8,0,46,0,0,36,0,36,18,20,44,0,82,142,0,142,224
07/06/2009,GRB,WI,AGL,CE,Combined TRACON& Tower with Radar,14,33,26,7,80,0,0,50,0,50,14,33,76,7,130,92,8,100,230
07/07/2009,GRB,WI,AGL,CE,Combined TRACON& Tower with Radar,14,36,24,0,74,0,0,73,0,73,14,36,97,0,147,166,0,166,313
07/08/2009,GRB,WI,AGL,CE,Combined TRACON& Tower with Radar,14,31,40,0,85,0,0,78,0,78,14,31,118,0,163,138,0,138,301
07/09/2009,GRB,WI,AGL,CE,Combined TRACON& Tower with Radar,16,30,20,0,66,0,0,47,0,47,16,30,67,0,113,192,12,204,317
07/10/2009,GRB,WI,AGL,CE,Combined TRACON& Tower with Radar,17,36,37,3,93,0,0,28,2,30,17,36,65,5,123,124,0,124,247
07/11/2009,GRB,WI,AGL,CE,Combined TRACON& Tower with Radar,14,26,10,0,50,0,0,62,1,63,14,26,72,1,113,84,20,104,217
07/12/2009,GRB,WI,AGL,CE,Combined TRACON& Tower with Radar,18,26,20,5,69,0,0,42,2,44,18,26,62,7,113,78,14,92,205
07/13/2009,GRB,WI,AGL,CE,Combined TRACON& Tower with Radar,15,45,26,9,95,0,0,80,0,80,15,45,106,9,175,318,16,334,509
07/14/2009,GRB,WI,AGL,CE,Combined TRACON& Tower with Radar,18,38,38,5,99,0,0,39,0,39,18,38,77,5,138,126,12,138,276
07/15/2009,GRB,WI,AGL,CE,Combined TRACON& Tower with Radar,19,38,24,0,81,0,0,31,2,33,19,38,55,2,114,158,0,158,272
07/16/2009,GRB,WI,AGL,CE,Combined TRACON& Tower with Radar,17,38,32,4,91,0,0,43,2,45,17,38,75,6,136,100,0,100,236
07/17/2009,GRB,WI,AGL,CE,Combined TRACON& Tower with Radar,22,41,48,0,111,0,0,20,0,20,22,41,68,0,131,116,0,116,247
07/18/2009,GRB,WI,AGL,CE,Combined TRACON& Tower with Radar,13,26,28,0,67,0,0,33,0,33,13,26,61,0,100,30,0,30,130
07/19/2009,GRB,WI,AGL,CE,Combined TRACON& Tower with Radar,14,29,38,0,81,0,0,80,0,80,14,29,118,0,161,200,0,200,361
07/20/2009,GRB,WI,AGL,CE,Combined TRACON& Tower with Radar,20,36,30,0,86,0,0,66,0,66,20,36,96,0,152,154,0,154,306
07/21/2009,GRB,WI,AGL,CE,Combined TRACON& Tower with Radar,17,38,22,3,80,0,0,57,0,57,17,38,79,3,137,200,14,214,351
07/22/2009,GRB,WI,AGL,CE,Combined TRACON& Tower with Radar,17,43,30,5,95,0,0,39,7,46,17,43,69,12,141,170,0,170,311
07/23/2009,GRB,WI,AGL,CE,Combined TRACON& Tower with Radar,19,36,30,0,85,0,0,64,0,64,19,36,94,0,149,96,0,96,245
07/24/2009,GRB,WI,AGL,CE,Combined TRACON& Tower with Radar,14,38,39,0,91,0,0,52,0,52,14,38,91,0,143,180,0,180,323
07/25/2009,GRB,WI,AGL,CE,Combined TRACON& Tower with Radar,18,25,22,0,65,0,0,49,0,49,18,25,71,0,114,62,0,62,176
07/26/2009,GRB,WI,AGL,CE,Combined TRACON& Tower with Radar,18,22,71,0,111,0,0,43,0,43,18,22,114,0,154,136,0,136,290
07/27/2009,GRB,WI,AGL,CE,Combined TRACON& Tower with Radar,14,38,72,2,126,0,0,50,1,51,14,38,122,3,177,64,0,64,241
07/28/2009,GRB,WI,AGL,CE,Combined TRACON& Tower with Radar,15,43,58,0,116,0,0,49,0,49,15,43,107,0,165,60,0,60,225
07/29/2009,GRB,WI,AGL,CE,Combined TRACON& Tower with Radar,20,34,64,3,121,0,0,64,2,66,20,34,128,5,187,150,0,150,337
07/30/2009,GRB,WI,AGL,CE,Combined TRACON& Tower with Radar,16,40,100,1,157,0,0,26,0,26,16,40,126,1,183,0,0,0,183
07/31/2009,GRB,WI,AGL,CE,Combined TRACON& Tower with Radar,18,45,73,0,136,0,0,84,0,84,18,45,157,0,220,126,0,126,346
08/01/2009,GRB,WI,AGL,CE,Combined TRACON& Tower with Radar,12,27,41,2,82,0,0,28,0,28,12,27,69,2,110,0,0,0,110
08/02/2009,GRB,WI,AGL,CE,Combined TRACON& Tower with Radar,15,31,42,1,89,0,0,57,0,57,15,31,99,1,146,134,0,134,280
08/03/2009,GRB,WI,AGL,CE,Combined TRACON& Tower with Radar,22,38,43,0,103,0,0,44,0,44,22,38,87,0,147,114,0,114,261
08/04/2009,GRB,WI,AGL,CE,Combined TRACON& Tower with Radar,16,45,40,0,101,0,0,49,0,49,16,45,89,0,150,131,0,131,281
08/05/2009,GRB,WI,AGL,CE,Combined TRACON& Tower with Radar,16,43,45,3,107,0,0,67,1,68,16,43,112,4,175,172,0,172,347
08/06/2009,GRB,WI,AGL,CE,Combined TRACON& Tower with Radar,17,36,38,10,101,0,0,68,2,70,17,36,106,12,171,188,6,194,365
08/07/2009,GRB,WI,AGL,CE,Combined TRACON& Tower with Radar,20,37,30,2,89,0,0,32,0,32,20,37,62,2,121,104,0,104,225
08/08/2009,GRB,WI,AGL,CE,Combined TRACON& Tower with Radar,13,23,13,0,49,0,0,12,0,12,13,23,25,0,61,78,0,78,139
08/09/2009,GRB,WI,AGL,CE,Combined TRACON& Tower with Radar,21,38,25,0,84,0,0,18,0,18,21,38,43,0,102,12,0,12,114
08/10/2009,GRB,WI,AGL,CE,Combined TRACON& Tower with Radar,19,39,40,0,98,0,0,50,0,50,19,39,90,0,148,158,0,158,306
08/11/2009,GRB,WI,AGL,CE,Combined TRACON& Tower with Radar,16,37,22,9,84,0,0,58,5,63,16,37,80,14,147,92,24,116,263
08/12/2009,GRB,WI,AGL,CE,Combined TRACON& Tower with Radar,17,40,30,12,99,0,0,64,0,64,17,40,94,12,163,202,2,204,367
08/13/2009,GRB,WI,AGL,CE,Combined TRACON& Tower with Radar,27,41,29,10,107,0,0,67,0,67,27,41,96,10,174,202,12,214,388
08/14/2009,GRB,WI,AGL,CE,Combined TRACON& Tower with Radar,21,47,28,0,96,0,0,51,0,51,21,47,79,0,147,96,0,96,243
08/15/2009,GRB,WI,AGL,CE,Combined TRACON& Tower with Radar,17,27,27,0,71,0,0,50,0,50,17,27,77,0,121,96,0,96,217
08/16/2009,GRB,WI,AGL,CE,Combined TRACON& Tower with Radar,15,36,16,0,67,0,0,17,0,17,15,36,33,0,84,53,0,53,137
08/17/2009,GRB,WI,AGL,CE,Combined TRACON& Tower with Radar,18,46,26,2,92,0,0,40,0,40,18,46,66,2,132,72,16,88,220
08/18/2009,GRB,WI,AGL,CE,Combined TRACON& Tower with Radar,14,50,27,1,92,0,0,58,3,61,14,50,85,4,153,108,12,120,273
08/19/2009,GRB,WI,AGL,CE,Combined TRACON& Tower with Radar,18,43,32,0,93,0,0,65,1,66,18,43,97,1,159,112,12,124,283
08/20/2009,GRB,WI,AGL,CE,Combined TRACON& Tower with Radar,14,33,44,2,93,0,0,5,1,6,14,33,49,3,99,42,0,42,141
08/21/2009,GRB,WI,AGL,CE,Combined TRACON& Tower with Radar,16,31,42,1,90,0,0,17,0,17,16,31,59,1,107,165,0,165,272
08/22/2009,GRB,WI,AGL,CE,Combined TRACON& Tower with Radar,14,37,37,0,88,0,0,50,0,50,14,37,87,0,138,184,0,184,322
08/23/2009,GRB,WI,AGL,CE,Combined TRACON& Tower with Radar,18,46,47,0,111,0,0,111,0,111,18,46,158,0,222,258,0,258,480
08/24/2009,GRB,WI,AGL,CE,Combined TRACON& Tower with Radar,14,37,27,2,80,0,0,38,4,42,14,37,65,6,122,152,10,162,284
08/25/2009,GRB,WI,AGL,CE,Combined TRACON& Tower with Radar,20,37,25,1,83,0,0,5,0,5,20,37,30,1,88,62,0,62,150
08/26/2009,GRB,WI,AGL,CE,Combined TRACON& Tower with Radar,19,45,61,2,127,0,0,65,0,65,19,45,126,2,192,237,8,245,437
08/27/2009,GRB,WI,AGL,CE,Combined TRACON& Tower with Radar,16,43,43,5,107,0,0,58,0,58,16,43,101,5,165,86,10,96,261
08/28/2009,GRB,WI,AGL,CE,Combined TRACON& Tower with Radar,14,45,50,2,111,0,0,56,0,56,14,45,106,2,167,144,0,144,311
08/29/2009,GRB,WI,AGL,CE,Combined TRACON& Tower with Radar,13,22,16,0,51,0,0,11,0,11,13,22,27,0,62,10,0,10,72
08/30/2009,GRB,WI,AGL,CE,Combined TRACON& Tower with Radar,18,28,25,0,71,0,0,64,0,64,18,28,89,0,135,128,0,128,263
08/31/2009,GRB,WI,AGL,CE,Combined TRACON& Tower with Radar,16,39,21,1,77,0,0,65,2,67,16,39,86,3,144,100,12,112,256
09/01/2009,GRB,WI,AGL,CE,Combined TRACON& Tower with Radar,13,42,26,5,86,0,0,76,3,79,13,42,102,8,165,210,48,258,423
09/02/2009,GRB,WI,AGL,CE,Combined TRACON& Tower with Radar,10,47,21,2,80,0,0,61,0,61,10,47,82,2,141,148,0,148,289
09/03/2009,GRB,WI,AGL,CE,Combined TRACON& Tower with Radar,12,52,49,0,113,0,0,81,0,81,12,52,130,0,194,246,0,246,440
09/04/2009,GRB,WI,AGL,CE,Combined TRACON& Tower with Radar,16,56,37,1,110,0,0,68,4,72,16,56,105,5,182,134,0,134,316
09/05/2009,GRB,WI,AGL,CE,Combined TRACON& Tower with Radar,5,35,20,0,60,0,0,70,0,70,5,35,90,0,130,138,0,138,268
09/06/2009,GRB,WI,AGL,CE,Combined TRACON& Tower with Radar,6,32,14,0,52,0,0,35,0,35,6,32,49,0,87,92,0,92,179
09/07/2009,GRB,WI,AGL,CE,Combined TRACON& Tower with Radar,7,43,27,0,77,0,0,44,0,44,7,43,71,0,121,128,0,128,249
09/08/2009,GRB,WI,AGL,CE,Combined TRACON& Tower with Radar,6,52,30,7,95,0,0,60,1,61,6,52,90,8,156,136,0,136,292
09/09/2009,GRB,WI,AGL,CE,Combined TRACON& Tower with Radar,8,47,24,0,79,0,0,37,0,37,8,47,61,0,116,143,0,143,259
09/10/2009,GRB,WI,AGL,CE,Combined TRACON& Tower with Radar,8,45,15,0,68,0,0,43,0,43,8,45,58,0,111,188,0,188,299
09/11/2009,GRB,WI,AGL,CE,Combined TRACON& Tower with Radar,13,46,35,6,100,0,0,47,0,47,13,46,82,6,147,210,4,214,361
09/12/2009,GRB,WI,AGL,CE,Combined TRACON& Tower with Radar,5,36,24,1,66,0,0,44,0,44,5,36,68,1,110,202,0,202,312
09/13/2009,GRB,WI,AGL,CE,Combined TRACON& Tower with Radar,15,79,124,2,220,0,0,48,6,54,15,79,172,8,274,184,3,187,461
09/14/2009,GRB,WI,AGL,CE,Combined TRACON& Tower with Radar,14,60,49,1,124,0,0,51,0,51,14,60,100,1,175,122,0,122,297
09/15/2009,GRB,WI,AGL,CE,Combined TRACON& Tower with Radar,16,65,104,21,206,0,0,99,1,100,16,65,203,22,306,187,16,203,509
09/16/2009,GRB,WI,AGL,CE,Combined TRACON& Tower with Radar,12,50,53,6,121,0,0,64,0,64,12,50,117,6,185,138,0,138,323
09/17/2009,GRB,WI,AGL,CE,Combined TRACON& Tower with Radar,10,58,37,5,110,0,0,71,3,74,10,58,108,8,184,220,12,232,416
09/18/2009,GRB,WI,AGL,CE,Combined TRACON& Tower with Radar,10,52,59,5,126,0,0,37,3,40,10,52,96,8,166,184,18,202,368
09/19/2009,GRB,WI,AGL,CE,Combined TRACON& Tower with Radar,8,31,28,2,69,0,0,50,2,52,8,31,78,4,121,36,0,36,157
09/20/2009,GRB,WI,AGL,CE,Combined TRACON& Tower with Radar,11,55,107,0,173,0,0,65,0,65,11,55,172,0,238,88,0,88,326
09/21/2009,GRB,WI,AGL,CE,Combined TRACON& Tower with Radar,16,43,40,4,103,0,0,29,2,31,16,43,69,6,134,50,14,64,198
09/22/2009,GRB,WI,AGL,CE,Combined TRACON& Tower with Radar,9,48,42,23,122,0,0,0,0,0,9,48,42,23,122,4,0,4,126
09/23/2009,GRB,WI,AGL,CE,Combined TRACON& Tower with Radar,16,47,54,10,127,0,0,44,0,44,16,47,98,10,171,121,26,147,318
09/24/2009,GRB,WI,AGL,CE,Combined TRACON& Tower with Radar,12,46,39,0,97,0,0,55,0,55,12,46,94,0,152,194,10,204,356
09/25/2009,GRB,WI,AGL,CE,Combined TRACON& Tower with Radar,13,46,29,8,96,0,0,33,0,33,13,46,62,8,129,84,20,104,233
09/26/2009,GRB,WI,AGL,CE,Combined TRACON& Tower with Radar,6,45,12,0,63,0,0,36,0,36,6,45,48,0,99,148,0,148,247
09/27/2009,GRB,WI,AGL,CE,Combined TRACON& Tower with Radar,14,36,20,0,70,0,0,16,0,16,14,36,36,0,86,52,0,52,138
09/28/2009,GRB,WI,AGL,CE,Combined TRACON& Tower with Radar,14,43,26,2,85,0,0,0,0,0,14,43,26,2,85,0,0,0,85
09/29/2009,GRB,WI,AGL,CE,Combined TRACON& Tower with Radar,15,46,30,3,94,0,0,41,4,45,15,46,71,7,139,88,0,88,227
09/30/2009,GRB,WI,AGL,CE,Combined TRACON& Tower with Radar,12,49,28,2,91,0,0,63,2,65,12,49,91,4,156,158,8,166,322
10/01/2009,GRB,WI,AGL,CE,Combined TRACON& Tower with Radar,7,57,37,0,101,0,0,44,0,44,7,57,81,0,145,76,0,76,221
10/02/2009,GRB,WI,AGL,CE,Combined TRACON& Tower with Radar,11,39,28,0,78,0,0,5,0,5,11,39,33,0,83,144,8,152,235
10/03/2009,GRB,WI,AGL,CE,Combined TRACON& Tower with Radar,7,31,17,0,55,0,0,7,0,7,7,31,24,0,62,58,0,58,120
10/04/2009,GRB,WI,AGL,CE,Combined TRACON& Tower with Radar,10,54,43,0,107,0,0,27,0,27,10,54,70,0,134,102,0,102,236
10/05/2009,GRB,WI,AGL,CE,Combined TRACON& Tower with Radar,12,45,32,2,91,0,0,36,0,36,12,45,68,2,127,128,14,142,269
10/06/2009,GRB,WI,AGL,CE,Combined TRACON& Tower with Radar,8,52,29,4,93,0,0,0,0,0,8,52,29,4,93,20,8,28,121
10/07/2009,GRB,WI,AGL,CE,Combined TRACON& Tower with Radar,10,43,32,0,85,0,0,45,0,45,10,43,77,0,130,122,8,130,260
10/08/2009,GRB,WI,AGL,CE,Combined TRACON& Tower with Radar,13,45,17,2,77,0,0,39,0,39,13,45,56,2,116,124,0,124,240
10/09/2009,GRB,WI,AGL,CE,Combined TRACON& Tower with Radar,7,60,38,0,105,0,0,35,0,35,7,60,73,0,140,100,0,100,240
10/10/2009,GRB,WI,AGL,CE,Combined TRACON& Tower with Radar,10,37,36,0,83,0,0,38,0,38,10,37,74,0,121,208,0,208,329
10/11/2009,GRB,WI,AGL,CE,Combined TRACON& Tower with Radar,21,52,31,0,104,0,0,71,0,71,21,52,102,0,175,224,0,224,399
10/12/2009,GRB,WI,AGL,CE,Combined TRACON& Tower with Radar,8,43,12,0,63,0,0,11,0,11,8,43,23,0,74,16,0,16,90
10/13/2009,GRB,WI,AGL,CE,Combined TRACON& Tower with Radar,18,55,38,1,112,0,0,66,2,68,18,55,104,3,180,134,14,148,328
10/14/2009,GRB,WI,AGL,CE,Combined TRACON& Tower with Radar,8,49,13,22,92,0,0,27,0,27,8,49,40,22,119,62,48,110,229
10/15/2009,GRB,WI,AGL,CE,Combined TRACON& Tower with Radar,8,53,33,20,114,0,0,21,5,26,8,53,54,25,140,92,32,124,264
10/16/2009,GRB,WI,AGL,CE,Combined TRACON& Tower with Radar,15,53,53,0,121,0,0,37,0,37,15,53,90,0,158,118,0,118,276
10/17/2009,GRB,WI,AGL,CE,Combined TRACON& Tower with Radar,10,44,44,3,101,0,0,53,1,54,10,44,97,4,155,164,0,164,319
10/18/2009,GRB,WI,AGL,CE,Combined TRACON& Tower with Radar,11,49,79,0,139,0,0,50,2,52,11,49,129,2,191,74,0,74,265
10/19/2009,GRB,WI,AGL,CE,Combined TRACON& Tower with Radar,9,54,31,3,97,0,0,33,0,33,9,54,64,3,130,92,0,92,222
10/20/2009,GRB,WI,AGL,CE,Combined TRACON& Tower with Radar,9,55,43,0,107,0,0,23,0,23,9,55,66,0,130,28,0,28,158
10/21/2009,GRB,WI,AGL,CE,Combined TRACON& Tower with Radar,9,53,13,0,75,0,0,0,0,0,9,53,13,0,75,0,0,0,75
10/22/2009,GRB,WI,AGL,CE,Combined TRACON& Tower with Radar,13,45,33,9,100,0,0,26,0,26,13,45,59,9,126,96,24,120,246
10/23/2009,GRB,WI,AGL,CE,Combined TRACON& Tower with Radar,14,38,11,0,63,0,0,0,0,0,14,38,11,0,63,0,0,0,63
10/24/2009,GRB,WI,AGL,CE,Combined TRACON& Tower with Radar,11,27,8,1,47,0,0,25,0,25,11,27,33,1,72,78,0,78,150
10/25/2009,GRB,WI,AGL,CE,Combined TRACON& Tower with Radar,15,34,8,0,57,0,0,36,2,38,15,34,44,2,95,118,12,130,225
10/26/2009,GRB,WI,AGL,CE,Combined TRACON& Tower with Radar,9,48,16,0,73,0,0,0,0,0,9,48,16,0,73,0,0,0,73
10/27/2009,GRB,WI,AGL,CE,Combined TRACON& Tower with Radar,14,40,32,1,87,0,0,60,0,60,14,40,92,1,147,162,0,162,309
10/28/2009,GRB,WI,AGL,CE,Combined TRACON& Tower with Radar,9,55,41,4,109,0,0,4,0,4,9,55,45,4,113,0,0,0,113
10/29/2009,GRB,WI,AGL,CE,Combined TRACON& Tower with Radar,14,39,19,1,73,0,0,4,0,4,14,39,23,1,77,32,0,32,109
10/30/2009,GRB,WI,AGL,CE,Combined TRACON& Tower with Radar,14,43,42,0,99,0,0,7,0,7,14,43,49,0,106,32,0,32,138
10/31/2009,GRB,WI,AGL,CE,Combined TRACON& Tower with Radar,15,30,36,1,82,0,0,7,0,7,15,30,43,1,89,0,8,8,97
11/01/2009,GRB,WI,AGL,CE,Combined TRACON& Tower with Radar,20,95,267,0,382,0,0,65,2,67,20,95,332,2,449,0,0,0,449
11/02/2009,GRB,WI,AGL,CE,Combined TRACON& Tower with Radar,21,43,40,1,105,0,0,40,0,40,21,43,80,1,145,108,0,108,253
11/03/2009,GRB,WI,AGL,CE,Combined TRACON& Tower with Radar,15,57,46,7,125,0,0,67,5,72,15,57,113,12,197,186,0,186,383
11/04/2009,GRB,WI,AGL,CE,Combined TRACON& Tower with Radar,18,46,26,0,90,0,0,18,0,18,18,46,44,0,108,136,0,136,244
11/05/2009,GRB,WI,AGL,CE,Combined TRACON& Tower with Radar,15,42,34,3,94,0,0,65,6,71,15,42,99,9,165,147,2,149,314
11/06/2009,GRB,WI,AGL,CE,Combined TRACON& Tower with Radar,17,45,19,2,83,0,0,26,0,26,17,45,45,2,109,120,22,142,251
11/07/2009,GRB,WI,AGL,CE,Combined TRACON& Tower with Radar,13,28,10,9,60,0,0,56,0,56,13,28,66,9,116,116,8,124,240
11/08/2009,GRB,WI,AGL,CE,Combined TRACON& Tower with Radar,19,31,18,5,73,0,0,50,0,50,19,31,68,5,123,90,0,90,213
11/09/2009,GRB,WI,AGL,CE,Combined TRACON& Tower with Radar,20,42,48,10,120,0,0,37,1,38,20,42,85,11,158,82,18,100,258
11/10/2009,GRB,WI,AGL,CE,Combined TRACON& Tower with Radar,15,47,39,10,111,0,0,70,3,73,15,47,109,13,184,132,42,174,358
11/11/2009,GRB,WI,AGL,CE,Combined TRACON& Tower with Radar,20,42,29,3,94,0,0,60,0,60,20,42,89,3,154,210,12,222,376
11/12/2009,GRB,WI,AGL,CE,Combined TRACON& Tower with Radar,16,50,27,9,102,0,0,41,2,43,16,50,68,11,145,104,18,122,267
11/13/2009,GRB,WI,AGL,CE,Combined TRACON& Tower with Radar,20,60,44,10,134,0,0,31,1,32,20,60,75,11,166,108,12,120,286
11/14/2009,GRB,WI,AGL,CE,Combined TRACON& Tower with Radar,20,35,21,0,76,0,0,21,0,21,20,35,42,0,97,134,0,134,231
11/15/2009,GRB,WI,AGL,CE,Combined TRACON& Tower with Radar,19,69,137,4,229,0,0,47,2,49,19,69,184,6,278,0,0,0,278
11/16/2009,GRB,WI,AGL,CE,Combined TRACON& Tower with Radar,23,34,37,5,99,0,0,45,2,47,23,34,82,7,146,92,0,92,238
11/17/2009,GRB,WI,AGL,CE,Combined TRACON& Tower with Radar,15,40,33,0,88,0,0,37,0,37,15,40,70,0,125,126,14,140,265
11/18/2009,GRB,WI,AGL,CE,Combined TRACON& Tower with Radar,13,46,22,11,92,0,0,40,3,43,13,46,62,14,135,106,46,152,287
11/19/2009,GRB,WI,AGL,CE,Combined TRACON& Tower with Radar,16,49,33,3,101,0,0,3,0,3,16,49,36,3,104,14,8,22,126
11/20/2009,GRB,WI,AGL,CE,Combined TRACON& Tower with Radar,14,45,38,2,99,0,0,26,0,26,14,45,64,2,125,156,0,156,281
11/21/2009,GRB,WI,AGL,CE,Combined TRACON& Tower with Radar,15,31,34,6,86,0,0,26,0,26,15,31,60,6,112,46,8,54,166
11/22/2009,GRB,WI,AGL,CE,Combined TRACON& Tower with Radar,18,46,66,1,131,0,0,25,0,25,18,46,91,1,156,24,0,24,180
11/23/2009,GRB,WI,AGL,CE,Combined TRACON& Tower with Radar,18,38,43,2,101,0,0,0,0,0,18,38,43,2,101,30,0,30,131
11/24/2009,GRB,WI,AGL,CE,Combined TRACON& Tower with Radar,14,36,31,9,90,0,0,4,0,4,14,36,35,9,94,22,16,38,132
11/25/2009,GRB,WI,AGL,CE,Combined TRACON& Tower with Radar,15,50,41,17,123,0,0,1,0,1,15,50,42,17,124,62,0,62,186
11/26/2009,GRB,WI,AGL,CE,Combined TRACON& Tower with Radar,8,23,8,0,39,0,0,2,0,2,8,23,10,0,41,0,0,0,41
11/27/2009,GRB,WI,AGL,CE,Combined TRACON& Tower with Radar,13,29,23,0,65,0,0,43,0,43,13,29,66,0,108,126,0,126,234
11/28/2009,GRB,WI,AGL,CE,Combined TRACON& Tower with Radar,21,39,20,0,80,0,0,50,0,50,21,39,70,0,130,210,0,210,340
11/29/2009,GRB,WI,AGL,CE,Combined TRACON& Tower with Radar,23,29,22,0,74,0,0,7,0,7,23,29,29,0,81,18,0,18,99
11/30/2009,GRB,WI,AGL,CE,Combined TRACON& Tower with Radar,15,42,27,9,93,0,0,34,4,38,15,42,61,13,131,62,28,90,221
12/01/2009,GRB,WI,AGL,CE,Combined TRACON& Tower with Radar,20,43,34,2,99,0,0,55,0,55,20,43,89,2,154,186,6,192,346
12/02/2009,GRB,WI,AGL,CE,Combined TRACON& Tower with Radar,20,41,40,26,127,0,0,42,0,42,20,41,82,26,169,146,8,154,323
12/03/2009,GRB,WI,AGL,CE,Combined TRACON& Tower with Radar,17,51,36,0,104,0,0,17,0,17,17,51,53,0,121,66,4,70,191
12/04/2009,GRB,WI,AGL,CE,Combined TRACON& Tower with Radar,18,39,28,0,85,0,0,23,4,27,18,39,51,4,112,100,0,100,212
12/05/2009,GRB,WI,AGL,CE,Combined TRACON& Tower with Radar,14,31,13,0,58,0,0,37,2,39,14,31,50,2,97,154,10,164,261
12/06/2009,GRB,WI,AGL,CE,Combined TRACON& Tower with Radar,20,31,14,0,65,0,0,51,0,51,20,31,65,0,116,200,8,208,324
12/07/2009,GRB,WI,AGL,CE,Combined TRACON& Tower with Radar,18,44,88,9,159,0,0,19,0,19,18,44,107,9,178,40,18,58,236
12/08/2009,GRB,WI,AGL,CE,Combined TRACON& Tower with Radar,24,23,21,0,68,0,0,6,0,6,24,23,27,0,74,8,0,8,82
12/09/2009,GRB,WI,AGL,CE,Combined TRACON& Tower with Radar,2,17,1,0,20,0,0,0,0,0,2,17,1,0,20,0,0,0,20
12/10/2009,GRB,WI,AGL,CE,Combined TRACON& Tower with Radar,17,48,31,0,96,0,0,41,0,41,17,48,72,0,137,66,0,66,203
12/11/2009,GRB,WI,AGL,CE,Combined TRACON& Tower with Radar,17,41,43,2,103,0,0,36,0,36,17,41,79,2,139,52,0,52,191
12/12/2009,GRB,WI,AGL,CE,Combined TRACON& Tower with Radar,12,29,18,0,59,0,0,60,0,60,12,29,78,0,119,134,0,134,253
12/13/2009,GRB,WI,AGL,CE,Combined TRACON& Tower with Radar,23,31,15,0,69,0,0,26,0,26,23,31,41,0,95,170,0,170,265
12/14/2009,GRB,WI,AGL,CE,Combined TRACON& Tower with Radar,16,43,22,0,81,0,0,1,0,1,16,43,23,0,82,0,0,0,82
12/15/2009,GRB,WI,AGL,CE,Combined TRACON& Tower with Radar,17,49,30,32,128,0,0,28,0,28,17,49,58,32,156,54,68,122,278
12/16/2009,GRB,WI,AGL,CE,Combined TRACON& Tower with Radar,18,43,28,0,89,0,0,32,1,33,18,43,60,1,122,112,0,112,234
12/17/2009,GRB,WI,AGL,CE,Combined TRACON& Tower with Radar,11,42,26,0,79,0,0,16,0,16,11,42,42,0,95,88,0,88,183
12/18/2009,GRB,WI,AGL,CE,Combined TRACON& Tower with Radar,6,51,24,11,92,0,0,37,3,40,6,51,61,14,132,124,24,148,280
12/19/2009,GRB,WI,AGL,CE,Combined TRACON& Tower with Radar,7,41,5,0,53,0,0,5,0,5,7,41,10,0,58,96,20,116,174
12/20/2009,GRB,WI,AGL,CE,Combined TRACON& Tower with Radar,10,48,19,0,77,0,0,42,2,44,10,48,61,2,121,174,14,188,309
12/21/2009,GRB,WI,AGL,CE,Combined TRACON& Tower with Radar,6,54,19,9,88,0,0,22,4,26,6,54,41,13,114,144,30,174,288
12/22/2009,GRB,WI,AGL,CE,Combined TRACON& Tower with Radar,8,50,20,8,86,0,0,28,0,28,8,50,48,8,114,108,36,144,258
12/23/2009,GRB,WI,AGL,CE,Combined TRACON& Tower with Radar,2,54,5,7,68,0,0,11,0,11,2,54,16,7,79,28,12,40,119
12/24/2009,GRB,WI,AGL,CE,Combined TRACON& Tower with Radar,7,42,11,0,60,0,0,2,0,2,7,42,13,0,62,0,0,0,62
12/25/2009,GRB,WI,AGL,CE,Combined TRACON& Tower with Radar,6,36,2,0,44,0,0,0,0,0,6,36,2,0,44,0,0,0,44
12/26/2009,GRB,WI,AGL,CE,Combined TRACON& Tower with Radar,4,39,4,0,47,0,0,5,0,5,4,39,9,0,52,0,0,0,52
12/27/2009,GRB,WI,AGL,CE,Combined TRACON& Tower with Radar,6,47,44,6,103,0,0,0,0,0,6,47,44,6,103,0,0,0,103
12/28/2009,GRB,WI,AGL,CE,Combined TRACON& Tower with Radar,10,48,17,1,76,0,0,15,0,15,10,48,32,1,91,10,0,10,101
12/29/2009,GRB,WI,AGL,CE,Combined TRACON& Tower with Radar,17,57,49,0,123,0,0,70,0,70,17,57,119,0,193,193,0,193,386
12/30/2009,GRB,WI,AGL,CE,Combined TRACON& Tower with Radar,7,44,17,11,79,0,0,31,2,33,7,44,48,13,112,66,34,100,212
12/31/2009,GRB,WI,AGL,CE,Combined TRACON& Tower with Radar,6,44,12,4,66,0,0,11,0,11,6,44,23,4,77,24,14,38,115
01/01/2010,GRB,WI,AGL,CE,Combined TRACON& Tower with Radar,5,37,6,0,48,0,0,4,0,4,5,37,10,0,52,22,0,22,74
01/02/2010,GRB,WI,AGL,CE,Combined TRACON& Tower with Radar,9,41,5,0,55,0,0,32,0,32,9,41,37,0,87,24,0,24,111
01/03/2010,GRB,WI,AGL,CE,Combined TRACON& Tower with Radar,9,39,12,0,60,0,0,20,0,20,9,39,32,0,80,34,0,34,114
01/04/2010,GRB,WI,AGL,CE,Combined TRACON& Tower with Radar,16,61,27,0,104,0,0,43,0,43,16,61,70,0,147,132,0,132,279
01/05/2010,GRB,WI,AGL,CE,Combined TRACON& Tower with Radar,13,41,11,2,67,0,0,26,0,26,13,41,37,2,93,56,0,56,149
01/06/2010,GRB,WI,AGL,CE,Combined TRACON& Tower with Radar,16,49,25,7,97,0,0,28,0,28,16,49,53,7,125,130,0,130,255
01/07/2010,GRB,WI,AGL,CE,Combined TRACON& Tower with Radar,13,34,10,0,57,0,0,0,0,0,13,34,10,0,57,0,0,0,57
01/08/2010,GRB,WI,AGL,CE,Combined TRACON& Tower with Radar,12,39,15,0,66,0,0,14,0,14,12,39,29,0,80,50,0,50,130
01/09/2010,GRB,WI,AGL,CE,Combined TRACON& Tower with Radar,9,36,9,0,54,0,0,48,2,50,9,36,57,2,104,126,12,138,242
01/10/2010,GRB,WI,AGL,CE,Combined TRACON& Tower with Radar,10,34,9,0,53,0,0,27,0,27,10,34,36,0,80,96,0,96,176
01/11/2010,GRB,WI,AGL,CE,Combined TRACON& Tower with Radar,8,42,23,13,86,0,24,0,0,24,8,66,23,13,110,144,8,152,262
01/12/2010,GRB,WI,AGL,CE,Combined TRACON& Tower with Radar,9,48,21,9,87,0,0,32,0,32,9,48,53,9,119,110,14,124,243
01/13/2010,GRB,WI,AGL,CE,Combined TRACON& Tower with Radar,11,45,24,11,91,0,0,21,1,22,11,45,45,12,113,104,20,124,237
01/14/2010,GRB,WI,AGL,CE,Combined TRACON& Tower with Radar,15,43,5,0,63,0,0,4,0,4,15,43,9,0,67,12,0,12,79
01/15/2010,GRB,WI,AGL,CE,Combined TRACON& Tower with Radar,15,49,26,0,90,0,0,11,0,11,15,49,37,0,101,78,10,88,189
01/16/2010,GRB,WI,AGL,CE,Combined TRACON& Tower with Radar,6,32,13,0,51,0,0,0,0,0,6,32,13,0,51,0,0,0,51
01/17/2010,GRB,WI,AGL,CE,Combined TRACON& Tower with Radar,9,33,15,1,58,0,0,15,0,15,9,33,30,1,73,64,0,64,137
01/18/2010,GRB,WI,AGL,CE,Combined TRACON& Tower with Radar,12,60,30,0,102,0,0,6,0,6,12,60,36,0,108,72,0,72,180
01/19/2010,GRB,WI,AGL,CE,Combined TRACON& Tower with Radar,15,42,16,4,77,0,0,57,0,57,15,42,73,4,134,88,0,88,222
01/20/2010,GRB,WI,AGL,CE,Combined TRACON& Tower with Radar,0,0,17,0,17,0,0,45,0,45,0,0,62,0,62,50,0,50,112
01/21/2010,GRB,WI,AGL,CE,Combined TRACON& Tower with Radar,12,41,25,8,86,0,0,18,2,20,12,41,43,10,106,56,0,56,162
01/22/2010,GRB,WI,AGL,CE,Combined TRACON& Tower with Radar,18,47,42,0,107,0,0,28,0,28,18,47,70,0,135,140,0,140,275
01/23/2010,GRB,WI,AGL,CE,Combined TRACON& Tower with Radar,8,30,0,0,38,0,0,0,0,0,8,30,0,0,38,0,0,0,38
01/24/2010,GRB,WI,AGL,CE,Combined TRACON& Tower with Radar,0,0,3,0,3,0,0,0,0,0,0,0,3,0,3,0,0,0,3
01/25/2010,GRB,WI,AGL,CE,Combined TRACON& Tower with Radar,16,39,18,0,73,0,0,2,0,2,16,39,20,0,75,8,0,8,83
01/26/2010,GRB,WI,AGL,CE,Combined TRACON& Tower with Radar,11,47,19,8,85,0,0,14,0,14,11,47,33,8,99,40,22,62,161
01/27/2010,GRB,WI,AGL,CE,Combined TRACON& Tower with Radar,10,53,21,0,84,0,0,28,0,28,10,53,49,0,112,46,0,46,158
01/28/2010,GRB,WI,AGL,CE,Combined TRACON& Tower with Radar,11,54,25,11,101,0,0,26,0,26,11,54,51,11,127,76,12,88,215
01/29/2010,GRB,WI,AGL,CE,Combined TRACON& Tower with Radar,10,59,27,4,100,0,0,41,0,41,10,59,68,4,141,182,0,182,323
01/30/2010,GRB,WI,AGL,CE,Combined TRACON& Tower with Radar,13,43,30,0,86,0,0,76,0,76,13,43,106,0,162,170,0,170,332
01/31/2010,GRB,WI,AGL,CE,Combined TRACON& Tower with Radar,10,33,20,0,63,0,0,60,0,60,10,33,80,0,123,152,0,152,275
02/01/2010,GRB,WI,AGL,CE,Combined TRACON& Tower with Radar,12,39,26,9,86,0,0,43,1,44,12,39,69,10,130,76,26,102,232
02/02/2010,GRB,WI,AGL,CE,Combined TRACON& Tower with Radar,13,45,20,0,78,0,0,0,0,0,13,45,20,0,78,0,0,0,78
02/03/2010,GRB,WI,AGL,CE,Combined TRACON& Tower with Radar,16,71,23,2,112,0,0,81,2,83,16,71,104,4,195,196,22,218,413
02/04/2010,GRB,WI,AGL,CE,Combined TRACON& Tower with Radar,15,50,22,11,98,0,0,18,0,18,15,50,40,11,116,112,20,132,248
02/05/2010,GRB,WI,AGL,CE,Combined TRACON& Tower with Radar,12,54,28,0,94,0,0,0,0,0,12,54,28,0,94,12,0,12,106
02/06/2010,GRB,WI,AGL,CE,Combined TRACON& Tower with Radar,11,29,29,0,69,0,0,25,0,25,11,29,54,0,94,96,0,96,190
02/07/2010,GRB,WI,AGL,CE,Combined TRACON& Tower with Radar,9,40,14,0,63,0,0,32,0,32,9,40,46,0,95,188,0,188,283
02/08/2010,GRB,WI,AGL,CE,Combined TRACON& Tower with Radar,13,46,29,3,91,0,0,22,0,22,13,46,51,3,113,46,12,58,171
02/09/2010,GRB,WI,AGL,CE,Combined TRACON& Tower with Radar,10,40,19,0,69,0,0,0,0,0,10,40,19,0,69,0,0,0,69
02/10/2010,GRB,WI,AGL,CE,Combined TRACON& Tower with Radar,11,48,23,2,84,0,0,21,0,21,11,48,44,2,105,104,14,118,223
02/11/2010,GRB,WI,AGL,CE,Combined TRACON& Tower with Radar,11,48,51,0,110,0,0,50,0,50,11,48,101,0,160,136,0,136,296
02/12/2010,GRB,WI,AGL,CE,Combined TRACON& Tower with Radar,10,44,23,0,77,0,0,67,0,67,10,44,90,0,144,112,0,112,256
02/13/2010,GRB,WI,AGL,CE,Combined TRACON& Tower with Radar,13,32,18,0,63,0,0,39,3,42,13,32,57,3,105,130,0,130,235
02/14/2010,GRB,WI,AGL,CE,Combined TRACON& Tower with Radar,14,28,10,0,52,0,0,13,0,13,14,28,23,0,65,62,0,62,127
02/15/2010,GRB,WI,AGL,CE,Combined TRACON& Tower with Radar,17,49,15,0,81,0,0,0,0,0,17,49,15,0,81,0,0,0,81
02/16/2010,GRB,WI,AGL,CE,Combined TRACON& Tower with Radar,11,48,15,25,99,0,0,22,2,24,11,48,37,27,123,118,96,214,337
02/17/2010,GRB,WI,AGL,CE,Combined TRACON& Tower with Radar,12,77,32,4,125,0,0,30,2,32,12,77,62,6,157,128,0,128,285
02/18/2010,GRB,WI,AGL,CE,Combined TRACON& Tower with Radar,9,47,41,1,98,0,0,47,1,48,9,47,88,2,146,186,0,186,332
02/19/2010,GRB,WI,AGL,CE,Combined TRACON& Tower with Radar,14,43,52,1,110,0,0,48,0,48,14,43,100,1,158,86,0,86,244
02/20/2010,GRB,WI,AGL,CE,Combined TRACON& Tower with Radar,12,34,17,0,63,0,0,33,0,33,12,34,50,0,96,98,0,98,194
02/21/2010,GRB,WI,AGL,CE,Combined TRACON& Tower with Radar,14,33,13,0,60,0,0,9,0,9,14,33,22,0,69,30,0,30,99
02/22/2010,GRB,WI,AGL,CE,Combined TRACON& Tower with Radar,14,58,26,1,99,0,0,21,2,23,14,58,47,3,122,112,12,124,246
02/23/2010,GRB,WI,AGL,CE,Combined TRACON& Tower with Radar,14,48,38,10,110,0,0,6,6,12,14,48,44,16,122,12,12,24,146
02/24/2010,GRB,WI,AGL,CE,Combined TRACON& Tower with Radar,10,45,30,0,85,0,0,0,0,0,10,45,30,0,85,10,0,10,95
02/25/2010,GRB,WI,AGL,CE,Combined TRACON& Tower with Radar,12,56,41,5,114,0,0,38,4,42,12,56,79,9,156,108,2,110,266
02/26/2010,GRB,WI,AGL,CE,Combined TRACON& Tower with Radar,12,42,32,13,99,0,0,25,0,25,12,42,57,13,124,56,22,78,202
02/27/2010,GRB,WI,AGL,CE,Combined TRACON& Tower with Radar,8,29,18,0,55,0,0,24,0,24,8,29,42,0,79,16,0,16,95
02/28/2010,GRB,WI,AGL,CE,Combined TRACON& Tower with Radar,8,39,19,0,66,0,0,0,0,0,8,39,19,0,66,0,0,0,66
03/01/2010,GRB,WI,AGL,CE,Combined TRACON& Tower with Radar,28,28,22,0,78,0,0,32,0,32,28,28,54,0,110,102,0,102,212
03/02/2010,GRB,WI,AGL,CE,Combined TRACON& Tower with Radar,21,33,30,13,97,0,0,43,5,48,21,33,73,18,145,80,0,80,225
03/03/2010,GRB,WI,AGL,CE,Combined TRACON& Tower with Radar,16,36,13,9,74,0,0,39,0,39,16,36,52,9,113,52,0,52,165
03/04/2010,GRB,WI,AGL,CE,Combined TRACON& Tower with Radar,23,38,41,2,104,0,0,48,0,48,23,38,89,2,152,245,0,245,397
03/05/2010,GRB,WI,AGL,CE,Combined TRACON& Tower with Radar,20,37,42,1,100,0,0,73,5,78,20,37,115,6,178,162,0,162,340
03/06/2010,GRB,WI,AGL,CE,Combined TRACON& Tower with Radar,20,22,35,0,77,0,0,102,0,102,20,22,137,0,179,238,0,238,417
03/07/2010,GRB,WI,AGL,CE,Combined TRACON& Tower with Radar,21,30,23,0,74,0,0,74,0,74,21,30,97,0,148,236,0,236,384
03/08/2010,GRB,WI,AGL,CE,Combined TRACON& Tower with Radar,17,38,14,0,69,0,0,36,0,36,17,38,50,0,105,134,0,134,239
03/09/2010,GRB,WI,AGL,CE,Combined TRACON& Tower with Radar,25,24,8,5,62,0,0,17,0,17,25,24,25,5,79,62,0,62,141
03/10/2010,GRB,WI,AGL,CE,Combined TRACON& Tower with Radar,25,27,16,1,69,0,0,2,0,2,25,27,18,1,71,28,0,28,99
03/11/2010,GRB,WI,AGL,CE,Combined TRACON& Tower with Radar,21,50,19,0,90,0,0,0,0,0,21,50,19,0,90,0,0,0,90
03/12/2010,GRB,WI,AGL,CE,Combined TRACON& Tower with Radar,4,13,17,0,34,0,0,0,0,0,4,13,17,0,34,0,0,0,34
03/13/2010,GRB,WI,AGL,CE,Combined TRACON& Tower with Radar,17,25,32,0,74,0,0,0,0,0,17,25,32,0,74,0,0,0,74
03/14/2010,GRB,WI,AGL,CE,Combined TRACON& Tower with Radar,28,23,21,0,72,0,0,47,0,47,28,23,68,0,119,126,0,126,245
03/15/2010,GRB,WI,AGL,CE,Combined TRACON& Tower with Radar,28,35,31,0,94,0,0,70,0,70,28,35,101,0,164,172,0,172,336
03/16/2010,GRB,WI,AGL,CE,Combined TRACON& Tower with Radar,15,40,26,6,87,0,0,88,0,88,15,40,114,6,175,180,16,196,371
03/17/2010,GRB,WI,AGL,CE,Combined TRACON& Tower with Radar,14,44,37,0,95,0,0,79,0,79,14,44,116,0,174,156,0,156,330
03/18/2010,GRB,WI,AGL,CE,Combined TRACON& Tower with Radar,18,45,34,6,103,0,0,59,0,59,18,45,93,6,162,194,20,214,376
03/19/2010,GRB,WI,AGL,CE,Combined TRACON& Tower with Radar,19,42,23,7,91,0,0,31,0,31,19,42,54,7,122,88,12,100,222
03/20/2010,GRB,WI,AGL,CE,Combined TRACON& Tower with Radar,18,28,21,0,67,0,0,54,0,54,18,28,75,0,121,134,0,134,255
03/21/2010,GRB,WI,AGL,CE,Combined TRACON& Tower with Radar,22,32,18,1,73,0,0,50,0,50,22,32,68,1,123,126,0,126,249
03/22/2010,GRB,WI,AGL,CE,Combined TRACON& Tower with Radar,15,42,17,0,74,0,0,51,2,53,15,42,68,2,127,158,28,186,313
03/23/2010,GRB,WI,AGL,CE,Combined TRACON& Tower with Radar,16,36,32,3,87,0,0,61,0,61,16,36,93,3,148,112,0,112,260
03/24/2010,GRB,WI,AGL,CE,Combined TRACON& Tower with Radar,15,47,27,2,91,0,0,56,0,56,15,47,83,2,147,130,0,130,277
03/25/2010,GRB,WI,AGL,CE,Combined TRACON& Tower with Radar,21,36,22,15,94,0,0,27,4,31,21,36,49,19,125,110,10,120,245
03/26/2010,GRB,WI,AGL,CE,Combined TRACON& Tower with Radar,26,32,28,11,97,0,0,35,0,35,26,32,63,11,132,144,4,148,280
03/27/2010,GRB,WI,AGL,CE,Combined TRACON& Tower with Radar,10,31,16,0,57,0,0,24,0,24,10,31,40,0,81,96,0,96,177
03/28/2010,GRB,WI,AGL,CE,Combined TRACON& Tower with Radar,22,25,9,0,56,0,0,40,0,40,22,25,49,0,96,45,0,45,141
03/29/2010,GRB,WI,AGL,CE,Combined TRACON& Tower with Radar,12,35,23,0,70,0,0,36,0,36,12,35,59,0,106,126,0,126,232
03/30/2010,GRB,WI,AGL,CE,Combined TRACON& Tower with Radar,9,43,33,0,85,0,0,24,1,25,9,43,57,1,110,90,0,90,200
03/31/2010,GRB,WI,AGL,CE,Combined TRACON& Tower with Radar,19,46,39,0,104,0,0,38,1,39,19,46,77,1,143,114,0,114,257
04/01/2010,GRB,WI,AGL,CE,Combined TRACON& Tower with Radar,25,46,23,11,105,0,0,40,3,43,25,46,63,14,148,58,10,68,216
04/02/2010,GRB,WI,AGL,CE,Combined TRACON& Tower with Radar,21,34,23,0,78,0,0,26,0,26,21,34,49,0,104,70,0,70,174
04/03/2010,GRB,WI,AGL,CE,Combined TRACON& Tower with Radar,14,26,5,0,45,0,0,9,0,9,14,26,14,0,54,60,0,60,114
04/04/2010,GRB,WI,AGL,CE,Combined TRACON& Tower with Radar,24,27,4,0,55,0,0,10,0,10,24,27,14,0,65,24,0,24,89
04/05/2010,GRB,WI,AGL,CE,Combined TRACON& Tower with Radar,15,41,28,0,84,0,0,36,0,36,15,41,64,0,120,74,0,74,194
04/06/2010,GRB,WI,AGL,CE,Combined TRACON& Tower with Radar,16,41,17,0,74,0,0,1,0,1,16,41,18,0,75,0,0,0,75
04/07/2010,GRB,WI,AGL,CE,Combined TRACON& Tower with Radar,17,50,18,11,96,0,0,27,0,27,17,50,45,11,123,84,36,120,243
04/08/2010,GRB,WI,AGL,CE,Combined TRACON& Tower with Radar,16,40,15,1,72,0,0,3,1,4,16,40,18,2,76,0,0,0,76
04/09/2010,GRB,WI,AGL,CE,Combined TRACON& Tower with Radar,16,39,19,11,85,0,0,108,4,112,16,39,127,15,197,76,4,80,277
04/10/2010,GRB,WI,AGL,CE,Combined TRACON& Tower with Radar,8,34,26,0,68,0,0,43,0,43,8,34,69,0,111,92,0,92,203
04/11/2010,GRB,WI,AGL,CE,Combined TRACON& Tower with Radar,15,31,23,0,69,0,0,79,0,79,15,31,102,0,148,100,0,100,248
04/12/2010,GRB,WI,AGL,CE,Combined TRACON& Tower with Radar,25,33,12,0,70,0,0,28,0,28,25,33,40,0,98,82,0,82,180
04/13/2010,GRB,WI,AGL,CE,Combined TRACON& Tower with Radar,24,43,17,9,93,0,0,38,6,44,24,43,55,15,137,88,20,108,245
04/14/2010,GRB,WI,AGL,CE,Combined TRACON& Tower with Radar,18,39,41,6,104,0,0,53,0,53,18,39,94,6,157,208,0,208,365
04/15/2010,GRB,WI,AGL,CE,Combined TRACON& Tower with Radar,22,38,36,2,98,0,0,25,0,25,22,38,61,2,123,74,0,74,197
04/16/2010,GRB,WI,AGL,CE,Combined TRACON& Tower with Radar,14,39,25,0,78,0,0,21,0,21,14,39,46,0,99,86,0,86,185
04/17/2010,GRB,WI,AGL,CE,Combined TRACON& Tower with Radar,14,27,15,3,59,0,0,23,2,25,14,27,38,5,84,64,10,74,158
04/18/2010,GRB,WI,AGL,CE,Combined TRACON& Tower with Radar,18,33,33,2,86,0,0,102,2,104,18,33,135,4,190,138,8,146,336
04/19/2010,GRB,WI,AGL,CE,Combined TRACON& Tower with Radar,27,30,21,0,78,0,0,50,0,50,27,30,71,0,128,216,0,216,344
04/20/2010,GRB,WI,AGL,CE,Combined TRACON& Tower with Radar,17,40,31,7,95,0,0,47,8,55,17,40,78,15,150,188,6,194,344
04/21/2010,GRB,WI,AGL,CE,Combined TRACON& Tower with Radar,28,35,28,1,92,0,0,32,1,33,28,35,60,2,125,242,0,242,367
04/22/2010,GRB,WI,AGL,CE,Combined TRACON& Tower with Radar,20,47,25,10,102,0,0,63,0,63,20,47,88,10,165,104,18,122,287
04/23/2010,GRB,WI,AGL,CE,Combined TRACON& Tower with Radar,22,36,38,0,96,0,0,53,1,54,22,36,91,1,150,138,0,138,288
04/24/2010,GRB,WI,AGL,CE,Combined TRACON& Tower with Radar,14,31,9,1,55,0,0,12,0,12,14,31,21,1,67,32,8,40,107
04/25/2010,GRB,WI,AGL,CE,Combined TRACON& Tower with Radar,21,40,21,1,83,0,0,8,0,8,21,40,29,1,91,26,0,26,117
04/26/2010,GRB,WI,AGL,CE,Combined TRACON& Tower with Radar,22,36,12,12,82,0,0,33,1,34,22,36,45,13,116,76,20,96,212
04/27/2010,GRB,WI,AGL,CE,Combined TRACON& Tower with Radar,24,40,29,0,93,0,0,62,1,63,24,40,91,1,156,180,0,180,336
04/28/2010,GRB,WI,AGL,CE,Combined TRACON& Tower with Radar,19,45,35,1,100,0,0,64,4,68,19,45,99,5,168,106,12,118,286
04/29/2010,GRB,WI,AGL,CE,Combined TRACON& Tower with Radar,15,46,19,1,81,0,0,11,0,11,15,46,30,1,92,4,0,4,96
04/30/2010,GRB,WI,AGL,CE,Combined TRACON& Tower with Radar,22,48,23,0,93,0,0,13,0,13,22,48,36,0,106,22,0,22,128
05/01/2010,GRB,WI,AGL,CE,Combined TRACON& Tower with Radar,13,30,16,0,59,0,0,21,0,21,13,30,37,0,80,106,0,106,186
05/02/2010,GRB,WI,AGL,CE,Combined TRACON& Tower with Radar,24,36,9,0,69,0,0,54,0,54,24,36,63,0,123,238,0,238,361
05/03/2010,GRB,WI,AGL,CE,Combined TRACON& Tower with Radar,30,33,17,9,89,0,0,24,0,24,30,33,41,9,113,54,6,60,173
05/04/2010,GRB,WI,AGL,CE,Combined TRACON& Tower with Radar,28,40,24,1,93,0,0,42,2,44,28,40,66,3,137,42,12,54,191
05/05/2010,GRB,WI,AGL,CE,Combined TRACON& Tower with Radar,30,43,25,4,102,0,0,31,0,31,30,43,56,4,133,72,0,72,205
05/06/2010,GRB,WI,AGL,CE,Combined TRACON& Tower with Radar,20,50,27,0,97,0,0,59,1,60,20,50,86,1,157,160,0,160,317
05/07/2010,GRB,WI,AGL,CE,Combined TRACON& Tower with Radar,31,35,36,2,104,0,0,1,0,1,31,35,37,2,105,0,0,0,105
05/08/2010,GRB,WI,AGL,CE,Combined TRACON& Tower with Radar,14,26,17,0,57,0,0,11,0,11,14,26,28,0,68,20,0,20,88
05/09/2010,GRB,WI,AGL,CE,Combined TRACON& Tower with Radar,23,29,10,0,62,0,0,75,0,75,23,29,85,0,137,294,0,294,431
05/10/2010,GRB,WI,AGL,CE,Combined TRACON& Tower with Radar,17,44,30,0,91,0,0,53,0,53,17,44,83,0,144,176,0,176,320
05/11/2010,GRB,WI,AGL,CE,Combined TRACON& Tower with Radar,25,38,31,0,94,0,0,2,0,2,25,38,33,0,96,0,0,0,96
05/12/2010,GRB,WI,AGL,CE,Combined TRACON& Tower with Radar,16,34,36,6,92,0,0,45,2,47,16,34,81,8,139,120,22,142,281
05/13/2010,GRB,WI,AGL,CE,Combined TRACON& Tower with Radar,40,37,42,0,119,0,0,3,0,3,40,37,45,0,122,4,0,4,126
05/14/2010,GRB,WI,AGL,CE,Combined TRACON& Tower with Radar,39,24,33,0,96,0,0,28,2,30,39,24,61,2,126,58,0,58,184
05/15/2010,GRB,WI,AGL,CE,Combined TRACON& Tower with Radar,24,16,26,0,66,0,0,64,0,64,24,16,90,0,130,222,0,222,352
05/16/2010,GRB,WI,AGL,CE,Combined TRACON& Tower with Radar,27,26,20,0,73,0,0,101,0,101,27,26,121,0,174,212,0,212,386
05/17/2010,GRB,WI,AGL,CE,Combined TRACON& Tower with Radar,29,38,25,13,105,0,0,65,0,65,29,38,90,13,170,146,24,170,340
05/18/2010,GRB,WI,AGL,CE,Combined TRACON& Tower with Radar,15,41,33,9,98,0,0,85,11,96,15,41,118,20,194,155,39,194,388
05/19/2010,GRB,WI,AGL,CE,Combined TRACON& Tower with Radar,26,42,51,6,125,0,0,89,1,90,26,42,140,7,215,230,0,230,445
05/20/2010,GRB,WI,AGL,CE,Combined TRACON& Tower with Radar,31,33,55,14,133,0,0,57,6,63,31,33,112,20,196,194,40,234,430
05/21/2010,GRB,WI,AGL,CE,Combined TRACON& Tower with Radar,29,32,56,5,122,0,0,17,1,18,29,32,73,6,140,56,12,68,208
05/22/2010,GRB,WI,AGL,CE,Combined TRACON& Tower with Radar,13,32,17,2,64,0,0,132,0,132,13,32,149,2,196,148,0,148,344
05/23/2010,GRB,WI,AGL,CE,Combined TRACON& Tower with Radar,25,31,12,3,71,0,0,85,0,85,25,31,97,3,156,72,0,72,228
05/24/2010,GRB,WI,AGL,CE,Combined TRACON& Tower with Radar,31,32,38,0,101,0,0,28,2,30,31,32,66,2,131,74,14,88,219
05/25/2010,GRB,WI,AGL,CE,Combined TRACON& Tower with Radar,40,33,41,4,118,0,0,57,0,57,40,33,98,4,175,140,14,154,329
05/26/2010,GRB,WI,AGL,CE,Combined TRACON& Tower with Radar,31,27,36,0,94,0,0,30,0,30,31,27,66,0,124,102,0,102,226
05/27/2010,GRB,WI,AGL,CE,Combined TRACON& Tower with Radar,32,37,29,2,100,0,0,78,1,79,32,37,107,3,179,272,0,272,451
05/28/2010,GRB,WI,AGL,CE,Combined TRACON& Tower with Radar,25,41,18,0,84,0,0,86,0,86,25,41,104,0,170,162,0,162,332
05/29/2010,GRB,WI,AGL,CE,Combined TRACON& Tower with Radar,15,30,23,0,68,0,0,67,0,67,15,30,90,0,135,68,0,68,203
05/30/2010,GRB,WI,AGL,CE,Combined TRACON& Tower with Radar,9,26,4,0,39,0,0,27,0,27,9,26,31,0,66,46,0,46,112
05/31/2010,GRB,WI,AGL,CE,Combined TRACON& Tower with Radar,19,37,33,0,89,0,0,61,0,61,19,37,94,0,150,210,0,210,360
06/01/2010,GRB,WI,AGL,CE,Combined TRACON& Tower with Radar,22,39,27,1,89,0,0,45,0,45,22,39,72,1,134,140,8,148,282
06/02/2010,GRB,WI,AGL,CE,Combined TRACON& Tower with Radar,33,37,44,0,114,0,0,13,0,13,33,37,57,0,127,114,0,114,241
06/03/2010,GRB,WI,AGL,CE,Combined TRACON& Tower with Radar,23,41,40,2,106,0,0,63,1,64,23,41,103,3,170,204,0,204,374
06/04/2010,GRB,WI,AGL,CE,Combined TRACON& Tower with Radar,24,37,19,1,81,0,0,3,4,7,24,37,22,5,88,0,0,0,88
06/05/2010,GRB,WI,AGL,CE,Combined TRACON& Tower with Radar,13,34,21,1,69,0,0,43,2,45,13,34,64,3,114,90,0,90,204
06/06/2010,GRB,WI,AGL,CE,Combined TRACON& Tower with Radar,25,35,21,2,83,0,0,23,7,30,25,35,44,9,113,12,10,22,135
06/07/2010,GRB,WI,AGL,CE,Combined TRACON& Tower with Radar,24,43,34,4,105,0,0,56,0,56,24,43,90,4,161,134,0,134,295
06/08/2010,GRB,WI,AGL,CE,Combined TRACON& Tower with Radar,15,50,30,0,95,0,0,7,0,7,15,50,37,0,102,48,0,48,150
06/09/2010,GRB,WI,AGL,CE,Combined TRACON& Tower with Radar,17,51,35,6,109,0,0,37,8,45,17,51,72,14,154,84,12,96,250
06/10/2010,GRB,WI,AGL,CE,Combined TRACON& Tower with Radar,14,49,39,3,105,0,0,50,2,52,14,49,89,5,157,68,0,68,225
06/11/2010,GRB,WI,AGL,CE,Combined TRACON& Tower with Radar,35,50,24,0,109,0,0,15,0,15,35,50,39,0,124,30,8,38,162
06/12/2010,GRB,WI,AGL,CE,Combined TRACON& Tower with Radar,21,22,30,2,75,0,0,1,0,1,21,22,31,2,76,0,0,0,76
06/13/2010,GRB,WI,AGL,CE,Combined TRACON& Tower with Radar,32,25,47,0,104,0,0,11,0,11,32,25,58,0,115,66,0,66,181
06/14/2010,GRB,WI,AGL,CE,Combined TRACON& Tower with Radar,21,43,24,0,88,0,0,17,0,17,21,43,41,0,105,116,0,116,221
06/15/2010,GRB,WI,AGL,CE,Combined TRACON& Tower with Radar,14,58,28,0,100,0,0,0,0,0,14,58,28,0,100,0,0,0,100
06/16/2010,GRB,WI,AGL,CE,Combined TRACON& Tower with Radar,22,51,57,0,130,0,0,46,0,46,22,51,103,0,176,181,0,181,357
06/17/2010,GRB,WI,AGL,CE,Combined TRACON& Tower with Radar,23,52,34,0,109,0,0,78,0,78,23,52,112,0,187,268,0,268,455
06/18/2010,GRB,WI,AGL,CE,Combined TRACON& Tower with Radar,25,36,36,12,109,0,0,49,2,51,25,36,85,14,160,62,36,98,258
06/19/2010,GRB,WI,AGL,CE,Combined TRACON& Tower with Radar,27,27,43,0,97,0,0,49,0,49,27,27,92,0,146,140,0,140,286
06/20/2010,GRB,WI,AGL,CE,Combined TRACON& Tower with Radar,12,42,44,0,98,0,0,82,0,82,12,42,126,0,180,100,0,100,280
06/21/2010,GRB,WI,AGL,CE,Combined TRACON& Tower with Radar,20,36,31,0,87,0,0,29,0,29,20,36,60,0,116,56,0,56,172
06/22/2010,GRB,WI,AGL,CE,Combined TRACON& Tower with Radar,15,53,56,0,124,0,0,54,0,54,15,53,110,0,178,48,0,48,226
06/23/2010,GRB,WI,AGL,CE,Combined TRACON& Tower with Radar,21,35,25,2,83,0,0,16,0,16,21,35,41,2,99,36,0,36,135
06/24/2010,GRB,WI,AGL,CE,Combined TRACON& Tower with Radar,15,41,37,0,93,0,0,67,0,67,15,41,104,0,160,230,0,230,390
06/25/2010,GRB,WI,AGL,CE,Combined TRACON& Tower with Radar,32,36,35,1,104,0,0,74,1,75,32,36,109,2,179,116,0,116,295
06/26/2010,GRB,WI,AGL,CE,Combined TRACON& Tower with Radar,13,30,30,0,73,0,0,27,0,27,13,30,57,0,100,62,0,62,162
06/27/2010,GRB,WI,AGL,CE,Combined TRACON& Tower with Radar,13,43,28,0,84,0,0,14,0,14,13,43,42,0,98,18,0,18,116
06/28/2010,GRB,WI,AGL,CE,Combined TRACON& Tower with Radar,25,37,31,4,97,0,0,51,0,51,25,37,82,4,148,170,0,170,318
06/29/2010,GRB,WI,AGL,CE,Combined TRACON& Tower with Radar,23,50,38,6,117,0,0,87,2,89,23,50,125,8,206,114,16,130,336
06/30/2010,GRB,WI,AGL,CE,Combined TRACON& Tower with Radar,22,57,68,0,147,0,0,132,4,136,22,57,200,4,283,246,16,262,545
07/01/2010,GRB,WI,AGL,CE,Combined TRACON& Tower with Radar,26,37,36,7,106,0,0,60,0,60,26,37,96,7,166,220,24,244,410
07/02/2010,GRB,WI,AGL,CE,Combined TRACON& Tower with Radar,29,52,46,0,127,0,0,94,0,94,29,52,140,0,221,204,0,204,425
07/03/2010,GRB,WI,AGL,CE,Combined TRACON& Tower with Radar,20,21,28,0,69,0,0,58,0,58,20,21,86,0,127,72,0,72,199
07/04/2010,GRB,WI,AGL,CE,Combined TRACON& Tower with Radar,23,26,12,0,61,0,0,25,0,25,23,26,37,0,86,58,0,58,144
07/05/2010,GRB,WI,AGL,CE,Combined TRACON& Tower with Radar,17,41,11,0,69,0,0,0,0,0,17,41,11,0,69,32,0,32,101
07/06/2010,GRB,WI,AGL,CE,Combined TRACON& Tower with Radar,36,28,31,0,95,0,0,20,0,20,36,28,51,0,115,44,0,44,159
07/07/2010,GRB,WI,AGL,CE,Combined TRACON& Tower with Radar,40,43,23,0,106,0,0,22,0,22,40,43,45,0,128,106,0,106,234
07/08/2010,GRB,WI,AGL,CE,Combined TRACON& Tower with Radar,40,43,25,6,114,0,0,35,1,36,40,43,60,7,150,154,4,158,308
07/09/2010,GRB,WI,AGL,CE,Combined TRACON& Tower with Radar,41,35,47,1,124,0,0,100,0,100,41,35,147,1,224,186,0,186,410
07/10/2010,GRB,WI,AGL,CE,Combined TRACON& Tower with Radar,11,30,5,0,46,0,0,70,0,70,11,30,75,0,116,180,0,180,296
07/11/2010,GRB,WI,AGL,CE,Combined TRACON& Tower with Radar,24,31,17,0,72,0,0,21,3,24,24,31,38,3,96,30,0,30,126
07/12/2010,GRB,WI,AGL,CE,Combined TRACON& Tower with Radar,35,33,32,5,105,0,0,44,0,44,35,33,76,5,149,128,30,158,307
07/13/2010,GRB,WI,AGL,CE,Combined TRACON& Tower with Radar,21,39,47,11,118,0,0,94,1,95,21,39,141,12,213,204,36,240,453
07/14/2010,GRB,WI,AGL,CE,Combined TRACON& Tower with Radar,33,42,26,15,116,0,0,28,0,28,33,42,54,15,144,60,48,108,252
07/15/2010,GRB,WI,AGL,CE,Combined TRACON& Tower with Radar,32,35,52,3,122,0,0,76,2,78,32,35,128,5,200,208,0,208,408
07/16/2010,GRB,WI,AGL,CE,Combined TRACON& Tower with Radar,31,49,29,0,109,0,0,61,0,61,31,49,90,0,170,304,0,304,474
07/17/2010,GRB,WI,AGL,CE,Combined TRACON& Tower with Radar,14,31,12,2,59,0,0,67,0,67,14,31,79,2,126,130,0,130,256
07/18/2010,GRB,WI,AGL,CE,Combined TRACON& Tower with Radar,24,32,17,0,73,0,0,17,0,17,24,32,34,0,90,14,0,14,104
07/19/2010,GRB,WI,AGL,CE,Combined TRACON& Tower with Radar,31,41,27,0,99,0,0,33,0,33,31,41,60,0,132,96,16,112,244
07/20/2010,GRB,WI,AGL,CE,Combined TRACON& Tower with Radar,21,47,35,7,110,0,0,15,1,16,21,47,50,8,126,68,0,68,194
07/21/2010,GRB,WI,AGL,CE,Combined TRACON& Tower with Radar,44,29,23,1,97,0,0,66,0,66,44,29,89,1,163,168,0,168,331
07/22/2010,GRB,WI,AGL,CE,Combined TRACON& Tower with Radar,321,43,43,0,407,0,0,22,0,22,321,43,65,0,429,6,0,6,435
07/23/2010,GRB,WI,AGL,CE,Combined TRACON& Tower with Radar,22,46,36,0,104,0,0,23,0,23,22,46,59,0,127,12,20,32,159
07/24/2010,GRB,WI,AGL,CE,Combined TRACON& Tower with Radar,18,25,33,0,76,0,0,49,0,49,18,25,82,0,125,138,3,141,266
07/25/2010,GRB,WI,AGL,CE,Combined TRACON& Tower with Radar,29,33,63,0,125,0,0,104,0,104,29,33,167,0,229,42,0,42,271
07/26/2010,GRB,WI,AGL,CE,Combined TRACON& Tower with Radar,15,51,63,2,131,0,0,81,0,81,15,51,144,2,212,202,12,214,426
07/27/2010,GRB,WI,AGL,CE,Combined TRACON& Tower with Radar,14,73,71,1,159,0,0,84,1,85,14,73,155,2,244,160,0,160,404
07/28/2010,GRB,WI,AGL,CE,Combined TRACON& Tower with Radar,20,46,84,4,154,0,0,64,0,64,20,46,148,4,218,184,16,200,418
07/29/2010,GRB,WI,AGL,CE,Combined TRACON& Tower with Radar,14,53,116,9,192,0,0,93,1,94,14,53,209,10,286,70,0,70,356
07/30/2010,GRB,WI,AGL,CE,Combined TRACON& Tower with Radar,31,44,83,0,158,0,0,78,0,78,31,44,161,0,236,466,0,466,702
07/31/2010,GRB,WI,AGL,CE,Combined TRACON& Tower with Radar,12,34,66,0,112,0,0,17,0,17,12,34,83,0,129,0,0,0,129
08/01/2010,GRB,WI,AGL,CE,Combined TRACON& Tower with Radar,21,45,63,0,129,0,0,66,0,66,21,45,129,0,195,106,0,106,301
08/02/2010,GRB,WI,AGL,CE,Combined TRACON& Tower with Radar,18,56,32,0,106,0,0,45,0,45,18,56,77,0,151,140,0,140,291
08/03/2010,GRB,WI,AGL,CE,Combined TRACON& Tower with Radar,17,41,35,2,95,0,0,1,0,1,17,41,36,2,96,138,6,144,240
08/04/2010,GRB,WI,AGL,CE,Combined TRACON& Tower with Radar,0,2,17,0,19,0,0,43,4,47,0,2,60,4,66,2,0,2,68
08/05/2010,GRB,WI,AGL,CE,Combined TRACON& Tower with Radar,18,40,25,2,85,0,0,46,0,46,18,40,71,2,131,50,2,52,183
08/06/2010,GRB,WI,AGL,CE,Combined TRACON& Tower with Radar,28,44,40,10,122,0,0,91,3,94,28,44,131,13,216,132,30,162,378
08/07/2010,GRB,WI,AGL,CE,Combined TRACON& Tower with Radar,18,30,20,0,68,0,0,61,0,61,18,30,81,0,129,140,0,140,269
08/08/2010,GRB,WI,AGL,CE,Combined TRACON& Tower with Radar,27,47,33,3,110,0,0,49,0,49,27,47,82,3,159,136,0,136,295
08/09/2010,GRB,WI,AGL,CE,Combined TRACON& Tower with Radar,33,41,32,0,106,0,0,40,0,40,33,41,72,0,146,88,0,88,234
08/10/2010,GRB,WI,AGL,CE,Combined TRACON& Tower with Radar,24,35,48,13,120,0,0,28,0,28,24,35,76,13,148,78,32,110,258
08/11/2010,GRB,WI,AGL,CE,Combined TRACON& Tower with Radar,31,43,39,5,118,0,0,31,0,31,31,43,70,5,149,122,0,122,271
08/12/2010,GRB,WI,AGL,CE,Combined TRACON& Tower with Radar,31,43,22,3,99,0,0,59,3,62,31,43,81,6,161,90,11,101,262
08/13/2010,GRB,WI,AGL,CE,Combined TRACON& Tower with Radar,25,46,26,0,97,0,0,19,0,19,25,46,45,0,116,48,0,48,164
08/14/2010,GRB,WI,AGL,CE,Combined TRACON& Tower with Radar,24,30,41,15,110,0,0,52,0,52,24,30,93,15,162,148,0,148,310
08/15/2010,GRB,WI,AGL,CE,Combined TRACON& Tower with Radar,32,51,42,2,127,0,0,46,0,46,32,51,88,2,173,130,0,130,303
08/16/2010,GRB,WI,AGL,CE,Combined TRACON& Tower with Radar,19,47,34,2,102,0,0,46,2,48,19,47,80,4,150,134,0,134,284
08/17/2010,GRB,WI,AGL,CE,Combined TRACON& Tower with Radar,22,45,29,8,104,0,0,41,0,41,22,45,70,8,145,144,10,154,299
08/18/2010,GRB,WI,AGL,CE,Combined TRACON& Tower with Radar,22,43,50,0,115,0,0,29,0,29,22,43,79,0,144,80,0,80,224
08/19/2010,GRB,WI,AGL,CE,Combined TRACON& Tower with Radar,13,53,41,2,109,0,0,49,0,49,13,53,90,2,158,84,0,84,242
08/20/2010,GRB,WI,AGL,CE,Combined TRACON& Tower with Radar,24,58,32,0,114,0,0,10,0,10,24,58,42,0,124,6,0,6,130
08/21/2010,GRB,WI,AGL,CE,Combined TRACON& Tower with Radar,14,26,39,0,79,0,0,27,0,27,14,26,66,0,106,68,0,68,174
08/22/2010,GRB,WI,AGL,CE,Combined TRACON& Tower with Radar,24,32,19,2,77,0,0,68,0,68,24,32,87,2,145,126,0,126,271
08/23/2010,GRB,WI,AGL,CE,Combined TRACON& Tower with Radar,19,41,37,10,107,0,0,67,2,69,19,41,104,12,176,116,36,152,328
08/24/2010,GRB,WI,AGL,CE,Combined TRACON& Tower with Radar,29,41,47,23,140,0,0,42,6,48,29,41,89,29,188,120,32,152,340
08/25/2010,GRB,WI,AGL,CE,Combined TRACON& Tower with Radar,28,38,32,15,113,0,0,74,0,74,28,38,106,15,187,172,32,204,391
08/26/2010,GRB,WI,AGL,CE,Combined TRACON& Tower with Radar,17,50,52,6,125,0,0,75,5,80,17,50,127,11,205,190,28,218,423
08/27/2010,GRB,WI,AGL,CE,Combined TRACON& Tower with Radar,34,53,69,3,159,0,0,70,2,72,34,53,139,5,231,192,0,192,423
08/28/2010,GRB,WI,AGL,CE,Combined TRACON& Tower with Radar,20,24,10,0,54,0,0,50,0,50,20,24,60,0,104,94,0,94,198
08/29/2010,GRB,WI,AGL,CE,Combined TRACON& Tower with Radar,18,35,17,0,70,0,0,49,0,49,18,35,66,0,119,120,0,120,239
08/30/2010,GRB,WI,AGL,CE,Combined TRACON& Tower with Radar,23,40,27,0,90,0,0,41,0,41,23,40,68,0,131,68,0,68,199
08/31/2010,GRB,WI,AGL,CE,Combined TRACON& Tower with Radar,13,60,19,0,92,0,0,16,0,16,13,60,35,0,108,38,0,38,146
09/01/2010,GRB,WI,AGL,CE,Combined TRACON& Tower with Radar,23,44,24,9,100,0,0,23,0,23,23,44,47,9,123,86,0,86,209
09/02/2010,GRB,WI,AGL,CE,Combined TRACON& Tower with Radar,27,43,32,1,103,0,0,4,0,4,27,43,36,1,107,14,0,14,121
09/03/2010,GRB,WI,AGL,CE,Combined TRACON& Tower with Radar,28,59,32,1,120,0,0,8,0,8,28,59,40,1,128,0,0,0,128
09/04/2010,GRB,WI,AGL,CE,Combined TRACON& Tower with Radar,12,26,13,0,51,0,0,20,0,20,12,26,33,0,71,18,0,18,89
09/05/2010,GRB,WI,AGL,CE,Combined TRACON& Tower with Radar,6,20,18,0,44,0,0,60,0,60,6,20,78,0,104,60,0,60,164
09/06/2010,GRB,WI,AGL,CE,Combined TRACON& Tower with Radar,21,46,26,0,93,0,0,34,0,34,21,46,60,0,127,102,0,102,229
09/07/2010,GRB,WI,AGL,CE,Combined TRACON& Tower with Radar,15,49,22,0,86,0,0,0,0,0,15,49,22,0,86,0,0,0,86
09/08/2010,GRB,WI,AGL,CE,Combined TRACON& Tower with Radar,16,48,42,0,106,0,0,38,0,38,16,48,80,0,144,74,0,74,218
09/09/2010,GRB,WI,AGL,CE,Combined TRACON& Tower with Radar,11,45,33,1,90,0,0,56,0,56,11,45,89,1,146,186,0,186,332
09/10/2010,GRB,WI,AGL,CE,Combined TRACON& Tower with Radar,20,48,27,4,99,0,0,45,0,45,20,48,72,4,144,86,0,86,230
09/11/2010,GRB,WI,AGL,CE,Combined TRACON& Tower with Radar,19,33,36,0,88,0,0,8,0,8,19,33,44,0,96,26,0,26,122
09/12/2010,GRB,WI,AGL,CE,Combined TRACON& Tower with Radar,17,40,22,0,79,0,0,60,0,60,17,40,82,0,139,68,0,68,207
09/13/2010,GRB,WI,AGL,CE,Combined TRACON& Tower with Radar,25,38,32,0,95,0,0,48,0,48,25,38,80,0,143,130,0,130,273
09/14/2010,GRB,WI,AGL,CE,Combined TRACON& Tower with Radar,13,46,23,0,82,0,0,44,0,44,13,46,67,0,126,132,0,132,258
09/15/2010,GRB,WI,AGL,CE,Combined TRACON& Tower with Radar,11,55,47,0,113,0,0,40,0,40,11,55,87,0,153,122,0,122,275
09/16/2010,GRB,WI,AGL,CE,Combined TRACON& Tower with Radar,8,55,36,10,109,0,0,14,0,14,8,55,50,10,123,8,6,14,137
09/17/2010,GRB,WI,AGL,CE,Combined TRACON& Tower with Radar,18,46,44,12,120,0,0,41,0,41,18,46,85,12,161,220,6,226,387
09/18/2010,GRB,WI,AGL,CE,Combined TRACON& Tower with Radar,9,39,45,0,93,0,0,76,1,77,9,39,121,1,170,72,0,72,242
09/19/2010,GRB,WI,AGL,CE,Combined TRACON& Tower with Radar,21,64,104,2,191,0,0,90,0,90,21,64,194,2,281,24,0,24,305
09/20/2010,GRB,WI,AGL,CE,Combined TRACON& Tower with Radar,30,54,51,1,136,0,0,49,0,49,30,54,100,1,185,164,0,164,349
09/21/2010,GRB,WI,AGL,CE,Combined TRACON& Tower with Radar,9,56,38,2,105,0,0,32,0,32,9,56,70,2,137,116,10,126,263
09/22/2010,GRB,WI,AGL,CE,Combined TRACON& Tower with Radar,13,59,27,11,110,0,0,72,3,75,13,59,99,14,185,158,60,218,403
09/23/2010,GRB,WI,AGL,CE,Combined TRACON& Tower with Radar,21,44,20,0,85,0,0,12,0,12,21,44,32,0,97,58,0,58,155
09/24/2010,GRB,WI,AGL,CE,Combined TRACON& Tower with Radar,21,47,43,0,111,0,0,1,0,1,21,47,44,0,112,14,0,14,126
09/25/2010,GRB,WI,AGL,CE,Combined TRACON& Tower with Radar,24,28,21,0,73,0,0,43,0,43,24,28,64,0,116,86,0,86,202
09/26/2010,GRB,WI,AGL,CE,Combined TRACON& Tower with Radar,15,37,25,0,77,0,0,101,0,101,15,37,126,0,178,224,0,224,402
09/27/2010,GRB,WI,AGL,CE,Combined TRACON& Tower with Radar,14,56,22,2,94,0,0,56,0,56,14,56,78,2,150,82,16,98,248
09/28/2010,GRB,WI,AGL,CE,Combined TRACON& Tower with Radar,14,52,29,7,102,0,0,36,4,40,14,52,65,11,142,20,20,40,182
09/29/2010,GRB,WI,AGL,CE,Combined TRACON& Tower with Radar,18,47,38,0,103,0,0,47,0,47,18,47,85,0,150,82,0,82,232
09/30/2010,GRB,WI,AGL,CE,Combined TRACON& Tower with Radar,12,55,44,15,126,0,0,66,0,66,12,55,110,15,192,92,0,92,284
10/01/2010,GRB,WI,AGL,CE,Combined TRACON& Tower with Radar,24,45,27,4,100,0,0,37,2,39,24,45,64,6,139,8,0,8,147
10/02/2010,GRB,WI,AGL,CE,Combined TRACON& Tower with Radar,16,24,27,0,67,0,0,24,0,24,16,24,51,0,91,12,0,12,103
10/03/2010,GRB,WI,AGL,CE,Combined TRACON& Tower with Radar,13,56,109,1,179,0,0,62,0,62,13,56,171,1,241,42,0,42,283
10/04/2010,GRB,WI,AGL,CE,Combined TRACON& Tower with Radar,8,62,35,1,106,0,0,60,0,60,8,62,95,1,166,156,0,156,322
10/05/2010,GRB,WI,AGL,CE,Combined TRACON& Tower with Radar,9,48,34,15,106,0,0,32,1,33,9,48,66,16,139,74,32,106,245
10/06/2010,GRB,WI,AGL,CE,Combined TRACON& Tower with Radar,16,49,44,0,109,0,0,59,0,59,16,49,103,0,168,130,0,130,298
10/07/2010,GRB,WI,AGL,CE,Combined TRACON& Tower with Radar,14,56,55,8,133,0,0,60,0,60,14,56,115,8,193,160,32,192,385
10/08/2010,GRB,WI,AGL,CE,Combined TRACON& Tower with Radar,20,45,52,0,117,0,0,69,0,69,20,45,121,0,186,118,0,118,304
10/09/2010,GRB,WI,AGL,CE,Combined TRACON& Tower with Radar,16,37,64,0,117,0,0,68,2,70,16,37,132,2,187,158,22,180,367
10/10/2010,GRB,WI,AGL,CE,Combined TRACON& Tower with Radar,15,44,25,0,84,0,0,46,0,46,15,44,71,0,130,64,8,72,202
10/11/2010,GRB,WI,AGL,CE,Combined TRACON& Tower with Radar,14,48,29,0,91,0,0,30,0,30,14,48,59,0,121,16,0,16,137
10/12/2010,GRB,WI,AGL,CE,Combined TRACON& Tower with Radar,22,47,31,2,102,0,0,49,0,49,22,47,80,2,151,114,12,126,277
10/13/2010,GRB,WI,AGL,CE,Combined TRACON& Tower with Radar,11,52,26,0,89,0,0,50,0,50,11,52,76,0,139,90,0,90,229
10/14/2010,GRB,WI,AGL,CE,Combined TRACON& Tower with Radar,19,56,44,2,121,0,0,66,0,66,19,56,110,2,187,98,1,99,286
10/15/2010,GRB,WI,AGL,CE,Combined TRACON& Tower with Radar,18,51,49,10,128,0,0,55,3,58,18,51,104,13,186,120,0,120,306
10/16/2010,GRB,WI,AGL,CE,Combined TRACON& Tower with Radar,11,35,23,1,70,0,0,57,0,57,11,35,80,1,127,94,0,94,221
10/17/2010,GRB,WI,AGL,CE,Combined TRACON& Tower with Radar,19,44,99,2,164,0,0,73,0,73,19,44,172,2,237,12,0,12,249
10/18/2010,GRB,WI,AGL,CE,Combined TRACON& Tower with Radar,21,54,42,9,126,0,0,46,0,46,21,54,88,9,172,152,44,196,368
10/19/2010,GRB,WI,AGL,CE,Combined TRACON& Tower with Radar,23,43,24,1,91,0,0,31,0,31,23,43,55,1,122,120,0,120,242
10/20/2010,GRB,WI,AGL,CE,Combined TRACON& Tower with Radar,13,61,16,0,90,0,0,15,0,15,13,61,31,0,105,16,0,16,121
10/21/2010,GRB,WI,AGL,CE,Combined TRACON& Tower with Radar,20,50,46,0,116,0,0,27,0,27,20,50,73,0,143,90,0,90,233
10/22/2010,GRB,WI,AGL,CE,Combined TRACON& Tower with Radar,23,55,38,19,135,0,0,74,4,78,23,55,112,23,213,88,24,112,325
10/23/2010,GRB,WI,AGL,CE,Combined TRACON& Tower with Radar,6,40,62,0,108,0,0,9,0,9,6,40,71,0,117,12,0,12,129
10/24/2010,GRB,WI,AGL,CE,Combined TRACON& Tower with Radar,10,102,150,2,264,0,0,5,0,5,10,102,155,2,269,0,0,0,269
10/25/2010,GRB,WI,AGL,CE,Combined TRACON& Tower with Radar,19,75,85,2,181,0,0,15,0,15,19,75,100,2,196,56,0,56,252
10/26/2010,GRB,WI,AGL,CE,Combined TRACON& Tower with Radar,18,35,10,0,63,0,0,0,0,0,18,35,10,0,63,0,0,0,63
10/27/2010,GRB,WI,AGL,CE,Combined TRACON& Tower with Radar,18,57,20,4,99,0,0,5,0,5,18,57,25,4,104,0,0,0,104
10/28/2010,GRB,WI,AGL,CE,Combined TRACON& Tower with Radar,12,53,36,2,103,0,0,14,0,14,12,53,50,2,117,66,6,72,189
10/29/2010,GRB,WI,AGL,CE,Combined TRACON& Tower with Radar,17,51,36,9,113,0,0,68,2,70,17,51,104,11,183,116,16,132,315
10/30/2010,GRB,WI,AGL,CE,Combined TRACON& Tower with Radar,13,33,25,0,71,0,0,53,0,53,13,33,78,0,124,96,0,96,220
10/31/2010,GRB,WI,AGL,CE,Combined TRACON& Tower with Radar,25,30,20,0,75,0,0,56,1,57,25,30,76,1,132,114,0,114,246
11/01/2010,GRB,WI,AGL,CE,Combined TRACON& Tower with Radar,31,40,51,10,132,0,0,47,0,47,31,40,98,10,179,192,12,204,383
11/02/2010,GRB,WI,AGL,CE,Combined TRACON& Tower with Radar,14,57,34,9,114,0,0,73,0,73,14,57,107,9,187,146,34,180,367
11/03/2010,GRB,WI,AGL,CE,Combined TRACON& Tower with Radar,14,53,29,0,96,0,0,30,0,30,14,53,59,0,126,46,12,58,184
11/04/2010,GRB,WI,AGL,CE,Combined TRACON& Tower with Radar,6,56,32,0,94,0,0,20,0,20,6,56,52,0,114,26,0,26,140
11/05/2010,GRB,WI,AGL,CE,Combined TRACON& Tower with Radar,19,48,40,1,108,0,0,52,0,52,19,48,92,1,160,113,12,125,285
11/06/2010,GRB,WI,AGL,CE,Combined TRACON& Tower with Radar,14,36,27,0,77,0,0,66,2,68,14,36,93,2,145,174,0,174,319
11/07/2010,GRB,WI,AGL,CE,Combined TRACON& Tower with Radar,0,0,0,0,0,14,55,104,0,173,14,55,104,0,173,56,0,56,229
11/08/2010,GRB,WI,AGL,CE,Combined TRACON& Tower with Radar,32,45,42,0,119,0,0,59,0,59,32,45,101,0,178,238,0,238,416
11/09/2010,GRB,WI,AGL,CE,Combined TRACON& Tower with Radar,15,50,19,12,96,0,0,54,0,54,15,50,73,12,150,112,0,112,262
11/10/2010,GRB,WI,AGL,CE,Combined TRACON& Tower with Radar,13,45,40,9,107,0,0,45,3,48,13,45,85,12,155,114,106,220,375
11/11/2010,GRB,WI,AGL,CE,Combined TRACON& Tower with Radar,13,49,35,0,97,0,0,72,0,72,13,49,107,0,169,142,0,142,311
11/12/2010,GRB,WI,AGL,CE,Combined TRACON& Tower with Radar,19,48,28,0,95,0,0,17,0,17,19,48,45,0,112,68,0,68,180
11/13/2010,GRB,WI,AGL,CE,Combined TRACON& Tower with Radar,7,36,16,0,59,0,0,0,0,0,7,36,16,0,59,0,0,0,59
11/14/2010,GRB,WI,AGL,CE,Combined TRACON& Tower with Radar,15,45,33,0,93,0,0,0,0,0,15,45,33,0,93,0,0,0,93
11/15/2010,GRB,WI,AGL,CE,Combined TRACON& Tower with Radar,18,45,37,6,106,0,0,43,0,43,18,45,80,6,149,86,18,104,253
11/16/2010,GRB,WI,AGL,CE,Combined TRACON& Tower with Radar,8,49,34,17,108,0,0,18,1,19,8,49,52,18,127,172,30,202,329
11/17/2010,GRB,WI,AGL,CE,Combined TRACON& Tower with Radar,10,59,34,18,121,0,0,17,0,17,10,59,51,18,138,44,0,44,182
11/18/2010,GRB,WI,AGL,CE,Combined TRACON& Tower with Radar,24,45,51,12,132,0,0,53,0,53,24,45,104,12,185,110,22,132,317
11/19/2010,GRB,WI,AGL,CE,Combined TRACON& Tower with Radar,9,53,48,14,124,0,0,18,0,18,9,53,66,14,142,24,30,54,196
11/20/2010,GRB,WI,AGL,CE,Combined TRACON& Tower with Radar,10,35,20,0,65,0,0,33,0,33,10,35,53,0,98,92,0,92,190
11/21/2010,GRB,WI,AGL,CE,Combined TRACON& Tower with Radar,16,27,11,0,54,0,0,0,0,0,16,27,11,0,54,0,0,0,54
11/22/2010,GRB,WI,AGL,CE,Combined TRACON& Tower with Radar,12,35,18,0,65,0,0,1,0,1,12,35,19,0,66,0,0,0,66
11/23/2010,GRB,WI,AGL,CE,Combined TRACON& Tower with Radar,9,57,22,1,89,0,0,18,0,18,9,57,40,1,107,12,0,12,119
11/24/2010,GRB,WI,AGL,CE,Combined TRACON& Tower with Radar,20,45,32,2,99,0,0,20,0,20,20,45,52,2,119,60,12,72,191
11/25/2010,GRB,WI,AGL,CE,Combined TRACON& Tower with Radar,11,35,1,0,47,0,0,2,0,2,11,35,3,0,49,0,0,0,49
11/26/2010,GRB,WI,AGL,CE,Combined TRACON& Tower with Radar,9,38,17,0,64,0,0,16,0,16,9,38,33,0,80,0,0,0,80
11/27/2010,GRB,WI,AGL,CE,Combined TRACON& Tower with Radar,12,38,29,0,79,0,0,43,0,43,12,38,72,0,122,96,0,96,218
11/28/2010,GRB,WI,AGL,CE,Combined TRACON& Tower with Radar,17,38,21,0,76,0,0,40,0,40,17,38,61,0,116,86,0,86,202
11/29/2010,GRB,WI,AGL,CE,Combined TRACON& Tower with Radar,16,41,25,9,91,0,0,34,3,37,16,41,59,12,128,32,13,45,173
11/30/2010,GRB,WI,AGL,CE,Combined TRACON& Tower with Radar,11,48,12,0,71,0,0,0,0,0,11,48,12,0,71,0,0,0,71
12/01/2010,GRB,WI,AGL,CE,Combined TRACON& Tower with Radar,9,57,26,0,92,0,0,4,0,4,9,57,30,0,96,0,0,0,96
12/02/2010,GRB,WI,AGL,CE,Combined TRACON& Tower with Radar,14,42,24,10,90,0,0,36,3,39,14,42,60,13,129,152,22,174,303
12/03/2010,GRB,WI,AGL,CE,Combined TRACON& Tower with Radar,18,40,26,9,93,0,0,25,1,26,18,40,51,10,119,66,10,76,195
12/04/2010,GRB,WI,AGL,CE,Combined TRACON& Tower with Radar,6,30,22,0,58,0,0,23,0,23,6,30,45,0,81,76,0,76,157
12/05/2010,GRB,WI,AGL,CE,Combined TRACON& Tower with Radar,25,56,85,1,167,0,0,28,1,29,25,56,113,2,196,20,6,26,222
12/06/2010,GRB,WI,AGL,CE,Combined TRACON& Tower with Radar,22,49,30,2,103,0,0,32,0,32,22,49,62,2,135,42,0,42,177
12/07/2010,GRB,WI,AGL,CE,Combined TRACON& Tower with Radar,17,53,34,0,104,0,0,40,0,40,17,53,74,0,144,80,46,126,270
12/08/2010,GRB,WI,AGL,CE,Combined TRACON& Tower with Radar,13,57,52,38,160,0,0,57,0,57,13,57,109,38,217,178,46,224,441
12/09/2010,GRB,WI,AGL,CE,Combined TRACON& Tower with Radar,20,45,20,17,102,0,0,7,0,7,20,45,27,17,109,28,30,58,167
12/10/2010,GRB,WI,AGL,CE,Combined TRACON& Tower with Radar,23,48,47,0,118,0,0,14,0,14,23,48,61,0,132,58,0,58,190
12/11/2010,GRB,WI,AGL,CE,Combined TRACON& Tower with Radar,12,22,7,0,41,0,0,0,0,0,12,22,7,0,41,0,0,0,41
12/12/2010,GRB,WI,AGL,CE,Combined TRACON& Tower with Radar,9,16,2,0,27,0,0,0,0,0,9,16,2,0,27,0,0,0,27
12/13/2010,GRB,WI,AGL,CE,Combined TRACON& Tower with Radar,12,53,25,0,90,0,0,14,0,14,12,53,39,0,104,28,4,32,136
12/14/2010,GRB,WI,AGL,CE,Combined TRACON& Tower with Radar,13,57,22,0,92,0,0,15,0,15,13,57,37,0,107,14,0,14,121
12/15/2010,GRB,WI,AGL,CE,Combined TRACON& Tower with Radar,19,50,36,20,125,0,0,42,0,42,19,50,78,20,167,100,24,124,291
12/16/2010,GRB,WI,AGL,CE,Combined TRACON& Tower with Radar,14,53,33,2,102,0,0,24,0,24,14,53,57,2,126,134,0,134,260
12/17/2010,GRB,WI,AGL,CE,Combined TRACON& Tower with Radar,15,46,34,5,100,0,0,26,0,26,15,46,60,5,126,100,4,104,230
12/18/2010,GRB,WI,AGL,CE,Combined TRACON& Tower with Radar,13,31,12,0,56,0,0,22,0,22,13,31,34,0,78,66,0,66,144
12/19/2010,GRB,WI,AGL,CE,Combined TRACON& Tower with Radar,18,39,12,0,69,0,0,38,0,38,18,39,50,0,107,78,0,78,185
12/20/2010,GRB,WI,AGL,CE,Combined TRACON& Tower with Radar,17,54,17,4,92,0,0,30,0,30,17,54,47,4,122,74,0,74,196
12/21/2010,GRB,WI,AGL,CE,Combined TRACON& Tower with Radar,8,46,7,0,61,0,0,0,0,0,8,46,7,0,61,0,0,0,61
12/22/2010,GRB,WI,AGL,CE,Combined TRACON& Tower with Radar,6,58,39,2,105,0,0,30,0,30,6,58,69,2,135,90,0,90,225
12/23/2010,GRB,WI,AGL,CE,Combined TRACON& Tower with Radar,13,52,12,4,81,0,0,21,2,23,13,52,33,6,104,70,18,88,192
12/24/2010,GRB,WI,AGL,CE,Combined TRACON& Tower with Radar,0,42,9,0,51,0,0,2,0,2,0,42,11,0,53,0,0,0,53
12/25/2010,GRB,WI,AGL,CE,Combined TRACON& Tower with Radar,6,38,9,0,53,0,0,0,0,0,6,38,9,0,53,0,0,0,53
12/26/2010,GRB,WI,AGL,CE,Combined TRACON& Tower with Radar,14,45,68,0,127,0,0,13,0,13,14,45,81,0,140,0,0,0,140
12/27/2010,GRB,WI,AGL,CE,Combined TRACON& Tower with Radar,18,50,36,0,104,0,0,19,0,19,18,50,55,0,123,58,0,58,181
12/28/2010,GRB,WI,AGL,CE,Combined TRACON& Tower with Radar,10,53,41,0,104,0,0,11,0,11,10,53,52,0,115,90,4,94,209
12/29/2010,GRB,WI,AGL,CE,Combined TRACON& Tower with Radar,0,62,22,13,97,0,0,45,0,45,0,62,67,13,142,108,6,114,256
12/30/2010,GRB,WI,AGL,CE,Combined TRACON& Tower with Radar,5,63,5,0,73,0,0,0,0,0,5,63,5,0,73,0,0,0,73
12/31/2010,GRB,WI,AGL,CE,Combined TRACON& Tower with Radar,11,38,6,0,55,0,0,0,0,0,11,38,6,0,55,0,0,0,55
01/01/2011,GRB,WI,AGL,CE,Combined TRACON& Tower with Radar,7,33,16,0,56,0,0,2,0,2,7,33,18,0,58,0,0,0,58
01/02/2011,GRB,WI,AGL,CE,Combined TRACON& Tower with Radar,15,63,108,0,186,0,0,30,0,30,15,63,138,0,216,22,0,22,238
01/03/2011,GRB,WI,AGL,CE,Combined TRACON& Tower with Radar,20,42,28,2,92,0,0,8,2,10,20,42,36,4,102,28,12,40,142
01/04/2011,GRB,WI,AGL,CE,Combined TRACON& Tower with Radar,15,62,45,0,122,0,0,44,0,44,15,62,89,0,166,48,0,48,214
01/05/2011,GRB,WI,AGL,CE,Combined TRACON& Tower with Radar,14,64,36,4,118,0,0,21,0,21,14,64,57,4,139,22,0,22,161
01/06/2011,GRB,WI,AGL,CE,Combined TRACON& Tower with Radar,14,53,27,16,110,0,0,43,0,43,14,53,70,16,153,58,38,96,249
01/07/2011,GRB,WI,AGL,CE,Combined TRACON& Tower with Radar,20,45,31,0,96,0,0,7,0,7,20,45,38,0,103,28,0,28,131
01/08/2011,GRB,WI,AGL,CE,Combined TRACON& Tower with Radar,13,26,8,0,47,0,0,23,0,23,13,26,31,0,70,14,0,14,84
01/09/2011,GRB,WI,AGL,CE,Combined TRACON& Tower with Radar,13,51,27,0,91,0,0,57,0,57,13,51,84,0,148,166,0,166,314
01/10/2011,GRB,WI,AGL,CE,Combined TRACON& Tower with Radar,25,51,33,1,110,0,0,29,0,29,25,51,62,1,139,38,0,38,177
01/11/2011,GRB,WI,AGL,CE,Combined TRACON& Tower with Radar,10,46,27,0,83,0,0,0,0,0,10,46,27,0,83,0,0,0,83
01/12/2011,GRB,WI,AGL,CE,Combined TRACON& Tower with Radar,13,45,17,2,77,0,0,24,0,24,13,45,41,2,101,54,0,54,155
01/13/2011,GRB,WI,AGL,CE,Combined TRACON& Tower with Radar,8,60,17,0,85,0,0,28,0,28,8,60,45,0,113,78,0,78,191
01/14/2011,GRB,WI,AGL,CE,Combined TRACON& Tower with Radar,23,43,36,0,102,0,0,7,0,7,23,43,43,0,109,68,0,68,177
01/15/2011,GRB,WI,AGL,CE,Combined TRACON& Tower with Radar,13,35,29,4,81,0,0,25,0,25,13,35,54,4,106,64,0,64,170
01/16/2011,GRB,WI,AGL,CE,Combined TRACON& Tower with Radar,10,48,32,0,90,0,0,38,0,38,10,48,70,0,128,114,0,114,242
01/17/2011,GRB,WI,AGL,CE,Combined TRACON& Tower with Radar,12,41,23,0,76,0,0,0,0,0,12,41,23,0,76,0,0,0,76
01/18/2011,GRB,WI,AGL,CE,Combined TRACON& Tower with Radar,16,47,22,14,99,0,0,21,0,21,16,47,43,14,120,0,26,26,146
01/19/2011,GRB,WI,AGL,CE,Combined TRACON& Tower with Radar,7,55,33,6,101,0,0,29,0,29,7,55,62,6,130,54,14,68,198
01/20/2011,GRB,WI,AGL,CE,Combined TRACON& Tower with Radar,10,52,22,0,84,0,0,29,0,29,10,52,51,0,113,94,0,94,207
01/21/2011,GRB,WI,AGL,CE,Combined TRACON& Tower with Radar,8,70,50,0,128,0,0,29,0,29,8,70,79,0,157,60,0,60,217
01/22/2011,GRB,WI,AGL,CE,Combined TRACON& Tower with Radar,12,34,16,0,62,0,0,28,0,28,12,34,44,0,90,46,0,46,136
01/23/2011,GRB,WI,AGL,CE,Combined TRACON& Tower with Radar,18,32,9,2,61,0,0,15,2,17,18,32,24,4,78,106,0,106,184
01/24/2011,GRB,WI,AGL,CE,Combined TRACON& Tower with Radar,14,46,18,1,79,0,0,2,4,6,14,46,20,5,85,0,0,0,85
01/25/2011,GRB,WI,AGL,CE,Combined TRACON& Tower with Radar,8,46,10,12,76,0,0,16,1,17,8,46,26,13,93,18,0,18,111
01/26/2011,GRB,WI,AGL,CE,Combined TRACON& Tower with Radar,13,35,29,4,81,0,0,25,0,25,13,35,54,4,106,64,0,64,170
01/27/2011,GRB,WI,AGL,CE,Combined TRACON& Tower with Radar,13,57,14,4,88,0,0,13,2,15,13,57,27,6,103,0,64,64,167
01/28/2011,GRB,WI,AGL,CE,Combined TRACON& Tower with Radar,8,59,26,0,93,0,0,20,0,20,8,59,46,0,113,42,0,42,155
01/29/2011,GRB,WI,AGL,CE,Combined TRACON& Tower with Radar,10,33,13,0,56,0,0,0,0,0,10,33,13,0,56,0,0,0,56
01/30/2011,GRB,WI,AGL,CE,Combined TRACON& Tower with Radar,20,30,27,0,77,0,0,55,0,55,20,30,82,0,132,156,0,156,288
01/31/2011,GRB,WI,AGL,CE,Combined TRACON& Tower with Radar,8,52,35,0,95,0,0,0,0,0,8,52,35,0,95,0,0,0,95
02/01/2011,GRB,WI,AGL,CE,Combined TRACON& Tower with Radar,6,39,21,26,92,0,0,5,0,5,6,39,26,26,97,24,40,64,161
02/02/2011,GRB,WI,AGL,CE,Combined TRACON& Tower with Radar,6,21,18,0,45,0,0,12,0,12,6,21,30,0,57,14,0,14,71
02/03/2011,GRB,WI,AGL,CE,Combined TRACON& Tower with Radar,23,36,32,0,91,0,0,15,2,17,23,36,47,2,108,16,0,16,124
02/04/2011,GRB,WI,AGL,CE,Combined TRACON& Tower with Radar,30,42,32,0,104,0,0,21,0,21,30,42,53,0,125,78,0,78,203
02/05/2011,GRB,WI,AGL,CE,Combined TRACON& Tower with Radar,12,32,8,0,52,0,0,2,0,2,12,32,10,0,54,0,0,0,54
02/06/2011,GRB,WI,AGL,CE,Combined TRACON& Tower with Radar,10,39,10,0,59,0,0,1,0,1,10,39,11,0,60,0,0,0,60
02/07/2011,GRB,WI,AGL,CE,Combined TRACON& Tower with Radar,39,56,52,0,147,0,0,14,0,14,39,56,66,0,161,90,0,90,251
02/08/2011,GRB,WI,AGL,CE,Combined TRACON& Tower with Radar,22,55,26,25,128,0,0,41,0,41,22,55,67,25,169,98,80,178,347
02/09/2011,GRB,WI,AGL,CE,Combined TRACON& Tower with Radar,22,48,49,0,119,0,0,19,0,19,22,48,68,0,138,32,0,32,170
02/10/2011,GRB,WI,AGL,CE,Combined TRACON& Tower with Radar,36,48,45,0,129,0,0,47,0,47,36,48,92,0,176,112,0,112,288
02/11/2011,GRB,WI,AGL,CE,Combined TRACON& Tower with Radar,18,53,37,5,113,0,0,32,0,32,18,53,69,5,145,72,32,104,249
02/12/2011,GRB,WI,AGL,CE,Combined TRACON& Tower with Radar,10,38,28,2,78,0,0,51,0,51,10,38,79,2,129,98,0,98,227
02/13/2011,GRB,WI,AGL,CE,Combined TRACON& Tower with Radar,17,39,22,0,78,0,0,25,0,25,17,39,47,0,103,122,0,122,225
02/14/2011,GRB,WI,AGL,CE,Combined TRACON& Tower with Radar,16,56,33,3,108,0,0,33,0,33,16,56,66,3,141,152,0,152,293
02/15/2011,GRB,WI,AGL,CE,Combined TRACON& Tower with Radar,12,53,34,6,105,0,0,34,0,34,12,53,68,6,139,78,8,86,225
02/16/2011,GRB,WI,AGL,CE,Combined TRACON& Tower with Radar,16,44,36,3,99,0,0,53,0,53,16,44,89,3,152,172,6,178,330
02/17/2011,GRB,WI,AGL,CE,Combined TRACON& Tower with Radar,10,34,14,0,58,0,0,0,0,0,10,34,14,0,58,0,0,0,58
02/18/2011,GRB,WI,AGL,CE,Combined TRACON& Tower with Radar,19,39,21,6,85,0,0,12,0,12,19,39,33,6,97,0,0,0,97
02/19/2011,GRB,WI,AGL,CE,Combined TRACON& Tower with Radar,13,35,25,0,73,0,0,84,0,84,13,35,109,0,157,172,0,172,329
02/20/2011,GRB,WI,AGL,CE,Combined TRACON& Tower with Radar,9,17,7,0,33,0,0,0,2,2,9,17,7,2,35,0,0,0,35
02/21/2011,GRB,WI,AGL,CE,Combined TRACON& Tower with Radar,13,44,17,0,74,0,0,0,0,0,13,44,17,0,74,0,0,0,74
02/22/2011,GRB,WI,AGL,CE,Combined TRACON& Tower with Radar,26,39,56,0,121,0,0,37,0,37,26,39,93,0,158,124,0,124,282
02/23/2011,GRB,WI,AGL,CE,Combined TRACON& Tower with Radar,20,47,40,0,107,0,0,15,0,15,20,47,55,0,122,0,0,0,122
02/24/2011,GRB,WI,AGL,CE,Combined TRACON& Tower with Radar,15,45,36,25,121,0,0,52,0,52,15,45,88,25,173,52,42,94,267
02/25/2011,GRB,WI,AGL,CE,Combined TRACON& Tower with Radar,11,51,51,0,113,0,0,35,0,35,11,51,86,0,148,82,0,82,230
02/26/2011,GRB,WI,AGL,CE,Combined TRACON& Tower with Radar,9,30,27,0,66,0,0,22,0,22,9,30,49,0,88,100,0,100,188
02/27/2011,GRB,WI,AGL,CE,Combined TRACON& Tower with Radar,18,43,31,0,92,0,0,11,0,11,18,43,42,0,103,84,0,84,187
02/28/2011,GRB,WI,AGL,CE,Combined TRACON& Tower with Radar,9,45,24,0,78,0,0,34,0,34,9,45,58,0,112,82,0,82,194
03/01/2011,GRB,WI,AGL,CE,Combined TRACON& Tower with Radar,18,57,40,0,115,0,0,35,0,35,18,57,75,0,150,52,0,52,202
03/02/2011,GRB,WI,AGL,CE,Combined TRACON& Tower with Radar,8,56,38,13,115,0,0,48,0,48,8,56,86,13,163,34,42,76,239
03/03/2011,GRB,WI,AGL,CE,Combined TRACON& Tower with Radar,16,49,19,1,85,0,0,12,0,12,16,49,31,1,97,12,0,12,109
03/04/2011,GRB,WI,AGL,CE,Combined TRACON& Tower with Radar,7,47,25,0,79,0,0,0,0,0,7,47,25,0,79,82,0,82,161
03/05/2011,GRB,WI,AGL,CE,Combined TRACON& Tower with Radar,7,37,22,0,66,0,0,15,0,15,7,37,37,0,81,16,0,16,97
03/06/2011,GRB,WI,AGL,CE,Combined TRACON& Tower with Radar,14,48,40,0,102,0,0,54,0,54,14,48,94,0,156,170,0,170,326
03/07/2011,GRB,WI,AGL,CE,Combined TRACON& Tower with Radar,24,39,35,0,98,0,0,35,0,35,24,39,70,0,133,88,0,88,221
03/08/2011,GRB,WI,AGL,CE,Combined TRACON& Tower with Radar,10,48,36,15,109,0,0,3,0,3,10,48,39,15,112,68,26,94,206
03/09/2011,GRB,WI,AGL,CE,Combined TRACON& Tower with Radar,9,42,13,4,68,0,0,0,0,0,9,42,13,4,68,0,0,0,68
03/10/2011,GRB,WI,AGL,CE,Combined TRACON& Tower with Radar,18,53,44,23,138,0,0,45,0,45,18,53,89,23,183,100,34,134,317
03/11/2011,GRB,WI,AGL,CE,Combined TRACON& Tower with Radar,15,58,57,9,139,0,0,85,10,95,15,58,142,19,234,180,18,198,432
03/12/2011,GRB,WI,AGL,CE,Combined TRACON& Tower with Radar,18,28,11,2,59,0,0,11,0,11,18,28,22,2,70,40,0,40,110
03/13/2011,GRB,WI,AGL,CE,Combined TRACON& Tower with Radar,20,39,20,1,80,0,0,49,1,50,20,39,69,2,130,102,0,102,232
03/14/2011,GRB,WI,AGL,CE,Combined TRACON& Tower with Radar,27,28,14,0,69,0,0,33,0,33,27,28,47,0,102,126,0,126,228
03/15/2011,GRB,WI,AGL,CE,Combined TRACON& Tower with Radar,9,53,35,1,98,0,0,26,0,26,9,53,61,1,124,120,8,128,252
03/16/2011,GRB,WI,AGL,CE,Combined TRACON& Tower with Radar,15,53,28,2,98,0,0,45,0,45,15,53,73,2,143,116,30,146,289
03/17/2011,GRB,WI,AGL,CE,Combined TRACON& Tower with Radar,27,51,45,8,131,0,0,15,1,16,27,51,60,9,147,38,8,46,193
03/18/2011,GRB,WI,AGL,CE,Combined TRACON& Tower with Radar,19,48,44,12,123,0,0,35,0,35,19,48,79,12,158,192,22,214,372
03/19/2011,GRB,WI,AGL,CE,Combined TRACON& Tower with Radar,19,27,42,3,91,0,0,42,0,42,19,27,84,3,133,118,0,118,251
03/20/2011,GRB,WI,AGL,CE,Combined TRACON& Tower with Radar,13,47,13,0,73,0,0,7,0,7,13,47,20,0,80,44,0,44,124
03/21/2011,GRB,WI,AGL,CE,Combined TRACON& Tower with Radar,17,45,28,2,92,0,0,5,0,5,17,45,33,2,97,20,0,20,117
03/22/2011,GRB,WI,AGL,CE,Combined TRACON& Tower with Radar,8,46,9,0,63,0,0,0,0,0,8,46,9,0,63,0,0,0,63
03/23/2011,GRB,WI,AGL,CE,Combined TRACON& Tower with Radar,5,43,12,0,60,0,0,0,0,0,5,43,12,0,60,0,0,0,60
03/24/2011,GRB,WI,AGL,CE,Combined TRACON& Tower with Radar,18,56,44,7,125,0,0,19,1,20,18,56,63,8,145,28,8,36,181
03/25/2011,GRB,WI,AGL,CE,Combined TRACON& Tower with Radar,22,48,31,0,101,0,0,46,0,46,22,48,77,0,147,150,0,150,297
03/26/2011,GRB,WI,AGL,CE,Combined TRACON& Tower with Radar,15,31,19,0,65,0,0,34,0,34,15,31,53,0,99,76,0,76,175
03/27/2011,GRB,WI,AGL,CE,Combined TRACON& Tower with Radar,20,34,18,0,72,0,0,38,0,38,20,34,56,0,110,80,0,80,190
03/28/2011,GRB,WI,AGL,CE,Combined TRACON& Tower with Radar,21,49,44,7,121,0,0,39,0,39,21,49,83,7,160,126,12,138,298
03/29/2011,GRB,WI,AGL,CE,Combined TRACON& Tower with Radar,19,51,42,3,115,0,0,61,0,61,19,51,103,3,176,214,12,226,402
03/30/2011,GRB,WI,AGL,CE,Combined TRACON& Tower with Radar,9,51,23,1,84,0,0,49,0,49,9,51,72,1,133,74,4,78,211
03/31/2011,GRB,WI,AGL,CE,Combined TRACON& Tower with Radar,15,45,39,1,100,0,0,67,0,67,15,45,106,1,167,128,0,128,295
04/01/2011,GRB,WI,AGL,CE,Combined TRACON& Tower with Radar,18,46,26,22,112,0,0,17,0,17,18,46,43,22,129,36,22,58,187
04/02/2011,GRB,WI,AGL,CE,Combined TRACON& Tower with Radar,8,34,15,5,62,0,0,38,0,38,8,34,53,5,100,78,8,86,186
04/03/2011,GRB,WI,AGL,CE,Combined TRACON& Tower with Radar,14,41,9,0,64,0,0,0,0,0,14,41,9,0,64,4,0,4,68
04/04/2011,GRB,WI,AGL,CE,Combined TRACON& Tower with Radar,18,41,23,0,82,0,0,12,0,12,18,41,35,0,94,0,0,0,94
04/05/2011,GRB,WI,AGL,CE,Combined TRACON& Tower with Radar,19,37,22,8,86,0,0,43,0,43,19,37,65,8,129,44,12,56,185
04/06/2011,GRB,WI,AGL,CE,Combined TRACON& Tower with Radar,30,34,41,14,119,0,0,47,2,49,30,34,88,16,168,82,20,102,270
04/07/2011,GRB,WI,AGL,CE,Combined TRACON& Tower with Radar,20,57,37,12,126,0,0,21,2,23,20,57,58,14,149,100,42,142,291
04/08/2011,GRB,WI,AGL,CE,Combined TRACON& Tower with Radar,25,31,38,15,109,0,0,50,0,50,25,31,88,15,159,84,8,92,251
04/09/2011,GRB,WI,AGL,CE,Combined TRACON& Tower with Radar,12,30,18,1,61,0,0,10,0,10,12,30,28,1,71,20,0,20,91
04/10/2011,GRB,WI,AGL,CE,Combined TRACON& Tower with Radar,28,27,15,0,70,0,0,5,0,5,28,27,20,0,75,0,0,0,75
04/11/2011,GRB,WI,AGL,CE,Combined TRACON& Tower with Radar,29,37,21,2,89,0,0,17,2,19,29,37,38,4,108,28,8,36,144
04/12/2011,GRB,WI,AGL,CE,Combined TRACON& Tower with Radar,12,48,27,0,87,0,0,66,1,67,12,48,93,1,154,168,2,170,324
04/13/2011,GRB,WI,AGL,CE,Combined TRACON& Tower with Radar,16,42,43,3,104,0,0,46,0,46,16,42,89,3,150,64,48,112,262
04/14/2011,GRB,WI,AGL,CE,Combined TRACON& Tower with Radar,28,43,35,10,116,0,0,19,0,19,28,43,54,10,135,54,18,72,207
04/15/2011,GRB,WI,AGL,CE,Combined TRACON& Tower with Radar,17,43,22,2,84,0,0,7,0,7,17,43,29,2,91,44,0,44,135
04/16/2011,GRB,WI,AGL,CE,Combined TRACON& Tower with Radar,16,41,12,0,69,0,0,0,0,0,16,41,12,0,69,0,0,0,69
04/17/2011,GRB,WI,AGL,CE,Combined TRACON& Tower with Radar,20,38,14,1,73,0,0,5,0,5,20,38,19,1,78,0,0,0,78
04/18/2011,GRB,WI,AGL,CE,Combined TRACON& Tower with Radar,20,39,39,0,98,0,0,41,0,41,20,39,80,0,139,80,0,80,219
04/19/2011,GRB,WI,AGL,CE,Combined TRACON& Tower with Radar,12,31,20,0,63,0,0,3,0,3,12,31,23,0,66,0,0,0,66
04/20/2011,GRB,WI,AGL,CE,Combined TRACON& Tower with Radar,15,54,28,0,97,0,0,11,0,11,15,54,39,0,108,30,0,30,138
04/21/2011,GRB,WI,AGL,CE,Combined TRACON& Tower with Radar,25,51,49,0,125,0,0,63,0,63,25,51,112,0,188,68,0,68,256
04/22/2011,GRB,WI,AGL,CE,Combined TRACON& Tower with Radar,12,40,33,0,85,0,0,2,0,2,12,40,35,0,87,8,0,8,95
04/23/2011,GRB,WI,AGL,CE,Combined TRACON& Tower with Radar,14,32,14,0,60,0,0,27,0,27,14,32,41,0,87,56,0,56,143
04/24/2011,GRB,WI,AGL,CE,Combined TRACON& Tower with Radar,16,36,28,0,80,0,0,38,0,38,16,36,66,0,118,122,0,122,240
04/25/2011,GRB,WI,AGL,CE,Combined TRACON& Tower with Radar,22,35,22,0,79,0,0,40,0,40,22,35,62,0,119,88,0,88,207
04/26/2011,GRB,WI,AGL,CE,Combined TRACON& Tower with Radar,10,54,25,0,89,0,0,0,0,0,10,54,25,0,89,0,0,0,89
04/27/2011,GRB,WI,AGL,CE,Combined TRACON& Tower with Radar,18,41,21,0,80,0,0,16,0,16,18,41,37,0,96,56,0,56,152
04/28/2011,GRB,WI,AGL,CE,Combined TRACON& Tower with Radar,21,51,35,5,112,0,0,8,0,8,21,51,43,5,120,68,12,80,200
04/29/2011,GRB,WI,AGL,CE,Combined TRACON& Tower with Radar,24,45,64,2,135,0,0,89,0,89,24,45,153,2,224,164,0,164,388
04/30/2011,GRB,WI,AGL,CE,Combined TRACON& Tower with Radar,15,31,13,0,59,0,0,12,0,12,15,31,25,0,71,1,0,1,72
05/01/2011,GRB,WI,AGL,CE,Combined TRACON& Tower with Radar,5,39,12,1,57,0,0,14,0,14,5,39,26,1,71,16,0,16,87
05/02/2011,GRB,WI,AGL,CE,Combined TRACON& Tower with Radar,6,52,32,1,91,0,1,25,0,26,6,53,57,1,117,56,0,56,173
05/03/2011,GRB,WI,AGL,CE,Combined TRACON& Tower with Radar,4,57,53,2,116,0,0,18,0,18,4,57,71,2,134,74,0,74,208
05/04/2011,GRB,WI,AGL,CE,Combined TRACON& Tower with Radar,6,55,27,0,88,0,0,60,0,60,6,55,87,0,148,112,0,112,260
05/05/2011,GRB,WI,AGL,CE,Combined TRACON& Tower with Radar,4,56,22,0,82,0,0,9,0,9,4,56,31,0,91,30,0,30,121
05/06/2011,GRB,WI,AGL,CE,Combined TRACON& Tower with Radar,6,56,40,2,104,0,0,29,0,29,6,56,69,2,133,34,0,34,167
05/07/2011,GRB,WI,AGL,CE,Combined TRACON& Tower with Radar,3,40,11,0,54,0,0,54,0,54,3,40,65,0,108,0,0,0,108
05/08/2011,GRB,WI,AGL,CE,Combined TRACON& Tower with Radar,5,39,16,0,60,0,0,27,0,27,5,39,43,0,87,74,0,74,161
05/09/2011,GRB,WI,AGL,CE,Combined TRACON& Tower with Radar,6,54,24,0,84,0,0,4,0,4,6,54,28,0,88,0,0,0,88
05/10/2011,GRB,WI,AGL,CE,Combined TRACON& Tower with Radar,4,50,31,0,85,0,0,13,0,13,4,50,44,0,98,40,0,40,138
05/11/2011,GRB,WI,AGL,CE,Combined TRACON& Tower with Radar,6,49,20,0,75,0,0,5,0,5,6,49,25,0,80,34,0,34,114
05/12/2011,GRB,WI,AGL,CE,Combined TRACON& Tower with Radar,6,61,19,2,88,0,0,8,0,8,6,61,27,2,96,0,0,0,96
05/13/2011,GRB,WI,AGL,CE,Combined TRACON& Tower with Radar,6,49,32,0,87,0,0,1,0,1,6,49,33,0,88,46,0,46,134
05/14/2011,GRB,WI,AGL,CE,Combined TRACON& Tower with Radar,3,41,13,0,57,0,0,0,0,0,3,41,13,0,57,12,0,12,69
05/15/2011,GRB,WI,AGL,CE,Combined TRACON& Tower with Radar,5,38,16,0,59,0,0,7,0,7,5,38,23,0,66,0,0,0,66
05/16/2011,GRB,WI,AGL,CE,Combined TRACON& Tower with Radar,6,53,22,1,82,0,1,27,0,28,6,54,49,1,110,72,0,72,182
05/17/2011,GRB,WI,AGL,CE,Combined TRACON& Tower with Radar,4,57,35,2,98,0,0,47,2,49,4,57,82,4,147,82,0,82,229
05/18/2011,GRB,WI,AGL,CE,Combined TRACON& Tower with Radar,6,53,38,2,99,0,0,39,0,39,6,53,77,2,138,114,8,122,260
05/19/2011,GRB,WI,AGL,CE,Combined TRACON& Tower with Radar,6,58,45,18,127,0,0,20,0,20,6,58,65,18,147,30,28,58,205
05/20/2011,GRB,WI,AGL,CE,Combined TRACON& Tower with Radar,6,51,38,2,97,0,0,39,0,39,6,51,77,2,136,75,0,75,211
05/21/2011,GRB,WI,AGL,CE,Combined TRACON& Tower with Radar,4,37,8,0,49,0,0,14,0,14,4,37,22,0,63,34,0,34,97
05/22/2011,GRB,WI,AGL,CE,Combined TRACON& Tower with Radar,6,35,16,0,57,0,0,13,0,13,6,35,29,0,70,52,0,52,122
05/23/2011,GRB,WI,AGL,CE,Combined TRACON& Tower with Radar,6,50,12,0,68,0,0,9,2,11,6,50,21,2,79,42,0,42,121
05/24/2011,GRB,WI,AGL,CE,Combined TRACON& Tower with Radar,4,52,34,0,90,0,0,18,0,18,4,52,52,0,108,68,0,68,176
05/25/2011,GRB,WI,AGL,CE,Combined TRACON& Tower with Radar,10,46,15,0,71,0,0,0,0,0,10,46,15,0,71,18,0,18,89
05/26/2011,GRB,WI,AGL,CE,Combined TRACON& Tower with Radar,6,51,38,40,135,0,0,14,0,14,6,51,52,40,149,38,46,84,233
05/27/2011,GRB,WI,AGL,CE,Combined TRACON& Tower with Radar,6,61,39,0,106,0,0,46,0,46,6,61,85,0,152,94,0,94,246
05/28/2011,GRB,WI,AGL,CE,Combined TRACON& Tower with Radar,4,36,1,0,41,0,0,10,0,10,4,36,11,0,51,44,4,48,99
05/29/2011,GRB,WI,AGL,CE,Combined TRACON& Tower with Radar,14,27,6,0,47,0,0,12,0,12,14,27,18,0,59,68,0,68,127
05/30/2011,GRB,WI,AGL,CE,Combined TRACON& Tower with Radar,5,45,14,2,66,0,0,18,0,18,5,45,32,2,84,72,0,72,156
05/31/2011,GRB,WI,AGL,CE,Combined TRACON& Tower with Radar,4,56,12,2,74,0,0,11,0,11,4,56,23,2,85,14,0,14,99
06/01/2011,GRB,WI,AGL,CE,Combined TRACON& Tower with Radar,8,57,26,2,93,0,0,13,0,13,8,57,39,2,106,0,0,0,106
06/02/2011,GRB,WI,AGL,CE,Combined TRACON& Tower with Radar,6,56,34,1,97,0,0,61,0,61,6,56,95,1,158,96,0,96,254
06/03/2011,GRB,WI,AGL,CE,Combined TRACON& Tower with Radar,6,53,26,8,93,0,1,26,2,29,6,54,52,10,122,66,12,78,200
06/04/2011,GRB,WI,AGL,CE,Combined TRACON& Tower with Radar,3,41,12,0,56,0,3,47,4,54,3,44,59,4,110,96,0,96,206
06/05/2011,GRB,WI,AGL,CE,Combined TRACON& Tower with Radar,5,41,11,1,58,0,0,45,4,49,5,41,56,5,107,60,0,60,167
06/06/2011,GRB,WI,AGL,CE,Combined TRACON& Tower with Radar,6,55,21,3,85,0,0,18,0,18,6,55,39,3,103,75,0,75,178
06/07/2011,GRB,WI,AGL,CE,Combined TRACON& Tower with Radar,6,55,28,16,105,0,0,22,0,22,6,55,50,16,127,0,52,52,179
06/08/2011,GRB,WI,AGL,CE,Combined TRACON& Tower with Radar,7,49,32,0,88,0,0,12,0,12,7,49,44,0,100,86,0,86,186
06/09/2011,GRB,WI,AGL,CE,Combined TRACON& Tower with Radar,10,47,32,8,97,0,0,42,0,42,10,47,74,8,139,156,14,170,309
06/10/2011,GRB,WI,AGL,CE,Combined TRACON& Tower with Radar,8,59,52,0,119,0,0,0,0,0,8,59,52,0,119,0,0,0,119
06/11/2011,GRB,WI,AGL,CE,Combined TRACON& Tower with Radar,9,40,42,3,94,0,0,26,0,26,9,40,68,3,120,94,0,94,214
06/12/2011,GRB,WI,AGL,CE,Combined TRACON& Tower with Radar,7,55,20,1,83,0,0,30,0,30,7,55,50,1,113,26,0,26,139
06/13/2011,GRB,WI,AGL,CE,Combined TRACON& Tower with Radar,8,59,28,0,95,0,0,42,0,42,8,59,70,0,137,144,0,144,281
06/14/2011,GRB,WI,AGL,CE,Combined TRACON& Tower with Radar,8,59,31,14,112,0,0,38,0,38,8,59,69,14,150,92,20,112,262
06/15/2011,GRB,WI,AGL,CE,Combined TRACON& Tower with Radar,8,56,32,0,96,0,0,7,0,7,8,56,39,0,103,66,0,66,169
06/16/2011,GRB,WI,AGL,CE,Combined TRACON& Tower with Radar,14,58,52,30,154,0,1,9,0,10,14,59,61,30,164,36,12,48,212
06/17/2011,GRB,WI,AGL,CE,Combined TRACON& Tower with Radar,8,60,37,2,107,0,0,59,0,59,8,60,96,2,166,62,0,62,228
06/18/2011,GRB,WI,AGL,CE,Combined TRACON& Tower with Radar,9,35,15,0,59,0,0,44,0,44,9,35,59,0,103,52,0,52,155
06/19/2011,GRB,WI,AGL,CE,Combined TRACON& Tower with Radar,9,47,20,0,76,0,0,5,0,5,9,47,25,0,81,0,0,0,81
06/20/2011,GRB,WI,AGL,CE,Combined TRACON& Tower with Radar,8,55,24,2,89,0,0,8,0,8,8,55,32,2,97,4,0,4,101
06/21/2011,GRB,WI,AGL,CE,Combined TRACON& Tower with Radar,10,45,33,0,88,0,0,0,0,0,10,45,33,0,88,0,0,0,88
06/22/2011,GRB,WI,AGL,CE,Combined TRACON& Tower with Radar,8,54,42,1,105,0,1,4,0,5,8,55,46,1,110,44,0,44,154
06/23/2011,GRB,WI,AGL,CE,Combined TRACON& Tower with Radar,14,65,46,0,125,0,0,0,0,0,14,65,46,0,125,40,0,40,165
06/24/2011,GRB,WI,AGL,CE,Combined TRACON& Tower with Radar,8,57,46,1,112,0,3,31,0,34,8,60,77,1,146,140,0,140,286
06/25/2011,GRB,WI,AGL,CE,Combined TRACON& Tower with Radar,13,36,10,0,59,0,0,57,0,57,13,36,67,0,116,36,0,36,152
06/26/2011,GRB,WI,AGL,CE,Combined TRACON& Tower with Radar,7,47,20,1,75,0,0,45,0,45,7,47,65,1,120,28,0,28,148
06/27/2011,GRB,WI,AGL,CE,Combined TRACON& Tower with Radar,8,58,23,2,91,0,0,7,0,7,8,58,30,2,98,62,0,62,160
06/28/2011,GRB,WI,AGL,CE,Combined TRACON& Tower with Radar,10,59,29,0,98,0,0,35,0,35,10,59,64,0,133,14,0,14,147
06/29/2011,GRB,WI,AGL,CE,Combined TRACON& Tower with Radar,8,59,64,2,133,0,0,66,4,70,8,59,130,6,203,148,6,154,357
06/30/2011,GRB,WI,AGL,CE,Combined TRACON& Tower with Radar,10,68,38,16,132,0,0,36,2,38,10,68,74,18,170,124,44,168,338
07/01/2011,GRB,WI,AGL,CE,Combined TRACON& Tower with Radar,10,60,21,0,91,0,1,19,0,20,10,61,40,0,111,80,0,80,191
07/02/2011,GRB,WI,AGL,CE,Combined TRACON& Tower with Radar,7,38,10,0,55,0,0,40,0,40,7,38,50,0,95,68,0,68,163
07/03/2011,GRB,WI,AGL,CE,Combined TRACON& Tower with Radar,9,32,22,0,63,0,0,46,0,46,9,32,68,0,109,58,0,58,167
07/04/2011,GRB,WI,AGL,CE,Combined TRACON& Tower with Radar,12,35,11,0,58,0,0,35,0,35,12,35,46,0,93,66,0,66,159
07/05/2011,GRB,WI,AGL,CE,Combined TRACON& Tower with Radar,10,53,14,0,77,0,0,29,0,29,10,53,43,0,106,108,0,108,214
07/06/2011,GRB,WI,AGL,CE,Combined TRACON& Tower with Radar,8,61,22,1,92,0,0,60,1,61,8,61,82,2,153,80,0,80,233
07/07/2011,GRB,WI,AGL,CE,Combined TRACON& Tower with Radar,10,60,35,30,135,0,0,48,4,52,10,60,83,34,187,54,28,82,269
07/08/2011,GRB,WI,AGL,CE,Combined TRACON& Tower with Radar,8,57,30,10,105,0,0,68,0,68,8,57,98,10,173,128,0,128,301
07/09/2011,GRB,WI,AGL,CE,Combined TRACON& Tower with Radar,7,38,29,0,74,0,0,45,0,45,7,38,74,0,119,86,0,86,205
07/10/2011,GRB,WI,AGL,CE,Combined TRACON& Tower with Radar,9,41,23,0,73,0,0,21,0,21,9,41,44,0,94,126,0,126,220
07/11/2011,GRB,WI,AGL,CE,Combined TRACON& Tower with Radar,8,55,15,0,78,0,0,10,0,10,8,55,25,0,88,52,0,52,140
07/12/2011,GRB,WI,AGL,CE,Combined TRACON& Tower with Radar,10,60,32,0,102,0,0,48,2,50,10,60,80,2,152,110,0,110,262
07/13/2011,GRB,WI,AGL,CE,Combined TRACON& Tower with Radar,6,60,56,0,122,0,1,46,0,47,6,61,102,0,169,38,0,38,207
07/14/2011,GRB,WI,AGL,CE,Combined TRACON& Tower with Radar,9,55,28,8,100,0,1,31,0,32,9,56,59,8,132,90,4,94,226
07/15/2011,GRB,WI,AGL,CE,Combined TRACON& Tower with Radar,8,55,34,1,98,0,1,52,0,53,8,56,86,1,151,76,6,82,233
07/16/2011,GRB,WI,AGL,CE,Combined TRACON& Tower with Radar,7,37,17,3,64,0,0,43,0,43,7,37,60,3,107,74,4,78,185
07/17/2011,GRB,WI,AGL,CE,Combined TRACON& Tower with Radar,9,47,23,0,79,0,0,14,0,14,9,47,37,0,93,114,0,114,207
07/18/2011,GRB,WI,AGL,CE,Combined TRACON& Tower with Radar,6,51,19,0,76,0,0,12,0,12,6,51,31,0,88,64,0,64,152
07/19/2011,GRB,WI,AGL,CE,Combined TRACON& Tower with Radar,10,58,28,18,114,0,0,40,0,40,10,58,68,18,154,56,38,94,248
07/20/2011,GRB,WI,AGL,CE,Combined TRACON& Tower with Radar,6,55,38,8,107,0,0,31,0,31,6,55,69,8,138,48,16,64,202
07/21/2011,GRB,WI,AGL,CE,Combined TRACON& Tower with Radar,8,60,31,16,115,0,1,43,2,46,8,61,74,18,161,112,58,170,331
07/22/2011,GRB,WI,AGL,CE,Combined TRACON& Tower with Radar,8,54,42,0,104,0,0,93,0,93,8,54,135,0,197,108,16,124,321
07/23/2011,GRB,WI,AGL,CE,Combined TRACON& Tower with Radar,7,39,32,2,80,0,0,52,0,52,7,39,84,2,132,178,20,198,330
07/24/2011,GRB,WI,AGL,CE,Combined TRACON& Tower with Radar,7,38,56,0,101,0,1,52,0,53,7,39,108,0,154,178,0,178,332
07/25/2011,GRB,WI,AGL,CE,Combined TRACON& Tower with Radar,6,55,40,2,103,0,2,61,2,65,6,57,101,4,168,100,14,114,282
07/26/2011,GRB,WI,AGL,CE,Combined TRACON& Tower with Radar,10,54,66,0,130,0,0,48,0,48,10,54,114,0,178,210,0,210,388
07/27/2011,GRB,WI,AGL,CE,Combined TRACON& Tower with Radar,8,62,78,0,148,0,0,14,0,14,8,62,92,0,162,0,0,0,162
07/28/2011,GRB,WI,AGL,CE,Combined TRACON& Tower with Radar,8,57,118,8,191,0,0,39,0,39,8,57,157,8,230,58,0,58,288
07/29/2011,GRB,WI,AGL,CE,Combined TRACON& Tower with Radar,8,52,64,3,127,0,0,63,0,63,8,52,127,3,190,158,8,166,356
07/30/2011,GRB,WI,AGL,CE,Combined TRACON& Tower with Radar,7,39,27,0,73,0,0,51,0,51,7,39,78,0,124,56,12,68,192
07/31/2011,GRB,WI,AGL,CE,Combined TRACON& Tower with Radar,9,41,66,9,125,0,0,48,0,48,9,41,114,9,173,40,0,40,213
08/01/2011,GRB,WI,AGL,CE,Combined TRACON& Tower with Radar,8,56,42,0,106,0,1,57,0,58,8,57,99,0,164,184,0,184,348
08/02/2011,GRB,WI,AGL,CE,Combined TRACON& Tower with Radar,10,60,29,3,102,0,0,1,1,2,10,60,30,4,104,26,0,26,130
08/03/2011,GRB,WI,AGL,CE,Combined TRACON& Tower with Radar,8,56,26,0,90,0,0,55,0,55,8,56,81,0,145,140,0,140,285
08/04/2011,GRB,WI,AGL,CE,Combined TRACON& Tower with Radar,10,56,38,10,114,0,0,50,0,50,10,56,88,10,164,224,0,224,388
08/05/2011,GRB,WI,AGL,CE,Combined TRACON& Tower with Radar,8,56,38,0,102,0,1,47,2,50,8,57,85,2,152,72,0,72,224
08/06/2011,GRB,WI,AGL,CE,Combined TRACON& Tower with Radar,7,40,11,0,58,0,0,28,4,32,7,40,39,4,90,74,6,80,170
08/07/2011,GRB,WI,AGL,CE,Combined TRACON& Tower with Radar,9,40,19,0,68,0,0,15,0,15,9,40,34,0,83,64,0,64,147
08/08/2011,GRB,WI,AGL,CE,Combined TRACON& Tower with Radar,6,53,33,0,92,0,0,38,0,38,6,53,71,0,130,116,0,116,246
08/09/2011,GRB,WI,AGL,CE,Combined TRACON& Tower with Radar,10,56,32,0,98,0,0,34,0,34,10,56,66,0,132,100,0,100,232
08/10/2011,GRB,WI,AGL,CE,Combined TRACON& Tower with Radar,8,56,26,0,90,0,0,49,0,49,8,56,75,0,139,110,0,110,249
08/11/2011,GRB,WI,AGL,CE,Combined TRACON& Tower with Radar,8,62,36,12,118,0,0,70,2,72,8,62,106,14,190,152,12,164,354
08/12/2011,GRB,WI,AGL,CE,Combined TRACON& Tower with Radar,10,54,42,6,112,0,1,67,0,68,10,55,109,6,180,108,0,108,288
08/13/2011,GRB,WI,AGL,CE,Combined TRACON& Tower with Radar,7,39,34,0,80,0,0,3,0,3,7,39,37,0,83,38,0,38,121
08/14/2011,GRB,WI,AGL,CE,Combined TRACON& Tower with Radar,7,44,21,1,73,0,0,42,0,42,7,44,63,1,115,46,0,46,161
08/15/2011,GRB,WI,AGL,CE,Combined TRACON& Tower with Radar,8,52,27,0,87,0,0,47,0,47,8,52,74,0,134,114,0,114,248
08/16/2011,GRB,WI,AGL,CE,Combined TRACON& Tower with Radar,11,49,45,10,115,0,0,41,0,41,11,49,86,10,156,158,28,186,342
08/17/2011,GRB,WI,AGL,CE,Combined TRACON& Tower with Radar,12,49,38,10,109,0,0,30,0,30,12,49,68,10,139,56,12,68,207
08/18/2011,GRB,WI,AGL,CE,Combined TRACON& Tower with Radar,16,52,40,1,109,0,0,56,0,56,16,52,96,1,165,78,12,90,255
08/19/2011,GRB,WI,AGL,CE,Combined TRACON& Tower with Radar,13,55,44,0,112,0,0,49,0,49,13,55,93,0,161,90,4,94,255
08/20/2011,GRB,WI,AGL,CE,Combined TRACON& Tower with Radar,9,30,19,0,58,0,0,19,0,19,9,30,38,0,77,65,0,65,142
08/21/2011,GRB,WI,AGL,CE,Combined TRACON& Tower with Radar,11,43,21,11,86,0,0,35,0,35,11,43,56,11,121,6,6,12,133
08/22/2011,GRB,WI,AGL,CE,Combined TRACON& Tower with Radar,11,50,33,4,98,0,1,64,0,65,11,51,97,4,163,114,4,118,281
08/23/2011,GRB,WI,AGL,CE,Combined TRACON& Tower with Radar,12,51,26,0,89,0,0,13,0,13,12,51,39,0,102,100,0,100,202
08/24/2011,GRB,WI,AGL,CE,Combined TRACON& Tower with Radar,15,49,41,0,105,0,0,16,0,16,15,49,57,0,121,48,0,48,169
08/25/2011,GRB,WI,AGL,CE,Combined TRACON& Tower with Radar,14,57,28,14,113,0,0,62,0,62,14,57,90,14,175,132,14,146,321
08/26/2011,GRB,WI,AGL,CE,Combined TRACON& Tower with Radar,12,52,33,1,98,0,1,50,1,52,12,53,83,2,150,99,0,99,249
08/27/2011,GRB,WI,AGL,CE,Combined TRACON& Tower with Radar,9,39,22,4,74,0,0,53,0,53,9,39,75,4,127,76,0,76,203
08/28/2011,GRB,WI,AGL,CE,Combined TRACON& Tower with Radar,9,39,32,0,80,0,0,61,0,61,9,39,93,0,141,56,0,56,197
08/29/2011,GRB,WI,AGL,CE,Combined TRACON& Tower with Radar,12,48,46,0,106,0,0,58,0,58,12,48,104,0,164,89,0,89,253
08/30/2011,GRB,WI,AGL,CE,Combined TRACON& Tower with Radar,13,50,33,0,96,0,0,53,0,53,13,50,86,0,149,72,0,72,221
08/31/2011,GRB,WI,AGL,CE,Combined TRACON& Tower with Radar,15,49,37,0,101,0,0,22,0,22,15,49,59,0,123,0,0,0,123
09/01/2011,GRB,WI,AGL,CE,Combined TRACON& Tower with Radar,16,51,54,0,121,0,0,31,1,32,16,51,85,1,153,76,0,76,229
09/02/2011,GRB,WI,AGL,CE,Combined TRACON& Tower with Radar,10,51,27,1,89,0,0,12,0,12,10,51,39,1,101,6,0,6,107
09/03/2011,GRB,WI,AGL,CE,Combined TRACON& Tower with Radar,11,28,3,0,42,0,0,0,0,0,11,28,3,0,42,0,0,0,42
09/04/2011,GRB,WI,AGL,CE,Combined TRACON& Tower with Radar,7,27,14,0,48,0,0,8,0,8,7,27,22,0,56,40,0,40,96
09/05/2011,GRB,WI,AGL,CE,Combined TRACON& Tower with Radar,14,37,14,0,65,0,1,32,0,33,14,38,46,0,98,50,0,50,148
09/06/2011,GRB,WI,AGL,CE,Combined TRACON& Tower with Radar,13,55,26,7,101,0,0,35,0,35,13,55,61,7,136,76,4,80,216
09/07/2011,GRB,WI,AGL,CE,Combined TRACON& Tower with Radar,8,58,42,3,111,0,1,50,0,51,8,59,92,3,162,106,0,106,268
09/08/2011,GRB,WI,AGL,CE,Combined TRACON& Tower with Radar,9,92,152,1,254,0,1,63,1,65,9,93,215,2,319,66,0,66,385
09/09/2011,GRB,WI,AGL,CE,Combined TRACON& Tower with Radar,8,67,64,0,139,0,0,65,0,65,8,67,129,0,204,144,0,144,348
09/10/2011,GRB,WI,AGL,CE,Combined TRACON& Tower with Radar,7,39,30,0,76,0,0,49,0,49,7,39,79,0,125,94,0,94,219
09/11/2011,GRB,WI,AGL,CE,Combined TRACON& Tower with Radar,7,41,16,2,66,0,0,35,0,35,7,41,51,2,101,28,14,42,143
09/12/2011,GRB,WI,AGL,CE,Combined TRACON& Tower with Radar,6,51,27,10,94,0,0,27,3,30,6,51,54,13,124,64,16,80,204
09/13/2011,GRB,WI,AGL,CE,Combined TRACON& Tower with Radar,5,51,38,6,100,0,0,26,0,26,5,51,64,6,126,44,16,60,186
09/14/2011,GRB,WI,AGL,CE,Combined TRACON& Tower with Radar,5,51,38,0,94,0,1,28,0,29,5,52,66,0,123,38,0,38,161
09/15/2011,GRB,WI,AGL,CE,Combined TRACON& Tower with Radar,4,58,41,10,113,0,0,50,0,50,4,58,91,10,163,34,18,52,215
09/16/2011,GRB,WI,AGL,CE,Combined TRACON& Tower with Radar,6,54,41,4,105,0,0,34,0,34,6,54,75,4,139,96,0,96,235
09/17/2011,GRB,WI,AGL,CE,Combined TRACON& Tower with Radar,9,38,19,0,66,0,0,40,0,40,9,38,59,0,106,28,0,28,134
09/18/2011,GRB,WI,AGL,CE,Combined TRACON& Tower with Radar,5,39,12,0,56,0,0,14,0,14,5,39,26,0,70,62,0,62,132
09/19/2011,GRB,WI,AGL,CE,Combined TRACON& Tower with Radar,5,57,27,0,89,0,0,25,0,25,5,57,52,0,114,126,0,126,240
09/20/2011,GRB,WI,AGL,CE,Combined TRACON& Tower with Radar,5,49,20,13,87,0,0,19,0,19,5,49,39,13,106,50,12,62,168
09/21/2011,GRB,WI,AGL,CE,Combined TRACON& Tower with Radar,7,58,37,7,109,0,0,17,0,17,7,58,54,7,126,38,12,50,176
09/22/2011,GRB,WI,AGL,CE,Combined TRACON& Tower with Radar,8,54,35,13,110,0,0,28,0,28,8,54,63,13,138,116,42,158,296
09/23/2011,GRB,WI,AGL,CE,Combined TRACON& Tower with Radar,6,55,51,0,112,0,1,16,0,17,6,56,67,0,129,48,0,48,177
09/24/2011,GRB,WI,AGL,CE,Combined TRACON& Tower with Radar,5,39,19,0,63,0,0,8,0,8,5,39,27,0,71,72,0,72,143
09/25/2011,GRB,WI,AGL,CE,Combined TRACON& Tower with Radar,7,47,32,0,86,0,0,0,0,0,7,47,32,0,86,0,0,0,86
09/26/2011,GRB,WI,AGL,CE,Combined TRACON& Tower with Radar,6,50,23,0,79,0,0,0,0,0,6,50,23,0,79,48,0,48,127
09/27/2011,GRB,WI,AGL,CE,Combined TRACON& Tower with Radar,5,52,44,6,107,0,0,12,0,12,5,52,56,6,119,52,20,72,191
09/28/2011,GRB,WI,AGL,CE,Combined TRACON& Tower with Radar,5,54,45,2,106,0,0,26,1,27,5,54,71,3,133,76,4,80,213
09/29/2011,GRB,WI,AGL,CE,Combined TRACON& Tower with Radar,6,55,29,0,90,0,0,1,0,1,6,55,30,0,91,28,0,28,119
09/30/2011,GRB,WI,AGL,CE,Combined TRACON& Tower with Radar,6,55,31,0,92,0,0,12,0,12,6,55,43,0,104,60,0,60,164
10/01/2011,GRB,WI,AGL,CE,Combined TRACON& Tower with Radar,1,40,25,0,66,0,1,67,0,68,1,41,92,0,134,40,0,40,174
10/02/2011,GRB,WI,AGL,CE,Combined TRACON& Tower with Radar,8,65,103,0,176,0,0,58,2,60,8,65,161,2,236,30,0,30,266
10/03/2011,GRB,WI,AGL,CE,Combined TRACON& Tower with Radar,11,50,20,2,83,0,0,32,0,32,11,50,52,2,115,159,4,163,278
10/04/2011,GRB,WI,AGL,CE,Combined TRACON& Tower with Radar,4,52,37,18,111,0,0,50,1,51,4,52,87,19,162,52,34,86,248
10/05/2011,GRB,WI,AGL,CE,Combined TRACON& Tower with Radar,6,52,35,0,93,0,0,44,0,44,6,52,79,0,137,105,0,105,242
10/06/2011,GRB,WI,AGL,CE,Combined TRACON& Tower with Radar,4,52,55,11,122,0,0,77,1,78,4,52,132,12,200,56,18,74,274
10/07/2011,GRB,WI,AGL,CE,Combined TRACON& Tower with Radar,5,52,42,0,99,0,1,58,0,59,5,53,100,0,158,69,0,69,227
10/08/2011,GRB,WI,AGL,CE,Combined TRACON& Tower with Radar,7,40,26,0,73,0,0,46,0,46,7,40,72,0,119,66,0,66,185
10/09/2011,GRB,WI,AGL,CE,Combined TRACON& Tower with Radar,5,40,22,0,67,0,0,62,0,62,5,40,84,0,129,68,0,68,197
10/10/2011,GRB,WI,AGL,CE,Combined TRACON& Tower with Radar,5,50,21,0,76,0,0,37,0,37,5,50,58,0,113,64,0,64,177
10/11/2011,GRB,WI,AGL,CE,Combined TRACON& Tower with Radar,6,49,36,11,102,0,0,25,3,28,6,49,61,14,130,68,10,78,208
10/12/2011,GRB,WI,AGL,CE,Combined TRACON& Tower with Radar,5,61,37,13,116,0,0,15,0,15,5,61,52,13,131,62,20,82,213
10/13/2011,GRB,WI,AGL,CE,Combined TRACON& Tower with Radar,5,58,34,0,97,0,0,0,0,0,5,58,34,0,97,10,0,10,107
10/14/2011,GRB,WI,AGL,CE,Combined TRACON& Tower with Radar,6,53,25,6,90,0,0,1,0,1,6,53,26,6,91,2,6,8,99
10/15/2011,GRB,WI,AGL,CE,Combined TRACON& Tower with Radar,7,40,16,0,63,0,0,9,0,9,7,40,25,0,72,52,0,52,124
10/16/2011,GRB,WI,AGL,CE,Combined TRACON& Tower with Radar,9,63,99,0,171,0,0,40,0,40,9,63,139,0,211,18,0,18,229
10/17/2011,GRB,WI,AGL,CE,Combined TRACON& Tower with Radar,11,49,19,0,79,0,1,10,0,11,11,50,29,0,90,50,0,50,140
10/18/2011,GRB,WI,AGL,CE,Combined TRACON& Tower with Radar,4,51,32,20,107,0,0,34,0,34,4,51,66,20,141,96,40,136,277
10/19/2011,GRB,WI,AGL,CE,Combined TRACON& Tower with Radar,5,51,30,10,96,0,0,6,0,6,5,51,36,10,102,18,32,50,152
10/20/2011,GRB,WI,AGL,CE,Combined TRACON& Tower with Radar,5,55,9,0,69,0,0,2,0,2,5,55,11,0,71,14,0,14,85
10/21/2011,GRB,WI,AGL,CE,Combined TRACON& Tower with Radar,3,55,33,1,92,0,1,44,0,45,3,56,77,1,137,116,0,116,253
10/22/2011,GRB,WI,AGL,CE,Combined TRACON& Tower with Radar,5,37,18,3,63,0,0,75,0,75,5,37,93,3,138,64,0,64,202
10/23/2011,GRB,WI,AGL,CE,Combined TRACON& Tower with Radar,9,40,20,0,69,0,0,10,0,10,9,40,30,0,79,0,0,0,79
10/24/2011,GRB,WI,AGL,CE,Combined TRACON& Tower with Radar,7,47,32,3,89,0,1,34,1,36,7,48,66,4,125,74,12,86,211
10/25/2011,GRB,WI,AGL,CE,Combined TRACON& Tower with Radar,4,56,35,0,95,0,0,0,0,0,4,56,35,0,95,0,0,0,95
10/26/2011,GRB,WI,AGL,CE,Combined TRACON& Tower with Radar,5,55,49,15,124,0,0,42,0,42,5,55,91,15,166,168,30,198,364
10/27/2011,GRB,WI,AGL,CE,Combined TRACON& Tower with Radar,5,59,34,8,106,0,0,35,2,37,5,59,69,10,143,56,22,78,221
10/28/2011,GRB,WI,AGL,CE,Combined TRACON& Tower with Radar,5,53,28,0,86,0,1,33,2,36,5,54,61,2,122,126,0,126,248
10/29/2011,GRB,WI,AGL,CE,Combined TRACON& Tower with Radar,3,38,26,0,67,0,0,41,0,41,3,38,67,0,108,38,0,38,146
10/30/2011,GRB,WI,AGL,CE,Combined TRACON& Tower with Radar,7,37,29,0,73,0,0,11,0,11,7,37,40,0,84,10,0,10,94
10/31/2011,GRB,WI,AGL,CE,Combined TRACON& Tower with Radar,7,45,15,2,69,0,0,7,0,7,7,45,22,2,76,50,0,50,126
11/01/2011,GRB,WI,AGL,CE,Combined TRACON& Tower with Radar,6,42,21,11,80,0,1,42,0,43,6,43,63,11,123,78,22,100,223
11/02/2011,GRB,WI,AGL,CE,Combined TRACON& Tower with Radar,5,54,23,8,90,0,0,0,0,0,5,54,23,8,90,0,4,4,94
11/03/2011,GRB,WI,AGL,CE,Combined TRACON& Tower with Radar,7,48,30,1,86,0,0,38,3,41,7,48,68,4,127,172,0,172,299
11/04/2011,GRB,WI,AGL,CE,Combined TRACON& Tower with Radar,2,56,28,19,105,0,0,51,0,51,2,56,79,19,156,108,0,108,264
11/05/2011,GRB,WI,AGL,CE,Combined TRACON& Tower with Radar,3,40,11,4,58,0,0,32,0,32,3,40,43,4,90,34,0,34,124
11/06/2011,GRB,WI,AGL,CE,Combined TRACON& Tower with Radar,4,42,13,0,59,0,0,9,0,9,4,42,22,0,68,58,0,58,126
11/07/2011,GRB,WI,AGL,CE,Combined TRACON& Tower with Radar,6,45,29,0,80,0,0,18,0,18,6,45,47,0,98,2,0,2,100
11/08/2011,GRB,WI,AGL,CE,Combined TRACON& Tower with Radar,8,51,29,0,88,0,0,0,0,0,8,51,29,0,88,12,0,12,100
11/09/2011,GRB,WI,AGL,CE,Combined TRACON& Tower with Radar,6,58,17,0,81,0,0,0,0,0,6,58,17,0,81,0,0,0,81
11/10/2011,GRB,WI,AGL,CE,Combined TRACON& Tower with Radar,6,52,17,0,75,0,1,7,0,8,6,53,24,0,83,90,0,90,173
11/11/2011,GRB,WI,AGL,CE,Combined TRACON& Tower with Radar,8,45,44,0,97,0,0,38,0,38,8,45,82,0,135,26,0,26,161
11/12/2011,GRB,WI,AGL,CE,Combined TRACON& Tower with Radar,6,31,46,0,83,0,0,67,0,67,6,31,113,0,150,136,0,136,286
11/13/2011,GRB,WI,AGL,CE,Combined TRACON& Tower with Radar,4,40,25,0,69,0,0,8,0,8,4,40,33,0,77,18,0,18,95
11/14/2011,GRB,WI,AGL,CE,Combined TRACON& Tower with Radar,10,85,149,2,246,0,0,30,0,30,10,85,179,2,276,22,0,22,298
11/15/2011,GRB,WI,AGL,CE,Combined TRACON& Tower with Radar,12,44,69,28,153,0,0,28,0,28,12,44,97,28,181,12,42,54,235
11/16/2011,GRB,WI,AGL,CE,Combined TRACON& Tower with Radar,8,46,34,5,93,0,0,31,2,33,8,46,65,7,126,106,16,122,248
11/17/2011,GRB,WI,AGL,CE,Combined TRACON& Tower with Radar,6,45,39,10,100,0,1,25,0,26,6,46,64,10,126,18,10,28,154
11/18/2011,GRB,WI,AGL,CE,Combined TRACON& Tower with Radar,6,52,22,4,84,0,1,15,0,16,6,53,37,4,100,48,20,68,168
11/19/2011,GRB,WI,AGL,CE,Combined TRACON& Tower with Radar,1,35,23,0,59,0,0,12,0,12,1,35,35,0,71,4,0,4,75
11/20/2011,GRB,WI,AGL,CE,Combined TRACON& Tower with Radar,11,57,86,0,154,0,0,38,4,42,11,57,124,4,196,58,0,58,254
11/21/2011,GRB,WI,AGL,CE,Combined TRACON& Tower with Radar,10,34,32,1,77,0,0,28,1,29,10,34,60,2,106,42,0,42,148
11/22/2011,GRB,WI,AGL,CE,Combined TRACON& Tower with Radar,5,55,30,16,106,0,0,28,0,28,5,55,58,16,134,81,6,87,221
11/23/2011,GRB,WI,AGL,CE,Combined TRACON& Tower with Radar,6,57,25,2,90,0,0,9,0,9,6,57,34,2,99,120,4,124,223
11/24/2011,GRB,WI,AGL,CE,Combined TRACON& Tower with Radar,3,28,12,0,43,0,0,1,0,1,3,28,13,0,44,16,0,16,60
11/25/2011,GRB,WI,AGL,CE,Combined TRACON& Tower with Radar,3,33,25,0,61,0,0,46,0,46,3,33,71,0,107,159,0,159,266
11/26/2011,GRB,WI,AGL,CE,Combined TRACON& Tower with Radar,2,44,4,0,50,0,0,0,0,0,2,44,4,0,50,0,0,0,50
11/27/2011,GRB,WI,AGL,CE,Combined TRACON& Tower with Radar,2,45,19,0,66,0,0,5,0,5,2,45,24,0,71,92,0,92,163
11/28/2011,GRB,WI,AGL,CE,Combined TRACON& Tower with Radar,6,45,20,4,75,0,0,23,0,23,6,45,43,4,98,72,8,80,178
11/29/2011,GRB,WI,AGL,CE,Combined TRACON& Tower with Radar,4,41,13,16,74,0,0,7,2,9,4,41,20,18,83,18,28,46,129
11/30/2011,GRB,WI,AGL,CE,Combined TRACON& Tower with Radar,6,52,42,8,108,0,0,50,0,50,6,52,92,8,158,84,36,120,278
12/01/2011,GRB,WI,AGL,CE,Combined TRACON& Tower with Radar,2,59,26,0,87,0,0,0,0,0,2,59,26,0,87,0,0,0,87
12/02/2011,GRB,WI,AGL,CE,Combined TRACON& Tower with Radar,2,51,33,0,86,0,1,45,0,46,2,52,78,0,132,20,0,20,152
12/03/2011,GRB,WI,AGL,CE,Combined TRACON& Tower with Radar,6,38,12,0,56,0,0,0,0,0,6,38,12,0,56,18,0,18,74
12/04/2011,GRB,WI,AGL,CE,Combined TRACON& Tower with Radar,4,42,5,0,51,0,0,0,0,0,4,42,5,0,51,48,0,48,99
12/05/2011,GRB,WI,AGL,CE,Combined TRACON& Tower with Radar,2,47,17,0,66,0,0,3,0,3,2,47,20,0,69,104,0,104,173
12/06/2011,GRB,WI,AGL,CE,Combined TRACON& Tower with Radar,2,45,34,12,93,0,0,47,0,47,2,45,81,12,140,102,4,106,246
12/07/2011,GRB,WI,AGL,CE,Combined TRACON& Tower with Radar,2,48,51,6,107,0,0,22,2,24,2,48,73,8,131,58,12,70,201
12/08/2011,GRB,WI,AGL,CE,Combined TRACON& Tower with Radar,2,53,38,6,99,0,1,7,0,8,2,54,45,6,107,42,26,68,175
12/09/2011,GRB,WI,AGL,CE,Combined TRACON& Tower with Radar,3,50,26,4,83,0,1,27,0,28,3,51,53,4,111,72,2,74,185
12/10/2011,GRB,WI,AGL,CE,Combined TRACON& Tower with Radar,2,38,19,0,59,0,0,28,0,28,2,38,47,0,87,66,0,66,153
12/11/2011,GRB,WI,AGL,CE,Combined TRACON& Tower with Radar,7,53,73,0,133,0,0,41,4,45,7,53,114,4,178,70,30,100,278
12/12/2011,GRB,WI,AGL,CE,Combined TRACON& Tower with Radar,9,41,22,3,75,0,0,3,0,3,9,41,25,3,78,36,0,36,114
12/13/2011,GRB,WI,AGL,CE,Combined TRACON& Tower with Radar,2,57,42,12,113,0,0,8,0,8,2,57,50,12,121,4,0,4,125
12/14/2011,GRB,WI,AGL,CE,Combined TRACON& Tower with Radar,2,48,14,0,64,0,0,0,0,0,2,48,14,0,64,0,0,0,64
12/15/2011,GRB,WI,AGL,CE,Combined TRACON& Tower with Radar,4,52,29,14,99,0,0,3,0,3,4,52,32,14,102,42,20,62,164
12/16/2011,GRB,WI,AGL,CE,Combined TRACON& Tower with Radar,2,50,43,0,95,0,0,46,0,46,2,50,89,0,141,74,0,74,215
12/17/2011,GRB,WI,AGL,CE,Combined TRACON& Tower with Radar,2,36,14,0,52,0,0,13,0,13,2,36,27,0,65,78,0,78,143
12/18/2011,GRB,WI,AGL,CE,Combined TRACON& Tower with Radar,2,38,12,0,52,0,0,35,0,35,2,38,47,0,87,64,0,64,151
12/19/2011,GRB,WI,AGL,CE,Combined TRACON& Tower with Radar,2,51,17,0,70,0,0,14,0,14,2,51,31,0,84,68,0,68,152
12/20/2011,GRB,WI,AGL,CE,Combined TRACON& Tower with Radar,2,50,42,10,104,0,0,35,2,37,2,50,77,12,141,110,22,132,273
12/21/2011,GRB,WI,AGL,CE,Combined TRACON& Tower with Radar,4,51,34,5,94,0,0,25,3,28,4,51,59,8,122,46,0,46,168
12/22/2011,GRB,WI,AGL,CE,Combined TRACON& Tower with Radar,2,49,8,6,65,0,1,8,0,9,2,50,16,6,74,56,18,74,148
12/23/2011,GRB,WI,AGL,CE,Combined TRACON& Tower with Radar,2,46,21,0,69,0,0,25,4,29,2,46,46,4,98,102,0,102,200
12/24/2011,GRB,WI,AGL,CE,Combined TRACON& Tower with Radar,0,31,6,0,37,0,1,21,0,22,0,32,27,0,59,10,0,10,69
12/25/2011,GRB,WI,AGL,CE,Combined TRACON& Tower with Radar,5,36,21,0,62,0,0,10,0,10,5,36,31,0,72,0,0,0,72
12/26/2011,GRB,WI,AGL,CE,Combined TRACON& Tower with Radar,7,40,25,0,72,0,0,35,0,35,7,40,60,0,107,90,0,90,197
12/27/2011,GRB,WI,AGL,CE,Combined TRACON& Tower with Radar,2,48,16,16,82,0,0,16,0,16,2,48,32,16,98,36,22,58,156
12/28/2011,GRB,WI,AGL,CE,Combined TRACON& Tower with Radar,2,50,22,0,74,0,0,49,0,49,2,50,71,0,123,82,0,82,205
12/29/2011,GRB,WI,AGL,CE,Combined TRACON& Tower with Radar,2,48,14,3,67,0,0,2,0,2,2,48,16,3,69,0,0,0,69
12/30/2011,GRB,WI,AGL,CE,Combined TRACON& Tower with Radar,2,45,8,0,55,0,0,4,0,4,2,45,12,0,59,69,0,69,128
12/31/2011,GRB,WI,AGL,CE,Combined TRACON& Tower with Radar,0,32,17,0,49,0,0,8,0,8,0,32,25,0,57,46,0,46,103
01/01/2012,GRB,WI,AGL,CE,Combined TRACON& Tower with Radar,6,31,37,1,75,0,0,0,1,1,6,31,37,2,76,0,0,0,76
01/02/2012,GRB,WI,AGL,CE,Combined TRACON& Tower with Radar,10,33,15,0,58,0,0,4,0,4,10,33,19,0,62,44,0,44,106
01/03/2012,GRB,WI,AGL,CE,Combined TRACON& Tower with Radar,2,45,9,2,58,0,0,12,0,12,2,45,21,2,70,116,10,126,196
01/04/2012,GRB,WI,AGL,CE,Combined TRACON& Tower with Radar,2,48,28,16,94,0,0,25,0,25,2,48,53,16,119,104,14,118,237
01/05/2012,GRB,WI,AGL,CE,Combined TRACON& Tower with Radar,4,53,16,5,78,0,0,31,1,32,4,53,47,6,110,84,8,92,202
01/06/2012,GRB,WI,AGL,CE,Combined TRACON& Tower with Radar,2,46,22,0,70,0,0,26,0,26,2,46,48,0,96,46,12,58,154
01/07/2012,GRB,WI,AGL,CE,Combined TRACON& Tower with Radar,2,26,16,6,50,0,0,32,0,32,2,26,48,6,82,24,10,34,116
01/08/2012,GRB,WI,AGL,CE,Combined TRACON& Tower with Radar,0,44,19,0,63,0,0,43,0,43,0,44,62,0,106,140,0,140,246
01/09/2012,GRB,WI,AGL,CE,Combined TRACON& Tower with Radar,2,52,19,3,76,0,0,12,1,13,2,52,31,4,89,20,0,20,109
01/10/2012,GRB,WI,AGL,CE,Combined TRACON& Tower with Radar,2,38,28,0,68,0,1,38,0,39,2,39,66,0,107,84,12,96,203
01/11/2012,GRB,WI,AGL,CE,Combined TRACON& Tower with Radar,2,46,31,4,83,0,0,40,0,40,2,46,71,4,123,70,0,70,193
01/12/2012,GRB,WI,AGL,CE,Combined TRACON& Tower with Radar,0,47,13,0,60,0,0,0,0,0,0,47,13,0,60,0,0,0,60
01/13/2012,GRB,WI,AGL,CE,Combined TRACON& Tower with Radar,6,46,38,0,90,0,1,7,0,8,6,47,45,0,98,16,0,16,114
01/14/2012,GRB,WI,AGL,CE,Combined TRACON& Tower with Radar,2,29,28,0,59,0,0,26,0,26,2,29,54,0,85,118,0,118,203
01/15/2012,GRB,WI,AGL,CE,Combined TRACON& Tower with Radar,6,72,131,0,209,0,0,15,1,16,6,72,146,1,225,44,0,44,269
01/16/2012,GRB,WI,AGL,CE,Combined TRACON& Tower with Radar,0,47,29,0,76,0,0,9,0,9,0,47,38,0,85,6,0,6,91
01/17/2012,GRB,WI,AGL,CE,Combined TRACON& Tower with Radar,2,43,23,0,68,0,0,2,0,2,2,43,25,0,70,12,0,12,82
01/18/2012,GRB,WI,AGL,CE,Combined TRACON& Tower with Radar,2,47,38,1,88,0,0,22,6,28,2,47,60,7,116,0,0,0,116
01/19/2012,GRB,WI,AGL,CE,Combined TRACON& Tower with Radar,4,48,20,1,73,0,1,5,1,7,4,49,25,2,80,50,0,50,130
01/20/2012,GRB,WI,AGL,CE,Combined TRACON& Tower with Radar,2,37,22,0,61,0,0,9,0,9,2,37,31,0,70,18,0,18,88
01/21/2012,GRB,WI,AGL,CE,Combined TRACON& Tower with Radar,2,28,35,0,65,0,0,37,0,37,2,28,72,0,102,98,4,102,204
01/22/2012,GRB,WI,AGL,CE,Combined TRACON& Tower with Radar,0,33,5,0,38,0,0,0,0,0,0,33,5,0,38,0,0,0,38
01/23/2012,GRB,WI,AGL,CE,Combined TRACON& Tower with Radar,0,47,23,0,70,0,0,0,0,0,0,47,23,0,70,0,0,0,70
01/24/2012,GRB,WI,AGL,CE,Combined TRACON& Tower with Radar,2,43,24,0,69,0,0,11,0,11,2,43,35,0,80,62,14,76,156
01/25/2012,GRB,WI,AGL,CE,Combined TRACON& Tower with Radar,2,45,41,0,88,0,0,10,0,10,2,45,51,0,98,0,0,0,98
01/26/2012,GRB,WI,AGL,CE,Combined TRACON& Tower with Radar,4,48,25,3,80,0,0,0,0,0,4,48,25,3,80,58,12,70,150
01/27/2012,GRB,WI,AGL,CE,Combined TRACON& Tower with Radar,2,52,22,0,76,0,0,49,2,51,2,52,71,2,127,116,0,116,243
01/28/2012,GRB,WI,AGL,CE,Combined TRACON& Tower with Radar,2,28,20,0,50,0,0,13,0,13,2,28,33,0,63,14,0,14,77
01/29/2012,GRB,WI,AGL,CE,Combined TRACON& Tower with Radar,0,34,15,0,49,0,0,28,0,28,0,34,43,0,77,40,0,40,117
01/30/2012,GRB,WI,AGL,CE,Combined TRACON& Tower with Radar,0,49,22,0,71,0,0,8,0,8,0,49,30,0,79,56,0,56,135
01/31/2012,GRB,WI,AGL,CE,Combined TRACON& Tower with Radar,2,43,22,10,77,0,0,22,0,22,2,43,44,10,99,58,40,98,197
02/01/2012,GRB,WI,AGL,CE,Combined TRACON& Tower with Radar,2,43,39,4,88,0,0,8,0,8,2,43,47,4,96,156,0,156,252
02/02/2012,GRB,WI,AGL,CE,Combined TRACON& Tower with Radar,2,49,19,11,81,0,0,1,0,1,2,49,20,11,82,10,12,22,104
02/03/2012,GRB,WI,AGL,CE,Combined TRACON& Tower with Radar,2,47,14,3,66,0,0,11,0,11,2,47,25,3,77,84,12,96,173
02/04/2012,GRB,WI,AGL,CE,Combined TRACON& Tower with Radar,2,28,21,0,51,0,0,58,2,60,2,28,79,2,111,102,0,102,213
02/05/2012,GRB,WI,AGL,CE,Combined TRACON& Tower with Radar,0,34,17,0,51,0,0,32,0,32,0,34,49,0,83,38,0,38,121
02/06/2012,GRB,WI,AGL,CE,Combined TRACON& Tower with Radar,0,49,21,3,73,0,0,18,1,19,0,49,39,4,92,62,12,74,166
02/07/2012,GRB,WI,AGL,CE,Combined TRACON& Tower with Radar,2,45,21,2,70,0,0,11,0,11,2,45,32,2,81,92,22,114,195
02/08/2012,GRB,WI,AGL,CE,Combined TRACON& Tower with Radar,2,44,25,4,75,0,0,34,0,34,2,44,59,4,109,78,12,90,199
02/09/2012,GRB,WI,AGL,CE,Combined TRACON& Tower with Radar,2,52,49,0,103,0,1,38,0,39,2,53,87,0,142,83,20,103,245
02/10/2012,GRB,WI,AGL,CE,Combined TRACON& Tower with Radar,2,44,18,0,64,0,1,2,0,3,2,45,20,0,67,24,0,24,91
02/11/2012,GRB,WI,AGL,CE,Combined TRACON& Tower with Radar,2,27,7,0,36,0,0,15,0,15,2,27,22,0,51,20,0,20,71
02/12/2012,GRB,WI,AGL,CE,Combined TRACON& Tower with Radar,0,35,14,2,51,0,0,35,0,35,0,35,49,2,86,54,0,54,140
02/13/2012,GRB,WI,AGL,CE,Combined TRACON& Tower with Radar,0,46,28,2,76,0,0,19,0,19,0,46,47,2,95,30,0,30,125
02/14/2012,GRB,WI,AGL,CE,Combined TRACON& Tower with Radar,2,41,23,8,74,0,1,9,0,10,2,42,32,8,84,80,0,80,164
02/15/2012,GRB,WI,AGL,CE,Combined TRACON& Tower with Radar,2,41,32,9,84,0,0,15,0,15,2,41,47,9,99,72,0,72,171
02/16/2012,GRB,WI,AGL,CE,Combined TRACON& Tower with Radar,3,42,23,0,68,0,1,17,2,20,3,43,40,2,88,66,4,70,158
02/17/2012,GRB,WI,AGL,CE,Combined TRACON& Tower with Radar,2,53,20,0,75,0,1,9,0,10,2,54,29,0,85,30,0,30,115
02/18/2012,GRB,WI,AGL,CE,Combined TRACON& Tower with Radar,4,30,18,0,52,0,0,21,0,21,4,30,39,0,73,24,0,24,97
02/19/2012,GRB,WI,AGL,CE,Combined TRACON& Tower with Radar,2,35,18,0,55,0,0,56,0,56,2,35,74,0,111,116,0,116,227
02/20/2012,GRB,WI,AGL,CE,Combined TRACON& Tower with Radar,4,47,51,0,102,0,0,37,0,37,4,47,88,0,139,136,0,136,275
02/21/2012,GRB,WI,AGL,CE,Combined TRACON& Tower with Radar,4,53,19,0,76,0,1,0,0,1,4,54,19,0,77,96,0,96,173
02/22/2012,GRB,WI,AGL,CE,Combined TRACON& Tower with Radar,2,48,36,9,95,0,0,33,1,34,2,48,69,10,129,122,32,154,283
02/23/2012,GRB,WI,AGL,CE,Combined TRACON& Tower with Radar,2,45,30,16,93,0,1,14,0,15,2,46,44,16,108,72,20,92,200
02/24/2012,GRB,WI,AGL,CE,Combined TRACON& Tower with Radar,4,46,30,16,96,0,0,6,0,6,4,46,36,16,102,0,22,22,124
02/25/2012,GRB,WI,AGL,CE,Combined TRACON& Tower with Radar,1,32,30,0,63,0,0,32,0,32,1,32,62,0,95,54,0,54,149
02/26/2012,GRB,WI,AGL,CE,Combined TRACON& Tower with Radar,1,36,9,0,46,0,0,2,0,2,1,36,11,0,48,18,0,18,66
02/27/2012,GRB,WI,AGL,CE,Combined TRACON& Tower with Radar,2,51,21,0,74,0,0,21,0,21,2,51,42,0,95,82,0,82,177
02/28/2012,GRB,WI,AGL,CE,Combined TRACON& Tower with Radar,2,47,27,0,76,0,0,21,0,21,2,47,48,0,97,152,0,152,249
02/29/2012,GRB,WI,AGL,CE,Combined TRACON& Tower with Radar,2,46,11,0,59,0,0,0,0,0,2,46,11,0,59,12,0,12,71
03/01/2012,GRB,WI,AGL,CE,Combined TRACON& Tower with Radar,3,52,21,0,76,0,1,2,0,3,3,53,23,0,79,40,0,40,119
03/02/2012,GRB,WI,AGL,CE,Combined TRACON& Tower with Radar,6,43,20,0,69,0,0,3,0,3,6,43,23,0,72,38,0,38,110
03/03/2012,GRB,WI,AGL,CE,Combined TRACON& Tower with Radar,4,29,10,2,45,0,0,0,0,0,4,29,10,2,45,0,0,0,45
03/04/2012,GRB,WI,AGL,CE,Combined TRACON& Tower with Radar,9,30,23,0,62,0,0,19,0,19,9,30,42,0,81,48,0,48,129
03/05/2012,GRB,WI,AGL,CE,Combined TRACON& Tower with Radar,10,40,23,0,73,0,1,20,1,22,10,41,43,1,95,124,0,124,219
03/06/2012,GRB,WI,AGL,CE,Combined TRACON& Tower with Radar,7,37,28,1,73,0,1,31,2,34,7,38,59,3,107,128,0,128,235
03/07/2012,GRB,WI,AGL,CE,Combined TRACON& Tower with Radar,6,37,26,1,70,0,0,1,0,1,6,37,27,1,71,26,0,26,97
03/08/2012,GRB,WI,AGL,CE,Combined TRACON& Tower with Radar,10,50,20,0,80,0,0,16,0,16,10,50,36,0,96,80,0,80,176
03/09/2012,GRB,WI,AGL,CE,Combined TRACON& Tower with Radar,7,48,30,0,85,0,0,39,2,41,7,48,69,2,126,118,0,118,244
03/10/2012,GRB,WI,AGL,CE,Combined TRACON& Tower with Radar,4,31,14,0,49,0,0,6,0,6,4,31,20,0,55,0,0,0,55
03/11/2012,GRB,WI,AGL,CE,Combined TRACON& Tower with Radar,9,30,15,0,54,0,0,38,0,38,9,30,53,0,92,84,0,84,176
03/12/2012,GRB,WI,AGL,CE,Combined TRACON& Tower with Radar,10,43,28,0,81,0,0,4,0,4,10,43,32,0,85,94,0,94,179
03/13/2012,GRB,WI,AGL,CE,Combined TRACON& Tower with Radar,10,39,29,3,81,0,1,49,2,52,10,40,78,5,133,104,8,112,245
03/14/2012,GRB,WI,AGL,CE,Combined TRACON& Tower with Radar,9,41,27,8,85,0,1,29,0,30,9,42,56,8,115,81,32,113,228
03/15/2012,GRB,WI,AGL,CE,Combined TRACON& Tower with Radar,10,47,29,4,90,0,0,27,2,29,10,47,56,6,119,92,0,92,211
03/16/2012,GRB,WI,AGL,CE,Combined TRACON& Tower with Radar,7,52,34,0,93,0,1,49,0,50,7,53,83,0,143,98,0,98,241
03/17/2012,GRB,WI,AGL,CE,Combined TRACON& Tower with Radar,6,33,12,0,51,0,0,22,0,22,6,33,34,0,73,58,0,58,131
03/18/2012,GRB,WI,AGL,CE,Combined TRACON& Tower with Radar,10,37,8,0,55,0,0,49,0,49,10,37,57,0,104,102,0,102,206
03/19/2012,GRB,WI,AGL,CE,Combined TRACON& Tower with Radar,10,41,23,0,74,0,0,15,0,15,10,41,38,0,89,102,0,102,191
03/20/2012,GRB,WI,AGL,CE,Combined TRACON& Tower with Radar,9,40,16,7,72,0,1,33,0,34,9,41,49,7,106,102,36,138,244
03/21/2012,GRB,WI,AGL,CE,Combined TRACON& Tower with Radar,13,43,27,4,87,0,0,46,2,48,13,43,73,6,135,112,0,112,247
03/22/2012,GRB,WI,AGL,CE,Combined TRACON& Tower with Radar,10,42,19,1,72,0,0,20,1,21,10,42,39,2,93,82,0,82,175
03/23/2012,GRB,WI,AGL,CE,Combined TRACON& Tower with Radar,7,53,22,0,82,0,0,0,0,0,7,53,22,0,82,0,0,0,82
03/24/2012,GRB,WI,AGL,CE,Combined TRACON& Tower with Radar,7,35,21,0,63,0,0,2,0,2,7,35,23,0,65,60,0,60,125
03/25/2012,GRB,WI,AGL,CE,Combined TRACON& Tower with Radar,12,38,34,1,85,0,0,30,0,30,12,38,64,1,115,96,0,96,211
03/26/2012,GRB,WI,AGL,CE,Combined TRACON& Tower with Radar,10,44,13,0,67,0,0,29,0,29,10,44,42,0,96,80,0,80,176
03/27/2012,GRB,WI,AGL,CE,Combined TRACON& Tower with Radar,10,44,17,0,71,0,0,3,0,3,10,44,20,0,74,46,0,46,120
03/28/2012,GRB,WI,AGL,CE,Combined TRACON& Tower with Radar,10,45,27,0,82,0,0,12,2,14,10,45,39,2,96,124,0,124,220
03/29/2012,GRB,WI,AGL,CE,Combined TRACON& Tower with Radar,10,43,16,0,69,0,2,40,0,42,10,45,56,0,111,116,0,116,227
03/30/2012,GRB,WI,AGL,CE,Combined TRACON& Tower with Radar,7,49,33,0,89,0,0,0,0,0,7,49,33,0,89,34,0,34,123
03/31/2012,GRB,WI,AGL,CE,Combined TRACON& Tower with Radar,8,30,23,0,61,0,0,5,0,5,8,30,28,0,66,0,0,0,66
04/01/2012,GRB,WI,AGL,CE,Combined TRACON& Tower with Radar,9,26,18,0,53,0,0,18,0,18,9,26,36,0,71,34,0,34,105
04/02/2012,GRB,WI,AGL,CE,Combined TRACON& Tower with Radar,10,38,22,3,73,0,1,43,1,45,10,39,65,4,118,42,10,52,170
04/03/2012,GRB,WI,AGL,CE,Combined TRACON& Tower with Radar,8,45,32,2,87,0,1,15,0,16,8,46,47,2,103,132,12,144,247
04/04/2012,GRB,WI,AGL,CE,Combined TRACON& Tower with Radar,6,45,30,9,90,0,1,59,4,64,6,46,89,13,154,208,14,222,376
04/05/2012,GRB,WI,AGL,CE,Combined TRACON& Tower with Radar,10,38,48,3,99,0,1,44,0,45,10,39,92,3,144,62,12,74,218
04/06/2012,GRB,WI,AGL,CE,Combined TRACON& Tower with Radar,7,45,19,0,71,0,0,70,0,70,7,45,89,0,141,118,0,118,259
04/07/2012,GRB,WI,AGL,CE,Combined TRACON& Tower with Radar,3,28,20,0,51,0,0,40,0,40,3,28,60,0,91,170,0,170,261
04/08/2012,GRB,WI,AGL,CE,Combined TRACON& Tower with Radar,8,28,17,0,53,0,0,12,0,12,8,28,29,0,65,170,0,170,235
04/09/2012,GRB,WI,AGL,CE,Combined TRACON& Tower with Radar,10,41,18,0,69,0,0,17,0,17,10,41,35,0,86,184,0,184,270
04/10/2012,GRB,WI,AGL,CE,Combined TRACON& Tower with Radar,9,41,24,0,74,0,1,12,2,15,9,42,36,2,89,132,0,132,221
04/11/2012,GRB,WI,AGL,CE,Combined TRACON& Tower with Radar,13,41,29,1,84,0,1,81,2,84,13,42,110,3,168,60,0,60,228
04/12/2012,GRB,WI,AGL,CE,Combined TRACON& Tower with Radar,10,44,26,2,82,0,0,67,0,67,10,44,93,2,149,128,14,142,291
04/13/2012,GRB,WI,AGL,CE,Combined TRACON& Tower with Radar,10,41,24,10,85,0,0,25,2,27,10,41,49,12,112,116,16,132,244
04/14/2012,GRB,WI,AGL,CE,Combined TRACON& Tower with Radar,7,26,44,26,103,0,0,35,0,35,7,26,79,26,138,156,44,200,338
04/15/2012,GRB,WI,AGL,CE,Combined TRACON& Tower with Radar,11,25,20,0,56,0,0,0,0,0,11,25,20,0,56,38,0,38,94
04/16/2012,GRB,WI,AGL,CE,Combined TRACON& Tower with Radar,11,31,21,2,65,0,1,1,0,2,11,32,22,2,67,38,0,38,105
04/17/2012,GRB,WI,AGL,CE,Combined TRACON& Tower with Radar,11,37,42,0,90,0,1,42,0,43,11,38,84,0,133,258,0,258,391
04/18/2012,GRB,WI,AGL,CE,Combined TRACON& Tower with Radar,11,36,43,0,90,0,0,8,2,10,11,36,51,2,100,32,2,34,134
04/19/2012,GRB,WI,AGL,CE,Combined TRACON& Tower with Radar,12,39,22,2,75,0,0,14,1,15,12,39,36,3,90,90,24,114,204
04/20/2012,GRB,WI,AGL,CE,Combined TRACON& Tower with Radar,10,41,43,0,94,0,1,22,0,23,10,42,65,0,117,74,0,74,191
04/21/2012,GRB,WI,AGL,CE,Combined TRACON& Tower with Radar,7,26,41,0,74,0,0,66,0,66,7,26,107,0,140,114,0,114,254
04/22/2012,GRB,WI,AGL,CE,Combined TRACON& Tower with Radar,9,26,33,0,68,0,0,51,0,51,9,26,84,0,119,70,0,70,189
04/23/2012,GRB,WI,AGL,CE,Combined TRACON& Tower with Radar,12,40,30,2,84,0,0,23,0,23,12,40,53,2,107,88,0,88,195
04/24/2012,GRB,WI,AGL,CE,Combined TRACON& Tower with Radar,9,37,46,8,100,0,0,37,2,39,9,37,83,10,139,128,14,142,281
04/25/2012,GRB,WI,AGL,CE,Combined TRACON& Tower with Radar,11,40,32,0,83,0,1,9,0,10,11,41,41,0,93,78,0,78,171
04/26/2012,GRB,WI,AGL,CE,Combined TRACON& Tower with Radar,12,41,34,0,87,0,1,17,2,20,12,42,51,2,107,178,10,188,295
04/27/2012,GRB,WI,AGL,CE,Combined TRACON& Tower with Radar,10,41,31,12,94,0,3,51,2,56,10,44,82,14,150,216,68,284,434
04/28/2012,GRB,WI,AGL,CE,Combined TRACON& Tower with Radar,7,35,23,0,65,0,3,23,0,26,7,38,46,0,91,121,0,121,212
04/29/2012,GRB,WI,AGL,CE,Combined TRACON& Tower with Radar,10,29,36,0,75,0,4,48,0,52,10,33,84,0,127,230,0,230,357
04/30/2012,GRB,WI,AGL,CE,Combined TRACON& Tower with Radar,14,41,43,0,98,0,0,1,0,1,14,41,44,0,99,124,0,124,223
05/01/2012,GRB,WI,AGL,CE,Combined TRACON& Tower with Radar,8,40,30,6,84,0,1,39,0,40,8,41,69,6,124,172,8,180,304
05/02/2012,GRB,WI,AGL,CE,Combined TRACON& Tower with Radar,7,42,30,1,80,0,0,17,0,17,7,42,47,1,97,46,22,68,165
05/03/2012,GRB,WI,AGL,CE,Combined TRACON& Tower with Radar,9,43,14,0,66,0,0,7,0,7,9,43,21,0,73,34,0,34,107
05/04/2012,GRB,WI,AGL,CE,Combined TRACON& Tower with Radar,13,40,35,5,93,0,0,43,0,43,13,40,78,5,136,118,0,118,254
05/05/2012,GRB,WI,AGL,CE,Combined TRACON& Tower with Radar,5,31,16,0,52,0,0,22,0,22,5,31,38,0,74,66,0,66,140
05/06/2012,GRB,WI,AGL,CE,Combined TRACON& Tower with Radar,7,26,10,0,43,0,0,0,0,0,7,26,10,0,43,0,0,0,43
05/07/2012,GRB,WI,AGL,CE,Combined TRACON& Tower with Radar,9,36,40,0,85,0,0,13,0,13,9,36,53,0,98,36,0,36,134
05/08/2012,GRB,WI,AGL,CE,Combined TRACON& Tower with Radar,10,38,21,10,79,0,0,31,0,31,10,38,52,10,110,52,22,74,184
05/09/2012,GRB,WI,AGL,CE,Combined TRACON& Tower with Radar,8,50,31,0,89,0,1,33,0,34,8,51,64,0,123,104,4,108,231
05/10/2012,GRB,WI,AGL,CE,Combined TRACON& Tower with Radar,10,45,30,0,85,17,0,52,0,69,27,45,82,0,154,160,0,160,314
05/11/2012,GRB,WI,AGL,CE,Combined TRACON& Tower with Radar,12,45,35,0,92,0,0,30,0,30,12,45,65,0,122,154,4,158,280
05/12/2012,GRB,WI,AGL,CE,Combined TRACON& Tower with Radar,4,27,32,0,63,0,1,32,0,33,4,28,64,0,96,86,0,86,182
05/13/2012,GRB,WI,AGL,CE,Combined TRACON& Tower with Radar,8,33,20,0,61,0,0,50,0,50,8,33,70,0,111,18,0,18,129
05/14/2012,GRB,WI,AGL,CE,Combined TRACON& Tower with Radar,12,41,12,1,66,0,1,30,1,32,12,42,42,2,98,22,0,22,120
05/15/2012,GRB,WI,AGL,CE,Combined TRACON& Tower with Radar,11,38,31,10,90,0,1,26,0,27,11,39,57,10,117,82,52,134,251
05/16/2012,GRB,WI,AGL,CE,Combined TRACON& Tower with Radar,11,36,39,10,96,0,0,55,1,56,11,36,94,11,152,168,22,190,342
05/17/2012,GRB,WI,AGL,CE,Combined TRACON& Tower with Radar,10,41,32,25,108,0,0,28,1,29,10,41,60,26,137,110,42,152,289
05/18/2012,GRB,WI,AGL,CE,Combined TRACON& Tower with Radar,10,46,36,1,93,0,0,39,0,39,10,46,75,1,132,52,0,52,184
05/19/2012,GRB,WI,AGL,CE,Combined TRACON& Tower with Radar,5,31,12,1,49,0,0,36,0,36,5,31,48,1,85,14,0,14,99
05/20/2012,GRB,WI,AGL,CE,Combined TRACON& Tower with Radar,9,34,8,0,51,0,0,14,0,14,9,34,22,0,65,0,0,0,65
05/21/2012,GRB,WI,AGL,CE,Combined TRACON& Tower with Radar,10,39,28,0,77,0,1,41,0,42,10,40,69,0,119,0,0,0,119
05/22/2012,GRB,WI,AGL,CE,Combined TRACON& Tower with Radar,10,35,37,6,88,0,1,69,2,72,10,36,106,8,160,112,14,126,286
05/23/2012,GRB,WI,AGL,CE,Combined TRACON& Tower with Radar,13,40,48,6,107,0,0,48,0,48,13,40,96,6,155,102,22,124,279
05/24/2012,GRB,WI,AGL,CE,Combined TRACON& Tower with Radar,10,44,20,0,74,0,0,15,0,15,10,44,35,0,89,46,0,46,135
05/25/2012,GRB,WI,AGL,CE,Combined TRACON& Tower with Radar,10,43,53,2,108,0,1,51,0,52,10,44,104,2,160,84,0,84,244
05/26/2012,GRB,WI,AGL,CE,Combined TRACON& Tower with Radar,5,24,9,0,38,0,0,22,0,22,5,24,31,0,60,32,0,32,92
05/27/2012,GRB,WI,AGL,CE,Combined TRACON& Tower with Radar,6,18,13,0,37,0,0,23,0,23,6,18,36,0,60,44,0,44,104
05/28/2012,GRB,WI,AGL,CE,Combined TRACON& Tower with Radar,7,32,19,0,58,0,0,13,0,13,7,32,32,0,71,32,0,32,103
05/29/2012,GRB,WI,AGL,CE,Combined TRACON& Tower with Radar,10,40,26,2,78,0,1,26,0,27,10,41,52,2,105,114,0,114,219
05/30/2012,GRB,WI,AGL,CE,Combined TRACON& Tower with Radar,10,41,45,11,107,0,0,30,2,32,10,41,75,13,139,142,26,168,307
05/31/2012,GRB,WI,AGL,CE,Combined TRACON& Tower with Radar,12,41,27,7,87,0,0,46,0,46,12,41,73,7,133,114,12,126,259
06/01/2012,GRB,WI,AGL,CE,Combined TRACON& Tower with Radar,10,44,32,2,88,0,1,28,5,34,10,45,60,7,122,30,6,36,158
06/02/2012,GRB,WI,AGL,CE,Combined TRACON& Tower with Radar,5,32,22,3,62,0,0,26,3,29,5,32,48,6,91,34,4,38,129
06/03/2012,GRB,WI,AGL,CE,Combined TRACON& Tower with Radar,11,29,22,3,65,0,0,32,3,35,11,29,54,6,100,12,0,12,112
06/04/2012,GRB,WI,AGL,CE,Combined TRACON& Tower with Radar,10,38,32,7,87,0,0,28,4,32,10,38,60,11,119,42,24,66,185
06/05/2012,GRB,WI,AGL,CE,Combined TRACON& Tower with Radar,10,40,32,8,90,0,0,38,1,39,10,40,70,9,129,30,30,60,189
06/06/2012,GRB,WI,AGL,CE,Combined TRACON& Tower with Radar,10,44,34,0,88,0,0,50,2,52,10,44,84,2,140,112,0,112,252
06/07/2012,GRB,WI,AGL,CE,Combined TRACON& Tower with Radar,9,50,35,2,96,0,0,62,0,62,9,50,97,2,158,50,10,60,218
06/08/2012,GRB,WI,AGL,CE,Combined TRACON& Tower with Radar,16,34,33,0,83,0,0,24,0,24,16,34,57,0,107,28,0,28,135
06/09/2012,GRB,WI,AGL,CE,Combined TRACON& Tower with Radar,8,31,10,0,49,0,0,21,0,21,8,31,31,0,70,70,0,70,140
06/10/2012,GRB,WI,AGL,CE,Combined TRACON& Tower with Radar,19,29,5,0,53,0,2,16,0,18,19,31,21,0,71,70,0,70,141
06/11/2012,GRB,WI,AGL,CE,Combined TRACON& Tower with Radar,14,37,18,1,70,0,1,15,0,16,14,38,33,1,86,156,14,170,256
06/12/2012,GRB,WI,AGL,CE,Combined TRACON& Tower with Radar,15,41,27,2,85,0,0,31,0,31,15,41,58,2,116,26,8,34,150
06/13/2012,GRB,WI,AGL,CE,Combined TRACON& Tower with Radar,14,46,32,5,97,0,0,36,5,41,14,46,68,10,138,64,0,64,202
06/14/2012,GRB,WI,AGL,CE,Combined TRACON& Tower with Radar,16,39,36,4,95,0,0,61,2,63,16,39,97,6,158,80,4,84,242
06/15/2012,GRB,WI,AGL,CE,Combined TRACON& Tower with Radar,15,46,45,0,106,0,0,39,0,39,15,46,84,0,145,84,0,84,229
06/16/2012,GRB,WI,AGL,CE,Combined TRACON& Tower with Radar,7,31,8,1,47,0,0,22,0,22,7,31,30,1,69,6,0,6,75
06/17/2012,GRB,WI,AGL,CE,Combined TRACON& Tower with Radar,13,34,18,0,65,0,0,38,0,38,13,34,56,0,103,4,0,4,107
06/18/2012,GRB,WI,AGL,CE,Combined TRACON& Tower with Radar,16,40,40,2,98,0,0,11,0,11,16,40,51,2,109,0,0,0,109
06/19/2012,GRB,WI,AGL,CE,Combined TRACON& Tower with Radar,16,47,33,15,111,0,0,31,0,31,16,47,64,15,142,0,0,0,142
06/20/2012,GRB,WI,AGL,CE,Combined TRACON& Tower with Radar,12,47,13,4,76,0,0,21,0,21,12,47,34,4,97,2,44,46,143
06/21/2012,GRB,WI,AGL,CE,Combined TRACON& Tower with Radar,18,34,33,14,99,0,0,40,3,43,18,34,73,17,142,62,24,86,228
06/22/2012,GRB,WI,AGL,CE,Combined TRACON& Tower with Radar,13,40,33,14,100,0,0,23,0,23,13,40,56,14,123,40,26,66,189
06/23/2012,GRB,WI,AGL,CE,Combined TRACON& Tower with Radar,9,32,23,0,64,0,0,26,0,26,9,32,49,0,90,74,0,74,164
06/24/2012,GRB,WI,AGL,CE,Combined TRACON& Tower with Radar,16,31,11,0,58,0,0,16,0,16,16,31,27,0,74,88,0,88,162
06/25/2012,GRB,WI,AGL,CE,Combined TRACON& Tower with Radar,14,39,44,5,102,0,0,38,1,39,14,39,82,6,141,130,4,134,275
06/26/2012,GRB,WI,AGL,CE,Combined TRACON& Tower with Radar,14,40,34,2,90,0,1,54,1,56,14,41,88,3,146,130,20,150,296
06/27/2012,GRB,WI,AGL,CE,Combined TRACON& Tower with Radar,16,36,49,7,108,0,0,49,3,52,16,36,98,10,160,122,12,134,294
06/28/2012,GRB,WI,AGL,CE,Combined TRACON& Tower with Radar,14,41,37,4,96,0,0,44,0,44,14,41,81,4,140,60,10,70,210
06/29/2012,GRB,WI,AGL,CE,Combined TRACON& Tower with Radar,16,33,26,0,75,0,1,30,0,31,16,34,56,0,106,64,0,64,170
06/30/2012,GRB,WI,AGL,CE,Combined TRACON& Tower with Radar,8,29,25,0,62,0,0,35,0,35,8,29,60,0,97,6,0,6,103
07/01/2012,GRB,WI,AGL,CE,Combined TRACON& Tower with Radar,10,35,18,0,63,0,0,46,0,46,10,35,64,0,109,112,0,112,221
07/02/2012,GRB,WI,AGL,CE,Combined TRACON& Tower with Radar,15,35,28,0,78,0,0,28,4,32,15,35,56,4,110,24,2,26,136
07/03/2012,GRB,WI,AGL,CE,Combined TRACON& Tower with Radar,13,27,11,0,51,0,1,32,0,33,13,28,43,0,84,60,0,60,144
07/04/2012,GRB,WI,AGL,CE,Combined TRACON& Tower with Radar,5,23,9,0,37,0,0,25,0,25,5,23,34,0,62,18,0,18,80
07/05/2012,GRB,WI,AGL,CE,Combined TRACON& Tower with Radar,14,38,25,0,77,0,0,33,0,33,14,38,58,0,110,108,0,108,218
07/06/2012,GRB,WI,AGL,CE,Combined TRACON& Tower with Radar,13,36,23,0,72,0,0,27,0,27,13,36,50,0,99,44,0,44,143
07/07/2012,GRB,WI,AGL,CE,Combined TRACON& Tower with Radar,10,27,36,0,73,0,0,17,0,17,10,27,53,0,90,80,0,80,170
07/08/2012,GRB,WI,AGL,CE,Combined TRACON& Tower with Radar,16,31,22,0,69,0,0,36,0,36,16,31,58,0,105,14,0,14,119
07/09/2012,GRB,WI,AGL,CE,Combined TRACON& Tower with Radar,12,41,29,2,84,0,1,26,0,27,12,42,55,2,111,98,8,106,217
07/10/2012,GRB,WI,AGL,CE,Combined TRACON& Tower with Radar,14,42,40,6,102,0,0,47,3,50,14,42,87,9,152,66,14,80,232
07/11/2012,GRB,WI,AGL,CE,Combined TRACON& Tower with Radar,16,40,39,2,97,0,0,62,1,63,16,40,101,3,160,122,0,122,282
07/12/2012,GRB,WI,AGL,CE,Combined TRACON& Tower with Radar,14,39,25,1,79,0,0,36,3,39,14,39,61,4,118,88,0,88,206
07/13/2012,GRB,WI,AGL,CE,Combined TRACON& Tower with Radar,16,30,42,2,90,0,0,40,0,40,16,30,82,2,130,90,0,90,220
07/14/2012,GRB,WI,AGL,CE,Combined TRACON& Tower with Radar,7,27,11,1,46,0,0,17,1,18,7,27,28,2,64,73,8,81,145
07/15/2012,GRB,WI,AGL,CE,Combined TRACON& Tower with Radar,11,29,21,0,61,0,0,30,0,30,11,29,51,0,91,76,0,76,167
07/16/2012,GRB,WI,AGL,CE,Combined TRACON& Tower with Radar,16,34,33,5,88,0,1,39,1,41,16,35,72,6,129,56,8,64,193
07/17/2012,GRB,WI,AGL,CE,Combined TRACON& Tower with Radar,16,41,44,10,111,0,0,25,0,25,16,41,69,10,136,14,24,38,174
07/18/2012,GRB,WI,AGL,CE,Combined TRACON& Tower with Radar,12,54,45,0,111,0,1,21,0,22,12,55,66,0,133,82,0,82,215
07/19/2012,GRB,WI,AGL,CE,Combined TRACON& Tower with Radar,16,42,53,2,113,0,0,4,0,4,16,42,57,2,117,84,0,84,201
07/20/2012,GRB,WI,AGL,CE,Combined TRACON& Tower with Radar,18,40,50,0,108,0,0,67,0,67,18,40,117,0,175,146,0,146,321
07/21/2012,GRB,WI,AGL,CE,Combined TRACON& Tower with Radar,7,27,29,1,64,0,0,47,3,50,7,27,76,4,114,80,8,88,202
07/22/2012,GRB,WI,AGL,CE,Combined TRACON& Tower with Radar,11,38,65,0,114,0,0,57,0,57,11,38,122,0,171,74,0,74,245
07/23/2012,GRB,WI,AGL,CE,Combined TRACON& Tower with Radar,20,46,63,0,129,0,0,41,0,41,20,46,104,0,170,18,0,18,188
07/24/2012,GRB,WI,AGL,CE,Combined TRACON& Tower with Radar,16,37,73,0,126,0,0,48,0,48,16,37,121,0,174,86,0,86,260
07/25/2012,GRB,WI,AGL,CE,Combined TRACON& Tower with Radar,16,41,70,0,127,0,1,39,0,40,16,42,109,0,167,42,0,42,209
07/26/2012,GRB,WI,AGL,CE,Combined TRACON& Tower with Radar,18,41,98,0,157,0,0,41,0,41,18,41,139,0,198,46,0,46,244
07/27/2012,GRB,WI,AGL,CE,Combined TRACON& Tower with Radar,13,36,69,0,118,0,1,23,0,24,13,37,92,0,142,81,0,81,223
07/28/2012,GRB,WI,AGL,CE,Combined TRACON& Tower with Radar,6,31,31,0,68,0,0,35,0,35,6,31,66,0,103,72,0,72,175
07/29/2012,GRB,WI,AGL,CE,Combined TRACON& Tower with Radar,11,32,70,0,113,0,0,52,0,52,11,32,122,0,165,18,0,18,183
07/30/2012,GRB,WI,AGL,CE,Combined TRACON& Tower with Radar,16,39,43,1,99,0,3,37,1,41,16,42,80,2,140,78,0,78,218
07/31/2012,GRB,WI,AGL,CE,Combined TRACON& Tower with Radar,15,46,33,3,97,0,2,51,4,57,15,48,84,7,154,54,0,54,208
08/01/2012,GRB,WI,AGL,CE,Combined TRACON& Tower with Radar,14,48,30,8,100,0,0,35,0,35,14,48,65,8,135,52,18,70,205
08/02/2012,GRB,WI,AGL,CE,Combined TRACON& Tower with Radar,16,41,38,0,95,0,2,38,0,40,16,43,76,0,135,70,0,70,205
08/03/2012,GRB,WI,AGL,CE,Combined TRACON& Tower with Radar,15,47,51,24,137,0,0,42,2,44,15,47,93,26,181,50,20,70,251
08/04/2012,GRB,WI,AGL,CE,Combined TRACON& Tower with Radar,8,28,13,0,49,0,0,11,0,11,8,28,24,0,60,46,0,46,106
08/05/2012,GRB,WI,AGL,CE,Combined TRACON& Tower with Radar,13,35,17,0,65,0,0,50,0,50,13,35,67,0,115,66,0,66,181
08/06/2012,GRB,WI,AGL,CE,Combined TRACON& Tower with Radar,16,28,34,8,86,0,1,69,4,74,16,29,103,12,160,92,8,100,260
08/07/2012,GRB,WI,AGL,CE,Combined TRACON& Tower with Radar,14,37,52,12,115,0,0,47,2,49,14,37,99,14,164,30,10,40,204
08/08/2012,GRB,WI,AGL,CE,Combined TRACON& Tower with Radar,18,37,48,2,105,0,0,34,0,34,18,37,82,2,139,84,4,88,227
08/09/2012,GRB,WI,AGL,CE,Combined TRACON& Tower with Radar,13,39,37,0,89,0,0,0,0,0,13,39,37,0,89,100,0,100,189
08/10/2012,GRB,WI,AGL,CE,Combined TRACON& Tower with Radar,13,38,31,0,82,0,0,33,0,33,13,38,64,0,115,60,0,60,175
08/11/2012,GRB,WI,AGL,CE,Combined TRACON& Tower with Radar,7,31,21,0,59,0,0,61,0,61,7,31,82,0,120,118,0,118,238
08/12/2012,GRB,WI,AGL,CE,Combined TRACON& Tower with Radar,13,30,21,0,64,0,0,22,0,22,13,30,43,0,86,62,0,62,148
08/13/2012,GRB,WI,AGL,CE,Combined TRACON& Tower with Radar,15,34,32,4,85,0,1,57,0,58,15,35,89,4,143,76,0,76,219
08/14/2012,GRB,WI,AGL,CE,Combined TRACON& Tower with Radar,11,39,27,5,82,0,0,39,2,41,11,39,66,7,123,92,0,92,215
08/15/2012,GRB,WI,AGL,CE,Combined TRACON& Tower with Radar,16,29,34,3,82,0,0,30,3,33,16,29,64,6,115,100,12,112,227
08/16/2012,GRB,WI,AGL,CE,Combined TRACON& Tower with Radar,14,45,52,5,116,0,0,11,2,13,14,45,63,7,129,66,6,72,201
08/17/2012,GRB,WI,AGL,CE,Combined TRACON& Tower with Radar,14,35,39,0,88,0,1,52,2,55,14,36,91,2,143,66,0,66,209
08/18/2012,GRB,WI,AGL,CE,Combined TRACON& Tower with Radar,8,26,32,1,67,0,0,45,0,45,8,26,77,1,112,122,0,122,234
08/19/2012,GRB,WI,AGL,CE,Combined TRACON& Tower with Radar,10,26,19,0,55,0,0,26,0,26,10,26,45,0,81,48,0,48,129
08/20/2012,GRB,WI,AGL,CE,Combined TRACON& Tower with Radar,14,39,34,0,87,0,1,42,0,43,14,40,76,0,130,38,0,38,168
08/21/2012,GRB,WI,AGL,CE,Combined TRACON& Tower with Radar,8,36,46,0,90,0,0,38,0,38,8,36,84,0,128,22,0,22,150
08/22/2012,GRB,WI,AGL,CE,Combined TRACON& Tower with Radar,18,35,34,15,102,0,1,68,2,71,18,36,102,17,173,62,28,90,263
08/23/2012,GRB,WI,AGL,CE,Combined TRACON& Tower with Radar,12,39,22,0,73,0,1,39,0,40,12,40,61,0,113,76,0,76,189
08/24/2012,GRB,WI,AGL,CE,Combined TRACON& Tower with Radar,16,41,21,1,79,0,1,27,0,28,16,42,48,1,107,94,4,98,205
08/25/2012,GRB,WI,AGL,CE,Combined TRACON& Tower with Radar,8,26,18,0,52,0,0,37,0,37,8,26,55,0,89,80,0,80,169
08/26/2012,GRB,WI,AGL,CE,Combined TRACON& Tower with Radar,7,33,25,1,66,0,0,3,0,3,7,33,28,1,69,14,0,14,83
08/27/2012,GRB,WI,AGL,CE,Combined TRACON& Tower with Radar,13,33,39,0,85,0,1,34,0,35,13,34,73,0,120,18,0,18,138
08/28/2012,GRB,WI,AGL,CE,Combined TRACON& Tower with Radar,7,43,34,2,86,0,1,47,1,49,7,44,81,3,135,66,0,66,201
08/29/2012,GRB,WI,AGL,CE,Combined TRACON& Tower with Radar,19,32,44,16,111,0,2,31,0,33,19,34,75,16,144,32,16,48,192
08/30/2012,GRB,WI,AGL,CE,Combined TRACON& Tower with Radar,17,37,60,1,115,0,1,41,4,46,17,38,101,5,161,38,10,48,209
08/31/2012,GRB,WI,AGL,CE,Combined TRACON& Tower with Radar,16,40,40,1,97,0,1,50,0,51,16,41,90,1,148,100,0,100,248
09/01/2012,GRB,WI,AGL,CE,Combined TRACON& Tower with Radar,7,21,9,2,39,0,0,14,0,14,7,21,23,2,53,76,0,76,129
09/02/2012,GRB,WI,AGL,CE,Combined TRACON& Tower with Radar,8,18,14,5,45,0,0,14,0,14,8,18,28,5,59,0,0,0,59
09/03/2012,GRB,WI,AGL,CE,Combined TRACON& Tower with Radar,11,30,16,0,57,0,0,21,0,21,11,30,37,0,78,26,0,26,104
09/04/2012,GRB,WI,AGL,CE,Combined TRACON& Tower with Radar,5,47,26,2,80,0,0,2,4,6,5,47,28,6,86,0,8,8,94
09/05/2012,GRB,WI,AGL,CE,Combined TRACON& Tower with Radar,11,34,25,0,70,0,0,19,0,19,11,34,44,0,89,116,0,116,205
09/06/2012,GRB,WI,AGL,CE,Combined TRACON& Tower with Radar,11,40,28,14,93,0,0,47,0,47,11,40,75,14,140,108,36,144,284
09/07/2012,GRB,WI,AGL,CE,Combined TRACON& Tower with Radar,11,38,36,0,85,0,0,4,0,4,11,38,40,0,89,20,0,20,109
09/08/2012,GRB,WI,AGL,CE,Combined TRACON& Tower with Radar,10,30,33,7,80,0,1,48,2,51,10,31,81,9,131,74,22,96,227
09/09/2012,GRB,WI,AGL,CE,Combined TRACON& Tower with Radar,15,59,111,4,189,0,0,53,0,53,15,59,164,4,242,30,2,32,274
09/10/2012,GRB,WI,AGL,CE,Combined TRACON& Tower with Radar,13,44,38,1,96,0,0,52,0,52,13,44,90,1,148,40,0,40,188
09/11/2012,GRB,WI,AGL,CE,Combined TRACON& Tower with Radar,12,38,37,15,102,0,2,35,1,38,12,40,72,16,140,62,10,72,212
09/12/2012,GRB,WI,AGL,CE,Combined TRACON& Tower with Radar,10,41,41,0,92,0,0,37,0,37,10,41,78,0,129,62,0,62,191
09/13/2012,GRB,WI,AGL,CE,Combined TRACON& Tower with Radar,13,82,151,0,246,0,0,23,3,26,13,82,174,3,272,36,0,36,308
09/14/2012,GRB,WI,AGL,CE,Combined TRACON& Tower with Radar,15,42,50,1,108,0,0,53,0,53,15,42,103,1,161,96,0,96,257
09/15/2012,GRB,WI,AGL,CE,Combined TRACON& Tower with Radar,8,22,21,0,51,0,0,44,0,44,8,22,65,0,95,66,0,66,161
09/16/2012,GRB,WI,AGL,CE,Combined TRACON& Tower with Radar,14,27,21,0,62,0,0,27,0,27,14,27,48,0,89,10,0,10,99
09/17/2012,GRB,WI,AGL,CE,Combined TRACON& Tower with Radar,15,37,28,0,80,0,0,14,0,14,15,37,42,0,94,4,0,4,98
09/18/2012,GRB,WI,AGL,CE,Combined TRACON& Tower with Radar,10,34,23,0,67,0,1,26,0,27,10,35,49,0,94,82,0,82,176
09/19/2012,GRB,WI,AGL,CE,Combined TRACON& Tower with Radar,11,46,43,2,102,0,0,13,0,13,11,46,56,2,115,48,0,48,163
09/20/2012,GRB,WI,AGL,CE,Combined TRACON& Tower with Radar,13,46,32,0,91,0,1,28,0,29,13,47,60,0,120,142,0,142,262
09/21/2012,GRB,WI,AGL,CE,Combined TRACON& Tower with Radar,12,46,20,0,78,0,0,15,0,15,12,46,35,0,93,133,0,133,226
09/22/2012,GRB,WI,AGL,CE,Combined TRACON& Tower with Radar,8,25,16,0,49,0,0,11,0,11,8,25,27,0,60,28,0,28,88
09/23/2012,GRB,WI,AGL,CE,Combined TRACON& Tower with Radar,14,34,16,0,64,0,0,41,0,41,14,34,57,0,105,74,0,74,179
09/24/2012,GRB,WI,AGL,CE,Combined TRACON& Tower with Radar,12,38,33,0,83,0,0,16,0,16,12,38,49,0,99,22,0,22,121
09/25/2012,GRB,WI,AGL,CE,Combined TRACON& Tower with Radar,10,35,37,10,92,0,0,34,0,34,10,35,71,10,126,38,12,50,176
09/26/2012,GRB,WI,AGL,CE,Combined TRACON& Tower with Radar,11,42,30,0,83,0,1,49,0,50,11,43,79,0,133,22,0,22,155
09/27/2012,GRB,WI,AGL,CE,Combined TRACON& Tower with Radar,11,45,29,0,85,0,2,38,0,40,11,47,67,0,125,109,0,109,234
09/28/2012,GRB,WI,AGL,CE,Combined TRACON& Tower with Radar,10,43,29,2,84,0,1,51,0,52,10,44,80,2,136,66,0,66,202
09/29/2012,GRB,WI,AGL,CE,Combined TRACON& Tower with Radar,8,25,24,0,57,0,0,61,0,61,8,25,85,0,118,20,0,20,138
09/30/2012,GRB,WI,AGL,CE,Combined TRACON& Tower with Radar,9,61,113,0,183,0,0,22,3,25,9,61,135,3,208,0,0,0,208
10/01/2012,GRB,WI,AGL,CE,Combined TRACON& Tower with Radar,15,37,46,1,99,0,0,38,0,38,15,37,84,1,137,0,0,0,137
10/02/2012,GRB,WI,AGL,CE,Combined TRACON& Tower with Radar,8,39,25,2,74,0,0,24,0,24,8,39,49,2,98,24,12,36,134
10/03/2012,GRB,WI,AGL,CE,Combined TRACON& Tower with Radar,8,39,56,21,124,0,0,28,3,31,8,39,84,24,155,14,32,46,201
10/04/2012,GRB,WI,AGL,CE,Combined TRACON& Tower with Radar,6,48,23,2,79,0,0,25,0,25,6,48,48,2,104,60,0,60,164
10/05/2012,GRB,WI,AGL,CE,Combined TRACON& Tower with Radar,8,47,31,0,86,0,0,13,0,13,8,47,44,0,99,36,0,36,135
10/06/2012,GRB,WI,AGL,CE,Combined TRACON& Tower with Radar,6,30,13,0,49,0,0,13,0,13,6,30,26,0,62,10,0,10,72
10/07/2012,GRB,WI,AGL,CE,Combined TRACON& Tower with Radar,13,39,10,0,62,0,0,47,0,47,13,39,57,0,109,50,0,50,159
10/08/2012,GRB,WI,AGL,CE,Combined TRACON& Tower with Radar,8,39,23,0,70,0,0,15,0,15,8,39,38,0,85,0,0,0,85
10/09/2012,GRB,WI,AGL,CE,Combined TRACON& Tower with Radar,10,41,36,0,87,0,0,8,0,8,10,41,44,0,95,52,0,52,147
10/10/2012,GRB,WI,AGL,CE,Combined TRACON& Tower with Radar,10,41,29,1,81,0,0,29,1,30,10,41,58,2,111,92,0,92,203
10/11/2012,GRB,WI,AGL,CE,Combined TRACON& Tower with Radar,6,53,32,0,91,0,0,24,0,24,6,53,56,0,115,66,0,66,181
10/12/2012,GRB,WI,AGL,CE,Combined TRACON& Tower with Radar,8,45,26,3,82,0,1,48,0,49,8,46,74,3,131,60,6,66,197
10/13/2012,GRB,WI,AGL,CE,Combined TRACON& Tower with Radar,7,47,10,0,64,0,0,0,0,0,7,47,10,0,64,0,0,0,64
10/14/2012,GRB,WI,AGL,CE,Combined TRACON& Tower with Radar,9,31,16,0,56,0,0,0,0,0,9,31,16,0,56,0,0,0,56
10/15/2012,GRB,WI,AGL,CE,Combined TRACON& Tower with Radar,8,41,32,5,86,0,1,28,0,29,8,42,60,5,115,16,0,16,131
10/16/2012,GRB,WI,AGL,CE,Combined TRACON& Tower with Radar,8,33,38,6,85,0,1,21,0,22,8,34,59,6,107,18,12,30,137
10/17/2012,GRB,WI,AGL,CE,Combined TRACON& Tower with Radar,10,40,21,20,91,0,0,9,0,9,10,40,30,20,100,128,38,166,266
10/18/2012,GRB,WI,AGL,CE,Combined TRACON& Tower with Radar,8,47,23,0,78,0,0,3,0,3,8,47,26,0,81,22,0,22,103
10/19/2012,GRB,WI,AGL,CE,Combined TRACON& Tower with Radar,8,42,42,0,92,0,0,5,0,5,8,42,47,0,97,54,0,54,151
10/20/2012,GRB,WI,AGL,CE,Combined TRACON& Tower with Radar,6,26,23,2,57,0,0,24,0,24,6,26,47,2,81,50,0,50,131
10/21/2012,GRB,WI,AGL,CE,Combined TRACON& Tower with Radar,14,39,21,0,74,0,0,69,0,69,14,39,90,0,143,60,0,60,203
10/22/2012,GRB,WI,AGL,CE,Combined TRACON& Tower with Radar,7,43,40,0,90,0,0,9,0,9,7,43,49,0,99,52,0,52,151
10/23/2012,GRB,WI,AGL,CE,Combined TRACON& Tower with Radar,6,44,23,0,73,0,0,0,0,0,6,44,23,0,73,0,0,0,73
10/24/2012,GRB,WI,AGL,CE,Combined TRACON& Tower with Radar,11,44,65,15,135,0,0,5,1,6,11,44,70,16,141,60,29,89,230
10/25/2012,GRB,WI,AGL,CE,Combined TRACON& Tower with Radar,11,47,27,0,85,0,0,5,0,5,11,47,32,0,90,40,0,40,130
10/26/2012,GRB,WI,AGL,CE,Combined TRACON& Tower with Radar,10,44,24,2,80,0,1,42,3,46,10,45,66,5,126,58,0,58,184
10/27/2012,GRB,WI,AGL,CE,Combined TRACON& Tower with Radar,6,28,27,0,61,0,0,32,1,33,6,28,59,1,94,20,0,20,114
10/28/2012,GRB,WI,AGL,CE,Combined TRACON& Tower with Radar,12,60,94,1,167,0,0,38,2,40,12,60,132,3,207,20,0,20,227
10/29/2012,GRB,WI,AGL,CE,Combined TRACON& Tower with Radar,10,40,39,2,91,0,0,39,2,41,10,40,78,4,132,36,0,36,168
10/30/2012,GRB,WI,AGL,CE,Combined TRACON& Tower with Radar,8,35,25,2,70,0,1,3,0,4,8,36,28,2,74,0,0,0,74
10/31/2012,GRB,WI,AGL,CE,Combined TRACON& Tower with Radar,8,40,19,3,70,0,0,14,1,15,8,40,33,4,85,4,0,4,89
11/01/2012,GRB,WI,AGL,CE,Combined TRACON& Tower with Radar,6,46,30,4,86,0,0,22,6,28,6,46,52,10,114,70,0,70,184
11/02/2012,GRB,WI,AGL,CE,Combined TRACON& Tower with Radar,8,56,52,0,116,0,1,43,0,44,8,57,95,0,160,130,0,130,290
11/03/2012,GRB,WI,AGL,CE,Combined TRACON& Tower with Radar,7,33,35,0,75,0,0,27,0,27,7,33,62,0,102,62,0,62,164
11/04/2012,GRB,WI,AGL,CE,Combined TRACON& Tower with Radar,16,57,104,1,178,0,0,28,2,30,16,57,132,3,208,18,0,18,226
11/05/2012,GRB,WI,AGL,CE,Combined TRACON& Tower with Radar,13,33,40,4,90,0,0,9,0,9,13,33,49,4,99,86,0,86,185
11/06/2012,GRB,WI,AGL,CE,Combined TRACON& Tower with Radar,13,33,35,0,81,0,0,5,0,5,13,33,40,0,86,24,0,24,110
11/07/2012,GRB,WI,AGL,CE,Combined TRACON& Tower with Radar,13,36,49,6,104,0,0,0,0,0,13,36,49,6,104,18,16,34,138
11/08/2012,GRB,WI,AGL,CE,Combined TRACON& Tower with Radar,10,44,39,0,93,0,0,44,0,44,10,44,83,0,137,60,0,60,197
11/09/2012,GRB,WI,AGL,CE,Combined TRACON& Tower with Radar,14,40,41,0,95,0,0,27,0,27,14,40,68,0,122,84,0,84,206
11/10/2012,GRB,WI,AGL,CE,Combined TRACON& Tower with Radar,9,24,17,0,50,0,0,4,0,4,9,24,21,0,54,0,0,0,54
11/11/2012,GRB,WI,AGL,CE,Combined TRACON& Tower with Radar,13,34,14,0,61,0,0,1,0,1,13,34,15,0,62,12,0,12,74
11/12/2012,GRB,WI,AGL,CE,Combined TRACON& Tower with Radar,12,37,40,0,89,0,0,6,0,6,12,37,46,0,95,0,0,0,95
11/13/2012,GRB,WI,AGL,CE,Combined TRACON& Tower with Radar,11,35,33,4,83,0,1,30,0,31,11,36,63,4,114,104,12,116,230
11/14/2012,GRB,WI,AGL,CE,Combined TRACON& Tower with Radar,13,34,47,9,103,0,1,23,1,25,13,35,70,10,128,34,18,52,180
11/15/2012,GRB,WI,AGL,CE,Combined TRACON& Tower with Radar,12,37,24,2,75,0,1,22,0,23,12,38,46,2,98,172,0,172,270
11/16/2012,GRB,WI,AGL,CE,Combined TRACON& Tower with Radar,12,41,37,9,99,0,0,30,0,30,12,41,67,9,129,90,14,104,233
11/17/2012,GRB,WI,AGL,CE,Combined TRACON& Tower with Radar,10,26,8,2,46,0,0,16,0,16,10,26,24,2,62,74,2,76,138
11/18/2012,GRB,WI,AGL,CE,Combined TRACON& Tower with Radar,16,32,23,0,71,0,0,22,0,22,16,32,45,0,93,32,0,32,125
11/19/2012,GRB,WI,AGL,CE,Combined TRACON& Tower with Radar,12,32,18,1,63,0,0,23,1,24,12,32,41,2,87,58,0,58,145
11/20/2012,GRB,WI,AGL,CE,Combined TRACON& Tower with Radar,10,31,24,2,67,0,0,19,0,19,10,31,43,2,86,32,0,32,118
11/21/2012,GRB,WI,AGL,CE,Combined TRACON& Tower with Radar,14,37,37,0,88,0,0,10,0,10,14,37,47,0,98,6,0,6,104
11/22/2012,GRB,WI,AGL,CE,Combined TRACON& Tower with Radar,6,15,6,0,27,0,0,7,0,7,6,15,13,0,34,0,0,0,34
11/23/2012,GRB,WI,AGL,CE,Combined TRACON& Tower with Radar,6,26,6,0,38,0,0,1,0,1,6,26,7,0,39,20,0,20,59
11/24/2012,GRB,WI,AGL,CE,Combined TRACON& Tower with Radar,12,32,17,0,61,0,0,31,0,31,12,32,48,0,92,66,0,66,158
11/25/2012,GRB,WI,AGL,CE,Combined TRACON& Tower with Radar,17,28,22,0,67,0,0,16,0,16,17,28,38,0,83,4,0,4,87
11/26/2012,GRB,WI,AGL,CE,Combined TRACON& Tower with Radar,14,31,20,0,65,0,1,17,0,18,14,32,37,0,83,60,0,60,143
11/27/2012,GRB,WI,AGL,CE,Combined TRACON& Tower with Radar,9,36,24,13,82,0,1,24,0,25,9,37,48,13,107,0,24,24,131
11/28/2012,GRB,WI,AGL,CE,Combined TRACON& Tower with Radar,13,35,27,12,87,0,1,26,2,29,13,36,53,14,116,54,22,76,192
11/29/2012,GRB,WI,AGL,CE,Combined TRACON& Tower with Radar,12,39,41,10,102,0,0,38,0,38,12,39,79,10,140,46,24,70,210
11/30/2012,GRB,WI,AGL,CE,Combined TRACON& Tower with Radar,12,37,35,2,86,0,0,0,0,0,12,37,35,2,86,0,0,0,86
12/01/2012,GRB,WI,AGL,CE,Combined TRACON& Tower with Radar,12,29,34,1,76,0,0,0,0,0,12,29,34,1,76,0,0,0,76
12/02/2012,GRB,WI,AGL,CE,Combined TRACON& Tower with Radar,15,63,128,0,206,0,0,2,2,4,15,63,130,2,210,0,0,0,210
12/03/2012,GRB,WI,AGL,CE,Combined TRACON& Tower with Radar,13,42,51,3,109,0,0,1,0,1,13,42,52,3,110,0,0,0,110
12/04/2012,GRB,WI,AGL,CE,Combined TRACON& Tower with Radar,11,32,40,5,88,0,0,15,1,16,11,32,55,6,104,0,0,0,104
12/05/2012,GRB,WI,AGL,CE,Combined TRACON& Tower with Radar,13,33,46,6,98,0,1,43,2,46,13,34,89,8,144,78,0,78,222
12/06/2012,GRB,WI,AGL,CE,Combined TRACON& Tower with Radar,12,40,28,0,80,0,1,9,0,10,12,41,37,0,90,92,2,94,184
12/07/2012,GRB,WI,AGL,CE,Combined TRACON& Tower with Radar,12,36,40,1,89,0,1,35,1,37,12,37,75,2,126,76,0,76,202
12/08/2012,GRB,WI,AGL,CE,Combined TRACON& Tower with Radar,8,29,44,0,81,0,0,49,0,49,8,29,93,0,130,68,0,68,198
12/09/2012,GRB,WI,AGL,CE,Combined TRACON& Tower with Radar,10,36,53,0,99,0,0,0,0,0,10,36,53,0,99,0,0,0,99
12/10/2012,GRB,WI,AGL,CE,Combined TRACON& Tower with Radar,15,35,37,0,87,0,1,9,0,10,15,36,46,0,97,0,0,0,97
12/11/2012,GRB,WI,AGL,CE,Combined TRACON& Tower with Radar,11,32,31,8,82,0,1,12,0,13,11,33,43,8,95,50,26,76,171
12/12/2012,GRB,WI,AGL,CE,Combined TRACON& Tower with Radar,13,38,25,1,77,0,0,26,0,26,13,38,51,1,103,68,0,68,171
12/13/2012,GRB,WI,AGL,CE,Combined TRACON& Tower with Radar,12,36,31,9,88,0,0,33,1,34,12,36,64,10,122,92,20,112,234
12/14/2012,GRB,WI,AGL,CE,Combined TRACON& Tower with Radar,14,36,38,4,92,0,0,23,0,23,14,36,61,4,115,80,0,80,195
12/15/2012,GRB,WI,AGL,CE,Combined TRACON& Tower with Radar,6,32,6,0,44,0,0,0,0,0,6,32,6,0,44,0,0,0,44
12/16/2012,GRB,WI,AGL,CE,Combined TRACON& Tower with Radar,4,36,10,0,50,0,0,0,0,0,4,36,10,0,50,90,0,90,140
12/17/2012,GRB,WI,AGL,CE,Combined TRACON& Tower with Radar,0,44,15,0,59,0,0,15,0,15,0,44,30,0,74,40,0,40,114
12/18/2012,GRB,WI,AGL,CE,Combined TRACON& Tower with Radar,0,42,30,3,75,13,0,4,0,17,13,42,34,3,92,30,16,46,138
12/19/2012,GRB,WI,AGL,CE,Combined TRACON& Tower with Radar,2,42,33,10,87,0,0,10,0,10,2,42,43,10,97,76,10,86,183
12/20/2012,GRB,WI,AGL,CE,Combined TRACON& Tower with Radar,0,3,1,0,4,0,0,0,0,0,0,3,1,0,4,0,0,0,4
12/21/2012,GRB,WI,AGL,CE,Combined TRACON& Tower with Radar,0,37,37,0,74,0,1,5,0,6,0,38,42,0,80,48,0,48,128
12/22/2012,GRB,WI,AGL,CE,Combined TRACON& Tower with Radar,3,36,20,0,59,0,0,63,0,63,3,36,83,0,122,100,0,100,222
12/23/2012,GRB,WI,AGL,CE,Combined TRACON& Tower with Radar,4,32,53,0,89,0,0,24,3,27,4,32,77,3,116,22,0,22,138
12/24/2012,GRB,WI,AGL,CE,Combined TRACON& Tower with Radar,1,28,17,0,46,0,0,0,0,0,1,28,17,0,46,0,0,0,46
12/25/2012,GRB,WI,AGL,CE,Combined TRACON& Tower with Radar,0,27,4,0,31,0,0,3,0,3,0,27,7,0,34,0,0,0,34
12/26/2012,GRB,WI,AGL,CE,Combined TRACON& Tower with Radar,2,44,23,0,69,0,0,18,0,18,2,44,41,0,87,48,0,48,135
12/27/2012,GRB,WI,AGL,CE,Combined TRACON& Tower with Radar,0,38,16,0,54,0,1,24,0,25,0,39,40,0,79,94,0,94,173
12/28/2012,GRB,WI,AGL,CE,Combined TRACON& Tower with Radar,2,42,19,0,63,0,0,0,0,0,2,42,19,0,63,4,0,4,67
12/29/2012,GRB,WI,AGL,CE,Combined TRACON& Tower with Radar,4,32,11,0,47,0,0,10,0,10,4,32,21,0,57,34,0,34,91
12/30/2012,GRB,WI,AGL,CE,Combined TRACON& Tower with Radar,2,30,8,0,40,0,0,12,0,12,2,30,20,0,52,46,0,46,98
12/31/2012,GRB,WI,AGL,CE,Combined TRACON& Tower with Radar,2,34,7,0,43,0,0,11,0,11,2,34,18,0,54,78,0,78,132
01/01/2013,GRB,WI,AGL,CE,Combined TRACON& Tower with Radar,2,28,12,0,42,0,0,19,0,19,2,28,31,0,61,22,0,22,83
01/02/2013,GRB,WI,AGL,CE,Combined TRACON& Tower with Radar,2,38,15,18,73,0,1,2,0,3,2,39,17,18,76,60,20,80,156
01/03/2013,GRB,WI,AGL,CE,Combined TRACON& Tower with Radar,2,42,18,32,94,0,1,11,0,12,2,43,29,32,106,54,38,92,198
01/04/2013,GRB,WI,AGL,CE,Combined TRACON& Tower with Radar,2,50,22,0,74,0,0,23,2,25,2,50,45,2,99,42,0,42,141
01/05/2013,GRB,WI,AGL,CE,Combined TRACON& Tower with Radar,4,50,112,0,166,0,3,37,2,42,4,53,149,2,208,52,0,52,260
01/06/2013,GRB,WI,AGL,CE,Combined TRACON& Tower with Radar,2,33,51,0,86,0,0,25,1,26,2,33,76,1,112,40,0,40,152
01/07/2013,GRB,WI,AGL,CE,Combined TRACON& Tower with Radar,2,42,13,1,58,0,1,11,1,13,2,43,24,2,71,60,0,60,131
01/08/2013,GRB,WI,AGL,CE,Combined TRACON& Tower with Radar,2,40,35,13,90,0,1,29,3,33,2,41,64,16,123,76,28,104,227
01/09/2013,GRB,WI,AGL,CE,Combined TRACON& Tower with Radar,4,46,24,2,76,0,1,13,0,14,4,47,37,2,90,44,0,44,134
01/10/2013,GRB,WI,AGL,CE,Combined TRACON& Tower with Radar,4,44,20,2,70,0,0,33,0,33,4,44,53,2,103,78,0,78,181
01/11/2013,GRB,WI,AGL,CE,Combined TRACON& Tower with Radar,4,38,13,0,55,0,0,0,0,0,4,38,13,0,55,0,0,0,55
01/12/2013,GRB,WI,AGL,CE,Combined TRACON& Tower with Radar,2,24,7,0,33,0,0,8,0,8,2,24,15,0,41,58,0,58,99
01/13/2013,GRB,WI,AGL,CE,Combined TRACON& Tower with Radar,1,31,8,0,40,0,0,20,0,20,1,31,28,0,60,54,0,54,114
01/14/2013,GRB,WI,AGL,CE,Combined TRACON& Tower with Radar,3,43,26,0,72,0,0,15,0,15,3,43,41,0,87,66,0,66,153
01/15/2013,GRB,WI,AGL,CE,Combined TRACON& Tower with Radar,2,30,34,10,76,17,2,36,0,55,19,32,70,10,131,120,16,136,267
01/16/2013,GRB,WI,AGL,CE,Combined TRACON& Tower with Radar,4,40,20,0,64,0,0,3,0,3,4,40,23,0,67,78,0,78,145
01/17/2013,GRB,WI,AGL,CE,Combined TRACON& Tower with Radar,2,43,32,9,86,0,0,16,1,17,2,43,48,10,103,28,24,52,155
01/18/2013,GRB,WI,AGL,CE,Combined TRACON& Tower with Radar,2,44,22,0,68,0,1,8,0,9,2,45,30,0,77,0,0,0,77
01/19/2013,GRB,WI,AGL,CE,Combined TRACON& Tower with Radar,2,26,13,0,41,0,0,11,0,11,2,26,24,0,52,28,0,28,80
01/20/2013,GRB,WI,AGL,CE,Combined TRACON& Tower with Radar,2,27,9,0,38,0,0,8,0,8,2,27,17,0,46,28,0,28,74
01/21/2013,GRB,WI,AGL,CE,Combined TRACON& Tower with Radar,4,36,26,0,66,0,0,1,0,1,4,36,27,0,67,22,0,22,89
01/22/2013,GRB,WI,AGL,CE,Combined TRACON& Tower with Radar,2,43,21,9,75,0,0,3,1,4,2,43,24,10,79,16,10,26,105
01/23/2013,GRB,WI,AGL,CE,Combined TRACON& Tower with Radar,4,40,25,0,69,0,0,8,0,8,4,40,33,0,77,42,8,50,127
01/24/2013,GRB,WI,AGL,CE,Combined TRACON& Tower with Radar,2,47,15,7,71,0,0,17,1,18,2,47,32,8,89,30,12,42,131
01/25/2013,GRB,WI,AGL,CE,Combined TRACON& Tower with Radar,4,44,23,0,71,0,0,0,0,0,4,44,23,0,71,0,0,0,71
01/26/2013,GRB,WI,AGL,CE,Combined TRACON& Tower with Radar,2,25,17,0,44,0,0,61,0,61,2,25,78,0,105,70,0,70,175
01/27/2013,GRB,WI,AGL,CE,Combined TRACON& Tower with Radar,4,20,14,0,38,0,0,10,0,10,4,20,24,0,48,52,0,52,100
01/28/2013,GRB,WI,AGL,CE,Combined TRACON& Tower with Radar,2,47,27,0,76,0,0,2,0,2,2,47,29,0,78,52,0,52,130
01/29/2013,GRB,WI,AGL,CE,Combined TRACON& Tower with Radar,2,20,14,0,36,0,0,0,0,0,2,20,14,0,36,0,0,0,36
01/30/2013,GRB,WI,AGL,CE,Combined TRACON& Tower with Radar,2,28,5,0,35,0,0,0,0,0,2,28,5,0,35,0,0,0,35
01/31/2013,GRB,WI,AGL,CE,Combined TRACON& Tower with Radar,2,47,19,1,69,0,0,2,1,3,2,47,21,2,72,0,0,0,72
02/01/2013,GRB,WI,AGL,CE,Combined TRACON& Tower with Radar,3,45,26,0,74,0,0,7,0,7,3,45,33,0,81,102,0,102,183
02/02/2013,GRB,WI,AGL,CE,Combined TRACON& Tower with Radar,5,23,10,0,38,0,0,29,0,29,5,23,39,0,67,46,0,46,113
02/03/2013,GRB,WI,AGL,CE,Combined TRACON& Tower with Radar,3,23,9,0,35,0,0,13,0,13,3,23,22,0,48,8,0,8,56
02/04/2013,GRB,WI,AGL,CE,Combined TRACON& Tower with Radar,4,34,25,0,63,0,0,27,0,27,4,34,52,0,90,94,0,94,184
02/05/2013,GRB,WI,AGL,CE,Combined TRACON& Tower with Radar,4,40,28,6,78,0,0,5,0,5,4,40,33,6,83,28,0,28,111
02/06/2013,GRB,WI,AGL,CE,Combined TRACON& Tower with Radar,6,45,27,4,82,0,0,27,0,27,6,45,54,4,109,18,6,24,133
02/07/2013,GRB,WI,AGL,CE,Combined TRACON& Tower with Radar,4,40,16,0,60,0,0,0,0,0,4,40,16,0,60,2,0,2,62
02/08/2013,GRB,WI,AGL,CE,Combined TRACON& Tower with Radar,4,42,34,2,82,0,0,34,1,35,4,42,68,3,117,40,0,40,157
02/09/2013,GRB,WI,AGL,CE,Combined TRACON& Tower with Radar,5,27,22,0,54,0,0,1,0,1,5,27,23,0,55,54,0,54,109
02/10/2013,GRB,WI,AGL,CE,Combined TRACON& Tower with Radar,3,30,3,2,38,0,0,0,0,0,3,30,3,2,38,4,0,4,42
02/11/2013,GRB,WI,AGL,CE,Combined TRACON& Tower with Radar,4,43,23,0,70,0,1,2,2,5,4,44,25,2,75,56,0,56,131
02/12/2013,GRB,WI,AGL,CE,Combined TRACON& Tower with Radar,4,36,40,0,80,0,1,23,0,24,4,37,63,0,104,46,0,46,150
02/13/2013,GRB,WI,AGL,CE,Combined TRACON& Tower with Radar,5,53,40,1,99,0,1,47,1,49,5,54,87,2,148,0,0,0,148
02/14/2013,GRB,WI,AGL,CE,Combined TRACON& Tower with Radar,1,49,17,0,67,0,0,0,0,0,1,49,17,0,67,0,0,0,67
02/15/2013,GRB,WI,AGL,CE,Combined TRACON& Tower with Radar,3,42,36,2,83,0,0,25,0,25,3,42,61,2,108,0,0,0,108
02/16/2013,GRB,WI,AGL,CE,Combined TRACON& Tower with Radar,2,27,23,0,52,0,0,46,2,48,2,27,69,2,100,0,0,0,100
02/17/2013,GRB,WI,AGL,CE,Combined TRACON& Tower with Radar,2,29,14,0,45,0,0,38,0,38,2,29,52,0,83,0,0,0,83
02/18/2013,GRB,WI,AGL,CE,Combined TRACON& Tower with Radar,2,46,24,0,72,0,0,6,0,6,2,46,30,0,78,0,0,0,78
02/19/2013,GRB,WI,AGL,CE,Combined TRACON& Tower with Radar,2,42,32,0,76,0,0,0,0,0,2,42,32,0,76,0,0,0,76
02/20/2013,GRB,WI,AGL,CE,Combined TRACON& Tower with Radar,4,41,50,0,95,0,1,34,0,35,4,42,84,0,130,0,0,0,130
02/21/2013,GRB,WI,AGL,CE,Combined TRACON& Tower with Radar,2,47,29,0,78,0,0,0,0,0,2,47,29,0,78,0,0,0,78
02/22/2013,GRB,WI,AGL,CE,Combined TRACON& Tower with Radar,3,37,22,0,62,0,0,0,0,0,3,37,22,0,62,16,0,16,78
02/23/2013,GRB,WI,AGL,CE,Combined TRACON& Tower with Radar,3,26,15,0,44,0,0,1,0,1,3,26,16,0,45,0,0,0,45
02/24/2013,GRB,WI,AGL,CE,Combined TRACON& Tower with Radar,2,30,30,0,62,0,0,32,0,32,2,30,62,0,94,66,0,66,160
02/25/2013,GRB,WI,AGL,CE,Combined TRACON& Tower with Radar,0,42,30,0,72,0,1,15,0,16,0,43,45,0,88,50,0,50,138
02/26/2013,GRB,WI,AGL,CE,Combined TRACON& Tower with Radar,2,41,24,8,75,0,0,6,0,6,2,41,30,8,81,8,14,22,103
02/27/2013,GRB,WI,AGL,CE,Combined TRACON& Tower with Radar,4,42,20,0,66,0,0,0,0,0,4,42,20,0,66,76,0,76,142
02/28/2013,GRB,WI,AGL,CE,Combined TRACON& Tower with Radar,2,46,21,0,69,0,0,4,0,4,2,46,25,0,73,0,0,0,73
03/01/2013,GRB,WI,AGL,CE,Combined TRACON& Tower with Radar,3,39,27,0,69,0,1,8,0,9,3,40,35,0,78,0,0,0,78
03/02/2013,GRB,WI,AGL,CE,Combined TRACON& Tower with Radar,6,29,23,0,58,0,0,43,0,43,6,29,66,0,101,78,0,78,179
03/03/2013,GRB,WI,AGL,CE,Combined TRACON& Tower with Radar,3,36,19,0,58,0,0,49,0,49,3,36,68,0,107,22,0,22,129
03/04/2013,GRB,WI,AGL,CE,Combined TRACON& Tower with Radar,3,40,24,0,67,0,1,19,0,20,3,41,43,0,87,52,0,52,139
03/05/2013,GRB,WI,AGL,CE,Combined TRACON& Tower with Radar,6,33,11,0,50,0,0,3,0,3,6,33,14,0,53,30,0,30,83
03/06/2013,GRB,WI,AGL,CE,Combined TRACON& Tower with Radar,7,43,28,1,79,0,1,6,0,7,7,44,34,1,86,50,0,50,136
03/07/2013,GRB,WI,AGL,CE,Combined TRACON& Tower with Radar,3,48,40,5,96,0,0,48,0,48,3,48,88,5,144,90,0,90,234
03/08/2013,GRB,WI,AGL,CE,Combined TRACON& Tower with Radar,4,47,51,0,102,0,0,49,2,51,4,47,100,2,153,0,0,0,153
03/09/2013,GRB,WI,AGL,CE,Combined TRACON& Tower with Radar,4,29,5,0,38,0,0,3,0,3,4,29,8,0,41,0,0,0,41
03/10/2013,GRB,WI,AGL,CE,Combined TRACON& Tower with Radar,2,36,3,0,41,0,0,0,0,0,2,36,3,0,41,8,0,8,49
03/11/2013,GRB,WI,AGL,CE,Combined TRACON& Tower with Radar,4,43,19,0,66,0,1,0,0,1,4,44,19,0,67,12,0,12,79
03/12/2013,GRB,WI,AGL,CE,Combined TRACON& Tower with Radar,4,47,24,0,75,0,0,3,0,3,4,47,27,0,78,18,0,18,96
03/13/2013,GRB,WI,AGL,CE,Combined TRACON& Tower with Radar,12,49,37,2,100,0,3,40,0,43,12,52,77,2,143,50,0,50,193
03/14/2013,GRB,WI,AGL,CE,Combined TRACON& Tower with Radar,4,44,38,10,96,0,2,39,0,41,4,46,77,10,137,102,11,113,250
03/15/2013,GRB,WI,AGL,CE,Combined TRACON& Tower with Radar,4,45,18,0,67,0,0,2,0,2,4,45,20,0,69,0,0,0,69
03/16/2013,GRB,WI,AGL,CE,Combined TRACON& Tower with Radar,7,32,21,0,60,0,0,27,0,27,7,32,48,0,87,94,0,94,181
03/17/2013,GRB,WI,AGL,CE,Combined TRACON& Tower with Radar,4,33,31,0,68,0,0,51,0,51,4,33,82,0,119,92,0,92,211
03/18/2013,GRB,WI,AGL,CE,Combined TRACON& Tower with Radar,4,31,15,0,50,0,0,1,0,1,4,31,16,0,51,165,0,165,216
03/19/2013,GRB,WI,AGL,CE,Combined TRACON& Tower with Radar,6,46,23,0,75,0,0,1,0,1,6,46,24,0,76,94,0,94,170
03/20/2013,GRB,WI,AGL,CE,Combined TRACON& Tower with Radar,8,46,20,2,76,0,1,15,0,16,8,47,35,2,92,46,0,46,138
03/21/2013,GRB,WI,AGL,CE,Combined TRACON& Tower with Radar,4,45,32,0,81,0,0,21,0,21,4,45,53,0,102,86,0,86,188
03/22/2013,GRB,WI,AGL,CE,Combined TRACON& Tower with Radar,6,44,34,0,84,0,0,43,0,43,6,44,77,0,127,76,0,76,203
03/23/2013,GRB,WI,AGL,CE,Combined TRACON& Tower with Radar,4,29,18,0,51,0,0,54,0,54,4,29,72,0,105,24,0,24,129
03/24/2013,GRB,WI,AGL,CE,Combined TRACON& Tower with Radar,4,31,13,0,48,0,0,2,0,2,4,31,15,0,50,18,0,18,68
03/25/2013,GRB,WI,AGL,CE,Combined TRACON& Tower with Radar,5,42,31,10,88,0,1,19,0,20,5,43,50,10,108,8,18,26,134
03/26/2013,GRB,WI,AGL,CE,Combined TRACON& Tower with Radar,2,45,18,0,65,0,1,19,0,20,2,46,37,0,85,32,0,32,117
03/27/2013,GRB,WI,AGL,CE,Combined TRACON& Tower with Radar,9,48,34,0,91,0,1,38,0,39,9,49,72,0,130,56,0,56,186
03/28/2013,GRB,WI,AGL,CE,Combined TRACON& Tower with Radar,4,44,32,0,80,0,0,49,0,49,4,44,81,0,129,86,0,86,215
03/29/2013,GRB,WI,AGL,CE,Combined TRACON& Tower with Radar,4,47,19,0,70,0,0,60,0,60,4,47,79,0,130,68,0,68,198
03/30/2013,GRB,WI,AGL,CE,Combined TRACON& Tower with Radar,4,33,7,0,44,0,0,8,0,8,4,33,15,0,52,72,0,72,124
03/31/2013,GRB,WI,AGL,CE,Combined TRACON& Tower with Radar,4,34,14,0,52,0,0,10,0,10,4,34,24,0,62,0,0,0,62
04/01/2013,GRB,WI,AGL,CE,Combined TRACON& Tower with Radar,4,42,21,0,67,0,0,22,0,22,4,42,43,0,89,0,0,0,89
04/02/2013,GRB,WI,AGL,CE,Combined TRACON& Tower with Radar,4,43,21,0,68,0,1,23,0,24,4,44,44,0,92,10,0,10,102
04/03/2013,GRB,WI,AGL,CE,Combined TRACON& Tower with Radar,8,47,24,8,87,0,0,50,0,50,8,47,74,8,137,56,20,76,213
04/04/2013,GRB,WI,AGL,CE,Combined TRACON& Tower with Radar,4,42,21,0,67,0,1,20,0,21,4,43,41,0,88,0,0,0,88
04/05/2013,GRB,WI,AGL,CE,Combined TRACON& Tower with Radar,4,42,24,4,74,0,0,59,0,59,4,42,83,4,133,40,4,44,177
04/06/2013,GRB,WI,AGL,CE,Combined TRACON& Tower with Radar,4,28,8,0,40,0,0,2,0,2,4,28,10,0,42,64,2,66,108
04/07/2013,GRB,WI,AGL,CE,Combined TRACON& Tower with Radar,5,30,26,0,61,0,0,26,0,26,5,30,52,0,87,50,0,50,137
04/08/2013,GRB,WI,AGL,CE,Combined TRACON& Tower with Radar,6,39,29,2,76,0,0,1,0,1,6,39,30,2,77,0,0,0,77
04/09/2013,GRB,WI,AGL,CE,Combined TRACON& Tower with Radar,5,41,51,0,97,0,0,0,0,0,5,41,51,0,97,0,0,0,97
04/10/2013,GRB,WI,AGL,CE,Combined TRACON& Tower with Radar,8,32,13,2,55,0,0,0,0,0,8,32,13,2,55,12,0,12,67
04/11/2013,GRB,WI,AGL,CE,Combined TRACON& Tower with Radar,5,37,11,0,53,0,0,0,0,0,5,37,11,0,53,8,0,8,61
04/12/2013,GRB,WI,AGL,CE,Combined TRACON& Tower with Radar,4,47,19,0,70,0,0,0,0,0,4,47,19,0,70,12,0,12,82
04/13/2013,GRB,WI,AGL,CE,Combined TRACON& Tower with Radar,9,26,14,0,49,0,0,16,0,16,9,26,30,0,65,50,0,50,115
04/14/2013,GRB,WI,AGL,CE,Combined TRACON& Tower with Radar,6,33,12,0,51,0,0,2,0,2,6,33,14,0,53,18,0,18,71
04/15/2013,GRB,WI,AGL,CE,Combined TRACON& Tower with Radar,6,46,17,0,69,0,0,20,0,20,6,46,37,0,89,40,0,40,129
04/16/2013,GRB,WI,AGL,CE,Combined TRACON& Tower with Radar,7,51,23,2,83,0,1,50,0,51,7,52,73,2,134,106,0,106,240
04/17/2013,GRB,WI,AGL,CE,Combined TRACON& Tower with Radar,6,40,38,0,84,12,0,5,0,17,18,40,43,0,101,22,0,22,123
04/18/2013,GRB,WI,AGL,CE,Combined TRACON& Tower with Radar,4,43,34,0,81,0,0,0,0,0,4,43,34,0,81,4,0,4,85
04/19/2013,GRB,WI,AGL,CE,Combined TRACON& Tower with Radar,4,51,26,0,81,0,0,0,0,0,4,51,26,0,81,0,0,0,81
04/20/2013,GRB,WI,AGL,CE,Combined TRACON& Tower with Radar,7,25,13,0,45,0,0,49,0,49,7,25,62,0,94,148,0,148,242
04/21/2013,GRB,WI,AGL,CE,Combined TRACON& Tower with Radar,6,31,10,0,47,0,0,7,0,7,6,31,17,0,54,154,0,154,208
04/22/2013,GRB,WI,AGL,CE,Combined TRACON& Tower with Radar,5,44,21,2,72,0,0,7,0,7,5,44,28,2,79,44,0,44,123
04/23/2013,GRB,WI,AGL,CE,Combined TRACON& Tower with Radar,5,43,29,2,79,0,0,8,2,10,5,43,37,4,89,68,0,68,157
04/24/2013,GRB,WI,AGL,CE,Combined TRACON& Tower with Radar,7,43,27,0,77,0,1,50,0,51,7,44,77,0,128,128,0,128,256
04/25/2013,GRB,WI,AGL,CE,Combined TRACON& Tower with Radar,6,52,35,0,93,0,0,23,0,23,6,52,58,0,116,66,0,66,182
04/26/2013,GRB,WI,AGL,CE,Combined TRACON& Tower with Radar,4,49,33,0,86,0,0,27,0,27,4,49,60,0,113,22,0,22,135
04/27/2013,GRB,WI,AGL,CE,Combined TRACON& Tower with Radar,9,33,18,0,60,0,0,48,0,48,9,33,66,0,108,162,0,162,270
04/28/2013,GRB,WI,AGL,CE,Combined TRACON& Tower with Radar,6,35,23,0,64,0,0,57,0,57,6,35,80,0,121,82,0,82,203
04/29/2013,GRB,WI,AGL,CE,Combined TRACON& Tower with Radar,6,39,28,0,73,0,0,16,0,16,6,39,44,0,89,138,0,138,227
04/30/2013,GRB,WI,AGL,CE,Combined TRACON& Tower with Radar,6,43,33,0,82,0,0,15,0,15,6,43,48,0,97,70,0,70,167
05/01/2013,GRB,WI,AGL,CE,Combined TRACON& Tower with Radar,13,43,29,0,85,0,0,44,0,44,13,43,73,0,129,92,0,92,221
05/02/2013,GRB,WI,AGL,CE,Combined TRACON& Tower with Radar,4,46,17,0,67,0,0,7,0,7,4,46,24,0,74,58,0,58,132
05/03/2013,GRB,WI,AGL,CE,Combined TRACON& Tower with Radar,9,40,22,0,71,0,0,1,0,1,9,40,23,0,72,30,0,30,102
05/04/2013,GRB,WI,AGL,CE,Combined TRACON& Tower with Radar,6,26,9,6,47,0,0,30,0,30,6,26,39,6,77,26,18,44,121
05/05/2013,GRB,WI,AGL,CE,Combined TRACON& Tower with Radar,8,34,15,0,57,0,0,56,0,56,8,34,71,0,113,80,0,80,193
05/06/2013,GRB,WI,AGL,CE,Combined TRACON& Tower with Radar,6,48,28,4,86,0,0,49,0,49,6,48,77,4,135,28,6,34,169
05/07/2013,GRB,WI,AGL,CE,Combined TRACON& Tower with Radar,8,42,47,0,97,0,0,60,0,60,8,42,107,0,157,78,0,78,235
05/08/2013,GRB,WI,AGL,CE,Combined TRACON& Tower with Radar,10,42,37,2,91,0,0,56,1,57,10,42,93,3,148,24,0,24,172
05/09/2013,GRB,WI,AGL,CE,Combined TRACON& Tower with Radar,8,38,33,4,83,0,0,14,0,14,8,38,47,4,97,38,0,38,135
05/10/2013,GRB,WI,AGL,CE,Combined TRACON& Tower with Radar,6,45,44,0,95,0,0,10,0,10,6,45,54,0,105,60,0,60,165
05/11/2013,GRB,WI,AGL,CE,Combined TRACON& Tower with Radar,6,28,19,0,53,0,0,18,0,18,6,28,37,0,71,16,0,16,87
05/12/2013,GRB,WI,AGL,CE,Combined TRACON& Tower with Radar,8,35,15,0,58,0,0,56,0,56,8,35,71,0,114,0,0,0,114
05/13/2013,GRB,WI,AGL,CE,Combined TRACON& Tower with Radar,8,41,29,0,78,0,1,40,0,41,8,42,69,0,119,88,0,88,207
05/14/2013,GRB,WI,AGL,CE,Combined TRACON& Tower with Radar,8,39,27,5,79,0,2,28,0,30,8,41,55,5,109,34,0,34,143
05/15/2013,GRB,WI,AGL,CE,Combined TRACON& Tower with Radar,10,42,43,4,99,0,1,52,0,53,10,43,95,4,152,40,4,44,196
05/16/2013,GRB,WI,AGL,CE,Combined TRACON& Tower with Radar,8,51,33,0,92,0,0,40,0,40,8,51,73,0,132,39,0,39,171
05/17/2013,GRB,WI,AGL,CE,Combined TRACON& Tower with Radar,8,48,27,0,83,0,0,49,0,49,8,48,76,0,132,56,0,56,188
05/18/2013,GRB,WI,AGL,CE,Combined TRACON& Tower with Radar,8,33,18,0,59,0,0,33,0,33,8,33,51,0,92,26,0,26,118
05/19/2013,GRB,WI,AGL,CE,Combined TRACON& Tower with Radar,8,27,12,0,47,0,1,21,0,22,8,28,33,0,69,40,0,40,109
05/20/2013,GRB,WI,AGL,CE,Combined TRACON& Tower with Radar,10,36,19,1,66,0,1,11,1,13,10,37,30,2,79,0,0,0,79
05/21/2013,GRB,WI,AGL,CE,Combined TRACON& Tower with Radar,8,42,45,2,97,0,1,10,0,11,8,43,55,2,108,0,0,0,108
05/22/2013,GRB,WI,AGL,CE,Combined TRACON& Tower with Radar,12,46,31,0,89,0,0,0,0,0,12,46,31,0,89,32,0,32,121
05/23/2013,GRB,WI,AGL,CE,Combined TRACON& Tower with Radar,8,44,25,0,77,0,0,20,0,20,8,44,45,0,97,12,0,12,109
05/24/2013,GRB,WI,AGL,CE,Combined TRACON& Tower with Radar,8,45,37,0,90,0,0,58,1,59,8,45,95,1,149,37,0,37,186
05/25/2013,GRB,WI,AGL,CE,Combined TRACON& Tower with Radar,3,31,11,0,45,0,0,45,0,45,3,31,56,0,90,8,0,8,98
05/26/2013,GRB,WI,AGL,CE,Combined TRACON& Tower with Radar,3,22,12,0,37,0,0,32,0,32,3,22,44,0,69,20,0,20,89
05/27/2013,GRB,WI,AGL,CE,Combined TRACON& Tower with Radar,4,32,21,0,57,0,0,21,0,21,4,32,42,0,78,24,0,24,102
05/28/2013,GRB,WI,AGL,CE,Combined TRACON& Tower with Radar,8,43,30,0,81,0,0,0,0,0,8,43,30,0,81,0,0,0,81
05/29/2013,GRB,WI,AGL,CE,Combined TRACON& Tower with Radar,12,43,41,0,96,0,1,9,0,10,12,44,50,0,106,0,0,0,106
05/30/2013,GRB,WI,AGL,CE,Combined TRACON& Tower with Radar,8,47,26,0,81,0,0,8,2,10,8,47,34,2,91,12,0,12,103
05/31/2013,GRB,WI,AGL,CE,Combined TRACON& Tower with Radar,6,40,42,6,94,0,0,18,0,18,6,40,60,6,112,8,0,8,120
06/01/2013,GRB,WI,AGL,CE,Combined TRACON& Tower with Radar,6,25,9,0,40,0,0,11,0,11,6,25,20,0,51,52,0,52,103
06/02/2013,GRB,WI,AGL,CE,Combined TRACON& Tower with Radar,6,33,28,0,67,0,0,37,0,37,6,33,65,0,104,0,0,0,104
06/03/2013,GRB,WI,AGL,CE,Combined TRACON& Tower with Radar,8,38,38,0,84,0,0,75,0,75,8,38,113,0,159,2,0,2,161
06/04/2013,GRB,WI,AGL,CE,Combined TRACON& Tower with Radar,6,41,43,2,92,0,0,20,1,21,6,41,63,3,113,0,0,0,113
06/05/2013,GRB,WI,AGL,CE,Combined TRACON& Tower with Radar,10,45,22,2,79,0,0,10,0,10,10,45,32,2,89,0,0,0,89
06/06/2013,GRB,WI,AGL,CE,Combined TRACON& Tower with Radar,8,45,29,1,83,0,0,15,1,16,8,45,44,2,99,34,0,34,133
06/07/2013,GRB,WI,AGL,CE,Combined TRACON& Tower with Radar,8,44,41,0,93,0,1,52,0,53,8,45,93,0,146,28,0,28,174
06/08/2013,GRB,WI,AGL,CE,Combined TRACON& Tower with Radar,6,29,9,0,44,0,0,35,0,35,6,29,44,0,79,18,0,18,97
06/09/2013,GRB,WI,AGL,CE,Combined TRACON& Tower with Radar,9,30,16,0,55,0,0,25,0,25,9,30,41,0,80,26,0,26,106
06/10/2013,GRB,WI,AGL,CE,Combined TRACON& Tower with Radar,11,50,36,0,97,0,0,12,0,12,11,50,48,0,109,26,0,26,135
06/11/2013,GRB,WI,AGL,CE,Combined TRACON& Tower with Radar,10,45,38,0,93,0,2,25,2,29,10,47,63,2,122,96,0,96,218
06/12/2013,GRB,WI,AGL,CE,Combined TRACON& Tower with Radar,12,39,30,0,81,0,0,22,0,22,12,39,52,0,103,42,0,42,145
06/13/2013,GRB,WI,AGL,CE,Combined TRACON& Tower with Radar,10,37,41,3,91,0,1,32,1,34,10,38,73,4,125,28,0,28,153
06/14/2013,GRB,WI,AGL,CE,Combined TRACON& Tower with Radar,12,43,29,1,85,0,0,51,1,52,12,43,80,2,137,54,0,54,191
06/15/2013,GRB,WI,AGL,CE,Combined TRACON& Tower with Radar,7,27,13,0,47,0,0,13,0,13,7,27,26,0,60,0,0,0,60
06/16/2013,GRB,WI,AGL,CE,Combined TRACON& Tower with Radar,8,33,15,0,56,0,0,37,0,37,8,33,52,0,93,28,0,28,121
06/17/2013,GRB,WI,AGL,CE,Combined TRACON& Tower with Radar,12,39,30,0,81,0,1,10,0,11,12,40,40,0,92,0,0,0,92
06/18/2013,GRB,WI,AGL,CE,Combined TRACON& Tower with Radar,10,42,38,2,92,0,2,42,0,44,10,44,80,2,136,58,0,58,194
06/19/2013,GRB,WI,AGL,CE,Combined TRACON& Tower with Radar,14,47,48,0,109,0,0,56,3,59,14,47,104,3,168,62,0,62,230
06/20/2013,GRB,WI,AGL,CE,Combined TRACON& Tower with Radar,12,43,46,1,102,0,2,51,1,54,12,45,97,2,156,20,0,20,176
06/21/2013,GRB,WI,AGL,CE,Combined TRACON& Tower with Radar,9,41,30,0,80,0,1,20,0,21,9,42,50,0,101,6,0,6,107
06/22/2013,GRB,WI,AGL,CE,Combined TRACON& Tower with Radar,13,35,28,0,76,0,0,5,0,5,13,35,33,0,81,18,0,18,99
06/23/2013,GRB,WI,AGL,CE,Combined TRACON& Tower with Radar,9,31,12,0,52,0,0,14,0,14,9,31,26,0,66,36,0,36,102
06/24/2013,GRB,WI,AGL,CE,Combined TRACON& Tower with Radar,11,41,28,5,85,0,1,28,0,29,11,42,56,5,114,22,0,22,136
06/25/2013,GRB,WI,AGL,CE,Combined TRACON& Tower with Radar,10,42,38,0,90,0,0,24,0,24,10,42,62,0,114,50,0,50,164
06/26/2013,GRB,WI,AGL,CE,Combined TRACON& Tower with Radar,11,40,18,0,69,0,1,11,0,12,11,41,29,0,81,10,0,10,91
06/27/2013,GRB,WI,AGL,CE,Combined TRACON& Tower with Radar,11,38,21,1,71,0,1,15,0,16,11,39,36,1,87,20,0,20,107
06/28/2013,GRB,WI,AGL,CE,Combined TRACON& Tower with Radar,12,43,36,0,91,0,0,19,0,19,12,43,55,0,110,22,0,22,132
06/29/2013,GRB,WI,AGL,CE,Combined TRACON& Tower with Radar,9,28,24,6,67,0,0,10,0,10,9,28,34,6,77,66,0,66,143
06/30/2013,GRB,WI,AGL,CE,Combined TRACON& Tower with Radar,7,27,21,0,55,0,0,50,0,50,7,27,71,0,105,76,0,76,181
07/01/2013,GRB,WI,AGL,CE,Combined TRACON& Tower with Radar,5,40,17,1,63,0,2,34,0,36,5,42,51,1,99,58,0,58,157
07/02/2013,GRB,WI,AGL,CE,Combined TRACON& Tower with Radar,10,36,25,2,73,0,1,45,6,52,10,37,70,8,125,54,0,54,179
07/03/2013,GRB,WI,AGL,CE,Combined TRACON& Tower with Radar,14,39,26,0,79,0,0,23,0,23,14,39,49,0,102,40,0,40,142
07/04/2013,GRB,WI,AGL,CE,Combined TRACON& Tower with Radar,6,22,11,0,39,0,0,21,0,21,6,22,32,0,60,18,0,18,78
07/05/2013,GRB,WI,AGL,CE,Combined TRACON& Tower with Radar,6,32,14,0,52,0,2,25,0,27,6,34,39,0,79,18,0,18,97
07/06/2013,GRB,WI,AGL,CE,Combined TRACON& Tower with Radar,9,27,11,0,47,0,0,52,0,52,9,27,63,0,99,64,0,64,163
07/07/2013,GRB,WI,AGL,CE,Combined TRACON& Tower with Radar,9,33,20,0,62,0,0,15,0,15,9,33,35,0,77,18,0,18,95
07/08/2013,GRB,WI,AGL,CE,Combined TRACON& Tower with Radar,12,39,35,0,86,0,0,6,0,6,12,39,41,0,92,54,0,54,146
07/09/2013,GRB,WI,AGL,CE,Combined TRACON& Tower with Radar,12,37,32,0,81,0,0,10,0,10,12,37,42,0,91,18,0,18,109
07/10/2013,GRB,WI,AGL,CE,Combined TRACON& Tower with Radar,12,36,41,0,89,0,1,21,0,22,12,37,62,0,111,0,0,0,111
07/11/2013,GRB,WI,AGL,CE,Combined TRACON& Tower with Radar,12,35,46,0,93,0,1,42,0,43,12,36,88,0,136,44,0,44,180
07/12/2013,GRB,WI,AGL,CE,Combined TRACON& Tower with Radar,12,41,29,0,82,0,0,53,0,53,12,41,82,0,135,70,0,70,205
07/13/2013,GRB,WI,AGL,CE,Combined TRACON& Tower with Radar,8,28,14,0,50,0,0,36,0,36,8,28,50,0,86,52,0,52,138
07/14/2013,GRB,WI,AGL,CE,Combined TRACON& Tower with Radar,8,33,21,0,62,0,0,39,0,39,8,33,60,0,101,68,0,68,169
07/15/2013,GRB,WI,AGL,CE,Combined TRACON& Tower with Radar,12,38,35,2,87,0,0,24,2,26,12,38,59,4,113,36,0,36,149
07/16/2013,GRB,WI,AGL,CE,Combined TRACON& Tower with Radar,10,43,51,2,106,0,0,33,2,35,10,43,84,4,141,0,0,0,141
07/17/2013,GRB,WI,AGL,CE,Combined TRACON& Tower with Radar,13,38,36,4,91,0,0,45,2,47,13,38,81,6,138,94,6,100,238
07/18/2013,GRB,WI,AGL,CE,Combined TRACON& Tower with Radar,11,41,38,4,94,0,0,18,2,20,11,41,56,6,114,4,0,4,118
07/19/2013,GRB,WI,AGL,CE,Combined TRACON& Tower with Radar,11,38,28,2,79,0,1,33,0,34,11,39,61,2,113,17,0,17,130
07/20/2013,GRB,WI,AGL,CE,Combined TRACON& Tower with Radar,10,29,20,0,59,0,0,53,0,53,10,29,73,0,112,12,0,12,124
07/21/2013,GRB,WI,AGL,CE,Combined TRACON& Tower with Radar,8,35,8,0,51,0,0,3,0,3,8,35,11,0,54,32,0,32,86
07/22/2013,GRB,WI,AGL,CE,Combined TRACON& Tower with Radar,12,38,50,0,100,0,1,39,0,40,12,39,89,0,140,0,0,0,140
07/23/2013,GRB,WI,AGL,CE,Combined TRACON& Tower with Radar,12,39,27,0,78,0,1,44,0,45,12,40,71,0,123,0,0,0,123
07/24/2013,GRB,WI,AGL,CE,Combined TRACON& Tower with Radar,18,43,38,8,107,0,1,62,0,63,18,44,100,8,170,46,14,60,230
07/25/2013,GRB,WI,AGL,CE,Combined TRACON& Tower with Radar,10,41,42,2,95,0,1,42,0,43,10,42,84,2,138,24,0,24,162
07/26/2013,GRB,WI,AGL,CE,Combined TRACON& Tower with Radar,12,38,51,0,101,0,1,15,0,16,12,39,66,0,117,6,0,6,123
07/27/2013,GRB,WI,AGL,CE,Combined TRACON& Tower with Radar,12,31,50,0,93,0,0,40,4,44,12,31,90,4,137,48,0,48,185
07/28/2013,GRB,WI,AGL,CE,Combined TRACON& Tower with Radar,8,33,75,0,116,0,1,19,1,21,8,34,94,1,137,0,0,0,137
07/29/2013,GRB,WI,AGL,CE,Combined TRACON& Tower with Radar,12,36,77,2,127,0,3,47,0,50,12,39,124,2,177,26,0,26,203
07/30/2013,GRB,WI,AGL,CE,Combined TRACON& Tower with Radar,12,38,61,7,118,0,2,35,1,38,12,40,96,8,156,76,0,76,232
07/31/2013,GRB,WI,AGL,CE,Combined TRACON& Tower with Radar,14,40,63,0,117,0,1,34,0,35,14,41,97,0,152,10,0,10,162
08/01/2013,GRB,WI,AGL,CE,Combined TRACON& Tower with Radar,12,42,97,0,151,0,1,79,0,80,12,43,176,0,231,0,0,0,231
08/02/2013,GRB,WI,AGL,CE,Combined TRACON& Tower with Radar,10,38,51,1,100,0,0,29,0,29,10,38,80,1,129,14,0,14,143
08/03/2013,GRB,WI,AGL,CE,Combined TRACON& Tower with Radar,8,27,40,0,75,0,0,42,0,42,8,27,82,0,117,34,0,34,151
08/04/2013,GRB,WI,AGL,CE,Combined TRACON& Tower with Radar,7,38,46,1,92,0,0,50,0,50,7,38,96,1,142,14,0,14,156
08/05/2013,GRB,WI,AGL,CE,Combined TRACON& Tower with Radar,11,44,29,6,90,0,2,35,0,37,11,46,64,6,127,12,12,24,151
08/06/2013,GRB,WI,AGL,CE,Combined TRACON& Tower with Radar,13,40,31,4,88,0,1,22,3,26,13,41,53,7,114,6,6,12,126
08/07/2013,GRB,WI,AGL,CE,Combined TRACON& Tower with Radar,14,40,33,2,89,0,0,32,0,32,14,40,65,2,121,18,10,28,149
08/08/2013,GRB,WI,AGL,CE,Combined TRACON& Tower with Radar,9,36,25,1,71,0,0,2,0,2,9,36,27,1,73,54,2,56,129
08/09/2013,GRB,WI,AGL,CE,Combined TRACON& Tower with Radar,14,38,27,5,84,0,1,22,1,24,14,39,49,6,108,20,24,44,152
08/10/2013,GRB,WI,AGL,CE,Combined TRACON& Tower with Radar,8,30,17,0,55,0,0,32,0,32,8,30,49,0,87,32,0,32,119
08/11/2013,GRB,WI,AGL,CE,Combined TRACON& Tower with Radar,10,34,21,0,65,0,0,31,0,31,10,34,52,0,96,28,0,28,124
08/12/2013,GRB,WI,AGL,CE,Combined TRACON& Tower with Radar,12,33,25,2,72,0,2,19,0,21,12,35,44,2,93,26,0,26,119
08/13/2013,GRB,WI,AGL,CE,Combined TRACON& Tower with Radar,12,45,35,0,92,0,1,43,0,44,12,46,78,0,136,32,0,32,168
08/14/2013,GRB,WI,AGL,CE,Combined TRACON& Tower with Radar,14,43,38,1,96,0,1,48,1,50,14,44,86,2,146,18,0,18,164
08/15/2013,GRB,WI,AGL,CE,Combined TRACON& Tower with Radar,13,42,35,1,91,0,1,32,0,33,13,43,67,1,124,0,0,0,124
08/16/2013,GRB,WI,AGL,CE,Combined TRACON& Tower with Radar,14,40,33,0,87,0,0,61,0,61,14,40,94,0,148,34,0,34,182
08/17/2013,GRB,WI,AGL,CE,Combined TRACON& Tower with Radar,8,32,12,0,52,0,0,37,0,37,8,32,49,0,89,56,0,56,145
08/18/2013,GRB,WI,AGL,CE,Combined TRACON& Tower with Radar,10,28,20,0,58,0,0,34,0,34,10,28,54,0,92,10,0,10,102
08/19/2013,GRB,WI,AGL,CE,Combined TRACON& Tower with Radar,11,44,16,0,71,0,1,32,0,33,11,45,48,0,104,16,0,16,120
08/20/2013,GRB,WI,AGL,CE,Combined TRACON& Tower with Radar,10,44,29,2,85,0,0,36,0,36,10,44,65,2,121,43,0,43,164
08/21/2013,GRB,WI,AGL,CE,Combined TRACON& Tower with Radar,12,38,38,0,88,0,1,31,0,32,12,39,69,0,120,14,0,14,134
08/22/2013,GRB,WI,AGL,CE,Combined TRACON& Tower with Radar,10,36,24,0,70,0,0,48,2,50,10,36,72,2,120,28,0,28,148
08/23/2013,GRB,WI,AGL,CE,Combined TRACON& Tower with Radar,11,38,55,5,109,0,0,67,0,67,11,38,122,5,176,14,12,26,202
08/24/2013,GRB,WI,AGL,CE,Combined TRACON& Tower with Radar,8,26,10,2,46,0,0,82,0,82,8,26,92,2,128,18,0,18,146
08/25/2013,GRB,WI,AGL,CE,Combined TRACON& Tower with Radar,6,34,12,0,52,0,0,32,0,32,6,34,44,0,84,26,0,26,110
08/26/2013,GRB,WI,AGL,CE,Combined TRACON& Tower with Radar,10,41,17,2,70,0,0,28,1,29,10,41,45,3,99,0,0,0,99
08/27/2013,GRB,WI,AGL,CE,Combined TRACON& Tower with Radar,10,45,30,3,88,0,1,11,0,12,10,46,41,3,100,28,0,28,128
08/28/2013,GRB,WI,AGL,CE,Combined TRACON& Tower with Radar,14,39,49,0,102,0,1,12,1,14,14,40,61,1,116,30,0,30,146
08/29/2013,GRB,WI,AGL,CE,Combined TRACON& Tower with Radar,9,40,44,3,96,0,1,54,1,56,9,41,98,4,152,18,0,18,170
08/30/2013,GRB,WI,AGL,CE,Combined TRACON& Tower with Radar,9,40,31,1,81,0,0,20,0,20,9,40,51,1,101,26,0,26,127
08/31/2013,GRB,WI,AGL,CE,Combined TRACON& Tower with Radar,5,20,15,0,40,0,0,19,0,19,5,20,34,0,59,24,0,24,83
09/01/2013,GRB,WI,AGL,CE,Combined TRACON& Tower with Radar,7,21,10,0,38,0,0,11,0,11,7,21,21,0,49,4,0,4,53
09/02/2013,GRB,WI,AGL,CE,Combined TRACON& Tower with Radar,10,30,19,1,60,0,0,23,0,23,10,30,42,1,83,24,0,24,107
09/03/2013,GRB,WI,AGL,CE,Combined TRACON& Tower with Radar,8,36,31,0,75,0,1,57,0,58,8,37,88,0,133,44,0,44,177
09/04/2013,GRB,WI,AGL,CE,Combined TRACON& Tower with Radar,10,39,24,0,73,0,1,40,0,41,10,40,64,0,114,94,0,94,208
09/05/2013,GRB,WI,AGL,CE,Combined TRACON& Tower with Radar,10,38,39,1,88,0,1,46,4,51,10,39,85,5,139,100,10,110,249
09/06/2013,GRB,WI,AGL,CE,Combined TRACON& Tower with Radar,8,39,29,2,78,0,0,26,0,26,8,39,55,2,104,98,0,98,202
09/07/2013,GRB,WI,AGL,CE,Combined TRACON& Tower with Radar,10,25,24,0,59,0,0,27,0,27,10,25,51,0,86,76,0,76,162
09/08/2013,GRB,WI,AGL,CE,Combined TRACON& Tower with Radar,7,26,32,0,65,0,0,32,0,32,7,26,64,0,97,8,0,8,105
09/09/2013,GRB,WI,AGL,CE,Combined TRACON& Tower with Radar,9,44,29,0,82,0,0,5,0,5,9,44,34,0,87,62,0,62,149
09/10/2013,GRB,WI,AGL,CE,Combined TRACON& Tower with Radar,6,41,34,1,82,0,0,14,0,14,6,41,48,1,96,4,0,4,100
09/11/2013,GRB,WI,AGL,CE,Combined TRACON& Tower with Radar,14,37,18,4,73,0,2,29,0,31,14,39,47,4,104,68,0,68,172
09/12/2013,GRB,WI,AGL,CE,Combined TRACON& Tower with Radar,10,40,36,4,90,0,1,33,0,34,10,41,69,4,124,12,0,12,136
09/13/2013,GRB,WI,AGL,CE,Combined TRACON& Tower with Radar,10,42,32,0,84,0,1,65,0,66,10,43,97,0,150,52,0,52,202
09/14/2013,GRB,WI,AGL,CE,Combined TRACON& Tower with Radar,10,23,27,0,60,0,0,55,8,63,10,23,82,8,123,86,0,86,209
09/15/2013,GRB,WI,AGL,CE,Combined TRACON& Tower with Radar,11,58,114,0,183,0,0,6,2,8,11,58,120,2,191,0,0,0,191
09/16/2013,GRB,WI,AGL,CE,Combined TRACON& Tower with Radar,15,34,42,3,94,0,2,39,2,43,15,36,81,5,137,60,0,60,197
09/17/2013,GRB,WI,AGL,CE,Combined TRACON& Tower with Radar,8,39,46,12,105,0,1,37,1,39,8,40,83,13,144,74,22,96,240
09/18/2013,GRB,WI,AGL,CE,Combined TRACON& Tower with Radar,14,44,28,2,88,0,1,24,0,25,14,45,52,2,113,0,0,0,113
09/19/2013,GRB,WI,AGL,CE,Combined TRACON& Tower with Radar,10,37,17,0,64,0,0,6,0,6,10,37,23,0,70,8,0,8,78
09/20/2013,GRB,WI,AGL,CE,Combined TRACON& Tower with Radar,10,40,32,2,84,0,0,14,0,14,10,40,46,2,98,44,0,44,142
09/21/2013,GRB,WI,AGL,CE,Combined TRACON& Tower with Radar,10,22,22,0,54,0,0,25,0,25,10,22,47,0,79,54,0,54,133
09/22/2013,GRB,WI,AGL,CE,Combined TRACON& Tower with Radar,6,33,25,0,64,0,0,34,0,34,6,33,59,0,98,88,0,88,186
09/23/2013,GRB,WI,AGL,CE,Combined TRACON& Tower with Radar,10,38,26,0,74,0,2,36,0,38,10,40,62,0,112,0,0,0,112
09/24/2013,GRB,WI,AGL,CE,Combined TRACON& Tower with Radar,8,47,41,0,96,0,0,43,0,43,8,47,84,0,139,26,0,26,165
09/25/2013,GRB,WI,AGL,CE,Combined TRACON& Tower with Radar,10,43,42,0,95,0,2,31,0,33,10,45,73,0,128,42,0,42,170
09/26/2013,GRB,WI,AGL,CE,Combined TRACON& Tower with Radar,8,39,25,11,83,0,1,26,0,27,8,40,51,11,110,94,22,116,226
09/27/2013,GRB,WI,AGL,CE,Combined TRACON& Tower with Radar,8,38,38,0,84,0,1,41,0,42,8,39,79,0,126,62,0,62,188
09/28/2013,GRB,WI,AGL,CE,Combined TRACON& Tower with Radar,8,25,11,0,44,0,0,22,0,22,8,25,33,0,66,46,0,46,112
09/29/2013,GRB,WI,AGL,CE,Combined TRACON& Tower with Radar,8,30,30,0,68,0,0,60,0,60,8,30,90,0,128,38,0,38,166
09/30/2013,GRB,WI,AGL,CE,Combined TRACON& Tower with Radar,7,43,20,0,70,0,0,21,0,21,7,43,41,0,91,68,0,68,159
10/01/2013,GRB,WI,AGL,CE,Combined TRACON& Tower with Radar,10,36,24,0,70,0,1,27,0,28,10,37,51,0,98,53,0,53,151
10/02/2013,GRB,WI,AGL,CE,Combined TRACON& Tower with Radar,12,36,46,0,94,0,1,72,0,73,12,37,118,0,167,30,0,30,197
10/03/2013,GRB,WI,AGL,CE,Combined TRACON& Tower with Radar,12,40,58,0,110,0,0,13,0,13,12,40,71,0,123,26,0,26,149
10/04/2013,GRB,WI,AGL,CE,Combined TRACON& Tower with Radar,6,43,37,0,86,0,0,0,0,0,6,43,37,0,86,0,0,0,86
10/05/2013,GRB,WI,AGL,CE,Combined TRACON& Tower with Radar,7,31,29,0,67,0,0,1,0,1,7,31,30,0,68,0,0,0,68
10/06/2013,GRB,WI,AGL,CE,Combined TRACON& Tower with Radar,14,48,142,0,204,0,0,33,0,33,14,48,175,0,237,16,0,16,253
10/07/2013,GRB,WI,AGL,CE,Combined TRACON& Tower with Radar,16,30,32,0,78,0,1,27,1,29,16,31,59,1,107,18,0,18,125
10/08/2013,GRB,WI,AGL,CE,Combined TRACON& Tower with Radar,10,37,19,0,66,0,2,52,1,55,10,39,71,1,121,0,0,0,121
10/09/2013,GRB,WI,AGL,CE,Combined TRACON& Tower with Radar,12,37,28,0,77,0,0,54,0,54,12,37,82,0,131,19,0,19,150
10/10/2013,GRB,WI,AGL,CE,Combined TRACON& Tower with Radar,10,43,37,0,90,0,2,47,0,49,10,45,84,0,139,43,0,43,182
10/11/2013,GRB,WI,AGL,CE,Combined TRACON& Tower with Radar,10,45,35,0,90,0,0,33,0,33,10,45,68,0,123,24,0,24,147
10/12/2013,GRB,WI,AGL,CE,Combined TRACON& Tower with Radar,12,28,22,0,62,0,0,0,0,0,12,28,22,0,62,0,0,0,62
10/13/2013,GRB,WI,AGL,CE,Combined TRACON& Tower with Radar,12,25,27,0,64,0,0,49,0,49,12,25,76,0,113,22,0,22,135
10/14/2013,GRB,WI,AGL,CE,Combined TRACON& Tower with Radar,10,33,33,0,76,0,2,34,0,36,10,35,67,0,112,44,0,44,156
10/15/2013,GRB,WI,AGL,CE,Combined TRACON& Tower with Radar,10,43,19,0,72,0,0,1,0,1,10,43,20,0,73,10,0,10,83
10/16/2013,GRB,WI,AGL,CE,Combined TRACON& Tower with Radar,12,41,46,18,117,0,1,3,0,4,12,42,49,18,121,22,20,42,163
10/17/2013,GRB,WI,AGL,CE,Combined TRACON& Tower with Radar,14,41,32,8,95,0,0,35,0,35,14,41,67,8,130,34,20,54,184
10/18/2013,GRB,WI,AGL,CE,Combined TRACON& Tower with Radar,6,41,36,0,83,0,0,13,0,13,6,41,49,0,96,6,0,6,102
10/19/2013,GRB,WI,AGL,CE,Combined TRACON& Tower with Radar,9,27,26,1,63,0,0,35,0,35,9,27,61,1,98,12,8,20,118
10/20/2013,GRB,WI,AGL,CE,Combined TRACON& Tower with Radar,13,40,105,0,158,0,0,3,0,3,13,40,108,0,161,14,0,14,175
10/21/2013,GRB,WI,AGL,CE,Combined TRACON& Tower with Radar,16,35,37,1,89,0,2,10,0,12,16,37,47,1,101,0,0,0,101
10/22/2013,GRB,WI,AGL,CE,Combined TRACON& Tower with Radar,12,38,32,2,84,0,2,23,2,27,12,40,55,4,111,0,0,0,111
10/23/2013,GRB,WI,AGL,CE,Combined TRACON& Tower with Radar,12,42,35,4,93,0,2,17,0,19,12,44,52,4,112,29,0,29,141
10/24/2013,GRB,WI,AGL,CE,Combined TRACON& Tower with Radar,12,37,27,2,78,0,1,16,0,17,12,38,43,2,95,38,0,38,133
10/25/2013,GRB,WI,AGL,CE,Combined TRACON& Tower with Radar,10,45,21,0,76,0,0,38,2,40,10,45,59,2,116,18,0,18,134
10/26/2013,GRB,WI,AGL,CE,Combined TRACON& Tower with Radar,9,28,16,0,53,0,0,9,0,9,9,28,25,0,62,28,0,28,90
10/27/2013,GRB,WI,AGL,CE,Combined TRACON& Tower with Radar,9,31,21,0,61,0,0,44,0,44,9,31,65,0,105,22,0,22,127
10/28/2013,GRB,WI,AGL,CE,Combined TRACON& Tower with Radar,10,36,21,0,67,0,1,13,0,14,10,37,34,0,81,0,0,0,81
10/29/2013,GRB,WI,AGL,CE,Combined TRACON& Tower with Radar,12,39,23,4,78,0,2,7,0,9,12,41,30,4,87,0,0,0,87
10/30/2013,GRB,WI,AGL,CE,Combined TRACON& Tower with Radar,11,44,34,0,89,0,0,0,0,0,11,44,34,0,89,43,0,43,132
10/31/2013,GRB,WI,AGL,CE,Combined TRACON& Tower with Radar,9,33,36,2,80,0,0,0,0,0,9,33,36,2,80,0,0,0,80
11/01/2013,GRB,WI,AGL,CE,Combined TRACON& Tower with Radar,9,38,28,2,77,0,0,3,0,3,9,38,31,2,80,34,0,34,114
11/02/2013,GRB,WI,AGL,CE,Combined TRACON& Tower with Radar,6,22,42,0,70,0,0,36,0,36,6,22,78,0,106,23,0,23,129
11/03/2013,GRB,WI,AGL,CE,Combined TRACON& Tower with Radar,9,35,28,0,72,0,0,39,0,39,9,35,67,0,111,14,0,14,125
11/04/2013,GRB,WI,AGL,CE,Combined TRACON& Tower with Radar,11,78,147,2,238,0,1,7,0,8,11,79,154,2,246,30,0,30,276
11/05/2013,GRB,WI,AGL,CE,Combined TRACON& Tower with Radar,15,46,109,0,170,0,0,11,0,11,15,46,120,0,181,0,0,0,181
11/06/2013,GRB,WI,AGL,CE,Combined TRACON& Tower with Radar,8,38,24,4,74,0,0,5,0,5,8,38,29,4,79,14,0,14,93
11/07/2013,GRB,WI,AGL,CE,Combined TRACON& Tower with Radar,8,43,34,6,91,0,0,44,0,44,8,43,78,6,135,31,0,31,166
11/08/2013,GRB,WI,AGL,CE,Combined TRACON& Tower with Radar,6,44,24,0,74,0,0,20,0,20,6,44,44,0,94,24,0,24,118
11/09/2013,GRB,WI,AGL,CE,Combined TRACON& Tower with Radar,7,33,35,0,75,0,0,2,0,2,7,33,37,0,77,0,0,0,77
11/10/2013,GRB,WI,AGL,CE,Combined TRACON& Tower with Radar,11,50,105,0,166,0,0,33,0,33,11,50,138,0,199,48,0,48,247
11/11/2013,GRB,WI,AGL,CE,Combined TRACON& Tower with Radar,12,32,36,0,80,0,0,12,0,12,12,32,48,0,92,27,0,27,119
11/12/2013,GRB,WI,AGL,CE,Combined TRACON& Tower with Radar,10,41,42,1,94,0,0,21,1,22,10,41,63,2,116,50,0,50,166
11/13/2013,GRB,WI,AGL,CE,Combined TRACON& Tower with Radar,8,43,27,2,80,0,2,14,0,16,8,45,41,2,96,12,16,28,124
11/14/2013,GRB,WI,AGL,CE,Combined TRACON& Tower with Radar,8,38,30,18,94,0,0,21,0,21,8,38,51,18,115,0,0,0,115
11/15/2013,GRB,WI,AGL,CE,Combined TRACON& Tower with Radar,7,45,27,0,79,0,0,32,0,32,7,45,59,0,111,28,0,28,139
11/16/2013,GRB,WI,AGL,CE,Combined TRACON& Tower with Radar,8,40,14,2,64,0,0,0,0,0,8,40,14,2,64,8,0,8,72
11/17/2013,GRB,WI,AGL,CE,Combined TRACON& Tower with Radar,7,31,2,0,40,0,0,1,0,1,7,31,3,0,41,0,0,0,41
11/18/2013,GRB,WI,AGL,CE,Combined TRACON& Tower with Radar,16,36,24,0,76,0,1,1,0,2,16,37,25,0,78,0,0,0,78
11/19/2013,GRB,WI,AGL,CE,Combined TRACON& Tower with Radar,8,42,35,9,94,0,0,41,1,42,8,42,76,10,136,28,20,48,184
11/20/2013,GRB,WI,AGL,CE,Combined TRACON& Tower with Radar,6,40,26,0,72,0,0,11,0,11,6,40,37,0,83,29,0,29,112
11/21/2013,GRB,WI,AGL,CE,Combined TRACON& Tower with Radar,6,40,29,8,83,0,0,2,0,2,6,40,31,8,85,32,0,32,117
11/22/2013,GRB,WI,AGL,CE,Combined TRACON& Tower with Radar,10,41,31,8,90,0,0,13,0,13,10,41,44,8,103,0,0,0,103
11/23/2013,GRB,WI,AGL,CE,Combined TRACON& Tower with Radar,6,28,18,1,53,0,0,21,0,21,6,28,39,1,74,18,0,18,92
11/24/2013,GRB,WI,AGL,CE,Combined TRACON& Tower with Radar,12,44,143,1,200,0,0,29,0,29,12,44,172,1,229,16,4,20,249
11/25/2013,GRB,WI,AGL,CE,Combined TRACON& Tower with Radar,12,29,30,2,73,0,1,7,0,8,12,30,37,2,81,6,0,6,87
11/26/2013,GRB,WI,AGL,CE,Combined TRACON& Tower with Radar,11,37,34,1,83,0,0,12,1,13,11,37,46,2,96,28,0,28,124
11/27/2013,GRB,WI,AGL,CE,Combined TRACON& Tower with Radar,11,37,18,2,68,0,0,33,0,33,11,37,51,2,101,29,10,39,140
11/28/2013,GRB,WI,AGL,CE,Combined TRACON& Tower with Radar,6,15,2,0,23,0,1,4,0,5,6,16,6,0,28,30,0,30,58
11/29/2013,GRB,WI,AGL,CE,Combined TRACON& Tower with Radar,7,18,14,1,40,0,0,29,0,29,7,18,43,1,69,45,0,45,114
11/30/2013,GRB,WI,AGL,CE,Combined TRACON& Tower with Radar,9,30,13,0,52,0,0,24,0,24,9,30,37,0,76,8,0,8,84
12/01/2013,GRB,WI,AGL,CE,Combined TRACON& Tower with Radar,8,30,24,0,62,0,0,30,0,30,8,30,54,0,92,26,0,26,118
12/02/2013,GRB,WI,AGL,CE,Combined TRACON& Tower with Radar,10,40,33,6,89,0,0,8,0,8,10,40,41,6,97,16,2,18,115
12/03/2013,GRB,WI,AGL,CE,Combined TRACON& Tower with Radar,11,35,10,0,56,0,0,0,0,0,11,35,10,0,56,0,0,0,56
12/04/2013,GRB,WI,AGL,CE,Combined TRACON& Tower with Radar,9,26,12,0,47,0,0,0,0,0,9,26,12,0,47,0,0,0,47
12/05/2013,GRB,WI,AGL,CE,Combined TRACON& Tower with Radar,15,37,27,0,79,0,0,9,0,9,15,37,36,0,88,0,0,0,88
12/06/2013,GRB,WI,AGL,CE,Combined TRACON& Tower with Radar,14,29,30,0,73,0,1,29,0,30,14,30,59,0,103,18,0,18,121
12/07/2013,GRB,WI,AGL,CE,Combined TRACON& Tower with Radar,14,22,20,0,56,0,0,34,0,34,14,22,54,0,90,20,0,20,110
12/08/2013,GRB,WI,AGL,CE,Combined TRACON& Tower with Radar,14,35,56,0,105,0,0,0,0,0,14,35,56,0,105,0,0,0,105
12/09/2013,GRB,WI,AGL,CE,Combined TRACON& Tower with Radar,13,34,44,0,91,0,1,8,4,13,13,35,52,4,104,0,0,0,104
12/10/2013,GRB,WI,AGL,CE,Combined TRACON& Tower with Radar,12,29,35,1,77,0,0,7,0,7,12,29,42,1,84,31,0,31,115
12/11/2013,GRB,WI,AGL,CE,Combined TRACON& Tower with Radar,14,31,31,1,77,0,0,7,0,7,14,31,38,1,84,6,0,6,90
12/12/2013,GRB,WI,AGL,CE,Combined TRACON& Tower with Radar,12,32,24,0,68,0,0,18,0,18,12,32,42,0,86,18,0,18,104
12/13/2013,GRB,WI,AGL,CE,Combined TRACON& Tower with Radar,15,34,26,14,89,0,0,14,0,14,15,34,40,14,103,26,12,38,141
12/14/2013,GRB,WI,AGL,CE,Combined TRACON& Tower with Radar,13,15,2,0,30,0,0,0,0,0,13,15,2,0,30,0,0,0,30
12/15/2013,GRB,WI,AGL,CE,Combined TRACON& Tower with Radar,13,22,13,0,48,0,0,9,0,9,13,22,22,0,57,0,0,0,57
12/16/2013,GRB,WI,AGL,CE,Combined TRACON& Tower with Radar,12,32,34,2,80,0,0,6,0,6,12,32,40,2,86,14,0,14,100
12/17/2013,GRB,WI,AGL,CE,Combined TRACON& Tower with Radar,16,28,39,1,84,0,2,11,0,13,16,30,50,1,97,32,0,32,129
12/18/2013,GRB,WI,AGL,CE,Combined TRACON& Tower with Radar,14,33,38,8,93,0,0,43,1,44,14,33,81,9,137,8,0,8,145
12/19/2013,GRB,WI,AGL,CE,Combined TRACON& Tower with Radar,8,35,29,4,76,0,0,7,0,7,8,35,36,4,83,8,6,14,97
12/20/2013,GRB,WI,AGL,CE,Combined TRACON& Tower with Radar,10,34,13,0,57,0,0,0,0,0,10,34,13,0,57,2,0,2,59
12/21/2013,GRB,WI,AGL,CE,Combined TRACON& Tower with Radar,6,29,14,0,49,0,0,1,0,1,6,29,15,0,50,0,0,0,50
12/22/2013,GRB,WI,AGL,CE,Combined TRACON& Tower with Radar,11,32,38,0,81,0,0,0,0,0,11,32,38,0,81,0,0,0,81
12/23/2013,GRB,WI,AGL,CE,Combined TRACON& Tower with Radar,11,30,17,0,58,0,0,1,0,1,11,30,18,0,59,0,0,0,59
12/24/2013,GRB,WI,AGL,CE,Combined TRACON& Tower with Radar,7,21,6,0,34,0,0,12,0,12,7,21,18,0,46,0,0,0,46
12/25/2013,GRB,WI,AGL,CE,Combined TRACON& Tower with Radar,3,17,0,0,20,0,0,0,0,0,3,17,0,0,20,0,0,0,20
12/26/2013,GRB,WI,AGL,CE,Combined TRACON& Tower with Radar,10,34,8,8,60,0,1,12,0,13,10,35,20,8,73,8,12,20,93
12/27/2013,GRB,WI,AGL,CE,Combined TRACON& Tower with Radar,10,33,28,0,71,0,0,17,0,17,10,33,45,0,88,14,0,14,102
12/28/2013,GRB,WI,AGL,CE,Combined TRACON& Tower with Radar,6,30,17,0,53,0,0,42,0,42,6,30,59,0,95,30,0,30,125
12/29/2013,GRB,WI,AGL,CE,Combined TRACON& Tower with Radar,10,20,8,0,38,0,0,4,0,4,10,20,12,0,42,24,0,24,66
12/30/2013,GRB,WI,AGL,CE,Combined TRACON& Tower with Radar,6,29,20,0,55,0,0,15,0,15,6,29,35,0,70,46,0,46,116
12/31/2013,GRB,WI,AGL,CE,Combined TRACON& Tower with Radar,7,28,4,0,39,0,0,8,0,8,7,28,12,0,47,18,0,18,65
01/01/2014,GRB,WI,AGL,CE,Combined TRACON& Tower with Radar,5,18,11,0,34,0,0,12,0,12,5,18,23,0,46,0,0,0,46
01/02/2014,GRB,WI,AGL,CE,Combined TRACON& Tower with Radar,9,19,16,16,60,0,1,8,0,9,9,20,24,16,69,0,0,0,69
01/03/2014,GRB,WI,AGL,CE,Combined TRACON& Tower with Radar,10,27,14,12,63,0,0,5,0,5,10,27,19,12,68,0,0,0,68
01/04/2014,GRB,WI,AGL,CE,Combined TRACON& Tower with Radar,3,23,12,0,38,0,0,0,0,0,3,23,12,0,38,0,0,0,38
01/05/2014,GRB,WI,AGL,CE,Combined TRACON& Tower with Radar,12,22,83,0,117,0,0,11,0,11,12,22,94,0,128,0,0,0,128
01/06/2014,GRB,WI,AGL,CE,Combined TRACON& Tower with Radar,7,15,16,0,38,0,0,4,0,4,7,15,20,0,42,0,0,0,42
01/07/2014,GRB,WI,AGL,CE,Combined TRACON& Tower with Radar,4,18,20,0,42,0,0,0,0,0,4,18,20,0,42,0,0,0,42
01/08/2014,GRB,WI,AGL,CE,Combined TRACON& Tower with Radar,9,25,27,0,61,0,0,16,0,16,9,25,43,0,77,10,0,10,87
01/09/2014,GRB,WI,AGL,CE,Combined TRACON& Tower with Radar,9,40,23,0,72,0,1,28,0,29,9,41,51,0,101,12,6,18,119
01/10/2014,GRB,WI,AGL,CE,Combined TRACON& Tower with Radar,6,33,17,0,56,0,0,0,0,0,6,33,17,0,56,0,0,0,56
01/11/2014,GRB,WI,AGL,CE,Combined TRACON& Tower with Radar,3,22,14,0,39,0,0,0,0,0,3,22,14,0,39,8,0,8,47
01/12/2014,GRB,WI,AGL,CE,Combined TRACON& Tower with Radar,9,23,15,0,47,0,0,20,0,20,9,23,35,0,67,18,0,18,85
01/13/2014,GRB,WI,AGL,CE,Combined TRACON& Tower with Radar,8,35,30,0,73,0,0,18,0,18,8,35,48,0,91,12,0,12,103
01/14/2014,GRB,WI,AGL,CE,Combined TRACON& Tower with Radar,6,19,12,0,37,0,0,0,0,0,6,19,12,0,37,0,0,0,37
01/15/2014,GRB,WI,AGL,CE,Combined TRACON& Tower with Radar,6,39,34,6,85,0,0,16,2,18,6,39,50,8,103,10,8,18,121
01/16/2014,GRB,WI,AGL,CE,Combined TRACON& Tower with Radar,8,37,29,0,74,0,0,1,0,1,8,37,30,0,75,12,0,12,87
01/17/2014,GRB,WI,AGL,CE,Combined TRACON& Tower with Radar,7,36,20,0,63,0,1,0,0,1,7,37,20,0,64,6,0,6,70
01/18/2014,GRB,WI,AGL,CE,Combined TRACON& Tower with Radar,7,17,13,0,37,0,0,9,0,9,7,17,22,0,46,18,0,18,64
01/19/2014,GRB,WI,AGL,CE,Combined TRACON& Tower with Radar,8,23,14,0,45,0,0,11,0,11,8,23,25,0,56,60,0,60,116
01/20/2014,GRB,WI,AGL,CE,Combined TRACON& Tower with Radar,8,33,45,0,86,0,0,24,0,24,8,33,69,0,110,58,0,58,168
01/21/2014,GRB,WI,AGL,CE,Combined TRACON& Tower with Radar,10,33,25,1,69,0,1,19,1,21,10,34,44,2,90,6,0,6,96
01/22/2014,GRB,WI,AGL,CE,Combined TRACON& Tower with Radar,9,33,25,0,67,0,0,0,0,0,9,33,25,0,67,0,0,0,67
01/23/2014,GRB,WI,AGL,CE,Combined TRACON& Tower with Radar,8,34,34,0,76,0,2,28,0,30,8,36,62,0,106,42,0,42,148
01/24/2014,GRB,WI,AGL,CE,Combined TRACON& Tower with Radar,8,26,19,0,53,0,0,2,0,2,8,26,21,0,55,0,0,0,55
01/25/2014,GRB,WI,AGL,CE,Combined TRACON& Tower with Radar,5,22,3,2,32,0,0,0,0,0,5,22,3,2,32,0,0,0,32
01/26/2014,GRB,WI,AGL,CE,Combined TRACON& Tower with Radar,6,23,14,0,43,0,0,4,0,4,6,23,18,0,47,10,0,10,57
01/27/2014,GRB,WI,AGL,CE,Combined TRACON& Tower with Radar,8,24,16,0,48,0,0,8,0,8,8,24,24,0,56,23,0,23,79
01/28/2014,GRB,WI,AGL,CE,Combined TRACON& Tower with Radar,8,22,30,0,60,0,2,11,0,13,8,24,41,0,73,38,0,38,111
01/29/2014,GRB,WI,AGL,CE,Combined TRACON& Tower with Radar,7,38,33,0,78,0,1,25,0,26,7,39,58,0,104,0,0,0,104
01/30/2014,GRB,WI,AGL,CE,Combined TRACON& Tower with Radar,7,28,14,0,49,0,0,0,0,0,7,28,14,0,49,0,0,0,49
01/31/2014,GRB,WI,AGL,CE,Combined TRACON& Tower with Radar,8,36,25,0,69,0,0,21,0,21,8,36,46,0,90,36,0,36,126
02/01/2014,GRB,WI,AGL,CE,Combined TRACON& Tower with Radar,3,26,11,0,40,0,0,2,0,2,3,26,13,0,42,14,0,14,56
02/02/2014,GRB,WI,AGL,CE,Combined TRACON& Tower with Radar,5,25,24,0,54,0,0,31,0,31,5,25,55,0,85,22,0,22,107
02/03/2014,GRB,WI,AGL,CE,Combined TRACON& Tower with Radar,8,39,31,0,78,0,1,21,0,22,8,40,52,0,100,8,0,8,108
02/04/2014,GRB,WI,AGL,CE,Combined TRACON& Tower with Radar,8,27,21,0,56,0,1,20,1,22,8,28,41,1,78,6,0,6,84
02/05/2014,GRB,WI,AGL,CE,Combined TRACON& Tower with Radar,8,33,22,4,67,0,1,9,0,10,8,34,31,4,77,0,0,0,77
02/06/2014,GRB,WI,AGL,CE,Combined TRACON& Tower with Radar,8,37,25,0,70,0,1,21,0,22,8,38,46,0,92,0,0,0,92
02/07/2014,GRB,WI,AGL,CE,Combined TRACON& Tower with Radar,8,35,24,0,67,0,0,10,0,10,8,35,34,0,77,30,0,30,107
02/08/2014,GRB,WI,AGL,CE,Combined TRACON& Tower with Radar,4,22,7,0,33,0,0,20,0,20,4,22,27,0,53,33,0,33,86
02/09/2014,GRB,WI,AGL,CE,Combined TRACON& Tower with Radar,8,24,6,0,38,0,0,24,0,24,8,24,30,0,62,0,0,0,62
02/10/2014,GRB,WI,AGL,CE,Combined TRACON& Tower with Radar,10,32,34,0,76,0,0,21,0,21,10,32,55,0,97,0,0,0,97
02/11/2014,GRB,WI,AGL,CE,Combined TRACON& Tower with Radar,7,38,31,1,77,0,0,12,0,12,7,38,43,1,89,0,0,0,89
02/12/2014,GRB,WI,AGL,CE,Combined TRACON& Tower with Radar,6,37,32,0,75,0,1,0,0,1,6,38,32,0,76,0,0,0,76
02/13/2014,GRB,WI,AGL,CE,Combined TRACON& Tower with Radar,9,35,14,0,58,0,0,0,0,0,9,35,14,0,58,0,0,0,58
02/14/2014,GRB,WI,AGL,CE,Combined TRACON& Tower with Radar,9,38,25,6,78,0,2,23,0,25,9,40,48,6,103,0,0,0,103
02/15/2014,GRB,WI,AGL,CE,Combined TRACON& Tower with Radar,4,25,13,0,42,0,0,32,0,32,4,25,45,0,74,0,0,0,74
02/16/2014,GRB,WI,AGL,CE,Combined TRACON& Tower with Radar,6,33,20,0,59,0,0,30,0,30,6,33,50,0,89,0,0,0,89
02/17/2014,GRB,WI,AGL,CE,Combined TRACON& Tower with Radar,8,13,19,0,40,0,0,0,0,0,8,13,19,0,40,0,0,0,40
02/18/2014,GRB,WI,AGL,CE,Combined TRACON& Tower with Radar,12,39,35,0,86,0,0,18,0,18,12,39,53,0,104,18,0,18,122
02/19/2014,GRB,WI,AGL,CE,Combined TRACON& Tower with Radar,9,38,41,0,88,0,0,65,0,65,9,38,106,0,153,20,0,20,173
02/20/2014,GRB,WI,AGL,CE,Combined TRACON& Tower with Radar,7,28,10,0,45,0,0,0,0,0,7,28,10,0,45,0,0,0,45
02/21/2014,GRB,WI,AGL,CE,Combined TRACON& Tower with Radar,10,28,22,0,60,0,0,1,0,1,10,28,23,0,61,26,0,26,87
02/22/2014,GRB,WI,AGL,CE,Combined TRACON& Tower with Radar,4,24,10,1,39,0,1,19,1,21,4,25,29,2,60,8,0,8,68
02/23/2014,GRB,WI,AGL,CE,Combined TRACON& Tower with Radar,8,27,17,0,52,0,0,14,0,14,8,27,31,0,66,34,0,34,100
02/24/2014,GRB,WI,AGL,CE,Combined TRACON& Tower with Radar,10,35,38,4,87,0,1,26,0,27,10,36,64,4,114,47,0,47,161
02/25/2014,GRB,WI,AGL,CE,Combined TRACON& Tower with Radar,12,36,40,1,89,0,1,13,0,14,12,37,53,1,103,0,0,0,103
02/26/2014,GRB,WI,AGL,CE,Combined TRACON& Tower with Radar,12,32,37,8,89,0,1,15,0,16,12,33,52,8,105,13,10,23,128
02/27/2014,GRB,WI,AGL,CE,Combined TRACON& Tower with Radar,12,37,19,0,68,0,1,11,2,14,12,38,30,2,82,0,0,0,82
02/28/2014,GRB,WI,AGL,CE,Combined TRACON& Tower with Radar,10,44,50,8,112,0,0,19,0,19,10,44,69,8,131,18,14,32,163
03/01/2014,GRB,WI,AGL,CE,Combined TRACON& Tower with Radar,5,24,11,0,40,0,0,6,1,7,5,24,17,1,47,0,0,0,47
03/02/2014,GRB,WI,AGL,CE,Combined TRACON& Tower with Radar,8,24,10,0,42,0,0,19,0,19,8,24,29,0,61,58,0,58,119
03/03/2014,GRB,WI,AGL,CE,Combined TRACON& Tower with Radar,12,32,27,0,71,0,0,13,0,13,12,32,40,0,84,18,0,18,102
03/04/2014,GRB,WI,AGL,CE,Combined TRACON& Tower with Radar,11,32,18,0,61,0,0,13,0,13,11,32,31,0,74,0,0,0,74
03/05/2014,GRB,WI,AGL,CE,Combined TRACON& Tower with Radar,9,31,35,2,77,0,0,22,0,22,9,31,57,2,99,4,0,4,103
03/06/2014,GRB,WI,AGL,CE,Combined TRACON& Tower with Radar,12,39,32,4,87,0,0,23,0,23,12,39,55,4,110,4,12,16,126
03/07/2014,GRB,WI,AGL,CE,Combined TRACON& Tower with Radar,11,37,33,8,89,0,0,9,0,9,11,37,42,8,98,7,8,15,113
03/08/2014,GRB,WI,AGL,CE,Combined TRACON& Tower with Radar,3,30,13,0,46,0,0,24,0,24,3,30,37,0,70,24,0,24,94
03/09/2014,GRB,WI,AGL,CE,Combined TRACON& Tower with Radar,8,30,19,0,57,0,0,12,0,12,8,30,31,0,69,16,0,16,85
03/10/2014,GRB,WI,AGL,CE,Combined TRACON& Tower with Radar,14,32,22,0,68,0,0,27,0,27,14,32,49,0,95,23,0,23,118
03/11/2014,GRB,WI,AGL,CE,Combined TRACON& Tower with Radar,14,33,26,6,79,0,0,21,1,22,14,33,47,7,101,6,0,6,107
03/12/2014,GRB,WI,AGL,CE,Combined TRACON& Tower with Radar,10,27,20,0,57,0,0,15,0,15,10,27,35,0,72,18,6,24,96
03/13/2014,GRB,WI,AGL,CE,Combined TRACON& Tower with Radar,12,35,47,14,108,0,1,26,2,29,12,36,73,16,137,14,0,14,151
03/14/2014,GRB,WI,AGL,CE,Combined TRACON& Tower with Radar,14,39,35,0,88,0,1,26,0,27,14,40,61,0,115,10,0,10,125
03/15/2014,GRB,WI,AGL,CE,Combined TRACON& Tower with Radar,6,32,29,0,67,0,0,21,0,21,6,32,50,0,88,10,0,10,98
03/16/2014,GRB,WI,AGL,CE,Combined TRACON& Tower with Radar,8,32,19,0,59,0,0,31,0,31,8,32,50,0,90,16,0,16,106
03/17/2014,GRB,WI,AGL,CE,Combined TRACON& Tower with Radar,12,35,21,0,68,0,0,2,0,2,12,35,23,0,70,12,0,12,82
03/18/2014,GRB,WI,AGL,CE,Combined TRACON& Tower with Radar,12,37,23,7,79,0,0,8,1,9,12,37,31,8,88,12,0,12,100
03/19/2014,GRB,WI,AGL,CE,Combined TRACON& Tower with Radar,12,37,23,0,72,0,0,0,0,0,12,37,23,0,72,4,0,4,76
03/20/2014,GRB,WI,AGL,CE,Combined TRACON& Tower with Radar,14,34,32,13,93,0,0,39,1,40,14,34,71,14,133,14,6,20,153
03/21/2014,GRB,WI,AGL,CE,Combined TRACON& Tower with Radar,12,35,19,0,66,0,0,11,0,11,12,35,30,0,77,0,0,0,77
03/22/2014,GRB,WI,AGL,CE,Combined TRACON& Tower with Radar,4,28,9,0,41,0,0,10,0,10,4,28,19,0,51,0,0,0,51
03/23/2014,GRB,WI,AGL,CE,Combined TRACON& Tower with Radar,8,30,20,0,58,0,0,46,0,46,8,30,66,0,104,8,0,8,112
03/24/2014,GRB,WI,AGL,CE,Combined TRACON& Tower with Radar,12,34,16,0,62,0,0,17,0,17,12,34,33,0,79,8,0,8,87
03/25/2014,GRB,WI,AGL,CE,Combined TRACON& Tower with Radar,12,34,21,0,67,0,0,20,0,20,12,34,41,0,87,0,0,0,87
03/26/2014,GRB,WI,AGL,CE,Combined TRACON& Tower with Radar,11,34,24,11,80,0,1,23,0,24,11,35,47,11,104,0,0,0,104
03/27/2014,GRB,WI,AGL,CE,Combined TRACON& Tower with Radar,11,31,14,0,56,0,0,0,0,0,11,31,14,0,56,0,0,0,56
03/28/2014,GRB,WI,AGL,CE,Combined TRACON& Tower with Radar,12,33,28,0,73,0,0,37,1,38,12,33,65,1,111,72,0,72,183
03/29/2014,GRB,WI,AGL,CE,Combined TRACON& Tower with Radar,4,29,28,0,61,0,0,63,0,63,4,29,91,0,124,96,0,96,220
03/30/2014,GRB,WI,AGL,CE,Combined TRACON& Tower with Radar,8,31,23,0,62,0,0,33,0,33,8,31,56,0,95,64,0,64,159
03/31/2014,GRB,WI,AGL,CE,Combined TRACON& Tower with Radar,12,34,25,0,71,0,0,14,0,14,12,34,39,0,85,36,0,36,121
04/01/2014,GRB,WI,AGL,CE,Combined TRACON& Tower with Radar,19,33,30,0,82,0,0,8,0,8,19,33,38,0,90,0,0,0,90
04/02/2014,GRB,WI,AGL,CE,Combined TRACON& Tower with Radar,18,39,32,0,89,0,0,28,0,28,18,39,60,0,117,24,0,24,141
04/03/2014,GRB,WI,AGL,CE,Combined TRACON& Tower with Radar,15,30,26,2,73,0,0,3,0,3,15,30,29,2,76,0,0,0,76
04/04/2014,GRB,WI,AGL,CE,Combined TRACON& Tower with Radar,15,31,14,0,60,0,0,0,0,0,15,31,14,0,60,6,0,6,66
04/05/2014,GRB,WI,AGL,CE,Combined TRACON& Tower with Radar,11,22,20,0,53,0,0,42,0,42,11,22,62,0,95,22,0,22,117
04/06/2014,GRB,WI,AGL,CE,Combined TRACON& Tower with Radar,17,26,29,0,72,0,0,52,0,52,17,26,81,0,124,32,0,32,156
04/07/2014,GRB,WI,AGL,CE,Combined TRACON& Tower with Radar,15,25,25,2,67,0,1,19,0,20,15,26,44,2,87,16,0,16,103
04/08/2014,GRB,WI,AGL,CE,Combined TRACON& Tower with Radar,16,32,47,8,103,0,3,29,0,32,16,35,76,8,135,4,12,16,151
04/09/2014,GRB,WI,AGL,CE,Combined TRACON& Tower with Radar,16,40,44,0,100,0,2,43,0,45,16,42,87,0,145,0,0,0,145
04/10/2014,GRB,WI,AGL,CE,Combined TRACON& Tower with Radar,16,36,33,0,85,0,0,23,0,23,16,36,56,0,108,12,0,12,120
04/11/2014,GRB,WI,AGL,CE,Combined TRACON& Tower with Radar,16,35,36,0,87,0,3,30,0,33,16,38,66,0,120,12,0,12,132
04/12/2014,GRB,WI,AGL,CE,Combined TRACON& Tower with Radar,10,20,23,0,53,0,0,2,0,2,10,20,25,0,55,0,0,0,55
04/13/2014,GRB,WI,AGL,CE,Combined TRACON& Tower with Radar,14,23,16,0,53,0,0,2,0,2,14,23,18,0,55,4,0,4,59
04/14/2014,GRB,WI,AGL,CE,Combined TRACON& Tower with Radar,16,28,10,0,54,0,0,3,0,3,16,28,13,0,57,0,0,0,57
04/15/2014,GRB,WI,AGL,CE,Combined TRACON& Tower with Radar,16,33,37,0,86,0,0,28,0,28,16,33,65,0,114,10,0,10,124
04/16/2014,GRB,WI,AGL,CE,Combined TRACON& Tower with Radar,16,41,33,0,90,0,0,10,0,10,16,41,43,0,100,0,0,0,100
04/17/2014,GRB,WI,AGL,CE,Combined TRACON& Tower with Radar,16,35,32,5,88,0,0,19,0,19,16,35,51,5,107,0,0,0,107
04/18/2014,GRB,WI,AGL,CE,Combined TRACON& Tower with Radar,18,29,22,1,70,0,0,48,1,49,18,29,70,2,119,0,0,0,119
04/19/2014,GRB,WI,AGL,CE,Combined TRACON& Tower with Radar,9,20,13,0,42,0,0,44,0,44,9,20,57,0,86,0,0,0,86
04/20/2014,GRB,WI,AGL,CE,Combined TRACON& Tower with Radar,11,23,10,0,44,0,0,8,0,8,11,23,18,0,52,0,0,0,52
04/21/2014,GRB,WI,AGL,CE,Combined TRACON& Tower with Radar,18,29,33,2,82,0,1,19,0,20,18,30,52,2,102,12,12,24,126
04/22/2014,GRB,WI,AGL,CE,Combined TRACON& Tower with Radar,16,33,38,3,90,0,0,29,3,32,16,33,67,6,122,0,0,0,122
04/23/2014,GRB,WI,AGL,CE,Combined TRACON& Tower with Radar,16,36,38,0,90,0,0,42,0,42,16,36,80,0,132,28,0,28,160
04/24/2014,GRB,WI,AGL,CE,Combined TRACON& Tower with Radar,14,41,24,0,79,0,0,7,0,7,14,41,31,0,86,10,0,10,96
04/25/2014,GRB,WI,AGL,CE,Combined TRACON& Tower with Radar,16,34,33,0,83,0,0,18,0,18,16,34,51,0,101,20,0,20,121
04/26/2014,GRB,WI,AGL,CE,Combined TRACON& Tower with Radar,10,22,41,0,73,0,0,43,0,43,10,22,84,0,116,12,0,12,128
04/27/2014,GRB,WI,AGL,CE,Combined TRACON& Tower with Radar,16,29,18,0,63,0,0,13,0,13,16,29,31,0,76,15,0,15,91
04/28/2014,GRB,WI,AGL,CE,Combined TRACON& Tower with Radar,16,25,21,0,62,0,0,4,1,5,16,25,25,1,67,0,0,0,67
04/29/2014,GRB,WI,AGL,CE,Combined TRACON& Tower with Radar,16,24,21,0,61,0,0,0,0,0,16,24,21,0,61,0,0,0,61
04/30/2014,GRB,WI,AGL,CE,Combined TRACON& Tower with Radar,17,36,41,8,102,0,0,2,0,2,17,36,43,8,104,2,4,6,110
05/01/2014,GRB,WI,AGL,CE,Combined TRACON& Tower with Radar,15,36,27,18,96,0,0,2,0,2,15,36,29,18,98,14,0,14,112
05/02/2014,GRB,WI,AGL,CE,Combined TRACON& Tower with Radar,16,33,40,0,89,0,0,7,0,7,16,33,47,0,96,27,0,27,123
05/03/2014,GRB,WI,AGL,CE,Combined TRACON& Tower with Radar,9,25,24,0,58,0,0,15,0,15,9,25,39,0,73,25,0,25,98
05/04/2014,GRB,WI,AGL,CE,Combined TRACON& Tower with Radar,11,32,11,0,54,0,0,78,0,78,11,32,89,0,132,24,0,24,156
05/05/2014,GRB,WI,AGL,CE,Combined TRACON& Tower with Radar,18,29,23,0,70,0,0,24,0,24,18,29,47,0,94,25,0,25,119
05/06/2014,GRB,WI,AGL,CE,Combined TRACON& Tower with Radar,18,31,38,10,97,0,0,57,2,59,18,31,95,12,156,12,18,30,186
05/07/2014,GRB,WI,AGL,CE,Combined TRACON& Tower with Radar,18,33,27,2,80,0,0,2,0,2,18,33,29,2,82,0,0,0,82
05/08/2014,GRB,WI,AGL,CE,Combined TRACON& Tower with Radar,18,40,24,0,82,0,0,7,0,7,18,40,31,0,89,16,0,16,105
05/09/2014,GRB,WI,AGL,CE,Combined TRACON& Tower with Radar,18,30,33,0,81,0,0,9,0,9,18,30,42,0,90,18,0,18,108
05/10/2014,GRB,WI,AGL,CE,Combined TRACON& Tower with Radar,7,27,31,0,65,0,0,65,0,65,7,27,96,0,130,40,0,40,170
05/11/2014,GRB,WI,AGL,CE,Combined TRACON& Tower with Radar,9,23,13,0,45,0,0,27,0,27,9,23,40,0,72,24,0,24,96
05/12/2014,GRB,WI,AGL,CE,Combined TRACON& Tower with Radar,16,23,24,0,63,0,0,0,0,0,16,23,24,0,63,0,0,0,63
05/13/2014,GRB,WI,AGL,CE,Combined TRACON& Tower with Radar,18,21,48,0,87,0,0,7,0,7,18,21,55,0,94,18,0,18,112
05/14/2014,GRB,WI,AGL,CE,Combined TRACON& Tower with Radar,18,29,39,16,102,0,0,48,0,48,18,29,87,16,150,21,5,26,176
05/15/2014,GRB,WI,AGL,CE,Combined TRACON& Tower with Radar,18,33,29,4,84,0,0,12,0,12,18,33,41,4,96,26,0,26,122
05/16/2014,GRB,WI,AGL,CE,Combined TRACON& Tower with Radar,20,32,31,0,83,0,0,32,0,32,20,32,63,0,115,6,0,6,121
05/17/2014,GRB,WI,AGL,CE,Combined TRACON& Tower with Radar,10,24,18,0,52,0,0,36,1,37,10,24,54,1,89,30,0,30,119
05/18/2014,GRB,WI,AGL,CE,Combined TRACON& Tower with Radar,18,25,20,0,63,0,0,46,3,49,18,25,66,3,112,16,0,16,128
05/19/2014,GRB,WI,AGL,CE,Combined TRACON& Tower with Radar,18,26,27,0,71,0,0,28,0,28,18,26,55,0,99,20,0,20,119
05/20/2014,GRB,WI,AGL,CE,Combined TRACON& Tower with Radar,20,27,34,6,87,0,0,19,1,20,20,27,53,7,107,22,38,60,167
05/21/2014,GRB,WI,AGL,CE,Combined TRACON& Tower with Radar,19,32,37,9,97,0,0,32,0,32,19,32,69,9,129,10,16,26,155
05/22/2014,GRB,WI,AGL,CE,Combined TRACON& Tower with Radar,16,33,54,16,119,0,0,57,0,57,16,33,111,16,176,24,24,48,224
05/23/2014,GRB,WI,AGL,CE,Combined TRACON& Tower with Radar,18,34,30,2,84,0,0,56,3,59,18,34,86,5,143,26,0,26,169
05/24/2014,GRB,WI,AGL,CE,Combined TRACON& Tower with Radar,9,23,24,0,56,0,0,46,0,46,9,23,70,0,102,22,0,22,124
05/25/2014,GRB,WI,AGL,CE,Combined TRACON& Tower with Radar,8,20,16,0,44,0,0,28,0,28,8,20,44,0,72,28,0,28,100
05/26/2014,GRB,WI,AGL,CE,Combined TRACON& Tower with Radar,15,18,15,0,48,0,0,23,0,23,15,18,38,0,71,0,0,0,71
05/27/2014,GRB,WI,AGL,CE,Combined TRACON& Tower with Radar,18,29,22,1,70,0,1,11,0,12,18,30,33,1,82,14,0,14,96
05/28/2014,GRB,WI,AGL,CE,Combined TRACON& Tower with Radar,19,34,44,1,98,0,1,33,0,34,19,35,77,1,132,18,0,18,150
05/29/2014,GRB,WI,AGL,CE,Combined TRACON& Tower with Radar,18,34,29,6,87,0,0,40,0,40,18,34,69,6,127,18,8,26,153
05/30/2014,GRB,WI,AGL,CE,Combined TRACON& Tower with Radar,18,31,27,1,77,0,1,41,1,43,18,32,68,2,120,42,0,42,162
05/31/2014,GRB,WI,AGL,CE,Combined TRACON& Tower with Radar,10,23,19,0,52,0,0,41,0,41,10,23,60,0,93,52,0,52,145
06/01/2014,GRB,WI,AGL,CE,Combined TRACON& Tower with Radar,10,23,12,0,45,0,0,5,0,5,10,23,17,0,50,0,0,0,50
06/02/2014,GRB,WI,AGL,CE,Combined TRACON& Tower with Radar,18,31,34,1,84,0,0,5,1,6,18,31,39,2,90,0,0,0,90
06/03/2014,GRB,WI,AGL,CE,Combined TRACON& Tower with Radar,18,29,31,1,79,0,0,12,1,13,18,29,43,2,92,11,0,11,103
06/04/2014,GRB,WI,AGL,CE,Combined TRACON& Tower with Radar,18,32,29,4,83,0,0,27,0,27,18,32,56,4,110,20,10,30,140
06/05/2014,GRB,WI,AGL,CE,Combined TRACON& Tower with Radar,17,33,47,8,105,0,0,30,2,32,17,33,77,10,137,0,0,0,137
06/06/2014,GRB,WI,AGL,CE,Combined TRACON& Tower with Radar,19,30,17,6,72,0,0,37,0,37,19,30,54,6,109,36,10,46,155
06/07/2014,GRB,WI,AGL,CE,Combined TRACON& Tower with Radar,9,19,7,0,35,0,0,21,0,21,9,19,28,0,56,0,0,0,56
06/08/2014,GRB,WI,AGL,CE,Combined TRACON& Tower with Radar,17,27,9,0,53,0,1,22,0,23,17,28,31,0,76,16,0,16,92
06/09/2014,GRB,WI,AGL,CE,Combined TRACON& Tower with Radar,22,30,28,0,80,0,1,36,0,37,22,31,64,0,117,23,0,23,140
06/10/2014,GRB,WI,AGL,CE,Combined TRACON& Tower with Radar,19,29,37,2,87,0,0,31,2,33,19,29,68,4,120,10,0,10,130
06/11/2014,GRB,WI,AGL,CE,Combined TRACON& Tower with Radar,19,29,31,1,80,0,0,26,2,28,19,29,57,3,108,21,0,21,129
06/12/2014,GRB,WI,AGL,CE,Combined TRACON& Tower with Radar,20,30,38,4,92,0,0,11,2,13,20,30,49,6,105,0,0,0,105
06/13/2014,GRB,WI,AGL,CE,Combined TRACON& Tower with Radar,20,33,25,7,85,0,0,32,0,32,20,33,57,7,117,0,13,13,130
06/14/2014,GRB,WI,AGL,CE,Combined TRACON& Tower with Radar,9,20,10,0,39,0,0,31,0,31,9,20,41,0,70,19,0,19,89
06/15/2014,GRB,WI,AGL,CE,Combined TRACON& Tower with Radar,19,24,9,1,53,0,0,13,0,13,19,24,22,1,66,25,0,25,91
06/16/2014,GRB,WI,AGL,CE,Combined TRACON& Tower with Radar,18,31,41,0,90,0,0,47,0,47,18,31,88,0,137,44,0,44,181
06/17/2014,GRB,WI,AGL,CE,Combined TRACON& Tower with Radar,18,28,46,10,102,0,0,23,0,23,18,28,69,10,125,0,0,0,125
06/18/2014,GRB,WI,AGL,CE,Combined TRACON& Tower with Radar,23,20,39,6,88,0,0,3,0,3,23,20,42,6,91,46,0,46,137
06/19/2014,GRB,WI,AGL,CE,Combined TRACON& Tower with Radar,22,29,41,0,92,0,0,15,0,15,22,29,56,0,107,28,0,28,135
06/20/2014,GRB,WI,AGL,CE,Combined TRACON& Tower with Radar,20,32,37,0,89,0,0,0,0,0,20,32,37,0,89,0,0,0,89
06/21/2014,GRB,WI,AGL,CE,Combined TRACON& Tower with Radar,13,22,26,0,61,0,0,3,0,3,13,22,29,0,64,18,0,18,82
06/22/2014,GRB,WI,AGL,CE,Combined TRACON& Tower with Radar,23,27,41,0,91,0,0,7,0,7,23,27,48,0,98,72,0,72,170
06/23/2014,GRB,WI,AGL,CE,Combined TRACON& Tower with Radar,20,31,24,0,75,0,0,8,0,8,20,31,32,0,83,27,0,27,110
06/24/2014,GRB,WI,AGL,CE,Combined TRACON& Tower with Radar,19,28,41,0,88,0,1,10,0,11,19,29,51,0,99,27,0,27,126
06/25/2014,GRB,WI,AGL,CE,Combined TRACON& Tower with Radar,21,31,35,2,89,0,0,11,0,11,21,31,46,2,100,0,0,0,100
06/26/2014,GRB,WI,AGL,CE,Combined TRACON& Tower with Radar,22,29,52,11,114,0,0,78,2,80,22,29,130,13,194,0,0,0,194
06/27/2014,GRB,WI,AGL,CE,Combined TRACON& Tower with Radar,20,24,32,2,78,0,0,34,0,34,20,24,66,2,112,26,0,26,138
06/28/2014,GRB,WI,AGL,CE,Combined TRACON& Tower with Radar,11,19,15,0,45,0,0,21,0,21,11,19,36,0,66,4,0,4,70
06/29/2014,GRB,WI,AGL,CE,Combined TRACON& Tower with Radar,19,23,14,0,56,0,0,12,0,12,19,23,26,0,68,0,0,0,68
06/30/2014,GRB,WI,AGL,CE,Combined TRACON& Tower with Radar,17,25,20,0,62,0,0,10,0,10,17,25,30,0,72,18,0,18,90
07/01/2014,GRB,WI,AGL,CE,Combined TRACON& Tower with Radar,16,29,30,14,89,0,0,12,1,13,16,29,42,15,102,19,18,37,139
07/02/2014,GRB,WI,AGL,CE,Combined TRACON& Tower with Radar,23,29,43,2,97,0,0,19,0,19,23,29,62,2,116,0,0,0,116
07/03/2014,GRB,WI,AGL,CE,Combined TRACON& Tower with Radar,22,31,22,5,80,0,0,52,1,53,22,31,74,6,133,14,0,14,147
07/04/2014,GRB,WI,AGL,CE,Combined TRACON& Tower with Radar,10,19,6,0,35,0,0,20,0,20,10,19,26,0,55,0,0,0,55
07/05/2014,GRB,WI,AGL,CE,Combined TRACON& Tower with Radar,13,18,8,0,39,0,0,9,0,9,13,18,17,0,48,18,0,18,66
07/06/2014,GRB,WI,AGL,CE,Combined TRACON& Tower with Radar,15,29,19,0,63,0,0,9,0,9,15,29,28,0,72,6,0,6,78
07/07/2014,GRB,WI,AGL,CE,Combined TRACON& Tower with Radar,26,27,24,0,77,0,0,34,3,37,26,27,58,3,114,36,0,36,150
07/08/2014,GRB,WI,AGL,CE,Combined TRACON& Tower with Radar,20,24,52,1,97,0,0,9,1,10,20,24,61,2,107,24,0,24,131
07/09/2014,GRB,WI,AGL,CE,Combined TRACON& Tower with Radar,20,28,58,3,109,0,0,36,0,36,20,28,94,3,145,59,2,61,206
07/10/2014,GRB,WI,AGL,CE,Combined TRACON& Tower with Radar,24,25,37,8,94,0,0,43,9,52,24,25,80,17,146,24,18,42,188
07/11/2014,GRB,WI,AGL,CE,Combined TRACON& Tower with Radar,24,28,24,4,80,0,0,27,0,27,24,28,51,4,107,6,4,10,117
07/12/2014,GRB,WI,AGL,CE,Combined TRACON& Tower with Radar,9,22,16,16,63,0,0,15,0,15,9,22,31,16,78,8,28,36,114
07/13/2014,GRB,WI,AGL,CE,Combined TRACON& Tower with Radar,19,23,31,0,73,0,0,29,0,29,19,23,60,0,102,33,0,33,135
07/14/2014,GRB,WI,AGL,CE,Combined TRACON& Tower with Radar,22,26,29,41,118,0,0,14,1,15,22,26,43,42,133,12,38,50,183
07/15/2014,GRB,WI,AGL,CE,Combined TRACON& Tower with Radar,20,28,28,10,86,0,0,8,0,8,20,28,36,10,94,10,12,22,116
07/16/2014,GRB,WI,AGL,CE,Combined TRACON& Tower with Radar,21,33,40,9,103,0,0,44,1,45,21,33,84,10,148,22,8,30,178
07/17/2014,GRB,WI,AGL,CE,Combined TRACON& Tower with Radar,23,26,44,12,105,0,0,58,0,58,23,26,102,12,163,48,6,54,217
07/18/2014,GRB,WI,AGL,CE,Combined TRACON& Tower with Radar,22,24,16,8,70,0,0,25,4,29,22,24,41,12,99,27,24,51,150
07/19/2014,GRB,WI,AGL,CE,Combined TRACON& Tower with Radar,9,25,18,0,52,0,0,36,0,36,9,25,54,0,88,16,0,16,104
07/20/2014,GRB,WI,AGL,CE,Combined TRACON& Tower with Radar,18,28,16,0,62,0,0,41,0,41,18,28,57,0,103,42,0,42,145
07/21/2014,GRB,WI,AGL,CE,Combined TRACON& Tower with Radar,21,26,41,0,88,0,0,22,0,22,21,26,63,0,110,64,0,64,174
07/22/2014,GRB,WI,AGL,CE,Combined TRACON& Tower with Radar,20,27,38,3,88,0,0,15,1,16,20,27,53,4,104,6,0,6,110
07/23/2014,GRB,WI,AGL,CE,Combined TRACON& Tower with Radar,20,28,45,2,95,0,0,25,0,25,20,28,70,2,120,16,0,16,136
07/24/2014,GRB,WI,AGL,CE,Combined TRACON& Tower with Radar,22,31,42,1,96,0,0,29,1,30,22,31,71,2,126,26,0,26,152
07/25/2014,GRB,WI,AGL,CE,Combined TRACON& Tower with Radar,22,25,37,0,84,0,0,34,0,34,22,25,71,0,118,4,0,4,122
07/26/2014,GRB,WI,AGL,CE,Combined TRACON& Tower with Radar,9,23,39,1,72,0,0,18,0,18,9,23,57,1,90,7,0,7,97
07/27/2014,GRB,WI,AGL,CE,Combined TRACON& Tower with Radar,18,26,60,0,104,0,0,37,0,37,18,26,97,0,141,34,0,34,175
07/28/2014,GRB,WI,AGL,CE,Combined TRACON& Tower with Radar,22,23,75,1,121,0,0,36,0,36,22,23,111,1,157,0,0,0,157
07/29/2014,GRB,WI,AGL,CE,Combined TRACON& Tower with Radar,18,28,52,0,98,0,0,30,0,30,18,28,82,0,128,0,0,0,128
07/30/2014,GRB,WI,AGL,CE,Combined TRACON& Tower with Radar,20,30,64,0,114,0,0,27,0,27,20,30,91,0,141,10,0,10,151
07/31/2014,GRB,WI,AGL,CE,Combined TRACON& Tower with Radar,22,28,76,2,128,0,0,53,0,53,22,28,129,2,181,42,0,42,223
08/01/2014,GRB,WI,AGL,CE,Combined TRACON& Tower with Radar,23,28,63,0,114,0,0,34,0,34,23,28,97,0,148,28,0,28,176
08/02/2014,GRB,WI,AGL,CE,Combined TRACON& Tower with Radar,11,18,49,0,78,0,0,22,0,22,11,18,71,0,100,0,0,0,100
08/03/2014,GRB,WI,AGL,CE,Combined TRACON& Tower with Radar,21,20,76,0,117,0,0,33,0,33,21,20,109,0,150,14,0,14,164
08/04/2014,GRB,WI,AGL,CE,Combined TRACON& Tower with Radar,24,25,47,0,96,0,0,29,0,29,24,25,76,0,125,0,0,0,125
08/05/2014,GRB,WI,AGL,CE,Combined TRACON& Tower with Radar,21,25,57,2,105,0,0,35,0,35,21,25,92,2,140,18,0,18,158
08/06/2014,GRB,WI,AGL,CE,Combined TRACON& Tower with Radar,23,34,38,2,97,0,0,46,0,46,23,34,84,2,143,12,0,12,155
08/07/2014,GRB,WI,AGL,CE,Combined TRACON& Tower with Radar,26,28,31,0,85,0,0,33,0,33,26,28,64,0,118,6,0,6,124
08/08/2014,GRB,WI,AGL,CE,Combined TRACON& Tower with Radar,22,33,23,3,81,0,0,33,0,33,22,33,56,3,114,8,0,8,122
08/09/2014,GRB,WI,AGL,CE,Combined TRACON& Tower with Radar,10,21,17,0,48,0,0,28,1,29,10,21,45,1,77,18,0,18,95
08/10/2014,GRB,WI,AGL,CE,Combined TRACON& Tower with Radar,18,27,42,0,87,0,2,35,2,39,18,29,77,2,126,14,0,14,140
08/11/2014,GRB,WI,AGL,CE,Combined TRACON& Tower with Radar,23,24,30,0,77,0,0,14,0,14,23,24,44,0,91,24,0,24,115
08/12/2014,GRB,WI,AGL,CE,Combined TRACON& Tower with Radar,22,24,17,0,63,0,0,13,0,13,22,24,30,0,76,12,0,12,88
08/13/2014,GRB,WI,AGL,CE,Combined TRACON& Tower with Radar,21,31,37,2,91,0,0,31,2,33,21,31,68,4,124,24,0,24,148
08/14/2014,GRB,WI,AGL,CE,Combined TRACON& Tower with Radar,24,26,44,10,104,0,0,47,2,49,24,26,91,12,153,19,6,25,178
08/15/2014,GRB,WI,AGL,CE,Combined TRACON& Tower with Radar,26,25,39,0,90,0,0,50,0,50,26,25,89,0,140,14,0,14,154
08/16/2014,GRB,WI,AGL,CE,Combined TRACON& Tower with Radar,14,19,11,0,44,0,0,10,0,10,14,19,21,0,54,8,0,8,62
08/17/2014,GRB,WI,AGL,CE,Combined TRACON& Tower with Radar,20,27,27,0,74,0,0,9,0,9,20,27,36,0,83,8,0,8,91
08/18/2014,GRB,WI,AGL,CE,Combined TRACON& Tower with Radar,23,30,28,0,81,0,0,2,0,2,23,30,30,0,83,14,0,14,97
08/19/2014,GRB,WI,AGL,CE,Combined TRACON& Tower with Radar,22,25,50,8,105,0,0,13,0,13,22,25,63,8,118,0,12,12,130
08/20/2014,GRB,WI,AGL,CE,Combined TRACON& Tower with Radar,21,27,52,3,103,0,1,31,1,33,21,28,83,4,136,28,0,28,164
08/21/2014,GRB,WI,AGL,CE,Combined TRACON& Tower with Radar,22,22,50,2,96,0,0,6,0,6,22,22,56,2,102,24,0,24,126
08/22/2014,GRB,WI,AGL,CE,Combined TRACON& Tower with Radar,23,22,64,1,110,0,0,9,0,9,23,22,73,1,119,0,0,0,119
08/23/2014,GRB,WI,AGL,CE,Combined TRACON& Tower with Radar,15,18,40,1,74,0,0,2,0,2,15,18,42,1,76,8,0,8,84
08/24/2014,GRB,WI,AGL,CE,Combined TRACON& Tower with Radar,20,19,43,0,82,0,0,16,0,16,20,19,59,0,98,18,0,18,116
08/25/2014,GRB,WI,AGL,CE,Combined TRACON& Tower with Radar,25,17,26,0,68,0,0,11,0,11,25,17,37,0,79,0,0,0,79
08/26/2014,GRB,WI,AGL,CE,Combined TRACON& Tower with Radar,23,20,49,0,92,0,0,44,4,48,23,20,93,4,140,18,0,18,158
08/27/2014,GRB,WI,AGL,CE,Combined TRACON& Tower with Radar,21,26,47,4,98,0,0,43,0,43,21,26,90,4,141,16,4,20,161
08/28/2014,GRB,WI,AGL,CE,Combined TRACON& Tower with Radar,24,24,58,6,112,0,0,11,2,13,24,24,69,8,125,26,16,42,167
08/29/2014,GRB,WI,AGL,CE,Combined TRACON& Tower with Radar,20,24,42,0,86,0,0,7,0,7,20,24,49,0,93,34,0,34,127
08/30/2014,GRB,WI,AGL,CE,Combined TRACON& Tower with Radar,10,14,37,0,61,0,0,5,0,5,10,14,42,0,66,32,0,32,98
08/31/2014,GRB,WI,AGL,CE,Combined TRACON& Tower with Radar,10,13,38,0,61,0,0,14,0,14,10,13,52,0,75,32,0,32,107
09/01/2014,GRB,WI,AGL,CE,Combined TRACON& Tower with Radar,18,23,14,2,57,0,0,10,0,10,18,23,24,2,67,28,0,28,95
09/02/2014,GRB,WI,AGL,CE,Combined TRACON& Tower with Radar,12,38,39,0,89,0,0,27,0,27,12,38,66,0,116,30,0,30,146
09/03/2014,GRB,WI,AGL,CE,Combined TRACON& Tower with Radar,14,28,35,1,78,0,0,46,1,47,14,28,81,2,125,14,0,14,139
09/04/2014,GRB,WI,AGL,CE,Combined TRACON& Tower with Radar,12,32,39,6,89,0,0,6,0,6,12,32,45,6,95,20,10,30,125
09/05/2014,GRB,WI,AGL,CE,Combined TRACON& Tower with Radar,14,19,43,0,76,0,0,21,1,22,14,19,64,1,98,52,0,52,150
09/06/2014,GRB,WI,AGL,CE,Combined TRACON& Tower with Radar,7,15,21,0,43,0,0,51,0,51,7,15,72,0,94,30,0,30,124
09/07/2014,GRB,WI,AGL,CE,Combined TRACON& Tower with Radar,15,22,28,0,65,0,0,43,3,46,15,22,71,3,111,9,10,19,130
09/08/2014,GRB,WI,AGL,CE,Combined TRACON& Tower with Radar,14,31,40,0,85,0,0,20,0,20,14,31,60,0,105,0,0,0,105
09/09/2014,GRB,WI,AGL,CE,Combined TRACON& Tower with Radar,10,41,19,0,70,0,0,27,0,27,10,41,46,0,97,18,0,18,115
09/10/2014,GRB,WI,AGL,CE,Combined TRACON& Tower with Radar,14,32,26,4,76,0,0,0,0,0,14,32,26,4,76,0,0,0,76
09/11/2014,GRB,WI,AGL,CE,Combined TRACON& Tower with Radar,14,38,41,2,95,0,0,17,0,17,14,38,58,2,112,10,0,10,122
09/12/2014,GRB,WI,AGL,CE,Combined TRACON& Tower with Radar,14,34,30,0,78,0,0,31,0,31,14,34,61,0,109,56,0,56,165
09/13/2014,GRB,WI,AGL,CE,Combined TRACON& Tower with Radar,12,27,21,0,60,0,0,59,0,59,12,27,80,0,119,22,0,22,141
09/14/2014,GRB,WI,AGL,CE,Combined TRACON& Tower with Radar,17,93,91,0,201,0,0,53,0,53,17,93,144,0,254,60,0,60,314
09/15/2014,GRB,WI,AGL,CE,Combined TRACON& Tower with Radar,21,34,52,3,110,0,1,25,1,27,21,35,77,4,137,30,0,30,167
09/16/2014,GRB,WI,AGL,CE,Combined TRACON& Tower with Radar,9,42,43,0,94,0,0,46,0,46,9,42,89,0,140,0,0,0,140
09/17/2014,GRB,WI,AGL,CE,Combined TRACON& Tower with Radar,14,39,43,0,96,0,0,41,0,41,14,39,84,0,137,44,0,44,181
09/18/2014,GRB,WI,AGL,CE,Combined TRACON& Tower with Radar,14,36,43,1,94,0,1,21,0,22,14,37,64,1,116,40,0,40,156
09/19/2014,GRB,WI,AGL,CE,Combined TRACON& Tower with Radar,17,29,32,4,82,0,0,15,0,15,17,29,47,4,97,0,0,0,97
09/20/2014,GRB,WI,AGL,CE,Combined TRACON& Tower with Radar,10,18,10,0,38,0,0,14,0,14,10,18,24,0,52,22,8,30,82
09/21/2014,GRB,WI,AGL,CE,Combined TRACON& Tower with Radar,18,28,21,2,69,0,0,7,0,7,18,28,28,2,76,24,0,24,100
09/22/2014,GRB,WI,AGL,CE,Combined TRACON& Tower with Radar,16,30,38,0,84,0,0,27,0,27,16,30,65,0,111,24,0,24,135
09/23/2014,GRB,WI,AGL,CE,Combined TRACON& Tower with Radar,12,43,41,0,96,0,0,41,0,41,12,43,82,0,137,24,0,24,161
09/24/2014,GRB,WI,AGL,CE,Combined TRACON& Tower with Radar,14,35,33,8,90,0,0,45,0,45,14,35,78,8,135,26,18,44,179
09/25/2014,GRB,WI,AGL,CE,Combined TRACON& Tower with Radar,12,34,35,0,81,0,2,48,0,50,12,36,83,0,131,20,0,20,151
09/26/2014,GRB,WI,AGL,CE,Combined TRACON& Tower with Radar,15,20,42,0,77,0,1,48,0,49,15,21,90,0,126,30,0,30,156
09/27/2014,GRB,WI,AGL,CE,Combined TRACON& Tower with Radar,12,15,16,0,43,0,1,45,0,46,12,16,61,0,89,8,0,8,97
09/28/2014,GRB,WI,AGL,CE,Combined TRACON& Tower with Radar,15,18,14,0,47,0,0,59,0,59,15,18,73,0,106,21,0,21,127
09/29/2014,GRB,WI,AGL,CE,Combined TRACON& Tower with Radar,14,28,29,0,71,0,0,6,0,6,14,28,35,0,77,0,0,0,77
09/30/2014,GRB,WI,AGL,CE,Combined TRACON& Tower with Radar,14,37,50,0,101,0,0,14,0,14,14,37,64,0,115,14,0,14,129
10/01/2014,GRB,WI,AGL,CE,Combined TRACON& Tower with Radar,14,30,29,22,95,0,0,19,5,24,14,30,48,27,119,14,8,22,141
10/02/2014,GRB,WI,AGL,CE,Combined TRACON& Tower with Radar,17,45,146,8,216,0,0,4,0,4,17,45,150,8,220,0,0,0,220
10/03/2014,GRB,WI,AGL,CE,Combined TRACON& Tower with Radar,18,32,51,1,102,0,0,2,2,4,18,32,53,3,106,0,0,0,106
10/04/2014,GRB,WI,AGL,CE,Combined TRACON& Tower with Radar,9,20,16,0,45,0,0,6,0,6,9,20,22,0,51,0,0,0,51
10/05/2014,GRB,WI,AGL,CE,Combined TRACON& Tower with Radar,15,22,35,0,72,0,0,34,1,35,15,22,69,1,107,10,0,10,117
10/06/2014,GRB,WI,AGL,CE,Combined TRACON& Tower with Radar,16,29,28,2,75,0,0,39,0,39,16,29,67,2,114,40,0,40,154
10/07/2014,GRB,WI,AGL,CE,Combined TRACON& Tower with Radar,15,26,44,14,99,0,0,40,0,40,15,26,84,14,139,32,0,32,171
10/08/2014,GRB,WI,AGL,CE,Combined TRACON& Tower with Radar,18,33,35,0,86,0,0,24,4,28,18,33,59,4,114,14,0,14,128
10/09/2014,GRB,WI,AGL,CE,Combined TRACON& Tower with Radar,13,32,27,12,84,0,0,46,0,46,13,32,73,12,130,22,8,30,160
10/10/2014,GRB,WI,AGL,CE,Combined TRACON& Tower with Radar,14,37,51,0,102,0,1,37,0,38,14,38,88,0,140,6,0,6,146
10/11/2014,GRB,WI,AGL,CE,Combined TRACON& Tower with Radar,13,25,30,0,68,0,0,37,0,37,13,25,67,0,105,16,0,16,121
10/12/2014,GRB,WI,AGL,CE,Combined TRACON& Tower with Radar,17,22,28,0,67,0,0,30,0,30,17,22,58,0,97,0,0,0,97
10/13/2014,GRB,WI,AGL,CE,Combined TRACON& Tower with Radar,14,32,35,0,81,0,0,1,0,1,14,32,36,0,82,0,0,0,82
10/14/2014,GRB,WI,AGL,CE,Combined TRACON& Tower with Radar,16,27,34,0,77,0,0,0,0,0,16,27,34,0,77,12,0,12,89
10/15/2014,GRB,WI,AGL,CE,Combined TRACON& Tower with Radar,16,35,46,12,109,0,0,4,0,4,16,35,50,12,113,0,0,0,113
10/16/2014,GRB,WI,AGL,CE,Combined TRACON& Tower with Radar,14,34,56,0,104,0,0,1,0,1,14,34,57,0,105,0,0,0,105
10/17/2014,GRB,WI,AGL,CE,Combined TRACON& Tower with Radar,14,34,19,0,67,0,0,6,0,6,14,34,25,0,73,16,0,16,89
10/18/2014,GRB,WI,AGL,CE,Combined TRACON& Tower with Radar,9,32,24,0,65,0,0,27,0,27,9,32,51,0,92,21,0,21,113
10/19/2014,GRB,WI,AGL,CE,Combined TRACON& Tower with Radar,18,50,120,0,188,0,0,31,0,31,18,50,151,0,219,0,0,0,219
10/20/2014,GRB,WI,AGL,CE,Combined TRACON& Tower with Radar,19,32,37,3,91,0,0,25,2,27,19,32,62,5,118,24,0,24,142
10/21/2014,GRB,WI,AGL,CE,Combined TRACON& Tower with Radar,14,30,44,10,98,0,0,39,0,39,14,30,83,10,137,22,0,22,159
10/22/2014,GRB,WI,AGL,CE,Combined TRACON& Tower with Radar,14,37,38,0,89,0,0,51,0,51,14,37,89,0,140,36,0,36,176
10/23/2014,GRB,WI,AGL,CE,Combined TRACON& Tower with Radar,14,35,25,3,77,0,0,18,1,19,14,35,43,4,96,22,0,22,118
10/24/2014,GRB,WI,AGL,CE,Combined TRACON& Tower with Radar,14,45,37,0,96,0,0,2,0,2,14,45,39,0,98,0,0,0,98
10/25/2014,GRB,WI,AGL,CE,Combined TRACON& Tower with Radar,11,21,18,0,50,0,0,36,0,36,11,21,54,0,86,0,0,0,86
10/26/2014,GRB,WI,AGL,CE,Combined TRACON& Tower with Radar,15,25,37,1,78,0,0,36,0,36,15,25,73,1,114,8,0,8,122
10/27/2014,GRB,WI,AGL,CE,Combined TRACON& Tower with Radar,14,31,27,8,80,0,0,21,0,21,14,31,48,8,101,0,10,10,111
10/28/2014,GRB,WI,AGL,CE,Combined TRACON& Tower with Radar,12,30,32,0,74,0,0,6,0,6,12,30,38,0,80,8,0,8,88
10/29/2014,GRB,WI,AGL,CE,Combined TRACON& Tower with Radar,16,38,45,14,113,0,0,33,0,33,16,38,78,14,146,16,8,24,170
10/30/2014,GRB,WI,AGL,CE,Combined TRACON& Tower with Radar,15,29,33,9,86,0,0,20,1,21,15,29,53,10,107,16,2,18,125
10/31/2014,GRB,WI,AGL,CE,Combined TRACON& Tower with Radar,13,12,23,1,49,0,0,4,1,5,13,12,27,2,54,0,0,0,54
11/01/2014,GRB,WI,AGL,CE,Combined TRACON& Tower with Radar,9,23,8,0,40,0,0,43,0,43,9,23,51,0,83,22,0,22,105
11/02/2014,GRB,WI,AGL,CE,Combined TRACON& Tower with Radar,13,28,20,0,61,0,0,35,0,35,13,28,55,0,96,0,0,0,96
11/03/2014,GRB,WI,AGL,CE,Combined TRACON& Tower with Radar,14,29,24,1,68,0,0,21,1,22,14,29,45,2,90,20,0,20,110
11/04/2014,GRB,WI,AGL,CE,Combined TRACON& Tower with Radar,14,30,19,4,67,0,0,9,0,9,14,30,28,4,76,12,6,18,94
11/05/2014,GRB,WI,AGL,CE,Combined TRACON& Tower with Radar,14,36,38,6,94,0,0,27,0,27,14,36,65,6,121,16,6,22,143
11/06/2014,GRB,WI,AGL,CE,Combined TRACON& Tower with Radar,18,31,21,12,82,0,0,0,0,0,18,31,21,12,82,2,4,6,88
11/07/2014,GRB,WI,AGL,CE,Combined TRACON& Tower with Radar,16,30,47,2,95,0,0,30,0,30,16,30,77,2,125,32,0,32,157
11/08/2014,GRB,WI,AGL,CE,Combined TRACON& Tower with Radar,10,32,12,0,54,0,0,4,0,4,10,32,16,0,58,8,0,8,66
11/09/2014,GRB,WI,AGL,CE,Combined TRACON& Tower with Radar,18,51,142,0,211,0,0,8,0,8,18,51,150,0,219,0,0,0,219
11/10/2014,GRB,WI,AGL,CE,Combined TRACON& Tower with Radar,18,34,28,0,80,0,0,1,0,1,18,34,29,0,81,0,0,0,81
11/11/2014,GRB,WI,AGL,CE,Combined TRACON& Tower with Radar,17,30,14,0,61,0,0,1,0,1,17,30,15,0,62,0,0,0,62
11/12/2014,GRB,WI,AGL,CE,Combined TRACON& Tower with Radar,18,30,29,0,77,0,0,16,0,16,18,30,45,0,93,8,0,8,101
11/13/2014,GRB,WI,AGL,CE,Combined TRACON& Tower with Radar,16,30,29,8,83,0,0,13,0,13,16,30,42,8,96,4,12,16,112
11/14/2014,GRB,WI,AGL,CE,Combined TRACON& Tower with Radar,18,29,39,2,88,0,1,25,1,27,18,30,64,3,115,18,8,26,141
11/15/2014,GRB,WI,AGL,CE,Combined TRACON& Tower with Radar,10,25,35,1,71,0,0,49,0,49,10,25,84,1,120,24,0,24,144
11/16/2014,GRB,WI,AGL,CE,Combined TRACON& Tower with Radar,16,57,137,0,210,0,0,4,1,5,16,57,141,1,215,12,0,12,227
11/17/2014,GRB,WI,AGL,CE,Combined TRACON& Tower with Radar,22,23,39,5,89,0,0,3,0,3,22,23,42,5,92,10,0,10,102
11/18/2014,GRB,WI,AGL,CE,Combined TRACON& Tower with Radar,16,27,39,2,84,0,0,19,2,21,16,27,58,4,105,20,0,20,125
11/19/2014,GRB,WI,AGL,CE,Combined TRACON& Tower with Radar,18,31,28,0,77,0,0,3,0,3,18,31,31,0,80,0,0,0,80
11/20/2014,GRB,WI,AGL,CE,Combined TRACON& Tower with Radar,15,30,32,2,79,0,0,20,2,22,15,30,52,4,101,26,0,26,127
11/21/2014,GRB,WI,AGL,CE,Combined TRACON& Tower with Radar,19,29,33,0,81,0,0,37,2,39,19,29,70,2,120,26,0,26,146
11/22/2014,GRB,WI,AGL,CE,Combined TRACON& Tower with Radar,7,30,11,0,48,0,0,0,0,0,7,30,11,0,48,0,0,0,48
11/23/2014,GRB,WI,AGL,CE,Combined TRACON& Tower with Radar,15,22,7,1,45,0,0,0,0,0,15,22,7,1,45,0,0,0,45
11/24/2014,GRB,WI,AGL,CE,Combined TRACON& Tower with Radar,14,18,15,0,47,0,0,0,0,0,14,18,15,0,47,0,0,0,47
11/25/2014,GRB,WI,AGL,CE,Combined TRACON& Tower with Radar,18,28,15,4,65,0,0,15,0,15,18,28,30,4,80,26,0,26,106
11/26/2014,GRB,WI,AGL,CE,Combined TRACON& Tower with Radar,16,34,23,5,78,0,0,10,0,10,16,34,33,5,88,0,0,0,88
11/27/2014,GRB,WI,AGL,CE,Combined TRACON& Tower with Radar,4,16,0,0,20,0,0,0,0,0,4,16,0,0,20,0,0,0,20
11/28/2014,GRB,WI,AGL,CE,Combined TRACON& Tower with Radar,10,21,10,0,41,0,0,0,0,0,10,21,10,0,41,0,0,0,41
11/29/2014,GRB,WI,AGL,CE,Combined TRACON& Tower with Radar,18,28,32,0,78,0,0,22,0,22,18,28,54,0,100,0,0,0,100
11/30/2014,GRB,WI,AGL,CE,Combined TRACON& Tower with Radar,18,58,119,0,195,0,0,4,0,4,18,58,123,0,199,0,0,0,199
12/01/2014,GRB,WI,AGL,CE,Combined TRACON& Tower with Radar,19,32,33,0,84,0,0,23,0,23,19,32,56,0,107,48,0,48,155
12/02/2014,GRB,WI,AGL,CE,Combined TRACON& Tower with Radar,14,31,25,8,78,0,0,26,2,28,14,31,51,10,106,29,10,39,145
12/03/2014,GRB,WI,AGL,CE,Combined TRACON& Tower with Radar,14,34,32,0,80,0,1,34,0,35,14,35,66,0,115,31,0,31,146
12/04/2014,GRB,WI,AGL,CE,Combined TRACON& Tower with Radar,14,30,32,14,90,0,0,40,0,40,14,30,72,14,130,20,10,30,160
12/05/2014,GRB,WI,AGL,CE,Combined TRACON& Tower with Radar,13,28,30,0,71,0,0,4,0,4,13,28,34,0,75,14,0,14,89
12/06/2014,GRB,WI,AGL,CE,Combined TRACON& Tower with Radar,10,21,25,10,66,0,0,40,0,40,10,21,65,10,106,20,14,34,140
12/07/2014,GRB,WI,AGL,CE,Combined TRACON& Tower with Radar,12,28,15,6,61,0,0,30,0,30,12,28,45,6,91,16,12,28,119
12/08/2014,GRB,WI,AGL,CE,Combined TRACON& Tower with Radar,18,44,64,0,126,0,0,0,0,0,18,44,64,0,126,0,0,0,126
12/09/2014,GRB,WI,AGL,CE,Combined TRACON& Tower with Radar,17,31,38,7,93,0,0,5,0,5,17,31,43,7,98,26,0,26,124
12/10/2014,GRB,WI,AGL,CE,Combined TRACON& Tower with Radar,18,29,25,4,76,0,0,3,0,3,18,29,28,4,79,8,0,8,87
12/11/2014,GRB,WI,AGL,CE,Combined TRACON& Tower with Radar,16,28,32,0,76,0,4,14,0,18,16,32,46,0,94,56,0,56,150
12/12/2014,GRB,WI,AGL,CE,Combined TRACON& Tower with Radar,14,32,32,2,80,0,0,1,0,1,14,32,33,2,81,0,0,0,81
12/13/2014,GRB,WI,AGL,CE,Combined TRACON& Tower with Radar,6,27,4,0,37,0,0,0,0,0,6,27,4,0,37,0,0,0,37
12/14/2014,GRB,WI,AGL,CE,Combined TRACON& Tower with Radar,3,4,7,0,14,0,0,0,0,0,3,4,7,0,14,0,0,0,14
12/15/2014,GRB,WI,AGL,CE,Combined TRACON& Tower with Radar,20,21,24,0,65,0,0,0,0,0,20,21,24,0,65,0,0,0,65
12/16/2014,GRB,WI,AGL,CE,Combined TRACON& Tower with Radar,15,26,24,0,65,0,0,0,0,0,15,26,24,0,65,0,0,0,65
12/17/2014,GRB,WI,AGL,CE,Combined TRACON& Tower with Radar,19,28,36,6,89,0,0,20,0,20,19,28,56,6,109,14,0,14,123
12/18/2014,GRB,WI,AGL,CE,Combined TRACON& Tower with Radar,14,29,33,0,76,0,0,21,2,23,14,29,54,2,99,22,4,26,125
12/19/2014,GRB,WI,AGL,CE,Combined TRACON& Tower with Radar,14,30,45,0,89,0,0,39,2,41,14,30,84,2,130,24,0,24,154
12/20/2014,GRB,WI,AGL,CE,Combined TRACON& Tower with Radar,10,25,9,0,44,0,0,14,0,14,10,25,23,0,58,14,0,14,72
12/21/2014,GRB,WI,AGL,CE,Combined TRACON& Tower with Radar,9,36,4,0,49,0,0,0,0,0,9,36,4,0,49,0,0,0,49
12/22/2014,GRB,WI,AGL,CE,Combined TRACON& Tower with Radar,9,38,13,0,60,0,0,0,0,0,9,38,13,0,60,0,0,0,60
12/23/2014,GRB,WI,AGL,CE,Combined TRACON& Tower with Radar,8,37,18,0,63,0,0,0,0,0,8,37,18,0,63,0,0,0,63
12/24/2014,GRB,WI,AGL,CE,Combined TRACON& Tower with Radar,6,26,3,0,35,0,0,0,0,0,6,26,3,0,35,0,0,0,35
12/25/2014,GRB,WI,AGL,CE,Combined TRACON& Tower with Radar,6,21,7,0,34,0,0,6,0,6,6,21,13,0,40,0,0,0,40
12/26/2014,GRB,WI,AGL,CE,Combined TRACON& Tower with Radar,10,38,28,0,76,0,0,24,0,24,10,38,52,0,100,0,0,0,100
12/27/2014,GRB,WI,AGL,CE,Combined TRACON& Tower with Radar,12,28,20,0,60,0,0,1,0,1,12,28,21,0,61,0,0,0,61
12/28/2014,GRB,WI,AGL,CE,Combined TRACON& Tower with Radar,13,49,124,0,186,0,0,36,0,36,13,49,160,0,222,38,0,38,260
12/29/2014,GRB,WI,AGL,CE,Combined TRACON& Tower with Radar,15,27,40,2,84,0,0,55,0,55,15,27,95,2,139,48,0,48,187
12/30/2014,GRB,WI,AGL,CE,Combined TRACON& Tower with Radar,8,35,33,10,86,0,0,33,2,35,8,35,66,12,121,72,12,84,205
12/31/2014,GRB,WI,AGL,CE,Combined TRACON& Tower with Radar,5,26,7,0,38,0,0,10,0,10,5,26,17,0,48,0,0,0,48
01/01/2015,GRB,WI,AGL,CE,Combined TRACON& Tower with Radar,5,24,25,0,54,0,0,2,0,2,5,24,27,0,56,0,0,0,56
01/02/2015,GRB,WI,AGL,CE,Combined TRACON& Tower with Radar,8,31,29,0,68,0,0,54,0,54,8,31,83,0,122,74,0,74,196
01/03/2015,GRB,WI,AGL,CE,Combined TRACON& Tower with Radar,8,24,11,0,43,0,0,0,0,0,8,24,11,0,43,0,0,0,43
01/04/2015,GRB,WI,AGL,CE,Combined TRACON& Tower with Radar,8,18,10,0,36,0,0,0,0,0,8,18,10,0,36,0,0,0,36
01/05/2015,GRB,WI,AGL,CE,Combined TRACON& Tower with Radar,8,30,13,1,52,0,0,10,0,10,8,30,23,1,62,0,0,0,62
01/06/2015,GRB,WI,AGL,CE,Combined TRACON& Tower with Radar,6,30,20,0,56,0,0,13,0,13,6,30,33,0,69,6,0,6,75
01/07/2015,GRB,WI,AGL,CE,Combined TRACON& Tower with Radar,8,31,24,0,63,0,0,4,0,4,8,31,28,0,67,10,0,10,77
01/08/2015,GRB,WI,AGL,CE,Combined TRACON& Tower with Radar,3,25,23,0,51,0,0,0,0,0,3,25,23,0,51,0,0,0,51
01/09/2015,GRB,WI,AGL,CE,Combined TRACON& Tower with Radar,8,33,21,2,64,0,0,1,0,1,8,33,22,2,65,0,0,0,65
01/10/2015,GRB,WI,AGL,CE,Combined TRACON& Tower with Radar,6,30,39,1,76,0,0,24,0,24,6,30,63,1,100,12,0,12,112
01/11/2015,GRB,WI,AGL,CE,Combined TRACON& Tower with Radar,10,58,216,0,284,0,1,30,2,33,10,59,246,2,317,0,0,0,317
01/12/2015,GRB,WI,AGL,CE,Combined TRACON& Tower with Radar,11,37,40,1,89,0,0,24,0,24,11,37,64,1,113,23,0,23,136
01/13/2015,GRB,WI,AGL,CE,Combined TRACON& Tower with Radar,9,30,32,0,71,0,0,10,2,12,9,30,42,2,83,41,0,41,124
01/14/2015,GRB,WI,AGL,CE,Combined TRACON& Tower with Radar,8,34,37,10,89,0,0,11,0,11,8,34,48,10,100,0,28,28,128
01/15/2015,GRB,WI,AGL,CE,Combined TRACON& Tower with Radar,8,34,34,4,80,0,0,25,3,28,8,34,59,7,108,44,0,44,152
01/16/2015,GRB,WI,AGL,CE,Combined TRACON& Tower with Radar,12,32,22,0,66,0,0,24,0,24,12,32,46,0,90,20,0,20,110
01/17/2015,GRB,WI,AGL,CE,Combined TRACON& Tower with Radar,4,23,13,0,40,0,0,8,0,8,4,23,21,0,48,6,4,10,58
01/18/2015,GRB,WI,AGL,CE,Combined TRACON& Tower with Radar,7,28,4,0,39,0,0,15,0,15,7,28,19,0,54,21,0,21,75
01/19/2015,GRB,WI,AGL,CE,Combined TRACON& Tower with Radar,10,28,20,0,58,0,0,15,0,15,10,28,35,0,73,0,0,0,73
01/20/2015,GRB,WI,AGL,CE,Combined TRACON& Tower with Radar,8,30,20,0,58,0,0,6,2,8,8,30,26,2,66,16,0,16,82
01/21/2015,GRB,WI,AGL,CE,Combined TRACON& Tower with Radar,8,30,36,0,74,0,0,10,0,10,8,30,46,0,84,20,0,20,104
01/22/2015,GRB,WI,AGL,CE,Combined TRACON& Tower with Radar,10,31,43,5,89,0,0,37,3,40,10,31,80,8,129,29,16,45,174
01/23/2015,GRB,WI,AGL,CE,Combined TRACON& Tower with Radar,8,31,23,0,62,0,0,5,0,5,8,31,28,0,67,0,0,0,67
01/24/2015,GRB,WI,AGL,CE,Combined TRACON& Tower with Radar,6,18,22,0,46,0,0,15,0,15,6,18,37,0,61,27,0,27,88
01/25/2015,GRB,WI,AGL,CE,Combined TRACON& Tower with Radar,10,22,10,0,42,0,0,7,0,7,10,22,17,0,49,18,0,18,67
01/26/2015,GRB,WI,AGL,CE,Combined TRACON& Tower with Radar,8,31,12,0,51,0,0,3,0,3,8,31,15,0,54,8,0,8,62
01/27/2015,GRB,WI,AGL,CE,Combined TRACON& Tower with Radar,6,32,27,12,77,0,0,13,0,13,6,32,40,12,90,24,24,48,138
01/28/2015,GRB,WI,AGL,CE,Combined TRACON& Tower with Radar,8,38,34,15,95,0,0,20,1,21,8,38,54,16,116,47,20,67,183
01/29/2015,GRB,WI,AGL,CE,Combined TRACON& Tower with Radar,8,33,17,0,58,0,0,0,0,0,8,33,17,0,58,0,0,0,58
01/30/2015,GRB,WI,AGL,CE,Combined TRACON& Tower with Radar,9,33,32,0,74,0,0,24,0,24,9,33,56,0,98,26,0,26,124
01/31/2015,GRB,WI,AGL,CE,Combined TRACON& Tower with Radar,5,17,13,0,35,0,0,20,0,20,5,17,33,0,55,10,0,10,65
02/01/2015,GRB,WI,AGL,CE,Combined TRACON& Tower with Radar,3,7,2,0,12,0,0,0,0,0,3,7,2,0,12,0,0,0,12
02/02/2015,GRB,WI,AGL,CE,Combined TRACON& Tower with Radar,8,15,28,0,51,0,0,15,1,16,8,15,43,1,67,20,0,20,87
02/03/2015,GRB,WI,AGL,CE,Combined TRACON& Tower with Radar,9,28,33,0,70,0,0,25,0,25,9,28,58,0,95,12,0,12,107
02/04/2015,GRB,WI,AGL,CE,Combined TRACON& Tower with Radar,9,32,22,2,65,0,0,17,1,18,9,32,39,3,83,0,0,0,83
02/05/2015,GRB,WI,AGL,CE,Combined TRACON& Tower with Radar,10,30,25,2,67,0,0,29,4,33,10,30,54,6,100,0,0,0,100
02/06/2015,GRB,WI,AGL,CE,Combined TRACON& Tower with Radar,10,37,23,3,73,0,0,19,1,20,10,37,42,4,93,28,0,28,121
02/07/2015,GRB,WI,AGL,CE,Combined TRACON& Tower with Radar,7,17,15,0,39,0,0,5,0,5,7,17,20,0,44,12,0,12,56
02/08/2015,GRB,WI,AGL,CE,Combined TRACON& Tower with Radar,13,22,1,0,36,0,0,0,0,0,13,22,1,0,36,0,0,0,36
02/09/2015,GRB,WI,AGL,CE,Combined TRACON& Tower with Radar,10,30,26,8,74,0,0,36,4,40,10,30,62,12,114,40,8,48,162
02/10/2015,GRB,WI,AGL,CE,Combined TRACON& Tower with Radar,7,33,19,1,60,0,0,5,1,6,7,33,24,2,66,22,4,26,92
02/11/2015,GRB,WI,AGL,CE,Combined TRACON& Tower with Radar,11,37,13,0,61,0,0,7,0,7,11,37,20,0,68,18,0,18,86
02/12/2015,GRB,WI,AGL,CE,Combined TRACON& Tower with Radar,11,31,27,0,69,0,0,17,2,19,11,31,44,2,88,24,12,36,124
02/13/2015,GRB,WI,AGL,CE,Combined TRACON& Tower with Radar,9,32,31,0,72,0,0,9,0,9,9,32,40,0,81,6,0,6,87
02/14/2015,GRB,WI,AGL,CE,Combined TRACON& Tower with Radar,7,20,8,0,35,0,0,4,0,4,7,20,12,0,39,0,0,0,39
02/15/2015,GRB,WI,AGL,CE,Combined TRACON& Tower with Radar,7,24,10,0,41,0,0,21,0,21,7,24,31,0,62,0,0,0,62
02/16/2015,GRB,WI,AGL,CE,Combined TRACON& Tower with Radar,14,26,32,0,72,0,0,18,0,18,14,26,50,0,90,74,0,74,164
02/17/2015,GRB,WI,AGL,CE,Combined TRACON& Tower with Radar,12,32,29,0,73,0,0,23,0,23,12,32,52,0,96,94,0,94,190
02/18/2015,GRB,WI,AGL,CE,Combined TRACON& Tower with Radar,14,29,29,13,85,0,0,10,3,13,14,29,39,16,98,22,12,34,132
02/19/2015,GRB,WI,AGL,CE,Combined TRACON& Tower with Radar,12,29,22,0,63,0,0,11,0,11,12,29,33,0,74,0,0,0,74
02/20/2015,GRB,WI,AGL,CE,Combined TRACON& Tower with Radar,12,27,20,0,59,0,0,8,0,8,12,27,28,0,67,10,0,10,77
02/21/2015,GRB,WI,AGL,CE,Combined TRACON& Tower with Radar,9,19,21,0,49,0,0,24,0,24,9,19,45,0,73,0,0,0,73
02/22/2015,GRB,WI,AGL,CE,Combined TRACON& Tower with Radar,9,31,14,0,54,0,0,16,0,16,9,31,30,0,70,28,0,28,98
02/23/2015,GRB,WI,AGL,CE,Combined TRACON& Tower with Radar,13,27,13,0,53,0,0,7,0,7,13,27,20,0,60,0,0,0,60
02/24/2015,GRB,WI,AGL,CE,Combined TRACON& Tower with Radar,14,30,30,0,74,0,0,15,0,15,14,30,45,0,89,0,0,0,89
02/25/2015,GRB,WI,AGL,CE,Combined TRACON& Tower with Radar,12,33,32,0,77,0,0,12,0,12,12,33,44,0,89,30,0,30,119
02/26/2015,GRB,WI,AGL,CE,Combined TRACON& Tower with Radar,17,26,20,0,63,0,0,23,0,23,17,26,43,0,86,64,0,64,150
02/27/2015,GRB,WI,AGL,CE,Combined TRACON& Tower with Radar,13,31,9,0,53,0,0,28,0,28,13,31,37,0,81,34,0,34,115
02/28/2015,GRB,WI,AGL,CE,Combined TRACON& Tower with Radar,9,21,24,0,54,0,0,30,0,30,9,21,54,0,84,84,0,84,168
03/01/2015,GRB,WI,AGL,CE,Combined TRACON& Tower with Radar,7,29,22,0,58,0,0,12,0,12,7,29,34,0,70,0,0,0,70
03/02/2015,GRB,WI,AGL,CE,Combined TRACON& Tower with Radar,8,39,32,0,79,0,0,38,0,38,8,39,70,0,117,59,0,59,176
03/03/2015,GRB,WI,AGL,CE,Combined TRACON& Tower with Radar,5,34,14,0,53,0,0,0,0,0,5,34,14,0,53,0,0,0,53
03/04/2015,GRB,WI,AGL,CE,Combined TRACON& Tower with Radar,5,34,31,0,70,0,0,3,4,7,5,34,34,4,77,14,0,14,91
03/05/2015,GRB,WI,AGL,CE,Combined TRACON& Tower with Radar,8,31,23,4,66,0,0,33,1,34,8,31,56,5,100,32,22,54,154
03/06/2015,GRB,WI,AGL,CE,Combined TRACON& Tower with Radar,7,40,19,0,66,0,0,18,0,18,7,40,37,0,84,0,0,0,84
03/07/2015,GRB,WI,AGL,CE,Combined TRACON& Tower with Radar,8,23,23,0,54,0,0,39,0,39,8,23,62,0,93,46,0,46,139
03/08/2015,GRB,WI,AGL,CE,Combined TRACON& Tower with Radar,7,35,12,0,54,0,0,24,0,24,7,35,36,0,78,14,0,14,92
03/09/2015,GRB,WI,AGL,CE,Combined TRACON& Tower with Radar,8,33,29,2,72,0,4,24,0,28,8,37,53,2,100,60,0,60,160
03/10/2015,GRB,WI,AGL,CE,Combined TRACON& Tower with Radar,6,36,23,2,67,0,0,31,0,31,6,36,54,2,98,46,0,46,144
03/11/2015,GRB,WI,AGL,CE,Combined TRACON& Tower with Radar,6,38,44,4,92,0,0,54,2,56,6,38,98,6,148,46,0,46,194
03/12/2015,GRB,WI,AGL,CE,Combined TRACON& Tower with Radar,8,40,24,14,86,0,0,34,0,34,8,40,58,14,120,0,0,0,120
03/13/2015,GRB,WI,AGL,CE,Combined TRACON& Tower with Radar,8,34,25,20,87,0,0,33,0,33,8,34,58,20,120,66,12,78,198
03/14/2015,GRB,WI,AGL,CE,Combined TRACON& Tower with Radar,5,26,10,0,41,0,0,21,0,21,5,26,31,0,62,14,0,14,76
03/15/2015,GRB,WI,AGL,CE,Combined TRACON& Tower with Radar,7,33,9,0,49,0,0,34,0,34,7,33,43,0,83,43,0,43,126
03/16/2015,GRB,WI,AGL,CE,Combined TRACON& Tower with Radar,8,32,27,0,67,0,0,13,0,13,8,32,40,0,80,32,0,32,112
03/17/2015,GRB,WI,AGL,CE,Combined TRACON& Tower with Radar,6,36,24,4,70,0,0,16,2,18,6,36,40,6,88,48,0,48,136
03/18/2015,GRB,WI,AGL,CE,Combined TRACON& Tower with Radar,6,34,27,0,67,0,0,39,0,39,6,34,66,0,106,62,8,70,176
03/19/2015,GRB,WI,AGL,CE,Combined TRACON& Tower with Radar,10,40,20,0,70,0,0,26,2,28,10,40,46,2,98,16,8,24,122
03/20/2015,GRB,WI,AGL,CE,Combined TRACON& Tower with Radar,8,34,21,0,63,0,0,30,0,30,8,34,51,0,93,26,0,26,119
03/21/2015,GRB,WI,AGL,CE,Combined TRACON& Tower with Radar,7,26,12,0,45,0,0,22,0,22,7,26,34,0,67,26,0,26,93
03/22/2015,GRB,WI,AGL,CE,Combined TRACON& Tower with Radar,9,31,20,0,60,0,1,51,0,52,9,32,71,0,112,24,0,24,136
03/23/2015,GRB,WI,AGL,CE,Combined TRACON& Tower with Radar,8,23,39,10,80,0,0,23,0,23,8,23,62,10,103,18,12,30,133
03/24/2015,GRB,WI,AGL,CE,Combined TRACON& Tower with Radar,8,47,32,16,103,0,0,31,0,31,8,47,63,16,134,28,16,44,178
03/25/2015,GRB,WI,AGL,CE,Combined TRACON& Tower with Radar,6,39,24,0,69,0,0,0,0,0,6,39,24,0,69,0,0,0,69
03/26/2015,GRB,WI,AGL,CE,Combined TRACON& Tower with Radar,9,34,33,0,76,0,0,12,0,12,9,34,45,0,88,32,0,32,120
03/27/2015,GRB,WI,AGL,CE,Combined TRACON& Tower with Radar,10,38,29,0,77,0,0,30,0,30,10,38,59,0,107,28,0,28,135
03/28/2015,GRB,WI,AGL,CE,Combined TRACON& Tower with Radar,7,27,28,3,65,0,0,45,0,45,7,27,73,3,110,67,0,67,177
03/29/2015,GRB,WI,AGL,CE,Combined TRACON& Tower with Radar,7,33,10,0,50,0,0,0,0,0,7,33,10,0,50,0,0,0,50
03/30/2015,GRB,WI,AGL,CE,Combined TRACON& Tower with Radar,10,32,18,0,60,0,0,12,0,12,10,32,30,0,72,28,0,28,100
03/31/2015,GRB,WI,AGL,CE,Combined TRACON& Tower with Radar,6,36,23,0,65,0,0,19,0,19,6,36,42,0,84,28,0,28,112
04/01/2015,GRB,WI,AGL,CE,Combined TRACON& Tower with Radar,5,34,28,0,67,0,0,24,0,24,5,34,52,0,91,16,0,16,107
04/02/2015,GRB,WI,AGL,CE,Combined TRACON& Tower with Radar,7,34,21,0,62,0,0,20,0,20,7,34,41,0,82,0,0,0,82
04/03/2015,GRB,WI,AGL,CE,Combined TRACON& Tower with Radar,7,33,15,2,57,0,0,15,0,15,7,33,30,2,72,11,1,12,84
04/04/2015,GRB,WI,AGL,CE,Combined TRACON& Tower with Radar,6,19,11,0,36,0,0,24,0,24,6,19,35,0,60,0,0,0,60
04/05/2015,GRB,WI,AGL,CE,Combined TRACON& Tower with Radar,7,25,10,0,42,0,0,2,0,2,7,25,12,0,44,0,0,0,44
04/06/2015,GRB,WI,AGL,CE,Combined TRACON& Tower with Radar,8,35,19,0,62,0,0,9,0,9,8,35,28,0,71,0,0,0,71
04/07/2015,GRB,WI,AGL,CE,Combined TRACON& Tower with Radar,10,30,23,0,63,0,1,8,0,9,10,31,31,0,72,0,0,0,72
04/08/2015,GRB,WI,AGL,CE,Combined TRACON& Tower with Radar,11,30,24,0,65,0,0,0,0,0,11,30,24,0,65,0,0,0,65
04/09/2015,GRB,WI,AGL,CE,Combined TRACON& Tower with Radar,13,27,22,0,62,0,0,0,0,0,13,27,22,0,62,0,0,0,62
04/10/2015,GRB,WI,AGL,CE,Combined TRACON& Tower with Radar,12,29,23,0,64,0,1,14,0,15,12,30,37,0,79,34,0,34,113
04/11/2015,GRB,WI,AGL,CE,Combined TRACON& Tower with Radar,8,19,26,0,53,0,0,74,0,74,8,19,100,0,127,0,0,0,127
04/12/2015,GRB,WI,AGL,CE,Combined TRACON& Tower with Radar,14,25,21,0,60,0,0,29,0,29,14,25,50,0,89,0,0,0,89
04/13/2015,GRB,WI,AGL,CE,Combined TRACON& Tower with Radar,14,26,19,7,66,0,0,0,1,1,14,26,19,8,67,0,0,0,67
04/14/2015,GRB,WI,AGL,CE,Combined TRACON& Tower with Radar,10,33,28,0,71,0,1,48,2,51,10,34,76,2,122,61,0,61,183
04/15/2015,GRB,WI,AGL,CE,Combined TRACON& Tower with Radar,12,32,29,10,83,0,0,42,1,43,12,32,71,11,126,34,20,54,180
04/16/2015,GRB,WI,AGL,CE,Combined TRACON& Tower with Radar,12,38,29,11,90,0,0,37,1,38,12,38,66,12,128,62,16,78,206
04/17/2015,GRB,WI,AGL,CE,Combined TRACON& Tower with Radar,14,27,22,0,63,0,0,33,2,35,14,27,55,2,98,48,0,48,146
04/18/2015,GRB,WI,AGL,CE,Combined TRACON& Tower with Radar,5,21,24,0,50,0,0,14,0,14,5,21,38,0,64,30,0,30,94
04/19/2015,GRB,WI,AGL,CE,Combined TRACON& Tower with Radar,13,25,24,0,62,0,0,14,0,14,13,25,38,0,76,28,0,28,104
04/20/2015,GRB,WI,AGL,CE,Combined TRACON& Tower with Radar,14,26,29,0,69,0,0,0,0,0,14,26,29,0,69,0,0,0,69
04/21/2015,GRB,WI,AGL,CE,Combined TRACON& Tower with Radar,10,29,30,0,69,0,1,2,0,3,10,30,32,0,72,0,0,0,72
04/22/2015,GRB,WI,AGL,CE,Combined TRACON& Tower with Radar,12,28,38,0,78,0,0,7,0,7,12,28,45,0,85,0,0,0,85
04/23/2015,GRB,WI,AGL,CE,Combined TRACON& Tower with Radar,15,28,41,8,92,0,0,31,0,31,15,28,72,8,123,44,10,54,177
04/24/2015,GRB,WI,AGL,CE,Combined TRACON& Tower with Radar,15,32,37,2,86,0,0,50,0,50,15,32,87,2,136,48,8,56,192
04/25/2015,GRB,WI,AGL,CE,Combined TRACON& Tower with Radar,7,21,11,0,39,0,0,26,0,26,7,21,37,0,65,40,0,40,105
04/26/2015,GRB,WI,AGL,CE,Combined TRACON& Tower with Radar,11,26,28,0,65,0,0,44,0,44,11,26,72,0,109,104,0,104,213
04/27/2015,GRB,WI,AGL,CE,Combined TRACON& Tower with Radar,14,25,25,0,64,0,0,39,0,39,14,25,64,0,103,40,0,40,143
04/28/2015,GRB,WI,AGL,CE,Combined TRACON& Tower with Radar,10,32,31,0,73,0,0,40,0,40,10,32,71,0,113,89,0,89,202
04/29/2015,GRB,WI,AGL,CE,Combined TRACON& Tower with Radar,14,30,48,22,114,0,0,29,1,30,14,30,77,23,144,82,18,100,244
04/30/2015,GRB,WI,AGL,CE,Combined TRACON& Tower with Radar,14,37,52,4,107,0,0,41,1,42,14,37,93,5,149,70,0,70,219
05/01/2015,GRB,WI,AGL,CE,Combined TRACON& Tower with Radar,18,27,26,0,71,0,0,47,0,47,18,27,73,0,118,38,0,38,156
05/02/2015,GRB,WI,AGL,CE,Combined TRACON& Tower with Radar,9,18,12,3,42,0,0,42,1,43,9,18,54,4,85,18,0,18,103
05/03/2015,GRB,WI,AGL,CE,Combined TRACON& Tower with Radar,19,24,17,0,60,0,0,13,0,13,19,24,30,0,73,0,0,0,73
05/04/2015,GRB,WI,AGL,CE,Combined TRACON& Tower with Radar,22,23,23,1,69,0,0,30,1,31,22,23,53,2,100,34,0,34,134
05/05/2015,GRB,WI,AGL,CE,Combined TRACON& Tower with Radar,17,25,21,16,79,0,0,34,0,34,17,25,55,16,113,36,22,58,171
05/06/2015,GRB,WI,AGL,CE,Combined TRACON& Tower with Radar,17,27,49,6,99,0,0,16,0,16,17,27,65,6,115,0,0,0,115
05/07/2015,GRB,WI,AGL,CE,Combined TRACON& Tower with Radar,20,33,40,8,101,0,0,10,0,10,20,33,50,8,111,22,0,22,133
05/08/2015,GRB,WI,AGL,CE,Combined TRACON& Tower with Radar,22,22,34,4,82,0,0,8,0,8,22,22,42,4,90,12,0,12,102
05/09/2015,GRB,WI,AGL,CE,Combined TRACON& Tower with Radar,8,19,14,0,41,0,0,25,0,25,8,19,39,0,66,40,0,40,106
05/10/2015,GRB,WI,AGL,CE,Combined TRACON& Tower with Radar,16,17,10,0,43,0,0,0,0,0,16,17,10,0,43,0,0,0,43
05/11/2015,GRB,WI,AGL,CE,Combined TRACON& Tower with Radar,20,26,18,0,64,0,0,2,0,2,20,26,20,0,66,0,0,0,66
05/12/2015,GRB,WI,AGL,CE,Combined TRACON& Tower with Radar,18,25,40,2,85,0,0,13,0,13,18,25,53,2,98,26,0,26,124
05/13/2015,GRB,WI,AGL,CE,Combined TRACON& Tower with Radar,18,28,42,5,93,0,0,54,5,59,18,28,96,10,152,84,0,84,236
05/14/2015,GRB,WI,AGL,CE,Combined TRACON& Tower with Radar,20,26,27,9,82,0,0,6,2,8,20,26,33,11,90,0,0,0,90
05/15/2015,GRB,WI,AGL,CE,Combined TRACON& Tower with Radar,18,32,38,0,88,0,0,4,0,4,18,32,42,0,92,42,0,42,134
05/16/2015,GRB,WI,AGL,CE,Combined TRACON& Tower with Radar,8,19,19,0,46,0,0,27,0,27,8,19,46,0,73,70,0,70,143
05/17/2015,GRB,WI,AGL,CE,Combined TRACON& Tower with Radar,22,19,33,0,74,0,0,3,0,3,22,19,36,0,77,0,0,0,77
05/18/2015,GRB,WI,AGL,CE,Combined TRACON& Tower with Radar,19,25,20,0,64,0,0,8,0,8,19,25,28,0,72,18,0,18,90
05/19/2015,GRB,WI,AGL,CE,Combined TRACON& Tower with Radar,18,25,35,6,84,0,0,22,0,22,18,25,57,6,106,60,0,60,166
05/20/2015,GRB,WI,AGL,CE,Combined TRACON& Tower with Radar,18,28,41,8,95,0,0,46,0,46,18,28,87,8,141,88,16,104,245
05/21/2015,GRB,WI,AGL,CE,Combined TRACON& Tower with Radar,22,25,25,0,72,0,1,16,0,17,22,26,41,0,89,8,0,8,97
05/22/2015,GRB,WI,AGL,CE,Combined TRACON& Tower with Radar,20,23,34,0,77,0,0,63,0,63,20,23,97,0,140,34,0,34,174
05/23/2015,GRB,WI,AGL,CE,Combined TRACON& Tower with Radar,7,21,18,0,46,0,0,41,0,41,7,21,59,0,87,94,0,94,181
05/24/2015,GRB,WI,AGL,CE,Combined TRACON& Tower with Radar,14,10,9,0,33,0,0,18,0,18,14,10,27,0,51,42,0,42,93
05/25/2015,GRB,WI,AGL,CE,Combined TRACON& Tower with Radar,17,14,9,0,40,0,0,9,0,9,17,14,18,0,49,0,0,0,49
05/26/2015,GRB,WI,AGL,CE,Combined TRACON& Tower with Radar,20,26,32,0,78,0,0,9,0,9,20,26,41,0,87,0,0,0,87
05/27/2015,GRB,WI,AGL,CE,Combined TRACON& Tower with Radar,16,34,33,0,83,0,0,14,0,14,16,34,47,0,97,0,0,0,97
05/28/2015,GRB,WI,AGL,CE,Combined TRACON& Tower with Radar,20,26,41,0,87,0,0,26,0,26,20,26,67,0,113,60,0,60,173
05/29/2015,GRB,WI,AGL,CE,Combined TRACON& Tower with Radar,22,29,35,0,86,0,0,10,0,10,22,29,45,0,96,22,6,28,124
05/30/2015,GRB,WI,AGL,CE,Combined TRACON& Tower with Radar,10,20,33,0,63,0,1,8,0,9,10,21,41,0,72,10,0,10,82
05/31/2015,GRB,WI,AGL,CE,Combined TRACON& Tower with Radar,18,18,23,0,59,0,0,50,3,53,18,18,73,3,112,0,0,0,112
06/01/2015,GRB,WI,AGL,CE,Combined TRACON& Tower with Radar,20,25,23,0,68,0,2,42,0,44,20,27,65,0,112,60,0,60,172
06/02/2015,GRB,WI,AGL,CE,Combined TRACON& Tower with Radar,21,26,20,2,69,0,0,47,0,47,21,26,67,2,116,56,0,56,172
06/03/2015,GRB,WI,AGL,CE,Combined TRACON& Tower with Radar,18,32,16,0,66,0,0,30,0,30,18,32,46,0,96,26,0,26,122
06/04/2015,GRB,WI,AGL,CE,Combined TRACON& Tower with Radar,18,33,31,0,82,0,0,10,0,10,18,33,41,0,92,60,0,60,152
06/05/2015,GRB,WI,AGL,CE,Combined TRACON& Tower with Radar,16,30,28,2,76,0,1,22,0,23,16,31,50,2,99,6,0,6,105
06/06/2015,GRB,WI,AGL,CE,Combined TRACON& Tower with Radar,9,18,22,0,49,0,0,63,0,63,9,18,85,0,112,38,0,38,150
06/07/2015,GRB,WI,AGL,CE,Combined TRACON& Tower with Radar,15,23,13,0,51,0,0,3,0,3,15,23,16,0,54,0,0,0,54
06/08/2015,GRB,WI,AGL,CE,Combined TRACON& Tower with Radar,14,24,34,1,73,0,0,12,2,14,14,24,46,3,87,20,0,20,107
06/09/2015,GRB,WI,AGL,CE,Combined TRACON& Tower with Radar,14,32,41,3,90,0,0,27,1,28,14,32,68,4,118,112,0,112,230
06/10/2015,GRB,WI,AGL,CE,Combined TRACON& Tower with Radar,15,36,45,0,96,0,0,53,4,57,15,36,98,4,153,36,0,36,189
06/11/2015,GRB,WI,AGL,CE,Combined TRACON& Tower with Radar,16,31,35,0,82,0,0,5,5,10,16,31,40,5,92,16,0,16,108
06/12/2015,GRB,WI,AGL,CE,Combined TRACON& Tower with Radar,16,24,28,0,68,0,0,16,0,16,16,24,44,0,84,6,0,6,90
06/13/2015,GRB,WI,AGL,CE,Combined TRACON& Tower with Radar,9,19,17,2,47,0,0,1,0,1,9,19,18,2,48,0,0,0,48
06/14/2015,GRB,WI,AGL,CE,Combined TRACON& Tower with Radar,13,24,21,0,58,0,0,4,0,4,13,24,25,0,62,32,0,32,94
06/15/2015,GRB,WI,AGL,CE,Combined TRACON& Tower with Radar,16,14,31,0,61,0,0,6,0,6,16,14,37,0,67,92,0,92,159
06/16/2015,GRB,WI,AGL,CE,Combined TRACON& Tower with Radar,14,25,29,3,71,0,0,58,7,65,14,25,87,10,136,0,0,0,136
06/17/2015,GRB,WI,AGL,CE,Combined TRACON& Tower with Radar,12,29,39,4,84,0,0,65,0,65,12,29,104,4,149,58,16,74,223
06/18/2015,GRB,WI,AGL,CE,Combined TRACON& Tower with Radar,16,34,34,10,94,0,0,23,0,23,16,34,57,10,117,8,10,18,135
06/19/2015,GRB,WI,AGL,CE,Combined TRACON& Tower with Radar,16,28,32,0,76,0,0,54,0,54,16,28,86,0,130,8,0,8,138
06/20/2015,GRB,WI,AGL,CE,Combined TRACON& Tower with Radar,8,22,14,0,44,0,0,13,2,15,8,22,27,2,59,0,0,0,59
06/21/2015,GRB,WI,AGL,CE,Combined TRACON& Tower with Radar,11,26,22,0,59,0,0,22,0,22,11,26,44,0,81,0,0,0,81
06/22/2015,GRB,WI,AGL,CE,Combined TRACON& Tower with Radar,17,18,20,0,55,0,0,2,0,2,17,18,22,0,57,12,0,12,69
06/23/2015,GRB,WI,AGL,CE,Combined TRACON& Tower with Radar,14,28,42,0,84,0,0,39,0,39,14,28,81,0,123,44,0,44,167
06/24/2015,GRB,WI,AGL,CE,Combined TRACON& Tower with Radar,13,31,34,2,80,0,0,30,2,32,13,31,64,4,112,20,0,20,132
06/25/2015,GRB,WI,AGL,CE,Combined TRACON& Tower with Radar,15,28,48,0,91,0,0,32,0,32,15,28,80,0,123,42,0,42,165
06/26/2015,GRB,WI,AGL,CE,Combined TRACON& Tower with Radar,16,29,43,0,88,0,0,34,0,34,16,29,77,0,122,22,0,22,144
06/27/2015,GRB,WI,AGL,CE,Combined TRACON& Tower with Radar,8,20,20,0,48,0,0,49,0,49,8,20,69,0,97,14,20,34,131
06/28/2015,GRB,WI,AGL,CE,Combined TRACON& Tower with Radar,12,23,27,0,62,0,0,23,0,23,12,23,50,0,85,0,0,0,85
06/29/2015,GRB,WI,AGL,CE,Combined TRACON& Tower with Radar,16,24,21,0,61,0,0,16,0,16,16,24,37,0,77,30,0,30,107
06/30/2015,GRB,WI,AGL,CE,Combined TRACON& Tower with Radar,12,30,23,1,66,0,0,6,1,7,12,30,29,2,73,46,0,46,119
07/01/2015,GRB,WI,AGL,CE,Combined TRACON& Tower with Radar,14,31,33,0,78,0,0,45,0,45,14,31,78,0,123,68,12,80,203
07/02/2015,GRB,WI,AGL,CE,Combined TRACON& Tower with Radar,16,29,23,0,68,0,0,18,0,18,16,29,41,0,86,0,0,0,86
07/03/2015,GRB,WI,AGL,CE,Combined TRACON& Tower with Radar,12,19,18,0,49,0,0,52,0,52,12,19,70,0,101,54,0,54,155
07/04/2015,GRB,WI,AGL,CE,Combined TRACON& Tower with Radar,8,12,4,0,24,0,0,16,0,16,8,12,20,0,40,11,0,11,51
07/05/2015,GRB,WI,AGL,CE,Combined TRACON& Tower with Radar,14,26,23,1,64,0,0,28,0,28,14,26,51,1,92,14,0,14,106
07/06/2015,GRB,WI,AGL,CE,Combined TRACON& Tower with Radar,20,21,14,0,55,0,0,2,0,2,20,21,16,0,57,30,0,30,87
07/07/2015,GRB,WI,AGL,CE,Combined TRACON& Tower with Radar,16,33,31,0,80,0,0,32,2,34,16,33,63,2,114,48,0,48,162
07/08/2015,GRB,WI,AGL,CE,Combined TRACON& Tower with Radar,14,30,40,2,86,0,0,47,0,47,14,30,87,2,133,20,12,32,165
07/09/2015,GRB,WI,AGL,CE,Combined TRACON& Tower with Radar,18,28,32,1,79,0,0,33,1,34,18,28,65,2,113,49,0,49,162
07/10/2015,GRB,WI,AGL,CE,Combined TRACON& Tower with Radar,17,28,24,0,69,0,0,31,1,32,17,28,55,1,101,52,0,52,153
07/11/2015,GRB,WI,AGL,CE,Combined TRACON& Tower with Radar,8,19,18,0,45,0,0,64,3,67,8,19,82,3,112,38,0,38,150
07/12/2015,GRB,WI,AGL,CE,Combined TRACON& Tower with Radar,14,20,14,0,48,0,0,21,0,21,14,20,35,0,69,28,0,28,97
07/13/2015,GRB,WI,AGL,CE,Combined TRACON& Tower with Radar,16,23,24,0,63,0,0,11,0,11,16,23,35,0,74,10,0,10,84
07/14/2015,GRB,WI,AGL,CE,Combined TRACON& Tower with Radar,14,30,41,2,87,0,0,14,2,16,14,30,55,4,103,2,0,2,105
07/15/2015,GRB,WI,AGL,CE,Combined TRACON& Tower with Radar,14,31,45,2,92,0,0,62,3,65,14,31,107,5,157,22,0,22,179
07/16/2015,GRB,WI,AGL,CE,Combined TRACON& Tower with Radar,16,31,33,0,80,0,0,38,0,38,16,31,71,0,118,28,0,28,146
07/17/2015,GRB,WI,AGL,CE,Combined TRACON& Tower with Radar,16,35,53,0,104,0,0,33,0,33,16,35,86,0,137,72,0,72,209
07/18/2015,GRB,WI,AGL,CE,Combined TRACON& Tower with Radar,8,15,22,0,45,0,0,43,0,43,8,15,65,0,88,34,0,34,122
07/19/2015,GRB,WI,AGL,CE,Combined TRACON& Tower with Radar,14,22,53,2,91,0,0,56,0,56,14,22,109,2,147,28,0,28,175
07/20/2015,GRB,WI,AGL,CE,Combined TRACON& Tower with Radar,16,31,41,1,89,0,0,39,3,42,16,31,80,4,131,40,0,40,171
07/21/2015,GRB,WI,AGL,CE,Combined TRACON& Tower with Radar,14,30,76,0,120,0,0,42,0,42,14,30,118,0,162,88,0,88,250
07/22/2015,GRB,WI,AGL,CE,Combined TRACON& Tower with Radar,14,32,82,0,128,0,0,65,0,65,14,32,147,0,193,82,0,82,275
07/23/2015,GRB,WI,AGL,CE,Combined TRACON& Tower with Radar,16,34,80,0,130,0,0,49,0,49,16,34,129,0,179,18,0,18,197
07/24/2015,GRB,WI,AGL,CE,Combined TRACON& Tower with Radar,16,31,61,1,109,0,0,43,1,44,16,31,104,2,153,0,0,0,153
07/25/2015,GRB,WI,AGL,CE,Combined TRACON& Tower with Radar,8,21,45,0,74,0,0,17,0,17,8,21,62,0,91,24,0,24,115
07/26/2015,GRB,WI,AGL,CE,Combined TRACON& Tower with Radar,14,28,65,1,108,0,0,62,0,62,14,28,127,1,170,48,0,48,218
07/27/2015,GRB,WI,AGL,CE,Combined TRACON& Tower with Radar,16,27,39,4,86,0,0,83,3,86,16,27,122,7,172,50,0,50,222
07/28/2015,GRB,WI,AGL,CE,Combined TRACON& Tower with Radar,14,31,37,1,83,0,0,41,2,43,14,31,78,3,126,82,0,82,208
07/29/2015,GRB,WI,AGL,CE,Combined TRACON& Tower with Radar,13,32,23,0,68,0,0,23,0,23,13,32,46,0,91,24,16,40,131
07/30/2015,GRB,WI,AGL,CE,Combined TRACON& Tower with Radar,16,29,39,6,90,0,0,44,0,44,16,29,83,6,134,34,0,34,168
07/31/2015,GRB,WI,AGL,CE,Combined TRACON& Tower with Radar,16,32,24,1,73,0,0,49,0,49,16,32,73,1,122,8,8,16,138
08/01/2015,GRB,WI,AGL,CE,Combined TRACON& Tower with Radar,8,16,12,0,36,0,0,43,0,43,8,16,55,0,79,20,0,20,99
08/02/2015,GRB,WI,AGL,CE,Combined TRACON& Tower with Radar,10,23,12,0,45,0,0,3,2,5,10,23,15,2,50,20,0,20,70
08/03/2015,GRB,WI,AGL,CE,Combined TRACON& Tower with Radar,16,40,13,3,72,0,0,31,0,31,16,40,44,3,103,10,0,10,113
08/04/2015,GRB,WI,AGL,CE,Combined TRACON& Tower with Radar,14,29,36,0,79,0,0,47,0,47,14,29,83,0,126,28,0,28,154
08/05/2015,GRB,WI,AGL,CE,Combined TRACON& Tower with Radar,16,27,22,4,69,0,1,33,0,34,16,28,55,4,103,40,12,52,155
08/06/2015,GRB,WI,AGL,CE,Combined TRACON& Tower with Radar,16,28,23,0,67,0,0,40,1,41,16,28,63,1,108,130,1,131,239
08/07/2015,GRB,WI,AGL,CE,Combined TRACON& Tower with Radar,16,29,24,0,69,0,0,1,0,1,16,29,25,0,70,0,0,0,70
08/08/2015,GRB,WI,AGL,CE,Combined TRACON& Tower with Radar,10,17,24,0,51,0,0,11,0,11,10,17,35,0,62,28,0,28,90
08/09/2015,GRB,WI,AGL,CE,Combined TRACON& Tower with Radar,16,20,32,3,71,0,0,17,3,20,16,20,49,6,91,52,0,52,143
08/10/2015,GRB,WI,AGL,CE,Combined TRACON& Tower with Radar,16,18,26,11,71,0,0,17,2,19,16,18,43,13,90,23,12,35,125
08/11/2015,GRB,WI,AGL,CE,Combined TRACON& Tower with Radar,14,29,36,0,79,0,0,49,2,51,14,29,85,2,130,46,0,46,176
08/12/2015,GRB,WI,AGL,CE,Combined TRACON& Tower with Radar,16,31,31,8,86,0,0,46,2,48,16,31,77,10,134,36,0,36,170
08/13/2015,GRB,WI,AGL,CE,Combined TRACON& Tower with Radar,16,36,31,0,83,0,0,17,0,17,16,36,48,0,100,78,0,78,178
08/14/2015,GRB,WI,AGL,CE,Combined TRACON& Tower with Radar,16,32,30,2,80,0,0,45,0,45,16,32,75,2,125,46,0,46,171
08/15/2015,GRB,WI,AGL,CE,Combined TRACON& Tower with Radar,8,20,20,4,52,0,0,39,0,39,8,20,59,4,91,46,0,46,137
08/16/2015,GRB,WI,AGL,CE,Combined TRACON& Tower with Radar,14,20,22,2,58,0,0,39,0,39,14,20,61,2,97,92,0,92,189
08/17/2015,GRB,WI,AGL,CE,Combined TRACON& Tower with Radar,16,23,28,0,67,0,0,7,0,7,16,23,35,0,74,18,0,18,92
08/18/2015,GRB,WI,AGL,CE,Combined TRACON& Tower with Radar,11,24,19,4,58,0,0,5,0,5,11,24,24,4,63,0,0,0,63
08/19/2015,GRB,WI,AGL,CE,Combined TRACON& Tower with Radar,12,33,25,9,79,0,0,12,1,13,12,33,37,10,92,0,0,0,92
08/20/2015,GRB,WI,AGL,CE,Combined TRACON& Tower with Radar,12,32,47,0,91,0,0,20,0,20,12,32,67,0,111,92,0,92,203
08/21/2015,GRB,WI,AGL,CE,Combined TRACON& Tower with Radar,12,32,37,0,81,0,0,67,0,67,12,32,104,0,148,74,0,74,222
08/22/2015,GRB,WI,AGL,CE,Combined TRACON& Tower with Radar,6,25,14,0,45,0,0,39,0,39,6,25,53,0,84,0,0,0,84
08/23/2015,GRB,WI,AGL,CE,Combined TRACON& Tower with Radar,12,26,15,1,54,0,1,15,0,16,12,27,30,1,70,18,6,24,94
08/24/2015,GRB,WI,AGL,CE,Combined TRACON& Tower with Radar,12,32,23,2,69,0,0,21,0,21,12,32,44,2,90,0,0,0,90
08/25/2015,GRB,WI,AGL,CE,Combined TRACON& Tower with Radar,10,32,38,2,82,0,0,19,0,19,10,32,57,2,101,24,0,24,125
08/26/2015,GRB,WI,AGL,CE,Combined TRACON& Tower with Radar,12,31,39,6,88,0,0,32,0,32,12,31,71,6,120,54,6,60,180
08/27/2015,GRB,WI,AGL,CE,Combined TRACON& Tower with Radar,12,28,50,10,100,0,0,53,0,53,12,28,103,10,153,104,16,120,273
08/28/2015,GRB,WI,AGL,CE,Combined TRACON& Tower with Radar,17,34,31,0,82,0,0,24,0,24,17,34,55,0,106,28,0,28,134
08/29/2015,GRB,WI,AGL,CE,Combined TRACON& Tower with Radar,8,24,33,0,65,0,0,4,0,4,8,24,37,0,69,6,0,6,75
08/30/2015,GRB,WI,AGL,CE,Combined TRACON& Tower with Radar,8,24,28,0,60,0,0,16,0,16,8,24,44,0,76,74,0,74,150
08/31/2015,GRB,WI,AGL,CE,Combined TRACON& Tower with Radar,11,29,22,0,62,0,0,19,0,19,11,29,41,0,81,0,0,0,81
09/01/2015,GRB,WI,AGL,CE,Combined TRACON& Tower with Radar,11,31,35,41,118,0,0,55,3,58,11,31,90,44,176,52,0,52,228
09/02/2015,GRB,WI,AGL,CE,Combined TRACON& Tower with Radar,14,31,28,0,73,0,0,34,0,34,14,31,62,0,107,0,0,0,107
09/03/2015,GRB,WI,AGL,CE,Combined TRACON& Tower with Radar,16,29,59,1,105,0,0,13,0,13,16,29,72,1,118,62,0,62,180
09/04/2015,GRB,WI,AGL,CE,Combined TRACON& Tower with Radar,14,26,61,0,101,0,0,17,0,17,14,26,78,0,118,72,0,72,190
09/05/2015,GRB,WI,AGL,CE,Combined TRACON& Tower with Radar,6,19,11,1,37,0,0,14,0,14,6,19,25,1,51,40,0,40,91
09/06/2015,GRB,WI,AGL,CE,Combined TRACON& Tower with Radar,10,16,15,0,41,0,0,17,0,17,10,16,32,0,58,0,0,0,58
09/07/2015,GRB,WI,AGL,CE,Combined TRACON& Tower with Radar,12,24,12,0,48,0,0,7,0,7,12,24,19,0,55,20,0,20,75
09/08/2015,GRB,WI,AGL,CE,Combined TRACON& Tower with Radar,10,23,26,0,59,0,0,8,0,8,10,23,34,0,67,52,0,52,119
09/09/2015,GRB,WI,AGL,CE,Combined TRACON& Tower with Radar,7,32,38,3,80,0,0,56,1,57,7,32,94,4,137,88,0,88,225
09/10/2015,GRB,WI,AGL,CE,Combined TRACON& Tower with Radar,15,32,39,0,86,0,1,15,0,16,15,33,54,0,102,144,10,154,256
09/11/2015,GRB,WI,AGL,CE,Combined TRACON& Tower with Radar,12,28,41,6,87,0,5,43,3,51,12,33,84,9,138,66,0,66,204
09/12/2015,GRB,WI,AGL,CE,Combined TRACON& Tower with Radar,8,24,23,1,56,0,0,43,1,44,8,24,66,2,100,52,0,52,152
09/13/2015,GRB,WI,AGL,CE,Combined TRACON& Tower with Radar,16,26,30,0,72,0,0,28,0,28,16,26,58,0,100,24,0,24,124
09/14/2015,GRB,WI,AGL,CE,Combined TRACON& Tower with Radar,16,27,27,0,70,0,0,42,0,42,16,27,69,0,112,116,0,116,228
09/15/2015,GRB,WI,AGL,CE,Combined TRACON& Tower with Radar,12,30,31,0,73,0,0,53,0,53,12,30,84,0,126,135,0,135,261
09/16/2015,GRB,WI,AGL,CE,Combined TRACON& Tower with Radar,12,30,39,1,82,0,0,40,1,41,12,30,79,2,123,54,0,54,177
09/17/2015,GRB,WI,AGL,CE,Combined TRACON& Tower with Radar,16,28,28,0,72,0,0,21,0,21,16,28,49,0,93,86,0,86,179
09/18/2015,GRB,WI,AGL,CE,Combined TRACON& Tower with Radar,18,23,40,2,83,0,0,10,0,10,18,23,50,2,93,64,0,64,157
09/19/2015,GRB,WI,AGL,CE,Combined TRACON& Tower with Radar,14,25,32,0,71,0,0,42,0,42,14,25,74,0,113,81,0,81,194
09/20/2015,GRB,WI,AGL,CE,Combined TRACON& Tower with Radar,17,47,127,0,191,0,0,72,0,72,17,47,199,0,263,60,0,60,323
09/21/2015,GRB,WI,AGL,CE,Combined TRACON& Tower with Radar,28,32,65,0,125,0,0,42,2,44,28,32,107,2,169,54,0,54,223
09/22/2015,GRB,WI,AGL,CE,Combined TRACON& Tower with Radar,13,29,36,0,78,0,0,49,0,49,13,29,85,0,127,78,0,78,205
09/23/2015,GRB,WI,AGL,CE,Combined TRACON& Tower with Radar,12,26,36,0,74,0,0,10,3,13,12,26,46,3,87,58,0,58,145
09/24/2015,GRB,WI,AGL,CE,Combined TRACON& Tower with Radar,14,35,37,6,92,0,0,45,0,45,14,35,82,6,137,70,0,70,207
09/25/2015,GRB,WI,AGL,CE,Combined TRACON& Tower with Radar,14,29,36,1,80,0,0,30,1,31,14,29,66,2,111,50,0,50,161
09/26/2015,GRB,WI,AGL,CE,Combined TRACON& Tower with Radar,6,23,21,2,52,0,0,39,0,39,6,23,60,2,91,60,0,60,151
09/27/2015,GRB,WI,AGL,CE,Combined TRACON& Tower with Radar,14,21,34,2,71,0,0,35,0,35,14,21,69,2,106,48,0,48,154
09/28/2015,GRB,WI,AGL,CE,Combined TRACON& Tower with Radar,18,57,128,0,203,0,0,28,0,28,18,57,156,0,231,22,0,22,253
09/29/2015,GRB,WI,AGL,CE,Combined TRACON& Tower with Radar,17,40,70,2,129,0,0,35,0,35,17,40,105,2,164,36,0,36,200
09/30/2015,GRB,WI,AGL,CE,Combined TRACON& Tower with Radar,12,29,27,1,69,0,0,34,1,35,12,29,61,2,104,52,0,52,156
10/01/2015,GRB,WI,AGL,CE,Combined TRACON& Tower with Radar,10,28,37,2,77,0,0,39,2,41,10,28,76,4,118,6,0,6,124
10/02/2015,GRB,WI,AGL,CE,Combined TRACON& Tower with Radar,12,32,24,2,70,0,0,26,2,28,12,32,50,4,98,10,12,22,120
10/03/2015,GRB,WI,AGL,CE,Combined TRACON& Tower with Radar,4,22,18,0,44,0,1,8,0,9,4,23,26,0,53,48,0,48,101
10/04/2015,GRB,WI,AGL,CE,Combined TRACON& Tower with Radar,13,21,27,2,63,0,0,17,0,17,13,21,44,2,80,54,0,54,134
10/05/2015,GRB,WI,AGL,CE,Combined TRACON& Tower with Radar,14,31,35,0,80,0,0,7,0,7,14,31,42,0,87,22,0,22,109
10/06/2015,GRB,WI,AGL,CE,Combined TRACON& Tower with Radar,12,29,34,12,87,0,0,51,0,51,12,29,85,12,138,108,12,120,258
10/07/2015,GRB,WI,AGL,CE,Combined TRACON& Tower with Radar,14,26,33,2,75,0,0,46,0,46,14,26,79,2,121,80,0,80,201
10/08/2015,GRB,WI,AGL,CE,Combined TRACON& Tower with Radar,14,32,31,20,97,0,0,2,0,2,14,32,33,20,99,20,14,34,133
10/09/2015,GRB,WI,AGL,CE,Combined TRACON& Tower with Radar,12,31,34,0,77,0,1,36,0,37,12,32,70,0,114,12,0,12,126
10/10/2015,GRB,WI,AGL,CE,Combined TRACON& Tower with Radar,6,34,20,0,60,0,2,43,0,45,6,36,63,0,105,16,0,16,121
10/11/2015,GRB,WI,AGL,CE,Combined TRACON& Tower with Radar,15,41,113,0,169,0,0,31,2,33,15,41,144,2,202,4,0,4,206
10/12/2015,GRB,WI,AGL,CE,Combined TRACON& Tower with Radar,13,28,19,0,60,0,0,19,1,20,13,28,38,1,80,0,0,0,80
10/13/2015,GRB,WI,AGL,CE,Combined TRACON& Tower with Radar,12,31,33,3,79,0,0,12,0,12,12,31,45,3,91,14,0,14,105
10/14/2015,GRB,WI,AGL,CE,Combined TRACON& Tower with Radar,12,26,40,0,78,0,0,55,0,55,12,26,95,0,133,42,0,42,175
10/15/2015,GRB,WI,AGL,CE,Combined TRACON& Tower with Radar,12,34,32,6,84,0,0,25,0,25,12,34,57,6,109,14,4,18,127
10/16/2015,GRB,WI,AGL,CE,Combined TRACON& Tower with Radar,13,31,35,0,79,0,0,35,0,35,13,31,70,0,114,20,0,20,134
10/17/2015,GRB,WI,AGL,CE,Combined TRACON& Tower with Radar,6,26,31,2,65,0,0,54,0,54,6,26,85,2,119,84,0,84,203
10/18/2015,GRB,WI,AGL,CE,Combined TRACON& Tower with Radar,16,50,123,0,189,0,0,61,0,61,16,50,184,0,250,6,0,6,256
10/19/2015,GRB,WI,AGL,CE,Combined TRACON& Tower with Radar,13,35,37,2,87,0,0,6,0,6,13,35,43,2,93,0,0,0,93
10/20/2015,GRB,WI,AGL,CE,Combined TRACON& Tower with Radar,12,28,40,1,81,0,0,46,0,46,12,28,86,1,127,0,0,0,127
10/21/2015,GRB,WI,AGL,CE,Combined TRACON& Tower with Radar,12,30,35,0,77,0,0,44,2,46,12,30,79,2,123,32,0,32,155
10/22/2015,GRB,WI,AGL,CE,Combined TRACON& Tower with Radar,12,29,61,3,105,0,0,65,0,65,12,29,126,3,170,60,0,60,230
10/23/2015,GRB,WI,AGL,CE,Combined TRACON& Tower with Radar,12,34,40,2,88,0,0,12,0,12,12,34,52,2,100,15,0,15,115
10/24/2015,GRB,WI,AGL,CE,Combined TRACON& Tower with Radar,7,20,6,0,33,0,0,3,0,3,7,20,9,0,36,0,0,0,36
10/25/2015,GRB,WI,AGL,CE,Combined TRACON& Tower with Radar,13,25,35,1,74,0,0,56,1,57,13,25,91,2,131,80,0,80,211
10/26/2015,GRB,WI,AGL,CE,Combined TRACON& Tower with Radar,14,26,26,0,66,0,0,31,0,31,14,26,57,0,97,60,0,60,157
10/27/2015,GRB,WI,AGL,CE,Combined TRACON& Tower with Radar,10,29,45,0,84,0,0,36,0,36,10,29,81,0,120,34,0,34,154
10/28/2015,GRB,WI,AGL,CE,Combined TRACON& Tower with Radar,12,28,21,3,64,0,0,1,0,1,12,28,22,3,65,26,0,26,91
10/29/2015,GRB,WI,AGL,CE,Combined TRACON& Tower with Radar,11,27,23,1,62,0,0,7,1,8,11,27,30,2,70,0,0,0,70
10/30/2015,GRB,WI,AGL,CE,Combined TRACON& Tower with Radar,11,34,40,2,87,0,0,30,0,30,11,34,70,2,117,20,0,20,137
10/31/2015,GRB,WI,AGL,CE,Combined TRACON& Tower with Radar,6,18,5,0,29,0,0,0,0,0,6,18,5,0,29,0,0,0,29
11/01/2015,GRB,WI,AGL,CE,Combined TRACON& Tower with Radar,13,21,17,0,51,0,0,21,0,21,13,21,38,0,72,16,0,16,88
11/02/2015,GRB,WI,AGL,CE,Combined TRACON& Tower with Radar,10,30,25,0,65,0,0,44,1,45,10,30,69,1,110,46,0,46,156
11/03/2015,GRB,WI,AGL,CE,Combined TRACON& Tower with Radar,8,39,48,3,98,0,1,57,0,58,8,40,105,3,156,56,0,56,212
11/04/2015,GRB,WI,AGL,CE,Combined TRACON& Tower with Radar,13,29,37,0,79,0,0,31,0,31,13,29,68,0,110,0,0,0,110
11/05/2015,GRB,WI,AGL,CE,Combined TRACON& Tower with Radar,11,29,27,0,67,0,0,11,0,11,11,29,38,0,78,36,0,36,114
11/06/2015,GRB,WI,AGL,CE,Combined TRACON& Tower with Radar,12,29,29,0,70,0,0,15,1,16,12,29,44,1,86,34,0,34,120
11/07/2015,GRB,WI,AGL,CE,Combined TRACON& Tower with Radar,9,22,19,0,50,0,0,21,0,21,9,22,40,0,71,4,0,4,75
11/08/2015,GRB,WI,AGL,CE,Combined TRACON& Tower with Radar,15,26,27,0,68,0,0,39,0,39,15,26,66,0,107,88,0,88,195
11/09/2015,GRB,WI,AGL,CE,Combined TRACON& Tower with Radar,10,31,24,0,65,0,0,29,0,29,10,31,53,0,94,24,0,24,118
11/10/2015,GRB,WI,AGL,CE,Combined TRACON& Tower with Radar,10,27,38,0,75,0,0,42,0,42,10,27,80,0,117,60,0,60,177
11/11/2015,GRB,WI,AGL,CE,Combined TRACON& Tower with Radar,13,27,38,0,78,0,0,29,0,29,13,27,67,0,107,34,0,34,141
11/12/2015,GRB,WI,AGL,CE,Combined TRACON& Tower with Radar,11,33,22,0,66,0,0,1,0,1,11,33,23,0,67,0,0,0,67
11/13/2015,GRB,WI,AGL,CE,Combined TRACON& Tower with Radar,12,31,22,6,71,0,0,0,2,2,12,31,22,8,73,6,2,8,81
11/14/2015,GRB,WI,AGL,CE,Combined TRACON& Tower with Radar,6,27,23,0,56,0,0,55,0,55,6,27,78,0,111,52,0,52,163
11/15/2015,GRB,WI,AGL,CE,Combined TRACON& Tower with Radar,14,48,161,0,223,0,0,45,5,50,14,48,206,5,273,12,0,12,285
11/16/2015,GRB,WI,AGL,CE,Combined TRACON& Tower with Radar,11,31,42,1,85,0,0,22,1,23,11,31,64,2,108,10,0,10,118
11/17/2015,GRB,WI,AGL,CE,Combined TRACON& Tower with Radar,9,33,34,8,84,0,0,1,0,1,9,33,35,8,85,0,22,22,107
11/18/2015,GRB,WI,AGL,CE,Combined TRACON& Tower with Radar,11,26,23,1,61,0,0,1,0,1,11,26,24,1,62,0,0,0,62
11/19/2015,GRB,WI,AGL,CE,Combined TRACON& Tower with Radar,11,30,19,0,60,0,0,5,3,8,11,30,24,3,68,8,0,8,76
11/20/2015,GRB,WI,AGL,CE,Combined TRACON& Tower with Radar,12,26,26,4,68,0,0,12,0,12,12,26,38,4,80,50,14,64,144
11/21/2015,GRB,WI,AGL,CE,Combined TRACON& Tower with Radar,17,20,14,0,51,0,0,10,0,10,17,20,24,0,61,4,0,4,65
11/22/2015,GRB,WI,AGL,CE,Combined TRACON& Tower with Radar,13,23,9,0,45,0,0,20,0,20,13,23,29,0,65,46,0,46,111
11/23/2015,GRB,WI,AGL,CE,Combined TRACON& Tower with Radar,12,22,23,0,57,0,0,23,0,23,12,22,46,0,80,60,0,60,140
11/24/2015,GRB,WI,AGL,CE,Combined TRACON& Tower with Radar,12,27,48,2,89,0,0,36,0,36,12,27,84,2,125,78,0,78,203
11/25/2015,GRB,WI,AGL,CE,Combined TRACON& Tower with Radar,14,35,34,0,83,0,0,15,0,15,14,35,49,0,98,26,0,26,124
11/26/2015,GRB,WI,AGL,CE,Combined TRACON& Tower with Radar,10,21,43,0,74,0,0,0,0,0,10,21,43,0,74,0,0,0,74
11/27/2015,GRB,WI,AGL,CE,Combined TRACON& Tower with Radar,17,27,25,0,69,0,0,12,0,12,17,27,37,0,81,12,0,12,93
11/28/2015,GRB,WI,AGL,CE,Combined TRACON& Tower with Radar,11,24,19,0,54,0,0,36,0,36,11,24,55,0,90,102,0,102,192
11/29/2015,GRB,WI,AGL,CE,Combined TRACON& Tower with Radar,11,31,20,0,62,0,2,31,0,33,11,33,51,0,95,44,0,44,139
11/30/2015,GRB,WI,AGL,CE,Combined TRACON& Tower with Radar,12,28,19,0,59,0,0,15,0,15,12,28,34,0,74,32,0,32,106
12/01/2015,GRB,WI,AGL,CE,Combined TRACON& Tower with Radar,16,27,24,0,67,0,0,3,0,3,16,27,27,0,70,26,0,26,96
12/02/2015,GRB,WI,AGL,CE,Combined TRACON& Tower with Radar,16,32,23,0,71,0,0,12,0,12,16,32,35,0,83,26,4,30,113
12/03/2015,GRB,WI,AGL,CE,Combined TRACON& Tower with Radar,14,24,42,0,80,0,0,13,0,13,14,24,55,0,93,66,0,66,159
12/04/2015,GRB,WI,AGL,CE,Combined TRACON& Tower with Radar,14,26,23,0,63,0,0,44,2,46,14,26,67,2,109,84,0,84,193
12/05/2015,GRB,WI,AGL,CE,Combined TRACON& Tower with Radar,9,16,6,0,31,0,0,34,0,34,9,16,40,0,65,58,0,58,123
12/06/2015,GRB,WI,AGL,CE,Combined TRACON& Tower with Radar,13,24,19,0,56,0,0,1,0,1,13,24,20,0,57,0,0,0,57
12/07/2015,GRB,WI,AGL,CE,Combined TRACON& Tower with Radar,14,24,21,0,59,0,0,0,0,0,14,24,21,0,59,0,0,0,59
12/08/2015,GRB,WI,AGL,CE,Combined TRACON& Tower with Radar,14,32,37,0,83,0,0,5,2,7,14,32,42,2,90,0,0,0,90
12/09/2015,GRB,WI,AGL,CE,Combined TRACON& Tower with Radar,14,29,28,1,72,0,0,19,0,19,14,29,47,1,91,76,0,76,167
12/10/2015,GRB,WI,AGL,CE,Combined TRACON& Tower with Radar,14,35,26,4,79,0,0,18,0,18,14,35,44,4,97,8,8,16,113
12/11/2015,GRB,WI,AGL,CE,Combined TRACON& Tower with Radar,16,31,27,7,81,0,0,25,1,26,16,31,52,8,107,42,0,42,149
12/12/2015,GRB,WI,AGL,CE,Combined TRACON& Tower with Radar,14,25,21,0,60,0,0,11,0,11,14,25,32,0,71,32,0,32,103
12/13/2015,GRB,WI,AGL,CE,Combined TRACON& Tower with Radar,16,34,124,0,174,0,0,1,0,1,16,34,125,0,175,0,0,0,175
12/14/2015,GRB,WI,AGL,CE,Combined TRACON& Tower with Radar,14,33,23,0,70,0,0,1,0,1,14,33,24,0,71,0,0,0,71
12/15/2015,GRB,WI,AGL,CE,Combined TRACON& Tower with Radar,12,26,33,0,71,0,0,7,0,7,12,26,40,0,78,68,0,68,146
12/16/2015,GRB,WI,AGL,CE,Combined TRACON& Tower with Radar,14,30,27,0,71,0,1,2,0,3,14,31,29,0,74,0,0,0,74
12/17/2015,GRB,WI,AGL,CE,Combined TRACON& Tower with Radar,14,26,53,0,93,0,0,14,1,15,14,26,67,1,108,4,0,4,112
12/18/2015,GRB,WI,AGL,CE,Combined TRACON& Tower with Radar,16,28,49,1,94,0,0,13,0,13,16,28,62,1,107,6,0,6,113
12/19/2015,GRB,WI,AGL,CE,Combined TRACON& Tower with Radar,9,27,31,0,67,0,0,45,1,46,9,27,76,1,113,38,0,38,151
12/20/2015,GRB,WI,AGL,CE,Combined TRACON& Tower with Radar,8,27,2,0,37,0,0,13,0,13,8,27,15,0,50,4,0,4,54
12/21/2015,GRB,WI,AGL,CE,Combined TRACON& Tower with Radar,8,28,14,0,50,0,0,0,0,0,8,28,14,0,50,0,0,0,50
12/22/2015,GRB,WI,AGL,CE,Combined TRACON& Tower with Radar,6,35,31,0,72,0,0,0,0,0,6,35,31,0,72,0,0,0,72
12/23/2015,GRB,WI,AGL,CE,Combined TRACON& Tower with Radar,6,33,17,0,56,0,0,0,0,0,6,33,17,0,56,0,0,0,56
12/24/2015,GRB,WI,AGL,CE,Combined TRACON& Tower with Radar,7,22,8,0,37,0,0,13,0,13,7,22,21,0,50,24,0,24,74
12/25/2015,GRB,WI,AGL,CE,Combined TRACON& Tower with Radar,5,14,5,0,24,0,0,3,0,3,5,14,8,0,27,14,0,14,41
12/26/2015,GRB,WI,AGL,CE,Combined TRACON& Tower with Radar,8,30,20,0,58,0,0,6,0,6,8,30,26,0,64,0,0,0,64
12/27/2015,GRB,WI,AGL,CE,Combined TRACON& Tower with Radar,9,28,24,0,61,0,0,13,0,13,9,28,37,0,74,36,0,36,110
12/28/2015,GRB,WI,AGL,CE,Combined TRACON& Tower with Radar,8,20,10,0,38,0,0,5,0,5,8,20,15,0,43,0,0,0,43
12/29/2015,GRB,WI,AGL,CE,Combined TRACON& Tower with Radar,10,27,22,0,59,0,0,1,0,1,10,27,23,0,60,0,0,0,60
12/30/2015,GRB,WI,AGL,CE,Combined TRACON& Tower with Radar,8,31,12,2,53,0,0,0,0,0,8,31,12,2,53,0,0,0,53
12/31/2015,GRB,WI,AGL,CE,Combined TRACON& Tower with Radar,5,21,30,0,56,0,0,16,0,16,5,21,46,0,72,8,0,8,80
01/01/2016,GRB,WI,AGL,CE,Combined TRACON& Tower with Radar,5,21,10,0,36,0,1,15,0,16,5,22,25,0,52,34,0,34,86
01/02/2016,GRB,WI,AGL,CE,Combined TRACON& Tower with Radar,8,25,20,0,53,0,0,37,0,37,8,25,57,0,90,38,0,38,128
01/03/2016,GRB,WI,AGL,CE,Combined TRACON& Tower with Radar,9,35,105,0,149,0,0,20,0,20,9,35,125,0,169,0,0,0,169
01/04/2016,GRB,WI,AGL,CE,Combined TRACON& Tower with Radar,18,20,46,0,84,0,0,44,0,44,18,20,90,0,128,46,0,46,174
01/05/2016,GRB,WI,AGL,CE,Combined TRACON& Tower with Radar,7,29,31,0,67,0,0,25,0,25,7,29,56,0,92,16,0,16,108
01/06/2016,GRB,WI,AGL,CE,Combined TRACON& Tower with Radar,8,34,53,0,95,0,0,48,0,48,8,34,101,0,143,50,12,62,205
01/07/2016,GRB,WI,AGL,CE,Combined TRACON& Tower with Radar,7,33,14,0,54,0,0,0,0,0,7,33,14,0,54,10,0,10,64
01/08/2016,GRB,WI,AGL,CE,Combined TRACON& Tower with Radar,10,31,10,0,51,0,0,0,0,0,10,31,10,0,51,0,0,0,51
01/09/2016,GRB,WI,AGL,CE,Combined TRACON& Tower with Radar,7,17,9,0,33,0,0,4,0,4,7,17,13,0,37,22,0,22,59
01/10/2016,GRB,WI,AGL,CE,Combined TRACON& Tower with Radar,9,24,14,0,47,0,0,24,0,24,9,24,38,0,71,22,0,22,93
01/11/2016,GRB,WI,AGL,CE,Combined TRACON& Tower with Radar,8,25,28,0,61,0,0,23,1,24,8,25,51,1,85,0,0,0,85
01/12/2016,GRB,WI,AGL,CE,Combined TRACON& Tower with Radar,6,29,28,2,65,0,0,16,1,17,6,29,44,3,82,32,0,32,114
01/13/2016,GRB,WI,AGL,CE,Combined TRACON& Tower with Radar,6,30,35,1,72,0,0,13,1,14,6,30,48,2,86,40,8,48,134
01/14/2016,GRB,WI,AGL,CE,Combined TRACON& Tower with Radar,5,37,24,0,66,0,0,4,0,4,5,37,28,0,70,10,0,10,80
01/15/2016,GRB,WI,AGL,CE,Combined TRACON& Tower with Radar,11,26,27,0,64,0,1,0,0,1,11,27,27,0,65,6,0,6,71
01/16/2016,GRB,WI,AGL,CE,Combined TRACON& Tower with Radar,8,16,10,0,34,0,0,22,0,22,8,16,32,0,56,10,0,10,66
01/17/2016,GRB,WI,AGL,CE,Combined TRACON& Tower with Radar,9,24,3,0,36,0,0,2,0,2,9,24,5,0,38,0,0,0,38
01/18/2016,GRB,WI,AGL,CE,Combined TRACON& Tower with Radar,6,37,22,0,65,0,0,12,0,12,6,37,34,0,77,44,0,44,121
01/19/2016,GRB,WI,AGL,CE,Combined TRACON& Tower with Radar,5,31,17,0,53,0,0,15,0,15,5,31,32,0,68,36,0,36,104
01/20/2016,GRB,WI,AGL,CE,Combined TRACON& Tower with Radar,6,31,24,0,61,0,0,21,0,21,6,31,45,0,82,28,0,28,110
01/21/2016,GRB,WI,AGL,CE,Combined TRACON& Tower with Radar,6,35,22,2,65,0,0,0,2,2,6,35,22,4,67,44,0,44,111
01/22/2016,GRB,WI,AGL,CE,Combined TRACON& Tower with Radar,5,30,15,0,50,0,0,17,0,17,5,30,32,0,67,89,0,89,156
01/23/2016,GRB,WI,AGL,CE,Combined TRACON& Tower with Radar,5,21,20,0,46,0,0,23,0,23,5,21,43,0,69,42,0,42,111
01/24/2016,GRB,WI,AGL,CE,Combined TRACON& Tower with Radar,7,24,15,0,46,0,0,2,0,2,7,24,17,0,48,24,0,24,72
01/25/2016,GRB,WI,AGL,CE,Combined TRACON& Tower with Radar,6,33,9,0,48,0,0,0,0,0,6,33,9,0,48,0,0,0,48
01/26/2016,GRB,WI,AGL,CE,Combined TRACON& Tower with Radar,6,36,27,0,69,0,0,13,0,13,6,36,40,0,82,18,0,18,100
01/27/2016,GRB,WI,AGL,CE,Combined TRACON& Tower with Radar,8,29,20,0,57,0,0,6,0,6,8,29,26,0,63,18,0,18,81
01/28/2016,GRB,WI,AGL,CE,Combined TRACON& Tower with Radar,5,38,17,0,60,0,0,9,2,11,5,38,26,2,71,28,10,38,109
01/29/2016,GRB,WI,AGL,CE,Combined TRACON& Tower with Radar,7,33,30,0,70,0,0,30,0,30,7,33,60,0,100,44,0,44,144
01/30/2016,GRB,WI,AGL,CE,Combined TRACON& Tower with Radar,6,19,16,0,41,0,0,24,0,24,6,19,40,0,65,34,0,34,99
01/31/2016,GRB,WI,AGL,CE,Combined TRACON& Tower with Radar,7,28,5,0,40,0,0,0,0,0,7,28,5,0,40,0,0,0,40
02/01/2016,GRB,WI,AGL,CE,Combined TRACON& Tower with Radar,7,26,25,1,59,0,0,41,1,42,7,26,66,2,101,92,0,92,193
02/02/2016,GRB,WI,AGL,CE,Combined TRACON& Tower with Radar,3,15,3,0,21,0,0,0,0,0,3,15,3,0,21,0,0,0,21
02/03/2016,GRB,WI,AGL,CE,Combined TRACON& Tower with Radar,3,28,26,0,57,0,1,0,0,1,3,29,26,0,58,0,0,0,58
02/04/2016,GRB,WI,AGL,CE,Combined TRACON& Tower with Radar,8,26,15,0,49,0,0,38,0,38,8,26,53,0,87,74,0,74,161
02/05/2016,GRB,WI,AGL,CE,Combined TRACON& Tower with Radar,7,28,30,0,65,0,0,48,0,48,7,28,78,0,113,124,0,124,237
02/06/2016,GRB,WI,AGL,CE,Combined TRACON& Tower with Radar,6,23,20,0,49,0,0,4,0,4,6,23,24,0,53,0,0,0,53
02/07/2016,GRB,WI,AGL,CE,Combined TRACON& Tower with Radar,8,20,10,0,38,0,0,28,0,28,8,20,38,0,66,0,0,0,66
02/08/2016,GRB,WI,AGL,CE,Combined TRACON& Tower with Radar,5,30,16,0,51,0,0,0,0,0,5,30,16,0,51,10,0,10,61
02/09/2016,GRB,WI,AGL,CE,Combined TRACON& Tower with Radar,7,32,17,2,58,0,0,9,0,9,7,32,26,2,67,26,0,26,93
02/10/2016,GRB,WI,AGL,CE,Combined TRACON& Tower with Radar,11,36,30,0,77,0,0,19,0,19,11,36,49,0,96,50,0,50,146
02/11/2016,GRB,WI,AGL,CE,Combined TRACON& Tower with Radar,8,30,37,0,75,0,0,31,0,31,8,30,68,0,106,82,0,82,188
02/12/2016,GRB,WI,AGL,CE,Combined TRACON& Tower with Radar,15,25,17,5,62,0,0,23,1,24,15,25,40,6,86,6,0,6,92
02/13/2016,GRB,WI,AGL,CE,Combined TRACON& Tower with Radar,9,20,16,3,48,0,0,41,1,42,9,20,57,4,90,32,0,32,122
02/14/2016,GRB,WI,AGL,CE,Combined TRACON& Tower with Radar,10,20,12,0,42,0,0,5,0,5,10,20,17,0,47,28,0,28,75
02/15/2016,GRB,WI,AGL,CE,Combined TRACON& Tower with Radar,16,18,24,0,58,0,0,9,0,9,16,18,33,0,67,46,0,46,113
02/16/2016,GRB,WI,AGL,CE,Combined TRACON& Tower with Radar,16,22,15,0,53,0,0,0,0,0,16,22,15,0,53,0,0,0,53
02/17/2016,GRB,WI,AGL,CE,Combined TRACON& Tower with Radar,16,25,22,1,64,0,1,42,1,44,16,26,64,2,108,38,0,38,146
02/18/2016,GRB,WI,AGL,CE,Combined TRACON& Tower with Radar,16,22,28,0,66,0,0,14,0,14,16,22,42,0,80,6,0,6,86
02/19/2016,GRB,WI,AGL,CE,Combined TRACON& Tower with Radar,19,19,18,0,56,0,0,2,0,2,19,19,20,0,58,0,0,0,58
02/20/2016,GRB,WI,AGL,CE,Combined TRACON& Tower with Radar,9,17,15,0,41,0,0,26,0,26,9,17,41,0,67,56,0,56,123
02/21/2016,GRB,WI,AGL,CE,Combined TRACON& Tower with Radar,13,19,14,2,48,0,0,17,0,17,13,19,31,2,65,0,0,0,65
02/22/2016,GRB,WI,AGL,CE,Combined TRACON& Tower with Radar,18,20,14,0,52,0,0,0,0,0,18,20,14,0,52,0,0,0,52
02/23/2016,GRB,WI,AGL,CE,Combined TRACON& Tower with Radar,16,18,31,4,69,0,0,7,0,7,16,18,38,4,76,0,0,0,76
02/24/2016,GRB,WI,AGL,CE,Combined TRACON& Tower with Radar,15,12,25,0,52,0,0,3,0,3,15,12,28,0,55,0,0,0,55
02/25/2016,GRB,WI,AGL,CE,Combined TRACON& Tower with Radar,14,26,32,4,76,0,0,12,2,14,14,26,44,6,90,16,0,16,106
02/26/2016,GRB,WI,AGL,CE,Combined TRACON& Tower with Radar,15,21,23,0,59,0,0,45,0,45,15,21,68,0,104,86,0,86,190
02/27/2016,GRB,WI,AGL,CE,Combined TRACON& Tower with Radar,8,18,17,0,43,0,0,47,0,47,8,18,64,0,90,58,0,58,148
02/28/2016,GRB,WI,AGL,CE,Combined TRACON& Tower with Radar,14,22,14,0,50,0,0,8,0,8,14,22,22,0,58,28,0,28,86
02/29/2016,GRB,WI,AGL,CE,Combined TRACON& Tower with Radar,16,23,16,2,57,0,0,16,2,18,16,23,32,4,75,0,0,0,75
03/01/2016,GRB,WI,AGL,CE,Combined TRACON& Tower with Radar,15,13,17,0,45,0,0,6,0,6,15,13,23,0,51,28,0,28,79
03/02/2016,GRB,WI,AGL,CE,Combined TRACON& Tower with Radar,14,26,34,1,75,0,0,60,3,63,14,26,94,4,138,26,0,26,164
03/03/2016,GRB,WI,AGL,CE,Combined TRACON& Tower with Radar,14,32,49,0,95,0,0,25,0,25,14,32,74,0,120,56,0,56,176
03/04/2016,GRB,WI,AGL,CE,Combined TRACON& Tower with Radar,16,20,24,0,60,0,0,19,0,19,16,20,43,0,79,46,0,46,125
03/05/2016,GRB,WI,AGL,CE,Combined TRACON& Tower with Radar,5,24,9,0,38,0,0,2,0,2,5,24,11,0,40,34,0,34,74
03/06/2016,GRB,WI,AGL,CE,Combined TRACON& Tower with Radar,14,25,14,1,54,0,0,18,2,20,14,25,32,3,74,38,0,38,112
03/07/2016,GRB,WI,AGL,CE,Combined TRACON& Tower with Radar,14,27,35,1,77,0,0,32,3,35,14,27,67,4,112,56,0,56,168
03/08/2016,GRB,WI,AGL,CE,Combined TRACON& Tower with Radar,14,28,15,0,57,0,0,15,0,15,14,28,30,0,72,28,0,28,100
03/09/2016,GRB,WI,AGL,CE,Combined TRACON& Tower with Radar,14,38,38,14,104,0,0,11,0,11,14,38,49,14,115,34,12,46,161
03/10/2016,GRB,WI,AGL,CE,Combined TRACON& Tower with Radar,14,33,50,0,97,0,1,10,0,11,14,34,60,0,108,0,0,0,108
03/11/2016,GRB,WI,AGL,CE,Combined TRACON& Tower with Radar,14,27,33,2,76,0,2,25,1,28,14,29,58,3,104,12,0,12,116
03/12/2016,GRB,WI,AGL,CE,Combined TRACON& Tower with Radar,8,21,25,0,54,0,0,72,0,72,8,21,97,0,126,126,0,126,252
03/13/2016,GRB,WI,AGL,CE,Combined TRACON& Tower with Radar,14,24,13,0,51,0,0,17,0,17,14,24,30,0,68,50,0,50,118
03/14/2016,GRB,WI,AGL,CE,Combined TRACON& Tower with Radar,14,24,24,0,62,0,0,6,0,6,14,24,30,0,68,50,0,50,118
03/15/2016,GRB,WI,AGL,CE,Combined TRACON& Tower with Radar,13,26,29,0,68,0,0,9,0,9,13,26,38,0,77,44,0,44,121
03/16/2016,GRB,WI,AGL,CE,Combined TRACON& Tower with Radar,19,32,19,0,70,0,0,0,0,0,19,32,19,0,70,0,0,0,70
03/17/2016,GRB,WI,AGL,CE,Combined TRACON& Tower with Radar,15,31,18,1,65,0,0,2,1,3,15,31,20,2,68,20,0,20,88
03/18/2016,GRB,WI,AGL,CE,Combined TRACON& Tower with Radar,12,25,31,0,68,0,0,28,2,30,12,25,59,2,98,84,2,86,184
03/19/2016,GRB,WI,AGL,CE,Combined TRACON& Tower with Radar,8,18,8,0,34,0,0,30,0,30,8,18,38,0,64,76,0,76,140
03/20/2016,GRB,WI,AGL,CE,Combined TRACON& Tower with Radar,13,23,21,0,57,0,0,45,0,45,13,23,66,0,102,28,0,28,130
03/21/2016,GRB,WI,AGL,CE,Combined TRACON& Tower with Radar,14,24,15,0,53,0,0,22,0,22,14,24,37,0,75,0,0,0,75
03/22/2016,GRB,WI,AGL,CE,Combined TRACON& Tower with Radar,12,26,15,4,57,0,0,12,0,12,12,26,27,4,69,46,4,50,119
03/23/2016,GRB,WI,AGL,CE,Combined TRACON& Tower with Radar,13,31,15,0,59,0,0,0,0,0,13,31,15,0,59,0,0,0,59
03/24/2016,GRB,WI,AGL,CE,Combined TRACON& Tower with Radar,15,28,5,0,48,0,0,0,0,0,15,28,5,0,48,0,0,0,48
03/25/2016,GRB,WI,AGL,CE,Combined TRACON& Tower with Radar,14,23,45,2,84,0,0,38,0,38,14,23,83,2,122,0,0,0,122
03/26/2016,GRB,WI,AGL,CE,Combined TRACON& Tower with Radar,6,20,23,0,49,0,0,48,0,48,6,20,71,0,97,112,0,112,209
03/27/2016,GRB,WI,AGL,CE,Combined TRACON& Tower with Radar,16,25,12,0,53,0,0,7,0,7,16,25,19,0,60,0,0,0,60
03/28/2016,GRB,WI,AGL,CE,Combined TRACON& Tower with Radar,14,26,34,4,78,0,0,39,0,39,14,26,73,4,117,144,0,144,261
03/29/2016,GRB,WI,AGL,CE,Combined TRACON& Tower with Radar,14,30,38,0,82,0,0,45,0,45,14,30,83,0,127,77,0,77,204
03/30/2016,GRB,WI,AGL,CE,Combined TRACON& Tower with Radar,16,26,34,0,76,0,0,7,0,7,16,26,41,0,83,72,0,72,155
03/31/2016,GRB,WI,AGL,CE,Combined TRACON& Tower with Radar,16,28,6,0,50,0,0,0,0,0,16,28,6,0,50,0,0,0,50
04/01/2016,GRB,WI,AGL,CE,Combined TRACON& Tower with Radar,15,26,17,0,58,0,0,19,0,19,15,26,36,0,77,16,0,16,93
04/02/2016,GRB,WI,AGL,CE,Combined TRACON& Tower with Radar,9,21,10,0,40,0,0,3,0,3,9,21,13,0,43,0,0,0,43
04/03/2016,GRB,WI,AGL,CE,Combined TRACON& Tower with Radar,14,23,13,0,50,0,0,6,0,6,14,23,19,0,56,0,0,0,56
04/04/2016,GRB,WI,AGL,CE,Combined TRACON& Tower with Radar,15,25,20,0,60,0,0,12,0,12,15,25,32,0,72,36,0,36,108
04/05/2016,GRB,WI,AGL,CE,Combined TRACON& Tower with Radar,14,28,30,12,84,0,0,21,0,21,14,28,51,12,105,62,8,70,175
04/06/2016,GRB,WI,AGL,CE,Combined TRACON& Tower with Radar,14,33,11,8,66,0,0,0,0,0,14,33,11,8,66,0,0,0,66
04/07/2016,GRB,WI,AGL,CE,Combined TRACON& Tower with Radar,14,28,33,3,78,0,0,16,1,17,14,28,49,4,95,6,0,6,101
04/08/2016,GRB,WI,AGL,CE,Combined TRACON& Tower with Radar,14,28,29,0,71,0,0,0,0,0,14,28,29,0,71,0,0,0,71
04/09/2016,GRB,WI,AGL,CE,Combined TRACON& Tower with Radar,6,24,23,2,55,0,0,50,1,51,6,24,73,3,106,56,0,56,162
04/10/2016,GRB,WI,AGL,CE,Combined TRACON& Tower with Radar,10,30,14,0,54,0,0,5,0,5,10,30,19,0,59,44,0,44,103
04/11/2016,GRB,WI,AGL,CE,Combined TRACON& Tower with Radar,14,29,30,0,73,0,0,16,0,16,14,29,46,0,89,26,0,26,115
04/12/2016,GRB,WI,AGL,CE,Combined TRACON& Tower with Radar,14,32,35,0,81,0,1,54,0,55,14,33,89,0,136,54,0,54,190
04/13/2016,GRB,WI,AGL,CE,Combined TRACON& Tower with Radar,12,30,41,0,83,0,0,13,0,13,12,30,54,0,96,0,0,0,96
04/14/2016,GRB,WI,AGL,CE,Combined TRACON& Tower with Radar,14,26,50,0,90,0,0,59,0,59,14,26,109,0,149,56,0,56,205
04/15/2016,GRB,WI,AGL,CE,Combined TRACON& Tower with Radar,14,30,44,1,89,0,0,71,1,72,14,30,115,2,161,100,0,100,261
04/16/2016,GRB,WI,AGL,CE,Combined TRACON& Tower with Radar,6,21,27,0,54,0,0,75,0,75,6,21,102,0,129,82,0,82,211
04/17/2016,GRB,WI,AGL,CE,Combined TRACON& Tower with Radar,12,26,26,0,64,0,0,67,0,67,12,26,93,0,131,18,0,18,149
04/18/2016,GRB,WI,AGL,CE,Combined TRACON& Tower with Radar,14,24,45,2,85,0,0,52,0,52,14,24,97,2,137,36,0,36,173
04/19/2016,GRB,WI,AGL,CE,Combined TRACON& Tower with Radar,14,28,51,12,105,0,0,13,0,13,14,28,64,12,118,28,0,28,146
04/20/2016,GRB,WI,AGL,CE,Combined TRACON& Tower with Radar,16,26,51,3,96,0,0,44,1,45,16,26,95,4,141,36,16,52,193
04/21/2016,GRB,WI,AGL,CE,Combined TRACON& Tower with Radar,14,31,57,4,106,0,0,14,0,14,14,31,71,4,120,20,4,24,144
04/22/2016,GRB,WI,AGL,CE,Combined TRACON& Tower with Radar,14,30,53,2,99,0,1,42,0,43,14,31,95,2,142,80,0,80,222
04/23/2016,GRB,WI,AGL,CE,Combined TRACON& Tower with Radar,10,19,8,2,39,0,0,46,0,46,10,19,54,2,85,98,0,98,183
04/24/2016,GRB,WI,AGL,CE,Combined TRACON& Tower with Radar,10,26,16,0,52,0,0,4,0,4,10,26,20,0,56,72,0,72,128
04/25/2016,GRB,WI,AGL,CE,Combined TRACON& Tower with Radar,16,29,18,0,63,0,0,21,0,21,16,29,39,0,84,62,0,62,146
04/26/2016,GRB,WI,AGL,CE,Combined TRACON& Tower with Radar,14,29,28,13,84,0,0,12,0,12,14,29,40,13,96,40,10,50,146
04/27/2016,GRB,WI,AGL,CE,Combined TRACON& Tower with Radar,16,27,33,0,76,0,0,24,0,24,16,27,57,0,100,42,0,42,142
04/28/2016,GRB,WI,AGL,CE,Combined TRACON& Tower with Radar,15,32,32,0,79,0,0,30,0,30,15,32,62,0,109,46,0,46,155
04/29/2016,GRB,WI,AGL,CE,Combined TRACON& Tower with Radar,14,29,35,6,84,0,0,30,0,30,14,29,65,6,114,114,8,122,236
04/30/2016,GRB,WI,AGL,CE,Combined TRACON& Tower with Radar,6,22,16,0,44,0,0,27,0,27,6,22,43,0,71,34,0,34,105
05/01/2016,GRB,WI,AGL,CE,Combined TRACON& Tower with Radar,16,25,19,0,60,0,0,15,1,16,16,25,34,1,76,36,0,36,112
05/02/2016,GRB,WI,AGL,CE,Combined TRACON& Tower with Radar,14,24,24,0,62,0,0,46,1,47,14,24,70,1,109,128,0,128,237
05/03/2016,GRB,WI,AGL,CE,Combined TRACON& Tower with Radar,14,27,38,0,79,0,0,33,0,33,14,27,71,0,112,64,0,64,176
05/04/2016,GRB,WI,AGL,CE,Combined TRACON& Tower with Radar,14,30,34,19,97,0,0,27,3,30,14,30,61,22,127,86,34,120,247
05/05/2016,GRB,WI,AGL,CE,Combined TRACON& Tower with Radar,14,27,51,0,92,0,0,67,0,67,14,27,118,0,159,88,0,88,247
05/06/2016,GRB,WI,AGL,CE,Combined TRACON& Tower with Radar,12,25,26,0,63,0,1,34,0,35,12,26,60,0,98,58,0,58,156
05/07/2016,GRB,WI,AGL,CE,Combined TRACON& Tower with Radar,8,14,14,0,36,0,0,36,0,36,8,14,50,0,72,36,0,36,108
05/08/2016,GRB,WI,AGL,CE,Combined TRACON& Tower with Radar,14,18,24,0,56,0,0,45,0,45,14,18,69,0,101,82,0,82,183
05/09/2016,GRB,WI,AGL,CE,Combined TRACON& Tower with Radar,14,24,31,0,69,0,0,25,0,25,14,24,56,0,94,90,0,90,184
05/10/2016,GRB,WI,AGL,CE,Combined TRACON& Tower with Radar,15,28,27,2,72,0,0,7,0,7,15,28,34,2,79,24,0,24,103
05/11/2016,GRB,WI,AGL,CE,Combined TRACON& Tower with Radar,14,25,38,19,96,0,0,0,0,0,14,25,38,19,96,8,22,30,126
05/12/2016,GRB,WI,AGL,CE,Combined TRACON& Tower with Radar,14,26,54,12,106,0,1,32,0,33,14,27,86,12,139,42,12,54,193
05/13/2016,GRB,WI,AGL,CE,Combined TRACON& Tower with Radar,14,28,42,0,84,0,0,15,0,15,14,28,57,0,99,68,0,68,167
05/14/2016,GRB,WI,AGL,CE,Combined TRACON& Tower with Radar,6,19,17,0,42,0,0,18,0,18,6,19,35,0,60,22,0,22,82
05/15/2016,GRB,WI,AGL,CE,Combined TRACON& Tower with Radar,12,30,37,0,79,0,0,44,0,44,12,30,81,0,123,6,0,6,129
05/16/2016,GRB,WI,AGL,CE,Combined TRACON& Tower with Radar,11,26,30,0,67,0,0,48,2,50,11,26,78,2,117,56,0,56,173
05/17/2016,GRB,WI,AGL,CE,Combined TRACON& Tower with Radar,14,30,38,1,83,0,0,46,1,47,14,30,84,2,130,102,0,102,232
05/18/2016,GRB,WI,AGL,CE,Combined TRACON& Tower with Radar,14,28,33,0,75,0,0,48,0,48,14,28,81,0,123,108,10,118,241
05/19/2016,GRB,WI,AGL,CE,Combined TRACON& Tower with Radar,15,27,48,14,104,0,3,65,0,68,15,30,113,14,172,62,8,70,242
05/20/2016,GRB,WI,AGL,CE,Combined TRACON& Tower with Radar,14,29,49,2,94,0,0,55,0,55,14,29,104,2,149,94,0,94,243
05/21/2016,GRB,WI,AGL,CE,Combined TRACON& Tower with Radar,8,17,21,0,46,0,1,71,0,72,8,18,92,0,118,80,0,80,198
05/22/2016,GRB,WI,AGL,CE,Combined TRACON& Tower with Radar,15,23,20,0,58,0,0,50,0,50,15,23,70,0,108,52,0,52,160
05/23/2016,GRB,WI,AGL,CE,Combined TRACON& Tower with Radar,15,27,24,3,69,0,0,46,3,49,15,27,70,6,118,32,16,48,166
05/24/2016,GRB,WI,AGL,CE,Combined TRACON& Tower with Radar,14,24,33,0,71,0,0,22,0,22,14,24,55,0,93,22,0,22,115
05/25/2016,GRB,WI,AGL,CE,Combined TRACON& Tower with Radar,15,25,46,24,110,0,0,5,0,5,15,25,51,24,115,14,30,44,159
05/26/2016,GRB,WI,AGL,CE,Combined TRACON& Tower with Radar,13,25,30,8,76,0,0,22,1,23,13,25,52,9,99,6,10,16,115
05/27/2016,GRB,WI,AGL,CE,Combined TRACON& Tower with Radar,16,27,36,0,79,0,0,12,0,12,16,27,48,0,91,34,0,34,125
05/28/2016,GRB,WI,AGL,CE,Combined TRACON& Tower with Radar,8,17,15,0,40,0,0,4,0,4,8,17,19,0,44,50,0,50,94
05/29/2016,GRB,WI,AGL,CE,Combined TRACON& Tower with Radar,6,15,11,0,32,0,0,10,0,10,6,15,21,0,42,30,0,30,72
05/30/2016,GRB,WI,AGL,CE,Combined TRACON& Tower with Radar,10,23,28,0,61,0,0,49,0,49,10,23,77,0,110,54,0,54,164
05/31/2016,GRB,WI,AGL,CE,Combined TRACON& Tower with Radar,11,28,33,2,74,0,0,20,2,22,11,28,53,4,96,20,0,20,116
06/01/2016,GRB,WI,AGL,CE,Combined TRACON& Tower with Radar,12,25,16,1,54,0,0,32,1,33,12,25,48,2,87,68,0,68,155
06/02/2016,GRB,WI,AGL,CE,Combined TRACON& Tower with Radar,12,22,34,0,68,0,1,36,0,37,12,23,70,0,105,58,0,58,163
06/03/2016,GRB,WI,AGL,CE,Combined TRACON& Tower with Radar,14,28,41,12,95,0,0,22,0,22,14,28,63,12,117,76,6,82,199
06/04/2016,GRB,WI,AGL,CE,Combined TRACON& Tower with Radar,10,22,5,0,37,0,0,10,1,11,10,22,15,1,48,0,0,0,48
06/05/2016,GRB,WI,AGL,CE,Combined TRACON& Tower with Radar,14,25,22,0,61,0,0,14,0,14,14,25,36,0,75,0,0,0,75
06/06/2016,GRB,WI,AGL,CE,Combined TRACON& Tower with Radar,14,26,18,0,58,0,0,16,0,16,14,26,34,0,74,18,0,18,92
06/07/2016,GRB,WI,AGL,CE,Combined TRACON& Tower with Radar,14,28,31,0,73,0,0,13,2,15,14,28,44,2,88,46,0,46,134
06/08/2016,GRB,WI,AGL,CE,Combined TRACON& Tower with Radar,14,31,41,0,86,0,0,61,0,61,14,31,102,0,147,84,0,84,231
06/09/2016,GRB,WI,AGL,CE,Combined TRACON& Tower with Radar,18,22,41,0,81,0,0,52,0,52,18,22,93,0,133,50,0,50,183
06/10/2016,GRB,WI,AGL,CE,Combined TRACON& Tower with Radar,16,26,28,2,72,0,0,14,0,14,16,26,42,2,86,34,0,34,120
06/11/2016,GRB,WI,AGL,CE,Combined TRACON& Tower with Radar,9,21,8,0,38,0,1,39,0,40,9,22,47,0,78,2,0,2,80
06/12/2016,GRB,WI,AGL,CE,Combined TRACON& Tower with Radar,14,18,29,1,62,0,0,31,0,31,14,18,60,1,93,18,0,18,111
06/13/2016,GRB,WI,AGL,CE,Combined TRACON& Tower with Radar,20,21,31,3,75,0,2,14,0,16,20,23,45,3,91,62,0,62,153
06/14/2016,GRB,WI,AGL,CE,Combined TRACON& Tower with Radar,17,24,54,0,95,0,0,40,0,40,17,24,94,0,135,86,0,86,221
06/15/2016,GRB,WI,AGL,CE,Combined TRACON& Tower with Radar,16,27,28,0,71,0,0,3,0,3,16,27,31,0,74,52,8,60,134
06/16/2016,GRB,WI,AGL,CE,Combined TRACON& Tower with Radar,17,25,34,2,78,0,0,8,0,8,17,25,42,2,86,0,0,0,86
06/17/2016,GRB,WI,AGL,CE,Combined TRACON& Tower with Radar,18,23,38,0,79,0,0,81,0,81,18,23,119,0,160,126,0,126,286
06/18/2016,GRB,WI,AGL,CE,Combined TRACON& Tower with Radar,10,22,14,0,46,0,0,57,0,57,10,22,71,0,103,68,0,68,171
06/19/2016,GRB,WI,AGL,CE,Combined TRACON& Tower with Radar,14,20,27,0,61,0,0,40,0,40,14,20,67,0,101,16,0,16,117
06/20/2016,GRB,WI,AGL,CE,Combined TRACON& Tower with Radar,19,25,43,3,90,0,0,17,2,19,19,25,60,5,109,0,0,0,109
06/21/2016,GRB,WI,AGL,CE,Combined TRACON& Tower with Radar,15,28,47,0,90,0,1,29,3,33,15,29,76,3,123,62,0,62,185
06/22/2016,GRB,WI,AGL,CE,Combined TRACON& Tower with Radar,18,24,32,15,89,0,0,44,0,44,18,24,76,15,133,26,6,32,165
06/23/2016,GRB,WI,AGL,CE,Combined TRACON& Tower with Radar,19,32,32,0,83,0,0,26,2,28,19,32,58,2,111,18,0,18,129
06/24/2016,GRB,WI,AGL,CE,Combined TRACON& Tower with Radar,18,23,40,0,81,0,0,55,0,55,18,23,95,0,136,66,0,66,202
06/25/2016,GRB,WI,AGL,CE,Combined TRACON& Tower with Radar,8,23,17,0,48,0,0,33,0,33,8,23,50,0,81,38,0,38,119
06/26/2016,GRB,WI,AGL,CE,Combined TRACON& Tower with Radar,14,18,17,0,49,0,0,28,0,28,14,18,45,0,77,0,0,0,77
06/27/2016,GRB,WI,AGL,CE,Combined TRACON& Tower with Radar,19,23,28,0,70,0,0,22,0,22,19,23,50,0,92,54,0,54,146
06/28/2016,GRB,WI,AGL,CE,Combined TRACON& Tower with Radar,16,23,35,4,78,0,0,57,0,57,16,23,92,4,135,62,4,66,201
06/29/2016,GRB,WI,AGL,CE,Combined TRACON& Tower with Radar,16,27,27,8,78,0,2,44,0,46,16,29,71,8,124,74,24,98,222
06/30/2016,GRB,WI,AGL,CE,Combined TRACON& Tower with Radar,18,23,33,2,76,0,0,16,4,20,18,23,49,6,96,0,0,0,96
07/01/2016,GRB,WI,AGL,CE,Combined TRACON& Tower with Radar,14,32,38,0,84,0,0,55,0,55,14,32,93,0,139,58,0,58,197
07/02/2016,GRB,WI,AGL,CE,Combined TRACON& Tower with Radar,8,17,29,0,54,0,0,49,0,49,8,17,78,0,103,28,0,28,131
07/03/2016,GRB,WI,AGL,CE,Combined TRACON& Tower with Radar,5,17,9,0,31,0,0,25,0,25,5,17,34,0,56,78,0,78,134
07/04/2016,GRB,WI,AGL,CE,Combined TRACON& Tower with Radar,7,20,24,0,51,0,0,19,0,19,7,20,43,0,70,40,0,40,110
07/05/2016,GRB,WI,AGL,CE,Combined TRACON& Tower with Radar,14,31,34,2,81,0,0,39,0,39,14,31,73,2,120,38,0,38,158
07/06/2016,GRB,WI,AGL,CE,Combined TRACON& Tower with Radar,15,28,37,1,81,0,0,18,1,19,15,28,55,2,100,0,0,0,100
07/07/2016,GRB,WI,AGL,CE,Combined TRACON& Tower with Radar,16,29,37,0,82,0,0,19,0,19,16,29,56,0,101,78,0,78,179
07/08/2016,GRB,WI,AGL,CE,Combined TRACON& Tower with Radar,13,31,32,0,76,0,0,16,0,16,13,31,48,0,92,54,0,54,146
07/09/2016,GRB,WI,AGL,CE,Combined TRACON& Tower with Radar,10,24,27,12,73,0,0,47,0,47,10,24,74,12,120,32,0,32,152
07/10/2016,GRB,WI,AGL,CE,Combined TRACON& Tower with Radar,12,22,46,2,82,0,0,49,0,49,12,22,95,2,131,62,0,62,193
07/11/2016,GRB,WI,AGL,CE,Combined TRACON& Tower with Radar,13,24,23,1,61,0,0,25,1,26,13,24,48,2,87,40,0,40,127
07/12/2016,GRB,WI,AGL,CE,Combined TRACON& Tower with Radar,12,29,52,2,95,0,0,24,0,24,12,29,76,2,119,32,0,32,151
07/13/2016,GRB,WI,AGL,CE,Combined TRACON& Tower with Radar,14,31,32,2,79,1,0,35,1,37,15,31,67,3,116,12,0,12,128
07/14/2016,GRB,WI,AGL,CE,Combined TRACON& Tower with Radar,14,37,39,11,101,0,1,24,0,25,14,38,63,11,126,34,0,34,160
07/15/2016,GRB,WI,AGL,CE,Combined TRACON& Tower with Radar,14,33,47,0,94,0,1,36,0,37,14,34,83,0,131,41,0,41,172
07/16/2016,GRB,WI,AGL,CE,Combined TRACON& Tower with Radar,10,24,11,0,45,0,0,54,0,54,10,24,65,0,99,40,0,40,139
07/17/2016,GRB,WI,AGL,CE,Combined TRACON& Tower with Radar,12,24,27,0,63,0,0,4,0,4,12,24,31,0,67,6,0,6,73
07/18/2016,GRB,WI,AGL,CE,Combined TRACON& Tower with Radar,16,26,33,0,75,0,0,49,0,49,16,26,82,0,124,43,0,43,167
07/19/2016,GRB,WI,AGL,CE,Combined TRACON& Tower with Radar,11,30,34,0,75,0,0,39,4,43,11,30,73,4,118,60,6,66,184
07/20/2016,GRB,WI,AGL,CE,Combined TRACON& Tower with Radar,14,35,27,0,76,0,0,23,1,24,14,35,50,1,100,36,0,36,136
07/21/2016,GRB,WI,AGL,CE,Combined TRACON& Tower with Radar,11,34,38,6,89,0,0,8,0,8,11,34,46,6,97,18,0,18,115
07/22/2016,GRB,WI,AGL,CE,Combined TRACON& Tower with Radar,14,30,25,0,69,0,0,62,0,62,14,30,87,0,131,40,0,40,171
07/23/2016,GRB,WI,AGL,CE,Combined TRACON& Tower with Radar,10,19,21,0,50,0,1,38,0,39,10,20,59,0,89,34,0,34,123
07/24/2016,GRB,WI,AGL,CE,Combined TRACON& Tower with Radar,12,30,78,0,120,0,0,28,0,28,12,30,106,0,148,0,0,0,148
07/25/2016,GRB,WI,AGL,CE,Combined TRACON& Tower with Radar,11,37,53,2,103,0,0,50,0,50,11,37,103,2,153,52,0,52,205
07/26/2016,GRB,WI,AGL,CE,Combined TRACON& Tower with Radar,12,27,80,2,121,0,0,54,0,54,12,27,134,2,175,42,12,54,229
07/27/2016,GRB,WI,AGL,CE,Combined TRACON& Tower with Radar,14,32,72,0,118,0,0,27,0,27,14,32,99,0,145,54,0,54,199
07/28/2016,GRB,WI,AGL,CE,Combined TRACON& Tower with Radar,11,39,99,2,151,0,0,22,0,22,11,39,121,2,173,18,0,18,191
07/29/2016,GRB,WI,AGL,CE,Combined TRACON& Tower with Radar,12,29,77,12,130,0,0,22,0,22,12,29,99,12,152,38,8,46,198
07/30/2016,GRB,WI,AGL,CE,Combined TRACON& Tower with Radar,7,27,37,0,71,0,0,53,0,53,7,27,90,0,124,26,0,26,150
07/31/2016,GRB,WI,AGL,CE,Combined TRACON& Tower with Radar,12,24,61,4,101,0,0,43,0,43,12,24,104,4,144,0,0,0,144
08/01/2016,GRB,WI,AGL,CE,Combined TRACON& Tower with Radar,12,32,36,4,84,0,0,48,0,48,12,32,84,4,132,10,0,10,142
08/02/2016,GRB,WI,AGL,CE,Combined TRACON& Tower with Radar,12,35,40,0,87,0,0,29,0,29,12,35,69,0,116,0,0,0,116
08/03/2016,GRB,WI,AGL,CE,Combined TRACON& Tower with Radar,10,30,30,2,72,0,0,50,0,50,10,30,80,2,122,122,0,122,244
08/04/2016,GRB,WI,AGL,CE,Combined TRACON& Tower with Radar,14,33,34,2,83,0,0,21,0,21,14,33,55,2,104,46,0,46,150
08/05/2016,GRB,WI,AGL,CE,Combined TRACON& Tower with Radar,16,28,43,0,87,0,1,46,2,49,16,29,89,2,136,0,0,0,136
08/06/2016,GRB,WI,AGL,CE,Combined TRACON& Tower with Radar,14,23,15,0,52,0,0,43,0,43,14,23,58,0,95,50,0,50,145
08/07/2016,GRB,WI,AGL,CE,Combined TRACON& Tower with Radar,12,29,31,3,75,0,0,47,1,48,12,29,78,4,123,0,0,0,123
08/08/2016,GRB,WI,AGL,CE,Combined TRACON& Tower with Radar,12,28,49,0,89,0,0,53,0,53,12,28,102,0,142,45,0,45,187
08/09/2016,GRB,WI,AGL,CE,Combined TRACON& Tower with Radar,11,35,43,2,91,0,0,29,0,29,11,35,72,2,120,60,27,87,207
08/10/2016,GRB,WI,AGL,CE,Combined TRACON& Tower with Radar,10,33,45,3,91,0,0,24,1,25,10,33,69,4,116,56,0,56,172
08/11/2016,GRB,WI,AGL,CE,Combined TRACON& Tower with Radar,16,33,30,8,87,0,0,11,0,11,16,33,41,8,98,12,10,22,120
08/12/2016,GRB,WI,AGL,CE,Combined TRACON& Tower with Radar,13,33,52,0,98,0,0,15,0,15,13,33,67,0,113,54,0,54,167
08/13/2016,GRB,WI,AGL,CE,Combined TRACON& Tower with Radar,10,24,28,4,66,0,0,8,2,10,10,24,36,6,76,22,6,28,104
08/14/2016,GRB,WI,AGL,CE,Combined TRACON& Tower with Radar,12,30,18,0,60,0,0,39,0,39,12,30,57,0,99,26,0,26,125
08/15/2016,GRB,WI,AGL,CE,Combined TRACON& Tower with Radar,12,30,28,0,70,0,0,33,0,33,12,30,61,0,103,90,0,90,193
08/16/2016,GRB,WI,AGL,CE,Combined TRACON& Tower with Radar,11,26,28,0,65,0,0,45,0,45,11,26,73,0,110,82,0,82,192
08/17/2016,GRB,WI,AGL,CE,Combined TRACON& Tower with Radar,12,31,33,0,76,0,0,47,0,47,12,31,80,0,123,32,0,32,155
08/18/2016,GRB,WI,AGL,CE,Combined TRACON& Tower with Radar,12,26,50,8,96,0,0,34,2,36,12,26,84,10,132,76,12,88,220
08/19/2016,GRB,WI,AGL,CE,Combined TRACON& Tower with Radar,15,28,44,0,87,0,0,4,0,4,15,28,48,0,91,18,0,18,109
08/20/2016,GRB,WI,AGL,CE,Combined TRACON& Tower with Radar,9,16,12,0,37,0,0,0,0,0,9,16,12,0,37,8,0,8,45
08/21/2016,GRB,WI,AGL,CE,Combined TRACON& Tower with Radar,11,21,25,0,57,0,0,30,0,30,11,21,55,0,87,60,0,60,147
08/22/2016,GRB,WI,AGL,CE,Combined TRACON& Tower with Radar,14,29,45,4,92,0,0,45,0,45,14,29,90,4,137,56,0,56,193
08/23/2016,GRB,WI,AGL,CE,Combined TRACON& Tower with Radar,10,31,54,0,95,0,1,34,0,35,10,32,88,0,130,34,0,34,164
08/24/2016,GRB,WI,AGL,CE,Combined TRACON& Tower with Radar,12,25,32,10,79,0,0,16,0,16,12,25,48,10,95,32,4,36,131
08/25/2016,GRB,WI,AGL,CE,Combined TRACON& Tower with Radar,18,32,49,19,118,0,0,36,0,36,18,32,85,19,154,18,28,46,200
08/26/2016,GRB,WI,AGL,CE,Combined TRACON& Tower with Radar,17,27,44,0,88,0,0,59,0,59,17,27,103,0,147,47,0,47,194
08/27/2016,GRB,WI,AGL,CE,Combined TRACON& Tower with Radar,13,24,39,1,77,0,0,5,0,5,13,24,44,1,82,43,0,43,125
08/28/2016,GRB,WI,AGL,CE,Combined TRACON& Tower with Radar,16,20,44,1,81,0,0,39,0,39,16,20,83,1,120,45,0,45,165
08/29/2016,GRB,WI,AGL,CE,Combined TRACON& Tower with Radar,20,23,43,0,86,0,0,44,0,44,20,23,87,0,130,48,0,48,178
08/30/2016,GRB,WI,AGL,CE,Combined TRACON& Tower with Radar,15,24,32,0,71,0,0,16,0,16,15,24,48,0,87,28,0,28,115
08/31/2016,GRB,WI,AGL,CE,Combined TRACON& Tower with Radar,18,20,51,0,89,0,0,48,0,48,18,20,99,0,137,30,0,30,167
09/01/2016,GRB,WI,AGL,CE,Combined TRACON& Tower with Radar,31,27,39,8,105,0,0,50,0,50,31,27,89,8,155,80,12,92,247
09/02/2016,GRB,WI,AGL,CE,Combined TRACON& Tower with Radar,23,30,45,0,98,0,0,79,0,79,23,30,124,0,177,42,0,42,219
09/03/2016,GRB,WI,AGL,CE,Combined TRACON& Tower with Radar,11,77,176,0,264,0,4,58,1,63,11,81,234,1,327,0,0,0,327
09/04/2016,GRB,WI,AGL,CE,Combined TRACON& Tower with Radar,30,15,44,0,89,0,0,48,0,48,30,15,92,0,137,38,0,38,175
09/05/2016,GRB,WI,AGL,CE,Combined TRACON& Tower with Radar,16,21,18,0,55,0,0,23,0,23,16,21,41,0,78,25,0,25,103
09/06/2016,GRB,WI,AGL,CE,Combined TRACON& Tower with Radar,16,25,21,0,62,0,0,8,0,8,16,25,29,0,70,16,0,16,86
09/07/2016,GRB,WI,AGL,CE,Combined TRACON& Tower with Radar,17,25,25,2,69,0,0,0,0,0,17,25,25,2,69,0,0,0,69
09/08/2016,GRB,WI,AGL,CE,Combined TRACON& Tower with Radar,17,26,40,0,83,0,0,17,2,19,17,26,57,2,102,34,0,34,136
09/09/2016,GRB,WI,AGL,CE,Combined TRACON& Tower with Radar,18,27,36,2,83,0,0,26,0,26,18,27,62,2,109,52,0,52,161
09/10/2016,GRB,WI,AGL,CE,Combined TRACON& Tower with Radar,12,14,28,0,54,0,0,6,0,6,12,14,34,0,60,0,0,0,60
09/11/2016,GRB,WI,AGL,CE,Combined TRACON& Tower with Radar,20,17,29,2,68,0,0,46,0,46,20,17,75,2,114,66,0,66,180
09/12/2016,GRB,WI,AGL,CE,Combined TRACON& Tower with Radar,16,20,28,0,64,0,0,43,0,43,16,20,71,0,107,56,0,56,163
09/13/2016,GRB,WI,AGL,CE,Combined TRACON& Tower with Radar,14,24,33,0,71,0,0,3,0,3,14,24,36,0,74,58,0,58,132
09/14/2016,GRB,WI,AGL,CE,Combined TRACON& Tower with Radar,14,29,40,6,89,0,0,46,0,46,14,29,86,6,135,74,8,82,217
09/15/2016,GRB,WI,AGL,CE,Combined TRACON& Tower with Radar,18,25,58,0,101,0,0,56,3,59,18,25,114,3,160,0,0,0,160
09/16/2016,GRB,WI,AGL,CE,Combined TRACON& Tower with Radar,16,25,27,0,68,0,0,14,0,14,16,25,41,0,82,26,1,27,109
09/17/2016,GRB,WI,AGL,CE,Combined TRACON& Tower with Radar,10,22,12,3,47,0,2,55,0,57,10,24,67,3,104,0,0,0,104
09/18/2016,GRB,WI,AGL,CE,Combined TRACON& Tower with Radar,18,18,30,0,66,0,0,44,2,46,18,18,74,2,112,90,0,90,202
09/19/2016,GRB,WI,AGL,CE,Combined TRACON& Tower with Radar,16,25,44,0,85,0,0,29,0,29,16,25,73,0,114,40,0,40,154
09/20/2016,GRB,WI,AGL,CE,Combined TRACON& Tower with Radar,14,25,46,6,91,0,1,58,0,59,14,26,104,6,150,98,8,106,256
09/21/2016,GRB,WI,AGL,CE,Combined TRACON& Tower with Radar,16,23,34,0,73,0,0,14,0,14,16,23,48,0,87,80,0,80,167
09/22/2016,GRB,WI,AGL,CE,Combined TRACON& Tower with Radar,15,27,53,0,95,0,0,4,0,4,15,27,57,0,99,16,0,16,115
09/23/2016,GRB,WI,AGL,CE,Combined TRACON& Tower with Radar,16,22,57,2,97,0,0,25,0,25,16,22,82,2,122,48,0,48,170
09/24/2016,GRB,WI,AGL,CE,Combined TRACON& Tower with Radar,8,23,23,0,54,0,0,32,0,32,8,23,55,0,86,72,0,72,158
09/25/2016,GRB,WI,AGL,CE,Combined TRACON& Tower with Radar,20,34,117,0,171,0,0,10,0,10,20,34,127,0,181,0,0,0,181
09/26/2016,GRB,WI,AGL,CE,Combined TRACON& Tower with Radar,18,26,29,0,73,0,0,11,0,11,18,26,40,0,84,0,0,0,84
09/27/2016,GRB,WI,AGL,CE,Combined TRACON& Tower with Radar,13,27,39,0,79,0,0,15,0,15,13,27,54,0,94,60,0,60,154
09/28/2016,GRB,WI,AGL,CE,Combined TRACON& Tower with Radar,14,26,41,0,81,0,0,10,0,10,14,26,51,0,91,70,0,70,161
09/29/2016,GRB,WI,AGL,CE,Combined TRACON& Tower with Radar,19,23,33,0,75,0,0,19,0,19,19,23,52,0,94,38,0,38,132
09/30/2016,GRB,WI,AGL,CE,Combined TRACON& Tower with Radar,16,28,24,2,70,0,0,4,0,4,16,28,28,2,74,10,0,10,84
10/01/2016,GRB,WI,AGL,CE,Combined TRACON& Tower with Radar,10,21,21,0,52,0,0,0,0,0,10,21,21,0,52,0,0,0,52
10/02/2016,GRB,WI,AGL,CE,Combined TRACON& Tower with Radar,10,25,22,0,57,0,0,41,1,42,10,25,63,1,99,40,0,40,139
10/03/2016,GRB,WI,AGL,CE,Combined TRACON& Tower with Radar,12,26,41,2,81,0,0,48,0,48,12,26,89,2,129,34,0,34,163
10/04/2016,GRB,WI,AGL,CE,Combined TRACON& Tower with Radar,12,31,36,1,80,0,0,42,5,47,12,31,78,6,127,72,0,72,199
10/05/2016,GRB,WI,AGL,CE,Combined TRACON& Tower with Radar,10,35,49,1,95,0,0,19,0,19,10,35,68,1,114,22,0,22,136
10/06/2016,GRB,WI,AGL,CE,Combined TRACON& Tower with Radar,10,30,59,10,109,0,0,33,0,33,10,30,92,10,142,66,6,72,214
10/07/2016,GRB,WI,AGL,CE,Combined TRACON& Tower with Radar,16,30,34,1,81,0,0,19,1,20,16,30,53,2,101,16,0,16,117
10/08/2016,GRB,WI,AGL,CE,Combined TRACON& Tower with Radar,8,29,28,2,67,0,0,55,0,55,8,29,83,2,122,22,0,22,144
10/09/2016,GRB,WI,AGL,CE,Combined TRACON& Tower with Radar,11,65,99,0,175,0,1,54,0,55,11,66,153,0,230,34,0,34,264
10/10/2016,GRB,WI,AGL,CE,Combined TRACON& Tower with Radar,18,40,45,2,105,0,0,41,0,41,18,40,86,2,146,22,0,22,168
10/11/2016,GRB,WI,AGL,CE,Combined TRACON& Tower with Radar,12,34,38,0,84,0,0,36,0,36,12,34,74,0,120,16,0,16,136
10/12/2016,GRB,WI,AGL,CE,Combined TRACON& Tower with Radar,10,39,20,0,69,0,0,2,0,2,10,39,22,0,71,0,0,0,71
10/13/2016,GRB,WI,AGL,CE,Combined TRACON& Tower with Radar,10,37,56,4,107,0,0,69,0,69,10,37,125,4,176,0,0,0,176
10/14/2016,GRB,WI,AGL,CE,Combined TRACON& Tower with Radar,12,32,45,1,90,0,0,49,3,52,12,32,94,4,142,34,0,34,176
10/15/2016,GRB,WI,AGL,CE,Combined TRACON& Tower with Radar,9,30,28,0,67,0,0,1,0,1,9,30,29,0,68,0,0,0,68
10/16/2016,GRB,WI,AGL,CE,Combined TRACON& Tower with Radar,15,69,200,7,291,0,0,40,1,41,15,69,240,8,332,38,0,38,370
10/17/2016,GRB,WI,AGL,CE,Combined TRACON& Tower with Radar,14,35,42,6,97,0,0,10,0,10,14,35,52,6,107,34,0,34,141
10/18/2016,GRB,WI,AGL,CE,Combined TRACON& Tower with Radar,10,30,38,5,83,0,0,43,0,43,10,30,81,5,126,24,0,24,150
10/19/2016,GRB,WI,AGL,CE,Combined TRACON& Tower with Radar,11,32,49,0,92,0,0,61,0,61,11,32,110,0,153,26,8,34,187
10/20/2016,GRB,WI,AGL,CE,Combined TRACON& Tower with Radar,13,61,150,0,224,0,0,35,0,35,13,61,185,0,259,0,0,0,259
10/21/2016,GRB,WI,AGL,CE,Combined TRACON& Tower with Radar,10,42,38,0,90,0,0,37,0,37,10,42,75,0,127,0,0,0,127
10/22/2016,GRB,WI,AGL,CE,Combined TRACON& Tower with Radar,8,19,22,0,49,0,0,68,0,68,8,19,90,0,117,84,0,84,201
10/23/2016,GRB,WI,AGL,CE,Combined TRACON& Tower with Radar,10,26,20,0,56,0,0,25,0,25,10,26,45,0,81,34,0,34,115
10/24/2016,GRB,WI,AGL,CE,Combined TRACON& Tower with Radar,12,31,39,7,89,0,0,48,0,48,12,31,87,7,137,46,10,56,193
10/25/2016,GRB,WI,AGL,CE,Combined TRACON& Tower with Radar,10,31,37,4,82,0,0,31,0,31,10,31,68,4,113,48,10,58,171
10/26/2016,GRB,WI,AGL,CE,Combined TRACON& Tower with Radar,12,30,16,0,58,0,0,0,0,0,12,30,16,0,58,0,0,0,58
10/27/2016,GRB,WI,AGL,CE,Combined TRACON& Tower with Radar,10,33,28,0,71,0,0,12,0,12,10,33,40,0,83,0,0,0,83
10/28/2016,GRB,WI,AGL,CE,Combined TRACON& Tower with Radar,10,38,32,0,80,0,0,2,0,2,10,38,34,0,82,0,0,0,82
10/29/2016,GRB,WI,AGL,CE,Combined TRACON& Tower with Radar,12,18,19,0,49,0,0,37,0,37,12,18,56,0,86,50,0,50,136
10/30/2016,GRB,WI,AGL,CE,Combined TRACON& Tower with Radar,10,29,23,0,62,0,0,18,0,18,10,29,41,0,80,24,0,24,104
10/31/2016,GRB,WI,AGL,CE,Combined TRACON& Tower with Radar,10,24,20,0,54,0,0,22,0,22,10,24,42,0,76,16,0,16,92
11/01/2016,GRB,WI,AGL,CE,Combined TRACON& Tower with Radar,12,31,33,8,84,0,2,35,0,37,12,33,68,8,121,0,0,0,121
11/02/2016,GRB,WI,AGL,CE,Combined TRACON& Tower with Radar,10,25,30,12,77,0,0,23,0,23,10,25,53,12,100,32,4,36,136
11/03/2016,GRB,WI,AGL,CE,Combined TRACON& Tower with Radar,8,31,27,2,68,0,0,53,0,53,8,31,80,2,121,34,0,34,155
11/04/2016,GRB,WI,AGL,CE,Combined TRACON& Tower with Radar,8,27,27,0,62,0,0,35,0,35,8,27,62,0,97,58,4,62,159
11/05/2016,GRB,WI,AGL,CE,Combined TRACON& Tower with Radar,8,27,21,2,58,0,1,54,1,56,8,28,75,3,114,35,0,35,149
11/06/2016,GRB,WI,AGL,CE,Combined TRACON& Tower with Radar,10,64,144,0,218,0,0,45,0,45,10,64,189,0,263,44,0,44,307
11/07/2016,GRB,WI,AGL,CE,Combined TRACON& Tower with Radar,14,30,36,0,80,0,0,19,2,21,14,30,55,2,101,30,0,30,131
11/08/2016,GRB,WI,AGL,CE,Combined TRACON& Tower with Radar,8,31,28,2,69,0,0,14,1,15,8,31,42,3,84,0,0,0,84
11/09/2016,GRB,WI,AGL,CE,Combined TRACON& Tower with Radar,6,32,30,7,75,0,0,37,0,37,6,32,67,7,112,58,0,58,170
11/10/2016,GRB,WI,AGL,CE,Combined TRACON& Tower with Radar,5,41,28,17,91,0,0,15,1,16,5,41,43,18,107,18,8,26,133
11/11/2016,GRB,WI,AGL,CE,Combined TRACON& Tower with Radar,7,30,36,0,73,0,0,26,0,26,7,30,62,0,99,32,0,32,131
11/12/2016,GRB,WI,AGL,CE,Combined TRACON& Tower with Radar,8,19,15,0,42,0,0,34,0,34,8,19,49,0,76,40,0,40,116
11/13/2016,GRB,WI,AGL,CE,Combined TRACON& Tower with Radar,8,26,10,2,46,0,0,24,0,24,8,26,34,2,70,0,0,0,70
11/14/2016,GRB,WI,AGL,CE,Combined TRACON& Tower with Radar,6,33,16,1,56,0,0,28,1,29,6,33,44,2,85,46,0,46,131
11/15/2016,GRB,WI,AGL,CE,Combined TRACON& Tower with Radar,10,31,42,2,85,0,1,9,0,10,10,32,51,2,95,0,0,0,95
11/16/2016,GRB,WI,AGL,CE,Combined TRACON& Tower with Radar,8,29,56,2,95,0,0,47,0,47,8,29,103,2,142,82,0,82,224
11/17/2016,GRB,WI,AGL,CE,Combined TRACON& Tower with Radar,6,32,37,0,75,0,0,20,0,20,6,32,57,0,95,64,0,64,159
11/18/2016,GRB,WI,AGL,CE,Combined TRACON& Tower with Radar,10,29,32,0,71,0,0,2,0,2,10,29,34,0,73,0,0,0,73
11/19/2016,GRB,WI,AGL,CE,Combined TRACON& Tower with Radar,8,23,10,0,41,0,0,4,0,4,8,23,14,0,45,0,0,0,45
11/20/2016,GRB,WI,AGL,CE,Combined TRACON& Tower with Radar,6,25,9,0,40,0,0,17,0,17,6,25,26,0,57,32,0,32,89
11/21/2016,GRB,WI,AGL,CE,Combined TRACON& Tower with Radar,6,29,34,2,71,0,0,32,0,32,6,29,66,2,103,56,0,56,159
11/22/2016,GRB,WI,AGL,CE,Combined TRACON& Tower with Radar,6,32,59,0,97,0,0,28,0,28,6,32,87,0,125,34,0,34,159
11/23/2016,GRB,WI,AGL,CE,Combined TRACON& Tower with Radar,6,36,9,0,51,0,0,1,0,1,6,36,10,0,52,0,0,0,52
11/24/2016,GRB,WI,AGL,CE,Combined TRACON& Tower with Radar,5,16,2,2,25,0,0,0,0,0,5,16,2,2,25,0,0,0,25
11/25/2016,GRB,WI,AGL,CE,Combined TRACON& Tower with Radar,7,22,11,0,40,0,0,1,0,1,7,22,12,0,41,18,0,18,59
11/26/2016,GRB,WI,AGL,CE,Combined TRACON& Tower with Radar,6,26,19,0,51,0,0,26,0,26,6,26,45,0,77,42,0,42,119
11/27/2016,GRB,WI,AGL,CE,Combined TRACON& Tower with Radar,10,29,35,0,74,0,0,1,0,1,10,29,36,0,75,0,0,0,75
11/28/2016,GRB,WI,AGL,CE,Combined TRACON& Tower with Radar,6,36,7,0,49,0,0,0,0,0,6,36,7,0,49,0,0,0,49
11/29/2016,GRB,WI,AGL,CE,Combined TRACON& Tower with Radar,16,23,27,6,72,0,0,16,0,16,16,23,43,6,88,18,4,22,110
11/30/2016,GRB,WI,AGL,CE,Combined TRACON& Tower with Radar,14,27,31,8,80,0,0,23,0,23,14,27,54,8,103,38,8,46,149
12/01/2016,GRB,WI,AGL,CE,Combined TRACON& Tower with Radar,14,24,41,11,90,0,0,0,0,0,14,24,41,11,90,36,8,44,134
12/02/2016,GRB,WI,AGL,CE,Combined TRACON& Tower with Radar,16,30,44,1,91,0,0,25,0,25,16,30,69,1,116,50,0,50,166
12/03/2016,GRB,WI,AGL,CE,Combined TRACON& Tower with Radar,8,23,30,0,61,0,0,11,3,14,8,23,41,3,75,0,0,0,75
12/04/2016,GRB,WI,AGL,CE,Combined TRACON& Tower with Radar,18,43,71,0,132,0,0,0,0,0,18,43,71,0,132,0,0,0,132
12/05/2016,GRB,WI,AGL,CE,Combined TRACON& Tower with Radar,20,20,28,2,70,0,0,8,0,8,20,20,36,2,78,0,0,0,78
12/06/2016,GRB,WI,AGL,CE,Combined TRACON& Tower with Radar,14,28,30,4,76,0,0,0,0,0,14,28,30,4,76,0,0,0,76
12/07/2016,GRB,WI,AGL,CE,Combined TRACON& Tower with Radar,14,29,27,2,72,0,0,8,0,8,14,29,35,2,80,0,0,0,80
12/08/2016,GRB,WI,AGL,CE,Combined TRACON& Tower with Radar,14,36,24,1,75,0,1,4,1,6,14,37,28,2,81,28,0,28,109
12/09/2016,GRB,WI,AGL,CE,Combined TRACON& Tower with Radar,14,28,33,2,77,0,0,42,0,42,14,28,75,2,119,28,0,28,147
12/10/2016,GRB,WI,AGL,CE,Combined TRACON& Tower with Radar,8,15,24,0,47,0,0,41,0,41,8,15,65,0,88,0,0,0,88
12/11/2016,GRB,WI,AGL,CE,Combined TRACON& Tower with Radar,17,29,72,0,118,0,0,0,0,0,17,29,72,0,118,0,0,0,118
12/12/2016,GRB,WI,AGL,CE,Combined TRACON& Tower with Radar,19,19,32,0,70,0,0,6,0,6,19,19,38,0,76,36,0,36,112
12/13/2016,GRB,WI,AGL,CE,Combined TRACON& Tower with Radar,14,24,22,2,62,0,2,19,4,25,14,26,41,6,87,57,0,57,144
12/14/2016,GRB,WI,AGL,CE,Combined TRACON& Tower with Radar,13,28,28,0,69,0,0,9,0,9,13,28,37,0,78,0,0,0,78
12/15/2016,GRB,WI,AGL,CE,Combined TRACON& Tower with Radar,14,35,38,4,91,0,0,20,0,20,14,35,58,4,111,8,18,26,137
12/16/2016,GRB,WI,AGL,CE,Combined TRACON& Tower with Radar,14,20,17,0,51,0,0,0,0,0,14,20,17,0,51,0,0,0,51
12/17/2016,GRB,WI,AGL,CE,Combined TRACON& Tower with Radar,9,21,8,0,38,0,0,0,0,0,9,21,8,0,38,0,0,0,38
12/18/2016,GRB,WI,AGL,CE,Combined TRACON& Tower with Radar,8,27,16,0,51,0,1,15,0,16,8,28,31,0,67,0,0,0,67
12/19/2016,GRB,WI,AGL,CE,Combined TRACON& Tower with Radar,6,40,11,0,57,0,0,5,0,5,6,40,16,0,62,0,0,0,62
12/20/2016,GRB,WI,AGL,CE,Combined TRACON& Tower with Radar,6,29,27,2,64,0,0,16,0,16,6,29,43,2,80,0,0,0,80
12/21/2016,GRB,WI,AGL,CE,Combined TRACON& Tower with Radar,6,32,27,0,65,0,0,0,0,0,6,32,27,0,65,0,0,0,65
12/22/2016,GRB,WI,AGL,CE,Combined TRACON& Tower with Radar,7,27,31,0,65,0,0,37,0,37,7,27,68,0,102,42,0,42,144
12/23/2016,GRB,WI,AGL,CE,Combined TRACON& Tower with Radar,8,31,16,0,55,0,1,11,0,12,8,32,27,0,67,0,0,0,67
12/24/2016,GRB,WI,AGL,CE,Combined TRACON& Tower with Radar,7,33,48,0,88,0,0,0,0,0,7,33,48,0,88,32,0,32,120
12/25/2016,GRB,WI,AGL,CE,Combined TRACON& Tower with Radar,5,14,2,0,21,0,0,0,0,0,5,14,2,0,21,0,0,0,21
12/26/2016,GRB,WI,AGL,CE,Combined TRACON& Tower with Radar,5,32,11,0,48,0,0,4,0,4,5,32,15,0,52,0,0,0,52
12/27/2016,GRB,WI,AGL,CE,Combined TRACON& Tower with Radar,7,30,16,0,53,0,0,18,0,18,7,30,34,0,71,38,0,38,109
12/28/2016,GRB,WI,AGL,CE,Combined TRACON& Tower with Radar,6,35,29,5,75,0,0,31,1,32,6,35,60,6,107,0,0,0,107
12/29/2016,GRB,WI,AGL,CE,Combined TRACON& Tower with Radar,6,35,15,0,56,0,0,8,0,8,6,35,23,0,64,6,0,6,70
12/30/2016,GRB,WI,AGL,CE,Combined TRACON& Tower with Radar,6,28,20,0,54,0,0,34,0,34,6,28,54,0,88,46,0,46,134
12/31/2016,GRB,WI,AGL,CE,Combined TRACON& Tower with Radar,8,27,12,0,47,0,0,6,0,6,8,27,18,0,53,38,0,38,91
01/01/2017,GRB,WI,AGL,CE,Combined TRACON& Tower with Radar,6,20,10,0,36,0,0,31,0,31,6,20,41,0,67,48,0,48,115
01/02/2017,GRB,WI,AGL,CE,Combined TRACON& Tower with Radar,6,24,16,0,46,0,0,4,0,4,6,24,20,0,50,96,0,96,146
01/03/2017,GRB,WI,AGL,CE,Combined TRACON& Tower with Radar,6,28,14,0,48,0,0,0,0,0,6,28,14,0,48,6,0,6,54
01/04/2017,GRB,WI,AGL,CE,Combined TRACON& Tower with Radar,8,26,12,0,46,0,0,5,0,5,8,26,17,0,51,14,0,14,65
01/05/2017,GRB,WI,AGL,CE,Combined TRACON& Tower with Radar,7,33,25,1,66,0,0,13,2,15,7,33,38,3,81,16,0,16,97
01/06/2017,GRB,WI,AGL,CE,Combined TRACON& Tower with Radar,11,31,23,0,65,0,1,17,0,18,11,32,40,0,83,30,0,30,113
01/07/2017,GRB,WI,AGL,CE,Combined TRACON& Tower with Radar,7,17,16,11,51,0,0,15,0,15,7,17,31,11,66,6,0,6,72
01/08/2017,GRB,WI,AGL,CE,Combined TRACON& Tower with Radar,13,56,86,0,155,0,0,10,2,12,13,56,96,2,167,0,0,0,167
01/09/2017,GRB,WI,AGL,CE,Combined TRACON& Tower with Radar,8,25,24,2,59,0,0,25,0,25,8,25,49,2,84,30,0,30,114
01/10/2017,GRB,WI,AGL,CE,Combined TRACON& Tower with Radar,7,32,15,0,54,0,0,0,0,0,7,32,15,0,54,0,0,0,54
01/11/2017,GRB,WI,AGL,CE,Combined TRACON& Tower with Radar,11,30,24,1,66,0,0,0,0,0,11,30,24,1,66,0,0,0,66
01/12/2017,GRB,WI,AGL,CE,Combined TRACON& Tower with Radar,8,29,21,0,58,0,0,16,0,16,8,29,37,0,74,16,0,16,90
01/13/2017,GRB,WI,AGL,CE,Combined TRACON& Tower with Radar,10,31,40,2,83,0,0,30,3,33,10,31,70,5,116,0,28,28,144
01/14/2017,GRB,WI,AGL,CE,Combined TRACON& Tower with Radar,11,15,24,0,50,0,0,14,0,14,11,15,38,0,64,0,0,0,64
01/15/2017,GRB,WI,AGL,CE,Combined TRACON& Tower with Radar,7,15,10,0,32,0,0,36,0,36,7,15,46,0,68,34,0,34,102
01/16/2017,GRB,WI,AGL,CE,Combined TRACON& Tower with Radar,8,20,9,0,37,0,0,2,0,2,8,20,11,0,39,6,0,6,45
01/17/2017,GRB,WI,AGL,CE,Combined TRACON& Tower with Radar,4,25,4,0,33,0,0,0,0,0,4,25,4,0,33,0,0,0,33
01/18/2017,GRB,WI,AGL,CE,Combined TRACON& Tower with Radar,8,24,18,0,50,0,0,12,2,14,8,24,30,2,64,0,0,0,64
01/19/2017,GRB,WI,AGL,CE,Combined TRACON& Tower with Radar,9,39,40,0,88,0,0,0,0,0,9,39,40,0,88,0,0,0,88
01/20/2017,GRB,WI,AGL,CE,Combined TRACON& Tower with Radar,9,22,14,0,45,0,0,0,0,0,9,22,14,0,45,0,0,0,45
01/21/2017,GRB,WI,AGL,CE,Combined TRACON& Tower with Radar,2,3,3,0,8,0,0,0,0,0,2,3,3,0,8,0,0,0,8
01/22/2017,GRB,WI,AGL,CE,Combined TRACON& Tower with Radar,10,7,12,0,29,0,0,0,0,0,10,7,12,0,29,0,0,0,29
01/23/2017,GRB,WI,AGL,CE,Combined TRACON& Tower with Radar,8,26,30,0,64,0,0,1,0,1,8,26,31,0,65,0,0,0,65
01/24/2017,GRB,WI,AGL,CE,Combined TRACON& Tower with Radar,6,27,22,0,55,0,0,4,0,4,6,27,26,0,59,82,0,82,141
01/25/2017,GRB,WI,AGL,CE,Combined TRACON& Tower with Radar,10,35,27,0,72,0,0,0,0,0,10,35,27,0,72,0,0,0,72
01/26/2017,GRB,WI,AGL,CE,Combined TRACON& Tower with Radar,8,31,27,0,66,0,0,15,0,15,8,31,42,0,81,44,0,44,125
01/27/2017,GRB,WI,AGL,CE,Combined TRACON& Tower with Radar,8,27,18,0,53,0,0,27,2,29,8,27,45,2,82,42,0,42,124
01/28/2017,GRB,WI,AGL,CE,Combined TRACON& Tower with Radar,8,14,20,0,42,0,0,38,0,38,8,14,58,0,80,86,0,86,166
01/29/2017,GRB,WI,AGL,CE,Combined TRACON& Tower with Radar,9,19,19,0,47,0,0,17,0,17,9,19,36,0,64,44,0,44,108
01/30/2017,GRB,WI,AGL,CE,Combined TRACON& Tower with Radar,8,19,15,0,42,0,0,13,0,13,8,19,28,0,55,0,0,0,55
01/31/2017,GRB,WI,AGL,CE,Combined TRACON& Tower with Radar,6,26,17,9,58,0,0,2,0,2,6,26,19,9,60,32,12,44,104
02/01/2017,GRB,WI,AGL,CE,Combined TRACON& Tower with Radar,8,30,32,1,71,0,0,36,0,36,8,30,68,1,107,48,0,48,155
02/02/2017,GRB,WI,AGL,CE,Combined TRACON& Tower with Radar,8,26,22,6,62,0,0,21,0,21,8,26,43,6,83,38,8,46,129
02/03/2017,GRB,WI,AGL,CE,Combined TRACON& Tower with Radar,8,25,28,2,63,0,0,24,0,24,8,25,52,2,87,46,0,46,133
02/04/2017,GRB,WI,AGL,CE,Combined TRACON& Tower with Radar,7,13,16,0,36,0,1,20,0,21,7,14,36,0,57,34,0,34,91
02/05/2017,GRB,WI,AGL,CE,Combined TRACON& Tower with Radar,9,11,17,0,37,0,0,17,0,17,9,11,34,0,54,44,0,44,98
02/06/2017,GRB,WI,AGL,CE,Combined TRACON& Tower with Radar,8,22,17,0,47,0,0,24,1,25,8,22,41,1,72,90,0,90,162
02/07/2017,GRB,WI,AGL,CE,Combined TRACON& Tower with Radar,5,35,20,0,60,0,0,0,0,0,5,35,20,0,60,0,0,0,60
02/08/2017,GRB,WI,AGL,CE,Combined TRACON& Tower with Radar,8,35,31,4,78,0,0,14,0,14,8,35,45,4,92,40,8,48,140
02/09/2017,GRB,WI,AGL,CE,Combined TRACON& Tower with Radar,8,29,22,0,59,0,0,24,2,26,8,29,46,2,85,34,0,34,119
02/10/2017,GRB,WI,AGL,CE,Combined TRACON& Tower with Radar,8,26,18,0,52,0,0,10,0,10,8,26,28,0,62,52,0,52,114
02/11/2017,GRB,WI,AGL,CE,Combined TRACON& Tower with Radar,7,13,19,0,39,0,0,19,0,19,7,13,38,0,58,0,0,0,58
02/12/2017,GRB,WI,AGL,CE,Combined TRACON& Tower with Radar,9,17,7,0,33,0,0,0,0,0,9,17,7,0,33,20,0,20,53
02/13/2017,GRB,WI,AGL,CE,Combined TRACON& Tower with Radar,10,23,23,4,60,0,0,24,0,24,10,23,47,4,84,0,0,0,84
02/14/2017,GRB,WI,AGL,CE,Combined TRACON& Tower with Radar,6,28,34,0,68,0,0,18,2,20,6,28,52,2,88,0,0,0,88
02/15/2017,GRB,WI,AGL,CE,Combined TRACON& Tower with Radar,8,31,34,0,73,0,0,21,0,21,8,31,55,0,94,0,0,0,94
02/16/2017,GRB,WI,AGL,CE,Combined TRACON& Tower with Radar,8,28,24,0,60,0,0,32,0,32,8,28,56,0,92,32,0,32,124
02/17/2017,GRB,WI,AGL,CE,Combined TRACON& Tower with Radar,9,31,30,0,70,0,0,51,1,52,9,31,81,1,122,62,0,62,184
02/18/2017,GRB,WI,AGL,CE,Combined TRACON& Tower with Radar,10,14,16,0,40,0,0,44,0,44,10,14,60,0,84,40,0,40,124
02/19/2017,GRB,WI,AGL,CE,Combined TRACON& Tower with Radar,8,18,18,0,44,0,0,53,0,53,8,18,71,0,97,102,0,102,199
02/20/2017,GRB,WI,AGL,CE,Combined TRACON& Tower with Radar,10,25,20,0,55,0,0,14,0,14,10,25,34,0,69,26,0,26,95
02/21/2017,GRB,WI,AGL,CE,Combined TRACON& Tower with Radar,12,29,35,16,92,0,0,36,0,36,12,29,71,16,128,36,22,58,186
02/22/2017,GRB,WI,AGL,CE,Combined TRACON& Tower with Radar,10,24,36,6,76,0,0,36,0,36,10,24,72,6,112,52,8,60,172
02/23/2017,GRB,WI,AGL,CE,Combined TRACON& Tower with Radar,12,28,35,6,81,0,0,9,0,9,12,28,44,6,90,14,0,14,104
02/24/2017,GRB,WI,AGL,CE,Combined TRACON& Tower with Radar,12,22,12,0,46,0,0,0,0,0,12,22,12,0,46,0,0,0,46
02/25/2017,GRB,WI,AGL,CE,Combined TRACON& Tower with Radar,9,12,7,0,28,0,0,2,0,2,9,12,9,0,30,0,0,0,30
02/26/2017,GRB,WI,AGL,CE,Combined TRACON& Tower with Radar,9,24,8,0,41,0,0,26,0,26,9,24,34,0,67,56,0,56,123
02/27/2017,GRB,WI,AGL,CE,Combined TRACON& Tower with Radar,11,26,29,0,66,0,0,41,0,41,11,26,70,0,107,48,0,48,155
02/28/2017,GRB,WI,AGL,CE,Combined TRACON& Tower with Radar,14,22,34,0,70,0,0,0,0,0,14,22,34,0,70,0,0,0,70
03/01/2017,GRB,WI,AGL,CE,Combined TRACON& Tower with Radar,10,30,25,0,65,0,0,0,0,0,10,30,25,0,65,0,0,0,65
03/02/2017,GRB,WI,AGL,CE,Combined TRACON& Tower with Radar,10,31,42,0,83,0,0,20,0,20,10,31,62,0,103,34,10,44,147
03/03/2017,GRB,WI,AGL,CE,Combined TRACON& Tower with Radar,10,33,38,12,93,0,0,37,0,37,10,33,75,12,130,66,8,74,204
03/04/2017,GRB,WI,AGL,CE,Combined TRACON& Tower with Radar,9,18,14,2,43,0,0,18,2,20,9,18,32,4,63,36,0,36,99
03/05/2017,GRB,WI,AGL,CE,Combined TRACON& Tower with Radar,9,20,16,0,45,0,2,17,0,19,9,22,33,0,64,44,0,44,108
03/06/2017,GRB,WI,AGL,CE,Combined TRACON& Tower with Radar,9,35,16,0,60,0,0,0,0,0,9,35,16,0,60,0,0,0,60
03/07/2017,GRB,WI,AGL,CE,Combined TRACON& Tower with Radar,10,27,20,0,57,0,0,5,0,5,10,27,25,0,62,0,0,0,62
03/08/2017,GRB,WI,AGL,CE,Combined TRACON& Tower with Radar,10,25,34,2,71,0,1,1,0,2,10,26,35,2,73,2,0,2,75
03/09/2017,GRB,WI,AGL,CE,Combined TRACON& Tower with Radar,10,29,58,0,97,0,1,37,0,38,10,30,95,0,135,46,10,56,191
03/10/2017,GRB,WI,AGL,CE,Combined TRACON& Tower with Radar,10,25,42,0,77,0,1,34,0,35,10,26,76,0,112,34,6,40,152
03/11/2017,GRB,WI,AGL,CE,Combined TRACON& Tower with Radar,6,16,10,0,32,0,0,36,2,38,6,16,46,2,70,26,0,26,96
03/12/2017,GRB,WI,AGL,CE,Combined TRACON& Tower with Radar,14,23,12,0,49,0,0,32,0,32,14,23,44,0,81,26,0,26,107
03/13/2017,GRB,WI,AGL,CE,Combined TRACON& Tower with Radar,9,25,16,0,50,0,0,2,0,2,9,25,18,0,52,0,0,0,52
03/14/2017,GRB,WI,AGL,CE,Combined TRACON& Tower with Radar,11,17,46,8,82,0,0,24,0,24,11,17,70,8,106,0,0,0,106
03/15/2017,GRB,WI,AGL,CE,Combined TRACON& Tower with Radar,12,28,26,0,66,0,0,22,2,24,12,28,48,2,90,6,0,6,96
03/16/2017,GRB,WI,AGL,CE,Combined TRACON& Tower with Radar,14,29,36,2,81,0,0,35,0,35,14,29,71,2,116,0,0,0,116
03/17/2017,GRB,WI,AGL,CE,Combined TRACON& Tower with Radar,10,29,14,0,53,0,0,0,0,0,10,29,14,0,53,0,0,0,53
03/18/2017,GRB,WI,AGL,CE,Combined TRACON& Tower with Radar,6,19,15,0,40,0,0,7,0,7,6,19,22,0,47,0,0,0,47
03/19/2017,GRB,WI,AGL,CE,Combined TRACON& Tower with Radar,12,20,17,0,49,0,0,8,0,8,12,20,25,0,57,20,0,20,77
03/20/2017,GRB,WI,AGL,CE,Combined TRACON& Tower with Radar,10,26,9,0,45,0,0,24,0,24,10,26,33,0,69,72,0,72,141
03/21/2017,GRB,WI,AGL,CE,Combined TRACON& Tower with Radar,10,30,25,18,83,0,0,24,0,24,10,30,49,18,107,16,26,42,149
03/22/2017,GRB,WI,AGL,CE,Combined TRACON& Tower with Radar,12,31,26,10,79,0,1,34,0,35,12,32,60,10,114,44,20,64,178
03/23/2017,GRB,WI,AGL,CE,Combined TRACON& Tower with Radar,10,30,43,0,83,0,1,18,0,19,10,31,61,0,102,12,0,12,114
03/24/2017,GRB,WI,AGL,CE,Combined TRACON& Tower with Radar,10,30,14,0,54,0,0,0,0,0,10,30,14,0,54,0,0,0,54
03/25/2017,GRB,WI,AGL,CE,Combined TRACON& Tower with Radar,8,20,20,0,48,0,0,0,0,0,8,20,20,0,48,0,0,0,48
03/26/2017,GRB,WI,AGL,CE,Combined TRACON& Tower with Radar,10,25,11,0,46,0,0,0,0,0,10,25,11,0,46,0,0,0,46
03/27/2017,GRB,WI,AGL,CE,Combined TRACON& Tower with Radar,10,32,15,0,57,0,0,3,0,3,10,32,18,0,60,22,0,22,82
03/28/2017,GRB,WI,AGL,CE,Combined TRACON& Tower with Radar,12,27,29,0,68,0,2,41,0,43,12,29,70,0,111,48,0,48,159
03/29/2017,GRB,WI,AGL,CE,Combined TRACON& Tower with Radar,10,31,36,0,77,0,1,34,0,35,10,32,70,0,112,8,0,8,120
03/30/2017,GRB,WI,AGL,CE,Combined TRACON& Tower with Radar,10,28,8,0,46,0,0,0,0,0,10,28,8,0,46,0,0,0,46
03/31/2017,GRB,WI,AGL,CE,Combined TRACON& Tower with Radar,12,30,25,0,67,0,0,7,0,7,12,30,32,0,74,0,0,0,74
04/01/2017,GRB,WI,AGL,CE,Combined TRACON& Tower with Radar,8,17,14,0,39,0,1,72,0,73,8,18,86,0,112,116,0,116,228
04/02/2017,GRB,WI,AGL,CE,Combined TRACON& Tower with Radar,14,24,18,0,56,0,0,45,0,45,14,24,63,0,101,42,0,42,143
04/03/2017,GRB,WI,AGL,CE,Combined TRACON& Tower with Radar,12,29,16,0,57,0,0,3,0,3,12,29,19,0,60,0,0,0,60
04/04/2017,GRB,WI,AGL,CE,Combined TRACON& Tower with Radar,12,30,38,0,80,0,1,29,0,30,12,31,67,0,110,24,0,24,134
04/05/2017,GRB,WI,AGL,CE,Combined TRACON& Tower with Radar,11,27,30,0,68,0,1,22,0,23,11,28,52,0,91,46,0,46,137
04/06/2017,GRB,WI,AGL,CE,Combined TRACON& Tower with Radar,7,27,21,18,73,0,2,2,0,4,7,29,23,18,77,12,28,40,117
04/07/2017,GRB,WI,AGL,CE,Combined TRACON& Tower with Radar,8,27,27,6,68,0,0,48,0,48,8,27,75,6,116,94,18,112,228
04/08/2017,GRB,WI,AGL,CE,Combined TRACON& Tower with Radar,6,21,10,0,37,0,1,28,2,31,6,22,38,2,68,52,0,52,120
04/09/2017,GRB,WI,AGL,CE,Combined TRACON& Tower with Radar,12,21,14,0,47,0,0,24,0,24,12,21,38,0,71,42,0,42,113
04/10/2017,GRB,WI,AGL,CE,Combined TRACON& Tower with Radar,12,22,21,0,55,0,0,0,0,0,12,22,21,0,55,0,0,0,55
04/11/2017,GRB,WI,AGL,CE,Combined TRACON& Tower with Radar,10,33,31,0,74,0,0,15,0,15,10,33,46,0,89,42,0,42,131
04/12/2017,GRB,WI,AGL,CE,Combined TRACON& Tower with Radar,12,34,35,0,81,0,1,57,0,58,12,35,92,0,139,48,8,56,195
04/13/2017,GRB,WI,AGL,CE,Combined TRACON& Tower with Radar,12,31,51,0,94,0,0,18,0,18,12,31,69,0,112,30,0,30,142
04/14/2017,GRB,WI,AGL,CE,Combined TRACON& Tower with Radar,12,32,36,0,80,0,0,26,0,26,12,32,62,0,106,46,12,58,164
04/15/2017,GRB,WI,AGL,CE,Combined TRACON& Tower with Radar,8,20,5,0,33,0,0,7,0,7,8,20,12,0,40,0,0,0,40
04/16/2017,GRB,WI,AGL,CE,Combined TRACON& Tower with Radar,10,18,10,0,38,0,0,6,0,6,10,18,16,0,44,0,0,0,44
04/17/2017,GRB,WI,AGL,CE,Combined TRACON& Tower with Radar,12,33,37,1,83,0,2,20,1,23,12,35,57,2,106,80,0,80,186
04/18/2017,GRB,WI,AGL,CE,Combined TRACON& Tower with Radar,12,31,34,2,79,0,0,10,0,10,12,31,44,2,89,0,0,0,89
04/19/2017,GRB,WI,AGL,CE,Combined TRACON& Tower with Radar,12,25,50,10,97,0,1,22,0,23,12,26,72,10,120,28,12,40,160
04/20/2017,GRB,WI,AGL,CE,Combined TRACON& Tower with Radar,12,29,28,0,69,0,0,1,0,1,12,29,29,0,70,0,0,0,70
04/21/2017,GRB,WI,AGL,CE,Combined TRACON& Tower with Radar,13,28,39,0,80,0,1,48,0,49,13,29,87,0,129,42,0,42,171
04/22/2017,GRB,WI,AGL,CE,Combined TRACON& Tower with Radar,7,21,17,0,45,0,0,64,0,64,7,21,81,0,109,84,0,84,193
04/23/2017,GRB,WI,AGL,CE,Combined TRACON& Tower with Radar,12,22,9,7,50,0,0,51,3,54,12,22,60,10,104,42,0,42,146
04/24/2017,GRB,WI,AGL,CE,Combined TRACON& Tower with Radar,12,27,24,0,63,0,0,40,0,40,12,27,64,0,103,68,0,68,171
04/25/2017,GRB,WI,AGL,CE,Combined TRACON& Tower with Radar,12,27,50,8,97,0,0,41,0,41,12,27,91,8,138,20,14,34,172
04/26/2017,GRB,WI,AGL,CE,Combined TRACON& Tower with Radar,12,29,30,0,71,0,0,4,0,4,12,29,34,0,75,0,0,0,75
04/27/2017,GRB,WI,AGL,CE,Combined TRACON& Tower with Radar,14,26,9,0,49,0,0,0,0,0,14,26,9,0,49,0,0,0,49
04/28/2017,GRB,WI,AGL,CE,Combined TRACON& Tower with Radar,14,26,42,0,82,0,0,36,0,36,14,26,78,0,118,50,0,50,168
04/29/2017,GRB,WI,AGL,CE,Combined TRACON& Tower with Radar,6,22,14,2,44,0,0,26,0,26,6,22,40,2,70,6,0,6,76
04/30/2017,GRB,WI,AGL,CE,Combined TRACON& Tower with Radar,12,20,16,0,48,0,0,0,0,0,12,20,16,0,48,0,0,0,48
05/01/2017,GRB,WI,AGL,CE,Combined TRACON& Tower with Radar,15,30,13,0,58,0,0,1,0,1,15,30,14,0,59,0,0,0,59
05/02/2017,GRB,WI,AGL,CE,Combined TRACON& Tower with Radar,12,37,28,0,77,0,0,12,0,12,12,37,40,0,89,18,0,18,107
05/03/2017,GRB,WI,AGL,CE,Combined TRACON& Tower with Radar,12,28,50,22,112,0,0,65,0,65,12,28,115,22,177,40,18,58,235
05/04/2017,GRB,WI,AGL,CE,Combined TRACON& Tower with Radar,10,36,26,6,78,0,1,65,0,66,10,37,91,6,144,56,14,70,214
05/05/2017,GRB,WI,AGL,CE,Combined TRACON& Tower with Radar,12,33,41,11,97,0,0,38,0,38,12,33,79,11,135,16,0,16,151
05/06/2017,GRB,WI,AGL,CE,Combined TRACON& Tower with Radar,8,19,19,0,46,0,0,28,0,28,8,19,47,0,74,36,0,36,110
05/07/2017,GRB,WI,AGL,CE,Combined TRACON& Tower with Radar,12,28,34,3,77,0,0,46,1,47,12,28,80,4,124,42,0,42,166
05/08/2017,GRB,WI,AGL,CE,Combined TRACON& Tower with Radar,12,25,31,0,68,0,0,43,0,43,12,25,74,0,111,0,0,0,111
05/09/2017,GRB,WI,AGL,CE,Combined TRACON& Tower with Radar,14,30,45,2,91,0,0,45,2,47,14,30,90,4,138,52,0,52,190
05/10/2017,GRB,WI,AGL,CE,Combined TRACON& Tower with Radar,12,31,35,20,98,0,0,32,0,32,12,31,67,20,130,2,22,24,154
05/11/2017,GRB,WI,AGL,CE,Combined TRACON& Tower with Radar,12,36,55,9,112,0,0,22,0,22,12,36,77,9,134,50,4,54,188
05/12/2017,GRB,WI,AGL,CE,Combined TRACON& Tower with Radar,12,32,26,0,70,0,0,29,2,31,12,32,55,2,101,34,10,44,145
05/13/2017,GRB,WI,AGL,CE,Combined TRACON& Tower with Radar,5,17,10,0,32,0,1,40,0,41,5,18,50,0,73,42,0,42,115
05/14/2017,GRB,WI,AGL,CE,Combined TRACON& Tower with Radar,7,25,28,0,60,0,0,32,0,32,7,25,60,0,92,68,0,68,160
05/15/2017,GRB,WI,AGL,CE,Combined TRACON& Tower with Radar,12,32,22,0,66,0,1,33,0,34,12,33,55,0,100,50,0,50,150
05/16/2017,GRB,WI,AGL,CE,Combined TRACON& Tower with Radar,12,30,30,0,72,0,0,11,0,11,12,30,41,0,83,0,0,0,83
05/17/2017,GRB,WI,AGL,CE,Combined TRACON& Tower with Radar,19,28,27,4,78,0,1,10,0,11,19,29,37,4,89,18,0,18,107
05/18/2017,GRB,WI,AGL,CE,Combined TRACON& Tower with Radar,16,27,39,0,82,0,0,9,0,9,16,27,48,0,91,16,0,16,107
05/19/2017,GRB,WI,AGL,CE,Combined TRACON& Tower with Radar,12,31,27,0,70,0,2,26,0,28,12,33,53,0,98,0,0,0,98
05/20/2017,GRB,WI,AGL,CE,Combined TRACON& Tower with Radar,7,24,8,0,39,0,0,6,0,6,7,24,14,0,45,26,0,26,71
05/21/2017,GRB,WI,AGL,CE,Combined TRACON& Tower with Radar,10,28,20,0,58,0,0,7,0,7,10,28,27,0,65,6,0,6,71
05/22/2017,GRB,WI,AGL,CE,Combined TRACON& Tower with Radar,14,30,38,2,84,0,0,22,0,22,14,30,60,2,106,50,0,50,156
05/23/2017,GRB,WI,AGL,CE,Combined TRACON& Tower with Radar,12,30,23,3,68,0,0,1,0,1,12,30,24,3,69,36,0,36,105
05/24/2017,GRB,WI,AGL,CE,Combined TRACON& Tower with Radar,12,31,49,0,92,0,0,0,0,0,12,31,49,0,92,0,0,0,92
05/25/2017,GRB,WI,AGL,CE,Combined TRACON& Tower with Radar,12,32,29,6,79,0,0,31,0,31,12,32,60,6,110,88,16,104,214
05/26/2017,GRB,WI,AGL,CE,Combined TRACON& Tower with Radar,14,32,29,0,75,0,0,23,0,23,14,32,52,0,98,50,0,50,148
05/27/2017,GRB,WI,AGL,CE,Combined TRACON& Tower with Radar,6,13,21,0,40,0,0,49,0,49,6,13,70,0,89,38,0,38,127
05/28/2017,GRB,WI,AGL,CE,Combined TRACON& Tower with Radar,6,15,10,0,31,0,0,13,0,13,6,15,23,0,44,0,0,0,44
05/29/2017,GRB,WI,AGL,CE,Combined TRACON& Tower with Radar,10,18,22,1,51,0,0,20,0,20,10,18,42,1,71,0,0,0,71
05/30/2017,GRB,WI,AGL,CE,Combined TRACON& Tower with Radar,12,32,32,0,76,0,0,21,0,21,12,32,53,0,97,34,0,34,131
05/31/2017,GRB,WI,AGL,CE,Combined TRACON& Tower with Radar,12,28,54,2,96,0,0,29,0,29,12,28,83,2,125,46,0,46,171
06/01/2017,GRB,WI,AGL,CE,Combined TRACON& Tower with Radar,12,29,36,11,88,0,0,49,0,49,12,29,85,11,137,48,10,58,195
06/02/2017,GRB,WI,AGL,CE,Combined TRACON& Tower with Radar,12,29,19,9,69,0,0,50,0,50,12,29,69,9,119,46,14,60,179
06/03/2017,GRB,WI,AGL,CE,Combined TRACON& Tower with Radar,6,24,11,0,41,0,0,20,0,20,6,24,31,0,61,38,0,38,99
06/04/2017,GRB,WI,AGL,CE,Combined TRACON& Tower with Radar,10,26,37,0,73,0,2,47,0,49,10,28,84,0,122,0,0,0,122
06/05/2017,GRB,WI,AGL,CE,Combined TRACON& Tower with Radar,12,33,21,2,68,0,2,31,0,33,12,35,52,2,101,44,0,44,145
06/06/2017,GRB,WI,AGL,CE,Combined TRACON& Tower with Radar,12,32,36,0,80,0,2,35,0,37,12,34,71,0,117,32,0,32,149
06/07/2017,GRB,WI,AGL,CE,Combined TRACON& Tower with Radar,12,27,31,0,70,0,1,34,0,35,12,28,65,0,105,48,12,60,165
06/08/2017,GRB,WI,AGL,CE,Combined TRACON& Tower with Radar,12,33,35,0,80,0,0,32,0,32,12,33,67,0,112,32,0,32,144
06/09/2017,GRB,WI,AGL,CE,Combined TRACON& Tower with Radar,12,28,38,0,78,0,0,28,0,28,12,28,66,0,106,60,0,60,166
06/10/2017,GRB,WI,AGL,CE,Combined TRACON& Tower with Radar,6,23,10,1,40,0,0,18,3,21,6,23,28,4,61,4,0,4,65
06/11/2017,GRB,WI,AGL,CE,Combined TRACON& Tower with Radar,10,27,23,0,60,0,0,14,0,14,10,27,37,0,74,8,0,8,82
06/12/2017,GRB,WI,AGL,CE,Combined TRACON& Tower with Radar,14,25,17,0,56,0,0,11,0,11,14,25,28,0,67,12,0,12,79
06/13/2017,GRB,WI,AGL,CE,Combined TRACON& Tower with Radar,12,27,30,0,69,0,0,18,0,18,12,27,48,0,87,18,0,18,105
06/14/2017,GRB,WI,AGL,CE,Combined TRACON& Tower with Radar,11,35,26,0,72,0,0,10,0,10,11,35,36,0,82,18,0,18,100
06/15/2017,GRB,WI,AGL,CE,Combined TRACON& Tower with Radar,12,29,57,13,111,0,0,29,2,31,12,29,86,15,142,32,10,42,184
06/16/2017,GRB,WI,AGL,CE,Combined TRACON& Tower with Radar,16,39,36,0,91,0,0,51,0,51,16,39,87,0,142,44,0,44,186
06/17/2017,GRB,WI,AGL,CE,Combined TRACON& Tower with Radar,8,30,20,0,58,0,1,29,0,30,8,31,49,0,88,38,0,38,126
06/18/2017,GRB,WI,AGL,CE,Combined TRACON& Tower with Radar,16,28,7,0,51,0,0,15,0,15,16,28,22,0,66,22,0,22,88
06/19/2017,GRB,WI,AGL,CE,Combined TRACON& Tower with Radar,14,22,19,0,55,0,0,11,0,11,14,22,30,0,66,0,0,0,66
06/20/2017,GRB,WI,AGL,CE,Combined TRACON& Tower with Radar,12,30,54,2,98,0,0,32,0,32,12,30,86,2,130,20,0,20,150
06/21/2017,GRB,WI,AGL,CE,Combined TRACON& Tower with Radar,12,30,42,4,88,0,0,76,0,76,12,30,118,4,164,62,4,66,230
06/22/2017,GRB,WI,AGL,CE,Combined TRACON& Tower with Radar,15,31,25,0,71,0,0,3,0,3,15,31,28,0,74,14,0,14,88
06/23/2017,GRB,WI,AGL,CE,Combined TRACON& Tower with Radar,14,39,28,0,81,0,1,50,0,51,14,40,78,0,132,22,0,22,154
06/24/2017,GRB,WI,AGL,CE,Combined TRACON& Tower with Radar,8,22,28,0,58,0,0,38,0,38,8,22,66,0,96,48,0,48,144
06/25/2017,GRB,WI,AGL,CE,Combined TRACON& Tower with Radar,14,24,33,2,73,0,0,12,0,12,14,24,45,2,85,0,0,0,85
06/26/2017,GRB,WI,AGL,CE,Combined TRACON& Tower with Radar,14,32,39,0,85,0,0,10,0,10,14,32,49,0,95,6,0,6,101
06/27/2017,GRB,WI,AGL,CE,Combined TRACON& Tower with Radar,14,32,33,8,87,0,0,69,0,69,14,32,102,8,156,14,6,20,176
06/28/2017,GRB,WI,AGL,CE,Combined TRACON& Tower with Radar,12,22,14,0,48,0,0,3,0,3,12,22,17,0,51,6,0,6,57
06/29/2017,GRB,WI,AGL,CE,Combined TRACON& Tower with Radar,14,28,36,10,88,0,0,21,0,21,14,28,57,10,109,38,14,52,161
06/30/2017,GRB,WI,AGL,CE,Combined TRACON& Tower with Radar,18,26,31,3,78,0,0,24,0,24,18,26,55,3,102,16,0,16,118
07/01/2017,GRB,WI,AGL,CE,Combined TRACON& Tower with Radar,9,24,15,0,48,0,0,24,0,24,9,24,39,0,72,58,0,58,130
07/02/2017,GRB,WI,AGL,CE,Combined TRACON& Tower with Radar,8,17,12,0,37,0,0,31,0,31,8,17,43,0,68,4,0,4,72
07/03/2017,GRB,WI,AGL,CE,Combined TRACON& Tower with Radar,10,18,14,0,42,0,0,41,0,41,10,18,55,0,83,48,0,48,131
07/04/2017,GRB,WI,AGL,CE,Combined TRACON& Tower with Radar,12,15,15,0,42,0,1,33,2,36,12,16,48,2,78,22,0,22,100
07/05/2017,GRB,WI,AGL,CE,Combined TRACON& Tower with Radar,14,29,11,0,54,0,1,5,0,6,14,30,16,0,60,10,0,10,70
07/06/2017,GRB,WI,AGL,CE,Combined TRACON& Tower with Radar,18,28,23,8,77,0,0,26,4,30,18,28,49,12,107,36,14,50,157
07/07/2017,GRB,WI,AGL,CE,Combined TRACON& Tower with Radar,16,25,23,12,76,0,0,14,1,15,16,25,37,13,91,32,0,32,123
07/08/2017,GRB,WI,AGL,CE,Combined TRACON& Tower with Radar,8,23,24,2,57,0,0,44,0,44,8,23,68,2,101,20,0,20,121
07/09/2017,GRB,WI,AGL,CE,Combined TRACON& Tower with Radar,15,29,22,0,66,0,0,37,0,37,15,29,59,0,103,0,0,0,103
07/10/2017,GRB,WI,AGL,CE,Combined TRACON& Tower with Radar,20,26,30,0,76,0,0,41,0,41,20,26,71,0,117,56,0,56,173
07/11/2017,GRB,WI,AGL,CE,Combined TRACON& Tower with Radar,16,24,41,0,81,0,0,39,0,39,16,24,80,0,120,0,0,0,120
07/12/2017,GRB,WI,AGL,CE,Combined TRACON& Tower with Radar,19,20,35,0,74,0,1,15,0,16,19,21,50,0,90,0,0,0,90
07/13/2017,GRB,WI,AGL,CE,Combined TRACON& Tower with Radar,17,26,52,10,105,0,0,11,0,11,17,26,63,10,116,18,4,22,138
07/14/2017,GRB,WI,AGL,CE,Combined TRACON& Tower with Radar,18,26,25,1,70,0,0,34,1,35,18,26,59,2,105,16,0,16,121
07/15/2017,GRB,WI,AGL,CE,Combined TRACON& Tower with Radar,8,23,16,0,47,0,0,49,0,49,8,23,65,0,96,18,0,18,114
07/16/2017,GRB,WI,AGL,CE,Combined TRACON& Tower with Radar,14,25,23,0,62,0,0,33,0,33,14,25,56,0,95,34,0,34,129
07/17/2017,GRB,WI,AGL,CE,Combined TRACON& Tower with Radar,18,21,38,0,77,0,0,59,0,59,18,21,97,0,136,40,0,40,176
07/18/2017,GRB,WI,AGL,CE,Combined TRACON& Tower with Radar,16,24,42,4,86,0,1,34,0,35,16,25,76,4,121,60,12,72,193
07/19/2017,GRB,WI,AGL,CE,Combined TRACON& Tower with Radar,18,23,38,4,83,0,1,47,3,51,18,24,85,7,134,46,10,56,190
07/20/2017,GRB,WI,AGL,CE,Combined TRACON& Tower with Radar,18,25,37,8,88,0,0,46,0,46,18,25,83,8,134,62,14,76,210
07/21/2017,GRB,WI,AGL,CE,Combined TRACON& Tower with Radar,20,25,34,0,79,0,0,26,0,26,20,25,60,0,105,32,0,32,137
07/22/2017,GRB,WI,AGL,CE,Combined TRACON& Tower with Radar,10,26,20,0,56,0,0,38,0,38,10,26,58,0,94,26,0,26,120
07/23/2017,GRB,WI,AGL,CE,Combined TRACON& Tower with Radar,15,28,56,0,99,0,0,32,0,32,15,28,88,0,131,44,0,44,175
07/24/2017,GRB,WI,AGL,CE,Combined TRACON& Tower with Radar,18,29,52,3,102,0,0,49,1,50,18,29,101,4,152,6,0,6,158
07/25/2017,GRB,WI,AGL,CE,Combined TRACON& Tower with Radar,17,27,60,5,109,0,1,36,0,37,17,28,96,5,146,0,0,0,146
07/26/2017,GRB,WI,AGL,CE,Combined TRACON& Tower with Radar,17,23,90,0,130,0,1,23,0,24,17,24,113,0,154,0,0,0,154
07/27/2017,GRB,WI,AGL,CE,Combined TRACON& Tower with Radar,18,26,94,1,139,0,2,60,0,62,18,28,154,1,201,32,0,32,233
07/28/2017,GRB,WI,AGL,CE,Combined TRACON& Tower with Radar,18,33,54,1,106,0,1,34,0,35,18,34,88,1,141,26,0,26,167
07/29/2017,GRB,WI,AGL,CE,Combined TRACON& Tower with Radar,10,26,34,0,70,0,0,41,0,41,10,26,75,0,111,0,0,0,111
07/30/2017,GRB,WI,AGL,CE,Combined TRACON& Tower with Radar,14,23,66,2,105,0,0,46,0,46,14,23,112,2,151,0,0,0,151
07/31/2017,GRB,WI,AGL,CE,Combined TRACON& Tower with Radar,18,27,51,0,96,0,0,70,0,70,18,27,121,0,166,66,0,66,232
08/01/2017,GRB,WI,AGL,CE,Combined TRACON& Tower with Radar,16,25,19,8,68,0,1,48,0,49,16,26,67,8,117,56,16,72,189
08/02/2017,GRB,WI,AGL,CE,Combined TRACON& Tower with Radar,17,23,34,7,81,0,1,22,0,23,17,24,56,7,104,6,0,6,110
08/03/2017,GRB,WI,AGL,CE,Combined TRACON& Tower with Radar,15,31,30,0,76,0,0,2,0,2,15,31,32,0,78,0,0,0,78
08/04/2017,GRB,WI,AGL,CE,Combined TRACON& Tower with Radar,18,25,27,0,70,0,0,5,0,5,18,25,32,0,75,0,0,0,75
08/05/2017,GRB,WI,AGL,CE,Combined TRACON& Tower with Radar,9,29,20,0,58,0,0,53,0,53,9,29,73,0,111,38,0,38,149
08/06/2017,GRB,WI,AGL,CE,Combined TRACON& Tower with Radar,14,25,27,0,66,0,0,27,0,27,14,25,54,0,93,0,0,0,93
08/07/2017,GRB,WI,AGL,CE,Combined TRACON& Tower with Radar,16,25,25,1,67,0,0,50,1,51,16,25,75,2,118,26,0,26,144
08/08/2017,GRB,WI,AGL,CE,Combined TRACON& Tower with Radar,18,25,51,0,94,0,1,52,1,54,18,26,103,1,148,18,0,18,166
08/09/2017,GRB,WI,AGL,CE,Combined TRACON& Tower with Radar,18,33,43,17,111,0,0,36,0,36,18,33,79,17,147,46,22,68,215
08/10/2017,GRB,WI,AGL,CE,Combined TRACON& Tower with Radar,19,31,41,0,91,0,1,16,1,18,19,32,57,1,109,18,0,18,127
08/11/2017,GRB,WI,AGL,CE,Combined TRACON& Tower with Radar,18,32,35,8,93,0,0,24,0,24,18,32,59,8,117,40,0,40,157
08/12/2017,GRB,WI,AGL,CE,Combined TRACON& Tower with Radar,8,22,27,0,57,0,0,55,0,55,8,22,82,0,112,70,0,70,182
08/13/2017,GRB,WI,AGL,CE,Combined TRACON& Tower with Radar,11,26,25,10,72,0,0,39,1,40,11,26,64,11,112,54,8,62,174
08/14/2017,GRB,WI,AGL,CE,Combined TRACON& Tower with Radar,17,21,24,0,62,0,0,37,0,37,17,21,61,0,99,54,0,54,153
08/15/2017,GRB,WI,AGL,CE,Combined TRACON& Tower with Radar,15,30,32,7,84,0,0,42,0,42,15,30,74,7,126,70,2,72,198
08/16/2017,GRB,WI,AGL,CE,Combined TRACON& Tower with Radar,12,31,44,12,99,0,0,34,0,34,12,31,78,12,133,72,8,80,213
08/17/2017,GRB,WI,AGL,CE,Combined TRACON& Tower with Radar,16,31,42,0,89,0,0,5,0,5,16,31,47,0,94,0,0,0,94
08/18/2017,GRB,WI,AGL,CE,Combined TRACON& Tower with Radar,24,29,41,0,94,0,1,34,0,35,24,30,75,0,129,28,0,28,157
08/19/2017,GRB,WI,AGL,CE,Combined TRACON& Tower with Radar,15,14,13,0,42,0,0,40,2,42,15,14,53,2,84,58,0,58,142
08/20/2017,GRB,WI,AGL,CE,Combined TRACON& Tower with Radar,15,24,21,0,60,0,1,35,0,36,15,25,56,0,96,26,0,26,122
08/21/2017,GRB,WI,AGL,CE,Combined TRACON& Tower with Radar,16,23,22,0,61,0,0,22,0,22,16,23,44,0,83,0,0,0,83
08/22/2017,GRB,WI,AGL,CE,Combined TRACON& Tower with Radar,12,33,36,2,83,0,2,28,0,30,12,35,64,2,113,28,0,28,141
08/23/2017,GRB,WI,AGL,CE,Combined TRACON& Tower with Radar,12,33,36,12,93,0,0,48,4,52,12,33,84,16,145,8,28,36,181
08/24/2017,GRB,WI,AGL,CE,Combined TRACON& Tower with Radar,16,24,30,16,86,0,1,55,0,56,16,25,85,16,142,60,16,76,218
08/25/2017,GRB,WI,AGL,CE,Combined TRACON& Tower with Radar,20,30,40,2,92,0,0,69,0,69,20,30,109,2,161,82,10,92,253
08/26/2017,GRB,WI,AGL,CE,Combined TRACON& Tower with Radar,12,14,28,0,54,0,0,45,0,45,12,14,73,0,99,68,0,68,167
08/27/2017,GRB,WI,AGL,CE,Combined TRACON& Tower with Radar,14,22,22,0,58,0,0,5,0,5,14,22,27,0,63,0,0,0,63
08/28/2017,GRB,WI,AGL,CE,Combined TRACON& Tower with Radar,16,20,42,0,78,0,0,8,0,8,16,20,50,0,86,40,0,40,126
08/29/2017,GRB,WI,AGL,CE,Combined TRACON& Tower with Radar,14,31,50,34,129,0,0,49,1,50,14,31,99,35,179,32,40,72,251
08/30/2017,GRB,WI,AGL,CE,Combined TRACON& Tower with Radar,16,25,34,1,76,0,0,25,1,26,16,25,59,2,102,60,0,60,162
08/31/2017,GRB,WI,AGL,CE,Combined TRACON& Tower with Radar,22,36,64,11,133,0,0,37,0,37,22,36,101,11,170,52,8,60,230
09/01/2017,GRB,WI,AGL,CE,Combined TRACON& Tower with Radar,16,25,35,0,76,0,0,72,0,72,16,25,107,0,148,50,0,50,198
09/02/2017,GRB,WI,AGL,CE,Combined TRACON& Tower with Radar,10,13,21,0,44,0,0,11,0,11,10,13,32,0,55,0,0,0,55
09/03/2017,GRB,WI,AGL,CE,Combined TRACON& Tower with Radar,10,14,22,0,46,0,0,34,0,34,10,14,56,0,80,24,0,24,104
09/04/2017,GRB,WI,AGL,CE,Combined TRACON& Tower with Radar,16,21,21,0,58,0,0,19,0,19,16,21,40,0,77,60,0,60,137
09/05/2017,GRB,WI,AGL,CE,Combined TRACON& Tower with Radar,13,26,33,11,83,0,0,12,0,12,13,26,45,11,95,0,0,0,95
09/06/2017,GRB,WI,AGL,CE,Combined TRACON& Tower with Radar,10,37,42,8,97,0,0,17,0,17,10,37,59,8,114,22,0,22,136
09/07/2017,GRB,WI,AGL,CE,Combined TRACON& Tower with Radar,10,32,40,9,91,0,0,23,0,23,10,32,63,9,114,20,6,26,140
09/08/2017,GRB,WI,AGL,CE,Combined TRACON& Tower with Radar,12,31,40,5,88,0,2,54,0,56,12,33,94,5,144,44,0,44,188
09/09/2017,GRB,WI,AGL,CE,Combined TRACON& Tower with Radar,6,17,35,0,58,0,0,59,0,59,6,17,94,0,117,56,0,56,173
09/10/2017,GRB,WI,AGL,CE,Combined TRACON& Tower with Radar,12,45,110,0,167,0,0,36,0,36,12,45,146,0,203,0,0,0,203
09/11/2017,GRB,WI,AGL,CE,Combined TRACON& Tower with Radar,20,20,35,0,75,0,0,43,2,45,20,20,78,2,120,28,0,28,148
09/12/2017,GRB,WI,AGL,CE,Combined TRACON& Tower with Radar,12,27,43,4,86,0,0,37,0,37,12,27,80,4,123,78,8,86,209
09/13/2017,GRB,WI,AGL,CE,Combined TRACON& Tower with Radar,10,28,45,20,103,0,0,43,0,43,10,28,88,20,146,36,20,56,202
09/14/2017,GRB,WI,AGL,CE,Combined TRACON& Tower with Radar,16,27,49,0,92,0,0,54,0,54,16,27,103,0,146,54,0,54,200
09/15/2017,GRB,WI,AGL,CE,Combined TRACON& Tower with Radar,12,27,35,0,74,0,1,41,0,42,12,28,76,0,116,40,0,40,156
09/16/2017,GRB,WI,AGL,CE,Combined TRACON& Tower with Radar,10,20,14,0,44,0,0,41,1,42,10,20,55,1,86,0,0,0,86
09/17/2017,GRB,WI,AGL,CE,Combined TRACON& Tower with Radar,11,21,31,0,63,0,0,17,0,17,11,21,48,0,80,88,0,88,168
09/18/2017,GRB,WI,AGL,CE,Combined TRACON& Tower with Radar,19,25,29,2,75,0,0,24,0,24,19,25,53,2,99,42,0,42,141
09/19/2017,GRB,WI,AGL,CE,Combined TRACON& Tower with Radar,14,30,49,19,112,0,0,28,0,28,14,30,77,19,140,36,2,38,178
09/20/2017,GRB,WI,AGL,CE,Combined TRACON& Tower with Radar,12,27,35,9,83,0,0,9,0,9,12,27,44,9,92,10,8,18,110
09/21/2017,GRB,WI,AGL,CE,Combined TRACON& Tower with Radar,14,27,47,0,88,0,0,20,0,20,14,27,67,0,108,14,0,14,122
09/22/2017,GRB,WI,AGL,CE,Combined TRACON& Tower with Radar,14,27,28,0,69,0,0,45,0,45,14,27,73,0,114,16,0,16,130
09/23/2017,GRB,WI,AGL,CE,Combined TRACON& Tower with Radar,10,19,21,3,53,0,0,51,3,54,10,19,72,6,107,38,6,44,151
09/24/2017,GRB,WI,AGL,CE,Combined TRACON& Tower with Radar,14,62,111,1,188,0,0,28,1,29,14,62,139,2,217,2,0,2,219
09/25/2017,GRB,WI,AGL,CE,Combined TRACON& Tower with Radar,20,20,35,3,78,0,0,43,0,43,20,20,78,3,121,0,0,0,121
09/26/2017,GRB,WI,AGL,CE,Combined TRACON& Tower with Radar,13,29,43,10,95,0,0,18,0,18,13,29,61,10,113,24,0,24,137
09/27/2017,GRB,WI,AGL,CE,Combined TRACON& Tower with Radar,13,33,55,0,101,0,0,27,0,27,13,33,82,0,128,16,0,16,144
09/28/2017,GRB,WI,AGL,CE,Combined TRACON& Tower with Radar,17,52,118,0,187,0,0,50,0,50,17,52,168,0,237,52,0,52,289
09/29/2017,GRB,WI,AGL,CE,Combined TRACON& Tower with Radar,14,33,45,0,92,0,0,38,0,38,14,33,83,0,130,0,0,0,130
09/30/2017,GRB,WI,AGL,CE,Combined TRACON& Tower with Radar,8,16,23,0,47,0,0,55,0,55,8,16,78,0,102,66,0,66,168
10/01/2017,GRB,WI,AGL,CE,Combined TRACON& Tower with Radar,10,25,21,0,56,0,0,19,0,19,10,25,40,0,75,20,0,20,95
10/02/2017,GRB,WI,AGL,CE,Combined TRACON& Tower with Radar,12,25,16,0,53,0,0,12,0,12,12,25,28,0,65,10,0,10,75
10/03/2017,GRB,WI,AGL,CE,Combined TRACON& Tower with Radar,10,31,28,7,76,0,0,13,0,13,10,31,41,7,89,34,0,34,123
10/04/2017,GRB,WI,AGL,CE,Combined TRACON& Tower with Radar,10,29,50,10,99,0,0,42,0,42,10,29,92,10,141,34,8,42,183
10/05/2017,GRB,WI,AGL,CE,Combined TRACON& Tower with Radar,9,31,24,16,80,0,0,31,0,31,9,31,55,16,111,60,12,72,183
10/06/2017,GRB,WI,AGL,CE,Combined TRACON& Tower with Radar,12,26,42,2,82,0,0,33,0,33,12,26,75,2,115,56,0,56,171
10/07/2017,GRB,WI,AGL,CE,Combined TRACON& Tower with Radar,16,11,9,0,36,0,0,1,0,1,16,11,10,0,37,24,0,24,61
10/08/2017,GRB,WI,AGL,CE,Combined TRACON& Tower with Radar,14,22,19,0,55,0,0,64,0,64,14,22,83,0,119,0,0,0,119
10/09/2017,GRB,WI,AGL,CE,Combined TRACON& Tower with Radar,10,22,19,0,51,0,0,43,0,43,10,22,62,0,94,0,0,0,94
10/10/2017,GRB,WI,AGL,CE,Combined TRACON& Tower with Radar,12,25,45,8,90,0,0,28,0,28,12,25,73,8,118,52,10,62,180
10/11/2017,GRB,WI,AGL,CE,Combined TRACON& Tower with Radar,12,25,45,21,103,0,0,9,0,9,12,25,54,21,112,28,6,34,146
10/12/2017,GRB,WI,AGL,CE,Combined TRACON& Tower with Radar,10,32,58,13,113,0,0,2,0,2,10,32,60,13,115,0,0,0,115
10/13/2017,GRB,WI,AGL,CE,Combined TRACON& Tower with Radar,10,28,31,0,69,0,0,6,0,6,10,28,37,0,75,44,0,44,119
10/14/2017,GRB,WI,AGL,CE,Combined TRACON& Tower with Radar,17,12,8,0,37,0,0,14,0,14,17,12,22,0,51,32,0,32,83
10/15/2017,GRB,WI,AGL,CE,Combined TRACON& Tower with Radar,20,23,17,0,60,0,0,6,0,6,20,23,23,0,66,44,0,44,110
10/16/2017,GRB,WI,AGL,CE,Combined TRACON& Tower with Radar,10,21,32,2,65,0,0,54,0,54,10,21,86,2,119,30,0,30,149
10/17/2017,GRB,WI,AGL,CE,Combined TRACON& Tower with Radar,9,30,27,0,66,0,0,53,0,53,9,30,80,0,119,18,0,18,137
10/18/2017,GRB,WI,AGL,CE,Combined TRACON& Tower with Radar,11,31,35,0,77,0,0,18,0,18,11,31,53,0,95,12,0,12,107
10/19/2017,GRB,WI,AGL,CE,Combined TRACON& Tower with Radar,11,27,28,9,75,0,0,33,0,33,11,27,61,9,108,42,38,80,188
10/20/2017,GRB,WI,AGL,CE,Combined TRACON& Tower with Radar,12,32,39,3,86,0,0,57,0,57,12,32,96,3,143,40,10,50,193
10/21/2017,GRB,WI,AGL,CE,Combined TRACON& Tower with Radar,14,20,40,0,74,0,0,38,0,38,14,20,78,0,112,34,0,34,146
10/22/2017,GRB,WI,AGL,CE,Combined TRACON& Tower with Radar,12,39,110,0,161,0,0,6,0,6,12,39,116,0,167,0,0,0,167
10/23/2017,GRB,WI,AGL,CE,Combined TRACON& Tower with Radar,18,24,45,0,87,0,0,21,0,21,18,24,66,0,108,12,0,12,120
10/24/2017,GRB,WI,AGL,CE,Combined TRACON& Tower with Radar,12,28,24,0,64,0,0,0,0,0,12,28,24,0,64,0,0,0,64
10/25/2017,GRB,WI,AGL,CE,Combined TRACON& Tower with Radar,12,32,39,6,89,0,0,32,0,32,12,32,71,6,121,70,4,74,195
10/26/2017,GRB,WI,AGL,CE,Combined TRACON& Tower with Radar,10,29,28,10,77,0,0,28,0,28,10,29,56,10,105,82,8,90,195
10/27/2017,GRB,WI,AGL,CE,Combined TRACON& Tower with Radar,12,27,31,0,70,0,0,1,0,1,12,27,32,0,71,0,0,0,71
10/28/2017,GRB,WI,AGL,CE,Combined TRACON& Tower with Radar,12,13,9,0,34,0,0,9,0,9,12,13,18,0,43,12,0,12,55
10/29/2017,GRB,WI,AGL,CE,Combined TRACON& Tower with Radar,13,19,20,0,52,0,0,39,0,39,13,19,59,0,91,54,0,54,145
10/30/2017,GRB,WI,AGL,CE,Combined TRACON& Tower with Radar,13,27,22,0,62,0,0,6,0,6,13,27,28,0,68,0,0,0,68
10/31/2017,GRB,WI,AGL,CE,Combined TRACON& Tower with Radar,13,24,34,8,79,0,0,21,2,23,13,24,55,10,102,12,48,60,162
11/01/2017,GRB,WI,AGL,CE,Combined TRACON& Tower with Radar,14,26,18,1,59,0,1,15,1,17,14,27,33,2,76,36,0,36,112
11/02/2017,GRB,WI,AGL,CE,Combined TRACON& Tower with Radar,14,29,30,13,86,0,0,0,0,0,14,29,30,13,86,0,10,10,96
11/03/2017,GRB,WI,AGL,CE,Combined TRACON& Tower with Radar,14,35,30,2,81,0,0,52,0,52,14,35,82,2,133,56,0,56,189
11/04/2017,GRB,WI,AGL,CE,Combined TRACON& Tower with Radar,12,13,9,0,34,0,0,0,0,0,12,13,9,0,34,0,0,0,34
11/05/2017,GRB,WI,AGL,CE,Combined TRACON& Tower with Radar,11,30,24,0,65,0,0,6,0,6,11,30,30,0,71,12,0,12,83
11/06/2017,GRB,WI,AGL,CE,Combined TRACON& Tower with Radar,14,53,124,0,191,0,0,42,0,42,14,53,166,0,233,32,0,32,265
11/07/2017,GRB,WI,AGL,CE,Combined TRACON& Tower with Radar,12,33,44,2,91,0,0,40,0,40,12,33,84,2,131,30,0,30,161
11/08/2017,GRB,WI,AGL,CE,Combined TRACON& Tower with Radar,14,27,39,0,80,0,0,19,0,19,14,27,58,0,99,40,0,40,139
11/09/2017,GRB,WI,AGL,CE,Combined TRACON& Tower with Radar,12,37,30,0,79,0,0,7,0,7,12,37,37,0,86,12,0,12,98
11/10/2017,GRB,WI,AGL,CE,Combined TRACON& Tower with Radar,14,29,24,0,67,0,0,38,0,38,14,29,62,0,105,52,0,52,157
11/11/2017,GRB,WI,AGL,CE,Combined TRACON& Tower with Radar,11,18,9,0,38,0,0,2,0,2,11,18,11,0,40,0,0,0,40
11/12/2017,GRB,WI,AGL,CE,Combined TRACON& Tower with Radar,11,23,13,0,47,0,0,25,0,25,11,23,38,0,72,88,0,88,160
11/13/2017,GRB,WI,AGL,CE,Combined TRACON& Tower with Radar,12,26,32,8,78,0,0,23,0,23,12,26,55,8,101,58,0,58,159
11/14/2017,GRB,WI,AGL,CE,Combined TRACON& Tower with Radar,14,28,37,3,82,0,0,1,0,1,14,28,38,3,83,20,0,20,103
11/15/2017,GRB,WI,AGL,CE,Combined TRACON& Tower with Radar,16,26,30,0,72,0,0,0,0,0,16,26,30,0,72,0,0,0,72
11/16/2017,GRB,WI,AGL,CE,Combined TRACON& Tower with Radar,12,29,33,0,74,0,0,27,0,27,12,29,60,0,101,62,0,62,163
11/17/2017,GRB,WI,AGL,CE,Combined TRACON& Tower with Radar,14,27,25,0,66,0,0,1,1,2,14,27,26,1,68,0,0,0,68
11/18/2017,GRB,WI,AGL,CE,Combined TRACON& Tower with Radar,9,20,7,1,37,0,0,7,0,7,9,20,14,1,44,24,0,24,68
11/19/2017,GRB,WI,AGL,CE,Combined TRACON& Tower with Radar,11,38,91,0,140,0,1,19,1,21,11,39,110,1,161,14,0,14,175
11/20/2017,GRB,WI,AGL,CE,Combined TRACON& Tower with Radar,17,20,26,8,71,0,0,30,4,34,17,20,56,12,105,14,0,14,119
11/21/2017,GRB,WI,AGL,CE,Combined TRACON& Tower with Radar,12,29,26,8,75,0,0,23,0,23,12,29,49,8,98,6,14,20,118
11/22/2017,GRB,WI,AGL,CE,Combined TRACON& Tower with Radar,12,29,26,0,67,0,0,34,0,34,12,29,60,0,101,60,0,60,161
11/23/2017,GRB,WI,AGL,CE,Combined TRACON& Tower with Radar,8,9,2,0,19,0,0,9,0,9,8,9,11,0,28,0,0,0,28
11/24/2017,GRB,WI,AGL,CE,Combined TRACON& Tower with Radar,6,20,12,1,39,0,0,9,0,9,6,20,21,1,48,0,0,0,48
11/25/2017,GRB,WI,AGL,CE,Combined TRACON& Tower with Radar,11,28,9,0,48,0,0,11,0,11,11,28,20,0,59,22,0,22,81
11/26/2017,GRB,WI,AGL,CE,Combined TRACON& Tower with Radar,11,23,21,0,55,0,0,21,0,21,11,23,42,0,76,36,0,36,112
11/27/2017,GRB,WI,AGL,CE,Combined TRACON& Tower with Radar,12,27,15,1,55,0,0,14,1,15,12,27,29,2,70,30,0,30,100
11/28/2017,GRB,WI,AGL,CE,Combined TRACON& Tower with Radar,13,34,22,4,73,0,0,33,4,37,13,34,55,8,110,46,10,56,166
11/29/2017,GRB,WI,AGL,CE,Combined TRACON& Tower with Radar,10,28,38,4,80,0,0,46,0,46,10,28,84,4,126,26,0,26,152
11/30/2017,GRB,WI,AGL,CE,Combined TRACON& Tower with Radar,10,30,12,0,52,0,1,15,0,16,10,31,27,0,68,0,0,0,68
12/01/2017,GRB,WI,AGL,CE,Combined TRACON& Tower with Radar,10,29,41,10,90,0,0,48,0,48,10,29,89,10,138,86,30,116,254
12/02/2017,GRB,WI,AGL,CE,Combined TRACON& Tower with Radar,11,23,28,0,62,0,0,64,0,64,11,23,92,0,126,66,0,66,192
12/03/2017,GRB,WI,AGL,CE,Combined TRACON& Tower with Radar,13,36,97,0,146,0,0,22,0,22,13,36,119,0,168,0,0,0,168
12/04/2017,GRB,WI,AGL,CE,Combined TRACON& Tower with Radar,11,26,17,0,54,0,0,1,0,1,11,26,18,0,55,0,0,0,55
12/05/2017,GRB,WI,AGL,CE,Combined TRACON& Tower with Radar,9,32,28,0,69,0,0,1,0,1,9,32,29,0,70,0,0,0,70
12/06/2017,GRB,WI,AGL,CE,Combined TRACON& Tower with Radar,10,34,29,0,73,0,0,4,0,4,10,34,33,0,77,14,10,24,101
12/07/2017,GRB,WI,AGL,CE,Combined TRACON& Tower with Radar,9,31,37,0,77,0,0,18,0,18,9,31,55,0,95,46,0,46,141
12/08/2017,GRB,WI,AGL,CE,Combined TRACON& Tower with Radar,8,30,17,0,55,0,0,11,0,11,8,30,28,0,66,22,0,22,88
12/09/2017,GRB,WI,AGL,CE,Combined TRACON& Tower with Radar,9,20,6,0,35,0,0,11,0,11,9,20,17,0,46,20,0,20,66
12/10/2017,GRB,WI,AGL,CE,Combined TRACON& Tower with Radar,12,24,20,0,56,0,0,12,0,12,12,24,32,0,68,66,0,66,134
12/11/2017,GRB,WI,AGL,CE,Combined TRACON& Tower with Radar,12,29,21,0,62,0,0,0,0,0,12,29,21,0,62,0,0,0,62
12/12/2017,GRB,WI,AGL,CE,Combined TRACON& Tower with Radar,10,31,46,0,87,0,0,20,1,21,10,31,66,1,108,0,0,0,108
12/13/2017,GRB,WI,AGL,CE,Combined TRACON& Tower with Radar,9,38,21,0,68,0,0,0,0,0,9,38,21,0,68,0,0,0,68
12/14/2017,GRB,WI,AGL,CE,Combined TRACON& Tower with Radar,10,33,28,0,71,0,0,21,0,21,10,33,49,0,92,32,0,32,124
12/15/2017,GRB,WI,AGL,CE,Combined TRACON& Tower with Radar,10,28,27,0,65,0,0,22,0,22,10,28,49,0,87,34,0,34,121
12/16/2017,GRB,WI,AGL,CE,Combined TRACON& Tower with Radar,10,18,14,0,42,0,0,12,0,12,10,18,26,0,54,88,0,88,142
12/17/2017,GRB,WI,AGL,CE,Combined TRACON& Tower with Radar,13,24,8,0,45,0,0,0,0,0,13,24,8,0,45,0,0,0,45
12/18/2017,GRB,WI,AGL,CE,Combined TRACON& Tower with Radar,9,28,14,0,51,0,0,0,0,0,9,28,14,0,51,0,0,0,51
12/19/2017,GRB,WI,AGL,CE,Combined TRACON& Tower with Radar,11,31,34,0,76,0,0,33,0,33,11,31,67,0,109,78,0,78,187
12/20/2017,GRB,WI,AGL,CE,Combined TRACON& Tower with Radar,11,35,33,0,79,0,0,27,0,27,11,35,60,0,106,34,0,34,140
12/21/2017,GRB,WI,AGL,CE,Combined TRACON& Tower with Radar,9,34,17,0,60,0,0,0,0,0,9,34,17,0,60,26,0,26,86
12/22/2017,GRB,WI,AGL,CE,Combined TRACON& Tower with Radar,6,31,23,0,60,0,0,0,0,0,6,31,23,0,60,14,0,14,74
12/23/2017,GRB,WI,AGL,CE,Combined TRACON& Tower with Radar,6,48,89,0,143,0,0,22,0,22,6,48,111,0,165,20,0,20,185
12/24/2017,GRB,WI,AGL,CE,Combined TRACON& Tower with Radar,5,26,9,0,40,0,0,3,0,3,5,26,12,0,43,0,0,0,43
12/25/2017,GRB,WI,AGL,CE,Combined TRACON& Tower with Radar,2,15,1,0,18,0,3,0,0,3,2,18,1,0,21,0,0,0,21
12/26/2017,GRB,WI,AGL,CE,Combined TRACON& Tower with Radar,5,35,14,0,54,0,0,5,0,5,5,35,19,0,59,0,0,0,59
12/27/2017,GRB,WI,AGL,CE,Combined TRACON& Tower with Radar,6,40,23,0,69,0,0,5,0,5,6,40,28,0,74,0,0,0,74
12/28/2017,GRB,WI,AGL,CE,Combined TRACON& Tower with Radar,8,30,15,0,53,0,0,0,0,0,8,30,15,0,53,0,0,0,53
12/29/2017,GRB,WI,AGL,CE,Combined TRACON& Tower with Radar,6,32,10,0,48,0,1,26,0,27,6,33,36,0,75,30,0,30,105
12/30/2017,GRB,WI,AGL,CE,Combined TRACON& Tower with Radar,9,29,7,0,45,0,1,2,0,3,9,30,9,0,48,0,0,0,48
12/31/2017,GRB,WI,AGL,CE,Combined TRACON& Tower with Radar,6,22,9,0,37,0,0,12,0,12,6,22,21,0,49,0,0,0,49
01/01/2018,GRB,WI,AGL,CE,Combined TRACON& Tower with Radar,5,21,16,0,42,0,0,8,0,8,5,21,24,0,50,0,0,0,50
01/02/2018,GRB,WI,AGL,CE,Combined TRACON& Tower with Radar,6,33,14,0,53,0,0,5,0,5,6,33,19,0,58,0,0,0,58
01/03/2018,GRB,WI,AGL,CE,Combined TRACON& Tower with Radar,12,37,42,11,102,0,0,16,0,16,12,37,58,11,118,12,0,12,130
01/04/2018,GRB,WI,AGL,CE,Combined TRACON& Tower with Radar,10,24,19,21,74,0,0,17,0,17,10,24,36,21,91,26,10,36,127
01/05/2018,GRB,WI,AGL,CE,Combined TRACON& Tower with Radar,9,23,24,4,60,0,0,17,0,17,9,23,41,4,77,8,8,16,93
01/06/2018,GRB,WI,AGL,CE,Combined TRACON& Tower with Radar,9,19,10,0,38,0,0,17,0,17,9,19,27,0,55,0,0,0,55
01/07/2018,GRB,WI,AGL,CE,Combined TRACON& Tower with Radar,9,18,6,0,33,0,0,8,0,8,9,18,14,0,41,14,0,14,55
01/08/2018,GRB,WI,AGL,CE,Combined TRACON& Tower with Radar,14,18,15,0,47,0,0,18,4,22,14,18,33,4,69,18,0,18,87
01/09/2018,GRB,WI,AGL,CE,Combined TRACON& Tower with Radar,14,18,25,0,57,0,0,21,0,21,14,18,46,0,78,10,0,10,88
01/10/2018,GRB,WI,AGL,CE,Combined TRACON& Tower with Radar,12,29,33,0,74,0,0,0,0,0,12,29,33,0,74,0,0,0,74
01/11/2018,GRB,WI,AGL,CE,Combined TRACON& Tower with Radar,14,25,18,0,57,0,0,0,0,0,14,25,18,0,57,2,0,2,59
01/12/2018,GRB,WI,AGL,CE,Combined TRACON& Tower with Radar,14,24,22,2,62,0,0,14,0,14,14,24,36,2,76,22,0,22,98
01/13/2018,GRB,WI,AGL,CE,Combined TRACON& Tower with Radar,10,18,22,0,50,0,0,36,0,36,10,18,58,0,86,16,0,16,102
01/14/2018,GRB,WI,AGL,CE,Combined TRACON& Tower with Radar,13,14,16,0,43,0,0,17,0,17,13,14,33,0,60,26,0,26,86
01/15/2018,GRB,WI,AGL,CE,Combined TRACON& Tower with Radar,14,19,26,0,59,0,0,0,0,0,14,19,26,0,59,0,0,0,59
01/16/2018,GRB,WI,AGL,CE,Combined TRACON& Tower with Radar,15,18,41,17,91,0,0,26,1,27,15,18,67,18,118,12,6,18,136
01/17/2018,GRB,WI,AGL,CE,Combined TRACON& Tower with Radar,15,24,34,4,77,0,0,1,0,1,15,24,35,4,78,0,8,8,86
01/18/2018,GRB,WI,AGL,CE,Combined TRACON& Tower with Radar,14,24,44,0,82,0,0,23,0,23,14,24,67,0,105,58,0,58,163
01/19/2018,GRB,WI,AGL,CE,Combined TRACON& Tower with Radar,14,25,24,3,66,0,0,22,0,22,14,25,46,3,88,0,0,0,88
01/20/2018,GRB,WI,AGL,CE,Combined TRACON& Tower with Radar,10,15,32,0,57,0,0,62,0,62,10,15,94,0,119,60,0,60,179
01/21/2018,GRB,WI,AGL,CE,Combined TRACON& Tower with Radar,11,26,24,0,61,0,0,12,1,13,11,26,36,1,74,34,0,34,108
01/22/2018,GRB,WI,AGL,CE,Combined TRACON& Tower with Radar,8,18,9,0,35,0,0,0,0,0,8,18,9,0,35,0,0,0,35
01/23/2018,GRB,WI,AGL,CE,Combined TRACON& Tower with Radar,13,32,18,2,65,0,0,0,0,0,13,32,18,2,65,61,4,65,130
01/24/2018,GRB,WI,AGL,CE,Combined TRACON& Tower with Radar,16,24,46,10,96,0,0,26,0,26,16,24,72,10,122,42,6,48,170
01/25/2018,GRB,WI,AGL,CE,Combined TRACON& Tower with Radar,14,29,30,0,73,0,0,6,2,8,14,29,36,2,81,16,0,16,97
01/26/2018,GRB,WI,AGL,CE,Combined TRACON& Tower with Radar,14,29,16,0,59,0,0,3,0,3,14,29,19,0,62,20,0,20,82
01/27/2018,GRB,WI,AGL,CE,Combined TRACON& Tower with Radar,10,13,17,0,40,0,0,29,0,29,10,13,46,0,69,6,0,6,75
01/28/2018,GRB,WI,AGL,CE,Combined TRACON& Tower with Radar,12,17,22,0,51,0,0,17,0,17,12,17,39,0,68,74,0,74,142
01/29/2018,GRB,WI,AGL,CE,Combined TRACON& Tower with Radar,14,23,19,5,61,0,0,19,0,19,14,23,38,5,80,28,18,46,126
01/30/2018,GRB,WI,AGL,CE,Combined TRACON& Tower with Radar,14,25,36,2,77,0,1,40,0,41,14,26,76,2,118,16,6,22,140
01/31/2018,GRB,WI,AGL,CE,Combined TRACON& Tower with Radar,14,30,40,2,86,0,0,9,0,9,14,30,49,2,95,12,0,12,107
02/01/2018,GRB,WI,AGL,CE,Combined TRACON& Tower with Radar,16,28,27,9,80,0,0,9,1,10,16,28,36,10,90,14,0,14,104
02/02/2018,GRB,WI,AGL,CE,Combined TRACON& Tower with Radar,14,26,33,2,75,0,1,32,0,33,14,27,65,2,108,34,0,34,142
02/03/2018,GRB,WI,AGL,CE,Combined TRACON& Tower with Radar,10,15,3,0,28,0,0,0,0,0,10,15,3,0,28,0,0,0,28
02/04/2018,GRB,WI,AGL,CE,Combined TRACON& Tower with Radar,11,28,26,0,65,0,0,11,0,11,11,28,37,0,76,20,0,20,96
02/05/2018,GRB,WI,AGL,CE,Combined TRACON& Tower with Radar,15,22,26,0,63,0,0,23,0,23,15,22,49,0,86,10,0,10,96
02/06/2018,GRB,WI,AGL,CE,Combined TRACON& Tower with Radar,15,20,27,27,89,0,0,37,0,37,15,20,64,27,126,10,0,10,136
02/07/2018,GRB,WI,AGL,CE,Combined TRACON& Tower with Radar,14,20,34,0,68,0,0,28,0,28,14,20,62,0,96,0,0,0,96
02/08/2018,GRB,WI,AGL,CE,Combined TRACON& Tower with Radar,13,25,37,9,84,0,0,32,1,33,13,25,69,10,117,22,0,22,139
02/09/2018,GRB,WI,AGL,CE,Combined TRACON& Tower with Radar,7,19,21,0,47,0,2,35,0,37,7,21,56,0,84,46,0,46,130
02/10/2018,GRB,WI,AGL,CE,Combined TRACON& Tower with Radar,9,15,26,0,50,0,0,42,0,42,9,15,68,0,92,60,0,60,152
02/11/2018,GRB,WI,AGL,CE,Combined TRACON& Tower with Radar,9,14,18,0,41,0,0,16,0,16,9,14,34,0,57,16,0,16,73
02/12/2018,GRB,WI,AGL,CE,Combined TRACON& Tower with Radar,13,20,18,0,51,0,0,19,0,19,13,20,37,0,70,0,0,0,70
02/13/2018,GRB,WI,AGL,CE,Combined TRACON& Tower with Radar,14,21,35,7,77,0,0,30,0,30,14,21,65,7,107,34,0,34,141
02/14/2018,GRB,WI,AGL,CE,Combined TRACON& Tower with Radar,18,25,39,12,94,0,0,47,0,47,18,25,86,12,141,66,0,66,207
02/15/2018,GRB,WI,AGL,CE,Combined TRACON& Tower with Radar,17,20,46,0,83,0,0,22,0,22,17,20,68,0,105,44,0,44,149
02/16/2018,GRB,WI,AGL,CE,Combined TRACON& Tower with Radar,16,22,29,0,67,0,0,46,0,46,16,22,75,0,113,28,0,28,141
02/17/2018,GRB,WI,AGL,CE,Combined TRACON& Tower with Radar,15,13,13,0,41,1,0,6,0,7,16,13,19,0,48,0,0,0,48
02/18/2018,GRB,WI,AGL,CE,Combined TRACON& Tower with Radar,15,14,21,0,50,0,0,20,0,20,15,14,41,0,70,32,0,32,102
02/19/2018,GRB,WI,AGL,CE,Combined TRACON& Tower with Radar,15,19,8,0,42,0,0,0,0,0,15,19,8,0,42,0,0,0,42
02/20/2018,GRB,WI,AGL,CE,Combined TRACON& Tower with Radar,12,23,9,0,44,0,0,0,0,0,12,23,9,0,44,0,0,0,44
02/21/2018,GRB,WI,AGL,CE,Combined TRACON& Tower with Radar,16,22,49,0,87,0,0,22,0,22,16,22,71,0,109,50,0,50,159
02/22/2018,GRB,WI,AGL,CE,Combined TRACON& Tower with Radar,16,27,22,0,65,0,0,37,0,37,16,27,59,0,102,40,0,40,142
02/23/2018,GRB,WI,AGL,CE,Combined TRACON& Tower with Radar,18,18,22,0,58,0,0,0,0,0,18,18,22,0,58,0,0,0,58
02/24/2018,GRB,WI,AGL,CE,Combined TRACON& Tower with Radar,15,14,18,2,49,0,0,22,0,22,15,14,40,2,71,52,0,52,123
02/25/2018,GRB,WI,AGL,CE,Combined TRACON& Tower with Radar,16,15,8,0,39,0,0,1,0,1,16,15,9,0,40,0,0,0,40
02/26/2018,GRB,WI,AGL,CE,Combined TRACON& Tower with Radar,17,21,34,0,72,0,0,33,0,33,17,21,67,0,105,48,0,48,153
02/27/2018,GRB,WI,AGL,CE,Combined TRACON& Tower with Radar,16,20,32,0,68,0,0,35,0,35,16,20,67,0,103,100,0,100,203
02/28/2018,GRB,WI,AGL,CE,Combined TRACON& Tower with Radar,16,23,47,0,86,0,0,9,0,9,16,23,56,0,95,16,0,16,111
03/01/2018,GRB,WI,AGL,CE,Combined TRACON& Tower with Radar,16,18,19,12,65,0,0,2,0,2,16,18,21,12,67,20,14,34,101
03/02/2018,GRB,WI,AGL,CE,Combined TRACON& Tower with Radar,20,19,34,0,73,0,0,61,0,61,20,19,95,0,134,111,0,111,245
03/03/2018,GRB,WI,AGL,CE,Combined TRACON& Tower with Radar,13,16,33,7,69,0,0,61,0,61,13,16,94,7,130,66,0,66,196
03/04/2018,GRB,WI,AGL,CE,Combined TRACON& Tower with Radar,17,12,25,0,54,0,0,33,0,33,17,12,58,0,87,74,0,74,161
03/05/2018,GRB,WI,AGL,CE,Combined TRACON& Tower with Radar,18,16,16,0,50,0,0,6,0,6,18,16,22,0,56,0,0,0,56
03/06/2018,GRB,WI,AGL,CE,Combined TRACON& Tower with Radar,18,18,14,0,50,0,0,0,0,0,18,18,14,0,50,0,0,0,50
03/07/2018,GRB,WI,AGL,CE,Combined TRACON& Tower with Radar,18,21,10,0,49,0,0,19,1,20,18,21,29,1,69,56,0,56,125
03/08/2018,GRB,WI,AGL,CE,Combined TRACON& Tower with Radar,20,22,31,0,73,0,0,27,0,27,20,22,58,0,100,30,0,30,130
03/09/2018,GRB,WI,AGL,CE,Combined TRACON& Tower with Radar,18,22,30,1,71,0,0,31,1,32,18,22,61,2,103,54,0,54,157
03/10/2018,GRB,WI,AGL,CE,Combined TRACON& Tower with Radar,15,16,17,0,48,0,1,50,0,51,15,17,67,0,99,66,0,66,165
03/11/2018,GRB,WI,AGL,CE,Combined TRACON& Tower with Radar,19,15,24,0,58,0,0,54,0,54,19,15,78,0,112,72,0,72,184
03/12/2018,GRB,WI,AGL,CE,Combined TRACON& Tower with Radar,20,17,35,2,74,0,0,26,2,28,20,17,61,4,102,36,0,36,138
03/13/2018,GRB,WI,AGL,CE,Combined TRACON& Tower with Radar,18,19,26,2,65,0,0,16,0,16,18,19,42,2,81,10,0,10,91
03/14/2018,GRB,WI,AGL,CE,Combined TRACON& Tower with Radar,20,21,46,5,92,0,0,39,3,42,20,21,85,8,134,62,0,62,196
03/15/2018,GRB,WI,AGL,CE,Combined TRACON& Tower with Radar,18,21,35,14,88,0,0,41,0,41,18,21,76,14,129,28,0,28,157
03/16/2018,GRB,WI,AGL,CE,Combined TRACON& Tower with Radar,18,27,31,0,76,0,0,54,0,54,18,27,85,0,130,70,0,70,200
03/17/2018,GRB,WI,AGL,CE,Combined TRACON& Tower with Radar,16,16,20,0,52,0,0,46,0,46,16,16,66,0,98,78,0,78,176
03/18/2018,GRB,WI,AGL,CE,Combined TRACON& Tower with Radar,23,17,32,0,72,0,0,54,0,54,23,17,86,0,126,96,0,96,222
03/19/2018,GRB,WI,AGL,CE,Combined TRACON& Tower with Radar,18,16,28,1,63,0,0,15,0,15,18,16,43,1,78,0,0,0,78
03/20/2018,GRB,WI,AGL,CE,Combined TRACON& Tower with Radar,18,19,29,0,66,0,0,28,0,28,18,19,57,0,94,38,0,38,132
03/21/2018,GRB,WI,AGL,CE,Combined TRACON& Tower with Radar,16,21,36,1,74,0,0,26,1,27,16,21,62,2,101,110,0,110,211
03/22/2018,GRB,WI,AGL,CE,Combined TRACON& Tower with Radar,20,19,40,7,86,0,2,43,3,48,20,21,83,10,134,68,0,68,202
03/23/2018,GRB,WI,AGL,CE,Combined TRACON& Tower with Radar,17,21,35,0,73,0,0,55,0,55,17,21,90,0,128,102,0,102,230
03/24/2018,GRB,WI,AGL,CE,Combined TRACON& Tower with Radar,15,13,22,0,50,0,0,26,0,26,15,13,48,0,76,52,0,52,128
03/25/2018,GRB,WI,AGL,CE,Combined TRACON& Tower with Radar,19,17,18,0,54,0,0,33,0,33,19,17,51,0,87,78,0,78,165
03/26/2018,GRB,WI,AGL,CE,Combined TRACON& Tower with Radar,18,18,12,0,48,0,0,20,0,20,18,18,32,0,68,32,0,32,100
03/27/2018,GRB,WI,AGL,CE,Combined TRACON& Tower with Radar,18,18,36,0,72,0,0,5,0,5,18,18,41,0,77,14,0,14,91
03/28/2018,GRB,WI,AGL,CE,Combined TRACON& Tower with Radar,18,28,44,10,100,0,0,53,0,53,18,28,97,10,153,38,10,48,201
03/29/2018,GRB,WI,AGL,CE,Combined TRACON& Tower with Radar,18,24,29,2,73,0,0,32,0,32,18,24,61,2,105,58,18,76,181
03/30/2018,GRB,WI,AGL,CE,Combined TRACON& Tower with Radar,18,21,39,0,78,0,1,38,0,39,18,22,77,0,117,36,0,36,153
03/31/2018,GRB,WI,AGL,CE,Combined TRACON& Tower with Radar,13,14,5,0,32,0,0,0,0,0,13,14,5,0,32,0,0,0,32
04/01/2018,GRB,WI,AGL,CE,Combined TRACON& Tower with Radar,13,21,9,0,43,0,0,19,0,19,13,21,28,0,62,0,0,0,62
04/02/2018,GRB,WI,AGL,CE,Combined TRACON& Tower with Radar,16,26,25,2,69,0,0,26,0,26,16,26,51,2,95,10,0,10,105
04/03/2018,GRB,WI,AGL,CE,Combined TRACON& Tower with Radar,11,15,5,0,31,0,0,0,0,0,11,15,5,0,31,0,0,0,31
04/04/2018,GRB,WI,AGL,CE,Combined TRACON& Tower with Radar,21,22,40,0,83,0,0,19,0,19,21,22,59,0,102,14,0,14,116
04/05/2018,GRB,WI,AGL,CE,Combined TRACON& Tower with Radar,18,23,24,6,71,0,0,54,1,55,18,23,78,7,126,50,12,62,188
04/06/2018,GRB,WI,AGL,CE,Combined TRACON& Tower with Radar,18,19,21,0,58,0,0,9,0,9,18,19,30,0,67,0,0,0,67
04/07/2018,GRB,WI,AGL,CE,Combined TRACON& Tower with Radar,18,11,17,3,49,0,0,38,1,39,18,11,55,4,88,66,6,72,160
04/08/2018,GRB,WI,AGL,CE,Combined TRACON& Tower with Radar,20,15,12,3,50,0,2,39,1,42,20,17,51,4,92,102,0,102,194
04/09/2018,GRB,WI,AGL,CE,Combined TRACON& Tower with Radar,17,21,25,7,70,0,0,13,1,14,17,21,38,8,84,64,0,64,148
04/10/2018,GRB,WI,AGL,CE,Combined TRACON& Tower with Radar,20,20,27,0,67,0,0,29,0,29,20,20,56,0,96,82,0,82,178
04/11/2018,GRB,WI,AGL,CE,Combined TRACON& Tower with Radar,20,20,50,0,90,0,0,43,2,45,20,20,93,2,135,48,0,48,183
04/12/2018,GRB,WI,AGL,CE,Combined TRACON& Tower with Radar,22,28,43,0,93,0,0,0,0,0,22,28,43,0,93,8,0,8,101
04/13/2018,GRB,WI,AGL,CE,Combined TRACON& Tower with Radar,21,19,9,1,50,0,0,0,0,0,21,19,9,1,50,0,0,0,50
04/14/2018,GRB,WI,AGL,CE,Combined TRACON& Tower with Radar,0,0,1,0,1,0,0,0,0,0,0,0,1,0,1,0,0,0,1
04/15/2018,GRB,WI,AGL,CE,Combined TRACON& Tower with Radar,3,1,0,0,4,0,0,0,0,0,3,1,0,0,4,0,0,0,4
04/16/2018,GRB,WI,AGL,CE,Combined TRACON& Tower with Radar,25,23,13,1,62,0,0,2,0,2,25,23,15,1,64,10,0,10,74
04/17/2018,GRB,WI,AGL,CE,Combined TRACON& Tower with Radar,22,24,44,11,101,0,0,14,0,14,22,24,58,11,115,4,10,14,129
04/18/2018,GRB,WI,AGL,CE,Combined TRACON& Tower with Radar,21,21,18,0,60,0,0,4,0,4,21,21,22,0,64,48,0,48,112
04/19/2018,GRB,WI,AGL,CE,Combined TRACON& Tower with Radar,22,21,32,0,75,0,0,34,0,34,22,21,66,0,109,68,0,68,177
04/20/2018,GRB,WI,AGL,CE,Combined TRACON& Tower with Radar,22,20,36,4,82,0,0,46,0,46,22,20,82,4,128,66,0,66,194
04/21/2018,GRB,WI,AGL,CE,Combined TRACON& Tower with Radar,20,11,22,0,53,0,0,44,0,44,20,11,66,0,97,78,0,78,175
04/22/2018,GRB,WI,AGL,CE,Combined TRACON& Tower with Radar,22,15,17,0,54,0,0,37,0,37,22,15,54,0,91,18,0,18,109
04/23/2018,GRB,WI,AGL,CE,Combined TRACON& Tower with Radar,19,21,19,0,59,0,1,42,1,44,19,22,61,1,103,96,0,96,199
04/24/2018,GRB,WI,AGL,CE,Combined TRACON& Tower with Radar,21,23,34,4,82,0,0,43,0,43,21,23,77,4,125,76,10,86,211
04/25/2018,GRB,WI,AGL,CE,Combined TRACON& Tower with Radar,22,22,49,1,94,0,0,36,1,37,22,22,85,2,131,68,0,68,199
04/26/2018,GRB,WI,AGL,CE,Combined TRACON& Tower with Radar,20,22,42,0,84,0,0,41,0,41,20,22,83,0,125,74,0,74,199
04/27/2018,GRB,WI,AGL,CE,Combined TRACON& Tower with Radar,20,20,23,0,63,0,0,20,0,20,20,20,43,0,83,34,8,42,125
04/28/2018,GRB,WI,AGL,CE,Combined TRACON& Tower with Radar,20,17,18,0,55,0,0,34,0,34,20,17,52,0,89,38,0,38,127
04/29/2018,GRB,WI,AGL,CE,Combined TRACON& Tower with Radar,20,18,24,0,62,0,0,45,0,45,20,18,69,0,107,32,0,32,139
04/30/2018,GRB,WI,AGL,CE,Combined TRACON& Tower with Radar,20,20,42,0,82,0,0,28,0,28,20,20,70,0,110,22,0,22,132
05/01/2018,GRB,WI,AGL,CE,Combined TRACON& Tower with Radar,20,28,28,0,76,0,1,11,0,12,20,29,39,0,88,0,0,0,88
05/02/2018,GRB,WI,AGL,CE,Combined TRACON& Tower with Radar,22,26,26,0,74,0,0,17,0,17,22,26,43,0,91,30,0,30,121
05/03/2018,GRB,WI,AGL,CE,Combined TRACON& Tower with Radar,25,19,26,0,70,0,0,17,0,17,25,19,43,0,87,64,0,64,151
05/04/2018,GRB,WI,AGL,CE,Combined TRACON& Tower with Radar,20,26,20,2,68,0,0,13,0,13,20,26,33,2,81,24,0,24,105
05/05/2018,GRB,WI,AGL,CE,Combined TRACON& Tower with Radar,18,11,16,2,47,0,0,44,0,44,18,11,60,2,91,64,6,70,161
05/06/2018,GRB,WI,AGL,CE,Combined TRACON& Tower with Radar,20,23,26,0,69,0,0,28,0,28,20,23,54,0,97,38,0,38,135
05/07/2018,GRB,WI,AGL,CE,Combined TRACON& Tower with Radar,20,23,19,10,72,0,0,38,0,38,20,23,57,10,110,34,24,58,168
05/08/2018,GRB,WI,AGL,CE,Combined TRACON& Tower with Radar,20,30,33,7,90,0,0,40,8,48,20,30,73,15,138,52,20,72,210
05/09/2018,GRB,WI,AGL,CE,Combined TRACON& Tower with Radar,19,24,29,0,72,0,0,0,0,0,19,24,29,0,72,0,0,0,72
05/10/2018,GRB,WI,AGL,CE,Combined TRACON& Tower with Radar,20,35,38,0,93,0,0,28,2,30,20,35,66,2,123,10,0,10,133
05/11/2018,GRB,WI,AGL,CE,Combined TRACON& Tower with Radar,20,22,25,0,67,0,0,7,0,7,20,22,32,0,74,20,0,20,94
05/12/2018,GRB,WI,AGL,CE,Combined TRACON& Tower with Radar,16,7,22,9,54,0,0,41,0,41,16,7,63,9,95,38,6,44,139
05/13/2018,GRB,WI,AGL,CE,Combined TRACON& Tower with Radar,18,14,18,0,50,0,0,37,0,37,18,14,55,0,87,28,0,28,115
05/14/2018,GRB,WI,AGL,CE,Combined TRACON& Tower with Radar,15,21,26,0,62,0,0,31,2,33,15,21,57,2,95,90,0,90,185
05/15/2018,GRB,WI,AGL,CE,Combined TRACON& Tower with Radar,21,22,32,0,75,0,0,48,0,48,21,22,80,0,123,36,0,36,159
05/16/2018,GRB,WI,AGL,CE,Combined TRACON& Tower with Radar,19,24,59,16,118,0,0,61,0,61,19,24,120,16,179,88,24,112,291
05/17/2018,GRB,WI,AGL,CE,Combined TRACON& Tower with Radar,20,22,38,9,89,0,0,22,2,24,20,22,60,11,113,40,6,46,159
05/18/2018,GRB,WI,AGL,CE,Combined TRACON& Tower with Radar,22,22,42,0,86,0,0,55,0,55,22,22,97,0,141,36,0,36,177
05/19/2018,GRB,WI,AGL,CE,Combined TRACON& Tower with Radar,18,13,8,0,39,0,0,2,0,2,18,13,10,0,41,8,0,8,49
05/20/2018,GRB,WI,AGL,CE,Combined TRACON& Tower with Radar,20,19,15,0,54,0,0,27,0,27,20,19,42,0,81,10,0,10,91
05/21/2018,GRB,WI,AGL,CE,Combined TRACON& Tower with Radar,26,28,18,0,72,0,0,8,0,8,26,28,26,0,80,38,0,38,118
05/22/2018,GRB,WI,AGL,CE,Combined TRACON& Tower with Radar,22,25,46,9,102,0,0,27,1,28,22,25,73,10,130,26,0,26,156
05/23/2018,GRB,WI,AGL,CE,Combined TRACON& Tower with Radar,20,26,51,5,102,0,1,54,0,55,20,27,105,5,157,88,0,88,245
05/24/2018,GRB,WI,AGL,CE,Combined TRACON& Tower with Radar,22,21,35,1,79,0,2,43,0,45,22,23,78,1,124,82,0,82,206
05/25/2018,GRB,WI,AGL,CE,Combined TRACON& Tower with Radar,20,28,26,1,75,0,0,22,1,23,20,28,48,2,98,8,0,8,106
05/26/2018,GRB,WI,AGL,CE,Combined TRACON& Tower with Radar,14,15,21,0,50,0,0,28,0,28,14,15,49,0,78,28,0,28,106
05/27/2018,GRB,WI,AGL,CE,Combined TRACON& Tower with Radar,14,10,9,0,33,0,0,34,0,34,14,10,43,0,67,18,0,18,85
05/28/2018,GRB,WI,AGL,CE,Combined TRACON& Tower with Radar,18,16,17,0,51,0,0,11,0,11,18,16,28,0,62,4,0,4,66
05/29/2018,GRB,WI,AGL,CE,Combined TRACON& Tower with Radar,23,24,24,0,71,0,1,38,1,40,23,25,62,1,111,44,0,44,155
05/30/2018,GRB,WI,AGL,CE,Combined TRACON& Tower with Radar,14,22,36,0,72,0,0,3,0,3,14,22,39,0,75,20,0,20,95
05/31/2018,GRB,WI,AGL,CE,Combined TRACON& Tower with Radar,18,20,35,0,73,0,0,21,1,22,18,20,56,1,95,12,0,12,107
06/01/2018,GRB,WI,AGL,CE,Combined TRACON& Tower with Radar,21,21,38,0,80,0,0,28,0,28,21,21,66,0,108,54,0,54,162
06/02/2018,GRB,WI,AGL,CE,Combined TRACON& Tower with Radar,20,19,34,0,73,0,0,22,0,22,20,19,56,0,95,28,0,28,123
06/03/2018,GRB,WI,AGL,CE,Combined TRACON& Tower with Radar,20,16,23,0,59,0,0,12,0,12,20,16,35,0,71,10,0,10,81
06/04/2018,GRB,WI,AGL,CE,Combined TRACON& Tower with Radar,20,20,22,1,63,0,0,24,3,27,20,20,46,4,90,58,0,58,148
06/05/2018,GRB,WI,AGL,CE,Combined TRACON& Tower with Radar,19,23,23,0,65,0,0,56,0,56,19,23,79,0,121,92,0,92,213
06/06/2018,GRB,WI,AGL,CE,Combined TRACON& Tower with Radar,20,27,36,11,94,0,0,22,3,25,20,27,58,14,119,50,26,76,195
06/07/2018,GRB,WI,AGL,CE,Combined TRACON& Tower with Radar,18,29,43,0,90,0,0,45,0,45,18,29,88,0,135,32,0,32,167
06/08/2018,GRB,WI,AGL,CE,Combined TRACON& Tower with Radar,21,25,36,0,82,0,0,32,0,32,21,25,68,0,114,68,0,68,182
06/09/2018,GRB,WI,AGL,CE,Combined TRACON& Tower with Radar,12,12,29,0,53,0,0,19,4,23,12,12,48,4,76,18,0,18,94
06/10/2018,GRB,WI,AGL,CE,Combined TRACON& Tower with Radar,24,14,22,0,60,0,0,19,0,19,24,14,41,0,79,14,0,14,93
06/11/2018,GRB,WI,AGL,CE,Combined TRACON& Tower with Radar,22,18,16,2,58,0,1,26,2,29,22,19,42,4,87,34,0,34,121
06/12/2018,GRB,WI,AGL,CE,Combined TRACON& Tower with Radar,22,31,41,7,101,0,0,16,0,16,22,31,57,7,117,42,14,56,173
06/13/2018,GRB,WI,AGL,CE,Combined TRACON& Tower with Radar,22,23,50,8,103,0,0,45,0,45,22,23,95,8,148,10,8,18,166
06/14/2018,GRB,WI,AGL,CE,Combined TRACON& Tower with Radar,21,24,45,2,92,0,1,69,0,70,21,25,114,2,162,116,0,116,278
06/15/2018,GRB,WI,AGL,CE,Combined TRACON& Tower with Radar,26,25,20,0,71,0,0,3,0,3,26,25,23,0,74,0,0,0,74
06/16/2018,GRB,WI,AGL,CE,Combined TRACON& Tower with Radar,14,18,25,0,57,0,1,37,0,38,14,19,62,0,95,22,0,22,117
06/17/2018,GRB,WI,AGL,CE,Combined TRACON& Tower with Radar,20,24,9,0,53,0,2,12,3,17,20,26,21,3,70,38,0,38,108
06/18/2018,GRB,WI,AGL,CE,Combined TRACON& Tower with Radar,24,23,21,0,68,0,0,2,0,2,24,23,23,0,70,0,0,0,70
06/19/2018,GRB,WI,AGL,CE,Combined TRACON& Tower with Radar,20,22,36,1,79,0,0,36,1,37,20,22,72,2,116,74,0,74,190
06/20/2018,GRB,WI,AGL,CE,Combined TRACON& Tower with Radar,22,28,58,9,117,0,0,43,3,46,22,28,101,12,163,84,14,98,261
06/21/2018,GRB,WI,AGL,CE,Combined TRACON& Tower with Radar,20,21,49,0,90,0,0,37,0,37,20,21,86,0,127,6,0,6,133
06/22/2018,GRB,WI,AGL,CE,Combined TRACON& Tower with Radar,23,23,35,3,84,0,0,45,3,48,23,23,80,6,132,26,0,26,158
06/23/2018,GRB,WI,AGL,CE,Combined TRACON& Tower with Radar,14,15,26,0,55,0,0,44,0,44,14,15,70,0,99,10,0,10,109
06/24/2018,GRB,WI,AGL,CE,Combined TRACON& Tower with Radar,19,22,9,0,50,0,0,19,0,19,19,22,28,0,69,4,0,4,73
06/25/2018,GRB,WI,AGL,CE,Combined TRACON& Tower with Radar,18,24,26,0,68,1,0,32,0,33,19,24,58,0,101,26,0,26,127
06/26/2018,GRB,WI,AGL,CE,Combined TRACON& Tower with Radar,19,13,17,5,54,0,1,5,0,6,19,14,22,5,60,32,12,44,104
06/27/2018,GRB,WI,AGL,CE,Combined TRACON& Tower with Radar,21,22,48,2,93,0,0,10,0,10,21,22,58,2,103,0,0,0,103
06/28/2018,GRB,WI,AGL,CE,Combined TRACON& Tower with Radar,17,23,29,4,73,0,0,30,0,30,17,23,59,4,103,0,0,0,103
06/29/2018,GRB,WI,AGL,CE,Combined TRACON& Tower with Radar,18,24,24,2,68,0,0,32,0,32,18,24,56,2,100,0,0,0,100
06/30/2018,GRB,WI,AGL,CE,Combined TRACON& Tower with Radar,14,21,25,0,60,0,0,20,0,20,14,21,45,0,80,0,0,0,80
07/01/2018,GRB,WI,AGL,CE,Combined TRACON& Tower with Radar,14,20,13,0,47,0,0,9,0,9,14,20,22,0,56,0,0,0,56
07/02/2018,GRB,WI,AGL,CE,Combined TRACON& Tower with Radar,12,20,27,2,61,0,2,41,0,43,12,22,68,2,104,82,0,82,186
07/03/2018,GRB,WI,AGL,CE,Combined TRACON& Tower with Radar,12,20,14,9,55,0,0,24,0,24,12,20,38,9,79,72,8,80,159
07/04/2018,GRB,WI,AGL,CE,Combined TRACON& Tower with Radar,12,16,12,0,40,0,0,13,0,13,12,16,25,0,53,38,0,38,91
07/05/2018,GRB,WI,AGL,CE,Combined TRACON& Tower with Radar,14,21,22,2,59,0,2,35,0,37,14,23,57,2,96,36,16,52,148
07/06/2018,GRB,WI,AGL,CE,Combined TRACON& Tower with Radar,13,22,33,1,69,0,2,45,1,48,13,24,78,2,117,36,0,36,153
07/07/2018,GRB,WI,AGL,CE,Combined TRACON& Tower with Radar,14,20,3,0,37,0,1,31,0,32,14,21,34,0,69,34,0,34,103
07/08/2018,GRB,WI,AGL,CE,Combined TRACON& Tower with Radar,18,24,17,0,59,0,0,24,0,24,18,24,41,0,83,18,8,26,109
07/09/2018,GRB,WI,AGL,CE,Combined TRACON& Tower with Radar,18,28,21,0,67,0,0,25,2,27,18,28,46,2,94,16,0,16,110
07/10/2018,GRB,WI,AGL,CE,Combined TRACON& Tower with Radar,18,26,35,0,79,0,0,62,2,64,18,26,97,2,143,28,4,32,175
07/11/2018,GRB,WI,AGL,CE,Combined TRACON& Tower with Radar,16,24,42,1,83,0,0,44,1,45,16,24,86,2,128,28,8,36,164
07/12/2018,GRB,WI,AGL,CE,Combined TRACON& Tower with Radar,22,25,32,9,88,0,0,21,0,21,22,25,53,9,109,20,24,44,153
07/13/2018,GRB,WI,AGL,CE,Combined TRACON& Tower with Radar,19,25,24,0,68,0,0,14,0,14,19,25,38,0,82,32,0,32,114
07/14/2018,GRB,WI,AGL,CE,Combined TRACON& Tower with Radar,12,18,10,0,40,0,0,35,0,35,12,18,45,0,75,36,0,36,111
07/15/2018,GRB,WI,AGL,CE,Combined TRACON& Tower with Radar,20,21,17,1,59,0,0,37,2,39,20,21,54,3,98,8,0,8,106
07/16/2018,GRB,WI,AGL,CE,Combined TRACON& Tower with Radar,20,21,21,1,63,0,1,54,0,55,20,22,75,1,118,20,0,20,138
07/17/2018,GRB,WI,AGL,CE,Combined TRACON& Tower with Radar,17,26,45,0,88,1,0,71,0,72,18,26,116,0,160,70,0,70,230
07/18/2018,GRB,WI,AGL,CE,Combined TRACON& Tower with Radar,16,23,44,0,83,0,1,62,0,63,16,24,106,0,146,60,0,60,206
07/19/2018,GRB,WI,AGL,CE,Combined TRACON& Tower with Radar,21,26,48,0,95,0,0,60,0,60,21,26,108,0,155,50,0,50,205
07/20/2018,GRB,WI,AGL,CE,Combined TRACON& Tower with Radar,18,22,37,0,77,0,0,12,0,12,18,22,49,0,89,0,0,0,89
07/21/2018,GRB,WI,AGL,CE,Combined TRACON& Tower with Radar,15,23,51,2,91,0,0,6,0,6,15,23,57,2,97,12,0,12,109
07/22/2018,GRB,WI,AGL,CE,Combined TRACON& Tower with Radar,18,24,78,0,120,0,0,32,0,32,18,24,110,0,152,0,0,0,152
07/23/2018,GRB,WI,AGL,CE,Combined TRACON& Tower with Radar,20,22,49,0,91,0,0,42,1,43,20,22,91,1,134,20,0,20,154
07/24/2018,GRB,WI,AGL,CE,Combined TRACON& Tower with Radar,18,33,54,3,108,0,0,47,0,47,18,33,101,3,155,4,10,14,169
07/25/2018,GRB,WI,AGL,CE,Combined TRACON& Tower with Radar,16,26,65,0,107,0,0,40,0,40,16,26,105,0,147,32,0,32,179
07/26/2018,GRB,WI,AGL,CE,Combined TRACON& Tower with Radar,18,28,100,1,147,0,0,50,0,50,18,28,150,1,197,0,0,0,197
07/27/2018,GRB,WI,AGL,CE,Combined TRACON& Tower with Radar,17,32,65,2,116,0,0,49,0,49,17,32,114,2,165,12,0,12,177
07/28/2018,GRB,WI,AGL,CE,Combined TRACON& Tower with Radar,12,25,51,0,88,0,1,57,0,58,12,26,108,0,146,0,0,0,146
07/29/2018,GRB,WI,AGL,CE,Combined TRACON& Tower with Radar,17,25,55,2,99,0,0,50,0,50,17,25,105,2,149,20,0,20,169
07/30/2018,GRB,WI,AGL,CE,Combined TRACON& Tower with Radar,20,22,31,0,73,0,0,42,2,44,20,22,73,2,117,60,0,60,177
07/31/2018,GRB,WI,AGL,CE,Combined TRACON& Tower with Radar,14,22,22,0,58,0,0,78,0,78,14,22,100,0,136,0,0,0,136
08/01/2018,GRB,WI,AGL,CE,Combined TRACON& Tower with Radar,14,22,25,0,61,0,4,33,0,37,14,26,58,0,98,6,0,6,104
08/02/2018,GRB,WI,AGL,CE,Combined TRACON& Tower with Radar,21,29,46,0,96,0,0,4,0,4,21,29,50,0,100,0,0,0,100
08/03/2018,GRB,WI,AGL,CE,Combined TRACON& Tower with Radar,17,28,32,16,93,0,0,34,2,36,17,28,66,18,129,90,8,98,227
08/04/2018,GRB,WI,AGL,CE,Combined TRACON& Tower with Radar,10,23,11,1,45,0,0,35,0,35,10,23,46,1,80,32,0,32,112
08/05/2018,GRB,WI,AGL,CE,Combined TRACON& Tower with Radar,16,28,12,2,58,0,1,32,1,34,16,29,44,3,92,32,0,32,124
08/06/2018,GRB,WI,AGL,CE,Combined TRACON& Tower with Radar,16,24,28,0,68,0,0,18,0,18,16,24,46,0,86,0,0,0,86
08/07/2018,GRB,WI,AGL,CE,Combined TRACON& Tower with Radar,16,22,31,4,73,0,2,29,0,31,16,24,60,4,104,58,0,58,162
08/08/2018,GRB,WI,AGL,CE,Combined TRACON& Tower with Radar,17,24,22,22,85,0,2,37,3,42,17,26,59,25,127,54,26,80,207
08/09/2018,GRB,WI,AGL,CE,Combined TRACON& Tower with Radar,20,25,62,0,107,0,0,54,0,54,20,25,116,0,161,32,0,32,193
08/10/2018,GRB,WI,AGL,CE,Combined TRACON& Tower with Radar,21,25,25,1,72,0,0,62,0,62,21,25,87,1,134,62,0,62,196
08/11/2018,GRB,WI,AGL,CE,Combined TRACON& Tower with Radar,12,17,10,0,39,0,0,49,0,49,12,17,59,0,88,36,0,36,124
08/12/2018,GRB,WI,AGL,CE,Combined TRACON& Tower with Radar,13,29,18,0,60,0,0,36,0,36,13,29,54,0,96,2,0,2,98
08/13/2018,GRB,WI,AGL,CE,Combined TRACON& Tower with Radar,20,25,33,0,78,0,0,54,2,56,20,25,87,2,134,0,0,0,134
08/14/2018,GRB,WI,AGL,CE,Combined TRACON& Tower with Radar,17,24,27,6,74,0,0,61,0,61,17,24,88,6,135,46,0,46,181
08/15/2018,GRB,WI,AGL,CE,Combined TRACON& Tower with Radar,23,24,33,16,96,0,0,34,0,34,23,24,67,16,130,58,12,70,200
08/16/2018,GRB,WI,AGL,CE,Combined TRACON& Tower with Radar,20,29,57,0,106,0,0,28,0,28,20,29,85,0,134,8,0,8,142
08/17/2018,GRB,WI,AGL,CE,Combined TRACON& Tower with Radar,21,27,23,0,71,0,0,43,0,43,21,27,66,0,114,56,0,56,170
08/18/2018,GRB,WI,AGL,CE,Combined TRACON& Tower with Radar,12,17,23,0,52,0,0,28,0,28,12,17,51,0,80,72,0,72,152
08/19/2018,GRB,WI,AGL,CE,Combined TRACON& Tower with Radar,18,25,12,0,55,0,1,19,0,20,18,26,31,0,75,0,0,0,75
08/20/2018,GRB,WI,AGL,CE,Combined TRACON& Tower with Radar,21,24,37,2,84,0,0,23,0,23,21,24,60,2,107,18,0,18,125
08/21/2018,GRB,WI,AGL,CE,Combined TRACON& Tower with Radar,22,19,27,4,72,0,0,11,0,11,22,19,38,4,83,22,0,22,105
08/22/2018,GRB,WI,AGL,CE,Combined TRACON& Tower with Radar,20,24,52,3,99,0,3,50,1,54,20,27,102,4,153,24,4,28,181
08/23/2018,GRB,WI,AGL,CE,Combined TRACON& Tower with Radar,26,26,28,11,91,0,0,55,0,55,26,26,83,11,146,68,10,78,224
08/24/2018,GRB,WI,AGL,CE,Combined TRACON& Tower with Radar,19,22,25,0,66,0,0,5,0,5,19,22,30,0,71,0,0,0,71
08/25/2018,GRB,WI,AGL,CE,Combined TRACON& Tower with Radar,18,21,15,0,54,0,2,12,0,14,18,23,27,0,68,48,0,48,116
08/26/2018,GRB,WI,AGL,CE,Combined TRACON& Tower with Radar,19,17,12,0,48,0,0,13,0,13,19,17,25,0,61,0,0,0,61
08/27/2018,GRB,WI,AGL,CE,Combined TRACON& Tower with Radar,17,19,22,6,64,0,0,11,0,11,17,19,33,6,75,28,12,40,115
08/28/2018,GRB,WI,AGL,CE,Combined TRACON& Tower with Radar,16,13,25,12,66,0,0,13,0,13,16,13,38,12,79,32,10,42,121
08/29/2018,GRB,WI,AGL,CE,Combined TRACON& Tower with Radar,23,18,40,12,93,0,0,24,0,24,23,18,64,12,117,10,6,16,133
08/30/2018,GRB,WI,AGL,CE,Combined TRACON& Tower with Radar,18,18,28,8,72,0,0,59,1,60,18,18,87,9,132,16,12,28,160
08/31/2018,GRB,WI,AGL,CE,Combined TRACON& Tower with Radar,21,18,16,2,57,0,2,28,0,30,21,20,44,2,87,30,0,30,117
09/01/2018,GRB,WI,AGL,CE,Combined TRACON& Tower with Radar,12,11,5,0,28,0,1,7,0,8,12,12,12,0,36,64,0,64,100
09/02/2018,GRB,WI,AGL,CE,Combined TRACON& Tower with Radar,10,11,5,0,26,0,0,6,0,6,10,11,11,0,32,8,0,8,40
09/03/2018,GRB,WI,AGL,CE,Combined TRACON& Tower with Radar,13,15,20,1,49,0,0,10,2,12,13,15,30,3,61,46,0,46,107
09/04/2018,GRB,WI,AGL,CE,Combined TRACON& Tower with Radar,19,21,21,0,61,0,0,20,0,20,19,21,41,0,81,24,0,24,105
09/05/2018,GRB,WI,AGL,CE,Combined TRACON& Tower with Radar,18,20,20,0,58,0,0,8,0,8,18,20,28,0,66,26,0,26,92
09/06/2018,GRB,WI,AGL,CE,Combined TRACON& Tower with Radar,18,20,35,11,84,0,0,42,5,47,18,20,77,16,131,32,6,38,169
09/07/2018,GRB,WI,AGL,CE,Combined TRACON& Tower with Radar,18,23,49,0,90,0,1,60,0,61,18,24,109,0,151,50,0,50,201
09/08/2018,GRB,WI,AGL,CE,Combined TRACON& Tower with Radar,16,21,28,0,65,0,0,41,2,43,16,21,69,2,108,20,0,20,128
09/09/2018,GRB,WI,AGL,CE,Combined TRACON& Tower with Radar,19,63,113,0,195,0,0,49,0,49,19,63,162,0,244,6,0,6,250
09/10/2018,GRB,WI,AGL,CE,Combined TRACON& Tower with Radar,20,33,61,24,138,0,0,53,0,53,20,33,114,24,191,36,8,44,235
09/11/2018,GRB,WI,AGL,CE,Combined TRACON& Tower with Radar,18,20,32,0,70,0,0,55,2,57,18,20,87,2,127,48,0,48,175
09/12/2018,GRB,WI,AGL,CE,Combined TRACON& Tower with Radar,18,28,45,0,91,0,0,38,0,38,18,28,83,0,129,64,0,64,193
09/13/2018,GRB,WI,AGL,CE,Combined TRACON& Tower with Radar,24,25,40,6,95,0,1,69,0,70,24,26,109,6,165,36,0,36,201
09/14/2018,GRB,WI,AGL,CE,Combined TRACON& Tower with Radar,21,24,48,8,101,0,0,72,2,74,21,24,120,10,175,36,14,50,225
09/15/2018,GRB,WI,AGL,CE,Combined TRACON& Tower with Radar,16,21,39,1,77,0,0,59,2,61,16,21,98,3,138,44,0,44,182
09/16/2018,GRB,WI,AGL,CE,Combined TRACON& Tower with Radar,22,58,160,0,240,0,0,38,2,40,22,58,198,2,280,0,0,0,280
09/17/2018,GRB,WI,AGL,CE,Combined TRACON& Tower with Radar,22,26,32,4,84,0,0,46,0,46,22,26,78,4,130,0,0,0,130
09/18/2018,GRB,WI,AGL,CE,Combined TRACON& Tower with Radar,16,24,34,2,76,0,0,4,0,4,16,24,38,2,80,40,0,40,120
09/19/2018,GRB,WI,AGL,CE,Combined TRACON& Tower with Radar,16,27,52,8,103,0,0,4,0,4,16,27,56,8,107,0,0,0,107
09/20/2018,GRB,WI,AGL,CE,Combined TRACON& Tower with Radar,17,32,29,0,78,0,0,0,0,0,17,32,29,0,78,0,0,0,78
09/21/2018,GRB,WI,AGL,CE,Combined TRACON& Tower with Radar,17,27,20,0,64,0,0,0,0,0,17,27,20,0,64,0,0,0,64
09/22/2018,GRB,WI,AGL,CE,Combined TRACON& Tower with Radar,20,17,12,0,49,0,1,65,2,68,20,18,77,2,117,42,0,42,159
09/23/2018,GRB,WI,AGL,CE,Combined TRACON& Tower with Radar,22,25,22,0,69,0,0,49,0,49,22,25,71,0,118,22,0,22,140
09/24/2018,GRB,WI,AGL,CE,Combined TRACON& Tower with Radar,18,21,27,0,66,0,0,37,0,37,18,21,64,0,103,40,0,40,143
09/25/2018,GRB,WI,AGL,CE,Combined TRACON& Tower with Radar,16,31,22,12,81,0,0,11,0,11,16,31,33,12,92,18,12,30,122
09/26/2018,GRB,WI,AGL,CE,Combined TRACON& Tower with Radar,16,26,53,4,99,0,0,29,4,33,16,26,82,8,132,16,8,24,156
09/27/2018,GRB,WI,AGL,CE,Combined TRACON& Tower with Radar,20,28,31,3,82,0,0,31,0,31,20,28,62,3,113,28,0,28,141
09/28/2018,GRB,WI,AGL,CE,Combined TRACON& Tower with Radar,18,25,28,2,73,0,0,47,0,47,18,25,75,2,120,36,0,36,156
09/29/2018,GRB,WI,AGL,CE,Combined TRACON& Tower with Radar,17,24,24,0,65,0,0,53,0,53,17,24,77,0,118,46,0,46,164
09/30/2018,GRB,WI,AGL,CE,Combined TRACON& Tower with Radar,18,59,121,3,201,0,1,7,0,8,18,60,128,3,209,0,0,0,209
10/01/2018,GRB,WI,AGL,CE,Combined TRACON& Tower with Radar,18,26,43,1,88,0,0,8,0,8,18,26,51,1,96,20,0,20,116
10/02/2018,GRB,WI,AGL,CE,Combined TRACON& Tower with Radar,18,30,25,10,83,0,0,4,0,4,18,30,29,10,87,0,0,0,87
10/03/2018,GRB,WI,AGL,CE,Combined TRACON& Tower with Radar,18,30,34,0,82,0,0,7,0,7,18,30,41,0,89,0,0,0,89
10/04/2018,GRB,WI,AGL,CE,Combined TRACON& Tower with Radar,18,27,35,6,86,0,0,41,0,41,18,27,76,6,127,84,6,90,217
10/05/2018,GRB,WI,AGL,CE,Combined TRACON& Tower with Radar,20,31,29,0,80,0,0,0,0,0,20,31,29,0,80,12,0,12,92
10/06/2018,GRB,WI,AGL,CE,Combined TRACON& Tower with Radar,16,20,25,0,61,0,0,15,0,15,16,20,40,0,76,0,0,0,76
10/07/2018,GRB,WI,AGL,CE,Combined TRACON& Tower with Radar,22,27,13,0,62,0,0,1,0,1,22,27,14,0,63,22,0,22,85
10/08/2018,GRB,WI,AGL,CE,Combined TRACON& Tower with Radar,18,32,31,0,81,0,0,0,0,0,18,32,31,0,81,0,0,0,81
10/09/2018,GRB,WI,AGL,CE,Combined TRACON& Tower with Radar,19,30,55,1,105,0,3,20,0,23,19,33,75,1,128,0,0,0,128
10/10/2018,GRB,WI,AGL,CE,Combined TRACON& Tower with Radar,22,28,34,10,94,0,0,0,0,0,22,28,34,10,94,10,0,10,104
10/11/2018,GRB,WI,AGL,CE,Combined TRACON& Tower with Radar,18,32,55,8,113,0,0,9,0,9,18,32,64,8,122,10,0,10,132
10/12/2018,GRB,WI,AGL,CE,Combined TRACON& Tower with Radar,20,31,52,3,106,0,1,59,0,60,20,32,111,3,166,68,0,68,234
10/13/2018,GRB,WI,AGL,CE,Combined TRACON& Tower with Radar,14,28,28,5,75,0,1,57,0,58,14,29,85,5,133,10,0,10,143
10/14/2018,GRB,WI,AGL,CE,Combined TRACON& Tower with Radar,20,28,20,0,68,0,0,4,0,4,20,28,24,0,72,8,0,8,80
10/15/2018,GRB,WI,AGL,CE,Combined TRACON& Tower with Radar,20,71,90,0,181,0,0,21,0,21,20,71,111,0,202,30,0,30,232
10/16/2018,GRB,WI,AGL,CE,Combined TRACON& Tower with Radar,20,44,57,3,124,0,0,44,3,47,20,44,101,6,171,60,0,60,231
10/17/2018,GRB,WI,AGL,CE,Combined TRACON& Tower with Radar,20,32,57,9,118,0,0,27,2,29,20,32,84,11,147,26,0,26,173
10/18/2018,GRB,WI,AGL,CE,Combined TRACON& Tower with Radar,18,29,38,0,85,0,0,54,0,54,18,29,92,0,139,64,0,64,203
10/19/2018,GRB,WI,AGL,CE,Combined TRACON& Tower with Radar,18,36,33,0,87,0,0,2,0,2,18,36,35,0,89,32,0,32,121
10/20/2018,GRB,WI,AGL,CE,Combined TRACON& Tower with Radar,12,21,8,1,42,0,0,2,1,3,12,21,10,2,45,0,0,0,45
10/21/2018,GRB,WI,AGL,CE,Combined TRACON& Tower with Radar,18,26,32,0,76,0,0,55,0,55,18,26,87,0,131,16,0,16,147
10/22/2018,GRB,WI,AGL,CE,Combined TRACON& Tower with Radar,18,26,35,2,81,0,1,55,0,56,18,27,90,2,137,18,0,18,155
10/23/2018,GRB,WI,AGL,CE,Combined TRACON& Tower with Radar,18,26,27,0,71,0,0,43,0,43,18,26,70,0,114,86,0,86,200
10/24/2018,GRB,WI,AGL,CE,Combined TRACON& Tower with Radar,18,26,45,9,98,0,0,62,1,63,18,26,107,10,161,50,12,62,223
10/25/2018,GRB,WI,AGL,CE,Combined TRACON& Tower with Radar,20,28,43,0,91,0,3,43,0,46,20,31,86,0,137,0,0,0,137
10/26/2018,GRB,WI,AGL,CE,Combined TRACON& Tower with Radar,22,30,32,0,84,0,0,30,0,30,22,30,62,0,114,30,0,30,144
10/27/2018,GRB,WI,AGL,CE,Combined TRACON& Tower with Radar,12,20,22,0,54,0,0,37,0,37,12,20,59,0,91,28,0,28,119
10/28/2018,GRB,WI,AGL,CE,Combined TRACON& Tower with Radar,16,20,9,0,45,0,0,2,0,2,16,20,11,0,47,0,0,0,47
10/29/2018,GRB,WI,AGL,CE,Combined TRACON& Tower with Radar,18,27,27,0,72,0,0,24,0,24,18,27,51,0,96,108,0,108,204
10/30/2018,GRB,WI,AGL,CE,Combined TRACON& Tower with Radar,16,28,37,8,89,0,0,12,0,12,16,28,49,8,101,46,18,64,165
10/31/2018,GRB,WI,AGL,CE,Combined TRACON& Tower with Radar,14,24,23,1,62,0,0,18,3,21,14,24,41,4,83,30,0,30,113
11/01/2018,GRB,WI,AGL,CE,Combined TRACON& Tower with Radar,21,21,34,6,82,0,0,41,2,43,21,21,75,8,125,42,16,58,183
11/02/2018,GRB,WI,AGL,CE,Combined TRACON& Tower with Radar,18,25,32,2,77,0,0,29,0,29,18,25,61,2,106,68,0,68,174
11/03/2018,GRB,WI,AGL,CE,Combined TRACON& Tower with Radar,16,20,16,0,52,0,0,54,0,54,16,20,70,0,106,54,0,54,160
11/04/2018,GRB,WI,AGL,CE,Combined TRACON& Tower with Radar,22,19,12,2,55,0,0,0,0,0,22,19,12,2,55,0,0,0,55
11/05/2018,GRB,WI,AGL,CE,Combined TRACON& Tower with Radar,19,21,22,0,62,0,0,10,0,10,19,21,32,0,72,0,0,0,72
11/06/2018,GRB,WI,AGL,CE,Combined TRACON& Tower with Radar,17,24,37,0,78,0,0,0,0,0,17,24,37,0,78,0,0,0,78
11/07/2018,GRB,WI,AGL,CE,Combined TRACON& Tower with Radar,20,27,25,0,72,0,0,4,0,4,20,27,29,0,76,0,0,0,76
11/08/2018,GRB,WI,AGL,CE,Combined TRACON& Tower with Radar,19,27,20,0,66,0,0,33,0,33,19,27,53,0,99,34,0,34,133
11/09/2018,GRB,WI,AGL,CE,Combined TRACON& Tower with Radar,20,31,22,1,74,0,0,3,1,4,20,31,25,2,78,0,0,0,78
11/10/2018,GRB,WI,AGL,CE,Combined TRACON& Tower with Radar,15,23,27,0,65,0,0,45,0,45,15,23,72,0,110,18,0,18,128
11/11/2018,GRB,WI,AGL,CE,Combined TRACON& Tower with Radar,21,45,100,0,166,0,0,10,3,13,21,45,110,3,179,14,0,14,193
11/12/2018,GRB,WI,AGL,CE,Combined TRACON& Tower with Radar,22,21,32,0,75,0,1,15,0,16,22,22,47,0,91,16,0,16,107
11/13/2018,GRB,WI,AGL,CE,Combined TRACON& Tower with Radar,24,23,54,9,110,0,0,39,0,39,24,23,93,9,149,34,0,34,183
11/14/2018,GRB,WI,AGL,CE,Combined TRACON& Tower with Radar,19,28,41,3,91,0,0,26,3,29,19,28,67,6,120,82,0,82,202
11/15/2018,GRB,WI,AGL,CE,Combined TRACON& Tower with Radar,21,23,31,10,85,0,0,12,2,14,21,23,43,12,99,56,0,56,155
11/16/2018,GRB,WI,AGL,CE,Combined TRACON& Tower with Radar,23,24,32,1,80,0,0,14,1,15,23,24,46,2,95,6,0,6,101
11/17/2018,GRB,WI,AGL,CE,Combined TRACON& Tower with Radar,14,16,19,0,49,0,0,12,0,12,14,16,31,0,61,66,0,66,127
11/18/2018,GRB,WI,AGL,CE,Combined TRACON& Tower with Radar,16,20,24,0,60,0,1,33,0,34,16,21,57,0,94,20,0,20,114
11/19/2018,GRB,WI,AGL,CE,Combined TRACON& Tower with Radar,18,24,19,0,61,0,1,14,0,15,18,25,33,0,76,34,0,34,110
11/20/2018,GRB,WI,AGL,CE,Combined TRACON& Tower with Radar,20,25,23,0,68,0,0,15,0,15,20,25,38,0,83,56,0,56,139
11/21/2018,GRB,WI,AGL,CE,Combined TRACON& Tower with Radar,18,22,25,0,65,0,0,31,0,31,18,22,56,0,96,70,0,70,166
11/22/2018,GRB,WI,AGL,CE,Combined TRACON& Tower with Radar,11,5,1,0,17,0,0,1,0,1,11,5,2,0,18,0,0,0,18
11/23/2018,GRB,WI,AGL,CE,Combined TRACON& Tower with Radar,15,16,8,2,41,0,2,12,0,14,15,18,20,2,55,20,0,20,75
11/24/2018,GRB,WI,AGL,CE,Combined TRACON& Tower with Radar,28,34,4,0,66,1,0,0,0,1,29,34,4,0,67,0,0,0,67
11/25/2018,GRB,WI,AGL,CE,Combined TRACON& Tower with Radar,16,21,21,0,58,0,2,16,0,18,16,23,37,0,76,38,0,38,114
11/26/2018,GRB,WI,AGL,CE,Combined TRACON& Tower with Radar,17,8,12,0,37,0,0,7,2,9,17,8,19,2,46,8,0,8,54
11/27/2018,GRB,WI,AGL,CE,Combined TRACON& Tower with Radar,20,22,30,0,72,0,0,16,0,16,20,22,46,0,88,78,0,78,166
11/28/2018,GRB,WI,AGL,CE,Combined TRACON& Tower with Radar,23,23,55,1,102,0,0,41,0,41,23,23,96,1,143,0,0,0,143
11/29/2018,GRB,WI,AGL,CE,Combined TRACON& Tower with Radar,20,20,15,2,57,0,0,0,0,0,20,20,15,2,57,0,0,0,57
11/30/2018,GRB,WI,AGL,CE,Combined TRACON& Tower with Radar,20,27,34,3,84,0,0,8,0,8,20,27,42,3,92,0,0,0,92
12/01/2018,GRB,WI,AGL,CE,Combined TRACON& Tower with Radar,23,22,16,0,61,0,0,0,0,0,23,22,16,0,61,0,0,0,61
12/02/2018,GRB,WI,AGL,CE,Combined TRACON& Tower with Radar,20,27,41,0,88,0,0,0,0,0,20,27,41,0,88,70,0,70,158
12/03/2018,GRB,WI,AGL,CE,Combined TRACON& Tower with Radar,22,23,22,1,68,0,0,6,2,8,22,23,28,3,76,6,0,6,82
12/04/2018,GRB,WI,AGL,CE,Combined TRACON& Tower with Radar,22,21,40,0,83,0,0,27,2,29,22,21,67,2,112,66,0,66,178
12/05/2018,GRB,WI,AGL,CE,Combined TRACON& Tower with Radar,21,21,32,0,74,0,0,17,0,17,21,21,49,0,91,24,0,24,115
12/06/2018,GRB,WI,AGL,CE,Combined TRACON& Tower with Radar,22,18,39,2,81,0,0,19,1,20,22,18,58,3,101,56,0,56,157
12/07/2018,GRB,WI,AGL,CE,Combined TRACON& Tower with Radar,25,24,52,5,106,0,0,27,2,29,25,24,79,7,135,56,0,56,191
12/08/2018,GRB,WI,AGL,CE,Combined TRACON& Tower with Radar,18,21,40,2,81,0,2,56,0,58,18,23,96,2,139,16,0,16,155
12/09/2018,GRB,WI,AGL,CE,Combined TRACON& Tower with Radar,23,40,112,0,175,0,0,20,3,23,23,40,132,3,198,0,0,0,198
12/10/2018,GRB,WI,AGL,CE,Combined TRACON& Tower with Radar,24,22,40,2,88,0,1,10,0,11,24,23,50,2,99,0,0,0,99
12/11/2018,GRB,WI,AGL,CE,Combined TRACON& Tower with Radar,22,21,31,0,74,0,0,0,0,0,22,21,31,0,74,24,0,24,98
12/12/2018,GRB,WI,AGL,CE,Combined TRACON& Tower with Radar,24,29,25,0,78,0,0,0,0,0,24,29,25,0,78,0,0,0,78
12/13/2018,GRB,WI,AGL,CE,Combined TRACON& Tower with Radar,26,18,28,0,72,0,0,1,0,1,26,18,29,0,73,0,0,0,73
12/14/2018,GRB,WI,AGL,CE,Combined TRACON& Tower with Radar,22,19,30,0,71,0,0,22,0,22,22,19,52,0,93,74,0,74,167
12/15/2018,GRB,WI,AGL,CE,Combined TRACON& Tower with Radar,20,21,23,0,64,0,0,71,0,71,20,21,94,0,135,70,0,70,205
12/16/2018,GRB,WI,AGL,CE,Combined TRACON& Tower with Radar,26,18,21,0,65,0,0,29,0,29,26,18,50,0,94,40,0,40,134
12/17/2018,GRB,WI,AGL,CE,Combined TRACON& Tower with Radar,24,20,22,1,67,0,1,33,2,36,24,21,55,3,103,64,0,64,167
12/18/2018,GRB,WI,AGL,CE,Combined TRACON& Tower with Radar,22,23,33,6,84,0,0,48,0,48,22,23,81,6,132,0,0,0,132
12/19/2018,GRB,WI,AGL,CE,Combined TRACON& Tower with Radar,19,24,34,4,81,0,0,17,0,17,19,24,51,4,98,0,0,0,98
12/20/2018,GRB,WI,AGL,CE,Combined TRACON& Tower with Radar,18,29,16,0,63,0,0,0,0,0,18,29,16,0,63,0,0,0,63
12/21/2018,GRB,WI,AGL,CE,Combined TRACON& Tower with Radar,17,26,32,0,75,0,0,5,0,5,17,26,37,0,80,0,0,0,80
12/22/2018,GRB,WI,AGL,CE,Combined TRACON& Tower with Radar,13,34,18,0,65,0,0,8,0,8,13,34,26,0,73,0,0,0,73
12/23/2018,GRB,WI,AGL,CE,Combined TRACON& Tower with Radar,12,29,3,0,44,0,0,5,0,5,12,29,8,0,49,0,0,0,49
12/24/2018,GRB,WI,AGL,CE,Combined TRACON& Tower with Radar,3,28,7,0,38,0,0,15,0,15,3,28,22,0,53,0,0,0,53
12/25/2018,GRB,WI,AGL,CE,Combined TRACON& Tower with Radar,4,19,2,0,25,0,0,7,0,7,4,19,9,0,32,0,0,0,32
12/26/2018,GRB,WI,AGL,CE,Combined TRACON& Tower with Radar,6,38,26,0,70,0,0,11,0,11,6,38,37,0,81,0,0,0,81
12/27/2018,GRB,WI,AGL,CE,Combined TRACON& Tower with Radar,7,40,11,0,58,0,0,0,0,0,7,40,11,0,58,0,0,0,58
12/28/2018,GRB,WI,AGL,CE,Combined TRACON& Tower with Radar,6,35,7,0,48,0,0,0,0,0,6,35,7,0,48,0,0,0,48
12/29/2018,GRB,WI,AGL,CE,Combined TRACON& Tower with Radar,4,43,27,0,74,0,0,23,0,23,4,43,50,0,97,0,0,0,97
12/30/2018,GRB,WI,AGL,CE,Combined TRACON& Tower with Radar,8,34,57,1,100,0,0,16,1,17,8,34,73,2,117,0,0,0,117
12/31/2018,GRB,WI,AGL,CE,Combined TRACON& Tower with Radar,4,30,8,0,42,0,0,4,0,4,4,30,12,0,46,0,0,0,46
01/01/2019,GRB,WI,AGL,CE,Combined TRACON& Tower with Radar,5,25,12,0,42,0,0,4,0,4,5,25,16,0,46,38,8,46,92
01/02/2019,GRB,WI,AGL,CE,Combined TRACON& Tower with Radar,6,35,31,0,72,0,0,0,0,0,6,35,31,0,72,0,0,0,72
01/03/2019,GRB,WI,AGL,CE,Combined TRACON& Tower with Radar,6,28,22,8,64,0,0,12,0,12,6,28,34,8,76,0,0,0,76
01/04/2019,GRB,WI,AGL,CE,Combined TRACON& Tower with Radar,9,30,39,0,78,0,0,48,0,48,9,30,87,0,126,40,0,40,166
01/05/2019,GRB,WI,AGL,CE,Combined TRACON& Tower with Radar,13,23,14,10,60,0,0,53,0,53,13,23,67,10,113,40,12,52,165
01/06/2019,GRB,WI,AGL,CE,Combined TRACON& Tower with Radar,14,19,17,0,50,0,0,37,0,37,14,19,54,0,87,0,0,0,87
01/07/2019,GRB,WI,AGL,CE,Combined TRACON& Tower with Radar,16,24,7,0,47,0,0,0,0,0,16,24,7,0,47,0,0,0,47
01/08/2019,GRB,WI,AGL,CE,Combined TRACON& Tower with Radar,14,24,14,0,52,0,0,2,0,2,14,24,16,0,54,24,0,24,78
01/09/2019,GRB,WI,AGL,CE,Combined TRACON& Tower with Radar,14,23,44,0,81,0,0,9,2,11,14,23,53,2,92,8,0,8,100
01/10/2019,GRB,WI,AGL,CE,Combined TRACON& Tower with Radar,14,25,34,0,73,0,0,22,0,22,14,25,56,0,95,10,0,10,105
01/11/2019,GRB,WI,AGL,CE,Combined TRACON& Tower with Radar,13,29,13,2,57,0,0,29,0,29,13,29,42,2,86,12,0,12,98
01/12/2019,GRB,WI,AGL,CE,Combined TRACON& Tower with Radar,14,12,7,0,33,0,0,0,0,0,14,12,7,0,33,0,0,0,33
01/13/2019,GRB,WI,AGL,CE,Combined TRACON& Tower with Radar,12,19,13,0,44,0,0,22,0,22,12,19,35,0,66,24,0,24,90
01/14/2019,GRB,WI,AGL,CE,Combined TRACON& Tower with Radar,12,24,19,2,57,0,0,8,0,8,12,24,27,2,65,22,0,22,87
01/15/2019,GRB,WI,AGL,CE,Combined TRACON& Tower with Radar,15,21,19,0,55,0,0,0,0,0,15,21,19,0,55,0,0,0,55
01/16/2019,GRB,WI,AGL,CE,Combined TRACON& Tower with Radar,14,23,43,0,80,0,1,48,0,49,14,24,91,0,129,38,0,38,167
01/17/2019,GRB,WI,AGL,CE,Combined TRACON& Tower with Radar,14,29,27,0,70,0,0,3,0,3,14,29,30,0,73,0,0,0,73
01/18/2019,GRB,WI,AGL,CE,Combined TRACON& Tower with Radar,12,29,37,1,79,0,0,25,1,26,12,29,62,2,105,38,0,38,143
01/19/2019,GRB,WI,AGL,CE,Combined TRACON& Tower with Radar,11,6,10,0,27,0,0,8,0,8,11,6,18,0,35,50,0,50,85
01/20/2019,GRB,WI,AGL,CE,Combined TRACON& Tower with Radar,11,20,29,0,60,0,0,33,0,33,11,20,62,0,93,0,0,0,93
01/21/2019,GRB,WI,AGL,CE,Combined TRACON& Tower with Radar,14,24,18,0,56,0,2,9,0,11,14,26,27,0,67,0,0,0,67
01/22/2019,GRB,WI,AGL,CE,Combined TRACON& Tower with Radar,9,17,24,0,50,0,0,0,0,0,9,17,24,0,50,22,0,22,72
01/23/2019,GRB,WI,AGL,CE,Combined TRACON& Tower with Radar,15,19,27,0,61,0,0,1,0,1,15,19,28,0,62,0,0,0,62
01/24/2019,GRB,WI,AGL,CE,Combined TRACON& Tower with Radar,17,28,18,0,63,0,0,0,0,0,17,28,18,0,63,0,0,0,63
01/25/2019,GRB,WI,AGL,CE,Combined TRACON& Tower with Radar,14,26,15,0,55,0,0,15,0,15,14,26,30,0,70,0,0,0,70
01/26/2019,GRB,WI,AGL,CE,Combined TRACON& Tower with Radar,16,17,18,0,51,0,0,13,0,13,16,17,31,0,64,0,0,0,64
01/27/2019,GRB,WI,AGL,CE,Combined TRACON& Tower with Radar,12,19,25,0,56,0,0,13,0,13,12,19,38,0,69,0,0,0,69
01/28/2019,GRB,WI,AGL,CE,Combined TRACON& Tower with Radar,10,10,3,0,23,0,2,0,0,2,10,12,3,0,25,0,0,0,25
01/29/2019,GRB,WI,AGL,CE,Combined TRACON& Tower with Radar,16,21,21,0,58,0,0,2,0,2,16,21,23,0,60,0,0,0,60
01/30/2019,GRB,WI,AGL,CE,Combined TRACON& Tower with Radar,14,9,10,0,33,0,0,2,0,2,14,9,12,0,35,0,0,0,35
01/31/2019,GRB,WI,AGL,CE,Combined TRACON& Tower with Radar,14,10,11,0,35,0,2,0,0,2,14,12,11,0,37,0,0,0,37
02/01/2019,GRB,WI,AGL,CE,Combined TRACON& Tower with Radar,16,25,22,0,63,0,0,25,0,25,16,25,47,0,88,34,0,34,122
02/02/2019,GRB,WI,AGL,CE,Combined TRACON& Tower with Radar,13,15,11,0,39,0,0,0,0,0,13,15,11,0,39,0,0,0,39
02/03/2019,GRB,WI,AGL,CE,Combined TRACON& Tower with Radar,3,5,5,0,13,0,0,0,0,0,3,5,5,0,13,0,0,0,13
02/04/2019,GRB,WI,AGL,CE,Combined TRACON& Tower with Radar,20,21,12,0,53,0,0,0,0,0,20,21,12,0,53,0,0,0,53
02/05/2019,GRB,WI,AGL,CE,Combined TRACON& Tower with Radar,13,18,35,0,66,0,0,10,0,10,13,18,45,0,76,60,0,60,136
02/06/2019,GRB,WI,AGL,CE,Combined TRACON& Tower with Radar,13,22,49,0,84,0,0,0,0,0,13,22,49,0,84,0,0,0,84
02/07/2019,GRB,WI,AGL,CE,Combined TRACON& Tower with Radar,10,14,9,2,35,0,0,0,0,0,10,14,9,2,35,0,0,0,35
02/08/2019,GRB,WI,AGL,CE,Combined TRACON& Tower with Radar,16,20,27,0,63,0,1,3,0,4,16,21,30,0,67,2,0,2,69
02/09/2019,GRB,WI,AGL,CE,Combined TRACON& Tower with Radar,16,14,22,0,52,0,0,29,0,29,16,14,51,0,81,24,0,24,105
02/10/2019,GRB,WI,AGL,CE,Combined TRACON& Tower with Radar,13,18,6,0,37,0,0,0,0,0,13,18,6,0,37,0,0,0,37
02/11/2019,GRB,WI,AGL,CE,Combined TRACON& Tower with Radar,12,24,31,0,67,0,0,1,0,1,12,24,32,0,68,10,0,10,78
02/12/2019,GRB,WI,AGL,CE,Combined TRACON& Tower with Radar,14,18,2,0,34,0,0,0,0,0,14,18,2,0,34,0,0,0,34
02/13/2019,GRB,WI,AGL,CE,Combined TRACON& Tower with Radar,14,26,27,0,67,0,0,20,0,20,14,26,47,0,87,46,0,46,133
02/14/2019,GRB,WI,AGL,CE,Combined TRACON& Tower with Radar,14,26,34,0,74,0,0,12,0,12,14,26,46,0,86,58,0,58,144
02/15/2019,GRB,WI,AGL,CE,Combined TRACON& Tower with Radar,14,30,26,0,70,0,0,19,0,19,14,30,45,0,89,28,0,28,117
02/16/2019,GRB,WI,AGL,CE,Combined TRACON& Tower with Radar,14,15,12,0,41,0,0,36,0,36,14,15,48,0,77,0,0,0,77
02/17/2019,GRB,WI,AGL,CE,Combined TRACON& Tower with Radar,10,21,15,0,46,0,0,1,0,1,10,21,16,0,47,0,0,0,47
02/18/2019,GRB,WI,AGL,CE,Combined TRACON& Tower with Radar,15,14,20,0,49,0,0,30,0,30,15,14,50,0,79,30,0,30,109
02/19/2019,GRB,WI,AGL,CE,Combined TRACON& Tower with Radar,14,25,35,5,79,0,1,38,2,41,14,26,73,7,120,36,8,44,164
02/20/2019,GRB,WI,AGL,CE,Combined TRACON& Tower with Radar,8,20,10,0,38,0,0,0,0,0,8,20,10,0,38,0,0,0,38
02/21/2019,GRB,WI,AGL,CE,Combined TRACON& Tower with Radar,15,24,24,2,65,0,0,20,0,20,15,24,44,2,85,12,0,12,97
02/22/2019,GRB,WI,AGL,CE,Combined TRACON& Tower with Radar,14,22,37,4,77,0,2,34,3,39,14,24,71,7,116,54,0,54,170
02/23/2019,GRB,WI,AGL,CE,Combined TRACON& Tower with Radar,14,14,5,0,33,0,0,0,0,0,14,14,5,0,33,0,0,0,33
02/24/2019,GRB,WI,AGL,CE,Combined TRACON& Tower with Radar,12,5,4,0,21,0,0,0,0,0,12,5,4,0,21,0,0,0,21
02/25/2019,GRB,WI,AGL,CE,Combined TRACON& Tower with Radar,13,21,24,2,60,0,1,14,0,15,13,22,38,2,75,24,8,32,107
02/26/2019,GRB,WI,AGL,CE,Combined TRACON& Tower with Radar,13,21,23,0,57,0,1,8,0,9,13,22,31,0,66,16,0,16,82
02/27/2019,GRB,WI,AGL,CE,Combined TRACON& Tower with Radar,16,24,28,0,68,0,0,8,0,8,16,24,36,0,76,34,0,34,110
02/28/2019,GRB,WI,AGL,CE,Combined TRACON& Tower with Radar,16,26,22,1,65,0,0,28,3,31,16,26,50,4,96,36,0,36,132
03/01/2019,GRB,WI,AGL,CE,Combined TRACON& Tower with Radar,13,24,26,0,63,0,0,9,0,9,13,24,35,0,72,14,0,14,86
03/02/2019,GRB,WI,AGL,CE,Combined TRACON& Tower with Radar,11,20,17,0,48,0,0,13,0,13,11,20,30,0,61,62,0,62,123
03/03/2019,GRB,WI,AGL,CE,Combined TRACON& Tower with Radar,13,22,15,0,50,0,2,24,0,26,13,24,39,0,76,40,0,40,116
03/04/2019,GRB,WI,AGL,CE,Combined TRACON& Tower with Radar,15,28,16,0,59,0,0,9,1,10,15,28,25,1,69,0,0,0,69
03/05/2019,GRB,WI,AGL,CE,Combined TRACON& Tower with Radar,13,26,29,0,68,0,0,2,0,2,13,26,31,0,70,0,0,0,70
03/06/2019,GRB,WI,AGL,CE,Combined TRACON& Tower with Radar,14,28,37,3,82,0,0,29,3,32,14,28,66,6,114,6,0,6,120
03/07/2019,GRB,WI,AGL,CE,Combined TRACON& Tower with Radar,16,29,29,12,86,0,1,26,2,29,16,30,55,14,115,24,16,40,155
03/08/2019,GRB,WI,AGL,CE,Combined TRACON& Tower with Radar,15,26,33,4,78,0,0,47,0,47,15,26,80,4,125,24,0,24,149
03/09/2019,GRB,WI,AGL,CE,Combined TRACON& Tower with Radar,13,17,15,0,45,0,0,11,2,13,13,17,26,2,58,18,0,18,76
03/10/2019,GRB,WI,AGL,CE,Combined TRACON& Tower with Radar,16,20,13,0,49,0,0,1,0,1,16,20,14,0,50,0,0,0,50
03/11/2019,GRB,WI,AGL,CE,Combined TRACON& Tower with Radar,18,25,29,1,73,0,0,26,0,26,18,25,55,1,99,62,4,66,165
03/12/2019,GRB,WI,AGL,CE,Combined TRACON& Tower with Radar,16,24,29,12,81,0,1,22,0,23,16,25,51,12,104,78,4,82,186
03/13/2019,GRB,WI,AGL,CE,Combined TRACON& Tower with Radar,16,26,18,0,60,0,0,0,0,0,16,26,18,0,60,0,0,0,60
03/14/2019,GRB,WI,AGL,CE,Combined TRACON& Tower with Radar,14,28,18,0,60,0,0,0,0,0,14,28,18,0,60,0,0,0,60
03/15/2019,GRB,WI,AGL,CE,Combined TRACON& Tower with Radar,15,26,18,0,59,0,0,7,0,7,15,26,25,0,66,0,0,0,66
03/16/2019,GRB,WI,AGL,CE,Combined TRACON& Tower with Radar,14,14,22,0,50,0,0,47,0,47,14,14,69,0,97,56,0,56,153
03/17/2019,GRB,WI,AGL,CE,Combined TRACON& Tower with Radar,16,22,22,0,60,0,1,38,0,39,16,23,60,0,99,48,0,48,147
03/18/2019,GRB,WI,AGL,CE,Combined TRACON& Tower with Radar,16,24,21,1,62,0,0,28,1,29,16,24,49,2,91,56,0,56,147
03/19/2019,GRB,WI,AGL,CE,Combined TRACON& Tower with Radar,16,24,35,0,75,0,0,49,0,49,16,24,84,0,124,54,0,54,178
03/20/2019,GRB,WI,AGL,CE,Combined TRACON& Tower with Radar,16,26,31,14,87,0,0,17,0,17,16,26,48,14,104,4,22,26,130
03/21/2019,GRB,WI,AGL,CE,Combined TRACON& Tower with Radar,15,28,28,14,85,0,0,11,0,11,15,28,39,14,96,46,0,46,142
03/22/2019,GRB,WI,AGL,CE,Combined TRACON& Tower with Radar,15,25,23,6,69,0,0,25,0,25,15,25,48,6,94,12,0,12,106
03/23/2019,GRB,WI,AGL,CE,Combined TRACON& Tower with Radar,14,17,11,0,42,0,0,68,0,68,14,17,79,0,110,42,0,42,152
03/24/2019,GRB,WI,AGL,CE,Combined TRACON& Tower with Radar,16,19,14,2,51,0,0,18,0,18,16,19,32,2,69,0,0,0,69
03/25/2019,GRB,WI,AGL,CE,Combined TRACON& Tower with Radar,16,22,18,0,56,0,0,22,0,22,16,22,40,0,78,52,0,52,130
03/26/2019,GRB,WI,AGL,CE,Combined TRACON& Tower with Radar,16,24,30,0,70,0,0,34,0,34,16,24,64,0,104,78,0,78,182
03/27/2019,GRB,WI,AGL,CE,Combined TRACON& Tower with Radar,18,27,32,8,85,0,0,6,0,6,18,27,38,8,91,0,24,24,115
03/28/2019,GRB,WI,AGL,CE,Combined TRACON& Tower with Radar,15,26,29,2,72,0,0,28,1,29,15,26,57,3,101,44,0,44,145
03/29/2019,GRB,WI,AGL,CE,Combined TRACON& Tower with Radar,15,27,25,8,75,0,0,39,1,40,15,27,64,9,115,18,18,36,151
03/30/2019,GRB,WI,AGL,CE,Combined TRACON& Tower with Radar,13,17,12,0,42,0,0,1,0,1,13,17,13,0,43,4,0,4,47
03/31/2019,GRB,WI,AGL,CE,Combined TRACON& Tower with Radar,13,23,24,0,60,0,0,21,0,21,13,23,45,0,81,24,0,24,105
04/01/2019,GRB,WI,AGL,CE,Combined TRACON& Tower with Radar,17,25,11,0,53,0,0,6,0,6,17,25,17,0,59,34,0,34,93
04/02/2019,GRB,WI,AGL,CE,Combined TRACON& Tower with Radar,18,25,19,0,62,0,1,11,0,12,18,26,30,0,74,32,0,32,106
04/03/2019,GRB,WI,AGL,CE,Combined TRACON& Tower with Radar,18,26,36,15,95,0,0,29,1,30,18,26,65,16,125,0,20,20,145
04/04/2019,GRB,WI,AGL,CE,Combined TRACON& Tower with Radar,18,24,22,0,64,0,0,24,0,24,18,24,46,0,88,6,0,6,94
04/05/2019,GRB,WI,AGL,CE,Combined TRACON& Tower with Radar,18,28,30,6,82,0,0,9,0,9,18,28,39,6,91,38,0,38,129
04/06/2019,GRB,WI,AGL,CE,Combined TRACON& Tower with Radar,14,17,14,2,47,0,0,0,0,0,14,17,14,2,47,0,0,0,47
04/07/2019,GRB,WI,AGL,CE,Combined TRACON& Tower with Radar,14,21,30,0,65,0,0,10,0,10,14,21,40,0,75,44,0,44,119
04/08/2019,GRB,WI,AGL,CE,Combined TRACON& Tower with Radar,18,24,23,0,65,0,0,40,0,40,18,24,63,0,105,12,0,12,117
04/09/2019,GRB,WI,AGL,CE,Combined TRACON& Tower with Radar,18,26,31,0,75,0,0,22,0,22,18,26,53,0,97,20,0,20,117
04/10/2019,GRB,WI,AGL,CE,Combined TRACON& Tower with Radar,16,26,25,0,67,0,0,6,0,6,16,26,31,0,73,12,0,12,85
04/11/2019,GRB,WI,AGL,CE,Combined TRACON& Tower with Radar,17,18,9,0,44,0,0,0,0,0,17,18,9,0,44,0,0,0,44
04/12/2019,GRB,WI,AGL,CE,Combined TRACON& Tower with Radar,18,31,30,0,79,0,0,8,0,8,18,31,38,0,87,6,0,6,93
04/13/2019,GRB,WI,AGL,CE,Combined TRACON& Tower with Radar,14,18,20,0,52,0,0,13,0,13,14,18,33,0,65,16,0,16,81
04/14/2019,GRB,WI,AGL,CE,Combined TRACON& Tower with Radar,22,16,17,0,55,0,0,7,0,7,22,16,24,0,62,22,0,22,84
04/15/2019,GRB,WI,AGL,CE,Combined TRACON& Tower with Radar,21,26,26,0,73,0,1,54,0,55,21,27,80,0,128,58,0,58,186
04/16/2019,GRB,WI,AGL,CE,Combined TRACON& Tower with Radar,18,34,45,0,97,0,0,34,0,34,18,34,79,0,131,18,0,18,149
04/17/2019,GRB,WI,AGL,CE,Combined TRACON& Tower with Radar,20,25,29,0,74,0,0,1,0,1,20,25,30,0,75,0,0,0,75
04/18/2019,GRB,WI,AGL,CE,Combined TRACON& Tower with Radar,18,28,36,2,84,0,0,4,0,4,18,28,40,2,88,24,0,24,112
04/19/2019,GRB,WI,AGL,CE,Combined TRACON& Tower with Radar,17,24,30,1,72,0,0,38,1,39,17,24,68,2,111,36,8,44,155
04/20/2019,GRB,WI,AGL,CE,Combined TRACON& Tower with Radar,14,22,13,0,49,0,0,63,1,64,14,22,76,1,113,52,0,52,165
04/21/2019,GRB,WI,AGL,CE,Combined TRACON& Tower with Radar,18,15,22,0,55,0,0,27,0,27,18,15,49,0,82,0,0,0,82
04/22/2019,GRB,WI,AGL,CE,Combined TRACON& Tower with Radar,17,28,29,0,74,0,0,26,0,26,17,28,55,0,100,24,0,24,124
04/23/2019,GRB,WI,AGL,CE,Combined TRACON& Tower with Radar,20,26,30,3,79,0,1,40,1,42,20,27,70,4,121,76,0,76,197
04/24/2019,GRB,WI,AGL,CE,Combined TRACON& Tower with Radar,19,22,43,8,92,0,1,53,6,60,19,23,96,14,152,56,0,56,208
04/25/2019,GRB,WI,AGL,CE,Combined TRACON& Tower with Radar,20,27,41,4,92,0,0,27,2,29,20,27,68,6,121,42,0,42,163
04/26/2019,GRB,WI,AGL,CE,Combined TRACON& Tower with Radar,16,27,22,1,66,0,0,22,0,22,16,27,44,1,88,6,0,6,94
04/27/2019,GRB,WI,AGL,CE,Combined TRACON& Tower with Radar,10,20,21,5,56,0,0,22,0,22,10,20,43,5,78,18,0,18,96
04/28/2019,GRB,WI,AGL,CE,Combined TRACON& Tower with Radar,19,18,17,2,56,0,0,50,0,50,19,18,67,2,106,60,0,60,166
04/29/2019,GRB,WI,AGL,CE,Combined TRACON& Tower with Radar,20,22,19,0,61,0,0,0,0,0,20,22,19,0,61,0,0,0,61
04/30/2019,GRB,WI,AGL,CE,Combined TRACON& Tower with Radar,15,25,18,8,66,0,0,0,0,0,15,25,18,8,66,0,0,0,66
05/01/2019,GRB,WI,AGL,CE,Combined TRACON& Tower with Radar,16,36,37,0,89,0,0,0,0,0,16,36,37,0,89,0,0,0,89
05/02/2019,GRB,WI,AGL,CE,Combined TRACON& Tower with Radar,16,26,40,6,88,0,0,12,0,12,16,26,52,6,100,58,10,68,168
05/03/2019,GRB,WI,AGL,CE,Combined TRACON& Tower with Radar,16,27,29,19,91,0,1,43,0,44,16,28,72,19,135,74,0,74,209
05/04/2019,GRB,WI,AGL,CE,Combined TRACON& Tower with Radar,10,21,23,0,54,0,1,64,0,65,10,22,87,0,119,66,0,66,185
05/05/2019,GRB,WI,AGL,CE,Combined TRACON& Tower with Radar,14,26,17,0,57,0,0,32,0,32,14,26,49,0,89,10,0,10,99
05/06/2019,GRB,WI,AGL,CE,Combined TRACON& Tower with Radar,16,30,31,16,93,0,0,30,0,30,16,30,61,16,123,38,24,62,185
05/07/2019,GRB,WI,AGL,CE,Combined TRACON& Tower with Radar,16,28,39,4,87,0,0,68,1,69,16,28,107,5,156,104,4,108,264
05/08/2019,GRB,WI,AGL,CE,Combined TRACON& Tower with Radar,16,27,48,0,91,0,0,12,0,12,16,27,60,0,103,12,0,12,115
05/09/2019,GRB,WI,AGL,CE,Combined TRACON& Tower with Radar,20,27,31,0,78,0,0,1,0,1,20,27,32,0,79,0,0,0,79
05/10/2019,GRB,WI,AGL,CE,Combined TRACON& Tower with Radar,16,29,32,12,89,0,0,62,0,62,16,29,94,12,151,38,0,38,189
05/11/2019,GRB,WI,AGL,CE,Combined TRACON& Tower with Radar,8,18,25,0,51,0,1,57,0,58,8,19,82,0,109,88,0,88,197
05/12/2019,GRB,WI,AGL,CE,Combined TRACON& Tower with Radar,14,19,14,0,47,0,0,28,0,28,14,19,42,0,75,22,0,22,97
05/13/2019,GRB,WI,AGL,CE,Combined TRACON& Tower with Radar,16,32,34,0,82,0,0,64,0,64,16,32,98,0,146,44,0,44,190
05/14/2019,GRB,WI,AGL,CE,Combined TRACON& Tower with Radar,16,29,44,0,89,0,1,47,0,48,16,30,91,0,137,18,0,18,155
05/15/2019,GRB,WI,AGL,CE,Combined TRACON& Tower with Radar,15,27,40,0,82,0,0,51,0,51,15,27,91,0,133,28,0,28,161
05/16/2019,GRB,WI,AGL,CE,Combined TRACON& Tower with Radar,16,27,27,3,73,0,0,18,3,21,16,27,45,6,94,26,0,26,120
05/17/2019,GRB,WI,AGL,CE,Combined TRACON& Tower with Radar,18,26,32,0,76,0,0,37,0,37,18,26,69,0,113,34,0,34,147
05/18/2019,GRB,WI,AGL,CE,Combined TRACON& Tower with Radar,10,19,17,0,46,0,0,2,0,2,10,19,19,0,48,6,0,6,54
05/19/2019,GRB,WI,AGL,CE,Combined TRACON& Tower with Radar,15,21,17,0,53,0,0,0,0,0,15,21,17,0,53,0,0,0,53
05/20/2019,GRB,WI,AGL,CE,Combined TRACON& Tower with Radar,14,26,26,0,66,0,0,34,0,34,14,26,60,0,100,24,0,24,124
05/21/2019,GRB,WI,AGL,CE,Combined TRACON& Tower with Radar,18,28,51,0,97,0,0,38,0,38,18,28,89,0,135,0,0,0,135
05/22/2019,GRB,WI,AGL,CE,Combined TRACON& Tower with Radar,16,32,43,0,91,0,0,11,0,11,16,32,54,0,102,34,0,34,136
05/23/2019,GRB,WI,AGL,CE,Combined TRACON& Tower with Radar,18,25,53,6,102,0,0,26,2,28,18,25,79,8,130,22,0,22,152
05/24/2019,GRB,WI,AGL,CE,Combined TRACON& Tower with Radar,16,29,25,0,70,0,0,4,0,4,16,29,29,0,74,32,0,32,106
05/25/2019,GRB,WI,AGL,CE,Combined TRACON& Tower with Radar,8,17,15,2,42,0,0,14,0,14,8,17,29,2,56,0,0,0,56
05/26/2019,GRB,WI,AGL,CE,Combined TRACON& Tower with Radar,10,17,13,0,40,0,0,39,0,39,10,17,52,0,79,0,0,0,79
05/27/2019,GRB,WI,AGL,CE,Combined TRACON& Tower with Radar,13,19,15,0,47,0,0,6,0,6,13,19,21,0,53,16,0,16,69
05/28/2019,GRB,WI,AGL,CE,Combined TRACON& Tower with Radar,15,28,44,10,97,0,0,11,0,11,15,28,55,10,108,36,0,36,144
05/29/2019,GRB,WI,AGL,CE,Combined TRACON& Tower with Radar,16,24,38,6,84,0,0,41,0,41,16,24,79,6,125,36,6,42,167
05/30/2019,GRB,WI,AGL,CE,Combined TRACON& Tower with Radar,18,30,47,0,95,0,0,49,2,51,18,30,96,2,146,16,0,16,162
05/31/2019,GRB,WI,AGL,CE,Combined TRACON& Tower with Radar,16,26,27,0,69,0,0,32,0,32,16,26,59,0,101,6,0,6,107
06/01/2019,GRB,WI,AGL,CE,Combined TRACON& Tower with Radar,10,20,13,0,43,0,0,13,0,13,10,20,26,0,56,32,0,32,88
06/02/2019,GRB,WI,AGL,CE,Combined TRACON& Tower with Radar,16,23,24,0,63,0,0,62,0,62,16,23,86,0,125,64,0,64,189
06/03/2019,GRB,WI,AGL,CE,Combined TRACON& Tower with Radar,16,27,39,0,82,0,0,36,0,36,16,27,75,0,118,96,0,96,214
06/04/2019,GRB,WI,AGL,CE,Combined TRACON& Tower with Radar,18,30,37,0,85,0,0,24,0,24,18,30,61,0,109,46,0,46,155
06/05/2019,GRB,WI,AGL,CE,Combined TRACON& Tower with Radar,16,31,39,2,88,0,0,12,0,12,16,31,51,2,100,58,0,58,158
06/06/2019,GRB,WI,AGL,CE,Combined TRACON& Tower with Radar,18,29,32,2,81,0,0,60,0,60,18,29,92,2,141,50,0,50,191
06/07/2019,GRB,WI,AGL,CE,Combined TRACON& Tower with Radar,18,29,39,0,86,0,0,61,0,61,18,29,100,0,147,18,0,18,165
06/08/2019,GRB,WI,AGL,CE,Combined TRACON& Tower with Radar,14,19,23,0,56,0,0,43,2,45,14,19,66,2,101,52,0,52,153
06/09/2019,GRB,WI,AGL,CE,Combined TRACON& Tower with Radar,22,25,18,0,65,0,0,9,0,9,22,25,27,0,74,30,0,30,104
06/10/2019,GRB,WI,AGL,CE,Combined TRACON& Tower with Radar,22,20,20,2,64,0,0,33,0,33,22,20,53,2,97,50,0,50,147
06/11/2019,GRB,WI,AGL,CE,Combined TRACON& Tower with Radar,21,23,46,14,104,0,0,56,0,56,21,23,102,14,160,44,12,56,216
06/12/2019,GRB,WI,AGL,CE,Combined TRACON& Tower with Radar,20,20,26,0,66,0,0,0,0,0,20,20,26,0,66,0,12,12,78
06/13/2019,GRB,WI,AGL,CE,Combined TRACON& Tower with Radar,24,21,34,10,89,0,1,36,0,37,24,22,70,10,126,22,4,26,152
06/14/2019,GRB,WI,AGL,CE,Combined TRACON& Tower with Radar,26,22,19,0,67,0,0,3,0,3,26,22,22,0,70,38,0,38,108
06/15/2019,GRB,WI,AGL,CE,Combined TRACON& Tower with Radar,14,19,20,0,53,0,0,13,0,13,14,19,33,0,66,0,0,0,66
06/16/2019,GRB,WI,AGL,CE,Combined TRACON& Tower with Radar,24,18,13,0,55,0,0,21,0,21,24,18,34,0,76,42,0,42,118
06/17/2019,GRB,WI,AGL,CE,Combined TRACON& Tower with Radar,25,24,36,10,95,0,0,59,1,60,25,24,95,11,155,102,20,122,277
06/18/2019,GRB,WI,AGL,CE,Combined TRACON& Tower with Radar,22,21,37,9,89,0,0,27,1,28,22,21,64,10,117,48,8,56,173
06/19/2019,GRB,WI,AGL,CE,Combined TRACON& Tower with Radar,20,26,46,8,100,0,0,27,4,31,20,26,73,12,131,24,0,24,155
06/20/2019,GRB,WI,AGL,CE,Combined TRACON& Tower with Radar,28,29,49,1,107,0,0,40,1,41,28,29,89,2,148,42,0,42,190
06/21/2019,GRB,WI,AGL,CE,Combined TRACON& Tower with Radar,26,28,38,3,95,0,1,55,0,56,26,29,93,3,151,54,0,54,205
06/22/2019,GRB,WI,AGL,CE,Combined TRACON& Tower with Radar,14,19,20,0,53,0,0,38,4,42,14,19,58,4,95,0,0,0,95
06/23/2019,GRB,WI,AGL,CE,Combined TRACON& Tower with Radar,22,15,10,0,47,0,0,2,3,5,22,15,12,3,52,14,0,14,66
06/24/2019,GRB,WI,AGL,CE,Combined TRACON& Tower with Radar,23,19,19,3,64,0,0,0,0,0,23,19,19,3,64,52,0,52,116
06/25/2019,GRB,WI,AGL,CE,Combined TRACON& Tower with Radar,22,22,28,5,77,0,1,70,2,73,22,23,98,7,150,54,0,54,204
06/26/2019,GRB,WI,AGL,CE,Combined TRACON& Tower with Radar,20,24,40,0,84,0,2,48,4,54,20,26,88,4,138,84,0,84,222
06/27/2019,GRB,WI,AGL,CE,Combined TRACON& Tower with Radar,24,21,41,8,94,0,0,43,1,44,24,21,84,9,138,14,6,20,158
06/28/2019,GRB,WI,AGL,CE,Combined TRACON& Tower with Radar,22,17,37,0,76,0,0,22,1,23,22,17,59,1,99,86,0,86,185
06/29/2019,GRB,WI,AGL,CE,Combined TRACON& Tower with Radar,14,16,11,1,42,0,2,40,2,44,14,18,51,3,86,52,0,52,138
06/30/2019,GRB,WI,AGL,CE,Combined TRACON& Tower with Radar,16,11,9,0,36,0,0,16,1,17,16,11,25,1,53,82,0,82,135
07/01/2019,GRB,WI,AGL,CE,Combined TRACON& Tower with Radar,16,24,20,0,60,0,0,26,0,26,16,24,46,0,86,54,0,54,140
07/02/2019,GRB,WI,AGL,CE,Combined TRACON& Tower with Radar,15,22,31,0,68,0,0,14,0,14,15,22,45,0,82,18,0,18,100
07/03/2019,GRB,WI,AGL,CE,Combined TRACON& Tower with Radar,14,21,26,2,63,0,1,44,0,45,14,22,70,2,108,54,0,54,162
07/04/2019,GRB,WI,AGL,CE,Combined TRACON& Tower with Radar,15,16,11,0,42,0,0,10,0,10,15,16,21,0,52,16,0,16,68
07/05/2019,GRB,WI,AGL,CE,Combined TRACON& Tower with Radar,18,16,8,0,42,0,1,26,0,27,18,17,34,0,69,48,0,48,117
07/06/2019,GRB,WI,AGL,CE,Combined TRACON& Tower with Radar,12,18,17,0,47,0,0,25,0,25,12,18,42,0,72,64,0,64,136
07/07/2019,GRB,WI,AGL,CE,Combined TRACON& Tower with Radar,24,22,26,0,72,0,0,63,0,63,24,22,89,0,135,54,0,54,189
07/08/2019,GRB,WI,AGL,CE,Combined TRACON& Tower with Radar,21,19,33,1,74,0,0,67,1,68,21,19,100,2,142,50,0,50,192
07/09/2019,GRB,WI,AGL,CE,Combined TRACON& Tower with Radar,25,28,44,14,111,0,0,52,0,52,25,28,96,14,163,56,0,56,219
07/10/2019,GRB,WI,AGL,CE,Combined TRACON& Tower with Radar,22,24,34,12,92,0,2,28,4,34,22,26,62,16,126,30,4,34,160
07/11/2019,GRB,WI,AGL,CE,Combined TRACON& Tower with Radar,22,22,34,0,78,0,0,42,0,42,22,22,76,0,120,44,0,44,164
07/12/2019,GRB,WI,AGL,CE,Combined TRACON& Tower with Radar,23,21,32,0,76,0,1,53,0,54,23,22,85,0,130,66,0,66,196
07/13/2019,GRB,WI,AGL,CE,Combined TRACON& Tower with Radar,14,21,12,0,47,0,0,45,0,45,14,21,57,0,92,42,0,42,134
07/14/2019,GRB,WI,AGL,CE,Combined TRACON& Tower with Radar,21,20,15,0,56,0,0,34,0,34,21,20,49,0,90,36,0,36,126
07/15/2019,GRB,WI,AGL,CE,Combined TRACON& Tower with Radar,23,24,21,0,68,0,0,22,0,22,23,24,43,0,90,30,0,30,120
07/16/2019,GRB,WI,AGL,CE,Combined TRACON& Tower with Radar,24,20,48,6,98,0,0,54,0,54,24,20,102,6,152,32,0,32,184
07/17/2019,GRB,WI,AGL,CE,Combined TRACON& Tower with Radar,18,20,42,8,88,0,0,10,0,10,18,20,52,8,98,60,0,60,158
07/18/2019,GRB,WI,AGL,CE,Combined TRACON& Tower with Radar,20,16,37,0,73,0,0,29,0,29,20,16,66,0,102,68,0,68,170
07/19/2019,GRB,WI,AGL,CE,Combined TRACON& Tower with Radar,21,20,47,0,88,0,0,52,0,52,21,20,99,0,140,44,0,44,184
07/20/2019,GRB,WI,AGL,CE,Combined TRACON& Tower with Radar,11,15,18,1,45,0,0,11,0,11,11,15,29,1,56,0,0,0,56
07/21/2019,GRB,WI,AGL,CE,Combined TRACON& Tower with Radar,23,14,61,1,99,0,0,72,0,72,23,14,133,1,171,0,0,0,171
07/22/2019,GRB,WI,AGL,CE,Combined TRACON& Tower with Radar,21,19,53,0,93,0,0,48,0,48,21,19,101,0,141,0,0,0,141
07/23/2019,GRB,WI,AGL,CE,Combined TRACON& Tower with Radar,24,24,58,0,106,0,0,46,0,46,24,24,104,0,152,0,0,0,152
07/24/2019,GRB,WI,AGL,CE,Combined TRACON& Tower with Radar,24,21,88,0,133,0,2,66,0,68,24,23,154,0,201,20,0,20,221
07/25/2019,GRB,WI,AGL,CE,Combined TRACON& Tower with Radar,24,27,89,0,140,0,0,44,2,46,24,27,133,2,186,18,0,18,204
07/26/2019,GRB,WI,AGL,CE,Combined TRACON& Tower with Radar,22,23,70,0,115,0,0,30,1,31,22,23,100,1,146,0,0,0,146
07/27/2019,GRB,WI,AGL,CE,Combined TRACON& Tower with Radar,12,26,55,0,93,0,1,37,2,40,12,27,92,2,133,20,0,20,153
07/28/2019,GRB,WI,AGL,CE,Combined TRACON& Tower with Radar,26,20,59,0,105,0,0,35,1,36,26,20,94,1,141,0,0,0,141
07/29/2019,GRB,WI,AGL,CE,Combined TRACON& Tower with Radar,24,19,37,0,80,0,0,48,0,48,24,19,85,0,128,44,0,44,172
07/30/2019,GRB,WI,AGL,CE,Combined TRACON& Tower with Radar,23,28,32,0,83,0,1,51,0,52,23,29,83,0,135,58,0,58,193
07/31/2019,GRB,WI,AGL,CE,Combined TRACON& Tower with Radar,22,27,23,0,72,0,0,49,0,49,22,27,72,0,121,72,0,72,193
08/01/2019,GRB,WI,AGL,CE,Combined TRACON& Tower with Radar,26,29,35,0,90,0,1,55,2,58,26,30,90,2,148,80,0,80,228
08/02/2019,GRB,WI,AGL,CE,Combined TRACON& Tower with Radar,22,21,31,1,75,0,0,44,0,44,22,21,75,1,119,84,0,84,203
08/03/2019,GRB,WI,AGL,CE,Combined TRACON& Tower with Radar,12,27,26,2,67,0,0,33,0,33,12,27,59,2,100,40,0,40,140
08/04/2019,GRB,WI,AGL,CE,Combined TRACON& Tower with Radar,28,17,35,1,81,0,0,41,0,41,28,17,76,1,122,68,0,68,190
08/05/2019,GRB,WI,AGL,CE,Combined TRACON& Tower with Radar,23,24,23,0,70,0,0,9,0,9,23,24,32,0,79,10,0,10,89
08/06/2019,GRB,WI,AGL,CE,Combined TRACON& Tower with Radar,24,23,32,0,79,0,0,52,0,52,24,23,84,0,131,26,0,26,157
08/07/2019,GRB,WI,AGL,CE,Combined TRACON& Tower with Radar,22,27,32,5,86,0,0,30,0,30,22,27,62,5,116,36,4,40,156
08/08/2019,GRB,WI,AGL,CE,Combined TRACON& Tower with Radar,24,20,45,4,93,0,0,46,2,48,24,20,91,6,141,58,0,58,199
08/09/2019,GRB,WI,AGL,CE,Combined TRACON& Tower with Radar,22,22,37,1,82,0,0,62,1,63,22,22,99,2,145,34,0,34,179
08/10/2019,GRB,WI,AGL,CE,Combined TRACON& Tower with Radar,14,18,12,0,44,0,0,28,0,28,14,18,40,0,72,30,0,30,102
08/11/2019,GRB,WI,AGL,CE,Combined TRACON& Tower with Radar,28,17,22,0,67,0,0,15,0,15,28,17,37,0,82,0,0,0,82
08/12/2019,GRB,WI,AGL,CE,Combined TRACON& Tower with Radar,22,23,32,14,91,0,0,14,0,14,22,23,46,14,105,72,0,72,177
08/13/2019,GRB,WI,AGL,CE,Combined TRACON& Tower with Radar,25,20,38,0,83,0,0,42,0,42,25,20,80,0,125,48,0,48,173
08/14/2019,GRB,WI,AGL,CE,Combined TRACON& Tower with Radar,28,19,45,0,92,0,0,36,0,36,28,19,81,0,128,34,0,34,162
08/15/2019,GRB,WI,AGL,CE,Combined TRACON& Tower with Radar,26,18,38,0,82,0,0,41,0,41,26,18,79,0,123,0,0,0,123
08/16/2019,GRB,WI,AGL,CE,Combined TRACON& Tower with Radar,22,26,27,0,75,0,0,12,0,12,22,26,39,0,87,42,0,42,129
08/17/2019,GRB,WI,AGL,CE,Combined TRACON& Tower with Radar,14,20,17,0,51,0,0,45,0,45,14,20,62,0,96,44,0,44,140
08/18/2019,GRB,WI,AGL,CE,Combined TRACON& Tower with Radar,25,19,13,0,57,0,0,7,0,7,25,19,20,0,64,8,0,8,72
08/19/2019,GRB,WI,AGL,CE,Combined TRACON& Tower with Radar,23,17,37,0,77,0,0,56,2,58,23,17,93,2,135,54,0,54,189
08/20/2019,GRB,WI,AGL,CE,Combined TRACON& Tower with Radar,24,13,44,10,91,0,0,30,2,32,24,13,74,12,123,60,32,92,215
08/21/2019,GRB,WI,AGL,CE,Combined TRACON& Tower with Radar,24,21,45,11,101,0,0,40,0,40,24,21,85,11,141,52,8,60,201
08/22/2019,GRB,WI,AGL,CE,Combined TRACON& Tower with Radar,24,22,39,0,85,0,0,44,0,44,24,22,83,0,129,80,0,80,209
08/23/2019,GRB,WI,AGL,CE,Combined TRACON& Tower with Radar,24,22,27,0,73,0,0,51,0,51,24,22,78,0,124,68,0,68,192
08/24/2019,GRB,WI,AGL,CE,Combined TRACON& Tower with Radar,17,22,17,2,58,0,0,54,0,54,17,22,71,2,112,82,0,82,194
08/25/2019,GRB,WI,AGL,CE,Combined TRACON& Tower with Radar,25,15,30,0,70,0,0,24,0,24,25,15,54,0,94,8,0,8,102
08/26/2019,GRB,WI,AGL,CE,Combined TRACON& Tower with Radar,24,21,14,0,59,0,0,0,0,0,24,21,14,0,59,0,0,0,59
08/27/2019,GRB,WI,AGL,CE,Combined TRACON& Tower with Radar,22,23,38,2,85,0,0,12,0,12,22,23,50,2,97,8,0,8,105
08/28/2019,GRB,WI,AGL,CE,Combined TRACON& Tower with Radar,20,27,33,1,81,0,0,14,1,15,20,27,47,2,96,0,0,0,96
08/29/2019,GRB,WI,AGL,CE,Combined TRACON& Tower with Radar,24,28,46,0,98,0,0,20,2,22,24,28,66,2,120,18,0,18,138
08/30/2019,GRB,WI,AGL,CE,Combined TRACON& Tower with Radar,22,22,16,0,60,0,0,48,0,48,22,22,64,0,108,46,0,46,154
08/31/2019,GRB,WI,AGL,CE,Combined TRACON& Tower with Radar,11,12,10,0,33,0,0,32,0,32,11,12,42,0,65,0,0,0,65
09/01/2019,GRB,WI,AGL,CE,Combined TRACON& Tower with Radar,16,10,7,0,33,0,0,15,0,15,16,10,22,0,48,0,0,0,48
09/02/2019,GRB,WI,AGL,CE,Combined TRACON& Tower with Radar,16,17,20,0,53,0,0,28,0,28,16,17,48,0,81,0,0,0,81
09/03/2019,GRB,WI,AGL,CE,Combined TRACON& Tower with Radar,20,23,16,0,59,0,0,0,0,0,20,23,16,0,59,0,0,0,59
09/04/2019,GRB,WI,AGL,CE,Combined TRACON& Tower with Radar,24,23,39,0,86,0,0,16,0,16,24,23,55,0,102,76,0,76,178
09/05/2019,GRB,WI,AGL,CE,Combined TRACON& Tower with Radar,23,22,28,0,73,0,0,10,0,10,23,22,38,0,83,24,0,24,107
09/06/2019,GRB,WI,AGL,CE,Combined TRACON& Tower with Radar,22,24,26,39,111,0,0,14,0,14,22,24,40,39,125,16,24,40,165
09/07/2019,GRB,WI,AGL,CE,Combined TRACON& Tower with Radar,14,21,20,0,55,0,0,40,0,40,14,21,60,0,95,18,0,18,113
09/08/2019,GRB,WI,AGL,CE,Combined TRACON& Tower with Radar,26,18,42,0,86,0,0,32,0,32,26,18,74,0,118,18,0,18,136
09/09/2019,GRB,WI,AGL,CE,Combined TRACON& Tower with Radar,26,25,27,5,83,0,0,17,0,17,26,25,44,5,100,70,0,70,170
09/10/2019,GRB,WI,AGL,CE,Combined TRACON& Tower with Radar,24,28,37,2,91,0,0,16,0,16,24,28,53,2,107,36,0,36,143
09/11/2019,GRB,WI,AGL,CE,Combined TRACON& Tower with Radar,27,26,25,0,78,0,0,1,0,1,27,26,26,0,79,0,0,0,79
09/12/2019,GRB,WI,AGL,CE,Combined TRACON& Tower with Radar,27,29,33,0,89,0,0,0,0,0,27,29,33,0,89,0,0,0,89
09/13/2019,GRB,WI,AGL,CE,Combined TRACON& Tower with Radar,24,24,26,0,74,0,0,5,0,5,24,24,31,0,79,6,0,6,85
09/14/2019,GRB,WI,AGL,CE,Combined TRACON& Tower with Radar,19,26,42,0,87,0,0,60,0,60,19,26,102,0,147,0,0,0,147
09/15/2019,GRB,WI,AGL,CE,Combined TRACON& Tower with Radar,30,56,157,1,244,0,0,18,1,19,30,56,175,2,263,0,0,0,263
09/16/2019,GRB,WI,AGL,CE,Combined TRACON& Tower with Radar,37,16,40,5,98,0,0,23,0,23,37,16,63,5,121,26,4,30,151
09/17/2019,GRB,WI,AGL,CE,Combined TRACON& Tower with Radar,24,29,30,0,83,0,0,38,0,38,24,29,68,0,121,32,0,32,153
09/18/2019,GRB,WI,AGL,CE,Combined TRACON& Tower with Radar,22,25,24,2,73,0,0,37,0,37,22,25,61,2,110,24,0,24,134
09/19/2019,GRB,WI,AGL,CE,Combined TRACON& Tower with Radar,30,25,19,8,82,0,0,7,0,7,30,25,26,8,89,4,0,4,93
09/20/2019,GRB,WI,AGL,CE,Combined TRACON& Tower with Radar,24,22,18,0,64,0,0,17,0,17,24,22,35,0,81,12,0,12,93
09/21/2019,GRB,WI,AGL,CE,Combined TRACON& Tower with Radar,24,26,26,0,76,0,0,4,0,4,24,26,30,0,80,22,0,22,102
09/22/2019,GRB,WI,AGL,CE,Combined TRACON& Tower with Radar,32,30,122,2,186,0,0,3,1,4,32,30,125,3,190,0,0,0,190
09/23/2019,GRB,WI,AGL,CE,Combined TRACON& Tower with Radar,35,19,31,2,87,0,2,35,0,37,35,21,66,2,124,0,0,0,124
09/24/2019,GRB,WI,AGL,CE,Combined TRACON& Tower with Radar,24,28,37,2,91,0,0,32,0,32,24,28,69,2,123,68,10,78,201
09/25/2019,GRB,WI,AGL,CE,Combined TRACON& Tower with Radar,24,35,43,6,108,0,0,13,0,13,24,35,56,6,121,14,0,14,135
09/26/2019,GRB,WI,AGL,CE,Combined TRACON& Tower with Radar,32,55,130,0,217,0,0,48,0,48,32,55,178,0,265,12,0,12,277
09/27/2019,GRB,WI,AGL,CE,Combined TRACON& Tower with Radar,27,29,60,0,116,0,0,9,0,9,27,29,69,0,125,16,0,16,141
09/28/2019,GRB,WI,AGL,CE,Combined TRACON& Tower with Radar,16,21,16,0,53,0,0,33,0,33,16,21,49,0,86,0,0,0,86
09/29/2019,GRB,WI,AGL,CE,Combined TRACON& Tower with Radar,26,16,17,0,59,0,0,2,0,2,26,16,19,0,61,0,0,0,61
09/30/2019,GRB,WI,AGL,CE,Combined TRACON& Tower with Radar,26,23,22,0,71,0,0,8,0,8,26,23,30,0,79,0,0,0,79
10/01/2019,GRB,WI,AGL,CE,Combined TRACON& Tower with Radar,28,23,24,0,75,0,0,0,0,0,28,23,24,0,75,0,0,0,75
10/02/2019,GRB,WI,AGL,CE,Combined TRACON& Tower with Radar,23,25,43,0,91,0,0,1,0,1,23,25,44,0,92,0,0,0,92
10/03/2019,GRB,WI,AGL,CE,Combined TRACON& Tower with Radar,26,28,30,0,84,0,0,7,0,7,26,28,37,0,91,0,0,0,91
10/04/2019,GRB,WI,AGL,CE,Combined TRACON& Tower with Radar,24,22,25,0,71,0,0,40,0,40,24,22,65,0,111,0,0,0,111
10/05/2019,GRB,WI,AGL,CE,Combined TRACON& Tower with Radar,27,19,22,0,68,0,0,0,0,0,27,19,22,0,68,0,0,0,68
10/06/2019,GRB,WI,AGL,CE,Combined TRACON& Tower with Radar,33,14,21,0,68,0,0,5,0,5,33,14,26,0,73,0,0,0,73
10/07/2019,GRB,WI,AGL,CE,Combined TRACON& Tower with Radar,28,12,15,0,55,0,0,53,0,53,28,12,68,0,108,82,0,82,190
10/08/2019,GRB,WI,AGL,CE,Combined TRACON& Tower with Radar,30,16,30,2,78,0,0,44,2,46,30,16,74,4,124,66,0,66,190
10/09/2019,GRB,WI,AGL,CE,Combined TRACON& Tower with Radar,31,16,36,8,91,0,0,46,4,50,31,16,82,12,141,54,10,64,205
10/10/2019,GRB,WI,AGL,CE,Combined TRACON& Tower with Radar,33,12,42,2,89,0,0,22,3,25,33,12,64,5,114,0,0,0,114
10/11/2019,GRB,WI,AGL,CE,Combined TRACON& Tower with Radar,30,16,34,0,80,0,0,0,0,0,30,16,34,0,80,0,0,0,80
10/12/2019,GRB,WI,AGL,CE,Combined TRACON& Tower with Radar,21,18,5,0,44,0,0,5,2,7,21,18,10,2,51,0,0,0,51
10/13/2019,GRB,WI,AGL,CE,Combined TRACON& Tower with Radar,30,13,16,0,59,0,0,2,0,2,30,13,18,0,61,0,0,0,61
10/14/2019,GRB,WI,AGL,CE,Combined TRACON& Tower with Radar,35,35,136,0,206,0,0,52,0,52,35,35,188,0,258,10,0,10,268
10/15/2019,GRB,WI,AGL,CE,Combined TRACON& Tower with Radar,33,22,47,6,108,0,0,5,2,7,33,22,52,8,115,22,0,22,137
10/16/2019,GRB,WI,AGL,CE,Combined TRACON& Tower with Radar,28,18,36,0,82,0,0,6,0,6,28,18,42,0,88,0,0,0,88
10/17/2019,GRB,WI,AGL,CE,Combined TRACON& Tower with Radar,33,14,44,1,92,0,0,46,1,47,33,14,90,2,139,12,0,12,151
10/18/2019,GRB,WI,AGL,CE,Combined TRACON& Tower with Radar,29,26,36,1,92,0,0,39,0,39,29,26,75,1,131,24,0,24,155
10/19/2019,GRB,WI,AGL,CE,Combined TRACON& Tower with Radar,27,18,38,9,92,0,0,25,1,26,27,18,63,10,118,6,0,6,124
10/20/2019,GRB,WI,AGL,CE,Combined TRACON& Tower with Radar,34,37,108,3,182,0,0,27,3,30,34,37,135,6,212,6,0,6,218
10/21/2019,GRB,WI,AGL,CE,Combined TRACON& Tower with Radar,33,14,24,4,75,0,0,2,0,2,33,14,26,4,77,4,0,4,81
10/22/2019,GRB,WI,AGL,CE,Combined TRACON& Tower with Radar,30,22,37,1,90,0,0,2,0,2,30,22,39,1,92,10,0,10,102
10/23/2019,GRB,WI,AGL,CE,Combined TRACON& Tower with Radar,28,16,40,9,93,0,0,21,0,21,28,16,61,9,114,24,6,30,144
10/24/2019,GRB,WI,AGL,CE,Combined TRACON& Tower with Radar,31,20,71,0,122,0,0,41,0,41,31,20,112,0,163,14,4,18,181
10/25/2019,GRB,WI,AGL,CE,Combined TRACON& Tower with Radar,29,19,28,1,77,0,0,58,1,59,29,19,86,2,136,36,0,36,172
10/26/2019,GRB,WI,AGL,CE,Combined TRACON& Tower with Radar,20,19,9,0,48,0,0,38,0,38,20,19,47,0,86,20,0,20,106
10/27/2019,GRB,WI,AGL,CE,Combined TRACON& Tower with Radar,26,13,39,0,78,0,0,40,0,40,26,13,79,0,118,60,0,60,178
10/28/2019,GRB,WI,AGL,CE,Combined TRACON& Tower with Radar,23,16,27,1,67,0,0,34,1,35,23,16,61,2,102,6,0,6,108
10/29/2019,GRB,WI,AGL,CE,Combined TRACON& Tower with Radar,24,15,15,9,63,0,0,35,3,38,24,15,50,12,101,40,0,40,141
10/30/2019,GRB,WI,AGL,CE,Combined TRACON& Tower with Radar,28,15,47,0,90,0,0,30,2,32,28,15,77,2,122,0,0,0,122
10/31/2019,GRB,WI,AGL,CE,Combined TRACON& Tower with Radar,22,22,37,0,81,0,0,0,0,0,22,22,37,0,81,0,0,0,81
11/01/2019,GRB,WI,AGL,CE,Combined TRACON& Tower with Radar,24,25,25,0,74,0,0,14,2,16,24,25,39,2,90,36,0,36,126
11/02/2019,GRB,WI,AGL,CE,Combined TRACON& Tower with Radar,15,15,20,0,50,0,0,7,0,7,15,15,27,0,57,20,0,20,77
11/03/2019,GRB,WI,AGL,CE,Combined TRACON& Tower with Radar,35,11,18,0,64,0,0,31,0,31,35,11,49,0,95,26,0,26,121
11/04/2019,GRB,WI,AGL,CE,Combined TRACON& Tower with Radar,26,16,11,0,53,0,0,3,0,3,26,16,14,0,56,14,0,14,70
11/05/2019,GRB,WI,AGL,CE,Combined TRACON& Tower with Radar,27,18,31,10,86,0,0,19,0,19,27,18,50,10,105,26,6,32,137
11/06/2019,GRB,WI,AGL,CE,Combined TRACON& Tower with Radar,29,18,28,0,75,0,0,5,0,5,29,18,33,0,80,32,10,42,122
11/07/2019,GRB,WI,AGL,CE,Combined TRACON& Tower with Radar,28,17,37,0,82,0,0,25,0,25,28,17,62,0,107,17,0,17,124
11/08/2019,GRB,WI,AGL,CE,Combined TRACON& Tower with Radar,27,26,30,0,83,0,0,50,1,51,27,26,80,1,134,28,10,38,172
11/09/2019,GRB,WI,AGL,CE,Combined TRACON& Tower with Radar,25,16,26,1,68,0,0,42,0,42,25,16,68,1,110,44,0,44,154
11/10/2019,GRB,WI,AGL,CE,Combined TRACON& Tower with Radar,34,50,112,1,197,0,0,7,3,10,34,50,119,4,207,20,0,20,227
11/11/2019,GRB,WI,AGL,CE,Combined TRACON& Tower with Radar,27,9,28,0,64,0,1,13,0,14,27,10,41,0,78,0,0,0,78
11/12/2019,GRB,WI,AGL,CE,Combined TRACON& Tower with Radar,28,16,34,6,84,0,1,35,0,36,28,17,69,6,120,0,0,0,120
11/13/2019,GRB,WI,AGL,CE,Combined TRACON& Tower with Radar,25,20,25,0,70,0,0,0,0,0,25,20,25,0,70,0,0,0,70
11/14/2019,GRB,WI,AGL,CE,Combined TRACON& Tower with Radar,27,18,42,5,92,0,0,35,6,41,27,18,77,11,133,18,16,34,167
11/15/2019,GRB,WI,AGL,CE,Combined TRACON& Tower with Radar,29,18,34,9,90,0,0,44,3,47,29,18,78,12,137,22,0,22,159
11/16/2019,GRB,WI,AGL,CE,Combined TRACON& Tower with Radar,18,15,16,2,51,0,0,31,0,31,18,15,47,2,82,52,0,52,134
11/17/2019,GRB,WI,AGL,CE,Combined TRACON& Tower with Radar,35,13,25,0,73,0,0,2,0,2,35,13,27,0,75,40,0,40,115
11/18/2019,GRB,WI,AGL,CE,Combined TRACON& Tower with Radar,25,15,11,0,51,0,0,1,0,1,25,15,12,0,52,0,0,0,52
11/19/2019,GRB,WI,AGL,CE,Combined TRACON& Tower with Radar,31,20,28,1,80,0,0,3,0,3,31,20,31,1,83,20,0,20,103
11/20/2019,GRB,WI,AGL,CE,Combined TRACON& Tower with Radar,27,17,20,3,67,0,0,9,3,12,27,17,29,6,79,0,0,0,79
11/21/2019,GRB,WI,AGL,CE,Combined TRACON& Tower with Radar,30,20,27,0,77,0,0,0,0,0,30,20,27,0,77,12,0,12,89
11/22/2019,GRB,WI,AGL,CE,Combined TRACON& Tower with Radar,27,22,40,1,90,0,0,34,0,34,27,22,74,1,124,42,0,42,166
11/23/2019,GRB,WI,AGL,CE,Combined TRACON& Tower with Radar,25,9,20,0,54,0,2,52,0,54,25,11,72,0,108,50,0,50,158
11/24/2019,GRB,WI,AGL,CE,Combined TRACON& Tower with Radar,25,6,15,1,47,0,0,29,0,29,25,6,44,1,76,42,0,42,118
11/25/2019,GRB,WI,AGL,CE,Combined TRACON& Tower with Radar,25,14,32,5,76,0,2,50,1,53,25,16,82,6,129,53,0,53,182
11/26/2019,GRB,WI,AGL,CE,Combined TRACON& Tower with Radar,26,19,26,7,78,0,0,22,4,26,26,19,48,11,104,36,8,44,148
11/27/2019,GRB,WI,AGL,CE,Combined TRACON& Tower with Radar,22,15,8,0,45,0,0,0,0,0,22,15,8,0,45,0,0,0,45
11/28/2019,GRB,WI,AGL,CE,Combined TRACON& Tower with Radar,15,3,5,0,23,0,0,7,0,7,15,3,12,0,30,0,0,0,30
11/29/2019,GRB,WI,AGL,CE,Combined TRACON& Tower with Radar,17,10,12,0,39,0,0,3,0,3,17,10,15,0,42,0,0,0,42
11/30/2019,GRB,WI,AGL,CE,Combined TRACON& Tower with Radar,27,17,4,0,48,0,0,0,0,0,27,17,4,0,48,0,0,0,48
12/01/2019,GRB,WI,AGL,CE,Combined TRACON& Tower with Radar,31,9,7,0,47,0,0,0,0,0,31,9,7,0,47,0,0,0,47
12/02/2019,GRB,WI,AGL,CE,Combined TRACON& Tower with Radar,28,13,17,0,58,0,0,36,0,36,28,13,53,0,94,14,0,14,108
12/03/2019,GRB,WI,AGL,CE,Combined TRACON& Tower with Radar,24,18,31,0,73,0,0,12,0,12,24,18,43,0,85,82,0,82,167
12/04/2019,GRB,WI,AGL,CE,Combined TRACON& Tower with Radar,24,20,27,0,71,0,0,12,0,12,24,20,39,0,83,12,0,12,95
12/05/2019,GRB,WI,AGL,CE,Combined TRACON& Tower with Radar,27,17,30,8,82,0,0,37,0,37,27,17,67,8,119,36,10,46,165
12/06/2019,GRB,WI,AGL,CE,Combined TRACON& Tower with Radar,26,13,38,11,88,0,0,33,2,35,26,13,71,13,123,24,6,30,153
12/07/2019,GRB,WI,AGL,CE,Combined TRACON& Tower with Radar,20,19,21,0,60,0,2,35,2,39,20,21,56,2,99,50,0,50,149
12/08/2019,GRB,WI,AGL,CE,Combined TRACON& Tower with Radar,30,26,96,0,152,0,0,9,2,11,30,26,105,2,163,18,12,30,193
12/09/2019,GRB,WI,AGL,CE,Combined TRACON& Tower with Radar,32,12,20,4,68,0,0,0,0,0,32,12,20,4,68,0,0,0,68
12/10/2019,GRB,WI,AGL,CE,Combined TRACON& Tower with Radar,25,20,44,6,95,0,0,20,0,20,25,20,64,6,115,44,0,44,159
12/11/2019,GRB,WI,AGL,CE,Combined TRACON& Tower with Radar,27,15,43,1,86,0,0,17,0,17,27,15,60,1,103,4,0,4,107
12/12/2019,GRB,WI,AGL,CE,Combined TRACON& Tower with Radar,29,20,27,0,76,0,0,0,0,0,29,20,27,0,76,0,0,0,76
12/13/2019,GRB,WI,AGL,CE,Combined TRACON& Tower with Radar,27,14,17,0,58,0,0,5,1,6,27,14,22,1,64,0,0,0,64
12/14/2019,GRB,WI,AGL,CE,Combined TRACON& Tower with Radar,22,18,13,0,53,0,0,0,0,0,22,18,13,0,53,0,0,0,53
12/15/2019,GRB,WI,AGL,CE,Combined TRACON& Tower with Radar,30,44,142,1,217,0,0,26,1,27,30,44,168,2,244,0,0,0,244
12/16/2019,GRB,WI,AGL,CE,Combined TRACON& Tower with Radar,31,11,27,3,72,0,2,16,0,18,31,13,43,3,90,68,0,68,158
12/17/2019,GRB,WI,AGL,CE,Combined TRACON& Tower with Radar,30,19,40,6,95,0,0,4,0,4,30,19,44,6,99,26,0,26,125
12/18/2019,GRB,WI,AGL,CE,Combined TRACON& Tower with Radar,23,23,20,2,68,0,0,19,2,21,23,23,39,4,89,10,4,14,103
12/19/2019,GRB,WI,AGL,CE,Combined TRACON& Tower with Radar,23,21,30,2,76,0,0,28,2,30,23,21,58,4,106,0,0,0,106
12/20/2019,GRB,WI,AGL,CE,Combined TRACON& Tower with Radar,20,27,21,0,68,0,0,0,0,0,20,27,21,0,68,20,0,20,88
12/21/2019,GRB,WI,AGL,CE,Combined TRACON& Tower with Radar,12,29,11,0,52,0,1,31,0,32,12,30,42,0,84,48,0,48,132
12/22/2019,GRB,WI,AGL,CE,Combined TRACON& Tower with Radar,18,20,17,0,55,0,0,36,0,36,18,20,53,0,91,30,0,30,121
12/23/2019,GRB,WI,AGL,CE,Combined TRACON& Tower with Radar,12,31,10,0,53,0,0,29,0,29,12,31,39,0,82,104,2,106,188
12/24/2019,GRB,WI,AGL,CE,Combined TRACON& Tower with Radar,11,15,2,0,28,0,0,0,0,0,11,15,2,0,28,0,0,0,28
12/25/2019,GRB,WI,AGL,CE,Combined TRACON& Tower with Radar,1,1,2,0,4,0,0,0,0,0,1,1,2,0,4,0,0,0,4
12/26/2019,GRB,WI,AGL,CE,Combined TRACON& Tower with Radar,12,33,17,0,62,0,0,0,0,0,12,33,17,0,62,0,0,0,62
12/27/2019,GRB,WI,AGL,CE,Combined TRACON& Tower with Radar,12,26,31,1,70,0,0,12,1,13,12,26,43,2,83,24,0,24,107
12/28/2019,GRB,WI,AGL,CE,Combined TRACON& Tower with Radar,14,28,13,0,55,0,0,6,0,6,14,28,19,0,61,8,0,8,69
12/29/2019,GRB,WI,AGL,CE,Combined TRACON& Tower with Radar,19,26,8,0,53,0,0,0,0,0,19,26,8,0,53,0,0,0,53
12/30/2019,GRB,WI,AGL,CE,Combined TRACON& Tower with Radar,9,21,16,0,46,0,0,0,0,0,9,21,16,0,46,0,0,0,46
12/31/2019,GRB,WI,AGL,CE,Combined TRACON& Tower with Radar,11,23,11,0,45,0,0,4,0,4,11,23,15,0,49,22,0,22,71
01/01/2020,GRB,WI,AGL,CE,Combined TRACON& Tower with Radar,8,15,17,0,40,0,0,18,0,18,8,15,35,0,58,8,0,8,66
01/02/2020,GRB,WI,AGL,CE,Combined TRACON& Tower with Radar,14,30,24,0,68,0,0,14,0,14,14,30,38,0,82,12,0,12,94
01/03/2020,GRB,WI,AGL,CE,Combined TRACON& Tower with Radar,14,29,15,3,61,0,1,6,1,8,14,30,21,4,69,6,0,6,75
01/04/2020,GRB,WI,AGL,CE,Combined TRACON& Tower with Radar,11,25,16,0,52,0,2,21,0,23,11,27,37,0,75,20,0,20,95
01/05/2020,GRB,WI,AGL,CE,Combined TRACON& Tower with Radar,13,27,8,0,48,0,0,2,0,2,13,27,10,0,50,16,0,16,66
01/06/2020,GRB,WI,AGL,CE,Combined TRACON& Tower with Radar,19,22,19,0,60,0,0,22,0,22,19,22,41,0,82,0,0,0,82
01/07/2020,GRB,WI,AGL,CE,Combined TRACON& Tower with Radar,23,23,9,2,57,0,2,12,0,14,23,25,21,2,71,0,0,0,71
01/08/2020,GRB,WI,AGL,CE,Combined TRACON& Tower with Radar,17,25,39,0,81,0,0,41,0,41,17,25,80,0,122,2,0,2,124
01/09/2020,GRB,WI,AGL,CE,Combined TRACON& Tower with Radar,17,26,22,0,65,0,0,1,0,1,17,26,23,0,66,18,2,20,86
01/10/2020,GRB,WI,AGL,CE,Combined TRACON& Tower with Radar,17,29,33,5,84,0,0,16,0,16,17,29,49,5,100,22,0,22,122
01/11/2020,GRB,WI,AGL,CE,Combined TRACON& Tower with Radar,24,12,13,1,50,0,0,3,0,3,24,12,16,1,53,0,0,0,53
01/12/2020,GRB,WI,AGL,CE,Combined TRACON& Tower with Radar,23,43,98,0,164,0,0,8,0,8,23,43,106,0,172,0,0,0,172
01/13/2020,GRB,WI,AGL,CE,Combined TRACON& Tower with Radar,18,36,40,0,94,0,0,0,0,0,18,36,40,0,94,0,0,0,94
01/14/2020,GRB,WI,AGL,CE,Combined TRACON& Tower with Radar,19,30,20,0,69,0,0,0,0,0,19,30,20,0,69,0,0,0,69
01/15/2020,GRB,WI,AGL,CE,Combined TRACON& Tower with Radar,17,27,25,0,69,0,0,7,0,7,17,27,32,0,76,0,0,0,76
01/16/2020,GRB,WI,AGL,CE,Combined TRACON& Tower with Radar,18,26,29,0,73,0,0,22,1,23,18,26,51,1,96,40,0,40,136
01/17/2020,GRB,WI,AGL,CE,Combined TRACON& Tower with Radar,12,23,21,0,56,0,0,15,0,15,12,23,36,0,71,14,0,14,85
01/18/2020,GRB,WI,AGL,CE,Combined TRACON& Tower with Radar,18,12,7,0,37,0,0,0,0,0,18,12,7,0,37,0,0,0,37
01/19/2020,GRB,WI,AGL,CE,Combined TRACON& Tower with Radar,22,11,18,0,51,0,0,9,0,9,22,11,27,0,60,12,0,12,72
01/20/2020,GRB,WI,AGL,CE,Combined TRACON& Tower with Radar,16,26,31,0,73,0,0,35,0,35,16,26,66,0,108,74,0,74,182
01/21/2020,GRB,WI,AGL,CE,Combined TRACON& Tower with Radar,19,31,37,6,93,0,0,25,0,25,19,31,62,6,118,46,12,58,176
01/22/2020,GRB,WI,AGL,CE,Combined TRACON& Tower with Radar,17,31,30,0,78,0,0,3,0,3,17,31,33,0,81,6,8,14,95
01/23/2020,GRB,WI,AGL,CE,Combined TRACON& Tower with Radar,21,22,26,0,69,0,0,0,0,0,21,22,26,0,69,0,0,0,69
01/24/2020,GRB,WI,AGL,CE,Combined TRACON& Tower with Radar,15,27,15,0,57,0,0,0,0,0,15,27,15,0,57,0,0,0,57
01/25/2020,GRB,WI,AGL,CE,Combined TRACON& Tower with Radar,23,11,8,0,42,0,0,0,0,0,23,11,8,0,42,0,0,0,42
01/26/2020,GRB,WI,AGL,CE,Combined TRACON& Tower with Radar,19,21,14,8,62,0,0,4,0,4,19,21,18,8,66,48,0,48,114
01/27/2020,GRB,WI,AGL,CE,Combined TRACON& Tower with Radar,15,23,35,0,73,0,0,22,0,22,15,23,57,0,95,28,0,28,123
01/28/2020,GRB,WI,AGL,CE,Combined TRACON& Tower with Radar,20,29,25,1,75,0,0,2,3,5,20,29,27,4,80,6,0,6,86
01/29/2020,GRB,WI,AGL,CE,Combined TRACON& Tower with Radar,19,30,30,0,79,0,0,1,0,1,19,30,31,0,80,0,0,0,80
01/30/2020,GRB,WI,AGL,CE,Combined TRACON& Tower with Radar,18,28,30,2,78,0,0,10,2,12,18,28,40,4,90,68,0,68,158
01/31/2020,GRB,WI,AGL,CE,Combined TRACON& Tower with Radar,16,30,14,0,60,0,0,5,1,6,16,30,19,1,66,28,0,28,94
02/01/2020,GRB,WI,AGL,CE,Combined TRACON& Tower with Radar,21,10,17,0,48,0,0,0,0,0,21,10,17,0,48,0,0,0,48
02/02/2020,GRB,WI,AGL,CE,Combined TRACON& Tower with Radar,25,16,15,0,56,0,0,13,0,13,25,16,28,0,69,20,0,20,89
02/03/2020,GRB,WI,AGL,CE,Combined TRACON& Tower with Radar,14,24,32,0,70,0,0,29,0,29,14,24,61,0,99,90,0,90,189
02/04/2020,GRB,WI,AGL,CE,Combined TRACON& Tower with Radar,20,24,26,0,70,0,0,22,2,24,20,24,48,2,94,26,0,26,120
02/05/2020,GRB,WI,AGL,CE,Combined TRACON& Tower with Radar,17,25,51,2,95,0,0,28,2,30,17,25,79,4,125,70,0,70,195
02/06/2020,GRB,WI,AGL,CE,Combined TRACON& Tower with Radar,20,24,32,1,77,0,0,33,1,34,20,24,65,2,111,50,0,50,161
02/07/2020,GRB,WI,AGL,CE,Combined TRACON& Tower with Radar,18,23,30,3,74,0,0,17,1,18,18,23,47,4,92,14,12,26,118
02/08/2020,GRB,WI,AGL,CE,Combined TRACON& Tower with Radar,23,10,16,2,51,0,0,22,0,22,23,10,38,2,73,56,0,56,129
02/09/2020,GRB,WI,AGL,CE,Combined TRACON& Tower with Radar,16,13,1,0,30,0,0,0,0,0,16,13,1,0,30,0,0,0,30
02/10/2020,GRB,WI,AGL,CE,Combined TRACON& Tower with Radar,16,31,19,0,66,0,0,33,0,33,16,31,52,0,99,64,0,64,163
02/11/2020,GRB,WI,AGL,CE,Combined TRACON& Tower with Radar,20,29,18,0,67,0,0,20,0,20,20,29,38,0,87,44,0,44,131
02/12/2020,GRB,WI,AGL,CE,Combined TRACON& Tower with Radar,19,31,27,0,77,0,0,17,2,19,19,31,44,2,96,6,0,6,102
02/13/2020,GRB,WI,AGL,CE,Combined TRACON& Tower with Radar,16,28,28,5,77,0,0,8,0,8,16,28,36,5,85,0,0,0,85
02/14/2020,GRB,WI,AGL,CE,Combined TRACON& Tower with Radar,11,28,20,0,59,0,0,10,0,10,11,28,30,0,69,0,0,0,69
02/15/2020,GRB,WI,AGL,CE,Combined TRACON& Tower with Radar,21,16,17,0,54,0,0,11,0,11,21,16,28,0,65,0,0,0,65
02/16/2020,GRB,WI,AGL,CE,Combined TRACON& Tower with Radar,20,11,13,0,44,0,0,25,1,26,20,11,38,1,70,28,0,28,98
02/17/2020,GRB,WI,AGL,CE,Combined TRACON& Tower with Radar,12,26,23,0,61,0,0,12,0,12,12,26,35,0,73,6,0,6,79
02/18/2020,GRB,WI,AGL,CE,Combined TRACON& Tower with Radar,14,35,33,0,82,0,1,19,0,20,14,36,52,0,102,0,0,0,102
02/19/2020,GRB,WI,AGL,CE,Combined TRACON& Tower with Radar,14,29,26,0,69,0,0,26,0,26,14,29,52,0,95,0,0,0,95
02/20/2020,GRB,WI,AGL,CE,Combined TRACON& Tower with Radar,17,22,40,6,85,0,2,32,0,34,17,24,72,6,119,44,6,50,169
02/21/2020,GRB,WI,AGL,CE,Combined TRACON& Tower with Radar,13,26,30,0,69,0,0,23,2,25,13,26,53,2,94,16,0,16,110
02/22/2020,GRB,WI,AGL,CE,Combined TRACON& Tower with Radar,20,10,30,0,60,0,1,44,0,45,20,11,74,0,105,28,0,28,133
02/23/2020,GRB,WI,AGL,CE,Combined TRACON& Tower with Radar,14,23,18,0,55,0,0,41,0,41,14,23,59,0,96,40,0,40,136
02/24/2020,GRB,WI,AGL,CE,Combined TRACON& Tower with Radar,12,26,30,1,69,0,0,31,0,31,12,26,61,1,100,26,0,26,126
02/25/2020,GRB,WI,AGL,CE,Combined TRACON& Tower with Radar,14,26,26,0,66,0,0,1,0,1,14,26,27,0,67,24,0,24,91
02/26/2020,GRB,WI,AGL,CE,Combined TRACON& Tower with Radar,12,30,38,0,80,0,0,3,2,5,12,30,41,2,85,44,0,44,129
02/27/2020,GRB,WI,AGL,CE,Combined TRACON& Tower with Radar,13,31,30,0,74,0,0,18,2,20,13,31,48,2,94,38,4,42,136
02/28/2020,GRB,WI,AGL,CE,Combined TRACON& Tower with Radar,16,31,23,8,78,0,0,35,0,35,16,31,58,8,113,0,8,8,121
02/29/2020,GRB,WI,AGL,CE,Combined TRACON& Tower with Radar,20,12,24,0,56,0,2,45,0,47,20,14,69,0,103,40,0,40,143
03/01/2020,GRB,WI,AGL,CE,Combined TRACON& Tower with Radar,14,23,25,1,63,0,0,27,0,27,14,23,52,1,90,22,0,22,112
03/02/2020,GRB,WI,AGL,CE,Combined TRACON& Tower with Radar,12,25,19,2,58,0,1,24,1,26,12,26,43,3,84,42,0,42,126
03/03/2020,GRB,WI,AGL,CE,Combined TRACON& Tower with Radar,15,30,18,0,63,0,0,3,0,3,15,30,21,0,66,0,0,0,66
03/04/2020,GRB,WI,AGL,CE,Combined TRACON& Tower with Radar,12,31,54,1,98,0,0,26,0,26,12,31,80,1,124,10,8,18,142
03/05/2020,GRB,WI,AGL,CE,Combined TRACON& Tower with Radar,20,23,28,0,71,0,0,4,0,4,20,23,32,0,75,0,0,0,75
03/06/2020,GRB,WI,AGL,CE,Combined TRACON& Tower with Radar,16,25,27,0,68,0,0,30,0,30,16,25,57,0,98,44,0,44,142
03/07/2020,GRB,WI,AGL,CE,Combined TRACON& Tower with Radar,24,12,17,0,53,0,2,30,0,32,24,14,47,0,85,0,0,0,85
03/08/2020,GRB,WI,AGL,CE,Combined TRACON& Tower with Radar,20,15,20,0,55,0,0,15,1,16,20,15,35,1,71,0,0,0,71
03/09/2020,GRB,WI,AGL,CE,Combined TRACON& Tower with Radar,20,25,10,0,55,0,1,8,0,9,20,26,18,0,64,0,0,0,64
03/10/2020,GRB,WI,AGL,CE,Combined TRACON& Tower with Radar,20,23,33,0,76,0,1,48,2,51,20,24,81,2,127,0,0,0,127
03/11/2020,GRB,WI,AGL,CE,Combined TRACON& Tower with Radar,19,24,15,0,58,0,0,0,0,0,19,24,15,0,58,6,0,6,64
03/12/2020,GRB,WI,AGL,CE,Combined TRACON& Tower with Radar,27,20,26,0,73,0,0,1,0,1,27,20,27,0,74,0,0,0,74
03/13/2020,GRB,WI,AGL,CE,Combined TRACON& Tower with Radar,19,20,10,0,49,0,0,3,2,5,19,20,13,2,54,0,0,0,54
03/14/2020,GRB,WI,AGL,CE,Combined TRACON& Tower with Radar,20,18,8,0,46,0,0,42,0,42,20,18,50,0,88,86,0,86,174
03/15/2020,GRB,WI,AGL,CE,Combined TRACON& Tower with Radar,24,18,20,0,62,0,0,42,0,42,24,18,62,0,104,60,0,60,164
03/16/2020,GRB,WI,AGL,CE,Combined TRACON& Tower with Radar,24,18,0,1,43,0,0,14,0,14,24,18,14,1,57,96,0,96,153
03/17/2020,GRB,WI,AGL,CE,Combined TRACON& Tower with Radar,24,22,19,1,66,0,0,32,0,32,24,22,51,1,98,0,0,0,98
03/18/2020,GRB,WI,AGL,CE,Combined TRACON& Tower with Radar,24,18,14,0,56,0,0,2,0,2,24,18,16,0,58,10,0,10,68
03/19/2020,GRB,WI,AGL,CE,Combined TRACON& Tower with Radar,25,18,18,0,61,0,0,1,0,1,25,18,19,0,62,0,0,0,62
03/20/2020,GRB,WI,AGL,CE,Combined TRACON& Tower with Radar,18,20,6,0,44,0,0,4,0,4,18,20,10,0,48,0,0,0,48
03/21/2020,GRB,WI,AGL,CE,Combined TRACON& Tower with Radar,19,14,10,0,43,0,0,45,0,45,19,14,55,0,88,16,0,16,104
03/22/2020,GRB,WI,AGL,CE,Combined TRACON& Tower with Radar,15,17,6,0,38,0,0,5,0,5,15,17,11,0,43,10,0,10,53
03/23/2020,GRB,WI,AGL,CE,Combined TRACON& Tower with Radar,16,17,7,0,40,0,0,9,2,11,16,17,16,2,51,18,0,18,69
03/24/2020,GRB,WI,AGL,CE,Combined TRACON& Tower with Radar,21,12,8,16,57,0,0,9,0,9,21,12,17,16,66,10,0,10,76
03/25/2020,GRB,WI,AGL,CE,Combined TRACON& Tower with Radar,15,8,3,0,26,0,0,1,0,1,15,8,4,0,27,0,0,0,27
03/26/2020,GRB,WI,AGL,CE,Combined TRACON& Tower with Radar,13,10,18,0,41,0,0,3,0,3,13,10,21,0,44,0,0,0,44
03/27/2020,GRB,WI,AGL,CE,Combined TRACON& Tower with Radar,11,11,11,0,33,0,0,1,0,1,11,11,12,0,34,0,0,0,34
03/28/2020,GRB,WI,AGL,CE,Combined TRACON& Tower with Radar,16,10,1,0,27,0,0,0,0,0,16,10,1,0,27,0,0,0,27
03/29/2020,GRB,WI,AGL,CE,Combined TRACON& Tower with Radar,20,10,0,0,30,0,0,0,0,0,20,10,0,0,30,0,0,0,30
03/30/2020,GRB,WI,AGL,CE,Combined TRACON& Tower with Radar,16,10,5,0,31,0,0,15,0,15,16,10,20,0,46,0,0,0,46
03/31/2020,GRB,WI,AGL,CE,Combined TRACON& Tower with Radar,21,9,7,0,37,0,0,0,0,0,21,9,7,0,37,0,0,0,37
04/01/2020,GRB,WI,AGL,CE,Combined TRACON& Tower with Radar,17,10,8,0,35,0,0,10,0,10,17,10,18,0,45,0,0,0,45
04/02/2020,GRB,WI,AGL,CE,Combined TRACON& Tower with Radar,14,12,11,0,37,0,0,36,0,36,14,12,47,0,73,0,0,0,73
04/03/2020,GRB,WI,AGL,CE,Combined TRACON& Tower with Radar,9,12,14,0,35,0,0,8,0,8,9,12,22,0,43,0,0,0,43
04/04/2020,GRB,WI,AGL,CE,Combined TRACON& Tower with Radar,8,2,2,0,12,0,1,9,0,10,8,3,11,0,22,0,0,0,22
04/05/2020,GRB,WI,AGL,CE,Combined TRACON& Tower with Radar,8,8,10,0,26,0,0,22,0,22,8,8,32,0,48,60,0,60,108
04/06/2020,GRB,WI,AGL,CE,Combined TRACON& Tower with Radar,9,3,8,0,20,0,0,20,0,20,9,3,28,0,40,0,0,0,40
04/07/2020,GRB,WI,AGL,CE,Combined TRACON& Tower with Radar,7,10,3,0,20,0,0,0,0,0,7,10,3,0,20,0,0,0,20
04/08/2020,GRB,WI,AGL,CE,Combined TRACON& Tower with Radar,9,8,4,0,21,0,0,14,0,14,9,8,18,0,35,10,0,10,45
04/09/2020,GRB,WI,AGL,CE,Combined TRACON& Tower with Radar,11,12,4,0,27,0,0,2,0,2,11,12,6,0,29,6,0,6,35
04/10/2020,GRB,WI,AGL,CE,Combined TRACON& Tower with Radar,10,12,15,0,37,0,0,14,0,14,10,12,29,0,51,0,0,0,51
04/11/2020,GRB,WI,AGL,CE,Combined TRACON& Tower with Radar,8,7,9,0,24,0,2,21,0,23,8,9,30,0,47,36,0,36,83
04/12/2020,GRB,WI,AGL,CE,Combined TRACON& Tower with Radar,12,2,3,0,17,0,0,0,0,0,12,2,3,0,17,0,0,0,17
04/13/2020,GRB,WI,AGL,CE,Combined TRACON& Tower with Radar,10,3,4,0,17,0,0,0,0,0,10,3,4,0,17,0,0,0,17
04/14/2020,GRB,WI,AGL,CE,Combined TRACON& Tower with Radar,7,12,8,2,29,0,0,0,0,0,7,12,8,2,29,0,0,0,29
04/15/2020,GRB,WI,AGL,CE,Combined TRACON& Tower with Radar,5,8,4,0,17,0,0,12,0,12,5,8,16,0,29,8,0,8,37
04/16/2020,GRB,WI,AGL,CE,Combined TRACON& Tower with Radar,7,8,7,2,24,0,0,22,0,22,7,8,29,2,46,0,0,0,46
04/17/2020,GRB,WI,AGL,CE,Combined TRACON& Tower with Radar,8,9,12,0,29,0,0,28,0,28,8,9,40,0,57,0,0,0,57
04/18/2020,GRB,WI,AGL,CE,Combined TRACON& Tower with Radar,5,4,4,0,13,0,0,4,0,4,5,4,8,0,17,0,0,0,17
04/19/2020,GRB,WI,AGL,CE,Combined TRACON& Tower with Radar,4,2,4,0,10,0,0,38,0,38,4,2,42,0,48,0,0,0,48
04/20/2020,GRB,WI,AGL,CE,Combined TRACON& Tower with Radar,6,4,6,0,16,0,0,5,0,5,6,4,11,0,21,0,0,0,21
04/21/2020,GRB,WI,AGL,CE,Combined TRACON& Tower with Radar,5,7,18,1,31,0,0,13,0,13,5,7,31,1,44,0,0,0,44
04/22/2020,GRB,WI,AGL,CE,Combined TRACON& Tower with Radar,6,7,2,0,15,0,0,4,0,4,6,7,6,0,19,0,0,0,19
04/23/2020,GRB,WI,AGL,CE,Combined TRACON& Tower with Radar,8,7,11,0,26,0,0,0,0,0,8,7,11,0,26,0,0,0,26
04/24/2020,GRB,WI,AGL,CE,Combined TRACON& Tower with Radar,7,10,11,4,32,0,2,25,0,27,7,12,36,4,59,6,6,12,71
04/25/2020,GRB,WI,AGL,CE,Combined TRACON& Tower with Radar,6,11,9,0,26,0,0,29,0,29,6,11,38,0,55,4,0,4,59
04/26/2020,GRB,WI,AGL,CE,Combined TRACON& Tower with Radar,9,5,7,0,21,0,0,28,0,28,9,5,35,0,49,10,0,10,59
04/27/2020,GRB,WI,AGL,CE,Combined TRACON& Tower with Radar,5,5,4,0,14,0,0,12,0,12,5,5,16,0,26,18,0,18,44
04/28/2020,GRB,WI,AGL,CE,Combined TRACON& Tower with Radar,6,6,10,0,22,0,0,0,0,0,6,6,10,0,22,0,0,0,22
04/29/2020,GRB,WI,AGL,CE,Combined TRACON& Tower with Radar,7,8,0,0,15,0,0,0,0,0,7,8,0,0,15,0,0,0,15
04/30/2020,GRB,WI,AGL,CE,Combined TRACON& Tower with Radar,8,6,13,0,27,0,0,13,0,13,8,6,26,0,40,0,0,0,40
05/01/2020,GRB,WI,AGL,CE,Combined TRACON& Tower with Radar,10,10,9,0,29,0,0,50,0,50,10,10,59,0,79,32,0,32,111
05/02/2020,GRB,WI,AGL,CE,Combined TRACON& Tower with Radar,4,10,14,0,28,0,0,9,0,9,4,10,23,0,37,32,0,32,69
05/03/2020,GRB,WI,AGL,CE,Combined TRACON& Tower with Radar,8,3,5,0,16,0,0,7,0,7,8,3,12,0,23,14,0,14,37
05/04/2020,GRB,WI,AGL,CE,Combined TRACON& Tower with Radar,6,4,21,0,31,0,0,33,0,33,6,4,54,0,64,28,0,28,92
05/05/2020,GRB,WI,AGL,CE,Combined TRACON& Tower with Radar,0,6,17,6,29,0,0,29,0,29,0,6,46,6,58,40,0,40,98
05/06/2020,GRB,WI,AGL,CE,Combined TRACON& Tower with Radar,2,6,12,2,22,0,0,52,0,52,2,6,64,2,74,34,0,34,108
05/07/2020,GRB,WI,AGL,CE,Combined TRACON& Tower with Radar,4,6,18,0,28,0,0,25,0,25,4,6,43,0,53,10,0,10,63
05/08/2020,GRB,WI,AGL,CE,Combined TRACON& Tower with Radar,2,8,18,0,28,0,0,16,0,16,2,8,34,0,44,0,0,0,44
05/09/2020,GRB,WI,AGL,CE,Combined TRACON& Tower with Radar,0,6,13,0,19,0,0,14,0,14,0,6,27,0,33,8,0,8,41
05/10/2020,GRB,WI,AGL,CE,Combined TRACON& Tower with Radar,2,4,2,0,8,0,0,1,0,1,2,4,3,0,9,0,0,0,9
05/11/2020,GRB,WI,AGL,CE,Combined TRACON& Tower with Radar,4,8,8,2,22,0,0,17,0,17,4,8,25,2,39,12,2,14,53
05/12/2020,GRB,WI,AGL,CE,Combined TRACON& Tower with Radar,0,8,27,0,35,0,0,34,2,36,0,8,61,2,71,4,0,4,75
05/13/2020,GRB,WI,AGL,CE,Combined TRACON& Tower with Radar,2,10,15,0,27,0,1,24,0,25,2,11,39,0,52,50,0,50,102
05/14/2020,GRB,WI,AGL,CE,Combined TRACON& Tower with Radar,2,9,17,0,28,0,0,8,0,8,2,9,25,0,36,34,0,34,70
05/15/2020,GRB,WI,AGL,CE,Combined TRACON& Tower with Radar,2,7,26,0,35,0,0,36,0,36,2,7,62,0,71,0,0,0,71
05/16/2020,GRB,WI,AGL,CE,Combined TRACON& Tower with Radar,0,5,14,0,19,0,0,29,0,29,0,5,43,0,48,0,0,0,48
05/17/2020,GRB,WI,AGL,CE,Combined TRACON& Tower with Radar,4,4,2,0,10,0,0,0,0,0,4,4,2,0,10,0,0,0,10
05/18/2020,GRB,WI,AGL,CE,Combined TRACON& Tower with Radar,4,9,11,0,24,0,0,0,0,0,4,9,11,0,24,0,0,0,24
05/19/2020,GRB,WI,AGL,CE,Combined TRACON& Tower with Radar,0,10,16,0,26,0,0,14,0,14,0,10,30,0,40,0,0,0,40
05/20/2020,GRB,WI,AGL,CE,Combined TRACON& Tower with Radar,2,6,24,4,36,0,1,72,0,73,2,7,96,4,109,14,2,16,125
05/21/2020,GRB,WI,AGL,CE,Combined TRACON& Tower with Radar,2,8,18,0,28,0,0,51,0,51,2,8,69,0,79,10,0,10,89
05/22/2020,GRB,WI,AGL,CE,Combined TRACON& Tower with Radar,2,9,16,0,27,0,1,30,0,31,2,10,46,0,58,14,0,14,72
05/23/2020,GRB,WI,AGL,CE,Combined TRACON& Tower with Radar,0,2,13,0,15,0,0,25,0,25,0,2,38,0,40,6,0,6,46
05/24/2020,GRB,WI,AGL,CE,Combined TRACON& Tower with Radar,2,7,27,0,36,0,0,2,0,2,2,7,29,0,38,0,0,0,38
05/25/2020,GRB,WI,AGL,CE,Combined TRACON& Tower with Radar,4,5,9,0,18,0,1,8,0,9,4,6,17,0,27,18,0,18,45
05/26/2020,GRB,WI,AGL,CE,Combined TRACON& Tower with Radar,2,11,24,0,37,0,0,43,0,43,2,11,67,0,80,42,0,42,122
05/27/2020,GRB,WI,AGL,CE,Combined TRACON& Tower with Radar,2,6,26,2,36,0,0,35,0,35,2,6,61,2,71,52,0,52,123
05/28/2020,GRB,WI,AGL,CE,Combined TRACON& Tower with Radar,2,12,33,0,47,0,0,0,0,0,2,12,33,0,47,12,0,12,59
05/29/2020,GRB,WI,AGL,CE,Combined TRACON& Tower with Radar,2,11,23,1,37,0,1,48,1,50,2,12,71,2,87,20,0,20,107
05/30/2020,GRB,WI,AGL,CE,Combined TRACON& Tower with Radar,0,7,19,0,26,0,0,26,0,26,0,7,45,0,52,8,0,8,60
05/31/2020,GRB,WI,AGL,CE,Combined TRACON& Tower with Radar,2,6,20,2,30,0,0,42,0,42,2,6,62,2,72,24,0,24,96
06/01/2020,GRB,WI,AGL,CE,Combined TRACON& Tower with Radar,4,12,12,0,28,0,2,24,0,26,4,14,36,0,54,4,0,4,58
06/02/2020,GRB,WI,AGL,CE,Combined TRACON& Tower with Radar,0,9,19,1,29,0,1,37,1,39,0,10,56,2,68,0,0,0,68
06/03/2020,GRB,WI,AGL,CE,Combined TRACON& Tower with Radar,2,10,14,0,26,0,0,33,2,35,2,10,47,2,61,0,0,0,61
06/04/2020,GRB,WI,AGL,CE,Combined TRACON& Tower with Radar,2,8,19,10,39,0,0,54,0,54,2,8,73,10,93,0,0,0,93
06/05/2020,GRB,WI,AGL,CE,Combined TRACON& Tower with Radar,2,11,22,0,35,0,0,27,0,27,2,11,49,0,62,0,0,0,62
06/06/2020,GRB,WI,AGL,CE,Combined TRACON& Tower with Radar,0,4,18,0,22,0,0,39,0,39,0,4,57,0,61,16,0,16,77
06/07/2020,GRB,WI,AGL,CE,Combined TRACON& Tower with Radar,2,4,13,0,19,0,0,14,0,14,2,4,27,0,33,0,0,0,33
06/08/2020,GRB,WI,AGL,CE,Combined TRACON& Tower with Radar,4,8,18,4,34,0,1,42,2,45,4,9,60,6,79,0,0,0,79
06/09/2020,GRB,WI,AGL,CE,Combined TRACON& Tower with Radar,0,9,12,1,22,0,2,29,1,32,0,11,41,2,54,0,0,0,54
06/10/2020,GRB,WI,AGL,CE,Combined TRACON& Tower with Radar,2,11,15,0,28,0,0,9,0,9,2,11,24,0,37,0,0,0,37
06/11/2020,GRB,WI,AGL,CE,Combined TRACON& Tower with Radar,2,10,22,0,34,0,0,17,0,17,2,10,39,0,51,0,0,0,51
06/12/2020,GRB,WI,AGL,CE,Combined TRACON& Tower with Radar,6,18,31,6,61,0,0,26,0,26,6,18,57,6,87,0,0,0,87
06/13/2020,GRB,WI,AGL,CE,Combined TRACON& Tower with Radar,3,5,14,0,22,0,0,32,0,32,3,5,46,0,54,0,0,0,54
06/14/2020,GRB,WI,AGL,CE,Combined TRACON& Tower with Radar,4,7,11,0,22,0,0,35,0,35,4,7,46,0,57,12,0,12,69
06/15/2020,GRB,WI,AGL,CE,Combined TRACON& Tower with Radar,6,9,20,0,35,0,2,39,2,43,6,11,59,2,78,28,0,28,106
06/16/2020,GRB,WI,AGL,CE,Combined TRACON& Tower with Radar,4,10,35,2,51,0,1,54,0,55,4,11,89,2,106,26,0,26,132
06/17/2020,GRB,WI,AGL,CE,Combined TRACON& Tower with Radar,4,8,20,8,40,0,0,51,0,51,4,8,71,8,91,26,0,26,117
06/18/2020,GRB,WI,AGL,CE,Combined TRACON& Tower with Radar,4,9,20,2,35,0,0,44,0,44,4,9,64,2,79,32,0,32,111
06/19/2020,GRB,WI,AGL,CE,Combined TRACON& Tower with Radar,4,7,18,0,29,0,0,39,0,39,4,7,57,0,68,26,0,26,94
06/20/2020,GRB,WI,AGL,CE,Combined TRACON& Tower with Radar,2,7,6,2,17,0,0,0,0,0,2,7,6,2,17,0,0,0,17
06/21/2020,GRB,WI,AGL,CE,Combined TRACON& Tower with Radar,4,7,7,0,18,0,0,24,0,24,4,7,31,0,42,0,0,0,42
06/22/2020,GRB,WI,AGL,CE,Combined TRACON& Tower with Radar,6,10,5,9,30,0,0,4,0,4,6,10,9,9,34,0,0,0,34
06/23/2020,GRB,WI,AGL,CE,Combined TRACON& Tower with Radar,2,14,21,8,45,0,2,35,0,37,2,16,56,8,82,0,0,0,82
06/24/2020,GRB,WI,AGL,CE,Combined TRACON& Tower with Radar,4,12,19,6,41,0,1,30,2,33,4,13,49,8,74,0,0,0,74
06/25/2020,GRB,WI,AGL,CE,Combined TRACON& Tower with Radar,4,11,22,6,43,0,1,11,2,14,4,12,33,8,57,0,0,0,57
06/26/2020,GRB,WI,AGL,CE,Combined TRACON& Tower with Radar,4,10,17,6,37,0,0,27,1,28,4,10,44,7,65,0,0,0,65
06/27/2020,GRB,WI,AGL,CE,Combined TRACON& Tower with Radar,1,8,17,0,26,0,0,36,0,36,1,8,53,0,62,0,0,0,62
06/28/2020,GRB,WI,AGL,CE,Combined TRACON& Tower with Radar,4,8,22,0,34,0,0,30,0,30,4,8,52,0,64,0,0,0,64
06/29/2020,GRB,WI,AGL,CE,Combined TRACON& Tower with Radar,4,13,9,0,26,0,0,19,0,19,4,13,28,0,45,0,0,0,45
06/30/2020,GRB,WI,AGL,CE,Combined TRACON& Tower with Radar,0,15,34,0,49,0,0,51,4,55,0,15,85,4,104,0,0,0,104
07/01/2020,GRB,WI,AGL,CE,Combined TRACON& Tower with Radar,2,12,34,0,48,0,0,60,0,60,2,12,94,0,108,50,0,50,158
07/02/2020,GRB,WI,AGL,CE,Combined TRACON& Tower with Radar,9,13,27,0,49,0,0,42,0,42,9,13,69,0,91,10,0,10,101
07/03/2020,GRB,WI,AGL,CE,Combined TRACON& Tower with Radar,8,10,18,0,36,0,0,37,0,37,8,10,55,0,73,0,0,0,73
07/04/2020,GRB,WI,AGL,CE,Combined TRACON& Tower with Radar,6,4,7,0,17,0,0,20,0,20,6,4,27,0,37,0,0,0,37
07/05/2020,GRB,WI,AGL,CE,Combined TRACON& Tower with Radar,12,8,11,0,31,0,0,25,0,25,12,8,36,0,56,0,0,0,56
07/06/2020,GRB,WI,AGL,CE,Combined TRACON& Tower with Radar,11,11,29,0,51,0,0,23,0,23,11,11,52,0,74,0,0,0,74
07/07/2020,GRB,WI,AGL,CE,Combined TRACON& Tower with Radar,13,8,11,4,36,0,0,36,0,36,13,8,47,4,72,38,0,38,110
07/08/2020,GRB,WI,AGL,CE,Combined TRACON& Tower with Radar,14,10,16,0,40,0,0,42,0,42,14,10,58,0,82,0,0,0,82
07/09/2020,GRB,WI,AGL,CE,Combined TRACON& Tower with Radar,20,10,15,0,45,0,0,15,0,15,20,10,30,0,60,0,0,0,60
07/10/2020,GRB,WI,AGL,CE,Combined TRACON& Tower with Radar,13,14,32,0,59,0,0,21,0,21,13,14,53,0,80,0,0,0,80
07/11/2020,GRB,WI,AGL,CE,Combined TRACON& Tower with Radar,14,12,14,0,40,0,0,27,0,27,14,12,41,0,67,0,0,0,67
07/12/2020,GRB,WI,AGL,CE,Combined TRACON& Tower with Radar,17,12,22,0,51,1,1,22,0,24,18,13,44,0,75,0,0,0,75
07/13/2020,GRB,WI,AGL,CE,Combined TRACON& Tower with Radar,18,10,26,14,68,0,0,60,0,60,18,10,86,14,128,0,0,0,128
07/14/2020,GRB,WI,AGL,CE,Combined TRACON& Tower with Radar,14,11,11,2,38,0,0,26,0,26,14,11,37,2,64,0,0,0,64
07/15/2020,GRB,WI,AGL,CE,Combined TRACON& Tower with Radar,14,9,36,0,59,0,0,15,0,15,14,9,51,0,74,14,0,14,88
07/16/2020,GRB,WI,AGL,CE,Combined TRACON& Tower with Radar,18,13,35,0,66,0,0,54,0,54,18,13,89,0,120,0,0,0,120
07/17/2020,GRB,WI,AGL,CE,Combined TRACON& Tower with Radar,14,10,38,3,65,0,0,53,1,54,14,10,91,4,119,0,0,0,119
07/18/2020,GRB,WI,AGL,CE,Combined TRACON& Tower with Radar,16,7,7,0,30,0,0,3,0,3,16,7,10,0,33,0,0,0,33
07/19/2020,GRB,WI,AGL,CE,Combined TRACON& Tower with Radar,18,13,11,0,42,0,0,11,0,11,18,13,22,0,53,0,0,0,53
07/20/2020,GRB,WI,AGL,CE,Combined TRACON& Tower with Radar,16,11,31,2,60,0,0,64,0,64,16,11,95,2,124,0,0,0,124
07/21/2020,GRB,WI,AGL,CE,Combined TRACON& Tower with Radar,14,10,22,2,48,0,0,30,1,31,14,10,52,3,79,0,0,0,79
07/22/2020,GRB,WI,AGL,CE,Combined TRACON& Tower with Radar,14,9,35,0,58,0,0,39,0,39,14,9,74,0,97,0,0,0,97
07/23/2020,GRB,WI,AGL,CE,Combined TRACON& Tower with Radar,18,12,43,0,73,0,0,31,0,31,18,12,74,0,104,0,0,0,104
07/24/2020,GRB,WI,AGL,CE,Combined TRACON& Tower with Radar,14,11,27,0,52,0,0,69,0,69,14,11,96,0,121,0,0,0,121
07/25/2020,GRB,WI,AGL,CE,Combined TRACON& Tower with Radar,14,6,15,0,35,0,0,31,0,31,14,6,46,0,66,34,0,34,100
07/26/2020,GRB,WI,AGL,CE,Combined TRACON& Tower with Radar,17,10,10,0,37,0,0,7,0,7,17,10,17,0,44,14,0,14,58
07/27/2020,GRB,WI,AGL,CE,Combined TRACON& Tower with Radar,16,10,23,0,49,0,0,36,0,36,16,10,59,0,85,0,0,0,85
07/28/2020,GRB,WI,AGL,CE,Combined TRACON& Tower with Radar,14,13,30,4,61,0,0,48,1,49,14,13,78,5,110,8,0,8,118
07/29/2020,GRB,WI,AGL,CE,Combined TRACON& Tower with Radar,14,12,47,1,74,0,1,64,0,65,14,13,111,1,139,8,0,8,147
07/30/2020,GRB,WI,AGL,CE,Combined TRACON& Tower with Radar,20,16,35,2,73,0,0,33,0,33,20,16,68,2,106,24,0,24,130
07/31/2020,GRB,WI,AGL,CE,Combined TRACON& Tower with Radar,14,10,45,1,70,0,0,61,1,62,14,10,106,2,132,0,0,0,132
08/01/2020,GRB,WI,AGL,CE,Combined TRACON& Tower with Radar,14,13,25,0,52,0,0,33,0,33,14,13,58,0,85,0,0,0,85
08/02/2020,GRB,WI,AGL,CE,Combined TRACON& Tower with Radar,20,13,18,0,51,0,0,2,0,2,20,13,20,0,53,0,0,0,53
08/03/2020,GRB,WI,AGL,CE,Combined TRACON& Tower with Radar,20,14,19,0,53,0,0,14,0,14,20,14,33,0,67,0,0,0,67
08/04/2020,GRB,WI,AGL,CE,Combined TRACON& Tower with Radar,18,13,24,3,58,0,0,35,1,36,18,13,59,4,94,0,0,0,94
08/05/2020,GRB,WI,AGL,CE,Combined TRACON& Tower with Radar,18,10,42,5,75,0,0,56,2,58,18,10,98,7,133,0,0,0,133
08/06/2020,GRB,WI,AGL,CE,Combined TRACON& Tower with Radar,20,14,25,4,63,0,0,54,3,57,20,14,79,7,120,0,0,0,120
08/07/2020,GRB,WI,AGL,CE,Combined TRACON& Tower with Radar,18,12,19,4,53,0,0,51,0,51,18,12,70,4,104,0,0,0,104
08/08/2020,GRB,WI,AGL,CE,Combined TRACON& Tower with Radar,16,8,13,0,37,0,0,4,0,4,16,8,17,0,41,0,0,0,41
08/09/2020,GRB,WI,AGL,CE,Combined TRACON& Tower with Radar,20,8,14,0,42,0,0,15,0,15,20,8,29,0,57,0,0,0,57
08/10/2020,GRB,WI,AGL,CE,Combined TRACON& Tower with Radar,22,15,28,0,65,0,0,12,1,13,22,15,40,1,78,0,0,0,78
08/11/2020,GRB,WI,AGL,CE,Combined TRACON& Tower with Radar,20,11,36,6,73,0,0,63,0,63,20,11,99,6,136,20,6,26,162
08/12/2020,GRB,WI,AGL,CE,Combined TRACON& Tower with Radar,18,12,24,6,60,0,0,84,0,84,18,12,108,6,144,46,0,46,190
08/13/2020,GRB,WI,AGL,CE,Combined TRACON& Tower with Radar,20,19,23,0,62,0,0,61,0,61,20,19,84,0,123,78,0,78,201
08/14/2020,GRB,WI,AGL,CE,Combined TRACON& Tower with Radar,18,15,20,0,53,0,0,77,0,77,18,15,97,0,130,14,0,14,144
08/15/2020,GRB,WI,AGL,CE,Combined TRACON& Tower with Radar,18,16,11,0,45,0,0,12,0,12,18,16,23,0,57,18,0,18,75
08/16/2020,GRB,WI,AGL,CE,Combined TRACON& Tower with Radar,22,10,33,0,65,0,0,53,0,53,22,10,86,0,118,0,0,0,118
08/17/2020,GRB,WI,AGL,CE,Combined TRACON& Tower with Radar,17,10,22,0,49,0,0,40,0,40,17,10,62,0,89,0,0,0,89
08/18/2020,GRB,WI,AGL,CE,Combined TRACON& Tower with Radar,16,10,43,0,69,0,0,68,0,68,16,10,111,0,137,7,0,7,144
08/19/2020,GRB,WI,AGL,CE,Combined TRACON& Tower with Radar,17,12,38,1,68,0,0,61,0,61,17,12,99,1,129,0,0,0,129
08/20/2020,GRB,WI,AGL,CE,Combined TRACON& Tower with Radar,22,13,26,0,61,0,1,37,0,38,22,14,63,0,99,0,0,0,99
08/21/2020,GRB,WI,AGL,CE,Combined TRACON& Tower with Radar,18,18,25,1,62,0,0,53,0,53,18,18,78,1,115,26,0,26,141
08/22/2020,GRB,WI,AGL,CE,Combined TRACON& Tower with Radar,18,9,8,0,35,0,0,8,1,9,18,9,16,1,44,30,0,30,74
08/23/2020,GRB,WI,AGL,CE,Combined TRACON& Tower with Radar,22,8,6,0,36,0,0,14,0,14,22,8,20,0,50,0,0,0,50
08/24/2020,GRB,WI,AGL,CE,Combined TRACON& Tower with Radar,17,13,19,3,52,0,0,29,1,30,17,13,48,4,82,80,0,80,162
08/25/2020,GRB,WI,AGL,CE,Combined TRACON& Tower with Radar,16,10,27,0,53,0,0,39,0,39,16,10,66,0,92,0,0,0,92
08/26/2020,GRB,WI,AGL,CE,Combined TRACON& Tower with Radar,19,16,26,0,61,0,0,43,0,43,19,16,69,0,104,0,0,0,104
08/27/2020,GRB,WI,AGL,CE,Combined TRACON& Tower with Radar,18,18,22,10,68,0,0,17,0,17,18,18,39,10,85,0,0,0,85
08/28/2020,GRB,WI,AGL,CE,Combined TRACON& Tower with Radar,18,14,13,0,45,0,0,9,0,9,18,14,22,0,54,0,0,0,54
08/29/2020,GRB,WI,AGL,CE,Combined TRACON& Tower with Radar,16,8,12,0,36,0,1,17,0,18,16,9,29,0,54,0,0,0,54
08/30/2020,GRB,WI,AGL,CE,Combined TRACON& Tower with Radar,20,6,20,0,46,0,0,35,0,35,20,6,55,0,81,20,0,20,101
08/31/2020,GRB,WI,AGL,CE,Combined TRACON& Tower with Radar,17,9,4,0,30,0,0,3,0,3,17,9,7,0,33,16,0,16,49
09/01/2020,GRB,WI,AGL,CE,Combined TRACON& Tower with Radar,16,10,36,0,62,0,1,60,0,61,16,11,96,0,123,0,0,0,123
09/02/2020,GRB,WI,AGL,CE,Combined TRACON& Tower with Radar,18,14,19,0,51,0,0,21,2,23,18,14,40,2,74,14,0,14,88
09/03/2020,GRB,WI,AGL,CE,Combined TRACON& Tower with Radar,22,15,12,3,52,0,0,9,1,10,22,15,21,4,62,12,0,12,74
09/04/2020,GRB,WI,AGL,CE,Combined TRACON& Tower with Radar,20,12,23,0,55,0,0,36,0,36,20,12,59,0,91,0,0,0,91
09/05/2020,GRB,WI,AGL,CE,Combined TRACON& Tower with Radar,15,10,20,0,45,0,0,45,0,45,15,10,65,0,90,0,0,0,90
09/06/2020,GRB,WI,AGL,CE,Combined TRACON& Tower with Radar,18,14,7,0,39,0,0,7,0,7,18,14,14,0,46,6,8,14,60
09/07/2020,GRB,WI,AGL,CE,Combined TRACON& Tower with Radar,19,13,18,0,50,0,0,21,0,21,19,13,39,0,71,0,0,0,71
09/08/2020,GRB,WI,AGL,CE,Combined TRACON& Tower with Radar,17,15,17,0,49,0,0,10,0,10,17,15,27,0,59,0,0,0,59
09/09/2020,GRB,WI,AGL,CE,Combined TRACON& Tower with Radar,19,16,22,0,57,0,0,6,0,6,19,16,28,0,63,0,0,0,63
09/10/2020,GRB,WI,AGL,CE,Combined TRACON& Tower with Radar,20,12,22,0,54,0,0,28,0,28,20,12,50,0,82,44,0,44,126
09/11/2020,GRB,WI,AGL,CE,Combined TRACON& Tower with Radar,20,16,28,0,64,0,1,62,0,63,20,17,90,0,127,18,0,18,145
09/12/2020,GRB,WI,AGL,CE,Combined TRACON& Tower with Radar,23,14,48,0,85,0,0,0,0,0,23,14,48,0,85,0,0,0,85
09/13/2020,GRB,WI,AGL,CE,Combined TRACON& Tower with Radar,23,13,24,0,60,0,0,20,0,20,23,13,44,0,80,20,0,20,100
09/14/2020,GRB,WI,AGL,CE,Combined TRACON& Tower with Radar,16,12,38,0,66,0,0,53,0,53,16,12,91,0,119,18,0,18,137
09/15/2020,GRB,WI,AGL,CE,Combined TRACON& Tower with Radar,15,15,30,9,69,0,0,26,0,26,15,15,56,9,95,0,0,0,95
09/16/2020,GRB,WI,AGL,CE,Combined TRACON& Tower with Radar,17,13,50,1,81,0,0,34,1,35,17,13,84,2,116,8,0,8,124
09/17/2020,GRB,WI,AGL,CE,Combined TRACON& Tower with Radar,20,20,45,0,85,0,0,41,0,41,20,20,86,0,126,42,0,42,168
09/18/2020,GRB,WI,AGL,CE,Combined TRACON& Tower with Radar,20,14,34,0,68,0,0,73,0,73,20,14,107,0,141,28,0,28,169
09/19/2020,GRB,WI,AGL,CE,Combined TRACON& Tower with Radar,21,11,17,0,49,0,0,38,0,38,21,11,55,0,87,0,0,0,87
09/20/2020,GRB,WI,AGL,CE,Combined TRACON& Tower with Radar,25,11,27,0,63,0,0,21,0,21,25,11,48,0,84,0,0,0,84
09/21/2020,GRB,WI,AGL,CE,Combined TRACON& Tower with Radar,17,13,28,0,58,0,0,25,0,25,17,13,53,0,83,14,0,14,97
09/22/2020,GRB,WI,AGL,CE,Combined TRACON& Tower with Radar,17,15,33,0,65,0,0,59,0,59,17,15,92,0,124,42,0,42,166
09/23/2020,GRB,WI,AGL,CE,Combined TRACON& Tower with Radar,16,14,24,0,54,0,0,34,0,34,16,14,58,0,88,24,0,24,112
09/24/2020,GRB,WI,AGL,CE,Combined TRACON& Tower with Radar,22,15,21,0,58,0,0,21,0,21,22,15,42,0,79,0,0,0,79
09/25/2020,GRB,WI,AGL,CE,Combined TRACON& Tower with Radar,20,13,32,1,66,0,0,39,1,40,20,13,71,2,106,10,0,10,116
09/26/2020,GRB,WI,AGL,CE,Combined TRACON& Tower with Radar,22,15,17,0,54,0,0,20,0,20,22,15,37,0,74,0,0,0,74
09/27/2020,GRB,WI,AGL,CE,Combined TRACON& Tower with Radar,22,9,17,0,48,0,0,13,0,13,22,9,30,0,61,0,0,0,61
09/28/2020,GRB,WI,AGL,CE,Combined TRACON& Tower with Radar,19,10,13,0,42,0,0,6,0,6,19,10,19,0,48,0,0,0,48
09/29/2020,GRB,WI,AGL,CE,Combined TRACON& Tower with Radar,16,12,38,0,66,0,0,0,0,0,16,12,38,0,66,10,0,10,76
09/30/2020,GRB,WI,AGL,CE,Combined TRACON& Tower with Radar,19,17,21,0,57,0,0,12,0,12,19,17,33,0,69,0,0,0,69
10/01/2020,GRB,WI,AGL,CE,Combined TRACON& Tower with Radar,19,17,43,2,81,0,0,18,1,19,19,17,61,3,100,0,0,0,100
10/02/2020,GRB,WI,AGL,CE,Combined TRACON& Tower with Radar,20,15,18,2,55,0,0,27,0,27,20,15,45,2,82,0,0,0,82
10/03/2020,GRB,WI,AGL,CE,Combined TRACON& Tower with Radar,16,12,19,4,51,0,0,12,0,12,16,12,31,4,63,16,0,16,79
10/04/2020,GRB,WI,AGL,CE,Combined TRACON& Tower with Radar,21,10,26,0,57,0,0,22,0,22,21,10,48,0,79,0,0,0,79
10/05/2020,GRB,WI,AGL,CE,Combined TRACON& Tower with Radar,15,15,18,1,49,0,0,14,1,15,15,15,32,2,64,0,0,0,64
10/06/2020,GRB,WI,AGL,CE,Combined TRACON& Tower with Radar,13,15,19,6,53,0,1,44,0,45,13,16,63,6,98,12,6,18,116
10/07/2020,GRB,WI,AGL,CE,Combined TRACON& Tower with Radar,13,13,25,0,51,0,2,37,2,41,13,15,62,2,92,0,0,0,92
10/08/2020,GRB,WI,AGL,CE,Combined TRACON& Tower with Radar,17,17,23,0,57,0,0,65,0,65,17,17,88,0,122,42,0,42,164
10/09/2020,GRB,WI,AGL,CE,Combined TRACON& Tower with Radar,16,18,14,0,48,0,1,11,0,12,16,19,25,0,60,0,0,0,60
10/10/2020,GRB,WI,AGL,CE,Combined TRACON& Tower with Radar,14,11,17,0,42,0,1,39,1,41,14,12,56,1,83,10,0,10,93
10/11/2020,GRB,WI,AGL,CE,Combined TRACON& Tower with Radar,17,22,22,2,63,0,0,3,1,4,17,22,25,3,67,0,0,0,67
10/12/2020,GRB,WI,AGL,CE,Combined TRACON& Tower with Radar,15,15,10,0,40,0,0,3,0,3,15,15,13,0,43,0,0,0,43
10/13/2020,GRB,WI,AGL,CE,Combined TRACON& Tower with Radar,15,12,36,0,63,0,0,19,0,19,15,12,55,0,82,0,0,0,82
10/14/2020,GRB,WI,AGL,CE,Combined TRACON& Tower with Radar,12,16,19,0,47,0,0,12,0,12,12,16,31,0,59,10,0,10,69
10/15/2020,GRB,WI,AGL,CE,Combined TRACON& Tower with Radar,20,16,18,0,54,0,0,19,0,19,20,16,37,0,73,0,0,0,73
10/16/2020,GRB,WI,AGL,CE,Combined TRACON& Tower with Radar,16,16,24,0,56,0,0,28,0,28,16,16,52,0,84,0,0,0,84
10/17/2020,GRB,WI,AGL,CE,Combined TRACON& Tower with Radar,16,10,5,0,31,0,0,0,0,0,16,10,5,0,31,0,0,0,31
10/18/2020,GRB,WI,AGL,CE,Combined TRACON& Tower with Radar,18,13,23,0,54,0,0,24,0,24,18,13,47,0,78,0,0,0,78
10/19/2020,GRB,WI,AGL,CE,Combined TRACON& Tower with Radar,21,14,26,0,61,0,0,32,0,32,21,14,58,0,93,0,0,0,93
10/20/2020,GRB,WI,AGL,CE,Combined TRACON& Tower with Radar,12,13,24,0,49,0,0,23,0,23,12,13,47,0,72,0,0,0,72
10/21/2020,GRB,WI,AGL,CE,Combined TRACON& Tower with Radar,12,11,30,3,56,0,0,14,1,15,12,11,44,4,71,0,0,0,71
10/22/2020,GRB,WI,AGL,CE,Combined TRACON& Tower with Radar,18,17,19,0,54,0,0,9,0,9,18,17,28,0,63,0,0,0,63
10/23/2020,GRB,WI,AGL,CE,Combined TRACON& Tower with Radar,18,20,15,0,53,0,0,1,0,1,18,20,16,0,54,0,0,0,54
10/24/2020,GRB,WI,AGL,CE,Combined TRACON& Tower with Radar,18,12,26,0,56,0,0,28,0,28,18,12,54,0,84,0,0,0,84
10/25/2020,GRB,WI,AGL,CE,Combined TRACON& Tower with Radar,20,14,13,0,47,0,0,13,0,13,20,14,26,0,60,0,0,0,60
10/26/2020,GRB,WI,AGL,CE,Combined TRACON& Tower with Radar,15,15,23,12,65,0,0,31,0,31,15,15,54,12,96,0,0,0,96
10/27/2020,GRB,WI,AGL,CE,Combined TRACON& Tower with Radar,15,21,36,2,74,0,0,42,2,44,15,21,78,4,118,14,4,18,136
10/28/2020,GRB,WI,AGL,CE,Combined TRACON& Tower with Radar,12,11,34,7,64,0,0,39,3,42,12,11,73,10,106,34,0,34,140
10/29/2020,GRB,WI,AGL,CE,Combined TRACON& Tower with Radar,18,21,23,0,62,0,0,15,0,15,18,21,38,0,77,6,0,6,83
10/30/2020,GRB,WI,AGL,CE,Combined TRACON& Tower with Radar,15,21,22,7,65,0,0,28,2,30,15,21,50,9,95,22,0,22,117
10/31/2020,GRB,WI,AGL,CE,Combined TRACON& Tower with Radar,12,10,15,2,39,0,0,11,1,12,12,10,26,3,51,0,0,0,51
11/01/2020,GRB,WI,AGL,CE,Combined TRACON& Tower with Radar,15,22,14,0,51,0,1,0,0,1,15,23,14,0,52,0,0,0,52
11/02/2020,GRB,WI,AGL,CE,Combined TRACON& Tower with Radar,10,20,17,0,47,0,0,19,0,19,10,20,36,0,66,42,0,42,108
11/03/2020,GRB,WI,AGL,CE,Combined TRACON& Tower with Radar,8,13,23,4,48,0,0,54,1,55,8,13,77,5,103,18,0,18,121
11/04/2020,GRB,WI,AGL,CE,Combined TRACON& Tower with Radar,13,21,43,2,79,0,0,60,0,60,13,21,103,2,139,12,0,12,151
11/05/2020,GRB,WI,AGL,CE,Combined TRACON& Tower with Radar,13,24,29,2,68,0,0,55,0,55,13,24,84,2,123,12,8,20,143
11/06/2020,GRB,WI,AGL,CE,Combined TRACON& Tower with Radar,10,25,23,0,58,0,0,43,0,43,10,25,66,0,101,30,0,30,131
11/07/2020,GRB,WI,AGL,CE,Combined TRACON& Tower with Radar,9,18,19,0,46,0,0,30,0,30,9,18,49,0,76,0,0,0,76
11/08/2020,GRB,WI,AGL,CE,Combined TRACON& Tower with Radar,13,20,19,0,52,0,0,22,0,22,13,20,41,0,74,30,0,30,104
11/09/2020,GRB,WI,AGL,CE,Combined TRACON& Tower with Radar,9,20,8,12,49,0,0,10,0,10,9,20,18,12,59,14,0,14,73
11/10/2020,GRB,WI,AGL,CE,Combined TRACON& Tower with Radar,7,13,13,0,33,0,0,0,0,0,7,13,13,0,33,0,0,0,33
11/11/2020,GRB,WI,AGL,CE,Combined TRACON& Tower with Radar,10,21,33,0,64,0,1,49,0,50,10,22,82,0,114,46,0,46,160
11/12/2020,GRB,WI,AGL,CE,Combined TRACON& Tower with Radar,13,22,27,2,64,0,0,37,0,37,13,22,64,2,101,26,0,26,127
11/13/2020,GRB,WI,AGL,CE,Combined TRACON& Tower with Radar,10,24,24,0,58,0,0,38,0,38,10,24,62,0,96,24,0,24,120
11/14/2020,GRB,WI,AGL,CE,Combined TRACON& Tower with Radar,10,19,7,0,36,0,0,6,0,6,10,19,13,0,42,0,0,0,42
11/15/2020,GRB,WI,AGL,CE,Combined TRACON& Tower with Radar,16,21,4,0,41,0,0,0,0,0,16,21,4,0,41,0,0,0,41
11/16/2020,GRB,WI,AGL,CE,Combined TRACON& Tower with Radar,9,20,3,0,32,0,0,8,2,10,9,20,11,2,42,0,0,0,42
11/17/2020,GRB,WI,AGL,CE,Combined TRACON& Tower with Radar,8,18,35,0,61,0,0,45,0,45,8,18,80,0,106,40,0,40,146
11/18/2020,GRB,WI,AGL,CE,Combined TRACON& Tower with Radar,10,17,29,0,56,0,0,29,0,29,10,17,58,0,85,4,0,4,89
11/19/2020,GRB,WI,AGL,CE,Combined TRACON& Tower with Radar,16,21,28,0,65,0,0,28,0,28,16,21,56,0,93,20,0,20,113
11/20/2020,GRB,WI,AGL,CE,Combined TRACON& Tower with Radar,13,21,24,0,58,0,0,29,0,29,13,21,53,0,87,0,0,0,87
11/21/2020,GRB,WI,AGL,CE,Combined TRACON& Tower with Radar,15,23,17,1,56,0,0,64,0,64,15,23,81,1,120,6,0,6,126
11/22/2020,GRB,WI,AGL,CE,Combined TRACON& Tower with Radar,17,17,12,0,46,0,0,13,0,13,17,17,25,0,59,0,0,0,59
11/23/2020,GRB,WI,AGL,CE,Combined TRACON& Tower with Radar,14,13,19,2,48,0,1,42,0,43,14,14,61,2,91,0,0,0,91
11/24/2020,GRB,WI,AGL,CE,Combined TRACON& Tower with Radar,14,14,4,0,32,0,0,0,0,0,14,14,4,0,32,0,0,0,32
11/25/2020,GRB,WI,AGL,CE,Combined TRACON& Tower with Radar,14,16,12,0,42,0,0,0,0,0,14,16,12,0,42,0,0,0,42
11/26/2020,GRB,WI,AGL,CE,Combined TRACON& Tower with Radar,8,4,1,0,13,0,0,2,0,2,8,4,3,0,15,0,0,0,15
11/27/2020,GRB,WI,AGL,CE,Combined TRACON& Tower with Radar,12,7,11,0,30,0,0,10,0,10,12,7,21,0,40,0,0,0,40
11/28/2020,GRB,WI,AGL,CE,Combined TRACON& Tower with Radar,18,28,38,0,84,0,0,42,0,42,18,28,80,0,126,0,0,0,126
11/29/2020,GRB,WI,AGL,CE,Combined TRACON& Tower with Radar,16,24,12,0,52,0,0,24,0,24,16,24,36,0,76,44,0,44,120
11/30/2020,GRB,WI,AGL,CE,Combined TRACON& Tower with Radar,11,25,21,6,63,0,0,16,0,16,11,25,37,6,79,8,0,8,87
12/01/2020,GRB,WI,AGL,CE,Combined TRACON& Tower with Radar,15,14,18,0,47,0,0,35,0,35,15,14,53,0,82,34,0,34,116
12/02/2020,GRB,WI,AGL,CE,Combined TRACON& Tower with Radar,18,10,42,1,71,0,0,53,1,54,18,10,95,2,125,48,0,48,173
12/03/2020,GRB,WI,AGL,CE,Combined TRACON& Tower with Radar,13,17,32,1,63,0,1,31,5,37,13,18,63,6,100,0,0,0,100
12/04/2020,GRB,WI,AGL,CE,Combined TRACON& Tower with Radar,12,16,31,0,59,0,0,36,0,36,12,16,67,0,95,26,0,26,121
12/05/2020,GRB,WI,AGL,CE,Combined TRACON& Tower with Radar,14,11,12,0,37,0,0,22,0,22,14,11,34,0,59,0,0,0,59
12/06/2020,GRB,WI,AGL,CE,Combined TRACON& Tower with Radar,15,16,23,0,54,0,1,11,0,12,15,17,34,0,66,0,0,0,66
12/07/2020,GRB,WI,AGL,CE,Combined TRACON& Tower with Radar,12,23,25,1,61,0,0,27,3,30,12,23,52,4,91,12,0,12,103
12/08/2020,GRB,WI,AGL,CE,Combined TRACON& Tower with Radar,15,7,21,2,45,0,0,0,0,0,15,7,21,2,45,14,0,14,59
12/09/2020,GRB,WI,AGL,CE,Combined TRACON& Tower with Radar,16,17,32,4,69,0,0,56,1,57,16,17,88,5,126,34,0,34,160
12/10/2020,GRB,WI,AGL,CE,Combined TRACON& Tower with Radar,13,17,24,4,58,0,1,44,2,47,13,18,68,6,105,42,0,42,147
12/11/2020,GRB,WI,AGL,CE,Combined TRACON& Tower with Radar,12,18,23,0,53,0,0,0,0,0,12,18,23,0,53,0,0,0,53
12/12/2020,GRB,WI,AGL,CE,Combined TRACON& Tower with Radar,15,11,5,0,31,0,0,2,0,2,15,11,7,0,33,0,0,0,33
12/13/2020,GRB,WI,AGL,CE,Combined TRACON& Tower with Radar,14,14,7,0,35,0,0,5,0,5,14,14,12,0,40,70,0,70,110
12/14/2020,GRB,WI,AGL,CE,Combined TRACON& Tower with Radar,12,22,15,0,49,0,0,24,0,24,12,22,39,0,73,4,0,4,77
12/15/2020,GRB,WI,AGL,CE,Combined TRACON& Tower with Radar,15,9,20,8,52,0,0,40,2,42,15,9,60,10,94,0,0,0,94
12/16/2020,GRB,WI,AGL,CE,Combined TRACON& Tower with Radar,17,14,29,0,60,0,0,32,0,32,17,14,61,0,92,10,0,10,102
12/17/2020,GRB,WI,AGL,CE,Combined TRACON& Tower with Radar,18,12,32,2,64,0,0,36,0,36,18,12,68,2,100,4,0,4,104
12/18/2020,GRB,WI,AGL,CE,Combined TRACON& Tower with Radar,19,17,18,0,54,0,0,28,0,28,19,17,46,0,82,0,0,0,82
12/19/2020,GRB,WI,AGL,CE,Combined TRACON& Tower with Radar,18,15,12,0,45,0,0,0,0,0,18,15,12,0,45,0,0,0,45
12/20/2020,GRB,WI,AGL,CE,Combined TRACON& Tower with Radar,18,8,14,0,40,0,0,29,0,29,18,8,43,0,69,16,0,16,85
12/21/2020,GRB,WI,AGL,CE,Combined TRACON& Tower with Radar,16,17,9,0,42,0,0,2,0,2,16,17,11,0,44,14,0,14,58
12/22/2020,GRB,WI,AGL,CE,Combined TRACON& Tower with Radar,18,16,39,1,74,0,0,48,1,49,18,16,87,2,123,32,0,32,155
12/23/2020,GRB,WI,AGL,CE,Combined TRACON& Tower with Radar,16,14,15,0,45,0,0,4,2,6,16,14,19,2,51,0,0,0,51
12/24/2020,GRB,WI,AGL,CE,Combined TRACON& Tower with Radar,9,7,6,0,22,0,0,0,0,0,9,7,6,0,22,0,0,0,22
12/25/2020,GRB,WI,AGL,CE,Combined TRACON& Tower with Radar,13,5,11,0,29,0,0,0,0,0,13,5,11,0,29,0,0,0,29
12/26/2020,GRB,WI,AGL,CE,Combined TRACON& Tower with Radar,18,17,28,0,63,0,0,25,0,25,18,17,53,0,88,0,0,0,88
12/27/2020,GRB,WI,AGL,CE,Combined TRACON& Tower with Radar,16,17,22,0,55,0,0,1,0,1,16,17,23,0,56,0,0,0,56
12/28/2020,GRB,WI,AGL,CE,Combined TRACON& Tower with Radar,22,17,24,0,63,0,2,35,0,37,22,19,59,0,100,0,0,0,100
12/29/2020,GRB,WI,AGL,CE,Combined TRACON& Tower with Radar,15,20,25,0,60,0,1,23,1,25,15,21,48,1,85,6,0,6,91
12/30/2020,GRB,WI,AGL,CE,Combined TRACON& Tower with Radar,19,19,11,0,49,0,0,1,0,1,19,19,12,0,50,0,0,0,50
12/31/2020,GRB,WI,AGL,CE,Combined TRACON& Tower with Radar,9,6,28,0,43,0,0,16,0,16,9,6,44,0,59,40,0,40,99
01/01/2021,GRB,WI,AGL,CE,Combined TRACON& Tower with Radar,12,6,9,0,27,0,0,0,0,0,12,6,9,0,27,0,0,0,27
01/02/2021,GRB,WI,AGL,CE,Combined TRACON& Tower with Radar,17,15,32,0,64,0,0,0,0,0,17,15,32,0,64,0,0,0,64
01/03/2021,GRB,WI,AGL,CE,Combined TRACON& Tower with Radar,21,15,15,0,51,0,0,0,0,0,21,15,15,0,51,0,0,0,51
01/04/2021,GRB,WI,AGL,CE,Combined TRACON& Tower with Radar,22,11,7,0,40,0,0,0,0,0,22,11,7,0,40,0,0,0,40
01/05/2021,GRB,WI,AGL,CE,Combined TRACON& Tower with Radar,13,11,31,0,55,0,0,2,0,2,13,11,33,0,57,0,0,0,57
01/06/2021,GRB,WI,AGL,CE,Combined TRACON& Tower with Radar,22,12,14,0,48,0,0,0,0,0,22,12,14,0,48,0,0,0,48
01/07/2021,GRB,WI,AGL,CE,Combined TRACON& Tower with Radar,18,14,17,1,50,0,0,19,1,20,18,14,36,2,70,0,0,0,70
01/08/2021,GRB,WI,AGL,CE,Combined TRACON& Tower with Radar,15,10,12,0,37,0,0,7,0,7,15,10,19,0,44,0,0,0,44
01/09/2021,GRB,WI,AGL,CE,Combined TRACON& Tower with Radar,13,15,9,0,37,0,0,10,0,10,13,15,19,0,47,12,0,12,59
01/10/2021,GRB,WI,AGL,CE,Combined TRACON& Tower with Radar,14,8,17,0,39,0,0,0,0,0,14,8,17,0,39,0,0,0,39
01/11/2021,GRB,WI,AGL,CE,Combined TRACON& Tower with Radar,15,11,11,0,37,1,0,2,0,3,16,11,13,0,40,0,0,0,40
01/12/2021,GRB,WI,AGL,CE,Combined TRACON& Tower with Radar,15,13,7,0,35,0,0,1,0,1,15,13,8,0,36,24,0,24,60
01/13/2021,GRB,WI,AGL,CE,Combined TRACON& Tower with Radar,14,11,19,0,44,0,0,35,0,35,14,11,54,0,79,0,0,0,79
01/14/2021,GRB,WI,AGL,CE,Combined TRACON& Tower with Radar,18,11,33,0,62,0,0,0,0,0,18,11,33,0,62,0,0,0,62
01/15/2021,GRB,WI,AGL,CE,Combined TRACON& Tower with Radar,22,19,19,0,60,0,0,1,0,1,22,19,20,0,61,0,0,0,61
01/16/2021,GRB,WI,AGL,CE,Combined TRACON& Tower with Radar,17,11,40,0,68,0,0,4,0,4,17,11,44,0,72,0,0,0,72
01/17/2021,GRB,WI,AGL,CE,Combined TRACON& Tower with Radar,10,10,14,0,34,0,0,24,0,24,10,10,38,0,58,0,0,0,58
01/18/2021,GRB,WI,AGL,CE,Combined TRACON& Tower with Radar,18,8,21,0,47,0,1,13,0,14,18,9,34,0,61,46,0,46,107
01/19/2021,GRB,WI,AGL,CE,Combined TRACON& Tower with Radar,16,8,21,0,45,0,0,43,1,44,16,8,64,1,89,0,0,0,89
01/20/2021,GRB,WI,AGL,CE,Combined TRACON& Tower with Radar,16,17,16,3,52,0,0,10,4,14,16,17,26,7,66,0,0,0,66
01/21/2021,GRB,WI,AGL,CE,Combined TRACON& Tower with Radar,16,19,29,1,65,0,0,4,0,4,16,19,33,1,69,0,0,0,69
01/22/2021,GRB,WI,AGL,CE,Combined TRACON& Tower with Radar,16,11,31,6,64,0,0,37,2,39,16,11,68,8,103,32,0,32,135
01/23/2021,GRB,WI,AGL,CE,Combined TRACON& Tower with Radar,17,27,23,0,67,0,0,47,0,47,17,27,70,0,114,0,0,0,114
01/24/2021,GRB,WI,AGL,CE,Combined TRACON& Tower with Radar,20,39,39,0,98,0,0,2,0,2,20,39,41,0,100,0,0,0,100
01/25/2021,GRB,WI,AGL,CE,Combined TRACON& Tower with Radar,17,19,18,1,55,0,0,31,1,32,17,19,49,2,87,32,0,32,119
01/26/2021,GRB,WI,AGL,CE,Combined TRACON& Tower with Radar,16,12,22,0,50,0,0,9,0,9,16,12,31,0,59,6,0,6,65
01/27/2021,GRB,WI,AGL,CE,Combined TRACON& Tower with Radar,16,19,29,0,64,0,0,30,2,32,16,19,59,2,96,0,0,0,96
01/28/2021,GRB,WI,AGL,CE,Combined TRACON& Tower with Radar,14,19,32,10,75,0,0,43,0,43,14,19,75,10,118,40,8,48,166
01/29/2021,GRB,WI,AGL,CE,Combined TRACON& Tower with Radar,16,15,25,0,56,0,0,40,0,40,16,15,65,0,96,30,0,30,126
01/30/2021,GRB,WI,AGL,CE,Combined TRACON& Tower with Radar,13,9,16,0,38,0,0,6,0,6,13,9,22,0,44,12,0,12,56
01/31/2021,GRB,WI,AGL,CE,Combined TRACON& Tower with Radar,15,9,7,0,31,0,0,0,0,0,15,9,7,0,31,0,0,0,31
02/01/2021,GRB,WI,AGL,CE,Combined TRACON& Tower with Radar,19,11,17,0,47,0,0,28,3,31,19,11,45,3,78,28,0,28,106
02/02/2021,GRB,WI,AGL,CE,Combined TRACON& Tower with Radar,16,13,31,6,66,0,0,53,0,53,16,13,84,6,119,20,0,20,139
02/03/2021,GRB,WI,AGL,CE,Combined TRACON& Tower with Radar,18,8,31,6,63,0,0,52,0,52,18,8,83,6,115,14,0,14,129
02/04/2021,GRB,WI,AGL,CE,Combined TRACON& Tower with Radar,13,6,12,0,31,0,0,0,0,0,13,6,12,0,31,0,0,0,31
02/05/2021,GRB,WI,AGL,CE,Combined TRACON& Tower with Radar,18,10,17,0,45,1,0,2,0,3,19,10,19,0,48,0,0,0,48
02/06/2021,GRB,WI,AGL,CE,Combined TRACON& Tower with Radar,13,13,10,0,36,0,2,15,0,17,13,15,25,0,53,0,0,0,53
02/07/2021,GRB,WI,AGL,CE,Combined TRACON& Tower with Radar,12,9,7,0,28,0,0,1,0,1,12,9,8,0,29,0,0,0,29
02/08/2021,GRB,WI,AGL,CE,Combined TRACON& Tower with Radar,19,11,7,0,37,0,0,6,0,6,19,11,13,0,43,0,0,0,43
02/09/2021,GRB,WI,AGL,CE,Combined TRACON& Tower with Radar,16,8,14,0,38,0,0,15,0,15,16,8,29,0,53,0,0,0,53
02/10/2021,GRB,WI,AGL,CE,Combined TRACON& Tower with Radar,16,11,23,4,54,0,0,16,0,16,16,11,39,4,70,10,0,10,80
02/11/2021,GRB,WI,AGL,CE,Combined TRACON& Tower with Radar,18,13,9,0,40,0,0,7,0,7,18,13,16,0,47,0,0,0,47
02/12/2021,GRB,WI,AGL,CE,Combined TRACON& Tower with Radar,23,8,15,0,46,0,0,12,0,12,23,8,27,0,58,0,0,0,58
02/13/2021,GRB,WI,AGL,CE,Combined TRACON& Tower with Radar,12,15,9,0,36,0,1,0,0,1,12,16,9,0,37,0,0,0,37
02/14/2021,GRB,WI,AGL,CE,Combined TRACON& Tower with Radar,14,12,9,0,35,0,0,5,0,5,14,12,14,0,40,0,0,0,40
02/15/2021,GRB,WI,AGL,CE,Combined TRACON& Tower with Radar,17,9,7,0,33,0,0,13,0,13,17,9,20,0,46,0,0,0,46
02/16/2021,GRB,WI,AGL,CE,Combined TRACON& Tower with Radar,14,12,20,0,46,0,0,16,0,16,14,12,36,0,62,26,0,26,88
02/17/2021,GRB,WI,AGL,CE,Combined TRACON& Tower with Radar,16,9,16,0,41,0,0,14,0,14,16,9,30,0,55,38,0,38,93
02/18/2021,GRB,WI,AGL,CE,Combined TRACON& Tower with Radar,18,16,16,1,51,0,0,19,1,20,18,16,35,2,71,0,0,0,71
02/19/2021,GRB,WI,AGL,CE,Combined TRACON& Tower with Radar,21,17,8,0,46,0,0,8,0,8,21,17,16,0,54,28,0,28,82
02/20/2021,GRB,WI,AGL,CE,Combined TRACON& Tower with Radar,19,8,20,0,47,0,0,47,2,49,19,8,67,2,96,14,0,14,110
02/21/2021,GRB,WI,AGL,CE,Combined TRACON& Tower with Radar,18,10,8,2,38,0,0,12,0,12,18,10,20,2,50,22,0,22,72
02/22/2021,GRB,WI,AGL,CE,Combined TRACON& Tower with Radar,23,14,18,2,57,0,0,12,0,12,23,14,30,2,69,0,0,0,69
02/23/2021,GRB,WI,AGL,CE,Combined TRACON& Tower with Radar,15,9,17,0,41,0,0,27,0,27,15,9,44,0,68,0,0,0,68
02/24/2021,GRB,WI,AGL,CE,Combined TRACON& Tower with Radar,16,13,13,0,42,0,0,11,0,11,16,13,24,0,53,2,0,2,55
02/25/2021,GRB,WI,AGL,CE,Combined TRACON& Tower with Radar,18,15,26,0,59,0,0,38,0,38,18,15,64,0,97,14,0,14,111
02/26/2021,GRB,WI,AGL,CE,Combined TRACON& Tower with Radar,22,13,22,0,57,0,0,12,0,12,22,13,34,0,69,0,0,0,69
02/27/2021,GRB,WI,AGL,CE,Combined TRACON& Tower with Radar,15,7,35,0,57,0,0,43,0,43,15,7,78,0,100,46,0,46,146
02/28/2021,GRB,WI,AGL,CE,Combined TRACON& Tower with Radar,23,10,4,0,37,0,0,0,0,0,23,10,4,0,37,0,0,0,37
03/01/2021,GRB,WI,AGL,CE,Combined TRACON& Tower with Radar,20,10,17,0,47,0,0,24,0,24,20,10,41,0,71,36,0,36,107
03/02/2021,GRB,WI,AGL,CE,Combined TRACON& Tower with Radar,20,5,16,0,41,0,1,4,0,5,20,6,20,0,46,96,0,96,142
03/03/2021,GRB,WI,AGL,CE,Combined TRACON& Tower with Radar,21,12,30,0,63,0,1,45,0,46,21,13,75,0,109,0,0,0,109
03/04/2021,GRB,WI,AGL,CE,Combined TRACON& Tower with Radar,22,12,28,0,62,0,0,54,0,54,22,12,82,0,116,0,0,0,116
03/05/2021,GRB,WI,AGL,CE,Combined TRACON& Tower with Radar,25,12,37,0,74,1,0,51,0,52,26,12,88,0,126,32,0,32,158
03/06/2021,GRB,WI,AGL,CE,Combined TRACON& Tower with Radar,21,6,10,0,37,0,0,63,0,63,21,6,73,0,100,0,0,0,100
03/07/2021,GRB,WI,AGL,CE,Combined TRACON& Tower with Radar,23,6,20,0,49,0,0,41,2,43,23,6,61,2,92,32,0,32,124
03/08/2021,GRB,WI,AGL,CE,Combined TRACON& Tower with Radar,24,17,19,0,60,0,1,40,0,41,24,18,59,0,101,0,0,0,101
03/09/2021,GRB,WI,AGL,CE,Combined TRACON& Tower with Radar,25,11,21,0,57,0,0,26,0,26,25,11,47,0,83,10,0,10,93
03/10/2021,GRB,WI,AGL,CE,Combined TRACON& Tower with Radar,21,9,12,1,43,0,0,0,1,1,21,9,12,2,44,0,0,0,44
03/11/2021,GRB,WI,AGL,CE,Combined TRACON& Tower with Radar,26,17,12,0,55,0,0,4,0,4,26,17,16,0,59,0,0,0,59
03/12/2021,GRB,WI,AGL,CE,Combined TRACON& Tower with Radar,26,16,30,4,76,0,2,43,0,45,26,18,73,4,121,0,0,0,121
03/13/2021,GRB,WI,AGL,CE,Combined TRACON& Tower with Radar,23,5,22,0,50,0,0,40,0,40,23,5,62,0,90,6,0,6,96
03/14/2021,GRB,WI,AGL,CE,Combined TRACON& Tower with Radar,23,15,16,0,54,0,0,21,0,21,23,15,37,0,75,0,0,0,75
03/15/2021,GRB,WI,AGL,CE,Combined TRACON& Tower with Radar,24,11,17,2,54,0,0,10,0,10,24,11,27,2,64,0,0,0,64
03/16/2021,GRB,WI,AGL,CE,Combined TRACON& Tower with Radar,25,13,14,0,52,1,0,4,0,5,26,13,18,0,57,0,0,0,57
03/17/2021,GRB,WI,AGL,CE,Combined TRACON& Tower with Radar,20,14,18,0,52,0,0,3,0,3,20,14,21,0,55,0,0,0,55
03/18/2021,GRB,WI,AGL,CE,Combined TRACON& Tower with Radar,24,9,29,0,62,0,0,9,0,9,24,9,38,0,71,0,0,0,71
03/19/2021,GRB,WI,AGL,CE,Combined TRACON& Tower with Radar,23,18,19,0,60,0,1,54,0,55,23,19,73,0,115,22,0,22,137
03/20/2021,GRB,WI,AGL,CE,Combined TRACON& Tower with Radar,24,11,17,0,52,0,1,45,0,46,24,12,62,0,98,10,0,10,108
03/21/2021,GRB,WI,AGL,CE,Combined TRACON& Tower with Radar,24,11,21,0,56,0,0,4,0,4,24,11,25,0,60,4,0,4,64
03/22/2021,GRB,WI,AGL,CE,Combined TRACON& Tower with Radar,23,11,26,0,60,1,0,22,0,23,24,11,48,0,83,4,0,4,87
03/23/2021,GRB,WI,AGL,CE,Combined TRACON& Tower with Radar,21,9,20,8,58,0,0,26,0,26,21,9,46,8,84,0,0,0,84
03/24/2021,GRB,WI,AGL,CE,Combined TRACON& Tower with Radar,19,12,26,2,59,0,0,0,0,0,19,12,26,2,59,0,0,0,59
03/25/2021,GRB,WI,AGL,CE,Combined TRACON& Tower with Radar,26,15,21,4,66,0,0,9,0,9,26,15,30,4,75,0,0,0,75
03/26/2021,GRB,WI,AGL,CE,Combined TRACON& Tower with Radar,24,16,19,0,59,0,1,9,0,10,24,17,28,0,69,0,0,0,69
03/27/2021,GRB,WI,AGL,CE,Combined TRACON& Tower with Radar,23,7,10,0,40,0,0,0,0,0,23,7,10,0,40,0,0,0,40
03/28/2021,GRB,WI,AGL,CE,Combined TRACON& Tower with Radar,25,11,11,0,47,0,0,9,0,9,25,11,20,0,56,0,0,0,56
03/29/2021,GRB,WI,AGL,CE,Combined TRACON& Tower with Radar,25,15,13,0,53,0,0,22,0,22,25,15,35,0,75,0,0,0,75
03/30/2021,GRB,WI,AGL,CE,Combined TRACON& Tower with Radar,23,13,8,0,44,0,0,10,0,10,23,13,18,0,54,0,0,0,54
03/31/2021,GRB,WI,AGL,CE,Combined TRACON& Tower with Radar,24,10,19,2,55,0,0,26,0,26,24,10,45,2,81,0,0,0,81
04/01/2021,GRB,WI,AGL,CE,Combined TRACON& Tower with Radar,31,16,23,0,70,0,0,43,0,43,31,16,66,0,113,62,0,62,175
04/02/2021,GRB,WI,AGL,CE,Combined TRACON& Tower with Radar,23,16,14,0,53,0,0,38,0,38,23,16,52,0,91,73,0,73,164
04/03/2021,GRB,WI,AGL,CE,Combined TRACON& Tower with Radar,22,10,15,0,47,0,0,51,0,51,22,10,66,0,98,16,0,16,114
04/04/2021,GRB,WI,AGL,CE,Combined TRACON& Tower with Radar,20,14,9,0,43,0,0,13,0,13,20,14,22,0,56,0,0,0,56
04/05/2021,GRB,WI,AGL,CE,Combined TRACON& Tower with Radar,21,17,24,0,62,0,0,38,0,38,21,17,62,0,100,26,0,26,126
04/06/2021,GRB,WI,AGL,CE,Combined TRACON& Tower with Radar,22,10,15,0,47,0,0,22,0,22,22,10,37,0,69,0,0,0,69
04/07/2021,GRB,WI,AGL,CE,Combined TRACON& Tower with Radar,21,10,32,0,63,0,0,49,0,49,21,10,81,0,112,0,0,0,112
04/08/2021,GRB,WI,AGL,CE,Combined TRACON& Tower with Radar,24,19,23,0,66,0,0,7,0,7,24,19,30,0,73,18,0,18,91
04/09/2021,GRB,WI,AGL,CE,Combined TRACON& Tower with Radar,20,16,35,0,71,0,0,4,0,4,20,16,39,0,75,0,0,0,75
04/10/2021,GRB,WI,AGL,CE,Combined TRACON& Tower with Radar,20,12,11,8,51,0,0,4,0,4,20,12,15,8,55,18,6,24,79
04/11/2021,GRB,WI,AGL,CE,Combined TRACON& Tower with Radar,22,17,19,0,58,0,0,4,0,4,22,17,23,0,62,0,0,0,62
04/12/2021,GRB,WI,AGL,CE,Combined TRACON& Tower with Radar,21,19,29,0,69,0,0,7,0,7,21,19,36,0,76,6,0,6,82
04/13/2021,GRB,WI,AGL,CE,Combined TRACON& Tower with Radar,20,11,23,2,56,0,0,16,0,16,20,11,39,2,72,0,0,0,72
04/14/2021,GRB,WI,AGL,CE,Combined TRACON& Tower with Radar,20,11,20,0,51,0,0,13,0,13,20,11,33,0,64,0,0,0,64
04/15/2021,GRB,WI,AGL,CE,Combined TRACON& Tower with Radar,25,25,22,0,72,0,1,18,0,19,25,26,40,0,91,0,0,0,91
04/16/2021,GRB,WI,AGL,CE,Combined TRACON& Tower with Radar,20,16,33,0,69,0,0,54,3,57,20,16,87,3,126,0,0,0,126
04/17/2021,GRB,WI,AGL,CE,Combined TRACON& Tower with Radar,18,8,17,2,45,0,0,40,0,40,18,8,57,2,85,0,0,0,85
04/18/2021,GRB,WI,AGL,CE,Combined TRACON& Tower with Radar,22,16,13,0,51,0,0,33,0,33,22,16,46,0,84,64,0,64,148
04/19/2021,GRB,WI,AGL,CE,Combined TRACON& Tower with Radar,21,16,15,0,52,0,0,6,0,6,21,16,21,0,58,0,0,0,58
04/20/2021,GRB,WI,AGL,CE,Combined TRACON& Tower with Radar,20,15,28,0,63,0,0,21,0,21,20,15,49,0,84,0,0,0,84
04/21/2021,GRB,WI,AGL,CE,Combined TRACON& Tower with Radar,20,9,34,0,63,0,0,22,0,22,20,9,56,0,85,58,0,58,143
04/22/2021,GRB,WI,AGL,CE,Combined TRACON& Tower with Radar,23,22,20,2,67,0,0,43,0,43,23,22,63,2,110,68,0,68,178
04/23/2021,GRB,WI,AGL,CE,Combined TRACON& Tower with Radar,20,17,25,0,62,0,0,28,0,28,20,17,53,0,90,0,0,0,90
04/24/2021,GRB,WI,AGL,CE,Combined TRACON& Tower with Radar,18,8,6,0,32,0,1,12,0,13,18,9,18,0,45,0,0,0,45
04/25/2021,GRB,WI,AGL,CE,Combined TRACON& Tower with Radar,22,13,15,0,50,0,0,29,0,29,22,13,44,0,79,10,0,10,89
04/26/2021,GRB,WI,AGL,CE,Combined TRACON& Tower with Radar,20,13,9,0,42,0,0,7,0,7,20,13,16,0,49,4,0,4,53
04/27/2021,GRB,WI,AGL,CE,Combined TRACON& Tower with Radar,21,14,12,0,47,0,1,15,0,16,21,15,27,0,63,26,0,26,89
04/28/2021,GRB,WI,AGL,CE,Combined TRACON& Tower with Radar,22,8,30,0,60,0,0,15,0,15,22,8,45,0,75,0,0,0,75
04/29/2021,GRB,WI,AGL,CE,Combined TRACON& Tower with Radar,24,14,28,0,66,0,0,19,0,19,24,14,47,0,85,8,0,8,93
04/30/2021,GRB,WI,AGL,CE,Combined TRACON& Tower with Radar,21,17,29,0,67,0,0,37,0,37,21,17,66,0,104,40,0,40,144
05/01/2021,GRB,WI,AGL,CE,Combined TRACON& Tower with Radar,18,8,12,0,38,0,2,9,0,11,18,10,21,0,49,18,0,18,67
05/02/2021,GRB,WI,AGL,CE,Combined TRACON& Tower with Radar,24,13,14,0,51,0,0,21,0,21,24,13,35,0,72,4,0,4,76
05/03/2021,GRB,WI,AGL,CE,Combined TRACON& Tower with Radar,20,16,9,0,45,0,0,0,0,0,20,16,9,0,45,0,0,0,45
05/04/2021,GRB,WI,AGL,CE,Combined TRACON& Tower with Radar,21,15,25,0,61,0,0,17,0,17,21,15,42,0,78,0,0,0,78
05/05/2021,GRB,WI,AGL,CE,Combined TRACON& Tower with Radar,17,13,23,3,56,0,0,38,1,39,17,13,61,4,95,0,0,0,95
05/06/2021,GRB,WI,AGL,CE,Combined TRACON& Tower with Radar,27,12,25,0,64,0,0,23,4,27,27,12,48,4,91,0,0,0,91
05/07/2021,GRB,WI,AGL,CE,Combined TRACON& Tower with Radar,24,14,25,0,63,0,0,15,0,15,24,14,40,0,78,0,0,0,78
05/08/2021,GRB,WI,AGL,CE,Combined TRACON& Tower with Radar,15,10,21,0,46,0,2,59,1,62,15,12,80,1,108,58,0,58,166
05/09/2021,GRB,WI,AGL,CE,Combined TRACON& Tower with Radar,25,9,11,0,45,0,0,18,0,18,25,9,29,0,63,0,0,0,63
05/10/2021,GRB,WI,AGL,CE,Combined TRACON& Tower with Radar,24,10,17,0,51,0,0,14,0,14,24,10,31,0,65,74,0,74,139
05/11/2021,GRB,WI,AGL,CE,Combined TRACON& Tower with Radar,21,10,24,2,57,0,0,58,0,58,21,10,82,2,115,38,2,40,155
05/12/2021,GRB,WI,AGL,CE,Combined TRACON& Tower with Radar,21,16,32,0,69,0,0,71,0,71,21,16,103,0,140,56,0,56,196
05/13/2021,GRB,WI,AGL,CE,Combined TRACON& Tower with Radar,26,12,30,2,70,0,0,31,0,31,26,12,61,2,101,0,0,0,101
05/14/2021,GRB,WI,AGL,CE,Combined TRACON& Tower with Radar,24,16,27,0,67,0,0,45,0,45,24,16,72,0,112,0,0,0,112
05/15/2021,GRB,WI,AGL,CE,Combined TRACON& Tower with Radar,17,7,12,0,36,0,0,14,0,14,17,7,26,0,50,0,0,0,50
05/16/2021,GRB,WI,AGL,CE,Combined TRACON& Tower with Radar,25,12,29,0,66,0,0,32,4,36,25,12,61,4,102,24,0,24,126
05/17/2021,GRB,WI,AGL,CE,Combined TRACON& Tower with Radar,24,10,23,0,57,0,0,53,2,55,24,10,76,2,112,0,0,0,112
05/18/2021,GRB,WI,AGL,CE,Combined TRACON& Tower with Radar,24,10,22,0,56,0,0,30,0,30,24,10,52,0,86,70,0,70,156
05/19/2021,GRB,WI,AGL,CE,Combined TRACON& Tower with Radar,24,13,26,4,67,0,0,0,0,0,24,13,26,4,67,0,0,0,67
05/20/2021,GRB,WI,AGL,CE,Combined TRACON& Tower with Radar,28,11,28,5,72,0,0,34,0,34,28,11,62,5,106,34,0,34,140
05/21/2021,GRB,WI,AGL,CE,Combined TRACON& Tower with Radar,23,15,25,0,63,0,0,14,0,14,23,15,39,0,77,0,0,0,77
05/22/2021,GRB,WI,AGL,CE,Combined TRACON& Tower with Radar,17,8,19,0,44,0,0,24,0,24,17,8,43,0,68,52,0,52,120
05/23/2021,GRB,WI,AGL,CE,Combined TRACON& Tower with Radar,25,14,31,0,70,0,0,0,0,0,25,14,31,0,70,0,0,0,70
05/24/2021,GRB,WI,AGL,CE,Combined TRACON& Tower with Radar,26,17,21,0,64,0,1,22,0,23,26,18,43,0,87,16,0,16,103
05/25/2021,GRB,WI,AGL,CE,Combined TRACON& Tower with Radar,24,17,22,14,77,0,0,15,0,15,24,17,37,14,92,0,0,0,92
05/26/2021,GRB,WI,AGL,CE,Combined TRACON& Tower with Radar,24,24,37,0,85,0,2,41,0,43,24,26,78,0,128,22,0,22,150
05/27/2021,GRB,WI,AGL,CE,Combined TRACON& Tower with Radar,26,17,46,0,89,0,0,10,0,10,26,17,56,0,99,14,0,14,113
05/28/2021,GRB,WI,AGL,CE,Combined TRACON& Tower with Radar,24,11,18,0,53,0,0,12,0,12,24,11,30,0,65,0,0,0,65
05/29/2021,GRB,WI,AGL,CE,Combined TRACON& Tower with Radar,16,11,19,2,48,0,0,29,0,29,16,11,48,2,77,0,0,0,77
05/30/2021,GRB,WI,AGL,CE,Combined TRACON& Tower with Radar,22,8,13,0,43,0,0,30,0,30,22,8,43,0,73,22,0,22,95
05/31/2021,GRB,WI,AGL,CE,Combined TRACON& Tower with Radar,24,12,20,0,56,0,0,22,0,22,24,12,42,0,78,20,0,20,98
06/01/2021,GRB,WI,AGL,CE,Combined TRACON& Tower with Radar,23,15,25,0,63,0,0,45,0,45,23,15,70,0,108,6,0,6,114
06/02/2021,GRB,WI,AGL,CE,Combined TRACON& Tower with Radar,22,19,31,0,72,0,0,38,2,40,22,19,69,2,112,38,0,38,150
06/03/2021,GRB,WI,AGL,CE,Combined TRACON& Tower with Radar,21,18,18,6,63,0,0,30,0,30,21,18,48,6,93,6,6,12,105
06/04/2021,GRB,WI,AGL,CE,Combined TRACON& Tower with Radar,20,18,19,14,71,0,0,33,0,33,20,18,52,14,104,4,0,4,108
06/05/2021,GRB,WI,AGL,CE,Combined TRACON& Tower with Radar,11,22,11,0,44,0,0,16,0,16,11,22,27,0,60,28,0,28,88
06/06/2021,GRB,WI,AGL,CE,Combined TRACON& Tower with Radar,14,25,10,0,49,0,0,24,0,24,14,25,34,0,73,0,0,0,73
06/07/2021,GRB,WI,AGL,CE,Combined TRACON& Tower with Radar,9,30,18,0,57,0,0,39,2,41,9,30,57,2,98,16,0,16,114
06/08/2021,GRB,WI,AGL,CE,Combined TRACON& Tower with Radar,8,31,30,11,80,0,0,48,0,48,8,31,78,11,128,12,0,12,140
06/09/2021,GRB,WI,AGL,CE,Combined TRACON& Tower with Radar,7,30,30,6,73,0,0,48,1,49,7,30,78,7,122,10,0,10,132
06/10/2021,GRB,WI,AGL,CE,Combined TRACON& Tower with Radar,11,31,32,0,74,0,0,33,0,33,11,31,65,0,107,6,0,6,113
06/11/2021,GRB,WI,AGL,CE,Combined TRACON& Tower with Radar,10,28,35,0,73,0,0,36,0,36,10,28,71,0,109,82,0,82,191
06/12/2021,GRB,WI,AGL,CE,Combined TRACON& Tower with Radar,10,22,22,2,56,0,0,32,0,32,10,22,54,2,88,36,0,36,124
06/13/2021,GRB,WI,AGL,CE,Combined TRACON& Tower with Radar,14,22,14,0,50,0,1,36,0,37,14,23,50,0,87,38,0,38,125
06/14/2021,GRB,WI,AGL,CE,Combined TRACON& Tower with Radar,9,24,19,0,52,0,0,27,0,27,9,24,46,0,79,22,0,22,101
06/15/2021,GRB,WI,AGL,CE,Combined TRACON& Tower with Radar,10,32,32,0,74,0,0,59,2,61,10,32,91,2,135,68,0,68,203
06/16/2021,GRB,WI,AGL,CE,Combined TRACON& Tower with Radar,8,35,43,0,86,0,0,62,0,62,8,35,105,0,148,0,0,0,148
06/17/2021,GRB,WI,AGL,CE,Combined TRACON& Tower with Radar,13,30,28,0,71,0,0,23,0,23,13,30,51,0,94,42,0,42,136
06/18/2021,GRB,WI,AGL,CE,Combined TRACON& Tower with Radar,12,36,24,0,72,0,0,32,0,32,12,36,56,0,104,42,0,42,146
06/19/2021,GRB,WI,AGL,CE,Combined TRACON& Tower with Radar,12,25,15,0,52,0,0,25,0,25,12,25,40,0,77,6,0,6,83
06/20/2021,GRB,WI,AGL,CE,Combined TRACON& Tower with Radar,12,26,11,0,49,0,0,10,0,10,12,26,21,0,59,28,0,28,87
06/21/2021,GRB,WI,AGL,CE,Combined TRACON& Tower with Radar,11,31,24,0,66,0,0,4,0,4,11,31,28,0,70,32,0,32,102
06/22/2021,GRB,WI,AGL,CE,Combined TRACON& Tower with Radar,12,32,14,1,59,0,0,44,3,47,12,32,58,4,106,22,0,22,128
06/23/2021,GRB,WI,AGL,CE,Combined TRACON& Tower with Radar,10,28,23,5,66,0,0,22,2,24,10,28,45,7,90,38,4,42,132
06/24/2021,GRB,WI,AGL,CE,Combined TRACON& Tower with Radar,9,24,15,0,48,0,2,9,0,11,9,26,24,0,59,0,0,0,59
06/25/2021,GRB,WI,AGL,CE,Combined TRACON& Tower with Radar,12,27,38,0,77,0,0,23,0,23,12,27,61,0,100,18,0,18,118
06/26/2021,GRB,WI,AGL,CE,Combined TRACON& Tower with Radar,10,25,9,0,44,0,0,0,0,0,10,25,9,0,44,0,0,0,44
06/27/2021,GRB,WI,AGL,CE,Combined TRACON& Tower with Radar,12,30,18,0,60,0,0,6,0,6,12,30,24,0,66,30,0,30,96
06/28/2021,GRB,WI,AGL,CE,Combined TRACON& Tower with Radar,8,23,25,0,56,0,0,48,0,48,8,23,73,0,104,38,0,38,142
06/29/2021,GRB,WI,AGL,CE,Combined TRACON& Tower with Radar,11,40,49,0,100,0,0,3,0,3,11,40,52,0,103,35,0,35,138
06/30/2021,GRB,WI,AGL,CE,Combined TRACON& Tower with Radar,9,30,36,0,75,0,1,45,0,46,9,31,81,0,121,0,0,0,121
07/01/2021,GRB,WI,AGL,CE,Combined TRACON& Tower with Radar,9,33,49,1,92,0,3,43,1,47,9,36,92,2,139,18,0,18,157
07/02/2021,GRB,WI,AGL,CE,Combined TRACON& Tower with Radar,9,35,32,0,76,0,0,68,0,68,9,35,100,0,144,38,0,38,182
07/03/2021,GRB,WI,AGL,CE,Combined TRACON& Tower with Radar,11,25,16,0,52,0,1,31,0,32,11,26,47,0,84,0,0,0,84
07/04/2021,GRB,WI,AGL,CE,Combined TRACON& Tower with Radar,11,17,5,0,33,0,0,16,0,16,11,17,21,0,49,6,0,6,55
07/05/2021,GRB,WI,AGL,CE,Combined TRACON& Tower with Radar,9,28,21,0,58,0,0,19,0,19,9,28,40,0,77,0,0,0,77
07/06/2021,GRB,WI,AGL,CE,Combined TRACON& Tower with Radar,12,27,12,0,51,0,0,25,0,25,12,27,37,0,76,30,0,30,106
07/07/2021,GRB,WI,AGL,CE,Combined TRACON& Tower with Radar,10,31,20,0,61,0,0,0,0,0,10,31,20,0,61,0,0,0,61
07/08/2021,GRB,WI,AGL,CE,Combined TRACON& Tower with Radar,12,27,34,2,75,0,0,14,0,14,12,27,48,2,89,24,0,24,113
07/09/2021,GRB,WI,AGL,CE,Combined TRACON& Tower with Radar,10,33,30,0,73,0,0,67,0,67,10,33,97,0,140,94,0,94,234
07/10/2021,GRB,WI,AGL,CE,Combined TRACON& Tower with Radar,10,31,31,0,72,0,0,43,0,43,10,31,74,0,115,50,0,50,165
07/11/2021,GRB,WI,AGL,CE,Combined TRACON& Tower with Radar,12,27,20,0,59,0,1,29,0,30,12,28,49,0,89,25,0,25,114
07/12/2021,GRB,WI,AGL,CE,Combined TRACON& Tower with Radar,10,26,11,0,47,0,0,44,0,44,10,26,55,0,91,78,0,78,169
07/13/2021,GRB,WI,AGL,CE,Combined TRACON& Tower with Radar,13,32,42,0,87,0,0,61,0,61,13,32,103,0,148,6,0,6,154
07/14/2021,GRB,WI,AGL,CE,Combined TRACON& Tower with Radar,10,31,33,0,74,0,1,37,1,39,10,32,70,1,113,22,0,22,135
07/15/2021,GRB,WI,AGL,CE,Combined TRACON& Tower with Radar,12,33,24,0,69,0,0,30,3,33,12,33,54,3,102,10,0,10,112
07/16/2021,GRB,WI,AGL,CE,Combined TRACON& Tower with Radar,10,29,37,0,76,0,0,42,0,42,10,29,79,0,118,66,0,66,184
07/17/2021,GRB,WI,AGL,CE,Combined TRACON& Tower with Radar,14,24,20,0,58,0,0,36,0,36,14,24,56,0,94,22,0,22,116
07/18/2021,GRB,WI,AGL,CE,Combined TRACON& Tower with Radar,12,29,25,0,66,0,0,41,0,41,12,29,66,0,107,0,0,0,107
07/19/2021,GRB,WI,AGL,CE,Combined TRACON& Tower with Radar,10,32,30,0,72,0,0,50,0,50,10,32,80,0,122,40,0,40,162
07/20/2021,GRB,WI,AGL,CE,Combined TRACON& Tower with Radar,10,37,42,5,94,0,0,23,0,23,10,37,65,5,117,48,0,48,165
07/21/2021,GRB,WI,AGL,CE,Combined TRACON& Tower with Radar,10,39,41,1,91,0,0,49,1,50,10,39,90,2,141,0,0,0,141
07/22/2021,GRB,WI,AGL,CE,Combined TRACON& Tower with Radar,12,34,35,0,81,0,0,26,0,26,12,34,61,0,107,72,0,72,179
07/23/2021,GRB,WI,AGL,CE,Combined TRACON& Tower with Radar,10,34,53,3,100,0,0,25,0,25,10,34,78,3,125,0,0,0,125
07/24/2021,GRB,WI,AGL,CE,Combined TRACON& Tower with Radar,9,28,24,0,61,0,0,14,0,14,9,28,38,0,75,0,0,0,75
07/25/2021,GRB,WI,AGL,CE,Combined TRACON& Tower with Radar,11,27,54,0,92,0,0,51,0,51,11,27,105,0,143,0,0,0,143
07/26/2021,GRB,WI,AGL,CE,Combined TRACON& Tower with Radar,11,32,34,2,79,0,1,34,0,35,11,33,68,2,114,16,0,16,130
07/27/2021,GRB,WI,AGL,CE,Combined TRACON& Tower with Radar,13,36,46,2,97,0,0,43,0,43,13,36,89,2,140,14,0,14,154
07/28/2021,GRB,WI,AGL,CE,Combined TRACON& Tower with Radar,9,39,71,0,119,0,0,44,0,44,9,39,115,0,163,16,8,24,187
07/29/2021,GRB,WI,AGL,CE,Combined TRACON& Tower with Radar,15,27,68,0,110,0,0,48,3,51,15,27,116,3,161,0,0,0,161
07/30/2021,GRB,WI,AGL,CE,Combined TRACON& Tower with Radar,10,33,78,0,121,0,0,61,0,61,10,33,139,0,182,0,0,0,182
07/31/2021,GRB,WI,AGL,CE,Combined TRACON& Tower with Radar,12,31,43,1,87,0,0,9,0,9,12,31,52,1,96,0,0,0,96
08/01/2021,GRB,WI,AGL,CE,Combined TRACON& Tower with Radar,14,24,44,1,83,0,0,33,0,33,14,24,77,1,116,0,0,0,116
08/02/2021,GRB,WI,AGL,CE,Combined TRACON& Tower with Radar,12,28,41,4,85,0,0,54,0,54,12,28,95,4,139,16,0,16,155
08/03/2021,GRB,WI,AGL,CE,Combined TRACON& Tower with Radar,10,29,26,2,67,0,0,35,0,35,10,29,61,2,102,102,0,102,204
08/04/2021,GRB,WI,AGL,CE,Combined TRACON& Tower with Radar,10,27,36,0,73,0,0,46,0,46,10,27,82,0,119,58,0,58,177
08/05/2021,GRB,WI,AGL,CE,Combined TRACON& Tower with Radar,16,29,33,4,82,0,0,30,0,30,16,29,63,4,112,56,0,56,168
08/06/2021,GRB,WI,AGL,CE,Combined TRACON& Tower with Radar,15,20,25,0,60,0,0,9,0,9,15,20,34,0,69,28,0,28,97
08/07/2021,GRB,WI,AGL,CE,Combined TRACON& Tower with Radar,14,26,20,0,60,0,0,3,0,3,14,26,23,0,63,0,0,0,63
08/08/2021,GRB,WI,AGL,CE,Combined TRACON& Tower with Radar,17,21,17,0,55,0,0,4,0,4,17,21,21,0,59,0,0,0,59
08/09/2021,GRB,WI,AGL,CE,Combined TRACON& Tower with Radar,11,24,19,0,54,0,0,5,0,5,11,24,24,0,59,0,0,0,59
08/10/2021,GRB,WI,AGL,CE,Combined TRACON& Tower with Radar,12,24,23,0,59,0,0,6,0,6,12,24,29,0,65,6,0,6,71
08/11/2021,GRB,WI,AGL,CE,Combined TRACON& Tower with Radar,13,26,31,0,70,0,0,3,0,3,13,26,34,0,73,16,0,16,89
08/12/2021,GRB,WI,AGL,CE,Combined TRACON& Tower with Radar,18,29,41,3,91,0,0,33,1,34,18,29,74,4,125,30,10,40,165
08/13/2021,GRB,WI,AGL,CE,Combined TRACON& Tower with Radar,16,29,42,3,90,0,0,69,4,73,16,29,111,7,163,23,6,29,192
08/14/2021,GRB,WI,AGL,CE,Combined TRACON& Tower with Radar,17,26,31,4,78,0,0,59,0,59,17,26,90,4,137,18,0,18,155
08/15/2021,GRB,WI,AGL,CE,Combined TRACON& Tower with Radar,18,24,20,0,62,0,0,58,0,58,18,24,78,0,120,26,0,26,146
08/16/2021,GRB,WI,AGL,CE,Combined TRACON& Tower with Radar,13,29,30,0,72,0,0,45,2,47,13,29,75,2,119,46,0,46,165
08/17/2021,GRB,WI,AGL,CE,Combined TRACON& Tower with Radar,17,30,39,0,86,0,0,45,4,49,17,30,84,4,135,14,0,14,149
08/18/2021,GRB,WI,AGL,CE,Combined TRACON& Tower with Radar,16,30,41,0,87,0,0,39,2,41,16,30,80,2,128,42,0,42,170
08/19/2021,GRB,WI,AGL,CE,Combined TRACON& Tower with Radar,15,29,46,8,98,0,0,40,4,44,15,29,86,12,142,46,0,46,188
08/20/2021,GRB,WI,AGL,CE,Combined TRACON& Tower with Radar,15,26,36,0,77,0,0,37,0,37,15,26,73,0,114,0,0,0,114
08/21/2021,GRB,WI,AGL,CE,Combined TRACON& Tower with Radar,16,28,23,2,69,0,0,6,0,6,16,28,29,2,75,0,0,0,75
08/22/2021,GRB,WI,AGL,CE,Combined TRACON& Tower with Radar,16,23,32,0,71,0,0,61,0,61,16,23,93,0,132,0,0,0,132
08/23/2021,GRB,WI,AGL,CE,Combined TRACON& Tower with Radar,15,20,39,2,76,0,0,53,0,53,15,20,92,2,129,68,0,68,197
08/24/2021,GRB,WI,AGL,CE,Combined TRACON& Tower with Radar,13,26,25,0,64,0,0,8,0,8,13,26,33,0,72,50,0,50,122
08/25/2021,GRB,WI,AGL,CE,Combined TRACON& Tower with Radar,10,25,21,3,59,0,0,52,1,53,10,25,73,4,112,30,0,30,142
08/26/2021,GRB,WI,AGL,CE,Combined TRACON& Tower with Radar,15,27,42,2,86,0,0,38,0,38,15,27,80,2,124,0,0,0,124
08/27/2021,GRB,WI,AGL,CE,Combined TRACON& Tower with Radar,16,34,18,2,70,0,0,2,0,2,16,34,20,2,72,0,0,0,72
08/28/2021,GRB,WI,AGL,CE,Combined TRACON& Tower with Radar,16,22,15,0,53,0,1,29,0,30,16,23,44,0,83,0,0,0,83
08/29/2021,GRB,WI,AGL,CE,Combined TRACON& Tower with Radar,15,20,16,0,51,0,0,20,0,20,15,20,36,0,71,0,0,0,71
08/30/2021,GRB,WI,AGL,CE,Combined TRACON& Tower with Radar,12,27,33,1,73,0,0,76,0,76,12,27,109,1,149,0,0,0,149
08/31/2021,GRB,WI,AGL,CE,Combined TRACON& Tower with Radar,15,27,29,2,73,0,0,39,0,39,15,27,68,2,112,6,0,6,118
09/01/2021,GRB,WI,AGL,CE,Combined TRACON& Tower with Radar,14,25,29,2,70,0,0,50,0,50,14,25,79,2,120,38,0,38,158
09/02/2021,GRB,WI,AGL,CE,Combined TRACON& Tower with Radar,16,23,34,0,73,0,1,43,0,44,16,24,77,0,117,12,0,12,129
09/03/2021,GRB,WI,AGL,CE,Combined TRACON& Tower with Radar,14,28,41,0,83,0,0,14,0,14,14,28,55,0,97,10,0,10,107
09/04/2021,GRB,WI,AGL,CE,Combined TRACON& Tower with Radar,12,24,10,0,46,0,0,5,0,5,12,24,15,0,51,0,0,0,51
09/05/2021,GRB,WI,AGL,CE,Combined TRACON& Tower with Radar,12,22,13,0,47,0,0,15,0,15,12,22,28,0,62,28,0,28,90
09/06/2021,GRB,WI,AGL,CE,Combined TRACON& Tower with Radar,11,15,19,0,45,0,0,42,0,42,11,15,61,0,87,0,0,0,87
09/07/2021,GRB,WI,AGL,CE,Combined TRACON& Tower with Radar,12,26,15,2,55,0,0,6,2,8,12,26,21,4,63,0,0,0,63
09/08/2021,GRB,WI,AGL,CE,Combined TRACON& Tower with Radar,13,34,24,0,71,0,0,34,0,34,13,34,58,0,105,0,0,0,105
09/09/2021,GRB,WI,AGL,CE,Combined TRACON& Tower with Radar,16,30,52,2,100,0,0,44,1,45,16,30,96,3,145,16,0,16,161
09/10/2021,GRB,WI,AGL,CE,Combined TRACON& Tower with Radar,13,25,26,4,68,0,1,49,0,50,13,26,75,4,118,0,0,0,118
09/11/2021,GRB,WI,AGL,CE,Combined TRACON& Tower with Radar,15,22,29,0,66,0,1,45,0,46,15,23,74,0,112,0,0,0,112
09/12/2021,GRB,WI,AGL,CE,Combined TRACON& Tower with Radar,18,17,18,0,53,0,0,31,0,31,18,17,49,0,84,0,0,0,84
09/13/2021,GRB,WI,AGL,CE,Combined TRACON& Tower with Radar,25,14,31,0,70,0,0,40,0,40,25,14,71,0,110,14,0,14,124
09/14/2021,GRB,WI,AGL,CE,Combined TRACON& Tower with Radar,23,17,20,0,60,0,0,16,0,16,23,17,36,0,76,4,0,4,80
09/15/2021,GRB,WI,AGL,CE,Combined TRACON& Tower with Radar,22,22,31,8,83,0,0,45,2,47,22,22,76,10,130,16,8,24,154
09/16/2021,GRB,WI,AGL,CE,Combined TRACON& Tower with Radar,26,21,35,0,82,0,0,30,0,30,26,21,65,0,112,28,0,28,140
09/17/2021,GRB,WI,AGL,CE,Combined TRACON& Tower with Radar,27,20,42,1,90,0,1,28,0,29,27,21,70,1,119,0,0,0,119
09/18/2021,GRB,WI,AGL,CE,Combined TRACON& Tower with Radar,24,16,32,0,72,0,0,49,0,49,24,16,81,0,121,36,0,36,157
09/19/2021,GRB,WI,AGL,CE,Combined TRACON& Tower with Radar,25,18,41,0,84,0,0,37,0,37,25,18,78,0,121,38,0,38,159
09/20/2021,GRB,WI,AGL,CE,Combined TRACON& Tower with Radar,25,66,103,6,200,0,0,16,2,18,25,66,119,8,218,20,0,20,238
09/21/2021,GRB,WI,AGL,CE,Combined TRACON& Tower with Radar,30,21,64,1,116,0,0,23,0,23,30,21,87,1,139,34,8,42,181
09/22/2021,GRB,WI,AGL,CE,Combined TRACON& Tower with Radar,23,21,29,3,76,0,1,36,0,37,23,22,65,3,113,0,0,0,113
09/23/2021,GRB,WI,AGL,CE,Combined TRACON& Tower with Radar,26,27,33,0,86,0,0,13,0,13,26,27,46,0,99,0,0,0,99
09/24/2021,GRB,WI,AGL,CE,Combined TRACON& Tower with Radar,26,22,40,0,88,0,2,34,0,36,26,24,74,0,124,6,0,6,130
09/25/2021,GRB,WI,AGL,CE,Combined TRACON& Tower with Radar,29,18,33,0,80,0,0,30,0,30,29,18,63,0,110,0,0,0,110
09/26/2021,GRB,WI,AGL,CE,Combined TRACON& Tower with Radar,27,25,41,0,93,0,0,49,0,49,27,25,90,0,142,4,0,4,146
09/27/2021,GRB,WI,AGL,CE,Combined TRACON& Tower with Radar,24,14,31,12,81,0,1,21,0,22,24,15,52,12,103,0,0,0,103
09/28/2021,GRB,WI,AGL,CE,Combined TRACON& Tower with Radar,26,14,15,4,59,0,0,45,0,45,26,14,60,4,104,22,0,22,126
09/29/2021,GRB,WI,AGL,CE,Combined TRACON& Tower with Radar,25,17,35,0,77,0,0,60,0,60,25,17,95,0,137,0,0,0,137
09/30/2021,GRB,WI,AGL,CE,Combined TRACON& Tower with Radar,26,15,36,6,83,0,0,23,0,23,26,15,59,6,106,0,0,0,106
10/01/2021,GRB,WI,AGL,CE,Combined TRACON& Tower with Radar,24,26,46,12,108,0,0,29,0,29,24,26,75,12,137,0,0,0,137
10/02/2021,GRB,WI,AGL,CE,Combined TRACON& Tower with Radar,25,19,24,4,72,0,0,1,0,1,25,19,25,4,73,0,0,0,73
10/03/2021,GRB,WI,AGL,CE,Combined TRACON& Tower with Radar,27,72,127,0,226,0,0,6,2,8,27,72,133,2,234,0,0,0,234
10/04/2021,GRB,WI,AGL,CE,Combined TRACON& Tower with Radar,23,29,49,2,103,0,0,10,0,10,23,29,59,2,113,0,0,0,113
10/05/2021,GRB,WI,AGL,CE,Combined TRACON& Tower with Radar,21,21,33,4,79,0,0,11,0,11,21,21,44,4,90,8,0,8,98
10/06/2021,GRB,WI,AGL,CE,Combined TRACON& Tower with Radar,18,26,38,10,92,0,0,50,0,50,18,26,88,10,142,36,6,42,184
10/07/2021,GRB,WI,AGL,CE,Combined TRACON& Tower with Radar,19,25,20,0,64,0,0,0,0,0,19,25,20,0,64,0,0,0,64
10/08/2021,GRB,WI,AGL,CE,Combined TRACON& Tower with Radar,16,20,50,1,87,0,0,10,0,10,16,20,60,1,97,34,0,34,131
10/09/2021,GRB,WI,AGL,CE,Combined TRACON& Tower with Radar,20,17,22,0,59,0,0,6,0,6,20,17,28,0,65,0,0,0,65
10/10/2021,GRB,WI,AGL,CE,Combined TRACON& Tower with Radar,20,15,10,0,45,0,0,10,0,10,20,15,20,0,55,0,0,0,55
10/11/2021,GRB,WI,AGL,CE,Combined TRACON& Tower with Radar,16,25,30,0,71,0,0,7,0,7,16,25,37,0,78,0,0,0,78
10/12/2021,GRB,WI,AGL,CE,Combined TRACON& Tower with Radar,17,40,48,0,105,0,0,0,0,0,17,40,48,0,105,0,0,0,105
10/13/2021,GRB,WI,AGL,CE,Combined TRACON& Tower with Radar,17,33,41,10,101,0,0,25,0,25,17,33,66,10,126,18,12,30,156
10/14/2021,GRB,WI,AGL,CE,Combined TRACON& Tower with Radar,17,23,40,3,83,0,0,40,1,41,17,23,80,4,124,0,0,0,124
10/15/2021,GRB,WI,AGL,CE,Combined TRACON& Tower with Radar,15,20,33,0,68,0,0,34,0,34,15,20,67,0,102,10,0,10,112
10/16/2021,GRB,WI,AGL,CE,Combined TRACON& Tower with Radar,16,18,10,0,44,0,0,21,0,21,16,18,31,0,65,0,0,0,65
10/17/2021,GRB,WI,AGL,CE,Combined TRACON& Tower with Radar,20,20,25,0,65,0,0,27,0,27,20,20,52,0,92,0,0,0,92
10/18/2021,GRB,WI,AGL,CE,Combined TRACON& Tower with Radar,14,21,28,0,63,0,1,50,0,51,14,22,78,0,114,20,0,20,134
10/19/2021,GRB,WI,AGL,CE,Combined TRACON& Tower with Radar,16,26,30,0,72,0,0,45,0,45,16,26,75,0,117,0,0,0,117
10/20/2021,GRB,WI,AGL,CE,Combined TRACON& Tower with Radar,14,24,34,0,72,0,0,18,0,18,14,24,52,0,90,0,0,0,90
10/21/2021,GRB,WI,AGL,CE,Combined TRACON& Tower with Radar,18,32,29,3,82,0,0,8,1,9,18,32,37,4,91,14,0,14,105
10/22/2021,GRB,WI,AGL,CE,Combined TRACON& Tower with Radar,14,27,29,2,72,0,0,36,0,36,14,27,65,2,108,0,0,0,108
10/23/2021,GRB,WI,AGL,CE,Combined TRACON& Tower with Radar,19,22,29,3,73,0,2,54,0,56,19,24,83,3,129,44,0,44,173
10/24/2021,GRB,WI,AGL,CE,Combined TRACON& Tower with Radar,20,49,109,1,179,0,0,15,2,17,20,49,124,3,196,0,0,0,196
10/25/2021,GRB,WI,AGL,CE,Combined TRACON& Tower with Radar,17,21,37,2,77,0,0,2,2,4,17,21,39,4,81,0,0,0,81
10/26/2021,GRB,WI,AGL,CE,Combined TRACON& Tower with Radar,16,32,24,8,80,0,1,45,0,46,16,33,69,8,126,56,2,58,184
10/27/2021,GRB,WI,AGL,CE,Combined TRACON& Tower with Radar,16,29,29,10,84,0,0,31,3,34,16,29,60,13,118,62,16,78,196
10/28/2021,GRB,WI,AGL,CE,Combined TRACON& Tower with Radar,16,34,23,4,77,0,0,0,0,0,16,34,23,4,77,0,0,0,77
10/29/2021,GRB,WI,AGL,CE,Combined TRACON& Tower with Radar,18,26,25,0,69,0,0,4,0,4,18,26,29,0,73,0,0,0,73
10/30/2021,GRB,WI,AGL,CE,Combined TRACON& Tower with Radar,12,18,20,0,50,0,0,17,0,17,12,18,37,0,67,0,0,0,67
10/31/2021,GRB,WI,AGL,CE,Combined TRACON& Tower with Radar,16,18,19,0,53,0,0,7,0,7,16,18,26,0,60,0,0,0,60
11/01/2021,GRB,WI,AGL,CE,Combined TRACON& Tower with Radar,16,21,18,2,57,0,0,12,0,12,16,21,30,2,69,0,0,0,69
11/02/2021,GRB,WI,AGL,CE,Combined TRACON& Tower with Radar,15,27,17,1,60,0,0,36,2,38,15,27,53,3,98,18,0,18,116
11/03/2021,GRB,WI,AGL,CE,Combined TRACON& Tower with Radar,16,24,21,0,61,0,0,54,0,54,16,24,75,0,115,72,0,72,187
11/04/2021,GRB,WI,AGL,CE,Combined TRACON& Tower with Radar,18,26,36,4,84,0,0,46,2,48,18,26,82,6,132,64,6,70,202
11/05/2021,GRB,WI,AGL,CE,Combined TRACON& Tower with Radar,18,20,23,2,63,0,0,17,0,17,18,20,40,2,80,16,0,16,96
11/06/2021,GRB,WI,AGL,CE,Combined TRACON& Tower with Radar,16,15,13,2,46,0,1,22,0,23,16,16,35,2,69,26,0,26,95
11/07/2021,GRB,WI,AGL,CE,Combined TRACON& Tower with Radar,20,10,13,0,43,0,0,39,0,39,20,10,52,0,82,0,0,0,82
11/08/2021,GRB,WI,AGL,CE,Combined TRACON& Tower with Radar,20,20,39,4,83,0,0,38,4,42,20,20,77,8,125,76,4,80,205
11/09/2021,GRB,WI,AGL,CE,Combined TRACON& Tower with Radar,18,18,20,1,57,0,1,42,0,43,18,19,62,1,100,42,0,42,142
11/10/2021,GRB,WI,AGL,CE,Combined TRACON& Tower with Radar,18,21,27,3,69,0,1,54,1,56,18,22,81,4,125,32,4,36,161
11/11/2021,GRB,WI,AGL,CE,Combined TRACON& Tower with Radar,20,17,22,0,59,0,0,0,0,0,20,17,22,0,59,0,0,0,59
11/12/2021,GRB,WI,AGL,CE,Combined TRACON& Tower with Radar,22,16,33,1,72,0,0,0,0,0,22,16,33,1,72,0,0,0,72
11/13/2021,GRB,WI,AGL,CE,Combined TRACON& Tower with Radar,18,19,36,0,73,0,1,19,0,20,18,20,55,0,93,18,0,18,111
11/14/2021,GRB,WI,AGL,CE,Combined TRACON& Tower with Radar,23,45,101,1,170,0,2,2,3,7,23,47,103,4,177,0,0,0,177
11/15/2021,GRB,WI,AGL,CE,Combined TRACON& Tower with Radar,19,21,38,6,84,0,0,34,1,35,19,21,72,7,119,24,0,24,143
11/16/2021,GRB,WI,AGL,CE,Combined TRACON& Tower with Radar,18,15,26,0,59,0,2,19,0,21,18,17,45,0,80,28,0,28,108
11/17/2021,GRB,WI,AGL,CE,Combined TRACON& Tower with Radar,18,18,31,0,67,0,0,15,0,15,18,18,46,0,82,0,0,0,82
11/18/2021,GRB,WI,AGL,CE,Combined TRACON& Tower with Radar,20,19,23,2,64,0,0,3,0,3,20,19,26,2,67,0,0,0,67
11/19/2021,GRB,WI,AGL,CE,Combined TRACON& Tower with Radar,18,22,29,0,69,0,0,30,0,30,18,22,59,0,99,34,0,34,133
11/20/2021,GRB,WI,AGL,CE,Combined TRACON& Tower with Radar,18,16,20,0,54,0,2,35,0,37,18,18,55,0,91,0,0,0,91
11/21/2021,GRB,WI,AGL,CE,Combined TRACON& Tower with Radar,28,16,10,0,54,0,0,6,0,6,28,16,16,0,60,0,0,0,60
11/22/2021,GRB,WI,AGL,CE,Combined TRACON& Tower with Radar,18,12,16,1,47,0,0,16,3,19,18,12,32,4,66,12,0,12,78
11/23/2021,GRB,WI,AGL,CE,Combined TRACON& Tower with Radar,20,21,27,0,68,0,0,30,0,30,20,21,57,0,98,68,0,68,166
11/24/2021,GRB,WI,AGL,CE,Combined TRACON& Tower with Radar,18,15,26,0,59,0,0,9,0,9,18,15,35,0,68,0,0,0,68
11/25/2021,GRB,WI,AGL,CE,Combined TRACON& Tower with Radar,16,8,3,0,27,0,0,0,0,0,16,8,3,0,27,0,0,0,27
11/26/2021,GRB,WI,AGL,CE,Combined TRACON& Tower with Radar,14,15,8,0,37,0,0,29,0,29,14,15,37,0,66,44,0,44,110
11/27/2021,GRB,WI,AGL,CE,Combined TRACON& Tower with Radar,22,18,12,0,52,0,0,1,1,2,22,18,13,1,54,0,0,0,54
11/28/2021,GRB,WI,AGL,CE,Combined TRACON& Tower with Radar,23,36,92,0,151,0,0,10,3,13,23,36,102,3,164,0,0,0,164
11/29/2021,GRB,WI,AGL,CE,Combined TRACON& Tower with Radar,20,16,26,1,63,0,0,10,0,10,20,16,36,1,73,0,0,0,73
11/30/2021,GRB,WI,AGL,CE,Combined TRACON& Tower with Radar,20,22,26,4,72,0,0,18,0,18,20,22,44,4,90,12,0,12,102
12/01/2021,GRB,WI,AGL,CE,Combined TRACON& Tower with Radar,22,18,45,3,88,0,0,24,1,25,22,18,69,4,113,24,4,28,141
12/02/2021,GRB,WI,AGL,CE,Combined TRACON& Tower with Radar,24,15,39,0,78,0,2,17,0,19,24,17,56,0,97,16,0,16,113
12/03/2021,GRB,WI,AGL,CE,Combined TRACON& Tower with Radar,24,9,23,0,56,0,0,0,0,0,24,9,23,0,56,0,0,0,56
12/04/2021,GRB,WI,AGL,CE,Combined TRACON& Tower with Radar,19,9,18,0,46,0,0,51,0,51,19,9,69,0,97,0,0,0,97
12/05/2021,GRB,WI,AGL,CE,Combined TRACON& Tower with Radar,15,16,9,0,40,0,0,0,0,0,15,16,9,0,40,0,0,0,40
12/06/2021,GRB,WI,AGL,CE,Combined TRACON& Tower with Radar,14,17,27,0,58,0,0,0,2,2,14,17,27,2,60,0,0,0,60
12/07/2021,GRB,WI,AGL,CE,Combined TRACON& Tower with Radar,12,16,26,0,54,0,0,17,0,17,12,16,43,0,71,0,0,0,71
12/08/2021,GRB,WI,AGL,CE,Combined TRACON& Tower with Radar,13,16,31,0,60,0,0,35,0,35,13,16,66,0,95,20,0,20,115
12/09/2021,GRB,WI,AGL,CE,Combined TRACON& Tower with Radar,15,17,22,0,54,0,0,0,0,0,15,17,22,0,54,18,0,18,72
12/10/2021,GRB,WI,AGL,CE,Combined TRACON& Tower with Radar,11,19,27,0,57,0,0,6,0,6,11,19,33,0,63,38,0,38,101
12/11/2021,GRB,WI,AGL,CE,Combined TRACON& Tower with Radar,13,22,24,0,59,0,0,2,0,2,13,22,26,0,61,0,0,0,61
12/12/2021,GRB,WI,AGL,CE,Combined TRACON& Tower with Radar,17,57,99,0,173,0,1,19,0,20,17,58,118,0,193,0,0,0,193
12/13/2021,GRB,WI,AGL,CE,Combined TRACON& Tower with Radar,14,31,48,0,93,0,0,51,0,51,14,31,99,0,144,26,0,26,170
12/14/2021,GRB,WI,AGL,CE,Combined TRACON& Tower with Radar,15,26,24,0,65,0,0,35,0,35,15,26,59,0,100,8,0,8,108
12/15/2021,GRB,WI,AGL,CE,Combined TRACON& Tower with Radar,11,21,24,0,56,0,0,0,0,0,11,21,24,0,56,0,0,0,56
12/16/2021,GRB,WI,AGL,CE,Combined TRACON& Tower with Radar,18,20,23,0,61,0,0,1,0,1,18,20,24,0,62,0,0,0,62
12/17/2021,GRB,WI,AGL,CE,Combined TRACON& Tower with Radar,13,27,44,0,84,0,0,47,0,47,13,27,91,0,131,8,0,8,139
12/18/2021,GRB,WI,AGL,CE,Combined TRACON& Tower with Radar,12,18,8,0,38,0,0,5,0,5,12,18,13,0,43,0,0,0,43
12/19/2021,GRB,WI,AGL,CE,Combined TRACON& Tower with Radar,18,21,21,0,60,0,0,18,0,18,18,21,39,0,78,6,0,6,84
12/20/2021,GRB,WI,AGL,CE,Combined TRACON& Tower with Radar,10,29,26,0,65,0,2,32,0,34,10,31,58,0,99,0,0,0,99
12/21/2021,GRB,WI,AGL,CE,Combined TRACON& Tower with Radar,10,29,25,6,70,0,0,9,0,9,10,29,34,6,79,68,4,72,151
12/22/2021,GRB,WI,AGL,CE,Combined TRACON& Tower with Radar,8,24,22,0,54,0,0,42,0,42,8,24,64,0,96,36,0,36,132
12/23/2021,GRB,WI,AGL,CE,Combined TRACON& Tower with Radar,15,24,24,0,63,0,0,8,0,8,15,24,32,0,71,0,0,0,71
12/24/2021,GRB,WI,AGL,CE,Combined TRACON& Tower with Radar,12,17,3,0,32,0,0,0,0,0,12,17,3,0,32,0,0,0,32
12/25/2021,GRB,WI,AGL,CE,Combined TRACON& Tower with Radar,7,47,24,0,78,0,0,20,0,20,7,47,44,0,98,0,0,0,98
12/26/2021,GRB,WI,AGL,CE,Combined TRACON& Tower with Radar,14,31,28,0,73,0,0,28,0,28,14,31,56,0,101,0,0,0,101
12/27/2021,GRB,WI,AGL,CE,Combined TRACON& Tower with Radar,10,26,17,0,53,0,0,2,0,2,10,26,19,0,55,0,0,0,55
12/28/2021,GRB,WI,AGL,CE,Combined TRACON& Tower with Radar,14,28,11,0,53,0,0,12,0,12,14,28,23,0,65,0,0,0,65
12/29/2021,GRB,WI,AGL,CE,Combined TRACON& Tower with Radar,9,26,14,0,49,0,0,17,0,17,9,26,31,0,66,0,0,0,66
12/30/2021,GRB,WI,AGL,CE,Combined TRACON& Tower with Radar,17,27,13,0,57,0,0,13,0,13,17,27,26,0,70,52,0,52,122
12/31/2021,GRB,WI,AGL,CE,Combined TRACON& Tower with Radar,12,14,7,0,33,0,0,8,0,8,12,14,15,0,41,0,0,0,41
01/01/2022,GRB,WI,AGL,CE,Combined TRACON& Tower with Radar,4,18,24,0,46,0,0,8,0,8,4,18,32,0,54,24,0,24,78
01/02/2022,GRB,WI,AGL,CE,Combined TRACON& Tower with Radar,11,34,103,0,148,0,0,45,0,45,11,34,148,0,193,0,0,0,193
01/03/2022,GRB,WI,AGL,CE,Combined TRACON& Tower with Radar,7,27,21,0,55,0,0,18,0,18,7,27,39,0,73,0,0,0,73
01/04/2022,GRB,WI,AGL,CE,Combined TRACON& Tower with Radar,8,23,22,2,55,0,1,18,0,19,8,24,40,2,74,22,0,22,96
01/05/2022,GRB,WI,AGL,CE,Combined TRACON& Tower with Radar,7,23,19,0,49,0,0,0,0,0,7,23,19,0,49,22,0,22,71
01/06/2022,GRB,WI,AGL,CE,Combined TRACON& Tower with Radar,13,31,17,0,61,0,0,1,0,1,13,31,18,0,62,0,0,0,62
01/07/2022,GRB,WI,AGL,CE,Combined TRACON& Tower with Radar,10,21,21,0,52,0,1,30,0,31,10,22,51,0,83,0,0,0,83
01/08/2022,GRB,WI,AGL,CE,Combined TRACON& Tower with Radar,7,18,4,2,31,0,0,2,0,2,7,18,6,2,33,0,0,0,33
01/09/2022,GRB,WI,AGL,CE,Combined TRACON& Tower with Radar,15,23,8,0,46,0,0,1,0,1,15,23,9,0,47,0,0,0,47
01/10/2022,GRB,WI,AGL,CE,Combined TRACON& Tower with Radar,10,18,12,0,40,0,0,1,0,1,10,18,13,0,41,0,0,0,41
01/11/2022,GRB,WI,AGL,CE,Combined TRACON& Tower with Radar,8,20,17,2,47,0,0,13,0,13,8,20,30,2,60,6,0,6,66
01/12/2022,GRB,WI,AGL,CE,Combined TRACON& Tower with Radar,8,30,17,0,55,0,0,14,0,14,8,30,31,0,69,0,0,0,69
01/13/2022,GRB,WI,AGL,CE,Combined TRACON& Tower with Radar,18,27,23,0,68,0,0,0,0,0,18,27,23,0,68,0,0,0,68
01/14/2022,GRB,WI,AGL,CE,Combined TRACON& Tower with Radar,10,26,16,0,52,0,0,3,0,3,10,26,19,0,55,0,0,0,55
01/15/2022,GRB,WI,AGL,CE,Combined TRACON& Tower with Radar,6,19,18,0,43,0,0,30,0,30,6,19,48,0,73,10,0,10,83
01/16/2022,GRB,WI,AGL,CE,Combined TRACON& Tower with Radar,14,20,9,0,43,0,0,6,0,6,14,20,15,0,49,8,0,8,57
01/17/2022,GRB,WI,AGL,CE,Combined TRACON& Tower with Radar,12,30,24,0,66,0,0,23,0,23,12,30,47,0,89,6,0,6,95
01/18/2022,GRB,WI,AGL,CE,Combined TRACON& Tower with Radar,7,25,20,0,52,0,0,3,0,3,7,25,23,0,55,8,0,8,63
01/19/2022,GRB,WI,AGL,CE,Combined TRACON& Tower with Radar,9,27,15,0,51,0,0,9,0,9,9,27,24,0,60,0,0,0,60
01/20/2022,GRB,WI,AGL,CE,Combined TRACON& Tower with Radar,16,29,37,0,82,0,0,28,0,28,16,29,65,0,110,0,0,0,110
01/21/2022,GRB,WI,AGL,CE,Combined TRACON& Tower with Radar,12,47,34,0,93,0,0,23,0,23,12,47,57,0,116,0,0,0,116
01/22/2022,GRB,WI,AGL,CE,Combined TRACON& Tower with Radar,7,52,81,0,140,0,0,4,0,4,7,52,85,0,144,0,0,0,144
01/23/2022,GRB,WI,AGL,CE,Combined TRACON& Tower with Radar,15,31,44,0,90,0,0,21,0,21,15,31,65,0,111,0,0,0,111
01/24/2022,GRB,WI,AGL,CE,Combined TRACON& Tower with Radar,8,24,22,0,54,0,0,13,0,13,8,24,35,0,67,14,0,14,81
01/25/2022,GRB,WI,AGL,CE,Combined TRACON& Tower with Radar,7,26,19,3,55,0,1,21,0,22,7,27,40,3,77,0,0,0,77
01/26/2022,GRB,WI,AGL,CE,Combined TRACON& Tower with Radar,10,30,21,21,82,0,2,10,0,12,10,32,31,21,94,0,0,0,94
01/27/2022,GRB,WI,AGL,CE,Combined TRACON& Tower with Radar,12,35,21,0,68,0,0,5,0,5,12,35,26,0,73,6,0,6,79
01/28/2022,GRB,WI,AGL,CE,Combined TRACON& Tower with Radar,8,26,51,0,85,0,0,33,0,33,8,26,84,0,118,14,0,14,132
01/29/2022,GRB,WI,AGL,CE,Combined TRACON& Tower with Radar,6,18,12,0,36,0,1,18,0,19,6,19,30,0,55,12,0,12,67
01/30/2022,GRB,WI,AGL,CE,Combined TRACON& Tower with Radar,16,20,16,2,54,0,0,24,0,24,16,20,40,2,78,30,0,30,108
01/31/2022,GRB,WI,AGL,CE,Combined TRACON& Tower with Radar,10,25,21,0,56,0,0,29,3,32,10,25,50,3,88,32,0,32,120
02/01/2022,GRB,WI,AGL,CE,Combined TRACON& Tower with Radar,16,13,11,1,41,0,0,8,1,9,16,13,19,2,50,0,0,0,50
02/02/2022,GRB,WI,AGL,CE,Combined TRACON& Tower with Radar,14,12,20,12,58,0,1,21,0,22,14,13,41,12,80,24,0,24,104
02/03/2022,GRB,WI,AGL,CE,Combined TRACON& Tower with Radar,18,25,26,0,69,0,0,28,0,28,18,25,54,0,97,0,0,0,97
02/04/2022,GRB,WI,AGL,CE,Combined TRACON& Tower with Radar,12,22,21,2,57,0,0,3,0,3,12,22,24,2,60,0,0,0,60
02/05/2022,GRB,WI,AGL,CE,Combined TRACON& Tower with Radar,13,9,19,0,41,0,1,11,0,12,13,10,30,0,53,40,0,40,93
02/06/2022,GRB,WI,AGL,CE,Combined TRACON& Tower with Radar,18,20,8,0,46,0,0,13,0,13,18,20,21,0,59,0,0,0,59
02/07/2022,GRB,WI,AGL,CE,Combined TRACON& Tower with Radar,15,23,14,2,54,0,0,15,0,15,15,23,29,2,69,60,0,60,129
02/08/2022,GRB,WI,AGL,CE,Combined TRACON& Tower with Radar,18,11,21,0,50,0,0,30,1,31,18,11,51,1,81,24,0,24,105
02/09/2022,GRB,WI,AGL,CE,Combined TRACON& Tower with Radar,21,21,24,0,66,0,0,0,0,0,21,21,24,0,66,0,0,0,66
02/10/2022,GRB,WI,AGL,CE,Combined TRACON& Tower with Radar,19,24,29,0,72,0,0,12,0,12,19,24,41,0,84,0,0,0,84
02/11/2022,GRB,WI,AGL,CE,Combined TRACON& Tower with Radar,17,20,22,0,59,0,0,7,0,7,17,20,29,0,66,0,0,0,66
02/12/2022,GRB,WI,AGL,CE,Combined TRACON& Tower with Radar,16,8,22,0,46,0,1,30,0,31,16,9,52,0,77,14,0,14,91
02/13/2022,GRB,WI,AGL,CE,Combined TRACON& Tower with Radar,23,4,13,0,40,0,1,34,0,35,23,5,47,0,75,22,0,22,97
02/14/2022,GRB,WI,AGL,CE,Combined TRACON& Tower with Radar,19,17,17,0,53,0,0,17,0,17,19,17,34,0,70,50,0,50,120
02/15/2022,GRB,WI,AGL,CE,Combined TRACON& Tower with Radar,18,12,28,0,58,0,0,19,0,19,18,12,47,0,77,32,0,32,109
02/16/2022,GRB,WI,AGL,CE,Combined TRACON& Tower with Radar,17,11,23,2,53,0,0,10,0,10,17,11,33,2,63,24,4,28,91
02/17/2022,GRB,WI,AGL,CE,Combined TRACON& Tower with Radar,19,19,29,0,67,0,2,21,0,23,19,21,50,0,90,0,0,0,90
02/18/2022,GRB,WI,AGL,CE,Combined TRACON& Tower with Radar,18,23,19,0,60,0,0,1,2,3,18,23,20,2,63,0,0,0,63
02/19/2022,GRB,WI,AGL,CE,Combined TRACON& Tower with Radar,20,11,9,0,40,0,0,19,0,19,20,11,28,0,59,6,0,6,65
02/20/2022,GRB,WI,AGL,CE,Combined TRACON& Tower with Radar,24,5,13,0,42,0,0,3,0,3,24,5,16,0,45,2,0,2,47
02/21/2022,GRB,WI,AGL,CE,Combined TRACON& Tower with Radar,16,14,13,0,43,0,0,0,0,0,16,14,13,0,43,0,0,0,43
02/22/2022,GRB,WI,AGL,CE,Combined TRACON& Tower with Radar,17,11,12,0,40,0,0,0,0,0,17,11,12,0,40,0,0,0,40
02/23/2022,GRB,WI,AGL,CE,Combined TRACON& Tower with Radar,20,14,22,2,58,0,0,32,0,32,20,14,54,2,90,14,0,14,104
02/24/2022,GRB,WI,AGL,CE,Combined TRACON& Tower with Radar,20,20,29,0,69,0,0,4,0,4,20,20,33,0,73,0,0,0,73
02/25/2022,GRB,WI,AGL,CE,Combined TRACON& Tower with Radar,16,20,33,4,73,0,0,38,0,38,16,20,71,4,111,54,0,54,165
02/26/2022,GRB,WI,AGL,CE,Combined TRACON& Tower with Radar,21,7,28,0,56,0,0,25,0,25,21,7,53,0,81,0,0,0,81
02/27/2022,GRB,WI,AGL,CE,Combined TRACON& Tower with Radar,24,15,25,0,64,0,0,25,0,25,24,15,50,0,89,12,0,12,101
02/28/2022,GRB,WI,AGL,CE,Combined TRACON& Tower with Radar,17,17,22,0,56,0,0,17,0,17,17,17,39,0,73,30,0,30,103
03/01/2022,GRB,WI,AGL,CE,Combined TRACON& Tower with Radar,20,13,23,0,56,0,0,41,0,41,20,13,64,0,97,28,0,28,125
03/02/2022,GRB,WI,AGL,CE,Combined TRACON& Tower with Radar,18,14,28,0,60,0,0,5,0,5,18,14,33,0,65,0,0,0,65
03/03/2022,GRB,WI,AGL,CE,Combined TRACON& Tower with Radar,18,21,40,0,79,0,0,39,0,39,18,21,79,0,118,44,0,44,162
03/04/2022,GRB,WI,AGL,CE,Combined TRACON& Tower with Radar,12,22,40,2,76,0,0,34,0,34,12,22,74,2,110,4,0,4,114
03/05/2022,GRB,WI,AGL,CE,Combined TRACON& Tower with Radar,20,10,8,0,38,0,0,0,2,2,20,10,8,2,40,0,0,0,40
03/06/2022,GRB,WI,AGL,CE,Combined TRACON& Tower with Radar,17,17,9,0,43,0,0,2,0,2,17,17,11,0,45,0,0,0,45
03/07/2022,GRB,WI,AGL,CE,Combined TRACON& Tower with Radar,9,19,12,0,40,0,0,4,0,4,9,19,16,0,44,12,0,12,56
03/08/2022,GRB,WI,AGL,CE,Combined TRACON& Tower with Radar,8,27,22,0,57,0,0,32,0,32,8,27,54,0,89,14,0,14,103
03/09/2022,GRB,WI,AGL,CE,Combined TRACON& Tower with Radar,6,25,14,0,45,0,1,22,0,23,6,26,36,0,68,0,0,0,68
03/10/2022,GRB,WI,AGL,CE,Combined TRACON& Tower with Radar,12,35,36,0,83,0,1,31,0,32,12,36,67,0,115,4,0,4,119
03/11/2022,GRB,WI,AGL,CE,Combined TRACON& Tower with Radar,8,30,24,0,62,0,0,5,0,5,8,30,29,0,67,0,0,0,67
03/12/2022,GRB,WI,AGL,CE,Combined TRACON& Tower with Radar,9,16,24,0,49,0,4,22,0,26,9,20,46,0,75,10,0,10,85
03/13/2022,GRB,WI,AGL,CE,Combined TRACON& Tower with Radar,10,20,15,0,45,0,0,20,0,20,10,20,35,0,65,0,0,0,65
03/14/2022,GRB,WI,AGL,CE,Combined TRACON& Tower with Radar,8,32,22,0,62,0,0,8,0,8,8,32,30,0,70,0,0,0,70
03/15/2022,GRB,WI,AGL,CE,Combined TRACON& Tower with Radar,8,20,33,10,71,0,0,16,0,16,8,20,49,10,87,16,0,16,103
03/16/2022,GRB,WI,AGL,CE,Combined TRACON& Tower with Radar,6,25,40,6,77,0,0,24,0,24,6,25,64,6,101,0,0,0,101
03/17/2022,GRB,WI,AGL,CE,Combined TRACON& Tower with Radar,12,26,23,0,61,0,1,47,0,48,12,27,70,0,109,30,0,30,139
03/18/2022,GRB,WI,AGL,CE,Combined TRACON& Tower with Radar,8,26,13,0,47,0,0,0,0,0,8,26,13,0,47,0,0,0,47
03/19/2022,GRB,WI,AGL,CE,Combined TRACON& Tower with Radar,11,21,11,0,43,0,0,11,0,11,11,21,22,0,54,0,0,0,54
03/20/2022,GRB,WI,AGL,CE,Combined TRACON& Tower with Radar,12,21,28,0,61,0,0,55,0,55,12,21,83,0,116,50,0,50,166
03/21/2022,GRB,WI,AGL,CE,Combined TRACON& Tower with Radar,8,27,13,4,52,0,0,10,2,12,8,27,23,6,64,38,12,50,114
03/22/2022,GRB,WI,AGL,CE,Combined TRACON& Tower with Radar,8,29,14,0,51,0,0,1,0,1,8,29,15,0,52,0,0,0,52
03/23/2022,GRB,WI,AGL,CE,Combined TRACON& Tower with Radar,8,25,15,0,48,0,0,0,0,0,8,25,15,0,48,0,0,0,48
03/24/2022,GRB,WI,AGL,CE,Combined TRACON& Tower with Radar,15,30,12,0,57,0,0,0,0,0,15,30,12,0,57,0,0,0,57
03/25/2022,GRB,WI,AGL,CE,Combined TRACON& Tower with Radar,8,32,19,4,63,0,0,5,0,5,8,32,24,4,68,0,0,0,68
03/26/2022,GRB,WI,AGL,CE,Combined TRACON& Tower with Radar,10,23,14,0,47,0,0,2,0,2,10,23,16,0,49,0,0,0,49
03/27/2022,GRB,WI,AGL,CE,Combined TRACON& Tower with Radar,14,26,22,0,62,0,1,29,0,30,14,27,51,0,92,0,0,0,92
03/28/2022,GRB,WI,AGL,CE,Combined TRACON& Tower with Radar,9,29,20,0,58,0,1,47,2,50,9,30,67,2,108,6,0,6,114
03/29/2022,GRB,WI,AGL,CE,Combined TRACON& Tower with Radar,6,26,30,7,69,0,0,26,1,27,6,26,56,8,96,0,0,0,96
03/30/2022,GRB,WI,AGL,CE,Combined TRACON& Tower with Radar,6,26,16,0,48,0,0,1,0,1,6,26,17,0,49,0,0,0,49
03/31/2022,GRB,WI,AGL,CE,Combined TRACON& Tower with Radar,13,29,12,0,54,0,0,0,0,0,13,29,12,0,54,0,0,0,54
04/01/2022,GRB,WI,AGL,CE,Combined TRACON& Tower with Radar,10,28,35,0,73,0,0,39,0,39,10,28,74,0,112,0,0,0,112
04/02/2022,GRB,WI,AGL,CE,Combined TRACON& Tower with Radar,8,22,5,0,35,0,0,0,0,0,8,22,5,0,35,0,0,0,35
04/03/2022,GRB,WI,AGL,CE,Combined TRACON& Tower with Radar,8,22,33,0,63,0,0,23,0,23,8,22,56,0,86,0,0,0,86
04/04/2022,GRB,WI,AGL,CE,Combined TRACON& Tower with Radar,10,30,11,0,51,0,0,0,0,0,10,30,11,0,51,0,0,0,51
04/05/2022,GRB,WI,AGL,CE,Combined TRACON& Tower with Radar,11,23,12,0,46,0,0,0,0,0,11,23,12,0,46,0,0,0,46
04/06/2022,GRB,WI,AGL,CE,Combined TRACON& Tower with Radar,10,25,11,0,46,0,0,14,0,14,10,25,25,0,60,6,0,6,66
04/07/2022,GRB,WI,AGL,CE,Combined TRACON& Tower with Radar,12,24,17,0,53,0,0,1,0,1,12,24,18,0,54,0,0,0,54
04/08/2022,GRB,WI,AGL,CE,Combined TRACON& Tower with Radar,9,31,18,0,58,0,0,1,0,1,9,31,19,0,59,10,0,10,69
04/09/2022,GRB,WI,AGL,CE,Combined TRACON& Tower with Radar,12,18,28,0,58,0,0,57,0,57,12,18,85,0,115,0,0,0,115
04/10/2022,GRB,WI,AGL,CE,Combined TRACON& Tower with Radar,16,20,25,0,61,0,0,37,0,37,16,20,62,0,98,46,0,46,144
04/11/2022,GRB,WI,AGL,CE,Combined TRACON& Tower with Radar,22,15,17,0,54,0,0,8,0,8,22,15,25,0,62,46,0,46,108
04/12/2022,GRB,WI,AGL,CE,Combined TRACON& Tower with Radar,20,18,29,8,75,0,1,35,0,36,20,19,64,8,111,36,0,36,147
04/13/2022,GRB,WI,AGL,CE,Combined TRACON& Tower with Radar,20,11,23,0,54,0,0,0,0,0,20,11,23,0,54,0,0,0,54
04/14/2022,GRB,WI,AGL,CE,Combined TRACON& Tower with Radar,22,11,12,4,49,0,0,0,0,0,22,11,12,4,49,0,0,0,49
04/15/2022,GRB,WI,AGL,CE,Combined TRACON& Tower with Radar,22,20,21,2,65,0,0,2,0,2,22,20,23,2,67,0,0,0,67
04/16/2022,GRB,WI,AGL,CE,Combined TRACON& Tower with Radar,20,10,5,0,35,0,0,6,0,6,20,10,11,0,41,0,0,0,41
04/17/2022,GRB,WI,AGL,CE,Combined TRACON& Tower with Radar,22,7,7,0,36,0,0,16,0,16,22,7,23,0,52,42,0,42,94
04/18/2022,GRB,WI,AGL,CE,Combined TRACON& Tower with Radar,21,13,18,0,52,0,0,0,0,0,21,13,18,0,52,0,0,0,52
04/19/2022,GRB,WI,AGL,CE,Combined TRACON& Tower with Radar,22,18,26,6,72,0,1,50,0,51,22,19,76,6,123,30,0,30,153
04/20/2022,GRB,WI,AGL,CE,Combined TRACON& Tower with Radar,20,16,25,0,61,0,0,6,0,6,20,16,31,0,67,8,0,8,75
04/21/2022,GRB,WI,AGL,CE,Combined TRACON& Tower with Radar,22,17,31,4,74,0,2,26,0,28,22,19,57,4,102,0,0,0,102
04/22/2022,GRB,WI,AGL,CE,Combined TRACON& Tower with Radar,22,10,18,3,53,0,0,11,3,14,22,10,29,6,67,12,0,12,79
04/23/2022,GRB,WI,AGL,CE,Combined TRACON& Tower with Radar,20,18,15,0,53,0,0,25,0,25,20,18,40,0,78,0,0,0,78
04/24/2022,GRB,WI,AGL,CE,Combined TRACON& Tower with Radar,24,12,20,0,56,0,0,11,0,11,24,12,31,0,67,0,0,0,67
04/25/2022,GRB,WI,AGL,CE,Combined TRACON& Tower with Radar,22,13,15,0,50,0,0,16,0,16,22,13,31,0,66,0,0,0,66
04/26/2022,GRB,WI,AGL,CE,Combined TRACON& Tower with Radar,20,23,15,2,60,0,0,15,2,17,20,23,30,4,77,22,0,22,99
04/27/2022,GRB,WI,AGL,CE,Combined TRACON& Tower with Radar,19,16,39,0,74,0,0,54,0,54,19,16,93,0,128,10,0,10,138
04/28/2022,GRB,WI,AGL,CE,Combined TRACON& Tower with Radar,21,15,28,2,66,0,0,35,2,37,21,15,63,4,103,2,0,2,105
04/29/2022,GRB,WI,AGL,CE,Combined TRACON& Tower with Radar,23,20,20,6,69,0,0,20,2,22,23,20,40,8,91,0,0,0,91
04/30/2022,GRB,WI,AGL,CE,Combined TRACON& Tower with Radar,17,14,10,0,41,0,0,0,0,0,17,14,10,0,41,0,0,0,41
05/01/2022,GRB,WI,AGL,CE,Combined TRACON& Tower with Radar,22,15,11,0,48,0,0,0,0,0,22,15,11,0,48,0,0,0,48
05/02/2022,GRB,WI,AGL,CE,Combined TRACON& Tower with Radar,20,15,15,8,58,0,0,11,0,11,20,15,26,8,69,62,0,62,131
05/03/2022,GRB,WI,AGL,CE,Combined TRACON& Tower with Radar,22,15,18,3,58,0,0,6,0,6,22,15,24,3,64,0,0,0,64
05/04/2022,GRB,WI,AGL,CE,Combined TRACON& Tower with Radar,18,14,30,7,69,0,0,53,0,53,18,14,83,7,122,46,0,46,168
05/05/2022,GRB,WI,AGL,CE,Combined TRACON& Tower with Radar,22,13,35,2,72,0,0,48,0,48,22,13,83,2,120,14,0,14,134
05/06/2022,GRB,WI,AGL,CE,Combined TRACON& Tower with Radar,20,15,32,0,67,0,0,26,0,26,20,15,58,0,93,8,0,8,101
05/07/2022,GRB,WI,AGL,CE,Combined TRACON& Tower with Radar,15,10,24,0,49,0,0,57,0,57,15,10,81,0,106,32,0,32,138
05/08/2022,GRB,WI,AGL,CE,Combined TRACON& Tower with Radar,21,9,29,0,59,0,0,24,0,24,21,9,53,0,83,18,4,22,105
05/09/2022,GRB,WI,AGL,CE,Combined TRACON& Tower with Radar,20,13,23,0,56,0,0,1,0,1,20,13,24,0,57,4,0,4,61
05/10/2022,GRB,WI,AGL,CE,Combined TRACON& Tower with Radar,20,18,16,6,60,0,0,13,0,13,20,18,29,6,73,20,0,20,93
05/11/2022,GRB,WI,AGL,CE,Combined TRACON& Tower with Radar,21,14,35,0,70,0,0,7,0,7,21,14,42,0,77,10,0,10,87
05/12/2022,GRB,WI,AGL,CE,Combined TRACON& Tower with Radar,23,20,36,0,79,0,0,25,0,25,23,20,61,0,104,0,0,0,104
05/13/2022,GRB,WI,AGL,CE,Combined TRACON& Tower with Radar,22,13,10,2,47,0,0,35,0,35,22,13,45,2,82,6,0,6,88
05/14/2022,GRB,WI,AGL,CE,Combined TRACON& Tower with Radar,16,12,21,0,49,0,0,36,0,36,16,12,57,0,85,14,0,14,99
05/15/2022,GRB,WI,AGL,CE,Combined TRACON& Tower with Radar,21,8,25,0,54,0,0,43,0,43,21,8,68,0,97,0,0,0,97
05/16/2022,GRB,WI,AGL,CE,Combined TRACON& Tower with Radar,20,14,32,0,66,0,1,16,2,19,20,15,48,2,85,0,0,0,85
05/17/2022,GRB,WI,AGL,CE,Combined TRACON& Tower with Radar,20,17,38,0,75,0,0,39,0,39,20,17,77,0,114,0,0,0,114
05/18/2022,GRB,WI,AGL,CE,Combined TRACON& Tower with Radar,18,20,42,0,80,0,0,12,0,12,18,20,54,0,92,0,0,0,92
05/19/2022,GRB,WI,AGL,CE,Combined TRACON& Tower with Radar,22,18,34,0,74,0,1,22,0,23,22,19,56,0,97,14,0,14,111
05/20/2022,GRB,WI,AGL,CE,Combined TRACON& Tower with Radar,18,12,25,0,55,0,0,10,0,10,18,12,35,0,65,0,0,0,65
05/21/2022,GRB,WI,AGL,CE,Combined TRACON& Tower with Radar,16,9,13,0,38,0,1,34,0,35,16,10,47,0,73,0,0,0,73
05/22/2022,GRB,WI,AGL,CE,Combined TRACON& Tower with Radar,20,14,15,0,49,0,0,17,4,21,20,14,32,4,70,26,0,26,96
05/23/2022,GRB,WI,AGL,CE,Combined TRACON& Tower with Radar,19,11,30,0,60,0,1,45,0,46,19,12,75,0,106,38,0,38,144
05/24/2022,GRB,WI,AGL,CE,Combined TRACON& Tower with Radar,20,13,30,8,71,0,1,44,0,45,20,14,74,8,116,0,0,0,116
05/25/2022,GRB,WI,AGL,CE,Combined TRACON& Tower with Radar,17,14,23,0,54,0,0,1,0,1,17,14,24,0,55,0,0,0,55
05/26/2022,GRB,WI,AGL,CE,Combined TRACON& Tower with Radar,22,26,41,0,89,0,0,2,0,2,22,26,43,0,91,6,0,6,97
05/27/2022,GRB,WI,AGL,CE,Combined TRACON& Tower with Radar,19,17,22,0,58,0,1,30,0,31,19,18,52,0,89,62,0,62,151
05/28/2022,GRB,WI,AGL,CE,Combined TRACON& Tower with Radar,16,6,14,0,36,0,0,30,0,30,16,6,44,0,66,24,0,24,90
05/29/2022,GRB,WI,AGL,CE,Combined TRACON& Tower with Radar,17,8,4,0,29,0,1,8,0,9,17,9,12,0,38,18,0,18,56
05/30/2022,GRB,WI,AGL,CE,Combined TRACON& Tower with Radar,22,10,6,0,38,0,0,12,0,12,22,10,18,0,50,0,0,0,50
05/31/2022,GRB,WI,AGL,CE,Combined TRACON& Tower with Radar,20,19,24,0,63,0,0,5,0,5,20,19,29,0,68,0,0,0,68
06/01/2022,GRB,WI,AGL,CE,Combined TRACON& Tower with Radar,16,17,30,0,63,0,0,63,0,63,16,17,93,0,126,100,0,100,226
06/02/2022,GRB,WI,AGL,CE,Combined TRACON& Tower with Radar,20,18,19,2,59,0,0,47,0,47,20,18,66,2,106,34,0,34,140
06/03/2022,GRB,WI,AGL,CE,Combined TRACON& Tower with Radar,19,17,30,0,66,0,2,23,0,25,19,19,53,0,91,16,0,16,107
06/04/2022,GRB,WI,AGL,CE,Combined TRACON& Tower with Radar,15,11,17,2,45,0,0,40,1,41,15,11,57,3,86,12,12,24,110
06/05/2022,GRB,WI,AGL,CE,Combined TRACON& Tower with Radar,23,11,6,0,40,0,0,7,0,7,23,11,13,0,47,40,0,40,87
06/06/2022,GRB,WI,AGL,CE,Combined TRACON& Tower with Radar,17,13,25,0,55,0,0,0,0,0,17,13,25,0,55,0,0,0,55
06/07/2022,GRB,WI,AGL,CE,Combined TRACON& Tower with Radar,19,15,26,0,60,0,0,45,3,48,19,15,71,3,108,46,0,46,154
06/08/2022,GRB,WI,AGL,CE,Combined TRACON& Tower with Radar,18,27,31,3,79,0,1,3,1,5,18,28,34,4,84,0,0,0,84
06/09/2022,GRB,WI,AGL,CE,Combined TRACON& Tower with Radar,20,19,43,0,82,0,0,54,1,55,20,19,97,1,137,16,0,16,153
06/10/2022,GRB,WI,AGL,CE,Combined TRACON& Tower with Radar,18,24,31,0,73,0,0,31,0,31,18,24,62,0,104,4,0,4,108
06/11/2022,GRB,WI,AGL,CE,Combined TRACON& Tower with Radar,15,18,11,0,44,0,0,11,0,11,15,18,22,0,55,44,0,44,99
06/12/2022,GRB,WI,AGL,CE,Combined TRACON& Tower with Radar,20,17,16,0,53,0,0,28,0,28,20,17,44,0,81,28,0,28,109
06/13/2022,GRB,WI,AGL,CE,Combined TRACON& Tower with Radar,17,20,21,0,58,0,0,14,0,14,17,20,35,0,72,22,0,22,94
06/14/2022,GRB,WI,AGL,CE,Combined TRACON& Tower with Radar,21,23,38,1,83,0,0,21,1,22,21,23,59,2,105,14,0,14,119
06/15/2022,GRB,WI,AGL,CE,Combined TRACON& Tower with Radar,16,20,22,1,59,0,0,19,0,19,16,20,41,1,78,22,4,26,104
06/16/2022,GRB,WI,AGL,CE,Combined TRACON& Tower with Radar,21,26,19,3,69,0,1,13,2,16,21,27,32,5,85,0,0,0,85
06/17/2022,GRB,WI,AGL,CE,Combined TRACON& Tower with Radar,18,18,33,0,69,0,0,38,0,38,18,18,71,0,107,4,0,4,111
06/18/2022,GRB,WI,AGL,CE,Combined TRACON& Tower with Radar,16,15,11,0,42,0,0,57,0,57,16,15,68,0,99,18,0,18,117
06/19/2022,GRB,WI,AGL,CE,Combined TRACON& Tower with Radar,20,12,21,0,53,0,2,35,0,37,20,14,56,0,90,28,0,28,118
06/20/2022,GRB,WI,AGL,CE,Combined TRACON& Tower with Radar,17,16,25,0,58,0,3,26,1,30,17,19,51,1,88,28,0,28,116
06/21/2022,GRB,WI,AGL,CE,Combined TRACON& Tower with Radar,20,16,34,2,72,0,2,24,0,26,20,18,58,2,98,30,0,30,128
06/22/2022,GRB,WI,AGL,CE,Combined TRACON& Tower with Radar,18,21,54,0,93,0,0,49,0,49,18,21,103,0,142,18,0,18,160
06/23/2022,GRB,WI,AGL,CE,Combined TRACON& Tower with Radar,20,32,28,6,86,0,4,34,2,40,20,36,62,8,126,24,2,26,152
06/24/2022,GRB,WI,AGL,CE,Combined TRACON& Tower with Radar,20,17,27,2,66,0,2,34,0,36,20,19,61,2,102,14,0,14,116
06/25/2022,GRB,WI,AGL,CE,Combined TRACON& Tower with Radar,18,8,13,0,39,0,2,8,0,10,18,10,21,0,49,0,0,0,49
06/26/2022,GRB,WI,AGL,CE,Combined TRACON& Tower with Radar,20,19,25,0,64,0,5,11,0,16,20,24,36,0,80,0,0,0,80
06/27/2022,GRB,WI,AGL,CE,Combined TRACON& Tower with Radar,20,17,29,3,69,0,4,44,0,48,20,21,73,3,117,10,0,10,127
06/28/2022,GRB,WI,AGL,CE,Combined TRACON& Tower with Radar,20,18,24,4,66,0,0,24,2,26,20,18,48,6,92,30,0,30,122
06/29/2022,GRB,WI,AGL,CE,Combined TRACON& Tower with Radar,18,21,34,2,75,0,1,40,0,41,18,22,74,2,116,62,0,62,178
06/30/2022,GRB,WI,AGL,CE,Combined TRACON& Tower with Radar,22,20,42,0,84,0,0,12,0,12,22,20,54,0,96,0,0,0,96
07/01/2022,GRB,WI,AGL,CE,Combined TRACON& Tower with Radar,20,21,20,1,62,0,2,49,0,51,20,23,69,1,113,44,0,44,157
07/02/2022,GRB,WI,AGL,CE,Combined TRACON& Tower with Radar,15,11,5,3,34,0,0,39,1,40,15,11,44,4,74,34,0,34,108
07/03/2022,GRB,WI,AGL,CE,Combined TRACON& Tower with Radar,20,8,5,1,34,0,2,22,0,24,20,10,27,1,58,18,0,18,76
07/04/2022,GRB,WI,AGL,CE,Combined TRACON& Tower with Radar,19,11,6,0,36,0,0,8,0,8,19,11,14,0,44,6,0,6,50
07/05/2022,GRB,WI,AGL,CE,Combined TRACON& Tower with Radar,21,11,31,2,65,0,0,28,0,28,21,11,59,2,93,10,0,10,103
07/06/2022,GRB,WI,AGL,CE,Combined TRACON& Tower with Radar,16,10,45,2,73,0,2,19,0,21,16,12,64,2,94,36,0,36,130
07/07/2022,GRB,WI,AGL,CE,Combined TRACON& Tower with Radar,18,17,20,0,55,0,0,44,0,44,18,17,64,0,99,52,0,52,151
07/08/2022,GRB,WI,AGL,CE,Combined TRACON& Tower with Radar,16,18,37,0,71,0,0,28,0,28,16,18,65,0,99,20,0,20,119
07/09/2022,GRB,WI,AGL,CE,Combined TRACON& Tower with Radar,16,13,12,5,46,0,2,48,1,51,16,15,60,6,97,10,0,10,107
07/10/2022,GRB,WI,AGL,CE,Combined TRACON& Tower with Radar,20,19,9,0,48,0,0,34,0,34,20,19,43,0,82,0,0,0,82
07/11/2022,GRB,WI,AGL,CE,Combined TRACON& Tower with Radar,17,22,28,2,69,0,0,14,0,14,17,22,42,2,83,42,0,42,125
07/12/2022,GRB,WI,AGL,CE,Combined TRACON& Tower with Radar,17,20,47,0,84,0,0,19,0,19,17,20,66,0,103,0,0,0,103
07/13/2022,GRB,WI,AGL,CE,Combined TRACON& Tower with Radar,15,17,31,4,67,0,1,59,0,60,15,18,90,4,127,56,10,66,193
07/14/2022,GRB,WI,AGL,CE,Combined TRACON& Tower with Radar,17,25,37,4,83,0,0,66,0,66,17,25,103,4,149,24,0,24,173
07/15/2022,GRB,WI,AGL,CE,Combined TRACON& Tower with Radar,17,24,10,1,52,0,0,0,0,0,17,24,10,1,52,0,0,0,52
07/16/2022,GRB,WI,AGL,CE,Combined TRACON& Tower with Radar,14,18,21,3,56,0,0,25,0,25,14,18,46,3,81,36,0,36,117
07/17/2022,GRB,WI,AGL,CE,Combined TRACON& Tower with Radar,15,15,20,2,52,0,0,41,0,41,15,15,61,2,93,0,0,0,93
07/18/2022,GRB,WI,AGL,CE,Combined TRACON& Tower with Radar,13,27,21,2,63,0,2,32,0,34,13,29,53,2,97,70,0,70,167
07/19/2022,GRB,WI,AGL,CE,Combined TRACON& Tower with Radar,16,16,37,7,76,0,1,31,0,32,16,17,68,7,108,32,2,34,142
07/20/2022,GRB,WI,AGL,CE,Combined TRACON& Tower with Radar,14,16,42,0,72,0,0,10,0,10,14,16,52,0,82,16,0,16,98
07/21/2022,GRB,WI,AGL,CE,Combined TRACON& Tower with Radar,15,22,45,14,96,0,3,39,8,50,15,25,84,22,146,18,0,18,164
07/22/2022,GRB,WI,AGL,CE,Combined TRACON& Tower with Radar,22,26,33,0,81,0,0,46,0,46,22,26,79,0,127,36,0,36,163
07/23/2022,GRB,WI,AGL,CE,Combined TRACON& Tower with Radar,15,30,43,0,88,0,0,18,4,22,15,30,61,4,110,26,0,26,136
07/24/2022,GRB,WI,AGL,CE,Combined TRACON& Tower with Radar,14,25,53,0,92,0,0,33,0,33,14,25,86,0,125,0,0,0,125
07/25/2022,GRB,WI,AGL,CE,Combined TRACON& Tower with Radar,14,18,47,2,81,0,0,64,0,64,14,18,111,2,145,8,0,8,153
07/26/2022,GRB,WI,AGL,CE,Combined TRACON& Tower with Radar,18,18,50,4,90,0,0,51,0,51,18,18,101,4,141,8,0,8,149
07/27/2022,GRB,WI,AGL,CE,Combined TRACON& Tower with Radar,14,23,52,0,89,0,0,33,0,33,14,23,85,0,122,0,0,0,122
07/28/2022,GRB,WI,AGL,CE,Combined TRACON& Tower with Radar,16,27,75,3,121,0,1,52,0,53,16,28,127,3,174,20,0,20,194
07/29/2022,GRB,WI,AGL,CE,Combined TRACON& Tower with Radar,14,25,42,2,83,0,0,41,0,41,14,25,83,2,124,12,0,12,136
07/30/2022,GRB,WI,AGL,CE,Combined TRACON& Tower with Radar,14,17,39,0,70,0,0,34,0,34,14,17,73,0,104,0,0,0,104
07/31/2022,GRB,WI,AGL,CE,Combined TRACON& Tower with Radar,16,21,46,1,84,0,2,39,0,41,16,23,85,1,125,0,0,0,125
08/01/2022,GRB,WI,AGL,CE,Combined TRACON& Tower with Radar,14,26,19,2,61,0,0,14,3,17,14,26,33,5,78,0,0,0,78
08/02/2022,GRB,WI,AGL,CE,Combined TRACON& Tower with Radar,15,25,32,1,73,0,1,44,0,45,15,26,76,1,118,0,0,0,118
08/03/2022,GRB,WI,AGL,CE,Combined TRACON& Tower with Radar,13,17,20,0,50,0,0,12,0,12,13,17,32,0,62,14,0,14,76
08/04/2022,GRB,WI,AGL,CE,Combined TRACON& Tower with Radar,18,38,32,2,90,0,0,50,0,50,18,38,82,2,140,32,0,32,172
08/05/2022,GRB,WI,AGL,CE,Combined TRACON& Tower with Radar,16,21,24,2,63,0,2,43,2,47,16,23,67,4,110,18,0,18,128
08/06/2022,GRB,WI,AGL,CE,Combined TRACON& Tower with Radar,12,26,9,1,48,0,0,11,0,11,12,26,20,1,59,16,0,16,75
08/07/2022,GRB,WI,AGL,CE,Combined TRACON& Tower with Radar,17,23,10,0,50,0,0,0,0,0,17,23,10,0,50,0,0,0,50
08/08/2022,GRB,WI,AGL,CE,Combined TRACON& Tower with Radar,16,25,41,2,84,0,0,6,1,7,16,25,47,3,91,0,0,0,91
08/09/2022,GRB,WI,AGL,CE,Combined TRACON& Tower with Radar,16,21,36,1,74,0,1,55,1,57,16,22,91,2,131,30,0,30,161
08/10/2022,GRB,WI,AGL,CE,Combined TRACON& Tower with Radar,14,20,37,0,71,0,0,37,0,37,14,20,74,0,108,40,0,40,148
08/11/2022,GRB,WI,AGL,CE,Combined TRACON& Tower with Radar,19,24,21,2,66,0,2,48,0,50,19,26,69,2,116,20,0,20,136
08/12/2022,GRB,WI,AGL,CE,Combined TRACON& Tower with Radar,14,28,26,0,68,0,0,54,0,54,14,28,80,0,122,52,0,52,174
08/13/2022,GRB,WI,AGL,CE,Combined TRACON& Tower with Radar,14,19,8,1,42,0,0,0,0,0,14,19,8,1,42,0,0,0,42
08/14/2022,GRB,WI,AGL,CE,Combined TRACON& Tower with Radar,16,17,23,1,57,0,0,5,0,5,16,17,28,1,62,0,0,0,62
08/15/2022,GRB,WI,AGL,CE,Combined TRACON& Tower with Radar,16,28,20,2,66,0,0,25,2,27,16,28,45,4,93,10,0,10,103
08/16/2022,GRB,WI,AGL,CE,Combined TRACON& Tower with Radar,16,19,28,1,64,0,0,45,1,46,16,19,73,2,110,40,0,40,150
08/17/2022,GRB,WI,AGL,CE,Combined TRACON& Tower with Radar,13,20,37,3,73,0,2,56,3,61,13,22,93,6,134,0,0,0,134
08/18/2022,GRB,WI,AGL,CE,Combined TRACON& Tower with Radar,16,21,32,4,73,0,0,36,4,40,16,21,68,8,113,0,0,0,113
08/19/2022,GRB,WI,AGL,CE,Combined TRACON& Tower with Radar,15,29,43,0,87,0,1,27,0,28,15,30,70,0,115,26,0,26,141
08/20/2022,GRB,WI,AGL,CE,Combined TRACON& Tower with Radar,12,18,6,0,36,0,0,1,0,1,12,18,7,0,37,14,0,14,51
08/21/2022,GRB,WI,AGL,CE,Combined TRACON& Tower with Radar,17,18,17,0,52,0,0,15,0,15,17,18,32,0,67,20,0,20,87
08/22/2022,GRB,WI,AGL,CE,Combined TRACON& Tower with Radar,15,23,22,2,62,0,1,60,0,61,15,24,82,2,123,58,0,58,181
08/23/2022,GRB,WI,AGL,CE,Combined TRACON& Tower with Radar,16,17,23,12,68,0,0,49,2,51,16,17,72,14,119,30,0,30,149
08/24/2022,GRB,WI,AGL,CE,Combined TRACON& Tower with Radar,18,22,25,0,65,0,0,46,2,48,18,22,71,2,113,18,0,18,131
08/25/2022,GRB,WI,AGL,CE,Combined TRACON& Tower with Radar,16,22,55,0,93,0,0,8,0,8,16,22,63,0,101,0,0,0,101
08/26/2022,GRB,WI,AGL,CE,Combined TRACON& Tower with Radar,16,28,32,9,85,0,0,53,0,53,16,28,85,9,138,0,0,0,138
08/27/2022,GRB,WI,AGL,CE,Combined TRACON& Tower with Radar,12,15,9,2,38,0,1,27,0,28,12,16,36,2,66,0,0,0,66
08/28/2022,GRB,WI,AGL,CE,Combined TRACON& Tower with Radar,16,19,13,1,49,0,0,5,0,5,16,19,18,1,54,0,0,0,54
08/29/2022,GRB,WI,AGL,CE,Combined TRACON& Tower with Radar,20,16,32,0,68,0,1,19,0,20,20,17,51,0,88,0,0,0,88
08/30/2022,GRB,WI,AGL,CE,Combined TRACON& Tower with Radar,16,17,28,2,63,0,1,38,2,41,16,18,66,4,104,0,0,0,104
08/31/2022,GRB,WI,AGL,CE,Combined TRACON& Tower with Radar,14,27,18,0,59,0,1,42,2,45,14,28,60,2,104,14,0,14,118
09/01/2022,GRB,WI,AGL,CE,Combined TRACON& Tower with Radar,16,31,34,2,83,0,0,54,2,56,16,31,88,4,139,20,2,22,161
09/02/2022,GRB,WI,AGL,CE,Combined TRACON& Tower with Radar,16,25,24,2,67,0,0,14,0,14,16,25,38,2,81,0,0,0,81
09/03/2022,GRB,WI,AGL,CE,Combined TRACON& Tower with Radar,10,22,4,0,36,0,0,9,0,9,10,22,13,0,45,0,0,0,45
09/04/2022,GRB,WI,AGL,CE,Combined TRACON& Tower with Radar,16,9,20,0,45,0,0,8,0,8,16,9,28,0,53,0,0,0,53
09/05/2022,GRB,WI,AGL,CE,Combined TRACON& Tower with Radar,13,19,13,10,55,0,1,32,0,33,13,20,45,10,88,42,0,42,130
09/06/2022,GRB,WI,AGL,CE,Combined TRACON& Tower with Radar,13,30,31,4,78,0,0,34,2,36,13,30,65,6,114,0,0,0,114
09/07/2022,GRB,WI,AGL,CE,Combined TRACON& Tower with Radar,10,30,30,0,70,0,1,52,0,53,10,31,82,0,123,28,0,28,151
09/08/2022,GRB,WI,AGL,CE,Combined TRACON& Tower with Radar,14,26,29,0,69,0,0,44,1,45,14,26,73,1,114,34,0,34,148
09/09/2022,GRB,WI,AGL,CE,Combined TRACON& Tower with Radar,15,29,33,1,78,0,1,31,0,32,15,30,64,1,110,0,0,0,110
09/10/2022,GRB,WI,AGL,CE,Combined TRACON& Tower with Radar,13,22,19,0,54,0,0,3,0,3,13,22,22,0,57,0,0,0,57
09/11/2022,GRB,WI,AGL,CE,Combined TRACON& Tower with Radar,20,24,13,0,57,0,0,1,0,1,20,24,14,0,58,0,0,0,58
09/12/2022,GRB,WI,AGL,CE,Combined TRACON& Tower with Radar,15,34,24,0,73,0,0,0,0,0,15,34,24,0,73,0,0,0,73
09/13/2022,GRB,WI,AGL,CE,Combined TRACON& Tower with Radar,10,31,24,2,67,0,0,62,0,62,10,31,86,2,129,16,0,16,145
09/14/2022,GRB,WI,AGL,CE,Combined TRACON& Tower with Radar,10,32,44,0,86,0,0,39,0,39,10,32,83,0,125,0,0,0,125
09/15/2022,GRB,WI,AGL,CE,Combined TRACON& Tower with Radar,16,32,38,1,87,0,1,35,11,47,16,33,73,12,134,28,18,46,180
09/16/2022,GRB,WI,AGL,CE,Combined TRACON& Tower with Radar,16,38,37,7,98,0,1,49,0,50,16,39,86,7,148,0,0,0,148
09/17/2022,GRB,WI,AGL,CE,Combined TRACON& Tower with Radar,20,26,26,0,72,0,1,35,0,36,20,27,61,0,108,0,0,0,108
09/18/2022,GRB,WI,AGL,CE,Combined TRACON& Tower with Radar,17,60,104,0,181,0,0,12,0,12,17,60,116,0,193,0,0,0,193
09/19/2022,GRB,WI,AGL,CE,Combined TRACON& Tower with Radar,22,42,50,10,124,0,0,52,0,52,22,42,102,10,176,0,0,0,176
09/20/2022,GRB,WI,AGL,CE,Combined TRACON& Tower with Radar,11,29,13,1,54,0,0,27,1,28,11,29,40,2,82,0,0,0,82
09/21/2022,GRB,WI,AGL,CE,Combined TRACON& Tower with Radar,11,27,46,0,84,0,0,38,0,38,11,27,84,0,122,0,0,0,122
09/22/2022,GRB,WI,AGL,CE,Combined TRACON& Tower with Radar,16,25,20,0,61,0,0,32,0,32,16,25,52,0,93,0,0,0,93
09/23/2022,GRB,WI,AGL,CE,Combined TRACON& Tower with Radar,15,26,22,0,63,0,0,45,0,45,15,26,67,0,108,0,0,0,108
09/24/2022,GRB,WI,AGL,CE,Combined TRACON& Tower with Radar,11,27,5,0,43,0,0,4,0,4,11,27,9,0,47,0,0,0,47
09/25/2022,GRB,WI,AGL,CE,Combined TRACON& Tower with Radar,13,31,13,0,57,0,0,4,0,4,13,31,17,0,61,0,0,0,61
09/26/2022,GRB,WI,AGL,CE,Combined TRACON& Tower with Radar,15,31,25,0,71,0,0,14,0,14,15,31,39,0,85,0,0,0,85
09/27/2022,GRB,WI,AGL,CE,Combined TRACON& Tower with Radar,10,32,30,0,72,0,0,23,0,23,10,32,53,0,95,0,0,0,95
09/28/2022,GRB,WI,AGL,CE,Combined TRACON& Tower with Radar,12,34,26,0,72,0,1,48,2,51,12,35,74,2,123,6,0,6,129
09/29/2022,GRB,WI,AGL,CE,Combined TRACON& Tower with Radar,11,31,32,0,74,0,0,47,0,47,11,31,79,0,121,70,6,76,197
09/30/2022,GRB,WI,AGL,CE,Combined TRACON& Tower with Radar,10,36,35,4,85,0,0,63,1,64,10,36,98,5,149,0,0,0,149
10/01/2022,GRB,WI,AGL,CE,Combined TRACON& Tower with Radar,18,27,26,0,71,0,0,50,0,50,18,27,76,0,121,0,0,0,121
10/02/2022,GRB,WI,AGL,CE,Combined TRACON& Tower with Radar,14,78,96,1,189,0,2,11,2,15,14,80,107,3,204,0,0,0,204
10/03/2022,GRB,WI,AGL,CE,Combined TRACON& Tower with Radar,20,41,34,1,96,0,0,63,0,63,20,41,97,1,159,0,0,0,159
10/04/2022,GRB,WI,AGL,CE,Combined TRACON& Tower with Radar,8,33,24,0,65,0,0,51,0,51,8,33,75,0,116,2,0,2,118
10/05/2022,GRB,WI,AGL,CE,Combined TRACON& Tower with Radar,8,34,26,2,70,0,0,30,0,30,8,34,56,2,100,0,0,0,100
10/06/2022,GRB,WI,AGL,CE,Combined TRACON& Tower with Radar,14,36,35,0,85,0,1,5,0,6,14,37,40,0,91,6,0,6,97
10/07/2022,GRB,WI,AGL,CE,Combined TRACON& Tower with Radar,10,26,15,0,51,0,0,18,0,18,10,26,33,0,69,36,0,36,105
10/08/2022,GRB,WI,AGL,CE,Combined TRACON& Tower with Radar,13,29,9,0,51,0,0,18,0,18,13,29,27,0,69,0,0,0,69
10/09/2022,GRB,WI,AGL,CE,Combined TRACON& Tower with Radar,11,23,11,0,45,0,0,32,0,32,11,23,43,0,77,0,0,0,77
10/10/2022,GRB,WI,AGL,CE,Combined TRACON& Tower with Radar,13,33,31,0,77,0,0,47,0,47,13,33,78,0,124,34,0,34,158
10/11/2022,GRB,WI,AGL,CE,Combined TRACON& Tower with Radar,12,27,16,2,57,0,0,21,0,21,12,27,37,2,78,52,14,66,144
10/12/2022,GRB,WI,AGL,CE,Combined TRACON& Tower with Radar,7,27,17,0,51,0,0,4,0,4,7,27,21,0,55,0,0,0,55
10/13/2022,GRB,WI,AGL,CE,Combined TRACON& Tower with Radar,10,35,13,8,66,0,0,15,0,15,10,35,28,8,81,0,0,0,81
10/14/2022,GRB,WI,AGL,CE,Combined TRACON& Tower with Radar,12,31,21,2,66,0,0,13,0,13,12,31,34,2,79,34,0,34,113
10/15/2022,GRB,WI,AGL,CE,Combined TRACON& Tower with Radar,20,30,15,1,66,0,0,9,1,10,20,30,24,2,76,24,0,24,100
10/16/2022,GRB,WI,AGL,CE,Combined TRACON& Tower with Radar,12,77,92,0,181,0,0,7,2,9,12,77,99,2,190,0,0,0,190
10/17/2022,GRB,WI,AGL,CE,Combined TRACON& Tower with Radar,16,36,35,1,88,0,0,0,0,0,16,36,35,1,88,0,0,0,88
10/18/2022,GRB,WI,AGL,CE,Combined TRACON& Tower with Radar,14,31,22,0,67,0,0,2,4,6,14,31,24,4,73,0,0,0,73
10/19/2022,GRB,WI,AGL,CE,Combined TRACON& Tower with Radar,10,34,37,0,81,0,0,31,0,31,10,34,68,0,112,10,0,10,122
10/20/2022,GRB,WI,AGL,CE,Combined TRACON& Tower with Radar,10,30,41,0,81,0,0,48,0,48,10,30,89,0,129,0,0,0,129
10/21/2022,GRB,WI,AGL,CE,Combined TRACON& Tower with Radar,12,29,20,0,61,0,1,23,0,24,12,30,43,0,85,0,0,0,85
10/22/2022,GRB,WI,AGL,CE,Combined TRACON& Tower with Radar,11,23,17,0,51,0,1,32,0,33,11,24,49,0,84,0,0,0,84
10/23/2022,GRB,WI,AGL,CE,Combined TRACON& Tower with Radar,16,21,18,0,55,0,1,28,0,29,16,22,46,0,84,0,0,0,84
10/24/2022,GRB,WI,AGL,CE,Combined TRACON& Tower with Radar,10,26,19,2,57,0,0,4,0,4,10,26,23,2,61,14,0,14,75
10/25/2022,GRB,WI,AGL,CE,Combined TRACON& Tower with Radar,12,28,20,0,60,0,0,10,0,10,12,28,30,0,70,8,0,8,78
10/26/2022,GRB,WI,AGL,CE,Combined TRACON& Tower with Radar,8,32,28,0,68,0,0,20,0,20,8,32,48,0,88,0,0,0,88
10/27/2022,GRB,WI,AGL,CE,Combined TRACON& Tower with Radar,10,31,34,2,77,0,1,40,2,43,10,32,74,4,120,0,0,0,120
10/28/2022,GRB,WI,AGL,CE,Combined TRACON& Tower with Radar,10,30,35,5,80,0,0,44,9,53,10,30,79,14,133,0,0,0,133
10/29/2022,GRB,WI,AGL,CE,Combined TRACON& Tower with Radar,14,25,16,0,55,0,0,42,0,42,14,25,58,0,97,0,0,0,97
10/30/2022,GRB,WI,AGL,CE,Combined TRACON& Tower with Radar,10,20,14,0,44,0,0,27,0,27,10,20,41,0,71,0,0,0,71
10/31/2022,GRB,WI,AGL,CE,Combined TRACON& Tower with Radar,13,22,13,0,48,0,0,29,0,29,13,22,42,0,77,0,0,0,77
11/01/2022,GRB,WI,AGL,CE,Combined TRACON& Tower with Radar,9,33,43,1,86,0,0,57,1,58,9,33,100,2,144,26,0,26,170
11/02/2022,GRB,WI,AGL,CE,Combined TRACON& Tower with Radar,6,41,33,12,92,0,0,41,1,42,6,41,74,13,134,6,0,6,140
11/03/2022,GRB,WI,AGL,CE,Combined TRACON& Tower with Radar,8,31,40,2,81,0,0,13,0,13,8,31,53,2,94,0,6,6,100
11/04/2022,GRB,WI,AGL,CE,Combined TRACON& Tower with Radar,8,26,21,0,55,0,0,0,0,0,8,26,21,0,55,0,0,0,55
11/05/2022,GRB,WI,AGL,CE,Combined TRACON& Tower with Radar,8,21,3,0,32,0,0,0,0,0,8,21,3,0,32,0,0,0,32
11/06/2022,GRB,WI,AGL,CE,Combined TRACON& Tower with Radar,12,23,23,0,58,0,0,2,0,2,12,23,25,0,60,0,0,0,60
11/07/2022,GRB,WI,AGL,CE,Combined TRACON& Tower with Radar,12,29,39,0,80,0,0,42,0,42,12,29,81,0,122,20,0,20,142
11/08/2022,GRB,WI,AGL,CE,Combined TRACON& Tower with Radar,6,31,23,0,60,0,0,27,0,27,6,31,50,0,87,8,0,8,95
11/09/2022,GRB,WI,AGL,CE,Combined TRACON& Tower with Radar,9,31,29,0,69,0,0,11,0,11,9,31,40,0,80,0,0,0,80
11/10/2022,GRB,WI,AGL,CE,Combined TRACON& Tower with Radar,17,25,20,0,62,0,1,5,0,6,17,26,25,0,68,0,0,0,68
11/11/2022,GRB,WI,AGL,CE,Combined TRACON& Tower with Radar,26,23,28,1,78,0,0,11,0,11,26,23,39,1,89,0,0,0,89
11/12/2022,GRB,WI,AGL,CE,Combined TRACON& Tower with Radar,31,25,51,1,108,0,0,5,0,5,31,25,56,1,113,0,0,0,113
11/13/2022,GRB,WI,AGL,CE,Combined TRACON& Tower with Radar,24,48,169,0,241,0,0,23,2,25,24,48,192,2,266,0,0,0,266
11/14/2022,GRB,WI,AGL,CE,Combined TRACON& Tower with Radar,39,35,65,0,139,0,3,28,1,32,39,38,93,1,171,38,0,38,209
11/15/2022,GRB,WI,AGL,CE,Combined TRACON& Tower with Radar,18,25,19,0,62,0,0,0,0,0,18,25,19,0,62,0,0,0,62
11/16/2022,GRB,WI,AGL,CE,Combined TRACON& Tower with Radar,19,32,30,0,81,0,0,19,0,19,19,32,49,0,100,22,0,22,122
11/17/2022,GRB,WI,AGL,CE,Combined TRACON& Tower with Radar,21,62,81,0,164,0,0,2,0,2,21,62,83,0,166,0,0,0,166
11/18/2022,GRB,WI,AGL,CE,Combined TRACON& Tower with Radar,29,35,46,0,110,0,0,10,0,10,29,35,56,0,120,8,0,8,128
11/19/2022,GRB,WI,AGL,CE,Combined TRACON& Tower with Radar,13,21,9,0,43,0,0,1,0,1,13,21,10,0,44,0,0,0,44
11/20/2022,GRB,WI,AGL,CE,Combined TRACON& Tower with Radar,11,31,12,0,54,0,0,14,0,14,11,31,26,0,68,0,0,0,68
11/21/2022,GRB,WI,AGL,CE,Combined TRACON& Tower with Radar,16,27,26,0,69,0,0,29,0,29,16,27,55,0,98,2,0,2,100
11/22/2022,GRB,WI,AGL,CE,Combined TRACON& Tower with Radar,8,30,23,0,61,0,0,38,2,40,8,30,61,2,101,0,0,0,101
11/23/2022,GRB,WI,AGL,CE,Combined TRACON& Tower with Radar,12,26,19,0,57,0,2,48,0,50,12,28,67,0,107,0,0,0,107
11/24/2022,GRB,WI,AGL,CE,Combined TRACON& Tower with Radar,7,14,4,0,25,0,0,2,0,2,7,14,6,0,27,0,0,0,27
11/25/2022,GRB,WI,AGL,CE,Combined TRACON& Tower with Radar,11,26,11,0,48,0,1,22,0,23,11,27,33,0,71,0,0,0,71
11/26/2022,GRB,WI,AGL,CE,Combined TRACON& Tower with Radar,12,26,9,0,47,0,0,19,0,19,12,26,28,0,66,0,0,0,66
11/27/2022,GRB,WI,AGL,CE,Combined TRACON& Tower with Radar,12,21,14,0,47,0,0,7,0,7,12,21,21,0,54,0,0,0,54
11/28/2022,GRB,WI,AGL,CE,Combined TRACON& Tower with Radar,19,24,17,0,60,0,0,24,0,24,19,24,41,0,84,6,0,6,90
11/29/2022,GRB,WI,AGL,CE,Combined TRACON& Tower with Radar,6,30,32,0,68,0,0,0,0,0,6,30,32,0,68,0,0,0,68
11/30/2022,GRB,WI,AGL,CE,Combined TRACON& Tower with Radar,9,37,24,1,71,0,0,4,1,5,9,37,28,2,76,0,0,0,76
12/01/2022,GRB,WI,AGL,CE,Combined TRACON& Tower with Radar,11,24,33,0,68,0,0,43,1,44,11,24,76,1,112,8,0,8,120
12/02/2022,GRB,WI,AGL,CE,Combined TRACON& Tower with Radar,15,22,19,6,62,0,2,13,1,16,15,24,32,7,78,0,0,0,78
12/03/2022,GRB,WI,AGL,CE,Combined TRACON& Tower with Radar,13,24,13,0,50,0,0,11,7,18,13,24,24,7,68,0,0,0,68
12/04/2022,GRB,WI,AGL,CE,Combined TRACON& Tower with Radar,14,23,14,0,51,0,0,24,0,24,14,23,38,0,75,0,0,0,75
12/05/2022,GRB,WI,AGL,CE,Combined TRACON& Tower with Radar,14,27,28,0,69,0,0,35,0,35,14,27,63,0,104,6,0,6,110
12/06/2022,GRB,WI,AGL,CE,Combined TRACON& Tower with Radar,10,28,25,10,73,0,0,13,0,13,10,28,38,10,86,18,0,18,104
12/07/2022,GRB,WI,AGL,CE,Combined TRACON& Tower with Radar,12,31,18,4,65,0,0,5,0,5,12,31,23,4,70,6,0,6,76
12/08/2022,GRB,WI,AGL,CE,Combined TRACON& Tower with Radar,10,28,39,4,81,0,1,43,0,44,10,29,82,4,125,4,0,4,129
12/09/2022,GRB,WI,AGL,CE,Combined TRACON& Tower with Radar,18,29,11,0,58,0,0,1,0,1,18,29,12,0,59,16,0,16,75
12/10/2022,GRB,WI,AGL,CE,Combined TRACON& Tower with Radar,10,21,4,0,35,0,0,0,0,0,10,21,4,0,35,0,0,0,35
12/11/2022,GRB,WI,AGL,CE,Combined TRACON& Tower with Radar,12,19,10,0,41,0,0,2,0,2,12,19,12,0,43,0,0,0,43
12/12/2022,GRB,WI,AGL,CE,Combined TRACON& Tower with Radar,13,29,16,0,58,0,0,4,0,4,13,29,20,0,62,12,0,12,74
12/13/2022,GRB,WI,AGL,CE,Combined TRACON& Tower with Radar,8,34,14,0,56,0,0,6,0,6,8,34,20,0,62,0,0,0,62
12/14/2022,GRB,WI,AGL,CE,Combined TRACON& Tower with Radar,8,31,17,0,56,0,1,0,0,1,8,32,17,0,57,0,0,0,57
12/15/2022,GRB,WI,AGL,CE,Combined TRACON& Tower with Radar,15,25,17,0,57,0,0,0,0,0,15,25,17,0,57,0,0,0,57
12/16/2022,GRB,WI,AGL,CE,Combined TRACON& Tower with Radar,19,21,17,0,57,0,0,0,0,0,19,21,17,0,57,0,0,0,57
12/17/2022,GRB,WI,AGL,CE,Combined TRACON& Tower with Radar,18,15,9,0,42,0,0,0,0,0,18,15,9,0,42,0,0,0,42
12/18/2022,GRB,WI,AGL,CE,Combined TRACON& Tower with Radar,22,18,25,0,65,0,0,8,0,8,22,18,33,0,73,0,0,0,73
12/19/2022,GRB,WI,AGL,CE,Combined TRACON& Tower with Radar,25,31,69,3,128,0,0,13,1,14,25,31,82,4,142,0,0,0,142
12/20/2022,GRB,WI,AGL,CE,Combined TRACON& Tower with Radar,22,26,51,2,101,0,0,25,0,25,22,26,76,2,126,0,0,0,126
12/21/2022,GRB,WI,AGL,CE,Combined TRACON& Tower with Radar,17,20,17,12,66,0,0,22,0,22,17,20,39,12,88,0,0,0,88
12/22/2022,GRB,WI,AGL,CE,Combined TRACON& Tower with Radar,17,18,3,0,38,0,0,0,0,0,17,18,3,0,38,0,0,0,38
12/23/2022,GRB,WI,AGL,CE,Combined TRACON& Tower with Radar,17,7,1,0,25,0,0,0,0,0,17,7,1,0,25,0,0,0,25
12/24/2022,GRB,WI,AGL,CE,Combined TRACON& Tower with Radar,17,12,7,0,36,0,0,1,0,1,17,12,8,0,37,0,0,0,37
12/25/2022,GRB,WI,AGL,CE,Combined TRACON& Tower with Radar,22,8,1,0,31,0,0,0,0,0,22,8,1,0,31,0,0,0,31
12/26/2022,GRB,WI,AGL,CE,Combined TRACON& Tower with Radar,22,19,28,0,69,0,0,25,0,25,22,19,53,0,94,0,0,0,94
12/27/2022,GRB,WI,AGL,CE,Combined TRACON& Tower with Radar,15,27,19,0,61,0,0,20,0,20,15,27,39,0,81,4,0,4,85
12/28/2022,GRB,WI,AGL,CE,Combined TRACON& Tower with Radar,16,19,24,0,59,0,0,11,0,11,16,19,35,0,70,0,0,0,70
12/29/2022,GRB,WI,AGL,CE,Combined TRACON& Tower with Radar,20,17,8,0,45,0,0,0,0,0,20,17,8,0,45,0,0,0,45
12/30/2022,GRB,WI,AGL,CE,Combined TRACON& Tower with Radar,23,13,5,0,41,0,0,0,0,0,23,13,5,0,41,0,0,0,41
12/31/2022,GRB,WI,AGL,CE,Combined TRACON& Tower with Radar,18,16,7,0,41,0,0,1,0,1,18,16,8,0,42,0,0,0,42
01/01/2023,GRB,WI,AGL,CE,Combined TRACON& Tower with Radar,20,38,57,0,115,0,0,6,0,6,20,38,63,0,121,0,0,0,121
01/02/2023,GRB,WI,AGL,CE,Combined TRACON& Tower with Radar,20,25,20,0,65,0,0,7,0,7,20,25,27,0,72,0,0,0,72
01/03/2023,GRB,WI,AGL,CE,Combined TRACON& Tower with Radar,12,13,8,0,33,0,0,0,0,0,12,13,8,0,33,12,0,12,45
01/04/2023,GRB,WI,AGL,CE,Combined TRACON& Tower with Radar,22,16,17,0,55,0,0,0,0,0,22,16,17,0,55,0,0,0,55
01/05/2023,GRB,WI,AGL,CE,Combined TRACON& Tower with Radar,19,18,9,2,48,0,0,0,0,0,19,18,9,2,48,0,0,0,48
01/06/2023,GRB,WI,AGL,CE,Combined TRACON& Tower with Radar,18,21,12,0,51,0,0,5,0,5,18,21,17,0,56,102,0,102,158
01/07/2023,GRB,WI,AGL,CE,Combined TRACON& Tower with Radar,16,20,25,0,61,0,0,5,0,5,16,20,30,0,66,48,0,48,114
01/08/2023,GRB,WI,AGL,CE,Combined TRACON& Tower with Radar,17,37,67,0,121,0,0,0,0,0,17,37,67,0,121,0,0,0,121
01/09/2023,GRB,WI,AGL,CE,Combined TRACON& Tower with Radar,24,32,35,0,91,0,0,73,0,73,24,32,108,0,164,12,0,12,176
01/10/2023,GRB,WI,AGL,CE,Combined TRACON& Tower with Radar,14,22,22,0,58,0,0,0,0,0,14,22,22,0,58,0,0,0,58
01/11/2023,GRB,WI,AGL,CE,Combined TRACON& Tower with Radar,16,21,18,0,55,0,0,6,0,6,16,21,24,0,61,0,0,0,61
01/12/2023,GRB,WI,AGL,CE,Combined TRACON& Tower with Radar,20,19,27,0,66,0,0,14,0,14,20,19,41,0,80,86,0,86,166
01/13/2023,GRB,WI,AGL,CE,Combined TRACON& Tower with Radar,16,29,30,0,75,0,0,24,0,24,16,29,54,0,99,48,0,48,147
01/14/2023,GRB,WI,AGL,CE,Combined TRACON& Tower with Radar,12,15,27,0,54,0,0,20,0,20,12,15,47,0,74,58,0,58,132
01/15/2023,GRB,WI,AGL,CE,Combined TRACON& Tower with Radar,18,16,14,0,48,0,0,35,0,35,18,16,49,0,83,20,0,20,103
01/16/2023,GRB,WI,AGL,CE,Combined TRACON& Tower with Radar,15,17,9,0,41,0,0,1,0,1,15,17,10,0,42,0,0,0,42
01/17/2023,GRB,WI,AGL,CE,Combined TRACON& Tower with Radar,13,17,26,2,58,0,2,1,0,3,13,19,27,2,61,0,0,0,61
01/18/2023,GRB,WI,AGL,CE,Combined TRACON& Tower with Radar,18,23,15,8,64,0,0,19,0,19,18,23,34,8,83,54,0,54,137
01/19/2023,GRB,WI,AGL,CE,Combined TRACON& Tower with Radar,18,24,7,0,49,0,0,0,0,0,18,24,7,0,49,0,0,0,49
01/20/2023,GRB,WI,AGL,CE,Combined TRACON& Tower with Radar,16,18,26,0,60,0,0,19,0,19,16,18,45,0,79,6,0,6,85
01/21/2023,GRB,WI,AGL,CE,Combined TRACON& Tower with Radar,13,11,2,0,26,0,0,0,0,0,13,11,2,0,26,0,0,0,26
01/22/2023,GRB,WI,AGL,CE,Combined TRACON& Tower with Radar,20,22,5,0,47,0,0,0,0,0,20,22,5,0,47,0,0,0,47
01/23/2023,GRB,WI,AGL,CE,Combined TRACON& Tower with Radar,17,18,30,2,67,0,0,22,0,22,17,18,52,2,89,0,0,0,89
01/24/2023,GRB,WI,AGL,CE,Combined TRACON& Tower with Radar,14,18,29,0,61,0,1,20,0,21,14,19,49,0,82,36,0,36,118
01/25/2023,GRB,WI,AGL,CE,Combined TRACON& Tower with Radar,16,16,15,0,47,0,0,0,0,0,16,16,15,0,47,0,0,0,47
01/26/2023,GRB,WI,AGL,CE,Combined TRACON& Tower with Radar,18,20,25,0,63,0,0,3,0,3,18,20,28,0,66,0,0,0,66
01/27/2023,GRB,WI,AGL,CE,Combined TRACON& Tower with Radar,19,18,19,1,57,0,0,3,0,3,19,18,22,1,60,0,0,0,60
01/28/2023,GRB,WI,AGL,CE,Combined TRACON& Tower with Radar,17,18,14,0,49,0,0,28,0,28,17,18,42,0,77,0,0,0,77
01/29/2023,GRB,WI,AGL,CE,Combined TRACON& Tower with Radar,18,14,17,1,50,0,0,30,0,30,18,14,47,1,80,130,0,130,210
01/30/2023,GRB,WI,AGL,CE,Combined TRACON& Tower with Radar,16,17,26,2,61,0,0,32,0,32,16,17,58,2,93,0,0,0,93
01/31/2023,GRB,WI,AGL,CE,Combined TRACON& Tower with Radar,14,16,18,0,48,0,0,21,0,21,14,16,39,0,69,30,0,30,99
02/01/2023,GRB,WI,AGL,CE,Combined TRACON& Tower with Radar,18,20,24,4,66,0,1,42,0,43,18,21,66,4,109,20,0,20,129
02/02/2023,GRB,WI,AGL,CE,Combined TRACON& Tower with Radar,20,25,29,4,78,0,2,35,0,37,20,27,64,4,115,0,0,0,115
02/03/2023,GRB,WI,AGL,CE,Combined TRACON& Tower with Radar,16,18,12,0,46,0,0,21,0,21,16,18,33,0,67,18,0,18,85
02/04/2023,GRB,WI,AGL,CE,Combined TRACON& Tower with Radar,12,13,20,0,45,0,1,24,0,25,12,14,44,0,70,0,0,0,70
02/05/2023,GRB,WI,AGL,CE,Combined TRACON& Tower with Radar,18,15,18,0,51,0,0,22,2,24,18,15,40,2,75,0,0,0,75
02/06/2023,GRB,WI,AGL,CE,Combined TRACON& Tower with Radar,16,21,20,0,57,0,0,19,0,19,16,21,39,0,76,0,0,0,76
02/07/2023,GRB,WI,AGL,CE,Combined TRACON& Tower with Radar,14,17,21,0,52,0,0,17,0,17,14,17,38,0,69,0,0,0,69
02/08/2023,GRB,WI,AGL,CE,Combined TRACON& Tower with Radar,16,26,27,2,71,0,0,65,2,67,16,26,92,4,138,6,0,6,144
02/09/2023,GRB,WI,AGL,CE,Combined TRACON& Tower with Radar,24,35,15,0,74,0,0,0,0,0,24,35,15,0,74,0,0,0,74
02/10/2023,GRB,WI,AGL,CE,Combined TRACON& Tower with Radar,15,21,29,0,65,0,0,39,0,39,15,21,68,0,104,0,0,0,104
02/11/2023,GRB,WI,AGL,CE,Combined TRACON& Tower with Radar,12,17,10,0,39,0,0,13,0,13,12,17,23,0,52,0,0,0,52
02/12/2023,GRB,WI,AGL,CE,Combined TRACON& Tower with Radar,16,15,22,0,53,0,0,53,0,53,16,15,75,0,106,34,0,34,140
02/13/2023,GRB,WI,AGL,CE,Combined TRACON& Tower with Radar,14,18,26,0,58,0,0,44,0,44,14,18,70,0,102,44,0,44,146
02/14/2023,GRB,WI,AGL,CE,Combined TRACON& Tower with Radar,12,21,8,0,41,0,0,13,0,13,12,21,21,0,54,0,0,0,54
02/15/2023,GRB,WI,AGL,CE,Combined TRACON& Tower with Radar,15,23,16,0,54,0,0,0,0,0,15,23,16,0,54,0,0,0,54
02/16/2023,GRB,WI,AGL,CE,Combined TRACON& Tower with Radar,19,15,18,0,52,0,0,2,0,2,19,15,20,0,54,0,0,0,54
02/17/2023,GRB,WI,AGL,CE,Combined TRACON& Tower with Radar,19,18,30,0,67,0,0,38,0,38,19,18,68,0,105,46,0,46,151
02/18/2023,GRB,WI,AGL,CE,Combined TRACON& Tower with Radar,12,16,19,0,47,0,0,36,0,36,12,16,55,0,83,20,0,20,103
02/19/2023,GRB,WI,AGL,CE,Combined TRACON& Tower with Radar,18,15,15,0,48,0,0,27,0,27,18,15,42,0,75,48,0,48,123
02/20/2023,GRB,WI,AGL,CE,Combined TRACON& Tower with Radar,16,17,22,0,55,0,0,16,0,16,16,17,38,0,71,0,0,0,71
02/21/2023,GRB,WI,AGL,CE,Combined TRACON& Tower with Radar,10,20,24,0,54,0,0,31,0,31,10,20,55,0,85,4,0,4,89
02/22/2023,GRB,WI,AGL,CE,Combined TRACON& Tower with Radar,5,11,8,0,24,0,0,0,0,0,5,11,8,0,24,0,0,0,24
02/23/2023,GRB,WI,AGL,CE,Combined TRACON& Tower with Radar,11,23,9,0,43,0,0,0,0,0,11,23,9,0,43,0,0,0,43
02/24/2023,GRB,WI,AGL,CE,Combined TRACON& Tower with Radar,15,27,21,0,63,0,0,14,0,14,15,27,35,0,77,38,0,38,115
02/25/2023,GRB,WI,AGL,CE,Combined TRACON& Tower with Radar,14,17,9,0,40,0,0,16,0,16,14,17,25,0,56,0,0,0,56
02/26/2023,GRB,WI,AGL,CE,Combined TRACON& Tower with Radar,22,19,17,0,58,0,5,61,0,66,22,24,78,0,124,0,0,0,124
02/27/2023,GRB,WI,AGL,CE,Combined TRACON& Tower with Radar,15,12,8,0,35,0,0,0,0,0,15,12,8,0,35,0,0,0,35
02/28/2023,GRB,WI,AGL,CE,Combined TRACON& Tower with Radar,14,18,34,0,66,0,0,37,0,37,14,18,71,0,103,0,0,0,103
03/01/2023,GRB,WI,AGL,CE,Combined TRACON& Tower with Radar,16,18,26,0,60,0,0,7,0,7,16,18,33,0,67,20,0,20,87
03/02/2023,GRB,WI,AGL,CE,Combined TRACON& Tower with Radar,26,15,22,0,63,0,0,21,1,22,26,15,43,1,85,29,0,29,114
03/03/2023,GRB,WI,AGL,CE,Combined TRACON& Tower with Radar,23,20,20,0,63,0,0,3,0,3,23,20,23,0,66,12,0,12,78
03/04/2023,GRB,WI,AGL,CE,Combined TRACON& Tower with Radar,16,13,13,0,42,0,0,32,0,32,16,13,45,0,74,50,0,50,124
03/05/2023,GRB,WI,AGL,CE,Combined TRACON& Tower with Radar,24,10,18,0,52,0,0,39,0,39,24,10,57,0,91,22,0,22,113
03/06/2023,GRB,WI,AGL,CE,Combined TRACON& Tower with Radar,21,16,11,0,48,0,0,0,0,0,21,16,11,0,48,0,0,0,48
03/07/2023,GRB,WI,AGL,CE,Combined TRACON& Tower with Radar,18,19,25,2,64,0,0,60,0,60,18,19,85,2,124,92,0,92,216
03/08/2023,GRB,WI,AGL,CE,Combined TRACON& Tower with Radar,15,22,50,0,87,0,0,62,0,62,15,22,112,0,149,40,0,40,189
03/09/2023,GRB,WI,AGL,CE,Combined TRACON& Tower with Radar,26,18,37,0,81,0,0,33,0,33,26,18,70,0,114,8,0,8,122
03/10/2023,GRB,WI,AGL,CE,Combined TRACON& Tower with Radar,22,19,9,0,50,0,0,4,0,4,22,19,13,0,54,20,0,20,74
03/11/2023,GRB,WI,AGL,CE,Combined TRACON& Tower with Radar,20,18,16,0,54,0,0,14,0,14,20,18,30,0,68,0,0,0,68
03/12/2023,GRB,WI,AGL,CE,Combined TRACON& Tower with Radar,25,14,7,0,46,0,0,0,0,0,25,14,7,0,46,0,0,0,46
03/13/2023,GRB,WI,AGL,CE,Combined TRACON& Tower with Radar,24,19,16,0,59,0,0,10,0,10,24,19,26,0,69,60,0,60,129
03/14/2023,GRB,WI,AGL,CE,Combined TRACON& Tower with Radar,20,15,21,2,58,0,0,73,2,75,20,15,94,4,133,8,0,8,141
03/15/2023,GRB,WI,AGL,CE,Combined TRACON& Tower with Radar,18,17,29,1,65,0,0,28,1,29,18,17,57,2,94,86,0,86,180
03/16/2023,GRB,WI,AGL,CE,Combined TRACON& Tower with Radar,30,22,19,1,72,0,0,6,1,7,30,22,25,2,79,6,0,6,85
03/17/2023,GRB,WI,AGL,CE,Combined TRACON& Tower with Radar,25,20,13,0,58,0,0,2,0,2,25,20,15,0,60,0,0,0,60
03/18/2023,GRB,WI,AGL,CE,Combined TRACON& Tower with Radar,19,14,16,2,51,0,0,0,0,0,19,14,16,2,51,0,0,0,51
03/19/2023,GRB,WI,AGL,CE,Combined TRACON& Tower with Radar,26,16,15,0,57,0,0,36,0,36,26,16,51,0,93,28,0,28,121
03/20/2023,GRB,WI,AGL,CE,Combined TRACON& Tower with Radar,22,21,41,2,86,0,0,68,0,68,22,21,109,2,154,138,0,138,292
03/21/2023,GRB,WI,AGL,CE,Combined TRACON& Tower with Radar,18,18,14,0,50,0,1,9,0,10,18,19,23,0,60,6,0,6,66
03/22/2023,GRB,WI,AGL,CE,Combined TRACON& Tower with Radar,20,13,20,0,53,0,0,0,0,0,20,13,20,0,53,14,0,14,67
03/23/2023,GRB,WI,AGL,CE,Combined TRACON& Tower with Radar,28,21,36,0,85,0,0,51,0,51,28,21,87,0,136,100,0,100,236
03/24/2023,GRB,WI,AGL,CE,Combined TRACON& Tower with Radar,26,20,34,0,80,0,0,64,0,64,26,20,98,0,144,44,0,44,188
03/25/2023,GRB,WI,AGL,CE,Combined TRACON& Tower with Radar,17,5,3,0,25,0,0,1,0,1,17,5,4,0,26,0,0,0,26
03/26/2023,GRB,WI,AGL,CE,Combined TRACON& Tower with Radar,24,10,25,2,61,0,0,26,0,26,24,10,51,2,87,22,0,22,109
03/27/2023,GRB,WI,AGL,CE,Combined TRACON& Tower with Radar,27,17,32,1,77,0,0,55,1,56,27,17,87,2,133,8,0,8,141
03/28/2023,GRB,WI,AGL,CE,Combined TRACON& Tower with Radar,18,18,25,2,63,0,1,55,1,57,18,19,80,3,120,90,0,90,210
03/29/2023,GRB,WI,AGL,CE,Combined TRACON& Tower with Radar,18,18,26,6,68,0,0,36,2,38,18,18,62,8,106,74,0,74,180
03/30/2023,GRB,WI,AGL,CE,Combined TRACON& Tower with Radar,24,19,31,2,76,0,2,34,0,36,24,21,65,2,112,0,0,0,112
03/31/2023,GRB,WI,AGL,CE,Combined TRACON& Tower with Radar,18,13,10,0,41,0,0,0,0,0,18,13,10,0,41,0,0,0,41
04/01/2023,GRB,WI,AGL,CE,Combined TRACON& Tower with Radar,15,11,6,0,32,0,0,6,0,6,15,11,12,0,38,0,0,0,38
04/02/2023,GRB,WI,AGL,CE,Combined TRACON& Tower with Radar,23,9,14,0,46,0,0,19,0,19,23,9,33,0,65,42,0,42,107
04/03/2023,GRB,WI,AGL,CE,Combined TRACON& Tower with Radar,20,10,23,4,57,0,1,65,0,66,20,11,88,4,123,0,0,0,123
04/04/2023,GRB,WI,AGL,CE,Combined TRACON& Tower with Radar,19,21,19,0,59,0,0,0,0,0,19,21,19,0,59,0,0,0,59
04/05/2023,GRB,WI,AGL,CE,Combined TRACON& Tower with Radar,17,12,22,0,51,0,0,0,2,2,17,12,22,2,53,0,0,0,53
04/06/2023,GRB,WI,AGL,CE,Combined TRACON& Tower with Radar,22,21,19,1,63,0,0,3,1,4,22,21,22,2,67,0,0,0,67
04/07/2023,GRB,WI,AGL,CE,Combined TRACON& Tower with Radar,20,14,40,0,74,0,0,73,1,74,20,14,113,1,148,114,0,114,262
04/08/2023,GRB,WI,AGL,CE,Combined TRACON& Tower with Radar,16,11,32,0,59,0,0,28,0,28,16,11,60,0,87,28,0,28,115
04/09/2023,GRB,WI,AGL,CE,Combined TRACON& Tower with Radar,23,7,11,0,41,0,0,21,0,21,23,7,32,0,62,14,0,14,76
04/10/2023,GRB,WI,AGL,CE,Combined TRACON& Tower with Radar,21,21,25,0,67,0,1,50,0,51,21,22,75,0,118,10,0,10,128
04/11/2023,GRB,WI,AGL,CE,Combined TRACON& Tower with Radar,18,20,27,2,67,0,0,53,0,53,18,20,80,2,120,20,0,20,140
04/12/2023,GRB,WI,AGL,CE,Combined TRACON& Tower with Radar,20,21,23,2,66,0,0,14,0,14,20,21,37,2,80,0,0,0,80
04/13/2023,GRB,WI,AGL,CE,Combined TRACON& Tower with Radar,20,15,37,0,72,0,0,50,0,50,20,15,87,0,122,6,0,6,128
04/14/2023,GRB,WI,AGL,CE,Combined TRACON& Tower with Radar,20,16,24,0,60,0,0,64,0,64,20,16,88,0,124,28,0,28,152
04/15/2023,GRB,WI,AGL,CE,Combined TRACON& Tower with Radar,16,12,14,0,42,0,0,26,0,26,16,12,40,0,68,0,0,0,68
04/16/2023,GRB,WI,AGL,CE,Combined TRACON& Tower with Radar,22,18,6,0,46,0,0,0,0,0,22,18,6,0,46,0,0,0,46
04/17/2023,GRB,WI,AGL,CE,Combined TRACON& Tower with Radar,20,17,11,0,48,0,0,0,0,0,20,17,11,0,48,0,0,0,48
04/18/2023,GRB,WI,AGL,CE,Combined TRACON& Tower with Radar,18,19,32,0,69,0,0,62,0,62,18,19,94,0,131,44,0,44,175
04/19/2023,GRB,WI,AGL,CE,Combined TRACON& Tower with Radar,18,18,19,0,55,0,1,4,0,5,18,19,23,0,60,0,0,0,60
04/20/2023,GRB,WI,AGL,CE,Combined TRACON& Tower with Radar,22,24,8,0,54,0,0,10,0,10,22,24,18,0,64,0,0,0,64
04/21/2023,GRB,WI,AGL,CE,Combined TRACON& Tower with Radar,20,18,16,2,56,0,0,39,0,39,20,18,55,2,95,6,0,6,101
04/22/2023,GRB,WI,AGL,CE,Combined TRACON& Tower with Radar,16,11,19,0,46,0,0,22,0,22,16,11,41,0,68,0,0,0,68
04/23/2023,GRB,WI,AGL,CE,Combined TRACON& Tower with Radar,22,8,16,0,46,0,2,29,0,31,22,10,45,0,77,0,0,0,77
04/24/2023,GRB,WI,AGL,CE,Combined TRACON& Tower with Radar,20,18,28,0,66,0,1,32,0,33,20,19,60,0,99,16,0,16,115
04/25/2023,GRB,WI,AGL,CE,Combined TRACON& Tower with Radar,18,22,28,0,68,0,1,63,0,64,18,23,91,0,132,102,0,102,234
04/26/2023,GRB,WI,AGL,CE,Combined TRACON& Tower with Radar,18,15,43,0,76,0,1,80,0,81,18,16,123,0,157,6,0,6,163
04/27/2023,GRB,WI,AGL,CE,Combined TRACON& Tower with Radar,20,15,33,1,69,0,0,25,1,26,20,15,58,2,95,18,0,18,113
04/28/2023,GRB,WI,AGL,CE,Combined TRACON& Tower with Radar,20,13,20,0,53,0,0,56,6,62,20,13,76,6,115,18,0,18,133
04/29/2023,GRB,WI,AGL,CE,Combined TRACON& Tower with Radar,16,10,13,0,39,0,0,5,0,5,16,10,18,0,44,0,0,0,44
04/30/2023,GRB,WI,AGL,CE,Combined TRACON& Tower with Radar,20,12,9,0,41,0,0,0,0,0,20,12,9,0,41,0,0,0,41
05/01/2023,GRB,WI,AGL,CE,Combined TRACON& Tower with Radar,19,18,13,0,50,0,0,0,0,0,19,18,13,0,50,0,0,0,50
05/02/2023,GRB,WI,AGL,CE,Combined TRACON& Tower with Radar,20,14,20,0,54,0,0,15,0,15,20,14,35,0,69,0,0,0,69
05/03/2023,GRB,WI,AGL,CE,Combined TRACON& Tower with Radar,18,24,40,14,96,0,0,59,0,59,18,24,99,14,155,0,0,0,155
05/04/2023,GRB,WI,AGL,CE,Combined TRACON& Tower with Radar,20,16,35,0,71,0,1,68,2,71,20,17,103,2,142,14,0,14,156
05/05/2023,GRB,WI,AGL,CE,Combined TRACON& Tower with Radar,22,16,32,0,70,0,0,30,0,30,22,16,62,0,100,0,0,0,100
05/06/2023,GRB,WI,AGL,CE,Combined TRACON& Tower with Radar,20,14,6,6,46,0,4,11,1,16,20,18,17,7,62,0,0,0,62
05/07/2023,GRB,WI,AGL,CE,Combined TRACON& Tower with Radar,20,10,18,0,48,0,1,20,0,21,20,11,38,0,69,0,0,0,69
05/08/2023,GRB,WI,AGL,CE,Combined TRACON& Tower with Radar,24,12,25,0,61,0,1,7,0,8,24,13,32,0,69,6,0,6,75
05/09/2023,GRB,WI,AGL,CE,Combined TRACON& Tower with Radar,22,18,40,2,82,0,0,61,0,61,22,18,101,2,143,156,0,156,299
05/10/2023,GRB,WI,AGL,CE,Combined TRACON& Tower with Radar,20,22,26,4,72,0,0,75,0,75,20,22,101,4,147,26,0,26,173
05/11/2023,GRB,WI,AGL,CE,Combined TRACON& Tower with Radar,24,19,33,0,76,0,0,82,0,82,24,19,115,0,158,108,0,108,266
05/12/2023,GRB,WI,AGL,CE,Combined TRACON& Tower with Radar,26,10,28,0,64,0,0,51,0,51,26,10,79,0,115,47,0,47,162
05/13/2023,GRB,WI,AGL,CE,Combined TRACON& Tower with Radar,20,12,22,0,54,0,1,28,0,29,20,13,50,0,83,44,0,44,127
05/14/2023,GRB,WI,AGL,CE,Combined TRACON& Tower with Radar,24,6,8,0,38,0,0,25,0,25,24,6,33,0,63,36,0,36,99
05/15/2023,GRB,WI,AGL,CE,Combined TRACON& Tower with Radar,26,9,19,0,54,0,2,70,0,72,26,11,89,0,126,134,0,134,260
05/16/2023,GRB,WI,AGL,CE,Combined TRACON& Tower with Radar,22,17,25,5,69,0,0,51,1,52,22,17,76,6,121,23,0,23,144
05/17/2023,GRB,WI,AGL,CE,Combined TRACON& Tower with Radar,22,21,35,3,81,0,1,54,3,58,22,22,89,6,139,92,0,92,231
05/18/2023,GRB,WI,AGL,CE,Combined TRACON& Tower with Radar,24,21,50,0,95,0,0,48,2,50,24,21,98,2,145,146,0,146,291
05/19/2023,GRB,WI,AGL,CE,Combined TRACON& Tower with Radar,26,15,30,1,72,0,0,24,2,26,26,15,54,3,98,136,0,136,234
05/20/2023,GRB,WI,AGL,CE,Combined TRACON& Tower with Radar,22,10,14,0,46,0,0,52,2,54,22,10,66,2,100,142,0,142,242
05/21/2023,GRB,WI,AGL,CE,Combined TRACON& Tower with Radar,24,12,25,0,61,0,0,38,0,38,24,12,63,0,99,114,0,114,213
05/22/2023,GRB,WI,AGL,CE,Combined TRACON& Tower with Radar,24,17,32,0,73,0,0,54,0,54,24,17,86,0,127,10,0,10,137
05/23/2023,GRB,WI,AGL,CE,Combined TRACON& Tower with Radar,24,32,31,1,88,0,1,65,0,66,24,33,96,1,154,114,0,114,268
05/24/2023,GRB,WI,AGL,CE,Combined TRACON& Tower with Radar,24,19,21,14,78,0,1,21,3,25,24,20,42,17,103,70,0,70,173
05/25/2023,GRB,WI,AGL,CE,Combined TRACON& Tower with Radar,26,18,31,3,78,0,0,61,1,62,26,18,92,4,140,0,0,0,140
05/26/2023,GRB,WI,AGL,CE,Combined TRACON& Tower with Radar,26,13,40,0,79,0,2,76,0,78,26,15,116,0,157,0,0,0,157
05/27/2023,GRB,WI,AGL,CE,Combined TRACON& Tower with Radar,20,11,19,0,50,0,0,47,0,47,20,11,66,0,97,92,0,92,189
05/28/2023,GRB,WI,AGL,CE,Combined TRACON& Tower with Radar,24,6,15,0,45,0,0,32,0,32,24,6,47,0,77,120,0,120,197
05/29/2023,GRB,WI,AGL,CE,Combined TRACON& Tower with Radar,26,6,20,0,52,0,0,35,0,35,26,6,55,0,87,80,0,80,167
05/30/2023,GRB,WI,AGL,CE,Combined TRACON& Tower with Radar,22,17,22,2,63,0,0,57,0,57,22,17,79,2,120,86,0,86,206
05/31/2023,GRB,WI,AGL,CE,Combined TRACON& Tower with Radar,24,15,15,2,56,0,0,53,0,53,24,15,68,2,109,130,0,130,239
06/01/2023,GRB,WI,AGL,CE,Combined TRACON& Tower with Radar,20,18,28,0,66,0,0,49,0,49,20,18,77,0,115,0,0,0,115
06/02/2023,GRB,WI,AGL,CE,Combined TRACON& Tower with Radar,16,22,34,0,72,0,0,59,0,59,16,22,93,0,131,0,0,0,131
06/03/2023,GRB,WI,AGL,CE,Combined TRACON& Tower with Radar,12,22,22,0,56,0,0,40,0,40,12,22,62,0,96,0,0,0,96
06/04/2023,GRB,WI,AGL,CE,Combined TRACON& Tower with Radar,16,16,21,0,53,0,0,30,0,30,16,16,51,0,83,0,0,0,83
06/05/2023,GRB,WI,AGL,CE,Combined TRACON& Tower with Radar,16,19,27,0,62,0,0,60,0,60,16,19,87,0,122,58,0,58,180
06/06/2023,GRB,WI,AGL,CE,Combined TRACON& Tower with Radar,12,27,48,0,87,0,0,59,0,59,12,27,107,0,146,30,0,30,176
06/07/2023,GRB,WI,AGL,CE,Combined TRACON& Tower with Radar,16,31,27,0,74,0,1,66,0,67,16,32,93,0,141,46,0,46,187
06/08/2023,GRB,WI,AGL,CE,Combined TRACON& Tower with Radar,16,23,32,3,74,0,0,72,1,73,16,23,104,4,147,62,0,62,209
06/09/2023,GRB,WI,AGL,CE,Combined TRACON& Tower with Radar,16,32,34,0,82,0,1,76,0,77,16,33,110,0,159,38,0,38,197
06/10/2023,GRB,WI,AGL,CE,Combined TRACON& Tower with Radar,10,19,20,0,49,0,0,14,0,14,10,19,34,0,63,12,0,12,75
06/11/2023,GRB,WI,AGL,CE,Combined TRACON& Tower with Radar,16,23,11,0,50,0,0,11,0,11,16,23,22,0,61,0,0,0,61
06/12/2023,GRB,WI,AGL,CE,Combined TRACON& Tower with Radar,16,32,30,2,80,0,0,64,0,64,16,32,94,2,144,24,0,24,168
06/13/2023,GRB,WI,AGL,CE,Combined TRACON& Tower with Radar,12,26,29,6,73,0,0,0,0,0,12,26,29,6,73,0,0,0,73
06/14/2023,GRB,WI,AGL,CE,Combined TRACON& Tower with Radar,14,32,56,0,102,0,0,36,2,38,14,32,92,2,140,14,0,14,154
06/15/2023,GRB,WI,AGL,CE,Combined TRACON& Tower with Radar,16,27,31,2,76,0,0,17,0,17,16,27,48,2,93,0,0,0,93
06/16/2023,GRB,WI,AGL,CE,Combined TRACON& Tower with Radar,16,32,62,1,111,0,0,38,0,38,16,32,100,1,149,14,0,14,163
06/17/2023,GRB,WI,AGL,CE,Combined TRACON& Tower with Radar,9,21,13,0,43,0,0,32,0,32,9,21,45,0,75,14,0,14,89
06/18/2023,GRB,WI,AGL,CE,Combined TRACON& Tower with Radar,15,17,18,0,50,0,0,33,0,33,15,17,51,0,83,44,0,44,127
06/19/2023,GRB,WI,AGL,CE,Combined TRACON& Tower with Radar,16,25,32,0,73,0,0,65,0,65,16,25,97,0,138,98,0,98,236
06/20/2023,GRB,WI,AGL,CE,Combined TRACON& Tower with Radar,12,29,42,0,83,0,1,78,0,79,12,30,120,0,162,106,0,106,268
06/21/2023,GRB,WI,AGL,CE,Combined TRACON& Tower with Radar,14,25,37,2,78,0,0,60,0,60,14,25,97,2,138,30,0,30,168
06/22/2023,GRB,WI,AGL,CE,Combined TRACON& Tower with Radar,16,24,35,6,81,0,2,60,2,64,16,26,95,8,145,62,0,62,207
06/23/2023,GRB,WI,AGL,CE,Combined TRACON& Tower with Radar,16,30,26,1,73,0,2,60,2,64,16,32,86,3,137,20,0,20,157
06/24/2023,GRB,WI,AGL,CE,Combined TRACON& Tower with Radar,14,16,18,2,50,0,1,44,0,45,14,17,62,2,95,0,0,0,95
06/25/2023,GRB,WI,AGL,CE,Combined TRACON& Tower with Radar,17,14,9,0,40,0,2,2,0,4,17,16,11,0,44,0,0,0,44
06/26/2023,GRB,WI,AGL,CE,Combined TRACON& Tower with Radar,24,25,16,0,65,0,0,0,0,0,24,25,16,0,65,0,0,0,65
06/27/2023,GRB,WI,AGL,CE,Combined TRACON& Tower with Radar,16,26,30,0,72,0,0,5,0,5,16,26,35,0,77,0,0,0,77
06/28/2023,GRB,WI,AGL,CE,Combined TRACON& Tower with Radar,18,21,32,0,71,0,0,1,0,1,18,21,33,0,72,0,0,0,72
06/29/2023,GRB,WI,AGL,CE,Combined TRACON& Tower with Radar,20,27,27,4,78,0,0,11,0,11,20,27,38,4,89,0,0,0,89
06/30/2023,GRB,WI,AGL,CE,Combined TRACON& Tower with Radar,22,26,32,0,80,0,2,72,0,74,22,28,104,0,154,44,0,44,198
07/01/2023,GRB,WI,AGL,CE,Combined TRACON& Tower with Radar,13,22,18,0,53,0,0,36,0,36,13,22,54,0,89,0,0,0,89
07/02/2023,GRB,WI,AGL,CE,Combined TRACON& Tower with Radar,14,16,6,0,36,0,2,33,0,35,14,18,39,0,71,0,0,0,71
07/03/2023,GRB,WI,AGL,CE,Combined TRACON& Tower with Radar,15,11,16,0,42,0,0,62,0,62,15,11,78,0,104,0,0,0,104
07/04/2023,GRB,WI,AGL,CE,Combined TRACON& Tower with Radar,14,8,10,0,32,0,3,21,0,24,14,11,31,0,56,0,0,0,56
07/05/2023,GRB,WI,AGL,CE,Combined TRACON& Tower with Radar,17,19,25,0,61,0,1,27,0,28,17,20,52,0,89,0,0,0,89
07/06/2023,GRB,WI,AGL,CE,Combined TRACON& Tower with Radar,19,16,18,2,55,0,1,69,0,70,19,17,87,2,125,0,0,0,125
07/07/2023,GRB,WI,AGL,CE,Combined TRACON& Tower with Radar,20,17,21,0,58,0,0,92,0,92,20,17,113,0,150,0,0,0,150
07/08/2023,GRB,WI,AGL,CE,Combined TRACON& Tower with Radar,16,18,15,2,51,0,1,43,0,44,16,19,58,2,95,0,0,0,95
07/09/2023,GRB,WI,AGL,CE,Combined TRACON& Tower with Radar,20,15,19,0,54,0,0,33,0,33,20,15,52,0,87,0,0,0,87
07/10/2023,GRB,WI,AGL,CE,Combined TRACON& Tower with Radar,24,18,28,3,73,0,4,40,1,45,24,22,68,4,118,0,0,0,118
07/11/2023,GRB,WI,AGL,CE,Combined TRACON& Tower with Radar,21,18,23,0,62,0,0,86,2,88,21,18,109,2,150,0,0,0,150
07/12/2023,GRB,WI,AGL,CE,Combined TRACON& Tower with Radar,17,16,20,0,53,0,0,36,0,36,17,16,56,0,89,0,0,0,89
07/13/2023,GRB,WI,AGL,CE,Combined TRACON& Tower with Radar,22,20,22,2,66,0,0,53,0,53,22,20,75,2,119,42,0,42,161
07/14/2023,GRB,WI,AGL,CE,Combined TRACON& Tower with Radar,25,16,19,6,66,0,2,36,2,40,25,18,55,8,106,124,2,126,232
07/15/2023,GRB,WI,AGL,CE,Combined TRACON& Tower with Radar,19,16,17,0,52,0,0,31,0,31,19,16,48,0,83,32,0,32,115
07/16/2023,GRB,WI,AGL,CE,Combined TRACON& Tower with Radar,20,26,15,0,61,0,0,22,0,22,20,26,37,0,83,0,0,0,83
07/17/2023,GRB,WI,AGL,CE,Combined TRACON& Tower with Radar,24,19,28,0,71,0,2,67,0,69,24,21,95,0,140,0,0,0,140
07/18/2023,GRB,WI,AGL,CE,Combined TRACON& Tower with Radar,24,19,35,2,80,0,1,96,0,97,24,20,131,2,177,108,0,108,285
07/19/2023,GRB,WI,AGL,CE,Combined TRACON& Tower with Radar,24,19,37,1,81,0,0,56,1,57,24,19,93,2,138,92,0,92,230
07/20/2023,GRB,WI,AGL,CE,Combined TRACON& Tower with Radar,22,21,27,0,70,0,0,29,0,29,22,21,56,0,99,42,0,42,141
07/21/2023,GRB,WI,AGL,CE,Combined TRACON& Tower with Radar,25,24,42,0,91,0,0,63,2,65,25,24,105,2,156,40,0,40,196
07/22/2023,GRB,WI,AGL,CE,Combined TRACON& Tower with Radar,18,29,29,0,76,0,0,34,0,34,18,29,63,0,110,0,0,0,110
07/23/2023,GRB,WI,AGL,CE,Combined TRACON& Tower with Radar,22,24,55,0,101,0,0,57,0,57,22,24,112,0,158,0,0,0,158
07/24/2023,GRB,WI,AGL,CE,Combined TRACON& Tower with Radar,24,18,56,2,100,0,2,56,0,58,24,20,112,2,158,10,0,10,168
07/25/2023,GRB,WI,AGL,CE,Combined TRACON& Tower with Radar,21,31,79,0,131,0,0,59,0,59,21,31,138,0,190,10,0,10,200
07/26/2023,GRB,WI,AGL,CE,Combined TRACON& Tower with Radar,25,21,62,0,108,0,0,27,0,27,25,21,89,0,135,0,0,0,135
07/27/2023,GRB,WI,AGL,CE,Combined TRACON& Tower with Radar,22,25,106,0,153,0,0,66,0,66,22,25,172,0,219,6,0,6,225
07/28/2023,GRB,WI,AGL,CE,Combined TRACON& Tower with Radar,22,22,49,2,95,0,0,46,0,46,22,22,95,2,141,0,0,0,141
07/29/2023,GRB,WI,AGL,CE,Combined TRACON& Tower with Radar,18,18,36,0,72,0,0,46,0,46,18,18,82,0,118,0,0,0,118
07/30/2023,GRB,WI,AGL,CE,Combined TRACON& Tower with Radar,20,18,49,0,87,0,0,56,2,58,20,18,105,2,145,0,0,0,145
07/31/2023,GRB,WI,AGL,CE,Combined TRACON& Tower with Radar,23,26,22,1,72,0,2,59,2,63,23,28,81,3,135,66,0,66,201
08/01/2023,GRB,WI,AGL,CE,Combined TRACON& Tower with Radar,18,20,47,8,93,0,0,85,0,85,18,20,132,8,178,184,0,184,362
08/02/2023,GRB,WI,AGL,CE,Combined TRACON& Tower with Radar,20,23,50,1,94,0,0,74,0,74,20,23,124,1,168,140,0,140,308
08/03/2023,GRB,WI,AGL,CE,Combined TRACON& Tower with Radar,22,21,25,2,70,0,0,45,0,45,22,21,70,2,115,122,0,122,237
08/04/2023,GRB,WI,AGL,CE,Combined TRACON& Tower with Radar,20,27,34,0,81,0,0,56,2,58,20,27,90,2,139,116,0,116,255
08/05/2023,GRB,WI,AGL,CE,Combined TRACON& Tower with Radar,12,23,23,10,68,0,0,51,0,51,12,23,74,10,119,100,0,100,219
08/06/2023,GRB,WI,AGL,CE,Combined TRACON& Tower with Radar,17,22,24,0,63,0,0,26,8,34,17,22,50,8,97,0,0,0,97
08/07/2023,GRB,WI,AGL,CE,Combined TRACON& Tower with Radar,22,20,23,0,65,0,0,63,0,63,22,20,86,0,128,74,0,74,202
08/08/2023,GRB,WI,AGL,CE,Combined TRACON& Tower with Radar,22,19,24,0,65,0,0,70,0,70,22,19,94,0,135,32,0,32,167
08/09/2023,GRB,WI,AGL,CE,Combined TRACON& Tower with Radar,20,30,21,0,71,0,0,45,2,47,20,30,66,2,118,50,0,50,168
08/10/2023,GRB,WI,AGL,CE,Combined TRACON& Tower with Radar,20,20,23,0,63,0,0,87,0,87,20,20,110,0,150,6,0,6,156
08/11/2023,GRB,WI,AGL,CE,Combined TRACON& Tower with Radar,22,19,16,0,57,0,0,22,0,22,22,19,38,0,79,44,0,44,123
08/12/2023,GRB,WI,AGL,CE,Combined TRACON& Tower with Radar,13,28,11,2,54,0,0,32,0,32,13,28,43,2,86,0,0,0,86
08/13/2023,GRB,WI,AGL,CE,Combined TRACON& Tower with Radar,16,22,21,0,59,0,0,33,0,33,16,22,54,0,92,28,0,28,120
08/14/2023,GRB,WI,AGL,CE,Combined TRACON& Tower with Radar,16,22,27,0,65,0,0,0,0,0,16,22,27,0,65,0,0,0,65
08/15/2023,GRB,WI,AGL,CE,Combined TRACON& Tower with Radar,20,21,39,2,82,0,0,66,0,66,20,21,105,2,148,34,0,34,182
08/16/2023,GRB,WI,AGL,CE,Combined TRACON& Tower with Radar,21,27,28,1,77,0,0,32,1,33,21,27,60,2,110,2,0,2,112
08/17/2023,GRB,WI,AGL,CE,Combined TRACON& Tower with Radar,22,19,34,2,77,0,0,22,2,24,22,19,56,4,101,0,0,0,101
08/18/2023,GRB,WI,AGL,CE,Combined TRACON& Tower with Radar,22,27,16,0,65,0,0,72,0,72,22,27,88,0,137,90,0,90,227
08/19/2023,GRB,WI,AGL,CE,Combined TRACON& Tower with Radar,14,20,14,5,53,0,0,25,4,29,14,20,39,9,82,12,0,12,94
08/20/2023,GRB,WI,AGL,CE,Combined TRACON& Tower with Radar,20,24,20,0,64,0,0,52,0,52,20,24,72,0,116,0,0,0,116
08/21/2023,GRB,WI,AGL,CE,Combined TRACON& Tower with Radar,22,21,24,6,73,0,0,47,0,47,22,21,71,6,120,0,0,0,120
08/22/2023,GRB,WI,AGL,CE,Combined TRACON& Tower with Radar,18,33,42,2,95,0,0,34,0,34,18,33,76,2,129,0,0,0,129
08/23/2023,GRB,WI,AGL,CE,Combined TRACON& Tower with Radar,18,31,25,2,76,0,0,30,0,30,18,31,55,2,106,10,0,10,116
08/24/2023,GRB,WI,AGL,CE,Combined TRACON& Tower with Radar,22,26,38,2,88,0,0,0,0,0,22,26,38,2,88,0,0,0,88
08/25/2023,GRB,WI,AGL,CE,Combined TRACON& Tower with Radar,23,19,32,8,82,0,0,29,0,29,23,19,61,8,111,0,0,0,111
08/26/2023,GRB,WI,AGL,CE,Combined TRACON& Tower with Radar,15,20,31,0,66,0,2,11,2,15,15,22,42,2,81,0,0,0,81
08/27/2023,GRB,WI,AGL,CE,Combined TRACON& Tower with Radar,18,16,27,2,63,0,0,63,0,63,18,16,90,2,126,0,0,0,126
08/28/2023,GRB,WI,AGL,CE,Combined TRACON& Tower with Radar,23,18,29,20,90,0,0,89,0,89,23,18,118,20,179,0,0,0,179
08/29/2023,GRB,WI,AGL,CE,Combined TRACON& Tower with Radar,18,30,44,0,92,0,1,39,0,40,18,31,83,0,132,62,0,62,194
08/30/2023,GRB,WI,AGL,CE,Combined TRACON& Tower with Radar,20,20,34,0,74,0,1,100,0,101,20,21,134,0,175,46,4,50,225
08/31/2023,GRB,WI,AGL,CE,Combined TRACON& Tower with Radar,20,24,39,4,87,0,0,74,0,74,20,24,113,4,161,102,0,102,263
