01/01/2000,GRI,NE,ACE,CE,Federal Contract Tower,0,0,1,0,1,0,1,10,0,11,0,1,11,0,12,6,0,6,18
01/02/2000,GRI,NE,ACE,CE,Federal Contract Tower,0,7,8,0,15,0,0,9,0,9,0,7,17,0,24,0,0,0,24
01/03/2000,GRI,NE,ACE,CE,Federal Contract Tower,0,9,8,0,17,0,2,0,0,2,0,11,8,0,19,0,0,0,19
01/04/2000,GRI,NE,ACE,CE,Federal Contract Tower,0,10,13,0,23,0,0,15,0,15,0,10,28,0,38,0,0,0,38
01/05/2000,GRI,NE,ACE,CE,Federal Contract Tower,0,12,12,0,24,0,0,0,0,0,0,12,12,0,24,6,0,6,30
01/06/2000,GRI,NE,ACE,CE,Federal Contract Tower,0,11,13,0,24,0,1,14,2,17,0,12,27,2,41,16,6,22,63
01/07/2000,GRI,NE,ACE,CE,Federal Contract Tower,0,8,10,0,18,0,3,27,0,30,0,11,37,0,48,8,0,8,56
01/08/2000,GRI,NE,ACE,CE,Federal Contract Tower,0,8,13,0,21,0,0,45,9,54,0,8,58,9,75,20,12,32,107
01/09/2000,GRI,NE,ACE,CE,Federal Contract Tower,0,7,8,0,15,0,0,20,0,20,0,7,28,0,35,12,0,12,47
01/10/2000,GRI,NE,ACE,CE,Federal Contract Tower,0,7,11,0,18,0,0,16,2,18,0,7,27,2,36,0,0,0,36
01/11/2000,GRI,NE,ACE,CE,Federal Contract Tower,0,17,19,0,36,0,0,18,0,18,0,17,37,0,54,0,0,0,54
01/12/2000,GRI,NE,ACE,CE,Federal Contract Tower,0,13,17,0,30,0,0,23,0,23,0,13,40,0,53,2,0,2,55
01/13/2000,GRI,NE,ACE,CE,Federal Contract Tower,0,11,13,0,24,0,16,29,0,45,0,27,42,0,69,2,0,2,71
01/14/2000,GRI,NE,ACE,CE,Federal Contract Tower,0,11,12,0,23,0,5,35,0,40,0,16,47,0,63,6,0,6,69
01/15/2000,GRI,NE,ACE,CE,Federal Contract Tower,0,5,7,0,12,0,7,57,0,64,0,12,64,0,76,8,0,8,84
01/16/2000,GRI,NE,ACE,CE,Federal Contract Tower,0,5,7,0,12,0,0,20,0,20,0,5,27,0,32,0,0,0,32
01/17/2000,GRI,NE,ACE,CE,Federal Contract Tower,0,8,9,0,17,0,2,17,0,19,0,10,26,0,36,14,0,14,50
01/18/2000,GRI,NE,ACE,CE,Federal Contract Tower,0,11,15,0,26,0,0,24,0,24,0,11,39,0,50,16,0,16,66
01/19/2000,GRI,NE,ACE,CE,Federal Contract Tower,0,14,17,0,31,0,0,27,0,27,0,14,44,0,58,0,0,0,58
01/20/2000,GRI,NE,ACE,CE,Federal Contract Tower,0,17,19,0,36,0,0,35,0,35,0,17,54,0,71,22,0,22,93
01/21/2000,GRI,NE,ACE,CE,Federal Contract Tower,0,8,10,0,18,0,4,19,2,25,0,12,29,2,43,12,0,12,55
01/22/2000,GRI,NE,ACE,CE,Federal Contract Tower,0,9,10,0,19,0,0,18,0,18,0,9,28,0,37,0,0,0,37
01/23/2000,GRI,NE,ACE,CE,Federal Contract Tower,0,3,5,0,8,0,2,6,0,8,0,5,11,0,16,0,0,0,16
01/24/2000,GRI,NE,ACE,CE,Federal Contract Tower,0,7,9,0,16,0,3,21,0,24,0,10,30,0,40,0,0,0,40
01/25/2000,GRI,NE,ACE,CE,Federal Contract Tower,0,13,16,0,29,0,0,28,0,28,0,13,44,0,57,44,0,44,101
01/26/2000,GRI,NE,ACE,CE,Federal Contract Tower,0,14,18,0,32,0,0,13,0,13,0,14,31,0,45,6,0,6,51
01/27/2000,GRI,NE,ACE,CE,Federal Contract Tower,0,14,16,4,34,1,1,16,0,18,1,15,32,4,52,0,0,0,52
01/28/2000,GRI,NE,ACE,CE,Federal Contract Tower,0,13,16,0,29,0,1,1,0,2,0,14,17,0,31,0,0,0,31
01/29/2000,GRI,NE,ACE,CE,Federal Contract Tower,0,5,7,0,12,2,7,5,0,14,2,12,12,0,26,0,0,0,26
01/30/2000,GRI,NE,ACE,CE,Federal Contract Tower,0,5,6,0,11,4,0,3,0,7,4,5,9,0,18,6,0,6,24
01/31/2000,GRI,NE,ACE,CE,Federal Contract Tower,0,6,8,0,14,0,2,13,0,15,0,8,21,0,29,6,0,6,35
02/01/2000,GRI,NE,ACE,CE,Federal Contract Tower,1,11,22,0,34,1,0,17,0,18,2,11,39,0,52,0,0,0,52
02/02/2000,GRI,NE,ACE,CE,Federal Contract Tower,0,10,12,0,22,0,2,26,0,28,0,12,38,0,50,14,0,14,64
02/03/2000,GRI,NE,ACE,CE,Federal Contract Tower,1,10,12,0,23,1,2,21,0,24,2,12,33,0,47,6,0,6,53
02/04/2000,GRI,NE,ACE,CE,Federal Contract Tower,0,9,11,0,20,0,3,11,0,14,0,12,22,0,34,6,0,6,40
02/05/2000,GRI,NE,ACE,CE,Federal Contract Tower,0,8,9,0,17,0,13,18,0,31,0,21,27,0,48,16,0,16,64
02/06/2000,GRI,NE,ACE,CE,Federal Contract Tower,0,6,7,0,13,0,0,33,2,35,0,6,40,2,48,6,6,12,60
02/07/2000,GRI,NE,ACE,CE,Federal Contract Tower,0,8,8,0,16,0,2,15,0,17,0,10,23,0,33,0,0,0,33
02/08/2000,GRI,NE,ACE,CE,Federal Contract Tower,0,16,18,1,35,0,0,29,1,30,0,16,47,2,65,4,2,6,71
02/09/2000,GRI,NE,ACE,CE,Federal Contract Tower,0,13,16,1,30,0,0,22,1,23,0,13,38,2,53,38,0,38,91
02/10/2000,GRI,NE,ACE,CE,Federal Contract Tower,0,11,13,0,24,0,3,1,0,4,0,14,14,0,28,0,0,0,28
02/11/2000,GRI,NE,ACE,CE,Federal Contract Tower,0,13,18,1,32,0,0,8,1,9,0,13,26,2,41,2,0,2,43
02/12/2000,GRI,NE,ACE,CE,Federal Contract Tower,0,12,14,0,26,0,3,6,0,9,0,15,20,0,35,0,0,0,35
02/13/2000,GRI,NE,ACE,CE,Federal Contract Tower,0,4,5,0,9,0,0,1,0,1,0,4,6,0,10,0,0,0,10
02/14/2000,GRI,NE,ACE,CE,Federal Contract Tower,0,6,7,0,13,0,2,8,0,10,0,8,15,0,23,0,0,0,23
02/15/2000,GRI,NE,ACE,CE,Federal Contract Tower,0,10,12,1,23,0,2,16,1,19,0,12,28,2,42,0,0,0,42
02/16/2000,GRI,NE,ACE,CE,Federal Contract Tower,0,14,16,0,30,0,0,16,0,16,0,14,32,0,46,16,0,16,62
02/17/2000,GRI,NE,ACE,CE,Federal Contract Tower,0,10,16,0,26,0,0,7,0,7,0,10,23,0,33,0,0,0,33
02/18/2000,GRI,NE,ACE,CE,Federal Contract Tower,0,14,16,0,30,0,0,4,0,4,0,14,20,0,34,0,0,0,34
02/19/2000,GRI,NE,ACE,CE,Federal Contract Tower,0,11,13,0,24,0,2,25,0,27,0,13,38,0,51,0,0,0,51
02/20/2000,GRI,NE,ACE,CE,Federal Contract Tower,0,4,6,0,10,0,2,25,0,27,0,6,31,0,37,22,0,22,59
02/21/2000,GRI,NE,ACE,CE,Federal Contract Tower,0,9,12,0,21,0,0,17,0,17,0,9,29,0,38,24,0,24,62
02/22/2000,GRI,NE,ACE,CE,Federal Contract Tower,0,12,15,0,27,0,1,18,2,21,0,13,33,2,48,18,2,20,68
02/23/2000,GRI,NE,ACE,CE,Federal Contract Tower,0,11,14,0,25,0,1,18,0,19,0,12,32,0,44,24,0,24,68
02/24/2000,GRI,NE,ACE,CE,Federal Contract Tower,0,12,15,0,27,0,2,23,2,27,0,14,38,2,54,28,0,28,82
02/25/2000,GRI,NE,ACE,CE,Federal Contract Tower,0,13,16,0,29,2,0,5,0,7,2,13,21,0,36,0,0,0,36
02/26/2000,GRI,NE,ACE,CE,Federal Contract Tower,0,8,9,0,17,0,7,1,0,8,0,15,10,0,25,0,0,0,25
02/27/2000,GRI,NE,ACE,CE,Federal Contract Tower,0,6,8,0,14,0,0,35,2,37,0,6,43,2,51,12,0,12,63
02/28/2000,GRI,NE,ACE,CE,Federal Contract Tower,0,7,9,0,16,0,1,7,0,8,0,8,16,0,24,0,0,0,24
02/29/2000,GRI,NE,ACE,CE,Federal Contract Tower,0,11,17,0,28,0,0,12,0,12,0,11,29,0,40,0,0,0,40
03/01/2000,GRI,NE,ACE,CE,Federal Contract Tower,0,12,21,0,33,0,4,50,0,54,0,16,71,0,87,48,0,48,135
03/02/2000,GRI,NE,ACE,CE,Federal Contract Tower,0,12,18,0,30,0,0,26,0,26,0,12,44,0,56,12,0,12,68
03/03/2000,GRI,NE,ACE,CE,Federal Contract Tower,0,11,16,0,27,0,0,34,0,34,0,11,50,0,61,36,0,36,97
03/04/2000,GRI,NE,ACE,CE,Federal Contract Tower,0,6,8,0,14,0,1,33,0,34,0,7,41,0,48,74,0,74,122
03/05/2000,GRI,NE,ACE,CE,Federal Contract Tower,0,5,8,0,13,0,1,23,0,24,0,6,31,0,37,8,0,8,45
03/06/2000,GRI,NE,ACE,CE,Federal Contract Tower,0,7,9,0,16,0,2,23,0,25,0,9,32,0,41,22,0,22,63
03/07/2000,GRI,NE,ACE,CE,Federal Contract Tower,0,11,21,0,32,0,0,11,0,11,0,11,32,0,43,0,0,0,43
03/08/2000,GRI,NE,ACE,CE,Federal Contract Tower,0,10,14,0,24,0,1,3,0,4,0,11,17,0,28,0,0,0,28
03/09/2000,GRI,NE,ACE,CE,Federal Contract Tower,0,12,17,0,29,0,1,20,0,21,0,13,37,0,50,8,0,8,58
03/10/2000,GRI,NE,ACE,CE,Federal Contract Tower,0,8,12,1,21,0,1,26,1,28,0,9,38,2,49,22,4,26,75
03/11/2000,GRI,NE,ACE,CE,Federal Contract Tower,0,4,5,0,9,0,3,27,0,30,0,7,32,0,39,58,0,58,97
03/12/2000,GRI,NE,ACE,CE,Federal Contract Tower,0,2,4,0,6,0,3,23,0,26,0,5,27,0,32,32,0,32,64
03/13/2000,GRI,NE,ACE,CE,Federal Contract Tower,0,11,16,2,29,0,23,19,2,44,0,34,35,4,73,0,4,4,77
03/14/2000,GRI,NE,ACE,CE,Federal Contract Tower,0,11,16,2,29,0,2,30,0,32,0,13,46,2,61,36,8,44,105
03/15/2000,GRI,NE,ACE,CE,Federal Contract Tower,0,14,20,0,34,0,0,24,0,24,0,14,44,0,58,0,0,0,58
03/16/2000,GRI,NE,ACE,CE,Federal Contract Tower,0,11,16,0,27,0,3,14,0,17,0,14,30,0,44,18,0,18,62
03/17/2000,GRI,NE,ACE,CE,Federal Contract Tower,0,9,13,0,22,0,4,33,0,37,0,13,46,0,59,10,0,10,69
03/18/2000,GRI,NE,ACE,CE,Federal Contract Tower,0,6,6,0,12,0,3,0,0,3,0,9,6,0,15,0,0,0,15
03/19/2000,GRI,NE,ACE,CE,Federal Contract Tower,0,4,10,1,15,0,0,15,1,16,0,4,25,2,31,12,4,16,47
03/20/2000,GRI,NE,ACE,CE,Federal Contract Tower,0,8,14,0,22,0,0,4,0,4,0,8,18,0,26,4,0,4,30
03/21/2000,GRI,NE,ACE,CE,Federal Contract Tower,0,17,31,1,49,0,0,1,5,6,0,17,32,6,55,0,0,0,55
03/22/2000,GRI,NE,ACE,CE,Federal Contract Tower,0,12,20,1,33,0,0,0,1,1,0,12,20,2,34,0,0,0,34
03/23/2000,GRI,NE,ACE,CE,Federal Contract Tower,0,12,23,0,35,0,0,6,0,6,0,12,29,0,41,0,0,0,41
03/24/2000,GRI,NE,ACE,CE,Federal Contract Tower,0,12,19,1,32,0,1,23,1,25,0,13,42,2,57,22,18,40,97
03/25/2000,GRI,NE,ACE,CE,Federal Contract Tower,0,6,9,0,15,0,2,55,2,59,0,8,64,2,74,6,0,6,80
03/26/2000,GRI,NE,ACE,CE,Federal Contract Tower,0,4,8,0,12,0,0,9,8,17,0,4,17,8,29,0,0,0,29
03/27/2000,GRI,NE,ACE,CE,Federal Contract Tower,0,8,14,0,22,2,0,8,8,18,2,8,22,8,40,4,8,12,52
03/28/2000,GRI,NE,ACE,CE,Federal Contract Tower,0,13,21,0,34,0,1,53,0,54,0,14,74,0,88,12,0,12,100
03/29/2000,GRI,NE,ACE,CE,Federal Contract Tower,0,12,20,0,32,2,0,32,0,34,2,12,52,0,66,34,0,34,100
03/30/2000,GRI,NE,ACE,CE,Federal Contract Tower,0,11,16,0,27,0,5,27,0,32,0,16,43,0,59,60,0,60,119
03/31/2000,GRI,NE,ACE,CE,Federal Contract Tower,0,11,15,0,26,0,2,17,3,22,0,13,32,3,48,14,0,14,62
04/01/2000,GRI,NE,ACE,CE,Federal Contract Tower,0,9,14,0,23,0,0,34,2,36,0,9,48,2,59,22,4,26,85
04/02/2000,GRI,NE,ACE,CE,Federal Contract Tower,0,6,6,0,12,0,1,13,2,16,0,7,19,2,28,42,0,42,70
04/03/2000,GRI,NE,ACE,CE,Federal Contract Tower,0,12,12,0,24,0,5,17,2,24,0,17,29,2,48,24,0,24,72
04/04/2000,GRI,NE,ACE,CE,Federal Contract Tower,0,9,12,0,21,0,8,28,0,36,0,17,40,0,57,68,0,68,125
04/05/2000,GRI,NE,ACE,CE,Federal Contract Tower,0,14,17,0,31,0,3,13,2,18,0,17,30,2,49,2,0,2,51
04/06/2000,GRI,NE,ACE,CE,Federal Contract Tower,0,10,13,0,23,0,1,27,0,28,0,11,40,0,51,36,0,36,87
04/07/2000,GRI,NE,ACE,CE,Federal Contract Tower,0,11,13,0,24,0,4,0,0,4,0,15,13,0,28,0,0,0,28
04/08/2000,GRI,NE,ACE,CE,Federal Contract Tower,0,7,10,0,17,0,5,29,0,34,0,12,39,0,51,42,0,42,93
04/09/2000,GRI,NE,ACE,CE,Federal Contract Tower,0,4,5,1,10,0,0,22,1,23,0,4,27,2,33,18,0,18,51
04/10/2000,GRI,NE,ACE,CE,Federal Contract Tower,0,8,10,0,18,0,0,13,0,13,0,8,23,0,31,8,0,8,39
04/11/2000,GRI,NE,ACE,CE,Federal Contract Tower,0,15,16,0,31,0,0,16,0,16,0,15,32,0,47,14,0,14,61
04/12/2000,GRI,NE,ACE,CE,Federal Contract Tower,0,14,14,1,29,0,1,27,1,29,0,15,41,2,58,8,0,8,66
04/13/2000,GRI,NE,ACE,CE,Federal Contract Tower,0,12,12,1,25,0,2,24,3,29,0,14,36,4,54,4,4,8,62
04/14/2000,GRI,NE,ACE,CE,Federal Contract Tower,0,10,15,1,26,0,0,21,1,22,0,10,36,2,48,8,0,8,56
04/15/2000,GRI,NE,ACE,CE,Federal Contract Tower,0,8,6,0,14,1,2,0,0,3,1,10,6,0,17,8,0,8,25
04/16/2000,GRI,NE,ACE,CE,Federal Contract Tower,0,7,7,1,15,0,1,0,1,2,0,8,7,2,17,12,0,12,29
04/17/2000,GRI,NE,ACE,CE,Federal Contract Tower,0,11,14,0,25,1,0,16,0,17,1,11,30,0,42,36,0,36,78
04/18/2000,GRI,NE,ACE,CE,Federal Contract Tower,0,16,25,1,42,0,0,22,1,23,0,16,47,2,65,36,0,36,101
04/19/2000,GRI,NE,ACE,CE,Federal Contract Tower,0,15,16,0,31,2,4,12,0,18,2,19,28,0,49,32,0,32,81
04/20/2000,GRI,NE,ACE,CE,Federal Contract Tower,0,16,16,0,32,0,1,3,0,4,0,17,19,0,36,8,0,8,44
04/21/2000,GRI,NE,ACE,CE,Federal Contract Tower,0,12,12,1,25,2,0,42,1,45,2,12,54,2,70,46,6,52,122
04/22/2000,GRI,NE,ACE,CE,Federal Contract Tower,0,5,6,0,11,0,5,33,0,38,0,10,39,0,49,18,0,18,67
04/23/2000,GRI,NE,ACE,CE,Federal Contract Tower,0,4,7,0,11,0,0,24,0,24,0,4,31,0,35,0,0,0,35
04/24/2000,GRI,NE,ACE,CE,Federal Contract Tower,0,9,11,0,20,0,0,9,0,9,0,9,20,0,29,0,0,0,29
04/25/2000,GRI,NE,ACE,CE,Federal Contract Tower,0,12,15,0,27,0,0,21,0,21,0,12,36,0,48,0,0,0,48
04/26/2000,GRI,NE,ACE,CE,Federal Contract Tower,0,12,13,0,25,0,3,28,0,31,0,15,41,0,56,26,0,26,82
04/27/2000,GRI,NE,ACE,CE,Federal Contract Tower,0,14,15,0,29,0,0,25,0,25,0,14,40,0,54,36,0,36,90
04/28/2000,GRI,NE,ACE,CE,Federal Contract Tower,0,10,11,0,21,0,2,27,0,29,0,12,38,0,50,22,0,22,72
04/29/2000,GRI,NE,ACE,CE,Federal Contract Tower,0,9,10,0,19,0,5,25,0,30,0,14,35,0,49,18,0,18,67
04/30/2000,GRI,NE,ACE,CE,Federal Contract Tower,0,4,6,0,10,2,0,1,0,3,2,4,7,0,13,0,0,0,13
05/01/2000,GRI,NE,ACE,CE,Federal Contract Tower,1,7,10,0,18,1,0,14,2,17,2,7,24,2,35,14,0,14,49
05/02/2000,GRI,NE,ACE,CE,Federal Contract Tower,1,12,15,1,29,1,0,18,1,20,2,12,33,2,49,2,0,2,51
05/03/2000,GRI,NE,ACE,CE,Federal Contract Tower,0,19,22,2,43,0,0,19,2,21,0,19,41,4,64,20,0,20,84
05/04/2000,GRI,NE,ACE,CE,Federal Contract Tower,0,11,13,0,24,0,3,21,0,24,0,14,34,0,48,0,0,0,48
05/05/2000,GRI,NE,ACE,CE,Federal Contract Tower,0,11,13,0,24,0,5,41,0,46,0,16,54,0,70,14,0,14,84
05/06/2000,GRI,NE,ACE,CE,Federal Contract Tower,0,17,16,0,33,0,12,0,0,12,0,29,16,0,45,6,0,6,51
05/07/2000,GRI,NE,ACE,CE,Federal Contract Tower,0,12,7,0,19,0,0,0,0,0,0,12,7,0,19,2,0,2,21
05/08/2000,GRI,NE,ACE,CE,Federal Contract Tower,0,10,11,0,21,0,0,13,0,13,0,10,24,0,34,14,0,14,48
05/09/2000,GRI,NE,ACE,CE,Federal Contract Tower,0,12,14,2,28,0,1,35,4,40,0,13,49,6,68,70,8,78,146
05/10/2000,GRI,NE,ACE,CE,Federal Contract Tower,0,15,17,0,32,0,3,32,0,35,0,18,49,0,67,44,0,44,111
05/11/2000,GRI,NE,ACE,CE,Federal Contract Tower,0,15,16,2,33,0,0,20,8,28,0,15,36,10,61,20,2,22,83
05/12/2000,GRI,NE,ACE,CE,Federal Contract Tower,0,13,13,1,27,0,0,20,1,21,0,13,33,2,48,30,0,30,78
05/13/2000,GRI,NE,ACE,CE,Federal Contract Tower,0,10,8,0,18,0,5,8,0,13,0,15,16,0,31,10,0,10,41
05/14/2000,GRI,NE,ACE,CE,Federal Contract Tower,0,6,7,0,13,0,0,25,0,25,0,6,32,0,38,6,0,6,44
05/15/2000,GRI,NE,ACE,CE,Federal Contract Tower,0,9,9,0,18,0,0,24,0,24,0,9,33,0,42,12,0,12,54
05/16/2000,GRI,NE,ACE,CE,Federal Contract Tower,0,16,14,2,32,0,0,18,0,18,0,16,32,2,50,6,2,8,58
05/17/2000,GRI,NE,ACE,CE,Federal Contract Tower,0,14,14,2,30,0,0,6,0,6,0,14,20,2,36,8,0,8,44
05/18/2000,GRI,NE,ACE,CE,Federal Contract Tower,0,22,22,2,46,0,0,4,0,4,0,22,26,2,50,0,6,6,56
05/19/2000,GRI,NE,ACE,CE,Federal Contract Tower,0,15,13,2,30,2,6,29,2,39,2,21,42,4,69,70,20,90,159
05/20/2000,GRI,NE,ACE,CE,Federal Contract Tower,0,9,8,0,17,0,3,26,0,29,0,12,34,0,46,30,0,30,76
05/21/2000,GRI,NE,ACE,CE,Federal Contract Tower,0,4,7,0,11,0,0,31,0,31,0,4,38,0,42,36,0,36,78
05/22/2000,GRI,NE,ACE,CE,Federal Contract Tower,0,9,13,1,23,0,0,13,11,24,0,9,26,12,47,22,0,22,69
05/23/2000,GRI,NE,ACE,CE,Federal Contract Tower,0,13,13,0,26,2,5,38,0,45,2,18,51,0,71,52,0,52,123
05/24/2000,GRI,NE,ACE,CE,Federal Contract Tower,0,12,11,0,23,0,0,36,0,36,0,12,47,0,59,46,0,46,105
05/25/2000,GRI,NE,ACE,CE,Federal Contract Tower,0,15,15,1,31,2,0,34,5,41,2,15,49,6,72,36,10,46,118
05/26/2000,GRI,NE,ACE,CE,Federal Contract Tower,0,15,11,0,26,0,4,0,0,4,0,19,11,0,30,0,0,0,30
05/27/2000,GRI,NE,ACE,CE,Federal Contract Tower,0,10,10,0,20,0,3,19,0,22,0,13,29,0,42,2,0,2,44
05/28/2000,GRI,NE,ACE,CE,Federal Contract Tower,0,5,4,0,9,0,0,16,0,16,0,5,20,0,25,0,0,0,25
05/29/2000,GRI,NE,ACE,CE,Federal Contract Tower,0,5,4,0,9,0,5,10,0,15,0,10,14,0,24,36,0,36,60
05/30/2000,GRI,NE,ACE,CE,Federal Contract Tower,0,9,14,0,23,2,0,17,0,19,2,9,31,0,42,44,0,44,86
05/31/2000,GRI,NE,ACE,CE,Federal Contract Tower,0,14,17,1,32,0,0,6,3,9,0,14,23,4,41,16,0,16,57
06/01/2000,GRI,NE,ACE,CE,Federal Contract Tower,0,9,11,1,21,0,6,10,1,17,0,15,21,2,38,30,0,30,68
06/02/2000,GRI,NE,ACE,CE,Federal Contract Tower,0,8,9,2,19,0,7,52,0,59,0,15,61,2,78,26,0,26,104
06/03/2000,GRI,NE,ACE,CE,Federal Contract Tower,0,7,8,0,15,0,4,22,0,26,0,11,30,0,41,26,0,26,67
06/04/2000,GRI,NE,ACE,CE,Federal Contract Tower,0,4,8,0,12,0,0,16,0,16,0,4,24,0,28,0,0,0,28
06/05/2000,GRI,NE,ACE,CE,Federal Contract Tower,1,13,17,2,33,1,0,24,0,25,2,13,41,2,58,42,0,42,100
06/06/2000,GRI,NE,ACE,CE,Federal Contract Tower,1,12,13,0,26,1,5,20,0,26,2,17,33,0,52,42,0,42,94
06/07/2000,GRI,NE,ACE,CE,Federal Contract Tower,0,11,13,0,24,0,7,19,0,26,0,18,32,0,50,10,0,10,60
06/08/2000,GRI,NE,ACE,CE,Federal Contract Tower,1,15,17,2,35,1,0,28,0,29,2,15,45,2,64,32,0,32,96
06/09/2000,GRI,NE,ACE,CE,Federal Contract Tower,0,11,13,2,26,0,3,17,8,28,0,14,30,10,54,40,14,54,108
06/10/2000,GRI,NE,ACE,CE,Federal Contract Tower,0,12,13,2,27,0,1,30,5,36,0,13,43,7,63,32,0,32,95
06/11/2000,GRI,NE,ACE,CE,Federal Contract Tower,0,5,4,0,9,0,4,42,0,46,0,9,46,0,55,16,0,16,71
06/12/2000,GRI,NE,ACE,CE,Federal Contract Tower,0,10,16,3,29,0,0,22,5,27,0,10,38,8,56,8,12,20,76
06/13/2000,GRI,NE,ACE,CE,Federal Contract Tower,0,15,17,3,35,0,0,16,3,19,0,15,33,6,54,28,0,28,82
06/14/2000,GRI,NE,ACE,CE,Federal Contract Tower,0,10,10,2,22,0,3,24,2,29,0,13,34,4,51,32,0,32,83
06/15/2000,GRI,NE,ACE,CE,Federal Contract Tower,0,14,14,0,28,0,3,23,0,26,0,17,37,0,54,22,0,22,76
06/16/2000,GRI,NE,ACE,CE,Federal Contract Tower,0,13,13,2,28,0,0,28,11,39,0,13,41,13,67,36,28,64,131
06/17/2000,GRI,NE,ACE,CE,Federal Contract Tower,0,9,8,0,17,0,0,30,0,30,0,9,38,0,47,6,0,6,53
06/18/2000,GRI,NE,ACE,CE,Federal Contract Tower,0,5,4,0,9,0,0,37,0,37,0,5,41,0,46,10,0,10,56
06/19/2000,GRI,NE,ACE,CE,Federal Contract Tower,0,10,12,2,24,2,0,10,2,14,2,10,22,4,38,0,4,4,42
06/20/2000,GRI,NE,ACE,CE,Federal Contract Tower,0,14,14,3,31,0,0,26,3,29,0,14,40,6,60,26,6,32,92
06/21/2000,GRI,NE,ACE,CE,Federal Contract Tower,0,9,9,0,18,0,5,21,0,26,0,14,30,0,44,36,0,36,80
06/22/2000,GRI,NE,ACE,CE,Federal Contract Tower,0,12,15,0,27,0,0,40,0,40,0,12,55,0,67,44,0,44,111
06/23/2000,GRI,NE,ACE,CE,Federal Contract Tower,0,11,11,1,23,0,7,14,1,22,0,18,25,2,45,32,0,32,77
06/24/2000,GRI,NE,ACE,CE,Federal Contract Tower,0,8,8,1,17,0,3,34,0,37,0,11,42,1,54,50,0,50,104
06/25/2000,GRI,NE,ACE,CE,Federal Contract Tower,0,4,6,0,10,0,0,28,0,28,0,4,34,0,38,16,0,16,54
06/26/2000,GRI,NE,ACE,CE,Federal Contract Tower,0,9,10,0,19,0,2,35,0,37,0,11,45,0,56,32,0,32,88
06/27/2000,GRI,NE,ACE,CE,Federal Contract Tower,0,14,14,0,28,0,4,29,0,33,0,18,43,0,61,46,0,46,107
06/28/2000,GRI,NE,ACE,CE,Federal Contract Tower,0,15,16,2,33,0,0,22,4,26,0,15,38,6,59,0,12,12,71
06/29/2000,GRI,NE,ACE,CE,Federal Contract Tower,0,8,14,0,22,0,0,38,0,38,0,8,52,0,60,42,0,42,102
06/30/2000,GRI,NE,ACE,CE,Federal Contract Tower,0,16,17,2,35,0,1,36,0,37,0,17,53,2,72,82,0,82,154
07/01/2000,GRI,NE,ACE,CE,Federal Contract Tower,0,7,14,0,21,0,3,34,0,37,0,10,48,0,58,34,0,34,92
07/02/2000,GRI,NE,ACE,CE,Federal Contract Tower,0,2,3,0,5,0,2,15,2,19,0,4,18,2,24,22,0,22,46
07/03/2000,GRI,NE,ACE,CE,Federal Contract Tower,0,9,27,0,36,0,0,19,2,21,0,9,46,2,57,12,0,12,69
07/04/2000,GRI,NE,ACE,CE,Federal Contract Tower,0,1,4,0,5,0,4,5,0,9,0,5,9,0,14,0,0,0,14
07/05/2000,GRI,NE,ACE,CE,Federal Contract Tower,0,8,15,0,23,0,6,13,0,19,0,14,28,0,42,6,0,6,48
07/06/2000,GRI,NE,ACE,CE,Federal Contract Tower,0,10,19,0,29,0,12,21,0,33,0,22,40,0,62,28,0,28,90
07/07/2000,GRI,NE,ACE,CE,Federal Contract Tower,0,8,16,1,25,0,5,28,9,42,0,13,44,10,67,4,0,4,71
07/08/2000,GRI,NE,ACE,CE,Federal Contract Tower,0,10,17,0,27,0,2,37,0,39,0,12,54,0,66,0,0,0,66
07/09/2000,GRI,NE,ACE,CE,Federal Contract Tower,0,4,14,0,18,0,0,34,0,34,0,4,48,0,52,8,0,8,60
07/10/2000,GRI,NE,ACE,CE,Federal Contract Tower,0,9,13,0,22,0,3,33,0,36,0,12,46,0,58,22,0,22,80
07/11/2000,GRI,NE,ACE,CE,Federal Contract Tower,0,15,22,1,38,0,5,16,3,24,0,20,38,4,62,10,0,10,72
07/12/2000,GRI,NE,ACE,CE,Federal Contract Tower,0,12,18,0,30,0,7,30,0,37,0,19,48,0,67,42,0,42,109
07/13/2000,GRI,NE,ACE,CE,Federal Contract Tower,0,14,24,1,39,0,0,28,5,33,0,14,52,6,72,32,0,32,104
07/14/2000,GRI,NE,ACE,CE,Federal Contract Tower,0,9,14,0,23,0,4,14,0,18,0,13,28,0,41,0,0,0,41
07/15/2000,GRI,NE,ACE,CE,Federal Contract Tower,0,9,14,0,23,2,1,30,0,33,2,10,44,0,56,14,0,14,70
07/16/2000,GRI,NE,ACE,CE,Federal Contract Tower,0,6,10,1,17,0,0,26,1,27,0,6,36,2,44,8,0,8,52
07/17/2000,GRI,NE,ACE,CE,Federal Contract Tower,0,12,20,0,32,2,0,17,0,19,2,12,37,0,51,18,0,18,69
07/18/2000,GRI,NE,ACE,CE,Federal Contract Tower,0,15,22,1,38,2,3,5,1,11,2,18,27,2,49,4,0,4,53
07/19/2000,GRI,NE,ACE,CE,Federal Contract Tower,0,14,35,0,49,0,0,20,0,20,0,14,55,0,69,8,0,8,77
07/20/2000,GRI,NE,ACE,CE,Federal Contract Tower,0,15,22,0,37,0,1,16,0,17,0,16,38,0,54,8,0,8,62
07/21/2000,GRI,NE,ACE,CE,Federal Contract Tower,0,13,20,1,34,0,3,34,1,38,0,16,54,2,72,32,0,32,104
07/22/2000,GRI,NE,ACE,CE,Federal Contract Tower,0,7,12,1,20,0,4,47,1,52,0,11,59,2,72,34,0,34,106
07/23/2000,GRI,NE,ACE,CE,Federal Contract Tower,0,4,14,0,18,0,0,46,2,48,0,4,60,2,66,24,0,24,90
07/24/2000,GRI,NE,ACE,CE,Federal Contract Tower,0,8,14,0,22,0,1,46,4,51,0,9,60,4,73,4,6,10,83
07/25/2000,GRI,NE,ACE,CE,Federal Contract Tower,0,12,22,0,34,0,0,26,2,28,0,12,48,2,62,6,0,6,68
07/26/2000,GRI,NE,ACE,CE,Federal Contract Tower,0,13,22,0,35,0,4,9,2,15,0,17,31,2,50,8,0,8,58
07/27/2000,GRI,NE,ACE,CE,Federal Contract Tower,0,14,22,0,36,0,3,16,2,21,0,17,38,2,57,0,6,6,63
07/28/2000,GRI,NE,ACE,CE,Federal Contract Tower,0,10,17,0,27,0,4,16,0,20,0,14,33,0,47,0,0,0,47
07/29/2000,GRI,NE,ACE,CE,Federal Contract Tower,0,11,18,0,29,0,0,28,4,32,0,11,46,4,61,14,0,14,75
07/30/2000,GRI,NE,ACE,CE,Federal Contract Tower,0,6,16,0,22,0,0,39,0,39,0,6,55,0,61,0,0,0,61
07/31/2000,GRI,NE,ACE,CE,Federal Contract Tower,0,9,15,0,24,0,0,26,0,26,0,9,41,0,50,0,0,0,50
08/01/2000,GRI,NE,ACE,CE,Federal Contract Tower,0,7,14,0,21,0,3,34,0,37,0,10,48,0,58,32,0,32,90
08/02/2000,GRI,NE,ACE,CE,Federal Contract Tower,0,1,4,0,5,0,5,14,2,21,0,6,18,2,26,24,0,24,50
08/03/2000,GRI,NE,ACE,CE,Federal Contract Tower,0,9,27,0,36,0,0,18,4,22,0,9,45,4,58,10,0,10,68
08/04/2000,GRI,NE,ACE,CE,Federal Contract Tower,0,1,4,0,5,0,4,5,0,9,0,5,9,0,14,0,0,0,14
08/05/2000,GRI,NE,ACE,CE,Federal Contract Tower,0,8,15,0,23,0,6,13,0,19,0,14,28,0,42,6,0,6,48
08/06/2000,GRI,NE,ACE,CE,Federal Contract Tower,0,10,19,0,29,0,12,20,0,32,0,22,39,0,61,30,0,30,91
08/07/2000,GRI,NE,ACE,CE,Federal Contract Tower,0,8,16,1,25,0,5,26,9,40,0,13,42,10,65,4,0,4,69
08/08/2000,GRI,NE,ACE,CE,Federal Contract Tower,0,10,17,0,27,0,2,37,0,39,0,12,54,0,66,0,0,0,66
08/09/2000,GRI,NE,ACE,CE,Federal Contract Tower,0,4,14,0,18,0,0,32,0,32,0,4,46,0,50,6,0,6,56
08/10/2000,GRI,NE,ACE,CE,Federal Contract Tower,0,9,13,0,22,0,3,33,0,36,0,12,46,0,58,22,0,22,80
08/11/2000,GRI,NE,ACE,CE,Federal Contract Tower,0,15,22,1,38,0,5,16,3,24,0,20,38,4,62,10,0,10,72
08/12/2000,GRI,NE,ACE,CE,Federal Contract Tower,0,12,18,0,30,0,7,30,0,37,0,19,48,0,67,42,0,42,109
08/13/2000,GRI,NE,ACE,CE,Federal Contract Tower,0,14,24,1,39,0,0,28,3,31,0,14,52,4,70,34,0,34,104
08/14/2000,GRI,NE,ACE,CE,Federal Contract Tower,0,9,14,0,23,0,4,13,0,17,0,13,27,0,40,0,0,0,40
08/15/2000,GRI,NE,ACE,CE,Federal Contract Tower,0,9,14,0,23,2,1,30,0,33,2,10,44,0,56,12,0,12,68
08/16/2000,GRI,NE,ACE,CE,Federal Contract Tower,0,6,10,1,17,0,0,25,3,28,0,6,35,4,45,8,0,8,53
08/17/2000,GRI,NE,ACE,CE,Federal Contract Tower,0,12,20,0,32,2,0,17,0,19,2,12,37,0,51,18,0,18,69
08/18/2000,GRI,NE,ACE,CE,Federal Contract Tower,0,15,22,1,38,2,3,6,1,12,2,18,28,2,50,2,0,2,52
08/19/2000,GRI,NE,ACE,CE,Federal Contract Tower,0,22,0,0,22,14,34,0,0,48,14,56,0,0,70,6,0,6,76
08/20/2000,GRI,NE,ACE,CE,Federal Contract Tower,0,15,22,0,37,0,1,16,0,17,0,16,38,0,54,8,0,8,62
08/21/2000,GRI,NE,ACE,CE,Federal Contract Tower,0,13,20,1,34,0,3,34,1,38,0,16,54,2,72,32,0,32,104
08/22/2000,GRI,NE,ACE,CE,Federal Contract Tower,0,7,12,1,20,0,4,47,1,52,0,11,59,2,72,34,0,34,106
08/23/2000,GRI,NE,ACE,CE,Federal Contract Tower,0,4,13,0,17,0,0,47,2,49,0,4,60,2,66,24,0,24,90
08/24/2000,GRI,NE,ACE,CE,Federal Contract Tower,0,8,14,0,22,0,1,45,0,46,0,9,59,0,68,4,0,4,72
08/25/2000,GRI,NE,ACE,CE,Federal Contract Tower,0,12,22,0,34,0,0,25,2,27,0,12,47,2,61,6,0,6,67
08/26/2000,GRI,NE,ACE,CE,Federal Contract Tower,0,13,22,0,35,0,4,9,2,15,0,17,31,2,50,6,0,6,56
08/27/2000,GRI,NE,ACE,CE,Federal Contract Tower,0,14,22,0,36,0,3,15,2,20,0,17,37,2,56,0,6,6,62
08/28/2000,GRI,NE,ACE,CE,Federal Contract Tower,0,10,17,0,27,0,4,16,0,20,0,14,33,0,47,0,0,0,47
08/29/2000,GRI,NE,ACE,CE,Federal Contract Tower,0,11,18,0,29,0,0,28,2,30,0,11,46,2,59,14,0,14,73
08/30/2000,GRI,NE,ACE,CE,Federal Contract Tower,0,5,16,0,21,0,0,39,0,39,0,5,55,0,60,0,0,0,60
08/31/2000,GRI,NE,ACE,CE,Federal Contract Tower,0,9,15,0,24,0,1,27,0,28,0,10,42,0,52,0,0,0,52
09/01/2000,GRI,NE,ACE,CE,Federal Contract Tower,0,16,15,0,31,0,1,6,0,7,0,17,21,0,38,0,0,0,38
09/02/2000,GRI,NE,ACE,CE,Federal Contract Tower,0,7,7,0,14,0,3,22,0,25,0,10,29,0,39,12,0,12,51
09/03/2000,GRI,NE,ACE,CE,Federal Contract Tower,0,3,4,0,7,0,0,25,0,25,0,3,29,0,32,10,0,10,42
09/04/2000,GRI,NE,ACE,CE,Federal Contract Tower,0,3,5,0,8,0,0,28,0,28,0,3,33,0,36,0,0,0,36
09/05/2000,GRI,NE,ACE,CE,Federal Contract Tower,0,9,11,0,20,0,0,22,0,22,0,9,33,0,42,4,0,4,46
09/06/2000,GRI,NE,ACE,CE,Federal Contract Tower,0,19,19,0,38,0,4,19,0,23,0,23,38,0,61,4,0,4,65
09/07/2000,GRI,NE,ACE,CE,Federal Contract Tower,0,19,19,2,40,0,4,25,0,29,0,23,44,2,69,8,4,12,81
09/08/2000,GRI,NE,ACE,CE,Federal Contract Tower,0,21,21,0,42,0,1,35,0,36,0,22,56,0,78,16,0,16,94
09/09/2000,GRI,NE,ACE,CE,Federal Contract Tower,0,6,7,0,13,0,7,6,0,13,0,13,13,0,26,0,0,0,26
09/10/2000,GRI,NE,ACE,CE,Federal Contract Tower,0,9,12,2,23,0,0,34,0,34,0,9,46,2,57,10,0,10,67
09/11/2000,GRI,NE,ACE,CE,Federal Contract Tower,0,14,14,2,30,0,1,16,2,19,0,15,30,4,49,4,0,4,53
09/12/2000,GRI,NE,ACE,CE,Federal Contract Tower,0,20,20,2,42,0,1,30,2,33,0,21,50,4,75,4,0,4,79
09/13/2000,GRI,NE,ACE,CE,Federal Contract Tower,0,20,23,3,46,0,0,36,13,49,0,20,59,16,95,4,4,8,103
09/14/2000,GRI,NE,ACE,CE,Federal Contract Tower,0,22,21,3,46,0,0,47,7,54,0,22,68,10,100,4,8,12,112
09/15/2000,GRI,NE,ACE,CE,Federal Contract Tower,0,18,15,0,33,0,0,29,0,29,0,18,44,0,62,28,0,28,90
09/16/2000,GRI,NE,ACE,CE,Federal Contract Tower,0,9,7,0,16,0,4,18,0,22,0,13,25,0,38,14,0,14,52
09/17/2000,GRI,NE,ACE,CE,Federal Contract Tower,0,5,4,1,10,0,1,50,1,52,0,6,54,2,62,24,22,46,108
09/18/2000,GRI,NE,ACE,CE,Federal Contract Tower,0,13,11,0,24,0,1,12,0,13,0,14,23,0,37,6,0,6,43
09/19/2000,GRI,NE,ACE,CE,Federal Contract Tower,0,20,17,0,37,0,4,22,0,26,0,24,39,0,63,16,0,16,79
09/20/2000,GRI,NE,ACE,CE,Federal Contract Tower,0,18,17,0,35,0,1,12,0,13,0,19,29,0,48,4,0,4,52
09/21/2000,GRI,NE,ACE,CE,Federal Contract Tower,0,17,15,0,32,0,2,18,0,20,0,19,33,0,52,6,0,6,58
09/22/2000,GRI,NE,ACE,CE,Federal Contract Tower,0,18,16,0,34,0,4,6,0,10,0,22,22,0,44,0,0,0,44
09/23/2000,GRI,NE,ACE,CE,Federal Contract Tower,0,6,5,0,11,0,6,3,0,9,0,12,8,0,20,0,0,0,20
09/24/2000,GRI,NE,ACE,CE,Federal Contract Tower,0,6,5,0,11,0,2,0,2,4,0,8,5,2,15,0,0,0,15
09/25/2000,GRI,NE,ACE,CE,Federal Contract Tower,0,15,13,1,29,0,4,29,1,34,0,19,42,2,63,0,0,0,63
09/26/2000,GRI,NE,ACE,CE,Federal Contract Tower,0,18,20,0,38,0,0,53,0,53,0,18,73,0,91,20,0,20,111
09/27/2000,GRI,NE,ACE,CE,Federal Contract Tower,0,18,16,0,34,0,3,31,0,34,0,21,47,0,68,20,0,20,88
09/28/2000,GRI,NE,ACE,CE,Federal Contract Tower,0,21,20,1,42,2,0,15,3,20,2,21,35,4,62,4,4,8,70
09/29/2000,GRI,NE,ACE,CE,Federal Contract Tower,0,17,15,1,33,2,4,17,1,24,2,21,32,2,57,8,0,8,65
09/30/2000,GRI,NE,ACE,CE,Federal Contract Tower,0,10,10,0,20,0,2,15,0,17,0,12,25,0,37,12,0,12,49
10/01/2000,GRI,NE,ACE,CE,Federal Contract Tower,0,7,6,0,13,0,2,19,0,21,0,9,25,0,34,30,0,30,64
10/02/2000,GRI,NE,ACE,CE,Federal Contract Tower,0,12,12,0,24,0,5,29,0,34,0,17,41,0,58,44,0,44,102
10/03/2000,GRI,NE,ACE,CE,Federal Contract Tower,0,17,21,0,38,0,0,41,2,43,0,17,62,2,81,14,0,14,95
10/04/2000,GRI,NE,ACE,CE,Federal Contract Tower,0,18,19,0,37,0,0,39,0,39,0,18,58,0,76,28,0,28,104
10/05/2000,GRI,NE,ACE,CE,Federal Contract Tower,0,19,16,0,35,0,7,0,0,7,0,26,16,0,42,4,0,4,46
10/06/2000,GRI,NE,ACE,CE,Federal Contract Tower,0,20,18,0,38,0,5,32,0,37,0,25,50,0,75,14,0,14,89
10/07/2000,GRI,NE,ACE,CE,Federal Contract Tower,0,9,9,0,18,0,6,17,0,23,0,15,26,0,41,30,0,30,71
10/08/2000,GRI,NE,ACE,CE,Federal Contract Tower,0,3,4,0,7,0,3,23,0,26,0,6,27,0,33,52,0,52,85
10/09/2000,GRI,NE,ACE,CE,Federal Contract Tower,0,13,13,0,26,0,0,21,0,21,0,13,34,0,47,24,0,24,71
10/10/2000,GRI,NE,ACE,CE,Federal Contract Tower,0,21,17,0,38,0,0,26,0,26,0,21,43,0,64,30,0,30,94
10/11/2000,GRI,NE,ACE,CE,Federal Contract Tower,0,17,13,1,31,0,0,32,1,33,0,17,45,2,64,22,0,22,86
10/12/2000,GRI,NE,ACE,CE,Federal Contract Tower,0,17,14,0,31,2,1,7,0,10,2,18,21,0,41,8,0,8,49
10/13/2000,GRI,NE,ACE,CE,Federal Contract Tower,0,18,20,0,38,0,0,35,0,35,0,18,55,0,73,8,0,8,81
10/14/2000,GRI,NE,ACE,CE,Federal Contract Tower,0,9,7,0,16,0,4,28,0,32,0,13,35,0,48,20,0,20,68
10/15/2000,GRI,NE,ACE,CE,Federal Contract Tower,0,8,9,0,17,2,0,37,0,39,2,8,46,0,56,44,0,44,100
10/16/2000,GRI,NE,ACE,CE,Federal Contract Tower,0,16,13,0,29,0,0,33,0,33,0,16,46,0,62,26,0,26,88
10/17/2000,GRI,NE,ACE,CE,Federal Contract Tower,0,19,16,0,35,0,5,25,0,30,0,24,41,0,65,2,0,2,67
10/18/2000,GRI,NE,ACE,CE,Federal Contract Tower,0,20,16,0,36,0,0,38,0,38,0,20,54,0,74,10,0,10,84
10/19/2000,GRI,NE,ACE,CE,Federal Contract Tower,0,19,16,0,35,0,1,38,4,43,0,20,54,4,78,0,0,0,78
10/20/2000,GRI,NE,ACE,CE,Federal Contract Tower,0,16,12,0,28,0,9,20,0,29,0,25,32,0,57,0,0,0,57
10/21/2000,GRI,NE,ACE,CE,Federal Contract Tower,0,20,17,0,37,0,0,11,0,11,0,20,28,0,48,0,0,0,48
10/22/2000,GRI,NE,ACE,CE,Federal Contract Tower,0,7,4,0,11,0,1,0,0,1,0,8,4,0,12,0,0,0,12
10/23/2000,GRI,NE,ACE,CE,Federal Contract Tower,0,24,20,0,44,0,0,8,0,8,0,24,28,0,52,0,0,0,52
10/24/2000,GRI,NE,ACE,CE,Federal Contract Tower,0,20,18,0,38,0,0,2,0,2,0,20,20,0,40,0,0,0,40
10/25/2000,GRI,NE,ACE,CE,Federal Contract Tower,0,27,22,0,49,0,1,16,0,17,0,28,38,0,66,0,0,0,66
10/26/2000,GRI,NE,ACE,CE,Federal Contract Tower,0,18,15,0,33,0,1,43,0,44,0,19,58,0,77,30,0,30,107
10/27/2000,GRI,NE,ACE,CE,Federal Contract Tower,0,20,21,0,41,0,0,13,10,23,0,20,34,10,64,8,0,8,72
10/28/2000,GRI,NE,ACE,CE,Federal Contract Tower,0,9,7,0,16,0,0,1,0,1,0,9,8,0,17,0,0,0,17
10/29/2000,GRI,NE,ACE,CE,Federal Contract Tower,0,6,4,0,10,0,0,1,0,1,0,6,5,0,11,0,0,0,11
10/30/2000,GRI,NE,ACE,CE,Federal Contract Tower,0,19,16,0,35,0,0,46,0,46,0,19,62,0,81,56,0,56,137
10/31/2000,GRI,NE,ACE,CE,Federal Contract Tower,0,22,16,0,38,0,2,0,0,2,0,24,16,0,40,0,0,0,40
11/01/2000,GRI,NE,ACE,CE,Federal Contract Tower,0,22,16,0,38,0,3,15,0,18,0,25,31,0,56,0,0,0,56
11/02/2000,GRI,NE,ACE,CE,Federal Contract Tower,0,26,19,0,45,0,0,25,0,25,0,26,44,0,70,6,0,6,76
11/03/2000,GRI,NE,ACE,CE,Federal Contract Tower,0,16,12,0,28,0,6,28,2,36,0,22,40,2,64,82,0,82,146
11/04/2000,GRI,NE,ACE,CE,Federal Contract Tower,0,11,11,0,22,0,0,28,10,38,0,11,39,10,60,34,0,34,94
11/05/2000,GRI,NE,ACE,CE,Federal Contract Tower,0,2,3,0,5,0,0,3,0,3,0,2,6,0,8,0,0,0,8
11/06/2000,GRI,NE,ACE,CE,Federal Contract Tower,0,17,11,0,28,0,1,2,0,3,0,18,13,0,31,8,0,8,39
11/07/2000,GRI,NE,ACE,CE,Federal Contract Tower,0,19,12,0,31,0,4,5,0,9,0,23,17,0,40,6,0,6,46
11/08/2000,GRI,NE,ACE,CE,Federal Contract Tower,0,23,17,0,40,0,0,30,0,30,0,23,47,0,70,4,0,4,74
11/09/2000,GRI,NE,ACE,CE,Federal Contract Tower,0,20,14,0,34,0,2,26,0,28,0,22,40,0,62,6,0,6,68
11/10/2000,GRI,NE,ACE,CE,Federal Contract Tower,0,21,14,0,35,0,0,24,0,24,0,21,38,0,59,6,0,6,65
11/11/2000,GRI,NE,ACE,CE,Federal Contract Tower,0,5,3,0,8,0,2,6,0,8,0,7,9,0,16,0,0,0,16
11/12/2000,GRI,NE,ACE,CE,Federal Contract Tower,0,5,4,0,9,0,1,2,0,3,0,6,6,0,12,0,0,0,12
11/13/2000,GRI,NE,ACE,CE,Federal Contract Tower,0,16,11,0,27,0,1,4,0,5,0,17,15,0,32,8,0,8,40
11/14/2000,GRI,NE,ACE,CE,Federal Contract Tower,0,19,12,1,32,0,6,29,1,36,0,25,41,2,68,24,4,28,96
11/15/2000,GRI,NE,ACE,CE,Federal Contract Tower,0,17,12,0,29,0,5,21,0,26,0,22,33,0,55,20,0,20,75
11/16/2000,GRI,NE,ACE,CE,Federal Contract Tower,0,16,10,0,26,0,6,2,0,8,0,22,12,0,34,10,0,10,44
11/17/2000,GRI,NE,ACE,CE,Federal Contract Tower,0,22,16,0,38,0,0,24,2,26,0,22,40,2,64,22,0,22,86
11/18/2000,GRI,NE,ACE,CE,Federal Contract Tower,0,12,8,0,20,0,1,14,0,15,0,13,22,0,35,16,0,16,51
11/19/2000,GRI,NE,ACE,CE,Federal Contract Tower,0,6,4,0,10,0,2,5,0,7,0,8,9,0,17,0,0,0,17
11/20/2000,GRI,NE,ACE,CE,Federal Contract Tower,0,16,10,0,26,0,3,1,0,4,0,19,11,0,30,0,0,0,30
11/21/2000,GRI,NE,ACE,CE,Federal Contract Tower,0,27,19,0,46,0,0,25,0,25,0,27,44,0,71,8,0,8,79
11/22/2000,GRI,NE,ACE,CE,Federal Contract Tower,0,19,12,0,31,0,2,17,0,19,0,21,29,0,50,4,0,4,54
11/23/2000,GRI,NE,ACE,CE,Federal Contract Tower,0,2,1,0,3,0,0,5,0,5,0,2,6,0,8,0,0,0,8
11/24/2000,GRI,NE,ACE,CE,Federal Contract Tower,0,14,8,0,22,0,5,26,0,31,0,19,34,0,53,20,0,20,73
11/25/2000,GRI,NE,ACE,CE,Federal Contract Tower,0,14,8,0,22,0,0,21,0,21,0,14,29,0,43,8,0,8,51
11/26/2000,GRI,NE,ACE,CE,Federal Contract Tower,0,8,6,0,14,0,0,22,2,24,0,8,28,2,38,0,0,0,38
11/27/2000,GRI,NE,ACE,CE,Federal Contract Tower,0,18,16,0,34,0,0,15,6,21,0,18,31,6,55,6,4,10,65
11/28/2000,GRI,NE,ACE,CE,Federal Contract Tower,0,18,12,0,30,0,0,19,0,19,0,18,31,0,49,10,0,10,59
11/29/2000,GRI,NE,ACE,CE,Federal Contract Tower,0,17,10,0,27,0,3,22,0,25,0,20,32,0,52,6,0,6,58
11/30/2000,GRI,NE,ACE,CE,Federal Contract Tower,0,19,12,0,31,0,1,16,0,17,0,20,28,0,48,4,0,4,52
12/01/2000,GRI,NE,ACE,CE,Federal Contract Tower,0,15,13,0,28,0,0,1,2,3,0,15,14,2,31,0,0,0,31
12/02/2000,GRI,NE,ACE,CE,Federal Contract Tower,1,14,13,0,28,1,1,9,0,11,2,15,22,0,39,0,0,0,39
12/03/2000,GRI,NE,ACE,CE,Federal Contract Tower,0,3,3,0,6,0,4,9,0,13,0,7,12,0,19,0,0,0,19
12/04/2000,GRI,NE,ACE,CE,Federal Contract Tower,0,11,8,0,19,0,5,16,6,27,0,16,24,6,46,20,6,26,72
12/05/2000,GRI,NE,ACE,CE,Federal Contract Tower,0,12,9,0,21,0,6,3,0,9,0,18,12,0,30,20,0,20,50
12/06/2000,GRI,NE,ACE,CE,Federal Contract Tower,1,20,16,0,37,1,0,20,6,27,2,20,36,6,64,54,0,54,118
12/07/2000,GRI,NE,ACE,CE,Federal Contract Tower,0,16,14,0,30,0,0,32,1,33,0,16,46,1,63,24,0,24,87
12/08/2000,GRI,NE,ACE,CE,Federal Contract Tower,0,16,14,0,30,0,0,10,3,13,0,16,24,3,43,22,0,22,65
12/09/2000,GRI,NE,ACE,CE,Federal Contract Tower,0,14,10,0,24,0,0,14,0,14,0,14,24,0,38,16,0,16,54
12/10/2000,GRI,NE,ACE,CE,Federal Contract Tower,0,3,0,0,3,0,4,0,0,4,0,7,0,0,7,0,0,0,7
12/11/2000,GRI,NE,ACE,CE,Federal Contract Tower,0,9,6,0,15,0,3,0,0,3,0,12,6,0,18,0,0,0,18
12/12/2000,GRI,NE,ACE,CE,Federal Contract Tower,0,16,12,0,28,0,0,7,0,7,0,16,19,0,35,0,0,0,35
12/13/2000,GRI,NE,ACE,CE,Federal Contract Tower,0,16,18,1,35,2,0,10,1,13,2,16,28,2,48,18,0,18,66
12/14/2000,GRI,NE,ACE,CE,Federal Contract Tower,0,16,12,0,28,0,8,12,0,20,0,24,24,0,48,22,0,22,70
12/15/2000,GRI,NE,ACE,CE,Federal Contract Tower,0,12,7,0,19,0,3,0,0,3,0,15,7,0,22,0,0,0,22
12/16/2000,GRI,NE,ACE,CE,Federal Contract Tower,0,9,3,0,12,2,4,0,0,6,2,13,3,0,18,0,0,0,18
12/17/2000,GRI,NE,ACE,CE,Federal Contract Tower,0,7,6,0,13,2,0,5,0,7,2,7,11,0,20,2,0,2,22
12/18/2000,GRI,NE,ACE,CE,Federal Contract Tower,0,13,10,0,23,0,2,0,0,2,0,15,10,0,25,0,0,0,25
12/19/2000,GRI,NE,ACE,CE,Federal Contract Tower,0,21,15,0,36,0,0,14,0,14,0,21,29,0,50,10,0,10,60
12/20/2000,GRI,NE,ACE,CE,Federal Contract Tower,0,19,14,0,33,2,0,3,0,5,2,19,17,0,38,0,0,0,38
12/21/2000,GRI,NE,ACE,CE,Federal Contract Tower,0,14,8,0,22,0,5,20,0,25,0,19,28,0,47,0,0,0,47
12/22/2000,GRI,NE,ACE,CE,Federal Contract Tower,0,16,11,0,27,0,3,7,0,10,0,19,18,0,37,0,0,0,37
12/23/2000,GRI,NE,ACE,CE,Federal Contract Tower,0,14,8,0,22,0,1,17,0,18,0,15,25,0,40,16,0,16,56
12/24/2000,GRI,NE,ACE,CE,Federal Contract Tower,0,8,4,0,12,0,0,4,0,4,0,8,8,0,16,0,0,0,16
12/25/2000,GRI,NE,ACE,CE,Federal Contract Tower,0,5,2,0,7,0,0,1,0,1,0,5,3,0,8,0,0,0,8
12/26/2000,GRI,NE,ACE,CE,Federal Contract Tower,0,16,13,0,29,0,0,21,0,21,0,16,34,0,50,0,0,0,50
12/27/2000,GRI,NE,ACE,CE,Federal Contract Tower,0,19,16,0,35,0,0,30,2,32,0,19,46,2,67,4,0,4,71
12/28/2000,GRI,NE,ACE,CE,Federal Contract Tower,0,15,11,0,26,0,0,3,0,3,0,15,14,0,29,0,0,0,29
12/29/2000,GRI,NE,ACE,CE,Federal Contract Tower,0,16,9,0,25,0,4,0,2,6,0,20,9,2,31,0,0,0,31
12/30/2000,GRI,NE,ACE,CE,Federal Contract Tower,0,8,6,0,14,0,5,12,0,17,0,13,18,0,31,16,0,16,47
12/31/2000,GRI,NE,ACE,CE,Federal Contract Tower,0,5,3,0,8,0,0,5,0,5,0,5,8,0,13,0,0,0,13
01/01/2001,GRI,NE,ACE,CE,Federal Contract Tower,0,6,4,0,10,0,0,15,0,15,0,6,19,0,25,10,0,10,35
01/02/2001,GRI,NE,ACE,CE,Federal Contract Tower,0,18,17,0,35,0,0,11,0,11,0,18,28,0,46,2,0,2,48
01/03/2001,GRI,NE,ACE,CE,Federal Contract Tower,0,17,12,0,29,0,2,26,0,28,0,19,38,0,57,16,0,16,73
01/04/2001,GRI,NE,ACE,CE,Federal Contract Tower,0,12,10,0,22,0,5,15,0,20,0,17,25,0,42,40,0,40,82
01/05/2001,GRI,NE,ACE,CE,Federal Contract Tower,0,18,13,2,33,0,4,34,0,38,0,22,47,2,71,26,0,26,97
01/06/2001,GRI,NE,ACE,CE,Federal Contract Tower,0,15,10,0,25,0,0,45,0,45,0,15,55,0,70,26,0,26,96
01/07/2001,GRI,NE,ACE,CE,Federal Contract Tower,0,11,7,0,18,0,0,11,0,11,0,11,18,0,29,0,0,0,29
01/08/2001,GRI,NE,ACE,CE,Federal Contract Tower,0,15,9,0,24,0,0,17,0,17,0,15,26,0,41,28,0,28,69
01/09/2001,GRI,NE,ACE,CE,Federal Contract Tower,0,17,10,0,27,0,4,32,0,36,0,21,42,0,63,12,0,12,75
01/10/2001,GRI,NE,ACE,CE,Federal Contract Tower,0,17,10,0,27,0,2,35,0,37,0,19,45,0,64,22,0,22,86
01/11/2001,GRI,NE,ACE,CE,Federal Contract Tower,0,18,12,3,33,0,0,26,1,27,0,18,38,4,60,12,10,22,82
01/12/2001,GRI,NE,ACE,CE,Federal Contract Tower,0,22,14,0,36,0,3,28,0,31,0,25,42,0,67,30,0,30,97
01/13/2001,GRI,NE,ACE,CE,Federal Contract Tower,0,8,5,0,13,0,0,0,0,0,0,8,5,0,13,0,0,0,13
01/14/2001,GRI,NE,ACE,CE,Federal Contract Tower,0,10,6,0,16,0,0,4,0,4,0,10,10,0,20,0,0,0,20
01/15/2001,GRI,NE,ACE,CE,Federal Contract Tower,0,18,11,1,30,0,0,20,3,23,0,18,31,4,53,0,0,0,53
01/16/2001,GRI,NE,ACE,CE,Federal Contract Tower,0,21,18,0,39,0,0,17,0,17,0,21,35,0,56,26,0,26,82
01/17/2001,GRI,NE,ACE,CE,Federal Contract Tower,0,20,22,2,44,0,0,8,23,31,0,20,30,25,75,14,12,26,101
01/18/2001,GRI,NE,ACE,CE,Federal Contract Tower,0,22,13,0,35,0,0,4,0,4,0,22,17,0,39,0,0,0,39
01/19/2001,GRI,NE,ACE,CE,Federal Contract Tower,0,19,13,1,33,0,0,22,1,23,0,19,35,2,56,22,0,22,78
01/20/2001,GRI,NE,ACE,CE,Federal Contract Tower,0,12,7,0,19,0,4,17,4,25,0,16,24,4,44,46,0,46,90
01/21/2001,GRI,NE,ACE,CE,Federal Contract Tower,0,6,3,0,9,0,3,23,0,26,0,9,26,0,35,18,0,18,53
01/22/2001,GRI,NE,ACE,CE,Federal Contract Tower,0,14,9,0,23,0,1,10,4,15,0,15,19,4,38,26,0,26,64
01/23/2001,GRI,NE,ACE,CE,Federal Contract Tower,0,16,9,0,25,0,3,17,0,20,0,19,26,0,45,16,0,16,61
01/24/2001,GRI,NE,ACE,CE,Federal Contract Tower,0,19,12,1,32,0,0,15,1,16,0,19,27,2,48,12,0,12,60
01/25/2001,GRI,NE,ACE,CE,Federal Contract Tower,0,13,9,0,22,0,4,10,4,18,0,17,19,4,40,6,4,10,50
01/26/2001,GRI,NE,ACE,CE,Federal Contract Tower,0,14,9,0,23,0,3,3,2,8,0,17,12,2,31,0,0,0,31
01/27/2001,GRI,NE,ACE,CE,Federal Contract Tower,0,13,8,0,21,0,4,9,0,13,0,17,17,0,34,20,0,20,54
01/28/2001,GRI,NE,ACE,CE,Federal Contract Tower,0,10,6,0,16,0,0,0,0,0,0,10,6,0,16,0,0,0,16
01/29/2001,GRI,NE,ACE,CE,Federal Contract Tower,0,8,3,0,11,0,1,0,0,1,0,9,3,0,12,0,0,0,12
01/30/2001,GRI,NE,ACE,CE,Federal Contract Tower,0,20,12,0,32,0,0,2,0,2,0,20,14,0,34,0,0,0,34
01/31/2001,GRI,NE,ACE,CE,Federal Contract Tower,0,17,10,0,27,0,0,25,0,25,0,17,35,0,52,12,0,12,64
02/01/2001,GRI,NE,ACE,CE,Federal Contract Tower,1,23,1,0,25,18,7,0,0,25,19,30,1,0,50,24,0,24,74
02/02/2001,GRI,NE,ACE,CE,Federal Contract Tower,0,17,11,0,28,0,5,14,3,22,0,22,25,3,50,36,0,36,86
02/03/2001,GRI,NE,ACE,CE,Federal Contract Tower,0,10,6,0,16,0,2,27,0,29,0,12,33,0,45,44,0,44,89
02/04/2001,GRI,NE,ACE,CE,Federal Contract Tower,0,7,5,0,12,0,2,9,0,11,0,9,14,0,23,30,0,30,53
02/05/2001,GRI,NE,ACE,CE,Federal Contract Tower,0,15,10,0,25,0,0,32,0,32,0,15,42,0,57,20,0,20,77
02/06/2001,GRI,NE,ACE,CE,Federal Contract Tower,0,15,10,0,25,0,7,28,0,35,0,22,38,0,60,16,0,16,76
02/07/2001,GRI,NE,ACE,CE,Federal Contract Tower,0,9,8,1,18,0,0,3,1,4,0,9,11,2,22,0,0,0,22
02/08/2001,GRI,NE,ACE,CE,Federal Contract Tower,0,11,7,0,18,2,0,0,0,2,2,11,7,0,20,0,0,0,20
02/09/2001,GRI,NE,ACE,CE,Federal Contract Tower,0,19,9,0,28,0,8,0,0,8,0,27,9,0,36,4,0,4,40
02/10/2001,GRI,NE,ACE,CE,Federal Contract Tower,0,11,7,0,18,0,5,10,0,15,0,16,17,0,33,0,0,0,33
02/11/2001,GRI,NE,ACE,CE,Federal Contract Tower,0,7,4,0,11,0,0,4,0,4,0,7,8,0,15,2,0,2,17
02/12/2001,GRI,NE,ACE,CE,Federal Contract Tower,0,13,8,0,21,0,0,1,0,1,0,13,9,0,22,0,0,0,22
02/13/2001,GRI,NE,ACE,CE,Federal Contract Tower,0,13,4,0,17,0,6,0,0,6,0,19,4,0,23,0,0,0,23
02/14/2001,GRI,NE,ACE,CE,Federal Contract Tower,0,13,5,0,18,0,4,0,0,4,0,17,5,0,22,0,0,0,22
02/15/2001,GRI,NE,ACE,CE,Federal Contract Tower,0,18,18,2,38,0,0,6,12,18,0,18,24,14,56,0,10,10,66
02/16/2001,GRI,NE,ACE,CE,Federal Contract Tower,0,17,14,2,33,0,0,18,0,18,0,17,32,2,51,2,0,2,53
02/17/2001,GRI,NE,ACE,CE,Federal Contract Tower,0,9,6,0,15,0,3,18,0,21,0,12,24,0,36,14,0,14,50
02/18/2001,GRI,NE,ACE,CE,Federal Contract Tower,0,6,3,0,9,0,3,1,0,4,0,9,4,0,13,8,0,8,21
02/19/2001,GRI,NE,ACE,CE,Federal Contract Tower,0,12,9,1,22,0,0,34,4,38,0,12,43,5,60,8,2,10,70
02/20/2001,GRI,NE,ACE,CE,Federal Contract Tower,0,16,9,0,25,0,0,5,0,5,0,16,14,0,30,0,0,0,30
02/21/2001,GRI,NE,ACE,CE,Federal Contract Tower,0,17,9,0,26,2,0,7,0,9,2,17,16,0,35,0,0,0,35
02/22/2001,GRI,NE,ACE,CE,Federal Contract Tower,0,15,9,0,24,0,3,22,0,25,0,18,31,0,49,6,0,6,55
02/23/2001,GRI,NE,ACE,CE,Federal Contract Tower,0,10,7,0,17,0,0,1,0,1,0,10,8,0,18,0,0,0,18
02/24/2001,GRI,NE,ACE,CE,Federal Contract Tower,0,10,5,0,15,2,0,0,0,2,2,10,5,0,17,0,0,0,17
02/25/2001,GRI,NE,ACE,CE,Federal Contract Tower,0,6,4,0,10,0,4,2,0,6,0,10,6,0,16,0,0,0,16
02/26/2001,GRI,NE,ACE,CE,Federal Contract Tower,0,17,10,0,27,0,1,5,0,6,0,18,15,0,33,0,0,0,33
02/27/2001,GRI,NE,ACE,CE,Federal Contract Tower,0,18,14,0,32,0,0,9,0,9,0,18,23,0,41,0,0,0,41
02/28/2001,GRI,NE,ACE,CE,Federal Contract Tower,0,19,12,0,31,0,3,24,0,27,0,22,36,0,58,0,0,0,58
03/01/2001,GRI,NE,ACE,CE,Federal Contract Tower,0,13,20,0,33,0,0,21,0,21,0,13,41,0,54,4,0,4,58
03/02/2001,GRI,NE,ACE,CE,Federal Contract Tower,0,12,16,1,29,0,14,33,1,48,0,26,49,2,77,72,0,72,149
03/03/2001,GRI,NE,ACE,CE,Federal Contract Tower,0,9,17,1,27,0,0,40,8,48,0,9,57,9,75,54,20,74,149
03/04/2001,GRI,NE,ACE,CE,Federal Contract Tower,0,5,7,0,12,0,0,9,1,10,0,5,16,1,22,28,0,28,50
03/05/2001,GRI,NE,ACE,CE,Federal Contract Tower,0,19,12,0,31,0,24,0,0,24,0,43,12,0,55,14,0,14,69
03/06/2001,GRI,NE,ACE,CE,Federal Contract Tower,0,14,22,0,36,0,0,22,0,22,0,14,44,0,58,24,0,24,82
03/07/2001,GRI,NE,ACE,CE,Federal Contract Tower,0,14,18,0,32,0,6,12,0,18,0,20,30,0,50,24,0,24,74
03/08/2001,GRI,NE,ACE,CE,Federal Contract Tower,0,14,21,0,35,0,0,63,0,63,0,14,84,0,98,62,0,62,160
03/09/2001,GRI,NE,ACE,CE,Federal Contract Tower,0,7,11,0,18,0,5,26,0,31,0,12,37,0,49,28,0,28,77
03/10/2001,GRI,NE,ACE,CE,Federal Contract Tower,0,14,18,0,32,0,0,3,0,3,0,14,21,0,35,12,0,12,47
03/11/2001,GRI,NE,ACE,CE,Federal Contract Tower,1,3,2,0,6,1,2,0,0,3,2,5,2,0,9,0,0,0,9
03/12/2001,GRI,NE,ACE,CE,Federal Contract Tower,0,10,13,1,24,0,3,40,1,44,0,13,53,2,68,38,0,38,106
03/13/2001,GRI,NE,ACE,CE,Federal Contract Tower,0,12,15,1,28,0,4,40,3,47,0,16,55,4,75,40,6,46,121
03/14/2001,GRI,NE,ACE,CE,Federal Contract Tower,1,13,17,0,31,1,11,21,0,33,2,24,38,0,64,64,0,64,128
03/15/2001,GRI,NE,ACE,CE,Federal Contract Tower,0,17,21,2,40,2,0,8,0,10,2,17,29,2,50,10,0,10,60
03/16/2001,GRI,NE,ACE,CE,Federal Contract Tower,0,15,18,2,35,0,11,40,0,51,0,26,58,2,86,16,0,16,102
03/17/2001,GRI,NE,ACE,CE,Federal Contract Tower,0,12,13,0,25,2,4,46,0,52,2,16,59,0,77,34,0,34,111
03/18/2001,GRI,NE,ACE,CE,Federal Contract Tower,0,9,10,0,19,0,3,23,0,26,0,12,33,0,45,20,0,20,65
03/19/2001,GRI,NE,ACE,CE,Federal Contract Tower,0,14,14,0,28,0,15,0,0,15,0,29,14,0,43,4,0,4,47
03/20/2001,GRI,NE,ACE,CE,Federal Contract Tower,0,14,16,2,32,0,5,27,0,32,0,19,43,2,64,66,0,66,130
03/21/2001,GRI,NE,ACE,CE,Federal Contract Tower,0,23,27,0,50,0,9,9,0,18,0,32,36,0,68,2,0,2,70
03/22/2001,GRI,NE,ACE,CE,Federal Contract Tower,0,12,14,2,28,0,6,18,1,25,0,18,32,3,53,20,0,20,73
03/23/2001,GRI,NE,ACE,CE,Federal Contract Tower,0,13,14,0,27,0,4,0,0,4,0,17,14,0,31,0,0,0,31
03/24/2001,GRI,NE,ACE,CE,Federal Contract Tower,0,7,7,0,14,0,3,17,0,20,0,10,24,0,34,0,0,0,34
03/25/2001,GRI,NE,ACE,CE,Federal Contract Tower,0,4,14,2,20,2,0,36,0,38,2,4,50,2,58,2,0,2,60
03/26/2001,GRI,NE,ACE,CE,Federal Contract Tower,0,8,9,0,17,0,2,24,0,26,0,10,33,0,43,0,0,0,43
03/27/2001,GRI,NE,ACE,CE,Federal Contract Tower,0,11,12,0,23,0,1,15,0,16,0,12,27,0,39,16,0,16,55
03/28/2001,GRI,NE,ACE,CE,Federal Contract Tower,0,14,24,3,41,2,0,18,5,25,2,14,42,8,66,10,4,14,80
03/29/2001,GRI,NE,ACE,CE,Federal Contract Tower,0,16,32,4,52,2,0,5,19,26,2,16,37,23,78,0,18,18,96
03/30/2001,GRI,NE,ACE,CE,Federal Contract Tower,0,13,15,1,29,0,5,35,1,41,0,18,50,2,70,16,0,16,86
03/31/2001,GRI,NE,ACE,CE,Federal Contract Tower,0,8,11,1,20,0,3,18,1,22,0,11,29,2,42,10,0,10,52
04/01/2001,GRI,NE,ACE,CE,Federal Contract Tower,0,5,12,0,17,0,3,61,0,64,0,8,73,0,81,4,0,4,85
04/02/2001,GRI,NE,ACE,CE,Federal Contract Tower,0,12,10,4,26,0,4,28,0,32,0,16,38,4,58,42,0,42,100
04/03/2001,GRI,NE,ACE,CE,Federal Contract Tower,0,17,10,0,27,0,2,3,0,5,0,19,13,0,32,0,0,0,32
04/04/2001,GRI,NE,ACE,CE,Federal Contract Tower,0,20,31,0,51,0,10,6,0,16,0,30,37,0,67,16,0,16,83
04/05/2001,GRI,NE,ACE,CE,Federal Contract Tower,0,10,2,0,12,0,0,11,0,11,0,10,13,0,23,12,0,12,35
04/06/2001,GRI,NE,ACE,CE,Federal Contract Tower,0,7,9,0,16,0,0,4,0,4,0,7,13,0,20,0,0,0,20
04/07/2001,GRI,NE,ACE,CE,Federal Contract Tower,0,8,0,0,8,0,1,14,0,15,0,9,14,0,23,8,0,8,31
04/08/2001,GRI,NE,ACE,CE,Federal Contract Tower,0,5,0,0,5,0,0,50,2,52,0,5,50,2,57,34,0,34,91
04/09/2001,GRI,NE,ACE,CE,Federal Contract Tower,0,11,11,0,22,0,3,37,0,40,0,14,48,0,62,10,0,10,72
04/10/2001,GRI,NE,ACE,CE,Federal Contract Tower,0,17,27,0,44,0,6,2,0,8,0,23,29,0,52,0,0,0,52
04/11/2001,GRI,NE,ACE,CE,Federal Contract Tower,0,11,7,1,19,0,5,19,0,24,0,16,26,1,43,20,0,20,63
04/12/2001,GRI,NE,ACE,CE,Federal Contract Tower,0,14,12,0,26,0,1,45,0,46,0,15,57,0,72,26,0,26,98
04/13/2001,GRI,NE,ACE,CE,Federal Contract Tower,0,15,11,14,40,0,3,45,0,48,0,18,56,14,88,72,0,72,160
04/14/2001,GRI,NE,ACE,CE,Federal Contract Tower,0,7,4,0,11,0,9,33,0,42,0,16,37,0,53,18,0,18,71
04/15/2001,GRI,NE,ACE,CE,Federal Contract Tower,0,3,6,0,9,0,4,19,0,23,0,7,25,0,32,12,0,12,44
04/16/2001,GRI,NE,ACE,CE,Federal Contract Tower,0,13,8,0,21,0,2,32,0,34,0,15,40,0,55,40,0,40,95
04/17/2001,GRI,NE,ACE,CE,Federal Contract Tower,0,13,11,0,24,0,9,39,0,48,0,22,50,0,72,60,0,60,132
04/18/2001,GRI,NE,ACE,CE,Federal Contract Tower,0,15,7,0,22,0,0,8,2,10,0,15,15,2,32,0,0,0,32
04/19/2001,GRI,NE,ACE,CE,Federal Contract Tower,0,11,8,2,21,0,0,21,2,23,0,11,29,4,44,4,0,4,48
04/20/2001,GRI,NE,ACE,CE,Federal Contract Tower,2,13,7,2,24,0,3,23,0,26,2,16,30,2,50,38,0,38,88
04/21/2001,GRI,NE,ACE,CE,Federal Contract Tower,0,7,6,0,13,0,1,17,0,18,0,8,23,0,31,2,0,2,33
04/22/2001,GRI,NE,ACE,CE,Federal Contract Tower,0,0,2,0,2,0,0,0,0,0,0,0,2,0,2,0,0,0,2
04/23/2001,GRI,NE,ACE,CE,Federal Contract Tower,0,13,13,6,32,0,7,16,0,23,0,20,29,6,55,12,0,12,67
04/24/2001,GRI,NE,ACE,CE,Federal Contract Tower,0,13,11,6,30,0,8,21,2,31,0,21,32,8,61,12,6,18,79
04/25/2001,GRI,NE,ACE,CE,Federal Contract Tower,0,11,6,1,18,0,0,33,1,34,0,11,39,2,52,12,0,12,64
04/26/2001,GRI,NE,ACE,CE,Federal Contract Tower,0,13,8,0,21,0,13,42,0,55,0,26,50,0,76,24,0,24,100
04/27/2001,GRI,NE,ACE,CE,Federal Contract Tower,0,12,12,0,24,0,9,51,0,60,0,21,63,0,84,66,0,66,150
04/28/2001,GRI,NE,ACE,CE,Federal Contract Tower,0,8,5,0,13,0,2,25,0,27,0,10,30,0,40,2,0,2,42
04/29/2001,GRI,NE,ACE,CE,Federal Contract Tower,0,5,3,0,8,0,0,7,0,7,0,5,10,0,15,2,0,2,17
04/30/2001,GRI,NE,ACE,CE,Federal Contract Tower,0,12,2,2,16,0,4,22,0,26,0,16,24,2,42,8,0,8,50
05/01/2001,GRI,NE,ACE,CE,Federal Contract Tower,0,16,9,0,25,0,2,16,0,18,0,18,25,0,43,0,0,0,43
05/02/2001,GRI,NE,ACE,CE,Federal Contract Tower,0,17,14,0,31,0,0,10,0,10,0,17,24,0,41,0,0,0,41
05/03/2001,GRI,NE,ACE,CE,Federal Contract Tower,0,41,33,0,74,0,0,17,0,17,0,41,50,0,91,12,0,12,103
05/04/2001,GRI,NE,ACE,CE,Federal Contract Tower,0,23,17,0,40,0,0,0,0,0,0,23,17,0,40,0,0,0,40
05/05/2001,GRI,NE,ACE,CE,Federal Contract Tower,0,11,2,2,15,0,1,5,2,8,0,12,7,4,23,2,0,2,25
05/06/2001,GRI,NE,ACE,CE,Federal Contract Tower,0,7,15,0,22,0,4,4,0,8,0,11,19,0,30,64,0,64,94
05/07/2001,GRI,NE,ACE,CE,Federal Contract Tower,0,12,10,4,26,0,9,57,0,66,0,21,67,4,92,56,0,56,148
05/08/2001,GRI,NE,ACE,CE,Federal Contract Tower,1,15,11,0,27,1,19,70,0,90,2,34,81,0,117,56,0,56,173
05/09/2001,GRI,NE,ACE,CE,Federal Contract Tower,0,14,9,0,23,0,14,37,0,51,0,28,46,0,74,24,0,24,98
05/10/2001,GRI,NE,ACE,CE,Federal Contract Tower,0,13,11,0,24,0,13,20,0,33,0,26,31,0,57,22,0,22,79
05/11/2001,GRI,NE,ACE,CE,Federal Contract Tower,2,12,10,0,24,0,4,33,0,37,2,16,43,0,61,10,0,10,71
05/12/2001,GRI,NE,ACE,CE,Federal Contract Tower,0,11,10,6,27,0,1,16,0,17,0,12,26,6,44,0,0,0,44
05/13/2001,GRI,NE,ACE,CE,Federal Contract Tower,0,5,11,0,16,0,0,14,0,14,0,5,25,0,30,0,0,0,30
05/14/2001,GRI,NE,ACE,CE,Federal Contract Tower,0,13,7,0,20,0,0,23,0,23,0,13,30,0,43,2,0,2,45
05/15/2001,GRI,NE,ACE,CE,Federal Contract Tower,0,17,10,0,27,0,2,13,0,15,0,19,23,0,42,6,0,6,48
05/16/2001,GRI,NE,ACE,CE,Federal Contract Tower,0,17,4,0,21,0,0,33,2,35,0,17,37,2,56,12,0,12,68
05/17/2001,GRI,NE,ACE,CE,Federal Contract Tower,0,14,9,7,30,0,0,28,4,32,0,14,37,11,62,24,2,26,88
05/18/2001,GRI,NE,ACE,CE,Federal Contract Tower,0,14,19,6,39,0,2,30,2,34,0,16,49,8,73,16,0,16,89
05/19/2001,GRI,NE,ACE,CE,Federal Contract Tower,0,10,8,0,18,0,2,29,2,33,0,12,37,2,51,46,0,46,97
05/20/2001,GRI,NE,ACE,CE,Federal Contract Tower,0,8,20,4,32,0,4,8,0,12,0,12,28,4,44,20,0,20,64
05/21/2001,GRI,NE,ACE,CE,Federal Contract Tower,0,11,21,7,39,0,9,37,1,47,0,20,58,8,86,30,4,34,120
05/22/2001,GRI,NE,ACE,CE,Federal Contract Tower,0,16,8,0,24,0,9,60,0,69,0,25,68,0,93,30,0,30,123
05/23/2001,GRI,NE,ACE,CE,Federal Contract Tower,0,16,11,0,27,0,13,45,0,58,0,29,56,0,85,26,0,26,111
05/24/2001,GRI,NE,ACE,CE,Federal Contract Tower,0,27,22,2,51,0,4,22,10,36,0,31,44,12,87,24,0,24,111
05/25/2001,GRI,NE,ACE,CE,Federal Contract Tower,0,12,9,1,22,0,13,28,1,42,0,25,37,2,64,16,0,16,80
05/26/2001,GRI,NE,ACE,CE,Federal Contract Tower,0,10,9,0,19,0,4,34,0,38,0,14,43,0,57,10,0,10,67
05/27/2001,GRI,NE,ACE,CE,Federal Contract Tower,0,7,2,0,9,0,6,20,0,26,0,13,22,0,35,26,0,26,61
05/28/2001,GRI,NE,ACE,CE,Federal Contract Tower,0,4,8,0,12,0,3,31,2,36,0,7,39,2,48,40,0,40,88
05/29/2001,GRI,NE,ACE,CE,Federal Contract Tower,0,16,12,0,28,0,0,6,0,6,0,16,18,0,34,0,0,0,34
05/30/2001,GRI,NE,ACE,CE,Federal Contract Tower,0,26,25,0,51,0,0,0,0,0,0,26,25,0,51,0,0,0,51
05/31/2001,GRI,NE,ACE,CE,Federal Contract Tower,0,25,6,0,31,27,16,0,0,43,27,41,6,0,74,22,6,28,102
06/01/2001,GRI,NE,ACE,CE,Federal Contract Tower,0,18,17,2,37,0,1,24,8,33,0,19,41,10,70,2,0,2,72
06/02/2001,GRI,NE,ACE,CE,Federal Contract Tower,0,9,4,2,15,0,3,40,2,45,0,12,44,4,60,12,0,12,72
06/03/2001,GRI,NE,ACE,CE,Federal Contract Tower,0,3,2,0,5,0,0,15,0,15,0,3,17,0,20,2,0,2,22
06/04/2001,GRI,NE,ACE,CE,Federal Contract Tower,0,16,2,0,18,0,0,0,0,0,0,16,2,0,18,0,0,0,18
06/05/2001,GRI,NE,ACE,CE,Federal Contract Tower,0,17,22,0,39,0,0,1,0,1,0,17,23,0,40,0,0,0,40
06/06/2001,GRI,NE,ACE,CE,Federal Contract Tower,0,20,28,0,48,0,0,2,0,2,0,20,30,0,50,0,0,0,50
06/07/2001,GRI,NE,ACE,CE,Federal Contract Tower,0,21,24,0,45,0,0,41,4,45,0,21,65,4,90,18,0,18,108
06/08/2001,GRI,NE,ACE,CE,Federal Contract Tower,0,15,8,0,23,0,1,51,4,56,0,16,59,4,79,72,2,74,153
06/09/2001,GRI,NE,ACE,CE,Federal Contract Tower,0,13,10,0,23,0,7,18,0,25,0,20,28,0,48,26,0,26,74
06/10/2001,GRI,NE,ACE,CE,Federal Contract Tower,0,6,3,2,11,0,0,20,4,24,0,6,23,6,35,12,0,12,47
06/11/2001,GRI,NE,ACE,CE,Federal Contract Tower,0,13,9,0,22,0,0,22,0,22,0,13,31,0,44,12,0,12,56
06/12/2001,GRI,NE,ACE,CE,Federal Contract Tower,2,15,12,0,29,0,1,24,0,25,2,16,36,0,54,2,0,2,56
06/13/2001,GRI,NE,ACE,CE,Federal Contract Tower,0,17,9,4,30,0,0,19,0,19,0,17,28,4,49,20,8,28,77
06/14/2001,GRI,NE,ACE,CE,Federal Contract Tower,0,21,20,0,41,0,1,14,0,15,0,22,34,0,56,8,0,8,64
06/15/2001,GRI,NE,ACE,CE,Federal Contract Tower,2,20,12,0,34,0,3,41,2,46,2,23,53,2,80,12,0,12,92
06/16/2001,GRI,NE,ACE,CE,Federal Contract Tower,0,10,5,0,15,0,1,40,0,41,0,11,45,0,56,30,0,30,86
06/17/2001,GRI,NE,ACE,CE,Federal Contract Tower,0,6,7,0,13,0,0,13,0,13,0,6,20,0,26,2,0,2,28
06/18/2001,GRI,NE,ACE,CE,Federal Contract Tower,0,14,22,0,36,0,0,13,0,13,0,14,35,0,49,0,0,0,49
06/19/2001,GRI,NE,ACE,CE,Federal Contract Tower,0,11,8,0,19,0,1,12,2,15,0,12,20,2,34,0,0,0,34
06/20/2001,GRI,NE,ACE,CE,Federal Contract Tower,0,14,22,0,36,0,4,24,0,28,0,18,46,0,64,6,0,6,70
06/21/2001,GRI,NE,ACE,CE,Federal Contract Tower,0,17,27,0,44,0,0,59,0,59,0,17,86,0,103,10,0,10,113
06/22/2001,GRI,NE,ACE,CE,Federal Contract Tower,0,12,11,0,23,0,2,59,0,61,0,14,70,0,84,28,0,28,112
06/23/2001,GRI,NE,ACE,CE,Federal Contract Tower,0,11,10,0,21,0,1,39,0,40,0,12,49,0,61,0,0,0,61
06/24/2001,GRI,NE,ACE,CE,Federal Contract Tower,0,6,12,0,18,0,0,31,0,31,0,6,43,0,49,0,0,0,49
06/25/2001,GRI,NE,ACE,CE,Federal Contract Tower,0,12,9,0,21,0,2,23,0,25,0,14,32,0,46,16,0,16,62
06/26/2001,GRI,NE,ACE,CE,Federal Contract Tower,0,21,21,0,42,0,0,22,0,22,0,21,43,0,64,6,0,6,70
06/27/2001,GRI,NE,ACE,CE,Federal Contract Tower,0,21,13,0,34,0,0,19,6,25,0,21,32,6,59,34,0,34,93
06/28/2001,GRI,NE,ACE,CE,Federal Contract Tower,0,16,22,0,38,0,0,30,4,34,0,16,52,4,72,12,0,12,84
06/29/2001,GRI,NE,ACE,CE,Federal Contract Tower,0,16,15,0,31,0,2,21,0,23,0,18,36,0,54,0,0,0,54
06/30/2001,GRI,NE,ACE,CE,Federal Contract Tower,0,10,10,0,20,0,1,37,0,38,0,11,47,0,58,8,0,8,66
07/01/2001,GRI,NE,ACE,CE,Federal Contract Tower,0,9,8,0,17,0,0,11,0,11,0,9,19,0,28,0,0,0,28
07/02/2001,GRI,NE,ACE,CE,Federal Contract Tower,0,8,24,0,32,0,2,14,0,16,0,10,38,0,48,6,0,6,54
07/03/2001,GRI,NE,ACE,CE,Federal Contract Tower,0,12,9,0,21,0,1,37,0,38,0,13,46,0,59,4,0,4,63
07/04/2001,GRI,NE,ACE,CE,Federal Contract Tower,0,3,5,0,8,0,0,14,0,14,0,3,19,0,22,2,0,2,24
07/05/2001,GRI,NE,ACE,CE,Federal Contract Tower,0,12,10,2,24,0,1,35,0,36,0,13,45,2,60,6,0,6,66
07/06/2001,GRI,NE,ACE,CE,Federal Contract Tower,0,14,15,0,29,0,2,38,0,40,0,16,53,0,69,4,0,4,73
07/07/2001,GRI,NE,ACE,CE,Federal Contract Tower,0,8,9,0,17,0,3,21,2,26,0,11,30,2,43,2,0,2,45
07/08/2001,GRI,NE,ACE,CE,Federal Contract Tower,0,5,20,0,25,0,0,31,4,35,0,5,51,4,60,2,0,2,62
07/09/2001,GRI,NE,ACE,CE,Federal Contract Tower,0,13,10,12,35,0,0,26,0,26,0,13,36,12,61,18,0,18,79
07/10/2001,GRI,NE,ACE,CE,Federal Contract Tower,2,15,7,0,24,0,0,7,0,7,2,15,14,0,31,8,0,8,39
07/11/2001,GRI,NE,ACE,CE,Federal Contract Tower,0,18,9,2,29,0,1,6,0,7,0,19,15,2,36,0,0,0,36
07/12/2001,GRI,NE,ACE,CE,Federal Contract Tower,0,21,24,0,45,0,0,10,0,10,0,21,34,0,55,0,0,0,55
07/13/2001,GRI,NE,ACE,CE,Federal Contract Tower,0,15,16,0,31,0,2,33,0,35,0,17,49,0,66,4,0,4,70
07/14/2001,GRI,NE,ACE,CE,Federal Contract Tower,0,10,11,0,21,0,3,43,0,46,0,13,54,0,67,18,0,18,85
07/15/2001,GRI,NE,ACE,CE,Federal Contract Tower,0,5,9,0,14,0,0,36,0,36,0,5,45,0,50,14,0,14,64
07/16/2001,GRI,NE,ACE,CE,Federal Contract Tower,0,13,16,0,29,0,0,21,2,23,0,13,37,2,52,6,0,6,58
07/17/2001,GRI,NE,ACE,CE,Federal Contract Tower,0,19,9,0,28,0,5,29,0,34,0,24,38,0,62,6,0,6,68
07/18/2001,GRI,NE,ACE,CE,Federal Contract Tower,0,15,26,3,44,0,0,25,1,26,0,15,51,4,70,30,0,30,100
07/19/2001,GRI,NE,ACE,CE,Federal Contract Tower,0,18,19,2,39,0,0,27,0,27,0,18,46,2,66,2,0,2,68
07/20/2001,GRI,NE,ACE,CE,Federal Contract Tower,0,15,10,6,31,0,4,50,2,56,0,19,60,8,87,36,2,38,125
07/21/2001,GRI,NE,ACE,CE,Federal Contract Tower,0,13,8,0,21,0,1,35,0,36,0,14,43,0,57,16,0,16,73
07/22/2001,GRI,NE,ACE,CE,Federal Contract Tower,0,6,14,6,26,0,0,31,2,33,0,6,45,8,59,4,0,4,63
07/23/2001,GRI,NE,ACE,CE,Federal Contract Tower,0,11,13,8,32,0,8,29,2,39,0,19,42,10,71,20,10,30,101
07/24/2001,GRI,NE,ACE,CE,Federal Contract Tower,0,18,16,0,34,0,7,35,0,42,0,25,51,0,76,34,0,34,110
07/25/2001,GRI,NE,ACE,CE,Federal Contract Tower,0,19,36,4,59,0,3,17,2,22,0,22,53,6,81,10,0,10,91
07/26/2001,GRI,NE,ACE,CE,Federal Contract Tower,0,23,20,0,43,0,0,19,0,19,0,23,39,0,62,2,0,2,64
07/27/2001,GRI,NE,ACE,CE,Federal Contract Tower,0,17,32,0,49,0,2,36,0,38,0,19,68,0,87,2,0,2,89
07/28/2001,GRI,NE,ACE,CE,Federal Contract Tower,0,14,12,11,37,0,7,37,0,44,0,21,49,11,81,42,4,46,127
07/29/2001,GRI,NE,ACE,CE,Federal Contract Tower,0,5,15,2,22,0,0,56,2,58,0,5,71,4,80,12,0,12,92
07/30/2001,GRI,NE,ACE,CE,Federal Contract Tower,0,17,18,0,35,0,0,58,0,58,0,17,76,0,93,8,0,8,101
07/31/2001,GRI,NE,ACE,CE,Federal Contract Tower,0,13,12,0,25,0,2,40,0,42,0,15,52,0,67,40,0,40,107
08/01/2001,GRI,NE,ACE,CE,Federal Contract Tower,0,14,16,0,30,0,7,20,0,27,0,21,36,0,57,28,0,28,85
08/02/2001,GRI,NE,ACE,CE,Federal Contract Tower,0,15,22,1,38,0,1,25,1,27,0,16,47,2,65,8,0,8,73
08/03/2001,GRI,NE,ACE,CE,Federal Contract Tower,0,16,13,0,29,0,1,33,0,34,0,17,46,0,63,2,0,2,65
08/04/2001,GRI,NE,ACE,CE,Federal Contract Tower,0,10,8,1,19,0,2,15,1,18,0,12,23,2,37,4,0,4,41
08/05/2001,GRI,NE,ACE,CE,Federal Contract Tower,0,7,8,0,15,0,0,12,0,12,0,7,20,0,27,0,0,0,27
08/06/2001,GRI,NE,ACE,CE,Federal Contract Tower,0,12,10,2,24,0,0,26,0,26,0,12,36,2,50,20,0,20,70
08/07/2001,GRI,NE,ACE,CE,Federal Contract Tower,0,13,24,4,41,0,1,24,2,27,0,14,48,6,68,22,2,24,92
08/08/2001,GRI,NE,ACE,CE,Federal Contract Tower,0,17,9,0,26,0,0,18,0,18,0,17,27,0,44,6,0,6,50
08/09/2001,GRI,NE,ACE,CE,Federal Contract Tower,0,15,11,0,26,0,0,28,0,28,0,15,39,0,54,4,0,4,58
08/10/2001,GRI,NE,ACE,CE,Federal Contract Tower,0,19,10,16,45,0,1,33,0,34,0,20,43,16,79,8,24,32,111
08/11/2001,GRI,NE,ACE,CE,Federal Contract Tower,0,12,7,0,19,0,0,49,0,49,0,12,56,0,68,12,0,12,80
08/12/2001,GRI,NE,ACE,CE,Federal Contract Tower,0,5,13,0,18,0,0,28,0,28,0,5,41,0,46,4,0,4,50
08/13/2001,GRI,NE,ACE,CE,Federal Contract Tower,0,14,15,10,39,0,1,36,0,37,0,15,51,10,76,28,12,40,116
08/14/2001,GRI,NE,ACE,CE,Federal Contract Tower,0,21,17,0,38,0,0,19,0,19,0,21,36,0,57,4,0,4,61
08/15/2001,GRI,NE,ACE,CE,Federal Contract Tower,0,18,19,6,43,0,0,14,0,14,0,18,33,6,57,0,0,0,57
08/16/2001,GRI,NE,ACE,CE,Federal Contract Tower,0,17,15,2,34,0,0,47,2,49,0,17,62,4,83,86,0,86,169
08/17/2001,GRI,NE,ACE,CE,Federal Contract Tower,0,13,15,0,28,0,3,42,6,51,0,16,57,6,79,18,0,18,97
08/18/2001,GRI,NE,ACE,CE,Federal Contract Tower,1,13,6,0,20,1,1,32,0,34,2,14,38,0,54,36,0,36,90
08/19/2001,GRI,NE,ACE,CE,Federal Contract Tower,0,5,7,1,13,0,0,20,1,21,0,5,27,2,34,2,0,2,36
08/20/2001,GRI,NE,ACE,CE,Federal Contract Tower,0,13,20,4,37,0,0,21,2,23,0,13,41,6,60,2,12,14,74
08/21/2001,GRI,NE,ACE,CE,Federal Contract Tower,2,16,13,4,35,0,0,35,8,43,2,16,48,12,78,26,10,36,114
08/22/2001,GRI,NE,ACE,CE,Federal Contract Tower,0,16,24,0,40,0,0,52,0,52,0,16,76,0,92,22,0,22,114
08/23/2001,GRI,NE,ACE,CE,Federal Contract Tower,0,14,14,0,28,0,3,16,0,19,0,17,30,0,47,12,0,12,59
08/24/2001,GRI,NE,ACE,CE,Federal Contract Tower,0,16,23,0,39,0,1,11,0,12,0,17,34,0,51,0,0,0,51
08/25/2001,GRI,NE,ACE,CE,Federal Contract Tower,0,17,11,2,30,0,1,17,0,18,0,18,28,2,48,2,0,2,50
08/26/2001,GRI,NE,ACE,CE,Federal Contract Tower,0,7,8,1,16,0,0,26,1,27,0,7,34,2,43,12,0,12,55
08/27/2001,GRI,NE,ACE,CE,Federal Contract Tower,0,10,15,0,25,0,0,32,0,32,0,10,47,0,57,24,0,24,81
08/28/2001,GRI,NE,ACE,CE,Federal Contract Tower,0,15,18,0,33,0,3,35,0,38,0,18,53,0,71,14,0,14,85
08/29/2001,GRI,NE,ACE,CE,Federal Contract Tower,0,17,7,9,33,0,1,29,1,31,0,18,36,10,64,14,8,22,86
08/30/2001,GRI,NE,ACE,CE,Federal Contract Tower,0,15,20,0,35,0,1,46,0,47,0,16,66,0,82,18,0,18,100
08/31/2001,GRI,NE,ACE,CE,Federal Contract Tower,0,12,15,0,27,0,4,39,0,43,0,16,54,0,70,4,0,4,74
09/01/2001,GRI,NE,ACE,CE,Federal Contract Tower,0,11,2,0,13,0,1,21,0,22,0,12,23,0,35,0,0,0,35
09/02/2001,GRI,NE,ACE,CE,Federal Contract Tower,0,5,0,0,5,0,0,25,0,25,0,5,25,0,30,0,0,0,30
09/03/2001,GRI,NE,ACE,CE,Federal Contract Tower,0,7,9,0,16,0,0,15,0,15,0,7,24,0,31,0,0,0,31
09/04/2001,GRI,NE,ACE,CE,Federal Contract Tower,0,12,8,0,20,0,1,39,0,40,0,13,47,0,60,0,0,0,60
09/05/2001,GRI,NE,ACE,CE,Federal Contract Tower,0,19,10,0,29,0,2,37,0,39,0,21,47,0,68,44,0,44,112
09/06/2001,GRI,NE,ACE,CE,Federal Contract Tower,0,19,22,2,43,0,0,21,0,21,0,19,43,2,64,4,0,4,68
09/07/2001,GRI,NE,ACE,CE,Federal Contract Tower,0,18,16,3,37,0,1,4,1,6,0,19,20,4,43,20,4,24,67
09/08/2001,GRI,NE,ACE,CE,Federal Contract Tower,0,11,6,2,19,0,2,6,4,12,0,13,12,6,31,0,10,10,41
09/09/2001,GRI,NE,ACE,CE,Federal Contract Tower,0,5,10,0,15,0,0,26,0,26,0,5,36,0,41,2,0,2,43
09/10/2001,GRI,NE,ACE,CE,Federal Contract Tower,0,11,17,0,28,0,1,39,0,40,0,12,56,0,68,0,0,0,68
09/11/2001,GRI,NE,ACE,CE,Federal Contract Tower,0,7,6,0,13,0,0,14,0,14,0,7,20,0,27,0,0,0,27
09/12/2001,GRI,NE,ACE,CE,Federal Contract Tower,0,0,0,0,0,0,0,0,0,0,0,0,0,0,0,0,0,0,0
09/13/2001,GRI,NE,ACE,CE,Federal Contract Tower,0,25,0,4,29,0,0,0,0,0,0,25,0,4,29,0,0,0,29
09/14/2001,GRI,NE,ACE,CE,Federal Contract Tower,0,28,5,0,33,0,0,0,0,0,0,28,5,0,33,0,0,0,33
09/15/2001,GRI,NE,ACE,CE,Federal Contract Tower,0,15,22,0,37,0,0,0,0,0,0,15,22,0,37,0,0,0,37
09/16/2001,GRI,NE,ACE,CE,Federal Contract Tower,0,8,7,0,15,0,0,0,0,0,0,8,7,0,15,0,0,0,15
09/17/2001,GRI,NE,ACE,CE,Federal Contract Tower,0,16,14,4,34,0,0,0,0,0,0,16,14,4,34,0,0,0,34
09/18/2001,GRI,NE,ACE,CE,Federal Contract Tower,0,20,14,2,36,0,0,0,0,0,0,20,14,2,36,0,0,0,36
09/19/2001,GRI,NE,ACE,CE,Federal Contract Tower,0,23,33,0,56,0,0,0,0,0,0,23,33,0,56,0,0,0,56
09/20/2001,GRI,NE,ACE,CE,Federal Contract Tower,0,23,38,0,61,0,1,28,0,29,0,24,66,0,90,0,0,0,90
09/21/2001,GRI,NE,ACE,CE,Federal Contract Tower,0,16,24,0,40,0,0,34,0,34,0,16,58,0,74,0,0,0,74
09/22/2001,GRI,NE,ACE,CE,Federal Contract Tower,0,12,7,0,19,0,1,22,0,23,0,13,29,0,42,6,0,6,48
09/23/2001,GRI,NE,ACE,CE,Federal Contract Tower,0,6,11,4,21,0,0,9,0,9,0,6,20,4,30,0,0,0,30
09/24/2001,GRI,NE,ACE,CE,Federal Contract Tower,0,21,9,6,36,0,0,26,0,26,0,21,35,6,62,0,0,0,62
09/25/2001,GRI,NE,ACE,CE,Federal Contract Tower,0,20,18,0,38,0,0,29,0,29,0,20,47,0,67,4,0,4,71
09/26/2001,GRI,NE,ACE,CE,Federal Contract Tower,0,25,12,2,39,0,1,58,0,59,0,26,70,2,98,12,0,12,110
09/27/2001,GRI,NE,ACE,CE,Federal Contract Tower,0,21,10,0,31,0,2,41,0,43,0,23,51,0,74,0,0,0,74
09/28/2001,GRI,NE,ACE,CE,Federal Contract Tower,0,18,10,0,28,0,3,36,0,39,0,21,46,0,67,4,0,4,71
09/29/2001,GRI,NE,ACE,CE,Federal Contract Tower,0,16,9,0,25,0,1,27,0,28,0,17,36,0,53,14,0,14,67
09/30/2001,GRI,NE,ACE,CE,Federal Contract Tower,2,9,9,0,20,0,0,34,0,34,2,9,43,0,54,2,0,2,56
10/01/2001,GRI,NE,ACE,CE,Federal Contract Tower,0,15,10,0,25,0,1,21,0,22,0,16,31,0,47,14,0,14,61
10/02/2001,GRI,NE,ACE,CE,Federal Contract Tower,0,17,13,0,30,0,1,34,0,35,0,18,47,0,65,20,0,20,85
10/03/2001,GRI,NE,ACE,CE,Federal Contract Tower,0,19,16,0,35,0,0,42,8,50,0,19,58,8,85,28,4,32,117
10/04/2001,GRI,NE,ACE,CE,Federal Contract Tower,2,17,13,0,32,0,1,25,0,26,2,18,38,0,58,0,0,0,58
10/05/2001,GRI,NE,ACE,CE,Federal Contract Tower,2,18,12,2,34,0,0,28,0,28,2,18,40,2,62,4,10,14,76
10/06/2001,GRI,NE,ACE,CE,Federal Contract Tower,0,12,4,0,16,0,1,23,0,24,0,13,27,0,40,16,0,16,56
10/07/2001,GRI,NE,ACE,CE,Federal Contract Tower,0,5,12,0,17,0,1,26,0,27,0,6,38,0,44,2,0,2,46
10/08/2001,GRI,NE,ACE,CE,Federal Contract Tower,2,14,8,2,26,0,0,21,0,21,2,14,29,2,47,6,0,6,53
10/09/2001,GRI,NE,ACE,CE,Federal Contract Tower,0,21,7,0,28,0,0,0,0,0,0,21,7,0,28,0,0,0,28
10/10/2001,GRI,NE,ACE,CE,Federal Contract Tower,0,15,18,0,33,0,0,15,2,17,0,15,33,2,50,50,0,50,100
10/11/2001,GRI,NE,ACE,CE,Federal Contract Tower,0,20,10,0,30,0,0,30,0,30,0,20,40,0,60,2,0,2,62
10/12/2001,GRI,NE,ACE,CE,Federal Contract Tower,0,21,19,0,40,0,1,9,0,10,0,22,28,0,50,20,0,20,70
10/13/2001,GRI,NE,ACE,CE,Federal Contract Tower,0,14,10,0,24,0,0,20,0,20,0,14,30,0,44,20,0,20,64
10/14/2001,GRI,NE,ACE,CE,Federal Contract Tower,0,5,8,0,13,0,0,19,0,19,0,5,27,0,32,0,0,0,32
10/15/2001,GRI,NE,ACE,CE,Federal Contract Tower,0,13,9,0,22,0,0,3,0,3,0,13,12,0,25,0,0,0,25
10/16/2001,GRI,NE,ACE,CE,Federal Contract Tower,0,16,9,0,25,0,0,13,0,13,0,16,22,0,38,16,0,16,54
10/17/2001,GRI,NE,ACE,CE,Federal Contract Tower,0,19,13,0,32,0,0,32,0,32,0,19,45,0,64,10,0,10,74
10/18/2001,GRI,NE,ACE,CE,Federal Contract Tower,0,17,11,0,28,0,1,16,2,19,0,18,27,2,47,4,0,4,51
10/19/2001,GRI,NE,ACE,CE,Federal Contract Tower,0,22,22,0,44,0,0,21,0,21,0,22,43,0,65,2,0,2,67
10/20/2001,GRI,NE,ACE,CE,Federal Contract Tower,0,15,7,0,22,0,0,12,0,12,0,15,19,0,34,4,0,4,38
10/21/2001,GRI,NE,ACE,CE,Federal Contract Tower,0,5,8,0,13,0,0,22,0,22,0,5,30,0,35,10,0,10,45
10/22/2001,GRI,NE,ACE,CE,Federal Contract Tower,0,14,14,0,28,0,0,9,0,9,0,14,23,0,37,0,0,0,37
10/23/2001,GRI,NE,ACE,CE,Federal Contract Tower,0,15,16,0,31,0,0,18,0,18,0,15,34,0,49,0,0,0,49
10/24/2001,GRI,NE,ACE,CE,Federal Contract Tower,0,15,18,0,33,0,0,2,0,2,0,15,20,0,35,4,0,4,39
10/25/2001,GRI,NE,ACE,CE,Federal Contract Tower,0,22,10,0,32,0,1,15,0,16,0,23,25,0,48,14,0,14,62
10/26/2001,GRI,NE,ACE,CE,Federal Contract Tower,0,25,13,0,38,0,0,27,2,29,0,25,40,2,67,26,0,26,93
10/27/2001,GRI,NE,ACE,CE,Federal Contract Tower,0,11,2,0,13,0,1,13,0,14,0,12,15,0,27,6,0,6,33
10/28/2001,GRI,NE,ACE,CE,Federal Contract Tower,0,5,7,0,12,0,0,18,0,18,0,5,25,0,30,4,0,4,34
10/29/2001,GRI,NE,ACE,CE,Federal Contract Tower,0,14,11,0,25,0,0,16,0,16,0,14,27,0,41,0,0,0,41
10/30/2001,GRI,NE,ACE,CE,Federal Contract Tower,0,21,21,0,42,0,2,19,0,21,0,23,40,0,63,20,0,20,83
10/31/2001,GRI,NE,ACE,CE,Federal Contract Tower,0,24,12,0,36,0,0,25,0,25,0,24,37,0,61,10,0,10,71
11/01/2001,GRI,NE,ACE,CE,Federal Contract Tower,0,25,15,6,46,0,0,29,2,31,0,25,44,8,77,22,2,24,101
11/02/2001,GRI,NE,ACE,CE,Federal Contract Tower,0,20,12,0,32,0,5,26,0,31,0,25,38,0,63,14,0,14,77
11/03/2001,GRI,NE,ACE,CE,Federal Contract Tower,0,14,2,0,16,0,0,34,0,34,0,14,36,0,50,32,0,32,82
11/04/2001,GRI,NE,ACE,CE,Federal Contract Tower,0,5,8,0,13,0,0,36,0,36,0,5,44,0,49,6,0,6,55
11/05/2001,GRI,NE,ACE,CE,Federal Contract Tower,0,13,16,0,29,0,0,28,0,28,0,13,44,0,57,46,0,46,103
11/06/2001,GRI,NE,ACE,CE,Federal Contract Tower,0,25,16,0,41,0,0,30,0,30,0,25,46,0,71,30,0,30,101
11/07/2001,GRI,NE,ACE,CE,Federal Contract Tower,0,21,17,0,38,0,1,36,0,37,0,22,53,0,75,26,0,26,101
11/08/2001,GRI,NE,ACE,CE,Federal Contract Tower,0,23,12,2,37,0,0,22,0,22,0,23,34,2,59,0,0,0,59
11/09/2001,GRI,NE,ACE,CE,Federal Contract Tower,0,20,15,0,35,0,1,27,0,28,0,21,42,0,63,4,0,4,67
11/10/2001,GRI,NE,ACE,CE,Federal Contract Tower,0,10,3,0,13,0,0,28,0,28,0,10,31,0,41,8,0,8,49
11/11/2001,GRI,NE,ACE,CE,Federal Contract Tower,0,5,11,0,16,0,0,27,0,27,0,5,38,0,43,4,0,4,47
11/12/2001,GRI,NE,ACE,CE,Federal Contract Tower,0,13,11,0,24,0,0,1,0,1,0,13,12,0,25,0,0,0,25
11/13/2001,GRI,NE,ACE,CE,Federal Contract Tower,0,19,23,2,44,0,0,1,0,1,0,19,24,2,45,16,0,16,61
11/14/2001,GRI,NE,ACE,CE,Federal Contract Tower,0,22,19,3,44,0,0,12,0,12,0,22,31,3,56,12,4,16,72
11/15/2001,GRI,NE,ACE,CE,Federal Contract Tower,0,21,10,0,31,0,1,28,0,29,0,22,38,0,60,18,0,18,78
11/16/2001,GRI,NE,ACE,CE,Federal Contract Tower,0,28,12,0,40,0,0,24,0,24,0,28,36,0,64,26,0,26,90
11/17/2001,GRI,NE,ACE,CE,Federal Contract Tower,0,13,10,0,23,0,0,33,0,33,0,13,43,0,56,22,0,22,78
11/18/2001,GRI,NE,ACE,CE,Federal Contract Tower,0,3,4,0,7,0,0,1,0,1,0,3,5,0,8,0,0,0,8
11/19/2001,GRI,NE,ACE,CE,Federal Contract Tower,0,17,7,0,24,0,0,20,0,20,0,17,27,0,44,2,0,2,46
11/20/2001,GRI,NE,ACE,CE,Federal Contract Tower,0,23,18,0,41,0,2,22,0,24,0,25,40,0,65,8,0,8,73
11/21/2001,GRI,NE,ACE,CE,Federal Contract Tower,0,17,15,0,32,0,2,26,0,28,0,19,41,0,60,52,0,52,112
11/22/2001,GRI,NE,ACE,CE,Federal Contract Tower,0,1,1,0,2,0,0,21,0,21,0,1,22,0,23,0,0,0,23
11/23/2001,GRI,NE,ACE,CE,Federal Contract Tower,0,13,11,0,24,0,0,0,0,0,0,13,11,0,24,0,0,0,24
11/24/2001,GRI,NE,ACE,CE,Federal Contract Tower,0,13,2,0,15,0,0,0,0,0,0,13,2,0,15,0,0,0,15
11/25/2001,GRI,NE,ACE,CE,Federal Contract Tower,2,3,15,0,20,0,0,5,0,5,2,3,20,0,25,0,0,0,25
11/26/2001,GRI,NE,ACE,CE,Federal Contract Tower,0,20,6,0,26,0,0,1,0,1,0,20,7,0,27,0,0,0,27
11/27/2001,GRI,NE,ACE,CE,Federal Contract Tower,0,20,16,0,36,0,0,1,0,1,0,20,17,0,37,0,0,0,37
11/28/2001,GRI,NE,ACE,CE,Federal Contract Tower,2,19,16,0,37,0,0,21,0,21,2,19,37,0,58,8,0,8,66
11/29/2001,GRI,NE,ACE,CE,Federal Contract Tower,0,24,13,0,37,0,1,20,0,21,0,25,33,0,58,18,0,18,76
11/30/2001,GRI,NE,ACE,CE,Federal Contract Tower,0,23,3,0,26,0,0,3,0,3,0,23,6,0,29,0,0,0,29
12/01/2001,GRI,NE,ACE,CE,Federal Contract Tower,2,11,4,0,17,0,0,22,0,22,2,11,26,0,39,30,0,30,69
12/02/2001,GRI,NE,ACE,CE,Federal Contract Tower,0,3,2,0,5,0,0,31,0,31,0,3,33,0,36,8,0,8,44
12/03/2001,GRI,NE,ACE,CE,Federal Contract Tower,0,14,8,10,32,0,0,23,0,23,0,14,31,10,55,14,0,14,69
12/04/2001,GRI,NE,ACE,CE,Federal Contract Tower,0,16,9,0,25,0,0,2,0,2,0,16,11,0,27,0,0,0,27
12/05/2001,GRI,NE,ACE,CE,Federal Contract Tower,2,23,15,0,40,0,0,14,0,14,2,23,29,0,54,0,0,0,54
12/06/2001,GRI,NE,ACE,CE,Federal Contract Tower,0,21,4,0,25,0,0,23,0,23,0,21,27,0,48,16,0,16,64
12/07/2001,GRI,NE,ACE,CE,Federal Contract Tower,0,19,9,16,44,0,0,21,0,21,0,19,30,16,65,14,8,22,87
12/08/2001,GRI,NE,ACE,CE,Federal Contract Tower,0,10,3,0,13,0,0,19,0,19,0,10,22,0,32,50,0,50,82
12/09/2001,GRI,NE,ACE,CE,Federal Contract Tower,0,3,9,0,12,0,0,15,0,15,0,3,24,0,27,0,0,0,27
12/10/2001,GRI,NE,ACE,CE,Federal Contract Tower,0,14,8,0,22,0,0,17,0,17,0,14,25,0,39,14,0,14,53
12/11/2001,GRI,NE,ACE,CE,Federal Contract Tower,0,17,13,0,30,0,0,18,2,20,0,17,31,2,50,4,0,4,54
12/12/2001,GRI,NE,ACE,CE,Federal Contract Tower,0,14,12,0,26,0,0,3,0,3,0,14,15,0,29,6,0,6,35
12/13/2001,GRI,NE,ACE,CE,Federal Contract Tower,0,19,18,0,37,0,0,27,4,31,0,19,45,4,68,24,20,44,112
12/14/2001,GRI,NE,ACE,CE,Federal Contract Tower,0,20,10,0,30,0,0,14,0,14,0,20,24,0,44,0,0,0,44
12/15/2001,GRI,NE,ACE,CE,Federal Contract Tower,0,11,5,0,16,0,0,6,0,6,0,11,11,0,22,0,0,0,22
12/16/2001,GRI,NE,ACE,CE,Federal Contract Tower,0,5,5,0,10,0,0,21,0,21,0,5,26,0,31,18,0,18,49
12/17/2001,GRI,NE,ACE,CE,Federal Contract Tower,0,18,13,0,31,0,0,28,0,28,0,18,41,0,59,4,0,4,63
12/18/2001,GRI,NE,ACE,CE,Federal Contract Tower,0,20,6,0,26,0,0,14,0,14,0,20,20,0,40,0,0,0,40
12/19/2001,GRI,NE,ACE,CE,Federal Contract Tower,0,21,6,0,27,0,0,17,0,17,0,21,23,0,44,2,0,2,46
12/20/2001,GRI,NE,ACE,CE,Federal Contract Tower,0,25,17,0,42,0,0,26,0,26,0,25,43,0,68,18,0,18,86
12/21/2001,GRI,NE,ACE,CE,Federal Contract Tower,0,20,8,0,28,0,0,15,0,15,0,20,23,0,43,2,0,2,45
12/22/2001,GRI,NE,ACE,CE,Federal Contract Tower,0,9,4,0,13,0,0,1,0,1,0,9,5,0,14,0,0,0,14
12/23/2001,GRI,NE,ACE,CE,Federal Contract Tower,0,3,9,0,12,0,0,5,0,5,0,3,14,0,17,0,0,0,17
12/24/2001,GRI,NE,ACE,CE,Federal Contract Tower,0,11,2,0,13,0,0,14,0,14,0,11,16,0,27,14,0,14,41
12/25/2001,GRI,NE,ACE,CE,Federal Contract Tower,0,4,0,0,4,0,0,6,0,6,0,4,6,0,10,6,0,6,16
12/26/2001,GRI,NE,ACE,CE,Federal Contract Tower,0,17,18,0,35,0,0,19,0,19,0,17,37,0,54,8,0,8,62
12/27/2001,GRI,NE,ACE,CE,Federal Contract Tower,0,15,18,2,35,0,0,25,0,25,0,15,43,2,60,14,0,14,74
12/28/2001,GRI,NE,ACE,CE,Federal Contract Tower,0,17,8,14,39,0,1,15,0,16,0,18,23,14,55,0,0,0,55
12/29/2001,GRI,NE,ACE,CE,Federal Contract Tower,0,9,7,0,16,0,0,14,0,14,0,9,21,0,30,0,0,0,30
12/30/2001,GRI,NE,ACE,CE,Federal Contract Tower,0,6,2,0,8,0,0,8,0,8,0,6,10,0,16,4,0,4,20
12/31/2001,GRI,NE,ACE,CE,Federal Contract Tower,0,13,0,0,13,0,0,15,0,15,0,13,15,0,28,8,0,8,36
01/01/2002,GRI,NE,ACE,CE,Federal Contract Tower,0,5,4,0,9,0,1,0,0,1,0,6,4,0,10,0,0,0,10
01/02/2002,GRI,NE,ACE,CE,Federal Contract Tower,0,17,11,0,28,0,1,1,0,2,0,18,12,0,30,0,0,0,30
01/03/2002,GRI,NE,ACE,CE,Federal Contract Tower,0,16,12,0,28,0,0,9,2,11,0,16,21,2,39,0,0,0,39
01/04/2002,GRI,NE,ACE,CE,Federal Contract Tower,0,18,12,0,30,0,1,9,0,10,0,19,21,0,40,8,0,8,48
01/05/2002,GRI,NE,ACE,CE,Federal Contract Tower,0,11,9,0,20,0,1,25,0,26,0,12,34,0,46,10,0,10,56
01/06/2002,GRI,NE,ACE,CE,Federal Contract Tower,0,6,7,0,13,0,2,5,0,7,0,8,12,0,20,4,0,4,24
01/07/2002,GRI,NE,ACE,CE,Federal Contract Tower,0,13,6,0,19,0,0,20,0,20,0,13,26,0,39,24,0,24,63
01/08/2002,GRI,NE,ACE,CE,Federal Contract Tower,0,17,17,0,34,0,0,24,0,24,0,17,41,0,58,14,0,14,72
01/09/2002,GRI,NE,ACE,CE,Federal Contract Tower,0,15,13,0,28,0,0,12,0,12,0,15,25,0,40,2,0,2,42
01/10/2002,GRI,NE,ACE,CE,Federal Contract Tower,0,19,5,3,27,0,1,21,1,23,0,20,26,4,50,0,0,0,50
01/11/2002,GRI,NE,ACE,CE,Federal Contract Tower,0,17,6,2,25,0,0,29,0,29,0,17,35,2,54,28,2,30,84
01/12/2002,GRI,NE,ACE,CE,Federal Contract Tower,0,7,8,0,15,0,0,34,0,34,0,7,42,0,49,66,0,66,115
01/13/2002,GRI,NE,ACE,CE,Federal Contract Tower,0,2,4,0,6,0,0,4,0,4,0,2,8,0,10,0,0,0,10
01/14/2002,GRI,NE,ACE,CE,Federal Contract Tower,0,11,10,0,21,0,0,15,0,15,0,11,25,0,36,0,0,0,36
01/15/2002,GRI,NE,ACE,CE,Federal Contract Tower,0,14,12,2,28,0,1,28,0,29,0,15,40,2,57,10,0,10,67
01/16/2002,GRI,NE,ACE,CE,Federal Contract Tower,0,14,11,2,27,0,2,18,0,20,0,16,29,2,47,16,0,16,63
01/17/2002,GRI,NE,ACE,CE,Federal Contract Tower,0,15,15,2,32,0,1,16,0,17,0,16,31,2,49,0,0,0,49
01/18/2002,GRI,NE,ACE,CE,Federal Contract Tower,0,15,9,0,24,0,0,17,0,17,0,15,26,0,41,10,0,10,51
01/19/2002,GRI,NE,ACE,CE,Federal Contract Tower,2,5,9,2,18,0,1,25,0,26,2,6,34,2,44,12,0,12,56
01/20/2002,GRI,NE,ACE,CE,Federal Contract Tower,0,3,5,0,8,0,0,20,0,20,0,3,25,0,28,0,0,0,28
01/21/2002,GRI,NE,ACE,CE,Federal Contract Tower,0,14,3,0,17,0,0,25,0,25,0,14,28,0,42,42,0,42,84
01/22/2002,GRI,NE,ACE,CE,Federal Contract Tower,0,17,15,2,34,0,0,23,0,23,0,17,38,2,57,0,0,0,57
01/23/2002,GRI,NE,ACE,CE,Federal Contract Tower,2,21,9,0,32,0,0,15,0,15,2,21,24,0,47,10,0,10,57
01/24/2002,GRI,NE,ACE,CE,Federal Contract Tower,0,20,10,0,30,0,0,22,2,24,0,20,32,2,54,14,0,14,68
01/25/2002,GRI,NE,ACE,CE,Federal Contract Tower,0,16,8,0,24,0,0,20,2,22,0,16,28,2,46,4,0,4,50
01/26/2002,GRI,NE,ACE,CE,Federal Contract Tower,0,6,4,0,10,0,0,44,0,44,0,6,48,0,54,4,0,4,58
01/27/2002,GRI,NE,ACE,CE,Federal Contract Tower,0,4,6,1,11,0,0,21,1,22,0,4,27,2,33,12,0,12,45
01/28/2002,GRI,NE,ACE,CE,Federal Contract Tower,0,12,15,0,27,0,0,2,0,2,0,12,17,0,29,0,0,0,29
01/29/2002,GRI,NE,ACE,CE,Federal Contract Tower,2,18,9,0,29,0,0,4,0,4,2,18,13,0,33,0,0,0,33
01/30/2002,GRI,NE,ACE,CE,Federal Contract Tower,0,17,12,0,29,0,0,7,0,7,0,17,19,0,36,10,0,10,46
01/31/2002,GRI,NE,ACE,CE,Federal Contract Tower,2,15,4,0,21,0,0,0,0,0,2,15,4,0,21,0,0,0,21
02/01/2002,GRI,NE,ACE,CE,Federal Contract Tower,0,14,10,0,24,0,0,21,0,21,0,14,31,0,45,4,0,4,49
02/02/2002,GRI,NE,ACE,CE,Federal Contract Tower,0,8,5,0,13,0,2,5,0,7,0,10,10,0,20,0,0,0,20
02/03/2002,GRI,NE,ACE,CE,Federal Contract Tower,0,2,14,0,16,0,0,14,0,14,0,2,28,0,30,46,0,46,76
02/04/2002,GRI,NE,ACE,CE,Federal Contract Tower,0,12,6,0,18,0,0,19,0,19,0,12,25,0,37,0,0,0,37
02/05/2002,GRI,NE,ACE,CE,Federal Contract Tower,0,20,14,0,34,0,0,17,0,17,0,20,31,0,51,26,0,26,77
02/06/2002,GRI,NE,ACE,CE,Federal Contract Tower,0,22,15,0,37,0,0,12,0,12,0,22,27,0,49,12,0,12,61
02/07/2002,GRI,NE,ACE,CE,Federal Contract Tower,2,22,15,0,39,0,0,29,4,33,2,22,44,4,72,8,4,12,84
02/08/2002,GRI,NE,ACE,CE,Federal Contract Tower,0,16,13,0,29,0,0,16,0,16,0,16,29,0,45,0,0,0,45
02/09/2002,GRI,NE,ACE,CE,Federal Contract Tower,0,8,2,0,10,0,0,0,0,0,0,8,2,0,10,0,0,0,10
02/10/2002,GRI,NE,ACE,CE,Federal Contract Tower,0,2,18,0,20,0,0,10,0,10,0,2,28,0,30,0,0,0,30
02/11/2002,GRI,NE,ACE,CE,Federal Contract Tower,0,11,3,0,14,0,0,13,0,13,0,11,16,0,27,10,0,10,37
02/12/2002,GRI,NE,ACE,CE,Federal Contract Tower,0,16,8,2,26,0,0,32,0,32,0,16,40,2,58,68,0,68,126
02/13/2002,GRI,NE,ACE,CE,Federal Contract Tower,0,16,19,2,37,0,2,21,0,23,0,18,40,2,60,26,0,26,86
02/14/2002,GRI,NE,ACE,CE,Federal Contract Tower,0,18,10,0,28,0,0,12,0,12,0,18,22,0,40,4,0,4,44
02/15/2002,GRI,NE,ACE,CE,Federal Contract Tower,0,16,17,0,33,0,1,19,0,20,0,17,36,0,53,38,0,38,91
02/16/2002,GRI,NE,ACE,CE,Federal Contract Tower,0,11,12,0,23,0,0,26,0,26,0,11,38,0,49,0,0,0,49
02/17/2002,GRI,NE,ACE,CE,Federal Contract Tower,0,4,11,0,15,0,0,27,0,27,0,4,38,0,42,2,0,2,44
02/18/2002,GRI,NE,ACE,CE,Federal Contract Tower,0,16,8,0,24,0,2,0,0,2,0,18,8,0,26,6,0,6,32
02/19/2002,GRI,NE,ACE,CE,Federal Contract Tower,0,20,9,0,29,0,0,0,0,0,0,20,9,0,29,0,0,0,29
02/20/2002,GRI,NE,ACE,CE,Federal Contract Tower,0,15,14,0,29,0,0,28,0,28,0,15,42,0,57,18,0,18,75
02/21/2002,GRI,NE,ACE,CE,Federal Contract Tower,0,14,9,2,25,0,0,30,0,30,0,14,39,2,55,20,0,20,75
02/22/2002,GRI,NE,ACE,CE,Federal Contract Tower,0,18,18,0,36,0,0,36,0,36,0,18,54,0,72,28,0,28,100
02/23/2002,GRI,NE,ACE,CE,Federal Contract Tower,0,7,6,0,13,0,0,36,0,36,0,7,42,0,49,48,0,48,97
02/24/2002,GRI,NE,ACE,CE,Federal Contract Tower,0,2,11,0,13,0,0,0,0,0,0,2,11,0,13,0,0,0,13
02/25/2002,GRI,NE,ACE,CE,Federal Contract Tower,0,15,1,0,16,0,0,0,0,0,0,15,1,0,16,0,0,0,16
02/26/2002,GRI,NE,ACE,CE,Federal Contract Tower,0,16,15,0,31,0,0,1,0,1,0,16,16,0,32,0,0,0,32
02/27/2002,GRI,NE,ACE,CE,Federal Contract Tower,0,22,13,2,37,0,0,12,3,15,0,22,25,5,52,0,0,0,52
02/28/2002,GRI,NE,ACE,CE,Federal Contract Tower,0,18,15,1,34,0,0,16,0,16,0,18,31,1,50,0,0,0,50
03/01/2002,GRI,NE,ACE,CE,Federal Contract Tower,0,9,0,0,9,0,1,0,0,1,0,10,0,0,10,0,0,0,10
03/02/2002,GRI,NE,ACE,CE,Federal Contract Tower,0,6,6,0,12,0,2,5,0,7,0,8,11,0,19,4,0,4,23
03/03/2002,GRI,NE,ACE,CE,Federal Contract Tower,0,2,4,0,6,0,1,11,0,12,0,3,15,0,18,2,0,2,20
03/04/2002,GRI,NE,ACE,CE,Federal Contract Tower,0,15,7,0,22,0,0,11,0,11,0,15,18,0,33,8,0,8,41
03/05/2002,GRI,NE,ACE,CE,Federal Contract Tower,0,18,17,0,35,0,0,19,2,21,0,18,36,2,56,6,0,6,62
03/06/2002,GRI,NE,ACE,CE,Federal Contract Tower,0,24,13,0,37,0,0,0,0,0,0,24,13,0,37,0,0,0,37
03/07/2002,GRI,NE,ACE,CE,Federal Contract Tower,0,14,7,0,21,0,0,0,0,0,0,14,7,0,21,0,0,0,21
03/08/2002,GRI,NE,ACE,CE,Federal Contract Tower,0,10,8,0,18,0,0,0,0,0,0,10,8,0,18,0,0,0,18
03/09/2002,GRI,NE,ACE,CE,Federal Contract Tower,0,10,10,0,20,0,1,7,2,10,0,11,17,2,30,0,0,0,30
03/10/2002,GRI,NE,ACE,CE,Federal Contract Tower,2,6,6,0,14,0,0,17,0,17,2,6,23,0,31,6,0,6,37
03/11/2002,GRI,NE,ACE,CE,Federal Contract Tower,0,16,9,0,25,0,0,13,0,13,0,16,22,0,38,6,0,6,44
03/12/2002,GRI,NE,ACE,CE,Federal Contract Tower,0,16,24,2,42,0,1,38,0,39,0,17,62,2,81,16,0,16,97
03/13/2002,GRI,NE,ACE,CE,Federal Contract Tower,0,14,18,0,32,0,0,24,0,24,0,14,42,0,56,0,0,0,56
03/14/2002,GRI,NE,ACE,CE,Federal Contract Tower,2,12,8,2,24,0,0,2,0,2,2,12,10,2,26,0,0,0,26
03/15/2002,GRI,NE,ACE,CE,Federal Contract Tower,0,17,15,2,34,0,1,25,2,28,0,18,40,4,62,26,2,28,90
03/16/2002,GRI,NE,ACE,CE,Federal Contract Tower,0,15,10,0,25,0,0,12,0,12,0,15,22,0,37,4,0,4,41
03/17/2002,GRI,NE,ACE,CE,Federal Contract Tower,0,2,10,2,14,0,0,4,2,6,0,2,14,4,20,6,0,6,26
03/18/2002,GRI,NE,ACE,CE,Federal Contract Tower,0,12,9,0,21,0,0,10,2,12,0,12,19,2,33,8,0,8,41
03/19/2002,GRI,NE,ACE,CE,Federal Contract Tower,0,21,13,2,36,0,0,4,0,4,0,21,17,2,40,2,0,2,42
03/20/2002,GRI,NE,ACE,CE,Federal Contract Tower,0,15,18,1,34,0,0,17,3,20,0,15,35,4,54,12,0,12,66
03/21/2002,GRI,NE,ACE,CE,Federal Contract Tower,0,16,17,0,33,0,0,21,0,21,0,16,38,0,54,4,0,4,58
03/22/2002,GRI,NE,ACE,CE,Federal Contract Tower,0,14,11,0,25,1,1,31,11,44,1,15,42,11,69,72,8,80,149
03/23/2002,GRI,NE,ACE,CE,Federal Contract Tower,0,12,14,0,26,0,0,30,0,30,0,12,44,0,56,22,0,22,78
03/24/2002,GRI,NE,ACE,CE,Federal Contract Tower,2,2,4,4,12,0,0,1,0,1,2,2,5,4,13,0,0,0,13
03/25/2002,GRI,NE,ACE,CE,Federal Contract Tower,0,16,6,0,22,0,0,7,0,7,0,16,13,0,29,10,0,10,39
03/26/2002,GRI,NE,ACE,CE,Federal Contract Tower,0,16,13,0,29,0,0,33,0,33,0,16,46,0,62,4,0,4,66
03/27/2002,GRI,NE,ACE,CE,Federal Contract Tower,0,17,9,2,28,0,1,27,0,28,0,18,36,2,56,14,0,14,70
03/28/2002,GRI,NE,ACE,CE,Federal Contract Tower,0,16,17,0,33,0,1,20,0,21,0,17,37,0,54,22,0,22,76
03/29/2002,GRI,NE,ACE,CE,Federal Contract Tower,0,15,12,0,27,0,0,13,0,13,0,15,25,0,40,0,0,0,40
03/30/2002,GRI,NE,ACE,CE,Federal Contract Tower,0,9,16,0,25,0,1,25,0,26,0,10,41,0,51,2,0,2,53
03/31/2002,GRI,NE,ACE,CE,Federal Contract Tower,0,4,7,0,11,0,0,12,0,12,0,4,19,0,23,4,0,4,27
04/01/2002,GRI,NE,ACE,CE,Federal Contract Tower,0,13,4,0,17,0,0,17,0,17,0,13,21,0,34,16,0,16,50
04/02/2002,GRI,NE,ACE,CE,Federal Contract Tower,0,17,6,0,23,0,0,6,0,6,0,17,12,0,29,0,0,0,29
04/03/2002,GRI,NE,ACE,CE,Federal Contract Tower,0,19,5,0,24,0,0,13,0,13,0,19,18,0,37,4,0,4,41
04/04/2002,GRI,NE,ACE,CE,Federal Contract Tower,0,19,17,4,40,0,2,29,0,31,0,21,46,4,71,14,0,14,85
04/05/2002,GRI,NE,ACE,CE,Federal Contract Tower,0,18,6,2,26,0,0,52,3,55,0,18,58,5,81,18,4,22,103
04/06/2002,GRI,NE,ACE,CE,Federal Contract Tower,0,8,3,0,11,0,0,18,0,18,0,8,21,0,29,2,0,2,31
04/07/2002,GRI,NE,ACE,CE,Federal Contract Tower,0,8,13,0,21,0,0,0,0,0,0,8,13,0,21,0,0,0,21
04/08/2002,GRI,NE,ACE,CE,Federal Contract Tower,0,14,11,0,25,0,0,1,3,4,0,14,12,3,29,0,0,0,29
04/09/2002,GRI,NE,ACE,CE,Federal Contract Tower,0,21,1,0,22,0,0,31,0,31,0,21,32,0,53,10,0,10,63
04/10/2002,GRI,NE,ACE,CE,Federal Contract Tower,0,14,10,0,24,0,0,12,0,12,0,14,22,0,36,12,0,12,48
04/11/2002,GRI,NE,ACE,CE,Federal Contract Tower,0,15,7,10,32,0,0,22,0,22,0,15,29,10,54,14,10,24,78
04/12/2002,GRI,NE,ACE,CE,Federal Contract Tower,0,18,10,6,34,0,0,36,3,39,0,18,46,9,73,2,4,6,79
04/13/2002,GRI,NE,ACE,CE,Federal Contract Tower,0,7,7,0,14,0,0,30,0,30,0,7,37,0,44,22,0,22,66
04/14/2002,GRI,NE,ACE,CE,Federal Contract Tower,0,4,3,0,7,0,0,46,9,55,0,4,49,9,62,28,0,28,90
04/15/2002,GRI,NE,ACE,CE,Federal Contract Tower,0,12,11,4,27,0,0,25,0,25,0,12,36,4,52,28,0,28,80
04/16/2002,GRI,NE,ACE,CE,Federal Contract Tower,0,12,6,0,18,0,3,6,0,9,0,15,12,0,27,0,0,0,27
04/17/2002,GRI,NE,ACE,CE,Federal Contract Tower,0,17,4,2,23,0,0,21,0,21,0,17,25,2,44,48,2,50,94
04/18/2002,GRI,NE,ACE,CE,Federal Contract Tower,0,15,18,0,33,0,0,25,0,25,0,15,43,0,58,18,4,22,80
04/19/2002,GRI,NE,ACE,CE,Federal Contract Tower,0,13,8,0,21,0,0,5,0,5,0,13,13,0,26,0,0,0,26
04/20/2002,GRI,NE,ACE,CE,Federal Contract Tower,2,8,11,0,21,0,0,8,0,8,2,8,19,0,29,0,0,0,29
04/21/2002,GRI,NE,ACE,CE,Federal Contract Tower,0,4,5,0,9,0,0,7,0,7,0,4,12,0,16,4,0,4,20
04/22/2002,GRI,NE,ACE,CE,Federal Contract Tower,2,12,8,0,22,0,0,14,0,14,2,12,22,0,36,10,0,10,46
04/23/2002,GRI,NE,ACE,CE,Federal Contract Tower,2,16,7,0,25,0,0,31,0,31,2,16,38,0,56,32,0,32,88
04/24/2002,GRI,NE,ACE,CE,Federal Contract Tower,2,20,3,0,25,0,0,8,0,8,2,20,11,0,33,0,0,0,33
04/25/2002,GRI,NE,ACE,CE,Federal Contract Tower,0,18,4,0,22,0,0,41,0,41,0,18,45,0,63,30,0,30,93
04/26/2002,GRI,NE,ACE,CE,Federal Contract Tower,0,16,19,0,35,0,0,4,0,4,0,16,23,0,39,4,0,4,43
04/27/2002,GRI,NE,ACE,CE,Federal Contract Tower,0,8,6,0,14,0,0,0,0,0,0,8,6,0,14,0,0,0,14
04/28/2002,GRI,NE,ACE,CE,Federal Contract Tower,0,6,6,0,12,0,0,28,0,28,0,6,34,0,40,2,0,2,42
04/29/2002,GRI,NE,ACE,CE,Federal Contract Tower,0,12,9,0,21,0,0,29,0,29,0,12,38,0,50,48,0,48,98
04/30/2002,GRI,NE,ACE,CE,Federal Contract Tower,0,18,11,2,31,0,0,16,0,16,0,18,27,2,47,10,0,10,57
05/01/2002,GRI,NE,ACE,CE,Federal Contract Tower,1,17,10,0,28,1,0,0,0,1,2,17,10,0,29,0,0,0,29
05/02/2002,GRI,NE,ACE,CE,Federal Contract Tower,0,17,2,0,19,0,0,20,0,20,0,17,22,0,39,14,0,14,53
05/03/2002,GRI,NE,ACE,CE,Federal Contract Tower,2,16,13,1,32,0,0,24,1,25,2,16,37,2,57,2,0,2,59
05/04/2002,GRI,NE,ACE,CE,Federal Contract Tower,0,6,8,1,15,0,0,14,1,15,0,6,22,2,30,0,0,0,30
05/05/2002,GRI,NE,ACE,CE,Federal Contract Tower,2,3,11,0,16,0,0,5,0,5,2,3,16,0,21,0,0,0,21
05/06/2002,GRI,NE,ACE,CE,Federal Contract Tower,0,13,14,2,29,0,0,19,0,19,0,13,33,2,48,24,8,32,80
05/07/2002,GRI,NE,ACE,CE,Federal Contract Tower,0,16,16,0,32,0,0,1,0,1,0,16,17,0,33,0,0,0,33
05/08/2002,GRI,NE,ACE,CE,Federal Contract Tower,0,20,11,3,34,0,0,2,0,2,0,20,13,3,36,0,0,0,36
05/09/2002,GRI,NE,ACE,CE,Federal Contract Tower,2,18,21,0,41,0,0,18,0,18,2,18,39,0,59,18,0,18,77
05/10/2002,GRI,NE,ACE,CE,Federal Contract Tower,0,16,10,0,26,0,0,10,0,10,0,16,20,0,36,6,0,6,42
05/11/2002,GRI,NE,ACE,CE,Federal Contract Tower,0,13,3,0,16,0,0,0,0,0,0,13,3,0,16,0,0,0,16
05/12/2002,GRI,NE,ACE,CE,Federal Contract Tower,0,3,5,0,8,0,0,0,0,0,0,3,5,0,8,0,0,0,8
05/13/2002,GRI,NE,ACE,CE,Federal Contract Tower,0,14,10,0,24,0,0,24,0,24,0,14,34,0,48,22,0,22,70
05/14/2002,GRI,NE,ACE,CE,Federal Contract Tower,0,19,23,0,42,0,0,31,0,31,0,19,54,0,73,12,0,12,85
05/15/2002,GRI,NE,ACE,CE,Federal Contract Tower,0,15,14,0,29,0,1,18,2,21,0,16,32,2,50,8,0,8,58
05/16/2002,GRI,NE,ACE,CE,Federal Contract Tower,0,14,11,1,26,0,3,19,4,26,0,17,30,5,52,6,6,12,64
05/17/2002,GRI,NE,ACE,CE,Federal Contract Tower,0,17,20,1,38,0,0,16,1,17,0,17,36,2,55,6,2,8,63
05/18/2002,GRI,NE,ACE,CE,Federal Contract Tower,0,9,2,0,11,0,0,49,0,49,0,9,51,0,60,34,0,34,94
05/19/2002,GRI,NE,ACE,CE,Federal Contract Tower,0,3,12,0,15,0,0,12,0,12,0,3,24,0,27,6,0,6,33
05/20/2002,GRI,NE,ACE,CE,Federal Contract Tower,0,11,9,12,32,0,1,15,0,16,0,12,24,12,48,64,8,72,120
05/21/2002,GRI,NE,ACE,CE,Federal Contract Tower,0,15,10,0,25,0,0,16,0,16,0,15,26,0,41,54,0,54,95
05/22/2002,GRI,NE,ACE,CE,Federal Contract Tower,0,17,9,10,36,0,0,10,0,10,0,17,19,10,46,22,0,22,68
05/23/2002,GRI,NE,ACE,CE,Federal Contract Tower,0,17,5,0,22,0,1,7,0,8,0,18,12,0,30,0,0,0,30
05/24/2002,GRI,NE,ACE,CE,Federal Contract Tower,0,17,9,0,26,0,0,8,0,8,0,17,17,0,34,0,0,0,34
05/25/2002,GRI,NE,ACE,CE,Federal Contract Tower,0,7,9,0,16,0,0,20,0,20,0,7,29,0,36,10,0,10,46
05/26/2002,GRI,NE,ACE,CE,Federal Contract Tower,0,3,2,0,5,0,0,11,0,11,0,3,13,0,16,0,0,0,16
05/27/2002,GRI,NE,ACE,CE,Federal Contract Tower,0,4,3,0,7,0,0,29,4,33,0,4,32,4,40,14,0,14,54
05/28/2002,GRI,NE,ACE,CE,Federal Contract Tower,0,13,8,0,21,0,0,17,0,17,0,13,25,0,38,14,0,14,52
05/29/2002,GRI,NE,ACE,CE,Federal Contract Tower,0,18,9,0,27,0,0,29,0,29,0,18,38,0,56,6,0,6,62
05/30/2002,GRI,NE,ACE,CE,Federal Contract Tower,0,16,20,0,36,0,0,41,0,41,0,16,61,0,77,10,0,10,87
05/31/2002,GRI,NE,ACE,CE,Federal Contract Tower,0,16,13,10,39,0,0,25,0,25,0,16,38,10,64,40,0,40,104
06/01/2002,GRI,NE,ACE,CE,Federal Contract Tower,0,7,7,0,14,0,2,22,0,24,0,9,29,0,38,56,0,56,94
06/02/2002,GRI,NE,ACE,CE,Federal Contract Tower,0,3,4,0,7,0,1,26,0,27,0,4,30,0,34,16,0,16,50
06/03/2002,GRI,NE,ACE,CE,Federal Contract Tower,0,8,18,0,26,0,1,13,0,14,0,9,31,0,40,12,0,12,52
06/04/2002,GRI,NE,ACE,CE,Federal Contract Tower,0,17,5,0,22,0,1,3,0,4,0,18,8,0,26,2,0,2,28
06/05/2002,GRI,NE,ACE,CE,Federal Contract Tower,0,18,13,0,31,0,0,37,0,37,0,18,50,0,68,16,0,16,84
06/06/2002,GRI,NE,ACE,CE,Federal Contract Tower,0,18,14,2,34,0,0,35,0,35,0,18,49,2,69,24,0,24,93
06/07/2002,GRI,NE,ACE,CE,Federal Contract Tower,0,13,19,2,34,0,0,25,0,25,0,13,44,2,59,2,0,2,61
06/08/2002,GRI,NE,ACE,CE,Federal Contract Tower,0,11,6,1,18,0,0,11,1,12,0,11,17,2,30,0,0,0,30
06/09/2002,GRI,NE,ACE,CE,Federal Contract Tower,0,2,17,6,25,0,0,16,0,16,0,2,33,6,41,0,0,0,41
06/10/2002,GRI,NE,ACE,CE,Federal Contract Tower,0,12,8,0,20,0,0,7,0,7,0,12,15,0,27,0,0,0,27
06/11/2002,GRI,NE,ACE,CE,Federal Contract Tower,0,14,5,0,19,0,0,13,0,13,0,14,18,0,32,0,0,0,32
06/12/2002,GRI,NE,ACE,CE,Federal Contract Tower,0,16,14,0,30,0,0,2,0,2,0,16,16,0,32,0,0,0,32
06/13/2002,GRI,NE,ACE,CE,Federal Contract Tower,0,17,15,4,36,0,2,24,0,26,0,19,39,4,62,2,16,18,80
06/14/2002,GRI,NE,ACE,CE,Federal Contract Tower,0,12,9,0,21,0,2,32,4,38,0,14,41,4,59,20,0,20,79
06/15/2002,GRI,NE,ACE,CE,Federal Contract Tower,0,9,7,0,16,0,0,19,0,19,0,9,26,0,35,10,0,10,45
06/16/2002,GRI,NE,ACE,CE,Federal Contract Tower,0,4,10,2,16,0,0,30,0,30,0,4,40,2,46,8,0,8,54
06/17/2002,GRI,NE,ACE,CE,Federal Contract Tower,0,14,11,4,29,0,0,23,0,23,0,14,34,4,52,16,0,16,68
06/18/2002,GRI,NE,ACE,CE,Federal Contract Tower,0,17,9,0,26,0,0,13,0,13,0,17,22,0,39,14,0,14,53
06/19/2002,GRI,NE,ACE,CE,Federal Contract Tower,0,17,10,0,27,0,0,9,0,9,0,17,19,0,36,0,0,0,36
06/20/2002,GRI,NE,ACE,CE,Federal Contract Tower,0,15,5,0,20,0,0,13,0,13,0,15,18,0,33,10,0,10,43
06/21/2002,GRI,NE,ACE,CE,Federal Contract Tower,0,15,14,2,31,0,0,19,0,19,0,15,33,2,50,0,4,4,54
06/22/2002,GRI,NE,ACE,CE,Federal Contract Tower,0,8,13,0,21,0,0,27,1,28,0,8,40,1,49,0,0,0,49
06/23/2002,GRI,NE,ACE,CE,Federal Contract Tower,0,2,12,0,14,0,0,12,0,12,0,2,24,0,26,0,0,0,26
06/24/2002,GRI,NE,ACE,CE,Federal Contract Tower,0,19,12,0,31,0,0,22,0,22,0,19,34,0,53,6,0,6,59
06/25/2002,GRI,NE,ACE,CE,Federal Contract Tower,0,13,17,0,30,0,0,25,0,25,0,13,42,0,55,12,0,12,67
06/26/2002,GRI,NE,ACE,CE,Federal Contract Tower,0,18,14,0,32,0,0,28,0,28,0,18,42,0,60,0,0,0,60
06/27/2002,GRI,NE,ACE,CE,Federal Contract Tower,0,16,14,0,30,0,0,26,0,26,0,16,40,0,56,2,0,2,58
06/28/2002,GRI,NE,ACE,CE,Federal Contract Tower,2,15,10,0,27,0,0,34,0,34,2,15,44,0,61,22,0,22,83
06/29/2002,GRI,NE,ACE,CE,Federal Contract Tower,0,7,10,0,17,0,0,32,0,32,0,7,42,0,49,4,0,4,53
06/30/2002,GRI,NE,ACE,CE,Federal Contract Tower,0,4,7,0,11,0,0,25,2,27,0,4,32,2,38,4,0,4,42
07/01/2002,GRI,NE,ACE,CE,Federal Contract Tower,0,14,6,0,20,0,0,33,0,33,0,14,39,0,53,6,0,6,59
07/02/2002,GRI,NE,ACE,CE,Federal Contract Tower,2,21,21,0,44,0,0,14,0,14,2,21,35,0,58,0,0,0,58
07/03/2002,GRI,NE,ACE,CE,Federal Contract Tower,0,17,19,0,36,0,0,17,0,17,0,17,36,0,53,4,0,4,57
07/04/2002,GRI,NE,ACE,CE,Federal Contract Tower,0,4,8,0,12,0,0,17,0,17,0,4,25,0,29,4,0,4,33
07/05/2002,GRI,NE,ACE,CE,Federal Contract Tower,2,14,5,0,21,0,0,32,1,33,2,14,37,1,54,16,2,18,72
07/06/2002,GRI,NE,ACE,CE,Federal Contract Tower,0,8,6,0,14,0,0,21,0,21,0,8,27,0,35,2,0,2,37
07/07/2002,GRI,NE,ACE,CE,Federal Contract Tower,0,10,13,1,24,0,0,24,1,25,0,10,37,2,49,0,0,0,49
07/08/2002,GRI,NE,ACE,CE,Federal Contract Tower,0,14,19,0,33,0,0,23,0,23,0,14,42,0,56,14,0,14,70
07/09/2002,GRI,NE,ACE,CE,Federal Contract Tower,0,30,12,0,42,0,0,26,2,28,0,30,38,2,70,14,2,16,86
07/10/2002,GRI,NE,ACE,CE,Federal Contract Tower,0,18,14,0,32,0,0,33,0,33,0,18,47,0,65,42,0,42,107
07/11/2002,GRI,NE,ACE,CE,Federal Contract Tower,0,18,24,0,42,0,0,21,0,21,0,18,45,0,63,2,0,2,65
07/12/2002,GRI,NE,ACE,CE,Federal Contract Tower,0,17,9,0,26,0,0,30,0,30,0,17,39,0,56,50,0,50,106
07/13/2002,GRI,NE,ACE,CE,Federal Contract Tower,0,13,6,0,19,0,0,21,0,21,0,13,27,0,40,0,0,0,40
07/14/2002,GRI,NE,ACE,CE,Federal Contract Tower,0,4,12,0,16,0,0,34,0,34,0,4,46,0,50,12,0,12,62
07/15/2002,GRI,NE,ACE,CE,Federal Contract Tower,0,14,12,2,28,0,0,35,4,39,0,14,47,6,67,42,4,46,113
07/16/2002,GRI,NE,ACE,CE,Federal Contract Tower,0,16,12,0,28,0,0,25,0,25,0,16,37,0,53,26,0,26,79
07/17/2002,GRI,NE,ACE,CE,Federal Contract Tower,2,20,2,1,25,0,0,21,4,25,2,20,23,5,50,40,0,40,90
07/18/2002,GRI,NE,ACE,CE,Federal Contract Tower,0,16,8,1,25,0,0,23,0,23,0,16,31,1,48,28,0,28,76
07/19/2002,GRI,NE,ACE,CE,Federal Contract Tower,0,16,16,0,32,0,0,25,0,25,0,16,41,0,57,8,0,8,65
07/20/2002,GRI,NE,ACE,CE,Federal Contract Tower,0,9,7,0,16,0,0,39,0,39,0,9,46,0,55,6,0,6,61
07/21/2002,GRI,NE,ACE,CE,Federal Contract Tower,0,3,13,0,16,0,0,24,0,24,0,3,37,0,40,0,0,0,40
07/22/2002,GRI,NE,ACE,CE,Federal Contract Tower,0,12,20,0,32,0,0,38,0,38,0,12,58,0,70,46,0,46,116
07/23/2002,GRI,NE,ACE,CE,Federal Contract Tower,0,18,13,0,31,0,0,21,2,23,0,18,34,2,54,8,0,8,62
07/24/2002,GRI,NE,ACE,CE,Federal Contract Tower,0,16,12,0,28,0,0,17,0,17,0,16,29,0,45,10,0,10,55
07/25/2002,GRI,NE,ACE,CE,Federal Contract Tower,0,16,15,0,31,0,0,40,0,40,0,16,55,0,71,12,0,12,83
07/26/2002,GRI,NE,ACE,CE,Federal Contract Tower,0,14,10,9,33,0,1,34,2,37,0,15,44,11,70,38,8,46,116
07/27/2002,GRI,NE,ACE,CE,Federal Contract Tower,0,12,6,6,24,0,0,41,0,41,0,12,47,6,65,44,2,46,111
07/28/2002,GRI,NE,ACE,CE,Federal Contract Tower,0,11,17,2,30,0,0,22,0,22,0,11,39,2,52,0,0,0,52
07/29/2002,GRI,NE,ACE,CE,Federal Contract Tower,0,14,17,0,31,0,0,61,0,61,0,14,78,0,92,12,0,12,104
07/30/2002,GRI,NE,ACE,CE,Federal Contract Tower,0,17,18,2,37,0,1,32,0,33,0,18,50,2,70,8,8,16,86
07/31/2002,GRI,NE,ACE,CE,Federal Contract Tower,0,17,13,0,30,0,0,34,0,34,0,17,47,0,64,0,0,0,64
08/01/2002,GRI,NE,ACE,CE,Federal Contract Tower,0,22,10,0,32,0,1,14,0,15,0,23,24,0,47,0,0,0,47
08/02/2002,GRI,NE,ACE,CE,Federal Contract Tower,0,14,7,4,25,0,0,29,0,29,0,14,36,4,54,14,0,14,68
08/03/2002,GRI,NE,ACE,CE,Federal Contract Tower,0,6,3,0,9,0,1,15,0,16,0,7,18,0,25,18,0,18,43
08/04/2002,GRI,NE,ACE,CE,Federal Contract Tower,0,2,10,2,14,0,0,13,0,13,0,2,23,2,27,0,0,0,27
08/05/2002,GRI,NE,ACE,CE,Federal Contract Tower,0,11,9,0,20,0,0,37,0,37,0,11,46,0,57,20,0,20,77
08/06/2002,GRI,NE,ACE,CE,Federal Contract Tower,0,17,17,0,34,0,1,20,0,21,0,18,37,0,55,14,0,14,69
08/07/2002,GRI,NE,ACE,CE,Federal Contract Tower,2,21,12,6,41,0,0,12,2,14,2,21,24,8,55,10,10,20,75
08/08/2002,GRI,NE,ACE,CE,Federal Contract Tower,0,20,15,2,37,0,0,28,0,28,0,20,43,2,65,0,0,0,65
08/09/2002,GRI,NE,ACE,CE,Federal Contract Tower,0,16,14,0,30,0,0,18,0,18,0,16,32,0,48,16,0,16,64
08/10/2002,GRI,NE,ACE,CE,Federal Contract Tower,0,2,10,0,12,0,0,0,38,38,0,2,10,38,50,10,0,10,60
08/11/2002,GRI,NE,ACE,CE,Federal Contract Tower,0,9,8,0,17,0,0,18,0,18,0,9,26,0,35,0,0,0,35
08/12/2002,GRI,NE,ACE,CE,Federal Contract Tower,0,14,14,2,30,0,0,19,0,19,0,14,33,2,49,14,0,14,63
08/13/2002,GRI,NE,ACE,CE,Federal Contract Tower,0,21,7,0,28,0,0,28,0,28,0,21,35,0,56,12,0,12,68
08/14/2002,GRI,NE,ACE,CE,Federal Contract Tower,0,19,11,2,32,0,0,22,0,22,0,19,33,2,54,8,0,8,62
08/15/2002,GRI,NE,ACE,CE,Federal Contract Tower,0,16,9,0,25,0,0,34,0,34,0,16,43,0,59,28,0,28,87
08/16/2002,GRI,NE,ACE,CE,Federal Contract Tower,0,17,21,2,40,0,0,23,0,23,0,17,44,2,63,0,0,0,63
08/17/2002,GRI,NE,ACE,CE,Federal Contract Tower,0,10,12,0,22,0,0,16,0,16,0,10,28,0,38,0,0,0,38
08/18/2002,GRI,NE,ACE,CE,Federal Contract Tower,0,5,16,0,21,0,0,4,0,4,0,5,20,0,25,0,0,0,25
08/19/2002,GRI,NE,ACE,CE,Federal Contract Tower,0,14,9,0,23,0,0,24,0,24,0,14,33,0,47,2,0,2,49
08/20/2002,GRI,NE,ACE,CE,Federal Contract Tower,0,19,15,2,36,0,2,6,0,8,0,21,21,2,44,0,0,0,44
08/21/2002,GRI,NE,ACE,CE,Federal Contract Tower,0,17,5,0,22,0,0,22,4,26,0,17,27,4,48,6,0,6,54
08/22/2002,GRI,NE,ACE,CE,Federal Contract Tower,0,23,8,0,31,0,0,28,0,28,0,23,36,0,59,0,0,0,59
08/23/2002,GRI,NE,ACE,CE,Federal Contract Tower,0,14,19,0,33,0,0,24,0,24,0,14,43,0,57,14,0,14,71
08/24/2002,GRI,NE,ACE,CE,Federal Contract Tower,0,10,2,0,12,0,0,9,0,9,0,10,11,0,21,0,0,0,21
08/25/2002,GRI,NE,ACE,CE,Federal Contract Tower,0,5,8,0,13,0,0,19,0,19,0,5,27,0,32,10,0,10,42
08/26/2002,GRI,NE,ACE,CE,Federal Contract Tower,0,13,4,0,17,0,0,13,0,13,0,13,17,0,30,0,0,0,30
08/27/2002,GRI,NE,ACE,CE,Federal Contract Tower,0,17,4,2,23,0,1,18,0,19,0,18,22,2,42,4,0,4,46
08/28/2002,GRI,NE,ACE,CE,Federal Contract Tower,0,17,12,0,29,0,0,43,0,43,0,17,55,0,72,22,0,22,94
08/29/2002,GRI,NE,ACE,CE,Federal Contract Tower,0,15,13,0,28,0,1,24,0,25,0,16,37,0,53,30,0,30,83
08/30/2002,GRI,NE,ACE,CE,Federal Contract Tower,0,16,16,0,32,0,0,24,0,24,0,16,40,0,56,6,0,6,62
08/31/2002,GRI,NE,ACE,CE,Federal Contract Tower,0,13,11,0,24,0,0,18,0,18,0,13,29,0,42,12,0,12,54
09/01/2002,GRI,NE,ACE,CE,Federal Contract Tower,0,7,3,0,10,0,0,14,0,14,0,7,17,0,24,2,0,2,26
09/02/2002,GRI,NE,ACE,CE,Federal Contract Tower,0,8,14,0,22,0,0,28,0,28,0,8,42,0,50,10,0,10,60
09/03/2002,GRI,NE,ACE,CE,Federal Contract Tower,0,18,7,0,25,0,0,35,0,35,0,18,42,0,60,10,0,10,70
09/04/2002,GRI,NE,ACE,CE,Federal Contract Tower,0,22,5,2,29,0,0,22,0,22,0,22,27,2,51,8,0,8,59
09/05/2002,GRI,NE,ACE,CE,Federal Contract Tower,0,17,11,1,29,0,0,37,0,37,0,17,48,1,66,30,8,38,104
09/06/2002,GRI,NE,ACE,CE,Federal Contract Tower,0,19,8,0,27,0,0,35,0,35,0,19,43,0,62,8,0,8,70
09/07/2002,GRI,NE,ACE,CE,Federal Contract Tower,0,10,3,0,13,0,0,20,0,20,0,10,23,0,33,4,0,4,37
09/08/2002,GRI,NE,ACE,CE,Federal Contract Tower,0,3,9,0,12,0,0,22,0,22,0,3,31,0,34,0,0,0,34
09/09/2002,GRI,NE,ACE,CE,Federal Contract Tower,0,12,10,0,22,0,0,19,0,19,0,12,29,0,41,8,0,8,49
09/10/2002,GRI,NE,ACE,CE,Federal Contract Tower,0,19,12,0,31,0,0,32,0,32,0,19,44,0,63,8,0,8,71
09/11/2002,GRI,NE,ACE,CE,Federal Contract Tower,0,23,17,1,41,0,0,46,0,46,0,23,63,1,87,8,2,10,97
09/12/2002,GRI,NE,ACE,CE,Federal Contract Tower,0,22,22,0,44,0,0,21,0,21,0,22,43,0,65,6,0,6,71
09/13/2002,GRI,NE,ACE,CE,Federal Contract Tower,0,13,16,0,29,0,0,5,0,5,0,13,21,0,34,2,0,2,36
09/14/2002,GRI,NE,ACE,CE,Federal Contract Tower,0,8,11,0,19,0,0,4,0,4,0,8,15,0,23,0,0,0,23
09/15/2002,GRI,NE,ACE,CE,Federal Contract Tower,0,7,11,2,20,0,0,34,0,34,0,7,45,2,54,2,4,6,60
09/16/2002,GRI,NE,ACE,CE,Federal Contract Tower,0,14,10,0,24,0,0,29,2,31,0,14,39,2,55,16,8,24,79
09/17/2002,GRI,NE,ACE,CE,Federal Contract Tower,0,17,17,3,37,0,0,21,1,22,0,17,38,4,59,24,22,46,105
09/18/2002,GRI,NE,ACE,CE,Federal Contract Tower,0,23,14,0,37,0,0,35,0,35,0,23,49,0,72,0,0,0,72
09/19/2002,GRI,NE,ACE,CE,Federal Contract Tower,0,24,18,2,44,0,0,17,0,17,0,24,35,2,61,6,0,6,67
09/20/2002,GRI,NE,ACE,CE,Federal Contract Tower,0,18,10,2,30,0,0,34,0,34,0,18,44,2,64,6,14,20,84
09/21/2002,GRI,NE,ACE,CE,Federal Contract Tower,0,12,9,0,21,0,0,19,0,19,0,12,28,0,40,4,0,4,44
09/22/2002,GRI,NE,ACE,CE,Federal Contract Tower,0,7,8,0,15,0,0,38,2,40,0,7,46,2,55,32,0,32,87
09/23/2002,GRI,NE,ACE,CE,Federal Contract Tower,0,12,9,0,21,0,0,10,0,10,0,12,19,0,31,10,0,10,41
09/24/2002,GRI,NE,ACE,CE,Federal Contract Tower,0,16,14,0,30,0,1,11,0,12,0,17,25,0,42,2,0,2,44
09/25/2002,GRI,NE,ACE,CE,Federal Contract Tower,0,20,8,0,28,0,0,18,2,20,0,20,26,2,48,4,0,4,52
09/26/2002,GRI,NE,ACE,CE,Federal Contract Tower,0,20,25,0,45,0,0,4,0,4,0,20,29,0,49,0,0,0,49
09/27/2002,GRI,NE,ACE,CE,Federal Contract Tower,2,22,24,0,48,0,2,31,0,33,2,24,55,0,81,16,0,16,97
09/28/2002,GRI,NE,ACE,CE,Federal Contract Tower,0,8,3,0,11,0,0,2,0,2,0,8,5,0,13,0,0,0,13
09/29/2002,GRI,NE,ACE,CE,Federal Contract Tower,0,5,12,0,17,0,0,13,0,13,0,5,25,0,30,0,0,0,30
09/30/2002,GRI,NE,ACE,CE,Federal Contract Tower,2,16,8,0,26,0,0,20,0,20,2,16,28,0,46,12,0,12,58
10/01/2002,GRI,NE,ACE,CE,Federal Contract Tower,0,19,14,0,33,0,2,21,0,23,0,21,35,0,56,20,0,20,76
10/02/2002,GRI,NE,ACE,CE,Federal Contract Tower,0,21,19,0,40,0,0,0,0,0,0,21,19,0,40,0,0,0,40
10/03/2002,GRI,NE,ACE,CE,Federal Contract Tower,0,21,6,0,27,0,0,0,0,0,0,21,6,0,27,0,0,0,27
10/04/2002,GRI,NE,ACE,CE,Federal Contract Tower,2,17,11,0,30,0,2,14,0,16,2,19,25,0,46,20,0,20,66
10/05/2002,GRI,NE,ACE,CE,Federal Contract Tower,0,8,4,0,12,0,0,26,0,26,0,8,30,0,38,26,0,26,64
10/06/2002,GRI,NE,ACE,CE,Federal Contract Tower,0,5,12,0,17,0,0,13,0,13,0,5,25,0,30,8,0,8,38
10/07/2002,GRI,NE,ACE,CE,Federal Contract Tower,2,12,8,0,22,0,0,11,0,11,2,12,19,0,33,22,0,22,55
10/08/2002,GRI,NE,ACE,CE,Federal Contract Tower,1,18,8,2,29,0,0,13,0,13,1,18,21,2,42,4,10,14,56
10/09/2002,GRI,NE,ACE,CE,Federal Contract Tower,0,20,11,0,31,0,0,25,0,25,0,20,36,0,56,8,0,8,64
10/10/2002,GRI,NE,ACE,CE,Federal Contract Tower,0,20,23,0,43,0,0,35,11,46,0,20,58,11,89,34,2,36,125
10/11/2002,GRI,NE,ACE,CE,Federal Contract Tower,0,13,16,1,30,0,1,17,0,18,0,14,33,1,48,14,0,14,62
10/12/2002,GRI,NE,ACE,CE,Federal Contract Tower,0,11,2,0,13,0,0,11,0,11,0,11,13,0,24,0,0,0,24
10/13/2002,GRI,NE,ACE,CE,Federal Contract Tower,0,4,7,0,11,0,0,29,1,30,0,4,36,1,41,10,2,12,53
10/14/2002,GRI,NE,ACE,CE,Federal Contract Tower,0,12,4,0,16,0,0,19,0,19,0,12,23,0,35,0,0,0,35
10/15/2002,GRI,NE,ACE,CE,Federal Contract Tower,0,20,14,0,34,0,0,33,0,33,0,20,47,0,67,18,0,18,85
10/16/2002,GRI,NE,ACE,CE,Federal Contract Tower,0,19,23,0,42,0,0,7,0,7,0,19,30,0,49,2,0,2,51
10/17/2002,GRI,NE,ACE,CE,Federal Contract Tower,0,21,4,1,26,0,0,29,2,31,0,21,33,3,57,10,28,38,95
10/18/2002,GRI,NE,ACE,CE,Federal Contract Tower,0,16,8,4,28,0,0,43,0,43,0,16,51,4,71,62,0,62,133
10/19/2002,GRI,NE,ACE,CE,Federal Contract Tower,0,9,6,9,24,0,3,42,1,46,0,12,48,10,70,38,4,42,112
10/20/2002,GRI,NE,ACE,CE,Federal Contract Tower,0,3,10,0,13,0,0,14,0,14,0,3,24,0,27,22,0,22,49
10/21/2002,GRI,NE,ACE,CE,Federal Contract Tower,0,17,9,0,26,0,0,5,0,5,0,17,14,0,31,0,0,0,31
10/22/2002,GRI,NE,ACE,CE,Federal Contract Tower,0,17,15,0,32,0,0,2,0,2,0,17,17,0,34,0,0,0,34
10/23/2002,GRI,NE,ACE,CE,Federal Contract Tower,0,20,2,0,22,0,0,0,0,0,0,20,2,0,22,0,0,0,22
10/24/2002,GRI,NE,ACE,CE,Federal Contract Tower,0,21,7,0,28,0,0,0,0,0,0,21,7,0,28,0,0,0,28
10/25/2002,GRI,NE,ACE,CE,Federal Contract Tower,0,19,12,2,33,0,0,13,0,13,0,19,25,2,46,6,0,6,52
10/26/2002,GRI,NE,ACE,CE,Federal Contract Tower,0,8,6,4,18,0,0,24,0,24,0,8,30,4,42,10,0,10,52
10/27/2002,GRI,NE,ACE,CE,Federal Contract Tower,0,4,1,2,7,0,0,0,0,0,0,4,1,2,7,0,0,0,7
10/28/2002,GRI,NE,ACE,CE,Federal Contract Tower,0,17,20,6,43,0,0,8,0,8,0,17,28,6,51,0,0,0,51
10/29/2002,GRI,NE,ACE,CE,Federal Contract Tower,0,18,7,0,25,0,0,0,0,0,0,18,7,0,25,0,0,0,25
10/30/2002,GRI,NE,ACE,CE,Federal Contract Tower,1,18,8,2,29,0,0,0,0,0,1,18,8,2,29,4,0,4,33
10/31/2002,GRI,NE,ACE,CE,Federal Contract Tower,0,18,7,0,25,0,0,8,0,8,0,18,15,0,33,6,4,10,43
11/01/2002,GRI,NE,ACE,CE,Federal Contract Tower,1,14,14,0,29,0,2,30,0,32,1,16,44,0,61,28,0,28,89
11/02/2002,GRI,NE,ACE,CE,Federal Contract Tower,0,8,6,0,14,0,1,26,0,27,0,9,32,0,41,32,0,32,73
11/03/2002,GRI,NE,ACE,CE,Federal Contract Tower,0,4,15,0,19,0,0,12,0,12,0,4,27,0,31,26,0,26,57
11/04/2002,GRI,NE,ACE,CE,Federal Contract Tower,2,17,10,0,29,0,0,11,0,11,2,17,21,0,40,0,0,0,40
11/05/2002,GRI,NE,ACE,CE,Federal Contract Tower,1,17,19,12,49,0,0,10,0,10,1,17,29,12,59,0,14,14,73
11/06/2002,GRI,NE,ACE,CE,Federal Contract Tower,0,21,12,0,33,0,0,21,0,21,0,21,33,0,54,22,2,24,78
11/07/2002,GRI,NE,ACE,CE,Federal Contract Tower,0,16,9,0,25,0,0,31,0,31,0,16,40,0,56,6,0,6,62
11/08/2002,GRI,NE,ACE,CE,Federal Contract Tower,2,16,13,0,31,0,0,37,0,37,2,16,50,0,68,38,0,38,106
11/09/2002,GRI,NE,ACE,CE,Federal Contract Tower,0,10,4,4,18,0,0,29,0,29,0,10,33,4,47,20,12,32,79
11/10/2002,GRI,NE,ACE,CE,Federal Contract Tower,0,3,0,0,3,0,0,6,0,6,0,3,6,0,9,0,0,0,9
11/11/2002,GRI,NE,ACE,CE,Federal Contract Tower,0,15,7,0,22,0,0,16,4,20,0,15,23,4,42,26,0,26,68
11/12/2002,GRI,NE,ACE,CE,Federal Contract Tower,0,21,7,4,32,0,1,21,0,22,0,22,28,4,54,8,2,10,64
11/13/2002,GRI,NE,ACE,CE,Federal Contract Tower,0,18,11,0,29,0,0,22,0,22,0,18,33,0,51,14,0,14,65
11/14/2002,GRI,NE,ACE,CE,Federal Contract Tower,0,17,7,0,24,0,0,16,0,16,0,17,23,0,40,8,0,8,48
11/15/2002,GRI,NE,ACE,CE,Federal Contract Tower,0,16,8,0,24,0,0,19,0,19,0,16,27,0,43,26,0,26,69
11/16/2002,GRI,NE,ACE,CE,Federal Contract Tower,0,9,2,0,11,0,0,41,0,41,0,9,43,0,52,60,0,60,112
11/17/2002,GRI,NE,ACE,CE,Federal Contract Tower,0,3,1,0,4,0,0,32,0,32,0,3,33,0,36,12,0,12,48
11/18/2002,GRI,NE,ACE,CE,Federal Contract Tower,0,15,8,0,23,0,0,6,0,6,0,15,14,0,29,0,0,0,29
11/19/2002,GRI,NE,ACE,CE,Federal Contract Tower,0,19,17,0,36,0,0,36,0,36,0,19,53,0,72,20,0,20,92
11/20/2002,GRI,NE,ACE,CE,Federal Contract Tower,0,21,15,0,36,0,1,23,0,24,0,22,38,0,60,14,0,14,74
11/21/2002,GRI,NE,ACE,CE,Federal Contract Tower,0,16,15,0,31,0,0,4,0,4,0,16,19,0,35,4,0,4,39
11/22/2002,GRI,NE,ACE,CE,Federal Contract Tower,0,12,13,0,25,0,0,20,3,23,0,12,33,3,48,12,10,22,70
11/23/2002,GRI,NE,ACE,CE,Federal Contract Tower,0,5,3,0,8,0,5,18,0,23,0,10,21,0,31,14,0,14,45
11/24/2002,GRI,NE,ACE,CE,Federal Contract Tower,0,3,2,0,5,0,0,5,0,5,0,3,7,0,10,0,0,0,10
11/25/2002,GRI,NE,ACE,CE,Federal Contract Tower,0,13,19,0,32,0,0,25,0,25,0,13,44,0,57,4,0,4,61
11/26/2002,GRI,NE,ACE,CE,Federal Contract Tower,0,24,16,0,40,0,0,0,0,0,0,24,16,0,40,0,0,0,40
11/27/2002,GRI,NE,ACE,CE,Federal Contract Tower,0,21,11,2,34,0,0,24,2,26,0,21,35,4,60,22,22,44,104
11/28/2002,GRI,NE,ACE,CE,Federal Contract Tower,0,3,5,0,8,0,0,25,0,25,0,3,30,0,33,0,0,0,33
11/29/2002,GRI,NE,ACE,CE,Federal Contract Tower,0,16,12,0,28,0,1,23,0,24,0,17,35,0,52,12,0,12,64
11/30/2002,GRI,NE,ACE,CE,Federal Contract Tower,0,8,5,0,13,0,0,21,0,21,0,8,26,0,34,0,0,0,34
12/01/2002,GRI,NE,ACE,CE,Federal Contract Tower,0,11,0,0,11,0,0,48,0,48,0,11,48,0,59,24,0,24,83
12/02/2002,GRI,NE,ACE,CE,Federal Contract Tower,0,12,12,0,24,0,0,15,0,15,0,12,27,0,39,0,0,0,39
12/03/2002,GRI,NE,ACE,CE,Federal Contract Tower,0,17,14,0,31,0,1,11,0,12,0,18,25,0,43,20,0,20,63
12/04/2002,GRI,NE,ACE,CE,Federal Contract Tower,0,17,13,2,32,0,0,7,0,7,0,17,20,2,39,0,0,0,39
12/05/2002,GRI,NE,ACE,CE,Federal Contract Tower,0,19,12,0,31,0,1,17,0,18,0,20,29,0,49,30,0,30,79
12/06/2002,GRI,NE,ACE,CE,Federal Contract Tower,0,17,13,0,30,0,0,22,0,22,0,17,35,0,52,22,0,22,74
12/07/2002,GRI,NE,ACE,CE,Federal Contract Tower,0,11,7,0,18,0,0,31,2,33,0,11,38,2,51,22,0,22,73
12/08/2002,GRI,NE,ACE,CE,Federal Contract Tower,0,3,4,0,7,0,0,20,0,20,0,3,24,0,27,4,0,4,31
12/09/2002,GRI,NE,ACE,CE,Federal Contract Tower,0,11,8,2,21,0,0,18,0,18,0,11,26,2,39,2,0,2,41
12/10/2002,GRI,NE,ACE,CE,Federal Contract Tower,0,20,3,0,23,0,2,11,0,13,0,22,14,0,36,4,0,4,40
12/11/2002,GRI,NE,ACE,CE,Federal Contract Tower,0,22,15,0,37,0,0,5,0,5,0,22,20,0,42,0,0,0,42
12/12/2002,GRI,NE,ACE,CE,Federal Contract Tower,0,16,19,3,38,0,0,20,1,21,0,16,39,4,59,4,0,4,63
12/13/2002,GRI,NE,ACE,CE,Federal Contract Tower,0,14,11,0,25,0,0,23,0,23,0,14,34,0,48,16,0,16,64
12/14/2002,GRI,NE,ACE,CE,Federal Contract Tower,0,9,5,2,16,0,0,15,2,17,0,9,20,4,33,46,2,48,81
12/15/2002,GRI,NE,ACE,CE,Federal Contract Tower,0,3,2,0,5,0,0,18,0,18,0,3,20,0,23,6,0,6,29
12/16/2002,GRI,NE,ACE,CE,Federal Contract Tower,0,14,5,0,19,0,0,12,0,12,0,14,17,0,31,18,0,18,49
12/17/2002,GRI,NE,ACE,CE,Federal Contract Tower,0,13,11,0,24,0,0,2,0,2,0,13,13,0,26,0,0,0,26
12/18/2002,GRI,NE,ACE,CE,Federal Contract Tower,0,17,6,0,23,0,1,19,2,22,0,18,25,2,45,12,0,12,57
12/19/2002,GRI,NE,ACE,CE,Federal Contract Tower,0,15,12,0,27,0,3,24,0,27,0,18,36,0,54,2,0,2,56
12/20/2002,GRI,NE,ACE,CE,Federal Contract Tower,0,16,11,0,27,0,0,18,0,18,0,16,29,0,45,8,0,8,53
12/21/2002,GRI,NE,ACE,CE,Federal Contract Tower,0,12,9,0,21,0,0,13,0,13,0,12,22,0,34,40,0,40,74
12/22/2002,GRI,NE,ACE,CE,Federal Contract Tower,0,6,8,0,14,0,0,16,0,16,0,6,24,0,30,28,0,28,58
12/23/2002,GRI,NE,ACE,CE,Federal Contract Tower,0,15,7,0,22,0,0,23,0,23,0,15,30,0,45,10,0,10,55
12/24/2002,GRI,NE,ACE,CE,Federal Contract Tower,0,18,8,0,26,0,0,24,0,24,0,18,32,0,50,28,0,28,78
12/25/2002,GRI,NE,ACE,CE,Federal Contract Tower,0,4,0,0,4,0,0,17,0,17,0,4,17,0,21,6,0,6,27
12/26/2002,GRI,NE,ACE,CE,Federal Contract Tower,0,18,11,0,29,0,1,20,0,21,0,19,31,0,50,50,0,50,100
12/27/2002,GRI,NE,ACE,CE,Federal Contract Tower,0,15,18,0,33,0,0,24,0,24,0,15,42,0,57,10,0,10,67
12/28/2002,GRI,NE,ACE,CE,Federal Contract Tower,0,8,7,0,15,0,0,28,0,28,0,8,35,0,43,50,0,50,93
12/29/2002,GRI,NE,ACE,CE,Federal Contract Tower,0,3,5,0,8,0,0,13,0,13,0,3,18,0,21,0,0,0,21
12/30/2002,GRI,NE,ACE,CE,Federal Contract Tower,0,12,6,0,18,0,0,2,0,2,0,12,8,0,20,14,0,14,34
12/31/2002,GRI,NE,ACE,CE,Federal Contract Tower,0,12,3,0,15,0,0,26,0,26,0,12,29,0,41,52,0,52,93
01/01/2003,GRI,NE,ACE,CE,Federal Contract Tower,0,4,7,0,11,0,0,0,0,0,0,4,7,0,11,0,0,0,11
01/02/2003,GRI,NE,ACE,CE,Federal Contract Tower,0,18,13,0,31,0,0,7,0,7,0,18,20,0,38,0,0,0,38
01/03/2003,GRI,NE,ACE,CE,Federal Contract Tower,0,14,7,0,21,0,2,34,0,36,0,16,41,0,57,28,0,28,85
01/04/2003,GRI,NE,ACE,CE,Federal Contract Tower,0,8,6,0,14,0,0,4,6,10,0,8,10,6,24,30,0,30,54
01/05/2003,GRI,NE,ACE,CE,Federal Contract Tower,0,7,11,0,18,0,0,12,0,12,0,7,23,0,30,8,0,8,38
01/06/2003,GRI,NE,ACE,CE,Federal Contract Tower,0,14,14,0,28,0,1,10,0,11,0,15,24,0,39,16,0,16,55
01/07/2003,GRI,NE,ACE,CE,Federal Contract Tower,0,16,7,0,23,0,0,27,2,29,0,16,34,2,52,54,4,58,110
01/08/2003,GRI,NE,ACE,CE,Federal Contract Tower,0,16,7,0,23,0,7,16,2,25,0,23,23,2,48,24,6,30,78
01/09/2003,GRI,NE,ACE,CE,Federal Contract Tower,0,15,7,2,24,0,0,8,0,8,0,15,15,2,32,0,8,8,40
01/10/2003,GRI,NE,ACE,CE,Federal Contract Tower,2,16,5,0,23,0,0,13,0,13,2,16,18,0,36,34,0,34,70
01/11/2003,GRI,NE,ACE,CE,Federal Contract Tower,0,12,10,0,22,0,0,10,0,10,0,12,20,0,32,24,0,24,56
01/12/2003,GRI,NE,ACE,CE,Federal Contract Tower,0,4,7,0,11,0,0,20,0,20,0,4,27,0,31,4,0,4,35
01/13/2003,GRI,NE,ACE,CE,Federal Contract Tower,2,12,11,0,25,0,0,18,0,18,2,12,29,0,43,26,0,26,69
01/14/2003,GRI,NE,ACE,CE,Federal Contract Tower,0,16,16,0,32,0,0,24,0,24,0,16,40,0,56,30,0,30,86
01/15/2003,GRI,NE,ACE,CE,Federal Contract Tower,0,16,9,0,25,0,0,3,0,3,0,16,12,0,28,18,0,18,46
01/16/2003,GRI,NE,ACE,CE,Federal Contract Tower,0,15,14,0,29,0,0,13,0,13,0,15,27,0,42,0,0,0,42
01/17/2003,GRI,NE,ACE,CE,Federal Contract Tower,0,17,9,2,28,0,1,11,0,12,0,18,20,2,40,66,0,66,106
01/18/2003,GRI,NE,ACE,CE,Federal Contract Tower,2,10,8,0,20,0,0,6,0,6,2,10,14,0,26,22,0,22,48
01/19/2003,GRI,NE,ACE,CE,Federal Contract Tower,0,3,3,2,8,0,0,23,0,23,0,3,26,2,31,48,0,48,79
01/20/2003,GRI,NE,ACE,CE,Federal Contract Tower,0,12,10,0,22,0,0,1,0,1,0,12,11,0,23,0,0,0,23
01/21/2003,GRI,NE,ACE,CE,Federal Contract Tower,0,16,10,0,26,0,0,3,0,3,0,16,13,0,29,0,0,0,29
01/22/2003,GRI,NE,ACE,CE,Federal Contract Tower,2,17,4,0,23,0,0,0,0,0,2,17,4,0,23,0,0,0,23
01/23/2003,GRI,NE,ACE,CE,Federal Contract Tower,0,16,19,0,35,0,2,13,0,15,0,18,32,0,50,0,0,0,50
01/24/2003,GRI,NE,ACE,CE,Federal Contract Tower,0,16,9,2,27,0,2,12,1,15,0,18,21,3,42,6,0,6,48
01/25/2003,GRI,NE,ACE,CE,Federal Contract Tower,0,10,7,0,17,0,0,8,0,8,0,10,15,0,25,48,0,48,73
01/26/2003,GRI,NE,ACE,CE,Federal Contract Tower,0,3,0,2,5,0,0,2,2,4,0,3,2,4,9,18,0,18,27
01/27/2003,GRI,NE,ACE,CE,Federal Contract Tower,0,12,2,0,14,0,0,13,0,13,0,12,15,0,27,6,0,6,33
01/28/2003,GRI,NE,ACE,CE,Federal Contract Tower,0,17,12,0,29,0,0,2,2,4,0,17,14,2,33,0,0,0,33
01/29/2003,GRI,NE,ACE,CE,Federal Contract Tower,0,16,10,2,28,0,0,1,0,1,0,16,11,2,29,0,0,0,29
01/30/2003,GRI,NE,ACE,CE,Federal Contract Tower,0,14,16,0,30,0,1,15,0,16,0,15,31,0,46,10,0,10,56
01/31/2003,GRI,NE,ACE,CE,Federal Contract Tower,0,15,9,2,26,0,1,9,0,10,0,16,18,2,36,10,12,22,58
02/01/2003,GRI,NE,ACE,CE,Federal Contract Tower,0,12,4,0,16,0,0,42,4,46,0,12,46,4,62,32,4,36,98
02/02/2003,GRI,NE,ACE,CE,Federal Contract Tower,0,5,7,0,12,0,0,2,0,2,0,5,9,0,14,2,0,2,16
02/03/2003,GRI,NE,ACE,CE,Federal Contract Tower,0,11,3,0,14,0,1,0,0,1,0,12,3,0,15,0,0,0,15
02/04/2003,GRI,NE,ACE,CE,Federal Contract Tower,0,18,14,0,32,0,0,3,0,3,0,18,17,0,35,0,0,0,35
02/05/2003,GRI,NE,ACE,CE,Federal Contract Tower,0,18,17,0,35,0,0,9,0,9,0,18,26,0,44,14,0,14,58
02/06/2003,GRI,NE,ACE,CE,Federal Contract Tower,2,17,11,2,32,0,0,13,0,13,2,17,24,2,45,6,0,6,51
02/07/2003,GRI,NE,ACE,CE,Federal Contract Tower,0,14,5,0,19,0,2,19,0,21,0,16,24,0,40,6,0,6,46
02/08/2003,GRI,NE,ACE,CE,Federal Contract Tower,0,12,1,0,13,0,0,14,0,14,0,12,15,0,27,16,0,16,43
02/09/2003,GRI,NE,ACE,CE,Federal Contract Tower,0,3,4,0,7,0,0,6,0,6,0,3,10,0,13,8,0,8,21
02/10/2003,GRI,NE,ACE,CE,Federal Contract Tower,0,17,9,0,26,0,0,6,0,6,0,17,15,0,32,0,0,0,32
02/11/2003,GRI,NE,ACE,CE,Federal Contract Tower,0,18,14,0,32,0,1,17,0,18,0,19,31,0,50,12,0,12,62
02/12/2003,GRI,NE,ACE,CE,Federal Contract Tower,0,19,21,0,40,0,1,38,0,39,0,20,59,0,79,14,0,14,93
02/13/2003,GRI,NE,ACE,CE,Federal Contract Tower,0,18,12,0,30,0,0,30,0,30,0,18,42,0,60,10,0,10,70
02/14/2003,GRI,NE,ACE,CE,Federal Contract Tower,0,16,9,0,25,0,0,0,0,0,0,16,9,0,25,0,0,0,25
02/15/2003,GRI,NE,ACE,CE,Federal Contract Tower,0,9,4,0,13,0,0,9,0,9,0,9,13,0,22,0,0,0,22
02/16/2003,GRI,NE,ACE,CE,Federal Contract Tower,0,5,2,0,7,0,0,15,0,15,0,5,17,0,22,14,0,14,36
02/17/2003,GRI,NE,ACE,CE,Federal Contract Tower,0,15,3,0,18,0,0,17,0,17,0,15,20,0,35,38,0,38,73
02/18/2003,GRI,NE,ACE,CE,Federal Contract Tower,0,23,19,0,42,0,1,23,2,26,0,24,42,2,68,0,2,2,70
02/19/2003,GRI,NE,ACE,CE,Federal Contract Tower,0,19,11,2,32,0,2,21,0,23,0,21,32,2,55,6,6,12,67
02/20/2003,GRI,NE,ACE,CE,Federal Contract Tower,0,15,12,0,27,0,2,23,2,27,0,17,35,2,54,26,0,26,80
02/21/2003,GRI,NE,ACE,CE,Federal Contract Tower,0,11,14,4,29,0,2,32,0,34,0,13,46,4,63,34,0,34,97
02/22/2003,GRI,NE,ACE,CE,Federal Contract Tower,0,11,7,0,18,0,0,0,0,0,0,11,7,0,18,0,0,0,18
02/23/2003,GRI,NE,ACE,CE,Federal Contract Tower,0,3,6,0,9,0,0,1,0,1,0,3,7,0,10,0,0,0,10
02/24/2003,GRI,NE,ACE,CE,Federal Contract Tower,0,13,4,0,17,0,0,2,0,2,0,13,6,0,19,0,0,0,19
02/25/2003,GRI,NE,ACE,CE,Federal Contract Tower,0,23,11,0,34,0,0,12,0,12,0,23,23,0,46,0,0,0,46
02/26/2003,GRI,NE,ACE,CE,Federal Contract Tower,0,18,14,0,32,0,0,19,0,19,0,18,33,0,51,8,0,8,59
02/27/2003,GRI,NE,ACE,CE,Federal Contract Tower,0,18,12,0,30,0,1,8,0,9,0,19,20,0,39,18,0,18,57
02/28/2003,GRI,NE,ACE,CE,Federal Contract Tower,2,21,7,0,30,0,0,9,0,9,2,21,16,0,39,12,0,12,51
03/01/2003,GRI,NE,ACE,CE,Federal Contract Tower,0,10,4,0,14,0,1,15,0,16,0,11,19,0,30,2,0,2,32
03/02/2003,GRI,NE,ACE,CE,Federal Contract Tower,0,3,10,0,13,0,0,16,0,16,0,3,26,0,29,18,0,18,47
03/03/2003,GRI,NE,ACE,CE,Federal Contract Tower,0,15,3,0,18,0,1,15,0,16,0,16,18,0,34,24,0,24,58
03/04/2003,GRI,NE,ACE,CE,Federal Contract Tower,0,23,7,0,30,0,0,0,0,0,0,23,7,0,30,0,0,0,30
03/05/2003,GRI,NE,ACE,CE,Federal Contract Tower,0,19,17,0,36,0,0,10,0,10,0,19,27,0,46,2,0,2,48
03/06/2003,GRI,NE,ACE,CE,Federal Contract Tower,0,16,14,0,30,0,0,29,0,29,0,16,43,0,59,16,0,16,75
03/07/2003,GRI,NE,ACE,CE,Federal Contract Tower,0,13,14,0,27,0,1,32,2,35,0,14,46,2,62,30,0,30,92
03/08/2003,GRI,NE,ACE,CE,Federal Contract Tower,0,9,6,2,17,0,1,1,0,2,0,10,7,2,19,0,2,2,21
03/09/2003,GRI,NE,ACE,CE,Federal Contract Tower,0,4,9,0,13,0,0,23,0,23,0,4,32,0,36,16,0,16,52
03/10/2003,GRI,NE,ACE,CE,Federal Contract Tower,0,15,9,1,25,0,0,15,1,16,0,15,24,2,41,8,8,16,57
03/11/2003,GRI,NE,ACE,CE,Federal Contract Tower,0,22,14,0,36,0,1,33,6,40,0,23,47,6,76,10,0,10,86
03/12/2003,GRI,NE,ACE,CE,Federal Contract Tower,0,19,9,0,28,0,0,3,6,9,0,19,12,6,37,0,0,0,37
03/13/2003,GRI,NE,ACE,CE,Federal Contract Tower,0,27,13,0,40,0,0,26,0,26,0,27,39,0,66,28,0,28,94
03/14/2003,GRI,NE,ACE,CE,Federal Contract Tower,0,18,20,0,38,0,1,35,0,36,0,19,55,0,74,6,0,6,80
03/15/2003,GRI,NE,ACE,CE,Federal Contract Tower,0,8,6,0,14,0,1,18,0,19,0,9,24,0,33,12,0,12,45
03/16/2003,GRI,NE,ACE,CE,Federal Contract Tower,0,3,7,0,10,0,0,24,2,26,0,3,31,2,36,20,0,20,56
03/17/2003,GRI,NE,ACE,CE,Federal Contract Tower,0,13,5,0,18,0,0,6,0,6,0,13,11,0,24,10,0,10,34
03/18/2003,GRI,NE,ACE,CE,Federal Contract Tower,0,12,12,0,24,0,0,1,0,1,0,12,13,0,25,0,0,0,25
03/19/2003,GRI,NE,ACE,CE,Federal Contract Tower,0,16,6,0,22,0,0,0,0,0,0,16,6,0,22,0,0,0,22
03/20/2003,GRI,NE,ACE,CE,Federal Contract Tower,0,13,18,0,31,0,1,13,0,14,0,14,31,0,45,0,0,0,45
03/21/2003,GRI,NE,ACE,CE,Federal Contract Tower,0,12,17,0,29,0,2,29,0,31,0,14,46,0,60,30,0,30,90
03/22/2003,GRI,NE,ACE,CE,Federal Contract Tower,0,10,13,0,23,0,1,40,0,41,0,11,53,0,64,36,0,36,100
03/23/2003,GRI,NE,ACE,CE,Federal Contract Tower,0,3,4,0,7,0,0,28,0,28,0,3,32,0,35,6,0,6,41
03/24/2003,GRI,NE,ACE,CE,Federal Contract Tower,0,17,16,0,33,0,0,18,0,18,0,17,34,0,51,6,0,6,57
03/25/2003,GRI,NE,ACE,CE,Federal Contract Tower,0,16,13,0,29,0,1,24,0,25,0,17,37,0,54,18,0,18,72
03/26/2003,GRI,NE,ACE,CE,Federal Contract Tower,0,16,14,0,30,0,0,15,0,15,0,16,29,0,45,0,0,0,45
03/27/2003,GRI,NE,ACE,CE,Federal Contract Tower,0,15,14,0,29,0,0,0,0,0,0,15,14,0,29,0,0,0,29
03/28/2003,GRI,NE,ACE,CE,Federal Contract Tower,2,16,4,0,22,0,1,7,0,8,2,17,11,0,30,6,0,6,36
03/29/2003,GRI,NE,ACE,CE,Federal Contract Tower,0,9,5,0,14,0,1,9,0,10,0,10,14,0,24,16,0,16,40
03/30/2003,GRI,NE,ACE,CE,Federal Contract Tower,0,5,1,0,6,0,0,33,0,33,0,5,34,0,39,12,0,12,51
03/31/2003,GRI,NE,ACE,CE,Federal Contract Tower,2,13,10,0,25,0,2,19,0,21,2,15,29,0,46,4,0,4,50
04/01/2003,GRI,NE,ACE,CE,Federal Contract Tower,0,17,6,2,25,0,0,22,0,22,0,17,28,2,47,4,0,4,51
04/02/2003,GRI,NE,ACE,CE,Federal Contract Tower,0,22,7,0,29,0,0,17,2,19,0,22,24,2,48,10,0,10,58
04/03/2003,GRI,NE,ACE,CE,Federal Contract Tower,0,13,17,0,30,0,3,9,0,12,0,16,26,0,42,12,0,12,54
04/04/2003,GRI,NE,ACE,CE,Federal Contract Tower,2,14,14,0,30,0,1,5,0,6,2,15,19,0,36,0,0,0,36
04/05/2003,GRI,NE,ACE,CE,Federal Contract Tower,0,8,5,0,13,0,2,15,0,17,0,10,20,0,30,12,0,12,42
04/06/2003,GRI,NE,ACE,CE,Federal Contract Tower,0,0,0,0,0,0,0,0,0,0,0,0,0,0,0,0,0,0,0
04/07/2003,GRI,NE,ACE,CE,Federal Contract Tower,2,16,4,0,22,0,1,1,0,2,2,17,5,0,24,0,0,0,24
04/08/2003,GRI,NE,ACE,CE,Federal Contract Tower,0,22,14,2,38,0,0,28,0,28,0,22,42,2,66,26,18,44,110
04/09/2003,GRI,NE,ACE,CE,Federal Contract Tower,0,18,5,0,23,0,0,31,0,31,0,18,36,0,54,26,0,26,80
04/10/2003,GRI,NE,ACE,CE,Federal Contract Tower,0,18,13,0,31,0,0,34,0,34,0,18,47,0,65,22,0,22,87
04/11/2003,GRI,NE,ACE,CE,Federal Contract Tower,0,14,14,0,28,0,1,21,0,22,0,15,35,0,50,24,0,24,74
04/12/2003,GRI,NE,ACE,CE,Federal Contract Tower,0,9,3,0,12,0,1,22,0,23,0,10,25,0,35,32,0,32,67
04/13/2003,GRI,NE,ACE,CE,Federal Contract Tower,0,5,3,0,8,0,0,17,0,17,0,5,20,0,25,6,0,6,31
04/14/2003,GRI,NE,ACE,CE,Federal Contract Tower,0,14,4,3,21,0,0,17,1,18,0,14,21,4,39,2,4,6,45
04/15/2003,GRI,NE,ACE,CE,Federal Contract Tower,0,16,11,0,27,0,3,19,12,34,0,19,30,12,61,4,0,4,65
04/16/2003,GRI,NE,ACE,CE,Federal Contract Tower,0,17,4,2,23,0,0,5,2,7,0,17,9,4,30,0,2,2,32
04/17/2003,GRI,NE,ACE,CE,Federal Contract Tower,0,18,16,0,34,0,0,33,2,35,0,18,49,2,69,12,0,12,81
04/18/2003,GRI,NE,ACE,CE,Federal Contract Tower,0,17,14,0,31,0,0,0,0,0,0,17,14,0,31,0,0,0,31
04/19/2003,GRI,NE,ACE,CE,Federal Contract Tower,0,9,6,0,15,0,0,11,0,11,0,9,17,0,26,8,0,8,34
04/20/2003,GRI,NE,ACE,CE,Federal Contract Tower,0,3,5,0,8,0,0,3,0,3,0,3,8,0,11,0,0,0,11
04/21/2003,GRI,NE,ACE,CE,Federal Contract Tower,0,15,11,0,26,0,0,50,0,50,0,15,61,0,76,52,0,52,128
04/22/2003,GRI,NE,ACE,CE,Federal Contract Tower,0,21,22,0,43,0,0,18,0,18,0,21,40,0,61,14,0,14,75
04/23/2003,GRI,NE,ACE,CE,Federal Contract Tower,0,19,5,0,24,0,0,1,0,1,0,19,6,0,25,0,0,0,25
04/24/2003,GRI,NE,ACE,CE,Federal Contract Tower,0,21,16,0,37,0,0,0,0,0,0,21,16,0,37,0,0,0,37
04/25/2003,GRI,NE,ACE,CE,Federal Contract Tower,0,15,14,0,29,0,0,29,4,33,0,15,43,4,62,18,8,26,88
04/26/2003,GRI,NE,ACE,CE,Federal Contract Tower,0,9,7,0,16,0,0,31,0,31,0,9,38,0,47,24,0,24,71
04/27/2003,GRI,NE,ACE,CE,Federal Contract Tower,0,5,5,0,10,0,0,21,0,21,0,5,26,0,31,54,0,54,85
04/28/2003,GRI,NE,ACE,CE,Federal Contract Tower,0,15,3,0,18,0,1,21,0,22,0,16,24,0,40,8,0,8,48
04/29/2003,GRI,NE,ACE,CE,Federal Contract Tower,0,19,26,0,45,0,0,2,0,2,0,19,28,0,47,2,0,2,49
04/30/2003,GRI,NE,ACE,CE,Federal Contract Tower,0,18,13,0,31,0,0,0,0,0,0,18,13,0,31,2,0,2,33
05/01/2003,GRI,NE,ACE,CE,Federal Contract Tower,0,18,19,0,37,0,0,12,0,12,0,18,31,0,49,12,0,12,61
05/02/2003,GRI,NE,ACE,CE,Federal Contract Tower,0,16,12,0,28,0,1,26,0,27,0,17,38,0,55,30,0,30,85
05/03/2003,GRI,NE,ACE,CE,Federal Contract Tower,0,8,8,0,16,0,2,10,0,12,0,10,18,0,28,4,0,4,32
05/04/2003,GRI,NE,ACE,CE,Federal Contract Tower,0,3,9,0,12,0,0,2,0,2,0,3,11,0,14,0,0,0,14
05/05/2003,GRI,NE,ACE,CE,Federal Contract Tower,0,19,13,3,35,0,0,17,7,24,0,19,30,10,59,8,4,12,71
05/06/2003,GRI,NE,ACE,CE,Federal Contract Tower,0,16,19,2,37,0,0,21,0,21,0,16,40,2,58,42,0,42,100
05/07/2003,GRI,NE,ACE,CE,Federal Contract Tower,0,19,14,2,35,0,1,26,0,27,0,20,40,2,62,46,0,46,108
05/08/2003,GRI,NE,ACE,CE,Federal Contract Tower,0,25,7,2,34,0,0,0,0,0,0,25,7,2,34,0,0,0,34
05/09/2003,GRI,NE,ACE,CE,Federal Contract Tower,0,17,13,2,32,0,0,28,2,30,0,17,41,4,62,10,4,14,76
05/10/2003,GRI,NE,ACE,CE,Federal Contract Tower,0,12,1,0,13,0,0,0,0,0,0,12,1,0,13,0,0,0,13
05/11/2003,GRI,NE,ACE,CE,Federal Contract Tower,0,4,1,0,5,0,0,8,0,8,0,4,9,0,13,22,0,22,35
05/12/2003,GRI,NE,ACE,CE,Federal Contract Tower,0,14,14,0,28,0,1,37,0,38,0,15,51,0,66,14,0,14,80
05/13/2003,GRI,NE,ACE,CE,Federal Contract Tower,0,23,2,0,25,0,0,29,0,29,0,23,31,0,54,18,0,18,72
05/14/2003,GRI,NE,ACE,CE,Federal Contract Tower,0,15,12,0,27,0,2,16,0,18,0,17,28,0,45,2,0,2,47
05/15/2003,GRI,NE,ACE,CE,Federal Contract Tower,0,16,18,3,37,0,2,23,1,26,0,18,41,4,63,0,2,2,65
05/16/2003,GRI,NE,ACE,CE,Federal Contract Tower,2,16,15,0,33,0,2,13,0,15,2,18,28,0,48,16,0,16,64
05/17/2003,GRI,NE,ACE,CE,Federal Contract Tower,0,7,7,0,14,0,1,17,0,18,0,8,24,0,32,16,0,16,48
05/18/2003,GRI,NE,ACE,CE,Federal Contract Tower,2,3,8,0,13,0,0,16,0,16,2,3,24,0,29,30,0,30,59
05/19/2003,GRI,NE,ACE,CE,Federal Contract Tower,0,16,8,0,24,0,0,5,0,5,0,16,13,0,29,0,0,0,29
05/20/2003,GRI,NE,ACE,CE,Federal Contract Tower,0,21,15,0,36,0,0,39,0,39,0,21,54,0,75,28,0,28,103
05/21/2003,GRI,NE,ACE,CE,Federal Contract Tower,0,17,5,0,22,0,1,31,6,38,0,18,36,6,60,18,4,22,82
05/22/2003,GRI,NE,ACE,CE,Federal Contract Tower,0,18,9,0,27,0,0,28,2,30,0,18,37,2,57,14,0,14,71
05/23/2003,GRI,NE,ACE,CE,Federal Contract Tower,0,25,24,0,49,0,0,6,0,6,0,25,30,0,55,14,0,14,69
05/24/2003,GRI,NE,ACE,CE,Federal Contract Tower,0,11,12,0,23,0,0,2,0,2,0,11,14,0,25,0,0,0,25
05/25/2003,GRI,NE,ACE,CE,Federal Contract Tower,0,3,6,0,9,0,0,48,0,48,0,3,54,0,57,46,0,46,103
05/26/2003,GRI,NE,ACE,CE,Federal Contract Tower,0,12,15,0,27,0,0,22,4,26,0,12,37,4,53,16,0,16,69
05/27/2003,GRI,NE,ACE,CE,Federal Contract Tower,0,20,15,0,35,0,2,31,0,33,0,22,46,0,68,20,0,20,88
05/28/2003,GRI,NE,ACE,CE,Federal Contract Tower,0,18,15,4,37,0,0,27,0,27,0,18,42,4,64,28,0,28,92
05/29/2003,GRI,NE,ACE,CE,Federal Contract Tower,0,20,23,2,45,0,0,41,2,43,0,20,64,4,88,14,0,14,102
05/30/2003,GRI,NE,ACE,CE,Federal Contract Tower,0,13,7,0,20,0,2,34,2,38,0,15,41,2,58,28,0,28,86
05/31/2003,GRI,NE,ACE,CE,Federal Contract Tower,0,9,8,9,26,0,1,28,6,35,0,10,36,15,61,18,18,36,97
06/01/2003,GRI,NE,ACE,CE,Federal Contract Tower,0,2,5,0,7,0,1,43,0,44,0,3,48,0,51,0,0,0,51
06/02/2003,GRI,NE,ACE,CE,Federal Contract Tower,0,13,13,0,26,0,1,1,0,2,0,14,14,0,28,0,0,0,28
06/03/2003,GRI,NE,ACE,CE,Federal Contract Tower,0,18,21,0,39,0,1,17,0,18,0,19,38,0,57,30,0,30,87
06/04/2003,GRI,NE,ACE,CE,Federal Contract Tower,0,22,18,2,42,0,0,10,0,10,0,22,28,2,52,24,0,24,76
06/05/2003,GRI,NE,ACE,CE,Federal Contract Tower,0,15,13,4,32,0,1,27,0,28,0,16,40,4,60,2,0,2,62
06/06/2003,GRI,NE,ACE,CE,Federal Contract Tower,0,15,16,0,31,0,0,20,0,20,0,15,36,0,51,20,0,20,71
06/07/2003,GRI,NE,ACE,CE,Federal Contract Tower,0,11,21,2,34,0,0,2,0,2,0,11,23,2,36,6,0,6,42
06/08/2003,GRI,NE,ACE,CE,Federal Contract Tower,0,3,7,2,12,0,0,23,0,23,0,3,30,2,35,30,4,34,69
06/09/2003,GRI,NE,ACE,CE,Federal Contract Tower,0,17,11,0,28,0,0,23,0,23,0,17,34,0,51,2,0,2,53
06/10/2003,GRI,NE,ACE,CE,Federal Contract Tower,0,21,14,0,35,0,0,20,0,20,0,21,34,0,55,16,0,16,71
06/11/2003,GRI,NE,ACE,CE,Federal Contract Tower,0,17,11,0,28,0,0,16,2,18,0,17,27,2,46,6,0,6,52
06/12/2003,GRI,NE,ACE,CE,Federal Contract Tower,0,19,22,2,43,0,0,30,0,30,0,19,52,2,73,22,4,26,99
06/13/2003,GRI,NE,ACE,CE,Federal Contract Tower,0,18,12,2,32,0,1,34,0,35,0,19,46,2,67,28,0,28,95
06/14/2003,GRI,NE,ACE,CE,Federal Contract Tower,0,11,10,1,22,0,0,21,1,22,0,11,31,2,44,0,0,0,44
06/15/2003,GRI,NE,ACE,CE,Federal Contract Tower,0,8,16,2,26,0,0,28,2,30,0,8,44,4,56,14,4,18,74
06/16/2003,GRI,NE,ACE,CE,Federal Contract Tower,0,14,14,4,32,0,0,23,0,23,0,14,37,4,55,24,2,26,81
06/17/2003,GRI,NE,ACE,CE,Federal Contract Tower,0,18,11,0,29,0,0,13,0,13,0,18,24,0,42,24,0,24,66
06/18/2003,GRI,NE,ACE,CE,Federal Contract Tower,0,20,12,0,32,0,1,20,0,21,0,21,32,0,53,18,0,18,71
06/19/2003,GRI,NE,ACE,CE,Federal Contract Tower,0,16,15,0,31,0,0,17,2,19,0,16,32,2,50,0,0,0,50
06/20/2003,GRI,NE,ACE,CE,Federal Contract Tower,0,13,17,4,34,0,0,10,0,10,0,13,27,4,44,2,0,2,46
06/21/2003,GRI,NE,ACE,CE,Federal Contract Tower,2,9,3,4,18,0,0,164,4,168,2,9,167,8,186,12,0,12,198
06/22/2003,GRI,NE,ACE,CE,Federal Contract Tower,0,3,9,2,14,0,0,13,0,13,0,3,22,2,27,0,0,0,27
06/23/2003,GRI,NE,ACE,CE,Federal Contract Tower,0,15,8,0,23,0,0,17,2,19,0,15,25,2,42,6,4,10,52
06/24/2003,GRI,NE,ACE,CE,Federal Contract Tower,2,19,13,0,34,0,1,8,2,11,2,20,21,2,45,10,2,12,57
06/25/2003,GRI,NE,ACE,CE,Federal Contract Tower,0,16,26,0,42,0,1,5,0,6,0,17,31,0,48,8,0,8,56
06/26/2003,GRI,NE,ACE,CE,Federal Contract Tower,0,24,26,1,51,0,0,17,0,17,0,24,43,1,68,2,0,2,70
06/27/2003,GRI,NE,ACE,CE,Federal Contract Tower,0,15,10,2,27,0,1,38,2,41,0,16,48,4,68,10,0,10,78
06/28/2003,GRI,NE,ACE,CE,Federal Contract Tower,0,8,5,0,13,0,2,28,2,32,0,10,33,2,45,32,0,32,77
06/29/2003,GRI,NE,ACE,CE,Federal Contract Tower,0,5,7,0,12,0,0,24,0,24,0,5,31,0,36,8,0,8,44
06/30/2003,GRI,NE,ACE,CE,Federal Contract Tower,0,17,12,6,35,0,0,32,0,32,0,17,44,6,67,10,0,10,77
07/01/2003,GRI,NE,ACE,CE,Federal Contract Tower,0,22,23,1,46,0,1,22,1,24,0,23,45,2,70,4,0,4,74
07/02/2003,GRI,NE,ACE,CE,Federal Contract Tower,0,22,18,4,44,0,1,35,0,36,0,23,53,4,80,8,0,8,88
07/03/2003,GRI,NE,ACE,CE,Federal Contract Tower,0,18,16,0,34,0,1,39,0,40,0,19,55,0,74,12,0,12,86
07/04/2003,GRI,NE,ACE,CE,Federal Contract Tower,0,8,2,0,10,0,0,12,0,12,0,8,14,0,22,2,0,2,24
07/05/2003,GRI,NE,ACE,CE,Federal Contract Tower,0,9,2,0,11,0,1,22,0,23,0,10,24,0,34,18,0,18,52
07/06/2003,GRI,NE,ACE,CE,Federal Contract Tower,0,7,15,0,22,0,0,21,0,21,0,7,36,0,43,4,0,4,47
07/07/2003,GRI,NE,ACE,CE,Federal Contract Tower,0,14,26,1,41,0,2,12,1,15,0,16,38,2,56,0,4,4,60
07/08/2003,GRI,NE,ACE,CE,Federal Contract Tower,0,20,10,2,32,0,0,16,2,18,0,20,26,4,50,18,6,24,74
07/09/2003,GRI,NE,ACE,CE,Federal Contract Tower,0,19,11,0,30,0,0,9,0,9,0,19,20,0,39,0,0,0,39
07/10/2003,GRI,NE,ACE,CE,Federal Contract Tower,0,17,20,0,37,0,0,28,0,28,0,17,48,0,65,6,0,6,71
07/11/2003,GRI,NE,ACE,CE,Federal Contract Tower,0,21,11,0,32,0,2,32,0,34,0,23,43,0,66,0,0,0,66
07/12/2003,GRI,NE,ACE,CE,Federal Contract Tower,0,8,9,0,17,0,1,32,8,41,0,9,41,8,58,10,0,10,68
07/13/2003,GRI,NE,ACE,CE,Federal Contract Tower,0,7,0,0,7,0,0,37,0,37,0,7,37,0,44,8,0,8,52
07/14/2003,GRI,NE,ACE,CE,Federal Contract Tower,0,19,11,0,30,0,0,22,0,22,0,19,33,0,52,2,0,2,54
07/15/2003,GRI,NE,ACE,CE,Federal Contract Tower,0,21,18,1,40,0,0,34,1,35,0,21,52,2,75,12,0,12,87
07/16/2003,GRI,NE,ACE,CE,Federal Contract Tower,0,18,11,0,29,0,0,28,0,28,0,18,39,0,57,6,0,6,63
07/17/2003,GRI,NE,ACE,CE,Federal Contract Tower,0,22,25,0,47,0,0,26,2,28,0,22,51,2,75,16,0,16,91
07/18/2003,GRI,NE,ACE,CE,Federal Contract Tower,0,21,9,0,30,0,0,12,0,12,0,21,21,0,42,12,0,12,54
07/19/2003,GRI,NE,ACE,CE,Federal Contract Tower,0,10,16,0,26,0,0,5,0,5,0,10,21,0,31,12,0,12,43
07/20/2003,GRI,NE,ACE,CE,Federal Contract Tower,0,3,22,0,25,0,0,8,0,8,0,3,30,0,33,12,0,12,45
07/21/2003,GRI,NE,ACE,CE,Federal Contract Tower,0,18,9,0,27,0,0,21,0,21,0,18,30,0,48,10,0,10,58
07/22/2003,GRI,NE,ACE,CE,Federal Contract Tower,0,19,19,0,38,0,0,47,0,47,0,19,66,0,85,32,0,32,117
07/23/2003,GRI,NE,ACE,CE,Federal Contract Tower,2,17,28,0,47,0,1,28,8,37,2,18,56,8,84,20,0,20,104
07/24/2003,GRI,NE,ACE,CE,Federal Contract Tower,0,24,12,2,38,0,0,43,0,43,0,24,55,2,81,4,2,6,87
07/25/2003,GRI,NE,ACE,CE,Federal Contract Tower,0,15,9,4,28,0,0,33,0,33,0,15,42,4,61,24,0,24,85
07/26/2003,GRI,NE,ACE,CE,Federal Contract Tower,0,12,8,2,22,0,0,27,0,27,0,12,35,2,49,4,4,8,57
07/27/2003,GRI,NE,ACE,CE,Federal Contract Tower,0,3,8,0,11,0,0,14,0,14,0,3,22,0,25,6,0,6,31
07/28/2003,GRI,NE,ACE,CE,Federal Contract Tower,0,17,16,0,33,0,0,38,0,38,0,17,54,0,71,12,0,12,83
07/29/2003,GRI,NE,ACE,CE,Federal Contract Tower,0,16,19,0,35,0,1,32,0,33,0,17,51,0,68,26,0,26,94
07/30/2003,GRI,NE,ACE,CE,Federal Contract Tower,0,19,19,6,44,0,1,41,0,42,0,20,60,6,86,4,2,6,92
07/31/2003,GRI,NE,ACE,CE,Federal Contract Tower,0,18,10,2,30,0,0,29,2,31,0,18,39,4,61,8,0,8,69
08/01/2003,GRI,NE,ACE,CE,Federal Contract Tower,0,21,14,2,37,0,0,20,0,20,0,21,34,2,57,0,0,0,57
08/02/2003,GRI,NE,ACE,CE,Federal Contract Tower,0,12,9,0,21,0,1,32,0,33,0,13,41,0,54,14,0,14,68
08/03/2003,GRI,NE,ACE,CE,Federal Contract Tower,0,6,17,0,23,0,1,20,2,23,0,7,37,2,46,6,0,6,52
08/04/2003,GRI,NE,ACE,CE,Federal Contract Tower,0,15,14,0,29,0,1,9,2,12,0,16,23,2,41,0,0,0,41
08/05/2003,GRI,NE,ACE,CE,Federal Contract Tower,0,18,13,2,33,0,0,37,12,49,0,18,50,14,82,0,2,2,84
08/06/2003,GRI,NE,ACE,CE,Federal Contract Tower,0,20,15,0,35,0,1,29,0,30,0,21,44,0,65,2,0,2,67
08/07/2003,GRI,NE,ACE,CE,Federal Contract Tower,0,16,16,1,33,0,0,27,1,28,0,16,43,2,61,2,6,8,69
08/08/2003,GRI,NE,ACE,CE,Federal Contract Tower,0,16,8,0,24,0,0,19,0,19,0,16,27,0,43,4,0,4,47
08/09/2003,GRI,NE,ACE,CE,Federal Contract Tower,0,9,11,6,26,0,1,24,0,25,0,10,35,6,51,2,2,4,55
08/10/2003,GRI,NE,ACE,CE,Federal Contract Tower,0,9,14,0,23,0,0,8,0,8,0,9,22,0,31,10,0,10,41
08/11/2003,GRI,NE,ACE,CE,Federal Contract Tower,0,21,5,0,26,0,0,12,0,12,0,21,17,0,38,14,0,14,52
08/12/2003,GRI,NE,ACE,CE,Federal Contract Tower,0,17,10,0,27,0,1,36,0,37,0,18,46,0,64,2,0,2,66
08/13/2003,GRI,NE,ACE,CE,Federal Contract Tower,0,18,22,2,42,0,1,21,0,22,0,19,43,2,64,2,0,2,66
08/14/2003,GRI,NE,ACE,CE,Federal Contract Tower,2,22,16,0,40,0,3,32,0,35,2,25,48,0,75,6,0,6,81
08/15/2003,GRI,NE,ACE,CE,Federal Contract Tower,0,16,2,0,18,0,0,23,0,23,0,16,25,0,41,6,0,6,47
08/16/2003,GRI,NE,ACE,CE,Federal Contract Tower,0,10,8,2,20,0,1,33,0,34,0,11,41,2,54,4,0,4,58
08/17/2003,GRI,NE,ACE,CE,Federal Contract Tower,2,3,10,0,15,0,0,16,0,16,2,3,26,0,31,0,0,0,31
08/18/2003,GRI,NE,ACE,CE,Federal Contract Tower,0,16,13,0,29,0,0,20,0,20,0,16,33,0,49,14,0,14,63
08/19/2003,GRI,NE,ACE,CE,Federal Contract Tower,0,20,12,0,32,0,0,12,2,14,0,20,24,2,46,2,0,2,48
08/20/2003,GRI,NE,ACE,CE,Federal Contract Tower,0,20,18,2,40,0,0,28,0,28,0,20,46,2,68,8,0,8,76
08/21/2003,GRI,NE,ACE,CE,Federal Contract Tower,0,18,20,2,40,0,0,24,0,24,0,18,44,2,64,8,0,8,72
08/22/2003,GRI,NE,ACE,CE,Federal Contract Tower,0,15,14,0,29,0,0,19,0,19,0,15,33,0,48,8,0,8,56
08/23/2003,GRI,NE,ACE,CE,Federal Contract Tower,0,7,7,0,14,0,3,40,0,43,0,10,47,0,57,24,0,24,81
08/24/2003,GRI,NE,ACE,CE,Federal Contract Tower,0,5,4,0,9,0,0,9,2,11,0,5,13,2,20,10,0,10,30
08/25/2003,GRI,NE,ACE,CE,Federal Contract Tower,0,20,12,0,32,0,0,26,0,26,0,20,38,0,58,6,0,6,64
08/26/2003,GRI,NE,ACE,CE,Federal Contract Tower,0,17,13,0,30,0,1,8,0,9,0,18,21,0,39,4,0,4,43
08/27/2003,GRI,NE,ACE,CE,Federal Contract Tower,0,20,15,0,35,0,0,26,0,26,0,20,41,0,61,2,0,2,63
08/28/2003,GRI,NE,ACE,CE,Federal Contract Tower,0,18,15,0,33,0,0,24,2,26,0,18,39,2,59,16,0,16,75
08/29/2003,GRI,NE,ACE,CE,Federal Contract Tower,0,15,10,1,26,0,0,34,1,35,0,15,44,2,61,18,0,18,79
08/30/2003,GRI,NE,ACE,CE,Federal Contract Tower,0,10,12,0,22,0,0,20,0,20,0,10,32,0,42,6,0,6,48
08/31/2003,GRI,NE,ACE,CE,Federal Contract Tower,0,2,7,0,9,0,0,5,0,5,0,2,12,0,14,0,0,0,14
09/01/2003,GRI,NE,ACE,CE,Federal Contract Tower,0,10,18,0,28,0,0,26,0,26,0,10,44,0,54,18,0,18,72
09/02/2003,GRI,NE,ACE,CE,Federal Contract Tower,0,18,16,2,36,0,0,30,0,30,0,18,46,2,66,14,8,22,88
09/03/2003,GRI,NE,ACE,CE,Federal Contract Tower,0,21,11,0,32,0,0,17,2,19,0,21,28,2,51,22,0,22,73
09/04/2003,GRI,NE,ACE,CE,Federal Contract Tower,0,18,17,0,35,0,0,15,0,15,0,18,32,0,50,12,0,12,62
09/05/2003,GRI,NE,ACE,CE,Federal Contract Tower,0,15,15,0,30,0,1,40,0,41,0,16,55,0,71,18,0,18,89
09/06/2003,GRI,NE,ACE,CE,Federal Contract Tower,0,9,6,0,15,0,1,10,0,11,0,10,16,0,26,4,0,4,30
09/07/2003,GRI,NE,ACE,CE,Federal Contract Tower,0,5,0,0,5,0,0,33,0,33,0,5,33,0,38,8,0,8,46
09/08/2003,GRI,NE,ACE,CE,Federal Contract Tower,0,14,8,0,22,0,1,33,0,34,0,15,41,0,56,36,0,36,92
09/09/2003,GRI,NE,ACE,CE,Federal Contract Tower,0,21,21,0,42,0,0,11,0,11,0,21,32,0,53,0,0,0,53
09/10/2003,GRI,NE,ACE,CE,Federal Contract Tower,0,16,22,0,38,0,0,18,0,18,0,16,40,0,56,0,0,0,56
09/11/2003,GRI,NE,ACE,CE,Federal Contract Tower,0,19,23,0,42,0,0,19,0,19,0,19,42,0,61,12,0,12,73
09/12/2003,GRI,NE,ACE,CE,Federal Contract Tower,0,18,12,0,30,0,0,51,0,51,0,18,63,0,81,48,0,48,129
09/13/2003,GRI,NE,ACE,CE,Federal Contract Tower,0,8,7,0,15,0,1,25,3,29,0,9,32,3,44,28,0,28,72
09/14/2003,GRI,NE,ACE,CE,Federal Contract Tower,0,3,9,0,12,0,0,31,0,31,0,3,40,0,43,12,0,12,55
09/15/2003,GRI,NE,ACE,CE,Federal Contract Tower,0,14,19,0,33,0,0,36,0,36,0,14,55,0,69,64,0,64,133
09/16/2003,GRI,NE,ACE,CE,Federal Contract Tower,0,20,15,0,35,0,0,33,4,37,0,20,48,4,72,38,0,38,110
09/17/2003,GRI,NE,ACE,CE,Federal Contract Tower,0,21,12,0,33,0,0,14,5,19,0,21,26,5,52,2,0,2,54
09/18/2003,GRI,NE,ACE,CE,Federal Contract Tower,0,17,26,0,43,0,0,10,3,13,0,17,36,3,56,18,0,18,74
09/19/2003,GRI,NE,ACE,CE,Federal Contract Tower,0,17,13,2,32,0,2,35,4,41,0,19,48,6,73,44,0,44,117
09/20/2003,GRI,NE,ACE,CE,Federal Contract Tower,0,8,5,0,13,0,2,21,0,23,0,10,26,0,36,14,0,14,50
09/21/2003,GRI,NE,ACE,CE,Federal Contract Tower,0,3,12,2,17,0,0,27,0,27,0,3,39,2,44,16,0,16,60
09/22/2003,GRI,NE,ACE,CE,Federal Contract Tower,0,15,9,0,24,0,0,21,0,21,0,15,30,0,45,2,0,2,47
09/23/2003,GRI,NE,ACE,CE,Federal Contract Tower,0,19,23,0,42,0,1,30,0,31,0,20,53,0,73,20,0,20,93
09/24/2003,GRI,NE,ACE,CE,Federal Contract Tower,0,24,15,2,41,0,1,21,0,22,0,25,36,2,63,2,0,2,65
09/25/2003,GRI,NE,ACE,CE,Federal Contract Tower,0,18,13,0,31,0,0,24,2,26,0,18,37,2,57,0,0,0,57
09/26/2003,GRI,NE,ACE,CE,Federal Contract Tower,0,18,11,0,29,0,1,39,0,40,0,19,50,0,69,16,0,16,85
09/27/2003,GRI,NE,ACE,CE,Federal Contract Tower,0,6,3,0,9,0,2,13,0,15,0,8,16,0,24,8,0,8,32
09/28/2003,GRI,NE,ACE,CE,Federal Contract Tower,2,7,13,0,22,0,0,29,0,29,2,7,42,0,51,14,0,14,65
09/29/2003,GRI,NE,ACE,CE,Federal Contract Tower,0,17,5,0,22,0,0,12,0,12,0,17,17,0,34,24,0,24,58
09/30/2003,GRI,NE,ACE,CE,Federal Contract Tower,0,18,17,0,35,0,0,8,4,12,0,18,25,4,47,2,0,2,49
10/01/2003,GRI,NE,ACE,CE,Federal Contract Tower,0,19,16,0,35,0,3,25,0,28,0,22,41,0,63,32,0,32,95
10/02/2003,GRI,NE,ACE,CE,Federal Contract Tower,1,16,13,0,30,1,2,13,2,18,2,18,26,2,48,6,4,10,58
10/03/2003,GRI,NE,ACE,CE,Federal Contract Tower,0,13,12,0,25,0,3,11,1,15,0,16,23,1,40,6,2,8,48
10/04/2003,GRI,NE,ACE,CE,Federal Contract Tower,1,5,5,0,11,0,4,14,2,20,1,9,19,2,31,18,2,20,51
10/05/2003,GRI,NE,ACE,CE,Federal Contract Tower,1,5,6,0,12,0,0,27,0,27,1,5,33,0,39,18,0,18,57
10/06/2003,GRI,NE,ACE,CE,Federal Contract Tower,0,12,10,0,22,0,2,16,2,20,0,14,26,2,42,8,0,8,50
10/07/2003,GRI,NE,ACE,CE,Federal Contract Tower,0,15,12,0,27,0,2,20,0,22,0,17,32,0,49,14,0,14,63
10/08/2003,GRI,NE,ACE,CE,Federal Contract Tower,0,16,13,0,29,0,2,10,0,12,0,18,23,0,41,0,0,0,41
10/09/2003,GRI,NE,ACE,CE,Federal Contract Tower,0,15,12,0,27,0,0,25,0,25,0,15,37,0,52,40,0,40,92
10/10/2003,GRI,NE,ACE,CE,Federal Contract Tower,0,19,19,0,38,0,0,14,0,14,0,19,33,0,52,0,0,0,52
10/11/2003,GRI,NE,ACE,CE,Federal Contract Tower,0,12,11,0,23,0,0,9,0,9,0,12,20,0,32,0,0,0,32
10/12/2003,GRI,NE,ACE,CE,Federal Contract Tower,0,3,3,0,6,0,0,40,0,40,0,3,43,0,46,18,0,18,64
10/13/2003,GRI,NE,ACE,CE,Federal Contract Tower,0,10,9,1,20,0,4,14,1,19,0,14,23,2,39,30,2,32,71
10/14/2003,GRI,NE,ACE,CE,Federal Contract Tower,0,16,14,1,31,0,1,17,9,27,0,17,31,10,58,24,0,24,82
10/15/2003,GRI,NE,ACE,CE,Federal Contract Tower,0,15,12,0,27,0,5,14,0,19,0,20,26,0,46,52,0,52,98
10/16/2003,GRI,NE,ACE,CE,Federal Contract Tower,0,22,20,0,42,2,0,12,0,14,2,22,32,0,56,2,0,2,58
10/17/2003,GRI,NE,ACE,CE,Federal Contract Tower,0,16,14,0,30,0,2,26,0,28,0,18,40,0,58,24,0,24,82
10/18/2003,GRI,NE,ACE,CE,Federal Contract Tower,0,6,3,0,9,0,2,32,0,34,0,8,35,0,43,4,0,4,47
10/19/2003,GRI,NE,ACE,CE,Federal Contract Tower,0,5,6,0,11,2,0,33,0,35,2,5,39,0,46,10,0,10,56
10/20/2003,GRI,NE,ACE,CE,Federal Contract Tower,0,14,11,0,25,0,6,22,0,28,0,20,33,0,53,22,0,22,75
10/21/2003,GRI,NE,ACE,CE,Federal Contract Tower,0,20,16,1,37,0,1,21,3,25,0,21,37,4,62,10,0,10,72
10/22/2003,GRI,NE,ACE,CE,Federal Contract Tower,0,17,14,0,31,0,5,30,0,35,0,22,44,0,66,16,0,16,82
10/23/2003,GRI,NE,ACE,CE,Federal Contract Tower,0,15,12,0,27,0,1,36,2,39,0,16,48,2,66,36,0,36,102
10/24/2003,GRI,NE,ACE,CE,Federal Contract Tower,0,19,20,0,39,0,0,27,0,27,0,19,47,0,66,0,0,0,66
10/25/2003,GRI,NE,ACE,CE,Federal Contract Tower,0,6,4,0,10,0,1,14,3,18,0,7,18,3,28,0,0,0,28
10/26/2003,GRI,NE,ACE,CE,Federal Contract Tower,0,3,6,0,9,0,0,15,2,17,0,3,21,2,26,0,0,0,26
10/27/2003,GRI,NE,ACE,CE,Federal Contract Tower,0,14,14,0,28,0,0,14,2,16,0,14,28,2,44,0,0,0,44
10/28/2003,GRI,NE,ACE,CE,Federal Contract Tower,0,17,14,0,31,0,3,14,0,17,0,20,28,0,48,18,0,18,66
10/29/2003,GRI,NE,ACE,CE,Federal Contract Tower,0,17,14,0,31,0,4,8,1,13,0,21,22,1,44,0,0,0,44
10/30/2003,GRI,NE,ACE,CE,Federal Contract Tower,0,11,8,0,19,0,0,5,0,5,0,11,13,0,24,4,0,4,28
10/31/2003,GRI,NE,ACE,CE,Federal Contract Tower,0,9,12,0,21,0,0,18,0,18,0,9,30,0,39,6,0,6,45
11/01/2003,GRI,NE,ACE,CE,Federal Contract Tower,0,5,4,0,9,0,2,5,4,11,0,7,9,4,20,0,0,0,20
11/02/2003,GRI,NE,ACE,CE,Federal Contract Tower,0,5,5,0,10,0,0,10,0,10,0,5,15,0,20,2,0,2,22
11/03/2003,GRI,NE,ACE,CE,Federal Contract Tower,1,13,8,0,22,1,2,0,0,3,2,15,8,0,25,0,0,0,25
11/04/2003,GRI,NE,ACE,CE,Federal Contract Tower,0,15,17,0,32,0,3,18,0,21,0,18,35,0,53,14,0,14,67
11/05/2003,GRI,NE,ACE,CE,Federal Contract Tower,0,16,13,0,29,0,5,15,0,20,0,21,28,0,49,0,0,0,49
11/06/2003,GRI,NE,ACE,CE,Federal Contract Tower,0,20,16,0,36,0,0,17,0,17,0,20,33,0,53,8,0,8,61
11/07/2003,GRI,NE,ACE,CE,Federal Contract Tower,1,16,14,0,31,1,0,30,2,33,2,16,44,2,64,24,0,24,88
11/08/2003,GRI,NE,ACE,CE,Federal Contract Tower,0,8,4,0,12,0,2,25,0,27,0,10,29,0,39,34,0,34,73
11/09/2003,GRI,NE,ACE,CE,Federal Contract Tower,0,5,3,0,8,0,0,12,0,12,0,5,15,0,20,6,0,6,26
11/10/2003,GRI,NE,ACE,CE,Federal Contract Tower,0,14,13,0,27,0,0,4,0,4,0,14,17,0,31,2,0,2,33
11/11/2003,GRI,NE,ACE,CE,Federal Contract Tower,0,19,14,0,33,0,1,14,5,20,0,20,28,5,53,0,2,2,55
11/12/2003,GRI,NE,ACE,CE,Federal Contract Tower,0,16,8,0,24,0,4,0,4,8,0,20,8,4,32,0,0,0,32
11/13/2003,GRI,NE,ACE,CE,Federal Contract Tower,0,19,20,0,39,0,0,27,0,27,0,19,47,0,66,18,0,18,84
11/14/2003,GRI,NE,ACE,CE,Federal Contract Tower,0,18,14,0,32,0,0,18,2,20,0,18,32,2,52,14,6,20,72
11/15/2003,GRI,NE,ACE,CE,Federal Contract Tower,0,8,6,0,14,0,2,42,0,44,0,10,48,0,58,8,0,8,66
11/16/2003,GRI,NE,ACE,CE,Federal Contract Tower,0,3,5,0,8,0,0,32,2,34,0,3,37,2,42,36,0,36,78
11/17/2003,GRI,NE,ACE,CE,Federal Contract Tower,0,12,16,0,28,0,0,23,2,25,0,12,39,2,53,14,0,14,67
11/18/2003,GRI,NE,ACE,CE,Federal Contract Tower,0,19,15,0,34,2,0,11,2,15,2,19,26,2,49,0,0,0,49
11/19/2003,GRI,NE,ACE,CE,Federal Contract Tower,0,18,14,0,32,0,4,12,1,17,0,22,26,1,49,6,0,6,55
11/20/2003,GRI,NE,ACE,CE,Federal Contract Tower,0,19,16,0,35,0,0,20,5,25,0,19,36,5,60,6,0,6,66
11/21/2003,GRI,NE,ACE,CE,Federal Contract Tower,0,14,10,0,24,2,1,12,0,15,2,15,22,0,39,8,0,8,47
11/22/2003,GRI,NE,ACE,CE,Federal Contract Tower,0,7,6,0,13,0,0,6,0,6,0,7,12,0,19,0,0,0,19
11/23/2003,GRI,NE,ACE,CE,Federal Contract Tower,0,2,0,0,2,0,1,0,0,1,0,3,0,0,3,0,0,0,3
11/24/2003,GRI,NE,ACE,CE,Federal Contract Tower,0,12,10,0,22,0,2,15,0,17,0,14,25,0,39,6,0,6,45
11/25/2003,GRI,NE,ACE,CE,Federal Contract Tower,0,16,13,0,29,0,2,15,0,17,0,18,28,0,46,12,0,12,58
11/26/2003,GRI,NE,ACE,CE,Federal Contract Tower,0,16,12,0,28,0,2,12,0,14,0,18,24,0,42,6,0,6,48
11/27/2003,GRI,NE,ACE,CE,Federal Contract Tower,0,4,2,0,6,0,2,7,0,9,0,6,9,0,15,4,0,4,19
11/28/2003,GRI,NE,ACE,CE,Federal Contract Tower,0,11,8,0,19,0,6,5,0,11,0,17,13,0,30,0,0,0,30
11/29/2003,GRI,NE,ACE,CE,Federal Contract Tower,0,11,9,0,20,0,0,14,0,14,0,11,23,0,34,0,0,0,34
11/30/2003,GRI,NE,ACE,CE,Federal Contract Tower,0,4,4,0,8,0,0,17,0,17,0,4,21,0,25,12,0,12,37
12/01/2003,GRI,NE,ACE,CE,Federal Contract Tower,0,13,10,0,23,0,1,11,2,14,0,14,21,2,37,12,0,12,49
12/02/2003,GRI,NE,ACE,CE,Federal Contract Tower,0,20,17,0,37,0,0,8,0,8,0,20,25,0,45,8,0,8,53
12/03/2003,GRI,NE,ACE,CE,Federal Contract Tower,0,18,17,0,35,0,0,3,0,3,0,18,20,0,38,0,0,0,38
12/04/2003,GRI,NE,ACE,CE,Federal Contract Tower,0,18,11,0,29,0,6,0,0,6,0,24,11,0,35,0,0,0,35
12/05/2003,GRI,NE,ACE,CE,Federal Contract Tower,0,18,17,0,35,0,0,25,0,25,0,18,42,0,60,6,0,6,66
12/06/2003,GRI,NE,ACE,CE,Federal Contract Tower,0,7,6,0,13,0,1,5,0,6,0,8,11,0,19,4,0,4,23
12/07/2003,GRI,NE,ACE,CE,Federal Contract Tower,0,2,1,0,3,0,1,21,0,22,0,3,22,0,25,16,0,16,41
12/08/2003,GRI,NE,ACE,CE,Federal Contract Tower,0,14,11,1,26,0,0,1,1,2,0,14,12,2,28,0,0,0,28
12/09/2003,GRI,NE,ACE,CE,Federal Contract Tower,0,16,9,0,25,0,5,0,0,5,0,21,9,0,30,0,0,0,30
12/10/2003,GRI,NE,ACE,CE,Federal Contract Tower,0,11,9,0,20,0,7,5,0,12,0,18,14,0,32,20,0,20,52
12/11/2003,GRI,NE,ACE,CE,Federal Contract Tower,0,16,12,0,28,0,2,4,0,6,0,18,16,0,34,0,0,0,34
12/12/2003,GRI,NE,ACE,CE,Federal Contract Tower,0,19,14,0,33,0,1,7,0,8,0,20,21,0,41,4,0,4,45
12/13/2003,GRI,NE,ACE,CE,Federal Contract Tower,0,4,2,0,6,0,4,0,0,4,0,8,2,0,10,0,0,0,10
12/14/2003,GRI,NE,ACE,CE,Federal Contract Tower,0,3,5,1,9,0,0,19,1,20,0,3,24,2,29,4,0,4,33
12/15/2003,GRI,NE,ACE,CE,Federal Contract Tower,0,11,9,0,20,0,0,4,0,4,0,11,13,0,24,0,0,0,24
12/16/2003,GRI,NE,ACE,CE,Federal Contract Tower,0,19,16,1,36,0,0,16,3,19,0,19,32,4,55,10,0,10,65
12/17/2003,GRI,NE,ACE,CE,Federal Contract Tower,0,21,14,1,36,0,3,22,3,28,0,24,36,4,64,26,0,26,90
12/18/2003,GRI,NE,ACE,CE,Federal Contract Tower,0,18,13,0,31,0,5,4,2,11,0,23,17,2,42,4,0,4,46
12/19/2003,GRI,NE,ACE,CE,Federal Contract Tower,0,17,12,0,29,0,0,21,0,21,0,17,33,0,50,16,0,16,66
12/20/2003,GRI,NE,ACE,CE,Federal Contract Tower,0,11,8,0,19,0,0,15,0,15,0,11,23,0,34,2,0,2,36
12/21/2003,GRI,NE,ACE,CE,Federal Contract Tower,0,3,6,0,9,2,0,21,0,23,2,3,27,0,32,2,0,2,34
12/22/2003,GRI,NE,ACE,CE,Federal Contract Tower,0,12,8,0,20,0,0,7,0,7,0,12,15,0,27,2,0,2,29
12/23/2003,GRI,NE,ACE,CE,Federal Contract Tower,0,16,12,0,28,0,6,9,0,15,0,22,21,0,43,6,0,6,49
12/24/2003,GRI,NE,ACE,CE,Federal Contract Tower,0,15,10,0,25,2,0,14,2,18,2,15,24,2,43,2,0,2,45
12/25/2003,GRI,NE,ACE,CE,Federal Contract Tower,0,4,2,0,6,0,2,6,0,8,0,6,8,0,14,0,0,0,14
12/26/2003,GRI,NE,ACE,CE,Federal Contract Tower,0,15,10,0,25,0,1,2,0,3,0,16,12,0,28,0,0,0,28
12/27/2003,GRI,NE,ACE,CE,Federal Contract Tower,0,9,10,0,19,0,0,23,0,23,0,9,33,0,42,30,0,30,72
12/28/2003,GRI,NE,ACE,CE,Federal Contract Tower,0,3,3,0,6,0,0,8,0,8,0,3,11,0,14,4,0,4,18
12/29/2003,GRI,NE,ACE,CE,Federal Contract Tower,0,15,13,0,28,0,0,18,0,18,0,15,31,0,46,18,0,18,64
12/30/2003,GRI,NE,ACE,CE,Federal Contract Tower,0,17,13,0,30,0,1,12,4,17,0,18,25,4,47,20,0,20,67
12/31/2003,GRI,NE,ACE,CE,Federal Contract Tower,0,12,8,0,20,0,3,11,0,14,0,15,19,0,34,4,0,4,38
01/01/2004,GRI,NE,ACE,CE,Federal Contract Tower,0,3,2,0,5,0,0,16,0,16,0,3,18,0,21,6,0,6,27
01/02/2004,GRI,NE,ACE,CE,Federal Contract Tower,0,17,11,0,28,0,0,9,0,9,0,17,20,0,37,2,0,2,39
01/03/2004,GRI,NE,ACE,CE,Federal Contract Tower,0,10,9,0,19,0,0,11,0,11,0,10,20,0,30,20,0,20,50
01/04/2004,GRI,NE,ACE,CE,Federal Contract Tower,0,1,1,0,2,0,2,0,0,2,0,3,1,0,4,0,0,0,4
01/05/2004,GRI,NE,ACE,CE,Federal Contract Tower,0,15,11,0,26,0,0,5,0,5,0,15,16,0,31,0,0,0,31
01/06/2004,GRI,NE,ACE,CE,Federal Contract Tower,0,17,12,0,29,0,2,6,0,8,0,19,18,0,37,2,0,2,39
01/07/2004,GRI,NE,ACE,CE,Federal Contract Tower,0,16,11,0,27,0,6,9,0,15,0,22,20,0,42,4,0,4,46
01/08/2004,GRI,NE,ACE,CE,Federal Contract Tower,0,12,9,0,21,0,5,15,0,20,0,17,24,0,41,10,0,10,51
01/09/2004,GRI,NE,ACE,CE,Federal Contract Tower,0,19,10,0,29,0,0,4,0,4,0,19,14,0,33,0,0,0,33
01/10/2004,GRI,NE,ACE,CE,Federal Contract Tower,0,6,2,0,8,0,2,29,0,31,0,8,31,0,39,36,0,36,75
01/11/2004,GRI,NE,ACE,CE,Federal Contract Tower,0,5,3,0,8,0,0,13,0,13,0,5,16,0,21,24,0,24,45
01/12/2004,GRI,NE,ACE,CE,Federal Contract Tower,0,14,8,0,22,0,0,23,2,25,0,14,31,2,47,12,0,12,59
01/13/2004,GRI,NE,ACE,CE,Federal Contract Tower,0,17,10,0,27,2,0,17,0,19,2,17,27,0,46,20,0,20,66
01/14/2004,GRI,NE,ACE,CE,Federal Contract Tower,0,16,9,0,25,0,2,8,0,10,0,18,17,0,35,10,0,10,45
01/15/2004,GRI,NE,ACE,CE,Federal Contract Tower,0,20,11,0,31,0,1,9,0,10,0,21,20,0,41,2,0,2,43
01/16/2004,GRI,NE,ACE,CE,Federal Contract Tower,0,17,10,0,27,0,0,4,0,4,0,17,14,0,31,10,0,10,41
01/17/2004,GRI,NE,ACE,CE,Federal Contract Tower,0,8,7,0,15,2,0,3,4,9,2,8,10,4,24,0,0,0,24
01/18/2004,GRI,NE,ACE,CE,Federal Contract Tower,0,3,1,0,4,0,5,33,0,38,0,8,34,0,42,16,0,16,58
01/19/2004,GRI,NE,ACE,CE,Federal Contract Tower,0,14,10,0,24,0,0,14,0,14,0,14,24,0,38,4,0,4,42
01/20/2004,GRI,NE,ACE,CE,Federal Contract Tower,0,17,10,0,27,0,0,6,2,8,0,17,16,2,35,6,0,6,41
01/21/2004,GRI,NE,ACE,CE,Federal Contract Tower,0,18,10,0,28,0,1,6,0,7,0,19,16,0,35,22,0,22,57
01/22/2004,GRI,NE,ACE,CE,Federal Contract Tower,0,17,9,0,26,0,3,12,0,15,0,20,21,0,41,4,0,4,45
01/23/2004,GRI,NE,ACE,CE,Federal Contract Tower,0,15,8,0,23,0,1,10,0,11,0,16,18,0,34,14,0,14,48
01/24/2004,GRI,NE,ACE,CE,Federal Contract Tower,0,11,8,0,19,0,0,13,0,13,0,11,21,0,32,6,0,6,38
01/25/2004,GRI,NE,ACE,CE,Federal Contract Tower,0,2,0,0,2,0,1,0,0,1,0,3,0,0,3,0,0,0,3
01/26/2004,GRI,NE,ACE,CE,Federal Contract Tower,0,17,10,0,27,0,1,0,0,1,0,18,10,0,28,0,0,0,28
01/27/2004,GRI,NE,ACE,CE,Federal Contract Tower,0,15,8,0,23,0,6,4,0,10,0,21,12,0,33,0,0,0,33
01/28/2004,GRI,NE,ACE,CE,Federal Contract Tower,0,15,8,0,23,0,3,1,0,4,0,18,9,0,27,6,0,6,33
01/29/2004,GRI,NE,ACE,CE,Federal Contract Tower,0,16,6,0,22,0,3,0,0,3,0,19,6,0,25,0,0,0,25
01/30/2004,GRI,NE,ACE,CE,Federal Contract Tower,0,14,8,0,22,0,4,0,0,4,0,18,8,0,26,0,0,0,26
01/31/2004,GRI,NE,ACE,CE,Federal Contract Tower,0,9,5,0,14,0,0,0,0,0,0,9,5,0,14,0,0,0,14
02/01/2004,GRI,NE,ACE,CE,Federal Contract Tower,0,2,2,0,4,0,1,0,0,1,0,3,2,0,5,0,0,0,5
02/02/2004,GRI,NE,ACE,CE,Federal Contract Tower,0,7,7,0,14,0,3,2,0,5,0,10,9,0,19,0,0,0,19
02/03/2004,GRI,NE,ACE,CE,Federal Contract Tower,0,21,19,0,40,0,3,4,0,7,0,24,23,0,47,0,0,0,47
02/04/2004,GRI,NE,ACE,CE,Federal Contract Tower,0,15,9,0,24,0,4,0,0,4,0,19,9,0,28,0,0,0,28
02/05/2004,GRI,NE,ACE,CE,Federal Contract Tower,0,13,5,0,18,2,5,0,0,7,2,18,5,0,25,0,0,0,25
02/06/2004,GRI,NE,ACE,CE,Federal Contract Tower,0,15,12,0,27,0,2,0,0,2,0,17,12,0,29,0,0,0,29
02/07/2004,GRI,NE,ACE,CE,Federal Contract Tower,0,7,6,0,13,0,1,14,0,15,0,8,20,0,28,2,0,2,30
02/08/2004,GRI,NE,ACE,CE,Federal Contract Tower,0,3,3,0,6,0,0,1,0,1,0,3,4,0,7,0,0,0,7
02/09/2004,GRI,NE,ACE,CE,Federal Contract Tower,0,13,11,0,24,0,2,10,0,12,0,15,21,0,36,14,0,14,50
02/10/2004,GRI,NE,ACE,CE,Federal Contract Tower,0,18,16,0,34,0,0,14,0,14,0,18,30,0,48,20,0,20,68
02/11/2004,GRI,NE,ACE,CE,Federal Contract Tower,0,17,14,0,31,0,1,5,2,8,0,18,19,2,39,0,0,0,39
02/12/2004,GRI,NE,ACE,CE,Federal Contract Tower,0,19,17,0,36,0,0,11,0,11,0,19,28,0,47,4,0,4,51
02/13/2004,GRI,NE,ACE,CE,Federal Contract Tower,0,14,12,0,26,0,0,24,0,24,0,14,36,0,50,8,0,8,58
02/14/2004,GRI,NE,ACE,CE,Federal Contract Tower,0,8,7,0,15,0,2,11,0,13,0,10,18,0,28,10,0,10,38
02/15/2004,GRI,NE,ACE,CE,Federal Contract Tower,0,4,6,0,10,0,0,18,0,18,0,4,24,0,28,8,0,8,36
02/16/2004,GRI,NE,ACE,CE,Federal Contract Tower,0,17,13,0,30,0,1,13,0,14,0,18,26,0,44,10,0,10,54
02/17/2004,GRI,NE,ACE,CE,Federal Contract Tower,0,18,15,0,33,0,0,20,0,20,0,18,35,0,53,42,0,42,95
02/18/2004,GRI,NE,ACE,CE,Federal Contract Tower,0,16,12,0,28,0,3,24,0,27,0,19,36,0,55,18,0,18,73
02/19/2004,GRI,NE,ACE,CE,Federal Contract Tower,0,18,14,0,32,0,0,13,2,15,0,18,27,2,47,6,0,6,53
02/20/2004,GRI,NE,ACE,CE,Federal Contract Tower,0,13,9,0,22,0,2,4,0,6,0,15,13,0,28,0,0,0,28
02/21/2004,GRI,NE,ACE,CE,Federal Contract Tower,0,8,6,0,14,0,0,29,0,29,0,8,35,0,43,22,0,22,65
02/22/2004,GRI,NE,ACE,CE,Federal Contract Tower,0,5,6,0,11,0,0,21,0,21,0,5,27,0,32,6,0,6,38
02/23/2004,GRI,NE,ACE,CE,Federal Contract Tower,0,15,11,0,26,0,0,1,0,1,0,15,12,0,27,0,0,0,27
02/24/2004,GRI,NE,ACE,CE,Federal Contract Tower,0,23,17,0,40,0,0,6,0,6,0,23,23,0,46,0,0,0,46
02/25/2004,GRI,NE,ACE,CE,Federal Contract Tower,0,20,16,0,36,0,0,8,0,8,0,20,24,0,44,0,0,0,44
02/26/2004,GRI,NE,ACE,CE,Federal Contract Tower,0,16,13,0,29,0,0,19,0,19,0,16,32,0,48,4,0,4,52
02/27/2004,GRI,NE,ACE,CE,Federal Contract Tower,0,13,9,0,22,0,3,13,0,16,0,16,22,0,38,2,0,2,40
02/28/2004,GRI,NE,ACE,CE,Federal Contract Tower,0,6,4,0,10,0,2,1,0,3,0,8,5,0,13,2,0,2,15
02/29/2004,GRI,NE,ACE,CE,Federal Contract Tower,0,3,3,0,6,0,0,1,0,1,0,3,4,0,7,0,0,0,7
03/01/2004,GRI,NE,ACE,CE,Federal Contract Tower,0,14,9,0,23,0,4,0,0,4,0,18,9,0,27,0,0,0,27
03/02/2004,GRI,NE,ACE,CE,Federal Contract Tower,0,20,19,0,39,0,0,10,0,10,0,20,29,0,49,4,0,4,53
03/03/2004,GRI,NE,ACE,CE,Federal Contract Tower,0,21,13,0,34,0,5,0,0,5,0,26,13,0,39,0,0,0,39
03/04/2004,GRI,NE,ACE,CE,Federal Contract Tower,0,10,5,0,15,0,5,0,0,5,0,15,5,0,20,0,0,0,20
03/05/2004,GRI,NE,ACE,CE,Federal Contract Tower,0,13,11,0,24,0,6,2,0,8,0,19,13,0,32,0,0,0,32
03/06/2004,GRI,NE,ACE,CE,Federal Contract Tower,0,9,7,0,16,0,0,15,0,15,0,9,22,0,31,14,0,14,45
03/07/2004,GRI,NE,ACE,CE,Federal Contract Tower,0,3,8,0,11,0,0,13,0,13,0,3,21,0,24,0,0,0,24
03/08/2004,GRI,NE,ACE,CE,Federal Contract Tower,0,9,8,0,17,0,4,11,0,15,0,13,19,0,32,6,0,6,38
03/09/2004,GRI,NE,ACE,CE,Federal Contract Tower,0,17,16,1,34,0,0,40,1,41,0,17,56,2,75,8,2,10,85
03/10/2004,GRI,NE,ACE,CE,Federal Contract Tower,0,15,12,0,27,0,5,1,0,6,0,20,13,0,33,6,0,6,39
03/11/2004,GRI,NE,ACE,CE,Federal Contract Tower,0,18,14,0,32,0,0,17,0,17,0,18,31,0,49,4,0,4,53
03/12/2004,GRI,NE,ACE,CE,Federal Contract Tower,0,15,12,0,27,0,3,20,0,23,0,18,32,0,50,14,0,14,64
03/13/2004,GRI,NE,ACE,CE,Federal Contract Tower,0,9,12,1,22,0,0,15,1,16,0,9,27,2,38,0,14,14,52
03/14/2004,GRI,NE,ACE,CE,Federal Contract Tower,0,3,3,0,6,0,0,17,0,17,0,3,20,0,23,30,0,30,53
03/15/2004,GRI,NE,ACE,CE,Federal Contract Tower,0,16,14,0,30,0,0,3,0,3,0,16,17,0,33,0,0,0,33
03/16/2004,GRI,NE,ACE,CE,Federal Contract Tower,0,21,15,1,37,0,0,5,1,6,0,21,20,2,43,0,0,0,43
03/17/2004,GRI,NE,ACE,CE,Federal Contract Tower,0,20,15,0,35,2,2,19,0,23,2,22,34,0,58,22,0,22,80
03/18/2004,GRI,NE,ACE,CE,Federal Contract Tower,0,14,10,0,24,0,3,7,0,10,0,17,17,0,34,10,0,10,44
03/19/2004,GRI,NE,ACE,CE,Federal Contract Tower,0,15,11,1,27,0,4,7,0,11,0,19,18,1,38,0,2,2,40
03/20/2004,GRI,NE,ACE,CE,Federal Contract Tower,0,7,10,0,17,2,0,17,5,24,2,7,27,5,41,10,8,18,59
03/21/2004,GRI,NE,ACE,CE,Federal Contract Tower,0,3,3,0,6,0,0,56,0,56,0,3,59,0,62,34,0,34,96
03/22/2004,GRI,NE,ACE,CE,Federal Contract Tower,0,13,10,0,23,0,1,9,0,10,0,14,19,0,33,10,0,10,43
03/23/2004,GRI,NE,ACE,CE,Federal Contract Tower,0,12,9,0,21,0,5,14,0,19,0,17,23,0,40,12,0,12,52
03/24/2004,GRI,NE,ACE,CE,Federal Contract Tower,0,17,14,0,31,0,0,12,2,14,0,17,26,2,45,0,2,2,47
03/25/2004,GRI,NE,ACE,CE,Federal Contract Tower,0,17,13,0,30,0,0,11,2,13,0,17,24,2,43,12,0,12,55
03/26/2004,GRI,NE,ACE,CE,Federal Contract Tower,0,20,15,0,35,0,2,0,0,2,0,22,15,0,37,0,0,0,37
03/27/2004,GRI,NE,ACE,CE,Federal Contract Tower,0,7,4,0,11,0,4,0,0,4,0,11,4,0,15,0,0,0,15
03/28/2004,GRI,NE,ACE,CE,Federal Contract Tower,0,3,4,0,7,0,0,15,0,15,0,3,19,0,22,4,0,4,26
03/29/2004,GRI,NE,ACE,CE,Federal Contract Tower,0,14,15,0,29,2,0,21,0,23,2,14,36,0,52,2,0,2,54
03/30/2004,GRI,NE,ACE,CE,Federal Contract Tower,0,18,13,0,31,0,0,11,0,11,0,18,24,0,42,0,0,0,42
03/31/2004,GRI,NE,ACE,CE,Federal Contract Tower,0,15,11,0,26,0,5,22,2,29,0,20,33,2,55,14,0,14,69
04/01/2004,GRI,NE,ACE,CE,Federal Contract Tower,0,11,7,0,18,0,7,2,0,9,0,18,9,0,27,6,0,6,33
04/02/2004,GRI,NE,ACE,CE,Federal Contract Tower,1,16,12,0,29,1,4,20,0,25,2,20,32,0,54,12,0,12,66
04/03/2004,GRI,NE,ACE,CE,Federal Contract Tower,0,9,7,0,16,0,0,37,0,37,0,9,44,0,53,30,0,30,83
04/04/2004,GRI,NE,ACE,CE,Federal Contract Tower,0,3,4,0,7,0,0,34,0,34,0,3,38,0,41,12,0,12,53
04/05/2004,GRI,NE,ACE,CE,Federal Contract Tower,0,13,9,1,23,0,2,13,1,16,0,15,22,2,39,4,0,4,43
04/06/2004,GRI,NE,ACE,CE,Federal Contract Tower,0,14,10,1,25,0,3,15,1,19,0,17,25,2,44,18,0,18,62
04/07/2004,GRI,NE,ACE,CE,Federal Contract Tower,0,15,10,0,25,0,4,18,0,22,0,19,28,0,47,26,0,26,73
04/08/2004,GRI,NE,ACE,CE,Federal Contract Tower,0,14,10,1,25,0,5,35,1,41,0,19,45,2,66,24,0,24,90
04/09/2004,GRI,NE,ACE,CE,Federal Contract Tower,0,14,10,0,24,0,2,10,0,12,0,16,20,0,36,0,0,0,36
04/10/2004,GRI,NE,ACE,CE,Federal Contract Tower,0,9,6,0,15,0,3,3,0,6,0,12,9,0,21,0,0,0,21
04/11/2004,GRI,NE,ACE,CE,Federal Contract Tower,0,3,3,0,6,0,0,10,0,10,0,3,13,0,16,0,0,0,16
04/12/2004,GRI,NE,ACE,CE,Federal Contract Tower,0,14,14,0,28,0,0,21,0,21,0,14,35,0,49,2,0,2,51
04/13/2004,GRI,NE,ACE,CE,Federal Contract Tower,0,18,12,0,30,0,0,18,0,18,0,18,30,0,48,4,0,4,52
04/14/2004,GRI,NE,ACE,CE,Federal Contract Tower,0,18,12,0,30,0,1,19,0,20,0,19,31,0,50,0,0,0,50
04/15/2004,GRI,NE,ACE,CE,Federal Contract Tower,0,17,11,0,28,0,1,17,0,18,0,18,28,0,46,14,0,14,60
04/16/2004,GRI,NE,ACE,CE,Federal Contract Tower,0,18,12,0,30,0,1,19,0,20,0,19,31,0,50,42,0,42,92
04/17/2004,GRI,NE,ACE,CE,Federal Contract Tower,0,9,6,0,15,0,0,45,0,45,0,9,51,0,60,2,0,2,62
04/18/2004,GRI,NE,ACE,CE,Federal Contract Tower,0,5,4,0,9,0,0,5,0,5,0,5,9,0,14,0,0,0,14
04/19/2004,GRI,NE,ACE,CE,Federal Contract Tower,0,11,7,0,18,0,3,17,0,20,0,14,24,0,38,18,0,18,56
04/20/2004,GRI,NE,ACE,CE,Federal Contract Tower,0,18,13,0,31,0,0,22,10,32,0,18,35,10,63,18,10,28,91
04/21/2004,GRI,NE,ACE,CE,Federal Contract Tower,0,21,13,0,34,0,0,20,0,20,0,21,33,0,54,14,0,14,68
04/22/2004,GRI,NE,ACE,CE,Federal Contract Tower,0,17,11,0,28,0,0,0,0,0,0,17,11,0,28,0,0,0,28
04/23/2004,GRI,NE,ACE,CE,Federal Contract Tower,0,18,12,0,30,0,0,25,0,25,0,18,37,0,55,8,0,8,63
04/24/2004,GRI,NE,ACE,CE,Federal Contract Tower,0,10,6,0,16,0,0,2,0,2,0,10,8,0,18,0,0,0,18
04/25/2004,GRI,NE,ACE,CE,Federal Contract Tower,0,5,5,0,10,0,0,22,0,22,0,5,27,0,32,10,0,10,42
04/26/2004,GRI,NE,ACE,CE,Federal Contract Tower,0,15,9,0,24,0,0,7,2,9,0,15,16,2,33,0,0,0,33
04/27/2004,GRI,NE,ACE,CE,Federal Contract Tower,0,18,12,0,30,0,0,30,0,30,0,18,42,0,60,10,0,10,70
04/28/2004,GRI,NE,ACE,CE,Federal Contract Tower,0,17,11,0,28,0,0,12,2,14,0,17,23,2,42,0,0,0,42
04/29/2004,GRI,NE,ACE,CE,Federal Contract Tower,0,18,12,0,30,0,0,10,0,10,0,18,22,0,40,0,0,0,40
04/30/2004,GRI,NE,ACE,CE,Federal Contract Tower,0,11,7,0,18,0,6,7,0,13,0,17,14,0,31,12,0,12,43
05/01/2004,GRI,NE,ACE,CE,Federal Contract Tower,0,9,7,1,17,0,0,12,9,21,0,9,19,10,38,4,4,8,46
05/02/2004,GRI,NE,ACE,CE,Federal Contract Tower,0,3,6,1,10,0,0,15,1,16,0,3,21,2,26,24,2,26,52
05/03/2004,GRI,NE,ACE,CE,Federal Contract Tower,0,14,13,1,28,0,2,6,1,9,0,16,19,2,37,6,2,8,45
05/04/2004,GRI,NE,ACE,CE,Federal Contract Tower,0,15,14,0,29,0,3,15,0,18,0,18,29,0,47,10,0,10,57
05/05/2004,GRI,NE,ACE,CE,Federal Contract Tower,0,13,12,1,26,0,3,3,1,7,0,16,15,2,33,0,0,0,33
05/06/2004,GRI,NE,ACE,CE,Federal Contract Tower,0,14,13,1,28,0,4,8,1,13,0,18,21,2,41,6,0,6,47
05/07/2004,GRI,NE,ACE,CE,Federal Contract Tower,0,15,13,1,29,0,6,11,1,18,0,21,24,2,47,2,0,2,49
05/08/2004,GRI,NE,ACE,CE,Federal Contract Tower,0,8,7,1,16,0,1,20,1,22,0,9,27,2,38,22,0,22,60
05/09/2004,GRI,NE,ACE,CE,Federal Contract Tower,0,2,1,1,4,0,1,6,1,8,0,3,7,2,12,16,0,16,28
05/10/2004,GRI,NE,ACE,CE,Federal Contract Tower,0,14,12,0,26,0,0,9,0,9,0,14,21,0,35,2,0,2,37
05/11/2004,GRI,NE,ACE,CE,Federal Contract Tower,0,18,15,1,34,0,0,5,0,5,0,18,20,1,39,0,2,2,41
05/12/2004,GRI,NE,ACE,CE,Federal Contract Tower,0,20,14,0,34,0,2,5,0,7,0,22,19,0,41,0,0,0,41
05/13/2004,GRI,NE,ACE,CE,Federal Contract Tower,0,16,6,0,22,0,5,0,0,5,0,21,6,0,27,0,0,0,27
05/14/2004,GRI,NE,ACE,CE,Federal Contract Tower,0,17,12,1,30,0,5,19,3,27,0,22,31,4,57,14,0,14,71
05/15/2004,GRI,NE,ACE,CE,Federal Contract Tower,0,8,4,1,13,0,0,17,9,26,0,8,21,10,39,4,0,4,43
05/16/2004,GRI,NE,ACE,CE,Federal Contract Tower,0,3,2,0,5,0,0,3,0,3,0,3,5,0,8,0,0,0,8
05/17/2004,GRI,NE,ACE,CE,Federal Contract Tower,0,15,11,0,26,0,0,3,0,3,0,15,14,0,29,0,0,0,29
05/18/2004,GRI,NE,ACE,CE,Federal Contract Tower,0,23,18,0,41,0,0,8,0,8,0,23,26,0,49,0,0,0,49
05/19/2004,GRI,NE,ACE,CE,Federal Contract Tower,0,0,18,1,19,0,0,8,19,27,0,0,26,20,46,2,0,2,48
05/20/2004,GRI,NE,ACE,CE,Federal Contract Tower,0,17,13,0,30,0,0,8,0,8,0,17,21,0,38,4,0,4,42
05/21/2004,GRI,NE,ACE,CE,Federal Contract Tower,0,17,13,0,30,0,2,19,5,26,0,19,32,5,56,20,0,20,76
05/22/2004,GRI,NE,ACE,CE,Federal Contract Tower,0,9,6,0,15,0,3,9,0,12,0,12,15,0,27,10,0,10,37
05/23/2004,GRI,NE,ACE,CE,Federal Contract Tower,0,3,5,0,8,0,0,18,0,18,0,3,23,0,26,4,0,4,30
05/24/2004,GRI,NE,ACE,CE,Federal Contract Tower,0,16,17,1,34,0,0,20,3,23,0,16,37,4,57,30,0,30,87
05/25/2004,GRI,NE,ACE,CE,Federal Contract Tower,0,18,17,0,35,0,0,21,2,23,0,18,38,2,58,12,0,12,70
05/26/2004,GRI,NE,ACE,CE,Federal Contract Tower,0,22,16,0,38,0,2,21,2,25,0,24,37,2,63,0,8,8,71
05/27/2004,GRI,NE,ACE,CE,Federal Contract Tower,0,14,10,0,24,0,4,20,4,28,0,18,30,4,52,24,4,28,80
05/28/2004,GRI,NE,ACE,CE,Federal Contract Tower,0,13,9,0,22,0,6,0,2,8,0,19,9,2,30,10,0,10,40
05/29/2004,GRI,NE,ACE,CE,Federal Contract Tower,0,8,5,0,13,0,1,2,0,3,0,9,7,0,16,0,0,0,16
05/30/2004,GRI,NE,ACE,CE,Federal Contract Tower,0,5,7,0,12,0,0,30,0,30,0,5,37,0,42,6,0,6,48
05/31/2004,GRI,NE,ACE,CE,Federal Contract Tower,0,5,4,0,9,0,0,17,0,17,0,5,21,0,26,4,8,12,38
06/01/2004,GRI,NE,ACE,CE,Federal Contract Tower,0,18,1,0,19,0,0,41,0,41,0,18,42,0,60,16,0,16,76
06/02/2004,GRI,NE,ACE,CE,Federal Contract Tower,0,17,1,0,18,0,6,25,2,33,0,23,26,2,51,2,0,2,53
06/03/2004,GRI,NE,ACE,CE,Federal Contract Tower,0,14,1,0,15,0,4,36,6,46,0,18,37,6,61,12,4,16,77
06/04/2004,GRI,NE,ACE,CE,Federal Contract Tower,0,10,1,0,11,0,5,15,0,20,0,15,16,0,31,0,0,0,31
06/05/2004,GRI,NE,ACE,CE,Federal Contract Tower,0,6,1,0,7,0,3,13,0,16,0,9,14,0,23,22,0,22,45
06/06/2004,GRI,NE,ACE,CE,Federal Contract Tower,0,3,1,0,4,0,2,20,0,22,0,5,21,0,26,20,0,20,46
06/07/2004,GRI,NE,ACE,CE,Federal Contract Tower,0,11,1,0,12,0,2,19,0,21,0,13,20,0,33,4,0,4,37
06/08/2004,GRI,NE,ACE,CE,Federal Contract Tower,0,16,1,0,17,0,3,27,2,32,0,19,28,2,49,8,0,8,57
06/09/2004,GRI,NE,ACE,CE,Federal Contract Tower,0,14,1,0,15,0,4,13,4,21,0,18,14,4,36,0,4,4,40
06/10/2004,GRI,NE,ACE,CE,Federal Contract Tower,0,18,1,0,19,0,0,24,0,24,0,18,25,0,43,0,0,0,43
06/11/2004,GRI,NE,ACE,CE,Federal Contract Tower,0,13,1,0,14,0,4,22,0,26,0,17,23,0,40,6,0,6,46
06/12/2004,GRI,NE,ACE,CE,Federal Contract Tower,0,5,1,0,6,0,5,14,0,19,0,10,15,0,25,0,0,0,25
06/13/2004,GRI,NE,ACE,CE,Federal Contract Tower,0,5,1,0,6,0,0,31,0,31,0,5,32,0,37,2,0,2,39
06/14/2004,GRI,NE,ACE,CE,Federal Contract Tower,0,15,1,0,16,0,2,24,0,26,0,17,25,0,42,34,0,34,76
06/15/2004,GRI,NE,ACE,CE,Federal Contract Tower,0,19,1,0,20,0,2,30,2,34,0,21,31,2,54,48,0,48,102
06/16/2004,GRI,NE,ACE,CE,Federal Contract Tower,0,15,1,0,16,0,3,16,0,19,0,18,17,0,35,0,0,0,35
06/17/2004,GRI,NE,ACE,CE,Federal Contract Tower,0,20,1,0,21,0,0,41,0,41,0,20,42,0,62,0,0,0,62
06/18/2004,GRI,NE,ACE,CE,Federal Contract Tower,0,17,1,0,18,0,5,19,0,24,0,22,20,0,42,0,0,0,42
06/19/2004,GRI,NE,ACE,CE,Federal Contract Tower,0,15,0,0,15,0,2,63,0,65,0,17,63,0,80,20,0,20,100
06/20/2004,GRI,NE,ACE,CE,Federal Contract Tower,0,5,0,0,5,0,0,26,0,26,0,5,26,0,31,4,0,4,35
06/21/2004,GRI,NE,ACE,CE,Federal Contract Tower,0,14,0,0,14,0,5,21,0,26,0,19,21,0,40,0,0,0,40
06/22/2004,GRI,NE,ACE,CE,Federal Contract Tower,0,16,0,0,16,0,4,47,0,51,0,20,47,0,67,18,0,18,85
06/23/2004,GRI,NE,ACE,CE,Federal Contract Tower,0,18,0,0,18,0,8,39,0,47,0,26,39,0,65,46,0,46,111
06/24/2004,GRI,NE,ACE,CE,Federal Contract Tower,0,16,0,0,16,0,8,19,2,29,0,24,19,2,45,2,0,2,47
06/25/2004,GRI,NE,ACE,CE,Federal Contract Tower,0,14,0,0,14,0,6,29,16,51,0,20,29,16,65,0,0,0,65
06/26/2004,GRI,NE,ACE,CE,Federal Contract Tower,0,5,0,0,5,0,6,12,1,19,0,11,12,1,24,0,0,0,24
06/27/2004,GRI,NE,ACE,CE,Federal Contract Tower,0,3,0,0,3,0,0,39,0,39,0,3,39,0,42,0,0,0,42
06/28/2004,GRI,NE,ACE,CE,Federal Contract Tower,0,13,0,0,13,0,4,23,2,29,0,17,23,2,42,2,0,2,44
06/29/2004,GRI,NE,ACE,CE,Federal Contract Tower,0,12,0,0,12,0,5,41,3,49,0,17,41,3,61,6,0,6,67
06/30/2004,GRI,NE,ACE,CE,Federal Contract Tower,0,16,0,0,16,0,0,36,2,38,0,16,36,2,54,20,6,26,80
07/01/2004,GRI,NE,ACE,CE,Federal Contract Tower,0,18,19,0,37,0,0,22,0,22,0,18,41,0,59,18,0,18,77
07/02/2004,GRI,NE,ACE,CE,Federal Contract Tower,0,16,9,0,25,0,9,0,0,9,0,25,9,0,34,4,0,4,38
07/03/2004,GRI,NE,ACE,CE,Federal Contract Tower,0,10,9,0,19,0,0,25,0,25,0,10,34,0,44,6,0,6,50
07/04/2004,GRI,NE,ACE,CE,Federal Contract Tower,0,1,1,0,2,0,0,18,0,18,0,1,19,0,20,0,0,0,20
07/05/2004,GRI,NE,ACE,CE,Federal Contract Tower,0,6,5,0,11,0,1,4,0,5,0,7,9,0,16,0,0,0,16
07/06/2004,GRI,NE,ACE,CE,Federal Contract Tower,0,19,17,0,36,0,0,12,6,18,0,19,29,6,54,8,2,10,64
07/07/2004,GRI,NE,ACE,CE,Federal Contract Tower,0,19,17,0,36,0,0,7,5,12,0,19,24,5,48,0,8,8,56
07/08/2004,GRI,NE,ACE,CE,Federal Contract Tower,0,20,17,0,37,0,2,0,1,3,0,22,17,1,40,0,0,0,40
07/09/2004,GRI,NE,ACE,CE,Federal Contract Tower,0,18,15,0,33,0,1,19,6,26,0,19,34,6,59,6,10,16,75
07/10/2004,GRI,NE,ACE,CE,Federal Contract Tower,0,6,6,0,12,0,4,20,19,43,0,10,26,19,55,12,24,36,91
07/11/2004,GRI,NE,ACE,CE,Federal Contract Tower,0,6,6,0,12,0,1,39,15,55,0,7,45,15,67,10,10,20,87
07/12/2004,GRI,NE,ACE,CE,Federal Contract Tower,0,9,6,0,15,0,8,0,0,8,0,17,6,0,23,0,0,0,23
07/13/2004,GRI,NE,ACE,CE,Federal Contract Tower,0,10,9,0,19,0,7,14,4,25,0,17,23,4,44,4,0,4,48
07/14/2004,GRI,NE,ACE,CE,Federal Contract Tower,0,20,18,0,38,0,0,33,4,37,0,20,51,4,75,16,0,16,91
07/15/2004,GRI,NE,ACE,CE,Federal Contract Tower,0,21,17,0,38,0,2,21,9,32,0,23,38,9,70,28,4,32,102
07/16/2004,GRI,NE,ACE,CE,Federal Contract Tower,0,14,12,0,26,0,2,14,3,19,0,16,26,3,45,4,0,4,49
07/17/2004,GRI,NE,ACE,CE,Federal Contract Tower,0,9,8,1,18,0,1,22,1,24,0,10,30,2,42,34,0,34,76
07/18/2004,GRI,NE,ACE,CE,Federal Contract Tower,0,5,7,0,12,0,0,22,0,22,0,5,29,0,34,12,0,12,46
07/19/2004,GRI,NE,ACE,CE,Federal Contract Tower,0,15,12,1,28,0,0,20,4,24,0,15,32,5,52,14,8,22,74
07/20/2004,GRI,NE,ACE,CE,Federal Contract Tower,0,11,8,1,20,0,6,12,8,26,0,17,20,9,46,12,2,14,60
07/21/2004,GRI,NE,ACE,CE,Federal Contract Tower,0,17,14,1,32,0,0,26,9,35,0,17,40,10,67,4,2,6,73
07/22/2004,GRI,NE,ACE,CE,Federal Contract Tower,0,13,10,1,24,0,3,12,3,18,0,16,22,4,42,18,0,18,60
07/23/2004,GRI,NE,ACE,CE,Federal Contract Tower,0,15,12,1,28,0,7,26,6,39,0,22,38,7,67,26,4,30,97
07/24/2004,GRI,NE,ACE,CE,Federal Contract Tower,0,10,12,1,23,0,0,15,9,24,0,10,27,10,47,2,12,14,61
07/25/2004,GRI,NE,ACE,CE,Federal Contract Tower,0,3,3,1,7,0,0,29,9,38,0,3,32,10,45,0,0,0,45
07/26/2004,GRI,NE,ACE,CE,Federal Contract Tower,0,13,14,1,28,0,0,38,1,39,0,13,52,2,67,18,0,18,85
07/27/2004,GRI,NE,ACE,CE,Federal Contract Tower,0,15,12,1,28,0,6,15,3,24,0,21,27,4,52,2,2,4,56
07/28/2004,GRI,NE,ACE,CE,Federal Contract Tower,0,16,12,1,29,0,2,11,2,15,0,18,23,3,44,6,0,6,50
07/29/2004,GRI,NE,ACE,CE,Federal Contract Tower,0,19,14,1,34,0,0,41,11,52,0,19,55,12,86,8,4,12,98
07/30/2004,GRI,NE,ACE,CE,Federal Contract Tower,0,15,12,1,28,0,2,27,5,34,0,17,39,6,62,14,4,18,80
07/31/2004,GRI,NE,ACE,CE,Federal Contract Tower,0,9,7,0,16,0,1,45,0,46,0,10,52,0,62,6,0,6,68
08/01/2004,GRI,NE,ACE,CE,Federal Contract Tower,0,3,8,0,11,0,0,53,0,53,0,3,61,0,64,0,0,0,64
08/02/2004,GRI,NE,ACE,CE,Federal Contract Tower,0,12,13,1,26,0,0,23,3,26,0,12,36,4,52,16,12,28,80
08/03/2004,GRI,NE,ACE,CE,Federal Contract Tower,0,17,17,1,35,0,1,27,5,33,0,18,44,6,68,6,0,6,74
08/04/2004,GRI,NE,ACE,CE,Federal Contract Tower,0,14,14,1,29,0,7,7,15,29,0,21,21,16,58,2,0,2,60
08/05/2004,GRI,NE,ACE,CE,Federal Contract Tower,0,16,15,1,32,0,7,7,7,21,0,23,22,8,53,14,34,48,101
08/06/2004,GRI,NE,ACE,CE,Federal Contract Tower,0,15,16,1,32,0,0,30,7,37,0,15,46,8,69,14,12,26,95
08/07/2004,GRI,NE,ACE,CE,Federal Contract Tower,0,8,8,1,17,0,5,12,1,18,0,13,20,2,35,10,0,10,45
08/08/2004,GRI,NE,ACE,CE,Federal Contract Tower,0,3,4,0,7,0,0,12,0,12,0,3,16,0,19,0,6,6,25
08/09/2004,GRI,NE,ACE,CE,Federal Contract Tower,0,14,12,0,26,0,1,8,0,9,0,15,20,0,35,20,0,20,55
08/10/2004,GRI,NE,ACE,CE,Federal Contract Tower,0,14,12,1,27,0,4,6,2,12,0,18,18,3,39,0,2,2,41
08/11/2004,GRI,NE,ACE,CE,Federal Contract Tower,0,18,16,1,35,0,1,22,6,29,0,19,38,7,64,0,2,2,66
08/12/2004,GRI,NE,ACE,CE,Federal Contract Tower,0,15,15,1,31,0,0,40,6,46,0,15,55,7,77,4,0,4,81
08/13/2004,GRI,NE,ACE,CE,Federal Contract Tower,0,16,12,1,29,0,1,8,5,14,0,17,20,6,43,0,0,0,43
08/14/2004,GRI,NE,ACE,CE,Federal Contract Tower,0,10,10,0,20,0,0,30,16,46,0,10,40,16,66,24,4,28,94
08/15/2004,GRI,NE,ACE,CE,Federal Contract Tower,0,7,11,0,18,0,0,36,13,49,0,7,47,13,67,16,4,20,87
08/16/2004,GRI,NE,ACE,CE,Federal Contract Tower,0,12,18,0,30,0,0,25,4,29,0,12,43,4,59,12,0,12,71
08/17/2004,GRI,NE,ACE,CE,Federal Contract Tower,0,15,12,0,27,0,5,4,0,9,0,20,16,0,36,0,0,0,36
08/18/2004,GRI,NE,ACE,CE,Federal Contract Tower,0,22,19,0,41,0,7,19,13,39,0,29,38,13,80,18,8,26,106
08/19/2004,GRI,NE,ACE,CE,Federal Contract Tower,0,17,15,0,32,0,0,28,4,32,0,17,43,4,64,8,2,10,74
08/20/2004,GRI,NE,ACE,CE,Federal Contract Tower,0,14,12,0,26,0,0,17,11,28,0,14,29,11,54,12,22,34,88
08/21/2004,GRI,NE,ACE,CE,Federal Contract Tower,0,6,4,0,10,0,7,15,0,22,0,13,19,0,32,0,0,0,32
08/22/2004,GRI,NE,ACE,CE,Federal Contract Tower,0,3,4,0,7,0,0,15,0,15,0,3,19,0,22,2,0,2,24
08/23/2004,GRI,NE,ACE,CE,Federal Contract Tower,0,11,8,0,19,0,1,8,0,9,0,12,16,0,28,0,0,0,28
08/24/2004,GRI,NE,ACE,CE,Federal Contract Tower,0,16,13,0,29,0,1,17,3,21,0,17,30,3,50,20,0,20,70
08/25/2004,GRI,NE,ACE,CE,Federal Contract Tower,0,18,14,0,32,0,2,15,2,19,0,20,29,2,51,26,0,26,77
08/26/2004,GRI,NE,ACE,CE,Federal Contract Tower,0,11,9,0,20,0,5,8,6,19,0,16,17,6,39,40,4,44,83
08/27/2004,GRI,NE,ACE,CE,Federal Contract Tower,0,12,9,0,21,0,3,8,8,19,0,15,17,8,40,14,28,42,82
08/28/2004,GRI,NE,ACE,CE,Federal Contract Tower,0,10,8,0,18,0,0,24,2,26,0,10,32,2,44,2,0,2,46
08/29/2004,GRI,NE,ACE,CE,Federal Contract Tower,0,5,5,0,10,0,0,27,0,27,0,5,32,0,37,12,0,12,49
08/30/2004,GRI,NE,ACE,CE,Federal Contract Tower,0,12,9,0,21,0,4,25,0,29,0,16,34,0,50,24,0,24,74
08/31/2004,GRI,NE,ACE,CE,Federal Contract Tower,0,19,19,0,38,0,0,26,2,28,0,19,45,2,66,2,0,2,68
09/01/2004,GRI,NE,ACE,CE,Federal Contract Tower,0,16,14,0,30,0,3,29,0,32,0,19,43,0,62,0,0,0,62
09/02/2004,GRI,NE,ACE,CE,Federal Contract Tower,0,12,11,0,23,0,5,18,0,23,0,17,29,0,46,0,0,0,46
09/03/2004,GRI,NE,ACE,CE,Federal Contract Tower,0,13,12,0,25,0,3,10,0,13,0,16,22,0,38,0,0,0,38
09/04/2004,GRI,NE,ACE,CE,Federal Contract Tower,0,7,7,0,14,0,2,18,0,20,0,9,25,0,34,8,0,8,42
09/05/2004,GRI,NE,ACE,CE,Federal Contract Tower,0,2,6,0,8,0,0,4,1,5,0,2,10,1,13,0,0,0,13
09/06/2004,GRI,NE,ACE,CE,Federal Contract Tower,0,9,10,0,19,0,0,30,0,30,0,9,40,0,49,2,0,2,51
09/07/2004,GRI,NE,ACE,CE,Federal Contract Tower,0,13,12,0,25,0,0,11,0,11,0,13,23,0,36,14,0,14,50
09/08/2004,GRI,NE,ACE,CE,Federal Contract Tower,0,14,13,0,27,0,3,6,0,9,0,17,19,0,36,0,0,0,36
09/09/2004,GRI,NE,ACE,CE,Federal Contract Tower,0,23,21,0,44,0,4,28,9,41,0,27,49,9,85,0,12,12,97
09/10/2004,GRI,NE,ACE,CE,Federal Contract Tower,0,11,11,0,22,0,7,28,8,43,0,18,39,8,65,18,8,26,91
09/11/2004,GRI,NE,ACE,CE,Federal Contract Tower,0,10,9,0,19,0,2,29,7,38,0,12,38,7,57,2,0,2,59
09/12/2004,GRI,NE,ACE,CE,Federal Contract Tower,0,3,6,0,9,2,0,31,14,47,2,3,37,14,56,2,2,4,60
09/13/2004,GRI,NE,ACE,CE,Federal Contract Tower,0,13,17,0,30,0,0,13,0,13,0,13,30,0,43,2,0,2,45
09/14/2004,GRI,NE,ACE,CE,Federal Contract Tower,0,17,17,0,34,0,0,19,4,23,0,17,36,4,57,16,0,16,73
09/15/2004,GRI,NE,ACE,CE,Federal Contract Tower,0,18,16,1,35,0,3,28,5,36,0,21,44,6,71,0,6,6,77
09/16/2004,GRI,NE,ACE,CE,Federal Contract Tower,0,20,23,1,44,2,0,66,2,70,2,20,89,3,114,0,0,0,114
09/17/2004,GRI,NE,ACE,CE,Federal Contract Tower,0,10,8,0,18,0,6,10,4,20,0,16,18,4,38,2,16,18,56
09/18/2004,GRI,NE,ACE,CE,Federal Contract Tower,0,6,4,0,10,0,4,15,0,19,0,10,19,0,29,4,0,4,33
09/19/2004,GRI,NE,ACE,CE,Federal Contract Tower,0,5,5,0,10,0,0,7,0,7,0,5,12,0,17,0,0,0,17
09/20/2004,GRI,NE,ACE,CE,Federal Contract Tower,0,15,13,0,28,0,0,7,0,7,0,15,20,0,35,0,0,0,35
09/21/2004,GRI,NE,ACE,CE,Federal Contract Tower,0,17,15,0,32,0,0,3,0,3,0,17,18,0,35,0,0,0,35
09/22/2004,GRI,NE,ACE,CE,Federal Contract Tower,0,21,19,0,40,0,0,0,1,1,0,21,19,1,41,0,0,0,41
09/23/2004,GRI,NE,ACE,CE,Federal Contract Tower,0,17,16,0,33,0,0,18,3,21,0,17,34,3,54,6,0,6,60
09/24/2004,GRI,NE,ACE,CE,Federal Contract Tower,0,16,14,0,30,0,0,29,2,31,0,16,43,2,61,32,0,32,93
09/25/2004,GRI,NE,ACE,CE,Federal Contract Tower,0,9,7,0,16,0,0,37,0,37,0,9,44,0,53,8,0,8,61
09/26/2004,GRI,NE,ACE,CE,Federal Contract Tower,0,7,5,0,12,0,0,21,0,21,0,7,26,0,33,24,0,24,57
09/27/2004,GRI,NE,ACE,CE,Federal Contract Tower,0,13,10,0,23,0,1,5,2,8,0,14,15,2,31,0,0,0,31
09/28/2004,GRI,NE,ACE,CE,Federal Contract Tower,0,13,10,0,23,0,2,13,5,20,0,15,23,5,43,12,10,22,65
09/29/2004,GRI,NE,ACE,CE,Federal Contract Tower,0,16,16,0,32,0,0,18,12,30,0,16,34,12,62,26,12,38,100
09/30/2004,GRI,NE,ACE,CE,Federal Contract Tower,0,15,12,0,27,0,4,6,4,14,0,19,18,4,41,0,10,10,51
10/01/2004,GRI,NE,ACE,CE,Federal Contract Tower,2,15,3,2,22,0,0,7,0,7,2,15,10,2,29,0,0,0,29
10/02/2004,GRI,NE,ACE,CE,Federal Contract Tower,0,9,2,0,11,0,1,18,0,19,0,10,20,0,30,0,0,0,30
10/03/2004,GRI,NE,ACE,CE,Federal Contract Tower,0,3,9,1,13,0,0,23,3,26,0,3,32,4,39,16,0,16,55
10/04/2004,GRI,NE,ACE,CE,Federal Contract Tower,2,13,11,2,28,0,0,10,1,11,2,13,21,3,39,12,0,12,51
10/05/2004,GRI,NE,ACE,CE,Federal Contract Tower,0,17,16,0,33,0,0,28,0,28,0,17,44,0,61,26,0,26,87
10/06/2004,GRI,NE,ACE,CE,Federal Contract Tower,0,18,6,1,25,0,1,3,6,10,0,19,9,7,35,0,6,6,41
10/07/2004,GRI,NE,ACE,CE,Federal Contract Tower,0,18,11,3,32,0,0,6,1,7,0,18,17,4,39,4,6,10,49
10/08/2004,GRI,NE,ACE,CE,Federal Contract Tower,0,16,9,0,25,0,2,19,0,21,0,18,28,0,46,4,0,4,50
10/09/2004,GRI,NE,ACE,CE,Federal Contract Tower,0,9,1,0,10,0,1,37,3,41,0,10,38,3,51,34,0,34,85
10/10/2004,GRI,NE,ACE,CE,Federal Contract Tower,0,3,5,0,8,0,0,15,0,15,0,3,20,0,23,14,0,14,37
10/11/2004,GRI,NE,ACE,CE,Federal Contract Tower,0,15,13,1,29,0,0,16,0,16,0,15,29,1,45,0,0,0,45
10/12/2004,GRI,NE,ACE,CE,Federal Contract Tower,0,16,14,0,30,0,0,18,3,21,0,16,32,3,51,20,20,40,91
10/13/2004,GRI,NE,ACE,CE,Federal Contract Tower,0,20,21,0,41,0,1,9,5,15,0,21,30,5,56,0,12,12,68
10/14/2004,GRI,NE,ACE,CE,Federal Contract Tower,0,15,6,0,21,0,0,15,6,21,0,15,21,6,42,18,2,20,62
10/15/2004,GRI,NE,ACE,CE,Federal Contract Tower,0,14,15,0,29,0,1,22,5,28,0,15,37,5,57,0,0,0,57
10/16/2004,GRI,NE,ACE,CE,Federal Contract Tower,0,9,6,0,15,0,0,25,12,37,0,9,31,12,52,6,0,6,58
10/17/2004,GRI,NE,ACE,CE,Federal Contract Tower,0,9,4,0,13,0,0,38,9,47,0,9,42,9,60,20,2,22,82
10/18/2004,GRI,NE,ACE,CE,Federal Contract Tower,0,14,6,0,20,0,1,10,2,13,0,15,16,2,33,4,8,12,45
10/19/2004,GRI,NE,ACE,CE,Federal Contract Tower,0,19,18,0,37,0,0,15,4,19,0,19,33,4,56,2,12,14,70
10/20/2004,GRI,NE,ACE,CE,Federal Contract Tower,0,27,12,0,39,0,0,6,1,7,0,27,18,1,46,2,0,2,48
10/21/2004,GRI,NE,ACE,CE,Federal Contract Tower,0,27,22,0,49,0,0,0,1,1,0,27,22,1,50,0,0,0,50
10/22/2004,GRI,NE,ACE,CE,Federal Contract Tower,0,15,15,4,34,0,1,8,2,11,0,16,23,6,45,2,2,4,49
10/23/2004,GRI,NE,ACE,CE,Federal Contract Tower,0,9,11,0,20,0,1,24,0,25,0,10,35,0,45,8,0,8,53
10/24/2004,GRI,NE,ACE,CE,Federal Contract Tower,0,3,9,0,12,0,0,32,0,32,0,3,41,0,44,0,0,0,44
10/25/2004,GRI,NE,ACE,CE,Federal Contract Tower,0,13,10,2,25,0,0,14,0,14,0,13,24,2,39,10,0,10,49
10/26/2004,GRI,NE,ACE,CE,Federal Contract Tower,0,17,18,0,35,0,0,10,2,12,0,17,28,2,47,4,12,16,63
10/27/2004,GRI,NE,ACE,CE,Federal Contract Tower,0,28,15,2,45,0,0,0,0,0,0,28,15,2,45,0,0,0,45
10/28/2004,GRI,NE,ACE,CE,Federal Contract Tower,0,17,16,0,33,0,0,14,6,20,0,17,30,6,53,0,0,0,53
10/29/2004,GRI,NE,ACE,CE,Federal Contract Tower,0,16,13,0,29,0,1,14,0,15,0,17,27,0,44,0,0,0,44
10/30/2004,GRI,NE,ACE,CE,Federal Contract Tower,0,9,6,0,15,0,1,10,4,15,0,10,16,4,30,0,0,0,30
10/31/2004,GRI,NE,ACE,CE,Federal Contract Tower,0,3,13,0,16,0,0,28,0,28,0,3,41,0,44,6,0,6,50
11/01/2004,GRI,NE,ACE,CE,Federal Contract Tower,0,13,11,0,24,0,0,4,0,4,0,13,15,0,28,8,0,8,36
11/02/2004,GRI,NE,ACE,CE,Federal Contract Tower,0,17,8,1,26,0,0,6,3,9,0,17,14,4,35,8,2,10,45
11/03/2004,GRI,NE,ACE,CE,Federal Contract Tower,0,19,9,1,29,0,0,7,13,20,0,19,16,14,49,0,16,16,65
11/04/2004,GRI,NE,ACE,CE,Federal Contract Tower,0,16,7,0,23,0,1,30,8,39,0,17,37,8,62,4,0,4,66
11/05/2004,GRI,NE,ACE,CE,Federal Contract Tower,0,14,7,0,21,0,1,31,9,41,0,15,38,9,62,46,0,46,108
11/06/2004,GRI,NE,ACE,CE,Federal Contract Tower,0,10,3,0,13,0,3,24,28,55,0,13,27,28,68,12,0,12,80
11/07/2004,GRI,NE,ACE,CE,Federal Contract Tower,0,5,2,5,12,0,0,34,22,56,0,5,36,27,68,26,6,32,100
11/08/2004,GRI,NE,ACE,CE,Federal Contract Tower,2,14,8,0,24,0,0,30,6,36,2,14,38,6,60,6,2,8,68
11/09/2004,GRI,NE,ACE,CE,Federal Contract Tower,0,17,7,0,24,0,0,13,0,13,0,17,20,0,37,18,0,18,55
11/10/2004,GRI,NE,ACE,CE,Federal Contract Tower,0,19,11,2,32,0,0,2,0,2,0,19,13,2,34,0,0,0,34
11/11/2004,GRI,NE,ACE,CE,Federal Contract Tower,0,15,7,1,23,0,1,17,5,23,0,16,24,6,46,12,10,22,68
11/12/2004,GRI,NE,ACE,CE,Federal Contract Tower,4,15,13,0,32,0,1,24,1,26,4,16,37,1,58,2,0,2,60
11/13/2004,GRI,NE,ACE,CE,Federal Contract Tower,0,10,2,0,12,0,0,32,0,32,0,10,34,0,44,12,0,12,56
11/14/2004,GRI,NE,ACE,CE,Federal Contract Tower,0,3,12,0,15,0,0,19,0,19,0,3,31,0,34,0,0,0,34
11/15/2004,GRI,NE,ACE,CE,Federal Contract Tower,0,13,14,0,27,0,0,12,0,12,0,13,26,0,39,0,0,0,39
11/16/2004,GRI,NE,ACE,CE,Federal Contract Tower,0,19,16,0,35,0,2,14,3,19,0,21,30,3,54,20,4,24,78
11/17/2004,GRI,NE,ACE,CE,Federal Contract Tower,0,20,19,2,41,0,0,0,0,0,0,20,19,2,41,2,0,2,43
11/18/2004,GRI,NE,ACE,CE,Federal Contract Tower,0,18,7,0,25,0,0,0,0,0,0,18,7,0,25,0,0,0,25
11/19/2004,GRI,NE,ACE,CE,Federal Contract Tower,0,18,13,0,31,0,1,0,0,1,0,19,13,0,32,2,0,2,34
11/20/2004,GRI,NE,ACE,CE,Federal Contract Tower,0,9,8,0,17,0,1,22,0,23,0,10,30,0,40,10,0,10,50
11/21/2004,GRI,NE,ACE,CE,Federal Contract Tower,0,3,7,0,10,0,0,9,0,9,0,3,16,0,19,6,0,6,25
11/22/2004,GRI,NE,ACE,CE,Federal Contract Tower,0,15,20,0,35,0,0,14,2,16,0,15,34,2,51,10,0,10,61
11/23/2004,GRI,NE,ACE,CE,Federal Contract Tower,1,16,23,0,40,0,2,25,3,30,1,18,48,3,70,34,6,40,110
11/24/2004,GRI,NE,ACE,CE,Federal Contract Tower,3,20,11,0,34,0,0,29,3,32,3,20,40,3,66,14,0,14,80
11/25/2004,GRI,NE,ACE,CE,Federal Contract Tower,0,5,5,1,11,0,0,9,0,9,0,5,14,1,20,6,0,6,26
11/26/2004,GRI,NE,ACE,CE,Federal Contract Tower,0,13,2,0,15,0,2,15,0,17,0,15,17,0,32,8,0,8,40
11/27/2004,GRI,NE,ACE,CE,Federal Contract Tower,2,10,5,0,17,0,2,10,0,12,2,12,15,0,29,0,0,0,29
11/28/2004,GRI,NE,ACE,CE,Federal Contract Tower,0,3,7,0,10,0,0,0,0,0,0,3,7,0,10,0,0,0,10
11/29/2004,GRI,NE,ACE,CE,Federal Contract Tower,0,14,9,0,23,0,0,1,0,1,0,14,10,0,24,0,0,0,24
11/30/2004,GRI,NE,ACE,CE,Federal Contract Tower,0,16,7,0,23,0,1,16,8,25,0,17,23,8,48,6,6,12,60
12/01/2004,GRI,NE,ACE,CE,Federal Contract Tower,0,21,7,0,28,0,0,12,1,13,0,21,19,1,41,8,0,8,49
12/02/2004,GRI,NE,ACE,CE,Federal Contract Tower,0,18,5,0,23,0,1,20,7,28,0,19,25,7,51,6,0,6,57
12/03/2004,GRI,NE,ACE,CE,Federal Contract Tower,0,18,6,3,27,0,2,24,2,28,0,20,30,5,55,14,10,24,79
12/04/2004,GRI,NE,ACE,CE,Federal Contract Tower,0,9,3,0,12,0,1,36,4,41,0,10,39,4,53,42,0,42,95
12/05/2004,GRI,NE,ACE,CE,Federal Contract Tower,0,3,3,3,9,0,0,0,4,4,0,3,3,7,13,0,24,24,37
12/06/2004,GRI,NE,ACE,CE,Federal Contract Tower,0,21,12,0,33,0,1,10,3,14,0,22,22,3,47,18,0,18,65
12/07/2004,GRI,NE,ACE,CE,Federal Contract Tower,0,22,10,1,33,0,0,12,4,16,0,22,22,5,49,26,2,28,77
12/08/2004,GRI,NE,ACE,CE,Federal Contract Tower,0,18,18,0,36,0,1,15,5,21,0,19,33,5,57,4,2,6,63
12/09/2004,GRI,NE,ACE,CE,Federal Contract Tower,0,18,10,2,30,0,0,12,7,19,0,18,22,9,49,2,14,16,65
12/10/2004,GRI,NE,ACE,CE,Federal Contract Tower,0,16,6,2,24,0,1,4,6,11,0,17,10,8,35,16,10,26,61
12/11/2004,GRI,NE,ACE,CE,Federal Contract Tower,0,8,6,0,14,0,1,30,0,31,0,9,36,0,45,14,0,14,59
12/12/2004,GRI,NE,ACE,CE,Federal Contract Tower,0,3,4,0,7,0,0,3,0,3,0,3,7,0,10,2,0,2,12
12/13/2004,GRI,NE,ACE,CE,Federal Contract Tower,0,12,13,4,29,0,0,6,0,6,0,12,19,4,35,4,4,8,43
12/14/2004,GRI,NE,ACE,CE,Federal Contract Tower,0,16,10,7,33,0,1,11,5,17,0,17,21,12,50,14,6,20,70
12/15/2004,GRI,NE,ACE,CE,Federal Contract Tower,0,25,11,0,36,0,0,21,7,28,0,25,32,7,64,2,0,2,66
12/16/2004,GRI,NE,ACE,CE,Federal Contract Tower,0,23,11,4,38,0,0,14,12,26,0,23,25,16,64,12,14,26,90
12/17/2004,GRI,NE,ACE,CE,Federal Contract Tower,0,20,12,0,32,0,4,18,3,25,0,24,30,3,57,26,0,26,83
12/18/2004,GRI,NE,ACE,CE,Federal Contract Tower,0,9,7,0,16,0,2,12,3,17,0,11,19,3,33,0,0,0,33
12/19/2004,GRI,NE,ACE,CE,Federal Contract Tower,0,5,4,0,9,0,0,5,0,5,0,5,9,0,14,2,0,2,16
12/20/2004,GRI,NE,ACE,CE,Federal Contract Tower,0,18,14,0,32,0,0,9,0,9,0,18,23,0,41,8,0,8,49
12/21/2004,GRI,NE,ACE,CE,Federal Contract Tower,0,19,7,0,26,0,0,16,6,22,0,19,23,6,48,8,6,14,62
12/22/2004,GRI,NE,ACE,CE,Federal Contract Tower,0,20,11,0,31,0,1,19,4,24,0,21,30,4,55,8,0,8,63
12/23/2004,GRI,NE,ACE,CE,Federal Contract Tower,0,15,9,0,24,0,1,7,0,8,0,16,16,0,32,0,0,0,32
12/24/2004,GRI,NE,ACE,CE,Federal Contract Tower,0,18,6,0,24,0,7,8,0,15,0,25,14,0,39,0,0,0,39
12/25/2004,GRI,NE,ACE,CE,Federal Contract Tower,0,1,7,0,8,0,0,7,0,7,0,1,14,0,15,0,0,0,15
12/26/2004,GRI,NE,ACE,CE,Federal Contract Tower,0,3,10,0,13,0,0,0,0,0,0,3,10,0,13,0,0,0,13
12/27/2004,GRI,NE,ACE,CE,Federal Contract Tower,0,15,13,0,28,0,1,4,0,5,0,16,17,0,33,14,0,14,47
12/28/2004,GRI,NE,ACE,CE,Federal Contract Tower,0,19,13,0,32,0,1,35,0,36,0,20,48,0,68,36,0,36,104
12/29/2004,GRI,NE,ACE,CE,Federal Contract Tower,0,17,8,0,25,0,0,27,3,30,0,17,35,3,55,30,2,32,87
12/30/2004,GRI,NE,ACE,CE,Federal Contract Tower,0,14,6,0,20,0,1,12,4,17,0,15,18,4,37,0,8,8,45
12/31/2004,GRI,NE,ACE,CE,Federal Contract Tower,0,16,5,0,21,0,1,34,3,38,0,17,39,3,59,44,0,44,103
01/01/2005,GRI,NE,ACE,CE,Federal Contract Tower,0,3,3,0,6,0,0,2,0,2,0,3,5,0,8,0,0,0,8
01/02/2005,GRI,NE,ACE,CE,Federal Contract Tower,0,7,21,0,28,0,0,13,0,13,0,7,34,0,41,2,0,2,43
01/03/2005,GRI,NE,ACE,CE,Federal Contract Tower,0,6,6,0,12,0,0,1,0,1,0,6,7,0,13,0,0,0,13
01/04/2005,GRI,NE,ACE,CE,Federal Contract Tower,0,10,6,0,16,0,0,0,0,0,0,10,6,0,16,0,0,0,16
01/05/2005,GRI,NE,ACE,CE,Federal Contract Tower,2,15,2,0,19,0,0,0,0,0,2,15,2,0,19,0,0,0,19
01/06/2005,GRI,NE,ACE,CE,Federal Contract Tower,0,17,1,0,18,0,0,1,8,9,0,17,2,8,27,0,14,14,41
01/07/2005,GRI,NE,ACE,CE,Federal Contract Tower,0,16,8,0,24,0,2,11,2,15,0,18,19,2,39,8,12,20,59
01/08/2005,GRI,NE,ACE,CE,Federal Contract Tower,1,11,3,0,15,0,0,2,0,2,1,11,5,0,17,0,0,0,17
01/09/2005,GRI,NE,ACE,CE,Federal Contract Tower,0,5,4,0,9,0,0,1,0,1,0,5,5,0,10,0,0,0,10
01/10/2005,GRI,NE,ACE,CE,Federal Contract Tower,0,19,11,0,30,0,0,4,0,4,0,19,15,0,34,0,0,0,34
01/11/2005,GRI,NE,ACE,CE,Federal Contract Tower,2,13,9,0,24,0,0,2,0,2,2,13,11,0,26,0,0,0,26
01/12/2005,GRI,NE,ACE,CE,Federal Contract Tower,0,22,5,0,27,0,0,0,0,0,0,22,5,0,27,0,0,0,27
01/13/2005,GRI,NE,ACE,CE,Federal Contract Tower,0,16,6,0,22,0,2,16,0,18,0,18,22,0,40,8,0,8,48
01/14/2005,GRI,NE,ACE,CE,Federal Contract Tower,0,13,15,0,28,0,2,6,0,8,0,15,21,0,36,0,0,0,36
01/15/2005,GRI,NE,ACE,CE,Federal Contract Tower,2,10,1,0,13,0,1,5,0,6,2,11,6,0,19,0,0,0,19
01/16/2005,GRI,NE,ACE,CE,Federal Contract Tower,0,3,5,0,8,0,0,21,0,21,0,3,26,0,29,26,0,26,55
01/17/2005,GRI,NE,ACE,CE,Federal Contract Tower,0,13,14,0,27,0,3,11,0,14,0,16,25,0,41,2,0,2,43
01/18/2005,GRI,NE,ACE,CE,Federal Contract Tower,0,20,7,0,27,0,1,14,4,19,0,21,21,4,46,0,0,0,46
01/19/2005,GRI,NE,ACE,CE,Federal Contract Tower,0,18,4,2,24,0,4,18,5,27,0,22,22,7,51,34,10,44,95
01/20/2005,GRI,NE,ACE,CE,Federal Contract Tower,0,18,14,2,34,0,2,31,6,39,0,20,45,8,73,16,0,16,89
01/21/2005,GRI,NE,ACE,CE,Federal Contract Tower,0,9,0,1,10,0,1,0,1,2,0,10,0,2,12,0,6,6,18
01/22/2005,GRI,NE,ACE,CE,Federal Contract Tower,0,13,7,0,20,0,1,6,2,9,0,14,13,2,29,6,22,28,57
01/23/2005,GRI,NE,ACE,CE,Federal Contract Tower,0,5,3,2,10,0,2,27,9,38,0,7,30,11,48,16,10,26,74
01/24/2005,GRI,NE,ACE,CE,Federal Contract Tower,0,13,6,0,19,0,1,23,0,24,0,14,29,0,43,8,0,8,51
01/25/2005,GRI,NE,ACE,CE,Federal Contract Tower,0,18,10,0,28,0,0,14,2,16,0,18,24,2,44,18,4,22,66
01/26/2005,GRI,NE,ACE,CE,Federal Contract Tower,0,16,12,2,30,0,2,2,3,7,0,18,14,5,37,0,0,0,37
01/27/2005,GRI,NE,ACE,CE,Federal Contract Tower,0,16,6,0,22,0,0,1,0,1,0,16,7,0,23,0,0,0,23
01/28/2005,GRI,NE,ACE,CE,Federal Contract Tower,0,12,5,0,17,0,0,1,0,1,0,12,6,0,18,0,0,0,18
01/29/2005,GRI,NE,ACE,CE,Federal Contract Tower,0,11,2,0,13,0,0,0,0,0,0,11,2,0,13,0,0,0,13
01/30/2005,GRI,NE,ACE,CE,Federal Contract Tower,0,3,4,0,7,0,0,0,0,0,0,3,4,0,7,0,0,0,7
01/31/2005,GRI,NE,ACE,CE,Federal Contract Tower,0,13,14,0,27,0,0,4,5,9,0,13,18,5,36,0,16,16,52
02/01/2005,GRI,NE,ACE,CE,Federal Contract Tower,0,25,13,0,38,0,0,4,1,5,0,25,17,1,43,6,0,6,49
02/02/2005,GRI,NE,ACE,CE,Federal Contract Tower,0,20,9,0,29,0,1,16,6,23,0,21,25,6,52,14,4,18,70
02/03/2005,GRI,NE,ACE,CE,Federal Contract Tower,0,16,6,0,22,0,1,28,5,34,0,17,34,5,56,2,16,18,74
02/04/2005,GRI,NE,ACE,CE,Federal Contract Tower,0,14,10,0,24,0,3,29,3,35,0,17,39,3,59,26,4,30,89
02/05/2005,GRI,NE,ACE,CE,Federal Contract Tower,0,9,8,0,17,0,1,11,0,12,0,10,19,0,29,12,0,12,41
02/06/2005,GRI,NE,ACE,CE,Federal Contract Tower,0,5,1,0,6,0,0,0,0,0,0,5,1,0,6,0,0,0,6
02/07/2005,GRI,NE,ACE,CE,Federal Contract Tower,0,13,11,0,24,0,0,4,0,4,0,13,15,0,28,0,0,0,28
02/08/2005,GRI,NE,ACE,CE,Federal Contract Tower,0,16,4,0,20,0,0,0,0,0,0,16,4,0,20,0,0,0,20
02/09/2005,GRI,NE,ACE,CE,Federal Contract Tower,0,18,12,0,30,0,1,13,2,16,0,19,25,2,46,0,0,0,46
02/10/2005,GRI,NE,ACE,CE,Federal Contract Tower,0,18,9,1,28,0,0,24,6,30,0,18,33,7,58,16,2,18,76
02/11/2005,GRI,NE,ACE,CE,Federal Contract Tower,0,15,14,0,29,0,2,40,4,46,0,17,54,4,75,8,14,22,97
02/12/2005,GRI,NE,ACE,CE,Federal Contract Tower,0,8,7,0,15,0,3,15,0,18,0,11,22,0,33,12,0,12,45
02/13/2005,GRI,NE,ACE,CE,Federal Contract Tower,0,4,3,2,9,0,0,1,0,1,0,4,4,2,10,0,0,0,10
02/14/2005,GRI,NE,ACE,CE,Federal Contract Tower,0,13,12,0,25,0,1,14,0,15,0,14,26,0,40,16,0,16,56
02/15/2005,GRI,NE,ACE,CE,Federal Contract Tower,0,19,11,0,30,0,1,10,7,18,0,20,21,7,48,16,14,30,78
02/16/2005,GRI,NE,ACE,CE,Federal Contract Tower,0,20,6,0,26,0,0,16,5,21,0,20,22,5,47,16,8,24,71
02/17/2005,GRI,NE,ACE,CE,Federal Contract Tower,0,18,18,0,36,0,0,27,2,29,0,18,45,2,65,4,18,22,87
02/18/2005,GRI,NE,ACE,CE,Federal Contract Tower,0,22,6,2,30,0,2,21,0,23,0,24,27,2,53,4,4,8,61
02/19/2005,GRI,NE,ACE,CE,Federal Contract Tower,0,12,1,0,13,0,0,0,0,0,0,12,1,0,13,0,0,0,13
02/20/2005,GRI,NE,ACE,CE,Federal Contract Tower,0,5,11,0,16,0,0,7,0,7,0,5,18,0,23,20,0,20,43
02/21/2005,GRI,NE,ACE,CE,Federal Contract Tower,0,15,8,0,23,0,0,6,0,6,0,15,14,0,29,0,0,0,29
02/22/2005,GRI,NE,ACE,CE,Federal Contract Tower,0,19,11,0,30,0,0,12,2,14,0,19,23,2,44,14,4,18,62
02/23/2005,GRI,NE,ACE,CE,Federal Contract Tower,0,23,16,0,39,0,1,3,0,4,0,24,19,0,43,0,0,0,43
02/24/2005,GRI,NE,ACE,CE,Federal Contract Tower,0,23,22,0,45,0,0,21,2,23,0,23,43,2,68,4,0,4,72
02/25/2005,GRI,NE,ACE,CE,Federal Contract Tower,2,16,8,0,26,0,4,23,8,35,2,20,31,8,61,32,18,50,111
02/26/2005,GRI,NE,ACE,CE,Federal Contract Tower,0,9,9,0,18,0,2,35,5,42,0,11,44,5,60,32,2,34,94
02/27/2005,GRI,NE,ACE,CE,Federal Contract Tower,0,5,13,0,18,0,0,5,6,11,0,5,18,6,29,0,0,0,29
02/28/2005,GRI,NE,ACE,CE,Federal Contract Tower,2,15,11,0,28,0,0,10,0,10,2,15,21,0,38,14,0,14,52
03/01/2005,GRI,NE,ACE,CE,Federal Contract Tower,0,16,6,1,23,0,0,20,1,21,0,16,26,2,44,0,0,0,44
03/02/2005,GRI,NE,ACE,CE,Federal Contract Tower,0,22,8,2,32,0,0,13,1,14,0,22,21,3,46,16,10,26,72
03/03/2005,GRI,NE,ACE,CE,Federal Contract Tower,0,15,10,1,26,0,2,29,2,33,0,17,39,3,59,16,0,16,75
03/04/2005,GRI,NE,ACE,CE,Federal Contract Tower,0,15,9,0,24,0,1,22,4,27,0,16,31,4,51,16,0,16,67
03/05/2005,GRI,NE,ACE,CE,Federal Contract Tower,0,9,4,2,15,0,2,28,0,30,0,11,32,2,45,26,0,26,71
03/06/2005,GRI,NE,ACE,CE,Federal Contract Tower,0,3,9,4,16,0,0,27,0,27,0,3,36,4,43,16,4,20,63
03/07/2005,GRI,NE,ACE,CE,Federal Contract Tower,0,17,9,0,26,0,0,7,0,7,0,17,16,0,33,0,0,0,33
03/08/2005,GRI,NE,ACE,CE,Federal Contract Tower,0,19,9,0,28,0,0,12,5,17,0,19,21,5,45,2,22,24,69
03/09/2005,GRI,NE,ACE,CE,Federal Contract Tower,0,18,26,2,46,0,0,17,4,21,0,18,43,6,67,40,4,44,111
03/10/2005,GRI,NE,ACE,CE,Federal Contract Tower,0,19,12,2,33,0,0,2,0,2,0,19,14,2,35,0,4,4,39
03/11/2005,GRI,NE,ACE,CE,Federal Contract Tower,0,17,16,3,36,0,1,20,9,30,0,18,36,12,66,32,30,62,128
03/12/2005,GRI,NE,ACE,CE,Federal Contract Tower,0,12,4,0,16,0,2,14,13,29,0,14,18,13,45,4,10,14,59
03/13/2005,GRI,NE,ACE,CE,Federal Contract Tower,0,5,14,0,19,0,0,9,8,17,0,5,23,8,36,0,0,0,36
03/14/2005,GRI,NE,ACE,CE,Federal Contract Tower,0,15,4,0,19,0,0,8,2,10,0,15,12,2,29,10,2,12,41
03/15/2005,GRI,NE,ACE,CE,Federal Contract Tower,0,16,11,2,29,0,0,24,8,32,0,16,35,10,61,0,0,0,61
03/16/2005,GRI,NE,ACE,CE,Federal Contract Tower,0,20,7,0,27,0,2,20,6,28,0,22,27,6,55,0,2,2,57
03/17/2005,GRI,NE,ACE,CE,Federal Contract Tower,0,20,15,0,35,0,2,4,7,13,0,22,19,7,48,0,4,4,52
03/18/2005,GRI,NE,ACE,CE,Federal Contract Tower,0,17,10,0,27,0,1,5,6,12,0,18,15,6,39,0,0,0,39
03/19/2005,GRI,NE,ACE,CE,Federal Contract Tower,0,9,13,4,26,0,1,26,2,29,0,10,39,6,55,12,0,12,67
03/20/2005,GRI,NE,ACE,CE,Federal Contract Tower,0,5,8,0,13,0,0,5,0,5,0,5,13,0,18,4,0,4,22
03/21/2005,GRI,NE,ACE,CE,Federal Contract Tower,0,15,13,0,28,0,0,2,0,2,0,15,15,0,30,0,0,0,30
03/22/2005,GRI,NE,ACE,CE,Federal Contract Tower,0,19,12,0,31,0,0,0,0,0,0,19,12,0,31,0,0,0,31
03/23/2005,GRI,NE,ACE,CE,Federal Contract Tower,0,16,15,2,33,0,2,24,3,29,0,18,39,5,62,36,4,40,102
03/24/2005,GRI,NE,ACE,CE,Federal Contract Tower,0,20,10,0,30,0,0,0,0,0,0,20,10,0,30,0,0,0,30
03/25/2005,GRI,NE,ACE,CE,Federal Contract Tower,0,19,13,0,32,0,0,0,0,0,0,19,13,0,32,0,0,0,32
03/26/2005,GRI,NE,ACE,CE,Federal Contract Tower,0,9,5,0,14,0,1,13,0,14,0,10,18,0,28,2,0,2,30
03/27/2005,GRI,NE,ACE,CE,Federal Contract Tower,0,5,10,0,15,0,0,17,0,17,0,5,27,0,32,6,0,6,38
03/28/2005,GRI,NE,ACE,CE,Federal Contract Tower,0,16,9,0,25,0,0,21,0,21,0,16,30,0,46,6,0,6,52
03/29/2005,GRI,NE,ACE,CE,Federal Contract Tower,0,19,8,0,27,0,0,20,5,25,0,19,28,5,52,2,8,10,62
03/30/2005,GRI,NE,ACE,CE,Federal Contract Tower,0,19,12,0,31,0,1,6,0,7,0,20,18,0,38,20,0,20,58
03/31/2005,GRI,NE,ACE,CE,Federal Contract Tower,0,21,8,0,29,0,1,21,2,24,0,22,29,2,53,8,0,8,61
04/01/2005,GRI,NE,ACE,CE,Federal Contract Tower,0,16,12,2,30,0,3,27,10,40,0,19,39,12,70,36,10,46,116
04/02/2005,GRI,NE,ACE,CE,Federal Contract Tower,0,7,2,0,9,0,2,28,2,32,0,9,30,2,41,0,0,0,41
04/03/2005,GRI,NE,ACE,CE,Federal Contract Tower,0,3,6,0,9,0,0,18,0,18,0,3,24,0,27,4,0,4,31
04/04/2005,GRI,NE,ACE,CE,Federal Contract Tower,2,18,12,0,32,0,0,24,3,27,2,18,36,3,59,24,10,34,93
04/05/2005,GRI,NE,ACE,CE,Federal Contract Tower,0,21,10,0,31,0,0,12,4,16,0,21,22,4,47,12,10,22,69
04/06/2005,GRI,NE,ACE,CE,Federal Contract Tower,0,21,6,2,29,0,0,10,0,10,0,21,16,2,39,2,0,2,41
04/07/2005,GRI,NE,ACE,CE,Federal Contract Tower,0,19,14,0,33,0,0,37,2,39,0,19,51,2,72,30,0,30,102
04/08/2005,GRI,NE,ACE,CE,Federal Contract Tower,4,17,12,0,33,0,1,24,5,30,4,18,36,5,63,0,38,38,101
04/09/2005,GRI,NE,ACE,CE,Federal Contract Tower,0,10,1,0,11,0,3,24,5,32,0,13,25,5,43,12,0,12,55
04/10/2005,GRI,NE,ACE,CE,Federal Contract Tower,0,0,2,0,2,0,0,0,0,0,0,0,2,0,2,0,0,0,2
04/11/2005,GRI,NE,ACE,CE,Federal Contract Tower,2,14,20,0,36,0,0,2,0,2,2,14,22,0,38,0,0,0,38
04/12/2005,GRI,NE,ACE,CE,Federal Contract Tower,0,19,14,0,33,0,0,9,1,10,0,19,23,1,43,0,0,0,43
04/13/2005,GRI,NE,ACE,CE,Federal Contract Tower,0,27,23,0,50,0,0,5,0,5,0,27,28,0,55,40,0,40,95
04/14/2005,GRI,NE,ACE,CE,Federal Contract Tower,0,19,21,0,40,0,1,35,5,41,0,20,56,5,81,23,0,23,104
04/15/2005,GRI,NE,ACE,CE,Federal Contract Tower,0,20,4,0,24,0,6,19,5,30,0,26,23,5,54,24,4,28,82
04/16/2005,GRI,NE,ACE,CE,Federal Contract Tower,0,14,6,0,20,0,0,7,0,7,0,14,13,0,27,6,0,6,33
04/17/2005,GRI,NE,ACE,CE,Federal Contract Tower,0,3,6,0,9,0,0,15,0,15,0,3,21,0,24,18,0,18,42
04/18/2005,GRI,NE,ACE,CE,Federal Contract Tower,0,15,15,0,30,0,0,7,0,7,0,15,22,0,37,0,0,0,37
04/19/2005,GRI,NE,ACE,CE,Federal Contract Tower,0,18,9,2,29,0,2,15,0,17,0,20,24,2,46,50,0,50,96
04/20/2005,GRI,NE,ACE,CE,Federal Contract Tower,0,18,15,2,35,0,1,10,1,12,0,19,25,3,47,40,0,40,87
04/21/2005,GRI,NE,ACE,CE,Federal Contract Tower,0,22,12,0,34,0,0,12,0,12,0,22,24,0,46,0,0,0,46
04/22/2005,GRI,NE,ACE,CE,Federal Contract Tower,0,19,5,0,24,0,3,16,4,23,0,22,21,4,47,0,6,6,53
04/23/2005,GRI,NE,ACE,CE,Federal Contract Tower,0,9,4,5,18,0,2,34,5,41,0,11,38,10,59,18,30,48,107
04/24/2005,GRI,NE,ACE,CE,Federal Contract Tower,0,3,5,0,8,0,0,36,6,42,0,3,41,6,50,12,0,12,62
04/25/2005,GRI,NE,ACE,CE,Federal Contract Tower,0,15,14,0,29,0,0,25,2,27,0,15,39,2,56,24,0,24,80
04/26/2005,GRI,NE,ACE,CE,Federal Contract Tower,0,17,14,0,31,0,1,8,3,12,0,18,22,3,43,0,2,2,45
04/27/2005,GRI,NE,ACE,CE,Federal Contract Tower,0,19,18,2,39,0,1,21,6,28,0,20,39,8,67,76,16,92,159
04/28/2005,GRI,NE,ACE,CE,Federal Contract Tower,0,19,12,0,31,0,2,7,3,12,0,21,19,3,43,0,0,0,43
04/29/2005,GRI,NE,ACE,CE,Federal Contract Tower,0,18,8,0,26,0,0,10,0,10,0,18,18,0,36,0,0,0,36
04/30/2005,GRI,NE,ACE,CE,Federal Contract Tower,0,10,7,0,17,0,1,19,0,20,0,11,26,0,37,18,0,18,55
05/01/2005,GRI,NE,ACE,CE,Federal Contract Tower,0,3,4,0,7,0,0,15,0,15,0,3,19,0,22,0,0,0,22
05/02/2005,GRI,NE,ACE,CE,Federal Contract Tower,0,14,15,0,29,0,0,18,6,24,0,14,33,6,53,0,14,14,67
05/03/2005,GRI,NE,ACE,CE,Federal Contract Tower,0,15,6,0,21,0,0,15,5,20,0,15,21,5,41,10,18,28,69
05/04/2005,GRI,NE,ACE,CE,Federal Contract Tower,0,18,13,0,31,0,2,9,8,19,0,20,22,8,50,18,12,30,80
05/05/2005,GRI,NE,ACE,CE,Federal Contract Tower,0,17,5,0,22,0,0,15,2,17,0,17,20,2,39,10,0,10,49
05/06/2005,GRI,NE,ACE,CE,Federal Contract Tower,0,14,10,0,24,0,2,8,2,12,0,16,18,2,36,0,0,0,36
05/07/2005,GRI,NE,ACE,CE,Federal Contract Tower,0,10,7,0,17,0,2,14,0,16,0,12,21,0,33,0,0,0,33
05/08/2005,GRI,NE,ACE,CE,Federal Contract Tower,0,3,3,0,6,0,0,7,0,7,0,3,10,0,13,2,0,2,15
05/09/2005,GRI,NE,ACE,CE,Federal Contract Tower,0,17,23,0,40,0,0,30,0,30,0,17,53,0,70,18,0,18,88
05/10/2005,GRI,NE,ACE,CE,Federal Contract Tower,0,13,10,2,25,0,3,17,2,22,0,16,27,4,47,18,0,18,65
05/11/2005,GRI,NE,ACE,CE,Federal Contract Tower,0,17,8,0,25,0,0,0,0,0,0,17,8,0,25,4,0,4,29
05/12/2005,GRI,NE,ACE,CE,Federal Contract Tower,0,26,16,0,42,0,0,15,2,17,0,26,31,2,59,0,0,0,59
05/13/2005,GRI,NE,ACE,CE,Federal Contract Tower,0,24,26,0,50,0,2,19,1,22,0,26,45,1,72,4,0,4,76
05/14/2005,GRI,NE,ACE,CE,Federal Contract Tower,0,7,5,0,12,0,3,9,0,12,0,10,14,0,24,6,0,6,30
05/15/2005,GRI,NE,ACE,CE,Federal Contract Tower,0,3,7,0,10,0,0,32,0,32,0,3,39,0,42,34,0,34,76
05/16/2005,GRI,NE,ACE,CE,Federal Contract Tower,0,15,9,2,26,0,0,20,0,20,0,15,29,2,46,26,0,26,72
05/17/2005,GRI,NE,ACE,CE,Federal Contract Tower,0,15,9,0,24,0,1,3,2,6,0,16,12,2,30,0,4,4,34
05/18/2005,GRI,NE,ACE,CE,Federal Contract Tower,0,21,6,4,31,0,0,13,4,17,0,21,19,8,48,10,4,14,62
05/19/2005,GRI,NE,ACE,CE,Federal Contract Tower,0,17,7,0,24,0,1,25,2,28,0,18,32,2,52,8,0,8,60
05/20/2005,GRI,NE,ACE,CE,Federal Contract Tower,0,14,11,0,25,0,5,19,10,34,0,19,30,10,59,8,4,12,71
05/21/2005,GRI,NE,ACE,CE,Federal Contract Tower,0,9,9,0,18,0,1,7,2,10,0,10,16,2,28,14,0,14,42
05/22/2005,GRI,NE,ACE,CE,Federal Contract Tower,0,3,4,0,7,0,0,32,17,49,0,3,36,17,56,12,0,12,68
05/23/2005,GRI,NE,ACE,CE,Federal Contract Tower,2,16,8,1,27,0,4,25,2,31,2,20,33,3,58,10,0,10,68
05/24/2005,GRI,NE,ACE,CE,Federal Contract Tower,0,14,3,0,17,0,1,13,2,16,0,15,16,2,33,4,2,6,39
05/25/2005,GRI,NE,ACE,CE,Federal Contract Tower,0,17,9,0,26,0,3,12,2,17,0,20,21,2,43,0,0,0,43
05/26/2005,GRI,NE,ACE,CE,Federal Contract Tower,0,18,13,2,33,0,2,27,5,34,0,20,40,7,67,10,10,20,87
05/27/2005,GRI,NE,ACE,CE,Federal Contract Tower,2,14,10,0,26,0,5,31,0,36,2,19,41,0,62,6,0,6,68
05/28/2005,GRI,NE,ACE,CE,Federal Contract Tower,0,9,8,0,17,0,1,17,2,20,0,10,25,2,37,18,0,18,55
05/29/2005,GRI,NE,ACE,CE,Federal Contract Tower,0,3,4,0,7,0,0,27,0,27,0,3,31,0,34,0,0,0,34
05/30/2005,GRI,NE,ACE,CE,Federal Contract Tower,0,5,9,0,14,0,0,25,6,31,0,5,34,6,45,10,0,10,55
05/31/2005,GRI,NE,ACE,CE,Federal Contract Tower,0,21,16,0,37,0,0,4,0,4,0,21,20,0,41,0,0,0,41
06/01/2005,GRI,NE,ACE,CE,Federal Contract Tower,0,17,5,0,22,0,1,6,6,13,0,18,11,6,35,42,8,50,85
06/02/2005,GRI,NE,ACE,CE,Federal Contract Tower,0,19,6,0,25,0,0,1,1,2,0,19,7,1,27,0,2,2,29
06/03/2005,GRI,NE,ACE,CE,Federal Contract Tower,0,19,18,2,39,0,2,14,4,20,0,21,32,6,59,6,10,16,75
06/04/2005,GRI,NE,ACE,CE,Federal Contract Tower,0,8,5,0,13,0,1,6,0,7,0,9,11,0,20,0,0,0,20
06/05/2005,GRI,NE,ACE,CE,Federal Contract Tower,0,5,7,0,12,0,0,19,8,27,0,5,26,8,39,22,4,26,65
06/06/2005,GRI,NE,ACE,CE,Federal Contract Tower,0,17,13,1,31,0,0,12,4,16,0,17,25,5,47,0,0,0,47
06/07/2005,GRI,NE,ACE,CE,Federal Contract Tower,0,16,6,0,22,0,2,19,0,21,0,18,25,0,43,0,0,0,43
06/08/2005,GRI,NE,ACE,CE,Federal Contract Tower,0,18,12,2,32,0,5,27,0,32,0,23,39,2,64,34,2,36,100
06/09/2005,GRI,NE,ACE,CE,Federal Contract Tower,0,16,2,2,20,0,2,8,0,10,0,18,10,2,30,14,0,14,44
06/10/2005,GRI,NE,ACE,CE,Federal Contract Tower,0,17,5,2,24,0,1,5,0,6,0,18,10,2,30,4,0,4,34
06/11/2005,GRI,NE,ACE,CE,Federal Contract Tower,0,9,1,2,12,0,1,24,0,25,0,10,25,2,37,24,4,28,65
06/12/2005,GRI,NE,ACE,CE,Federal Contract Tower,0,3,12,0,15,0,0,15,5,20,0,3,27,5,35,24,4,28,63
06/13/2005,GRI,NE,ACE,CE,Federal Contract Tower,0,15,11,0,26,0,2,12,0,14,0,17,23,0,40,0,0,0,40
06/14/2005,GRI,NE,ACE,CE,Federal Contract Tower,0,19,5,2,26,0,3,13,4,20,0,22,18,6,46,0,0,0,46
06/15/2005,GRI,NE,ACE,CE,Federal Contract Tower,0,21,25,2,48,0,2,37,4,43,0,23,62,6,91,46,0,46,137
06/16/2005,GRI,NE,ACE,CE,Federal Contract Tower,0,22,10,0,32,0,0,21,4,25,0,22,31,4,57,0,0,0,57
06/17/2005,GRI,NE,ACE,CE,Federal Contract Tower,0,11,22,0,33,0,5,23,2,30,0,16,45,2,63,26,0,26,89
06/18/2005,GRI,NE,ACE,CE,Federal Contract Tower,0,8,4,0,12,0,2,6,2,10,0,10,10,2,22,0,0,0,22
06/19/2005,GRI,NE,ACE,CE,Federal Contract Tower,0,5,7,0,12,0,0,23,0,23,0,5,30,0,35,38,0,38,73
06/20/2005,GRI,NE,ACE,CE,Federal Contract Tower,0,15,12,0,27,0,0,17,0,17,0,15,29,0,44,12,0,12,56
06/21/2005,GRI,NE,ACE,CE,Federal Contract Tower,0,16,14,0,30,0,2,23,2,27,0,18,37,2,57,28,0,28,85
06/22/2005,GRI,NE,ACE,CE,Federal Contract Tower,0,18,18,0,36,0,0,25,0,25,0,18,43,0,61,14,0,14,75
06/23/2005,GRI,NE,ACE,CE,Federal Contract Tower,0,17,4,0,21,0,1,18,0,19,0,18,22,0,40,0,0,0,40
06/24/2005,GRI,NE,ACE,CE,Federal Contract Tower,0,15,13,0,28,0,2,22,2,26,0,17,35,2,54,4,2,6,60
06/25/2005,GRI,NE,ACE,CE,Federal Contract Tower,0,13,11,0,24,0,0,3,5,8,0,13,14,5,32,2,2,4,36
06/26/2005,GRI,NE,ACE,CE,Federal Contract Tower,0,3,6,0,9,0,0,22,0,22,0,3,28,0,31,0,0,0,31
06/27/2005,GRI,NE,ACE,CE,Federal Contract Tower,2,16,11,0,29,0,1,23,2,26,2,17,34,2,55,30,0,30,85
06/28/2005,GRI,NE,ACE,CE,Federal Contract Tower,2,19,25,0,46,0,0,21,2,23,2,19,46,2,69,8,8,16,85
06/29/2005,GRI,NE,ACE,CE,Federal Contract Tower,0,16,4,0,20,0,1,39,4,44,0,17,43,4,64,20,4,24,88
06/30/2005,GRI,NE,ACE,CE,Federal Contract Tower,0,19,6,0,25,0,1,20,4,25,0,20,26,4,50,18,10,28,78
07/01/2005,GRI,NE,ACE,CE,Federal Contract Tower,2,16,18,0,36,0,1,28,0,29,2,17,46,0,65,28,0,28,93
07/02/2005,GRI,NE,ACE,CE,Federal Contract Tower,0,11,6,0,17,0,1,27,0,28,0,12,33,0,45,20,0,20,65
07/03/2005,GRI,NE,ACE,CE,Federal Contract Tower,0,3,4,0,7,0,0,14,3,17,0,3,18,3,24,14,0,14,38
07/04/2005,GRI,NE,ACE,CE,Federal Contract Tower,0,5,3,0,8,0,0,15,0,15,0,5,18,0,23,0,0,0,23
07/05/2005,GRI,NE,ACE,CE,Federal Contract Tower,0,15,21,0,36,0,1,21,0,22,0,16,42,0,58,0,0,0,58
07/06/2005,GRI,NE,ACE,CE,Federal Contract Tower,0,20,12,0,32,0,0,23,3,26,0,20,35,3,58,34,4,38,96
07/07/2005,GRI,NE,ACE,CE,Federal Contract Tower,0,18,6,0,24,0,0,28,2,30,0,18,34,2,54,0,0,0,54
07/08/2005,GRI,NE,ACE,CE,Federal Contract Tower,0,21,6,0,27,0,3,12,8,23,0,24,18,8,50,0,12,12,62
07/09/2005,GRI,NE,ACE,CE,Federal Contract Tower,0,13,11,2,26,0,1,22,20,43,0,14,33,22,69,22,42,64,133
07/10/2005,GRI,NE,ACE,CE,Federal Contract Tower,0,3,7,0,10,0,0,18,12,30,0,3,25,12,40,12,18,30,70
07/11/2005,GRI,NE,ACE,CE,Federal Contract Tower,0,15,15,0,30,0,1,23,0,24,0,16,38,0,54,24,0,24,78
07/12/2005,GRI,NE,ACE,CE,Federal Contract Tower,0,19,6,0,25,0,0,23,1,24,0,19,29,1,49,18,0,18,67
07/13/2005,GRI,NE,ACE,CE,Federal Contract Tower,0,19,14,0,33,0,0,24,7,31,0,19,38,7,64,36,0,36,100
07/14/2005,GRI,NE,ACE,CE,Federal Contract Tower,0,17,12,0,29,0,2,19,2,23,0,19,31,2,52,8,0,8,60
07/15/2005,GRI,NE,ACE,CE,Federal Contract Tower,0,15,16,0,31,0,1,22,2,25,0,16,38,2,56,0,0,0,56
07/16/2005,GRI,NE,ACE,CE,Federal Contract Tower,0,9,6,0,15,0,1,18,0,19,0,10,24,0,34,16,0,16,50
07/17/2005,GRI,NE,ACE,CE,Federal Contract Tower,0,6,11,0,17,0,0,26,0,26,0,6,37,0,43,26,0,26,69
07/18/2005,GRI,NE,ACE,CE,Federal Contract Tower,0,16,15,0,31,0,0,26,0,26,0,16,41,0,57,2,0,2,59
07/19/2005,GRI,NE,ACE,CE,Federal Contract Tower,0,23,13,2,38,0,3,25,2,30,0,26,38,4,68,2,0,2,70
07/20/2005,GRI,NE,ACE,CE,Federal Contract Tower,0,18,14,0,32,0,0,30,2,32,0,18,44,2,64,16,0,16,80
07/21/2005,GRI,NE,ACE,CE,Federal Contract Tower,0,21,21,0,42,0,0,31,0,31,0,21,52,0,73,6,0,6,79
07/22/2005,GRI,NE,ACE,CE,Federal Contract Tower,0,17,10,4,31,0,1,23,4,28,0,18,33,8,59,18,26,44,103
07/23/2005,GRI,NE,ACE,CE,Federal Contract Tower,0,10,4,0,14,0,2,36,2,40,0,12,40,2,54,0,0,0,54
07/24/2005,GRI,NE,ACE,CE,Federal Contract Tower,0,5,18,0,23,0,0,25,0,25,0,5,43,0,48,0,0,0,48
07/25/2005,GRI,NE,ACE,CE,Federal Contract Tower,0,16,13,0,29,0,0,15,2,17,0,16,28,2,46,2,24,26,72
07/26/2005,GRI,NE,ACE,CE,Federal Contract Tower,0,17,18,2,37,0,0,7,1,8,0,17,25,3,45,0,0,0,45
07/27/2005,GRI,NE,ACE,CE,Federal Contract Tower,0,20,12,2,34,0,0,21,2,23,0,20,33,4,57,8,14,22,79
07/28/2005,GRI,NE,ACE,CE,Federal Contract Tower,0,20,11,0,31,0,0,41,2,43,0,20,52,2,74,20,0,20,94
07/29/2005,GRI,NE,ACE,CE,Federal Contract Tower,0,15,8,0,23,0,1,20,0,21,0,16,28,0,44,4,0,4,48
07/30/2005,GRI,NE,ACE,CE,Federal Contract Tower,0,10,2,0,12,0,0,33,0,33,0,10,35,0,45,20,0,20,65
07/31/2005,GRI,NE,ACE,CE,Federal Contract Tower,0,7,3,0,10,0,0,20,0,20,0,7,23,0,30,26,0,26,56
08/01/2005,GRI,NE,ACE,CE,Federal Contract Tower,0,17,15,0,32,0,0,25,0,25,0,17,40,0,57,32,0,32,89
08/02/2005,GRI,NE,ACE,CE,Federal Contract Tower,0,15,6,0,21,0,1,19,0,20,0,16,25,0,41,8,0,8,49
08/03/2005,GRI,NE,ACE,CE,Federal Contract Tower,0,20,11,0,31,0,0,14,4,18,0,20,25,4,49,30,0,30,79
08/04/2005,GRI,NE,ACE,CE,Federal Contract Tower,0,23,8,0,31,0,0,17,1,18,0,23,25,1,49,12,0,12,61
08/05/2005,GRI,NE,ACE,CE,Federal Contract Tower,0,16,13,0,29,0,1,49,6,56,0,17,62,6,85,32,2,34,119
08/06/2005,GRI,NE,ACE,CE,Federal Contract Tower,0,10,4,2,16,0,1,20,6,27,0,11,24,8,43,2,2,4,47
08/07/2005,GRI,NE,ACE,CE,Federal Contract Tower,0,6,8,0,14,0,0,27,10,37,0,6,35,10,51,10,0,10,61
08/08/2005,GRI,NE,ACE,CE,Federal Contract Tower,0,17,10,1,28,0,2,21,1,24,0,19,31,2,52,0,0,0,52
08/09/2005,GRI,NE,ACE,CE,Federal Contract Tower,0,19,6,2,27,0,0,22,2,24,0,19,28,4,51,0,0,0,51
08/10/2005,GRI,NE,ACE,CE,Federal Contract Tower,0,17,8,0,25,0,2,8,3,13,0,19,16,3,38,4,12,16,54
08/11/2005,GRI,NE,ACE,CE,Federal Contract Tower,0,18,10,0,28,0,0,3,2,5,0,18,13,2,33,0,8,8,41
08/12/2005,GRI,NE,ACE,CE,Federal Contract Tower,0,8,8,0,16,0,2,1,0,3,0,10,9,0,19,0,0,0,19
08/13/2005,GRI,NE,ACE,CE,Federal Contract Tower,0,9,5,0,14,0,2,4,0,6,0,11,9,0,20,8,0,8,28
08/14/2005,GRI,NE,ACE,CE,Federal Contract Tower,0,4,21,0,25,0,0,21,4,25,0,4,42,4,50,8,0,8,58
08/15/2005,GRI,NE,ACE,CE,Federal Contract Tower,0,15,12,2,29,0,0,26,2,28,0,15,38,4,57,30,0,30,87
08/16/2005,GRI,NE,ACE,CE,Federal Contract Tower,0,16,5,0,21,0,0,35,3,38,0,16,40,3,59,12,22,34,93
08/17/2005,GRI,NE,ACE,CE,Federal Contract Tower,0,23,19,0,42,0,0,8,3,11,0,23,27,3,53,0,0,0,53
08/18/2005,GRI,NE,ACE,CE,Federal Contract Tower,0,22,14,0,36,0,0,19,7,26,0,22,33,7,62,18,22,40,102
08/19/2005,GRI,NE,ACE,CE,Federal Contract Tower,0,17,11,2,30,0,1,4,8,13,0,18,15,10,43,0,10,10,53
08/20/2005,GRI,NE,ACE,CE,Federal Contract Tower,0,8,6,0,14,0,2,21,4,27,0,10,27,4,41,6,4,10,51
08/21/2005,GRI,NE,ACE,CE,Federal Contract Tower,0,5,10,0,15,0,0,23,0,23,0,5,33,0,38,36,0,36,74
08/22/2005,GRI,NE,ACE,CE,Federal Contract Tower,0,15,18,0,33,0,0,2,0,2,0,15,20,0,35,0,0,0,35
08/23/2005,GRI,NE,ACE,CE,Federal Contract Tower,0,14,15,0,29,0,0,6,6,12,0,14,21,6,41,0,8,8,49
08/24/2005,GRI,NE,ACE,CE,Federal Contract Tower,0,15,12,0,27,0,0,5,3,8,0,15,17,3,35,0,26,26,61
08/25/2005,GRI,NE,ACE,CE,Federal Contract Tower,0,19,15,0,34,0,0,4,2,6,0,19,19,2,40,8,8,16,56
08/26/2005,GRI,NE,ACE,CE,Federal Contract Tower,0,17,9,0,26,0,0,22,8,30,0,17,31,8,56,10,12,22,78
08/27/2005,GRI,NE,ACE,CE,Federal Contract Tower,0,8,6,1,15,0,2,25,1,28,0,10,31,2,43,24,12,36,79
08/28/2005,GRI,NE,ACE,CE,Federal Contract Tower,0,5,6,0,11,0,0,11,0,11,0,5,17,0,22,34,0,34,56
08/29/2005,GRI,NE,ACE,CE,Federal Contract Tower,0,13,8,0,21,0,2,27,4,33,0,15,35,4,54,24,0,24,78
08/30/2005,GRI,NE,ACE,CE,Federal Contract Tower,0,15,6,1,22,0,0,20,7,27,0,15,26,8,49,0,0,0,49
08/31/2005,GRI,NE,ACE,CE,Federal Contract Tower,0,19,8,0,27,0,0,11,2,13,0,19,19,2,40,0,0,0,40
09/01/2005,GRI,NE,ACE,CE,Federal Contract Tower,0,20,13,0,33,0,0,17,4,21,0,20,30,4,54,6,2,8,62
09/02/2005,GRI,NE,ACE,CE,Federal Contract Tower,0,15,12,0,27,0,3,23,0,26,0,18,35,0,53,2,0,2,55
09/03/2005,GRI,NE,ACE,CE,Federal Contract Tower,0,9,2,0,11,0,1,18,0,19,0,10,20,0,30,4,0,4,34
09/04/2005,GRI,NE,ACE,CE,Federal Contract Tower,0,5,2,0,7,0,0,27,0,27,0,5,29,0,34,10,0,10,44
09/05/2005,GRI,NE,ACE,CE,Federal Contract Tower,2,9,13,2,26,0,0,6,0,6,2,9,19,2,32,8,0,8,40
09/06/2005,GRI,NE,ACE,CE,Federal Contract Tower,0,16,13,0,29,0,1,22,0,23,0,17,35,0,52,28,0,28,80
09/07/2005,GRI,NE,ACE,CE,Federal Contract Tower,0,15,5,0,20,0,1,24,1,26,0,16,29,1,46,8,0,8,54
09/08/2005,GRI,NE,ACE,CE,Federal Contract Tower,0,18,6,0,24,0,0,14,0,14,0,18,20,0,38,8,0,8,46
09/09/2005,GRI,NE,ACE,CE,Federal Contract Tower,2,19,12,0,33,0,1,23,2,26,2,20,35,2,59,24,0,24,83
09/10/2005,GRI,NE,ACE,CE,Federal Contract Tower,0,9,8,0,17,0,1,11,4,16,0,10,19,4,33,14,0,14,47
09/11/2005,GRI,NE,ACE,CE,Federal Contract Tower,0,9,5,0,14,0,0,16,6,22,0,9,21,6,36,4,2,6,42
09/12/2005,GRI,NE,ACE,CE,Federal Contract Tower,0,13,19,0,32,0,0,7,0,7,0,13,26,0,39,0,0,0,39
09/13/2005,GRI,NE,ACE,CE,Federal Contract Tower,0,17,26,0,43,0,0,22,7,29,0,17,48,7,72,6,8,14,86
09/14/2005,GRI,NE,ACE,CE,Federal Contract Tower,0,15,18,2,35,0,1,50,2,53,0,16,68,4,88,18,10,28,116
09/15/2005,GRI,NE,ACE,CE,Federal Contract Tower,0,17,12,0,29,0,0,53,2,55,0,17,65,2,84,12,0,12,96
09/16/2005,GRI,NE,ACE,CE,Federal Contract Tower,0,16,13,2,31,0,2,23,0,25,0,18,36,2,56,16,0,16,72
09/17/2005,GRI,NE,ACE,CE,Federal Contract Tower,0,8,1,0,9,0,2,11,2,15,0,10,12,2,24,6,0,6,30
09/18/2005,GRI,NE,ACE,CE,Federal Contract Tower,0,3,7,0,10,0,0,13,0,13,0,3,20,0,23,14,0,14,37
09/19/2005,GRI,NE,ACE,CE,Federal Contract Tower,0,10,16,0,26,0,1,11,0,12,0,11,27,0,38,6,0,6,44
09/20/2005,GRI,NE,ACE,CE,Federal Contract Tower,2,15,15,0,32,0,1,37,2,40,2,16,52,2,72,12,0,12,84
09/21/2005,GRI,NE,ACE,CE,Federal Contract Tower,1,15,14,0,30,0,0,25,0,25,1,15,39,0,55,2,0,2,57
09/22/2005,GRI,NE,ACE,CE,Federal Contract Tower,0,14,13,2,29,0,2,27,0,29,0,16,40,2,58,10,0,10,68
09/23/2005,GRI,NE,ACE,CE,Federal Contract Tower,2,14,1,0,17,0,2,19,2,23,2,16,20,2,40,38,0,38,78
09/24/2005,GRI,NE,ACE,CE,Federal Contract Tower,0,8,3,0,11,0,0,19,1,20,0,8,22,1,31,6,0,6,37
09/25/2005,GRI,NE,ACE,CE,Federal Contract Tower,0,5,15,0,20,0,0,0,0,0,0,5,15,0,20,0,0,0,20
09/26/2005,GRI,NE,ACE,CE,Federal Contract Tower,0,12,10,0,22,0,0,28,0,28,0,12,38,0,50,8,0,8,58
09/27/2005,GRI,NE,ACE,CE,Federal Contract Tower,0,15,14,0,29,0,1,31,0,32,0,16,45,0,61,14,0,14,75
09/28/2005,GRI,NE,ACE,CE,Federal Contract Tower,0,19,20,0,39,0,0,6,0,6,0,19,26,0,45,0,0,0,45
09/29/2005,GRI,NE,ACE,CE,Federal Contract Tower,0,19,3,0,22,0,0,15,0,15,0,19,18,0,37,4,0,4,41
09/30/2005,GRI,NE,ACE,CE,Federal Contract Tower,0,12,3,0,15,0,4,20,2,26,0,16,23,2,41,10,0,10,51
10/01/2005,GRI,NE,ACE,CE,Federal Contract Tower,0,10,3,0,13,0,3,27,0,30,0,13,30,0,43,4,0,4,47
10/02/2005,GRI,NE,ACE,CE,Federal Contract Tower,0,3,9,0,12,0,0,9,0,9,0,3,18,0,21,14,0,14,35
10/03/2005,GRI,NE,ACE,CE,Federal Contract Tower,0,11,10,0,21,0,0,11,0,11,0,11,21,0,32,16,0,16,48
10/04/2005,GRI,NE,ACE,CE,Federal Contract Tower,0,15,10,4,29,0,0,10,0,10,0,15,20,4,39,0,4,4,43
10/05/2005,GRI,NE,ACE,CE,Federal Contract Tower,0,17,12,1,30,0,0,10,7,17,0,17,22,8,47,18,22,40,87
10/06/2005,GRI,NE,ACE,CE,Federal Contract Tower,0,16,12,0,28,0,0,36,6,42,0,16,48,6,70,54,10,64,134
10/07/2005,GRI,NE,ACE,CE,Federal Contract Tower,0,15,4,3,22,0,1,32,4,37,0,16,36,7,59,32,0,32,91
10/08/2005,GRI,NE,ACE,CE,Federal Contract Tower,0,9,6,0,15,0,1,16,0,17,0,10,22,0,32,0,0,0,32
10/09/2005,GRI,NE,ACE,CE,Federal Contract Tower,0,3,8,0,11,0,0,18,0,18,0,3,26,0,29,14,0,14,43
10/10/2005,GRI,NE,ACE,CE,Federal Contract Tower,0,12,11,2,25,0,1,21,0,22,0,13,32,2,47,46,2,48,95
10/11/2005,GRI,NE,ACE,CE,Federal Contract Tower,0,14,8,3,25,0,0,2,0,2,0,14,10,3,27,0,0,0,27
10/12/2005,GRI,NE,ACE,CE,Federal Contract Tower,0,18,19,0,37,0,0,10,0,10,0,18,29,0,47,18,0,18,65
10/13/2005,GRI,NE,ACE,CE,Federal Contract Tower,0,16,3,0,19,0,0,28,5,33,0,16,31,5,52,14,20,34,86
10/14/2005,GRI,NE,ACE,CE,Federal Contract Tower,0,14,18,0,32,0,1,22,2,25,0,15,40,2,57,18,6,24,81
10/15/2005,GRI,NE,ACE,CE,Federal Contract Tower,0,12,9,0,21,0,0,38,5,43,0,12,47,5,64,12,0,12,76
10/16/2005,GRI,NE,ACE,CE,Federal Contract Tower,0,6,6,0,12,0,0,23,4,27,0,6,29,4,39,12,0,12,51
10/17/2005,GRI,NE,ACE,CE,Federal Contract Tower,2,14,17,0,33,0,0,20,1,21,2,14,37,1,54,30,0,30,84
10/18/2005,GRI,NE,ACE,CE,Federal Contract Tower,0,20,20,1,41,0,0,29,5,34,0,20,49,6,75,62,14,76,151
10/19/2005,GRI,NE,ACE,CE,Federal Contract Tower,0,20,10,4,34,0,1,22,6,29,0,21,32,10,63,32,10,42,105
10/20/2005,GRI,NE,ACE,CE,Federal Contract Tower,0,17,8,0,25,0,0,24,0,24,0,17,32,0,49,2,0,2,51
10/21/2005,GRI,NE,ACE,CE,Federal Contract Tower,0,13,11,0,24,0,0,18,2,20,0,13,29,2,44,28,0,28,72
10/22/2005,GRI,NE,ACE,CE,Federal Contract Tower,0,9,8,0,17,0,1,15,2,18,0,10,23,2,35,8,2,10,45
10/23/2005,GRI,NE,ACE,CE,Federal Contract Tower,0,3,10,2,15,0,0,20,0,20,0,3,30,2,35,26,0,26,61
10/24/2005,GRI,NE,ACE,CE,Federal Contract Tower,2,11,20,2,35,0,0,31,2,33,2,11,51,4,68,36,2,38,106
10/25/2005,GRI,NE,ACE,CE,Federal Contract Tower,0,15,18,2,35,0,4,26,7,37,0,19,44,9,72,10,6,16,88
10/26/2005,GRI,NE,ACE,CE,Federal Contract Tower,0,15,11,2,28,0,1,27,4,32,0,16,38,6,60,2,2,4,64
10/27/2005,GRI,NE,ACE,CE,Federal Contract Tower,0,13,10,2,25,0,1,29,5,35,0,14,39,7,60,8,24,32,92
10/28/2005,GRI,NE,ACE,CE,Federal Contract Tower,2,14,3,0,19,0,0,20,4,24,2,14,23,4,43,0,0,0,43
10/29/2005,GRI,NE,ACE,CE,Federal Contract Tower,0,8,4,0,12,0,4,16,0,20,0,12,20,0,32,4,0,4,36
10/30/2005,GRI,NE,ACE,CE,Federal Contract Tower,0,3,3,0,6,0,0,42,0,42,0,3,45,0,48,36,0,36,84
10/31/2005,GRI,NE,ACE,CE,Federal Contract Tower,0,14,8,2,24,0,0,5,0,5,0,14,13,2,29,22,0,22,51
11/01/2005,GRI,NE,ACE,CE,Federal Contract Tower,0,13,8,0,21,0,2,27,3,32,0,15,35,3,53,20,0,20,73
11/02/2005,GRI,NE,ACE,CE,Federal Contract Tower,0,14,16,0,30,0,0,24,5,29,0,14,40,5,59,4,0,4,63
11/03/2005,GRI,NE,ACE,CE,Federal Contract Tower,0,15,15,2,32,0,1,22,2,25,0,16,37,4,57,28,4,32,89
11/04/2005,GRI,NE,ACE,CE,Federal Contract Tower,0,12,14,2,28,0,2,25,6,33,0,14,39,8,61,18,24,42,103
11/05/2005,GRI,NE,ACE,CE,Federal Contract Tower,0,9,4,0,13,0,1,17,4,22,0,10,21,4,35,0,6,6,41
11/06/2005,GRI,NE,ACE,CE,Federal Contract Tower,2,4,5,4,15,0,0,24,0,24,2,4,29,4,39,8,0,8,47
11/07/2005,GRI,NE,ACE,CE,Federal Contract Tower,0,13,9,0,22,0,2,22,7,31,0,15,31,7,53,22,14,36,89
11/08/2005,GRI,NE,ACE,CE,Federal Contract Tower,0,12,17,0,29,0,2,16,5,23,0,14,33,5,52,0,14,14,66
11/09/2005,GRI,NE,ACE,CE,Federal Contract Tower,0,18,9,0,27,0,2,18,7,27,0,20,27,7,54,10,12,22,76
11/10/2005,GRI,NE,ACE,CE,Federal Contract Tower,2,17,15,6,40,0,1,11,6,18,2,18,26,12,58,0,2,2,60
11/11/2005,GRI,NE,ACE,CE,Federal Contract Tower,0,16,5,0,21,0,3,19,0,22,0,19,24,0,43,18,0,18,61
11/12/2005,GRI,NE,ACE,CE,Federal Contract Tower,0,10,1,0,11,0,1,5,0,6,0,11,6,0,17,0,0,0,17
11/13/2005,GRI,NE,ACE,CE,Federal Contract Tower,0,5,3,0,8,0,0,19,0,19,0,5,22,0,27,0,0,0,27
11/14/2005,GRI,NE,ACE,CE,Federal Contract Tower,0,13,18,0,31,0,0,5,0,5,0,13,23,0,36,2,0,2,38
11/15/2005,GRI,NE,ACE,CE,Federal Contract Tower,0,14,12,0,26,0,1,0,0,1,0,15,12,0,27,0,0,0,27
11/16/2005,GRI,NE,ACE,CE,Federal Contract Tower,0,16,13,0,29,0,3,18,6,27,0,19,31,6,56,6,16,22,78
11/17/2005,GRI,NE,ACE,CE,Federal Contract Tower,0,18,11,0,29,0,1,13,3,17,0,19,24,3,46,16,8,24,70
11/18/2005,GRI,NE,ACE,CE,Federal Contract Tower,0,16,5,0,21,0,3,22,2,27,0,19,27,2,48,14,0,14,62
11/19/2005,GRI,NE,ACE,CE,Federal Contract Tower,0,9,7,0,16,0,1,6,0,7,0,10,13,0,23,8,0,8,31
11/20/2005,GRI,NE,ACE,CE,Federal Contract Tower,0,3,1,0,4,0,0,36,0,36,0,3,37,0,40,36,0,36,76
11/21/2005,GRI,NE,ACE,CE,Federal Contract Tower,0,13,12,0,25,0,1,26,0,27,0,14,38,0,52,0,0,0,52
11/22/2005,GRI,NE,ACE,CE,Federal Contract Tower,0,16,10,0,26,0,2,18,10,30,0,18,28,10,56,12,22,34,90
11/23/2005,GRI,NE,ACE,CE,Federal Contract Tower,0,15,12,0,27,0,1,21,2,24,0,16,33,2,51,6,2,8,59
11/24/2005,GRI,NE,ACE,CE,Federal Contract Tower,0,2,2,0,4,0,1,15,0,16,0,3,17,0,20,0,0,0,20
11/25/2005,GRI,NE,ACE,CE,Federal Contract Tower,0,15,4,0,19,0,2,11,0,13,0,17,15,0,32,0,0,0,32
11/26/2005,GRI,NE,ACE,CE,Federal Contract Tower,0,9,2,0,11,0,1,27,0,28,0,10,29,0,39,26,0,26,65
11/27/2005,GRI,NE,ACE,CE,Federal Contract Tower,2,3,10,0,15,0,0,2,0,2,2,3,12,0,17,10,0,10,27
11/28/2005,GRI,NE,ACE,CE,Federal Contract Tower,0,1,0,0,1,0,0,0,0,0,0,1,0,0,1,0,0,0,1
11/29/2005,GRI,NE,ACE,CE,Federal Contract Tower,0,17,13,0,30,0,0,3,2,5,0,17,16,2,35,0,0,0,35
11/30/2005,GRI,NE,ACE,CE,Federal Contract Tower,2,14,7,0,23,0,1,4,2,7,2,15,11,2,30,0,0,0,30
12/01/2005,GRI,NE,ACE,CE,Federal Contract Tower,0,16,16,0,32,0,3,18,2,23,0,19,34,2,55,8,8,16,71
12/02/2005,GRI,NE,ACE,CE,Federal Contract Tower,0,14,5,0,19,0,1,11,2,14,0,15,16,2,33,2,6,8,41
12/03/2005,GRI,NE,ACE,CE,Federal Contract Tower,0,10,4,0,14,0,2,0,0,2,0,12,4,0,16,0,0,0,16
12/04/2005,GRI,NE,ACE,CE,Federal Contract Tower,0,6,3,0,9,0,0,3,0,3,0,6,6,0,12,0,0,0,12
12/05/2005,GRI,NE,ACE,CE,Federal Contract Tower,1,12,10,0,23,0,0,5,0,5,1,12,15,0,28,0,0,0,28
12/06/2005,GRI,NE,ACE,CE,Federal Contract Tower,0,18,10,0,28,0,1,4,3,8,0,19,14,3,36,6,2,8,44
12/07/2005,GRI,NE,ACE,CE,Federal Contract Tower,2,18,6,2,28,0,0,0,1,1,2,18,6,3,29,0,40,40,69
12/08/2005,GRI,NE,ACE,CE,Federal Contract Tower,0,16,11,0,27,0,1,13,6,20,0,17,24,6,47,10,8,18,65
12/09/2005,GRI,NE,ACE,CE,Federal Contract Tower,0,18,9,2,29,0,4,19,0,23,0,22,28,2,52,10,4,14,66
12/10/2005,GRI,NE,ACE,CE,Federal Contract Tower,0,8,1,0,9,0,1,5,0,6,0,9,6,0,15,0,0,0,15
12/11/2005,GRI,NE,ACE,CE,Federal Contract Tower,0,3,3,0,6,0,0,17,0,17,0,3,20,0,23,6,0,6,29
12/12/2005,GRI,NE,ACE,CE,Federal Contract Tower,0,14,16,0,30,0,3,7,2,12,0,17,23,2,42,14,8,22,64
12/13/2005,GRI,NE,ACE,CE,Federal Contract Tower,0,17,10,1,28,0,2,11,0,13,0,19,21,1,41,10,2,12,53
12/14/2005,GRI,NE,ACE,CE,Federal Contract Tower,0,15,4,0,19,0,2,4,11,17,0,17,8,11,36,0,26,26,62
12/15/2005,GRI,NE,ACE,CE,Federal Contract Tower,0,16,4,0,20,0,1,2,0,3,0,17,6,0,23,0,0,0,23
12/16/2005,GRI,NE,ACE,CE,Federal Contract Tower,0,14,4,0,18,0,4,18,2,24,0,18,22,2,42,0,0,0,42
12/17/2005,GRI,NE,ACE,CE,Federal Contract Tower,0,7,12,8,27,0,2,23,3,28,0,9,35,11,55,10,2,12,67
12/18/2005,GRI,NE,ACE,CE,Federal Contract Tower,0,3,6,0,9,0,0,6,0,6,0,3,12,0,15,0,0,0,15
12/19/2005,GRI,NE,ACE,CE,Federal Contract Tower,0,11,13,0,24,0,1,19,1,21,0,12,32,1,45,6,0,6,51
12/20/2005,GRI,NE,ACE,CE,Federal Contract Tower,0,15,11,2,28,0,2,27,3,32,0,17,38,5,60,52,2,54,114
12/21/2005,GRI,NE,ACE,CE,Federal Contract Tower,0,19,11,1,31,0,2,28,20,50,0,21,39,21,81,24,56,80,161
12/22/2005,GRI,NE,ACE,CE,Federal Contract Tower,0,17,8,0,25,0,2,25,5,32,0,19,33,5,57,38,0,38,95
12/23/2005,GRI,NE,ACE,CE,Federal Contract Tower,0,20,5,0,25,0,2,13,2,17,0,22,18,2,42,6,0,6,48
12/24/2005,GRI,NE,ACE,CE,Federal Contract Tower,0,7,6,0,13,0,0,1,0,1,0,7,7,0,14,0,0,0,14
12/25/2005,GRI,NE,ACE,CE,Federal Contract Tower,0,0,0,0,0,0,0,8,0,8,0,0,8,0,8,2,0,2,10
12/26/2005,GRI,NE,ACE,CE,Federal Contract Tower,0,7,11,0,18,0,0,14,0,14,0,7,25,0,32,18,0,18,50
12/27/2005,GRI,NE,ACE,CE,Federal Contract Tower,0,14,12,0,26,0,0,4,0,4,0,14,16,0,30,0,2,2,32
12/28/2005,GRI,NE,ACE,CE,Federal Contract Tower,0,17,14,0,31,0,0,13,7,20,0,17,27,7,51,14,18,32,83
12/29/2005,GRI,NE,ACE,CE,Federal Contract Tower,0,17,6,0,23,0,1,10,2,13,0,18,16,2,36,6,0,6,42
12/30/2005,GRI,NE,ACE,CE,Federal Contract Tower,0,14,6,0,20,0,1,16,0,17,0,15,22,0,37,10,0,10,47
12/31/2005,GRI,NE,ACE,CE,Federal Contract Tower,0,5,15,0,20,0,4,10,0,14,0,9,25,0,34,4,0,4,38
01/01/2006,GRI,NE,ACE,CE,Federal Contract Tower,0,5,9,0,14,0,0,10,0,10,0,5,19,0,24,0,0,0,24
01/02/2006,GRI,NE,ACE,CE,Federal Contract Tower,0,5,14,0,19,0,0,14,0,14,0,5,28,0,33,2,0,2,35
01/03/2006,GRI,NE,ACE,CE,Federal Contract Tower,0,13,9,0,22,0,1,3,0,4,0,14,12,0,26,0,0,0,26
01/04/2006,GRI,NE,ACE,CE,Federal Contract Tower,0,16,13,0,29,0,1,24,2,27,0,17,37,2,56,24,4,28,84
01/05/2006,GRI,NE,ACE,CE,Federal Contract Tower,0,14,9,2,25,0,1,10,11,22,0,15,19,13,47,0,2,2,49
01/06/2006,GRI,NE,ACE,CE,Federal Contract Tower,0,15,14,2,31,0,1,24,6,31,0,16,38,8,62,24,8,32,94
01/07/2006,GRI,NE,ACE,CE,Federal Contract Tower,0,11,3,0,14,0,2,34,0,36,0,13,37,0,50,8,0,8,58
01/08/2006,GRI,NE,ACE,CE,Federal Contract Tower,0,7,4,0,11,0,0,2,0,2,0,7,6,0,13,0,0,0,13
01/09/2006,GRI,NE,ACE,CE,Federal Contract Tower,0,13,6,0,19,0,0,13,4,17,0,13,19,4,36,10,8,18,54
01/10/2006,GRI,NE,ACE,CE,Federal Contract Tower,1,15,8,0,24,1,1,32,11,45,2,16,40,11,69,26,28,54,123
01/11/2006,GRI,NE,ACE,CE,Federal Contract Tower,0,15,6,0,21,0,0,31,13,44,0,15,37,13,65,24,38,62,127
01/12/2006,GRI,NE,ACE,CE,Federal Contract Tower,0,14,5,0,19,0,2,17,6,25,0,16,22,6,44,2,16,18,62
01/13/2006,GRI,NE,ACE,CE,Federal Contract Tower,0,12,4,0,16,0,4,17,3,24,0,16,21,3,40,4,0,4,44
01/14/2006,GRI,NE,ACE,CE,Federal Contract Tower,2,10,4,0,16,0,1,22,0,23,2,11,26,0,39,0,0,0,39
01/15/2006,GRI,NE,ACE,CE,Federal Contract Tower,0,3,0,2,5,0,0,19,2,21,0,3,19,4,26,10,12,22,48
01/16/2006,GRI,NE,ACE,CE,Federal Contract Tower,0,13,9,0,22,0,0,1,0,1,0,13,10,0,23,0,0,0,23
01/17/2006,GRI,NE,ACE,CE,Federal Contract Tower,0,15,11,0,26,0,0,16,0,16,0,15,27,0,42,0,0,0,42
01/18/2006,GRI,NE,ACE,CE,Federal Contract Tower,0,18,12,0,30,0,0,19,2,21,0,18,31,2,51,24,8,32,83
01/19/2006,GRI,NE,ACE,CE,Federal Contract Tower,0,17,15,0,32,0,0,5,9,14,0,17,20,9,46,2,26,28,74
01/20/2006,GRI,NE,ACE,CE,Federal Contract Tower,0,14,23,0,37,0,1,5,8,14,0,15,28,8,51,0,34,34,85
01/21/2006,GRI,NE,ACE,CE,Federal Contract Tower,0,10,8,0,18,0,6,31,7,44,0,16,39,7,62,8,10,18,80
01/22/2006,GRI,NE,ACE,CE,Federal Contract Tower,0,3,5,0,8,0,0,16,0,16,0,3,21,0,24,36,0,36,60
01/23/2006,GRI,NE,ACE,CE,Federal Contract Tower,0,12,15,0,27,0,1,16,4,21,0,13,31,4,48,2,0,2,50
01/24/2006,GRI,NE,ACE,CE,Federal Contract Tower,0,15,10,0,25,0,0,23,3,26,0,15,33,3,51,20,6,26,77
01/25/2006,GRI,NE,ACE,CE,Federal Contract Tower,0,17,13,0,30,0,0,26,8,34,0,17,39,8,64,8,10,18,82
01/26/2006,GRI,NE,ACE,CE,Federal Contract Tower,0,17,11,0,28,0,0,10,0,10,0,17,21,0,38,8,0,8,46
01/27/2006,GRI,NE,ACE,CE,Federal Contract Tower,0,13,6,2,21,0,1,17,7,25,0,14,23,9,46,26,22,48,94
01/28/2006,GRI,NE,ACE,CE,Federal Contract Tower,0,11,6,0,17,0,1,4,0,5,0,12,10,0,22,0,0,0,22
01/29/2006,GRI,NE,ACE,CE,Federal Contract Tower,0,5,4,0,9,0,1,15,6,22,0,6,19,6,31,24,22,46,77
01/30/2006,GRI,NE,ACE,CE,Federal Contract Tower,0,13,10,0,23,0,0,22,3,25,0,13,32,3,48,22,0,22,70
01/31/2006,GRI,NE,ACE,CE,Federal Contract Tower,0,17,12,0,29,0,0,22,0,22,0,17,34,0,51,36,0,36,87
02/01/2006,GRI,NE,ACE,CE,Federal Contract Tower,0,19,8,0,27,0,0,16,6,22,0,19,24,6,49,24,4,28,77
02/02/2006,GRI,NE,ACE,CE,Federal Contract Tower,0,19,7,0,26,0,0,31,4,35,0,19,38,4,61,56,90,146,207
02/03/2006,GRI,NE,ACE,CE,Federal Contract Tower,0,14,10,0,24,0,2,18,9,29,0,16,28,9,53,20,50,70,123
02/04/2006,GRI,NE,ACE,CE,Federal Contract Tower,0,11,4,0,15,0,1,29,10,40,0,12,33,10,55,26,8,34,89
02/05/2006,GRI,NE,ACE,CE,Federal Contract Tower,0,3,4,0,7,0,0,20,12,32,0,3,24,12,39,0,4,4,43
02/06/2006,GRI,NE,ACE,CE,Federal Contract Tower,0,12,6,2,20,0,0,7,0,7,0,12,13,2,27,0,0,0,27
02/07/2006,GRI,NE,ACE,CE,Federal Contract Tower,0,17,16,0,33,0,2,19,3,24,0,19,35,3,57,4,0,4,61
02/08/2006,GRI,NE,ACE,CE,Federal Contract Tower,0,17,15,0,32,0,0,13,4,17,0,17,28,4,49,8,2,10,59
02/09/2006,GRI,NE,ACE,CE,Federal Contract Tower,0,16,25,2,43,0,0,15,2,17,0,16,40,4,60,8,2,10,70
02/10/2006,GRI,NE,ACE,CE,Federal Contract Tower,0,15,11,0,26,0,1,3,2,6,0,16,14,2,32,0,2,2,34
02/11/2006,GRI,NE,ACE,CE,Federal Contract Tower,0,8,5,0,13,0,1,10,0,11,0,9,15,0,24,16,0,16,40
02/12/2006,GRI,NE,ACE,CE,Federal Contract Tower,0,5,2,0,7,0,0,14,2,16,0,5,16,2,23,0,24,24,47
02/13/2006,GRI,NE,ACE,CE,Federal Contract Tower,0,12,11,0,23,0,0,8,4,12,0,12,19,4,35,2,8,10,45
02/14/2006,GRI,NE,ACE,CE,Federal Contract Tower,0,17,11,0,28,0,0,21,7,28,0,17,32,7,56,6,4,10,66
02/15/2006,GRI,NE,ACE,CE,Federal Contract Tower,0,21,4,0,25,0,0,19,6,25,0,21,23,6,50,8,24,32,82
02/16/2006,GRI,NE,ACE,CE,Federal Contract Tower,0,16,3,0,19,0,0,0,0,0,0,16,3,0,19,0,0,0,19
02/17/2006,GRI,NE,ACE,CE,Federal Contract Tower,0,14,13,0,27,0,1,4,0,5,0,15,17,0,32,2,0,2,34
02/18/2006,GRI,NE,ACE,CE,Federal Contract Tower,0,12,12,0,24,0,1,19,0,20,0,13,31,0,44,24,0,24,68
02/19/2006,GRI,NE,ACE,CE,Federal Contract Tower,0,5,1,0,6,0,0,14,0,14,0,5,15,0,20,24,0,24,44
02/20/2006,GRI,NE,ACE,CE,Federal Contract Tower,0,13,9,0,22,0,0,24,0,24,0,13,33,0,46,28,0,28,74
02/21/2006,GRI,NE,ACE,CE,Federal Contract Tower,0,17,11,0,28,0,0,25,3,28,0,17,36,3,56,18,0,18,74
02/22/2006,GRI,NE,ACE,CE,Federal Contract Tower,0,20,19,2,41,0,0,29,3,32,0,20,48,5,73,2,4,6,79
02/23/2006,GRI,NE,ACE,CE,Federal Contract Tower,0,18,15,2,35,0,0,22,3,25,0,18,37,5,60,16,2,18,78
02/24/2006,GRI,NE,ACE,CE,Federal Contract Tower,0,16,5,0,21,0,1,7,4,12,0,17,12,4,33,12,2,14,47
02/25/2006,GRI,NE,ACE,CE,Federal Contract Tower,0,11,5,0,16,0,1,13,12,26,0,12,18,12,42,0,6,6,48
02/26/2006,GRI,NE,ACE,CE,Federal Contract Tower,0,3,11,2,16,0,0,20,13,33,0,3,31,15,49,8,4,12,61
02/27/2006,GRI,NE,ACE,CE,Federal Contract Tower,0,13,11,0,24,0,0,13,0,13,0,13,24,0,37,0,0,0,37
02/28/2006,GRI,NE,ACE,CE,Federal Contract Tower,0,19,7,1,27,0,0,23,7,30,0,19,30,8,57,18,4,22,79
03/01/2006,GRI,NE,ACE,CE,Federal Contract Tower,0,17,7,0,24,0,0,19,0,19,0,17,26,0,43,10,0,10,53
03/02/2006,GRI,NE,ACE,CE,Federal Contract Tower,0,16,11,0,27,0,0,8,3,11,0,16,19,3,38,6,0,6,44
03/03/2006,GRI,NE,ACE,CE,Federal Contract Tower,0,17,14,0,31,0,1,12,6,19,0,18,26,6,50,4,0,4,54
03/04/2006,GRI,NE,ACE,CE,Federal Contract Tower,0,9,6,0,15,0,1,2,0,3,0,10,8,0,18,0,0,0,18
03/05/2006,GRI,NE,ACE,CE,Federal Contract Tower,0,3,9,0,12,0,0,20,0,20,0,3,29,0,32,2,0,2,34
03/06/2006,GRI,NE,ACE,CE,Federal Contract Tower,0,13,9,0,22,0,2,10,0,12,0,15,19,0,34,4,0,4,38
03/07/2006,GRI,NE,ACE,CE,Federal Contract Tower,0,16,6,2,24,0,0,13,3,16,0,16,19,5,40,0,4,4,44
03/08/2006,GRI,NE,ACE,CE,Federal Contract Tower,0,13,5,3,21,0,0,7,0,7,0,13,12,3,28,2,0,2,30
03/09/2006,GRI,NE,ACE,CE,Federal Contract Tower,0,16,16,0,32,0,0,30,1,31,0,16,46,1,63,44,0,44,107
03/10/2006,GRI,NE,ACE,CE,Federal Contract Tower,0,16,8,0,24,0,1,10,7,18,0,17,18,7,42,28,2,30,72
03/11/2006,GRI,NE,ACE,CE,Federal Contract Tower,0,10,2,4,16,0,1,15,5,21,0,11,17,9,37,28,6,34,71
03/12/2006,GRI,NE,ACE,CE,Federal Contract Tower,0,3,4,0,7,0,0,2,6,8,0,3,6,6,15,0,4,4,19
03/13/2006,GRI,NE,ACE,CE,Federal Contract Tower,0,13,9,0,22,0,2,4,0,6,0,15,13,0,28,0,0,0,28
03/14/2006,GRI,NE,ACE,CE,Federal Contract Tower,0,17,4,0,21,0,0,11,6,17,0,17,15,6,38,0,8,8,46
03/15/2006,GRI,NE,ACE,CE,Federal Contract Tower,0,20,14,0,34,0,0,9,0,9,0,20,23,0,43,2,0,2,45
03/16/2006,GRI,NE,ACE,CE,Federal Contract Tower,0,16,18,0,34,0,0,2,1,3,0,16,20,1,37,0,8,8,45
03/17/2006,GRI,NE,ACE,CE,Federal Contract Tower,0,15,9,3,27,0,1,13,2,16,0,16,22,5,43,20,0,20,63
03/18/2006,GRI,NE,ACE,CE,Federal Contract Tower,0,11,12,1,24,0,1,0,0,1,0,12,12,1,25,0,0,0,25
03/19/2006,GRI,NE,ACE,CE,Federal Contract Tower,0,3,0,0,3,0,0,0,0,0,0,3,0,0,3,0,0,0,3
03/20/2006,GRI,NE,ACE,CE,Federal Contract Tower,0,0,0,0,0,0,0,0,0,0,0,0,0,0,0,0,0,0,0
03/21/2006,GRI,NE,ACE,CE,Federal Contract Tower,0,7,2,0,9,0,0,0,0,0,0,7,2,0,9,0,0,0,9
03/22/2006,GRI,NE,ACE,CE,Federal Contract Tower,0,18,11,0,29,0,1,6,9,16,0,19,17,9,45,0,22,22,67
03/23/2006,GRI,NE,ACE,CE,Federal Contract Tower,0,15,6,2,23,0,2,27,4,33,0,17,33,6,56,34,0,34,90
03/24/2006,GRI,NE,ACE,CE,Federal Contract Tower,0,14,14,0,28,0,1,24,7,32,0,15,38,7,60,20,0,20,80
03/25/2006,GRI,NE,ACE,CE,Federal Contract Tower,0,8,9,0,17,0,1,11,7,19,0,9,20,7,36,8,8,16,52
03/26/2006,GRI,NE,ACE,CE,Federal Contract Tower,0,5,4,0,9,0,0,6,0,6,0,5,10,0,15,0,0,0,15
03/27/2006,GRI,NE,ACE,CE,Federal Contract Tower,0,12,6,0,18,0,0,2,0,2,0,12,8,0,20,0,0,0,20
03/28/2006,GRI,NE,ACE,CE,Federal Contract Tower,0,15,12,2,29,0,1,41,4,46,0,16,53,6,75,38,8,46,121
03/29/2006,GRI,NE,ACE,CE,Federal Contract Tower,0,19,16,0,35,0,1,21,0,22,0,20,37,0,57,44,0,44,101
03/30/2006,GRI,NE,ACE,CE,Federal Contract Tower,0,16,10,0,26,0,0,0,0,0,0,16,10,0,26,0,0,0,26
03/31/2006,GRI,NE,ACE,CE,Federal Contract Tower,0,17,6,0,23,0,1,9,1,11,0,18,15,1,34,0,0,0,34
04/01/2006,GRI,NE,ACE,CE,Federal Contract Tower,0,13,14,0,27,0,1,20,4,25,0,14,34,4,52,12,10,22,74
04/02/2006,GRI,NE,ACE,CE,Federal Contract Tower,0,3,3,0,6,0,0,5,0,5,0,3,8,0,11,4,0,4,15
04/03/2006,GRI,NE,ACE,CE,Federal Contract Tower,0,12,11,0,23,0,0,25,0,25,0,12,36,0,48,14,0,14,62
04/04/2006,GRI,NE,ACE,CE,Federal Contract Tower,0,17,6,0,23,0,0,28,2,30,0,17,34,2,53,32,0,32,85
04/05/2006,GRI,NE,ACE,CE,Federal Contract Tower,0,16,3,0,19,0,0,33,2,35,0,16,36,2,54,24,0,24,78
04/06/2006,GRI,NE,ACE,CE,Federal Contract Tower,0,14,9,0,23,0,0,8,0,8,0,14,17,0,31,0,0,0,31
04/07/2006,GRI,NE,ACE,CE,Federal Contract Tower,0,14,11,0,25,0,1,0,0,1,0,15,11,0,26,0,0,0,26
04/08/2006,GRI,NE,ACE,CE,Federal Contract Tower,0,8,8,1,17,0,2,39,4,45,0,10,47,5,62,30,22,52,114
04/09/2006,GRI,NE,ACE,CE,Federal Contract Tower,0,3,3,0,6,0,0,29,6,35,0,3,32,6,41,18,0,18,59
04/10/2006,GRI,NE,ACE,CE,Federal Contract Tower,0,11,11,0,22,0,0,7,0,7,0,11,18,0,29,4,0,4,33
04/11/2006,GRI,NE,ACE,CE,Federal Contract Tower,0,15,11,0,26,0,2,22,4,28,0,17,33,4,54,12,4,16,70
04/12/2006,GRI,NE,ACE,CE,Federal Contract Tower,0,15,9,0,24,0,0,22,10,32,0,15,31,10,56,4,22,26,82
04/13/2006,GRI,NE,ACE,CE,Federal Contract Tower,0,15,10,0,25,0,0,27,1,28,0,15,37,1,53,12,0,12,65
04/14/2006,GRI,NE,ACE,CE,Federal Contract Tower,0,14,6,0,20,0,1,20,7,28,0,15,26,7,48,6,26,32,80
04/15/2006,GRI,NE,ACE,CE,Federal Contract Tower,0,8,3,0,11,0,2,10,0,12,0,10,13,0,23,0,0,0,23
04/16/2006,GRI,NE,ACE,CE,Federal Contract Tower,0,3,3,0,6,0,0,9,0,9,0,3,12,0,15,0,0,0,15
04/17/2006,GRI,NE,ACE,CE,Federal Contract Tower,0,14,13,2,29,0,0,9,0,9,0,14,22,2,38,4,0,4,42
04/18/2006,GRI,NE,ACE,CE,Federal Contract Tower,0,17,9,0,26,0,0,1,0,1,0,17,10,0,27,0,0,0,27
04/19/2006,GRI,NE,ACE,CE,Federal Contract Tower,0,11,7,0,18,0,5,8,2,15,0,16,15,2,33,0,0,0,33
04/20/2006,GRI,NE,ACE,CE,Federal Contract Tower,0,15,7,0,22,0,0,15,7,22,0,15,22,7,44,4,2,6,50
04/21/2006,GRI,NE,ACE,CE,Federal Contract Tower,0,13,14,0,27,0,2,40,7,49,0,15,54,7,76,46,4,50,126
04/22/2006,GRI,NE,ACE,CE,Federal Contract Tower,0,9,4,0,13,0,1,26,9,36,0,10,30,9,49,34,0,34,83
04/23/2006,GRI,NE,ACE,CE,Federal Contract Tower,0,3,5,2,10,0,0,4,6,10,0,3,9,8,20,0,6,6,26
04/24/2006,GRI,NE,ACE,CE,Federal Contract Tower,0,14,12,0,26,0,0,0,0,0,0,14,12,0,26,0,0,0,26
04/25/2006,GRI,NE,ACE,CE,Federal Contract Tower,0,16,10,0,26,0,0,7,2,9,0,16,17,2,35,20,2,22,57
04/26/2006,GRI,NE,ACE,CE,Federal Contract Tower,0,16,5,0,21,0,1,31,8,40,0,17,36,8,61,18,10,28,89
04/27/2006,GRI,NE,ACE,CE,Federal Contract Tower,0,15,13,0,28,0,1,26,9,36,0,16,39,9,64,10,14,24,88
04/28/2006,GRI,NE,ACE,CE,Federal Contract Tower,0,15,16,1,32,0,1,3,6,10,0,16,19,7,42,0,12,12,54
04/29/2006,GRI,NE,ACE,CE,Federal Contract Tower,0,13,9,0,22,0,1,6,0,7,0,14,15,0,29,10,0,10,39
04/30/2006,GRI,NE,ACE,CE,Federal Contract Tower,2,3,15,1,21,0,0,6,0,6,2,3,21,1,27,30,0,30,57
05/01/2006,GRI,NE,ACE,CE,Federal Contract Tower,0,13,7,0,20,0,0,4,4,8,0,13,11,4,28,10,6,16,44
05/02/2006,GRI,NE,ACE,CE,Federal Contract Tower,0,16,2,1,19,0,0,14,5,19,0,16,16,6,38,4,10,14,52
05/03/2006,GRI,NE,ACE,CE,Federal Contract Tower,2,18,6,1,27,0,2,18,10,30,2,20,24,11,57,6,22,28,85
05/04/2006,GRI,NE,ACE,CE,Federal Contract Tower,0,16,16,1,33,0,1,19,7,27,0,17,35,8,60,2,14,16,76
05/05/2006,GRI,NE,ACE,CE,Federal Contract Tower,0,14,9,0,23,0,3,17,10,30,0,17,26,10,53,4,0,4,57
05/06/2006,GRI,NE,ACE,CE,Federal Contract Tower,0,8,4,0,12,0,0,22,1,23,0,8,26,1,35,6,0,6,41
05/07/2006,GRI,NE,ACE,CE,Federal Contract Tower,0,3,2,0,5,0,0,13,0,13,0,3,15,0,18,36,0,36,54
05/08/2006,GRI,NE,ACE,CE,Federal Contract Tower,0,14,6,0,20,0,0,16,0,16,0,14,22,0,36,22,0,22,58
05/09/2006,GRI,NE,ACE,CE,Federal Contract Tower,0,16,7,1,24,0,1,26,2,29,0,17,33,3,53,12,2,14,67
05/10/2006,GRI,NE,ACE,CE,Federal Contract Tower,0,18,10,1,29,0,0,21,0,21,0,18,31,1,50,2,2,4,54
05/11/2006,GRI,NE,ACE,CE,Federal Contract Tower,0,17,19,1,37,0,1,24,0,25,0,18,43,1,62,22,0,22,84
05/12/2006,GRI,NE,ACE,CE,Federal Contract Tower,0,15,8,0,23,0,3,26,5,34,0,18,34,5,57,32,4,36,93
05/13/2006,GRI,NE,ACE,CE,Federal Contract Tower,0,8,2,0,10,0,1,23,8,32,0,9,25,8,42,42,4,46,88
05/14/2006,GRI,NE,ACE,CE,Federal Contract Tower,0,3,6,0,9,0,1,3,2,6,0,4,9,2,15,2,0,2,17
05/15/2006,GRI,NE,ACE,CE,Federal Contract Tower,0,12,6,4,22,0,1,19,0,20,0,13,25,4,42,26,0,26,68
05/16/2006,GRI,NE,ACE,CE,Federal Contract Tower,0,16,9,4,29,0,0,12,0,12,0,16,21,4,41,18,0,18,59
05/17/2006,GRI,NE,ACE,CE,Federal Contract Tower,0,16,11,2,29,0,0,36,7,43,0,16,47,9,72,16,2,18,90
05/18/2006,GRI,NE,ACE,CE,Federal Contract Tower,2,14,9,2,27,0,0,30,0,30,2,14,39,2,57,24,0,24,81
05/19/2006,GRI,NE,ACE,CE,Federal Contract Tower,0,14,6,0,20,0,1,31,2,34,0,15,37,2,54,30,0,30,84
05/20/2006,GRI,NE,ACE,CE,Federal Contract Tower,0,8,4,0,12,0,2,24,0,26,0,10,28,0,38,8,0,8,46
05/21/2006,GRI,NE,ACE,CE,Federal Contract Tower,2,5,2,0,9,0,0,34,3,37,2,5,36,3,46,36,0,36,82
05/22/2006,GRI,NE,ACE,CE,Federal Contract Tower,0,12,20,0,32,0,1,14,0,15,0,13,34,0,47,26,0,26,73
05/23/2006,GRI,NE,ACE,CE,Federal Contract Tower,0,16,11,0,27,0,0,11,2,13,0,16,22,2,40,0,4,4,44
05/24/2006,GRI,NE,ACE,CE,Federal Contract Tower,0,17,6,0,23,0,1,27,9,37,0,18,33,9,60,8,12,20,80
05/25/2006,GRI,NE,ACE,CE,Federal Contract Tower,0,19,12,0,31,0,4,25,2,31,0,23,37,2,62,8,0,8,70
05/26/2006,GRI,NE,ACE,CE,Federal Contract Tower,0,18,10,0,28,0,0,22,0,22,0,18,32,0,50,4,0,4,54
05/27/2006,GRI,NE,ACE,CE,Federal Contract Tower,0,9,1,5,15,0,1,18,1,20,0,10,19,6,35,10,0,10,45
05/28/2006,GRI,NE,ACE,CE,Federal Contract Tower,0,3,2,0,5,0,0,13,4,17,0,3,15,4,22,6,0,6,28
05/29/2006,GRI,NE,ACE,CE,Federal Contract Tower,0,5,6,0,11,0,0,27,4,31,0,5,33,4,42,26,2,28,70
05/30/2006,GRI,NE,ACE,CE,Federal Contract Tower,0,15,9,0,24,0,3,11,0,14,0,18,20,0,38,16,0,16,54
05/31/2006,GRI,NE,ACE,CE,Federal Contract Tower,2,18,1,2,23,0,0,25,11,36,2,18,26,13,59,12,32,44,103
06/01/2006,GRI,NE,ACE,CE,Federal Contract Tower,0,16,17,0,33,0,1,28,8,37,0,17,45,8,70,30,20,50,120
06/02/2006,GRI,NE,ACE,CE,Federal Contract Tower,0,18,7,0,25,0,1,24,4,29,0,19,31,4,54,0,10,10,64
06/03/2006,GRI,NE,ACE,CE,Federal Contract Tower,0,11,4,0,15,0,1,13,4,18,0,12,17,4,33,8,0,8,41
06/04/2006,GRI,NE,ACE,CE,Federal Contract Tower,0,3,7,0,10,0,0,27,6,33,0,3,34,6,43,30,10,40,83
06/05/2006,GRI,NE,ACE,CE,Federal Contract Tower,0,12,18,0,30,0,1,7,7,15,0,13,25,7,45,2,6,8,53
06/06/2006,GRI,NE,ACE,CE,Federal Contract Tower,0,15,10,2,27,0,1,20,15,36,0,16,30,17,63,2,14,16,79
06/07/2006,GRI,NE,ACE,CE,Federal Contract Tower,0,17,11,2,30,0,0,23,3,26,0,17,34,5,56,18,2,20,76
06/08/2006,GRI,NE,ACE,CE,Federal Contract Tower,0,17,18,1,36,0,1,18,6,25,0,18,36,7,61,12,10,22,83
06/09/2006,GRI,NE,ACE,CE,Federal Contract Tower,0,12,10,0,22,0,3,17,3,23,0,15,27,3,45,10,18,28,73
06/10/2006,GRI,NE,ACE,CE,Federal Contract Tower,2,11,1,0,14,0,1,16,4,21,2,12,17,4,35,2,0,2,37
06/11/2006,GRI,NE,ACE,CE,Federal Contract Tower,0,3,7,1,11,0,0,16,0,16,0,3,23,1,27,12,0,12,39
06/12/2006,GRI,NE,ACE,CE,Federal Contract Tower,0,13,15,2,30,0,0,3,3,6,0,13,18,5,36,2,0,2,38
06/13/2006,GRI,NE,ACE,CE,Federal Contract Tower,2,17,12,0,31,0,0,26,5,31,2,17,38,5,62,2,0,2,64
06/14/2006,GRI,NE,ACE,CE,Federal Contract Tower,0,15,8,0,23,0,2,30,6,38,0,17,38,6,61,12,6,18,79
06/15/2006,GRI,NE,ACE,CE,Federal Contract Tower,0,17,12,0,29,0,0,27,3,30,0,17,39,3,59,8,4,12,71
06/16/2006,GRI,NE,ACE,CE,Federal Contract Tower,0,16,9,0,25,0,0,14,13,27,0,16,23,13,52,6,26,32,84
06/17/2006,GRI,NE,ACE,CE,Federal Contract Tower,0,11,9,0,20,0,1,10,0,11,0,12,19,0,31,0,0,0,31
06/18/2006,GRI,NE,ACE,CE,Federal Contract Tower,0,4,8,0,12,0,0,30,0,30,0,4,38,0,42,40,0,40,82
06/19/2006,GRI,NE,ACE,CE,Federal Contract Tower,0,13,2,1,16,0,0,4,5,9,0,13,6,6,25,0,4,4,29
06/20/2006,GRI,NE,ACE,CE,Federal Contract Tower,0,16,8,0,24,0,0,20,1,21,0,16,28,1,45,6,0,6,51
06/21/2006,GRI,NE,ACE,CE,Federal Contract Tower,0,20,10,0,30,0,0,19,0,19,0,20,29,0,49,20,0,20,69
06/22/2006,GRI,NE,ACE,CE,Federal Contract Tower,0,22,22,0,44,0,2,26,5,33,0,24,48,5,77,20,2,22,99
06/23/2006,GRI,NE,ACE,CE,Federal Contract Tower,0,14,14,0,28,0,1,29,5,35,0,15,43,5,63,20,20,40,103
06/24/2006,GRI,NE,ACE,CE,Federal Contract Tower,0,10,8,0,18,0,0,23,2,25,0,10,31,2,43,4,0,4,47
06/25/2006,GRI,NE,ACE,CE,Federal Contract Tower,0,5,19,1,25,0,0,16,0,16,0,5,35,1,41,26,0,26,67
06/26/2006,GRI,NE,ACE,CE,Federal Contract Tower,0,12,9,3,24,0,0,14,2,16,0,12,23,5,40,2,4,6,46
06/27/2006,GRI,NE,ACE,CE,Federal Contract Tower,0,20,12,3,35,0,2,22,0,24,0,22,34,3,59,8,30,38,97
06/28/2006,GRI,NE,ACE,CE,Federal Contract Tower,0,16,5,1,22,0,0,35,4,39,0,16,40,5,61,16,0,16,77
06/29/2006,GRI,NE,ACE,CE,Federal Contract Tower,0,19,17,0,36,0,3,28,3,34,0,22,45,3,70,0,0,0,70
06/30/2006,GRI,NE,ACE,CE,Federal Contract Tower,0,14,12,0,26,0,2,25,4,31,0,16,37,4,57,4,8,12,69
07/01/2006,GRI,NE,ACE,CE,Federal Contract Tower,0,9,13,0,22,0,2,22,5,29,0,11,35,5,51,8,0,8,59
07/02/2006,GRI,NE,ACE,CE,Federal Contract Tower,0,3,2,0,5,0,0,14,0,14,0,3,16,0,19,6,0,6,25
07/03/2006,GRI,NE,ACE,CE,Federal Contract Tower,0,12,5,0,17,0,1,6,0,7,0,13,11,0,24,0,0,0,24
07/04/2006,GRI,NE,ACE,CE,Federal Contract Tower,0,7,4,2,13,0,0,21,0,21,0,7,25,2,34,2,0,2,36
07/05/2006,GRI,NE,ACE,CE,Federal Contract Tower,0,17,16,0,33,0,1,27,9,37,0,18,43,9,70,14,0,14,84
07/06/2006,GRI,NE,ACE,CE,Federal Contract Tower,0,15,13,0,28,0,0,30,0,30,0,15,43,0,58,30,0,30,88
07/07/2006,GRI,NE,ACE,CE,Federal Contract Tower,0,15,12,0,27,0,1,13,0,14,0,16,25,0,41,0,0,0,41
07/08/2006,GRI,NE,ACE,CE,Federal Contract Tower,0,11,9,0,20,0,1,16,0,17,0,12,25,0,37,16,0,16,53
07/09/2006,GRI,NE,ACE,CE,Federal Contract Tower,0,3,8,0,11,0,0,15,0,15,0,3,23,0,26,20,0,20,46
07/10/2006,GRI,NE,ACE,CE,Federal Contract Tower,0,13,12,0,25,0,0,2,5,7,0,13,14,5,32,0,60,60,92
07/11/2006,GRI,NE,ACE,CE,Federal Contract Tower,0,16,18,0,34,0,1,11,3,15,0,17,29,3,49,0,10,10,59
07/12/2006,GRI,NE,ACE,CE,Federal Contract Tower,0,17,12,0,29,0,0,24,11,35,0,17,36,11,64,6,44,50,114
07/13/2006,GRI,NE,ACE,CE,Federal Contract Tower,0,16,25,0,41,0,1,18,5,24,0,17,43,5,65,2,0,2,67
07/14/2006,GRI,NE,ACE,CE,Federal Contract Tower,0,16,16,1,33,0,1,28,7,36,0,17,44,8,69,4,26,30,99
07/15/2006,GRI,NE,ACE,CE,Federal Contract Tower,0,9,12,0,21,0,1,29,0,30,0,10,41,0,51,22,0,22,73
07/16/2006,GRI,NE,ACE,CE,Federal Contract Tower,0,3,12,0,15,0,0,13,1,14,0,3,25,1,29,2,0,2,31
07/17/2006,GRI,NE,ACE,CE,Federal Contract Tower,0,15,5,0,20,0,0,11,5,16,0,15,16,5,36,26,0,26,62
07/18/2006,GRI,NE,ACE,CE,Federal Contract Tower,0,17,6,0,23,0,0,17,1,18,0,17,23,1,41,0,0,0,41
07/19/2006,GRI,NE,ACE,CE,Federal Contract Tower,0,18,8,0,26,0,1,24,4,29,0,19,32,4,55,12,0,12,67
07/20/2006,GRI,NE,ACE,CE,Federal Contract Tower,0,15,20,2,37,0,0,17,3,20,0,15,37,5,57,14,12,26,83
07/21/2006,GRI,NE,ACE,CE,Federal Contract Tower,0,18,7,10,35,0,1,16,1,18,0,19,23,11,53,22,10,32,85
07/22/2006,GRI,NE,ACE,CE,Federal Contract Tower,0,11,17,0,28,0,1,46,19,66,0,12,63,19,94,16,4,20,114
07/23/2006,GRI,NE,ACE,CE,Federal Contract Tower,2,3,12,0,17,0,0,31,1,32,2,3,43,1,49,12,0,12,61
07/24/2006,GRI,NE,ACE,CE,Federal Contract Tower,0,15,13,0,28,0,0,23,0,23,0,15,36,0,51,0,0,0,51
07/25/2006,GRI,NE,ACE,CE,Federal Contract Tower,0,17,5,0,22,0,1,19,1,21,0,18,24,1,43,8,0,8,51
07/26/2006,GRI,NE,ACE,CE,Federal Contract Tower,2,14,18,0,34,0,2,28,2,32,2,16,46,2,66,8,30,38,104
07/27/2006,GRI,NE,ACE,CE,Federal Contract Tower,0,19,13,2,34,0,0,46,6,52,0,19,59,8,86,12,2,14,100
07/28/2006,GRI,NE,ACE,CE,Federal Contract Tower,0,14,10,0,24,0,1,36,7,44,0,15,46,7,68,22,12,34,102
07/29/2006,GRI,NE,ACE,CE,Federal Contract Tower,0,9,11,0,20,0,1,25,6,32,0,10,36,6,52,16,16,32,84
07/30/2006,GRI,NE,ACE,CE,Federal Contract Tower,0,5,15,0,20,0,0,14,4,18,0,5,29,4,38,2,0,2,40
07/31/2006,GRI,NE,ACE,CE,Federal Contract Tower,0,17,13,0,30,0,0,18,2,20,0,17,31,2,50,2,0,2,52
08/01/2006,GRI,NE,ACE,CE,Federal Contract Tower,0,17,7,2,26,0,1,22,7,30,0,18,29,9,56,12,8,20,76
08/02/2006,GRI,NE,ACE,CE,Federal Contract Tower,0,20,15,1,36,0,0,6,12,18,0,20,21,13,54,2,0,2,56
08/03/2006,GRI,NE,ACE,CE,Federal Contract Tower,0,16,14,0,30,0,1,29,8,38,0,17,43,8,68,2,2,4,72
08/04/2006,GRI,NE,ACE,CE,Federal Contract Tower,0,15,8,2,25,0,1,32,6,39,0,16,40,8,64,4,8,12,76
08/05/2006,GRI,NE,ACE,CE,Federal Contract Tower,0,9,6,0,15,0,1,25,3,29,0,10,31,3,44,2,0,2,46
08/06/2006,GRI,NE,ACE,CE,Federal Contract Tower,0,3,7,0,10,0,0,17,0,17,0,3,24,0,27,16,0,16,43
08/07/2006,GRI,NE,ACE,CE,Federal Contract Tower,0,20,14,0,34,0,0,3,0,3,0,20,17,0,37,0,0,0,37
08/08/2006,GRI,NE,ACE,CE,Federal Contract Tower,0,16,13,3,32,0,0,1,1,2,0,16,14,4,34,0,0,0,34
08/09/2006,GRI,NE,ACE,CE,Federal Contract Tower,0,19,11,0,30,0,1,21,0,22,0,20,32,0,52,6,0,6,58
08/10/2006,GRI,NE,ACE,CE,Federal Contract Tower,0,17,10,0,27,0,0,24,0,24,0,17,34,0,51,10,0,10,61
08/11/2006,GRI,NE,ACE,CE,Federal Contract Tower,0,13,7,0,20,0,2,29,0,31,0,15,36,0,51,4,0,4,55
08/12/2006,GRI,NE,ACE,CE,Federal Contract Tower,0,9,12,0,21,0,1,26,0,27,0,10,38,0,48,20,0,20,68
08/13/2006,GRI,NE,ACE,CE,Federal Contract Tower,0,5,8,0,13,0,0,10,2,12,0,5,18,2,25,8,0,8,33
08/14/2006,GRI,NE,ACE,CE,Federal Contract Tower,0,10,17,0,27,0,0,29,0,29,0,10,46,0,56,30,0,30,86
08/15/2006,GRI,NE,ACE,CE,Federal Contract Tower,0,19,13,1,33,0,0,44,2,46,0,19,57,3,79,22,2,24,103
08/16/2006,GRI,NE,ACE,CE,Federal Contract Tower,0,23,13,0,36,0,0,19,0,19,0,23,32,0,55,0,0,0,55
08/17/2006,GRI,NE,ACE,CE,Federal Contract Tower,0,15,21,0,36,0,0,1,1,2,0,15,22,1,38,0,0,0,38
08/18/2006,GRI,NE,ACE,CE,Federal Contract Tower,0,16,16,0,32,0,1,25,2,28,0,17,41,2,60,42,4,46,106
08/19/2006,GRI,NE,ACE,CE,Federal Contract Tower,0,10,17,0,27,0,0,3,0,3,0,10,20,0,30,0,0,0,30
08/20/2006,GRI,NE,ACE,CE,Federal Contract Tower,0,6,12,0,18,0,0,14,1,15,0,6,26,1,33,14,0,14,47
08/21/2006,GRI,NE,ACE,CE,Federal Contract Tower,0,13,8,1,22,0,0,9,3,12,0,13,17,4,34,4,0,4,38
08/22/2006,GRI,NE,ACE,CE,Federal Contract Tower,0,20,4,0,24,0,0,24,6,30,0,20,28,6,54,8,24,32,86
08/23/2006,GRI,NE,ACE,CE,Federal Contract Tower,0,16,4,2,22,0,0,42,6,48,0,16,46,8,70,42,10,52,122
08/24/2006,GRI,NE,ACE,CE,Federal Contract Tower,0,15,12,0,27,0,0,23,6,29,0,15,35,6,56,20,10,30,86
08/25/2006,GRI,NE,ACE,CE,Federal Contract Tower,2,18,18,0,38,0,1,13,10,24,2,19,31,10,62,2,12,14,76
08/26/2006,GRI,NE,ACE,CE,Federal Contract Tower,0,9,9,0,18,0,1,19,2,22,0,10,28,2,40,18,0,18,58
08/27/2006,GRI,NE,ACE,CE,Federal Contract Tower,0,5,14,0,19,0,0,25,0,25,0,5,39,0,44,16,0,16,60
08/28/2006,GRI,NE,ACE,CE,Federal Contract Tower,0,16,11,6,33,0,0,1,1,2,0,16,12,7,35,0,0,0,35
08/29/2006,GRI,NE,ACE,CE,Federal Contract Tower,0,16,18,0,34,0,0,15,4,19,0,16,33,4,53,10,30,40,93
08/30/2006,GRI,NE,ACE,CE,Federal Contract Tower,0,17,10,2,29,0,1,36,4,41,0,18,46,6,70,6,10,16,86
08/31/2006,GRI,NE,ACE,CE,Federal Contract Tower,0,14,15,4,33,0,3,24,7,34,0,17,39,11,67,16,18,34,101
09/01/2006,GRI,NE,ACE,CE,Federal Contract Tower,0,16,12,0,28,0,0,29,0,29,0,16,41,0,57,10,0,10,67
09/02/2006,GRI,NE,ACE,CE,Federal Contract Tower,0,9,3,0,12,0,1,14,0,15,0,10,17,0,27,8,0,8,35
09/03/2006,GRI,NE,ACE,CE,Federal Contract Tower,0,3,2,0,5,0,0,5,0,5,0,3,7,0,10,4,0,4,14
09/04/2006,GRI,NE,ACE,CE,Federal Contract Tower,0,5,17,2,24,0,0,23,0,23,0,5,40,2,47,18,0,18,65
09/05/2006,GRI,NE,ACE,CE,Federal Contract Tower,0,13,4,0,17,0,1,15,0,16,0,14,19,0,33,2,0,2,35
09/06/2006,GRI,NE,ACE,CE,Federal Contract Tower,0,19,10,1,30,0,0,25,2,27,0,19,35,3,57,8,2,10,67
09/07/2006,GRI,NE,ACE,CE,Federal Contract Tower,0,16,5,0,21,0,0,39,0,39,0,16,44,0,60,6,0,6,66
09/08/2006,GRI,NE,ACE,CE,Federal Contract Tower,2,15,18,8,43,0,1,20,2,23,2,16,38,10,66,4,10,14,80
09/09/2006,GRI,NE,ACE,CE,Federal Contract Tower,0,8,1,0,9,0,1,3,0,4,0,9,4,0,13,0,0,0,13
09/10/2006,GRI,NE,ACE,CE,Federal Contract Tower,0,3,7,0,10,0,0,0,0,0,0,3,7,0,10,0,0,0,10
09/11/2006,GRI,NE,ACE,CE,Federal Contract Tower,4,12,23,0,39,0,0,10,0,10,4,12,33,0,49,24,0,24,73
09/12/2006,GRI,NE,ACE,CE,Federal Contract Tower,0,16,29,0,45,0,0,33,3,36,0,16,62,3,81,4,0,4,85
09/13/2006,GRI,NE,ACE,CE,Federal Contract Tower,0,16,10,0,26,0,2,55,7,64,0,18,65,7,90,8,24,32,122
09/14/2006,GRI,NE,ACE,CE,Federal Contract Tower,0,15,24,3,42,0,0,31,5,36,0,15,55,8,78,14,6,20,98
09/15/2006,GRI,NE,ACE,CE,Federal Contract Tower,0,14,13,1,28,0,1,20,3,24,0,15,33,4,52,2,8,10,62
09/16/2006,GRI,NE,ACE,CE,Federal Contract Tower,0,10,8,0,18,0,2,16,1,19,0,12,24,1,37,2,0,2,39
09/17/2006,GRI,NE,ACE,CE,Federal Contract Tower,2,5,7,0,14,0,0,16,1,17,2,5,23,1,31,22,0,22,53
09/18/2006,GRI,NE,ACE,CE,Federal Contract Tower,0,12,6,0,18,0,0,7,0,7,0,12,13,0,25,4,0,4,29
09/19/2006,GRI,NE,ACE,CE,Federal Contract Tower,0,16,7,0,23,0,0,27,3,30,0,16,34,3,53,18,14,32,85
09/20/2006,GRI,NE,ACE,CE,Federal Contract Tower,0,18,16,0,34,0,0,21,3,24,0,18,37,3,58,20,0,20,78
09/21/2006,GRI,NE,ACE,CE,Federal Contract Tower,2,16,6,0,24,0,0,1,1,2,2,16,7,1,26,0,0,0,26
09/22/2006,GRI,NE,ACE,CE,Federal Contract Tower,0,14,6,4,24,0,3,15,1,19,0,17,21,5,43,18,6,24,67
09/23/2006,GRI,NE,ACE,CE,Federal Contract Tower,0,12,17,0,29,0,0,3,0,3,0,12,20,0,32,0,0,0,32
09/24/2006,GRI,NE,ACE,CE,Federal Contract Tower,0,3,10,0,13,0,0,18,0,18,0,3,28,0,31,0,0,0,31
09/25/2006,GRI,NE,ACE,CE,Federal Contract Tower,0,12,10,0,22,0,0,17,2,19,0,12,27,2,41,16,0,16,57
09/26/2006,GRI,NE,ACE,CE,Federal Contract Tower,0,17,6,0,23,0,0,33,3,36,0,17,39,3,59,54,0,54,113
09/27/2006,GRI,NE,ACE,CE,Federal Contract Tower,0,18,22,0,40,0,0,13,4,17,0,18,35,4,57,0,2,2,59
09/28/2006,GRI,NE,ACE,CE,Federal Contract Tower,0,19,14,0,33,0,0,36,2,38,0,19,50,2,71,22,8,30,101
09/29/2006,GRI,NE,ACE,CE,Federal Contract Tower,0,16,11,0,27,0,1,30,5,36,0,17,41,5,63,32,12,44,107
09/30/2006,GRI,NE,ACE,CE,Federal Contract Tower,0,9,7,0,16,0,1,24,0,25,0,10,31,0,41,8,0,8,49
10/01/2006,GRI,NE,ACE,CE,Federal Contract Tower,0,3,7,0,10,0,0,26,2,28,0,3,33,2,38,42,2,44,82
10/02/2006,GRI,NE,ACE,CE,Federal Contract Tower,0,16,13,0,29,0,0,10,0,10,0,16,23,0,39,2,0,2,41
10/03/2006,GRI,NE,ACE,CE,Federal Contract Tower,0,14,7,6,27,0,1,25,2,28,0,15,32,8,55,28,4,32,87
10/04/2006,GRI,NE,ACE,CE,Federal Contract Tower,0,19,12,1,32,0,0,1,6,7,0,19,13,7,39,0,30,30,69
10/05/2006,GRI,NE,ACE,CE,Federal Contract Tower,0,13,14,0,27,0,0,15,6,21,0,13,29,6,48,38,20,58,106
10/06/2006,GRI,NE,ACE,CE,Federal Contract Tower,0,14,14,0,28,0,1,11,0,12,0,15,25,0,40,0,0,0,40
10/07/2006,GRI,NE,ACE,CE,Federal Contract Tower,0,8,4,0,12,0,2,18,0,20,0,10,22,0,32,0,0,0,32
10/08/2006,GRI,NE,ACE,CE,Federal Contract Tower,0,6,7,0,13,0,0,24,2,26,0,6,31,2,39,42,0,42,81
10/09/2006,GRI,NE,ACE,CE,Federal Contract Tower,0,12,7,0,19,0,0,1,0,1,0,12,8,0,20,2,0,2,22
10/10/2006,GRI,NE,ACE,CE,Federal Contract Tower,0,13,16,0,29,0,0,8,2,10,0,13,24,2,39,0,0,0,39
10/11/2006,GRI,NE,ACE,CE,Federal Contract Tower,0,15,6,0,21,0,0,4,2,6,0,15,10,2,27,8,6,14,41
10/12/2006,GRI,NE,ACE,CE,Federal Contract Tower,0,21,6,0,27,0,1,32,3,36,0,22,38,3,63,18,0,18,81
10/13/2006,GRI,NE,ACE,CE,Federal Contract Tower,0,13,8,0,21,0,2,16,0,18,0,15,24,0,39,8,0,8,47
10/14/2006,GRI,NE,ACE,CE,Federal Contract Tower,0,9,5,0,14,0,1,28,0,29,0,10,33,0,43,36,0,36,79
10/15/2006,GRI,NE,ACE,CE,Federal Contract Tower,0,5,4,2,11,0,0,12,1,13,0,5,16,3,24,42,14,56,80
10/16/2006,GRI,NE,ACE,CE,Federal Contract Tower,0,16,7,0,23,0,0,0,0,0,0,16,7,0,23,0,0,0,23
10/17/2006,GRI,NE,ACE,CE,Federal Contract Tower,0,15,12,0,27,0,0,10,2,12,0,15,22,2,39,38,0,38,77
10/18/2006,GRI,NE,ACE,CE,Federal Contract Tower,0,18,16,2,36,0,0,11,0,11,0,18,27,2,47,2,0,2,49
10/19/2006,GRI,NE,ACE,CE,Federal Contract Tower,0,17,16,0,33,0,0,26,0,26,0,17,42,0,59,8,0,8,67
10/20/2006,GRI,NE,ACE,CE,Federal Contract Tower,0,14,4,0,18,0,1,21,0,22,0,15,25,0,40,14,0,14,54
10/21/2006,GRI,NE,ACE,CE,Federal Contract Tower,0,10,0,0,10,0,0,0,0,0,0,10,0,0,10,0,0,0,10
10/22/2006,GRI,NE,ACE,CE,Federal Contract Tower,0,5,2,0,7,0,0,20,1,21,0,5,22,1,28,28,0,28,56
10/23/2006,GRI,NE,ACE,CE,Federal Contract Tower,2,12,10,2,26,0,0,22,0,22,2,12,32,2,48,10,0,10,58
10/24/2006,GRI,NE,ACE,CE,Federal Contract Tower,0,16,19,4,39,0,0,33,1,34,0,16,52,5,73,16,0,16,89
10/25/2006,GRI,NE,ACE,CE,Federal Contract Tower,0,17,18,0,35,0,1,12,0,13,0,18,30,0,48,0,0,0,48
10/26/2006,GRI,NE,ACE,CE,Federal Contract Tower,0,17,12,0,29,0,0,0,0,0,0,17,12,0,29,0,0,0,29
10/27/2006,GRI,NE,ACE,CE,Federal Contract Tower,2,15,11,0,28,0,1,30,0,31,2,16,41,0,59,14,0,14,73
10/28/2006,GRI,NE,ACE,CE,Federal Contract Tower,0,11,4,0,15,0,1,18,0,19,0,12,22,0,34,16,0,16,50
10/29/2006,GRI,NE,ACE,CE,Federal Contract Tower,0,8,2,0,10,0,0,36,0,36,0,8,38,0,46,10,0,10,56
10/30/2006,GRI,NE,ACE,CE,Federal Contract Tower,2,15,4,0,21,0,0,8,0,8,2,15,12,0,29,6,0,6,35
10/31/2006,GRI,NE,ACE,CE,Federal Contract Tower,0,18,8,0,26,0,0,26,2,28,0,18,34,2,54,8,0,8,62
11/01/2006,GRI,NE,ACE,CE,Federal Contract Tower,0,16,18,2,36,0,0,20,1,21,0,16,38,3,57,16,6,22,79
11/02/2006,GRI,NE,ACE,CE,Federal Contract Tower,0,18,15,0,33,0,0,32,2,34,0,18,47,2,67,32,4,36,103
11/03/2006,GRI,NE,ACE,CE,Federal Contract Tower,0,21,12,0,33,0,0,30,4,34,0,21,42,4,67,12,4,16,83
11/04/2006,GRI,NE,ACE,CE,Federal Contract Tower,0,7,8,0,15,0,1,19,4,24,0,8,27,4,39,4,0,4,43
11/05/2006,GRI,NE,ACE,CE,Federal Contract Tower,2,4,5,4,15,0,0,24,2,26,2,4,29,6,41,42,0,42,83
11/06/2006,GRI,NE,ACE,CE,Federal Contract Tower,0,13,9,1,23,0,0,16,1,17,0,13,25,2,40,4,0,4,44
11/07/2006,GRI,NE,ACE,CE,Federal Contract Tower,0,16,25,0,41,0,0,29,4,33,0,16,54,4,74,40,2,42,116
11/08/2006,GRI,NE,ACE,CE,Federal Contract Tower,0,20,11,0,31,0,0,33,2,35,0,20,44,2,66,0,4,4,70
11/09/2006,GRI,NE,ACE,CE,Federal Contract Tower,0,17,15,0,32,0,0,27,3,30,0,17,42,3,62,20,20,40,102
11/10/2006,GRI,NE,ACE,CE,Federal Contract Tower,0,15,11,0,26,0,0,0,0,0,0,15,11,0,26,0,0,0,26
11/11/2006,GRI,NE,ACE,CE,Federal Contract Tower,0,8,7,0,15,0,0,6,0,6,0,8,13,0,21,0,0,0,21
11/12/2006,GRI,NE,ACE,CE,Federal Contract Tower,0,4,2,0,6,0,0,8,5,13,0,4,10,5,19,22,0,22,41
11/13/2006,GRI,NE,ACE,CE,Federal Contract Tower,0,13,7,0,20,0,0,8,1,9,0,13,15,1,29,4,0,4,33
11/14/2006,GRI,NE,ACE,CE,Federal Contract Tower,0,18,7,0,25,0,0,19,4,23,0,18,26,4,48,6,4,10,58
11/15/2006,GRI,NE,ACE,CE,Federal Contract Tower,0,15,12,0,27,0,0,7,0,7,0,15,19,0,34,4,0,4,38
11/16/2006,GRI,NE,ACE,CE,Federal Contract Tower,0,19,5,0,24,0,0,21,3,24,0,19,26,3,48,30,2,32,80
11/17/2006,GRI,NE,ACE,CE,Federal Contract Tower,0,13,11,2,26,0,3,20,1,24,0,16,31,3,50,10,0,10,60
11/18/2006,GRI,NE,ACE,CE,Federal Contract Tower,0,9,1,0,10,0,1,18,0,19,0,10,19,0,29,18,0,18,47
11/19/2006,GRI,NE,ACE,CE,Federal Contract Tower,0,4,7,0,11,0,0,16,0,16,0,4,23,0,27,44,0,44,71
11/20/2006,GRI,NE,ACE,CE,Federal Contract Tower,0,13,6,0,19,0,0,31,0,31,0,13,37,0,50,34,0,34,84
11/21/2006,GRI,NE,ACE,CE,Federal Contract Tower,0,19,18,0,37,0,1,30,4,35,0,20,48,4,72,34,4,38,110
11/22/2006,GRI,NE,ACE,CE,Federal Contract Tower,0,18,20,0,38,0,0,33,0,33,0,18,53,0,71,46,0,46,117
11/23/2006,GRI,NE,ACE,CE,Federal Contract Tower,0,5,1,0,6,0,0,18,0,18,0,5,19,0,24,14,0,14,38
11/24/2006,GRI,NE,ACE,CE,Federal Contract Tower,0,13,4,0,17,0,2,17,0,19,0,15,21,0,36,16,0,16,52
11/25/2006,GRI,NE,ACE,CE,Federal Contract Tower,0,10,0,0,10,0,1,11,0,12,0,11,11,0,22,16,0,16,38
11/26/2006,GRI,NE,ACE,CE,Federal Contract Tower,0,4,5,0,9,0,0,0,0,0,0,4,5,0,9,0,0,0,9
11/27/2006,GRI,NE,ACE,CE,Federal Contract Tower,0,15,6,0,21,0,0,0,0,0,0,15,6,0,21,0,0,0,21
11/28/2006,GRI,NE,ACE,CE,Federal Contract Tower,0,19,15,0,34,0,2,2,4,8,0,21,17,4,42,0,4,4,46
11/29/2006,GRI,NE,ACE,CE,Federal Contract Tower,0,19,13,0,32,0,1,6,5,12,0,20,19,5,44,0,22,22,66
11/30/2006,GRI,NE,ACE,CE,Federal Contract Tower,0,20,2,0,22,0,0,24,4,28,0,20,26,4,50,18,18,36,86
12/01/2006,GRI,NE,ACE,CE,Federal Contract Tower,0,14,4,0,18,0,2,14,2,18,0,16,18,2,36,12,6,18,54
12/02/2006,GRI,NE,ACE,CE,Federal Contract Tower,0,7,5,0,12,0,1,13,0,14,0,8,18,0,26,8,0,8,34
12/03/2006,GRI,NE,ACE,CE,Federal Contract Tower,0,4,3,0,7,0,0,13,0,13,0,4,16,0,20,56,0,56,76
12/04/2006,GRI,NE,ACE,CE,Federal Contract Tower,0,13,10,2,25,0,0,5,0,5,0,13,15,2,30,4,0,4,34
12/05/2006,GRI,NE,ACE,CE,Federal Contract Tower,0,16,9,2,27,0,0,21,0,21,0,16,30,2,48,18,0,18,66
12/06/2006,GRI,NE,ACE,CE,Federal Contract Tower,0,18,9,3,30,0,1,18,3,22,0,19,27,6,52,10,8,18,70
12/07/2006,GRI,NE,ACE,CE,Federal Contract Tower,0,16,11,2,29,0,0,22,2,24,0,16,33,4,53,30,12,42,95
12/08/2006,GRI,NE,ACE,CE,Federal Contract Tower,0,14,11,0,25,0,4,26,0,30,0,18,37,0,55,66,0,66,121
12/09/2006,GRI,NE,ACE,CE,Federal Contract Tower,0,9,1,0,10,0,2,37,0,39,0,11,38,0,49,50,0,50,99
12/10/2006,GRI,NE,ACE,CE,Federal Contract Tower,0,4,6,0,10,0,0,32,0,32,0,4,38,0,42,70,0,70,112
12/11/2006,GRI,NE,ACE,CE,Federal Contract Tower,0,6,4,0,10,0,0,0,0,0,0,6,4,0,10,0,0,0,10
12/12/2006,GRI,NE,ACE,CE,Federal Contract Tower,0,17,10,0,27,0,1,11,0,12,0,18,21,0,39,14,0,14,53
12/13/2006,GRI,NE,ACE,CE,Federal Contract Tower,2,16,9,2,29,0,0,25,1,26,2,16,34,3,55,12,0,12,67
12/14/2006,GRI,NE,ACE,CE,Federal Contract Tower,0,14,7,1,22,0,1,31,13,45,0,15,38,14,67,36,24,60,127
12/15/2006,GRI,NE,ACE,CE,Federal Contract Tower,0,13,8,0,21,0,3,28,2,33,0,16,36,2,54,14,0,14,68
12/16/2006,GRI,NE,ACE,CE,Federal Contract Tower,2,5,1,0,8,0,5,19,0,24,2,10,20,0,32,30,0,30,62
12/17/2006,GRI,NE,ACE,CE,Federal Contract Tower,0,4,4,0,8,0,0,19,0,19,0,4,23,0,27,36,0,36,63
12/18/2006,GRI,NE,ACE,CE,Federal Contract Tower,0,13,4,2,19,0,0,12,0,12,0,13,16,2,31,10,0,10,41
12/19/2006,GRI,NE,ACE,CE,Federal Contract Tower,0,14,19,0,33,0,1,14,4,19,0,15,33,4,52,2,0,2,54
12/20/2006,GRI,NE,ACE,CE,Federal Contract Tower,0,4,8,0,12,0,0,0,0,0,0,4,8,0,12,0,0,0,12
12/21/2006,GRI,NE,ACE,CE,Federal Contract Tower,0,6,0,0,6,0,0,0,0,0,0,6,0,0,6,0,0,0,6
12/22/2006,GRI,NE,ACE,CE,Federal Contract Tower,0,21,18,0,39,0,0,3,0,3,0,21,21,0,42,0,0,0,42
12/23/2006,GRI,NE,ACE,CE,Federal Contract Tower,0,5,5,0,10,0,1,11,0,12,0,6,16,0,22,8,0,8,30
12/24/2006,GRI,NE,ACE,CE,Federal Contract Tower,0,4,1,0,5,0,0,3,0,3,0,4,4,0,8,0,0,0,8
12/25/2006,GRI,NE,ACE,CE,Federal Contract Tower,0,6,0,0,6,0,0,3,0,3,0,6,3,0,9,0,0,0,9
12/26/2006,GRI,NE,ACE,CE,Federal Contract Tower,0,15,9,0,24,0,0,24,0,24,0,15,33,0,48,18,0,18,66
12/27/2006,GRI,NE,ACE,CE,Federal Contract Tower,0,14,16,0,30,0,1,27,14,42,0,15,43,14,72,12,38,50,122
12/28/2006,GRI,NE,ACE,CE,Federal Contract Tower,0,14,4,0,18,0,0,20,4,24,0,14,24,4,42,36,22,58,100
12/29/2006,GRI,NE,ACE,CE,Federal Contract Tower,0,15,0,0,15,0,0,0,0,0,0,15,0,0,15,0,0,0,15
12/30/2006,GRI,NE,ACE,CE,Federal Contract Tower,0,10,1,0,11,0,0,0,0,0,0,10,1,0,11,0,0,0,11
12/31/2006,GRI,NE,ACE,CE,Federal Contract Tower,0,4,4,0,8,0,0,1,0,1,0,4,5,0,9,0,0,0,9
01/01/2007,GRI,NE,ACE,CE,Federal Contract Tower,0,6,6,0,12,0,0,6,8,14,0,6,12,8,26,0,6,6,32
01/02/2007,GRI,NE,ACE,CE,Federal Contract Tower,0,15,14,2,31,0,1,19,1,21,0,16,33,3,52,8,0,8,60
01/03/2007,GRI,NE,ACE,CE,Federal Contract Tower,0,16,20,1,37,0,2,29,4,35,0,18,49,5,72,26,4,30,102
01/04/2007,GRI,NE,ACE,CE,Federal Contract Tower,0,19,7,1,27,0,1,31,4,36,0,20,38,5,63,6,4,10,73
01/05/2007,GRI,NE,ACE,CE,Federal Contract Tower,0,15,8,0,23,0,1,5,1,7,0,16,13,1,30,16,0,16,46
01/06/2007,GRI,NE,ACE,CE,Federal Contract Tower,0,9,5,0,14,0,1,28,0,29,0,10,33,0,43,0,0,0,43
01/07/2007,GRI,NE,ACE,CE,Federal Contract Tower,0,6,0,0,6,0,0,3,0,3,0,6,3,0,9,0,0,0,9
01/08/2007,GRI,NE,ACE,CE,Federal Contract Tower,0,15,5,0,20,0,0,5,0,5,0,15,10,0,25,0,0,0,25
01/09/2007,GRI,NE,ACE,CE,Federal Contract Tower,0,16,5,3,24,0,2,15,5,22,0,18,20,8,46,6,10,16,62
01/10/2007,GRI,NE,ACE,CE,Federal Contract Tower,0,18,9,2,29,0,0,32,4,36,0,18,41,6,65,6,10,16,81
01/11/2007,GRI,NE,ACE,CE,Federal Contract Tower,0,20,11,2,33,0,0,8,2,10,0,20,19,4,43,18,0,18,61
01/12/2007,GRI,NE,ACE,CE,Federal Contract Tower,0,16,7,0,23,0,1,5,0,6,0,17,12,0,29,2,0,2,31
01/13/2007,GRI,NE,ACE,CE,Federal Contract Tower,0,7,4,0,11,0,1,0,0,1,0,8,4,0,12,0,0,0,12
01/14/2007,GRI,NE,ACE,CE,Federal Contract Tower,2,6,6,0,14,0,0,0,0,0,2,6,6,0,14,0,0,0,14
01/15/2007,GRI,NE,ACE,CE,Federal Contract Tower,0,17,11,0,28,0,0,3,0,3,0,17,14,0,31,20,0,20,51
01/16/2007,GRI,NE,ACE,CE,Federal Contract Tower,0,14,7,4,25,0,0,22,0,22,0,14,29,4,47,18,0,18,65
01/17/2007,GRI,NE,ACE,CE,Federal Contract Tower,0,18,14,0,32,0,0,11,0,11,0,18,25,0,43,2,0,2,45
01/18/2007,GRI,NE,ACE,CE,Federal Contract Tower,2,18,8,0,28,0,0,23,0,23,2,18,31,0,51,30,0,30,81
01/19/2007,GRI,NE,ACE,CE,Federal Contract Tower,0,19,13,2,34,0,0,25,2,27,0,19,38,4,61,54,4,58,119
01/20/2007,GRI,NE,ACE,CE,Federal Contract Tower,0,7,2,0,9,0,1,5,0,6,0,8,7,0,15,18,0,18,33
01/21/2007,GRI,NE,ACE,CE,Federal Contract Tower,0,4,3,0,7,0,0,0,0,0,0,4,3,0,7,0,0,0,7
01/22/2007,GRI,NE,ACE,CE,Federal Contract Tower,0,13,4,2,19,0,0,11,0,11,0,13,15,2,30,36,6,42,72
01/23/2007,GRI,NE,ACE,CE,Federal Contract Tower,0,14,7,8,29,0,2,23,1,26,0,16,30,9,55,44,2,46,101
01/24/2007,GRI,NE,ACE,CE,Federal Contract Tower,0,16,15,0,31,0,0,25,2,27,0,16,40,2,58,12,10,22,80
01/25/2007,GRI,NE,ACE,CE,Federal Contract Tower,0,19,15,3,37,0,0,24,4,28,0,19,39,7,65,32,6,38,103
01/26/2007,GRI,NE,ACE,CE,Federal Contract Tower,0,16,8,3,27,0,1,26,7,34,0,17,34,10,61,36,8,44,105
01/27/2007,GRI,NE,ACE,CE,Federal Contract Tower,0,7,8,1,16,0,1,4,2,7,0,8,12,3,23,0,0,0,23
01/28/2007,GRI,NE,ACE,CE,Federal Contract Tower,0,7,2,0,9,0,1,31,18,50,0,8,33,18,59,32,32,64,123
01/29/2007,GRI,NE,ACE,CE,Federal Contract Tower,0,14,8,0,22,0,0,11,0,11,0,14,19,0,33,52,0,52,85
01/30/2007,GRI,NE,ACE,CE,Federal Contract Tower,0,16,6,0,22,0,0,18,3,21,0,16,24,3,43,18,4,22,65
01/31/2007,GRI,NE,ACE,CE,Federal Contract Tower,0,16,18,0,34,0,0,4,5,9,0,16,22,5,43,6,52,58,101
02/01/2007,GRI,NE,ACE,CE,Federal Contract Tower,0,18,5,0,23,0,0,13,8,21,0,18,18,8,44,6,12,18,62
02/02/2007,GRI,NE,ACE,CE,Federal Contract Tower,0,17,13,0,30,0,1,9,2,12,0,18,22,2,42,4,0,4,46
02/03/2007,GRI,NE,ACE,CE,Federal Contract Tower,0,7,6,0,13,0,1,13,0,14,0,8,19,0,27,40,0,40,67
02/04/2007,GRI,NE,ACE,CE,Federal Contract Tower,0,4,11,0,15,0,0,18,0,18,0,4,29,0,33,10,0,10,43
02/05/2007,GRI,NE,ACE,CE,Federal Contract Tower,0,13,5,0,18,0,0,7,3,10,0,13,12,3,28,16,10,26,54
02/06/2007,GRI,NE,ACE,CE,Federal Contract Tower,0,17,13,0,30,0,0,31,4,35,0,17,44,4,65,52,32,84,149
02/07/2007,GRI,NE,ACE,CE,Federal Contract Tower,0,17,15,0,32,0,0,8,4,12,0,17,23,4,44,22,74,96,140
02/08/2007,GRI,NE,ACE,CE,Federal Contract Tower,0,14,12,0,26,0,0,1,2,3,0,14,13,2,29,2,28,30,59
02/09/2007,GRI,NE,ACE,CE,Federal Contract Tower,0,15,7,0,22,0,1,0,5,6,0,16,7,5,28,0,14,14,42
02/10/2007,GRI,NE,ACE,CE,Federal Contract Tower,0,7,9,1,17,0,1,0,10,11,0,8,9,11,28,0,54,54,82
02/11/2007,GRI,NE,ACE,CE,Federal Contract Tower,0,4,6,0,10,0,0,0,3,3,0,4,6,3,13,0,16,16,29
02/12/2007,GRI,NE,ACE,CE,Federal Contract Tower,0,6,0,0,6,0,0,0,0,0,0,6,0,0,6,0,0,0,6
02/13/2007,GRI,NE,ACE,CE,Federal Contract Tower,0,15,15,0,30,0,0,4,0,4,0,15,19,0,34,4,0,4,38
02/14/2007,GRI,NE,ACE,CE,Federal Contract Tower,0,16,17,0,33,0,0,9,0,9,0,16,26,0,42,0,0,0,42
02/15/2007,GRI,NE,ACE,CE,Federal Contract Tower,2,20,13,0,35,0,0,18,6,24,2,20,31,6,59,14,24,38,97
02/16/2007,GRI,NE,ACE,CE,Federal Contract Tower,0,15,7,2,24,0,1,2,2,5,0,16,9,4,29,0,0,0,29
02/17/2007,GRI,NE,ACE,CE,Federal Contract Tower,0,7,5,0,12,0,0,12,0,12,0,7,17,0,24,22,0,22,46
02/18/2007,GRI,NE,ACE,CE,Federal Contract Tower,2,4,2,0,8,0,0,30,0,30,2,4,32,0,38,34,0,34,72
02/19/2007,GRI,NE,ACE,CE,Federal Contract Tower,0,13,10,0,23,0,0,24,0,24,0,13,34,0,47,32,0,32,79
02/20/2007,GRI,NE,ACE,CE,Federal Contract Tower,0,16,14,2,32,0,0,14,2,16,0,16,28,4,48,2,0,2,50
02/21/2007,GRI,NE,ACE,CE,Federal Contract Tower,0,14,8,0,22,0,1,27,4,32,0,15,35,4,54,30,56,86,140
02/22/2007,GRI,NE,ACE,CE,Federal Contract Tower,0,20,5,3,28,0,0,23,12,35,0,20,28,15,63,2,54,56,119
02/23/2007,GRI,NE,ACE,CE,Federal Contract Tower,0,15,4,0,19,0,4,8,2,14,0,19,12,2,33,10,4,14,47
02/24/2007,GRI,NE,ACE,CE,Federal Contract Tower,0,9,0,0,9,0,0,0,0,0,0,9,0,0,9,0,0,0,9
02/25/2007,GRI,NE,ACE,CE,Federal Contract Tower,0,4,5,0,9,0,0,0,0,0,0,4,5,0,9,0,0,0,9
02/26/2007,GRI,NE,ACE,CE,Federal Contract Tower,0,15,17,0,32,0,0,4,4,8,0,15,21,4,40,6,2,8,48
02/27/2007,GRI,NE,ACE,CE,Federal Contract Tower,0,18,14,0,32,0,0,11,2,13,0,18,25,2,45,24,0,24,69
02/28/2007,GRI,NE,ACE,CE,Federal Contract Tower,0,18,13,0,31,0,1,3,2,6,0,19,16,2,37,4,18,22,59
03/01/2007,GRI,NE,ACE,CE,Federal Contract Tower,0,8,7,3,18,0,0,3,0,3,0,8,10,3,21,0,10,10,31
03/02/2007,GRI,NE,ACE,CE,Federal Contract Tower,0,19,5,0,24,0,0,0,0,0,0,19,5,0,24,0,0,0,24
03/03/2007,GRI,NE,ACE,CE,Federal Contract Tower,0,9,5,0,14,0,1,7,0,8,0,10,12,0,22,40,0,40,62
03/04/2007,GRI,NE,ACE,CE,Federal Contract Tower,0,5,6,0,11,0,0,24,1,25,0,5,30,1,36,66,2,68,104
03/05/2007,GRI,NE,ACE,CE,Federal Contract Tower,0,13,7,0,20,0,0,11,1,12,0,13,18,1,32,36,0,36,68
03/06/2007,GRI,NE,ACE,CE,Federal Contract Tower,0,16,10,0,26,0,1,21,2,24,0,17,31,2,50,6,0,6,56
03/07/2007,GRI,NE,ACE,CE,Federal Contract Tower,0,16,4,0,20,0,0,0,0,0,0,16,4,0,20,0,0,0,20
03/08/2007,GRI,NE,ACE,CE,Federal Contract Tower,0,21,14,0,35,0,1,10,3,14,0,22,24,3,49,30,2,32,81
03/09/2007,GRI,NE,ACE,CE,Federal Contract Tower,0,19,20,3,42,0,1,28,14,43,0,20,48,17,85,54,14,68,153
03/10/2007,GRI,NE,ACE,CE,Federal Contract Tower,0,7,6,0,13,0,1,19,6,26,0,8,25,6,39,0,0,0,39
03/11/2007,GRI,NE,ACE,CE,Federal Contract Tower,0,2,5,0,7,0,0,22,13,35,0,2,27,13,42,22,62,84,126
03/12/2007,GRI,NE,ACE,CE,Federal Contract Tower,2,16,8,0,26,0,0,15,0,15,2,16,23,0,41,36,0,36,77
03/13/2007,GRI,NE,ACE,CE,Federal Contract Tower,2,16,13,0,31,0,1,29,7,37,2,17,42,7,68,46,32,78,146
03/14/2007,GRI,NE,ACE,CE,Federal Contract Tower,0,17,23,2,42,0,1,17,9,27,0,18,40,11,69,0,20,20,89
03/15/2007,GRI,NE,ACE,CE,Federal Contract Tower,0,16,11,2,29,0,0,23,3,26,0,16,34,5,55,28,10,38,93
03/16/2007,GRI,NE,ACE,CE,Federal Contract Tower,0,14,15,0,29,0,2,30,4,36,0,16,45,4,65,20,12,32,97
03/17/2007,GRI,NE,ACE,CE,Federal Contract Tower,0,7,4,0,11,0,1,18,0,19,0,8,22,0,30,42,0,42,72
03/18/2007,GRI,NE,ACE,CE,Federal Contract Tower,0,6,5,0,11,0,0,18,0,18,0,6,23,0,29,20,0,20,49
03/19/2007,GRI,NE,ACE,CE,Federal Contract Tower,4,11,5,0,20,0,2,4,2,8,4,13,9,2,28,8,0,8,36
03/20/2007,GRI,NE,ACE,CE,Federal Contract Tower,1,16,7,0,24,0,2,8,3,13,1,18,15,3,37,2,8,10,47
03/21/2007,GRI,NE,ACE,CE,Federal Contract Tower,1,17,15,0,33,0,1,9,5,15,1,18,24,5,48,22,18,40,88
03/22/2007,GRI,NE,ACE,CE,Federal Contract Tower,0,15,6,4,25,0,1,23,5,29,0,16,29,9,54,36,38,74,128
03/23/2007,GRI,NE,ACE,CE,Federal Contract Tower,2,18,6,4,30,0,1,29,1,31,2,19,35,5,61,34,4,38,99
03/24/2007,GRI,NE,ACE,CE,Federal Contract Tower,0,8,2,0,10,0,0,2,0,2,0,8,4,0,12,8,0,8,20
03/25/2007,GRI,NE,ACE,CE,Federal Contract Tower,0,4,6,0,10,0,0,20,2,22,0,4,26,2,32,22,12,34,66
03/26/2007,GRI,NE,ACE,CE,Federal Contract Tower,0,11,8,0,19,0,0,17,0,17,0,11,25,0,36,12,0,12,48
03/27/2007,GRI,NE,ACE,CE,Federal Contract Tower,0,18,12,0,30,0,0,6,3,9,0,18,18,3,39,0,4,4,43
03/28/2007,GRI,NE,ACE,CE,Federal Contract Tower,0,12,16,0,28,0,0,0,0,0,0,12,16,0,28,0,0,0,28
03/29/2007,GRI,NE,ACE,CE,Federal Contract Tower,0,16,8,0,24,0,0,8,4,12,0,16,16,4,36,8,0,8,44
03/30/2007,GRI,NE,ACE,CE,Federal Contract Tower,0,15,13,0,28,0,3,30,7,40,0,18,43,7,68,38,0,38,106
03/31/2007,GRI,NE,ACE,CE,Federal Contract Tower,0,9,3,0,12,0,0,0,0,0,0,9,3,0,12,0,0,0,12
04/01/2007,GRI,NE,ACE,CE,Federal Contract Tower,0,4,10,0,14,0,0,26,0,26,0,4,36,0,40,36,2,38,78
04/02/2007,GRI,NE,ACE,CE,Federal Contract Tower,0,13,14,0,27,0,0,19,0,19,0,13,33,0,46,20,0,20,66
04/03/2007,GRI,NE,ACE,CE,Federal Contract Tower,0,16,10,2,28,0,0,9,0,9,0,16,19,2,37,0,0,0,37
04/04/2007,GRI,NE,ACE,CE,Federal Contract Tower,0,18,16,2,36,0,2,20,4,26,0,20,36,6,62,0,18,18,80
04/05/2007,GRI,NE,ACE,CE,Federal Contract Tower,0,16,8,0,24,0,0,1,1,2,0,16,9,1,26,0,0,0,26
04/06/2007,GRI,NE,ACE,CE,Federal Contract Tower,0,13,2,0,15,0,2,13,3,18,0,15,15,3,33,2,0,2,35
04/07/2007,GRI,NE,ACE,CE,Federal Contract Tower,0,7,4,0,11,0,1,14,0,15,0,8,18,0,26,54,0,54,80
04/08/2007,GRI,NE,ACE,CE,Federal Contract Tower,0,4,0,0,4,0,0,18,1,19,0,4,18,1,23,6,0,6,29
04/09/2007,GRI,NE,ACE,CE,Federal Contract Tower,2,13,10,0,25,0,0,9,0,9,2,13,19,0,34,18,0,18,52
04/10/2007,GRI,NE,ACE,CE,Federal Contract Tower,0,15,13,0,28,0,1,3,0,4,0,16,16,0,32,0,0,0,32
04/11/2007,GRI,NE,ACE,CE,Federal Contract Tower,0,18,11,0,29,0,0,6,4,10,0,18,17,4,39,0,30,30,69
04/12/2007,GRI,NE,ACE,CE,Federal Contract Tower,2,16,17,0,35,0,0,20,4,24,2,16,37,4,59,38,26,64,123
04/13/2007,GRI,NE,ACE,CE,Federal Contract Tower,0,16,8,0,24,0,2,10,5,17,0,18,18,5,41,0,12,12,53
04/14/2007,GRI,NE,ACE,CE,Federal Contract Tower,0,7,3,1,11,0,3,30,1,34,0,10,33,2,45,16,0,16,61
04/15/2007,GRI,NE,ACE,CE,Federal Contract Tower,0,4,7,0,11,0,0,41,0,41,0,4,48,0,52,44,0,44,96
04/16/2007,GRI,NE,ACE,CE,Federal Contract Tower,0,15,5,0,20,0,0,14,1,15,0,15,19,1,35,34,0,34,69
04/17/2007,GRI,NE,ACE,CE,Federal Contract Tower,0,17,12,4,33,0,0,12,0,12,0,17,24,4,45,4,0,4,49
04/18/2007,GRI,NE,ACE,CE,Federal Contract Tower,0,14,22,0,36,0,1,41,4,46,0,15,63,4,82,68,2,70,152
04/19/2007,GRI,NE,ACE,CE,Federal Contract Tower,0,16,12,0,28,0,1,13,5,19,0,17,25,5,47,36,2,38,85
04/20/2007,GRI,NE,ACE,CE,Federal Contract Tower,0,17,8,0,25,0,2,11,7,20,0,19,19,7,45,2,18,20,65
04/21/2007,GRI,NE,ACE,CE,Federal Contract Tower,0,7,4,0,11,0,1,7,1,9,0,8,11,1,20,0,0,0,20
04/22/2007,GRI,NE,ACE,CE,Federal Contract Tower,0,4,2,0,6,0,0,4,1,5,0,4,6,1,11,0,0,0,11
04/23/2007,GRI,NE,ACE,CE,Federal Contract Tower,0,13,13,0,26,0,0,15,2,17,0,13,28,2,43,42,0,42,85
04/24/2007,GRI,NE,ACE,CE,Federal Contract Tower,0,14,0,0,14,0,0,0,0,0,0,14,0,0,14,0,0,0,14
04/25/2007,GRI,NE,ACE,CE,Federal Contract Tower,0,17,14,0,31,0,0,0,2,2,0,17,14,2,33,0,28,28,61
04/26/2007,GRI,NE,ACE,CE,Federal Contract Tower,0,18,12,0,30,0,3,31,5,39,0,21,43,5,69,60,2,62,131
04/27/2007,GRI,NE,ACE,CE,Federal Contract Tower,0,18,8,2,28,0,1,5,9,15,0,19,13,11,43,0,6,6,49
04/28/2007,GRI,NE,ACE,CE,Federal Contract Tower,0,8,9,0,17,0,3,31,9,43,0,11,40,9,60,14,20,34,94
04/29/2007,GRI,NE,ACE,CE,Federal Contract Tower,0,6,5,4,15,0,0,28,4,32,0,6,33,8,47,38,4,42,89
04/30/2007,GRI,NE,ACE,CE,Federal Contract Tower,0,13,10,2,25,0,0,21,2,23,0,13,31,4,48,28,4,32,80
05/01/2007,GRI,NE,ACE,CE,Federal Contract Tower,0,15,10,3,28,0,0,20,3,23,0,15,30,6,51,6,0,6,57
05/02/2007,GRI,NE,ACE,CE,Federal Contract Tower,0,18,10,7,35,0,3,19,4,26,0,21,29,11,61,4,50,54,115
05/03/2007,GRI,NE,ACE,CE,Federal Contract Tower,0,15,9,0,24,0,0,0,0,0,0,15,9,0,24,0,0,0,24
05/04/2007,GRI,NE,ACE,CE,Federal Contract Tower,0,17,6,1,24,0,1,4,0,5,0,18,10,1,29,0,0,0,29
05/05/2007,GRI,NE,ACE,CE,Federal Contract Tower,0,8,3,0,11,0,0,0,0,0,0,8,3,0,11,0,0,0,11
05/06/2007,GRI,NE,ACE,CE,Federal Contract Tower,0,4,4,0,8,0,0,1,0,1,0,4,5,0,9,0,0,0,9
05/07/2007,GRI,NE,ACE,CE,Federal Contract Tower,2,13,17,0,32,0,0,4,0,4,2,13,21,0,36,0,0,0,36
05/08/2007,GRI,NE,ACE,CE,Federal Contract Tower,0,17,3,2,22,0,1,22,0,23,0,18,25,2,45,18,0,18,63
05/09/2007,GRI,NE,ACE,CE,Federal Contract Tower,0,17,23,2,42,0,0,43,5,48,0,17,66,7,90,36,22,58,148
05/10/2007,GRI,NE,ACE,CE,Federal Contract Tower,0,18,11,0,29,0,2,27,3,32,0,20,38,3,61,28,4,32,93
05/11/2007,GRI,NE,ACE,CE,Federal Contract Tower,2,18,6,4,30,0,3,46,4,53,2,21,52,8,83,26,12,38,121
05/12/2007,GRI,NE,ACE,CE,Federal Contract Tower,0,6,10,0,16,0,1,45,0,46,0,7,55,0,62,6,0,6,68
05/13/2007,GRI,NE,ACE,CE,Federal Contract Tower,0,4,0,0,4,0,2,10,0,12,0,6,10,0,16,0,0,0,16
05/14/2007,GRI,NE,ACE,CE,Federal Contract Tower,0,13,3,0,16,0,0,5,0,5,0,13,8,0,21,0,0,0,21
05/15/2007,GRI,NE,ACE,CE,Federal Contract Tower,0,16,7,0,23,0,0,7,6,13,0,16,14,6,36,0,44,44,80
05/16/2007,GRI,NE,ACE,CE,Federal Contract Tower,0,17,9,2,28,0,0,19,1,20,0,17,28,3,48,24,0,24,72
05/17/2007,GRI,NE,ACE,CE,Federal Contract Tower,0,16,21,0,37,0,2,31,6,39,0,18,52,6,76,28,18,46,122
05/18/2007,GRI,NE,ACE,CE,Federal Contract Tower,0,12,4,2,18,0,1,25,9,35,0,13,29,11,53,0,6,6,59
05/19/2007,GRI,NE,ACE,CE,Federal Contract Tower,0,7,4,0,11,0,1,27,2,30,0,8,31,2,41,2,4,6,47
05/20/2007,GRI,NE,ACE,CE,Federal Contract Tower,0,4,4,2,10,0,0,31,0,31,0,4,35,2,41,28,2,30,71
05/21/2007,GRI,NE,ACE,CE,Federal Contract Tower,0,12,10,1,23,0,1,7,1,9,0,13,17,2,32,0,0,0,32
05/22/2007,GRI,NE,ACE,CE,Federal Contract Tower,0,16,9,0,25,0,0,2,0,2,0,16,11,0,27,2,0,2,29
05/23/2007,GRI,NE,ACE,CE,Federal Contract Tower,0,18,9,0,27,0,1,18,0,19,0,19,27,0,46,32,0,32,78
05/24/2007,GRI,NE,ACE,CE,Federal Contract Tower,0,20,11,0,31,0,0,17,1,18,0,20,28,1,49,48,0,48,97
05/25/2007,GRI,NE,ACE,CE,Federal Contract Tower,0,16,14,0,30,0,3,27,0,30,0,19,41,0,60,24,0,24,84
05/26/2007,GRI,NE,ACE,CE,Federal Contract Tower,0,7,10,0,17,0,0,15,0,15,0,7,25,0,32,0,0,0,32
05/27/2007,GRI,NE,ACE,CE,Federal Contract Tower,0,4,4,0,8,0,0,12,0,12,0,4,16,0,20,20,0,20,40
05/28/2007,GRI,NE,ACE,CE,Federal Contract Tower,0,6,14,0,20,0,0,6,4,10,0,6,20,4,30,14,4,18,48
05/29/2007,GRI,NE,ACE,CE,Federal Contract Tower,0,16,4,0,20,0,0,2,0,2,0,16,6,0,22,0,0,0,22
05/30/2007,GRI,NE,ACE,CE,Federal Contract Tower,0,19,8,0,27,0,0,5,4,9,0,19,13,4,36,8,14,22,58
05/31/2007,GRI,NE,ACE,CE,Federal Contract Tower,0,15,12,0,27,0,1,11,2,14,0,16,23,2,41,58,10,68,109
06/01/2007,GRI,NE,ACE,CE,Federal Contract Tower,0,14,4,0,18,0,2,11,0,13,0,16,15,0,31,30,0,30,61
06/02/2007,GRI,NE,ACE,CE,Federal Contract Tower,0,8,4,0,12,0,2,24,3,29,0,10,28,3,41,0,0,0,41
06/03/2007,GRI,NE,ACE,CE,Federal Contract Tower,0,4,10,0,14,0,0,12,11,23,0,4,22,11,37,12,0,12,49
06/04/2007,GRI,NE,ACE,CE,Federal Contract Tower,0,13,7,2,22,0,0,14,0,14,0,13,21,2,36,0,0,0,36
06/05/2007,GRI,NE,ACE,CE,Federal Contract Tower,0,15,9,2,26,0,1,22,0,23,0,16,31,2,49,0,0,0,49
06/06/2007,GRI,NE,ACE,CE,Federal Contract Tower,0,22,6,0,28,0,0,11,4,15,0,22,17,4,43,0,0,0,43
06/07/2007,GRI,NE,ACE,CE,Federal Contract Tower,0,18,4,2,24,0,0,9,0,9,0,18,13,2,33,4,0,4,37
06/08/2007,GRI,NE,ACE,CE,Federal Contract Tower,0,17,12,2,31,0,2,35,3,40,0,19,47,5,71,10,0,10,81
06/09/2007,GRI,NE,ACE,CE,Federal Contract Tower,0,6,8,2,16,0,3,13,3,19,0,9,21,5,35,0,2,2,37
06/10/2007,GRI,NE,ACE,CE,Federal Contract Tower,0,4,10,0,14,0,0,24,2,26,0,4,34,2,40,6,4,10,50
06/11/2007,GRI,NE,ACE,CE,Federal Contract Tower,0,13,21,1,35,0,0,12,3,15,0,13,33,4,50,6,8,14,64
06/12/2007,GRI,NE,ACE,CE,Federal Contract Tower,0,16,11,0,27,0,0,4,0,4,0,16,15,0,31,14,0,14,45
06/13/2007,GRI,NE,ACE,CE,Federal Contract Tower,0,18,6,0,24,0,0,0,0,0,0,18,6,0,24,0,0,0,24
06/14/2007,GRI,NE,ACE,CE,Federal Contract Tower,0,14,6,0,20,0,0,0,4,4,0,14,6,4,24,0,0,0,24
06/15/2007,GRI,NE,ACE,CE,Federal Contract Tower,0,14,14,0,28,0,2,25,10,37,0,16,39,10,65,18,0,18,83
06/16/2007,GRI,NE,ACE,CE,Federal Contract Tower,0,9,4,2,15,0,1,29,0,30,0,10,33,2,45,16,0,16,61
06/17/2007,GRI,NE,ACE,CE,Federal Contract Tower,0,8,8,0,16,0,0,6,1,7,0,8,14,1,23,0,2,2,25
06/18/2007,GRI,NE,ACE,CE,Federal Contract Tower,0,21,7,0,28,0,0,11,2,13,0,21,18,2,41,2,0,2,43
06/19/2007,GRI,NE,ACE,CE,Federal Contract Tower,0,18,8,0,26,0,2,21,2,25,0,20,29,2,51,40,0,40,91
06/20/2007,GRI,NE,ACE,CE,Federal Contract Tower,0,17,11,0,28,0,1,31,6,38,0,18,42,6,66,26,0,26,92
06/21/2007,GRI,NE,ACE,CE,Federal Contract Tower,0,16,12,0,28,0,0,35,7,42,0,16,47,7,70,8,12,20,90
06/22/2007,GRI,NE,ACE,CE,Federal Contract Tower,0,17,11,0,28,0,2,27,0,29,0,19,38,0,57,20,0,20,77
06/23/2007,GRI,NE,ACE,CE,Federal Contract Tower,0,7,7,0,14,0,1,22,2,25,0,8,29,2,39,2,0,2,41
06/24/2007,GRI,NE,ACE,CE,Federal Contract Tower,0,4,5,0,9,0,0,29,3,32,0,4,34,3,41,12,0,12,53
06/25/2007,GRI,NE,ACE,CE,Federal Contract Tower,0,13,2,0,15,0,0,17,0,17,0,13,19,0,32,10,0,10,42
06/26/2007,GRI,NE,ACE,CE,Federal Contract Tower,0,17,16,0,33,0,1,15,0,16,0,18,31,0,49,0,0,0,49
06/27/2007,GRI,NE,ACE,CE,Federal Contract Tower,0,15,19,0,34,0,0,34,0,34,0,15,53,0,68,6,0,6,74
06/28/2007,GRI,NE,ACE,CE,Federal Contract Tower,0,20,8,2,30,0,0,26,1,27,0,20,34,3,57,16,4,20,77
06/29/2007,GRI,NE,ACE,CE,Federal Contract Tower,0,18,8,2,28,0,1,29,0,30,0,19,37,2,58,12,0,12,70
06/30/2007,GRI,NE,ACE,CE,Federal Contract Tower,2,12,10,1,25,0,1,23,0,24,2,13,33,1,49,10,12,22,71
07/01/2007,GRI,NE,ACE,CE,Federal Contract Tower,0,6,7,0,13,0,0,17,0,17,0,6,24,0,30,20,0,20,50
07/02/2007,GRI,NE,ACE,CE,Federal Contract Tower,0,15,9,0,24,0,0,12,0,12,0,15,21,0,36,18,0,18,54
07/03/2007,GRI,NE,ACE,CE,Federal Contract Tower,2,15,5,0,22,0,0,32,0,32,2,15,37,0,54,42,0,42,96
07/04/2007,GRI,NE,ACE,CE,Federal Contract Tower,0,5,8,0,13,0,1,8,0,9,0,6,16,0,22,0,0,0,22
07/05/2007,GRI,NE,ACE,CE,Federal Contract Tower,0,16,13,0,29,0,1,25,3,29,0,17,38,3,58,18,0,18,76
07/06/2007,GRI,NE,ACE,CE,Federal Contract Tower,0,14,10,0,24,0,4,38,2,44,0,18,48,2,68,6,0,6,74
07/07/2007,GRI,NE,ACE,CE,Federal Contract Tower,0,7,18,0,25,0,1,15,0,16,0,8,33,0,41,0,0,0,41
07/08/2007,GRI,NE,ACE,CE,Federal Contract Tower,0,4,9,0,13,0,0,19,0,19,0,4,28,0,32,0,0,0,32
07/09/2007,GRI,NE,ACE,CE,Federal Contract Tower,0,15,13,0,28,0,0,13,0,13,0,15,26,0,41,26,0,26,67
07/10/2007,GRI,NE,ACE,CE,Federal Contract Tower,0,16,17,0,33,0,0,18,5,23,0,16,35,5,56,0,14,14,70
07/11/2007,GRI,NE,ACE,CE,Federal Contract Tower,0,20,13,0,33,0,1,22,0,23,0,21,35,0,56,20,0,20,76
07/12/2007,GRI,NE,ACE,CE,Federal Contract Tower,0,15,13,2,30,0,0,14,2,16,0,15,27,4,46,4,6,10,56
07/13/2007,GRI,NE,ACE,CE,Federal Contract Tower,0,16,15,0,31,0,2,27,2,31,0,18,42,2,62,6,0,6,68
07/14/2007,GRI,NE,ACE,CE,Federal Contract Tower,0,7,7,0,14,0,1,16,0,17,0,8,23,0,31,10,0,10,41
07/15/2007,GRI,NE,ACE,CE,Federal Contract Tower,0,6,6,0,12,0,0,19,5,24,0,6,25,5,36,16,68,84,120
07/16/2007,GRI,NE,ACE,CE,Federal Contract Tower,0,14,20,0,34,0,1,26,0,27,0,15,46,0,61,14,0,14,75
07/17/2007,GRI,NE,ACE,CE,Federal Contract Tower,0,15,12,0,27,0,1,31,3,35,0,16,43,3,62,2,20,22,84
07/18/2007,GRI,NE,ACE,CE,Federal Contract Tower,0,22,16,2,40,0,0,23,3,26,0,22,39,5,66,2,34,36,102
07/19/2007,GRI,NE,ACE,CE,Federal Contract Tower,0,17,15,4,36,0,0,13,4,17,0,17,28,8,53,14,34,48,101
07/20/2007,GRI,NE,ACE,CE,Federal Contract Tower,0,18,13,5,36,0,1,28,2,31,0,19,41,7,67,30,14,44,111
07/21/2007,GRI,NE,ACE,CE,Federal Contract Tower,0,9,8,0,17,0,0,27,2,29,0,9,35,2,46,8,0,8,54
07/22/2007,GRI,NE,ACE,CE,Federal Contract Tower,0,4,12,0,16,0,0,35,0,35,0,4,47,0,51,4,0,4,55
07/23/2007,GRI,NE,ACE,CE,Federal Contract Tower,0,14,16,0,30,0,1,23,2,26,0,15,39,2,56,8,20,28,84
07/24/2007,GRI,NE,ACE,CE,Federal Contract Tower,0,16,20,0,36,0,1,17,3,21,0,17,37,3,57,0,6,6,63
07/25/2007,GRI,NE,ACE,CE,Federal Contract Tower,0,15,25,2,42,0,0,30,3,33,0,15,55,5,75,8,6,14,89
07/26/2007,GRI,NE,ACE,CE,Federal Contract Tower,0,14,15,2,31,0,1,27,1,29,0,15,42,3,60,8,0,8,68
07/27/2007,GRI,NE,ACE,CE,Federal Contract Tower,0,16,18,0,34,0,1,16,1,18,0,17,34,1,52,14,0,14,66
07/28/2007,GRI,NE,ACE,CE,Federal Contract Tower,0,8,7,0,15,0,0,4,0,4,0,8,11,0,19,0,0,0,19
07/29/2007,GRI,NE,ACE,CE,Federal Contract Tower,0,4,11,0,15,0,0,7,0,7,0,4,18,0,22,0,0,0,22
07/30/2007,GRI,NE,ACE,CE,Federal Contract Tower,0,13,16,0,29,0,0,14,4,18,0,13,30,4,47,10,12,22,69
07/31/2007,GRI,NE,ACE,CE,Federal Contract Tower,0,21,12,0,33,0,0,15,1,16,0,21,27,1,49,20,0,20,69
08/01/2007,GRI,NE,ACE,CE,Federal Contract Tower,0,20,12,0,32,0,0,6,4,10,0,20,18,4,42,0,0,0,42
08/02/2007,GRI,NE,ACE,CE,Federal Contract Tower,0,16,15,0,31,0,0,17,0,17,0,16,32,0,48,24,0,24,72
08/03/2007,GRI,NE,ACE,CE,Federal Contract Tower,0,20,12,0,32,0,1,9,0,10,0,21,21,0,42,10,0,10,52
08/04/2007,GRI,NE,ACE,CE,Federal Contract Tower,0,7,2,0,9,0,1,4,2,7,0,8,6,2,16,0,0,0,16
08/05/2007,GRI,NE,ACE,CE,Federal Contract Tower,0,4,9,0,13,0,0,11,0,11,0,4,20,0,24,26,0,26,50
08/06/2007,GRI,NE,ACE,CE,Federal Contract Tower,0,13,12,0,25,0,0,8,0,8,0,13,20,0,33,30,0,30,63
08/07/2007,GRI,NE,ACE,CE,Federal Contract Tower,0,17,12,0,29,0,1,15,0,16,0,18,27,0,45,2,0,2,47
08/08/2007,GRI,NE,ACE,CE,Federal Contract Tower,0,18,11,0,29,0,0,2,2,4,0,18,13,2,33,0,2,2,35
08/09/2007,GRI,NE,ACE,CE,Federal Contract Tower,0,17,21,2,40,0,1,31,9,41,0,18,52,11,81,62,64,126,207
08/10/2007,GRI,NE,ACE,CE,Federal Contract Tower,0,18,21,0,39,0,0,36,8,44,0,18,57,8,83,30,6,36,119
08/11/2007,GRI,NE,ACE,CE,Federal Contract Tower,0,7,6,0,13,0,1,18,5,24,0,8,24,5,37,0,2,2,39
08/12/2007,GRI,NE,ACE,CE,Federal Contract Tower,0,8,7,3,18,0,0,7,1,8,0,8,14,4,26,0,38,38,64
08/13/2007,GRI,NE,ACE,CE,Federal Contract Tower,0,12,17,0,29,0,2,17,1,20,0,14,34,1,49,14,0,14,63
08/14/2007,GRI,NE,ACE,CE,Federal Contract Tower,0,18,14,0,32,0,0,38,3,41,0,18,52,3,73,0,12,12,85
08/15/2007,GRI,NE,ACE,CE,Federal Contract Tower,0,17,22,2,41,0,1,25,9,35,0,18,47,11,76,10,16,26,102
08/16/2007,GRI,NE,ACE,CE,Federal Contract Tower,2,18,3,0,23,0,0,14,1,15,2,18,17,1,38,16,0,16,54
08/17/2007,GRI,NE,ACE,CE,Federal Contract Tower,0,16,13,1,30,0,1,15,2,18,0,17,28,3,48,4,0,4,52
08/18/2007,GRI,NE,ACE,CE,Federal Contract Tower,0,9,6,2,17,0,1,9,2,12,0,10,15,4,29,4,8,12,41
08/19/2007,GRI,NE,ACE,CE,Federal Contract Tower,2,2,9,0,13,0,0,14,5,19,2,2,23,5,32,10,18,28,60
08/20/2007,GRI,NE,ACE,CE,Federal Contract Tower,0,8,13,0,21,0,0,5,1,6,0,8,18,1,27,2,0,2,29
08/21/2007,GRI,NE,ACE,CE,Federal Contract Tower,0,16,0,0,16,0,0,9,3,12,0,16,9,3,28,10,0,10,38
08/22/2007,GRI,NE,ACE,CE,Federal Contract Tower,0,15,14,2,31,0,1,14,2,17,0,16,28,4,48,0,6,6,54
08/23/2007,GRI,NE,ACE,CE,Federal Contract Tower,0,18,8,0,26,0,0,26,8,34,0,18,34,8,60,84,28,112,172
08/24/2007,GRI,NE,ACE,CE,Federal Contract Tower,0,18,17,2,37,0,1,7,2,10,0,19,24,4,47,12,0,12,59
08/25/2007,GRI,NE,ACE,CE,Federal Contract Tower,0,10,11,0,21,0,0,15,10,25,0,10,26,10,46,10,72,82,128
08/26/2007,GRI,NE,ACE,CE,Federal Contract Tower,0,4,14,2,20,0,0,2,6,8,0,4,16,8,28,0,16,16,44
08/27/2007,GRI,NE,ACE,CE,Federal Contract Tower,0,12,11,0,23,0,1,26,2,29,0,13,37,2,52,4,2,6,58
08/28/2007,GRI,NE,ACE,CE,Federal Contract Tower,0,19,7,0,26,0,1,17,5,23,0,20,24,5,49,2,0,2,51
08/29/2007,GRI,NE,ACE,CE,Federal Contract Tower,2,16,10,2,30,0,0,6,3,9,2,16,16,5,39,12,0,12,51
08/30/2007,GRI,NE,ACE,CE,Federal Contract Tower,0,16,15,0,31,0,0,20,7,27,0,16,35,7,58,10,0,10,68
08/31/2007,GRI,NE,ACE,CE,Federal Contract Tower,0,15,7,0,22,0,2,32,2,36,0,17,39,2,58,20,0,20,78
09/01/2007,GRI,NE,ACE,CE,Federal Contract Tower,0,11,6,0,17,0,1,20,0,21,0,12,26,0,38,8,0,8,46
09/02/2007,GRI,NE,ACE,CE,Federal Contract Tower,0,4,2,0,6,0,0,15,0,15,0,4,17,0,21,0,0,0,21
09/03/2007,GRI,NE,ACE,CE,Federal Contract Tower,0,8,6,0,14,0,0,18,0,18,0,8,24,0,32,18,0,18,50
09/04/2007,GRI,NE,ACE,CE,Federal Contract Tower,0,16,4,0,20,0,0,22,4,26,0,16,26,4,46,14,14,28,74
09/05/2007,GRI,NE,ACE,CE,Federal Contract Tower,0,18,16,0,34,0,0,14,11,25,0,18,30,11,59,6,0,6,65
09/06/2007,GRI,NE,ACE,CE,Federal Contract Tower,0,16,4,3,23,0,0,0,4,4,0,16,4,7,27,0,28,28,55
09/07/2007,GRI,NE,ACE,CE,Federal Contract Tower,0,16,7,0,23,0,1,29,8,38,0,17,36,8,61,16,6,22,83
09/08/2007,GRI,NE,ACE,CE,Federal Contract Tower,0,7,1,0,8,0,1,12,7,20,0,8,13,7,28,2,0,2,30
09/09/2007,GRI,NE,ACE,CE,Federal Contract Tower,0,4,9,0,13,0,0,1,7,8,0,4,10,7,21,4,0,4,25
09/10/2007,GRI,NE,ACE,CE,Federal Contract Tower,0,13,9,0,22,0,0,4,0,4,0,13,13,0,26,8,0,8,34
09/11/2007,GRI,NE,ACE,CE,Federal Contract Tower,0,14,19,4,37,0,0,43,3,46,0,14,62,7,83,10,28,38,121
09/12/2007,GRI,NE,ACE,CE,Federal Contract Tower,0,17,15,0,32,0,0,38,8,46,0,17,53,8,78,0,0,0,78
09/13/2007,GRI,NE,ACE,CE,Federal Contract Tower,0,18,18,0,36,0,2,41,6,49,0,20,59,6,85,4,6,10,95
09/14/2007,GRI,NE,ACE,CE,Federal Contract Tower,0,16,8,0,24,0,1,26,2,29,0,17,34,2,53,12,10,22,75
09/15/2007,GRI,NE,ACE,CE,Federal Contract Tower,0,9,6,2,17,0,2,16,0,18,0,11,22,2,35,20,0,20,55
09/16/2007,GRI,NE,ACE,CE,Federal Contract Tower,0,7,4,0,11,0,0,14,0,14,0,7,18,0,25,22,0,22,47
09/17/2007,GRI,NE,ACE,CE,Federal Contract Tower,0,13,12,1,26,0,0,7,3,10,0,13,19,4,36,0,10,10,46
09/18/2007,GRI,NE,ACE,CE,Federal Contract Tower,0,16,12,0,28,0,0,10,2,12,0,16,22,2,40,24,0,24,64
09/19/2007,GRI,NE,ACE,CE,Federal Contract Tower,0,19,15,3,37,0,0,31,9,40,0,19,46,12,77,70,6,76,153
09/20/2007,GRI,NE,ACE,CE,Federal Contract Tower,0,16,9,0,25,0,1,17,4,22,0,17,26,4,47,6,0,6,53
09/21/2007,GRI,NE,ACE,CE,Federal Contract Tower,0,14,12,0,26,0,3,12,2,17,0,17,24,2,43,10,14,24,67
09/22/2007,GRI,NE,ACE,CE,Federal Contract Tower,0,7,6,0,13,0,2,19,0,21,0,9,25,0,34,8,0,8,42
09/23/2007,GRI,NE,ACE,CE,Federal Contract Tower,0,6,5,0,11,0,0,9,0,9,0,6,14,0,20,32,0,32,52
09/24/2007,GRI,NE,ACE,CE,Federal Contract Tower,0,13,10,0,23,0,1,9,0,10,0,14,19,0,33,16,0,16,49
09/25/2007,GRI,NE,ACE,CE,Federal Contract Tower,0,18,9,2,29,0,0,22,1,23,0,18,31,3,52,56,0,56,108
09/26/2007,GRI,NE,ACE,CE,Federal Contract Tower,2,15,11,0,28,0,0,24,3,27,2,15,35,3,55,16,0,16,71
09/27/2007,GRI,NE,ACE,CE,Federal Contract Tower,2,17,16,0,35,0,0,31,4,35,2,17,47,4,70,20,0,20,90
09/28/2007,GRI,NE,ACE,CE,Federal Contract Tower,0,16,8,1,25,0,1,26,1,28,0,17,34,2,53,10,0,10,63
09/29/2007,GRI,NE,ACE,CE,Federal Contract Tower,2,7,7,0,16,0,2,3,0,5,2,9,10,0,21,0,0,0,21
09/30/2007,GRI,NE,ACE,CE,Federal Contract Tower,2,6,15,0,23,0,0,4,0,4,2,6,19,0,27,0,0,0,27
10/01/2007,GRI,NE,ACE,CE,Federal Contract Tower,0,17,8,0,25,0,0,28,2,30,0,17,36,2,55,60,0,60,115
10/02/2007,GRI,NE,ACE,CE,Federal Contract Tower,0,18,11,2,31,0,1,17,1,19,0,19,28,3,50,14,4,18,68
10/03/2007,GRI,NE,ACE,CE,Federal Contract Tower,0,15,15,0,30,0,0,22,10,32,0,15,37,10,62,10,0,10,72
10/04/2007,GRI,NE,ACE,CE,Federal Contract Tower,2,15,11,0,28,0,0,1,0,1,2,15,12,0,29,0,28,28,57
10/05/2007,GRI,NE,ACE,CE,Federal Contract Tower,0,15,13,0,28,0,1,12,6,19,0,16,25,6,47,6,2,8,55
10/06/2007,GRI,NE,ACE,CE,Federal Contract Tower,0,7,4,0,11,0,1,13,8,22,0,8,17,8,33,0,0,0,33
10/07/2007,GRI,NE,ACE,CE,Federal Contract Tower,0,4,5,0,9,0,0,0,0,0,0,4,5,0,9,0,0,0,9
10/08/2007,GRI,NE,ACE,CE,Federal Contract Tower,0,15,9,0,24,0,0,21,0,21,0,15,30,0,45,18,0,18,63
10/09/2007,GRI,NE,ACE,CE,Federal Contract Tower,0,16,7,4,27,0,0,47,2,49,0,16,54,6,76,44,0,44,120
10/10/2007,GRI,NE,ACE,CE,Federal Contract Tower,0,15,10,2,27,0,0,42,9,51,0,15,52,11,78,42,2,44,122
10/11/2007,GRI,NE,ACE,CE,Federal Contract Tower,0,15,7,2,24,0,0,27,4,31,0,15,34,6,55,24,4,28,83
10/12/2007,GRI,NE,ACE,CE,Federal Contract Tower,0,15,11,0,26,0,2,24,3,29,0,17,35,3,55,24,0,24,79
10/13/2007,GRI,NE,ACE,CE,Federal Contract Tower,0,8,8,0,16,0,0,0,0,0,0,8,8,0,16,0,0,0,16
10/14/2007,GRI,NE,ACE,CE,Federal Contract Tower,0,7,0,0,7,0,0,0,0,0,0,7,0,0,7,0,0,0,7
10/15/2007,GRI,NE,ACE,CE,Federal Contract Tower,0,14,19,0,33,0,0,1,0,1,0,14,20,0,34,0,0,0,34
10/16/2007,GRI,NE,ACE,CE,Federal Contract Tower,0,16,11,2,29,0,2,28,0,30,0,18,39,2,59,4,0,4,63
10/17/2007,GRI,NE,ACE,CE,Federal Contract Tower,0,16,10,0,26,0,0,3,0,3,0,16,13,0,29,4,0,4,33
10/18/2007,GRI,NE,ACE,CE,Federal Contract Tower,0,20,6,0,26,0,0,0,0,0,0,20,6,0,26,0,0,0,26
10/19/2007,GRI,NE,ACE,CE,Federal Contract Tower,0,16,9,0,25,0,1,35,8,44,0,17,44,8,69,40,8,48,117
10/20/2007,GRI,NE,ACE,CE,Federal Contract Tower,0,7,4,7,18,0,1,33,1,35,0,8,37,8,53,44,10,54,107
10/21/2007,GRI,NE,ACE,CE,Federal Contract Tower,0,4,2,0,6,0,2,2,1,5,0,6,4,1,11,0,0,0,11
10/22/2007,GRI,NE,ACE,CE,Federal Contract Tower,0,15,7,0,22,0,0,19,1,20,0,15,26,1,42,64,6,70,112
10/23/2007,GRI,NE,ACE,CE,Federal Contract Tower,0,15,9,2,26,0,1,40,7,48,0,16,49,9,74,78,48,126,200
10/24/2007,GRI,NE,ACE,CE,Federal Contract Tower,0,20,11,2,33,0,0,23,2,25,0,20,34,4,58,46,6,52,110
10/25/2007,GRI,NE,ACE,CE,Federal Contract Tower,0,19,5,0,24,0,0,26,3,29,0,19,31,3,53,26,0,26,79
10/26/2007,GRI,NE,ACE,CE,Federal Contract Tower,2,16,10,0,28,0,2,27,0,29,2,18,37,0,57,36,0,36,93
10/27/2007,GRI,NE,ACE,CE,Federal Contract Tower,0,7,5,0,12,0,4,30,3,37,0,11,35,3,49,42,8,50,99
10/28/2007,GRI,NE,ACE,CE,Federal Contract Tower,0,4,8,2,14,0,0,27,6,33,0,4,35,8,47,8,0,8,55
10/29/2007,GRI,NE,ACE,CE,Federal Contract Tower,0,15,16,0,31,0,0,30,0,30,0,15,46,0,61,24,0,24,85
10/30/2007,GRI,NE,ACE,CE,Federal Contract Tower,0,15,15,0,30,0,3,34,0,37,0,18,49,0,67,26,0,26,93
10/31/2007,GRI,NE,ACE,CE,Federal Contract Tower,0,15,12,2,29,0,1,19,0,20,0,16,31,2,49,60,0,60,109
11/01/2007,GRI,NE,ACE,CE,Federal Contract Tower,0,16,16,0,32,0,2,23,0,25,0,18,39,0,57,40,0,40,97
11/02/2007,GRI,NE,ACE,CE,Federal Contract Tower,0,16,14,4,34,0,2,19,14,35,0,18,33,18,69,0,44,44,113
11/03/2007,GRI,NE,ACE,CE,Federal Contract Tower,0,7,9,0,16,0,1,21,0,22,0,8,30,0,38,20,0,20,58
11/04/2007,GRI,NE,ACE,CE,Federal Contract Tower,0,4,3,1,8,0,0,20,2,22,0,4,23,3,30,22,12,34,64
11/05/2007,GRI,NE,ACE,CE,Federal Contract Tower,0,12,9,3,24,0,1,9,2,12,0,13,18,5,36,0,0,0,36
11/06/2007,GRI,NE,ACE,CE,Federal Contract Tower,2,19,11,0,32,0,0,37,1,38,2,19,48,1,70,54,0,54,124
11/07/2007,GRI,NE,ACE,CE,Federal Contract Tower,0,21,13,0,34,0,0,28,3,31,0,21,41,3,65,28,0,28,93
11/08/2007,GRI,NE,ACE,CE,Federal Contract Tower,0,18,12,0,30,0,0,27,1,28,0,18,39,1,58,12,0,12,70
11/09/2007,GRI,NE,ACE,CE,Federal Contract Tower,2,19,6,4,31,0,3,22,4,29,2,22,28,8,60,18,2,20,80
11/10/2007,GRI,NE,ACE,CE,Federal Contract Tower,0,7,2,0,9,0,1,31,0,32,0,8,33,0,41,0,0,0,41
11/11/2007,GRI,NE,ACE,CE,Federal Contract Tower,0,4,9,0,13,0,0,22,4,26,0,4,31,4,39,52,4,56,95
11/12/2007,GRI,NE,ACE,CE,Federal Contract Tower,0,14,12,0,26,0,1,11,2,14,0,15,23,2,40,0,0,0,40
11/13/2007,GRI,NE,ACE,CE,Federal Contract Tower,0,16,10,0,26,0,0,6,3,9,0,16,16,3,35,0,0,0,35
11/14/2007,GRI,NE,ACE,CE,Federal Contract Tower,0,17,4,0,21,0,1,8,0,9,0,18,12,0,30,0,0,0,30
11/15/2007,GRI,NE,ACE,CE,Federal Contract Tower,0,14,4,0,18,0,0,20,3,23,0,14,24,3,41,14,0,14,55
11/16/2007,GRI,NE,ACE,CE,Federal Contract Tower,0,19,4,0,23,0,3,22,1,26,0,22,26,1,49,6,0,6,55
11/17/2007,GRI,NE,ACE,CE,Federal Contract Tower,0,8,6,0,14,0,1,36,2,39,0,9,42,2,53,32,0,32,85
11/18/2007,GRI,NE,ACE,CE,Federal Contract Tower,0,4,10,0,14,0,0,13,1,14,0,4,23,1,28,10,0,10,38
11/19/2007,GRI,NE,ACE,CE,Federal Contract Tower,0,11,14,3,28,0,1,12,0,13,0,12,26,3,41,16,0,16,57
11/20/2007,GRI,NE,ACE,CE,Federal Contract Tower,0,19,12,0,31,0,1,2,2,5,0,20,14,2,36,0,26,26,62
11/21/2007,GRI,NE,ACE,CE,Federal Contract Tower,0,20,9,0,29,0,1,3,0,4,0,21,12,0,33,0,0,0,33
11/22/2007,GRI,NE,ACE,CE,Federal Contract Tower,0,6,2,0,8,0,0,10,0,10,0,6,12,0,18,0,0,0,18
11/23/2007,GRI,NE,ACE,CE,Federal Contract Tower,0,17,3,0,20,0,2,17,0,19,0,19,20,0,39,6,0,6,45
11/24/2007,GRI,NE,ACE,CE,Federal Contract Tower,0,12,16,0,28,0,0,0,0,0,0,12,16,0,28,0,0,0,28
11/25/2007,GRI,NE,ACE,CE,Federal Contract Tower,0,7,8,0,15,0,0,21,0,21,0,7,29,0,36,4,0,4,40
11/26/2007,GRI,NE,ACE,CE,Federal Contract Tower,0,12,7,0,19,0,1,13,3,17,0,13,20,3,36,30,2,32,68
11/27/2007,GRI,NE,ACE,CE,Federal Contract Tower,0,18,8,3,29,0,0,30,2,32,0,18,38,5,61,40,0,40,101
11/28/2007,GRI,NE,ACE,CE,Federal Contract Tower,0,17,6,0,23,0,0,11,2,13,0,17,17,2,36,4,0,4,40
11/29/2007,GRI,NE,ACE,CE,Federal Contract Tower,0,17,13,0,30,0,0,11,2,13,0,17,24,2,43,0,0,0,43
11/30/2007,GRI,NE,ACE,CE,Federal Contract Tower,0,17,11,0,28,0,2,25,2,29,0,19,36,2,57,34,0,34,91
12/01/2007,GRI,NE,ACE,CE,Federal Contract Tower,0,2,0,0,2,0,0,0,0,0,0,2,0,0,2,0,0,0,2
12/02/2007,GRI,NE,ACE,CE,Federal Contract Tower,0,7,4,0,11,0,0,0,2,2,0,7,4,2,13,0,0,0,13
12/03/2007,GRI,NE,ACE,CE,Federal Contract Tower,0,13,6,0,19,0,2,4,4,10,0,15,10,4,29,0,0,0,29
12/04/2007,GRI,NE,ACE,CE,Federal Contract Tower,0,21,10,0,31,0,1,29,15,45,0,22,39,15,76,34,34,68,144
12/05/2007,GRI,NE,ACE,CE,Federal Contract Tower,0,19,9,0,28,0,1,1,10,12,0,20,10,10,40,0,18,18,58
12/06/2007,GRI,NE,ACE,CE,Federal Contract Tower,0,15,3,0,18,0,0,0,0,0,0,15,3,0,18,0,0,0,18
12/07/2007,GRI,NE,ACE,CE,Federal Contract Tower,0,17,11,0,28,0,1,1,3,5,0,18,12,3,33,0,0,0,33
12/08/2007,GRI,NE,ACE,CE,Federal Contract Tower,0,4,2,0,6,0,1,0,0,1,0,5,2,0,7,0,0,0,7
12/09/2007,GRI,NE,ACE,CE,Federal Contract Tower,0,7,0,0,7,0,0,0,0,0,0,7,0,0,7,0,0,0,7
12/10/2007,GRI,NE,ACE,CE,Federal Contract Tower,0,11,20,0,31,0,0,0,0,0,0,11,20,0,31,0,0,0,31
12/11/2007,GRI,NE,ACE,CE,Federal Contract Tower,0,12,4,0,16,0,0,0,0,0,0,12,4,0,16,0,0,0,16
12/12/2007,GRI,NE,ACE,CE,Federal Contract Tower,0,14,10,0,24,0,1,5,2,8,0,15,15,2,32,0,0,0,32
12/13/2007,GRI,NE,ACE,CE,Federal Contract Tower,0,13,9,2,24,0,2,19,14,35,0,15,28,16,59,66,10,76,135
12/14/2007,GRI,NE,ACE,CE,Federal Contract Tower,0,14,11,0,25,0,0,6,4,10,0,14,17,4,35,4,0,4,39
12/15/2007,GRI,NE,ACE,CE,Federal Contract Tower,0,6,6,0,12,0,1,0,0,1,0,7,6,0,13,0,0,0,13
12/16/2007,GRI,NE,ACE,CE,Federal Contract Tower,0,4,2,2,8,0,0,5,0,5,0,4,7,2,13,0,0,0,13
12/17/2007,GRI,NE,ACE,CE,Federal Contract Tower,0,13,11,0,24,0,1,7,1,9,0,14,18,1,33,16,0,16,49
12/18/2007,GRI,NE,ACE,CE,Federal Contract Tower,0,14,19,0,33,0,2,32,3,37,0,16,51,3,70,34,14,48,118
12/19/2007,GRI,NE,ACE,CE,Federal Contract Tower,0,18,18,0,36,0,2,23,11,36,0,20,41,11,72,22,58,80,152
12/20/2007,GRI,NE,ACE,CE,Federal Contract Tower,0,15,12,3,30,0,1,26,3,30,0,16,38,6,60,6,0,6,66
12/21/2007,GRI,NE,ACE,CE,Federal Contract Tower,0,15,15,0,30,0,0,20,0,20,0,15,35,0,50,48,0,48,98
12/22/2007,GRI,NE,ACE,CE,Federal Contract Tower,0,8,14,0,22,0,0,1,0,1,0,8,15,0,23,0,0,0,23
12/23/2007,GRI,NE,ACE,CE,Federal Contract Tower,0,4,3,0,7,0,0,9,0,9,0,4,12,0,16,6,0,6,22
12/24/2007,GRI,NE,ACE,CE,Federal Contract Tower,0,10,1,0,11,0,2,9,0,11,0,12,10,0,22,18,0,18,40
12/25/2007,GRI,NE,ACE,CE,Federal Contract Tower,0,6,0,0,6,0,0,1,0,1,0,6,1,0,7,0,0,0,7
12/26/2007,GRI,NE,ACE,CE,Federal Contract Tower,0,12,7,2,21,0,0,13,0,13,0,12,20,2,34,16,0,16,50
12/27/2007,GRI,NE,ACE,CE,Federal Contract Tower,0,16,7,0,23,0,0,0,0,0,0,16,7,0,23,0,0,0,23
12/28/2007,GRI,NE,ACE,CE,Federal Contract Tower,0,15,14,0,29,0,4,21,8,33,0,19,35,8,62,44,22,66,128
12/29/2007,GRI,NE,ACE,CE,Federal Contract Tower,0,8,11,0,19,0,1,30,0,31,0,9,41,0,50,8,0,8,58
12/30/2007,GRI,NE,ACE,CE,Federal Contract Tower,0,6,3,0,9,0,0,30,0,30,0,6,33,0,39,44,0,44,83
12/31/2007,GRI,NE,ACE,CE,Federal Contract Tower,0,9,3,0,12,0,1,3,0,4,0,10,6,0,16,0,0,0,16
01/01/2008,GRI,NE,ACE,CE,Federal Contract Tower,0,6,2,0,8,0,0,0,0,0,0,6,2,0,8,0,0,0,8
01/02/2008,GRI,NE,ACE,CE,Federal Contract Tower,0,17,5,0,22,0,0,25,13,38,0,17,30,13,60,40,32,72,132
01/03/2008,GRI,NE,ACE,CE,Federal Contract Tower,0,12,8,0,20,0,1,11,8,20,0,13,19,8,40,4,6,10,50
01/04/2008,GRI,NE,ACE,CE,Federal Contract Tower,0,14,5,0,19,0,1,32,4,37,0,15,37,4,56,40,4,44,100
01/05/2008,GRI,NE,ACE,CE,Federal Contract Tower,0,7,3,0,10,0,1,39,0,40,0,8,42,0,50,22,0,22,72
01/06/2008,GRI,NE,ACE,CE,Federal Contract Tower,0,2,9,0,11,0,0,24,0,24,0,2,33,0,35,8,0,8,43
01/07/2008,GRI,NE,ACE,CE,Federal Contract Tower,0,17,8,0,25,0,0,8,3,11,0,17,16,3,36,22,8,30,66
01/08/2008,GRI,NE,ACE,CE,Federal Contract Tower,0,18,12,0,30,0,0,23,0,23,0,18,35,0,53,22,0,22,75
01/09/2008,GRI,NE,ACE,CE,Federal Contract Tower,0,21,11,0,32,0,1,16,1,18,0,22,27,1,50,0,0,0,50
01/10/2008,GRI,NE,ACE,CE,Federal Contract Tower,0,16,5,0,21,0,2,19,3,24,0,18,24,3,45,22,0,22,67
01/11/2008,GRI,NE,ACE,CE,Federal Contract Tower,0,19,4,4,27,0,1,21,5,27,0,20,25,9,54,28,4,32,86
01/12/2008,GRI,NE,ACE,CE,Federal Contract Tower,0,7,2,0,9,0,1,9,10,20,0,8,11,10,29,10,22,32,61
01/13/2008,GRI,NE,ACE,CE,Federal Contract Tower,0,4,1,0,5,0,0,17,0,17,0,4,18,0,22,14,0,14,36
01/14/2008,GRI,NE,ACE,CE,Federal Contract Tower,0,12,8,0,20,0,0,0,0,0,0,12,8,0,20,0,0,0,20
01/15/2008,GRI,NE,ACE,CE,Federal Contract Tower,2,20,10,0,32,0,0,5,2,7,2,20,15,2,39,0,0,0,39
01/16/2008,GRI,NE,ACE,CE,Federal Contract Tower,0,19,8,0,27,0,0,0,2,2,0,19,8,2,29,0,16,16,45
01/17/2008,GRI,NE,ACE,CE,Federal Contract Tower,0,17,17,0,34,0,0,24,4,28,0,17,41,4,62,24,4,28,90
01/18/2008,GRI,NE,ACE,CE,Federal Contract Tower,0,15,7,0,22,0,4,11,0,15,0,19,18,0,37,22,0,22,59
01/19/2008,GRI,NE,ACE,CE,Federal Contract Tower,2,9,2,0,13,0,1,10,0,11,2,10,12,0,24,14,0,14,38
01/20/2008,GRI,NE,ACE,CE,Federal Contract Tower,0,4,5,0,9,0,0,4,0,4,0,4,9,0,13,0,0,0,13
01/21/2008,GRI,NE,ACE,CE,Federal Contract Tower,0,14,9,0,23,0,0,1,0,1,0,14,10,0,24,0,0,0,24
01/22/2008,GRI,NE,ACE,CE,Federal Contract Tower,0,18,17,0,35,0,0,25,5,30,0,18,42,5,65,4,0,4,69
01/23/2008,GRI,NE,ACE,CE,Federal Contract Tower,0,18,13,1,32,0,2,17,1,20,0,20,30,2,52,4,0,4,56
01/24/2008,GRI,NE,ACE,CE,Federal Contract Tower,0,16,15,0,31,0,0,21,3,24,0,16,36,3,55,26,8,34,89
01/25/2008,GRI,NE,ACE,CE,Federal Contract Tower,0,14,4,2,20,0,3,18,4,25,0,17,22,6,45,10,0,10,55
01/26/2008,GRI,NE,ACE,CE,Federal Contract Tower,0,7,5,0,12,0,1,9,0,10,0,8,14,0,22,7,5,12,34
01/27/2008,GRI,NE,ACE,CE,Federal Contract Tower,0,6,5,0,11,0,0,18,0,18,0,6,23,0,29,36,0,36,65
01/28/2008,GRI,NE,ACE,CE,Federal Contract Tower,0,12,6,0,18,0,0,18,0,18,0,12,24,0,36,36,0,36,72
01/29/2008,GRI,NE,ACE,CE,Federal Contract Tower,0,18,5,0,23,0,0,9,2,11,0,18,14,2,34,4,0,4,38
01/30/2008,GRI,NE,ACE,CE,Federal Contract Tower,0,18,9,0,27,0,1,11,5,17,0,19,20,5,44,6,4,10,54
01/31/2008,GRI,NE,ACE,CE,Federal Contract Tower,0,18,5,0,23,0,0,30,10,40,0,18,35,10,63,2,2,4,67
02/01/2008,GRI,NE,ACE,CE,Federal Contract Tower,0,14,9,1,24,0,3,21,13,37,0,17,30,14,61,34,14,48,109
02/02/2008,GRI,NE,ACE,CE,Federal Contract Tower,0,8,11,0,19,0,1,22,2,25,0,9,33,2,44,22,4,26,70
02/03/2008,GRI,NE,ACE,CE,Federal Contract Tower,0,4,2,0,6,0,0,2,0,2,0,4,4,0,8,0,0,0,8
02/04/2008,GRI,NE,ACE,CE,Federal Contract Tower,0,12,0,0,12,0,0,0,0,0,0,12,0,0,12,0,0,0,12
02/05/2008,GRI,NE,ACE,CE,Federal Contract Tower,0,14,1,0,15,0,0,0,0,0,0,14,1,0,15,0,0,0,15
02/06/2008,GRI,NE,ACE,CE,Federal Contract Tower,0,18,16,4,38,0,0,20,5,25,0,18,36,9,63,24,32,56,119
02/07/2008,GRI,NE,ACE,CE,Federal Contract Tower,0,18,13,0,31,0,0,17,10,27,0,18,30,10,58,12,6,18,76
02/08/2008,GRI,NE,ACE,CE,Federal Contract Tower,0,19,13,1,33,0,0,26,12,38,0,19,39,13,71,26,0,26,97
02/09/2008,GRI,NE,ACE,CE,Federal Contract Tower,0,7,3,3,13,0,1,15,7,23,0,8,18,10,36,8,56,64,100
02/10/2008,GRI,NE,ACE,CE,Federal Contract Tower,0,4,3,0,7,0,0,3,4,7,0,4,6,4,14,6,0,6,20
02/11/2008,GRI,NE,ACE,CE,Federal Contract Tower,0,15,2,0,17,0,0,0,4,4,0,15,2,4,21,0,0,0,21
02/12/2008,GRI,NE,ACE,CE,Federal Contract Tower,0,17,9,1,27,0,3,10,1,14,0,20,19,2,41,0,0,0,41
02/13/2008,GRI,NE,ACE,CE,Federal Contract Tower,0,16,17,0,33,0,0,10,18,28,0,16,27,18,61,6,38,44,105
02/14/2008,GRI,NE,ACE,CE,Federal Contract Tower,0,17,7,0,24,0,0,1,0,1,0,17,8,0,25,0,0,0,25
02/15/2008,GRI,NE,ACE,CE,Federal Contract Tower,0,18,5,0,23,0,1,12,0,13,0,19,17,0,36,16,0,16,52
02/16/2008,GRI,NE,ACE,CE,Federal Contract Tower,0,10,0,0,10,0,1,20,0,21,0,11,20,0,31,2,0,2,33
02/17/2008,GRI,NE,ACE,CE,Federal Contract Tower,2,5,2,0,9,0,0,1,0,1,2,5,3,0,10,0,0,0,10
02/18/2008,GRI,NE,ACE,CE,Federal Contract Tower,0,10,8,0,18,0,0,7,0,7,0,10,15,0,25,8,0,8,33
02/19/2008,GRI,NE,ACE,CE,Federal Contract Tower,0,18,5,0,23,0,0,8,6,14,0,18,13,6,37,4,18,22,59
02/20/2008,GRI,NE,ACE,CE,Federal Contract Tower,2,19,18,2,41,0,0,3,7,10,2,19,21,9,51,0,6,6,57
02/21/2008,GRI,NE,ACE,CE,Federal Contract Tower,0,16,17,0,33,0,0,6,8,14,0,16,23,8,47,0,0,0,47
02/22/2008,GRI,NE,ACE,CE,Federal Contract Tower,0,17,14,0,31,0,1,30,6,37,0,18,44,6,68,32,0,32,100
02/23/2008,GRI,NE,ACE,CE,Federal Contract Tower,0,11,7,0,18,0,0,29,0,29,0,11,36,0,47,16,0,16,63
02/24/2008,GRI,NE,ACE,CE,Federal Contract Tower,0,6,13,0,19,0,0,22,4,26,0,6,35,4,45,22,8,30,75
02/25/2008,GRI,NE,ACE,CE,Federal Contract Tower,0,14,8,0,22,0,0,0,0,0,0,14,8,0,22,0,0,0,22
02/26/2008,GRI,NE,ACE,CE,Federal Contract Tower,0,16,8,2,26,0,0,12,2,14,0,16,20,4,40,8,0,8,48
02/27/2008,GRI,NE,ACE,CE,Federal Contract Tower,0,16,5,0,21,0,1,28,13,42,0,17,33,13,63,32,42,74,137
02/28/2008,GRI,NE,ACE,CE,Federal Contract Tower,0,17,11,0,28,0,0,23,3,26,0,17,34,3,54,0,0,0,54
02/29/2008,GRI,NE,ACE,CE,Federal Contract Tower,0,15,11,3,29,0,2,27,4,33,0,17,38,7,62,12,10,22,84
03/01/2008,GRI,NE,ACE,CE,Federal Contract Tower,0,8,9,0,17,0,0,30,0,30,0,8,39,0,47,4,0,4,51
03/02/2008,GRI,NE,ACE,CE,Federal Contract Tower,0,4,3,0,7,0,0,0,0,0,0,4,3,0,7,0,0,0,7
03/03/2008,GRI,NE,ACE,CE,Federal Contract Tower,0,18,10,4,32,0,0,21,2,23,0,18,31,6,55,8,12,20,75
03/04/2008,GRI,NE,ACE,CE,Federal Contract Tower,0,15,8,0,23,0,0,16,12,28,0,15,24,12,51,0,34,34,85
03/05/2008,GRI,NE,ACE,CE,Federal Contract Tower,0,16,6,0,22,0,0,10,2,12,0,16,16,2,34,0,6,6,40
03/06/2008,GRI,NE,ACE,CE,Federal Contract Tower,0,17,19,0,36,0,0,20,15,35,0,17,39,15,71,0,22,22,93
03/07/2008,GRI,NE,ACE,CE,Federal Contract Tower,0,18,3,0,21,0,1,25,10,36,0,19,28,10,57,6,10,16,73
03/08/2008,GRI,NE,ACE,CE,Federal Contract Tower,0,7,3,0,10,0,1,12,0,13,0,8,15,0,23,12,0,12,35
03/09/2008,GRI,NE,ACE,CE,Federal Contract Tower,0,6,2,0,8,6,8,0,0,14,6,14,2,0,22,0,0,0,22
03/10/2008,GRI,NE,ACE,CE,Federal Contract Tower,0,11,13,2,26,0,1,8,0,9,0,12,21,2,35,8,0,8,43
03/11/2008,GRI,NE,ACE,CE,Federal Contract Tower,0,13,13,0,26,0,1,19,3,23,0,14,32,3,49,6,2,8,57
03/12/2008,GRI,NE,ACE,CE,Federal Contract Tower,0,17,6,0,23,0,2,13,3,18,0,19,19,3,41,0,0,0,41
03/13/2008,GRI,NE,ACE,CE,Federal Contract Tower,0,16,13,0,29,0,0,25,10,35,0,16,38,10,64,0,0,0,64
03/14/2008,GRI,NE,ACE,CE,Federal Contract Tower,0,15,7,1,23,0,1,10,3,14,0,16,17,4,37,12,8,20,57
03/15/2008,GRI,NE,ACE,CE,Federal Contract Tower,0,7,9,0,16,0,1,27,0,28,0,8,36,0,44,0,0,0,44
03/16/2008,GRI,NE,ACE,CE,Federal Contract Tower,0,5,5,0,10,0,0,20,0,20,0,5,25,0,30,12,0,12,42
03/17/2008,GRI,NE,ACE,CE,Federal Contract Tower,0,14,6,0,20,0,0,0,0,0,0,14,6,0,20,2,0,2,22
03/18/2008,GRI,NE,ACE,CE,Federal Contract Tower,0,19,17,0,36,0,1,28,3,32,0,20,45,3,68,24,8,32,100
03/19/2008,GRI,NE,ACE,CE,Federal Contract Tower,0,16,17,2,35,0,1,23,1,25,0,17,40,3,60,28,2,30,90
03/20/2008,GRI,NE,ACE,CE,Federal Contract Tower,0,15,6,0,21,0,1,26,7,34,0,16,32,7,55,4,22,26,81
03/21/2008,GRI,NE,ACE,CE,Federal Contract Tower,0,18,13,0,31,0,2,16,7,25,0,20,29,7,56,0,0,0,56
03/22/2008,GRI,NE,ACE,CE,Federal Contract Tower,0,8,13,0,21,0,1,19,0,20,0,9,32,0,41,6,0,6,47
03/23/2008,GRI,NE,ACE,CE,Federal Contract Tower,0,4,4,0,8,0,2,17,0,19,0,6,21,0,27,8,0,8,35
03/24/2008,GRI,NE,ACE,CE,Federal Contract Tower,0,13,16,0,29,0,1,24,0,25,0,14,40,0,54,18,0,18,72
03/25/2008,GRI,NE,ACE,CE,Federal Contract Tower,0,17,12,0,29,0,1,27,2,30,0,18,39,2,59,20,0,20,79
03/26/2008,GRI,NE,ACE,CE,Federal Contract Tower,0,16,9,0,25,0,1,22,0,23,0,17,31,0,48,12,0,12,60
03/27/2008,GRI,NE,ACE,CE,Federal Contract Tower,2,16,8,0,26,0,0,0,0,0,2,16,8,0,26,0,0,0,26
03/28/2008,GRI,NE,ACE,CE,Federal Contract Tower,0,17,12,0,29,0,4,16,4,24,0,21,28,4,53,24,0,24,77
03/29/2008,GRI,NE,ACE,CE,Federal Contract Tower,0,8,6,0,14,0,1,10,2,13,0,9,16,2,27,12,0,12,39
03/30/2008,GRI,NE,ACE,CE,Federal Contract Tower,0,4,0,0,4,0,0,3,2,5,0,4,3,2,9,0,0,0,9
03/31/2008,GRI,NE,ACE,CE,Federal Contract Tower,0,15,12,0,27,0,0,0,0,0,0,15,12,0,27,0,0,0,27
04/01/2008,GRI,NE,ACE,CE,Federal Contract Tower,0,16,4,0,20,0,0,13,4,17,0,16,17,4,37,8,0,8,45
04/02/2008,GRI,NE,ACE,CE,Federal Contract Tower,0,18,8,0,26,0,3,11,0,14,0,21,19,0,40,6,0,6,46
04/03/2008,GRI,NE,ACE,CE,Federal Contract Tower,0,16,5,0,21,0,1,0,0,1,0,17,5,0,22,0,0,0,22
04/04/2008,GRI,NE,ACE,CE,Federal Contract Tower,0,14,15,2,31,0,2,35,0,37,0,16,50,2,68,10,0,10,78
04/05/2008,GRI,NE,ACE,CE,Federal Contract Tower,0,7,7,0,14,0,1,19,1,21,0,8,26,1,35,0,0,0,35
04/06/2008,GRI,NE,ACE,CE,Federal Contract Tower,0,4,7,0,11,0,0,9,1,10,0,4,16,1,21,8,2,10,31
04/07/2008,GRI,NE,ACE,CE,Federal Contract Tower,0,15,10,0,25,0,0,14,0,14,0,15,24,0,39,0,0,0,39
04/08/2008,GRI,NE,ACE,CE,Federal Contract Tower,0,16,6,0,22,0,0,10,0,10,0,16,16,0,32,4,0,4,36
04/09/2008,GRI,NE,ACE,CE,Federal Contract Tower,0,17,20,0,37,0,0,4,2,6,0,17,24,2,43,2,0,2,45
04/10/2008,GRI,NE,ACE,CE,Federal Contract Tower,0,18,3,0,21,0,0,0,0,0,0,18,3,0,21,0,0,0,21
04/11/2008,GRI,NE,ACE,CE,Federal Contract Tower,0,16,6,0,22,0,1,7,2,10,0,17,13,2,32,0,4,4,36
04/12/2008,GRI,NE,ACE,CE,Federal Contract Tower,0,8,9,0,17,0,1,8,11,20,0,9,17,11,37,0,20,20,57
04/13/2008,GRI,NE,ACE,CE,Federal Contract Tower,0,2,8,0,10,0,0,14,14,28,0,2,22,14,38,0,12,12,50
04/14/2008,GRI,NE,ACE,CE,Federal Contract Tower,0,13,5,0,18,0,0,26,1,27,0,13,31,1,45,12,0,12,57
04/15/2008,GRI,NE,ACE,CE,Federal Contract Tower,0,16,6,2,24,0,0,12,2,14,0,16,18,4,38,0,2,2,40
04/16/2008,GRI,NE,ACE,CE,Federal Contract Tower,0,17,21,0,38,0,0,22,3,25,0,17,43,3,63,8,0,8,71
04/17/2008,GRI,NE,ACE,CE,Federal Contract Tower,0,15,12,0,27,0,2,2,5,9,0,17,14,5,36,0,64,64,100
04/18/2008,GRI,NE,ACE,CE,Federal Contract Tower,0,17,20,0,37,0,2,25,11,38,0,19,45,11,75,22,32,54,129
04/19/2008,GRI,NE,ACE,CE,Federal Contract Tower,0,7,8,0,15,0,1,21,17,39,0,8,29,17,54,8,24,32,86
04/20/2008,GRI,NE,ACE,CE,Federal Contract Tower,0,4,3,1,8,0,0,3,1,4,0,4,6,2,12,0,0,0,12
04/21/2008,GRI,NE,ACE,CE,Federal Contract Tower,0,13,7,0,20,0,0,10,2,12,0,13,17,2,32,2,0,2,34
04/22/2008,GRI,NE,ACE,CE,Federal Contract Tower,0,10,12,0,22,0,0,35,10,45,0,10,47,10,67,24,6,30,97
04/23/2008,GRI,NE,ACE,CE,Federal Contract Tower,0,18,13,0,31,0,0,31,5,36,0,18,44,5,67,18,0,18,85
04/24/2008,GRI,NE,ACE,CE,Federal Contract Tower,0,19,17,0,36,0,0,0,0,0,0,19,17,0,36,0,0,0,36
04/25/2008,GRI,NE,ACE,CE,Federal Contract Tower,0,18,3,0,21,0,1,1,3,5,0,19,4,3,26,0,0,0,26
04/26/2008,GRI,NE,ACE,CE,Federal Contract Tower,0,7,8,0,15,0,0,7,0,7,0,7,15,0,22,0,0,0,22
04/27/2008,GRI,NE,ACE,CE,Federal Contract Tower,0,4,5,1,10,0,0,13,1,14,0,4,18,2,24,12,0,12,36
04/28/2008,GRI,NE,ACE,CE,Federal Contract Tower,0,17,10,0,27,0,0,4,2,6,0,17,14,2,33,16,0,16,49
04/29/2008,GRI,NE,ACE,CE,Federal Contract Tower,2,16,8,0,26,0,0,18,5,23,2,16,26,5,49,0,0,0,49
04/30/2008,GRI,NE,ACE,CE,Federal Contract Tower,0,18,18,0,36,0,1,13,8,22,0,19,31,8,58,2,8,10,68
05/01/2008,GRI,NE,ACE,CE,Federal Contract Tower,0,16,10,0,26,0,0,11,2,13,0,16,21,2,39,0,4,4,43
05/02/2008,GRI,NE,ACE,CE,Federal Contract Tower,0,19,18,0,37,0,0,6,7,13,0,19,24,7,50,0,2,2,52
05/03/2008,GRI,NE,ACE,CE,Federal Contract Tower,2,9,2,0,13,0,1,25,1,27,2,10,27,1,40,2,0,2,42
05/04/2008,GRI,NE,ACE,CE,Federal Contract Tower,0,4,13,0,17,0,0,38,3,41,0,4,51,3,58,36,0,36,94
05/05/2008,GRI,NE,ACE,CE,Federal Contract Tower,0,13,15,0,28,0,0,26,4,30,0,13,41,4,58,0,4,4,62
05/06/2008,GRI,NE,ACE,CE,Federal Contract Tower,0,16,22,0,38,0,0,16,4,20,0,16,38,4,58,2,0,2,60
05/07/2008,GRI,NE,ACE,CE,Federal Contract Tower,0,18,13,1,32,0,0,7,8,15,0,18,20,9,47,0,0,0,47
05/08/2008,GRI,NE,ACE,CE,Federal Contract Tower,0,15,12,2,29,0,0,18,2,20,0,15,30,4,49,8,0,8,57
05/09/2008,GRI,NE,ACE,CE,Federal Contract Tower,0,20,3,1,24,0,2,13,11,26,0,22,16,12,50,14,6,20,70
05/10/2008,GRI,NE,ACE,CE,Federal Contract Tower,0,9,2,0,11,0,0,0,4,4,0,9,2,4,15,0,0,0,15
05/11/2008,GRI,NE,ACE,CE,Federal Contract Tower,0,6,5,0,11,0,0,21,3,24,0,6,26,3,35,10,0,10,45
05/12/2008,GRI,NE,ACE,CE,Federal Contract Tower,0,13,7,2,22,0,0,6,0,6,0,13,13,2,28,6,0,6,34
05/13/2008,GRI,NE,ACE,CE,Federal Contract Tower,0,16,16,0,32,0,0,20,7,27,0,16,36,7,59,4,0,4,63
05/14/2008,GRI,NE,ACE,CE,Federal Contract Tower,0,20,7,0,27,0,0,33,4,37,0,20,40,4,64,42,4,46,110
05/15/2008,GRI,NE,ACE,CE,Federal Contract Tower,0,17,22,3,42,0,1,15,6,22,0,18,37,9,64,0,10,10,74
05/16/2008,GRI,NE,ACE,CE,Federal Contract Tower,0,18,6,0,24,0,1,34,2,37,0,19,40,2,61,38,0,38,99
05/17/2008,GRI,NE,ACE,CE,Federal Contract Tower,0,6,6,0,12,0,2,14,1,17,0,8,20,1,29,2,0,2,31
05/18/2008,GRI,NE,ACE,CE,Federal Contract Tower,0,8,9,0,17,0,0,18,2,20,0,8,27,2,37,6,0,6,43
05/19/2008,GRI,NE,ACE,CE,Federal Contract Tower,2,15,10,0,27,0,0,2,0,2,2,15,12,0,29,6,0,6,35
05/20/2008,GRI,NE,ACE,CE,Federal Contract Tower,0,14,9,1,24,0,0,22,3,25,0,14,31,4,49,18,2,20,69
05/21/2008,GRI,NE,ACE,CE,Federal Contract Tower,0,18,6,1,25,0,0,12,3,15,0,18,18,4,40,8,0,8,48
05/22/2008,GRI,NE,ACE,CE,Federal Contract Tower,9,13,17,0,39,0,0,0,0,0,9,13,17,0,39,0,0,0,39
05/23/2008,GRI,NE,ACE,CE,Federal Contract Tower,0,16,6,0,22,0,0,0,0,0,0,16,6,0,22,2,0,2,24
05/24/2008,GRI,NE,ACE,CE,Federal Contract Tower,0,7,3,0,10,0,0,8,0,8,0,7,11,0,18,0,0,0,18
05/25/2008,GRI,NE,ACE,CE,Federal Contract Tower,0,2,5,0,7,0,0,13,2,15,0,2,18,2,22,6,0,6,28
05/26/2008,GRI,NE,ACE,CE,Federal Contract Tower,0,11,2,0,13,0,0,11,3,14,0,11,13,3,27,4,0,4,31
05/27/2008,GRI,NE,ACE,CE,Federal Contract Tower,0,18,8,0,26,0,0,0,0,0,0,18,8,0,26,0,0,0,26
05/28/2008,GRI,NE,ACE,CE,Federal Contract Tower,0,17,10,4,31,0,0,1,0,1,0,17,11,4,32,0,0,0,32
05/29/2008,GRI,NE,ACE,CE,Federal Contract Tower,0,16,14,0,30,0,0,4,2,6,0,16,18,2,36,2,0,2,38
05/30/2008,GRI,NE,ACE,CE,Federal Contract Tower,0,14,4,0,18,0,4,34,2,40,0,18,38,2,58,18,0,18,76
05/31/2008,GRI,NE,ACE,CE,Federal Contract Tower,0,9,0,0,9,0,2,29,12,43,0,11,29,12,52,14,52,66,118
06/01/2008,GRI,NE,ACE,CE,Federal Contract Tower,0,3,3,0,6,0,0,15,2,17,0,3,18,2,23,0,0,0,23
06/02/2008,GRI,NE,ACE,CE,Federal Contract Tower,0,12,8,0,20,0,0,7,1,8,0,12,15,1,28,18,0,18,46
06/03/2008,GRI,NE,ACE,CE,Federal Contract Tower,0,15,8,0,23,0,0,15,6,21,0,15,23,6,44,0,28,28,72
06/04/2008,GRI,NE,ACE,CE,Federal Contract Tower,0,14,3,2,19,0,0,6,1,7,0,14,9,3,26,0,8,8,34
06/05/2008,GRI,NE,ACE,CE,Federal Contract Tower,0,14,14,0,28,0,0,1,7,8,0,14,15,7,36,0,14,14,50
06/06/2008,GRI,NE,ACE,CE,Federal Contract Tower,0,15,12,0,27,0,2,14,7,23,0,17,26,7,50,0,2,2,52
06/07/2008,GRI,NE,ACE,CE,Federal Contract Tower,0,7,7,0,14,0,0,12,3,15,0,7,19,3,29,0,0,0,29
06/08/2008,GRI,NE,ACE,CE,Federal Contract Tower,0,3,3,0,6,0,0,4,1,5,0,3,7,1,11,0,0,0,11
06/09/2008,GRI,NE,ACE,CE,Federal Contract Tower,0,13,6,2,21,0,0,34,3,37,0,13,40,5,58,12,2,14,72
06/10/2008,GRI,NE,ACE,CE,Federal Contract Tower,0,15,17,2,34,0,0,27,6,33,0,15,44,8,67,12,10,22,89
06/11/2008,GRI,NE,ACE,CE,Federal Contract Tower,0,13,11,0,24,0,0,7,4,11,0,13,18,4,35,16,24,40,75
06/12/2008,GRI,NE,ACE,CE,Federal Contract Tower,0,15,9,2,26,0,0,21,5,26,0,15,30,7,52,24,2,26,78
06/13/2008,GRI,NE,ACE,CE,Federal Contract Tower,0,15,9,0,24,0,1,28,1,30,0,16,37,1,54,22,0,22,76
06/14/2008,GRI,NE,ACE,CE,Federal Contract Tower,0,6,4,0,10,0,1,13,0,14,0,7,17,0,24,6,0,6,30
06/15/2008,GRI,NE,ACE,CE,Federal Contract Tower,0,3,4,0,7,0,0,5,0,5,0,3,9,0,12,0,0,0,12
06/16/2008,GRI,NE,ACE,CE,Federal Contract Tower,0,11,15,2,28,0,0,15,0,15,0,11,30,2,43,20,0,20,63
06/17/2008,GRI,NE,ACE,CE,Federal Contract Tower,0,14,14,2,30,0,0,24,8,32,0,14,38,10,62,10,34,44,106
06/18/2008,GRI,NE,ACE,CE,Federal Contract Tower,0,18,9,0,27,0,0,25,9,34,0,18,34,9,61,0,4,4,65
06/19/2008,GRI,NE,ACE,CE,Federal Contract Tower,0,15,5,0,20,0,0,10,8,18,0,15,15,8,38,8,4,12,50
06/20/2008,GRI,NE,ACE,CE,Federal Contract Tower,0,14,6,3,23,0,1,26,0,27,0,15,32,3,50,14,0,14,64
06/21/2008,GRI,NE,ACE,CE,Federal Contract Tower,0,6,13,1,20,0,1,20,2,23,0,7,33,3,43,12,0,12,55
06/22/2008,GRI,NE,ACE,CE,Federal Contract Tower,0,9,3,0,12,0,0,21,0,21,0,9,24,0,33,0,0,0,33
06/23/2008,GRI,NE,ACE,CE,Federal Contract Tower,0,11,9,0,20,0,1,13,2,16,0,12,22,2,36,8,0,8,44
06/24/2008,GRI,NE,ACE,CE,Federal Contract Tower,0,16,7,1,24,0,0,20,2,22,0,16,27,3,46,0,6,6,52
06/25/2008,GRI,NE,ACE,CE,Federal Contract Tower,0,14,12,2,28,0,0,29,4,33,0,14,41,6,61,42,20,62,123
06/26/2008,GRI,NE,ACE,CE,Federal Contract Tower,0,19,14,0,33,0,0,21,3,24,0,19,35,3,57,12,0,12,69
06/27/2008,GRI,NE,ACE,CE,Federal Contract Tower,0,14,12,0,26,0,1,20,0,21,0,15,32,0,47,8,0,8,55
06/28/2008,GRI,NE,ACE,CE,Federal Contract Tower,0,6,6,0,12,0,1,14,0,15,0,7,20,0,27,2,0,2,29
06/29/2008,GRI,NE,ACE,CE,Federal Contract Tower,0,3,12,0,15,0,0,18,0,18,0,3,30,0,33,8,0,8,41
06/30/2008,GRI,NE,ACE,CE,Federal Contract Tower,0,4,5,0,9,0,0,16,4,20,0,4,21,4,29,8,16,24,53
07/01/2008,GRI,NE,ACE,CE,Federal Contract Tower,0,5,16,0,21,0,0,22,12,34,0,5,38,12,55,18,14,32,87
07/02/2008,GRI,NE,ACE,CE,Federal Contract Tower,0,9,7,0,16,0,25,4,0,29,0,34,11,0,45,10,20,30,75
07/03/2008,GRI,NE,ACE,CE,Federal Contract Tower,0,8,8,0,16,0,1,29,11,41,0,9,37,11,57,16,6,22,79
07/04/2008,GRI,NE,ACE,CE,Federal Contract Tower,0,2,6,0,8,0,0,15,0,15,0,2,21,0,23,14,0,14,37
07/05/2008,GRI,NE,ACE,CE,Federal Contract Tower,0,9,9,0,18,0,2,13,0,15,0,11,22,0,33,4,0,4,37
07/06/2008,GRI,NE,ACE,CE,Federal Contract Tower,0,0,3,0,3,0,0,24,0,24,0,0,27,0,27,4,0,4,31
07/07/2008,GRI,NE,ACE,CE,Federal Contract Tower,0,4,13,0,17,0,0,14,0,14,0,4,27,0,31,2,0,2,33
07/08/2008,GRI,NE,ACE,CE,Federal Contract Tower,0,9,12,0,21,0,3,20,4,27,0,12,32,4,48,0,0,0,48
07/09/2008,GRI,NE,ACE,CE,Federal Contract Tower,0,11,7,0,18,0,2,15,6,23,0,13,22,6,41,12,16,28,69
07/10/2008,GRI,NE,ACE,CE,Federal Contract Tower,0,10,15,0,25,0,0,12,5,17,0,10,27,5,42,0,8,8,50
07/11/2008,GRI,NE,ACE,CE,Federal Contract Tower,0,5,12,0,17,0,1,20,4,25,0,6,32,4,42,14,6,20,62
07/12/2008,GRI,NE,ACE,CE,Federal Contract Tower,0,4,5,2,11,0,1,5,0,6,0,5,10,2,17,0,0,0,17
07/13/2008,GRI,NE,ACE,CE,Federal Contract Tower,0,4,3,0,7,0,0,16,0,16,0,4,19,0,23,0,0,0,23
07/14/2008,GRI,NE,ACE,CE,Federal Contract Tower,0,2,8,0,10,0,2,16,0,18,0,4,24,0,28,12,0,12,40
07/15/2008,GRI,NE,ACE,CE,Federal Contract Tower,0,6,16,0,22,0,0,14,2,16,0,6,30,2,38,0,12,12,50
07/16/2008,GRI,NE,ACE,CE,Federal Contract Tower,0,8,10,0,18,0,0,17,7,24,0,8,27,7,42,32,22,54,96
07/17/2008,GRI,NE,ACE,CE,Federal Contract Tower,0,8,10,0,18,0,0,19,4,23,0,8,29,4,41,0,0,0,41
07/18/2008,GRI,NE,ACE,CE,Federal Contract Tower,0,6,6,0,12,0,2,4,0,6,0,8,10,0,18,0,0,0,18
07/19/2008,GRI,NE,ACE,CE,Federal Contract Tower,0,10,8,0,18,0,0,31,0,31,0,10,39,0,49,12,0,12,61
07/20/2008,GRI,NE,ACE,CE,Federal Contract Tower,0,0,7,8,15,0,0,12,9,21,0,0,19,17,36,0,26,26,62
07/21/2008,GRI,NE,ACE,CE,Federal Contract Tower,0,3,20,0,23,0,0,9,0,9,0,3,29,0,32,0,0,0,32
07/22/2008,GRI,NE,ACE,CE,Federal Contract Tower,0,6,15,0,21,0,1,18,2,21,0,7,33,2,42,0,2,2,44
07/23/2008,GRI,NE,ACE,CE,Federal Contract Tower,1,10,12,0,23,0,0,6,3,9,1,10,18,3,32,12,2,14,46
07/24/2008,GRI,NE,ACE,CE,Federal Contract Tower,0,8,11,0,19,0,0,20,6,26,0,8,31,6,45,6,2,8,53
07/25/2008,GRI,NE,ACE,CE,Federal Contract Tower,0,10,12,0,22,0,1,31,1,33,0,11,43,1,55,8,0,8,63
07/26/2008,GRI,NE,ACE,CE,Federal Contract Tower,0,5,8,0,13,0,0,36,2,38,0,5,44,2,51,4,0,4,55
07/27/2008,GRI,NE,ACE,CE,Federal Contract Tower,0,4,9,0,13,0,0,33,3,36,0,4,42,3,49,4,2,6,55
07/28/2008,GRI,NE,ACE,CE,Federal Contract Tower,0,7,11,0,18,0,0,17,0,17,0,7,28,0,35,0,0,0,35
07/29/2008,GRI,NE,ACE,CE,Federal Contract Tower,0,6,16,0,22,0,0,18,4,22,0,6,34,4,44,12,12,24,68
07/30/2008,GRI,NE,ACE,CE,Federal Contract Tower,0,6,21,0,27,0,2,31,3,36,0,8,52,3,63,4,4,8,71
07/31/2008,GRI,NE,ACE,CE,Federal Contract Tower,0,8,12,0,20,0,0,30,1,31,0,8,42,1,51,0,0,0,51
08/01/2008,GRI,NE,ACE,CE,Federal Contract Tower,0,6,16,0,22,0,1,28,5,34,0,7,44,5,56,20,0,20,76
08/02/2008,GRI,NE,ACE,CE,Federal Contract Tower,0,8,5,0,13,0,0,21,2,23,0,8,26,2,36,4,0,4,40
08/03/2008,GRI,NE,ACE,CE,Federal Contract Tower,0,0,7,0,7,0,0,16,0,16,0,0,23,0,23,2,0,2,25
08/04/2008,GRI,NE,ACE,CE,Federal Contract Tower,0,3,12,0,15,0,0,11,5,16,0,3,23,5,31,10,2,12,43
08/05/2008,GRI,NE,ACE,CE,Federal Contract Tower,0,6,9,0,15,0,0,12,3,15,0,6,21,3,30,8,2,10,40
08/06/2008,GRI,NE,ACE,CE,Federal Contract Tower,0,7,19,0,26,0,0,20,7,27,0,7,39,7,53,0,68,68,121
08/07/2008,GRI,NE,ACE,CE,Federal Contract Tower,0,7,25,0,32,0,2,16,11,29,0,9,41,11,61,0,28,28,89
08/08/2008,GRI,NE,ACE,CE,Federal Contract Tower,0,4,15,0,19,0,2,15,11,28,0,6,30,11,47,16,32,48,95
08/09/2008,GRI,NE,ACE,CE,Federal Contract Tower,0,10,15,0,25,0,0,0,0,0,0,10,15,0,25,0,0,0,25
08/10/2008,GRI,NE,ACE,CE,Federal Contract Tower,0,2,7,1,10,0,0,19,1,20,0,2,26,2,30,24,0,24,54
08/11/2008,GRI,NE,ACE,CE,Federal Contract Tower,0,5,9,1,15,0,0,8,5,13,0,5,17,6,28,0,0,0,28
08/12/2008,GRI,NE,ACE,CE,Federal Contract Tower,0,5,17,0,22,0,1,18,0,19,0,6,35,0,41,0,0,0,41
08/13/2008,GRI,NE,ACE,CE,Federal Contract Tower,0,8,16,1,25,0,0,21,1,22,0,8,37,2,47,14,0,14,61
08/14/2008,GRI,NE,ACE,CE,Federal Contract Tower,0,6,10,0,16,0,0,23,8,31,0,6,33,8,47,0,2,2,49
08/15/2008,GRI,NE,ACE,CE,Federal Contract Tower,0,5,20,0,25,0,1,14,4,19,0,6,34,4,44,0,12,12,56
08/16/2008,GRI,NE,ACE,CE,Federal Contract Tower,0,7,7,0,14,0,1,2,0,3,0,8,9,0,17,0,0,0,17
08/17/2008,GRI,NE,ACE,CE,Federal Contract Tower,0,0,8,1,9,0,0,11,8,19,0,0,19,9,28,8,0,8,36
08/18/2008,GRI,NE,ACE,CE,Federal Contract Tower,0,5,8,0,13,0,0,9,0,9,0,5,17,0,22,4,0,4,26
08/19/2008,GRI,NE,ACE,CE,Federal Contract Tower,0,8,11,2,21,0,0,46,0,46,0,8,57,2,67,22,0,22,89
08/20/2008,GRI,NE,ACE,CE,Federal Contract Tower,1,6,15,1,23,0,0,20,5,25,1,6,35,6,48,6,48,54,102
08/21/2008,GRI,NE,ACE,CE,Federal Contract Tower,0,10,15,2,27,0,7,2,0,9,0,17,17,2,36,0,8,8,44
08/22/2008,GRI,NE,ACE,CE,Federal Contract Tower,0,8,5,0,13,0,1,14,4,19,0,9,19,4,32,0,12,12,44
08/23/2008,GRI,NE,ACE,CE,Federal Contract Tower,0,7,8,0,15,0,1,16,0,17,0,8,24,0,32,0,0,0,32
08/24/2008,GRI,NE,ACE,CE,Federal Contract Tower,0,0,7,0,7,0,0,26,0,26,0,0,33,0,33,8,0,8,41
08/25/2008,GRI,NE,ACE,CE,Federal Contract Tower,0,3,11,2,16,0,0,14,2,16,0,3,25,4,32,0,0,0,32
08/26/2008,GRI,NE,ACE,CE,Federal Contract Tower,0,8,10,0,18,0,0,19,2,21,0,8,29,2,39,14,0,14,53
08/27/2008,GRI,NE,ACE,CE,Federal Contract Tower,0,6,11,0,17,0,0,21,4,25,0,6,32,4,42,10,0,10,52
08/28/2008,GRI,NE,ACE,CE,Federal Contract Tower,0,7,9,0,16,0,1,13,10,24,0,8,22,10,40,2,2,4,44
08/29/2008,GRI,NE,ACE,CE,Federal Contract Tower,0,5,11,1,17,0,1,31,0,32,0,6,42,1,49,12,0,12,61
08/30/2008,GRI,NE,ACE,CE,Federal Contract Tower,0,4,2,0,6,0,3,20,0,23,0,7,22,0,29,10,0,10,39
08/31/2008,GRI,NE,ACE,CE,Federal Contract Tower,0,0,2,0,2,0,0,6,2,8,0,0,8,2,10,2,0,2,12
09/01/2008,GRI,NE,ACE,CE,Federal Contract Tower,0,6,9,2,17,0,0,12,0,12,0,6,21,2,29,0,0,0,29
09/02/2008,GRI,NE,ACE,CE,Federal Contract Tower,0,10,16,0,26,0,6,10,1,17,0,16,26,1,43,4,0,4,47
09/03/2008,GRI,NE,ACE,CE,Federal Contract Tower,0,9,11,1,21,0,0,15,5,20,0,9,26,6,41,0,8,8,49
09/04/2008,GRI,NE,ACE,CE,Federal Contract Tower,2,7,18,0,27,0,0,11,0,11,2,7,29,0,38,16,0,16,54
09/05/2008,GRI,NE,ACE,CE,Federal Contract Tower,0,5,10,0,15,0,1,2,2,5,0,6,12,2,20,0,0,0,20
09/06/2008,GRI,NE,ACE,CE,Federal Contract Tower,0,6,2,0,8,0,0,4,2,6,0,6,6,2,14,0,0,0,14
09/07/2008,GRI,NE,ACE,CE,Federal Contract Tower,2,2,6,0,10,0,0,7,0,7,2,2,13,0,17,0,0,0,17
09/08/2008,GRI,NE,ACE,CE,Federal Contract Tower,0,3,7,2,12,0,0,7,0,7,0,3,14,2,19,0,0,0,19
09/09/2008,GRI,NE,ACE,CE,Federal Contract Tower,2,7,17,0,26,0,0,43,2,45,2,7,60,2,71,0,62,62,133
09/10/2008,GRI,NE,ACE,CE,Federal Contract Tower,2,7,33,2,44,0,0,2,2,4,2,7,35,4,48,0,0,0,48
09/11/2008,GRI,NE,ACE,CE,Federal Contract Tower,2,6,29,0,37,0,0,4,2,6,2,6,33,2,43,0,10,10,53
09/12/2008,GRI,NE,ACE,CE,Federal Contract Tower,0,7,21,0,28,0,0,0,0,0,0,7,21,0,28,0,0,0,28
09/13/2008,GRI,NE,ACE,CE,Federal Contract Tower,0,5,9,0,14,0,0,19,1,20,0,5,28,1,34,8,0,8,42
09/14/2008,GRI,NE,ACE,CE,Federal Contract Tower,2,0,2,2,6,0,0,5,1,6,2,0,7,3,12,0,12,12,24
09/15/2008,GRI,NE,ACE,CE,Federal Contract Tower,0,3,9,4,16,0,0,26,0,26,0,3,35,4,42,4,8,12,54
09/16/2008,GRI,NE,ACE,CE,Federal Contract Tower,0,6,23,1,30,0,0,22,0,22,0,6,45,1,52,18,0,18,70
09/17/2008,GRI,NE,ACE,CE,Federal Contract Tower,0,6,20,2,28,0,1,32,2,35,0,7,52,4,63,20,0,20,83
09/18/2008,GRI,NE,ACE,CE,Federal Contract Tower,2,5,17,1,25,0,1,21,4,26,2,6,38,5,51,2,2,4,55
09/19/2008,GRI,NE,ACE,CE,Federal Contract Tower,0,4,16,0,20,0,2,26,2,30,0,6,42,2,50,12,8,20,70
09/20/2008,GRI,NE,ACE,CE,Federal Contract Tower,0,6,4,0,10,0,2,32,3,37,0,8,36,3,47,16,6,22,69
09/21/2008,GRI,NE,ACE,CE,Federal Contract Tower,2,2,2,0,6,0,0,10,1,11,2,2,12,1,17,0,0,0,17
09/22/2008,GRI,NE,ACE,CE,Federal Contract Tower,0,5,6,1,12,0,0,6,0,6,0,5,12,1,18,0,0,0,18
09/23/2008,GRI,NE,ACE,CE,Federal Contract Tower,0,6,12,0,18,0,5,6,0,11,0,11,18,0,29,10,4,14,43
09/24/2008,GRI,NE,ACE,CE,Federal Contract Tower,0,8,14,0,22,0,2,15,2,19,0,10,29,2,41,18,4,22,63
09/25/2008,GRI,NE,ACE,CE,Federal Contract Tower,2,6,14,1,23,0,0,8,3,11,2,6,22,4,34,0,2,2,36
09/26/2008,GRI,NE,ACE,CE,Federal Contract Tower,0,6,2,0,8,0,2,19,4,25,0,8,21,4,33,12,0,12,45
09/27/2008,GRI,NE,ACE,CE,Federal Contract Tower,0,8,1,0,9,0,0,9,0,9,0,8,10,0,18,12,0,12,30
09/28/2008,GRI,NE,ACE,CE,Federal Contract Tower,2,4,3,0,9,0,0,25,0,25,2,4,28,0,34,14,0,14,48
09/29/2008,GRI,NE,ACE,CE,Federal Contract Tower,0,3,5,0,8,0,0,4,0,4,0,3,9,0,12,0,0,0,12
09/30/2008,GRI,NE,ACE,CE,Federal Contract Tower,0,6,8,0,14,0,0,22,2,24,0,6,30,2,38,26,0,26,64
10/01/2008,GRI,NE,ACE,CE,Federal Contract Tower,0,5,12,0,17,0,0,31,9,40,0,5,43,9,57,6,4,10,67
10/02/2008,GRI,NE,ACE,CE,Federal Contract Tower,2,7,20,0,29,0,0,0,0,0,2,7,20,0,29,0,0,0,29
10/03/2008,GRI,NE,ACE,CE,Federal Contract Tower,0,3,6,0,9,0,3,24,0,27,0,6,30,0,36,0,0,0,36
10/04/2008,GRI,NE,ACE,CE,Federal Contract Tower,0,9,9,2,20,0,1,14,0,15,0,10,23,2,35,10,2,12,47
10/05/2008,GRI,NE,ACE,CE,Federal Contract Tower,2,0,5,0,7,0,0,9,2,11,2,0,14,2,18,0,0,0,18
10/06/2008,GRI,NE,ACE,CE,Federal Contract Tower,0,3,3,0,6,0,0,1,0,1,0,3,4,0,7,0,0,0,7
10/07/2008,GRI,NE,ACE,CE,Federal Contract Tower,0,7,10,0,17,0,1,4,2,7,0,8,14,2,24,0,0,0,24
10/08/2008,GRI,NE,ACE,CE,Federal Contract Tower,0,4,12,0,16,0,2,17,2,21,0,6,29,2,37,4,16,20,57
10/09/2008,GRI,NE,ACE,CE,Federal Contract Tower,2,8,6,0,16,0,1,19,4,24,2,9,25,4,40,0,8,8,48
10/10/2008,GRI,NE,ACE,CE,Federal Contract Tower,0,3,9,0,12,0,3,10,0,13,0,6,19,0,25,0,0,0,25
10/11/2008,GRI,NE,ACE,CE,Federal Contract Tower,0,6,1,0,7,0,0,2,0,2,0,6,3,0,9,0,0,0,9
10/12/2008,GRI,NE,ACE,CE,Federal Contract Tower,2,0,4,0,6,0,0,1,0,1,2,0,5,0,7,0,0,0,7
10/13/2008,GRI,NE,ACE,CE,Federal Contract Tower,0,2,7,0,9,0,1,1,0,2,0,3,8,0,11,0,0,0,11
10/14/2008,GRI,NE,ACE,CE,Federal Contract Tower,0,6,16,2,24,0,2,12,2,16,0,8,28,4,40,10,0,10,50
10/15/2008,GRI,NE,ACE,CE,Federal Contract Tower,0,5,9,0,14,0,1,16,7,24,0,6,25,7,38,6,20,26,64
10/16/2008,GRI,NE,ACE,CE,Federal Contract Tower,2,5,12,0,19,0,1,18,4,23,2,6,30,4,42,0,6,6,48
10/17/2008,GRI,NE,ACE,CE,Federal Contract Tower,0,4,16,0,20,0,2,21,0,23,0,6,37,0,43,6,0,6,49
10/18/2008,GRI,NE,ACE,CE,Federal Contract Tower,0,8,6,0,14,0,2,18,0,20,0,10,24,0,34,0,0,0,34
10/19/2008,GRI,NE,ACE,CE,Federal Contract Tower,2,0,13,0,15,0,0,28,0,28,2,0,41,0,43,4,0,4,47
10/20/2008,GRI,NE,ACE,CE,Federal Contract Tower,0,2,7,0,9,0,1,13,0,14,0,3,20,0,23,4,0,4,27
10/21/2008,GRI,NE,ACE,CE,Federal Contract Tower,0,6,10,0,16,0,0,2,0,2,0,6,12,0,18,0,0,0,18
10/22/2008,GRI,NE,ACE,CE,Federal Contract Tower,0,6,6,0,12,0,0,0,0,0,0,6,6,0,12,0,0,0,12
10/23/2008,GRI,NE,ACE,CE,Federal Contract Tower,2,6,17,0,25,0,2,0,0,2,2,8,17,0,27,0,0,0,27
10/24/2008,GRI,NE,ACE,CE,Federal Contract Tower,0,5,5,0,10,0,2,6,6,14,0,7,11,6,24,0,14,14,38
10/25/2008,GRI,NE,ACE,CE,Federal Contract Tower,0,5,5,1,11,0,3,31,14,48,0,8,36,15,59,2,36,38,97
10/26/2008,GRI,NE,ACE,CE,Federal Contract Tower,2,0,7,0,9,0,0,9,3,12,2,0,16,3,21,2,0,2,23
10/27/2008,GRI,NE,ACE,CE,Federal Contract Tower,0,2,10,0,12,0,0,0,0,0,0,2,10,0,12,8,0,8,20
10/28/2008,GRI,NE,ACE,CE,Federal Contract Tower,0,5,8,0,13,0,1,24,5,30,0,6,32,5,43,14,0,14,57
10/29/2008,GRI,NE,ACE,CE,Federal Contract Tower,0,6,5,0,11,0,2,25,6,33,0,8,30,6,44,14,18,32,76
10/30/2008,GRI,NE,ACE,CE,Federal Contract Tower,2,5,14,0,21,0,1,25,10,36,2,6,39,10,57,4,6,10,67
10/31/2008,GRI,NE,ACE,CE,Federal Contract Tower,0,7,6,0,13,0,4,26,6,36,0,11,32,6,49,16,8,24,73
11/01/2008,GRI,NE,ACE,CE,Federal Contract Tower,0,4,1,0,5,0,2,32,1,35,0,6,33,1,40,24,0,24,64
11/02/2008,GRI,NE,ACE,CE,Federal Contract Tower,2,0,1,0,3,0,0,17,0,17,2,0,18,0,20,0,0,0,20
11/03/2008,GRI,NE,ACE,CE,Federal Contract Tower,0,5,5,0,10,0,0,11,0,11,0,5,16,0,21,20,0,20,41
11/04/2008,GRI,NE,ACE,CE,Federal Contract Tower,0,7,6,2,15,0,0,9,3,12,0,7,15,5,27,16,26,42,69
11/05/2008,GRI,NE,ACE,CE,Federal Contract Tower,0,12,11,0,23,0,0,8,3,11,0,12,19,3,34,0,0,0,34
11/06/2008,GRI,NE,ACE,CE,Federal Contract Tower,2,6,16,0,24,0,0,0,2,2,2,6,16,2,26,0,0,0,26
11/07/2008,GRI,NE,ACE,CE,Federal Contract Tower,0,8,11,2,21,0,0,1,2,3,0,8,12,4,24,0,0,0,24
11/08/2008,GRI,NE,ACE,CE,Federal Contract Tower,0,6,2,0,8,0,0,3,4,7,0,6,5,4,15,0,0,0,15
11/09/2008,GRI,NE,ACE,CE,Federal Contract Tower,2,0,4,1,7,0,0,10,0,10,2,0,14,1,17,4,0,4,21
11/10/2008,GRI,NE,ACE,CE,Federal Contract Tower,0,1,7,0,8,0,0,1,0,1,0,1,8,0,9,0,0,0,9
11/11/2008,GRI,NE,ACE,CE,Federal Contract Tower,0,8,7,0,15,0,0,0,0,0,0,8,7,0,15,0,0,0,15
11/12/2008,GRI,NE,ACE,CE,Federal Contract Tower,0,6,19,2,27,0,0,18,6,24,0,6,37,8,51,6,62,68,119
11/13/2008,GRI,NE,ACE,CE,Federal Contract Tower,2,8,13,1,24,0,0,11,9,20,2,8,24,10,44,0,22,22,66
11/14/2008,GRI,NE,ACE,CE,Federal Contract Tower,0,6,7,0,13,0,1,0,0,1,0,7,7,0,14,0,0,0,14
11/15/2008,GRI,NE,ACE,CE,Federal Contract Tower,0,5,3,0,8,0,1,14,10,25,0,6,17,10,33,0,20,20,53
11/16/2008,GRI,NE,ACE,CE,Federal Contract Tower,2,0,7,0,9,0,0,19,4,23,2,0,26,4,32,12,12,24,56
11/17/2008,GRI,NE,ACE,CE,Federal Contract Tower,1,2,13,2,18,0,1,8,2,11,1,3,21,4,29,6,0,6,35
11/18/2008,GRI,NE,ACE,CE,Federal Contract Tower,0,9,16,2,27,0,1,13,2,16,0,10,29,4,43,4,0,4,47
11/19/2008,GRI,NE,ACE,CE,Federal Contract Tower,0,10,7,0,17,0,0,21,6,27,0,10,28,6,44,8,0,8,52
11/20/2008,GRI,NE,ACE,CE,Federal Contract Tower,3,6,15,0,24,0,0,5,5,10,3,6,20,5,34,0,4,4,38
11/21/2008,GRI,NE,ACE,CE,Federal Contract Tower,0,8,6,2,16,0,1,11,10,22,0,9,17,12,38,0,20,20,58
11/22/2008,GRI,NE,ACE,CE,Federal Contract Tower,0,8,1,0,9,0,1,19,11,31,0,9,20,11,40,8,22,30,70
11/23/2008,GRI,NE,ACE,CE,Federal Contract Tower,2,0,4,0,6,0,0,10,3,13,2,0,14,3,19,6,6,12,31
11/24/2008,GRI,NE,ACE,CE,Federal Contract Tower,0,3,10,0,13,0,0,10,2,12,0,3,20,2,25,8,28,36,61
11/25/2008,GRI,NE,ACE,CE,Federal Contract Tower,0,8,11,0,19,0,1,26,4,31,0,9,37,4,50,20,50,70,120
11/26/2008,GRI,NE,ACE,CE,Federal Contract Tower,0,5,10,2,17,0,0,19,0,19,0,5,29,2,36,30,0,30,66
11/27/2008,GRI,NE,ACE,CE,Federal Contract Tower,2,0,1,0,3,0,0,6,0,6,2,0,7,0,9,0,0,0,9
11/28/2008,GRI,NE,ACE,CE,Federal Contract Tower,0,9,1,0,10,0,0,12,0,12,0,9,13,0,22,10,0,10,32
11/29/2008,GRI,NE,ACE,CE,Federal Contract Tower,0,8,4,2,14,0,1,13,2,16,0,9,17,4,30,0,0,0,30
11/30/2008,GRI,NE,ACE,CE,Federal Contract Tower,2,4,7,0,13,0,0,0,0,0,2,4,7,0,13,0,0,0,13
12/01/2008,GRI,NE,ACE,CE,Federal Contract Tower,0,3,9,0,12,0,10,6,0,16,0,13,15,0,28,12,54,66,94
12/02/2008,GRI,NE,ACE,CE,Federal Contract Tower,0,9,14,0,23,0,0,30,9,39,0,9,44,9,62,16,78,94,156
12/03/2008,GRI,NE,ACE,CE,Federal Contract Tower,0,10,5,0,15,0,0,6,6,12,0,10,11,6,27,6,56,62,89
12/04/2008,GRI,NE,ACE,CE,Federal Contract Tower,2,6,18,0,26,0,0,15,6,21,2,6,33,6,47,0,8,8,55
12/05/2008,GRI,NE,ACE,CE,Federal Contract Tower,2,5,6,0,13,0,0,0,0,0,2,5,6,0,13,0,24,24,37
12/06/2008,GRI,NE,ACE,CE,Federal Contract Tower,0,8,3,0,11,0,1,9,2,12,0,9,12,2,23,26,0,26,49
12/07/2008,GRI,NE,ACE,CE,Federal Contract Tower,2,1,1,0,4,0,0,7,0,7,2,1,8,0,11,0,0,0,11
12/08/2008,GRI,NE,ACE,CE,Federal Contract Tower,2,5,8,1,16,0,0,0,1,1,2,5,8,2,17,0,4,4,21
12/09/2008,GRI,NE,ACE,CE,Federal Contract Tower,0,6,4,0,10,0,0,0,2,2,0,6,4,2,12,0,2,2,14
12/10/2008,GRI,NE,ACE,CE,Federal Contract Tower,0,10,4,0,14,0,0,22,4,26,0,10,26,4,40,18,26,44,84
12/11/2008,GRI,NE,ACE,CE,Federal Contract Tower,2,6,10,0,18,0,0,13,13,26,2,6,23,13,44,0,2,2,46
12/12/2008,GRI,NE,ACE,CE,Federal Contract Tower,0,5,5,3,13,0,4,11,10,25,0,9,16,13,38,0,16,16,54
12/13/2008,GRI,NE,ACE,CE,Federal Contract Tower,0,5,6,0,11,0,1,26,2,29,0,6,32,2,40,18,26,44,84
12/14/2008,GRI,NE,ACE,CE,Federal Contract Tower,2,0,1,2,5,0,0,0,0,0,2,0,1,2,5,0,0,0,5
12/15/2008,GRI,NE,ACE,CE,Federal Contract Tower,0,5,12,0,17,0,0,3,0,3,0,5,15,0,20,8,0,8,28
12/16/2008,GRI,NE,ACE,CE,Federal Contract Tower,0,8,8,0,16,0,0,0,0,0,0,8,8,0,16,0,0,0,16
12/17/2008,GRI,NE,ACE,CE,Federal Contract Tower,0,8,4,1,13,0,0,13,1,14,0,8,17,2,27,4,0,4,31
12/18/2008,GRI,NE,ACE,CE,Federal Contract Tower,2,4,0,0,6,0,0,0,0,0,2,4,0,0,6,0,0,0,6
12/19/2008,GRI,NE,ACE,CE,Federal Contract Tower,0,4,11,0,15,0,0,0,0,0,0,4,11,0,15,12,0,12,27
12/20/2008,GRI,NE,ACE,CE,Federal Contract Tower,0,9,14,0,23,0,1,1,2,4,0,10,15,2,27,0,0,0,27
12/21/2008,GRI,NE,ACE,CE,Federal Contract Tower,2,0,4,0,6,0,0,6,0,6,2,0,10,0,12,0,0,0,12
12/22/2008,GRI,NE,ACE,CE,Federal Contract Tower,0,6,10,0,16,0,0,4,0,4,0,6,14,0,20,0,0,0,20
12/23/2008,GRI,NE,ACE,CE,Federal Contract Tower,0,9,8,2,19,0,2,10,3,15,0,11,18,5,34,6,22,28,62
12/24/2008,GRI,NE,ACE,CE,Federal Contract Tower,0,6,2,0,8,0,1,7,0,8,0,7,9,0,16,16,0,16,32
12/25/2008,GRI,NE,ACE,CE,Federal Contract Tower,2,0,2,0,4,0,0,2,0,2,2,0,4,0,6,0,0,0,6
12/26/2008,GRI,NE,ACE,CE,Federal Contract Tower,0,9,6,0,15,0,2,13,0,15,0,11,19,0,30,6,0,6,36
12/27/2008,GRI,NE,ACE,CE,Federal Contract Tower,0,7,13,0,20,0,1,12,0,13,0,8,25,0,33,0,0,0,33
12/28/2008,GRI,NE,ACE,CE,Federal Contract Tower,2,4,8,0,14,0,2,19,0,21,2,6,27,0,35,6,0,6,41
12/29/2008,GRI,NE,ACE,CE,Federal Contract Tower,0,3,6,0,9,0,0,15,2,17,0,3,21,2,26,10,44,54,80
12/30/2008,GRI,NE,ACE,CE,Federal Contract Tower,0,6,4,0,10,0,0,3,0,3,0,6,7,0,13,0,0,0,13
12/31/2008,GRI,NE,ACE,CE,Federal Contract Tower,0,5,2,0,7,0,0,23,2,25,0,5,25,2,32,0,24,24,56
01/01/2009,GRI,NE,ACE,CE,Federal Contract Tower,2,0,2,0,4,0,0,1,0,1,2,0,3,0,5,0,0,0,5
01/02/2009,GRI,NE,ACE,CE,Federal Contract Tower,0,8,1,0,9,0,2,28,0,30,0,10,29,0,39,0,0,0,39
01/03/2009,GRI,NE,ACE,CE,Federal Contract Tower,0,4,0,0,4,0,2,0,0,2,0,6,0,0,6,0,0,0,6
01/04/2009,GRI,NE,ACE,CE,Federal Contract Tower,2,0,4,0,6,0,1,13,0,14,2,1,17,0,20,4,0,4,24
01/05/2009,GRI,NE,ACE,CE,Federal Contract Tower,0,3,14,0,17,0,0,9,0,9,0,3,23,0,26,8,0,8,34
01/06/2009,GRI,NE,ACE,CE,Federal Contract Tower,0,6,11,0,17,0,0,13,6,19,0,6,24,6,36,14,48,62,98
01/07/2009,GRI,NE,ACE,CE,Federal Contract Tower,0,8,5,1,14,0,0,7,12,19,0,8,12,13,33,0,74,74,107
01/08/2009,GRI,NE,ACE,CE,Federal Contract Tower,2,8,4,0,14,0,0,8,2,10,2,8,12,2,24,16,2,18,42
01/09/2009,GRI,NE,ACE,CE,Federal Contract Tower,0,6,6,0,12,0,0,1,2,3,0,6,7,2,15,0,0,0,15
01/10/2009,GRI,NE,ACE,CE,Federal Contract Tower,0,5,7,0,12,0,1,12,10,23,0,6,19,10,35,14,20,34,69
01/11/2009,GRI,NE,ACE,CE,Federal Contract Tower,2,2,7,0,11,0,0,9,7,16,2,2,16,7,27,8,8,16,43
01/12/2009,GRI,NE,ACE,CE,Federal Contract Tower,0,3,11,0,14,0,0,0,0,0,0,3,11,0,14,0,0,0,14
01/13/2009,GRI,NE,ACE,CE,Federal Contract Tower,1,6,8,0,15,0,0,13,6,19,1,6,21,6,34,6,24,30,64
01/14/2009,GRI,NE,ACE,CE,Federal Contract Tower,0,6,4,2,12,0,0,0,4,4,0,6,4,6,16,0,4,4,20
01/15/2009,GRI,NE,ACE,CE,Federal Contract Tower,2,6,20,0,28,0,0,13,4,17,2,6,33,4,45,0,2,2,47
01/16/2009,GRI,NE,ACE,CE,Federal Contract Tower,1,5,8,0,14,0,2,18,1,21,1,7,26,1,35,20,2,22,57
01/17/2009,GRI,NE,ACE,CE,Federal Contract Tower,0,5,1,0,6,0,0,17,1,18,0,5,18,1,24,12,0,12,36
01/18/2009,GRI,NE,ACE,CE,Federal Contract Tower,2,0,2,0,4,0,0,8,0,8,2,0,10,0,12,0,0,0,12
01/19/2009,GRI,NE,ACE,CE,Federal Contract Tower,0,7,11,0,18,0,0,2,0,2,0,7,13,0,20,0,0,0,20
01/20/2009,GRI,NE,ACE,CE,Federal Contract Tower,0,6,10,2,18,0,0,13,7,20,0,6,23,9,38,6,0,6,44
01/21/2009,GRI,NE,ACE,CE,Federal Contract Tower,0,7,7,4,18,0,1,34,8,43,0,8,41,12,61,30,14,44,105
01/22/2009,GRI,NE,ACE,CE,Federal Contract Tower,2,8,13,9,32,0,2,22,17,41,2,10,35,26,73,6,28,34,107
01/23/2009,GRI,NE,ACE,CE,Federal Contract Tower,0,5,5,0,10,0,2,4,2,8,0,7,9,2,18,0,0,0,18
01/24/2009,GRI,NE,ACE,CE,Federal Contract Tower,0,4,2,0,6,0,2,0,11,13,0,6,2,11,19,0,48,48,67
01/25/2009,GRI,NE,ACE,CE,Federal Contract Tower,2,2,0,0,4,0,0,1,19,20,2,2,1,19,24,0,62,62,86
01/26/2009,GRI,NE,ACE,CE,Federal Contract Tower,0,4,8,0,12,0,0,1,0,1,0,4,9,0,13,6,0,6,19
01/27/2009,GRI,NE,ACE,CE,Federal Contract Tower,0,7,2,0,9,0,0,3,8,11,0,7,5,8,20,0,0,0,20
01/28/2009,GRI,NE,ACE,CE,Federal Contract Tower,0,6,1,2,9,0,0,5,12,17,0,6,6,14,26,12,18,30,56
01/29/2009,GRI,NE,ACE,CE,Federal Contract Tower,2,5,5,0,12,0,1,19,22,42,2,6,24,22,54,6,28,34,88
01/30/2009,GRI,NE,ACE,CE,Federal Contract Tower,0,8,4,0,12,0,0,0,0,0,0,8,4,0,12,6,22,28,40
01/31/2009,GRI,NE,ACE,CE,Federal Contract Tower,0,8,6,0,14,0,0,16,0,16,0,8,22,0,30,10,0,10,40
02/01/2009,GRI,NE,ACE,CE,Federal Contract Tower,2,6,0,0,8,0,0,0,0,0,2,6,0,0,8,0,0,0,8
02/02/2009,GRI,NE,ACE,CE,Federal Contract Tower,0,5,10,0,15,0,0,7,0,7,0,5,17,0,22,0,0,0,22
02/03/2009,GRI,NE,ACE,CE,Federal Contract Tower,0,10,8,0,18,0,0,19,4,23,0,10,27,4,41,10,4,14,55
02/04/2009,GRI,NE,ACE,CE,Federal Contract Tower,0,14,17,0,31,0,0,22,9,31,0,14,39,9,62,16,18,34,96
02/05/2009,GRI,NE,ACE,CE,Federal Contract Tower,2,10,12,0,24,0,0,15,12,27,2,10,27,12,51,0,4,4,55
02/06/2009,GRI,NE,ACE,CE,Federal Contract Tower,0,13,4,0,17,0,2,19,8,29,0,15,23,8,46,8,2,10,56
02/07/2009,GRI,NE,ACE,CE,Federal Contract Tower,0,5,5,0,10,0,3,26,17,46,0,8,31,17,56,0,8,8,64
02/08/2009,GRI,NE,ACE,CE,Federal Contract Tower,2,2,8,0,12,0,0,3,0,3,2,2,11,0,15,0,0,0,15
02/09/2009,GRI,NE,ACE,CE,Federal Contract Tower,0,5,10,0,15,0,0,2,0,2,0,5,12,0,17,2,0,2,19
02/10/2009,GRI,NE,ACE,CE,Federal Contract Tower,0,10,3,2,15,0,8,25,7,40,0,18,28,9,55,34,12,46,101
02/11/2009,GRI,NE,ACE,CE,Federal Contract Tower,0,13,4,0,17,0,0,17,6,23,0,13,21,6,40,14,20,34,74
02/12/2009,GRI,NE,ACE,CE,Federal Contract Tower,2,10,7,0,19,0,0,23,3,26,2,10,30,3,45,10,0,10,55
02/13/2009,GRI,NE,ACE,CE,Federal Contract Tower,0,10,1,0,11,0,3,0,0,3,0,13,1,0,14,0,0,0,14
02/14/2009,GRI,NE,ACE,CE,Federal Contract Tower,0,7,5,0,12,0,1,7,0,8,0,8,12,0,20,0,0,0,20
02/15/2009,GRI,NE,ACE,CE,Federal Contract Tower,2,4,2,0,8,0,0,8,0,8,2,4,10,0,16,0,0,0,16
02/16/2009,GRI,NE,ACE,CE,Federal Contract Tower,0,7,7,0,14,0,0,8,0,8,0,7,15,0,22,6,0,6,28
02/17/2009,GRI,NE,ACE,CE,Federal Contract Tower,0,8,8,4,20,0,0,10,7,17,0,8,18,11,37,0,16,16,53
02/18/2009,GRI,NE,ACE,CE,Federal Contract Tower,0,10,7,0,17,0,1,13,5,19,0,11,20,5,36,10,12,22,58
02/19/2009,GRI,NE,ACE,CE,Federal Contract Tower,2,13,3,0,18,0,1,11,13,25,2,14,14,13,43,4,34,38,81
02/20/2009,GRI,NE,ACE,CE,Federal Contract Tower,0,9,5,1,15,0,1,26,9,36,0,10,31,10,51,10,18,28,79
02/21/2009,GRI,NE,ACE,CE,Federal Contract Tower,0,7,2,0,9,0,2,21,2,25,0,9,23,2,34,4,0,4,38
02/22/2009,GRI,NE,ACE,CE,Federal Contract Tower,2,6,5,0,13,0,0,13,0,13,2,6,18,0,26,10,0,10,36
02/23/2009,GRI,NE,ACE,CE,Federal Contract Tower,0,9,6,0,15,0,0,7,0,7,0,9,13,0,22,0,0,0,22
02/24/2009,GRI,NE,ACE,CE,Federal Contract Tower,0,11,7,0,18,0,1,27,6,34,0,12,34,6,52,18,6,24,76
02/25/2009,GRI,NE,ACE,CE,Federal Contract Tower,0,8,15,0,23,0,3,30,9,42,0,11,45,9,65,4,28,32,97
02/26/2009,GRI,NE,ACE,CE,Federal Contract Tower,2,10,5,0,17,0,0,1,0,1,2,10,6,0,18,0,0,0,18
02/27/2009,GRI,NE,ACE,CE,Federal Contract Tower,0,13,9,0,22,0,0,0,14,14,0,13,9,14,36,0,42,42,78
02/28/2009,GRI,NE,ACE,CE,Federal Contract Tower,0,8,7,0,15,0,1,11,0,12,0,9,18,0,27,10,0,10,37
03/01/2009,GRI,NE,ACE,CE,Federal Contract Tower,2,2,0,0,4,0,0,9,0,9,2,2,9,0,13,30,0,30,43
03/02/2009,GRI,NE,ACE,CE,Federal Contract Tower,0,5,8,0,13,0,2,6,0,8,0,7,14,0,21,24,0,24,45
03/03/2009,GRI,NE,ACE,CE,Federal Contract Tower,0,9,4,0,13,0,3,17,7,27,0,12,21,7,40,18,18,36,76
03/04/2009,GRI,NE,ACE,CE,Federal Contract Tower,0,11,13,2,26,0,6,23,0,29,0,17,36,2,55,22,0,22,77
03/05/2009,GRI,NE,ACE,CE,Federal Contract Tower,4,7,6,0,17,0,1,19,6,26,4,8,25,6,43,20,0,20,63
03/06/2009,GRI,NE,ACE,CE,Federal Contract Tower,0,11,8,3,22,0,7,21,8,36,0,18,29,11,58,8,0,8,66
03/07/2009,GRI,NE,ACE,CE,Federal Contract Tower,0,7,0,0,7,0,0,0,0,0,0,7,0,0,7,0,0,0,7
03/08/2009,GRI,NE,ACE,CE,Federal Contract Tower,2,4,10,0,16,0,0,9,4,13,2,4,19,4,29,30,62,92,121
03/09/2009,GRI,NE,ACE,CE,Federal Contract Tower,0,6,11,0,17,0,0,2,0,2,0,6,13,0,19,22,0,22,41
03/10/2009,GRI,NE,ACE,CE,Federal Contract Tower,0,4,12,0,16,0,0,0,3,3,0,4,12,3,19,0,38,38,57
03/11/2009,GRI,NE,ACE,CE,Federal Contract Tower,0,12,14,0,26,0,0,21,6,27,0,12,35,6,53,16,18,34,87
03/12/2009,GRI,NE,ACE,CE,Federal Contract Tower,2,7,15,0,24,0,0,20,11,31,2,7,35,11,55,0,28,28,83
03/13/2009,GRI,NE,ACE,CE,Federal Contract Tower,0,9,4,13,26,0,2,29,6,37,0,11,33,19,63,14,20,34,97
03/14/2009,GRI,NE,ACE,CE,Federal Contract Tower,0,7,4,4,15,0,0,30,0,30,0,7,34,4,45,38,0,38,83
03/15/2009,GRI,NE,ACE,CE,Federal Contract Tower,2,3,4,0,9,0,0,13,0,13,2,3,17,0,22,0,0,0,22
03/16/2009,GRI,NE,ACE,CE,Federal Contract Tower,0,10,5,0,15,0,0,16,2,18,0,10,21,2,33,8,0,8,41
03/17/2009,GRI,NE,ACE,CE,Federal Contract Tower,0,6,5,0,11,0,1,26,13,40,0,7,31,13,51,20,74,94,145
03/18/2009,GRI,NE,ACE,CE,Federal Contract Tower,0,10,7,2,19,0,1,19,18,38,0,11,26,20,57,4,56,60,117
03/19/2009,GRI,NE,ACE,CE,Federal Contract Tower,2,8,9,0,19,0,1,22,16,39,2,9,31,16,58,18,28,46,104
03/20/2009,GRI,NE,ACE,CE,Federal Contract Tower,0,10,3,0,13,0,0,10,7,17,0,10,13,7,30,0,20,20,50
03/21/2009,GRI,NE,ACE,CE,Federal Contract Tower,0,8,5,0,13,0,0,11,3,14,0,8,16,3,27,26,0,26,53
03/22/2009,GRI,NE,ACE,CE,Federal Contract Tower,2,2,6,0,10,0,0,10,0,10,2,2,16,0,20,0,0,0,20
03/23/2009,GRI,NE,ACE,CE,Federal Contract Tower,0,2,4,0,6,0,0,0,0,0,0,2,4,0,6,0,0,0,6
03/24/2009,GRI,NE,ACE,CE,Federal Contract Tower,0,12,9,0,21,0,1,1,0,2,0,13,10,0,23,0,0,0,23
03/25/2009,GRI,NE,ACE,CE,Federal Contract Tower,0,9,8,2,19,0,1,21,9,31,0,10,29,11,50,14,60,74,124
03/26/2009,GRI,NE,ACE,CE,Federal Contract Tower,2,9,10,0,21,0,0,4,3,7,2,9,14,3,28,2,2,4,32
03/27/2009,GRI,NE,ACE,CE,Federal Contract Tower,0,7,13,0,20,0,2,8,5,15,0,9,21,5,35,2,4,6,41
03/28/2009,GRI,NE,ACE,CE,Federal Contract Tower,0,5,5,0,10,0,1,19,0,20,0,6,24,0,30,12,0,12,42
03/29/2009,GRI,NE,ACE,CE,Federal Contract Tower,2,2,7,0,11,0,2,10,0,12,2,4,17,0,23,12,0,12,35
03/30/2009,GRI,NE,ACE,CE,Federal Contract Tower,0,7,3,0,10,0,0,6,2,8,0,7,9,2,18,12,6,18,36
03/31/2009,GRI,NE,ACE,CE,Federal Contract Tower,0,10,6,0,16,0,0,0,0,0,0,10,6,0,16,0,0,0,16
04/01/2009,GRI,NE,ACE,CE,Federal Contract Tower,0,11,12,0,23,0,6,25,8,39,0,17,37,8,62,30,16,46,108
04/02/2009,GRI,NE,ACE,CE,Federal Contract Tower,2,6,11,0,19,0,0,20,6,26,2,6,31,6,45,26,2,28,73
04/03/2009,GRI,NE,ACE,CE,Federal Contract Tower,0,9,8,0,17,0,0,14,6,20,0,9,22,6,37,0,0,0,37
04/04/2009,GRI,NE,ACE,CE,Federal Contract Tower,0,5,0,0,5,0,0,0,0,0,0,5,0,0,5,0,0,0,5
04/05/2009,GRI,NE,ACE,CE,Federal Contract Tower,2,2,2,0,6,0,0,0,0,0,2,2,2,0,6,0,0,0,6
04/06/2009,GRI,NE,ACE,CE,Federal Contract Tower,0,7,6,0,13,0,0,5,0,5,0,7,11,0,18,0,0,0,18
04/07/2009,GRI,NE,ACE,CE,Federal Contract Tower,0,8,17,1,26,0,4,14,4,22,0,12,31,5,48,0,0,0,48
04/08/2009,GRI,NE,ACE,CE,Federal Contract Tower,0,10,9,0,19,0,4,27,8,39,0,14,36,8,58,12,8,20,78
04/09/2009,GRI,NE,ACE,CE,Federal Contract Tower,2,14,4,3,23,0,0,0,0,0,2,14,4,3,23,2,0,2,25
04/10/2009,GRI,NE,ACE,CE,Federal Contract Tower,0,8,5,0,13,0,0,23,0,23,0,8,28,0,36,20,0,20,56
04/11/2009,GRI,NE,ACE,CE,Federal Contract Tower,0,7,3,0,10,0,1,19,0,20,0,8,22,0,30,10,0,10,40
04/12/2009,GRI,NE,ACE,CE,Federal Contract Tower,2,3,3,0,8,0,0,3,0,3,2,3,6,0,11,0,0,0,11
04/13/2009,GRI,NE,ACE,CE,Federal Contract Tower,0,7,2,0,9,0,14,2,0,16,0,21,4,0,25,14,0,14,39
04/14/2009,GRI,NE,ACE,CE,Federal Contract Tower,0,8,15,4,27,0,1,29,9,39,0,9,44,13,66,12,34,46,112
04/15/2009,GRI,NE,ACE,CE,Federal Contract Tower,0,11,14,0,25,0,4,14,5,23,0,15,28,5,48,6,8,14,62
04/16/2009,GRI,NE,ACE,CE,Federal Contract Tower,2,9,9,0,20,0,2,6,0,8,2,11,15,0,28,2,0,2,30
04/17/2009,GRI,NE,ACE,CE,Federal Contract Tower,0,9,2,2,13,0,0,23,6,29,0,9,25,8,42,42,0,42,84
04/18/2009,GRI,NE,ACE,CE,Federal Contract Tower,0,8,3,0,11,0,0,4,5,9,0,8,7,5,20,0,6,6,26
04/19/2009,GRI,NE,ACE,CE,Federal Contract Tower,2,3,4,0,9,0,0,8,6,14,2,3,12,6,23,8,0,8,31
04/20/2009,GRI,NE,ACE,CE,Federal Contract Tower,0,7,15,0,22,0,0,14,0,14,0,7,29,0,36,0,0,0,36
04/21/2009,GRI,NE,ACE,CE,Federal Contract Tower,0,12,12,1,25,0,0,17,9,26,0,12,29,10,51,6,20,26,77
04/22/2009,GRI,NE,ACE,CE,Federal Contract Tower,0,10,4,0,14,0,0,28,6,34,0,10,32,6,48,18,0,18,66
04/23/2009,GRI,NE,ACE,CE,Federal Contract Tower,2,11,4,0,17,0,0,16,11,27,2,11,20,11,44,0,48,48,92
04/24/2009,GRI,NE,ACE,CE,Federal Contract Tower,0,9,0,0,9,0,1,15,4,20,0,10,15,4,29,2,0,2,31
04/25/2009,GRI,NE,ACE,CE,Federal Contract Tower,0,8,0,0,8,0,0,2,0,2,0,8,2,0,10,0,0,0,10
04/26/2009,GRI,NE,ACE,CE,Federal Contract Tower,2,1,3,0,6,0,0,1,0,1,2,1,4,0,7,0,0,0,7
04/27/2009,GRI,NE,ACE,CE,Federal Contract Tower,0,5,5,0,10,0,0,9,6,15,0,5,14,6,25,14,2,16,41
04/28/2009,GRI,NE,ACE,CE,Federal Contract Tower,2,7,15,8,32,0,0,32,1,33,2,7,47,9,65,8,2,10,75
04/29/2009,GRI,NE,ACE,CE,Federal Contract Tower,0,10,15,0,25,0,0,1,0,1,0,10,16,0,26,0,0,0,26
04/30/2009,GRI,NE,ACE,CE,Federal Contract Tower,2,10,14,0,26,0,0,10,0,10,2,10,24,0,36,16,0,16,52
05/01/2009,GRI,NE,ACE,CE,Federal Contract Tower,2,11,7,0,20,0,0,17,2,19,2,11,24,2,39,16,2,18,57
05/02/2009,GRI,NE,ACE,CE,Federal Contract Tower,0,8,6,2,16,0,0,21,0,21,0,8,27,2,37,4,0,4,41
05/03/2009,GRI,NE,ACE,CE,Federal Contract Tower,2,3,6,0,11,0,0,9,0,9,2,3,15,0,20,10,0,10,30
05/04/2009,GRI,NE,ACE,CE,Federal Contract Tower,0,6,6,0,12,0,0,2,2,4,0,6,8,2,16,0,0,0,16
05/05/2009,GRI,NE,ACE,CE,Federal Contract Tower,0,10,4,1,15,0,0,16,1,17,0,10,20,2,32,16,2,18,50
05/06/2009,GRI,NE,ACE,CE,Federal Contract Tower,0,12,10,0,22,0,2,21,0,23,0,14,31,0,45,12,0,12,57
05/07/2009,GRI,NE,ACE,CE,Federal Contract Tower,2,10,5,2,19,0,0,18,8,26,2,10,23,10,45,0,8,8,53
05/08/2009,GRI,NE,ACE,CE,Federal Contract Tower,0,13,2,0,15,0,0,13,6,19,0,13,15,6,34,8,10,18,52
05/09/2009,GRI,NE,ACE,CE,Federal Contract Tower,0,7,11,0,18,0,3,66,2,71,0,10,77,2,89,0,0,0,89
05/10/2009,GRI,NE,ACE,CE,Federal Contract Tower,2,3,6,1,12,0,0,5,1,6,2,3,11,2,18,0,0,0,18
05/11/2009,GRI,NE,ACE,CE,Federal Contract Tower,0,7,6,0,13,0,2,23,0,25,0,9,29,0,38,0,0,0,38
05/12/2009,GRI,NE,ACE,CE,Federal Contract Tower,0,9,10,0,19,0,0,2,0,2,0,9,12,0,21,0,0,0,21
05/13/2009,GRI,NE,ACE,CE,Federal Contract Tower,0,11,12,3,26,0,7,11,3,21,0,18,23,6,47,10,8,18,65
05/14/2009,GRI,NE,ACE,CE,Federal Contract Tower,2,9,13,0,24,0,2,41,11,54,2,11,54,11,78,44,20,64,142
05/15/2009,GRI,NE,ACE,CE,Federal Contract Tower,0,12,4,1,17,0,1,4,3,8,0,13,8,4,25,0,0,0,25
05/16/2009,GRI,NE,ACE,CE,Federal Contract Tower,0,2,9,1,12,0,0,13,0,13,0,2,22,1,25,14,0,14,39
05/17/2009,GRI,NE,ACE,CE,Federal Contract Tower,2,3,1,0,6,0,0,9,6,15,2,3,10,6,21,0,32,32,53
05/18/2009,GRI,NE,ACE,CE,Federal Contract Tower,0,7,6,0,13,0,0,22,4,26,0,7,28,4,39,20,18,38,77
05/19/2009,GRI,NE,ACE,CE,Federal Contract Tower,2,9,6,0,17,0,1,19,5,25,2,10,25,5,42,0,0,0,42
05/20/2009,GRI,NE,ACE,CE,Federal Contract Tower,0,12,9,0,21,0,0,8,10,18,0,12,17,10,39,0,26,26,65
05/21/2009,GRI,NE,ACE,CE,Federal Contract Tower,2,11,8,0,21,0,2,25,3,30,2,13,33,3,51,16,2,18,69
05/22/2009,GRI,NE,ACE,CE,Federal Contract Tower,0,12,10,0,22,0,0,21,1,22,0,12,31,1,44,12,0,12,56
05/23/2009,GRI,NE,ACE,CE,Federal Contract Tower,0,8,3,0,11,0,0,12,0,12,0,8,15,0,23,12,0,12,35
05/24/2009,GRI,NE,ACE,CE,Federal Contract Tower,2,3,2,0,7,0,0,0,0,0,2,3,2,0,7,0,0,0,7
05/25/2009,GRI,NE,ACE,CE,Federal Contract Tower,0,4,8,0,12,0,0,7,3,10,0,4,15,3,22,18,0,18,40
05/26/2009,GRI,NE,ACE,CE,Federal Contract Tower,0,7,11,0,18,0,0,3,0,3,0,7,14,0,21,0,0,0,21
05/27/2009,GRI,NE,ACE,CE,Federal Contract Tower,0,10,13,2,25,0,0,11,0,11,0,10,24,2,36,6,0,6,42
05/28/2009,GRI,NE,ACE,CE,Federal Contract Tower,2,8,16,11,37,0,0,17,9,26,2,8,33,20,63,0,12,12,75
05/29/2009,GRI,NE,ACE,CE,Federal Contract Tower,0,11,10,0,21,0,10,11,0,21,0,21,21,0,42,0,46,46,88
05/30/2009,GRI,NE,ACE,CE,Federal Contract Tower,0,8,1,0,9,0,0,21,7,28,0,8,22,7,37,8,38,46,83
05/31/2009,GRI,NE,ACE,CE,Federal Contract Tower,2,3,1,4,10,0,0,31,4,35,2,3,32,8,45,2,2,4,49
06/01/2009,GRI,NE,ACE,CE,Federal Contract Tower,0,7,5,0,12,0,0,8,8,16,0,7,13,8,28,0,4,4,32
06/02/2009,GRI,NE,ACE,CE,Federal Contract Tower,0,11,14,0,25,0,0,2,6,8,0,11,16,6,33,6,16,22,55
06/03/2009,GRI,NE,ACE,CE,Federal Contract Tower,0,11,11,0,22,0,1,27,5,33,0,12,38,5,55,0,6,6,61
06/04/2009,GRI,NE,ACE,CE,Federal Contract Tower,2,9,10,14,35,0,1,14,6,21,2,10,24,20,56,8,8,16,72
06/05/2009,GRI,NE,ACE,CE,Federal Contract Tower,0,12,6,1,19,0,0,17,4,21,0,12,23,5,40,0,4,4,44
06/06/2009,GRI,NE,ACE,CE,Federal Contract Tower,0,5,4,0,9,0,0,3,0,3,0,5,7,0,12,0,0,0,12
06/07/2009,GRI,NE,ACE,CE,Federal Contract Tower,2,4,6,0,12,0,0,0,0,0,2,4,6,0,12,0,0,0,12
06/08/2009,GRI,NE,ACE,CE,Federal Contract Tower,0,7,9,0,16,0,0,1,0,1,0,7,10,0,17,0,0,0,17
06/09/2009,GRI,NE,ACE,CE,Federal Contract Tower,0,8,13,0,21,0,0,3,1,4,0,8,16,1,25,8,0,8,33
06/10/2009,GRI,NE,ACE,CE,Federal Contract Tower,0,10,12,0,22,0,0,2,2,4,0,10,14,2,26,10,28,38,64
06/11/2009,GRI,NE,ACE,CE,Federal Contract Tower,2,10,3,2,17,0,0,0,0,0,2,10,3,2,17,0,0,0,17
06/12/2009,GRI,NE,ACE,CE,Federal Contract Tower,0,8,13,0,21,0,1,1,0,2,0,9,14,0,23,0,0,0,23
06/13/2009,GRI,NE,ACE,CE,Federal Contract Tower,0,8,9,0,17,0,0,21,0,21,0,8,30,0,38,20,0,20,58
06/14/2009,GRI,NE,ACE,CE,Federal Contract Tower,2,3,4,0,9,0,2,11,0,13,2,5,15,0,22,12,0,12,34
06/15/2009,GRI,NE,ACE,CE,Federal Contract Tower,0,7,9,0,16,0,2,1,0,3,0,9,10,0,19,2,0,2,21
06/16/2009,GRI,NE,ACE,CE,Federal Contract Tower,0,9,7,0,16,0,1,14,2,17,0,10,21,2,33,0,0,0,33
06/17/2009,GRI,NE,ACE,CE,Federal Contract Tower,0,12,13,0,25,0,2,16,6,24,0,14,29,6,49,8,20,28,77
06/18/2009,GRI,NE,ACE,CE,Federal Contract Tower,2,12,4,2,20,0,2,11,0,13,2,14,15,2,33,4,0,4,37
06/19/2009,GRI,NE,ACE,CE,Federal Contract Tower,0,12,8,0,20,0,0,18,7,25,0,12,26,7,45,16,34,50,95
06/20/2009,GRI,NE,ACE,CE,Federal Contract Tower,0,8,12,0,20,0,0,13,4,17,0,8,25,4,37,0,2,2,39
06/21/2009,GRI,NE,ACE,CE,Federal Contract Tower,2,7,7,0,16,0,0,6,0,6,2,7,13,0,22,0,0,0,22
06/22/2009,GRI,NE,ACE,CE,Federal Contract Tower,0,7,2,0,9,0,0,6,0,6,0,7,8,0,15,8,0,8,23
06/23/2009,GRI,NE,ACE,CE,Federal Contract Tower,0,8,12,2,22,0,0,7,3,10,0,8,19,5,32,0,10,10,42
06/24/2009,GRI,NE,ACE,CE,Federal Contract Tower,0,14,18,4,36,0,0,18,2,20,0,14,36,6,56,8,8,16,72
06/25/2009,GRI,NE,ACE,CE,Federal Contract Tower,2,8,8,0,18,0,0,18,10,28,2,8,26,10,46,0,2,2,48
06/26/2009,GRI,NE,ACE,CE,Federal Contract Tower,0,11,10,0,21,0,0,9,3,12,0,11,19,3,33,2,4,6,39
06/27/2009,GRI,NE,ACE,CE,Federal Contract Tower,0,8,4,0,12,0,0,12,0,12,0,8,16,0,24,8,0,8,32
06/28/2009,GRI,NE,ACE,CE,Federal Contract Tower,2,4,6,0,12,0,0,17,0,17,2,4,23,0,29,4,0,4,33
06/29/2009,GRI,NE,ACE,CE,Federal Contract Tower,0,7,2,0,9,0,0,12,0,12,0,7,14,0,21,6,0,6,27
06/30/2009,GRI,NE,ACE,CE,Federal Contract Tower,0,8,8,0,16,0,0,12,0,12,0,8,20,0,28,8,0,8,36
07/01/2009,GRI,NE,ACE,CE,Federal Contract Tower,0,15,10,0,25,0,0,28,7,35,0,15,38,7,60,18,14,32,92
07/02/2009,GRI,NE,ACE,CE,Federal Contract Tower,1,10,16,1,28,0,0,16,1,17,1,10,32,2,45,8,0,8,53
07/03/2009,GRI,NE,ACE,CE,Federal Contract Tower,0,10,8,0,18,0,0,6,0,6,0,10,14,0,24,0,0,0,24
07/04/2009,GRI,NE,ACE,CE,Federal Contract Tower,0,2,4,0,6,0,0,2,2,4,0,2,6,2,10,0,0,0,10
07/05/2009,GRI,NE,ACE,CE,Federal Contract Tower,0,5,5,0,10,0,0,16,0,16,0,5,21,0,26,0,0,0,26
07/06/2009,GRI,NE,ACE,CE,Federal Contract Tower,1,7,8,0,16,0,0,11,0,11,1,7,19,0,27,0,0,0,27
07/07/2009,GRI,NE,ACE,CE,Federal Contract Tower,0,10,12,7,29,0,0,32,1,33,0,10,44,8,62,10,10,20,82
07/08/2009,GRI,NE,ACE,CE,Federal Contract Tower,0,9,7,2,18,0,2,24,5,31,0,11,31,7,49,0,6,6,55
07/09/2009,GRI,NE,ACE,CE,Federal Contract Tower,2,14,11,3,30,0,0,17,1,18,2,14,28,4,48,6,0,6,54
07/10/2009,GRI,NE,ACE,CE,Federal Contract Tower,0,8,12,1,21,0,0,9,3,12,0,8,21,4,33,12,4,16,49
07/11/2009,GRI,NE,ACE,CE,Federal Contract Tower,0,8,2,0,10,0,1,11,11,23,0,9,13,11,33,0,12,12,45
07/12/2009,GRI,NE,ACE,CE,Federal Contract Tower,2,3,2,3,10,0,0,5,0,5,2,3,7,3,15,0,10,10,25
07/13/2009,GRI,NE,ACE,CE,Federal Contract Tower,0,5,7,0,12,0,0,3,2,5,0,5,10,2,17,0,0,0,17
07/14/2009,GRI,NE,ACE,CE,Federal Contract Tower,0,10,9,0,19,0,0,9,4,13,0,10,18,4,32,0,6,6,38
07/15/2009,GRI,NE,ACE,CE,Federal Contract Tower,0,11,16,0,27,0,1,32,2,35,0,12,48,2,62,0,4,4,66
07/16/2009,GRI,NE,ACE,CE,Federal Contract Tower,2,9,7,3,21,0,0,9,0,9,2,9,16,3,30,0,2,2,32
07/17/2009,GRI,NE,ACE,CE,Federal Contract Tower,0,12,4,0,16,0,0,27,5,32,0,12,31,5,48,16,0,16,64
07/18/2009,GRI,NE,ACE,CE,Federal Contract Tower,0,5,5,0,10,0,2,21,5,28,0,7,26,5,38,10,0,10,48
07/19/2009,GRI,NE,ACE,CE,Federal Contract Tower,2,2,2,2,8,0,2,8,0,10,2,4,10,2,18,2,0,2,20
07/20/2009,GRI,NE,ACE,CE,Federal Contract Tower,0,7,11,0,18,0,0,8,0,8,0,7,19,0,26,8,0,8,34
07/21/2009,GRI,NE,ACE,CE,Federal Contract Tower,0,10,11,3,24,0,2,16,5,23,0,12,27,8,47,4,8,12,59
07/22/2009,GRI,NE,ACE,CE,Federal Contract Tower,0,10,5,0,15,0,0,23,6,29,0,10,28,6,44,8,12,20,64
07/23/2009,GRI,NE,ACE,CE,Federal Contract Tower,2,10,4,0,16,0,0,14,5,19,2,10,18,5,35,8,0,8,43
07/24/2009,GRI,NE,ACE,CE,Federal Contract Tower,0,8,7,0,15,0,0,37,5,42,0,8,44,5,57,10,0,10,67
07/25/2009,GRI,NE,ACE,CE,Federal Contract Tower,0,6,4,0,10,0,2,30,2,34,0,8,34,2,44,20,0,20,64
07/26/2009,GRI,NE,ACE,CE,Federal Contract Tower,2,7,4,0,13,0,0,22,0,22,2,7,26,0,35,12,0,12,47
07/27/2009,GRI,NE,ACE,CE,Federal Contract Tower,0,7,4,0,11,0,0,10,2,12,0,7,14,2,23,10,2,12,35
07/28/2009,GRI,NE,ACE,CE,Federal Contract Tower,0,8,17,0,25,0,4,13,3,20,0,12,30,3,45,14,48,62,107
07/29/2009,GRI,NE,ACE,CE,Federal Contract Tower,0,9,16,2,27,0,1,17,11,29,0,10,33,13,56,0,8,8,64
07/30/2009,GRI,NE,ACE,CE,Federal Contract Tower,2,7,8,0,17,0,0,20,21,41,2,7,28,21,58,0,18,18,76
07/31/2009,GRI,NE,ACE,CE,Federal Contract Tower,0,11,17,3,31,0,0,32,3,35,0,11,49,6,66,8,6,14,80
08/01/2009,GRI,NE,ACE,CE,Federal Contract Tower,0,9,9,0,18,0,1,29,5,35,0,10,38,5,53,4,0,4,57
08/02/2009,GRI,NE,ACE,CE,Federal Contract Tower,2,5,9,0,16,0,0,19,2,21,2,5,28,2,37,6,0,6,43
08/03/2009,GRI,NE,ACE,CE,Federal Contract Tower,0,9,3,1,13,0,0,15,3,18,0,9,18,4,31,0,4,4,35
08/04/2009,GRI,NE,ACE,CE,Federal Contract Tower,0,10,21,0,31,0,0,28,3,31,0,10,49,3,62,14,0,14,76
08/05/2009,GRI,NE,ACE,CE,Federal Contract Tower,0,16,12,1,29,0,0,13,8,21,0,16,25,9,50,22,12,34,84
08/06/2009,GRI,NE,ACE,CE,Federal Contract Tower,1,14,10,0,25,0,1,15,8,24,1,15,25,8,49,34,2,36,85
08/07/2009,GRI,NE,ACE,CE,Federal Contract Tower,0,10,5,0,15,0,0,8,0,8,0,10,13,0,23,4,0,4,27
08/08/2009,GRI,NE,ACE,CE,Federal Contract Tower,0,9,5,0,14,0,1,8,1,10,0,10,13,1,24,0,0,0,24
08/09/2009,GRI,NE,ACE,CE,Federal Contract Tower,2,3,6,2,13,0,0,12,0,12,2,3,18,2,25,0,0,0,25
08/10/2009,GRI,NE,ACE,CE,Federal Contract Tower,0,7,4,0,11,0,0,20,2,22,0,7,24,2,33,2,0,2,35
08/11/2009,GRI,NE,ACE,CE,Federal Contract Tower,0,11,9,0,20,0,0,30,5,35,0,11,39,5,55,8,2,10,65
08/12/2009,GRI,NE,ACE,CE,Federal Contract Tower,0,10,12,0,22,0,0,34,7,41,0,10,46,7,63,12,2,14,77
08/13/2009,GRI,NE,ACE,CE,Federal Contract Tower,4,15,5,2,26,0,3,21,6,30,4,18,26,8,56,10,0,10,66
08/14/2009,GRI,NE,ACE,CE,Federal Contract Tower,0,12,9,3,24,0,2,13,5,20,0,14,22,8,44,4,2,6,50
08/15/2009,GRI,NE,ACE,CE,Federal Contract Tower,0,8,5,0,13,0,0,9,2,11,0,8,14,2,24,8,4,12,36
08/16/2009,GRI,NE,ACE,CE,Federal Contract Tower,2,3,9,0,14,0,0,19,0,19,2,3,28,0,33,0,0,0,33
08/17/2009,GRI,NE,ACE,CE,Federal Contract Tower,0,8,9,2,19,0,0,14,6,20,0,8,23,8,39,4,2,6,45
08/18/2009,GRI,NE,ACE,CE,Federal Contract Tower,0,10,7,0,17,0,0,18,4,22,0,10,25,4,39,2,6,8,47
08/19/2009,GRI,NE,ACE,CE,Federal Contract Tower,0,11,13,0,24,0,1,19,8,28,0,12,32,8,52,12,42,54,106
08/20/2009,GRI,NE,ACE,CE,Federal Contract Tower,2,10,6,1,19,0,0,23,7,30,2,10,29,8,49,12,0,12,61
08/21/2009,GRI,NE,ACE,CE,Federal Contract Tower,0,13,9,0,22,0,0,25,7,32,0,13,34,7,54,42,18,60,114
08/22/2009,GRI,NE,ACE,CE,Federal Contract Tower,0,10,4,0,14,0,0,27,2,29,0,10,31,2,43,18,12,30,73
08/23/2009,GRI,NE,ACE,CE,Federal Contract Tower,1,3,9,0,13,0,0,18,10,28,1,3,27,10,41,20,0,20,61
08/24/2009,GRI,NE,ACE,CE,Federal Contract Tower,0,7,7,0,14,0,0,21,1,22,0,7,28,1,36,14,2,16,52
08/25/2009,GRI,NE,ACE,CE,Federal Contract Tower,0,10,8,2,20,0,2,17,4,23,0,12,25,6,43,8,4,12,55
08/26/2009,GRI,NE,ACE,CE,Federal Contract Tower,0,14,19,4,37,0,0,2,1,3,0,14,21,5,40,18,4,22,62
08/27/2009,GRI,NE,ACE,CE,Federal Contract Tower,2,13,18,5,38,0,0,10,18,28,2,13,28,23,66,12,58,70,136
08/28/2009,GRI,NE,ACE,CE,Federal Contract Tower,0,9,4,1,14,0,0,29,13,42,0,9,33,14,56,24,16,40,96
08/29/2009,GRI,NE,ACE,CE,Federal Contract Tower,0,8,2,1,11,0,0,14,1,15,0,8,16,2,26,0,0,0,26
08/30/2009,GRI,NE,ACE,CE,Federal Contract Tower,2,3,2,0,7,0,0,16,1,17,2,3,18,1,24,4,0,4,28
08/31/2009,GRI,NE,ACE,CE,Federal Contract Tower,0,9,12,0,21,0,0,22,0,22,0,9,34,0,43,10,0,10,53
09/01/2009,GRI,NE,ACE,CE,Federal Contract Tower,0,10,8,2,20,0,0,11,2,13,0,10,19,4,33,4,0,4,37
09/02/2009,GRI,NE,ACE,CE,Federal Contract Tower,0,14,11,0,25,0,0,14,13,27,0,14,25,13,52,20,16,36,88
09/03/2009,GRI,NE,ACE,CE,Federal Contract Tower,2,17,16,4,39,0,0,2,2,4,2,17,18,6,43,6,0,6,49
09/04/2009,GRI,NE,ACE,CE,Federal Contract Tower,0,9,15,0,24,0,0,17,0,17,0,9,32,0,41,18,0,18,59
09/05/2009,GRI,NE,ACE,CE,Federal Contract Tower,0,7,5,0,12,0,0,2,0,2,0,7,7,0,14,0,0,0,14
09/06/2009,GRI,NE,ACE,CE,Federal Contract Tower,2,4,0,0,6,0,0,10,0,10,2,4,10,0,16,0,0,0,16
09/07/2009,GRI,NE,ACE,CE,Federal Contract Tower,0,6,4,0,10,0,0,10,0,10,0,6,14,0,20,8,0,8,28
09/08/2009,GRI,NE,ACE,CE,Federal Contract Tower,0,9,7,2,18,0,1,4,8,13,0,10,11,10,31,8,10,18,49
09/09/2009,GRI,NE,ACE,CE,Federal Contract Tower,0,10,20,7,37,0,0,8,9,17,0,10,28,16,54,0,2,2,56
09/10/2009,GRI,NE,ACE,CE,Federal Contract Tower,1,8,8,6,23,0,0,3,6,9,1,8,11,12,32,0,6,6,38
09/11/2009,GRI,NE,ACE,CE,Federal Contract Tower,0,17,9,0,26,0,0,6,5,11,0,17,15,5,37,0,14,14,51
09/12/2009,GRI,NE,ACE,CE,Federal Contract Tower,0,8,7,8,23,0,0,16,13,29,0,8,23,21,52,4,18,22,74
09/13/2009,GRI,NE,ACE,CE,Federal Contract Tower,1,3,7,0,11,0,0,10,6,16,1,3,17,6,27,0,0,0,27
09/14/2009,GRI,NE,ACE,CE,Federal Contract Tower,0,7,14,0,21,0,0,14,0,14,0,7,28,0,35,4,0,4,39
09/15/2009,GRI,NE,ACE,CE,Federal Contract Tower,0,14,21,0,35,0,0,36,8,44,0,14,57,8,79,0,26,26,105
09/16/2009,GRI,NE,ACE,CE,Federal Contract Tower,0,11,15,4,30,0,1,53,7,61,0,12,68,11,91,12,2,14,105
09/17/2009,GRI,NE,ACE,CE,Federal Contract Tower,1,12,16,4,33,0,1,28,8,37,1,13,44,12,70,0,46,46,116
09/18/2009,GRI,NE,ACE,CE,Federal Contract Tower,0,11,5,1,17,0,0,11,14,25,0,11,16,15,42,0,20,20,62
09/19/2009,GRI,NE,ACE,CE,Federal Contract Tower,0,8,7,1,16,0,0,15,3,18,0,8,22,4,34,18,0,18,52
09/20/2009,GRI,NE,ACE,CE,Federal Contract Tower,1,2,4,0,7,0,0,7,0,7,1,2,11,0,14,2,0,2,16
09/21/2009,GRI,NE,ACE,CE,Federal Contract Tower,0,9,13,0,22,0,0,0,0,0,0,9,13,0,22,0,0,0,22
09/22/2009,GRI,NE,ACE,CE,Federal Contract Tower,0,8,8,1,17,0,0,0,3,3,0,8,8,4,20,0,0,0,20
09/23/2009,GRI,NE,ACE,CE,Federal Contract Tower,0,7,12,1,20,0,1,16,19,36,0,8,28,20,56,46,26,72,128
09/24/2009,GRI,NE,ACE,CE,Federal Contract Tower,1,10,10,2,23,0,0,11,8,19,1,10,21,10,42,10,18,28,70
09/25/2009,GRI,NE,ACE,CE,Federal Contract Tower,0,8,13,0,21,0,1,12,3,16,0,9,25,3,37,14,0,14,51
09/26/2009,GRI,NE,ACE,CE,Federal Contract Tower,0,8,3,0,11,0,2,20,0,22,0,10,23,0,33,2,0,2,35
09/27/2009,GRI,NE,ACE,CE,Federal Contract Tower,2,2,9,0,13,0,0,6,0,6,2,2,15,0,19,0,0,0,19
09/28/2009,GRI,NE,ACE,CE,Federal Contract Tower,0,7,3,2,12,0,0,3,0,3,0,7,6,2,15,4,0,4,19
09/29/2009,GRI,NE,ACE,CE,Federal Contract Tower,0,7,10,0,17,0,2,37,4,43,0,9,47,4,60,8,0,8,68
09/30/2009,GRI,NE,ACE,CE,Federal Contract Tower,0,14,8,3,25,0,0,14,4,18,0,14,22,7,43,0,0,0,43
10/01/2009,GRI,NE,ACE,CE,Federal Contract Tower,1,9,6,0,16,0,0,2,0,2,1,9,8,0,18,0,0,0,18
10/02/2009,GRI,NE,ACE,CE,Federal Contract Tower,0,18,5,0,23,0,0,2,0,2,0,18,7,0,25,2,0,2,27
10/03/2009,GRI,NE,ACE,CE,Federal Contract Tower,0,8,5,0,13,0,0,24,10,34,0,8,29,10,47,36,0,36,83
10/04/2009,GRI,NE,ACE,CE,Federal Contract Tower,1,6,12,2,21,0,0,15,0,15,1,6,27,2,36,14,0,14,50
10/05/2009,GRI,NE,ACE,CE,Federal Contract Tower,0,9,7,0,16,0,0,1,0,1,0,9,8,0,17,0,0,0,17
10/06/2009,GRI,NE,ACE,CE,Federal Contract Tower,0,8,7,0,15,0,0,2,15,17,0,8,9,15,32,0,0,0,32
10/07/2009,GRI,NE,ACE,CE,Federal Contract Tower,0,14,17,0,31,0,0,18,6,24,0,14,35,6,55,2,4,6,61
10/08/2009,GRI,NE,ACE,CE,Federal Contract Tower,1,9,4,0,14,0,0,4,9,13,1,9,8,9,27,0,8,8,35
10/09/2009,GRI,NE,ACE,CE,Federal Contract Tower,0,13,7,0,20,0,0,24,0,24,0,13,31,0,44,22,6,28,72
10/10/2009,GRI,NE,ACE,CE,Federal Contract Tower,0,6,1,0,7,0,2,0,0,2,0,8,1,0,9,0,0,0,9
10/11/2009,GRI,NE,ACE,CE,Federal Contract Tower,1,5,1,0,7,0,0,7,0,7,1,5,8,0,14,0,0,0,14
10/12/2009,GRI,NE,ACE,CE,Federal Contract Tower,0,7,4,0,11,0,0,2,0,2,0,7,6,0,13,10,0,10,23
10/13/2009,GRI,NE,ACE,CE,Federal Contract Tower,0,7,15,2,24,0,1,0,6,7,0,8,15,8,31,0,10,10,41
10/14/2009,GRI,NE,ACE,CE,Federal Contract Tower,2,13,10,0,25,0,0,0,0,0,2,13,10,0,25,0,0,0,25
10/15/2009,GRI,NE,ACE,CE,Federal Contract Tower,1,11,13,9,34,0,1,4,9,14,1,12,17,18,48,0,0,0,48
10/16/2009,GRI,NE,ACE,CE,Federal Contract Tower,0,10,14,3,27,0,0,22,5,27,0,10,36,8,54,10,0,10,64
10/17/2009,GRI,NE,ACE,CE,Federal Contract Tower,2,9,3,0,14,0,0,26,6,32,2,9,29,6,46,38,0,38,84
10/18/2009,GRI,NE,ACE,CE,Federal Contract Tower,2,4,3,0,9,0,0,17,2,19,2,4,20,2,28,14,0,14,42
10/19/2009,GRI,NE,ACE,CE,Federal Contract Tower,0,7,8,0,15,0,0,14,0,14,0,7,22,0,29,26,0,26,55
10/20/2009,GRI,NE,ACE,CE,Federal Contract Tower,0,17,16,3,36,0,0,0,0,0,0,17,16,3,36,0,0,0,36
10/21/2009,GRI,NE,ACE,CE,Federal Contract Tower,2,10,5,2,19,0,0,0,1,1,2,10,5,3,20,0,4,4,24
10/22/2009,GRI,NE,ACE,CE,Federal Contract Tower,1,10,8,3,22,0,0,0,0,0,1,10,8,3,22,0,0,0,22
10/23/2009,GRI,NE,ACE,CE,Federal Contract Tower,0,11,12,0,23,0,0,13,8,21,0,11,25,8,44,8,18,26,70
10/24/2009,GRI,NE,ACE,CE,Federal Contract Tower,2,8,4,0,14,0,0,12,0,12,2,8,16,0,26,0,0,0,26
10/25/2009,GRI,NE,ACE,CE,Federal Contract Tower,1,3,3,0,7,0,0,8,0,8,1,3,11,0,15,0,0,0,15
10/26/2009,GRI,NE,ACE,CE,Federal Contract Tower,0,10,9,0,19,0,0,14,0,14,0,10,23,0,33,18,0,18,51
10/27/2009,GRI,NE,ACE,CE,Federal Contract Tower,0,12,11,2,25,0,1,14,6,21,0,13,25,8,46,0,2,2,48
10/28/2009,GRI,NE,ACE,CE,Federal Contract Tower,2,11,12,1,26,0,0,0,7,7,2,11,12,8,33,0,4,4,37
10/29/2009,GRI,NE,ACE,CE,Federal Contract Tower,1,11,12,0,24,0,0,0,2,2,1,11,12,2,26,0,0,0,26
10/30/2009,GRI,NE,ACE,CE,Federal Contract Tower,0,18,12,2,32,0,0,1,2,3,0,18,13,4,35,10,8,18,53
10/31/2009,GRI,NE,ACE,CE,Federal Contract Tower,2,7,2,0,11,0,0,10,0,10,2,7,12,0,21,0,0,0,21
11/01/2009,GRI,NE,ACE,CE,Federal Contract Tower,1,2,1,0,4,0,0,15,0,15,1,2,16,0,19,24,0,24,43
11/02/2009,GRI,NE,ACE,CE,Federal Contract Tower,0,7,9,0,16,0,7,11,1,19,0,14,20,1,35,8,0,8,43
11/03/2009,GRI,NE,ACE,CE,Federal Contract Tower,0,10,9,1,20,0,0,13,0,13,0,10,22,1,33,12,0,12,45
11/04/2009,GRI,NE,ACE,CE,Federal Contract Tower,2,12,10,0,24,0,0,24,13,37,2,12,34,13,61,8,14,22,83
11/05/2009,GRI,NE,ACE,CE,Federal Contract Tower,1,12,4,0,17,0,0,23,12,35,1,12,27,12,52,24,2,26,78
11/06/2009,GRI,NE,ACE,CE,Federal Contract Tower,0,12,7,0,19,0,0,18,6,24,0,12,25,6,43,0,0,0,43
11/07/2009,GRI,NE,ACE,CE,Federal Contract Tower,2,9,7,0,18,0,0,28,0,28,2,9,35,0,46,8,0,8,54
11/08/2009,GRI,NE,ACE,CE,Federal Contract Tower,2,4,6,0,12,0,0,20,1,21,2,4,26,1,33,6,0,6,39
11/09/2009,GRI,NE,ACE,CE,Federal Contract Tower,0,7,10,0,17,0,0,22,1,23,0,7,32,1,40,18,0,18,58
11/10/2009,GRI,NE,ACE,CE,Federal Contract Tower,0,8,10,0,18,0,0,22,3,25,0,8,32,3,43,12,0,12,55
11/11/2009,GRI,NE,ACE,CE,Federal Contract Tower,2,7,9,0,18,0,1,8,0,9,2,8,17,0,27,10,0,10,37
11/12/2009,GRI,NE,ACE,CE,Federal Contract Tower,4,10,7,8,29,0,0,5,9,14,4,10,12,17,43,0,0,0,43
11/13/2009,GRI,NE,ACE,CE,Federal Contract Tower,2,11,8,1,22,0,0,1,4,5,2,11,9,5,27,0,6,6,33
11/14/2009,GRI,NE,ACE,CE,Federal Contract Tower,4,10,8,0,22,0,0,9,9,18,4,10,17,9,40,8,16,24,64
11/15/2009,GRI,NE,ACE,CE,Federal Contract Tower,1,3,2,0,6,0,0,3,0,3,1,3,5,0,9,0,0,0,9
11/16/2009,GRI,NE,ACE,CE,Federal Contract Tower,2,7,3,0,12,0,0,6,0,6,2,7,9,0,18,16,0,16,34
11/17/2009,GRI,NE,ACE,CE,Federal Contract Tower,0,10,6,3,19,0,0,14,6,20,0,10,20,9,39,2,32,34,73
11/18/2009,GRI,NE,ACE,CE,Federal Contract Tower,2,11,12,1,26,0,1,15,10,26,2,12,27,11,52,4,12,16,68
11/19/2009,GRI,NE,ACE,CE,Federal Contract Tower,4,10,6,2,22,0,0,15,12,27,4,10,21,14,49,12,20,32,81
11/20/2009,GRI,NE,ACE,CE,Federal Contract Tower,1,9,10,1,21,0,0,27,16,43,1,9,37,17,64,12,34,46,110
11/21/2009,GRI,NE,ACE,CE,Federal Contract Tower,2,8,11,0,21,0,0,34,0,34,2,8,45,0,55,0,0,0,55
11/22/2009,GRI,NE,ACE,CE,Federal Contract Tower,3,5,2,0,10,0,0,0,0,0,3,5,2,0,10,0,0,0,10
11/23/2009,GRI,NE,ACE,CE,Federal Contract Tower,0,7,7,0,14,0,0,0,0,0,0,7,7,0,14,0,0,0,14
11/24/2009,GRI,NE,ACE,CE,Federal Contract Tower,0,11,7,4,22,0,7,14,14,35,0,18,21,18,57,0,40,40,97
11/25/2009,GRI,NE,ACE,CE,Federal Contract Tower,1,9,9,0,19,0,1,12,3,16,1,10,21,3,35,22,0,22,57
11/26/2009,GRI,NE,ACE,CE,Federal Contract Tower,2,6,3,0,11,0,1,16,0,17,2,7,19,0,28,4,0,4,32
11/27/2009,GRI,NE,ACE,CE,Federal Contract Tower,0,12,2,0,14,0,0,8,0,8,0,12,10,0,22,12,0,12,34
11/28/2009,GRI,NE,ACE,CE,Federal Contract Tower,0,8,3,0,11,0,3,16,0,19,0,11,19,0,30,38,0,38,68
11/29/2009,GRI,NE,ACE,CE,Federal Contract Tower,3,6,6,0,15,0,0,17,0,17,3,6,23,0,32,10,0,10,42
11/30/2009,GRI,NE,ACE,CE,Federal Contract Tower,0,7,6,4,17,0,0,9,3,12,0,7,15,7,29,0,4,4,33
12/01/2009,GRI,NE,ACE,CE,Federal Contract Tower,0,12,7,1,20,0,0,22,8,30,0,12,29,9,50,6,22,28,78
12/02/2009,GRI,NE,ACE,CE,Federal Contract Tower,2,12,15,0,29,0,0,7,8,15,2,12,22,8,44,6,8,14,58
12/03/2009,GRI,NE,ACE,CE,Federal Contract Tower,2,10,8,0,20,0,2,3,1,6,2,12,11,1,26,0,0,0,26
12/04/2009,GRI,NE,ACE,CE,Federal Contract Tower,0,10,13,1,24,0,0,29,15,44,0,10,42,16,68,28,0,28,96
12/05/2009,GRI,NE,ACE,CE,Federal Contract Tower,2,8,4,0,14,0,0,19,2,21,2,8,23,2,35,22,0,22,57
12/06/2009,GRI,NE,ACE,CE,Federal Contract Tower,1,3,3,2,9,0,0,0,3,3,1,3,3,5,12,0,8,8,20
12/07/2009,GRI,NE,ACE,CE,Federal Contract Tower,1,6,6,0,13,0,0,6,0,6,1,6,12,0,19,20,0,20,39
12/08/2009,GRI,NE,ACE,CE,Federal Contract Tower,0,5,2,0,7,0,0,0,0,0,0,5,2,0,7,0,0,0,7
12/09/2009,GRI,NE,ACE,CE,Federal Contract Tower,4,8,15,0,27,0,0,1,2,3,4,8,16,2,30,0,10,10,40
12/10/2009,GRI,NE,ACE,CE,Federal Contract Tower,2,16,9,0,27,0,0,4,12,16,2,16,13,12,43,2,16,18,61
12/11/2009,GRI,NE,ACE,CE,Federal Contract Tower,0,12,5,7,24,0,0,9,5,14,0,12,14,12,38,10,2,12,50
12/12/2009,GRI,NE,ACE,CE,Federal Contract Tower,4,8,6,0,18,0,0,4,0,4,4,8,10,0,22,10,0,10,32
12/13/2009,GRI,NE,ACE,CE,Federal Contract Tower,2,2,1,0,5,0,0,0,0,0,2,2,1,0,5,0,0,0,5
12/14/2009,GRI,NE,ACE,CE,Federal Contract Tower,0,8,13,2,23,0,0,3,2,5,0,8,16,4,28,0,10,10,38
12/15/2009,GRI,NE,ACE,CE,Federal Contract Tower,0,15,13,0,28,0,2,4,6,12,0,17,17,6,40,0,12,12,52
12/16/2009,GRI,NE,ACE,CE,Federal Contract Tower,2,12,6,7,27,0,0,14,10,24,2,12,20,17,51,10,16,26,77
12/17/2009,GRI,NE,ACE,CE,Federal Contract Tower,2,11,7,1,21,0,0,14,18,32,2,11,21,19,53,12,4,16,69
12/18/2009,GRI,NE,ACE,CE,Federal Contract Tower,0,12,9,2,23,0,0,5,3,8,0,12,14,5,31,0,0,0,31
12/19/2009,GRI,NE,ACE,CE,Federal Contract Tower,0,9,6,0,15,0,0,5,0,5,0,9,11,0,20,0,0,0,20
12/20/2009,GRI,NE,ACE,CE,Federal Contract Tower,1,3,5,0,9,0,0,13,0,13,1,3,18,0,22,22,0,22,44
12/21/2009,GRI,NE,ACE,CE,Federal Contract Tower,2,10,15,0,27,0,0,8,4,12,2,10,23,4,39,4,0,4,43
12/22/2009,GRI,NE,ACE,CE,Federal Contract Tower,0,10,2,1,13,0,0,0,0,0,0,10,2,1,13,0,0,0,13
12/23/2009,GRI,NE,ACE,CE,Federal Contract Tower,3,8,2,0,13,0,0,0,0,0,3,8,2,0,13,0,0,0,13
12/24/2009,GRI,NE,ACE,CE,Federal Contract Tower,0,11,0,0,11,0,0,0,0,0,0,11,0,0,11,0,0,0,11
12/25/2009,GRI,NE,ACE,CE,Federal Contract Tower,0,1,0,0,1,0,0,0,0,0,0,1,0,0,1,0,0,0,1
12/26/2009,GRI,NE,ACE,CE,Federal Contract Tower,0,5,0,0,5,0,0,0,0,0,0,5,0,0,5,0,0,0,5
12/27/2009,GRI,NE,ACE,CE,Federal Contract Tower,3,3,4,0,10,0,0,0,0,0,3,3,4,0,10,0,0,0,10
12/28/2009,GRI,NE,ACE,CE,Federal Contract Tower,0,10,6,0,16,0,0,7,0,7,0,10,13,0,23,2,0,2,25
12/29/2009,GRI,NE,ACE,CE,Federal Contract Tower,2,14,10,0,26,0,0,0,0,0,2,14,10,0,26,0,0,0,26
12/30/2009,GRI,NE,ACE,CE,Federal Contract Tower,2,11,1,2,16,0,0,6,7,13,2,11,7,9,29,18,4,22,51
12/31/2009,GRI,NE,ACE,CE,Federal Contract Tower,0,13,3,2,18,0,0,16,0,16,0,13,19,2,34,22,0,22,56
01/01/2010,GRI,NE,ACE,CE,Federal Contract Tower,2,5,0,0,7,0,0,1,0,1,2,5,1,0,8,0,0,0,8
01/02/2010,GRI,NE,ACE,CE,Federal Contract Tower,0,8,5,0,13,0,0,0,0,0,0,8,5,0,13,0,0,0,13
01/03/2010,GRI,NE,ACE,CE,Federal Contract Tower,2,3,6,0,11,0,0,0,0,0,2,3,6,0,11,0,0,0,11
01/04/2010,GRI,NE,ACE,CE,Federal Contract Tower,0,9,4,0,13,0,0,1,4,5,0,9,5,4,18,0,0,0,18
01/05/2010,GRI,NE,ACE,CE,Federal Contract Tower,0,11,9,6,26,0,0,0,0,0,0,11,9,6,26,0,4,4,30
01/06/2010,GRI,NE,ACE,CE,Federal Contract Tower,2,12,5,0,19,0,0,0,0,0,2,12,5,0,19,0,0,0,19
01/07/2010,GRI,NE,ACE,CE,Federal Contract Tower,1,12,2,0,15,0,0,2,0,2,1,12,4,0,17,0,0,0,17
01/08/2010,GRI,NE,ACE,CE,Federal Contract Tower,0,14,4,2,20,0,0,4,11,15,0,14,8,13,35,0,6,6,41
01/09/2010,GRI,NE,ACE,CE,Federal Contract Tower,2,8,6,0,16,0,1,8,16,25,2,9,14,16,41,0,26,26,67
01/10/2010,GRI,NE,ACE,CE,Federal Contract Tower,1,3,1,4,9,0,0,15,10,25,1,3,16,14,34,16,16,32,66
01/11/2010,GRI,NE,ACE,CE,Federal Contract Tower,0,5,14,0,19,0,0,10,0,10,0,5,24,0,29,10,0,10,39
01/12/2010,GRI,NE,ACE,CE,Federal Contract Tower,0,13,27,4,44,0,0,2,8,10,0,13,29,12,54,0,0,0,54
01/13/2010,GRI,NE,ACE,CE,Federal Contract Tower,2,10,11,3,26,0,0,11,12,23,2,10,22,15,49,10,14,24,73
01/14/2010,GRI,NE,ACE,CE,Federal Contract Tower,2,13,12,0,27,0,0,20,4,24,2,13,32,4,51,28,6,34,85
01/15/2010,GRI,NE,ACE,CE,Federal Contract Tower,0,11,7,2,20,0,1,11,0,12,0,12,18,2,32,20,2,22,54
01/16/2010,GRI,NE,ACE,CE,Federal Contract Tower,2,9,6,0,17,0,0,16,0,16,2,9,22,0,33,4,0,4,37
01/17/2010,GRI,NE,ACE,CE,Federal Contract Tower,2,5,5,0,12,0,0,12,0,12,2,5,17,0,24,14,0,14,38
01/18/2010,GRI,NE,ACE,CE,Federal Contract Tower,0,2,5,0,7,0,0,0,0,0,0,2,5,0,7,0,0,0,7
01/19/2010,GRI,NE,ACE,CE,Federal Contract Tower,0,7,6,0,13,0,0,0,0,0,0,7,6,0,13,0,0,0,13
01/20/2010,GRI,NE,ACE,CE,Federal Contract Tower,2,11,3,0,16,0,0,0,0,0,2,11,3,0,16,0,0,0,16
01/21/2010,GRI,NE,ACE,CE,Federal Contract Tower,0,13,6,0,19,0,0,0,0,0,0,13,6,0,19,0,0,0,19
01/22/2010,GRI,NE,ACE,CE,Federal Contract Tower,0,2,0,0,2,0,0,0,0,0,0,2,0,0,2,0,0,0,2
01/23/2010,GRI,NE,ACE,CE,Federal Contract Tower,2,7,6,0,15,0,0,2,0,2,2,7,8,0,17,6,0,6,23
01/24/2010,GRI,NE,ACE,CE,Federal Contract Tower,1,3,4,0,8,0,0,0,0,0,1,3,4,0,8,0,0,0,8
01/25/2010,GRI,NE,ACE,CE,Federal Contract Tower,0,8,8,0,16,0,0,0,0,0,0,8,8,0,16,0,0,0,16
01/26/2010,GRI,NE,ACE,CE,Federal Contract Tower,0,11,12,4,27,0,0,16,9,25,0,11,28,13,52,6,10,16,68
01/27/2010,GRI,NE,ACE,CE,Federal Contract Tower,2,15,6,0,23,0,0,9,10,19,2,15,15,10,42,14,22,36,78
01/28/2010,GRI,NE,ACE,CE,Federal Contract Tower,1,17,19,1,38,0,0,5,24,29,1,17,24,25,67,0,16,16,83
01/29/2010,GRI,NE,ACE,CE,Federal Contract Tower,0,10,3,4,17,0,0,11,3,14,0,10,14,7,31,12,12,24,55
01/30/2010,GRI,NE,ACE,CE,Federal Contract Tower,2,10,5,0,17,0,1,17,0,18,2,11,22,0,35,34,0,34,69
01/31/2010,GRI,NE,ACE,CE,Federal Contract Tower,1,3,2,0,6,0,0,10,0,10,1,3,12,0,16,36,0,36,52
02/01/2010,GRI,NE,ACE,CE,Federal Contract Tower,0,8,3,0,11,0,0,2,0,2,0,8,5,0,13,10,0,10,23
02/02/2010,GRI,NE,ACE,CE,Federal Contract Tower,0,12,11,0,23,0,0,17,12,29,0,12,28,12,52,14,18,32,84
02/03/2010,GRI,NE,ACE,CE,Federal Contract Tower,2,11,20,4,37,0,0,2,11,13,2,11,22,15,50,0,32,32,82
02/04/2010,GRI,NE,ACE,CE,Federal Contract Tower,0,11,1,0,12,0,0,0,0,0,0,11,1,0,12,0,0,0,12
02/05/2010,GRI,NE,ACE,CE,Federal Contract Tower,0,9,7,0,16,0,0,0,0,0,0,9,7,0,16,0,0,0,16
02/06/2010,GRI,NE,ACE,CE,Federal Contract Tower,2,9,1,0,12,0,0,0,0,0,2,9,1,0,12,0,0,0,12
02/07/2010,GRI,NE,ACE,CE,Federal Contract Tower,1,3,0,2,6,0,0,0,0,0,1,3,0,2,6,0,0,0,6
02/08/2010,GRI,NE,ACE,CE,Federal Contract Tower,0,10,5,0,15,0,0,2,0,2,0,10,7,0,17,2,0,2,19
02/09/2010,GRI,NE,ACE,CE,Federal Contract Tower,0,13,6,2,21,0,1,10,15,26,0,14,16,17,47,8,24,32,79
02/10/2010,GRI,NE,ACE,CE,Federal Contract Tower,2,15,10,0,27,0,0,16,6,22,2,15,26,6,49,18,2,20,69
02/11/2010,GRI,NE,ACE,CE,Federal Contract Tower,1,14,12,2,29,0,0,13,20,33,1,14,25,22,62,6,12,18,80
02/12/2010,GRI,NE,ACE,CE,Federal Contract Tower,0,13,9,0,22,0,0,4,0,4,0,13,13,0,26,6,0,6,32
02/13/2010,GRI,NE,ACE,CE,Federal Contract Tower,2,9,0,0,11,0,0,3,0,3,2,9,3,0,14,0,0,0,14
02/14/2010,GRI,NE,ACE,CE,Federal Contract Tower,1,4,0,0,5,0,0,1,0,1,1,4,1,0,6,0,0,0,6
02/15/2010,GRI,NE,ACE,CE,Federal Contract Tower,0,9,2,0,11,0,0,7,0,7,0,9,9,0,18,12,0,12,30
02/16/2010,GRI,NE,ACE,CE,Federal Contract Tower,0,11,13,2,26,0,1,18,14,33,0,12,31,16,59,6,14,20,79
02/17/2010,GRI,NE,ACE,CE,Federal Contract Tower,2,13,10,5,30,0,0,35,15,50,2,13,45,20,80,16,0,16,96
02/18/2010,GRI,NE,ACE,CE,Federal Contract Tower,1,14,8,0,23,0,0,8,7,15,1,14,16,7,38,10,2,12,50
02/19/2010,GRI,NE,ACE,CE,Federal Contract Tower,0,14,5,0,19,0,0,3,4,7,0,14,8,4,26,0,20,20,46
02/20/2010,GRI,NE,ACE,CE,Federal Contract Tower,2,9,4,4,19,0,0,0,0,0,2,9,4,4,19,0,4,4,23
02/21/2010,GRI,NE,ACE,CE,Federal Contract Tower,0,3,4,0,7,0,0,0,0,0,0,3,4,0,7,0,0,0,7
02/22/2010,GRI,NE,ACE,CE,Federal Contract Tower,2,7,10,0,19,0,0,2,2,4,2,7,12,2,23,0,0,0,23
02/23/2010,GRI,NE,ACE,CE,Federal Contract Tower,0,11,2,0,13,0,0,2,5,7,0,11,4,5,20,0,2,2,22
02/24/2010,GRI,NE,ACE,CE,Federal Contract Tower,2,11,9,0,22,0,0,17,7,24,2,11,26,7,46,22,2,24,70
02/25/2010,GRI,NE,ACE,CE,Federal Contract Tower,3,11,16,0,30,0,0,5,8,13,3,11,21,8,43,8,0,8,51
02/26/2010,GRI,NE,ACE,CE,Federal Contract Tower,0,12,3,0,15,0,0,12,5,17,0,12,15,5,32,8,2,10,42
02/27/2010,GRI,NE,ACE,CE,Federal Contract Tower,2,9,4,0,15,0,0,2,0,2,2,9,6,0,17,0,0,0,17
02/28/2010,GRI,NE,ACE,CE,Federal Contract Tower,1,6,1,0,8,0,0,0,0,0,1,6,1,0,8,0,0,0,8
03/01/2010,GRI,NE,ACE,CE,Federal Contract Tower,0,8,3,0,11,0,0,6,0,6,0,8,9,0,17,6,0,6,23
03/02/2010,GRI,NE,ACE,CE,Federal Contract Tower,0,13,16,1,30,0,0,8,6,14,0,13,24,7,44,10,10,20,64
03/03/2010,GRI,NE,ACE,CE,Federal Contract Tower,2,15,5,0,22,0,0,15,6,21,2,15,20,6,43,14,6,20,63
03/04/2010,GRI,NE,ACE,CE,Federal Contract Tower,2,10,5,1,18,0,1,18,8,27,2,11,23,9,45,10,4,14,59
03/05/2010,GRI,NE,ACE,CE,Federal Contract Tower,0,10,9,0,19,0,0,2,8,10,0,10,11,8,29,0,8,8,37
03/06/2010,GRI,NE,ACE,CE,Federal Contract Tower,2,9,8,1,20,0,0,5,12,17,2,9,13,13,37,0,2,2,39
03/07/2010,GRI,NE,ACE,CE,Federal Contract Tower,1,4,0,4,9,0,0,2,0,2,1,4,2,4,11,0,14,14,25
03/08/2010,GRI,NE,ACE,CE,Federal Contract Tower,0,9,0,0,9,0,0,0,0,0,0,9,0,0,9,0,0,0,9
03/09/2010,GRI,NE,ACE,CE,Federal Contract Tower,0,12,12,0,24,0,0,0,0,0,0,12,12,0,24,0,0,0,24
03/10/2010,GRI,NE,ACE,CE,Federal Contract Tower,2,14,6,5,27,0,0,0,0,0,2,14,6,5,27,0,24,24,51
03/11/2010,GRI,NE,ACE,CE,Federal Contract Tower,1,12,8,0,21,0,0,0,2,2,1,12,8,2,23,0,0,0,23
03/12/2010,GRI,NE,ACE,CE,Federal Contract Tower,0,12,7,0,19,0,0,0,1,1,0,12,7,1,20,0,0,0,20
03/13/2010,GRI,NE,ACE,CE,Federal Contract Tower,2,7,3,0,12,0,0,5,0,5,2,7,8,0,17,6,0,6,23
03/14/2010,GRI,NE,ACE,CE,Federal Contract Tower,0,3,2,0,5,0,0,0,0,0,0,3,2,0,5,0,0,0,5
03/15/2010,GRI,NE,ACE,CE,Federal Contract Tower,0,7,7,4,18,0,0,4,2,6,0,7,11,6,24,8,0,8,32
03/16/2010,GRI,NE,ACE,CE,Federal Contract Tower,0,12,14,2,28,0,0,5,5,10,0,12,19,7,38,6,2,8,46
03/17/2010,GRI,NE,ACE,CE,Federal Contract Tower,2,14,10,2,28,0,0,10,5,15,2,14,20,7,43,12,22,34,77
03/18/2010,GRI,NE,ACE,CE,Federal Contract Tower,0,10,6,0,16,0,0,18,24,42,0,10,24,24,58,8,20,28,86
03/19/2010,GRI,NE,ACE,CE,Federal Contract Tower,0,11,5,4,20,0,0,0,0,0,0,11,5,4,20,0,0,0,20
03/20/2010,GRI,NE,ACE,CE,Federal Contract Tower,2,8,3,0,13,0,1,4,3,8,2,9,7,3,21,0,2,2,23
03/21/2010,GRI,NE,ACE,CE,Federal Contract Tower,2,3,6,0,11,0,0,19,0,19,2,3,25,0,30,28,0,28,58
03/22/2010,GRI,NE,ACE,CE,Federal Contract Tower,2,11,7,0,20,0,0,22,0,22,2,11,29,0,42,30,0,30,72
03/23/2010,GRI,NE,ACE,CE,Federal Contract Tower,0,15,20,0,35,0,0,9,2,11,0,15,29,2,46,0,0,0,46
03/24/2010,GRI,NE,ACE,CE,Federal Contract Tower,2,10,18,0,30,0,0,9,8,17,2,10,27,8,47,12,6,18,65
03/25/2010,GRI,NE,ACE,CE,Federal Contract Tower,2,18,5,0,25,0,0,20,14,34,2,18,25,14,59,12,0,12,71
03/26/2010,GRI,NE,ACE,CE,Federal Contract Tower,1,13,1,0,15,0,0,18,9,27,1,13,19,9,42,16,0,16,58
03/27/2010,GRI,NE,ACE,CE,Federal Contract Tower,2,8,2,0,12,0,1,2,3,6,2,9,4,3,18,0,10,10,28
03/28/2010,GRI,NE,ACE,CE,Federal Contract Tower,3,3,6,0,12,0,0,17,0,17,3,3,23,0,29,14,0,14,43
03/29/2010,GRI,NE,ACE,CE,Federal Contract Tower,1,10,4,0,15,0,0,24,0,24,1,10,28,0,39,8,0,8,47
03/30/2010,GRI,NE,ACE,CE,Federal Contract Tower,0,11,12,1,24,0,0,24,11,35,0,11,36,12,59,8,8,16,75
03/31/2010,GRI,NE,ACE,CE,Federal Contract Tower,2,13,6,1,22,0,0,18,12,30,2,13,24,13,52,0,4,4,56
04/01/2010,GRI,NE,ACE,CE,Federal Contract Tower,1,13,10,2,26,0,0,21,14,35,1,13,31,16,61,8,16,24,85
04/02/2010,GRI,NE,ACE,CE,Federal Contract Tower,0,10,4,6,20,0,1,1,2,4,0,11,5,8,24,0,2,2,26
04/03/2010,GRI,NE,ACE,CE,Federal Contract Tower,2,7,5,0,14,0,0,22,0,22,2,7,27,0,36,10,0,10,46
04/04/2010,GRI,NE,ACE,CE,Federal Contract Tower,1,3,6,0,10,0,0,16,0,16,1,3,22,0,26,2,0,2,28
04/05/2010,GRI,NE,ACE,CE,Federal Contract Tower,0,8,12,0,20,0,0,20,2,22,0,8,32,2,42,12,0,12,54
04/06/2010,GRI,NE,ACE,CE,Federal Contract Tower,0,13,11,2,26,0,0,0,0,0,0,13,11,2,26,0,0,0,26
04/07/2010,GRI,NE,ACE,CE,Federal Contract Tower,2,17,3,2,24,0,0,7,0,7,2,17,10,2,31,6,0,6,37
04/08/2010,GRI,NE,ACE,CE,Federal Contract Tower,2,11,6,2,21,0,0,19,13,32,2,11,25,15,53,12,2,14,67
04/09/2010,GRI,NE,ACE,CE,Federal Contract Tower,0,11,10,2,23,0,0,25,11,36,0,11,35,13,59,0,0,0,59
04/10/2010,GRI,NE,ACE,CE,Federal Contract Tower,2,8,3,0,13,0,0,18,4,22,2,8,21,4,35,8,0,8,43
04/11/2010,GRI,NE,ACE,CE,Federal Contract Tower,1,5,1,0,7,0,0,25,1,26,1,5,26,1,33,20,0,20,53
04/12/2010,GRI,NE,ACE,CE,Federal Contract Tower,0,10,4,0,14,0,0,8,0,8,0,10,12,0,22,6,0,6,28
04/13/2010,GRI,NE,ACE,CE,Federal Contract Tower,0,11,16,0,27,0,0,6,2,8,0,11,22,2,35,0,0,0,35
04/14/2010,GRI,NE,ACE,CE,Federal Contract Tower,2,12,18,1,33,0,0,8,7,15,2,12,26,8,48,4,10,14,62
04/15/2010,GRI,NE,ACE,CE,Federal Contract Tower,2,14,21,0,37,0,0,17,8,25,2,14,38,8,62,0,0,0,62
04/16/2010,GRI,NE,ACE,CE,Federal Contract Tower,0,12,6,1,19,0,0,10,7,17,0,12,16,8,36,4,6,10,46
04/17/2010,GRI,NE,ACE,CE,Federal Contract Tower,2,8,4,0,14,0,0,19,6,25,2,8,23,6,39,6,4,10,49
04/18/2010,GRI,NE,ACE,CE,Federal Contract Tower,2,3,12,0,17,0,0,11,8,19,2,3,23,8,36,4,0,4,40
04/19/2010,GRI,NE,ACE,CE,Federal Contract Tower,0,8,8,0,16,0,0,6,0,6,0,8,14,0,22,0,0,0,22
04/20/2010,GRI,NE,ACE,CE,Federal Contract Tower,0,13,7,2,22,0,1,12,0,13,0,14,19,2,35,6,0,6,41
04/21/2010,GRI,NE,ACE,CE,Federal Contract Tower,2,11,18,2,33,0,0,4,8,12,2,11,22,10,45,0,2,2,47
04/22/2010,GRI,NE,ACE,CE,Federal Contract Tower,1,8,6,0,15,0,0,0,1,1,1,8,6,1,16,0,0,0,16
04/23/2010,GRI,NE,ACE,CE,Federal Contract Tower,0,16,9,0,25,0,1,0,0,1,0,17,9,0,26,0,0,0,26
04/24/2010,GRI,NE,ACE,CE,Federal Contract Tower,2,9,5,0,16,0,0,3,0,3,2,9,8,0,19,0,0,0,19
04/25/2010,GRI,NE,ACE,CE,Federal Contract Tower,1,3,8,0,12,0,4,10,0,14,1,7,18,0,26,4,0,4,30
04/26/2010,GRI,NE,ACE,CE,Federal Contract Tower,0,8,3,0,11,0,0,4,1,5,0,8,7,1,16,0,0,0,16
04/27/2010,GRI,NE,ACE,CE,Federal Contract Tower,0,10,4,0,14,0,1,19,3,23,0,11,23,3,37,4,0,4,41
04/28/2010,GRI,NE,ACE,CE,Federal Contract Tower,2,13,10,0,25,0,0,7,3,10,2,13,17,3,35,6,0,6,41
04/29/2010,GRI,NE,ACE,CE,Federal Contract Tower,1,11,6,3,21,0,0,11,7,18,1,11,17,10,39,0,0,0,39
04/30/2010,GRI,NE,ACE,CE,Federal Contract Tower,0,12,6,0,18,0,0,11,8,19,0,12,17,8,37,2,0,2,39
05/01/2010,GRI,NE,ACE,CE,Federal Contract Tower,2,8,6,0,16,0,0,7,0,7,2,8,13,0,23,2,0,2,25
05/02/2010,GRI,NE,ACE,CE,Federal Contract Tower,0,3,2,0,5,0,0,6,0,6,0,3,8,0,11,2,0,2,13
05/03/2010,GRI,NE,ACE,CE,Federal Contract Tower,0,8,8,0,16,0,4,7,0,11,0,12,15,0,27,12,0,12,39
05/04/2010,GRI,NE,ACE,CE,Federal Contract Tower,0,11,7,0,18,0,0,17,8,25,0,11,24,8,43,2,2,4,47
05/05/2010,GRI,NE,ACE,CE,Federal Contract Tower,2,19,8,4,33,0,1,18,2,21,2,20,26,6,54,10,0,10,64
05/06/2010,GRI,NE,ACE,CE,Federal Contract Tower,1,14,16,0,31,0,0,4,6,10,1,14,20,6,41,0,4,4,45
05/07/2010,GRI,NE,ACE,CE,Federal Contract Tower,0,13,13,0,26,0,0,2,0,2,0,13,15,0,28,0,0,0,28
05/08/2010,GRI,NE,ACE,CE,Federal Contract Tower,2,8,7,0,17,0,0,23,6,29,2,8,30,6,46,2,0,2,48
05/09/2010,GRI,NE,ACE,CE,Federal Contract Tower,1,3,7,0,11,0,0,2,0,2,1,3,9,0,13,0,0,0,13
05/10/2010,GRI,NE,ACE,CE,Federal Contract Tower,0,7,8,0,15,0,0,0,0,0,0,7,8,0,15,0,0,0,15
05/11/2010,GRI,NE,ACE,CE,Federal Contract Tower,2,11,15,0,28,0,0,4,6,10,2,11,19,6,38,0,2,2,40
05/12/2010,GRI,NE,ACE,CE,Federal Contract Tower,2,11,16,5,34,0,0,0,0,0,2,11,16,5,34,0,0,0,34
05/13/2010,GRI,NE,ACE,CE,Federal Contract Tower,2,15,7,3,27,0,0,9,8,17,2,15,16,11,44,8,24,32,76
05/14/2010,GRI,NE,ACE,CE,Federal Contract Tower,0,15,12,0,27,0,0,36,8,44,0,15,48,8,71,42,8,50,121
05/15/2010,GRI,NE,ACE,CE,Federal Contract Tower,2,8,7,1,18,0,2,6,2,10,2,10,13,3,28,0,0,0,28
05/16/2010,GRI,NE,ACE,CE,Federal Contract Tower,2,3,3,0,8,0,0,1,0,1,2,3,4,0,9,0,0,0,9
05/17/2010,GRI,NE,ACE,CE,Federal Contract Tower,0,6,14,0,20,0,0,15,2,17,0,6,29,2,37,0,0,0,37
05/18/2010,GRI,NE,ACE,CE,Federal Contract Tower,0,14,10,0,24,0,2,9,0,11,0,16,19,0,35,0,0,0,35
05/19/2010,GRI,NE,ACE,CE,Federal Contract Tower,2,11,11,0,24,0,0,2,1,3,2,11,13,1,27,0,0,0,27
05/20/2010,GRI,NE,ACE,CE,Federal Contract Tower,2,14,12,4,32,0,0,0,0,0,2,14,12,4,32,0,0,0,32
05/21/2010,GRI,NE,ACE,CE,Federal Contract Tower,0,12,5,4,21,0,0,4,6,10,0,12,9,10,31,8,0,8,39
05/22/2010,GRI,NE,ACE,CE,Federal Contract Tower,2,9,2,0,13,0,0,2,0,2,2,9,4,0,15,0,0,0,15
05/23/2010,GRI,NE,ACE,CE,Federal Contract Tower,2,3,7,2,14,0,0,2,0,2,2,3,9,2,16,0,0,0,16
05/24/2010,GRI,NE,ACE,CE,Federal Contract Tower,0,7,9,2,18,0,0,0,0,0,0,7,9,2,18,0,0,0,18
05/25/2010,GRI,NE,ACE,CE,Federal Contract Tower,2,12,23,0,37,0,0,10,7,17,2,12,33,7,54,4,6,10,64
05/26/2010,GRI,NE,ACE,CE,Federal Contract Tower,2,9,9,2,22,0,0,11,3,14,2,9,20,5,36,4,2,6,42
05/27/2010,GRI,NE,ACE,CE,Federal Contract Tower,2,14,10,0,26,0,0,22,10,32,2,14,32,10,58,0,16,16,74
05/28/2010,GRI,NE,ACE,CE,Federal Contract Tower,2,15,11,0,28,0,0,20,0,20,2,15,31,0,48,8,0,8,56
05/29/2010,GRI,NE,ACE,CE,Federal Contract Tower,2,8,5,0,15,0,0,4,0,4,2,8,9,0,19,0,0,0,19
05/30/2010,GRI,NE,ACE,CE,Federal Contract Tower,2,3,6,0,11,0,2,5,0,7,2,5,11,0,18,0,0,0,18
05/31/2010,GRI,NE,ACE,CE,Federal Contract Tower,0,5,6,0,11,0,0,18,2,20,0,5,24,2,31,10,2,12,43
06/01/2010,GRI,NE,ACE,CE,Federal Contract Tower,0,8,10,0,18,0,1,7,0,8,0,9,17,0,26,2,0,2,28
06/02/2010,GRI,NE,ACE,CE,Federal Contract Tower,2,12,8,2,24,0,0,5,1,6,2,12,13,3,30,6,2,8,38
06/03/2010,GRI,NE,ACE,CE,Federal Contract Tower,1,11,5,0,17,0,0,7,8,15,1,11,12,8,32,16,12,28,60
06/04/2010,GRI,NE,ACE,CE,Federal Contract Tower,0,12,11,0,23,0,0,14,9,23,0,12,25,9,46,0,2,2,48
06/05/2010,GRI,NE,ACE,CE,Federal Contract Tower,2,8,5,0,15,0,0,14,2,16,2,8,19,2,31,12,0,12,43
06/06/2010,GRI,NE,ACE,CE,Federal Contract Tower,2,7,4,0,13,0,0,27,0,27,2,7,31,0,40,0,0,0,40
06/07/2010,GRI,NE,ACE,CE,Federal Contract Tower,0,8,2,0,10,0,0,3,2,5,0,8,5,2,15,0,0,0,15
06/08/2010,GRI,NE,ACE,CE,Federal Contract Tower,0,11,11,0,22,0,0,10,6,16,0,11,21,6,38,0,0,0,38
06/09/2010,GRI,NE,ACE,CE,Federal Contract Tower,2,9,14,2,27,0,0,18,4,22,2,9,32,6,49,6,4,10,59
06/10/2010,GRI,NE,ACE,CE,Federal Contract Tower,2,13,9,1,25,0,0,6,2,8,2,13,15,3,33,2,0,2,35
06/11/2010,GRI,NE,ACE,CE,Federal Contract Tower,0,14,2,0,16,0,0,6,1,7,0,14,8,1,23,8,0,8,31
06/12/2010,GRI,NE,ACE,CE,Federal Contract Tower,2,9,3,1,15,0,0,22,4,26,2,9,25,5,41,16,0,16,57
06/13/2010,GRI,NE,ACE,CE,Federal Contract Tower,2,5,7,0,14,0,0,0,2,2,2,5,7,2,16,0,0,0,16
06/14/2010,GRI,NE,ACE,CE,Federal Contract Tower,0,8,7,4,19,0,0,12,0,12,0,8,19,4,31,0,0,0,31
06/15/2010,GRI,NE,ACE,CE,Federal Contract Tower,0,15,13,0,28,0,0,26,1,27,0,15,39,1,55,16,2,18,73
06/16/2010,GRI,NE,ACE,CE,Federal Contract Tower,2,15,22,0,39,0,0,22,0,22,2,15,44,0,61,8,0,8,69
06/17/2010,GRI,NE,ACE,CE,Federal Contract Tower,1,15,11,2,29,0,0,16,5,21,1,15,27,7,50,4,2,6,56
06/18/2010,GRI,NE,ACE,CE,Federal Contract Tower,0,12,6,3,21,0,0,22,2,24,0,12,28,5,45,14,8,22,67
06/19/2010,GRI,NE,ACE,CE,Federal Contract Tower,2,8,6,0,16,0,0,6,0,6,2,8,12,0,22,0,0,0,22
06/20/2010,GRI,NE,ACE,CE,Federal Contract Tower,2,5,10,0,17,0,0,5,0,5,2,5,15,0,22,0,0,0,22
06/21/2010,GRI,NE,ACE,CE,Federal Contract Tower,0,8,8,0,16,0,0,13,0,13,0,8,21,0,29,2,0,2,31
06/22/2010,GRI,NE,ACE,CE,Federal Contract Tower,0,13,8,0,21,0,1,12,1,14,0,14,20,1,35,0,0,0,35
06/23/2010,GRI,NE,ACE,CE,Federal Contract Tower,2,11,10,4,27,0,0,13,6,19,2,11,23,10,46,4,8,12,58
06/24/2010,GRI,NE,ACE,CE,Federal Contract Tower,0,13,8,1,22,0,0,31,4,35,0,13,39,5,57,20,6,26,83
06/25/2010,GRI,NE,ACE,CE,Federal Contract Tower,2,12,9,2,25,0,0,22,2,24,2,12,31,4,49,0,8,8,57
06/26/2010,GRI,NE,ACE,CE,Federal Contract Tower,2,8,6,0,16,0,0,12,3,15,2,8,18,3,31,4,0,4,35
06/27/2010,GRI,NE,ACE,CE,Federal Contract Tower,2,4,8,0,14,0,0,18,4,22,2,4,26,4,36,4,0,4,40
06/28/2010,GRI,NE,ACE,CE,Federal Contract Tower,2,8,11,2,23,0,0,20,0,20,2,8,31,2,43,14,0,14,57
06/29/2010,GRI,NE,ACE,CE,Federal Contract Tower,0,13,17,2,32,0,0,34,1,35,0,13,51,3,67,0,0,0,67
06/30/2010,GRI,NE,ACE,CE,Federal Contract Tower,2,13,15,0,30,0,1,15,7,23,2,14,30,7,53,0,14,14,67
07/01/2010,GRI,NE,ACE,CE,Federal Contract Tower,1,11,11,1,24,0,0,26,9,35,1,11,37,10,59,10,0,10,69
07/02/2010,GRI,NE,ACE,CE,Federal Contract Tower,2,12,17,2,33,0,0,13,1,14,2,12,30,3,47,0,6,6,53
07/03/2010,GRI,NE,ACE,CE,Federal Contract Tower,2,8,8,0,18,0,0,12,0,12,2,8,20,0,30,4,12,16,46
07/04/2010,GRI,NE,ACE,CE,Federal Contract Tower,2,3,3,0,8,0,0,3,0,3,2,3,6,0,11,0,0,0,11
07/05/2010,GRI,NE,ACE,CE,Federal Contract Tower,2,3,10,0,15,0,0,9,0,9,2,3,19,0,24,6,0,6,30
07/06/2010,GRI,NE,ACE,CE,Federal Contract Tower,0,9,9,0,18,0,0,20,2,22,0,9,29,2,40,6,4,10,50
07/07/2010,GRI,NE,ACE,CE,Federal Contract Tower,2,15,7,5,29,0,0,6,5,11,2,15,13,10,40,6,8,14,54
07/08/2010,GRI,NE,ACE,CE,Federal Contract Tower,1,11,3,1,16,0,0,27,1,28,1,11,30,2,44,14,0,14,58
07/09/2010,GRI,NE,ACE,CE,Federal Contract Tower,0,13,7,2,22,0,0,24,7,31,0,13,31,9,53,6,4,10,63
07/10/2010,GRI,NE,ACE,CE,Federal Contract Tower,2,10,12,0,24,0,2,9,0,11,2,12,21,0,35,10,0,10,45
07/11/2010,GRI,NE,ACE,CE,Federal Contract Tower,1,5,5,0,11,0,0,9,0,9,1,5,14,0,20,0,0,0,20
07/12/2010,GRI,NE,ACE,CE,Federal Contract Tower,0,9,11,0,20,0,0,4,0,4,0,9,15,0,24,4,0,4,28
07/13/2010,GRI,NE,ACE,CE,Federal Contract Tower,0,11,18,0,29,0,0,14,4,18,0,11,32,4,47,0,0,0,47
07/14/2010,GRI,NE,ACE,CE,Federal Contract Tower,2,9,9,1,21,0,1,10,6,17,2,10,19,7,38,0,20,20,58
07/15/2010,GRI,NE,ACE,CE,Federal Contract Tower,1,11,11,0,23,0,0,13,10,23,1,11,24,10,46,6,20,26,72
07/16/2010,GRI,NE,ACE,CE,Federal Contract Tower,0,16,22,0,38,0,0,15,0,15,0,16,37,0,53,18,0,18,71
07/17/2010,GRI,NE,ACE,CE,Federal Contract Tower,2,9,2,0,13,0,0,21,2,23,2,9,23,2,36,8,0,8,44
07/18/2010,GRI,NE,ACE,CE,Federal Contract Tower,2,5,4,0,11,0,0,5,0,5,2,5,9,0,16,14,0,14,30
07/19/2010,GRI,NE,ACE,CE,Federal Contract Tower,0,10,11,0,21,0,0,8,2,10,0,10,19,2,31,0,0,0,31
07/20/2010,GRI,NE,ACE,CE,Federal Contract Tower,0,11,8,0,19,0,0,14,2,16,0,11,22,2,35,8,2,10,45
07/21/2010,GRI,NE,ACE,CE,Federal Contract Tower,2,14,14,1,31,0,0,14,2,16,2,14,28,3,47,0,0,0,47
07/22/2010,GRI,NE,ACE,CE,Federal Contract Tower,1,15,10,0,26,0,0,27,0,27,1,15,37,0,53,2,0,2,55
07/23/2010,GRI,NE,ACE,CE,Federal Contract Tower,0,7,18,0,25,0,1,22,3,26,0,8,40,3,51,22,0,22,73
07/24/2010,GRI,NE,ACE,CE,Federal Contract Tower,2,8,1,2,13,0,0,15,5,20,2,8,16,7,33,16,8,24,57
07/25/2010,GRI,NE,ACE,CE,Federal Contract Tower,1,5,7,0,13,0,0,20,0,20,1,5,27,0,33,24,0,24,57
07/26/2010,GRI,NE,ACE,CE,Federal Contract Tower,0,9,10,8,27,0,0,7,1,8,0,9,17,9,35,0,8,8,43
07/27/2010,GRI,NE,ACE,CE,Federal Contract Tower,0,12,7,0,19,0,0,25,6,31,0,12,32,6,50,20,0,20,70
07/28/2010,GRI,NE,ACE,CE,Federal Contract Tower,2,9,15,2,28,0,0,17,5,22,2,9,32,7,50,0,18,18,68
07/29/2010,GRI,NE,ACE,CE,Federal Contract Tower,1,15,15,0,31,0,1,19,7,27,1,16,34,7,58,4,12,16,74
07/30/2010,GRI,NE,ACE,CE,Federal Contract Tower,0,14,11,0,25,0,0,15,5,20,0,14,26,5,45,8,2,10,55
07/31/2010,GRI,NE,ACE,CE,Federal Contract Tower,2,10,18,0,30,0,0,33,4,37,2,10,51,4,67,24,0,24,91
08/01/2010,GRI,NE,ACE,CE,Federal Contract Tower,1,3,9,0,13,0,0,19,2,21,1,3,28,2,34,0,0,0,34
08/02/2010,GRI,NE,ACE,CE,Federal Contract Tower,0,10,9,0,19,0,2,5,6,13,0,12,14,6,32,4,0,4,36
08/03/2010,GRI,NE,ACE,CE,Federal Contract Tower,0,13,12,0,25,0,0,20,4,24,0,13,32,4,49,0,2,2,51
08/04/2010,GRI,NE,ACE,CE,Federal Contract Tower,2,17,11,0,30,0,0,17,4,21,2,17,28,4,51,8,2,10,61
08/05/2010,GRI,NE,ACE,CE,Federal Contract Tower,2,12,12,2,28,0,0,18,12,30,2,12,30,14,58,2,4,6,64
08/06/2010,GRI,NE,ACE,CE,Federal Contract Tower,0,15,17,0,32,0,0,25,7,32,0,15,42,7,64,14,4,18,82
08/07/2010,GRI,NE,ACE,CE,Federal Contract Tower,2,8,6,2,18,0,1,25,7,33,2,9,31,9,51,12,4,16,67
08/08/2010,GRI,NE,ACE,CE,Federal Contract Tower,1,3,8,0,12,0,0,23,2,25,1,3,31,2,37,0,0,0,37
08/09/2010,GRI,NE,ACE,CE,Federal Contract Tower,0,8,5,0,13,0,0,14,0,14,0,8,19,0,27,0,0,0,27
08/10/2010,GRI,NE,ACE,CE,Federal Contract Tower,0,11,10,0,21,0,0,17,7,24,0,11,27,7,45,4,0,4,49
08/11/2010,GRI,NE,ACE,CE,Federal Contract Tower,2,11,18,0,31,0,0,35,16,51,2,11,53,16,82,4,2,6,88
08/12/2010,GRI,NE,ACE,CE,Federal Contract Tower,2,11,16,1,30,0,0,13,14,27,2,11,29,15,57,0,8,8,65
08/13/2010,GRI,NE,ACE,CE,Federal Contract Tower,0,12,14,0,26,0,0,10,3,13,0,12,24,3,39,16,4,20,59
08/14/2010,GRI,NE,ACE,CE,Federal Contract Tower,2,7,4,0,13,0,1,25,0,26,2,8,29,0,39,22,0,22,61
08/15/2010,GRI,NE,ACE,CE,Federal Contract Tower,1,3,9,0,13,0,0,11,1,12,1,3,20,1,25,0,0,0,25
08/16/2010,GRI,NE,ACE,CE,Federal Contract Tower,0,8,4,0,12,0,0,4,0,4,0,8,8,0,16,0,0,0,16
08/17/2010,GRI,NE,ACE,CE,Federal Contract Tower,0,11,17,0,28,0,0,0,0,0,0,11,17,0,28,0,0,0,28
08/18/2010,GRI,NE,ACE,CE,Federal Contract Tower,2,15,10,2,29,0,1,17,3,21,2,16,27,5,50,4,20,24,74
08/19/2010,GRI,NE,ACE,CE,Federal Contract Tower,2,11,3,0,16,0,0,16,6,22,2,11,19,6,38,32,0,32,70
08/20/2010,GRI,NE,ACE,CE,Federal Contract Tower,0,13,8,0,21,0,0,16,3,19,0,13,24,3,40,6,4,10,50
08/21/2010,GRI,NE,ACE,CE,Federal Contract Tower,2,8,6,0,16,0,0,7,8,15,2,8,13,8,31,4,6,10,41
08/22/2010,GRI,NE,ACE,CE,Federal Contract Tower,2,3,7,0,12,0,0,12,0,12,2,3,19,0,24,6,0,6,30
08/23/2010,GRI,NE,ACE,CE,Federal Contract Tower,0,10,9,2,21,0,0,0,0,0,0,10,9,2,21,0,0,0,21
08/24/2010,GRI,NE,ACE,CE,Federal Contract Tower,0,13,13,0,26,0,0,26,4,30,0,13,39,4,56,14,0,14,70
08/25/2010,GRI,NE,ACE,CE,Federal Contract Tower,2,13,9,0,24,0,0,25,5,30,2,13,34,5,54,22,4,26,80
08/26/2010,GRI,NE,ACE,CE,Federal Contract Tower,2,13,7,0,22,0,0,26,6,32,2,13,33,6,54,6,4,10,64
08/27/2010,GRI,NE,ACE,CE,Federal Contract Tower,0,16,12,0,28,0,0,23,6,29,0,16,35,6,57,0,0,0,57
08/28/2010,GRI,NE,ACE,CE,Federal Contract Tower,4,8,3,0,15,0,0,16,0,16,4,8,19,0,31,14,0,14,45
08/29/2010,GRI,NE,ACE,CE,Federal Contract Tower,2,5,0,0,7,0,0,7,0,7,2,5,7,0,14,0,0,0,14
08/30/2010,GRI,NE,ACE,CE,Federal Contract Tower,0,8,6,6,20,0,0,7,7,14,0,8,13,13,34,0,8,8,42
08/31/2010,GRI,NE,ACE,CE,Federal Contract Tower,2,15,12,0,29,0,10,22,6,38,2,25,34,6,67,36,10,46,113
09/01/2010,GRI,NE,ACE,CE,Federal Contract Tower,2,17,16,1,36,0,0,5,5,10,2,17,21,6,46,0,0,0,46
09/02/2010,GRI,NE,ACE,CE,Federal Contract Tower,0,11,7,0,18,0,0,22,8,30,0,11,29,8,48,18,10,28,76
09/03/2010,GRI,NE,ACE,CE,Federal Contract Tower,0,12,18,0,30,0,1,35,0,36,0,13,53,0,66,6,0,6,72
09/04/2010,GRI,NE,ACE,CE,Federal Contract Tower,2,9,4,0,15,0,0,17,4,21,2,9,21,4,36,20,0,20,56
09/05/2010,GRI,NE,ACE,CE,Federal Contract Tower,2,4,4,0,10,0,0,17,0,17,2,4,21,0,27,0,0,0,27
09/06/2010,GRI,NE,ACE,CE,Federal Contract Tower,0,3,5,0,8,0,0,7,0,7,0,3,12,0,15,4,0,4,19
09/07/2010,GRI,NE,ACE,CE,Federal Contract Tower,0,11,8,0,19,0,0,22,2,24,0,11,30,2,43,32,0,32,75
09/08/2010,GRI,NE,ACE,CE,Federal Contract Tower,2,13,26,0,41,0,0,7,11,18,2,13,33,11,59,0,8,8,67
09/09/2010,GRI,NE,ACE,CE,Federal Contract Tower,2,13,12,1,28,0,0,4,5,9,2,13,16,6,37,0,6,6,43
09/10/2010,GRI,NE,ACE,CE,Federal Contract Tower,0,15,14,0,29,0,0,2,6,8,0,15,16,6,37,0,6,6,43
09/11/2010,GRI,NE,ACE,CE,Federal Contract Tower,2,8,6,0,16,0,0,17,6,23,2,8,23,6,39,8,0,8,47
09/12/2010,GRI,NE,ACE,CE,Federal Contract Tower,2,3,6,0,11,0,0,16,15,31,2,3,22,15,42,0,14,14,56
09/13/2010,GRI,NE,ACE,CE,Federal Contract Tower,0,8,14,0,22,0,0,12,0,12,0,8,26,0,34,2,0,2,36
09/14/2010,GRI,NE,ACE,CE,Federal Contract Tower,0,14,16,0,30,0,0,25,6,31,0,14,41,6,61,10,6,16,77
09/15/2010,GRI,NE,ACE,CE,Federal Contract Tower,2,15,6,0,23,0,0,16,10,26,2,15,22,10,49,4,16,20,69
09/16/2010,GRI,NE,ACE,CE,Federal Contract Tower,2,11,27,3,43,0,0,39,11,50,2,11,66,14,93,14,0,14,107
09/17/2010,GRI,NE,ACE,CE,Federal Contract Tower,0,12,16,0,28,0,0,22,7,29,0,12,38,7,57,52,0,52,109
09/18/2010,GRI,NE,ACE,CE,Federal Contract Tower,2,8,8,0,18,0,0,1,0,1,2,8,9,0,19,2,0,2,21
09/19/2010,GRI,NE,ACE,CE,Federal Contract Tower,2,3,2,0,7,0,0,0,0,0,2,3,2,0,7,0,0,0,7
09/20/2010,GRI,NE,ACE,CE,Federal Contract Tower,0,8,6,0,14,0,0,5,0,5,0,8,11,0,19,0,0,0,19
09/21/2010,GRI,NE,ACE,CE,Federal Contract Tower,0,11,7,0,18,0,0,16,2,18,0,11,23,2,36,14,4,18,54
09/22/2010,GRI,NE,ACE,CE,Federal Contract Tower,2,11,8,0,21,0,4,3,2,9,2,15,11,2,30,0,2,2,32
09/23/2010,GRI,NE,ACE,CE,Federal Contract Tower,1,11,15,0,27,0,0,2,1,3,1,11,17,1,30,2,0,2,32
09/24/2010,GRI,NE,ACE,CE,Federal Contract Tower,0,11,18,4,33,0,0,36,22,58,0,11,54,26,91,52,16,68,159
09/25/2010,GRI,NE,ACE,CE,Federal Contract Tower,2,7,8,0,17,0,1,6,0,7,2,8,14,0,24,12,0,12,36
09/26/2010,GRI,NE,ACE,CE,Federal Contract Tower,2,4,13,0,19,0,0,19,0,19,2,4,32,0,38,22,0,22,60
09/27/2010,GRI,NE,ACE,CE,Federal Contract Tower,0,8,14,0,22,0,0,21,0,21,0,8,35,0,43,28,0,28,71
09/28/2010,GRI,NE,ACE,CE,Federal Contract Tower,0,11,14,0,25,0,5,7,12,24,0,16,21,12,49,28,2,30,79
09/29/2010,GRI,NE,ACE,CE,Federal Contract Tower,2,13,11,2,28,0,2,9,7,18,2,15,20,9,46,4,4,8,54
09/30/2010,GRI,NE,ACE,CE,Federal Contract Tower,1,14,16,0,31,0,1,18,11,30,1,15,34,11,61,34,2,36,97
10/01/2010,GRI,NE,ACE,CE,Federal Contract Tower,3,15,13,0,31,0,1,16,0,17,3,16,29,0,48,0,0,0,48
10/02/2010,GRI,NE,ACE,CE,Federal Contract Tower,0,15,5,0,20,0,1,18,0,19,0,16,23,0,39,26,0,26,65
10/03/2010,GRI,NE,ACE,CE,Federal Contract Tower,0,3,5,0,8,0,0,16,0,16,0,3,21,0,24,20,0,20,44
10/04/2010,GRI,NE,ACE,CE,Federal Contract Tower,3,8,5,2,18,0,4,23,0,27,3,12,28,2,45,14,0,14,59
10/05/2010,GRI,NE,ACE,CE,Federal Contract Tower,0,10,10,1,21,0,3,15,37,55,0,13,25,38,76,24,0,24,100
10/06/2010,GRI,NE,ACE,CE,Federal Contract Tower,0,11,12,0,23,0,0,10,5,15,0,11,22,5,38,44,0,44,82
10/07/2010,GRI,NE,ACE,CE,Federal Contract Tower,0,10,9,2,21,0,1,22,10,33,0,11,31,12,54,52,4,56,110
10/08/2010,GRI,NE,ACE,CE,Federal Contract Tower,4,10,14,0,28,0,0,22,0,22,4,10,36,0,50,18,0,18,68
10/09/2010,GRI,NE,ACE,CE,Federal Contract Tower,0,8,3,0,11,0,0,12,0,12,0,8,15,0,23,10,0,10,33
10/10/2010,GRI,NE,ACE,CE,Federal Contract Tower,0,3,7,0,10,0,0,14,1,15,0,3,21,1,25,26,0,26,51
10/11/2010,GRI,NE,ACE,CE,Federal Contract Tower,3,8,6,0,17,0,0,13,0,13,3,8,19,0,30,24,0,24,54
10/12/2010,GRI,NE,ACE,CE,Federal Contract Tower,0,10,5,0,15,0,5,9,2,16,0,15,14,2,31,2,8,10,41
10/13/2010,GRI,NE,ACE,CE,Federal Contract Tower,0,11,3,0,14,0,2,21,3,26,0,13,24,3,40,38,4,42,82
10/14/2010,GRI,NE,ACE,CE,Federal Contract Tower,0,12,7,3,22,0,6,21,4,31,0,18,28,7,53,32,0,32,85
10/15/2010,GRI,NE,ACE,CE,Federal Contract Tower,3,11,17,0,31,0,0,22,1,23,3,11,39,1,54,0,0,0,54
10/16/2010,GRI,NE,ACE,CE,Federal Contract Tower,0,10,3,0,13,0,2,15,0,17,0,12,18,0,30,0,0,0,30
10/17/2010,GRI,NE,ACE,CE,Federal Contract Tower,0,4,5,0,9,0,0,32,0,32,0,4,37,0,41,32,0,32,73
10/18/2010,GRI,NE,ACE,CE,Federal Contract Tower,3,9,5,0,17,0,4,11,0,15,3,13,16,0,32,16,0,16,48
10/19/2010,GRI,NE,ACE,CE,Federal Contract Tower,0,11,5,0,16,0,0,21,3,24,0,11,26,3,40,26,2,28,68
10/20/2010,GRI,NE,ACE,CE,Federal Contract Tower,0,13,17,1,31,0,0,25,7,32,0,13,42,8,63,12,10,22,85
10/21/2010,GRI,NE,ACE,CE,Federal Contract Tower,0,9,11,0,20,0,1,45,12,58,0,10,56,12,78,38,2,40,118
10/22/2010,GRI,NE,ACE,CE,Federal Contract Tower,3,13,7,0,23,0,0,29,0,29,3,13,36,0,52,40,0,40,92
10/23/2010,GRI,NE,ACE,CE,Federal Contract Tower,0,8,1,0,9,0,0,25,0,25,0,8,26,0,34,0,0,0,34
10/24/2010,GRI,NE,ACE,CE,Federal Contract Tower,2,5,2,0,9,0,0,12,0,12,2,5,14,0,21,18,0,18,39
10/25/2010,GRI,NE,ACE,CE,Federal Contract Tower,3,8,3,0,14,0,0,3,2,5,3,8,6,2,19,0,0,0,19
10/26/2010,GRI,NE,ACE,CE,Federal Contract Tower,0,12,9,0,21,0,1,8,2,11,0,13,17,2,32,0,0,0,32
10/27/2010,GRI,NE,ACE,CE,Federal Contract Tower,0,9,12,0,21,0,2,4,0,6,0,11,16,0,27,0,0,0,27
10/28/2010,GRI,NE,ACE,CE,Federal Contract Tower,0,11,18,1,30,0,7,34,7,48,0,18,52,8,78,40,0,40,118
10/29/2010,GRI,NE,ACE,CE,Federal Contract Tower,4,12,7,2,25,0,0,25,6,31,4,12,32,8,56,28,6,34,90
10/30/2010,GRI,NE,ACE,CE,Federal Contract Tower,0,9,3,0,12,0,1,32,0,33,0,10,35,0,45,28,0,28,73
10/31/2010,GRI,NE,ACE,CE,Federal Contract Tower,0,3,4,0,7,0,0,8,0,8,0,3,12,0,15,8,0,8,23
11/01/2010,GRI,NE,ACE,CE,Federal Contract Tower,3,6,5,0,14,0,0,16,0,16,3,6,21,0,30,8,0,8,38
11/02/2010,GRI,NE,ACE,CE,Federal Contract Tower,0,10,11,2,23,0,1,23,1,25,0,11,34,3,48,18,0,18,66
11/03/2010,GRI,NE,ACE,CE,Federal Contract Tower,0,12,8,0,20,0,0,28,5,33,0,12,36,5,53,6,6,12,65
11/04/2010,GRI,NE,ACE,CE,Federal Contract Tower,0,11,18,0,29,0,3,9,3,15,0,14,27,3,44,0,0,0,44
11/05/2010,GRI,NE,ACE,CE,Federal Contract Tower,3,12,7,0,22,0,0,40,12,52,3,12,47,12,74,92,8,100,174
11/06/2010,GRI,NE,ACE,CE,Federal Contract Tower,0,11,3,0,14,0,0,23,12,35,0,11,26,12,49,4,8,12,61
11/07/2010,GRI,NE,ACE,CE,Federal Contract Tower,0,3,4,0,7,0,0,14,0,14,0,3,18,0,21,16,0,16,37
11/08/2010,GRI,NE,ACE,CE,Federal Contract Tower,3,8,5,0,16,0,0,17,9,26,3,8,22,9,42,16,4,20,62
11/09/2010,GRI,NE,ACE,CE,Federal Contract Tower,0,14,10,2,26,0,0,5,4,9,0,14,15,6,35,0,4,4,39
11/10/2010,GRI,NE,ACE,CE,Federal Contract Tower,0,11,7,0,18,0,2,13,3,18,0,13,20,3,36,8,0,8,44
11/11/2010,GRI,NE,ACE,CE,Federal Contract Tower,0,12,10,0,22,0,0,12,0,12,0,12,22,0,34,18,0,18,52
11/12/2010,GRI,NE,ACE,CE,Federal Contract Tower,2,13,7,0,22,0,0,0,0,0,2,13,7,0,22,0,0,0,22
11/13/2010,GRI,NE,ACE,CE,Federal Contract Tower,0,9,3,0,12,0,0,11,0,11,0,9,14,0,23,22,0,22,45
11/14/2010,GRI,NE,ACE,CE,Federal Contract Tower,0,5,7,0,12,0,0,19,0,19,0,5,26,0,31,10,0,10,41
11/15/2010,GRI,NE,ACE,CE,Federal Contract Tower,3,7,4,3,17,0,0,9,3,12,3,7,13,6,29,24,12,36,65
11/16/2010,GRI,NE,ACE,CE,Federal Contract Tower,0,11,7,2,20,0,0,7,3,10,0,11,14,5,30,0,30,30,60
11/17/2010,GRI,NE,ACE,CE,Federal Contract Tower,0,13,13,0,26,0,0,1,11,12,0,13,14,11,38,0,20,20,58
11/18/2010,GRI,NE,ACE,CE,Federal Contract Tower,0,11,10,2,23,0,0,12,14,26,0,11,22,16,49,34,24,58,107
11/19/2010,GRI,NE,ACE,CE,Federal Contract Tower,3,12,2,0,17,0,1,24,10,35,3,13,26,10,52,20,8,28,80
11/20/2010,GRI,NE,ACE,CE,Federal Contract Tower,0,9,5,2,16,0,0,15,0,15,0,9,20,2,31,18,0,18,49
11/21/2010,GRI,NE,ACE,CE,Federal Contract Tower,0,5,3,0,8,0,0,0,2,2,0,5,3,2,10,0,0,0,10
11/22/2010,GRI,NE,ACE,CE,Federal Contract Tower,3,10,15,0,28,0,0,3,2,5,3,10,18,2,33,20,0,20,53
11/23/2010,GRI,NE,ACE,CE,Federal Contract Tower,0,17,17,2,36,0,0,6,2,8,0,17,23,4,44,14,0,14,58
11/24/2010,GRI,NE,ACE,CE,Federal Contract Tower,0,12,5,0,17,0,0,1,0,1,0,12,6,0,18,0,0,0,18
11/25/2010,GRI,NE,ACE,CE,Federal Contract Tower,0,6,1,0,7,0,0,13,0,13,0,6,14,0,20,0,0,0,20
11/26/2010,GRI,NE,ACE,CE,Federal Contract Tower,2,10,6,0,18,0,0,12,0,12,2,10,18,0,30,0,0,0,30
11/27/2010,GRI,NE,ACE,CE,Federal Contract Tower,0,13,3,0,16,0,0,25,0,25,0,13,28,0,41,62,0,62,103
11/28/2010,GRI,NE,ACE,CE,Federal Contract Tower,0,4,0,0,4,0,0,2,0,2,0,4,2,0,6,0,0,0,6
11/29/2010,GRI,NE,ACE,CE,Federal Contract Tower,3,10,5,0,18,0,0,2,0,2,3,10,7,0,20,0,0,0,20
11/30/2010,GRI,NE,ACE,CE,Federal Contract Tower,0,11,23,0,34,0,0,8,4,12,0,11,31,4,46,0,0,0,46
12/01/2010,GRI,NE,ACE,CE,Federal Contract Tower,0,13,10,0,23,0,0,18,3,21,0,13,28,3,44,2,0,2,46
12/02/2010,GRI,NE,ACE,CE,Federal Contract Tower,2,11,11,0,24,0,1,21,14,36,2,12,32,14,60,48,12,60,120
12/03/2010,GRI,NE,ACE,CE,Federal Contract Tower,3,10,12,0,25,0,0,18,6,24,3,10,30,6,49,26,0,26,75
12/04/2010,GRI,NE,ACE,CE,Federal Contract Tower,0,7,3,0,10,0,1,2,2,5,0,8,5,2,15,0,0,0,15
12/05/2010,GRI,NE,ACE,CE,Federal Contract Tower,2,3,7,0,12,0,0,18,4,22,2,3,25,4,34,14,0,14,48
12/06/2010,GRI,NE,ACE,CE,Federal Contract Tower,4,8,5,0,17,0,0,6,0,6,4,8,11,0,23,2,0,2,25
12/07/2010,GRI,NE,ACE,CE,Federal Contract Tower,0,15,10,1,26,0,2,11,4,17,0,17,21,5,43,10,0,10,53
12/08/2010,GRI,NE,ACE,CE,Federal Contract Tower,0,13,7,0,20,0,0,19,9,28,0,13,26,9,48,12,12,24,72
12/09/2010,GRI,NE,ACE,CE,Federal Contract Tower,2,15,10,0,27,0,0,21,14,35,2,15,31,14,62,20,8,28,90
12/10/2010,GRI,NE,ACE,CE,Federal Contract Tower,7,9,16,6,38,0,0,16,11,27,7,9,32,17,65,30,6,36,101
12/11/2010,GRI,NE,ACE,CE,Federal Contract Tower,0,8,8,2,18,0,0,1,0,1,0,8,9,2,19,0,0,0,19
12/12/2010,GRI,NE,ACE,CE,Federal Contract Tower,2,3,4,0,9,0,0,8,0,8,2,3,12,0,17,0,0,0,17
12/13/2010,GRI,NE,ACE,CE,Federal Contract Tower,5,10,3,0,18,0,0,6,6,12,5,10,9,6,30,38,14,52,82
12/14/2010,GRI,NE,ACE,CE,Federal Contract Tower,0,13,9,0,22,0,0,14,4,18,0,13,23,4,40,2,4,6,46
12/15/2010,GRI,NE,ACE,CE,Federal Contract Tower,0,16,8,2,26,0,0,16,1,17,0,16,24,3,43,0,2,2,45
12/16/2010,GRI,NE,ACE,CE,Federal Contract Tower,0,10,6,3,19,0,0,7,8,15,0,10,13,11,34,18,6,24,58
12/17/2010,GRI,NE,ACE,CE,Federal Contract Tower,3,11,13,2,29,0,0,8,6,14,3,11,21,8,43,14,2,16,59
12/18/2010,GRI,NE,ACE,CE,Federal Contract Tower,0,8,11,0,19,0,0,4,0,4,0,8,15,0,23,8,0,8,31
12/19/2010,GRI,NE,ACE,CE,Federal Contract Tower,0,2,0,0,2,0,0,0,0,0,0,2,0,0,2,0,0,0,2
12/20/2010,GRI,NE,ACE,CE,Federal Contract Tower,3,11,3,3,20,0,0,10,3,13,3,11,13,6,33,26,10,36,69
12/21/2010,GRI,NE,ACE,CE,Federal Contract Tower,0,13,10,0,23,0,0,8,1,9,0,13,18,1,32,4,0,4,36
12/22/2010,GRI,NE,ACE,CE,Federal Contract Tower,0,13,9,1,23,0,0,5,3,8,0,13,14,4,31,0,0,0,31
12/23/2010,GRI,NE,ACE,CE,Federal Contract Tower,0,12,5,0,17,0,0,0,0,0,0,12,5,0,17,0,0,0,17
12/24/2010,GRI,NE,ACE,CE,Federal Contract Tower,2,8,0,0,10,0,0,3,0,3,2,8,3,0,13,0,0,0,13
12/25/2010,GRI,NE,ACE,CE,Federal Contract Tower,0,2,0,0,2,0,0,1,0,1,0,2,1,0,3,0,0,0,3
12/26/2010,GRI,NE,ACE,CE,Federal Contract Tower,0,5,4,0,9,0,0,4,0,4,0,5,8,0,13,16,0,16,29
12/27/2010,GRI,NE,ACE,CE,Federal Contract Tower,2,10,5,0,17,0,0,7,0,7,2,10,12,0,24,12,0,12,36
12/28/2010,GRI,NE,ACE,CE,Federal Contract Tower,0,11,9,0,20,0,0,20,9,29,0,11,29,9,49,2,4,6,55
12/29/2010,GRI,NE,ACE,CE,Federal Contract Tower,0,11,3,0,14,0,0,0,0,0,0,11,3,0,14,0,0,0,14
12/30/2010,GRI,NE,ACE,CE,Federal Contract Tower,0,15,4,0,19,0,0,0,0,0,0,15,4,0,19,0,0,0,19
12/31/2010,GRI,NE,ACE,CE,Federal Contract Tower,2,14,0,0,16,0,0,0,0,0,2,14,0,0,16,0,0,0,16
01/01/2011,GRI,NE,ACE,CE,Federal Contract Tower,0,2,1,0,3,0,0,2,0,2,0,2,3,0,5,0,0,0,5
01/02/2011,GRI,NE,ACE,CE,Federal Contract Tower,0,3,9,0,12,0,0,17,0,17,0,3,26,0,29,2,0,2,31
01/03/2011,GRI,NE,ACE,CE,Federal Contract Tower,2,10,7,1,20,0,0,13,0,13,2,10,20,1,33,2,0,2,35
01/04/2011,GRI,NE,ACE,CE,Federal Contract Tower,2,11,11,0,24,0,0,8,9,17,2,11,19,9,41,2,6,8,49
01/05/2011,GRI,NE,ACE,CE,Federal Contract Tower,0,12,4,0,16,0,0,6,10,16,0,12,10,10,32,12,2,14,46
01/06/2011,GRI,NE,ACE,CE,Federal Contract Tower,0,9,11,1,21,0,0,17,13,30,0,9,28,14,51,18,4,22,73
01/07/2011,GRI,NE,ACE,CE,Federal Contract Tower,3,13,16,0,32,0,1,4,0,5,3,14,20,0,37,0,0,0,37
01/08/2011,GRI,NE,ACE,CE,Federal Contract Tower,0,8,3,0,11,0,0,0,10,10,0,8,3,10,21,0,10,10,31
01/09/2011,GRI,NE,ACE,CE,Federal Contract Tower,0,2,0,0,2,0,0,0,0,0,0,2,0,0,2,0,0,0,2
01/10/2011,GRI,NE,ACE,CE,Federal Contract Tower,2,7,1,0,10,0,0,0,0,0,2,7,1,0,10,0,0,0,10
01/11/2011,GRI,NE,ACE,CE,Federal Contract Tower,0,11,6,0,17,0,0,1,3,4,0,11,7,3,21,0,2,2,23
01/12/2011,GRI,NE,ACE,CE,Federal Contract Tower,0,11,17,0,28,0,0,7,6,13,0,11,24,6,41,6,2,8,49
01/13/2011,GRI,NE,ACE,CE,Federal Contract Tower,0,13,10,0,23,0,0,12,9,21,0,13,22,9,44,10,14,24,68
01/14/2011,GRI,NE,ACE,CE,Federal Contract Tower,3,8,6,0,17,0,0,16,9,25,3,8,22,9,42,20,24,44,86
01/15/2011,GRI,NE,ACE,CE,Federal Contract Tower,0,6,0,0,6,0,0,0,0,0,0,6,0,0,6,0,0,0,6
01/16/2011,GRI,NE,ACE,CE,Federal Contract Tower,0,3,8,0,11,0,0,0,0,0,0,3,8,0,11,8,0,8,19
01/17/2011,GRI,NE,ACE,CE,Federal Contract Tower,3,6,8,0,17,0,0,4,0,4,3,6,12,0,21,0,0,0,21
01/18/2011,GRI,NE,ACE,CE,Federal Contract Tower,0,13,6,0,19,0,0,2,0,2,0,13,8,0,21,0,0,0,21
01/19/2011,GRI,NE,ACE,CE,Federal Contract Tower,0,11,6,0,17,0,0,0,2,2,0,11,6,2,19,0,10,10,29
01/20/2011,GRI,NE,ACE,CE,Federal Contract Tower,2,10,10,0,22,0,0,13,8,21,2,10,23,8,43,14,6,20,63
01/21/2011,GRI,NE,ACE,CE,Federal Contract Tower,3,13,9,2,27,0,0,8,11,19,3,13,17,13,46,6,34,40,86
01/22/2011,GRI,NE,ACE,CE,Federal Contract Tower,0,7,0,0,7,0,0,6,0,6,0,7,6,0,13,8,0,8,21
01/23/2011,GRI,NE,ACE,CE,Federal Contract Tower,0,4,5,0,9,0,0,9,5,14,0,4,14,5,23,8,26,34,57
01/24/2011,GRI,NE,ACE,CE,Federal Contract Tower,5,8,14,0,27,0,0,9,3,12,5,8,23,3,39,22,0,22,61
01/25/2011,GRI,NE,ACE,CE,Federal Contract Tower,0,11,15,0,26,0,0,16,3,19,0,11,31,3,45,10,2,12,57
01/26/2011,GRI,NE,ACE,CE,Federal Contract Tower,0,12,10,2,24,0,0,9,7,16,0,12,19,9,40,0,4,4,44
01/27/2011,GRI,NE,ACE,CE,Federal Contract Tower,0,11,21,0,32,0,0,11,8,19,0,11,32,8,51,0,24,24,75
01/28/2011,GRI,NE,ACE,CE,Federal Contract Tower,4,12,9,0,25,0,0,23,7,30,4,12,32,7,55,12,8,20,75
01/29/2011,GRI,NE,ACE,CE,Federal Contract Tower,0,8,7,0,15,0,0,15,0,15,0,8,22,0,30,6,0,6,36
01/30/2011,GRI,NE,ACE,CE,Federal Contract Tower,0,3,4,0,7,0,0,9,0,9,0,3,13,0,16,6,0,6,22
01/31/2011,GRI,NE,ACE,CE,Federal Contract Tower,3,8,2,0,13,0,0,0,0,0,3,8,2,0,13,0,0,0,13
02/01/2011,GRI,NE,ACE,CE,Federal Contract Tower,0,9,3,0,12,0,0,0,0,0,0,9,3,0,12,0,0,0,12
02/02/2011,GRI,NE,ACE,CE,Federal Contract Tower,0,17,9,0,26,0,0,2,0,2,0,17,11,0,28,6,0,6,34
02/03/2011,GRI,NE,ACE,CE,Federal Contract Tower,2,13,12,0,27,0,0,7,13,20,2,13,19,13,47,0,20,20,67
02/04/2011,GRI,NE,ACE,CE,Federal Contract Tower,0,12,9,0,21,0,1,20,7,28,0,13,29,7,49,12,2,14,63
02/05/2011,GRI,NE,ACE,CE,Federal Contract Tower,0,8,3,0,11,0,0,19,1,20,0,8,22,1,31,22,0,22,53
02/06/2011,GRI,NE,ACE,CE,Federal Contract Tower,2,3,3,0,8,0,0,0,0,0,2,3,3,0,8,0,0,0,8
02/07/2011,GRI,NE,ACE,CE,Federal Contract Tower,0,8,18,0,26,0,0,0,0,0,0,8,18,0,26,0,0,0,26
02/08/2011,GRI,NE,ACE,CE,Federal Contract Tower,0,10,3,0,13,0,0,4,0,4,0,10,7,0,17,0,0,0,17
02/09/2011,GRI,NE,ACE,CE,Federal Contract Tower,0,11,11,0,22,0,0,3,4,7,0,11,14,4,29,0,4,4,33
02/10/2011,GRI,NE,ACE,CE,Federal Contract Tower,2,13,12,2,29,0,0,9,7,16,2,13,21,9,45,2,2,4,49
02/11/2011,GRI,NE,ACE,CE,Federal Contract Tower,0,11,5,0,16,0,0,19,13,32,0,11,24,13,48,4,2,6,54
02/12/2011,GRI,NE,ACE,CE,Federal Contract Tower,0,8,4,0,12,0,0,17,2,19,0,8,21,2,31,6,10,16,47
02/13/2011,GRI,NE,ACE,CE,Federal Contract Tower,2,3,1,1,7,0,0,12,2,14,2,3,13,3,21,10,0,10,31
02/14/2011,GRI,NE,ACE,CE,Federal Contract Tower,0,11,9,0,20,0,0,3,0,3,0,11,12,0,23,2,0,2,25
02/15/2011,GRI,NE,ACE,CE,Federal Contract Tower,0,12,11,0,23,0,0,24,13,37,0,12,35,13,60,20,4,24,84
02/16/2011,GRI,NE,ACE,CE,Federal Contract Tower,0,10,12,0,22,0,0,26,12,38,0,10,38,12,60,24,34,58,118
02/17/2011,GRI,NE,ACE,CE,Federal Contract Tower,3,13,11,4,31,0,0,10,13,23,3,13,21,17,54,16,16,32,86
02/18/2011,GRI,NE,ACE,CE,Federal Contract Tower,2,11,9,0,22,0,0,18,16,34,2,11,27,16,56,0,0,0,56
02/19/2011,GRI,NE,ACE,CE,Federal Contract Tower,0,8,7,0,15,0,0,17,0,17,0,8,24,0,32,12,0,12,44
02/20/2011,GRI,NE,ACE,CE,Federal Contract Tower,2,3,0,0,5,0,0,0,0,0,2,3,0,0,5,0,0,0,5
02/21/2011,GRI,NE,ACE,CE,Federal Contract Tower,2,8,8,0,18,0,0,4,0,4,2,8,12,0,22,12,0,12,34
02/22/2011,GRI,NE,ACE,CE,Federal Contract Tower,0,11,4,2,17,0,0,13,7,20,0,11,17,9,37,14,38,52,89
02/23/2011,GRI,NE,ACE,CE,Federal Contract Tower,0,11,6,1,18,0,0,22,7,29,0,11,28,8,47,34,4,38,85
02/24/2011,GRI,NE,ACE,CE,Federal Contract Tower,3,11,11,0,25,0,0,0,0,0,3,11,11,0,25,0,0,0,25
02/25/2011,GRI,NE,ACE,CE,Federal Contract Tower,2,11,5,0,18,0,0,0,0,0,2,11,5,0,18,0,0,0,18
02/26/2011,GRI,NE,ACE,CE,Federal Contract Tower,0,7,0,0,7,0,0,0,0,0,0,7,0,0,7,0,0,0,7
02/27/2011,GRI,NE,ACE,CE,Federal Contract Tower,2,3,3,0,8,0,0,0,0,0,2,3,3,0,8,0,0,0,8
02/28/2011,GRI,NE,ACE,CE,Federal Contract Tower,2,8,8,2,20,0,0,19,6,25,2,8,27,8,45,40,0,40,85
03/01/2011,GRI,NE,ACE,CE,Federal Contract Tower,0,13,13,0,26,0,0,12,7,19,0,13,25,7,45,6,20,26,71
03/02/2011,GRI,NE,ACE,CE,Federal Contract Tower,0,14,9,2,25,0,0,13,8,21,0,14,22,10,46,10,14,24,70
03/03/2011,GRI,NE,ACE,CE,Federal Contract Tower,2,11,15,2,30,0,2,22,6,30,2,13,37,8,60,30,2,32,92
03/04/2011,GRI,NE,ACE,CE,Federal Contract Tower,2,11,16,0,29,0,0,2,13,15,2,11,18,13,44,0,4,4,48
03/05/2011,GRI,NE,ACE,CE,Federal Contract Tower,0,8,4,0,12,0,0,32,5,37,0,8,36,5,49,16,0,16,65
03/06/2011,GRI,NE,ACE,CE,Federal Contract Tower,2,3,3,0,8,0,0,13,8,21,2,3,16,8,29,2,12,14,43
03/07/2011,GRI,NE,ACE,CE,Federal Contract Tower,2,6,1,0,9,0,0,0,0,0,2,6,1,0,9,0,0,0,9
03/08/2011,GRI,NE,ACE,CE,Federal Contract Tower,0,4,0,0,4,0,0,0,0,0,0,4,0,0,4,0,0,0,4
03/09/2011,GRI,NE,ACE,CE,Federal Contract Tower,0,12,10,0,22,0,0,6,4,10,0,12,16,4,32,0,2,2,34
03/10/2011,GRI,NE,ACE,CE,Federal Contract Tower,2,11,5,0,18,0,2,28,3,33,2,13,33,3,51,14,0,14,65
03/11/2011,GRI,NE,ACE,CE,Federal Contract Tower,2,13,14,0,29,0,0,17,5,22,2,13,31,5,51,8,0,8,59
03/12/2011,GRI,NE,ACE,CE,Federal Contract Tower,0,8,4,0,12,0,0,16,0,16,0,8,20,0,28,8,0,8,36
03/13/2011,GRI,NE,ACE,CE,Federal Contract Tower,2,3,3,0,8,0,0,0,0,0,2,3,3,0,8,0,0,0,8
03/14/2011,GRI,NE,ACE,CE,Federal Contract Tower,2,8,6,0,16,0,0,3,2,5,2,8,9,2,21,0,8,8,29
03/15/2011,GRI,NE,ACE,CE,Federal Contract Tower,0,11,10,2,23,0,0,14,5,19,0,11,24,7,42,0,4,4,46
03/16/2011,GRI,NE,ACE,CE,Federal Contract Tower,0,17,14,4,35,0,0,17,2,19,0,17,31,6,54,6,0,6,60
03/17/2011,GRI,NE,ACE,CE,Federal Contract Tower,3,11,6,0,20,0,0,21,5,26,3,11,27,5,46,44,0,44,90
03/18/2011,GRI,NE,ACE,CE,Federal Contract Tower,3,10,13,0,26,0,0,25,2,27,3,10,38,2,53,36,0,36,89
03/19/2011,GRI,NE,ACE,CE,Federal Contract Tower,0,9,0,1,10,0,0,9,2,11,0,9,9,3,21,4,0,4,25
03/20/2011,GRI,NE,ACE,CE,Federal Contract Tower,2,3,7,0,12,0,0,8,7,15,2,3,15,7,27,0,8,8,35
03/21/2011,GRI,NE,ACE,CE,Federal Contract Tower,2,9,1,0,12,0,0,2,0,2,2,9,3,0,14,14,0,14,28
03/22/2011,GRI,NE,ACE,CE,Federal Contract Tower,0,11,17,0,28,0,0,12,2,14,0,11,29,2,42,4,2,6,48
03/23/2011,GRI,NE,ACE,CE,Federal Contract Tower,0,14,7,0,21,0,0,3,0,3,0,14,10,0,24,0,0,0,24
03/24/2011,GRI,NE,ACE,CE,Federal Contract Tower,3,11,13,1,28,0,0,17,3,20,3,11,30,4,48,34,0,34,82
03/25/2011,GRI,NE,ACE,CE,Federal Contract Tower,2,12,3,2,19,0,0,0,0,0,2,12,3,2,19,0,0,0,19
03/26/2011,GRI,NE,ACE,CE,Federal Contract Tower,0,8,4,0,12,0,0,0,0,0,0,8,4,0,12,0,0,0,12
03/27/2011,GRI,NE,ACE,CE,Federal Contract Tower,4,5,3,0,12,0,0,0,0,0,4,5,3,0,12,0,0,0,12
03/28/2011,GRI,NE,ACE,CE,Federal Contract Tower,2,8,2,0,12,0,0,1,2,3,2,8,3,2,15,0,0,0,15
03/29/2011,GRI,NE,ACE,CE,Federal Contract Tower,0,11,4,0,15,0,0,0,0,0,0,11,4,0,15,0,0,0,15
03/30/2011,GRI,NE,ACE,CE,Federal Contract Tower,2,11,8,0,21,0,0,0,10,10,2,11,8,10,31,0,28,28,59
03/31/2011,GRI,NE,ACE,CE,Federal Contract Tower,2,17,14,0,33,0,0,7,10,17,2,17,21,10,50,2,20,22,72
04/01/2011,GRI,NE,ACE,CE,Federal Contract Tower,0,12,9,0,21,0,0,21,14,35,0,12,30,14,56,30,24,54,110
04/02/2011,GRI,NE,ACE,CE,Federal Contract Tower,0,8,7,0,15,0,0,17,4,21,0,8,24,4,36,36,0,36,72
04/03/2011,GRI,NE,ACE,CE,Federal Contract Tower,3,3,2,0,8,0,0,10,2,12,3,3,12,2,20,20,2,22,42
04/04/2011,GRI,NE,ACE,CE,Federal Contract Tower,0,8,8,0,16,0,0,0,0,0,0,8,8,0,16,0,0,0,16
04/05/2011,GRI,NE,ACE,CE,Federal Contract Tower,0,12,8,0,20,0,0,7,10,17,0,12,15,10,37,0,12,12,49
04/06/2011,GRI,NE,ACE,CE,Federal Contract Tower,0,13,12,0,25,0,0,28,14,42,0,13,40,14,67,0,18,18,85
04/07/2011,GRI,NE,ACE,CE,Federal Contract Tower,2,13,10,0,25,0,0,12,7,19,2,13,22,7,44,0,0,0,44
04/08/2011,GRI,NE,ACE,CE,Federal Contract Tower,0,11,15,1,27,0,0,0,0,0,0,11,15,1,27,0,0,0,27
04/09/2011,GRI,NE,ACE,CE,Federal Contract Tower,0,4,8,0,12,0,0,7,0,7,0,4,15,0,19,0,0,0,19
04/10/2011,GRI,NE,ACE,CE,Federal Contract Tower,2,4,6,0,12,0,0,4,0,4,2,4,10,0,16,4,0,4,20
04/11/2011,GRI,NE,ACE,CE,Federal Contract Tower,0,8,5,0,13,0,0,18,0,18,0,8,23,0,31,20,0,20,51
04/12/2011,GRI,NE,ACE,CE,Federal Contract Tower,0,11,2,0,13,0,0,20,7,27,0,11,22,7,40,6,12,18,58
04/13/2011,GRI,NE,ACE,CE,Federal Contract Tower,0,15,11,2,28,0,0,6,4,10,0,15,17,6,38,0,0,0,38
04/14/2011,GRI,NE,ACE,CE,Federal Contract Tower,2,8,3,0,13,0,1,6,6,13,2,9,9,6,26,0,0,0,26
04/15/2011,GRI,NE,ACE,CE,Federal Contract Tower,0,13,5,0,18,0,0,0,0,0,0,13,5,0,18,0,0,0,18
04/16/2011,GRI,NE,ACE,CE,Federal Contract Tower,0,10,1,0,11,0,0,18,3,21,0,10,19,3,32,8,2,10,42
04/17/2011,GRI,NE,ACE,CE,Federal Contract Tower,3,4,2,0,9,0,0,27,7,34,3,4,29,7,43,18,4,22,65
04/18/2011,GRI,NE,ACE,CE,Federal Contract Tower,0,8,4,0,12,0,0,2,0,2,0,8,6,0,14,0,0,0,14
04/19/2011,GRI,NE,ACE,CE,Federal Contract Tower,0,11,5,2,18,0,0,0,0,0,0,11,5,2,18,0,0,0,18
04/20/2011,GRI,NE,ACE,CE,Federal Contract Tower,0,13,15,2,30,0,0,21,11,32,0,13,36,13,62,4,18,22,84
04/21/2011,GRI,NE,ACE,CE,Federal Contract Tower,2,11,6,0,19,0,0,1,10,11,2,11,7,10,30,0,14,14,44
04/22/2011,GRI,NE,ACE,CE,Federal Contract Tower,0,12,9,2,23,0,1,7,7,15,0,13,16,9,38,0,6,6,44
04/23/2011,GRI,NE,ACE,CE,Federal Contract Tower,0,8,3,0,11,0,0,12,4,16,0,8,15,4,27,16,0,16,43
04/24/2011,GRI,NE,ACE,CE,Federal Contract Tower,3,3,3,0,9,0,0,6,2,8,3,3,9,2,17,0,0,0,17
04/25/2011,GRI,NE,ACE,CE,Federal Contract Tower,0,8,12,0,20,0,0,1,0,1,0,8,13,0,21,0,0,0,21
04/26/2011,GRI,NE,ACE,CE,Federal Contract Tower,0,11,7,6,24,0,2,15,10,27,0,13,22,16,51,14,10,24,75
04/27/2011,GRI,NE,ACE,CE,Federal Contract Tower,0,9,12,0,21,0,3,7,6,16,0,12,19,6,37,6,0,6,43
04/28/2011,GRI,NE,ACE,CE,Federal Contract Tower,2,12,9,1,24,0,1,37,7,45,2,13,46,8,69,16,6,22,91
04/29/2011,GRI,NE,ACE,CE,Federal Contract Tower,0,11,7,0,18,0,0,11,0,11,0,11,18,0,29,4,0,4,33
04/30/2011,GRI,NE,ACE,CE,Federal Contract Tower,0,7,9,0,16,0,1,0,6,7,0,8,9,6,23,0,0,0,23
05/01/2011,GRI,NE,ACE,CE,Federal Contract Tower,2,5,14,0,21,0,0,19,0,19,2,5,33,0,40,0,0,0,40
05/02/2011,GRI,NE,ACE,CE,Federal Contract Tower,0,8,4,0,12,0,0,16,2,18,0,8,20,2,30,2,2,4,34
05/03/2011,GRI,NE,ACE,CE,Federal Contract Tower,2,13,8,3,26,0,0,20,3,23,2,13,28,6,49,8,6,14,63
05/04/2011,GRI,NE,ACE,CE,Federal Contract Tower,0,14,9,0,23,0,1,7,7,15,0,15,16,7,38,4,8,12,50
05/05/2011,GRI,NE,ACE,CE,Federal Contract Tower,2,11,10,0,23,0,0,28,7,35,2,11,38,7,58,28,12,40,98
05/06/2011,GRI,NE,ACE,CE,Federal Contract Tower,0,12,10,0,22,0,1,2,2,5,0,13,12,2,27,0,0,0,27
05/07/2011,GRI,NE,ACE,CE,Federal Contract Tower,2,8,4,0,14,0,0,28,0,28,2,8,32,0,42,10,0,10,52
05/08/2011,GRI,NE,ACE,CE,Federal Contract Tower,2,3,3,0,8,0,0,6,0,6,2,3,9,0,14,0,0,0,14
05/09/2011,GRI,NE,ACE,CE,Federal Contract Tower,0,8,4,0,12,0,0,4,5,9,0,8,8,5,21,0,2,2,23
05/10/2011,GRI,NE,ACE,CE,Federal Contract Tower,0,13,20,0,33,0,0,27,2,29,0,13,47,2,62,12,0,12,74
05/11/2011,GRI,NE,ACE,CE,Federal Contract Tower,0,15,8,0,23,0,0,1,0,1,0,15,9,0,24,0,0,0,24
05/12/2011,GRI,NE,ACE,CE,Federal Contract Tower,2,9,4,2,17,0,2,6,2,10,2,11,10,4,27,0,22,22,49
05/13/2011,GRI,NE,ACE,CE,Federal Contract Tower,0,11,10,0,21,0,2,1,0,3,0,13,11,0,24,0,0,0,24
05/14/2011,GRI,NE,ACE,CE,Federal Contract Tower,0,8,6,0,14,0,0,2,0,2,0,8,8,0,16,0,0,0,16
05/15/2011,GRI,NE,ACE,CE,Federal Contract Tower,2,3,1,0,6,0,0,3,0,3,2,3,4,0,9,2,0,2,11
05/16/2011,GRI,NE,ACE,CE,Federal Contract Tower,0,8,7,0,15,0,0,23,2,25,0,8,30,2,40,34,4,38,78
05/17/2011,GRI,NE,ACE,CE,Federal Contract Tower,0,11,4,0,15,0,2,15,4,21,0,13,19,4,36,14,16,30,66
05/18/2011,GRI,NE,ACE,CE,Federal Contract Tower,0,15,11,0,26,0,6,8,0,14,0,21,19,0,40,0,0,0,40
05/19/2011,GRI,NE,ACE,CE,Federal Contract Tower,3,11,2,3,19,0,3,0,2,5,3,14,2,5,24,0,6,6,30
05/20/2011,GRI,NE,ACE,CE,Federal Contract Tower,0,8,6,2,16,0,0,3,0,3,0,8,9,2,19,0,0,0,19
05/21/2011,GRI,NE,ACE,CE,Federal Contract Tower,0,7,1,0,8,0,0,10,0,10,0,7,11,0,18,32,0,32,50
05/22/2011,GRI,NE,ACE,CE,Federal Contract Tower,3,3,6,0,12,0,1,19,0,20,3,4,25,0,32,16,0,16,48
05/23/2011,GRI,NE,ACE,CE,Federal Contract Tower,0,7,21,2,30,0,5,27,4,36,0,12,48,6,66,30,10,40,106
05/24/2011,GRI,NE,ACE,CE,Federal Contract Tower,0,12,5,0,17,0,0,2,0,2,0,12,7,0,19,0,0,0,19
05/25/2011,GRI,NE,ACE,CE,Federal Contract Tower,0,11,7,0,18,0,0,0,0,0,0,11,7,0,18,0,0,0,18
05/26/2011,GRI,NE,ACE,CE,Federal Contract Tower,3,11,5,0,19,0,0,37,4,41,3,11,42,4,60,16,0,16,76
05/27/2011,GRI,NE,ACE,CE,Federal Contract Tower,0,14,10,0,24,0,0,1,0,1,0,14,11,0,25,0,0,0,25
05/28/2011,GRI,NE,ACE,CE,Federal Contract Tower,0,6,4,0,10,0,2,8,0,10,0,8,12,0,20,2,0,2,22
05/29/2011,GRI,NE,ACE,CE,Federal Contract Tower,0,3,0,5,8,0,0,0,0,0,0,3,0,5,8,0,0,0,8
05/30/2011,GRI,NE,ACE,CE,Federal Contract Tower,2,5,3,0,10,0,0,1,1,2,2,5,4,1,12,0,0,0,12
05/31/2011,GRI,NE,ACE,CE,Federal Contract Tower,0,9,3,0,12,0,0,18,4,22,0,9,21,4,34,22,2,24,58
06/01/2011,GRI,NE,ACE,CE,Federal Contract Tower,0,13,11,0,24,0,0,10,2,12,0,13,21,2,36,4,0,4,40
06/02/2011,GRI,NE,ACE,CE,Federal Contract Tower,3,11,6,0,20,0,0,6,8,14,3,11,12,8,34,0,0,0,34
06/03/2011,GRI,NE,ACE,CE,Federal Contract Tower,0,13,13,0,26,0,0,17,4,21,0,13,30,4,47,40,0,40,87
06/04/2011,GRI,NE,ACE,CE,Federal Contract Tower,0,8,8,0,16,0,0,21,2,23,0,8,29,2,39,14,0,14,53
06/05/2011,GRI,NE,ACE,CE,Federal Contract Tower,4,3,5,0,12,0,0,30,0,30,4,3,35,0,42,30,0,30,72
06/06/2011,GRI,NE,ACE,CE,Federal Contract Tower,0,10,2,0,12,0,0,2,0,2,0,10,4,0,14,8,0,8,22
06/07/2011,GRI,NE,ACE,CE,Federal Contract Tower,0,10,10,0,20,0,1,14,0,15,0,11,24,0,35,4,0,4,39
06/08/2011,GRI,NE,ACE,CE,Federal Contract Tower,0,11,7,0,18,0,2,26,0,28,0,13,33,0,46,6,0,6,52
06/09/2011,GRI,NE,ACE,CE,Federal Contract Tower,3,8,9,0,20,0,0,3,2,5,3,8,12,2,25,0,0,0,25
06/10/2011,GRI,NE,ACE,CE,Federal Contract Tower,0,11,16,0,27,0,0,8,5,13,0,11,24,5,40,18,0,18,58
06/11/2011,GRI,NE,ACE,CE,Federal Contract Tower,0,8,3,0,11,0,0,18,0,18,0,8,21,0,29,10,0,10,39
06/12/2011,GRI,NE,ACE,CE,Federal Contract Tower,2,3,2,0,7,0,0,17,0,17,2,3,19,0,24,6,0,6,30
06/13/2011,GRI,NE,ACE,CE,Federal Contract Tower,0,6,8,0,14,0,0,1,0,1,0,6,9,0,15,0,0,0,15
06/14/2011,GRI,NE,ACE,CE,Federal Contract Tower,0,9,10,0,19,0,0,8,7,15,0,9,18,7,34,4,6,10,44
06/15/2011,GRI,NE,ACE,CE,Federal Contract Tower,0,11,11,0,22,0,0,22,1,23,0,11,33,1,45,18,0,18,63
06/16/2011,GRI,NE,ACE,CE,Federal Contract Tower,2,9,15,0,26,0,0,5,0,5,2,9,20,0,31,0,0,0,31
06/17/2011,GRI,NE,ACE,CE,Federal Contract Tower,0,9,8,0,17,0,0,2,3,5,0,9,10,3,22,0,0,0,22
06/18/2011,GRI,NE,ACE,CE,Federal Contract Tower,0,8,5,0,13,0,0,14,2,16,0,8,19,2,29,14,0,14,43
06/19/2011,GRI,NE,ACE,CE,Federal Contract Tower,3,2,10,0,15,0,0,13,0,13,3,2,23,0,28,4,0,4,32
06/20/2011,GRI,NE,ACE,CE,Federal Contract Tower,0,5,14,0,19,0,0,1,0,1,0,5,15,0,20,0,0,0,20
06/21/2011,GRI,NE,ACE,CE,Federal Contract Tower,0,9,14,0,23,0,7,1,0,8,0,16,15,0,31,0,0,0,31
06/22/2011,GRI,NE,ACE,CE,Federal Contract Tower,0,9,15,0,24,0,2,5,0,7,0,11,20,0,31,0,0,0,31
06/23/2011,GRI,NE,ACE,CE,Federal Contract Tower,2,9,14,0,25,0,4,32,4,40,2,13,46,4,65,36,0,36,101
06/24/2011,GRI,NE,ACE,CE,Federal Contract Tower,0,7,21,0,28,0,3,17,10,30,0,10,38,10,58,8,0,8,66
06/25/2011,GRI,NE,ACE,CE,Federal Contract Tower,1,8,14,2,25,0,2,16,0,18,1,10,30,2,43,0,0,0,43
06/26/2011,GRI,NE,ACE,CE,Federal Contract Tower,3,3,1,0,7,0,0,0,0,0,3,3,1,0,7,0,0,0,7
06/27/2011,GRI,NE,ACE,CE,Federal Contract Tower,0,6,9,0,15,0,0,23,2,25,0,6,32,2,40,4,0,4,44
06/28/2011,GRI,NE,ACE,CE,Federal Contract Tower,0,10,10,0,20,0,1,23,4,28,0,11,33,4,48,4,0,4,52
06/29/2011,GRI,NE,ACE,CE,Federal Contract Tower,0,11,15,0,26,0,0,20,3,23,0,11,35,3,49,2,0,2,51
06/30/2011,GRI,NE,ACE,CE,Federal Contract Tower,2,9,18,1,30,0,2,12,1,15,2,11,30,2,45,12,0,12,57
07/01/2011,GRI,NE,ACE,CE,Federal Contract Tower,0,11,11,2,24,0,0,14,0,14,0,11,25,2,38,12,0,12,50
07/02/2011,GRI,NE,ACE,CE,Federal Contract Tower,0,8,4,0,12,0,0,17,0,17,0,8,21,0,29,6,0,6,35
07/03/2011,GRI,NE,ACE,CE,Federal Contract Tower,2,5,1,0,8,0,0,20,0,20,2,5,21,0,28,10,0,10,38
07/04/2011,GRI,NE,ACE,CE,Federal Contract Tower,0,3,4,0,7,0,2,16,0,18,0,5,20,0,25,0,0,0,25
07/05/2011,GRI,NE,ACE,CE,Federal Contract Tower,0,8,6,0,14,0,0,13,2,15,0,8,19,2,29,6,0,6,35
07/06/2011,GRI,NE,ACE,CE,Federal Contract Tower,0,9,11,0,20,0,3,12,0,15,0,12,23,0,35,16,0,16,51
07/07/2011,GRI,NE,ACE,CE,Federal Contract Tower,2,11,7,0,20,0,2,12,3,17,2,13,19,3,37,10,0,10,47
07/08/2011,GRI,NE,ACE,CE,Federal Contract Tower,0,9,9,0,18,0,4,43,3,50,0,13,52,3,68,30,0,30,98
07/09/2011,GRI,NE,ACE,CE,Federal Contract Tower,0,10,4,0,14,0,0,24,0,24,0,10,28,0,38,30,0,30,68
07/10/2011,GRI,NE,ACE,CE,Federal Contract Tower,2,3,5,0,10,0,0,24,0,24,2,3,29,0,34,14,0,14,48
07/11/2011,GRI,NE,ACE,CE,Federal Contract Tower,0,5,5,0,10,0,0,8,0,8,0,5,13,0,18,4,0,4,22
07/12/2011,GRI,NE,ACE,CE,Federal Contract Tower,0,9,18,0,27,0,0,0,0,0,0,9,18,0,27,2,2,4,31
07/13/2011,GRI,NE,ACE,CE,Federal Contract Tower,0,9,17,0,26,0,0,3,0,3,0,9,20,0,29,0,0,0,29
07/14/2011,GRI,NE,ACE,CE,Federal Contract Tower,2,9,14,0,25,0,29,2,0,31,2,38,16,0,56,8,0,8,64
07/15/2011,GRI,NE,ACE,CE,Federal Contract Tower,0,9,6,0,15,0,0,13,0,13,0,9,19,0,28,2,0,2,30
07/16/2011,GRI,NE,ACE,CE,Federal Contract Tower,0,8,5,2,15,0,0,21,0,21,0,8,26,2,36,18,0,18,54
07/17/2011,GRI,NE,ACE,CE,Federal Contract Tower,2,2,7,0,11,0,0,15,1,16,2,2,22,1,27,8,0,8,35
07/18/2011,GRI,NE,ACE,CE,Federal Contract Tower,0,6,5,1,12,0,2,11,0,13,0,8,16,1,25,10,0,10,35
07/19/2011,GRI,NE,ACE,CE,Federal Contract Tower,0,9,7,2,18,0,4,6,10,20,0,13,13,12,38,0,4,4,42
07/20/2011,GRI,NE,ACE,CE,Federal Contract Tower,0,11,8,2,21,0,0,15,0,15,0,11,23,2,36,16,0,16,52
07/21/2011,GRI,NE,ACE,CE,Federal Contract Tower,3,10,11,0,24,0,1,24,10,35,3,11,35,10,59,40,0,40,99
07/22/2011,GRI,NE,ACE,CE,Federal Contract Tower,0,9,14,0,23,0,7,23,0,30,0,16,37,0,53,14,0,14,67
07/23/2011,GRI,NE,ACE,CE,Federal Contract Tower,0,7,9,0,16,0,0,23,3,26,0,7,32,3,42,4,0,4,46
07/24/2011,GRI,NE,ACE,CE,Federal Contract Tower,2,3,14,0,19,0,0,9,0,9,2,3,23,0,28,0,0,0,28
07/25/2011,GRI,NE,ACE,CE,Federal Contract Tower,0,6,14,1,21,0,0,18,0,18,0,6,32,1,39,12,0,12,51
07/26/2011,GRI,NE,ACE,CE,Federal Contract Tower,0,9,1,0,10,0,0,28,0,28,0,9,29,0,38,6,0,6,44
07/27/2011,GRI,NE,ACE,CE,Federal Contract Tower,0,9,12,0,21,0,0,28,0,28,0,9,40,0,49,0,0,0,49
07/28/2011,GRI,NE,ACE,CE,Federal Contract Tower,3,9,14,0,26,0,0,21,0,21,3,9,35,0,47,16,0,16,63
07/29/2011,GRI,NE,ACE,CE,Federal Contract Tower,0,9,17,0,26,0,0,10,0,10,0,9,27,0,36,0,0,0,36
07/30/2011,GRI,NE,ACE,CE,Federal Contract Tower,0,6,7,0,13,0,0,29,0,29,0,6,36,0,42,4,0,4,46
07/31/2011,GRI,NE,ACE,CE,Federal Contract Tower,2,6,20,0,28,0,0,33,0,33,2,6,53,0,61,0,0,0,61
08/01/2011,GRI,NE,ACE,CE,Federal Contract Tower,0,6,11,0,17,0,0,10,0,10,0,6,21,0,27,0,0,0,27
08/02/2011,GRI,NE,ACE,CE,Federal Contract Tower,0,13,8,0,21,0,0,12,3,15,0,13,20,3,36,8,0,8,44
08/03/2011,GRI,NE,ACE,CE,Federal Contract Tower,0,11,9,0,20,0,0,16,0,16,0,11,25,0,36,10,0,10,46
08/04/2011,GRI,NE,ACE,CE,Federal Contract Tower,3,10,4,2,19,0,0,14,1,15,3,10,18,3,34,22,0,22,56
08/05/2011,GRI,NE,ACE,CE,Federal Contract Tower,0,8,14,1,23,0,0,26,2,28,0,8,40,3,51,52,0,52,103
08/06/2011,GRI,NE,ACE,CE,Federal Contract Tower,0,5,6,0,11,0,0,7,3,10,0,5,13,3,21,0,0,0,21
08/07/2011,GRI,NE,ACE,CE,Federal Contract Tower,3,5,3,0,11,0,0,26,3,29,3,5,29,3,40,16,8,24,64
08/08/2011,GRI,NE,ACE,CE,Federal Contract Tower,0,8,7,2,17,0,0,21,0,21,0,8,28,2,38,8,8,16,54
08/09/2011,GRI,NE,ACE,CE,Federal Contract Tower,0,14,13,0,27,0,0,34,0,34,0,14,47,0,61,14,0,14,75
08/10/2011,GRI,NE,ACE,CE,Federal Contract Tower,0,9,15,0,24,0,0,15,0,15,0,9,30,0,39,32,0,32,71
08/11/2011,GRI,NE,ACE,CE,Federal Contract Tower,3,8,9,2,22,0,0,25,5,30,3,8,34,7,52,16,0,16,68
08/12/2011,GRI,NE,ACE,CE,Federal Contract Tower,1,10,7,0,18,0,0,0,0,0,1,10,7,0,18,8,0,8,26
08/13/2011,GRI,NE,ACE,CE,Federal Contract Tower,0,8,3,0,11,0,0,19,0,19,0,8,22,0,30,0,0,0,30
08/14/2011,GRI,NE,ACE,CE,Federal Contract Tower,3,5,4,0,12,0,0,14,0,14,3,5,18,0,26,0,0,0,26
08/15/2011,GRI,NE,ACE,CE,Federal Contract Tower,2,6,9,2,19,0,0,4,0,4,2,6,13,2,23,4,0,4,27
08/16/2011,GRI,NE,ACE,CE,Federal Contract Tower,0,13,17,0,30,0,2,1,3,6,0,15,18,3,36,0,0,0,36
08/17/2011,GRI,NE,ACE,CE,Federal Contract Tower,2,10,15,0,27,0,3,19,4,26,2,13,34,4,53,14,0,14,67
08/18/2011,GRI,NE,ACE,CE,Federal Contract Tower,2,9,9,0,20,0,0,0,0,0,2,9,9,0,20,12,0,12,32
08/19/2011,GRI,NE,ACE,CE,Federal Contract Tower,0,12,11,0,23,0,0,12,0,12,0,12,23,0,35,0,0,0,35
08/20/2011,GRI,NE,ACE,CE,Federal Contract Tower,2,8,9,0,19,0,0,3,0,3,2,8,12,0,22,0,0,0,22
08/21/2011,GRI,NE,ACE,CE,Federal Contract Tower,2,3,8,0,13,0,7,5,0,12,2,10,13,0,25,4,0,4,29
08/22/2011,GRI,NE,ACE,CE,Federal Contract Tower,0,8,6,0,14,0,0,11,0,11,0,8,17,0,25,4,0,4,29
08/23/2011,GRI,NE,ACE,CE,Federal Contract Tower,0,10,18,0,28,0,0,40,2,42,0,10,58,2,70,24,8,32,102
08/24/2011,GRI,NE,ACE,CE,Federal Contract Tower,0,9,7,4,20,0,0,13,7,20,0,9,20,11,40,4,0,4,44
08/25/2011,GRI,NE,ACE,CE,Federal Contract Tower,2,8,18,4,32,0,0,21,7,28,2,8,39,11,60,16,4,20,80
08/26/2011,GRI,NE,ACE,CE,Federal Contract Tower,0,9,22,0,31,0,0,29,2,31,0,9,51,2,62,20,0,20,82
08/27/2011,GRI,NE,ACE,CE,Federal Contract Tower,0,8,9,0,17,0,0,8,0,8,0,8,17,0,25,0,0,0,25
08/28/2011,GRI,NE,ACE,CE,Federal Contract Tower,2,3,2,1,8,0,0,6,1,7,2,3,8,2,15,2,0,2,17
08/29/2011,GRI,NE,ACE,CE,Federal Contract Tower,0,6,9,3,18,0,1,5,2,8,0,7,14,5,26,8,8,16,42
08/30/2011,GRI,NE,ACE,CE,Federal Contract Tower,0,15,5,1,21,0,0,7,3,10,0,15,12,4,31,2,0,2,33
08/31/2011,GRI,NE,ACE,CE,Federal Contract Tower,0,9,17,2,28,0,1,36,6,43,0,10,53,8,71,2,2,4,75
09/01/2011,GRI,NE,ACE,CE,Federal Contract Tower,2,9,13,0,24,0,0,28,4,32,2,9,41,4,56,8,6,14,70
09/02/2011,GRI,NE,ACE,CE,Federal Contract Tower,0,9,12,0,21,0,0,4,1,5,0,9,16,1,26,0,0,0,26
09/03/2011,GRI,NE,ACE,CE,Federal Contract Tower,0,10,8,0,18,0,0,2,0,2,0,10,10,0,20,0,0,0,20
09/04/2011,GRI,NE,ACE,CE,Federal Contract Tower,2,3,6,0,11,0,0,27,1,28,2,3,33,1,39,28,0,28,67
09/05/2011,GRI,NE,ACE,CE,Federal Contract Tower,0,2,3,0,5,0,0,38,0,38,0,2,41,0,43,36,0,36,79
09/06/2011,GRI,NE,ACE,CE,Federal Contract Tower,0,7,6,2,15,0,0,21,4,25,0,7,27,6,40,14,0,14,54
09/07/2011,GRI,NE,ACE,CE,Federal Contract Tower,0,15,15,2,32,0,2,33,5,40,0,17,48,7,72,2,8,10,82
09/08/2011,GRI,NE,ACE,CE,Federal Contract Tower,2,10,16,0,28,0,0,33,0,33,2,10,49,0,61,16,0,16,77
09/09/2011,GRI,NE,ACE,CE,Federal Contract Tower,0,9,17,0,26,0,0,23,1,24,0,9,40,1,50,0,0,0,50
09/10/2011,GRI,NE,ACE,CE,Federal Contract Tower,0,11,7,0,18,0,0,24,0,24,0,11,31,0,42,22,0,22,64
09/11/2011,GRI,NE,ACE,CE,Federal Contract Tower,2,3,24,0,29,0,0,33,0,33,2,3,57,0,62,8,0,8,70
09/12/2011,GRI,NE,ACE,CE,Federal Contract Tower,0,5,8,0,13,0,0,24,0,24,0,5,32,0,37,0,0,0,37
09/13/2011,GRI,NE,ACE,CE,Federal Contract Tower,0,9,11,0,20,0,0,47,1,48,0,9,58,1,68,10,2,12,80
09/14/2011,GRI,NE,ACE,CE,Federal Contract Tower,0,10,25,0,35,0,1,13,4,18,0,11,38,4,53,0,2,2,55
09/15/2011,GRI,NE,ACE,CE,Federal Contract Tower,2,16,28,0,46,0,0,23,2,25,2,16,51,2,71,10,0,10,81
09/16/2011,GRI,NE,ACE,CE,Federal Contract Tower,0,8,14,0,22,0,0,4,3,7,0,8,18,3,29,0,0,0,29
09/17/2011,GRI,NE,ACE,CE,Federal Contract Tower,0,11,3,0,14,0,0,0,0,0,0,11,3,0,14,0,0,0,14
09/18/2011,GRI,NE,ACE,CE,Federal Contract Tower,2,3,8,0,13,0,0,9,2,11,2,3,17,2,24,0,0,0,24
09/19/2011,GRI,NE,ACE,CE,Federal Contract Tower,0,6,11,1,18,0,0,13,1,14,0,6,24,2,32,0,0,0,32
09/20/2011,GRI,NE,ACE,CE,Federal Contract Tower,0,11,14,0,25,0,2,12,0,14,0,13,26,0,39,6,0,6,45
09/21/2011,GRI,NE,ACE,CE,Federal Contract Tower,0,11,21,0,32,0,2,24,3,29,0,13,45,3,61,12,8,20,81
09/22/2011,GRI,NE,ACE,CE,Federal Contract Tower,2,6,19,0,27,0,7,23,0,30,2,13,42,0,57,24,0,24,81
09/23/2011,GRI,NE,ACE,CE,Federal Contract Tower,1,12,8,0,21,0,2,20,0,22,1,14,28,0,43,6,0,6,49
09/24/2011,GRI,NE,ACE,CE,Federal Contract Tower,1,8,7,0,16,0,0,23,0,23,1,8,30,0,39,2,0,2,41
09/25/2011,GRI,NE,ACE,CE,Federal Contract Tower,2,4,5,0,11,0,2,21,0,23,2,6,26,0,34,14,0,14,48
09/26/2011,GRI,NE,ACE,CE,Federal Contract Tower,0,6,8,0,14,0,3,25,2,30,0,9,33,2,44,22,0,22,66
09/27/2011,GRI,NE,ACE,CE,Federal Contract Tower,0,9,7,0,16,0,0,16,2,18,0,9,23,2,34,2,0,2,36
09/28/2011,GRI,NE,ACE,CE,Federal Contract Tower,0,9,10,0,19,0,0,24,5,29,0,9,34,5,48,16,4,20,68
09/29/2011,GRI,NE,ACE,CE,Federal Contract Tower,4,9,13,0,26,0,0,6,0,6,4,9,19,0,32,0,0,0,32
09/30/2011,GRI,NE,ACE,CE,Federal Contract Tower,0,9,7,0,16,0,0,12,5,17,0,9,19,5,33,8,0,8,41
10/01/2011,GRI,NE,ACE,CE,Federal Contract Tower,0,8,5,0,13,0,0,26,0,26,0,8,31,0,39,20,0,20,59
10/02/2011,GRI,NE,ACE,CE,Federal Contract Tower,4,3,13,0,20,0,0,17,0,17,4,3,30,0,37,26,0,26,63
10/03/2011,GRI,NE,ACE,CE,Federal Contract Tower,0,6,9,0,15,0,0,10,0,10,0,6,19,0,25,2,0,2,27
10/04/2011,GRI,NE,ACE,CE,Federal Contract Tower,2,8,3,2,15,0,0,9,2,11,2,8,12,4,26,0,0,0,26
10/05/2011,GRI,NE,ACE,CE,Federal Contract Tower,0,13,4,2,19,0,0,12,8,20,0,13,16,10,39,0,0,0,39
10/06/2011,GRI,NE,ACE,CE,Federal Contract Tower,4,10,11,2,27,0,0,4,4,8,4,10,15,6,35,16,0,16,51
10/07/2011,GRI,NE,ACE,CE,Federal Contract Tower,0,10,8,0,18,0,0,4,0,4,0,10,12,0,22,0,0,0,22
10/08/2011,GRI,NE,ACE,CE,Federal Contract Tower,0,9,8,0,17,0,0,2,0,2,0,9,10,0,19,0,0,0,19
10/09/2011,GRI,NE,ACE,CE,Federal Contract Tower,5,3,9,0,17,0,0,0,0,0,5,3,9,0,17,0,0,0,17
10/10/2011,GRI,NE,ACE,CE,Federal Contract Tower,0,6,12,0,18,0,0,11,8,19,0,6,23,8,37,6,0,6,43
10/11/2011,GRI,NE,ACE,CE,Federal Contract Tower,0,11,5,0,16,0,2,7,8,17,0,13,12,8,33,0,0,0,33
10/12/2011,GRI,NE,ACE,CE,Federal Contract Tower,2,9,6,0,17,0,2,8,3,13,2,11,14,3,30,4,0,4,34
10/13/2011,GRI,NE,ACE,CE,Federal Contract Tower,4,9,11,0,24,0,0,20,9,29,4,9,31,9,53,8,8,16,69
10/14/2011,GRI,NE,ACE,CE,Federal Contract Tower,0,9,10,0,19,0,0,16,2,18,0,9,26,2,37,8,0,8,45
10/15/2011,GRI,NE,ACE,CE,Federal Contract Tower,0,8,8,0,16,0,0,27,1,28,0,8,35,1,44,12,0,12,56
10/16/2011,GRI,NE,ACE,CE,Federal Contract Tower,4,3,6,0,13,0,0,12,0,12,4,3,18,0,25,4,0,4,29
10/17/2011,GRI,NE,ACE,CE,Federal Contract Tower,0,6,4,0,10,0,0,15,0,15,0,6,19,0,25,22,0,22,47
10/18/2011,GRI,NE,ACE,CE,Federal Contract Tower,0,9,11,2,22,0,2,14,8,24,0,11,25,10,46,4,2,6,52
10/19/2011,GRI,NE,ACE,CE,Federal Contract Tower,0,9,19,0,28,0,2,18,4,24,0,11,37,4,52,4,0,4,56
10/20/2011,GRI,NE,ACE,CE,Federal Contract Tower,4,9,13,0,26,0,0,29,5,34,4,9,42,5,60,0,0,0,60
10/21/2011,GRI,NE,ACE,CE,Federal Contract Tower,0,9,9,0,18,0,2,19,4,25,0,11,28,4,43,0,0,0,43
10/22/2011,GRI,NE,ACE,CE,Federal Contract Tower,0,7,4,0,11,0,1,21,2,24,0,8,25,2,35,16,0,16,51
10/23/2011,GRI,NE,ACE,CE,Federal Contract Tower,4,3,10,0,17,0,0,34,4,38,4,3,44,4,55,8,0,8,63
10/24/2011,GRI,NE,ACE,CE,Federal Contract Tower,0,6,4,0,10,0,0,10,0,10,0,6,14,0,20,0,0,0,20
10/25/2011,GRI,NE,ACE,CE,Federal Contract Tower,0,9,16,0,25,0,2,13,0,15,0,11,29,0,40,6,0,6,46
10/26/2011,GRI,NE,ACE,CE,Federal Contract Tower,2,10,13,1,26,0,0,14,9,23,2,10,27,10,49,0,14,14,63
10/27/2011,GRI,NE,ACE,CE,Federal Contract Tower,4,10,18,6,38,0,0,24,2,26,4,10,42,8,64,14,0,14,78
10/28/2011,GRI,NE,ACE,CE,Federal Contract Tower,0,12,17,0,29,0,0,30,2,32,0,12,47,2,61,10,0,10,71
10/29/2011,GRI,NE,ACE,CE,Federal Contract Tower,2,11,2,0,15,0,0,20,0,20,2,11,22,0,35,22,0,22,57
10/30/2011,GRI,NE,ACE,CE,Federal Contract Tower,4,3,6,0,13,0,0,7,0,7,4,3,13,0,20,2,0,2,22
10/31/2011,GRI,NE,ACE,CE,Federal Contract Tower,0,6,5,0,11,0,0,12,0,12,0,6,17,0,23,4,0,4,27
11/01/2011,GRI,NE,ACE,CE,Federal Contract Tower,0,11,10,0,21,0,0,9,0,9,0,11,19,0,30,0,0,0,30
11/02/2011,GRI,NE,ACE,CE,Federal Contract Tower,0,11,8,0,19,0,0,0,0,0,0,11,8,0,19,0,0,0,19
11/03/2011,GRI,NE,ACE,CE,Federal Contract Tower,6,7,18,0,31,0,0,26,4,30,6,7,44,4,61,0,2,2,63
11/04/2011,GRI,NE,ACE,CE,Federal Contract Tower,0,9,9,0,18,0,0,20,4,24,0,9,29,4,42,6,14,20,62
11/05/2011,GRI,NE,ACE,CE,Federal Contract Tower,0,7,12,0,19,0,0,8,0,8,0,7,20,0,27,0,0,0,27
11/06/2011,GRI,NE,ACE,CE,Federal Contract Tower,4,3,8,2,17,0,0,11,4,15,4,3,19,6,32,16,0,16,48
11/07/2011,GRI,NE,ACE,CE,Federal Contract Tower,0,8,7,0,15,0,0,10,2,12,0,8,17,2,27,0,0,0,27
11/08/2011,GRI,NE,ACE,CE,Federal Contract Tower,0,9,2,0,11,0,0,0,0,0,0,9,2,0,11,0,0,0,11
11/09/2011,GRI,NE,ACE,CE,Federal Contract Tower,0,9,11,2,22,0,0,12,3,15,0,9,23,5,37,4,2,6,43
11/10/2011,GRI,NE,ACE,CE,Federal Contract Tower,4,9,8,0,21,0,0,15,7,22,4,9,23,7,43,6,0,6,49
11/11/2011,GRI,NE,ACE,CE,Federal Contract Tower,0,9,11,0,20,0,0,18,0,18,0,9,29,0,38,2,0,2,40
11/12/2011,GRI,NE,ACE,CE,Federal Contract Tower,0,8,1,0,9,0,0,18,0,18,0,8,19,0,27,14,0,14,41
11/13/2011,GRI,NE,ACE,CE,Federal Contract Tower,4,3,5,0,12,0,0,10,0,10,4,3,15,0,22,2,0,2,24
11/14/2011,GRI,NE,ACE,CE,Federal Contract Tower,2,6,9,3,20,0,0,12,0,12,2,6,21,3,32,4,0,4,36
11/15/2011,GRI,NE,ACE,CE,Federal Contract Tower,0,9,11,2,22,0,0,15,3,18,0,9,26,5,40,10,2,12,52
11/16/2011,GRI,NE,ACE,CE,Federal Contract Tower,0,11,21,0,32,0,0,19,2,21,0,11,40,2,53,0,0,0,53
11/17/2011,GRI,NE,ACE,CE,Federal Contract Tower,2,9,12,1,24,0,0,7,1,8,2,9,19,2,32,0,0,0,32
11/18/2011,GRI,NE,ACE,CE,Federal Contract Tower,2,9,16,0,27,0,0,14,6,20,2,9,30,6,47,12,8,20,67
11/19/2011,GRI,NE,ACE,CE,Federal Contract Tower,0,8,7,0,15,0,0,1,0,1,0,8,8,0,16,0,0,0,16
11/20/2011,GRI,NE,ACE,CE,Federal Contract Tower,2,3,7,0,12,0,0,19,0,19,2,3,26,0,31,32,0,32,63
11/21/2011,GRI,NE,ACE,CE,Federal Contract Tower,2,7,9,2,20,0,0,20,6,26,2,7,29,8,46,40,2,42,88
11/22/2011,GRI,NE,ACE,CE,Federal Contract Tower,0,9,13,2,24,0,5,26,2,33,0,14,39,4,57,18,0,18,75
11/23/2011,GRI,NE,ACE,CE,Federal Contract Tower,2,7,9,0,18,0,2,18,0,20,2,9,27,0,38,6,0,6,44
11/24/2011,GRI,NE,ACE,CE,Federal Contract Tower,0,1,1,0,2,0,0,4,0,4,0,1,5,0,6,0,0,0,6
11/25/2011,GRI,NE,ACE,CE,Federal Contract Tower,3,11,10,0,24,0,0,5,0,5,3,11,15,0,29,0,0,0,29
11/26/2011,GRI,NE,ACE,CE,Federal Contract Tower,3,8,2,0,13,0,0,1,0,1,3,8,3,0,14,0,0,0,14
11/27/2011,GRI,NE,ACE,CE,Federal Contract Tower,2,3,2,0,7,0,0,19,0,19,2,3,21,0,26,22,0,22,48
11/28/2011,GRI,NE,ACE,CE,Federal Contract Tower,2,5,10,0,17,0,0,2,0,2,2,5,12,0,19,0,0,0,19
11/29/2011,GRI,NE,ACE,CE,Federal Contract Tower,0,8,10,2,20,0,4,7,4,15,0,12,17,6,35,4,0,4,39
11/30/2011,GRI,NE,ACE,CE,Federal Contract Tower,2,10,6,0,18,0,3,9,3,15,2,13,15,3,33,4,2,6,39
12/01/2011,GRI,NE,ACE,CE,Federal Contract Tower,4,12,10,0,26,0,0,3,3,6,4,12,13,3,32,10,0,10,42
12/02/2011,GRI,NE,ACE,CE,Federal Contract Tower,2,9,15,0,26,0,0,17,6,23,2,9,32,6,49,18,0,18,67
12/03/2011,GRI,NE,ACE,CE,Federal Contract Tower,0,7,3,0,10,0,0,0,0,0,0,7,3,0,10,0,0,0,10
12/04/2011,GRI,NE,ACE,CE,Federal Contract Tower,3,3,2,3,11,0,0,5,0,5,3,3,7,3,16,8,0,8,24
12/05/2011,GRI,NE,ACE,CE,Federal Contract Tower,2,6,6,2,16,0,0,5,0,5,2,6,11,2,21,0,0,0,21
12/06/2011,GRI,NE,ACE,CE,Federal Contract Tower,0,9,3,2,14,0,0,27,5,32,0,9,30,7,46,18,2,20,66
12/07/2011,GRI,NE,ACE,CE,Federal Contract Tower,0,11,6,0,17,0,0,23,7,30,0,11,29,7,47,2,0,2,49
12/08/2011,GRI,NE,ACE,CE,Federal Contract Tower,3,11,5,0,19,0,0,1,0,1,3,11,6,0,20,0,0,0,20
12/09/2011,GRI,NE,ACE,CE,Federal Contract Tower,3,13,14,0,30,0,0,0,2,2,3,13,14,2,32,0,6,6,38
12/10/2011,GRI,NE,ACE,CE,Federal Contract Tower,0,10,7,0,17,0,0,13,0,13,0,10,20,0,30,4,0,4,34
12/11/2011,GRI,NE,ACE,CE,Federal Contract Tower,4,2,3,0,9,0,0,0,0,0,4,2,3,0,9,0,0,0,9
12/12/2011,GRI,NE,ACE,CE,Federal Contract Tower,2,10,6,0,18,0,0,0,0,0,2,10,6,0,18,0,0,0,18
12/13/2011,GRI,NE,ACE,CE,Federal Contract Tower,0,11,3,0,14,0,0,0,0,0,0,11,3,0,14,0,0,0,14
12/14/2011,GRI,NE,ACE,CE,Federal Contract Tower,2,13,11,0,26,0,1,0,1,2,2,14,11,1,28,0,2,2,30
12/15/2011,GRI,NE,ACE,CE,Federal Contract Tower,2,8,13,0,23,0,0,9,11,20,2,8,22,11,43,8,42,50,93
12/16/2011,GRI,NE,ACE,CE,Federal Contract Tower,2,9,6,2,19,0,0,22,8,30,2,9,28,10,49,4,8,12,61
12/17/2011,GRI,NE,ACE,CE,Federal Contract Tower,2,6,8,2,18,0,0,15,0,15,2,6,23,2,33,2,0,2,35
12/18/2011,GRI,NE,ACE,CE,Federal Contract Tower,2,2,0,0,4,0,0,16,0,16,2,2,16,0,20,8,0,8,28
12/19/2011,GRI,NE,ACE,CE,Federal Contract Tower,2,5,11,0,18,0,0,1,0,1,2,5,12,0,19,0,0,0,19
12/20/2011,GRI,NE,ACE,CE,Federal Contract Tower,0,9,18,0,27,0,1,6,6,13,0,10,24,6,40,2,20,22,62
12/21/2011,GRI,NE,ACE,CE,Federal Contract Tower,0,10,17,0,27,0,3,28,6,37,0,13,45,6,64,34,10,44,108
12/22/2011,GRI,NE,ACE,CE,Federal Contract Tower,2,14,6,3,25,0,1,6,10,17,2,15,12,13,42,0,16,16,58
12/23/2011,GRI,NE,ACE,CE,Federal Contract Tower,2,8,6,0,16,0,0,24,4,28,2,8,30,4,44,56,0,56,100
12/24/2011,GRI,NE,ACE,CE,Federal Contract Tower,2,5,5,0,12,0,0,12,0,12,2,5,17,0,24,14,0,14,38
12/25/2011,GRI,NE,ACE,CE,Federal Contract Tower,0,3,1,0,4,0,0,0,0,0,0,3,1,0,4,2,0,2,6
12/26/2011,GRI,NE,ACE,CE,Federal Contract Tower,2,2,6,0,10,0,0,12,0,12,2,2,18,0,22,14,0,14,36
12/27/2011,GRI,NE,ACE,CE,Federal Contract Tower,2,6,9,0,17,0,0,21,0,21,2,6,30,0,38,6,0,6,44
12/28/2011,GRI,NE,ACE,CE,Federal Contract Tower,0,11,4,0,15,0,0,32,4,36,0,11,36,4,51,36,2,38,89
12/29/2011,GRI,NE,ACE,CE,Federal Contract Tower,2,7,6,0,15,0,1,31,2,34,2,8,37,2,49,40,0,40,89
12/30/2011,GRI,NE,ACE,CE,Federal Contract Tower,2,10,9,0,21,0,0,14,0,14,2,10,23,0,35,0,0,0,35
12/31/2011,GRI,NE,ACE,CE,Federal Contract Tower,2,5,5,0,12,0,0,3,0,3,2,5,8,0,15,0,0,0,15
01/01/2012,GRI,NE,ACE,CE,Federal Contract Tower,0,2,2,0,4,0,0,5,0,5,0,2,7,0,9,8,0,8,17
01/02/2012,GRI,NE,ACE,CE,Federal Contract Tower,2,2,2,0,6,0,0,9,0,9,2,2,11,0,15,0,0,0,15
01/03/2012,GRI,NE,ACE,CE,Federal Contract Tower,2,7,4,0,13,0,0,10,0,10,2,7,14,0,23,0,0,0,23
01/04/2012,GRI,NE,ACE,CE,Federal Contract Tower,0,10,10,1,21,0,0,17,8,25,0,10,27,9,46,18,4,22,68
01/05/2012,GRI,NE,ACE,CE,Federal Contract Tower,2,10,12,0,24,0,0,22,6,28,2,10,34,6,52,6,12,18,70
01/06/2012,GRI,NE,ACE,CE,Federal Contract Tower,2,7,18,0,27,0,0,11,5,16,2,7,29,5,43,10,0,10,53
01/07/2012,GRI,NE,ACE,CE,Federal Contract Tower,0,7,12,4,23,0,0,24,0,24,0,7,36,4,47,26,0,26,73
01/08/2012,GRI,NE,ACE,CE,Federal Contract Tower,2,3,5,0,10,0,0,6,0,6,2,3,11,0,16,16,0,16,32
01/09/2012,GRI,NE,ACE,CE,Federal Contract Tower,2,6,4,0,12,0,1,15,0,16,2,7,19,0,28,8,0,8,36
01/10/2012,GRI,NE,ACE,CE,Federal Contract Tower,0,8,11,0,19,0,0,24,3,27,0,8,35,3,46,12,6,18,64
01/11/2012,GRI,NE,ACE,CE,Federal Contract Tower,0,9,13,0,22,0,0,0,0,0,0,9,13,0,22,0,0,0,22
01/12/2012,GRI,NE,ACE,CE,Federal Contract Tower,2,8,12,2,24,0,0,4,5,9,2,8,16,7,33,0,10,10,43
01/13/2012,GRI,NE,ACE,CE,Federal Contract Tower,2,4,9,0,15,0,0,7,0,7,2,4,16,0,22,8,0,8,30
01/14/2012,GRI,NE,ACE,CE,Federal Contract Tower,0,11,4,0,15,0,0,12,2,14,0,11,16,2,29,0,0,0,29
01/15/2012,GRI,NE,ACE,CE,Federal Contract Tower,2,2,0,0,4,0,0,18,0,18,2,2,18,0,22,28,0,28,50
01/16/2012,GRI,NE,ACE,CE,Federal Contract Tower,2,5,4,0,11,0,0,7,0,7,2,5,11,0,18,6,0,6,24
01/17/2012,GRI,NE,ACE,CE,Federal Contract Tower,0,8,3,0,11,0,0,12,2,14,0,8,15,2,25,0,4,4,29
01/18/2012,GRI,NE,ACE,CE,Federal Contract Tower,0,16,14,0,30,0,0,17,9,26,0,16,31,9,56,2,4,6,62
01/19/2012,GRI,NE,ACE,CE,Federal Contract Tower,2,8,10,0,20,0,0,9,5,14,2,8,19,5,34,4,20,24,58
01/20/2012,GRI,NE,ACE,CE,Federal Contract Tower,2,8,6,4,20,0,0,10,18,28,2,8,16,22,48,4,20,24,72
01/21/2012,GRI,NE,ACE,CE,Federal Contract Tower,0,7,2,0,9,0,2,12,19,33,0,9,14,19,42,0,60,60,102
01/22/2012,GRI,NE,ACE,CE,Federal Contract Tower,2,4,2,0,8,0,0,13,0,13,2,4,15,0,21,0,42,42,63
01/23/2012,GRI,NE,ACE,CE,Federal Contract Tower,2,5,8,0,15,0,0,2,0,2,2,5,10,0,17,0,0,0,17
01/24/2012,GRI,NE,ACE,CE,Federal Contract Tower,0,10,8,5,23,0,0,1,3,4,0,10,9,8,27,0,20,20,47
01/25/2012,GRI,NE,ACE,CE,Federal Contract Tower,0,14,16,2,32,0,0,11,6,17,0,14,27,8,49,0,58,58,107
01/26/2012,GRI,NE,ACE,CE,Federal Contract Tower,2,8,12,2,24,0,0,10,7,17,2,8,22,9,41,6,14,20,61
01/27/2012,GRI,NE,ACE,CE,Federal Contract Tower,2,8,5,0,15,0,0,3,3,6,2,8,8,3,21,0,0,0,21
01/28/2012,GRI,NE,ACE,CE,Federal Contract Tower,0,6,2,0,8,0,0,9,0,9,0,6,11,0,17,6,0,6,23
01/29/2012,GRI,NE,ACE,CE,Federal Contract Tower,2,2,10,0,14,0,0,12,1,13,2,2,22,1,27,0,0,0,27
01/30/2012,GRI,NE,ACE,CE,Federal Contract Tower,2,5,7,0,14,0,0,18,0,18,2,5,25,0,32,46,0,46,78
01/31/2012,GRI,NE,ACE,CE,Federal Contract Tower,0,8,9,3,20,0,0,22,5,27,0,8,31,8,47,16,14,30,77
02/01/2012,GRI,NE,ACE,CE,Federal Contract Tower,0,11,15,0,26,0,0,41,6,47,0,11,56,6,73,28,42,70,143
02/02/2012,GRI,NE,ACE,CE,Federal Contract Tower,2,12,16,2,32,0,0,23,5,28,2,12,39,7,60,6,0,6,66
02/03/2012,GRI,NE,ACE,CE,Federal Contract Tower,2,4,3,4,13,0,0,2,0,2,2,4,5,4,15,0,12,12,27
02/04/2012,GRI,NE,ACE,CE,Federal Contract Tower,0,2,1,0,3,0,0,0,0,0,0,2,1,0,3,0,0,0,3
02/05/2012,GRI,NE,ACE,CE,Federal Contract Tower,2,2,0,0,4,0,0,13,0,13,2,2,13,0,17,4,0,4,21
02/06/2012,GRI,NE,ACE,CE,Federal Contract Tower,2,5,7,0,14,0,0,11,0,11,2,5,18,0,25,0,0,0,25
02/07/2012,GRI,NE,ACE,CE,Federal Contract Tower,0,8,5,4,17,0,0,0,0,0,0,8,5,4,17,0,0,0,17
02/08/2012,GRI,NE,ACE,CE,Federal Contract Tower,2,9,12,2,25,0,0,9,11,20,2,9,21,13,45,0,32,32,77
02/09/2012,GRI,NE,ACE,CE,Federal Contract Tower,2,10,4,0,16,0,0,8,5,13,2,10,12,5,29,4,8,12,41
02/10/2012,GRI,NE,ACE,CE,Federal Contract Tower,2,9,11,0,22,0,0,12,5,17,2,9,23,5,39,10,2,12,51
02/11/2012,GRI,NE,ACE,CE,Federal Contract Tower,2,6,7,0,15,0,0,10,1,11,2,6,17,1,26,2,0,2,28
02/12/2012,GRI,NE,ACE,CE,Federal Contract Tower,2,4,4,0,10,0,0,4,0,4,2,4,8,0,14,0,0,0,14
02/13/2012,GRI,NE,ACE,CE,Federal Contract Tower,2,7,3,0,12,0,0,5,0,5,2,7,8,0,17,0,0,0,17
02/14/2012,GRI,NE,ACE,CE,Federal Contract Tower,0,10,12,3,25,0,0,28,6,34,0,10,40,9,59,12,6,18,77
02/15/2012,GRI,NE,ACE,CE,Federal Contract Tower,2,10,16,1,29,0,0,13,8,21,2,10,29,9,50,8,0,8,58
02/16/2012,GRI,NE,ACE,CE,Federal Contract Tower,2,10,16,0,28,0,0,19,5,24,2,10,35,5,52,8,0,8,60
02/17/2012,GRI,NE,ACE,CE,Federal Contract Tower,2,10,11,0,23,0,0,22,3,25,2,10,33,3,48,2,0,2,50
02/18/2012,GRI,NE,ACE,CE,Federal Contract Tower,0,7,9,0,16,0,0,23,2,25,0,7,32,2,41,6,0,6,47
02/19/2012,GRI,NE,ACE,CE,Federal Contract Tower,2,2,11,0,15,0,0,8,0,8,2,2,19,0,23,4,0,4,27
02/20/2012,GRI,NE,ACE,CE,Federal Contract Tower,2,5,2,0,9,0,0,0,0,0,2,5,2,0,9,0,0,0,9
02/21/2012,GRI,NE,ACE,CE,Federal Contract Tower,0,10,6,0,16,0,0,24,2,26,0,10,30,2,42,14,4,18,60
02/22/2012,GRI,NE,ACE,CE,Federal Contract Tower,0,10,4,2,16,0,0,12,4,16,0,10,16,6,32,12,8,20,52
02/23/2012,GRI,NE,ACE,CE,Federal Contract Tower,3,15,16,0,34,0,0,2,0,2,3,15,18,0,36,2,0,2,38
02/24/2012,GRI,NE,ACE,CE,Federal Contract Tower,2,10,6,0,18,0,0,5,1,6,2,10,11,1,24,2,0,2,26
02/25/2012,GRI,NE,ACE,CE,Federal Contract Tower,0,7,13,0,20,0,0,8,1,9,0,7,21,1,29,0,0,0,29
02/26/2012,GRI,NE,ACE,CE,Federal Contract Tower,3,3,9,0,15,0,0,13,0,13,3,3,22,0,28,12,0,12,40
02/27/2012,GRI,NE,ACE,CE,Federal Contract Tower,2,8,9,2,21,0,0,12,1,13,2,8,21,3,34,4,0,4,38
02/28/2012,GRI,NE,ACE,CE,Federal Contract Tower,0,9,4,2,15,0,0,0,1,1,0,9,4,3,16,0,6,6,22
02/29/2012,GRI,NE,ACE,CE,Federal Contract Tower,0,8,5,0,13,0,0,1,6,7,0,8,6,6,20,0,6,6,26
03/01/2012,GRI,NE,ACE,CE,Federal Contract Tower,4,10,17,1,32,0,0,30,6,36,4,10,47,7,68,4,16,20,88
03/02/2012,GRI,NE,ACE,CE,Federal Contract Tower,4,5,16,10,35,0,0,16,7,23,4,5,32,17,58,6,6,12,70
03/03/2012,GRI,NE,ACE,CE,Federal Contract Tower,0,9,10,0,19,0,0,10,1,11,0,9,20,1,30,0,0,0,30
03/04/2012,GRI,NE,ACE,CE,Federal Contract Tower,4,2,4,0,10,0,2,3,0,5,4,4,7,0,15,0,0,0,15
03/05/2012,GRI,NE,ACE,CE,Federal Contract Tower,2,5,4,1,12,0,0,14,0,14,2,5,18,1,26,0,0,0,26
03/06/2012,GRI,NE,ACE,CE,Federal Contract Tower,0,8,4,2,14,0,0,20,2,22,0,8,24,4,36,4,8,12,48
03/07/2012,GRI,NE,ACE,CE,Federal Contract Tower,0,11,10,1,22,0,2,5,8,15,0,13,15,9,37,8,10,18,55
03/08/2012,GRI,NE,ACE,CE,Federal Contract Tower,4,8,3,1,16,0,0,8,2,10,4,8,11,3,26,0,2,2,28
03/09/2012,GRI,NE,ACE,CE,Federal Contract Tower,2,10,14,0,26,0,0,23,8,31,2,10,37,8,57,18,20,38,95
03/10/2012,GRI,NE,ACE,CE,Federal Contract Tower,0,13,4,0,17,0,0,8,0,8,0,13,12,0,25,12,0,12,37
03/11/2012,GRI,NE,ACE,CE,Federal Contract Tower,4,2,9,0,15,0,0,4,0,4,4,2,13,0,19,12,0,12,31
03/12/2012,GRI,NE,ACE,CE,Federal Contract Tower,2,7,3,0,12,0,0,9,0,9,2,7,12,0,21,0,0,0,21
03/13/2012,GRI,NE,ACE,CE,Federal Contract Tower,2,8,16,2,28,0,0,24,0,24,2,8,40,2,52,4,0,4,56
03/14/2012,GRI,NE,ACE,CE,Federal Contract Tower,0,9,13,4,26,0,0,24,3,27,0,9,37,7,53,16,6,22,75
03/15/2012,GRI,NE,ACE,CE,Federal Contract Tower,4,10,12,0,26,0,0,29,10,39,4,10,41,10,65,6,22,28,93
03/16/2012,GRI,NE,ACE,CE,Federal Contract Tower,2,10,12,0,24,0,0,18,17,35,2,10,30,17,59,8,10,18,77
03/17/2012,GRI,NE,ACE,CE,Federal Contract Tower,0,7,7,2,16,0,0,23,16,39,0,7,30,18,55,0,30,30,85
03/18/2012,GRI,NE,ACE,CE,Federal Contract Tower,4,3,4,4,15,0,0,6,4,10,4,3,10,8,25,0,2,2,27
03/19/2012,GRI,NE,ACE,CE,Federal Contract Tower,2,5,10,0,17,0,0,1,1,2,2,5,11,1,19,0,0,0,19
03/20/2012,GRI,NE,ACE,CE,Federal Contract Tower,2,8,4,0,14,0,0,9,0,9,2,8,13,0,23,12,0,12,35
03/21/2012,GRI,NE,ACE,CE,Federal Contract Tower,0,13,4,4,21,0,0,0,0,0,0,13,4,4,21,0,0,0,21
03/22/2012,GRI,NE,ACE,CE,Federal Contract Tower,2,8,17,5,32,0,1,17,6,24,2,9,34,11,56,20,2,22,78
03/23/2012,GRI,NE,ACE,CE,Federal Contract Tower,2,9,18,0,29,0,1,26,5,32,2,10,44,5,61,18,0,18,79
03/24/2012,GRI,NE,ACE,CE,Federal Contract Tower,0,7,5,0,12,0,0,15,0,15,0,7,20,0,27,10,0,10,37
03/25/2012,GRI,NE,ACE,CE,Federal Contract Tower,2,2,11,4,19,0,0,7,0,7,2,2,18,4,26,2,2,4,30
03/26/2012,GRI,NE,ACE,CE,Federal Contract Tower,2,6,5,0,13,0,0,5,0,5,2,6,10,0,18,6,0,6,24
03/27/2012,GRI,NE,ACE,CE,Federal Contract Tower,0,7,7,0,14,0,1,23,6,30,0,8,30,6,44,22,2,24,68
03/28/2012,GRI,NE,ACE,CE,Federal Contract Tower,0,9,20,0,29,0,0,20,4,24,0,9,40,4,53,4,0,4,57
03/29/2012,GRI,NE,ACE,CE,Federal Contract Tower,1,14,13,0,28,0,0,0,1,1,1,14,13,1,29,0,0,0,29
03/30/2012,GRI,NE,ACE,CE,Federal Contract Tower,2,9,12,2,25,0,0,18,6,24,2,9,30,8,49,11,5,16,65
03/31/2012,GRI,NE,ACE,CE,Federal Contract Tower,0,7,10,0,17,0,0,13,0,13,0,7,23,0,30,0,0,0,30
04/01/2012,GRI,NE,ACE,CE,Federal Contract Tower,2,2,6,0,10,0,0,8,0,8,2,2,14,0,18,4,0,4,22
04/02/2012,GRI,NE,ACE,CE,Federal Contract Tower,2,5,9,1,17,0,0,8,3,11,2,5,17,4,28,12,0,12,40
04/03/2012,GRI,NE,ACE,CE,Federal Contract Tower,0,8,1,0,9,0,0,6,2,8,0,8,7,2,17,0,2,2,19
04/04/2012,GRI,NE,ACE,CE,Federal Contract Tower,0,10,10,1,21,0,0,2,3,5,0,10,12,4,26,0,0,0,26
04/05/2012,GRI,NE,ACE,CE,Federal Contract Tower,2,6,4,2,14,0,0,24,3,27,2,6,28,5,41,26,0,26,67
04/06/2012,GRI,NE,ACE,CE,Federal Contract Tower,2,11,4,2,19,0,0,20,0,20,2,11,24,2,39,20,0,20,59
04/07/2012,GRI,NE,ACE,CE,Federal Contract Tower,0,8,1,0,9,0,0,22,0,22,0,8,23,0,31,34,0,34,65
04/08/2012,GRI,NE,ACE,CE,Federal Contract Tower,2,0,2,0,4,0,0,11,6,17,2,0,13,6,21,0,0,0,21
04/09/2012,GRI,NE,ACE,CE,Federal Contract Tower,2,6,7,0,15,0,0,21,0,21,2,6,28,0,36,28,0,28,64
04/10/2012,GRI,NE,ACE,CE,Federal Contract Tower,0,9,11,0,20,0,0,31,1,32,0,9,42,1,52,20,2,22,74
04/11/2012,GRI,NE,ACE,CE,Federal Contract Tower,0,10,24,0,34,0,0,28,2,30,0,10,52,2,64,8,0,8,72
04/12/2012,GRI,NE,ACE,CE,Federal Contract Tower,2,12,6,0,20,0,0,3,6,9,2,12,9,6,29,0,14,14,43
04/13/2012,GRI,NE,ACE,CE,Federal Contract Tower,2,9,10,0,21,0,0,13,8,21,2,9,23,8,42,6,0,6,48
04/14/2012,GRI,NE,ACE,CE,Federal Contract Tower,3,10,2,1,16,0,0,1,0,1,3,10,3,1,17,0,0,0,17
04/15/2012,GRI,NE,ACE,CE,Federal Contract Tower,4,3,6,1,14,0,0,1,18,19,4,3,7,19,33,0,0,0,33
04/16/2012,GRI,NE,ACE,CE,Federal Contract Tower,2,6,12,0,20,0,1,17,0,18,2,7,29,0,38,2,0,2,40
04/17/2012,GRI,NE,ACE,CE,Federal Contract Tower,2,12,4,0,18,0,1,17,10,28,2,13,21,10,46,6,8,14,60
04/18/2012,GRI,NE,ACE,CE,Federal Contract Tower,0,11,14,4,29,0,0,31,6,37,0,11,45,10,66,10,10,20,86
04/19/2012,GRI,NE,ACE,CE,Federal Contract Tower,2,9,14,2,27,0,0,4,1,5,2,9,18,3,32,0,0,0,32
04/20/2012,GRI,NE,ACE,CE,Federal Contract Tower,2,8,12,0,22,0,0,20,3,23,2,8,32,3,45,2,16,18,63
04/21/2012,GRI,NE,ACE,CE,Federal Contract Tower,0,10,4,0,14,0,0,34,0,34,0,10,38,0,48,12,0,12,60
04/22/2012,GRI,NE,ACE,CE,Federal Contract Tower,2,2,5,2,11,0,0,11,0,11,2,2,16,2,22,2,0,2,24
04/23/2012,GRI,NE,ACE,CE,Federal Contract Tower,2,11,9,0,22,0,0,25,2,27,2,11,34,2,49,6,0,6,55
04/24/2012,GRI,NE,ACE,CE,Federal Contract Tower,0,11,3,4,18,0,0,16,5,21,0,11,19,9,39,28,12,40,79
04/25/2012,GRI,NE,ACE,CE,Federal Contract Tower,0,9,13,2,24,0,0,22,5,27,0,9,35,7,51,10,6,16,67
04/26/2012,GRI,NE,ACE,CE,Federal Contract Tower,2,11,6,0,19,0,0,21,3,24,2,11,27,3,43,42,0,42,85
04/27/2012,GRI,NE,ACE,CE,Federal Contract Tower,2,9,5,0,16,0,0,1,0,1,2,9,6,0,17,0,0,0,17
04/28/2012,GRI,NE,ACE,CE,Federal Contract Tower,2,8,6,0,16,0,0,28,0,28,2,8,34,0,44,8,0,8,52
04/29/2012,GRI,NE,ACE,CE,Federal Contract Tower,2,7,4,0,13,0,0,0,0,0,2,7,4,0,13,0,0,0,13
04/30/2012,GRI,NE,ACE,CE,Federal Contract Tower,2,11,9,0,22,0,0,19,3,22,2,11,28,3,44,12,4,16,60
05/01/2012,GRI,NE,ACE,CE,Federal Contract Tower,0,9,11,0,20,0,0,5,4,9,0,9,16,4,29,0,4,4,33
05/02/2012,GRI,NE,ACE,CE,Federal Contract Tower,0,10,17,2,29,0,0,23,6,29,0,10,40,8,58,4,0,4,62
05/03/2012,GRI,NE,ACE,CE,Federal Contract Tower,2,11,16,0,29,0,5,7,3,15,2,16,23,3,44,28,7,35,79
05/04/2012,GRI,NE,ACE,CE,Federal Contract Tower,2,9,17,0,28,0,0,8,4,12,2,9,25,4,40,6,2,8,48
05/05/2012,GRI,NE,ACE,CE,Federal Contract Tower,0,10,6,0,16,0,0,19,2,21,0,10,25,2,37,0,0,0,37
05/06/2012,GRI,NE,ACE,CE,Federal Contract Tower,2,3,4,0,9,0,1,7,0,8,2,4,11,0,17,0,0,0,17
05/07/2012,GRI,NE,ACE,CE,Federal Contract Tower,2,6,13,0,21,0,0,6,5,11,2,6,19,5,32,32,0,32,64
05/08/2012,GRI,NE,ACE,CE,Federal Contract Tower,0,6,10,0,16,0,0,18,4,22,0,6,28,4,38,6,0,6,44
05/09/2012,GRI,NE,ACE,CE,Federal Contract Tower,0,8,20,0,28,0,0,12,2,14,0,8,32,2,42,8,0,8,50
05/10/2012,GRI,NE,ACE,CE,Federal Contract Tower,2,12,13,0,27,0,0,28,13,41,2,12,41,13,68,64,6,70,138
05/11/2012,GRI,NE,ACE,CE,Federal Contract Tower,2,9,3,0,14,0,0,8,7,15,2,9,11,7,29,0,0,0,29
05/12/2012,GRI,NE,ACE,CE,Federal Contract Tower,0,8,9,0,17,0,0,11,4,15,0,8,20,4,32,0,0,0,32
05/13/2012,GRI,NE,ACE,CE,Federal Contract Tower,2,2,3,0,7,0,0,11,0,11,2,2,14,0,18,4,0,4,22
05/14/2012,GRI,NE,ACE,CE,Federal Contract Tower,2,6,14,0,22,0,0,24,0,24,2,6,38,0,46,50,0,50,96
05/15/2012,GRI,NE,ACE,CE,Federal Contract Tower,0,9,20,0,29,0,0,10,0,10,0,9,30,0,39,0,0,0,39
05/16/2012,GRI,NE,ACE,CE,Federal Contract Tower,0,15,3,2,20,0,0,18,7,25,0,15,21,9,45,32,4,36,81
05/17/2012,GRI,NE,ACE,CE,Federal Contract Tower,4,9,19,0,32,0,0,15,4,19,4,9,34,4,51,22,10,32,83
05/18/2012,GRI,NE,ACE,CE,Federal Contract Tower,0,8,15,0,23,0,0,7,0,7,0,8,22,0,30,18,4,22,52
05/19/2012,GRI,NE,ACE,CE,Federal Contract Tower,0,10,3,0,13,0,0,12,0,12,0,10,15,0,25,0,0,0,25
05/20/2012,GRI,NE,ACE,CE,Federal Contract Tower,4,2,3,0,9,0,0,12,0,12,4,2,15,0,21,6,0,6,27
05/21/2012,GRI,NE,ACE,CE,Federal Contract Tower,0,6,9,0,15,0,0,24,2,26,0,6,33,2,41,10,8,18,59
05/22/2012,GRI,NE,ACE,CE,Federal Contract Tower,0,9,7,0,16,0,0,3,7,10,0,9,10,7,26,0,2,2,28
05/23/2012,GRI,NE,ACE,CE,Federal Contract Tower,0,11,20,1,32,0,0,19,1,20,0,11,39,2,52,26,0,26,78
05/24/2012,GRI,NE,ACE,CE,Federal Contract Tower,4,8,18,0,30,0,1,22,0,23,4,9,40,0,53,20,0,20,73
05/25/2012,GRI,NE,ACE,CE,Federal Contract Tower,2,10,10,0,22,0,0,14,2,16,2,10,24,2,38,8,0,8,46
05/26/2012,GRI,NE,ACE,CE,Federal Contract Tower,0,8,4,0,12,0,0,2,0,2,0,8,6,0,14,0,0,0,14
05/27/2012,GRI,NE,ACE,CE,Federal Contract Tower,4,3,0,0,7,0,0,6,0,6,4,3,6,0,13,0,0,0,13
05/28/2012,GRI,NE,ACE,CE,Federal Contract Tower,0,3,4,0,7,0,0,5,0,5,0,3,9,0,12,0,0,0,12
05/29/2012,GRI,NE,ACE,CE,Federal Contract Tower,0,6,4,2,12,0,1,18,0,19,0,7,22,2,31,18,0,18,49
05/30/2012,GRI,NE,ACE,CE,Federal Contract Tower,0,10,4,0,14,0,0,1,0,1,0,10,5,0,15,0,0,0,15
05/31/2012,GRI,NE,ACE,CE,Federal Contract Tower,4,8,2,2,16,0,0,23,0,23,4,8,25,2,39,40,0,40,79
06/01/2012,GRI,NE,ACE,CE,Federal Contract Tower,0,10,7,0,17,0,0,10,0,10,0,10,17,0,27,0,0,0,27
06/02/2012,GRI,NE,ACE,CE,Federal Contract Tower,0,8,3,0,11,0,0,20,0,20,0,8,23,0,31,18,0,18,49
06/03/2012,GRI,NE,ACE,CE,Federal Contract Tower,4,3,2,0,9,0,0,14,0,14,4,3,16,0,23,0,0,0,23
06/04/2012,GRI,NE,ACE,CE,Federal Contract Tower,0,6,5,0,11,0,0,7,0,7,0,6,12,0,18,26,0,26,44
06/05/2012,GRI,NE,ACE,CE,Federal Contract Tower,1,9,8,0,18,0,2,20,4,26,1,11,28,4,44,42,0,42,86
06/06/2012,GRI,NE,ACE,CE,Federal Contract Tower,0,11,12,0,23,0,0,11,5,16,0,11,23,5,39,10,2,12,51
06/07/2012,GRI,NE,ACE,CE,Federal Contract Tower,4,9,16,0,29,0,0,11,7,18,4,9,27,7,47,82,14,96,143
06/08/2012,GRI,NE,ACE,CE,Federal Contract Tower,0,9,9,0,18,0,0,25,11,36,0,9,34,11,54,10,4,14,68
06/09/2012,GRI,NE,ACE,CE,Federal Contract Tower,0,8,3,0,11,0,0,8,12,20,0,8,11,12,31,0,0,0,31
06/10/2012,GRI,NE,ACE,CE,Federal Contract Tower,4,3,8,0,15,0,0,7,34,41,4,3,15,34,56,4,0,4,60
06/11/2012,GRI,NE,ACE,CE,Federal Contract Tower,0,8,7,2,17,0,0,11,12,23,0,8,18,14,40,12,10,22,62
06/12/2012,GRI,NE,ACE,CE,Federal Contract Tower,0,15,11,0,26,0,0,14,0,14,0,15,25,0,40,16,0,16,56
06/13/2012,GRI,NE,ACE,CE,Federal Contract Tower,0,9,13,0,22,0,0,9,2,11,0,9,22,2,33,28,0,28,61
06/14/2012,GRI,NE,ACE,CE,Federal Contract Tower,6,11,6,0,23,0,0,7,8,15,6,11,13,8,38,0,0,0,38
06/15/2012,GRI,NE,ACE,CE,Federal Contract Tower,0,11,19,1,31,0,0,10,4,14,0,11,29,5,45,10,12,22,67
06/16/2012,GRI,NE,ACE,CE,Federal Contract Tower,0,9,6,0,15,0,0,12,3,15,0,9,18,3,30,7,0,7,37
06/17/2012,GRI,NE,ACE,CE,Federal Contract Tower,8,3,3,0,14,0,0,16,0,16,8,3,19,0,30,4,0,4,34
06/18/2012,GRI,NE,ACE,CE,Federal Contract Tower,0,6,13,0,19,0,0,16,4,20,0,6,29,4,39,20,0,20,59
06/19/2012,GRI,NE,ACE,CE,Federal Contract Tower,0,10,10,2,22,0,0,4,0,4,0,10,14,2,26,0,6,6,32
06/20/2012,GRI,NE,ACE,CE,Federal Contract Tower,0,9,9,0,18,0,0,4,2,6,0,9,13,2,24,0,12,12,36
06/21/2012,GRI,NE,ACE,CE,Federal Contract Tower,6,10,15,0,31,0,0,30,6,36,6,10,45,6,67,66,18,84,151
06/22/2012,GRI,NE,ACE,CE,Federal Contract Tower,0,9,6,0,15,0,0,24,2,26,0,9,30,2,41,26,0,26,67
06/23/2012,GRI,NE,ACE,CE,Federal Contract Tower,0,11,3,0,14,0,0,7,2,9,0,11,10,2,23,0,0,0,23
06/24/2012,GRI,NE,ACE,CE,Federal Contract Tower,4,3,7,0,14,0,0,5,0,5,4,3,12,0,19,4,0,4,23
06/25/2012,GRI,NE,ACE,CE,Federal Contract Tower,0,6,9,3,18,0,0,6,2,8,0,6,15,5,26,0,0,0,26
06/26/2012,GRI,NE,ACE,CE,Federal Contract Tower,0,11,8,0,19,0,0,7,0,7,0,11,15,0,26,18,0,18,44
06/27/2012,GRI,NE,ACE,CE,Federal Contract Tower,0,9,13,2,24,0,0,22,9,31,0,9,35,11,55,5,18,23,78
06/28/2012,GRI,NE,ACE,CE,Federal Contract Tower,4,9,28,2,43,0,3,7,17,27,4,12,35,19,70,6,0,6,76
06/29/2012,GRI,NE,ACE,CE,Federal Contract Tower,0,9,12,0,21,0,0,24,4,28,0,9,36,4,49,22,4,26,75
06/30/2012,GRI,NE,ACE,CE,Federal Contract Tower,0,9,8,0,17,0,0,21,1,22,0,9,29,1,39,6,0,6,45
07/01/2012,GRI,NE,ACE,CE,Federal Contract Tower,4,3,5,0,12,0,0,35,0,35,4,3,40,0,47,22,0,22,69
07/02/2012,GRI,NE,ACE,CE,Federal Contract Tower,0,7,2,0,9,0,0,16,0,16,0,7,18,0,25,10,0,10,35
07/03/2012,GRI,NE,ACE,CE,Federal Contract Tower,0,10,11,0,21,0,0,9,2,11,0,10,20,2,32,6,0,6,38
07/04/2012,GRI,NE,ACE,CE,Federal Contract Tower,0,3,2,0,5,0,0,9,0,9,0,3,11,0,14,0,0,0,14
07/05/2012,GRI,NE,ACE,CE,Federal Contract Tower,4,9,7,0,20,0,0,31,0,31,4,9,38,0,51,42,0,42,93
07/06/2012,GRI,NE,ACE,CE,Federal Contract Tower,0,11,5,0,16,0,0,26,0,26,0,11,31,0,42,48,0,48,90
07/07/2012,GRI,NE,ACE,CE,Federal Contract Tower,0,8,13,2,23,0,0,2,0,2,0,8,15,2,25,0,0,0,25
07/08/2012,GRI,NE,ACE,CE,Federal Contract Tower,4,3,2,0,9,0,0,17,4,21,4,3,19,4,30,10,0,10,40
07/09/2012,GRI,NE,ACE,CE,Federal Contract Tower,0,8,11,0,19,0,0,19,0,19,0,8,30,0,38,44,0,44,82
07/10/2012,GRI,NE,ACE,CE,Federal Contract Tower,0,11,9,0,20,0,0,30,3,33,0,11,39,3,53,46,0,46,99
07/11/2012,GRI,NE,ACE,CE,Federal Contract Tower,0,9,6,0,15,0,0,32,2,34,0,9,38,2,49,54,2,56,105
07/12/2012,GRI,NE,ACE,CE,Federal Contract Tower,4,10,11,0,25,0,0,30,2,32,4,10,41,2,57,20,0,20,77
07/13/2012,GRI,NE,ACE,CE,Federal Contract Tower,0,9,9,2,20,0,0,29,10,39,0,9,38,12,59,12,10,22,81
07/14/2012,GRI,NE,ACE,CE,Federal Contract Tower,0,8,9,0,17,0,0,19,0,19,0,8,28,0,36,20,0,20,56
07/15/2012,GRI,NE,ACE,CE,Federal Contract Tower,4,3,6,0,13,0,0,18,0,18,4,3,24,0,31,0,0,0,31
07/16/2012,GRI,NE,ACE,CE,Federal Contract Tower,0,6,5,0,11,0,0,20,0,20,0,6,25,0,31,12,0,12,43
07/17/2012,GRI,NE,ACE,CE,Federal Contract Tower,0,11,16,1,28,0,2,31,8,41,0,13,47,9,69,20,10,30,99
07/18/2012,GRI,NE,ACE,CE,Federal Contract Tower,0,11,20,3,34,0,2,18,3,23,0,13,38,6,57,4,2,6,63
07/19/2012,GRI,NE,ACE,CE,Federal Contract Tower,4,9,10,0,23,0,4,28,0,32,4,13,38,0,55,8,0,8,63
07/20/2012,GRI,NE,ACE,CE,Federal Contract Tower,0,9,7,2,18,0,0,21,10,31,0,9,28,12,49,6,4,10,59
07/21/2012,GRI,NE,ACE,CE,Federal Contract Tower,0,10,10,0,20,0,0,21,3,24,0,10,31,3,44,22,0,22,66
07/22/2012,GRI,NE,ACE,CE,Federal Contract Tower,4,3,7,0,14,0,0,20,1,21,4,3,27,1,35,4,0,4,39
07/23/2012,GRI,NE,ACE,CE,Federal Contract Tower,0,6,10,0,16,0,0,18,0,18,0,6,28,0,34,4,0,4,38
07/24/2012,GRI,NE,ACE,CE,Federal Contract Tower,0,7,11,1,19,0,1,19,3,23,0,8,30,4,42,22,4,26,68
07/25/2012,GRI,NE,ACE,CE,Federal Contract Tower,0,11,3,0,14,0,0,24,1,25,0,11,27,1,39,0,0,0,39
07/26/2012,GRI,NE,ACE,CE,Federal Contract Tower,4,9,18,0,31,0,0,31,0,31,4,9,49,0,62,40,0,40,102
07/27/2012,GRI,NE,ACE,CE,Federal Contract Tower,0,8,13,0,21,0,0,25,2,27,0,8,38,2,48,2,0,2,50
07/28/2012,GRI,NE,ACE,CE,Federal Contract Tower,0,8,9,0,17,0,0,17,0,17,0,8,26,0,34,2,0,2,36
07/29/2012,GRI,NE,ACE,CE,Federal Contract Tower,4,4,6,0,14,0,0,14,5,19,4,4,20,5,33,2,0,2,35
07/30/2012,GRI,NE,ACE,CE,Federal Contract Tower,0,6,7,0,13,0,0,12,2,14,0,6,19,2,27,16,0,16,43
07/31/2012,GRI,NE,ACE,CE,Federal Contract Tower,0,9,7,2,18,0,0,10,10,20,0,9,17,12,38,0,28,28,66
08/01/2012,GRI,NE,ACE,CE,Federal Contract Tower,0,12,14,0,26,0,0,15,5,20,0,12,29,5,46,8,14,22,68
08/02/2012,GRI,NE,ACE,CE,Federal Contract Tower,4,9,18,0,31,0,0,9,9,18,4,9,27,9,49,24,0,24,73
08/03/2012,GRI,NE,ACE,CE,Federal Contract Tower,0,6,14,0,20,0,0,9,0,9,0,6,23,0,29,6,0,6,35
08/04/2012,GRI,NE,ACE,CE,Federal Contract Tower,0,11,8,0,19,0,0,8,2,10,0,11,16,2,29,18,0,18,47
08/05/2012,GRI,NE,ACE,CE,Federal Contract Tower,4,7,11,0,22,0,0,19,1,20,4,7,30,1,42,0,12,12,54
08/06/2012,GRI,NE,ACE,CE,Federal Contract Tower,0,6,16,0,22,0,0,14,3,17,0,6,30,3,39,32,0,32,71
08/07/2012,GRI,NE,ACE,CE,Federal Contract Tower,0,11,15,2,28,0,0,5,2,7,0,11,20,4,35,0,0,0,35
08/08/2012,GRI,NE,ACE,CE,Federal Contract Tower,0,13,8,2,23,0,0,14,0,14,0,13,22,2,37,14,0,14,51
08/09/2012,GRI,NE,ACE,CE,Federal Contract Tower,4,11,9,0,24,0,0,12,4,16,4,11,21,4,40,28,12,40,80
08/10/2012,GRI,NE,ACE,CE,Federal Contract Tower,0,11,12,0,23,0,0,19,0,19,0,11,31,0,42,10,0,10,52
08/11/2012,GRI,NE,ACE,CE,Federal Contract Tower,0,8,5,0,13,0,0,13,3,16,0,8,18,3,29,0,0,0,29
08/12/2012,GRI,NE,ACE,CE,Federal Contract Tower,8,3,2,0,13,0,0,12,0,12,8,3,14,0,25,2,0,2,27
08/13/2012,GRI,NE,ACE,CE,Federal Contract Tower,0,8,16,0,24,0,0,16,0,16,0,8,32,0,40,42,0,42,82
08/14/2012,GRI,NE,ACE,CE,Federal Contract Tower,0,9,13,1,23,0,0,13,1,14,0,9,26,2,37,10,0,10,47
08/15/2012,GRI,NE,ACE,CE,Federal Contract Tower,2,11,22,0,35,0,0,12,7,19,2,11,34,7,54,4,0,4,58
08/16/2012,GRI,NE,ACE,CE,Federal Contract Tower,4,10,5,2,21,0,0,12,14,26,4,10,17,16,47,16,58,74,121
08/17/2012,GRI,NE,ACE,CE,Federal Contract Tower,0,11,12,0,23,0,0,29,24,53,0,11,41,24,76,22,72,94,170
08/18/2012,GRI,NE,ACE,CE,Federal Contract Tower,0,8,4,0,12,0,1,15,0,16,0,9,19,0,28,0,0,0,28
08/19/2012,GRI,NE,ACE,CE,Federal Contract Tower,2,3,8,0,13,0,0,32,0,32,2,3,40,0,45,16,0,16,61
08/20/2012,GRI,NE,ACE,CE,Federal Contract Tower,0,6,3,0,9,0,0,13,0,13,0,6,16,0,22,12,0,12,34
08/21/2012,GRI,NE,ACE,CE,Federal Contract Tower,0,9,9,0,18,0,0,37,5,42,0,9,46,5,60,40,4,44,104
08/22/2012,GRI,NE,ACE,CE,Federal Contract Tower,0,10,12,0,22,0,0,22,1,23,0,10,34,1,45,26,0,26,71
08/23/2012,GRI,NE,ACE,CE,Federal Contract Tower,2,14,13,2,31,0,0,14,3,17,2,14,27,5,48,14,0,14,62
08/24/2012,GRI,NE,ACE,CE,Federal Contract Tower,0,8,18,2,28,0,0,2,6,8,0,8,20,8,36,0,0,0,36
08/25/2012,GRI,NE,ACE,CE,Federal Contract Tower,0,8,4,1,13,0,0,3,1,4,0,8,7,2,17,0,0,0,17
08/26/2012,GRI,NE,ACE,CE,Federal Contract Tower,2,9,6,0,17,0,0,8,0,8,2,9,14,0,25,0,0,0,25
08/27/2012,GRI,NE,ACE,CE,Federal Contract Tower,0,6,6,1,13,0,0,20,0,20,0,6,26,1,33,30,0,30,63
08/28/2012,GRI,NE,ACE,CE,Federal Contract Tower,0,9,12,1,22,0,0,22,3,25,0,9,34,4,47,8,0,8,55
08/29/2012,GRI,NE,ACE,CE,Federal Contract Tower,0,8,9,0,17,0,0,13,3,16,0,8,22,3,33,4,0,4,37
08/30/2012,GRI,NE,ACE,CE,Federal Contract Tower,2,9,6,4,21,0,0,14,6,20,2,9,20,10,41,10,6,16,57
08/31/2012,GRI,NE,ACE,CE,Federal Contract Tower,0,8,10,1,19,0,1,13,3,17,0,9,23,4,36,6,0,6,42
09/01/2012,GRI,NE,ACE,CE,Federal Contract Tower,0,8,2,0,10,0,0,11,1,12,0,8,13,1,22,2,0,2,24
09/02/2012,GRI,NE,ACE,CE,Federal Contract Tower,2,2,5,0,9,0,0,11,2,13,2,2,16,2,22,0,0,0,22
09/03/2012,GRI,NE,ACE,CE,Federal Contract Tower,0,3,5,0,8,0,0,11,1,12,0,3,16,1,20,0,0,0,20
09/04/2012,GRI,NE,ACE,CE,Federal Contract Tower,0,6,2,2,10,0,0,8,6,14,0,6,10,8,24,6,4,10,34
09/05/2012,GRI,NE,ACE,CE,Federal Contract Tower,0,11,5,0,16,0,0,23,6,29,0,11,28,6,45,30,0,30,75
09/06/2012,GRI,NE,ACE,CE,Federal Contract Tower,2,10,14,0,26,0,0,0,4,4,2,10,14,4,30,6,2,8,38
09/07/2012,GRI,NE,ACE,CE,Federal Contract Tower,0,11,10,0,21,0,0,1,6,7,0,11,11,6,28,2,0,2,30
09/08/2012,GRI,NE,ACE,CE,Federal Contract Tower,0,10,11,0,21,0,0,51,0,51,0,10,62,0,72,44,0,44,116
09/09/2012,GRI,NE,ACE,CE,Federal Contract Tower,2,3,7,0,12,0,0,15,2,17,2,3,22,2,29,4,0,4,33
09/10/2012,GRI,NE,ACE,CE,Federal Contract Tower,0,7,7,4,18,0,0,7,1,8,0,7,14,5,26,0,0,0,26
09/11/2012,GRI,NE,ACE,CE,Federal Contract Tower,0,9,14,2,25,0,1,43,2,46,0,10,57,4,71,10,2,12,83
09/12/2012,GRI,NE,ACE,CE,Federal Contract Tower,0,13,13,0,26,0,0,3,0,3,0,13,16,0,29,0,0,0,29
09/13/2012,GRI,NE,ACE,CE,Federal Contract Tower,2,8,21,9,40,0,0,29,11,40,2,8,50,20,80,24,12,36,116
09/14/2012,GRI,NE,ACE,CE,Federal Contract Tower,0,9,9,3,21,0,0,22,2,24,0,9,31,5,45,26,0,26,71
09/15/2012,GRI,NE,ACE,CE,Federal Contract Tower,0,14,5,0,19,0,0,15,0,15,0,14,20,0,34,16,0,16,50
09/16/2012,GRI,NE,ACE,CE,Federal Contract Tower,2,5,5,0,12,0,0,8,0,8,2,5,13,0,20,6,0,6,26
09/17/2012,GRI,NE,ACE,CE,Federal Contract Tower,0,6,10,0,16,0,0,2,0,2,0,6,12,0,18,0,0,0,18
09/18/2012,GRI,NE,ACE,CE,Federal Contract Tower,0,11,7,0,18,0,0,26,7,33,0,11,33,7,51,26,0,26,77
09/19/2012,GRI,NE,ACE,CE,Federal Contract Tower,0,11,14,2,27,0,0,16,5,21,0,11,30,7,48,26,0,26,74
09/20/2012,GRI,NE,ACE,CE,Federal Contract Tower,2,8,6,1,17,0,0,30,6,36,2,8,36,7,53,50,4,54,107
09/21/2012,GRI,NE,ACE,CE,Federal Contract Tower,0,9,12,2,23,0,0,12,6,18,0,9,24,8,41,28,2,30,71
09/22/2012,GRI,NE,ACE,CE,Federal Contract Tower,0,8,8,0,16,0,0,13,0,13,0,8,21,0,29,8,0,8,37
09/23/2012,GRI,NE,ACE,CE,Federal Contract Tower,2,3,11,0,16,0,0,18,0,18,2,3,29,0,34,0,0,0,34
09/24/2012,GRI,NE,ACE,CE,Federal Contract Tower,0,6,8,0,14,0,0,1,0,1,0,6,9,0,15,0,0,0,15
09/25/2012,GRI,NE,ACE,CE,Federal Contract Tower,0,9,5,1,15,0,1,8,2,11,0,10,13,3,26,0,0,0,26
09/26/2012,GRI,NE,ACE,CE,Federal Contract Tower,0,8,21,0,29,0,0,11,7,18,0,8,32,7,47,6,6,12,59
09/27/2012,GRI,NE,ACE,CE,Federal Contract Tower,4,9,12,3,28,0,0,16,4,20,4,9,28,7,48,32,0,32,80
09/28/2012,GRI,NE,ACE,CE,Federal Contract Tower,0,11,11,0,22,0,0,8,3,11,0,11,19,3,33,2,0,2,35
09/29/2012,GRI,NE,ACE,CE,Federal Contract Tower,0,8,2,0,10,0,0,11,0,11,0,8,13,0,21,4,0,4,25
09/30/2012,GRI,NE,ACE,CE,Federal Contract Tower,4,3,9,0,16,0,0,6,0,6,4,3,15,0,22,4,0,4,26
10/01/2012,GRI,NE,ACE,CE,Federal Contract Tower,0,6,4,0,10,0,0,4,0,4,0,6,8,0,14,0,0,0,14
10/02/2012,GRI,NE,ACE,CE,Federal Contract Tower,0,11,2,4,17,0,0,10,2,12,0,11,12,6,29,42,6,48,77
10/03/2012,GRI,NE,ACE,CE,Federal Contract Tower,0,13,13,4,30,0,0,12,7,19,0,13,25,11,49,0,10,10,59
10/04/2012,GRI,NE,ACE,CE,Federal Contract Tower,4,10,8,1,23,0,0,12,4,16,4,10,20,5,39,22,0,22,61
10/05/2012,GRI,NE,ACE,CE,Federal Contract Tower,0,13,18,0,31,0,0,11,0,11,0,13,29,0,42,0,0,0,42
10/06/2012,GRI,NE,ACE,CE,Federal Contract Tower,0,8,11,0,19,0,0,6,0,6,0,8,17,0,25,0,0,0,25
10/07/2012,GRI,NE,ACE,CE,Federal Contract Tower,4,3,12,0,19,0,0,16,0,16,4,3,28,0,35,2,0,2,37
10/08/2012,GRI,NE,ACE,CE,Federal Contract Tower,0,6,9,0,15,0,0,10,0,10,0,6,19,0,25,0,0,0,25
10/09/2012,GRI,NE,ACE,CE,Federal Contract Tower,0,9,11,0,20,0,0,13,2,15,0,9,24,2,35,6,4,10,45
10/10/2012,GRI,NE,ACE,CE,Federal Contract Tower,0,11,18,3,32,0,0,24,9,33,0,11,42,12,65,14,20,34,99
10/11/2012,GRI,NE,ACE,CE,Federal Contract Tower,4,9,10,5,28,0,0,12,4,16,4,9,22,9,44,0,0,0,44
10/12/2012,GRI,NE,ACE,CE,Federal Contract Tower,0,9,12,2,23,0,0,13,3,16,0,9,25,5,39,0,0,0,39
10/13/2012,GRI,NE,ACE,CE,Federal Contract Tower,0,8,2,2,12,0,0,4,0,4,0,8,6,2,16,0,6,6,22
10/14/2012,GRI,NE,ACE,CE,Federal Contract Tower,4,5,3,0,12,0,0,13,0,13,4,5,16,0,25,0,0,0,25
10/15/2012,GRI,NE,ACE,CE,Federal Contract Tower,0,10,17,0,27,0,0,33,0,33,0,10,50,0,60,22,0,22,82
10/16/2012,GRI,NE,ACE,CE,Federal Contract Tower,0,9,16,3,28,0,0,15,1,16,0,9,31,4,44,0,0,0,44
10/17/2012,GRI,NE,ACE,CE,Federal Contract Tower,0,11,6,7,24,0,0,8,0,8,0,11,14,7,32,4,0,4,36
10/18/2012,GRI,NE,ACE,CE,Federal Contract Tower,4,8,0,0,12,0,1,2,0,3,4,9,2,0,15,0,0,0,15
10/19/2012,GRI,NE,ACE,CE,Federal Contract Tower,0,12,10,0,22,0,2,5,2,9,0,14,15,2,31,2,2,4,35
10/20/2012,GRI,NE,ACE,CE,Federal Contract Tower,0,10,1,1,12,0,0,13,1,14,0,10,14,2,26,8,12,20,46
10/21/2012,GRI,NE,ACE,CE,Federal Contract Tower,3,5,6,1,15,0,0,29,1,30,3,5,35,2,45,8,0,8,53
10/22/2012,GRI,NE,ACE,CE,Federal Contract Tower,1,6,6,0,13,0,0,0,0,0,1,6,6,0,13,0,0,0,13
10/23/2012,GRI,NE,ACE,CE,Federal Contract Tower,0,14,9,5,28,0,0,0,0,0,0,14,9,5,28,0,0,0,28
10/24/2012,GRI,NE,ACE,CE,Federal Contract Tower,0,11,11,9,31,0,0,0,0,0,0,11,11,9,31,0,0,0,31
10/25/2012,GRI,NE,ACE,CE,Federal Contract Tower,3,9,6,0,18,0,0,7,3,10,3,9,13,3,28,10,8,18,46
10/26/2012,GRI,NE,ACE,CE,Federal Contract Tower,0,9,9,2,20,0,2,17,14,33,0,11,26,16,53,6,12,18,71
10/27/2012,GRI,NE,ACE,CE,Federal Contract Tower,0,8,5,0,13,0,0,6,0,6,0,8,11,0,19,0,0,0,19
10/28/2012,GRI,NE,ACE,CE,Federal Contract Tower,4,3,4,0,11,0,2,22,0,24,4,5,26,0,35,14,0,14,49
10/29/2012,GRI,NE,ACE,CE,Federal Contract Tower,0,6,3,0,9,0,0,18,2,20,0,6,21,2,29,6,0,6,35
10/30/2012,GRI,NE,ACE,CE,Federal Contract Tower,0,9,11,1,21,0,0,18,5,23,0,9,29,6,44,22,18,40,84
10/31/2012,GRI,NE,ACE,CE,Federal Contract Tower,0,11,15,0,26,0,0,20,2,22,0,11,35,2,48,6,0,6,54
11/01/2012,GRI,NE,ACE,CE,Federal Contract Tower,4,11,14,1,30,0,0,19,7,26,4,11,33,8,56,0,6,6,62
11/02/2012,GRI,NE,ACE,CE,Federal Contract Tower,0,10,6,0,16,0,0,25,5,30,0,10,31,5,46,4,0,4,50
11/03/2012,GRI,NE,ACE,CE,Federal Contract Tower,0,8,3,2,13,0,0,28,2,30,0,8,31,4,43,18,0,18,61
11/04/2012,GRI,NE,ACE,CE,Federal Contract Tower,4,3,4,0,11,0,0,29,11,40,4,3,33,11,51,20,0,20,71
11/05/2012,GRI,NE,ACE,CE,Federal Contract Tower,0,7,18,2,27,0,0,0,0,0,0,7,18,2,27,0,0,0,27
11/06/2012,GRI,NE,ACE,CE,Federal Contract Tower,0,9,5,3,17,0,0,12,1,13,0,9,17,4,30,2,0,2,32
11/07/2012,GRI,NE,ACE,CE,Federal Contract Tower,0,11,13,4,28,0,0,21,13,34,0,11,34,17,62,18,8,26,88
11/08/2012,GRI,NE,ACE,CE,Federal Contract Tower,4,9,8,3,24,0,0,12,14,26,4,9,20,17,50,6,4,10,60
11/09/2012,GRI,NE,ACE,CE,Federal Contract Tower,0,11,11,0,22,0,1,1,0,2,0,12,12,0,24,0,0,0,24
11/10/2012,GRI,NE,ACE,CE,Federal Contract Tower,0,12,0,0,12,0,0,2,0,2,0,12,2,0,14,0,0,0,14
11/11/2012,GRI,NE,ACE,CE,Federal Contract Tower,4,4,4,0,12,0,0,1,0,1,4,4,5,0,13,0,0,0,13
11/12/2012,GRI,NE,ACE,CE,Federal Contract Tower,0,6,9,2,17,0,0,9,0,9,0,6,18,2,26,0,0,0,26
11/13/2012,GRI,NE,ACE,CE,Federal Contract Tower,0,10,14,0,24,0,0,17,0,17,0,10,31,0,41,10,0,10,51
11/14/2012,GRI,NE,ACE,CE,Federal Contract Tower,0,10,11,0,21,0,0,27,3,30,0,10,38,3,51,34,0,34,85
11/15/2012,GRI,NE,ACE,CE,Federal Contract Tower,4,10,11,0,25,0,0,15,13,28,4,10,26,13,53,12,0,12,65
11/16/2012,GRI,NE,ACE,CE,Federal Contract Tower,0,9,18,2,29,0,0,28,0,28,0,9,46,2,57,32,0,32,89
11/17/2012,GRI,NE,ACE,CE,Federal Contract Tower,0,7,0,0,7,0,0,3,2,5,0,7,3,2,12,4,0,4,16
11/18/2012,GRI,NE,ACE,CE,Federal Contract Tower,4,4,2,0,10,0,0,11,0,11,4,4,13,0,21,18,0,18,39
11/19/2012,GRI,NE,ACE,CE,Federal Contract Tower,0,9,12,0,21,0,0,15,0,15,0,9,27,0,36,4,0,4,40
11/20/2012,GRI,NE,ACE,CE,Federal Contract Tower,0,9,10,2,21,0,0,23,2,25,0,9,33,4,46,20,0,20,66
11/21/2012,GRI,NE,ACE,CE,Federal Contract Tower,4,12,19,0,35,0,0,23,0,23,4,12,42,0,58,6,0,6,64
11/22/2012,GRI,NE,ACE,CE,Federal Contract Tower,0,1,2,0,3,0,0,2,0,2,0,1,4,0,5,0,0,0,5
11/23/2012,GRI,NE,ACE,CE,Federal Contract Tower,0,10,6,0,16,0,0,10,0,10,0,10,16,0,26,4,0,4,30
11/24/2012,GRI,NE,ACE,CE,Federal Contract Tower,0,9,10,0,19,0,0,9,0,9,0,9,19,0,28,0,0,0,28
11/25/2012,GRI,NE,ACE,CE,Federal Contract Tower,4,4,7,0,15,0,0,14,0,14,4,4,21,0,29,10,0,10,39
11/26/2012,GRI,NE,ACE,CE,Federal Contract Tower,0,5,9,0,14,0,0,2,0,2,0,5,11,0,16,0,0,0,16
11/27/2012,GRI,NE,ACE,CE,Federal Contract Tower,0,9,9,0,18,0,0,16,0,16,0,9,25,0,34,8,0,8,42
11/28/2012,GRI,NE,ACE,CE,Federal Contract Tower,0,8,10,2,20,0,0,33,4,37,0,8,43,6,57,14,8,22,79
11/29/2012,GRI,NE,ACE,CE,Federal Contract Tower,4,8,11,0,23,0,0,21,11,32,4,8,32,11,55,0,0,0,55
11/30/2012,GRI,NE,ACE,CE,Federal Contract Tower,0,8,8,0,16,0,0,21,10,31,0,8,29,10,47,34,0,34,81
12/01/2012,GRI,NE,ACE,CE,Federal Contract Tower,0,6,4,0,10,0,0,8,0,8,0,6,12,0,18,2,0,2,20
12/02/2012,GRI,NE,ACE,CE,Federal Contract Tower,6,5,4,0,15,0,0,13,0,13,6,5,17,0,28,0,0,0,28
12/03/2012,GRI,NE,ACE,CE,Federal Contract Tower,0,6,4,2,12,0,0,2,0,2,0,6,6,2,14,0,0,0,14
12/04/2012,GRI,NE,ACE,CE,Federal Contract Tower,0,9,8,0,17,0,0,8,2,10,0,9,16,2,27,2,2,4,31
12/05/2012,GRI,NE,ACE,CE,Federal Contract Tower,0,13,7,4,24,0,0,12,3,15,0,13,19,7,39,0,0,0,39
12/06/2012,GRI,NE,ACE,CE,Federal Contract Tower,4,8,8,2,22,0,0,13,2,15,4,8,21,4,37,0,0,0,37
12/07/2012,GRI,NE,ACE,CE,Federal Contract Tower,2,8,7,0,17,0,0,10,0,10,2,8,17,0,27,10,32,42,69
12/08/2012,GRI,NE,ACE,CE,Federal Contract Tower,0,8,2,0,10,0,0,1,0,1,0,8,3,0,11,0,0,0,11
12/09/2012,GRI,NE,ACE,CE,Federal Contract Tower,4,2,0,1,7,0,0,2,2,4,4,2,2,3,11,0,0,0,11
12/10/2012,GRI,NE,ACE,CE,Federal Contract Tower,2,6,5,0,13,0,0,4,0,4,2,6,9,0,17,2,0,2,19
12/11/2012,GRI,NE,ACE,CE,Federal Contract Tower,0,12,15,0,27,0,0,10,11,21,0,12,25,11,48,0,42,42,90
12/12/2012,GRI,NE,ACE,CE,Federal Contract Tower,0,10,13,3,26,0,0,9,6,15,0,10,22,9,41,4,52,56,97
12/13/2012,GRI,NE,ACE,CE,Federal Contract Tower,4,9,14,2,29,0,0,20,9,29,4,9,34,11,58,4,18,22,80
12/14/2012,GRI,NE,ACE,CE,Federal Contract Tower,3,11,11,0,25,0,0,7,19,26,3,11,18,19,51,0,14,14,65
12/15/2012,GRI,NE,ACE,CE,Federal Contract Tower,0,9,3,0,12,0,0,1,0,1,0,9,4,0,13,0,0,0,13
12/16/2012,GRI,NE,ACE,CE,Federal Contract Tower,4,3,2,0,9,0,0,2,0,2,4,3,4,0,11,0,0,0,11
12/17/2012,GRI,NE,ACE,CE,Federal Contract Tower,4,8,13,0,25,0,0,5,0,5,4,8,18,0,30,18,0,18,48
12/18/2012,GRI,NE,ACE,CE,Federal Contract Tower,0,10,20,0,30,0,0,21,5,26,0,10,41,5,56,40,20,60,116
12/19/2012,GRI,NE,ACE,CE,Federal Contract Tower,0,7,3,0,10,0,0,3,3,6,0,7,6,3,16,0,6,6,22
12/20/2012,GRI,NE,ACE,CE,Federal Contract Tower,4,10,4,2,20,0,0,0,5,5,4,10,4,7,25,0,0,0,25
12/21/2012,GRI,NE,ACE,CE,Federal Contract Tower,2,9,3,0,14,0,0,19,4,23,2,9,22,4,37,42,0,42,79
12/22/2012,GRI,NE,ACE,CE,Federal Contract Tower,2,9,6,0,17,0,0,13,0,13,2,9,19,0,30,0,0,0,30
12/23/2012,GRI,NE,ACE,CE,Federal Contract Tower,4,3,0,0,7,0,0,3,0,3,4,3,3,0,10,0,0,0,10
12/24/2012,GRI,NE,ACE,CE,Federal Contract Tower,2,5,2,0,9,0,0,2,0,2,2,5,4,0,11,4,0,4,15
12/25/2012,GRI,NE,ACE,CE,Federal Contract Tower,0,1,0,0,1,0,0,0,0,0,0,1,0,0,1,0,0,0,1
12/26/2012,GRI,NE,ACE,CE,Federal Contract Tower,4,9,6,0,19,0,0,10,0,10,4,9,16,0,29,14,0,14,43
12/27/2012,GRI,NE,ACE,CE,Federal Contract Tower,2,9,2,0,13,0,0,0,0,0,2,9,2,0,13,0,0,0,13
12/28/2012,GRI,NE,ACE,CE,Federal Contract Tower,2,9,7,0,18,0,0,2,0,2,2,9,9,0,20,12,0,12,32
12/29/2012,GRI,NE,ACE,CE,Federal Contract Tower,2,8,5,0,15,0,0,17,0,17,2,8,22,0,32,4,0,4,36
12/30/2012,GRI,NE,ACE,CE,Federal Contract Tower,4,3,1,0,8,0,0,6,0,6,4,3,7,0,14,10,0,10,24
12/31/2012,GRI,NE,ACE,CE,Federal Contract Tower,0,4,4,0,8,0,0,0,0,0,0,4,4,0,8,0,0,0,8
01/01/2013,GRI,NE,ACE,CE,Federal Contract Tower,2,3,9,0,14,0,6,0,0,6,2,9,9,0,20,0,0,0,20
01/02/2013,GRI,NE,ACE,CE,Federal Contract Tower,2,11,6,0,19,0,6,2,1,9,2,17,8,1,28,0,16,16,44
01/03/2013,GRI,NE,ACE,CE,Federal Contract Tower,4,9,6,7,26,0,0,25,2,27,4,9,31,9,53,22,10,32,85
01/04/2013,GRI,NE,ACE,CE,Federal Contract Tower,0,8,7,2,17,0,0,30,4,34,0,8,37,6,51,48,14,62,113
01/05/2013,GRI,NE,ACE,CE,Federal Contract Tower,0,7,4,0,11,0,2,11,1,14,0,9,15,1,25,6,0,6,31
01/06/2013,GRI,NE,ACE,CE,Federal Contract Tower,4,3,4,0,11,0,0,14,3,17,4,3,18,3,28,0,12,12,40
01/07/2013,GRI,NE,ACE,CE,Federal Contract Tower,2,4,4,2,12,0,0,20,8,28,2,4,24,10,40,18,30,48,88
01/08/2013,GRI,NE,ACE,CE,Federal Contract Tower,0,9,1,4,14,0,0,18,15,33,0,9,19,19,47,0,6,6,53
01/09/2013,GRI,NE,ACE,CE,Federal Contract Tower,0,9,6,4,19,0,0,10,17,27,0,9,16,21,46,22,20,42,88
01/10/2013,GRI,NE,ACE,CE,Federal Contract Tower,6,8,6,1,21,0,0,0,0,0,6,8,6,1,21,0,0,0,21
01/11/2013,GRI,NE,ACE,CE,Federal Contract Tower,0,9,6,0,15,0,0,1,0,1,0,9,7,0,16,0,0,0,16
01/12/2013,GRI,NE,ACE,CE,Federal Contract Tower,0,7,3,0,10,0,0,11,0,11,0,7,14,0,21,2,0,2,23
01/13/2013,GRI,NE,ACE,CE,Federal Contract Tower,4,3,7,0,14,0,0,10,8,18,4,3,17,8,32,8,0,8,40
01/14/2013,GRI,NE,ACE,CE,Federal Contract Tower,0,8,5,2,15,0,2,13,0,15,0,10,18,2,30,8,0,8,38
01/15/2013,GRI,NE,ACE,CE,Federal Contract Tower,0,10,4,0,14,0,1,25,4,30,0,11,29,4,44,16,0,16,60
01/16/2013,GRI,NE,ACE,CE,Federal Contract Tower,0,10,6,0,16,0,5,21,8,34,0,15,27,8,50,32,16,48,98
01/17/2013,GRI,NE,ACE,CE,Federal Contract Tower,2,8,14,1,25,0,1,14,3,18,2,9,28,4,43,14,0,14,57
01/18/2013,GRI,NE,ACE,CE,Federal Contract Tower,0,8,10,0,18,0,2,31,0,33,0,10,41,0,51,56,0,56,107
01/19/2013,GRI,NE,ACE,CE,Federal Contract Tower,0,8,9,0,17,0,1,19,0,20,0,9,28,0,37,0,0,0,37
01/20/2013,GRI,NE,ACE,CE,Federal Contract Tower,2,3,3,0,8,0,0,6,0,6,2,3,9,0,14,12,0,12,26
01/21/2013,GRI,NE,ACE,CE,Federal Contract Tower,0,7,10,0,17,0,0,5,0,5,0,7,15,0,22,6,0,6,28
01/22/2013,GRI,NE,ACE,CE,Federal Contract Tower,0,10,10,1,21,0,0,24,5,29,0,10,34,6,50,26,4,30,80
01/23/2013,GRI,NE,ACE,CE,Federal Contract Tower,0,13,7,2,22,0,2,15,3,20,0,15,22,5,42,22,2,24,66
01/24/2013,GRI,NE,ACE,CE,Federal Contract Tower,2,11,6,2,21,0,4,10,4,18,2,15,16,6,39,0,0,0,39
01/25/2013,GRI,NE,ACE,CE,Federal Contract Tower,0,8,10,3,21,0,2,31,6,39,0,10,41,9,60,66,12,78,138
01/26/2013,GRI,NE,ACE,CE,Federal Contract Tower,0,9,0,1,10,0,4,8,0,12,0,13,8,1,22,8,0,8,30
01/27/2013,GRI,NE,ACE,CE,Federal Contract Tower,2,3,5,0,10,0,0,0,0,0,2,3,5,0,10,0,0,0,10
01/28/2013,GRI,NE,ACE,CE,Federal Contract Tower,0,4,8,0,12,0,0,0,0,0,0,4,8,0,12,0,0,0,12
01/29/2013,GRI,NE,ACE,CE,Federal Contract Tower,0,10,6,2,18,0,0,0,2,2,0,10,6,4,20,0,0,0,20
01/30/2013,GRI,NE,ACE,CE,Federal Contract Tower,0,14,9,0,23,0,1,12,1,14,0,15,21,1,37,14,0,14,51
01/31/2013,GRI,NE,ACE,CE,Federal Contract Tower,2,9,13,0,24,0,1,3,10,14,2,10,16,10,38,0,2,2,40
02/01/2013,GRI,NE,ACE,CE,Federal Contract Tower,0,10,6,0,16,0,0,0,0,0,0,10,6,0,16,12,0,12,28
02/02/2013,GRI,NE,ACE,CE,Federal Contract Tower,0,7,8,0,15,0,0,13,0,13,0,7,21,0,28,2,0,2,30
02/03/2013,GRI,NE,ACE,CE,Federal Contract Tower,2,2,1,0,5,0,0,10,1,11,2,2,11,1,16,0,0,0,16
02/04/2013,GRI,NE,ACE,CE,Federal Contract Tower,0,6,10,0,16,0,3,1,0,4,0,9,11,0,20,0,0,0,20
02/05/2013,GRI,NE,ACE,CE,Federal Contract Tower,0,9,7,2,18,0,0,13,3,16,0,9,20,5,34,18,10,28,62
02/06/2013,GRI,NE,ACE,CE,Federal Contract Tower,0,11,8,1,20,0,0,16,6,22,0,11,24,7,42,18,4,22,64
02/07/2013,GRI,NE,ACE,CE,Federal Contract Tower,2,9,21,0,32,0,4,26,2,32,2,13,47,2,64,42,0,42,106
02/08/2013,GRI,NE,ACE,CE,Federal Contract Tower,0,10,6,0,16,0,0,0,0,0,0,10,6,0,16,0,0,0,16
02/09/2013,GRI,NE,ACE,CE,Federal Contract Tower,0,7,4,0,11,0,0,2,6,8,0,7,6,6,19,0,0,0,19
02/10/2013,GRI,NE,ACE,CE,Federal Contract Tower,2,2,0,0,4,0,0,0,0,0,2,2,0,0,4,0,0,0,4
02/11/2013,GRI,NE,ACE,CE,Federal Contract Tower,2,6,8,0,16,0,0,15,0,15,2,6,23,0,31,0,0,0,31
02/12/2013,GRI,NE,ACE,CE,Federal Contract Tower,0,13,14,2,29,0,2,8,6,16,0,15,22,8,45,14,20,34,79
02/13/2013,GRI,NE,ACE,CE,Federal Contract Tower,0,12,27,2,41,0,5,35,7,47,0,17,62,9,88,22,2,24,112
02/14/2013,GRI,NE,ACE,CE,Federal Contract Tower,6,13,10,2,31,0,1,1,1,3,6,14,11,3,34,0,0,0,34
02/15/2013,GRI,NE,ACE,CE,Federal Contract Tower,0,10,4,0,14,0,0,10,0,10,0,10,14,0,24,12,0,12,36
02/16/2013,GRI,NE,ACE,CE,Federal Contract Tower,0,7,3,0,10,0,2,30,0,32,0,9,33,0,42,22,0,22,64
02/17/2013,GRI,NE,ACE,CE,Federal Contract Tower,4,5,4,0,13,0,4,17,0,21,4,9,21,0,34,4,0,4,38
02/18/2013,GRI,NE,ACE,CE,Federal Contract Tower,0,5,11,0,16,0,2,3,0,5,0,7,14,0,21,4,0,4,25
02/19/2013,GRI,NE,ACE,CE,Federal Contract Tower,0,12,11,0,23,0,0,17,2,19,0,12,28,2,42,8,0,8,50
02/20/2013,GRI,NE,ACE,CE,Federal Contract Tower,0,10,2,0,12,0,0,0,6,6,0,10,2,6,18,6,16,22,40
02/21/2013,GRI,NE,ACE,CE,Federal Contract Tower,4,3,1,0,8,0,0,0,0,0,4,3,1,0,8,0,0,0,8
02/22/2013,GRI,NE,ACE,CE,Federal Contract Tower,2,16,8,0,26,0,2,7,5,14,2,18,15,5,40,12,0,12,52
02/23/2013,GRI,NE,ACE,CE,Federal Contract Tower,0,10,4,0,14,0,2,39,2,43,0,12,43,2,57,40,0,40,97
02/24/2013,GRI,NE,ACE,CE,Federal Contract Tower,4,5,2,0,11,0,0,0,0,0,4,5,2,0,11,0,0,0,11
02/25/2013,GRI,NE,ACE,CE,Federal Contract Tower,2,6,8,0,16,0,4,1,0,5,2,10,9,0,21,0,0,0,21
02/26/2013,GRI,NE,ACE,CE,Federal Contract Tower,0,13,13,0,26,0,0,0,0,0,0,13,13,0,26,0,0,0,26
02/27/2013,GRI,NE,ACE,CE,Federal Contract Tower,0,9,7,10,26,0,0,4,9,13,0,9,11,19,39,4,34,38,77
02/28/2013,GRI,NE,ACE,CE,Federal Contract Tower,4,8,7,0,19,0,0,6,8,14,4,8,13,8,33,14,10,24,57
03/01/2013,GRI,NE,ACE,CE,Federal Contract Tower,2,7,16,0,25,0,0,0,0,0,2,7,16,0,25,16,46,62,87
03/02/2013,GRI,NE,ACE,CE,Federal Contract Tower,0,9,5,2,16,0,3,11,15,29,0,12,16,17,45,14,4,18,63
03/03/2013,GRI,NE,ACE,CE,Federal Contract Tower,4,5,3,0,12,0,0,18,2,20,4,5,21,2,32,20,8,28,60
03/04/2013,GRI,NE,ACE,CE,Federal Contract Tower,2,5,4,0,11,0,0,1,0,1,2,5,5,0,12,0,0,0,12
03/05/2013,GRI,NE,ACE,CE,Federal Contract Tower,0,13,7,0,20,0,0,1,0,1,0,13,8,0,21,0,0,0,21
03/06/2013,GRI,NE,ACE,CE,Federal Contract Tower,0,11,19,4,34,0,0,19,12,31,0,11,38,16,65,16,20,36,101
03/07/2013,GRI,NE,ACE,CE,Federal Contract Tower,4,10,9,6,29,0,2,20,10,32,4,12,29,16,61,8,6,14,75
03/08/2013,GRI,NE,ACE,CE,Federal Contract Tower,2,10,6,2,20,0,0,13,1,14,2,10,19,3,34,18,0,18,52
03/09/2013,GRI,NE,ACE,CE,Federal Contract Tower,0,4,0,0,4,0,0,0,0,0,0,4,0,0,4,0,0,0,4
03/10/2013,GRI,NE,ACE,CE,Federal Contract Tower,4,2,0,0,6,0,0,0,0,0,4,2,0,0,6,0,0,0,6
03/11/2013,GRI,NE,ACE,CE,Federal Contract Tower,2,6,2,1,11,0,0,21,1,22,2,6,23,2,33,28,0,28,61
03/12/2013,GRI,NE,ACE,CE,Federal Contract Tower,2,11,8,0,21,0,0,16,7,23,2,11,24,7,44,0,0,0,44
03/13/2013,GRI,NE,ACE,CE,Federal Contract Tower,0,9,11,0,20,0,0,37,23,60,0,9,48,23,80,16,24,40,120
03/14/2013,GRI,NE,ACE,CE,Federal Contract Tower,4,9,11,2,26,0,3,22,24,49,4,12,33,26,75,10,4,14,89
03/15/2013,GRI,NE,ACE,CE,Federal Contract Tower,4,8,16,2,30,0,2,32,13,47,4,10,48,15,77,6,12,18,95
03/16/2013,GRI,NE,ACE,CE,Federal Contract Tower,0,10,3,0,13,0,2,21,0,23,0,12,24,0,36,30,0,30,66
03/17/2013,GRI,NE,ACE,CE,Federal Contract Tower,4,3,2,0,9,0,0,3,0,3,4,3,5,0,12,0,0,0,12
03/18/2013,GRI,NE,ACE,CE,Federal Contract Tower,2,6,2,0,10,0,1,19,0,20,2,7,21,0,30,8,0,8,38
03/19/2013,GRI,NE,ACE,CE,Federal Contract Tower,2,8,12,2,24,0,0,30,12,42,2,8,42,14,66,8,4,12,78
03/20/2013,GRI,NE,ACE,CE,Federal Contract Tower,0,11,16,0,27,0,35,10,0,45,0,46,26,0,72,34,2,36,108
03/21/2013,GRI,NE,ACE,CE,Federal Contract Tower,4,12,4,4,24,0,0,12,1,13,4,12,16,5,37,6,0,6,43
03/22/2013,GRI,NE,ACE,CE,Federal Contract Tower,0,9,2,2,13,0,0,0,0,0,0,9,2,2,13,0,0,0,13
03/23/2013,GRI,NE,ACE,CE,Federal Contract Tower,0,5,2,0,7,0,0,0,0,0,0,5,2,0,7,0,0,0,7
03/24/2013,GRI,NE,ACE,CE,Federal Contract Tower,4,3,2,0,9,0,2,2,0,4,4,5,4,0,13,0,0,0,13
03/25/2013,GRI,NE,ACE,CE,Federal Contract Tower,0,8,12,0,20,0,8,5,0,13,0,16,17,0,33,0,0,0,33
03/26/2013,GRI,NE,ACE,CE,Federal Contract Tower,0,9,7,0,16,0,6,30,2,38,0,15,37,2,54,14,0,14,68
03/27/2013,GRI,NE,ACE,CE,Federal Contract Tower,0,8,12,4,24,0,16,25,6,47,0,24,37,10,71,22,6,28,99
03/28/2013,GRI,NE,ACE,CE,Federal Contract Tower,4,9,19,1,33,0,0,26,3,29,4,9,45,4,62,52,0,52,114
03/29/2013,GRI,NE,ACE,CE,Federal Contract Tower,0,11,22,1,34,0,1,29,2,32,0,12,51,3,66,20,0,20,86
03/30/2013,GRI,NE,ACE,CE,Federal Contract Tower,0,12,4,0,16,0,1,16,0,17,0,13,20,0,33,0,0,0,33
03/31/2013,GRI,NE,ACE,CE,Federal Contract Tower,4,2,2,0,8,0,6,23,0,29,4,8,25,0,37,2,0,2,39
04/01/2013,GRI,NE,ACE,CE,Federal Contract Tower,0,6,7,0,13,0,0,21,0,21,0,6,28,0,34,2,0,2,36
04/02/2013,GRI,NE,ACE,CE,Federal Contract Tower,0,9,4,2,15,0,1,30,4,35,0,10,34,6,50,0,0,0,50
04/03/2013,GRI,NE,ACE,CE,Federal Contract Tower,0,8,9,0,17,0,1,18,4,23,0,9,27,4,40,12,2,14,54
04/04/2013,GRI,NE,ACE,CE,Federal Contract Tower,4,11,12,2,29,0,2,12,3,17,4,13,24,5,46,10,0,10,56
04/05/2013,GRI,NE,ACE,CE,Federal Contract Tower,0,6,12,0,18,0,0,4,2,6,0,6,16,2,24,0,0,0,24
04/06/2013,GRI,NE,ACE,CE,Federal Contract Tower,0,9,2,0,11,0,0,10,2,12,0,9,12,2,23,0,0,0,23
04/07/2013,GRI,NE,ACE,CE,Federal Contract Tower,4,2,5,0,11,0,0,8,2,10,4,2,13,2,21,6,0,6,27
04/08/2013,GRI,NE,ACE,CE,Federal Contract Tower,0,5,13,0,18,0,0,4,0,4,0,5,17,0,22,0,0,0,22
04/09/2013,GRI,NE,ACE,CE,Federal Contract Tower,0,4,2,0,6,0,0,0,0,0,0,4,2,0,6,0,0,0,6
04/10/2013,GRI,NE,ACE,CE,Federal Contract Tower,0,6,3,0,9,0,0,1,2,3,0,6,4,2,12,0,10,10,22
04/11/2013,GRI,NE,ACE,CE,Federal Contract Tower,4,14,8,0,26,0,2,4,4,10,4,16,12,4,36,0,0,0,36
04/12/2013,GRI,NE,ACE,CE,Federal Contract Tower,0,6,11,10,27,0,0,18,14,32,0,6,29,24,59,12,10,22,81
04/13/2013,GRI,NE,ACE,CE,Federal Contract Tower,0,8,2,2,12,0,0,14,0,14,0,8,16,2,26,36,0,36,62
04/14/2013,GRI,NE,ACE,CE,Federal Contract Tower,6,2,2,0,10,0,0,2,0,2,6,2,4,0,12,0,0,0,12
04/15/2013,GRI,NE,ACE,CE,Federal Contract Tower,0,6,10,2,18,0,1,7,0,8,0,7,17,2,26,6,0,6,32
04/16/2013,GRI,NE,ACE,CE,Federal Contract Tower,0,6,7,2,15,0,0,9,12,21,0,6,16,14,36,6,2,8,44
04/17/2013,GRI,NE,ACE,CE,Federal Contract Tower,2,10,8,0,20,0,0,0,0,0,2,10,8,0,20,0,0,0,20
04/18/2013,GRI,NE,ACE,CE,Federal Contract Tower,4,4,7,2,17,0,0,0,0,0,4,4,7,2,17,0,2,2,19
04/19/2013,GRI,NE,ACE,CE,Federal Contract Tower,0,9,5,0,14,0,1,14,3,18,0,10,19,3,32,0,0,0,32
04/20/2013,GRI,NE,ACE,CE,Federal Contract Tower,0,7,4,0,11,0,4,17,4,25,0,11,21,4,36,2,0,2,38
04/21/2013,GRI,NE,ACE,CE,Federal Contract Tower,4,3,8,0,15,0,0,22,0,22,4,3,30,0,37,18,0,18,55
04/22/2013,GRI,NE,ACE,CE,Federal Contract Tower,0,8,6,0,14,0,0,0,0,0,0,8,6,0,14,0,0,0,14
04/23/2013,GRI,NE,ACE,CE,Federal Contract Tower,0,9,10,0,19,0,0,4,0,4,0,9,14,0,23,0,0,0,23
04/24/2013,GRI,NE,ACE,CE,Federal Contract Tower,0,9,9,4,22,0,0,24,5,29,0,9,33,9,51,2,0,2,53
04/25/2013,GRI,NE,ACE,CE,Federal Contract Tower,4,8,8,5,25,0,0,17,4,21,4,8,25,9,46,0,0,0,46
04/26/2013,GRI,NE,ACE,CE,Federal Contract Tower,0,7,8,3,18,0,2,20,4,26,0,9,28,7,44,32,12,44,88
04/27/2013,GRI,NE,ACE,CE,Federal Contract Tower,0,9,6,0,15,0,0,9,0,9,0,9,15,0,24,6,0,6,30
04/28/2013,GRI,NE,ACE,CE,Federal Contract Tower,4,3,7,0,14,0,0,17,1,18,4,3,24,1,32,0,2,2,34
04/29/2013,GRI,NE,ACE,CE,Federal Contract Tower,0,5,9,2,16,0,0,11,1,12,0,5,20,3,28,10,0,10,38
04/30/2013,GRI,NE,ACE,CE,Federal Contract Tower,0,8,5,0,13,0,1,3,0,4,0,9,8,0,17,0,0,0,17
05/01/2013,GRI,NE,ACE,CE,Federal Contract Tower,0,6,2,0,8,0,0,0,0,0,0,6,2,0,8,0,0,0,8
05/02/2013,GRI,NE,ACE,CE,Federal Contract Tower,4,8,8,2,22,0,0,13,0,13,4,8,21,2,35,0,0,0,35
05/03/2013,GRI,NE,ACE,CE,Federal Contract Tower,0,8,4,0,12,0,0,10,13,23,0,8,14,13,35,8,0,8,43
05/04/2013,GRI,NE,ACE,CE,Federal Contract Tower,0,8,3,0,11,0,5,1,15,21,0,13,4,15,32,4,0,4,36
05/05/2013,GRI,NE,ACE,CE,Federal Contract Tower,4,3,1,2,10,0,0,12,0,12,4,3,13,2,22,0,0,0,22
05/06/2013,GRI,NE,ACE,CE,Federal Contract Tower,0,6,12,2,20,0,3,7,4,14,0,9,19,6,34,4,0,4,38
05/07/2013,GRI,NE,ACE,CE,Federal Contract Tower,0,9,11,2,22,0,3,5,6,14,0,12,16,8,36,6,4,10,46
05/08/2013,GRI,NE,ACE,CE,Federal Contract Tower,0,8,11,6,25,0,1,16,3,20,0,9,27,9,45,4,0,4,49
05/09/2013,GRI,NE,ACE,CE,Federal Contract Tower,4,10,11,2,27,0,2,0,9,11,4,12,11,11,38,0,30,30,68
05/10/2013,GRI,NE,ACE,CE,Federal Contract Tower,0,12,6,4,22,0,3,12,7,22,0,15,18,11,44,8,22,30,74
05/11/2013,GRI,NE,ACE,CE,Federal Contract Tower,0,8,4,0,12,0,3,12,0,15,0,11,16,0,27,4,0,4,31
05/12/2013,GRI,NE,ACE,CE,Federal Contract Tower,4,3,5,0,12,0,0,0,0,0,4,3,5,0,12,12,0,12,24
05/13/2013,GRI,NE,ACE,CE,Federal Contract Tower,0,5,6,2,13,0,0,16,0,16,0,5,22,2,29,8,0,8,37
05/14/2013,GRI,NE,ACE,CE,Federal Contract Tower,0,8,15,1,24,0,2,12,6,20,0,10,27,7,44,30,0,30,74
05/15/2013,GRI,NE,ACE,CE,Federal Contract Tower,0,12,13,2,27,0,0,14,4,18,0,12,27,6,45,4,12,16,61
05/16/2013,GRI,NE,ACE,CE,Federal Contract Tower,4,10,10,0,24,0,2,26,0,28,4,12,36,0,52,34,0,34,86
05/17/2013,GRI,NE,ACE,CE,Federal Contract Tower,0,16,5,0,21,0,6,21,0,27,0,22,26,0,48,26,0,26,74
05/18/2013,GRI,NE,ACE,CE,Federal Contract Tower,0,7,6,0,13,0,2,2,3,7,0,9,8,3,20,2,0,2,22
05/19/2013,GRI,NE,ACE,CE,Federal Contract Tower,4,2,5,0,11,0,0,7,0,7,4,2,12,0,18,8,0,8,26
05/20/2013,GRI,NE,ACE,CE,Federal Contract Tower,0,5,9,0,14,0,0,9,0,9,0,5,18,0,23,0,0,0,23
05/21/2013,GRI,NE,ACE,CE,Federal Contract Tower,0,7,4,2,13,0,0,3,4,7,0,7,7,6,20,0,0,0,20
05/22/2013,GRI,NE,ACE,CE,Federal Contract Tower,0,15,12,4,31,0,4,8,4,16,0,19,20,8,47,0,16,16,63
05/23/2013,GRI,NE,ACE,CE,Federal Contract Tower,4,8,12,4,28,0,1,22,4,27,4,9,34,8,55,0,0,0,55
05/24/2013,GRI,NE,ACE,CE,Federal Contract Tower,0,11,13,0,24,0,0,4,0,4,0,11,17,0,28,0,0,0,28
05/25/2013,GRI,NE,ACE,CE,Federal Contract Tower,0,10,3,0,13,0,0,5,0,5,0,10,8,0,18,0,0,0,18
05/26/2013,GRI,NE,ACE,CE,Federal Contract Tower,4,2,1,0,7,0,2,9,0,11,4,4,10,0,18,0,0,0,18
05/27/2013,GRI,NE,ACE,CE,Federal Contract Tower,0,8,8,0,16,0,0,4,0,4,0,8,12,0,20,2,0,2,22
05/28/2013,GRI,NE,ACE,CE,Federal Contract Tower,0,8,6,4,18,0,0,23,9,32,0,8,29,13,50,12,0,12,62
05/29/2013,GRI,NE,ACE,CE,Federal Contract Tower,2,7,3,0,12,0,0,1,0,1,2,7,4,0,13,0,0,0,13
05/30/2013,GRI,NE,ACE,CE,Federal Contract Tower,4,12,10,1,27,0,0,21,18,39,4,12,31,19,66,4,0,4,70
05/31/2013,GRI,NE,ACE,CE,Federal Contract Tower,0,8,5,4,17,0,0,24,11,35,0,8,29,15,52,0,2,2,54
06/01/2013,GRI,NE,ACE,CE,Federal Contract Tower,0,8,6,0,14,0,1,3,4,8,0,9,9,4,22,0,0,0,22
06/02/2013,GRI,NE,ACE,CE,Federal Contract Tower,6,3,5,0,14,0,2,24,0,26,6,5,29,0,40,0,0,0,40
06/03/2013,GRI,NE,ACE,CE,Federal Contract Tower,0,6,2,0,8,0,0,16,5,21,0,6,18,5,29,2,2,4,33
06/04/2013,GRI,NE,ACE,CE,Federal Contract Tower,0,9,7,0,16,0,0,15,7,22,0,9,22,7,38,16,0,16,54
06/05/2013,GRI,NE,ACE,CE,Federal Contract Tower,0,13,13,0,26,0,0,12,8,20,0,13,25,8,46,22,2,24,70
06/06/2013,GRI,NE,ACE,CE,Federal Contract Tower,4,10,16,2,32,0,0,21,2,23,4,10,37,4,55,0,6,6,61
06/07/2013,GRI,NE,ACE,CE,Federal Contract Tower,0,8,11,2,21,0,2,33,9,44,0,10,44,11,65,28,10,38,103
06/08/2013,GRI,NE,ACE,CE,Federal Contract Tower,0,8,4,0,12,0,0,2,4,6,0,8,6,4,18,0,0,0,18
06/09/2013,GRI,NE,ACE,CE,Federal Contract Tower,4,2,13,0,19,0,2,5,0,7,4,4,18,0,26,0,0,0,26
06/10/2013,GRI,NE,ACE,CE,Federal Contract Tower,0,6,4,0,10,0,0,15,0,15,0,6,19,0,25,24,0,24,49
06/11/2013,GRI,NE,ACE,CE,Federal Contract Tower,0,8,8,0,16,0,0,6,4,10,0,8,14,4,26,6,4,10,36
06/12/2013,GRI,NE,ACE,CE,Federal Contract Tower,0,9,11,0,20,0,0,24,13,37,0,9,35,13,57,16,8,24,81
06/13/2013,GRI,NE,ACE,CE,Federal Contract Tower,4,9,9,0,22,0,0,25,5,30,4,9,34,5,52,70,12,82,134
06/14/2013,GRI,NE,ACE,CE,Federal Contract Tower,0,9,7,0,16,0,0,7,1,8,0,9,14,1,24,10,0,10,34
06/15/2013,GRI,NE,ACE,CE,Federal Contract Tower,0,8,8,0,16,0,2,7,0,9,0,10,15,0,25,4,0,4,29
06/16/2013,GRI,NE,ACE,CE,Federal Contract Tower,4,7,7,0,18,0,2,21,0,23,4,9,28,0,41,2,0,2,43
06/17/2013,GRI,NE,ACE,CE,Federal Contract Tower,0,7,6,0,13,0,0,21,0,21,0,7,27,0,34,26,0,26,60
06/18/2013,GRI,NE,ACE,CE,Federal Contract Tower,4,11,12,2,29,0,0,30,0,30,4,11,42,2,59,28,0,28,87
06/19/2013,GRI,NE,ACE,CE,Federal Contract Tower,1,12,16,0,29,0,0,20,3,23,1,12,36,3,52,28,0,28,80
06/20/2013,GRI,NE,ACE,CE,Federal Contract Tower,4,12,12,3,31,0,2,6,3,11,4,14,18,6,42,0,6,6,48
06/21/2013,GRI,NE,ACE,CE,Federal Contract Tower,2,7,10,2,21,0,1,18,7,26,2,8,28,9,47,0,2,2,49
06/22/2013,GRI,NE,ACE,CE,Federal Contract Tower,0,8,6,0,14,0,3,6,0,9,0,11,12,0,23,0,0,0,23
06/23/2013,GRI,NE,ACE,CE,Federal Contract Tower,4,2,7,0,13,0,0,13,0,13,4,2,20,0,26,6,0,6,32
06/24/2013,GRI,NE,ACE,CE,Federal Contract Tower,0,6,8,0,14,0,0,8,0,8,0,6,16,0,22,12,0,12,34
06/25/2013,GRI,NE,ACE,CE,Federal Contract Tower,2,9,9,0,20,0,2,8,0,10,2,11,17,0,30,34,0,34,64
06/26/2013,GRI,NE,ACE,CE,Federal Contract Tower,0,8,11,0,19,0,1,36,9,46,0,9,47,9,65,60,20,80,145
06/27/2013,GRI,NE,ACE,CE,Federal Contract Tower,4,8,6,2,20,0,0,14,7,21,4,8,20,9,41,2,18,20,61
06/28/2013,GRI,NE,ACE,CE,Federal Contract Tower,0,7,7,4,18,0,0,27,2,29,0,7,34,6,47,30,10,40,87
06/29/2013,GRI,NE,ACE,CE,Federal Contract Tower,0,7,7,0,14,0,0,23,8,31,0,7,30,8,45,0,2,2,47
06/30/2013,GRI,NE,ACE,CE,Federal Contract Tower,4,4,5,0,13,0,0,21,0,21,4,4,26,0,34,22,0,22,56
07/01/2013,GRI,NE,ACE,CE,Federal Contract Tower,0,6,5,3,14,0,0,21,0,21,0,6,26,3,35,32,0,32,67
07/02/2013,GRI,NE,ACE,CE,Federal Contract Tower,2,8,3,0,13,0,3,32,1,36,2,11,35,1,49,48,0,48,97
07/03/2013,GRI,NE,ACE,CE,Federal Contract Tower,0,10,15,0,25,0,0,19,2,21,0,10,34,2,46,20,2,22,68
07/04/2013,GRI,NE,ACE,CE,Federal Contract Tower,4,2,8,0,14,0,2,17,0,19,4,4,25,0,33,10,0,10,43
07/05/2013,GRI,NE,ACE,CE,Federal Contract Tower,0,8,6,0,14,0,3,6,0,9,0,11,12,0,23,0,0,0,23
07/06/2013,GRI,NE,ACE,CE,Federal Contract Tower,0,6,1,0,7,0,2,7,0,9,0,8,8,0,16,0,0,0,16
07/07/2013,GRI,NE,ACE,CE,Federal Contract Tower,4,4,6,0,14,0,0,7,0,7,4,4,13,0,21,0,0,0,21
07/08/2013,GRI,NE,ACE,CE,Federal Contract Tower,0,5,7,0,12,0,0,20,0,20,0,5,27,0,32,8,0,8,40
07/09/2013,GRI,NE,ACE,CE,Federal Contract Tower,2,9,7,2,20,0,2,25,1,28,2,11,32,3,48,10,2,12,60
07/10/2013,GRI,NE,ACE,CE,Federal Contract Tower,0,10,13,2,25,0,1,41,0,42,0,11,54,2,67,50,0,50,117
07/11/2013,GRI,NE,ACE,CE,Federal Contract Tower,4,8,5,0,17,0,0,15,8,23,4,8,20,8,40,0,0,0,40
07/12/2013,GRI,NE,ACE,CE,Federal Contract Tower,0,7,10,1,18,0,0,23,9,32,0,7,33,10,50,4,0,4,54
07/13/2013,GRI,NE,ACE,CE,Federal Contract Tower,0,7,10,2,19,0,3,16,0,19,0,10,26,2,38,22,0,22,60
07/14/2013,GRI,NE,ACE,CE,Federal Contract Tower,4,3,6,0,13,0,0,6,0,6,4,3,12,0,19,0,0,0,19
07/15/2013,GRI,NE,ACE,CE,Federal Contract Tower,0,5,6,0,11,0,1,12,0,13,0,6,18,0,24,0,0,0,24
07/16/2013,GRI,NE,ACE,CE,Federal Contract Tower,0,8,7,2,17,0,0,21,6,27,0,8,28,8,44,24,10,34,78
07/17/2013,GRI,NE,ACE,CE,Federal Contract Tower,0,11,10,1,22,0,0,19,1,20,0,11,29,2,42,0,0,0,42
07/18/2013,GRI,NE,ACE,CE,Federal Contract Tower,4,9,10,0,23,0,0,17,4,21,4,9,27,4,44,0,10,10,54
07/19/2013,GRI,NE,ACE,CE,Federal Contract Tower,0,8,7,2,17,0,2,24,2,28,0,10,31,4,45,8,0,8,53
07/20/2013,GRI,NE,ACE,CE,Federal Contract Tower,0,8,3,2,13,0,2,14,1,17,0,10,17,3,30,20,0,20,50
07/21/2013,GRI,NE,ACE,CE,Federal Contract Tower,4,4,14,0,22,0,2,16,0,18,4,6,30,0,40,0,0,0,40
07/22/2013,GRI,NE,ACE,CE,Federal Contract Tower,0,5,10,1,16,0,0,10,3,13,0,5,20,4,29,6,26,32,61
07/23/2013,GRI,NE,ACE,CE,Federal Contract Tower,0,11,11,0,22,0,0,23,0,23,0,11,34,0,45,8,0,8,53
07/24/2013,GRI,NE,ACE,CE,Federal Contract Tower,0,8,8,2,18,0,0,24,6,30,0,8,32,8,48,24,22,46,94
07/25/2013,GRI,NE,ACE,CE,Federal Contract Tower,4,8,12,0,24,0,2,12,2,16,4,10,24,2,40,6,6,12,52
07/26/2013,GRI,NE,ACE,CE,Federal Contract Tower,0,8,6,1,15,0,2,30,1,33,0,10,36,2,48,34,0,34,82
07/27/2013,GRI,NE,ACE,CE,Federal Contract Tower,0,10,5,0,15,0,14,36,0,50,0,24,41,0,65,20,0,20,85
07/28/2013,GRI,NE,ACE,CE,Federal Contract Tower,4,2,8,2,16,0,0,19,8,27,4,2,27,10,43,6,0,6,49
07/29/2013,GRI,NE,ACE,CE,Federal Contract Tower,0,7,22,0,29,0,0,0,0,0,0,7,22,0,29,0,0,0,29
07/30/2013,GRI,NE,ACE,CE,Federal Contract Tower,0,11,11,0,22,0,3,5,0,8,0,14,16,0,30,8,0,8,38
07/31/2013,GRI,NE,ACE,CE,Federal Contract Tower,0,12,5,2,19,0,0,30,12,42,0,12,35,14,61,0,0,0,61
08/01/2013,GRI,NE,ACE,CE,Federal Contract Tower,4,10,13,2,29,0,0,22,1,23,4,10,35,3,52,0,0,0,52
08/02/2013,GRI,NE,ACE,CE,Federal Contract Tower,0,9,32,0,41,0,0,26,3,29,0,9,58,3,70,24,0,24,94
08/03/2013,GRI,NE,ACE,CE,Federal Contract Tower,0,7,6,0,13,0,2,16,8,26,0,9,22,8,39,0,0,0,39
08/04/2013,GRI,NE,ACE,CE,Federal Contract Tower,4,7,20,0,31,0,0,9,3,12,4,7,29,3,43,0,0,0,43
08/05/2013,GRI,NE,ACE,CE,Federal Contract Tower,0,4,12,3,19,0,1,9,0,10,0,5,21,3,29,36,0,36,65
08/06/2013,GRI,NE,ACE,CE,Federal Contract Tower,0,14,11,0,25,0,1,15,3,19,0,15,26,3,44,16,6,22,66
08/07/2013,GRI,NE,ACE,CE,Federal Contract Tower,0,8,13,2,23,0,2,26,4,32,0,10,39,6,55,6,4,10,65
08/08/2013,GRI,NE,ACE,CE,Federal Contract Tower,4,8,13,1,26,0,0,14,0,14,4,8,27,1,40,16,0,16,56
08/09/2013,GRI,NE,ACE,CE,Federal Contract Tower,0,16,13,2,31,0,1,24,1,26,0,17,37,3,57,12,6,18,75
08/10/2013,GRI,NE,ACE,CE,Federal Contract Tower,0,7,7,0,14,0,0,18,0,18,0,7,25,0,32,18,0,18,50
08/11/2013,GRI,NE,ACE,CE,Federal Contract Tower,4,4,11,0,19,0,0,16,0,16,4,4,27,0,35,20,0,20,55
08/12/2013,GRI,NE,ACE,CE,Federal Contract Tower,0,6,14,0,20,0,0,22,0,22,0,6,36,0,42,28,0,28,70
08/13/2013,GRI,NE,ACE,CE,Federal Contract Tower,0,8,7,0,15,0,1,14,0,15,0,9,21,0,30,66,0,66,96
08/14/2013,GRI,NE,ACE,CE,Federal Contract Tower,0,8,6,2,16,0,1,13,1,15,0,9,19,3,31,20,0,20,51
08/15/2013,GRI,NE,ACE,CE,Federal Contract Tower,4,12,10,1,27,0,1,9,11,21,4,13,19,12,48,28,8,36,84
08/16/2013,GRI,NE,ACE,CE,Federal Contract Tower,0,8,12,0,20,0,0,1,0,1,0,8,13,0,21,0,0,0,21
08/17/2013,GRI,NE,ACE,CE,Federal Contract Tower,0,7,1,0,8,0,0,5,0,5,0,7,6,0,13,12,0,12,25
08/18/2013,GRI,NE,ACE,CE,Federal Contract Tower,4,4,11,0,19,0,2,20,0,22,4,6,31,0,41,28,0,28,69
08/19/2013,GRI,NE,ACE,CE,Federal Contract Tower,2,6,8,0,16,0,0,10,0,10,2,6,18,0,26,12,0,12,38
08/20/2013,GRI,NE,ACE,CE,Federal Contract Tower,0,9,15,4,28,0,1,24,2,27,0,10,39,6,55,4,2,6,61
08/21/2013,GRI,NE,ACE,CE,Federal Contract Tower,0,12,7,0,19,0,8,31,0,39,0,20,38,0,58,36,0,36,94
08/22/2013,GRI,NE,ACE,CE,Federal Contract Tower,6,9,18,2,35,0,2,23,0,25,6,11,41,2,60,26,0,26,86
08/23/2013,GRI,NE,ACE,CE,Federal Contract Tower,2,10,11,0,23,0,9,18,3,30,2,19,29,3,53,24,24,48,101
08/24/2013,GRI,NE,ACE,CE,Federal Contract Tower,0,7,2,0,9,0,0,14,1,15,0,7,16,1,24,0,0,0,24
08/25/2013,GRI,NE,ACE,CE,Federal Contract Tower,4,4,9,0,17,0,2,9,0,11,4,6,18,0,28,0,0,0,28
08/26/2013,GRI,NE,ACE,CE,Federal Contract Tower,2,7,11,2,22,0,3,9,0,12,2,10,20,2,34,0,0,0,34
08/27/2013,GRI,NE,ACE,CE,Federal Contract Tower,0,9,8,4,21,0,0,20,4,24,0,9,28,8,45,6,0,6,51
08/28/2013,GRI,NE,ACE,CE,Federal Contract Tower,0,9,6,6,21,0,0,27,6,33,0,9,33,12,54,16,12,28,82
08/29/2013,GRI,NE,ACE,CE,Federal Contract Tower,4,11,14,2,31,0,1,26,14,41,4,12,40,16,72,14,22,36,108
08/30/2013,GRI,NE,ACE,CE,Federal Contract Tower,0,9,9,2,20,0,0,21,0,21,0,9,30,2,41,0,0,0,41
08/31/2013,GRI,NE,ACE,CE,Federal Contract Tower,0,9,3,0,12,0,0,8,0,8,0,9,11,0,20,14,0,14,34
09/01/2013,GRI,NE,ACE,CE,Federal Contract Tower,4,4,4,0,12,0,0,23,0,23,4,4,27,0,35,0,0,0,35
09/02/2013,GRI,NE,ACE,CE,Federal Contract Tower,0,5,7,0,12,0,0,19,0,19,0,5,26,0,31,26,0,26,57
09/03/2013,GRI,NE,ACE,CE,Federal Contract Tower,0,8,2,0,10,0,0,19,0,19,0,8,21,0,29,14,0,14,43
09/04/2013,GRI,NE,ACE,CE,Federal Contract Tower,0,12,12,4,28,0,0,17,0,17,0,12,29,4,45,10,0,10,55
09/05/2013,GRI,NE,ACE,CE,Federal Contract Tower,4,9,11,0,24,0,2,18,15,35,4,11,29,15,59,26,0,26,85
09/06/2013,GRI,NE,ACE,CE,Federal Contract Tower,0,10,9,0,19,0,0,26,2,28,0,10,35,2,47,18,0,18,65
09/07/2013,GRI,NE,ACE,CE,Federal Contract Tower,0,9,3,0,12,0,7,17,5,29,0,16,20,5,41,36,2,38,79
09/08/2013,GRI,NE,ACE,CE,Federal Contract Tower,0,4,3,1,8,0,0,18,2,20,0,4,21,3,28,0,0,0,28
09/09/2013,GRI,NE,ACE,CE,Federal Contract Tower,0,8,17,0,25,0,2,8,0,10,0,10,25,0,35,0,0,0,35
09/10/2013,GRI,NE,ACE,CE,Federal Contract Tower,0,9,21,0,30,0,0,30,8,38,0,9,51,8,68,2,2,4,72
09/11/2013,GRI,NE,ACE,CE,Federal Contract Tower,0,9,18,1,28,0,0,36,7,43,0,9,54,8,71,0,0,0,71
09/12/2013,GRI,NE,ACE,CE,Federal Contract Tower,4,13,27,1,45,0,0,25,11,36,4,13,52,12,81,14,6,20,101
09/13/2013,GRI,NE,ACE,CE,Federal Contract Tower,0,8,23,2,33,0,0,20,18,38,0,8,43,20,71,8,0,8,79
09/14/2013,GRI,NE,ACE,CE,Federal Contract Tower,0,8,7,0,15,0,1,0,0,1,0,9,7,0,16,0,0,0,16
09/15/2013,GRI,NE,ACE,CE,Federal Contract Tower,4,6,6,0,16,0,0,4,0,4,4,6,10,0,20,0,0,0,20
09/16/2013,GRI,NE,ACE,CE,Federal Contract Tower,0,5,17,0,22,0,0,8,0,8,0,5,25,0,30,16,0,16,46
09/17/2013,GRI,NE,ACE,CE,Federal Contract Tower,0,15,19,0,34,0,0,1,0,1,0,15,20,0,35,0,0,0,35
09/18/2013,GRI,NE,ACE,CE,Federal Contract Tower,0,11,12,2,25,0,0,18,10,28,0,11,30,12,53,46,6,52,105
09/19/2013,GRI,NE,ACE,CE,Federal Contract Tower,4,9,7,2,22,0,0,4,1,5,4,9,11,3,27,0,0,0,27
09/20/2013,GRI,NE,ACE,CE,Federal Contract Tower,0,8,7,2,17,0,0,28,5,33,0,8,35,7,50,48,6,54,104
09/21/2013,GRI,NE,ACE,CE,Federal Contract Tower,0,7,3,0,10,0,1,14,0,15,0,8,17,0,25,18,0,18,43
09/22/2013,GRI,NE,ACE,CE,Federal Contract Tower,2,3,5,0,10,0,0,9,0,9,2,3,14,0,19,0,0,0,19
09/23/2013,GRI,NE,ACE,CE,Federal Contract Tower,2,6,5,0,13,0,0,3,0,3,2,6,8,0,16,0,0,0,16
09/24/2013,GRI,NE,ACE,CE,Federal Contract Tower,0,9,10,0,19,0,0,13,0,13,0,9,23,0,32,20,0,20,52
09/25/2013,GRI,NE,ACE,CE,Federal Contract Tower,0,11,9,1,21,0,2,9,1,12,0,13,18,2,33,6,0,6,39
09/26/2013,GRI,NE,ACE,CE,Federal Contract Tower,4,9,12,1,26,0,0,0,0,0,4,9,12,1,26,0,0,0,26
09/27/2013,GRI,NE,ACE,CE,Federal Contract Tower,0,10,6,0,16,0,1,16,0,17,0,11,22,0,33,0,0,0,33
09/28/2013,GRI,NE,ACE,CE,Federal Contract Tower,0,8,9,0,17,0,2,15,0,17,0,10,24,0,34,52,0,52,86
09/29/2013,GRI,NE,ACE,CE,Federal Contract Tower,4,6,8,0,18,0,0,26,0,26,4,6,34,0,44,8,0,8,52
09/30/2013,GRI,NE,ACE,CE,Federal Contract Tower,0,7,4,0,11,0,0,14,0,14,0,7,18,0,25,16,0,16,41
10/01/2013,GRI,NE,ACE,CE,Federal Contract Tower,0,9,8,0,17,0,3,32,2,37,0,12,40,2,54,30,0,30,84
10/02/2013,GRI,NE,ACE,CE,Federal Contract Tower,0,13,3,0,16,0,0,22,0,22,0,13,25,0,38,20,0,20,58
10/03/2013,GRI,NE,ACE,CE,Federal Contract Tower,4,11,3,0,18,0,0,2,0,2,4,11,5,0,20,4,0,4,24
10/04/2013,GRI,NE,ACE,CE,Federal Contract Tower,0,10,12,0,22,0,0,1,0,1,0,10,13,0,23,0,0,0,23
10/05/2013,GRI,NE,ACE,CE,Federal Contract Tower,0,8,1,0,9,0,0,0,0,0,0,8,1,0,9,0,0,0,9
10/06/2013,GRI,NE,ACE,CE,Federal Contract Tower,4,3,5,0,12,0,0,2,0,2,4,3,7,0,14,0,0,0,14
10/07/2013,GRI,NE,ACE,CE,Federal Contract Tower,0,6,10,0,16,0,2,10,0,12,0,8,20,0,28,2,0,2,30
10/08/2013,GRI,NE,ACE,CE,Federal Contract Tower,0,10,12,0,22,0,2,10,0,12,0,12,22,0,34,0,0,0,34
10/09/2013,GRI,NE,ACE,CE,Federal Contract Tower,0,11,9,0,20,0,6,24,0,30,0,17,33,0,50,6,0,6,56
10/10/2013,GRI,NE,ACE,CE,Federal Contract Tower,4,9,19,0,32,0,0,18,0,18,4,9,37,0,50,16,0,16,66
10/11/2013,GRI,NE,ACE,CE,Federal Contract Tower,0,8,11,0,19,0,2,6,0,8,0,10,17,0,27,0,0,0,27
10/12/2013,GRI,NE,ACE,CE,Federal Contract Tower,0,8,2,0,10,0,2,28,0,30,0,10,30,0,40,6,0,6,46
10/13/2013,GRI,NE,ACE,CE,Federal Contract Tower,4,5,8,0,17,0,0,13,0,13,4,5,21,0,30,18,0,18,48
10/14/2013,GRI,NE,ACE,CE,Federal Contract Tower,0,6,5,0,11,0,0,2,0,2,0,6,7,0,13,0,0,0,13
10/15/2013,GRI,NE,ACE,CE,Federal Contract Tower,0,9,9,0,18,0,0,11,0,11,0,9,20,0,29,4,0,4,33
10/16/2013,GRI,NE,ACE,CE,Federal Contract Tower,0,12,12,0,24,0,0,37,2,39,0,12,49,2,63,4,20,24,87
10/17/2013,GRI,NE,ACE,CE,Federal Contract Tower,4,11,8,0,23,0,0,12,0,12,4,11,20,0,35,24,0,24,59
10/18/2013,GRI,NE,ACE,CE,Federal Contract Tower,0,10,5,0,15,0,2,25,0,27,0,12,30,0,42,26,0,26,68
10/19/2013,GRI,NE,ACE,CE,Federal Contract Tower,0,8,3,0,11,0,0,27,0,27,0,8,30,0,38,36,0,36,74
10/20/2013,GRI,NE,ACE,CE,Federal Contract Tower,6,5,5,0,16,0,0,10,0,10,6,5,15,0,26,0,0,0,26
10/21/2013,GRI,NE,ACE,CE,Federal Contract Tower,0,8,11,0,19,0,0,9,0,9,0,8,20,0,28,0,0,0,28
10/22/2013,GRI,NE,ACE,CE,Federal Contract Tower,0,9,9,4,22,0,5,13,0,18,0,14,22,4,40,0,0,0,40
10/23/2013,GRI,NE,ACE,CE,Federal Contract Tower,2,10,11,4,27,0,2,17,4,23,2,12,28,8,50,8,8,16,66
10/24/2013,GRI,NE,ACE,CE,Federal Contract Tower,6,9,16,2,33,0,0,17,4,21,6,9,33,6,54,18,10,28,82
10/25/2013,GRI,NE,ACE,CE,Federal Contract Tower,0,9,13,2,24,0,0,27,7,34,0,9,40,9,58,12,0,12,70
10/26/2013,GRI,NE,ACE,CE,Federal Contract Tower,2,9,5,6,22,0,0,17,0,17,2,9,22,6,39,2,6,8,47
10/27/2013,GRI,NE,ACE,CE,Federal Contract Tower,4,3,8,0,15,0,6,25,0,31,4,9,33,0,46,16,0,16,62
10/28/2013,GRI,NE,ACE,CE,Federal Contract Tower,0,6,4,0,10,0,4,9,0,13,0,10,13,0,23,4,0,4,27
10/29/2013,GRI,NE,ACE,CE,Federal Contract Tower,0,11,5,0,16,0,0,0,0,0,0,11,5,0,16,0,0,0,16
10/30/2013,GRI,NE,ACE,CE,Federal Contract Tower,0,10,16,3,29,0,1,3,5,9,0,11,19,8,38,2,26,28,66
10/31/2013,GRI,NE,ACE,CE,Federal Contract Tower,4,9,26,2,41,0,4,39,3,46,4,13,65,5,87,16,12,28,115
11/01/2013,GRI,NE,ACE,CE,Federal Contract Tower,0,8,7,0,15,0,4,22,0,26,0,12,29,0,41,34,0,34,75
11/02/2013,GRI,NE,ACE,CE,Federal Contract Tower,0,8,4,0,12,0,0,31,9,40,0,8,35,9,52,6,20,26,78
11/03/2013,GRI,NE,ACE,CE,Federal Contract Tower,4,5,0,0,9,0,0,4,2,6,4,5,4,2,15,0,0,0,15
11/04/2013,GRI,NE,ACE,CE,Federal Contract Tower,0,6,10,0,16,0,0,9,0,9,0,6,19,0,25,0,0,0,25
11/05/2013,GRI,NE,ACE,CE,Federal Contract Tower,0,9,6,0,15,0,0,0,0,0,0,9,6,0,15,0,0,0,15
11/06/2013,GRI,NE,ACE,CE,Federal Contract Tower,0,13,2,0,15,0,0,4,9,13,0,13,6,9,28,0,32,32,60
11/07/2013,GRI,NE,ACE,CE,Federal Contract Tower,4,9,20,4,37,0,0,36,9,45,4,9,56,13,82,10,6,16,98
11/08/2013,GRI,NE,ACE,CE,Federal Contract Tower,0,9,12,1,22,0,0,30,8,38,0,9,42,9,60,12,0,12,72
11/09/2013,GRI,NE,ACE,CE,Federal Contract Tower,0,8,6,0,14,0,0,21,0,21,0,8,27,0,35,20,0,20,55
11/10/2013,GRI,NE,ACE,CE,Federal Contract Tower,4,3,6,0,13,0,0,13,0,13,4,3,19,0,26,10,0,10,36
11/11/2013,GRI,NE,ACE,CE,Federal Contract Tower,0,7,6,0,13,0,0,0,0,0,0,7,6,0,13,0,0,0,13
11/12/2013,GRI,NE,ACE,CE,Federal Contract Tower,0,11,20,0,31,0,1,18,2,21,0,12,38,2,52,36,0,36,88
11/13/2013,GRI,NE,ACE,CE,Federal Contract Tower,0,10,9,2,21,0,0,23,7,30,0,10,32,9,51,10,38,48,99
11/14/2013,GRI,NE,ACE,CE,Federal Contract Tower,4,9,7,0,20,0,0,20,10,30,4,9,27,10,50,18,6,24,74
11/15/2013,GRI,NE,ACE,CE,Federal Contract Tower,0,8,11,5,24,0,2,18,13,33,0,10,29,18,57,10,12,22,79
11/16/2013,GRI,NE,ACE,CE,Federal Contract Tower,0,10,9,8,27,0,14,0,0,14,0,24,9,8,41,8,12,20,61
11/17/2013,GRI,NE,ACE,CE,Federal Contract Tower,4,3,3,0,10,0,0,4,0,4,4,3,7,0,14,0,0,0,14
11/18/2013,GRI,NE,ACE,CE,Federal Contract Tower,0,5,10,0,15,0,0,16,0,16,0,5,26,0,31,14,0,14,45
11/19/2013,GRI,NE,ACE,CE,Federal Contract Tower,0,9,11,2,22,0,0,23,2,25,0,9,34,4,47,38,2,40,87
11/20/2013,GRI,NE,ACE,CE,Federal Contract Tower,0,10,13,0,23,0,0,18,7,25,0,10,31,7,48,32,8,40,88
11/21/2013,GRI,NE,ACE,CE,Federal Contract Tower,4,13,9,0,26,0,0,0,0,0,4,13,9,0,26,0,0,0,26
11/22/2013,GRI,NE,ACE,CE,Federal Contract Tower,0,10,8,0,18,0,0,21,8,29,0,10,29,8,47,16,0,16,63
11/23/2013,GRI,NE,ACE,CE,Federal Contract Tower,0,8,7,0,15,0,0,13,3,16,0,8,20,3,31,18,0,18,49
11/24/2013,GRI,NE,ACE,CE,Federal Contract Tower,4,2,4,0,10,0,0,7,0,7,4,2,11,0,17,12,0,12,29
11/25/2013,GRI,NE,ACE,CE,Federal Contract Tower,0,5,9,0,14,0,5,11,0,16,0,10,20,0,30,4,0,4,34
11/26/2013,GRI,NE,ACE,CE,Federal Contract Tower,2,9,18,0,29,0,2,10,3,15,2,11,28,3,44,6,4,10,54
11/27/2013,GRI,NE,ACE,CE,Federal Contract Tower,2,9,10,0,21,0,0,16,0,16,2,9,26,0,37,28,0,28,65
11/28/2013,GRI,NE,ACE,CE,Federal Contract Tower,0,2,1,0,3,0,0,1,0,1,0,2,2,0,4,0,0,0,4
11/29/2013,GRI,NE,ACE,CE,Federal Contract Tower,0,9,2,0,11,0,3,6,0,9,0,12,8,0,20,26,0,26,46
11/30/2013,GRI,NE,ACE,CE,Federal Contract Tower,2,9,4,0,15,0,0,9,0,9,2,9,13,0,24,12,0,12,36
12/01/2013,GRI,NE,ACE,CE,Federal Contract Tower,2,4,8,0,14,0,0,14,0,14,2,4,22,0,28,12,0,12,40
12/02/2013,GRI,NE,ACE,CE,Federal Contract Tower,0,6,11,0,17,0,0,13,0,13,0,6,24,0,30,16,0,16,46
12/03/2013,GRI,NE,ACE,CE,Federal Contract Tower,2,8,6,0,16,0,0,0,2,2,2,8,6,2,18,0,0,0,18
12/04/2013,GRI,NE,ACE,CE,Federal Contract Tower,0,9,10,0,19,0,6,5,2,13,0,15,15,2,32,0,0,0,32
12/05/2013,GRI,NE,ACE,CE,Federal Contract Tower,4,7,16,0,27,0,0,6,8,14,4,7,22,8,41,12,4,16,57
12/06/2013,GRI,NE,ACE,CE,Federal Contract Tower,2,6,10,9,27,0,0,8,14,22,2,6,18,23,49,8,12,20,69
12/07/2013,GRI,NE,ACE,CE,Federal Contract Tower,0,7,1,0,8,0,0,5,0,5,0,7,6,0,13,0,0,0,13
12/08/2013,GRI,NE,ACE,CE,Federal Contract Tower,4,3,3,0,10,0,0,0,0,0,4,3,3,0,10,0,0,0,10
12/09/2013,GRI,NE,ACE,CE,Federal Contract Tower,2,8,5,0,15,0,2,5,0,7,2,10,10,0,22,2,0,2,24
12/10/2013,GRI,NE,ACE,CE,Federal Contract Tower,0,17,6,0,23,0,0,2,2,4,0,17,8,2,27,4,2,6,33
12/11/2013,GRI,NE,ACE,CE,Federal Contract Tower,0,9,14,0,23,0,0,18,10,28,0,9,32,10,51,24,8,32,83
12/12/2013,GRI,NE,ACE,CE,Federal Contract Tower,4,14,6,0,24,0,6,13,14,33,4,20,19,14,57,0,36,36,93
12/13/2013,GRI,NE,ACE,CE,Federal Contract Tower,2,10,6,2,20,0,0,13,3,16,2,10,19,5,36,12,0,12,48
12/14/2013,GRI,NE,ACE,CE,Federal Contract Tower,0,7,5,0,12,0,3,5,0,8,0,10,10,0,20,2,0,2,22
12/15/2013,GRI,NE,ACE,CE,Federal Contract Tower,6,6,8,0,20,0,0,11,0,11,6,6,19,0,31,0,0,0,31
12/16/2013,GRI,NE,ACE,CE,Federal Contract Tower,2,5,14,0,21,0,0,13,0,13,2,5,27,0,34,4,0,4,38
12/17/2013,GRI,NE,ACE,CE,Federal Contract Tower,0,13,8,0,21,0,3,22,3,28,0,16,30,3,49,18,12,30,79
12/18/2013,GRI,NE,ACE,CE,Federal Contract Tower,2,14,7,4,27,0,2,16,11,29,2,16,23,15,56,20,30,50,106
12/19/2013,GRI,NE,ACE,CE,Federal Contract Tower,4,11,14,0,29,0,5,13,7,25,4,16,27,7,54,2,14,16,70
12/20/2013,GRI,NE,ACE,CE,Federal Contract Tower,2,8,14,2,26,0,1,4,4,9,2,9,18,6,35,4,12,16,51
12/21/2013,GRI,NE,ACE,CE,Federal Contract Tower,2,8,11,0,21,0,0,4,0,4,2,8,15,0,25,0,0,0,25
12/22/2013,GRI,NE,ACE,CE,Federal Contract Tower,4,2,4,0,10,0,0,0,0,0,4,2,4,0,10,0,0,0,10
12/23/2013,GRI,NE,ACE,CE,Federal Contract Tower,2,8,4,0,14,0,0,18,0,18,2,8,22,0,32,16,0,16,48
12/24/2013,GRI,NE,ACE,CE,Federal Contract Tower,2,10,8,0,20,0,0,0,0,0,2,10,8,0,20,0,0,0,20
12/25/2013,GRI,NE,ACE,CE,Federal Contract Tower,0,3,0,0,3,0,0,2,0,2,0,3,2,0,5,0,0,0,5
12/26/2013,GRI,NE,ACE,CE,Federal Contract Tower,4,11,7,2,24,0,0,15,0,15,4,11,22,2,39,0,0,0,39
12/27/2013,GRI,NE,ACE,CE,Federal Contract Tower,4,6,7,0,17,0,0,16,0,16,4,6,23,0,33,2,0,2,35
12/28/2013,GRI,NE,ACE,CE,Federal Contract Tower,2,8,4,0,14,0,0,12,0,12,2,8,16,0,26,6,0,6,32
12/29/2013,GRI,NE,ACE,CE,Federal Contract Tower,4,2,3,0,9,0,0,2,0,2,4,2,5,0,11,0,0,0,11
12/30/2013,GRI,NE,ACE,CE,Federal Contract Tower,2,5,9,0,16,0,0,2,0,2,2,5,11,0,18,0,0,0,18
12/31/2013,GRI,NE,ACE,CE,Federal Contract Tower,2,9,5,0,16,0,0,9,0,9,2,9,14,0,25,0,0,0,25
01/01/2014,GRI,NE,ACE,CE,Federal Contract Tower,0,3,3,0,6,0,0,0,0,0,0,3,3,0,6,0,0,0,6
01/02/2014,GRI,NE,ACE,CE,Federal Contract Tower,4,13,7,0,24,0,0,1,8,9,4,13,8,8,33,0,18,18,51
01/03/2014,GRI,NE,ACE,CE,Federal Contract Tower,4,7,3,1,15,0,2,11,3,16,4,9,14,4,31,8,0,8,39
01/04/2014,GRI,NE,ACE,CE,Federal Contract Tower,0,10,8,0,18,0,2,2,0,4,0,12,10,0,22,2,0,2,24
01/05/2014,GRI,NE,ACE,CE,Federal Contract Tower,4,5,8,0,17,0,0,5,0,5,4,5,13,0,22,0,0,0,22
01/06/2014,GRI,NE,ACE,CE,Federal Contract Tower,0,11,8,2,21,0,3,3,0,6,0,14,11,2,27,0,0,0,27
01/07/2014,GRI,NE,ACE,CE,Federal Contract Tower,0,8,15,0,23,0,0,17,4,21,0,8,32,4,44,4,0,4,48
01/08/2014,GRI,NE,ACE,CE,Federal Contract Tower,0,9,10,0,19,0,0,2,4,6,0,9,12,4,25,0,24,24,49
01/09/2014,GRI,NE,ACE,CE,Federal Contract Tower,6,11,8,3,28,0,0,13,9,22,6,11,21,12,50,14,20,34,84
01/10/2014,GRI,NE,ACE,CE,Federal Contract Tower,0,14,3,0,17,0,0,1,19,20,0,14,4,19,37,0,40,40,77
01/11/2014,GRI,NE,ACE,CE,Federal Contract Tower,0,8,2,1,11,0,1,26,12,39,0,9,28,13,50,12,14,26,76
01/12/2014,GRI,NE,ACE,CE,Federal Contract Tower,3,2,2,0,7,0,0,6,9,15,3,2,8,9,22,12,2,14,36
01/13/2014,GRI,NE,ACE,CE,Federal Contract Tower,1,8,10,3,22,0,0,14,3,17,1,8,24,6,39,0,0,0,39
01/14/2014,GRI,NE,ACE,CE,Federal Contract Tower,0,8,11,0,19,0,2,2,0,4,0,10,13,0,23,0,0,0,23
01/15/2014,GRI,NE,ACE,CE,Federal Contract Tower,0,13,10,3,26,0,2,30,11,43,0,15,40,14,69,28,2,30,99
01/16/2014,GRI,NE,ACE,CE,Federal Contract Tower,4,6,5,0,15,0,0,1,0,1,4,6,6,0,16,0,0,0,16
01/17/2014,GRI,NE,ACE,CE,Federal Contract Tower,0,10,9,0,19,0,0,13,0,13,0,10,22,0,32,20,0,20,52
01/18/2014,GRI,NE,ACE,CE,Federal Contract Tower,0,7,6,0,13,0,0,0,0,0,0,7,6,0,13,0,0,0,13
01/19/2014,GRI,NE,ACE,CE,Federal Contract Tower,4,6,4,0,14,0,7,11,0,18,4,13,15,0,32,12,0,12,44
01/20/2014,GRI,NE,ACE,CE,Federal Contract Tower,0,7,4,0,11,0,0,0,0,0,0,7,4,0,11,0,0,0,11
01/21/2014,GRI,NE,ACE,CE,Federal Contract Tower,0,11,11,2,24,0,0,10,4,14,0,11,21,6,38,4,6,10,48
01/22/2014,GRI,NE,ACE,CE,Federal Contract Tower,0,13,10,0,23,0,0,13,9,22,0,13,23,9,45,0,10,10,55
01/23/2014,GRI,NE,ACE,CE,Federal Contract Tower,4,11,8,0,23,0,0,8,5,13,4,11,16,5,36,10,2,12,48
01/24/2014,GRI,NE,ACE,CE,Federal Contract Tower,0,7,4,1,12,0,0,12,4,16,0,7,16,5,28,32,0,32,60
01/25/2014,GRI,NE,ACE,CE,Federal Contract Tower,0,8,5,0,13,0,0,11,4,15,0,8,16,4,28,4,0,4,32
01/26/2014,GRI,NE,ACE,CE,Federal Contract Tower,4,2,7,0,13,0,0,3,0,3,4,2,10,0,16,0,0,0,16
01/27/2014,GRI,NE,ACE,CE,Federal Contract Tower,0,8,13,0,21,0,2,5,1,8,0,10,18,1,29,0,0,0,29
01/28/2014,GRI,NE,ACE,CE,Federal Contract Tower,0,7,9,1,17,0,0,2,1,3,0,7,11,2,20,2,0,2,22
01/29/2014,GRI,NE,ACE,CE,Federal Contract Tower,0,11,13,0,24,0,2,21,19,42,0,13,34,19,66,6,12,18,84
01/30/2014,GRI,NE,ACE,CE,Federal Contract Tower,4,8,6,5,23,0,2,6,27,35,4,10,12,32,58,8,8,16,74
01/31/2014,GRI,NE,ACE,CE,Federal Contract Tower,0,8,1,0,9,0,0,0,4,4,0,8,1,4,13,0,0,0,13
02/01/2014,GRI,NE,ACE,CE,Federal Contract Tower,0,9,2,0,11,0,6,2,5,13,0,15,4,5,24,0,2,2,26
02/02/2014,GRI,NE,ACE,CE,Federal Contract Tower,4,3,3,0,10,0,8,17,0,25,4,11,20,0,35,2,0,2,37
02/03/2014,GRI,NE,ACE,CE,Federal Contract Tower,0,6,8,0,14,0,2,15,0,17,0,8,23,0,31,26,0,26,57
02/04/2014,GRI,NE,ACE,CE,Federal Contract Tower,0,7,7,0,14,0,0,0,0,0,0,7,7,0,14,0,0,0,14
02/05/2014,GRI,NE,ACE,CE,Federal Contract Tower,0,12,12,2,26,0,0,6,5,11,0,12,18,7,37,18,22,40,77
02/06/2014,GRI,NE,ACE,CE,Federal Contract Tower,4,11,8,3,26,0,0,3,3,6,4,11,11,6,32,6,10,16,48
02/07/2014,GRI,NE,ACE,CE,Federal Contract Tower,0,10,11,4,25,0,2,0,7,9,0,12,11,11,34,4,0,4,38
02/08/2014,GRI,NE,ACE,CE,Federal Contract Tower,0,9,9,0,18,0,0,8,7,15,0,9,17,7,33,8,0,8,41
02/09/2014,GRI,NE,ACE,CE,Federal Contract Tower,4,7,8,0,19,0,0,0,2,2,4,7,8,2,21,0,0,0,21
02/10/2014,GRI,NE,ACE,CE,Federal Contract Tower,0,10,7,0,17,0,0,1,0,1,0,10,8,0,18,0,0,0,18
02/11/2014,GRI,NE,ACE,CE,Federal Contract Tower,0,11,5,0,16,0,3,9,2,14,0,14,14,2,30,26,0,26,56
02/12/2014,GRI,NE,ACE,CE,Federal Contract Tower,0,8,12,2,22,0,2,13,10,25,0,10,25,12,47,0,0,0,47
02/13/2014,GRI,NE,ACE,CE,Federal Contract Tower,4,11,14,2,31,0,0,32,6,38,4,11,46,8,69,36,0,36,105
02/14/2014,GRI,NE,ACE,CE,Federal Contract Tower,0,8,6,0,14,0,0,9,0,9,0,8,15,0,23,2,0,2,25
02/15/2014,GRI,NE,ACE,CE,Federal Contract Tower,2,9,7,0,18,0,0,22,0,22,2,9,29,0,40,18,0,18,58
02/16/2014,GRI,NE,ACE,CE,Federal Contract Tower,4,4,5,0,13,0,0,4,0,4,4,4,9,0,17,0,0,0,17
02/17/2014,GRI,NE,ACE,CE,Federal Contract Tower,0,5,4,0,9,0,0,5,0,5,0,5,9,0,14,0,0,0,14
02/18/2014,GRI,NE,ACE,CE,Federal Contract Tower,2,10,6,0,18,0,4,26,0,30,2,14,32,0,48,4,0,4,52
02/19/2014,GRI,NE,ACE,CE,Federal Contract Tower,0,14,6,0,20,0,0,17,8,25,0,14,23,8,45,38,8,46,91
02/20/2014,GRI,NE,ACE,CE,Federal Contract Tower,4,10,8,0,22,0,2,1,2,5,4,12,9,2,27,0,0,0,27
02/21/2014,GRI,NE,ACE,CE,Federal Contract Tower,0,10,7,0,17,0,0,3,4,7,0,10,10,4,24,0,0,0,24
02/22/2014,GRI,NE,ACE,CE,Federal Contract Tower,0,5,6,0,11,0,2,18,0,20,0,7,24,0,31,6,0,6,37
02/23/2014,GRI,NE,ACE,CE,Federal Contract Tower,4,2,4,0,10,0,0,5,0,5,4,2,9,0,15,10,0,10,25
02/24/2014,GRI,NE,ACE,CE,Federal Contract Tower,0,11,8,0,19,0,6,1,0,7,0,17,9,0,26,0,0,0,26
02/25/2014,GRI,NE,ACE,CE,Federal Contract Tower,2,8,9,0,19,0,1,5,0,6,2,9,14,0,25,4,0,4,29
02/26/2014,GRI,NE,ACE,CE,Federal Contract Tower,0,9,3,2,14,0,0,15,11,26,0,9,18,13,40,6,0,6,46
02/27/2014,GRI,NE,ACE,CE,Federal Contract Tower,4,9,0,2,15,0,3,8,9,20,4,12,8,11,35,6,0,6,41
02/28/2014,GRI,NE,ACE,CE,Federal Contract Tower,2,9,9,0,20,0,0,2,13,15,2,9,11,13,35,0,12,12,47
03/01/2014,GRI,NE,ACE,CE,Federal Contract Tower,2,8,6,0,16,0,0,0,6,6,2,8,6,6,22,0,0,0,22
03/02/2014,GRI,NE,ACE,CE,Federal Contract Tower,6,1,6,2,15,0,0,0,33,33,6,1,6,35,48,0,0,0,48
03/03/2014,GRI,NE,ACE,CE,Federal Contract Tower,1,6,8,0,15,0,3,5,0,8,1,9,13,0,23,0,0,0,23
03/04/2014,GRI,NE,ACE,CE,Federal Contract Tower,0,9,7,0,16,0,0,9,12,21,0,9,16,12,37,4,8,12,49
03/05/2014,GRI,NE,ACE,CE,Federal Contract Tower,0,10,6,2,18,0,0,8,13,21,0,10,14,15,39,26,4,30,69
03/06/2014,GRI,NE,ACE,CE,Federal Contract Tower,4,13,17,1,35,0,0,4,3,7,4,13,21,4,42,0,0,0,42
03/07/2014,GRI,NE,ACE,CE,Federal Contract Tower,3,11,14,0,28,0,0,1,1,2,3,11,15,1,30,0,0,0,30
03/08/2014,GRI,NE,ACE,CE,Federal Contract Tower,0,5,2,0,7,0,2,30,8,40,0,7,32,8,47,28,0,28,75
03/09/2014,GRI,NE,ACE,CE,Federal Contract Tower,4,2,3,0,9,0,2,7,0,9,4,4,10,0,18,0,0,0,18
03/10/2014,GRI,NE,ACE,CE,Federal Contract Tower,4,6,9,0,19,0,0,25,0,25,4,6,34,0,44,26,0,26,70
03/11/2014,GRI,NE,ACE,CE,Federal Contract Tower,0,10,9,0,19,0,3,8,0,11,0,13,17,0,30,2,0,2,32
03/12/2014,GRI,NE,ACE,CE,Federal Contract Tower,0,11,13,0,24,0,0,21,12,33,0,11,34,12,57,62,34,96,153
03/13/2014,GRI,NE,ACE,CE,Federal Contract Tower,4,9,9,1,23,0,0,27,13,40,4,9,36,14,63,16,14,30,93
03/14/2014,GRI,NE,ACE,CE,Federal Contract Tower,2,10,6,0,18,0,2,19,8,29,2,12,25,8,47,2,2,4,51
03/15/2014,GRI,NE,ACE,CE,Federal Contract Tower,0,5,2,2,9,0,2,20,1,23,0,7,22,3,32,16,0,16,48
03/16/2014,GRI,NE,ACE,CE,Federal Contract Tower,4,4,6,0,14,0,0,12,0,12,4,4,18,0,26,16,0,16,42
03/17/2014,GRI,NE,ACE,CE,Federal Contract Tower,2,9,6,6,23,0,2,16,0,18,2,11,22,6,41,18,4,22,63
03/18/2014,GRI,NE,ACE,CE,Federal Contract Tower,2,8,4,0,14,0,0,9,2,11,2,8,13,2,25,0,0,0,25
03/19/2014,GRI,NE,ACE,CE,Federal Contract Tower,0,11,9,3,23,0,0,19,6,25,0,11,28,9,48,2,0,2,50
03/20/2014,GRI,NE,ACE,CE,Federal Contract Tower,4,9,20,1,34,0,4,23,13,40,4,13,43,14,74,14,0,14,88
03/21/2014,GRI,NE,ACE,CE,Federal Contract Tower,0,7,7,6,20,0,2,5,1,8,0,9,12,7,28,0,0,0,28
03/22/2014,GRI,NE,ACE,CE,Federal Contract Tower,0,4,5,0,9,0,1,6,0,7,0,5,11,0,16,8,0,8,24
03/23/2014,GRI,NE,ACE,CE,Federal Contract Tower,4,5,5,0,14,0,0,29,0,29,4,5,34,0,43,34,0,34,77
03/24/2014,GRI,NE,ACE,CE,Federal Contract Tower,0,5,6,0,11,0,2,7,2,11,0,7,13,2,22,0,0,0,22
03/25/2014,GRI,NE,ACE,CE,Federal Contract Tower,0,12,7,0,19,0,3,30,6,39,0,15,37,6,58,38,0,38,96
03/26/2014,GRI,NE,ACE,CE,Federal Contract Tower,0,8,7,0,15,0,0,3,2,5,0,8,10,2,20,0,0,0,20
03/27/2014,GRI,NE,ACE,CE,Federal Contract Tower,4,14,7,0,25,0,0,0,1,1,4,14,7,1,26,0,8,8,34
03/28/2014,GRI,NE,ACE,CE,Federal Contract Tower,0,9,10,0,19,0,2,10,6,18,0,11,20,6,37,64,4,68,105
03/29/2014,GRI,NE,ACE,CE,Federal Contract Tower,0,7,18,0,25,0,2,15,0,17,0,9,33,0,42,68,0,68,110
03/30/2014,GRI,NE,ACE,CE,Federal Contract Tower,4,3,5,0,12,0,0,19,2,21,4,3,24,2,33,36,0,36,69
03/31/2014,GRI,NE,ACE,CE,Federal Contract Tower,0,5,2,0,7,0,0,2,0,2,0,5,4,0,9,0,0,0,9
04/01/2014,GRI,NE,ACE,CE,Federal Contract Tower,0,9,8,0,17,0,4,22,0,26,0,13,30,0,43,16,0,16,59
04/02/2014,GRI,NE,ACE,CE,Federal Contract Tower,0,10,2,2,14,0,0,5,3,8,0,10,7,5,22,8,12,20,42
04/03/2014,GRI,NE,ACE,CE,Federal Contract Tower,4,9,3,0,16,0,0,0,0,0,4,9,3,0,16,0,0,0,16
04/04/2014,GRI,NE,ACE,CE,Federal Contract Tower,0,9,14,0,23,0,2,17,0,19,0,11,31,0,42,36,0,36,78
04/05/2014,GRI,NE,ACE,CE,Federal Contract Tower,0,8,1,0,9,0,1,11,0,12,0,9,12,0,21,0,0,0,21
04/06/2014,GRI,NE,ACE,CE,Federal Contract Tower,4,4,4,0,12,0,0,7,0,7,4,4,11,0,19,0,0,0,19
04/07/2014,GRI,NE,ACE,CE,Federal Contract Tower,0,5,11,0,16,0,3,5,0,8,0,8,16,0,24,0,0,0,24
04/08/2014,GRI,NE,ACE,CE,Federal Contract Tower,0,11,7,0,18,0,3,28,3,34,0,14,35,3,52,42,0,42,94
04/09/2014,GRI,NE,ACE,CE,Federal Contract Tower,0,10,4,0,14,0,3,17,3,23,0,13,21,3,37,4,2,6,43
04/10/2014,GRI,NE,ACE,CE,Federal Contract Tower,4,10,1,3,18,0,0,14,4,18,4,10,15,7,36,14,4,18,54
04/11/2014,GRI,NE,ACE,CE,Federal Contract Tower,0,6,14,2,22,0,5,14,16,35,0,11,28,18,57,24,0,24,81
04/12/2014,GRI,NE,ACE,CE,Federal Contract Tower,0,4,3,0,7,0,2,8,0,10,0,6,11,0,17,0,0,0,17
04/13/2014,GRI,NE,ACE,CE,Federal Contract Tower,2,2,2,0,6,0,0,0,0,0,2,2,2,0,6,0,0,0,6
04/14/2014,GRI,NE,ACE,CE,Federal Contract Tower,2,8,7,0,17,0,2,7,3,12,2,10,14,3,29,4,6,10,39
04/15/2014,GRI,NE,ACE,CE,Federal Contract Tower,0,11,13,0,24,0,3,21,6,30,0,14,34,6,54,20,2,22,76
04/16/2014,GRI,NE,ACE,CE,Federal Contract Tower,0,10,9,0,19,0,0,13,2,15,0,10,22,2,34,18,0,18,52
04/17/2014,GRI,NE,ACE,CE,Federal Contract Tower,4,8,11,0,23,0,0,16,9,25,4,8,27,9,48,20,0,20,68
04/18/2014,GRI,NE,ACE,CE,Federal Contract Tower,0,7,4,0,11,0,2,13,0,15,0,9,17,0,26,0,0,0,26
04/19/2014,GRI,NE,ACE,CE,Federal Contract Tower,0,5,3,0,8,0,1,4,0,5,0,6,7,0,13,0,0,0,13
04/20/2014,GRI,NE,ACE,CE,Federal Contract Tower,4,2,0,0,6,0,0,12,0,12,4,2,12,0,18,14,0,14,32
04/21/2014,GRI,NE,ACE,CE,Federal Contract Tower,0,11,10,0,21,0,0,18,0,18,0,11,28,0,39,18,0,18,57
04/22/2014,GRI,NE,ACE,CE,Federal Contract Tower,0,11,8,0,19,0,0,8,3,11,0,11,16,3,30,8,0,8,38
04/23/2014,GRI,NE,ACE,CE,Federal Contract Tower,0,8,4,0,12,0,2,6,1,9,0,10,10,1,21,0,0,0,21
04/24/2014,GRI,NE,ACE,CE,Federal Contract Tower,4,9,5,0,18,0,0,14,0,14,4,9,19,0,32,16,14,30,62
04/25/2014,GRI,NE,ACE,CE,Federal Contract Tower,0,7,10,0,17,0,2,27,5,34,0,9,37,5,51,56,0,56,107
04/26/2014,GRI,NE,ACE,CE,Federal Contract Tower,0,7,7,0,14,0,0,11,5,16,0,7,18,5,30,26,0,26,56
04/27/2014,GRI,NE,ACE,CE,Federal Contract Tower,4,3,5,2,14,0,0,1,0,1,4,3,6,2,15,0,0,0,15
04/28/2014,GRI,NE,ACE,CE,Federal Contract Tower,0,5,6,0,11,0,0,0,0,0,0,5,6,0,11,0,0,0,11
04/29/2014,GRI,NE,ACE,CE,Federal Contract Tower,0,8,5,0,13,0,0,0,2,2,0,8,5,2,15,0,0,0,15
04/30/2014,GRI,NE,ACE,CE,Federal Contract Tower,0,8,4,0,12,0,0,1,0,1,0,8,5,0,13,0,0,0,13
05/01/2014,GRI,NE,ACE,CE,Federal Contract Tower,4,10,13,1,28,0,0,18,3,21,4,10,31,4,49,14,0,14,63
05/02/2014,GRI,NE,ACE,CE,Federal Contract Tower,0,6,15,0,21,0,14,19,0,33,0,20,34,0,54,12,0,12,66
05/03/2014,GRI,NE,ACE,CE,Federal Contract Tower,0,5,6,0,11,0,1,29,0,30,0,6,35,0,41,50,0,50,91
05/04/2014,GRI,NE,ACE,CE,Federal Contract Tower,4,4,3,0,11,0,4,13,0,17,4,8,16,0,28,8,0,8,36
05/05/2014,GRI,NE,ACE,CE,Federal Contract Tower,0,7,17,2,26,0,0,16,0,16,0,7,33,2,42,8,0,8,50
05/06/2014,GRI,NE,ACE,CE,Federal Contract Tower,0,10,6,0,16,0,8,11,7,26,0,18,17,7,42,22,12,34,76
05/07/2014,GRI,NE,ACE,CE,Federal Contract Tower,0,10,9,0,19,0,0,28,13,41,0,10,37,13,60,18,12,30,90
05/08/2014,GRI,NE,ACE,CE,Federal Contract Tower,4,8,12,0,24,0,2,1,3,6,4,10,13,3,30,0,2,2,32
05/09/2014,GRI,NE,ACE,CE,Federal Contract Tower,0,8,13,0,21,0,2,17,6,25,0,10,30,6,46,20,6,26,72
05/10/2014,GRI,NE,ACE,CE,Federal Contract Tower,0,5,7,0,12,0,1,7,2,10,0,6,14,2,22,12,0,12,34
05/11/2014,GRI,NE,ACE,CE,Federal Contract Tower,4,4,0,0,8,0,0,0,0,0,4,4,0,0,8,0,0,0,8
05/12/2014,GRI,NE,ACE,CE,Federal Contract Tower,0,4,8,0,12,0,0,0,0,0,0,4,8,0,12,0,0,0,12
05/13/2014,GRI,NE,ACE,CE,Federal Contract Tower,0,11,20,0,31,0,2,5,6,13,0,13,25,6,44,8,6,14,58
05/14/2014,GRI,NE,ACE,CE,Federal Contract Tower,0,13,3,6,22,0,4,20,14,38,0,17,23,20,60,12,4,16,76
05/15/2014,GRI,NE,ACE,CE,Federal Contract Tower,4,8,11,2,25,0,0,23,10,33,4,8,34,12,58,18,0,18,76
05/16/2014,GRI,NE,ACE,CE,Federal Contract Tower,0,10,4,0,14,0,3,15,14,32,0,13,19,14,46,26,0,26,72
05/17/2014,GRI,NE,ACE,CE,Federal Contract Tower,0,5,2,0,7,0,1,3,0,4,0,6,5,0,11,16,0,16,27
05/18/2014,GRI,NE,ACE,CE,Federal Contract Tower,4,2,4,0,10,0,0,29,16,45,4,2,33,16,55,12,0,12,67
05/19/2014,GRI,NE,ACE,CE,Federal Contract Tower,0,7,1,0,8,0,0,14,0,14,0,7,15,0,22,10,0,10,32
05/20/2014,GRI,NE,ACE,CE,Federal Contract Tower,0,10,9,0,19,0,4,12,2,18,0,14,21,2,37,22,0,22,59
05/21/2014,GRI,NE,ACE,CE,Federal Contract Tower,0,13,17,0,30,0,3,14,2,19,0,16,31,2,49,10,0,10,59
05/22/2014,GRI,NE,ACE,CE,Federal Contract Tower,4,8,7,2,21,0,0,4,0,4,4,8,11,2,25,0,0,0,25
05/23/2014,GRI,NE,ACE,CE,Federal Contract Tower,0,9,5,0,14,0,0,10,0,10,0,9,15,0,24,14,0,14,38
05/24/2014,GRI,NE,ACE,CE,Federal Contract Tower,0,7,1,0,8,0,0,10,0,10,0,7,11,0,18,0,0,0,18
05/25/2014,GRI,NE,ACE,CE,Federal Contract Tower,4,2,7,0,13,0,2,5,0,7,4,4,12,0,20,0,0,0,20
05/26/2014,GRI,NE,ACE,CE,Federal Contract Tower,0,5,5,0,10,0,0,10,0,10,0,5,15,0,20,26,0,26,46
05/27/2014,GRI,NE,ACE,CE,Federal Contract Tower,0,7,12,0,19,0,0,25,21,46,0,7,37,21,65,20,0,20,85
05/28/2014,GRI,NE,ACE,CE,Federal Contract Tower,0,11,13,2,26,0,1,23,7,31,0,12,36,9,57,12,8,20,77
05/29/2014,GRI,NE,ACE,CE,Federal Contract Tower,4,8,13,0,25,0,0,21,3,24,4,8,34,3,49,22,10,32,81
05/30/2014,GRI,NE,ACE,CE,Federal Contract Tower,0,6,13,1,20,0,1,19,4,24,0,7,32,5,44,22,0,22,66
05/31/2014,GRI,NE,ACE,CE,Federal Contract Tower,0,6,0,0,6,0,1,14,0,15,0,7,14,0,21,12,0,12,33
06/01/2014,GRI,NE,ACE,CE,Federal Contract Tower,4,2,4,0,10,0,1,5,0,6,4,3,9,0,16,0,0,0,16
06/02/2014,GRI,NE,ACE,CE,Federal Contract Tower,0,8,11,0,19,0,0,13,0,13,0,8,24,0,32,2,0,2,34
06/03/2014,GRI,NE,ACE,CE,Federal Contract Tower,0,8,5,1,14,0,3,0,0,3,0,11,5,1,17,0,0,0,17
06/04/2014,GRI,NE,ACE,CE,Federal Contract Tower,0,12,11,2,25,0,0,1,3,4,0,12,12,5,29,8,0,8,37
06/05/2014,GRI,NE,ACE,CE,Federal Contract Tower,4,8,17,3,32,0,0,15,13,28,4,8,32,16,60,10,0,10,70
06/06/2014,GRI,NE,ACE,CE,Federal Contract Tower,0,7,17,0,24,0,4,25,5,34,0,11,42,5,58,28,0,28,86
06/07/2014,GRI,NE,ACE,CE,Federal Contract Tower,0,4,6,1,11,0,2,4,8,14,0,6,10,9,25,0,0,0,25
06/08/2014,GRI,NE,ACE,CE,Federal Contract Tower,4,3,22,0,29,0,0,19,2,21,4,3,41,2,50,22,0,22,72
06/09/2014,GRI,NE,ACE,CE,Federal Contract Tower,3,6,10,0,19,0,2,0,0,2,3,8,10,0,21,0,0,0,21
06/10/2014,GRI,NE,ACE,CE,Federal Contract Tower,0,6,15,1,22,0,0,20,6,26,0,6,35,7,48,0,0,0,48
06/11/2014,GRI,NE,ACE,CE,Federal Contract Tower,0,9,3,2,14,0,2,14,4,20,0,11,17,6,34,4,0,4,38
06/12/2014,GRI,NE,ACE,CE,Federal Contract Tower,4,10,14,2,30,0,4,24,0,28,4,14,38,2,58,32,0,32,90
06/13/2014,GRI,NE,ACE,CE,Federal Contract Tower,0,8,8,0,16,0,0,13,3,16,0,8,21,3,32,6,0,6,38
06/14/2014,GRI,NE,ACE,CE,Federal Contract Tower,0,8,7,0,15,0,5,7,0,12,0,13,14,0,27,8,0,8,35
06/15/2014,GRI,NE,ACE,CE,Federal Contract Tower,4,6,2,0,12,0,2,25,0,27,4,8,27,0,39,0,0,0,39
06/16/2014,GRI,NE,ACE,CE,Federal Contract Tower,0,8,2,0,10,0,0,3,0,3,0,8,5,0,13,0,0,0,13
06/17/2014,GRI,NE,ACE,CE,Federal Contract Tower,2,13,19,0,34,0,2,26,4,32,2,15,45,4,66,24,0,24,90
06/18/2014,GRI,NE,ACE,CE,Federal Contract Tower,0,13,13,2,28,0,0,24,13,37,0,13,37,15,65,10,4,14,79
06/19/2014,GRI,NE,ACE,CE,Federal Contract Tower,4,10,15,3,32,0,0,33,17,50,4,10,48,20,82,44,26,70,152
06/20/2014,GRI,NE,ACE,CE,Federal Contract Tower,0,8,11,1,20,0,0,22,2,24,0,8,33,3,44,40,0,40,84
06/21/2014,GRI,NE,ACE,CE,Federal Contract Tower,0,9,5,0,14,0,1,12,15,28,0,10,17,15,42,6,0,6,48
06/22/2014,GRI,NE,ACE,CE,Federal Contract Tower,4,5,3,0,12,0,0,15,4,19,4,5,18,4,31,0,0,0,31
06/23/2014,GRI,NE,ACE,CE,Federal Contract Tower,0,0,11,18,29,0,0,25,0,25,0,0,36,18,54,26,0,26,80
06/24/2014,GRI,NE,ACE,CE,Federal Contract Tower,2,8,13,0,23,0,0,24,5,29,2,8,37,5,52,0,24,24,76
06/25/2014,GRI,NE,ACE,CE,Federal Contract Tower,0,12,7,2,21,0,0,27,13,40,0,12,34,15,61,18,16,34,95
06/26/2014,GRI,NE,ACE,CE,Federal Contract Tower,4,13,11,2,30,0,0,12,5,17,4,13,23,7,47,0,0,0,47
06/27/2014,GRI,NE,ACE,CE,Federal Contract Tower,0,8,11,0,19,0,1,8,2,11,0,9,19,2,30,22,2,24,54
06/28/2014,GRI,NE,ACE,CE,Federal Contract Tower,0,7,9,2,18,0,1,9,0,10,0,8,18,2,28,32,0,32,60
06/29/2014,GRI,NE,ACE,CE,Federal Contract Tower,4,2,6,0,12,0,0,10,0,10,4,2,16,0,22,18,0,18,40
06/30/2014,GRI,NE,ACE,CE,Federal Contract Tower,0,12,11,0,23,0,0,30,0,30,0,12,41,0,53,16,0,16,69
07/01/2014,GRI,NE,ACE,CE,Federal Contract Tower,2,7,7,2,18,0,2,27,8,37,2,9,34,10,55,18,0,18,73
07/02/2014,GRI,NE,ACE,CE,Federal Contract Tower,0,13,7,1,21,0,0,38,8,46,0,13,45,9,67,62,0,62,129
07/03/2014,GRI,NE,ACE,CE,Federal Contract Tower,4,8,11,0,23,0,0,34,0,34,4,8,45,0,57,40,0,40,97
07/04/2014,GRI,NE,ACE,CE,Federal Contract Tower,0,3,3,0,6,0,0,11,0,11,0,3,14,0,17,10,0,10,27
07/05/2014,GRI,NE,ACE,CE,Federal Contract Tower,0,5,3,0,8,0,1,12,0,13,0,6,15,0,21,0,0,0,21
07/06/2014,GRI,NE,ACE,CE,Federal Contract Tower,4,3,7,0,14,0,0,33,0,33,4,3,40,0,47,6,0,6,53
07/07/2014,GRI,NE,ACE,CE,Federal Contract Tower,0,6,11,0,17,0,2,15,0,17,0,8,26,0,34,10,0,10,44
07/08/2014,GRI,NE,ACE,CE,Federal Contract Tower,2,9,11,0,22,0,2,28,0,30,2,11,39,0,52,22,0,22,74
07/09/2014,GRI,NE,ACE,CE,Federal Contract Tower,0,11,11,0,22,0,0,28,3,31,0,11,39,3,53,46,0,46,99
07/10/2014,GRI,NE,ACE,CE,Federal Contract Tower,4,12,17,1,34,0,0,21,1,22,4,12,38,2,56,14,0,14,70
07/11/2014,GRI,NE,ACE,CE,Federal Contract Tower,0,8,9,0,17,0,0,17,4,21,0,8,26,4,38,0,10,10,48
07/12/2014,GRI,NE,ACE,CE,Federal Contract Tower,0,7,11,0,18,0,1,23,1,25,0,8,34,1,43,8,0,8,51
07/13/2014,GRI,NE,ACE,CE,Federal Contract Tower,4,4,7,0,15,0,0,30,5,35,4,4,37,5,50,26,0,26,76
07/14/2014,GRI,NE,ACE,CE,Federal Contract Tower,0,7,13,0,20,0,0,18,0,18,0,7,31,0,38,4,0,4,42
07/15/2014,GRI,NE,ACE,CE,Federal Contract Tower,0,12,6,0,18,0,5,34,5,44,0,17,40,5,62,28,0,28,90
07/16/2014,GRI,NE,ACE,CE,Federal Contract Tower,0,13,7,0,20,0,0,16,3,19,0,13,23,3,39,12,0,12,51
07/17/2014,GRI,NE,ACE,CE,Federal Contract Tower,4,7,11,1,23,0,0,19,6,25,4,7,30,7,48,36,0,36,84
07/18/2014,GRI,NE,ACE,CE,Federal Contract Tower,0,10,24,0,34,0,1,7,0,8,0,11,31,0,42,0,0,0,42
07/19/2014,GRI,NE,ACE,CE,Federal Contract Tower,0,8,12,2,22,0,0,0,0,0,0,8,12,2,22,10,0,10,32
07/20/2014,GRI,NE,ACE,CE,Federal Contract Tower,6,2,10,0,18,0,0,10,1,11,6,2,20,1,29,0,0,0,29
07/21/2014,GRI,NE,ACE,CE,Federal Contract Tower,0,7,13,0,20,0,1,5,4,10,0,8,18,4,30,0,0,0,30
07/22/2014,GRI,NE,ACE,CE,Federal Contract Tower,0,12,10,1,23,0,2,25,1,28,0,14,35,2,51,16,0,16,67
07/23/2014,GRI,NE,ACE,CE,Federal Contract Tower,0,9,6,0,15,0,0,17,3,20,0,9,23,3,35,6,6,12,47
07/24/2014,GRI,NE,ACE,CE,Federal Contract Tower,4,10,15,2,31,0,0,37,0,37,4,10,52,2,68,20,0,20,88
07/25/2014,GRI,NE,ACE,CE,Federal Contract Tower,0,7,5,0,12,0,0,21,0,21,0,7,26,0,33,22,0,22,55
07/26/2014,GRI,NE,ACE,CE,Federal Contract Tower,0,9,10,0,19,0,2,18,4,24,0,11,28,4,43,0,0,0,43
07/27/2014,GRI,NE,ACE,CE,Federal Contract Tower,4,5,8,0,17,0,2,28,0,30,4,7,36,0,47,10,0,10,57
07/28/2014,GRI,NE,ACE,CE,Federal Contract Tower,0,5,12,0,17,0,0,10,0,10,0,5,22,0,27,4,0,4,31
07/29/2014,GRI,NE,ACE,CE,Federal Contract Tower,0,13,9,0,22,0,0,18,0,18,0,13,27,0,40,26,0,26,66
07/30/2014,GRI,NE,ACE,CE,Federal Contract Tower,0,16,9,0,25,0,0,25,0,25,0,16,34,0,50,24,0,24,74
07/31/2014,GRI,NE,ACE,CE,Federal Contract Tower,4,11,8,2,25,0,0,26,0,26,4,11,34,2,51,24,0,24,75
08/01/2014,GRI,NE,ACE,CE,Federal Contract Tower,0,12,29,0,41,0,0,35,0,35,0,12,64,0,76,32,0,32,108
08/02/2014,GRI,NE,ACE,CE,Federal Contract Tower,0,8,5,0,13,0,2,11,0,13,0,10,16,0,26,0,0,0,26
08/03/2014,GRI,NE,ACE,CE,Federal Contract Tower,4,4,8,0,16,0,2,16,0,18,4,6,24,0,34,2,0,2,36
08/04/2014,GRI,NE,ACE,CE,Federal Contract Tower,0,8,7,0,15,0,0,15,0,15,0,8,22,0,30,8,0,8,38
08/05/2014,GRI,NE,ACE,CE,Federal Contract Tower,0,11,8,0,19,0,0,16,0,16,0,11,24,0,35,0,0,0,35
08/06/2014,GRI,NE,ACE,CE,Federal Contract Tower,0,12,12,2,26,0,1,13,0,14,0,13,25,2,40,6,0,6,46
08/07/2014,GRI,NE,ACE,CE,Federal Contract Tower,4,12,10,3,29,0,0,5,0,5,4,12,15,3,34,0,0,0,34
08/08/2014,GRI,NE,ACE,CE,Federal Contract Tower,0,9,13,0,22,0,0,8,0,8,0,9,21,0,30,0,0,0,30
08/09/2014,GRI,NE,ACE,CE,Federal Contract Tower,0,11,4,0,15,0,0,8,0,8,0,11,12,0,23,0,0,0,23
08/10/2014,GRI,NE,ACE,CE,Federal Contract Tower,4,2,4,0,10,0,0,13,0,13,4,2,17,0,23,28,0,28,51
08/11/2014,GRI,NE,ACE,CE,Federal Contract Tower,0,7,9,0,16,0,0,18,0,18,0,7,27,0,34,6,0,6,40
08/12/2014,GRI,NE,ACE,CE,Federal Contract Tower,0,9,13,6,28,0,0,28,13,41,0,9,41,19,69,16,0,16,85
08/13/2014,GRI,NE,ACE,CE,Federal Contract Tower,0,9,21,0,30,0,0,26,21,47,0,9,47,21,77,18,0,18,95
08/14/2014,GRI,NE,ACE,CE,Federal Contract Tower,4,11,13,2,30,0,1,23,6,30,4,12,36,8,60,2,14,16,76
08/15/2014,GRI,NE,ACE,CE,Federal Contract Tower,0,9,8,2,19,0,2,16,2,20,0,11,24,4,39,12,0,12,51
08/16/2014,GRI,NE,ACE,CE,Federal Contract Tower,0,5,14,0,19,0,0,6,0,6,0,5,20,0,25,0,0,0,25
08/17/2014,GRI,NE,ACE,CE,Federal Contract Tower,4,3,7,0,14,0,0,15,0,15,4,3,22,0,29,26,0,26,55
08/18/2014,GRI,NE,ACE,CE,Federal Contract Tower,0,8,2,0,10,0,2,14,0,16,0,10,16,0,26,6,0,6,32
08/19/2014,GRI,NE,ACE,CE,Federal Contract Tower,0,10,7,0,17,0,1,33,3,37,0,11,40,3,54,6,0,6,60
08/20/2014,GRI,NE,ACE,CE,Federal Contract Tower,2,12,15,0,29,0,0,25,3,28,2,12,40,3,57,20,0,20,77
08/21/2014,GRI,NE,ACE,CE,Federal Contract Tower,4,9,13,0,26,0,1,16,3,20,4,10,29,3,46,0,2,2,48
08/22/2014,GRI,NE,ACE,CE,Federal Contract Tower,0,10,17,0,27,0,0,21,1,22,0,10,38,1,49,16,0,16,65
08/23/2014,GRI,NE,ACE,CE,Federal Contract Tower,2,6,6,0,14,0,0,16,0,16,2,6,22,0,30,0,0,0,30
08/24/2014,GRI,NE,ACE,CE,Federal Contract Tower,4,4,7,0,15,0,0,14,0,14,4,4,21,0,29,6,0,6,35
08/25/2014,GRI,NE,ACE,CE,Federal Contract Tower,0,6,8,0,14,0,0,13,2,15,0,6,21,2,29,0,0,0,29
08/26/2014,GRI,NE,ACE,CE,Federal Contract Tower,0,12,14,0,26,0,0,7,2,9,0,12,21,2,35,20,0,20,55
08/27/2014,GRI,NE,ACE,CE,Federal Contract Tower,0,8,19,0,27,0,0,1,0,1,0,8,20,0,28,0,0,0,28
08/28/2014,GRI,NE,ACE,CE,Federal Contract Tower,4,8,19,0,31,0,0,3,0,3,4,8,22,0,34,0,0,0,34
08/29/2014,GRI,NE,ACE,CE,Federal Contract Tower,0,9,10,0,19,0,0,12,0,12,0,9,22,0,31,18,0,18,49
08/30/2014,GRI,NE,ACE,CE,Federal Contract Tower,0,6,13,0,19,0,0,23,0,23,0,6,36,0,42,28,0,28,70
08/31/2014,GRI,NE,ACE,CE,Federal Contract Tower,4,2,4,0,10,0,0,9,0,9,4,2,13,0,19,10,0,10,29
09/01/2014,GRI,NE,ACE,CE,Federal Contract Tower,0,3,3,0,6,0,0,15,0,15,0,3,18,0,21,16,0,16,37
09/02/2014,GRI,NE,ACE,CE,Federal Contract Tower,0,7,9,0,16,0,0,14,0,14,0,7,23,0,30,0,0,0,30
09/03/2014,GRI,NE,ACE,CE,Federal Contract Tower,0,13,5,2,20,0,0,7,2,9,0,13,12,4,29,8,0,8,37
09/04/2014,GRI,NE,ACE,CE,Federal Contract Tower,4,11,10,1,26,0,2,19,5,26,4,13,29,6,52,12,0,12,64
09/05/2014,GRI,NE,ACE,CE,Federal Contract Tower,0,12,8,0,20,0,0,6,5,11,0,12,14,5,31,12,12,24,55
09/06/2014,GRI,NE,ACE,CE,Federal Contract Tower,0,11,6,1,18,0,0,31,1,32,0,11,37,2,50,34,0,34,84
09/07/2014,GRI,NE,ACE,CE,Federal Contract Tower,4,2,7,0,13,0,0,22,2,24,4,2,29,2,37,44,0,44,81
09/08/2014,GRI,NE,ACE,CE,Federal Contract Tower,0,8,15,0,23,0,0,15,0,15,0,8,30,0,38,10,0,10,48
09/09/2014,GRI,NE,ACE,CE,Federal Contract Tower,0,8,12,0,20,0,0,2,0,2,0,8,14,0,22,0,0,0,22
09/10/2014,GRI,NE,ACE,CE,Federal Contract Tower,0,8,15,0,23,0,2,0,2,4,0,10,15,2,27,0,0,0,27
09/11/2014,GRI,NE,ACE,CE,Federal Contract Tower,4,11,20,0,35,0,0,0,0,0,4,11,20,0,35,0,0,0,35
09/12/2014,GRI,NE,ACE,CE,Federal Contract Tower,0,10,16,4,30,0,0,8,0,8,0,10,24,4,38,0,0,0,38
09/13/2014,GRI,NE,ACE,CE,Federal Contract Tower,0,9,4,5,18,0,0,7,1,8,0,9,11,6,26,12,6,18,44
09/14/2014,GRI,NE,ACE,CE,Federal Contract Tower,4,4,4,0,12,0,0,17,0,17,4,4,21,0,29,30,0,30,59
09/15/2014,GRI,NE,ACE,CE,Federal Contract Tower,0,6,11,0,17,0,3,8,0,11,0,9,19,0,28,12,0,12,40
09/16/2014,GRI,NE,ACE,CE,Federal Contract Tower,0,10,11,0,21,0,0,21,6,27,0,10,32,6,48,0,4,4,52
09/17/2014,GRI,NE,ACE,CE,Federal Contract Tower,0,10,9,2,21,0,0,20,9,29,0,10,29,11,50,0,0,0,50
09/18/2014,GRI,NE,ACE,CE,Federal Contract Tower,4,8,5,5,22,0,0,9,0,9,4,8,14,5,31,10,6,16,47
09/19/2014,GRI,NE,ACE,CE,Federal Contract Tower,0,8,17,0,25,0,0,14,0,14,0,8,31,0,39,0,0,0,39
09/20/2014,GRI,NE,ACE,CE,Federal Contract Tower,0,8,7,0,15,0,0,12,0,12,0,8,19,0,27,16,0,16,43
09/21/2014,GRI,NE,ACE,CE,Federal Contract Tower,4,4,8,0,16,0,0,12,0,12,4,4,20,0,28,40,0,40,68
09/22/2014,GRI,NE,ACE,CE,Federal Contract Tower,0,6,10,0,16,0,0,22,0,22,0,6,32,0,38,28,0,28,66
09/23/2014,GRI,NE,ACE,CE,Federal Contract Tower,0,9,17,0,26,0,2,9,0,11,0,11,26,0,37,4,0,4,41
09/24/2014,GRI,NE,ACE,CE,Federal Contract Tower,0,11,14,4,29,0,2,25,0,27,0,13,39,4,56,30,0,30,86
09/25/2014,GRI,NE,ACE,CE,Federal Contract Tower,6,12,12,0,30,0,0,17,0,17,6,12,29,0,47,28,0,28,75
09/26/2014,GRI,NE,ACE,CE,Federal Contract Tower,0,8,5,1,14,0,0,18,0,18,0,8,23,1,32,0,0,0,32
09/27/2014,GRI,NE,ACE,CE,Federal Contract Tower,0,8,7,0,15,0,2,16,0,18,0,10,23,0,33,0,0,0,33
09/28/2014,GRI,NE,ACE,CE,Federal Contract Tower,4,3,9,2,18,0,1,19,0,20,4,4,28,2,38,14,0,14,52
09/29/2014,GRI,NE,ACE,CE,Federal Contract Tower,1,11,8,0,20,0,0,4,0,4,1,11,12,0,24,10,0,10,34
09/30/2014,GRI,NE,ACE,CE,Federal Contract Tower,0,8,22,0,30,0,0,8,0,8,0,8,30,0,38,4,0,4,42
10/01/2014,GRI,NE,ACE,CE,Federal Contract Tower,2,19,10,0,31,0,1,12,4,17,2,20,22,4,48,4,0,4,52
10/02/2014,GRI,NE,ACE,CE,Federal Contract Tower,4,14,8,0,26,0,2,11,0,13,4,16,19,0,39,10,0,10,49
10/03/2014,GRI,NE,ACE,CE,Federal Contract Tower,0,8,4,0,12,0,1,6,0,7,0,9,10,0,19,1,0,1,20
10/04/2014,GRI,NE,ACE,CE,Federal Contract Tower,0,9,4,0,13,0,0,12,0,12,0,9,16,0,25,4,0,4,29
10/05/2014,GRI,NE,ACE,CE,Federal Contract Tower,4,2,8,0,14,0,0,8,0,8,4,2,16,0,22,10,0,10,32
10/06/2014,GRI,NE,ACE,CE,Federal Contract Tower,0,6,11,0,17,0,0,11,0,11,0,6,22,0,28,10,0,10,38
10/07/2014,GRI,NE,ACE,CE,Federal Contract Tower,0,8,25,0,33,0,2,7,2,11,0,10,32,2,44,8,0,8,52
10/08/2014,GRI,NE,ACE,CE,Federal Contract Tower,0,11,18,0,29,0,3,23,2,28,0,14,41,2,57,6,0,6,63
10/09/2014,GRI,NE,ACE,CE,Federal Contract Tower,4,11,6,2,23,0,1,5,1,7,4,12,11,3,30,0,0,0,30
10/10/2014,GRI,NE,ACE,CE,Federal Contract Tower,0,7,10,0,17,0,0,13,0,13,0,7,23,0,30,0,16,16,46
10/11/2014,GRI,NE,ACE,CE,Federal Contract Tower,0,8,3,0,11,0,1,17,0,18,0,9,20,0,29,2,0,2,31
10/12/2014,GRI,NE,ACE,CE,Federal Contract Tower,4,4,5,0,13,0,0,5,0,5,4,4,10,0,18,8,0,8,26
10/13/2014,GRI,NE,ACE,CE,Federal Contract Tower,0,5,3,0,8,0,0,4,0,4,0,5,7,0,12,0,0,0,12
10/14/2014,GRI,NE,ACE,CE,Federal Contract Tower,2,8,10,0,20,0,0,19,13,32,2,8,29,13,52,0,0,0,52
10/15/2014,GRI,NE,ACE,CE,Federal Contract Tower,0,10,6,0,16,0,2,26,8,36,0,12,32,8,52,4,20,24,76
10/16/2014,GRI,NE,ACE,CE,Federal Contract Tower,4,10,5,1,20,0,0,15,4,19,4,10,20,5,39,14,0,14,53
10/17/2014,GRI,NE,ACE,CE,Federal Contract Tower,2,9,12,1,24,0,1,17,9,27,2,10,29,10,51,6,10,16,67
10/18/2014,GRI,NE,ACE,CE,Federal Contract Tower,0,5,8,1,14,0,0,6,15,21,0,5,14,16,35,6,0,6,41
10/19/2014,GRI,NE,ACE,CE,Federal Contract Tower,4,4,6,1,15,0,1,20,10,31,4,5,26,11,46,8,0,8,54
10/20/2014,GRI,NE,ACE,CE,Federal Contract Tower,1,9,2,0,12,0,3,8,0,11,1,12,10,0,23,18,0,18,41
10/21/2014,GRI,NE,ACE,CE,Federal Contract Tower,2,12,15,1,30,0,1,19,5,25,2,13,34,6,55,18,0,18,73
10/22/2014,GRI,NE,ACE,CE,Federal Contract Tower,0,8,8,0,16,0,0,4,2,6,0,8,12,2,22,0,0,0,22
10/23/2014,GRI,NE,ACE,CE,Federal Contract Tower,4,11,13,0,28,0,0,2,1,3,4,11,15,1,31,8,0,8,39
10/24/2014,GRI,NE,ACE,CE,Federal Contract Tower,0,9,6,3,18,0,1,26,0,27,0,10,32,3,45,28,0,28,73
10/25/2014,GRI,NE,ACE,CE,Federal Contract Tower,0,3,7,0,10,0,4,23,0,27,0,7,30,0,37,14,0,14,51
10/26/2014,GRI,NE,ACE,CE,Federal Contract Tower,4,2,11,0,17,0,0,9,0,9,4,2,20,0,26,0,0,0,26
10/27/2014,GRI,NE,ACE,CE,Federal Contract Tower,0,5,7,0,12,0,0,8,0,8,0,5,15,0,20,0,0,0,20
10/28/2014,GRI,NE,ACE,CE,Federal Contract Tower,2,13,7,2,24,0,2,10,0,12,2,15,17,2,36,2,0,2,38
10/29/2014,GRI,NE,ACE,CE,Federal Contract Tower,0,8,9,0,17,0,3,15,7,25,0,11,24,7,42,12,6,18,60
10/30/2014,GRI,NE,ACE,CE,Federal Contract Tower,4,8,9,0,21,0,0,20,2,22,4,8,29,2,43,18,8,26,69
10/31/2014,GRI,NE,ACE,CE,Federal Contract Tower,0,8,17,0,25,0,1,17,4,22,0,9,34,4,47,0,0,0,47
11/01/2014,GRI,NE,ACE,CE,Federal Contract Tower,0,5,1,0,6,0,0,7,0,7,0,5,8,0,13,0,0,0,13
11/02/2014,GRI,NE,ACE,CE,Federal Contract Tower,4,2,7,0,13,0,0,7,0,7,4,2,14,0,20,0,0,0,20
11/03/2014,GRI,NE,ACE,CE,Federal Contract Tower,0,10,5,0,15,0,0,3,0,3,0,10,8,0,18,0,0,0,18
11/04/2014,GRI,NE,ACE,CE,Federal Contract Tower,0,9,16,2,27,0,8,23,6,37,0,17,39,8,64,32,0,32,96
11/05/2014,GRI,NE,ACE,CE,Federal Contract Tower,0,9,11,0,20,0,1,13,11,25,0,10,24,11,45,8,16,24,69
11/06/2014,GRI,NE,ACE,CE,Federal Contract Tower,4,8,8,2,22,0,0,14,2,16,4,8,22,4,38,8,0,8,46
11/07/2014,GRI,NE,ACE,CE,Federal Contract Tower,0,10,15,0,25,0,0,23,2,25,0,10,38,2,50,12,0,12,62
11/08/2014,GRI,NE,ACE,CE,Federal Contract Tower,0,7,9,4,20,0,6,16,0,22,0,13,25,4,42,34,2,36,78
11/09/2014,GRI,NE,ACE,CE,Federal Contract Tower,4,4,7,0,15,0,0,15,0,15,4,4,22,0,30,0,0,0,30
11/10/2014,GRI,NE,ACE,CE,Federal Contract Tower,0,7,6,0,13,0,0,0,0,0,0,7,6,0,13,0,0,0,13
11/11/2014,GRI,NE,ACE,CE,Federal Contract Tower,0,10,10,0,20,0,2,2,0,4,0,12,12,0,24,0,0,0,24
11/12/2014,GRI,NE,ACE,CE,Federal Contract Tower,0,8,11,0,19,0,0,2,0,2,0,8,13,0,21,0,0,0,21
11/13/2014,GRI,NE,ACE,CE,Federal Contract Tower,4,8,17,0,29,0,0,21,4,25,4,8,38,4,54,6,0,6,60
11/14/2014,GRI,NE,ACE,CE,Federal Contract Tower,0,9,5,0,14,0,0,15,4,19,0,9,20,4,33,4,2,6,39
11/15/2014,GRI,NE,ACE,CE,Federal Contract Tower,0,6,1,2,9,0,0,0,0,0,0,6,1,2,9,0,0,0,9
11/16/2014,GRI,NE,ACE,CE,Federal Contract Tower,4,2,0,0,6,0,0,5,0,5,4,2,5,0,11,0,0,0,11
11/17/2014,GRI,NE,ACE,CE,Federal Contract Tower,0,6,8,0,14,0,1,0,0,1,0,7,8,0,15,0,0,0,15
11/18/2014,GRI,NE,ACE,CE,Federal Contract Tower,0,11,5,0,16,0,0,8,4,12,0,11,13,4,28,4,0,4,32
11/19/2014,GRI,NE,ACE,CE,Federal Contract Tower,0,10,13,2,25,0,2,17,10,29,0,12,30,12,54,8,2,10,64
11/20/2014,GRI,NE,ACE,CE,Federal Contract Tower,4,8,22,0,34,0,0,9,0,9,4,8,31,0,43,0,0,0,43
11/21/2014,GRI,NE,ACE,CE,Federal Contract Tower,0,10,3,4,17,0,0,8,4,12,0,10,11,8,29,0,8,8,37
11/22/2014,GRI,NE,ACE,CE,Federal Contract Tower,0,6,9,2,17,0,0,11,0,11,0,6,20,2,28,8,0,8,36
11/23/2014,GRI,NE,ACE,CE,Federal Contract Tower,4,2,4,0,10,0,0,1,0,1,4,2,5,0,11,0,0,0,11
11/24/2014,GRI,NE,ACE,CE,Federal Contract Tower,0,6,2,0,8,0,0,6,0,6,0,6,8,0,14,0,0,0,14
11/25/2014,GRI,NE,ACE,CE,Federal Contract Tower,2,11,13,2,28,0,0,1,3,4,2,11,14,5,32,0,4,4,36
11/26/2014,GRI,NE,ACE,CE,Federal Contract Tower,2,10,10,0,22,0,0,0,4,4,2,10,10,4,26,0,10,10,36
11/27/2014,GRI,NE,ACE,CE,Federal Contract Tower,0,1,1,0,2,0,1,2,0,3,0,2,3,0,5,0,0,0,5
11/28/2014,GRI,NE,ACE,CE,Federal Contract Tower,2,10,3,0,15,0,2,7,0,9,2,12,10,0,24,6,0,6,30
11/29/2014,GRI,NE,ACE,CE,Federal Contract Tower,2,7,5,0,14,0,0,17,0,17,2,7,22,0,31,14,0,14,45
11/30/2014,GRI,NE,ACE,CE,Federal Contract Tower,2,6,5,0,13,0,0,4,0,4,2,6,9,0,17,14,0,14,31
12/01/2014,GRI,NE,ACE,CE,Federal Contract Tower,2,6,9,0,17,0,0,8,0,8,2,6,17,0,25,8,0,8,33
12/02/2014,GRI,NE,ACE,CE,Federal Contract Tower,0,8,9,2,19,0,0,3,1,4,0,8,12,3,23,4,0,4,27
12/03/2014,GRI,NE,ACE,CE,Federal Contract Tower,0,10,9,0,19,0,0,17,2,19,0,10,26,2,38,0,0,0,38
12/04/2014,GRI,NE,ACE,CE,Federal Contract Tower,4,10,11,2,27,0,0,12,12,24,4,10,23,14,51,10,22,32,83
12/05/2014,GRI,NE,ACE,CE,Federal Contract Tower,0,11,7,0,18,0,0,13,2,15,0,11,20,2,33,4,0,4,37
12/06/2014,GRI,NE,ACE,CE,Federal Contract Tower,2,8,6,0,16,0,0,12,0,12,2,8,18,0,28,28,0,28,56
12/07/2014,GRI,NE,ACE,CE,Federal Contract Tower,4,4,1,0,9,0,0,0,0,0,4,4,1,0,9,0,0,0,9
12/08/2014,GRI,NE,ACE,CE,Federal Contract Tower,2,5,5,0,12,0,0,5,0,5,2,5,10,0,17,20,0,20,37
12/09/2014,GRI,NE,ACE,CE,Federal Contract Tower,0,9,14,0,23,0,0,9,0,9,0,9,23,0,32,0,0,0,32
12/10/2014,GRI,NE,ACE,CE,Federal Contract Tower,0,10,14,0,24,0,0,0,0,0,0,10,14,0,24,0,0,0,24
12/11/2014,GRI,NE,ACE,CE,Federal Contract Tower,4,10,9,0,23,0,0,0,2,2,4,10,9,2,25,0,0,0,25
12/12/2014,GRI,NE,ACE,CE,Federal Contract Tower,2,9,9,0,20,0,0,0,0,0,2,9,9,0,20,0,0,0,20
12/13/2014,GRI,NE,ACE,CE,Federal Contract Tower,0,9,6,0,15,0,0,0,0,0,0,9,6,0,15,0,0,0,15
12/14/2014,GRI,NE,ACE,CE,Federal Contract Tower,4,2,3,0,9,0,0,0,0,0,4,2,3,0,9,0,20,20,29
12/15/2014,GRI,NE,ACE,CE,Federal Contract Tower,2,6,6,0,14,0,0,0,0,0,2,6,6,0,14,0,0,0,14
12/16/2014,GRI,NE,ACE,CE,Federal Contract Tower,0,8,15,0,23,0,1,5,4,10,0,9,20,4,33,0,6,6,39
12/17/2014,GRI,NE,ACE,CE,Federal Contract Tower,0,10,9,0,19,0,0,1,2,3,0,10,10,2,22,0,0,0,22
12/18/2014,GRI,NE,ACE,CE,Federal Contract Tower,4,9,6,0,19,0,0,0,0,0,4,9,6,0,19,0,0,0,19
12/19/2014,GRI,NE,ACE,CE,Federal Contract Tower,2,13,14,0,29,0,0,0,0,0,2,13,14,0,29,0,0,0,29
12/20/2014,GRI,NE,ACE,CE,Federal Contract Tower,4,5,4,0,13,0,0,2,0,2,4,5,6,0,15,0,0,0,15
12/21/2014,GRI,NE,ACE,CE,Federal Contract Tower,4,5,1,0,10,0,0,2,0,2,4,5,3,0,12,0,0,0,12
12/22/2014,GRI,NE,ACE,CE,Federal Contract Tower,2,6,7,6,21,0,0,0,0,0,2,6,7,6,21,0,0,0,21
12/23/2014,GRI,NE,ACE,CE,Federal Contract Tower,4,8,5,2,19,0,0,2,3,5,4,8,7,5,24,0,4,4,28
12/24/2014,GRI,NE,ACE,CE,Federal Contract Tower,2,7,3,0,12,0,0,11,0,11,2,7,14,0,23,0,0,0,23
12/25/2014,GRI,NE,ACE,CE,Federal Contract Tower,2,2,3,0,7,0,0,9,0,9,2,2,12,0,16,12,0,12,28
12/26/2014,GRI,NE,ACE,CE,Federal Contract Tower,2,7,2,0,11,0,0,0,0,0,2,7,2,0,11,0,0,0,11
12/27/2014,GRI,NE,ACE,CE,Federal Contract Tower,2,7,12,0,21,0,0,7,0,7,2,7,19,0,28,10,0,10,38
12/28/2014,GRI,NE,ACE,CE,Federal Contract Tower,4,4,6,0,14,0,0,13,0,13,4,4,19,0,27,22,0,22,49
12/29/2014,GRI,NE,ACE,CE,Federal Contract Tower,2,6,3,0,11,0,0,0,0,0,2,6,3,0,11,0,0,0,11
12/30/2014,GRI,NE,ACE,CE,Federal Contract Tower,2,10,1,0,13,0,2,3,0,5,2,12,4,0,18,0,0,0,18
12/31/2014,GRI,NE,ACE,CE,Federal Contract Tower,2,8,2,0,12,0,0,2,0,2,2,8,4,0,14,0,0,0,14
01/01/2015,GRI,NE,ACE,CE,Federal Contract Tower,2,1,0,0,3,0,0,4,0,4,2,1,4,0,7,4,0,4,11
01/02/2015,GRI,NE,ACE,CE,Federal Contract Tower,4,9,8,2,23,0,0,3,0,3,4,9,11,2,26,4,0,4,30
01/03/2015,GRI,NE,ACE,CE,Federal Contract Tower,0,6,2,4,12,0,1,4,0,5,0,7,6,4,17,4,0,4,21
01/04/2015,GRI,NE,ACE,CE,Federal Contract Tower,4,3,2,0,9,0,0,0,0,0,4,3,2,0,9,0,0,0,9
01/05/2015,GRI,NE,ACE,CE,Federal Contract Tower,0,5,1,0,6,0,0,1,2,3,0,5,2,2,9,0,0,0,9
01/06/2015,GRI,NE,ACE,CE,Federal Contract Tower,0,10,7,0,17,0,2,5,8,15,0,12,12,8,32,0,4,4,36
01/07/2015,GRI,NE,ACE,CE,Federal Contract Tower,2,10,13,0,25,0,0,8,7,15,2,10,21,7,40,8,4,12,52
01/08/2015,GRI,NE,ACE,CE,Federal Contract Tower,4,10,3,0,17,0,0,5,9,14,4,10,8,9,31,0,20,20,51
01/09/2015,GRI,NE,ACE,CE,Federal Contract Tower,0,6,13,0,19,0,0,4,4,8,0,6,17,4,27,0,18,18,45
01/10/2015,GRI,NE,ACE,CE,Federal Contract Tower,0,9,1,0,10,0,0,9,0,9,0,9,10,0,19,4,0,4,23
01/11/2015,GRI,NE,ACE,CE,Federal Contract Tower,4,1,8,0,13,0,0,4,0,4,4,1,12,0,17,18,0,18,35
01/12/2015,GRI,NE,ACE,CE,Federal Contract Tower,0,8,6,0,14,0,6,6,0,12,0,14,12,0,26,24,0,24,50
01/13/2015,GRI,NE,ACE,CE,Federal Contract Tower,1,8,16,2,27,0,1,15,8,24,1,9,31,10,51,22,2,24,75
01/14/2015,GRI,NE,ACE,CE,Federal Contract Tower,0,8,9,2,19,0,0,17,16,33,0,8,26,18,52,8,8,16,68
01/15/2015,GRI,NE,ACE,CE,Federal Contract Tower,4,9,14,0,27,0,0,18,14,32,4,9,32,14,59,0,18,18,77
01/16/2015,GRI,NE,ACE,CE,Federal Contract Tower,0,9,11,0,20,0,1,29,4,34,0,10,40,4,54,14,0,14,68
01/17/2015,GRI,NE,ACE,CE,Federal Contract Tower,1,7,7,0,15,0,1,2,0,3,1,8,9,0,18,0,0,0,18
01/18/2015,GRI,NE,ACE,CE,Federal Contract Tower,7,2,5,0,14,0,0,9,0,9,7,2,14,0,23,44,0,44,67
01/19/2015,GRI,NE,ACE,CE,Federal Contract Tower,0,12,6,0,18,0,0,8,0,8,0,12,14,0,26,0,0,0,26
01/20/2015,GRI,NE,ACE,CE,Federal Contract Tower,0,8,7,0,15,0,0,20,4,24,0,8,27,4,39,0,0,0,39
01/21/2015,GRI,NE,ACE,CE,Federal Contract Tower,0,10,17,0,27,0,0,15,10,25,0,10,32,10,52,0,6,6,58
01/22/2015,GRI,NE,ACE,CE,Federal Contract Tower,4,8,9,0,21,0,0,13,22,35,4,8,22,22,56,0,30,30,86
01/23/2015,GRI,NE,ACE,CE,Federal Contract Tower,1,5,11,1,18,0,0,11,14,25,1,5,22,15,43,20,0,20,63
01/24/2015,GRI,NE,ACE,CE,Federal Contract Tower,0,7,4,1,12,0,2,11,5,18,0,9,15,6,30,18,24,42,72
01/25/2015,GRI,NE,ACE,CE,Federal Contract Tower,6,3,3,0,12,0,0,0,0,0,6,3,3,0,12,0,0,0,12
01/26/2015,GRI,NE,ACE,CE,Federal Contract Tower,0,6,6,0,12,0,1,3,0,4,0,7,9,0,16,6,0,6,22
01/27/2015,GRI,NE,ACE,CE,Federal Contract Tower,0,10,7,1,18,0,2,23,1,26,0,12,30,2,44,8,0,8,52
01/28/2015,GRI,NE,ACE,CE,Federal Contract Tower,0,11,10,0,21,0,1,11,10,22,0,12,21,10,43,2,0,2,45
01/29/2015,GRI,NE,ACE,CE,Federal Contract Tower,6,8,10,0,24,0,0,9,3,12,6,8,19,3,36,0,0,0,36
01/30/2015,GRI,NE,ACE,CE,Federal Contract Tower,0,7,9,0,16,0,0,6,1,7,0,7,15,1,23,10,0,10,33
01/31/2015,GRI,NE,ACE,CE,Federal Contract Tower,0,8,1,0,9,0,0,0,0,0,0,8,1,0,9,0,0,0,9
02/01/2015,GRI,NE,ACE,CE,Federal Contract Tower,4,2,0,0,6,0,0,2,0,2,4,2,2,0,8,0,0,0,8
02/02/2015,GRI,NE,ACE,CE,Federal Contract Tower,0,9,6,0,15,0,0,4,0,4,0,9,10,0,19,0,0,0,19
02/03/2015,GRI,NE,ACE,CE,Federal Contract Tower,0,10,20,0,30,0,0,11,2,13,0,10,31,2,43,4,0,4,47
02/04/2015,GRI,NE,ACE,CE,Federal Contract Tower,0,10,3,0,13,0,0,0,0,0,0,10,3,0,13,0,0,0,13
02/05/2015,GRI,NE,ACE,CE,Federal Contract Tower,4,8,8,0,20,0,0,1,5,6,4,8,9,5,26,0,0,0,26
02/06/2015,GRI,NE,ACE,CE,Federal Contract Tower,0,7,10,4,21,0,1,6,12,19,0,8,16,16,40,0,0,0,40
02/07/2015,GRI,NE,ACE,CE,Federal Contract Tower,0,6,2,0,8,0,1,14,2,17,0,7,16,2,25,24,0,24,49
02/08/2015,GRI,NE,ACE,CE,Federal Contract Tower,4,4,4,0,12,0,0,20,4,24,4,4,24,4,36,20,0,20,56
02/09/2015,GRI,NE,ACE,CE,Federal Contract Tower,0,3,4,0,7,0,0,0,0,0,0,3,4,0,7,0,0,0,7
02/10/2015,GRI,NE,ACE,CE,Federal Contract Tower,0,8,8,0,16,0,2,4,0,6,0,10,12,0,22,0,0,0,22
02/11/2015,GRI,NE,ACE,CE,Federal Contract Tower,0,8,15,0,23,0,0,8,5,13,0,8,23,5,36,18,0,18,54
02/12/2015,GRI,NE,ACE,CE,Federal Contract Tower,2,10,16,0,28,0,0,11,3,14,2,10,27,3,42,10,0,10,52
02/13/2015,GRI,NE,ACE,CE,Federal Contract Tower,0,2,9,11,22,0,2,12,0,14,0,4,21,11,36,34,0,34,70
02/14/2015,GRI,NE,ACE,CE,Federal Contract Tower,0,7,2,0,9,0,0,1,0,1,0,7,3,0,10,0,0,0,10
02/15/2015,GRI,NE,ACE,CE,Federal Contract Tower,2,3,1,0,6,0,0,3,0,3,2,3,4,0,9,0,0,0,9
02/16/2015,GRI,NE,ACE,CE,Federal Contract Tower,2,5,8,0,15,0,2,10,0,12,2,7,18,0,27,16,0,16,43
02/17/2015,GRI,NE,ACE,CE,Federal Contract Tower,0,8,8,0,16,0,1,2,2,5,0,9,10,2,21,0,0,0,21
02/18/2015,GRI,NE,ACE,CE,Federal Contract Tower,0,10,13,0,23,0,0,7,4,11,0,10,20,4,34,10,0,10,44
02/19/2015,GRI,NE,ACE,CE,Federal Contract Tower,2,10,14,4,30,0,0,1,8,9,2,10,15,12,39,0,16,16,55
02/20/2015,GRI,NE,ACE,CE,Federal Contract Tower,2,8,5,0,15,0,0,5,9,14,2,8,10,9,29,4,2,6,35
02/21/2015,GRI,NE,ACE,CE,Federal Contract Tower,0,8,6,0,14,0,3,5,0,8,0,11,11,0,22,18,0,18,40
02/22/2015,GRI,NE,ACE,CE,Federal Contract Tower,2,2,5,0,9,0,0,6,0,6,2,2,11,0,15,30,0,30,45
02/23/2015,GRI,NE,ACE,CE,Federal Contract Tower,2,3,13,3,21,0,0,12,1,13,2,3,25,4,34,24,0,24,58
02/24/2015,GRI,NE,ACE,CE,Federal Contract Tower,0,8,2,1,11,0,0,14,0,14,0,8,16,1,25,16,0,16,41
02/25/2015,GRI,NE,ACE,CE,Federal Contract Tower,4,11,5,3,23,0,0,1,3,4,4,11,6,6,27,0,0,0,27
02/26/2015,GRI,NE,ACE,CE,Federal Contract Tower,2,8,12,6,28,0,0,9,3,12,2,8,21,9,40,0,0,0,40
02/27/2015,GRI,NE,ACE,CE,Federal Contract Tower,2,7,10,4,23,0,0,16,3,19,2,7,26,7,42,18,6,24,66
02/28/2015,GRI,NE,ACE,CE,Federal Contract Tower,2,7,4,0,13,0,0,0,1,1,2,7,4,1,14,0,0,0,14
03/01/2015,GRI,NE,ACE,CE,Federal Contract Tower,2,1,10,0,13,0,0,8,0,8,2,1,18,0,21,10,0,10,31
03/02/2015,GRI,NE,ACE,CE,Federal Contract Tower,2,6,4,0,12,0,1,0,0,1,2,7,4,0,13,0,0,0,13
03/03/2015,GRI,NE,ACE,CE,Federal Contract Tower,0,8,4,0,12,0,0,3,0,3,0,8,7,0,15,0,0,0,15
03/04/2015,GRI,NE,ACE,CE,Federal Contract Tower,2,11,12,0,25,0,0,6,4,10,2,11,18,4,35,0,8,8,43
03/05/2015,GRI,NE,ACE,CE,Federal Contract Tower,2,6,14,0,22,0,0,25,4,29,2,6,39,4,51,40,18,58,109
03/06/2015,GRI,NE,ACE,CE,Federal Contract Tower,4,8,4,0,16,0,2,25,0,27,4,10,29,0,43,20,0,20,63
03/07/2015,GRI,NE,ACE,CE,Federal Contract Tower,0,8,4,0,12,0,0,39,0,39,0,8,43,0,51,36,0,36,87
03/08/2015,GRI,NE,ACE,CE,Federal Contract Tower,2,4,3,0,9,0,0,17,0,17,2,4,20,0,26,18,0,18,44
03/09/2015,GRI,NE,ACE,CE,Federal Contract Tower,4,6,6,0,16,0,0,14,2,16,4,6,20,2,32,4,0,4,36
03/10/2015,GRI,NE,ACE,CE,Federal Contract Tower,0,9,11,3,23,0,0,32,3,35,0,9,43,6,58,16,4,20,78
03/11/2015,GRI,NE,ACE,CE,Federal Contract Tower,2,8,8,0,18,0,0,43,3,46,2,8,51,3,64,20,0,20,84
03/12/2015,GRI,NE,ACE,CE,Federal Contract Tower,2,8,9,0,19,0,2,19,6,27,2,10,28,6,46,12,0,12,58
03/13/2015,GRI,NE,ACE,CE,Federal Contract Tower,4,8,8,2,22,0,0,22,7,29,4,8,30,9,51,0,0,0,51
03/14/2015,GRI,NE,ACE,CE,Federal Contract Tower,0,6,3,0,9,0,5,19,0,24,0,11,22,0,33,6,0,6,39
03/15/2015,GRI,NE,ACE,CE,Federal Contract Tower,2,4,1,2,9,0,0,16,0,16,2,4,17,2,25,3,0,3,28
03/16/2015,GRI,NE,ACE,CE,Federal Contract Tower,4,8,4,6,22,0,1,10,0,11,4,9,14,6,33,0,10,10,43
03/17/2015,GRI,NE,ACE,CE,Federal Contract Tower,0,9,5,6,20,0,0,7,1,8,0,9,12,7,28,0,4,4,32
03/18/2015,GRI,NE,ACE,CE,Federal Contract Tower,0,10,12,4,26,0,0,41,1,42,0,10,53,5,68,22,0,22,90
03/19/2015,GRI,NE,ACE,CE,Federal Contract Tower,2,8,15,2,27,0,0,16,0,16,2,8,31,2,43,0,0,0,43
03/20/2015,GRI,NE,ACE,CE,Federal Contract Tower,4,9,6,0,19,0,2,21,1,24,4,11,27,1,43,10,0,10,53
03/21/2015,GRI,NE,ACE,CE,Federal Contract Tower,0,7,10,0,17,0,0,47,0,47,0,7,57,0,64,12,0,12,76
03/22/2015,GRI,NE,ACE,CE,Federal Contract Tower,4,2,4,1,11,0,2,11,1,14,4,4,15,2,25,0,0,0,25
03/23/2015,GRI,NE,ACE,CE,Federal Contract Tower,4,5,10,0,19,0,2,13,0,15,4,7,23,0,34,0,0,0,34
03/24/2015,GRI,NE,ACE,CE,Federal Contract Tower,0,12,15,0,27,0,0,0,0,0,0,12,15,0,27,0,0,0,27
03/25/2015,GRI,NE,ACE,CE,Federal Contract Tower,0,8,11,0,19,0,4,2,3,9,0,12,13,3,28,0,0,0,28
03/26/2015,GRI,NE,ACE,CE,Federal Contract Tower,2,10,12,4,28,0,4,13,3,20,2,14,25,7,48,10,6,16,64
03/27/2015,GRI,NE,ACE,CE,Federal Contract Tower,2,7,12,0,21,0,2,12,3,17,2,9,24,3,38,16,0,16,54
03/28/2015,GRI,NE,ACE,CE,Federal Contract Tower,0,8,9,0,17,0,1,47,4,52,0,9,56,4,69,40,0,40,109
03/29/2015,GRI,NE,ACE,CE,Federal Contract Tower,2,2,3,0,7,0,2,11,1,14,2,4,14,1,21,0,0,0,21
03/30/2015,GRI,NE,ACE,CE,Federal Contract Tower,2,7,6,0,15,0,1,20,0,21,2,8,26,0,36,0,0,0,36
03/31/2015,GRI,NE,ACE,CE,Federal Contract Tower,0,9,9,0,18,0,2,37,8,47,0,11,46,8,65,50,2,52,117
04/01/2015,GRI,NE,ACE,CE,Federal Contract Tower,0,8,8,0,16,0,2,10,4,16,0,10,18,4,32,8,0,8,40
04/02/2015,GRI,NE,ACE,CE,Federal Contract Tower,2,8,3,0,13,0,0,18,2,20,2,8,21,2,33,22,0,22,55
04/03/2015,GRI,NE,ACE,CE,Federal Contract Tower,2,8,4,0,14,0,0,16,0,16,2,8,20,0,30,0,0,0,30
04/04/2015,GRI,NE,ACE,CE,Federal Contract Tower,0,5,0,0,5,0,0,12,1,13,0,5,12,1,18,8,0,8,26
04/05/2015,GRI,NE,ACE,CE,Federal Contract Tower,2,3,4,0,9,0,5,20,1,26,2,8,24,1,35,0,0,0,35
04/06/2015,GRI,NE,ACE,CE,Federal Contract Tower,2,6,15,1,24,0,0,0,0,0,2,6,15,1,24,0,0,0,24
04/07/2015,GRI,NE,ACE,CE,Federal Contract Tower,0,10,7,0,17,0,0,0,0,0,0,10,7,0,17,0,0,0,17
04/08/2015,GRI,NE,ACE,CE,Federal Contract Tower,0,10,19,0,29,0,0,0,0,0,0,10,19,0,29,0,0,0,29
04/09/2015,GRI,NE,ACE,CE,Federal Contract Tower,2,8,5,0,15,0,0,0,0,0,2,8,5,0,15,0,0,0,15
04/10/2015,GRI,NE,ACE,CE,Federal Contract Tower,2,8,8,1,19,0,1,23,2,26,2,9,31,3,45,16,0,16,61
04/11/2015,GRI,NE,ACE,CE,Federal Contract Tower,0,7,4,0,11,0,0,17,2,19,0,7,21,2,30,22,0,22,52
04/12/2015,GRI,NE,ACE,CE,Federal Contract Tower,2,2,4,0,8,0,0,11,0,11,2,2,15,0,19,0,0,0,19
04/13/2015,GRI,NE,ACE,CE,Federal Contract Tower,2,6,5,0,13,0,0,23,0,23,2,6,28,0,36,0,0,0,36
04/14/2015,GRI,NE,ACE,CE,Federal Contract Tower,0,8,7,0,15,0,0,15,2,17,0,8,22,2,32,0,0,0,32
04/15/2015,GRI,NE,ACE,CE,Federal Contract Tower,0,12,14,0,26,0,3,15,2,20,0,15,29,2,46,4,0,4,50
04/16/2015,GRI,NE,ACE,CE,Federal Contract Tower,2,10,1,4,17,0,0,5,4,9,2,10,6,8,26,0,16,16,42
04/17/2015,GRI,NE,ACE,CE,Federal Contract Tower,2,8,5,0,15,0,0,0,0,0,2,8,5,0,15,0,0,0,15
04/18/2015,GRI,NE,ACE,CE,Federal Contract Tower,0,6,2,0,8,0,0,0,2,2,0,6,2,2,10,0,0,0,10
04/19/2015,GRI,NE,ACE,CE,Federal Contract Tower,2,3,1,0,6,0,0,2,3,5,2,3,3,3,11,0,0,0,11
04/20/2015,GRI,NE,ACE,CE,Federal Contract Tower,2,6,12,1,21,0,0,5,5,10,2,6,17,6,31,0,0,0,31
04/21/2015,GRI,NE,ACE,CE,Federal Contract Tower,0,12,8,0,20,0,0,15,7,22,0,12,23,7,42,8,0,8,50
04/22/2015,GRI,NE,ACE,CE,Federal Contract Tower,0,10,12,0,22,0,1,22,6,29,0,11,34,6,51,40,0,40,91
04/23/2015,GRI,NE,ACE,CE,Federal Contract Tower,2,5,14,2,23,0,0,15,2,17,2,5,29,4,40,12,10,22,62
04/24/2015,GRI,NE,ACE,CE,Federal Contract Tower,2,5,5,0,12,0,0,0,0,0,2,5,5,0,12,2,0,2,14
04/25/2015,GRI,NE,ACE,CE,Federal Contract Tower,0,5,8,3,16,0,0,0,0,0,0,5,8,3,16,0,0,0,16
04/26/2015,GRI,NE,ACE,CE,Federal Contract Tower,2,2,7,3,14,0,0,2,4,6,2,2,9,7,20,10,0,10,30
04/27/2015,GRI,NE,ACE,CE,Federal Contract Tower,2,4,6,2,14,0,0,11,6,17,2,4,17,8,31,18,10,28,59
04/28/2015,GRI,NE,ACE,CE,Federal Contract Tower,0,10,13,0,23,0,6,31,5,42,0,16,44,5,65,10,0,10,75
04/29/2015,GRI,NE,ACE,CE,Federal Contract Tower,0,9,11,2,22,0,0,31,2,33,0,9,42,4,55,32,0,32,87
04/30/2015,GRI,NE,ACE,CE,Federal Contract Tower,4,7,14,0,25,0,0,31,0,31,4,7,45,0,56,0,0,0,56
05/01/2015,GRI,NE,ACE,CE,Federal Contract Tower,2,10,7,3,22,0,0,19,3,22,2,10,26,6,44,8,0,8,52
05/02/2015,GRI,NE,ACE,CE,Federal Contract Tower,0,5,4,0,9,0,0,7,0,7,0,5,11,0,16,18,0,18,34
05/03/2015,GRI,NE,ACE,CE,Federal Contract Tower,4,7,5,0,16,0,0,3,1,4,4,7,8,1,20,0,0,0,20
05/04/2015,GRI,NE,ACE,CE,Federal Contract Tower,2,6,6,1,15,0,0,0,0,0,2,6,6,1,15,0,0,0,15
05/05/2015,GRI,NE,ACE,CE,Federal Contract Tower,0,8,9,0,17,0,0,0,13,13,0,8,9,13,30,0,0,0,30
05/06/2015,GRI,NE,ACE,CE,Federal Contract Tower,0,11,8,0,19,0,0,1,2,3,0,11,9,2,22,0,2,2,24
05/07/2015,GRI,NE,ACE,CE,Federal Contract Tower,2,13,8,0,23,0,0,6,4,10,2,13,14,4,33,12,0,12,45
05/08/2015,GRI,NE,ACE,CE,Federal Contract Tower,2,9,11,0,22,0,0,2,0,2,2,9,13,0,24,0,0,0,24
05/09/2015,GRI,NE,ACE,CE,Federal Contract Tower,0,5,5,0,10,0,0,0,2,2,0,5,5,2,12,0,0,0,12
05/10/2015,GRI,NE,ACE,CE,Federal Contract Tower,2,2,3,2,9,0,0,2,0,2,2,2,5,2,11,0,0,0,11
05/11/2015,GRI,NE,ACE,CE,Federal Contract Tower,2,5,6,0,13,0,2,2,0,4,2,7,8,0,17,0,0,0,17
05/12/2015,GRI,NE,ACE,CE,Federal Contract Tower,0,12,16,0,28,0,3,12,17,32,0,15,28,17,60,0,0,0,60
05/13/2015,GRI,NE,ACE,CE,Federal Contract Tower,0,9,14,0,23,0,0,3,4,7,0,9,17,4,30,0,0,0,30
05/14/2015,GRI,NE,ACE,CE,Federal Contract Tower,2,15,8,2,27,0,0,7,1,8,2,15,15,3,35,18,0,18,53
05/15/2015,GRI,NE,ACE,CE,Federal Contract Tower,2,8,5,0,15,0,2,7,0,9,2,10,12,0,24,0,0,0,24
05/16/2015,GRI,NE,ACE,CE,Federal Contract Tower,0,5,6,0,11,0,0,2,0,2,0,5,8,0,13,0,0,0,13
05/17/2015,GRI,NE,ACE,CE,Federal Contract Tower,2,2,6,1,11,0,0,5,1,6,2,2,11,2,17,0,0,0,17
05/18/2015,GRI,NE,ACE,CE,Federal Contract Tower,2,7,10,0,19,0,1,16,0,17,2,8,26,0,36,22,0,22,58
05/19/2015,GRI,NE,ACE,CE,Federal Contract Tower,0,12,6,2,20,0,0,3,8,11,0,12,9,10,31,0,14,14,45
05/20/2015,GRI,NE,ACE,CE,Federal Contract Tower,0,8,11,1,20,0,0,3,2,5,0,8,14,3,25,12,0,12,37
05/21/2015,GRI,NE,ACE,CE,Federal Contract Tower,2,7,6,0,15,0,0,46,14,60,2,7,52,14,75,48,6,54,129
05/22/2015,GRI,NE,ACE,CE,Federal Contract Tower,2,10,8,2,22,0,0,10,0,10,2,10,18,2,32,8,0,8,40
05/23/2015,GRI,NE,ACE,CE,Federal Contract Tower,0,5,4,0,9,0,0,0,0,0,0,5,4,0,9,0,0,0,9
05/24/2015,GRI,NE,ACE,CE,Federal Contract Tower,2,6,5,0,13,0,0,4,0,4,2,6,9,0,17,0,0,0,17
05/25/2015,GRI,NE,ACE,CE,Federal Contract Tower,2,2,7,0,11,0,0,16,0,16,2,2,23,0,27,6,0,6,33
05/26/2015,GRI,NE,ACE,CE,Federal Contract Tower,0,6,17,1,24,0,0,6,1,7,0,6,23,2,31,6,0,6,37
05/27/2015,GRI,NE,ACE,CE,Federal Contract Tower,0,11,15,0,26,0,1,19,5,25,0,12,34,5,51,18,0,18,69
05/28/2015,GRI,NE,ACE,CE,Federal Contract Tower,2,10,13,1,26,0,0,6,6,12,2,10,19,7,38,4,6,10,48
05/29/2015,GRI,NE,ACE,CE,Federal Contract Tower,2,8,8,0,18,0,0,18,14,32,2,8,26,14,50,54,8,62,112
05/30/2015,GRI,NE,ACE,CE,Federal Contract Tower,0,7,3,4,14,0,0,5,18,23,0,7,8,22,37,4,10,14,51
05/31/2015,GRI,NE,ACE,CE,Federal Contract Tower,2,2,4,0,8,0,0,18,5,23,2,2,22,5,31,48,26,74,105
06/01/2015,GRI,NE,ACE,CE,Federal Contract Tower,2,6,11,0,19,0,0,8,0,8,2,6,19,0,27,0,0,0,27
06/02/2015,GRI,NE,ACE,CE,Federal Contract Tower,0,9,10,4,23,0,2,3,1,6,0,11,13,5,29,0,0,0,29
06/03/2015,GRI,NE,ACE,CE,Federal Contract Tower,0,10,4,0,14,0,2,8,2,12,0,12,12,2,26,8,8,16,42
06/04/2015,GRI,NE,ACE,CE,Federal Contract Tower,2,8,11,0,21,0,2,3,0,5,2,10,14,0,26,12,0,12,38
06/05/2015,GRI,NE,ACE,CE,Federal Contract Tower,2,11,7,0,20,0,0,2,5,7,2,11,9,5,27,2,0,2,29
06/06/2015,GRI,NE,ACE,CE,Federal Contract Tower,0,4,2,0,6,0,5,5,12,22,0,9,7,12,28,0,0,0,28
06/07/2015,GRI,NE,ACE,CE,Federal Contract Tower,2,2,5,0,9,0,2,17,0,19,2,4,22,0,28,0,0,0,28
06/08/2015,GRI,NE,ACE,CE,Federal Contract Tower,2,5,16,0,23,0,2,28,0,30,2,7,44,0,53,16,0,16,69
06/09/2015,GRI,NE,ACE,CE,Federal Contract Tower,0,8,10,2,20,0,2,21,16,39,0,10,31,18,59,0,6,6,65
06/10/2015,GRI,NE,ACE,CE,Federal Contract Tower,2,8,9,2,21,0,0,16,1,17,2,8,25,3,38,20,4,24,62
06/11/2015,GRI,NE,ACE,CE,Federal Contract Tower,2,8,7,5,22,0,0,0,0,0,2,8,7,5,22,0,0,0,22
06/12/2015,GRI,NE,ACE,CE,Federal Contract Tower,2,19,10,4,35,0,0,1,0,1,2,19,11,4,36,0,0,0,36
06/13/2015,GRI,NE,ACE,CE,Federal Contract Tower,0,4,6,0,10,0,1,15,0,16,0,5,21,0,26,18,0,18,44
06/14/2015,GRI,NE,ACE,CE,Federal Contract Tower,2,2,2,0,6,0,0,1,0,1,2,2,3,0,7,0,0,0,7
06/15/2015,GRI,NE,ACE,CE,Federal Contract Tower,2,6,12,0,20,0,0,8,0,8,2,6,20,0,28,0,0,0,28
06/16/2015,GRI,NE,ACE,CE,Federal Contract Tower,0,10,14,3,27,0,2,26,1,29,0,12,40,4,56,30,2,32,88
06/17/2015,GRI,NE,ACE,CE,Federal Contract Tower,2,10,15,0,27,0,27,13,0,40,2,37,28,0,67,12,0,12,79
06/18/2015,GRI,NE,ACE,CE,Federal Contract Tower,2,8,5,0,15,0,0,10,0,10,2,8,15,0,25,0,0,0,25
06/19/2015,GRI,NE,ACE,CE,Federal Contract Tower,2,9,6,0,17,0,1,17,3,21,2,10,23,3,38,12,8,20,58
06/20/2015,GRI,NE,ACE,CE,Federal Contract Tower,0,6,1,0,7,0,0,17,0,17,0,6,18,0,24,0,0,0,24
06/21/2015,GRI,NE,ACE,CE,Federal Contract Tower,2,5,5,0,12,0,0,7,0,7,2,5,12,0,19,0,0,0,19
06/22/2015,GRI,NE,ACE,CE,Federal Contract Tower,2,7,14,0,23,0,0,9,0,9,2,7,23,0,32,8,0,8,40
06/23/2015,GRI,NE,ACE,CE,Federal Contract Tower,0,10,9,1,20,0,2,26,1,29,0,12,35,2,49,24,0,24,73
06/24/2015,GRI,NE,ACE,CE,Federal Contract Tower,2,12,13,0,27,0,0,13,0,13,2,12,26,0,40,0,0,0,40
06/25/2015,GRI,NE,ACE,CE,Federal Contract Tower,2,11,17,0,30,0,2,12,0,14,2,13,29,0,44,0,0,0,44
06/26/2015,GRI,NE,ACE,CE,Federal Contract Tower,2,6,9,0,17,0,0,7,0,7,2,6,16,0,24,0,0,0,24
06/27/2015,GRI,NE,ACE,CE,Federal Contract Tower,0,13,4,0,17,0,0,16,0,16,0,13,20,0,33,8,0,8,41
06/28/2015,GRI,NE,ACE,CE,Federal Contract Tower,2,3,8,1,14,0,0,11,0,11,2,3,19,1,25,0,0,0,25
06/29/2015,GRI,NE,ACE,CE,Federal Contract Tower,2,6,7,0,15,0,0,9,3,12,2,6,16,3,27,12,0,12,39
06/30/2015,GRI,NE,ACE,CE,Federal Contract Tower,0,8,8,0,16,0,2,20,0,22,0,10,28,0,38,8,0,8,46
07/01/2015,GRI,NE,ACE,CE,Federal Contract Tower,2,11,10,0,23,0,2,7,0,9,2,13,17,0,32,14,0,14,46
07/02/2015,GRI,NE,ACE,CE,Federal Contract Tower,2,8,3,0,13,0,2,14,0,16,2,10,17,0,29,6,0,6,35
07/03/2015,GRI,NE,ACE,CE,Federal Contract Tower,2,7,14,0,23,0,0,9,0,9,2,7,23,0,32,6,0,6,38
07/04/2015,GRI,NE,ACE,CE,Federal Contract Tower,0,2,6,0,8,0,0,10,0,10,0,2,16,0,18,6,0,6,24
07/05/2015,GRI,NE,ACE,CE,Federal Contract Tower,2,2,2,0,6,0,0,7,0,7,2,2,9,0,13,0,0,0,13
07/06/2015,GRI,NE,ACE,CE,Federal Contract Tower,4,7,5,0,16,0,0,5,0,5,4,7,10,0,21,10,0,10,31
07/07/2015,GRI,NE,ACE,CE,Federal Contract Tower,0,10,13,0,23,0,0,20,0,20,0,10,33,0,43,4,0,4,47
07/08/2015,GRI,NE,ACE,CE,Federal Contract Tower,2,13,11,0,26,0,3,37,2,42,2,16,48,2,68,42,4,46,114
07/09/2015,GRI,NE,ACE,CE,Federal Contract Tower,4,10,20,2,36,0,2,13,2,17,4,12,33,4,53,26,12,38,91
07/10/2015,GRI,NE,ACE,CE,Federal Contract Tower,2,7,13,0,22,0,1,7,1,9,2,8,20,1,31,0,0,0,31
07/11/2015,GRI,NE,ACE,CE,Federal Contract Tower,0,4,4,0,8,0,2,12,1,15,0,6,16,1,23,8,0,8,31
07/12/2015,GRI,NE,ACE,CE,Federal Contract Tower,2,1,9,0,12,0,0,17,0,17,2,1,26,0,29,0,0,0,29
07/13/2015,GRI,NE,ACE,CE,Federal Contract Tower,2,6,11,0,19,0,1,20,0,21,2,7,31,0,40,0,0,0,40
07/14/2015,GRI,NE,ACE,CE,Federal Contract Tower,0,10,11,0,21,0,2,34,2,38,0,12,45,2,59,34,0,34,93
07/15/2015,GRI,NE,ACE,CE,Federal Contract Tower,2,11,13,0,26,0,2,10,1,13,2,13,23,1,39,16,0,16,55
07/16/2015,GRI,NE,ACE,CE,Federal Contract Tower,2,16,9,1,28,0,0,20,3,23,2,16,29,4,51,24,0,24,75
07/17/2015,GRI,NE,ACE,CE,Federal Contract Tower,2,9,11,1,23,0,0,19,1,20,2,9,30,2,43,26,0,26,69
07/18/2015,GRI,NE,ACE,CE,Federal Contract Tower,0,5,6,0,11,0,1,11,0,12,0,6,17,0,23,0,0,0,23
07/19/2015,GRI,NE,ACE,CE,Federal Contract Tower,2,6,6,0,14,0,0,23,0,23,2,6,29,0,37,32,0,32,69
07/20/2015,GRI,NE,ACE,CE,Federal Contract Tower,2,11,3,0,16,0,2,18,0,20,2,13,21,0,36,18,0,18,54
07/21/2015,GRI,NE,ACE,CE,Federal Contract Tower,0,10,12,0,22,0,0,19,2,21,0,10,31,2,43,24,0,24,67
07/22/2015,GRI,NE,ACE,CE,Federal Contract Tower,2,8,12,0,22,0,0,24,2,26,2,8,36,2,48,12,4,16,64
07/23/2015,GRI,NE,ACE,CE,Federal Contract Tower,4,13,8,0,25,0,0,11,0,11,4,13,19,0,36,12,0,12,48
07/24/2015,GRI,NE,ACE,CE,Federal Contract Tower,2,14,8,0,24,0,0,15,1,16,2,14,23,1,40,4,0,4,44
07/25/2015,GRI,NE,ACE,CE,Federal Contract Tower,0,5,7,0,12,0,0,7,0,7,0,5,14,0,19,0,0,0,19
07/26/2015,GRI,NE,ACE,CE,Federal Contract Tower,2,4,11,1,18,0,1,12,1,14,2,5,23,2,32,0,0,0,32
07/27/2015,GRI,NE,ACE,CE,Federal Contract Tower,2,6,8,0,16,0,0,11,1,12,2,6,19,1,28,19,0,19,47
07/28/2015,GRI,NE,ACE,CE,Federal Contract Tower,0,9,15,0,24,0,0,16,0,16,0,9,31,0,40,10,0,10,50
07/29/2015,GRI,NE,ACE,CE,Federal Contract Tower,0,8,12,0,20,0,0,27,3,30,0,8,39,3,50,26,0,26,76
07/30/2015,GRI,NE,ACE,CE,Federal Contract Tower,2,10,5,0,17,0,0,28,0,28,2,10,33,0,45,40,0,40,85
07/31/2015,GRI,NE,ACE,CE,Federal Contract Tower,2,8,8,0,18,0,3,10,2,15,2,11,18,2,33,8,0,8,41
08/01/2015,GRI,NE,ACE,CE,Federal Contract Tower,0,5,9,0,14,0,0,9,0,9,0,5,18,0,23,6,0,6,29
08/02/2015,GRI,NE,ACE,CE,Federal Contract Tower,2,2,6,0,10,0,0,7,0,7,2,2,13,0,17,0,0,0,17
08/03/2015,GRI,NE,ACE,CE,Federal Contract Tower,2,5,5,0,12,0,0,15,0,15,2,5,20,0,27,16,0,16,43
08/04/2015,GRI,NE,ACE,CE,Federal Contract Tower,0,10,9,0,19,0,0,13,0,13,0,10,22,0,32,16,0,16,48
08/05/2015,GRI,NE,ACE,CE,Federal Contract Tower,0,12,10,2,24,0,0,5,0,5,0,12,15,2,29,18,0,18,47
08/06/2015,GRI,NE,ACE,CE,Federal Contract Tower,2,10,13,0,25,0,1,5,0,6,2,11,18,0,31,0,0,0,31
08/07/2015,GRI,NE,ACE,CE,Federal Contract Tower,2,7,9,4,22,0,0,20,9,29,2,7,29,13,51,36,14,50,101
08/08/2015,GRI,NE,ACE,CE,Federal Contract Tower,0,5,12,0,17,0,0,9,0,9,0,5,21,0,26,28,0,28,54
08/09/2015,GRI,NE,ACE,CE,Federal Contract Tower,2,3,4,0,9,0,0,10,0,10,2,3,14,0,19,0,0,0,19
08/10/2015,GRI,NE,ACE,CE,Federal Contract Tower,2,4,13,0,19,0,1,5,0,6,2,5,18,0,25,6,0,6,31
08/11/2015,GRI,NE,ACE,CE,Federal Contract Tower,0,10,11,0,21,0,0,25,0,25,0,10,36,0,46,72,0,72,118
08/12/2015,GRI,NE,ACE,CE,Federal Contract Tower,0,10,17,0,27,0,10,18,4,32,0,20,35,4,59,22,0,22,81
08/13/2015,GRI,NE,ACE,CE,Federal Contract Tower,2,8,8,2,20,0,0,17,0,17,2,8,25,2,37,16,0,16,53
08/14/2015,GRI,NE,ACE,CE,Federal Contract Tower,2,8,8,1,19,0,1,13,3,17,2,9,21,4,36,6,0,6,42
08/15/2015,GRI,NE,ACE,CE,Federal Contract Tower,0,10,5,0,15,0,0,8,0,8,0,10,13,0,23,0,0,0,23
08/16/2015,GRI,NE,ACE,CE,Federal Contract Tower,2,2,2,0,6,0,0,3,0,3,2,2,5,0,9,0,0,0,9
08/17/2015,GRI,NE,ACE,CE,Federal Contract Tower,2,8,5,0,15,0,0,0,0,0,2,8,5,0,15,0,0,0,15
08/18/2015,GRI,NE,ACE,CE,Federal Contract Tower,0,10,9,0,19,0,2,4,2,8,0,12,13,2,27,0,0,0,27
08/19/2015,GRI,NE,ACE,CE,Federal Contract Tower,0,10,11,0,21,0,0,14,2,16,0,10,25,2,37,2,0,2,39
08/20/2015,GRI,NE,ACE,CE,Federal Contract Tower,2,13,16,0,31,0,0,34,4,38,2,13,50,4,69,66,0,66,135
08/21/2015,GRI,NE,ACE,CE,Federal Contract Tower,0,7,11,0,18,0,0,18,2,20,0,7,29,2,38,12,0,12,50
08/22/2015,GRI,NE,ACE,CE,Federal Contract Tower,0,5,3,0,8,0,0,12,2,14,0,5,15,2,22,6,0,6,28
08/23/2015,GRI,NE,ACE,CE,Federal Contract Tower,1,2,7,3,13,0,0,11,5,16,1,2,18,8,29,0,6,6,35
08/24/2015,GRI,NE,ACE,CE,Federal Contract Tower,2,10,9,0,21,0,0,24,0,24,2,10,33,0,45,0,0,0,45
08/25/2015,GRI,NE,ACE,CE,Federal Contract Tower,0,13,10,0,23,0,0,15,6,21,0,13,25,6,44,0,0,0,44
08/26/2015,GRI,NE,ACE,CE,Federal Contract Tower,0,12,18,0,30,0,2,22,2,26,0,14,40,2,56,22,0,22,78
08/27/2015,GRI,NE,ACE,CE,Federal Contract Tower,2,8,14,0,24,0,0,11,0,11,2,8,25,0,35,2,0,2,37
08/28/2015,GRI,NE,ACE,CE,Federal Contract Tower,0,9,10,3,22,0,2,22,2,26,0,11,32,5,48,32,0,32,80
08/29/2015,GRI,NE,ACE,CE,Federal Contract Tower,0,6,1,0,7,0,0,16,0,16,0,6,17,0,23,10,0,10,33
08/30/2015,GRI,NE,ACE,CE,Federal Contract Tower,2,2,7,0,11,0,0,14,0,14,2,2,21,0,25,40,0,40,65
08/31/2015,GRI,NE,ACE,CE,Federal Contract Tower,2,5,8,0,15,0,0,15,0,15,2,5,23,0,30,0,0,0,30
09/01/2015,GRI,NE,ACE,CE,Federal Contract Tower,0,8,8,0,16,0,0,13,2,15,0,8,21,2,31,0,0,0,31
09/02/2015,GRI,NE,ACE,CE,Federal Contract Tower,0,12,13,1,26,0,0,21,7,28,0,12,34,8,54,24,0,24,78
09/03/2015,GRI,NE,ACE,CE,Federal Contract Tower,2,12,12,0,26,0,1,28,6,35,2,13,40,6,61,24,6,30,91
09/04/2015,GRI,NE,ACE,CE,Federal Contract Tower,2,9,8,0,19,0,0,19,0,19,2,9,27,0,38,32,0,32,70
09/05/2015,GRI,NE,ACE,CE,Federal Contract Tower,0,5,5,0,10,0,0,4,0,4,0,5,9,0,14,0,0,0,14
09/06/2015,GRI,NE,ACE,CE,Federal Contract Tower,2,2,2,0,6,0,0,20,0,20,2,2,22,0,26,0,0,0,26
09/07/2015,GRI,NE,ACE,CE,Federal Contract Tower,2,6,7,0,15,0,0,0,0,0,2,6,7,0,15,0,0,0,15
09/08/2015,GRI,NE,ACE,CE,Federal Contract Tower,0,12,11,2,25,0,0,14,2,16,0,12,25,4,41,8,0,8,49
09/09/2015,GRI,NE,ACE,CE,Federal Contract Tower,0,8,15,3,26,0,0,8,1,9,0,8,23,4,35,0,0,0,35
09/10/2015,GRI,NE,ACE,CE,Federal Contract Tower,2,11,10,0,23,0,0,12,1,13,2,11,22,1,36,18,0,18,54
09/11/2015,GRI,NE,ACE,CE,Federal Contract Tower,2,9,7,2,20,0,2,43,2,47,2,11,50,4,67,36,2,38,105
09/12/2015,GRI,NE,ACE,CE,Federal Contract Tower,0,4,6,2,12,0,1,14,16,31,0,5,20,18,43,4,2,6,49
09/13/2015,GRI,NE,ACE,CE,Federal Contract Tower,1,4,12,3,20,0,0,24,2,26,1,4,36,5,46,0,10,10,56
09/14/2015,GRI,NE,ACE,CE,Federal Contract Tower,2,9,16,0,27,0,2,11,0,13,2,11,27,0,40,2,0,2,42
09/15/2015,GRI,NE,ACE,CE,Federal Contract Tower,0,11,18,0,29,0,1,11,0,12,0,12,29,0,41,2,0,2,43
09/16/2015,GRI,NE,ACE,CE,Federal Contract Tower,0,10,18,0,28,0,0,33,7,40,0,10,51,7,68,8,2,10,78
09/17/2015,GRI,NE,ACE,CE,Federal Contract Tower,2,13,15,1,31,0,0,37,3,40,2,13,52,4,71,30,0,30,101
09/18/2015,GRI,NE,ACE,CE,Federal Contract Tower,2,9,9,0,20,0,2,19,0,21,2,11,28,0,41,4,0,4,45
09/19/2015,GRI,NE,ACE,CE,Federal Contract Tower,0,8,12,0,20,0,0,17,0,17,0,8,29,0,37,4,0,4,41
09/20/2015,GRI,NE,ACE,CE,Federal Contract Tower,2,5,2,0,9,0,0,8,0,8,2,5,10,0,17,4,0,4,21
09/21/2015,GRI,NE,ACE,CE,Federal Contract Tower,2,8,8,1,19,0,0,9,0,9,2,8,17,1,28,0,0,0,28
09/22/2015,GRI,NE,ACE,CE,Federal Contract Tower,0,14,10,2,26,0,0,16,0,16,0,14,26,2,42,42,0,42,84
09/23/2015,GRI,NE,ACE,CE,Federal Contract Tower,0,7,12,0,19,0,0,0,0,0,0,7,12,0,19,0,0,0,19
09/24/2015,GRI,NE,ACE,CE,Federal Contract Tower,2,8,13,0,23,0,3,5,4,12,2,11,18,4,35,6,0,6,41
09/25/2015,GRI,NE,ACE,CE,Federal Contract Tower,2,9,12,0,23,0,0,2,1,3,2,9,14,1,26,4,0,4,30
09/26/2015,GRI,NE,ACE,CE,Federal Contract Tower,0,4,2,0,6,0,9,12,0,21,0,13,14,0,27,2,0,2,29
09/27/2015,GRI,NE,ACE,CE,Federal Contract Tower,2,2,8,0,12,0,0,5,0,5,2,2,13,0,17,6,0,6,23
09/28/2015,GRI,NE,ACE,CE,Federal Contract Tower,2,5,13,0,20,0,0,13,0,13,2,5,26,0,33,30,0,30,63
09/29/2015,GRI,NE,ACE,CE,Federal Contract Tower,2,11,5,0,18,0,0,13,2,15,2,11,18,2,33,0,0,0,33
09/30/2015,GRI,NE,ACE,CE,Federal Contract Tower,0,9,18,0,27,0,0,11,4,15,0,9,29,4,42,18,0,18,60
10/01/2015,GRI,NE,ACE,CE,Federal Contract Tower,0,8,11,2,21,0,0,0,0,0,0,8,11,2,21,0,6,6,27
10/02/2015,GRI,NE,ACE,CE,Federal Contract Tower,2,8,7,0,17,0,0,23,0,23,2,8,30,0,40,34,0,34,74
10/03/2015,GRI,NE,ACE,CE,Federal Contract Tower,2,5,0,0,7,0,0,0,0,0,2,5,0,0,7,0,0,0,7
10/04/2015,GRI,NE,ACE,CE,Federal Contract Tower,2,4,8,0,14,0,0,6,2,8,2,4,14,2,22,0,0,0,22
10/05/2015,GRI,NE,ACE,CE,Federal Contract Tower,2,7,10,0,19,0,0,4,0,4,2,7,14,0,23,12,0,12,35
10/06/2015,GRI,NE,ACE,CE,Federal Contract Tower,0,10,13,0,23,0,0,11,3,14,0,10,24,3,37,0,0,0,37
10/07/2015,GRI,NE,ACE,CE,Federal Contract Tower,0,10,13,0,23,0,0,11,0,11,0,10,24,0,34,4,0,4,38
10/08/2015,GRI,NE,ACE,CE,Federal Contract Tower,2,9,6,0,17,0,8,7,0,15,2,17,13,0,32,0,2,2,34
10/09/2015,GRI,NE,ACE,CE,Federal Contract Tower,1,13,9,0,23,0,5,13,0,18,1,18,22,0,41,12,0,12,53
10/10/2015,GRI,NE,ACE,CE,Federal Contract Tower,0,6,5,0,11,0,0,16,2,18,0,6,21,2,29,0,0,0,29
10/11/2015,GRI,NE,ACE,CE,Federal Contract Tower,2,2,10,0,14,0,0,9,0,9,2,2,19,0,23,2,0,2,25
10/12/2015,GRI,NE,ACE,CE,Federal Contract Tower,2,5,5,0,12,0,2,6,0,8,2,7,11,0,20,14,0,14,34
10/13/2015,GRI,NE,ACE,CE,Federal Contract Tower,0,8,4,2,14,0,2,21,8,31,0,10,25,10,45,12,8,20,65
10/14/2015,GRI,NE,ACE,CE,Federal Contract Tower,0,10,15,2,27,0,0,24,0,24,0,10,39,2,51,14,0,14,65
10/15/2015,GRI,NE,ACE,CE,Federal Contract Tower,2,12,15,2,31,0,0,28,6,34,2,12,43,8,65,26,2,28,93
10/16/2015,GRI,NE,ACE,CE,Federal Contract Tower,2,9,8,2,21,0,0,22,2,24,2,9,30,4,45,36,2,38,83
10/17/2015,GRI,NE,ACE,CE,Federal Contract Tower,0,6,7,1,14,0,0,25,8,33,0,6,32,9,47,12,0,12,59
10/18/2015,GRI,NE,ACE,CE,Federal Contract Tower,2,2,1,0,5,0,0,12,0,12,2,2,13,0,17,0,0,0,17
10/19/2015,GRI,NE,ACE,CE,Federal Contract Tower,0,7,11,0,18,0,0,7,0,7,0,7,18,0,25,6,0,6,31
10/20/2015,GRI,NE,ACE,CE,Federal Contract Tower,0,10,6,0,16,0,0,22,0,22,0,10,28,0,38,0,0,0,38
10/21/2015,GRI,NE,ACE,CE,Federal Contract Tower,0,8,12,0,20,0,0,14,2,16,0,8,26,2,36,28,0,28,64
10/22/2015,GRI,NE,ACE,CE,Federal Contract Tower,2,8,12,1,23,0,0,1,0,1,2,8,13,1,24,0,0,0,24
10/23/2015,GRI,NE,ACE,CE,Federal Contract Tower,2,10,7,2,21,0,0,1,2,3,2,10,8,4,24,0,0,0,24
10/24/2015,GRI,NE,ACE,CE,Federal Contract Tower,0,6,5,1,12,0,1,23,11,35,0,7,28,12,47,22,22,44,91
10/25/2015,GRI,NE,ACE,CE,Federal Contract Tower,2,2,4,0,8,0,0,18,2,20,2,2,22,2,28,0,0,0,28
10/26/2015,GRI,NE,ACE,CE,Federal Contract Tower,2,8,10,0,20,0,0,6,0,6,2,8,16,0,26,2,0,2,28
10/27/2015,GRI,NE,ACE,CE,Federal Contract Tower,0,8,9,0,17,0,4,11,2,17,0,12,20,2,34,6,6,12,46
10/28/2015,GRI,NE,ACE,CE,Federal Contract Tower,0,11,9,1,21,0,0,13,1,14,0,11,22,2,35,0,0,0,35
10/29/2015,GRI,NE,ACE,CE,Federal Contract Tower,2,10,14,1,27,0,1,25,2,28,2,11,39,3,55,28,2,30,85
10/30/2015,GRI,NE,ACE,CE,Federal Contract Tower,2,10,7,0,19,0,0,6,1,7,2,10,13,1,26,8,0,8,34
10/31/2015,GRI,NE,ACE,CE,Federal Contract Tower,0,7,3,0,10,0,1,7,0,8,0,8,10,0,18,6,0,6,24
11/01/2015,GRI,NE,ACE,CE,Federal Contract Tower,2,2,0,0,4,0,0,30,0,30,2,2,30,0,34,0,0,0,34
11/02/2015,GRI,NE,ACE,CE,Federal Contract Tower,2,6,8,0,16,0,0,14,0,14,2,6,22,0,30,16,0,16,46
11/03/2015,GRI,NE,ACE,CE,Federal Contract Tower,0,7,7,0,14,0,1,10,0,11,0,8,17,0,25,0,0,0,25
11/04/2015,GRI,NE,ACE,CE,Federal Contract Tower,0,12,7,0,19,0,0,6,0,6,0,12,13,0,25,0,0,0,25
11/05/2015,GRI,NE,ACE,CE,Federal Contract Tower,2,11,17,2,32,0,1,4,3,8,2,12,21,5,40,0,0,0,40
11/06/2015,GRI,NE,ACE,CE,Federal Contract Tower,2,8,4,3,17,0,1,9,7,17,2,9,13,10,34,16,0,16,50
11/07/2015,GRI,NE,ACE,CE,Federal Contract Tower,2,7,4,0,13,0,0,10,2,12,2,7,14,2,25,0,0,0,25
11/08/2015,GRI,NE,ACE,CE,Federal Contract Tower,4,3,5,0,12,0,0,9,0,9,4,3,14,0,21,0,0,0,21
11/09/2015,GRI,NE,ACE,CE,Federal Contract Tower,2,6,7,0,15,0,0,5,2,7,2,6,12,2,22,0,0,0,22
11/10/2015,GRI,NE,ACE,CE,Federal Contract Tower,0,10,3,0,13,0,0,8,0,8,0,10,11,0,21,0,0,0,21
11/11/2015,GRI,NE,ACE,CE,Federal Contract Tower,2,12,6,0,20,0,1,0,0,1,2,13,6,0,21,0,0,0,21
11/12/2015,GRI,NE,ACE,CE,Federal Contract Tower,4,8,20,0,32,0,5,13,1,19,4,13,33,1,51,12,0,12,63
11/13/2015,GRI,NE,ACE,CE,Federal Contract Tower,2,10,6,0,18,0,1,17,4,22,2,11,23,4,40,8,2,10,50
11/14/2015,GRI,NE,ACE,CE,Federal Contract Tower,2,5,5,2,14,0,0,22,3,25,2,5,27,5,39,20,0,20,59
11/15/2015,GRI,NE,ACE,CE,Federal Contract Tower,4,2,8,1,15,0,0,9,0,9,4,2,17,1,24,8,0,8,32
11/16/2015,GRI,NE,ACE,CE,Federal Contract Tower,4,6,6,0,16,0,0,1,0,1,4,6,7,0,17,0,0,0,17
11/17/2015,GRI,NE,ACE,CE,Federal Contract Tower,0,12,5,0,17,0,0,0,0,0,0,12,5,0,17,0,0,0,17
11/18/2015,GRI,NE,ACE,CE,Federal Contract Tower,0,12,13,0,25,0,2,14,7,23,0,14,27,7,48,0,6,6,54
11/19/2015,GRI,NE,ACE,CE,Federal Contract Tower,4,8,3,2,17,0,0,13,2,15,4,8,16,4,32,8,0,8,40
11/20/2015,GRI,NE,ACE,CE,Federal Contract Tower,0,13,3,0,16,0,0,3,1,4,0,13,6,1,20,0,0,0,20
11/21/2015,GRI,NE,ACE,CE,Federal Contract Tower,2,5,5,0,12,0,3,1,2,6,2,8,6,2,18,0,0,0,18
11/22/2015,GRI,NE,ACE,CE,Federal Contract Tower,4,5,2,0,11,0,0,10,0,10,4,5,12,0,21,0,0,0,21
11/23/2015,GRI,NE,ACE,CE,Federal Contract Tower,0,8,4,0,12,0,0,15,0,15,0,8,19,0,27,14,0,14,41
11/24/2015,GRI,NE,ACE,CE,Federal Contract Tower,2,9,10,2,23,0,1,13,10,24,2,10,23,12,47,14,12,26,73
11/25/2015,GRI,NE,ACE,CE,Federal Contract Tower,2,10,6,0,18,0,0,0,0,0,2,10,6,0,18,0,0,0,18
11/26/2015,GRI,NE,ACE,CE,Federal Contract Tower,0,1,0,0,1,0,0,0,0,0,0,1,0,0,1,0,0,0,1
11/27/2015,GRI,NE,ACE,CE,Federal Contract Tower,4,9,4,0,17,0,1,0,0,1,4,10,4,0,18,0,0,0,18
11/28/2015,GRI,NE,ACE,CE,Federal Contract Tower,4,7,5,0,16,0,0,6,0,6,4,7,11,0,22,4,0,4,26
11/29/2015,GRI,NE,ACE,CE,Federal Contract Tower,2,2,6,0,10,0,0,0,0,0,2,2,6,0,10,0,0,0,10
11/30/2015,GRI,NE,ACE,CE,Federal Contract Tower,2,7,5,0,14,0,0,0,0,0,2,7,5,0,14,0,0,0,14
12/01/2015,GRI,NE,ACE,CE,Federal Contract Tower,0,10,8,0,18,0,0,0,0,0,0,10,8,0,18,0,0,0,18
12/02/2015,GRI,NE,ACE,CE,Federal Contract Tower,2,13,4,0,19,0,2,15,0,17,2,15,19,0,36,0,0,0,36
12/03/2015,GRI,NE,ACE,CE,Federal Contract Tower,2,7,15,1,25,0,0,13,5,18,2,7,28,6,43,0,8,8,51
12/04/2015,GRI,NE,ACE,CE,Federal Contract Tower,2,8,1,0,11,0,0,3,5,8,2,8,4,5,19,0,0,0,19
12/05/2015,GRI,NE,ACE,CE,Federal Contract Tower,2,9,2,0,13,0,0,7,2,9,2,9,9,2,22,0,10,10,32
12/06/2015,GRI,NE,ACE,CE,Federal Contract Tower,2,2,0,2,6,0,0,7,2,9,2,2,7,4,15,6,4,10,25
12/07/2015,GRI,NE,ACE,CE,Federal Contract Tower,4,6,11,0,21,0,0,6,0,6,4,6,17,0,27,6,0,6,33
12/08/2015,GRI,NE,ACE,CE,Federal Contract Tower,0,9,8,0,17,0,0,15,2,17,0,9,23,2,34,0,0,0,34
12/09/2015,GRI,NE,ACE,CE,Federal Contract Tower,2,8,12,4,26,0,0,18,1,19,2,8,30,5,45,10,0,10,55
12/10/2015,GRI,NE,ACE,CE,Federal Contract Tower,2,10,15,1,28,0,0,10,3,13,2,10,25,4,41,0,0,0,41
12/11/2015,GRI,NE,ACE,CE,Federal Contract Tower,2,8,11,0,21,0,0,35,5,40,2,8,46,5,61,26,0,26,87
12/12/2015,GRI,NE,ACE,CE,Federal Contract Tower,2,6,4,4,16,0,0,2,0,2,2,6,6,4,18,4,0,4,22
12/13/2015,GRI,NE,ACE,CE,Federal Contract Tower,2,2,0,0,4,0,0,0,0,0,2,2,0,0,4,0,0,0,4
12/14/2015,GRI,NE,ACE,CE,Federal Contract Tower,4,11,6,0,21,0,0,0,0,0,4,11,6,0,21,0,0,0,21
12/15/2015,GRI,NE,ACE,CE,Federal Contract Tower,0,9,8,0,17,0,0,0,0,0,0,9,8,0,17,0,0,0,17
12/16/2015,GRI,NE,ACE,CE,Federal Contract Tower,0,18,12,0,30,0,5,5,4,14,0,23,17,4,44,4,2,6,50
12/17/2015,GRI,NE,ACE,CE,Federal Contract Tower,4,8,18,2,32,0,3,19,7,29,4,11,37,9,61,18,0,18,79
12/18/2015,GRI,NE,ACE,CE,Federal Contract Tower,2,12,8,1,23,0,0,12,0,12,2,12,20,1,35,8,0,8,43
12/19/2015,GRI,NE,ACE,CE,Federal Contract Tower,4,13,4,0,21,0,0,11,0,11,4,13,15,0,32,36,0,36,68
12/20/2015,GRI,NE,ACE,CE,Federal Contract Tower,4,4,5,0,13,0,2,12,0,14,4,6,17,0,27,6,0,6,33
12/21/2015,GRI,NE,ACE,CE,Federal Contract Tower,1,5,4,0,10,0,0,5,0,5,1,5,9,0,15,16,0,16,31
12/22/2015,GRI,NE,ACE,CE,Federal Contract Tower,2,9,7,0,18,0,1,11,4,16,2,10,18,4,34,0,0,0,34
12/23/2015,GRI,NE,ACE,CE,Federal Contract Tower,4,8,3,0,15,0,0,20,4,24,4,8,23,4,39,4,0,4,43
12/24/2015,GRI,NE,ACE,CE,Federal Contract Tower,2,8,0,0,10,0,1,1,0,2,2,9,1,0,12,0,0,0,12
12/25/2015,GRI,NE,ACE,CE,Federal Contract Tower,2,2,0,0,4,0,0,0,0,0,2,2,0,0,4,0,0,0,4
12/26/2015,GRI,NE,ACE,CE,Federal Contract Tower,2,6,3,0,11,0,0,0,0,0,2,6,3,0,11,0,0,0,11
12/27/2015,GRI,NE,ACE,CE,Federal Contract Tower,4,2,16,0,22,0,0,4,0,4,4,2,20,0,26,0,0,0,26
12/28/2015,GRI,NE,ACE,CE,Federal Contract Tower,2,6,2,0,10,0,0,1,0,1,2,6,3,0,11,0,0,0,11
12/29/2015,GRI,NE,ACE,CE,Federal Contract Tower,2,10,5,0,17,0,0,0,0,0,2,10,5,0,17,0,0,0,17
12/30/2015,GRI,NE,ACE,CE,Federal Contract Tower,2,8,4,0,14,0,0,1,2,3,2,8,5,2,17,0,0,0,17
12/31/2015,GRI,NE,ACE,CE,Federal Contract Tower,4,7,6,0,17,0,0,22,0,22,4,7,28,0,39,26,0,26,65
01/01/2016,GRI,NE,ACE,CE,Federal Contract Tower,0,2,4,0,6,0,0,13,0,13,0,2,17,0,19,4,0,4,23
01/02/2016,GRI,NE,ACE,CE,Federal Contract Tower,2,8,6,0,16,0,0,8,0,8,2,8,14,0,24,4,0,4,28
01/03/2016,GRI,NE,ACE,CE,Federal Contract Tower,4,2,1,0,7,0,0,8,0,8,4,2,9,0,15,6,0,6,21
01/04/2016,GRI,NE,ACE,CE,Federal Contract Tower,0,6,4,0,10,0,0,13,0,13,0,6,17,0,23,0,0,0,23
01/05/2016,GRI,NE,ACE,CE,Federal Contract Tower,0,14,5,0,19,0,0,9,0,9,0,14,14,0,28,16,0,16,44
01/06/2016,GRI,NE,ACE,CE,Federal Contract Tower,0,10,9,0,19,0,0,0,0,0,0,10,9,0,19,0,0,0,19
01/07/2016,GRI,NE,ACE,CE,Federal Contract Tower,2,6,3,0,11,0,0,0,0,0,2,6,3,0,11,0,0,0,11
01/09/2016,GRI,NE,ACE,CE,Federal Contract Tower,4,8,3,0,15,0,0,0,0,0,4,8,3,0,15,0,0,0,15
01/10/2016,GRI,NE,ACE,CE,Federal Contract Tower,2,2,5,0,9,0,0,7,0,7,2,2,12,0,16,0,0,0,16
01/11/2016,GRI,NE,ACE,CE,Federal Contract Tower,2,6,4,2,14,0,0,5,0,5,2,6,9,2,19,8,0,8,27
01/12/2016,GRI,NE,ACE,CE,Federal Contract Tower,0,10,0,8,18,0,0,2,0,2,0,10,2,8,20,0,8,8,28
01/13/2016,GRI,NE,ACE,CE,Federal Contract Tower,2,8,7,0,17,0,0,10,2,12,2,8,17,2,29,12,0,12,41
01/14/2016,GRI,NE,ACE,CE,Federal Contract Tower,2,10,6,3,21,0,0,12,5,17,2,10,18,8,38,10,4,14,52
01/15/2016,GRI,NE,ACE,CE,Federal Contract Tower,2,9,8,0,19,0,0,9,0,9,2,9,17,0,28,8,0,8,36
01/16/2016,GRI,NE,ACE,CE,Federal Contract Tower,2,6,2,0,10,0,0,1,0,1,2,6,3,0,11,0,0,0,11
01/17/2016,GRI,NE,ACE,CE,Federal Contract Tower,2,2,4,0,8,0,0,2,0,2,2,2,6,0,10,0,0,0,10
01/18/2016,GRI,NE,ACE,CE,Federal Contract Tower,2,8,7,0,17,0,0,6,0,6,2,8,13,0,23,8,0,8,31
01/19/2016,GRI,NE,ACE,CE,Federal Contract Tower,0,11,7,0,18,0,0,0,0,0,0,11,7,0,18,0,0,0,18
01/21/2016,GRI,NE,ACE,CE,Federal Contract Tower,2,10,4,2,18,0,0,0,0,0,2,10,4,2,18,0,0,0,18
01/22/2016,GRI,NE,ACE,CE,Federal Contract Tower,2,9,1,0,12,0,0,2,5,7,2,9,3,5,19,8,36,44,63
01/23/2016,GRI,NE,ACE,CE,Federal Contract Tower,2,4,3,16,25,0,0,0,0,0,2,4,3,16,25,0,0,0,25
01/24/2016,GRI,NE,ACE,CE,Federal Contract Tower,2,4,8,0,14,0,0,6,4,10,2,4,14,4,24,8,0,8,32
01/25/2016,GRI,NE,ACE,CE,Federal Contract Tower,2,6,4,0,12,0,0,0,0,0,2,6,4,0,12,0,0,0,12
01/26/2016,GRI,NE,ACE,CE,Federal Contract Tower,0,8,6,2,16,0,4,24,0,28,0,12,30,2,44,48,0,48,92
01/27/2016,GRI,NE,ACE,CE,Federal Contract Tower,0,11,11,2,24,0,6,23,1,30,0,17,34,3,54,12,0,12,66
01/28/2016,GRI,NE,ACE,CE,Federal Contract Tower,2,9,15,1,27,0,0,22,0,22,2,9,37,1,49,8,0,8,57
01/29/2016,GRI,NE,ACE,CE,Federal Contract Tower,2,7,2,0,11,0,0,13,0,13,2,7,15,0,24,26,0,26,50
01/30/2016,GRI,NE,ACE,CE,Federal Contract Tower,2,5,2,0,9,0,1,13,0,14,2,6,15,0,23,12,0,12,35
01/31/2016,GRI,NE,ACE,CE,Federal Contract Tower,2,2,3,0,7,0,0,6,0,6,2,2,9,0,13,0,0,0,13
02/01/2016,GRI,NE,ACE,CE,Federal Contract Tower,3,4,6,0,13,0,0,0,0,0,3,4,6,0,13,0,0,0,13
02/03/2016,GRI,NE,ACE,CE,Federal Contract Tower,0,0,6,0,6,0,1,2,0,3,0,1,8,0,9,0,0,0,9
02/04/2016,GRI,NE,ACE,CE,Federal Contract Tower,2,10,16,2,30,0,1,1,0,2,2,11,17,2,32,2,0,2,34
02/05/2016,GRI,NE,ACE,CE,Federal Contract Tower,2,7,11,0,20,0,4,3,1,8,2,11,14,1,28,6,0,6,34
02/06/2016,GRI,NE,ACE,CE,Federal Contract Tower,2,5,4,0,11,0,1,1,10,12,2,6,5,10,23,0,16,16,39
02/07/2016,GRI,NE,ACE,CE,Federal Contract Tower,2,2,2,0,6,0,0,2,12,14,2,2,4,12,20,0,0,0,20
02/08/2016,GRI,NE,ACE,CE,Federal Contract Tower,2,7,5,2,16,0,2,0,4,6,2,9,5,6,22,0,0,0,22
02/09/2016,GRI,NE,ACE,CE,Federal Contract Tower,0,13,11,0,24,0,0,3,1,4,0,13,14,1,28,0,0,0,28
02/10/2016,GRI,NE,ACE,CE,Federal Contract Tower,0,8,17,0,25,0,4,22,0,26,0,12,39,0,51,10,0,10,61
02/11/2016,GRI,NE,ACE,CE,Federal Contract Tower,3,17,15,0,35,0,0,2,0,2,3,17,17,0,37,0,0,0,37
02/12/2016,GRI,NE,ACE,CE,Federal Contract Tower,2,8,8,2,20,0,0,1,0,1,2,8,9,2,21,0,0,0,21
02/13/2016,GRI,NE,ACE,CE,Federal Contract Tower,2,4,9,0,15,0,2,0,0,2,2,6,9,0,17,0,0,0,17
02/14/2016,GRI,NE,ACE,CE,Federal Contract Tower,2,2,1,0,5,0,0,16,0,16,2,2,17,0,21,6,0,6,27
02/15/2016,GRI,NE,ACE,CE,Federal Contract Tower,2,5,2,0,9,0,2,9,0,11,2,7,11,0,20,12,0,12,32
02/16/2016,GRI,NE,ACE,CE,Federal Contract Tower,0,9,5,0,14,0,0,9,0,9,0,9,14,0,23,22,0,22,45
02/17/2016,GRI,NE,ACE,CE,Federal Contract Tower,4,12,13,0,29,0,0,15,20,35,4,12,28,20,64,8,2,10,74
02/18/2016,GRI,NE,ACE,CE,Federal Contract Tower,0,10,16,0,26,0,0,29,1,30,0,10,45,1,56,14,0,14,70
02/19/2016,GRI,NE,ACE,CE,Federal Contract Tower,4,6,4,0,14,0,2,8,1,11,4,8,12,1,25,0,0,0,25
02/20/2016,GRI,NE,ACE,CE,Federal Contract Tower,2,7,9,0,18,0,0,35,0,35,2,7,44,0,53,26,0,26,79
02/21/2016,GRI,NE,ACE,CE,Federal Contract Tower,1,4,18,1,24,0,1,6,1,8,1,5,24,2,32,0,0,0,32
02/22/2016,GRI,NE,ACE,CE,Federal Contract Tower,4,6,1,1,12,0,0,0,0,0,4,6,1,1,12,0,0,0,12
02/23/2016,GRI,NE,ACE,CE,Federal Contract Tower,0,8,1,0,9,0,0,6,0,6,0,8,7,0,15,0,0,0,15
02/24/2016,GRI,NE,ACE,CE,Federal Contract Tower,2,9,6,1,18,0,2,11,3,16,2,11,17,4,34,0,0,0,34
02/25/2016,GRI,NE,ACE,CE,Federal Contract Tower,0,10,5,0,15,0,0,2,1,3,0,10,7,1,18,6,0,6,24
02/27/2016,GRI,NE,ACE,CE,Federal Contract Tower,2,5,4,0,11,0,1,8,0,9,2,6,12,0,20,0,0,0,20
02/28/2016,GRI,NE,ACE,CE,Federal Contract Tower,0,2,0,0,2,0,0,0,0,0,0,2,0,0,2,0,0,0,2
02/29/2016,GRI,NE,ACE,CE,Federal Contract Tower,4,5,3,0,12,0,0,6,0,6,4,5,9,0,18,8,0,8,26
03/01/2016,GRI,NE,ACE,CE,Federal Contract Tower,0,8,4,0,12,0,0,2,0,2,0,8,6,0,14,0,0,0,14
03/02/2016,GRI,NE,ACE,CE,Federal Contract Tower,3,10,9,0,22,0,0,15,0,15,3,10,24,0,37,4,0,4,41
03/03/2016,GRI,NE,ACE,CE,Federal Contract Tower,1,9,8,0,18,0,6,2,3,11,1,15,10,3,29,0,0,0,29
03/04/2016,GRI,NE,ACE,CE,Federal Contract Tower,4,8,5,1,18,0,0,13,3,16,4,8,18,4,34,14,10,24,58
03/05/2016,GRI,NE,ACE,CE,Federal Contract Tower,2,6,6,0,14,0,1,22,7,30,2,7,28,7,44,34,0,34,78
03/06/2016,GRI,NE,ACE,CE,Federal Contract Tower,1,4,3,2,10,0,0,3,1,4,1,4,6,3,14,0,6,6,20
03/07/2016,GRI,NE,ACE,CE,Federal Contract Tower,4,7,6,0,17,0,0,1,0,1,4,7,7,0,18,0,0,0,18
03/08/2016,GRI,NE,ACE,CE,Federal Contract Tower,0,10,8,0,18,0,0,6,0,6,0,10,14,0,24,0,0,0,24
03/09/2016,GRI,NE,ACE,CE,Federal Contract Tower,3,8,16,2,29,0,0,24,2,26,3,8,40,4,55,38,6,44,99
03/10/2016,GRI,NE,ACE,CE,Federal Contract Tower,1,12,8,2,23,0,0,33,5,38,1,12,41,7,61,32,8,40,101
03/11/2016,GRI,NE,ACE,CE,Federal Contract Tower,4,8,6,2,20,0,0,16,3,19,4,8,22,5,39,4,0,4,43
03/12/2016,GRI,NE,ACE,CE,Federal Contract Tower,2,7,10,0,19,0,0,0,0,0,2,7,10,0,19,0,0,0,19
03/13/2016,GRI,NE,ACE,CE,Federal Contract Tower,2,4,1,0,7,0,0,2,0,2,2,4,3,0,9,0,0,0,9
03/14/2016,GRI,NE,ACE,CE,Federal Contract Tower,6,5,8,0,19,0,0,19,0,19,6,5,27,0,38,16,0,16,54
03/15/2016,GRI,NE,ACE,CE,Federal Contract Tower,0,10,16,2,28,0,1,6,0,7,0,11,22,2,35,0,0,0,35
03/16/2016,GRI,NE,ACE,CE,Federal Contract Tower,4,10,1,2,17,0,1,10,1,12,4,11,11,3,29,0,6,6,35
03/17/2016,GRI,NE,ACE,CE,Federal Contract Tower,2,8,3,2,15,0,3,14,1,18,2,11,17,3,33,8,0,8,41
03/18/2016,GRI,NE,ACE,CE,Federal Contract Tower,4,12,5,2,23,0,2,6,0,8,4,14,11,2,31,12,0,12,43
03/19/2016,GRI,NE,ACE,CE,Federal Contract Tower,0,7,13,0,20,0,0,7,0,7,0,7,20,0,27,0,0,0,27
03/20/2016,GRI,NE,ACE,CE,Federal Contract Tower,2,4,14,0,20,0,0,21,0,21,2,4,35,0,41,6,0,6,47
03/21/2016,GRI,NE,ACE,CE,Federal Contract Tower,5,7,9,0,21,0,2,7,0,9,5,9,16,0,30,0,0,0,30
03/22/2016,GRI,NE,ACE,CE,Federal Contract Tower,0,11,10,2,23,0,0,13,6,19,0,11,23,8,42,8,8,16,58
03/23/2016,GRI,NE,ACE,CE,Federal Contract Tower,0,5,6,0,11,0,0,2,0,2,0,5,8,0,13,0,0,0,13
03/24/2016,GRI,NE,ACE,CE,Federal Contract Tower,2,7,11,0,20,0,1,3,7,11,2,8,14,7,31,0,6,6,37
03/25/2016,GRI,NE,ACE,CE,Federal Contract Tower,3,9,4,2,18,0,0,13,0,13,3,9,17,2,31,8,0,8,39
03/26/2016,GRI,NE,ACE,CE,Federal Contract Tower,1,7,4,0,12,0,0,0,0,0,1,7,4,0,12,0,0,0,12
03/27/2016,GRI,NE,ACE,CE,Federal Contract Tower,0,2,3,0,5,0,0,22,0,22,0,2,25,0,27,0,0,0,27
03/28/2016,GRI,NE,ACE,CE,Federal Contract Tower,4,6,9,0,19,0,0,6,0,6,4,6,15,0,25,0,0,0,25
03/29/2016,GRI,NE,ACE,CE,Federal Contract Tower,0,10,2,0,12,0,0,1,2,3,0,10,3,2,15,0,0,0,15
03/31/2016,GRI,NE,ACE,CE,Federal Contract Tower,0,8,10,1,19,0,1,4,0,5,0,9,14,1,24,10,0,10,34
04/01/2016,GRI,NE,ACE,CE,Federal Contract Tower,3,7,6,2,18,0,0,7,0,7,3,7,13,2,25,0,0,0,25
04/02/2016,GRI,NE,ACE,CE,Federal Contract Tower,3,7,6,1,17,0,1,22,7,30,3,8,28,8,47,2,0,2,49
04/04/2016,GRI,NE,ACE,CE,Federal Contract Tower,3,5,11,0,19,0,0,15,2,17,3,5,26,2,36,6,0,6,42
04/05/2016,GRI,NE,ACE,CE,Federal Contract Tower,0,8,9,0,17,0,7,6,2,15,0,15,15,2,32,0,0,0,32
04/06/2016,GRI,NE,ACE,CE,Federal Contract Tower,0,12,8,0,20,0,6,3,1,10,0,18,11,1,30,0,0,0,30
04/07/2016,GRI,NE,ACE,CE,Federal Contract Tower,2,8,6,0,16,0,0,1,0,1,2,8,7,0,17,0,0,0,17
04/08/2016,GRI,NE,ACE,CE,Federal Contract Tower,5,6,8,0,19,0,0,0,0,0,5,6,8,0,19,32,0,32,51
04/09/2016,GRI,NE,ACE,CE,Federal Contract Tower,2,7,4,0,13,0,0,16,15,31,2,7,20,15,44,8,36,44,88
04/10/2016,GRI,NE,ACE,CE,Federal Contract Tower,0,4,1,0,5,0,0,6,2,8,0,4,7,2,13,0,0,0,13
04/11/2016,GRI,NE,ACE,CE,Federal Contract Tower,5,6,5,2,18,0,0,10,8,18,5,6,15,10,36,32,8,40,76
04/12/2016,GRI,NE,ACE,CE,Federal Contract Tower,0,10,4,0,14,0,0,7,2,9,0,10,11,2,23,0,18,18,41
04/13/2016,GRI,NE,ACE,CE,Federal Contract Tower,0,8,2,2,12,0,0,20,0,20,0,8,22,2,32,24,0,24,56
04/14/2016,GRI,NE,ACE,CE,Federal Contract Tower,0,13,8,3,24,0,0,3,4,7,0,13,11,7,31,0,14,14,45
04/15/2016,GRI,NE,ACE,CE,Federal Contract Tower,4,7,8,0,19,0,0,8,0,8,4,7,16,0,27,0,0,0,27
04/16/2016,GRI,NE,ACE,CE,Federal Contract Tower,2,6,5,0,13,0,0,7,0,7,2,6,12,0,20,10,0,10,30
04/17/2016,GRI,NE,ACE,CE,Federal Contract Tower,0,0,3,0,3,0,0,0,0,0,0,0,3,0,3,0,0,0,3
04/18/2016,GRI,NE,ACE,CE,Federal Contract Tower,3,6,3,0,12,0,1,4,0,5,3,7,7,0,17,24,0,24,41
04/19/2016,GRI,NE,ACE,CE,Federal Contract Tower,0,11,5,1,17,0,0,7,0,7,0,11,12,1,24,44,0,44,68
04/20/2016,GRI,NE,ACE,CE,Federal Contract Tower,0,13,8,0,21,0,0,1,0,1,0,13,9,0,22,0,0,0,22
04/21/2016,GRI,NE,ACE,CE,Federal Contract Tower,0,13,7,1,21,0,3,18,8,29,0,16,25,9,50,18,12,30,80
04/22/2016,GRI,NE,ACE,CE,Federal Contract Tower,4,8,6,0,18,0,4,26,0,30,4,12,32,0,48,16,2,18,66
04/23/2016,GRI,NE,ACE,CE,Federal Contract Tower,2,7,2,2,13,0,0,4,0,4,2,7,6,2,17,0,0,0,17
04/24/2016,GRI,NE,ACE,CE,Federal Contract Tower,0,3,7,0,10,0,0,8,0,8,0,3,15,0,18,0,0,0,18
04/25/2016,GRI,NE,ACE,CE,Federal Contract Tower,4,8,16,0,28,0,0,6,0,6,4,8,22,0,34,0,0,0,34
04/26/2016,GRI,NE,ACE,CE,Federal Contract Tower,0,8,8,0,16,0,0,4,5,9,0,8,12,5,25,0,0,0,25
04/27/2016,GRI,NE,ACE,CE,Federal Contract Tower,0,8,3,1,12,0,0,0,0,0,0,8,3,1,12,0,0,0,12
04/28/2016,GRI,NE,ACE,CE,Federal Contract Tower,0,8,9,2,19,0,0,4,2,6,0,8,13,4,25,0,0,0,25
04/29/2016,GRI,NE,ACE,CE,Federal Contract Tower,4,9,3,1,17,0,0,0,1,1,4,9,3,2,18,0,0,0,18
04/30/2016,GRI,NE,ACE,CE,Federal Contract Tower,2,7,3,0,12,0,0,0,0,0,2,7,3,0,12,0,0,0,12
05/01/2016,GRI,NE,ACE,CE,Federal Contract Tower,1,2,3,0,6,0,1,0,0,1,1,3,3,0,7,0,0,0,7
05/02/2016,GRI,NE,ACE,CE,Federal Contract Tower,3,5,9,0,17,0,2,9,0,11,3,7,18,0,28,2,0,2,30
05/03/2016,GRI,NE,ACE,CE,Federal Contract Tower,2,10,2,2,16,0,1,13,2,16,2,11,15,4,32,10,0,10,42
05/04/2016,GRI,NE,ACE,CE,Federal Contract Tower,0,11,11,3,25,0,0,14,2,16,0,11,25,5,41,0,0,0,41
05/05/2016,GRI,NE,ACE,CE,Federal Contract Tower,0,9,9,0,18,0,0,13,8,21,0,9,22,8,39,16,4,20,59
05/06/2016,GRI,NE,ACE,CE,Federal Contract Tower,2,13,7,0,22,0,0,7,3,10,2,13,14,3,32,0,0,0,32
05/07/2016,GRI,NE,ACE,CE,Federal Contract Tower,2,7,5,0,14,0,0,11,0,11,2,7,16,0,25,0,0,0,25
05/08/2016,GRI,NE,ACE,CE,Federal Contract Tower,0,3,9,0,12,0,0,3,2,5,0,3,12,2,17,0,0,0,17
05/09/2016,GRI,NE,ACE,CE,Federal Contract Tower,4,6,3,0,13,0,0,2,0,2,4,6,5,0,15,0,0,0,15
05/10/2016,GRI,NE,ACE,CE,Federal Contract Tower,0,8,5,2,15,0,0,5,0,5,0,8,10,2,20,0,0,0,20
05/11/2016,GRI,NE,ACE,CE,Federal Contract Tower,0,10,2,0,12,0,0,2,10,12,0,10,4,10,24,0,0,0,24
05/12/2016,GRI,NE,ACE,CE,Federal Contract Tower,0,8,2,2,12,0,0,10,2,12,0,8,12,4,24,0,0,0,24
05/13/2016,GRI,NE,ACE,CE,Federal Contract Tower,2,10,14,0,26,0,0,4,7,11,2,10,18,7,37,0,0,0,37
05/14/2016,GRI,NE,ACE,CE,Federal Contract Tower,2,7,4,0,13,0,11,11,12,34,2,18,15,12,47,20,12,32,79
05/15/2016,GRI,NE,ACE,CE,Federal Contract Tower,2,2,6,1,11,0,0,7,6,13,2,2,13,7,24,20,20,40,64
05/16/2016,GRI,NE,ACE,CE,Federal Contract Tower,4,5,6,0,15,0,0,0,0,0,4,5,6,0,15,0,0,0,15
05/17/2016,GRI,NE,ACE,CE,Federal Contract Tower,0,8,14,0,22,0,0,4,0,4,0,8,18,0,26,20,0,20,46
05/18/2016,GRI,NE,ACE,CE,Federal Contract Tower,2,10,12,1,25,0,2,18,7,27,2,12,30,8,52,44,0,44,96
05/19/2016,GRI,NE,ACE,CE,Federal Contract Tower,2,10,11,1,24,0,0,6,8,14,2,10,17,9,38,0,0,0,38
05/20/2016,GRI,NE,ACE,CE,Federal Contract Tower,3,8,8,1,20,0,0,4,0,4,3,8,12,1,24,0,0,0,24
05/21/2016,GRI,NE,ACE,CE,Federal Contract Tower,4,7,3,6,20,0,0,5,0,5,4,7,8,6,25,0,0,0,25
05/22/2016,GRI,NE,ACE,CE,Federal Contract Tower,0,2,9,1,12,0,0,5,0,5,0,2,14,1,17,20,0,20,37
05/23/2016,GRI,NE,ACE,CE,Federal Contract Tower,3,6,9,0,18,0,0,10,0,10,3,6,19,0,28,14,0,14,42
05/25/2016,GRI,NE,ACE,CE,Federal Contract Tower,0,8,7,1,16,0,14,4,5,23,0,22,11,6,39,6,0,6,45
05/26/2016,GRI,NE,ACE,CE,Federal Contract Tower,0,7,3,0,10,0,9,0,1,10,0,16,3,1,20,14,0,14,34
05/27/2016,GRI,NE,ACE,CE,Federal Contract Tower,3,10,5,1,19,0,0,1,0,1,3,10,6,1,20,0,0,0,20
05/28/2016,GRI,NE,ACE,CE,Federal Contract Tower,2,7,4,2,15,0,8,4,0,12,2,15,8,2,27,0,0,0,27
05/29/2016,GRI,NE,ACE,CE,Federal Contract Tower,0,2,4,0,6,0,1,16,0,17,0,3,20,0,23,0,0,0,23
05/30/2016,GRI,NE,ACE,CE,Federal Contract Tower,2,2,2,0,6,0,0,0,0,0,2,2,2,0,6,10,0,10,16
05/31/2016,GRI,NE,ACE,CE,Federal Contract Tower,0,6,8,1,15,0,21,33,2,56,0,27,41,3,71,30,4,34,105
06/01/2016,GRI,NE,ACE,CE,Federal Contract Tower,4,10,16,3,33,0,8,23,7,38,4,18,39,10,71,26,8,34,105
06/02/2016,GRI,NE,ACE,CE,Federal Contract Tower,0,7,18,2,27,0,0,25,9,34,0,7,43,11,61,26,12,38,99
06/03/2016,GRI,NE,ACE,CE,Federal Contract Tower,2,9,14,0,25,0,0,7,6,13,2,9,21,6,38,0,0,0,38
06/05/2016,GRI,NE,ACE,CE,Federal Contract Tower,0,3,0,0,3,0,0,15,2,17,0,3,15,2,20,10,0,10,30
06/06/2016,GRI,NE,ACE,CE,Federal Contract Tower,4,6,4,0,14,0,4,15,0,19,4,10,19,0,33,2,0,2,35
06/07/2016,GRI,NE,ACE,CE,Federal Contract Tower,0,8,16,0,24,0,0,21,6,27,0,8,37,6,51,16,8,24,75
06/08/2016,GRI,NE,ACE,CE,Federal Contract Tower,4,8,19,0,31,0,2,12,7,21,4,10,31,7,52,12,0,12,64
06/09/2016,GRI,NE,ACE,CE,Federal Contract Tower,0,9,8,2,19,0,2,14,2,18,0,11,22,4,37,4,0,4,41
06/10/2016,GRI,NE,ACE,CE,Federal Contract Tower,3,9,7,0,19,0,1,6,0,7,3,10,13,0,26,0,0,0,26
06/11/2016,GRI,NE,ACE,CE,Federal Contract Tower,1,9,1,0,11,0,2,12,2,16,1,11,13,2,27,12,0,12,39
06/12/2016,GRI,NE,ACE,CE,Federal Contract Tower,0,5,4,0,9,0,0,11,0,11,0,5,15,0,20,8,0,8,28
06/13/2016,GRI,NE,ACE,CE,Federal Contract Tower,4,6,3,2,15,0,1,0,3,4,4,7,3,5,19,0,2,2,21
06/14/2016,GRI,NE,ACE,CE,Federal Contract Tower,0,11,8,3,22,0,4,3,0,7,0,15,11,3,29,6,0,6,35
06/15/2016,GRI,NE,ACE,CE,Federal Contract Tower,4,11,19,3,37,0,1,12,3,16,4,12,31,6,53,0,0,0,53
06/16/2016,GRI,NE,ACE,CE,Federal Contract Tower,0,8,13,0,21,0,3,13,3,19,0,11,26,3,40,12,2,14,54
06/17/2016,GRI,NE,ACE,CE,Federal Contract Tower,3,8,6,0,17,0,1,4,7,12,3,9,10,7,29,2,8,10,39
06/18/2016,GRI,NE,ACE,CE,Federal Contract Tower,2,6,6,0,14,0,0,20,8,28,2,6,26,8,42,20,10,30,72
06/19/2016,GRI,NE,ACE,CE,Federal Contract Tower,0,3,7,0,10,0,0,5,0,5,0,3,12,0,15,0,0,0,15
06/20/2016,GRI,NE,ACE,CE,Federal Contract Tower,3,9,12,0,24,0,0,6,5,11,3,9,18,5,35,0,0,0,35
06/21/2016,GRI,NE,ACE,CE,Federal Contract Tower,1,9,12,0,22,0,2,16,6,24,1,11,28,6,46,10,0,10,56
06/22/2016,GRI,NE,ACE,CE,Federal Contract Tower,4,12,6,0,22,0,4,14,7,25,4,16,20,7,47,26,0,26,73
06/23/2016,GRI,NE,ACE,CE,Federal Contract Tower,0,11,14,2,27,0,6,22,8,36,0,17,36,10,63,26,0,26,89
06/24/2016,GRI,NE,ACE,CE,Federal Contract Tower,3,12,5,0,20,0,4,7,4,15,3,16,12,4,35,4,0,4,39
06/25/2016,GRI,NE,ACE,CE,Federal Contract Tower,1,5,4,0,10,0,0,4,0,4,1,5,8,0,14,0,0,0,14
06/26/2016,GRI,NE,ACE,CE,Federal Contract Tower,0,3,10,0,13,0,0,12,0,12,0,3,22,0,25,4,0,4,29
06/27/2016,GRI,NE,ACE,CE,Federal Contract Tower,3,8,7,0,18,0,0,11,0,11,3,8,18,0,29,8,0,8,37
06/28/2016,GRI,NE,ACE,CE,Federal Contract Tower,0,9,9,2,20,0,10,13,0,23,0,19,22,2,43,22,0,22,65
06/29/2016,GRI,NE,ACE,CE,Federal Contract Tower,4,11,15,2,32,0,4,13,7,24,4,15,28,9,56,18,0,18,74
06/30/2016,GRI,NE,ACE,CE,Federal Contract Tower,0,8,11,1,20,0,0,5,2,7,0,8,16,3,27,4,0,4,31
07/01/2016,GRI,NE,ACE,CE,Federal Contract Tower,2,10,11,0,23,0,1,11,0,12,2,11,22,0,35,8,0,8,43
07/02/2016,GRI,NE,ACE,CE,Federal Contract Tower,3,7,6,0,16,0,0,0,0,0,3,7,6,0,16,0,0,0,16
07/03/2016,GRI,NE,ACE,CE,Federal Contract Tower,0,4,4,0,8,0,0,0,0,0,0,4,4,0,8,0,0,0,8
07/04/2016,GRI,NE,ACE,CE,Federal Contract Tower,5,3,0,0,8,0,0,2,0,2,5,3,2,0,10,12,0,12,22
07/05/2016,GRI,NE,ACE,CE,Federal Contract Tower,0,4,1,1,6,0,0,11,1,12,0,4,12,2,18,18,0,18,36
07/06/2016,GRI,NE,ACE,CE,Federal Contract Tower,4,9,16,0,29,0,0,12,9,21,4,9,28,9,50,6,10,16,66
07/07/2016,GRI,NE,ACE,CE,Federal Contract Tower,0,9,8,0,17,0,0,11,6,17,0,9,19,6,34,28,2,30,64
07/08/2016,GRI,NE,ACE,CE,Federal Contract Tower,2,11,12,6,31,0,1,13,4,18,2,12,25,10,49,6,14,20,69
07/09/2016,GRI,NE,ACE,CE,Federal Contract Tower,2,7,5,0,14,0,0,21,0,21,2,7,26,0,35,16,0,16,51
07/10/2016,GRI,NE,ACE,CE,Federal Contract Tower,0,5,12,0,17,0,0,14,0,14,0,5,26,0,31,10,0,10,41
07/11/2016,GRI,NE,ACE,CE,Federal Contract Tower,2,6,8,0,16,0,2,8,0,10,2,8,16,0,26,10,0,10,36
07/12/2016,GRI,NE,ACE,CE,Federal Contract Tower,2,9,6,0,17,0,15,35,0,50,2,24,41,0,67,14,0,14,81
07/13/2016,GRI,NE,ACE,CE,Federal Contract Tower,5,8,6,0,19,0,0,16,5,21,5,8,22,5,40,12,18,30,70
07/14/2016,GRI,NE,ACE,CE,Federal Contract Tower,0,11,7,3,21,0,1,22,11,34,0,12,29,14,55,10,8,18,73
07/15/2016,GRI,NE,ACE,CE,Federal Contract Tower,4,9,2,0,15,0,0,7,0,7,4,9,9,0,22,14,0,14,36
07/16/2016,GRI,NE,ACE,CE,Federal Contract Tower,4,9,7,0,20,0,0,13,0,13,4,9,20,0,33,8,0,8,41
07/17/2016,GRI,NE,ACE,CE,Federal Contract Tower,2,3,2,6,13,0,0,15,0,15,2,3,17,6,28,4,0,4,32
07/18/2016,GRI,NE,ACE,CE,Federal Contract Tower,2,6,4,0,12,0,0,8,0,8,2,6,12,0,20,4,0,4,24
07/19/2016,GRI,NE,ACE,CE,Federal Contract Tower,0,12,1,0,13,0,1,24,0,25,0,13,25,0,38,10,0,10,48
07/20/2016,GRI,NE,ACE,CE,Federal Contract Tower,4,11,2,0,17,0,0,18,0,18,4,11,20,0,35,6,0,6,41
07/21/2016,GRI,NE,ACE,CE,Federal Contract Tower,2,9,1,1,13,0,0,14,2,16,2,9,15,3,29,14,2,16,45
07/22/2016,GRI,NE,ACE,CE,Federal Contract Tower,3,8,16,0,27,0,0,14,0,14,3,8,30,0,41,0,0,0,41
07/23/2016,GRI,NE,ACE,CE,Federal Contract Tower,5,5,0,1,11,0,0,21,2,23,5,5,21,3,34,6,0,6,40
07/24/2016,GRI,NE,ACE,CE,Federal Contract Tower,2,10,6,0,18,0,0,10,0,10,2,10,16,0,28,0,0,0,28
07/25/2016,GRI,NE,ACE,CE,Federal Contract Tower,2,9,2,0,13,0,0,11,6,17,2,9,13,6,30,36,0,36,66
07/26/2016,GRI,NE,ACE,CE,Federal Contract Tower,0,9,21,0,30,0,0,20,2,22,0,9,41,2,52,2,2,4,56
07/27/2016,GRI,NE,ACE,CE,Federal Contract Tower,2,11,15,2,30,0,10,6,3,19,2,21,21,5,49,0,4,4,53
07/28/2016,GRI,NE,ACE,CE,Federal Contract Tower,0,8,8,4,20,0,6,17,2,25,0,14,25,6,45,0,0,0,45
07/29/2016,GRI,NE,ACE,CE,Federal Contract Tower,2,9,14,1,26,0,0,11,0,11,2,9,25,1,37,0,0,0,37
07/30/2016,GRI,NE,ACE,CE,Federal Contract Tower,2,8,8,0,18,0,0,3,0,3,2,8,11,0,21,0,0,0,21
07/31/2016,GRI,NE,ACE,CE,Federal Contract Tower,0,4,9,0,13,0,0,10,3,13,0,4,19,3,26,0,0,0,26
08/01/2016,GRI,NE,ACE,CE,Federal Contract Tower,2,6,7,0,15,0,0,4,0,4,2,6,11,0,19,0,0,0,19
08/02/2016,GRI,NE,ACE,CE,Federal Contract Tower,0,9,13,0,22,0,0,6,4,10,0,9,19,4,32,14,0,14,46
08/03/2016,GRI,NE,ACE,CE,Federal Contract Tower,0,11,8,0,19,0,0,10,2,12,0,11,18,2,31,0,0,0,31
08/04/2016,GRI,NE,ACE,CE,Federal Contract Tower,0,11,11,4,26,0,0,13,4,17,0,11,24,8,43,14,0,14,57
08/05/2016,GRI,NE,ACE,CE,Federal Contract Tower,3,8,12,0,23,0,0,9,2,11,3,8,21,2,34,0,0,0,34
08/06/2016,GRI,NE,ACE,CE,Federal Contract Tower,0,5,10,0,15,0,1,18,0,19,0,6,28,0,34,8,0,8,42
08/07/2016,GRI,NE,ACE,CE,Federal Contract Tower,2,5,2,0,9,0,0,8,2,10,2,5,10,2,19,14,0,14,33
08/08/2016,GRI,NE,ACE,CE,Federal Contract Tower,2,6,7,0,15,0,0,13,0,13,2,6,20,0,28,16,0,16,44
08/09/2016,GRI,NE,ACE,CE,Federal Contract Tower,0,13,7,2,22,0,0,13,1,14,0,13,20,3,36,0,8,8,44
08/10/2016,GRI,NE,ACE,CE,Federal Contract Tower,0,9,3,2,14,0,5,23,6,34,0,14,26,8,48,36,4,40,88
08/11/2016,GRI,NE,ACE,CE,Federal Contract Tower,0,9,14,2,25,0,11,14,4,29,0,20,28,6,54,22,0,22,76
08/12/2016,GRI,NE,ACE,CE,Federal Contract Tower,3,5,9,0,17,0,0,4,2,6,3,5,13,2,23,14,0,14,37
08/13/2016,GRI,NE,ACE,CE,Federal Contract Tower,2,7,9,0,18,0,0,13,7,20,2,7,22,7,38,6,0,6,44
08/14/2016,GRI,NE,ACE,CE,Federal Contract Tower,0,3,6,0,9,0,0,17,5,22,0,3,23,5,31,14,0,14,45
08/15/2016,GRI,NE,ACE,CE,Federal Contract Tower,3,6,14,0,23,0,0,9,0,9,3,6,23,0,32,2,0,2,34
08/16/2016,GRI,NE,ACE,CE,Federal Contract Tower,0,9,6,0,15,0,0,5,2,7,0,9,11,2,22,2,0,2,24
08/17/2016,GRI,NE,ACE,CE,Federal Contract Tower,0,14,11,0,25,0,0,11,24,35,0,14,22,24,60,4,16,20,80
08/18/2016,GRI,NE,ACE,CE,Federal Contract Tower,0,10,9,0,19,0,0,16,2,18,0,10,25,2,37,4,0,4,41
08/19/2016,GRI,NE,ACE,CE,Federal Contract Tower,3,10,1,0,14,0,0,5,7,12,3,10,6,7,26,0,4,4,30
08/20/2016,GRI,NE,ACE,CE,Federal Contract Tower,0,5,5,0,10,0,1,14,0,15,0,6,19,0,25,0,0,0,25
08/21/2016,GRI,NE,ACE,CE,Federal Contract Tower,2,2,6,0,10,0,0,11,0,11,2,2,17,0,21,4,0,4,25
08/22/2016,GRI,NE,ACE,CE,Federal Contract Tower,4,9,12,0,25,0,0,14,0,14,4,9,26,0,39,20,0,20,59
08/23/2016,GRI,NE,ACE,CE,Federal Contract Tower,0,13,19,0,32,0,0,8,2,10,0,13,27,2,42,14,0,14,56
08/24/2016,GRI,NE,ACE,CE,Federal Contract Tower,0,10,11,3,24,0,11,15,0,26,0,21,26,3,50,24,18,42,92
08/25/2016,GRI,NE,ACE,CE,Federal Contract Tower,2,13,10,4,29,0,0,19,2,21,2,13,29,6,50,36,0,36,86
08/26/2016,GRI,NE,ACE,CE,Federal Contract Tower,4,15,10,1,30,0,0,13,0,13,4,15,23,1,43,0,0,0,43
08/27/2016,GRI,NE,ACE,CE,Federal Contract Tower,0,6,7,0,13,0,0,9,0,9,0,6,16,0,22,6,0,6,28
08/28/2016,GRI,NE,ACE,CE,Federal Contract Tower,0,3,5,0,8,0,3,9,0,12,0,6,14,0,20,0,0,0,20
08/29/2016,GRI,NE,ACE,CE,Federal Contract Tower,4,3,3,0,10,0,0,10,0,10,4,3,13,0,20,0,0,0,20
08/30/2016,GRI,NE,ACE,CE,Federal Contract Tower,0,9,9,0,18,0,0,0,3,3,0,9,9,3,21,0,0,0,21
08/31/2016,GRI,NE,ACE,CE,Federal Contract Tower,0,14,11,4,29,0,0,1,3,4,0,14,12,7,33,0,0,0,33
09/01/2016,GRI,NE,ACE,CE,Federal Contract Tower,0,9,6,1,16,0,0,13,5,18,0,9,19,6,34,6,0,6,40
09/02/2016,GRI,NE,ACE,CE,Federal Contract Tower,3,9,16,0,28,0,1,8,0,9,3,10,24,0,37,2,0,2,39
09/03/2016,GRI,NE,ACE,CE,Federal Contract Tower,0,8,6,0,14,0,0,2,0,2,0,8,8,0,16,0,0,0,16
09/04/2016,GRI,NE,ACE,CE,Federal Contract Tower,0,3,0,0,3,0,0,4,0,4,0,3,4,0,7,0,0,0,7
09/05/2016,GRI,NE,ACE,CE,Federal Contract Tower,4,3,5,0,12,0,0,17,0,17,4,3,22,0,29,0,0,0,29
09/06/2016,GRI,NE,ACE,CE,Federal Contract Tower,0,8,11,0,19,0,0,7,0,7,0,8,18,0,26,0,0,0,26
09/07/2016,GRI,NE,ACE,CE,Federal Contract Tower,0,11,11,2,24,0,0,3,6,9,0,11,14,8,33,8,20,28,61
09/08/2016,GRI,NE,ACE,CE,Federal Contract Tower,0,14,14,0,28,0,0,5,8,13,0,14,19,8,41,0,0,0,41
09/09/2016,GRI,NE,ACE,CE,Federal Contract Tower,4,10,4,0,18,0,1,1,0,2,4,11,5,0,20,0,0,0,20
09/10/2016,GRI,NE,ACE,CE,Federal Contract Tower,0,4,5,2,11,0,2,20,6,28,0,6,25,8,39,2,0,2,41
09/11/2016,GRI,NE,ACE,CE,Federal Contract Tower,0,5,3,0,8,0,0,15,9,24,0,5,18,9,32,0,0,0,32
09/12/2016,GRI,NE,ACE,CE,Federal Contract Tower,4,8,16,0,28,0,0,3,0,3,4,8,19,0,31,0,0,0,31
09/13/2016,GRI,NE,ACE,CE,Federal Contract Tower,0,16,16,0,32,0,0,3,4,7,0,16,19,4,39,20,0,20,59
09/14/2016,GRI,NE,ACE,CE,Federal Contract Tower,0,12,21,6,39,0,0,0,0,0,0,12,21,6,39,0,0,0,39
09/15/2016,GRI,NE,ACE,CE,Federal Contract Tower,0,13,16,6,35,0,1,2,1,4,0,14,18,7,39,12,4,16,55
09/16/2016,GRI,NE,ACE,CE,Federal Contract Tower,5,6,15,0,26,0,1,16,0,17,5,7,31,0,43,2,0,2,45
09/17/2016,GRI,NE,ACE,CE,Federal Contract Tower,0,5,4,0,9,0,3,14,0,17,0,8,18,0,26,2,0,2,28
09/18/2016,GRI,NE,ACE,CE,Federal Contract Tower,0,3,1,0,4,0,0,6,0,6,0,3,7,0,10,0,0,0,10
09/19/2016,GRI,NE,ACE,CE,Federal Contract Tower,4,9,8,0,21,0,0,17,0,17,4,9,25,0,38,10,0,10,48
09/20/2016,GRI,NE,ACE,CE,Federal Contract Tower,0,9,7,0,16,0,2,17,0,19,0,11,24,0,35,2,0,2,37
09/21/2016,GRI,NE,ACE,CE,Federal Contract Tower,0,13,11,0,24,0,0,10,3,13,0,13,21,3,37,22,2,24,61
09/22/2016,GRI,NE,ACE,CE,Federal Contract Tower,0,11,11,0,22,0,0,2,0,2,0,11,13,0,24,0,0,0,24
09/23/2016,GRI,NE,ACE,CE,Federal Contract Tower,4,9,5,0,18,0,0,5,0,5,4,9,10,0,23,2,0,2,25
09/24/2016,GRI,NE,ACE,CE,Federal Contract Tower,0,6,5,2,13,0,0,2,0,2,0,6,7,2,15,0,0,0,15
09/25/2016,GRI,NE,ACE,CE,Federal Contract Tower,0,3,5,0,8,0,2,12,2,16,0,5,17,2,24,0,0,0,24
09/26/2016,GRI,NE,ACE,CE,Federal Contract Tower,3,7,8,0,18,0,0,19,0,19,3,7,27,0,37,12,0,12,49
09/27/2016,GRI,NE,ACE,CE,Federal Contract Tower,0,11,9,0,20,0,0,3,4,7,0,11,12,4,27,2,0,2,29
09/28/2016,GRI,NE,ACE,CE,Federal Contract Tower,0,9,8,0,17,0,0,21,3,24,0,9,29,3,41,18,0,18,59
09/29/2016,GRI,NE,ACE,CE,Federal Contract Tower,2,11,10,0,23,0,0,6,0,6,2,11,16,0,29,4,0,4,33
09/30/2016,GRI,NE,ACE,CE,Federal Contract Tower,4,11,16,4,35,0,0,20,0,20,4,11,36,4,55,4,0,4,59
10/01/2016,GRI,NE,ACE,CE,Federal Contract Tower,0,5,3,0,8,0,1,9,0,10,0,6,12,0,18,4,0,4,22
10/02/2016,GRI,NE,ACE,CE,Federal Contract Tower,2,3,8,0,13,0,0,2,0,2,2,3,10,0,15,0,0,0,15
10/03/2016,GRI,NE,ACE,CE,Federal Contract Tower,4,6,7,0,17,0,0,7,0,7,4,6,14,0,24,0,0,0,24
10/04/2016,GRI,NE,ACE,CE,Federal Contract Tower,0,8,3,0,11,0,0,2,0,2,0,8,5,0,13,0,0,0,13
10/05/2016,GRI,NE,ACE,CE,Federal Contract Tower,0,9,12,0,21,0,0,4,0,4,0,9,16,0,25,0,0,0,25
10/06/2016,GRI,NE,ACE,CE,Federal Contract Tower,0,9,10,1,20,0,0,8,6,14,0,9,18,7,34,10,0,10,44
10/07/2016,GRI,NE,ACE,CE,Federal Contract Tower,3,10,11,1,25,0,1,12,0,13,3,11,23,1,38,14,0,14,52
10/08/2016,GRI,NE,ACE,CE,Federal Contract Tower,0,5,4,0,9,0,0,10,1,11,0,5,14,1,20,4,0,4,24
10/09/2016,GRI,NE,ACE,CE,Federal Contract Tower,0,5,3,0,8,0,0,19,0,19,0,5,22,0,27,6,0,6,33
10/10/2016,GRI,NE,ACE,CE,Federal Contract Tower,4,15,15,0,34,0,0,6,0,6,4,15,21,0,40,0,0,0,40
10/11/2016,GRI,NE,ACE,CE,Federal Contract Tower,0,9,8,0,17,0,6,1,0,7,0,15,9,0,24,0,2,2,26
10/12/2016,GRI,NE,ACE,CE,Federal Contract Tower,0,12,7,0,19,0,2,1,8,11,0,14,8,8,30,0,0,0,30
10/13/2016,GRI,NE,ACE,CE,Federal Contract Tower,0,9,6,2,17,0,0,9,0,9,0,9,15,2,26,4,0,4,30
10/14/2016,GRI,NE,ACE,CE,Federal Contract Tower,4,10,5,0,19,0,0,6,0,6,4,10,11,0,25,8,0,8,33
10/15/2016,GRI,NE,ACE,CE,Federal Contract Tower,0,5,5,0,10,0,0,7,2,9,0,5,12,2,19,0,0,0,19
10/16/2016,GRI,NE,ACE,CE,Federal Contract Tower,0,3,5,0,8,0,0,3,0,3,0,3,8,0,11,0,0,0,11
10/17/2016,GRI,NE,ACE,CE,Federal Contract Tower,4,9,6,0,19,0,0,7,0,7,4,9,13,0,26,10,0,10,36
10/18/2016,GRI,NE,ACE,CE,Federal Contract Tower,0,10,7,0,17,0,1,13,0,14,0,11,20,0,31,24,0,24,55
10/19/2016,GRI,NE,ACE,CE,Federal Contract Tower,0,12,20,3,35,0,0,29,1,30,0,12,49,4,65,0,8,8,73
10/20/2016,GRI,NE,ACE,CE,Federal Contract Tower,0,13,10,2,25,0,0,14,3,17,0,13,24,5,42,14,10,24,66
10/21/2016,GRI,NE,ACE,CE,Federal Contract Tower,4,8,7,0,19,0,0,32,15,47,4,8,39,15,66,2,4,6,72
10/22/2016,GRI,NE,ACE,CE,Federal Contract Tower,0,5,0,0,5,0,0,9,11,20,0,5,9,11,25,18,12,30,55
10/23/2016,GRI,NE,ACE,CE,Federal Contract Tower,0,3,9,0,12,0,0,10,2,12,0,3,19,2,24,2,0,2,26
10/24/2016,GRI,NE,ACE,CE,Federal Contract Tower,4,6,2,4,16,0,0,8,2,10,4,6,10,6,26,0,10,10,36
10/25/2016,GRI,NE,ACE,CE,Federal Contract Tower,0,11,7,2,20,0,0,16,1,17,0,11,23,3,37,30,0,30,67
10/26/2016,GRI,NE,ACE,CE,Federal Contract Tower,0,14,12,4,30,0,2,11,2,15,0,16,23,6,45,28,0,28,73
10/27/2016,GRI,NE,ACE,CE,Federal Contract Tower,0,11,9,2,22,0,0,12,6,18,0,11,21,8,40,8,0,8,48
10/28/2016,GRI,NE,ACE,CE,Federal Contract Tower,4,10,6,0,20,0,2,19,0,21,4,12,25,0,41,36,0,36,77
10/29/2016,GRI,NE,ACE,CE,Federal Contract Tower,0,5,3,0,8,0,2,16,1,19,0,7,19,1,27,18,0,18,45
10/30/2016,GRI,NE,ACE,CE,Federal Contract Tower,0,3,2,0,5,0,0,6,0,6,0,3,8,0,11,0,0,0,11
10/31/2016,GRI,NE,ACE,CE,Federal Contract Tower,4,6,8,0,18,0,0,2,0,2,4,6,10,0,20,4,0,4,24
11/01/2016,GRI,NE,ACE,CE,Federal Contract Tower,0,11,9,0,20,0,0,5,0,5,0,11,14,0,25,12,0,12,37
11/02/2016,GRI,NE,ACE,CE,Federal Contract Tower,0,10,15,1,26,0,0,20,2,22,0,10,35,3,48,26,6,32,80
11/03/2016,GRI,NE,ACE,CE,Federal Contract Tower,0,11,7,0,18,0,1,19,7,27,0,12,26,7,45,42,0,42,87
11/04/2016,GRI,NE,ACE,CE,Federal Contract Tower,3,7,8,1,19,0,2,22,14,38,3,9,30,15,57,32,4,36,93
11/05/2016,GRI,NE,ACE,CE,Federal Contract Tower,0,8,5,2,15,0,0,20,9,29,0,8,25,11,44,12,16,28,72
11/06/2016,GRI,NE,ACE,CE,Federal Contract Tower,0,3,8,2,13,0,0,3,4,7,0,3,11,6,20,0,2,2,22
11/07/2016,GRI,NE,ACE,CE,Federal Contract Tower,2,5,2,2,11,0,0,0,0,0,2,5,2,2,11,0,0,0,11
11/08/2016,GRI,NE,ACE,CE,Federal Contract Tower,0,9,2,2,13,0,0,21,2,23,0,9,23,4,36,16,0,16,52
11/09/2016,GRI,NE,ACE,CE,Federal Contract Tower,0,9,10,0,19,0,2,8,0,10,0,11,18,0,29,16,0,16,45
11/10/2016,GRI,NE,ACE,CE,Federal Contract Tower,0,9,4,0,13,0,0,12,8,20,0,9,16,8,33,16,8,24,57
11/11/2016,GRI,NE,ACE,CE,Federal Contract Tower,4,8,2,0,14,0,0,9,0,9,4,8,11,0,23,10,0,10,33
11/12/2016,GRI,NE,ACE,CE,Federal Contract Tower,0,7,6,0,13,0,3,7,0,10,0,10,13,0,23,14,0,14,37
11/13/2016,GRI,NE,ACE,CE,Federal Contract Tower,0,3,5,0,8,0,0,5,0,5,0,3,10,0,13,0,0,0,13
11/14/2016,GRI,NE,ACE,CE,Federal Contract Tower,4,6,11,0,21,0,0,15,1,16,4,6,26,1,37,18,8,26,63
11/16/2016,GRI,NE,ACE,CE,Federal Contract Tower,0,15,8,0,23,0,2,14,6,22,0,17,22,6,45,4,10,14,59
11/17/2016,GRI,NE,ACE,CE,Federal Contract Tower,2,9,9,3,23,0,0,9,9,18,2,9,18,12,41,0,16,16,57
11/18/2016,GRI,NE,ACE,CE,Federal Contract Tower,2,8,7,0,17,0,0,0,0,0,2,8,7,0,17,0,0,0,17
11/19/2016,GRI,NE,ACE,CE,Federal Contract Tower,2,5,5,4,16,0,2,5,1,8,2,7,10,5,24,6,18,24,48
11/20/2016,GRI,NE,ACE,CE,Federal Contract Tower,4,3,4,0,11,0,0,21,0,21,4,3,25,0,32,4,0,4,36
11/21/2016,GRI,NE,ACE,CE,Federal Contract Tower,0,8,7,0,15,0,0,12,0,12,0,8,19,0,27,0,0,0,27
11/22/2016,GRI,NE,ACE,CE,Federal Contract Tower,1,9,5,0,15,0,0,0,0,0,1,9,5,0,15,0,0,0,15
11/23/2016,GRI,NE,ACE,CE,Federal Contract Tower,2,12,13,0,27,0,2,3,0,5,2,14,16,0,32,0,0,0,32
11/24/2016,GRI,NE,ACE,CE,Federal Contract Tower,2,3,1,0,6,0,0,0,0,0,2,3,1,0,6,0,0,0,6
11/25/2016,GRI,NE,ACE,CE,Federal Contract Tower,2,7,2,0,11,0,1,9,0,10,2,8,11,0,21,2,0,2,23
11/26/2016,GRI,NE,ACE,CE,Federal Contract Tower,4,7,6,0,17,0,0,8,0,8,4,7,14,0,25,2,0,2,27
11/27/2016,GRI,NE,ACE,CE,Federal Contract Tower,4,3,4,0,11,0,0,0,0,0,4,3,4,0,11,0,0,0,11
11/28/2016,GRI,NE,ACE,CE,Federal Contract Tower,0,6,10,1,17,0,0,9,3,12,0,6,19,4,29,4,0,4,33
11/29/2016,GRI,NE,ACE,CE,Federal Contract Tower,0,11,8,0,19,0,0,5,4,9,0,11,13,4,28,0,0,0,28
11/30/2016,GRI,NE,ACE,CE,Federal Contract Tower,2,13,11,0,26,0,2,0,11,13,2,15,11,11,39,0,20,20,59
12/01/2016,GRI,NE,ACE,CE,Federal Contract Tower,2,13,7,0,22,0,0,9,5,14,2,13,16,5,36,0,12,12,48
12/02/2016,GRI,NE,ACE,CE,Federal Contract Tower,4,10,7,2,23,0,0,31,6,37,4,10,38,8,60,32,10,42,102
12/03/2016,GRI,NE,ACE,CE,Federal Contract Tower,2,6,5,0,13,0,0,7,0,7,2,6,12,0,20,2,0,2,22
12/04/2016,GRI,NE,ACE,CE,Federal Contract Tower,1,3,7,0,11,0,0,8,1,9,1,3,15,1,20,12,0,12,32
12/05/2016,GRI,NE,ACE,CE,Federal Contract Tower,4,6,4,0,14,0,2,12,0,14,4,8,16,0,28,0,0,0,28
12/06/2016,GRI,NE,ACE,CE,Federal Contract Tower,0,9,14,0,23,0,2,7,0,9,0,11,21,0,32,8,0,8,40
12/07/2016,GRI,NE,ACE,CE,Federal Contract Tower,2,13,10,1,26,0,0,3,9,12,2,13,13,10,38,6,0,6,44
12/08/2016,GRI,NE,ACE,CE,Federal Contract Tower,2,15,12,0,29,0,2,7,7,16,2,17,19,7,45,0,22,22,67
12/09/2016,GRI,NE,ACE,CE,Federal Contract Tower,2,10,8,0,20,0,0,16,9,25,2,10,24,9,45,18,4,22,67
12/10/2016,GRI,NE,ACE,CE,Federal Contract Tower,2,4,4,0,10,0,2,3,0,5,2,6,7,0,15,0,0,0,15
12/11/2016,GRI,NE,ACE,CE,Federal Contract Tower,2,3,4,2,11,0,0,2,0,2,2,3,6,2,13,0,0,0,13
12/12/2016,GRI,NE,ACE,CE,Federal Contract Tower,4,7,5,0,16,0,0,2,0,2,4,7,7,0,18,6,0,6,24
12/13/2016,GRI,NE,ACE,CE,Federal Contract Tower,0,13,6,0,19,0,0,7,5,12,0,13,13,5,31,12,4,16,47
12/14/2016,GRI,NE,ACE,CE,Federal Contract Tower,0,9,12,1,22,0,4,7,9,20,0,13,19,10,42,22,6,28,70
12/15/2016,GRI,NE,ACE,CE,Federal Contract Tower,2,11,16,1,30,0,4,14,14,32,2,15,30,15,62,10,22,32,94
12/16/2016,GRI,NE,ACE,CE,Federal Contract Tower,2,10,9,0,21,0,0,0,0,0,2,10,9,0,21,0,0,0,21
12/17/2016,GRI,NE,ACE,CE,Federal Contract Tower,4,9,3,0,16,0,0,0,0,0,4,9,3,0,16,0,0,0,16
12/18/2016,GRI,NE,ACE,CE,Federal Contract Tower,2,5,5,0,12,0,0,0,0,0,2,5,5,0,12,0,0,0,12
12/19/2016,GRI,NE,ACE,CE,Federal Contract Tower,2,9,3,2,16,0,0,6,0,6,2,9,9,2,22,6,0,6,28
12/20/2016,GRI,NE,ACE,CE,Federal Contract Tower,2,12,7,0,21,0,1,19,4,24,2,13,26,4,45,0,0,0,45
12/21/2016,GRI,NE,ACE,CE,Federal Contract Tower,2,12,10,2,26,0,0,8,5,13,2,12,18,7,39,0,0,0,39
12/22/2016,GRI,NE,ACE,CE,Federal Contract Tower,2,9,4,0,15,0,0,5,15,20,2,9,9,15,35,8,28,36,71
12/23/2016,GRI,NE,ACE,CE,Federal Contract Tower,4,12,0,0,16,0,0,9,3,12,4,12,9,3,28,0,14,14,42
12/24/2016,GRI,NE,ACE,CE,Federal Contract Tower,0,6,7,0,13,0,0,3,0,3,0,6,10,0,16,0,0,0,16
12/25/2016,GRI,NE,ACE,CE,Federal Contract Tower,2,1,0,0,3,0,0,0,0,0,2,1,0,0,3,0,0,0,3
12/26/2016,GRI,NE,ACE,CE,Federal Contract Tower,4,2,10,0,16,0,0,1,0,1,4,2,11,0,17,4,0,4,21
12/27/2016,GRI,NE,ACE,CE,Federal Contract Tower,2,8,12,0,22,0,0,14,2,16,2,8,26,2,38,4,8,12,50
12/28/2016,GRI,NE,ACE,CE,Federal Contract Tower,2,10,1,0,13,0,0,8,0,8,2,10,9,0,21,0,0,0,21
12/29/2016,GRI,NE,ACE,CE,Federal Contract Tower,2,9,9,1,21,0,0,5,6,11,2,9,14,7,32,0,0,0,32
12/30/2016,GRI,NE,ACE,CE,Federal Contract Tower,2,10,2,0,14,0,0,13,0,13,2,10,15,0,27,20,0,20,47
12/31/2016,GRI,NE,ACE,CE,Federal Contract Tower,2,6,7,0,15,0,0,7,0,7,2,6,14,0,22,8,0,8,30
01/01/2017,GRI,NE,ACE,CE,Federal Contract Tower,1,3,8,0,12,0,0,3,0,3,1,3,11,0,15,6,0,6,21
01/02/2017,GRI,NE,ACE,CE,Federal Contract Tower,2,5,2,0,9,0,0,0,0,0,2,5,2,0,9,0,0,0,9
01/03/2017,GRI,NE,ACE,CE,Federal Contract Tower,2,7,7,0,16,0,0,9,0,9,2,7,16,0,25,0,0,0,25
01/04/2017,GRI,NE,ACE,CE,Federal Contract Tower,0,12,7,0,19,0,0,3,0,3,0,12,10,0,22,0,0,0,22
01/05/2017,GRI,NE,ACE,CE,Federal Contract Tower,2,12,8,0,22,0,0,5,9,14,2,12,13,9,36,2,18,20,56
01/06/2017,GRI,NE,ACE,CE,Federal Contract Tower,2,6,11,0,19,0,0,10,5,15,2,6,21,5,34,0,0,0,34
01/07/2017,GRI,NE,ACE,CE,Federal Contract Tower,0,9,3,0,12,0,0,0,0,0,0,9,3,0,12,14,0,14,26
01/08/2017,GRI,NE,ACE,CE,Federal Contract Tower,2,3,4,0,9,0,0,6,2,8,2,3,10,2,17,0,0,0,17
01/09/2017,GRI,NE,ACE,CE,Federal Contract Tower,1,3,8,0,12,0,0,4,2,6,1,3,12,2,18,4,0,4,22
01/10/2017,GRI,NE,ACE,CE,Federal Contract Tower,2,8,7,0,17,0,0,4,3,7,2,8,11,3,24,10,0,10,34
01/11/2017,GRI,NE,ACE,CE,Federal Contract Tower,0,8,7,0,15,0,0,2,6,8,0,8,9,6,23,0,26,26,49
01/12/2017,GRI,NE,ACE,CE,Federal Contract Tower,2,8,8,0,18,0,0,9,14,23,2,8,17,14,41,0,8,8,49
01/13/2017,GRI,NE,ACE,CE,Federal Contract Tower,3,9,1,0,13,0,0,6,1,7,3,9,7,1,20,10,0,10,30
01/14/2017,GRI,NE,ACE,CE,Federal Contract Tower,0,5,6,0,11,0,0,7,0,7,0,5,13,0,18,2,0,2,20
01/15/2017,GRI,NE,ACE,CE,Federal Contract Tower,2,2,1,0,5,0,0,0,0,0,2,2,1,0,5,0,0,0,5
01/17/2017,GRI,NE,ACE,CE,Federal Contract Tower,2,8,0,2,12,0,0,2,7,9,2,8,2,9,21,0,18,18,39
01/18/2017,GRI,NE,ACE,CE,Federal Contract Tower,0,12,13,5,30,0,1,10,8,19,0,13,23,13,49,2,20,22,71
01/19/2017,GRI,NE,ACE,CE,Federal Contract Tower,2,8,5,0,15,0,0,0,0,0,2,8,5,0,15,0,0,0,15
01/20/2017,GRI,NE,ACE,CE,Federal Contract Tower,1,5,4,0,10,0,0,0,0,0,1,5,4,0,10,0,0,0,10
01/21/2017,GRI,NE,ACE,CE,Federal Contract Tower,0,5,1,4,10,0,1,13,9,23,0,6,14,13,33,12,20,32,65
01/22/2017,GRI,NE,ACE,CE,Federal Contract Tower,2,2,2,0,6,0,0,7,19,26,2,2,9,19,32,14,16,30,62
01/23/2017,GRI,NE,ACE,CE,Federal Contract Tower,4,5,5,0,14,0,0,0,0,0,4,5,5,0,14,0,0,0,14
01/25/2017,GRI,NE,ACE,CE,Federal Contract Tower,0,8,6,0,14,0,0,5,5,10,0,8,11,5,24,6,2,8,32
01/26/2017,GRI,NE,ACE,CE,Federal Contract Tower,4,12,18,4,38,0,0,12,11,23,4,12,30,15,61,16,24,40,101
01/27/2017,GRI,NE,ACE,CE,Federal Contract Tower,2,7,5,0,14,0,0,12,4,16,2,7,17,4,30,16,0,16,46
01/28/2017,GRI,NE,ACE,CE,Federal Contract Tower,0,5,7,0,12,0,0,14,0,14,0,5,21,0,26,38,0,38,64
01/29/2017,GRI,NE,ACE,CE,Federal Contract Tower,2,2,1,0,5,0,0,2,0,2,2,2,3,0,7,4,0,4,11
01/30/2017,GRI,NE,ACE,CE,Federal Contract Tower,4,5,6,0,15,0,0,6,2,8,4,5,12,2,23,6,0,6,29
01/31/2017,GRI,NE,ACE,CE,Federal Contract Tower,0,8,13,0,21,0,0,16,3,19,0,8,29,3,40,2,0,2,42
02/01/2017,GRI,NE,ACE,CE,Federal Contract Tower,0,12,1,1,14,0,0,10,6,16,0,12,11,7,30,32,0,32,62
02/02/2017,GRI,NE,ACE,CE,Federal Contract Tower,2,16,4,1,23,0,0,10,6,16,2,16,14,7,39,0,12,12,51
02/03/2017,GRI,NE,ACE,CE,Federal Contract Tower,2,7,9,2,20,0,0,11,0,11,2,7,20,2,31,42,0,42,73
02/04/2017,GRI,NE,ACE,CE,Federal Contract Tower,0,6,10,0,16,0,0,10,8,18,0,6,20,8,34,18,0,18,52
02/05/2017,GRI,NE,ACE,CE,Federal Contract Tower,2,2,1,0,5,0,0,13,0,13,2,2,14,0,18,16,0,16,34
02/06/2017,GRI,NE,ACE,CE,Federal Contract Tower,2,7,14,0,23,0,0,7,0,7,2,7,21,0,30,4,0,4,34
02/07/2017,GRI,NE,ACE,CE,Federal Contract Tower,0,10,6,0,16,0,0,6,2,8,0,10,12,2,24,0,12,12,36
02/08/2017,GRI,NE,ACE,CE,Federal Contract Tower,2,6,5,1,14,0,0,5,5,10,2,6,10,6,24,46,4,50,74
02/09/2017,GRI,NE,ACE,CE,Federal Contract Tower,2,11,14,1,28,0,1,2,5,8,2,12,16,6,36,12,8,20,56
02/10/2017,GRI,NE,ACE,CE,Federal Contract Tower,2,8,5,0,15,0,0,21,2,23,2,8,26,2,38,14,0,14,52
02/11/2017,GRI,NE,ACE,CE,Federal Contract Tower,0,6,7,0,13,0,0,64,0,64,0,6,71,0,77,42,0,42,119
02/12/2017,GRI,NE,ACE,CE,Federal Contract Tower,2,4,7,1,14,0,0,2,0,2,2,4,9,1,16,14,0,14,30
02/13/2017,GRI,NE,ACE,CE,Federal Contract Tower,2,6,2,0,10,0,0,14,0,14,2,6,16,0,24,0,0,0,24
02/14/2017,GRI,NE,ACE,CE,Federal Contract Tower,0,12,4,1,17,0,0,12,3,15,0,12,16,4,32,6,0,6,38
02/15/2017,GRI,NE,ACE,CE,Federal Contract Tower,2,10,4,1,17,0,0,22,8,30,2,10,26,9,47,22,0,22,69
02/16/2017,GRI,NE,ACE,CE,Federal Contract Tower,2,8,6,2,18,0,0,15,2,17,2,8,21,4,35,16,0,16,51
02/17/2017,GRI,NE,ACE,CE,Federal Contract Tower,4,8,2,0,14,0,2,13,2,17,4,10,15,2,31,26,0,26,57
02/18/2017,GRI,NE,ACE,CE,Federal Contract Tower,0,5,5,0,10,0,1,16,0,17,0,6,21,0,27,6,0,6,33
02/19/2017,GRI,NE,ACE,CE,Federal Contract Tower,2,3,10,0,15,0,0,8,0,8,2,3,18,0,23,0,0,0,23
02/20/2017,GRI,NE,ACE,CE,Federal Contract Tower,2,8,16,0,26,0,1,4,0,5,2,9,20,0,31,24,0,24,55
02/21/2017,GRI,NE,ACE,CE,Federal Contract Tower,2,6,11,4,23,0,0,3,2,5,2,6,14,6,28,0,4,4,32
02/22/2017,GRI,NE,ACE,CE,Federal Contract Tower,3,7,7,1,18,0,1,12,5,18,3,8,19,6,36,10,0,10,46
02/23/2017,GRI,NE,ACE,CE,Federal Contract Tower,6,5,6,0,17,0,0,0,0,0,6,5,6,0,17,0,0,0,17
02/24/2017,GRI,NE,ACE,CE,Federal Contract Tower,5,3,2,0,10,0,0,0,0,0,5,3,2,0,10,0,0,0,10
02/25/2017,GRI,NE,ACE,CE,Federal Contract Tower,1,5,8,0,14,0,0,12,0,12,1,5,20,0,26,12,0,12,38
02/26/2017,GRI,NE,ACE,CE,Federal Contract Tower,4,3,4,0,11,0,0,8,0,8,4,3,12,0,19,12,0,12,31
02/27/2017,GRI,NE,ACE,CE,Federal Contract Tower,6,5,6,0,17,0,0,7,1,8,6,5,13,1,25,6,0,6,31
02/28/2017,GRI,NE,ACE,CE,Federal Contract Tower,2,6,8,0,16,0,11,2,2,15,2,17,10,2,31,0,10,10,41
03/01/2017,GRI,NE,ACE,CE,Federal Contract Tower,4,10,5,0,19,0,4,11,4,19,4,14,16,4,38,2,0,2,40
03/02/2017,GRI,NE,ACE,CE,Federal Contract Tower,4,6,11,0,21,0,14,9,6,29,4,20,20,6,50,0,6,6,56
03/03/2017,GRI,NE,ACE,CE,Federal Contract Tower,4,6,4,0,14,0,0,12,5,17,4,6,16,5,31,0,10,10,41
03/04/2017,GRI,NE,ACE,CE,Federal Contract Tower,0,4,5,0,9,0,0,30,10,40,0,4,35,10,49,66,10,76,125
03/05/2017,GRI,NE,ACE,CE,Federal Contract Tower,4,0,5,0,9,0,0,6,0,6,4,0,11,0,15,12,0,12,27
03/06/2017,GRI,NE,ACE,CE,Federal Contract Tower,2,2,13,0,17,0,0,0,0,0,2,2,13,0,17,0,0,0,17
03/07/2017,GRI,NE,ACE,CE,Federal Contract Tower,2,6,13,0,21,0,0,2,0,2,2,6,15,0,23,0,0,0,23
03/08/2017,GRI,NE,ACE,CE,Federal Contract Tower,4,6,5,2,17,0,0,25,9,34,4,6,30,11,51,16,12,28,79
03/09/2017,GRI,NE,ACE,CE,Federal Contract Tower,4,8,7,3,22,0,2,11,11,24,4,10,18,14,46,0,6,6,52
03/10/2017,GRI,NE,ACE,CE,Federal Contract Tower,5,7,5,0,17,0,0,5,2,7,5,7,10,2,24,8,6,14,38
03/11/2017,GRI,NE,ACE,CE,Federal Contract Tower,0,5,3,0,8,0,0,3,0,3,0,5,6,0,11,4,0,4,15
03/12/2017,GRI,NE,ACE,CE,Federal Contract Tower,4,2,3,0,9,0,0,4,2,6,4,2,7,2,15,0,12,12,27
03/13/2017,GRI,NE,ACE,CE,Federal Contract Tower,2,4,0,0,6,0,2,5,1,8,2,6,5,1,14,18,0,18,32
03/14/2017,GRI,NE,ACE,CE,Federal Contract Tower,2,6,7,0,15,0,0,3,1,4,2,6,10,1,19,0,0,0,19
03/15/2017,GRI,NE,ACE,CE,Federal Contract Tower,4,9,5,2,20,0,0,16,12,28,4,9,21,14,48,0,4,4,52
03/16/2017,GRI,NE,ACE,CE,Federal Contract Tower,4,6,12,0,22,0,2,12,8,22,4,8,24,8,44,8,0,8,52
03/17/2017,GRI,NE,ACE,CE,Federal Contract Tower,4,9,7,0,20,0,0,19,0,19,4,9,26,0,39,2,0,2,41
03/18/2017,GRI,NE,ACE,CE,Federal Contract Tower,0,6,4,0,10,0,0,22,0,22,0,6,26,0,32,28,0,28,60
03/19/2017,GRI,NE,ACE,CE,Federal Contract Tower,4,1,2,1,8,0,0,10,0,10,4,1,12,1,18,18,0,18,36
03/20/2017,GRI,NE,ACE,CE,Federal Contract Tower,4,4,9,0,17,0,0,7,0,7,4,4,16,0,24,0,0,0,24
03/21/2017,GRI,NE,ACE,CE,Federal Contract Tower,2,9,2,2,15,0,0,6,4,10,2,9,8,6,25,0,8,8,33
03/22/2017,GRI,NE,ACE,CE,Federal Contract Tower,4,9,11,0,24,0,0,7,2,9,4,9,18,2,33,6,0,6,39
03/23/2017,GRI,NE,ACE,CE,Federal Contract Tower,4,6,15,1,26,0,0,1,1,2,4,6,16,2,28,0,0,0,28
03/24/2017,GRI,NE,ACE,CE,Federal Contract Tower,3,5,5,0,13,0,0,0,0,0,3,5,5,0,13,0,0,0,13
03/25/2017,GRI,NE,ACE,CE,Federal Contract Tower,0,5,9,0,14,0,0,0,0,0,0,5,9,0,14,0,0,0,14
03/26/2017,GRI,NE,ACE,CE,Federal Contract Tower,4,0,2,1,7,0,0,0,0,0,4,0,2,1,7,0,0,0,7
03/27/2017,GRI,NE,ACE,CE,Federal Contract Tower,4,4,8,0,16,0,0,4,0,4,4,4,12,0,20,20,0,20,40
03/28/2017,GRI,NE,ACE,CE,Federal Contract Tower,2,10,8,0,20,0,0,4,0,4,2,10,12,0,24,0,0,0,24
03/29/2017,GRI,NE,ACE,CE,Federal Contract Tower,4,6,5,0,15,0,0,0,0,0,4,6,5,0,15,0,0,0,15
03/30/2017,GRI,NE,ACE,CE,Federal Contract Tower,4,8,13,2,27,0,0,0,2,2,4,8,13,4,29,0,2,2,31
03/31/2017,GRI,NE,ACE,CE,Federal Contract Tower,3,5,9,1,18,0,0,3,4,7,3,5,12,5,25,0,0,0,25
04/01/2017,GRI,NE,ACE,CE,Federal Contract Tower,0,5,1,0,6,0,0,2,0,2,0,5,3,0,8,0,0,0,8
04/02/2017,GRI,NE,ACE,CE,Federal Contract Tower,4,0,6,0,10,0,0,12,0,12,4,0,18,0,22,8,0,8,30
04/03/2017,GRI,NE,ACE,CE,Federal Contract Tower,7,3,4,0,14,0,0,1,0,1,7,3,5,0,15,0,0,0,15
04/04/2017,GRI,NE,ACE,CE,Federal Contract Tower,2,6,10,0,18,0,0,9,2,11,2,6,19,2,29,0,0,0,29
04/05/2017,GRI,NE,ACE,CE,Federal Contract Tower,2,9,10,0,21,0,2,9,7,18,2,11,19,7,39,6,0,6,45
04/06/2017,GRI,NE,ACE,CE,Federal Contract Tower,6,7,13,0,26,0,0,22,5,27,6,7,35,5,53,26,2,28,81
04/07/2017,GRI,NE,ACE,CE,Federal Contract Tower,4,5,10,0,19,0,3,7,3,13,4,8,17,3,32,6,6,12,44
04/08/2017,GRI,NE,ACE,CE,Federal Contract Tower,0,5,4,0,9,0,0,12,2,14,0,5,16,2,23,18,0,18,41
04/09/2017,GRI,NE,ACE,CE,Federal Contract Tower,4,0,2,0,6,0,0,5,0,5,4,0,7,0,11,0,0,0,11
04/10/2017,GRI,NE,ACE,CE,Federal Contract Tower,4,3,2,0,9,0,0,3,0,3,4,3,5,0,12,0,0,0,12
04/11/2017,GRI,NE,ACE,CE,Federal Contract Tower,3,6,9,0,18,0,0,22,4,26,3,6,31,4,44,20,10,30,74
04/12/2017,GRI,NE,ACE,CE,Federal Contract Tower,4,5,6,0,15,0,1,5,3,9,4,6,11,3,24,0,0,0,24
04/13/2017,GRI,NE,ACE,CE,Federal Contract Tower,4,8,7,2,21,0,0,2,5,7,4,8,9,7,28,0,0,0,28
04/14/2017,GRI,NE,ACE,CE,Federal Contract Tower,4,5,4,0,13,0,0,1,2,3,4,5,5,2,16,0,0,0,16
04/15/2017,GRI,NE,ACE,CE,Federal Contract Tower,0,5,6,0,11,0,0,1,0,1,0,5,7,0,12,0,0,0,12
04/16/2017,GRI,NE,ACE,CE,Federal Contract Tower,4,0,0,0,4,0,0,12,0,12,4,0,12,0,16,0,0,0,16
04/17/2017,GRI,NE,ACE,CE,Federal Contract Tower,4,3,11,0,18,0,0,8,0,8,4,3,19,0,26,14,0,14,40
04/18/2017,GRI,NE,ACE,CE,Federal Contract Tower,4,7,3,0,14,0,0,8,4,12,4,7,11,4,26,10,0,10,36
04/19/2017,GRI,NE,ACE,CE,Federal Contract Tower,6,8,7,0,21,0,0,2,9,11,6,8,9,9,32,0,26,26,58
04/20/2017,GRI,NE,ACE,CE,Federal Contract Tower,4,7,11,0,22,0,2,15,6,23,4,9,26,6,45,18,6,24,69
04/21/2017,GRI,NE,ACE,CE,Federal Contract Tower,4,7,6,0,17,0,1,11,2,14,4,8,17,2,31,0,0,0,31
04/22/2017,GRI,NE,ACE,CE,Federal Contract Tower,0,8,11,0,19,0,0,17,0,17,0,8,28,0,36,38,0,38,74
04/23/2017,GRI,NE,ACE,CE,Federal Contract Tower,3,0,4,1,8,0,0,3,0,3,3,0,7,1,11,2,0,2,13
04/24/2017,GRI,NE,ACE,CE,Federal Contract Tower,4,3,6,0,13,0,2,9,0,11,4,5,15,0,24,6,0,6,30
04/25/2017,GRI,NE,ACE,CE,Federal Contract Tower,2,6,13,0,21,0,0,0,0,0,2,6,13,0,21,0,0,0,21
04/26/2017,GRI,NE,ACE,CE,Federal Contract Tower,2,12,7,0,21,0,0,15,3,18,2,12,22,3,39,0,0,0,39
04/27/2017,GRI,NE,ACE,CE,Federal Contract Tower,4,6,5,2,17,0,0,12,8,20,4,6,17,10,37,34,6,40,77
04/28/2017,GRI,NE,ACE,CE,Federal Contract Tower,2,10,4,0,16,0,0,0,0,0,2,10,4,0,16,0,0,0,16
04/29/2017,GRI,NE,ACE,CE,Federal Contract Tower,0,6,6,0,12,0,0,0,0,0,0,6,6,0,12,0,0,0,12
04/30/2017,GRI,NE,ACE,CE,Federal Contract Tower,1,2,3,0,6,0,0,0,0,0,1,2,3,0,6,0,0,0,6
05/01/2017,GRI,NE,ACE,CE,Federal Contract Tower,5,3,7,0,15,0,0,0,0,0,5,3,7,0,15,0,0,0,15
05/02/2017,GRI,NE,ACE,CE,Federal Contract Tower,4,6,4,0,14,0,0,37,1,38,4,6,41,1,52,24,0,24,76
05/03/2017,GRI,NE,ACE,CE,Federal Contract Tower,2,8,8,0,18,0,0,0,0,0,2,8,8,0,18,0,0,0,18
05/04/2017,GRI,NE,ACE,CE,Federal Contract Tower,4,6,10,0,20,0,2,19,22,43,4,8,29,22,63,20,2,22,85
05/05/2017,GRI,NE,ACE,CE,Federal Contract Tower,4,5,10,0,19,0,1,17,6,24,4,6,27,6,43,4,0,4,47
05/06/2017,GRI,NE,ACE,CE,Federal Contract Tower,0,4,3,0,7,0,0,6,0,6,0,4,9,0,13,0,0,0,13
05/07/2017,GRI,NE,ACE,CE,Federal Contract Tower,4,4,2,0,10,0,0,3,4,7,4,4,5,4,17,0,0,0,17
05/08/2017,GRI,NE,ACE,CE,Federal Contract Tower,4,3,2,0,9,0,0,10,0,10,4,3,12,0,19,2,0,2,21
05/09/2017,GRI,NE,ACE,CE,Federal Contract Tower,3,8,8,2,21,0,4,10,5,19,3,12,18,7,40,0,0,0,40
05/10/2017,GRI,NE,ACE,CE,Federal Contract Tower,2,8,2,2,14,0,0,0,0,0,2,8,2,2,14,0,0,0,14
05/11/2017,GRI,NE,ACE,CE,Federal Contract Tower,4,7,8,1,20,0,0,12,3,15,4,7,20,4,35,6,2,8,43
05/12/2017,GRI,NE,ACE,CE,Federal Contract Tower,4,6,12,2,24,0,1,21,9,31,4,7,33,11,55,10,0,10,65
05/13/2017,GRI,NE,ACE,CE,Federal Contract Tower,0,5,5,0,10,0,0,2,0,2,0,5,7,0,12,0,0,0,12
05/14/2017,GRI,NE,ACE,CE,Federal Contract Tower,4,0,7,0,11,0,0,7,7,14,4,0,14,7,25,0,4,4,29
05/15/2017,GRI,NE,ACE,CE,Federal Contract Tower,4,5,15,0,24,0,0,9,0,9,4,5,24,0,33,10,0,10,43
05/16/2017,GRI,NE,ACE,CE,Federal Contract Tower,2,5,11,0,18,0,0,13,5,18,2,5,24,5,36,0,0,0,36
05/17/2017,GRI,NE,ACE,CE,Federal Contract Tower,2,4,2,0,8,0,0,0,0,0,2,4,2,0,8,0,0,0,8
05/18/2017,GRI,NE,ACE,CE,Federal Contract Tower,5,8,15,3,31,0,0,2,0,2,5,8,17,3,33,0,0,0,33
05/19/2017,GRI,NE,ACE,CE,Federal Contract Tower,5,7,9,0,21,0,1,0,0,1,5,8,9,0,22,0,0,0,22
05/20/2017,GRI,NE,ACE,CE,Federal Contract Tower,2,6,6,0,14,0,0,0,0,0,2,6,6,0,14,0,0,0,14
05/21/2017,GRI,NE,ACE,CE,Federal Contract Tower,4,0,7,0,11,0,0,16,0,16,4,0,23,0,27,16,0,16,43
05/22/2017,GRI,NE,ACE,CE,Federal Contract Tower,4,3,9,0,16,0,0,9,0,9,4,3,18,0,25,0,0,0,25
05/23/2017,GRI,NE,ACE,CE,Federal Contract Tower,3,6,7,0,16,0,0,12,1,13,3,6,19,1,29,0,0,0,29
05/24/2017,GRI,NE,ACE,CE,Federal Contract Tower,4,6,17,2,29,0,0,18,9,27,4,6,35,11,56,10,10,20,76
05/25/2017,GRI,NE,ACE,CE,Federal Contract Tower,4,6,5,0,15,0,0,13,4,17,4,6,18,4,32,26,0,26,58
05/26/2017,GRI,NE,ACE,CE,Federal Contract Tower,4,8,12,0,24,0,0,12,0,12,4,8,24,0,36,2,0,2,38
05/27/2017,GRI,NE,ACE,CE,Federal Contract Tower,0,6,2,0,8,0,1,3,1,5,0,7,5,1,13,6,0,6,19
05/28/2017,GRI,NE,ACE,CE,Federal Contract Tower,6,0,3,0,9,0,0,6,0,6,6,0,9,0,15,0,0,0,15
05/29/2017,GRI,NE,ACE,CE,Federal Contract Tower,4,2,2,1,9,0,0,4,1,5,4,2,6,2,14,2,0,2,16
05/30/2017,GRI,NE,ACE,CE,Federal Contract Tower,2,5,6,0,13,0,0,12,9,21,2,5,18,9,34,0,0,0,34
05/31/2017,GRI,NE,ACE,CE,Federal Contract Tower,4,7,4,0,15,0,1,6,6,13,4,8,10,6,28,0,0,0,28
06/01/2017,GRI,NE,ACE,CE,Federal Contract Tower,4,5,5,2,16,0,1,12,3,16,4,6,17,5,32,4,0,4,36
06/02/2017,GRI,NE,ACE,CE,Federal Contract Tower,0,7,8,2,17,0,0,7,10,17,0,7,15,12,34,0,0,0,34
06/03/2017,GRI,NE,ACE,CE,Federal Contract Tower,0,4,3,0,7,0,1,9,3,13,0,5,12,3,20,0,0,0,20
06/04/2017,GRI,NE,ACE,CE,Federal Contract Tower,2,3,0,0,5,0,0,22,0,22,2,3,22,0,27,18,0,18,45
06/05/2017,GRI,NE,ACE,CE,Federal Contract Tower,2,5,9,0,16,0,0,10,0,10,2,5,19,0,26,0,0,0,26
06/06/2017,GRI,NE,ACE,CE,Federal Contract Tower,2,5,8,0,15,0,1,22,5,28,2,6,30,5,43,0,0,0,43
06/07/2017,GRI,NE,ACE,CE,Federal Contract Tower,2,8,5,1,16,0,0,4,9,13,2,8,9,10,29,0,6,6,35
06/08/2017,GRI,NE,ACE,CE,Federal Contract Tower,4,7,8,3,22,0,0,8,1,9,4,7,16,4,31,0,0,0,31
06/09/2017,GRI,NE,ACE,CE,Federal Contract Tower,4,6,13,3,26,0,5,14,3,22,4,11,27,6,48,4,4,8,56
06/10/2017,GRI,NE,ACE,CE,Federal Contract Tower,0,7,5,2,14,0,0,4,2,6,0,7,9,4,20,0,0,0,20
06/11/2017,GRI,NE,ACE,CE,Federal Contract Tower,4,2,8,0,14,0,2,7,0,9,4,4,15,0,23,0,0,0,23
06/12/2017,GRI,NE,ACE,CE,Federal Contract Tower,3,3,5,0,11,0,0,8,0,8,3,3,13,0,19,4,4,8,27
06/13/2017,GRI,NE,ACE,CE,Federal Contract Tower,2,4,10,1,17,0,0,10,0,10,2,4,20,1,27,4,4,8,35
06/14/2017,GRI,NE,ACE,CE,Federal Contract Tower,3,8,7,0,18,0,0,12,6,18,3,8,19,6,36,0,6,6,42
06/15/2017,GRI,NE,ACE,CE,Federal Contract Tower,4,7,4,0,15,0,0,11,3,14,4,7,15,3,29,12,0,12,41
06/16/2017,GRI,NE,ACE,CE,Federal Contract Tower,2,7,2,0,11,0,0,12,4,16,2,7,14,4,27,4,2,6,33
06/17/2017,GRI,NE,ACE,CE,Federal Contract Tower,2,5,3,1,11,0,0,4,0,4,2,5,7,1,15,0,0,0,15
06/18/2017,GRI,NE,ACE,CE,Federal Contract Tower,4,2,2,0,8,0,0,5,0,5,4,2,7,0,13,0,0,0,13
06/19/2017,GRI,NE,ACE,CE,Federal Contract Tower,5,3,7,0,15,0,0,20,0,20,5,3,27,0,35,30,0,30,65
06/20/2017,GRI,NE,ACE,CE,Federal Contract Tower,5,3,2,0,10,0,1,18,0,19,5,4,20,0,29,32,0,32,61
06/21/2017,GRI,NE,ACE,CE,Federal Contract Tower,2,6,9,0,17,0,0,18,2,20,2,6,27,2,37,16,0,16,53
06/22/2017,GRI,NE,ACE,CE,Federal Contract Tower,4,8,4,4,20,0,1,10,0,11,4,9,14,4,31,28,0,28,59
06/23/2017,GRI,NE,ACE,CE,Federal Contract Tower,2,5,3,3,13,0,0,13,5,18,2,5,16,8,31,0,0,0,31
06/24/2017,GRI,NE,ACE,CE,Federal Contract Tower,1,6,4,0,11,0,0,7,1,8,1,6,11,1,19,4,0,4,23
06/25/2017,GRI,NE,ACE,CE,Federal Contract Tower,4,1,5,0,10,0,2,15,0,17,4,3,20,0,27,2,0,2,29
06/26/2017,GRI,NE,ACE,CE,Federal Contract Tower,4,3,10,0,17,0,1,16,0,17,4,4,26,0,34,60,0,60,94
06/27/2017,GRI,NE,ACE,CE,Federal Contract Tower,2,6,18,2,28,0,0,22,8,30,2,6,40,10,58,38,2,40,98
06/28/2017,GRI,NE,ACE,CE,Federal Contract Tower,2,6,17,1,26,0,0,14,6,20,2,6,31,7,46,14,0,14,60
06/29/2017,GRI,NE,ACE,CE,Federal Contract Tower,6,8,6,1,21,0,0,11,3,14,6,8,17,4,35,32,2,34,69
06/30/2017,GRI,NE,ACE,CE,Federal Contract Tower,4,6,12,0,22,0,0,17,4,21,4,6,29,4,43,12,0,12,55
07/01/2017,GRI,NE,ACE,CE,Federal Contract Tower,0,5,10,0,15,0,0,14,0,14,0,5,24,0,29,2,0,2,31
07/02/2017,GRI,NE,ACE,CE,Federal Contract Tower,4,0,4,0,8,0,0,5,0,5,4,0,9,0,13,6,0,6,19
07/03/2017,GRI,NE,ACE,CE,Federal Contract Tower,5,3,2,0,10,0,0,19,0,19,5,3,21,0,29,40,0,40,69
07/04/2017,GRI,NE,ACE,CE,Federal Contract Tower,2,0,1,0,3,0,0,7,0,7,2,0,8,0,10,8,0,8,18
07/05/2017,GRI,NE,ACE,CE,Federal Contract Tower,2,12,1,1,16,0,2,20,4,26,2,14,21,5,42,38,0,38,80
07/06/2017,GRI,NE,ACE,CE,Federal Contract Tower,4,10,0,2,16,0,2,21,4,27,4,12,21,6,43,26,0,26,69
07/07/2017,GRI,NE,ACE,CE,Federal Contract Tower,4,9,4,1,18,0,0,15,0,15,4,9,19,1,33,16,0,16,49
07/08/2017,GRI,NE,ACE,CE,Federal Contract Tower,0,6,4,0,10,0,0,6,0,6,0,6,10,0,16,2,0,2,18
07/09/2017,GRI,NE,ACE,CE,Federal Contract Tower,4,1,3,0,8,0,0,10,0,10,4,1,13,0,18,2,0,2,20
07/10/2017,GRI,NE,ACE,CE,Federal Contract Tower,4,3,1,0,8,0,0,5,0,5,4,3,6,0,13,0,0,0,13
07/11/2017,GRI,NE,ACE,CE,Federal Contract Tower,2,5,20,0,27,0,0,6,6,12,2,5,26,6,39,2,4,6,45
07/12/2017,GRI,NE,ACE,CE,Federal Contract Tower,2,6,11,1,20,0,0,18,8,26,2,6,29,9,46,56,0,56,102
07/13/2017,GRI,NE,ACE,CE,Federal Contract Tower,7,3,11,3,24,0,0,10,0,10,7,3,21,3,34,26,0,26,60
07/14/2017,GRI,NE,ACE,CE,Federal Contract Tower,4,8,8,2,22,0,1,23,5,29,4,9,31,7,51,0,0,0,51
07/15/2017,GRI,NE,ACE,CE,Federal Contract Tower,0,5,2,0,7,0,0,13,0,13,0,5,15,0,20,2,0,2,22
07/16/2017,GRI,NE,ACE,CE,Federal Contract Tower,4,0,5,4,13,0,0,11,2,13,4,0,16,6,26,2,0,2,28
07/17/2017,GRI,NE,ACE,CE,Federal Contract Tower,4,3,8,0,15,0,0,22,0,22,4,3,30,0,37,12,10,22,59
07/18/2017,GRI,NE,ACE,CE,Federal Contract Tower,2,6,7,0,15,0,0,15,0,15,2,6,22,0,30,48,0,48,78
07/19/2017,GRI,NE,ACE,CE,Federal Contract Tower,2,8,11,0,21,0,0,17,0,17,2,8,28,0,38,38,0,38,76
07/20/2017,GRI,NE,ACE,CE,Federal Contract Tower,4,7,3,0,14,0,0,18,0,18,4,7,21,0,32,6,0,6,38
07/21/2017,GRI,NE,ACE,CE,Federal Contract Tower,4,8,6,0,18,0,0,17,1,18,4,8,23,1,36,0,0,0,36
07/22/2017,GRI,NE,ACE,CE,Federal Contract Tower,0,5,10,0,15,0,0,16,6,22,0,5,26,6,37,16,0,16,53
07/23/2017,GRI,NE,ACE,CE,Federal Contract Tower,4,0,4,0,8,0,0,17,1,18,4,0,21,1,26,22,0,22,48
07/24/2017,GRI,NE,ACE,CE,Federal Contract Tower,4,3,2,0,9,0,0,11,2,13,4,3,13,2,22,9,0,9,31
07/25/2017,GRI,NE,ACE,CE,Federal Contract Tower,2,6,4,0,12,0,0,5,0,5,2,6,9,0,17,8,0,8,25
07/26/2017,GRI,NE,ACE,CE,Federal Contract Tower,2,6,8,2,18,0,0,0,0,0,2,6,8,2,18,0,0,0,18
07/27/2017,GRI,NE,ACE,CE,Federal Contract Tower,4,6,9,4,23,0,2,24,4,30,4,8,33,8,53,20,0,20,73
07/28/2017,GRI,NE,ACE,CE,Federal Contract Tower,4,4,8,4,20,0,0,17,2,19,4,4,25,6,39,0,0,0,39
07/29/2017,GRI,NE,ACE,CE,Federal Contract Tower,0,7,6,0,13,0,0,9,0,9,0,7,15,0,22,0,0,0,22
07/30/2017,GRI,NE,ACE,CE,Federal Contract Tower,4,0,4,0,8,0,0,11,0,11,4,0,15,0,19,0,0,0,19
07/31/2017,GRI,NE,ACE,CE,Federal Contract Tower,4,3,15,0,22,0,0,14,0,14,4,3,29,0,36,8,0,8,44
08/01/2017,GRI,NE,ACE,CE,Federal Contract Tower,2,8,9,2,21,0,2,17,2,21,2,10,26,4,42,4,0,4,46
08/02/2017,GRI,NE,ACE,CE,Federal Contract Tower,2,10,10,4,26,0,8,16,10,34,2,18,26,14,60,14,0,14,74
08/03/2017,GRI,NE,ACE,CE,Federal Contract Tower,4,6,18,2,30,0,0,16,4,20,4,6,34,6,50,14,0,14,64
08/04/2017,GRI,NE,ACE,CE,Federal Contract Tower,3,10,14,0,27,0,0,24,6,30,3,10,38,6,57,8,0,8,65
08/05/2017,GRI,NE,ACE,CE,Federal Contract Tower,0,6,4,0,10,0,1,6,2,9,0,7,10,2,19,2,0,2,21
08/06/2017,GRI,NE,ACE,CE,Federal Contract Tower,4,1,7,0,12,0,0,10,0,10,4,1,17,0,22,0,0,0,22
08/07/2017,GRI,NE,ACE,CE,Federal Contract Tower,4,3,5,0,12,0,0,12,8,20,4,3,17,8,32,24,0,24,56
08/08/2017,GRI,NE,ACE,CE,Federal Contract Tower,2,7,9,0,18,0,1,9,0,10,2,8,18,0,28,2,0,2,30
08/09/2017,GRI,NE,ACE,CE,Federal Contract Tower,2,9,12,0,23,0,2,11,5,18,2,11,23,5,41,8,0,8,49
08/10/2017,GRI,NE,ACE,CE,Federal Contract Tower,4,7,7,2,20,0,0,11,3,14,4,7,18,5,34,10,0,10,44
08/11/2017,GRI,NE,ACE,CE,Federal Contract Tower,4,11,8,1,24,0,0,15,0,15,4,11,23,1,39,10,0,10,49
08/12/2017,GRI,NE,ACE,CE,Federal Contract Tower,0,4,4,0,8,0,1,10,0,11,0,5,14,0,19,4,2,6,25
08/13/2017,GRI,NE,ACE,CE,Federal Contract Tower,4,0,2,0,6,0,0,5,0,5,4,0,7,0,11,0,0,0,11
08/14/2017,GRI,NE,ACE,CE,Federal Contract Tower,4,4,7,0,15,0,0,16,0,16,4,4,23,0,31,22,0,22,53
08/15/2017,GRI,NE,ACE,CE,Federal Contract Tower,2,6,10,0,18,0,0,5,0,5,2,6,15,0,23,0,0,0,23
08/16/2017,GRI,NE,ACE,CE,Federal Contract Tower,2,16,11,0,29,0,0,0,0,0,2,16,11,0,29,4,0,4,33
08/17/2017,GRI,NE,ACE,CE,Federal Contract Tower,2,7,10,0,19,0,0,23,8,31,2,7,33,8,50,28,4,32,82
08/18/2017,GRI,NE,ACE,CE,Federal Contract Tower,2,14,4,0,20,0,0,21,5,26,2,14,25,5,46,0,0,0,46
08/19/2017,GRI,NE,ACE,CE,Federal Contract Tower,0,4,7,0,11,0,0,22,0,22,0,4,29,0,33,0,0,0,33
08/20/2017,GRI,NE,ACE,CE,Federal Contract Tower,2,1,11,2,16,0,0,11,0,11,2,1,22,2,27,0,0,0,27
08/21/2017,GRI,NE,ACE,CE,Federal Contract Tower,6,9,56,5,76,0,0,57,3,60,6,9,113,8,136,0,0,0,136
08/22/2017,GRI,NE,ACE,CE,Federal Contract Tower,2,10,10,0,22,0,0,33,2,35,2,10,43,2,57,10,0,10,67
08/23/2017,GRI,NE,ACE,CE,Federal Contract Tower,2,6,10,5,23,0,0,27,25,52,2,6,37,30,75,36,14,50,125
08/24/2017,GRI,NE,ACE,CE,Federal Contract Tower,2,6,7,0,15,0,0,24,5,29,2,6,31,5,44,6,0,6,50
08/25/2017,GRI,NE,ACE,CE,Federal Contract Tower,4,7,12,4,27,0,2,20,6,28,4,9,32,10,55,20,0,20,75
08/26/2017,GRI,NE,ACE,CE,Federal Contract Tower,2,7,3,0,12,0,0,15,0,15,2,7,18,0,27,0,0,0,27
08/27/2017,GRI,NE,ACE,CE,Federal Contract Tower,0,0,8,0,8,0,0,6,1,7,0,0,14,1,15,0,0,0,15
08/28/2017,GRI,NE,ACE,CE,Federal Contract Tower,4,3,7,0,14,0,0,15,2,17,4,3,22,2,31,12,0,12,43
08/29/2017,GRI,NE,ACE,CE,Federal Contract Tower,2,6,7,3,18,0,0,21,3,24,2,6,28,6,42,20,0,20,62
08/30/2017,GRI,NE,ACE,CE,Federal Contract Tower,4,6,9,0,19,0,0,10,3,13,4,6,19,3,32,6,2,8,40
08/31/2017,GRI,NE,ACE,CE,Federal Contract Tower,2,6,10,2,20,0,0,15,0,15,2,6,25,2,35,0,6,6,41
09/01/2017,GRI,NE,ACE,CE,Federal Contract Tower,2,9,4,0,15,0,0,4,0,4,2,9,8,0,19,0,0,0,19
09/02/2017,GRI,NE,ACE,CE,Federal Contract Tower,2,7,6,1,16,0,0,15,0,15,2,7,21,1,31,6,0,6,37
09/03/2017,GRI,NE,ACE,CE,Federal Contract Tower,5,0,7,0,12,0,0,12,1,13,5,0,19,1,25,0,0,0,25
09/04/2017,GRI,NE,ACE,CE,Federal Contract Tower,4,2,7,0,13,0,0,5,0,5,4,2,12,0,18,2,0,2,20
09/05/2017,GRI,NE,ACE,CE,Federal Contract Tower,2,5,4,1,12,0,0,9,2,11,2,5,13,3,23,6,0,6,29
09/06/2017,GRI,NE,ACE,CE,Federal Contract Tower,2,10,12,0,24,0,5,25,1,31,2,15,37,1,55,34,2,36,91
09/07/2017,GRI,NE,ACE,CE,Federal Contract Tower,2,6,9,0,17,0,1,24,0,25,2,7,33,0,42,8,0,8,50
09/08/2017,GRI,NE,ACE,CE,Federal Contract Tower,2,8,5,0,15,0,0,18,3,21,2,8,23,3,36,4,0,4,40
09/09/2017,GRI,NE,ACE,CE,Federal Contract Tower,2,5,4,0,11,0,1,10,5,16,2,6,14,5,27,0,0,0,27
09/10/2017,GRI,NE,ACE,CE,Federal Contract Tower,2,0,3,7,12,0,0,6,7,13,2,0,9,14,25,0,0,0,25
09/11/2017,GRI,NE,ACE,CE,Federal Contract Tower,4,3,21,9,37,0,0,7,0,7,4,3,28,9,44,6,0,6,50
09/12/2017,GRI,NE,ACE,CE,Federal Contract Tower,5,7,17,1,30,0,0,51,0,51,5,7,68,1,81,2,0,2,83
09/13/2017,GRI,NE,ACE,CE,Federal Contract Tower,2,7,22,0,31,0,0,34,4,38,2,7,56,4,69,36,0,36,105
09/14/2017,GRI,NE,ACE,CE,Federal Contract Tower,2,8,18,6,34,0,0,25,3,28,2,8,43,9,62,12,0,12,74
09/15/2017,GRI,NE,ACE,CE,Federal Contract Tower,4,10,3,0,17,0,0,6,3,9,4,10,9,3,26,0,0,0,26
09/16/2017,GRI,NE,ACE,CE,Federal Contract Tower,2,4,10,20,36,0,0,1,0,1,2,4,11,20,37,0,0,0,37
09/17/2017,GRI,NE,ACE,CE,Federal Contract Tower,2,2,3,3,10,0,0,13,1,14,2,2,16,4,24,6,0,6,30
09/18/2017,GRI,NE,ACE,CE,Federal Contract Tower,6,4,9,1,20,0,0,2,0,2,6,4,11,1,22,4,0,4,26
09/19/2017,GRI,NE,ACE,CE,Federal Contract Tower,2,11,9,0,22,0,1,9,2,12,2,12,18,2,34,0,0,0,34
09/20/2017,GRI,NE,ACE,CE,Federal Contract Tower,2,13,6,0,21,0,8,11,6,25,2,21,17,6,46,12,16,28,74
09/21/2017,GRI,NE,ACE,CE,Federal Contract Tower,2,8,3,1,14,0,0,11,1,12,2,8,14,2,26,0,0,0,26
09/22/2017,GRI,NE,ACE,CE,Federal Contract Tower,4,10,2,2,18,0,0,1,2,3,4,10,3,4,21,0,0,0,21
09/23/2017,GRI,NE,ACE,CE,Federal Contract Tower,2,8,4,1,15,0,0,2,2,4,2,8,6,3,19,12,0,12,31
09/24/2017,GRI,NE,ACE,CE,Federal Contract Tower,2,3,6,0,11,0,0,2,0,2,2,3,8,0,13,0,0,0,13
09/25/2017,GRI,NE,ACE,CE,Federal Contract Tower,4,5,15,1,25,0,0,0,0,0,4,5,15,1,25,0,0,0,25
09/26/2017,GRI,NE,ACE,CE,Federal Contract Tower,3,11,10,2,26,0,0,5,2,7,3,11,15,4,33,6,0,6,39
09/27/2017,GRI,NE,ACE,CE,Federal Contract Tower,2,7,13,0,22,0,0,19,5,24,2,7,32,5,46,4,0,4,50
09/28/2017,GRI,NE,ACE,CE,Federal Contract Tower,2,8,11,2,23,0,0,16,3,19,2,8,27,5,42,12,0,12,54
09/29/2017,GRI,NE,ACE,CE,Federal Contract Tower,4,8,11,0,23,0,0,25,16,41,4,8,36,16,64,26,8,34,98
09/30/2017,GRI,NE,ACE,CE,Federal Contract Tower,2,5,6,0,13,0,0,6,0,6,2,5,12,0,19,16,0,16,35
10/01/2017,GRI,NE,ACE,CE,Federal Contract Tower,3,2,2,0,7,0,0,9,0,9,3,2,11,0,16,0,0,0,16
10/02/2017,GRI,NE,ACE,CE,Federal Contract Tower,4,5,1,0,10,0,0,1,0,1,4,5,2,0,11,0,0,0,11
10/03/2017,GRI,NE,ACE,CE,Federal Contract Tower,4,8,7,1,20,0,0,3,2,5,4,8,10,3,25,0,0,0,25
10/04/2017,GRI,NE,ACE,CE,Federal Contract Tower,4,9,11,0,24,0,0,28,2,30,4,9,39,2,54,36,0,36,90
10/05/2017,GRI,NE,ACE,CE,Federal Contract Tower,0,10,0,7,17,0,0,0,0,0,0,10,0,7,17,0,0,0,17
10/06/2017,GRI,NE,ACE,CE,Federal Contract Tower,0,10,2,0,12,0,0,0,0,0,0,10,2,0,12,0,0,0,12
10/07/2017,GRI,NE,ACE,CE,Federal Contract Tower,2,8,4,0,14,0,0,8,0,8,2,8,12,0,22,0,0,0,22
10/08/2017,GRI,NE,ACE,CE,Federal Contract Tower,0,6,8,0,14,0,0,14,0,14,0,6,22,0,28,18,0,18,46
10/09/2017,GRI,NE,ACE,CE,Federal Contract Tower,4,9,4,0,17,0,0,2,0,2,4,9,6,0,19,0,0,0,19
10/10/2017,GRI,NE,ACE,CE,Federal Contract Tower,0,8,5,0,13,0,0,13,5,18,0,8,18,5,31,16,4,20,51
10/11/2017,GRI,NE,ACE,CE,Federal Contract Tower,4,9,14,0,27,0,0,27,7,34,4,9,41,7,61,44,2,46,107
10/12/2017,GRI,NE,ACE,CE,Federal Contract Tower,0,8,10,0,18,0,0,20,10,30,0,8,30,10,48,22,10,32,80
10/13/2017,GRI,NE,ACE,CE,Federal Contract Tower,2,9,6,1,18,0,2,14,5,21,2,11,20,6,39,26,0,26,65
10/14/2017,GRI,NE,ACE,CE,Federal Contract Tower,0,6,8,0,14,0,0,1,0,1,0,6,9,0,15,0,0,0,15
10/15/2017,GRI,NE,ACE,CE,Federal Contract Tower,0,2,3,0,5,0,0,13,0,13,0,2,16,0,18,6,0,6,24
10/16/2017,GRI,NE,ACE,CE,Federal Contract Tower,2,10,14,0,26,0,0,16,0,16,2,10,30,0,42,0,0,0,42
10/17/2017,GRI,NE,ACE,CE,Federal Contract Tower,0,13,8,2,23,0,0,15,7,22,0,13,23,9,45,30,2,32,77
10/18/2017,GRI,NE,ACE,CE,Federal Contract Tower,0,12,8,3,23,0,0,24,1,25,0,12,32,4,48,28,0,28,76
10/19/2017,GRI,NE,ACE,CE,Federal Contract Tower,0,10,9,0,19,0,0,44,4,48,0,10,53,4,67,46,0,46,113
10/20/2017,GRI,NE,ACE,CE,Federal Contract Tower,2,10,9,0,21,0,0,6,6,12,2,10,15,6,33,0,0,0,33
10/21/2017,GRI,NE,ACE,CE,Federal Contract Tower,0,5,9,0,14,0,0,2,2,4,0,5,11,2,18,2,0,2,20
10/22/2017,GRI,NE,ACE,CE,Federal Contract Tower,0,2,7,0,9,0,0,11,7,18,0,2,18,7,27,10,0,10,37
10/23/2017,GRI,NE,ACE,CE,Federal Contract Tower,2,6,3,0,11,0,0,3,0,3,2,6,6,0,14,0,0,0,14
10/24/2017,GRI,NE,ACE,CE,Federal Contract Tower,0,8,11,0,19,0,0,6,2,8,0,8,17,2,27,0,0,0,27
10/25/2017,GRI,NE,ACE,CE,Federal Contract Tower,0,9,18,0,27,0,0,32,10,42,0,9,50,10,69,66,8,74,143
10/26/2017,GRI,NE,ACE,CE,Federal Contract Tower,0,14,15,0,29,0,0,5,0,5,0,14,20,0,34,0,0,0,34
10/27/2017,GRI,NE,ACE,CE,Federal Contract Tower,2,13,7,0,22,0,0,5,4,9,2,13,12,4,31,4,0,4,35
10/28/2017,GRI,NE,ACE,CE,Federal Contract Tower,0,7,4,0,11,0,0,25,5,30,0,7,29,5,41,52,0,52,93
10/29/2017,GRI,NE,ACE,CE,Federal Contract Tower,0,4,1,6,11,0,0,18,0,18,0,4,19,6,29,24,0,24,53
10/30/2017,GRI,NE,ACE,CE,Federal Contract Tower,2,6,4,0,12,0,0,2,0,2,2,6,6,0,14,0,0,0,14
10/31/2017,GRI,NE,ACE,CE,Federal Contract Tower,0,9,5,0,14,0,0,8,0,8,0,9,13,0,22,20,0,20,42
11/01/2017,GRI,NE,ACE,CE,Federal Contract Tower,0,13,9,0,22,0,0,16,3,19,0,13,25,3,41,18,2,20,61
11/02/2017,GRI,NE,ACE,CE,Federal Contract Tower,1,8,11,4,24,0,0,22,12,34,1,8,33,16,58,0,2,2,60
11/03/2017,GRI,NE,ACE,CE,Federal Contract Tower,2,11,7,0,20,0,0,14,11,25,2,11,21,11,45,6,0,6,51
11/04/2017,GRI,NE,ACE,CE,Federal Contract Tower,0,12,2,0,14,0,0,2,13,15,0,12,4,13,29,0,0,0,29
11/05/2017,GRI,NE,ACE,CE,Federal Contract Tower,0,2,0,0,2,0,0,8,0,8,0,2,8,0,10,0,0,0,10
11/06/2017,GRI,NE,ACE,CE,Federal Contract Tower,2,8,2,0,12,0,0,6,0,6,2,8,8,0,18,28,0,28,46
11/07/2017,GRI,NE,ACE,CE,Federal Contract Tower,0,9,6,3,18,0,0,10,5,15,0,9,16,8,33,16,0,16,49
11/08/2017,GRI,NE,ACE,CE,Federal Contract Tower,2,10,10,0,22,0,0,19,11,30,2,10,29,11,52,32,0,32,84
11/09/2017,GRI,NE,ACE,CE,Federal Contract Tower,0,13,6,0,19,0,0,22,9,31,0,13,28,9,50,10,4,14,64
11/10/2017,GRI,NE,ACE,CE,Federal Contract Tower,2,11,4,0,17,0,0,4,0,4,2,11,8,0,21,0,0,0,21
11/11/2017,GRI,NE,ACE,CE,Federal Contract Tower,0,6,0,0,6,0,0,0,0,0,0,6,0,0,6,0,0,0,6
11/12/2017,GRI,NE,ACE,CE,Federal Contract Tower,2,2,2,0,6,0,0,13,0,13,2,2,15,0,19,28,0,28,47
11/13/2017,GRI,NE,ACE,CE,Federal Contract Tower,2,6,2,0,10,0,0,0,0,0,2,6,2,0,10,0,0,0,10
11/14/2017,GRI,NE,ACE,CE,Federal Contract Tower,0,9,6,2,17,0,0,0,0,0,0,9,6,2,17,0,0,0,17
11/15/2017,GRI,NE,ACE,CE,Federal Contract Tower,0,14,8,1,23,0,0,21,4,25,0,14,29,5,48,46,0,46,94
11/16/2017,GRI,NE,ACE,CE,Federal Contract Tower,2,8,4,0,14,0,0,11,12,23,2,8,15,12,37,0,0,0,37
11/17/2017,GRI,NE,ACE,CE,Federal Contract Tower,2,16,11,0,29,0,0,5,4,9,2,16,16,4,38,0,0,0,38
11/18/2017,GRI,NE,ACE,CE,Federal Contract Tower,2,6,7,0,15,0,0,3,0,3,2,6,10,0,18,8,0,8,26
11/19/2017,GRI,NE,ACE,CE,Federal Contract Tower,2,7,2,0,11,0,0,18,2,20,2,7,20,2,31,12,0,12,43
11/20/2017,GRI,NE,ACE,CE,Federal Contract Tower,2,6,2,0,10,0,0,9,0,9,2,6,11,0,19,10,0,10,29
11/21/2017,GRI,NE,ACE,CE,Federal Contract Tower,2,8,9,0,19,0,0,3,13,16,2,8,12,13,35,2,36,38,73
11/22/2017,GRI,NE,ACE,CE,Federal Contract Tower,2,12,10,0,24,0,0,20,0,20,2,12,30,0,44,10,0,10,54
11/23/2017,GRI,NE,ACE,CE,Federal Contract Tower,2,2,4,0,8,0,0,3,0,3,2,2,7,0,11,0,0,0,11
11/24/2017,GRI,NE,ACE,CE,Federal Contract Tower,0,0,0,0,0,0,8,8,0,16,0,8,8,0,16,0,0,0,16
11/25/2017,GRI,NE,ACE,CE,Federal Contract Tower,2,7,5,0,14,0,1,12,0,13,2,8,17,0,27,14,0,14,41
11/26/2017,GRI,NE,ACE,CE,Federal Contract Tower,2,8,8,0,18,0,0,9,0,9,2,8,17,0,27,12,0,12,39
11/27/2017,GRI,NE,ACE,CE,Federal Contract Tower,2,6,7,0,15,0,0,5,0,5,2,6,12,0,20,0,0,0,20
11/28/2017,GRI,NE,ACE,CE,Federal Contract Tower,0,8,6,4,18,0,0,6,4,10,0,8,12,8,28,0,10,10,38
11/29/2017,GRI,NE,ACE,CE,Federal Contract Tower,0,10,8,2,20,0,0,10,5,15,0,10,18,7,35,2,12,14,49
11/30/2017,GRI,NE,ACE,CE,Federal Contract Tower,2,11,5,0,18,0,0,16,11,27,2,11,21,11,45,30,0,30,75
12/01/2017,GRI,NE,ACE,CE,Federal Contract Tower,2,10,4,0,16,0,0,12,0,12,2,10,16,0,28,10,0,10,38
12/02/2017,GRI,NE,ACE,CE,Federal Contract Tower,0,5,0,0,5,0,0,18,0,18,0,5,18,0,23,16,0,16,39
12/03/2017,GRI,NE,ACE,CE,Federal Contract Tower,2,4,4,0,10,0,0,6,0,6,2,4,10,0,16,0,0,0,16
12/04/2017,GRI,NE,ACE,CE,Federal Contract Tower,1,6,10,0,17,0,0,0,0,0,1,6,10,0,17,0,0,0,17
12/05/2017,GRI,NE,ACE,CE,Federal Contract Tower,2,10,13,1,26,0,1,5,11,17,2,11,18,12,43,20,24,44,87
12/06/2017,GRI,NE,ACE,CE,Federal Contract Tower,2,10,4,0,16,0,0,4,0,4,2,10,8,0,20,0,0,0,20
12/07/2017,GRI,NE,ACE,CE,Federal Contract Tower,2,12,8,2,24,0,0,15,6,21,2,12,23,8,45,4,2,6,51
12/08/2017,GRI,NE,ACE,CE,Federal Contract Tower,2,6,14,1,23,0,0,7,7,14,2,6,21,8,37,0,0,0,37
12/09/2017,GRI,NE,ACE,CE,Federal Contract Tower,0,5,1,0,6,0,1,8,0,9,0,6,9,0,15,6,0,6,21
12/10/2017,GRI,NE,ACE,CE,Federal Contract Tower,2,3,8,0,13,0,0,18,0,18,2,3,26,0,31,16,0,16,47
12/11/2017,GRI,NE,ACE,CE,Federal Contract Tower,3,7,4,0,14,0,0,1,0,1,3,7,5,0,15,0,0,0,15
12/12/2017,GRI,NE,ACE,CE,Federal Contract Tower,0,13,13,0,26,0,0,17,16,33,0,13,30,16,59,32,4,36,95
12/13/2017,GRI,NE,ACE,CE,Federal Contract Tower,2,9,3,0,14,0,0,2,0,2,2,9,5,0,16,0,0,0,16
12/14/2017,GRI,NE,ACE,CE,Federal Contract Tower,2,12,2,0,16,0,0,2,9,11,2,12,4,9,27,0,10,10,37
12/15/2017,GRI,NE,ACE,CE,Federal Contract Tower,6,6,5,0,17,0,0,10,0,10,6,6,15,0,27,0,0,0,27
12/16/2017,GRI,NE,ACE,CE,Federal Contract Tower,2,5,5,0,12,0,0,10,0,10,2,5,15,0,22,18,0,18,40
12/17/2017,GRI,NE,ACE,CE,Federal Contract Tower,4,2,1,0,7,0,0,8,0,8,4,2,9,0,15,6,0,6,21
12/18/2017,GRI,NE,ACE,CE,Federal Contract Tower,5,4,2,0,11,0,0,13,0,13,5,4,15,0,24,20,0,20,44
12/19/2017,GRI,NE,ACE,CE,Federal Contract Tower,2,6,11,4,23,0,0,12,9,21,2,6,23,13,44,14,0,14,58
12/20/2017,GRI,NE,ACE,CE,Federal Contract Tower,2,10,10,2,24,0,0,10,10,20,2,10,20,12,44,14,0,14,58
12/21/2017,GRI,NE,ACE,CE,Federal Contract Tower,4,7,4,0,15,0,0,0,0,0,4,7,4,0,15,0,0,0,15
12/22/2017,GRI,NE,ACE,CE,Federal Contract Tower,6,9,16,0,31,0,1,16,0,17,6,10,32,0,48,10,0,10,58
12/23/2017,GRI,NE,ACE,CE,Federal Contract Tower,2,6,4,0,12,0,0,0,0,0,2,6,4,0,12,0,0,0,12
12/24/2017,GRI,NE,ACE,CE,Federal Contract Tower,5,0,2,0,7,0,2,1,0,3,5,2,3,0,10,0,0,0,10
12/25/2017,GRI,NE,ACE,CE,Federal Contract Tower,4,0,0,0,4,0,0,0,0,0,4,0,0,0,4,0,0,0,4
12/26/2017,GRI,NE,ACE,CE,Federal Contract Tower,5,4,16,0,25,0,0,4,0,4,5,4,20,0,29,6,0,6,35
12/27/2017,GRI,NE,ACE,CE,Federal Contract Tower,2,15,5,0,22,0,0,3,0,3,2,15,8,0,25,0,0,0,25
12/28/2017,GRI,NE,ACE,CE,Federal Contract Tower,4,8,6,0,18,0,1,10,1,12,4,9,16,1,30,8,0,8,38
12/29/2017,GRI,NE,ACE,CE,Federal Contract Tower,6,4,5,0,15,0,0,0,0,0,6,4,5,0,15,0,0,0,15
12/30/2017,GRI,NE,ACE,CE,Federal Contract Tower,2,7,3,0,12,0,0,0,0,0,2,7,3,0,12,0,0,0,12
12/31/2017,GRI,NE,ACE,CE,Federal Contract Tower,3,0,2,0,5,0,0,4,0,4,3,0,6,0,9,0,0,0,9
01/01/2018,GRI,NE,ACE,CE,Federal Contract Tower,6,2,3,0,11,0,0,2,0,2,6,2,5,0,13,0,0,0,13
01/02/2018,GRI,NE,ACE,CE,Federal Contract Tower,2,3,2,0,7,0,0,2,4,6,2,3,4,4,13,0,8,8,21
01/03/2018,GRI,NE,ACE,CE,Federal Contract Tower,2,9,4,0,15,0,0,2,0,2,2,9,6,0,17,14,0,14,31
01/04/2018,GRI,NE,ACE,CE,Federal Contract Tower,4,6,1,3,14,0,0,4,8,12,4,6,5,11,26,14,10,24,50
01/05/2018,GRI,NE,ACE,CE,Federal Contract Tower,3,7,12,1,23,0,0,2,2,4,3,7,14,3,27,18,0,18,45
01/06/2018,GRI,NE,ACE,CE,Federal Contract Tower,0,7,10,0,17,0,1,6,0,7,0,8,16,0,24,32,0,32,56
01/07/2018,GRI,NE,ACE,CE,Federal Contract Tower,4,0,6,0,10,0,0,9,1,10,4,0,15,1,20,4,0,4,24
01/08/2018,GRI,NE,ACE,CE,Federal Contract Tower,2,5,12,0,19,0,0,7,0,7,2,5,19,0,26,12,0,12,38
01/09/2018,GRI,NE,ACE,CE,Federal Contract Tower,0,7,8,3,18,0,0,8,6,14,0,7,16,9,32,18,0,18,50
01/10/2018,GRI,NE,ACE,CE,Federal Contract Tower,0,15,5,0,20,0,1,2,0,3,0,16,7,0,23,0,0,0,23
01/11/2018,GRI,NE,ACE,CE,Federal Contract Tower,2,9,7,0,18,0,0,5,10,15,2,9,12,10,33,0,0,0,33
01/12/2018,GRI,NE,ACE,CE,Federal Contract Tower,2,11,6,0,19,0,0,0,0,0,2,11,6,0,19,0,0,0,19
01/13/2018,GRI,NE,ACE,CE,Federal Contract Tower,0,7,5,0,12,0,0,3,0,3,0,7,8,0,15,0,0,0,15
01/14/2018,GRI,NE,ACE,CE,Federal Contract Tower,2,4,3,0,9,0,0,0,1,1,2,4,3,1,10,0,0,0,10
01/15/2018,GRI,NE,ACE,CE,Federal Contract Tower,4,5,1,0,10,0,0,1,0,1,4,5,2,0,11,0,0,0,11
01/16/2018,GRI,NE,ACE,CE,Federal Contract Tower,0,8,5,0,13,0,0,2,5,7,0,8,7,5,20,0,14,14,34
01/17/2018,GRI,NE,ACE,CE,Federal Contract Tower,0,8,11,0,19,0,0,0,0,0,0,8,11,0,19,2,0,2,21
01/18/2018,GRI,NE,ACE,CE,Federal Contract Tower,4,9,10,0,23,0,2,10,5,17,4,11,20,5,40,20,0,20,60
01/19/2018,GRI,NE,ACE,CE,Federal Contract Tower,2,8,5,0,15,0,0,36,0,36,2,8,41,0,51,66,0,66,117
01/20/2018,GRI,NE,ACE,CE,Federal Contract Tower,0,8,2,0,10,0,0,6,0,6,0,8,8,0,16,0,0,0,16
01/21/2018,GRI,NE,ACE,CE,Federal Contract Tower,2,4,3,0,9,0,0,0,0,0,2,4,3,0,9,0,0,0,9
01/22/2018,GRI,NE,ACE,CE,Federal Contract Tower,2,0,0,0,2,0,0,0,0,0,2,0,0,0,2,0,0,0,2
01/23/2018,GRI,NE,ACE,CE,Federal Contract Tower,0,9,2,0,11,0,0,3,2,5,0,9,5,2,16,0,12,12,28
01/24/2018,GRI,NE,ACE,CE,Federal Contract Tower,0,10,8,7,25,0,0,14,9,23,0,10,22,16,48,36,12,48,96
01/25/2018,GRI,NE,ACE,CE,Federal Contract Tower,2,13,8,2,25,0,0,28,5,33,2,13,36,7,58,4,0,4,62
01/26/2018,GRI,NE,ACE,CE,Federal Contract Tower,2,12,11,0,25,0,0,16,0,16,2,12,27,0,41,0,0,0,41
01/27/2018,GRI,NE,ACE,CE,Federal Contract Tower,2,8,3,0,13,0,0,14,0,14,2,8,17,0,27,6,0,6,33
01/28/2018,GRI,NE,ACE,CE,Federal Contract Tower,2,2,4,0,8,0,0,1,0,1,2,2,5,0,9,0,0,0,9
01/29/2018,GRI,NE,ACE,CE,Federal Contract Tower,2,5,8,0,15,0,0,5,0,5,2,5,13,0,20,8,0,8,28
01/30/2018,GRI,NE,ACE,CE,Federal Contract Tower,0,9,3,0,12,0,0,10,3,13,0,9,13,3,25,16,6,22,47
01/31/2018,GRI,NE,ACE,CE,Federal Contract Tower,2,7,11,0,20,0,2,6,2,10,2,9,17,2,30,8,12,20,50
02/01/2018,GRI,NE,ACE,CE,Federal Contract Tower,2,14,6,0,22,0,0,11,12,23,2,14,17,12,45,0,0,0,45
02/02/2018,GRI,NE,ACE,CE,Federal Contract Tower,2,11,12,0,25,0,1,7,6,14,2,12,19,6,39,0,8,8,47
02/03/2018,GRI,NE,ACE,CE,Federal Contract Tower,0,8,5,0,13,0,3,42,0,45,0,11,47,0,58,0,0,0,58
02/04/2018,GRI,NE,ACE,CE,Federal Contract Tower,2,3,8,0,13,0,0,2,0,2,2,3,10,0,15,0,0,0,15
02/05/2018,GRI,NE,ACE,CE,Federal Contract Tower,2,5,6,0,13,0,0,0,0,0,2,5,6,0,13,0,0,0,13
02/06/2018,GRI,NE,ACE,CE,Federal Contract Tower,0,8,2,0,10,0,0,0,2,2,0,8,2,2,12,0,2,2,14
02/07/2018,GRI,NE,ACE,CE,Federal Contract Tower,0,10,3,0,13,0,0,4,10,14,0,10,7,10,27,16,2,18,45
02/08/2018,GRI,NE,ACE,CE,Federal Contract Tower,2,9,6,0,17,0,0,7,8,15,2,9,13,8,32,14,0,14,46
02/09/2018,GRI,NE,ACE,CE,Federal Contract Tower,2,14,8,0,24,0,0,0,0,0,2,14,8,0,24,0,0,0,24
02/10/2018,GRI,NE,ACE,CE,Federal Contract Tower,0,6,6,2,14,0,0,1,2,3,0,6,7,4,17,0,0,0,17
02/11/2018,GRI,NE,ACE,CE,Federal Contract Tower,2,4,4,0,10,0,0,5,0,5,2,4,9,0,15,4,0,4,19
02/12/2018,GRI,NE,ACE,CE,Federal Contract Tower,2,8,5,0,15,0,0,0,0,0,2,8,5,0,15,0,0,0,15
02/13/2018,GRI,NE,ACE,CE,Federal Contract Tower,0,8,12,1,21,0,0,6,1,7,0,8,18,2,28,6,0,6,34
02/14/2018,GRI,NE,ACE,CE,Federal Contract Tower,0,8,8,1,17,0,0,16,10,26,0,8,24,11,43,12,0,12,55
02/15/2018,GRI,NE,ACE,CE,Federal Contract Tower,2,11,10,0,23,0,0,2,6,8,2,11,12,6,31,0,0,0,31
02/16/2018,GRI,NE,ACE,CE,Federal Contract Tower,2,12,10,0,24,0,0,34,0,34,2,12,44,0,58,12,0,12,70
02/17/2018,GRI,NE,ACE,CE,Federal Contract Tower,0,9,7,0,16,0,2,8,0,10,0,11,15,0,26,6,0,6,32
02/18/2018,GRI,NE,ACE,CE,Federal Contract Tower,2,2,5,0,9,0,0,4,0,4,2,2,9,0,13,6,0,6,19
02/19/2018,GRI,NE,ACE,CE,Federal Contract Tower,2,7,4,0,13,0,0,0,0,0,2,7,4,0,13,0,0,0,13
02/20/2018,GRI,NE,ACE,CE,Federal Contract Tower,0,9,4,0,13,0,0,1,6,7,0,9,5,6,20,2,4,6,26
02/21/2018,GRI,NE,ACE,CE,Federal Contract Tower,0,11,13,0,24,0,0,14,0,14,0,11,27,0,38,2,0,2,40
02/22/2018,GRI,NE,ACE,CE,Federal Contract Tower,2,11,0,0,13,0,0,0,0,0,2,11,0,0,13,0,0,0,13
02/23/2018,GRI,NE,ACE,CE,Federal Contract Tower,2,13,5,2,22,0,0,1,2,3,2,13,6,4,25,0,0,0,25
02/24/2018,GRI,NE,ACE,CE,Federal Contract Tower,0,5,4,0,9,0,0,0,0,0,0,5,4,0,9,0,0,0,9
02/25/2018,GRI,NE,ACE,CE,Federal Contract Tower,2,2,4,4,12,0,0,17,0,17,2,2,21,4,29,12,4,16,45
02/26/2018,GRI,NE,ACE,CE,Federal Contract Tower,2,9,12,0,23,0,0,5,1,6,2,9,17,1,29,0,0,0,29
02/27/2018,GRI,NE,ACE,CE,Federal Contract Tower,0,10,1,2,13,0,0,7,9,16,0,10,8,11,29,12,2,14,43
02/28/2018,GRI,NE,ACE,CE,Federal Contract Tower,0,9,5,1,15,0,0,2,13,15,0,9,7,14,30,0,28,28,58
03/01/2018,GRI,NE,ACE,CE,Federal Contract Tower,2,8,9,0,19,0,0,19,22,41,2,8,28,22,60,18,0,18,78
03/02/2018,GRI,NE,ACE,CE,Federal Contract Tower,4,10,11,1,26,0,0,5,11,16,4,10,16,12,42,0,20,20,62
03/03/2018,GRI,NE,ACE,CE,Federal Contract Tower,0,6,7,0,13,0,0,7,14,21,0,6,14,14,34,0,0,0,34
03/04/2018,GRI,NE,ACE,CE,Federal Contract Tower,2,2,2,0,6,0,0,5,1,6,2,2,7,1,12,4,0,4,16
03/05/2018,GRI,NE,ACE,CE,Federal Contract Tower,2,9,2,1,14,0,0,1,0,1,2,9,3,1,15,0,0,0,15
03/06/2018,GRI,NE,ACE,CE,Federal Contract Tower,2,9,6,2,19,0,0,0,0,0,2,9,6,2,19,0,0,0,19
03/07/2018,GRI,NE,ACE,CE,Federal Contract Tower,0,11,3,0,14,0,0,12,4,16,0,11,15,4,30,10,2,12,42
03/08/2018,GRI,NE,ACE,CE,Federal Contract Tower,2,13,2,0,17,0,0,13,5,18,2,13,15,5,35,6,0,6,41
03/09/2018,GRI,NE,ACE,CE,Federal Contract Tower,2,16,7,0,25,0,0,15,0,15,2,16,22,0,40,10,0,10,50
03/10/2018,GRI,NE,ACE,CE,Federal Contract Tower,0,10,6,0,16,0,0,8,0,8,0,10,14,0,24,0,0,0,24
03/11/2018,GRI,NE,ACE,CE,Federal Contract Tower,4,4,6,0,14,0,0,3,1,4,4,4,9,1,18,0,0,0,18
03/12/2018,GRI,NE,ACE,CE,Federal Contract Tower,4,13,5,0,22,0,0,14,1,15,4,13,19,1,37,22,0,22,59
03/13/2018,GRI,NE,ACE,CE,Federal Contract Tower,0,9,11,2,22,0,0,26,5,31,0,9,37,7,53,24,4,28,81
03/14/2018,GRI,NE,ACE,CE,Federal Contract Tower,2,8,13,2,25,0,0,44,0,44,2,8,57,2,69,20,0,20,89
03/15/2018,GRI,NE,ACE,CE,Federal Contract Tower,2,9,6,0,17,0,0,14,14,28,2,9,20,14,45,4,0,4,49
03/16/2018,GRI,NE,ACE,CE,Federal Contract Tower,2,9,7,4,22,0,0,0,0,0,2,9,7,4,22,0,0,0,22
03/17/2018,GRI,NE,ACE,CE,Federal Contract Tower,0,6,8,0,14,0,0,6,0,6,0,6,14,0,20,0,2,2,22
03/18/2018,GRI,NE,ACE,CE,Federal Contract Tower,2,3,4,0,9,0,0,0,0,0,2,3,4,0,9,0,0,0,9
03/19/2018,GRI,NE,ACE,CE,Federal Contract Tower,2,10,2,0,14,0,0,0,0,0,2,10,2,0,14,0,0,0,14
03/20/2018,GRI,NE,ACE,CE,Federal Contract Tower,0,11,16,0,27,0,0,6,10,16,0,11,22,10,43,0,0,0,43
03/21/2018,GRI,NE,ACE,CE,Federal Contract Tower,0,8,5,1,14,0,0,12,9,21,0,8,17,10,35,16,12,28,63
03/22/2018,GRI,NE,ACE,CE,Federal Contract Tower,2,11,13,3,29,0,1,10,6,17,2,12,23,9,46,6,0,6,52
03/23/2018,GRI,NE,ACE,CE,Federal Contract Tower,2,11,7,0,20,0,0,1,2,3,2,11,8,2,23,0,0,0,23
03/24/2018,GRI,NE,ACE,CE,Federal Contract Tower,0,8,2,0,10,0,0,0,0,0,0,8,2,0,10,0,0,0,10
03/25/2018,GRI,NE,ACE,CE,Federal Contract Tower,2,3,8,0,13,0,0,0,0,0,2,3,8,0,13,0,0,0,13
03/26/2018,GRI,NE,ACE,CE,Federal Contract Tower,2,9,2,0,13,0,0,0,0,0,2,9,2,0,13,0,0,0,13
03/27/2018,GRI,NE,ACE,CE,Federal Contract Tower,0,7,5,0,12,0,0,9,5,14,0,7,14,5,26,0,0,0,26
03/28/2018,GRI,NE,ACE,CE,Federal Contract Tower,0,8,4,0,12,0,0,18,6,24,0,8,22,6,36,12,0,12,48
03/29/2018,GRI,NE,ACE,CE,Federal Contract Tower,2,11,12,4,29,0,0,3,8,11,2,11,15,12,40,0,4,4,44
03/30/2018,GRI,NE,ACE,CE,Federal Contract Tower,2,12,11,0,25,0,0,16,5,21,2,12,27,5,46,0,0,0,46
03/31/2018,GRI,NE,ACE,CE,Federal Contract Tower,0,5,2,0,7,0,0,2,2,4,0,5,4,2,11,0,0,0,11
04/01/2018,GRI,NE,ACE,CE,Federal Contract Tower,2,2,4,0,8,0,0,1,0,1,2,2,5,0,9,0,0,0,9
04/02/2018,GRI,NE,ACE,CE,Federal Contract Tower,2,8,8,0,18,0,0,3,0,3,2,8,11,0,21,0,0,0,21
04/03/2018,GRI,NE,ACE,CE,Federal Contract Tower,0,11,5,2,18,0,0,0,0,0,0,11,5,2,18,0,0,0,18
04/04/2018,GRI,NE,ACE,CE,Federal Contract Tower,0,9,6,1,16,0,0,12,2,14,0,9,18,3,30,0,0,0,30
04/05/2018,GRI,NE,ACE,CE,Federal Contract Tower,2,10,4,3,19,0,0,21,8,29,2,10,25,11,48,18,0,18,66
04/06/2018,GRI,NE,ACE,CE,Federal Contract Tower,2,12,9,0,23,0,0,0,0,0,2,12,9,0,23,0,0,0,23
04/07/2018,GRI,NE,ACE,CE,Federal Contract Tower,0,4,8,1,13,0,0,6,0,6,0,4,14,1,19,0,0,0,19
04/08/2018,GRI,NE,ACE,CE,Federal Contract Tower,2,2,9,0,13,0,0,3,0,3,2,2,12,0,16,14,0,14,30
04/09/2018,GRI,NE,ACE,CE,Federal Contract Tower,0,7,9,0,16,0,0,0,0,0,0,7,9,0,16,0,0,0,16
04/10/2018,GRI,NE,ACE,CE,Federal Contract Tower,0,8,15,2,25,0,0,32,13,45,0,8,47,15,70,8,6,14,84
04/11/2018,GRI,NE,ACE,CE,Federal Contract Tower,0,11,12,0,23,0,0,25,9,34,0,11,37,9,57,24,0,24,81
04/12/2018,GRI,NE,ACE,CE,Federal Contract Tower,2,8,4,0,14,0,0,4,2,6,2,8,8,2,20,0,0,0,20
04/13/2018,GRI,NE,ACE,CE,Federal Contract Tower,2,12,4,4,22,0,0,0,0,0,2,12,4,4,22,0,0,0,22
04/14/2018,GRI,NE,ACE,CE,Federal Contract Tower,0,1,0,0,1,0,0,0,0,0,0,1,0,0,1,0,0,0,1
04/15/2018,GRI,NE,ACE,CE,Federal Contract Tower,2,2,6,0,10,0,0,0,2,2,2,2,6,2,12,0,0,0,12
04/16/2018,GRI,NE,ACE,CE,Federal Contract Tower,2,8,0,0,10,0,0,11,0,11,2,8,11,0,21,0,0,0,21
04/17/2018,GRI,NE,ACE,CE,Federal Contract Tower,0,11,6,0,17,0,0,2,1,3,0,11,8,1,20,2,0,2,22
04/18/2018,GRI,NE,ACE,CE,Federal Contract Tower,0,9,7,0,16,0,0,4,0,4,0,9,11,0,20,0,0,0,20
04/19/2018,GRI,NE,ACE,CE,Federal Contract Tower,2,9,5,0,16,0,0,30,7,37,2,9,35,7,53,26,0,26,79
04/20/2018,GRI,NE,ACE,CE,Federal Contract Tower,2,10,10,5,27,0,0,2,0,2,2,10,12,5,29,0,0,0,29
04/21/2018,GRI,NE,ACE,CE,Federal Contract Tower,0,4,3,2,9,0,0,2,0,2,0,4,5,2,11,0,0,0,11
04/22/2018,GRI,NE,ACE,CE,Federal Contract Tower,2,2,9,0,13,0,0,8,0,8,2,2,17,0,21,0,0,0,21
04/23/2018,GRI,NE,ACE,CE,Federal Contract Tower,2,5,7,0,14,0,0,11,0,11,2,5,18,0,25,16,0,16,41
04/24/2018,GRI,NE,ACE,CE,Federal Contract Tower,2,9,8,0,19,0,0,2,2,4,2,9,10,2,23,0,0,0,23
04/25/2018,GRI,NE,ACE,CE,Federal Contract Tower,0,9,12,1,22,0,0,10,13,23,0,9,22,14,45,12,0,12,57
04/26/2018,GRI,NE,ACE,CE,Federal Contract Tower,2,9,2,0,13,0,0,17,22,39,2,9,19,22,52,0,0,0,52
04/27/2018,GRI,NE,ACE,CE,Federal Contract Tower,2,12,5,0,19,0,0,10,4,14,2,12,15,4,33,18,0,18,51
04/28/2018,GRI,NE,ACE,CE,Federal Contract Tower,2,5,6,0,13,0,0,23,5,28,2,5,29,5,41,14,0,14,55
04/29/2018,GRI,NE,ACE,CE,Federal Contract Tower,2,2,4,0,8,0,2,5,0,7,2,4,9,0,15,0,0,0,15
04/30/2018,GRI,NE,ACE,CE,Federal Contract Tower,1,6,4,0,11,0,0,0,0,0,1,6,4,0,11,0,0,0,11
05/01/2018,GRI,NE,ACE,CE,Federal Contract Tower,0,7,2,0,9,0,0,3,7,10,0,7,5,7,19,2,0,2,21
05/02/2018,GRI,NE,ACE,CE,Federal Contract Tower,0,13,10,3,26,0,0,8,5,13,0,13,18,8,39,0,8,8,47
05/03/2018,GRI,NE,ACE,CE,Federal Contract Tower,2,9,10,0,21,0,0,0,2,2,2,9,10,2,23,0,6,6,29
05/04/2018,GRI,NE,ACE,CE,Federal Contract Tower,2,12,9,0,23,0,0,24,2,26,2,12,33,2,49,24,0,24,73
05/05/2018,GRI,NE,ACE,CE,Federal Contract Tower,2,7,1,0,10,0,0,24,0,24,2,7,25,0,34,0,0,0,34
05/06/2018,GRI,NE,ACE,CE,Federal Contract Tower,2,4,6,0,12,0,0,6,0,6,2,4,12,0,18,0,0,0,18
05/07/2018,GRI,NE,ACE,CE,Federal Contract Tower,2,6,8,0,16,0,0,11,4,15,2,6,19,4,31,6,0,6,37
05/08/2018,GRI,NE,ACE,CE,Federal Contract Tower,2,8,8,2,20,0,0,9,4,13,2,8,17,6,33,0,0,0,33
05/09/2018,GRI,NE,ACE,CE,Federal Contract Tower,0,9,12,0,21,0,0,8,3,11,0,9,20,3,32,8,0,8,40
05/10/2018,GRI,NE,ACE,CE,Federal Contract Tower,3,9,5,0,17,0,0,7,1,8,3,9,12,1,25,0,0,0,25
05/11/2018,GRI,NE,ACE,CE,Federal Contract Tower,2,9,6,1,18,0,0,1,0,1,2,9,7,1,19,0,0,0,19
05/12/2018,GRI,NE,ACE,CE,Federal Contract Tower,0,4,2,2,8,0,0,0,0,0,0,4,2,2,8,0,0,0,8
05/13/2018,GRI,NE,ACE,CE,Federal Contract Tower,6,3,2,0,11,0,0,1,0,1,6,3,3,0,12,0,0,0,12
05/14/2018,GRI,NE,ACE,CE,Federal Contract Tower,2,6,2,0,10,0,0,1,0,1,2,6,3,0,11,0,0,0,11
05/15/2018,GRI,NE,ACE,CE,Federal Contract Tower,0,10,12,0,22,0,0,6,0,6,0,10,18,0,28,0,0,0,28
05/16/2018,GRI,NE,ACE,CE,Federal Contract Tower,0,7,10,0,17,0,3,17,1,21,0,10,27,1,38,0,0,0,38
05/17/2018,GRI,NE,ACE,CE,Federal Contract Tower,2,12,11,2,27,0,0,13,4,17,2,12,24,6,44,10,0,10,54
05/18/2018,GRI,NE,ACE,CE,Federal Contract Tower,2,10,6,0,18,0,0,2,0,2,2,10,8,0,20,0,0,0,20
05/19/2018,GRI,NE,ACE,CE,Federal Contract Tower,0,6,8,0,14,0,0,0,0,0,0,6,8,0,14,0,0,0,14
05/20/2018,GRI,NE,ACE,CE,Federal Contract Tower,2,3,3,2,10,0,0,0,0,0,2,3,3,2,10,0,0,0,10
05/21/2018,GRI,NE,ACE,CE,Federal Contract Tower,2,7,5,1,15,0,0,7,0,7,2,7,12,1,22,0,0,0,22
05/22/2018,GRI,NE,ACE,CE,Federal Contract Tower,0,11,5,0,16,0,0,13,2,15,0,11,18,2,31,4,0,4,35
05/23/2018,GRI,NE,ACE,CE,Federal Contract Tower,0,9,11,0,20,0,0,14,2,16,0,9,25,2,36,6,0,6,42
05/24/2018,GRI,NE,ACE,CE,Federal Contract Tower,2,8,9,0,19,0,0,18,10,28,2,8,27,10,47,12,4,16,63
05/25/2018,GRI,NE,ACE,CE,Federal Contract Tower,2,9,8,0,19,0,0,17,0,17,2,9,25,0,36,0,0,0,36
05/26/2018,GRI,NE,ACE,CE,Federal Contract Tower,0,8,7,0,15,0,0,13,3,16,0,8,20,3,31,4,0,4,35
05/27/2018,GRI,NE,ACE,CE,Federal Contract Tower,2,2,3,0,7,0,0,4,0,4,2,2,7,0,11,0,0,0,11
05/28/2018,GRI,NE,ACE,CE,Federal Contract Tower,2,2,2,0,6,0,0,3,0,3,2,2,5,0,9,0,0,0,9
05/29/2018,GRI,NE,ACE,CE,Federal Contract Tower,0,5,4,0,9,0,0,11,0,11,0,5,15,0,20,10,0,10,30
05/30/2018,GRI,NE,ACE,CE,Federal Contract Tower,0,8,8,0,16,0,0,22,16,38,0,8,30,16,54,18,20,38,92
05/31/2018,GRI,NE,ACE,CE,Federal Contract Tower,2,9,1,0,12,0,0,6,7,13,2,9,7,7,25,0,0,0,25
06/01/2018,GRI,NE,ACE,CE,Federal Contract Tower,2,8,3,0,13,0,0,17,5,22,2,8,20,5,35,16,24,40,75
06/03/2018,GRI,NE,ACE,CE,Federal Contract Tower,2,4,2,0,8,0,0,23,0,23,2,4,25,0,31,6,0,6,37
06/04/2018,GRI,NE,ACE,CE,Federal Contract Tower,2,6,11,0,19,0,0,5,0,5,2,6,16,0,24,0,0,0,24
06/05/2018,GRI,NE,ACE,CE,Federal Contract Tower,0,7,17,0,24,0,0,7,4,11,0,7,24,4,35,0,0,0,35
06/06/2018,GRI,NE,ACE,CE,Federal Contract Tower,0,8,5,1,14,0,3,1,1,5,0,11,6,2,19,2,0,2,21
06/07/2018,GRI,NE,ACE,CE,Federal Contract Tower,2,11,6,0,19,0,2,15,1,18,2,13,21,1,37,11,0,11,48
06/08/2018,GRI,NE,ACE,CE,Federal Contract Tower,2,10,7,1,20,0,0,31,7,38,2,10,38,8,58,20,8,28,86
06/09/2018,GRI,NE,ACE,CE,Federal Contract Tower,0,9,6,2,17,0,0,11,1,12,0,9,17,3,29,2,0,2,31
06/10/2018,GRI,NE,ACE,CE,Federal Contract Tower,2,4,5,0,11,0,0,7,2,9,2,4,12,2,20,0,0,0,20
06/11/2018,GRI,NE,ACE,CE,Federal Contract Tower,2,9,6,0,17,0,0,3,0,3,2,9,9,0,20,0,0,0,20
06/12/2018,GRI,NE,ACE,CE,Federal Contract Tower,0,11,6,0,17,0,0,19,2,21,0,11,25,2,38,8,0,8,46
06/13/2018,GRI,NE,ACE,CE,Federal Contract Tower,0,7,11,0,18,0,2,10,3,15,0,9,21,3,33,0,2,2,35
06/14/2018,GRI,NE,ACE,CE,Federal Contract Tower,2,8,8,0,18,0,0,12,4,16,2,8,20,4,34,2,0,2,36
06/15/2018,GRI,NE,ACE,CE,Federal Contract Tower,2,13,12,0,27,0,0,6,0,6,2,13,18,0,33,2,0,2,35
06/16/2018,GRI,NE,ACE,CE,Federal Contract Tower,0,6,6,0,12,0,0,7,0,7,0,6,13,0,19,0,0,0,19
06/17/2018,GRI,NE,ACE,CE,Federal Contract Tower,2,6,2,0,10,0,0,2,0,2,2,6,4,0,12,2,0,2,14
06/18/2018,GRI,NE,ACE,CE,Federal Contract Tower,2,9,7,0,18,0,0,11,0,11,2,9,18,0,29,8,0,8,37
06/19/2018,GRI,NE,ACE,CE,Federal Contract Tower,0,10,20,0,30,0,0,0,8,8,0,10,20,8,38,0,0,0,38
06/20/2018,GRI,NE,ACE,CE,Federal Contract Tower,0,9,14,2,25,0,0,2,16,18,0,9,16,18,43,22,10,32,75
06/21/2018,GRI,NE,ACE,CE,Federal Contract Tower,2,9,10,0,21,0,0,14,2,16,2,9,24,2,37,0,0,0,37
06/22/2018,GRI,NE,ACE,CE,Federal Contract Tower,2,11,22,11,46,0,0,21,0,21,2,11,43,11,67,0,0,0,67
06/23/2018,GRI,NE,ACE,CE,Federal Contract Tower,0,6,5,0,11,0,0,15,1,16,0,6,20,1,27,0,0,0,27
06/24/2018,GRI,NE,ACE,CE,Federal Contract Tower,2,4,3,0,9,0,0,19,0,19,2,4,22,0,28,0,0,0,28
06/25/2018,GRI,NE,ACE,CE,Federal Contract Tower,2,6,7,0,15,0,0,1,0,1,2,6,8,0,16,0,0,0,16
06/26/2018,GRI,NE,ACE,CE,Federal Contract Tower,0,7,8,0,15,0,0,19,2,21,0,7,27,2,36,22,0,22,58
06/27/2018,GRI,NE,ACE,CE,Federal Contract Tower,2,7,10,0,19,0,0,5,0,5,2,7,15,0,24,10,0,10,34
06/28/2018,GRI,NE,ACE,CE,Federal Contract Tower,2,12,14,0,28,0,0,3,6,9,2,12,17,6,37,0,0,0,37
06/29/2018,GRI,NE,ACE,CE,Federal Contract Tower,2,9,10,0,21,0,0,18,6,24,2,9,28,6,45,0,0,0,45
06/30/2018,GRI,NE,ACE,CE,Federal Contract Tower,0,7,3,0,10,0,0,0,0,0,0,7,3,0,10,0,0,0,10
07/01/2018,GRI,NE,ACE,CE,Federal Contract Tower,4,10,10,0,24,0,0,18,0,18,4,10,28,0,42,14,0,14,56
07/02/2018,GRI,NE,ACE,CE,Federal Contract Tower,2,9,1,0,12,0,0,13,0,13,2,9,14,0,25,30,0,30,55
07/03/2018,GRI,NE,ACE,CE,Federal Contract Tower,0,7,2,0,9,0,0,7,4,11,0,7,9,4,20,0,12,12,32
07/04/2018,GRI,NE,ACE,CE,Federal Contract Tower,0,3,3,0,6,0,0,22,5,27,0,3,25,5,33,0,0,0,33
07/05/2018,GRI,NE,ACE,CE,Federal Contract Tower,4,11,3,2,20,0,0,15,5,20,4,11,18,7,40,12,2,14,54
07/06/2018,GRI,NE,ACE,CE,Federal Contract Tower,2,12,20,0,34,0,0,16,2,18,2,12,36,2,52,22,4,26,78
07/07/2018,GRI,NE,ACE,CE,Federal Contract Tower,0,10,3,0,13,0,0,17,0,17,0,10,20,0,30,22,0,22,52
07/08/2018,GRI,NE,ACE,CE,Federal Contract Tower,4,4,1,0,9,0,0,3,0,3,4,4,4,0,12,0,0,0,12
07/09/2018,GRI,NE,ACE,CE,Federal Contract Tower,0,7,5,0,12,0,0,5,0,5,0,7,10,0,17,32,0,32,49
07/10/2018,GRI,NE,ACE,CE,Federal Contract Tower,0,7,14,0,21,0,0,14,7,21,0,7,28,7,42,38,0,38,80
07/11/2018,GRI,NE,ACE,CE,Federal Contract Tower,0,7,15,4,26,0,0,22,17,39,0,7,37,21,65,16,0,16,81
07/12/2018,GRI,NE,ACE,CE,Federal Contract Tower,2,9,32,1,44,0,0,20,12,32,2,9,52,13,76,0,0,0,76
07/13/2018,GRI,NE,ACE,CE,Federal Contract Tower,2,9,11,0,22,0,0,1,1,2,2,9,12,1,24,0,0,0,24
07/14/2018,GRI,NE,ACE,CE,Federal Contract Tower,0,9,11,0,20,0,0,2,6,8,0,9,13,6,28,2,18,20,48
07/15/2018,GRI,NE,ACE,CE,Federal Contract Tower,2,6,7,1,16,0,0,2,3,5,2,6,9,4,21,0,0,0,21
07/16/2018,GRI,NE,ACE,CE,Federal Contract Tower,2,8,8,0,18,0,1,23,0,24,2,9,31,0,42,0,0,0,42
07/17/2018,GRI,NE,ACE,CE,Federal Contract Tower,0,11,25,0,36,0,0,0,2,2,0,11,25,2,38,0,6,6,44
07/18/2018,GRI,NE,ACE,CE,Federal Contract Tower,0,10,8,0,18,0,0,3,5,8,0,10,11,5,26,2,0,2,28
07/19/2018,GRI,NE,ACE,CE,Federal Contract Tower,2,10,14,0,26,0,0,34,8,42,2,10,48,8,68,12,0,12,80
07/20/2018,GRI,NE,ACE,CE,Federal Contract Tower,2,9,3,0,14,0,0,14,2,16,2,9,17,2,30,6,0,6,36
07/21/2018,GRI,NE,ACE,CE,Federal Contract Tower,0,12,6,0,18,0,0,28,0,28,0,12,34,0,46,8,0,8,54
07/22/2018,GRI,NE,ACE,CE,Federal Contract Tower,2,7,1,0,10,0,0,15,0,15,2,7,16,0,25,0,0,0,25
07/23/2018,GRI,NE,ACE,CE,Federal Contract Tower,2,9,6,0,17,0,1,12,0,13,2,10,18,0,30,6,0,6,36
07/24/2018,GRI,NE,ACE,CE,Federal Contract Tower,0,10,10,0,20,0,0,22,3,25,0,10,32,3,45,4,2,6,51
07/25/2018,GRI,NE,ACE,CE,Federal Contract Tower,0,7,6,0,13,0,0,6,2,8,0,7,12,2,21,6,0,6,27
07/26/2018,GRI,NE,ACE,CE,Federal Contract Tower,2,13,11,0,26,0,0,33,8,41,2,13,44,8,67,12,0,12,79
07/27/2018,GRI,NE,ACE,CE,Federal Contract Tower,2,7,7,0,16,0,0,10,2,12,2,7,17,2,28,0,0,0,28
07/28/2018,GRI,NE,ACE,CE,Federal Contract Tower,0,6,6,0,12,0,0,3,2,5,0,6,9,2,17,0,0,0,17
07/29/2018,GRI,NE,ACE,CE,Federal Contract Tower,2,4,6,0,12,0,0,9,0,9,2,4,15,0,21,0,0,0,21
07/30/2018,GRI,NE,ACE,CE,Federal Contract Tower,2,10,6,0,18,0,0,7,0,7,2,10,13,0,25,18,0,18,43
07/31/2018,GRI,NE,ACE,CE,Federal Contract Tower,0,7,16,0,23,0,0,11,3,14,0,7,27,3,37,0,0,0,37
08/01/2018,GRI,NE,ACE,CE,Federal Contract Tower,0,7,10,0,17,0,0,27,3,30,0,7,37,3,47,8,0,8,55
08/02/2018,GRI,NE,ACE,CE,Federal Contract Tower,2,10,15,0,27,0,0,19,4,23,2,10,34,4,50,0,0,0,50
08/03/2018,GRI,NE,ACE,CE,Federal Contract Tower,2,9,3,0,14,0,0,9,2,11,2,9,12,2,25,0,0,0,25
08/04/2018,GRI,NE,ACE,CE,Federal Contract Tower,0,7,8,0,15,0,0,1,0,1,0,7,9,0,16,0,0,0,16
08/05/2018,GRI,NE,ACE,CE,Federal Contract Tower,2,4,11,0,17,0,0,6,2,8,2,4,17,2,25,0,0,0,25
08/06/2018,GRI,NE,ACE,CE,Federal Contract Tower,2,11,3,0,16,0,0,6,2,8,2,11,9,2,24,0,0,0,24
08/07/2018,GRI,NE,ACE,CE,Federal Contract Tower,0,10,12,0,22,0,0,3,3,6,0,10,15,3,28,0,0,0,28
08/08/2018,GRI,NE,ACE,CE,Federal Contract Tower,0,10,6,0,16,0,0,8,0,8,0,10,14,0,24,0,0,0,24
08/09/2018,GRI,NE,ACE,CE,Federal Contract Tower,2,15,13,2,32,0,0,22,5,27,2,15,35,7,59,2,0,2,61
08/10/2018,GRI,NE,ACE,CE,Federal Contract Tower,2,12,16,3,33,0,0,21,1,22,2,12,37,4,55,24,0,24,79
08/11/2018,GRI,NE,ACE,CE,Federal Contract Tower,0,7,9,0,16,0,0,7,2,9,0,7,16,2,25,2,0,2,27
08/12/2018,GRI,NE,ACE,CE,Federal Contract Tower,2,8,8,0,18,0,0,10,3,13,2,8,18,3,31,0,0,0,31
08/13/2018,GRI,NE,ACE,CE,Federal Contract Tower,2,6,10,0,18,0,0,13,0,13,2,6,23,0,31,8,0,8,39
08/14/2018,GRI,NE,ACE,CE,Federal Contract Tower,0,8,8,0,16,0,0,0,0,0,0,8,8,0,16,0,0,0,16
08/15/2018,GRI,NE,ACE,CE,Federal Contract Tower,0,8,20,2,30,0,0,12,2,14,0,8,32,4,44,8,0,8,52
08/16/2018,GRI,NE,ACE,CE,Federal Contract Tower,2,10,8,0,20,0,0,13,4,17,2,10,21,4,37,14,0,14,51
08/17/2018,GRI,NE,ACE,CE,Federal Contract Tower,2,9,5,0,16,0,0,28,0,28,2,9,33,0,44,12,0,12,56
08/18/2018,GRI,NE,ACE,CE,Federal Contract Tower,0,9,5,0,14,0,3,8,8,19,0,12,13,8,33,4,0,4,37
08/19/2018,GRI,NE,ACE,CE,Federal Contract Tower,2,4,7,0,13,0,0,0,0,0,2,4,7,0,13,0,0,0,13
08/20/2018,GRI,NE,ACE,CE,Federal Contract Tower,2,9,9,0,20,0,0,1,0,1,2,9,10,0,21,0,0,0,21
08/21/2018,GRI,NE,ACE,CE,Federal Contract Tower,2,6,9,2,19,0,0,8,5,13,2,6,17,7,32,10,10,20,52
08/22/2018,GRI,NE,ACE,CE,Federal Contract Tower,4,6,7,6,23,0,0,11,2,13,4,6,18,8,36,0,0,0,36
08/23/2018,GRI,NE,ACE,CE,Federal Contract Tower,4,12,14,0,30,0,0,0,0,0,4,12,14,0,30,0,0,0,30
08/24/2018,GRI,NE,ACE,CE,Federal Contract Tower,4,10,6,0,20,0,0,27,0,27,4,10,33,0,47,0,0,0,47
08/25/2018,GRI,NE,ACE,CE,Federal Contract Tower,2,5,2,0,9,0,0,9,1,10,2,5,11,1,19,22,0,22,41
08/26/2018,GRI,NE,ACE,CE,Federal Contract Tower,6,0,4,0,10,0,0,8,0,8,6,0,12,0,18,0,0,0,18
08/27/2018,GRI,NE,ACE,CE,Federal Contract Tower,4,5,2,0,11,0,0,6,0,6,4,5,8,0,17,0,0,0,17
08/28/2018,GRI,NE,ACE,CE,Federal Contract Tower,2,8,10,0,20,0,0,2,3,5,2,8,12,3,25,0,6,6,31
08/29/2018,GRI,NE,ACE,CE,Federal Contract Tower,2,5,7,0,14,0,0,17,3,20,2,5,24,3,34,16,2,18,52
08/30/2018,GRI,NE,ACE,CE,Federal Contract Tower,4,14,11,1,30,0,0,0,4,4,4,14,11,5,34,0,0,0,34
08/31/2018,GRI,NE,ACE,CE,Federal Contract Tower,4,6,5,0,15,0,0,4,0,4,4,6,9,0,19,22,0,22,41
09/01/2018,GRI,NE,ACE,CE,Federal Contract Tower,2,3,9,0,14,0,1,2,0,3,2,4,11,0,17,0,0,0,17
09/02/2018,GRI,NE,ACE,CE,Federal Contract Tower,5,0,4,0,9,0,0,4,0,4,5,0,8,0,13,6,0,6,19
09/03/2018,GRI,NE,ACE,CE,Federal Contract Tower,6,2,2,0,10,0,0,0,0,0,6,2,2,0,10,0,0,0,10
09/04/2018,GRI,NE,ACE,CE,Federal Contract Tower,4,5,4,0,13,0,0,0,0,0,4,5,4,0,13,0,0,0,13
09/05/2018,GRI,NE,ACE,CE,Federal Contract Tower,2,5,9,0,16,0,0,0,0,0,2,5,9,0,16,0,0,0,16
09/06/2018,GRI,NE,ACE,CE,Federal Contract Tower,4,5,13,0,22,0,0,6,4,10,4,5,19,4,32,8,0,8,40
09/07/2018,GRI,NE,ACE,CE,Federal Contract Tower,7,9,7,0,23,0,0,2,0,2,7,9,9,0,25,6,0,6,31
09/08/2018,GRI,NE,ACE,CE,Federal Contract Tower,2,5,12,0,19,0,0,0,1,1,2,5,12,1,20,0,0,0,20
09/09/2018,GRI,NE,ACE,CE,Federal Contract Tower,6,2,3,3,14,0,0,6,2,8,6,2,9,5,22,0,0,0,22
09/10/2018,GRI,NE,ACE,CE,Federal Contract Tower,8,3,16,0,27,0,0,20,0,20,8,3,36,0,47,44,0,44,91
09/11/2018,GRI,NE,ACE,CE,Federal Contract Tower,2,6,13,0,21,0,0,39,5,44,2,6,52,5,65,18,0,18,83
09/12/2018,GRI,NE,ACE,CE,Federal Contract Tower,2,5,16,2,25,0,0,25,1,26,2,5,41,3,51,0,0,0,51
09/13/2018,GRI,NE,ACE,CE,Federal Contract Tower,5,5,24,1,35,0,0,23,7,30,5,5,47,8,65,0,0,0,65
09/14/2018,GRI,NE,ACE,CE,Federal Contract Tower,6,11,8,3,28,0,0,12,6,18,6,11,20,9,46,12,0,12,58
09/15/2018,GRI,NE,ACE,CE,Federal Contract Tower,2,6,9,0,17,0,0,6,0,6,2,6,15,0,23,4,0,4,27
09/16/2018,GRI,NE,ACE,CE,Federal Contract Tower,6,2,9,0,17,0,0,15,0,15,6,2,24,0,32,4,0,4,36
09/17/2018,GRI,NE,ACE,CE,Federal Contract Tower,6,7,10,0,23,0,0,16,1,17,6,7,26,1,40,20,0,20,60
09/18/2018,GRI,NE,ACE,CE,Federal Contract Tower,2,9,5,0,16,0,0,6,5,11,2,9,11,5,27,10,10,20,47
09/19/2018,GRI,NE,ACE,CE,Federal Contract Tower,2,6,11,0,19,0,0,10,5,15,2,6,21,5,34,46,0,46,80
09/20/2018,GRI,NE,ACE,CE,Federal Contract Tower,4,8,13,0,25,0,0,13,1,14,4,8,26,1,39,14,0,14,53
09/21/2018,GRI,NE,ACE,CE,Federal Contract Tower,6,6,4,4,20,0,0,17,4,21,6,6,21,8,41,4,0,4,45
09/22/2018,GRI,NE,ACE,CE,Federal Contract Tower,2,5,5,5,17,0,0,24,0,24,2,5,29,5,41,32,0,32,73
09/23/2018,GRI,NE,ACE,CE,Federal Contract Tower,6,2,3,0,11,0,0,6,0,6,6,2,9,0,17,2,0,2,19
09/24/2018,GRI,NE,ACE,CE,Federal Contract Tower,6,3,10,0,19,0,0,0,0,0,6,3,10,0,19,0,0,0,19
09/25/2018,GRI,NE,ACE,CE,Federal Contract Tower,2,7,11,0,20,0,0,1,0,1,2,7,12,0,21,0,0,0,21
09/26/2018,GRI,NE,ACE,CE,Federal Contract Tower,2,6,4,4,16,0,0,25,3,28,2,6,29,7,44,4,2,6,50
09/27/2018,GRI,NE,ACE,CE,Federal Contract Tower,4,5,3,6,18,0,0,16,7,23,4,5,19,13,41,0,10,10,51
09/28/2018,GRI,NE,ACE,CE,Federal Contract Tower,6,6,10,0,22,0,0,0,2,2,6,6,10,2,24,0,0,0,24
09/29/2018,GRI,NE,ACE,CE,Federal Contract Tower,2,5,6,1,14,0,0,0,0,0,2,5,6,1,14,0,0,0,14
09/30/2018,GRI,NE,ACE,CE,Federal Contract Tower,6,0,2,0,8,0,0,0,0,0,6,0,2,0,8,0,0,0,8
10/01/2018,GRI,NE,ACE,CE,Federal Contract Tower,6,3,10,0,19,0,0,4,0,4,6,3,14,0,23,0,0,0,23
10/02/2018,GRI,NE,ACE,CE,Federal Contract Tower,2,9,7,0,18,0,0,1,0,1,2,9,8,0,19,0,0,0,19
10/03/2018,GRI,NE,ACE,CE,Federal Contract Tower,4,6,12,0,22,0,0,13,1,14,4,6,25,1,36,0,0,0,36
10/04/2018,GRI,NE,ACE,CE,Federal Contract Tower,6,7,13,0,26,0,0,9,3,12,6,7,22,3,38,0,0,0,38
10/05/2018,GRI,NE,ACE,CE,Federal Contract Tower,6,8,7,0,21,0,0,0,0,0,6,8,7,0,21,0,0,0,21
10/06/2018,GRI,NE,ACE,CE,Federal Contract Tower,2,4,8,0,14,0,0,11,0,11,2,4,19,0,25,2,0,2,27
10/07/2018,GRI,NE,ACE,CE,Federal Contract Tower,4,0,1,0,5,0,0,0,0,0,4,0,1,0,5,0,0,0,5
10/08/2018,GRI,NE,ACE,CE,Federal Contract Tower,8,3,7,0,18,0,0,0,0,0,8,3,7,0,18,0,0,0,18
10/09/2018,GRI,NE,ACE,CE,Federal Contract Tower,0,7,4,0,11,0,0,0,0,0,0,7,4,0,11,0,0,0,11
10/10/2018,GRI,NE,ACE,CE,Federal Contract Tower,4,10,9,4,27,0,1,2,6,9,4,11,11,10,36,10,16,26,62
10/11/2018,GRI,NE,ACE,CE,Federal Contract Tower,5,6,6,0,17,0,4,21,18,43,5,10,27,18,60,2,0,2,62
10/12/2018,GRI,NE,ACE,CE,Federal Contract Tower,4,7,10,0,21,0,1,3,2,6,4,8,13,2,27,0,0,0,27
10/13/2018,GRI,NE,ACE,CE,Federal Contract Tower,2,5,2,0,9,0,0,6,0,6,2,5,8,0,15,6,0,6,21
10/14/2018,GRI,NE,ACE,CE,Federal Contract Tower,4,0,4,0,8,0,0,0,0,0,4,0,4,0,8,0,0,0,8
10/15/2018,GRI,NE,ACE,CE,Federal Contract Tower,4,5,11,0,20,0,0,9,0,9,4,5,20,0,29,12,0,12,41
10/16/2018,GRI,NE,ACE,CE,Federal Contract Tower,2,7,5,1,15,0,0,8,5,13,2,7,13,6,28,6,10,16,44
10/17/2018,GRI,NE,ACE,CE,Federal Contract Tower,5,6,8,2,21,0,0,14,8,22,5,6,22,10,43,22,0,22,65
10/18/2018,GRI,NE,ACE,CE,Federal Contract Tower,4,7,5,0,16,0,0,3,8,11,4,7,8,8,27,0,0,0,27
10/19/2018,GRI,NE,ACE,CE,Federal Contract Tower,4,6,15,0,25,0,0,16,5,21,4,6,31,5,46,4,12,16,62
10/20/2018,GRI,NE,ACE,CE,Federal Contract Tower,2,7,4,1,14,0,0,9,3,12,2,7,13,4,26,20,2,22,48
10/21/2018,GRI,NE,ACE,CE,Federal Contract Tower,4,0,9,0,13,0,0,18,0,18,4,0,27,0,31,10,0,10,41
10/22/2018,GRI,NE,ACE,CE,Federal Contract Tower,6,3,5,0,14,0,0,14,0,14,6,3,19,0,28,16,0,16,44
10/23/2018,GRI,NE,ACE,CE,Federal Contract Tower,2,6,19,0,27,0,4,22,0,26,2,10,41,0,53,42,0,42,95
10/24/2018,GRI,NE,ACE,CE,Federal Contract Tower,2,6,4,0,12,0,0,6,3,9,2,6,10,3,21,0,0,0,21
10/25/2018,GRI,NE,ACE,CE,Federal Contract Tower,4,6,11,0,21,0,0,0,2,2,4,6,11,2,23,0,0,0,23
10/26/2018,GRI,NE,ACE,CE,Federal Contract Tower,4,4,10,0,18,0,0,17,0,17,4,4,27,0,35,36,0,36,71
10/27/2018,GRI,NE,ACE,CE,Federal Contract Tower,3,6,5,0,14,0,0,4,0,4,3,6,9,0,18,0,0,0,18
10/28/2018,GRI,NE,ACE,CE,Federal Contract Tower,4,2,4,0,10,0,0,9,0,9,4,2,13,0,19,2,0,2,21
10/29/2018,GRI,NE,ACE,CE,Federal Contract Tower,4,3,3,0,10,0,0,2,17,19,4,3,5,17,29,18,0,18,47
10/30/2018,GRI,NE,ACE,CE,Federal Contract Tower,2,5,3,0,10,0,0,8,0,8,2,5,11,0,18,12,0,12,30
10/31/2018,GRI,NE,ACE,CE,Federal Contract Tower,2,8,4,0,14,0,0,12,5,17,2,8,16,5,31,10,0,10,41
11/01/2018,GRI,NE,ACE,CE,Federal Contract Tower,4,5,4,0,13,0,0,22,4,26,4,5,26,4,39,14,0,14,53
11/02/2018,GRI,NE,ACE,CE,Federal Contract Tower,4,5,5,2,16,0,0,18,10,28,4,5,23,12,44,16,10,26,70
11/03/2018,GRI,NE,ACE,CE,Federal Contract Tower,2,7,3,0,12,0,0,2,0,2,2,7,5,0,14,0,0,0,14
11/04/2018,GRI,NE,ACE,CE,Federal Contract Tower,4,0,3,0,7,0,0,8,6,14,4,0,11,6,21,0,0,0,21
11/05/2018,GRI,NE,ACE,CE,Federal Contract Tower,4,3,3,0,10,0,0,2,0,2,4,3,5,0,12,8,0,8,20
11/06/2018,GRI,NE,ACE,CE,Federal Contract Tower,2,10,8,2,22,0,0,14,7,21,2,10,22,9,43,26,10,36,79
11/07/2018,GRI,NE,ACE,CE,Federal Contract Tower,4,6,9,3,22,0,0,13,1,14,4,6,22,4,36,0,0,0,36
11/08/2018,GRI,NE,ACE,CE,Federal Contract Tower,4,9,4,0,17,0,0,0,10,10,4,9,4,10,27,0,0,0,27
11/09/2018,GRI,NE,ACE,CE,Federal Contract Tower,3,6,9,0,18,0,2,6,3,11,3,8,15,3,29,10,0,10,39
11/10/2018,GRI,NE,ACE,CE,Federal Contract Tower,4,6,5,0,15,0,0,4,4,8,4,6,9,4,23,0,0,0,23
11/11/2018,GRI,NE,ACE,CE,Federal Contract Tower,6,1,3,0,10,0,0,8,0,8,6,1,11,0,18,14,0,14,32
11/12/2018,GRI,NE,ACE,CE,Federal Contract Tower,6,5,7,0,18,0,0,4,0,4,6,5,11,0,22,0,0,0,22
11/13/2018,GRI,NE,ACE,CE,Federal Contract Tower,2,6,8,0,16,0,0,25,0,25,2,6,33,0,41,0,0,0,41
11/14/2018,GRI,NE,ACE,CE,Federal Contract Tower,2,7,3,1,13,0,0,22,5,27,2,7,25,6,40,22,0,22,62
11/15/2018,GRI,NE,ACE,CE,Federal Contract Tower,4,8,13,0,25,0,0,11,17,28,4,8,24,17,53,28,22,50,103
11/16/2018,GRI,NE,ACE,CE,Federal Contract Tower,5,10,4,3,22,0,0,10,1,11,5,10,14,4,33,0,0,0,33
11/17/2018,GRI,NE,ACE,CE,Federal Contract Tower,2,5,2,0,9,0,0,0,0,0,2,5,2,0,9,0,0,0,9
11/18/2018,GRI,NE,ACE,CE,Federal Contract Tower,4,0,2,1,7,0,0,5,0,5,4,0,7,1,12,0,0,0,12
11/19/2018,GRI,NE,ACE,CE,Federal Contract Tower,2,3,4,0,9,0,0,3,0,3,2,3,7,0,12,0,0,0,12
11/20/2018,GRI,NE,ACE,CE,Federal Contract Tower,5,7,7,0,19,0,0,6,2,8,5,7,13,2,27,20,0,20,47
11/21/2018,GRI,NE,ACE,CE,Federal Contract Tower,2,7,7,2,18,0,0,13,5,18,2,7,20,7,36,8,0,8,44
11/22/2018,GRI,NE,ACE,CE,Federal Contract Tower,2,0,0,0,2,0,0,7,0,7,2,0,7,0,9,0,0,0,9
11/23/2018,GRI,NE,ACE,CE,Federal Contract Tower,3,5,0,0,8,0,0,9,0,9,3,5,9,0,17,0,0,0,17
11/24/2018,GRI,NE,ACE,CE,Federal Contract Tower,6,5,3,0,14,0,0,4,0,4,6,5,7,0,18,2,0,2,20
11/25/2018,GRI,NE,ACE,CE,Federal Contract Tower,7,0,3,0,10,0,0,1,0,1,7,0,4,0,11,0,0,0,11
11/26/2018,GRI,NE,ACE,CE,Federal Contract Tower,4,6,8,0,18,0,0,5,0,5,4,6,13,0,23,8,0,8,31
11/27/2018,GRI,NE,ACE,CE,Federal Contract Tower,2,7,9,0,18,0,0,1,0,1,2,7,10,0,19,0,0,0,19
11/28/2018,GRI,NE,ACE,CE,Federal Contract Tower,2,9,10,1,22,0,1,5,2,8,2,10,15,3,30,22,0,22,52
11/29/2018,GRI,NE,ACE,CE,Federal Contract Tower,4,12,11,0,27,0,2,6,10,18,4,14,17,10,45,0,0,0,45
11/30/2018,GRI,NE,ACE,CE,Federal Contract Tower,4,8,3,0,15,0,0,0,0,0,4,8,3,0,15,0,0,0,15
12/01/2018,GRI,NE,ACE,CE,Federal Contract Tower,2,0,1,0,3,0,0,0,0,0,2,0,1,0,3,0,0,0,3
12/02/2018,GRI,NE,ACE,CE,Federal Contract Tower,2,1,2,0,5,0,0,0,0,0,2,1,2,0,5,0,0,0,5
12/03/2018,GRI,NE,ACE,CE,Federal Contract Tower,3,4,7,0,14,0,0,2,0,2,3,4,9,0,16,10,0,10,26
12/04/2018,GRI,NE,ACE,CE,Federal Contract Tower,2,5,6,0,13,0,0,4,15,19,2,5,10,15,32,18,12,30,62
12/05/2018,GRI,NE,ACE,CE,Federal Contract Tower,4,8,2,0,14,0,1,20,0,21,4,9,22,0,35,30,0,30,65
12/06/2018,GRI,NE,ACE,CE,Federal Contract Tower,4,6,11,2,23,0,0,4,8,12,4,6,15,10,35,26,6,32,67
12/07/2018,GRI,NE,ACE,CE,Federal Contract Tower,4,7,5,14,30,2,0,23,14,39,6,7,28,28,69,28,36,64,133
12/08/2018,GRI,NE,ACE,CE,Federal Contract Tower,2,5,1,0,8,0,0,7,0,7,2,5,8,0,15,22,0,22,37
12/09/2018,GRI,NE,ACE,CE,Federal Contract Tower,4,2,4,0,10,0,0,10,0,10,4,2,14,0,20,4,0,4,24
12/10/2018,GRI,NE,ACE,CE,Federal Contract Tower,4,3,3,0,10,0,0,6,0,6,4,3,9,0,16,16,0,16,32
12/11/2018,GRI,NE,ACE,CE,Federal Contract Tower,2,7,14,0,23,0,1,9,11,21,2,8,23,11,44,10,20,30,74
12/12/2018,GRI,NE,ACE,CE,Federal Contract Tower,4,6,4,0,14,0,2,11,7,20,4,8,15,7,34,18,0,18,52
12/13/2018,GRI,NE,ACE,CE,Federal Contract Tower,5,8,11,2,26,0,0,5,1,6,5,8,16,3,32,6,0,6,38
12/14/2018,GRI,NE,ACE,CE,Federal Contract Tower,4,4,3,1,12,0,2,20,2,24,4,6,23,3,36,30,0,30,66
12/15/2018,GRI,NE,ACE,CE,Federal Contract Tower,2,5,2,0,9,0,0,20,0,20,2,5,22,0,29,14,0,14,43
12/16/2018,GRI,NE,ACE,CE,Federal Contract Tower,4,0,7,1,12,0,0,12,0,12,4,0,19,1,24,2,0,2,26
12/17/2018,GRI,NE,ACE,CE,Federal Contract Tower,5,7,2,0,14,0,0,5,0,5,5,7,7,0,19,10,0,10,29
12/18/2018,GRI,NE,ACE,CE,Federal Contract Tower,2,10,14,2,28,0,1,13,9,23,2,11,27,11,51,20,0,20,71
12/19/2018,GRI,NE,ACE,CE,Federal Contract Tower,0,11,5,1,17,0,1,2,4,7,0,12,7,5,24,0,2,2,26
12/20/2018,GRI,NE,ACE,CE,Federal Contract Tower,2,12,7,1,22,0,1,4,4,9,2,13,11,5,31,16,6,22,53
12/21/2018,GRI,NE,ACE,CE,Federal Contract Tower,2,11,17,0,30,0,1,19,0,20,2,12,36,0,50,26,0,26,76
12/22/2018,GRI,NE,ACE,CE,Federal Contract Tower,0,6,4,0,10,0,0,4,0,4,0,6,8,0,14,2,0,2,16
12/23/2018,GRI,NE,ACE,CE,Federal Contract Tower,2,4,3,0,9,0,0,2,0,2,2,4,5,0,11,0,0,0,11
12/24/2018,GRI,NE,ACE,CE,Federal Contract Tower,2,7,2,0,11,0,0,6,0,6,2,7,8,0,17,0,0,0,17
12/25/2018,GRI,NE,ACE,CE,Federal Contract Tower,0,2,0,0,2,0,0,4,0,4,0,2,4,0,6,0,0,0,6
12/26/2018,GRI,NE,ACE,CE,Federal Contract Tower,1,9,6,0,16,0,0,0,0,0,1,9,6,0,16,0,0,0,16
12/27/2018,GRI,NE,ACE,CE,Federal Contract Tower,2,4,1,0,7,0,0,0,0,0,2,4,1,0,7,0,0,0,7
12/28/2018,GRI,NE,ACE,CE,Federal Contract Tower,2,10,0,0,12,0,0,0,0,0,2,10,0,0,12,0,0,0,12
12/29/2018,GRI,NE,ACE,CE,Federal Contract Tower,0,7,8,0,15,0,0,4,0,4,0,7,12,0,19,8,0,8,27
12/30/2018,GRI,NE,ACE,CE,Federal Contract Tower,2,6,2,0,10,0,0,2,0,2,2,6,4,0,12,0,0,0,12
12/31/2018,GRI,NE,ACE,CE,Federal Contract Tower,2,6,0,0,8,0,0,0,0,0,2,6,0,0,8,0,0,0,8
01/01/2019,GRI,NE,ACE,CE,Federal Contract Tower,0,4,7,0,11,0,0,0,0,0,0,4,7,0,11,0,0,0,11
01/02/2019,GRI,NE,ACE,CE,Federal Contract Tower,4,10,7,4,25,0,0,5,0,5,4,10,12,4,30,6,0,6,36
01/03/2019,GRI,NE,ACE,CE,Federal Contract Tower,2,9,6,1,18,0,0,7,9,16,2,9,13,10,34,0,8,8,42
01/04/2019,GRI,NE,ACE,CE,Federal Contract Tower,2,9,4,0,15,0,0,21,0,21,2,9,25,0,36,62,0,62,98
01/05/2019,GRI,NE,ACE,CE,Federal Contract Tower,7,6,0,0,13,0,0,13,3,16,7,6,13,3,29,34,0,34,63
01/06/2019,GRI,NE,ACE,CE,Federal Contract Tower,4,4,0,1,9,0,0,0,2,2,4,4,0,3,11,0,0,0,11
01/07/2019,GRI,NE,ACE,CE,Federal Contract Tower,2,7,7,0,16,0,0,2,0,2,2,7,9,0,18,0,0,0,18
01/08/2019,GRI,NE,ACE,CE,Federal Contract Tower,0,8,6,2,16,0,1,3,5,9,0,9,9,7,25,0,4,4,29
01/09/2019,GRI,NE,ACE,CE,Federal Contract Tower,0,9,4,2,15,0,0,15,0,15,0,9,19,2,30,4,0,4,34
01/10/2019,GRI,NE,ACE,CE,Federal Contract Tower,4,12,10,0,26,0,0,17,3,20,4,12,27,3,46,8,0,8,54
01/11/2019,GRI,NE,ACE,CE,Federal Contract Tower,2,11,3,0,16,0,0,0,0,0,2,11,3,0,16,6,0,6,22
01/12/2019,GRI,NE,ACE,CE,Federal Contract Tower,0,7,16,1,24,0,0,0,0,0,0,7,16,1,24,0,0,0,24
01/13/2019,GRI,NE,ACE,CE,Federal Contract Tower,4,4,1,0,9,0,0,2,0,2,4,4,3,0,11,0,0,0,11
01/14/2019,GRI,NE,ACE,CE,Federal Contract Tower,1,7,12,0,20,0,0,1,0,1,1,7,13,0,21,0,0,0,21
01/15/2019,GRI,NE,ACE,CE,Federal Contract Tower,0,7,13,0,20,0,0,1,1,2,0,7,14,1,22,0,0,0,22
01/16/2019,GRI,NE,ACE,CE,Federal Contract Tower,0,11,6,0,17,0,0,0,0,0,0,11,6,0,17,0,0,0,17
01/17/2019,GRI,NE,ACE,CE,Federal Contract Tower,2,10,9,2,23,0,0,2,0,2,2,10,11,2,25,0,0,0,25
01/18/2019,GRI,NE,ACE,CE,Federal Contract Tower,2,6,1,0,9,0,0,0,0,0,2,6,1,0,9,0,0,0,9
01/19/2019,GRI,NE,ACE,CE,Federal Contract Tower,0,7,3,0,10,0,0,4,4,8,0,7,7,4,18,8,0,8,26
01/20/2019,GRI,NE,ACE,CE,Federal Contract Tower,2,4,4,0,10,0,0,7,0,7,2,4,11,0,17,2,0,2,19
01/21/2019,GRI,NE,ACE,CE,Federal Contract Tower,1,6,6,0,13,0,0,0,0,0,1,6,6,0,13,0,0,0,13
01/22/2019,GRI,NE,ACE,CE,Federal Contract Tower,0,5,7,0,12,0,0,0,0,0,0,5,7,0,12,0,0,0,12
01/23/2019,GRI,NE,ACE,CE,Federal Contract Tower,0,11,8,0,19,0,0,11,0,11,0,11,19,0,30,2,4,6,36
01/24/2019,GRI,NE,ACE,CE,Federal Contract Tower,2,9,9,0,20,0,0,4,0,4,2,9,13,0,24,10,0,10,34
01/25/2019,GRI,NE,ACE,CE,Federal Contract Tower,2,9,4,0,15,0,0,6,0,6,2,9,10,0,21,8,0,8,29
01/26/2019,GRI,NE,ACE,CE,Federal Contract Tower,0,7,1,0,8,0,0,10,0,10,0,7,11,0,18,2,0,2,20
01/27/2019,GRI,NE,ACE,CE,Federal Contract Tower,2,4,3,0,9,0,0,5,0,5,2,4,8,0,14,6,0,6,20
01/28/2019,GRI,NE,ACE,CE,Federal Contract Tower,1,9,8,0,18,0,0,0,0,0,1,9,8,0,18,0,0,0,18
01/29/2019,GRI,NE,ACE,CE,Federal Contract Tower,0,8,5,2,15,0,0,0,0,0,0,8,5,2,15,0,0,0,15
01/30/2019,GRI,NE,ACE,CE,Federal Contract Tower,0,7,11,0,18,0,0,0,0,0,0,7,11,0,18,4,0,4,22
01/31/2019,GRI,NE,ACE,CE,Federal Contract Tower,2,12,5,0,19,0,0,28,3,31,2,12,33,3,50,60,2,62,112
02/01/2019,GRI,NE,ACE,CE,Federal Contract Tower,2,10,7,0,19,0,2,5,0,7,2,12,12,0,26,10,0,10,36
02/02/2019,GRI,NE,ACE,CE,Federal Contract Tower,1,7,2,0,10,0,0,0,0,0,1,7,2,0,10,0,0,0,10
02/03/2019,GRI,NE,ACE,CE,Federal Contract Tower,3,4,1,0,8,0,0,1,0,1,3,4,2,0,9,0,0,0,9
02/04/2019,GRI,NE,ACE,CE,Federal Contract Tower,2,8,6,0,16,0,0,4,0,4,2,8,10,0,20,4,0,4,24
02/05/2019,GRI,NE,ACE,CE,Federal Contract Tower,0,8,9,0,17,0,0,0,4,4,0,8,9,4,21,6,0,6,27
02/06/2019,GRI,NE,ACE,CE,Federal Contract Tower,0,10,3,0,13,0,0,0,0,0,0,10,3,0,13,0,0,0,13
02/07/2019,GRI,NE,ACE,CE,Federal Contract Tower,2,11,5,0,18,0,0,0,2,2,2,11,5,2,20,0,0,0,20
02/08/2019,GRI,NE,ACE,CE,Federal Contract Tower,2,10,12,0,24,0,0,4,3,7,2,10,16,3,31,10,12,22,53
02/09/2019,GRI,NE,ACE,CE,Federal Contract Tower,0,8,6,0,14,0,0,0,5,5,0,8,6,5,19,0,0,0,19
02/10/2019,GRI,NE,ACE,CE,Federal Contract Tower,2,6,2,0,10,0,0,0,0,0,2,6,2,0,10,0,0,0,10
02/11/2019,GRI,NE,ACE,CE,Federal Contract Tower,2,5,3,0,10,0,0,0,0,0,2,5,3,0,10,0,0,0,10
02/12/2019,GRI,NE,ACE,CE,Federal Contract Tower,0,11,7,0,18,0,0,11,1,12,0,11,18,1,30,4,0,4,34
02/13/2019,GRI,NE,ACE,CE,Federal Contract Tower,2,7,11,0,20,0,0,12,0,12,2,7,23,0,32,18,0,18,50
02/14/2019,GRI,NE,ACE,CE,Federal Contract Tower,2,15,5,0,22,0,0,5,2,7,2,15,10,2,29,0,0,0,29
02/15/2019,GRI,NE,ACE,CE,Federal Contract Tower,4,9,1,2,16,0,0,0,0,0,4,9,1,2,16,0,0,0,16
02/16/2019,GRI,NE,ACE,CE,Federal Contract Tower,3,6,2,0,11,0,0,0,0,0,3,6,2,0,11,0,0,0,11
02/17/2019,GRI,NE,ACE,CE,Federal Contract Tower,5,2,2,0,9,0,0,1,0,1,5,2,3,0,10,0,0,0,10
02/18/2019,GRI,NE,ACE,CE,Federal Contract Tower,5,7,7,0,19,0,0,1,0,1,5,7,8,0,20,0,0,0,20
02/19/2019,GRI,NE,ACE,CE,Federal Contract Tower,3,9,2,0,14,0,0,0,0,0,3,9,2,0,14,0,0,0,14
02/20/2019,GRI,NE,ACE,CE,Federal Contract Tower,4,8,7,0,19,0,0,5,0,5,4,8,12,0,24,6,0,6,30
02/21/2019,GRI,NE,ACE,CE,Federal Contract Tower,5,9,9,0,23,0,0,15,3,18,5,9,24,3,41,38,12,50,91
02/22/2019,GRI,NE,ACE,CE,Federal Contract Tower,5,6,5,0,16,0,0,0,0,0,5,6,5,0,16,0,0,0,16
02/23/2019,GRI,NE,ACE,CE,Federal Contract Tower,1,0,0,0,1,0,0,0,0,0,1,0,0,0,1,0,0,0,1
02/24/2019,GRI,NE,ACE,CE,Federal Contract Tower,4,2,3,0,9,0,0,0,0,0,4,2,3,0,9,0,0,0,9
02/25/2019,GRI,NE,ACE,CE,Federal Contract Tower,5,10,1,0,16,0,0,2,0,2,5,10,3,0,18,0,0,0,18
02/26/2019,GRI,NE,ACE,CE,Federal Contract Tower,3,5,4,2,14,0,0,0,0,0,3,5,4,2,14,0,0,0,14
02/27/2019,GRI,NE,ACE,CE,Federal Contract Tower,5,5,5,4,19,0,2,4,3,9,5,7,9,7,28,16,0,16,44
02/28/2019,GRI,NE,ACE,CE,Federal Contract Tower,5,7,9,0,21,0,0,17,4,21,5,7,26,4,42,28,0,28,70
03/01/2019,GRI,NE,ACE,CE,Federal Contract Tower,5,7,12,0,24,0,0,6,0,6,5,7,18,0,30,12,0,12,42
03/02/2019,GRI,NE,ACE,CE,Federal Contract Tower,3,6,5,0,14,0,0,0,0,0,3,6,5,0,14,0,0,0,14
03/03/2019,GRI,NE,ACE,CE,Federal Contract Tower,5,2,0,0,7,0,0,0,0,0,5,2,0,0,7,0,0,0,7
03/04/2019,GRI,NE,ACE,CE,Federal Contract Tower,5,5,1,0,11,0,0,3,0,3,5,5,4,0,14,10,0,10,24
03/05/2019,GRI,NE,ACE,CE,Federal Contract Tower,6,5,7,0,18,0,0,7,0,7,6,5,14,0,25,8,0,8,33
03/06/2019,GRI,NE,ACE,CE,Federal Contract Tower,6,5,7,2,20,0,0,10,7,17,6,5,17,9,37,14,10,24,61
03/07/2019,GRI,NE,ACE,CE,Federal Contract Tower,5,12,4,0,21,0,0,0,0,0,5,12,4,0,21,0,0,0,21
03/08/2019,GRI,NE,ACE,CE,Federal Contract Tower,5,17,3,0,25,0,0,0,0,0,5,17,3,0,25,0,0,0,25
03/09/2019,GRI,NE,ACE,CE,Federal Contract Tower,4,0,3,0,7,0,0,0,0,0,4,0,3,0,7,0,0,0,7
03/10/2019,GRI,NE,ACE,CE,Federal Contract Tower,7,0,9,0,16,0,0,11,4,15,7,0,20,4,31,10,0,10,41
03/11/2019,GRI,NE,ACE,CE,Federal Contract Tower,5,7,9,0,21,0,0,24,0,24,5,7,33,0,45,12,0,12,57
03/12/2019,GRI,NE,ACE,CE,Federal Contract Tower,3,7,6,0,16,0,0,0,0,0,3,7,6,0,16,0,0,0,16
03/13/2019,GRI,NE,ACE,CE,Federal Contract Tower,4,3,6,0,13,0,0,0,0,0,4,3,6,0,13,0,0,0,13
03/14/2019,GRI,NE,ACE,CE,Federal Contract Tower,1,0,1,0,2,0,0,0,0,0,1,0,1,0,2,0,0,0,2
03/15/2019,GRI,NE,ACE,CE,Federal Contract Tower,5,8,10,0,23,0,2,27,9,38,5,10,37,9,61,12,30,42,103
03/16/2019,GRI,NE,ACE,CE,Federal Contract Tower,3,7,6,0,16,0,0,27,5,32,3,7,33,5,48,12,0,12,60
03/17/2019,GRI,NE,ACE,CE,Federal Contract Tower,3,4,9,0,16,0,0,14,3,17,3,4,23,3,33,4,0,4,37
03/18/2019,GRI,NE,ACE,CE,Federal Contract Tower,5,5,7,0,17,0,0,15,4,19,5,5,22,4,36,2,0,2,38
03/19/2019,GRI,NE,ACE,CE,Federal Contract Tower,3,5,9,0,17,0,0,0,2,2,3,5,9,2,19,0,0,0,19
03/20/2019,GRI,NE,ACE,CE,Federal Contract Tower,5,5,5,0,15,0,0,20,3,23,5,5,25,3,38,30,0,30,68
03/21/2019,GRI,NE,ACE,CE,Federal Contract Tower,5,11,6,1,23,0,0,30,3,33,5,11,36,4,56,10,0,10,66
03/22/2019,GRI,NE,ACE,CE,Federal Contract Tower,5,7,0,1,13,0,0,0,0,0,5,7,0,1,13,10,0,10,23
03/23/2019,GRI,NE,ACE,CE,Federal Contract Tower,3,4,6,0,13,0,1,2,3,6,3,5,8,3,19,0,0,0,19
03/24/2019,GRI,NE,ACE,CE,Federal Contract Tower,5,2,5,1,13,0,0,1,0,1,5,2,6,1,14,0,0,0,14
03/25/2019,GRI,NE,ACE,CE,Federal Contract Tower,5,8,3,0,16,0,0,2,4,6,5,8,5,4,22,4,0,4,26
03/26/2019,GRI,NE,ACE,CE,Federal Contract Tower,3,7,7,0,17,0,0,9,2,11,3,7,16,2,28,0,0,0,28
03/27/2019,GRI,NE,ACE,CE,Federal Contract Tower,5,6,6,0,17,0,0,20,4,24,5,6,26,4,41,20,0,20,61
03/28/2019,GRI,NE,ACE,CE,Federal Contract Tower,5,9,9,0,23,0,0,1,1,2,5,9,10,1,25,0,0,0,25
03/29/2019,GRI,NE,ACE,CE,Federal Contract Tower,5,9,2,0,16,0,0,3,0,3,5,9,5,0,19,4,0,4,23
03/30/2019,GRI,NE,ACE,CE,Federal Contract Tower,3,7,3,0,13,0,0,5,0,5,3,7,8,0,18,0,0,0,18
03/31/2019,GRI,NE,ACE,CE,Federal Contract Tower,5,2,0,0,7,0,0,0,0,0,5,2,0,0,7,30,0,30,37
04/01/2019,GRI,NE,ACE,CE,Federal Contract Tower,5,7,1,4,17,0,0,17,11,28,5,7,18,15,45,6,0,6,51
04/02/2019,GRI,NE,ACE,CE,Federal Contract Tower,3,8,7,2,20,0,0,8,0,8,3,8,15,2,28,16,0,16,44
04/03/2019,GRI,NE,ACE,CE,Federal Contract Tower,5,7,5,0,17,0,0,1,0,1,5,7,6,0,18,0,0,0,18
04/04/2019,GRI,NE,ACE,CE,Federal Contract Tower,5,8,9,0,22,0,2,7,1,10,5,10,16,1,32,34,12,46,78
04/05/2019,GRI,NE,ACE,CE,Federal Contract Tower,7,9,10,0,26,0,0,20,2,22,7,9,30,2,48,6,0,6,54
04/06/2019,GRI,NE,ACE,CE,Federal Contract Tower,3,7,8,0,18,0,0,11,0,11,3,7,19,0,29,10,0,10,39
04/07/2019,GRI,NE,ACE,CE,Federal Contract Tower,5,0,3,0,8,0,0,6,1,7,5,0,9,1,15,18,0,18,33
04/08/2019,GRI,NE,ACE,CE,Federal Contract Tower,5,3,1,0,9,0,0,29,0,29,5,3,30,0,38,16,0,16,54
04/09/2019,GRI,NE,ACE,CE,Federal Contract Tower,5,5,4,0,14,0,0,20,9,29,5,5,24,9,43,46,0,46,89
04/10/2019,GRI,NE,ACE,CE,Federal Contract Tower,5,5,2,2,14,0,0,2,0,2,5,5,4,2,16,0,0,0,16
04/11/2019,GRI,NE,ACE,CE,Federal Contract Tower,5,7,5,0,17,0,0,0,0,0,5,7,5,0,17,0,0,0,17
04/12/2019,GRI,NE,ACE,CE,Federal Contract Tower,5,6,5,0,16,0,0,9,0,9,5,6,14,0,25,0,0,0,25
04/13/2019,GRI,NE,ACE,CE,Federal Contract Tower,2,4,5,2,13,0,0,7,5,12,2,4,12,7,25,14,34,48,73
04/14/2019,GRI,NE,ACE,CE,Federal Contract Tower,5,4,1,0,10,0,0,27,0,27,5,4,28,0,37,22,0,22,59
04/15/2019,GRI,NE,ACE,CE,Federal Contract Tower,5,8,1,0,14,0,0,17,0,17,5,8,18,0,31,40,0,40,71
04/16/2019,GRI,NE,ACE,CE,Federal Contract Tower,3,8,7,0,18,0,0,14,0,14,3,8,21,0,32,8,0,8,40
04/17/2019,GRI,NE,ACE,CE,Federal Contract Tower,4,10,7,4,25,0,0,4,0,4,4,10,11,4,29,4,2,6,35
04/18/2019,GRI,NE,ACE,CE,Federal Contract Tower,5,7,15,0,27,0,1,11,0,12,5,8,26,0,39,18,0,18,57
04/19/2019,GRI,NE,ACE,CE,Federal Contract Tower,5,5,3,0,13,0,0,28,0,28,5,5,31,0,41,36,0,36,77
04/20/2019,GRI,NE,ACE,CE,Federal Contract Tower,2,8,4,0,14,0,2,14,0,16,2,10,18,0,30,0,0,0,30
04/21/2019,GRI,NE,ACE,CE,Federal Contract Tower,5,0,4,0,9,0,0,7,0,7,5,0,11,0,16,16,0,16,32
04/22/2019,GRI,NE,ACE,CE,Federal Contract Tower,6,6,8,0,20,0,0,3,2,5,6,6,11,2,25,0,0,0,25
04/23/2019,GRI,NE,ACE,CE,Federal Contract Tower,3,6,7,0,16,0,0,23,1,24,3,6,30,1,40,8,0,8,48
04/24/2019,GRI,NE,ACE,CE,Federal Contract Tower,5,5,6,0,16,0,2,21,3,26,5,7,27,3,42,24,0,24,66
04/25/2019,GRI,NE,ACE,CE,Federal Contract Tower,5,7,8,0,20,0,0,3,2,5,5,7,11,2,25,0,0,0,25
04/26/2019,GRI,NE,ACE,CE,Federal Contract Tower,5,7,7,0,19,0,2,22,4,28,5,9,29,4,47,26,2,28,75
04/27/2019,GRI,NE,ACE,CE,Federal Contract Tower,2,5,8,0,15,0,0,3,1,4,2,5,11,1,19,0,0,0,19
04/28/2019,GRI,NE,ACE,CE,Federal Contract Tower,5,0,5,0,10,0,0,0,0,0,5,0,5,0,10,0,0,0,10
04/29/2019,GRI,NE,ACE,CE,Federal Contract Tower,5,3,5,0,13,0,0,12,0,12,5,3,17,0,25,30,0,30,55
04/30/2019,GRI,NE,ACE,CE,Federal Contract Tower,3,9,9,0,21,0,0,0,0,0,3,9,9,0,21,0,0,0,21
05/01/2019,GRI,NE,ACE,CE,Federal Contract Tower,3,7,11,0,21,0,0,2,0,2,3,7,13,0,23,0,0,0,23
05/02/2019,GRI,NE,ACE,CE,Federal Contract Tower,4,5,7,0,16,0,0,11,6,17,4,5,18,6,33,16,0,16,49
05/03/2019,GRI,NE,ACE,CE,Federal Contract Tower,2,8,2,0,12,0,0,10,0,10,2,8,12,0,22,12,0,12,34
05/04/2019,GRI,NE,ACE,CE,Federal Contract Tower,0,9,4,1,14,0,0,2,0,2,0,9,6,1,16,14,2,16,32
05/05/2019,GRI,NE,ACE,CE,Federal Contract Tower,2,4,2,0,8,0,0,3,0,3,2,4,5,0,11,0,0,0,11
05/06/2019,GRI,NE,ACE,CE,Federal Contract Tower,2,7,3,0,12,0,0,0,0,0,2,7,3,0,12,0,0,0,12
05/07/2019,GRI,NE,ACE,CE,Federal Contract Tower,0,7,4,2,13,0,0,0,0,0,0,7,4,2,13,0,0,0,13
05/08/2019,GRI,NE,ACE,CE,Federal Contract Tower,0,9,14,2,25,0,0,0,0,0,0,9,14,2,25,0,0,0,25
05/09/2019,GRI,NE,ACE,CE,Federal Contract Tower,4,11,15,0,30,0,0,4,1,5,4,11,19,1,35,0,0,0,35
05/10/2019,GRI,NE,ACE,CE,Federal Contract Tower,2,10,7,0,19,0,0,28,4,32,2,10,35,4,51,26,0,26,77
05/11/2019,GRI,NE,ACE,CE,Federal Contract Tower,0,13,6,0,19,0,0,32,2,34,0,13,38,2,53,4,12,16,69
05/12/2019,GRI,NE,ACE,CE,Federal Contract Tower,4,4,1,0,9,0,0,7,0,7,4,4,8,0,16,2,0,2,18
05/13/2019,GRI,NE,ACE,CE,Federal Contract Tower,2,8,12,3,25,0,0,17,0,17,2,8,29,3,42,26,0,26,68
05/14/2019,GRI,NE,ACE,CE,Federal Contract Tower,0,9,5,0,14,0,0,8,0,8,0,9,13,0,22,10,0,10,32
05/15/2019,GRI,NE,ACE,CE,Federal Contract Tower,0,13,6,0,19,0,0,20,2,22,0,13,26,2,41,10,0,10,51
05/16/2019,GRI,NE,ACE,CE,Federal Contract Tower,2,12,11,0,25,0,0,15,0,15,2,12,26,0,40,28,0,28,68
05/17/2019,GRI,NE,ACE,CE,Federal Contract Tower,4,12,11,0,27,0,0,6,0,6,4,12,17,0,33,0,0,0,33
05/18/2019,GRI,NE,ACE,CE,Federal Contract Tower,0,4,7,2,13,0,1,3,2,6,0,5,10,4,19,0,0,0,19
05/19/2019,GRI,NE,ACE,CE,Federal Contract Tower,2,6,10,0,18,0,0,5,2,7,2,6,15,2,25,0,0,0,25
05/20/2019,GRI,NE,ACE,CE,Federal Contract Tower,2,8,5,0,15,0,0,4,0,4,2,8,9,0,19,0,0,0,19
05/21/2019,GRI,NE,ACE,CE,Federal Contract Tower,0,5,3,0,8,0,0,0,0,0,0,5,3,0,8,0,0,0,8
05/22/2019,GRI,NE,ACE,CE,Federal Contract Tower,4,9,8,0,21,0,0,4,3,7,4,9,12,3,28,0,0,0,28
05/23/2019,GRI,NE,ACE,CE,Federal Contract Tower,2,9,9,0,20,0,0,8,1,9,2,9,17,1,29,0,0,0,29
05/24/2019,GRI,NE,ACE,CE,Federal Contract Tower,2,9,6,0,17,0,0,6,0,6,2,9,12,0,23,0,0,0,23
05/25/2019,GRI,NE,ACE,CE,Federal Contract Tower,0,7,6,0,13,0,0,3,0,3,0,7,9,0,16,4,0,4,20
05/26/2019,GRI,NE,ACE,CE,Federal Contract Tower,4,6,3,0,13,0,0,12,0,12,4,6,15,0,25,4,0,4,29
05/27/2019,GRI,NE,ACE,CE,Federal Contract Tower,2,8,2,0,12,0,0,1,0,1,2,8,3,0,13,0,0,0,13
05/28/2019,GRI,NE,ACE,CE,Federal Contract Tower,0,6,6,0,12,0,0,0,0,0,0,6,6,0,12,0,0,0,12
05/29/2019,GRI,NE,ACE,CE,Federal Contract Tower,2,7,9,2,20,0,0,0,1,1,2,7,9,3,21,0,0,0,21
05/30/2019,GRI,NE,ACE,CE,Federal Contract Tower,2,10,14,0,26,0,0,29,3,32,2,10,43,3,58,10,0,10,68
05/31/2019,GRI,NE,ACE,CE,Federal Contract Tower,2,9,10,0,21,0,0,9,0,9,2,9,19,0,30,6,0,6,36
06/01/2019,GRI,NE,ACE,CE,Federal Contract Tower,0,8,8,1,17,0,0,10,11,21,0,8,18,12,38,12,20,32,70
06/02/2019,GRI,NE,ACE,CE,Federal Contract Tower,2,4,5,0,11,0,0,14,3,17,2,4,19,3,28,4,8,12,40
06/03/2019,GRI,NE,ACE,CE,Federal Contract Tower,2,7,2,0,11,0,0,7,2,9,2,7,9,2,20,2,0,2,22
06/04/2019,GRI,NE,ACE,CE,Federal Contract Tower,0,7,13,0,20,0,0,3,2,5,0,7,16,2,25,4,0,4,29
06/05/2019,GRI,NE,ACE,CE,Federal Contract Tower,2,11,1,0,14,0,1,8,0,9,2,12,9,0,23,2,0,2,25
06/06/2019,GRI,NE,ACE,CE,Federal Contract Tower,2,8,17,0,27,0,17,0,1,18,2,25,17,1,45,0,0,0,45
06/07/2019,GRI,NE,ACE,CE,Federal Contract Tower,2,11,13,0,26,0,0,12,0,12,2,11,25,0,38,14,0,14,52
06/08/2019,GRI,NE,ACE,CE,Federal Contract Tower,0,6,2,0,8,0,0,2,0,2,0,6,4,0,10,0,0,0,10
06/09/2019,GRI,NE,ACE,CE,Federal Contract Tower,2,2,11,0,15,0,0,2,0,2,2,2,13,0,17,2,0,2,19
06/10/2019,GRI,NE,ACE,CE,Federal Contract Tower,2,11,4,0,17,0,0,13,0,13,2,11,17,0,30,16,0,16,46
06/11/2019,GRI,NE,ACE,CE,Federal Contract Tower,0,10,9,0,19,0,0,15,0,15,0,10,24,0,34,8,0,8,42
06/12/2019,GRI,NE,ACE,CE,Federal Contract Tower,2,9,11,0,22,0,0,26,0,26,2,9,37,0,48,12,0,12,60
06/13/2019,GRI,NE,ACE,CE,Federal Contract Tower,2,11,10,0,23,0,0,13,2,15,2,11,23,2,38,4,0,4,42
06/14/2019,GRI,NE,ACE,CE,Federal Contract Tower,2,9,5,0,16,0,0,21,0,21,2,9,26,0,37,4,0,4,41
06/15/2019,GRI,NE,ACE,CE,Federal Contract Tower,0,7,2,0,9,0,0,11,2,13,0,7,13,2,22,0,0,0,22
06/16/2019,GRI,NE,ACE,CE,Federal Contract Tower,2,2,2,0,6,0,0,10,0,10,2,2,12,0,16,12,0,12,28
06/17/2019,GRI,NE,ACE,CE,Federal Contract Tower,2,7,5,0,14,0,0,8,1,9,2,7,13,1,23,0,0,0,23
06/18/2019,GRI,NE,ACE,CE,Federal Contract Tower,0,9,9,0,18,0,0,0,0,0,0,9,9,0,18,0,0,0,18
06/19/2019,GRI,NE,ACE,CE,Federal Contract Tower,2,12,12,1,27,0,0,1,2,3,2,12,13,3,30,0,0,0,30
06/20/2019,GRI,NE,ACE,CE,Federal Contract Tower,2,11,10,2,25,0,0,16,2,18,2,11,26,4,43,0,8,8,51
06/21/2019,GRI,NE,ACE,CE,Federal Contract Tower,2,10,6,0,18,0,0,11,1,12,2,10,17,1,30,20,0,20,50
06/22/2019,GRI,NE,ACE,CE,Federal Contract Tower,0,7,3,0,10,0,0,0,0,0,0,7,3,0,10,0,0,0,10
06/23/2019,GRI,NE,ACE,CE,Federal Contract Tower,2,3,1,0,6,0,0,1,0,1,2,3,2,0,7,0,0,0,7
06/24/2019,GRI,NE,ACE,CE,Federal Contract Tower,2,7,4,2,15,0,0,8,1,9,2,7,12,3,24,0,4,4,28
06/25/2019,GRI,NE,ACE,CE,Federal Contract Tower,0,8,5,0,13,0,0,8,0,8,0,8,13,0,21,4,0,4,25
06/26/2019,GRI,NE,ACE,CE,Federal Contract Tower,2,9,6,0,17,0,0,7,2,9,2,9,13,2,26,0,0,0,26
06/27/2019,GRI,NE,ACE,CE,Federal Contract Tower,2,10,15,0,27,0,0,8,1,9,2,10,23,1,36,6,0,6,42
06/28/2019,GRI,NE,ACE,CE,Federal Contract Tower,4,10,8,0,22,0,0,19,0,19,4,10,27,0,41,14,0,14,55
06/29/2019,GRI,NE,ACE,CE,Federal Contract Tower,0,9,5,0,14,0,0,8,0,8,0,9,13,0,22,0,0,0,22
06/30/2019,GRI,NE,ACE,CE,Federal Contract Tower,2,5,5,0,12,0,0,8,0,8,2,5,13,0,20,2,0,2,22
07/01/2019,GRI,NE,ACE,CE,Federal Contract Tower,0,2,7,5,14,0,0,9,0,9,0,2,16,5,23,6,0,6,29
07/02/2019,GRI,NE,ACE,CE,Federal Contract Tower,2,10,3,0,15,0,0,9,2,11,2,10,12,2,26,0,0,0,26
07/03/2019,GRI,NE,ACE,CE,Federal Contract Tower,2,10,3,0,15,0,0,2,0,2,2,10,5,0,17,0,0,0,17
07/04/2019,GRI,NE,ACE,CE,Federal Contract Tower,2,3,0,0,5,0,0,3,0,3,2,3,3,0,8,0,0,0,8
07/05/2019,GRI,NE,ACE,CE,Federal Contract Tower,2,7,0,0,9,0,0,1,0,1,2,7,1,0,10,0,0,0,10
07/06/2019,GRI,NE,ACE,CE,Federal Contract Tower,0,7,2,0,9,0,0,2,0,2,0,7,4,0,11,6,0,6,17
07/07/2019,GRI,NE,ACE,CE,Federal Contract Tower,2,4,8,0,14,0,0,9,1,10,2,4,17,1,24,10,0,10,34
07/08/2019,GRI,NE,ACE,CE,Federal Contract Tower,2,7,8,0,17,0,0,6,1,7,2,7,14,1,24,0,0,0,24
07/09/2019,GRI,NE,ACE,CE,Federal Contract Tower,0,9,7,0,16,0,0,14,0,14,0,9,21,0,30,0,0,0,30
07/10/2019,GRI,NE,ACE,CE,Federal Contract Tower,2,10,3,0,15,0,0,20,0,20,2,10,23,0,35,4,0,4,39
07/11/2019,GRI,NE,ACE,CE,Federal Contract Tower,2,9,9,1,21,0,0,15,5,20,2,9,24,6,41,10,2,12,53
07/12/2019,GRI,NE,ACE,CE,Federal Contract Tower,4,12,12,0,28,0,0,18,0,18,4,12,30,0,46,4,0,4,50
07/13/2019,GRI,NE,ACE,CE,Federal Contract Tower,0,7,6,0,13,0,0,14,3,17,0,7,20,3,30,0,0,0,30
07/14/2019,GRI,NE,ACE,CE,Federal Contract Tower,2,4,7,0,13,0,0,14,0,14,2,4,21,0,27,6,0,6,33
07/15/2019,GRI,NE,ACE,CE,Federal Contract Tower,4,9,6,0,19,0,0,12,0,12,4,9,18,0,31,12,0,12,43
07/16/2019,GRI,NE,ACE,CE,Federal Contract Tower,0,7,8,0,15,0,0,6,0,6,0,7,14,0,21,0,0,0,21
07/17/2019,GRI,NE,ACE,CE,Federal Contract Tower,2,11,4,0,17,0,0,4,0,4,2,11,8,0,21,2,0,2,23
07/18/2019,GRI,NE,ACE,CE,Federal Contract Tower,2,11,10,0,23,0,0,20,3,23,2,11,30,3,46,32,2,34,80
07/19/2019,GRI,NE,ACE,CE,Federal Contract Tower,2,9,9,0,20,0,0,20,7,27,2,9,29,7,47,4,20,24,71
07/20/2019,GRI,NE,ACE,CE,Federal Contract Tower,0,10,5,0,15,0,0,9,6,15,0,10,14,6,30,0,12,12,42
07/21/2019,GRI,NE,ACE,CE,Federal Contract Tower,2,5,4,0,11,0,0,0,1,1,2,5,4,1,12,0,0,0,12
07/22/2019,GRI,NE,ACE,CE,Federal Contract Tower,2,9,7,0,18,0,0,14,0,14,2,9,21,0,32,10,0,10,42
07/23/2019,GRI,NE,ACE,CE,Federal Contract Tower,0,9,7,0,16,0,0,13,0,13,0,9,20,0,29,16,0,16,45
07/24/2019,GRI,NE,ACE,CE,Federal Contract Tower,2,11,16,0,29,0,0,26,0,26,2,11,42,0,55,36,0,36,91
07/25/2019,GRI,NE,ACE,CE,Federal Contract Tower,4,9,11,0,24,0,0,20,0,20,4,9,31,0,44,18,0,18,62
07/26/2019,GRI,NE,ACE,CE,Federal Contract Tower,2,9,11,0,22,0,0,25,2,27,2,9,36,2,49,4,0,4,53
07/27/2019,GRI,NE,ACE,CE,Federal Contract Tower,0,7,8,0,15,0,0,20,0,20,0,7,28,0,35,0,0,0,35
07/28/2019,GRI,NE,ACE,CE,Federal Contract Tower,2,5,4,0,11,0,0,23,0,23,2,5,27,0,34,2,0,2,36
07/29/2019,GRI,NE,ACE,CE,Federal Contract Tower,2,7,7,0,16,0,5,15,0,20,2,12,22,0,36,2,0,2,38
07/30/2019,GRI,NE,ACE,CE,Federal Contract Tower,2,9,11,2,24,0,0,15,0,15,2,9,26,2,39,0,0,0,39
07/31/2019,GRI,NE,ACE,CE,Federal Contract Tower,2,9,5,0,16,0,0,5,0,5,2,9,10,0,21,0,0,0,21
08/01/2019,GRI,NE,ACE,CE,Federal Contract Tower,2,11,11,0,24,0,0,3,0,3,2,11,14,0,27,0,0,0,27
08/02/2019,GRI,NE,ACE,CE,Federal Contract Tower,2,10,13,0,25,0,0,0,0,0,2,10,13,0,25,0,0,0,25
08/03/2019,GRI,NE,ACE,CE,Federal Contract Tower,2,6,7,6,21,0,1,7,0,8,2,7,14,6,29,0,0,0,29
08/04/2019,GRI,NE,ACE,CE,Federal Contract Tower,2,4,4,0,10,0,2,18,0,20,2,6,22,0,30,22,0,22,52
08/05/2019,GRI,NE,ACE,CE,Federal Contract Tower,2,7,7,0,16,0,0,18,0,18,2,7,25,0,34,6,0,6,40
08/06/2019,GRI,NE,ACE,CE,Federal Contract Tower,0,9,5,0,14,0,0,25,0,25,0,9,30,0,39,22,0,22,61
08/07/2019,GRI,NE,ACE,CE,Federal Contract Tower,2,9,1,0,12,0,0,1,0,1,2,9,2,0,13,2,14,16,29
08/08/2019,GRI,NE,ACE,CE,Federal Contract Tower,2,11,10,2,25,0,0,5,0,5,2,11,15,2,30,0,0,0,30
08/09/2019,GRI,NE,ACE,CE,Federal Contract Tower,2,10,10,2,24,0,0,10,3,13,2,10,20,5,37,2,0,2,39
08/10/2019,GRI,NE,ACE,CE,Federal Contract Tower,0,9,2,0,11,0,0,10,5,15,0,9,12,5,26,0,8,8,34
08/11/2019,GRI,NE,ACE,CE,Federal Contract Tower,2,4,4,0,10,0,0,4,0,4,2,4,8,0,14,2,0,2,16
08/12/2019,GRI,NE,ACE,CE,Federal Contract Tower,2,7,4,0,13,0,0,5,0,5,2,7,9,0,18,14,0,14,32
08/13/2019,GRI,NE,ACE,CE,Federal Contract Tower,0,7,10,0,17,0,0,25,2,27,0,7,35,2,44,40,0,40,84
08/14/2019,GRI,NE,ACE,CE,Federal Contract Tower,0,9,7,0,16,0,2,24,5,31,0,11,31,5,47,4,36,40,87
08/15/2019,GRI,NE,ACE,CE,Federal Contract Tower,2,10,11,0,23,0,0,0,4,4,2,10,11,4,27,0,4,4,31
08/16/2019,GRI,NE,ACE,CE,Federal Contract Tower,2,9,5,0,16,0,0,7,2,9,2,9,12,2,25,10,0,10,35
08/17/2019,GRI,NE,ACE,CE,Federal Contract Tower,0,5,3,0,8,0,0,12,2,14,0,5,15,2,22,0,0,0,22
08/18/2019,GRI,NE,ACE,CE,Federal Contract Tower,2,5,10,1,18,0,0,7,3,10,2,5,17,4,28,6,4,10,38
08/19/2019,GRI,NE,ACE,CE,Federal Contract Tower,2,7,5,0,14,0,0,9,0,9,2,7,14,0,23,8,0,8,31
08/20/2019,GRI,NE,ACE,CE,Federal Contract Tower,0,7,7,0,14,0,0,17,0,17,0,7,24,0,31,30,0,30,61
08/21/2019,GRI,NE,ACE,CE,Federal Contract Tower,0,12,8,0,20,0,0,3,2,5,0,12,11,2,25,0,20,20,45
08/22/2019,GRI,NE,ACE,CE,Federal Contract Tower,2,13,15,6,36,0,0,5,1,6,2,13,20,7,42,0,2,2,44
08/23/2019,GRI,NE,ACE,CE,Federal Contract Tower,2,10,3,3,18,0,0,0,0,0,2,10,3,3,18,0,0,0,18
08/24/2019,GRI,NE,ACE,CE,Federal Contract Tower,0,6,3,0,9,0,0,0,0,0,0,6,3,0,9,0,0,0,9
08/25/2019,GRI,NE,ACE,CE,Federal Contract Tower,2,4,0,0,6,0,0,1,0,1,2,4,1,0,7,0,0,0,7
08/26/2019,GRI,NE,ACE,CE,Federal Contract Tower,2,8,5,0,15,0,0,0,0,0,2,8,5,0,15,0,0,0,15
08/27/2019,GRI,NE,ACE,CE,Federal Contract Tower,0,8,6,2,16,0,0,28,2,30,0,8,34,4,46,2,0,2,48
08/28/2019,GRI,NE,ACE,CE,Federal Contract Tower,0,7,7,0,14,0,0,27,0,27,0,7,34,0,41,16,0,16,57
08/29/2019,GRI,NE,ACE,CE,Federal Contract Tower,2,9,8,0,19,0,0,29,0,29,2,9,37,0,48,18,0,18,66
08/30/2019,GRI,NE,ACE,CE,Federal Contract Tower,4,9,11,0,24,0,0,3,0,3,4,9,14,0,27,0,0,0,27
08/31/2019,GRI,NE,ACE,CE,Federal Contract Tower,0,7,4,4,15,0,0,3,0,3,0,7,7,4,18,0,0,0,18
09/01/2019,GRI,NE,ACE,CE,Federal Contract Tower,2,3,5,0,10,0,0,5,0,5,2,3,10,0,15,0,0,0,15
09/02/2019,GRI,NE,ACE,CE,Federal Contract Tower,2,4,2,0,8,0,0,3,0,3,2,4,5,0,11,0,0,0,11
09/03/2019,GRI,NE,ACE,CE,Federal Contract Tower,2,9,4,0,15,0,0,19,0,19,2,9,23,0,34,16,0,16,50
09/04/2019,GRI,NE,ACE,CE,Federal Contract Tower,0,7,10,0,17,0,2,27,5,34,0,9,37,5,51,20,4,24,75
09/05/2019,GRI,NE,ACE,CE,Federal Contract Tower,2,12,17,2,33,0,0,19,2,21,2,12,36,4,54,8,0,8,62
09/06/2019,GRI,NE,ACE,CE,Federal Contract Tower,2,9,12,1,24,0,0,13,3,16,2,9,25,4,40,2,0,2,42
09/07/2019,GRI,NE,ACE,CE,Federal Contract Tower,0,6,10,2,18,0,1,15,0,16,0,7,25,2,34,12,4,16,50
09/08/2019,GRI,NE,ACE,CE,Federal Contract Tower,2,4,3,0,9,0,0,3,0,3,2,4,6,0,12,0,0,0,12
09/09/2019,GRI,NE,ACE,CE,Federal Contract Tower,2,8,7,2,19,0,0,3,4,7,2,8,10,6,26,0,0,0,26
09/10/2019,GRI,NE,ACE,CE,Federal Contract Tower,0,7,18,0,25,0,0,19,8,27,0,7,37,8,52,2,10,12,64
09/11/2019,GRI,NE,ACE,CE,Federal Contract Tower,2,9,11,0,22,0,0,18,5,23,2,9,29,5,45,0,20,20,65
09/12/2019,GRI,NE,ACE,CE,Federal Contract Tower,2,9,26,2,39,0,0,26,13,39,2,9,52,15,78,0,40,40,118
09/13/2019,GRI,NE,ACE,CE,Federal Contract Tower,2,9,4,2,17,0,2,29,1,32,2,11,33,3,49,10,0,10,59
09/14/2019,GRI,NE,ACE,CE,Federal Contract Tower,2,6,1,5,14,0,0,4,0,4,2,6,5,5,18,10,0,10,28
09/15/2019,GRI,NE,ACE,CE,Federal Contract Tower,2,4,7,0,13,0,0,2,0,2,2,4,9,0,15,0,0,0,15
09/16/2019,GRI,NE,ACE,CE,Federal Contract Tower,2,9,3,0,14,0,0,2,0,2,2,9,5,0,16,2,0,2,18
09/17/2019,GRI,NE,ACE,CE,Federal Contract Tower,0,10,8,0,18,0,0,8,3,11,0,10,16,3,29,0,0,0,29
09/18/2019,GRI,NE,ACE,CE,Federal Contract Tower,0,8,10,0,18,0,0,9,2,11,0,8,19,2,29,8,10,18,47
09/19/2019,GRI,NE,ACE,CE,Federal Contract Tower,2,9,11,0,22,0,0,15,6,21,2,9,26,6,43,4,18,22,65
09/20/2019,GRI,NE,ACE,CE,Federal Contract Tower,4,9,12,0,25,0,0,8,2,10,4,9,20,2,35,0,0,0,35
09/21/2019,GRI,NE,ACE,CE,Federal Contract Tower,0,6,7,0,13,0,0,4,0,4,0,6,11,0,17,0,0,0,17
09/22/2019,GRI,NE,ACE,CE,Federal Contract Tower,2,6,2,0,10,0,2,11,0,13,2,8,13,0,23,0,0,0,23
09/23/2019,GRI,NE,ACE,CE,Federal Contract Tower,2,11,7,0,20,0,0,11,0,11,2,11,18,0,31,12,0,12,43
09/24/2019,GRI,NE,ACE,CE,Federal Contract Tower,0,7,12,3,22,0,0,4,1,5,0,7,16,4,27,0,0,0,27
09/25/2019,GRI,NE,ACE,CE,Federal Contract Tower,0,11,4,0,15,0,2,4,2,8,0,13,8,2,23,0,0,0,23
09/26/2019,GRI,NE,ACE,CE,Federal Contract Tower,2,12,14,1,29,0,0,18,5,23,2,12,32,6,52,10,2,12,64
09/27/2019,GRI,NE,ACE,CE,Federal Contract Tower,4,8,10,0,22,0,0,9,1,10,4,8,19,1,32,0,0,0,32
09/28/2019,GRI,NE,ACE,CE,Federal Contract Tower,0,5,5,0,10,0,1,5,1,7,0,6,10,1,17,0,0,0,17
09/29/2019,GRI,NE,ACE,CE,Federal Contract Tower,4,5,6,0,15,0,0,4,0,4,4,5,10,0,19,2,0,2,21
09/30/2019,GRI,NE,ACE,CE,Federal Contract Tower,2,10,3,0,15,0,0,4,0,4,2,10,7,0,19,0,0,0,19
10/01/2019,GRI,NE,ACE,CE,Federal Contract Tower,0,9,7,0,16,0,0,0,0,0,0,9,7,0,16,0,0,0,16
10/02/2019,GRI,NE,ACE,CE,Federal Contract Tower,0,7,7,0,14,0,0,2,0,2,0,7,9,0,16,0,0,0,16
10/03/2019,GRI,NE,ACE,CE,Federal Contract Tower,4,9,16,0,29,0,0,39,0,39,4,9,55,0,68,46,0,46,114
10/04/2019,GRI,NE,ACE,CE,Federal Contract Tower,2,9,4,0,15,0,0,3,2,5,2,9,7,2,20,0,8,8,28
10/05/2019,GRI,NE,ACE,CE,Federal Contract Tower,0,8,2,0,10,0,0,1,0,1,0,8,3,0,11,0,0,0,11
10/06/2019,GRI,NE,ACE,CE,Federal Contract Tower,2,3,5,0,10,0,0,5,0,5,2,3,10,0,15,0,0,0,15
10/07/2019,GRI,NE,ACE,CE,Federal Contract Tower,3,11,6,0,20,0,0,9,0,9,3,11,15,0,29,0,0,0,29
10/08/2019,GRI,NE,ACE,CE,Federal Contract Tower,0,9,11,0,20,0,0,14,2,16,0,9,25,2,36,10,0,10,46
10/09/2019,GRI,NE,ACE,CE,Federal Contract Tower,2,12,9,0,23,0,0,10,1,11,2,12,19,1,34,0,0,0,34
10/10/2019,GRI,NE,ACE,CE,Federal Contract Tower,2,9,9,0,20,0,0,0,0,0,2,9,9,0,20,0,0,0,20
10/11/2019,GRI,NE,ACE,CE,Federal Contract Tower,4,10,11,0,25,0,1,9,0,10,4,11,20,0,35,0,0,0,35
10/12/2019,GRI,NE,ACE,CE,Federal Contract Tower,0,6,7,0,13,0,1,8,0,9,0,7,15,0,22,0,0,0,22
10/13/2019,GRI,NE,ACE,CE,Federal Contract Tower,2,4,9,0,15,0,0,26,0,26,2,4,35,0,41,10,0,10,51
10/14/2019,GRI,NE,ACE,CE,Federal Contract Tower,2,7,3,0,12,0,0,11,0,11,2,7,14,0,23,0,0,0,23
10/15/2019,GRI,NE,ACE,CE,Federal Contract Tower,0,11,5,0,16,0,2,4,0,6,0,13,9,0,22,0,0,0,22
10/16/2019,GRI,NE,ACE,CE,Federal Contract Tower,2,9,7,1,19,0,0,20,1,21,2,9,27,2,40,26,0,26,66
10/17/2019,GRI,NE,ACE,CE,Federal Contract Tower,2,11,4,0,17,0,0,16,0,16,2,11,20,0,33,32,0,32,65
10/18/2019,GRI,NE,ACE,CE,Federal Contract Tower,2,9,5,0,16,0,0,13,4,17,2,9,18,4,33,6,0,6,39
10/19/2019,GRI,NE,ACE,CE,Federal Contract Tower,0,7,6,0,13,0,1,29,7,37,0,8,35,7,50,4,0,4,54
10/20/2019,GRI,NE,ACE,CE,Federal Contract Tower,2,4,4,2,12,0,0,5,0,5,2,4,9,2,17,0,12,12,29
10/21/2019,GRI,NE,ACE,CE,Federal Contract Tower,2,6,2,0,10,0,0,2,0,2,2,6,4,0,12,0,0,0,12
10/22/2019,GRI,NE,ACE,CE,Federal Contract Tower,0,11,8,0,19,0,0,7,0,7,0,11,15,0,26,8,2,10,36
10/23/2019,GRI,NE,ACE,CE,Federal Contract Tower,0,8,9,0,17,0,0,3,0,3,0,8,12,0,20,0,0,0,20
10/24/2019,GRI,NE,ACE,CE,Federal Contract Tower,2,7,3,0,12,0,0,7,0,7,2,7,10,0,19,8,0,8,27
10/25/2019,GRI,NE,ACE,CE,Federal Contract Tower,2,9,14,0,25,0,0,10,3,13,2,9,24,3,38,0,0,0,38
10/26/2019,GRI,NE,ACE,CE,Federal Contract Tower,0,6,6,0,12,0,0,12,0,12,0,6,18,0,24,12,0,12,36
10/27/2019,GRI,NE,ACE,CE,Federal Contract Tower,2,5,3,0,10,0,0,6,0,6,2,5,9,0,16,0,0,0,16
10/28/2019,GRI,NE,ACE,CE,Federal Contract Tower,2,6,2,0,10,0,0,3,0,3,2,6,5,0,13,6,0,6,19
10/29/2019,GRI,NE,ACE,CE,Federal Contract Tower,0,9,4,2,15,0,0,4,0,4,0,9,8,2,19,0,0,0,19
10/30/2019,GRI,NE,ACE,CE,Federal Contract Tower,0,11,6,0,17,0,2,3,0,5,0,13,9,0,22,0,4,4,26
10/31/2019,GRI,NE,ACE,CE,Federal Contract Tower,2,8,9,0,19,0,0,22,4,26,2,8,31,4,45,22,6,28,73
11/01/2019,GRI,NE,ACE,CE,Federal Contract Tower,2,9,12,0,23,0,0,9,2,11,2,9,21,2,34,0,0,0,34
11/02/2019,GRI,NE,ACE,CE,Federal Contract Tower,0,5,6,2,13,0,1,38,0,39,0,6,44,2,52,2,0,2,54
11/03/2019,GRI,NE,ACE,CE,Federal Contract Tower,2,4,9,0,15,0,0,22,2,24,2,4,31,2,39,16,0,16,55
11/04/2019,GRI,NE,ACE,CE,Federal Contract Tower,2,9,4,0,15,0,0,7,0,7,2,9,11,0,22,12,0,12,34
11/05/2019,GRI,NE,ACE,CE,Federal Contract Tower,0,8,7,0,15,0,9,4,0,13,0,17,11,0,28,6,6,12,40
11/06/2019,GRI,NE,ACE,CE,Federal Contract Tower,0,10,9,0,19,0,1,2,0,3,0,11,11,0,22,4,0,4,26
11/07/2019,GRI,NE,ACE,CE,Federal Contract Tower,2,11,4,0,17,0,0,13,4,17,2,11,17,4,34,12,20,32,66
11/08/2019,GRI,NE,ACE,CE,Federal Contract Tower,2,11,5,0,18,0,0,25,3,28,2,11,30,3,46,2,18,20,66
11/09/2019,GRI,NE,ACE,CE,Federal Contract Tower,0,5,2,0,7,0,0,15,0,15,0,5,17,0,22,0,0,0,22
11/10/2019,GRI,NE,ACE,CE,Federal Contract Tower,2,4,3,0,9,0,0,11,0,11,2,4,14,0,20,2,0,2,22
11/11/2019,GRI,NE,ACE,CE,Federal Contract Tower,4,7,3,0,14,0,0,0,0,0,4,7,3,0,14,0,0,0,14
11/12/2019,GRI,NE,ACE,CE,Federal Contract Tower,2,11,9,0,22,0,0,4,0,4,2,11,13,0,26,10,0,10,36
11/13/2019,GRI,NE,ACE,CE,Federal Contract Tower,2,7,13,0,22,0,0,8,0,8,2,7,21,0,30,24,0,24,54
11/14/2019,GRI,NE,ACE,CE,Federal Contract Tower,4,11,7,1,23,0,0,17,3,20,4,11,24,4,43,8,0,8,51
11/15/2019,GRI,NE,ACE,CE,Federal Contract Tower,1,11,11,0,23,0,0,16,0,16,1,11,27,0,39,0,0,0,39
11/16/2019,GRI,NE,ACE,CE,Federal Contract Tower,0,6,4,0,10,0,0,7,0,7,0,6,11,0,17,0,0,0,17
11/17/2019,GRI,NE,ACE,CE,Federal Contract Tower,2,4,4,0,10,0,0,13,0,13,2,4,17,0,23,6,0,6,29
11/18/2019,GRI,NE,ACE,CE,Federal Contract Tower,1,9,1,0,11,0,0,2,0,2,1,9,3,0,13,2,0,2,15
11/19/2019,GRI,NE,ACE,CE,Federal Contract Tower,0,9,6,3,18,0,0,42,1,43,0,9,48,4,61,18,2,20,81
11/20/2019,GRI,NE,ACE,CE,Federal Contract Tower,0,7,5,0,12,0,0,14,0,14,0,7,19,0,26,10,0,10,36
11/21/2019,GRI,NE,ACE,CE,Federal Contract Tower,2,10,5,2,19,0,0,3,0,3,2,10,8,2,22,0,0,0,22
11/22/2019,GRI,NE,ACE,CE,Federal Contract Tower,1,9,10,2,22,0,0,14,0,14,1,9,24,2,36,22,0,22,58
11/23/2019,GRI,NE,ACE,CE,Federal Contract Tower,0,8,1,0,9,0,0,15,0,15,0,8,16,0,24,10,0,10,34
11/24/2019,GRI,NE,ACE,CE,Federal Contract Tower,2,2,2,0,6,0,0,8,0,8,2,2,10,0,14,4,0,4,18
11/25/2019,GRI,NE,ACE,CE,Federal Contract Tower,0,6,6,0,12,0,0,12,0,12,0,6,18,0,24,8,0,8,32
11/26/2019,GRI,NE,ACE,CE,Federal Contract Tower,3,8,1,0,12,0,0,0,0,0,3,8,1,0,12,0,0,0,12
11/27/2019,GRI,NE,ACE,CE,Federal Contract Tower,1,11,5,0,17,0,0,4,0,4,1,11,9,0,21,0,0,0,21
11/28/2019,GRI,NE,ACE,CE,Federal Contract Tower,0,1,2,0,3,0,0,0,0,0,0,1,2,0,3,0,0,0,3
11/29/2019,GRI,NE,ACE,CE,Federal Contract Tower,2,7,0,0,9,0,0,0,0,0,2,7,0,0,9,0,0,0,9
11/30/2019,GRI,NE,ACE,CE,Federal Contract Tower,2,8,5,0,15,0,0,1,0,1,2,8,6,0,16,8,0,8,24
12/01/2019,GRI,NE,ACE,CE,Federal Contract Tower,4,4,2,0,10,0,0,0,0,0,4,4,2,0,10,0,0,0,10
12/02/2019,GRI,NE,ACE,CE,Federal Contract Tower,0,5,4,0,9,0,0,9,0,9,0,5,13,0,18,8,0,8,26
12/03/2019,GRI,NE,ACE,CE,Federal Contract Tower,0,12,11,1,24,0,1,16,4,21,0,13,27,5,45,20,8,28,73
12/04/2019,GRI,NE,ACE,CE,Federal Contract Tower,2,11,5,0,18,0,3,18,4,25,2,14,23,4,43,40,34,74,117
12/05/2019,GRI,NE,ACE,CE,Federal Contract Tower,2,11,7,1,21,0,0,22,6,28,2,11,29,7,49,20,22,42,91
12/06/2019,GRI,NE,ACE,CE,Federal Contract Tower,2,11,9,1,23,0,0,15,7,22,2,11,24,8,45,20,32,52,97
12/07/2019,GRI,NE,ACE,CE,Federal Contract Tower,0,9,2,0,11,0,0,9,0,9,0,9,11,0,20,10,0,10,30
12/08/2019,GRI,NE,ACE,CE,Federal Contract Tower,2,4,3,0,9,0,0,6,0,6,2,4,9,0,15,2,0,2,17
12/09/2019,GRI,NE,ACE,CE,Federal Contract Tower,2,7,10,0,19,0,0,1,0,1,2,7,11,0,20,0,0,0,20
12/10/2019,GRI,NE,ACE,CE,Federal Contract Tower,0,12,6,0,18,0,1,12,4,17,0,13,18,4,35,2,0,2,37
12/11/2019,GRI,NE,ACE,CE,Federal Contract Tower,2,7,8,0,17,0,2,14,0,16,2,9,22,0,33,30,0,30,63
12/12/2019,GRI,NE,ACE,CE,Federal Contract Tower,2,12,10,0,24,0,0,16,0,16,2,12,26,0,40,22,0,22,62
12/13/2019,GRI,NE,ACE,CE,Federal Contract Tower,2,13,10,0,25,0,0,7,3,10,2,13,17,3,35,12,14,26,61
12/14/2019,GRI,NE,ACE,CE,Federal Contract Tower,0,6,4,0,10,0,0,0,0,0,0,6,4,0,10,0,0,0,10
12/15/2019,GRI,NE,ACE,CE,Federal Contract Tower,2,8,7,0,17,0,0,0,0,0,2,8,7,0,17,0,0,0,17
12/16/2019,GRI,NE,ACE,CE,Federal Contract Tower,2,10,10,0,22,0,0,6,2,8,2,10,16,2,30,18,0,18,48
12/17/2019,GRI,NE,ACE,CE,Federal Contract Tower,0,10,9,1,20,0,1,13,3,17,0,11,22,4,37,10,0,10,47
12/18/2019,GRI,NE,ACE,CE,Federal Contract Tower,0,12,9,0,21,0,14,1,0,15,0,26,10,0,36,16,0,16,52
12/19/2019,GRI,NE,ACE,CE,Federal Contract Tower,2,12,6,0,20,0,0,14,3,17,2,12,20,3,37,2,28,30,67
12/20/2019,GRI,NE,ACE,CE,Federal Contract Tower,0,11,4,0,15,0,0,14,0,14,0,11,18,0,29,4,0,4,33
12/21/2019,GRI,NE,ACE,CE,Federal Contract Tower,0,12,2,0,14,0,0,10,0,10,0,12,12,0,24,16,0,16,40
12/22/2019,GRI,NE,ACE,CE,Federal Contract Tower,2,3,5,0,10,0,0,9,0,9,2,3,14,0,19,6,0,6,25
12/23/2019,GRI,NE,ACE,CE,Federal Contract Tower,0,6,7,0,13,0,0,7,0,7,0,6,14,0,20,0,0,0,20
12/24/2019,GRI,NE,ACE,CE,Federal Contract Tower,2,7,4,0,13,0,0,4,0,4,2,7,8,0,17,0,0,0,17
12/25/2019,GRI,NE,ACE,CE,Federal Contract Tower,2,3,0,0,5,0,0,0,0,0,2,3,0,0,5,0,0,0,5
12/26/2019,GRI,NE,ACE,CE,Federal Contract Tower,2,8,7,0,17,0,0,0,7,7,2,8,7,7,24,0,6,6,30
12/27/2019,GRI,NE,ACE,CE,Federal Contract Tower,0,9,11,0,20,0,0,13,3,16,0,9,24,3,36,10,6,16,52
12/28/2019,GRI,NE,ACE,CE,Federal Contract Tower,1,1,0,0,2,0,0,0,0,0,1,1,0,0,2,0,0,0,2
12/29/2019,GRI,NE,ACE,CE,Federal Contract Tower,2,9,6,0,17,0,0,0,0,0,2,9,6,0,17,0,0,0,17
12/30/2019,GRI,NE,ACE,CE,Federal Contract Tower,0,7,5,0,12,0,0,1,0,1,0,7,6,0,13,0,0,0,13
12/31/2019,GRI,NE,ACE,CE,Federal Contract Tower,2,12,4,0,18,0,0,3,0,3,2,12,7,0,21,0,0,0,21
01/01/2020,GRI,NE,ACE,CE,Federal Contract Tower,0,5,2,0,7,0,0,6,0,6,0,5,8,0,13,0,0,0,13
01/02/2020,GRI,NE,ACE,CE,Federal Contract Tower,2,12,1,2,17,0,0,3,4,7,2,12,4,6,24,12,0,12,36
01/03/2020,GRI,NE,ACE,CE,Federal Contract Tower,0,10,12,0,22,0,0,8,2,10,0,10,20,2,32,0,2,2,34
01/04/2020,GRI,NE,ACE,CE,Federal Contract Tower,1,8,3,0,12,0,0,14,0,14,1,8,17,0,26,6,0,6,32
01/05/2020,GRI,NE,ACE,CE,Federal Contract Tower,2,3,1,0,6,0,0,5,0,5,2,3,6,0,11,0,0,0,11
01/06/2020,GRI,NE,ACE,CE,Federal Contract Tower,0,8,1,0,9,0,0,7,0,7,0,8,8,0,16,4,0,4,20
01/07/2020,GRI,NE,ACE,CE,Federal Contract Tower,0,8,6,0,14,0,0,9,8,17,0,8,15,8,31,28,0,28,59
01/08/2020,GRI,NE,ACE,CE,Federal Contract Tower,0,7,6,0,13,0,0,6,4,10,0,7,12,4,23,0,0,0,23
01/09/2020,GRI,NE,ACE,CE,Federal Contract Tower,2,11,4,0,17,0,0,10,0,10,2,11,14,0,27,40,0,40,67
01/10/2020,GRI,NE,ACE,CE,Federal Contract Tower,0,7,4,0,11,0,0,0,0,0,0,7,4,0,11,0,0,0,11
01/11/2020,GRI,NE,ACE,CE,Federal Contract Tower,0,6,7,0,13,0,0,6,0,6,0,6,13,0,19,18,0,18,37
01/12/2020,GRI,NE,ACE,CE,Federal Contract Tower,2,2,4,0,8,0,0,0,0,0,2,2,4,0,8,0,0,0,8
01/13/2020,GRI,NE,ACE,CE,Federal Contract Tower,1,6,8,0,15,0,0,0,0,0,1,6,8,0,15,0,0,0,15
01/14/2020,GRI,NE,ACE,CE,Federal Contract Tower,2,8,6,2,18,0,2,12,6,20,2,10,18,8,38,22,38,60,98
01/15/2020,GRI,NE,ACE,CE,Federal Contract Tower,0,7,7,1,15,0,0,3,5,8,0,7,10,6,23,0,2,2,25
01/16/2020,GRI,NE,ACE,CE,Federal Contract Tower,2,8,5,0,15,0,0,11,2,13,2,8,16,2,28,24,0,24,52
01/17/2020,GRI,NE,ACE,CE,Federal Contract Tower,4,9,0,0,13,0,0,0,0,0,4,9,0,0,13,0,0,0,13
01/18/2020,GRI,NE,ACE,CE,Federal Contract Tower,0,8,5,0,13,0,0,2,0,2,0,8,7,0,15,0,0,0,15
01/19/2020,GRI,NE,ACE,CE,Federal Contract Tower,2,3,3,0,8,0,0,11,0,11,2,3,14,0,19,8,0,8,27
01/20/2020,GRI,NE,ACE,CE,Federal Contract Tower,0,6,7,0,13,0,0,4,0,4,0,6,11,0,17,0,0,0,17
01/21/2020,GRI,NE,ACE,CE,Federal Contract Tower,2,10,4,2,18,0,0,0,4,4,2,10,4,6,22,0,6,6,28
01/22/2020,GRI,NE,ACE,CE,Federal Contract Tower,0,4,3,0,7,0,0,0,0,0,0,4,3,0,7,0,0,0,7
01/23/2020,GRI,NE,ACE,CE,Federal Contract Tower,2,8,6,0,16,0,0,0,0,0,2,8,6,0,16,0,0,0,16
01/24/2020,GRI,NE,ACE,CE,Federal Contract Tower,0,10,15,0,25,0,0,0,0,0,0,10,15,0,25,0,0,0,25
01/25/2020,GRI,NE,ACE,CE,Federal Contract Tower,0,7,4,0,11,0,0,2,0,2,0,7,6,0,13,0,0,0,13
01/26/2020,GRI,NE,ACE,CE,Federal Contract Tower,2,3,4,2,11,0,0,19,0,19,2,3,23,2,30,10,0,10,40
01/27/2020,GRI,NE,ACE,CE,Federal Contract Tower,0,10,5,2,17,0,0,0,4,4,0,10,5,6,21,0,44,44,65
01/28/2020,GRI,NE,ACE,CE,Federal Contract Tower,0,16,3,0,19,0,0,0,0,0,0,16,3,0,19,0,0,0,19
01/29/2020,GRI,NE,ACE,CE,Federal Contract Tower,0,10,7,0,17,0,0,5,3,8,0,10,12,3,25,4,0,4,29
01/30/2020,GRI,NE,ACE,CE,Federal Contract Tower,2,13,7,2,24,0,0,0,0,0,2,13,7,2,24,0,40,40,64
01/31/2020,GRI,NE,ACE,CE,Federal Contract Tower,0,7,6,0,13,0,0,0,0,0,0,7,6,0,13,82,0,82,95
02/01/2020,GRI,NE,ACE,CE,Federal Contract Tower,0,9,4,0,13,0,0,18,0,18,0,9,22,0,31,26,0,26,57
02/02/2020,GRI,NE,ACE,CE,Federal Contract Tower,2,2,1,0,5,0,0,16,0,16,2,2,17,0,21,12,0,12,33
02/03/2020,GRI,NE,ACE,CE,Federal Contract Tower,0,7,7,0,14,0,0,0,2,2,0,7,7,2,16,0,16,16,32
02/04/2020,GRI,NE,ACE,CE,Federal Contract Tower,0,9,9,0,18,0,0,1,6,7,0,9,10,6,25,0,14,14,39
02/05/2020,GRI,NE,ACE,CE,Federal Contract Tower,0,8,5,0,13,0,0,5,4,9,0,8,10,4,22,36,6,42,64
02/06/2020,GRI,NE,ACE,CE,Federal Contract Tower,2,8,5,0,15,0,0,16,6,22,2,8,21,6,37,22,10,32,69
02/07/2020,GRI,NE,ACE,CE,Federal Contract Tower,0,8,9,0,17,0,0,2,0,2,0,8,11,0,19,2,0,2,21
02/08/2020,GRI,NE,ACE,CE,Federal Contract Tower,0,8,3,0,11,0,0,8,2,10,0,8,11,2,21,22,0,22,43
02/09/2020,GRI,NE,ACE,CE,Federal Contract Tower,2,6,2,0,10,0,0,1,2,3,2,6,3,2,13,0,0,0,13
02/10/2020,GRI,NE,ACE,CE,Federal Contract Tower,0,6,1,0,7,0,0,4,0,4,0,6,5,0,11,0,0,0,11
02/11/2020,GRI,NE,ACE,CE,Federal Contract Tower,0,9,9,0,18,0,1,10,5,16,0,10,19,5,34,0,0,0,34
02/12/2020,GRI,NE,ACE,CE,Federal Contract Tower,2,8,8,0,18,0,0,4,0,4,2,8,12,0,22,0,0,0,22
02/13/2020,GRI,NE,ACE,CE,Federal Contract Tower,4,8,16,0,28,0,0,17,4,21,4,8,33,4,49,8,0,8,57
02/14/2020,GRI,NE,ACE,CE,Federal Contract Tower,2,7,8,0,17,0,0,0,2,2,2,7,8,2,19,0,0,0,19
02/15/2020,GRI,NE,ACE,CE,Federal Contract Tower,0,12,4,0,16,0,0,5,1,6,0,12,9,1,22,2,0,2,24
02/16/2020,GRI,NE,ACE,CE,Federal Contract Tower,2,2,5,0,9,0,0,2,1,3,2,2,7,1,12,22,0,22,34
02/17/2020,GRI,NE,ACE,CE,Federal Contract Tower,4,9,12,0,25,0,0,7,0,7,4,9,19,0,32,16,0,16,48
02/18/2020,GRI,NE,ACE,CE,Federal Contract Tower,0,9,13,0,22,0,0,8,4,12,0,9,21,4,34,20,0,20,54
02/19/2020,GRI,NE,ACE,CE,Federal Contract Tower,2,9,5,0,16,0,0,0,0,0,2,9,5,0,16,0,0,0,16
02/20/2020,GRI,NE,ACE,CE,Federal Contract Tower,2,9,7,0,18,0,0,15,9,24,2,9,22,9,42,18,8,26,68
02/21/2020,GRI,NE,ACE,CE,Federal Contract Tower,2,10,8,0,20,0,0,13,4,17,2,10,21,4,37,0,16,16,53
02/22/2020,GRI,NE,ACE,CE,Federal Contract Tower,0,9,6,0,15,0,0,16,0,16,0,9,22,0,31,18,0,18,49
02/23/2020,GRI,NE,ACE,CE,Federal Contract Tower,2,3,3,0,8,0,0,2,1,3,2,3,5,1,11,0,0,0,11
02/24/2020,GRI,NE,ACE,CE,Federal Contract Tower,2,5,8,0,15,0,0,5,4,9,2,5,13,4,24,6,2,8,32
02/25/2020,GRI,NE,ACE,CE,Federal Contract Tower,0,9,5,0,14,0,0,0,0,0,0,9,5,0,14,0,0,0,14
02/26/2020,GRI,NE,ACE,CE,Federal Contract Tower,2,8,10,0,20,0,0,14,0,14,2,8,24,0,34,14,0,14,48
02/27/2020,GRI,NE,ACE,CE,Federal Contract Tower,2,9,8,0,19,0,0,9,11,20,2,9,17,11,39,0,60,60,99
02/28/2020,GRI,NE,ACE,CE,Federal Contract Tower,2,7,6,3,18,0,0,19,5,24,2,7,25,8,42,16,4,20,62
02/29/2020,GRI,NE,ACE,CE,Federal Contract Tower,0,7,8,0,15,0,0,15,0,15,0,7,23,0,30,16,0,16,46
03/01/2020,GRI,NE,ACE,CE,Federal Contract Tower,2,2,4,0,8,0,0,12,0,12,2,2,16,0,20,0,0,0,20
03/02/2020,GRI,NE,ACE,CE,Federal Contract Tower,2,8,6,0,16,0,0,3,0,3,2,8,9,0,19,0,0,0,19
03/03/2020,GRI,NE,ACE,CE,Federal Contract Tower,0,9,2,0,11,0,1,3,0,4,0,10,5,0,15,8,12,20,35
03/04/2020,GRI,NE,ACE,CE,Federal Contract Tower,2,10,5,0,17,0,0,8,5,13,2,10,13,5,30,4,14,18,48
03/05/2020,GRI,NE,ACE,CE,Federal Contract Tower,2,11,5,1,19,0,0,5,1,6,2,11,10,2,25,12,0,12,37
03/06/2020,GRI,NE,ACE,CE,Federal Contract Tower,2,8,9,2,21,0,0,15,7,22,2,8,24,9,43,0,10,10,53
03/07/2020,GRI,NE,ACE,CE,Federal Contract Tower,0,10,4,0,14,0,0,5,0,5,0,10,9,0,19,0,0,0,19
03/08/2020,GRI,NE,ACE,CE,Federal Contract Tower,2,2,2,0,6,0,0,8,0,8,2,2,10,0,14,0,0,0,14
03/09/2020,GRI,NE,ACE,CE,Federal Contract Tower,2,6,7,0,15,0,0,0,0,0,2,6,7,0,15,0,0,0,15
03/10/2020,GRI,NE,ACE,CE,Federal Contract Tower,0,12,8,0,20,0,0,1,1,2,0,12,9,1,22,0,0,0,22
03/11/2020,GRI,NE,ACE,CE,Federal Contract Tower,2,8,4,0,14,0,0,6,4,10,2,8,10,4,24,0,4,4,28
03/12/2020,GRI,NE,ACE,CE,Federal Contract Tower,2,10,9,0,21,0,0,6,0,6,2,10,15,0,27,2,0,2,29
03/13/2020,GRI,NE,ACE,CE,Federal Contract Tower,2,8,6,0,16,0,0,9,4,13,2,8,15,4,29,24,2,26,55
03/14/2020,GRI,NE,ACE,CE,Federal Contract Tower,0,10,2,0,12,0,0,0,0,0,0,10,2,0,12,0,0,0,12
03/15/2020,GRI,NE,ACE,CE,Federal Contract Tower,0,9,1,0,10,0,0,0,0,0,0,9,1,0,10,0,0,0,10
03/16/2020,GRI,NE,ACE,CE,Federal Contract Tower,2,8,2,0,12,0,0,0,0,0,2,8,2,0,12,0,0,0,12
03/17/2020,GRI,NE,ACE,CE,Federal Contract Tower,0,8,3,0,11,0,0,0,4,4,0,8,3,4,15,0,0,0,15
03/18/2020,GRI,NE,ACE,CE,Federal Contract Tower,2,14,4,0,20,0,0,0,0,0,2,14,4,0,20,0,0,0,20
03/19/2020,GRI,NE,ACE,CE,Federal Contract Tower,0,7,1,0,8,0,0,0,0,0,0,7,1,0,8,0,0,0,8
03/20/2020,GRI,NE,ACE,CE,Federal Contract Tower,2,9,5,8,24,0,0,2,0,2,2,9,7,8,26,2,0,2,28
03/21/2020,GRI,NE,ACE,CE,Federal Contract Tower,0,8,6,0,14,0,0,14,0,14,0,8,20,0,28,26,0,26,54
03/22/2020,GRI,NE,ACE,CE,Federal Contract Tower,0,3,1,0,4,0,0,1,0,1,0,3,2,0,5,10,0,10,15
03/23/2020,GRI,NE,ACE,CE,Federal Contract Tower,2,6,4,2,14,0,0,0,0,0,2,6,4,2,14,0,0,0,14
03/24/2020,GRI,NE,ACE,CE,Federal Contract Tower,0,16,1,0,17,0,0,3,4,7,0,16,4,4,24,2,8,10,34
03/25/2020,GRI,NE,ACE,CE,Federal Contract Tower,0,8,5,0,13,0,0,14,4,18,0,8,19,4,31,26,0,26,57
03/26/2020,GRI,NE,ACE,CE,Federal Contract Tower,0,12,7,0,19,0,0,0,2,2,0,12,7,2,21,0,0,0,21
03/27/2020,GRI,NE,ACE,CE,Federal Contract Tower,0,11,2,0,13,0,0,0,0,0,0,11,2,0,13,0,0,0,13
03/28/2020,GRI,NE,ACE,CE,Federal Contract Tower,0,8,1,0,9,0,0,0,0,0,0,8,1,0,9,0,0,0,9
03/29/2020,GRI,NE,ACE,CE,Federal Contract Tower,0,3,0,0,3,0,0,30,0,30,0,3,30,0,33,10,0,10,43
03/30/2020,GRI,NE,ACE,CE,Federal Contract Tower,0,6,3,2,11,0,0,8,0,8,0,6,11,2,19,30,6,36,55
03/31/2020,GRI,NE,ACE,CE,Federal Contract Tower,0,10,1,0,11,0,0,14,3,17,0,10,15,3,28,28,4,32,60
04/01/2020,GRI,NE,ACE,CE,Federal Contract Tower,0,8,5,2,15,0,0,13,3,16,0,8,18,5,31,18,6,24,55
04/02/2020,GRI,NE,ACE,CE,Federal Contract Tower,0,12,1,0,13,0,0,0,0,0,0,12,1,0,13,0,0,0,13
04/03/2020,GRI,NE,ACE,CE,Federal Contract Tower,2,8,2,0,12,0,0,1,0,1,2,8,3,0,13,0,0,0,13
04/04/2020,GRI,NE,ACE,CE,Federal Contract Tower,0,8,11,0,19,0,0,14,0,14,0,8,25,0,33,6,0,6,39
04/05/2020,GRI,NE,ACE,CE,Federal Contract Tower,0,1,2,0,3,0,0,2,0,2,0,1,4,0,5,0,0,0,5
04/06/2020,GRI,NE,ACE,CE,Federal Contract Tower,0,6,2,0,8,0,0,9,0,9,0,6,11,0,17,18,0,18,35
04/07/2020,GRI,NE,ACE,CE,Federal Contract Tower,0,8,3,0,11,0,0,1,2,3,0,8,4,2,14,2,2,4,18
04/08/2020,GRI,NE,ACE,CE,Federal Contract Tower,0,8,5,0,13,0,0,7,2,9,0,8,12,2,22,0,0,0,22
04/09/2020,GRI,NE,ACE,CE,Federal Contract Tower,0,8,5,0,13,0,0,6,0,6,0,8,11,0,19,0,0,0,19
04/10/2020,GRI,NE,ACE,CE,Federal Contract Tower,2,6,4,2,14,0,2,13,0,15,2,8,17,2,29,16,0,16,45
04/11/2020,GRI,NE,ACE,CE,Federal Contract Tower,0,6,6,0,12,0,0,19,0,19,0,6,25,0,31,38,0,38,69
04/12/2020,GRI,NE,ACE,CE,Federal Contract Tower,0,3,0,0,3,0,0,0,0,0,0,3,0,0,3,0,0,0,3
04/13/2020,GRI,NE,ACE,CE,Federal Contract Tower,0,6,1,2,9,0,0,4,0,4,0,6,5,2,13,30,6,36,49
04/14/2020,GRI,NE,ACE,CE,Federal Contract Tower,0,9,1,0,10,0,6,7,1,14,0,15,8,1,24,0,20,20,44
04/15/2020,GRI,NE,ACE,CE,Federal Contract Tower,0,10,0,0,10,0,3,17,8,28,0,13,17,8,38,4,2,6,44
04/16/2020,GRI,NE,ACE,CE,Federal Contract Tower,0,8,2,0,10,0,0,0,0,0,0,8,2,0,10,0,0,0,10
04/17/2020,GRI,NE,ACE,CE,Federal Contract Tower,0,10,2,1,13,0,0,2,6,8,0,10,4,7,21,10,4,14,35
04/18/2020,GRI,NE,ACE,CE,Federal Contract Tower,0,7,6,0,13,0,0,10,0,10,0,7,16,0,23,32,0,32,55
04/19/2020,GRI,NE,ACE,CE,Federal Contract Tower,0,3,0,0,3,0,0,10,0,10,0,3,10,0,13,0,0,0,13
04/20/2020,GRI,NE,ACE,CE,Federal Contract Tower,0,5,1,0,6,0,2,1,0,3,0,7,2,0,9,18,0,18,27
04/21/2020,GRI,NE,ACE,CE,Federal Contract Tower,0,5,1,0,6,0,0,7,4,11,0,5,8,4,17,14,0,14,31
04/22/2020,GRI,NE,ACE,CE,Federal Contract Tower,0,9,8,0,17,0,0,7,0,7,0,9,15,0,24,2,0,2,26
04/23/2020,GRI,NE,ACE,CE,Federal Contract Tower,0,8,2,0,10,0,0,18,9,27,0,8,20,9,37,4,6,10,47
04/24/2020,GRI,NE,ACE,CE,Federal Contract Tower,0,5,4,0,9,0,0,2,0,2,0,5,6,0,11,0,0,0,11
04/25/2020,GRI,NE,ACE,CE,Federal Contract Tower,0,5,1,0,6,0,0,17,4,21,0,5,18,4,27,8,0,8,35
04/26/2020,GRI,NE,ACE,CE,Federal Contract Tower,0,0,2,0,2,0,0,0,0,0,0,0,2,0,2,0,0,0,2
04/27/2020,GRI,NE,ACE,CE,Federal Contract Tower,0,5,1,0,6,0,2,10,0,12,0,7,11,0,18,26,0,26,44
04/28/2020,GRI,NE,ACE,CE,Federal Contract Tower,0,7,7,0,14,0,0,6,2,8,0,7,13,2,22,0,0,0,22
04/29/2020,GRI,NE,ACE,CE,Federal Contract Tower,0,5,1,0,6,0,0,1,0,1,0,5,2,0,7,0,0,0,7
04/30/2020,GRI,NE,ACE,CE,Federal Contract Tower,0,7,1,0,8,0,0,25,4,29,0,7,26,4,37,14,0,14,51
05/01/2020,GRI,NE,ACE,CE,Federal Contract Tower,0,11,2,0,13,0,0,7,1,8,0,11,9,1,21,2,0,2,23
05/02/2020,GRI,NE,ACE,CE,Federal Contract Tower,0,5,3,0,8,0,0,10,0,10,0,5,13,0,18,42,0,42,60
05/03/2020,GRI,NE,ACE,CE,Federal Contract Tower,0,4,1,0,5,0,0,11,0,11,0,4,12,0,16,10,0,10,26
05/04/2020,GRI,NE,ACE,CE,Federal Contract Tower,0,5,1,0,6,0,0,6,0,6,0,5,7,0,12,0,0,0,12
05/05/2020,GRI,NE,ACE,CE,Federal Contract Tower,0,8,1,0,9,0,0,12,2,14,0,8,13,2,23,8,12,20,43
05/06/2020,GRI,NE,ACE,CE,Federal Contract Tower,0,8,8,0,16,0,0,12,6,18,0,8,20,6,34,20,2,22,56
05/07/2020,GRI,NE,ACE,CE,Federal Contract Tower,0,8,4,2,14,0,0,4,6,10,0,8,8,8,24,0,10,10,34
05/08/2020,GRI,NE,ACE,CE,Federal Contract Tower,2,9,3,0,14,0,0,15,0,15,2,9,18,0,29,30,0,30,59
05/09/2020,GRI,NE,ACE,CE,Federal Contract Tower,0,5,1,0,6,0,0,3,0,3,0,5,4,0,9,20,0,20,29
05/10/2020,GRI,NE,ACE,CE,Federal Contract Tower,2,2,1,0,5,0,0,18,0,18,2,2,19,0,23,6,0,6,29
05/11/2020,GRI,NE,ACE,CE,Federal Contract Tower,2,5,3,0,10,0,0,4,0,4,2,5,7,0,14,4,0,4,18
05/12/2020,GRI,NE,ACE,CE,Federal Contract Tower,0,9,7,2,18,0,0,9,0,9,0,9,16,2,27,8,2,10,37
05/13/2020,GRI,NE,ACE,CE,Federal Contract Tower,0,7,5,0,12,0,0,0,0,0,0,7,5,0,12,0,0,0,12
05/14/2020,GRI,NE,ACE,CE,Federal Contract Tower,2,9,5,1,17,0,0,9,0,9,2,9,14,1,26,4,0,4,30
05/15/2020,GRI,NE,ACE,CE,Federal Contract Tower,2,7,5,0,14,0,0,14,0,14,2,7,19,0,28,6,0,6,34
05/16/2020,GRI,NE,ACE,CE,Federal Contract Tower,0,5,2,0,7,0,0,1,0,1,0,5,3,0,8,0,0,0,8
05/17/2020,GRI,NE,ACE,CE,Federal Contract Tower,2,4,0,0,6,0,0,5,0,5,2,4,5,0,11,0,0,0,11
05/18/2020,GRI,NE,ACE,CE,Federal Contract Tower,2,6,6,0,14,0,0,4,0,4,2,6,10,0,18,0,0,0,18
05/19/2020,GRI,NE,ACE,CE,Federal Contract Tower,0,7,8,0,15,0,0,9,2,11,0,7,17,2,26,10,0,10,36
05/20/2020,GRI,NE,ACE,CE,Federal Contract Tower,0,12,8,1,21,0,0,11,6,17,0,12,19,7,38,0,2,2,40
05/21/2020,GRI,NE,ACE,CE,Federal Contract Tower,2,9,2,0,13,0,0,0,0,0,2,9,2,0,13,0,0,0,13
05/22/2020,GRI,NE,ACE,CE,Federal Contract Tower,2,10,1,0,13,0,0,0,0,0,2,10,1,0,13,0,0,0,13
05/23/2020,GRI,NE,ACE,CE,Federal Contract Tower,0,3,4,0,7,0,0,14,0,14,0,3,18,0,21,8,0,8,29
05/24/2020,GRI,NE,ACE,CE,Federal Contract Tower,2,2,0,0,4,0,0,1,0,1,2,2,1,0,5,10,0,10,15
05/25/2020,GRI,NE,ACE,CE,Federal Contract Tower,2,8,0,0,10,0,0,0,0,0,2,8,0,0,10,0,0,0,10
05/26/2020,GRI,NE,ACE,CE,Federal Contract Tower,0,6,0,4,10,0,0,18,10,28,0,6,18,14,38,14,12,26,64
05/27/2020,GRI,NE,ACE,CE,Federal Contract Tower,0,7,10,4,21,0,0,17,4,21,0,7,27,8,42,18,8,26,68
05/28/2020,GRI,NE,ACE,CE,Federal Contract Tower,2,10,3,2,17,0,5,19,2,26,2,15,22,4,43,4,4,8,51
05/29/2020,GRI,NE,ACE,CE,Federal Contract Tower,2,8,4,0,14,0,0,30,0,30,2,8,34,0,44,46,0,46,90
05/30/2020,GRI,NE,ACE,CE,Federal Contract Tower,0,5,4,0,9,0,0,4,0,4,0,5,8,0,13,2,0,2,15
05/31/2020,GRI,NE,ACE,CE,Federal Contract Tower,2,2,4,0,8,0,0,7,0,7,2,2,11,0,15,0,0,0,15
06/01/2020,GRI,NE,ACE,CE,Federal Contract Tower,2,8,10,0,20,0,0,3,0,3,2,8,13,0,23,0,0,0,23
06/02/2020,GRI,NE,ACE,CE,Federal Contract Tower,0,7,4,2,13,0,0,17,3,20,0,7,21,5,33,16,0,16,49
06/03/2020,GRI,NE,ACE,CE,Federal Contract Tower,0,9,5,2,16,0,0,21,7,28,0,9,26,9,44,20,2,22,66
06/04/2020,GRI,NE,ACE,CE,Federal Contract Tower,2,8,4,0,14,0,0,38,8,46,2,8,42,8,60,16,6,22,82
06/05/2020,GRI,NE,ACE,CE,Federal Contract Tower,1,10,3,0,14,0,1,16,3,20,1,11,19,3,34,22,26,48,82
06/06/2020,GRI,NE,ACE,CE,Federal Contract Tower,0,6,4,2,12,0,0,4,5,9,0,6,8,7,21,18,4,22,43
06/07/2020,GRI,NE,ACE,CE,Federal Contract Tower,2,3,1,0,6,0,0,1,0,1,2,3,2,0,7,0,0,0,7
06/08/2020,GRI,NE,ACE,CE,Federal Contract Tower,0,5,1,0,6,0,0,6,0,6,0,5,7,0,12,0,0,0,12
06/09/2020,GRI,NE,ACE,CE,Federal Contract Tower,0,5,2,0,7,0,0,0,0,0,0,5,2,0,7,0,0,0,7
06/10/2020,GRI,NE,ACE,CE,Federal Contract Tower,0,7,6,0,13,0,2,4,1,7,0,9,10,1,20,0,0,0,20
06/11/2020,GRI,NE,ACE,CE,Federal Contract Tower,2,9,6,4,21,0,0,48,7,55,2,9,54,11,76,50,2,52,128
06/12/2020,GRI,NE,ACE,CE,Federal Contract Tower,0,8,15,0,23,0,0,19,14,33,0,8,34,14,56,30,46,76,132
06/13/2020,GRI,NE,ACE,CE,Federal Contract Tower,0,8,7,2,17,0,0,13,7,20,0,8,20,9,37,36,44,80,117
06/14/2020,GRI,NE,ACE,CE,Federal Contract Tower,2,4,1,0,7,0,0,2,0,2,2,4,3,0,9,0,0,0,9
06/15/2020,GRI,NE,ACE,CE,Federal Contract Tower,0,6,3,1,10,0,0,5,0,5,0,6,8,1,15,4,0,4,19
06/16/2020,GRI,NE,ACE,CE,Federal Contract Tower,0,7,6,2,15,0,0,17,4,21,0,7,23,6,36,8,0,8,44
06/17/2020,GRI,NE,ACE,CE,Federal Contract Tower,0,10,4,0,14,0,1,15,3,19,0,11,19,3,33,2,0,2,35
06/18/2020,GRI,NE,ACE,CE,Federal Contract Tower,2,7,6,0,15,0,0,10,2,12,2,7,16,2,27,16,2,18,45
06/19/2020,GRI,NE,ACE,CE,Federal Contract Tower,3,7,12,2,24,0,0,10,2,12,3,7,22,4,36,26,0,26,62
06/20/2020,GRI,NE,ACE,CE,Federal Contract Tower,0,7,11,0,18,0,0,5,0,5,0,7,16,0,23,0,0,0,23
06/21/2020,GRI,NE,ACE,CE,Federal Contract Tower,2,3,1,0,6,0,0,9,0,9,2,3,10,0,15,8,0,8,23
06/22/2020,GRI,NE,ACE,CE,Federal Contract Tower,0,5,2,0,7,0,0,8,0,8,0,5,10,0,15,0,0,0,15
06/23/2020,GRI,NE,ACE,CE,Federal Contract Tower,2,8,5,0,15,0,1,11,4,16,2,9,16,4,31,18,12,30,61
06/24/2020,GRI,NE,ACE,CE,Federal Contract Tower,0,10,8,2,20,0,1,38,6,45,0,11,46,8,65,10,0,10,75
06/25/2020,GRI,NE,ACE,CE,Federal Contract Tower,2,8,10,0,20,0,0,19,4,23,2,8,29,4,43,12,16,28,71
06/26/2020,GRI,NE,ACE,CE,Federal Contract Tower,1,7,3,0,11,0,0,8,3,11,1,7,11,3,22,2,0,2,24
06/27/2020,GRI,NE,ACE,CE,Federal Contract Tower,0,6,5,0,11,0,0,14,2,16,0,6,19,2,27,22,0,22,49
06/28/2020,GRI,NE,ACE,CE,Federal Contract Tower,2,6,6,0,14,0,0,8,0,8,2,6,14,0,22,10,0,10,32
06/29/2020,GRI,NE,ACE,CE,Federal Contract Tower,0,5,2,0,7,0,0,6,0,6,0,5,8,0,13,0,0,0,13
06/30/2020,GRI,NE,ACE,CE,Federal Contract Tower,0,9,4,0,13,0,1,4,2,7,0,10,8,2,20,2,6,8,28
07/01/2020,GRI,NE,ACE,CE,Federal Contract Tower,0,9,4,0,13,0,1,26,5,32,0,10,30,5,45,36,4,40,85
07/02/2020,GRI,NE,ACE,CE,Federal Contract Tower,2,8,9,0,19,0,0,7,2,9,2,8,16,2,28,18,2,20,48
07/03/2020,GRI,NE,ACE,CE,Federal Contract Tower,2,10,2,0,14,0,2,12,0,14,2,12,14,0,28,0,0,0,28
07/04/2020,GRI,NE,ACE,CE,Federal Contract Tower,0,3,4,0,7,0,0,5,0,5,0,3,9,0,12,2,0,2,14
07/05/2020,GRI,NE,ACE,CE,Federal Contract Tower,2,3,2,0,7,0,0,3,0,3,2,3,5,0,10,6,0,6,16
07/06/2020,GRI,NE,ACE,CE,Federal Contract Tower,2,10,7,0,19,0,0,8,0,8,2,10,15,0,27,0,0,0,27
07/07/2020,GRI,NE,ACE,CE,Federal Contract Tower,0,7,8,2,17,0,1,19,4,24,0,8,27,6,41,30,0,30,71
07/08/2020,GRI,NE,ACE,CE,Federal Contract Tower,0,12,12,0,24,0,0,6,6,12,0,12,18,6,36,34,14,48,84
07/09/2020,GRI,NE,ACE,CE,Federal Contract Tower,2,15,1,0,18,0,0,12,7,19,2,15,13,7,37,4,0,4,41
07/10/2020,GRI,NE,ACE,CE,Federal Contract Tower,2,8,3,0,13,0,0,17,0,17,2,8,20,0,30,14,0,14,44
07/11/2020,GRI,NE,ACE,CE,Federal Contract Tower,0,7,3,0,10,0,0,6,0,6,0,7,9,0,16,18,0,18,34
07/12/2020,GRI,NE,ACE,CE,Federal Contract Tower,2,2,5,0,9,0,0,20,0,20,2,2,25,0,29,0,0,0,29
07/13/2020,GRI,NE,ACE,CE,Federal Contract Tower,2,7,6,1,16,0,0,10,0,10,2,7,16,1,26,10,0,10,36
07/14/2020,GRI,NE,ACE,CE,Federal Contract Tower,0,7,14,2,23,0,0,9,2,11,0,7,23,4,34,24,8,32,66
07/15/2020,GRI,NE,ACE,CE,Federal Contract Tower,0,11,11,1,23,0,0,21,1,22,0,11,32,2,45,36,6,42,87
07/16/2020,GRI,NE,ACE,CE,Federal Contract Tower,2,8,16,0,26,0,0,4,0,4,2,8,20,0,30,4,0,4,34
07/17/2020,GRI,NE,ACE,CE,Federal Contract Tower,2,8,8,0,18,0,0,19,2,21,2,8,27,2,39,18,0,18,57
07/18/2020,GRI,NE,ACE,CE,Federal Contract Tower,0,11,5,0,16,0,0,19,5,24,0,11,24,5,40,4,2,6,46
07/19/2020,GRI,NE,ACE,CE,Federal Contract Tower,2,2,5,2,11,0,0,10,9,19,2,2,15,11,30,24,0,24,54
07/20/2020,GRI,NE,ACE,CE,Federal Contract Tower,2,5,1,2,10,0,0,1,1,2,2,5,2,3,12,0,0,0,12
07/21/2020,GRI,NE,ACE,CE,Federal Contract Tower,0,7,9,0,16,0,0,19,1,20,0,7,28,1,36,8,0,8,44
07/22/2020,GRI,NE,ACE,CE,Federal Contract Tower,0,7,4,4,15,0,0,5,6,11,0,7,9,10,26,14,0,14,40
07/23/2020,GRI,NE,ACE,CE,Federal Contract Tower,2,8,9,0,19,0,0,18,7,25,2,8,27,7,44,0,0,0,44
07/24/2020,GRI,NE,ACE,CE,Federal Contract Tower,2,9,9,3,23,0,0,31,9,40,2,9,40,12,63,18,28,46,109
07/25/2020,GRI,NE,ACE,CE,Federal Contract Tower,0,7,3,0,10,0,0,3,0,3,0,7,6,0,13,0,0,0,13
07/26/2020,GRI,NE,ACE,CE,Federal Contract Tower,2,2,16,0,20,0,0,14,0,14,2,2,30,0,34,14,0,14,48
07/27/2020,GRI,NE,ACE,CE,Federal Contract Tower,2,5,7,0,14,0,0,12,0,12,2,5,19,0,26,74,0,74,100
07/28/2020,GRI,NE,ACE,CE,Federal Contract Tower,0,17,11,0,28,0,0,11,4,15,0,17,22,4,43,16,0,16,59
07/29/2020,GRI,NE,ACE,CE,Federal Contract Tower,0,12,8,0,20,0,0,9,2,11,0,12,17,2,31,8,0,8,39
07/30/2020,GRI,NE,ACE,CE,Federal Contract Tower,2,8,10,0,20,0,0,0,0,0,2,8,10,0,20,0,8,8,28
07/31/2020,GRI,NE,ACE,CE,Federal Contract Tower,2,7,3,0,12,0,0,28,8,36,2,7,31,8,48,38,0,38,86
08/01/2020,GRI,NE,ACE,CE,Federal Contract Tower,0,5,2,0,7,0,0,11,0,11,0,5,13,0,18,28,0,28,46
08/02/2020,GRI,NE,ACE,CE,Federal Contract Tower,4,4,3,0,11,0,0,11,0,11,4,4,14,0,22,8,0,8,30
08/03/2020,GRI,NE,ACE,CE,Federal Contract Tower,2,9,5,0,16,0,0,8,1,9,2,9,13,1,25,0,0,0,25
08/04/2020,GRI,NE,ACE,CE,Federal Contract Tower,0,7,4,2,13,0,0,20,4,24,0,7,24,6,37,38,0,38,75
08/05/2020,GRI,NE,ACE,CE,Federal Contract Tower,0,7,5,0,12,0,2,21,8,31,0,9,26,8,43,36,16,52,95
08/06/2020,GRI,NE,ACE,CE,Federal Contract Tower,4,7,7,0,18,0,0,0,0,0,4,7,7,0,18,14,10,24,42
08/07/2020,GRI,NE,ACE,CE,Federal Contract Tower,2,9,4,12,27,0,0,2,0,2,2,9,6,12,29,0,2,2,31
08/08/2020,GRI,NE,ACE,CE,Federal Contract Tower,0,7,11,0,18,0,0,8,0,8,0,7,19,0,26,6,0,6,32
08/09/2020,GRI,NE,ACE,CE,Federal Contract Tower,2,2,4,0,8,0,0,11,0,11,2,2,15,0,19,28,0,28,47
08/10/2020,GRI,NE,ACE,CE,Federal Contract Tower,2,5,11,0,18,0,0,6,2,8,2,5,17,2,26,0,4,4,30
08/11/2020,GRI,NE,ACE,CE,Federal Contract Tower,0,8,5,2,15,0,0,7,10,17,0,8,12,12,32,0,4,4,36
08/12/2020,GRI,NE,ACE,CE,Federal Contract Tower,0,11,3,4,18,0,0,13,7,20,0,11,16,11,38,6,14,20,58
08/13/2020,GRI,NE,ACE,CE,Federal Contract Tower,2,7,7,4,20,0,0,6,4,10,2,7,13,8,30,0,8,8,38
08/14/2020,GRI,NE,ACE,CE,Federal Contract Tower,2,7,9,0,18,0,0,11,4,15,2,7,20,4,33,0,30,30,63
08/15/2020,GRI,NE,ACE,CE,Federal Contract Tower,0,9,4,0,13,0,0,31,1,32,0,9,35,1,45,60,0,60,105
08/16/2020,GRI,NE,ACE,CE,Federal Contract Tower,2,2,4,0,8,0,0,3,3,6,2,2,7,3,14,10,0,10,24
08/17/2020,GRI,NE,ACE,CE,Federal Contract Tower,2,5,10,0,17,0,0,20,0,20,2,5,30,0,37,6,0,6,43
08/18/2020,GRI,NE,ACE,CE,Federal Contract Tower,0,8,7,4,19,0,0,8,4,12,0,8,15,8,31,18,0,18,49
08/19/2020,GRI,NE,ACE,CE,Federal Contract Tower,0,9,8,0,17,0,0,13,3,16,0,9,21,3,33,14,0,14,47
08/20/2020,GRI,NE,ACE,CE,Federal Contract Tower,0,8,6,3,17,0,0,15,8,23,0,8,21,11,40,8,16,24,64
08/21/2020,GRI,NE,ACE,CE,Federal Contract Tower,2,8,3,0,13,0,1,20,2,23,2,9,23,2,36,58,0,58,94
08/22/2020,GRI,NE,ACE,CE,Federal Contract Tower,0,6,6,0,12,0,0,12,3,15,0,6,18,3,27,10,0,10,37
08/23/2020,GRI,NE,ACE,CE,Federal Contract Tower,0,2,3,1,6,0,0,15,9,24,0,2,18,10,30,6,20,26,56
08/24/2020,GRI,NE,ACE,CE,Federal Contract Tower,2,5,5,1,13,0,0,15,0,15,2,5,20,1,28,14,0,14,42
08/25/2020,GRI,NE,ACE,CE,Federal Contract Tower,0,7,8,0,15,0,2,14,3,19,0,9,22,3,34,18,0,18,52
08/26/2020,GRI,NE,ACE,CE,Federal Contract Tower,0,11,5,0,16,0,0,8,2,10,0,11,13,2,26,4,0,4,30
08/27/2020,GRI,NE,ACE,CE,Federal Contract Tower,0,9,10,3,22,0,0,14,7,21,0,9,24,10,43,12,28,40,83
08/28/2020,GRI,NE,ACE,CE,Federal Contract Tower,2,7,4,1,14,0,0,21,16,37,2,7,25,17,51,8,2,10,61
08/29/2020,GRI,NE,ACE,CE,Federal Contract Tower,0,6,9,2,17,0,0,14,2,16,0,6,23,4,33,24,0,24,57
08/30/2020,GRI,NE,ACE,CE,Federal Contract Tower,0,4,2,0,6,0,0,9,2,11,0,4,11,2,17,12,0,12,29
08/31/2020,GRI,NE,ACE,CE,Federal Contract Tower,2,5,2,2,11,0,0,6,0,6,2,5,8,2,17,0,0,0,17
09/01/2020,GRI,NE,ACE,CE,Federal Contract Tower,0,9,8,6,23,0,0,15,6,21,0,9,23,12,44,70,2,72,116
09/02/2020,GRI,NE,ACE,CE,Federal Contract Tower,0,9,3,6,18,0,0,27,8,35,0,9,30,14,53,24,2,26,79
09/03/2020,GRI,NE,ACE,CE,Federal Contract Tower,0,9,10,1,20,0,1,16,3,20,0,10,26,4,40,52,0,52,92
09/04/2020,GRI,NE,ACE,CE,Federal Contract Tower,2,8,10,2,22,0,0,28,0,28,2,8,38,2,50,26,0,26,76
09/05/2020,GRI,NE,ACE,CE,Federal Contract Tower,0,7,6,0,13,0,0,16,0,16,0,7,22,0,29,2,0,2,31
09/06/2020,GRI,NE,ACE,CE,Federal Contract Tower,0,5,3,0,8,0,0,3,0,3,0,5,6,0,11,0,0,0,11
09/07/2020,GRI,NE,ACE,CE,Federal Contract Tower,2,2,7,0,11,0,0,2,0,2,2,2,9,0,13,2,0,2,15
09/08/2020,GRI,NE,ACE,CE,Federal Contract Tower,0,6,0,0,6,0,0,0,0,0,0,6,0,0,6,0,0,0,6
09/09/2020,GRI,NE,ACE,CE,Federal Contract Tower,0,17,6,4,27,0,1,0,2,3,0,18,6,6,30,0,4,4,34
09/10/2020,GRI,NE,ACE,CE,Federal Contract Tower,0,9,12,5,26,0,0,5,7,12,0,9,17,12,38,0,34,34,72
09/11/2020,GRI,NE,ACE,CE,Federal Contract Tower,2,11,10,3,26,0,0,2,0,2,2,11,12,3,28,14,0,14,42
09/12/2020,GRI,NE,ACE,CE,Federal Contract Tower,0,6,3,0,9,0,0,11,4,15,0,6,14,4,24,30,2,32,56
09/13/2020,GRI,NE,ACE,CE,Federal Contract Tower,2,2,9,0,13,0,0,19,0,19,2,2,28,0,32,6,0,6,38
09/14/2020,GRI,NE,ACE,CE,Federal Contract Tower,2,5,11,1,19,0,0,6,2,8,2,5,17,3,27,0,0,0,27
09/15/2020,GRI,NE,ACE,CE,Federal Contract Tower,0,11,7,1,19,0,0,7,2,9,0,11,14,3,28,6,0,6,34
09/16/2020,GRI,NE,ACE,CE,Federal Contract Tower,0,7,2,0,9,0,0,10,2,12,0,7,12,2,21,26,6,32,53
09/17/2020,GRI,NE,ACE,CE,Federal Contract Tower,2,9,7,3,21,0,0,14,2,16,2,9,21,5,37,50,6,56,93
09/18/2020,GRI,NE,ACE,CE,Federal Contract Tower,2,7,5,2,16,0,0,18,7,25,2,7,23,9,41,24,10,34,75
09/19/2020,GRI,NE,ACE,CE,Federal Contract Tower,0,7,2,0,9,0,0,7,0,7,0,7,9,0,16,0,0,0,16
09/20/2020,GRI,NE,ACE,CE,Federal Contract Tower,0,4,4,0,8,0,0,3,0,3,0,4,7,0,11,0,0,0,11
09/21/2020,GRI,NE,ACE,CE,Federal Contract Tower,2,5,8,0,15,0,0,3,0,3,2,5,11,0,18,0,0,0,18
09/22/2020,GRI,NE,ACE,CE,Federal Contract Tower,0,9,3,2,14,0,0,15,5,20,0,9,18,7,34,30,2,32,66
09/23/2020,GRI,NE,ACE,CE,Federal Contract Tower,0,7,8,1,16,0,0,6,2,8,0,7,14,3,24,0,0,0,24
09/24/2020,GRI,NE,ACE,CE,Federal Contract Tower,0,6,7,3,16,0,0,18,5,23,0,6,25,8,39,44,12,56,95
09/25/2020,GRI,NE,ACE,CE,Federal Contract Tower,2,7,10,0,19,0,2,14,3,19,2,9,24,3,38,10,2,12,50
09/26/2020,GRI,NE,ACE,CE,Federal Contract Tower,0,7,11,3,21,0,2,9,0,11,0,9,20,3,32,4,2,6,38
09/27/2020,GRI,NE,ACE,CE,Federal Contract Tower,0,2,10,1,13,0,2,4,0,6,0,4,14,1,19,4,0,4,23
09/28/2020,GRI,NE,ACE,CE,Federal Contract Tower,2,6,4,1,13,0,0,2,2,4,2,6,6,3,17,6,0,6,23
09/29/2020,GRI,NE,ACE,CE,Federal Contract Tower,0,11,1,0,12,0,0,19,8,27,0,11,20,8,39,34,0,34,73
09/30/2020,GRI,NE,ACE,CE,Federal Contract Tower,0,9,5,1,15,0,0,2,1,3,0,9,7,2,18,0,0,0,18
10/01/2020,GRI,NE,ACE,CE,Federal Contract Tower,0,7,4,0,11,0,0,19,15,34,0,7,23,15,45,30,44,74,119
10/02/2020,GRI,NE,ACE,CE,Federal Contract Tower,2,8,10,0,20,0,0,16,0,16,2,8,26,0,36,6,0,6,42
10/04/2020,GRI,NE,ACE,CE,Federal Contract Tower,2,2,5,0,9,0,0,6,0,6,2,2,11,0,15,2,0,2,17
10/05/2020,GRI,NE,ACE,CE,Federal Contract Tower,2,5,1,0,8,0,0,4,0,4,2,5,5,0,12,2,0,2,14
10/06/2020,GRI,NE,ACE,CE,Federal Contract Tower,0,12,5,2,19,0,0,19,3,22,0,12,24,5,41,16,14,30,71
10/07/2020,GRI,NE,ACE,CE,Federal Contract Tower,0,10,11,0,21,0,0,23,3,26,0,10,34,3,47,12,0,12,59
10/08/2020,GRI,NE,ACE,CE,Federal Contract Tower,2,11,4,2,19,0,0,13,13,26,2,11,17,15,45,8,0,8,53
10/09/2020,GRI,NE,ACE,CE,Federal Contract Tower,2,9,2,0,13,0,0,24,7,31,2,9,26,7,44,28,14,42,86
10/10/2020,GRI,NE,ACE,CE,Federal Contract Tower,0,6,7,0,13,0,0,11,0,11,0,6,18,0,24,4,0,4,28
10/11/2020,GRI,NE,ACE,CE,Federal Contract Tower,2,2,2,0,6,0,0,0,0,0,2,2,2,0,6,14,0,14,20
10/12/2020,GRI,NE,ACE,CE,Federal Contract Tower,2,4,3,0,9,0,1,3,0,4,2,5,6,0,13,0,0,0,13
10/13/2020,GRI,NE,ACE,CE,Federal Contract Tower,0,10,10,2,22,0,0,22,0,22,0,10,32,2,44,56,6,62,106
10/14/2020,GRI,NE,ACE,CE,Federal Contract Tower,0,10,5,3,18,0,0,5,2,7,0,10,10,5,25,0,0,0,25
10/15/2020,GRI,NE,ACE,CE,Federal Contract Tower,2,8,7,1,18,0,0,26,7,33,2,8,33,8,51,12,12,24,75
10/16/2020,GRI,NE,ACE,CE,Federal Contract Tower,2,12,6,0,20,0,0,24,8,32,2,12,30,8,52,12,0,12,64
10/17/2020,GRI,NE,ACE,CE,Federal Contract Tower,0,6,1,0,7,0,0,23,14,37,0,6,24,14,44,22,22,44,88
10/18/2020,GRI,NE,ACE,CE,Federal Contract Tower,1,2,5,2,10,0,0,14,0,14,1,2,19,2,24,0,0,0,24
10/19/2020,GRI,NE,ACE,CE,Federal Contract Tower,2,10,4,2,18,0,0,4,0,4,2,10,8,2,22,0,0,0,22
10/20/2020,GRI,NE,ACE,CE,Federal Contract Tower,0,10,1,0,11,0,2,11,2,15,0,12,12,2,26,10,0,10,36
10/21/2020,GRI,NE,ACE,CE,Federal Contract Tower,0,15,10,2,27,0,0,5,4,9,0,15,15,6,36,2,2,4,40
10/22/2020,GRI,NE,ACE,CE,Federal Contract Tower,4,10,3,0,17,0,0,0,0,0,4,10,3,0,17,0,0,0,17
10/23/2020,GRI,NE,ACE,CE,Federal Contract Tower,2,8,8,0,18,0,0,12,1,13,2,8,20,1,31,2,0,2,33
10/24/2020,GRI,NE,ACE,CE,Federal Contract Tower,0,6,2,0,8,0,0,7,0,7,0,6,9,0,15,0,0,0,15
10/25/2020,GRI,NE,ACE,CE,Federal Contract Tower,2,2,0,0,4,0,0,0,0,0,2,2,0,0,4,0,0,0,4
10/26/2020,GRI,NE,ACE,CE,Federal Contract Tower,4,8,9,0,21,0,0,4,0,4,4,8,13,0,25,2,0,2,27
10/27/2020,GRI,NE,ACE,CE,Federal Contract Tower,0,10,7,1,18,0,0,16,5,21,0,10,23,6,39,26,4,30,69
10/28/2020,GRI,NE,ACE,CE,Federal Contract Tower,0,8,4,0,12,0,0,12,3,15,0,8,16,3,27,10,0,10,37
10/29/2020,GRI,NE,ACE,CE,Federal Contract Tower,2,8,7,0,17,0,0,25,9,34,2,8,32,9,51,34,14,48,99
10/30/2020,GRI,NE,ACE,CE,Federal Contract Tower,2,7,7,0,16,0,0,24,0,24,2,7,31,0,40,30,0,30,70
10/31/2020,GRI,NE,ACE,CE,Federal Contract Tower,0,7,2,0,9,0,0,9,0,9,0,7,11,0,18,0,0,0,18
11/01/2020,GRI,NE,ACE,CE,Federal Contract Tower,2,3,0,0,5,0,0,13,0,13,2,3,13,0,18,4,0,4,22
11/02/2020,GRI,NE,ACE,CE,Federal Contract Tower,2,12,7,0,21,0,0,3,0,3,2,12,10,0,24,4,0,4,28
11/03/2020,GRI,NE,ACE,CE,Federal Contract Tower,0,12,9,0,21,0,0,15,2,17,0,12,24,2,38,12,0,12,50
11/04/2020,GRI,NE,ACE,CE,Federal Contract Tower,0,10,8,4,22,0,0,16,0,16,0,10,24,4,38,14,0,14,52
11/05/2020,GRI,NE,ACE,CE,Federal Contract Tower,2,11,15,3,31,0,0,29,7,36,2,11,44,10,67,16,4,20,87
11/06/2020,GRI,NE,ACE,CE,Federal Contract Tower,2,11,7,4,24,0,0,11,0,11,2,11,18,4,35,6,0,6,41
11/07/2020,GRI,NE,ACE,CE,Federal Contract Tower,0,7,0,0,7,0,0,1,0,1,0,7,1,0,8,0,16,16,24
11/08/2020,GRI,NE,ACE,CE,Federal Contract Tower,2,5,0,0,7,0,0,1,0,1,2,5,1,0,8,0,0,0,8
11/09/2020,GRI,NE,ACE,CE,Federal Contract Tower,2,6,0,0,8,0,0,0,0,0,2,6,0,0,8,0,0,0,8
11/10/2020,GRI,NE,ACE,CE,Federal Contract Tower,0,7,0,0,7,0,0,3,2,5,0,7,3,2,12,0,0,0,12
11/11/2020,GRI,NE,ACE,CE,Federal Contract Tower,0,8,3,0,11,0,0,14,0,14,0,8,17,0,25,0,0,0,25
11/12/2020,GRI,NE,ACE,CE,Federal Contract Tower,2,8,2,1,13,0,0,6,7,13,2,8,8,8,26,8,22,30,56
11/13/2020,GRI,NE,ACE,CE,Federal Contract Tower,2,8,2,0,12,0,0,8,1,9,2,8,10,1,21,0,4,4,25
11/14/2020,GRI,NE,ACE,CE,Federal Contract Tower,0,6,2,0,8,0,0,3,0,3,0,6,5,0,11,0,0,0,11
11/15/2020,GRI,NE,ACE,CE,Federal Contract Tower,2,4,0,0,6,0,0,0,0,0,2,4,0,0,6,0,0,0,6
11/16/2020,GRI,NE,ACE,CE,Federal Contract Tower,2,7,3,0,12,0,0,12,0,12,2,7,15,0,24,20,0,20,44
11/17/2020,GRI,NE,ACE,CE,Federal Contract Tower,0,9,4,0,13,0,0,6,5,11,0,9,10,5,24,0,0,0,24
11/18/2020,GRI,NE,ACE,CE,Federal Contract Tower,0,7,2,2,11,0,0,5,7,12,0,7,7,9,23,22,0,22,45
11/19/2020,GRI,NE,ACE,CE,Federal Contract Tower,2,9,5,0,16,0,0,21,13,34,2,9,26,13,50,26,0,26,76
11/20/2020,GRI,NE,ACE,CE,Federal Contract Tower,2,6,14,1,23,0,0,18,4,22,2,6,32,5,45,38,20,58,103
11/21/2020,GRI,NE,ACE,CE,Federal Contract Tower,0,9,6,0,15,0,0,2,3,5,0,9,8,3,20,0,0,0,20
11/22/2020,GRI,NE,ACE,CE,Federal Contract Tower,2,3,4,0,9,0,0,17,0,17,2,3,21,0,26,18,0,18,44
11/23/2020,GRI,NE,ACE,CE,Federal Contract Tower,0,7,3,0,10,0,0,1,0,1,0,7,4,0,11,0,0,0,11
11/24/2020,GRI,NE,ACE,CE,Federal Contract Tower,4,9,10,0,23,0,0,0,0,0,4,9,10,0,23,0,0,0,23
11/25/2020,GRI,NE,ACE,CE,Federal Contract Tower,0,16,6,0,22,0,0,9,7,16,0,16,15,7,38,20,12,32,70
11/26/2020,GRI,NE,ACE,CE,Federal Contract Tower,2,2,2,0,6,0,0,9,0,9,2,2,11,0,15,6,0,6,21
11/27/2020,GRI,NE,ACE,CE,Federal Contract Tower,2,12,2,0,16,0,0,9,0,9,2,12,11,0,25,10,0,10,35
11/28/2020,GRI,NE,ACE,CE,Federal Contract Tower,0,7,4,0,11,0,0,21,0,21,0,7,25,0,32,18,0,18,50
11/29/2020,GRI,NE,ACE,CE,Federal Contract Tower,2,9,0,0,11,0,0,3,0,3,2,9,3,0,14,0,0,0,14
11/30/2020,GRI,NE,ACE,CE,Federal Contract Tower,2,6,5,2,15,0,0,4,0,4,2,6,9,2,19,10,0,10,29
12/01/2020,GRI,NE,ACE,CE,Federal Contract Tower,0,11,8,0,19,0,0,12,6,18,0,11,20,6,37,20,10,30,67
12/02/2020,GRI,NE,ACE,CE,Federal Contract Tower,0,12,1,0,13,0,0,0,2,2,0,12,1,2,15,0,2,2,17
12/03/2020,GRI,NE,ACE,CE,Federal Contract Tower,2,11,4,0,17,0,0,10,6,16,2,11,14,6,33,23,4,27,60
12/04/2020,GRI,NE,ACE,CE,Federal Contract Tower,2,8,10,1,21,0,0,22,2,24,2,8,32,3,45,28,0,28,73
12/05/2020,GRI,NE,ACE,CE,Federal Contract Tower,0,7,3,1,11,0,0,6,10,16,0,7,9,11,27,14,10,24,51
12/06/2020,GRI,NE,ACE,CE,Federal Contract Tower,2,5,2,0,9,0,0,9,0,9,2,5,11,0,18,26,0,26,44
12/07/2020,GRI,NE,ACE,CE,Federal Contract Tower,2,7,1,0,10,0,0,6,0,6,2,7,7,0,16,14,0,14,30
12/08/2020,GRI,NE,ACE,CE,Federal Contract Tower,0,18,6,2,26,0,2,10,10,22,0,20,16,12,48,30,18,48,96
12/09/2020,GRI,NE,ACE,CE,Federal Contract Tower,0,11,4,0,15,0,2,14,0,16,0,13,18,0,31,6,0,6,37
12/10/2020,GRI,NE,ACE,CE,Federal Contract Tower,0,11,2,0,13,0,0,9,5,14,0,11,11,5,27,2,0,2,29
12/11/2020,GRI,NE,ACE,CE,Federal Contract Tower,2,8,0,0,10,0,0,0,0,0,2,8,0,0,10,0,0,0,10
12/12/2020,GRI,NE,ACE,CE,Federal Contract Tower,0,7,0,0,7,0,0,0,0,0,0,7,0,0,7,0,0,0,7
12/13/2020,GRI,NE,ACE,CE,Federal Contract Tower,0,5,0,0,5,0,0,1,0,1,0,5,1,0,6,2,0,2,8
12/14/2020,GRI,NE,ACE,CE,Federal Contract Tower,2,8,11,0,21,0,0,14,0,14,2,8,25,0,35,12,0,12,47
12/15/2020,GRI,NE,ACE,CE,Federal Contract Tower,0,11,7,0,18,0,0,0,0,0,0,11,7,0,18,0,0,0,18
12/16/2020,GRI,NE,ACE,CE,Federal Contract Tower,0,17,6,0,23,0,0,5,4,9,0,17,11,4,32,0,12,12,44
12/17/2020,GRI,NE,ACE,CE,Federal Contract Tower,2,9,7,0,18,0,0,18,4,22,2,9,25,4,40,52,20,72,112
12/18/2020,GRI,NE,ACE,CE,Federal Contract Tower,2,10,4,14,30,0,0,14,2,16,2,10,18,16,46,28,0,28,74
12/19/2020,GRI,NE,ACE,CE,Federal Contract Tower,0,6,1,0,7,0,0,3,0,3,0,6,4,0,10,0,0,0,10
12/20/2020,GRI,NE,ACE,CE,Federal Contract Tower,2,3,2,0,7,0,0,5,0,5,2,3,7,0,12,4,0,4,16
12/21/2020,GRI,NE,ACE,CE,Federal Contract Tower,2,8,5,0,15,0,2,12,0,14,2,10,17,0,29,24,0,24,53
12/22/2020,GRI,NE,ACE,CE,Federal Contract Tower,0,9,4,0,13,0,0,3,12,15,0,9,7,12,28,0,4,4,32
12/23/2020,GRI,NE,ACE,CE,Federal Contract Tower,0,7,2,0,9,0,0,0,0,0,0,7,2,0,9,0,0,0,9
12/24/2020,GRI,NE,ACE,CE,Federal Contract Tower,2,8,6,0,16,0,0,4,0,4,2,8,10,0,20,0,0,0,20
12/25/2020,GRI,NE,ACE,CE,Federal Contract Tower,2,1,0,0,3,0,0,1,0,1,2,1,1,0,4,0,0,0,4
12/26/2020,GRI,NE,ACE,CE,Federal Contract Tower,2,8,7,0,17,0,0,9,0,9,2,8,16,0,26,28,0,28,54
12/27/2020,GRI,NE,ACE,CE,Federal Contract Tower,1,3,0,0,4,0,0,1,0,1,1,3,1,0,5,0,0,0,5
12/28/2020,GRI,NE,ACE,CE,Federal Contract Tower,5,11,8,0,24,0,0,1,0,1,5,11,9,0,25,0,0,0,25
12/29/2020,GRI,NE,ACE,CE,Federal Contract Tower,0,9,0,0,9,0,0,0,0,0,0,9,0,0,9,0,0,0,9
12/30/2020,GRI,NE,ACE,CE,Federal Contract Tower,2,13,5,1,21,0,0,0,3,3,2,13,5,4,24,0,0,0,24
12/31/2020,GRI,NE,ACE,CE,Federal Contract Tower,2,10,3,0,15,0,0,10,4,14,2,10,13,4,29,4,6,10,39
01/01/2021,GRI,NE,ACE,CE,Federal Contract Tower,2,2,1,0,5,0,0,0,0,0,2,2,1,0,5,0,0,0,5
01/02/2021,GRI,NE,ACE,CE,Federal Contract Tower,2,7,6,0,15,0,0,15,0,15,2,7,21,0,30,14,0,14,44
01/03/2021,GRI,NE,ACE,CE,Federal Contract Tower,2,6,3,0,11,0,0,5,0,5,2,6,8,0,16,8,0,8,24
01/04/2021,GRI,NE,ACE,CE,Federal Contract Tower,0,6,7,0,13,0,0,8,0,8,0,6,15,0,21,6,0,6,27
01/05/2021,GRI,NE,ACE,CE,Federal Contract Tower,0,11,2,0,13,0,0,9,5,14,0,11,11,5,27,6,8,14,41
01/06/2021,GRI,NE,ACE,CE,Federal Contract Tower,0,10,1,0,11,0,0,5,0,5,0,10,6,0,16,0,0,0,16
01/07/2021,GRI,NE,ACE,CE,Federal Contract Tower,2,12,1,0,15,0,0,0,0,0,2,12,1,0,15,0,0,0,15
01/08/2021,GRI,NE,ACE,CE,Federal Contract Tower,1,12,6,0,19,0,0,0,0,0,1,12,6,0,19,0,0,0,19
01/09/2021,GRI,NE,ACE,CE,Federal Contract Tower,0,7,5,0,12,0,0,2,0,2,0,7,7,0,14,0,0,0,14
01/10/2021,GRI,NE,ACE,CE,Federal Contract Tower,2,5,4,0,11,0,0,0,0,0,2,5,4,0,11,0,0,0,11
01/11/2021,GRI,NE,ACE,CE,Federal Contract Tower,1,6,6,0,13,0,0,2,0,2,1,6,8,0,15,28,0,28,43
01/12/2021,GRI,NE,ACE,CE,Federal Contract Tower,0,15,9,0,24,0,1,19,14,34,0,16,28,14,58,4,8,12,70
01/13/2021,GRI,NE,ACE,CE,Federal Contract Tower,0,10,5,0,15,0,0,18,8,26,0,10,23,8,41,6,2,8,49
01/14/2021,GRI,NE,ACE,CE,Federal Contract Tower,2,9,1,0,12,0,0,0,0,0,2,9,1,0,12,0,0,0,12
01/15/2021,GRI,NE,ACE,CE,Federal Contract Tower,1,4,3,0,8,0,0,0,0,0,1,4,3,0,8,0,0,0,8
01/16/2021,GRI,NE,ACE,CE,Federal Contract Tower,0,6,2,0,8,0,0,17,0,17,0,6,19,0,25,6,0,6,31
01/17/2021,GRI,NE,ACE,CE,Federal Contract Tower,2,3,0,0,5,0,0,2,0,2,2,3,2,0,7,8,0,8,15
01/18/2021,GRI,NE,ACE,CE,Federal Contract Tower,1,6,3,0,10,0,0,2,0,2,1,6,5,0,12,4,0,4,16
01/19/2021,GRI,NE,ACE,CE,Federal Contract Tower,0,8,7,0,15,0,0,2,0,2,0,8,9,0,17,0,0,0,17
01/20/2021,GRI,NE,ACE,CE,Federal Contract Tower,0,10,1,0,11,0,3,10,10,23,0,13,11,10,34,6,6,12,46
01/21/2021,GRI,NE,ACE,CE,Federal Contract Tower,2,10,4,0,16,0,0,25,22,47,2,10,29,22,63,0,26,26,89
01/22/2021,GRI,NE,ACE,CE,Federal Contract Tower,1,10,4,0,15,0,0,0,0,0,1,10,4,0,15,0,0,0,15
01/23/2021,GRI,NE,ACE,CE,Federal Contract Tower,0,6,1,0,7,0,0,0,3,3,0,6,1,3,10,0,6,6,16
01/24/2021,GRI,NE,ACE,CE,Federal Contract Tower,2,3,2,6,13,0,0,0,0,0,2,3,2,6,13,0,0,0,13
01/25/2021,GRI,NE,ACE,CE,Federal Contract Tower,1,1,0,0,2,0,0,0,0,0,1,1,0,0,2,0,0,0,2
01/26/2021,GRI,NE,ACE,CE,Federal Contract Tower,0,8,3,0,11,0,0,0,0,0,0,8,3,0,11,0,0,0,11
01/27/2021,GRI,NE,ACE,CE,Federal Contract Tower,0,8,2,0,10,0,0,4,0,4,0,8,6,0,14,24,0,24,38
01/28/2021,GRI,NE,ACE,CE,Federal Contract Tower,2,9,2,0,13,0,0,0,0,0,2,9,2,0,13,0,8,8,21
01/29/2021,GRI,NE,ACE,CE,Federal Contract Tower,1,9,4,0,14,0,0,0,0,0,1,9,4,0,14,0,0,0,14
01/30/2021,GRI,NE,ACE,CE,Federal Contract Tower,0,5,0,0,5,0,0,0,0,0,0,5,0,0,5,0,0,0,5
01/31/2021,GRI,NE,ACE,CE,Federal Contract Tower,2,5,0,0,7,0,0,5,0,5,2,5,5,0,12,6,0,6,18
02/01/2021,GRI,NE,ACE,CE,Federal Contract Tower,0,9,8,0,17,0,0,0,0,0,0,9,8,0,17,0,0,0,17
02/02/2021,GRI,NE,ACE,CE,Federal Contract Tower,0,12,2,0,14,0,0,0,0,0,0,12,2,0,14,0,0,0,14
02/03/2021,GRI,NE,ACE,CE,Federal Contract Tower,0,5,3,0,8,0,0,9,4,13,0,5,12,4,21,6,4,10,31
02/04/2021,GRI,NE,ACE,CE,Federal Contract Tower,2,13,3,0,18,0,0,4,8,12,2,13,7,8,30,0,36,36,66
02/05/2021,GRI,NE,ACE,CE,Federal Contract Tower,3,10,5,0,18,0,0,20,10,30,3,10,25,10,48,20,2,22,70
02/06/2021,GRI,NE,ACE,CE,Federal Contract Tower,0,7,1,0,8,0,0,0,0,0,0,7,1,0,8,0,0,0,8
02/07/2021,GRI,NE,ACE,CE,Federal Contract Tower,4,3,1,0,8,0,0,0,0,0,4,3,1,0,8,0,0,0,8
02/08/2021,GRI,NE,ACE,CE,Federal Contract Tower,1,12,6,2,21,0,0,0,0,0,1,12,6,2,21,0,0,0,21
02/09/2021,GRI,NE,ACE,CE,Federal Contract Tower,2,9,11,0,22,0,0,3,2,5,2,9,14,2,27,0,10,10,37
02/10/2021,GRI,NE,ACE,CE,Federal Contract Tower,2,13,9,2,26,0,0,6,3,9,2,13,15,5,35,0,0,0,35
02/11/2021,GRI,NE,ACE,CE,Federal Contract Tower,2,9,10,0,21,0,0,0,0,0,2,9,10,0,21,0,0,0,21
02/12/2021,GRI,NE,ACE,CE,Federal Contract Tower,2,8,2,0,12,0,0,0,0,0,2,8,2,0,12,0,0,0,12
02/13/2021,GRI,NE,ACE,CE,Federal Contract Tower,0,7,0,0,7,0,0,0,0,0,0,7,0,0,7,0,0,0,7
02/14/2021,GRI,NE,ACE,CE,Federal Contract Tower,2,2,2,0,6,0,0,2,0,2,2,2,4,0,8,0,0,0,8
02/15/2021,GRI,NE,ACE,CE,Federal Contract Tower,2,3,1,0,6,0,0,0,0,0,2,3,1,0,6,0,0,0,6
02/16/2021,GRI,NE,ACE,CE,Federal Contract Tower,0,5,7,0,12,0,0,0,0,0,0,5,7,0,12,0,0,0,12
02/17/2021,GRI,NE,ACE,CE,Federal Contract Tower,0,4,9,0,13,0,0,2,9,11,0,4,11,9,24,0,54,54,78
02/18/2021,GRI,NE,ACE,CE,Federal Contract Tower,2,8,4,0,14,0,0,25,10,35,2,8,29,10,49,16,8,24,73
02/19/2021,GRI,NE,ACE,CE,Federal Contract Tower,2,8,9,0,19,0,0,23,6,29,2,8,32,6,48,2,2,4,52
02/20/2021,GRI,NE,ACE,CE,Federal Contract Tower,0,6,2,0,8,0,0,10,4,14,0,6,12,4,22,6,4,10,32
02/21/2021,GRI,NE,ACE,CE,Federal Contract Tower,2,3,3,0,8,0,0,0,0,0,2,3,3,0,8,0,0,0,8
02/22/2021,GRI,NE,ACE,CE,Federal Contract Tower,2,6,1,0,9,0,0,12,0,12,2,6,13,0,21,32,0,32,53
02/23/2021,GRI,NE,ACE,CE,Federal Contract Tower,0,8,3,1,12,0,0,9,3,12,0,8,12,4,24,36,14,50,74
02/24/2021,GRI,NE,ACE,CE,Federal Contract Tower,1,9,8,2,20,0,0,23,14,37,1,9,31,16,57,28,26,54,111
02/25/2021,GRI,NE,ACE,CE,Federal Contract Tower,2,11,2,0,15,0,2,36,15,53,2,13,38,15,68,36,48,84,152
02/26/2021,GRI,NE,ACE,CE,Federal Contract Tower,2,10,4,4,20,0,0,0,0,0,2,10,4,4,20,28,2,30,50
02/27/2021,GRI,NE,ACE,CE,Federal Contract Tower,0,7,7,0,14,0,2,9,1,12,0,9,16,1,26,18,0,18,44
02/28/2021,GRI,NE,ACE,CE,Federal Contract Tower,2,3,1,1,7,0,0,2,0,2,2,3,3,1,9,0,0,0,9
03/01/2021,GRI,NE,ACE,CE,Federal Contract Tower,2,8,5,1,16,0,0,11,0,11,2,8,16,1,27,10,0,10,37
03/02/2021,GRI,NE,ACE,CE,Federal Contract Tower,0,9,5,1,15,0,0,13,2,15,0,9,18,3,30,22,30,52,82
03/03/2021,GRI,NE,ACE,CE,Federal Contract Tower,1,8,10,0,19,0,0,35,2,37,1,8,45,2,56,74,0,74,130
03/04/2021,GRI,NE,ACE,CE,Federal Contract Tower,0,8,7,0,15,0,0,23,8,31,0,8,30,8,46,24,8,32,78
03/05/2021,GRI,NE,ACE,CE,Federal Contract Tower,2,8,5,4,19,0,0,21,0,21,2,8,26,4,40,8,0,8,48
03/06/2021,GRI,NE,ACE,CE,Federal Contract Tower,0,9,4,1,14,0,2,31,7,40,0,11,35,8,54,34,28,62,116
03/07/2021,GRI,NE,ACE,CE,Federal Contract Tower,0,3,4,0,7,0,0,3,0,3,0,3,7,0,10,0,0,0,10
03/08/2021,GRI,NE,ACE,CE,Federal Contract Tower,2,6,8,0,16,0,0,17,0,17,2,6,25,0,33,8,0,8,41
03/09/2021,GRI,NE,ACE,CE,Federal Contract Tower,0,10,7,0,17,0,0,24,5,29,0,10,31,5,46,8,4,12,58
03/10/2021,GRI,NE,ACE,CE,Federal Contract Tower,0,10,3,0,13,0,0,1,2,3,0,10,4,2,16,6,12,18,34
03/11/2021,GRI,NE,ACE,CE,Federal Contract Tower,0,8,10,2,20,0,2,30,14,46,0,10,40,16,66,10,14,24,90
03/12/2021,GRI,NE,ACE,CE,Federal Contract Tower,2,7,3,0,12,0,0,15,2,17,2,7,18,2,29,6,2,8,37
03/13/2021,GRI,NE,ACE,CE,Federal Contract Tower,0,7,0,0,7,0,0,1,0,1,0,7,1,0,8,0,0,0,8
03/14/2021,GRI,NE,ACE,CE,Federal Contract Tower,0,1,1,0,2,0,0,0,0,0,0,1,1,0,2,0,0,0,2
03/15/2021,GRI,NE,ACE,CE,Federal Contract Tower,2,7,3,0,12,0,0,0,0,0,2,7,3,0,12,0,0,0,12
03/16/2021,GRI,NE,ACE,CE,Federal Contract Tower,0,13,2,0,15,0,0,0,0,0,0,13,2,0,15,0,0,0,15
03/17/2021,GRI,NE,ACE,CE,Federal Contract Tower,0,10,3,0,13,0,0,0,4,4,0,10,3,4,17,0,0,0,17
03/18/2021,GRI,NE,ACE,CE,Federal Contract Tower,2,9,4,0,15,0,0,14,10,24,2,9,18,10,39,0,10,10,49
03/19/2021,GRI,NE,ACE,CE,Federal Contract Tower,2,9,5,13,29,0,2,44,4,50,2,11,49,17,79,44,6,50,129
03/20/2021,GRI,NE,ACE,CE,Federal Contract Tower,0,6,1,2,9,0,0,1,0,1,0,6,2,2,10,0,0,0,10
03/21/2021,GRI,NE,ACE,CE,Federal Contract Tower,0,2,2,0,4,0,0,12,1,13,0,2,14,1,17,0,0,0,17
03/22/2021,GRI,NE,ACE,CE,Federal Contract Tower,4,8,4,0,16,0,0,2,0,2,4,8,6,0,18,0,0,0,18
03/23/2021,GRI,NE,ACE,CE,Federal Contract Tower,0,8,4,0,12,0,0,0,0,0,0,8,4,0,12,0,0,0,12
03/24/2021,GRI,NE,ACE,CE,Federal Contract Tower,2,10,9,0,21,0,2,3,0,5,2,12,12,0,26,0,0,0,26
03/25/2021,GRI,NE,ACE,CE,Federal Contract Tower,0,8,9,0,17,0,0,19,16,35,0,8,28,16,52,12,34,46,98
03/26/2021,GRI,NE,ACE,CE,Federal Contract Tower,2,9,5,0,16,0,0,7,5,12,2,9,12,5,28,10,14,24,52
03/27/2021,GRI,NE,ACE,CE,Federal Contract Tower,0,9,2,0,11,0,0,3,2,5,0,9,5,2,16,0,0,0,16
03/28/2021,GRI,NE,ACE,CE,Federal Contract Tower,2,7,4,1,14,0,0,0,0,0,2,7,4,1,14,0,2,2,16
03/29/2021,GRI,NE,ACE,CE,Federal Contract Tower,2,7,2,0,11,0,0,13,0,13,2,7,15,0,24,26,0,26,50
03/30/2021,GRI,NE,ACE,CE,Federal Contract Tower,0,10,4,0,14,0,0,10,2,12,0,10,14,2,26,6,0,6,32
03/31/2021,GRI,NE,ACE,CE,Federal Contract Tower,0,11,7,0,18,0,1,22,6,29,0,12,29,6,47,46,22,68,115
04/01/2021,GRI,NE,ACE,CE,Federal Contract Tower,0,14,6,0,20,0,1,13,3,17,0,15,19,3,37,8,4,12,49
04/02/2021,GRI,NE,ACE,CE,Federal Contract Tower,2,13,4,0,19,0,1,4,0,5,2,14,8,0,24,0,0,0,24
04/03/2021,GRI,NE,ACE,CE,Federal Contract Tower,0,6,2,0,8,0,1,13,0,14,0,7,15,0,22,8,0,8,30
04/04/2021,GRI,NE,ACE,CE,Federal Contract Tower,0,3,4,0,7,0,0,19,0,19,0,3,23,0,26,16,0,16,42
04/05/2021,GRI,NE,ACE,CE,Federal Contract Tower,0,10,3,0,13,0,0,6,0,6,0,10,9,0,19,2,0,2,21
04/06/2021,GRI,NE,ACE,CE,Federal Contract Tower,0,13,4,0,17,0,1,3,4,8,0,14,7,4,25,0,20,20,45
04/07/2021,GRI,NE,ACE,CE,Federal Contract Tower,0,8,1,0,9,0,0,0,0,0,0,8,1,0,9,0,0,0,9
04/08/2021,GRI,NE,ACE,CE,Federal Contract Tower,0,11,7,3,21,0,0,5,2,7,0,11,12,5,28,0,2,2,30
04/09/2021,GRI,NE,ACE,CE,Federal Contract Tower,2,10,2,0,14,0,0,1,3,4,2,10,3,3,18,0,4,4,22
04/10/2021,GRI,NE,ACE,CE,Federal Contract Tower,0,7,13,0,20,0,0,11,5,16,0,7,24,5,36,22,0,22,58
04/11/2021,GRI,NE,ACE,CE,Federal Contract Tower,0,3,0,0,3,0,2,9,1,12,0,5,9,1,15,12,0,12,27
04/12/2021,GRI,NE,ACE,CE,Federal Contract Tower,4,6,3,0,13,0,0,5,0,5,4,6,8,0,18,4,0,4,22
04/13/2021,GRI,NE,ACE,CE,Federal Contract Tower,0,10,4,2,16,0,1,7,3,11,0,11,11,5,27,0,0,0,27
04/14/2021,GRI,NE,ACE,CE,Federal Contract Tower,0,11,2,1,14,0,0,10,6,16,0,11,12,7,30,0,2,2,32
04/15/2021,GRI,NE,ACE,CE,Federal Contract Tower,2,12,4,0,18,0,0,18,5,23,2,12,22,5,41,2,0,2,43
04/16/2021,GRI,NE,ACE,CE,Federal Contract Tower,4,12,6,0,22,0,0,0,0,0,4,12,6,0,22,0,0,0,22
04/17/2021,GRI,NE,ACE,CE,Federal Contract Tower,0,7,3,0,10,0,0,2,0,2,0,7,5,0,12,0,0,0,12
04/18/2021,GRI,NE,ACE,CE,Federal Contract Tower,0,3,3,0,6,0,0,5,4,9,0,3,8,4,15,8,0,8,23
04/19/2021,GRI,NE,ACE,CE,Federal Contract Tower,0,7,1,0,8,0,0,1,0,1,0,7,2,0,9,0,0,0,9
04/20/2021,GRI,NE,ACE,CE,Federal Contract Tower,0,12,9,0,21,0,1,12,2,15,0,13,21,2,36,22,0,22,58
04/21/2021,GRI,NE,ACE,CE,Federal Contract Tower,0,10,9,0,19,0,0,9,2,11,0,10,18,2,30,16,0,16,46
04/22/2021,GRI,NE,ACE,CE,Federal Contract Tower,2,13,11,0,26,0,1,2,8,11,2,14,13,8,37,2,8,10,47
04/23/2021,GRI,NE,ACE,CE,Federal Contract Tower,2,8,2,0,12,0,0,20,7,27,2,8,22,7,39,10,24,34,73
04/24/2021,GRI,NE,ACE,CE,Federal Contract Tower,0,7,2,0,9,0,0,16,0,16,0,7,18,0,25,20,0,20,45
04/25/2021,GRI,NE,ACE,CE,Federal Contract Tower,0,3,2,0,5,0,0,5,0,5,0,3,7,0,10,2,0,2,12
04/26/2021,GRI,NE,ACE,CE,Federal Contract Tower,0,8,8,0,16,0,0,10,0,10,0,8,18,0,26,8,0,8,34
04/27/2021,GRI,NE,ACE,CE,Federal Contract Tower,0,12,14,3,29,0,0,0,1,1,0,12,14,4,30,2,0,2,32
04/28/2021,GRI,NE,ACE,CE,Federal Contract Tower,0,8,9,0,17,0,0,0,1,1,0,8,9,1,18,0,0,0,18
04/29/2021,GRI,NE,ACE,CE,Federal Contract Tower,2,9,10,0,21,0,0,12,6,18,2,9,22,6,39,4,4,8,47
04/30/2021,GRI,NE,ACE,CE,Federal Contract Tower,2,21,8,0,31,0,0,13,5,18,2,21,21,5,49,10,2,12,61
05/01/2021,GRI,NE,ACE,CE,Federal Contract Tower,0,7,2,0,9,0,0,5,0,5,0,7,7,0,14,0,0,0,14
05/02/2021,GRI,NE,ACE,CE,Federal Contract Tower,0,4,2,0,6,0,0,4,2,6,0,4,6,2,12,0,0,0,12
05/03/2021,GRI,NE,ACE,CE,Federal Contract Tower,0,7,2,0,9,0,0,2,0,2,0,7,4,0,11,0,0,0,11
05/04/2021,GRI,NE,ACE,CE,Federal Contract Tower,0,10,4,3,17,0,0,15,6,21,0,10,19,9,38,26,10,36,74
05/05/2021,GRI,NE,ACE,CE,Federal Contract Tower,0,14,6,0,20,0,0,1,3,4,0,14,7,3,24,0,4,4,28
05/07/2021,GRI,NE,ACE,CE,Federal Contract Tower,2,13,9,2,26,0,0,0,0,0,2,13,9,2,26,0,4,4,30
05/08/2021,GRI,NE,ACE,CE,Federal Contract Tower,0,6,5,0,11,0,1,1,0,2,0,7,6,0,13,0,0,0,13
05/09/2021,GRI,NE,ACE,CE,Federal Contract Tower,0,3,5,0,8,0,0,0,0,0,0,3,5,0,8,0,0,0,8
05/10/2021,GRI,NE,ACE,CE,Federal Contract Tower,0,11,6,0,17,0,0,9,0,9,0,11,15,0,26,0,0,0,26
05/11/2021,GRI,NE,ACE,CE,Federal Contract Tower,0,5,3,2,10,0,2,12,5,19,0,7,15,7,29,10,0,10,39
05/12/2021,GRI,NE,ACE,CE,Federal Contract Tower,0,10,3,0,13,0,1,17,0,18,0,11,20,0,31,22,0,22,53
05/13/2021,GRI,NE,ACE,CE,Federal Contract Tower,4,9,9,0,22,0,0,20,2,22,4,9,29,2,44,14,12,26,70
05/14/2021,GRI,NE,ACE,CE,Federal Contract Tower,2,10,1,0,13,0,0,0,0,0,2,10,1,0,13,0,0,0,13
05/15/2021,GRI,NE,ACE,CE,Federal Contract Tower,0,6,4,2,12,0,0,6,0,6,0,6,10,2,18,0,0,0,18
05/16/2021,GRI,NE,ACE,CE,Federal Contract Tower,0,3,1,0,4,0,0,3,0,3,0,3,4,0,7,0,0,0,7
05/17/2021,GRI,NE,ACE,CE,Federal Contract Tower,4,8,5,0,17,0,0,2,0,2,4,8,7,0,19,0,0,0,19
05/18/2021,GRI,NE,ACE,CE,Federal Contract Tower,0,8,9,0,17,0,0,3,0,3,0,8,12,0,20,0,0,0,20
05/19/2021,GRI,NE,ACE,CE,Federal Contract Tower,0,12,6,1,19,0,0,3,3,6,0,12,9,4,25,0,10,10,35
05/20/2021,GRI,NE,ACE,CE,Federal Contract Tower,2,14,4,2,22,0,0,2,0,2,2,14,6,2,24,0,0,0,24
05/21/2021,GRI,NE,ACE,CE,Federal Contract Tower,2,13,3,5,23,0,0,4,0,4,2,13,7,5,27,0,0,0,27
05/22/2021,GRI,NE,ACE,CE,Federal Contract Tower,0,7,4,6,17,0,0,1,1,2,0,7,5,7,19,2,0,2,21
05/23/2021,GRI,NE,ACE,CE,Federal Contract Tower,0,3,3,0,6,0,0,9,0,9,0,3,12,0,15,10,0,10,25
05/24/2021,GRI,NE,ACE,CE,Federal Contract Tower,2,9,1,0,12,0,0,0,0,0,2,9,1,0,12,0,0,0,12
05/25/2021,GRI,NE,ACE,CE,Federal Contract Tower,0,14,5,1,20,0,0,11,7,18,0,14,16,8,38,0,10,10,48
05/26/2021,GRI,NE,ACE,CE,Federal Contract Tower,0,14,8,2,24,0,0,13,1,14,0,14,21,3,38,12,0,12,50
05/27/2021,GRI,NE,ACE,CE,Federal Contract Tower,2,11,12,0,25,0,0,4,2,6,2,11,16,2,31,4,0,4,35
05/28/2021,GRI,NE,ACE,CE,Federal Contract Tower,2,14,8,0,24,0,0,3,0,3,2,14,11,0,27,2,0,2,29
05/29/2021,GRI,NE,ACE,CE,Federal Contract Tower,0,7,3,0,10,0,0,2,0,2,0,7,5,0,12,0,0,0,12
05/30/2021,GRI,NE,ACE,CE,Federal Contract Tower,2,3,0,0,5,0,0,1,0,1,2,3,1,0,6,0,0,0,6
05/31/2021,GRI,NE,ACE,CE,Federal Contract Tower,0,3,6,0,9,0,0,7,0,7,0,3,13,0,16,26,0,26,42
06/01/2021,GRI,NE,ACE,CE,Federal Contract Tower,0,11,4,0,15,0,0,14,2,16,0,11,18,2,31,14,0,14,45
06/02/2021,GRI,NE,ACE,CE,Federal Contract Tower,0,10,9,6,25,0,1,25,6,32,0,11,34,12,57,14,0,14,71
06/03/2021,GRI,NE,ACE,CE,Federal Contract Tower,10,5,0,0,15,0,0,7,8,15,10,5,7,8,30,0,2,2,32
06/04/2021,GRI,NE,ACE,CE,Federal Contract Tower,0,14,8,0,22,0,0,5,0,5,0,14,13,0,27,0,0,0,27
06/05/2021,GRI,NE,ACE,CE,Federal Contract Tower,0,9,4,2,15,0,0,12,3,15,0,9,16,5,30,0,2,2,32
06/06/2021,GRI,NE,ACE,CE,Federal Contract Tower,0,3,4,0,7,0,0,6,2,8,0,3,10,2,15,6,0,6,21
06/07/2021,GRI,NE,ACE,CE,Federal Contract Tower,0,9,9,0,18,0,2,11,0,13,0,11,20,0,31,6,0,6,37
06/08/2021,GRI,NE,ACE,CE,Federal Contract Tower,0,10,11,0,21,0,0,9,3,12,0,10,20,3,33,12,0,12,45
06/09/2021,GRI,NE,ACE,CE,Federal Contract Tower,0,9,5,6,20,0,0,17,0,17,0,9,22,6,37,26,0,26,63
06/10/2021,GRI,NE,ACE,CE,Federal Contract Tower,0,9,7,0,16,0,0,0,0,0,0,9,7,0,16,20,0,20,36
06/11/2021,GRI,NE,ACE,CE,Federal Contract Tower,9,7,2,0,18,0,0,13,0,13,9,7,15,0,31,0,0,0,31
06/12/2021,GRI,NE,ACE,CE,Federal Contract Tower,1,7,4,0,12,0,0,21,6,27,1,7,25,6,39,18,0,18,57
06/13/2021,GRI,NE,ACE,CE,Federal Contract Tower,0,3,1,0,4,0,0,14,2,16,0,3,15,2,20,0,0,0,20
06/14/2021,GRI,NE,ACE,CE,Federal Contract Tower,0,4,5,0,9,0,0,8,1,9,0,4,13,1,18,12,0,12,30
06/15/2021,GRI,NE,ACE,CE,Federal Contract Tower,1,11,11,0,23,0,1,18,2,21,1,12,29,2,44,2,4,6,50
06/16/2021,GRI,NE,ACE,CE,Federal Contract Tower,0,10,7,0,17,0,0,16,6,22,0,10,23,6,39,6,0,6,45
06/17/2021,GRI,NE,ACE,CE,Federal Contract Tower,0,11,4,1,16,0,0,10,12,22,0,11,14,13,38,8,0,8,46
06/18/2021,GRI,NE,ACE,CE,Federal Contract Tower,0,10,6,0,16,0,0,12,4,16,0,10,18,4,32,10,0,10,42
06/19/2021,GRI,NE,ACE,CE,Federal Contract Tower,2,7,1,0,10,0,0,17,0,17,2,7,18,0,27,6,0,6,33
06/20/2021,GRI,NE,ACE,CE,Federal Contract Tower,0,3,2,0,5,0,0,0,0,0,0,3,2,0,5,0,0,0,5
06/21/2021,GRI,NE,ACE,CE,Federal Contract Tower,0,8,3,0,11,0,0,4,0,4,0,8,7,0,15,0,0,0,15
06/22/2021,GRI,NE,ACE,CE,Federal Contract Tower,0,11,9,0,20,0,0,0,0,0,0,11,9,0,20,0,0,0,20
06/23/2021,GRI,NE,ACE,CE,Federal Contract Tower,0,13,7,2,22,0,0,8,2,10,0,13,15,4,32,0,0,0,32
06/24/2021,GRI,NE,ACE,CE,Federal Contract Tower,0,14,13,0,27,0,2,17,5,24,0,16,30,5,51,18,14,32,83
06/25/2021,GRI,NE,ACE,CE,Federal Contract Tower,0,9,9,0,18,0,0,7,2,9,0,9,16,2,27,0,0,0,27
06/26/2021,GRI,NE,ACE,CE,Federal Contract Tower,0,7,6,0,13,0,0,0,0,0,0,7,6,0,13,0,0,0,13
06/27/2021,GRI,NE,ACE,CE,Federal Contract Tower,0,3,4,4,11,0,0,5,0,5,0,3,9,4,16,0,0,0,16
06/28/2021,GRI,NE,ACE,CE,Federal Contract Tower,0,8,7,0,15,0,0,12,0,12,0,8,19,0,27,18,0,18,45
06/29/2021,GRI,NE,ACE,CE,Federal Contract Tower,0,14,5,1,20,0,0,19,1,20,0,14,24,2,40,28,0,28,68
06/30/2021,GRI,NE,ACE,CE,Federal Contract Tower,0,10,9,0,19,0,0,9,3,12,0,10,18,3,31,2,0,2,33
07/01/2021,GRI,NE,ACE,CE,Federal Contract Tower,0,10,4,0,14,0,0,15,0,15,0,10,19,0,29,12,0,12,41
07/02/2021,GRI,NE,ACE,CE,Federal Contract Tower,0,9,5,0,14,0,0,8,0,8,0,9,13,0,22,22,0,22,44
07/03/2021,GRI,NE,ACE,CE,Federal Contract Tower,0,7,9,0,16,0,0,6,2,8,0,7,15,2,24,0,0,0,24
07/04/2021,GRI,NE,ACE,CE,Federal Contract Tower,0,3,2,1,6,0,0,7,0,7,0,3,9,1,13,0,6,6,19
07/05/2021,GRI,NE,ACE,CE,Federal Contract Tower,0,3,0,0,3,0,0,15,0,15,0,3,15,0,18,10,0,10,28
07/06/2021,GRI,NE,ACE,CE,Federal Contract Tower,0,9,6,0,15,0,0,2,1,3,0,9,8,1,18,2,0,2,20
07/07/2021,GRI,NE,ACE,CE,Federal Contract Tower,0,8,3,3,14,0,0,11,9,20,0,8,14,12,34,18,2,20,54
07/08/2021,GRI,NE,ACE,CE,Federal Contract Tower,0,11,5,0,16,0,0,12,0,12,0,11,17,0,28,34,0,34,62
07/09/2021,GRI,NE,ACE,CE,Federal Contract Tower,0,9,2,0,11,0,0,14,0,14,0,9,16,0,25,34,0,34,59
07/10/2021,GRI,NE,ACE,CE,Federal Contract Tower,0,7,3,0,10,0,0,7,0,7,0,7,10,0,17,18,0,18,35
07/11/2021,GRI,NE,ACE,CE,Federal Contract Tower,0,3,2,0,5,0,0,14,0,14,0,3,16,0,19,28,0,28,47
07/12/2021,GRI,NE,ACE,CE,Federal Contract Tower,0,6,4,2,12,0,0,13,0,13,0,6,17,2,25,12,8,20,45
07/13/2021,GRI,NE,ACE,CE,Federal Contract Tower,0,10,9,0,19,0,0,19,0,19,0,10,28,0,38,26,0,26,64
07/14/2021,GRI,NE,ACE,CE,Federal Contract Tower,2,12,8,0,22,0,0,3,6,9,2,12,11,6,31,2,0,2,33
07/15/2021,GRI,NE,ACE,CE,Federal Contract Tower,0,8,7,2,17,0,0,5,0,5,0,8,12,2,22,0,0,0,22
07/16/2021,GRI,NE,ACE,CE,Federal Contract Tower,0,10,5,3,18,0,0,10,1,11,0,10,15,4,29,20,8,28,57
07/17/2021,GRI,NE,ACE,CE,Federal Contract Tower,0,7,16,1,24,0,0,10,3,13,0,7,26,4,37,2,0,2,39
07/18/2021,GRI,NE,ACE,CE,Federal Contract Tower,0,3,2,0,5,0,0,9,0,9,0,3,11,0,14,36,0,36,50
07/19/2021,GRI,NE,ACE,CE,Federal Contract Tower,2,8,12,0,22,0,0,19,0,19,2,8,31,0,41,16,0,16,57
07/20/2021,GRI,NE,ACE,CE,Federal Contract Tower,0,8,9,0,17,0,0,16,0,16,0,8,25,0,33,12,0,12,45
07/21/2021,GRI,NE,ACE,CE,Federal Contract Tower,0,11,8,0,19,0,0,16,2,18,0,11,24,2,37,20,0,20,57
07/22/2021,GRI,NE,ACE,CE,Federal Contract Tower,0,9,7,0,16,0,0,16,0,16,0,9,23,0,32,16,0,16,48
07/23/2021,GRI,NE,ACE,CE,Federal Contract Tower,2,10,2,0,14,0,0,18,3,21,2,10,20,3,35,6,10,16,51
07/24/2021,GRI,NE,ACE,CE,Federal Contract Tower,0,7,12,0,19,0,0,7,3,10,0,7,19,3,29,12,0,12,41
07/25/2021,GRI,NE,ACE,CE,Federal Contract Tower,0,3,2,0,5,0,0,10,0,10,0,3,12,0,15,2,0,2,17
07/26/2021,GRI,NE,ACE,CE,Federal Contract Tower,0,6,9,0,15,0,0,3,0,3,0,6,12,0,18,6,0,6,24
07/27/2021,GRI,NE,ACE,CE,Federal Contract Tower,0,10,6,0,16,0,0,9,7,16,0,10,15,7,32,10,6,16,48
07/28/2021,GRI,NE,ACE,CE,Federal Contract Tower,0,10,8,0,18,0,0,10,2,12,0,10,18,2,30,0,0,0,30
07/29/2021,GRI,NE,ACE,CE,Federal Contract Tower,0,10,9,0,19,0,0,15,0,15,0,10,24,0,34,0,0,0,34
07/30/2021,GRI,NE,ACE,CE,Federal Contract Tower,0,8,12,0,20,0,0,14,0,14,0,8,26,0,34,0,0,0,34
07/31/2021,GRI,NE,ACE,CE,Federal Contract Tower,0,13,6,0,19,0,0,0,0,0,0,13,6,0,19,0,0,0,19
08/01/2021,GRI,NE,ACE,CE,Federal Contract Tower,0,5,7,0,12,0,0,9,0,9,0,5,16,0,21,20,0,20,41
08/02/2021,GRI,NE,ACE,CE,Federal Contract Tower,0,8,1,0,9,0,0,9,0,9,0,8,10,0,18,12,0,12,30
08/03/2021,GRI,NE,ACE,CE,Federal Contract Tower,0,9,6,0,15,0,0,11,2,13,0,9,17,2,28,16,0,16,44
08/04/2021,GRI,NE,ACE,CE,Federal Contract Tower,0,9,4,0,13,0,0,9,0,9,0,9,13,0,22,0,0,0,22
08/05/2021,GRI,NE,ACE,CE,Federal Contract Tower,0,8,1,0,9,0,0,18,0,18,0,8,19,0,27,12,0,12,39
08/06/2021,GRI,NE,ACE,CE,Federal Contract Tower,2,10,10,1,23,0,0,20,1,21,2,10,30,2,44,2,2,4,48
08/07/2021,GRI,NE,ACE,CE,Federal Contract Tower,0,7,1,0,8,0,0,7,3,10,0,7,8,3,18,0,0,0,18
08/08/2021,GRI,NE,ACE,CE,Federal Contract Tower,0,3,2,0,5,0,0,13,2,15,0,3,15,2,20,6,0,6,26
08/09/2021,GRI,NE,ACE,CE,Federal Contract Tower,2,6,11,0,19,0,0,14,0,14,2,6,25,0,33,22,0,22,55
08/10/2021,GRI,NE,ACE,CE,Federal Contract Tower,0,12,8,0,20,0,0,16,6,22,0,12,24,6,42,18,0,18,60
08/11/2021,GRI,NE,ACE,CE,Federal Contract Tower,0,6,3,2,11,0,2,10,1,13,0,8,13,3,24,12,0,12,36
08/12/2021,GRI,NE,ACE,CE,Federal Contract Tower,0,9,8,2,19,0,0,25,4,29,0,9,33,6,48,32,2,34,82
08/13/2021,GRI,NE,ACE,CE,Federal Contract Tower,2,9,12,0,23,0,0,26,0,26,2,9,38,0,49,56,0,56,105
08/14/2021,GRI,NE,ACE,CE,Federal Contract Tower,0,5,6,3,14,0,0,16,1,17,0,5,22,4,31,18,6,24,55
08/15/2021,GRI,NE,ACE,CE,Federal Contract Tower,0,5,5,0,10,0,0,14,0,14,0,5,19,0,24,0,0,0,24
08/16/2021,GRI,NE,ACE,CE,Federal Contract Tower,2,7,3,0,12,0,0,13,0,13,2,7,16,0,25,2,0,2,27
08/17/2021,GRI,NE,ACE,CE,Federal Contract Tower,0,8,12,3,23,0,4,12,7,23,0,12,24,10,46,0,4,4,50
08/18/2021,GRI,NE,ACE,CE,Federal Contract Tower,0,9,4,0,13,0,0,4,0,4,0,9,8,0,17,0,0,0,17
08/19/2021,GRI,NE,ACE,CE,Federal Contract Tower,4,10,15,0,29,0,0,4,3,7,4,10,19,3,36,0,6,6,42
08/20/2021,GRI,NE,ACE,CE,Federal Contract Tower,0,9,9,0,18,0,0,4,0,4,0,9,13,0,22,0,0,0,22
08/21/2021,GRI,NE,ACE,CE,Federal Contract Tower,0,8,2,0,10,0,0,12,0,12,0,8,14,0,22,6,0,6,28
08/22/2021,GRI,NE,ACE,CE,Federal Contract Tower,2,5,3,0,10,0,0,1,0,1,2,5,4,0,11,0,0,0,11
08/23/2021,GRI,NE,ACE,CE,Federal Contract Tower,2,7,4,6,19,0,0,4,0,4,2,7,8,6,23,18,0,18,41
08/24/2021,GRI,NE,ACE,CE,Federal Contract Tower,0,9,6,0,15,0,0,8,4,12,0,9,14,4,27,8,8,16,43
08/25/2021,GRI,NE,ACE,CE,Federal Contract Tower,0,10,9,1,20,0,0,6,0,6,0,10,15,1,26,14,0,14,40
08/26/2021,GRI,NE,ACE,CE,Federal Contract Tower,2,9,3,10,24,0,2,10,2,14,2,11,13,12,38,6,0,6,44
08/27/2021,GRI,NE,ACE,CE,Federal Contract Tower,0,11,5,2,18,0,0,11,4,15,0,11,16,6,33,26,6,32,65
08/28/2021,GRI,NE,ACE,CE,Federal Contract Tower,0,6,2,0,8,0,1,7,1,9,0,7,9,1,17,0,0,0,17
08/29/2021,GRI,NE,ACE,CE,Federal Contract Tower,2,3,5,0,10,0,0,6,0,6,2,3,11,0,16,0,0,0,16
08/30/2021,GRI,NE,ACE,CE,Federal Contract Tower,1,7,10,0,18,0,0,10,0,10,1,7,20,0,28,18,0,18,46
08/31/2021,GRI,NE,ACE,CE,Federal Contract Tower,0,9,5,0,14,0,2,24,2,28,0,11,29,2,42,14,0,14,56
09/01/2021,GRI,NE,ACE,CE,Federal Contract Tower,0,10,8,0,18,0,0,4,4,8,0,10,12,4,26,0,18,18,44
09/02/2021,GRI,NE,ACE,CE,Federal Contract Tower,2,15,7,0,24,0,0,1,0,1,2,15,8,0,25,0,0,0,25
09/03/2021,GRI,NE,ACE,CE,Federal Contract Tower,2,9,7,0,18,0,0,12,0,12,2,9,19,0,30,2,0,2,32
09/05/2021,GRI,NE,ACE,CE,Federal Contract Tower,2,3,5,0,10,0,0,10,0,10,2,3,15,0,20,0,0,0,20
09/06/2021,GRI,NE,ACE,CE,Federal Contract Tower,2,3,6,0,11,0,0,9,0,9,2,3,15,0,20,0,0,0,20
09/07/2021,GRI,NE,ACE,CE,Federal Contract Tower,0,7,5,0,12,0,4,8,1,13,0,11,13,1,25,8,0,8,33
09/08/2021,GRI,NE,ACE,CE,Federal Contract Tower,0,9,7,0,16,0,0,7,1,8,0,9,14,1,24,12,0,12,36
09/09/2021,GRI,NE,ACE,CE,Federal Contract Tower,2,9,4,0,15,0,0,10,4,14,2,9,14,4,29,16,10,26,55
09/10/2021,GRI,NE,ACE,CE,Federal Contract Tower,0,9,7,0,16,0,0,15,4,19,0,9,22,4,35,28,0,28,63
09/11/2021,GRI,NE,ACE,CE,Federal Contract Tower,0,8,6,0,14,0,0,12,6,18,0,8,18,6,32,14,0,14,46
09/12/2021,GRI,NE,ACE,CE,Federal Contract Tower,2,3,5,0,10,0,0,0,0,0,2,3,5,0,10,0,0,0,10
09/13/2021,GRI,NE,ACE,CE,Federal Contract Tower,0,6,9,2,17,0,0,9,0,9,0,6,18,2,26,26,0,26,52
09/14/2021,GRI,NE,ACE,CE,Federal Contract Tower,0,13,12,0,25,0,2,8,6,16,0,15,20,6,41,12,0,12,53
09/15/2021,GRI,NE,ACE,CE,Federal Contract Tower,0,9,17,0,26,0,2,30,4,36,0,11,47,4,62,6,0,6,68
09/16/2021,GRI,NE,ACE,CE,Federal Contract Tower,1,8,18,2,29,0,0,22,3,25,1,8,40,5,54,0,0,0,54
09/17/2021,GRI,NE,ACE,CE,Federal Contract Tower,1,8,4,0,13,0,0,16,9,25,1,8,20,9,38,8,0,8,46
09/18/2021,GRI,NE,ACE,CE,Federal Contract Tower,0,10,6,0,16,0,2,8,0,10,0,12,14,0,26,0,0,0,26
09/19/2021,GRI,NE,ACE,CE,Federal Contract Tower,4,3,5,0,12,0,2,1,0,3,4,5,6,0,15,0,0,0,15
09/20/2021,GRI,NE,ACE,CE,Federal Contract Tower,0,8,11,0,19,0,0,4,1,5,0,8,15,1,24,0,0,0,24
09/21/2021,GRI,NE,ACE,CE,Federal Contract Tower,0,9,14,0,23,0,4,15,2,21,0,13,29,2,44,12,0,12,56
09/22/2021,GRI,NE,ACE,CE,Federal Contract Tower,0,8,2,0,10,0,3,24,7,34,0,11,26,7,44,10,0,10,54
09/23/2021,GRI,NE,ACE,CE,Federal Contract Tower,2,11,15,0,28,0,0,9,4,13,2,11,24,4,41,20,10,30,71
09/24/2021,GRI,NE,ACE,CE,Federal Contract Tower,0,8,4,0,12,0,1,11,4,16,0,9,15,4,28,0,0,0,28
09/25/2021,GRI,NE,ACE,CE,Federal Contract Tower,0,8,7,0,15,0,2,0,0,2,0,10,7,0,17,0,0,0,17
09/26/2021,GRI,NE,ACE,CE,Federal Contract Tower,2,3,11,0,16,0,3,16,0,19,2,6,27,0,35,20,0,20,55
09/27/2021,GRI,NE,ACE,CE,Federal Contract Tower,2,7,8,0,17,0,2,15,0,17,2,9,23,0,34,6,0,6,40
09/28/2021,GRI,NE,ACE,CE,Federal Contract Tower,0,11,3,0,14,0,0,7,6,13,0,11,10,6,27,16,10,26,53
09/29/2021,GRI,NE,ACE,CE,Federal Contract Tower,0,8,6,0,14,0,0,8,1,9,0,8,14,1,23,16,0,16,39
09/30/2021,GRI,NE,ACE,CE,Federal Contract Tower,2,10,7,0,19,0,0,0,0,0,2,10,7,0,19,0,0,0,19
10/01/2021,GRI,NE,ACE,CE,Federal Contract Tower,2,10,2,1,15,0,0,1,0,1,2,10,3,1,16,0,0,0,16
10/02/2021,GRI,NE,ACE,CE,Federal Contract Tower,0,11,7,0,18,0,0,2,0,2,0,11,9,0,20,0,0,0,20
10/03/2021,GRI,NE,ACE,CE,Federal Contract Tower,2,5,3,0,10,0,1,12,0,13,2,6,15,0,23,6,0,6,29
10/04/2021,GRI,NE,ACE,CE,Federal Contract Tower,2,6,6,0,14,0,0,10,2,12,2,6,16,2,26,6,0,6,32
10/05/2021,GRI,NE,ACE,CE,Federal Contract Tower,0,11,7,2,20,0,0,10,0,10,0,11,17,2,30,10,0,10,40
10/06/2021,GRI,NE,ACE,CE,Federal Contract Tower,0,9,6,3,18,0,0,3,0,3,0,9,9,3,21,0,0,0,21
10/07/2021,GRI,NE,ACE,CE,Federal Contract Tower,2,10,8,0,20,0,0,0,0,0,2,10,8,0,20,10,4,14,34
10/08/2021,GRI,NE,ACE,CE,Federal Contract Tower,0,11,6,0,17,0,2,6,1,9,0,13,12,1,26,8,0,8,34
10/09/2021,GRI,NE,ACE,CE,Federal Contract Tower,0,7,9,0,16,0,0,14,0,14,0,7,23,0,30,10,0,10,40
10/10/2021,GRI,NE,ACE,CE,Federal Contract Tower,1,5,7,0,13,0,0,10,0,10,1,5,17,0,23,0,0,0,23
10/11/2021,GRI,NE,ACE,CE,Federal Contract Tower,0,9,18,0,27,0,0,20,0,20,0,9,38,0,47,38,0,38,85
10/12/2021,GRI,NE,ACE,CE,Federal Contract Tower,0,10,13,0,23,0,1,10,0,11,0,11,23,0,34,4,0,4,38
10/13/2021,GRI,NE,ACE,CE,Federal Contract Tower,0,8,3,0,11,0,0,0,0,0,0,8,3,0,11,0,0,0,11
10/14/2021,GRI,NE,ACE,CE,Federal Contract Tower,2,12,10,0,24,0,1,25,6,32,2,13,35,6,56,34,2,36,92
10/15/2021,GRI,NE,ACE,CE,Federal Contract Tower,0,12,6,0,18,0,0,0,0,0,0,12,6,0,18,0,12,12,30
10/16/2021,GRI,NE,ACE,CE,Federal Contract Tower,0,7,1,0,8,0,2,10,13,25,0,9,11,13,33,0,0,0,33
10/17/2021,GRI,NE,ACE,CE,Federal Contract Tower,0,3,9,0,12,0,0,7,0,7,0,3,16,0,19,0,0,0,19
10/18/2021,GRI,NE,ACE,CE,Federal Contract Tower,0,10,8,2,20,0,0,13,0,13,0,10,21,2,33,2,0,2,35
10/19/2021,GRI,NE,ACE,CE,Federal Contract Tower,0,10,9,2,21,0,0,7,0,7,0,10,16,2,28,0,0,0,28
10/20/2021,GRI,NE,ACE,CE,Federal Contract Tower,0,8,2,0,10,0,0,1,0,1,0,8,3,0,11,0,0,0,11
10/21/2021,GRI,NE,ACE,CE,Federal Contract Tower,0,11,5,3,19,0,0,17,6,23,0,11,22,9,42,16,0,16,58
10/22/2021,GRI,NE,ACE,CE,Federal Contract Tower,10,2,0,0,12,0,0,20,0,20,10,2,20,0,32,10,0,10,42
10/23/2021,GRI,NE,ACE,CE,Federal Contract Tower,0,7,2,0,9,0,2,5,0,7,0,9,7,0,16,2,0,2,18
10/24/2021,GRI,NE,ACE,CE,Federal Contract Tower,1,5,4,0,10,0,0,0,0,0,1,5,4,0,10,0,0,0,10
10/25/2021,GRI,NE,ACE,CE,Federal Contract Tower,0,6,11,0,17,0,0,0,0,0,0,6,11,0,17,0,0,0,17
10/26/2021,GRI,NE,ACE,CE,Federal Contract Tower,0,8,7,0,15,0,0,0,0,0,0,8,7,0,15,0,0,0,15
10/27/2021,GRI,NE,ACE,CE,Federal Contract Tower,0,10,4,0,14,0,0,0,0,0,0,10,4,0,14,0,0,0,14
10/28/2021,GRI,NE,ACE,CE,Federal Contract Tower,2,8,6,0,16,0,0,0,0,0,2,8,6,0,16,0,0,0,16
10/29/2021,GRI,NE,ACE,CE,Federal Contract Tower,0,11,5,0,16,0,0,20,9,29,0,11,25,9,45,8,22,30,75
10/30/2021,GRI,NE,ACE,CE,Federal Contract Tower,0,8,4,0,12,0,0,10,0,10,0,8,14,0,22,8,0,8,30
10/31/2021,GRI,NE,ACE,CE,Federal Contract Tower,2,3,1,0,6,0,0,6,0,6,2,3,7,0,12,0,0,0,12
11/01/2021,GRI,NE,ACE,CE,Federal Contract Tower,0,7,5,0,12,0,0,0,0,0,0,7,5,0,12,0,0,0,12
11/02/2021,GRI,NE,ACE,CE,Federal Contract Tower,0,10,8,0,18,0,0,3,12,15,0,10,11,12,33,6,10,16,49
11/03/2021,GRI,NE,ACE,CE,Federal Contract Tower,0,9,6,0,15,0,0,2,16,18,0,9,8,16,33,12,12,24,57
11/04/2021,GRI,NE,ACE,CE,Federal Contract Tower,2,11,6,2,21,0,0,17,11,28,2,11,23,13,49,2,0,2,51
11/05/2021,GRI,NE,ACE,CE,Federal Contract Tower,0,11,5,0,16,0,0,14,2,16,0,11,19,2,32,12,0,12,44
11/06/2021,GRI,NE,ACE,CE,Federal Contract Tower,0,7,1,4,12,0,2,6,4,12,0,9,7,8,24,2,0,2,26
11/07/2021,GRI,NE,ACE,CE,Federal Contract Tower,2,3,2,0,7,0,0,9,1,10,2,3,11,1,17,10,0,10,27
11/08/2021,GRI,NE,ACE,CE,Federal Contract Tower,1,7,3,0,11,0,0,9,0,9,1,7,12,0,20,2,0,2,22
11/09/2021,GRI,NE,ACE,CE,Federal Contract Tower,0,11,9,2,22,0,0,20,5,25,0,11,29,7,47,18,14,32,79
11/10/2021,GRI,NE,ACE,CE,Federal Contract Tower,0,10,13,0,23,0,0,3,0,3,0,10,16,0,26,0,0,0,26
11/11/2021,GRI,NE,ACE,CE,Federal Contract Tower,2,10,3,0,15,0,2,2,0,4,2,12,5,0,19,0,0,0,19
11/12/2021,GRI,NE,ACE,CE,Federal Contract Tower,0,10,10,0,20,0,0,0,0,0,0,10,10,0,20,0,0,0,20
11/13/2021,GRI,NE,ACE,CE,Federal Contract Tower,0,7,3,0,10,0,2,5,0,7,0,9,8,0,17,0,0,0,17
11/14/2021,GRI,NE,ACE,CE,Federal Contract Tower,2,3,6,0,11,0,0,3,0,3,2,3,9,0,14,0,0,0,14
11/15/2021,GRI,NE,ACE,CE,Federal Contract Tower,1,6,4,0,11,0,0,6,0,6,1,6,10,0,17,4,0,4,21
11/16/2021,GRI,NE,ACE,CE,Federal Contract Tower,0,10,6,0,16,0,0,9,9,18,0,10,15,9,34,16,0,16,50
11/17/2021,GRI,NE,ACE,CE,Federal Contract Tower,0,8,1,0,9,0,0,16,5,21,0,8,17,5,30,0,0,0,30
11/18/2021,GRI,NE,ACE,CE,Federal Contract Tower,0,9,2,1,12,0,0,10,5,15,0,9,12,6,27,8,0,8,35
11/19/2021,GRI,NE,ACE,CE,Federal Contract Tower,0,9,2,2,13,0,0,12,3,15,0,9,14,5,28,2,2,4,32
11/20/2021,GRI,NE,ACE,CE,Federal Contract Tower,0,9,5,0,14,0,0,16,0,16,0,9,21,0,30,12,0,12,42
11/21/2021,GRI,NE,ACE,CE,Federal Contract Tower,0,3,5,0,8,0,2,2,0,4,0,5,7,0,12,0,0,0,12
11/22/2021,GRI,NE,ACE,CE,Federal Contract Tower,2,7,2,0,11,0,0,10,0,10,2,7,12,0,21,4,0,4,25
11/23/2021,GRI,NE,ACE,CE,Federal Contract Tower,0,11,8,0,19,0,0,11,8,19,0,11,19,8,38,2,12,14,52
11/24/2021,GRI,NE,ACE,CE,Federal Contract Tower,4,11,5,0,20,0,0,17,2,19,4,11,22,2,39,4,0,4,43
11/25/2021,GRI,NE,ACE,CE,Federal Contract Tower,0,2,1,0,3,0,0,0,0,0,0,2,1,0,3,0,0,0,3
11/26/2021,GRI,NE,ACE,CE,Federal Contract Tower,2,7,2,0,11,0,2,5,0,7,2,9,7,0,18,6,0,6,24
11/27/2021,GRI,NE,ACE,CE,Federal Contract Tower,2,7,6,0,15,0,0,0,0,0,2,7,6,0,15,0,0,0,15
11/28/2021,GRI,NE,ACE,CE,Federal Contract Tower,2,3,4,0,9,0,0,6,0,6,2,3,10,0,15,6,0,6,21
11/29/2021,GRI,NE,ACE,CE,Federal Contract Tower,2,6,3,0,11,0,0,7,0,7,2,6,10,0,18,4,0,4,22
11/30/2021,GRI,NE,ACE,CE,Federal Contract Tower,0,12,12,0,24,0,0,6,6,12,0,12,18,6,36,2,12,14,50
12/01/2021,GRI,NE,ACE,CE,Federal Contract Tower,0,11,9,0,20,0,2,11,4,17,0,13,20,4,37,0,0,0,37
12/02/2021,GRI,NE,ACE,CE,Federal Contract Tower,12,5,3,0,20,0,0,33,13,46,12,5,36,13,66,16,14,30,96
12/03/2021,GRI,NE,ACE,CE,Federal Contract Tower,2,8,3,2,15,0,0,5,0,5,2,8,8,2,20,0,0,0,20
12/04/2021,GRI,NE,ACE,CE,Federal Contract Tower,0,6,4,0,10,0,0,1,0,1,0,6,5,0,11,0,0,0,11
12/05/2021,GRI,NE,ACE,CE,Federal Contract Tower,0,3,11,0,14,0,0,4,0,4,0,3,15,0,18,8,0,8,26
12/06/2021,GRI,NE,ACE,CE,Federal Contract Tower,2,6,8,3,19,0,0,8,1,9,2,6,16,4,28,0,0,0,28
12/07/2021,GRI,NE,ACE,CE,Federal Contract Tower,0,8,3,2,13,0,0,10,8,18,0,8,13,10,31,0,0,0,31
12/08/2021,GRI,NE,ACE,CE,Federal Contract Tower,0,14,7,2,23,0,1,5,8,14,0,15,12,10,37,6,6,12,49
12/09/2021,GRI,NE,ACE,CE,Federal Contract Tower,2,14,13,0,29,0,0,25,10,35,2,14,38,10,64,14,10,24,88
12/10/2021,GRI,NE,ACE,CE,Federal Contract Tower,2,15,2,0,19,0,0,0,0,0,2,15,2,0,19,0,0,0,19
12/11/2021,GRI,NE,ACE,CE,Federal Contract Tower,0,7,1,0,8,0,0,2,0,2,0,7,3,0,10,34,0,34,44
12/12/2021,GRI,NE,ACE,CE,Federal Contract Tower,0,3,1,0,4,0,0,4,0,4,0,3,5,0,8,0,0,0,8
12/13/2021,GRI,NE,ACE,CE,Federal Contract Tower,2,9,6,0,17,0,0,17,0,17,2,9,23,0,34,6,0,6,40
12/14/2021,GRI,NE,ACE,CE,Federal Contract Tower,0,9,6,1,16,0,0,12,10,22,0,9,18,11,38,14,4,18,56
12/15/2021,GRI,NE,ACE,CE,Federal Contract Tower,0,6,1,0,7,0,0,1,0,1,0,6,2,0,8,0,0,0,8
12/16/2021,GRI,NE,ACE,CE,Federal Contract Tower,0,8,12,0,20,0,0,3,11,14,0,8,15,11,34,8,18,26,60
12/17/2021,GRI,NE,ACE,CE,Federal Contract Tower,2,13,14,1,30,0,0,9,0,9,2,13,23,1,39,0,0,0,39
12/18/2021,GRI,NE,ACE,CE,Federal Contract Tower,0,10,7,0,17,0,0,12,0,12,0,10,19,0,29,50,0,50,79
12/19/2021,GRI,NE,ACE,CE,Federal Contract Tower,2,3,4,0,9,0,0,10,0,10,2,3,14,0,19,24,0,24,43
12/20/2021,GRI,NE,ACE,CE,Federal Contract Tower,2,7,2,0,11,0,2,4,0,6,2,9,6,0,17,4,0,4,21
12/21/2021,GRI,NE,ACE,CE,Federal Contract Tower,0,11,6,0,17,0,0,3,5,8,0,11,9,5,25,2,0,2,27
12/22/2021,GRI,NE,ACE,CE,Federal Contract Tower,2,13,2,2,19,0,2,13,4,19,2,15,15,6,38,12,6,18,56
12/23/2021,GRI,NE,ACE,CE,Federal Contract Tower,2,11,8,0,21,0,0,16,0,16,2,11,24,0,37,20,0,20,57
12/24/2021,GRI,NE,ACE,CE,Federal Contract Tower,0,6,3,0,9,0,0,10,0,10,0,6,13,0,19,6,0,6,25
12/25/2021,GRI,NE,ACE,CE,Federal Contract Tower,0,3,0,0,3,0,3,1,0,4,0,6,1,0,7,0,0,0,7
12/26/2021,GRI,NE,ACE,CE,Federal Contract Tower,2,7,13,0,22,0,0,2,0,2,2,7,15,0,24,0,0,0,24
12/27/2021,GRI,NE,ACE,CE,Federal Contract Tower,2,8,9,0,19,0,0,12,0,12,2,8,21,0,31,6,0,6,37
12/28/2021,GRI,NE,ACE,CE,Federal Contract Tower,0,9,5,0,14,0,0,9,0,9,0,9,14,0,23,0,0,0,23
12/29/2021,GRI,NE,ACE,CE,Federal Contract Tower,2,7,5,0,14,0,0,4,0,4,2,7,9,0,18,0,0,0,18
12/30/2021,GRI,NE,ACE,CE,Federal Contract Tower,3,12,5,0,20,0,0,11,0,11,3,12,16,0,31,12,0,12,43
12/31/2021,GRI,NE,ACE,CE,Federal Contract Tower,2,6,10,0,18,0,0,4,0,4,2,6,14,0,22,0,0,0,22
01/01/2022,GRI,NE,ACE,CE,Federal Contract Tower,0,3,0,0,3,0,0,0,0,0,0,3,0,0,3,0,0,0,3
01/02/2022,GRI,NE,ACE,CE,Federal Contract Tower,2,3,6,0,11,0,0,0,0,0,2,3,6,0,11,0,0,0,11
01/03/2022,GRI,NE,ACE,CE,Federal Contract Tower,0,10,6,0,16,0,0,2,0,2,0,10,8,0,18,0,0,0,18
01/04/2022,GRI,NE,ACE,CE,Federal Contract Tower,0,9,6,0,15,0,0,1,0,1,0,9,7,0,16,0,0,0,16
01/05/2022,GRI,NE,ACE,CE,Federal Contract Tower,0,10,7,0,17,0,0,0,0,0,0,10,7,0,17,0,4,4,21
01/06/2022,GRI,NE,ACE,CE,Federal Contract Tower,2,8,4,0,14,0,0,6,0,6,2,8,10,0,20,4,0,4,24
01/07/2022,GRI,NE,ACE,CE,Federal Contract Tower,2,11,9,0,22,0,2,7,0,9,2,13,16,0,31,6,0,6,37
01/08/2022,GRI,NE,ACE,CE,Federal Contract Tower,0,7,1,0,8,0,0,6,6,12,0,7,7,6,20,8,4,12,32
01/09/2022,GRI,NE,ACE,CE,Federal Contract Tower,2,3,2,0,7,0,0,6,2,8,2,3,8,2,15,6,0,6,21
01/10/2022,GRI,NE,ACE,CE,Federal Contract Tower,2,8,6,0,16,0,0,12,0,12,2,8,18,0,28,12,0,12,40
01/11/2022,GRI,NE,ACE,CE,Federal Contract Tower,0,8,3,0,11,0,0,7,9,16,0,8,10,9,27,8,32,40,67
01/12/2022,GRI,NE,ACE,CE,Federal Contract Tower,1,12,5,0,18,0,1,9,0,10,1,13,14,0,28,14,0,14,42
01/13/2022,GRI,NE,ACE,CE,Federal Contract Tower,2,8,13,5,28,0,0,6,13,19,2,8,19,18,47,0,16,16,63
01/14/2022,GRI,NE,ACE,CE,Federal Contract Tower,2,7,1,0,10,0,0,0,0,0,2,7,1,0,10,0,0,0,10
01/15/2022,GRI,NE,ACE,CE,Federal Contract Tower,0,7,5,0,12,0,0,5,0,5,0,7,10,0,17,4,0,4,21
01/16/2022,GRI,NE,ACE,CE,Federal Contract Tower,4,5,5,0,14,0,0,6,0,6,4,5,11,0,20,0,0,0,20
01/17/2022,GRI,NE,ACE,CE,Federal Contract Tower,0,6,1,0,7,0,0,6,0,6,0,6,7,0,13,2,0,2,15
01/18/2022,GRI,NE,ACE,CE,Federal Contract Tower,0,8,8,0,16,0,0,4,0,4,0,8,12,0,20,0,0,0,20
01/19/2022,GRI,NE,ACE,CE,Federal Contract Tower,1,8,4,1,14,0,0,1,1,2,1,8,5,2,16,0,0,0,16
01/20/2022,GRI,NE,ACE,CE,Federal Contract Tower,4,11,7,2,24,0,0,8,14,22,4,11,15,16,46,8,24,32,78
01/21/2022,GRI,NE,ACE,CE,Federal Contract Tower,2,11,7,0,20,0,0,2,4,6,2,11,9,4,26,6,0,6,32
01/22/2022,GRI,NE,ACE,CE,Federal Contract Tower,0,7,3,0,10,0,0,9,5,14,0,7,12,5,24,0,0,0,24
01/23/2022,GRI,NE,ACE,CE,Federal Contract Tower,2,3,0,0,5,0,0,4,0,4,2,3,4,0,9,0,0,0,9
01/24/2022,GRI,NE,ACE,CE,Federal Contract Tower,2,7,7,0,16,0,0,0,0,0,2,7,7,0,16,2,0,2,18
01/25/2022,GRI,NE,ACE,CE,Federal Contract Tower,0,12,5,0,17,0,0,2,7,9,0,12,7,7,26,2,16,18,44
01/26/2022,GRI,NE,ACE,CE,Federal Contract Tower,1,8,3,0,12,0,0,1,6,7,1,8,4,6,19,0,0,0,19
01/27/2022,GRI,NE,ACE,CE,Federal Contract Tower,2,10,6,0,18,0,0,3,18,21,2,10,9,18,39,0,54,54,93
01/28/2022,GRI,NE,ACE,CE,Federal Contract Tower,0,0,10,0,10,0,0,15,3,18,0,0,25,3,28,0,0,0,28
01/29/2022,GRI,NE,ACE,CE,Federal Contract Tower,0,7,3,0,10,0,0,3,0,3,0,7,6,0,13,0,0,0,13
01/30/2022,GRI,NE,ACE,CE,Federal Contract Tower,2,3,3,0,8,0,0,8,0,8,2,3,11,0,16,24,0,24,40
01/31/2022,GRI,NE,ACE,CE,Federal Contract Tower,2,6,7,0,15,0,0,6,0,6,2,6,13,0,21,0,0,0,21
02/01/2022,GRI,NE,ACE,CE,Federal Contract Tower,0,11,3,0,14,0,0,4,10,14,0,11,7,10,28,4,30,34,62
02/02/2022,GRI,NE,ACE,CE,Federal Contract Tower,1,10,11,1,23,0,2,0,3,5,1,12,11,4,28,0,4,4,32
02/03/2022,GRI,NE,ACE,CE,Federal Contract Tower,2,6,5,1,14,0,0,13,7,20,2,6,18,8,34,6,12,18,52
02/04/2022,GRI,NE,ACE,CE,Federal Contract Tower,0,7,8,2,17,0,2,11,4,17,0,9,19,6,34,2,0,2,36
02/05/2022,GRI,NE,ACE,CE,Federal Contract Tower,1,7,5,0,13,0,0,10,11,21,1,7,15,11,34,8,12,20,54
02/06/2022,GRI,NE,ACE,CE,Federal Contract Tower,4,4,9,0,17,0,0,6,0,6,4,4,15,0,23,10,0,10,33
02/07/2022,GRI,NE,ACE,CE,Federal Contract Tower,2,7,4,0,13,0,0,11,0,11,2,7,15,0,24,10,0,10,34
02/08/2022,GRI,NE,ACE,CE,Federal Contract Tower,0,12,4,0,16,0,0,2,0,2,0,12,6,0,18,0,0,0,18
02/09/2022,GRI,NE,ACE,CE,Federal Contract Tower,1,16,10,0,27,0,0,15,2,17,1,16,25,2,44,6,0,6,50
02/10/2022,GRI,NE,ACE,CE,Federal Contract Tower,3,18,7,2,30,0,1,22,8,31,3,19,29,10,61,0,14,14,75
02/11/2022,GRI,NE,ACE,CE,Federal Contract Tower,1,13,10,0,24,0,0,2,0,2,1,13,12,0,26,0,0,0,26
02/12/2022,GRI,NE,ACE,CE,Federal Contract Tower,0,9,7,0,16,0,2,32,0,34,0,11,39,0,50,0,0,0,50
02/13/2022,GRI,NE,ACE,CE,Federal Contract Tower,2,6,2,0,10,0,0,30,0,30,2,6,32,0,40,0,0,0,40
02/14/2022,GRI,NE,ACE,CE,Federal Contract Tower,2,6,4,0,12,0,0,38,0,38,2,6,42,0,50,8,0,8,58
02/15/2022,GRI,NE,ACE,CE,Federal Contract Tower,1,9,11,0,21,0,1,23,6,30,1,10,34,6,51,0,0,0,51
02/16/2022,GRI,NE,ACE,CE,Federal Contract Tower,5,11,4,0,20,0,1,3,1,5,5,12,7,1,25,0,0,0,25
02/17/2022,GRI,NE,ACE,CE,Federal Contract Tower,5,14,6,0,25,0,0,18,4,22,5,14,24,4,47,2,0,2,49
02/18/2022,GRI,NE,ACE,CE,Federal Contract Tower,0,7,3,0,10,0,0,7,0,7,0,7,10,0,17,0,0,0,17
02/19/2022,GRI,NE,ACE,CE,Federal Contract Tower,0,8,9,0,17,0,0,7,0,7,0,8,16,0,24,18,0,18,42
02/20/2022,GRI,NE,ACE,CE,Federal Contract Tower,2,4,0,0,6,0,0,11,0,11,2,4,11,0,17,64,0,64,81
02/21/2022,GRI,NE,ACE,CE,Federal Contract Tower,0,6,4,0,10,0,0,0,0,0,0,6,4,0,10,0,0,0,10
02/22/2022,GRI,NE,ACE,CE,Federal Contract Tower,4,12,1,0,17,0,0,0,0,0,4,12,1,0,17,0,0,0,17
02/23/2022,GRI,NE,ACE,CE,Federal Contract Tower,2,8,5,1,16,0,0,10,9,19,2,8,15,10,35,2,4,6,41
02/24/2022,GRI,NE,ACE,CE,Federal Contract Tower,2,11,7,0,20,0,0,0,0,0,2,11,7,0,20,0,26,26,46
02/25/2022,GRI,NE,ACE,CE,Federal Contract Tower,2,14,2,0,18,0,0,14,9,23,2,14,16,9,41,8,2,10,51
02/26/2022,GRI,NE,ACE,CE,Federal Contract Tower,0,6,5,0,11,0,0,15,0,15,0,6,20,0,26,16,0,16,42
02/27/2022,GRI,NE,ACE,CE,Federal Contract Tower,2,3,4,0,9,0,0,22,0,22,2,3,26,0,31,22,0,22,53
02/28/2022,GRI,NE,ACE,CE,Federal Contract Tower,0,11,1,0,12,0,0,9,0,9,0,11,10,0,21,72,0,72,93
03/01/2022,GRI,NE,ACE,CE,Federal Contract Tower,2,16,7,0,25,0,0,16,3,19,2,16,23,3,44,44,0,44,88
03/02/2022,GRI,NE,ACE,CE,Federal Contract Tower,0,14,6,0,20,0,0,27,5,32,0,14,33,5,52,12,0,12,64
03/03/2022,GRI,NE,ACE,CE,Federal Contract Tower,2,11,10,0,23,0,2,9,10,21,2,13,19,10,44,16,12,28,72
03/04/2022,GRI,NE,ACE,CE,Federal Contract Tower,0,13,4,0,17,0,0,7,0,7,0,13,11,0,24,4,0,4,28
03/05/2022,GRI,NE,ACE,CE,Federal Contract Tower,0,7,3,0,10,0,0,0,0,0,0,7,3,0,10,0,0,0,10
03/06/2022,GRI,NE,ACE,CE,Federal Contract Tower,2,3,2,0,7,0,0,2,0,2,2,3,4,0,9,8,0,8,17
03/07/2022,GRI,NE,ACE,CE,Federal Contract Tower,0,10,2,0,12,0,0,19,0,19,0,10,21,0,31,18,0,18,49
03/08/2022,GRI,NE,ACE,CE,Federal Contract Tower,0,11,8,2,21,0,0,7,0,7,0,11,15,2,28,8,4,12,40
03/09/2022,GRI,NE,ACE,CE,Federal Contract Tower,1,10,7,0,18,0,0,1,0,1,1,10,8,0,19,3,0,3,22
03/10/2022,GRI,NE,ACE,CE,Federal Contract Tower,2,9,4,1,16,0,0,1,4,5,2,9,5,5,21,0,2,2,23
03/11/2022,GRI,NE,ACE,CE,Federal Contract Tower,0,8,10,0,18,0,0,12,3,15,0,8,22,3,33,2,0,2,35
03/12/2022,GRI,NE,ACE,CE,Federal Contract Tower,2,7,2,0,11,0,0,6,0,6,2,7,8,0,17,8,0,8,25
03/13/2022,GRI,NE,ACE,CE,Federal Contract Tower,4,3,6,0,13,0,0,23,0,23,4,3,29,0,36,0,0,0,36
03/14/2022,GRI,NE,ACE,CE,Federal Contract Tower,0,8,5,2,15,0,0,11,0,11,0,8,16,2,26,0,0,0,26
03/15/2022,GRI,NE,ACE,CE,Federal Contract Tower,0,13,14,0,27,0,0,18,4,22,0,13,32,4,49,6,22,28,77
03/16/2022,GRI,NE,ACE,CE,Federal Contract Tower,2,8,3,1,14,0,2,23,2,27,2,10,26,3,41,32,4,36,77
03/17/2022,GRI,NE,ACE,CE,Federal Contract Tower,4,9,6,0,19,0,0,2,3,5,4,9,8,3,24,0,8,8,32
03/18/2022,GRI,NE,ACE,CE,Federal Contract Tower,0,13,8,2,23,0,0,13,2,15,0,13,21,4,38,10,0,10,48
03/19/2022,GRI,NE,ACE,CE,Federal Contract Tower,2,13,8,0,23,0,0,0,0,0,2,13,8,0,23,52,0,52,75
03/20/2022,GRI,NE,ACE,CE,Federal Contract Tower,2,8,9,0,19,0,0,11,0,11,2,8,20,0,30,4,0,4,34
03/21/2022,GRI,NE,ACE,CE,Federal Contract Tower,0,9,3,2,14,0,0,4,0,4,0,9,7,2,18,0,0,0,18
03/22/2022,GRI,NE,ACE,CE,Federal Contract Tower,0,12,3,0,15,0,0,2,0,2,0,12,5,0,17,0,0,0,17
03/23/2022,GRI,NE,ACE,CE,Federal Contract Tower,2,8,4,0,14,0,0,6,2,8,2,8,10,2,22,0,0,0,22
03/24/2022,GRI,NE,ACE,CE,Federal Contract Tower,2,7,6,0,15,0,0,26,12,38,2,7,32,12,53,24,4,28,81
03/25/2022,GRI,NE,ACE,CE,Federal Contract Tower,0,14,5,0,19,0,0,5,3,8,0,14,10,3,27,0,0,0,27
03/26/2022,GRI,NE,ACE,CE,Federal Contract Tower,0,7,3,0,10,0,0,32,0,32,0,7,35,0,42,24,0,24,66
03/27/2022,GRI,NE,ACE,CE,Federal Contract Tower,2,7,2,0,11,0,0,15,0,15,2,7,17,0,26,24,0,24,50
03/28/2022,GRI,NE,ACE,CE,Federal Contract Tower,1,8,8,2,19,0,0,13,1,14,1,8,21,3,33,6,16,22,55
03/29/2022,GRI,NE,ACE,CE,Federal Contract Tower,0,11,9,0,20,0,2,2,0,4,0,13,11,0,24,0,0,0,24
03/30/2022,GRI,NE,ACE,CE,Federal Contract Tower,2,6,9,0,17,0,0,0,3,3,2,6,9,3,20,0,4,4,24
03/31/2022,GRI,NE,ACE,CE,Federal Contract Tower,2,9,6,0,17,0,0,3,16,19,2,9,9,16,36,0,0,0,36
04/01/2022,GRI,NE,ACE,CE,Federal Contract Tower,0,8,8,0,16,0,0,21,6,27,0,8,29,6,43,4,2,6,49
04/02/2022,GRI,NE,ACE,CE,Federal Contract Tower,0,11,2,4,17,0,0,18,0,18,0,11,20,4,35,14,0,14,49
04/03/2022,GRI,NE,ACE,CE,Federal Contract Tower,2,3,6,0,11,0,0,14,2,16,2,3,20,2,27,4,0,4,31
04/04/2022,GRI,NE,ACE,CE,Federal Contract Tower,0,10,5,2,17,0,0,16,0,16,0,10,21,2,33,32,0,32,65
04/05/2022,GRI,NE,ACE,CE,Federal Contract Tower,0,11,6,0,17,0,0,4,0,4,0,11,10,0,21,0,0,0,21
04/06/2022,GRI,NE,ACE,CE,Federal Contract Tower,2,14,3,0,19,0,0,1,0,1,2,14,4,0,20,0,0,0,20
04/07/2022,GRI,NE,ACE,CE,Federal Contract Tower,4,13,6,0,23,0,0,0,0,0,4,13,6,0,23,0,0,0,23
04/08/2022,GRI,NE,ACE,CE,Federal Contract Tower,2,11,6,0,19,0,0,2,2,4,2,11,8,2,23,0,0,0,23
04/09/2022,GRI,NE,ACE,CE,Federal Contract Tower,0,7,5,0,12,0,0,4,2,6,0,7,9,2,18,7,0,7,25
04/10/2022,GRI,NE,ACE,CE,Federal Contract Tower,0,9,7,0,16,0,0,4,2,6,0,9,11,2,22,4,0,4,26
04/11/2022,GRI,NE,ACE,CE,Federal Contract Tower,0,10,5,0,15,0,0,10,0,10,0,10,15,0,25,38,0,38,63
04/12/2022,GRI,NE,ACE,CE,Federal Contract Tower,2,7,3,0,12,0,0,0,0,0,2,7,3,0,12,0,0,0,12
04/13/2022,GRI,NE,ACE,CE,Federal Contract Tower,2,15,11,1,29,0,1,6,0,7,2,16,17,1,36,2,2,4,40
04/14/2022,GRI,NE,ACE,CE,Federal Contract Tower,0,16,6,2,24,0,0,2,0,2,0,16,8,2,26,0,0,0,26
04/15/2022,GRI,NE,ACE,CE,Federal Contract Tower,0,12,4,0,16,0,2,30,4,36,0,14,34,4,52,52,0,52,104
04/16/2022,GRI,NE,ACE,CE,Federal Contract Tower,2,6,3,0,11,0,1,20,0,21,2,7,23,0,32,6,0,6,38
04/17/2022,GRI,NE,ACE,CE,Federal Contract Tower,2,3,0,0,5,0,0,1,0,1,2,3,1,0,6,0,0,0,6
04/18/2022,GRI,NE,ACE,CE,Federal Contract Tower,0,9,8,0,17,0,0,23,0,23,0,9,31,0,40,40,0,40,80
04/19/2022,GRI,NE,ACE,CE,Federal Contract Tower,0,11,7,0,18,0,0,1,0,1,0,11,8,0,19,0,0,0,19
04/20/2022,GRI,NE,ACE,CE,Federal Contract Tower,2,11,4,0,17,0,0,6,3,9,2,11,10,3,26,6,30,36,62
04/21/2022,GRI,NE,ACE,CE,Federal Contract Tower,2,15,7,2,26,0,9,17,0,26,2,24,24,2,52,14,0,14,66
04/22/2022,GRI,NE,ACE,CE,Federal Contract Tower,0,7,2,0,9,0,0,1,2,3,0,7,3,2,12,0,12,12,24
04/23/2022,GRI,NE,ACE,CE,Federal Contract Tower,0,6,3,0,9,0,0,0,13,13,0,6,3,13,22,0,0,0,22
04/24/2022,GRI,NE,ACE,CE,Federal Contract Tower,2,6,12,0,20,0,2,1,0,3,2,8,13,0,23,0,0,0,23
04/25/2022,GRI,NE,ACE,CE,Federal Contract Tower,0,6,9,0,15,0,0,2,0,2,0,6,11,0,17,0,0,0,17
04/26/2022,GRI,NE,ACE,CE,Federal Contract Tower,0,9,8,0,17,0,0,17,2,19,0,9,25,2,36,4,8,12,48
04/27/2022,GRI,NE,ACE,CE,Federal Contract Tower,2,8,8,0,18,0,0,24,10,34,2,8,32,10,52,14,4,18,70
04/28/2022,GRI,NE,ACE,CE,Federal Contract Tower,2,11,4,1,18,0,0,16,5,21,2,11,20,6,39,10,6,16,55
04/29/2022,GRI,NE,ACE,CE,Federal Contract Tower,0,8,9,0,17,0,0,1,2,3,0,8,10,2,20,0,0,0,20
04/30/2022,GRI,NE,ACE,CE,Federal Contract Tower,2,5,1,0,8,0,0,0,0,0,2,5,1,0,8,0,0,0,8
05/01/2022,GRI,NE,ACE,CE,Federal Contract Tower,2,3,9,0,14,0,0,9,0,9,2,3,18,0,23,8,0,8,31
05/02/2022,GRI,NE,ACE,CE,Federal Contract Tower,0,4,3,0,7,0,0,0,0,0,0,4,3,0,7,0,0,0,7
05/03/2022,GRI,NE,ACE,CE,Federal Contract Tower,0,12,5,2,19,0,0,10,0,10,0,12,15,2,29,72,0,72,101
05/04/2022,GRI,NE,ACE,CE,Federal Contract Tower,2,8,4,5,19,0,0,1,3,4,2,8,5,8,23,0,4,4,27
05/05/2022,GRI,NE,ACE,CE,Federal Contract Tower,2,12,4,0,18,0,0,0,0,0,2,12,4,0,18,0,0,0,18
05/06/2022,GRI,NE,ACE,CE,Federal Contract Tower,0,11,3,2,16,0,0,7,0,7,0,11,10,2,23,8,0,8,31
05/07/2022,GRI,NE,ACE,CE,Federal Contract Tower,2,7,5,0,14,0,0,1,0,1,2,7,6,0,15,0,0,0,15
05/08/2022,GRI,NE,ACE,CE,Federal Contract Tower,0,8,6,0,14,0,0,7,0,7,0,8,13,0,21,0,0,0,21
05/09/2022,GRI,NE,ACE,CE,Federal Contract Tower,0,6,7,0,13,0,0,13,0,13,0,6,20,0,26,32,0,32,58
05/10/2022,GRI,NE,ACE,CE,Federal Contract Tower,0,10,5,0,15,0,0,9,10,19,0,10,14,10,34,14,0,14,48
05/11/2022,GRI,NE,ACE,CE,Federal Contract Tower,2,12,7,7,28,0,0,6,9,15,2,12,13,16,43,8,30,38,81
05/12/2022,GRI,NE,ACE,CE,Federal Contract Tower,3,10,4,0,17,0,0,0,0,0,3,10,4,0,17,0,0,0,17
05/13/2022,GRI,NE,ACE,CE,Federal Contract Tower,0,10,7,1,18,0,2,11,1,14,0,12,18,2,32,6,0,6,38
05/14/2022,GRI,NE,ACE,CE,Federal Contract Tower,4,10,1,0,15,0,0,9,0,9,4,10,10,0,24,8,0,8,32
05/15/2022,GRI,NE,ACE,CE,Federal Contract Tower,2,7,3,0,12,0,2,8,0,10,2,9,11,0,22,28,0,28,50
05/16/2022,GRI,NE,ACE,CE,Federal Contract Tower,2,6,4,0,12,0,2,8,0,10,2,8,12,0,22,52,0,52,74
05/17/2022,GRI,NE,ACE,CE,Federal Contract Tower,0,13,6,0,19,0,0,3,9,12,0,13,9,9,31,20,22,42,73
05/18/2022,GRI,NE,ACE,CE,Federal Contract Tower,4,11,3,1,19,0,2,14,2,18,4,13,17,3,37,50,12,62,99
05/19/2022,GRI,NE,ACE,CE,Federal Contract Tower,2,12,3,0,17,0,0,3,2,5,2,12,6,2,22,0,0,0,22
05/20/2022,GRI,NE,ACE,CE,Federal Contract Tower,0,9,7,0,16,0,4,18,0,22,0,13,25,0,38,14,0,14,52
05/21/2022,GRI,NE,ACE,CE,Federal Contract Tower,0,7,4,0,11,0,0,5,0,5,0,7,9,0,16,0,0,0,16
05/22/2022,GRI,NE,ACE,CE,Federal Contract Tower,1,5,4,0,10,0,0,0,0,0,1,5,4,0,10,0,32,32,42
05/23/2022,GRI,NE,ACE,CE,Federal Contract Tower,0,7,4,1,12,0,1,4,0,5,0,8,8,1,17,16,0,16,33
05/24/2022,GRI,NE,ACE,CE,Federal Contract Tower,1,12,3,0,16,0,0,0,0,0,1,12,3,0,16,0,0,0,16
05/25/2022,GRI,NE,ACE,CE,Federal Contract Tower,4,9,4,4,21,0,0,0,0,0,4,9,4,4,21,0,0,0,21
05/26/2022,GRI,NE,ACE,CE,Federal Contract Tower,0,12,8,2,22,0,2,16,7,25,0,14,24,9,47,12,14,26,73
05/27/2022,GRI,NE,ACE,CE,Federal Contract Tower,0,8,2,0,10,0,0,30,0,30,0,8,32,0,40,34,0,34,74
05/28/2022,GRI,NE,ACE,CE,Federal Contract Tower,0,8,3,0,11,0,0,17,0,17,0,8,20,0,28,14,0,14,42
05/29/2022,GRI,NE,ACE,CE,Federal Contract Tower,0,3,4,0,7,0,0,9,0,9,0,3,13,0,16,6,0,6,22
05/30/2022,GRI,NE,ACE,CE,Federal Contract Tower,0,1,0,0,1,0,0,0,0,0,0,1,0,0,1,0,0,0,1
05/31/2022,GRI,NE,ACE,CE,Federal Contract Tower,0,9,6,2,17,0,1,9,0,10,0,10,15,2,27,40,4,44,71
06/01/2022,GRI,NE,ACE,CE,Federal Contract Tower,0,11,11,3,25,0,0,7,3,10,0,11,18,6,35,20,4,24,59
06/02/2022,GRI,NE,ACE,CE,Federal Contract Tower,6,13,5,1,25,0,0,15,4,19,6,13,20,5,44,24,0,24,68
06/03/2022,GRI,NE,ACE,CE,Federal Contract Tower,2,8,4,0,14,0,0,45,3,48,2,8,49,3,62,12,34,46,108
06/04/2022,GRI,NE,ACE,CE,Federal Contract Tower,0,6,5,0,11,0,0,15,7,22,0,6,20,7,33,2,20,22,55
06/05/2022,GRI,NE,ACE,CE,Federal Contract Tower,2,2,0,0,4,0,0,3,2,5,2,2,3,2,9,0,12,12,21
06/06/2022,GRI,NE,ACE,CE,Federal Contract Tower,2,5,6,1,14,0,0,0,0,0,2,5,6,1,14,14,0,14,28
06/07/2022,GRI,NE,ACE,CE,Federal Contract Tower,2,9,7,0,18,0,0,5,10,15,2,9,12,10,33,6,6,12,45
06/08/2022,GRI,NE,ACE,CE,Federal Contract Tower,0,8,4,0,12,0,0,22,2,24,0,8,26,2,36,36,82,118,154
06/09/2022,GRI,NE,ACE,CE,Federal Contract Tower,2,8,8,0,18,0,0,5,7,12,2,8,13,7,30,10,10,20,50
06/10/2022,GRI,NE,ACE,CE,Federal Contract Tower,2,9,4,0,15,0,0,21,7,28,2,9,25,7,43,62,0,62,105
06/11/2022,GRI,NE,ACE,CE,Federal Contract Tower,2,4,4,0,10,0,2,20,3,25,2,6,24,3,35,4,0,4,39
06/12/2022,GRI,NE,ACE,CE,Federal Contract Tower,2,3,9,0,14,0,0,5,1,6,2,3,14,1,20,0,0,0,20
06/13/2022,GRI,NE,ACE,CE,Federal Contract Tower,2,5,1,0,8,0,0,2,0,2,2,5,3,0,10,0,0,0,10
06/14/2022,GRI,NE,ACE,CE,Federal Contract Tower,0,7,4,0,11,0,0,3,1,4,0,7,7,1,15,0,0,0,15
06/15/2022,GRI,NE,ACE,CE,Federal Contract Tower,1,8,5,0,14,0,0,9,6,15,1,8,14,6,29,10,0,10,39
06/16/2022,GRI,NE,ACE,CE,Federal Contract Tower,0,9,7,0,16,0,0,12,4,16,0,9,19,4,32,0,12,12,44
06/17/2022,GRI,NE,ACE,CE,Federal Contract Tower,2,13,5,0,20,0,0,17,2,19,2,13,22,2,39,6,0,6,45
06/18/2022,GRI,NE,ACE,CE,Federal Contract Tower,0,6,3,0,9,0,0,8,0,8,0,6,11,0,17,4,0,4,21
06/19/2022,GRI,NE,ACE,CE,Federal Contract Tower,2,2,4,0,8,0,0,3,0,3,2,2,7,0,11,0,0,0,11
06/20/2022,GRI,NE,ACE,CE,Federal Contract Tower,2,5,4,0,11,0,0,3,0,3,2,5,7,0,14,0,0,0,14
06/21/2022,GRI,NE,ACE,CE,Federal Contract Tower,0,10,13,0,23,0,0,16,0,16,0,10,29,0,39,0,0,0,39
06/22/2022,GRI,NE,ACE,CE,Federal Contract Tower,0,11,6,0,17,0,0,15,2,17,0,11,21,2,34,2,0,2,36
06/23/2022,GRI,NE,ACE,CE,Federal Contract Tower,0,9,14,0,23,0,0,6,2,8,0,9,20,2,31,6,0,6,37
06/24/2022,GRI,NE,ACE,CE,Federal Contract Tower,2,9,5,0,16,0,0,12,0,12,2,9,17,0,28,0,0,0,28
06/25/2022,GRI,NE,ACE,CE,Federal Contract Tower,0,11,10,0,21,0,0,7,0,7,0,11,17,0,28,2,0,2,30
06/26/2022,GRI,NE,ACE,CE,Federal Contract Tower,2,4,8,0,14,0,0,6,0,6,2,4,14,0,20,14,0,14,34
06/27/2022,GRI,NE,ACE,CE,Federal Contract Tower,2,6,7,0,15,0,0,11,0,11,2,6,18,0,26,16,0,16,42
06/28/2022,GRI,NE,ACE,CE,Federal Contract Tower,0,8,6,0,14,0,0,22,0,22,0,8,28,0,36,14,0,14,50
06/29/2022,GRI,NE,ACE,CE,Federal Contract Tower,0,10,12,4,26,0,0,3,11,14,0,10,15,15,40,0,0,0,40
06/30/2022,GRI,NE,ACE,CE,Federal Contract Tower,0,18,6,0,24,0,0,13,0,13,0,18,19,0,37,0,0,0,37
07/01/2022,GRI,NE,ACE,CE,Federal Contract Tower,2,13,8,0,23,0,0,21,0,21,2,13,29,0,44,10,0,10,54
07/02/2022,GRI,NE,ACE,CE,Federal Contract Tower,0,8,7,2,17,0,0,6,0,6,0,8,13,2,23,12,12,24,47
07/03/2022,GRI,NE,ACE,CE,Federal Contract Tower,1,2,2,1,6,0,0,2,0,2,1,2,4,1,8,0,0,0,8
07/04/2022,GRI,NE,ACE,CE,Federal Contract Tower,2,2,0,0,4,0,0,0,0,0,2,2,0,0,4,0,0,0,4
07/05/2022,GRI,NE,ACE,CE,Federal Contract Tower,0,9,0,0,9,0,0,6,0,6,0,9,6,0,15,0,0,0,15
07/06/2022,GRI,NE,ACE,CE,Federal Contract Tower,0,9,4,0,13,0,0,4,0,4,0,9,8,0,17,0,0,0,17
07/07/2022,GRI,NE,ACE,CE,Federal Contract Tower,0,11,9,0,20,0,0,1,0,1,0,11,10,0,21,0,0,0,21
07/08/2022,GRI,NE,ACE,CE,Federal Contract Tower,2,9,7,0,18,0,0,3,0,3,2,9,10,0,21,0,0,0,21
07/09/2022,GRI,NE,ACE,CE,Federal Contract Tower,0,7,3,0,10,0,0,27,3,30,0,7,30,3,40,4,0,4,44
07/10/2022,GRI,NE,ACE,CE,Federal Contract Tower,2,4,2,0,8,0,0,5,0,5,2,4,7,0,13,0,0,0,13
07/11/2022,GRI,NE,ACE,CE,Federal Contract Tower,2,7,3,0,12,0,0,14,0,14,2,7,17,0,26,0,0,0,26
07/12/2022,GRI,NE,ACE,CE,Federal Contract Tower,0,13,5,0,18,0,0,26,0,26,0,13,31,0,44,22,0,22,66
07/13/2022,GRI,NE,ACE,CE,Federal Contract Tower,2,12,4,0,18,0,0,20,0,20,2,12,24,0,38,0,0,0,38
07/14/2022,GRI,NE,ACE,CE,Federal Contract Tower,0,15,8,0,23,0,0,10,0,10,0,15,18,0,33,0,0,0,33
07/15/2022,GRI,NE,ACE,CE,Federal Contract Tower,0,11,3,0,14,0,0,15,1,16,0,11,18,1,30,24,4,28,58
07/16/2022,GRI,NE,ACE,CE,Federal Contract Tower,0,6,3,0,9,0,0,3,4,7,0,6,6,4,16,0,0,0,16
07/17/2022,GRI,NE,ACE,CE,Federal Contract Tower,4,5,7,0,16,0,0,26,0,26,4,5,33,0,42,6,0,6,48
07/18/2022,GRI,NE,ACE,CE,Federal Contract Tower,2,8,4,0,14,0,0,9,0,9,2,8,13,0,23,8,0,8,31
07/19/2022,GRI,NE,ACE,CE,Federal Contract Tower,0,12,12,0,24,0,2,3,0,5,0,14,15,0,29,0,0,0,29
07/20/2022,GRI,NE,ACE,CE,Federal Contract Tower,0,12,11,1,24,0,2,19,3,24,0,14,30,4,48,6,0,6,54
07/21/2022,GRI,NE,ACE,CE,Federal Contract Tower,2,15,11,0,28,0,0,12,0,12,2,15,23,0,40,0,0,0,40
07/22/2022,GRI,NE,ACE,CE,Federal Contract Tower,3,13,8,0,24,0,0,7,0,7,3,13,15,0,31,6,0,6,37
07/23/2022,GRI,NE,ACE,CE,Federal Contract Tower,0,10,1,0,11,0,0,13,0,13,0,10,14,0,24,0,0,0,24
07/24/2022,GRI,NE,ACE,CE,Federal Contract Tower,2,6,3,0,11,0,0,21,0,21,2,6,24,0,32,0,14,14,46
07/25/2022,GRI,NE,ACE,CE,Federal Contract Tower,2,9,7,0,18,0,0,0,0,0,2,9,7,0,18,0,0,0,18
07/26/2022,GRI,NE,ACE,CE,Federal Contract Tower,0,11,7,2,20,0,0,5,0,5,0,11,12,2,25,2,12,14,39
07/27/2022,GRI,NE,ACE,CE,Federal Contract Tower,0,11,3,0,14,0,1,11,10,22,0,12,14,10,36,2,0,2,38
07/28/2022,GRI,NE,ACE,CE,Federal Contract Tower,0,13,9,0,22,0,0,14,2,16,0,13,23,2,38,0,0,0,38
07/29/2022,GRI,NE,ACE,CE,Federal Contract Tower,0,14,3,2,19,0,0,14,0,14,0,14,17,2,33,18,0,18,51
07/30/2022,GRI,NE,ACE,CE,Federal Contract Tower,0,6,10,0,16,0,0,17,0,17,0,6,27,0,33,6,0,6,39
07/31/2022,GRI,NE,ACE,CE,Federal Contract Tower,1,4,6,0,11,0,0,11,2,13,1,4,17,2,24,4,0,4,28
08/01/2022,GRI,NE,ACE,CE,Federal Contract Tower,2,7,3,0,12,0,0,19,3,22,2,7,22,3,34,14,0,14,48
08/02/2022,GRI,NE,ACE,CE,Federal Contract Tower,0,12,3,0,15,0,0,1,0,1,0,12,4,0,16,0,0,0,16
08/03/2022,GRI,NE,ACE,CE,Federal Contract Tower,0,10,6,0,16,0,0,25,0,25,0,10,31,0,41,16,0,16,57
08/04/2022,GRI,NE,ACE,CE,Federal Contract Tower,0,18,8,2,28,0,0,11,4,15,0,18,19,6,43,0,4,4,47
08/05/2022,GRI,NE,ACE,CE,Federal Contract Tower,2,14,10,0,26,0,0,16,0,16,2,14,26,0,42,10,0,10,52
08/06/2022,GRI,NE,ACE,CE,Federal Contract Tower,0,7,6,0,13,0,0,2,8,10,0,7,8,8,23,0,0,0,23
08/07/2022,GRI,NE,ACE,CE,Federal Contract Tower,2,6,5,0,13,0,0,3,0,3,2,6,8,0,16,0,0,0,16
08/08/2022,GRI,NE,ACE,CE,Federal Contract Tower,2,9,12,1,24,0,0,4,0,4,2,9,16,1,28,14,0,14,42
08/09/2022,GRI,NE,ACE,CE,Federal Contract Tower,2,15,7,0,24,0,0,24,0,24,2,15,31,0,48,8,0,8,56
08/10/2022,GRI,NE,ACE,CE,Federal Contract Tower,2,13,10,0,25,0,0,15,12,27,2,13,25,12,52,16,0,16,68
08/11/2022,GRI,NE,ACE,CE,Federal Contract Tower,2,12,7,2,23,0,0,18,3,21,2,12,25,5,44,10,2,12,56
08/12/2022,GRI,NE,ACE,CE,Federal Contract Tower,6,12,9,0,27,0,0,15,0,15,6,12,24,0,42,12,0,12,54
08/13/2022,GRI,NE,ACE,CE,Federal Contract Tower,0,10,6,2,18,0,0,15,0,15,0,10,21,2,33,0,0,0,33
08/14/2022,GRI,NE,ACE,CE,Federal Contract Tower,0,5,6,0,11,0,0,13,0,13,0,5,19,0,24,4,0,4,28
08/15/2022,GRI,NE,ACE,CE,Federal Contract Tower,2,10,6,0,18,0,0,1,0,1,2,10,7,0,19,0,0,0,19
08/16/2022,GRI,NE,ACE,CE,Federal Contract Tower,2,10,10,0,22,0,0,0,0,0,2,10,10,0,22,0,0,0,22
08/17/2022,GRI,NE,ACE,CE,Federal Contract Tower,4,15,13,0,32,0,0,22,10,32,4,15,35,10,64,16,0,16,80
08/18/2022,GRI,NE,ACE,CE,Federal Contract Tower,3,13,10,0,26,0,0,19,5,24,3,13,29,5,50,6,4,10,60
08/19/2022,GRI,NE,ACE,CE,Federal Contract Tower,2,12,4,0,18,0,0,20,8,28,2,12,24,8,46,8,2,10,56
08/20/2022,GRI,NE,ACE,CE,Federal Contract Tower,3,6,8,0,17,0,0,8,4,12,3,6,16,4,29,4,0,4,33
08/21/2022,GRI,NE,ACE,CE,Federal Contract Tower,9,0,2,0,11,0,0,12,0,12,9,0,14,0,23,0,0,0,23
08/22/2022,GRI,NE,ACE,CE,Federal Contract Tower,7,6,11,2,26,0,0,15,6,21,7,6,26,8,47,16,0,16,63
08/23/2022,GRI,NE,ACE,CE,Federal Contract Tower,6,9,7,3,25,0,0,9,0,9,6,9,16,3,34,8,0,8,42
08/24/2022,GRI,NE,ACE,CE,Federal Contract Tower,4,14,20,2,40,0,0,7,0,7,4,14,27,2,47,2,0,2,49
08/25/2022,GRI,NE,ACE,CE,Federal Contract Tower,6,12,9,2,29,0,0,5,7,12,6,12,14,9,41,0,0,0,41
08/26/2022,GRI,NE,ACE,CE,Federal Contract Tower,4,9,8,2,23,0,0,9,1,10,4,9,17,3,33,0,0,0,33
08/27/2022,GRI,NE,ACE,CE,Federal Contract Tower,3,6,3,0,12,0,0,0,0,0,3,6,3,0,12,0,0,0,12
08/28/2022,GRI,NE,ACE,CE,Federal Contract Tower,6,2,5,0,13,0,2,3,0,5,6,4,8,0,18,0,0,0,18
08/29/2022,GRI,NE,ACE,CE,Federal Contract Tower,4,7,8,0,19,0,0,13,0,13,4,7,21,0,32,4,0,4,36
08/30/2022,GRI,NE,ACE,CE,Federal Contract Tower,6,8,2,1,17,0,0,15,0,15,6,8,17,1,32,14,0,14,46
08/31/2022,GRI,NE,ACE,CE,Federal Contract Tower,4,15,11,0,30,0,0,9,0,9,4,15,20,0,39,2,0,2,41
09/01/2022,GRI,NE,ACE,CE,Federal Contract Tower,2,16,7,0,25,0,0,12,0,12,2,16,19,0,37,2,0,2,39
09/03/2022,GRI,NE,ACE,CE,Federal Contract Tower,7,10,2,0,19,0,0,14,0,14,7,10,16,0,33,14,0,14,47
09/04/2022,GRI,NE,ACE,CE,Federal Contract Tower,5,0,1,0,6,0,0,13,0,13,5,0,14,0,19,4,0,4,23
09/05/2022,GRI,NE,ACE,CE,Federal Contract Tower,3,8,5,0,16,0,0,4,0,4,3,8,9,0,20,0,0,0,20
09/06/2022,GRI,NE,ACE,CE,Federal Contract Tower,4,9,9,0,22,0,0,10,0,10,4,9,19,0,32,6,0,6,38
09/07/2022,GRI,NE,ACE,CE,Federal Contract Tower,4,17,9,0,30,0,0,22,6,28,4,17,31,6,58,8,0,8,66
09/08/2022,GRI,NE,ACE,CE,Federal Contract Tower,7,11,8,0,26,0,0,8,6,14,7,11,16,6,40,0,0,0,40
09/09/2022,GRI,NE,ACE,CE,Federal Contract Tower,6,10,4,1,21,0,0,4,0,4,6,10,8,1,25,6,0,6,31
09/10/2022,GRI,NE,ACE,CE,Federal Contract Tower,4,4,6,0,14,0,0,2,2,4,4,4,8,2,18,0,14,14,32
09/11/2022,GRI,NE,ACE,CE,Federal Contract Tower,2,0,4,0,6,0,0,7,8,15,2,0,11,8,21,0,0,0,21
09/12/2022,GRI,NE,ACE,CE,Federal Contract Tower,6,7,14,3,30,0,0,11,7,18,6,7,25,10,48,0,16,16,64
09/13/2022,GRI,NE,ACE,CE,Federal Contract Tower,3,18,16,0,37,0,0,14,4,18,3,18,30,4,55,4,0,4,59
09/14/2022,GRI,NE,ACE,CE,Federal Contract Tower,7,10,17,0,34,0,0,24,3,27,7,10,41,3,61,6,0,6,67
09/15/2022,GRI,NE,ACE,CE,Federal Contract Tower,8,9,14,4,35,0,0,6,4,10,8,9,20,8,45,0,0,0,45
09/16/2022,GRI,NE,ACE,CE,Federal Contract Tower,4,15,10,4,33,0,0,23,6,29,4,15,33,10,62,20,12,32,94
09/17/2022,GRI,NE,ACE,CE,Federal Contract Tower,2,6,3,0,11,0,0,7,2,9,2,6,10,2,20,2,0,2,22
09/18/2022,GRI,NE,ACE,CE,Federal Contract Tower,4,4,1,2,11,0,0,3,0,3,4,4,4,2,14,0,0,0,14
09/19/2022,GRI,NE,ACE,CE,Federal Contract Tower,8,7,8,0,23,0,0,2,2,4,8,7,10,2,27,0,6,6,33
09/20/2022,GRI,NE,ACE,CE,Federal Contract Tower,2,9,12,1,24,0,0,12,6,18,2,9,24,7,42,36,2,38,80
09/21/2022,GRI,NE,ACE,CE,Federal Contract Tower,6,5,8,0,19,0,0,4,3,7,6,5,12,3,26,0,0,0,26
09/22/2022,GRI,NE,ACE,CE,Federal Contract Tower,7,14,8,2,31,0,0,6,6,12,7,14,14,8,43,0,0,0,43
09/23/2022,GRI,NE,ACE,CE,Federal Contract Tower,5,11,10,2,28,0,2,8,2,12,5,13,18,4,40,0,0,0,40
09/24/2022,GRI,NE,ACE,CE,Federal Contract Tower,2,6,4,0,12,0,0,23,0,23,2,6,27,0,35,0,0,0,35
09/25/2022,GRI,NE,ACE,CE,Federal Contract Tower,4,2,8,0,14,0,0,7,0,7,4,2,15,0,21,0,0,0,21
09/26/2022,GRI,NE,ACE,CE,Federal Contract Tower,8,5,3,0,16,0,0,8,2,10,8,5,11,2,26,0,0,0,26
09/27/2022,GRI,NE,ACE,CE,Federal Contract Tower,2,9,11,0,22,0,2,11,2,15,2,11,22,2,37,12,0,12,49
09/28/2022,GRI,NE,ACE,CE,Federal Contract Tower,2,16,9,2,29,0,0,9,10,19,2,16,18,12,48,6,28,34,82
09/29/2022,GRI,NE,ACE,CE,Federal Contract Tower,4,11,6,0,21,0,0,16,6,22,4,11,22,6,43,0,10,10,53
09/30/2022,GRI,NE,ACE,CE,Federal Contract Tower,4,5,8,0,17,0,0,10,2,12,4,5,18,2,29,0,0,0,29
10/01/2022,GRI,NE,ACE,CE,Federal Contract Tower,2,5,2,0,9,0,0,8,0,8,2,5,10,0,17,0,0,0,17
10/02/2022,GRI,NE,ACE,CE,Federal Contract Tower,5,3,3,0,11,0,0,24,0,24,5,3,27,0,35,18,0,18,53
10/03/2022,GRI,NE,ACE,CE,Federal Contract Tower,4,5,13,0,22,0,0,9,2,11,4,5,22,2,33,0,0,0,33
10/04/2022,GRI,NE,ACE,CE,Federal Contract Tower,1,9,6,0,16,0,0,6,4,10,1,9,12,4,26,0,0,0,26
10/05/2022,GRI,NE,ACE,CE,Federal Contract Tower,2,11,5,1,19,0,0,12,5,17,2,11,17,6,36,4,8,12,48
10/06/2022,GRI,NE,ACE,CE,Federal Contract Tower,2,7,11,6,26,0,0,1,1,2,2,7,12,7,28,0,0,0,28
10/07/2022,GRI,NE,ACE,CE,Federal Contract Tower,4,7,5,0,16,0,0,23,0,23,4,7,28,0,39,10,0,10,49
10/08/2022,GRI,NE,ACE,CE,Federal Contract Tower,3,6,4,0,13,0,0,13,0,13,3,6,17,0,26,12,0,12,38
10/09/2022,GRI,NE,ACE,CE,Federal Contract Tower,2,0,6,0,8,0,2,36,0,38,2,2,42,0,46,18,0,18,64
10/10/2022,GRI,NE,ACE,CE,Federal Contract Tower,4,3,4,5,16,0,0,26,3,29,4,3,30,8,45,10,0,10,55
10/11/2022,GRI,NE,ACE,CE,Federal Contract Tower,6,5,7,0,18,0,0,6,0,6,6,5,13,0,24,0,0,0,24
10/12/2022,GRI,NE,ACE,CE,Federal Contract Tower,4,8,10,0,22,0,0,3,5,8,4,8,13,5,30,0,2,2,32
10/13/2022,GRI,NE,ACE,CE,Federal Contract Tower,4,7,12,0,23,0,0,6,3,9,4,7,18,3,32,0,0,0,32
10/14/2022,GRI,NE,ACE,CE,Federal Contract Tower,8,8,3,4,23,0,0,6,4,10,8,8,9,8,33,0,14,14,47
10/15/2022,GRI,NE,ACE,CE,Federal Contract Tower,2,5,4,0,11,0,0,9,6,15,2,5,13,6,26,0,2,2,28
10/16/2022,GRI,NE,ACE,CE,Federal Contract Tower,2,4,3,0,9,0,0,0,0,0,2,4,3,0,9,0,0,0,9
10/17/2022,GRI,NE,ACE,CE,Federal Contract Tower,4,8,9,1,22,0,0,15,2,17,4,8,24,3,39,8,4,12,51
10/18/2022,GRI,NE,ACE,CE,Federal Contract Tower,5,5,4,0,14,0,0,18,3,21,5,5,22,3,35,6,22,28,63
10/19/2022,GRI,NE,ACE,CE,Federal Contract Tower,2,7,11,1,21,0,1,25,11,37,2,8,36,12,58,14,0,14,72
10/20/2022,GRI,NE,ACE,CE,Federal Contract Tower,4,10,14,1,29,0,0,22,2,24,4,10,36,3,53,0,0,0,53
10/21/2022,GRI,NE,ACE,CE,Federal Contract Tower,6,7,4,0,17,0,0,20,0,20,6,7,24,0,37,34,0,34,71
10/22/2022,GRI,NE,ACE,CE,Federal Contract Tower,2,5,3,0,10,0,0,33,2,35,2,5,36,2,45,64,16,80,125
10/23/2022,GRI,NE,ACE,CE,Federal Contract Tower,2,1,5,0,8,0,0,4,0,4,2,1,9,0,12,0,0,0,12
10/24/2022,GRI,NE,ACE,CE,Federal Contract Tower,4,6,6,0,16,0,0,12,2,14,4,6,18,2,30,0,0,0,30
10/25/2022,GRI,NE,ACE,CE,Federal Contract Tower,3,9,9,0,21,0,0,10,0,10,3,9,19,0,31,26,0,26,57
10/26/2022,GRI,NE,ACE,CE,Federal Contract Tower,2,13,6,2,23,0,0,15,8,23,2,13,21,10,46,4,44,48,94
10/27/2022,GRI,NE,ACE,CE,Federal Contract Tower,5,8,6,0,19,0,0,5,2,7,5,8,11,2,26,0,0,0,26
10/28/2022,GRI,NE,ACE,CE,Federal Contract Tower,7,7,2,0,16,0,0,5,2,7,7,7,7,2,23,0,0,0,23
10/29/2022,GRI,NE,ACE,CE,Federal Contract Tower,1,4,2,0,7,0,0,15,3,18,1,4,17,3,25,8,0,8,33
10/30/2022,GRI,NE,ACE,CE,Federal Contract Tower,4,2,0,0,6,0,0,21,0,21,4,2,21,0,27,26,0,26,53
10/31/2022,GRI,NE,ACE,CE,Federal Contract Tower,5,5,2,0,12,0,0,24,0,24,5,5,26,0,36,14,0,14,50
11/01/2022,GRI,NE,ACE,CE,Federal Contract Tower,4,8,8,0,20,0,0,23,2,25,4,8,31,2,45,0,2,2,47
11/02/2022,GRI,NE,ACE,CE,Federal Contract Tower,2,9,5,0,16,0,0,7,2,9,2,9,12,2,25,0,0,0,25
11/03/2022,GRI,NE,ACE,CE,Federal Contract Tower,6,11,8,3,28,0,0,6,3,9,6,11,14,6,37,0,0,0,37
11/04/2022,GRI,NE,ACE,CE,Federal Contract Tower,5,7,4,0,16,0,0,3,9,12,5,7,7,9,28,0,2,2,30
11/05/2022,GRI,NE,ACE,CE,Federal Contract Tower,3,5,3,0,11,0,0,10,7,17,3,5,13,7,28,0,10,10,38
11/06/2022,GRI,NE,ACE,CE,Federal Contract Tower,5,0,2,0,7,0,0,5,0,5,5,0,7,0,12,8,0,8,20
11/07/2022,GRI,NE,ACE,CE,Federal Contract Tower,5,9,2,0,16,0,0,8,0,8,5,9,10,0,24,4,0,4,28
11/08/2022,GRI,NE,ACE,CE,Federal Contract Tower,5,5,7,0,17,0,0,2,0,2,5,5,9,0,19,0,0,0,19
11/09/2022,GRI,NE,ACE,CE,Federal Contract Tower,3,7,6,1,17,0,0,4,1,5,3,7,10,2,22,0,0,0,22
11/10/2022,GRI,NE,ACE,CE,Federal Contract Tower,5,10,0,0,15,0,0,3,0,3,5,10,3,0,18,0,0,0,18
11/11/2022,GRI,NE,ACE,CE,Federal Contract Tower,5,8,4,0,17,0,0,6,0,6,5,8,10,0,23,2,0,2,25
11/12/2022,GRI,NE,ACE,CE,Federal Contract Tower,5,4,2,0,11,0,0,7,0,7,5,4,9,0,18,0,0,0,18
11/13/2022,GRI,NE,ACE,CE,Federal Contract Tower,5,0,4,0,9,0,0,10,0,10,5,0,14,0,19,0,0,0,19
11/14/2022,GRI,NE,ACE,CE,Federal Contract Tower,7,7,2,0,16,0,0,14,0,14,7,7,16,0,30,6,0,6,36
11/15/2022,GRI,NE,ACE,CE,Federal Contract Tower,2,8,6,0,16,0,0,5,0,5,2,8,11,0,21,10,0,10,31
11/16/2022,GRI,NE,ACE,CE,Federal Contract Tower,6,8,3,2,19,0,0,15,10,25,6,8,18,12,44,12,0,12,56
11/17/2022,GRI,NE,ACE,CE,Federal Contract Tower,9,9,6,0,24,0,0,1,9,10,9,9,7,9,34,0,20,20,54
11/18/2022,GRI,NE,ACE,CE,Federal Contract Tower,5,5,4,2,16,0,0,8,6,14,5,5,12,8,30,14,12,26,56
11/19/2022,GRI,NE,ACE,CE,Federal Contract Tower,3,4,4,0,11,0,0,0,0,0,3,4,4,0,11,0,0,0,11
11/20/2022,GRI,NE,ACE,CE,Federal Contract Tower,3,2,4,0,9,0,0,2,0,2,3,2,6,0,11,0,0,0,11
11/21/2022,GRI,NE,ACE,CE,Federal Contract Tower,4,2,4,0,10,0,0,16,0,16,4,2,20,0,26,12,0,12,38
11/22/2022,GRI,NE,ACE,CE,Federal Contract Tower,5,8,13,0,26,0,0,15,6,21,5,8,28,6,47,38,4,42,89
11/24/2022,GRI,NE,ACE,CE,Federal Contract Tower,2,0,0,0,2,0,0,2,0,2,2,0,2,0,4,0,0,0,4
11/25/2022,GRI,NE,ACE,CE,Federal Contract Tower,3,7,2,0,12,0,0,5,0,5,3,7,7,0,17,12,0,12,29
11/26/2022,GRI,NE,ACE,CE,Federal Contract Tower,3,6,3,0,12,0,0,10,0,10,3,6,13,0,22,10,0,10,32
11/27/2022,GRI,NE,ACE,CE,Federal Contract Tower,3,0,9,0,12,0,0,9,0,9,3,0,18,0,21,0,0,0,21
11/28/2022,GRI,NE,ACE,CE,Federal Contract Tower,3,5,6,0,14,0,0,20,0,20,3,5,26,0,34,8,0,8,42
11/29/2022,GRI,NE,ACE,CE,Federal Contract Tower,3,3,4,0,10,0,0,0,0,0,3,3,4,0,10,0,0,0,10
11/30/2022,GRI,NE,ACE,CE,Federal Contract Tower,3,6,4,0,13,0,0,9,8,17,3,6,13,8,30,0,2,2,32
12/01/2022,GRI,NE,ACE,CE,Federal Contract Tower,3,8,7,2,20,0,0,4,12,16,3,8,11,14,36,0,4,4,40
12/02/2022,GRI,NE,ACE,CE,Federal Contract Tower,5,5,2,0,12,0,0,4,4,8,5,5,6,4,20,0,2,2,22
12/03/2022,GRI,NE,ACE,CE,Federal Contract Tower,3,4,4,0,11,0,0,10,10,20,3,4,14,10,31,24,16,40,71
12/04/2022,GRI,NE,ACE,CE,Federal Contract Tower,5,3,3,0,11,0,0,9,0,9,5,3,12,0,20,10,0,10,30
12/05/2022,GRI,NE,ACE,CE,Federal Contract Tower,5,5,3,0,13,0,0,12,0,12,5,5,15,0,25,18,0,18,43
12/06/2022,GRI,NE,ACE,CE,Federal Contract Tower,3,10,7,0,20,0,1,6,0,7,3,11,13,0,27,2,0,2,29
12/08/2022,GRI,NE,ACE,CE,Federal Contract Tower,3,4,3,0,10,0,0,0,0,0,3,4,3,0,10,0,0,0,10
12/09/2022,GRI,NE,ACE,CE,Federal Contract Tower,8,10,5,0,23,0,0,2,0,2,8,10,7,0,25,2,0,2,27
12/10/2022,GRI,NE,ACE,CE,Federal Contract Tower,3,4,3,0,10,0,0,5,0,5,3,4,8,0,15,8,0,8,23
12/11/2022,GRI,NE,ACE,CE,Federal Contract Tower,4,0,4,0,8,0,0,12,0,12,4,0,16,0,20,0,0,0,20
12/12/2022,GRI,NE,ACE,CE,Federal Contract Tower,4,4,1,0,9,0,0,0,0,0,4,4,1,0,9,0,0,0,9
12/13/2022,GRI,NE,ACE,CE,Federal Contract Tower,5,11,5,0,21,0,0,2,0,2,5,11,7,0,23,4,0,4,27
12/14/2022,GRI,NE,ACE,CE,Federal Contract Tower,3,9,4,0,16,0,0,0,4,4,3,9,4,4,20,0,0,0,20
12/15/2022,GRI,NE,ACE,CE,Federal Contract Tower,4,6,3,0,13,0,1,0,0,1,4,7,3,0,14,0,0,0,14
12/16/2022,GRI,NE,ACE,CE,Federal Contract Tower,4,8,3,0,15,0,0,0,0,0,4,8,3,0,15,0,0,0,15
12/17/2022,GRI,NE,ACE,CE,Federal Contract Tower,2,6,4,0,12,0,0,6,0,6,2,6,10,0,18,12,0,12,30
12/18/2022,GRI,NE,ACE,CE,Federal Contract Tower,2,1,8,0,11,0,0,7,0,7,2,1,15,0,18,0,0,0,18
12/19/2022,GRI,NE,ACE,CE,Federal Contract Tower,4,3,3,0,10,0,0,2,0,2,4,3,5,0,12,0,0,0,12
12/20/2022,GRI,NE,ACE,CE,Federal Contract Tower,2,10,4,0,16,0,0,18,13,31,2,10,22,13,47,10,6,16,63
12/21/2022,GRI,NE,ACE,CE,Federal Contract Tower,2,3,1,0,6,0,0,0,0,0,2,3,1,0,6,0,0,0,6
12/22/2022,GRI,NE,ACE,CE,Federal Contract Tower,2,2,3,0,7,0,0,0,0,0,2,2,3,0,7,0,0,0,7
12/23/2022,GRI,NE,ACE,CE,Federal Contract Tower,3,5,6,0,14,0,0,0,0,0,3,5,6,0,14,0,0,0,14
12/24/2022,GRI,NE,ACE,CE,Federal Contract Tower,3,5,2,0,10,0,0,5,0,5,3,5,7,0,15,0,0,0,15
12/25/2022,GRI,NE,ACE,CE,Federal Contract Tower,4,0,2,0,6,0,0,0,0,0,4,0,2,0,6,0,0,0,6
12/26/2022,GRI,NE,ACE,CE,Federal Contract Tower,4,2,6,0,12,0,0,8,0,8,4,2,14,0,20,0,0,0,20
12/27/2022,GRI,NE,ACE,CE,Federal Contract Tower,4,5,8,0,17,0,2,14,0,16,4,7,22,0,33,12,0,12,45
12/28/2022,GRI,NE,ACE,CE,Federal Contract Tower,4,6,7,0,17,0,1,22,5,28,4,7,29,5,45,4,0,4,49
12/29/2022,GRI,NE,ACE,CE,Federal Contract Tower,4,4,3,0,11,0,0,1,0,1,4,4,4,0,12,0,0,0,12
12/30/2022,GRI,NE,ACE,CE,Federal Contract Tower,2,11,1,0,14,0,0,5,0,5,2,11,6,0,19,0,0,0,19
12/31/2022,GRI,NE,ACE,CE,Federal Contract Tower,3,6,1,2,12,0,0,6,0,6,3,6,7,2,18,16,0,16,34
01/01/2023,GRI,NE,ACE,CE,Federal Contract Tower,3,0,0,0,3,0,0,8,0,8,3,0,8,0,11,14,0,14,25
01/02/2023,GRI,NE,ACE,CE,Federal Contract Tower,5,0,0,0,5,0,0,0,0,0,5,0,0,0,5,0,0,0,5
01/03/2023,GRI,NE,ACE,CE,Federal Contract Tower,5,3,3,0,11,0,0,0,0,0,5,3,3,0,11,0,0,0,11
01/04/2023,GRI,NE,ACE,CE,Federal Contract Tower,2,12,4,0,18,0,0,6,4,10,2,12,10,4,28,12,0,12,40
01/05/2023,GRI,NE,ACE,CE,Federal Contract Tower,4,8,4,0,16,0,0,2,8,10,4,8,6,8,26,16,0,16,42
01/06/2023,GRI,NE,ACE,CE,Federal Contract Tower,2,9,7,0,18,0,0,8,0,8,2,9,15,0,26,16,0,16,42
01/07/2023,GRI,NE,ACE,CE,Federal Contract Tower,2,6,1,0,9,0,0,17,3,20,2,6,18,3,29,20,4,24,53
01/08/2023,GRI,NE,ACE,CE,Federal Contract Tower,4,2,7,0,13,0,0,4,2,6,4,2,11,2,19,6,0,6,25
01/09/2023,GRI,NE,ACE,CE,Federal Contract Tower,2,3,8,0,13,0,0,19,0,19,2,3,27,0,32,2,0,2,34
01/10/2023,GRI,NE,ACE,CE,Federal Contract Tower,2,5,4,0,11,0,0,12,5,17,2,5,16,5,28,8,0,8,36
01/11/2023,GRI,NE,ACE,CE,Federal Contract Tower,2,11,5,0,18,0,14,6,0,20,2,25,11,0,38,34,2,36,74
01/12/2023,GRI,NE,ACE,CE,Federal Contract Tower,4,9,3,0,16,0,0,0,7,7,4,9,3,7,23,0,4,4,27
01/13/2023,GRI,NE,ACE,CE,Federal Contract Tower,3,11,4,0,18,0,0,3,0,3,3,11,7,0,21,10,0,10,31
01/14/2023,GRI,NE,ACE,CE,Federal Contract Tower,1,4,1,1,7,0,0,15,1,16,1,4,16,2,23,46,0,46,69
01/15/2023,GRI,NE,ACE,CE,Federal Contract Tower,5,0,4,0,9,0,0,16,0,16,5,0,20,0,25,10,0,10,35
01/16/2023,GRI,NE,ACE,CE,Federal Contract Tower,2,5,4,0,11,0,0,4,0,4,2,5,8,0,15,6,0,6,21
01/17/2023,GRI,NE,ACE,CE,Federal Contract Tower,2,7,7,0,16,0,0,1,0,1,2,7,8,0,17,0,0,0,17
01/18/2023,GRI,NE,ACE,CE,Federal Contract Tower,0,2,0,0,2,0,0,0,0,0,0,2,0,0,2,0,0,0,2
01/19/2023,GRI,NE,ACE,CE,Federal Contract Tower,4,8,15,2,29,0,0,2,0,2,4,8,17,2,31,4,0,4,35
01/20/2023,GRI,NE,ACE,CE,Federal Contract Tower,2,8,11,1,22,0,0,0,0,0,2,8,11,1,22,12,0,12,34
01/21/2023,GRI,NE,ACE,CE,Federal Contract Tower,2,7,4,3,16,0,0,3,2,5,2,7,7,5,21,14,0,14,35
01/22/2023,GRI,NE,ACE,CE,Federal Contract Tower,4,3,5,0,12,0,0,6,0,6,4,3,11,0,18,4,0,4,22
01/23/2023,GRI,NE,ACE,CE,Federal Contract Tower,2,5,3,0,10,0,0,9,0,9,2,5,12,0,19,26,0,26,45
01/24/2023,GRI,NE,ACE,CE,Federal Contract Tower,2,13,6,0,21,0,0,0,4,4,2,13,6,4,25,0,0,0,25
01/25/2023,GRI,NE,ACE,CE,Federal Contract Tower,2,5,3,0,10,0,0,0,0,0,2,5,3,0,10,0,0,0,10
01/26/2023,GRI,NE,ACE,CE,Federal Contract Tower,4,5,5,0,14,0,0,14,9,23,4,5,19,9,37,4,8,12,49
01/27/2023,GRI,NE,ACE,CE,Federal Contract Tower,2,6,1,0,9,0,0,7,0,7,2,6,8,0,16,8,0,8,24
01/28/2023,GRI,NE,ACE,CE,Federal Contract Tower,2,4,2,0,8,0,0,0,0,0,2,4,2,0,8,0,0,0,8
01/29/2023,GRI,NE,ACE,CE,Federal Contract Tower,4,2,5,0,11,0,0,0,0,0,4,2,5,0,11,0,0,0,11
01/30/2023,GRI,NE,ACE,CE,Federal Contract Tower,2,4,6,0,12,0,0,7,0,7,2,4,13,0,19,2,0,2,21
01/31/2023,GRI,NE,ACE,CE,Federal Contract Tower,1,5,2,0,8,0,0,11,0,11,1,5,13,0,19,14,0,14,33
02/01/2023,GRI,NE,ACE,CE,Federal Contract Tower,1,5,9,0,15,0,0,13,8,21,1,5,22,8,36,4,0,4,40
02/02/2023,GRI,NE,ACE,CE,Federal Contract Tower,4,9,3,0,16,0,0,5,7,12,4,9,8,7,28,0,0,0,28
02/03/2023,GRI,NE,ACE,CE,Federal Contract Tower,2,8,9,0,19,0,0,2,1,3,2,8,11,1,22,2,0,2,24
02/04/2023,GRI,NE,ACE,CE,Federal Contract Tower,4,7,4,2,17,0,0,17,7,24,4,7,21,9,41,6,2,8,49
02/05/2023,GRI,NE,ACE,CE,Federal Contract Tower,4,1,10,0,15,0,0,14,0,14,4,1,24,0,29,46,0,46,75
02/06/2023,GRI,NE,ACE,CE,Federal Contract Tower,2,5,4,0,11,0,0,10,4,14,2,5,14,4,25,4,0,4,29
02/07/2023,GRI,NE,ACE,CE,Federal Contract Tower,2,8,4,0,14,0,0,9,1,10,2,8,13,1,24,12,0,12,36
02/08/2023,GRI,NE,ACE,CE,Federal Contract Tower,4,7,8,0,19,0,4,23,8,35,4,11,31,8,54,20,0,20,74
02/09/2023,GRI,NE,ACE,CE,Federal Contract Tower,4,10,5,0,19,0,0,0,0,0,4,10,5,0,19,0,0,0,19
02/10/2023,GRI,NE,ACE,CE,Federal Contract Tower,2,6,10,0,18,0,0,16,2,18,2,6,26,2,36,18,0,18,54
02/11/2023,GRI,NE,ACE,CE,Federal Contract Tower,2,6,3,0,11,0,2,10,2,14,2,8,13,2,25,44,0,44,69
02/12/2023,GRI,NE,ACE,CE,Federal Contract Tower,4,2,2,0,8,0,0,8,0,8,4,2,10,0,16,14,0,14,30
02/13/2023,GRI,NE,ACE,CE,Federal Contract Tower,2,3,5,0,10,0,2,4,0,6,2,5,9,0,16,8,0,8,24
02/14/2023,GRI,NE,ACE,CE,Federal Contract Tower,2,6,4,0,12,0,0,0,0,0,2,6,4,0,12,0,0,0,12
02/15/2023,GRI,NE,ACE,CE,Federal Contract Tower,4,10,3,0,17,0,0,0,0,0,4,10,3,0,17,0,0,0,17
02/16/2023,GRI,NE,ACE,CE,Federal Contract Tower,2,8,2,0,12,0,1,0,5,6,2,9,2,5,18,0,0,0,18
02/17/2023,GRI,NE,ACE,CE,Federal Contract Tower,2,7,9,2,20,0,0,2,4,6,2,7,11,6,26,2,8,10,36
02/18/2023,GRI,NE,ACE,CE,Federal Contract Tower,4,9,5,0,18,0,0,12,0,12,4,9,17,0,30,18,0,18,48
02/19/2023,GRI,NE,ACE,CE,Federal Contract Tower,4,4,0,0,8,0,0,22,0,22,4,4,22,0,30,14,0,14,44
02/20/2023,GRI,NE,ACE,CE,Federal Contract Tower,2,6,7,0,15,0,0,11,0,11,2,6,18,0,26,0,0,0,26
02/21/2023,GRI,NE,ACE,CE,Federal Contract Tower,2,5,13,1,21,0,0,5,0,5,2,5,18,1,26,0,4,4,30
02/22/2023,GRI,NE,ACE,CE,Federal Contract Tower,4,9,6,0,19,0,0,1,0,1,4,9,7,0,20,0,0,0,20
02/23/2023,GRI,NE,ACE,CE,Federal Contract Tower,2,7,9,2,20,0,7,3,1,11,2,14,12,3,31,0,0,0,31
02/24/2023,GRI,NE,ACE,CE,Federal Contract Tower,2,6,5,0,13,0,0,4,0,4,2,6,9,0,17,0,0,0,17
02/25/2023,GRI,NE,ACE,CE,Federal Contract Tower,4,4,4,0,12,0,0,7,0,7,4,4,11,0,19,0,0,0,19
02/26/2023,GRI,NE,ACE,CE,Federal Contract Tower,5,4,3,0,12,0,0,8,0,8,5,4,11,0,20,18,0,18,38
02/27/2023,GRI,NE,ACE,CE,Federal Contract Tower,2,7,11,2,22,1,0,4,5,10,3,7,15,7,32,0,0,0,32
02/28/2023,GRI,NE,ACE,CE,Federal Contract Tower,2,11,5,0,18,0,1,10,2,13,2,12,15,2,31,10,0,10,41
03/01/2023,GRI,NE,ACE,CE,Federal Contract Tower,4,6,5,0,15,0,0,28,6,34,4,6,33,6,49,32,0,32,81
03/02/2023,GRI,NE,ACE,CE,Federal Contract Tower,2,9,5,3,19,0,1,2,6,9,2,10,7,9,28,28,2,30,58
03/03/2023,GRI,NE,ACE,CE,Federal Contract Tower,2,10,4,0,16,0,0,20,0,20,2,10,24,0,36,22,0,22,58
03/04/2023,GRI,NE,ACE,CE,Federal Contract Tower,4,4,0,0,8,0,0,24,4,28,4,4,24,4,36,12,0,12,48
03/05/2023,GRI,NE,ACE,CE,Federal Contract Tower,2,0,1,0,3,0,0,9,2,11,2,0,10,2,14,14,0,14,28
03/06/2023,GRI,NE,ACE,CE,Federal Contract Tower,4,5,11,0,20,0,0,0,0,0,4,5,11,0,20,0,0,0,20
03/07/2023,GRI,NE,ACE,CE,Federal Contract Tower,2,7,3,0,12,0,0,0,2,2,2,7,3,2,14,0,0,0,14
03/08/2023,GRI,NE,ACE,CE,Federal Contract Tower,4,2,10,0,16,0,0,0,2,2,4,2,10,2,18,0,20,20,38
03/09/2023,GRI,NE,ACE,CE,Federal Contract Tower,4,3,2,0,9,0,0,0,0,0,4,3,2,0,9,0,0,0,9
03/10/2023,GRI,NE,ACE,CE,Federal Contract Tower,4,6,5,0,15,0,0,4,5,9,4,6,9,5,24,0,0,0,24
03/11/2023,GRI,NE,ACE,CE,Federal Contract Tower,4,1,2,0,7,0,0,4,0,4,4,1,6,0,11,0,0,0,11
03/12/2023,GRI,NE,ACE,CE,Federal Contract Tower,4,2,1,0,7,0,0,9,0,9,4,2,10,0,16,14,0,14,30
03/13/2023,GRI,NE,ACE,CE,Federal Contract Tower,2,5,5,0,12,0,0,2,0,2,2,5,7,0,14,18,0,18,32
03/14/2023,GRI,NE,ACE,CE,Federal Contract Tower,2,8,8,0,18,0,0,10,0,10,2,8,18,0,28,0,0,0,28
03/15/2023,GRI,NE,ACE,CE,Federal Contract Tower,6,9,3,2,20,0,0,11,5,16,6,9,14,7,36,0,0,0,36
03/16/2023,GRI,NE,ACE,CE,Federal Contract Tower,4,2,4,0,10,0,0,0,0,0,4,2,4,0,10,0,0,0,10
03/17/2023,GRI,NE,ACE,CE,Federal Contract Tower,2,8,10,0,20,0,0,8,4,12,2,8,18,4,32,12,0,12,44
03/18/2023,GRI,NE,ACE,CE,Federal Contract Tower,4,4,11,0,19,0,0,5,0,5,4,4,16,0,24,0,0,0,24
03/19/2023,GRI,NE,ACE,CE,Federal Contract Tower,4,2,4,0,10,0,0,6,0,6,4,2,10,0,16,0,0,0,16
03/20/2023,GRI,NE,ACE,CE,Federal Contract Tower,2,5,4,2,13,0,2,30,6,38,2,7,34,8,51,38,0,38,89
03/21/2023,GRI,NE,ACE,CE,Federal Contract Tower,2,5,7,3,17,0,0,9,0,9,2,5,16,3,26,0,0,0,26
03/22/2023,GRI,NE,ACE,CE,Federal Contract Tower,4,10,7,1,22,0,0,18,3,21,4,10,25,4,43,24,0,24,67
03/23/2023,GRI,NE,ACE,CE,Federal Contract Tower,4,5,3,0,12,0,0,7,1,8,4,5,10,1,20,18,0,18,38
03/24/2023,GRI,NE,ACE,CE,Federal Contract Tower,3,7,3,1,14,0,2,20,2,24,3,9,23,3,38,20,20,40,78
03/25/2023,GRI,NE,ACE,CE,Federal Contract Tower,8,6,7,0,21,0,0,9,8,17,8,6,16,8,38,18,0,18,56
03/26/2023,GRI,NE,ACE,CE,Federal Contract Tower,4,2,0,0,6,0,0,0,9,9,4,2,0,9,15,0,4,4,19
03/27/2023,GRI,NE,ACE,CE,Federal Contract Tower,2,5,7,0,14,0,0,15,2,17,2,5,22,2,31,30,0,30,61
03/28/2023,GRI,NE,ACE,CE,Federal Contract Tower,2,5,4,0,11,0,0,22,4,26,2,5,26,4,37,0,0,0,37
03/29/2023,GRI,NE,ACE,CE,Federal Contract Tower,4,5,7,2,18,0,0,23,6,29,4,5,30,8,47,8,2,10,57
03/30/2023,GRI,NE,ACE,CE,Federal Contract Tower,4,8,4,1,17,0,0,8,7,15,4,8,12,8,32,0,4,4,36
03/31/2023,GRI,NE,ACE,CE,Federal Contract Tower,2,7,10,0,19,0,0,0,0,0,2,7,10,0,19,0,0,0,19
04/01/2023,GRI,NE,ACE,CE,Federal Contract Tower,4,4,5,0,13,0,0,19,1,20,4,4,24,1,33,20,0,20,53
04/02/2023,GRI,NE,ACE,CE,Federal Contract Tower,2,2,4,0,8,0,4,16,1,21,2,6,20,1,29,2,0,2,31
04/03/2023,GRI,NE,ACE,CE,Federal Contract Tower,2,3,5,2,12,0,0,9,2,11,2,3,14,4,23,4,0,4,27
04/04/2023,GRI,NE,ACE,CE,Federal Contract Tower,4,6,12,0,22,0,0,1,0,1,4,6,13,0,23,0,0,0,23
04/05/2023,GRI,NE,ACE,CE,Federal Contract Tower,5,5,11,0,21,0,2,9,0,11,5,7,20,0,32,0,0,0,32
04/06/2023,GRI,NE,ACE,CE,Federal Contract Tower,5,7,9,0,21,0,0,9,11,20,5,7,18,11,41,6,0,6,47
04/07/2023,GRI,NE,ACE,CE,Federal Contract Tower,3,5,2,0,10,0,0,2,0,2,3,5,4,0,12,0,0,0,12
04/08/2023,GRI,NE,ACE,CE,Federal Contract Tower,5,4,5,0,14,0,2,9,0,11,5,6,14,0,25,0,0,0,25
04/09/2023,GRI,NE,ACE,CE,Federal Contract Tower,5,0,5,0,10,0,0,6,0,6,5,0,11,0,16,0,0,0,16
04/10/2023,GRI,NE,ACE,CE,Federal Contract Tower,3,3,2,0,8,0,0,16,0,16,3,3,18,0,24,20,0,20,44
04/11/2023,GRI,NE,ACE,CE,Federal Contract Tower,3,5,4,0,12,0,0,12,2,14,3,5,16,2,26,0,0,0,26
04/12/2023,GRI,NE,ACE,CE,Federal Contract Tower,5,7,5,0,17,0,0,3,5,8,5,7,8,5,25,0,4,4,29
04/13/2023,GRI,NE,ACE,CE,Federal Contract Tower,5,6,7,0,18,0,0,6,0,6,5,6,13,0,24,0,0,0,24
04/14/2023,GRI,NE,ACE,CE,Federal Contract Tower,3,6,7,0,16,0,0,9,4,13,3,6,16,4,29,0,0,0,29
04/15/2023,GRI,NE,ACE,CE,Federal Contract Tower,5,4,3,0,12,0,0,1,0,1,5,4,4,0,13,0,0,0,13
04/16/2023,GRI,NE,ACE,CE,Federal Contract Tower,5,0,4,0,9,0,0,2,0,2,5,0,6,0,11,0,0,0,11
04/17/2023,GRI,NE,ACE,CE,Federal Contract Tower,3,4,3,0,10,0,2,24,0,26,3,6,27,0,36,26,0,26,62
04/18/2023,GRI,NE,ACE,CE,Federal Contract Tower,3,8,8,0,19,0,2,6,4,12,3,10,14,4,31,0,0,0,31
04/19/2023,GRI,NE,ACE,CE,Federal Contract Tower,5,6,8,0,19,0,0,5,17,22,5,6,13,17,41,0,2,2,43
04/20/2023,GRI,NE,ACE,CE,Federal Contract Tower,5,9,6,0,20,0,0,1,2,3,5,9,7,2,23,0,0,0,23
04/21/2023,GRI,NE,ACE,CE,Federal Contract Tower,3,7,3,0,13,0,0,7,0,7,3,7,10,0,20,0,0,0,20
04/22/2023,GRI,NE,ACE,CE,Federal Contract Tower,4,4,8,0,16,0,0,4,4,8,4,4,12,4,24,0,0,0,24
04/23/2023,GRI,NE,ACE,CE,Federal Contract Tower,5,4,2,0,11,0,6,13,0,19,5,10,15,0,30,2,0,2,32
04/24/2023,GRI,NE,ACE,CE,Federal Contract Tower,3,3,11,0,17,0,0,23,0,23,3,3,34,0,40,8,0,8,48
04/25/2023,GRI,NE,ACE,CE,Federal Contract Tower,3,5,6,4,18,0,0,6,4,10,3,5,12,8,28,10,0,10,38
04/26/2023,GRI,NE,ACE,CE,Federal Contract Tower,7,7,9,0,23,0,0,19,5,24,7,7,28,5,47,4,0,4,51
04/27/2023,GRI,NE,ACE,CE,Federal Contract Tower,5,7,9,1,22,0,0,8,2,10,5,7,17,3,32,0,0,0,32
04/28/2023,GRI,NE,ACE,CE,Federal Contract Tower,4,7,7,0,18,0,0,9,0,9,4,7,16,0,27,0,0,0,27
04/29/2023,GRI,NE,ACE,CE,Federal Contract Tower,5,4,6,0,15,0,0,8,0,8,5,4,14,0,23,0,0,0,23
04/30/2023,GRI,NE,ACE,CE,Federal Contract Tower,7,0,7,0,14,0,0,2,0,2,7,0,9,0,16,0,0,0,16
05/01/2023,GRI,NE,ACE,CE,Federal Contract Tower,3,3,5,0,11,0,0,12,0,12,3,3,17,0,23,10,0,10,33
05/02/2023,GRI,NE,ACE,CE,Federal Contract Tower,3,3,8,0,14,0,1,24,0,25,3,4,32,0,39,0,0,0,39
05/03/2023,GRI,NE,ACE,CE,Federal Contract Tower,5,3,7,0,15,0,0,19,0,19,5,3,26,0,34,10,0,10,44
05/04/2023,GRI,NE,ACE,CE,Federal Contract Tower,5,4,12,0,21,0,0,15,0,15,5,4,27,0,36,6,0,6,42
05/05/2023,GRI,NE,ACE,CE,Federal Contract Tower,3,7,4,0,14,0,0,3,0,3,3,7,7,0,17,0,0,0,17
05/06/2023,GRI,NE,ACE,CE,Federal Contract Tower,5,4,5,0,14,0,0,11,4,15,5,4,16,4,29,20,0,20,49
05/07/2023,GRI,NE,ACE,CE,Federal Contract Tower,5,0,3,2,10,0,0,12,0,12,5,0,15,2,22,0,0,0,22
05/08/2023,GRI,NE,ACE,CE,Federal Contract Tower,3,5,6,0,14,0,0,34,0,34,3,5,40,0,48,40,0,40,88
05/09/2023,GRI,NE,ACE,CE,Federal Contract Tower,3,6,8,0,17,0,0,6,0,6,3,6,14,0,23,0,0,0,23
05/10/2023,GRI,NE,ACE,CE,Federal Contract Tower,5,6,4,0,15,0,0,4,6,10,5,6,8,6,25,0,0,0,25
05/11/2023,GRI,NE,ACE,CE,Federal Contract Tower,5,9,6,2,22,0,0,1,0,1,5,9,7,2,23,0,0,0,23
05/12/2023,GRI,NE,ACE,CE,Federal Contract Tower,4,6,9,0,19,0,0,2,0,2,4,6,11,0,21,0,0,0,21
05/13/2023,GRI,NE,ACE,CE,Federal Contract Tower,5,6,9,0,20,0,0,6,0,6,5,6,15,0,26,0,0,0,26
05/14/2023,GRI,NE,ACE,CE,Federal Contract Tower,5,0,0,0,5,0,0,0,0,0,5,0,0,0,5,0,0,0,5
05/15/2023,GRI,NE,ACE,CE,Federal Contract Tower,3,4,10,0,17,0,0,0,0,0,3,4,10,0,17,0,0,0,17
05/16/2023,GRI,NE,ACE,CE,Federal Contract Tower,3,4,8,0,15,0,0,35,4,39,3,4,43,4,54,0,0,0,54
05/17/2023,GRI,NE,ACE,CE,Federal Contract Tower,3,4,18,1,26,0,0,32,14,46,3,4,50,15,72,4,0,4,76
05/18/2023,GRI,NE,ACE,CE,Federal Contract Tower,5,5,6,1,17,0,0,7,0,7,5,5,13,1,24,0,0,0,24
05/19/2023,GRI,NE,ACE,CE,Federal Contract Tower,3,4,4,0,11,0,0,9,2,11,3,4,13,2,22,0,2,2,24
05/20/2023,GRI,NE,ACE,CE,Federal Contract Tower,3,5,3,0,11,0,0,15,0,15,3,5,18,0,26,4,0,4,30
05/21/2023,GRI,NE,ACE,CE,Federal Contract Tower,5,0,4,0,9,0,0,7,0,7,5,0,11,0,16,0,0,0,16
05/22/2023,GRI,NE,ACE,CE,Federal Contract Tower,3,5,6,0,14,0,0,12,0,12,3,5,18,0,26,4,0,4,30
05/23/2023,GRI,NE,ACE,CE,Federal Contract Tower,3,4,5,0,12,0,0,24,8,32,3,4,29,8,44,4,0,4,48
05/24/2023,GRI,NE,ACE,CE,Federal Contract Tower,3,6,6,0,15,0,0,9,8,17,3,6,15,8,32,12,0,12,44
05/25/2023,GRI,NE,ACE,CE,Federal Contract Tower,3,6,4,0,13,0,0,7,0,7,3,6,11,0,20,0,0,0,20
05/26/2023,GRI,NE,ACE,CE,Federal Contract Tower,5,5,2,0,12,0,0,7,0,7,5,5,9,0,19,0,0,0,19
05/27/2023,GRI,NE,ACE,CE,Federal Contract Tower,3,4,0,0,7,0,0,17,0,17,3,4,17,0,24,0,0,0,24
05/28/2023,GRI,NE,ACE,CE,Federal Contract Tower,5,0,2,0,7,0,0,4,0,4,5,0,6,0,11,0,0,0,11
05/29/2023,GRI,NE,ACE,CE,Federal Contract Tower,3,0,6,0,9,0,0,11,0,11,3,0,17,0,20,12,0,12,32
05/30/2023,GRI,NE,ACE,CE,Federal Contract Tower,3,5,2,0,10,0,0,17,0,17,3,5,19,0,27,14,0,14,41
05/31/2023,GRI,NE,ACE,CE,Federal Contract Tower,3,3,7,0,13,0,0,15,8,23,3,3,22,8,36,0,24,24,60
06/01/2023,GRI,NE,ACE,CE,Federal Contract Tower,5,3,7,0,15,0,0,12,2,14,5,3,19,2,29,16,2,18,47
06/02/2023,GRI,NE,ACE,CE,Federal Contract Tower,1,3,4,0,8,0,2,7,2,11,1,5,11,2,19,0,0,0,19
06/03/2023,GRI,NE,ACE,CE,Federal Contract Tower,1,0,8,0,9,0,4,46,0,50,1,4,54,0,59,0,0,0,59
06/04/2023,GRI,NE,ACE,CE,Federal Contract Tower,5,0,0,0,5,0,5,20,2,27,5,5,20,2,32,0,0,0,32
06/05/2023,GRI,NE,ACE,CE,Federal Contract Tower,3,3,5,0,11,0,0,11,1,12,3,3,16,1,23,12,0,12,35
06/06/2023,GRI,NE,ACE,CE,Federal Contract Tower,3,4,7,0,14,0,0,26,0,26,3,4,33,0,40,12,0,12,52
06/07/2023,GRI,NE,ACE,CE,Federal Contract Tower,5,7,0,0,12,0,0,19,10,29,5,7,19,10,41,18,8,26,67
06/08/2023,GRI,NE,ACE,CE,Federal Contract Tower,5,7,5,1,18,0,0,15,1,16,5,7,20,2,34,8,0,8,42
06/09/2023,GRI,NE,ACE,CE,Federal Contract Tower,3,3,7,1,14,0,0,14,4,18,3,3,21,5,32,6,2,8,40
06/10/2023,GRI,NE,ACE,CE,Federal Contract Tower,3,6,2,0,11,0,0,2,11,13,3,6,4,11,24,0,2,2,26
06/11/2023,GRI,NE,ACE,CE,Federal Contract Tower,4,0,0,0,4,0,0,5,4,9,4,0,5,4,13,4,0,4,17
06/12/2023,GRI,NE,ACE,CE,Federal Contract Tower,3,6,0,0,9,0,0,25,0,25,3,6,25,0,34,34,0,34,68
06/13/2023,GRI,NE,ACE,CE,Federal Contract Tower,3,5,9,0,17,0,2,24,9,35,3,7,33,9,52,4,2,6,58
06/14/2023,GRI,NE,ACE,CE,Federal Contract Tower,3,7,10,3,23,0,4,18,4,26,3,11,28,7,49,14,0,14,63
06/15/2023,GRI,NE,ACE,CE,Federal Contract Tower,6,4,11,1,22,0,0,18,2,20,6,4,29,3,42,4,0,4,46
06/16/2023,GRI,NE,ACE,CE,Federal Contract Tower,3,4,4,0,11,0,0,6,4,10,3,4,10,4,21,0,3,3,24
06/17/2023,GRI,NE,ACE,CE,Federal Contract Tower,3,2,1,0,6,0,0,4,0,4,3,2,5,0,10,4,0,4,14
06/18/2023,GRI,NE,ACE,CE,Federal Contract Tower,5,0,7,0,12,0,4,5,0,9,5,4,12,0,21,10,0,10,31
06/19/2023,GRI,NE,ACE,CE,Federal Contract Tower,3,4,3,0,10,0,0,10,0,10,3,4,13,0,20,0,0,0,20
06/20/2023,GRI,NE,ACE,CE,Federal Contract Tower,3,8,7,0,18,0,0,6,0,6,3,8,13,0,24,6,0,6,30
06/21/2023,GRI,NE,ACE,CE,Federal Contract Tower,3,5,6,0,14,0,0,6,0,6,3,5,12,0,20,0,0,0,20
06/22/2023,GRI,NE,ACE,CE,Federal Contract Tower,5,5,9,1,20,0,0,14,4,18,5,5,23,5,38,52,8,60,98
06/23/2023,GRI,NE,ACE,CE,Federal Contract Tower,3,5,13,0,21,0,1,11,1,13,3,6,24,1,34,6,0,6,40
06/24/2023,GRI,NE,ACE,CE,Federal Contract Tower,3,2,11,0,16,0,0,18,0,18,3,2,29,0,34,4,0,4,38
06/25/2023,GRI,NE,ACE,CE,Federal Contract Tower,5,3,0,0,8,0,0,2,0,2,5,3,2,0,10,0,0,0,10
06/26/2023,GRI,NE,ACE,CE,Federal Contract Tower,5,3,6,0,14,0,0,0,0,0,5,3,6,0,14,8,0,8,22
06/27/2023,GRI,NE,ACE,CE,Federal Contract Tower,3,3,1,0,7,0,0,3,2,5,3,3,4,2,12,0,0,0,12
06/28/2023,GRI,NE,ACE,CE,Federal Contract Tower,3,5,11,2,21,0,0,22,1,23,3,5,33,3,44,4,0,4,48
06/29/2023,GRI,NE,ACE,CE,Federal Contract Tower,4,4,10,1,19,0,2,11,0,13,4,6,21,1,32,18,0,18,50
06/30/2023,GRI,NE,ACE,CE,Federal Contract Tower,5,4,10,0,19,0,0,8,0,8,5,4,18,0,27,0,6,6,33
07/01/2023,GRI,NE,ACE,CE,Federal Contract Tower,4,4,13,0,21,0,0,0,0,0,4,4,13,0,21,0,0,0,21
07/02/2023,GRI,NE,ACE,CE,Federal Contract Tower,5,7,7,2,21,0,0,29,0,29,5,7,36,2,50,10,0,10,60
07/03/2023,GRI,NE,ACE,CE,Federal Contract Tower,5,6,12,0,23,0,0,7,0,7,5,6,19,0,30,2,0,2,32
07/04/2023,GRI,NE,ACE,CE,Federal Contract Tower,3,2,1,0,6,0,0,12,0,12,3,2,13,0,18,4,0,4,22
07/05/2023,GRI,NE,ACE,CE,Federal Contract Tower,3,3,2,0,8,0,0,9,0,9,3,3,11,0,17,14,0,14,31
07/06/2023,GRI,NE,ACE,CE,Federal Contract Tower,5,6,13,2,26,0,0,24,4,28,5,6,37,6,54,22,14,36,90
07/07/2023,GRI,NE,ACE,CE,Federal Contract Tower,5,5,8,0,18,0,0,5,2,7,5,5,13,2,25,4,0,4,29
07/08/2023,GRI,NE,ACE,CE,Federal Contract Tower,3,8,3,1,15,0,0,19,1,20,3,8,22,2,35,6,0,6,41
07/09/2023,GRI,NE,ACE,CE,Federal Contract Tower,5,2,1,0,8,0,3,26,0,29,5,5,27,0,37,6,0,6,43
07/10/2023,GRI,NE,ACE,CE,Federal Contract Tower,3,3,8,0,14,0,0,8,0,8,3,3,16,0,22,0,0,0,22
07/11/2023,GRI,NE,ACE,CE,Federal Contract Tower,3,5,6,0,14,0,0,28,2,30,3,5,34,2,44,18,0,18,62
07/12/2023,GRI,NE,ACE,CE,Federal Contract Tower,3,10,5,0,18,0,0,9,2,11,3,10,14,2,29,6,0,6,35
07/13/2023,GRI,NE,ACE,CE,Federal Contract Tower,5,6,5,0,16,0,1,1,4,6,5,7,6,4,22,14,0,14,36
07/14/2023,GRI,NE,ACE,CE,Federal Contract Tower,3,5,6,0,14,0,1,7,0,8,3,6,13,0,22,0,0,0,22
07/15/2023,GRI,NE,ACE,CE,Federal Contract Tower,3,4,10,0,17,0,0,14,6,20,3,4,24,6,37,4,10,14,51
07/16/2023,GRI,NE,ACE,CE,Federal Contract Tower,5,1,2,0,8,0,3,10,1,14,5,4,12,1,22,0,0,0,22
07/17/2023,GRI,NE,ACE,CE,Federal Contract Tower,3,4,4,0,11,0,0,7,0,7,3,4,11,0,18,0,0,0,18
07/18/2023,GRI,NE,ACE,CE,Federal Contract Tower,3,7,8,0,18,0,0,11,2,13,3,7,19,2,31,6,0,6,37
07/19/2023,GRI,NE,ACE,CE,Federal Contract Tower,3,3,5,0,11,0,0,3,8,11,3,3,8,8,22,0,0,0,22
07/20/2023,GRI,NE,ACE,CE,Federal Contract Tower,5,8,13,0,26,0,0,19,6,25,5,8,32,6,51,8,0,8,59
07/21/2023,GRI,NE,ACE,CE,Federal Contract Tower,3,7,5,0,15,0,0,17,3,20,3,7,22,3,35,16,0,16,51
07/22/2023,GRI,NE,ACE,CE,Federal Contract Tower,3,4,8,0,15,0,0,8,4,12,3,4,16,4,27,6,0,6,33
07/23/2023,GRI,NE,ACE,CE,Federal Contract Tower,5,0,7,0,12,0,0,9,0,9,5,0,16,0,21,0,0,0,21
07/24/2023,GRI,NE,ACE,CE,Federal Contract Tower,2,3,2,0,7,0,0,18,0,18,2,3,20,0,25,8,0,8,33
07/25/2023,GRI,NE,ACE,CE,Federal Contract Tower,4,5,6,1,16,0,0,28,11,39,4,5,34,12,55,18,6,24,79
07/26/2023,GRI,NE,ACE,CE,Federal Contract Tower,3,3,7,0,13,0,2,21,4,27,3,5,28,4,40,16,0,16,56
07/27/2023,GRI,NE,ACE,CE,Federal Contract Tower,5,3,8,0,16,0,2,27,2,31,5,5,35,2,47,6,0,6,53
07/28/2023,GRI,NE,ACE,CE,Federal Contract Tower,3,5,2,0,10,0,0,23,0,23,3,5,25,0,33,10,0,10,43
07/29/2023,GRI,NE,ACE,CE,Federal Contract Tower,3,2,3,0,8,0,0,7,0,7,3,2,10,0,15,0,0,0,15
07/30/2023,GRI,NE,ACE,CE,Federal Contract Tower,5,2,4,0,11,0,0,10,0,10,5,2,14,0,21,0,0,0,21
07/31/2023,GRI,NE,ACE,CE,Federal Contract Tower,3,3,3,0,9,0,0,4,0,4,3,3,7,0,13,0,0,0,13
08/01/2023,GRI,NE,ACE,CE,Federal Contract Tower,3,5,11,4,23,0,0,3,0,3,3,5,14,4,26,0,0,0,26
08/02/2023,GRI,NE,ACE,CE,Federal Contract Tower,3,3,8,4,18,0,0,8,2,10,3,3,16,6,28,10,0,10,38
08/03/2023,GRI,NE,ACE,CE,Federal Contract Tower,5,5,1,0,11,0,0,1,6,7,5,5,2,6,18,0,0,0,18
08/04/2023,GRI,NE,ACE,CE,Federal Contract Tower,3,3,3,0,9,0,0,6,2,8,3,3,9,2,17,0,0,0,17
08/05/2023,GRI,NE,ACE,CE,Federal Contract Tower,3,4,9,1,17,0,2,10,7,19,3,6,19,8,36,0,0,0,36
08/06/2023,GRI,NE,ACE,CE,Federal Contract Tower,5,0,2,0,7,0,0,2,6,8,5,0,4,6,15,0,0,0,15
08/07/2023,GRI,NE,ACE,CE,Federal Contract Tower,3,7,2,0,12,0,0,9,2,11,3,7,11,2,23,16,0,16,39
08/08/2023,GRI,NE,ACE,CE,Federal Contract Tower,3,5,3,1,12,0,2,6,6,14,3,7,9,7,26,4,0,4,30
08/09/2023,GRI,NE,ACE,CE,Federal Contract Tower,3,3,12,0,18,0,0,9,6,15,3,3,21,6,33,8,0,8,41
08/10/2023,GRI,NE,ACE,CE,Federal Contract Tower,5,4,7,0,16,0,0,11,7,18,5,4,18,7,34,14,0,14,48
08/11/2023,GRI,NE,ACE,CE,Federal Contract Tower,3,4,2,0,9,0,0,18,2,20,3,4,20,2,29,8,0,8,37
08/12/2023,GRI,NE,ACE,CE,Federal Contract Tower,4,4,3,0,11,0,12,19,0,31,4,16,22,0,42,6,0,6,48
08/13/2023,GRI,NE,ACE,CE,Federal Contract Tower,6,2,7,0,15,0,0,11,0,11,6,2,18,0,26,0,0,0,26
08/14/2023,GRI,NE,ACE,CE,Federal Contract Tower,3,3,5,0,11,0,0,11,0,11,3,3,16,0,22,4,0,4,26
08/15/2023,GRI,NE,ACE,CE,Federal Contract Tower,3,7,10,1,21,0,0,15,1,16,3,7,25,2,37,6,0,6,43
08/16/2023,GRI,NE,ACE,CE,Federal Contract Tower,3,3,8,0,14,0,0,6,4,10,3,3,14,4,24,0,14,14,38
08/17/2023,GRI,NE,ACE,CE,Federal Contract Tower,7,3,6,0,16,0,0,16,4,20,7,3,22,4,36,0,0,0,36
08/18/2023,GRI,NE,ACE,CE,Federal Contract Tower,3,3,7,0,13,0,0,8,0,8,3,3,15,0,21,0,0,0,21
08/19/2023,GRI,NE,ACE,CE,Federal Contract Tower,3,4,6,0,13,0,0,8,0,8,3,4,14,0,21,4,0,4,25
08/20/2023,GRI,NE,ACE,CE,Federal Contract Tower,5,3,2,0,10,0,0,6,0,6,5,3,8,0,16,0,0,0,16
08/21/2023,GRI,NE,ACE,CE,Federal Contract Tower,4,6,15,0,25,0,2,2,0,4,4,8,17,0,29,0,0,0,29
08/22/2023,GRI,NE,ACE,CE,Federal Contract Tower,3,3,3,0,9,0,0,13,0,13,3,3,16,0,22,10,0,10,32
08/23/2023,GRI,NE,ACE,CE,Federal Contract Tower,4,8,9,1,22,0,0,8,3,11,4,8,17,4,33,12,2,14,47
08/24/2023,GRI,NE,ACE,CE,Federal Contract Tower,5,3,7,0,15,0,0,7,4,11,5,3,14,4,26,4,0,4,30
08/25/2023,GRI,NE,ACE,CE,Federal Contract Tower,3,3,8,0,14,0,2,9,2,13,3,5,17,2,27,10,0,10,37
08/26/2023,GRI,NE,ACE,CE,Federal Contract Tower,3,3,6,0,12,0,1,11,2,14,3,4,17,2,26,4,0,4,30
08/27/2023,GRI,NE,ACE,CE,Federal Contract Tower,5,0,2,0,7,0,6,10,2,18,5,6,12,2,25,0,0,0,25
08/28/2023,GRI,NE,ACE,CE,Federal Contract Tower,4,3,7,0,14,0,0,4,3,7,4,3,11,3,21,0,0,0,21
08/29/2023,GRI,NE,ACE,CE,Federal Contract Tower,4,5,10,3,22,0,10,17,3,30,4,15,27,6,52,6,0,6,58
08/30/2023,GRI,NE,ACE,CE,Federal Contract Tower,3,3,4,0,10,0,0,10,6,16,3,3,14,6,26,0,0,0,26
08/31/2023,GRI,NE,ACE,CE,Federal Contract Tower,5,3,3,0,11,0,0,10,4,14,5,3,13,4,25,0,4,4,29
