01/01/2000,GRR,MI,AGL,CE,Towers with Radar,24,23,39,0,86,27,0,14,0,41,51,23,53,0,127,0,0,0,127
01/02/2000,GRR,MI,AGL,CE,Towers with Radar,30,57,33,0,120,19,22,0,0,41,49,79,33,0,161,0,0,0,161
01/03/2000,GRR,MI,AGL,CE,Towers with Radar,44,82,51,0,177,7,48,0,0,55,51,130,51,0,232,0,0,0,232
01/04/2000,GRR,MI,AGL,CE,Towers with Radar,50,93,65,0,208,11,45,0,0,56,61,138,65,0,264,0,0,0,264
01/05/2000,GRR,MI,AGL,CE,Towers with Radar,67,144,126,3,340,0,9,8,2,19,67,153,134,5,359,40,10,50,409
01/06/2000,GRR,MI,AGL,CE,Towers with Radar,67,136,120,0,323,0,6,27,0,33,67,142,147,0,356,30,0,30,386
01/07/2000,GRR,MI,AGL,CE,Towers with Radar,70,129,115,3,317,2,7,0,8,17,72,136,115,11,334,34,0,34,368
01/08/2000,GRR,MI,AGL,CE,Towers with Radar,56,65,70,0,191,0,0,0,0,0,56,65,70,0,191,118,0,118,309
01/09/2000,GRR,MI,AGL,CE,Towers with Radar,26,51,14,0,91,44,8,0,0,52,70,59,14,0,143,0,0,0,143
01/10/2000,GRR,MI,AGL,CE,Towers with Radar,58,107,96,0,261,11,17,10,0,38,69,124,106,0,299,8,0,8,307
01/11/2000,GRR,MI,AGL,CE,Towers with Radar,52,94,49,2,197,17,52,0,0,69,69,146,49,2,266,4,0,4,270
01/12/2000,GRR,MI,AGL,CE,Towers with Radar,64,138,149,2,353,0,0,38,0,38,64,138,187,2,391,88,0,88,479
01/13/2000,GRR,MI,AGL,CE,Towers with Radar,64,137,134,0,335,0,0,0,0,0,64,137,134,0,335,148,0,148,483
01/14/2000,GRR,MI,AGL,CE,Towers with Radar,65,140,138,0,343,0,0,17,0,17,65,140,155,0,360,82,0,82,442
01/15/2000,GRR,MI,AGL,CE,Towers with Radar,56,58,91,0,205,4,0,8,0,12,60,58,99,0,217,76,0,76,293
01/16/2000,GRR,MI,AGL,CE,Towers with Radar,45,81,65,0,191,6,6,0,0,12,51,87,65,0,203,30,0,30,233
01/17/2000,GRR,MI,AGL,CE,Towers with Radar,56,119,133,0,308,0,0,23,0,23,56,119,156,0,331,96,0,96,427
01/18/2000,GRR,MI,AGL,CE,Towers with Radar,58,107,95,0,260,6,30,8,0,44,64,137,103,0,304,2,0,2,306
01/19/2000,GRR,MI,AGL,CE,Towers with Radar,71,131,117,0,319,10,4,33,0,47,81,135,150,0,366,8,0,8,374
01/20/2000,GRR,MI,AGL,CE,Towers with Radar,69,126,112,0,307,0,12,13,0,25,69,138,125,0,332,28,0,28,360
01/21/2000,GRR,MI,AGL,CE,Towers with Radar,59,139,124,0,322,0,0,1,0,1,59,139,125,0,323,74,0,74,397
01/22/2000,GRR,MI,AGL,CE,Towers with Radar,29,42,37,1,109,26,0,0,6,32,55,42,37,7,141,6,6,12,153
01/23/2000,GRR,MI,AGL,CE,Towers with Radar,25,44,17,0,86,20,21,0,0,41,45,65,17,0,127,0,0,0,127
01/24/2000,GRR,MI,AGL,CE,Towers with Radar,58,135,121,0,314,0,3,31,0,34,58,138,152,0,348,40,0,40,388
01/25/2000,GRR,MI,AGL,CE,Towers with Radar,61,128,112,2,303,0,23,9,1,33,61,151,121,3,336,28,0,28,364
01/26/2000,GRR,MI,AGL,CE,Towers with Radar,64,132,148,3,347,0,0,2,17,19,64,132,150,20,366,100,14,114,480
01/27/2000,GRR,MI,AGL,CE,Towers with Radar,63,139,124,0,326,0,0,0,0,0,63,139,124,0,326,110,0,110,436
01/28/2000,GRR,MI,AGL,CE,Towers with Radar,76,138,125,0,339,0,0,0,0,0,76,138,125,0,339,106,0,106,445
01/29/2000,GRR,MI,AGL,CE,Towers with Radar,52,61,109,2,224,0,0,3,19,22,52,61,112,21,246,66,42,108,354
01/30/2000,GRR,MI,AGL,CE,Towers with Radar,28,52,17,0,97,23,19,0,0,42,51,71,17,0,139,8,0,8,147
01/31/2000,GRR,MI,AGL,CE,Towers with Radar,56,103,90,0,249,1,27,8,0,36,57,130,98,0,285,8,0,8,293
02/01/2000,GRR,MI,AGL,CE,Towers with Radar,63,143,118,0,324,0,3,18,0,21,63,146,136,0,345,24,0,24,369
02/02/2000,GRR,MI,AGL,CE,Towers with Radar,2,147,106,0,255,0,8,58,0,66,2,155,164,0,321,176,0,176,497
02/03/2000,GRR,MI,AGL,CE,Towers with Radar,63,136,99,0,298,0,2,9,0,11,63,138,108,0,309,2,0,2,311
02/04/2000,GRR,MI,AGL,CE,Towers with Radar,66,155,81,5,307,0,4,21,0,25,66,159,102,5,332,20,30,50,382
02/05/2000,GRR,MI,AGL,CE,Towers with Radar,54,58,20,0,132,0,2,28,0,30,54,60,48,0,162,36,32,68,230
02/06/2000,GRR,MI,AGL,CE,Towers with Radar,60,74,36,1,171,0,7,56,0,63,60,81,92,1,234,2,0,2,236
02/07/2000,GRR,MI,AGL,CE,Towers with Radar,61,137,79,0,277,0,6,44,0,50,61,143,123,0,327,18,0,18,345
02/08/2000,GRR,MI,AGL,CE,Towers with Radar,61,131,92,1,285,0,9,57,0,66,61,140,149,1,351,46,0,46,397
02/09/2000,GRR,MI,AGL,CE,Towers with Radar,63,154,113,0,330,0,3,39,0,42,63,157,152,0,372,36,0,36,408
02/10/2000,GRR,MI,AGL,CE,Towers with Radar,62,143,97,12,314,0,6,25,0,31,62,149,122,12,345,16,8,24,369
02/11/2000,GRR,MI,AGL,CE,Towers with Radar,67,139,83,22,311,1,46,96,1,144,68,185,179,23,455,112,18,130,585
02/12/2000,GRR,MI,AGL,CE,Towers with Radar,54,65,32,0,151,0,8,75,0,83,54,73,107,0,234,114,0,114,348
02/13/2000,GRR,MI,AGL,CE,Towers with Radar,59,58,25,0,142,0,2,4,0,6,59,60,29,0,148,0,0,0,148
02/14/2000,GRR,MI,AGL,CE,Towers with Radar,49,132,59,0,240,0,2,34,0,36,49,134,93,0,276,42,0,42,318
02/15/2000,GRR,MI,AGL,CE,Towers with Radar,66,111,132,0,309,0,2,30,0,32,66,113,162,0,341,16,0,16,357
02/16/2000,GRR,MI,AGL,CE,Towers with Radar,68,152,96,1,317,0,2,40,0,42,68,154,136,1,359,44,0,44,403
02/17/2000,GRR,MI,AGL,CE,Towers with Radar,69,145,143,1,358,0,3,58,0,61,69,148,201,1,419,108,0,108,527
02/18/2000,GRR,MI,AGL,CE,Towers with Radar,44,103,39,0,186,0,2,3,0,5,44,105,42,0,191,0,0,0,191
02/19/2000,GRR,MI,AGL,CE,Towers with Radar,48,61,52,0,161,0,0,0,0,0,48,61,52,0,161,22,0,22,183
02/20/2000,GRR,MI,AGL,CE,Towers with Radar,60,74,27,0,161,0,3,13,0,16,60,77,40,0,177,10,0,10,187
02/21/2000,GRR,MI,AGL,CE,Towers with Radar,53,108,74,0,235,0,17,94,0,111,53,125,168,0,346,44,0,44,390
02/22/2000,GRR,MI,AGL,CE,Towers with Radar,57,146,122,9,334,0,4,60,0,64,57,150,182,9,398,84,16,100,498
02/23/2000,GRR,MI,AGL,CE,Towers with Radar,64,144,104,10,322,0,3,52,0,55,64,147,156,10,377,46,0,46,423
02/24/2000,GRR,MI,AGL,CE,Towers with Radar,63,144,148,0,355,0,2,9,0,11,63,146,157,0,366,16,0,16,382
02/25/2000,GRR,MI,AGL,CE,Towers with Radar,68,110,106,1,285,0,2,3,0,5,68,112,109,1,290,12,0,12,302
02/26/2000,GRR,MI,AGL,CE,Towers with Radar,51,61,40,0,152,0,4,18,0,22,51,65,58,0,174,44,0,44,218
02/27/2000,GRR,MI,AGL,CE,Towers with Radar,37,68,46,0,151,17,7,4,0,28,54,75,50,0,179,37,0,37,216
02/28/2000,GRR,MI,AGL,CE,Towers with Radar,51,136,93,0,280,0,7,110,0,117,51,143,203,0,397,66,0,66,463
02/29/2000,GRR,MI,AGL,CE,Towers with Radar,62,118,79,12,271,13,30,86,1,130,75,148,165,13,401,54,24,78,479
03/01/2000,GRR,MI,AGL,CE,Towers with Radar,73,146,89,0,308,1,4,10,0,15,74,150,99,0,323,10,0,10,333
03/02/2000,GRR,MI,AGL,CE,Towers with Radar,61,143,102,0,306,1,3,60,0,64,62,146,162,0,370,44,0,44,414
03/03/2000,GRR,MI,AGL,CE,Towers with Radar,62,139,76,0,277,1,5,99,0,105,63,144,175,0,382,130,0,130,512
03/04/2000,GRR,MI,AGL,CE,Towers with Radar,36,64,55,0,155,21,0,57,0,78,57,64,112,0,233,130,0,130,363
03/05/2000,GRR,MI,AGL,CE,Towers with Radar,51,77,41,2,171,1,5,83,0,89,52,82,124,2,260,76,0,76,336
03/06/2000,GRR,MI,AGL,CE,Towers with Radar,62,133,75,0,270,1,7,86,0,94,63,140,161,0,364,54,0,54,418
03/07/2000,GRR,MI,AGL,CE,Towers with Radar,69,138,148,7,362,1,3,92,0,96,70,141,240,7,458,90,20,110,568
03/08/2000,GRR,MI,AGL,CE,Towers with Radar,66,136,106,0,308,0,17,59,0,76,66,153,165,0,384,124,0,124,508
03/09/2000,GRR,MI,AGL,CE,Towers with Radar,64,140,109,1,314,0,9,10,3,22,64,149,119,4,336,8,0,8,344
03/10/2000,GRR,MI,AGL,CE,Towers with Radar,66,128,99,1,294,0,14,10,13,37,66,142,109,14,331,8,22,30,361
03/11/2000,GRR,MI,AGL,CE,Towers with Radar,39,76,59,0,174,15,21,40,0,76,54,97,99,0,250,84,0,84,334
03/12/2000,GRR,MI,AGL,CE,Towers with Radar,44,80,66,0,190,9,0,90,0,99,53,80,156,0,289,104,0,104,393
03/13/2000,GRR,MI,AGL,CE,Towers with Radar,58,113,80,0,251,4,23,0,0,27,62,136,80,0,278,0,0,0,278
03/14/2000,GRR,MI,AGL,CE,Towers with Radar,71,143,109,0,323,0,7,46,0,53,71,150,155,0,376,24,0,24,400
03/15/2000,GRR,MI,AGL,CE,Towers with Radar,62,54,93,0,209,7,0,51,0,58,69,54,144,0,267,6,0,6,273
03/16/2000,GRR,MI,AGL,CE,Towers with Radar,65,129,99,0,293,0,4,23,0,27,65,133,122,0,320,54,0,54,374
03/17/2000,GRR,MI,AGL,CE,Towers with Radar,68,149,114,0,331,0,2,91,0,93,68,151,205,0,424,102,0,102,526
03/18/2000,GRR,MI,AGL,CE,Towers with Radar,35,61,52,0,148,19,0,55,4,78,54,61,107,4,226,36,12,48,274
03/19/2000,GRR,MI,AGL,CE,Towers with Radar,32,59,46,0,137,19,0,0,0,19,51,59,46,0,156,16,0,16,172
03/20/2000,GRR,MI,AGL,CE,Towers with Radar,52,116,92,0,260,0,0,20,0,20,52,116,112,0,280,2,0,2,282
03/21/2000,GRR,MI,AGL,CE,Towers with Radar,60,149,114,0,323,0,0,19,0,19,60,149,133,0,342,6,0,6,348
03/22/2000,GRR,MI,AGL,CE,Towers with Radar,66,141,120,0,327,0,0,51,0,51,66,141,171,0,378,0,0,0,378
03/23/2000,GRR,MI,AGL,CE,Towers with Radar,65,138,108,1,312,0,0,106,1,107,65,138,214,2,419,77,0,77,496
03/24/2000,GRR,MI,AGL,CE,Towers with Radar,67,144,111,0,322,0,6,48,0,54,67,150,159,0,376,54,0,54,430
03/25/2000,GRR,MI,AGL,CE,Towers with Radar,37,66,55,0,158,20,0,25,0,45,57,66,80,0,203,10,0,10,213
03/26/2000,GRR,MI,AGL,CE,Towers with Radar,37,68,54,0,159,13,9,83,0,105,50,77,137,0,264,114,0,114,378
03/27/2000,GRR,MI,AGL,CE,Towers with Radar,62,117,91,0,270,11,11,5,0,27,73,128,96,0,297,6,0,6,303
03/28/2000,GRR,MI,AGL,CE,Towers with Radar,67,131,101,1,300,0,7,11,3,21,67,138,112,4,321,18,4,22,343
03/29/2000,GRR,MI,AGL,CE,Towers with Radar,62,117,91,0,270,13,16,60,0,89,75,133,151,0,359,60,0,60,419
03/30/2000,GRR,MI,AGL,CE,Towers with Radar,70,142,109,0,321,0,3,141,0,144,70,145,250,0,465,104,0,104,569
03/31/2000,GRR,MI,AGL,CE,Towers with Radar,67,126,98,1,292,8,13,103,0,124,75,139,201,1,416,126,2,128,544
04/01/2000,GRR,MI,AGL,CE,Towers with Radar,34,70,54,0,158,27,0,28,0,55,61,70,82,0,213,78,0,78,291
04/02/2000,GRR,MI,AGL,CE,Towers with Radar,38,89,59,0,186,9,0,13,2,24,47,89,72,2,210,16,0,16,226
04/03/2000,GRR,MI,AGL,CE,Towers with Radar,55,143,92,0,290,0,14,17,0,31,55,157,109,0,321,60,0,60,381
04/04/2000,GRR,MI,AGL,CE,Towers with Radar,65,155,98,0,318,8,3,0,6,17,73,158,98,6,335,4,4,8,343
04/05/2000,GRR,MI,AGL,CE,Towers with Radar,61,157,100,0,318,0,8,71,0,79,61,165,171,0,397,40,0,40,437
04/06/2000,GRR,MI,AGL,CE,Towers with Radar,50,152,96,0,298,0,3,29,0,32,50,155,125,0,330,14,0,14,344
04/07/2000,GRR,MI,AGL,CE,Towers with Radar,58,144,71,0,273,0,3,33,0,36,58,147,104,0,309,28,0,28,337
04/08/2000,GRR,MI,AGL,CE,Towers with Radar,55,80,46,0,181,0,5,30,0,35,55,85,76,0,216,38,0,38,254
04/09/2000,GRR,MI,AGL,CE,Towers with Radar,55,88,26,0,169,0,4,14,0,18,55,92,40,0,187,8,0,8,195
04/10/2000,GRR,MI,AGL,CE,Towers with Radar,50,135,86,0,271,0,27,82,0,109,50,162,168,0,380,114,0,114,494
04/11/2000,GRR,MI,AGL,CE,Towers with Radar,57,164,105,0,326,0,6,12,0,18,57,170,117,0,344,8,0,8,352
04/12/2000,GRR,MI,AGL,CE,Towers with Radar,68,157,142,0,367,0,3,65,0,68,68,160,207,0,435,122,0,122,557
04/13/2000,GRR,MI,AGL,CE,Towers with Radar,56,169,104,12,341,0,4,36,1,41,56,173,140,13,382,73,33,106,488
04/14/2000,GRR,MI,AGL,CE,Towers with Radar,63,155,94,1,313,0,6,87,1,94,63,161,181,2,407,71,0,71,478
04/15/2000,GRR,MI,AGL,CE,Towers with Radar,57,89,88,0,234,0,1,74,0,75,57,90,162,0,309,86,0,86,395
04/16/2000,GRR,MI,AGL,CE,Towers with Radar,46,92,48,0,186,0,2,29,0,31,46,94,77,0,217,80,0,80,297
04/17/2000,GRR,MI,AGL,CE,Towers with Radar,51,160,91,0,302,0,3,19,0,22,51,163,110,0,324,18,0,18,342
04/18/2000,GRR,MI,AGL,CE,Towers with Radar,70,172,126,1,369,0,0,68,12,80,70,172,194,13,449,23,0,23,472
04/19/2000,GRR,MI,AGL,CE,Towers with Radar,55,166,127,0,348,0,1,2,0,3,55,167,129,0,351,4,0,4,355
04/20/2000,GRR,MI,AGL,CE,Towers with Radar,57,151,85,0,293,1,1,0,0,2,58,152,85,0,295,6,0,6,301
04/21/2000,GRR,MI,AGL,CE,Towers with Radar,62,148,91,2,303,0,1,5,0,6,62,149,96,2,309,0,0,0,309
04/22/2000,GRR,MI,AGL,CE,Towers with Radar,37,87,56,0,180,9,7,62,1,79,46,94,118,1,259,78,0,78,337
04/23/2000,GRR,MI,AGL,CE,Towers with Radar,50,95,28,2,175,1,6,39,0,46,51,101,67,2,221,0,0,0,221
04/24/2000,GRR,MI,AGL,CE,Towers with Radar,47,156,121,7,331,1,4,92,2,99,48,160,213,9,430,54,12,66,496
04/25/2000,GRR,MI,AGL,CE,Towers with Radar,63,158,97,1,319,0,5,145,2,152,63,163,242,3,471,68,0,68,539
04/26/2000,GRR,MI,AGL,CE,Towers with Radar,64,171,110,0,345,0,0,105,0,105,64,171,215,0,450,86,0,86,536
04/27/2000,GRR,MI,AGL,CE,Towers with Radar,59,151,95,0,305,0,9,119,0,128,59,160,214,0,433,89,0,89,522
04/28/2000,GRR,MI,AGL,CE,Towers with Radar,63,144,96,0,303,1,6,102,0,109,64,150,198,0,412,58,0,58,470
04/29/2000,GRR,MI,AGL,CE,Towers with Radar,39,82,60,0,181,14,0,46,0,60,53,82,106,0,241,64,0,64,305
04/30/2000,GRR,MI,AGL,CE,Towers with Radar,44,101,42,0,187,1,5,88,0,94,45,106,130,0,281,80,0,80,361
05/01/2000,GRR,MI,AGL,CE,Towers with Radar,52,141,91,0,284,0,17,17,0,34,52,158,108,0,318,32,0,32,350
05/02/2000,GRR,MI,AGL,CE,Towers with Radar,65,148,96,0,309,24,13,110,2,149,89,161,206,2,458,84,2,86,544
05/03/2000,GRR,MI,AGL,CE,Towers with Radar,64,166,124,0,354,0,5,87,0,92,64,171,211,0,446,66,0,66,512
05/04/2000,GRR,MI,AGL,CE,Towers with Radar,56,186,122,0,364,0,0,64,0,64,56,186,186,0,428,62,0,62,490
05/05/2000,GRR,MI,AGL,CE,Towers with Radar,55,145,94,0,294,0,16,52,0,68,55,161,146,0,362,64,0,64,426
05/06/2000,GRR,MI,AGL,CE,Towers with Radar,60,71,45,1,177,0,32,303,6,341,60,103,348,7,518,32,2,34,552
05/07/2000,GRR,MI,AGL,CE,Towers with Radar,57,90,36,0,183,0,0,34,0,34,57,90,70,0,217,76,0,76,293
05/08/2000,GRR,MI,AGL,CE,Towers with Radar,58,164,85,0,307,0,0,19,0,19,58,164,104,0,326,4,0,4,330
05/09/2000,GRR,MI,AGL,CE,Towers with Radar,72,166,110,1,349,0,0,10,1,11,72,166,120,2,360,0,0,0,360
05/10/2000,GRR,MI,AGL,CE,Towers with Radar,59,176,111,1,347,0,1,89,1,91,59,177,200,2,438,110,0,110,548
05/11/2000,GRR,MI,AGL,CE,Towers with Radar,59,180,132,7,378,0,2,71,2,75,59,182,203,9,453,46,14,60,513
05/12/2000,GRR,MI,AGL,CE,Towers with Radar,59,150,89,0,298,0,1,15,34,50,59,151,104,34,348,0,0,0,348
05/13/2000,GRR,MI,AGL,CE,Towers with Radar,42,89,26,1,158,0,1,24,1,26,42,90,50,2,184,44,6,50,234
05/14/2000,GRR,MI,AGL,CE,Towers with Radar,54,104,27,1,186,0,1,31,0,32,54,105,58,1,218,12,2,14,232
05/15/2000,GRR,MI,AGL,CE,Towers with Radar,52,160,90,0,302,0,2,104,0,106,52,162,194,0,408,84,0,84,492
05/16/2000,GRR,MI,AGL,CE,Towers with Radar,53,153,141,0,347,0,1,10,0,11,53,154,151,0,358,24,0,24,382
05/17/2000,GRR,MI,AGL,CE,Towers with Radar,90,144,121,0,355,0,0,39,2,41,90,144,160,2,396,48,0,48,444
05/18/2000,GRR,MI,AGL,CE,Towers with Radar,54,128,80,0,262,0,7,0,0,7,54,135,80,0,269,0,0,0,269
05/19/2000,GRR,MI,AGL,CE,Towers with Radar,47,98,106,0,251,0,0,50,0,50,47,98,156,0,301,106,0,106,407
05/20/2000,GRR,MI,AGL,CE,Towers with Radar,48,98,68,0,214,18,72,64,0,154,66,170,132,0,368,24,0,24,392
05/21/2000,GRR,MI,AGL,CE,Towers with Radar,37,85,54,0,176,12,14,44,0,70,49,99,98,0,246,82,0,82,328
05/22/2000,GRR,MI,AGL,CE,Towers with Radar,68,153,120,0,341,0,0,41,0,41,68,153,161,0,382,64,0,64,446
05/23/2000,GRR,MI,AGL,CE,Towers with Radar,59,152,156,14,381,0,0,46,0,46,59,152,202,14,427,34,14,48,475
05/24/2000,GRR,MI,AGL,CE,Towers with Radar,79,154,110,0,343,0,2,61,0,63,79,156,171,0,406,40,0,40,446
05/25/2000,GRR,MI,AGL,CE,Towers with Radar,63,164,156,0,383,0,5,84,0,89,63,169,240,0,472,128,0,128,600
05/26/2000,GRR,MI,AGL,CE,Towers with Radar,65,168,111,1,345,0,1,77,0,78,65,169,188,1,423,140,0,140,563
05/27/2000,GRR,MI,AGL,CE,Towers with Radar,29,71,34,0,134,13,12,0,0,25,42,83,34,0,159,16,0,16,175
05/28/2000,GRR,MI,AGL,CE,Towers with Radar,29,68,34,0,131,22,0,0,0,22,51,68,34,0,153,0,0,0,153
05/29/2000,GRR,MI,AGL,CE,Towers with Radar,43,97,42,0,182,0,0,63,0,63,43,97,105,0,245,86,0,86,331
05/30/2000,GRR,MI,AGL,CE,Towers with Radar,48,152,103,0,303,0,0,63,2,65,48,152,166,2,368,32,0,32,400
05/31/2000,GRR,MI,AGL,CE,Towers with Radar,60,155,145,0,360,0,2,16,0,18,60,157,161,0,378,30,0,30,408
06/01/2000,GRR,MI,AGL,CE,Towers with Radar,65,171,88,0,324,0,5,18,0,23,65,176,106,0,347,0,0,0,347
06/02/2000,GRR,MI,AGL,CE,Towers with Radar,60,147,130,0,337,0,5,22,0,27,60,152,152,0,364,16,0,16,380
06/03/2000,GRR,MI,AGL,CE,Towers with Radar,44,82,52,0,178,0,8,0,0,8,44,90,52,0,186,124,0,124,310
06/04/2000,GRR,MI,AGL,CE,Towers with Radar,54,94,47,13,208,0,5,46,1,52,54,99,93,14,260,96,30,126,386
06/05/2000,GRR,MI,AGL,CE,Towers with Radar,52,154,117,0,323,0,4,35,0,39,52,158,152,0,362,12,0,12,374
06/06/2000,GRR,MI,AGL,CE,Towers with Radar,58,148,105,0,311,0,10,130,0,140,58,158,235,0,451,150,0,150,601
06/07/2000,GRR,MI,AGL,CE,Towers with Radar,59,153,124,0,336,0,6,116,0,122,59,159,240,0,458,138,0,138,596
06/08/2000,GRR,MI,AGL,CE,Towers with Radar,61,166,135,0,362,0,13,63,0,76,61,179,198,0,438,89,0,89,527
06/09/2000,GRR,MI,AGL,CE,Towers with Radar,64,166,104,0,334,0,6,96,1,103,64,172,200,1,437,144,0,144,581
06/10/2000,GRR,MI,AGL,CE,Towers with Radar,35,78,58,0,171,19,17,25,1,62,54,95,83,1,233,32,2,34,267
06/11/2000,GRR,MI,AGL,CE,Towers with Radar,43,94,26,0,163,0,5,1,0,6,43,99,27,0,169,0,0,0,169
06/12/2000,GRR,MI,AGL,CE,Towers with Radar,52,143,102,0,297,0,4,0,0,4,52,147,102,0,301,2,0,2,303
06/13/2000,GRR,MI,AGL,CE,Towers with Radar,49,140,95,0,284,0,7,4,0,11,49,147,99,0,295,0,0,0,295
06/14/2000,GRR,MI,AGL,CE,Towers with Radar,52,140,105,0,297,0,0,79,2,81,52,140,184,2,378,38,0,38,416
06/15/2000,GRR,MI,AGL,CE,Towers with Radar,77,142,123,4,346,0,15,58,0,73,77,157,181,4,419,56,0,56,475
06/16/2000,GRR,MI,AGL,CE,Towers with Radar,56,138,85,13,292,0,5,40,1,46,56,143,125,14,338,10,24,34,372
06/17/2000,GRR,MI,AGL,CE,Towers with Radar,55,84,54,0,193,0,7,68,0,75,55,91,122,0,268,120,0,120,388
06/18/2000,GRR,MI,AGL,CE,Towers with Radar,48,90,30,0,168,0,6,53,0,59,48,96,83,0,227,12,0,12,239
06/19/2000,GRR,MI,AGL,CE,Towers with Radar,59,172,111,0,342,0,7,101,0,108,59,179,212,0,450,26,0,26,476
06/20/2000,GRR,MI,AGL,CE,Towers with Radar,59,145,175,0,379,0,4,48,0,52,59,149,223,0,431,7,0,7,438
06/21/2000,GRR,MI,AGL,CE,Towers with Radar,56,159,111,0,326,0,12,48,0,60,56,171,159,0,386,30,0,30,416
06/22/2000,GRR,MI,AGL,CE,Towers with Radar,51,74,95,0,220,0,0,86,0,86,51,74,181,0,306,54,0,54,360
06/23/2000,GRR,MI,AGL,CE,Towers with Radar,47,151,106,1,305,0,9,106,1,116,47,160,212,2,421,70,0,70,491
06/24/2000,GRR,MI,AGL,CE,Towers with Radar,36,78,60,0,174,22,0,11,0,33,58,78,71,0,207,40,0,40,247
06/25/2000,GRR,MI,AGL,CE,Towers with Radar,33,76,51,0,160,18,14,0,0,32,51,90,51,0,192,8,0,8,200
06/26/2000,GRR,MI,AGL,CE,Towers with Radar,46,155,107,0,308,0,5,28,0,33,46,160,135,0,341,18,0,18,359
06/27/2000,GRR,MI,AGL,CE,Towers with Radar,61,160,115,0,336,0,0,115,0,115,61,160,230,0,451,70,0,70,521
06/28/2000,GRR,MI,AGL,CE,Towers with Radar,64,147,118,0,329,0,0,172,0,172,64,147,290,0,501,74,0,74,575
06/29/2000,GRR,MI,AGL,CE,Towers with Radar,55,162,138,0,355,0,7,67,0,74,55,169,205,0,429,72,0,72,501
06/30/2000,GRR,MI,AGL,CE,Towers with Radar,69,154,90,0,313,0,11,133,0,144,69,165,223,0,457,0,0,0,457
07/01/2000,GRR,MI,AGL,CE,Towers with Radar,36,80,50,0,166,24,11,61,0,96,60,91,111,0,262,78,0,78,340
07/02/2000,GRR,MI,AGL,CE,Towers with Radar,48,85,29,0,162,0,3,42,0,45,48,88,71,0,207,20,0,20,227
07/03/2000,GRR,MI,AGL,CE,Towers with Radar,41,86,39,1,167,15,13,0,0,28,56,99,39,1,195,4,0,4,199
07/04/2000,GRR,MI,AGL,CE,Towers with Radar,39,102,20,0,161,0,0,50,0,50,39,102,70,0,211,28,0,28,239
07/05/2000,GRR,MI,AGL,CE,Towers with Radar,57,164,78,0,299,0,3,89,0,92,57,167,167,0,391,76,0,76,467
07/06/2000,GRR,MI,AGL,CE,Towers with Radar,53,160,92,0,305,0,2,66,1,69,53,162,158,1,374,86,0,86,460
07/07/2000,GRR,MI,AGL,CE,Towers with Radar,51,154,100,2,307,0,2,88,1,91,51,156,188,3,398,100,2,102,500
07/08/2000,GRR,MI,AGL,CE,Towers with Radar,34,70,43,0,147,17,18,5,0,40,51,88,48,0,187,16,0,16,203
07/09/2000,GRR,MI,AGL,CE,Towers with Radar,41,86,53,0,180,21,0,6,0,27,62,86,59,0,207,10,0,10,217
07/10/2000,GRR,MI,AGL,CE,Towers with Radar,49,157,83,0,289,0,0,28,0,28,49,157,111,0,317,22,0,22,339
07/11/2000,GRR,MI,AGL,CE,Towers with Radar,62,186,110,0,358,0,4,93,0,97,62,190,203,0,455,114,0,114,569
07/12/2000,GRR,MI,AGL,CE,Towers with Radar,82,145,93,0,320,0,7,84,0,91,82,152,177,0,411,164,0,164,575
07/13/2000,GRR,MI,AGL,CE,Towers with Radar,69,174,100,0,343,0,4,105,0,109,69,178,205,0,452,160,0,160,612
07/14/2000,GRR,MI,AGL,CE,Towers with Radar,67,160,102,0,329,0,4,72,0,76,67,164,174,0,405,48,0,48,453
07/15/2000,GRR,MI,AGL,CE,Towers with Radar,48,103,64,0,215,0,3,57,0,60,48,106,121,0,275,78,0,78,353
07/16/2000,GRR,MI,AGL,CE,Towers with Radar,53,80,41,0,174,0,7,67,0,74,53,87,108,0,248,48,0,48,296
07/17/2000,GRR,MI,AGL,CE,Towers with Radar,51,156,91,0,298,0,0,85,0,85,51,156,176,0,383,98,0,98,481
07/18/2000,GRR,MI,AGL,CE,Towers with Radar,81,144,132,0,357,0,2,100,0,102,81,146,232,0,459,106,0,106,565
07/19/2000,GRR,MI,AGL,CE,Towers with Radar,102,107,128,0,337,0,0,105,0,105,102,107,233,0,442,136,0,136,578
07/20/2000,GRR,MI,AGL,CE,Towers with Radar,54,161,123,5,343,0,9,61,1,71,54,170,184,6,414,44,26,70,484
07/21/2000,GRR,MI,AGL,CE,Towers with Radar,74,140,112,9,335,0,4,84,1,89,74,144,196,10,424,112,12,124,548
07/22/2000,GRR,MI,AGL,CE,Towers with Radar,41,83,51,0,175,13,5,61,4,83,54,88,112,4,258,88,0,88,346
07/23/2000,GRR,MI,AGL,CE,Towers with Radar,46,101,50,9,206,0,0,60,2,62,46,101,110,11,268,84,0,84,352
07/24/2000,GRR,MI,AGL,CE,Towers with Radar,53,151,95,1,300,0,44,83,6,133,53,195,178,7,433,76,0,76,509
07/25/2000,GRR,MI,AGL,CE,Towers with Radar,73,151,140,10,374,0,1,117,4,122,73,152,257,14,496,96,18,114,610
07/26/2000,GRR,MI,AGL,CE,Towers with Radar,129,103,140,2,374,0,3,56,1,60,129,106,196,3,434,68,8,76,510
07/27/2000,GRR,MI,AGL,CE,Towers with Radar,46,163,110,0,319,0,1,42,0,43,46,164,152,0,362,22,0,22,384
07/28/2000,GRR,MI,AGL,CE,Towers with Radar,52,140,114,1,307,0,0,25,0,25,52,140,139,1,332,4,0,4,336
07/29/2000,GRR,MI,AGL,CE,Towers with Radar,63,84,42,0,189,0,2,23,0,25,63,86,65,0,214,8,0,8,222
07/30/2000,GRR,MI,AGL,CE,Towers with Radar,49,92,34,1,176,0,0,1,0,1,49,92,35,1,177,0,0,0,177
07/31/2000,GRR,MI,AGL,CE,Towers with Radar,76,159,98,0,333,0,0,25,0,25,76,159,123,0,358,48,0,48,406
08/01/2000,GRR,MI,AGL,CE,Towers with Radar,57,159,116,0,332,0,3,47,0,50,57,162,163,0,382,68,0,68,450
08/02/2000,GRR,MI,AGL,CE,Towers with Radar,80,108,119,0,307,40,0,39,0,79,120,108,158,0,386,100,0,100,486
08/03/2000,GRR,MI,AGL,CE,Towers with Radar,75,143,112,1,331,19,0,134,0,153,94,143,246,1,484,162,0,162,646
08/04/2000,GRR,MI,AGL,CE,Towers with Radar,56,100,101,0,257,0,0,76,0,76,56,100,177,0,333,58,0,58,391
08/05/2000,GRR,MI,AGL,CE,Towers with Radar,48,94,70,1,213,3,0,45,8,56,51,94,115,9,269,82,20,102,371
08/06/2000,GRR,MI,AGL,CE,Towers with Radar,41,86,53,0,180,9,10,0,0,19,50,96,53,0,199,4,0,4,203
08/07/2000,GRR,MI,AGL,CE,Towers with Radar,48,153,84,0,285,0,5,68,0,73,48,158,152,0,358,44,0,44,402
08/08/2000,GRR,MI,AGL,CE,Towers with Radar,53,135,93,0,281,0,26,35,0,61,53,161,128,0,342,22,0,22,364
08/09/2000,GRR,MI,AGL,CE,Towers with Radar,57,159,117,0,333,0,4,80,0,84,57,163,197,0,417,108,0,108,525
08/10/2000,GRR,MI,AGL,CE,Towers with Radar,60,168,125,0,353,0,9,123,0,132,60,177,248,0,485,164,0,164,649
08/11/2000,GRR,MI,AGL,CE,Towers with Radar,55,145,99,0,299,0,9,64,0,73,55,154,163,0,372,164,0,164,536
08/12/2000,GRR,MI,AGL,CE,Towers with Radar,34,72,48,0,154,16,11,55,0,82,50,83,103,0,236,90,0,90,326
08/13/2000,GRR,MI,AGL,CE,Towers with Radar,40,86,58,0,184,5,15,39,0,59,45,101,97,0,243,32,0,32,275
08/14/2000,GRR,MI,AGL,CE,Towers with Radar,56,139,96,0,291,0,6,89,0,95,56,145,185,0,386,58,0,58,444
08/15/2000,GRR,MI,AGL,CE,Towers with Radar,59,154,106,0,319,0,21,51,0,72,59,175,157,0,391,88,0,88,479
08/16/2000,GRR,MI,AGL,CE,Towers with Radar,65,158,109,0,332,0,1,3,0,4,65,159,112,0,336,0,0,0,336
08/17/2000,GRR,MI,AGL,CE,Towers with Radar,51,149,109,2,311,0,0,5,10,15,51,149,114,12,326,2,0,2,328
08/18/2000,GRR,MI,AGL,CE,Towers with Radar,78,152,130,0,360,0,4,62,0,66,78,156,192,0,426,64,0,64,490
08/19/2000,GRR,MI,AGL,CE,Towers with Radar,54,86,36,25,201,0,1,171,0,172,54,87,207,25,373,128,14,142,515
08/20/2000,GRR,MI,AGL,CE,Towers with Radar,58,89,30,0,177,0,2,63,0,65,58,91,93,0,242,38,0,38,280
08/21/2000,GRR,MI,AGL,CE,Towers with Radar,51,159,113,0,323,0,6,89,0,95,51,165,202,0,418,104,0,104,522
08/22/2000,GRR,MI,AGL,CE,Towers with Radar,59,144,101,0,304,0,3,42,0,45,59,147,143,0,349,10,0,10,359
08/23/2000,GRR,MI,AGL,CE,Towers with Radar,56,165,131,0,352,0,6,38,0,44,56,171,169,0,396,55,0,55,451
08/24/2000,GRR,MI,AGL,CE,Towers with Radar,22,175,120,0,317,0,9,68,0,77,22,184,188,0,394,73,0,73,467
08/25/2000,GRR,MI,AGL,CE,Towers with Radar,70,160,96,0,326,0,8,91,0,99,70,168,187,0,425,86,0,86,511
08/26/2000,GRR,MI,AGL,CE,Towers with Radar,35,74,48,1,158,20,12,48,0,80,55,86,96,1,238,80,0,80,318
08/27/2000,GRR,MI,AGL,CE,Towers with Radar,39,83,0,0,122,10,14,0,0,24,49,97,0,0,146,18,0,18,164
08/28/2000,GRR,MI,AGL,CE,Towers with Radar,71,148,104,0,323,0,0,23,0,23,71,148,127,0,346,2,0,2,348
08/29/2000,GRR,MI,AGL,CE,Towers with Radar,61,168,136,0,365,0,1,32,1,34,61,169,168,1,399,16,0,16,415
08/30/2000,GRR,MI,AGL,CE,Towers with Radar,58,182,135,16,391,0,4,99,0,103,58,186,234,16,494,40,18,58,552
08/31/2000,GRR,MI,AGL,CE,Towers with Radar,86,152,163,1,402,0,4,68,0,72,86,156,231,1,474,74,2,76,550
09/01/2000,GRR,MI,AGL,CE,Towers with Radar,53,162,108,2,325,12,7,56,0,75,65,169,164,2,400,74,0,74,474
09/02/2000,GRR,MI,AGL,CE,Towers with Radar,46,74,28,0,148,1,5,9,0,15,47,79,37,0,163,0,0,0,163
09/03/2000,GRR,MI,AGL,CE,Towers with Radar,41,60,19,0,120,1,6,16,0,23,42,66,35,0,143,8,0,8,151
09/04/2000,GRR,MI,AGL,CE,Towers with Radar,35,85,64,0,184,11,10,5,0,26,46,95,69,0,210,12,0,12,222
09/05/2000,GRR,MI,AGL,CE,Towers with Radar,53,151,137,3,344,1,8,70,0,79,54,159,207,3,423,40,0,40,463
09/06/2000,GRR,MI,AGL,CE,Towers with Radar,56,149,112,0,317,0,23,89,0,112,56,172,201,0,429,82,0,82,511
09/07/2000,GRR,MI,AGL,CE,Towers with Radar,58,162,126,0,346,1,9,80,0,90,59,171,206,0,436,80,0,80,516
09/08/2000,GRR,MI,AGL,CE,Towers with Radar,49,149,155,3,356,1,4,42,0,47,50,153,197,3,403,18,0,18,421
09/09/2000,GRR,MI,AGL,CE,Towers with Radar,38,92,69,0,199,6,4,77,0,87,44,96,146,0,286,62,0,62,348
09/10/2000,GRR,MI,AGL,CE,Towers with Radar,37,82,65,0,184,6,0,0,0,6,43,82,65,0,190,8,0,8,198
09/11/2000,GRR,MI,AGL,CE,Towers with Radar,48,116,98,0,262,1,3,9,0,13,49,119,107,0,275,6,0,6,281
09/12/2000,GRR,MI,AGL,CE,Towers with Radar,72,165,147,0,384,1,2,90,0,93,73,167,237,0,477,80,0,80,557
09/13/2000,GRR,MI,AGL,CE,Towers with Radar,59,152,136,27,374,1,6,105,0,112,60,158,241,27,486,118,24,142,628
09/14/2000,GRR,MI,AGL,CE,Towers with Radar,60,164,147,1,372,0,0,49,0,49,60,164,196,1,421,96,0,96,517
09/15/2000,GRR,MI,AGL,CE,Towers with Radar,61,149,110,3,323,1,19,52,7,79,62,168,162,10,402,60,28,88,490
09/16/2000,GRR,MI,AGL,CE,Towers with Radar,46,90,108,0,244,0,0,0,0,0,46,90,108,0,244,64,0,64,308
09/17/2000,GRR,MI,AGL,CE,Towers with Radar,33,80,59,0,172,12,12,36,0,60,45,92,95,0,232,36,0,36,268
09/18/2000,GRR,MI,AGL,CE,Towers with Radar,52,151,93,0,296,1,9,55,0,65,53,160,148,0,361,82,0,82,443
09/19/2000,GRR,MI,AGL,CE,Towers with Radar,55,117,101,3,276,1,4,72,0,77,56,121,173,3,353,44,0,44,397
09/20/2000,GRR,MI,AGL,CE,Towers with Radar,60,172,114,0,346,1,3,11,0,15,61,175,125,0,361,28,0,28,389
09/21/2000,GRR,MI,AGL,CE,Towers with Radar,69,157,128,13,367,1,9,72,0,82,70,166,200,13,449,150,18,168,617
09/22/2000,GRR,MI,AGL,CE,Towers with Radar,51,147,107,3,308,1,7,46,1,55,52,154,153,4,363,30,6,36,399
09/23/2000,GRR,MI,AGL,CE,Towers with Radar,53,93,33,1,180,2,7,8,0,17,55,100,41,1,197,4,0,4,201
09/24/2000,GRR,MI,AGL,CE,Towers with Radar,44,81,45,0,170,1,4,71,0,76,45,85,116,0,246,54,0,54,300
09/25/2000,GRR,MI,AGL,CE,Towers with Radar,49,133,109,3,294,1,12,62,0,75,50,145,171,3,369,28,2,30,399
09/26/2000,GRR,MI,AGL,CE,Towers with Radar,56,141,105,0,302,0,20,68,0,88,56,161,173,0,390,14,0,14,404
09/27/2000,GRR,MI,AGL,CE,Towers with Radar,58,155,157,4,374,1,5,94,0,100,59,160,251,4,474,52,0,52,526
09/28/2000,GRR,MI,AGL,CE,Towers with Radar,63,167,125,4,359,0,4,134,29,167,63,171,259,33,526,93,28,121,647
09/29/2000,GRR,MI,AGL,CE,Towers with Radar,54,132,100,0,286,6,33,94,0,133,60,165,194,0,419,44,0,44,463
09/30/2000,GRR,MI,AGL,CE,Towers with Radar,43,96,35,0,174,1,4,43,0,48,44,100,78,0,222,34,0,34,256
10/01/2000,GRR,MI,AGL,CE,Towers with Radar,43,91,31,0,165,2,0,47,0,49,45,91,78,0,214,62,0,62,276
10/02/2000,GRR,MI,AGL,CE,Towers with Radar,50,144,95,0,289,1,3,38,0,42,51,147,133,0,331,12,0,12,343
10/03/2000,GRR,MI,AGL,CE,Towers with Radar,71,147,116,0,334,1,4,40,1,46,72,151,156,1,380,64,6,70,450
10/04/2000,GRR,MI,AGL,CE,Towers with Radar,62,146,127,0,335,59,0,17,0,76,121,146,144,0,411,82,0,82,493
10/05/2000,GRR,MI,AGL,CE,Towers with Radar,59,150,103,17,329,1,0,7,1,9,60,150,110,18,338,42,68,110,448
10/06/2000,GRR,MI,AGL,CE,Towers with Radar,54,161,95,0,310,1,4,21,0,26,55,165,116,0,336,26,0,26,362
10/07/2000,GRR,MI,AGL,CE,Towers with Radar,45,86,52,0,183,1,0,34,0,35,46,86,86,0,218,54,0,54,272
10/08/2000,GRR,MI,AGL,CE,Towers with Radar,46,94,47,0,187,1,1,9,0,11,47,95,56,0,198,10,0,10,208
10/09/2000,GRR,MI,AGL,CE,Towers with Radar,50,116,84,0,250,4,29,47,0,80,54,145,131,0,330,56,0,56,386
10/10/2000,GRR,MI,AGL,CE,Towers with Radar,60,158,113,2,333,0,11,125,6,142,60,169,238,8,475,32,16,48,523
10/11/2000,GRR,MI,AGL,CE,Towers with Radar,83,139,102,13,337,1,5,83,1,90,84,144,185,14,427,0,8,8,435
10/12/2000,GRR,MI,AGL,CE,Towers with Radar,62,163,117,0,342,0,2,90,0,92,62,165,207,0,434,64,0,64,498
10/13/2000,GRR,MI,AGL,CE,Towers with Radar,63,154,111,2,330,0,0,87,3,90,63,154,198,5,420,126,0,126,546
10/14/2000,GRR,MI,AGL,CE,Towers with Radar,46,90,48,0,184,1,3,33,0,37,47,93,81,0,221,70,0,70,291
10/15/2000,GRR,MI,AGL,CE,Towers with Radar,46,91,46,0,183,0,0,14,0,14,46,91,60,0,197,4,0,4,201
10/16/2000,GRR,MI,AGL,CE,Towers with Radar,56,141,117,0,314,0,0,36,0,36,56,141,153,0,350,18,0,18,368
10/17/2000,GRR,MI,AGL,CE,Towers with Radar,62,159,148,21,390,0,1,48,1,50,62,160,196,22,440,86,34,120,560
10/18/2000,GRR,MI,AGL,CE,Towers with Radar,61,170,137,14,382,0,4,81,1,86,61,174,218,15,468,160,10,170,638
10/19/2000,GRR,MI,AGL,CE,Towers with Radar,62,142,102,0,306,0,12,141,0,153,62,154,243,0,459,114,0,114,573
10/20/2000,GRR,MI,AGL,CE,Towers with Radar,72,150,85,0,307,0,7,71,0,78,72,157,156,0,385,94,0,94,479
10/21/2000,GRR,MI,AGL,CE,Towers with Radar,34,77,56,0,167,9,13,57,0,79,43,90,113,0,246,62,0,62,308
10/22/2000,GRR,MI,AGL,CE,Towers with Radar,39,87,63,0,189,17,8,79,0,104,56,95,142,0,293,38,0,38,331
10/23/2000,GRR,MI,AGL,CE,Towers with Radar,65,140,107,0,312,0,0,5,0,5,65,140,112,0,317,26,0,26,343
10/24/2000,GRR,MI,AGL,CE,Towers with Radar,66,147,100,4,317,0,0,3,1,4,66,147,103,5,321,24,0,24,345
10/25/2000,GRR,MI,AGL,CE,Towers with Radar,55,121,105,0,281,0,2,23,0,25,55,123,128,0,306,104,0,104,410
10/26/2000,GRR,MI,AGL,CE,Towers with Radar,60,146,119,0,325,0,0,29,0,29,60,146,148,0,354,112,0,112,466
10/27/2000,GRR,MI,AGL,CE,Towers with Radar,60,145,104,0,309,0,8,55,0,63,60,153,159,0,372,94,0,94,466
10/28/2000,GRR,MI,AGL,CE,Towers with Radar,35,83,60,0,178,18,13,55,0,86,53,96,115,0,264,118,0,118,382
10/29/2000,GRR,MI,AGL,CE,Towers with Radar,47,87,42,0,176,1,2,86,0,89,48,89,128,0,265,62,0,62,327
10/30/2000,GRR,MI,AGL,CE,Towers with Radar,54,136,115,0,305,1,9,79,0,89,55,145,194,0,394,62,0,62,456
10/31/2000,GRR,MI,AGL,CE,Towers with Radar,51,132,94,2,279,0,21,93,3,117,51,153,187,5,396,64,10,74,470
11/01/2000,GRR,MI,AGL,CE,Towers with Radar,69,153,111,3,336,0,0,104,9,113,69,153,215,12,449,84,34,118,567
11/02/2000,GRR,MI,AGL,CE,Towers with Radar,57,160,111,0,328,0,0,87,0,87,57,160,198,0,415,62,0,62,477
11/03/2000,GRR,MI,AGL,CE,Towers with Radar,67,138,96,2,303,2,0,76,1,79,69,138,172,3,382,144,0,144,526
11/04/2000,GRR,MI,AGL,CE,Towers with Radar,34,73,49,0,156,15,11,51,0,77,49,84,100,0,233,42,0,42,275
11/05/2000,GRR,MI,AGL,CE,Towers with Radar,36,78,52,0,166,13,5,67,0,85,49,83,119,0,251,42,0,42,293
11/06/2000,GRR,MI,AGL,CE,Towers with Radar,51,135,101,1,288,42,8,59,0,109,93,143,160,1,397,60,0,60,457
11/07/2000,GRR,MI,AGL,CE,Towers with Radar,55,167,91,0,313,0,2,8,0,10,55,169,99,0,323,66,0,66,389
11/08/2000,GRR,MI,AGL,CE,Towers with Radar,59,161,131,13,364,0,4,67,0,71,59,165,198,13,435,148,10,158,593
11/09/2000,GRR,MI,AGL,CE,Towers with Radar,55,146,126,0,327,0,2,2,0,4,55,148,128,0,331,12,0,12,343
11/10/2000,GRR,MI,AGL,CE,Towers with Radar,55,134,106,0,295,0,4,16,0,20,55,138,122,0,315,8,0,8,323
11/11/2000,GRR,MI,AGL,CE,Towers with Radar,39,86,55,0,180,6,6,39,0,51,45,92,94,0,231,108,0,108,339
11/12/2000,GRR,MI,AGL,CE,Towers with Radar,37,83,54,0,174,0,14,16,0,30,37,97,70,0,204,48,0,48,252
11/13/2000,GRR,MI,AGL,CE,Towers with Radar,47,142,71,0,260,0,2,1,0,3,47,144,72,0,263,0,0,0,263
11/14/2000,GRR,MI,AGL,CE,Towers with Radar,51,149,100,0,300,0,0,0,0,0,51,149,100,0,300,0,0,0,300
11/15/2000,GRR,MI,AGL,CE,Towers with Radar,58,142,121,14,335,0,4,54,0,58,58,146,175,14,393,64,20,84,477
11/16/2000,GRR,MI,AGL,CE,Towers with Radar,60,156,104,5,325,0,3,2,0,5,60,159,106,5,330,18,8,26,356
11/17/2000,GRR,MI,AGL,CE,Towers with Radar,52,146,102,0,300,0,2,8,0,10,52,148,110,0,310,10,0,10,320
11/18/2000,GRR,MI,AGL,CE,Towers with Radar,33,71,25,1,130,27,0,0,11,38,60,71,25,12,168,4,4,8,176
11/19/2000,GRR,MI,AGL,CE,Towers with Radar,59,83,44,0,186,0,3,14,0,17,59,86,58,0,203,4,0,4,207
11/20/2000,GRR,MI,AGL,CE,Towers with Radar,39,122,73,0,234,0,2,1,0,3,39,124,74,0,237,0,0,0,237
11/21/2000,GRR,MI,AGL,CE,Towers with Radar,166,141,100,0,407,0,2,6,0,8,166,143,106,0,415,0,0,0,415
11/22/2000,GRR,MI,AGL,CE,Towers with Radar,56,150,81,0,287,0,5,17,0,22,56,155,98,0,309,12,0,12,321
11/23/2000,GRR,MI,AGL,CE,Towers with Radar,45,69,11,0,125,0,3,9,0,12,45,72,20,0,137,0,0,0,137
11/24/2000,GRR,MI,AGL,CE,Towers with Radar,48,87,47,0,182,0,2,72,0,74,48,89,119,0,256,80,0,80,336
11/25/2000,GRR,MI,AGL,CE,Towers with Radar,48,85,34,0,167,0,2,44,0,46,48,87,78,0,213,32,0,32,245
11/26/2000,GRR,MI,AGL,CE,Towers with Radar,45,94,26,0,165,0,2,1,0,3,45,96,27,0,168,0,0,0,168
11/27/2000,GRR,MI,AGL,CE,Towers with Radar,45,138,125,0,308,0,4,13,0,17,45,142,138,0,325,20,0,20,345
11/28/2000,GRR,MI,AGL,CE,Towers with Radar,60,156,110,16,342,0,2,11,1,14,60,158,121,17,356,34,20,54,410
11/29/2000,GRR,MI,AGL,CE,Towers with Radar,50,163,50,0,263,0,2,4,0,6,50,165,54,0,269,0,0,0,269
11/30/2000,GRR,MI,AGL,CE,Towers with Radar,59,154,147,0,360,0,11,44,0,55,59,165,191,0,415,90,0,90,505
12/01/2000,GRR,MI,AGL,CE,Towers with Radar,54,127,76,1,258,0,21,92,6,119,54,148,168,7,377,70,8,78,455
12/02/2000,GRR,MI,AGL,CE,Towers with Radar,41,79,54,0,174,5,0,85,0,90,46,79,139,0,264,154,2,156,420
12/03/2000,GRR,MI,AGL,CE,Towers with Radar,41,78,28,0,147,1,0,67,0,68,42,78,95,0,215,54,0,54,269
12/04/2000,GRR,MI,AGL,CE,Towers with Radar,48,136,104,0,288,1,0,16,0,17,49,136,120,0,305,20,0,20,325
12/05/2000,GRR,MI,AGL,CE,Towers with Radar,60,88,13,0,161,60,0,0,0,60,120,88,13,0,221,48,16,64,285
12/06/2000,GRR,MI,AGL,CE,Towers with Radar,56,122,112,0,290,1,0,12,0,13,57,122,124,0,303,2,0,2,305
12/07/2000,GRR,MI,AGL,CE,Towers with Radar,50,123,93,0,266,1,0,0,0,1,51,123,93,0,267,2,0,2,269
12/08/2000,GRR,MI,AGL,CE,Towers with Radar,55,139,75,0,269,0,0,11,0,11,55,139,86,0,280,4,0,4,284
12/09/2000,GRR,MI,AGL,CE,Towers with Radar,36,77,46,0,159,9,9,44,0,62,45,86,90,0,221,84,0,84,305
12/10/2000,GRR,MI,AGL,CE,Towers with Radar,41,84,35,0,160,0,2,7,0,9,41,86,42,0,169,14,0,14,183
12/11/2000,GRR,MI,AGL,CE,Towers with Radar,24,36,25,0,85,0,0,1,0,1,24,36,26,0,86,0,0,0,86
12/12/2000,GRR,MI,AGL,CE,Towers with Radar,65,88,120,0,273,0,1,19,0,20,65,89,139,0,293,8,0,8,301
12/13/2000,GRR,MI,AGL,CE,Towers with Radar,39,105,114,0,258,0,0,5,0,5,39,105,119,0,263,0,0,0,263
12/14/2000,GRR,MI,AGL,CE,Towers with Radar,55,147,110,0,312,0,4,25,0,29,55,151,135,0,341,12,0,12,353
12/15/2000,GRR,MI,AGL,CE,Towers with Radar,51,120,90,10,271,0,0,10,0,10,51,120,100,10,281,44,0,44,325
12/16/2000,GRR,MI,AGL,CE,Towers with Radar,39,56,13,0,108,0,0,1,0,1,39,56,14,0,109,0,0,0,109
12/17/2000,GRR,MI,AGL,CE,Towers with Radar,45,61,15,0,121,0,0,2,0,2,45,61,17,0,123,0,0,0,123
12/18/2000,GRR,MI,AGL,CE,Towers with Radar,50,123,72,0,245,0,1,15,0,16,50,124,87,0,261,20,0,20,281
12/19/2000,GRR,MI,AGL,CE,Towers with Radar,60,121,92,0,273,0,1,40,0,41,60,122,132,0,314,56,0,56,370
12/20/2000,GRR,MI,AGL,CE,Towers with Radar,42,119,44,0,205,0,0,0,0,0,42,119,44,0,205,0,0,0,205
12/21/2000,GRR,MI,AGL,CE,Towers with Radar,54,156,102,0,312,0,0,1,0,1,54,156,103,0,313,0,0,0,313
12/22/2000,GRR,MI,AGL,CE,Towers with Radar,51,150,59,0,260,0,2,6,0,8,51,152,65,0,268,18,0,18,286
12/23/2000,GRR,MI,AGL,CE,Towers with Radar,30,64,22,0,116,16,14,0,0,30,46,78,22,0,146,0,0,0,146
12/24/2000,GRR,MI,AGL,CE,Towers with Radar,21,14,0,0,35,24,0,0,0,24,45,14,0,0,59,0,0,0,59
12/25/2000,GRR,MI,AGL,CE,Towers with Radar,42,80,9,0,131,6,2,6,0,14,48,82,15,0,145,0,0,0,145
12/26/2000,GRR,MI,AGL,CE,Towers with Radar,55,127,48,0,230,0,0,8,0,8,55,127,56,0,238,0,0,0,238
12/27/2000,GRR,MI,AGL,CE,Towers with Radar,50,102,57,2,211,0,2,9,0,11,50,104,66,2,222,24,0,24,246
12/28/2000,GRR,MI,AGL,CE,Towers with Radar,51,133,61,0,245,0,4,69,0,73,51,137,130,0,318,104,0,104,422
12/29/2000,GRR,MI,AGL,CE,Towers with Radar,42,119,43,0,204,0,0,1,0,1,42,119,44,0,205,0,0,0,205
12/30/2000,GRR,MI,AGL,CE,Towers with Radar,51,68,13,0,132,0,4,4,0,8,51,72,17,0,140,0,0,0,140
12/31/2000,GRR,MI,AGL,CE,Towers with Radar,45,55,12,0,112,0,0,23,0,23,45,55,35,0,135,24,0,24,159
01/01/2001,GRR,MI,AGL,CE,Towers with Radar,39,78,14,0,131,1,0,7,0,8,40,78,21,0,139,18,0,18,157
01/02/2001,GRR,MI,AGL,CE,Towers with Radar,44,136,41,8,229,1,3,26,0,30,45,139,67,8,259,14,8,22,281
01/03/2001,GRR,MI,AGL,CE,Towers with Radar,44,114,61,2,221,11,18,0,2,31,55,132,61,4,252,0,0,0,252
01/04/2001,GRR,MI,AGL,CE,Towers with Radar,51,132,88,2,273,1,10,21,4,36,52,142,109,6,309,32,4,36,345
01/05/2001,GRR,MI,AGL,CE,Towers with Radar,53,124,55,0,232,1,2,8,0,11,54,126,63,0,243,2,0,2,245
01/06/2001,GRR,MI,AGL,CE,Towers with Radar,44,72,47,0,163,1,0,47,0,48,45,72,94,0,211,100,0,100,311
01/07/2001,GRR,MI,AGL,CE,Towers with Radar,27,72,40,0,139,14,6,0,0,20,41,78,40,0,159,8,0,8,167
01/08/2001,GRR,MI,AGL,CE,Towers with Radar,45,133,80,0,258,1,1,67,0,69,46,134,147,0,327,64,0,64,391
01/09/2001,GRR,MI,AGL,CE,Towers with Radar,66,136,102,4,308,1,3,47,1,52,67,139,149,5,360,70,6,76,436
01/10/2001,GRR,MI,AGL,CE,Towers with Radar,54,151,121,10,336,1,2,73,1,77,55,153,194,11,413,58,20,78,491
01/11/2001,GRR,MI,AGL,CE,Towers with Radar,55,47,100,18,220,0,0,55,0,55,55,47,155,18,275,102,54,156,431
01/12/2001,GRR,MI,AGL,CE,Towers with Radar,49,131,95,0,275,0,0,4,0,4,49,131,99,0,279,12,0,12,291
01/13/2001,GRR,MI,AGL,CE,Towers with Radar,27,69,35,0,131,22,2,0,0,24,49,71,35,0,155,0,0,0,155
01/14/2001,GRR,MI,AGL,CE,Towers with Radar,36,73,19,0,128,0,0,7,0,7,36,73,26,0,135,0,0,0,135
01/15/2001,GRR,MI,AGL,CE,Towers with Radar,39,120,63,0,222,0,0,4,0,4,39,120,67,0,226,8,0,8,234
01/16/2001,GRR,MI,AGL,CE,Towers with Radar,50,141,124,0,315,0,1,21,0,22,50,142,145,0,337,30,0,30,367
01/17/2001,GRR,MI,AGL,CE,Towers with Radar,51,137,96,10,294,3,0,48,1,52,54,137,144,11,346,10,8,18,364
01/18/2001,GRR,MI,AGL,CE,Towers with Radar,61,189,181,0,431,0,1,18,0,19,61,190,199,0,450,35,0,35,485
01/19/2001,GRR,MI,AGL,CE,Towers with Radar,50,137,110,0,297,0,3,50,0,53,50,140,160,0,350,146,0,146,496
01/20/2001,GRR,MI,AGL,CE,Towers with Radar,30,77,47,0,154,15,4,0,3,22,45,81,47,3,176,0,0,0,176
01/21/2001,GRR,MI,AGL,CE,Towers with Radar,50,140,99,0,289,0,0,61,0,61,50,140,160,0,350,146,0,146,496
01/22/2001,GRR,MI,AGL,CE,Towers with Radar,43,137,82,0,262,0,2,49,0,51,43,139,131,0,313,92,0,92,405
01/23/2001,GRR,MI,AGL,CE,Towers with Radar,61,132,106,0,299,2,0,4,0,6,63,132,110,0,305,116,0,116,421
01/24/2001,GRR,MI,AGL,CE,Towers with Radar,47,134,143,0,324,1,1,18,0,20,48,135,161,0,344,16,0,16,360
01/25/2001,GRR,MI,AGL,CE,Towers with Radar,54,169,121,3,347,1,3,90,0,94,55,172,211,3,441,172,4,176,617
01/26/2001,GRR,MI,AGL,CE,Towers with Radar,53,128,107,7,295,1,0,41,0,42,54,128,148,7,337,26,10,36,373
01/27/2001,GRR,MI,AGL,CE,Towers with Radar,41,78,42,0,161,1,0,22,0,23,42,78,64,0,184,20,0,20,204
01/28/2001,GRR,MI,AGL,CE,Towers with Radar,43,83,39,0,165,1,0,30,0,31,44,83,69,0,196,24,0,24,220
01/29/2001,GRR,MI,AGL,CE,Towers with Radar,35,102,69,0,206,0,29,3,0,32,35,131,72,0,238,0,0,0,238
01/30/2001,GRR,MI,AGL,CE,Towers with Radar,59,144,100,6,309,1,0,12,1,14,60,144,112,7,323,51,13,64,387
01/31/2001,GRR,MI,AGL,CE,Towers with Radar,47,136,92,0,275,0,18,20,0,38,47,154,112,0,313,84,0,84,397
02/01/2001,GRR,MI,AGL,CE,Towers with Radar,53,141,98,16,308,0,2,58,0,60,53,143,156,16,368,132,14,146,514
02/02/2001,GRR,MI,AGL,CE,Towers with Radar,50,160,64,0,274,0,3,10,0,13,50,163,74,0,287,40,0,40,327
02/03/2001,GRR,MI,AGL,CE,Towers with Radar,47,78,28,0,153,0,2,20,0,22,47,80,48,0,175,8,0,8,183
02/04/2001,GRR,MI,AGL,CE,Towers with Radar,30,73,21,0,124,10,11,0,0,21,40,84,21,0,145,0,0,0,145
02/05/2001,GRR,MI,AGL,CE,Towers with Radar,45,146,83,0,274,0,0,4,0,4,45,146,87,0,278,8,0,8,286
02/06/2001,GRR,MI,AGL,CE,Towers with Radar,58,140,98,0,296,0,2,11,0,13,58,142,109,0,309,28,0,28,337
02/07/2001,GRR,MI,AGL,CE,Towers with Radar,57,146,166,13,382,0,3,74,0,77,57,149,240,13,459,88,48,136,595
02/08/2001,GRR,MI,AGL,CE,Towers with Radar,54,144,79,0,277,0,0,2,0,2,54,144,81,0,279,6,0,6,285
02/09/2001,GRR,MI,AGL,CE,Towers with Radar,51,118,78,0,247,0,0,2,0,2,51,118,80,0,249,0,0,0,249
02/10/2001,GRR,MI,AGL,CE,Towers with Radar,30,75,43,0,148,13,0,7,0,20,43,75,50,0,168,74,0,74,242
02/11/2001,GRR,MI,AGL,CE,Towers with Radar,41,91,36,0,168,0,2,91,0,93,41,93,127,0,261,84,0,84,345
02/12/2001,GRR,MI,AGL,CE,Towers with Radar,45,126,107,0,278,0,5,70,0,75,45,131,177,0,353,128,0,128,481
02/13/2001,GRR,MI,AGL,CE,Towers with Radar,57,164,103,2,326,0,8,29,0,37,57,172,132,2,363,14,0,14,377
02/14/2001,GRR,MI,AGL,CE,Towers with Radar,48,153,81,0,282,0,3,2,0,5,48,156,83,0,287,0,0,0,287
02/15/2001,GRR,MI,AGL,CE,Towers with Radar,56,159,96,10,321,0,1,33,1,35,56,160,129,11,356,62,28,90,446
02/16/2001,GRR,MI,AGL,CE,Towers with Radar,54,146,70,2,272,0,2,12,0,14,54,148,82,2,286,36,0,36,322
02/17/2001,GRR,MI,AGL,CE,Towers with Radar,30,80,45,0,155,16,7,3,0,26,46,87,48,0,181,60,0,60,241
02/18/2001,GRR,MI,AGL,CE,Towers with Radar,48,94,34,0,176,0,2,50,0,52,48,96,84,0,228,68,0,68,296
02/19/2001,GRR,MI,AGL,CE,Towers with Radar,49,153,83,1,286,0,3,32,0,35,49,156,115,1,321,28,0,28,349
02/20/2001,GRR,MI,AGL,CE,Towers with Radar,52,165,97,4,318,0,1,58,27,86,52,166,155,31,404,42,46,88,492
02/21/2001,GRR,MI,AGL,CE,Towers with Radar,47,159,117,0,323,0,4,77,0,81,47,163,194,0,404,106,0,106,510
02/22/2001,GRR,MI,AGL,CE,Towers with Radar,55,171,103,0,329,0,0,7,0,7,55,171,110,0,336,14,0,14,350
02/23/2001,GRR,MI,AGL,CE,Towers with Radar,58,139,80,0,277,0,4,55,0,59,58,143,135,0,336,20,0,20,356
02/24/2001,GRR,MI,AGL,CE,Towers with Radar,47,80,20,0,147,0,0,3,0,3,47,80,23,0,150,10,0,10,160
02/25/2001,GRR,MI,AGL,CE,Towers with Radar,41,89,15,0,145,0,2,1,0,3,41,91,16,0,148,2,0,2,150
02/26/2001,GRR,MI,AGL,CE,Towers with Radar,46,159,91,0,296,0,3,43,0,46,46,162,134,0,342,57,0,57,399
02/27/2001,GRR,MI,AGL,CE,Towers with Radar,58,173,105,4,340,0,0,57,29,86,58,173,162,33,426,70,72,142,568
02/28/2001,GRR,MI,AGL,CE,Towers with Radar,51,171,125,0,347,0,6,108,0,114,51,177,233,0,461,102,0,102,563
03/01/2001,GRR,MI,AGL,CE,Towers with Radar,51,160,106,0,317,0,7,47,0,54,51,167,153,0,371,40,0,40,411
03/02/2001,GRR,MI,AGL,CE,Towers with Radar,56,167,100,0,323,0,4,5,0,9,56,171,105,0,332,40,0,40,372
03/03/2001,GRR,MI,AGL,CE,Towers with Radar,48,93,57,0,198,0,4,91,0,95,48,97,148,0,293,92,0,92,385
03/04/2001,GRR,MI,AGL,CE,Towers with Radar,39,95,35,1,170,0,2,37,1,40,39,97,72,2,210,22,0,22,232
03/05/2001,GRR,MI,AGL,CE,Towers with Radar,48,139,98,0,285,98,2,4,0,104,146,141,102,0,389,17,0,17,406
03/06/2001,GRR,MI,AGL,CE,Towers with Radar,54,145,97,0,296,0,4,32,0,36,54,149,129,0,332,22,0,22,354
03/07/2001,GRR,MI,AGL,CE,Towers with Radar,54,161,106,0,321,0,0,83,0,83,54,161,189,0,404,44,0,44,448
03/08/2001,GRR,MI,AGL,CE,Towers with Radar,57,169,118,0,344,0,2,4,0,6,57,171,122,0,350,6,0,6,356
03/09/2001,GRR,MI,AGL,CE,Towers with Radar,54,154,87,0,295,0,9,46,0,55,54,163,133,0,350,46,0,46,396
03/10/2001,GRR,MI,AGL,CE,Towers with Radar,48,83,29,0,160,0,2,58,0,60,48,85,87,0,220,108,0,108,328
03/11/2001,GRR,MI,AGL,CE,Towers with Radar,28,64,39,0,131,14,33,22,0,69,42,97,61,0,200,68,0,68,268
03/12/2001,GRR,MI,AGL,CE,Towers with Radar,55,152,65,0,272,0,7,16,0,23,55,159,81,0,295,10,0,10,305
03/13/2001,GRR,MI,AGL,CE,Towers with Radar,48,158,82,0,288,0,5,8,2,15,48,163,90,2,303,36,0,36,339
03/14/2001,GRR,MI,AGL,CE,Towers with Radar,54,156,93,0,303,0,11,97,0,108,54,167,190,0,411,96,0,96,507
03/15/2001,GRR,MI,AGL,CE,Towers with Radar,52,186,90,0,328,0,4,9,0,13,52,190,99,0,341,14,0,14,355
03/16/2001,GRR,MI,AGL,CE,Towers with Radar,50,151,73,0,274,0,16,15,0,31,50,167,88,0,305,10,0,10,315
03/17/2001,GRR,MI,AGL,CE,Towers with Radar,43,86,36,0,165,0,4,39,0,43,43,90,75,0,208,88,0,88,296
03/18/2001,GRR,MI,AGL,CE,Towers with Radar,37,90,54,0,181,10,5,77,0,92,47,95,131,0,273,110,0,110,383
03/19/2001,GRR,MI,AGL,CE,Towers with Radar,45,147,86,0,278,0,5,86,0,91,45,152,172,0,369,78,0,78,447
03/20/2001,GRR,MI,AGL,CE,Towers with Radar,51,155,100,0,306,0,9,74,0,83,51,164,174,0,389,60,0,60,449
03/21/2001,GRR,MI,AGL,CE,Towers with Radar,57,171,114,0,342,0,7,27,0,34,57,178,141,0,376,106,0,106,482
03/22/2001,GRR,MI,AGL,CE,Towers with Radar,48,171,119,0,338,0,8,74,0,82,48,179,193,0,420,104,0,104,524
03/23/2001,GRR,MI,AGL,CE,Towers with Radar,63,167,97,2,329,0,5,48,0,53,63,172,145,2,382,50,0,50,432
03/24/2001,GRR,MI,AGL,CE,Towers with Radar,44,93,38,0,175,0,5,26,0,31,44,98,64,0,206,4,0,4,210
03/25/2001,GRR,MI,AGL,CE,Towers with Radar,45,89,30,0,164,0,3,4,0,7,45,92,34,0,171,8,0,8,179
03/26/2001,GRR,MI,AGL,CE,Towers with Radar,49,128,82,0,259,0,5,6,0,11,49,133,88,0,270,46,0,46,316
03/27/2001,GRR,MI,AGL,CE,Towers with Radar,52,145,115,0,312,0,8,47,0,55,52,153,162,0,367,32,0,32,399
03/28/2001,GRR,MI,AGL,CE,Towers with Radar,50,145,90,0,285,0,7,75,0,82,50,152,165,0,367,36,0,36,403
03/29/2001,GRR,MI,AGL,CE,Towers with Radar,52,140,103,0,295,0,10,18,0,28,52,150,121,0,323,16,2,18,341
03/30/2001,GRR,MI,AGL,CE,Towers with Radar,56,140,84,0,280,0,6,39,0,45,56,146,123,0,325,32,0,32,357
03/31/2001,GRR,MI,AGL,CE,Towers with Radar,51,68,40,0,159,0,5,40,0,45,51,73,80,0,204,92,0,92,296
04/01/2001,GRR,MI,AGL,CE,Towers with Radar,46,77,17,0,140,2,6,4,0,12,48,83,21,0,152,38,0,38,190
04/02/2001,GRR,MI,AGL,CE,Towers with Radar,54,139,56,0,249,1,7,69,0,77,55,146,125,0,326,52,0,52,378
04/03/2001,GRR,MI,AGL,CE,Towers with Radar,54,135,60,0,249,1,10,28,0,39,55,145,88,0,288,24,0,24,312
04/04/2001,GRR,MI,AGL,CE,Towers with Radar,53,37,60,0,150,1,9,82,0,92,54,46,142,0,242,36,0,36,278
04/05/2001,GRR,MI,AGL,CE,Towers with Radar,57,134,76,0,267,1,9,71,0,81,58,143,147,0,348,60,0,60,408
04/06/2001,GRR,MI,AGL,CE,Towers with Radar,56,127,75,0,258,0,4,12,11,27,56,131,87,11,285,12,18,30,315
04/07/2001,GRR,MI,AGL,CE,Towers with Radar,59,78,36,0,173,1,3,8,0,12,60,81,44,0,185,2,0,2,187
04/08/2001,GRR,MI,AGL,CE,Towers with Radar,57,87,40,0,184,1,2,2,0,5,58,89,42,0,189,30,0,30,219
04/09/2001,GRR,MI,AGL,CE,Towers with Radar,52,134,78,0,264,2,1,30,0,33,54,135,108,0,297,113,0,113,410
04/10/2001,GRR,MI,AGL,CE,Towers with Radar,58,157,91,0,306,0,5,8,1,14,58,162,99,1,320,106,0,106,426
04/11/2001,GRR,MI,AGL,CE,Towers with Radar,59,118,77,1,255,2,0,5,0,7,61,118,82,1,262,0,0,0,262
04/12/2001,GRR,MI,AGL,CE,Towers with Radar,53,130,92,0,275,2,2,8,0,12,55,132,100,0,287,0,0,0,287
04/13/2001,GRR,MI,AGL,CE,Towers with Radar,52,135,71,0,258,2,13,94,0,109,54,148,165,0,367,48,0,48,415
04/14/2001,GRR,MI,AGL,CE,Towers with Radar,48,63,34,0,145,2,2,44,0,48,50,65,78,0,193,22,0,22,215
04/15/2001,GRR,MI,AGL,CE,Towers with Radar,27,63,21,0,111,16,24,0,0,40,43,87,21,0,151,4,0,4,155
04/16/2001,GRR,MI,AGL,CE,Towers with Radar,5,122,99,0,226,0,3,20,0,23,5,125,119,0,249,28,0,28,277
04/17/2001,GRR,MI,AGL,CE,Towers with Radar,53,136,76,0,265,2,4,30,0,36,55,140,106,0,301,20,0,20,321
04/18/2001,GRR,MI,AGL,CE,Towers with Radar,58,148,100,0,306,0,0,123,0,123,58,148,223,0,429,54,0,54,483
04/19/2001,GRR,MI,AGL,CE,Towers with Radar,53,163,126,2,344,1,3,84,0,88,54,166,210,2,432,20,0,20,452
04/20/2001,GRR,MI,AGL,CE,Towers with Radar,57,126,75,0,258,0,9,29,0,38,57,135,104,0,296,26,0,26,322
04/21/2001,GRR,MI,AGL,CE,Towers with Radar,46,70,14,0,130,1,2,8,0,11,47,72,22,0,141,6,0,6,147
04/22/2001,GRR,MI,AGL,CE,Towers with Radar,49,95,28,0,172,1,4,41,0,46,50,99,69,0,218,18,0,18,236
04/23/2001,GRR,MI,AGL,CE,Towers with Radar,57,126,75,0,258,1,4,8,0,13,58,130,83,0,271,2,0,2,273
04/24/2001,GRR,MI,AGL,CE,Towers with Radar,57,150,113,0,320,1,5,47,0,53,58,155,160,0,373,34,0,34,407
04/25/2001,GRR,MI,AGL,CE,Towers with Radar,62,151,101,0,314,1,3,57,0,61,63,154,158,0,375,0,60,60,435
04/26/2001,GRR,MI,AGL,CE,Towers with Radar,57,138,106,0,301,1,5,51,0,57,58,143,157,0,358,12,0,12,370
04/27/2001,GRR,MI,AGL,CE,Towers with Radar,58,154,111,0,323,1,8,134,0,143,59,162,245,0,466,126,0,126,592
04/28/2001,GRR,MI,AGL,CE,Towers with Radar,47,86,44,0,177,1,3,85,0,89,48,89,129,0,266,76,0,76,342
04/29/2001,GRR,MI,AGL,CE,Towers with Radar,47,85,71,0,203,0,0,22,0,22,47,85,93,0,225,54,0,54,279
04/30/2001,GRR,MI,AGL,CE,Towers with Radar,36,130,79,0,245,1,9,80,0,90,37,139,159,0,335,42,0,42,377
05/01/2001,GRR,MI,AGL,CE,Towers with Radar,51,134,80,0,265,7,27,31,0,65,58,161,111,0,330,16,0,16,346
05/02/2001,GRR,MI,AGL,CE,Towers with Radar,55,207,122,0,384,0,12,82,0,94,55,219,204,0,478,28,0,28,506
05/03/2001,GRR,MI,AGL,CE,Towers with Radar,57,147,98,0,302,0,0,28,0,28,57,147,126,0,330,8,2,10,340
05/04/2001,GRR,MI,AGL,CE,Towers with Radar,54,148,82,0,284,1,8,49,8,66,55,156,131,8,350,152,0,152,502
05/05/2001,GRR,MI,AGL,CE,Towers with Radar,46,73,31,1,151,1,2,49,1,53,47,75,80,2,204,30,0,30,234
05/06/2001,GRR,MI,AGL,CE,Towers with Radar,45,82,44,3,174,1,6,39,1,47,46,88,83,4,221,46,2,48,269
05/07/2001,GRR,MI,AGL,CE,Towers with Radar,57,158,87,0,302,1,3,24,0,28,58,161,111,0,330,16,0,16,346
05/08/2001,GRR,MI,AGL,CE,Towers with Radar,54,151,87,0,292,1,7,47,0,55,55,158,134,0,347,18,0,18,365
05/09/2001,GRR,MI,AGL,CE,Towers with Radar,54,154,116,0,324,1,7,66,0,74,55,161,182,0,398,76,0,76,474
05/10/2001,GRR,MI,AGL,CE,Towers with Radar,51,141,95,0,287,1,6,31,0,38,52,147,126,0,325,8,2,10,335
05/11/2001,GRR,MI,AGL,CE,Towers with Radar,57,143,87,0,287,0,0,46,0,46,57,143,133,0,333,70,0,70,403
05/12/2001,GRR,MI,AGL,CE,Towers with Radar,48,72,35,0,155,1,2,86,0,89,49,74,121,0,244,50,0,50,294
05/13/2001,GRR,MI,AGL,CE,Towers with Radar,48,87,22,0,157,1,4,59,0,64,49,91,81,0,221,74,0,74,295
05/14/2001,GRR,MI,AGL,CE,Towers with Radar,55,144,83,0,282,1,8,45,0,54,56,152,128,0,336,22,0,22,358
05/15/2001,GRR,MI,AGL,CE,Towers with Radar,54,158,74,2,288,2,1,22,0,25,56,159,96,2,313,24,0,24,337
05/16/2001,GRR,MI,AGL,CE,Towers with Radar,57,174,114,0,345,0,0,13,0,13,57,174,127,0,358,44,0,44,402
05/17/2001,GRR,MI,AGL,CE,Towers with Radar,48,140,85,0,273,2,3,36,0,41,50,143,121,0,314,32,0,32,346
05/18/2001,GRR,MI,AGL,CE,Towers with Radar,53,141,83,0,277,2,7,87,0,96,55,148,170,0,373,66,0,66,439
05/19/2001,GRR,MI,AGL,CE,Towers with Radar,29,77,48,0,154,20,4,82,0,106,49,81,130,0,260,80,0,80,340
05/20/2001,GRR,MI,AGL,CE,Towers with Radar,45,87,23,0,155,2,4,63,0,69,47,91,86,0,224,50,0,50,274
05/21/2001,GRR,MI,AGL,CE,Towers with Radar,50,141,89,0,280,2,2,4,0,8,52,143,93,0,288,2,0,2,290
05/22/2001,GRR,MI,AGL,CE,Towers with Radar,57,148,96,0,301,0,0,88,0,88,57,148,184,0,389,30,0,30,419
05/23/2001,GRR,MI,AGL,CE,Towers with Radar,54,178,116,0,348,1,4,42,0,47,55,182,158,0,395,30,0,30,425
05/24/2001,GRR,MI,AGL,CE,Towers with Radar,48,165,109,0,322,1,2,5,0,8,49,167,114,0,330,0,0,0,330
05/25/2001,GRR,MI,AGL,CE,Towers with Radar,53,151,88,0,292,1,6,10,0,17,54,157,98,0,309,6,0,6,315
05/26/2001,GRR,MI,AGL,CE,Towers with Radar,43,78,20,0,141,1,2,7,0,10,44,80,27,0,151,12,0,12,163
05/27/2001,GRR,MI,AGL,CE,Towers with Radar,39,52,7,0,98,1,2,0,0,3,40,54,7,0,101,0,0,0,101
05/28/2001,GRR,MI,AGL,CE,Towers with Radar,41,78,26,0,145,1,5,21,0,27,42,83,47,0,172,4,0,4,176
05/29/2001,GRR,MI,AGL,CE,Towers with Radar,48,141,100,0,289,1,9,35,0,45,49,150,135,0,334,68,0,68,402
05/30/2001,GRR,MI,AGL,CE,Towers with Radar,51,148,100,9,308,1,8,99,0,108,52,156,199,9,416,80,16,96,512
05/31/2001,GRR,MI,AGL,CE,Towers with Radar,54,173,104,0,331,1,13,63,0,77,55,186,167,0,408,46,0,46,454
06/01/2001,GRR,MI,AGL,CE,Towers with Radar,52,147,77,12,288,1,2,0,0,3,53,149,77,12,291,0,2,2,293
06/02/2001,GRR,MI,AGL,CE,Towers with Radar,41,78,41,0,160,0,2,0,0,2,41,80,41,0,162,0,0,0,162
06/03/2001,GRR,MI,AGL,CE,Towers with Radar,34,77,48,0,159,0,6,11,0,17,34,83,59,0,176,26,0,26,202
06/04/2001,GRR,MI,AGL,CE,Towers with Radar,48,148,106,0,302,0,0,49,0,49,48,148,155,0,351,144,0,144,495
06/05/2001,GRR,MI,AGL,CE,Towers with Radar,45,160,99,0,304,0,1,23,0,24,45,161,122,0,328,24,0,24,352
06/06/2001,GRR,MI,AGL,CE,Towers with Radar,71,164,143,2,380,1,5,12,3,21,72,169,155,5,401,48,2,50,451
06/07/2001,GRR,MI,AGL,CE,Towers with Radar,56,150,137,0,343,1,4,102,0,107,57,154,239,0,450,96,0,96,546
06/08/2001,GRR,MI,AGL,CE,Towers with Radar,53,145,102,0,300,1,10,109,0,120,54,155,211,0,420,61,0,61,481
06/09/2001,GRR,MI,AGL,CE,Towers with Radar,53,89,40,0,182,1,8,124,0,133,54,97,164,0,315,40,0,40,355
06/10/2001,GRR,MI,AGL,CE,Towers with Radar,43,87,29,0,159,1,4,30,0,35,44,91,59,0,194,42,0,42,236
06/11/2001,GRR,MI,AGL,CE,Towers with Radar,45,146,85,0,276,1,7,40,0,48,46,153,125,0,324,78,0,78,402
06/12/2001,GRR,MI,AGL,CE,Towers with Radar,53,155,96,0,304,1,6,67,0,74,54,161,163,0,378,70,0,70,448
06/13/2001,GRR,MI,AGL,CE,Towers with Radar,94,187,140,0,421,1,11,106,0,118,95,198,246,0,539,100,0,100,639
06/14/2001,GRR,MI,AGL,CE,Towers with Radar,62,163,104,0,329,0,2,64,0,66,62,165,168,0,395,62,0,62,457
06/15/2001,GRR,MI,AGL,CE,Towers with Radar,42,139,95,0,276,1,1,49,0,51,43,140,144,0,327,8,0,8,335
06/16/2001,GRR,MI,AGL,CE,Towers with Radar,44,75,30,0,149,0,4,62,0,66,44,79,92,0,215,144,0,144,359
06/17/2001,GRR,MI,AGL,CE,Towers with Radar,32,80,52,0,164,14,5,46,0,65,46,85,98,0,229,56,0,56,285
06/18/2001,GRR,MI,AGL,CE,Towers with Radar,51,142,81,0,274,0,6,27,0,33,51,148,108,0,307,30,0,30,337
06/19/2001,GRR,MI,AGL,CE,Towers with Radar,66,240,191,0,497,0,14,64,0,78,66,254,255,0,575,69,0,69,644
06/20/2001,GRR,MI,AGL,CE,Towers with Radar,57,167,108,0,332,0,0,124,0,124,57,167,232,0,456,174,0,174,630
06/21/2001,GRR,MI,AGL,CE,Towers with Radar,77,194,124,0,395,8,20,12,0,40,85,214,136,0,435,18,0,18,453
06/22/2001,GRR,MI,AGL,CE,Towers with Radar,49,150,91,0,290,0,9,64,0,73,49,159,155,0,363,44,0,44,407
06/23/2001,GRR,MI,AGL,CE,Towers with Radar,39,84,28,0,151,0,4,100,0,104,39,88,128,0,255,42,0,42,297
06/24/2001,GRR,MI,AGL,CE,Towers with Radar,37,74,59,0,170,22,0,90,1,113,59,74,149,1,283,86,2,88,371
06/25/2001,GRR,MI,AGL,CE,Towers with Radar,52,146,87,0,285,0,8,92,0,100,52,154,179,0,385,96,0,96,481
06/26/2001,GRR,MI,AGL,CE,Towers with Radar,54,142,56,0,252,0,11,93,0,104,54,153,149,0,356,128,0,128,484
06/27/2001,GRR,MI,AGL,CE,Towers with Radar,56,163,105,0,324,0,10,39,0,49,56,173,144,0,373,34,0,34,407
06/28/2001,GRR,MI,AGL,CE,Towers with Radar,57,161,103,0,321,0,0,119,0,119,57,161,222,0,440,100,0,100,540
06/29/2001,GRR,MI,AGL,CE,Towers with Radar,53,151,97,0,301,0,11,57,0,68,53,162,154,0,369,72,0,72,441
06/30/2001,GRR,MI,AGL,CE,Towers with Radar,57,86,24,0,167,0,6,37,0,43,57,92,61,0,210,14,0,14,224
07/01/2001,GRR,MI,AGL,CE,Towers with Radar,48,72,15,0,135,2,3,14,0,19,50,75,29,0,154,40,0,40,194
07/02/2001,GRR,MI,AGL,CE,Towers with Radar,49,134,64,0,247,0,3,97,0,100,49,137,161,0,347,110,0,110,457
07/03/2001,GRR,MI,AGL,CE,Towers with Radar,56,139,67,0,262,0,24,45,0,69,56,163,112,0,331,38,0,38,369
07/04/2001,GRR,MI,AGL,CE,Towers with Radar,41,81,17,2,141,0,3,33,0,36,41,84,50,2,177,26,2,28,205
07/05/2001,GRR,MI,AGL,CE,Towers with Radar,45,112,74,0,231,0,7,103,1,111,45,119,177,1,342,44,0,44,386
07/06/2001,GRR,MI,AGL,CE,Towers with Radar,55,140,58,1,254,0,4,86,5,95,55,144,144,6,349,43,0,43,392
07/07/2001,GRR,MI,AGL,CE,Towers with Radar,52,80,20,0,152,1,7,14,0,22,53,87,34,0,174,30,0,30,204
07/08/2001,GRR,MI,AGL,CE,Towers with Radar,45,89,39,0,173,1,1,59,0,61,46,90,98,0,234,30,0,30,264
07/09/2001,GRR,MI,AGL,CE,Towers with Radar,53,137,72,0,262,0,11,75,0,86,53,148,147,0,348,94,0,94,442
07/10/2001,GRR,MI,AGL,CE,Towers with Radar,56,157,78,0,291,0,6,70,0,76,56,163,148,0,367,80,0,80,447
07/11/2001,GRR,MI,AGL,CE,Towers with Radar,58,170,95,0,323,0,10,111,0,121,58,180,206,0,444,108,0,108,552
07/12/2001,GRR,MI,AGL,CE,Towers with Radar,63,208,139,0,410,0,6,181,0,187,63,214,320,0,597,186,0,186,783
07/13/2001,GRR,MI,AGL,CE,Towers with Radar,55,150,51,2,258,0,10,95,0,105,55,160,146,2,363,40,0,40,403
07/14/2001,GRR,MI,AGL,CE,Towers with Radar,50,95,26,0,171,0,4,104,0,108,50,99,130,0,279,76,0,76,355
07/15/2001,GRR,MI,AGL,CE,Towers with Radar,34,83,38,0,155,14,14,27,0,55,48,97,65,0,210,106,0,106,316
07/16/2001,GRR,MI,AGL,CE,Towers with Radar,53,139,93,0,285,0,7,69,0,76,53,146,162,0,361,96,0,96,457
07/17/2001,GRR,MI,AGL,CE,Towers with Radar,60,162,77,0,299,0,4,29,0,33,60,166,106,0,332,10,0,10,342
07/18/2001,GRR,MI,AGL,CE,Towers with Radar,56,165,99,0,320,0,3,18,0,21,56,168,117,0,341,6,0,6,347
07/19/2001,GRR,MI,AGL,CE,Towers with Radar,76,132,119,0,327,0,0,53,0,53,76,132,172,0,380,112,0,112,492
07/20/2001,GRR,MI,AGL,CE,Towers with Radar,53,157,92,0,302,0,3,64,0,67,53,160,156,0,369,110,0,110,479
07/21/2001,GRR,MI,AGL,CE,Towers with Radar,45,91,26,0,162,0,6,20,0,26,45,97,46,0,188,0,0,0,188
07/22/2001,GRR,MI,AGL,CE,Towers with Radar,45,95,38,0,178,0,5,25,0,30,45,100,63,0,208,26,0,26,234
07/23/2001,GRR,MI,AGL,CE,Towers with Radar,41,102,48,0,191,15,39,59,0,113,56,141,107,0,304,0,0,0,304
07/24/2001,GRR,MI,AGL,CE,Towers with Radar,59,146,70,0,275,6,25,117,0,148,65,171,187,0,423,100,0,100,523
07/25/2001,GRR,MI,AGL,CE,Towers with Radar,54,171,91,0,316,0,0,97,1,98,54,171,188,1,414,54,0,54,468
07/26/2001,GRR,MI,AGL,CE,Towers with Radar,52,172,96,0,320,0,5,101,0,106,52,177,197,0,426,80,0,80,506
07/27/2001,GRR,MI,AGL,CE,Towers with Radar,65,168,85,0,318,0,0,145,0,145,65,168,230,0,463,72,0,72,535
07/28/2001,GRR,MI,AGL,CE,Towers with Radar,46,99,36,0,181,0,4,67,0,71,46,103,103,0,252,96,0,96,348
07/29/2001,GRR,MI,AGL,CE,Towers with Radar,46,96,33,0,175,0,7,34,0,41,46,103,67,0,216,58,0,58,274
07/30/2001,GRR,MI,AGL,CE,Towers with Radar,53,164,118,2,337,0,9,57,0,66,53,173,175,2,403,102,0,102,505
07/31/2001,GRR,MI,AGL,CE,Towers with Radar,58,154,88,0,300,0,5,45,0,50,58,159,133,0,350,24,0,24,374
08/01/2001,GRR,MI,AGL,CE,Towers with Radar,63,156,114,0,333,0,1,42,0,43,63,157,156,0,376,120,0,120,496
08/02/2001,GRR,MI,AGL,CE,Towers with Radar,52,161,95,0,308,0,5,28,0,33,52,166,123,0,341,28,0,28,369
08/03/2001,GRR,MI,AGL,CE,Towers with Radar,48,141,82,0,271,0,28,86,0,114,48,169,168,0,385,42,0,42,427
08/04/2001,GRR,MI,AGL,CE,Towers with Radar,34,91,52,0,177,9,12,29,1,51,43,103,81,1,228,54,8,62,290
08/05/2001,GRR,MI,AGL,CE,Towers with Radar,45,91,28,0,164,0,0,70,0,70,45,91,98,0,234,22,0,22,256
08/06/2001,GRR,MI,AGL,CE,Towers with Radar,56,150,71,0,277,0,4,101,0,105,56,154,172,0,382,88,0,88,470
08/07/2001,GRR,MI,AGL,CE,Towers with Radar,53,171,102,1,327,0,25,29,2,56,53,196,131,3,383,53,0,53,436
08/08/2001,GRR,MI,AGL,CE,Towers with Radar,48,163,117,0,328,0,0,43,2,45,48,163,160,2,373,44,0,44,417
08/09/2001,GRR,MI,AGL,CE,Towers with Radar,48,161,123,5,337,0,0,31,0,31,48,161,154,5,368,42,0,42,410
08/10/2001,GRR,MI,AGL,CE,Towers with Radar,57,170,91,2,320,0,1,89,1,91,57,171,180,3,411,116,0,116,527
08/11/2001,GRR,MI,AGL,CE,Towers with Radar,46,91,30,1,168,0,3,37,0,40,46,94,67,1,208,90,0,90,298
08/12/2001,GRR,MI,AGL,CE,Towers with Radar,51,120,41,0,212,0,2,64,0,66,51,122,105,0,278,6,0,6,284
08/13/2001,GRR,MI,AGL,CE,Towers with Radar,61,136,102,0,299,0,3,66,0,69,61,139,168,0,368,74,0,74,442
08/14/2001,GRR,MI,AGL,CE,Towers with Radar,54,149,88,0,291,0,14,121,0,135,54,163,209,0,426,114,0,114,540
08/15/2001,GRR,MI,AGL,CE,Towers with Radar,51,166,109,0,326,0,4,111,6,121,51,170,220,6,447,68,0,68,515
08/16/2001,GRR,MI,AGL,CE,Towers with Radar,54,173,131,0,358,0,0,1,0,1,54,173,132,0,359,0,0,0,359
08/17/2001,GRR,MI,AGL,CE,Towers with Radar,50,147,106,0,303,0,2,38,0,40,50,149,144,0,343,52,0,52,395
08/18/2001,GRR,MI,AGL,CE,Towers with Radar,29,75,44,0,148,21,16,22,0,59,50,91,66,0,207,24,0,24,231
08/19/2001,GRR,MI,AGL,CE,Towers with Radar,39,99,47,0,185,12,0,0,0,12,51,99,47,0,197,0,0,0,197
08/20/2001,GRR,MI,AGL,CE,Towers with Radar,54,145,98,2,299,0,1,61,0,62,54,146,159,2,361,18,0,18,379
08/21/2001,GRR,MI,AGL,CE,Towers with Radar,56,160,131,0,347,0,5,79,0,84,56,165,210,0,431,60,0,60,491
08/22/2001,GRR,MI,AGL,CE,Towers with Radar,50,136,80,0,266,5,2,30,0,37,55,138,110,0,303,24,0,24,327
08/23/2001,GRR,MI,AGL,CE,Towers with Radar,55,164,125,2,346,0,1,38,0,39,55,165,163,2,385,36,0,36,421
08/24/2001,GRR,MI,AGL,CE,Towers with Radar,57,170,113,0,340,0,1,39,0,40,57,171,152,0,380,104,0,104,484
08/25/2001,GRR,MI,AGL,CE,Towers with Radar,44,101,29,0,174,0,0,4,0,4,44,101,33,0,178,2,0,2,180
08/26/2001,GRR,MI,AGL,CE,Towers with Radar,49,103,36,0,188,0,0,39,0,39,49,103,75,0,227,42,0,42,269
08/27/2001,GRR,MI,AGL,CE,Towers with Radar,48,153,100,0,301,0,1,54,0,55,48,154,154,0,356,70,0,70,426
08/28/2001,GRR,MI,AGL,CE,Towers with Radar,56,157,93,0,306,0,2,89,0,91,56,159,182,0,397,82,0,82,479
08/29/2001,GRR,MI,AGL,CE,Towers with Radar,53,156,93,0,302,0,13,118,0,131,53,169,211,0,433,80,0,80,513
08/30/2001,GRR,MI,AGL,CE,Towers with Radar,54,154,84,0,292,0,4,49,0,53,54,158,133,0,345,58,0,58,403
08/31/2001,GRR,MI,AGL,CE,Towers with Radar,61,153,83,0,297,0,3,58,0,61,61,156,141,0,358,60,0,60,418
09/01/2001,GRR,MI,AGL,CE,Towers with Radar,47,68,27,0,142,1,5,61,0,67,48,73,88,0,209,40,0,40,249
09/02/2001,GRR,MI,AGL,CE,Towers with Radar,34,67,15,0,116,2,9,75,0,86,36,76,90,0,202,36,0,36,238
09/03/2001,GRR,MI,AGL,CE,Towers with Radar,51,79,33,0,163,3,5,44,0,52,54,84,77,0,215,48,0,48,263
09/04/2001,GRR,MI,AGL,CE,Towers with Radar,49,130,84,0,263,3,12,81,0,96,52,142,165,0,359,80,0,80,439
09/05/2001,GRR,MI,AGL,CE,Towers with Radar,55,154,110,0,319,3,5,85,0,93,58,159,195,0,412,42,0,42,454
09/06/2001,GRR,MI,AGL,CE,Towers with Radar,55,146,114,0,315,3,6,85,0,94,58,152,199,0,409,80,0,80,489
09/07/2001,GRR,MI,AGL,CE,Towers with Radar,52,146,100,0,298,3,4,25,0,32,55,150,125,0,330,24,0,24,354
09/08/2001,GRR,MI,AGL,CE,Towers with Radar,44,88,34,0,166,3,3,78,0,84,47,91,112,0,250,28,0,28,278
09/09/2001,GRR,MI,AGL,CE,Towers with Radar,46,86,30,0,162,3,3,4,0,10,49,89,34,0,172,0,0,0,172
09/10/2001,GRR,MI,AGL,CE,Towers with Radar,44,118,77,0,239,9,34,45,2,90,53,152,122,2,329,14,0,14,343
09/11/2001,GRR,MI,AGL,CE,Towers with Radar,12,40,22,0,74,2,3,9,0,14,14,43,31,0,88,6,0,6,94
09/12/2001,GRR,MI,AGL,CE,Towers with Radar,0,0,0,0,0,0,0,3,0,3,0,0,3,0,3,0,0,0,3
09/13/2001,GRR,MI,AGL,CE,Towers with Radar,12,34,1,0,47,6,33,0,2,41,18,67,1,2,88,0,0,0,88
09/14/2001,GRR,MI,AGL,CE,Towers with Radar,17,131,11,0,159,2,5,1,0,8,19,136,12,0,167,0,0,0,167
09/15/2001,GRR,MI,AGL,CE,Towers with Radar,22,85,56,0,163,0,8,2,2,12,22,93,58,2,175,0,0,0,175
09/16/2001,GRR,MI,AGL,CE,Towers with Radar,26,86,33,0,145,2,9,0,0,11,28,95,33,0,156,0,0,0,156
09/17/2001,GRR,MI,AGL,CE,Towers with Radar,43,153,90,0,286,2,6,4,0,12,45,159,94,0,298,0,0,0,298
09/18/2001,GRR,MI,AGL,CE,Towers with Radar,43,169,102,0,314,2,7,1,0,10,45,176,103,0,324,0,0,0,324
09/19/2001,GRR,MI,AGL,CE,Towers with Radar,59,151,102,0,312,0,0,0,0,0,59,151,102,0,312,0,0,0,312
09/20/2001,GRR,MI,AGL,CE,Towers with Radar,52,141,99,0,292,0,0,31,0,31,52,141,130,0,323,2,0,2,325
09/21/2001,GRR,MI,AGL,CE,Towers with Radar,49,106,80,0,235,2,2,12,0,16,51,108,92,0,251,0,0,0,251
09/22/2001,GRR,MI,AGL,CE,Towers with Radar,37,92,60,0,189,6,0,29,0,35,43,92,89,0,224,20,0,20,244
09/23/2001,GRR,MI,AGL,CE,Towers with Radar,42,75,19,0,136,1,3,3,0,7,43,78,22,0,143,0,0,0,143
09/24/2001,GRR,MI,AGL,CE,Towers with Radar,40,120,122,0,282,1,5,14,0,20,41,125,136,0,302,30,0,30,332
09/25/2001,GRR,MI,AGL,CE,Towers with Radar,49,124,81,0,254,0,15,40,0,55,49,139,121,0,309,0,0,0,309
09/26/2001,GRR,MI,AGL,CE,Towers with Radar,50,123,162,0,335,1,6,22,0,29,51,129,184,0,364,48,0,48,412
09/27/2001,GRR,MI,AGL,CE,Towers with Radar,49,138,145,0,332,1,8,41,0,50,50,146,186,0,382,58,0,58,440
09/28/2001,GRR,MI,AGL,CE,Towers with Radar,53,125,120,0,298,1,9,44,0,54,54,134,164,0,352,66,0,66,418
09/29/2001,GRR,MI,AGL,CE,Towers with Radar,45,94,53,0,192,1,6,101,0,108,46,100,154,0,300,126,0,126,426
09/30/2001,GRR,MI,AGL,CE,Towers with Radar,58,78,50,0,186,1,5,83,0,89,59,83,133,0,275,38,0,38,313
10/01/2001,GRR,MI,AGL,CE,Towers with Radar,43,136,87,0,266,1,0,34,0,35,44,136,121,0,301,70,0,70,371
10/02/2001,GRR,MI,AGL,CE,Towers with Radar,49,136,91,0,276,0,0,56,0,56,49,136,147,0,332,40,0,40,372
10/03/2001,GRR,MI,AGL,CE,Towers with Radar,45,137,85,0,267,0,1,46,0,47,45,138,131,0,314,22,0,22,336
10/04/2001,GRR,MI,AGL,CE,Towers with Radar,47,129,89,0,265,0,1,30,0,31,47,130,119,0,296,68,0,68,364
10/05/2001,GRR,MI,AGL,CE,Towers with Radar,46,102,104,0,252,0,0,14,0,14,46,102,118,0,266,0,0,0,266
10/06/2001,GRR,MI,AGL,CE,Towers with Radar,39,92,19,0,150,0,2,21,0,23,39,94,40,0,173,0,0,0,173
10/07/2001,GRR,MI,AGL,CE,Towers with Radar,40,85,46,0,171,0,1,51,0,52,40,86,97,0,223,40,0,40,263
10/08/2001,GRR,MI,AGL,CE,Towers with Radar,39,120,74,0,233,0,23,85,0,108,39,143,159,0,341,38,0,38,379
10/09/2001,GRR,MI,AGL,CE,Towers with Radar,50,139,89,0,278,0,0,41,0,41,50,139,130,0,319,10,0,10,329
10/10/2001,GRR,MI,AGL,CE,Towers with Radar,48,151,79,0,278,0,3,26,0,29,48,154,105,0,307,30,0,30,337
10/11/2001,GRR,MI,AGL,CE,Towers with Radar,43,145,115,2,305,0,3,53,2,58,43,148,168,4,363,82,0,82,445
10/12/2001,GRR,MI,AGL,CE,Towers with Radar,48,136,69,0,253,0,0,2,0,2,48,136,71,0,255,0,0,0,255
10/13/2001,GRR,MI,AGL,CE,Towers with Radar,38,79,20,0,137,0,2,3,0,5,38,81,23,0,142,0,0,0,142
10/14/2001,GRR,MI,AGL,CE,Towers with Radar,35,94,44,0,173,0,0,13,0,13,35,94,57,0,186,32,0,32,218
10/15/2001,GRR,MI,AGL,CE,Towers with Radar,39,128,118,0,285,0,0,48,0,48,39,128,166,0,333,52,0,52,385
10/16/2001,GRR,MI,AGL,CE,Towers with Radar,51,142,108,0,301,0,2,32,0,34,51,144,140,0,335,8,0,8,343
10/17/2001,GRR,MI,AGL,CE,Towers with Radar,50,151,95,1,297,0,2,70,0,72,50,153,165,1,369,156,0,156,525
10/18/2001,GRR,MI,AGL,CE,Towers with Radar,56,144,92,0,292,0,1,58,0,59,56,145,150,0,351,56,0,56,407
10/19/2001,GRR,MI,AGL,CE,Towers with Radar,46,34,88,0,168,0,2,57,0,59,46,36,145,0,227,70,0,70,297
10/20/2001,GRR,MI,AGL,CE,Towers with Radar,42,87,40,0,169,0,2,78,0,80,42,89,118,0,249,92,0,92,341
10/21/2001,GRR,MI,AGL,CE,Towers with Radar,43,99,63,0,205,0,2,51,2,55,43,101,114,2,260,78,0,78,338
10/22/2001,GRR,MI,AGL,CE,Towers with Radar,43,128,71,0,242,0,0,54,0,54,43,128,125,0,296,34,0,34,330
10/23/2001,GRR,MI,AGL,CE,Towers with Radar,49,135,91,5,280,0,1,6,0,7,49,136,97,5,287,10,4,14,301
10/24/2001,GRR,MI,AGL,CE,Towers with Radar,41,110,70,0,221,17,26,22,0,65,58,136,92,0,286,18,0,18,304
10/25/2001,GRR,MI,AGL,CE,Towers with Radar,35,128,70,0,233,0,0,1,0,1,35,128,71,0,234,0,0,0,234
10/26/2001,GRR,MI,AGL,CE,Towers with Radar,42,130,58,0,230,0,3,4,0,7,42,133,62,0,237,0,0,0,237
10/27/2001,GRR,MI,AGL,CE,Towers with Radar,38,86,36,0,160,0,0,36,0,36,38,86,72,0,196,82,0,82,278
10/28/2001,GRR,MI,AGL,CE,Towers with Radar,37,89,35,0,161,0,2,30,0,32,37,91,65,0,193,30,0,30,223
10/29/2001,GRR,MI,AGL,CE,Towers with Radar,40,138,116,0,294,0,2,76,0,78,40,140,192,0,372,70,0,70,442
10/30/2001,GRR,MI,AGL,CE,Towers with Radar,50,148,102,0,300,0,3,62,0,65,50,151,164,0,365,40,0,40,405
10/31/2001,GRR,MI,AGL,CE,Towers with Radar,54,135,89,0,278,0,1,59,2,62,54,136,148,2,340,56,0,56,396
11/01/2001,GRR,MI,AGL,CE,Towers with Radar,41,143,84,2,270,1,6,19,0,26,42,149,103,2,296,0,0,0,296
11/02/2001,GRR,MI,AGL,CE,Towers with Radar,51,158,84,0,293,0,2,66,0,68,51,160,150,0,361,64,0,64,425
11/03/2001,GRR,MI,AGL,CE,Towers with Radar,41,81,28,0,150,0,0,63,0,63,41,81,91,0,213,52,0,52,265
11/04/2001,GRR,MI,AGL,CE,Towers with Radar,37,78,35,0,150,0,3,93,0,96,37,81,128,0,246,50,0,50,296
11/05/2001,GRR,MI,AGL,CE,Towers with Radar,40,134,82,0,256,0,2,82,0,84,40,136,164,0,340,124,0,124,464
11/06/2001,GRR,MI,AGL,CE,Towers with Radar,66,202,108,0,376,0,6,107,0,113,66,208,215,0,489,132,0,132,621
11/07/2001,GRR,MI,AGL,CE,Towers with Radar,42,159,94,0,295,0,0,79,0,79,42,159,173,0,374,40,2,42,416
11/08/2001,GRR,MI,AGL,CE,Towers with Radar,46,150,113,0,309,0,1,12,0,13,46,151,125,0,322,6,0,6,328
11/09/2001,GRR,MI,AGL,CE,Towers with Radar,76,118,99,0,293,0,3,105,0,108,76,121,204,0,401,62,0,62,463
11/10/2001,GRR,MI,AGL,CE,Towers with Radar,38,77,34,0,149,0,0,62,0,62,38,77,96,0,211,78,0,78,289
11/11/2001,GRR,MI,AGL,CE,Towers with Radar,31,80,49,0,160,9,0,51,0,60,40,80,100,0,220,76,0,76,296
11/12/2001,GRR,MI,AGL,CE,Towers with Radar,41,132,60,0,233,0,3,65,0,68,41,135,125,0,301,90,0,90,391
11/13/2001,GRR,MI,AGL,CE,Towers with Radar,49,138,83,0,270,3,38,93,0,134,52,176,176,0,404,36,0,36,440
11/14/2001,GRR,MI,AGL,CE,Towers with Radar,44,139,110,0,293,0,1,6,0,7,44,140,116,0,300,0,0,0,300
11/15/2001,GRR,MI,AGL,CE,Towers with Radar,46,145,97,5,293,0,0,23,0,23,46,145,120,5,316,46,0,46,362
11/16/2001,GRR,MI,AGL,CE,Towers with Radar,45,133,73,2,253,1,4,52,0,57,46,137,125,2,310,170,2,172,482
11/17/2001,GRR,MI,AGL,CE,Towers with Radar,48,97,39,1,185,1,5,82,0,88,49,102,121,1,273,62,0,62,335
11/18/2001,GRR,MI,AGL,CE,Towers with Radar,36,81,38,0,155,1,0,14,0,15,37,81,52,0,170,6,0,6,176
11/19/2001,GRR,MI,AGL,CE,Towers with Radar,41,137,75,3,256,1,2,6,0,9,42,139,81,3,265,0,0,0,265
11/20/2001,GRR,MI,AGL,CE,Towers with Radar,45,135,99,2,281,1,5,81,0,87,46,140,180,2,368,76,4,80,448
11/21/2001,GRR,MI,AGL,CE,Towers with Radar,48,142,90,2,282,1,8,80,0,89,49,150,170,2,371,38,2,40,411
11/22/2001,GRR,MI,AGL,CE,Towers with Radar,32,68,8,0,108,1,2,39,0,42,33,70,47,0,150,12,0,12,162
11/23/2001,GRR,MI,AGL,CE,Towers with Radar,34,78,44,0,156,1,4,54,0,59,35,82,98,0,215,138,0,138,353
11/24/2001,GRR,MI,AGL,CE,Towers with Radar,21,59,15,0,95,16,19,0,0,35,37,78,15,0,130,2,0,2,132
11/25/2001,GRR,MI,AGL,CE,Towers with Radar,37,83,34,0,154,1,1,2,0,4,38,84,36,0,158,2,0,2,160
11/26/2001,GRR,MI,AGL,CE,Towers with Radar,36,132,84,0,252,1,6,38,0,45,37,138,122,0,297,24,0,24,321
11/27/2001,GRR,MI,AGL,CE,Towers with Radar,45,141,98,0,284,1,0,47,0,48,46,141,145,0,332,78,0,78,410
11/28/2001,GRR,MI,AGL,CE,Towers with Radar,47,139,137,2,325,1,1,12,0,14,48,140,149,2,339,46,12,58,397
11/29/2001,GRR,MI,AGL,CE,Towers with Radar,46,144,85,0,275,0,1,34,0,35,46,145,119,0,310,10,0,10,320
11/30/2001,GRR,MI,AGL,CE,Towers with Radar,46,124,73,0,243,0,31,81,0,112,46,155,154,0,355,52,10,62,417
12/01/2001,GRR,MI,AGL,CE,Towers with Radar,29,81,36,0,146,12,7,0,0,19,41,88,36,0,165,20,0,20,185
12/02/2001,GRR,MI,AGL,CE,Towers with Radar,35,73,41,0,149,0,2,31,0,33,35,75,72,0,182,8,0,8,190
12/03/2001,GRR,MI,AGL,CE,Towers with Radar,38,135,77,0,250,0,5,77,0,82,38,140,154,0,332,76,0,76,408
12/04/2001,GRR,MI,AGL,CE,Towers with Radar,44,149,142,0,335,0,1,0,0,1,44,150,142,0,336,90,0,90,426
12/05/2001,GRR,MI,AGL,CE,Towers with Radar,46,148,106,2,302,0,7,37,0,44,46,155,143,2,346,65,8,73,419
12/06/2001,GRR,MI,AGL,CE,Towers with Radar,45,142,95,0,282,0,9,83,3,95,45,151,178,3,377,110,0,110,487
12/07/2001,GRR,MI,AGL,CE,Towers with Radar,44,134,16,0,194,0,1,0,0,1,44,135,16,0,195,0,0,0,195
12/08/2001,GRR,MI,AGL,CE,Towers with Radar,42,86,62,0,190,0,1,5,0,6,42,87,67,0,196,0,0,0,196
12/09/2001,GRR,MI,AGL,CE,Towers with Radar,33,91,50,0,174,4,3,54,0,61,37,94,104,0,235,75,0,75,310
12/10/2001,GRR,MI,AGL,CE,Towers with Radar,38,138,80,0,256,0,3,61,3,67,38,141,141,3,323,42,0,42,365
12/11/2001,GRR,MI,AGL,CE,Towers with Radar,51,152,93,0,296,0,0,77,0,77,51,152,170,0,373,56,0,56,429
12/12/2001,GRR,MI,AGL,CE,Towers with Radar,45,153,108,0,306,0,1,9,0,10,45,154,117,0,316,24,0,24,340
12/13/2001,GRR,MI,AGL,CE,Towers with Radar,46,152,93,0,291,0,0,46,7,53,46,152,139,7,344,14,0,14,358
12/14/2001,GRR,MI,AGL,CE,Towers with Radar,40,144,64,0,248,0,0,3,0,3,40,144,67,0,251,2,0,2,253
12/15/2001,GRR,MI,AGL,CE,Towers with Radar,19,53,18,0,90,0,0,0,0,0,19,53,18,0,90,0,0,0,90
12/16/2001,GRR,MI,AGL,CE,Towers with Radar,35,88,28,0,151,0,2,17,0,19,35,90,45,0,170,34,0,34,204
12/17/2001,GRR,MI,AGL,CE,Towers with Radar,37,139,96,0,272,0,0,1,0,1,37,139,97,0,273,20,0,20,293
12/18/2001,GRR,MI,AGL,CE,Towers with Radar,62,140,113,8,323,0,2,59,0,61,62,142,172,8,384,88,20,108,492
12/19/2001,GRR,MI,AGL,CE,Towers with Radar,47,141,85,0,273,0,1,4,0,5,47,142,89,0,278,0,0,0,278
12/20/2001,GRR,MI,AGL,CE,Towers with Radar,42,131,101,0,274,0,5,74,0,79,42,136,175,0,353,98,0,98,451
12/21/2001,GRR,MI,AGL,CE,Towers with Radar,61,131,94,0,286,0,2,133,0,135,61,133,227,0,421,156,0,156,577
12/22/2001,GRR,MI,AGL,CE,Towers with Radar,30,81,45,0,156,9,16,21,0,46,39,97,66,0,202,70,0,70,272
12/23/2001,GRR,MI,AGL,CE,Towers with Radar,36,105,16,0,157,0,2,1,0,3,36,107,17,0,160,0,0,0,160
12/24/2001,GRR,MI,AGL,CE,Towers with Radar,35,81,19,0,135,0,1,0,0,1,35,82,19,0,136,2,0,2,138
12/25/2001,GRR,MI,AGL,CE,Towers with Radar,32,73,1,0,106,0,1,0,0,1,32,74,1,0,107,0,0,0,107
12/26/2001,GRR,MI,AGL,CE,Towers with Radar,45,102,37,0,184,0,1,0,0,1,45,103,37,0,185,2,0,2,187
12/27/2001,GRR,MI,AGL,CE,Towers with Radar,42,112,44,0,198,0,1,0,0,1,42,113,44,0,199,0,0,0,199
12/28/2001,GRR,MI,AGL,CE,Towers with Radar,45,127,36,0,208,0,1,9,0,10,45,128,45,0,218,2,0,2,220
12/29/2001,GRR,MI,AGL,CE,Towers with Radar,41,77,20,0,138,0,2,1,0,3,41,79,21,0,141,0,0,0,141
12/30/2001,GRR,MI,AGL,CE,Towers with Radar,35,82,11,0,128,1,2,0,0,3,36,84,11,0,131,6,0,6,137
12/31/2001,GRR,MI,AGL,CE,Towers with Radar,36,94,39,0,169,0,1,17,0,18,36,95,56,0,187,0,0,0,187
01/01/2002,GRR,MI,AGL,CE,Towers with Radar,35,84,19,0,138,1,5,33,0,39,36,89,52,0,177,52,0,52,229
01/02/2002,GRR,MI,AGL,CE,Towers with Radar,43,126,66,3,238,0,1,27,0,28,43,127,93,3,266,14,0,14,280
01/03/2002,GRR,MI,AGL,CE,Towers with Radar,51,133,90,0,274,0,0,49,0,49,51,133,139,0,323,68,0,68,391
01/04/2002,GRR,MI,AGL,CE,Towers with Radar,49,132,75,0,256,0,5,43,0,48,49,137,118,0,304,8,0,8,312
01/05/2002,GRR,MI,AGL,CE,Towers with Radar,38,78,22,0,138,0,4,16,0,20,38,82,38,0,158,18,0,18,176
01/06/2002,GRR,MI,AGL,CE,Towers with Radar,42,85,26,0,153,0,4,7,0,11,42,89,33,0,164,14,0,14,178
01/07/2002,GRR,MI,AGL,CE,Towers with Radar,38,131,83,0,252,0,3,35,0,38,38,134,118,0,290,62,0,62,352
01/08/2002,GRR,MI,AGL,CE,Towers with Radar,42,118,70,0,230,9,13,7,0,29,51,131,77,0,259,48,0,48,307
01/09/2002,GRR,MI,AGL,CE,Towers with Radar,43,140,98,8,289,0,3,46,0,49,43,143,144,8,338,28,6,34,372
01/10/2002,GRR,MI,AGL,CE,Towers with Radar,42,147,91,2,282,0,0,68,0,68,42,147,159,2,350,56,0,56,406
01/11/2002,GRR,MI,AGL,CE,Towers with Radar,42,130,99,4,275,0,3,26,0,29,42,133,125,4,304,80,0,80,384
01/12/2002,GRR,MI,AGL,CE,Towers with Radar,40,80,26,0,146,0,2,20,0,22,40,82,46,0,168,54,0,54,222
01/13/2002,GRR,MI,AGL,CE,Towers with Radar,30,82,50,2,164,6,8,41,0,55,36,90,91,2,219,34,0,34,253
01/14/2002,GRR,MI,AGL,CE,Towers with Radar,38,135,95,0,268,0,4,37,0,41,38,139,132,0,309,50,0,50,359
01/15/2002,GRR,MI,AGL,CE,Towers with Radar,47,146,104,0,297,0,3,11,0,14,47,149,115,0,311,0,0,0,311
01/16/2002,GRR,MI,AGL,CE,Towers with Radar,45,132,79,0,256,0,1,5,0,6,45,133,84,0,262,2,0,2,264
01/17/2002,GRR,MI,AGL,CE,Towers with Radar,44,133,93,0,270,0,5,1,0,6,44,138,94,0,276,0,0,0,276
01/18/2002,GRR,MI,AGL,CE,Towers with Radar,42,126,67,0,235,0,2,15,0,17,42,128,82,0,252,0,0,0,252
01/19/2002,GRR,MI,AGL,CE,Towers with Radar,40,75,28,0,143,0,4,43,0,47,40,79,71,0,190,6,0,6,196
01/20/2002,GRR,MI,AGL,CE,Towers with Radar,35,91,23,0,149,0,2,12,0,14,35,93,35,0,163,2,0,2,165
01/21/2002,GRR,MI,AGL,CE,Towers with Radar,46,135,81,0,262,0,1,11,0,12,46,136,92,0,274,0,0,0,274
01/22/2002,GRR,MI,AGL,CE,Towers with Radar,49,134,111,5,299,0,5,61,1,67,49,139,172,6,366,54,36,90,456
01/23/2002,GRR,MI,AGL,CE,Towers with Radar,48,144,90,0,282,0,0,20,0,20,48,144,110,0,302,12,0,12,314
01/24/2002,GRR,MI,AGL,CE,Towers with Radar,45,132,105,0,282,0,3,36,0,39,45,135,141,0,321,60,0,60,381
01/25/2002,GRR,MI,AGL,CE,Towers with Radar,38,135,75,0,248,0,5,85,0,90,38,140,160,0,338,112,0,112,450
01/26/2002,GRR,MI,AGL,CE,Towers with Radar,31,85,51,0,167,7,0,133,0,140,38,85,184,0,307,82,0,82,389
01/27/2002,GRR,MI,AGL,CE,Towers with Radar,39,85,31,0,155,0,1,74,0,75,39,86,105,0,230,64,0,64,294
01/28/2002,GRR,MI,AGL,CE,Towers with Radar,34,140,120,0,294,0,2,72,0,74,34,142,192,0,368,62,0,62,430
01/29/2002,GRR,MI,AGL,CE,Towers with Radar,46,138,82,0,266,0,1,0,0,1,46,139,82,0,267,12,0,12,279
01/30/2002,GRR,MI,AGL,CE,Towers with Radar,44,128,78,0,250,0,4,4,0,8,44,132,82,0,258,0,0,0,258
01/31/2002,GRR,MI,AGL,CE,Towers with Radar,31,84,40,0,155,0,1,0,0,1,31,85,40,0,156,0,0,0,156
02/01/2002,GRR,MI,AGL,CE,Towers with Radar,40,108,67,0,215,0,26,13,0,39,40,134,80,0,254,24,0,24,278
02/02/2002,GRR,MI,AGL,CE,Towers with Radar,26,60,38,0,124,13,17,45,0,75,39,77,83,0,199,56,0,56,255
02/03/2002,GRR,MI,AGL,CE,Towers with Radar,36,87,21,0,144,0,3,14,0,17,36,90,35,0,161,18,0,18,179
02/04/2002,GRR,MI,AGL,CE,Towers with Radar,39,143,74,0,256,0,6,30,0,36,39,149,104,0,292,44,0,44,336
02/05/2002,GRR,MI,AGL,CE,Towers with Radar,47,128,76,2,253,0,8,22,0,30,47,136,98,2,283,40,2,42,325
02/06/2002,GRR,MI,AGL,CE,Towers with Radar,46,139,112,0,297,0,5,77,0,82,46,144,189,0,379,130,0,130,509
02/07/2002,GRR,MI,AGL,CE,Towers with Radar,44,135,126,0,305,0,7,29,0,36,44,142,155,0,341,64,0,64,405
02/08/2002,GRR,MI,AGL,CE,Towers with Radar,45,125,84,5,259,0,4,32,1,37,45,129,116,6,296,52,0,52,348
02/09/2002,GRR,MI,AGL,CE,Towers with Radar,38,83,50,0,171,0,6,40,0,46,38,89,90,0,217,18,0,18,235
02/10/2002,GRR,MI,AGL,CE,Towers with Radar,38,86,28,0,152,0,3,2,0,5,38,89,30,0,157,8,0,8,165
02/11/2002,GRR,MI,AGL,CE,Towers with Radar,43,144,89,5,281,0,8,51,2,61,43,152,140,7,342,62,14,76,418
02/12/2002,GRR,MI,AGL,CE,Towers with Radar,44,133,91,0,268,0,3,8,0,11,44,136,99,0,279,4,0,4,283
02/13/2002,GRR,MI,AGL,CE,Towers with Radar,49,159,91,3,302,0,14,79,1,94,49,173,170,4,396,68,0,68,464
02/14/2002,GRR,MI,AGL,CE,Towers with Radar,44,142,98,0,284,0,4,54,4,62,44,146,152,4,346,72,0,72,418
02/15/2002,GRR,MI,AGL,CE,Towers with Radar,45,130,81,0,256,0,0,9,0,9,45,130,90,0,265,28,0,28,293
02/16/2002,GRR,MI,AGL,CE,Towers with Radar,45,134,84,0,263,0,0,58,0,58,45,134,142,0,321,102,0,102,423
02/17/2002,GRR,MI,AGL,CE,Towers with Radar,37,89,33,0,159,0,6,58,0,64,37,95,91,0,223,84,0,84,307
02/18/2002,GRR,MI,AGL,CE,Towers with Radar,27,69,33,0,129,11,21,0,0,32,38,90,33,0,161,8,0,8,169
02/19/2002,GRR,MI,AGL,CE,Towers with Radar,43,139,93,0,275,0,3,9,0,12,43,142,102,0,287,12,0,12,299
02/20/2002,GRR,MI,AGL,CE,Towers with Radar,45,138,81,0,264,0,5,0,0,5,45,143,81,0,269,2,0,2,271
02/21/2002,GRR,MI,AGL,CE,Towers with Radar,53,134,86,0,273,0,3,9,0,12,53,137,95,0,285,6,0,6,291
02/22/2002,GRR,MI,AGL,CE,Towers with Radar,41,130,88,0,259,0,4,113,0,117,41,134,201,0,376,100,0,100,476
02/23/2002,GRR,MI,AGL,CE,Towers with Radar,31,80,50,0,161,4,5,48,0,57,35,85,98,0,218,76,0,76,294
02/24/2002,GRR,MI,AGL,CE,Towers with Radar,36,93,30,0,159,0,6,58,0,64,36,99,88,0,223,80,0,80,303
02/25/2002,GRR,MI,AGL,CE,Towers with Radar,37,96,60,0,193,31,87,74,0,192,68,183,134,0,385,8,0,8,393
02/26/2002,GRR,MI,AGL,CE,Towers with Radar,45,137,59,0,241,0,4,6,0,10,45,141,65,0,251,0,0,0,251
02/27/2002,GRR,MI,AGL,CE,Towers with Radar,46,149,92,0,287,0,4,17,0,21,46,153,109,0,308,36,0,36,344
02/28/2002,GRR,MI,AGL,CE,Towers with Radar,47,136,116,0,299,0,8,34,1,43,47,144,150,1,342,22,0,22,364
03/01/2002,GRR,MI,AGL,CE,Towers with Radar,40,131,59,25,255,1,6,38,0,45,41,137,97,25,300,40,0,40,340
03/02/2002,GRR,MI,AGL,CE,Towers with Radar,17,51,14,0,82,1,3,0,0,4,18,54,14,0,86,4,0,4,90
03/03/2002,GRR,MI,AGL,CE,Towers with Radar,40,81,25,0,146,1,4,0,0,5,41,85,25,0,151,0,0,0,151
03/04/2002,GRR,MI,AGL,CE,Towers with Radar,35,141,74,0,250,1,5,3,0,9,36,146,77,0,259,8,0,8,267
03/05/2002,GRR,MI,AGL,CE,Towers with Radar,45,135,84,4,268,0,0,8,13,21,45,135,92,17,289,6,48,54,343
03/06/2002,GRR,MI,AGL,CE,Towers with Radar,44,148,112,8,312,1,5,23,1,30,45,153,135,9,342,2,40,42,384
03/07/2002,GRR,MI,AGL,CE,Towers with Radar,45,147,103,19,314,1,5,2,0,8,46,152,105,19,322,14,38,52,374
03/08/2002,GRR,MI,AGL,CE,Towers with Radar,39,119,65,0,223,1,3,7,0,11,40,122,72,0,234,0,0,0,234
03/09/2002,GRR,MI,AGL,CE,Towers with Radar,40,83,18,15,156,1,3,0,1,5,41,86,18,16,161,0,14,14,175
03/10/2002,GRR,MI,AGL,CE,Towers with Radar,37,105,43,0,185,11,3,0,0,14,48,108,43,0,199,8,0,8,207
03/11/2002,GRR,MI,AGL,CE,Towers with Radar,45,150,105,4,304,0,0,112,8,120,45,150,217,12,424,97,22,119,543
03/12/2002,GRR,MI,AGL,CE,Towers with Radar,46,138,86,1,271,0,2,49,0,51,46,140,135,1,322,26,0,26,348
03/13/2002,GRR,MI,AGL,CE,Towers with Radar,43,143,111,11,308,1,6,60,0,67,44,149,171,11,375,83,12,95,470
03/14/2002,GRR,MI,AGL,CE,Towers with Radar,46,132,93,8,279,1,4,51,1,57,47,136,144,9,336,28,18,46,382
03/15/2002,GRR,MI,AGL,CE,Towers with Radar,43,126,101,0,270,1,4,19,0,24,44,130,120,0,294,38,0,38,332
03/16/2002,GRR,MI,AGL,CE,Towers with Radar,39,79,33,0,151,1,8,74,0,83,40,87,107,0,234,150,0,150,384
03/17/2002,GRR,MI,AGL,CE,Towers with Radar,35,88,37,0,160,1,4,18,0,23,36,92,55,0,183,50,0,50,233
03/18/2002,GRR,MI,AGL,CE,Towers with Radar,38,138,92,0,268,1,7,23,0,31,39,145,115,0,299,6,0,6,305
03/19/2002,GRR,MI,AGL,CE,Towers with Radar,43,141,89,0,273,0,0,51,0,51,43,141,140,0,324,80,0,80,404
03/20/2002,GRR,MI,AGL,CE,Towers with Radar,45,139,121,0,305,1,4,20,0,25,46,143,141,0,330,4,0,4,334
03/21/2002,GRR,MI,AGL,CE,Towers with Radar,47,127,83,0,257,1,3,3,0,7,48,130,86,0,264,4,0,4,268
03/22/2002,GRR,MI,AGL,CE,Towers with Radar,44,136,98,0,278,1,2,1,0,4,45,138,99,0,282,1,0,1,283
03/23/2002,GRR,MI,AGL,CE,Towers with Radar,39,77,28,0,144,1,5,23,0,29,40,82,51,0,173,12,0,12,185
03/24/2002,GRR,MI,AGL,CE,Towers with Radar,34,88,41,0,163,1,5,68,1,75,35,93,109,1,238,150,0,150,388
03/25/2002,GRR,MI,AGL,CE,Towers with Radar,44,132,88,0,264,1,5,26,0,32,45,137,114,0,296,36,0,36,332
03/26/2002,GRR,MI,AGL,CE,Towers with Radar,53,138,84,0,275,1,3,32,0,36,54,141,116,0,311,56,0,56,367
03/27/2002,GRR,MI,AGL,CE,Towers with Radar,47,148,103,2,300,0,0,146,0,146,47,148,249,2,446,100,0,100,546
03/28/2002,GRR,MI,AGL,CE,Towers with Radar,44,136,84,4,268,0,16,89,6,111,44,152,173,10,379,64,42,106,485
03/29/2002,GRR,MI,AGL,CE,Towers with Radar,44,124,76,0,244,4,6,2,0,12,48,130,78,0,256,32,0,32,288
03/30/2002,GRR,MI,AGL,CE,Towers with Radar,40,81,29,0,150,1,2,48,0,51,41,83,77,0,201,36,0,36,237
03/31/2002,GRR,MI,AGL,CE,Towers with Radar,37,86,19,0,142,1,6,23,0,30,38,92,42,0,172,0,0,0,172
04/01/2002,GRR,MI,AGL,CE,Towers with Radar,38,130,67,0,235,2,6,43,0,51,40,136,110,0,286,74,0,74,360
04/02/2002,GRR,MI,AGL,CE,Towers with Radar,43,126,52,0,221,3,2,0,0,5,46,128,52,0,226,0,0,0,226
04/03/2002,GRR,MI,AGL,CE,Towers with Radar,44,140,95,3,282,0,4,19,16,39,44,144,114,19,321,56,24,80,401
04/04/2002,GRR,MI,AGL,CE,Towers with Radar,44,134,100,1,279,0,0,42,0,42,44,134,142,1,321,68,0,68,389
04/05/2002,GRR,MI,AGL,CE,Towers with Radar,48,124,95,2,269,3,0,83,0,86,51,124,178,2,355,116,4,120,475
04/06/2002,GRR,MI,AGL,CE,Towers with Radar,43,86,56,11,196,2,5,98,0,105,45,91,154,11,301,94,12,106,407
04/07/2002,GRR,MI,AGL,CE,Towers with Radar,38,89,36,0,163,2,3,10,0,15,40,92,46,0,178,12,0,12,190
04/08/2002,GRR,MI,AGL,CE,Towers with Radar,43,142,88,0,273,2,1,0,0,3,45,143,88,0,276,4,0,4,280
04/09/2002,GRR,MI,AGL,CE,Towers with Radar,44,154,119,1,318,2,3,46,0,51,46,157,165,1,369,66,0,66,435
04/10/2002,GRR,MI,AGL,CE,Towers with Radar,51,135,107,17,310,2,3,108,3,116,53,138,215,20,426,146,30,176,602
04/11/2002,GRR,MI,AGL,CE,Towers with Radar,45,136,110,0,291,1,12,84,0,97,46,148,194,0,388,84,0,84,472
04/12/2002,GRR,MI,AGL,CE,Towers with Radar,46,138,94,0,278,0,9,11,0,20,46,147,105,0,298,62,0,62,360
04/13/2002,GRR,MI,AGL,CE,Towers with Radar,31,84,59,0,174,9,0,55,0,64,40,84,114,0,238,110,0,110,348
04/14/2002,GRR,MI,AGL,CE,Towers with Radar,40,84,42,2,168,1,3,57,0,61,41,87,99,2,229,56,0,56,285
04/15/2002,GRR,MI,AGL,CE,Towers with Radar,41,139,94,1,275,0,9,81,0,90,41,148,175,1,365,170,0,170,535
04/16/2002,GRR,MI,AGL,CE,Towers with Radar,43,144,100,2,289,1,3,43,0,47,44,147,143,2,336,64,0,64,400
04/17/2002,GRR,MI,AGL,CE,Towers with Radar,46,150,107,1,304,0,0,43,0,43,46,150,150,1,347,18,6,24,371
04/18/2002,GRR,MI,AGL,CE,Towers with Radar,47,149,137,0,333,1,8,48,0,57,48,157,185,0,390,92,0,92,482
04/19/2002,GRR,MI,AGL,CE,Towers with Radar,51,140,106,12,309,1,5,55,0,61,52,145,161,12,370,96,18,114,484
04/20/2002,GRR,MI,AGL,CE,Towers with Radar,36,83,46,0,165,1,4,78,0,83,37,87,124,0,248,80,0,80,328
04/21/2002,GRR,MI,AGL,CE,Towers with Radar,39,84,24,0,147,1,3,11,0,15,40,87,35,0,162,6,0,6,168
04/22/2002,GRR,MI,AGL,CE,Towers with Radar,38,143,60,0,241,1,3,17,0,21,39,146,77,0,262,8,0,8,270
04/23/2002,GRR,MI,AGL,CE,Towers with Radar,54,133,123,1,311,1,8,87,0,96,55,141,210,1,407,144,0,144,551
04/24/2002,GRR,MI,AGL,CE,Towers with Radar,41,138,87,2,268,1,4,48,0,53,42,142,135,2,321,14,0,14,335
04/25/2002,GRR,MI,AGL,CE,Towers with Radar,49,142,88,4,283,1,5,30,0,36,50,147,118,4,319,38,2,40,359
04/26/2002,GRR,MI,AGL,CE,Towers with Radar,44,148,102,4,298,0,0,146,8,154,44,148,248,12,452,90,26,116,568
04/27/2002,GRR,MI,AGL,CE,Towers with Radar,36,87,33,0,156,1,2,65,0,68,37,89,98,0,224,52,0,52,276
04/28/2002,GRR,MI,AGL,CE,Towers with Radar,37,87,39,0,163,1,2,0,0,3,38,89,39,0,166,6,0,6,172
04/29/2002,GRR,MI,AGL,CE,Towers with Radar,41,138,99,0,278,1,3,51,0,55,42,141,150,0,333,142,0,142,475
04/30/2002,GRR,MI,AGL,CE,Towers with Radar,51,137,114,0,302,1,6,80,0,87,52,143,194,0,389,118,8,126,515
05/01/2002,GRR,MI,AGL,CE,Towers with Radar,49,140,99,0,288,1,1,65,0,67,50,141,164,0,355,60,0,60,415
05/02/2002,GRR,MI,AGL,CE,Towers with Radar,47,144,116,18,325,0,3,11,1,15,47,147,127,19,340,16,10,26,366
05/03/2002,GRR,MI,AGL,CE,Towers with Radar,48,129,79,0,256,1,2,126,0,129,49,131,205,0,385,122,0,122,507
05/04/2002,GRR,MI,AGL,CE,Towers with Radar,27,73,49,0,149,14,11,68,0,93,41,84,117,0,242,38,0,38,280
05/05/2002,GRR,MI,AGL,CE,Towers with Radar,34,80,47,0,161,1,2,63,0,66,35,82,110,0,227,44,0,44,271
05/06/2002,GRR,MI,AGL,CE,Towers with Radar,46,124,80,0,250,8,13,0,0,21,54,137,80,0,271,0,0,0,271
05/07/2002,GRR,MI,AGL,CE,Towers with Radar,51,140,132,22,345,0,4,39,1,44,51,144,171,23,389,72,36,108,497
05/08/2002,GRR,MI,AGL,CE,Towers with Radar,52,157,90,3,302,0,0,20,1,21,52,157,110,4,323,24,0,24,347
05/09/2002,GRR,MI,AGL,CE,Towers with Radar,53,148,96,0,297,0,0,10,2,12,53,148,106,2,309,4,0,4,313
05/10/2002,GRR,MI,AGL,CE,Towers with Radar,48,142,96,3,289,0,0,38,6,44,48,142,134,9,333,45,24,69,402
05/11/2002,GRR,MI,AGL,CE,Towers with Radar,50,91,31,0,172,0,0,57,0,57,50,91,88,0,229,34,0,34,263
05/12/2002,GRR,MI,AGL,CE,Towers with Radar,37,90,15,0,142,0,0,1,0,1,37,90,16,0,143,0,0,0,143
05/13/2002,GRR,MI,AGL,CE,Towers with Radar,45,148,122,0,315,0,0,25,0,25,45,148,147,0,340,18,0,18,358
05/14/2002,GRR,MI,AGL,CE,Towers with Radar,57,135,16,0,208,0,3,87,0,90,57,138,103,0,298,38,0,38,336
05/15/2002,GRR,MI,AGL,CE,Towers with Radar,46,151,144,0,341,0,1,109,0,110,46,152,253,0,451,28,0,28,479
05/16/2002,GRR,MI,AGL,CE,Towers with Radar,52,137,112,0,301,0,1,13,0,14,52,138,125,0,315,8,0,8,323
05/17/2002,GRR,MI,AGL,CE,Towers with Radar,48,142,95,12,297,0,0,83,1,84,48,142,178,13,381,134,28,162,543
05/18/2002,GRR,MI,AGL,CE,Towers with Radar,45,81,48,0,174,0,1,52,0,53,45,82,100,0,227,18,0,18,245
05/19/2002,GRR,MI,AGL,CE,Towers with Radar,34,100,35,0,169,0,4,61,0,65,34,104,96,0,234,70,0,70,304
05/20/2002,GRR,MI,AGL,CE,Towers with Radar,44,136,124,0,304,0,7,57,0,64,44,143,181,0,368,44,0,44,412
05/21/2002,GRR,MI,AGL,CE,Towers with Radar,54,144,131,41,370,0,2,103,1,106,54,146,234,42,476,116,0,116,592
05/22/2002,GRR,MI,AGL,CE,Towers with Radar,52,146,121,0,319,0,6,108,0,114,52,152,229,0,433,110,0,110,543
05/23/2002,GRR,MI,AGL,CE,Towers with Radar,50,145,108,8,311,0,0,37,1,38,50,145,145,9,349,50,14,64,413
05/24/2002,GRR,MI,AGL,CE,Towers with Radar,49,138,103,2,292,0,0,110,0,110,49,138,213,2,402,114,0,114,516
05/25/2002,GRR,MI,AGL,CE,Towers with Radar,36,85,34,0,155,0,3,3,0,6,36,88,37,0,161,14,0,14,175
05/26/2002,GRR,MI,AGL,CE,Towers with Radar,28,74,51,0,153,4,16,14,0,34,32,90,65,0,187,40,0,40,227
05/27/2002,GRR,MI,AGL,CE,Towers with Radar,34,89,35,0,158,0,1,57,0,58,34,90,92,0,216,56,0,56,272
05/28/2002,GRR,MI,AGL,CE,Towers with Radar,43,136,93,0,272,0,6,116,0,122,43,142,209,0,394,134,0,134,528
05/29/2002,GRR,MI,AGL,CE,Towers with Radar,52,139,137,9,337,0,3,31,0,34,52,142,168,9,371,70,22,92,463
05/30/2002,GRR,MI,AGL,CE,Towers with Radar,57,159,140,0,356,0,4,42,0,46,57,163,182,0,402,80,0,80,482
05/31/2002,GRR,MI,AGL,CE,Towers with Radar,48,147,77,0,272,0,2,60,0,62,48,149,137,0,334,24,0,24,358
06/01/2002,GRR,MI,AGL,CE,Towers with Radar,41,79,43,0,163,2,8,70,0,80,43,87,113,0,243,34,0,34,277
06/02/2002,GRR,MI,AGL,CE,Towers with Radar,42,93,47,0,182,1,3,42,0,46,43,96,89,0,228,30,0,30,258
06/03/2002,GRR,MI,AGL,CE,Towers with Radar,59,136,97,0,292,0,5,0,0,5,59,141,97,0,297,38,0,38,335
06/04/2002,GRR,MI,AGL,CE,Towers with Radar,48,120,93,0,261,0,3,9,0,12,48,123,102,0,273,6,0,6,279
06/05/2002,GRR,MI,AGL,CE,Towers with Radar,49,117,85,0,251,0,25,65,0,90,49,142,150,0,341,46,0,46,387
06/06/2002,GRR,MI,AGL,CE,Towers with Radar,49,146,129,10,334,1,8,102,1,112,50,154,231,11,446,118,0,118,564
06/07/2002,GRR,MI,AGL,CE,Towers with Radar,43,127,98,0,268,1,2,100,0,103,44,129,198,0,371,70,0,70,441
06/08/2002,GRR,MI,AGL,CE,Towers with Radar,45,82,23,0,150,1,9,85,0,95,46,91,108,0,245,66,0,66,311
06/09/2002,GRR,MI,AGL,CE,Towers with Radar,45,89,34,0,168,1,6,50,0,57,46,95,84,0,225,8,0,8,233
06/10/2002,GRR,MI,AGL,CE,Towers with Radar,56,134,98,0,288,1,8,47,0,56,57,142,145,0,344,46,0,46,390
06/11/2002,GRR,MI,AGL,CE,Towers with Radar,33,79,57,0,169,14,67,47,0,128,47,146,104,0,297,24,0,24,321
06/12/2002,GRR,MI,AGL,CE,Towers with Radar,53,151,119,1,324,0,0,90,3,93,53,151,209,4,417,94,0,94,511
06/13/2002,GRR,MI,AGL,CE,Towers with Radar,49,146,116,0,311,1,2,9,0,12,50,148,125,0,323,24,0,24,347
06/14/2002,GRR,MI,AGL,CE,Towers with Radar,49,143,125,0,317,1,4,8,0,13,50,147,133,0,330,10,0,10,340
06/15/2002,GRR,MI,AGL,CE,Towers with Radar,52,71,27,0,150,1,4,20,0,25,53,75,47,0,175,8,0,8,183
06/16/2002,GRR,MI,AGL,CE,Towers with Radar,41,91,42,0,174,1,5,33,0,39,42,96,75,0,213,24,0,24,237
06/17/2002,GRR,MI,AGL,CE,Towers with Radar,42,133,94,0,269,0,40,87,0,127,42,173,181,0,396,46,0,46,442
06/18/2002,GRR,MI,AGL,CE,Towers with Radar,52,173,115,3,343,1,8,114,1,124,53,181,229,4,467,102,8,110,577
06/19/2002,GRR,MI,AGL,CE,Towers with Radar,45,129,92,0,266,0,6,97,0,103,45,135,189,0,369,56,0,56,425
06/20/2002,GRR,MI,AGL,CE,Towers with Radar,52,150,106,0,308,1,6,72,0,79,53,156,178,0,387,60,0,60,447
06/21/2002,GRR,MI,AGL,CE,Towers with Radar,56,142,74,0,272,1,2,34,0,37,57,144,108,0,309,14,0,14,323
06/22/2002,GRR,MI,AGL,CE,Towers with Radar,50,85,51,0,186,1,4,24,0,29,51,89,75,0,215,22,0,22,237
06/23/2002,GRR,MI,AGL,CE,Towers with Radar,47,82,46,0,175,1,4,42,0,47,48,86,88,0,222,32,0,32,254
06/24/2002,GRR,MI,AGL,CE,Towers with Radar,53,132,119,0,304,1,3,75,0,79,54,135,194,0,383,84,0,84,467
06/25/2002,GRR,MI,AGL,CE,Towers with Radar,57,138,140,0,335,1,9,52,0,62,58,147,192,0,397,68,0,68,465
06/26/2002,GRR,MI,AGL,CE,Towers with Radar,51,149,101,8,309,1,2,43,0,46,52,151,144,8,355,18,0,18,373
06/27/2002,GRR,MI,AGL,CE,Towers with Radar,47,154,149,4,354,1,5,81,0,87,48,159,230,4,441,88,12,100,541
06/28/2002,GRR,MI,AGL,CE,Towers with Radar,50,142,89,0,281,1,5,96,0,102,51,147,185,0,383,0,0,0,383
06/29/2002,GRR,MI,AGL,CE,Towers with Radar,46,92,24,0,162,1,6,54,0,61,47,98,78,0,223,32,0,32,255
06/30/2002,GRR,MI,AGL,CE,Towers with Radar,48,82,34,0,164,6,21,56,0,83,54,103,90,0,247,48,0,48,295
07/01/2002,GRR,MI,AGL,CE,Towers with Radar,60,117,75,0,252,1,6,68,0,75,61,123,143,0,327,44,0,44,371
07/02/2002,GRR,MI,AGL,CE,Towers with Radar,52,136,78,11,277,1,4,70,5,80,53,140,148,16,357,64,22,86,443
07/03/2002,GRR,MI,AGL,CE,Towers with Radar,53,124,85,0,262,1,7,94,0,102,54,131,179,0,364,30,0,30,394
07/04/2002,GRR,MI,AGL,CE,Towers with Radar,25,57,39,0,121,16,13,22,0,51,41,70,61,0,172,22,0,22,194
07/05/2002,GRR,MI,AGL,CE,Towers with Radar,35,101,45,0,181,1,3,68,0,72,36,104,113,0,253,72,0,72,325
07/06/2002,GRR,MI,AGL,CE,Towers with Radar,47,72,25,0,144,1,5,70,0,76,48,77,95,0,220,42,0,42,262
07/07/2002,GRR,MI,AGL,CE,Towers with Radar,38,89,61,0,188,8,18,22,0,48,46,107,83,0,236,10,0,10,246
07/08/2002,GRR,MI,AGL,CE,Towers with Radar,43,138,85,0,266,1,7,55,0,63,44,145,140,0,329,32,0,32,361
07/09/2002,GRR,MI,AGL,CE,Towers with Radar,51,141,120,28,340,1,2,31,0,34,52,143,151,28,374,22,18,40,414
07/10/2002,GRR,MI,AGL,CE,Towers with Radar,53,148,104,2,307,0,0,121,18,139,53,148,225,20,446,134,34,168,614
07/11/2002,GRR,MI,AGL,CE,Towers with Radar,51,139,96,0,286,1,4,89,0,94,52,143,185,0,380,56,0,56,436
07/12/2002,GRR,MI,AGL,CE,Towers with Radar,55,127,91,0,273,1,8,120,0,129,56,135,211,0,402,46,0,46,448
07/13/2002,GRR,MI,AGL,CE,Towers with Radar,46,79,23,3,151,51,2,89,0,142,97,81,112,3,293,42,0,42,335
07/14/2002,GRR,MI,AGL,CE,Towers with Radar,41,90,39,0,170,1,4,63,0,68,42,94,102,0,238,44,0,44,282
07/15/2002,GRR,MI,AGL,CE,Towers with Radar,50,118,80,0,248,8,5,96,0,109,58,123,176,0,357,104,0,104,461
07/16/2002,GRR,MI,AGL,CE,Towers with Radar,54,136,107,0,297,1,6,96,0,103,55,142,203,0,400,32,0,32,432
07/17/2002,GRR,MI,AGL,CE,Towers with Radar,54,133,91,0,278,0,2,65,0,67,54,135,156,0,345,44,0,44,389
07/18/2002,GRR,MI,AGL,CE,Towers with Radar,55,137,120,0,312,0,5,31,40,76,55,142,151,40,388,0,0,0,388
07/19/2002,GRR,MI,AGL,CE,Towers with Radar,53,127,88,0,268,0,7,56,0,63,53,134,144,0,331,56,0,56,387
07/20/2002,GRR,MI,AGL,CE,Towers with Radar,45,86,50,0,181,0,7,64,0,71,45,93,114,0,252,50,0,50,302
07/21/2002,GRR,MI,AGL,CE,Towers with Radar,38,90,38,0,166,0,5,33,0,38,38,95,71,0,204,0,0,0,204
07/22/2002,GRR,MI,AGL,CE,Towers with Radar,56,122,86,0,264,0,4,69,0,73,56,126,155,0,337,42,0,42,379
07/23/2002,GRR,MI,AGL,CE,Towers with Radar,47,140,102,2,291,0,0,85,1,86,47,140,187,3,377,42,0,42,419
07/24/2002,GRR,MI,AGL,CE,Towers with Radar,67,122,105,1,295,4,0,107,0,111,71,122,212,1,406,68,4,72,478
07/25/2002,GRR,MI,AGL,CE,Towers with Radar,52,142,133,0,327,0,7,65,0,72,52,149,198,0,399,92,0,92,491
07/26/2002,GRR,MI,AGL,CE,Towers with Radar,49,121,98,1,269,0,7,52,0,59,49,128,150,1,328,50,0,50,378
07/27/2002,GRR,MI,AGL,CE,Towers with Radar,46,82,28,0,156,0,3,11,0,14,46,85,39,0,170,0,0,0,170
07/28/2002,GRR,MI,AGL,CE,Towers with Radar,41,87,66,0,194,0,0,0,0,0,41,87,66,0,194,6,0,6,200
07/29/2002,GRR,MI,AGL,CE,Towers with Radar,64,109,92,0,265,0,4,15,0,19,64,113,107,0,284,16,0,16,300
07/30/2002,GRR,MI,AGL,CE,Towers with Radar,51,134,113,1,299,0,3,102,0,105,51,137,215,1,404,46,0,46,450
07/31/2002,GRR,MI,AGL,CE,Towers with Radar,57,153,113,0,323,0,3,88,1,92,57,156,201,1,415,84,0,84,499
08/01/2002,GRR,MI,AGL,CE,Towers with Radar,48,153,84,1,286,0,2,59,0,61,48,155,143,1,347,50,0,50,397
08/02/2002,GRR,MI,AGL,CE,Towers with Radar,51,137,101,0,289,0,4,81,0,85,51,141,182,0,374,92,0,92,466
08/03/2002,GRR,MI,AGL,CE,Towers with Radar,35,74,58,1,168,20,0,34,0,54,55,74,92,1,222,55,0,55,277
08/04/2002,GRR,MI,AGL,CE,Towers with Radar,49,0,15,0,64,0,0,16,0,16,49,0,31,0,80,6,0,6,86
08/05/2002,GRR,MI,AGL,CE,Towers with Radar,46,127,106,0,279,0,1,45,0,46,46,128,151,0,325,68,0,68,393
08/06/2002,GRR,MI,AGL,CE,Towers with Radar,46,136,96,0,278,0,2,79,0,81,46,138,175,0,359,48,0,48,407
08/07/2002,GRR,MI,AGL,CE,Towers with Radar,59,141,124,0,324,0,5,141,0,146,59,146,265,0,470,90,0,90,560
08/08/2002,GRR,MI,AGL,CE,Towers with Radar,50,146,119,10,325,0,4,96,0,100,50,150,215,10,425,98,12,110,535
08/09/2002,GRR,MI,AGL,CE,Towers with Radar,51,144,90,0,285,0,4,86,0,90,51,148,176,0,375,34,0,34,409
08/10/2002,GRR,MI,AGL,CE,Towers with Radar,58,76,24,13,171,0,10,48,2,60,58,86,72,15,231,69,4,73,304
08/11/2002,GRR,MI,AGL,CE,Towers with Radar,65,76,34,0,175,0,5,44,0,49,65,81,78,0,224,38,0,38,262
08/12/2002,GRR,MI,AGL,CE,Towers with Radar,48,135,183,0,366,0,5,80,0,85,48,140,263,0,451,20,0,20,471
08/13/2002,GRR,MI,AGL,CE,Towers with Radar,52,124,90,0,266,0,13,19,0,32,52,137,109,0,298,16,0,16,314
08/14/2002,GRR,MI,AGL,CE,Towers with Radar,51,134,103,0,288,0,6,34,0,40,51,140,137,0,328,26,0,26,354
08/15/2002,GRR,MI,AGL,CE,Towers with Radar,58,142,103,0,303,0,0,45,0,45,58,142,148,0,348,36,0,36,384
08/16/2002,GRR,MI,AGL,CE,Towers with Radar,48,124,87,1,260,0,2,58,0,60,48,126,145,1,320,60,0,60,380
08/17/2002,GRR,MI,AGL,CE,Towers with Radar,45,87,38,0,170,1,0,0,0,1,46,87,38,0,171,20,0,20,191
08/18/2002,GRR,MI,AGL,CE,Towers with Radar,44,95,38,0,177,0,2,49,0,51,44,97,87,0,228,42,0,42,270
08/19/2002,GRR,MI,AGL,CE,Towers with Radar,45,131,98,0,274,0,3,40,0,43,45,134,138,0,317,46,0,46,363
08/20/2002,GRR,MI,AGL,CE,Towers with Radar,52,140,75,0,267,0,5,115,0,120,52,145,190,0,387,124,0,124,511
08/21/2002,GRR,MI,AGL,CE,Towers with Radar,51,140,100,11,302,0,0,92,2,94,51,140,192,13,396,86,18,104,500
08/22/2002,GRR,MI,AGL,CE,Towers with Radar,51,138,76,0,265,0,0,0,0,0,51,138,76,0,265,6,0,6,271
08/23/2002,GRR,MI,AGL,CE,Towers with Radar,50,131,189,1,371,0,1,5,0,6,50,132,194,1,377,14,0,14,391
08/24/2002,GRR,MI,AGL,CE,Towers with Radar,29,69,49,0,147,20,10,16,0,46,49,79,65,0,193,12,0,12,205
08/25/2002,GRR,MI,AGL,CE,Towers with Radar,36,83,62,0,181,8,0,40,0,48,44,83,102,0,229,14,0,14,243
08/26/2002,GRR,MI,AGL,CE,Towers with Radar,45,113,81,0,239,0,25,84,0,109,45,138,165,0,348,132,0,132,480
08/27/2002,GRR,MI,AGL,CE,Towers with Radar,49,150,109,1,309,0,0,86,10,96,49,150,195,11,405,110,8,118,523
08/28/2002,GRR,MI,AGL,CE,Towers with Radar,52,149,130,0,331,0,2,107,0,109,52,151,237,0,440,92,0,92,532
08/29/2002,GRR,MI,AGL,CE,Towers with Radar,53,148,106,1,308,0,14,130,0,144,53,162,236,1,452,102,2,104,556
08/30/2002,GRR,MI,AGL,CE,Towers with Radar,56,139,91,0,286,0,0,116,0,116,56,139,207,0,402,76,0,76,478
08/31/2002,GRR,MI,AGL,CE,Towers with Radar,44,75,32,0,151,0,24,52,0,76,44,99,84,0,227,28,0,28,255
09/01/2002,GRR,MI,AGL,CE,Towers with Radar,27,58,41,0,126,4,5,7,0,16,31,63,48,0,142,10,0,10,152
09/02/2002,GRR,MI,AGL,CE,Towers with Radar,38,85,35,0,158,0,3,26,0,29,38,88,61,0,187,16,0,16,203
09/03/2002,GRR,MI,AGL,CE,Towers with Radar,47,131,66,0,244,0,4,73,0,77,47,135,139,0,321,46,0,46,367
09/04/2002,GRR,MI,AGL,CE,Towers with Radar,52,142,120,0,314,0,8,101,0,109,52,150,221,0,423,76,4,80,503
09/05/2002,GRR,MI,AGL,CE,Towers with Radar,48,141,118,4,311,0,5,101,0,106,48,146,219,4,417,48,26,74,491
09/06/2002,GRR,MI,AGL,CE,Towers with Radar,63,125,71,12,271,0,4,90,0,94,63,129,161,12,365,24,6,30,395
09/07/2002,GRR,MI,AGL,CE,Towers with Radar,55,71,27,0,153,0,9,176,0,185,55,80,203,0,338,50,0,50,388
09/08/2002,GRR,MI,AGL,CE,Towers with Radar,35,74,50,0,159,22,0,29,0,51,57,74,79,0,210,20,0,20,230
09/09/2002,GRR,MI,AGL,CE,Towers with Radar,43,133,93,0,269,0,8,50,0,58,43,141,143,0,327,34,0,34,361
09/10/2002,GRR,MI,AGL,CE,Towers with Radar,47,134,91,6,278,0,1,30,26,57,47,135,121,32,335,26,36,62,397
09/11/2002,GRR,MI,AGL,CE,Towers with Radar,52,115,100,25,292,0,1,86,0,87,52,116,186,25,379,60,30,90,469
09/12/2002,GRR,MI,AGL,CE,Towers with Radar,49,134,110,15,308,0,4,104,1,109,49,138,214,16,417,66,12,78,495
09/13/2002,GRR,MI,AGL,CE,Towers with Radar,61,113,93,6,273,10,0,113,2,125,71,113,206,8,398,115,21,136,534
09/14/2002,GRR,MI,AGL,CE,Towers with Radar,56,70,17,0,143,0,4,55,0,59,56,74,72,0,202,66,0,66,268
09/15/2002,GRR,MI,AGL,CE,Towers with Radar,42,85,60,0,187,0,2,11,0,13,42,87,71,0,200,16,0,16,216
09/16/2002,GRR,MI,AGL,CE,Towers with Radar,57,118,107,0,282,0,4,93,0,97,57,122,200,0,379,84,0,84,463
09/17/2002,GRR,MI,AGL,CE,Towers with Radar,68,120,79,1,268,0,4,71,0,75,68,124,150,1,343,58,0,58,401
09/18/2002,GRR,MI,AGL,CE,Towers with Radar,51,141,114,13,319,0,2,22,0,24,51,143,136,13,343,12,18,30,373
09/19/2002,GRR,MI,AGL,CE,Towers with Radar,54,127,116,0,297,0,1,19,0,20,54,128,135,0,317,16,0,16,333
09/20/2002,GRR,MI,AGL,CE,Towers with Radar,48,121,84,0,253,0,3,9,0,12,48,124,93,0,265,0,0,0,265
09/21/2002,GRR,MI,AGL,CE,Towers with Radar,48,84,31,0,163,0,9,54,0,63,48,93,85,0,226,30,0,30,256
09/22/2002,GRR,MI,AGL,CE,Towers with Radar,40,90,42,1,173,0,6,23,0,29,40,96,65,1,202,2,0,2,204
09/23/2002,GRR,MI,AGL,CE,Towers with Radar,47,139,104,0,290,0,5,56,0,61,47,144,160,0,351,96,0,96,447
09/24/2002,GRR,MI,AGL,CE,Towers with Radar,50,156,115,14,335,0,7,104,0,111,50,163,219,14,446,100,24,124,570
09/25/2002,GRR,MI,AGL,CE,Towers with Radar,50,154,113,0,317,0,9,114,0,123,50,163,227,0,440,142,0,142,582
09/26/2002,GRR,MI,AGL,CE,Towers with Radar,53,166,162,28,409,0,6,79,0,85,53,172,241,28,494,70,12,82,576
09/27/2002,GRR,MI,AGL,CE,Towers with Radar,52,143,115,0,310,0,2,47,0,49,52,145,162,0,359,32,0,32,391
09/28/2002,GRR,MI,AGL,CE,Towers with Radar,41,79,32,0,152,0,3,54,0,57,41,82,86,0,209,16,0,16,225
09/29/2002,GRR,MI,AGL,CE,Towers with Radar,39,88,61,0,188,5,8,6,0,19,44,96,67,0,207,28,0,28,235
09/30/2002,GRR,MI,AGL,CE,Towers with Radar,49,129,72,0,250,0,6,47,0,53,49,135,119,0,303,52,0,52,355
10/01/2002,GRR,MI,AGL,CE,Towers with Radar,52,143,91,0,286,0,4,63,0,67,52,147,154,0,353,46,0,46,399
10/02/2002,GRR,MI,AGL,CE,Towers with Radar,54,145,118,0,317,0,4,7,1,12,54,149,125,1,329,8,0,8,337
10/03/2002,GRR,MI,AGL,CE,Towers with Radar,65,134,148,0,347,0,0,7,0,7,65,134,155,0,354,2,0,2,356
10/04/2002,GRR,MI,AGL,CE,Towers with Radar,53,144,112,0,309,0,0,12,0,12,53,144,124,0,321,0,0,0,321
10/05/2002,GRR,MI,AGL,CE,Towers with Radar,48,85,35,7,175,0,6,69,1,76,48,91,104,8,251,52,6,58,309
10/06/2002,GRR,MI,AGL,CE,Towers with Radar,33,87,48,0,168,8,11,0,0,19,41,98,48,0,187,50,0,50,237
10/07/2002,GRR,MI,AGL,CE,Towers with Radar,46,151,88,0,285,0,2,65,0,67,46,153,153,0,352,30,0,30,382
10/08/2002,GRR,MI,AGL,CE,Towers with Radar,55,136,107,0,298,0,5,93,0,98,55,141,200,0,396,110,0,110,506
10/09/2002,GRR,MI,AGL,CE,Towers with Radar,45,157,103,0,305,0,1,97,0,98,45,158,200,0,403,62,8,70,473
10/10/2002,GRR,MI,AGL,CE,Towers with Radar,55,145,114,11,325,0,0,74,1,75,55,145,188,12,400,68,26,94,494
10/11/2002,GRR,MI,AGL,CE,Towers with Radar,51,139,85,0,275,0,3,102,0,105,51,142,187,0,380,46,0,46,426
10/12/2002,GRR,MI,AGL,CE,Towers with Radar,31,81,47,0,159,11,7,0,0,18,42,88,47,0,177,7,0,7,184
10/13/2002,GRR,MI,AGL,CE,Towers with Radar,42,92,36,3,173,0,4,39,1,44,42,96,75,4,217,16,0,16,233
10/14/2002,GRR,MI,AGL,CE,Towers with Radar,47,131,84,0,262,0,9,82,0,91,47,140,166,0,353,78,0,78,431
10/15/2002,GRR,MI,AGL,CE,Towers with Radar,48,138,84,17,287,0,2,47,1,50,48,140,131,18,337,90,22,112,449
10/16/2002,GRR,MI,AGL,CE,Towers with Radar,51,156,111,3,321,0,1,76,1,78,51,157,187,4,399,44,2,46,445
10/17/2002,GRR,MI,AGL,CE,Towers with Radar,54,141,116,0,311,0,0,13,0,13,54,141,129,0,324,8,0,8,332
10/18/2002,GRR,MI,AGL,CE,Towers with Radar,49,139,92,0,280,0,0,16,0,16,49,139,108,0,296,28,0,28,324
10/19/2002,GRR,MI,AGL,CE,Towers with Radar,42,97,36,0,175,0,2,23,0,25,42,99,59,0,200,0,0,0,200
10/20/2002,GRR,MI,AGL,CE,Towers with Radar,41,106,35,0,182,0,0,38,0,38,41,106,73,0,220,8,0,8,228
10/21/2002,GRR,MI,AGL,CE,Towers with Radar,50,145,95,13,303,0,3,42,0,45,50,148,137,13,348,50,26,76,424
10/22/2002,GRR,MI,AGL,CE,Towers with Radar,49,158,131,11,349,0,1,19,0,20,49,159,150,11,369,44,8,52,421
10/23/2002,GRR,MI,AGL,CE,Towers with Radar,59,140,143,6,348,0,4,62,0,66,59,144,205,6,414,72,8,80,494
10/24/2002,GRR,MI,AGL,CE,Towers with Radar,52,141,99,2,294,0,4,81,1,86,52,145,180,3,380,94,0,94,474
10/25/2002,GRR,MI,AGL,CE,Towers with Radar,52,131,64,0,247,0,0,4,0,4,52,131,68,0,251,2,0,2,253
10/26/2002,GRR,MI,AGL,CE,Towers with Radar,43,92,26,0,161,0,3,7,0,10,43,95,33,0,171,0,0,0,171
10/27/2002,GRR,MI,AGL,CE,Towers with Radar,41,101,50,0,192,0,3,73,0,76,41,104,123,0,268,56,0,56,324
10/28/2002,GRR,MI,AGL,CE,Towers with Radar,47,141,76,6,270,0,4,72,1,77,47,145,148,7,347,48,16,64,411
10/29/2002,GRR,MI,AGL,CE,Towers with Radar,50,149,84,11,294,0,10,49,0,59,50,159,133,11,353,50,12,62,415
10/30/2002,GRR,MI,AGL,CE,Towers with Radar,51,155,123,11,340,0,1,107,2,110,51,156,230,13,450,60,14,74,524
10/31/2002,GRR,MI,AGL,CE,Towers with Radar,46,149,93,0,288,0,8,24,0,32,46,157,117,0,320,42,0,42,362
11/01/2002,GRR,MI,AGL,CE,Towers with Radar,47,134,61,0,242,1,0,17,0,18,48,134,78,0,260,28,0,28,288
11/02/2002,GRR,MI,AGL,CE,Towers with Radar,49,84,16,0,149,0,1,34,12,47,49,85,50,12,196,0,0,0,196
11/03/2002,GRR,MI,AGL,CE,Towers with Radar,39,94,48,0,181,0,1,77,0,78,39,95,125,0,259,70,0,70,329
11/04/2002,GRR,MI,AGL,CE,Towers with Radar,52,151,93,6,302,0,2,48,4,54,52,153,141,10,356,50,14,64,420
11/05/2002,GRR,MI,AGL,CE,Towers with Radar,45,154,83,18,300,0,0,6,1,7,45,154,89,19,307,2,10,12,319
11/06/2002,GRR,MI,AGL,CE,Towers with Radar,49,144,121,0,314,0,1,7,0,8,49,145,128,0,322,20,0,20,342
11/07/2002,GRR,MI,AGL,CE,Towers with Radar,52,147,149,9,357,0,3,64,1,68,52,150,213,10,425,98,0,98,523
11/08/2002,GRR,MI,AGL,CE,Towers with Radar,50,134,105,0,289,0,3,46,0,49,50,137,151,0,338,14,0,14,352
11/09/2002,GRR,MI,AGL,CE,Towers with Radar,48,69,39,0,156,0,0,24,0,24,48,69,63,0,180,32,0,32,212
11/10/2002,GRR,MI,AGL,CE,Towers with Radar,39,98,44,1,182,0,0,3,1,4,39,98,47,2,186,0,8,8,194
11/11/2002,GRR,MI,AGL,CE,Towers with Radar,44,140,91,0,275,0,0,7,0,7,44,140,98,0,282,2,0,2,284
11/12/2002,GRR,MI,AGL,CE,Towers with Radar,42,152,95,2,291,0,0,55,12,67,42,152,150,14,358,36,14,50,408
11/13/2002,GRR,MI,AGL,CE,Towers with Radar,48,156,111,0,315,0,3,56,0,59,48,159,167,0,374,46,0,46,420
11/14/2002,GRR,MI,AGL,CE,Towers with Radar,59,135,84,0,278,0,3,41,0,44,59,138,125,0,322,36,0,36,358
11/15/2002,GRR,MI,AGL,CE,Towers with Radar,47,131,88,0,266,0,3,86,0,89,47,134,174,0,355,92,0,92,447
11/16/2002,GRR,MI,AGL,CE,Towers with Radar,43,81,49,0,173,0,0,59,0,59,43,81,108,0,232,22,0,22,254
11/17/2002,GRR,MI,AGL,CE,Towers with Radar,38,96,31,0,165,0,0,35,0,35,38,96,66,0,200,22,0,22,222
11/18/2002,GRR,MI,AGL,CE,Towers with Radar,40,134,97,0,271,0,0,62,0,62,40,134,159,0,333,0,0,0,333
11/19/2002,GRR,MI,AGL,CE,Towers with Radar,47,146,89,0,282,0,8,46,0,54,47,154,135,0,336,30,0,30,366
11/20/2002,GRR,MI,AGL,CE,Towers with Radar,47,158,107,0,312,0,1,93,0,94,47,159,200,0,406,124,4,128,534
11/21/2002,GRR,MI,AGL,CE,Towers with Radar,59,141,96,0,296,1,0,20,0,21,60,141,116,0,317,0,0,0,317
11/22/2002,GRR,MI,AGL,CE,Towers with Radar,46,133,74,35,288,0,4,30,1,35,46,137,104,36,323,0,0,0,323
11/23/2002,GRR,MI,AGL,CE,Towers with Radar,30,78,46,0,154,14,14,6,0,34,44,92,52,0,188,34,0,34,222
11/24/2002,GRR,MI,AGL,CE,Towers with Radar,31,81,47,0,159,14,21,10,0,45,45,102,57,0,204,18,0,18,222
11/25/2002,GRR,MI,AGL,CE,Towers with Radar,44,129,77,1,251,0,5,40,2,47,44,134,117,3,298,36,6,42,340
11/26/2002,GRR,MI,AGL,CE,Towers with Radar,37,143,86,0,266,0,7,78,0,85,37,150,164,0,351,72,0,72,423
11/27/2002,GRR,MI,AGL,CE,Towers with Radar,47,145,89,0,281,0,0,33,0,33,47,145,122,0,314,14,0,14,328
11/28/2002,GRR,MI,AGL,CE,Towers with Radar,24,61,31,0,116,7,8,0,0,15,31,69,31,0,131,14,0,14,145
11/29/2002,GRR,MI,AGL,CE,Towers with Radar,27,69,40,0,136,7,1,5,0,13,34,70,45,0,149,0,0,0,149
11/30/2002,GRR,MI,AGL,CE,Towers with Radar,23,59,11,0,93,16,19,0,0,35,39,78,11,0,128,0,0,0,128
12/01/2002,GRR,MI,AGL,CE,Towers with Radar,41,92,36,0,169,1,3,0,0,4,42,95,36,0,173,0,0,0,173
12/02/2002,GRR,MI,AGL,CE,Towers with Radar,39,119,97,0,255,0,6,3,0,9,39,125,100,0,264,4,0,4,268
12/03/2002,GRR,MI,AGL,CE,Towers with Radar,49,126,110,8,293,0,9,64,0,73,49,135,174,8,366,102,0,102,468
12/04/2002,GRR,MI,AGL,CE,Towers with Radar,53,127,87,0,267,0,0,38,0,38,53,127,125,0,305,48,0,48,353
12/05/2002,GRR,MI,AGL,CE,Towers with Radar,50,41,76,0,167,0,0,47,1,48,50,41,123,1,215,30,0,30,245
12/06/2002,GRR,MI,AGL,CE,Towers with Radar,50,133,102,0,285,1,4,23,0,28,51,137,125,0,313,16,0,16,329
12/07/2002,GRR,MI,AGL,CE,Towers with Radar,49,78,50,0,177,1,6,6,0,13,50,84,56,0,190,2,0,2,192
12/08/2002,GRR,MI,AGL,CE,Towers with Radar,45,97,20,0,162,1,4,7,0,12,46,101,27,0,174,0,0,0,174
12/09/2002,GRR,MI,AGL,CE,Towers with Radar,48,136,92,0,276,0,4,51,0,55,48,140,143,0,331,20,0,20,351
12/10/2002,GRR,MI,AGL,CE,Towers with Radar,48,134,106,8,296,1,3,0,0,4,49,137,106,8,300,16,0,16,316
12/11/2002,GRR,MI,AGL,CE,Towers with Radar,64,129,102,0,295,0,0,102,0,102,64,129,204,0,397,0,0,0,397
12/12/2002,GRR,MI,AGL,CE,Towers with Radar,49,120,126,6,301,1,4,40,0,45,50,124,166,6,346,48,0,48,394
12/13/2002,GRR,MI,AGL,CE,Towers with Radar,50,126,104,4,284,1,3,0,0,4,51,129,104,4,288,0,0,0,288
12/14/2002,GRR,MI,AGL,CE,Towers with Radar,43,75,47,0,165,1,5,13,0,19,44,80,60,0,184,34,0,34,218
12/15/2002,GRR,MI,AGL,CE,Towers with Radar,36,82,51,0,169,6,16,0,2,24,42,98,51,2,193,18,0,18,211
12/16/2002,GRR,MI,AGL,CE,Towers with Radar,44,124,106,0,274,1,6,64,0,71,45,130,170,0,345,26,0,26,371
12/17/2002,GRR,MI,AGL,CE,Towers with Radar,50,131,107,0,288,1,3,34,0,38,51,134,141,0,326,28,0,28,354
12/18/2002,GRR,MI,AGL,CE,Towers with Radar,48,140,94,0,282,1,4,0,0,5,49,144,94,0,287,10,0,10,297
12/19/2002,GRR,MI,AGL,CE,Towers with Radar,47,130,134,0,311,1,4,3,0,8,48,134,137,0,319,10,0,10,329
12/20/2002,GRR,MI,AGL,CE,Towers with Radar,50,132,73,0,255,1,3,0,0,4,51,135,73,0,259,0,0,0,259
12/21/2002,GRR,MI,AGL,CE,Towers with Radar,45,79,11,0,135,1,6,1,0,8,46,85,12,0,143,0,0,0,143
12/22/2002,GRR,MI,AGL,CE,Towers with Radar,40,88,17,0,145,1,3,2,0,6,41,91,19,0,151,4,0,4,155
12/23/2002,GRR,MI,AGL,CE,Towers with Radar,40,113,93,0,246,1,4,16,0,21,41,117,109,0,267,8,0,8,275
12/24/2002,GRR,MI,AGL,CE,Towers with Radar,55,74,30,0,159,0,10,32,0,42,55,84,62,0,201,8,0,8,209
12/25/2002,GRR,MI,AGL,CE,Towers with Radar,35,67,7,0,109,0,5,1,0,6,35,72,8,0,115,0,0,0,115
12/26/2002,GRR,MI,AGL,CE,Towers with Radar,44,105,69,0,218,0,6,18,0,24,44,111,87,0,242,0,0,0,242
12/27/2002,GRR,MI,AGL,CE,Towers with Radar,49,107,70,0,226,2,4,0,0,6,51,111,70,0,232,2,0,2,234
12/28/2002,GRR,MI,AGL,CE,Towers with Radar,41,80,19,0,140,0,3,0,0,3,41,83,19,0,143,2,0,2,145
12/29/2002,GRR,MI,AGL,CE,Towers with Radar,41,83,23,0,147,0,3,9,0,12,41,86,32,0,159,20,0,20,179
12/30/2002,GRR,MI,AGL,CE,Towers with Radar,41,77,38,0,156,13,0,53,0,66,54,77,91,0,222,50,0,50,272
12/31/2002,GRR,MI,AGL,CE,Towers with Radar,41,72,37,0,150,0,40,0,0,40,41,112,37,0,190,0,0,0,190
01/01/2003,GRR,MI,AGL,CE,Towers with Radar,35,73,18,0,126,1,2,20,0,23,36,75,38,0,149,8,0,8,157
01/02/2003,GRR,MI,AGL,CE,Towers with Radar,43,112,44,0,199,0,3,11,0,14,43,115,55,0,213,46,0,46,259
01/03/2003,GRR,MI,AGL,CE,Towers with Radar,46,116,57,0,219,0,5,21,0,26,46,121,78,0,245,10,0,10,255
01/04/2003,GRR,MI,AGL,CE,Towers with Radar,48,77,25,0,150,1,3,34,0,38,49,80,59,0,188,8,0,8,196
01/05/2003,GRR,MI,AGL,CE,Towers with Radar,35,82,27,0,144,1,0,0,0,1,36,82,27,0,145,0,0,0,145
01/06/2003,GRR,MI,AGL,CE,Towers with Radar,39,119,59,0,217,1,4,9,0,14,40,123,68,0,231,6,0,6,237
01/07/2003,GRR,MI,AGL,CE,Towers with Radar,56,143,69,3,271,0,5,0,17,22,56,148,69,20,293,12,24,36,329
01/08/2003,GRR,MI,AGL,CE,Towers with Radar,60,111,83,0,254,1,0,68,0,69,61,111,151,0,323,70,0,70,393
01/09/2003,GRR,MI,AGL,CE,Towers with Radar,49,129,69,0,247,1,2,18,0,21,50,131,87,0,268,20,0,20,288
01/10/2003,GRR,MI,AGL,CE,Towers with Radar,47,117,62,9,235,1,0,1,0,2,48,117,63,9,237,6,4,10,247
01/11/2003,GRR,MI,AGL,CE,Towers with Radar,52,65,24,0,141,0,1,0,0,1,52,66,24,0,142,0,0,0,142
01/12/2003,GRR,MI,AGL,CE,Towers with Radar,39,80,23,0,142,0,6,11,0,17,39,86,34,0,159,0,0,0,159
01/13/2003,GRR,MI,AGL,CE,Towers with Radar,44,120,90,0,254,0,1,9,0,10,44,121,99,0,264,20,0,20,284
01/14/2003,GRR,MI,AGL,CE,Towers with Radar,49,155,103,3,310,0,0,20,0,20,49,155,123,3,330,44,0,44,374
01/15/2003,GRR,MI,AGL,CE,Towers with Radar,59,125,107,0,291,0,1,10,0,11,59,126,117,0,302,14,0,14,316
01/16/2003,GRR,MI,AGL,CE,Towers with Radar,53,125,103,3,284,0,4,45,0,49,53,129,148,3,333,36,2,38,371
01/17/2003,GRR,MI,AGL,CE,Towers with Radar,47,116,63,2,228,0,2,35,0,37,47,118,98,2,265,38,0,38,303
01/18/2003,GRR,MI,AGL,CE,Towers with Radar,40,74,21,0,135,0,0,1,0,1,40,74,22,0,136,0,0,0,136
01/19/2003,GRR,MI,AGL,CE,Towers with Radar,39,68,21,0,128,0,1,4,0,5,39,69,25,0,133,0,0,0,133
01/20/2003,GRR,MI,AGL,CE,Towers with Radar,44,123,71,0,238,0,5,20,0,25,44,128,91,0,263,16,0,16,279
01/21/2003,GRR,MI,AGL,CE,Towers with Radar,53,133,93,0,279,0,0,31,0,31,53,133,124,0,310,78,0,78,388
01/22/2003,GRR,MI,AGL,CE,Towers with Radar,49,127,100,0,276,0,1,21,0,22,49,128,121,0,298,26,0,26,324
01/23/2003,GRR,MI,AGL,CE,Towers with Radar,48,124,61,0,233,0,2,7,0,9,48,126,68,0,242,10,0,10,252
01/24/2003,GRR,MI,AGL,CE,Towers with Radar,49,111,75,2,237,0,0,5,0,5,49,111,80,2,242,4,0,4,246
01/25/2003,GRR,MI,AGL,CE,Towers with Radar,43,71,20,0,134,0,0,1,0,1,43,71,21,0,135,0,0,0,135
01/26/2003,GRR,MI,AGL,CE,Towers with Radar,31,71,40,2,144,11,18,4,0,33,42,89,44,2,177,0,0,0,177
01/27/2003,GRR,MI,AGL,CE,Towers with Radar,47,113,57,0,217,0,4,28,0,32,47,117,85,0,249,38,0,38,287
01/28/2003,GRR,MI,AGL,CE,Towers with Radar,52,117,81,0,250,0,18,1,0,19,52,135,82,0,269,0,0,0,269
01/29/2003,GRR,MI,AGL,CE,Towers with Radar,53,125,90,2,270,0,4,60,1,65,53,129,150,3,335,54,0,54,389
01/30/2003,GRR,MI,AGL,CE,Towers with Radar,52,134,84,2,272,0,0,80,7,87,52,134,164,9,359,100,10,110,469
01/31/2003,GRR,MI,AGL,CE,Towers with Radar,47,114,63,0,224,0,2,2,0,4,47,116,65,0,228,0,0,0,228
02/01/2003,GRR,MI,AGL,CE,Towers with Radar,28,74,30,0,132,13,2,0,0,15,41,76,30,0,147,0,0,0,147
02/02/2003,GRR,MI,AGL,CE,Towers with Radar,23,65,34,0,122,0,12,4,0,16,23,77,38,0,138,0,0,0,138
02/03/2003,GRR,MI,AGL,CE,Towers with Radar,45,119,55,0,219,0,0,1,0,1,45,119,56,0,220,0,0,0,220
02/04/2003,GRR,MI,AGL,CE,Towers with Radar,45,124,63,0,232,0,0,3,0,3,45,124,66,0,235,10,0,10,245
02/05/2003,GRR,MI,AGL,CE,Towers with Radar,46,132,120,0,298,0,1,8,0,9,46,133,128,0,307,22,0,22,329
02/06/2003,GRR,MI,AGL,CE,Towers with Radar,49,136,66,0,251,0,0,13,0,13,49,136,79,0,264,10,0,10,274
02/07/2003,GRR,MI,AGL,CE,Towers with Radar,48,116,89,0,253,0,2,4,0,6,48,118,93,0,259,15,0,15,274
02/08/2003,GRR,MI,AGL,CE,Towers with Radar,43,73,14,0,130,0,0,2,0,2,43,73,16,0,132,0,0,0,132
02/09/2003,GRR,MI,AGL,CE,Towers with Radar,43,82,28,0,153,0,0,30,0,30,43,82,58,0,183,12,0,12,195
02/10/2003,GRR,MI,AGL,CE,Towers with Radar,1,128,43,0,172,0,2,3,0,5,1,130,46,0,177,0,0,0,177
02/11/2003,GRR,MI,AGL,CE,Towers with Radar,41,129,53,0,223,0,1,8,0,9,41,130,61,0,232,0,0,0,232
02/12/2003,GRR,MI,AGL,CE,Towers with Radar,52,137,90,22,301,0,0,4,0,4,52,137,94,22,305,8,10,18,323
02/13/2003,GRR,MI,AGL,CE,Towers with Radar,44,138,91,0,273,0,1,36,0,37,44,139,127,0,310,28,0,28,338
02/14/2003,GRR,MI,AGL,CE,Towers with Radar,41,130,52,0,223,0,1,30,0,31,41,131,82,0,254,44,0,44,298
02/15/2003,GRR,MI,AGL,CE,Towers with Radar,28,72,38,0,138,10,7,3,0,20,38,79,41,0,158,70,0,70,228
02/16/2003,GRR,MI,AGL,CE,Towers with Radar,30,77,41,0,148,7,12,57,0,76,37,89,98,0,224,20,0,20,244
02/17/2003,GRR,MI,AGL,CE,Towers with Radar,39,104,69,0,212,0,0,16,0,16,39,104,85,0,228,36,0,36,264
02/18/2003,GRR,MI,AGL,CE,Towers with Radar,43,121,61,2,227,0,0,2,0,2,43,121,63,2,229,0,0,0,229
02/19/2003,GRR,MI,AGL,CE,Towers with Radar,44,139,97,8,288,0,0,48,0,48,44,139,145,8,336,40,24,64,400
02/20/2003,GRR,MI,AGL,CE,Towers with Radar,57,118,104,0,279,0,2,85,3,90,57,120,189,3,369,100,0,100,469
02/21/2003,GRR,MI,AGL,CE,Towers with Radar,41,128,80,8,257,0,0,66,0,66,41,128,146,8,323,60,10,70,393
02/22/2003,GRR,MI,AGL,CE,Towers with Radar,31,75,16,0,122,0,0,1,0,1,31,75,17,0,123,14,0,14,137
02/23/2003,GRR,MI,AGL,CE,Towers with Radar,32,86,26,0,144,0,0,46,0,46,32,86,72,0,190,32,0,32,222
02/24/2003,GRR,MI,AGL,CE,Towers with Radar,42,137,60,4,243,0,0,5,0,5,42,137,65,4,248,0,0,0,248
02/25/2003,GRR,MI,AGL,CE,Towers with Radar,45,149,79,3,276,0,4,32,9,45,45,153,111,12,321,22,8,30,351
02/26/2003,GRR,MI,AGL,CE,Towers with Radar,56,134,76,3,269,0,6,70,2,78,56,140,146,5,347,46,0,46,393
02/27/2003,GRR,MI,AGL,CE,Towers with Radar,46,141,96,0,283,0,1,66,2,69,46,142,162,2,352,42,0,42,394
02/28/2003,GRR,MI,AGL,CE,Towers with Radar,42,131,60,0,233,0,3,75,0,78,42,134,135,0,311,86,0,86,397
03/01/2003,GRR,MI,AGL,CE,Towers with Radar,38,73,33,0,144,2,0,35,0,37,40,73,68,0,181,30,0,30,211
03/02/2003,GRR,MI,AGL,CE,Towers with Radar,44,79,18,0,141,2,0,6,0,8,46,79,24,0,149,0,0,0,149
03/03/2003,GRR,MI,AGL,CE,Towers with Radar,36,120,79,7,242,1,0,26,0,27,37,120,105,7,269,24,28,52,321
03/04/2003,GRR,MI,AGL,CE,Towers with Radar,45,116,73,12,246,0,0,6,0,6,45,116,79,12,252,18,14,32,284
03/05/2003,GRR,MI,AGL,CE,Towers with Radar,50,141,69,0,260,0,1,28,0,29,50,142,97,0,289,12,0,12,301
03/06/2003,GRR,MI,AGL,CE,Towers with Radar,45,148,84,2,279,0,0,57,14,71,45,148,141,16,350,77,24,101,451
03/07/2003,GRR,MI,AGL,CE,Towers with Radar,47,129,72,0,248,0,0,8,0,8,47,129,80,0,256,4,0,4,260
03/08/2003,GRR,MI,AGL,CE,Towers with Radar,46,70,27,0,143,1,0,2,0,3,47,70,29,0,146,28,0,28,174
03/09/2003,GRR,MI,AGL,CE,Towers with Radar,38,86,19,0,143,1,0,5,0,6,39,86,24,0,149,0,0,0,149
03/10/2003,GRR,MI,AGL,CE,Towers with Radar,38,124,68,1,231,0,2,33,6,41,38,126,101,7,272,54,0,54,326
03/11/2003,GRR,MI,AGL,CE,Towers with Radar,46,124,95,0,265,1,1,31,0,33,47,125,126,0,298,22,0,22,320
03/12/2003,GRR,MI,AGL,CE,Towers with Radar,54,136,97,0,287,1,1,9,0,11,55,137,106,0,298,8,0,8,306
03/13/2003,GRR,MI,AGL,CE,Towers with Radar,59,125,80,0,264,1,0,33,0,34,60,125,113,0,298,64,0,64,362
03/14/2003,GRR,MI,AGL,CE,Towers with Radar,42,130,76,0,248,1,1,96,0,98,43,131,172,0,346,44,0,44,390
03/15/2003,GRR,MI,AGL,CE,Towers with Radar,36,80,40,0,156,1,0,94,0,95,37,80,134,0,251,106,0,106,357
03/16/2003,GRR,MI,AGL,CE,Towers with Radar,36,99,52,0,187,1,0,40,0,41,37,99,92,0,228,12,0,12,240
03/17/2003,GRR,MI,AGL,CE,Towers with Radar,38,120,69,0,227,1,1,45,0,47,39,121,114,0,274,43,0,43,317
03/18/2003,GRR,MI,AGL,CE,Towers with Radar,44,121,102,0,267,1,4,8,0,13,45,125,110,0,280,42,0,42,322
03/19/2003,GRR,MI,AGL,CE,Towers with Radar,49,135,98,2,284,1,0,16,0,17,50,135,114,2,301,22,2,24,325
03/20/2003,GRR,MI,AGL,CE,Towers with Radar,46,103,63,0,212,1,0,2,0,3,47,103,65,0,215,8,0,8,223
03/21/2003,GRR,MI,AGL,CE,Towers with Radar,40,132,72,0,244,1,0,6,0,7,41,132,78,0,251,6,0,6,257
03/22/2003,GRR,MI,AGL,CE,Towers with Radar,40,70,19,0,129,1,0,0,0,1,41,70,19,0,130,0,0,0,130
03/23/2003,GRR,MI,AGL,CE,Towers with Radar,32,85,48,0,165,7,0,34,0,41,39,85,82,0,206,34,0,34,240
03/24/2003,GRR,MI,AGL,CE,Towers with Radar,37,98,79,0,214,1,0,31,0,32,38,98,110,0,246,20,0,20,266
03/25/2003,GRR,MI,AGL,CE,Towers with Radar,52,118,56,11,237,1,0,85,0,86,53,118,141,11,323,46,12,58,381
03/26/2003,GRR,MI,AGL,CE,Towers with Radar,44,125,78,0,247,0,0,91,0,91,44,125,169,0,338,22,0,22,360
03/27/2003,GRR,MI,AGL,CE,Towers with Radar,50,140,74,2,266,1,1,52,0,54,51,141,126,2,320,44,0,44,364
03/28/2003,GRR,MI,AGL,CE,Towers with Radar,52,134,62,0,248,1,0,8,0,9,53,134,70,0,257,0,0,0,257
03/29/2003,GRR,MI,AGL,CE,Towers with Radar,38,76,18,0,132,1,2,9,0,12,39,78,27,0,144,0,0,0,144
03/30/2003,GRR,MI,AGL,CE,Towers with Radar,35,88,46,0,169,1,10,74,0,85,36,98,120,0,254,92,0,92,346
03/31/2003,GRR,MI,AGL,CE,Towers with Radar,48,129,93,0,270,1,1,44,0,46,49,130,137,0,316,44,0,44,360
04/01/2003,GRR,MI,AGL,CE,Towers with Radar,44,122,89,0,255,1,3,81,0,85,45,125,170,0,340,64,0,64,404
04/02/2003,GRR,MI,AGL,CE,Towers with Radar,52,127,117,1,297,0,4,22,1,27,52,131,139,2,324,18,0,18,342
04/03/2003,GRR,MI,AGL,CE,Towers with Radar,49,121,75,0,245,0,4,11,0,15,49,125,86,0,260,0,0,0,260
04/04/2003,GRR,MI,AGL,CE,Towers with Radar,38,86,33,0,157,3,11,0,0,14,41,97,33,0,171,0,0,0,171
04/05/2003,GRR,MI,AGL,CE,Towers with Radar,35,79,38,0,152,11,6,0,0,17,46,85,38,0,169,0,0,0,169
04/06/2003,GRR,MI,AGL,CE,Towers with Radar,31,71,44,0,146,5,14,15,4,38,36,85,59,4,184,0,0,0,184
04/07/2003,GRR,MI,AGL,CE,Towers with Radar,37,110,30,0,177,1,0,1,0,2,38,110,31,0,179,0,0,0,179
04/08/2003,GRR,MI,AGL,CE,Towers with Radar,42,112,59,0,213,1,3,8,0,12,43,115,67,0,225,0,0,0,225
04/09/2003,GRR,MI,AGL,CE,Towers with Radar,54,107,77,0,238,6,0,89,0,95,60,107,166,0,333,66,0,66,399
04/10/2003,GRR,MI,AGL,CE,Towers with Radar,47,122,77,0,246,0,8,45,0,53,47,130,122,0,299,26,0,26,325
04/11/2003,GRR,MI,AGL,CE,Towers with Radar,59,105,50,10,224,1,3,65,2,71,60,108,115,12,295,38,16,54,349
04/12/2003,GRR,MI,AGL,CE,Towers with Radar,56,70,51,0,177,1,5,72,0,78,57,75,123,0,255,66,0,66,321
04/13/2003,GRR,MI,AGL,CE,Towers with Radar,36,101,45,0,182,0,1,47,0,48,36,102,92,0,230,36,0,36,266
04/14/2003,GRR,MI,AGL,CE,Towers with Radar,48,128,76,0,252,0,10,44,0,54,48,138,120,0,306,2,0,2,308
04/15/2003,GRR,MI,AGL,CE,Towers with Radar,54,106,101,4,265,0,6,36,0,42,54,112,137,4,307,12,0,12,319
04/16/2003,GRR,MI,AGL,CE,Towers with Radar,52,121,103,0,276,0,1,17,0,18,52,122,120,0,294,10,0,10,304
04/17/2003,GRR,MI,AGL,CE,Towers with Radar,60,124,88,4,276,0,1,16,1,18,60,125,104,5,294,14,0,14,308
04/18/2003,GRR,MI,AGL,CE,Towers with Radar,47,127,52,0,226,0,0,13,2,15,47,127,65,2,241,0,0,0,241
04/19/2003,GRR,MI,AGL,CE,Towers with Radar,42,77,27,0,146,0,1,14,0,15,42,78,41,0,161,0,10,10,171
04/20/2003,GRR,MI,AGL,CE,Towers with Radar,40,80,12,0,132,0,2,4,0,6,40,82,16,0,138,0,0,0,138
04/21/2003,GRR,MI,AGL,CE,Towers with Radar,46,111,74,0,231,0,0,3,0,3,46,111,77,0,234,0,0,0,234
04/22/2003,GRR,MI,AGL,CE,Towers with Radar,53,122,71,3,249,0,1,52,0,53,53,123,123,3,302,68,0,68,370
04/23/2003,GRR,MI,AGL,CE,Towers with Radar,58,109,113,0,280,0,3,120,0,123,58,112,233,0,403,120,0,120,523
04/24/2003,GRR,MI,AGL,CE,Towers with Radar,51,131,92,0,274,0,0,148,0,148,51,131,240,0,422,50,0,50,472
04/25/2003,GRR,MI,AGL,CE,Towers with Radar,58,105,52,0,215,0,4,67,0,71,58,109,119,0,286,48,0,48,334
04/26/2003,GRR,MI,AGL,CE,Towers with Radar,40,74,39,1,154,0,4,116,1,121,40,78,155,2,275,65,2,67,342
04/27/2003,GRR,MI,AGL,CE,Towers with Radar,42,87,43,0,172,0,4,56,0,60,42,91,99,0,232,12,0,12,244
04/28/2003,GRR,MI,AGL,CE,Towers with Radar,43,124,71,0,238,0,5,55,0,60,43,129,126,0,298,18,0,18,316
04/29/2003,GRR,MI,AGL,CE,Towers with Radar,48,125,99,0,272,0,1,72,0,73,48,126,171,0,345,52,0,52,397
04/30/2003,GRR,MI,AGL,CE,Towers with Radar,64,98,101,0,263,5,1,18,0,24,69,99,119,0,287,16,0,16,303
05/01/2003,GRR,MI,AGL,CE,Towers with Radar,43,122,113,0,278,0,0,3,0,3,43,122,116,0,281,0,0,0,281
05/02/2003,GRR,MI,AGL,CE,Towers with Radar,52,111,87,0,250,0,2,57,0,59,52,113,144,0,309,78,0,78,387
05/03/2003,GRR,MI,AGL,CE,Towers with Radar,30,73,47,0,150,11,1,65,0,77,41,74,112,0,227,26,0,26,253
05/04/2003,GRR,MI,AGL,CE,Towers with Radar,32,86,45,0,163,0,2,70,0,72,32,88,115,0,235,44,0,44,279
05/05/2003,GRR,MI,AGL,CE,Towers with Radar,44,128,58,6,236,0,0,15,0,15,44,128,73,6,251,14,14,28,279
05/06/2003,GRR,MI,AGL,CE,Towers with Radar,47,112,87,0,246,0,5,46,0,51,47,117,133,0,297,56,0,56,353
05/07/2003,GRR,MI,AGL,CE,Towers with Radar,50,116,88,0,254,0,1,3,0,4,50,117,91,0,258,0,0,0,258
05/08/2003,GRR,MI,AGL,CE,Towers with Radar,43,129,122,0,294,0,2,23,0,25,43,131,145,0,319,14,0,14,333
05/09/2003,GRR,MI,AGL,CE,Towers with Radar,45,118,96,0,259,0,5,27,0,32,45,123,123,0,291,32,0,32,323
05/10/2003,GRR,MI,AGL,CE,Towers with Radar,54,59,29,0,142,0,1,4,0,5,54,60,33,0,147,0,0,0,147
05/11/2003,GRR,MI,AGL,CE,Towers with Radar,21,54,15,0,90,12,29,0,0,41,33,83,15,0,131,0,0,0,131
05/12/2003,GRR,MI,AGL,CE,Towers with Radar,38,116,77,0,231,0,1,14,0,15,38,117,91,0,246,6,0,6,252
05/13/2003,GRR,MI,AGL,CE,Towers with Radar,45,141,73,15,274,0,0,81,1,82,45,141,154,16,356,34,22,56,412
05/14/2003,GRR,MI,AGL,CE,Towers with Radar,57,119,79,0,255,0,4,80,0,84,57,123,159,0,339,50,0,50,389
05/15/2003,GRR,MI,AGL,CE,Towers with Radar,50,122,84,0,256,0,0,24,0,24,50,122,108,0,280,10,0,10,290
05/16/2003,GRR,MI,AGL,CE,Towers with Radar,43,118,106,0,267,0,4,24,0,28,43,122,130,0,295,12,0,12,307
05/17/2003,GRR,MI,AGL,CE,Towers with Radar,32,80,52,1,165,14,10,36,0,60,46,90,88,1,225,2,0,2,227
05/18/2003,GRR,MI,AGL,CE,Towers with Radar,35,94,38,0,167,0,2,46,0,48,35,96,84,0,215,12,0,12,227
05/19/2003,GRR,MI,AGL,CE,Towers with Radar,40,125,90,0,255,0,0,21,0,21,40,125,111,0,276,16,0,16,292
05/20/2003,GRR,MI,AGL,CE,Towers with Radar,43,120,87,0,250,0,1,14,0,15,43,121,101,0,265,8,0,8,273
05/21/2003,GRR,MI,AGL,CE,Towers with Radar,46,116,89,0,251,0,5,83,0,88,46,121,172,0,339,38,0,38,377
05/22/2003,GRR,MI,AGL,CE,Towers with Radar,46,123,86,0,255,0,0,86,3,89,46,123,172,3,344,64,0,64,408
05/23/2003,GRR,MI,AGL,CE,Towers with Radar,43,129,85,0,257,0,0,54,0,54,43,129,139,0,311,42,0,42,353
05/24/2003,GRR,MI,AGL,CE,Towers with Radar,35,71,21,0,127,0,4,6,0,10,35,75,27,0,137,12,0,12,149
05/25/2003,GRR,MI,AGL,CE,Towers with Radar,31,73,19,0,123,0,4,11,0,15,31,77,30,0,138,0,0,0,138
05/26/2003,GRR,MI,AGL,CE,Towers with Radar,33,81,53,0,167,2,9,19,0,30,35,90,72,0,197,28,0,28,225
05/27/2003,GRR,MI,AGL,CE,Towers with Radar,40,108,71,0,219,0,12,40,0,52,40,120,111,0,271,20,0,20,291
05/28/2003,GRR,MI,AGL,CE,Towers with Radar,43,135,103,0,281,0,1,80,0,81,43,136,183,0,362,68,0,68,430
05/29/2003,GRR,MI,AGL,CE,Towers with Radar,57,120,94,0,271,8,0,56,0,64,65,120,150,0,335,24,0,24,359
05/30/2003,GRR,MI,AGL,CE,Towers with Radar,52,117,80,0,249,0,1,49,0,50,52,118,129,0,299,24,0,24,323
05/31/2003,GRR,MI,AGL,CE,Towers with Radar,20,50,32,0,102,16,24,27,0,67,36,74,59,0,169,24,0,24,193
06/01/2003,GRR,MI,AGL,CE,Towers with Radar,26,73,59,0,158,8,17,50,0,75,34,90,109,0,233,70,0,70,303
06/02/2003,GRR,MI,AGL,CE,Towers with Radar,36,123,77,0,236,2,8,61,0,71,38,131,138,0,307,42,0,42,349
06/03/2003,GRR,MI,AGL,CE,Towers with Radar,39,130,100,0,269,2,2,40,0,44,41,132,140,0,313,68,0,68,381
06/04/2003,GRR,MI,AGL,CE,Towers with Radar,45,133,100,0,278,0,0,0,0,0,45,133,100,0,278,12,0,12,290
06/05/2003,GRR,MI,AGL,CE,Towers with Radar,42,140,124,0,306,0,0,71,0,71,42,140,195,0,377,124,0,124,501
06/06/2003,GRR,MI,AGL,CE,Towers with Radar,41,120,93,1,255,3,8,58,0,69,44,128,151,1,324,52,0,52,376
06/07/2003,GRR,MI,AGL,CE,Towers with Radar,34,75,60,0,169,2,3,28,0,33,36,78,88,0,202,48,0,48,250
06/08/2003,GRR,MI,AGL,CE,Towers with Radar,30,83,41,0,154,2,4,12,0,18,32,87,53,0,172,6,0,6,178
06/09/2003,GRR,MI,AGL,CE,Towers with Radar,30,119,85,0,234,2,6,33,0,41,32,125,118,0,275,24,0,24,299
06/10/2003,GRR,MI,AGL,CE,Towers with Radar,40,127,95,0,262,2,9,22,0,33,42,136,117,0,295,18,0,18,313
06/11/2003,GRR,MI,AGL,CE,Towers with Radar,41,128,139,1,309,2,11,38,0,51,43,139,177,1,360,92,0,92,452
06/12/2003,GRR,MI,AGL,CE,Towers with Radar,44,126,113,0,283,0,0,32,0,32,44,126,145,0,315,10,0,10,325
06/13/2003,GRR,MI,AGL,CE,Towers with Radar,42,119,127,0,288,1,3,18,0,22,43,122,145,0,310,26,0,26,336
06/14/2003,GRR,MI,AGL,CE,Towers with Radar,27,80,63,0,170,11,0,58,0,69,38,80,121,0,239,106,0,106,345
06/15/2003,GRR,MI,AGL,CE,Towers with Radar,27,79,62,0,168,7,0,37,0,44,34,79,99,0,212,24,0,24,236
06/16/2003,GRR,MI,AGL,CE,Towers with Radar,44,138,105,0,287,0,12,100,0,112,44,150,205,0,399,82,0,82,481
06/17/2003,GRR,MI,AGL,CE,Towers with Radar,45,142,133,0,320,1,6,74,0,81,46,148,207,0,401,46,0,46,447
06/18/2003,GRR,MI,AGL,CE,Towers with Radar,44,144,109,2,299,0,11,90,17,118,44,155,199,19,417,34,12,46,463
06/19/2003,GRR,MI,AGL,CE,Towers with Radar,49,137,99,0,285,1,5,53,0,59,50,142,152,0,344,44,0,44,388
06/20/2003,GRR,MI,AGL,CE,Towers with Radar,45,153,118,1,317,0,0,14,0,14,45,153,132,1,331,84,2,86,417
06/21/2003,GRR,MI,AGL,CE,Towers with Radar,40,75,30,0,145,1,3,67,0,71,41,78,97,0,216,64,0,64,280
06/22/2003,GRR,MI,AGL,CE,Towers with Radar,32,104,28,0,164,1,2,79,0,82,33,106,107,0,246,54,41,95,341
06/23/2003,GRR,MI,AGL,CE,Towers with Radar,40,124,39,8,211,1,4,97,2,104,41,128,136,10,315,52,14,66,381
06/24/2003,GRR,MI,AGL,CE,Towers with Radar,50,121,67,6,244,1,4,76,0,81,51,125,143,6,325,64,0,64,389
06/25/2003,GRR,MI,AGL,CE,Towers with Radar,47,131,98,1,277,1,4,62,1,68,48,135,160,2,345,48,42,90,435
06/26/2003,GRR,MI,AGL,CE,Towers with Radar,44,148,111,2,305,0,3,51,16,70,44,151,162,18,375,24,6,30,405
06/27/2003,GRR,MI,AGL,CE,Towers with Radar,49,110,79,0,238,1,3,64,0,68,50,113,143,0,306,32,4,36,342
06/28/2003,GRR,MI,AGL,CE,Towers with Radar,39,73,27,0,139,0,5,28,0,33,39,78,55,0,172,12,0,12,184
06/29/2003,GRR,MI,AGL,CE,Towers with Radar,34,86,41,1,162,0,3,24,0,27,34,89,65,1,189,16,0,16,205
06/30/2003,GRR,MI,AGL,CE,Towers with Radar,40,121,91,3,255,0,7,109,4,120,40,128,200,7,375,38,0,38,413
07/01/2003,GRR,MI,AGL,CE,Towers with Radar,43,121,87,0,251,3,3,71,0,77,46,124,158,0,328,36,0,36,364
07/02/2003,GRR,MI,AGL,CE,Towers with Radar,51,116,102,4,273,2,2,78,0,82,53,118,180,4,355,56,2,58,413
07/03/2003,GRR,MI,AGL,CE,Towers with Radar,49,106,86,0,241,3,1,91,0,95,52,107,177,0,336,64,0,64,400
07/04/2003,GRR,MI,AGL,CE,Towers with Radar,28,77,12,0,117,2,2,14,0,18,30,79,26,0,135,0,4,4,139
07/05/2003,GRR,MI,AGL,CE,Towers with Radar,38,63,21,0,122,2,1,17,0,20,40,64,38,0,142,10,0,10,152
07/06/2003,GRR,MI,AGL,CE,Towers with Radar,37,80,30,0,147,2,1,18,0,21,39,81,48,0,168,2,0,2,170
07/07/2003,GRR,MI,AGL,CE,Towers with Radar,40,105,89,0,234,2,2,4,0,8,42,107,93,0,242,6,0,6,248
07/08/2003,GRR,MI,AGL,CE,Towers with Radar,58,90,46,0,194,2,1,52,0,55,60,91,98,0,249,20,0,20,269
07/09/2003,GRR,MI,AGL,CE,Towers with Radar,52,104,85,4,245,2,3,46,1,52,54,107,131,5,297,26,12,38,335
07/10/2003,GRR,MI,AGL,CE,Towers with Radar,49,128,84,4,265,0,0,8,6,14,49,128,92,10,279,0,0,0,279
07/11/2003,GRR,MI,AGL,CE,Towers with Radar,41,105,68,0,214,0,1,11,0,12,41,106,79,0,226,4,0,4,230
07/12/2003,GRR,MI,AGL,CE,Towers with Radar,36,72,31,0,139,2,5,59,0,66,38,77,90,0,205,0,0,0,205
07/13/2003,GRR,MI,AGL,CE,Towers with Radar,31,81,24,0,136,2,2,59,0,63,33,83,83,0,199,40,0,40,239
07/14/2003,GRR,MI,AGL,CE,Towers with Radar,37,116,58,0,211,2,2,68,0,72,39,118,126,0,283,36,0,36,319
07/15/2003,GRR,MI,AGL,CE,Towers with Radar,45,120,79,2,246,0,17,50,3,70,45,137,129,5,316,49,4,53,369
07/16/2003,GRR,MI,AGL,CE,Towers with Radar,54,109,86,14,263,1,8,81,2,92,55,117,167,16,355,80,30,110,465
07/17/2003,GRR,MI,AGL,CE,Towers with Radar,48,139,101,3,291,1,4,64,0,69,49,143,165,3,360,42,0,42,402
07/18/2003,GRR,MI,AGL,CE,Towers with Radar,48,114,75,0,237,5,1,103,0,109,53,115,178,0,346,44,0,44,390
07/19/2003,GRR,MI,AGL,CE,Towers with Radar,40,67,24,0,131,1,6,82,0,89,41,73,106,0,220,70,0,70,290
07/20/2003,GRR,MI,AGL,CE,Towers with Radar,32,81,40,0,153,1,2,12,0,15,33,83,52,0,168,6,0,6,174
07/21/2003,GRR,MI,AGL,CE,Towers with Radar,45,119,78,0,242,0,16,21,0,37,45,135,99,0,279,0,0,0,279
07/22/2003,GRR,MI,AGL,CE,Towers with Radar,45,120,59,0,224,1,2,39,0,42,46,122,98,0,266,14,0,14,280
07/23/2003,GRR,MI,AGL,CE,Towers with Radar,43,135,88,3,269,0,0,137,3,140,43,135,225,6,409,76,6,82,491
07/24/2003,GRR,MI,AGL,CE,Towers with Radar,49,124,90,11,274,1,5,89,1,96,50,129,179,12,370,112,18,130,500
07/25/2003,GRR,MI,AGL,CE,Towers with Radar,42,121,68,12,243,1,13,90,0,104,43,134,158,12,347,74,24,98,445
07/26/2003,GRR,MI,AGL,CE,Towers with Radar,39,78,22,0,139,1,5,11,0,17,40,83,33,0,156,8,0,8,164
07/27/2003,GRR,MI,AGL,CE,Towers with Radar,38,77,49,0,164,1,3,36,0,40,39,80,85,0,204,2,0,2,206
07/28/2003,GRR,MI,AGL,CE,Towers with Radar,37,113,69,0,219,1,3,63,0,67,38,116,132,0,286,30,0,30,316
07/29/2003,GRR,MI,AGL,CE,Towers with Radar,42,116,86,0,244,1,6,106,0,113,43,122,192,0,357,102,0,102,459
07/30/2003,GRR,MI,AGL,CE,Towers with Radar,51,128,101,3,283,0,0,66,5,71,51,128,167,8,354,21,10,31,385
07/31/2003,GRR,MI,AGL,CE,Towers with Radar,46,125,97,2,270,1,3,43,0,47,47,128,140,2,317,0,0,0,317
08/01/2003,GRR,MI,AGL,CE,Towers with Radar,41,110,86,1,238,1,2,13,3,19,42,112,99,4,257,12,0,12,269
08/02/2003,GRR,MI,AGL,CE,Towers with Radar,45,70,26,0,141,0,2,8,0,10,45,72,34,0,151,34,0,34,185
08/03/2003,GRR,MI,AGL,CE,Towers with Radar,49,73,44,0,166,0,2,0,0,2,49,75,44,0,168,0,0,0,168
08/04/2003,GRR,MI,AGL,CE,Towers with Radar,40,113,54,0,207,0,1,13,0,14,40,114,67,0,221,8,0,8,229
08/05/2003,GRR,MI,AGL,CE,Towers with Radar,51,116,83,0,250,11,2,43,0,56,62,118,126,0,306,54,0,54,360
08/06/2003,GRR,MI,AGL,CE,Towers with Radar,45,127,100,0,272,0,4,43,0,47,45,131,143,0,319,72,0,72,391
08/07/2003,GRR,MI,AGL,CE,Towers with Radar,26,111,81,0,218,0,4,34,0,38,26,115,115,0,256,16,0,16,272
08/08/2003,GRR,MI,AGL,CE,Towers with Radar,43,128,118,1,290,0,2,24,0,26,43,130,142,1,316,12,0,12,328
08/09/2003,GRR,MI,AGL,CE,Towers with Radar,30,67,51,0,148,7,9,35,0,51,37,76,86,0,199,6,0,6,205
08/10/2003,GRR,MI,AGL,CE,Towers with Radar,25,54,42,0,121,17,35,37,2,91,42,89,79,2,212,2,0,2,214
08/11/2003,GRR,MI,AGL,CE,Towers with Radar,39,103,75,0,217,0,21,49,0,70,39,124,124,0,287,46,0,46,333
08/12/2003,GRR,MI,AGL,CE,Towers with Radar,49,128,93,1,271,0,0,60,13,73,49,128,153,14,344,46,8,54,398
08/13/2003,GRR,MI,AGL,CE,Towers with Radar,61,112,121,0,294,0,4,61,0,65,61,116,182,0,359,68,2,70,429
08/14/2003,GRR,MI,AGL,CE,Towers with Radar,48,129,93,2,272,0,0,101,3,104,48,129,194,5,376,27,0,27,403
08/15/2003,GRR,MI,AGL,CE,Towers with Radar,39,120,86,2,247,0,3,40,9,52,39,123,126,11,299,18,12,30,329
08/16/2003,GRR,MI,AGL,CE,Towers with Radar,46,73,21,0,140,0,6,19,0,25,46,79,40,0,165,8,0,8,173
08/17/2003,GRR,MI,AGL,CE,Towers with Radar,33,74,54,0,161,5,16,42,0,63,38,90,96,0,224,30,0,30,254
08/18/2003,GRR,MI,AGL,CE,Towers with Radar,45,102,74,0,221,0,25,92,0,117,45,127,166,0,338,84,0,84,422
08/19/2003,GRR,MI,AGL,CE,Towers with Radar,61,112,76,0,249,0,3,72,0,75,61,115,148,0,324,80,0,80,404
08/20/2003,GRR,MI,AGL,CE,Towers with Radar,56,110,92,0,258,5,0,70,0,75,61,110,162,0,333,0,0,0,333
08/21/2003,GRR,MI,AGL,CE,Towers with Radar,46,114,0,0,160,80,0,0,0,80,126,114,0,0,240,4,0,4,244
08/22/2003,GRR,MI,AGL,CE,Towers with Radar,44,130,94,0,268,0,35,74,0,109,44,165,168,0,377,44,0,44,421
08/23/2003,GRR,MI,AGL,CE,Towers with Radar,40,74,40,0,154,0,4,58,0,62,40,78,98,0,216,12,0,12,228
08/24/2003,GRR,MI,AGL,CE,Towers with Radar,39,80,34,0,153,0,1,32,0,33,39,81,66,0,186,16,0,16,202
08/25/2003,GRR,MI,AGL,CE,Towers with Radar,42,102,67,0,211,0,5,27,0,32,42,107,94,0,243,48,0,48,291
08/26/2003,GRR,MI,AGL,CE,Towers with Radar,41,131,79,0,251,0,2,47,0,49,41,133,126,0,300,82,0,82,382
08/27/2003,GRR,MI,AGL,CE,Towers with Radar,43,127,89,0,259,0,9,109,0,118,43,136,198,0,377,30,0,30,407
08/28/2003,GRR,MI,AGL,CE,Towers with Radar,48,122,86,0,256,0,8,89,0,97,48,130,175,0,353,48,0,48,401
08/29/2003,GRR,MI,AGL,CE,Towers with Radar,46,111,60,0,217,0,1,37,0,38,46,112,97,0,255,42,0,42,297
08/30/2003,GRR,MI,AGL,CE,Towers with Radar,25,56,36,0,117,12,12,0,0,24,37,68,36,0,141,26,0,26,167
08/31/2003,GRR,MI,AGL,CE,Towers with Radar,0,0,0,0,0,0,0,0,0,0,0,0,0,0,0,0,0,0,0
09/01/2003,GRR,MI,AGL,CE,Towers with Radar,36,84,30,0,150,0,3,35,0,38,36,87,65,0,188,4,0,4,192
09/02/2003,GRR,MI,AGL,CE,Towers with Radar,38,122,93,24,277,0,7,88,1,96,38,129,181,25,373,106,42,148,521
09/03/2003,GRR,MI,AGL,CE,Towers with Radar,46,122,119,7,294,0,3,45,1,49,46,125,164,8,343,90,22,112,455
09/04/2003,GRR,MI,AGL,CE,Towers with Radar,49,137,86,29,301,0,3,42,1,46,49,140,128,30,347,40,20,60,407
09/05/2003,GRR,MI,AGL,CE,Towers with Radar,49,112,78,0,239,6,5,97,0,108,55,117,175,0,347,106,0,106,453
09/06/2003,GRR,MI,AGL,CE,Towers with Radar,29,66,46,0,141,12,14,215,0,241,41,80,261,0,382,58,0,58,440
09/07/2003,GRR,MI,AGL,CE,Towers with Radar,36,82,57,0,175,3,7,58,0,68,39,89,115,0,243,32,0,32,275
09/08/2003,GRR,MI,AGL,CE,Towers with Radar,40,125,93,0,258,0,1,37,0,38,40,126,130,0,296,10,0,10,306
09/09/2003,GRR,MI,AGL,CE,Towers with Radar,63,104,99,0,266,0,1,79,0,80,63,105,178,0,346,108,0,108,454
09/10/2003,GRR,MI,AGL,CE,Towers with Radar,48,120,108,0,276,0,4,75,0,79,48,124,183,0,355,90,0,90,445
09/11/2003,GRR,MI,AGL,CE,Towers with Radar,47,119,101,0,267,0,0,51,0,51,47,119,152,0,318,62,0,62,380
09/12/2003,GRR,MI,AGL,CE,Towers with Radar,51,127,98,0,276,0,1,52,0,53,51,128,150,0,329,14,0,14,343
09/13/2003,GRR,MI,AGL,CE,Towers with Radar,42,72,20,0,134,0,2,25,0,27,42,74,45,0,161,78,0,78,239
09/14/2003,GRR,MI,AGL,CE,Towers with Radar,38,80,41,0,159,0,0,8,0,8,38,80,49,0,167,14,0,14,181
09/15/2003,GRR,MI,AGL,CE,Towers with Radar,57,100,93,0,250,0,4,31,0,35,57,104,124,0,285,56,0,56,341
09/16/2003,GRR,MI,AGL,CE,Towers with Radar,49,126,95,7,277,0,5,81,2,88,49,131,176,9,365,62,12,74,439
09/17/2003,GRR,MI,AGL,CE,Towers with Radar,44,121,85,0,250,0,18,112,0,130,44,139,197,0,380,90,0,90,470
09/18/2003,GRR,MI,AGL,CE,Towers with Radar,55,142,109,1,307,0,0,68,2,70,55,142,177,3,377,74,0,74,451
09/19/2003,GRR,MI,AGL,CE,Towers with Radar,47,118,87,11,263,0,2,13,1,16,47,120,100,12,279,14,0,14,293
09/20/2003,GRR,MI,AGL,CE,Towers with Radar,36,73,25,0,134,1,3,60,0,64,37,76,85,0,198,30,0,30,228
09/21/2003,GRR,MI,AGL,CE,Towers with Radar,38,84,20,0,142,0,4,42,0,46,38,88,62,0,188,22,0,22,210
09/22/2003,GRR,MI,AGL,CE,Towers with Radar,38,108,76,3,225,0,14,15,4,33,38,122,91,7,258,2,4,6,264
09/23/2003,GRR,MI,AGL,CE,Towers with Radar,50,132,124,13,319,0,0,64,1,65,50,132,188,14,384,96,20,116,500
09/24/2003,GRR,MI,AGL,CE,Towers with Radar,61,125,99,3,288,5,0,19,0,24,66,125,118,3,312,16,4,20,332
09/25/2003,GRR,MI,AGL,CE,Towers with Radar,48,136,110,11,305,0,2,39,1,42,48,138,149,12,347,38,16,54,401
09/26/2003,GRR,MI,AGL,CE,Towers with Radar,46,117,92,2,257,0,3,36,0,39,46,120,128,2,296,10,0,10,306
09/27/2003,GRR,MI,AGL,CE,Towers with Radar,41,71,25,0,137,0,1,31,0,32,41,72,56,0,169,24,0,24,193
09/28/2003,GRR,MI,AGL,CE,Towers with Radar,39,83,27,0,149,0,6,4,0,10,39,89,31,0,159,2,0,2,161
09/29/2003,GRR,MI,AGL,CE,Towers with Radar,43,123,101,0,267,0,1,53,0,54,43,124,154,0,321,26,0,26,347
09/30/2003,GRR,MI,AGL,CE,Towers with Radar,63,110,91,3,267,0,7,59,0,66,63,117,150,3,333,52,0,52,385
10/01/2003,GRR,MI,AGL,CE,Towers with Radar,49,117,78,0,244,13,0,22,0,35,62,117,100,0,279,0,0,0,279
10/02/2003,GRR,MI,AGL,CE,Towers with Radar,49,136,90,0,275,0,0,80,0,80,49,136,170,0,355,28,0,28,383
10/03/2003,GRR,MI,AGL,CE,Towers with Radar,47,117,63,0,227,0,6,0,0,6,47,123,63,0,233,0,0,0,233
10/04/2003,GRR,MI,AGL,CE,Towers with Radar,28,70,45,0,143,17,0,19,0,36,45,70,64,0,179,36,0,36,215
10/05/2003,GRR,MI,AGL,CE,Towers with Radar,30,73,47,0,150,10,15,35,0,60,40,88,82,0,210,32,0,32,242
10/06/2003,GRR,MI,AGL,CE,Towers with Radar,43,114,73,8,238,0,19,68,2,89,43,133,141,10,327,28,16,44,371
10/07/2003,GRR,MI,AGL,CE,Towers with Radar,46,126,81,0,253,0,5,71,0,76,46,131,152,0,329,72,0,72,401
10/08/2003,GRR,MI,AGL,CE,Towers with Radar,47,132,90,10,279,0,0,110,11,121,47,132,200,21,400,32,16,48,448
10/09/2003,GRR,MI,AGL,CE,Towers with Radar,46,134,86,10,276,0,8,75,9,92,46,142,161,19,368,64,2,66,434
10/10/2003,GRR,MI,AGL,CE,Towers with Radar,47,140,92,10,289,0,0,96,9,105,47,140,188,19,394,38,16,54,448
10/11/2003,GRR,MI,AGL,CE,Towers with Radar,32,78,50,1,161,7,0,41,0,48,39,78,91,1,209,58,0,58,267
10/12/2003,GRR,MI,AGL,CE,Towers with Radar,36,88,57,0,181,7,9,44,0,60,43,97,101,0,241,36,0,36,277
10/13/2003,GRR,MI,AGL,CE,Towers with Radar,41,102,66,1,210,0,18,53,0,71,41,120,119,1,281,24,0,24,305
10/14/2003,GRR,MI,AGL,CE,Towers with Radar,52,125,81,9,267,9,0,2,11,22,61,125,83,20,289,34,22,56,345
10/15/2003,GRR,MI,AGL,CE,Towers with Radar,48,129,90,6,273,0,0,53,0,53,48,129,143,6,326,16,16,32,358
10/16/2003,GRR,MI,AGL,CE,Towers with Radar,53,146,97,7,303,0,0,68,0,68,53,146,165,7,371,16,10,26,397
10/17/2003,GRR,MI,AGL,CE,Towers with Radar,44,127,84,0,255,0,2,66,0,68,44,129,150,0,323,64,0,64,387
10/18/2003,GRR,MI,AGL,CE,Towers with Radar,29,67,45,0,141,13,7,19,0,39,42,74,64,0,180,62,0,62,242
10/19/2003,GRR,MI,AGL,CE,Towers with Radar,34,80,53,0,167,3,11,56,0,70,37,91,109,0,237,34,0,34,271
10/20/2003,GRR,MI,AGL,CE,Towers with Radar,48,114,75,7,244,8,3,58,6,75,56,117,133,13,319,18,0,18,337
10/21/2003,GRR,MI,AGL,CE,Towers with Radar,44,123,81,8,256,0,0,22,6,28,44,123,103,14,284,42,12,54,338
10/22/2003,GRR,MI,AGL,CE,Towers with Radar,52,120,82,8,262,0,0,35,13,48,52,120,117,21,310,26,20,46,356
10/23/2003,GRR,MI,AGL,CE,Towers with Radar,49,136,90,9,284,0,4,91,15,110,49,140,181,24,394,78,24,102,496
10/24/2003,GRR,MI,AGL,CE,Towers with Radar,49,118,97,10,274,0,0,78,38,116,49,118,175,48,390,54,52,106,496
10/25/2003,GRR,MI,AGL,CE,Towers with Radar,27,64,32,0,123,15,10,0,0,25,42,74,32,0,148,12,0,12,160
10/26/2003,GRR,MI,AGL,CE,Towers with Radar,31,75,50,0,156,7,13,43,0,63,38,88,93,0,219,52,0,52,271
10/27/2003,GRR,MI,AGL,CE,Towers with Radar,49,115,76,0,240,8,0,17,0,25,57,115,93,0,265,10,0,10,275
10/28/2003,GRR,MI,AGL,CE,Towers with Radar,46,109,72,7,234,6,6,7,33,52,52,115,79,40,286,0,0,0,286
10/29/2003,GRR,MI,AGL,CE,Towers with Radar,50,138,89,5,282,0,2,32,0,34,50,140,121,5,316,38,6,44,360
10/30/2003,GRR,MI,AGL,CE,Towers with Radar,49,135,97,0,281,0,0,128,0,128,49,135,225,0,409,34,30,64,473
10/31/2003,GRR,MI,AGL,CE,Towers with Radar,49,118,76,0,243,5,10,28,0,43,54,128,104,0,286,10,0,10,296
11/01/2003,GRR,MI,AGL,CE,Towers with Radar,38,78,49,0,165,5,0,13,0,18,43,78,62,0,183,16,0,16,199
11/02/2003,GRR,MI,AGL,CE,Towers with Radar,31,70,25,0,126,8,17,0,0,25,39,87,25,0,151,0,0,0,151
11/03/2003,GRR,MI,AGL,CE,Towers with Radar,50,97,64,0,211,4,0,13,0,17,54,97,77,0,228,0,0,0,228
11/04/2003,GRR,MI,AGL,CE,Towers with Radar,52,115,73,4,244,0,0,23,0,23,52,115,96,4,267,2,4,6,273
11/05/2003,GRR,MI,AGL,CE,Towers with Radar,46,133,77,0,256,0,0,33,0,33,46,133,110,0,289,26,0,26,315
11/06/2003,GRR,MI,AGL,CE,Towers with Radar,54,141,85,5,285,0,0,75,3,78,54,141,160,8,363,40,10,50,413
11/07/2003,GRR,MI,AGL,CE,Towers with Radar,48,123,70,4,245,0,1,39,3,43,48,124,109,7,288,22,6,28,316
11/08/2003,GRR,MI,AGL,CE,Towers with Radar,31,71,40,0,142,21,4,78,0,103,52,75,118,0,245,106,0,106,351
11/09/2003,GRR,MI,AGL,CE,Towers with Radar,33,75,42,0,150,11,15,54,0,80,44,90,96,0,230,40,0,40,270
11/10/2003,GRR,MI,AGL,CE,Towers with Radar,56,121,75,0,252,0,0,59,0,59,56,121,134,0,311,56,0,56,367
11/11/2003,GRR,MI,AGL,CE,Towers with Radar,60,127,79,0,266,0,0,19,0,19,60,127,98,0,285,0,0,0,285
11/12/2003,GRR,MI,AGL,CE,Towers with Radar,44,122,69,0,235,0,2,5,0,7,44,124,74,0,242,0,0,0,242
11/13/2003,GRR,MI,AGL,CE,Towers with Radar,57,128,68,0,253,4,6,0,0,10,61,134,68,0,263,4,12,16,279
11/14/2003,GRR,MI,AGL,CE,Towers with Radar,49,122,79,5,255,0,0,80,8,88,49,122,159,13,343,74,16,90,433
11/15/2003,GRR,MI,AGL,CE,Towers with Radar,34,73,45,0,152,8,0,0,0,8,42,73,45,0,160,0,0,0,160
11/16/2003,GRR,MI,AGL,CE,Towers with Radar,31,66,23,0,120,7,26,0,0,33,38,92,23,0,153,0,0,0,153
11/17/2003,GRR,MI,AGL,CE,Towers with Radar,52,102,67,0,221,7,0,12,0,19,59,102,79,0,240,20,0,20,260
11/18/2003,GRR,MI,AGL,CE,Towers with Radar,56,122,71,0,249,1,18,1,0,20,57,140,72,0,269,2,0,2,271
11/19/2003,GRR,MI,AGL,CE,Towers with Radar,54,123,88,4,269,0,0,87,15,102,54,123,175,19,371,80,32,112,483
11/20/2003,GRR,MI,AGL,CE,Towers with Radar,49,132,85,4,270,0,0,94,20,114,49,132,179,24,384,46,38,84,468
11/21/2003,GRR,MI,AGL,CE,Towers with Radar,48,127,74,3,252,0,7,82,8,97,48,134,156,11,349,38,14,52,401
11/22/2003,GRR,MI,AGL,CE,Towers with Radar,32,69,41,0,142,13,7,1,0,21,45,76,42,0,163,6,0,6,169
11/23/2003,GRR,MI,AGL,CE,Towers with Radar,29,62,18,0,109,9,23,0,0,32,38,85,18,0,141,2,0,2,143
11/24/2003,GRR,MI,AGL,CE,Towers with Radar,37,93,54,0,184,0,4,22,0,26,37,97,76,0,210,0,0,0,210
11/25/2003,GRR,MI,AGL,CE,Towers with Radar,47,115,67,0,229,0,16,59,0,75,47,131,126,0,304,24,0,24,328
11/26/2003,GRR,MI,AGL,CE,Towers with Radar,48,126,73,3,250,0,7,79,1,87,48,133,152,4,337,74,4,78,415
11/27/2003,GRR,MI,AGL,CE,Towers with Radar,22,47,7,0,76,13,19,0,0,32,35,66,7,0,108,0,0,0,108
11/28/2003,GRR,MI,AGL,CE,Towers with Radar,30,65,26,0,121,12,6,0,0,18,42,71,26,0,139,0,0,0,139
11/29/2003,GRR,MI,AGL,CE,Towers with Radar,33,72,32,0,137,10,15,0,0,25,43,87,32,0,162,0,0,0,162
11/30/2003,GRR,MI,AGL,CE,Towers with Radar,39,89,52,0,180,0,3,39,0,42,39,92,91,0,222,42,0,42,264
12/01/2003,GRR,MI,AGL,CE,Towers with Radar,39,109,58,2,208,0,22,11,0,33,39,131,69,2,241,2,2,4,245
12/02/2003,GRR,MI,AGL,CE,Towers with Radar,46,138,75,8,267,0,0,63,6,69,46,138,138,14,336,66,12,78,414
12/03/2003,GRR,MI,AGL,CE,Towers with Radar,47,141,80,9,277,0,0,103,1,104,47,141,183,10,381,50,14,64,445
12/04/2003,GRR,MI,AGL,CE,Towers with Radar,46,140,83,9,278,0,0,117,15,132,46,140,200,24,410,86,16,102,512
12/05/2003,GRR,MI,AGL,CE,Towers with Radar,44,120,70,8,242,0,0,36,15,51,44,120,106,23,293,16,18,34,327
12/06/2003,GRR,MI,AGL,CE,Towers with Radar,42,80,53,3,178,4,0,49,0,53,46,80,102,3,231,62,0,62,293
12/07/2003,GRR,MI,AGL,CE,Towers with Radar,35,86,45,0,166,9,0,39,0,48,44,86,84,0,214,42,0,42,256
12/08/2003,GRR,MI,AGL,CE,Towers with Radar,42,129,67,0,238,0,1,50,0,51,42,130,117,0,289,22,0,22,311
12/09/2003,GRR,MI,AGL,CE,Towers with Radar,48,126,55,7,236,0,2,0,1,3,48,128,55,8,239,0,0,0,239
12/10/2003,GRR,MI,AGL,CE,Towers with Radar,52,127,70,0,249,0,0,18,0,18,52,127,88,0,267,0,0,0,267
12/11/2003,GRR,MI,AGL,CE,Towers with Radar,51,143,80,4,278,0,0,27,0,27,51,143,107,4,305,18,0,18,323
12/12/2003,GRR,MI,AGL,CE,Towers with Radar,49,129,69,0,247,0,0,57,0,57,49,129,126,0,304,32,0,32,336
12/13/2003,GRR,MI,AGL,CE,Towers with Radar,31,77,39,0,147,10,3,72,0,85,41,80,111,0,232,46,0,46,278
12/14/2003,GRR,MI,AGL,CE,Towers with Radar,30,73,34,0,137,12,16,0,0,28,42,89,34,0,165,0,0,0,165
12/15/2003,GRR,MI,AGL,CE,Towers with Radar,39,120,65,0,224,0,0,24,0,24,39,120,89,0,248,48,139,187,435
12/16/2003,GRR,MI,AGL,CE,Towers with Radar,48,134,69,7,258,0,5,11,14,30,48,139,80,21,288,4,24,28,316
12/17/2003,GRR,MI,AGL,CE,Towers with Radar,54,139,73,0,266,0,11,12,0,23,54,150,85,0,289,8,0,8,297
12/18/2003,GRR,MI,AGL,CE,Towers with Radar,50,141,78,0,269,0,0,49,0,49,50,141,127,0,318,28,0,28,346
12/19/2003,GRR,MI,AGL,CE,Towers with Radar,51,130,71,6,258,0,0,16,0,16,51,130,87,6,274,4,0,4,278
12/20/2003,GRR,MI,AGL,CE,Towers with Radar,38,91,48,0,177,7,5,12,0,24,45,96,60,0,201,20,0,20,221
12/21/2003,GRR,MI,AGL,CE,Towers with Radar,33,78,42,0,153,9,19,25,0,53,42,97,67,0,206,10,0,10,216
12/22/2003,GRR,MI,AGL,CE,Towers with Radar,56,117,71,7,251,9,0,29,0,38,65,117,100,7,289,30,8,38,327
12/23/2003,GRR,MI,AGL,CE,Towers with Radar,51,120,54,0,225,20,0,0,0,20,71,120,54,0,245,2,0,2,247
12/24/2003,GRR,MI,AGL,CE,Towers with Radar,33,78,41,0,152,11,16,0,0,27,44,94,41,0,179,8,0,8,187
12/25/2003,GRR,MI,AGL,CE,Towers with Radar,25,58,11,0,94,13,31,0,0,44,38,89,11,0,138,2,0,2,140
12/26/2003,GRR,MI,AGL,CE,Towers with Radar,43,103,55,0,201,3,27,56,0,86,46,130,111,0,287,34,0,34,321
12/27/2003,GRR,MI,AGL,CE,Towers with Radar,31,73,39,0,143,13,0,36,0,49,44,73,75,0,192,20,0,20,212
12/28/2003,GRR,MI,AGL,CE,Towers with Radar,30,71,24,0,125,14,17,0,0,31,44,88,24,0,156,10,0,10,166
12/29/2003,GRR,MI,AGL,CE,Towers with Radar,45,119,63,6,233,0,9,1,38,48,45,128,64,44,281,20,56,76,357
12/30/2003,GRR,MI,AGL,CE,Towers with Radar,43,113,60,5,221,0,20,18,17,55,43,133,78,22,276,16,16,32,308
12/31/2003,GRR,MI,AGL,CE,Towers with Radar,34,81,43,1,159,13,20,7,0,40,47,101,50,1,199,14,0,14,213
01/01/2004,GRR,MI,AGL,CE,Towers with Radar,27,64,32,0,123,10,20,21,0,51,37,84,53,0,174,38,0,38,212
01/02/2004,GRR,MI,AGL,CE,Towers with Radar,45,106,38,2,191,0,3,0,0,3,45,109,38,2,194,0,0,0,194
01/03/2004,GRR,MI,AGL,CE,Towers with Radar,34,74,38,0,146,11,0,5,0,16,45,74,43,0,162,10,0,10,172
01/04/2004,GRR,MI,AGL,CE,Towers with Radar,26,62,11,0,99,13,19,0,0,32,39,81,11,0,131,24,0,24,155
01/05/2004,GRR,MI,AGL,CE,Towers with Radar,40,104,48,0,192,0,23,0,0,23,40,127,48,0,215,0,0,0,215
01/06/2004,GRR,MI,AGL,CE,Towers with Radar,45,108,51,0,204,2,1,2,0,5,47,109,53,0,209,0,0,0,209
01/07/2004,GRR,MI,AGL,CE,Towers with Radar,52,127,71,3,253,0,0,0,29,29,52,127,71,32,282,0,20,20,302
01/08/2004,GRR,MI,AGL,CE,Towers with Radar,50,140,71,3,264,0,0,39,15,54,50,140,110,18,318,30,20,50,368
01/09/2004,GRR,MI,AGL,CE,Towers with Radar,48,124,59,2,233,0,3,59,0,62,48,127,118,2,295,48,0,48,343
01/10/2004,GRR,MI,AGL,CE,Towers with Radar,34,79,39,2,154,10,0,15,0,25,44,79,54,2,179,6,8,14,193
01/11/2004,GRR,MI,AGL,CE,Towers with Radar,31,75,26,0,132,12,12,0,0,24,43,87,26,0,156,0,0,0,156
01/12/2004,GRR,MI,AGL,CE,Towers with Radar,46,116,55,0,217,0,1,14,0,15,46,117,69,0,232,0,0,0,232
01/13/2004,GRR,MI,AGL,CE,Towers with Radar,46,129,64,3,242,0,0,56,7,63,46,129,120,10,305,20,20,40,345
01/14/2004,GRR,MI,AGL,CE,Towers with Radar,50,122,58,0,230,0,4,11,0,15,50,126,69,0,245,0,0,0,245
01/15/2004,GRR,MI,AGL,CE,Towers with Radar,52,136,69,0,257,0,0,49,0,49,52,136,118,0,306,18,0,18,324
01/16/2004,GRR,MI,AGL,CE,Towers with Radar,47,123,59,0,229,0,3,22,0,25,47,126,81,0,254,14,0,14,268
01/17/2004,GRR,MI,AGL,CE,Towers with Radar,25,57,14,0,96,26,3,0,0,29,51,60,14,0,125,0,0,0,125
01/18/2004,GRR,MI,AGL,CE,Towers with Radar,33,75,37,0,145,6,15,4,0,25,39,90,41,0,170,36,0,36,206
01/19/2004,GRR,MI,AGL,CE,Towers with Radar,45,119,59,0,223,0,0,44,0,44,45,119,103,0,267,0,0,0,267
01/20/2004,GRR,MI,AGL,CE,Towers with Radar,47,122,62,0,231,0,0,60,0,60,47,122,122,0,291,32,0,32,323
01/21/2004,GRR,MI,AGL,CE,Towers with Radar,49,138,69,0,256,0,0,18,0,18,49,138,87,0,274,8,0,8,282
01/22/2004,GRR,MI,AGL,CE,Towers with Radar,50,133,67,0,250,0,0,16,0,16,50,133,83,0,266,0,0,0,266
01/23/2004,GRR,MI,AGL,CE,Towers with Radar,47,113,56,0,216,0,0,8,0,8,47,113,64,0,224,0,0,0,224
01/24/2004,GRR,MI,AGL,CE,Towers with Radar,36,80,41,0,157,5,0,62,0,67,41,80,103,0,224,78,0,78,302
01/25/2004,GRR,MI,AGL,CE,Towers with Radar,36,80,41,0,157,5,0,39,0,44,41,80,80,0,201,14,12,26,227
01/26/2004,GRR,MI,AGL,CE,Towers with Radar,45,104,51,0,200,1,7,14,0,22,46,111,65,0,222,0,0,0,222
01/27/2004,GRR,MI,AGL,CE,Towers with Radar,36,83,33,0,152,3,14,0,0,17,39,97,33,0,169,0,0,0,169
01/28/2004,GRR,MI,AGL,CE,Towers with Radar,45,120,59,0,224,0,9,9,0,18,45,129,68,0,242,6,0,6,248
01/29/2004,GRR,MI,AGL,CE,Towers with Radar,55,143,70,0,268,0,4,23,0,27,55,147,93,0,295,14,0,14,309
01/30/2004,GRR,MI,AGL,CE,Towers with Radar,56,125,64,0,245,1,0,12,0,13,57,125,76,0,258,0,0,0,258
01/31/2004,GRR,MI,AGL,CE,Towers with Radar,37,83,42,0,162,8,0,9,0,17,45,83,51,0,179,30,0,30,209
02/01/2004,GRR,MI,AGL,CE,Towers with Radar,31,74,45,0,150,12,12,35,0,59,43,86,80,0,209,56,0,56,265
02/02/2004,GRR,MI,AGL,CE,Towers with Radar,38,95,58,7,198,0,11,29,0,40,38,106,87,7,238,32,12,44,282
02/03/2004,GRR,MI,AGL,CE,Towers with Radar,42,99,47,0,188,4,26,0,0,30,46,125,47,0,218,0,0,0,218
02/04/2004,GRR,MI,AGL,CE,Towers with Radar,46,135,82,10,273,0,11,83,8,102,46,146,165,18,375,76,0,76,451
02/05/2004,GRR,MI,AGL,CE,Towers with Radar,47,116,80,10,253,0,0,39,10,49,47,116,119,20,302,50,12,62,364
02/06/2004,GRR,MI,AGL,CE,Towers with Radar,43,103,51,0,197,7,17,0,0,24,50,120,51,0,221,0,0,0,221
02/07/2004,GRR,MI,AGL,CE,Towers with Radar,31,74,45,4,154,26,4,1,0,31,57,78,46,4,185,28,2,30,215
02/08/2004,GRR,MI,AGL,CE,Towers with Radar,35,85,49,6,175,5,7,0,20,32,40,92,49,26,207,14,32,46,253
02/09/2004,GRR,MI,AGL,CE,Towers with Radar,45,83,70,2,200,0,0,55,0,55,45,83,125,2,255,4,0,4,259
02/10/2004,GRR,MI,AGL,CE,Towers with Radar,46,132,80,9,267,0,6,18,5,29,46,138,98,14,296,0,12,12,308
02/11/2004,GRR,MI,AGL,CE,Towers with Radar,48,151,94,11,304,0,0,30,15,45,48,151,124,26,349,20,18,38,387
02/12/2004,GRR,MI,AGL,CE,Towers with Radar,53,140,87,10,290,0,0,9,1,10,53,140,96,11,300,4,10,14,314
02/13/2004,GRR,MI,AGL,CE,Towers with Radar,51,116,73,0,240,12,0,10,0,22,63,116,83,0,262,4,0,4,266
02/14/2004,GRR,MI,AGL,CE,Towers with Radar,32,68,45,0,145,19,0,47,0,66,51,68,92,0,211,70,0,70,281
02/15/2004,GRR,MI,AGL,CE,Towers with Radar,30,69,43,0,142,13,13,24,0,50,43,82,67,0,192,58,0,58,250
02/16/2004,GRR,MI,AGL,CE,Towers with Radar,42,117,73,0,232,0,12,49,0,61,42,129,122,0,293,34,0,34,327
02/17/2004,GRR,MI,AGL,CE,Towers with Radar,42,133,83,9,267,0,12,33,1,46,42,145,116,10,313,46,12,58,371
02/18/2004,GRR,MI,AGL,CE,Towers with Radar,49,145,95,11,300,0,0,39,10,49,49,145,134,21,349,14,24,38,387
02/19/2004,GRR,MI,AGL,CE,Towers with Radar,50,143,92,10,295,0,0,60,0,60,50,143,152,10,355,22,18,40,395
02/20/2004,GRR,MI,AGL,CE,Towers with Radar,53,130,82,9,274,0,0,13,4,17,53,130,95,13,291,14,22,36,327
02/21/2004,GRR,MI,AGL,CE,Towers with Radar,29,67,29,0,125,20,28,0,0,48,49,95,29,0,173,4,0,4,177
02/22/2004,GRR,MI,AGL,CE,Towers with Radar,39,90,56,0,185,2,9,82,0,93,41,99,138,0,278,112,0,112,390
02/23/2004,GRR,MI,AGL,CE,Towers with Radar,48,114,68,0,230,0,25,0,0,25,48,139,68,0,255,0,0,0,255
02/24/2004,GRR,MI,AGL,CE,Towers with Radar,49,134,90,10,283,0,0,4,1,5,49,134,94,11,288,20,20,40,328
02/25/2004,GRR,MI,AGL,CE,Towers with Radar,60,112,87,9,268,5,0,83,25,113,65,112,170,34,381,76,28,104,485
02/26/2004,GRR,MI,AGL,CE,Towers with Radar,61,124,91,0,276,0,0,26,0,26,61,124,117,0,302,2,0,2,304
02/27/2004,GRR,MI,AGL,CE,Towers with Radar,49,121,84,8,262,0,0,86,0,86,49,121,170,8,348,42,8,50,398
02/28/2004,GRR,MI,AGL,CE,Towers with Radar,36,82,51,0,169,7,0,71,0,78,43,82,122,0,247,150,0,150,397
02/29/2004,GRR,MI,AGL,CE,Towers with Radar,36,84,51,0,171,10,5,28,0,43,46,89,79,0,214,40,0,40,254
03/01/2004,GRR,MI,AGL,CE,Towers with Radar,47,114,78,0,239,0,0,14,0,14,47,114,92,0,253,24,0,24,277
03/02/2004,GRR,MI,AGL,CE,Towers with Radar,53,112,86,7,258,5,0,4,8,17,58,112,90,15,275,2,0,2,277
03/03/2004,GRR,MI,AGL,CE,Towers with Radar,50,135,97,7,289,0,0,39,4,43,50,135,136,11,332,54,18,72,404
03/04/2004,GRR,MI,AGL,CE,Towers with Radar,53,129,85,7,274,1,0,10,1,12,54,129,95,8,286,2,10,12,298
03/05/2004,GRR,MI,AGL,CE,Towers with Radar,39,98,56,0,193,5,14,0,0,19,44,112,56,0,212,0,0,0,212
03/06/2004,GRR,MI,AGL,CE,Towers with Radar,29,73,30,0,132,12,9,0,0,21,41,82,30,0,153,12,0,12,165
03/07/2004,GRR,MI,AGL,CE,Towers with Radar,26,66,18,0,110,23,24,0,0,47,49,90,18,0,157,0,0,0,157
03/08/2004,GRR,MI,AGL,CE,Towers with Radar,42,102,70,6,220,0,0,31,1,32,42,102,101,7,252,46,16,62,314
03/09/2004,GRR,MI,AGL,CE,Towers with Radar,45,138,92,7,282,0,0,43,0,43,45,138,135,7,325,70,16,86,411
03/10/2004,GRR,MI,AGL,CE,Towers with Radar,44,131,84,0,259,0,2,85,0,87,44,133,169,0,346,60,0,60,406
03/11/2004,GRR,MI,AGL,CE,Towers with Radar,48,128,82,0,258,0,5,19,0,24,48,133,101,0,282,22,0,22,304
03/12/2004,GRR,MI,AGL,CE,Towers with Radar,45,129,85,0,259,0,0,3,0,3,45,129,88,0,262,0,0,0,262
03/13/2004,GRR,MI,AGL,CE,Towers with Radar,30,76,48,3,157,16,12,75,0,103,46,88,123,3,260,94,0,94,354
03/14/2004,GRR,MI,AGL,CE,Towers with Radar,28,71,28,0,127,16,19,0,0,35,44,90,28,0,162,0,0,0,162
03/15/2004,GRR,MI,AGL,CE,Towers with Radar,46,118,76,0,240,0,2,49,0,51,46,120,125,0,291,56,0,56,347
03/16/2004,GRR,MI,AGL,CE,Towers with Radar,45,121,78,0,244,0,24,5,0,29,45,145,83,0,273,10,0,10,283
03/17/2004,GRR,MI,AGL,CE,Towers with Radar,49,126,81,0,256,0,2,13,0,15,49,128,94,0,271,18,0,18,289
03/18/2004,GRR,MI,AGL,CE,Towers with Radar,46,128,89,6,269,0,0,7,17,24,46,128,96,23,293,4,18,22,315
03/19/2004,GRR,MI,AGL,CE,Towers with Radar,51,122,89,0,262,0,0,43,0,43,51,122,132,0,305,22,0,22,327
03/20/2004,GRR,MI,AGL,CE,Towers with Radar,26,63,42,0,131,13,14,21,0,48,39,77,63,0,179,24,0,24,203
03/21/2004,GRR,MI,AGL,CE,Towers with Radar,33,80,52,3,168,9,26,6,2,43,42,106,58,5,211,18,0,18,229
03/22/2004,GRR,MI,AGL,CE,Towers with Radar,41,114,74,0,229,0,15,50,0,65,41,129,124,0,294,40,0,40,334
03/23/2004,GRR,MI,AGL,CE,Towers with Radar,45,141,92,6,284,0,3,78,14,95,45,144,170,20,379,124,22,146,525
03/24/2004,GRR,MI,AGL,CE,Towers with Radar,48,132,90,6,276,0,0,1,7,8,48,132,91,13,284,2,20,22,306
03/25/2004,GRR,MI,AGL,CE,Towers with Radar,53,130,99,7,289,0,0,27,8,35,53,130,126,15,324,14,0,14,338
03/26/2004,GRR,MI,AGL,CE,Towers with Radar,47,130,80,0,257,0,0,0,0,0,47,130,80,0,257,0,0,0,257
03/27/2004,GRR,MI,AGL,CE,Towers with Radar,30,72,47,0,149,16,1,4,0,21,46,73,51,0,170,26,0,26,196
03/28/2004,GRR,MI,AGL,CE,Towers with Radar,30,72,47,0,149,11,18,6,0,35,41,90,53,0,184,16,0,16,200
03/29/2004,GRR,MI,AGL,CE,Towers with Radar,44,113,73,2,232,0,12,63,0,75,44,125,136,2,307,52,4,56,363
03/30/2004,GRR,MI,AGL,CE,Towers with Radar,50,121,94,7,272,0,0,45,11,56,50,121,139,18,328,60,24,84,412
03/31/2004,GRR,MI,AGL,CE,Towers with Radar,51,128,90,6,275,0,0,53,19,72,51,128,143,25,347,34,20,54,401
04/01/2004,GRR,MI,AGL,CE,Towers with Radar,53,151,101,10,315,0,7,27,16,50,53,158,128,26,365,36,38,74,439
04/02/2004,GRR,MI,AGL,CE,Towers with Radar,49,136,91,9,285,0,1,92,47,140,49,137,183,56,425,56,10,66,491
04/03/2004,GRR,MI,AGL,CE,Towers with Radar,30,67,44,0,141,17,10,32,0,59,47,77,76,0,200,46,0,46,246
04/04/2004,GRR,MI,AGL,CE,Towers with Radar,28,63,33,0,124,17,25,0,0,42,45,88,33,0,166,4,0,4,170
04/05/2004,GRR,MI,AGL,CE,Towers with Radar,46,102,67,6,221,9,13,64,0,86,55,115,131,6,307,60,10,70,377
04/06/2004,GRR,MI,AGL,CE,Towers with Radar,44,106,70,7,227,0,20,25,1,46,44,126,95,8,273,28,28,56,329
04/07/2004,GRR,MI,AGL,CE,Towers with Radar,53,118,77,0,248,0,12,64,0,76,53,130,141,0,324,30,0,30,354
04/08/2004,GRR,MI,AGL,CE,Towers with Radar,50,129,85,9,273,0,0,45,6,51,50,129,130,15,324,50,16,66,390
04/09/2004,GRR,MI,AGL,CE,Towers with Radar,51,113,74,8,246,1,2,57,0,60,52,115,131,8,306,74,28,102,408
04/10/2004,GRR,MI,AGL,CE,Towers with Radar,32,72,47,0,151,20,8,51,0,79,52,80,98,0,230,66,0,66,296
04/11/2004,GRR,MI,AGL,CE,Towers with Radar,31,69,32,0,132,12,25,0,0,37,43,94,32,0,169,2,0,2,171
04/12/2004,GRR,MI,AGL,CE,Towers with Radar,44,98,64,0,206,3,9,64,0,76,47,107,128,0,282,51,14,65,347
04/13/2004,GRR,MI,AGL,CE,Towers with Radar,48,124,81,7,260,0,3,63,0,66,48,127,144,7,326,28,14,42,368
04/14/2004,GRR,MI,AGL,CE,Towers with Radar,61,108,88,9,266,4,0,84,12,100,65,108,172,21,366,80,16,96,462
04/15/2004,GRR,MI,AGL,CE,Towers with Radar,52,132,87,9,280,0,5,91,2,98,52,137,178,11,378,62,14,76,454
04/16/2004,GRR,MI,AGL,CE,Towers with Radar,50,109,72,0,231,0,5,67,0,72,50,114,139,0,303,68,0,68,371
04/17/2004,GRR,MI,AGL,CE,Towers with Radar,33,69,46,0,148,14,9,27,0,50,47,78,73,0,198,38,0,38,236
04/18/2004,GRR,MI,AGL,CE,Towers with Radar,30,64,43,0,137,14,20,20,0,54,44,84,63,0,191,0,0,0,191
04/19/2004,GRR,MI,AGL,CE,Towers with Radar,48,105,65,6,224,0,18,0,10,28,48,123,65,16,252,8,18,26,278
04/20/2004,GRR,MI,AGL,CE,Towers with Radar,47,122,83,0,252,0,0,46,0,46,47,122,129,0,298,46,0,46,344
04/21/2004,GRR,MI,AGL,CE,Towers with Radar,54,122,91,8,275,0,0,35,6,41,54,122,126,14,316,34,6,40,356
04/22/2004,GRR,MI,AGL,CE,Towers with Radar,61,126,98,9,294,0,0,79,13,92,61,126,177,22,386,66,24,90,476
04/23/2004,GRR,MI,AGL,CE,Towers with Radar,53,120,80,0,253,0,0,65,0,65,53,120,145,0,318,86,0,86,404
04/24/2004,GRR,MI,AGL,CE,Towers with Radar,33,71,48,0,152,16,3,76,0,95,49,74,124,0,247,56,0,56,303
04/25/2004,GRR,MI,AGL,CE,Towers with Radar,34,73,31,0,138,14,14,0,0,28,48,87,31,0,166,0,0,0,166
04/26/2004,GRR,MI,AGL,CE,Towers with Radar,44,109,81,7,241,0,0,65,13,78,44,109,146,20,319,18,16,34,353
04/27/2004,GRR,MI,AGL,CE,Towers with Radar,49,114,81,7,251,0,0,51,5,56,49,114,132,12,307,16,26,42,349
04/28/2004,GRR,MI,AGL,CE,Towers with Radar,47,118,82,0,247,0,0,15,0,15,47,118,97,0,262,0,0,0,262
04/29/2004,GRR,MI,AGL,CE,Towers with Radar,54,120,87,8,269,0,0,56,0,56,54,120,143,8,325,8,0,8,333
04/30/2004,GRR,MI,AGL,CE,Towers with Radar,46,107,81,7,241,0,0,0,8,8,46,107,81,15,249,0,14,14,263
05/01/2004,GRR,MI,AGL,CE,Towers with Radar,35,61,39,0,135,18,11,0,0,29,53,72,39,0,164,0,0,0,164
05/02/2004,GRR,MI,AGL,CE,Towers with Radar,41,70,58,1,170,7,13,29,0,49,48,83,87,1,219,32,0,32,251
05/03/2004,GRR,MI,AGL,CE,Towers with Radar,51,94,76,0,221,0,17,72,0,89,51,111,148,0,310,46,0,46,356
05/04/2004,GRR,MI,AGL,CE,Towers with Radar,53,100,81,0,234,0,18,38,0,56,53,118,119,0,290,10,0,10,300
05/05/2004,GRR,MI,AGL,CE,Towers with Radar,70,133,108,4,315,0,10,134,14,158,70,143,242,18,473,98,42,140,613
05/06/2004,GRR,MI,AGL,CE,Towers with Radar,62,113,103,4,282,0,0,60,3,63,62,113,163,7,345,40,22,62,407
05/07/2004,GRR,MI,AGL,CE,Towers with Radar,56,106,99,4,265,0,0,68,11,79,56,106,167,15,344,44,6,50,394
05/08/2004,GRR,MI,AGL,CE,Towers with Radar,32,56,45,0,133,17,13,16,0,46,49,69,61,0,179,56,0,56,235
05/09/2004,GRR,MI,AGL,CE,Towers with Radar,37,64,52,1,154,11,13,9,0,33,48,77,61,1,187,27,0,27,214
05/10/2004,GRR,MI,AGL,CE,Towers with Radar,50,104,84,0,238,0,17,42,0,59,50,121,126,0,297,44,0,44,341
05/11/2004,GRR,MI,AGL,CE,Towers with Radar,61,109,99,2,271,0,0,24,0,24,61,109,123,2,295,36,2,38,333
05/12/2004,GRR,MI,AGL,CE,Towers with Radar,60,110,99,4,273,0,0,72,13,85,60,110,171,17,358,56,20,76,434
05/13/2004,GRR,MI,AGL,CE,Towers with Radar,62,103,96,0,261,0,0,29,0,29,62,103,125,0,290,2,0,2,292
05/14/2004,GRR,MI,AGL,CE,Towers with Radar,57,98,78,0,233,12,0,0,0,12,69,98,78,0,245,0,0,0,245
05/15/2004,GRR,MI,AGL,CE,Towers with Radar,48,70,67,0,185,0,0,28,0,28,48,70,95,0,213,56,0,56,269
05/16/2004,GRR,MI,AGL,CE,Towers with Radar,43,76,61,0,180,9,7,73,0,89,52,83,134,0,269,5,0,5,274
05/17/2004,GRR,MI,AGL,CE,Towers with Radar,48,103,84,0,235,0,8,28,0,36,48,111,112,0,271,74,0,74,345
05/18/2004,GRR,MI,AGL,CE,Towers with Radar,63,104,98,3,268,0,0,49,10,59,63,104,147,13,327,26,18,44,371
05/19/2004,GRR,MI,AGL,CE,Towers with Radar,60,98,96,2,256,0,0,100,0,100,60,98,196,2,356,82,2,84,440
05/20/2004,GRR,MI,AGL,CE,Towers with Radar,58,88,82,2,230,0,0,0,1,1,58,88,82,3,231,2,1,3,234
05/21/2004,GRR,MI,AGL,CE,Towers with Radar,48,101,84,0,233,0,22,15,0,37,48,123,99,0,270,60,0,60,330
05/22/2004,GRR,MI,AGL,CE,Towers with Radar,35,58,34,0,127,16,15,0,0,31,51,73,34,0,158,38,0,38,196
05/23/2004,GRR,MI,AGL,CE,Towers with Radar,32,53,21,0,106,24,21,0,0,45,56,74,21,0,151,20,0,20,171
05/24/2004,GRR,MI,AGL,CE,Towers with Radar,59,107,97,0,263,0,0,30,0,30,59,107,127,0,293,32,0,32,325
05/25/2004,GRR,MI,AGL,CE,Towers with Radar,59,121,101,3,284,0,0,26,9,35,59,121,127,12,319,30,16,46,365
05/26/2004,GRR,MI,AGL,CE,Towers with Radar,62,114,103,3,282,0,0,127,9,136,62,114,230,12,418,150,0,150,568
05/27/2004,GRR,MI,AGL,CE,Towers with Radar,59,124,109,2,294,0,0,42,0,42,59,124,151,2,336,62,0,62,398
05/28/2004,GRR,MI,AGL,CE,Towers with Radar,60,113,100,2,275,0,0,80,0,80,60,113,180,2,355,50,0,50,405
05/29/2004,GRR,MI,AGL,CE,Towers with Radar,39,65,54,0,158,13,0,23,0,36,52,65,77,0,194,32,0,32,226
05/30/2004,GRR,MI,AGL,CE,Towers with Radar,28,47,26,0,101,39,2,0,0,41,67,49,26,0,142,0,0,0,142
05/31/2004,GRR,MI,AGL,CE,Towers with Radar,37,62,31,0,130,17,14,0,0,31,54,76,31,0,161,0,0,0,161
06/01/2004,GRR,MI,AGL,CE,Towers with Radar,50,96,75,2,223,0,11,26,0,37,50,107,101,2,260,32,0,32,292
06/02/2004,GRR,MI,AGL,CE,Towers with Radar,62,107,85,0,254,3,0,64,0,67,65,107,149,0,321,82,0,82,403
06/03/2004,GRR,MI,AGL,CE,Towers with Radar,65,119,93,5,282,0,11,105,14,130,65,130,198,19,412,76,24,100,512
06/04/2004,GRR,MI,AGL,CE,Towers with Radar,64,112,88,5,269,0,0,83,3,86,64,112,171,8,355,82,0,82,437
06/05/2004,GRR,MI,AGL,CE,Towers with Radar,37,66,51,0,154,22,4,62,0,88,59,70,113,0,242,42,0,42,284
06/06/2004,GRR,MI,AGL,CE,Towers with Radar,45,78,61,2,186,10,25,19,0,54,55,103,80,2,240,22,0,22,262
06/07/2004,GRR,MI,AGL,CE,Towers with Radar,57,100,78,0,235,1,10,56,0,67,58,110,134,0,302,30,0,30,332
06/08/2004,GRR,MI,AGL,CE,Towers with Radar,55,105,83,0,243,0,0,41,0,41,55,105,124,0,284,18,0,18,302
06/09/2004,GRR,MI,AGL,CE,Towers with Radar,56,101,79,0,236,0,9,30,0,39,56,110,109,0,275,36,0,36,311
06/10/2004,GRR,MI,AGL,CE,Towers with Radar,54,129,101,0,284,0,3,17,0,20,54,132,118,0,304,0,0,0,304
06/11/2004,GRR,MI,AGL,CE,Towers with Radar,62,108,84,0,254,2,9,8,0,19,64,117,92,0,273,30,0,30,303
06/12/2004,GRR,MI,AGL,CE,Towers with Radar,40,68,54,0,162,11,0,21,0,32,51,68,75,0,194,80,0,80,274
06/13/2004,GRR,MI,AGL,CE,Towers with Radar,37,66,40,0,143,17,8,0,0,25,54,74,40,0,168,2,0,2,170
06/14/2004,GRR,MI,AGL,CE,Towers with Radar,52,98,78,1,229,0,4,41,0,45,52,102,119,1,274,20,0,20,294
06/15/2004,GRR,MI,AGL,CE,Towers with Radar,63,107,85,0,255,4,22,72,0,98,67,129,157,0,353,64,0,64,417
06/16/2004,GRR,MI,AGL,CE,Towers with Radar,66,105,89,0,260,2,0,49,0,51,68,105,138,0,311,28,0,28,339
06/17/2004,GRR,MI,AGL,CE,Towers with Radar,61,117,93,4,275,0,19,18,0,37,61,136,111,4,312,40,0,40,352
06/18/2004,GRR,MI,AGL,CE,Towers with Radar,61,110,98,0,269,0,0,55,0,55,61,110,153,0,324,48,0,48,372
06/19/2004,GRR,MI,AGL,CE,Towers with Radar,42,71,57,0,170,13,2,65,0,80,55,73,122,0,250,62,0,62,312
06/20/2004,GRR,MI,AGL,CE,Towers with Radar,40,69,56,0,165,11,10,37,0,58,51,79,93,0,223,46,0,46,269
06/21/2004,GRR,MI,AGL,CE,Towers with Radar,53,106,86,0,245,0,0,40,0,40,53,106,126,0,285,34,0,34,319
06/22/2004,GRR,MI,AGL,CE,Towers with Radar,55,106,88,0,249,0,0,84,0,84,55,106,172,0,333,50,0,50,383
06/23/2004,GRR,MI,AGL,CE,Towers with Radar,61,113,90,4,268,0,0,124,8,132,61,113,214,12,400,38,4,42,442
06/24/2004,GRR,MI,AGL,CE,Towers with Radar,57,108,100,4,269,0,0,62,1,63,57,108,162,5,332,70,0,70,402
06/25/2004,GRR,MI,AGL,CE,Towers with Radar,64,103,88,0,255,0,0,104,0,104,64,103,192,0,359,82,0,82,441
06/26/2004,GRR,MI,AGL,CE,Towers with Radar,40,68,55,0,163,15,1,42,0,58,55,69,97,0,221,74,0,74,295
06/27/2004,GRR,MI,AGL,CE,Towers with Radar,40,68,54,0,162,13,10,37,0,60,53,78,91,0,222,48,0,48,270
06/28/2004,GRR,MI,AGL,CE,Towers with Radar,58,113,89,4,264,0,4,76,4,84,58,117,165,8,348,48,12,60,408
06/29/2004,GRR,MI,AGL,CE,Towers with Radar,60,108,84,3,255,0,4,91,15,110,60,112,175,18,365,106,22,128,493
06/30/2004,GRR,MI,AGL,CE,Towers with Radar,67,105,98,4,274,0,0,101,33,134,67,105,199,37,408,66,22,88,496
07/01/2004,GRR,MI,AGL,CE,Towers with Radar,63,103,77,0,243,0,7,131,0,138,63,110,208,0,381,66,0,66,447
07/02/2004,GRR,MI,AGL,CE,Towers with Radar,59,100,75,1,235,0,10,79,0,89,59,110,154,1,324,70,0,70,394
07/03/2004,GRR,MI,AGL,CE,Towers with Radar,35,59,43,0,137,22,12,17,0,51,57,71,60,0,188,56,0,56,244
07/04/2004,GRR,MI,AGL,CE,Towers with Radar,23,39,18,0,80,24,12,0,0,36,47,51,18,0,116,0,0,0,116
07/05/2004,GRR,MI,AGL,CE,Towers with Radar,49,75,44,0,168,2,0,0,0,2,51,75,44,0,170,54,0,54,224
07/06/2004,GRR,MI,AGL,CE,Towers with Radar,53,92,68,0,213,0,12,42,0,54,53,104,110,0,267,30,0,30,297
07/07/2004,GRR,MI,AGL,CE,Towers with Radar,59,102,75,2,238,0,7,32,0,39,59,109,107,2,277,66,0,66,343
07/08/2004,GRR,MI,AGL,CE,Towers with Radar,68,109,88,6,271,0,0,54,20,74,68,109,142,26,345,0,0,0,345
07/09/2004,GRR,MI,AGL,CE,Towers with Radar,60,101,75,0,236,0,18,80,0,98,60,119,155,0,334,66,0,66,400
07/10/2004,GRR,MI,AGL,CE,Towers with Radar,36,60,44,3,143,15,10,36,0,61,51,70,80,3,204,79,0,79,283
07/11/2004,GRR,MI,AGL,CE,Towers with Radar,42,70,51,0,163,10,13,18,0,41,52,83,69,0,204,25,0,25,229
07/12/2004,GRR,MI,AGL,CE,Towers with Radar,55,99,73,0,227,0,23,46,0,69,55,122,119,0,296,16,0,16,312
07/13/2004,GRR,MI,AGL,CE,Towers with Radar,57,102,77,6,242,0,0,39,8,47,57,102,116,14,289,48,26,74,363
07/14/2004,GRR,MI,AGL,CE,Towers with Radar,53,126,93,0,272,0,1,106,0,107,53,127,199,0,379,96,0,96,475
07/15/2004,GRR,MI,AGL,CE,Towers with Radar,63,104,76,4,247,13,7,114,0,134,76,111,190,4,381,66,0,66,447
07/16/2004,GRR,MI,AGL,CE,Towers with Radar,58,93,69,0,220,17,2,52,0,71,75,95,121,0,291,32,0,32,323
07/17/2004,GRR,MI,AGL,CE,Towers with Radar,33,53,31,2,119,20,13,0,6,39,53,66,31,8,158,46,0,46,204
07/18/2004,GRR,MI,AGL,CE,Towers with Radar,43,69,51,0,163,12,14,41,0,67,55,83,92,0,230,14,0,14,244
07/19/2004,GRR,MI,AGL,CE,Towers with Radar,60,98,73,4,235,0,15,81,16,112,60,113,154,20,347,34,14,48,395
07/20/2004,GRR,MI,AGL,CE,Towers with Radar,61,95,73,4,233,3,0,40,35,78,64,95,113,39,311,58,56,114,425
07/21/2004,GRR,MI,AGL,CE,Towers with Radar,60,102,77,0,239,0,5,41,0,46,60,107,118,0,285,46,0,46,331
07/22/2004,GRR,MI,AGL,CE,Towers with Radar,67,113,91,0,271,0,0,42,0,42,67,113,133,0,313,60,0,60,373
07/23/2004,GRR,MI,AGL,CE,Towers with Radar,61,104,79,0,244,0,12,95,0,107,61,116,174,0,351,82,0,82,433
07/24/2004,GRR,MI,AGL,CE,Towers with Radar,38,62,47,0,147,21,2,57,0,80,59,64,104,0,227,40,0,40,267
07/25/2004,GRR,MI,AGL,CE,Towers with Radar,42,68,51,0,161,12,1,42,0,55,54,69,93,0,216,38,0,38,254
07/26/2004,GRR,MI,AGL,CE,Towers with Radar,56,102,77,0,235,0,8,91,0,99,56,110,168,0,334,72,6,78,412
07/27/2004,GRR,MI,AGL,CE,Towers with Radar,52,114,93,6,265,0,0,71,19,90,52,114,164,25,355,58,10,68,423
07/28/2004,GRR,MI,AGL,CE,Towers with Radar,62,125,105,0,292,0,0,99,0,99,62,125,204,0,391,66,0,66,457
07/29/2004,GRR,MI,AGL,CE,Towers with Radar,59,119,111,7,296,0,0,52,0,52,59,119,163,7,348,82,4,86,434
07/30/2004,GRR,MI,AGL,CE,Towers with Radar,64,105,76,5,250,0,0,0,0,0,64,105,76,5,250,0,0,0,250
07/31/2004,GRR,MI,AGL,CE,Towers with Radar,52,66,63,1,182,1,0,10,0,11,53,66,73,1,193,22,0,22,215
08/01/2004,GRR,MI,AGL,CE,Towers with Radar,50,76,72,0,198,2,0,14,0,16,52,76,86,0,214,8,0,8,222
08/02/2004,GRR,MI,AGL,CE,Towers with Radar,62,105,89,0,256,1,0,65,0,66,63,105,154,0,322,42,0,42,364
08/03/2004,GRR,MI,AGL,CE,Towers with Radar,52,117,92,0,261,0,0,81,0,81,52,117,173,0,342,48,0,48,390
08/04/2004,GRR,MI,AGL,CE,Towers with Radar,58,107,83,0,248,3,4,55,0,62,61,111,138,0,310,42,0,42,352
08/05/2004,GRR,MI,AGL,CE,Towers with Radar,52,108,94,4,258,0,0,82,5,87,52,108,176,9,345,80,18,98,443
08/06/2004,GRR,MI,AGL,CE,Towers with Radar,54,112,87,0,253,0,2,83,0,85,54,114,170,0,338,74,0,74,412
08/07/2004,GRR,MI,AGL,CE,Towers with Radar,33,62,48,2,145,16,11,20,8,55,49,73,68,10,200,52,14,66,266
08/08/2004,GRR,MI,AGL,CE,Towers with Radar,41,76,59,3,179,9,8,17,12,46,50,84,76,15,225,28,14,42,267
08/09/2004,GRR,MI,AGL,CE,Towers with Radar,52,96,75,0,223,11,12,46,0,69,63,108,121,0,292,40,0,40,332
08/10/2004,GRR,MI,AGL,CE,Towers with Radar,61,114,98,0,273,0,0,26,0,26,61,114,124,0,299,44,0,44,343
08/11/2004,GRR,MI,AGL,CE,Towers with Radar,65,120,93,0,278,2,3,26,0,31,67,123,119,0,309,16,0,16,325
08/12/2004,GRR,MI,AGL,CE,Towers with Radar,62,126,104,5,297,0,0,47,15,62,62,126,151,20,359,104,36,140,499
08/13/2004,GRR,MI,AGL,CE,Towers with Radar,50,109,100,5,264,0,0,35,5,40,50,109,135,10,304,70,0,70,374
08/14/2004,GRR,MI,AGL,CE,Towers with Radar,35,63,50,0,148,17,14,88,0,119,52,77,138,0,267,116,0,116,383
08/15/2004,GRR,MI,AGL,CE,Towers with Radar,44,79,63,0,186,9,7,71,0,87,53,86,134,0,273,78,0,78,351
08/16/2004,GRR,MI,AGL,CE,Towers with Radar,54,97,77,0,228,4,9,77,0,90,58,106,154,0,318,72,0,72,390
08/17/2004,GRR,MI,AGL,CE,Towers with Radar,61,110,87,0,258,2,8,63,0,73,63,118,150,0,331,16,0,16,347
08/18/2004,GRR,MI,AGL,CE,Towers with Radar,57,115,91,3,266,0,0,3,11,14,57,115,94,14,280,0,14,14,294
08/19/2004,GRR,MI,AGL,CE,Towers with Radar,62,106,95,3,266,0,0,86,7,93,62,106,181,10,359,74,12,86,445
08/20/2004,GRR,MI,AGL,CE,Towers with Radar,57,102,81,3,243,0,10,32,2,44,57,112,113,5,287,40,0,40,327
08/21/2004,GRR,MI,AGL,CE,Towers with Radar,38,70,56,1,165,10,3,54,0,67,48,73,110,1,232,52,0,52,284
08/22/2004,GRR,MI,AGL,CE,Towers with Radar,37,67,53,0,157,12,17,5,0,34,49,84,58,0,191,74,0,74,265
08/23/2004,GRR,MI,AGL,CE,Towers with Radar,53,113,91,3,260,0,0,76,7,83,53,113,167,10,343,80,12,92,435
08/24/2004,GRR,MI,AGL,CE,Towers with Radar,56,108,86,0,250,0,5,61,0,66,56,113,147,0,316,108,0,108,424
08/25/2004,GRR,MI,AGL,CE,Towers with Radar,59,109,86,1,255,0,8,32,0,40,59,117,118,1,295,42,0,42,337
08/26/2004,GRR,MI,AGL,CE,Towers with Radar,58,121,101,1,281,0,0,57,0,57,58,121,158,1,338,84,0,84,422
08/27/2004,GRR,MI,AGL,CE,Towers with Radar,53,105,84,3,245,0,6,33,0,39,53,111,117,3,284,32,8,40,324
08/28/2004,GRR,MI,AGL,CE,Towers with Radar,35,63,35,0,133,14,13,0,0,27,49,76,35,0,160,0,0,0,160
08/29/2004,GRR,MI,AGL,CE,Towers with Radar,43,79,61,0,183,7,1,16,0,24,50,80,77,0,207,24,0,24,231
08/30/2004,GRR,MI,AGL,CE,Towers with Radar,54,103,80,0,237,0,13,100,0,113,54,116,180,0,350,90,0,90,440
08/31/2004,GRR,MI,AGL,CE,Towers with Radar,55,100,78,0,233,0,9,89,0,98,55,109,167,0,331,118,0,118,449
09/01/2004,GRR,MI,AGL,CE,Towers with Radar,53,114,96,3,266,0,7,88,4,99,53,121,184,7,365,108,8,116,481
09/02/2004,GRR,MI,AGL,CE,Towers with Radar,53,111,94,0,258,0,5,88,0,93,53,116,182,0,351,138,0,138,489
09/03/2004,GRR,MI,AGL,CE,Towers with Radar,52,112,94,0,258,0,5,25,0,30,52,117,119,0,288,30,0,30,318
09/04/2004,GRR,MI,AGL,CE,Towers with Radar,35,63,53,0,151,10,0,4,0,14,45,63,57,0,165,22,0,22,187
09/05/2004,GRR,MI,AGL,CE,Towers with Radar,28,50,42,0,120,8,7,7,0,22,36,57,49,0,142,38,0,38,180
09/06/2004,GRR,MI,AGL,CE,Towers with Radar,40,71,53,0,164,9,2,0,0,11,49,73,53,0,175,0,0,0,175
09/07/2004,GRR,MI,AGL,CE,Towers with Radar,52,106,89,3,250,0,8,74,4,86,52,114,163,7,336,44,6,50,386
09/08/2004,GRR,MI,AGL,CE,Towers with Radar,55,112,97,4,268,0,0,93,11,104,55,112,190,15,372,38,28,66,438
09/09/2004,GRR,MI,AGL,CE,Towers with Radar,67,115,105,4,291,0,0,140,9,149,67,115,245,13,440,168,6,174,614
09/10/2004,GRR,MI,AGL,CE,Towers with Radar,62,95,93,0,250,8,0,89,0,97,70,95,182,0,347,212,0,212,559
09/11/2004,GRR,MI,AGL,CE,Towers with Radar,40,69,60,2,171,13,0,201,19,233,53,69,261,21,404,58,20,78,482
09/12/2004,GRR,MI,AGL,CE,Towers with Radar,39,70,59,0,168,12,10,45,0,67,51,80,104,0,235,48,0,48,283
09/13/2004,GRR,MI,AGL,CE,Towers with Radar,54,119,101,4,278,0,0,36,4,40,54,119,137,8,318,50,26,76,394
09/14/2004,GRR,MI,AGL,CE,Towers with Radar,57,107,91,0,255,0,1,51,0,52,57,108,142,0,307,66,0,66,373
09/15/2004,GRR,MI,AGL,CE,Towers with Radar,60,108,92,0,260,0,7,37,0,44,60,115,129,0,304,42,0,42,346
09/16/2004,GRR,MI,AGL,CE,Towers with Radar,56,110,98,0,264,0,0,64,0,64,56,110,162,0,328,96,0,96,424
09/17/2004,GRR,MI,AGL,CE,Towers with Radar,58,110,94,0,262,0,0,101,0,101,58,110,195,0,363,122,0,122,485
09/18/2004,GRR,MI,AGL,CE,Towers with Radar,35,60,52,0,147,19,11,62,0,92,54,71,114,0,239,62,0,62,301
09/19/2004,GRR,MI,AGL,CE,Towers with Radar,40,67,60,0,167,17,0,66,0,83,57,67,126,0,250,42,0,42,292
09/20/2004,GRR,MI,AGL,CE,Towers with Radar,56,106,91,0,253,0,2,105,0,107,56,108,196,0,360,114,0,114,474
09/21/2004,GRR,MI,AGL,CE,Towers with Radar,56,103,89,0,248,0,2,80,0,82,56,105,169,0,330,86,0,86,416
09/22/2004,GRR,MI,AGL,CE,Towers with Radar,58,117,105,2,282,0,0,95,0,95,58,117,200,2,377,88,8,96,473
09/23/2004,GRR,MI,AGL,CE,Towers with Radar,54,109,93,0,256,0,2,97,0,99,54,111,190,0,355,86,0,86,441
09/24/2004,GRR,MI,AGL,CE,Towers with Radar,54,105,90,0,249,0,11,57,0,68,54,116,147,0,317,58,0,58,375
09/25/2004,GRR,MI,AGL,CE,Towers with Radar,37,64,55,1,157,13,1,1,2,17,50,65,56,3,174,14,0,14,188
09/26/2004,GRR,MI,AGL,CE,Towers with Radar,36,62,54,0,152,10,22,42,0,74,46,84,96,0,226,30,0,30,256
09/27/2004,GRR,MI,AGL,CE,Towers with Radar,53,96,83,0,232,0,12,66,0,78,53,108,149,0,310,68,0,68,378
09/28/2004,GRR,MI,AGL,CE,Towers with Radar,61,108,92,2,263,0,0,41,3,44,61,108,133,5,307,96,0,96,403
09/29/2004,GRR,MI,AGL,CE,Towers with Radar,54,106,89,0,249,0,5,83,0,88,54,111,172,0,337,54,0,54,391
09/30/2004,GRR,MI,AGL,CE,Towers with Radar,56,99,83,0,238,6,15,61,0,82,62,114,144,0,320,72,0,72,392
10/01/2004,GRR,MI,AGL,CE,Combined TRACON& Tower with Radar,59,105,74,0,238,0,3,56,0,59,59,108,130,0,297,50,0,50,347
10/02/2004,GRR,MI,AGL,CE,Combined TRACON& Tower with Radar,52,61,30,0,143,0,1,56,0,57,52,62,86,0,200,36,0,36,236
10/03/2004,GRR,MI,AGL,CE,Combined TRACON& Tower with Radar,52,77,0,0,129,0,4,0,85,89,52,81,0,85,218,0,0,0,218
10/04/2004,GRR,MI,AGL,CE,Combined TRACON& Tower with Radar,58,100,98,0,256,0,3,60,0,63,58,103,158,0,319,38,0,38,357
10/05/2004,GRR,MI,AGL,CE,Combined TRACON& Tower with Radar,55,103,95,8,261,0,3,109,0,112,55,106,204,8,373,94,12,106,479
10/06/2004,GRR,MI,AGL,CE,Combined TRACON& Tower with Radar,65,108,94,10,277,0,6,74,1,81,65,114,168,11,358,72,22,94,452
10/07/2004,GRR,MI,AGL,CE,Combined TRACON& Tower with Radar,69,97,103,14,283,0,7,47,0,54,69,104,150,14,337,106,28,134,471
10/08/2004,GRR,MI,AGL,CE,Combined TRACON& Tower with Radar,58,114,84,0,256,0,0,9,0,9,58,114,93,0,265,4,0,4,269
10/09/2004,GRR,MI,AGL,CE,Combined TRACON& Tower with Radar,53,77,43,0,173,0,4,66,0,70,53,81,109,0,243,84,0,84,327
10/10/2004,GRR,MI,AGL,CE,Combined TRACON& Tower with Radar,55,78,37,0,170,0,3,82,0,85,55,81,119,0,255,42,0,42,297
10/11/2004,GRR,MI,AGL,CE,Combined TRACON& Tower with Radar,51,121,83,0,255,0,2,77,0,79,51,123,160,0,334,112,0,112,446
10/12/2004,GRR,MI,AGL,CE,Combined TRACON& Tower with Radar,56,114,117,0,287,0,2,51,0,53,56,116,168,0,340,64,0,64,404
10/13/2004,GRR,MI,AGL,CE,Combined TRACON& Tower with Radar,59,114,105,15,293,0,3,34,0,37,59,117,139,15,330,92,44,136,466
10/14/2004,GRR,MI,AGL,CE,Combined TRACON& Tower with Radar,62,119,111,37,329,0,3,54,2,59,62,122,165,39,388,76,68,144,532
10/15/2004,GRR,MI,AGL,CE,Combined TRACON& Tower with Radar,54,106,72,2,234,0,0,1,0,1,54,106,73,2,235,2,0,2,237
10/16/2004,GRR,MI,AGL,CE,Combined TRACON& Tower with Radar,52,64,30,0,146,0,0,0,0,0,52,64,30,0,146,6,0,6,152
10/17/2004,GRR,MI,AGL,CE,Combined TRACON& Tower with Radar,56,71,43,0,170,0,0,11,0,11,56,71,54,0,181,6,0,6,187
10/18/2004,GRR,MI,AGL,CE,Combined TRACON& Tower with Radar,60,100,92,0,252,0,1,40,0,41,60,101,132,0,293,108,0,108,401
10/19/2004,GRR,MI,AGL,CE,Combined TRACON& Tower with Radar,52,104,102,0,258,0,1,9,0,10,52,105,111,0,268,32,0,32,300
10/20/2004,GRR,MI,AGL,CE,Combined TRACON& Tower with Radar,67,98,147,15,327,0,2,9,0,11,67,100,156,15,338,30,0,30,368
10/21/2004,GRR,MI,AGL,CE,Combined TRACON& Tower with Radar,60,107,123,36,326,0,4,18,1,23,60,111,141,37,349,2,58,60,409
10/22/2004,GRR,MI,AGL,CE,Combined TRACON& Tower with Radar,56,119,116,10,301,0,2,47,0,49,56,121,163,10,350,34,12,46,396
10/23/2004,GRR,MI,AGL,CE,Combined TRACON& Tower with Radar,52,74,16,0,142,0,2,1,0,3,52,76,17,0,145,0,0,0,145
10/24/2004,GRR,MI,AGL,CE,Combined TRACON& Tower with Radar,50,83,56,0,189,0,2,27,0,29,50,85,83,0,218,30,0,30,248
10/25/2004,GRR,MI,AGL,CE,Combined TRACON& Tower with Radar,60,103,96,0,259,0,4,92,0,96,60,107,188,0,355,80,0,80,435
10/26/2004,GRR,MI,AGL,CE,Combined TRACON& Tower with Radar,57,117,136,9,319,0,5,46,0,51,57,122,182,9,370,46,6,52,422
10/27/2004,GRR,MI,AGL,CE,Combined TRACON& Tower with Radar,67,101,107,20,295,0,3,25,0,28,67,104,132,20,323,14,16,30,353
10/28/2004,GRR,MI,AGL,CE,Combined TRACON& Tower with Radar,62,113,104,18,297,0,2,27,0,29,62,115,131,18,326,40,14,54,380
10/29/2004,GRR,MI,AGL,CE,Combined TRACON& Tower with Radar,62,108,114,15,299,0,0,0,0,0,62,108,114,15,299,6,8,14,313
10/30/2004,GRR,MI,AGL,CE,Combined TRACON& Tower with Radar,61,75,25,4,165,0,10,4,2,16,61,85,29,6,181,0,0,0,181
10/31/2004,GRR,MI,AGL,CE,Combined TRACON& Tower with Radar,50,77,41,0,168,0,3,25,0,28,50,80,66,0,196,48,0,48,244
11/01/2004,GRR,MI,AGL,CE,Combined TRACON& Tower with Radar,61,102,111,0,274,0,2,26,0,28,61,104,137,0,302,34,0,34,336
11/02/2004,GRR,MI,AGL,CE,Combined TRACON& Tower with Radar,60,101,63,8,232,0,1,6,0,7,60,102,69,8,239,2,4,6,245
11/03/2004,GRR,MI,AGL,CE,Combined TRACON& Tower with Radar,63,105,119,18,305,0,5,99,1,105,63,110,218,19,410,140,12,152,562
11/04/2004,GRR,MI,AGL,CE,Combined TRACON& Tower with Radar,73,95,62,0,230,0,3,2,0,5,73,98,64,0,235,0,0,0,235
11/05/2004,GRR,MI,AGL,CE,Combined TRACON& Tower with Radar,60,105,65,8,238,0,5,70,0,75,60,110,135,8,313,56,12,68,381
11/06/2004,GRR,MI,AGL,CE,Combined TRACON& Tower with Radar,57,61,35,1,154,0,6,88,0,94,57,67,123,1,248,150,0,150,398
11/07/2004,GRR,MI,AGL,CE,Combined TRACON& Tower with Radar,58,77,36,0,171,0,0,29,0,29,58,77,65,0,200,60,4,64,264
11/08/2004,GRR,MI,AGL,CE,Combined TRACON& Tower with Radar,59,94,72,0,225,0,1,53,0,54,59,95,125,0,279,40,0,40,319
11/09/2004,GRR,MI,AGL,CE,Combined TRACON& Tower with Radar,66,103,106,0,275,0,5,73,0,78,66,108,179,0,353,78,0,78,431
11/10/2004,GRR,MI,AGL,CE,Combined TRACON& Tower with Radar,72,103,107,0,282,0,1,75,0,76,72,104,182,0,358,48,0,48,406
11/11/2004,GRR,MI,AGL,CE,Combined TRACON& Tower with Radar,61,109,83,0,253,0,0,32,0,32,61,109,115,0,285,64,0,64,349
11/12/2004,GRR,MI,AGL,CE,Combined TRACON& Tower with Radar,61,103,70,0,234,0,2,96,0,98,61,105,166,0,332,24,0,24,356
11/13/2004,GRR,MI,AGL,CE,Combined TRACON& Tower with Radar,47,68,41,0,156,0,8,89,0,97,47,76,130,0,253,42,0,42,295
11/14/2004,GRR,MI,AGL,CE,Combined TRACON& Tower with Radar,61,65,35,0,161,0,3,59,0,62,61,68,94,0,223,54,0,54,277
11/15/2004,GRR,MI,AGL,CE,Combined TRACON& Tower with Radar,58,104,60,0,222,0,5,51,0,56,58,109,111,0,278,72,0,72,350
11/16/2004,GRR,MI,AGL,CE,Combined TRACON& Tower with Radar,57,101,100,0,258,0,0,0,0,0,57,101,100,0,258,0,0,0,258
11/17/2004,GRR,MI,AGL,CE,Combined TRACON& Tower with Radar,61,96,65,0,222,0,0,0,0,0,61,96,65,0,222,0,0,0,222
11/18/2004,GRR,MI,AGL,CE,Combined TRACON& Tower with Radar,59,105,123,2,289,0,3,28,0,31,59,108,151,2,320,38,0,38,358
11/19/2004,GRR,MI,AGL,CE,Combined TRACON& Tower with Radar,60,100,71,0,231,0,0,0,0,0,60,100,71,0,231,0,0,0,231
11/20/2004,GRR,MI,AGL,CE,Combined TRACON& Tower with Radar,53,66,31,2,152,0,1,2,0,3,53,67,33,2,155,12,0,12,167
11/21/2004,GRR,MI,AGL,CE,Combined TRACON& Tower with Radar,55,67,37,0,159,0,0,66,0,66,55,67,103,0,225,30,0,30,255
11/22/2004,GRR,MI,AGL,CE,Combined TRACON& Tower with Radar,70,85,94,0,249,0,4,99,0,103,70,89,193,0,352,84,0,84,436
11/23/2004,GRR,MI,AGL,CE,Combined TRACON& Tower with Radar,59,112,101,0,272,0,2,26,0,28,59,114,127,0,300,36,0,36,336
11/24/2004,GRR,MI,AGL,CE,Combined TRACON& Tower with Radar,70,61,47,0,178,8,0,18,0,26,78,61,65,0,204,0,0,0,204
11/25/2004,GRR,MI,AGL,CE,Combined TRACON& Tower with Radar,53,67,19,0,139,0,2,17,0,19,53,69,36,0,158,0,0,0,158
11/26/2004,GRR,MI,AGL,CE,Combined TRACON& Tower with Radar,58,59,31,0,148,0,3,41,0,44,58,62,72,0,192,58,0,58,250
11/27/2004,GRR,MI,AGL,CE,Combined TRACON& Tower with Radar,58,68,11,0,137,0,1,2,0,3,58,69,13,0,140,0,0,0,140
11/28/2004,GRR,MI,AGL,CE,Combined TRACON& Tower with Radar,58,87,45,0,190,0,2,7,0,9,58,89,52,0,199,4,0,4,203
11/29/2004,GRR,MI,AGL,CE,Combined TRACON& Tower with Radar,50,106,71,0,227,0,0,23,0,23,50,106,94,0,250,12,0,12,262
11/30/2004,GRR,MI,AGL,CE,Combined TRACON& Tower with Radar,64,104,75,0,243,0,0,0,0,0,64,104,75,0,243,0,0,0,243
12/01/2004,GRR,MI,AGL,CE,Combined TRACON& Tower with Radar,62,109,83,2,256,0,1,21,0,22,62,110,104,2,278,52,6,58,336
12/02/2004,GRR,MI,AGL,CE,Combined TRACON& Tower with Radar,66,111,127,8,312,0,3,43,0,46,66,114,170,8,358,76,6,82,440
12/03/2004,GRR,MI,AGL,CE,Combined TRACON& Tower with Radar,60,113,98,0,271,0,0,58,0,58,60,113,156,0,329,62,0,62,391
12/04/2004,GRR,MI,AGL,CE,Combined TRACON& Tower with Radar,53,67,52,0,172,0,2,34,0,36,53,69,86,0,208,14,0,14,222
12/05/2004,GRR,MI,AGL,CE,Combined TRACON& Tower with Radar,62,78,33,0,173,0,0,49,0,49,62,78,82,0,222,80,0,80,302
12/06/2004,GRR,MI,AGL,CE,Combined TRACON& Tower with Radar,83,91,63,0,237,0,0,0,0,0,83,91,63,0,237,0,0,0,237
12/07/2004,GRR,MI,AGL,CE,Combined TRACON& Tower with Radar,59,108,79,0,246,0,0,1,0,1,59,108,80,0,247,0,0,0,247
12/08/2004,GRR,MI,AGL,CE,Combined TRACON& Tower with Radar,65,96,131,27,319,0,1,31,0,32,65,97,162,27,351,60,10,70,421
12/09/2004,GRR,MI,AGL,CE,Combined TRACON& Tower with Radar,62,109,107,35,313,0,6,25,0,31,62,115,132,35,344,20,28,48,392
12/10/2004,GRR,MI,AGL,CE,Combined TRACON& Tower with Radar,60,109,57,0,226,0,0,0,0,0,60,109,57,0,226,0,0,0,226
12/11/2004,GRR,MI,AGL,CE,Combined TRACON& Tower with Radar,56,63,40,0,159,0,2,8,0,10,56,65,48,0,169,10,0,10,179
12/12/2004,GRR,MI,AGL,CE,Combined TRACON& Tower with Radar,54,68,24,0,146,0,0,0,0,0,54,68,24,0,146,0,0,0,146
12/13/2004,GRR,MI,AGL,CE,Combined TRACON& Tower with Radar,63,100,87,0,250,0,3,5,0,8,63,103,92,0,258,6,0,6,264
12/14/2004,GRR,MI,AGL,CE,Combined TRACON& Tower with Radar,58,122,98,0,278,0,2,21,0,23,58,124,119,0,301,24,0,24,325
12/15/2004,GRR,MI,AGL,CE,Combined TRACON& Tower with Radar,61,108,184,0,353,0,0,0,0,0,61,108,184,0,353,84,0,84,437
12/16/2004,GRR,MI,AGL,CE,Combined TRACON& Tower with Radar,59,110,89,0,258,0,0,30,0,30,59,110,119,0,288,4,0,4,292
12/17/2004,GRR,MI,AGL,CE,Combined TRACON& Tower with Radar,60,106,73,0,239,0,1,55,0,56,60,107,128,0,295,52,0,52,347
12/18/2004,GRR,MI,AGL,CE,Combined TRACON& Tower with Radar,50,70,13,0,133,0,0,0,0,0,50,70,13,0,133,0,0,0,133
12/19/2004,GRR,MI,AGL,CE,Combined TRACON& Tower with Radar,53,65,14,0,132,0,1,14,0,15,53,66,28,0,147,12,0,12,159
12/20/2004,GRR,MI,AGL,CE,Combined TRACON& Tower with Radar,54,100,63,0,217,0,0,5,0,5,54,100,68,0,222,24,0,24,246
12/21/2004,GRR,MI,AGL,CE,Combined TRACON& Tower with Radar,69,108,95,0,272,0,1,14,0,15,69,109,109,0,287,26,0,26,313
12/22/2004,GRR,MI,AGL,CE,Combined TRACON& Tower with Radar,54,110,74,18,256,0,1,1,0,2,54,111,75,18,258,8,36,44,302
12/23/2004,GRR,MI,AGL,CE,Combined TRACON& Tower with Radar,48,92,45,0,185,0,0,14,0,14,48,92,59,0,199,4,0,4,203
12/24/2004,GRR,MI,AGL,CE,Combined TRACON& Tower with Radar,60,67,33,0,160,0,1,2,0,3,60,68,35,0,163,0,0,0,163
12/25/2004,GRR,MI,AGL,CE,Combined TRACON& Tower with Radar,44,44,12,0,100,0,0,0,0,0,44,44,12,0,100,2,0,2,102
12/26/2004,GRR,MI,AGL,CE,Combined TRACON& Tower with Radar,57,65,23,0,145,0,2,30,0,32,57,67,53,0,177,10,0,10,187
12/27/2004,GRR,MI,AGL,CE,Combined TRACON& Tower with Radar,54,104,56,0,214,0,1,22,0,23,54,105,78,0,237,8,0,8,245
12/28/2004,GRR,MI,AGL,CE,Combined TRACON& Tower with Radar,67,97,54,4,222,0,4,32,0,36,67,101,86,4,258,26,22,48,306
12/29/2004,GRR,MI,AGL,CE,Combined TRACON& Tower with Radar,60,104,69,0,233,0,2,9,0,11,60,106,78,0,244,30,10,40,284
12/30/2004,GRR,MI,AGL,CE,Combined TRACON& Tower with Radar,56,109,46,0,211,0,0,1,0,1,56,109,47,0,212,6,0,6,218
12/31/2004,GRR,MI,AGL,CE,Combined TRACON& Tower with Radar,51,75,23,0,149,0,1,13,0,14,51,76,36,0,163,6,0,6,169
01/01/2005,GRR,MI,AGL,CE,Combined TRACON& Tower with Radar,47,56,27,0,130,0,1,40,0,41,47,57,67,0,171,36,0,36,207
01/02/2005,GRR,MI,AGL,CE,Combined TRACON& Tower with Radar,57,70,37,0,164,0,0,333,0,333,57,70,370,0,497,0,0,0,497
01/03/2005,GRR,MI,AGL,CE,Combined TRACON& Tower with Radar,55,98,43,0,196,0,0,4,0,4,55,98,47,0,200,0,0,0,200
01/04/2005,GRR,MI,AGL,CE,Combined TRACON& Tower with Radar,57,104,48,6,215,0,0,1,0,1,57,104,49,6,216,0,8,8,224
01/05/2005,GRR,MI,AGL,CE,Combined TRACON& Tower with Radar,50,95,62,0,207,0,2,1,0,3,50,97,63,0,210,0,0,0,210
01/06/2005,GRR,MI,AGL,CE,Combined TRACON& Tower with Radar,62,101,53,0,216,0,0,0,0,0,62,101,53,0,216,0,0,0,216
01/07/2005,GRR,MI,AGL,CE,Combined TRACON& Tower with Radar,65,101,67,12,245,0,2,20,0,22,65,103,87,12,267,10,8,18,285
01/08/2005,GRR,MI,AGL,CE,Combined TRACON& Tower with Radar,55,65,26,0,146,0,0,0,0,0,55,65,26,0,146,0,0,0,146
01/09/2005,GRR,MI,AGL,CE,Combined TRACON& Tower with Radar,59,60,33,1,153,0,1,7,0,8,59,61,40,1,161,12,0,12,173
01/10/2005,GRR,MI,AGL,CE,Combined TRACON& Tower with Radar,64,97,95,0,256,0,3,29,0,32,64,100,124,0,288,22,0,22,310
01/11/2005,GRR,MI,AGL,CE,Combined TRACON& Tower with Radar,61,102,70,0,233,0,0,0,0,0,61,102,70,0,233,0,0,0,233
01/12/2005,GRR,MI,AGL,CE,Combined TRACON& Tower with Radar,62,70,56,0,188,0,0,1,0,1,62,70,57,0,189,0,0,0,189
01/13/2005,GRR,MI,AGL,CE,Combined TRACON& Tower with Radar,63,100,87,6,256,0,0,0,0,0,63,100,87,6,256,4,0,4,260
01/14/2005,GRR,MI,AGL,CE,Combined TRACON& Tower with Radar,60,92,97,0,249,0,2,31,0,33,60,94,128,0,282,48,0,48,330
01/15/2005,GRR,MI,AGL,CE,Combined TRACON& Tower with Radar,55,61,35,0,151,0,0,49,0,49,55,61,84,0,200,0,0,0,200
01/16/2005,GRR,MI,AGL,CE,Combined TRACON& Tower with Radar,53,62,15,0,130,0,4,40,0,44,53,66,55,0,174,30,0,30,204
01/17/2005,GRR,MI,AGL,CE,Combined TRACON& Tower with Radar,57,94,72,0,223,0,0,21,0,21,57,94,93,0,244,22,0,22,266
01/18/2005,GRR,MI,AGL,CE,Combined TRACON& Tower with Radar,59,94,96,6,255,0,0,31,0,31,59,94,127,6,286,36,10,46,332
01/19/2005,GRR,MI,AGL,CE,Combined TRACON& Tower with Radar,57,104,80,17,258,0,0,0,1,1,57,104,80,18,259,0,30,30,289
01/20/2005,GRR,MI,AGL,CE,Combined TRACON& Tower with Radar,64,92,94,1,251,0,1,52,0,53,64,93,146,1,304,70,8,78,382
01/21/2005,GRR,MI,AGL,CE,Combined TRACON& Tower with Radar,64,105,80,13,262,0,4,63,2,69,64,109,143,15,331,88,32,120,451
01/22/2005,GRR,MI,AGL,CE,Combined TRACON& Tower with Radar,32,51,17,0,100,0,2,0,0,2,32,53,17,0,102,0,0,0,102
01/23/2005,GRR,MI,AGL,CE,Combined TRACON& Tower with Radar,57,69,23,3,152,0,1,46,2,49,57,70,69,5,201,50,0,50,251
01/24/2005,GRR,MI,AGL,CE,Combined TRACON& Tower with Radar,60,109,75,0,244,0,1,15,0,16,60,110,90,0,260,8,0,8,268
01/25/2005,GRR,MI,AGL,CE,Combined TRACON& Tower with Radar,77,111,101,11,300,0,12,18,1,31,77,123,119,12,331,18,20,38,369
01/26/2005,GRR,MI,AGL,CE,Combined TRACON& Tower with Radar,60,106,73,0,239,0,2,21,0,23,60,108,94,0,262,20,0,20,282
01/27/2005,GRR,MI,AGL,CE,Combined TRACON& Tower with Radar,64,108,89,0,261,0,2,0,0,2,64,110,89,0,263,66,0,66,329
01/28/2005,GRR,MI,AGL,CE,Combined TRACON& Tower with Radar,62,95,72,11,240,0,3,69,0,72,62,98,141,11,312,74,44,118,430
01/29/2005,GRR,MI,AGL,CE,Combined TRACON& Tower with Radar,63,46,40,0,149,0,4,46,0,50,63,50,86,0,199,74,0,74,273
01/30/2005,GRR,MI,AGL,CE,Combined TRACON& Tower with Radar,56,64,23,0,143,0,6,17,0,23,56,70,40,0,166,580,0,580,746
01/31/2005,GRR,MI,AGL,CE,Combined TRACON& Tower with Radar,63,87,73,9,232,0,1,19,1,21,63,88,92,10,253,16,14,30,283
02/01/2005,GRR,MI,AGL,CE,Combined TRACON& Tower with Radar,69,105,83,26,283,0,1,31,0,32,69,106,114,26,315,44,26,70,385
02/02/2005,GRR,MI,AGL,CE,Combined TRACON& Tower with Radar,63,98,81,11,253,0,3,48,2,53,63,101,129,13,306,42,20,62,368
02/03/2005,GRR,MI,AGL,CE,Combined TRACON& Tower with Radar,66,101,95,0,262,0,0,64,0,64,66,101,159,0,326,80,0,80,406
02/04/2005,GRR,MI,AGL,CE,Combined TRACON& Tower with Radar,71,92,78,0,241,0,3,45,0,48,71,95,123,0,289,19,0,19,308
02/05/2005,GRR,MI,AGL,CE,Combined TRACON& Tower with Radar,48,82,42,0,172,0,4,43,0,47,48,86,85,0,219,94,0,94,313
02/06/2005,GRR,MI,AGL,CE,Combined TRACON& Tower with Radar,57,76,44,0,177,0,2,37,0,39,57,78,81,0,216,14,0,14,230
02/07/2005,GRR,MI,AGL,CE,Combined TRACON& Tower with Radar,59,80,57,0,196,0,0,0,0,0,59,80,57,0,196,2,0,2,198
02/08/2005,GRR,MI,AGL,CE,Combined TRACON& Tower with Radar,67,105,79,10,261,0,0,4,0,4,67,105,83,10,265,0,14,14,279
02/09/2005,GRR,MI,AGL,CE,Combined TRACON& Tower with Radar,57,103,80,0,240,0,2,2,0,4,57,105,82,0,244,0,0,0,244
02/10/2005,GRR,MI,AGL,CE,Combined TRACON& Tower with Radar,64,97,99,15,275,0,6,63,0,69,64,103,162,15,344,30,20,50,394
02/11/2005,GRR,MI,AGL,CE,Combined TRACON& Tower with Radar,61,107,52,0,220,0,0,4,0,4,61,107,56,0,224,0,0,0,224
02/12/2005,GRR,MI,AGL,CE,Combined TRACON& Tower with Radar,57,63,24,0,144,0,5,89,0,94,57,68,113,0,238,78,0,78,316
02/13/2005,GRR,MI,AGL,CE,Combined TRACON& Tower with Radar,58,59,24,0,141,0,0,20,0,20,58,59,44,0,161,10,0,10,171
02/14/2005,GRR,MI,AGL,CE,Combined TRACON& Tower with Radar,61,89,62,0,212,0,0,0,0,0,61,89,62,0,212,0,0,0,212
02/15/2005,GRR,MI,AGL,CE,Combined TRACON& Tower with Radar,59,93,92,0,244,0,0,0,0,0,59,93,92,0,244,0,0,0,244
02/16/2005,GRR,MI,AGL,CE,Combined TRACON& Tower with Radar,74,99,96,5,274,0,0,24,1,25,74,99,120,6,299,8,0,8,307
02/17/2005,GRR,MI,AGL,CE,Combined TRACON& Tower with Radar,67,94,101,0,262,0,1,7,0,8,67,95,108,0,270,0,0,0,270
02/18/2005,GRR,MI,AGL,CE,Combined TRACON& Tower with Radar,70,109,92,0,271,0,1,27,0,28,70,110,119,0,299,26,0,26,325
02/19/2005,GRR,MI,AGL,CE,Combined TRACON& Tower with Radar,58,71,43,0,172,0,0,34,0,34,58,71,77,0,206,80,0,80,286
02/20/2005,GRR,MI,AGL,CE,Combined TRACON& Tower with Radar,58,64,25,0,147,0,0,0,0,0,58,64,25,0,147,8,0,8,155
02/21/2005,GRR,MI,AGL,CE,Combined TRACON& Tower with Radar,59,96,68,0,223,0,1,5,0,6,59,97,73,0,229,0,0,0,229
02/22/2005,GRR,MI,AGL,CE,Combined TRACON& Tower with Radar,64,110,66,0,240,0,1,2,0,3,64,111,68,0,243,0,0,0,243
02/23/2005,GRR,MI,AGL,CE,Combined TRACON& Tower with Radar,69,101,64,6,240,0,1,28,0,29,69,102,92,6,269,46,4,50,319
02/24/2005,GRR,MI,AGL,CE,Combined TRACON& Tower with Radar,65,94,108,7,274,0,2,32,0,34,65,96,140,7,308,66,0,66,374
02/25/2005,GRR,MI,AGL,CE,Combined TRACON& Tower with Radar,70,112,86,4,272,0,2,2,0,4,70,114,88,4,276,0,0,0,276
02/26/2005,GRR,MI,AGL,CE,Combined TRACON& Tower with Radar,63,60,26,0,149,0,4,75,0,79,63,64,101,0,228,96,0,96,324
02/27/2005,GRR,MI,AGL,CE,Combined TRACON& Tower with Radar,53,69,37,0,159,0,3,40,0,43,53,72,77,0,202,38,0,38,240
02/28/2005,GRR,MI,AGL,CE,Combined TRACON& Tower with Radar,52,100,49,0,201,0,0,0,0,0,52,100,49,0,201,0,0,0,201
03/01/2005,GRR,MI,AGL,CE,Combined TRACON& Tower with Radar,56,103,58,12,229,0,0,1,0,1,56,103,59,12,230,0,18,18,248
03/02/2005,GRR,MI,AGL,CE,Combined TRACON& Tower with Radar,60,117,110,6,293,0,5,14,0,19,60,122,124,6,312,18,4,22,334
03/03/2005,GRR,MI,AGL,CE,Combined TRACON& Tower with Radar,65,100,103,10,278,0,5,46,1,52,65,105,149,11,330,96,14,110,440
03/04/2005,GRR,MI,AGL,CE,Combined TRACON& Tower with Radar,72,100,69,0,241,0,2,33,0,35,72,102,102,0,276,14,0,14,290
03/05/2005,GRR,MI,AGL,CE,Combined TRACON& Tower with Radar,59,61,44,6,170,0,2,54,0,56,59,63,98,6,226,48,10,58,284
03/06/2005,GRR,MI,AGL,CE,Combined TRACON& Tower with Radar,53,63,37,0,153,0,0,50,0,50,53,63,87,0,203,34,0,34,237
03/07/2005,GRR,MI,AGL,CE,Combined TRACON& Tower with Radar,56,98,45,27,226,0,3,6,0,9,56,101,51,27,235,6,32,38,273
03/08/2005,GRR,MI,AGL,CE,Combined TRACON& Tower with Radar,67,85,105,0,257,0,3,21,0,24,67,88,126,0,281,14,0,14,295
03/09/2005,GRR,MI,AGL,CE,Combined TRACON& Tower with Radar,70,98,124,4,296,0,4,30,1,35,70,102,154,5,331,10,50,60,391
03/10/2005,GRR,MI,AGL,CE,Combined TRACON& Tower with Radar,50,104,83,8,245,0,1,25,0,26,50,105,108,8,271,10,8,18,289
03/11/2005,GRR,MI,AGL,CE,Combined TRACON& Tower with Radar,64,102,87,11,264,0,0,7,0,7,64,102,94,11,271,18,38,56,327
03/12/2005,GRR,MI,AGL,CE,Combined TRACON& Tower with Radar,61,68,54,0,183,0,2,13,0,15,61,70,67,0,198,8,0,8,206
03/13/2005,GRR,MI,AGL,CE,Combined TRACON& Tower with Radar,54,68,48,0,170,0,8,29,0,37,54,76,77,0,207,42,0,42,249
03/14/2005,GRR,MI,AGL,CE,Combined TRACON& Tower with Radar,55,115,83,0,253,0,4,48,0,52,55,119,131,0,305,38,0,38,343
03/15/2005,GRR,MI,AGL,CE,Combined TRACON& Tower with Radar,68,97,101,27,293,0,2,24,1,27,68,99,125,28,320,30,14,44,364
03/16/2005,GRR,MI,AGL,CE,Combined TRACON& Tower with Radar,65,104,117,0,286,0,0,50,0,50,65,104,167,0,336,42,0,42,378
03/17/2005,GRR,MI,AGL,CE,Combined TRACON& Tower with Radar,68,104,106,2,280,0,0,49,0,49,68,104,155,2,329,22,12,34,363
03/18/2005,GRR,MI,AGL,CE,Combined TRACON& Tower with Radar,67,98,115,7,287,0,0,6,0,6,67,98,121,7,293,8,8,16,309
03/19/2005,GRR,MI,AGL,CE,Combined TRACON& Tower with Radar,57,66,17,2,142,0,0,0,0,0,57,66,17,2,142,0,0,0,142
03/20/2005,GRR,MI,AGL,CE,Combined TRACON& Tower with Radar,54,66,24,2,146,0,1,3,0,4,54,67,27,2,150,0,0,0,150
03/21/2005,GRR,MI,AGL,CE,Combined TRACON& Tower with Radar,56,97,95,0,248,0,2,47,0,49,56,99,142,0,297,46,0,46,343
03/22/2005,GRR,MI,AGL,CE,Combined TRACON& Tower with Radar,57,103,116,24,300,0,2,83,0,85,57,105,199,24,385,100,34,134,519
03/23/2005,GRR,MI,AGL,CE,Combined TRACON& Tower with Radar,57,115,113,1,286,0,4,35,0,39,57,119,148,1,325,540,0,540,865
03/24/2005,GRR,MI,AGL,CE,Combined TRACON& Tower with Radar,58,107,130,19,314,0,2,48,0,50,58,109,178,19,364,52,32,84,448
03/25/2005,GRR,MI,AGL,CE,Combined TRACON& Tower with Radar,62,103,73,0,238,0,2,63,0,65,62,105,136,0,303,56,0,56,359
03/26/2005,GRR,MI,AGL,CE,Combined TRACON& Tower with Radar,57,64,38,0,159,0,4,0,0,4,57,68,38,0,163,72,0,72,235
03/27/2005,GRR,MI,AGL,CE,Combined TRACON& Tower with Radar,54,68,21,0,143,0,4,36,0,40,54,72,57,0,183,24,0,24,207
03/28/2005,GRR,MI,AGL,CE,Combined TRACON& Tower with Radar,58,89,90,11,248,0,1,75,1,77,58,90,165,12,325,88,30,118,443
03/29/2005,GRR,MI,AGL,CE,Combined TRACON& Tower with Radar,64,98,92,33,287,0,3,68,0,71,64,101,160,33,358,82,22,104,462
03/30/2005,GRR,MI,AGL,CE,Combined TRACON& Tower with Radar,64,103,95,3,265,0,3,32,6,41,64,106,127,9,306,12,0,12,318
03/31/2005,GRR,MI,AGL,CE,Combined TRACON& Tower with Radar,55,112,93,0,260,0,1,0,0,1,55,113,93,0,261,8,0,8,269
04/01/2005,GRR,MI,AGL,CE,Combined TRACON& Tower with Radar,64,87,75,6,232,0,2,58,2,62,64,89,133,8,294,82,14,96,390
04/02/2005,GRR,MI,AGL,CE,Combined TRACON& Tower with Radar,64,58,29,0,151,0,4,33,0,37,64,62,62,0,188,2,0,2,190
04/03/2005,GRR,MI,AGL,CE,Combined TRACON& Tower with Radar,51,62,31,0,144,0,6,37,0,43,51,68,68,0,187,10,0,10,197
04/04/2005,GRR,MI,AGL,CE,Combined TRACON& Tower with Radar,54,98,68,28,248,0,5,74,3,82,54,103,142,31,330,96,40,136,466
04/05/2005,GRR,MI,AGL,CE,Combined TRACON& Tower with Radar,54,88,68,17,227,0,5,83,3,91,54,93,151,20,318,46,28,74,392
04/06/2005,GRR,MI,AGL,CE,Combined TRACON& Tower with Radar,69,87,70,8,234,0,2,40,1,43,69,89,110,9,277,24,12,36,313
04/07/2005,GRR,MI,AGL,CE,Combined TRACON& Tower with Radar,64,100,83,7,254,0,6,25,1,32,64,106,108,8,286,40,18,58,344
04/08/2005,GRR,MI,AGL,CE,Combined TRACON& Tower with Radar,57,92,72,8,229,0,5,90,1,96,57,97,162,9,325,74,12,86,411
04/09/2005,GRR,MI,AGL,CE,Combined TRACON& Tower with Radar,64,68,95,0,227,0,4,0,0,4,64,72,95,0,231,84,0,84,315
04/10/2005,GRR,MI,AGL,CE,Combined TRACON& Tower with Radar,57,70,43,2,172,0,1,68,0,69,57,71,111,2,241,40,0,40,281
04/11/2005,GRR,MI,AGL,CE,Combined TRACON& Tower with Radar,58,83,59,9,209,0,6,29,1,36,58,89,88,10,245,12,14,26,271
04/12/2005,GRR,MI,AGL,CE,Combined TRACON& Tower with Radar,55,97,80,15,247,0,3,30,0,33,55,100,110,15,280,36,6,42,322
04/13/2005,GRR,MI,AGL,CE,Combined TRACON& Tower with Radar,62,95,105,0,262,0,4,56,0,60,62,99,161,0,322,60,0,60,382
04/14/2005,GRR,MI,AGL,CE,Combined TRACON& Tower with Radar,65,104,100,6,275,0,0,59,2,61,65,104,159,8,336,60,4,64,400
04/15/2005,GRR,MI,AGL,CE,Combined TRACON& Tower with Radar,56,99,81,0,236,0,5,61,0,66,56,104,142,0,302,50,0,50,352
04/16/2005,GRR,MI,AGL,CE,Combined TRACON& Tower with Radar,51,59,34,0,144,0,0,95,0,95,51,59,129,0,239,86,0,86,325
04/17/2005,GRR,MI,AGL,CE,Combined TRACON& Tower with Radar,56,65,37,0,158,0,1,46,0,47,56,66,83,0,205,40,0,40,245
04/18/2005,GRR,MI,AGL,CE,Combined TRACON& Tower with Radar,60,88,89,0,237,0,4,55,0,59,60,92,144,0,296,40,0,40,336
04/19/2005,GRR,MI,AGL,CE,Combined TRACON& Tower with Radar,55,94,93,3,245,0,5,50,1,56,55,99,143,4,301,60,14,74,375
04/20/2005,GRR,MI,AGL,CE,Combined TRACON& Tower with Radar,63,101,96,31,291,0,3,7,2,12,63,104,103,33,303,18,20,38,341
04/21/2005,GRR,MI,AGL,CE,Combined TRACON& Tower with Radar,60,99,95,2,256,0,3,72,0,75,60,102,167,2,331,56,32,88,419
04/22/2005,GRR,MI,AGL,CE,Combined TRACON& Tower with Radar,91,66,80,0,237,0,2,16,0,18,91,68,96,0,255,14,0,14,269
04/23/2005,GRR,MI,AGL,CE,Combined TRACON& Tower with Radar,6,45,11,0,62,54,0,0,0,54,60,45,11,0,116,0,0,0,116
04/24/2005,GRR,MI,AGL,CE,Combined TRACON& Tower with Radar,55,66,23,0,144,0,0,6,0,6,55,66,29,0,150,0,0,0,150
04/25/2005,GRR,MI,AGL,CE,Combined TRACON& Tower with Radar,53,92,95,0,240,0,4,61,0,65,53,96,156,0,305,50,0,50,355
04/26/2005,GRR,MI,AGL,CE,Combined TRACON& Tower with Radar,61,108,98,0,267,0,0,9,0,9,61,108,107,0,276,92,0,92,368
04/27/2005,GRR,MI,AGL,CE,Combined TRACON& Tower with Radar,57,97,101,0,255,1,1,16,0,18,58,98,117,0,273,42,0,42,315
04/28/2005,GRR,MI,AGL,CE,Combined TRACON& Tower with Radar,61,105,97,18,281,0,0,0,0,0,61,105,97,18,281,52,32,84,365
04/29/2005,GRR,MI,AGL,CE,Combined TRACON& Tower with Radar,84,70,71,0,225,0,1,49,0,50,84,71,120,0,275,94,0,94,369
04/30/2005,GRR,MI,AGL,CE,Combined TRACON& Tower with Radar,50,63,43,0,156,0,2,30,0,32,50,65,73,0,188,10,0,10,198
05/01/2005,GRR,MI,AGL,CE,Combined TRACON& Tower with Radar,54,66,30,0,150,0,1,9,0,10,54,67,39,0,160,22,0,22,182
05/02/2005,GRR,MI,AGL,CE,Combined TRACON& Tower with Radar,49,91,64,0,204,0,2,32,0,34,49,93,96,0,238,46,0,46,284
05/03/2005,GRR,MI,AGL,CE,Combined TRACON& Tower with Radar,55,84,101,0,240,0,4,61,0,65,55,88,162,0,305,70,0,70,375
05/04/2005,GRR,MI,AGL,CE,Combined TRACON& Tower with Radar,64,100,111,0,275,0,7,76,0,83,64,107,187,0,358,62,0,62,420
05/05/2005,GRR,MI,AGL,CE,Combined TRACON& Tower with Radar,54,94,103,9,260,0,3,90,0,93,54,97,193,9,353,92,6,98,451
05/06/2005,GRR,MI,AGL,CE,Combined TRACON& Tower with Radar,80,82,76,0,238,0,1,62,0,63,80,83,138,0,301,56,0,56,357
05/07/2005,GRR,MI,AGL,CE,Combined TRACON& Tower with Radar,47,64,33,0,144,0,1,65,0,66,47,65,98,0,210,106,0,106,316
05/08/2005,GRR,MI,AGL,CE,Combined TRACON& Tower with Radar,53,57,33,0,143,0,0,37,0,37,53,57,70,0,180,22,0,22,202
05/09/2005,GRR,MI,AGL,CE,Combined TRACON& Tower with Radar,49,103,81,5,238,0,2,39,0,41,49,105,120,5,279,42,0,42,321
05/10/2005,GRR,MI,AGL,CE,Combined TRACON& Tower with Radar,54,93,95,0,242,0,2,43,0,45,54,95,138,0,287,60,0,60,347
05/11/2005,GRR,MI,AGL,CE,Combined TRACON& Tower with Radar,57,89,127,26,299,0,0,7,17,24,57,89,134,43,323,0,16,16,339
05/12/2005,GRR,MI,AGL,CE,Combined TRACON& Tower with Radar,50,109,113,14,286,0,4,54,0,58,50,113,167,14,344,48,22,70,414
05/13/2005,GRR,MI,AGL,CE,Combined TRACON& Tower with Radar,57,96,50,0,203,0,1,8,0,9,57,97,58,0,212,0,0,0,212
05/14/2005,GRR,MI,AGL,CE,Combined TRACON& Tower with Radar,49,68,40,2,159,0,0,23,0,23,49,68,63,2,182,4,0,4,186
05/15/2005,GRR,MI,AGL,CE,Combined TRACON& Tower with Radar,48,66,45,0,159,0,2,19,0,21,48,68,64,0,180,34,0,34,214
05/16/2005,GRR,MI,AGL,CE,Combined TRACON& Tower with Radar,46,99,117,0,262,0,4,71,0,75,46,103,188,0,337,60,0,60,397
05/17/2005,GRR,MI,AGL,CE,Combined TRACON& Tower with Radar,57,103,101,16,277,0,3,97,0,100,57,106,198,16,377,58,10,68,445
05/18/2005,GRR,MI,AGL,CE,Combined TRACON& Tower with Radar,54,104,117,2,277,0,2,71,1,74,54,106,188,3,351,72,0,72,423
05/19/2005,GRR,MI,AGL,CE,Combined TRACON& Tower with Radar,62,104,112,2,280,0,1,21,0,22,62,105,133,2,302,10,0,10,312
05/20/2005,GRR,MI,AGL,CE,Combined TRACON& Tower with Radar,67,94,70,10,241,0,2,96,1,99,67,96,166,11,340,102,6,108,448
05/21/2005,GRR,MI,AGL,CE,Combined TRACON& Tower with Radar,50,62,33,16,161,0,3,47,1,51,50,65,80,17,212,42,0,42,254
05/22/2005,GRR,MI,AGL,CE,Combined TRACON& Tower with Radar,46,74,35,1,156,0,3,27,0,30,46,77,62,1,186,18,0,18,204
05/23/2005,GRR,MI,AGL,CE,Combined TRACON& Tower with Radar,51,91,94,12,248,0,5,34,0,39,51,96,128,12,287,40,12,52,339
05/24/2005,GRR,MI,AGL,CE,Combined TRACON& Tower with Radar,60,84,133,24,301,0,5,60,2,67,60,89,193,26,368,52,32,84,452
05/25/2005,GRR,MI,AGL,CE,Combined TRACON& Tower with Radar,54,94,122,1,271,0,8,201,1,210,54,102,323,2,481,44,0,44,525
05/26/2005,GRR,MI,AGL,CE,Combined TRACON& Tower with Radar,55,97,105,6,263,0,4,38,0,42,55,101,143,6,305,48,0,48,353
05/27/2005,GRR,MI,AGL,CE,Combined TRACON& Tower with Radar,76,76,75,2,229,0,2,66,2,70,76,78,141,4,299,38,0,38,337
05/28/2005,GRR,MI,AGL,CE,Combined TRACON& Tower with Radar,45,66,17,0,128,1,1,27,0,29,46,67,44,0,157,32,0,32,189
05/29/2005,GRR,MI,AGL,CE,Combined TRACON& Tower with Radar,41,54,23,0,118,0,6,47,0,53,41,60,70,0,171,68,0,68,239
05/30/2005,GRR,MI,AGL,CE,Combined TRACON& Tower with Radar,46,73,23,0,142,0,0,65,0,65,46,73,88,0,207,26,0,26,233
05/31/2005,GRR,MI,AGL,CE,Combined TRACON& Tower with Radar,49,96,78,6,229,0,7,102,0,109,49,103,180,6,338,74,14,88,426
06/01/2005,GRR,MI,AGL,CE,Combined TRACON& Tower with Radar,55,100,106,9,270,0,5,80,0,85,55,105,186,9,355,66,28,94,449
06/02/2005,GRR,MI,AGL,CE,Combined TRACON& Tower with Radar,49,108,95,0,252,0,3,81,0,84,49,111,176,0,336,48,0,48,384
06/03/2005,GRR,MI,AGL,CE,Combined TRACON& Tower with Radar,49,95,98,1,243,0,5,64,0,69,49,100,162,1,312,48,2,50,362
06/04/2005,GRR,MI,AGL,CE,Combined TRACON& Tower with Radar,44,61,37,31,173,0,4,59,3,66,44,65,96,34,239,34,8,42,281
06/05/2005,GRR,MI,AGL,CE,Combined TRACON& Tower with Radar,39,67,23,0,129,0,1,16,0,17,39,68,39,0,146,0,0,0,146
06/06/2005,GRR,MI,AGL,CE,Combined TRACON& Tower with Radar,50,103,80,15,248,0,4,65,0,69,50,107,145,15,317,60,12,72,389
06/07/2005,GRR,MI,AGL,CE,Combined TRACON& Tower with Radar,51,88,122,0,261,0,3,87,0,90,51,91,209,0,351,68,0,68,419
06/08/2005,GRR,MI,AGL,CE,Combined TRACON& Tower with Radar,53,101,96,4,254,0,5,66,1,72,53,106,162,5,326,72,20,92,418
06/09/2005,GRR,MI,AGL,CE,Combined TRACON& Tower with Radar,52,102,129,0,283,0,3,0,0,3,52,105,129,0,286,66,0,66,352
06/10/2005,GRR,MI,AGL,CE,Combined TRACON& Tower with Radar,42,109,91,0,242,0,3,42,0,45,42,112,133,0,287,20,0,20,307
06/11/2005,GRR,MI,AGL,CE,Combined TRACON& Tower with Radar,45,72,33,0,150,0,2,39,0,41,45,74,72,0,191,40,0,40,231
06/12/2005,GRR,MI,AGL,CE,Combined TRACON& Tower with Radar,42,75,49,0,166,0,2,34,0,36,42,77,83,0,202,8,0,8,210
06/13/2005,GRR,MI,AGL,CE,Combined TRACON& Tower with Radar,43,103,99,0,245,0,1,21,0,22,43,104,120,0,267,18,0,18,285
06/14/2005,GRR,MI,AGL,CE,Combined TRACON& Tower with Radar,49,101,82,3,235,0,2,32,1,35,49,103,114,4,270,36,0,36,306
06/15/2005,GRR,MI,AGL,CE,Combined TRACON& Tower with Radar,51,114,116,6,287,0,3,15,0,18,51,117,131,6,305,6,0,6,311
06/16/2005,GRR,MI,AGL,CE,Combined TRACON& Tower with Radar,73,82,105,7,267,0,4,58,0,62,73,86,163,7,329,38,14,52,381
06/17/2005,GRR,MI,AGL,CE,Combined TRACON& Tower with Radar,50,114,96,0,260,0,2,53,0,55,50,116,149,0,315,40,0,40,355
06/18/2005,GRR,MI,AGL,CE,Combined TRACON& Tower with Radar,48,62,52,0,162,0,3,68,0,71,48,65,120,0,233,54,0,54,287
06/19/2005,GRR,MI,AGL,CE,Combined TRACON& Tower with Radar,48,71,39,0,158,0,4,62,0,66,48,75,101,0,224,22,0,22,246
06/20/2005,GRR,MI,AGL,CE,Combined TRACON& Tower with Radar,47,104,125,0,276,0,2,92,0,94,47,106,217,0,370,78,0,78,448
06/21/2005,GRR,MI,AGL,CE,Combined TRACON& Tower with Radar,61,103,109,0,273,0,7,82,0,89,61,110,191,0,362,52,0,52,414
06/22/2005,GRR,MI,AGL,CE,Combined TRACON& Tower with Radar,45,112,124,0,281,0,3,112,0,115,45,115,236,0,396,72,0,72,468
06/23/2005,GRR,MI,AGL,CE,Combined TRACON& Tower with Radar,52,103,121,0,276,0,5,99,0,104,52,108,220,0,380,78,0,78,458
06/24/2005,GRR,MI,AGL,CE,Combined TRACON& Tower with Radar,53,110,88,0,251,0,5,0,0,5,53,115,88,0,256,22,0,22,278
06/25/2005,GRR,MI,AGL,CE,Combined TRACON& Tower with Radar,43,67,32,0,142,0,1,27,0,28,43,68,59,0,170,4,0,4,174
06/26/2005,GRR,MI,AGL,CE,Combined TRACON& Tower with Radar,44,72,26,0,142,0,3,32,0,35,44,75,58,0,177,2,0,2,179
06/27/2005,GRR,MI,AGL,CE,Combined TRACON& Tower with Radar,48,100,105,12,265,0,5,58,0,63,48,105,163,12,328,86,0,86,414
06/28/2005,GRR,MI,AGL,CE,Combined TRACON& Tower with Radar,54,109,123,0,286,0,3,47,0,50,54,112,170,0,336,98,0,98,434
06/29/2005,GRR,MI,AGL,CE,Combined TRACON& Tower with Radar,60,92,112,6,270,0,3,34,0,37,60,95,146,6,307,36,10,46,353
06/30/2005,GRR,MI,AGL,CE,Combined TRACON& Tower with Radar,54,129,83,0,266,0,4,26,0,30,54,133,109,0,296,10,0,10,306
07/01/2005,GRR,MI,AGL,CE,Combined TRACON& Tower with Radar,50,105,77,0,232,0,0,68,0,68,50,105,145,0,300,24,0,24,324
07/02/2005,GRR,MI,AGL,CE,Combined TRACON& Tower with Radar,46,68,36,0,150,0,2,63,0,65,46,70,99,0,215,44,0,44,259
07/03/2005,GRR,MI,AGL,CE,Combined TRACON& Tower with Radar,42,61,15,0,118,0,3,31,0,34,42,64,46,0,152,20,0,20,172
07/04/2005,GRR,MI,AGL,CE,Combined TRACON& Tower with Radar,31,82,18,0,131,0,0,21,0,21,31,82,39,0,152,12,0,12,164
07/05/2005,GRR,MI,AGL,CE,Combined TRACON& Tower with Radar,48,102,80,0,230,0,3,36,0,39,48,105,116,0,269,32,0,32,301
07/06/2005,GRR,MI,AGL,CE,Combined TRACON& Tower with Radar,50,105,89,6,250,0,2,69,1,72,50,107,158,7,322,116,22,138,460
07/07/2005,GRR,MI,AGL,CE,Combined TRACON& Tower with Radar,46,101,102,0,249,0,4,89,0,93,46,105,191,0,342,106,0,106,448
07/08/2005,GRR,MI,AGL,CE,Combined TRACON& Tower with Radar,49,99,75,0,223,0,3,122,0,125,49,102,197,0,348,70,0,70,418
07/09/2005,GRR,MI,AGL,CE,Combined TRACON& Tower with Radar,43,64,33,0,140,0,6,43,0,49,43,70,76,0,189,38,0,38,227
07/10/2005,GRR,MI,AGL,CE,Combined TRACON& Tower with Radar,41,73,36,0,150,0,2,49,0,51,41,75,85,0,201,54,0,54,255
07/11/2005,GRR,MI,AGL,CE,Combined TRACON& Tower with Radar,48,101,100,0,249,0,4,72,0,76,48,105,172,0,325,88,0,88,413
07/12/2005,GRR,MI,AGL,CE,Combined TRACON& Tower with Radar,47,112,78,11,248,0,3,59,0,62,47,115,137,11,310,64,8,72,382
07/13/2005,GRR,MI,AGL,CE,Combined TRACON& Tower with Radar,57,103,83,0,243,0,4,59,0,63,57,107,142,0,306,106,0,106,412
07/14/2005,GRR,MI,AGL,CE,Combined TRACON& Tower with Radar,54,110,88,0,252,0,4,73,0,77,54,114,161,0,329,28,0,28,357
07/15/2005,GRR,MI,AGL,CE,Combined TRACON& Tower with Radar,44,103,87,0,234,0,2,66,0,68,44,105,153,0,302,30,0,30,332
07/16/2005,GRR,MI,AGL,CE,Combined TRACON& Tower with Radar,43,59,24,0,126,0,3,6,0,9,43,62,30,0,135,0,0,0,135
07/17/2005,GRR,MI,AGL,CE,Combined TRACON& Tower with Radar,44,73,53,0,170,0,0,38,0,38,44,73,91,0,208,58,0,58,266
07/18/2005,GRR,MI,AGL,CE,Combined TRACON& Tower with Radar,49,101,99,0,249,0,1,26,0,27,49,102,125,0,276,46,0,46,322
07/19/2005,GRR,MI,AGL,CE,Combined TRACON& Tower with Radar,44,118,126,0,288,0,6,114,0,120,44,124,240,0,408,74,0,74,482
07/20/2005,GRR,MI,AGL,CE,Combined TRACON& Tower with Radar,53,100,80,9,242,0,1,37,1,39,53,101,117,10,281,34,4,38,319
07/21/2005,GRR,MI,AGL,CE,Combined TRACON& Tower with Radar,49,115,108,5,277,0,3,20,1,24,49,118,128,6,301,28,6,34,335
07/22/2005,GRR,MI,AGL,CE,Combined TRACON& Tower with Radar,56,114,100,4,274,0,2,59,1,62,56,116,159,5,336,54,16,70,406
07/23/2005,GRR,MI,AGL,CE,Combined TRACON& Tower with Radar,43,69,46,0,158,0,1,64,0,65,43,70,110,0,223,46,0,46,269
07/24/2005,GRR,MI,AGL,CE,Combined TRACON& Tower with Radar,47,69,39,0,155,0,0,18,0,18,47,69,57,0,173,4,0,4,177
07/25/2005,GRR,MI,AGL,CE,Combined TRACON& Tower with Radar,46,97,106,0,249,0,2,45,0,47,46,99,151,0,296,44,0,44,340
07/26/2005,GRR,MI,AGL,CE,Combined TRACON& Tower with Radar,50,103,116,2,271,0,6,31,0,37,50,109,147,2,308,28,0,28,336
07/27/2005,GRR,MI,AGL,CE,Combined TRACON& Tower with Radar,51,110,157,4,322,0,6,95,1,102,51,116,252,5,424,64,12,76,500
07/28/2005,GRR,MI,AGL,CE,Combined TRACON& Tower with Radar,50,119,104,26,299,0,5,77,0,82,50,124,181,26,381,64,18,82,463
07/29/2005,GRR,MI,AGL,CE,Combined TRACON& Tower with Radar,50,126,110,0,286,0,4,85,0,89,50,130,195,0,375,100,0,100,475
07/30/2005,GRR,MI,AGL,CE,Combined TRACON& Tower with Radar,44,68,50,0,162,0,0,46,0,46,44,68,96,0,208,10,2,12,220
07/31/2005,GRR,MI,AGL,CE,Combined TRACON& Tower with Radar,47,76,46,0,169,0,0,55,0,55,47,76,101,0,224,10,0,10,234
08/01/2005,GRR,MI,AGL,CE,Combined TRACON& Tower with Radar,41,104,64,0,209,0,4,62,0,66,41,108,126,0,275,34,0,34,309
08/02/2005,GRR,MI,AGL,CE,Combined TRACON& Tower with Radar,46,108,101,0,255,0,2,66,0,68,46,110,167,0,323,166,0,166,489
08/03/2005,GRR,MI,AGL,CE,Combined TRACON& Tower with Radar,48,122,103,0,273,0,3,52,0,55,48,125,155,0,328,136,0,136,464
08/04/2005,GRR,MI,AGL,CE,Combined TRACON& Tower with Radar,43,108,90,8,249,0,2,19,10,31,43,110,109,18,280,60,18,78,358
08/05/2005,GRR,MI,AGL,CE,Combined TRACON& Tower with Radar,76,76,78,0,230,0,7,92,0,99,76,83,170,0,329,86,0,86,415
08/06/2005,GRR,MI,AGL,CE,Combined TRACON& Tower with Radar,44,68,38,0,150,0,5,44,0,49,44,73,82,0,199,78,0,78,277
08/07/2005,GRR,MI,AGL,CE,Combined TRACON& Tower with Radar,43,77,52,0,172,0,3,39,0,42,43,80,91,0,214,16,0,16,230
08/08/2005,GRR,MI,AGL,CE,Combined TRACON& Tower with Radar,36,107,96,1,240,0,0,57,0,57,36,107,153,1,297,74,0,74,371
08/09/2005,GRR,MI,AGL,CE,Combined TRACON& Tower with Radar,49,109,103,11,272,0,2,72,0,74,49,111,175,11,346,88,14,102,448
08/10/2005,GRR,MI,AGL,CE,Combined TRACON& Tower with Radar,48,121,90,0,259,0,3,44,0,47,48,124,134,0,306,136,0,136,442
08/11/2005,GRR,MI,AGL,CE,Combined TRACON& Tower with Radar,57,122,106,40,325,0,3,61,6,70,57,125,167,46,395,38,82,120,515
08/12/2005,GRR,MI,AGL,CE,Combined TRACON& Tower with Radar,49,110,58,0,217,0,2,31,0,33,49,112,89,0,250,20,0,20,270
08/13/2005,GRR,MI,AGL,CE,Combined TRACON& Tower with Radar,42,73,49,0,164,0,3,68,0,71,42,76,117,0,235,59,0,59,294
08/14/2005,GRR,MI,AGL,CE,Combined TRACON& Tower with Radar,40,72,28,0,140,0,4,32,0,36,40,76,60,0,176,24,0,24,200
08/15/2005,GRR,MI,AGL,CE,Combined TRACON& Tower with Radar,39,101,74,9,223,0,3,57,0,60,39,104,131,9,283,66,4,70,353
08/16/2005,GRR,MI,AGL,CE,Combined TRACON& Tower with Radar,47,18,97,2,164,0,93,71,0,164,47,111,168,2,328,88,0,88,416
08/17/2005,GRR,MI,AGL,CE,Combined TRACON& Tower with Radar,45,110,115,3,273,0,4,56,0,60,45,114,171,3,333,74,0,74,407
08/18/2005,GRR,MI,AGL,CE,Combined TRACON& Tower with Radar,53,104,110,5,272,0,0,25,0,25,53,104,135,5,297,42,10,52,349
08/19/2005,GRR,MI,AGL,CE,Combined TRACON& Tower with Radar,44,112,79,14,249,0,1,24,0,25,44,113,103,14,274,24,28,52,326
08/20/2005,GRR,MI,AGL,CE,Combined TRACON& Tower with Radar,40,68,26,0,134,0,4,19,0,23,40,72,45,0,157,12,0,12,169
08/21/2005,GRR,MI,AGL,CE,Combined TRACON& Tower with Radar,42,76,42,0,160,0,9,34,0,43,42,85,76,0,203,12,0,12,215
08/22/2005,GRR,MI,AGL,CE,Combined TRACON& Tower with Radar,43,108,92,0,243,0,3,39,0,42,43,111,131,0,285,10,0,10,295
08/23/2005,GRR,MI,AGL,CE,Combined TRACON& Tower with Radar,48,111,112,11,282,0,2,57,0,59,48,113,169,11,341,34,12,46,387
08/24/2005,GRR,MI,AGL,CE,Combined TRACON& Tower with Radar,47,109,127,0,283,0,1,80,0,81,47,110,207,0,364,46,0,46,410
08/25/2005,GRR,MI,AGL,CE,Combined TRACON& Tower with Radar,48,118,102,0,268,0,1,66,0,67,48,119,168,0,335,66,0,66,401
08/26/2005,GRR,MI,AGL,CE,Combined TRACON& Tower with Radar,48,103,77,0,228,0,3,74,0,77,48,106,151,0,305,70,20,90,395
08/27/2005,GRR,MI,AGL,CE,Combined TRACON& Tower with Radar,36,71,39,0,146,0,2,14,0,16,36,73,53,0,162,2,0,2,164
08/28/2005,GRR,MI,AGL,CE,Combined TRACON& Tower with Radar,43,78,30,0,151,0,2,37,0,39,43,80,67,0,190,20,0,20,210
08/29/2005,GRR,MI,AGL,CE,Combined TRACON& Tower with Radar,44,102,103,0,249,0,3,79,0,82,44,105,182,0,331,0,0,0,331
08/30/2005,GRR,MI,AGL,CE,Combined TRACON& Tower with Radar,49,109,103,27,288,0,0,47,0,47,49,109,150,27,335,36,56,92,427
08/31/2005,GRR,MI,AGL,CE,Combined TRACON& Tower with Radar,46,112,110,8,276,0,4,50,0,54,46,116,160,8,330,26,18,44,374
09/01/2005,GRR,MI,AGL,CE,Combined TRACON& Tower with Radar,57,120,115,20,312,0,3,70,0,73,57,123,185,20,385,44,18,62,447
09/02/2005,GRR,MI,AGL,CE,Combined TRACON& Tower with Radar,47,104,79,0,230,0,3,52,0,55,47,107,131,0,285,46,0,46,331
09/03/2005,GRR,MI,AGL,CE,Combined TRACON& Tower with Radar,39,59,28,0,126,0,2,60,0,62,39,61,88,0,188,20,0,20,208
09/04/2005,GRR,MI,AGL,CE,Combined TRACON& Tower with Radar,30,54,27,0,111,0,4,51,0,55,30,58,78,0,166,28,0,28,194
09/05/2005,GRR,MI,AGL,CE,Combined TRACON& Tower with Radar,38,83,36,0,157,0,2,42,0,44,38,85,78,0,201,36,0,36,237
09/06/2005,GRR,MI,AGL,CE,Combined TRACON& Tower with Radar,47,96,79,1,223,0,5,44,1,50,47,101,123,2,273,44,6,50,323
09/07/2005,GRR,MI,AGL,CE,Combined TRACON& Tower with Radar,50,103,102,8,263,0,3,31,0,34,50,106,133,8,297,20,18,38,335
09/08/2005,GRR,MI,AGL,CE,Combined TRACON& Tower with Radar,46,110,128,10,294,0,0,43,0,43,46,110,171,10,337,18,4,22,359
09/09/2005,GRR,MI,AGL,CE,Combined TRACON& Tower with Radar,61,89,89,1,240,0,8,88,1,97,61,97,177,2,337,16,4,20,357
09/10/2005,GRR,MI,AGL,CE,Combined TRACON& Tower with Radar,43,67,41,0,151,0,5,186,0,191,43,72,227,0,342,88,0,88,430
09/11/2005,GRR,MI,AGL,CE,Combined TRACON& Tower with Radar,46,67,32,0,145,0,1,22,0,23,46,68,54,0,168,20,0,20,188
09/12/2005,GRR,MI,AGL,CE,Combined TRACON& Tower with Radar,52,112,99,0,263,0,3,62,0,65,52,115,161,0,328,50,0,50,378
09/13/2005,GRR,MI,AGL,CE,Combined TRACON& Tower with Radar,51,111,66,0,228,0,2,48,0,50,51,113,114,0,278,54,0,54,332
09/14/2005,GRR,MI,AGL,CE,Combined TRACON& Tower with Radar,49,118,103,7,277,0,3,49,0,52,49,121,152,7,329,84,4,88,417
09/15/2005,GRR,MI,AGL,CE,Combined TRACON& Tower with Radar,53,101,117,0,271,0,0,53,31,84,53,101,170,31,355,14,46,60,415
09/16/2005,GRR,MI,AGL,CE,Combined TRACON& Tower with Radar,45,106,106,15,272,0,2,28,1,31,45,108,134,16,303,34,6,40,343
09/17/2005,GRR,MI,AGL,CE,Combined TRACON& Tower with Radar,46,66,44,0,156,0,8,173,0,181,46,74,217,0,337,68,0,68,405
09/18/2005,GRR,MI,AGL,CE,Combined TRACON& Tower with Radar,40,78,48,0,166,0,5,58,0,63,40,83,106,0,229,26,0,26,255
09/19/2005,GRR,MI,AGL,CE,Combined TRACON& Tower with Radar,45,95,77,0,217,0,2,27,0,29,45,97,104,0,246,22,0,22,268
09/20/2005,GRR,MI,AGL,CE,Combined TRACON& Tower with Radar,47,113,104,1,265,0,2,82,1,85,47,115,186,2,350,48,64,112,462
09/21/2005,GRR,MI,AGL,CE,Combined TRACON& Tower with Radar,43,113,127,17,300,0,2,97,2,101,43,115,224,19,401,80,10,90,491
09/22/2005,GRR,MI,AGL,CE,Combined TRACON& Tower with Radar,43,107,77,0,227,0,0,2,0,2,43,107,79,0,229,0,0,0,229
09/23/2005,GRR,MI,AGL,CE,Combined TRACON& Tower with Radar,46,113,102,13,274,0,7,80,0,87,46,120,182,13,361,76,22,98,459
09/24/2005,GRR,MI,AGL,CE,Combined TRACON& Tower with Radar,44,71,45,0,160,0,2,31,0,33,44,73,76,0,193,22,0,22,215
09/25/2005,GRR,MI,AGL,CE,Combined TRACON& Tower with Radar,42,72,58,0,172,0,0,1,0,1,42,72,59,0,173,0,0,0,173
09/26/2005,GRR,MI,AGL,CE,Combined TRACON& Tower with Radar,49,107,103,0,259,0,1,19,0,20,49,108,122,0,279,30,0,30,309
09/27/2005,GRR,MI,AGL,CE,Combined TRACON& Tower with Radar,51,109,92,20,272,0,8,62,7,77,51,117,154,27,349,56,28,84,433
09/28/2005,GRR,MI,AGL,CE,Combined TRACON& Tower with Radar,51,99,94,0,244,0,2,34,0,36,51,101,128,0,280,26,0,26,306
09/29/2005,GRR,MI,AGL,CE,Combined TRACON& Tower with Radar,66,101,89,0,256,0,11,55,0,66,66,112,144,0,322,64,0,64,386
09/30/2005,GRR,MI,AGL,CE,Combined TRACON& Tower with Radar,45,98,100,0,243,0,0,84,0,84,45,98,184,0,327,38,0,38,365
10/01/2005,GRR,MI,AGL,CE,Combined TRACON& Tower with Radar,44,62,35,2,143,0,3,65,0,68,44,65,100,2,211,54,10,64,275
10/02/2005,GRR,MI,AGL,CE,Combined TRACON& Tower with Radar,46,62,64,0,172,0,3,58,0,61,46,65,122,0,233,30,0,30,263
10/03/2005,GRR,MI,AGL,CE,Combined TRACON& Tower with Radar,47,107,101,0,255,0,1,35,0,36,47,108,136,0,291,22,0,22,313
10/04/2005,GRR,MI,AGL,CE,Combined TRACON& Tower with Radar,41,102,117,11,271,0,4,66,0,70,41,106,183,11,341,10,0,10,351
10/05/2005,GRR,MI,AGL,CE,Combined TRACON& Tower with Radar,46,104,109,0,259,0,2,49,0,51,46,106,158,0,310,6,0,6,316
10/06/2005,GRR,MI,AGL,CE,Combined TRACON& Tower with Radar,44,100,94,12,250,0,7,28,5,40,44,107,122,17,290,4,72,76,366
10/07/2005,GRR,MI,AGL,CE,Combined TRACON& Tower with Radar,46,97,93,0,236,0,3,45,0,48,46,100,138,0,284,156,0,156,440
10/08/2005,GRR,MI,AGL,CE,Combined TRACON& Tower with Radar,48,75,29,0,152,0,9,21,0,30,48,84,50,0,182,0,0,0,182
10/09/2005,GRR,MI,AGL,CE,Combined TRACON& Tower with Radar,44,69,48,0,161,0,9,86,0,95,44,78,134,0,256,4,0,4,260
10/10/2005,GRR,MI,AGL,CE,Combined TRACON& Tower with Radar,44,108,87,0,239,0,1,50,0,51,44,109,137,0,290,40,0,40,330
10/11/2005,GRR,MI,AGL,CE,Combined TRACON& Tower with Radar,43,103,142,0,288,0,0,5,0,5,43,103,147,0,293,8,0,8,301
10/12/2005,GRR,MI,AGL,CE,Combined TRACON& Tower with Radar,44,104,134,15,297,0,2,22,0,24,44,106,156,15,321,14,24,38,359
10/13/2005,GRR,MI,AGL,CE,Combined TRACON& Tower with Radar,51,101,104,23,279,0,3,49,0,52,51,104,153,23,331,34,40,74,405
10/14/2005,GRR,MI,AGL,CE,Combined TRACON& Tower with Radar,45,99,89,0,233,0,2,57,0,59,45,101,146,0,292,34,24,58,350
10/15/2005,GRR,MI,AGL,CE,Combined TRACON& Tower with Radar,42,65,36,0,143,0,2,46,0,48,42,67,82,0,191,220,0,220,411
10/16/2005,GRR,MI,AGL,CE,Combined TRACON& Tower with Radar,37,70,55,0,162,0,0,31,0,31,37,70,86,0,193,16,0,16,209
10/17/2005,GRR,MI,AGL,CE,Combined TRACON& Tower with Radar,41,102,78,0,221,0,1,36,0,37,41,103,114,0,258,66,0,66,324
10/18/2005,GRR,MI,AGL,CE,Combined TRACON& Tower with Radar,49,114,97,6,266,0,4,101,6,111,49,118,198,12,377,106,8,114,491
10/19/2005,GRR,MI,AGL,CE,Combined TRACON& Tower with Radar,42,107,118,0,267,0,2,40,0,42,42,109,158,0,309,46,0,46,355
10/20/2005,GRR,MI,AGL,CE,Combined TRACON& Tower with Radar,57,97,120,0,274,0,0,0,0,0,57,97,120,0,274,160,0,160,434
10/21/2005,GRR,MI,AGL,CE,Combined TRACON& Tower with Radar,43,105,79,0,227,0,0,69,0,69,43,105,148,0,296,108,0,108,404
10/22/2005,GRR,MI,AGL,CE,Combined TRACON& Tower with Radar,46,63,30,0,139,0,5,40,0,45,46,68,70,0,184,48,0,48,232
10/23/2005,GRR,MI,AGL,CE,Combined TRACON& Tower with Radar,35,71,33,0,139,0,1,16,0,17,35,72,49,0,156,14,0,14,170
10/24/2005,GRR,MI,AGL,CE,Combined TRACON& Tower with Radar,44,103,81,30,258,0,0,28,0,28,44,103,109,30,286,52,28,80,366
10/25/2005,GRR,MI,AGL,CE,Combined TRACON& Tower with Radar,43,97,116,13,269,0,1,45,0,46,43,98,161,13,315,62,24,86,401
10/26/2005,GRR,MI,AGL,CE,Combined TRACON& Tower with Radar,47,106,98,0,251,0,4,39,0,43,47,110,137,0,294,96,0,96,390
10/27/2005,GRR,MI,AGL,CE,Combined TRACON& Tower with Radar,49,110,96,21,276,0,1,61,2,64,49,111,157,23,340,64,60,124,464
10/28/2005,GRR,MI,AGL,CE,Combined TRACON& Tower with Radar,40,110,86,0,236,0,4,74,0,78,40,114,160,0,314,8,0,8,322
10/29/2005,GRR,MI,AGL,CE,Combined TRACON& Tower with Radar,40,65,44,0,149,0,2,77,0,79,40,67,121,0,228,80,0,80,308
10/30/2005,GRR,MI,AGL,CE,Combined TRACON& Tower with Radar,40,69,35,0,144,0,3,45,0,48,40,72,80,0,192,46,0,46,238
10/31/2005,GRR,MI,AGL,CE,Combined TRACON& Tower with Radar,40,98,65,11,214,6,13,2,0,21,46,111,67,11,235,8,32,40,275
11/01/2005,GRR,MI,AGL,CE,Combined TRACON& Tower with Radar,47,109,128,25,309,0,1,56,1,58,47,110,184,26,367,130,44,174,541
11/02/2005,GRR,MI,AGL,CE,Combined TRACON& Tower with Radar,39,111,105,12,267,0,3,74,0,77,39,114,179,12,344,78,26,104,448
11/03/2005,GRR,MI,AGL,CE,Combined TRACON& Tower with Radar,45,104,88,28,265,0,3,58,5,66,45,107,146,33,331,118,34,152,483
11/04/2005,GRR,MI,AGL,CE,Combined TRACON& Tower with Radar,44,111,64,1,220,0,0,44,0,44,44,111,108,1,264,12,0,12,276
11/05/2005,GRR,MI,AGL,CE,Combined TRACON& Tower with Radar,36,69,48,0,153,0,0,28,0,28,36,69,76,0,181,28,6,34,215
11/06/2005,GRR,MI,AGL,CE,Combined TRACON& Tower with Radar,34,68,25,0,127,0,0,1,0,1,34,68,26,0,128,0,0,0,128
11/07/2005,GRR,MI,AGL,CE,Combined TRACON& Tower with Radar,40,111,71,4,226,0,1,29,0,30,40,112,100,4,256,38,24,62,318
11/08/2005,GRR,MI,AGL,CE,Combined TRACON& Tower with Radar,41,116,120,4,281,0,4,63,0,67,41,120,183,4,348,40,14,54,402
11/09/2005,GRR,MI,AGL,CE,Combined TRACON& Tower with Radar,41,107,80,35,263,0,1,5,0,6,41,108,85,35,269,0,40,40,309
11/10/2005,GRR,MI,AGL,CE,Combined TRACON& Tower with Radar,42,116,103,0,261,0,4,62,0,66,42,120,165,0,327,36,0,36,363
11/11/2005,GRR,MI,AGL,CE,Combined TRACON& Tower with Radar,34,99,74,0,207,0,3,56,0,59,34,102,130,0,266,50,0,50,316
11/12/2005,GRR,MI,AGL,CE,Combined TRACON& Tower with Radar,34,70,27,0,131,0,6,68,0,74,34,76,95,0,205,56,8,64,269
11/13/2005,GRR,MI,AGL,CE,Combined TRACON& Tower with Radar,33,76,34,0,143,0,1,1,0,2,33,77,35,0,145,0,0,0,145
11/14/2005,GRR,MI,AGL,CE,Combined TRACON& Tower with Radar,36,97,89,11,233,0,2,66,0,68,36,99,155,11,301,62,0,62,363
11/15/2005,GRR,MI,AGL,CE,Combined TRACON& Tower with Radar,43,120,69,0,232,0,0,0,0,0,43,120,69,0,232,0,0,0,232
11/16/2005,GRR,MI,AGL,CE,Combined TRACON& Tower with Radar,40,103,60,12,215,0,0,1,0,1,40,103,61,12,216,0,18,18,234
11/17/2005,GRR,MI,AGL,CE,Combined TRACON& Tower with Radar,43,113,79,10,245,0,2,23,0,25,43,115,102,10,270,50,18,68,338
11/18/2005,GRR,MI,AGL,CE,Combined TRACON& Tower with Radar,39,110,70,0,219,0,4,21,0,25,39,114,91,0,244,56,0,56,300
11/19/2005,GRR,MI,AGL,CE,Combined TRACON& Tower with Radar,38,75,28,0,141,0,3,40,0,43,38,78,68,0,184,16,0,16,200
11/20/2005,GRR,MI,AGL,CE,Combined TRACON& Tower with Radar,32,75,36,0,143,0,0,24,0,24,32,75,60,0,167,10,0,10,177
11/21/2005,GRR,MI,AGL,CE,Combined TRACON& Tower with Radar,36,110,109,0,255,0,0,4,0,4,36,110,113,0,259,38,0,38,297
11/22/2005,GRR,MI,AGL,CE,Combined TRACON& Tower with Radar,46,106,70,8,230,5,3,38,0,46,51,109,108,8,276,16,20,36,312
11/23/2005,GRR,MI,AGL,CE,Combined TRACON& Tower with Radar,37,123,51,0,211,0,0,1,0,1,37,123,52,0,212,0,0,0,212
11/24/2005,GRR,MI,AGL,CE,Combined TRACON& Tower with Radar,27,60,8,0,95,0,1,1,0,2,27,61,9,0,97,0,0,0,97
11/25/2005,GRR,MI,AGL,CE,Combined TRACON& Tower with Radar,29,86,49,0,164,0,0,5,0,5,29,86,54,0,169,2,0,2,171
11/26/2005,GRR,MI,AGL,CE,Combined TRACON& Tower with Radar,36,85,30,0,151,0,5,38,0,43,36,90,68,0,194,24,0,24,218
11/27/2005,GRR,MI,AGL,CE,Combined TRACON& Tower with Radar,34,77,44,0,155,0,0,0,0,0,34,77,44,0,155,0,0,0,155
11/28/2005,GRR,MI,AGL,CE,Combined TRACON& Tower with Radar,37,113,68,0,218,0,0,11,0,11,37,113,79,0,229,4,0,4,233
11/29/2005,GRR,MI,AGL,CE,Combined TRACON& Tower with Radar,42,106,74,12,234,0,0,0,0,0,42,106,74,12,234,18,12,30,264
11/30/2005,GRR,MI,AGL,CE,Combined TRACON& Tower with Radar,46,113,83,28,270,0,0,1,1,2,46,113,84,29,272,4,48,52,324
12/01/2005,GRR,MI,AGL,CE,Combined TRACON& Tower with Radar,44,103,82,6,235,0,0,4,0,4,44,103,86,6,239,0,3,3,242
12/02/2005,GRR,MI,AGL,CE,Combined TRACON& Tower with Radar,49,112,65,0,226,0,1,20,0,21,49,113,85,0,247,20,0,20,267
12/03/2005,GRR,MI,AGL,CE,Combined TRACON& Tower with Radar,37,64,58,0,159,0,5,73,0,78,37,69,131,0,237,66,0,66,303
12/04/2005,GRR,MI,AGL,CE,Combined TRACON& Tower with Radar,36,67,31,0,134,0,0,2,0,2,36,67,33,0,136,0,2,2,138
12/05/2005,GRR,MI,AGL,CE,Combined TRACON& Tower with Radar,42,105,106,7,260,0,0,0,0,0,42,105,106,7,260,0,0,0,260
12/06/2005,GRR,MI,AGL,CE,Combined TRACON& Tower with Radar,44,106,98,16,264,0,0,0,0,0,44,106,98,16,264,30,12,42,306
12/07/2005,GRR,MI,AGL,CE,Combined TRACON& Tower with Radar,40,110,109,0,259,0,0,13,0,13,40,110,122,0,272,78,0,78,350
12/08/2005,GRR,MI,AGL,CE,Combined TRACON& Tower with Radar,50,115,110,5,280,0,0,48,0,48,50,115,158,5,328,70,0,70,398
12/09/2005,GRR,MI,AGL,CE,Combined TRACON& Tower with Radar,49,106,83,0,238,0,3,22,0,25,49,109,105,0,263,6,0,6,269
12/10/2005,GRR,MI,AGL,CE,Combined TRACON& Tower with Radar,42,62,47,0,151,0,0,0,0,0,42,62,47,0,151,56,0,56,207
12/11/2005,GRR,MI,AGL,CE,Combined TRACON& Tower with Radar,40,69,24,0,133,0,4,4,0,8,40,73,28,0,141,0,0,0,141
12/12/2005,GRR,MI,AGL,CE,Combined TRACON& Tower with Radar,40,107,82,0,229,0,3,51,0,54,40,110,133,0,283,74,0,74,357
12/13/2005,GRR,MI,AGL,CE,Combined TRACON& Tower with Radar,45,108,119,0,272,0,2,20,0,22,45,110,139,0,294,26,0,26,320
12/14/2005,GRR,MI,AGL,CE,Combined TRACON& Tower with Radar,39,93,68,0,200,0,0,18,0,18,39,93,86,0,218,18,0,18,236
12/15/2005,GRR,MI,AGL,CE,Combined TRACON& Tower with Radar,50,109,70,0,229,0,1,3,0,4,50,110,73,0,233,32,0,32,265
12/16/2005,GRR,MI,AGL,CE,Combined TRACON& Tower with Radar,49,115,47,0,211,0,0,0,0,0,49,115,47,0,211,0,0,0,211
12/17/2005,GRR,MI,AGL,CE,Combined TRACON& Tower with Radar,44,63,24,0,131,0,3,3,0,6,44,66,27,0,137,16,0,16,153
12/18/2005,GRR,MI,AGL,CE,Combined TRACON& Tower with Radar,45,68,33,0,146,0,0,0,0,0,45,68,33,0,146,0,0,0,146
12/19/2005,GRR,MI,AGL,CE,Combined TRACON& Tower with Radar,48,115,105,0,268,0,1,22,0,23,48,116,127,0,291,18,0,18,309
12/20/2005,GRR,MI,AGL,CE,Combined TRACON& Tower with Radar,51,99,117,0,267,0,0,10,0,10,51,99,127,0,277,12,0,12,289
12/21/2005,GRR,MI,AGL,CE,Combined TRACON& Tower with Radar,54,117,89,0,260,0,0,5,0,5,54,117,94,0,265,12,0,12,277
12/22/2005,GRR,MI,AGL,CE,Combined TRACON& Tower with Radar,58,115,72,0,245,0,0,18,0,18,58,115,90,0,263,8,0,8,271
12/23/2005,GRR,MI,AGL,CE,Combined TRACON& Tower with Radar,56,112,33,0,201,0,3,36,0,39,56,115,69,0,240,18,0,18,258
12/24/2005,GRR,MI,AGL,CE,Combined TRACON& Tower with Radar,47,56,7,0,110,0,1,1,0,2,47,57,8,0,112,0,0,0,112
12/25/2005,GRR,MI,AGL,CE,Combined TRACON& Tower with Radar,42,56,15,0,113,0,0,0,0,0,42,56,15,0,113,0,0,0,113
12/26/2005,GRR,MI,AGL,CE,Combined TRACON& Tower with Radar,43,72,34,0,149,0,0,3,0,3,43,72,37,0,152,0,0,0,152
12/27/2005,GRR,MI,AGL,CE,Combined TRACON& Tower with Radar,54,96,46,0,196,0,0,0,0,0,54,96,46,0,196,0,0,0,196
12/28/2005,GRR,MI,AGL,CE,Combined TRACON& Tower with Radar,48,96,37,0,181,0,0,0,0,0,48,96,37,0,181,0,0,0,181
12/29/2005,GRR,MI,AGL,CE,Combined TRACON& Tower with Radar,46,98,52,0,196,0,1,17,0,18,46,99,69,0,214,20,0,20,234
12/30/2005,GRR,MI,AGL,CE,Combined TRACON& Tower with Radar,52,104,41,7,204,0,1,9,0,10,52,105,50,7,214,10,2,12,226
12/31/2005,GRR,MI,AGL,CE,Combined TRACON& Tower with Radar,45,56,20,0,121,0,0,0,0,0,45,56,20,0,121,0,0,0,121
01/01/2006,GRR,MI,AGL,CE,Combined TRACON& Tower with Radar,45,67,47,0,159,0,2,20,0,22,45,69,67,0,181,60,0,60,241
01/02/2006,GRR,MI,AGL,CE,Combined TRACON& Tower with Radar,41,78,30,0,149,0,0,0,0,0,41,78,30,0,149,0,0,0,149
01/03/2006,GRR,MI,AGL,CE,Combined TRACON& Tower with Radar,48,84,55,0,187,0,0,0,0,0,48,84,55,0,187,0,0,0,187
01/04/2006,GRR,MI,AGL,CE,Combined TRACON& Tower with Radar,48,90,63,0,201,0,0,0,0,0,48,90,63,0,201,0,0,0,201
01/05/2006,GRR,MI,AGL,CE,Combined TRACON& Tower with Radar,49,96,67,0,212,0,6,21,0,27,49,102,88,0,239,24,0,24,263
01/06/2006,GRR,MI,AGL,CE,Combined TRACON& Tower with Radar,55,106,70,14,245,0,2,56,0,58,55,108,126,14,303,34,16,50,353
01/07/2006,GRR,MI,AGL,CE,Combined TRACON& Tower with Radar,37,56,9,1,103,0,0,1,0,1,37,56,10,1,104,14,0,14,118
01/08/2006,GRR,MI,AGL,CE,Combined TRACON& Tower with Radar,46,69,49,0,164,0,3,26,0,29,46,72,75,0,193,10,0,10,203
01/09/2006,GRR,MI,AGL,CE,Combined TRACON& Tower with Radar,47,93,67,0,207,0,2,30,0,32,47,95,97,0,239,65,0,65,304
01/10/2006,GRR,MI,AGL,CE,Combined TRACON& Tower with Radar,47,95,105,0,247,0,0,69,4,73,47,95,174,4,320,120,4,124,444
01/11/2006,GRR,MI,AGL,CE,Combined TRACON& Tower with Radar,43,81,89,9,222,0,0,0,0,0,43,81,89,9,222,14,12,26,248
01/12/2006,GRR,MI,AGL,CE,Combined TRACON& Tower with Radar,44,104,99,2,249,0,3,113,0,116,44,107,212,2,365,146,2,148,513
01/13/2006,GRR,MI,AGL,CE,Combined TRACON& Tower with Radar,50,90,51,0,191,0,0,0,0,0,50,90,51,0,191,6,0,6,197
01/14/2006,GRR,MI,AGL,CE,Combined TRACON& Tower with Radar,41,50,46,0,137,0,3,44,13,60,41,53,90,13,197,28,0,28,225
01/15/2006,GRR,MI,AGL,CE,Combined TRACON& Tower with Radar,45,61,54,0,160,0,2,65,0,67,45,63,119,0,227,80,0,80,307
01/16/2006,GRR,MI,AGL,CE,Combined TRACON& Tower with Radar,54,92,73,0,219,0,1,45,0,46,54,93,118,0,265,60,4,64,329
01/17/2006,GRR,MI,AGL,CE,Combined TRACON& Tower with Radar,44,101,68,0,213,0,0,0,0,0,44,101,68,0,213,0,0,0,213
01/18/2006,GRR,MI,AGL,CE,Combined TRACON& Tower with Radar,49,98,80,0,227,0,3,5,0,8,49,101,85,0,235,12,0,12,247
01/19/2006,GRR,MI,AGL,CE,Combined TRACON& Tower with Radar,49,97,107,20,273,0,1,74,0,75,49,98,181,20,348,102,36,138,486
01/20/2006,GRR,MI,AGL,CE,Combined TRACON& Tower with Radar,61,94,67,0,222,0,1,7,3,11,61,95,74,3,233,16,0,16,249
01/21/2006,GRR,MI,AGL,CE,Combined TRACON& Tower with Radar,43,45,34,0,122,0,3,65,0,68,43,48,99,0,190,110,0,110,300
01/22/2006,GRR,MI,AGL,CE,Combined TRACON& Tower with Radar,50,55,52,0,157,0,3,67,0,70,50,58,119,0,227,76,0,76,303
01/23/2006,GRR,MI,AGL,CE,Combined TRACON& Tower with Radar,55,102,91,0,248,0,2,30,0,32,55,104,121,0,280,6,0,6,286
01/24/2006,GRR,MI,AGL,CE,Combined TRACON& Tower with Radar,54,86,73,0,213,0,0,2,0,2,54,86,75,0,215,2,4,6,221
01/25/2006,GRR,MI,AGL,CE,Combined TRACON& Tower with Radar,45,87,102,12,246,0,1,42,2,45,45,88,144,14,291,72,20,92,383
01/26/2006,GRR,MI,AGL,CE,Combined TRACON& Tower with Radar,47,97,123,2,269,0,1,94,0,95,47,98,217,2,364,188,0,188,552
01/27/2006,GRR,MI,AGL,CE,Combined TRACON& Tower with Radar,51,86,68,0,205,0,4,70,0,74,51,90,138,0,279,118,0,118,397
01/28/2006,GRR,MI,AGL,CE,Combined TRACON& Tower with Radar,46,58,29,0,133,0,3,50,0,53,46,61,79,0,186,74,0,74,260
01/29/2006,GRR,MI,AGL,CE,Combined TRACON& Tower with Radar,44,60,49,0,153,0,0,0,0,0,44,60,49,0,153,0,0,0,153
01/30/2006,GRR,MI,AGL,CE,Combined TRACON& Tower with Radar,48,91,81,0,220,0,1,4,0,5,48,92,85,0,225,38,0,38,263
01/31/2006,GRR,MI,AGL,CE,Combined TRACON& Tower with Radar,45,108,84,34,271,0,2,45,0,47,45,110,129,34,318,68,38,106,424
02/01/2006,GRR,MI,AGL,CE,Combined TRACON& Tower with Radar,45,91,81,13,230,0,0,26,2,28,45,91,107,15,258,34,22,56,314
02/02/2006,GRR,MI,AGL,CE,Combined TRACON& Tower with Radar,48,97,106,10,261,0,3,40,0,43,48,100,146,10,304,62,28,90,394
02/03/2006,GRR,MI,AGL,CE,Combined TRACON& Tower with Radar,48,98,76,7,229,0,1,6,0,7,48,99,82,7,236,20,0,20,256
02/04/2006,GRR,MI,AGL,CE,Combined TRACON& Tower with Radar,47,50,23,9,129,0,0,0,0,0,47,50,23,9,129,0,8,8,137
02/05/2006,GRR,MI,AGL,CE,Combined TRACON& Tower with Radar,44,62,19,0,125,0,0,2,0,2,44,62,21,0,127,0,0,0,127
02/06/2006,GRR,MI,AGL,CE,Combined TRACON& Tower with Radar,46,94,78,5,223,0,2,17,0,19,46,96,95,5,242,9,0,9,251
02/07/2006,GRR,MI,AGL,CE,Combined TRACON& Tower with Radar,42,95,96,8,241,0,1,45,1,47,42,96,141,9,288,40,12,52,340
02/08/2006,GRR,MI,AGL,CE,Combined TRACON& Tower with Radar,42,95,107,0,244,0,4,29,0,33,42,99,136,0,277,12,0,12,289
02/09/2006,GRR,MI,AGL,CE,Combined TRACON& Tower with Radar,46,92,116,8,262,0,2,56,1,59,46,94,172,9,321,142,24,166,487
02/10/2006,GRR,MI,AGL,CE,Combined TRACON& Tower with Radar,41,105,78,0,224,1,1,1,0,3,42,106,79,0,227,0,0,0,227
02/11/2006,GRR,MI,AGL,CE,Combined TRACON& Tower with Radar,38,56,27,2,123,0,4,34,0,38,38,60,61,2,161,96,0,96,257
02/12/2006,GRR,MI,AGL,CE,Combined TRACON& Tower with Radar,40,56,43,0,139,0,0,12,0,12,40,56,55,0,151,12,0,12,163
02/13/2006,GRR,MI,AGL,CE,Combined TRACON& Tower with Radar,46,109,88,0,243,0,4,21,0,25,46,113,109,0,268,16,0,16,284
02/14/2006,GRR,MI,AGL,CE,Combined TRACON& Tower with Radar,41,92,95,0,228,0,0,56,0,56,41,92,151,0,284,70,0,70,354
02/15/2006,GRR,MI,AGL,CE,Combined TRACON& Tower with Radar,46,87,114,0,247,0,3,31,0,34,46,90,145,0,281,68,0,68,349
02/16/2006,GRR,MI,AGL,CE,Combined TRACON& Tower with Radar,41,92,63,0,196,0,0,0,0,0,41,92,63,0,196,0,0,0,196
02/17/2006,GRR,MI,AGL,CE,Combined TRACON& Tower with Radar,44,92,79,10,225,0,5,14,0,19,44,97,93,10,244,8,0,8,252
02/18/2006,GRR,MI,AGL,CE,Combined TRACON& Tower with Radar,33,58,31,0,122,0,2,22,0,24,33,60,53,0,146,60,0,60,206
02/19/2006,GRR,MI,AGL,CE,Combined TRACON& Tower with Radar,39,60,30,0,129,0,0,9,0,9,39,60,39,0,138,16,0,16,154
02/20/2006,GRR,MI,AGL,CE,Combined TRACON& Tower with Radar,42,96,60,0,198,0,4,16,0,20,42,100,76,0,218,20,0,20,238
02/21/2006,GRR,MI,AGL,CE,Combined TRACON& Tower with Radar,45,83,99,10,237,0,3,67,1,71,45,86,166,11,308,74,14,88,396
02/22/2006,GRR,MI,AGL,CE,Combined TRACON& Tower with Radar,43,96,147,23,309,0,2,105,0,107,43,98,252,23,416,110,44,154,570
02/23/2006,GRR,MI,AGL,CE,Combined TRACON& Tower with Radar,44,99,97,7,247,0,1,40,0,41,44,100,137,7,288,72,0,72,360
02/24/2006,GRR,MI,AGL,CE,Combined TRACON& Tower with Radar,44,107,91,0,242,0,1,61,0,62,44,108,152,0,304,74,0,74,378
02/25/2006,GRR,MI,AGL,CE,Combined TRACON& Tower with Radar,37,62,31,0,130,0,4,9,0,13,37,66,40,0,143,4,0,4,147
02/26/2006,GRR,MI,AGL,CE,Combined TRACON& Tower with Radar,41,67,42,0,150,0,0,51,0,51,41,67,93,0,201,54,0,54,255
02/27/2006,GRR,MI,AGL,CE,Combined TRACON& Tower with Radar,42,89,91,0,222,0,0,15,0,15,42,89,106,0,237,34,0,34,271
02/28/2006,GRR,MI,AGL,CE,Combined TRACON& Tower with Radar,41,95,91,9,236,0,0,84,0,84,41,95,175,9,320,70,16,86,406
03/01/2006,GRR,MI,AGL,CE,Combined TRACON& Tower with Radar,42,93,109,0,244,0,0,62,0,62,42,93,171,0,306,70,0,70,376
03/02/2006,GRR,MI,AGL,CE,Combined TRACON& Tower with Radar,48,97,81,0,226,0,1,8,0,9,48,98,89,0,235,50,0,50,285
03/03/2006,GRR,MI,AGL,CE,Combined TRACON& Tower with Radar,49,100,95,0,244,0,5,44,0,49,49,105,139,0,293,42,0,42,335
03/04/2006,GRR,MI,AGL,CE,Combined TRACON& Tower with Radar,39,61,38,0,138,0,2,79,0,81,39,63,117,0,219,60,0,60,279
03/05/2006,GRR,MI,AGL,CE,Combined TRACON& Tower with Radar,44,66,43,0,153,0,1,41,0,42,44,67,84,0,195,32,0,32,227
03/06/2006,GRR,MI,AGL,CE,Combined TRACON& Tower with Radar,42,100,75,0,217,0,4,12,0,16,42,104,87,0,233,32,0,32,265
03/07/2006,GRR,MI,AGL,CE,Combined TRACON& Tower with Radar,43,114,103,4,264,0,2,98,0,100,43,116,201,4,364,76,8,84,448
03/08/2006,GRR,MI,AGL,CE,Combined TRACON& Tower with Radar,49,103,90,21,263,0,3,39,1,43,49,106,129,22,306,38,30,68,374
03/09/2006,GRR,MI,AGL,CE,Combined TRACON& Tower with Radar,47,96,67,0,210,0,0,2,0,2,47,96,69,0,212,0,0,0,212
03/10/2006,GRR,MI,AGL,CE,Combined TRACON& Tower with Radar,44,110,121,0,275,0,4,18,0,22,44,114,139,0,297,66,0,66,363
03/11/2006,GRR,MI,AGL,CE,Combined TRACON& Tower with Radar,37,60,38,0,135,0,0,35,0,35,37,60,73,0,170,38,0,38,208
03/12/2006,GRR,MI,AGL,CE,Combined TRACON& Tower with Radar,42,76,42,0,160,0,2,41,0,43,42,78,83,0,203,4,0,4,207
03/13/2006,GRR,MI,AGL,CE,Combined TRACON& Tower with Radar,39,97,58,0,194,0,0,1,0,1,39,97,59,0,195,2,0,2,197
03/14/2006,GRR,MI,AGL,CE,Combined TRACON& Tower with Radar,42,125,71,0,238,0,0,9,0,9,42,125,80,0,247,36,0,36,283
03/15/2006,GRR,MI,AGL,CE,Combined TRACON& Tower with Radar,47,115,107,6,275,0,0,81,0,81,47,115,188,6,356,60,6,66,422
03/16/2006,GRR,MI,AGL,CE,Combined TRACON& Tower with Radar,47,104,96,0,247,0,3,15,0,18,47,107,111,0,265,12,0,12,277
03/17/2006,GRR,MI,AGL,CE,Combined TRACON& Tower with Radar,48,105,70,0,223,0,6,66,0,72,48,111,136,0,295,38,0,38,333
03/18/2006,GRR,MI,AGL,CE,Combined TRACON& Tower with Radar,36,61,33,0,130,0,3,71,0,74,36,64,104,0,204,74,0,74,278
03/19/2006,GRR,MI,AGL,CE,Combined TRACON& Tower with Radar,39,70,50,0,159,0,1,66,0,67,39,71,116,0,226,62,0,62,288
03/20/2006,GRR,MI,AGL,CE,Combined TRACON& Tower with Radar,45,96,103,11,255,0,6,77,0,83,45,102,180,11,338,86,26,112,450
03/21/2006,GRR,MI,AGL,CE,Combined TRACON& Tower with Radar,43,97,129,0,269,0,2,54,0,56,43,99,183,0,325,42,0,42,367
03/22/2006,GRR,MI,AGL,CE,Combined TRACON& Tower with Radar,41,107,94,2,244,0,2,26,0,28,41,109,120,2,272,38,0,38,310
03/23/2006,GRR,MI,AGL,CE,Combined TRACON& Tower with Radar,48,104,113,2,267,0,20,40,1,61,48,124,153,3,328,60,14,74,402
03/24/2006,GRR,MI,AGL,CE,Combined TRACON& Tower with Radar,52,98,72,0,222,2,3,22,0,27,54,101,94,0,249,28,0,28,277
03/25/2006,GRR,MI,AGL,CE,Combined TRACON& Tower with Radar,37,62,33,0,132,0,1,24,0,25,37,63,57,0,157,26,0,26,183
03/26/2006,GRR,MI,AGL,CE,Combined TRACON& Tower with Radar,39,72,65,0,176,0,3,77,0,80,39,75,142,0,256,112,0,112,368
03/27/2006,GRR,MI,AGL,CE,Combined TRACON& Tower with Radar,43,91,88,0,222,0,1,52,0,53,43,92,140,0,275,70,0,70,345
03/28/2006,GRR,MI,AGL,CE,Combined TRACON& Tower with Radar,46,109,144,12,311,0,6,16,0,22,46,115,160,12,333,84,18,102,435
03/29/2006,GRR,MI,AGL,CE,Combined TRACON& Tower with Radar,44,103,139,0,286,0,1,28,0,29,44,104,167,0,315,58,0,58,373
03/30/2006,GRR,MI,AGL,CE,Combined TRACON& Tower with Radar,50,109,110,0,269,0,1,85,0,86,50,110,195,0,355,62,0,62,417
03/31/2006,GRR,MI,AGL,CE,Combined TRACON& Tower with Radar,50,92,70,0,212,0,0,11,0,11,50,92,81,0,223,4,0,4,227
04/01/2006,GRR,MI,AGL,CE,Combined TRACON& Tower with Radar,41,52,53,0,146,0,1,24,0,25,41,53,77,0,171,54,0,54,225
04/02/2006,GRR,MI,AGL,CE,Combined TRACON& Tower with Radar,52,70,28,0,150,0,2,2,0,4,52,72,30,0,154,0,0,0,154
04/03/2006,GRR,MI,AGL,CE,Combined TRACON& Tower with Radar,44,91,51,0,186,0,1,9,0,10,44,92,60,0,196,18,0,18,214
04/04/2006,GRR,MI,AGL,CE,Combined TRACON& Tower with Radar,42,96,61,0,199,0,3,28,0,31,42,99,89,0,230,58,2,60,290
04/05/2006,GRR,MI,AGL,CE,Combined TRACON& Tower with Radar,43,108,105,0,256,0,4,51,0,55,43,112,156,0,311,62,0,62,373
04/06/2006,GRR,MI,AGL,CE,Combined TRACON& Tower with Radar,46,100,95,3,244,0,2,64,1,67,46,102,159,4,311,62,2,64,375
04/07/2006,GRR,MI,AGL,CE,Combined TRACON& Tower with Radar,49,97,63,0,209,0,2,5,0,7,49,99,68,0,216,4,0,4,220
04/08/2006,GRR,MI,AGL,CE,Combined TRACON& Tower with Radar,41,67,56,0,164,0,4,77,0,81,41,71,133,0,245,68,0,68,313
04/09/2006,GRR,MI,AGL,CE,Combined TRACON& Tower with Radar,43,80,77,0,200,0,0,63,0,63,43,80,140,0,263,38,0,38,301
04/10/2006,GRR,MI,AGL,CE,Combined TRACON& Tower with Radar,41,106,109,0,256,0,1,71,0,72,41,107,180,0,328,54,0,54,382
04/11/2006,GRR,MI,AGL,CE,Combined TRACON& Tower with Radar,46,103,99,5,253,0,3,42,1,46,46,106,141,6,299,34,0,34,333
04/12/2006,GRR,MI,AGL,CE,Combined TRACON& Tower with Radar,45,103,100,2,250,0,2,18,0,20,45,105,118,2,270,21,0,21,291
04/13/2006,GRR,MI,AGL,CE,Combined TRACON& Tower with Radar,42,107,91,0,240,0,1,51,0,52,42,108,142,0,292,36,0,36,328
04/14/2006,GRR,MI,AGL,CE,Combined TRACON& Tower with Radar,45,99,61,0,205,0,5,56,0,61,45,104,117,0,266,40,0,40,306
04/15/2006,GRR,MI,AGL,CE,Combined TRACON& Tower with Radar,36,54,47,1,138,0,10,134,0,144,36,64,181,1,282,50,0,50,332
04/16/2006,GRR,MI,AGL,CE,Combined TRACON& Tower with Radar,37,66,16,0,119,0,2,11,0,13,37,68,27,0,132,2,0,2,134
04/17/2006,GRR,MI,AGL,CE,Combined TRACON& Tower with Radar,41,97,109,1,248,0,1,65,0,66,41,98,174,1,314,64,0,64,378
04/18/2006,GRR,MI,AGL,CE,Combined TRACON& Tower with Radar,44,103,120,0,267,0,4,95,3,102,44,107,215,3,369,76,0,76,445
04/19/2006,GRR,MI,AGL,CE,Combined TRACON& Tower with Radar,48,99,133,0,280,0,1,84,0,85,48,100,217,0,365,0,0,0,365
04/20/2006,GRR,MI,AGL,CE,Combined TRACON& Tower with Radar,48,111,114,1,274,0,3,67,0,70,48,114,181,1,344,36,0,36,380
04/21/2006,GRR,MI,AGL,CE,Combined TRACON& Tower with Radar,42,104,81,6,233,0,1,79,54,134,42,105,160,60,367,84,0,84,451
04/22/2006,GRR,MI,AGL,CE,Combined TRACON& Tower with Radar,41,67,41,0,149,0,4,52,0,56,41,71,93,0,205,114,0,114,319
04/23/2006,GRR,MI,AGL,CE,Combined TRACON& Tower with Radar,42,74,36,0,152,0,4,15,0,19,42,78,51,0,171,34,0,34,205
04/24/2006,GRR,MI,AGL,CE,Combined TRACON& Tower with Radar,42,107,87,0,236,0,0,44,0,44,42,107,131,0,280,90,0,90,370
04/25/2006,GRR,MI,AGL,CE,Combined TRACON& Tower with Radar,43,107,94,1,245,0,1,34,1,36,43,108,128,2,281,92,2,94,375
04/26/2006,GRR,MI,AGL,CE,Combined TRACON& Tower with Radar,45,112,108,1,266,0,0,71,0,71,45,112,179,1,337,86,0,86,423
04/27/2006,GRR,MI,AGL,CE,Combined TRACON& Tower with Radar,55,125,91,11,282,0,2,84,0,86,55,127,175,11,368,34,12,46,414
04/28/2006,GRR,MI,AGL,CE,Combined TRACON& Tower with Radar,44,107,90,0,241,0,2,110,0,112,44,109,200,0,353,54,0,54,407
04/29/2006,GRR,MI,AGL,CE,Combined TRACON& Tower with Radar,40,60,23,0,123,0,1,44,0,45,40,61,67,0,168,38,0,38,206
04/30/2006,GRR,MI,AGL,CE,Combined TRACON& Tower with Radar,39,74,32,0,145,0,2,10,0,12,39,76,42,0,157,0,0,0,157
05/01/2006,GRR,MI,AGL,CE,Combined TRACON& Tower with Radar,41,96,125,6,268,0,3,41,2,46,41,99,166,8,314,84,0,84,398
05/02/2006,GRR,MI,AGL,CE,Combined TRACON& Tower with Radar,39,102,81,0,222,0,0,4,0,4,39,102,85,0,226,2,0,2,228
05/03/2006,GRR,MI,AGL,CE,Combined TRACON& Tower with Radar,44,105,122,11,282,0,5,67,1,73,44,110,189,12,355,66,24,90,445
05/04/2006,GRR,MI,AGL,CE,Combined TRACON& Tower with Radar,37,123,112,4,276,0,0,69,0,69,37,123,181,4,345,44,4,48,393
05/05/2006,GRR,MI,AGL,CE,Combined TRACON& Tower with Radar,39,109,91,13,252,0,0,59,2,61,39,109,150,15,313,70,20,90,403
05/06/2006,GRR,MI,AGL,CE,Combined TRACON& Tower with Radar,34,70,35,0,139,0,9,72,0,81,34,79,107,0,220,53,0,53,273
05/07/2006,GRR,MI,AGL,CE,Combined TRACON& Tower with Radar,33,72,32,0,137,0,4,50,0,54,33,76,82,0,191,22,0,22,213
05/08/2006,GRR,MI,AGL,CE,Combined TRACON& Tower with Radar,36,101,68,13,218,0,6,66,2,74,36,107,134,15,292,74,44,118,410
05/09/2006,GRR,MI,AGL,CE,Combined TRACON& Tower with Radar,41,105,90,0,236,0,2,74,0,76,41,107,164,0,312,108,0,108,420
05/10/2006,GRR,MI,AGL,CE,Combined TRACON& Tower with Radar,40,120,108,5,273,0,4,25,0,29,40,124,133,5,302,42,2,44,346
05/11/2006,GRR,MI,AGL,CE,Combined TRACON& Tower with Radar,46,118,91,0,255,0,0,0,0,0,46,118,91,0,255,0,0,0,255
05/12/2006,GRR,MI,AGL,CE,Combined TRACON& Tower with Radar,30,131,86,0,247,0,1,2,0,3,30,132,88,0,250,10,0,10,260
05/13/2006,GRR,MI,AGL,CE,Combined TRACON& Tower with Radar,38,65,40,0,143,0,0,0,0,0,38,65,40,0,143,8,0,8,151
05/14/2006,GRR,MI,AGL,CE,Combined TRACON& Tower with Radar,42,62,20,0,124,0,0,0,0,0,42,62,20,0,124,4,0,4,128
05/15/2006,GRR,MI,AGL,CE,Combined TRACON& Tower with Radar,37,105,101,0,243,0,2,12,0,14,37,107,113,0,257,16,0,16,273
05/16/2006,GRR,MI,AGL,CE,Combined TRACON& Tower with Radar,39,117,133,15,304,0,1,31,1,33,39,118,164,16,337,108,36,144,481
05/17/2006,GRR,MI,AGL,CE,Combined TRACON& Tower with Radar,41,108,110,0,259,0,2,80,0,82,41,110,190,0,341,74,0,74,415
05/18/2006,GRR,MI,AGL,CE,Combined TRACON& Tower with Radar,40,120,108,4,272,0,0,47,1,48,40,120,155,5,320,100,10,110,430
05/19/2006,GRR,MI,AGL,CE,Combined TRACON& Tower with Radar,39,105,91,0,235,0,1,48,0,49,39,106,139,0,284,134,0,134,418
05/20/2006,GRR,MI,AGL,CE,Combined TRACON& Tower with Radar,33,66,42,1,142,0,0,44,0,44,33,66,86,1,186,72,0,72,258
05/21/2006,GRR,MI,AGL,CE,Combined TRACON& Tower with Radar,36,63,36,0,135,0,0,13,0,13,36,63,49,0,148,10,0,10,158
05/22/2006,GRR,MI,AGL,CE,Combined TRACON& Tower with Radar,41,107,96,0,244,0,3,0,0,3,41,110,96,0,247,96,0,96,343
05/23/2006,GRR,MI,AGL,CE,Combined TRACON& Tower with Radar,38,102,143,12,295,0,7,103,2,112,38,109,246,14,407,94,40,134,541
05/24/2006,GRR,MI,AGL,CE,Combined TRACON& Tower with Radar,44,130,114,17,305,0,1,38,8,47,44,131,152,25,352,64,48,112,464
05/25/2006,GRR,MI,AGL,CE,Combined TRACON& Tower with Radar,4,109,129,0,242,40,2,29,0,71,44,111,158,0,313,76,0,76,389
05/26/2006,GRR,MI,AGL,CE,Combined TRACON& Tower with Radar,38,104,98,0,240,0,4,38,1,43,38,108,136,1,283,22,0,22,305
05/27/2006,GRR,MI,AGL,CE,Combined TRACON& Tower with Radar,35,68,36,0,139,0,3,0,0,3,35,71,36,0,142,18,0,18,160
05/28/2006,GRR,MI,AGL,CE,Combined TRACON& Tower with Radar,30,54,20,0,104,0,3,29,0,32,30,57,49,0,136,4,0,4,140
05/29/2006,GRR,MI,AGL,CE,Combined TRACON& Tower with Radar,41,73,36,0,150,0,3,36,0,39,41,76,72,0,189,22,0,22,211
05/30/2006,GRR,MI,AGL,CE,Combined TRACON& Tower with Radar,42,104,95,17,258,0,1,27,1,29,42,105,122,18,287,82,34,116,403
05/31/2006,GRR,MI,AGL,CE,Combined TRACON& Tower with Radar,43,111,121,2,277,0,5,15,2,22,43,116,136,4,299,28,0,28,327
06/01/2006,GRR,MI,AGL,CE,Combined TRACON& Tower with Radar,51,104,106,0,261,0,4,82,0,86,51,108,188,0,347,106,0,106,453
06/02/2006,GRR,MI,AGL,CE,Combined TRACON& Tower with Radar,41,101,79,0,221,0,3,51,0,54,41,104,130,0,275,60,0,60,335
06/03/2006,GRR,MI,AGL,CE,Combined TRACON& Tower with Radar,37,66,27,1,131,0,3,93,1,97,37,69,120,2,228,32,0,32,260
06/04/2006,GRR,MI,AGL,CE,Combined TRACON& Tower with Radar,36,67,40,0,143,0,0,46,0,46,36,67,86,0,189,20,0,20,209
06/05/2006,GRR,MI,AGL,CE,Combined TRACON& Tower with Radar,38,102,93,0,233,0,1,63,0,64,38,103,156,0,297,36,0,36,333
06/06/2006,GRR,MI,AGL,CE,Combined TRACON& Tower with Radar,39,111,78,12,240,0,4,68,0,72,39,115,146,12,312,84,30,114,426
06/07/2006,GRR,MI,AGL,CE,Combined TRACON& Tower with Radar,40,120,123,9,292,0,0,34,1,35,40,120,157,10,327,38,8,46,373
06/08/2006,GRR,MI,AGL,CE,Combined TRACON& Tower with Radar,46,113,139,2,300,0,6,103,1,110,46,119,242,3,410,84,8,92,502
06/09/2006,GRR,MI,AGL,CE,Combined TRACON& Tower with Radar,41,102,77,0,220,0,5,77,0,82,41,107,154,0,302,124,0,124,426
06/10/2006,GRR,MI,AGL,CE,Combined TRACON& Tower with Radar,39,56,54,0,149,0,2,185,0,187,39,58,239,0,336,66,0,66,402
06/11/2006,GRR,MI,AGL,CE,Combined TRACON& Tower with Radar,36,70,41,0,147,0,2,49,0,51,36,72,90,0,198,50,0,50,248
06/12/2006,GRR,MI,AGL,CE,Combined TRACON& Tower with Radar,50,101,70,0,221,0,3,57,0,60,50,104,127,0,281,56,0,56,337
06/13/2006,GRR,MI,AGL,CE,Combined TRACON& Tower with Radar,43,105,92,10,250,0,2,56,2,60,43,107,148,12,310,86,10,96,406
06/14/2006,GRR,MI,AGL,CE,Combined TRACON& Tower with Radar,42,117,121,3,283,0,1,82,1,84,42,118,203,4,367,104,32,136,503
06/15/2006,GRR,MI,AGL,CE,Combined TRACON& Tower with Radar,44,114,133,0,291,0,2,71,0,73,44,116,204,0,364,74,0,74,438
06/16/2006,GRR,MI,AGL,CE,Combined TRACON& Tower with Radar,43,115,60,20,238,0,4,54,0,58,43,119,114,20,296,36,42,78,374
06/17/2006,GRR,MI,AGL,CE,Combined TRACON& Tower with Radar,32,56,44,0,132,0,3,64,0,67,32,59,108,0,199,32,0,32,231
06/18/2006,GRR,MI,AGL,CE,Combined TRACON& Tower with Radar,34,67,27,0,128,0,3,5,0,8,34,70,32,0,136,20,0,20,156
06/19/2006,GRR,MI,AGL,CE,Combined TRACON& Tower with Radar,43,105,94,12,254,1,1,40,0,42,44,106,134,12,296,66,28,94,390
06/20/2006,GRR,MI,AGL,CE,Combined TRACON& Tower with Radar,45,114,100,0,259,0,7,96,2,105,45,121,196,2,364,26,0,26,390
06/21/2006,GRR,MI,AGL,CE,Combined TRACON& Tower with Radar,35,116,66,0,217,0,2,24,0,26,35,118,90,0,243,0,0,0,243
06/22/2006,GRR,MI,AGL,CE,Combined TRACON& Tower with Radar,43,121,108,7,279,0,1,73,0,74,43,122,181,7,353,88,12,100,453
06/23/2006,GRR,MI,AGL,CE,Combined TRACON& Tower with Radar,30,100,95,0,225,0,4,99,0,103,30,104,194,0,328,100,0,100,428
06/24/2006,GRR,MI,AGL,CE,Combined TRACON& Tower with Radar,36,56,32,0,124,0,4,74,0,78,36,60,106,0,202,68,0,68,270
06/25/2006,GRR,MI,AGL,CE,Combined TRACON& Tower with Radar,31,68,36,0,135,0,1,46,0,47,31,69,82,0,182,50,0,50,232
06/26/2006,GRR,MI,AGL,CE,Combined TRACON& Tower with Radar,45,106,117,0,268,0,2,55,0,57,45,108,172,0,325,28,0,28,353
06/27/2006,GRR,MI,AGL,CE,Combined TRACON& Tower with Radar,41,110,89,12,252,0,5,65,0,70,41,115,154,12,322,74,18,92,414
06/28/2006,GRR,MI,AGL,CE,Combined TRACON& Tower with Radar,42,112,74,0,228,0,2,42,0,44,42,114,116,0,272,58,0,58,330
06/29/2006,GRR,MI,AGL,CE,Combined TRACON& Tower with Radar,43,108,104,15,270,0,0,71,2,73,43,108,175,17,343,120,26,146,489
06/30/2006,GRR,MI,AGL,CE,Combined TRACON& Tower with Radar,40,107,83,5,235,0,2,79,1,82,40,109,162,6,317,92,12,104,421
07/01/2006,GRR,MI,AGL,CE,Combined TRACON& Tower with Radar,37,85,34,0,156,0,6,32,0,38,37,91,66,0,194,20,0,20,214
07/02/2006,GRR,MI,AGL,CE,Combined TRACON& Tower with Radar,34,60,9,0,103,0,1,23,0,24,34,61,32,0,127,24,0,24,151
07/03/2006,GRR,MI,AGL,CE,Combined TRACON& Tower with Radar,31,80,25,0,136,0,7,40,0,47,31,87,65,0,183,44,0,44,227
07/04/2006,GRR,MI,AGL,CE,Combined TRACON& Tower with Radar,29,64,12,0,105,0,5,28,0,33,29,69,40,0,138,38,4,42,180
07/05/2006,GRR,MI,AGL,CE,Combined TRACON& Tower with Radar,42,104,69,4,219,0,1,73,0,74,42,105,142,4,293,84,8,92,385
07/06/2006,GRR,MI,AGL,CE,Combined TRACON& Tower with Radar,43,103,92,26,264,0,6,86,1,93,43,109,178,27,357,110,56,166,523
07/07/2006,GRR,MI,AGL,CE,Combined TRACON& Tower with Radar,43,100,70,0,213,0,0,106,0,106,43,100,176,0,319,104,0,104,423
07/08/2006,GRR,MI,AGL,CE,Combined TRACON& Tower with Radar,39,80,34,0,153,0,3,55,0,58,39,83,89,0,211,50,0,50,261
07/09/2006,GRR,MI,AGL,CE,Combined TRACON& Tower with Radar,37,63,23,0,123,0,4,25,2,31,37,67,48,2,154,2,0,2,156
07/10/2006,GRR,MI,AGL,CE,Combined TRACON& Tower with Radar,37,102,102,0,241,0,2,56,0,58,37,104,158,0,299,16,0,16,315
07/11/2006,GRR,MI,AGL,CE,Combined TRACON& Tower with Radar,51,102,87,1,241,0,1,19,1,21,51,103,106,2,262,0,4,4,266
07/12/2006,GRR,MI,AGL,CE,Combined TRACON& Tower with Radar,47,104,119,8,278,0,0,31,2,33,47,104,150,10,311,104,16,120,431
07/13/2006,GRR,MI,AGL,CE,Combined TRACON& Tower with Radar,51,102,81,6,240,0,7,86,0,93,51,109,167,6,333,116,0,116,449
07/14/2006,GRR,MI,AGL,CE,Combined TRACON& Tower with Radar,46,101,63,0,210,0,1,37,2,40,46,102,100,2,250,52,2,54,304
07/15/2006,GRR,MI,AGL,CE,Combined TRACON& Tower with Radar,39,64,44,2,149,0,3,44,0,47,39,67,88,2,196,32,2,34,230
07/16/2006,GRR,MI,AGL,CE,Combined TRACON& Tower with Radar,35,71,60,0,166,0,2,30,0,32,35,73,90,0,198,10,0,10,208
07/17/2006,GRR,MI,AGL,CE,Combined TRACON& Tower with Radar,33,93,63,0,189,0,3,39,1,43,33,96,102,1,232,96,0,96,328
07/18/2006,GRR,MI,AGL,CE,Combined TRACON& Tower with Radar,45,111,85,2,243,0,4,55,2,61,45,115,140,4,304,86,8,94,398
07/19/2006,GRR,MI,AGL,CE,Combined TRACON& Tower with Radar,45,109,99,16,269,0,5,71,0,76,45,114,170,16,345,78,18,96,441
07/20/2006,GRR,MI,AGL,CE,Combined TRACON& Tower with Radar,36,101,71,5,213,0,1,52,3,56,36,102,123,8,269,30,14,44,313
07/21/2006,GRR,MI,AGL,CE,Combined TRACON& Tower with Radar,44,108,80,4,236,0,3,77,3,83,44,111,157,7,319,22,16,38,357
07/22/2006,GRR,MI,AGL,CE,Combined TRACON& Tower with Radar,41,54,20,0,115,3,1,39,0,43,44,55,59,0,158,6,4,10,168
07/23/2006,GRR,MI,AGL,CE,Combined TRACON& Tower with Radar,36,68,26,0,130,0,1,60,0,61,36,69,86,0,191,30,4,34,225
07/24/2006,GRR,MI,AGL,CE,Combined TRACON& Tower with Radar,40,101,66,0,207,0,39,38,1,78,40,140,104,1,285,74,0,74,359
07/25/2006,GRR,MI,AGL,CE,Combined TRACON& Tower with Radar,44,106,75,0,225,0,2,46,0,48,44,108,121,0,273,24,0,24,297
07/26/2006,GRR,MI,AGL,CE,Combined TRACON& Tower with Radar,53,103,107,0,263,0,0,34,0,34,53,103,141,0,297,46,0,46,343
07/27/2006,GRR,MI,AGL,CE,Combined TRACON& Tower with Radar,39,103,106,3,251,0,2,25,0,27,39,105,131,3,278,46,8,54,332
07/28/2006,GRR,MI,AGL,CE,Combined TRACON& Tower with Radar,48,112,134,0,294,0,4,60,0,64,48,116,194,0,358,42,0,42,400
07/29/2006,GRR,MI,AGL,CE,Combined TRACON& Tower with Radar,40,59,38,0,137,0,4,54,0,58,40,63,92,0,195,94,0,94,289
07/30/2006,GRR,MI,AGL,CE,Combined TRACON& Tower with Radar,35,68,32,0,135,0,0,14,0,14,35,68,46,0,149,12,0,12,161
07/31/2006,GRR,MI,AGL,CE,Combined TRACON& Tower with Radar,44,120,92,0,256,0,5,56,0,61,44,125,148,0,317,80,0,80,397
08/01/2006,GRR,MI,AGL,CE,Combined TRACON& Tower with Radar,45,106,71,0,222,0,0,59,1,60,45,106,130,1,282,50,2,52,334
08/02/2006,GRR,MI,AGL,CE,Combined TRACON& Tower with Radar,51,103,84,4,242,0,2,42,0,44,51,105,126,4,286,98,4,102,388
08/03/2006,GRR,MI,AGL,CE,Combined TRACON& Tower with Radar,47,101,78,14,240,0,2,16,0,18,47,103,94,14,258,106,8,114,372
08/04/2006,GRR,MI,AGL,CE,Combined TRACON& Tower with Radar,42,108,79,3,232,0,5,108,2,115,42,113,187,5,347,178,0,178,525
08/05/2006,GRR,MI,AGL,CE,Combined TRACON& Tower with Radar,42,60,32,0,134,0,4,41,1,46,42,64,73,1,180,62,0,62,242
08/06/2006,GRR,MI,AGL,CE,Combined TRACON& Tower with Radar,36,73,34,1,144,0,1,16,1,18,36,74,50,2,162,16,12,28,190
08/07/2006,GRR,MI,AGL,CE,Combined TRACON& Tower with Radar,39,103,87,0,229,0,1,53,0,54,39,104,140,0,283,32,0,32,315
08/08/2006,GRR,MI,AGL,CE,Combined TRACON& Tower with Radar,45,106,97,14,262,0,5,99,2,106,45,111,196,16,368,104,24,128,496
08/09/2006,GRR,MI,AGL,CE,Combined TRACON& Tower with Radar,49,113,85,0,247,0,2,64,0,66,49,115,149,0,313,66,0,66,379
08/10/2006,GRR,MI,AGL,CE,Combined TRACON& Tower with Radar,48,114,94,0,256,0,3,28,0,31,48,117,122,0,287,64,0,64,351
08/11/2006,GRR,MI,AGL,CE,Combined TRACON& Tower with Radar,47,101,75,16,239,0,5,60,1,66,47,106,135,17,305,48,14,62,367
08/12/2006,GRR,MI,AGL,CE,Combined TRACON& Tower with Radar,42,54,44,0,140,0,5,68,0,73,42,59,112,0,213,40,0,40,253
08/13/2006,GRR,MI,AGL,CE,Combined TRACON& Tower with Radar,37,70,42,0,149,0,3,33,0,36,37,73,75,0,185,22,0,22,207
08/14/2006,GRR,MI,AGL,CE,Combined TRACON& Tower with Radar,38,98,120,10,266,0,0,17,0,17,38,98,137,10,283,32,0,32,315
08/15/2006,GRR,MI,AGL,CE,Combined TRACON& Tower with Radar,48,100,102,20,270,0,6,71,2,79,48,106,173,22,349,44,36,80,429
08/16/2006,GRR,MI,AGL,CE,Combined TRACON& Tower with Radar,48,104,93,34,279,0,0,0,0,0,48,104,93,34,279,64,32,96,375
08/17/2006,GRR,MI,AGL,CE,Combined TRACON& Tower with Radar,43,111,105,26,285,0,1,66,2,69,43,112,171,28,354,74,42,116,470
08/18/2006,GRR,MI,AGL,CE,Combined TRACON& Tower with Radar,42,108,86,0,236,0,3,62,0,65,42,111,148,0,301,58,0,58,359
08/19/2006,GRR,MI,AGL,CE,Combined TRACON& Tower with Radar,37,57,51,0,145,0,2,7,0,9,37,59,58,0,154,22,0,22,176
08/20/2006,GRR,MI,AGL,CE,Combined TRACON& Tower with Radar,36,69,50,0,155,0,3,47,0,50,36,72,97,0,205,18,0,18,223
08/21/2006,GRR,MI,AGL,CE,Combined TRACON& Tower with Radar,40,99,78,0,217,0,1,87,0,88,40,100,165,0,305,84,0,84,389
08/22/2006,GRR,MI,AGL,CE,Combined TRACON& Tower with Radar,47,90,102,25,264,0,2,89,0,91,47,92,191,25,355,98,48,146,501
08/23/2006,GRR,MI,AGL,CE,Combined TRACON& Tower with Radar,56,98,95,1,250,0,2,53,1,56,56,100,148,2,306,76,2,78,384
08/24/2006,GRR,MI,AGL,CE,Combined TRACON& Tower with Radar,41,108,103,1,253,0,0,13,0,13,41,108,116,1,266,18,0,18,284
08/25/2006,GRR,MI,AGL,CE,Combined TRACON& Tower with Radar,44,103,100,3,250,0,1,25,1,27,44,104,125,4,277,28,0,28,305
08/26/2006,GRR,MI,AGL,CE,Combined TRACON& Tower with Radar,42,53,31,0,126,0,0,0,0,0,42,53,31,0,126,14,0,14,140
08/27/2006,GRR,MI,AGL,CE,Combined TRACON& Tower with Radar,41,65,47,0,153,0,3,31,0,34,41,68,78,0,187,24,0,24,211
08/28/2006,GRR,MI,AGL,CE,Combined TRACON& Tower with Radar,41,110,101,7,259,0,2,38,0,40,41,112,139,7,299,26,4,30,329
08/29/2006,GRR,MI,AGL,CE,Combined TRACON& Tower with Radar,48,99,134,14,295,0,2,28,2,32,48,101,162,16,327,12,18,30,357
08/30/2006,GRR,MI,AGL,CE,Combined TRACON& Tower with Radar,48,109,115,7,279,0,2,50,0,52,48,111,165,7,331,92,24,116,447
08/31/2006,GRR,MI,AGL,CE,Combined TRACON& Tower with Radar,53,114,126,16,309,0,6,65,0,71,53,120,191,16,380,52,0,52,432
09/01/2006,GRR,MI,AGL,CE,Combined TRACON& Tower with Radar,47,100,75,0,222,0,2,72,0,74,47,102,147,0,296,58,0,58,354
09/02/2006,GRR,MI,AGL,CE,Combined TRACON& Tower with Radar,42,63,21,0,126,0,7,37,0,44,42,70,58,0,170,8,0,8,178
09/03/2006,GRR,MI,AGL,CE,Combined TRACON& Tower with Radar,31,53,25,0,109,0,2,28,0,30,31,55,53,0,139,16,0,16,155
09/04/2006,GRR,MI,AGL,CE,Combined TRACON& Tower with Radar,39,79,33,0,151,0,6,32,0,38,39,85,65,0,189,4,0,4,193
09/05/2006,GRR,MI,AGL,CE,Combined TRACON& Tower with Radar,41,96,91,2,230,0,3,47,2,52,41,99,138,4,282,24,2,26,308
09/06/2006,GRR,MI,AGL,CE,Combined TRACON& Tower with Radar,52,103,105,0,260,0,7,53,0,60,52,110,158,0,320,52,0,52,372
09/07/2006,GRR,MI,AGL,CE,Combined TRACON& Tower with Radar,51,110,94,0,255,0,4,65,1,70,51,114,159,1,325,50,0,50,375
09/08/2006,GRR,MI,AGL,CE,Combined TRACON& Tower with Radar,46,113,85,10,254,0,1,64,0,65,46,114,149,10,319,52,4,56,375
09/09/2006,GRR,MI,AGL,CE,Combined TRACON& Tower with Radar,44,60,125,0,229,0,0,7,0,7,44,60,132,0,236,24,0,24,260
09/10/2006,GRR,MI,AGL,CE,Combined TRACON& Tower with Radar,40,68,42,0,150,0,0,29,0,29,40,68,71,0,179,66,0,66,245
09/11/2006,GRR,MI,AGL,CE,Combined TRACON& Tower with Radar,42,102,76,0,220,0,0,13,0,13,42,102,89,0,233,24,0,24,257
09/12/2006,GRR,MI,AGL,CE,Combined TRACON& Tower with Radar,45,110,95,0,250,0,0,0,0,0,45,110,95,0,250,0,0,0,250
09/13/2006,GRR,MI,AGL,CE,Combined TRACON& Tower with Radar,51,106,111,0,268,0,0,1,0,1,51,106,112,0,269,0,0,0,269
09/14/2006,GRR,MI,AGL,CE,Combined TRACON& Tower with Radar,48,119,123,18,308,0,4,40,0,44,48,123,163,18,352,78,22,100,452
09/15/2006,GRR,MI,AGL,CE,Combined TRACON& Tower with Radar,44,106,73,18,241,0,0,0,1,1,44,106,73,19,242,52,30,82,324
09/16/2006,GRR,MI,AGL,CE,Combined TRACON& Tower with Radar,44,58,42,0,144,0,1,44,0,45,44,59,86,0,189,32,0,32,221
09/17/2006,GRR,MI,AGL,CE,Combined TRACON& Tower with Radar,48,56,48,2,154,0,3,40,0,43,48,59,88,2,197,26,0,26,223
09/18/2006,GRR,MI,AGL,CE,Combined TRACON& Tower with Radar,43,106,82,6,237,0,1,23,0,24,43,107,105,6,261,10,16,26,287
09/19/2006,GRR,MI,AGL,CE,Combined TRACON& Tower with Radar,51,110,122,28,311,0,0,34,0,34,51,110,156,28,345,8,18,26,371
09/20/2006,GRR,MI,AGL,CE,Combined TRACON& Tower with Radar,48,101,95,10,254,0,0,0,0,0,48,101,95,10,254,70,16,86,340
09/21/2006,GRR,MI,AGL,CE,Combined TRACON& Tower with Radar,56,120,105,7,288,0,4,90,1,95,56,124,195,8,383,62,18,80,463
09/22/2006,GRR,MI,AGL,CE,Combined TRACON& Tower with Radar,51,102,78,0,231,0,1,26,0,27,51,103,104,0,258,18,0,18,276
09/23/2006,GRR,MI,AGL,CE,Combined TRACON& Tower with Radar,35,56,20,0,111,0,0,1,0,1,35,56,21,0,112,0,0,0,112
09/24/2006,GRR,MI,AGL,CE,Combined TRACON& Tower with Radar,37,64,43,1,145,0,2,11,0,13,37,66,54,1,158,0,0,0,158
09/25/2006,GRR,MI,AGL,CE,Combined TRACON& Tower with Radar,48,102,93,16,259,0,1,50,3,54,48,103,143,19,313,16,14,30,343
09/26/2006,GRR,MI,AGL,CE,Combined TRACON& Tower with Radar,43,113,89,30,275,0,1,85,0,86,43,114,174,30,361,92,54,146,507
09/27/2006,GRR,MI,AGL,CE,Combined TRACON& Tower with Radar,51,110,104,8,273,0,4,15,0,19,51,114,119,8,292,28,38,66,358
09/28/2006,GRR,MI,AGL,CE,Combined TRACON& Tower with Radar,45,117,99,16,277,0,1,66,0,67,45,118,165,16,344,96,16,112,456
09/29/2006,GRR,MI,AGL,CE,Combined TRACON& Tower with Radar,56,110,77,0,243,0,2,42,0,44,56,112,119,0,287,8,0,8,295
09/30/2006,GRR,MI,AGL,CE,Combined TRACON& Tower with Radar,35,60,42,0,137,0,1,9,0,10,35,61,51,0,147,4,0,4,151
10/01/2006,GRR,MI,AGL,CE,Combined TRACON& Tower with Radar,0,0,0,0,0,37,71,107,0,215,37,71,107,0,215,64,0,64,279
10/02/2006,GRR,MI,AGL,CE,Combined TRACON& Tower with Radar,57,91,56,0,204,0,1,4,0,5,57,92,60,0,209,20,0,20,229
10/03/2006,GRR,MI,AGL,CE,Combined TRACON& Tower with Radar,49,97,113,2,261,0,8,38,0,46,49,105,151,2,307,34,16,50,357
10/04/2006,GRR,MI,AGL,CE,Combined TRACON& Tower with Radar,43,91,98,0,232,0,2,11,0,13,43,93,109,0,245,14,0,14,259
10/05/2006,GRR,MI,AGL,CE,Combined TRACON& Tower with Radar,51,110,104,11,276,0,4,73,2,79,51,114,177,13,355,64,16,80,435
10/06/2006,GRR,MI,AGL,CE,Combined TRACON& Tower with Radar,39,95,71,7,212,0,3,63,0,66,39,98,134,7,278,54,0,54,332
10/07/2006,GRR,MI,AGL,CE,Combined TRACON& Tower with Radar,39,54,45,0,138,0,2,72,0,74,39,56,117,0,212,68,0,68,280
10/08/2006,GRR,MI,AGL,CE,Combined TRACON& Tower with Radar,47,61,63,0,171,0,1,77,0,78,47,62,140,0,249,24,0,24,273
10/09/2006,GRR,MI,AGL,CE,Combined TRACON& Tower with Radar,46,113,80,0,239,0,0,55,0,55,46,113,135,0,294,68,0,68,362
10/10/2006,GRR,MI,AGL,CE,Combined TRACON& Tower with Radar,53,106,109,6,274,0,5,45,0,50,53,111,154,6,324,76,22,98,422
10/11/2006,GRR,MI,AGL,CE,Combined TRACON& Tower with Radar,52,96,86,17,251,0,0,0,0,0,52,96,86,17,251,6,2,8,259
10/12/2006,GRR,MI,AGL,CE,Combined TRACON& Tower with Radar,53,106,101,0,260,0,0,0,0,0,53,106,101,0,260,0,0,0,260
10/13/2006,GRR,MI,AGL,CE,Combined TRACON& Tower with Radar,42,103,64,0,209,0,0,3,0,3,42,103,67,0,212,0,0,0,212
10/14/2006,GRR,MI,AGL,CE,Combined TRACON& Tower with Radar,44,53,32,30,159,0,2,26,3,31,44,55,58,33,190,30,40,70,260
10/15/2006,GRR,MI,AGL,CE,Combined TRACON& Tower with Radar,43,67,49,0,159,0,1,46,0,47,43,68,95,0,206,40,0,40,246
10/16/2006,GRR,MI,AGL,CE,Combined TRACON& Tower with Radar,48,98,75,0,221,0,2,27,0,29,48,100,102,0,250,14,0,14,264
10/17/2006,GRR,MI,AGL,CE,Combined TRACON& Tower with Radar,51,108,85,21,265,0,0,3,0,3,51,108,88,21,268,2,6,8,276
10/18/2006,GRR,MI,AGL,CE,Combined TRACON& Tower with Radar,56,112,121,18,307,0,0,10,8,18,56,112,131,26,325,66,24,90,415
10/19/2006,GRR,MI,AGL,CE,Combined TRACON& Tower with Radar,52,100,81,0,233,0,2,29,0,31,52,102,110,0,264,6,0,6,270
10/20/2006,GRR,MI,AGL,CE,Combined TRACON& Tower with Radar,42,106,90,8,246,0,1,42,0,43,42,107,132,8,289,46,0,46,335
10/21/2006,GRR,MI,AGL,CE,Combined TRACON& Tower with Radar,45,55,37,0,137,0,1,20,0,21,45,56,57,0,158,46,0,46,204
10/22/2006,GRR,MI,AGL,CE,Combined TRACON& Tower with Radar,42,67,23,0,132,0,1,1,0,2,42,68,24,0,134,0,0,0,134
10/23/2006,GRR,MI,AGL,CE,Combined TRACON& Tower with Radar,43,105,75,0,223,0,3,21,0,24,43,108,96,0,247,4,0,4,251
10/24/2006,GRR,MI,AGL,CE,Combined TRACON& Tower with Radar,47,94,117,13,271,0,0,41,3,44,47,94,158,16,315,42,18,60,375
10/25/2006,GRR,MI,AGL,CE,Combined TRACON& Tower with Radar,49,109,124,1,283,0,3,84,0,87,49,112,208,1,370,196,0,196,566
10/26/2006,GRR,MI,AGL,CE,Combined TRACON& Tower with Radar,46,113,108,14,281,0,0,0,0,0,46,113,108,14,281,84,26,110,391
10/27/2006,GRR,MI,AGL,CE,Combined TRACON& Tower with Radar,43,105,49,4,201,0,0,0,0,0,43,105,49,4,201,0,0,0,201
10/28/2006,GRR,MI,AGL,CE,Combined TRACON& Tower with Radar,41,54,30,5,130,0,3,1,0,4,41,57,31,5,134,6,4,10,144
10/29/2006,GRR,MI,AGL,CE,Combined TRACON& Tower with Radar,38,72,28,0,138,0,6,27,0,33,38,78,55,0,171,50,0,50,221
10/30/2006,GRR,MI,AGL,CE,Combined TRACON& Tower with Radar,43,105,82,0,230,0,1,69,0,70,43,106,151,0,300,68,0,68,368
10/31/2006,GRR,MI,AGL,CE,Combined TRACON& Tower with Radar,39,102,98,37,276,0,2,27,1,30,39,104,125,38,306,86,44,130,436
11/01/2006,GRR,MI,AGL,CE,Combined TRACON& Tower with Radar,44,108,119,0,271,0,4,55,0,59,44,112,174,0,330,84,0,84,414
11/02/2006,GRR,MI,AGL,CE,Combined TRACON& Tower with Radar,45,115,72,24,256,2,0,9,1,12,47,115,81,25,268,0,20,20,288
11/03/2006,GRR,MI,AGL,CE,Combined TRACON& Tower with Radar,41,107,89,9,246,0,2,26,0,28,41,109,115,9,274,10,8,18,292
11/04/2006,GRR,MI,AGL,CE,Combined TRACON& Tower with Radar,37,61,33,0,131,0,10,41,0,51,37,71,74,0,182,24,0,24,206
11/05/2006,GRR,MI,AGL,CE,Combined TRACON& Tower with Radar,35,71,33,0,139,0,1,60,0,61,35,72,93,0,200,70,0,70,270
11/06/2006,GRR,MI,AGL,CE,Combined TRACON& Tower with Radar,37,110,78,0,225,0,2,51,0,53,37,112,129,0,278,40,0,40,318
11/07/2006,GRR,MI,AGL,CE,Combined TRACON& Tower with Radar,42,109,110,2,263,0,1,0,0,1,42,110,110,2,264,2,0,2,266
11/08/2006,GRR,MI,AGL,CE,Combined TRACON& Tower with Radar,43,119,138,0,300,0,2,29,0,31,43,121,167,0,331,70,0,70,401
11/09/2006,GRR,MI,AGL,CE,Combined TRACON& Tower with Radar,42,119,108,16,285,0,2,89,0,91,42,121,197,16,376,78,24,102,478
11/10/2006,GRR,MI,AGL,CE,Combined TRACON& Tower with Radar,55,99,80,0,234,0,2,51,0,53,55,101,131,0,287,74,0,74,361
11/11/2006,GRR,MI,AGL,CE,Combined TRACON& Tower with Radar,37,61,23,0,121,0,1,6,0,7,37,62,29,0,128,6,0,6,134
11/12/2006,GRR,MI,AGL,CE,Combined TRACON& Tower with Radar,36,67,72,0,175,0,1,38,0,39,36,68,110,0,214,50,0,50,264
11/13/2006,GRR,MI,AGL,CE,Combined TRACON& Tower with Radar,41,114,75,0,230,0,0,0,0,0,41,114,75,0,230,2,0,2,232
11/14/2006,GRR,MI,AGL,CE,Combined TRACON& Tower with Radar,39,107,91,0,237,0,1,9,0,10,39,108,100,0,247,16,0,16,263
11/15/2006,GRR,MI,AGL,CE,Combined TRACON& Tower with Radar,46,115,94,18,273,0,0,20,0,20,46,115,114,18,293,54,24,78,371
11/16/2006,GRR,MI,AGL,CE,Combined TRACON& Tower with Radar,43,105,70,0,218,0,2,5,0,7,43,107,75,0,225,34,0,34,259
11/17/2006,GRR,MI,AGL,CE,Combined TRACON& Tower with Radar,55,113,66,0,234,0,6,41,0,47,55,119,107,0,281,22,0,22,303
11/18/2006,GRR,MI,AGL,CE,Combined TRACON& Tower with Radar,39,63,37,0,139,0,4,20,0,24,39,67,57,0,163,58,0,58,221
11/19/2006,GRR,MI,AGL,CE,Combined TRACON& Tower with Radar,37,73,43,0,153,0,1,13,0,14,37,74,56,0,167,20,0,20,187
11/20/2006,GRR,MI,AGL,CE,Combined TRACON& Tower with Radar,37,93,111,0,241,0,0,61,0,61,37,93,172,0,302,104,0,104,406
11/21/2006,GRR,MI,AGL,CE,Combined TRACON& Tower with Radar,39,119,85,0,243,0,0,0,0,0,39,119,85,0,243,102,0,102,345
11/22/2006,GRR,MI,AGL,CE,Combined TRACON& Tower with Radar,46,123,73,0,242,0,12,67,0,79,46,135,140,0,321,86,0,86,407
11/23/2006,GRR,MI,AGL,CE,Combined TRACON& Tower with Radar,31,57,13,0,101,0,1,22,0,23,31,58,35,0,124,4,0,4,128
11/24/2006,GRR,MI,AGL,CE,Combined TRACON& Tower with Radar,48,88,33,0,169,0,5,72,0,77,48,93,105,0,246,36,0,36,282
11/25/2006,GRR,MI,AGL,CE,Combined TRACON& Tower with Radar,40,85,22,0,147,0,1,52,0,53,40,86,74,0,200,52,0,52,252
11/26/2006,GRR,MI,AGL,CE,Combined TRACON& Tower with Radar,36,87,71,0,194,0,2,11,0,13,36,89,82,0,207,24,0,24,231
11/27/2006,GRR,MI,AGL,CE,Combined TRACON& Tower with Radar,35,129,87,0,251,0,1,4,0,5,35,130,91,0,256,52,0,52,308
11/28/2006,GRR,MI,AGL,CE,Combined TRACON& Tower with Radar,52,124,137,0,313,0,4,48,0,52,52,128,185,0,365,90,0,90,455
11/29/2006,GRR,MI,AGL,CE,Combined TRACON& Tower with Radar,47,106,99,2,254,0,0,0,0,0,47,106,99,2,254,18,6,24,278
11/30/2006,GRR,MI,AGL,CE,Combined TRACON& Tower with Radar,49,106,81,0,236,0,0,0,0,0,49,106,81,0,236,0,0,0,236
12/01/2006,GRR,MI,AGL,CE,Combined TRACON& Tower with Radar,33,45,25,0,103,0,0,0,0,0,33,45,25,0,103,0,0,0,103
12/02/2006,GRR,MI,AGL,CE,Combined TRACON& Tower with Radar,38,66,53,11,168,0,1,46,0,47,38,67,99,11,215,14,12,26,241
12/03/2006,GRR,MI,AGL,CE,Combined TRACON& Tower with Radar,36,70,21,2,129,0,0,0,0,0,36,70,21,2,129,0,0,0,129
12/04/2006,GRR,MI,AGL,CE,Combined TRACON& Tower with Radar,39,99,76,0,214,0,0,2,0,2,39,99,78,0,216,0,0,0,216
12/05/2006,GRR,MI,AGL,CE,Combined TRACON& Tower with Radar,42,108,84,0,234,0,1,12,0,13,42,109,96,0,247,22,0,22,269
12/06/2006,GRR,MI,AGL,CE,Combined TRACON& Tower with Radar,41,111,75,0,227,0,0,16,0,16,41,111,91,0,243,52,0,52,295
12/07/2006,GRR,MI,AGL,CE,Combined TRACON& Tower with Radar,36,124,107,0,267,0,1,14,0,15,36,125,121,0,282,60,0,60,342
12/08/2006,GRR,MI,AGL,CE,Combined TRACON& Tower with Radar,44,114,91,8,257,0,4,34,0,38,44,118,125,8,295,72,12,84,379
12/09/2006,GRR,MI,AGL,CE,Combined TRACON& Tower with Radar,41,57,24,0,122,0,1,39,0,40,41,58,63,0,162,30,0,30,192
12/10/2006,GRR,MI,AGL,CE,Combined TRACON& Tower with Radar,35,73,28,0,136,0,2,52,0,54,35,75,80,0,190,86,0,86,276
12/11/2006,GRR,MI,AGL,CE,Combined TRACON& Tower with Radar,38,111,78,0,227,2,20,35,0,57,40,131,113,0,284,58,0,58,342
12/12/2006,GRR,MI,AGL,CE,Combined TRACON& Tower with Radar,43,100,82,0,225,0,1,0,0,1,43,101,82,0,226,6,0,6,232
12/13/2006,GRR,MI,AGL,CE,Combined TRACON& Tower with Radar,48,110,78,2,238,0,0,0,0,0,48,110,78,2,238,22,2,24,262
12/14/2006,GRR,MI,AGL,CE,Combined TRACON& Tower with Radar,51,102,83,0,236,0,0,38,0,38,51,102,121,0,274,26,0,26,300
12/15/2006,GRR,MI,AGL,CE,Combined TRACON& Tower with Radar,53,103,90,0,246,0,1,21,0,22,53,104,111,0,268,90,0,90,358
12/16/2006,GRR,MI,AGL,CE,Combined TRACON& Tower with Radar,49,50,71,0,170,0,4,40,0,44,49,54,111,0,214,58,0,58,272
12/17/2006,GRR,MI,AGL,CE,Combined TRACON& Tower with Radar,38,68,51,0,157,0,0,31,0,31,38,68,82,0,188,58,0,58,246
12/18/2006,GRR,MI,AGL,CE,Combined TRACON& Tower with Radar,42,93,80,8,223,0,4,63,0,67,42,97,143,8,290,70,8,78,368
12/19/2006,GRR,MI,AGL,CE,Combined TRACON& Tower with Radar,54,107,100,0,261,0,4,68,0,72,54,111,168,0,333,42,0,42,375
12/20/2006,GRR,MI,AGL,CE,Combined TRACON& Tower with Radar,40,114,85,0,239,0,3,53,0,56,40,117,138,0,295,112,0,112,407
12/21/2006,GRR,MI,AGL,CE,Combined TRACON& Tower with Radar,46,115,84,10,255,0,1,5,0,6,46,116,89,10,261,32,20,52,313
12/22/2006,GRR,MI,AGL,CE,Combined TRACON& Tower with Radar,38,116,70,0,224,0,0,4,0,4,38,116,74,0,228,20,0,20,248
12/23/2006,GRR,MI,AGL,CE,Combined TRACON& Tower with Radar,40,82,20,0,142,0,0,0,0,0,40,82,20,0,142,0,0,0,142
12/24/2006,GRR,MI,AGL,CE,Combined TRACON& Tower with Radar,37,58,17,0,112,0,2,36,0,38,37,60,53,0,150,40,0,40,190
12/25/2006,GRR,MI,AGL,CE,Combined TRACON& Tower with Radar,31,62,16,0,109,0,0,2,0,2,31,62,18,0,111,0,0,0,111
12/26/2006,GRR,MI,AGL,CE,Combined TRACON& Tower with Radar,37,102,72,0,211,0,2,16,0,18,37,104,88,0,229,34,0,34,263
12/27/2006,GRR,MI,AGL,CE,Combined TRACON& Tower with Radar,45,110,67,10,232,0,0,56,6,62,45,110,123,16,294,36,28,64,358
12/28/2006,GRR,MI,AGL,CE,Combined TRACON& Tower with Radar,44,112,47,2,205,0,2,50,1,53,44,114,97,3,258,64,4,68,326
12/29/2006,GRR,MI,AGL,CE,Combined TRACON& Tower with Radar,45,104,44,18,211,0,2,25,0,27,45,106,69,18,238,29,28,57,295
12/30/2006,GRR,MI,AGL,CE,Combined TRACON& Tower with Radar,42,78,34,6,160,0,3,25,0,28,42,81,59,6,188,40,0,40,228
12/31/2006,GRR,MI,AGL,CE,Combined TRACON& Tower with Radar,36,58,10,1,105,0,0,0,0,0,36,58,10,1,105,0,0,0,105
01/01/2007,GRR,MI,AGL,CE,Combined TRACON& Tower with Radar,34,17,64,0,115,0,1,2,0,3,34,18,66,0,118,0,0,0,118
01/02/2007,GRR,MI,AGL,CE,Combined TRACON& Tower with Radar,47,104,50,12,213,0,1,36,0,37,47,105,86,12,250,22,0,22,272
01/03/2007,GRR,MI,AGL,CE,Combined TRACON& Tower with Radar,44,120,52,22,238,0,0,31,2,33,44,120,83,24,271,30,0,30,301
01/04/2007,GRR,MI,AGL,CE,Combined TRACON& Tower with Radar,49,115,74,11,249,0,2,56,0,58,49,117,130,11,307,82,0,82,389
01/05/2007,GRR,MI,AGL,CE,Combined TRACON& Tower with Radar,55,108,82,1,246,0,0,13,0,13,55,108,95,1,259,74,8,82,341
01/06/2007,GRR,MI,AGL,CE,Combined TRACON& Tower with Radar,41,62,23,16,142,0,1,11,0,12,41,63,34,16,154,22,26,48,202
01/07/2007,GRR,MI,AGL,CE,Combined TRACON& Tower with Radar,37,69,40,0,146,0,0,9,0,9,37,69,49,0,155,45,0,45,200
01/08/2007,GRR,MI,AGL,CE,Combined TRACON& Tower with Radar,41,106,45,0,192,0,0,0,0,0,41,106,45,0,192,34,0,34,226
01/09/2007,GRR,MI,AGL,CE,Combined TRACON& Tower with Radar,42,94,73,20,229,0,1,14,2,17,42,95,87,22,246,12,30,42,288
01/10/2007,GRR,MI,AGL,CE,Combined TRACON& Tower with Radar,49,100,87,1,237,0,1,52,0,53,49,101,139,1,290,28,0,28,318
01/11/2007,GRR,MI,AGL,CE,Combined TRACON& Tower with Radar,46,107,107,0,260,0,4,35,0,39,46,111,142,0,299,26,0,26,325
01/12/2007,GRR,MI,AGL,CE,Combined TRACON& Tower with Radar,43,96,60,0,199,0,1,5,0,6,43,97,65,0,205,0,0,0,205
01/13/2007,GRR,MI,AGL,CE,Combined TRACON& Tower with Radar,40,58,28,0,126,0,1,20,0,21,40,59,48,0,147,14,0,14,161
01/14/2007,GRR,MI,AGL,CE,Combined TRACON& Tower with Radar,33,62,27,0,122,0,0,6,0,6,33,62,33,0,128,0,0,0,128
01/15/2007,GRR,MI,AGL,CE,Combined TRACON& Tower with Radar,41,78,41,0,160,0,0,0,0,0,41,78,41,0,160,0,0,0,160
01/16/2007,GRR,MI,AGL,CE,Combined TRACON& Tower with Radar,42,98,90,6,236,0,2,39,3,44,42,100,129,9,280,32,40,72,352
01/17/2007,GRR,MI,AGL,CE,Combined TRACON& Tower with Radar,42,106,93,4,245,0,1,38,0,39,42,107,131,4,284,44,2,46,330
01/18/2007,GRR,MI,AGL,CE,Combined TRACON& Tower with Radar,41,108,78,0,227,0,3,11,0,14,41,111,89,0,241,14,0,14,255
01/19/2007,GRR,MI,AGL,CE,Combined TRACON& Tower with Radar,52,100,60,0,212,0,0,0,0,0,52,100,60,0,212,4,0,4,216
01/20/2007,GRR,MI,AGL,CE,Combined TRACON& Tower with Radar,42,35,26,0,103,0,0,1,0,1,42,35,27,0,104,42,0,42,146
01/21/2007,GRR,MI,AGL,CE,Combined TRACON& Tower with Radar,35,61,16,0,112,0,0,5,0,5,35,61,21,0,117,2,0,2,119
01/22/2007,GRR,MI,AGL,CE,Combined TRACON& Tower with Radar,47,96,80,0,223,0,0,1,0,1,47,96,81,0,224,0,0,0,224
01/23/2007,GRR,MI,AGL,CE,Combined TRACON& Tower with Radar,45,107,60,0,212,0,0,2,0,2,45,107,62,0,214,2,6,8,222
01/24/2007,GRR,MI,AGL,CE,Combined TRACON& Tower with Radar,45,106,68,0,219,0,1,9,0,10,45,107,77,0,229,6,0,6,235
01/25/2007,GRR,MI,AGL,CE,Combined TRACON& Tower with Radar,45,112,107,31,295,0,1,38,4,43,45,113,145,35,338,56,64,120,458
01/26/2007,GRR,MI,AGL,CE,Combined TRACON& Tower with Radar,46,104,53,0,203,0,2,6,0,8,46,106,59,0,211,0,0,0,211
01/27/2007,GRR,MI,AGL,CE,Combined TRACON& Tower with Radar,43,61,17,0,121,0,0,8,0,8,43,61,25,0,129,24,0,24,153
01/28/2007,GRR,MI,AGL,CE,Combined TRACON& Tower with Radar,38,70,19,0,127,0,1,5,0,6,38,71,24,0,133,0,0,0,133
01/29/2007,GRR,MI,AGL,CE,Combined TRACON& Tower with Radar,40,102,81,0,223,0,0,19,0,19,40,102,100,0,242,42,0,42,284
01/30/2007,GRR,MI,AGL,CE,Combined TRACON& Tower with Radar,45,96,103,0,244,0,2,9,0,11,45,98,112,0,255,28,0,28,283
01/31/2007,GRR,MI,AGL,CE,Combined TRACON& Tower with Radar,41,119,87,2,249,0,3,36,0,39,41,122,123,2,288,30,0,30,318
02/01/2007,GRR,MI,AGL,CE,Combined TRACON& Tower with Radar,46,111,61,0,218,0,0,0,0,0,46,111,61,0,218,12,0,12,230
02/02/2007,GRR,MI,AGL,CE,Combined TRACON& Tower with Radar,48,108,53,0,209,0,0,1,0,1,48,108,54,0,210,2,0,2,212
02/03/2007,GRR,MI,AGL,CE,Combined TRACON& Tower with Radar,20,24,10,0,54,0,0,0,0,0,20,24,10,0,54,0,0,0,54
02/04/2007,GRR,MI,AGL,CE,Combined TRACON& Tower with Radar,37,74,27,0,138,0,0,0,0,0,37,74,27,0,138,0,0,0,138
02/05/2007,GRR,MI,AGL,CE,Combined TRACON& Tower with Radar,37,116,75,0,228,0,0,2,0,2,37,116,77,0,230,12,0,12,242
02/06/2007,GRR,MI,AGL,CE,Combined TRACON& Tower with Radar,39,96,79,0,214,0,5,7,0,12,39,101,86,0,226,46,0,46,272
02/07/2007,GRR,MI,AGL,CE,Combined TRACON& Tower with Radar,44,108,65,10,227,0,2,46,0,48,44,110,111,10,275,96,12,108,383
02/08/2007,GRR,MI,AGL,CE,Combined TRACON& Tower with Radar,36,112,84,0,232,0,0,8,0,8,36,112,92,0,240,4,0,4,244
02/09/2007,GRR,MI,AGL,CE,Combined TRACON& Tower with Radar,44,104,94,0,242,0,0,19,0,19,44,104,113,0,261,18,0,18,279
02/10/2007,GRR,MI,AGL,CE,Combined TRACON& Tower with Radar,42,54,37,0,133,0,0,0,0,0,42,54,37,0,133,6,0,6,139
02/11/2007,GRR,MI,AGL,CE,Combined TRACON& Tower with Radar,35,75,13,0,123,0,0,2,0,2,35,75,15,0,125,0,0,0,125
02/12/2007,GRR,MI,AGL,CE,Combined TRACON& Tower with Radar,38,97,58,0,193,0,0,5,0,5,38,97,63,0,198,0,0,0,198
02/13/2007,GRR,MI,AGL,CE,Combined TRACON& Tower with Radar,39,94,96,10,239,0,0,1,0,1,39,94,97,10,240,0,20,20,260
02/14/2007,GRR,MI,AGL,CE,Combined TRACON& Tower with Radar,45,93,61,5,204,0,4,34,0,38,45,97,95,5,242,70,18,88,330
02/15/2007,GRR,MI,AGL,CE,Combined TRACON& Tower with Radar,43,100,90,15,248,0,1,7,0,8,43,101,97,15,256,4,26,30,286
02/16/2007,GRR,MI,AGL,CE,Combined TRACON& Tower with Radar,49,101,86,0,236,0,2,19,0,21,49,103,105,0,257,10,0,10,267
02/17/2007,GRR,MI,AGL,CE,Combined TRACON& Tower with Radar,43,59,11,0,113,0,1,1,0,2,43,60,12,0,115,0,0,0,115
02/18/2007,GRR,MI,AGL,CE,Combined TRACON& Tower with Radar,39,65,42,0,146,0,0,24,0,24,39,65,66,0,170,10,0,10,180
02/19/2007,GRR,MI,AGL,CE,Combined TRACON& Tower with Radar,46,97,77,0,220,0,2,28,0,30,46,99,105,0,250,18,0,18,268
02/20/2007,GRR,MI,AGL,CE,Combined TRACON& Tower with Radar,55,100,84,0,239,0,2,29,0,31,55,102,113,0,270,26,0,26,296
02/21/2007,GRR,MI,AGL,CE,Combined TRACON& Tower with Radar,46,103,92,12,253,0,3,47,0,50,46,106,139,12,303,62,14,76,379
02/22/2007,GRR,MI,AGL,CE,Combined TRACON& Tower with Radar,52,104,59,27,242,0,3,9,0,12,52,107,68,27,254,22,16,38,292
02/23/2007,GRR,MI,AGL,CE,Combined TRACON& Tower with Radar,48,101,58,0,207,0,2,54,0,56,48,103,112,0,263,92,0,92,355
02/24/2007,GRR,MI,AGL,CE,Combined TRACON& Tower with Radar,34,58,39,0,131,0,12,22,0,34,34,70,61,0,165,42,0,42,207
02/25/2007,GRR,MI,AGL,CE,Combined TRACON& Tower with Radar,24,53,29,0,106,0,0,0,0,0,24,53,29,0,106,0,0,0,106
02/26/2007,GRR,MI,AGL,CE,Combined TRACON& Tower with Radar,32,98,48,0,178,0,0,0,0,0,32,98,48,0,178,0,0,0,178
02/27/2007,GRR,MI,AGL,CE,Combined TRACON& Tower with Radar,46,115,60,0,221,0,0,1,0,1,46,115,61,0,222,38,0,38,260
02/28/2007,GRR,MI,AGL,CE,Combined TRACON& Tower with Radar,50,122,104,0,276,0,0,46,0,46,50,122,150,0,322,108,0,108,430
03/01/2007,GRR,MI,AGL,CE,Combined TRACON& Tower with Radar,33,81,26,0,140,0,0,0,0,0,33,81,26,0,140,0,0,0,140
03/02/2007,GRR,MI,AGL,CE,Combined TRACON& Tower with Radar,36,79,35,0,150,0,0,0,0,0,36,79,35,0,150,0,0,0,150
03/03/2007,GRR,MI,AGL,CE,Combined TRACON& Tower with Radar,42,54,22,0,118,0,0,0,0,0,42,54,22,0,118,0,0,0,118
03/04/2007,GRR,MI,AGL,CE,Combined TRACON& Tower with Radar,43,62,25,15,145,0,1,17,0,18,43,63,42,15,163,26,8,34,197
03/05/2007,GRR,MI,AGL,CE,Combined TRACON& Tower with Radar,46,98,62,0,206,0,2,17,0,19,46,100,79,0,225,30,0,30,255
03/06/2007,GRR,MI,AGL,CE,Combined TRACON& Tower with Radar,49,102,86,0,237,0,1,26,0,27,49,103,112,0,264,22,0,22,286
03/07/2007,GRR,MI,AGL,CE,Combined TRACON& Tower with Radar,49,121,81,51,302,0,4,42,2,48,49,125,123,53,350,40,98,138,488
03/08/2007,GRR,MI,AGL,CE,Combined TRACON& Tower with Radar,50,121,87,7,265,0,1,46,0,47,50,122,133,7,312,56,6,62,374
03/09/2007,GRR,MI,AGL,CE,Combined TRACON& Tower with Radar,59,100,64,0,223,0,1,45,0,46,59,101,109,0,269,22,28,50,319
03/10/2007,GRR,MI,AGL,CE,Combined TRACON& Tower with Radar,41,58,28,0,127,0,2,55,0,57,41,60,83,0,184,144,0,144,328
03/11/2007,GRR,MI,AGL,CE,Combined TRACON& Tower with Radar,40,60,45,0,145,0,2,55,0,57,40,62,100,0,202,14,0,14,216
03/12/2007,GRR,MI,AGL,CE,Combined TRACON& Tower with Radar,45,101,60,0,206,0,2,33,0,35,45,103,93,0,241,50,0,50,291
03/13/2007,GRR,MI,AGL,CE,Combined TRACON& Tower with Radar,49,114,72,27,262,0,5,42,4,51,49,119,114,31,313,40,40,80,393
03/14/2007,GRR,MI,AGL,CE,Combined TRACON& Tower with Radar,48,107,93,0,248,0,0,23,0,23,48,107,116,0,271,34,0,34,305
03/15/2007,GRR,MI,AGL,CE,Combined TRACON& Tower with Radar,49,101,76,8,234,0,5,35,0,40,49,106,111,8,274,66,10,76,350
03/16/2007,GRR,MI,AGL,CE,Combined TRACON& Tower with Radar,48,90,82,0,220,0,4,61,0,65,48,94,143,0,285,100,0,100,385
03/17/2007,GRR,MI,AGL,CE,Combined TRACON& Tower with Radar,43,57,85,0,185,0,1,0,0,1,43,58,85,0,186,52,0,52,238
03/18/2007,GRR,MI,AGL,CE,Combined TRACON& Tower with Radar,41,74,36,0,151,0,2,39,0,41,41,76,75,0,192,30,0,30,222
03/19/2007,GRR,MI,AGL,CE,Combined TRACON& Tower with Radar,44,106,78,0,228,0,4,16,0,20,44,110,94,0,248,54,0,54,302
03/20/2007,GRR,MI,AGL,CE,Combined TRACON& Tower with Radar,54,108,101,0,263,0,2,73,0,75,54,110,174,0,338,110,0,110,448
03/21/2007,GRR,MI,AGL,CE,Combined TRACON& Tower with Radar,47,113,79,0,239,0,0,0,0,0,47,113,79,0,239,0,0,0,239
03/22/2007,GRR,MI,AGL,CE,Combined TRACON& Tower with Radar,44,100,67,0,211,0,2,12,0,14,44,102,79,0,225,16,0,16,241
03/23/2007,GRR,MI,AGL,CE,Combined TRACON& Tower with Radar,51,118,107,0,276,0,7,67,0,74,51,125,174,0,350,108,0,108,458
03/24/2007,GRR,MI,AGL,CE,Combined TRACON& Tower with Radar,41,65,83,2,191,0,0,20,0,20,41,65,103,2,211,76,0,76,287
03/25/2007,GRR,MI,AGL,CE,Combined TRACON& Tower with Radar,38,74,48,0,160,0,4,41,0,45,38,78,89,0,205,22,0,22,227
03/26/2007,GRR,MI,AGL,CE,Combined TRACON& Tower with Radar,40,109,54,9,212,0,3,30,0,33,40,112,84,9,245,92,14,106,351
03/27/2007,GRR,MI,AGL,CE,Combined TRACON& Tower with Radar,48,103,73,0,224,0,3,35,0,38,48,106,108,0,262,106,18,124,386
03/28/2007,GRR,MI,AGL,CE,Combined TRACON& Tower with Radar,45,110,90,0,245,0,3,34,0,37,45,113,124,0,282,44,0,44,326
03/29/2007,GRR,MI,AGL,CE,Combined TRACON& Tower with Radar,53,115,72,11,251,0,1,79,0,80,53,116,151,11,331,102,18,120,451
03/30/2007,GRR,MI,AGL,CE,Combined TRACON& Tower with Radar,53,102,75,0,230,0,3,75,0,78,53,105,150,0,308,94,0,94,402
03/31/2007,GRR,MI,AGL,CE,Combined TRACON& Tower with Radar,51,58,41,0,150,0,2,10,0,12,51,60,51,0,162,62,0,62,224
04/01/2007,GRR,MI,AGL,CE,Combined TRACON& Tower with Radar,40,64,13,0,117,0,0,4,0,4,40,64,17,0,121,0,0,0,121
04/02/2007,GRR,MI,AGL,CE,Combined TRACON& Tower with Radar,41,98,62,0,201,0,2,29,0,31,41,100,91,0,232,52,0,52,284
04/03/2007,GRR,MI,AGL,CE,Combined TRACON& Tower with Radar,43,104,50,2,199,0,0,14,0,14,43,104,64,2,213,40,0,40,253
04/04/2007,GRR,MI,AGL,CE,Combined TRACON& Tower with Radar,49,113,40,0,202,0,0,2,0,2,49,113,42,0,204,0,0,0,204
04/05/2007,GRR,MI,AGL,CE,Combined TRACON& Tower with Radar,45,99,46,0,190,0,2,8,0,10,45,101,54,0,200,0,0,0,200
04/06/2007,GRR,MI,AGL,CE,Combined TRACON& Tower with Radar,49,99,39,15,202,0,1,5,0,6,49,100,44,15,208,16,18,34,242
04/07/2007,GRR,MI,AGL,CE,Combined TRACON& Tower with Radar,45,54,28,0,127,0,0,0,0,0,45,54,28,0,127,0,0,0,127
04/08/2007,GRR,MI,AGL,CE,Combined TRACON& Tower with Radar,43,60,13,0,116,0,3,3,0,6,43,63,16,0,122,6,0,6,128
04/09/2007,GRR,MI,AGL,CE,Combined TRACON& Tower with Radar,42,110,87,0,239,0,1,38,0,39,42,111,125,0,278,88,0,88,366
04/10/2007,GRR,MI,AGL,CE,Combined TRACON& Tower with Radar,59,109,90,2,260,0,1,42,0,43,59,110,132,2,303,48,4,52,355
04/11/2007,GRR,MI,AGL,CE,Combined TRACON& Tower with Radar,47,104,75,0,226,0,0,5,0,5,47,104,80,0,231,4,0,4,235
04/12/2007,GRR,MI,AGL,CE,Combined TRACON& Tower with Radar,51,110,65,0,226,0,0,0,0,0,51,110,65,0,226,0,0,0,226
04/13/2007,GRR,MI,AGL,CE,Combined TRACON& Tower with Radar,46,99,93,12,250,0,3,60,0,63,46,102,153,12,313,50,10,60,373
04/14/2007,GRR,MI,AGL,CE,Combined TRACON& Tower with Radar,43,63,28,0,134,2,2,31,0,35,45,65,59,0,169,52,0,52,221
04/15/2007,GRR,MI,AGL,CE,Combined TRACON& Tower with Radar,44,37,24,0,105,0,0,28,0,28,44,37,52,0,133,10,0,10,143
04/16/2007,GRR,MI,AGL,CE,Combined TRACON& Tower with Radar,44,88,80,0,212,0,0,0,0,0,44,88,80,0,212,6,0,6,218
04/17/2007,GRR,MI,AGL,CE,Combined TRACON& Tower with Radar,50,99,73,4,226,0,0,73,4,77,50,99,146,8,303,58,0,58,361
04/18/2007,GRR,MI,AGL,CE,Combined TRACON& Tower with Radar,49,106,106,0,261,0,1,16,0,17,49,107,122,0,278,24,0,24,302
04/19/2007,GRR,MI,AGL,CE,Combined TRACON& Tower with Radar,47,103,123,2,275,0,3,93,0,96,47,106,216,2,371,98,0,98,469
04/20/2007,GRR,MI,AGL,CE,Combined TRACON& Tower with Radar,48,91,43,6,188,0,2,58,1,61,48,93,101,7,249,92,0,92,341
04/21/2007,GRR,MI,AGL,CE,Combined TRACON& Tower with Radar,42,63,23,0,128,0,3,49,0,52,42,66,72,0,180,19,0,19,199
04/22/2007,GRR,MI,AGL,CE,Combined TRACON& Tower with Radar,39,65,32,0,136,0,0,34,0,34,39,65,66,0,170,26,0,26,196
04/23/2007,GRR,MI,AGL,CE,Combined TRACON& Tower with Radar,49,92,68,14,223,0,2,14,0,16,49,94,82,14,239,32,16,48,287
04/24/2007,GRR,MI,AGL,CE,Combined TRACON& Tower with Radar,45,111,93,11,260,0,3,70,1,74,45,114,163,12,334,66,18,84,418
04/25/2007,GRR,MI,AGL,CE,Combined TRACON& Tower with Radar,40,118,80,20,258,0,6,16,0,22,40,124,96,20,280,32,16,48,328
04/26/2007,GRR,MI,AGL,CE,Combined TRACON& Tower with Radar,40,115,113,0,268,0,1,1,0,2,40,116,114,0,270,0,0,0,270
04/27/2007,GRR,MI,AGL,CE,Combined TRACON& Tower with Radar,39,96,85,0,220,0,0,1,0,1,39,96,86,0,221,4,0,4,225
04/28/2007,GRR,MI,AGL,CE,Combined TRACON& Tower with Radar,34,67,35,0,136,0,5,62,0,67,34,72,97,0,203,26,0,26,229
04/29/2007,GRR,MI,AGL,CE,Combined TRACON& Tower with Radar,42,70,38,0,150,0,5,40,0,45,42,75,78,0,195,28,0,28,223
04/30/2007,GRR,MI,AGL,CE,Combined TRACON& Tower with Radar,41,100,57,0,198,0,0,35,0,35,41,100,92,0,233,4,0,4,237
05/01/2007,GRR,MI,AGL,CE,Combined TRACON& Tower with Radar,47,110,85,7,249,0,0,18,0,18,47,110,103,7,267,30,12,42,309
05/02/2007,GRR,MI,AGL,CE,Combined TRACON& Tower with Radar,50,118,95,5,268,0,0,59,0,59,50,118,154,5,327,40,38,78,405
05/03/2007,GRR,MI,AGL,CE,Combined TRACON& Tower with Radar,53,102,107,0,262,0,8,82,0,90,53,110,189,0,352,94,0,94,446
05/04/2007,GRR,MI,AGL,CE,Combined TRACON& Tower with Radar,49,105,67,20,241,0,1,51,0,52,49,106,118,20,293,26,4,30,323
05/05/2007,GRR,MI,AGL,CE,Combined TRACON& Tower with Radar,40,72,25,1,138,0,3,20,1,24,40,75,45,2,162,2,0,2,164
05/06/2007,GRR,MI,AGL,CE,Combined TRACON& Tower with Radar,39,65,47,0,151,0,0,31,0,31,39,65,78,0,182,12,0,12,194
05/07/2007,GRR,MI,AGL,CE,Combined TRACON& Tower with Radar,40,97,69,7,213,0,3,55,0,58,40,100,124,7,271,14,10,24,295
05/08/2007,GRR,MI,AGL,CE,Combined TRACON& Tower with Radar,53,104,75,15,247,0,1,57,0,58,53,105,132,15,305,36,22,58,363
05/09/2007,GRR,MI,AGL,CE,Combined TRACON& Tower with Radar,51,105,95,6,257,0,3,31,0,34,51,108,126,6,291,6,2,8,299
05/10/2007,GRR,MI,AGL,CE,Combined TRACON& Tower with Radar,57,108,88,11,264,0,7,66,1,74,57,115,154,12,338,66,44,110,448
05/11/2007,GRR,MI,AGL,CE,Combined TRACON& Tower with Radar,51,106,101,12,270,0,1,67,0,68,51,107,168,12,338,60,6,66,404
05/12/2007,GRR,MI,AGL,CE,Combined TRACON& Tower with Radar,44,55,30,0,129,0,5,47,0,52,44,60,77,0,181,40,0,40,221
05/13/2007,GRR,MI,AGL,CE,Combined TRACON& Tower with Radar,40,62,36,0,138,0,1,40,0,41,40,63,76,0,179,48,0,48,227
05/14/2007,GRR,MI,AGL,CE,Combined TRACON& Tower with Radar,43,95,98,10,246,0,6,37,0,43,43,101,135,10,289,14,18,32,321
05/15/2007,GRR,MI,AGL,CE,Combined TRACON& Tower with Radar,49,104,90,0,243,0,5,26,0,31,49,109,116,0,274,4,0,4,278
05/16/2007,GRR,MI,AGL,CE,Combined TRACON& Tower with Radar,52,102,119,5,278,0,0,26,0,26,52,102,145,5,304,38,0,38,342
05/17/2007,GRR,MI,AGL,CE,Combined TRACON& Tower with Radar,47,107,95,18,267,0,8,66,0,74,47,115,161,18,341,44,34,78,419
05/18/2007,GRR,MI,AGL,CE,Combined TRACON& Tower with Radar,51,93,104,0,248,0,4,90,0,94,51,97,194,0,342,76,0,76,418
05/19/2007,GRR,MI,AGL,CE,Combined TRACON& Tower with Radar,42,66,18,0,126,0,2,39,0,41,42,68,57,0,167,32,0,32,199
05/20/2007,GRR,MI,AGL,CE,Combined TRACON& Tower with Radar,38,65,53,0,156,0,3,32,0,35,38,68,85,0,191,0,0,0,191
05/21/2007,GRR,MI,AGL,CE,Combined TRACON& Tower with Radar,45,103,74,0,222,0,2,38,0,40,45,105,112,0,262,8,0,8,270
05/22/2007,GRR,MI,AGL,CE,Combined TRACON& Tower with Radar,49,112,99,0,260,0,4,86,0,90,49,116,185,0,350,100,0,100,450
05/23/2007,GRR,MI,AGL,CE,Combined TRACON& Tower with Radar,55,107,101,3,266,0,0,39,2,41,55,107,140,5,307,46,10,56,363
05/24/2007,GRR,MI,AGL,CE,Combined TRACON& Tower with Radar,44,104,86,12,246,0,5,47,1,53,44,109,133,13,299,38,2,40,339
05/25/2007,GRR,MI,AGL,CE,Combined TRACON& Tower with Radar,44,110,59,0,213,0,2,41,0,43,44,112,100,0,256,26,0,26,282
05/26/2007,GRR,MI,AGL,CE,Combined TRACON& Tower with Radar,39,60,35,0,134,0,0,2,0,2,39,60,37,0,136,0,0,0,136
05/27/2007,GRR,MI,AGL,CE,Combined TRACON& Tower with Radar,35,46,16,0,97,0,0,18,0,18,35,46,34,0,115,6,0,6,121
05/28/2007,GRR,MI,AGL,CE,Combined TRACON& Tower with Radar,33,84,27,0,144,0,3,21,0,24,33,87,48,0,168,22,4,26,194
05/29/2007,GRR,MI,AGL,CE,Combined TRACON& Tower with Radar,41,105,93,0,239,0,1,89,0,90,41,106,182,0,329,78,0,78,407
05/30/2007,GRR,MI,AGL,CE,Combined TRACON& Tower with Radar,45,106,110,2,263,1,2,56,0,59,46,108,166,2,322,26,14,40,362
05/31/2007,GRR,MI,AGL,CE,Combined TRACON& Tower with Radar,46,106,93,22,267,0,0,54,0,54,46,106,147,22,321,38,14,52,373
06/01/2007,GRR,MI,AGL,CE,Combined TRACON& Tower with Radar,59,115,65,0,239,0,2,23,0,25,59,117,88,0,264,22,0,22,286
06/02/2007,GRR,MI,AGL,CE,Combined TRACON& Tower with Radar,39,63,14,0,116,0,3,14,0,17,39,66,28,0,133,8,0,8,141
06/03/2007,GRR,MI,AGL,CE,Combined TRACON& Tower with Radar,38,59,27,0,124,0,1,3,0,4,38,60,30,0,128,0,0,0,128
06/04/2007,GRR,MI,AGL,CE,Combined TRACON& Tower with Radar,37,110,82,0,229,0,0,13,0,13,37,110,95,0,242,18,0,18,260
06/05/2007,GRR,MI,AGL,CE,Combined TRACON& Tower with Radar,47,113,126,0,286,0,2,53,6,61,47,115,179,6,347,56,0,56,403
06/06/2007,GRR,MI,AGL,CE,Combined TRACON& Tower with Radar,43,115,95,0,253,0,6,97,0,103,43,121,192,0,356,76,0,76,432
06/07/2007,GRR,MI,AGL,CE,Combined TRACON& Tower with Radar,37,106,95,0,238,0,0,30,0,30,37,106,125,0,268,0,0,0,268
06/08/2007,GRR,MI,AGL,CE,Combined TRACON& Tower with Radar,45,94,71,7,217,0,3,28,4,35,45,97,99,11,252,10,18,28,280
06/09/2007,GRR,MI,AGL,CE,Combined TRACON& Tower with Radar,40,59,23,0,122,0,6,213,0,219,40,65,236,0,341,24,2,26,367
06/10/2007,GRR,MI,AGL,CE,Combined TRACON& Tower with Radar,35,72,28,0,135,0,5,79,0,84,35,77,107,0,219,32,0,32,251
06/11/2007,GRR,MI,AGL,CE,Combined TRACON& Tower with Radar,36,118,84,0,238,0,2,65,0,67,36,120,149,0,305,86,0,86,391
06/12/2007,GRR,MI,AGL,CE,Combined TRACON& Tower with Radar,46,113,86,0,245,0,3,88,4,95,46,116,174,4,340,82,8,90,430
06/13/2007,GRR,MI,AGL,CE,Combined TRACON& Tower with Radar,46,114,92,4,256,0,3,89,1,93,46,117,181,5,349,60,4,64,413
06/14/2007,GRR,MI,AGL,CE,Combined TRACON& Tower with Radar,41,117,121,5,284,0,0,69,0,69,41,117,190,5,353,34,16,50,403
06/15/2007,GRR,MI,AGL,CE,Combined TRACON& Tower with Radar,44,103,74,5,226,0,1,84,4,89,44,104,158,9,315,30,20,50,365
06/16/2007,GRR,MI,AGL,CE,Combined TRACON& Tower with Radar,40,59,17,0,116,0,9,64,0,73,40,68,81,0,189,46,0,46,235
06/17/2007,GRR,MI,AGL,CE,Combined TRACON& Tower with Radar,0,0,0,0,0,44,75,72,0,191,44,75,72,0,191,6,0,6,197
06/18/2007,GRR,MI,AGL,CE,Combined TRACON& Tower with Radar,43,113,65,2,223,0,3,52,0,55,43,116,117,2,278,18,0,18,296
06/19/2007,GRR,MI,AGL,CE,Combined TRACON& Tower with Radar,46,114,77,23,260,0,3,59,3,65,46,117,136,26,325,26,14,40,365
06/20/2007,GRR,MI,AGL,CE,Combined TRACON& Tower with Radar,44,113,93,11,261,0,4,96,0,100,44,117,189,11,361,80,12,92,453
06/21/2007,GRR,MI,AGL,CE,Combined TRACON& Tower with Radar,45,122,75,8,250,0,5,70,1,76,45,127,145,9,326,42,20,62,388
06/22/2007,GRR,MI,AGL,CE,Combined TRACON& Tower with Radar,45,120,88,14,267,0,4,78,1,83,45,124,166,15,350,60,2,62,412
06/23/2007,GRR,MI,AGL,CE,Combined TRACON& Tower with Radar,54,64,25,0,143,0,2,43,0,45,54,66,68,0,188,4,0,4,192
06/24/2007,GRR,MI,AGL,CE,Combined TRACON& Tower with Radar,37,28,71,0,136,0,1,45,0,46,37,29,116,0,182,8,0,8,190
06/25/2007,GRR,MI,AGL,CE,Combined TRACON& Tower with Radar,38,104,69,1,212,0,0,39,0,39,38,104,108,1,251,22,0,22,273
06/26/2007,GRR,MI,AGL,CE,Combined TRACON& Tower with Radar,44,110,103,2,259,0,3,96,0,99,44,113,199,2,358,34,0,34,392
06/27/2007,GRR,MI,AGL,CE,Combined TRACON& Tower with Radar,39,106,98,0,243,0,3,28,0,31,39,109,126,0,274,20,0,20,294
06/28/2007,GRR,MI,AGL,CE,Combined TRACON& Tower with Radar,43,109,102,0,254,0,6,95,0,101,43,115,197,0,355,92,2,94,449
06/29/2007,GRR,MI,AGL,CE,Combined TRACON& Tower with Radar,47,102,64,6,219,0,0,65,0,65,47,102,129,6,284,32,2,34,318
06/30/2007,GRR,MI,AGL,CE,Combined TRACON& Tower with Radar,43,66,28,0,137,0,5,37,0,42,43,71,65,0,179,42,0,42,221
07/01/2007,GRR,MI,AGL,CE,Combined TRACON& Tower with Radar,35,65,21,0,121,0,3,34,0,37,35,68,55,0,158,0,0,0,158
07/02/2007,GRR,MI,AGL,CE,Combined TRACON& Tower with Radar,40,103,62,0,205,0,0,0,0,0,40,103,62,0,205,4,0,4,209
07/03/2007,GRR,MI,AGL,CE,Combined TRACON& Tower with Radar,42,98,69,6,215,0,3,40,0,43,42,101,109,6,258,26,12,38,296
07/04/2007,GRR,MI,AGL,CE,Combined TRACON& Tower with Radar,28,57,21,1,107,0,1,12,4,17,28,58,33,5,124,4,0,4,128
07/05/2007,GRR,MI,AGL,CE,Combined TRACON& Tower with Radar,45,97,49,0,191,0,2,58,0,60,45,99,107,0,251,32,2,34,285
07/06/2007,GRR,MI,AGL,CE,Combined TRACON& Tower with Radar,47,95,59,2,203,0,4,92,2,98,47,99,151,4,301,60,0,60,361
07/07/2007,GRR,MI,AGL,CE,Combined TRACON& Tower with Radar,39,57,35,0,131,0,0,41,0,41,39,57,76,0,172,4,0,4,176
07/08/2007,GRR,MI,AGL,CE,Combined TRACON& Tower with Radar,33,76,28,0,137,0,3,26,0,29,33,79,54,0,166,10,0,10,176
07/09/2007,GRR,MI,AGL,CE,Combined TRACON& Tower with Radar,45,115,60,0,220,0,3,39,0,42,45,118,99,0,262,28,0,28,290
07/10/2007,GRR,MI,AGL,CE,Combined TRACON& Tower with Radar,50,114,91,0,255,0,0,24,2,26,50,114,115,2,281,8,0,8,289
07/11/2007,GRR,MI,AGL,CE,Combined TRACON& Tower with Radar,48,124,89,0,261,0,2,65,0,67,48,126,154,0,328,88,0,88,416
07/12/2007,GRR,MI,AGL,CE,Combined TRACON& Tower with Radar,54,116,82,10,262,0,2,57,3,62,54,118,139,13,324,62,10,72,396
07/13/2007,GRR,MI,AGL,CE,Combined TRACON& Tower with Radar,43,103,76,0,222,0,4,84,0,88,43,107,160,0,310,46,0,46,356
07/14/2007,GRR,MI,AGL,CE,Combined TRACON& Tower with Radar,52,53,22,0,127,0,0,0,0,0,52,53,22,0,127,24,0,24,151
07/15/2007,GRR,MI,AGL,CE,Combined TRACON& Tower with Radar,42,72,32,0,146,0,3,48,0,51,42,75,80,0,197,32,0,32,229
07/16/2007,GRR,MI,AGL,CE,Combined TRACON& Tower with Radar,40,116,79,0,235,0,3,61,0,64,40,119,140,0,299,40,0,40,339
07/17/2007,GRR,MI,AGL,CE,Combined TRACON& Tower with Radar,46,108,80,8,242,0,0,13,2,15,46,108,93,10,257,4,8,12,269
07/18/2007,GRR,MI,AGL,CE,Combined TRACON& Tower with Radar,48,114,94,15,271,0,2,31,1,34,48,116,125,16,305,32,14,46,351
07/19/2007,GRR,MI,AGL,CE,Combined TRACON& Tower with Radar,45,108,90,18,261,0,2,38,4,44,45,110,128,22,305,94,40,134,439
07/20/2007,GRR,MI,AGL,CE,Combined TRACON& Tower with Radar,44,99,67,0,210,0,1,69,0,70,44,100,136,0,280,36,0,36,316
07/21/2007,GRR,MI,AGL,CE,Combined TRACON& Tower with Radar,40,61,29,21,151,0,8,55,0,63,40,69,84,21,214,26,26,52,266
07/22/2007,GRR,MI,AGL,CE,Combined TRACON& Tower with Radar,39,73,48,1,161,0,2,49,0,51,39,75,97,1,212,20,0,20,232
07/23/2007,GRR,MI,AGL,CE,Combined TRACON& Tower with Radar,41,103,100,0,244,0,2,56,0,58,41,105,156,0,302,60,0,60,362
07/24/2007,GRR,MI,AGL,CE,Combined TRACON& Tower with Radar,46,112,78,0,236,0,5,55,0,60,46,117,133,0,296,22,0,22,318
07/25/2007,GRR,MI,AGL,CE,Combined TRACON& Tower with Radar,47,117,98,8,270,0,4,34,0,38,47,121,132,8,308,18,16,34,342
07/26/2007,GRR,MI,AGL,CE,Combined TRACON& Tower with Radar,44,126,102,0,272,0,0,14,0,14,44,126,116,0,286,8,0,8,294
07/27/2007,GRR,MI,AGL,CE,Combined TRACON& Tower with Radar,40,109,68,0,217,0,0,23,0,23,40,109,91,0,240,18,0,18,258
07/28/2007,GRR,MI,AGL,CE,Combined TRACON& Tower with Radar,36,64,46,0,146,0,3,31,0,34,36,67,77,0,180,56,0,56,236
07/29/2007,GRR,MI,AGL,CE,Combined TRACON& Tower with Radar,33,77,45,0,155,0,11,61,0,72,33,88,106,0,227,18,0,18,245
07/30/2007,GRR,MI,AGL,CE,Combined TRACON& Tower with Radar,32,106,65,0,203,0,2,44,0,46,32,108,109,0,249,8,0,8,257
07/31/2007,GRR,MI,AGL,CE,Combined TRACON& Tower with Radar,42,115,91,3,251,0,5,70,8,83,42,120,161,11,334,54,34,88,422
08/01/2007,GRR,MI,AGL,CE,Combined TRACON& Tower with Radar,44,111,63,14,232,0,4,65,0,69,44,115,128,14,301,24,16,40,341
08/02/2007,GRR,MI,AGL,CE,Combined TRACON& Tower with Radar,45,111,76,0,232,0,1,37,0,38,45,112,113,0,270,38,0,38,308
08/03/2007,GRR,MI,AGL,CE,Combined TRACON& Tower with Radar,43,105,53,10,211,2,2,44,0,48,45,107,97,10,259,4,6,10,269
08/04/2007,GRR,MI,AGL,CE,Combined TRACON& Tower with Radar,37,56,30,0,123,0,3,45,1,49,37,59,75,1,172,18,0,18,190
08/05/2007,GRR,MI,AGL,CE,Combined TRACON& Tower with Radar,32,77,50,0,159,0,0,7,0,7,32,77,57,0,166,0,0,0,166
08/06/2007,GRR,MI,AGL,CE,Combined TRACON& Tower with Radar,37,11,75,0,123,0,0,17,0,17,37,11,92,0,140,26,0,26,166
08/07/2007,GRR,MI,AGL,CE,Combined TRACON& Tower with Radar,51,121,91,10,273,0,2,23,0,25,51,123,114,10,298,22,14,36,334
08/08/2007,GRR,MI,AGL,CE,Combined TRACON& Tower with Radar,59,111,109,0,279,0,1,56,0,57,59,112,165,0,336,94,0,94,430
08/09/2007,GRR,MI,AGL,CE,Combined TRACON& Tower with Radar,39,116,86,10,251,0,0,12,1,13,39,116,98,11,264,0,0,0,264
08/10/2007,GRR,MI,AGL,CE,Combined TRACON& Tower with Radar,40,111,65,0,216,0,2,61,0,63,40,113,126,0,279,86,0,86,365
08/11/2007,GRR,MI,AGL,CE,Combined TRACON& Tower with Radar,36,62,29,0,127,0,2,42,0,44,36,64,71,0,171,4,0,4,175
08/12/2007,GRR,MI,AGL,CE,Combined TRACON& Tower with Radar,36,88,40,0,164,0,2,28,0,30,36,90,68,0,194,18,0,18,212
08/13/2007,GRR,MI,AGL,CE,Combined TRACON& Tower with Radar,39,111,75,8,233,0,0,67,0,67,39,111,142,8,300,66,0,66,366
08/14/2007,GRR,MI,AGL,CE,Combined TRACON& Tower with Radar,49,111,71,7,238,0,2,44,0,46,49,113,115,7,284,26,12,38,322
08/15/2007,GRR,MI,AGL,CE,Combined TRACON& Tower with Radar,43,127,111,1,282,0,3,19,0,22,43,130,130,1,304,10,0,10,314
08/16/2007,GRR,MI,AGL,CE,Combined TRACON& Tower with Radar,43,124,104,4,275,0,4,86,0,90,43,128,190,4,365,96,4,100,465
08/17/2007,GRR,MI,AGL,CE,Combined TRACON& Tower with Radar,42,101,49,0,192,0,10,63,0,73,42,111,112,0,265,28,0,28,293
08/18/2007,GRR,MI,AGL,CE,Combined TRACON& Tower with Radar,40,57,36,0,133,0,4,46,0,50,40,61,82,0,183,28,0,28,211
08/19/2007,GRR,MI,AGL,CE,Combined TRACON& Tower with Radar,38,85,45,0,168,0,0,1,0,1,38,85,46,0,169,2,0,2,171
08/20/2007,GRR,MI,AGL,CE,Combined TRACON& Tower with Radar,37,100,62,0,199,0,0,0,0,0,37,100,62,0,199,0,0,0,199
08/21/2007,GRR,MI,AGL,CE,Combined TRACON& Tower with Radar,47,111,88,0,246,0,2,0,0,2,47,113,88,0,248,0,0,0,248
08/22/2007,GRR,MI,AGL,CE,Combined TRACON& Tower with Radar,48,124,95,0,267,0,3,43,0,46,48,127,138,0,313,16,0,16,329
08/23/2007,GRR,MI,AGL,CE,Combined TRACON& Tower with Radar,40,92,85,5,222,0,2,17,0,19,40,94,102,5,241,20,0,20,261
08/24/2007,GRR,MI,AGL,CE,Combined TRACON& Tower with Radar,41,109,90,7,247,0,1,18,0,19,41,110,108,7,266,18,16,34,300
08/25/2007,GRR,MI,AGL,CE,Combined TRACON& Tower with Radar,33,66,31,0,130,0,3,30,0,33,33,69,61,0,163,52,0,52,215
08/26/2007,GRR,MI,AGL,CE,Combined TRACON& Tower with Radar,39,73,35,0,147,0,1,42,0,43,39,74,77,0,190,42,0,42,232
08/27/2007,GRR,MI,AGL,CE,Combined TRACON& Tower with Radar,38,115,94,0,247,0,1,71,0,72,38,116,165,0,319,39,56,95,414
08/28/2007,GRR,MI,AGL,CE,Combined TRACON& Tower with Radar,44,103,78,30,255,0,3,77,4,84,44,106,155,34,339,76,40,116,455
08/29/2007,GRR,MI,AGL,CE,Combined TRACON& Tower with Radar,42,106,72,0,220,0,1,32,1,34,42,107,104,1,254,34,0,34,288
08/30/2007,GRR,MI,AGL,CE,Combined TRACON& Tower with Radar,45,102,85,14,246,0,2,60,0,62,45,104,145,14,308,48,8,56,364
08/31/2007,GRR,MI,AGL,CE,Combined TRACON& Tower with Radar,43,109,73,0,225,0,3,77,0,80,43,112,150,0,305,12,6,18,323
09/01/2007,GRR,MI,AGL,CE,Combined TRACON& Tower with Radar,37,56,24,0,117,0,2,43,0,45,37,58,67,0,162,32,0,32,194
09/02/2007,GRR,MI,AGL,CE,Combined TRACON& Tower with Radar,32,60,17,0,109,0,2,22,0,24,32,62,39,0,133,0,0,0,133
09/03/2007,GRR,MI,AGL,CE,Combined TRACON& Tower with Radar,36,80,37,0,153,0,2,68,0,70,36,82,105,0,223,34,0,34,257
09/04/2007,GRR,MI,AGL,CE,Combined TRACON& Tower with Radar,41,104,74,0,219,0,1,50,0,51,41,105,124,0,270,100,0,100,370
09/05/2007,GRR,MI,AGL,CE,Combined TRACON& Tower with Radar,46,107,78,2,233,0,2,54,1,57,46,109,132,3,290,42,0,42,332
09/06/2007,GRR,MI,AGL,CE,Combined TRACON& Tower with Radar,46,106,83,2,237,0,1,28,2,31,46,107,111,4,268,12,6,18,286
09/07/2007,GRR,MI,AGL,CE,Combined TRACON& Tower with Radar,41,100,74,0,215,0,1,5,0,6,41,101,79,0,221,0,0,0,221
09/08/2007,GRR,MI,AGL,CE,Combined TRACON& Tower with Radar,35,50,46,0,131,0,7,155,0,162,35,57,201,0,293,64,20,84,377
09/09/2007,GRR,MI,AGL,CE,Combined TRACON& Tower with Radar,2,12,40,0,54,37,61,0,0,98,39,73,40,0,152,20,0,20,172
09/10/2007,GRR,MI,AGL,CE,Combined TRACON& Tower with Radar,38,90,82,20,230,0,3,10,0,13,38,93,92,20,243,54,14,68,311
09/11/2007,GRR,MI,AGL,CE,Combined TRACON& Tower with Radar,42,100,101,7,250,0,5,19,0,24,42,105,120,7,274,32,12,44,318
09/12/2007,GRR,MI,AGL,CE,Combined TRACON& Tower with Radar,43,96,105,13,257,0,4,53,0,57,43,100,158,13,314,56,20,76,390
09/13/2007,GRR,MI,AGL,CE,Combined TRACON& Tower with Radar,44,110,82,7,243,0,2,62,0,64,44,112,144,7,307,24,8,32,339
09/14/2007,GRR,MI,AGL,CE,Combined TRACON& Tower with Radar,42,93,62,0,197,0,3,24,3,30,42,96,86,3,227,10,0,10,237
09/15/2007,GRR,MI,AGL,CE,Combined TRACON& Tower with Radar,36,58,45,0,139,0,2,69,0,71,36,60,114,0,210,74,0,74,284
09/16/2007,GRR,MI,AGL,CE,Combined TRACON& Tower with Radar,37,64,24,0,125,0,4,48,0,52,37,68,72,0,177,18,0,18,195
09/17/2007,GRR,MI,AGL,CE,Combined TRACON& Tower with Radar,38,95,94,0,227,0,2,32,0,34,38,97,126,0,261,18,0,18,279
09/18/2007,GRR,MI,AGL,CE,Combined TRACON& Tower with Radar,43,97,123,17,280,0,2,46,1,49,43,99,169,18,329,38,0,38,367
09/19/2007,GRR,MI,AGL,CE,Combined TRACON& Tower with Radar,43,96,107,3,249,0,3,51,0,54,43,99,158,3,303,28,0,28,331
09/20/2007,GRR,MI,AGL,CE,Combined TRACON& Tower with Radar,40,97,112,5,254,0,1,71,0,72,40,98,183,5,326,48,2,50,376
09/21/2007,GRR,MI,AGL,CE,Combined TRACON& Tower with Radar,52,98,81,0,231,0,1,63,1,65,52,99,144,1,296,80,0,80,376
09/22/2007,GRR,MI,AGL,CE,Combined TRACON& Tower with Radar,39,73,27,0,139,0,8,63,5,76,39,81,90,5,215,56,0,56,271
09/23/2007,GRR,MI,AGL,CE,Combined TRACON& Tower with Radar,39,61,39,0,139,0,5,55,0,60,39,66,94,0,199,28,0,28,227
09/24/2007,GRR,MI,AGL,CE,Combined TRACON& Tower with Radar,44,99,77,0,220,0,3,35,0,38,44,102,112,0,258,32,0,32,290
09/25/2007,GRR,MI,AGL,CE,Combined TRACON& Tower with Radar,53,89,81,0,223,0,0,7,0,7,53,89,88,0,230,22,0,22,252
09/26/2007,GRR,MI,AGL,CE,Combined TRACON& Tower with Radar,44,98,83,12,237,0,2,29,0,31,44,100,112,12,268,118,0,118,386
09/27/2007,GRR,MI,AGL,CE,Combined TRACON& Tower with Radar,47,102,99,2,250,0,1,69,1,71,47,103,168,3,321,104,0,104,425
09/28/2007,GRR,MI,AGL,CE,Combined TRACON& Tower with Radar,48,93,98,12,251,0,2,80,0,82,48,95,178,12,333,38,20,58,391
09/29/2007,GRR,MI,AGL,CE,Combined TRACON& Tower with Radar,35,57,43,0,135,0,1,33,0,34,35,58,76,0,169,6,0,6,175
09/30/2007,GRR,MI,AGL,CE,Combined TRACON& Tower with Radar,39,67,49,0,155,0,3,41,0,44,39,70,90,0,199,14,0,14,213
10/01/2007,GRR,MI,AGL,CE,Combined TRACON& Tower with Radar,41,62,88,0,191,0,30,7,0,37,41,92,95,0,228,0,0,0,228
10/02/2007,GRR,MI,AGL,CE,Combined TRACON& Tower with Radar,47,100,104,22,273,0,0,26,1,27,47,100,130,23,300,60,18,78,378
10/03/2007,GRR,MI,AGL,CE,Combined TRACON& Tower with Radar,48,95,89,9,241,0,4,52,0,56,48,99,141,9,297,54,4,58,355
10/04/2007,GRR,MI,AGL,CE,Combined TRACON& Tower with Radar,47,102,96,1,246,0,8,65,0,73,47,110,161,1,319,108,0,108,427
10/05/2007,GRR,MI,AGL,CE,Combined TRACON& Tower with Radar,47,91,44,0,182,0,0,42,0,42,47,91,86,0,224,20,0,20,244
10/06/2007,GRR,MI,AGL,CE,Combined TRACON& Tower with Radar,43,60,33,0,136,0,2,71,0,73,43,62,104,0,209,90,0,90,299
10/07/2007,GRR,MI,AGL,CE,Combined TRACON& Tower with Radar,38,63,43,0,144,0,0,41,0,41,38,63,84,0,185,22,0,22,207
10/08/2007,GRR,MI,AGL,CE,Combined TRACON& Tower with Radar,39,93,56,0,188,0,1,32,0,33,39,94,88,0,221,36,0,36,257
10/09/2007,GRR,MI,AGL,CE,Combined TRACON& Tower with Radar,15,98,82,11,206,0,1,47,2,50,15,99,129,13,256,30,14,44,300
10/10/2007,GRR,MI,AGL,CE,Combined TRACON& Tower with Radar,48,113,76,0,237,0,2,1,0,3,48,115,77,0,240,70,0,70,310
10/11/2007,GRR,MI,AGL,CE,Combined TRACON& Tower with Radar,48,94,90,2,234,0,7,27,0,34,48,101,117,2,268,38,10,48,316
10/12/2007,GRR,MI,AGL,CE,Combined TRACON& Tower with Radar,46,94,82,0,222,0,0,58,0,58,46,94,140,0,280,20,20,40,320
10/14/2007,GRR,MI,AGL,CE,Combined TRACON& Tower with Radar,44,57,54,0,155,0,1,17,0,18,44,58,71,0,173,0,0,0,173
10/15/2007,GRR,MI,AGL,CE,Combined TRACON& Tower with Radar,43,93,73,0,209,0,3,45,0,48,43,96,118,0,257,82,0,82,339
10/16/2007,GRR,MI,AGL,CE,Combined TRACON& Tower with Radar,48,100,80,0,228,0,0,2,0,2,48,100,82,0,230,7,0,7,237
10/17/2007,GRR,MI,AGL,CE,Combined TRACON& Tower with Radar,53,116,120,4,293,0,0,72,0,72,53,116,192,4,365,88,0,88,453
10/18/2007,GRR,MI,AGL,CE,Combined TRACON& Tower with Radar,49,93,74,0,216,0,1,5,0,6,49,94,79,0,222,0,0,0,222
10/19/2007,GRR,MI,AGL,CE,Combined TRACON& Tower with Radar,46,89,64,0,199,0,2,5,0,7,46,91,69,0,206,0,0,0,206
10/20/2007,GRR,MI,AGL,CE,Combined TRACON& Tower with Radar,40,62,42,2,146,0,7,64,0,71,40,69,106,2,217,24,0,24,241
10/21/2007,GRR,MI,AGL,CE,Combined TRACON& Tower with Radar,39,60,43,0,142,0,3,37,0,40,39,63,80,0,182,18,0,18,200
10/22/2007,GRR,MI,AGL,CE,Combined TRACON& Tower with Radar,46,100,87,0,233,0,1,32,0,33,46,101,119,0,266,24,0,24,290
10/23/2007,GRR,MI,AGL,CE,Combined TRACON& Tower with Radar,41,94,83,15,233,0,1,47,3,51,41,95,130,18,284,54,18,72,356
10/24/2007,GRR,MI,AGL,CE,Combined TRACON& Tower with Radar,48,104,121,0,273,0,4,53,0,57,48,108,174,0,330,44,0,44,374
10/25/2007,GRR,MI,AGL,CE,Combined TRACON& Tower with Radar,45,99,95,0,239,0,2,79,0,81,45,101,174,0,320,30,0,30,350
10/26/2007,GRR,MI,AGL,CE,Combined TRACON& Tower with Radar,48,94,99,0,241,0,0,34,0,34,48,94,133,0,275,68,0,68,343
10/27/2007,GRR,MI,AGL,CE,Combined TRACON& Tower with Radar,40,60,34,0,134,0,0,0,0,0,40,60,34,0,134,6,0,6,140
10/28/2007,GRR,MI,AGL,CE,Combined TRACON& Tower with Radar,34,66,36,0,136,0,6,51,0,57,34,72,87,0,193,30,0,30,223
10/29/2007,GRR,MI,AGL,CE,Combined TRACON& Tower with Radar,35,106,82,0,223,0,6,46,0,52,35,112,128,0,275,80,0,80,355
10/30/2007,GRR,MI,AGL,CE,Combined TRACON& Tower with Radar,46,105,80,0,231,0,3,62,0,65,46,108,142,0,296,12,0,12,308
10/31/2007,GRR,MI,AGL,CE,Combined TRACON& Tower with Radar,50,96,69,0,215,0,0,16,0,16,50,96,85,0,231,18,0,18,249
11/01/2007,GRR,MI,AGL,CE,Combined TRACON& Tower with Radar,44,106,89,21,260,0,2,56,2,60,44,108,145,23,320,22,42,64,384
11/02/2007,GRR,MI,AGL,CE,Combined TRACON& Tower with Radar,46,103,83,21,253,0,4,74,0,78,46,107,157,21,331,40,32,72,403
11/03/2007,GRR,MI,AGL,CE,Combined TRACON& Tower with Radar,35,61,32,0,128,0,5,53,0,58,35,66,85,0,186,22,0,22,208
11/04/2007,GRR,MI,AGL,CE,Combined TRACON& Tower with Radar,37,77,48,0,162,0,4,33,0,37,37,81,81,0,199,50,0,50,249
11/05/2007,GRR,MI,AGL,CE,Combined TRACON& Tower with Radar,45,93,93,0,231,0,4,15,0,19,45,97,108,0,250,0,0,0,250
11/06/2007,GRR,MI,AGL,CE,Combined TRACON& Tower with Radar,50,102,88,0,240,0,0,1,0,1,50,102,89,0,241,0,0,0,241
11/07/2007,GRR,MI,AGL,CE,Combined TRACON& Tower with Radar,46,103,107,17,273,0,4,55,1,60,46,107,162,18,333,164,26,190,523
11/08/2007,GRR,MI,AGL,CE,Combined TRACON& Tower with Radar,45,96,96,11,248,0,1,38,0,39,45,97,134,11,287,78,22,100,387
11/09/2007,GRR,MI,AGL,CE,Combined TRACON& Tower with Radar,38,108,93,0,239,0,1,51,0,52,38,109,144,0,291,18,0,18,309
11/10/2007,GRR,MI,AGL,CE,Combined TRACON& Tower with Radar,36,58,38,0,132,0,1,31,0,32,36,59,69,0,164,20,0,20,184
11/11/2007,GRR,MI,AGL,CE,Combined TRACON& Tower with Radar,39,74,57,0,170,0,2,1,0,3,39,76,58,0,173,10,0,10,183
11/12/2007,GRR,MI,AGL,CE,Combined TRACON& Tower with Radar,43,90,80,0,213,0,0,12,0,12,43,90,92,0,225,56,0,56,281
11/13/2007,GRR,MI,AGL,CE,Combined TRACON& Tower with Radar,46,84,89,0,219,0,6,52,0,58,46,90,141,0,277,64,0,64,341
11/14/2007,GRR,MI,AGL,CE,Combined TRACON& Tower with Radar,43,94,72,7,216,0,0,44,1,45,43,94,116,8,261,38,0,38,299
11/15/2007,GRR,MI,AGL,CE,Combined TRACON& Tower with Radar,45,100,55,0,200,0,5,12,0,17,45,105,67,0,217,26,0,26,243
11/16/2007,GRR,MI,AGL,CE,Combined TRACON& Tower with Radar,55,105,95,0,255,0,1,58,0,59,55,106,153,0,314,52,0,52,366
11/17/2007,GRR,MI,AGL,CE,Combined TRACON& Tower with Radar,34,64,33,0,131,0,3,16,0,19,34,67,49,0,150,16,0,16,166
11/18/2007,GRR,MI,AGL,CE,Combined TRACON& Tower with Radar,32,69,46,0,147,0,5,48,0,53,32,74,94,0,200,38,0,38,238
11/19/2007,GRR,MI,AGL,CE,Combined TRACON& Tower with Radar,34,85,84,0,203,0,2,6,0,8,34,87,90,0,211,18,0,18,229
11/20/2007,GRR,MI,AGL,CE,Combined TRACON& Tower with Radar,48,111,120,16,295,0,1,0,0,1,48,112,120,16,296,0,24,24,320
11/21/2007,GRR,MI,AGL,CE,Combined TRACON& Tower with Radar,45,97,67,0,209,0,0,4,0,4,45,97,71,0,213,64,0,64,277
11/22/2007,GRR,MI,AGL,CE,Combined TRACON& Tower with Radar,26,40,12,0,78,0,3,11,0,14,26,43,23,0,92,0,0,0,92
11/23/2007,GRR,MI,AGL,CE,Combined TRACON& Tower with Radar,34,63,32,0,129,0,4,47,0,51,34,67,79,0,180,12,0,12,192
11/24/2007,GRR,MI,AGL,CE,Combined TRACON& Tower with Radar,41,71,26,0,138,0,4,14,0,18,41,75,40,0,156,14,0,14,170
11/25/2007,GRR,MI,AGL,CE,Combined TRACON& Tower with Radar,38,78,56,0,172,0,0,22,0,22,38,78,78,0,194,62,0,62,256
11/26/2007,GRR,MI,AGL,CE,Combined TRACON& Tower with Radar,34,93,68,0,195,0,0,0,0,0,34,93,68,0,195,0,0,0,195
11/27/2007,GRR,MI,AGL,CE,Combined TRACON& Tower with Radar,51,83,87,2,223,0,2,31,0,33,51,85,118,2,256,24,0,24,280
11/28/2007,GRR,MI,AGL,CE,Combined TRACON& Tower with Radar,44,97,118,0,259,0,3,32,0,35,44,100,150,0,294,36,0,36,330
11/29/2007,GRR,MI,AGL,CE,Combined TRACON& Tower with Radar,42,96,83,0,221,0,3,11,0,14,42,99,94,0,235,4,0,4,239
11/30/2007,GRR,MI,AGL,CE,Combined TRACON& Tower with Radar,41,110,72,0,223,0,2,13,0,15,41,112,85,0,238,12,0,12,250
12/01/2007,GRR,MI,AGL,CE,Combined TRACON& Tower with Radar,32,53,31,0,116,0,0,26,0,26,32,53,57,0,142,40,0,40,182
12/02/2007,GRR,MI,AGL,CE,Combined TRACON& Tower with Radar,26,61,22,0,109,0,0,0,0,0,26,61,22,0,109,0,0,0,109
12/03/2007,GRR,MI,AGL,CE,Combined TRACON& Tower with Radar,34,99,16,0,149,0,1,4,0,5,34,100,20,0,154,4,0,4,158
12/04/2007,GRR,MI,AGL,CE,Combined TRACON& Tower with Radar,46,104,81,2,233,0,2,32,0,34,46,106,113,2,267,62,0,62,329
12/05/2007,GRR,MI,AGL,CE,Combined TRACON& Tower with Radar,50,103,89,1,243,0,0,35,0,35,50,103,124,1,278,84,0,84,362
12/06/2007,GRR,MI,AGL,CE,Combined TRACON& Tower with Radar,39,104,94,13,250,0,3,42,2,47,39,107,136,15,297,106,52,158,455
12/07/2007,GRR,MI,AGL,CE,Combined TRACON& Tower with Radar,41,96,50,0,187,0,0,1,0,1,41,96,51,0,188,0,0,0,188
12/08/2007,GRR,MI,AGL,CE,Combined TRACON& Tower with Radar,32,60,67,0,159,0,0,76,0,76,32,60,143,0,235,56,0,56,291
12/09/2007,GRR,MI,AGL,CE,Combined TRACON& Tower with Radar,29,64,39,0,132,0,3,4,0,7,29,67,43,0,139,0,0,0,139
12/10/2007,GRR,MI,AGL,CE,Combined TRACON& Tower with Radar,31,103,132,0,266,0,1,18,0,19,31,104,150,0,285,34,0,34,319
12/11/2007,GRR,MI,AGL,CE,Combined TRACON& Tower with Radar,36,65,40,0,141,0,0,0,0,0,36,65,40,0,141,0,0,0,141
12/12/2007,GRR,MI,AGL,CE,Combined TRACON& Tower with Radar,40,93,102,0,235,0,5,65,0,70,40,98,167,0,305,116,0,116,421
12/13/2007,GRR,MI,AGL,CE,Combined TRACON& Tower with Radar,41,105,88,0,234,0,0,12,0,12,41,105,100,0,246,0,0,0,246
12/14/2007,GRR,MI,AGL,CE,Combined TRACON& Tower with Radar,37,104,77,3,221,0,4,50,0,54,37,108,127,3,275,22,0,22,297
12/15/2007,GRR,MI,AGL,CE,Combined TRACON& Tower with Radar,31,59,32,0,122,0,2,2,0,4,31,61,34,0,126,0,0,0,126
12/16/2007,GRR,MI,AGL,CE,Combined TRACON& Tower with Radar,39,66,14,0,119,0,0,0,0,0,39,66,14,0,119,0,0,0,119
12/17/2007,GRR,MI,AGL,CE,Combined TRACON& Tower with Radar,36,100,75,2,213,0,1,9,0,10,36,101,84,2,223,46,8,54,277
12/18/2007,GRR,MI,AGL,CE,Combined TRACON& Tower with Radar,42,96,68,15,221,0,1,39,0,40,42,97,107,15,261,20,14,34,295
12/19/2007,GRR,MI,AGL,CE,Combined TRACON& Tower with Radar,49,100,74,2,225,0,2,12,0,14,49,102,86,2,239,20,0,20,259
12/20/2007,GRR,MI,AGL,CE,Combined TRACON& Tower with Radar,50,107,87,13,257,0,1,63,3,67,50,108,150,16,324,64,8,72,396
12/21/2007,GRR,MI,AGL,CE,Combined TRACON& Tower with Radar,47,106,38,0,191,0,0,13,0,13,47,106,51,0,204,58,0,58,262
12/22/2007,GRR,MI,AGL,CE,Combined TRACON& Tower with Radar,40,77,18,0,135,0,0,0,0,0,40,77,18,0,135,0,0,0,135
12/23/2007,GRR,MI,AGL,CE,Combined TRACON& Tower with Radar,48,72,17,0,137,1,0,0,0,1,49,72,17,0,138,0,0,0,138
12/24/2007,GRR,MI,AGL,CE,Combined TRACON& Tower with Radar,35,61,19,0,115,0,0,0,0,0,35,61,19,0,115,0,0,0,115
12/25/2007,GRR,MI,AGL,CE,Combined TRACON& Tower with Radar,3,3,13,0,19,32,53,7,0,92,35,56,20,0,111,4,0,4,115
12/26/2007,GRR,MI,AGL,CE,Combined TRACON& Tower with Radar,47,81,53,0,181,0,1,42,0,43,47,82,95,0,224,44,0,44,268
12/27/2007,GRR,MI,AGL,CE,Combined TRACON& Tower with Radar,45,108,58,0,211,0,0,10,0,10,45,108,68,0,221,24,0,24,245
12/28/2007,GRR,MI,AGL,CE,Combined TRACON& Tower with Radar,30,69,20,0,119,0,3,6,0,9,30,72,26,0,128,18,0,18,146
12/29/2007,GRR,MI,AGL,CE,Combined TRACON& Tower with Radar,41,75,22,0,138,0,0,0,0,0,41,75,22,0,138,0,0,0,138
12/30/2007,GRR,MI,AGL,CE,Combined TRACON& Tower with Radar,38,69,14,0,121,0,3,15,0,18,38,72,29,0,139,52,0,52,191
12/31/2007,GRR,MI,AGL,CE,Combined TRACON& Tower with Radar,43,70,22,0,135,0,0,0,0,0,43,70,22,0,135,64,0,64,199
01/01/2008,GRR,MI,AGL,CE,Combined TRACON& Tower with Radar,35,65,14,0,114,0,0,0,0,0,35,65,14,0,114,0,0,0,114
01/02/2008,GRR,MI,AGL,CE,Combined TRACON& Tower with Radar,38,98,54,2,192,0,1,11,0,12,38,99,65,2,204,0,0,0,204
01/03/2008,GRR,MI,AGL,CE,Combined TRACON& Tower with Radar,49,101,68,0,218,0,6,47,0,53,49,107,115,0,271,32,0,32,303
01/04/2008,GRR,MI,AGL,CE,Combined TRACON& Tower with Radar,39,100,50,0,189,0,3,47,2,52,39,103,97,2,241,112,0,112,353
01/05/2008,GRR,MI,AGL,CE,Combined TRACON& Tower with Radar,39,58,25,0,122,0,0,0,0,0,39,58,25,0,122,0,0,0,122
01/06/2008,GRR,MI,AGL,CE,Combined TRACON& Tower with Radar,47,53,18,0,118,0,0,0,0,0,47,53,18,0,118,0,0,0,118
01/07/2008,GRR,MI,AGL,CE,Combined TRACON& Tower with Radar,42,98,61,11,212,0,0,4,0,4,42,98,65,11,216,8,14,22,238
01/08/2008,GRR,MI,AGL,CE,Combined TRACON& Tower with Radar,42,89,101,28,260,0,0,0,0,0,42,89,101,28,260,0,0,0,260
01/09/2008,GRR,MI,AGL,CE,Combined TRACON& Tower with Radar,47,96,94,19,256,0,1,33,3,37,47,97,127,22,293,26,34,60,353
01/10/2008,GRR,MI,AGL,CE,Combined TRACON& Tower with Radar,46,92,83,8,229,0,0,31,2,33,46,92,114,10,262,32,22,54,316
01/11/2008,GRR,MI,AGL,CE,Combined TRACON& Tower with Radar,37,100,54,0,191,0,0,0,0,0,37,100,54,0,191,0,0,0,191
01/12/2008,GRR,MI,AGL,CE,Combined TRACON& Tower with Radar,43,50,23,0,116,0,3,21,0,24,43,53,44,0,140,28,0,28,168
01/13/2008,GRR,MI,AGL,CE,Combined TRACON& Tower with Radar,43,63,25,0,131,0,0,0,0,0,43,63,25,0,131,0,0,0,131
01/14/2008,GRR,MI,AGL,CE,Combined TRACON& Tower with Radar,41,93,68,21,223,0,0,1,0,1,41,93,69,21,224,0,10,10,234
01/15/2008,GRR,MI,AGL,CE,Combined TRACON& Tower with Radar,46,94,51,0,191,0,1,7,0,8,46,95,58,0,199,38,0,38,237
01/16/2008,GRR,MI,AGL,CE,Combined TRACON& Tower with Radar,42,98,91,3,234,0,2,65,1,68,42,100,156,4,302,58,0,58,360
01/17/2008,GRR,MI,AGL,CE,Combined TRACON& Tower with Radar,54,96,78,2,230,0,2,6,0,8,54,98,84,2,238,8,2,10,248
01/18/2008,GRR,MI,AGL,CE,Combined TRACON& Tower with Radar,46,91,73,3,213,0,0,17,3,20,46,91,90,6,233,12,2,14,247
01/19/2008,GRR,MI,AGL,CE,Combined TRACON& Tower with Radar,38,49,12,0,99,0,0,0,0,0,38,49,12,0,99,0,0,0,99
01/20/2008,GRR,MI,AGL,CE,Combined TRACON& Tower with Radar,31,81,2,0,114,0,3,0,6,9,31,84,2,6,123,0,0,0,123
01/21/2008,GRR,MI,AGL,CE,Combined TRACON& Tower with Radar,38,94,67,0,199,0,0,1,0,1,38,94,68,0,200,0,0,0,200
01/22/2008,GRR,MI,AGL,CE,Combined TRACON& Tower with Radar,47,86,87,0,220,0,0,0,0,0,47,86,87,0,220,0,0,0,220
01/23/2008,GRR,MI,AGL,CE,Combined TRACON& Tower with Radar,51,93,68,0,212,0,0,0,0,0,51,93,68,0,212,0,0,0,212
01/24/2008,GRR,MI,AGL,CE,Combined TRACON& Tower with Radar,47,110,124,2,283,0,0,34,0,34,47,110,158,2,317,56,2,58,375
01/25/2008,GRR,MI,AGL,CE,Combined TRACON& Tower with Radar,43,90,77,0,210,0,4,32,0,36,43,94,109,0,246,42,0,42,288
01/26/2008,GRR,MI,AGL,CE,Combined TRACON& Tower with Radar,44,50,24,0,118,0,3,3,0,6,44,53,27,0,124,0,0,0,124
01/27/2008,GRR,MI,AGL,CE,Combined TRACON& Tower with Radar,35,69,45,0,149,0,4,7,0,11,35,73,52,0,160,0,0,0,160
01/28/2008,GRR,MI,AGL,CE,Combined TRACON& Tower with Radar,44,92,93,0,229,0,2,20,1,23,44,94,113,1,252,54,0,54,306
01/29/2008,GRR,MI,AGL,CE,Combined TRACON& Tower with Radar,44,84,64,0,192,0,0,0,0,0,44,84,64,0,192,0,0,0,192
01/30/2008,GRR,MI,AGL,CE,Combined TRACON& Tower with Radar,44,84,75,0,203,0,0,0,0,0,44,84,75,0,203,0,0,0,203
01/31/2008,GRR,MI,AGL,CE,Combined TRACON& Tower with Radar,45,100,101,8,254,0,2,21,1,24,45,102,122,9,278,16,24,40,318
02/01/2008,GRR,MI,AGL,CE,Combined TRACON& Tower with Radar,38,91,47,0,176,0,1,0,0,1,38,92,47,0,177,0,0,0,177
02/02/2008,GRR,MI,AGL,CE,Combined TRACON& Tower with Radar,39,51,18,0,108,0,1,3,0,4,39,52,21,0,112,0,0,0,112
02/03/2008,GRR,MI,AGL,CE,Combined TRACON& Tower with Radar,32,63,17,2,114,0,2,9,0,11,32,65,26,2,125,24,10,34,159
02/04/2008,GRR,MI,AGL,CE,Combined TRACON& Tower with Radar,34,88,66,0,188,0,0,0,0,0,34,88,66,0,188,0,0,0,188
02/05/2008,GRR,MI,AGL,CE,Combined TRACON& Tower with Radar,39,94,60,0,193,0,0,0,0,0,39,94,60,0,193,0,0,0,193
02/06/2008,GRR,MI,AGL,CE,Combined TRACON& Tower with Radar,38,76,48,0,162,0,0,0,0,0,38,76,48,0,162,0,0,0,162
02/07/2008,GRR,MI,AGL,CE,Combined TRACON& Tower with Radar,44,95,95,2,236,0,4,21,1,26,44,99,116,3,262,26,0,26,288
02/08/2008,GRR,MI,AGL,CE,Combined TRACON& Tower with Radar,45,91,65,0,201,0,0,3,0,3,45,91,68,0,204,0,0,0,204
02/09/2008,GRR,MI,AGL,CE,Combined TRACON& Tower with Radar,44,53,32,2,131,0,0,0,0,0,44,53,32,2,131,0,0,0,131
02/10/2008,GRR,MI,AGL,CE,Combined TRACON& Tower with Radar,37,53,16,0,106,0,0,0,0,0,37,53,16,0,106,0,0,0,106
02/11/2008,GRR,MI,AGL,CE,Combined TRACON& Tower with Radar,37,90,73,9,209,0,4,0,0,4,37,94,73,9,213,20,4,24,237
02/12/2008,GRR,MI,AGL,CE,Combined TRACON& Tower with Radar,34,90,53,0,177,0,0,0,0,0,34,90,53,0,177,0,0,0,177
02/13/2008,GRR,MI,AGL,CE,Combined TRACON& Tower with Radar,45,96,98,16,255,0,1,37,2,40,45,97,135,18,295,56,26,82,377
02/14/2008,GRR,MI,AGL,CE,Combined TRACON& Tower with Radar,46,95,104,11,256,0,2,21,0,23,46,97,125,11,279,28,12,40,319
02/15/2008,GRR,MI,AGL,CE,Combined TRACON& Tower with Radar,45,100,80,0,225,0,1,26,0,27,45,101,106,0,252,40,0,40,292
02/16/2008,GRR,MI,AGL,CE,Combined TRACON& Tower with Radar,39,62,43,0,144,0,3,54,0,57,39,65,97,0,201,58,0,58,259
02/17/2008,GRR,MI,AGL,CE,Combined TRACON& Tower with Radar,37,63,17,0,117,0,0,0,0,0,37,63,17,0,117,0,0,0,117
02/18/2008,GRR,MI,AGL,CE,Combined TRACON& Tower with Radar,35,83,64,0,182,0,0,0,0,0,35,83,64,0,182,0,0,0,182
02/19/2008,GRR,MI,AGL,CE,Combined TRACON& Tower with Radar,50,90,76,0,216,0,0,1,0,1,50,90,77,0,217,0,0,0,217
02/20/2008,GRR,MI,AGL,CE,Combined TRACON& Tower with Radar,50,103,99,10,262,0,0,46,0,46,50,103,145,10,308,80,26,106,414
02/21/2008,GRR,MI,AGL,CE,Combined TRACON& Tower with Radar,46,93,65,16,220,0,2,44,1,47,46,95,109,17,267,108,48,156,423
02/22/2008,GRR,MI,AGL,CE,Combined TRACON& Tower with Radar,43,71,89,1,204,0,1,62,0,63,43,72,151,1,267,54,0,54,321
02/23/2008,GRR,MI,AGL,CE,Combined TRACON& Tower with Radar,43,55,30,0,128,0,5,48,0,53,43,60,78,0,181,66,0,66,247
02/24/2008,GRR,MI,AGL,CE,Combined TRACON& Tower with Radar,42,69,44,0,155,0,0,32,0,32,42,69,76,0,187,36,0,36,223
02/25/2008,GRR,MI,AGL,CE,Combined TRACON& Tower with Radar,34,97,57,0,188,0,0,0,0,0,34,97,57,0,188,0,0,0,188
02/26/2008,GRR,MI,AGL,CE,Combined TRACON& Tower with Radar,49,92,51,0,192,0,1,0,0,1,49,93,51,0,193,0,0,0,193
02/27/2008,GRR,MI,AGL,CE,Combined TRACON& Tower with Radar,52,100,66,25,243,0,1,23,2,26,52,101,89,27,269,54,46,100,369
02/28/2008,GRR,MI,AGL,CE,Combined TRACON& Tower with Radar,52,93,114,1,260,0,2,21,0,23,52,95,135,1,283,88,6,94,377
02/29/2008,GRR,MI,AGL,CE,Combined TRACON& Tower with Radar,46,95,41,0,182,0,0,1,0,1,46,95,42,0,183,0,0,0,183
03/01/2008,GRR,MI,AGL,CE,Combined TRACON& Tower with Radar,40,55,39,7,141,0,4,48,0,52,40,59,87,7,193,42,0,42,235
03/02/2008,GRR,MI,AGL,CE,Combined TRACON& Tower with Radar,40,57,44,2,143,0,2,9,0,11,40,59,53,2,154,2,2,4,158
03/03/2008,GRR,MI,AGL,CE,Combined TRACON& Tower with Radar,39,86,50,9,184,0,2,0,0,2,39,88,50,9,186,0,4,4,190
03/04/2008,GRR,MI,AGL,CE,Combined TRACON& Tower with Radar,52,82,74,0,208,0,0,36,0,36,52,82,110,0,244,66,4,70,314
03/05/2008,GRR,MI,AGL,CE,Combined TRACON& Tower with Radar,58,84,78,27,247,0,4,43,2,49,58,88,121,29,296,38,40,78,374
03/06/2008,GRR,MI,AGL,CE,Combined TRACON& Tower with Radar,50,82,66,8,206,0,0,9,1,10,50,82,75,9,216,48,16,64,280
03/07/2008,GRR,MI,AGL,CE,Combined TRACON& Tower with Radar,48,81,72,1,202,0,2,24,1,27,48,83,96,2,229,32,2,34,263
03/08/2008,GRR,MI,AGL,CE,Combined TRACON& Tower with Radar,43,47,33,0,123,0,3,38,0,41,43,50,71,0,164,38,0,38,202
03/09/2008,GRR,MI,AGL,CE,Combined TRACON& Tower with Radar,46,64,39,0,149,0,2,12,0,14,46,66,51,0,163,0,0,0,163
03/10/2008,GRR,MI,AGL,CE,Combined TRACON& Tower with Radar,45,85,86,0,216,0,6,48,0,54,45,91,134,0,270,34,0,34,304
03/11/2008,GRR,MI,AGL,CE,Combined TRACON& Tower with Radar,52,94,94,1,241,0,3,38,1,42,52,97,132,2,283,10,0,10,293
03/12/2008,GRR,MI,AGL,CE,Combined TRACON& Tower with Radar,51,85,77,10,223,0,0,54,3,57,51,85,131,13,280,54,6,60,340
03/13/2008,GRR,MI,AGL,CE,Combined TRACON& Tower with Radar,52,88,79,13,232,0,3,21,4,28,52,91,100,17,260,14,20,34,294
03/14/2008,GRR,MI,AGL,CE,Combined TRACON& Tower with Radar,49,85,77,3,214,0,2,71,1,74,49,87,148,4,288,70,2,72,360
03/15/2008,GRR,MI,AGL,CE,Combined TRACON& Tower with Radar,42,56,32,0,130,0,5,32,0,37,42,61,64,0,167,2,0,2,169
03/16/2008,GRR,MI,AGL,CE,Combined TRACON& Tower with Radar,44,58,35,0,137,0,0,29,0,29,44,58,64,0,166,2,0,2,168
03/17/2008,GRR,MI,AGL,CE,Combined TRACON& Tower with Radar,42,84,72,9,207,0,1,37,0,38,42,85,109,9,245,38,6,44,289
03/18/2008,GRR,MI,AGL,CE,Combined TRACON& Tower with Radar,52,86,78,0,216,0,0,0,0,0,52,86,78,0,216,0,0,0,216
03/19/2008,GRR,MI,AGL,CE,Combined TRACON& Tower with Radar,46,90,88,3,227,0,3,17,2,22,46,93,105,5,249,10,5,15,264
03/20/2008,GRR,MI,AGL,CE,Combined TRACON& Tower with Radar,48,95,107,19,269,0,3,56,0,59,48,98,163,19,328,66,6,72,400
03/21/2008,GRR,MI,AGL,CE,Combined TRACON& Tower with Radar,20,59,24,0,103,0,0,8,0,8,20,59,32,0,111,0,0,0,111
03/22/2008,GRR,MI,AGL,CE,Combined TRACON& Tower with Radar,42,51,27,0,120,0,5,36,0,41,42,56,63,0,161,20,0,20,181
03/23/2008,GRR,MI,AGL,CE,Combined TRACON& Tower with Radar,40,57,21,0,118,0,2,11,0,13,40,59,32,0,131,4,0,4,135
03/24/2008,GRR,MI,AGL,CE,Combined TRACON& Tower with Radar,39,85,72,8,204,0,3,47,0,50,39,88,119,8,254,40,0,40,294
03/25/2008,GRR,MI,AGL,CE,Combined TRACON& Tower with Radar,52,100,65,0,217,0,0,0,0,0,52,100,65,0,217,34,0,34,251
03/26/2008,GRR,MI,AGL,CE,Combined TRACON& Tower with Radar,51,93,82,1,227,0,0,44,0,44,51,93,126,1,271,38,0,38,309
03/27/2008,GRR,MI,AGL,CE,Combined TRACON& Tower with Radar,49,94,65,20,228,0,0,0,0,0,49,94,65,20,228,0,0,0,228
03/28/2008,GRR,MI,AGL,CE,Combined TRACON& Tower with Radar,47,93,85,9,234,0,0,51,1,52,47,93,136,10,286,26,26,52,338
03/29/2008,GRR,MI,AGL,CE,Combined TRACON& Tower with Radar,46,52,52,0,150,0,1,81,0,82,46,53,133,0,232,38,0,38,270
03/30/2008,GRR,MI,AGL,CE,Combined TRACON& Tower with Radar,37,63,40,0,140,0,1,8,0,9,37,64,48,0,149,0,0,0,149
03/31/2008,GRR,MI,AGL,CE,Combined TRACON& Tower with Radar,34,88,53,0,175,0,0,0,0,0,34,88,53,0,175,0,0,0,175
04/01/2008,GRR,MI,AGL,CE,Combined TRACON& Tower with Radar,49,100,65,1,215,0,2,2,0,4,49,102,67,1,219,0,0,0,219
04/02/2008,GRR,MI,AGL,CE,Combined TRACON& Tower with Radar,46,94,96,12,248,0,5,91,0,96,46,99,187,12,344,70,14,84,428
04/03/2008,GRR,MI,AGL,CE,Combined TRACON& Tower with Radar,49,92,95,15,251,0,2,54,0,56,49,94,149,15,307,78,14,92,399
04/04/2008,GRR,MI,AGL,CE,Combined TRACON& Tower with Radar,45,87,55,10,197,0,1,29,0,30,45,88,84,10,227,28,14,42,269
04/05/2008,GRR,MI,AGL,CE,Combined TRACON& Tower with Radar,39,53,33,0,125,0,4,45,0,49,39,57,78,0,174,30,0,30,204
04/06/2008,GRR,MI,AGL,CE,Combined TRACON& Tower with Radar,36,64,16,0,116,0,3,41,0,44,36,67,57,0,160,38,0,38,198
04/07/2008,GRR,MI,AGL,CE,Combined TRACON& Tower with Radar,39,89,40,0,168,0,2,22,0,24,39,91,62,0,192,8,0,8,200
04/08/2008,GRR,MI,AGL,CE,Combined TRACON& Tower with Radar,58,95,66,0,219,0,0,31,0,31,58,95,97,0,250,8,4,12,262
04/09/2008,GRR,MI,AGL,CE,Combined TRACON& Tower with Radar,51,91,78,0,220,0,0,4,0,4,51,91,82,0,224,0,0,0,224
04/10/2008,GRR,MI,AGL,CE,Combined TRACON& Tower with Radar,39,85,76,10,210,0,1,9,0,10,39,86,85,10,220,10,12,22,242
04/11/2008,GRR,MI,AGL,CE,Combined TRACON& Tower with Radar,48,109,52,0,209,0,0,15,0,15,48,109,67,0,224,18,0,18,242
04/12/2008,GRR,MI,AGL,CE,Combined TRACON& Tower with Radar,43,53,42,0,138,0,0,0,0,0,43,53,42,0,138,8,0,8,146
04/13/2008,GRR,MI,AGL,CE,Combined TRACON& Tower with Radar,41,69,42,0,152,0,0,26,0,26,41,69,68,0,178,40,0,40,218
04/14/2008,GRR,MI,AGL,CE,Combined TRACON& Tower with Radar,46,85,69,1,201,0,3,25,0,28,46,88,94,1,229,32,0,32,261
04/15/2008,GRR,MI,AGL,CE,Combined TRACON& Tower with Radar,53,88,89,0,230,0,3,70,0,73,53,91,159,0,303,42,0,42,345
04/16/2008,GRR,MI,AGL,CE,Combined TRACON& Tower with Radar,49,94,66,0,209,0,2,38,0,40,49,96,104,0,249,44,0,44,293
04/17/2008,GRR,MI,AGL,CE,Combined TRACON& Tower with Radar,46,90,80,0,216,0,1,58,0,59,46,91,138,0,275,84,0,84,359
04/18/2008,GRR,MI,AGL,CE,Combined TRACON& Tower with Radar,49,95,60,8,212,0,1,51,0,52,49,96,111,8,264,34,32,66,330
04/19/2008,GRR,MI,AGL,CE,Combined TRACON& Tower with Radar,37,58,37,0,132,0,5,44,0,49,37,63,81,0,181,58,0,58,239
04/20/2008,GRR,MI,AGL,CE,Combined TRACON& Tower with Radar,41,61,45,0,147,0,4,48,0,52,41,65,93,0,199,36,0,36,235
04/21/2008,GRR,MI,AGL,CE,Combined TRACON& Tower with Radar,38,91,99,5,233,0,3,41,0,44,38,94,140,5,277,32,28,60,337
04/22/2008,GRR,MI,AGL,CE,Combined TRACON& Tower with Radar,51,92,91,0,234,0,3,63,0,66,51,95,154,0,300,36,0,36,336
04/23/2008,GRR,MI,AGL,CE,Combined TRACON& Tower with Radar,48,92,83,9,232,0,0,29,0,29,48,92,112,9,261,16,30,46,307
04/24/2008,GRR,MI,AGL,CE,Combined TRACON& Tower with Radar,46,93,65,9,213,0,5,43,0,48,46,98,108,9,261,16,8,24,285
04/25/2008,GRR,MI,AGL,CE,Combined TRACON& Tower with Radar,50,84,64,0,198,0,3,21,0,24,50,87,85,0,222,4,0,4,226
04/26/2008,GRR,MI,AGL,CE,Combined TRACON& Tower with Radar,35,56,39,0,130,0,1,13,0,14,35,57,52,0,144,0,0,0,144
04/27/2008,GRR,MI,AGL,CE,Combined TRACON& Tower with Radar,40,64,25,0,129,0,1,34,0,35,40,65,59,0,164,32,0,32,196
04/28/2008,GRR,MI,AGL,CE,Combined TRACON& Tower with Radar,44,82,84,9,219,0,2,42,0,44,44,84,126,9,263,46,18,64,327
04/29/2008,GRR,MI,AGL,CE,Combined TRACON& Tower with Radar,47,88,85,8,228,0,2,65,0,67,47,90,150,8,295,40,2,42,337
04/30/2008,GRR,MI,AGL,CE,Combined TRACON& Tower with Radar,51,93,115,8,267,0,12,72,1,85,51,105,187,9,352,82,18,100,452
05/01/2008,GRR,MI,AGL,CE,Combined TRACON& Tower with Radar,49,91,99,4,243,0,5,35,0,40,49,96,134,4,283,66,0,66,349
05/02/2008,GRR,MI,AGL,CE,Combined TRACON& Tower with Radar,44,88,59,13,204,0,2,8,0,10,44,90,67,13,214,30,0,30,244
05/03/2008,GRR,MI,AGL,CE,Combined TRACON& Tower with Radar,34,59,41,0,134,0,1,18,0,19,34,60,59,0,153,2,0,2,155
05/04/2008,GRR,MI,AGL,CE,Combined TRACON& Tower with Radar,42,64,66,0,172,0,5,49,0,54,42,69,115,0,226,22,0,22,248
05/05/2008,GRR,MI,AGL,CE,Combined TRACON& Tower with Radar,46,88,84,0,218,0,3,55,0,58,46,91,139,0,276,72,0,72,348
05/06/2008,GRR,MI,AGL,CE,Combined TRACON& Tower with Radar,37,107,86,8,238,0,2,43,0,45,37,109,129,8,283,38,0,38,321
05/07/2008,GRR,MI,AGL,CE,Combined TRACON& Tower with Radar,64,101,90,0,255,0,0,17,0,17,64,101,107,0,272,22,0,22,294
05/08/2008,GRR,MI,AGL,CE,Combined TRACON& Tower with Radar,48,98,91,0,237,0,3,51,0,54,48,101,142,0,291,144,0,144,435
05/09/2008,GRR,MI,AGL,CE,Combined TRACON& Tower with Radar,43,91,72,0,206,0,2,48,0,50,43,93,120,0,256,78,6,84,340
05/10/2008,GRR,MI,AGL,CE,Combined TRACON& Tower with Radar,45,59,53,0,157,0,6,59,0,65,45,65,112,0,222,82,0,82,304
05/11/2008,GRR,MI,AGL,CE,Combined TRACON& Tower with Radar,42,68,22,0,132,0,1,2,0,3,42,69,24,0,135,0,0,0,135
05/12/2008,GRR,MI,AGL,CE,Combined TRACON& Tower with Radar,36,89,92,0,217,0,10,17,0,27,36,99,109,0,244,44,0,44,288
05/13/2008,GRR,MI,AGL,CE,Combined TRACON& Tower with Radar,42,89,79,0,210,0,1,65,0,66,42,90,144,0,276,52,2,54,330
05/14/2008,GRR,MI,AGL,CE,Combined TRACON& Tower with Radar,50,90,120,0,260,0,2,15,0,17,50,92,135,0,277,2,0,2,279
05/15/2008,GRR,MI,AGL,CE,Combined TRACON& Tower with Radar,44,94,97,0,235,0,6,66,0,72,44,100,163,0,307,102,0,102,409
05/16/2008,GRR,MI,AGL,CE,Combined TRACON& Tower with Radar,45,97,60,0,202,0,2,40,0,42,45,99,100,0,244,22,0,22,266
05/17/2008,GRR,MI,AGL,CE,Combined TRACON& Tower with Radar,40,61,36,0,137,0,3,21,0,24,40,64,57,0,161,24,0,24,185
05/18/2008,GRR,MI,AGL,CE,Combined TRACON& Tower with Radar,43,65,43,0,151,0,0,22,0,22,43,65,65,0,173,4,0,4,177
05/19/2008,GRR,MI,AGL,CE,Combined TRACON& Tower with Radar,42,95,87,0,224,0,6,55,4,65,42,101,142,4,289,42,6,48,337
05/20/2008,GRR,MI,AGL,CE,Combined TRACON& Tower with Radar,48,10,85,20,163,0,91,36,1,128,48,101,121,21,291,24,28,52,343
05/21/2008,GRR,MI,AGL,CE,Combined TRACON& Tower with Radar,47,101,95,2,245,0,5,51,2,58,47,106,146,4,303,74,2,76,379
05/22/2008,GRR,MI,AGL,CE,Combined TRACON& Tower with Radar,49,100,121,0,270,0,3,63,0,66,49,103,184,0,336,90,0,90,426
05/23/2008,GRR,MI,AGL,CE,Combined TRACON& Tower with Radar,52,94,59,0,205,0,6,0,0,6,52,100,59,0,211,10,0,10,221
05/24/2008,GRR,MI,AGL,CE,Combined TRACON& Tower with Radar,33,57,29,0,119,0,3,42,0,45,33,60,71,0,164,26,0,26,190
05/25/2008,GRR,MI,AGL,CE,Combined TRACON& Tower with Radar,45,42,29,0,116,0,1,31,0,32,45,43,60,0,148,22,0,22,170
05/26/2008,GRR,MI,AGL,CE,Combined TRACON& Tower with Radar,34,65,18,0,117,0,3,8,4,15,34,68,26,4,132,4,4,8,140
05/27/2008,GRR,MI,AGL,CE,Combined TRACON& Tower with Radar,3,100,78,0,181,0,1,32,0,33,3,101,110,0,214,16,0,16,230
05/28/2008,GRR,MI,AGL,CE,Combined TRACON& Tower with Radar,50,90,100,1,241,0,2,72,4,78,50,92,172,5,319,34,0,34,353
05/29/2008,GRR,MI,AGL,CE,Combined TRACON& Tower with Radar,54,95,79,12,240,0,2,92,0,94,54,97,171,12,334,72,22,94,428
05/30/2008,GRR,MI,AGL,CE,Combined TRACON& Tower with Radar,45,86,54,0,185,0,0,6,2,8,45,86,60,2,193,0,0,0,193
05/31/2008,GRR,MI,AGL,CE,Combined TRACON& Tower with Radar,40,56,7,0,103,0,0,7,0,7,40,56,14,0,110,20,0,20,130
06/01/2008,GRR,MI,AGL,CE,Combined TRACON& Tower with Radar,36,60,23,0,119,0,2,21,0,23,36,62,44,0,142,0,0,0,142
06/02/2008,GRR,MI,AGL,CE,Combined TRACON& Tower with Radar,42,90,74,0,206,0,1,46,0,47,42,91,120,0,253,40,0,40,293
06/03/2008,GRR,MI,AGL,CE,Combined TRACON& Tower with Radar,50,90,100,0,240,0,0,19,0,19,50,90,119,0,259,30,0,30,289
06/04/2008,GRR,MI,AGL,CE,Combined TRACON& Tower with Radar,52,88,112,0,252,0,0,0,0,0,52,88,112,0,252,0,0,0,252
06/05/2008,GRR,MI,AGL,CE,Combined TRACON& Tower with Radar,47,103,103,0,253,0,0,23,0,23,47,103,126,0,276,26,0,26,302
06/06/2008,GRR,MI,AGL,CE,Combined TRACON& Tower with Radar,48,88,59,0,195,0,0,32,0,32,48,88,91,0,227,6,0,6,233
06/07/2008,GRR,MI,AGL,CE,Combined TRACON& Tower with Radar,39,51,25,0,115,0,0,16,0,16,39,51,41,0,131,8,0,8,139
06/08/2008,GRR,MI,AGL,CE,Combined TRACON& Tower with Radar,32,77,39,0,148,0,0,11,0,11,32,77,50,0,159,16,0,16,175
06/09/2008,GRR,MI,AGL,CE,Combined TRACON& Tower with Radar,40,104,102,0,246,0,2,30,0,32,40,106,132,0,278,12,0,12,290
06/10/2008,GRR,MI,AGL,CE,Combined TRACON& Tower with Radar,45,109,75,0,229,0,1,52,0,53,45,110,127,0,282,43,0,43,325
06/11/2008,GRR,MI,AGL,CE,Combined TRACON& Tower with Radar,48,99,95,0,242,0,3,99,0,102,48,102,194,0,344,96,0,96,440
06/12/2008,GRR,MI,AGL,CE,Combined TRACON& Tower with Radar,50,103,108,19,280,0,2,58,0,60,50,105,166,19,340,76,32,108,448
06/13/2008,GRR,MI,AGL,CE,Combined TRACON& Tower with Radar,42,92,66,0,200,0,1,37,0,38,42,93,103,0,238,0,0,0,238
06/14/2008,GRR,MI,AGL,CE,Combined TRACON& Tower with Radar,44,58,34,0,136,0,0,41,0,41,44,58,75,0,177,12,0,12,189
06/15/2008,GRR,MI,AGL,CE,Combined TRACON& Tower with Radar,42,71,21,0,134,0,2,17,0,19,42,73,38,0,153,28,0,28,181
06/16/2008,GRR,MI,AGL,CE,Combined TRACON& Tower with Radar,37,93,84,0,214,0,4,50,0,54,37,97,134,0,268,48,0,48,316
06/17/2008,GRR,MI,AGL,CE,Combined TRACON& Tower with Radar,43,106,111,2,262,0,1,84,0,85,43,107,195,2,347,90,0,90,437
06/18/2008,GRR,MI,AGL,CE,Combined TRACON& Tower with Radar,46,94,117,3,260,0,0,55,2,57,46,94,172,5,317,44,0,44,361
06/19/2008,GRR,MI,AGL,CE,Combined TRACON& Tower with Radar,46,103,95,1,245,0,0,72,0,72,46,103,167,1,317,88,0,88,405
06/20/2008,GRR,MI,AGL,CE,Combined TRACON& Tower with Radar,46,91,76,0,213,0,3,41,0,44,46,94,117,0,257,34,0,34,291
06/21/2008,GRR,MI,AGL,CE,Combined TRACON& Tower with Radar,39,55,38,0,132,0,4,17,0,21,39,59,55,0,153,24,0,24,177
06/22/2008,GRR,MI,AGL,CE,Combined TRACON& Tower with Radar,37,74,22,1,134,0,0,27,0,27,37,74,49,1,161,54,0,54,215
06/23/2008,GRR,MI,AGL,CE,Combined TRACON& Tower with Radar,40,103,80,0,223,0,2,49,0,51,40,105,129,0,274,24,0,24,298
06/24/2008,GRR,MI,AGL,CE,Combined TRACON& Tower with Radar,47,94,96,2,239,0,7,111,0,118,47,101,207,2,357,58,0,58,415
06/25/2008,GRR,MI,AGL,CE,Combined TRACON& Tower with Radar,47,101,89,0,237,0,5,18,0,23,47,106,107,0,260,0,0,0,260
06/26/2008,GRR,MI,AGL,CE,Combined TRACON& Tower with Radar,45,93,88,6,232,0,2,25,0,27,45,95,113,6,259,8,14,22,281
06/27/2008,GRR,MI,AGL,CE,Combined TRACON& Tower with Radar,47,90,55,12,204,0,4,17,0,21,47,94,72,12,225,6,0,6,231
06/28/2008,GRR,MI,AGL,CE,Combined TRACON& Tower with Radar,44,53,47,0,144,0,5,12,0,17,44,58,59,0,161,28,0,28,189
06/29/2008,GRR,MI,AGL,CE,Combined TRACON& Tower with Radar,39,64,32,0,135,0,0,19,0,19,39,64,51,0,154,28,0,28,182
06/30/2008,GRR,MI,AGL,CE,Combined TRACON& Tower with Radar,34,107,75,1,217,0,1,55,0,56,34,108,130,1,273,30,4,34,307
07/01/2008,GRR,MI,AGL,CE,Combined TRACON& Tower with Radar,48,92,54,4,198,0,1,59,0,60,48,93,113,4,258,58,6,64,322
07/02/2008,GRR,MI,AGL,CE,Combined TRACON& Tower with Radar,47,95,50,1,193,0,1,36,1,38,47,96,86,2,231,16,0,16,247
07/03/2008,GRR,MI,AGL,CE,Combined TRACON& Tower with Radar,52,110,92,0,254,0,3,56,0,59,52,113,148,0,313,38,8,46,359
07/04/2008,GRR,MI,AGL,CE,Combined TRACON& Tower with Radar,29,53,13,1,96,0,1,23,0,24,29,54,36,1,120,28,0,28,148
07/05/2008,GRR,MI,AGL,CE,Combined TRACON& Tower with Radar,37,53,12,0,102,0,1,15,0,16,37,54,27,0,118,12,0,12,130
07/06/2008,GRR,MI,AGL,CE,Combined TRACON& Tower with Radar,37,73,23,0,133,0,6,44,1,51,37,79,67,1,184,52,0,52,236
07/07/2008,GRR,MI,AGL,CE,Combined TRACON& Tower with Radar,35,106,96,2,239,0,0,0,0,0,35,106,96,2,239,0,6,6,245
07/08/2008,GRR,MI,AGL,CE,Combined TRACON& Tower with Radar,43,113,83,4,243,0,3,33,0,36,43,116,116,4,279,8,0,8,287
07/09/2008,GRR,MI,AGL,CE,Combined TRACON& Tower with Radar,51,107,86,15,259,0,6,153,1,160,51,113,239,16,419,72,40,112,531
07/10/2008,GRR,MI,AGL,CE,Combined TRACON& Tower with Radar,48,116,91,0,255,0,0,72,0,72,48,116,163,0,327,42,0,42,369
07/11/2008,GRR,MI,AGL,CE,Combined TRACON& Tower with Radar,49,115,92,1,257,0,0,92,0,92,49,115,184,1,349,40,0,40,389
07/12/2008,GRR,MI,AGL,CE,Combined TRACON& Tower with Radar,52,78,22,0,152,0,8,12,0,20,52,86,34,0,172,76,0,76,248
07/13/2008,GRR,MI,AGL,CE,Combined TRACON& Tower with Radar,34,75,33,0,142,0,3,14,0,17,34,78,47,0,159,20,0,20,179
07/14/2008,GRR,MI,AGL,CE,Combined TRACON& Tower with Radar,40,113,51,4,208,0,1,59,0,60,40,114,110,4,268,62,0,62,330
07/15/2008,GRR,MI,AGL,CE,Combined TRACON& Tower with Radar,43,102,56,8,209,0,5,73,0,78,43,107,129,8,287,48,14,62,349
07/16/2008,GRR,MI,AGL,CE,Combined TRACON& Tower with Radar,49,107,88,18,262,0,2,57,2,61,49,109,145,20,323,30,26,56,379
07/17/2008,GRR,MI,AGL,CE,Combined TRACON& Tower with Radar,46,113,99,30,288,0,2,87,0,89,46,115,186,30,377,38,0,38,415
07/18/2008,GRR,MI,AGL,CE,Combined TRACON& Tower with Radar,49,107,84,0,240,0,5,62,0,67,49,112,146,0,307,86,2,88,395
07/19/2008,GRR,MI,AGL,CE,Combined TRACON& Tower with Radar,48,78,58,0,184,0,0,4,0,4,48,78,62,0,188,8,0,8,196
07/20/2008,GRR,MI,AGL,CE,Combined TRACON& Tower with Radar,34,83,31,0,148,0,3,8,0,11,34,86,39,0,159,22,0,22,181
07/21/2008,GRR,MI,AGL,CE,Combined TRACON& Tower with Radar,32,117,112,1,262,0,3,32,1,36,32,120,144,2,298,16,14,30,328
07/22/2008,GRR,MI,AGL,CE,Combined TRACON& Tower with Radar,46,109,76,26,257,0,2,25,0,27,46,111,101,26,284,10,38,48,332
07/23/2008,GRR,MI,AGL,CE,Combined TRACON& Tower with Radar,44,100,126,0,270,0,8,170,0,178,44,108,296,0,448,76,0,76,524
07/24/2008,GRR,MI,AGL,CE,Combined TRACON& Tower with Radar,52,112,99,0,263,0,5,144,0,149,52,117,243,0,412,124,0,124,536
07/25/2008,GRR,MI,AGL,CE,Combined TRACON& Tower with Radar,47,114,53,26,240,0,1,54,1,56,47,115,107,27,296,44,20,64,360
07/26/2008,GRR,MI,AGL,CE,Combined TRACON& Tower with Radar,49,77,38,0,164,0,1,29,0,30,49,78,67,0,194,8,0,8,202
07/27/2008,GRR,MI,AGL,CE,Combined TRACON& Tower with Radar,36,80,32,0,148,0,1,48,0,49,36,81,80,0,197,32,0,32,229
07/28/2008,GRR,MI,AGL,CE,Combined TRACON& Tower with Radar,37,99,81,0,217,0,0,38,0,38,37,99,119,0,255,24,0,24,279
07/29/2008,GRR,MI,AGL,CE,Combined TRACON& Tower with Radar,47,102,30,30,209,0,4,65,1,70,47,106,95,31,279,66,6,72,351
07/30/2008,GRR,MI,AGL,CE,Combined TRACON& Tower with Radar,46,108,136,38,328,0,5,93,0,98,46,113,229,38,426,225,46,271,697
07/31/2008,GRR,MI,AGL,CE,Combined TRACON& Tower with Radar,42,102,80,15,239,0,1,72,0,73,42,103,152,15,312,314,35,349,661
08/01/2008,GRR,MI,AGL,CE,Combined TRACON& Tower with Radar,62,121,64,13,260,0,4,34,4,42,62,125,98,17,302,155,28,183,485
08/02/2008,GRR,MI,AGL,CE,Combined TRACON& Tower with Radar,40,69,29,18,156,0,4,22,0,26,40,73,51,18,182,32,10,42,224
08/03/2008,GRR,MI,AGL,CE,Combined TRACON& Tower with Radar,36,76,35,0,147,0,3,38,0,41,36,79,73,0,188,10,0,10,198
08/04/2008,GRR,MI,AGL,CE,Combined TRACON& Tower with Radar,60,120,67,0,247,0,1,24,0,25,60,121,91,0,272,0,0,0,272
08/05/2008,GRR,MI,AGL,CE,Combined TRACON& Tower with Radar,45,106,88,42,281,0,3,21,0,24,45,109,109,42,305,39,8,47,352
08/06/2008,GRR,MI,AGL,CE,Combined TRACON& Tower with Radar,45,110,77,24,256,0,1,54,0,55,45,111,131,24,311,64,18,82,393
08/07/2008,GRR,MI,AGL,CE,Combined TRACON& Tower with Radar,48,109,89,10,256,0,4,50,2,56,48,113,139,12,312,78,16,94,406
08/08/2008,GRR,MI,AGL,CE,Combined TRACON& Tower with Radar,46,99,46,21,212,0,0,72,0,72,46,99,118,21,284,118,8,126,410
08/09/2008,GRR,MI,AGL,CE,Combined TRACON& Tower with Radar,40,65,13,5,123,0,4,34,1,39,40,69,47,6,162,54,16,70,232
08/10/2008,GRR,MI,AGL,CE,Combined TRACON& Tower with Radar,36,70,29,0,135,0,0,15,0,15,36,70,44,0,150,22,0,22,172
08/11/2008,GRR,MI,AGL,CE,Combined TRACON& Tower with Radar,38,104,61,0,203,0,0,47,1,48,38,104,108,1,251,44,0,44,295
08/12/2008,GRR,MI,AGL,CE,Combined TRACON& Tower with Radar,46,104,70,19,239,0,2,90,0,92,46,106,160,19,331,100,20,120,451
08/13/2008,GRR,MI,AGL,CE,Combined TRACON& Tower with Radar,51,115,154,0,320,0,0,121,0,121,51,115,275,0,441,118,0,118,559
08/14/2008,GRR,MI,AGL,CE,Combined TRACON& Tower with Radar,47,104,80,52,283,0,0,55,0,55,47,104,135,52,338,82,60,142,480
08/15/2008,GRR,MI,AGL,CE,Combined TRACON& Tower with Radar,49,113,88,2,252,0,7,125,0,132,49,120,213,2,384,92,0,92,476
08/16/2008,GRR,MI,AGL,CE,Combined TRACON& Tower with Radar,42,64,18,0,124,0,5,44,0,49,42,69,62,0,173,10,0,10,183
08/17/2008,GRR,MI,AGL,CE,Combined TRACON& Tower with Radar,36,70,30,0,136,0,4,33,0,37,36,74,63,0,173,32,0,32,205
08/18/2008,GRR,MI,AGL,CE,Combined TRACON& Tower with Radar,36,107,100,0,243,0,1,42,0,43,36,108,142,0,286,74,0,74,360
08/19/2008,GRR,MI,AGL,CE,Combined TRACON& Tower with Radar,49,111,102,0,262,0,13,62,0,75,49,124,164,0,337,116,0,116,453
08/20/2008,GRR,MI,AGL,CE,Combined TRACON& Tower with Radar,47,110,142,3,302,0,1,62,0,63,47,111,204,3,365,32,0,32,397
08/21/2008,GRR,MI,AGL,CE,Combined TRACON& Tower with Radar,47,105,86,10,248,0,1,58,0,59,47,106,144,10,307,40,0,40,347
08/22/2008,GRR,MI,AGL,CE,Combined TRACON& Tower with Radar,50,123,73,1,247,0,1,24,0,25,50,124,97,1,272,42,0,42,314
08/23/2008,GRR,MI,AGL,CE,Combined TRACON& Tower with Radar,42,64,21,0,127,0,1,20,0,21,42,65,41,0,148,26,0,26,174
08/24/2008,GRR,MI,AGL,CE,Combined TRACON& Tower with Radar,39,76,30,0,145,0,2,23,0,25,39,78,53,0,170,4,0,4,174
08/25/2008,GRR,MI,AGL,CE,Combined TRACON& Tower with Radar,42,99,89,0,230,0,2,66,0,68,42,101,155,0,298,48,0,48,346
08/26/2008,GRR,MI,AGL,CE,Combined TRACON& Tower with Radar,59,101,86,32,278,0,8,68,0,76,59,109,154,32,354,84,24,108,462
08/27/2008,GRR,MI,AGL,CE,Combined TRACON& Tower with Radar,49,111,106,21,287,0,2,75,1,78,49,113,181,22,365,26,0,26,391
08/28/2008,GRR,MI,AGL,CE,Combined TRACON& Tower with Radar,47,118,104,22,291,0,0,32,2,34,47,118,136,24,325,40,54,94,419
08/29/2008,GRR,MI,AGL,CE,Combined TRACON& Tower with Radar,54,141,68,0,263,0,2,30,0,32,54,143,98,0,295,78,0,78,373
08/30/2008,GRR,MI,AGL,CE,Combined TRACON& Tower with Radar,31,56,15,0,102,0,2,25,0,27,31,58,40,0,129,0,0,0,129
08/31/2008,GRR,MI,AGL,CE,Combined TRACON& Tower with Radar,30,49,10,0,89,0,3,29,0,32,30,52,39,0,121,20,0,20,141
09/01/2008,GRR,MI,AGL,CE,Combined TRACON& Tower with Radar,44,71,24,0,139,0,1,31,0,32,44,72,55,0,171,40,0,40,211
09/02/2008,GRR,MI,AGL,CE,Combined TRACON& Tower with Radar,36,100,47,9,192,0,2,39,0,41,36,102,86,9,233,22,0,22,255
09/03/2008,GRR,MI,AGL,CE,Combined TRACON& Tower with Radar,51,102,89,0,242,0,0,30,0,30,51,102,119,0,272,62,0,62,334
09/04/2008,GRR,MI,AGL,CE,Combined TRACON& Tower with Radar,46,102,79,8,235,0,0,0,0,0,46,102,79,8,235,20,0,20,255
09/05/2008,GRR,MI,AGL,CE,Combined TRACON& Tower with Radar,43,97,80,16,236,0,0,30,0,30,43,97,110,16,266,52,4,56,322
09/06/2008,GRR,MI,AGL,CE,Combined TRACON& Tower with Radar,31,56,57,0,144,0,2,142,0,144,31,58,199,0,288,98,0,98,386
09/07/2008,GRR,MI,AGL,CE,Combined TRACON& Tower with Radar,36,65,40,0,141,0,0,22,0,22,36,65,62,0,163,0,0,0,163
09/08/2008,GRR,MI,AGL,CE,Combined TRACON& Tower with Radar,39,103,74,0,216,0,2,20,0,22,39,105,94,0,238,46,0,46,284
09/09/2008,GRR,MI,AGL,CE,Combined TRACON& Tower with Radar,41,102,96,0,239,0,2,52,0,54,41,104,148,0,293,120,0,120,413
09/10/2008,GRR,MI,AGL,CE,Combined TRACON& Tower with Radar,49,97,81,0,227,0,1,50,1,52,49,98,131,1,279,84,0,84,363
09/11/2008,GRR,MI,AGL,CE,Combined TRACON& Tower with Radar,51,111,90,23,275,0,3,60,1,64,51,114,150,24,339,54,52,106,445
09/12/2008,GRR,MI,AGL,CE,Combined TRACON& Tower with Radar,44,107,69,0,220,0,0,0,0,0,44,107,69,0,220,0,0,0,220
09/13/2008,GRR,MI,AGL,CE,Combined TRACON& Tower with Radar,30,60,25,0,115,0,0,0,0,0,30,60,25,0,115,0,0,0,115
09/14/2008,GRR,MI,AGL,CE,Combined TRACON& Tower with Radar,35,70,25,0,130,0,0,0,0,0,35,70,25,0,130,0,0,0,130
09/15/2008,GRR,MI,AGL,CE,Combined TRACON& Tower with Radar,42,90,71,3,206,0,1,43,0,44,42,91,114,3,250,58,12,70,320
09/16/2008,GRR,MI,AGL,CE,Combined TRACON& Tower with Radar,48,108,95,0,251,0,5,67,0,72,48,113,162,0,323,22,0,22,345
09/17/2008,GRR,MI,AGL,CE,Combined TRACON& Tower with Radar,45,93,89,17,244,0,1,79,1,81,45,94,168,18,325,50,28,78,403
09/18/2008,GRR,MI,AGL,CE,Combined TRACON& Tower with Radar,64,121,117,10,312,0,11,79,0,90,64,132,196,10,402,146,10,156,558
09/19/2008,GRR,MI,AGL,CE,Combined TRACON& Tower with Radar,44,95,57,11,207,0,2,53,0,55,44,97,110,11,262,27,8,35,297
09/20/2008,GRR,MI,AGL,CE,Combined TRACON& Tower with Radar,30,57,27,0,114,0,1,41,0,42,30,58,68,0,156,28,0,28,184
09/21/2008,GRR,MI,AGL,CE,Combined TRACON& Tower with Radar,35,72,52,0,159,0,1,40,0,41,35,73,92,0,200,0,0,0,200
09/22/2008,GRR,MI,AGL,CE,Combined TRACON& Tower with Radar,41,108,84,0,233,0,5,36,0,41,41,113,120,0,274,16,0,16,290
09/23/2008,GRR,MI,AGL,CE,Combined TRACON& Tower with Radar,44,100,76,11,231,0,5,53,0,58,44,105,129,11,289,49,24,73,362
09/24/2008,GRR,MI,AGL,CE,Combined TRACON& Tower with Radar,48,96,69,0,213,0,3,39,0,42,48,99,108,0,255,46,0,46,301
09/25/2008,GRR,MI,AGL,CE,Combined TRACON& Tower with Radar,45,102,79,13,239,0,0,53,0,53,45,102,132,13,292,36,8,44,336
09/26/2008,GRR,MI,AGL,CE,Combined TRACON& Tower with Radar,46,93,71,2,212,0,2,36,2,40,46,95,107,4,252,24,0,24,276
09/27/2008,GRR,MI,AGL,CE,Combined TRACON& Tower with Radar,34,58,31,0,123,0,3,41,0,44,34,61,72,0,167,4,0,4,171
09/28/2008,GRR,MI,AGL,CE,Combined TRACON& Tower with Radar,38,69,42,0,149,0,5,6,0,11,38,74,48,0,160,0,0,0,160
09/29/2008,GRR,MI,AGL,CE,Combined TRACON& Tower with Radar,39,98,87,0,224,0,0,3,0,3,39,98,90,0,227,0,0,0,227
09/30/2008,GRR,MI,AGL,CE,Combined TRACON& Tower with Radar,42,92,101,2,237,0,2,6,0,8,42,94,107,2,245,56,0,56,301
10/01/2008,GRR,MI,AGL,CE,Combined TRACON& Tower with Radar,47,94,109,12,262,0,3,38,0,41,47,97,147,12,303,38,8,46,349
10/02/2008,GRR,MI,AGL,CE,Combined TRACON& Tower with Radar,51,110,106,4,271,0,0,28,0,28,51,110,134,4,299,62,0,62,361
10/03/2008,GRR,MI,AGL,CE,Combined TRACON& Tower with Radar,44,91,69,1,205,0,1,56,1,58,44,92,125,2,263,26,0,26,289
10/04/2008,GRR,MI,AGL,CE,Combined TRACON& Tower with Radar,35,52,41,17,145,0,0,0,0,0,35,52,41,17,145,52,12,64,209
10/05/2008,GRR,MI,AGL,CE,Combined TRACON& Tower with Radar,30,76,37,0,143,0,0,0,0,0,30,76,37,0,143,16,0,16,159
10/06/2008,GRR,MI,AGL,CE,Combined TRACON& Tower with Radar,40,96,68,0,204,0,2,34,0,36,40,98,102,0,240,42,0,42,282
10/07/2008,GRR,MI,AGL,CE,Combined TRACON& Tower with Radar,50,95,87,14,246,0,0,31,2,33,50,95,118,16,279,20,6,26,305
10/08/2008,GRR,MI,AGL,CE,Combined TRACON& Tower with Radar,47,95,69,0,211,0,1,5,0,6,47,96,74,0,217,16,2,18,235
10/09/2008,GRR,MI,AGL,CE,Combined TRACON& Tower with Radar,49,104,86,5,244,0,1,51,2,54,49,105,137,7,298,8,0,8,306
10/10/2008,GRR,MI,AGL,CE,Combined TRACON& Tower with Radar,42,102,68,0,212,0,0,54,0,54,42,102,122,0,266,50,0,50,316
10/11/2008,GRR,MI,AGL,CE,Combined TRACON& Tower with Radar,32,55,53,0,140,0,1,46,0,47,32,56,99,0,187,52,0,52,239
10/12/2008,GRR,MI,AGL,CE,Combined TRACON& Tower with Radar,37,70,34,2,143,0,0,33,1,34,37,70,67,3,177,0,0,0,177
10/13/2008,GRR,MI,AGL,CE,Combined TRACON& Tower with Radar,42,74,64,0,180,0,4,35,0,39,42,78,99,0,219,70,0,70,289
10/14/2008,GRR,MI,AGL,CE,Combined TRACON& Tower with Radar,47,97,65,11,220,0,1,60,0,61,47,98,125,11,281,40,14,54,335
10/15/2008,GRR,MI,AGL,CE,Combined TRACON& Tower with Radar,49,109,89,2,249,0,2,13,1,16,49,111,102,3,265,8,0,8,273
10/16/2008,GRR,MI,AGL,CE,Combined TRACON& Tower with Radar,48,104,104,2,258,0,6,76,0,82,48,110,180,2,340,130,0,130,470
10/17/2008,GRR,MI,AGL,CE,Combined TRACON& Tower with Radar,46,88,81,0,215,0,0,51,0,51,46,88,132,0,266,70,0,70,336
10/18/2008,GRR,MI,AGL,CE,Combined TRACON& Tower with Radar,35,58,23,0,116,0,0,41,0,41,35,58,64,0,157,42,0,42,199
10/19/2008,GRR,MI,AGL,CE,Combined TRACON& Tower with Radar,31,67,37,0,135,0,0,22,0,22,31,67,59,0,157,0,0,0,157
10/20/2008,GRR,MI,AGL,CE,Combined TRACON& Tower with Radar,41,88,99,16,244,0,1,79,0,80,41,89,178,16,324,60,0,60,384
10/21/2008,GRR,MI,AGL,CE,Combined TRACON& Tower with Radar,43,107,65,6,221,0,3,58,1,62,43,110,123,7,283,98,24,122,405
10/22/2008,GRR,MI,AGL,CE,Combined TRACON& Tower with Radar,52,103,97,20,272,0,2,82,1,85,52,105,179,21,357,42,24,66,423
10/23/2008,GRR,MI,AGL,CE,Combined TRACON& Tower with Radar,62,78,101,0,241,0,1,53,0,54,62,79,154,0,295,14,0,14,309
10/24/2008,GRR,MI,AGL,CE,Combined TRACON& Tower with Radar,46,89,90,0,225,0,0,8,0,8,46,89,98,0,233,0,0,0,233
10/25/2008,GRR,MI,AGL,CE,Combined TRACON& Tower with Radar,34,56,41,0,131,0,0,0,0,0,34,56,41,0,131,0,0,0,131
10/26/2008,GRR,MI,AGL,CE,Combined TRACON& Tower with Radar,35,70,22,0,127,0,0,1,0,1,35,70,23,0,128,0,0,0,128
10/27/2008,GRR,MI,AGL,CE,Combined TRACON& Tower with Radar,36,91,59,0,186,0,3,24,0,27,36,94,83,0,213,28,0,28,241
10/28/2008,GRR,MI,AGL,CE,Combined TRACON& Tower with Radar,44,99,82,9,234,0,3,40,0,43,44,102,122,9,277,50,10,60,337
10/29/2008,GRR,MI,AGL,CE,Combined TRACON& Tower with Radar,45,102,118,7,272,0,3,44,2,49,45,105,162,9,321,69,2,71,392
10/30/2008,GRR,MI,AGL,CE,Combined TRACON& Tower with Radar,48,103,78,1,230,0,2,49,1,52,48,105,127,2,282,42,0,42,324
10/31/2008,GRR,MI,AGL,CE,Combined TRACON& Tower with Radar,41,89,60,0,190,0,0,53,0,53,41,89,113,0,243,14,0,14,257
11/01/2008,GRR,MI,AGL,CE,Combined TRACON& Tower with Radar,39,58,50,0,147,0,5,50,0,55,39,63,100,0,202,56,0,56,258
11/02/2008,GRR,MI,AGL,CE,Combined TRACON& Tower with Radar,32,67,46,0,145,0,2,20,0,22,32,69,66,0,167,4,0,4,171
11/03/2008,GRR,MI,AGL,CE,Combined TRACON& Tower with Radar,34,94,63,11,202,0,0,28,0,28,34,94,91,11,230,58,8,66,296
11/04/2008,GRR,MI,AGL,CE,Combined TRACON& Tower with Radar,43,92,70,12,217,0,4,62,0,66,43,96,132,12,283,72,14,86,369
11/05/2008,GRR,MI,AGL,CE,Combined TRACON& Tower with Radar,47,105,103,0,255,0,4,81,0,85,47,109,184,0,340,48,0,48,388
11/06/2008,GRR,MI,AGL,CE,Combined TRACON& Tower with Radar,46,96,74,0,216,0,4,35,0,39,46,100,109,0,255,54,0,54,309
11/07/2008,GRR,MI,AGL,CE,Combined TRACON& Tower with Radar,42,92,82,0,216,0,1,37,0,38,42,93,119,0,254,20,0,20,274
11/08/2008,GRR,MI,AGL,CE,Combined TRACON& Tower with Radar,40,53,20,0,113,0,0,0,0,0,40,53,20,0,113,0,0,0,113
11/09/2008,GRR,MI,AGL,CE,Combined TRACON& Tower with Radar,33,59,14,0,106,0,0,1,0,1,33,59,15,0,107,2,0,2,109
11/10/2008,GRR,MI,AGL,CE,Combined TRACON& Tower with Radar,41,81,87,9,218,0,3,14,0,17,41,84,101,9,235,16,8,24,259
11/11/2008,GRR,MI,AGL,CE,Combined TRACON& Tower with Radar,42,85,63,2,192,0,1,40,2,43,42,86,103,4,235,30,8,38,273
11/12/2008,GRR,MI,AGL,CE,Combined TRACON& Tower with Radar,51,95,76,0,222,0,2,11,0,13,51,97,87,0,235,8,0,8,243
11/13/2008,GRR,MI,AGL,CE,Combined TRACON& Tower with Radar,44,103,73,16,236,0,1,9,0,10,44,104,82,16,246,16,6,22,268
11/14/2008,GRR,MI,AGL,CE,Combined TRACON& Tower with Radar,43,96,75,9,223,0,0,2,0,2,43,96,77,9,225,28,0,28,253
11/15/2008,GRR,MI,AGL,CE,Combined TRACON& Tower with Radar,39,63,13,0,115,0,0,2,0,2,39,63,15,0,117,24,0,24,141
11/16/2008,GRR,MI,AGL,CE,Combined TRACON& Tower with Radar,33,62,25,0,120,0,0,0,0,0,33,62,25,0,120,0,0,0,120
11/17/2008,GRR,MI,AGL,CE,Combined TRACON& Tower with Radar,40,87,54,0,181,0,0,16,0,16,40,87,70,0,197,8,0,8,205
11/18/2008,GRR,MI,AGL,CE,Combined TRACON& Tower with Radar,45,84,64,0,193,0,2,46,0,48,45,86,110,0,241,24,0,24,265
11/19/2008,GRR,MI,AGL,CE,Combined TRACON& Tower with Radar,45,92,74,0,211,0,4,26,0,30,45,96,100,0,241,0,0,0,241
11/20/2008,GRR,MI,AGL,CE,Combined TRACON& Tower with Radar,43,92,55,0,190,0,0,11,0,11,43,92,66,0,201,2,0,2,203
11/21/2008,GRR,MI,AGL,CE,Combined TRACON& Tower with Radar,44,99,85,0,228,0,1,26,0,27,44,100,111,0,255,51,0,51,306
11/22/2008,GRR,MI,AGL,CE,Combined TRACON& Tower with Radar,34,68,61,0,163,0,0,69,0,69,34,68,130,0,232,70,0,70,302
11/23/2008,GRR,MI,AGL,CE,Combined TRACON& Tower with Radar,34,67,19,0,120,0,2,33,0,35,34,69,52,0,155,72,0,72,227
11/24/2008,GRR,MI,AGL,CE,Combined TRACON& Tower with Radar,41,90,41,0,172,0,0,0,0,0,41,90,41,0,172,0,0,0,172
11/25/2008,GRR,MI,AGL,CE,Combined TRACON& Tower with Radar,43,110,56,0,209,0,1,13,0,14,43,111,69,0,223,16,0,16,239
11/26/2008,GRR,MI,AGL,CE,Combined TRACON& Tower with Radar,41,96,42,0,179,0,3,27,0,30,41,99,69,0,209,20,0,20,229
11/27/2008,GRR,MI,AGL,CE,Combined TRACON& Tower with Radar,25,39,5,0,69,0,0,8,0,8,25,39,13,0,77,0,0,0,77
11/28/2008,GRR,MI,AGL,CE,Combined TRACON& Tower with Radar,36,60,22,0,118,0,0,8,0,8,36,60,30,0,126,6,0,6,132
11/29/2008,GRR,MI,AGL,CE,Combined TRACON& Tower with Radar,40,77,13,0,130,0,3,40,0,43,40,80,53,0,173,18,0,18,191
11/30/2008,GRR,MI,AGL,CE,Combined TRACON& Tower with Radar,39,61,29,0,129,0,0,8,0,8,39,61,37,0,137,4,0,4,141
12/01/2008,GRR,MI,AGL,CE,Combined TRACON& Tower with Radar,330,96,48,0,474,0,0,0,0,0,330,96,48,0,474,0,0,0,474
12/02/2008,GRR,MI,AGL,CE,Combined TRACON& Tower with Radar,45,44,61,0,150,0,4,8,0,12,45,48,69,0,162,6,0,6,168
12/03/2008,GRR,MI,AGL,CE,Combined TRACON& Tower with Radar,41,94,84,0,219,0,0,10,0,10,41,94,94,0,229,40,0,40,269
12/04/2008,GRR,MI,AGL,CE,Combined TRACON& Tower with Radar,44,89,66,0,199,0,0,1,0,1,44,89,67,0,200,0,0,0,200
12/05/2008,GRR,MI,AGL,CE,Combined TRACON& Tower with Radar,42,95,52,0,189,0,0,0,0,0,42,95,52,0,189,0,0,0,189
12/06/2008,GRR,MI,AGL,CE,Combined TRACON& Tower with Radar,31,57,18,0,106,0,0,0,0,0,31,57,18,0,106,4,0,4,110
12/07/2008,GRR,MI,AGL,CE,Combined TRACON& Tower with Radar,31,63,28,0,122,0,0,25,0,25,31,63,53,0,147,0,0,0,147
12/08/2008,GRR,MI,AGL,CE,Combined TRACON& Tower with Radar,31,82,75,0,188,0,1,23,0,24,31,83,98,0,212,2,0,2,214
12/09/2008,GRR,MI,AGL,CE,Combined TRACON& Tower with Radar,40,81,54,0,175,0,0,0,0,0,40,81,54,0,175,0,0,0,175
12/10/2008,GRR,MI,AGL,CE,Combined TRACON& Tower with Radar,44,86,73,0,203,0,1,28,0,29,44,87,101,0,232,12,0,12,244
12/11/2008,GRR,MI,AGL,CE,Combined TRACON& Tower with Radar,43,90,73,5,211,0,2,9,4,15,43,92,82,9,226,4,0,4,230
12/12/2008,GRR,MI,AGL,CE,Combined TRACON& Tower with Radar,52,92,67,0,211,0,1,10,0,11,52,93,77,0,222,0,0,0,222
12/13/2008,GRR,MI,AGL,CE,Combined TRACON& Tower with Radar,32,51,32,0,115,0,0,18,0,18,32,51,50,0,133,20,0,20,153
12/14/2008,GRR,MI,AGL,CE,Combined TRACON& Tower with Radar,33,60,15,0,108,0,0,2,0,2,33,60,17,0,110,0,0,0,110
12/15/2008,GRR,MI,AGL,CE,Combined TRACON& Tower with Radar,40,93,54,0,187,0,0,0,0,0,40,93,54,0,187,2,0,2,189
12/16/2008,GRR,MI,AGL,CE,Combined TRACON& Tower with Radar,50,83,85,0,218,0,2,11,0,13,50,85,96,0,231,52,0,52,283
12/17/2008,GRR,MI,AGL,CE,Combined TRACON& Tower with Radar,35,105,75,0,215,0,0,1,0,1,35,105,76,0,216,2,0,2,218
12/18/2008,GRR,MI,AGL,CE,Combined TRACON& Tower with Radar,34,119,96,0,249,0,4,18,0,22,34,123,114,0,271,18,0,18,289
12/19/2008,GRR,MI,AGL,CE,Combined TRACON& Tower with Radar,28,58,37,0,123,0,2,1,0,3,28,60,38,0,126,10,0,10,136
12/20/2008,GRR,MI,AGL,CE,Combined TRACON& Tower with Radar,30,80,48,0,158,0,0,7,0,7,30,80,55,0,165,6,0,6,171
12/21/2008,GRR,MI,AGL,CE,Combined TRACON& Tower with Radar,24,43,7,0,74,0,0,0,0,0,24,43,7,0,74,0,0,0,74
12/22/2008,GRR,MI,AGL,CE,Combined TRACON& Tower with Radar,26,100,34,0,160,0,0,1,0,1,26,100,35,0,161,0,0,0,161
12/23/2008,GRR,MI,AGL,CE,Combined TRACON& Tower with Radar,34,85,37,0,156,0,0,0,0,0,34,85,37,0,156,0,0,0,156
12/24/2008,GRR,MI,AGL,CE,Combined TRACON& Tower with Radar,35,70,16,0,121,0,0,0,0,0,35,70,16,0,121,0,0,0,121
12/25/2008,GRR,MI,AGL,CE,Combined TRACON& Tower with Radar,26,56,11,0,93,0,4,1,0,5,26,60,12,0,98,0,0,0,98
12/26/2008,GRR,MI,AGL,CE,Combined TRACON& Tower with Radar,34,100,32,0,166,0,0,0,0,0,34,100,32,0,166,0,0,0,166
12/27/2008,GRR,MI,AGL,CE,Combined TRACON& Tower with Radar,25,59,29,0,113,0,0,0,0,0,25,59,29,0,113,0,0,0,113
12/28/2008,GRR,MI,AGL,CE,Combined TRACON& Tower with Radar,32,72,26,0,130,0,2,1,0,3,32,74,27,0,133,0,0,0,133
12/29/2008,GRR,MI,AGL,CE,Combined TRACON& Tower with Radar,20,85,24,13,142,0,3,22,0,25,20,88,46,13,167,16,6,22,189
12/30/2008,GRR,MI,AGL,CE,Combined TRACON& Tower with Radar,34,96,48,13,191,0,2,42,0,44,34,98,90,13,235,42,8,50,285
12/31/2008,GRR,MI,AGL,CE,Combined TRACON& Tower with Radar,31,73,20,0,124,0,1,4,0,5,31,74,24,0,129,4,0,4,133
01/01/2009,GRR,MI,AGL,CE,Combined TRACON& Tower with Radar,24,64,12,0,100,0,2,14,0,16,24,66,26,0,116,24,0,24,140
01/02/2009,GRR,MI,AGL,CE,Combined TRACON& Tower with Radar,30,93,25,0,148,0,6,6,0,12,30,99,31,0,160,24,0,24,184
01/03/2009,GRR,MI,AGL,CE,Combined TRACON& Tower with Radar,29,70,34,0,133,0,4,38,0,42,29,74,72,0,175,42,0,42,217
01/04/2009,GRR,MI,AGL,CE,Combined TRACON& Tower with Radar,29,73,20,0,122,0,0,0,0,0,29,73,20,0,122,0,0,0,122
01/05/2009,GRR,MI,AGL,CE,Combined TRACON& Tower with Radar,32,92,50,0,174,0,3,29,0,32,32,95,79,0,206,0,0,0,206
01/06/2009,GRR,MI,AGL,CE,Combined TRACON& Tower with Radar,38,84,53,0,175,0,1,22,0,23,38,85,75,0,198,20,0,20,218
01/07/2009,GRR,MI,AGL,CE,Combined TRACON& Tower with Radar,35,84,42,0,161,0,0,0,0,0,35,84,42,0,161,0,0,0,161
01/08/2009,GRR,MI,AGL,CE,Combined TRACON& Tower with Radar,36,85,58,2,181,0,3,3,0,6,36,88,61,2,187,0,0,0,187
01/09/2009,GRR,MI,AGL,CE,Combined TRACON& Tower with Radar,35,88,53,0,176,2,0,0,0,2,37,88,53,0,178,0,0,0,178
01/10/2009,GRR,MI,AGL,CE,Combined TRACON& Tower with Radar,32,45,15,0,92,0,0,0,0,0,32,45,15,0,92,0,0,0,92
01/11/2009,GRR,MI,AGL,CE,Combined TRACON& Tower with Radar,28,64,20,0,112,0,1,1,0,2,28,65,21,0,114,0,0,0,114
01/12/2009,GRR,MI,AGL,CE,Combined TRACON& Tower with Radar,31,82,67,11,191,0,0,6,0,6,31,82,73,11,197,40,10,50,247
01/13/2009,GRR,MI,AGL,CE,Combined TRACON& Tower with Radar,34,80,45,5,164,0,4,7,0,11,34,84,52,5,175,0,0,0,175
01/14/2009,GRR,MI,AGL,CE,Combined TRACON& Tower with Radar,35,82,45,1,163,0,1,6,2,9,35,83,51,3,172,0,0,0,172
01/15/2009,GRR,MI,AGL,CE,Combined TRACON& Tower with Radar,38,83,52,14,187,0,1,2,0,3,38,84,54,14,190,0,0,0,190
01/16/2009,GRR,MI,AGL,CE,Combined TRACON& Tower with Radar,42,90,55,0,187,0,0,15,0,15,42,90,70,0,202,10,0,10,212
01/17/2009,GRR,MI,AGL,CE,Combined TRACON& Tower with Radar,30,52,12,0,94,0,0,0,0,0,30,52,12,0,94,0,0,0,94
01/18/2009,GRR,MI,AGL,CE,Combined TRACON& Tower with Radar,30,64,23,8,125,0,0,0,0,0,30,64,23,8,125,0,0,0,125
01/19/2009,GRR,MI,AGL,CE,Combined TRACON& Tower with Radar,35,79,27,0,141,0,2,18,0,20,35,81,45,0,161,26,0,26,187
01/20/2009,GRR,MI,AGL,CE,Combined TRACON& Tower with Radar,38,98,92,0,228,0,0,48,0,48,38,98,140,0,276,46,0,46,322
01/21/2009,GRR,MI,AGL,CE,Combined TRACON& Tower with Radar,37,80,55,8,180,0,2,12,0,14,37,82,67,8,194,6,10,16,210
01/22/2009,GRR,MI,AGL,CE,Combined TRACON& Tower with Radar,39,88,57,0,184,0,0,26,0,26,39,88,83,0,210,0,0,0,210
01/23/2009,GRR,MI,AGL,CE,Combined TRACON& Tower with Radar,39,89,71,0,199,0,0,2,0,2,39,89,73,0,201,14,0,14,215
01/24/2009,GRR,MI,AGL,CE,Combined TRACON& Tower with Radar,33,57,29,0,119,0,1,16,2,19,33,58,45,2,138,14,0,14,152
01/25/2009,GRR,MI,AGL,CE,Combined TRACON& Tower with Radar,31,58,37,0,126,0,0,18,0,18,31,58,55,0,144,46,0,46,190
01/26/2009,GRR,MI,AGL,CE,Combined TRACON& Tower with Radar,36,85,84,0,205,0,2,47,0,49,36,87,131,0,254,62,0,62,316
01/27/2009,GRR,MI,AGL,CE,Combined TRACON& Tower with Radar,37,84,77,0,198,0,2,38,0,40,37,86,115,0,238,38,0,38,276
01/28/2009,GRR,MI,AGL,CE,Combined TRACON& Tower with Radar,38,71,69,0,178,0,0,11,0,11,38,71,80,0,189,10,0,10,199
01/29/2009,GRR,MI,AGL,CE,Combined TRACON& Tower with Radar,40,84,60,0,184,0,0,0,0,0,40,84,60,0,184,0,0,0,184
01/30/2009,GRR,MI,AGL,CE,Combined TRACON& Tower with Radar,38,104,57,0,199,0,2,1,0,3,38,106,58,0,202,0,0,0,202
01/31/2009,GRR,MI,AGL,CE,Combined TRACON& Tower with Radar,32,47,25,0,104,0,5,16,0,21,32,52,41,0,125,24,0,24,149
02/01/2009,GRR,MI,AGL,CE,Combined TRACON& Tower with Radar,29,65,28,0,122,0,2,17,0,19,29,67,45,0,141,8,0,8,149
02/02/2009,GRR,MI,AGL,CE,Combined TRACON& Tower with Radar,49,101,58,0,208,0,4,43,0,47,49,105,101,0,255,48,0,48,303
02/03/2009,GRR,MI,AGL,CE,Combined TRACON& Tower with Radar,36,85,77,5,203,0,1,14,0,15,36,86,91,5,218,12,4,16,234
02/04/2009,GRR,MI,AGL,CE,Combined TRACON& Tower with Radar,41,77,74,4,196,0,8,38,0,46,41,85,112,4,242,32,4,36,278
02/05/2009,GRR,MI,AGL,CE,Combined TRACON& Tower with Radar,36,86,48,0,170,0,0,25,0,25,36,86,73,0,195,8,0,8,203
02/06/2009,GRR,MI,AGL,CE,Combined TRACON& Tower with Radar,37,83,51,10,181,0,3,35,0,38,37,86,86,10,219,58,16,74,293
02/07/2009,GRR,MI,AGL,CE,Combined TRACON& Tower with Radar,36,46,9,0,91,0,2,7,0,9,36,48,16,0,100,20,0,20,120
02/08/2009,GRR,MI,AGL,CE,Combined TRACON& Tower with Radar,30,87,49,0,166,0,6,61,0,67,30,93,110,0,233,24,0,24,257
02/09/2009,GRR,MI,AGL,CE,Combined TRACON& Tower with Radar,38,85,57,0,180,0,0,8,0,8,38,85,65,0,188,10,0,10,198
02/10/2009,GRR,MI,AGL,CE,Combined TRACON& Tower with Radar,36,90,51,0,177,0,1,25,0,26,36,91,76,0,203,10,0,10,213
02/11/2009,GRR,MI,AGL,CE,Combined TRACON& Tower with Radar,40,86,38,1,165,0,0,0,0,0,40,86,38,1,165,0,0,0,165
02/12/2009,GRR,MI,AGL,CE,Combined TRACON& Tower with Radar,43,101,42,5,191,0,3,8,0,11,43,104,50,5,202,2,14,16,218
02/13/2009,GRR,MI,AGL,CE,Combined TRACON& Tower with Radar,38,86,66,0,190,0,2,24,0,26,38,88,90,0,216,18,0,18,234
02/14/2009,GRR,MI,AGL,CE,Combined TRACON& Tower with Radar,38,52,7,0,97,0,1,3,0,4,38,53,10,0,101,0,0,0,101
02/15/2009,GRR,MI,AGL,CE,Combined TRACON& Tower with Radar,34,70,28,0,132,0,3,20,0,23,34,73,48,0,155,6,0,6,161
02/16/2009,GRR,MI,AGL,CE,Combined TRACON& Tower with Radar,38,82,56,0,176,0,2,47,0,49,38,84,103,0,225,20,0,20,245
02/17/2009,GRR,MI,AGL,CE,Combined TRACON& Tower with Radar,41,96,62,0,199,0,0,38,0,38,41,96,100,0,237,50,0,50,287
02/18/2009,GRR,MI,AGL,CE,Combined TRACON& Tower with Radar,42,95,63,8,208,0,0,0,0,0,42,95,63,8,208,0,0,0,208
02/19/2009,GRR,MI,AGL,CE,Combined TRACON& Tower with Radar,45,90,55,0,190,0,0,1,0,1,45,90,56,0,191,0,0,0,191
02/20/2009,GRR,MI,AGL,CE,Combined TRACON& Tower with Radar,45,85,68,1,199,0,0,25,0,25,45,85,93,1,224,22,0,22,246
02/21/2009,GRR,MI,AGL,CE,Combined TRACON& Tower with Radar,37,51,11,0,99,0,0,0,0,0,37,51,11,0,99,0,0,0,99
02/22/2009,GRR,MI,AGL,CE,Combined TRACON& Tower with Radar,38,66,33,0,137,0,0,4,0,4,38,66,37,0,141,0,0,0,141
02/23/2009,GRR,MI,AGL,CE,Combined TRACON& Tower with Radar,43,96,79,0,218,0,3,29,0,32,43,99,108,0,250,44,0,44,294
02/24/2009,GRR,MI,AGL,CE,Combined TRACON& Tower with Radar,44,86,90,4,224,0,2,51,0,53,44,88,141,4,277,76,16,92,369
02/25/2009,GRR,MI,AGL,CE,Combined TRACON& Tower with Radar,45,98,53,10,206,0,3,19,1,23,45,101,72,11,229,18,12,30,259
02/26/2009,GRR,MI,AGL,CE,Combined TRACON& Tower with Radar,42,91,41,0,174,0,1,0,0,1,42,92,41,0,175,1,0,1,176
02/27/2009,GRR,MI,AGL,CE,Combined TRACON& Tower with Radar,42,88,56,0,186,0,8,23,0,31,42,96,79,0,217,8,0,8,225
02/28/2009,GRR,MI,AGL,CE,Combined TRACON& Tower with Radar,41,50,18,0,109,0,3,43,2,48,41,53,61,2,157,70,0,70,227
03/01/2009,GRR,MI,AGL,CE,Combined TRACON& Tower with Radar,40,52,22,0,114,0,2,21,0,23,40,54,43,0,137,18,0,18,155
03/02/2009,GRR,MI,AGL,CE,Combined TRACON& Tower with Radar,40,77,52,0,169,0,4,55,0,59,40,81,107,0,228,40,0,40,268
03/03/2009,GRR,MI,AGL,CE,Combined TRACON& Tower with Radar,43,82,93,0,218,0,1,43,0,44,43,83,136,0,262,40,0,40,302
03/04/2009,GRR,MI,AGL,CE,Combined TRACON& Tower with Radar,43,85,53,8,189,0,24,34,1,59,43,109,87,9,248,58,6,64,312
03/05/2009,GRR,MI,AGL,CE,Combined TRACON& Tower with Radar,50,73,62,0,185,0,0,27,0,27,50,73,89,0,212,42,0,42,254
03/06/2009,GRR,MI,AGL,CE,Combined TRACON& Tower with Radar,45,88,48,0,181,0,3,21,0,24,45,91,69,0,205,6,0,6,211
03/07/2009,GRR,MI,AGL,CE,Combined TRACON& Tower with Radar,45,51,9,0,105,0,0,0,0,0,45,51,9,0,105,0,0,0,105
03/08/2009,GRR,MI,AGL,CE,Combined TRACON& Tower with Radar,50,63,15,0,128,0,0,0,0,0,50,63,15,0,128,0,0,0,128
03/09/2009,GRR,MI,AGL,CE,Combined TRACON& Tower with Radar,47,95,67,0,209,0,1,38,0,39,47,96,105,0,248,30,0,30,278
03/10/2009,GRR,MI,AGL,CE,Combined TRACON& Tower with Radar,47,86,61,0,194,0,0,0,0,0,47,86,61,0,194,0,0,0,194
03/11/2009,GRR,MI,AGL,CE,Combined TRACON& Tower with Radar,40,98,56,0,194,3,2,0,0,5,43,100,56,0,199,0,0,0,199
03/12/2009,GRR,MI,AGL,CE,Combined TRACON& Tower with Radar,43,83,64,0,190,0,0,40,0,40,43,83,104,0,230,34,0,34,264
03/13/2009,GRR,MI,AGL,CE,Combined TRACON& Tower with Radar,41,85,55,0,181,0,2,59,0,61,41,87,114,0,242,68,0,68,310
03/14/2009,GRR,MI,AGL,CE,Combined TRACON& Tower with Radar,42,46,24,0,112,0,8,47,0,55,42,54,71,0,167,46,0,46,213
03/15/2009,GRR,MI,AGL,CE,Combined TRACON& Tower with Radar,43,63,55,0,161,0,1,53,0,54,43,64,108,0,215,126,0,126,341
03/16/2009,GRR,MI,AGL,CE,Combined TRACON& Tower with Radar,42,90,60,0,192,0,0,54,0,54,42,90,114,0,246,71,0,71,317
03/17/2009,GRR,MI,AGL,CE,Combined TRACON& Tower with Radar,41,82,60,0,183,0,7,28,0,35,41,89,88,0,218,28,0,28,246
03/18/2009,GRR,MI,AGL,CE,Combined TRACON& Tower with Radar,44,88,56,10,198,0,6,55,0,61,44,94,111,10,259,20,0,20,279
03/19/2009,GRR,MI,AGL,CE,Combined TRACON& Tower with Radar,39,91,54,0,184,0,6,39,0,45,39,97,93,0,229,46,0,46,275
03/20/2009,GRR,MI,AGL,CE,Combined TRACON& Tower with Radar,40,85,60,0,185,0,0,50,0,50,40,85,110,0,235,60,0,60,295
03/21/2009,GRR,MI,AGL,CE,Combined TRACON& Tower with Radar,42,48,31,0,121,0,7,35,0,42,42,55,66,0,163,20,0,20,183
03/22/2009,GRR,MI,AGL,CE,Combined TRACON& Tower with Radar,40,54,40,0,134,0,2,30,0,32,40,56,70,0,166,14,0,14,180
03/23/2009,GRR,MI,AGL,CE,Combined TRACON& Tower with Radar,41,91,37,10,179,0,1,24,0,25,41,92,61,10,204,26,6,32,236
03/24/2009,GRR,MI,AGL,CE,Combined TRACON& Tower with Radar,42,92,48,13,195,0,5,15,2,22,42,97,63,15,217,10,4,14,231
03/25/2009,GRR,MI,AGL,CE,Combined TRACON& Tower with Radar,43,83,56,9,191,0,4,26,0,30,43,87,82,9,221,78,12,90,311
03/26/2009,GRR,MI,AGL,CE,Combined TRACON& Tower with Radar,42,82,70,0,194,0,4,55,0,59,42,86,125,0,253,60,0,60,313
03/27/2009,GRR,MI,AGL,CE,Combined TRACON& Tower with Radar,40,85,65,0,190,0,3,56,0,59,40,88,121,0,249,62,0,62,311
03/28/2009,GRR,MI,AGL,CE,Combined TRACON& Tower with Radar,42,53,30,0,125,0,1,37,0,38,42,54,67,0,163,2,0,2,165
03/29/2009,GRR,MI,AGL,CE,Combined TRACON& Tower with Radar,39,61,17,0,117,0,1,0,0,1,39,62,17,0,118,0,0,0,118
03/30/2009,GRR,MI,AGL,CE,Combined TRACON& Tower with Radar,40,85,87,0,212,0,3,82,0,85,40,88,169,0,297,68,0,68,365
03/31/2009,GRR,MI,AGL,CE,Combined TRACON& Tower with Radar,42,85,82,4,213,0,0,15,0,15,42,85,97,4,228,12,14,26,254
04/01/2009,GRR,MI,AGL,CE,Combined TRACON& Tower with Radar,38,92,74,0,204,0,3,16,0,19,38,95,90,0,223,0,0,0,223
04/02/2009,GRR,MI,AGL,CE,Combined TRACON& Tower with Radar,40,81,69,0,190,0,2,34,0,36,40,83,103,0,226,8,0,8,234
04/03/2009,GRR,MI,AGL,CE,Combined TRACON& Tower with Radar,39,81,68,0,188,0,3,4,0,7,39,84,72,0,195,17,0,17,212
04/04/2009,GRR,MI,AGL,CE,Combined TRACON& Tower with Radar,39,55,42,0,136,0,4,45,0,49,39,59,87,0,185,68,0,68,253
04/05/2009,GRR,MI,AGL,CE,Combined TRACON& Tower with Radar,41,66,12,0,119,0,1,11,0,12,41,67,23,0,131,14,0,14,145
04/06/2009,GRR,MI,AGL,CE,Combined TRACON& Tower with Radar,40,79,35,4,158,0,0,2,0,2,40,79,37,4,160,0,10,10,170
04/07/2009,GRR,MI,AGL,CE,Combined TRACON& Tower with Radar,39,107,48,0,194,0,0,16,0,16,39,107,64,0,210,16,0,16,226
04/08/2009,GRR,MI,AGL,CE,Combined TRACON& Tower with Radar,39,106,53,0,198,0,1,77,0,78,39,107,130,0,276,60,0,60,336
04/09/2009,GRR,MI,AGL,CE,Combined TRACON& Tower with Radar,44,83,49,0,176,0,1,63,0,64,44,84,112,0,240,16,0,16,256
04/10/2009,GRR,MI,AGL,CE,Combined TRACON& Tower with Radar,38,87,47,0,172,0,3,42,0,45,38,90,89,0,217,30,0,30,247
04/11/2009,GRR,MI,AGL,CE,Combined TRACON& Tower with Radar,43,49,52,0,144,0,0,0,0,0,43,49,52,0,144,38,0,38,182
04/12/2009,GRR,MI,AGL,CE,Combined TRACON& Tower with Radar,34,64,16,0,114,0,1,30,0,31,34,65,46,0,145,10,0,10,155
04/13/2009,GRR,MI,AGL,CE,Combined TRACON& Tower with Radar,43,87,56,11,197,0,0,21,0,21,43,87,77,11,218,4,18,22,240
04/14/2009,GRR,MI,AGL,CE,Combined TRACON& Tower with Radar,42,83,56,0,181,0,2,6,0,8,42,85,62,0,189,16,0,16,205
04/15/2009,GRR,MI,AGL,CE,Combined TRACON& Tower with Radar,42,82,84,0,208,0,0,39,0,39,42,82,123,0,247,22,0,22,269
04/16/2009,GRR,MI,AGL,CE,Combined TRACON& Tower with Radar,42,86,77,0,205,0,1,63,2,66,42,87,140,2,271,34,0,34,305
04/17/2009,GRR,MI,AGL,CE,Combined TRACON& Tower with Radar,39,87,61,0,187,0,2,41,0,43,39,89,102,0,230,26,0,26,256
04/18/2009,GRR,MI,AGL,CE,Combined TRACON& Tower with Radar,41,48,48,0,137,0,3,56,0,59,41,51,104,0,196,42,0,42,238
04/19/2009,GRR,MI,AGL,CE,Combined TRACON& Tower with Radar,53,56,37,0,146,0,2,2,0,4,53,58,39,0,150,10,0,10,160
04/20/2009,GRR,MI,AGL,CE,Combined TRACON& Tower with Radar,36,91,41,20,188,0,1,1,0,2,36,92,42,20,190,8,24,32,222
04/21/2009,GRR,MI,AGL,CE,Combined TRACON& Tower with Radar,41,84,52,2,179,0,0,0,0,0,41,84,52,2,179,0,2,2,181
04/22/2009,GRR,MI,AGL,CE,Combined TRACON& Tower with Radar,33,81,65,0,179,0,1,26,0,27,33,82,91,0,206,12,0,12,218
04/23/2009,GRR,MI,AGL,CE,Combined TRACON& Tower with Radar,46,94,82,12,234,0,3,65,2,70,46,97,147,14,304,78,41,119,423
04/24/2009,GRR,MI,AGL,CE,Combined TRACON& Tower with Radar,36,86,58,0,180,0,7,39,0,46,36,93,97,0,226,34,0,34,260
04/25/2009,GRR,MI,AGL,CE,Combined TRACON& Tower with Radar,36,57,12,0,105,0,0,12,0,12,36,57,24,0,117,48,0,48,165
04/26/2009,GRR,MI,AGL,CE,Combined TRACON& Tower with Radar,34,65,32,0,131,0,1,4,0,5,34,66,36,0,136,10,0,10,146
04/27/2009,GRR,MI,AGL,CE,Combined TRACON& Tower with Radar,37,82,54,26,199,0,3,6,0,9,37,85,60,26,208,0,0,0,208
04/28/2009,GRR,MI,AGL,CE,Combined TRACON& Tower with Radar,48,96,62,0,206,0,4,33,0,37,48,100,95,0,243,64,0,64,307
04/29/2009,GRR,MI,AGL,CE,Combined TRACON& Tower with Radar,36,93,104,0,233,0,14,62,0,76,36,107,166,0,309,33,0,33,342
04/30/2009,GRR,MI,AGL,CE,Combined TRACON& Tower with Radar,39,90,28,0,157,0,0,0,0,0,39,90,28,0,157,0,0,0,157
05/01/2009,GRR,MI,AGL,CE,Combined TRACON& Tower with Radar,36,88,60,0,184,0,4,38,0,42,36,92,98,0,226,42,0,42,268
05/02/2009,GRR,MI,AGL,CE,Combined TRACON& Tower with Radar,31,54,34,0,119,0,3,43,2,48,31,57,77,2,167,58,0,58,225
05/03/2009,GRR,MI,AGL,CE,Combined TRACON& Tower with Radar,27,66,24,6,123,0,7,47,0,54,27,73,71,6,177,20,0,20,197
05/04/2009,GRR,MI,AGL,CE,Combined TRACON& Tower with Radar,40,104,58,9,211,0,4,51,0,55,40,108,109,9,266,36,28,64,330
05/05/2009,GRR,MI,AGL,CE,Combined TRACON& Tower with Radar,39,81,75,0,195,0,4,46,0,50,39,85,121,0,245,68,0,68,313
05/06/2009,GRR,MI,AGL,CE,Combined TRACON& Tower with Radar,36,94,62,0,192,0,10,42,0,52,36,104,104,0,244,18,0,18,262
05/07/2009,GRR,MI,AGL,CE,Combined TRACON& Tower with Radar,44,91,64,0,199,0,3,20,0,23,44,94,84,0,222,154,0,154,376
05/08/2009,GRR,MI,AGL,CE,Combined TRACON& Tower with Radar,38,93,46,1,178,0,0,58,0,58,38,93,104,1,236,100,0,100,336
05/09/2009,GRR,MI,AGL,CE,Combined TRACON& Tower with Radar,34,54,19,1,108,0,0,2,0,2,34,54,21,1,110,8,0,8,118
05/10/2009,GRR,MI,AGL,CE,Combined TRACON& Tower with Radar,39,98,42,0,179,0,1,33,0,34,39,99,75,0,213,10,0,10,223
05/11/2009,GRR,MI,AGL,CE,Combined TRACON& Tower with Radar,43,96,62,0,201,0,5,64,0,69,43,101,126,0,270,50,0,50,320
05/12/2009,GRR,MI,AGL,CE,Combined TRACON& Tower with Radar,44,85,66,11,206,0,3,68,2,73,44,88,134,13,279,44,24,68,347
05/13/2009,GRR,MI,AGL,CE,Combined TRACON& Tower with Radar,39,95,56,0,190,0,0,10,0,10,39,95,66,0,200,0,0,0,200
05/14/2009,GRR,MI,AGL,CE,Combined TRACON& Tower with Radar,40,95,53,19,207,0,1,32,2,35,40,96,85,21,242,30,32,62,304
05/15/2009,GRR,MI,AGL,CE,Combined TRACON& Tower with Radar,38,87,27,1,153,0,1,28,7,36,38,88,55,8,189,12,2,14,203
05/16/2009,GRR,MI,AGL,CE,Combined TRACON& Tower with Radar,34,53,12,0,99,0,6,16,0,22,34,59,28,0,121,20,0,20,141
05/17/2009,GRR,MI,AGL,CE,Combined TRACON& Tower with Radar,34,65,32,0,131,0,2,48,0,50,34,67,80,0,181,46,0,46,227
05/18/2009,GRR,MI,AGL,CE,Combined TRACON& Tower with Radar,35,88,51,8,182,0,8,52,0,60,35,96,103,8,242,56,10,66,308
05/19/2009,GRR,MI,AGL,CE,Combined TRACON& Tower with Radar,38,84,67,0,189,0,2,54,0,56,38,86,121,0,245,70,0,70,315
05/20/2009,GRR,MI,AGL,CE,Combined TRACON& Tower with Radar,80,126,132,0,338,0,0,57,0,57,80,126,189,0,395,30,0,30,425
05/21/2009,GRR,MI,AGL,CE,Combined TRACON& Tower with Radar,62,99,66,0,227,0,4,61,3,68,62,103,127,3,295,46,0,46,341
05/22/2009,GRR,MI,AGL,CE,Combined TRACON& Tower with Radar,39,90,51,0,180,0,4,51,0,55,39,94,102,0,235,46,0,46,281
05/23/2009,GRR,MI,AGL,CE,Combined TRACON& Tower with Radar,31,54,39,0,124,0,4,25,0,29,31,58,64,0,153,52,0,52,205
05/24/2009,GRR,MI,AGL,CE,Combined TRACON& Tower with Radar,30,53,23,0,106,0,3,15,0,18,30,56,38,0,124,20,0,20,144
05/25/2009,GRR,MI,AGL,CE,Combined TRACON& Tower with Radar,65,94,64,0,223,0,0,27,0,27,65,94,91,0,250,50,0,50,300
05/26/2009,GRR,MI,AGL,CE,Combined TRACON& Tower with Radar,45,85,71,6,207,0,30,33,0,63,45,115,104,6,270,12,8,20,290
05/27/2009,GRR,MI,AGL,CE,Combined TRACON& Tower with Radar,41,86,59,0,186,0,0,5,0,5,41,86,64,0,191,0,0,0,191
05/28/2009,GRR,MI,AGL,CE,Combined TRACON& Tower with Radar,39,83,84,0,206,0,2,1,0,3,39,85,85,0,209,0,0,0,209
05/29/2009,GRR,MI,AGL,CE,Combined TRACON& Tower with Radar,48,92,68,0,208,0,2,60,0,62,48,94,128,0,270,110,0,110,380
05/30/2009,GRR,MI,AGL,CE,Combined TRACON& Tower with Radar,33,53,30,0,116,0,4,64,1,69,33,57,94,1,185,87,0,87,272
05/31/2009,GRR,MI,AGL,CE,Combined TRACON& Tower with Radar,31,68,38,0,137,0,2,30,0,32,31,70,68,0,169,2,0,2,171
06/01/2009,GRR,MI,AGL,CE,Combined TRACON& Tower with Radar,39,75,53,0,167,0,1,28,0,29,39,76,81,0,196,16,0,16,212
06/02/2009,GRR,MI,AGL,CE,Combined TRACON& Tower with Radar,40,74,89,0,203,0,3,43,0,46,40,77,132,0,249,148,0,148,397
06/03/2009,GRR,MI,AGL,CE,Combined TRACON& Tower with Radar,34,86,57,14,191,0,3,53,7,63,34,89,110,21,254,22,8,30,284
06/04/2009,GRR,MI,AGL,CE,Combined TRACON& Tower with Radar,41,87,67,0,195,0,3,66,0,69,41,90,133,0,264,58,0,58,322
06/05/2009,GRR,MI,AGL,CE,Combined TRACON& Tower with Radar,35,90,59,1,185,0,2,50,0,52,35,92,109,1,237,2,0,2,239
06/06/2009,GRR,MI,AGL,CE,Combined TRACON& Tower with Radar,33,61,27,0,121,0,2,33,1,36,33,63,60,1,157,110,0,110,267
06/07/2009,GRR,MI,AGL,CE,Combined TRACON& Tower with Radar,28,75,23,0,126,0,0,14,0,14,28,75,37,0,140,14,0,14,154
06/08/2009,GRR,MI,AGL,CE,Combined TRACON& Tower with Radar,36,101,61,0,198,0,0,4,0,4,36,101,65,0,202,6,0,6,208
06/09/2009,GRR,MI,AGL,CE,Combined TRACON& Tower with Radar,42,92,80,0,214,0,2,39,0,41,42,94,119,0,255,70,0,70,325
06/10/2009,GRR,MI,AGL,CE,Combined TRACON& Tower with Radar,37,89,88,9,223,0,0,61,4,65,37,89,149,13,288,56,22,78,366
06/11/2009,GRR,MI,AGL,CE,Combined TRACON& Tower with Radar,41,88,100,0,229,0,1,17,0,18,41,89,117,0,247,72,0,72,319
06/12/2009,GRR,MI,AGL,CE,Combined TRACON& Tower with Radar,50,82,55,0,187,0,0,112,0,112,50,82,167,0,299,114,0,114,413
06/13/2009,GRR,MI,AGL,CE,Combined TRACON& Tower with Radar,34,59,24,0,117,0,26,35,0,61,34,85,59,0,178,24,0,24,202
06/14/2009,GRR,MI,AGL,CE,Combined TRACON& Tower with Radar,38,69,31,0,138,0,0,57,0,57,38,69,88,0,195,32,0,32,227
06/15/2009,GRR,MI,AGL,CE,Combined TRACON& Tower with Radar,41,98,79,15,233,0,5,80,0,85,41,103,159,15,318,104,22,126,444
06/16/2009,GRR,MI,AGL,CE,Combined TRACON& Tower with Radar,42,90,74,7,213,0,1,60,0,61,42,91,134,7,274,72,12,84,358
06/17/2009,GRR,MI,AGL,CE,Combined TRACON& Tower with Radar,40,91,57,0,188,0,0,1,0,1,40,91,58,0,189,0,0,0,189
06/18/2009,GRR,MI,AGL,CE,Combined TRACON& Tower with Radar,42,92,68,4,206,0,0,59,1,60,42,92,127,5,266,18,12,30,296
06/19/2009,GRR,MI,AGL,CE,Combined TRACON& Tower with Radar,47,85,53,0,185,0,0,0,17,17,47,85,53,17,202,10,0,10,212
06/20/2009,GRR,MI,AGL,CE,Combined TRACON& Tower with Radar,34,64,41,0,139,0,3,21,0,24,34,67,62,0,163,0,0,0,163
06/21/2009,GRR,MI,AGL,CE,Combined TRACON& Tower with Radar,32,80,26,0,138,0,5,32,0,37,32,85,58,0,175,0,0,0,175
06/22/2009,GRR,MI,AGL,CE,Combined TRACON& Tower with Radar,44,90,67,11,212,0,3,49,0,52,44,93,116,11,264,82,18,100,364
06/23/2009,GRR,MI,AGL,CE,Combined TRACON& Tower with Radar,40,96,81,0,217,0,32,59,0,91,40,128,140,0,308,138,0,138,446
06/24/2009,GRR,MI,AGL,CE,Combined TRACON& Tower with Radar,39,91,77,0,207,0,4,60,0,64,39,95,137,0,271,34,0,34,305
06/25/2009,GRR,MI,AGL,CE,Combined TRACON& Tower with Radar,49,91,61,13,214,0,4,34,1,39,49,95,95,14,253,28,20,48,301
06/26/2009,GRR,MI,AGL,CE,Combined TRACON& Tower with Radar,39,106,60,0,205,0,1,57,0,58,39,107,117,0,263,38,0,38,301
06/27/2009,GRR,MI,AGL,CE,Combined TRACON& Tower with Radar,28,70,30,0,128,0,5,68,0,73,28,75,98,0,201,2,0,2,203
06/28/2009,GRR,MI,AGL,CE,Combined TRACON& Tower with Radar,32,68,21,0,121,0,2,17,0,19,32,70,38,0,140,6,0,6,146
06/29/2009,GRR,MI,AGL,CE,Combined TRACON& Tower with Radar,43,89,45,0,177,0,5,35,0,40,43,94,80,0,217,64,0,64,281
06/30/2009,GRR,MI,AGL,CE,Combined TRACON& Tower with Radar,37,95,93,0,225,0,1,12,0,13,37,96,105,0,238,19,0,19,257
07/01/2009,GRR,MI,AGL,CE,Combined TRACON& Tower with Radar,42,95,91,0,228,0,0,10,0,10,42,95,101,0,238,26,0,26,264
07/02/2009,GRR,MI,AGL,CE,Combined TRACON& Tower with Radar,27,88,93,0,208,0,0,5,0,5,27,88,98,0,213,2,0,2,215
07/03/2009,GRR,MI,AGL,CE,Combined TRACON& Tower with Radar,47,66,33,0,146,0,1,39,2,42,47,67,72,2,188,22,0,22,210
07/04/2009,GRR,MI,AGL,CE,Combined TRACON& Tower with Radar,32,42,15,0,89,0,3,25,0,28,32,45,40,0,117,18,0,18,135
07/05/2009,GRR,MI,AGL,CE,Combined TRACON& Tower with Radar,37,83,22,0,142,0,6,29,0,35,37,89,51,0,177,8,0,8,185
07/06/2009,GRR,MI,AGL,CE,Combined TRACON& Tower with Radar,46,92,58,0,196,0,2,44,0,46,46,94,102,0,242,36,0,36,278
07/07/2009,GRR,MI,AGL,CE,Combined TRACON& Tower with Radar,48,89,67,0,204,0,7,42,2,51,48,96,109,2,255,50,0,50,305
07/08/2009,GRR,MI,AGL,CE,Combined TRACON& Tower with Radar,46,99,60,4,209,0,5,45,4,54,46,104,105,8,263,23,2,25,288
07/09/2009,GRR,MI,AGL,CE,Combined TRACON& Tower with Radar,47,82,56,0,185,0,2,43,0,45,47,84,99,0,230,40,0,40,270
07/10/2009,GRR,MI,AGL,CE,Combined TRACON& Tower with Radar,47,89,37,0,173,0,2,31,0,33,47,91,68,0,206,46,0,46,252
07/11/2009,GRR,MI,AGL,CE,Combined TRACON& Tower with Radar,41,55,25,0,121,0,10,24,0,34,41,65,49,0,155,48,0,48,203
07/12/2009,GRR,MI,AGL,CE,Combined TRACON& Tower with Radar,39,69,26,0,134,0,8,22,0,30,39,77,48,0,164,26,0,26,190
07/13/2009,GRR,MI,AGL,CE,Combined TRACON& Tower with Radar,51,105,75,0,231,0,2,48,0,50,51,107,123,0,281,54,0,54,335
07/14/2009,GRR,MI,AGL,CE,Combined TRACON& Tower with Radar,54,95,69,0,218,0,4,65,0,69,54,99,134,0,287,56,0,56,343
07/15/2009,GRR,MI,AGL,CE,Combined TRACON& Tower with Radar,49,87,76,0,212,0,2,31,0,33,49,89,107,0,245,18,0,18,263
07/16/2009,GRR,MI,AGL,CE,Combined TRACON& Tower with Radar,51,84,84,6,225,0,5,53,1,59,51,89,137,7,284,76,10,86,370
07/17/2009,GRR,MI,AGL,CE,Combined TRACON& Tower with Radar,49,87,53,0,189,0,9,23,0,32,49,96,76,0,221,36,0,36,257
07/18/2009,GRR,MI,AGL,CE,Combined TRACON& Tower with Radar,37,60,23,0,120,0,2,20,0,22,37,62,43,0,142,32,0,32,174
07/19/2009,GRR,MI,AGL,CE,Combined TRACON& Tower with Radar,39,66,28,0,133,0,2,18,0,20,39,68,46,0,153,6,0,6,159
07/20/2009,GRR,MI,AGL,CE,Combined TRACON& Tower with Radar,51,89,64,0,204,0,1,52,0,53,51,90,116,0,257,34,0,34,291
07/21/2009,GRR,MI,AGL,CE,Combined TRACON& Tower with Radar,46,84,53,0,183,0,4,41,0,45,46,88,94,0,228,14,0,14,242
07/22/2009,GRR,MI,AGL,CE,Combined TRACON& Tower with Radar,50,85,80,2,217,0,0,8,0,8,50,85,88,2,225,0,0,0,225
07/23/2009,GRR,MI,AGL,CE,Combined TRACON& Tower with Radar,48,86,81,0,215,0,1,12,0,13,48,87,93,0,228,4,0,4,232
07/24/2009,GRR,MI,AGL,CE,Combined TRACON& Tower with Radar,52,92,67,2,213,0,3,51,0,54,52,95,118,2,267,28,0,28,295
07/25/2009,GRR,MI,AGL,CE,Combined TRACON& Tower with Radar,35,62,24,0,121,0,2,23,0,25,35,64,47,0,146,50,0,50,196
07/26/2009,GRR,MI,AGL,CE,Combined TRACON& Tower with Radar,50,75,42,0,167,0,0,11,0,11,50,75,53,0,178,9,2,11,189
07/27/2009,GRR,MI,AGL,CE,Combined TRACON& Tower with Radar,52,75,78,0,205,0,6,59,0,65,52,81,137,0,270,23,0,23,293
07/28/2009,GRR,MI,AGL,CE,Combined TRACON& Tower with Radar,53,79,55,0,187,0,1,46,0,47,53,80,101,0,234,0,0,0,234
07/29/2009,GRR,MI,AGL,CE,Combined TRACON& Tower with Radar,55,73,93,3,224,0,3,62,2,67,55,76,155,5,291,38,0,38,329
07/30/2009,GRR,MI,AGL,CE,Combined TRACON& Tower with Radar,51,97,71,0,219,0,4,41,0,45,51,101,112,0,264,34,0,34,298
07/31/2009,GRR,MI,AGL,CE,Combined TRACON& Tower with Radar,51,77,62,0,190,0,1,73,0,74,51,78,135,0,264,24,0,24,288
08/01/2009,GRR,MI,AGL,CE,Combined TRACON& Tower with Radar,42,44,19,0,105,0,5,35,0,40,42,49,54,0,145,0,0,0,145
08/02/2009,GRR,MI,AGL,CE,Combined TRACON& Tower with Radar,47,68,35,0,150,0,2,46,0,48,47,70,81,0,198,24,0,24,222
08/03/2009,GRR,MI,AGL,CE,Combined TRACON& Tower with Radar,50,89,44,0,183,0,0,23,0,23,50,89,67,0,206,0,0,0,206
08/04/2009,GRR,MI,AGL,CE,Combined TRACON& Tower with Radar,47,89,68,0,204,0,2,55,0,57,47,91,123,0,261,26,0,26,287
08/05/2009,GRR,MI,AGL,CE,Combined TRACON& Tower with Radar,49,86,75,1,211,0,6,67,2,75,49,92,142,3,286,76,0,76,362
08/06/2009,GRR,MI,AGL,CE,Combined TRACON& Tower with Radar,50,88,66,18,222,0,6,82,1,89,50,94,148,19,311,64,20,84,395
08/07/2009,GRR,MI,AGL,CE,Combined TRACON& Tower with Radar,49,81,40,0,170,0,7,63,0,70,49,88,103,0,240,48,0,48,288
08/08/2009,GRR,MI,AGL,CE,Combined TRACON& Tower with Radar,36,57,17,0,110,0,0,6,0,6,36,57,23,0,116,36,0,36,152
08/09/2009,GRR,MI,AGL,CE,Combined TRACON& Tower with Radar,45,65,20,0,130,0,1,9,0,10,45,66,29,0,140,0,0,0,140
08/10/2009,GRR,MI,AGL,CE,Combined TRACON& Tower with Radar,45,87,60,0,192,0,1,41,0,42,45,88,101,0,234,48,0,48,282
08/11/2009,GRR,MI,AGL,CE,Combined TRACON& Tower with Radar,50,89,73,0,212,0,2,57,0,59,50,91,130,0,271,76,0,76,347
08/12/2009,GRR,MI,AGL,CE,Combined TRACON& Tower with Radar,48,86,66,12,212,0,3,45,1,49,48,89,111,13,261,58,22,80,341
08/13/2009,GRR,MI,AGL,CE,Combined TRACON& Tower with Radar,50,86,58,0,194,0,2,54,0,56,50,88,112,0,250,48,0,48,298
08/14/2009,GRR,MI,AGL,CE,Combined TRACON& Tower with Radar,51,92,44,6,193,0,8,46,2,56,51,100,90,8,249,0,0,0,249
08/15/2009,GRR,MI,AGL,CE,Combined TRACON& Tower with Radar,40,53,22,0,115,0,4,57,0,61,40,57,79,0,176,12,0,12,188
08/16/2009,GRR,MI,AGL,CE,Combined TRACON& Tower with Radar,49,68,30,0,147,0,0,11,0,11,49,68,41,0,158,16,0,16,174
08/17/2009,GRR,MI,AGL,CE,Combined TRACON& Tower with Radar,44,86,60,0,190,0,1,7,0,8,44,87,67,0,198,14,0,14,212
08/18/2009,GRR,MI,AGL,CE,Combined TRACON& Tower with Radar,45,88,68,0,201,0,0,31,0,31,45,88,99,0,232,4,0,4,236
08/19/2009,GRR,MI,AGL,CE,Combined TRACON& Tower with Radar,43,94,29,0,166,0,0,81,0,81,43,94,110,0,247,92,0,92,339
08/20/2009,GRR,MI,AGL,CE,Combined TRACON& Tower with Radar,53,97,50,0,200,0,2,14,0,16,53,99,64,0,216,10,0,10,226
08/21/2009,GRR,MI,AGL,CE,Combined TRACON& Tower with Radar,46,89,52,0,187,0,3,14,0,17,46,92,66,0,204,8,0,8,212
08/22/2009,GRR,MI,AGL,CE,Combined TRACON& Tower with Radar,33,61,16,0,110,0,0,19,0,19,33,61,35,0,129,12,0,12,141
08/23/2009,GRR,MI,AGL,CE,Combined TRACON& Tower with Radar,43,67,24,0,134,0,2,24,0,26,43,69,48,0,160,82,0,82,242
08/24/2009,GRR,MI,AGL,CE,Combined TRACON& Tower with Radar,36,92,64,20,212,0,2,58,0,60,36,94,122,20,272,122,34,156,428
08/25/2009,GRR,MI,AGL,CE,Combined TRACON& Tower with Radar,45,87,59,0,191,0,6,41,0,47,45,93,100,0,238,46,0,46,284
08/26/2009,GRR,MI,AGL,CE,Combined TRACON& Tower with Radar,46,91,86,0,223,0,6,54,0,60,46,97,140,0,283,98,0,98,381
08/27/2009,GRR,MI,AGL,CE,Combined TRACON& Tower with Radar,48,86,107,0,241,0,3,51,0,54,48,89,158,0,295,85,0,85,380
08/28/2009,GRR,MI,AGL,CE,Combined TRACON& Tower with Radar,42,87,85,4,218,0,0,2,0,2,42,87,87,4,220,4,0,4,224
08/29/2009,GRR,MI,AGL,CE,Combined TRACON& Tower with Radar,43,52,49,0,144,0,0,94,0,94,43,52,143,0,238,36,0,36,274
08/30/2009,GRR,MI,AGL,CE,Combined TRACON& Tower with Radar,44,78,41,0,163,0,6,24,0,30,44,84,65,0,193,8,0,8,201
08/31/2009,GRR,MI,AGL,CE,Combined TRACON& Tower with Radar,42,83,60,0,185,0,0,57,0,57,42,83,117,0,242,66,0,66,308
09/01/2009,GRR,MI,AGL,CE,Combined TRACON& Tower with Radar,43,91,49,1,184,0,4,62,1,67,43,95,111,2,251,30,0,30,281
09/02/2009,GRR,MI,AGL,CE,Combined TRACON& Tower with Radar,43,85,92,0,220,0,6,80,0,86,43,91,172,0,306,72,0,72,378
09/03/2009,GRR,MI,AGL,CE,Combined TRACON& Tower with Radar,52,98,80,0,230,0,2,75,0,77,52,100,155,0,307,48,0,48,355
09/04/2009,GRR,MI,AGL,CE,Combined TRACON& Tower with Radar,38,87,54,0,179,0,2,53,0,55,38,89,107,0,234,48,0,48,282
09/05/2009,GRR,MI,AGL,CE,Combined TRACON& Tower with Radar,33,47,16,0,96,0,4,33,0,37,33,51,49,0,133,12,0,12,145
09/06/2009,GRR,MI,AGL,CE,Combined TRACON& Tower with Radar,30,48,17,0,95,0,2,25,0,27,30,50,42,0,122,28,0,28,150
09/07/2009,GRR,MI,AGL,CE,Combined TRACON& Tower with Radar,29,82,38,0,149,0,2,52,0,54,29,84,90,0,203,44,0,44,247
09/08/2009,GRR,MI,AGL,CE,Combined TRACON& Tower with Radar,37,85,57,0,179,0,1,15,0,16,37,86,72,0,195,6,0,6,201
09/09/2009,GRR,MI,AGL,CE,Combined TRACON& Tower with Radar,41,104,83,9,237,0,2,22,2,26,41,106,105,11,263,14,22,36,299
09/10/2009,GRR,MI,AGL,CE,Combined TRACON& Tower with Radar,40,91,88,6,225,0,2,46,1,49,40,93,134,7,274,13,10,23,297
09/11/2009,GRR,MI,AGL,CE,Combined TRACON& Tower with Radar,34,93,54,0,181,0,6,33,0,39,34,99,87,0,220,38,0,38,258
09/12/2009,GRR,MI,AGL,CE,Combined TRACON& Tower with Radar,39,63,19,0,121,0,0,30,0,30,39,63,49,0,151,22,0,22,173
09/13/2009,GRR,MI,AGL,CE,Combined TRACON& Tower with Radar,29,58,41,0,128,0,3,32,0,35,29,61,73,0,163,0,0,0,163
09/14/2009,GRR,MI,AGL,CE,Combined TRACON& Tower with Radar,36,84,45,19,184,0,1,37,2,40,36,85,82,21,224,12,28,40,264
09/15/2009,GRR,MI,AGL,CE,Combined TRACON& Tower with Radar,40,91,76,7,214,0,4,57,0,61,40,95,133,7,275,96,12,108,383
09/16/2009,GRR,MI,AGL,CE,Combined TRACON& Tower with Radar,39,88,94,0,221,0,2,48,2,52,39,90,142,2,273,53,0,53,326
09/17/2009,GRR,MI,AGL,CE,Combined TRACON& Tower with Radar,42,88,67,7,204,0,2,63,0,65,42,90,130,7,269,36,6,42,311
09/18/2009,GRR,MI,AGL,CE,Combined TRACON& Tower with Radar,39,84,80,0,203,0,3,29,0,32,39,87,109,0,235,48,0,48,283
09/19/2009,GRR,MI,AGL,CE,Combined TRACON& Tower with Radar,30,49,47,0,126,0,0,46,0,46,30,49,93,0,172,30,0,30,202
09/20/2009,GRR,MI,AGL,CE,Combined TRACON& Tower with Radar,34,63,26,0,123,0,2,37,0,39,34,65,63,0,162,8,0,8,170
09/21/2009,GRR,MI,AGL,CE,Combined TRACON& Tower with Radar,36,80,72,5,193,0,0,3,0,3,36,80,75,5,196,8,8,16,212
09/22/2009,GRR,MI,AGL,CE,Combined TRACON& Tower with Radar,39,85,73,20,217,0,3,14,0,17,39,88,87,20,234,0,10,10,244
09/23/2009,GRR,MI,AGL,CE,Combined TRACON& Tower with Radar,51,124,117,2,294,0,2,14,0,16,51,126,131,2,310,36,12,48,358
09/24/2009,GRR,MI,AGL,CE,Combined TRACON& Tower with Radar,42,88,90,0,220,0,0,51,0,51,42,88,141,0,271,96,0,96,367
09/25/2009,GRR,MI,AGL,CE,Combined TRACON& Tower with Radar,39,87,57,0,183,0,2,45,0,47,39,89,102,0,230,38,0,38,268
09/26/2009,GRR,MI,AGL,CE,Combined TRACON& Tower with Radar,30,47,35,0,112,0,0,0,0,0,30,47,35,0,112,0,0,0,112
09/27/2009,GRR,MI,AGL,CE,Combined TRACON& Tower with Radar,38,67,42,0,147,0,1,20,0,21,38,68,62,0,168,20,0,20,188
09/28/2009,GRR,MI,AGL,CE,Combined TRACON& Tower with Radar,37,88,50,0,175,0,0,5,0,5,37,88,55,0,180,0,0,0,180
09/29/2009,GRR,MI,AGL,CE,Combined TRACON& Tower with Radar,41,80,78,1,200,0,0,8,0,8,41,80,86,1,208,32,0,32,240
09/30/2009,GRR,MI,AGL,CE,Combined TRACON& Tower with Radar,39,85,106,7,237,0,4,74,0,78,39,89,180,7,315,132,12,144,459
10/01/2009,GRR,MI,AGL,CE,Combined TRACON& Tower with Radar,38,92,57,0,187,1,14,42,0,57,39,106,99,0,244,18,0,18,262
10/02/2009,GRR,MI,AGL,CE,Combined TRACON& Tower with Radar,42,94,56,8,200,0,0,4,0,4,42,94,60,8,204,0,0,0,204
10/03/2009,GRR,MI,AGL,CE,Combined TRACON& Tower with Radar,31,50,28,0,109,0,1,3,0,4,31,51,31,0,113,0,0,0,113
10/04/2009,GRR,MI,AGL,CE,Combined TRACON& Tower with Radar,36,70,34,0,140,0,0,0,0,0,36,70,34,0,140,0,0,0,140
10/05/2009,GRR,MI,AGL,CE,Combined TRACON& Tower with Radar,35,95,65,6,201,0,4,42,2,48,35,99,107,8,249,22,12,34,283
10/06/2009,GRR,MI,AGL,CE,Combined TRACON& Tower with Radar,40,83,69,0,192,0,2,9,0,11,40,85,78,0,203,0,0,0,203
10/07/2009,GRR,MI,AGL,CE,Combined TRACON& Tower with Radar,42,94,53,19,208,0,1,16,3,20,42,95,69,22,228,40,20,60,288
10/08/2009,GRR,MI,AGL,CE,Combined TRACON& Tower with Radar,40,91,68,0,199,0,3,50,0,53,40,94,118,0,252,66,0,66,318
10/09/2009,GRR,MI,AGL,CE,Combined TRACON& Tower with Radar,42,89,63,2,196,0,1,1,0,2,42,90,64,2,198,10,4,14,212
10/10/2009,GRR,MI,AGL,CE,Combined TRACON& Tower with Radar,29,46,37,1,113,0,0,44,0,44,29,46,81,1,157,42,0,42,199
10/11/2009,GRR,MI,AGL,CE,Combined TRACON& Tower with Radar,39,67,37,1,144,0,3,22,0,25,39,70,59,1,169,4,0,4,173
10/12/2009,GRR,MI,AGL,CE,Combined TRACON& Tower with Radar,34,85,54,0,173,0,13,25,0,38,34,98,79,0,211,52,0,52,263
10/13/2009,GRR,MI,AGL,CE,Combined TRACON& Tower with Radar,38,87,72,2,199,0,2,69,0,71,38,89,141,2,270,92,0,92,362
10/14/2009,GRR,MI,AGL,CE,Combined TRACON& Tower with Radar,50,88,92,0,230,0,1,45,0,46,50,89,137,0,276,94,0,94,370
10/15/2009,GRR,MI,AGL,CE,Combined TRACON& Tower with Radar,37,102,75,4,218,0,1,40,3,44,37,103,115,7,262,38,8,46,308
10/16/2009,GRR,MI,AGL,CE,Combined TRACON& Tower with Radar,40,88,53,0,181,0,1,42,0,43,40,89,95,0,224,50,0,50,274
10/17/2009,GRR,MI,AGL,CE,Combined TRACON& Tower with Radar,34,55,38,0,127,0,3,49,0,52,34,58,87,0,179,84,0,84,263
10/18/2009,GRR,MI,AGL,CE,Combined TRACON& Tower with Radar,32,64,46,0,142,0,0,20,0,20,32,64,66,0,162,12,0,12,174
10/19/2009,GRR,MI,AGL,CE,Combined TRACON& Tower with Radar,39,83,59,12,193,0,2,31,0,33,39,85,90,12,226,8,4,12,238
10/20/2009,GRR,MI,AGL,CE,Combined TRACON& Tower with Radar,37,81,66,6,190,0,0,29,0,29,37,81,95,6,219,26,14,40,259
10/21/2009,GRR,MI,AGL,CE,Combined TRACON& Tower with Radar,50,110,77,0,237,0,2,36,0,38,50,112,113,0,275,58,0,58,333
10/22/2009,GRR,MI,AGL,CE,Combined TRACON& Tower with Radar,40,100,120,1,261,0,0,3,0,3,40,100,123,1,264,0,0,0,264
10/23/2009,GRR,MI,AGL,CE,Combined TRACON& Tower with Radar,39,92,46,0,177,0,0,1,0,1,39,92,47,0,178,0,0,0,178
10/24/2009,GRR,MI,AGL,CE,Combined TRACON& Tower with Radar,29,56,36,0,121,0,2,2,0,4,29,58,38,0,125,0,0,0,125
10/25/2009,GRR,MI,AGL,CE,Combined TRACON& Tower with Radar,29,69,42,3,143,0,3,40,1,44,29,72,82,4,187,37,0,37,224
10/26/2009,GRR,MI,AGL,CE,Combined TRACON& Tower with Radar,35,97,64,25,221,0,0,19,1,20,35,97,83,26,241,18,18,36,277
10/27/2009,GRR,MI,AGL,CE,Combined TRACON& Tower with Radar,40,90,106,0,236,0,4,33,1,38,40,94,139,1,274,102,0,102,376
10/28/2009,GRR,MI,AGL,CE,Combined TRACON& Tower with Radar,37,89,96,14,236,0,0,32,0,32,37,89,128,14,268,54,12,66,334
10/29/2009,GRR,MI,AGL,CE,Combined TRACON& Tower with Radar,35,89,114,11,249,0,0,34,0,34,35,89,148,11,283,98,0,98,381
10/30/2009,GRR,MI,AGL,CE,Combined TRACON& Tower with Radar,37,91,53,0,181,0,0,0,0,0,37,91,53,0,181,0,0,0,181
10/31/2009,GRR,MI,AGL,CE,Combined TRACON& Tower with Radar,33,52,13,0,98,0,3,7,0,10,33,55,20,0,108,28,0,28,136
11/01/2009,GRR,MI,AGL,CE,Combined TRACON& Tower with Radar,37,68,46,0,151,0,5,52,0,57,37,73,98,0,208,32,0,32,240
11/02/2009,GRR,MI,AGL,CE,Combined TRACON& Tower with Radar,39,81,86,0,206,0,2,24,0,26,39,83,110,0,232,68,0,68,300
11/03/2009,GRR,MI,AGL,CE,Combined TRACON& Tower with Radar,41,82,89,24,236,0,2,48,2,52,41,84,137,26,288,84,54,138,426
11/04/2009,GRR,MI,AGL,CE,Combined TRACON& Tower with Radar,45,74,80,11,210,0,4,21,0,25,45,78,101,11,235,22,8,30,265
11/05/2009,GRR,MI,AGL,CE,Combined TRACON& Tower with Radar,46,84,66,2,198,0,0,16,0,16,46,84,82,2,214,21,0,21,235
11/06/2009,GRR,MI,AGL,CE,Combined TRACON& Tower with Radar,42,85,42,0,169,0,0,44,2,46,42,85,86,2,215,50,0,50,265
11/07/2009,GRR,MI,AGL,CE,Combined TRACON& Tower with Radar,28,55,25,1,109,0,2,47,1,50,28,57,72,2,159,26,0,26,185
11/08/2009,GRR,MI,AGL,CE,Combined TRACON& Tower with Radar,35,66,40,0,141,0,1,35,0,36,35,67,75,0,177,24,0,24,201
11/09/2009,GRR,MI,AGL,CE,Combined TRACON& Tower with Radar,39,80,57,5,181,0,3,36,0,39,39,83,93,5,220,76,20,96,316
11/10/2009,GRR,MI,AGL,CE,Combined TRACON& Tower with Radar,50,102,88,0,240,0,5,98,0,103,50,107,186,0,343,114,0,114,457
11/11/2009,GRR,MI,AGL,CE,Combined TRACON& Tower with Radar,42,79,87,0,208,0,1,70,0,71,42,80,157,0,279,50,0,50,329
11/12/2009,GRR,MI,AGL,CE,Combined TRACON& Tower with Radar,44,84,71,10,209,0,1,47,3,51,44,85,118,13,260,43,36,79,339
11/13/2009,GRR,MI,AGL,CE,Combined TRACON& Tower with Radar,45,84,69,0,198,0,2,42,0,44,45,86,111,0,242,22,0,22,264
11/14/2009,GRR,MI,AGL,CE,Combined TRACON& Tower with Radar,28,55,31,0,114,0,2,62,0,64,28,57,93,0,178,24,0,24,202
11/15/2009,GRR,MI,AGL,CE,Combined TRACON& Tower with Radar,33,66,20,0,119,0,1,32,0,33,33,67,52,0,152,42,0,42,194
11/16/2009,GRR,MI,AGL,CE,Combined TRACON& Tower with Radar,36,77,61,6,180,0,2,27,0,29,36,79,88,6,209,31,14,45,254
11/17/2009,GRR,MI,AGL,CE,Combined TRACON& Tower with Radar,44,73,76,2,195,0,2,33,0,35,44,75,109,2,230,120,6,126,356
11/18/2009,GRR,MI,AGL,CE,Combined TRACON& Tower with Radar,46,88,91,6,231,0,0,26,0,26,46,88,117,6,257,62,0,62,319
11/19/2009,GRR,MI,AGL,CE,Combined TRACON& Tower with Radar,43,95,92,8,238,0,0,10,0,10,43,95,102,8,248,52,0,52,300
11/20/2009,GRR,MI,AGL,CE,Combined TRACON& Tower with Radar,23,84,74,0,181,0,0,0,0,0,23,84,74,0,181,0,0,0,181
11/21/2009,GRR,MI,AGL,CE,Combined TRACON& Tower with Radar,27,55,39,0,121,0,0,32,0,32,27,55,71,0,153,50,0,50,203
11/22/2009,GRR,MI,AGL,CE,Combined TRACON& Tower with Radar,33,68,15,0,116,0,0,39,0,39,33,68,54,0,155,32,0,32,187
11/23/2009,GRR,MI,AGL,CE,Combined TRACON& Tower with Radar,39,81,51,0,171,0,0,7,0,7,39,81,58,0,178,58,0,58,236
11/24/2009,GRR,MI,AGL,CE,Combined TRACON& Tower with Radar,52,75,100,1,228,0,2,22,1,25,52,77,122,2,253,8,0,8,261
11/25/2009,GRR,MI,AGL,CE,Combined TRACON& Tower with Radar,42,89,64,0,195,0,0,0,0,0,42,89,64,0,195,0,0,0,195
11/26/2009,GRR,MI,AGL,CE,Combined TRACON& Tower with Radar,20,35,5,0,60,0,0,0,0,0,20,35,5,0,60,0,0,0,60
11/27/2009,GRR,MI,AGL,CE,Combined TRACON& Tower with Radar,38,52,22,0,112,0,1,0,0,1,38,53,22,0,113,22,0,22,135
11/28/2009,GRR,MI,AGL,CE,Combined TRACON& Tower with Radar,42,70,37,0,149,0,2,42,0,44,42,72,79,0,193,32,0,32,225
11/29/2009,GRR,MI,AGL,CE,Combined TRACON& Tower with Radar,44,71,30,0,145,0,2,0,0,2,44,73,30,0,147,2,0,2,149
11/30/2009,GRR,MI,AGL,CE,Combined TRACON& Tower with Radar,39,75,62,7,183,0,0,27,0,27,39,75,89,7,210,30,10,40,250
12/01/2009,GRR,MI,AGL,CE,Combined TRACON& Tower with Radar,43,81,82,0,206,0,0,48,0,48,43,81,130,0,254,80,0,80,334
12/02/2009,GRR,MI,AGL,CE,Combined TRACON& Tower with Radar,44,79,72,0,195,0,0,35,0,35,44,79,107,0,230,18,4,22,252
12/03/2009,GRR,MI,AGL,CE,Combined TRACON& Tower with Radar,40,83,81,10,214,0,0,2,0,2,40,83,83,10,216,2,0,2,218
12/04/2009,GRR,MI,AGL,CE,Combined TRACON& Tower with Radar,47,78,28,0,153,0,0,0,0,0,47,78,28,0,153,0,0,0,153
12/05/2009,GRR,MI,AGL,CE,Combined TRACON& Tower with Radar,32,47,33,0,112,0,0,3,0,3,32,47,36,0,115,0,0,0,115
12/06/2009,GRR,MI,AGL,CE,Combined TRACON& Tower with Radar,41,59,48,0,148,0,0,34,0,34,41,59,82,0,182,20,0,20,202
12/07/2009,GRR,MI,AGL,CE,Combined TRACON& Tower with Radar,45,79,66,0,190,0,0,3,0,3,45,79,69,0,193,6,0,6,199
12/08/2009,GRR,MI,AGL,CE,Combined TRACON& Tower with Radar,44,68,66,0,178,0,0,0,0,0,44,68,66,0,178,0,0,0,178
12/09/2009,GRR,MI,AGL,CE,Combined TRACON& Tower with Radar,35,55,21,0,111,0,0,0,0,0,35,55,21,0,111,0,0,0,111
12/10/2009,GRR,MI,AGL,CE,Combined TRACON& Tower with Radar,37,75,30,0,142,0,0,0,0,0,37,75,30,0,142,0,0,0,142
12/11/2009,GRR,MI,AGL,CE,Combined TRACON& Tower with Radar,52,98,40,0,190,0,0,0,0,0,52,98,40,0,190,0,0,0,190
12/12/2009,GRR,MI,AGL,CE,Combined TRACON& Tower with Radar,28,19,18,0,65,0,3,44,0,47,28,22,62,0,112,14,0,14,126
12/13/2009,GRR,MI,AGL,CE,Combined TRACON& Tower with Radar,36,59,12,0,107,0,0,2,0,2,36,59,14,0,109,0,0,0,109
12/14/2009,GRR,MI,AGL,CE,Combined TRACON& Tower with Radar,35,66,50,0,151,0,0,0,0,0,35,66,50,0,151,0,0,0,151
12/15/2009,GRR,MI,AGL,CE,Combined TRACON& Tower with Radar,44,72,80,0,196,0,1,1,0,2,44,73,81,0,198,0,0,0,198
12/16/2009,GRR,MI,AGL,CE,Combined TRACON& Tower with Radar,44,83,91,4,222,0,1,33,6,40,44,84,124,10,262,53,0,53,315
12/17/2009,GRR,MI,AGL,CE,Combined TRACON& Tower with Radar,36,96,95,0,227,0,0,34,0,34,36,96,129,0,261,30,0,30,291
12/18/2009,GRR,MI,AGL,CE,Combined TRACON& Tower with Radar,39,99,63,2,203,0,0,25,0,25,39,99,88,2,228,62,0,62,290
12/19/2009,GRR,MI,AGL,CE,Combined TRACON& Tower with Radar,35,58,16,0,109,0,0,0,0,0,35,58,16,0,109,0,0,0,109
12/20/2009,GRR,MI,AGL,CE,Combined TRACON& Tower with Radar,30,93,22,0,145,0,2,3,0,5,30,95,25,0,150,0,0,0,150
12/21/2009,GRR,MI,AGL,CE,Combined TRACON& Tower with Radar,42,84,47,0,173,0,0,2,0,2,42,84,49,0,175,0,0,0,175
12/22/2009,GRR,MI,AGL,CE,Combined TRACON& Tower with Radar,39,91,57,11,198,0,5,34,0,39,39,96,91,11,237,72,30,102,339
12/23/2009,GRR,MI,AGL,CE,Combined TRACON& Tower with Radar,45,89,47,0,181,0,2,38,0,40,45,91,85,0,221,44,0,44,265
12/24/2009,GRR,MI,AGL,CE,Combined TRACON& Tower with Radar,43,75,13,0,131,0,1,2,0,3,43,76,15,0,134,0,0,0,134
12/25/2009,GRR,MI,AGL,CE,Combined TRACON& Tower with Radar,27,52,1,0,80,0,0,2,0,2,27,52,3,0,82,0,0,0,82
12/26/2009,GRR,MI,AGL,CE,Combined TRACON& Tower with Radar,28,70,22,0,120,0,0,0,0,0,28,70,22,0,120,0,0,0,120
12/27/2009,GRR,MI,AGL,CE,Combined TRACON& Tower with Radar,32,67,23,0,122,0,0,0,0,0,32,67,23,0,122,0,0,0,122
12/28/2009,GRR,MI,AGL,CE,Combined TRACON& Tower with Radar,36,87,26,0,149,0,1,2,0,3,36,88,28,0,152,2,0,2,154
12/29/2009,GRR,MI,AGL,CE,Combined TRACON& Tower with Radar,40,84,46,0,170,0,4,38,0,42,40,88,84,0,212,2,0,2,214
12/30/2009,GRR,MI,AGL,CE,Combined TRACON& Tower with Radar,32,82,37,3,154,0,0,29,0,29,32,82,66,3,183,24,6,30,213
12/31/2009,GRR,MI,AGL,CE,Combined TRACON& Tower with Radar,38,64,25,0,127,0,0,1,0,1,38,64,26,0,128,0,0,0,128
01/01/2010,GRR,MI,AGL,CE,Combined TRACON& Tower with Radar,24,56,13,0,93,0,2,10,0,12,24,58,23,0,105,16,0,16,121
01/02/2010,GRR,MI,AGL,CE,Combined TRACON& Tower with Radar,36,70,20,0,126,0,2,10,0,12,36,72,30,0,138,20,0,20,158
01/03/2010,GRR,MI,AGL,CE,Combined TRACON& Tower with Radar,36,73,25,0,134,0,0,11,0,11,36,73,36,0,145,0,0,0,145
01/04/2010,GRR,MI,AGL,CE,Combined TRACON& Tower with Radar,34,84,54,0,172,0,2,5,0,7,34,86,59,0,179,0,0,0,179
01/05/2010,GRR,MI,AGL,CE,Combined TRACON& Tower with Radar,46,67,65,0,178,0,0,3,0,3,46,67,68,0,181,8,0,8,189
01/06/2010,GRR,MI,AGL,CE,Combined TRACON& Tower with Radar,43,77,53,0,173,0,1,6,0,7,43,78,59,0,180,116,0,116,296
01/07/2010,GRR,MI,AGL,CE,Combined TRACON& Tower with Radar,39,77,47,0,163,0,0,0,0,0,39,77,47,0,163,0,0,0,163
01/08/2010,GRR,MI,AGL,CE,Combined TRACON& Tower with Radar,43,75,70,0,188,0,1,56,0,57,43,76,126,0,245,44,0,44,289
01/09/2010,GRR,MI,AGL,CE,Combined TRACON& Tower with Radar,42,76,63,0,181,0,0,38,0,38,42,76,101,0,219,76,0,76,295
01/10/2010,GRR,MI,AGL,CE,Combined TRACON& Tower with Radar,42,80,73,3,198,0,0,0,0,0,42,80,73,3,198,4,0,4,202
01/11/2010,GRR,MI,AGL,CE,Combined TRACON& Tower with Radar,47,80,45,0,172,0,0,0,0,0,47,80,45,0,172,0,0,0,172
01/12/2010,GRR,MI,AGL,CE,Combined TRACON& Tower with Radar,32,48,32,0,112,0,0,3,0,3,32,48,35,0,115,62,6,68,183
01/13/2010,GRR,MI,AGL,CE,Combined TRACON& Tower with Radar,42,77,73,2,194,0,0,39,0,39,42,77,112,2,233,52,10,62,295
01/14/2010,GRR,MI,AGL,CE,Combined TRACON& Tower with Radar,39,84,58,8,189,0,0,17,0,17,39,84,75,8,206,10,0,10,216
01/15/2010,GRR,MI,AGL,CE,Combined TRACON& Tower with Radar,40,82,46,0,168,0,0,8,2,10,40,82,54,2,178,34,0,34,212
01/16/2010,GRR,MI,AGL,CE,Combined TRACON& Tower with Radar,30,55,18,0,103,0,0,1,0,1,30,55,19,0,104,12,0,12,116
01/17/2010,GRR,MI,AGL,CE,Combined TRACON& Tower with Radar,29,64,23,0,116,0,0,6,0,6,29,64,29,0,122,0,0,0,122
01/18/2010,GRR,MI,AGL,CE,Combined TRACON& Tower with Radar,34,80,46,0,160,0,0,1,0,1,34,80,47,0,161,0,0,0,161
01/19/2010,GRR,MI,AGL,CE,Combined TRACON& Tower with Radar,112,81,79,12,284,0,0,12,1,13,112,81,91,13,297,92,0,92,389
01/20/2010,GRR,MI,AGL,CE,Combined TRACON& Tower with Radar,58,78,86,15,237,0,0,55,0,55,58,78,141,15,292,112,0,112,404
01/21/2010,GRR,MI,AGL,CE,Combined TRACON& Tower with Radar,41,90,65,3,199,0,1,14,1,16,41,91,79,4,215,22,0,22,237
01/22/2010,GRR,MI,AGL,CE,Combined TRACON& Tower with Radar,41,90,48,0,179,0,2,6,0,8,41,92,54,0,187,46,0,46,233
01/23/2010,GRR,MI,AGL,CE,Combined TRACON& Tower with Radar,30,53,16,0,99,0,0,0,0,0,30,53,16,0,99,10,0,10,109
01/24/2010,GRR,MI,AGL,CE,Combined TRACON& Tower with Radar,27,72,21,0,120,0,0,2,0,2,27,72,23,0,122,0,0,0,122
01/25/2010,GRR,MI,AGL,CE,Combined TRACON& Tower with Radar,35,83,69,0,187,0,0,3,0,3,35,83,72,0,190,44,0,44,234
01/26/2010,GRR,MI,AGL,CE,Combined TRACON& Tower with Radar,42,77,48,0,167,0,0,0,0,0,42,77,48,0,167,0,0,0,167
01/27/2010,GRR,MI,AGL,CE,Combined TRACON& Tower with Radar,40,81,77,0,198,0,0,5,0,5,40,81,82,0,203,28,0,28,231
01/28/2010,GRR,MI,AGL,CE,Combined TRACON& Tower with Radar,39,87,52,0,178,0,1,7,0,8,39,88,59,0,186,37,0,37,223
01/29/2010,GRR,MI,AGL,CE,Combined TRACON& Tower with Radar,38,79,57,0,174,0,2,44,0,46,38,81,101,0,220,19,0,19,239
01/30/2010,GRR,MI,AGL,CE,Combined TRACON& Tower with Radar,30,52,27,0,109,0,1,56,0,57,30,53,83,0,166,78,0,78,244
01/31/2010,GRR,MI,AGL,CE,Combined TRACON& Tower with Radar,26,69,26,0,121,0,0,12,0,12,26,69,38,0,133,4,0,4,137
02/01/2010,GRR,MI,AGL,CE,Combined TRACON& Tower with Radar,38,81,53,0,172,1,1,18,0,20,39,82,71,0,192,32,0,32,224
02/02/2010,GRR,MI,AGL,CE,Combined TRACON& Tower with Radar,42,76,42,0,160,0,0,0,0,0,42,76,42,0,160,0,0,0,160
02/03/2010,GRR,MI,AGL,CE,Combined TRACON& Tower with Radar,40,80,62,0,182,0,4,9,0,13,40,84,71,0,195,0,0,0,195
02/04/2010,GRR,MI,AGL,CE,Combined TRACON& Tower with Radar,39,91,73,4,207,0,3,59,0,62,39,94,132,4,269,82,8,90,359
02/05/2010,GRR,MI,AGL,CE,Combined TRACON& Tower with Radar,45,80,52,0,177,0,0,10,0,10,45,80,62,0,187,0,0,0,187
02/06/2010,GRR,MI,AGL,CE,Combined TRACON& Tower with Radar,31,54,22,0,107,0,1,12,0,13,31,55,34,0,120,16,0,16,136
02/07/2010,GRR,MI,AGL,CE,Combined TRACON& Tower with Radar,29,68,21,0,118,0,0,20,0,20,29,68,41,0,138,20,0,20,158
02/08/2010,GRR,MI,AGL,CE,Combined TRACON& Tower with Radar,38,76,69,13,196,0,5,26,0,31,38,81,95,13,227,28,12,40,267
02/09/2010,GRR,MI,AGL,CE,Combined TRACON& Tower with Radar,35,72,49,0,156,0,0,0,0,0,35,72,49,0,156,0,0,0,156
02/10/2010,GRR,MI,AGL,CE,Combined TRACON& Tower with Radar,134,73,36,0,243,0,2,4,2,8,134,75,40,2,251,84,0,84,335
02/11/2010,GRR,MI,AGL,CE,Combined TRACON& Tower with Radar,43,71,47,0,161,0,1,9,0,10,43,72,56,0,171,14,0,14,185
02/12/2010,GRR,MI,AGL,CE,Combined TRACON& Tower with Radar,45,76,56,0,177,0,0,10,0,10,45,76,66,0,187,0,0,0,187
02/13/2010,GRR,MI,AGL,CE,Combined TRACON& Tower with Radar,39,53,16,0,108,0,2,11,0,13,39,55,27,0,121,38,0,38,159
02/14/2010,GRR,MI,AGL,CE,Combined TRACON& Tower with Radar,36,69,25,0,130,0,1,4,0,5,36,70,29,0,135,0,0,0,135
02/15/2010,GRR,MI,AGL,CE,Combined TRACON& Tower with Radar,46,74,80,0,200,0,0,5,0,5,46,74,85,0,205,8,0,8,213
02/16/2010,GRR,MI,AGL,CE,Combined TRACON& Tower with Radar,65,86,61,14,226,0,1,7,0,8,65,87,68,14,234,24,0,24,258
02/17/2010,GRR,MI,AGL,CE,Combined TRACON& Tower with Radar,44,85,85,0,214,0,0,0,0,0,44,85,85,0,214,16,0,16,230
02/18/2010,GRR,MI,AGL,CE,Combined TRACON& Tower with Radar,46,96,73,0,215,0,0,37,0,37,46,96,110,0,252,46,0,46,298
02/19/2010,GRR,MI,AGL,CE,Combined TRACON& Tower with Radar,46,105,47,2,200,0,4,48,0,52,46,109,95,2,252,65,0,65,317
02/20/2010,GRR,MI,AGL,CE,Combined TRACON& Tower with Radar,41,52,17,0,110,0,1,23,0,24,41,53,40,0,134,18,0,18,152
02/21/2010,GRR,MI,AGL,CE,Combined TRACON& Tower with Radar,36,69,17,0,122,0,0,12,0,12,36,69,29,0,134,0,0,0,134
02/22/2010,GRR,MI,AGL,CE,Combined TRACON& Tower with Radar,41,81,26,16,164,0,1,1,0,2,41,82,27,16,166,0,16,16,182
02/23/2010,GRR,MI,AGL,CE,Combined TRACON& Tower with Radar,65,82,50,0,197,0,0,0,0,0,65,82,50,0,197,32,0,32,229
02/24/2010,GRR,MI,AGL,CE,Combined TRACON& Tower with Radar,45,84,59,0,188,0,0,0,0,0,45,84,59,0,188,0,0,0,188
02/25/2010,GRR,MI,AGL,CE,Combined TRACON& Tower with Radar,44,84,71,3,202,0,1,16,1,18,44,85,87,4,220,20,0,20,240
02/26/2010,GRR,MI,AGL,CE,Combined TRACON& Tower with Radar,48,73,30,0,151,0,1,2,0,3,48,74,32,0,154,0,0,0,154
02/27/2010,GRR,MI,AGL,CE,Combined TRACON& Tower with Radar,43,55,10,0,108,0,4,10,0,14,43,59,20,0,122,30,0,30,152
02/28/2010,GRR,MI,AGL,CE,Combined TRACON& Tower with Radar,38,71,21,0,130,0,0,11,0,11,38,71,32,0,141,6,0,6,147
03/01/2010,GRR,MI,AGL,CE,Combined TRACON& Tower with Radar,42,83,73,11,209,0,3,27,0,30,42,86,100,11,239,24,18,42,281
03/02/2010,GRR,MI,AGL,CE,Combined TRACON& Tower with Radar,46,80,68,29,223,0,3,43,0,46,46,83,111,29,269,32,18,50,319
03/03/2010,GRR,MI,AGL,CE,Combined TRACON& Tower with Radar,44,84,71,5,204,0,1,50,0,51,44,85,121,5,255,30,0,30,285
03/04/2010,GRR,MI,AGL,CE,Combined TRACON& Tower with Radar,48,86,69,8,211,0,2,49,0,51,48,88,118,8,262,16,8,24,286
03/05/2010,GRR,MI,AGL,CE,Combined TRACON& Tower with Radar,46,84,53,0,183,0,1,56,0,57,46,85,109,0,240,44,0,44,284
03/06/2010,GRR,MI,AGL,CE,Combined TRACON& Tower with Radar,42,57,30,0,129,0,2,60,0,62,42,59,90,0,191,72,0,72,263
03/07/2010,GRR,MI,AGL,CE,Combined TRACON& Tower with Radar,37,69,35,0,141,0,3,28,0,31,37,72,63,0,172,38,0,38,210
03/08/2010,GRR,MI,AGL,CE,Combined TRACON& Tower with Radar,44,85,52,0,181,0,1,18,0,19,44,86,70,0,200,6,0,6,206
03/09/2010,GRR,MI,AGL,CE,Combined TRACON& Tower with Radar,46,83,69,10,208,0,0,38,0,38,46,83,107,10,246,100,8,108,354
03/10/2010,GRR,MI,AGL,CE,Combined TRACON& Tower with Radar,47,86,52,0,185,0,0,6,0,6,47,86,58,0,191,22,0,22,213
03/11/2010,GRR,MI,AGL,CE,Combined TRACON& Tower with Radar,49,85,43,6,183,0,4,22,0,26,49,89,65,6,209,35,6,41,250
03/12/2010,GRR,MI,AGL,CE,Combined TRACON& Tower with Radar,48,88,55,0,191,0,0,3,0,3,48,88,58,0,194,14,0,14,208
03/13/2010,GRR,MI,AGL,CE,Combined TRACON& Tower with Radar,45,51,15,0,111,0,0,1,0,1,45,51,16,0,112,0,0,0,112
03/14/2010,GRR,MI,AGL,CE,Combined TRACON& Tower with Radar,41,68,20,0,129,0,2,6,0,8,41,70,26,0,137,0,0,0,137
03/15/2010,GRR,MI,AGL,CE,Combined TRACON& Tower with Radar,42,79,77,0,198,0,1,27,1,29,42,80,104,1,227,24,0,24,251
03/16/2010,GRR,MI,AGL,CE,Combined TRACON& Tower with Radar,50,80,75,0,205,0,1,82,0,83,50,81,157,0,288,98,0,98,386
03/17/2010,GRR,MI,AGL,CE,Combined TRACON& Tower with Radar,44,86,68,0,198,0,5,54,0,59,44,91,122,0,257,38,0,38,295
03/18/2010,GRR,MI,AGL,CE,Combined TRACON& Tower with Radar,50,84,72,0,206,0,2,48,0,50,50,86,120,0,256,14,0,14,270
03/19/2010,GRR,MI,AGL,CE,Combined TRACON& Tower with Radar,46,87,44,0,177,0,2,47,0,49,46,89,91,0,226,50,0,50,276
03/20/2010,GRR,MI,AGL,CE,Combined TRACON& Tower with Radar,43,49,19,0,111,0,0,0,0,0,43,49,19,0,111,0,0,0,111
03/21/2010,GRR,MI,AGL,CE,Combined TRACON& Tower with Radar,38,66,39,0,143,0,2,13,0,15,38,68,52,0,158,16,4,20,178
03/22/2010,GRR,MI,AGL,CE,Combined TRACON& Tower with Radar,43,81,66,0,190,0,4,19,0,23,43,85,85,0,213,6,0,6,219
03/23/2010,GRR,MI,AGL,CE,Combined TRACON& Tower with Radar,50,90,82,3,225,0,0,45,0,45,50,90,127,3,270,44,0,44,314
03/24/2010,GRR,MI,AGL,CE,Combined TRACON& Tower with Radar,45,85,62,13,205,0,2,37,0,39,45,87,99,13,244,36,0,36,280
03/25/2010,GRR,MI,AGL,CE,Combined TRACON& Tower with Radar,47,92,67,1,207,0,3,34,1,38,47,95,101,2,245,12,0,12,257
03/26/2010,GRR,MI,AGL,CE,Combined TRACON& Tower with Radar,47,83,69,0,199,0,3,51,0,54,47,86,120,0,253,0,0,0,253
03/27/2010,GRR,MI,AGL,CE,Combined TRACON& Tower with Radar,43,50,33,0,126,0,3,68,0,71,43,53,101,0,197,34,0,34,231
03/28/2010,GRR,MI,AGL,CE,Combined TRACON& Tower with Radar,38,70,21,0,129,0,0,10,0,10,38,70,31,0,139,31,0,31,170
03/29/2010,GRR,MI,AGL,CE,Combined TRACON& Tower with Radar,42,83,62,0,187,0,1,22,0,23,42,84,84,0,210,18,0,18,228
03/30/2010,GRR,MI,AGL,CE,Combined TRACON& Tower with Radar,49,84,83,2,218,0,3,58,0,61,49,87,141,2,279,36,14,50,329
03/31/2010,GRR,MI,AGL,CE,Combined TRACON& Tower with Radar,45,87,59,0,191,0,1,33,1,35,45,88,92,1,226,16,0,16,242
04/01/2010,GRR,MI,AGL,CE,Combined TRACON& Tower with Radar,54,91,63,1,209,0,2,45,0,47,54,93,108,1,256,56,0,56,312
04/02/2010,GRR,MI,AGL,CE,Combined TRACON& Tower with Radar,42,87,30,0,159,0,2,34,0,36,42,89,64,0,195,22,0,22,217
04/03/2010,GRR,MI,AGL,CE,Combined TRACON& Tower with Radar,45,47,25,0,117,0,1,25,0,26,45,48,50,0,143,16,0,16,159
04/04/2010,GRR,MI,AGL,CE,Combined TRACON& Tower with Radar,33,77,9,0,119,0,1,11,0,12,33,78,20,0,131,0,0,0,131
04/05/2010,GRR,MI,AGL,CE,Combined TRACON& Tower with Radar,44,79,49,8,180,0,0,33,0,33,44,79,82,8,213,10,12,22,235
04/06/2010,GRR,MI,AGL,CE,Combined TRACON& Tower with Radar,50,76,31,0,157,0,0,2,0,2,50,76,33,0,159,0,0,0,159
04/07/2010,GRR,MI,AGL,CE,Combined TRACON& Tower with Radar,51,72,43,0,166,0,0,1,0,1,51,72,44,0,167,14,12,26,193
04/08/2010,GRR,MI,AGL,CE,Combined TRACON& Tower with Radar,59,85,42,4,190,0,0,2,0,2,59,85,44,4,192,24,0,24,216
04/09/2010,GRR,MI,AGL,CE,Combined TRACON& Tower with Radar,57,79,54,2,192,0,6,52,2,60,57,85,106,4,252,32,0,32,284
04/10/2010,GRR,MI,AGL,CE,Combined TRACON& Tower with Radar,41,48,35,2,126,0,1,36,7,44,41,49,71,9,170,4,0,4,174
04/11/2010,GRR,MI,AGL,CE,Combined TRACON& Tower with Radar,41,71,56,0,168,0,2,59,0,61,41,73,115,0,229,37,0,37,266
04/12/2010,GRR,MI,AGL,CE,Combined TRACON& Tower with Radar,51,81,66,8,206,0,1,40,0,41,51,82,106,8,247,34,6,40,287
04/13/2010,GRR,MI,AGL,CE,Combined TRACON& Tower with Radar,55,72,75,0,202,0,0,31,0,31,55,72,106,0,233,0,0,0,233
04/14/2010,GRR,MI,AGL,CE,Combined TRACON& Tower with Radar,56,73,79,8,216,0,3,59,0,62,56,76,138,8,278,68,24,92,370
04/15/2010,GRR,MI,AGL,CE,Combined TRACON& Tower with Radar,52,76,54,0,182,0,0,26,0,26,52,76,80,0,208,0,0,0,208
04/16/2010,GRR,MI,AGL,CE,Combined TRACON& Tower with Radar,55,78,62,15,210,0,1,27,0,28,55,79,89,15,238,2,6,8,246
04/17/2010,GRR,MI,AGL,CE,Combined TRACON& Tower with Radar,34,50,20,0,104,0,2,37,0,39,34,52,57,0,143,0,0,0,143
04/18/2010,GRR,MI,AGL,CE,Combined TRACON& Tower with Radar,47,57,24,0,128,0,4,25,0,29,47,61,49,0,157,18,0,18,175
04/19/2010,GRR,MI,AGL,CE,Combined TRACON& Tower with Radar,48,80,61,2,191,0,2,37,0,39,48,82,98,2,230,36,14,50,280
04/20/2010,GRR,MI,AGL,CE,Combined TRACON& Tower with Radar,53,70,63,0,186,0,2,47,0,49,53,72,110,0,235,36,0,36,271
04/21/2010,GRR,MI,AGL,CE,Combined TRACON& Tower with Radar,54,72,76,0,202,0,2,43,0,45,54,74,119,0,247,34,0,34,281
04/22/2010,GRR,MI,AGL,CE,Combined TRACON& Tower with Radar,50,76,65,0,191,0,2,54,0,56,50,78,119,0,247,56,0,56,303
04/23/2010,GRR,MI,AGL,CE,Combined TRACON& Tower with Radar,52,79,46,0,177,0,2,49,0,51,52,81,95,0,228,64,0,64,292
04/24/2010,GRR,MI,AGL,CE,Combined TRACON& Tower with Radar,41,59,18,0,118,0,2,12,0,14,41,61,30,0,132,0,0,0,132
04/25/2010,GRR,MI,AGL,CE,Combined TRACON& Tower with Radar,37,60,16,0,113,0,0,0,0,0,37,60,16,0,113,0,0,0,113
04/26/2010,GRR,MI,AGL,CE,Combined TRACON& Tower with Radar,47,81,64,1,193,0,2,27,0,29,47,83,91,1,222,6,0,6,228
04/27/2010,GRR,MI,AGL,CE,Combined TRACON& Tower with Radar,51,73,75,3,202,0,2,53,0,55,51,75,128,3,257,30,0,30,287
04/28/2010,GRR,MI,AGL,CE,Combined TRACON& Tower with Radar,53,74,95,0,222,0,3,46,0,49,53,77,141,0,271,40,0,40,311
04/29/2010,GRR,MI,AGL,CE,Combined TRACON& Tower with Radar,52,79,69,8,208,0,2,28,0,30,52,81,97,8,238,16,0,16,254
04/30/2010,GRR,MI,AGL,CE,Combined TRACON& Tower with Radar,54,77,48,0,179,0,1,25,0,26,54,78,73,0,205,16,0,16,221
05/01/2010,GRR,MI,AGL,CE,Combined TRACON& Tower with Radar,41,49,20,0,110,0,3,9,0,12,41,52,29,0,122,8,0,8,130
05/02/2010,GRR,MI,AGL,CE,Combined TRACON& Tower with Radar,38,89,33,0,160,0,2,12,0,14,38,91,45,0,174,62,0,62,236
05/03/2010,GRR,MI,AGL,CE,Combined TRACON& Tower with Radar,48,76,57,0,181,0,2,38,0,40,48,78,95,0,221,62,0,62,283
05/04/2010,GRR,MI,AGL,CE,Combined TRACON& Tower with Radar,49,77,53,18,197,0,1,39,0,40,49,78,92,18,237,16,20,36,273
05/05/2010,GRR,MI,AGL,CE,Combined TRACON& Tower with Radar,52,78,72,21,223,0,5,18,0,23,52,83,90,21,246,0,42,42,288
05/06/2010,GRR,MI,AGL,CE,Combined TRACON& Tower with Radar,59,85,74,10,228,0,0,37,0,37,59,85,111,10,265,16,12,28,293
05/07/2010,GRR,MI,AGL,CE,Combined TRACON& Tower with Radar,53,78,60,0,191,0,0,2,0,2,53,78,62,0,193,6,10,16,209
05/08/2010,GRR,MI,AGL,CE,Combined TRACON& Tower with Radar,48,46,11,0,105,0,1,3,0,4,48,47,14,0,109,0,0,0,109
05/09/2010,GRR,MI,AGL,CE,Combined TRACON& Tower with Radar,49,69,17,0,135,0,1,24,0,25,49,70,41,0,160,22,0,22,182
05/10/2010,GRR,MI,AGL,CE,Combined TRACON& Tower with Radar,52,79,72,0,203,0,2,47,0,49,52,81,119,0,252,54,0,54,306
05/11/2010,GRR,MI,AGL,CE,Combined TRACON& Tower with Radar,52,79,59,0,190,0,0,0,0,0,52,79,59,0,190,0,0,0,190
05/12/2010,GRR,MI,AGL,CE,Combined TRACON& Tower with Radar,52,74,103,0,229,0,1,6,0,7,52,75,109,0,236,12,0,12,248
05/13/2010,GRR,MI,AGL,CE,Combined TRACON& Tower with Radar,54,79,63,1,197,0,0,0,0,0,54,79,63,1,197,0,0,0,197
05/14/2010,GRR,MI,AGL,CE,Combined TRACON& Tower with Radar,62,79,59,0,200,0,1,47,8,56,62,80,106,8,256,6,8,14,270
05/15/2010,GRR,MI,AGL,CE,Combined TRACON& Tower with Radar,49,48,23,0,120,0,1,36,0,37,49,49,59,0,157,10,0,10,167
05/16/2010,GRR,MI,AGL,CE,Combined TRACON& Tower with Radar,51,74,25,1,151,0,3,30,0,33,51,77,55,1,184,34,0,34,218
05/17/2010,GRR,MI,AGL,CE,Combined TRACON& Tower with Radar,57,76,53,0,186,0,1,28,0,29,57,77,81,0,215,14,0,14,229
05/18/2010,GRR,MI,AGL,CE,Combined TRACON& Tower with Radar,56,83,81,4,224,0,1,44,0,45,56,84,125,4,269,62,10,72,341
05/19/2010,GRR,MI,AGL,CE,Combined TRACON& Tower with Radar,57,76,58,14,205,0,2,33,2,37,57,78,91,16,242,30,6,36,278
05/20/2010,GRR,MI,AGL,CE,Combined TRACON& Tower with Radar,61,76,62,12,211,0,2,49,0,51,61,78,111,12,262,0,8,8,270
05/21/2010,GRR,MI,AGL,CE,Combined TRACON& Tower with Radar,57,75,54,0,186,0,0,6,0,6,57,75,60,0,192,16,0,16,208
05/22/2010,GRR,MI,AGL,CE,Combined TRACON& Tower with Radar,51,44,32,1,128,0,2,15,0,17,51,46,47,1,145,2,0,2,147
05/23/2010,GRR,MI,AGL,CE,Combined TRACON& Tower with Radar,51,77,37,1,166,0,5,37,0,42,51,82,74,1,208,0,0,0,208
05/24/2010,GRR,MI,AGL,CE,Combined TRACON& Tower with Radar,53,84,69,0,206,0,3,37,0,40,53,87,106,0,246,0,0,0,246
05/25/2010,GRR,MI,AGL,CE,Combined TRACON& Tower with Radar,55,82,64,10,211,0,3,77,2,82,55,85,141,12,293,38,0,38,331
05/26/2010,GRR,MI,AGL,CE,Combined TRACON& Tower with Radar,56,81,71,10,218,0,1,56,0,57,56,82,127,10,275,18,0,18,293
05/27/2010,GRR,MI,AGL,CE,Combined TRACON& Tower with Radar,61,82,58,1,202,0,0,50,1,51,61,82,108,2,253,162,4,166,419
05/28/2010,GRR,MI,AGL,CE,Combined TRACON& Tower with Radar,56,85,44,0,185,0,4,51,1,56,56,89,95,1,241,20,0,20,261
05/29/2010,GRR,MI,AGL,CE,Combined TRACON& Tower with Radar,46,55,13,0,114,0,1,42,0,43,46,56,55,0,157,0,0,0,157
05/30/2010,GRR,MI,AGL,CE,Combined TRACON& Tower with Radar,41,53,9,0,103,0,3,29,0,32,41,56,38,0,135,0,0,0,135
05/31/2010,GRR,MI,AGL,CE,Combined TRACON& Tower with Radar,39,72,24,0,135,0,0,7,0,7,39,72,31,0,142,16,0,16,158
06/01/2010,GRR,MI,AGL,CE,Combined TRACON& Tower with Radar,50,85,56,3,194,0,2,48,1,51,50,87,104,4,245,66,0,66,311
06/02/2010,GRR,MI,AGL,CE,Combined TRACON& Tower with Radar,64,80,81,4,229,0,0,3,0,3,64,80,84,4,232,22,2,24,256
06/03/2010,GRR,MI,AGL,CE,Combined TRACON& Tower with Radar,57,80,88,10,235,0,0,27,0,27,57,80,115,10,262,8,0,8,270
06/04/2010,GRR,MI,AGL,CE,Combined TRACON& Tower with Radar,59,81,51,0,191,0,2,41,1,44,59,83,92,1,235,8,0,8,243
06/05/2010,GRR,MI,AGL,CE,Combined TRACON& Tower with Radar,49,51,16,0,116,0,3,17,0,20,49,54,33,0,136,42,0,42,178
06/06/2010,GRR,MI,AGL,CE,Combined TRACON& Tower with Radar,49,68,27,0,144,0,0,1,0,1,49,68,28,0,145,10,0,10,155
06/07/2010,GRR,MI,AGL,CE,Combined TRACON& Tower with Radar,52,78,62,3,195,0,0,37,1,38,52,78,99,4,233,26,0,26,259
06/08/2010,GRR,MI,AGL,CE,Combined TRACON& Tower with Radar,51,83,55,0,189,0,1,21,0,22,51,84,76,0,211,12,0,12,223
06/09/2010,GRR,MI,AGL,CE,Combined TRACON& Tower with Radar,57,86,75,0,218,0,2,39,0,41,57,88,114,0,259,82,0,82,341
06/10/2010,GRR,MI,AGL,CE,Combined TRACON& Tower with Radar,59,80,109,0,248,0,2,80,0,82,59,82,189,0,330,28,0,28,358
06/11/2010,GRR,MI,AGL,CE,Combined TRACON& Tower with Radar,64,87,53,0,204,0,0,16,0,16,64,87,69,0,220,62,0,62,282
06/12/2010,GRR,MI,AGL,CE,Combined TRACON& Tower with Radar,60,65,21,0,146,0,2,6,0,8,60,67,27,0,154,40,0,40,194
06/13/2010,GRR,MI,AGL,CE,Combined TRACON& Tower with Radar,58,65,38,0,161,0,1,13,0,14,58,66,51,0,175,28,0,28,203
06/14/2010,GRR,MI,AGL,CE,Combined TRACON& Tower with Radar,55,78,83,6,222,0,0,12,0,12,55,78,95,6,234,16,10,26,260
06/15/2010,GRR,MI,AGL,CE,Combined TRACON& Tower with Radar,55,96,91,0,242,0,0,2,0,2,55,96,93,0,244,0,10,10,254
06/16/2010,GRR,MI,AGL,CE,Combined TRACON& Tower with Radar,63,89,92,10,254,0,0,16,0,16,63,89,108,10,270,26,4,30,300
06/17/2010,GRR,MI,AGL,CE,Combined TRACON& Tower with Radar,62,84,87,0,233,0,3,86,1,90,62,87,173,1,323,56,0,56,379
06/18/2010,GRR,MI,AGL,CE,Combined TRACON& Tower with Radar,62,82,60,0,204,0,6,31,0,37,62,88,91,0,241,0,0,0,241
06/19/2010,GRR,MI,AGL,CE,Combined TRACON& Tower with Radar,52,56,40,0,148,0,2,31,0,33,52,58,71,0,181,34,0,34,215
06/20/2010,GRR,MI,AGL,CE,Combined TRACON& Tower with Radar,58,63,38,0,159,0,3,23,0,26,58,66,61,0,185,22,0,22,207
06/21/2010,GRR,MI,AGL,CE,Combined TRACON& Tower with Radar,59,86,67,4,216,0,3,57,0,60,59,89,124,4,276,40,0,40,316
06/22/2010,GRR,MI,AGL,CE,Combined TRACON& Tower with Radar,60,78,88,4,230,0,1,43,0,44,60,79,131,4,274,62,0,62,336
06/23/2010,GRR,MI,AGL,CE,Combined TRACON& Tower with Radar,48,76,50,0,174,0,2,16,0,18,48,78,66,0,192,30,0,30,222
06/24/2010,GRR,MI,AGL,CE,Combined TRACON& Tower with Radar,62,78,95,13,248,0,2,55,1,58,62,80,150,14,306,28,28,56,362
06/25/2010,GRR,MI,AGL,CE,Combined TRACON& Tower with Radar,60,82,69,0,211,0,2,48,2,52,60,84,117,2,263,36,10,46,309
06/26/2010,GRR,MI,AGL,CE,Combined TRACON& Tower with Radar,48,59,26,0,133,0,3,24,5,32,48,62,50,5,165,8,14,22,187
06/27/2010,GRR,MI,AGL,CE,Combined TRACON& Tower with Radar,58,59,17,1,135,0,3,4,3,10,58,62,21,4,145,4,0,4,149
06/28/2010,GRR,MI,AGL,CE,Combined TRACON& Tower with Radar,57,82,60,4,203,0,2,33,0,35,57,84,93,4,238,22,0,22,260
06/29/2010,GRR,MI,AGL,CE,Combined TRACON& Tower with Radar,64,82,67,0,213,0,2,47,0,49,64,84,114,0,262,14,0,14,276
06/30/2010,GRR,MI,AGL,CE,Combined TRACON& Tower with Radar,66,86,92,0,244,0,3,108,0,111,66,89,200,0,355,42,0,42,397
07/01/2010,GRR,MI,AGL,CE,Combined TRACON& Tower with Radar,63,91,61,0,215,0,3,57,0,60,63,94,118,0,275,26,0,26,301
07/02/2010,GRR,MI,AGL,CE,Combined TRACON& Tower with Radar,62,79,38,0,179,0,3,65,0,68,62,82,103,0,247,36,0,36,283
07/03/2010,GRR,MI,AGL,CE,Combined TRACON& Tower with Radar,51,55,5,2,113,0,4,22,0,26,51,59,27,2,139,10,0,10,149
07/04/2010,GRR,MI,AGL,CE,Combined TRACON& Tower with Radar,40,48,5,0,93,0,4,21,0,25,40,52,26,0,118,12,0,12,130
07/05/2010,GRR,MI,AGL,CE,Combined TRACON& Tower with Radar,54,72,15,0,141,0,0,16,0,16,54,72,31,0,157,44,0,44,201
07/06/2010,GRR,MI,AGL,CE,Combined TRACON& Tower with Radar,55,84,42,8,189,0,1,40,0,41,55,85,82,8,230,8,14,22,252
07/07/2010,GRR,MI,AGL,CE,Combined TRACON& Tower with Radar,78,85,63,0,226,0,3,23,0,26,78,88,86,0,252,40,0,40,292
07/08/2010,GRR,MI,AGL,CE,Combined TRACON& Tower with Radar,63,83,51,0,197,0,0,9,0,9,63,83,60,0,206,14,0,14,220
07/09/2010,GRR,MI,AGL,CE,Combined TRACON& Tower with Radar,61,82,49,0,192,0,3,30,0,33,61,85,79,0,225,20,0,20,245
07/10/2010,GRR,MI,AGL,CE,Combined TRACON& Tower with Radar,47,64,14,6,131,0,2,34,0,36,47,66,48,6,167,12,0,12,179
07/11/2010,GRR,MI,AGL,CE,Combined TRACON& Tower with Radar,57,66,22,0,145,0,2,29,0,31,57,68,51,0,176,16,0,16,192
07/12/2010,GRR,MI,AGL,CE,Combined TRACON& Tower with Radar,58,82,72,2,214,0,6,33,2,41,58,88,105,4,255,20,0,20,275
07/13/2010,GRR,MI,AGL,CE,Combined TRACON& Tower with Radar,61,82,74,0,217,0,0,22,0,22,61,82,96,0,239,11,0,11,250
07/14/2010,GRR,MI,AGL,CE,Combined TRACON& Tower with Radar,62,85,75,1,223,0,1,60,0,61,62,86,135,1,284,16,0,16,300
07/15/2010,GRR,MI,AGL,CE,Combined TRACON& Tower with Radar,60,92,56,9,217,0,1,16,0,17,60,93,72,9,234,34,75,109,343
07/16/2010,GRR,MI,AGL,CE,Combined TRACON& Tower with Radar,60,87,35,5,187,0,1,51,1,53,60,88,86,6,240,10,0,10,250
07/17/2010,GRR,MI,AGL,CE,Combined TRACON& Tower with Radar,47,61,17,13,138,0,4,52,0,56,47,65,69,13,194,14,0,14,208
07/18/2010,GRR,MI,AGL,CE,Combined TRACON& Tower with Radar,61,62,18,0,141,0,2,8,1,11,61,64,26,1,152,14,4,18,170
07/19/2010,GRR,MI,AGL,CE,Combined TRACON& Tower with Radar,62,84,75,0,221,0,0,49,1,50,62,84,124,1,271,8,4,12,283
07/20/2010,GRR,MI,AGL,CE,Combined TRACON& Tower with Radar,58,86,88,2,234,0,6,22,0,28,58,92,110,2,262,8,0,8,270
07/21/2010,GRR,MI,AGL,CE,Combined TRACON& Tower with Radar,64,82,66,0,212,0,1,45,0,46,64,83,111,0,258,20,0,20,278
07/22/2010,GRR,MI,AGL,CE,Combined TRACON& Tower with Radar,72,88,64,0,224,0,1,32,0,33,72,89,96,0,257,0,0,0,257
07/23/2010,GRR,MI,AGL,CE,Combined TRACON& Tower with Radar,72,86,40,0,198,0,4,23,0,27,72,90,63,0,225,20,0,20,245
07/24/2010,GRR,MI,AGL,CE,Combined TRACON& Tower with Radar,46,62,31,9,148,0,2,2,0,4,46,64,33,9,152,0,0,0,152
07/25/2010,GRR,MI,AGL,CE,Combined TRACON& Tower with Radar,54,66,38,0,158,0,4,55,2,61,54,70,93,2,219,28,0,28,247
07/26/2010,GRR,MI,AGL,CE,Combined TRACON& Tower with Radar,56,79,53,0,188,0,0,49,0,49,56,79,102,0,237,88,0,88,325
07/27/2010,GRR,MI,AGL,CE,Combined TRACON& Tower with Radar,65,80,64,0,209,0,1,57,0,58,65,81,121,0,267,46,0,46,313
07/28/2010,GRR,MI,AGL,CE,Combined TRACON& Tower with Radar,62,87,50,12,211,0,0,7,0,7,62,87,57,12,218,38,0,38,256
07/29/2010,GRR,MI,AGL,CE,Combined TRACON& Tower with Radar,60,82,59,0,201,0,0,61,0,61,60,82,120,0,262,204,0,204,466
07/30/2010,GRR,MI,AGL,CE,Combined TRACON& Tower with Radar,60,83,62,10,215,0,3,46,0,49,60,86,108,10,264,72,18,90,354
07/31/2010,GRR,MI,AGL,CE,Combined TRACON& Tower with Radar,51,57,30,0,138,0,2,10,0,12,51,59,40,0,150,24,0,24,174
08/01/2010,GRR,MI,AGL,CE,Combined TRACON& Tower with Radar,57,64,32,0,153,0,2,26,0,28,57,66,58,0,181,28,0,28,209
08/02/2010,GRR,MI,AGL,CE,Combined TRACON& Tower with Radar,58,84,53,0,195,0,1,48,0,49,58,85,101,0,244,62,0,62,306
08/03/2010,GRR,MI,AGL,CE,Combined TRACON& Tower with Radar,58,87,54,0,199,0,1,45,0,46,58,88,99,0,245,14,0,14,259
08/04/2010,GRR,MI,AGL,CE,Combined TRACON& Tower with Radar,78,88,80,12,258,0,0,13,0,13,78,88,93,12,271,0,14,14,285
08/05/2010,GRR,MI,AGL,CE,Combined TRACON& Tower with Radar,59,85,60,0,204,0,2,48,0,50,59,87,108,0,254,54,0,54,308
08/06/2010,GRR,MI,AGL,CE,Combined TRACON& Tower with Radar,60,83,45,0,188,0,2,54,0,56,60,85,99,0,244,8,0,8,252
08/07/2010,GRR,MI,AGL,CE,Combined TRACON& Tower with Radar,49,60,28,0,137,0,0,44,0,44,49,60,72,0,181,6,0,6,187
08/08/2010,GRR,MI,AGL,CE,Combined TRACON& Tower with Radar,57,64,30,0,151,0,2,16,0,18,57,66,46,0,169,8,0,8,177
08/09/2010,GRR,MI,AGL,CE,Combined TRACON& Tower with Radar,60,83,56,0,199,0,2,19,0,21,60,85,75,0,220,14,0,14,234
08/10/2010,GRR,MI,AGL,CE,Combined TRACON& Tower with Radar,60,91,66,10,227,0,0,26,0,26,60,91,92,10,253,14,10,24,277
08/11/2010,GRR,MI,AGL,CE,Combined TRACON& Tower with Radar,59,88,67,15,229,0,0,19,0,19,59,88,86,15,248,28,0,28,276
08/12/2010,GRR,MI,AGL,CE,Combined TRACON& Tower with Radar,57,83,75,10,225,0,2,31,0,33,57,85,106,10,258,4,0,4,262
08/13/2010,GRR,MI,AGL,CE,Combined TRACON& Tower with Radar,69,90,66,0,225,0,1,54,0,55,69,91,120,0,280,48,0,48,328
08/14/2010,GRR,MI,AGL,CE,Combined TRACON& Tower with Radar,46,58,26,0,130,0,1,19,0,20,46,59,45,0,150,20,0,20,170
08/15/2010,GRR,MI,AGL,CE,Combined TRACON& Tower with Radar,60,66,29,0,155,0,1,13,0,14,60,67,42,0,169,6,0,6,175
08/16/2010,GRR,MI,AGL,CE,Combined TRACON& Tower with Radar,60,83,61,0,204,0,4,58,0,62,60,87,119,0,266,22,0,22,288
08/17/2010,GRR,MI,AGL,CE,Combined TRACON& Tower with Radar,59,85,69,12,225,0,1,82,0,83,59,86,151,12,308,68,6,74,382
08/18/2010,GRR,MI,AGL,CE,Combined TRACON& Tower with Radar,61,87,74,0,222,0,2,61,0,63,61,89,135,0,285,82,0,82,367
08/19/2010,GRR,MI,AGL,CE,Combined TRACON& Tower with Radar,61,101,57,0,219,0,1,40,0,41,61,102,97,0,260,16,0,16,276
08/20/2010,GRR,MI,AGL,CE,Combined TRACON& Tower with Radar,67,86,32,0,185,0,0,23,0,23,67,86,55,0,208,0,0,0,208
08/21/2010,GRR,MI,AGL,CE,Combined TRACON& Tower with Radar,48,59,14,0,121,0,0,48,0,48,48,59,62,0,169,20,0,20,189
08/22/2010,GRR,MI,AGL,CE,Combined TRACON& Tower with Radar,55,64,26,0,145,0,1,31,0,32,55,65,57,0,177,24,0,24,201
08/23/2010,GRR,MI,AGL,CE,Combined TRACON& Tower with Radar,62,81,95,0,238,0,1,22,0,23,62,82,117,0,261,42,0,42,303
08/24/2010,GRR,MI,AGL,CE,Combined TRACON& Tower with Radar,57,88,67,3,215,0,2,20,0,22,57,90,87,3,237,14,10,24,261
08/25/2010,GRR,MI,AGL,CE,Combined TRACON& Tower with Radar,56,86,81,6,229,0,2,55,0,57,56,88,136,6,286,26,8,34,320
08/26/2010,GRR,MI,AGL,CE,Combined TRACON& Tower with Radar,53,97,84,6,240,0,2,58,0,60,53,99,142,6,300,54,12,66,366
08/27/2010,GRR,MI,AGL,CE,Combined TRACON& Tower with Radar,59,86,53,12,210,0,2,64,3,69,59,88,117,15,279,62,0,62,341
08/28/2010,GRR,MI,AGL,CE,Combined TRACON& Tower with Radar,46,61,27,0,134,0,2,50,0,52,46,63,77,0,186,26,0,26,212
08/29/2010,GRR,MI,AGL,CE,Combined TRACON& Tower with Radar,54,63,27,0,144,0,4,29,0,33,54,67,56,0,177,16,0,16,193
08/30/2010,GRR,MI,AGL,CE,Combined TRACON& Tower with Radar,55,84,48,6,193,0,3,25,0,28,55,87,73,6,221,10,8,18,239
08/31/2010,GRR,MI,AGL,CE,Combined TRACON& Tower with Radar,55,89,81,15,240,0,1,41,0,42,55,90,122,15,282,80,28,108,390
09/01/2010,GRR,MI,AGL,CE,Combined TRACON& Tower with Radar,59,80,74,0,213,0,0,13,0,13,59,80,87,0,226,28,0,28,254
09/02/2010,GRR,MI,AGL,CE,Combined TRACON& Tower with Radar,63,90,75,0,228,0,1,5,0,6,63,91,80,0,234,14,0,14,248
09/03/2010,GRR,MI,AGL,CE,Combined TRACON& Tower with Radar,60,84,38,0,182,0,1,18,0,19,60,85,56,0,201,42,0,42,243
09/04/2010,GRR,MI,AGL,CE,Combined TRACON& Tower with Radar,41,50,8,0,99,0,4,9,0,13,41,54,17,0,112,0,12,12,124
09/05/2010,GRR,MI,AGL,CE,Combined TRACON& Tower with Radar,36,51,8,0,95,0,1,33,0,34,36,52,41,0,129,16,0,16,145
09/06/2010,GRR,MI,AGL,CE,Combined TRACON& Tower with Radar,47,65,29,0,141,0,1,14,0,15,47,66,43,0,156,14,0,14,170
09/07/2010,GRR,MI,AGL,CE,Combined TRACON& Tower with Radar,46,83,33,6,168,0,0,19,0,19,46,83,52,6,187,0,0,0,187
09/08/2010,GRR,MI,AGL,CE,Combined TRACON& Tower with Radar,49,92,64,20,225,0,2,30,0,32,49,94,94,20,257,26,18,44,301
09/09/2010,GRR,MI,AGL,CE,Combined TRACON& Tower with Radar,48,91,65,0,204,0,4,46,0,50,48,95,111,0,254,80,0,80,334
09/10/2010,GRR,MI,AGL,CE,Combined TRACON& Tower with Radar,50,93,49,0,192,0,1,31,0,32,50,94,80,0,224,46,0,46,270
09/11/2010,GRR,MI,AGL,CE,Combined TRACON& Tower with Radar,33,62,41,0,136,0,0,29,0,29,33,62,70,0,165,12,0,12,177
09/12/2010,GRR,MI,AGL,CE,Combined TRACON& Tower with Radar,42,67,38,0,147,0,2,37,0,39,42,69,75,0,186,36,0,36,222
09/13/2010,GRR,MI,AGL,CE,Combined TRACON& Tower with Radar,48,89,62,0,199,0,2,45,0,47,48,91,107,0,246,46,0,46,292
09/14/2010,GRR,MI,AGL,CE,Combined TRACON& Tower with Radar,46,90,99,10,245,0,2,73,1,76,46,92,172,11,321,82,6,88,409
09/15/2010,GRR,MI,AGL,CE,Combined TRACON& Tower with Radar,52,88,94,0,234,0,2,41,0,43,52,90,135,0,277,22,0,22,299
09/16/2010,GRR,MI,AGL,CE,Combined TRACON& Tower with Radar,49,95,91,11,246,0,0,3,0,3,49,95,94,11,249,56,0,56,305
09/17/2010,GRR,MI,AGL,CE,Combined TRACON& Tower with Radar,50,96,63,0,209,0,2,52,0,54,50,98,115,0,263,128,0,128,391
09/18/2010,GRR,MI,AGL,CE,Combined TRACON& Tower with Radar,38,58,34,0,130,0,0,5,0,5,38,58,39,0,135,14,0,14,149
09/19/2010,GRR,MI,AGL,CE,Combined TRACON& Tower with Radar,39,71,48,0,158,0,1,27,0,28,39,72,75,0,186,22,0,22,208
09/20/2010,GRR,MI,AGL,CE,Combined TRACON& Tower with Radar,46,93,59,10,208,0,1,35,0,36,46,94,94,10,244,42,14,56,300
09/21/2010,GRR,MI,AGL,CE,Combined TRACON& Tower with Radar,47,92,58,0,197,0,2,19,0,21,47,94,77,0,218,8,0,8,226
09/22/2010,GRR,MI,AGL,CE,Combined TRACON& Tower with Radar,47,89,83,6,225,0,1,27,0,28,47,90,110,6,253,14,6,20,273
09/23/2010,GRR,MI,AGL,CE,Combined TRACON& Tower with Radar,48,90,53,1,192,0,1,29,0,30,48,91,82,1,222,60,0,60,282
09/24/2010,GRR,MI,AGL,CE,Combined TRACON& Tower with Radar,45,86,20,0,151,0,3,2,0,5,45,89,22,0,156,26,0,26,182
09/25/2010,GRR,MI,AGL,CE,Combined TRACON& Tower with Radar,37,53,23,0,113,0,3,10,0,13,37,56,33,0,126,48,0,48,174
09/26/2010,GRR,MI,AGL,CE,Combined TRACON& Tower with Radar,43,70,29,1,143,0,1,27,0,28,43,71,56,1,171,44,0,44,215
09/27/2010,GRR,MI,AGL,CE,Combined TRACON& Tower with Radar,44,92,51,16,203,0,1,21,0,22,44,93,72,16,225,38,16,54,279
09/28/2010,GRR,MI,AGL,CE,Combined TRACON& Tower with Radar,45,87,51,0,183,0,0,23,1,24,45,87,74,1,207,14,0,14,221
09/29/2010,GRR,MI,AGL,CE,Combined TRACON& Tower with Radar,49,92,81,8,230,0,0,81,0,81,49,92,162,8,311,86,10,96,407
09/30/2010,GRR,MI,AGL,CE,Combined TRACON& Tower with Radar,46,101,64,0,211,0,4,51,0,55,46,105,115,0,266,68,0,68,334
10/01/2010,GRR,MI,AGL,CE,Combined TRACON& Tower with Radar,47,91,60,0,198,0,2,52,0,54,47,93,112,0,252,18,0,18,270
10/02/2010,GRR,MI,AGL,CE,Combined TRACON& Tower with Radar,28,62,25,0,115,0,3,9,0,12,28,65,34,0,127,46,0,46,173
10/03/2010,GRR,MI,AGL,CE,Combined TRACON& Tower with Radar,40,67,31,0,138,0,2,24,0,26,40,69,55,0,164,38,0,38,202
10/04/2010,GRR,MI,AGL,CE,Combined TRACON& Tower with Radar,48,91,69,0,208,0,2,41,0,43,48,93,110,0,251,91,0,91,342
10/05/2010,GRR,MI,AGL,CE,Combined TRACON& Tower with Radar,45,96,86,6,233,0,4,60,0,64,45,100,146,6,297,56,30,86,383
10/06/2010,GRR,MI,AGL,CE,Combined TRACON& Tower with Radar,43,86,74,10,213,0,2,49,0,51,43,88,123,10,264,98,16,114,378
10/07/2010,GRR,MI,AGL,CE,Combined TRACON& Tower with Radar,46,95,87,14,242,0,1,49,0,50,46,96,136,14,292,8,0,8,300
10/08/2010,GRR,MI,AGL,CE,Combined TRACON& Tower with Radar,50,90,56,2,198,0,1,56,0,57,50,91,112,2,255,56,0,56,311
10/09/2010,GRR,MI,AGL,CE,Combined TRACON& Tower with Radar,34,61,22,0,117,0,1,38,0,39,34,62,60,0,156,44,0,44,200
10/10/2010,GRR,MI,AGL,CE,Combined TRACON& Tower with Radar,46,68,20,0,134,0,1,45,0,46,46,69,65,0,180,53,0,53,233
10/11/2010,GRR,MI,AGL,CE,Combined TRACON& Tower with Radar,46,82,51,0,179,0,0,20,0,20,46,82,71,0,199,56,0,56,255
10/12/2010,GRR,MI,AGL,CE,Combined TRACON& Tower with Radar,49,87,70,0,206,0,1,26,0,27,49,88,96,0,233,44,0,44,277
10/13/2010,GRR,MI,AGL,CE,Combined TRACON& Tower with Radar,41,89,76,0,206,0,1,18,0,19,41,90,94,0,225,42,0,42,267
10/14/2010,GRR,MI,AGL,CE,Combined TRACON& Tower with Radar,47,98,55,0,200,0,3,41,0,44,47,101,96,0,244,44,0,44,288
10/15/2010,GRR,MI,AGL,CE,Combined TRACON& Tower with Radar,49,95,59,0,203,0,0,52,1,53,49,95,111,1,256,44,0,44,300
10/16/2010,GRR,MI,AGL,CE,Combined TRACON& Tower with Radar,35,60,25,0,120,0,1,50,0,51,35,61,75,0,171,60,0,60,231
10/17/2010,GRR,MI,AGL,CE,Combined TRACON& Tower with Radar,42,70,40,0,152,0,3,47,0,50,42,73,87,0,202,49,0,49,251
10/18/2010,GRR,MI,AGL,CE,Combined TRACON& Tower with Radar,45,92,56,0,193,0,0,41,0,41,45,92,97,0,234,32,0,32,266
10/19/2010,GRR,MI,AGL,CE,Combined TRACON& Tower with Radar,45,89,74,0,208,0,3,39,0,42,45,92,113,0,250,18,0,18,268
10/20/2010,GRR,MI,AGL,CE,Combined TRACON& Tower with Radar,46,90,74,2,212,0,3,30,0,33,46,93,104,2,245,46,0,46,291
10/21/2010,GRR,MI,AGL,CE,Combined TRACON& Tower with Radar,49,89,75,0,213,0,3,15,0,18,49,92,90,0,231,24,0,24,255
10/22/2010,GRR,MI,AGL,CE,Combined TRACON& Tower with Radar,48,97,60,0,205,0,1,48,0,49,48,98,108,0,254,74,0,74,328
10/23/2010,GRR,MI,AGL,CE,Combined TRACON& Tower with Radar,36,56,16,0,108,0,0,16,0,16,36,56,32,0,124,38,0,38,162
10/24/2010,GRR,MI,AGL,CE,Combined TRACON& Tower with Radar,52,68,26,0,146,0,3,8,0,11,52,71,34,0,157,0,0,0,157
10/25/2010,GRR,MI,AGL,CE,Combined TRACON& Tower with Radar,45,93,68,0,206,0,1,12,0,13,45,94,80,0,219,0,0,0,219
10/26/2010,GRR,MI,AGL,CE,Combined TRACON& Tower with Radar,45,82,41,0,168,0,1,1,0,2,45,83,42,0,170,0,0,0,170
10/27/2010,GRR,MI,AGL,CE,Combined TRACON& Tower with Radar,47,98,49,0,194,0,0,8,0,8,47,98,57,0,202,0,0,0,202
10/28/2010,GRR,MI,AGL,CE,Combined TRACON& Tower with Radar,50,93,63,0,206,0,0,6,0,6,50,93,69,0,212,22,0,22,234
10/29/2010,GRR,MI,AGL,CE,Combined TRACON& Tower with Radar,48,87,57,0,192,0,3,29,0,32,48,90,86,0,224,96,0,96,320
10/30/2010,GRR,MI,AGL,CE,Combined TRACON& Tower with Radar,36,55,24,0,115,0,2,28,0,30,36,57,52,0,145,12,0,12,157
10/31/2010,GRR,MI,AGL,CE,Combined TRACON& Tower with Radar,49,58,25,0,132,0,3,35,0,38,49,61,60,0,170,12,0,12,182
11/01/2010,GRR,MI,AGL,CE,Combined TRACON& Tower with Radar,50,87,61,0,198,0,4,36,0,40,50,91,97,0,238,18,0,18,256
11/02/2010,GRR,MI,AGL,CE,Combined TRACON& Tower with Radar,47,85,74,0,206,0,1,65,0,66,47,86,139,0,272,10,0,10,282
11/03/2010,GRR,MI,AGL,CE,Combined TRACON& Tower with Radar,48,87,81,1,217,0,2,33,0,35,48,89,114,1,252,24,0,24,276
11/04/2010,GRR,MI,AGL,CE,Combined TRACON& Tower with Radar,53,92,65,1,211,0,4,5,0,9,53,96,70,1,220,4,0,4,224
11/05/2010,GRR,MI,AGL,CE,Combined TRACON& Tower with Radar,53,93,41,0,187,0,3,8,2,13,53,96,49,2,200,30,2,32,232
11/06/2010,GRR,MI,AGL,CE,Combined TRACON& Tower with Radar,40,55,20,0,115,0,0,38,0,38,40,55,58,0,153,26,0,26,179
11/07/2010,GRR,MI,AGL,CE,Combined TRACON& Tower with Radar,48,62,24,0,134,0,3,28,0,31,48,65,52,0,165,25,0,25,190
11/08/2010,GRR,MI,AGL,CE,Combined TRACON& Tower with Radar,52,94,60,2,208,0,2,41,0,43,52,96,101,2,251,20,0,20,271
11/09/2010,GRR,MI,AGL,CE,Combined TRACON& Tower with Radar,50,89,65,2,206,0,0,57,0,57,50,89,122,2,263,70,0,70,333
11/10/2010,GRR,MI,AGL,CE,Combined TRACON& Tower with Radar,53,91,67,0,211,0,3,30,0,33,53,94,97,0,244,48,0,48,292
11/11/2010,GRR,MI,AGL,CE,Combined TRACON& Tower with Radar,54,85,53,0,192,0,2,75,4,81,54,87,128,4,273,58,8,66,339
11/12/2010,GRR,MI,AGL,CE,Combined TRACON& Tower with Radar,56,83,45,0,184,0,0,31,0,31,56,83,76,0,215,48,0,48,263
11/13/2010,GRR,MI,AGL,CE,Combined TRACON& Tower with Radar,40,50,35,0,125,0,1,22,0,23,40,51,57,0,148,18,0,18,166
11/14/2010,GRR,MI,AGL,CE,Combined TRACON& Tower with Radar,49,65,18,2,134,0,3,7,0,10,49,68,25,2,144,10,0,10,154
11/15/2010,GRR,MI,AGL,CE,Combined TRACON& Tower with Radar,46,88,45,0,179,0,0,25,0,25,46,88,70,0,204,28,0,28,232
11/16/2010,GRR,MI,AGL,CE,Combined TRACON& Tower with Radar,46,92,68,6,212,0,3,39,0,42,46,95,107,6,254,42,12,54,308
11/17/2010,GRR,MI,AGL,CE,Combined TRACON& Tower with Radar,49,91,54,6,200,0,0,19,0,19,49,91,73,6,219,0,0,0,219
11/18/2010,GRR,MI,AGL,CE,Combined TRACON& Tower with Radar,59,87,72,0,218,0,1,29,0,30,59,88,101,0,248,50,0,50,298
11/19/2010,GRR,MI,AGL,CE,Combined TRACON& Tower with Radar,58,85,50,4,197,0,1,35,0,36,58,86,85,4,233,2,6,8,241
11/20/2010,GRR,MI,AGL,CE,Combined TRACON& Tower with Radar,47,53,28,0,128,0,3,45,0,48,47,56,73,0,176,62,0,62,238
11/21/2010,GRR,MI,AGL,CE,Combined TRACON& Tower with Radar,48,59,26,0,133,0,0,0,0,0,48,59,26,0,133,0,0,0,133
11/22/2010,GRR,MI,AGL,CE,Combined TRACON& Tower with Radar,58,74,54,0,186,0,0,1,0,1,58,74,55,0,187,0,0,0,187
11/23/2010,GRR,MI,AGL,CE,Combined TRACON& Tower with Radar,56,89,68,32,245,0,1,13,0,14,56,90,81,32,259,34,20,54,313
11/24/2010,GRR,MI,AGL,CE,Combined TRACON& Tower with Radar,64,90,57,0,211,0,0,15,0,15,64,90,72,0,226,4,0,4,230
11/25/2010,GRR,MI,AGL,CE,Combined TRACON& Tower with Radar,39,41,6,0,86,0,0,0,0,0,39,41,6,0,86,0,0,0,86
11/26/2010,GRR,MI,AGL,CE,Combined TRACON& Tower with Radar,43,58,11,0,112,0,4,7,0,11,43,62,18,0,123,0,0,0,123
11/27/2010,GRR,MI,AGL,CE,Combined TRACON& Tower with Radar,52,74,14,0,140,0,2,3,0,5,52,76,17,0,145,4,0,4,149
11/28/2010,GRR,MI,AGL,CE,Combined TRACON& Tower with Radar,51,78,44,0,173,0,2,47,0,49,51,80,91,0,222,32,0,32,254
11/29/2010,GRR,MI,AGL,CE,Combined TRACON& Tower with Radar,53,87,75,0,215,0,2,40,0,42,53,89,115,0,257,24,0,24,281
11/30/2010,GRR,MI,AGL,CE,Combined TRACON& Tower with Radar,51,81,47,0,179,0,0,0,0,0,51,81,47,0,179,0,0,0,179
12/01/2010,GRR,MI,AGL,CE,Combined TRACON& Tower with Radar,51,87,36,0,174,0,0,0,0,0,51,87,36,0,174,0,0,0,174
12/02/2010,GRR,MI,AGL,CE,Combined TRACON& Tower with Radar,57,91,58,0,206,0,4,2,0,6,57,95,60,0,212,0,0,0,212
12/03/2010,GRR,MI,AGL,CE,Combined TRACON& Tower with Radar,55,83,64,0,202,0,2,24,0,26,55,85,88,0,228,19,0,19,247
12/04/2010,GRR,MI,AGL,CE,Combined TRACON& Tower with Radar,44,51,41,0,136,0,2,28,0,30,44,53,69,0,166,38,0,38,204
12/05/2010,GRR,MI,AGL,CE,Combined TRACON& Tower with Radar,50,63,38,0,151,0,0,7,0,7,50,63,45,0,158,0,0,0,158
12/06/2010,GRR,MI,AGL,CE,Combined TRACON& Tower with Radar,51,87,53,0,191,0,2,12,0,14,51,89,65,0,205,18,0,18,223
12/07/2010,GRR,MI,AGL,CE,Combined TRACON& Tower with Radar,49,85,61,0,195,0,2,3,0,5,49,87,64,0,200,24,0,24,224
12/08/2010,GRR,MI,AGL,CE,Combined TRACON& Tower with Radar,52,87,73,0,212,0,3,11,0,14,52,90,84,0,226,0,0,0,226
12/09/2010,GRR,MI,AGL,CE,Combined TRACON& Tower with Radar,59,85,81,0,225,0,3,24,0,27,59,88,105,0,252,64,0,64,316
12/10/2010,GRR,MI,AGL,CE,Combined TRACON& Tower with Radar,55,86,61,0,202,0,0,1,0,1,55,86,62,0,203,0,0,0,203
12/11/2010,GRR,MI,AGL,CE,Combined TRACON& Tower with Radar,41,54,10,0,105,0,0,0,0,0,41,54,10,0,105,10,0,10,115
12/12/2010,GRR,MI,AGL,CE,Combined TRACON& Tower with Radar,41,38,7,0,86,0,0,0,0,0,41,38,7,0,86,0,0,0,86
12/13/2010,GRR,MI,AGL,CE,Combined TRACON& Tower with Radar,49,86,53,0,188,0,0,8,0,8,49,86,61,0,196,88,0,88,284
12/14/2010,GRR,MI,AGL,CE,Combined TRACON& Tower with Radar,48,89,63,0,200,0,2,23,0,25,48,91,86,0,225,36,0,36,261
12/15/2010,GRR,MI,AGL,CE,Combined TRACON& Tower with Radar,55,87,76,0,218,2,2,33,0,37,57,89,109,0,255,62,0,62,317
12/16/2010,GRR,MI,AGL,CE,Combined TRACON& Tower with Radar,60,85,78,4,227,0,1,34,0,35,60,86,112,4,262,0,0,0,262
12/17/2010,GRR,MI,AGL,CE,Combined TRACON& Tower with Radar,57,88,57,0,202,0,4,22,0,26,57,92,79,0,228,24,0,24,252
12/18/2010,GRR,MI,AGL,CE,Combined TRACON& Tower with Radar,48,64,22,0,134,0,0,3,0,3,48,64,25,0,137,22,0,22,159
12/19/2010,GRR,MI,AGL,CE,Combined TRACON& Tower with Radar,46,77,24,0,147,0,5,3,1,9,46,82,27,1,156,0,0,0,156
12/20/2010,GRR,MI,AGL,CE,Combined TRACON& Tower with Radar,58,93,61,8,220,0,0,36,0,36,58,93,97,8,256,56,14,70,326
12/21/2010,GRR,MI,AGL,CE,Combined TRACON& Tower with Radar,55,85,42,0,182,0,0,6,0,6,55,85,48,0,188,0,0,0,188
12/22/2010,GRR,MI,AGL,CE,Combined TRACON& Tower with Radar,52,93,51,0,196,0,1,26,0,27,52,94,77,0,223,44,0,44,267
12/23/2010,GRR,MI,AGL,CE,Combined TRACON& Tower with Radar,55,88,33,0,176,0,0,15,0,15,55,88,48,0,191,8,0,8,199
12/24/2010,GRR,MI,AGL,CE,Combined TRACON& Tower with Radar,50,61,5,0,116,0,1,6,0,7,50,62,11,0,123,0,0,0,123
12/25/2010,GRR,MI,AGL,CE,Combined TRACON& Tower with Radar,40,49,11,0,100,0,2,1,0,3,40,51,12,0,103,0,0,0,103
12/26/2010,GRR,MI,AGL,CE,Combined TRACON& Tower with Radar,44,62,38,0,144,0,1,8,0,9,44,63,46,0,153,0,0,0,153
12/27/2010,GRR,MI,AGL,CE,Combined TRACON& Tower with Radar,48,77,25,0,150,0,1,29,0,30,48,78,54,0,180,36,0,36,216
12/28/2010,GRR,MI,AGL,CE,Combined TRACON& Tower with Radar,55,86,34,0,175,0,0,0,0,0,55,86,34,0,175,0,0,0,175
12/29/2010,GRR,MI,AGL,CE,Combined TRACON& Tower with Radar,52,93,31,8,184,0,0,31,0,31,52,93,62,8,215,68,14,82,297
12/30/2010,GRR,MI,AGL,CE,Combined TRACON& Tower with Radar,57,85,30,0,172,0,0,0,0,0,57,85,30,0,172,0,0,0,172
12/31/2010,GRR,MI,AGL,CE,Combined TRACON& Tower with Radar,49,63,19,0,131,0,0,0,0,0,49,63,19,0,131,0,0,0,131
01/01/2011,GRR,MI,AGL,CE,Combined TRACON& Tower with Radar,40,53,10,0,103,0,0,1,0,1,40,53,11,0,104,10,0,10,114
01/02/2011,GRR,MI,AGL,CE,Combined TRACON& Tower with Radar,49,70,43,0,162,0,3,6,0,9,49,73,49,0,171,0,0,0,171
01/03/2011,GRR,MI,AGL,CE,Combined TRACON& Tower with Radar,51,83,52,0,186,0,1,17,1,19,51,84,69,1,205,48,0,48,253
01/04/2011,GRR,MI,AGL,CE,Combined TRACON& Tower with Radar,44,90,48,2,184,0,1,1,0,2,44,91,49,2,186,0,0,0,186
01/05/2011,GRR,MI,AGL,CE,Combined TRACON& Tower with Radar,48,95,40,1,184,0,1,21,1,23,48,96,61,2,207,22,0,22,229
01/06/2011,GRR,MI,AGL,CE,Combined TRACON& Tower with Radar,52,88,31,0,171,0,0,0,0,0,52,88,31,0,171,0,0,0,171
01/07/2011,GRR,MI,AGL,CE,Combined TRACON& Tower with Radar,50,86,38,0,174,0,0,7,0,7,50,86,45,0,181,0,0,0,181
01/08/2011,GRR,MI,AGL,CE,Combined TRACON& Tower with Radar,41,51,23,0,115,0,3,27,0,30,41,54,50,0,145,42,0,42,187
01/09/2011,GRR,MI,AGL,CE,Combined TRACON& Tower with Radar,42,68,17,0,127,0,0,33,0,33,42,68,50,0,160,16,0,16,176
01/10/2011,GRR,MI,AGL,CE,Combined TRACON& Tower with Radar,43,86,47,0,176,0,1,38,0,39,43,87,85,0,215,36,0,36,251
01/11/2011,GRR,MI,AGL,CE,Combined TRACON& Tower with Radar,44,76,42,0,162,0,0,8,0,8,44,76,50,0,170,32,0,32,202
01/12/2011,GRR,MI,AGL,CE,Combined TRACON& Tower with Radar,41,84,63,0,188,0,2,38,0,40,41,86,101,0,228,80,0,80,308
01/13/2011,GRR,MI,AGL,CE,Combined TRACON& Tower with Radar,53,90,63,0,206,0,0,8,0,8,53,90,71,0,214,0,0,0,214
01/14/2011,GRR,MI,AGL,CE,Combined TRACON& Tower with Radar,51,87,41,0,179,0,0,12,0,12,51,87,53,0,191,32,0,32,223
01/15/2011,GRR,MI,AGL,CE,Combined TRACON& Tower with Radar,40,46,9,0,95,0,2,2,0,4,40,48,11,0,99,12,0,12,111
01/16/2011,GRR,MI,AGL,CE,Combined TRACON& Tower with Radar,43,61,18,0,122,0,2,14,0,16,43,63,32,0,138,30,0,30,168
01/17/2011,GRR,MI,AGL,CE,Combined TRACON& Tower with Radar,44,67,33,0,144,0,0,3,0,3,44,67,36,0,147,0,0,0,147
01/18/2011,GRR,MI,AGL,CE,Combined TRACON& Tower with Radar,44,76,42,0,162,0,1,0,0,1,44,77,42,0,163,0,0,0,163
01/19/2011,GRR,MI,AGL,CE,Combined TRACON& Tower with Radar,46,93,60,4,203,0,3,10,0,13,46,96,70,4,216,84,0,84,300
01/20/2011,GRR,MI,AGL,CE,Combined TRACON& Tower with Radar,55,86,62,0,203,0,0,14,0,14,55,86,76,0,217,0,0,0,217
01/21/2011,GRR,MI,AGL,CE,Combined TRACON& Tower with Radar,56,91,59,0,206,0,3,28,0,31,56,94,87,0,237,58,0,58,295
01/22/2011,GRR,MI,AGL,CE,Combined TRACON& Tower with Radar,42,52,14,0,108,0,1,1,0,2,42,53,15,0,110,0,0,0,110
01/23/2011,GRR,MI,AGL,CE,Combined TRACON& Tower with Radar,53,70,27,0,150,0,3,35,0,38,53,73,62,0,188,18,0,18,206
01/24/2011,GRR,MI,AGL,CE,Combined TRACON& Tower with Radar,48,80,43,0,171,0,0,0,0,0,48,80,43,0,171,0,0,0,171
01/25/2011,GRR,MI,AGL,CE,Combined TRACON& Tower with Radar,44,86,42,0,172,0,0,2,0,2,44,86,44,0,174,20,0,20,194
01/26/2011,GRR,MI,AGL,CE,Combined TRACON& Tower with Radar,49,85,55,0,189,0,0,6,0,6,49,85,61,0,195,0,0,0,195
01/27/2011,GRR,MI,AGL,CE,Combined TRACON& Tower with Radar,52,89,38,0,179,0,0,0,0,0,52,89,38,0,179,12,0,12,191
01/28/2011,GRR,MI,AGL,CE,Combined TRACON& Tower with Radar,52,85,52,20,209,0,3,11,1,15,52,88,63,21,224,22,14,36,260
01/29/2011,GRR,MI,AGL,CE,Combined TRACON& Tower with Radar,40,49,13,0,102,0,2,1,0,3,40,51,14,0,105,0,0,0,105
01/30/2011,GRR,MI,AGL,CE,Combined TRACON& Tower with Radar,44,71,41,0,156,0,3,42,0,45,44,74,83,0,201,30,0,30,231
01/31/2011,GRR,MI,AGL,CE,Combined TRACON& Tower with Radar,45,88,73,0,206,0,1,49,0,50,45,89,122,0,256,0,0,0,256
02/01/2011,GRR,MI,AGL,CE,Combined TRACON& Tower with Radar,34,51,44,0,129,0,0,9,0,9,34,51,53,0,138,0,0,0,138
02/02/2011,GRR,MI,AGL,CE,Combined TRACON& Tower with Radar,16,36,8,0,60,0,1,3,0,4,16,37,11,0,64,0,0,0,64
02/03/2011,GRR,MI,AGL,CE,Combined TRACON& Tower with Radar,54,72,66,10,202,0,2,30,0,32,54,74,96,10,234,8,20,28,262
02/04/2011,GRR,MI,AGL,CE,Combined TRACON& Tower with Radar,55,81,63,0,199,0,2,33,0,35,55,83,96,0,234,20,0,20,254
02/05/2011,GRR,MI,AGL,CE,Combined TRACON& Tower with Radar,39,47,21,0,107,0,0,25,0,25,39,47,46,0,132,28,0,28,160
02/06/2011,GRR,MI,AGL,CE,Combined TRACON& Tower with Radar,39,68,9,0,116,0,0,0,0,0,39,68,9,0,116,0,0,0,116
02/07/2011,GRR,MI,AGL,CE,Combined TRACON& Tower with Radar,49,85,44,0,178,0,1,9,0,10,49,86,53,0,188,36,0,36,224
02/08/2011,GRR,MI,AGL,CE,Combined TRACON& Tower with Radar,49,87,70,0,206,0,1,17,0,18,49,88,87,0,224,0,0,0,224
02/09/2011,GRR,MI,AGL,CE,Combined TRACON& Tower with Radar,49,89,63,0,201,0,0,3,0,3,49,89,66,0,204,0,0,0,204
02/10/2011,GRR,MI,AGL,CE,Combined TRACON& Tower with Radar,54,97,67,0,218,0,3,16,0,19,54,100,83,0,237,36,0,36,273
02/11/2011,GRR,MI,AGL,CE,Combined TRACON& Tower with Radar,49,93,45,0,187,0,1,1,0,2,49,94,46,0,189,8,0,8,197
02/12/2011,GRR,MI,AGL,CE,Combined TRACON& Tower with Radar,46,55,12,0,113,0,1,27,0,28,46,56,39,0,141,30,0,30,171
02/13/2011,GRR,MI,AGL,CE,Combined TRACON& Tower with Radar,49,75,24,0,148,0,0,17,2,19,49,75,41,2,167,18,0,18,185
02/14/2011,GRR,MI,AGL,CE,Combined TRACON& Tower with Radar,47,90,41,0,178,0,2,14,1,17,47,92,55,1,195,0,0,0,195
02/15/2011,GRR,MI,AGL,CE,Combined TRACON& Tower with Radar,49,89,68,16,222,0,0,31,2,33,49,89,99,18,255,48,16,64,319
02/16/2011,GRR,MI,AGL,CE,Combined TRACON& Tower with Radar,53,91,60,0,204,0,0,13,0,13,53,91,73,0,217,36,0,36,253
02/17/2011,GRR,MI,AGL,CE,Combined TRACON& Tower with Radar,56,91,53,0,200,0,1,7,0,8,56,92,60,0,208,36,0,36,244
02/18/2011,GRR,MI,AGL,CE,Combined TRACON& Tower with Radar,55,96,33,1,185,0,0,8,0,8,55,96,41,1,193,0,0,0,193
02/19/2011,GRR,MI,AGL,CE,Combined TRACON& Tower with Radar,48,54,23,0,125,1,2,46,0,49,49,56,69,0,174,42,0,42,216
02/20/2011,GRR,MI,AGL,CE,Combined TRACON& Tower with Radar,34,31,16,0,81,0,1,2,0,3,34,32,18,0,84,0,0,0,84
02/21/2011,GRR,MI,AGL,CE,Combined TRACON& Tower with Radar,43,67,23,0,133,0,0,0,0,0,43,67,23,0,133,0,0,0,133
02/22/2011,GRR,MI,AGL,CE,Combined TRACON& Tower with Radar,56,92,29,1,178,0,0,16,0,16,56,92,45,1,194,48,0,48,242
02/23/2011,GRR,MI,AGL,CE,Combined TRACON& Tower with Radar,56,94,52,0,202,0,2,19,0,21,56,96,71,0,223,44,0,44,267
02/24/2011,GRR,MI,AGL,CE,Combined TRACON& Tower with Radar,58,94,39,3,194,0,0,7,0,7,58,94,46,3,201,8,0,8,209
02/25/2011,GRR,MI,AGL,CE,Combined TRACON& Tower with Radar,51,80,37,0,168,0,1,24,0,25,51,81,61,0,193,12,0,12,205
02/26/2011,GRR,MI,AGL,CE,Combined TRACON& Tower with Radar,41,55,19,0,115,0,0,0,0,0,41,55,19,0,115,12,0,12,127
02/27/2011,GRR,MI,AGL,CE,Combined TRACON& Tower with Radar,47,65,27,0,139,0,0,6,0,6,47,65,33,0,145,0,0,0,145
02/28/2011,GRR,MI,AGL,CE,Combined TRACON& Tower with Radar,52,89,37,0,178,0,0,27,0,27,52,89,64,0,205,68,0,68,273
03/01/2011,GRR,MI,AGL,CE,Combined TRACON& Tower with Radar,51,94,66,8,219,0,1,19,0,20,51,95,85,8,239,36,6,42,281
03/02/2011,GRR,MI,AGL,CE,Combined TRACON& Tower with Radar,61,87,46,0,194,0,1,38,2,41,61,88,84,2,235,72,6,78,313
03/03/2011,GRR,MI,AGL,CE,Combined TRACON& Tower with Radar,60,86,53,0,199,0,1,33,0,34,60,87,86,0,233,90,2,92,325
03/04/2011,GRR,MI,AGL,CE,Combined TRACON& Tower with Radar,57,85,41,0,183,1,1,3,0,5,58,86,44,0,188,0,0,0,188
03/05/2011,GRR,MI,AGL,CE,Combined TRACON& Tower with Radar,44,56,9,0,109,0,0,0,0,0,44,56,9,0,109,16,0,16,125
03/06/2011,GRR,MI,AGL,CE,Combined TRACON& Tower with Radar,49,74,42,0,165,0,2,48,0,50,49,76,90,0,215,68,0,68,283
03/07/2011,GRR,MI,AGL,CE,Combined TRACON& Tower with Radar,53,90,51,0,194,0,1,27,0,28,53,91,78,0,222,32,0,32,254
03/08/2011,GRR,MI,AGL,CE,Combined TRACON& Tower with Radar,49,89,44,0,182,0,1,37,0,38,49,90,81,0,220,46,0,46,266
03/09/2011,GRR,MI,AGL,CE,Combined TRACON& Tower with Radar,49,71,32,0,152,0,0,1,0,1,49,71,33,0,153,0,0,0,153
03/10/2011,GRR,MI,AGL,CE,Combined TRACON& Tower with Radar,60,86,53,0,199,0,0,1,0,1,60,86,54,0,200,0,0,0,200
03/11/2011,GRR,MI,AGL,CE,Combined TRACON& Tower with Radar,56,85,40,0,181,0,1,22,0,23,56,86,62,0,204,32,0,32,236
03/12/2011,GRR,MI,AGL,CE,Combined TRACON& Tower with Radar,47,58,15,0,120,0,0,2,0,2,47,58,17,0,122,10,0,10,132
03/13/2011,GRR,MI,AGL,CE,Combined TRACON& Tower with Radar,51,74,36,0,161,0,0,7,0,7,51,74,43,0,168,24,0,24,192
03/14/2011,GRR,MI,AGL,CE,Combined TRACON& Tower with Radar,50,98,51,0,199,0,1,39,1,41,50,99,90,1,240,22,0,22,262
03/15/2011,GRR,MI,AGL,CE,Combined TRACON& Tower with Radar,52,94,75,6,227,0,3,24,0,27,52,97,99,6,254,26,4,30,284
03/16/2011,GRR,MI,AGL,CE,Combined TRACON& Tower with Radar,57,95,74,16,242,0,0,44,0,44,57,95,118,16,286,38,18,56,342
03/17/2011,GRR,MI,AGL,CE,Combined TRACON& Tower with Radar,57,95,56,0,208,0,3,17,0,20,57,98,73,0,228,0,0,0,228
03/18/2011,GRR,MI,AGL,CE,Combined TRACON& Tower with Radar,57,90,44,13,204,0,4,37,2,43,57,94,81,15,247,60,10,70,317
03/19/2011,GRR,MI,AGL,CE,Combined TRACON& Tower with Radar,51,56,22,0,129,0,0,48,0,48,51,56,70,0,177,76,0,76,253
03/20/2011,GRR,MI,AGL,CE,Combined TRACON& Tower with Radar,52,78,22,0,152,0,0,5,0,5,52,78,27,0,157,8,0,8,165
03/21/2011,GRR,MI,AGL,CE,Combined TRACON& Tower with Radar,56,91,77,0,224,0,1,10,0,11,56,92,87,0,235,54,0,54,289
03/22/2011,GRR,MI,AGL,CE,Combined TRACON& Tower with Radar,52,76,37,0,165,0,0,1,0,1,52,76,38,0,166,0,0,0,166
03/23/2011,GRR,MI,AGL,CE,Combined TRACON& Tower with Radar,52,72,45,0,169,0,0,0,0,0,52,72,45,0,169,0,0,0,169
03/24/2011,GRR,MI,AGL,CE,Combined TRACON& Tower with Radar,66,88,90,0,244,0,2,59,0,61,66,90,149,0,305,30,0,30,335
03/25/2011,GRR,MI,AGL,CE,Combined TRACON& Tower with Radar,57,90,60,0,207,0,1,47,0,48,57,91,107,0,255,58,0,58,313
03/26/2011,GRR,MI,AGL,CE,Combined TRACON& Tower with Radar,46,58,21,0,125,0,2,51,0,53,46,60,72,0,178,34,0,34,212
03/27/2011,GRR,MI,AGL,CE,Combined TRACON& Tower with Radar,50,71,27,0,148,0,0,33,0,33,50,71,60,0,181,0,0,0,181
03/28/2011,GRR,MI,AGL,CE,Combined TRACON& Tower with Radar,52,88,47,0,187,0,1,33,0,34,52,89,80,0,221,68,0,68,289
03/29/2011,GRR,MI,AGL,CE,Combined TRACON& Tower with Radar,52,91,77,0,220,0,2,49,0,51,52,93,126,0,271,40,0,40,311
03/30/2011,GRR,MI,AGL,CE,Combined TRACON& Tower with Radar,57,88,65,0,210,0,1,26,0,27,57,89,91,0,237,26,0,26,263
03/31/2011,GRR,MI,AGL,CE,Combined TRACON& Tower with Radar,59,98,63,0,220,0,2,41,3,46,59,100,104,3,266,14,0,14,280
04/01/2011,GRR,MI,AGL,CE,Combined TRACON& Tower with Radar,50,96,50,4,200,0,1,15,0,16,50,97,65,4,216,18,0,18,234
04/02/2011,GRR,MI,AGL,CE,Combined TRACON& Tower with Radar,42,59,22,0,123,0,1,14,0,15,42,60,36,0,138,0,0,0,138
04/03/2011,GRR,MI,AGL,CE,Combined TRACON& Tower with Radar,44,82,12,0,138,0,0,0,0,0,44,82,12,0,138,0,0,0,138
04/04/2011,GRR,MI,AGL,CE,Combined TRACON& Tower with Radar,50,103,21,0,174,0,0,0,0,0,50,103,21,0,174,8,0,8,182
04/05/2011,GRR,MI,AGL,CE,Combined TRACON& Tower with Radar,46,99,59,14,218,0,4,28,0,32,46,103,87,14,250,48,18,66,316
04/06/2011,GRR,MI,AGL,CE,Combined TRACON& Tower with Radar,52,103,74,0,229,0,2,0,0,2,52,105,74,0,231,0,0,0,231
04/07/2011,GRR,MI,AGL,CE,Combined TRACON& Tower with Radar,55,95,49,0,199,0,2,29,0,31,55,97,78,0,230,22,0,22,252
04/08/2011,GRR,MI,AGL,CE,Combined TRACON& Tower with Radar,49,94,44,0,187,0,3,9,0,12,49,97,53,0,199,38,0,38,237
04/09/2011,GRR,MI,AGL,CE,Combined TRACON& Tower with Radar,43,74,47,0,164,0,1,31,0,32,43,75,78,0,196,6,0,6,202
04/10/2011,GRR,MI,AGL,CE,Combined TRACON& Tower with Radar,62,83,32,0,177,0,2,4,0,6,62,85,36,0,183,0,0,0,183
04/11/2011,GRR,MI,AGL,CE,Combined TRACON& Tower with Radar,48,107,66,0,221,0,2,12,0,14,48,109,78,0,235,34,0,34,269
04/12/2011,GRR,MI,AGL,CE,Combined TRACON& Tower with Radar,47,106,72,0,225,0,3,47,0,50,47,109,119,0,275,48,0,48,323
04/13/2011,GRR,MI,AGL,CE,Combined TRACON& Tower with Radar,48,99,67,0,214,0,1,49,0,50,48,100,116,0,264,88,0,88,352
04/14/2011,GRR,MI,AGL,CE,Combined TRACON& Tower with Radar,53,101,58,0,212,0,3,17,0,20,53,104,75,0,232,10,0,10,242
04/15/2011,GRR,MI,AGL,CE,Combined TRACON& Tower with Radar,50,99,35,0,184,0,0,2,0,2,50,99,37,0,186,0,0,0,186
04/16/2011,GRR,MI,AGL,CE,Combined TRACON& Tower with Radar,38,69,10,0,117,0,0,0,0,0,38,69,10,0,117,0,0,0,117
04/17/2011,GRR,MI,AGL,CE,Combined TRACON& Tower with Radar,46,74,21,0,141,0,2,7,0,9,46,76,28,0,150,20,0,20,170
04/18/2011,GRR,MI,AGL,CE,Combined TRACON& Tower with Radar,45,101,38,0,184,0,1,17,0,18,45,102,55,0,202,16,0,16,218
04/19/2011,GRR,MI,AGL,CE,Combined TRACON& Tower with Radar,44,91,43,8,186,0,0,5,0,5,44,91,48,8,191,14,0,14,205
04/20/2011,GRR,MI,AGL,CE,Combined TRACON& Tower with Radar,49,95,50,0,194,0,0,1,0,1,49,95,51,0,195,0,0,0,195
04/21/2011,GRR,MI,AGL,CE,Combined TRACON& Tower with Radar,54,101,72,0,227,0,1,69,0,70,54,102,141,0,297,0,0,0,297
04/22/2011,GRR,MI,AGL,CE,Combined TRACON& Tower with Radar,43,92,46,0,181,0,2,6,0,8,43,94,52,0,189,40,0,40,229
04/23/2011,GRR,MI,AGL,CE,Combined TRACON& Tower with Radar,41,60,13,1,115,0,1,17,0,18,41,61,30,1,133,26,0,26,159
04/24/2011,GRR,MI,AGL,CE,Combined TRACON& Tower with Radar,46,74,23,0,143,0,1,23,0,24,46,75,46,0,167,40,0,40,207
04/25/2011,GRR,MI,AGL,CE,Combined TRACON& Tower with Radar,43,87,67,0,197,0,2,10,0,12,43,89,77,0,209,42,0,42,251
04/26/2011,GRR,MI,AGL,CE,Combined TRACON& Tower with Radar,43,92,45,0,180,0,1,1,0,2,43,93,46,0,182,28,0,28,210
04/27/2011,GRR,MI,AGL,CE,Combined TRACON& Tower with Radar,52,99,67,0,218,0,1,4,0,5,52,100,71,0,223,8,0,8,231
04/28/2011,GRR,MI,AGL,CE,Combined TRACON& Tower with Radar,57,104,68,0,229,0,0,7,1,8,57,104,75,1,237,6,0,6,243
04/29/2011,GRR,MI,AGL,CE,Combined TRACON& Tower with Radar,52,102,48,28,230,0,5,57,0,62,52,107,105,28,292,110,30,140,432
04/30/2011,GRR,MI,AGL,CE,Combined TRACON& Tower with Radar,37,61,28,0,126,0,5,40,1,46,37,66,68,1,172,20,0,20,192
05/01/2011,GRR,MI,AGL,CE,Combined TRACON& Tower with Radar,48,74,27,0,149,0,0,14,1,15,48,74,41,1,164,0,0,0,164
05/02/2011,GRR,MI,AGL,CE,Combined TRACON& Tower with Radar,50,100,44,0,194,0,3,30,0,33,50,103,74,0,227,38,0,38,265
05/03/2011,GRR,MI,AGL,CE,Combined TRACON& Tower with Radar,45,99,67,2,213,0,2,32,0,34,45,101,99,2,247,0,0,0,247
05/04/2011,GRR,MI,AGL,CE,Combined TRACON& Tower with Radar,44,102,53,14,213,0,6,42,0,48,44,108,95,14,261,78,20,98,359
05/05/2011,GRR,MI,AGL,CE,Combined TRACON& Tower with Radar,51,105,77,4,237,0,2,60,0,62,51,107,137,4,299,44,0,44,343
05/06/2011,GRR,MI,AGL,CE,Combined TRACON& Tower with Radar,47,107,48,0,202,0,3,38,0,41,47,110,86,0,243,20,0,20,263
05/07/2011,GRR,MI,AGL,CE,Combined TRACON& Tower with Radar,35,61,26,0,122,0,1,49,0,50,35,62,75,0,172,36,0,36,208
05/08/2011,GRR,MI,AGL,CE,Combined TRACON& Tower with Radar,49,72,19,0,140,0,3,37,0,40,49,75,56,0,180,28,0,28,208
05/09/2011,GRR,MI,AGL,CE,Combined TRACON& Tower with Radar,43,97,70,0,210,1,2,29,0,32,44,99,99,0,242,22,0,22,264
05/10/2011,GRR,MI,AGL,CE,Combined TRACON& Tower with Radar,42,96,59,0,197,0,2,24,0,26,42,98,83,0,223,68,0,68,291
05/11/2011,GRR,MI,AGL,CE,Combined TRACON& Tower with Radar,46,95,74,0,215,0,1,42,2,45,46,96,116,2,260,224,0,224,484
05/12/2011,GRR,MI,AGL,CE,Combined TRACON& Tower with Radar,46,106,76,35,263,0,1,28,0,29,46,107,104,35,292,38,34,72,364
05/13/2011,GRR,MI,AGL,CE,Combined TRACON& Tower with Radar,47,97,66,2,212,0,0,61,0,61,47,97,127,2,273,112,12,124,397
05/14/2011,GRR,MI,AGL,CE,Combined TRACON& Tower with Radar,36,56,39,0,131,0,0,1,0,1,36,56,40,0,132,0,0,0,132
05/15/2011,GRR,MI,AGL,CE,Combined TRACON& Tower with Radar,47,73,22,0,142,0,0,10,0,10,47,73,32,0,152,26,0,26,178
05/16/2011,GRR,MI,AGL,CE,Combined TRACON& Tower with Radar,43,106,57,4,210,0,3,61,0,64,43,109,118,4,274,54,0,54,328
05/17/2011,GRR,MI,AGL,CE,Combined TRACON& Tower with Radar,42,96,69,0,207,0,1,38,0,39,42,97,107,0,246,28,0,28,274
05/18/2011,GRR,MI,AGL,CE,Combined TRACON& Tower with Radar,44,91,98,2,235,0,0,2,0,2,44,91,100,2,237,0,0,0,237
05/19/2011,GRR,MI,AGL,CE,Combined TRACON& Tower with Radar,47,101,70,0,218,0,2,8,0,10,47,103,78,0,228,46,0,46,274
05/20/2011,GRR,MI,AGL,CE,Combined TRACON& Tower with Radar,48,98,60,0,206,0,0,34,0,34,48,98,94,0,240,0,0,0,240
05/21/2011,GRR,MI,AGL,CE,Combined TRACON& Tower with Radar,35,58,19,0,112,0,3,44,0,47,35,61,63,0,159,0,0,0,159
05/22/2011,GRR,MI,AGL,CE,Combined TRACON& Tower with Radar,54,73,22,0,149,0,2,13,1,16,54,75,35,1,165,2,0,2,167
05/23/2011,GRR,MI,AGL,CE,Combined TRACON& Tower with Radar,51,96,46,2,195,0,2,8,2,12,51,98,54,4,207,0,10,10,217
05/24/2011,GRR,MI,AGL,CE,Combined TRACON& Tower with Radar,39,96,71,37,243,0,2,68,4,74,39,98,139,41,317,36,82,118,435
05/25/2011,GRR,MI,AGL,CE,Combined TRACON& Tower with Radar,43,83,53,0,179,0,0,2,0,2,43,83,55,0,181,0,0,0,181
05/26/2011,GRR,MI,AGL,CE,Combined TRACON& Tower with Radar,55,91,79,8,233,0,2,6,0,8,55,93,85,8,241,6,0,6,247
05/27/2011,GRR,MI,AGL,CE,Combined TRACON& Tower with Radar,51,98,64,0,213,0,2,44,0,46,51,100,108,0,259,34,0,34,293
05/28/2011,GRR,MI,AGL,CE,Combined TRACON& Tower with Radar,30,57,38,0,125,0,0,6,0,6,30,57,44,0,131,0,0,0,131
05/29/2011,GRR,MI,AGL,CE,Combined TRACON& Tower with Radar,33,49,14,0,96,0,0,13,0,13,33,49,27,0,109,0,0,0,109
05/30/2011,GRR,MI,AGL,CE,Combined TRACON& Tower with Radar,44,73,24,0,141,0,1,21,2,24,44,74,45,2,165,0,24,24,189
05/31/2011,GRR,MI,AGL,CE,Combined TRACON& Tower with Radar,45,100,61,12,218,0,2,29,0,31,45,102,90,12,249,44,24,68,317
06/01/2011,GRR,MI,AGL,CE,Combined TRACON& Tower with Radar,43,103,61,2,209,0,2,43,0,45,43,105,104,2,254,0,0,0,254
06/02/2011,GRR,MI,AGL,CE,Combined TRACON& Tower with Radar,50,99,80,21,250,0,0,68,0,68,50,99,148,21,318,42,66,108,426
06/03/2011,GRR,MI,AGL,CE,Combined TRACON& Tower with Radar,45,102,47,2,196,0,1,38,0,39,45,103,85,2,235,26,2,28,263
06/04/2011,GRR,MI,AGL,CE,Combined TRACON& Tower with Radar,39,63,24,0,126,0,4,57,0,61,39,67,81,0,187,48,0,48,235
06/05/2011,GRR,MI,AGL,CE,Combined TRACON& Tower with Radar,45,71,28,0,144,0,1,43,0,44,45,72,71,0,188,50,0,50,238
06/06/2011,GRR,MI,AGL,CE,Combined TRACON& Tower with Radar,44,93,53,0,190,0,0,53,0,53,44,93,106,0,243,14,0,14,257
06/07/2011,GRR,MI,AGL,CE,Combined TRACON& Tower with Radar,49,99,61,12,221,0,3,50,0,53,49,102,111,12,274,6,46,52,326
06/08/2011,GRR,MI,AGL,CE,Combined TRACON& Tower with Radar,44,100,71,1,216,0,2,19,1,22,44,102,90,2,238,0,0,0,238
06/09/2011,GRR,MI,AGL,CE,Combined TRACON& Tower with Radar,62,88,88,19,257,0,2,45,0,47,62,90,133,19,304,62,16,78,382
06/10/2011,GRR,MI,AGL,CE,Combined TRACON& Tower with Radar,51,78,40,0,169,0,0,1,0,1,51,78,41,0,170,0,0,0,170
06/11/2011,GRR,MI,AGL,CE,Combined TRACON& Tower with Radar,40,59,10,0,109,0,2,19,0,21,40,61,29,0,130,20,0,20,150
06/12/2011,GRR,MI,AGL,CE,Combined TRACON& Tower with Radar,45,64,24,0,133,0,0,28,3,31,45,64,52,3,164,38,0,38,202
06/13/2011,GRR,MI,AGL,CE,Combined TRACON& Tower with Radar,50,90,70,2,212,0,1,77,0,78,50,91,147,2,290,44,0,44,334
06/14/2011,GRR,MI,AGL,CE,Combined TRACON& Tower with Radar,53,89,77,0,219,0,3,79,0,82,53,92,156,0,301,114,0,114,415
06/15/2011,GRR,MI,AGL,CE,Combined TRACON& Tower with Radar,53,93,64,18,228,0,3,56,0,59,53,96,120,18,287,24,20,44,331
06/16/2011,GRR,MI,AGL,CE,Combined TRACON& Tower with Radar,54,97,88,2,241,0,0,36,0,36,54,97,124,2,277,46,0,46,323
06/17/2011,GRR,MI,AGL,CE,Combined TRACON& Tower with Radar,51,86,60,2,199,0,1,42,1,44,51,87,102,3,243,36,0,36,279
06/18/2011,GRR,MI,AGL,CE,Combined TRACON& Tower with Radar,42,63,27,0,132,0,1,38,0,39,42,64,65,0,171,66,0,66,237
06/19/2011,GRR,MI,AGL,CE,Combined TRACON& Tower with Radar,50,65,21,0,136,0,4,26,1,31,50,69,47,1,167,42,0,42,209
06/20/2011,GRR,MI,AGL,CE,Combined TRACON& Tower with Radar,50,91,55,0,196,0,1,22,0,23,50,92,77,0,219,16,0,16,235
06/21/2011,GRR,MI,AGL,CE,Combined TRACON& Tower with Radar,50,78,72,3,203,0,2,19,0,21,50,80,91,3,224,26,0,26,250
06/22/2011,GRR,MI,AGL,CE,Combined TRACON& Tower with Radar,49,96,74,0,219,0,0,55,0,55,49,96,129,0,274,98,0,98,372
06/23/2011,GRR,MI,AGL,CE,Combined TRACON& Tower with Radar,49,98,85,0,232,0,0,0,0,0,49,98,85,0,232,34,0,34,266
06/24/2011,GRR,MI,AGL,CE,Combined TRACON& Tower with Radar,48,90,47,0,185,0,1,15,0,16,48,91,62,0,201,64,0,64,265
06/25/2011,GRR,MI,AGL,CE,Combined TRACON& Tower with Radar,41,62,35,0,138,0,4,64,0,68,41,66,99,0,206,64,0,64,270
06/26/2011,GRR,MI,AGL,CE,Combined TRACON& Tower with Radar,49,73,18,0,140,0,2,40,0,42,49,75,58,0,182,50,0,50,232
06/27/2011,GRR,MI,AGL,CE,Combined TRACON& Tower with Radar,55,93,58,2,208,0,2,30,0,32,55,95,88,2,240,18,0,18,258
06/28/2011,GRR,MI,AGL,CE,Combined TRACON& Tower with Radar,53,94,69,14,230,0,4,40,0,44,53,98,109,14,274,28,24,52,326
06/29/2011,GRR,MI,AGL,CE,Combined TRACON& Tower with Radar,51,98,80,4,233,0,1,60,2,63,51,99,140,6,296,74,16,90,386
06/30/2011,GRR,MI,AGL,CE,Combined TRACON& Tower with Radar,56,85,61,0,202,0,2,52,0,54,56,87,113,0,256,54,0,54,310
07/01/2011,GRR,MI,AGL,CE,Combined TRACON& Tower with Radar,54,84,32,0,170,0,1,10,0,11,54,85,42,0,181,0,0,0,181
07/02/2011,GRR,MI,AGL,CE,Combined TRACON& Tower with Radar,48,62,18,0,128,0,3,18,0,21,48,65,36,0,149,76,0,76,225
07/03/2011,GRR,MI,AGL,CE,Combined TRACON& Tower with Radar,40,58,10,0,108,0,5,29,0,34,40,63,39,0,142,14,0,14,156
07/04/2011,GRR,MI,AGL,CE,Combined TRACON& Tower with Radar,42,64,12,0,118,0,3,32,0,35,42,67,44,0,153,0,0,0,153
07/05/2011,GRR,MI,AGL,CE,Combined TRACON& Tower with Radar,46,92,33,18,189,0,1,72,0,73,46,93,105,18,262,114,24,138,400
07/06/2011,GRR,MI,AGL,CE,Combined TRACON& Tower with Radar,49,90,36,12,187,0,1,30,0,31,49,91,66,12,218,30,14,44,262
07/07/2011,GRR,MI,AGL,CE,Combined TRACON& Tower with Radar,58,94,56,21,229,0,2,67,1,70,58,96,123,22,299,60,14,74,373
07/08/2011,GRR,MI,AGL,CE,Combined TRACON& Tower with Radar,53,89,32,0,174,0,4,60,0,64,53,93,92,0,238,50,0,50,288
07/09/2011,GRR,MI,AGL,CE,Combined TRACON& Tower with Radar,37,64,23,6,130,0,2,29,0,31,37,66,52,6,161,40,8,48,209
07/10/2011,GRR,MI,AGL,CE,Combined TRACON& Tower with Radar,49,75,22,0,146,0,0,16,0,16,49,75,38,0,162,28,0,28,190
07/11/2011,GRR,MI,AGL,CE,Combined TRACON& Tower with Radar,49,92,29,2,172,0,4,31,0,35,49,96,60,2,207,10,0,10,217
07/12/2011,GRR,MI,AGL,CE,Combined TRACON& Tower with Radar,53,94,50,0,197,0,3,40,0,43,53,97,90,0,240,26,0,26,266
07/13/2011,GRR,MI,AGL,CE,Combined TRACON& Tower with Radar,52,93,65,12,222,0,3,70,2,75,52,96,135,14,297,18,16,34,331
07/14/2011,GRR,MI,AGL,CE,Combined TRACON& Tower with Radar,52,99,79,10,240,0,2,41,0,43,52,101,120,10,283,8,12,20,303
07/15/2011,GRR,MI,AGL,CE,Combined TRACON& Tower with Radar,53,89,51,19,212,0,2,58,0,60,53,91,109,19,272,12,16,28,300
07/16/2011,GRR,MI,AGL,CE,Combined TRACON& Tower with Radar,40,63,17,0,120,0,2,39,1,42,40,65,56,1,162,10,0,10,172
07/17/2011,GRR,MI,AGL,CE,Combined TRACON& Tower with Radar,49,77,30,0,156,0,2,21,0,23,49,79,51,0,179,0,0,0,179
07/18/2011,GRR,MI,AGL,CE,Combined TRACON& Tower with Radar,60,91,57,0,208,0,0,15,0,15,60,91,72,0,223,8,0,8,231
07/19/2011,GRR,MI,AGL,CE,Combined TRACON& Tower with Radar,54,92,56,16,218,0,1,26,0,27,54,93,82,16,245,34,14,48,293
07/20/2011,GRR,MI,AGL,CE,Combined TRACON& Tower with Radar,52,101,64,0,217,0,2,46,0,48,52,103,110,0,265,38,0,38,303
07/21/2011,GRR,MI,AGL,CE,Combined TRACON& Tower with Radar,55,97,48,8,208,0,4,49,0,53,55,101,97,8,261,30,0,30,291
07/22/2011,GRR,MI,AGL,CE,Combined TRACON& Tower with Radar,51,82,50,0,183,0,1,24,0,25,51,83,74,0,208,18,0,18,226
07/23/2011,GRR,MI,AGL,CE,Combined TRACON& Tower with Radar,36,61,24,0,121,0,3,16,0,19,36,64,40,0,140,0,0,0,140
07/24/2011,GRR,MI,AGL,CE,Combined TRACON& Tower with Radar,50,70,30,0,150,0,2,13,0,15,50,72,43,0,165,0,0,0,165
07/25/2011,GRR,MI,AGL,CE,Combined TRACON& Tower with Radar,49,100,44,1,194,0,4,45,0,49,49,104,89,1,243,78,0,78,321
07/26/2011,GRR,MI,AGL,CE,Combined TRACON& Tower with Radar,49,96,58,0,203,0,1,53,0,54,49,97,111,0,257,16,0,16,273
07/27/2011,GRR,MI,AGL,CE,Combined TRACON& Tower with Radar,50,79,66,0,195,0,0,25,0,25,50,79,91,0,220,0,0,0,220
07/28/2011,GRR,MI,AGL,CE,Combined TRACON& Tower with Radar,50,89,75,0,214,0,3,20,1,24,50,92,95,1,238,16,0,16,254
07/29/2011,GRR,MI,AGL,CE,Combined TRACON& Tower with Radar,52,91,42,0,185,0,1,23,0,24,52,92,65,0,209,42,0,42,251
07/30/2011,GRR,MI,AGL,CE,Combined TRACON& Tower with Radar,38,69,22,0,129,0,6,55,0,61,38,75,77,0,190,10,0,10,200
07/31/2011,GRR,MI,AGL,CE,Combined TRACON& Tower with Radar,47,80,34,2,163,0,1,29,0,30,47,81,63,2,193,0,0,0,193
08/01/2011,GRR,MI,AGL,CE,Combined TRACON& Tower with Radar,46,86,26,2,160,0,1,46,0,47,46,87,72,2,207,26,0,26,233
08/02/2011,GRR,MI,AGL,CE,Combined TRACON& Tower with Radar,53,90,58,0,201,0,1,19,0,20,53,91,77,0,221,0,0,0,221
08/03/2011,GRR,MI,AGL,CE,Combined TRACON& Tower with Radar,51,93,68,8,220,0,5,29,0,34,51,98,97,8,254,32,0,32,286
08/04/2011,GRR,MI,AGL,CE,Combined TRACON& Tower with Radar,52,100,99,5,256,0,2,32,1,35,52,102,131,6,291,44,0,44,335
08/05/2011,GRR,MI,AGL,CE,Combined TRACON& Tower with Radar,57,94,39,4,194,0,2,46,0,48,57,96,85,4,242,38,0,38,280
08/06/2011,GRR,MI,AGL,CE,Combined TRACON& Tower with Radar,36,68,10,0,114,0,1,24,2,27,36,69,34,2,141,0,0,0,141
08/07/2011,GRR,MI,AGL,CE,Combined TRACON& Tower with Radar,52,62,34,0,148,0,1,16,0,17,52,63,50,0,165,6,0,6,171
08/08/2011,GRR,MI,AGL,CE,Combined TRACON& Tower with Radar,51,89,49,5,194,0,0,19,2,21,51,89,68,7,215,84,0,84,299
08/09/2011,GRR,MI,AGL,CE,Combined TRACON& Tower with Radar,53,101,73,7,234,0,4,18,0,22,53,105,91,7,256,16,0,16,272
08/10/2011,GRR,MI,AGL,CE,Combined TRACON& Tower with Radar,52,100,74,1,227,0,1,53,4,58,52,101,127,5,285,24,8,32,317
08/11/2011,GRR,MI,AGL,CE,Combined TRACON& Tower with Radar,55,99,64,7,225,0,1,39,1,41,55,100,103,8,266,64,0,64,330
08/12/2011,GRR,MI,AGL,CE,Combined TRACON& Tower with Radar,54,94,39,11,198,0,5,63,1,69,54,99,102,12,267,76,0,76,343
08/13/2011,GRR,MI,AGL,CE,Combined TRACON& Tower with Radar,38,62,11,1,112,0,1,48,0,49,38,63,59,1,161,6,0,6,167
08/14/2011,GRR,MI,AGL,CE,Combined TRACON& Tower with Radar,52,65,19,0,136,0,2,6,0,8,52,67,25,0,144,0,0,0,144
08/15/2011,GRR,MI,AGL,CE,Combined TRACON& Tower with Radar,55,89,47,0,191,0,2,46,0,48,55,91,93,0,239,28,0,28,267
08/16/2011,GRR,MI,AGL,CE,Combined TRACON& Tower with Radar,48,94,60,3,205,0,1,49,1,51,48,95,109,4,256,26,0,26,282
08/17/2011,GRR,MI,AGL,CE,Combined TRACON& Tower with Radar,44,99,69,0,212,0,2,57,0,59,44,101,126,0,271,96,0,96,367
08/18/2011,GRR,MI,AGL,CE,Combined TRACON& Tower with Radar,48,100,75,22,245,0,1,46,0,47,48,101,121,22,292,18,18,36,328
08/19/2011,GRR,MI,AGL,CE,Combined TRACON& Tower with Radar,48,100,63,8,219,0,2,70,0,72,48,102,133,8,291,104,10,114,405
08/20/2011,GRR,MI,AGL,CE,Combined TRACON& Tower with Radar,31,57,33,0,121,0,3,34,0,37,31,60,67,0,158,52,0,52,210
08/21/2011,GRR,MI,AGL,CE,Combined TRACON& Tower with Radar,44,74,27,7,152,0,2,39,0,41,44,76,66,7,193,0,10,10,203
08/22/2011,GRR,MI,AGL,CE,Combined TRACON& Tower with Radar,46,93,37,1,177,0,0,55,0,55,46,93,92,1,232,66,0,66,298
08/23/2011,GRR,MI,AGL,CE,Combined TRACON& Tower with Radar,53,99,61,11,224,0,0,37,0,37,53,99,98,11,261,0,0,0,261
08/24/2011,GRR,MI,AGL,CE,Combined TRACON& Tower with Radar,51,101,65,14,231,0,1,19,0,20,51,102,84,14,251,94,18,112,363
08/25/2011,GRR,MI,AGL,CE,Combined TRACON& Tower with Radar,48,99,82,1,230,0,0,85,0,85,48,99,167,1,315,126,0,126,441
08/26/2011,GRR,MI,AGL,CE,Combined TRACON& Tower with Radar,47,98,34,0,179,0,3,75,0,78,47,101,109,0,257,50,0,50,307
08/27/2011,GRR,MI,AGL,CE,Combined TRACON& Tower with Radar,28,57,19,0,104,0,4,102,0,106,28,61,121,0,210,0,0,0,210
08/28/2011,GRR,MI,AGL,CE,Combined TRACON& Tower with Radar,42,68,33,0,143,0,1,39,0,40,42,69,72,0,183,72,0,72,255
08/29/2011,GRR,MI,AGL,CE,Combined TRACON& Tower with Radar,46,95,53,0,194,0,1,48,0,49,46,96,101,0,243,54,0,54,297
08/30/2011,GRR,MI,AGL,CE,Combined TRACON& Tower with Radar,46,88,74,2,210,0,3,55,0,58,46,91,129,2,268,22,0,22,290
08/31/2011,GRR,MI,AGL,CE,Combined TRACON& Tower with Radar,48,92,63,10,213,0,2,55,0,57,48,94,118,10,270,0,0,0,270
09/01/2011,GRR,MI,AGL,CE,Combined TRACON& Tower with Radar,51,98,49,0,198,0,3,45,0,48,51,101,94,0,246,94,0,94,340
09/02/2011,GRR,MI,AGL,CE,Combined TRACON& Tower with Radar,49,93,21,0,163,0,1,26,0,27,49,94,47,0,190,26,0,26,216
09/03/2011,GRR,MI,AGL,CE,Combined TRACON& Tower with Radar,35,52,11,0,98,0,2,22,0,24,35,54,33,0,122,0,0,0,122
09/04/2011,GRR,MI,AGL,CE,Combined TRACON& Tower with Radar,32,54,9,0,95,0,1,6,0,7,32,55,15,0,102,14,0,14,116
09/05/2011,GRR,MI,AGL,CE,Combined TRACON& Tower with Radar,39,77,24,0,140,0,3,20,0,23,39,80,44,0,163,58,0,58,221
09/06/2011,GRR,MI,AGL,CE,Combined TRACON& Tower with Radar,40,86,57,0,183,0,1,49,0,50,40,87,106,0,233,50,0,50,283
09/07/2011,GRR,MI,AGL,CE,Combined TRACON& Tower with Radar,45,84,58,6,193,0,1,45,0,46,45,85,103,6,239,46,6,52,291
09/08/2011,GRR,MI,AGL,CE,Combined TRACON& Tower with Radar,48,91,89,0,228,0,5,35,0,40,48,96,124,0,268,12,0,12,280
09/09/2011,GRR,MI,AGL,CE,Combined TRACON& Tower with Radar,46,86,77,2,211,0,2,41,0,43,46,88,118,2,254,28,0,28,282
09/10/2011,GRR,MI,AGL,CE,Combined TRACON& Tower with Radar,32,59,37,0,128,0,2,33,0,35,32,61,70,0,163,28,0,28,191
09/11/2011,GRR,MI,AGL,CE,Combined TRACON& Tower with Radar,35,74,19,0,128,0,1,22,1,24,35,75,41,1,152,35,0,35,187
09/12/2011,GRR,MI,AGL,CE,Combined TRACON& Tower with Radar,45,93,55,0,193,0,4,31,0,35,45,97,86,0,228,0,0,0,228
09/13/2011,GRR,MI,AGL,CE,Combined TRACON& Tower with Radar,42,87,73,0,202,0,1,23,0,24,42,88,96,0,226,62,0,62,288
09/14/2011,GRR,MI,AGL,CE,Combined TRACON& Tower with Radar,44,92,98,0,234,0,2,34,0,36,44,94,132,0,270,40,0,40,310
09/15/2011,GRR,MI,AGL,CE,Combined TRACON& Tower with Radar,47,101,77,10,235,0,6,41,0,47,47,107,118,10,282,60,26,86,368
09/16/2011,GRR,MI,AGL,CE,Combined TRACON& Tower with Radar,48,93,64,0,205,0,2,43,0,45,48,95,107,0,250,40,0,40,290
09/17/2011,GRR,MI,AGL,CE,Combined TRACON& Tower with Radar,33,54,22,0,109,0,2,42,0,44,33,56,64,0,153,0,0,0,153
09/18/2011,GRR,MI,AGL,CE,Combined TRACON& Tower with Radar,37,71,28,0,136,0,2,13,0,15,37,73,41,0,151,38,0,38,189
09/19/2011,GRR,MI,AGL,CE,Combined TRACON& Tower with Radar,45,90,62,0,197,0,1,2,0,3,45,91,64,0,200,0,0,0,200
09/20/2011,GRR,MI,AGL,CE,Combined TRACON& Tower with Radar,49,82,83,3,217,0,1,39,1,41,49,83,122,4,258,74,4,78,336
09/21/2011,GRR,MI,AGL,CE,Combined TRACON& Tower with Radar,47,82,61,14,204,0,1,22,0,23,47,83,83,14,227,52,12,64,291
09/22/2011,GRR,MI,AGL,CE,Combined TRACON& Tower with Radar,48,97,80,1,226,0,4,37,1,42,48,101,117,2,268,48,36,84,352
09/23/2011,GRR,MI,AGL,CE,Combined TRACON& Tower with Radar,44,100,62,22,228,0,2,35,0,37,44,102,97,22,265,84,0,84,349
09/24/2011,GRR,MI,AGL,CE,Combined TRACON& Tower with Radar,35,49,26,0,110,0,1,23,0,24,35,50,49,0,134,24,0,24,158
09/25/2011,GRR,MI,AGL,CE,Combined TRACON& Tower with Radar,42,74,30,0,146,0,1,26,0,27,42,75,56,0,173,30,0,30,203
09/26/2011,GRR,MI,AGL,CE,Combined TRACON& Tower with Radar,45,93,47,0,185,0,0,17,0,17,45,93,64,0,202,47,0,47,249
09/27/2011,GRR,MI,AGL,CE,Combined TRACON& Tower with Radar,49,79,78,0,206,0,1,39,0,40,49,80,117,0,246,0,0,0,246
09/28/2011,GRR,MI,AGL,CE,Combined TRACON& Tower with Radar,48,83,62,1,194,0,0,4,1,5,48,83,66,2,199,74,0,74,273
09/29/2011,GRR,MI,AGL,CE,Combined TRACON& Tower with Radar,58,88,64,12,222,0,0,2,0,2,58,88,66,12,224,6,12,18,242
09/30/2011,GRR,MI,AGL,CE,Combined TRACON& Tower with Radar,57,88,38,2,185,0,1,5,1,7,57,89,43,3,192,110,30,140,332
10/01/2011,GRR,MI,AGL,CE,Combined TRACON& Tower with Radar,36,44,33,0,113,0,1,34,2,37,36,45,67,2,150,32,0,32,182
10/02/2011,GRR,MI,AGL,CE,Combined TRACON& Tower with Radar,38,70,29,0,137,0,5,35,0,40,38,75,64,0,177,20,0,20,197
10/03/2011,GRR,MI,AGL,CE,Combined TRACON& Tower with Radar,42,93,40,0,175,0,2,47,0,49,42,95,87,0,224,18,0,18,242
10/04/2011,GRR,MI,AGL,CE,Combined TRACON& Tower with Radar,39,88,76,0,203,0,1,62,0,63,39,89,138,0,266,76,0,76,342
10/05/2011,GRR,MI,AGL,CE,Combined TRACON& Tower with Radar,41,86,69,4,200,0,0,62,0,62,41,86,131,4,262,88,6,94,356
10/06/2011,GRR,MI,AGL,CE,Combined TRACON& Tower with Radar,44,93,94,0,231,0,1,98,2,101,44,94,192,2,332,118,0,118,450
10/07/2011,GRR,MI,AGL,CE,Combined TRACON& Tower with Radar,48,98,53,1,200,0,1,63,0,64,48,99,116,1,264,62,0,62,326
10/08/2011,GRR,MI,AGL,CE,Combined TRACON& Tower with Radar,33,51,37,0,121,0,2,56,0,58,33,53,93,0,179,60,0,60,239
10/09/2011,GRR,MI,AGL,CE,Combined TRACON& Tower with Radar,44,58,38,3,143,0,1,43,0,44,44,59,81,3,187,0,0,0,187
10/10/2011,GRR,MI,AGL,CE,Combined TRACON& Tower with Radar,47,80,49,0,176,0,3,63,0,66,47,83,112,0,242,34,0,34,276
10/11/2011,GRR,MI,AGL,CE,Combined TRACON& Tower with Radar,44,83,76,11,214,0,2,51,0,53,44,85,127,11,267,76,22,98,365
10/12/2011,GRR,MI,AGL,CE,Combined TRACON& Tower with Radar,45,89,68,3,205,0,3,55,0,58,45,92,123,3,263,58,0,58,321
10/13/2011,GRR,MI,AGL,CE,Combined TRACON& Tower with Radar,43,94,60,0,197,0,0,4,0,4,43,94,64,0,201,30,0,30,231
10/14/2011,GRR,MI,AGL,CE,Combined TRACON& Tower with Radar,43,92,64,3,202,0,2,9,0,11,43,94,73,3,213,18,0,18,231
10/15/2011,GRR,MI,AGL,CE,Combined TRACON& Tower with Radar,30,50,24,0,104,0,1,2,0,3,30,51,26,0,107,0,0,0,107
10/16/2011,GRR,MI,AGL,CE,Combined TRACON& Tower with Radar,44,68,35,1,148,0,0,16,0,16,44,68,51,1,164,8,0,8,172
10/17/2011,GRR,MI,AGL,CE,Combined TRACON& Tower with Radar,45,95,60,0,200,0,2,19,0,21,45,97,79,0,221,14,0,14,235
10/18/2011,GRR,MI,AGL,CE,Combined TRACON& Tower with Radar,45,85,71,19,220,0,3,40,0,43,45,88,111,19,263,56,22,78,341
10/19/2011,GRR,MI,AGL,CE,Combined TRACON& Tower with Radar,44,81,46,0,171,0,1,0,0,1,44,82,46,0,172,0,0,0,172
10/20/2011,GRR,MI,AGL,CE,Combined TRACON& Tower with Radar,45,95,51,0,191,0,0,1,0,1,45,95,52,0,192,10,0,10,202
10/21/2011,GRR,MI,AGL,CE,Combined TRACON& Tower with Radar,49,89,57,1,196,0,1,32,0,33,49,90,89,1,229,12,0,12,241
10/22/2011,GRR,MI,AGL,CE,Combined TRACON& Tower with Radar,30,50,26,1,107,0,1,49,0,50,30,51,75,1,157,20,0,20,177
10/23/2011,GRR,MI,AGL,CE,Combined TRACON& Tower with Radar,42,69,29,3,143,0,1,38,0,39,42,70,67,3,182,6,0,6,188
10/24/2011,GRR,MI,AGL,CE,Combined TRACON& Tower with Radar,44,84,51,3,182,0,2,50,0,52,44,86,101,3,234,26,0,26,260
10/25/2011,GRR,MI,AGL,CE,Combined TRACON& Tower with Radar,42,82,59,2,185,0,0,34,0,34,42,82,93,2,219,40,0,40,259
10/26/2011,GRR,MI,AGL,CE,Combined TRACON& Tower with Radar,43,84,93,1,221,0,1,1,1,3,43,85,94,2,224,0,0,0,224
10/27/2011,GRR,MI,AGL,CE,Combined TRACON& Tower with Radar,47,96,64,14,221,0,2,13,0,15,47,98,77,14,236,46,22,68,304
10/28/2011,GRR,MI,AGL,CE,Combined TRACON& Tower with Radar,43,92,53,0,188,0,1,39,0,40,43,93,92,0,228,36,0,36,264
10/29/2011,GRR,MI,AGL,CE,Combined TRACON& Tower with Radar,27,48,18,0,93,0,0,42,0,42,27,48,60,0,135,0,0,0,135
10/30/2011,GRR,MI,AGL,CE,Combined TRACON& Tower with Radar,42,64,17,0,123,0,1,27,0,28,42,65,44,0,151,32,0,32,183
10/31/2011,GRR,MI,AGL,CE,Combined TRACON& Tower with Radar,47,89,27,0,163,0,4,22,0,26,47,93,49,0,189,32,0,32,221
11/01/2011,GRR,MI,AGL,CE,Combined TRACON& Tower with Radar,49,79,78,10,216,0,5,49,0,54,49,84,127,10,270,52,0,52,322
11/02/2011,GRR,MI,AGL,CE,Combined TRACON& Tower with Radar,44,84,70,10,208,0,1,49,0,50,44,85,119,10,258,60,14,74,332
11/03/2011,GRR,MI,AGL,CE,Combined TRACON& Tower with Radar,44,89,79,0,212,0,2,13,0,15,44,91,92,0,227,76,0,76,303
11/04/2011,GRR,MI,AGL,CE,Combined TRACON& Tower with Radar,45,90,54,0,189,0,5,52,0,57,45,95,106,0,246,60,0,60,306
11/05/2011,GRR,MI,AGL,CE,Combined TRACON& Tower with Radar,35,53,30,0,118,0,1,73,0,74,35,54,103,0,192,72,0,72,264
11/06/2011,GRR,MI,AGL,CE,Combined TRACON& Tower with Radar,36,73,29,0,138,0,0,14,0,14,36,73,43,0,152,0,0,0,152
11/07/2011,GRR,MI,AGL,CE,Combined TRACON& Tower with Radar,37,102,56,0,195,0,0,34,0,34,37,102,90,0,229,32,0,32,261
11/08/2011,GRR,MI,AGL,CE,Combined TRACON& Tower with Radar,35,98,46,11,190,0,0,0,0,0,35,98,46,11,190,2,0,2,192
11/09/2011,GRR,MI,AGL,CE,Combined TRACON& Tower with Radar,37,96,47,0,180,0,2,2,0,4,37,98,49,0,184,2,0,2,186
11/10/2011,GRR,MI,AGL,CE,Combined TRACON& Tower with Radar,46,94,48,2,190,0,0,1,0,1,46,94,49,2,191,0,0,0,191
11/11/2011,GRR,MI,AGL,CE,Combined TRACON& Tower with Radar,43,106,46,2,197,0,2,27,1,30,43,108,73,3,227,26,0,26,253
11/12/2011,GRR,MI,AGL,CE,Combined TRACON& Tower with Radar,35,51,26,0,112,0,3,71,0,74,35,54,97,0,186,40,0,40,226
11/13/2011,GRR,MI,AGL,CE,Combined TRACON& Tower with Radar,37,74,22,1,134,0,1,3,0,4,37,75,25,1,138,8,0,8,146
11/14/2011,GRR,MI,AGL,CE,Combined TRACON& Tower with Radar,42,90,57,1,190,2,2,32,0,36,44,92,89,1,226,6,0,6,232
11/15/2011,GRR,MI,AGL,CE,Combined TRACON& Tower with Radar,36,92,61,8,197,0,4,41,0,45,36,96,102,8,242,48,10,58,300
11/16/2011,GRR,MI,AGL,CE,Combined TRACON& Tower with Radar,40,86,64,0,190,0,3,37,0,40,40,89,101,0,230,58,0,58,288
11/17/2011,GRR,MI,AGL,CE,Combined TRACON& Tower with Radar,45,92,67,0,204,0,1,11,0,12,45,93,78,0,216,2,0,2,218
11/18/2011,GRR,MI,AGL,CE,Combined TRACON& Tower with Radar,42,104,49,0,195,0,5,18,0,23,42,109,67,0,218,10,0,10,228
11/19/2011,GRR,MI,AGL,CE,Combined TRACON& Tower with Radar,35,51,19,0,105,0,0,26,0,26,35,51,45,0,131,4,0,4,135
11/20/2011,GRR,MI,AGL,CE,Combined TRACON& Tower with Radar,37,70,35,0,142,0,2,45,0,47,37,72,80,0,189,0,0,0,189
11/21/2011,GRR,MI,AGL,CE,Combined TRACON& Tower with Radar,37,101,56,0,194,0,2,79,0,81,37,103,135,0,275,38,0,38,313
11/22/2011,GRR,MI,AGL,CE,Combined TRACON& Tower with Radar,44,91,53,6,194,0,0,26,0,26,44,91,79,6,220,30,12,42,262
11/23/2011,GRR,MI,AGL,CE,Combined TRACON& Tower with Radar,42,97,35,0,174,0,1,57,0,58,42,98,92,0,232,44,0,44,276
11/24/2011,GRR,MI,AGL,CE,Combined TRACON& Tower with Radar,30,40,4,0,74,0,2,1,0,3,30,42,5,0,77,0,0,0,77
11/25/2011,GRR,MI,AGL,CE,Combined TRACON& Tower with Radar,36,61,21,0,118,0,0,46,0,46,36,61,67,0,164,56,0,56,220
11/26/2011,GRR,MI,AGL,CE,Combined TRACON& Tower with Radar,34,70,14,0,118,0,3,8,0,11,34,73,22,0,129,0,0,0,129
11/27/2011,GRR,MI,AGL,CE,Combined TRACON& Tower with Radar,44,80,32,0,156,0,2,0,0,2,44,82,32,0,158,14,0,14,172
11/28/2011,GRR,MI,AGL,CE,Combined TRACON& Tower with Radar,44,92,63,0,199,0,0,26,0,26,44,92,89,0,225,74,0,74,299
11/29/2011,GRR,MI,AGL,CE,Combined TRACON& Tower with Radar,34,85,56,0,175,0,0,4,0,4,34,85,60,0,179,18,0,18,197
11/30/2011,GRR,MI,AGL,CE,Combined TRACON& Tower with Radar,33,97,70,11,211,0,2,46,1,49,33,99,116,12,260,138,20,158,418
12/01/2011,GRR,MI,AGL,CE,Combined TRACON& Tower with Radar,40,101,82,12,235,0,2,66,0,68,40,103,148,12,303,60,12,72,375
12/02/2011,GRR,MI,AGL,CE,Combined TRACON& Tower with Radar,43,97,56,11,207,0,1,51,0,52,43,98,107,11,259,0,0,0,259
12/03/2011,GRR,MI,AGL,CE,Combined TRACON& Tower with Radar,30,48,26,0,104,0,0,11,0,11,30,48,37,0,115,0,0,0,115
12/04/2011,GRR,MI,AGL,CE,Combined TRACON& Tower with Radar,39,76,18,0,133,0,0,0,0,0,39,76,18,0,133,18,16,34,167
12/05/2011,GRR,MI,AGL,CE,Combined TRACON& Tower with Radar,39,101,56,4,200,0,2,16,0,18,39,103,72,4,218,36,6,42,260
12/06/2011,GRR,MI,AGL,CE,Combined TRACON& Tower with Radar,34,88,72,0,194,0,2,25,2,29,34,90,97,2,223,48,6,54,277
12/07/2011,GRR,MI,AGL,CE,Combined TRACON& Tower with Radar,34,100,59,6,199,0,4,35,0,39,34,104,94,6,238,96,0,96,334
12/08/2011,GRR,MI,AGL,CE,Combined TRACON& Tower with Radar,39,102,63,1,205,0,3,28,1,32,39,105,91,2,237,30,0,30,267
12/09/2011,GRR,MI,AGL,CE,Combined TRACON& Tower with Radar,41,102,42,0,185,0,1,12,0,13,41,103,54,0,198,0,0,0,198
12/10/2011,GRR,MI,AGL,CE,Combined TRACON& Tower with Radar,30,49,26,0,105,0,1,29,0,30,30,50,55,0,135,14,0,14,149
12/11/2011,GRR,MI,AGL,CE,Combined TRACON& Tower with Radar,39,75,22,0,136,0,1,29,0,30,39,76,51,0,166,12,0,12,178
12/12/2011,GRR,MI,AGL,CE,Combined TRACON& Tower with Radar,39,96,65,0,200,0,6,26,0,32,39,102,91,0,232,4,0,4,236
12/13/2011,GRR,MI,AGL,CE,Combined TRACON& Tower with Radar,32,92,72,1,197,0,1,31,3,35,32,93,103,4,232,30,0,30,262
12/14/2011,GRR,MI,AGL,CE,Combined TRACON& Tower with Radar,39,85,56,0,180,0,0,0,0,0,39,85,56,0,180,18,0,18,198
12/15/2011,GRR,MI,AGL,CE,Combined TRACON& Tower with Radar,53,89,66,0,208,0,2,2,0,4,53,91,68,0,212,0,0,0,212
12/16/2011,GRR,MI,AGL,CE,Combined TRACON& Tower with Radar,58,88,51,0,197,0,4,28,0,32,58,92,79,0,229,42,0,42,271
12/17/2011,GRR,MI,AGL,CE,Combined TRACON& Tower with Radar,43,53,40,0,136,0,0,1,0,1,43,53,41,0,137,20,0,20,157
12/18/2011,GRR,MI,AGL,CE,Combined TRACON& Tower with Radar,53,63,27,0,143,0,1,22,0,23,53,64,49,0,166,22,0,22,188
12/19/2011,GRR,MI,AGL,CE,Combined TRACON& Tower with Radar,51,79,65,0,195,0,1,11,0,12,51,80,76,0,207,26,0,26,233
12/20/2011,GRR,MI,AGL,CE,Combined TRACON& Tower with Radar,53,84,54,0,191,0,0,29,0,29,53,84,83,0,220,66,0,66,286
12/21/2011,GRR,MI,AGL,CE,Combined TRACON& Tower with Radar,51,88,47,0,186,0,0,0,0,0,51,88,47,0,186,2,0,2,188
12/22/2011,GRR,MI,AGL,CE,Combined TRACON& Tower with Radar,52,77,55,0,184,0,0,13,0,13,52,77,68,0,197,4,0,4,201
12/23/2011,GRR,MI,AGL,CE,Combined TRACON& Tower with Radar,49,85,27,0,161,0,3,30,0,33,49,88,57,0,194,8,0,8,202
12/24/2011,GRR,MI,AGL,CE,Combined TRACON& Tower with Radar,40,50,8,0,98,0,2,6,0,8,40,52,14,0,106,0,0,0,106
12/25/2011,GRR,MI,AGL,CE,Combined TRACON& Tower with Radar,29,48,3,0,80,0,2,0,0,2,29,50,3,0,82,0,0,0,82
12/26/2011,GRR,MI,AGL,CE,Combined TRACON& Tower with Radar,44,64,42,0,150,0,1,27,0,28,44,65,69,0,178,28,0,28,206
12/27/2011,GRR,MI,AGL,CE,Combined TRACON& Tower with Radar,57,69,32,0,158,0,0,0,0,0,57,69,32,0,158,0,0,0,158
12/28/2011,GRR,MI,AGL,CE,Combined TRACON& Tower with Radar,56,86,27,2,171,0,1,24,0,25,56,87,51,2,196,16,16,32,228
12/29/2011,GRR,MI,AGL,CE,Combined TRACON& Tower with Radar,57,84,22,1,164,0,1,4,1,6,57,85,26,2,170,10,0,10,180
12/30/2011,GRR,MI,AGL,CE,Combined TRACON& Tower with Radar,50,75,21,0,146,0,0,2,0,2,50,75,23,0,148,8,0,8,156
12/31/2011,GRR,MI,AGL,CE,Combined TRACON& Tower with Radar,38,41,18,0,97,0,3,11,0,14,38,44,29,0,111,28,0,28,139
01/01/2012,GRR,MI,AGL,CE,Combined TRACON& Tower with Radar,40,49,3,0,92,0,1,0,0,1,40,50,3,0,93,0,0,0,93
01/02/2012,GRR,MI,AGL,CE,Combined TRACON& Tower with Radar,41,61,19,0,121,0,2,1,0,3,41,63,20,0,124,0,0,0,124
01/03/2012,GRR,MI,AGL,CE,Combined TRACON& Tower with Radar,46,81,49,0,176,0,5,29,0,34,46,86,78,0,210,38,0,38,248
01/04/2012,GRR,MI,AGL,CE,Combined TRACON& Tower with Radar,35,97,39,0,171,0,3,28,0,31,35,100,67,0,202,50,0,50,252
01/05/2012,GRR,MI,AGL,CE,Combined TRACON& Tower with Radar,42,90,48,16,196,0,2,43,3,48,42,92,91,19,244,38,16,54,298
01/06/2012,GRR,MI,AGL,CE,Combined TRACON& Tower with Radar,41,89,47,0,177,0,0,45,0,45,41,89,92,0,222,28,0,28,250
01/07/2012,GRR,MI,AGL,CE,Combined TRACON& Tower with Radar,28,50,42,0,120,0,0,37,0,37,28,50,79,0,157,66,0,66,223
01/08/2012,GRR,MI,AGL,CE,Combined TRACON& Tower with Radar,39,66,38,0,143,0,1,45,0,46,39,67,83,0,189,56,0,56,245
01/09/2012,GRR,MI,AGL,CE,Combined TRACON& Tower with Radar,41,91,27,1,160,0,3,8,1,12,41,94,35,2,172,26,0,26,198
01/10/2012,GRR,MI,AGL,CE,Combined TRACON& Tower with Radar,35,84,68,1,188,0,2,44,1,47,35,86,112,2,235,20,0,20,255
01/11/2012,GRR,MI,AGL,CE,Combined TRACON& Tower with Radar,31,89,54,2,176,0,0,34,2,36,31,89,88,4,212,76,0,76,288
01/12/2012,GRR,MI,AGL,CE,Combined TRACON& Tower with Radar,42,87,52,10,191,0,0,3,0,3,42,87,55,10,194,0,0,0,194
01/13/2012,GRR,MI,AGL,CE,Combined TRACON& Tower with Radar,42,90,42,0,174,0,0,4,0,4,42,90,46,0,178,0,0,0,178
01/14/2012,GRR,MI,AGL,CE,Combined TRACON& Tower with Radar,27,54,9,0,90,0,1,0,0,1,27,55,9,0,91,6,0,6,97
01/15/2012,GRR,MI,AGL,CE,Combined TRACON& Tower with Radar,39,54,16,0,109,0,2,13,0,15,39,56,29,0,124,0,0,0,124
01/16/2012,GRR,MI,AGL,CE,Combined TRACON& Tower with Radar,40,83,54,0,177,0,0,23,0,23,40,83,77,0,200,52,0,52,252
01/17/2012,GRR,MI,AGL,CE,Combined TRACON& Tower with Radar,37,87,32,0,156,0,0,0,0,0,37,87,32,0,156,0,0,0,156
01/18/2012,GRR,MI,AGL,CE,Combined TRACON& Tower with Radar,31,95,55,4,185,0,1,18,2,21,31,96,73,6,206,10,0,10,216
01/19/2012,GRR,MI,AGL,CE,Combined TRACON& Tower with Radar,43,99,42,4,188,0,0,5,1,6,43,99,47,5,194,0,0,0,194
01/20/2012,GRR,MI,AGL,CE,Combined TRACON& Tower with Radar,37,77,46,6,166,0,0,9,0,9,37,77,55,6,175,22,8,30,205
01/21/2012,GRR,MI,AGL,CE,Combined TRACON& Tower with Radar,28,52,20,0,100,0,2,37,0,39,28,54,57,0,139,16,0,16,155
01/22/2012,GRR,MI,AGL,CE,Combined TRACON& Tower with Radar,35,61,16,0,112,0,0,1,0,1,35,61,17,0,113,8,0,8,121
01/23/2012,GRR,MI,AGL,CE,Combined TRACON& Tower with Radar,41,83,51,0,175,0,0,0,0,0,41,83,51,0,175,0,0,0,175
01/24/2012,GRR,MI,AGL,CE,Combined TRACON& Tower with Radar,36,85,46,21,188,0,1,7,0,8,36,86,53,21,196,14,36,50,246
01/25/2012,GRR,MI,AGL,CE,Combined TRACON& Tower with Radar,29,93,66,2,190,0,1,18,0,19,29,94,84,2,209,14,0,14,223
01/26/2012,GRR,MI,AGL,CE,Combined TRACON& Tower with Radar,42,95,50,0,187,0,0,0,0,0,42,95,50,0,187,0,0,0,187
01/27/2012,GRR,MI,AGL,CE,Combined TRACON& Tower with Radar,44,87,48,8,187,0,4,45,0,49,44,91,93,8,236,0,0,0,236
01/28/2012,GRR,MI,AGL,CE,Combined TRACON& Tower with Radar,28,56,8,0,92,0,4,6,0,10,28,60,14,0,102,0,0,0,102
01/29/2012,GRR,MI,AGL,CE,Combined TRACON& Tower with Radar,39,58,31,0,128,0,0,2,0,2,39,58,33,0,130,30,0,30,160
01/30/2012,GRR,MI,AGL,CE,Combined TRACON& Tower with Radar,42,86,29,2,159,0,1,18,0,19,42,87,47,2,178,36,0,36,214
01/31/2012,GRR,MI,AGL,CE,Combined TRACON& Tower with Radar,36,92,44,5,177,0,3,36,0,39,36,95,80,5,216,0,0,0,216
02/01/2012,GRR,MI,AGL,CE,Combined TRACON& Tower with Radar,31,94,63,3,191,0,3,14,0,17,31,97,77,3,208,4,0,4,212
02/02/2012,GRR,MI,AGL,CE,Combined TRACON& Tower with Radar,41,92,62,0,195,0,2,8,0,10,41,94,70,0,205,6,0,6,211
02/03/2012,GRR,MI,AGL,CE,Combined TRACON& Tower with Radar,42,95,30,0,167,0,3,2,0,5,42,98,32,0,172,26,0,26,198
02/04/2012,GRR,MI,AGL,CE,Combined TRACON& Tower with Radar,26,55,23,0,104,0,3,64,0,67,26,58,87,0,171,40,0,40,211
02/05/2012,GRR,MI,AGL,CE,Combined TRACON& Tower with Radar,37,62,15,0,114,0,1,39,0,40,37,63,54,0,154,50,0,50,204
02/06/2012,GRR,MI,AGL,CE,Combined TRACON& Tower with Radar,38,94,65,0,197,0,1,6,0,7,38,95,71,0,204,0,0,0,204
02/07/2012,GRR,MI,AGL,CE,Combined TRACON& Tower with Radar,36,91,31,0,158,0,1,7,0,8,36,92,38,0,166,0,0,0,166
02/08/2012,GRR,MI,AGL,CE,Combined TRACON& Tower with Radar,30,97,64,2,193,0,3,63,0,66,30,100,127,2,259,62,4,66,325
02/09/2012,GRR,MI,AGL,CE,Combined TRACON& Tower with Radar,41,91,78,18,228,0,3,50,0,53,41,94,128,18,281,26,28,54,335
02/10/2012,GRR,MI,AGL,CE,Combined TRACON& Tower with Radar,40,88,37,0,165,0,0,0,0,0,40,88,37,0,165,0,0,0,165
02/11/2012,GRR,MI,AGL,CE,Combined TRACON& Tower with Radar,27,58,21,1,107,0,1,12,1,14,27,59,33,2,121,6,0,6,127
02/12/2012,GRR,MI,AGL,CE,Combined TRACON& Tower with Radar,39,64,26,0,129,0,1,17,0,18,39,65,43,0,147,24,0,24,171
02/13/2012,GRR,MI,AGL,CE,Combined TRACON& Tower with Radar,40,84,54,0,178,0,1,30,0,31,40,85,84,0,209,40,0,40,249
02/14/2012,GRR,MI,AGL,CE,Combined TRACON& Tower with Radar,39,88,51,0,178,0,0,0,0,0,39,88,51,0,178,0,0,0,178
02/15/2012,GRR,MI,AGL,CE,Combined TRACON& Tower with Radar,32,99,60,0,191,0,0,21,0,21,32,99,81,0,212,14,0,14,226
02/16/2012,GRR,MI,AGL,CE,Combined TRACON& Tower with Radar,36,97,58,0,191,0,1,6,2,9,36,98,64,2,200,0,0,0,200
02/17/2012,GRR,MI,AGL,CE,Combined TRACON& Tower with Radar,43,89,56,0,188,0,2,37,0,39,43,91,93,0,227,54,0,54,281
02/18/2012,GRR,MI,AGL,CE,Combined TRACON& Tower with Radar,31,57,28,0,116,0,2,34,0,36,31,59,62,0,152,12,0,12,164
02/19/2012,GRR,MI,AGL,CE,Combined TRACON& Tower with Radar,30,65,21,0,116,0,0,30,0,30,30,65,51,0,146,8,0,8,154
02/20/2012,GRR,MI,AGL,CE,Combined TRACON& Tower with Radar,36,90,63,0,189,0,2,48,0,50,36,92,111,0,239,48,0,48,287
02/21/2012,GRR,MI,AGL,CE,Combined TRACON& Tower with Radar,34,97,59,0,190,0,1,1,0,2,34,98,60,0,192,16,0,16,208
02/22/2012,GRR,MI,AGL,CE,Combined TRACON& Tower with Radar,31,104,80,5,220,0,2,33,3,38,31,106,113,8,258,92,0,92,350
02/23/2012,GRR,MI,AGL,CE,Combined TRACON& Tower with Radar,35,91,45,4,175,0,0,17,0,17,35,91,62,4,192,4,0,4,196
02/24/2012,GRR,MI,AGL,CE,Combined TRACON& Tower with Radar,34,79,31,0,144,0,0,2,0,2,34,79,33,0,146,0,0,0,146
02/25/2012,GRR,MI,AGL,CE,Combined TRACON& Tower with Radar,29,59,34,0,122,0,1,12,0,13,29,60,46,0,135,18,0,18,153
02/26/2012,GRR,MI,AGL,CE,Combined TRACON& Tower with Radar,31,74,39,0,144,0,3,28,0,31,31,77,67,0,175,8,0,8,183
02/27/2012,GRR,MI,AGL,CE,Combined TRACON& Tower with Radar,35,105,51,0,191,0,4,14,0,18,35,109,65,0,209,0,0,0,209
02/28/2012,GRR,MI,AGL,CE,Combined TRACON& Tower with Radar,31,91,78,0,200,0,2,30,0,32,31,93,108,0,232,26,0,26,258
02/29/2012,GRR,MI,AGL,CE,Combined TRACON& Tower with Radar,31,101,50,0,182,0,0,0,0,0,31,101,50,0,182,22,0,22,204
03/01/2012,GRR,MI,AGL,CE,Combined TRACON& Tower with Radar,38,101,76,3,218,0,0,19,0,19,38,101,95,3,237,38,6,44,281
03/02/2012,GRR,MI,AGL,CE,Combined TRACON& Tower with Radar,45,85,26,0,156,0,1,14,0,15,45,86,40,0,171,26,0,26,197
03/03/2012,GRR,MI,AGL,CE,Combined TRACON& Tower with Radar,41,49,5,0,95,0,0,0,0,0,41,49,5,0,95,0,0,0,95
03/04/2012,GRR,MI,AGL,CE,Combined TRACON& Tower with Radar,42,63,40,0,145,0,0,4,0,4,42,63,44,0,149,0,0,0,149
03/05/2012,GRR,MI,AGL,CE,Combined TRACON& Tower with Radar,47,86,56,0,189,0,1,24,0,25,47,87,80,0,214,24,0,24,238
03/06/2012,GRR,MI,AGL,CE,Combined TRACON& Tower with Radar,44,78,56,1,179,0,0,37,1,38,44,78,93,2,217,24,0,24,241
03/07/2012,GRR,MI,AGL,CE,Combined TRACON& Tower with Radar,41,97,66,0,204,0,4,23,0,27,41,101,89,0,231,12,0,12,243
03/08/2012,GRR,MI,AGL,CE,Combined TRACON& Tower with Radar,46,95,45,0,186,0,1,10,0,11,46,96,55,0,197,12,0,12,209
03/09/2012,GRR,MI,AGL,CE,Combined TRACON& Tower with Radar,47,92,45,8,192,0,2,21,0,23,47,94,66,8,215,8,0,8,223
03/10/2012,GRR,MI,AGL,CE,Combined TRACON& Tower with Radar,40,57,25,0,122,0,0,28,0,28,40,57,53,0,150,4,0,4,154
03/11/2012,GRR,MI,AGL,CE,Combined TRACON& Tower with Radar,39,64,32,0,135,0,1,22,0,23,39,65,54,0,158,30,0,30,188
03/12/2012,GRR,MI,AGL,CE,Combined TRACON& Tower with Radar,46,83,71,0,200,0,1,7,0,8,46,84,78,0,208,0,0,0,208
03/13/2012,GRR,MI,AGL,CE,Combined TRACON& Tower with Radar,46,85,76,7,214,0,3,50,1,54,46,88,126,8,268,92,6,98,366
03/14/2012,GRR,MI,AGL,CE,Combined TRACON& Tower with Radar,44,92,57,0,193,0,2,54,0,56,44,94,111,0,249,36,0,36,285
03/15/2012,GRR,MI,AGL,CE,Combined TRACON& Tower with Radar,46,86,54,0,186,0,1,19,0,20,46,87,73,0,206,58,0,58,264
03/16/2012,GRR,MI,AGL,CE,Combined TRACON& Tower with Radar,46,90,63,10,209,0,1,15,8,24,46,91,78,18,233,34,0,34,267
03/17/2012,GRR,MI,AGL,CE,Combined TRACON& Tower with Radar,39,52,28,0,119,0,2,48,2,52,39,54,76,2,171,46,0,46,217
03/18/2012,GRR,MI,AGL,CE,Combined TRACON& Tower with Radar,40,65,29,0,134,0,1,16,2,19,40,66,45,2,153,0,0,0,153
03/19/2012,GRR,MI,AGL,CE,Combined TRACON& Tower with Radar,43,88,58,0,189,0,3,30,0,33,43,91,88,0,222,28,0,28,250
03/20/2012,GRR,MI,AGL,CE,Combined TRACON& Tower with Radar,47,84,62,0,193,0,0,51,0,51,47,84,113,0,244,0,66,66,310
03/21/2012,GRR,MI,AGL,CE,Combined TRACON& Tower with Radar,46,94,68,10,218,0,3,44,0,47,46,97,112,10,265,34,14,48,313
03/22/2012,GRR,MI,AGL,CE,Combined TRACON& Tower with Radar,48,92,49,12,201,0,5,43,0,48,48,97,92,12,249,28,16,44,293
03/23/2012,GRR,MI,AGL,CE,Combined TRACON& Tower with Radar,45,91,40,0,176,0,0,2,0,2,45,91,42,0,178,0,0,0,178
03/24/2012,GRR,MI,AGL,CE,Combined TRACON& Tower with Radar,42,51,29,0,122,0,1,6,0,7,42,52,35,0,129,0,0,0,129
03/25/2012,GRR,MI,AGL,CE,Combined TRACON& Tower with Radar,39,67,34,0,140,0,1,46,0,47,39,68,80,0,187,98,0,98,285
03/26/2012,GRR,MI,AGL,CE,Combined TRACON& Tower with Radar,41,93,53,0,187,0,4,43,0,47,41,97,96,0,234,2,0,2,236
03/27/2012,GRR,MI,AGL,CE,Combined TRACON& Tower with Radar,42,96,77,0,215,0,4,18,0,22,42,100,95,0,237,14,0,14,251
03/28/2012,GRR,MI,AGL,CE,Combined TRACON& Tower with Radar,45,100,55,16,216,0,9,18,0,27,45,109,73,16,243,6,0,6,249
03/29/2012,GRR,MI,AGL,CE,Combined TRACON& Tower with Radar,42,99,64,2,207,0,1,40,2,43,42,100,104,4,250,0,0,0,250
03/30/2012,GRR,MI,AGL,CE,Combined TRACON& Tower with Radar,52,99,47,0,198,0,0,0,0,0,52,99,47,0,198,6,0,6,204
03/31/2012,GRR,MI,AGL,CE,Combined TRACON& Tower with Radar,41,55,24,0,120,0,0,12,0,12,41,55,36,0,132,18,0,18,150
04/01/2012,GRR,MI,AGL,CE,Combined TRACON& Tower with Radar,47,61,28,0,136,0,1,8,0,9,47,62,36,0,145,38,0,38,183
04/02/2012,GRR,MI,AGL,CE,Combined TRACON& Tower with Radar,50,86,39,0,175,0,1,26,0,27,50,87,65,0,202,20,0,20,222
04/03/2012,GRR,MI,AGL,CE,Combined TRACON& Tower with Radar,51,78,36,24,189,0,2,19,2,23,51,80,55,26,212,24,16,40,252
04/04/2012,GRR,MI,AGL,CE,Combined TRACON& Tower with Radar,52,85,38,12,187,0,2,70,0,72,52,87,108,12,259,54,20,74,333
04/05/2012,GRR,MI,AGL,CE,Combined TRACON& Tower with Radar,51,84,62,0,197,0,3,53,0,56,51,87,115,0,253,20,0,20,273
04/06/2012,GRR,MI,AGL,CE,Combined TRACON& Tower with Radar,51,94,41,18,204,0,3,78,4,85,51,97,119,22,289,64,0,64,353
04/07/2012,GRR,MI,AGL,CE,Combined TRACON& Tower with Radar,44,55,33,0,132,0,1,40,0,41,44,56,73,0,173,18,0,18,191
04/08/2012,GRR,MI,AGL,CE,Combined TRACON& Tower with Radar,42,61,24,0,127,0,1,11,0,12,42,62,35,0,139,0,0,0,139
04/09/2012,GRR,MI,AGL,CE,Combined TRACON& Tower with Radar,48,86,40,0,174,0,2,24,0,26,48,88,64,0,200,14,0,14,214
04/10/2012,GRR,MI,AGL,CE,Combined TRACON& Tower with Radar,51,82,70,0,203,0,1,17,0,18,51,83,87,0,221,34,0,34,255
04/11/2012,GRR,MI,AGL,CE,Combined TRACON& Tower with Radar,46,88,59,1,194,0,0,39,1,40,46,88,98,2,234,34,16,50,284
04/12/2012,GRR,MI,AGL,CE,Combined TRACON& Tower with Radar,45,91,81,0,217,0,2,43,0,45,45,93,124,0,262,18,0,18,280
04/13/2012,GRR,MI,AGL,CE,Combined TRACON& Tower with Radar,46,91,55,10,202,0,2,48,0,50,46,93,103,10,252,46,0,46,298
04/14/2012,GRR,MI,AGL,CE,Combined TRACON& Tower with Radar,33,49,39,6,127,0,0,29,0,29,33,49,68,6,156,14,4,18,174
04/15/2012,GRR,MI,AGL,CE,Combined TRACON& Tower with Radar,38,55,21,10,124,0,1,4,0,5,38,56,25,10,129,0,0,0,129
04/16/2012,GRR,MI,AGL,CE,Combined TRACON& Tower with Radar,48,80,34,0,162,0,4,2,0,6,48,84,36,0,168,6,0,6,174
04/17/2012,GRR,MI,AGL,CE,Combined TRACON& Tower with Radar,47,76,71,8,202,0,3,52,0,55,47,79,123,8,257,62,14,76,333
04/18/2012,GRR,MI,AGL,CE,Combined TRACON& Tower with Radar,44,82,62,4,192,0,2,28,0,30,44,84,90,4,222,64,0,64,286
04/19/2012,GRR,MI,AGL,CE,Combined TRACON& Tower with Radar,48,85,59,1,193,0,2,23,1,26,48,87,82,2,219,24,0,24,243
04/20/2012,GRR,MI,AGL,CE,Combined TRACON& Tower with Radar,44,80,50,4,178,0,3,1,0,4,44,83,51,4,182,46,0,46,228
04/21/2012,GRR,MI,AGL,CE,Combined TRACON& Tower with Radar,34,44,32,0,110,0,1,62,0,63,34,45,94,0,173,40,0,40,213
04/22/2012,GRR,MI,AGL,CE,Combined TRACON& Tower with Radar,41,61,31,0,133,0,1,20,0,21,41,62,51,0,154,0,0,0,154
04/23/2012,GRR,MI,AGL,CE,Combined TRACON& Tower with Radar,45,86,25,0,156,0,5,18,0,23,45,91,43,0,179,30,0,30,209
04/24/2012,GRR,MI,AGL,CE,Combined TRACON& Tower with Radar,49,75,64,3,191,0,1,22,1,24,49,76,86,4,215,12,0,12,227
04/25/2012,GRR,MI,AGL,CE,Combined TRACON& Tower with Radar,43,92,73,0,208,0,0,34,0,34,43,92,107,0,242,52,0,52,294
04/26/2012,GRR,MI,AGL,CE,Combined TRACON& Tower with Radar,49,92,54,12,207,0,4,35,0,39,49,96,89,12,246,122,14,136,382
04/27/2012,GRR,MI,AGL,CE,Combined TRACON& Tower with Radar,45,87,53,6,191,0,1,46,0,47,45,88,99,6,238,54,4,58,296
04/28/2012,GRR,MI,AGL,CE,Combined TRACON& Tower with Radar,33,46,29,0,108,0,2,21,0,23,33,48,50,0,131,28,0,28,159
04/29/2012,GRR,MI,AGL,CE,Combined TRACON& Tower with Radar,43,57,34,0,134,0,3,36,0,39,43,60,70,0,173,0,0,0,173
04/30/2012,GRR,MI,AGL,CE,Combined TRACON& Tower with Radar,45,80,61,2,188,0,0,5,0,5,45,80,66,2,193,8,0,8,201
05/01/2012,GRR,MI,AGL,CE,Combined TRACON& Tower with Radar,42,80,69,12,203,0,1,28,0,29,42,81,97,12,232,48,0,48,280
05/02/2012,GRR,MI,AGL,CE,Combined TRACON& Tower with Radar,40,85,55,0,180,0,1,10,0,11,40,86,65,0,191,20,0,20,211
05/03/2012,GRR,MI,AGL,CE,Combined TRACON& Tower with Radar,42,90,57,18,207,0,1,29,0,30,42,91,86,18,237,6,26,32,269
05/04/2012,GRR,MI,AGL,CE,Combined TRACON& Tower with Radar,41,85,49,0,175,0,1,14,0,15,41,86,63,0,190,56,0,56,246
05/05/2012,GRR,MI,AGL,CE,Combined TRACON& Tower with Radar,34,45,49,0,128,0,3,29,0,32,34,48,78,0,160,0,0,0,160
05/06/2012,GRR,MI,AGL,CE,Combined TRACON& Tower with Radar,41,61,26,1,129,0,0,26,0,26,41,61,52,1,155,6,0,6,161
05/07/2012,GRR,MI,AGL,CE,Combined TRACON& Tower with Radar,48,80,66,1,195,0,0,1,0,1,48,80,67,1,196,46,0,46,242
05/08/2012,GRR,MI,AGL,CE,Combined TRACON& Tower with Radar,41,82,64,11,198,0,2,36,0,38,41,84,100,11,236,80,14,94,330
05/09/2012,GRR,MI,AGL,CE,Combined TRACON& Tower with Radar,40,83,75,1,199,0,1,33,0,34,40,84,108,1,233,22,0,22,255
05/10/2012,GRR,MI,AGL,CE,Combined TRACON& Tower with Radar,46,91,67,19,223,0,0,53,0,53,46,91,120,19,276,16,20,36,312
05/11/2012,GRR,MI,AGL,CE,Combined TRACON& Tower with Radar,44,85,46,2,177,0,2,69,0,71,44,87,115,2,248,46,0,46,294
05/12/2012,GRR,MI,AGL,CE,Combined TRACON& Tower with Radar,32,45,28,0,105,0,1,30,0,31,32,46,58,0,136,0,0,0,136
05/13/2012,GRR,MI,AGL,CE,Combined TRACON& Tower with Radar,40,60,16,0,116,0,1,28,0,29,40,61,44,0,145,88,0,88,233
05/14/2012,GRR,MI,AGL,CE,Combined TRACON& Tower with Radar,43,89,48,0,180,0,2,61,0,63,43,91,109,0,243,0,0,0,243
05/15/2012,GRR,MI,AGL,CE,Combined TRACON& Tower with Radar,39,84,64,15,202,0,1,46,0,47,39,85,110,15,249,86,8,94,343
05/16/2012,GRR,MI,AGL,CE,Combined TRACON& Tower with Radar,40,91,60,1,192,0,4,58,1,63,40,95,118,2,255,106,0,106,361
05/17/2012,GRR,MI,AGL,CE,Combined TRACON& Tower with Radar,52,86,69,0,207,0,0,48,2,50,52,86,117,2,257,24,0,24,281
05/18/2012,GRR,MI,AGL,CE,Combined TRACON& Tower with Radar,48,91,49,24,212,0,2,49,1,52,48,93,98,25,264,46,12,58,322
05/19/2012,GRR,MI,AGL,CE,Combined TRACON& Tower with Radar,35,47,22,0,104,0,1,37,0,38,35,48,59,0,142,40,0,40,182
05/20/2012,GRR,MI,AGL,CE,Combined TRACON& Tower with Radar,44,68,18,2,132,0,3,25,0,28,44,71,43,2,160,0,0,0,160
05/21/2012,GRR,MI,AGL,CE,Combined TRACON& Tower with Radar,42,87,51,0,180,0,0,17,0,17,42,87,68,0,197,16,0,16,213
05/22/2012,GRR,MI,AGL,CE,Combined TRACON& Tower with Radar,38,85,55,13,191,0,2,48,2,52,38,87,103,15,243,72,0,72,315
05/23/2012,GRR,MI,AGL,CE,Combined TRACON& Tower with Radar,36,95,60,0,191,0,2,61,0,63,36,97,121,0,254,44,0,44,298
05/24/2012,GRR,MI,AGL,CE,Combined TRACON& Tower with Radar,50,86,63,2,201,0,1,38,0,39,50,87,101,2,240,6,0,6,246
05/25/2012,GRR,MI,AGL,CE,Combined TRACON& Tower with Radar,43,88,60,0,191,0,2,33,0,35,43,90,93,0,226,64,0,64,290
05/26/2012,GRR,MI,AGL,CE,Combined TRACON& Tower with Radar,30,45,21,0,96,0,1,24,0,25,30,46,45,0,121,6,0,6,127
05/27/2012,GRR,MI,AGL,CE,Combined TRACON& Tower with Radar,38,46,15,0,99,0,2,10,0,12,38,48,25,0,111,0,0,0,111
05/28/2012,GRR,MI,AGL,CE,Combined TRACON& Tower with Radar,40,67,23,0,130,0,4,19,0,23,40,71,42,0,153,6,0,6,159
05/29/2012,GRR,MI,AGL,CE,Combined TRACON& Tower with Radar,36,87,49,4,176,0,2,64,0,66,36,89,113,4,242,54,0,54,296
05/30/2012,GRR,MI,AGL,CE,Combined TRACON& Tower with Radar,37,88,67,0,192,0,2,53,0,55,37,90,120,0,247,44,0,44,291
05/31/2012,GRR,MI,AGL,CE,Combined TRACON& Tower with Radar,47,87,67,0,201,0,1,29,0,30,47,88,96,0,231,20,0,20,251
06/01/2012,GRR,MI,AGL,CE,Combined TRACON& Tower with Radar,42,91,42,0,175,0,0,1,0,1,42,91,43,0,176,0,0,0,176
06/02/2012,GRR,MI,AGL,CE,Combined TRACON& Tower with Radar,32,45,37,25,139,0,1,28,0,29,32,46,65,25,168,40,24,64,232
06/03/2012,GRR,MI,AGL,CE,Combined TRACON& Tower with Radar,43,61,24,2,130,0,2,25,0,27,43,63,49,2,157,24,16,40,197
06/04/2012,GRR,MI,AGL,CE,Combined TRACON& Tower with Radar,41,91,62,0,194,0,3,48,0,51,41,94,110,0,245,42,0,42,287
06/05/2012,GRR,MI,AGL,CE,Combined TRACON& Tower with Radar,44,88,56,8,196,0,0,30,0,30,44,88,86,8,226,44,10,54,280
06/06/2012,GRR,MI,AGL,CE,Combined TRACON& Tower with Radar,43,93,67,13,216,0,0,43,0,43,43,93,110,13,259,60,14,74,333
06/07/2012,GRR,MI,AGL,CE,Combined TRACON& Tower with Radar,52,95,63,5,215,0,3,46,3,52,52,98,109,8,267,8,4,12,279
06/08/2012,GRR,MI,AGL,CE,Combined TRACON& Tower with Radar,51,86,49,0,186,0,1,36,3,40,51,87,85,3,226,42,0,42,268
06/09/2012,GRR,MI,AGL,CE,Combined TRACON& Tower with Radar,44,52,21,0,117,0,1,36,1,38,44,53,57,1,155,30,0,30,185
06/10/2012,GRR,MI,AGL,CE,Combined TRACON& Tower with Radar,53,60,16,0,129,0,1,34,1,36,53,61,50,1,165,14,0,14,179
06/11/2012,GRR,MI,AGL,CE,Combined TRACON& Tower with Radar,48,88,47,0,183,0,1,35,0,36,48,89,82,0,219,92,0,92,311
06/12/2012,GRR,MI,AGL,CE,Combined TRACON& Tower with Radar,49,90,50,0,189,0,3,43,0,46,49,93,93,0,235,30,0,30,265
06/13/2012,GRR,MI,AGL,CE,Combined TRACON& Tower with Radar,49,90,55,2,196,0,0,44,0,44,49,90,99,2,240,0,10,10,250
06/14/2012,GRR,MI,AGL,CE,Combined TRACON& Tower with Radar,54,95,65,26,240,0,0,62,0,62,54,95,127,26,302,42,58,100,402
06/15/2012,GRR,MI,AGL,CE,Combined TRACON& Tower with Radar,50,96,54,0,200,0,2,55,0,57,50,98,109,0,257,28,0,28,285
06/16/2012,GRR,MI,AGL,CE,Combined TRACON& Tower with Radar,42,56,24,1,123,0,2,29,0,31,42,58,53,1,154,0,0,0,154
06/17/2012,GRR,MI,AGL,CE,Combined TRACON& Tower with Radar,53,65,29,0,147,0,1,11,0,12,53,66,40,0,159,28,0,28,187
06/18/2012,GRR,MI,AGL,CE,Combined TRACON& Tower with Radar,57,83,50,0,190,0,4,21,0,25,57,87,71,0,215,8,0,8,223
06/19/2012,GRR,MI,AGL,CE,Combined TRACON& Tower with Radar,50,94,58,1,203,0,6,41,0,47,50,100,99,1,250,34,0,34,284
06/20/2012,GRR,MI,AGL,CE,Combined TRACON& Tower with Radar,49,85,72,8,214,0,1,53,0,54,49,86,125,8,268,49,0,49,317
06/21/2012,GRR,MI,AGL,CE,Combined TRACON& Tower with Radar,56,93,70,9,228,0,2,37,0,39,56,95,107,9,267,72,10,82,349
06/22/2012,GRR,MI,AGL,CE,Combined TRACON& Tower with Radar,46,87,61,0,194,0,1,48,0,49,46,88,109,0,243,116,0,116,359
06/23/2012,GRR,MI,AGL,CE,Combined TRACON& Tower with Radar,42,51,39,0,132,0,1,74,0,75,42,52,113,0,207,58,0,58,265
06/24/2012,GRR,MI,AGL,CE,Combined TRACON& Tower with Radar,55,61,23,0,139,1,4,20,0,25,56,65,43,0,164,0,0,0,164
06/25/2012,GRR,MI,AGL,CE,Combined TRACON& Tower with Radar,47,87,57,4,195,0,5,49,0,54,47,92,106,4,249,62,18,80,329
06/26/2012,GRR,MI,AGL,CE,Combined TRACON& Tower with Radar,53,82,54,10,199,0,2,65,0,67,53,84,119,10,266,40,0,40,306
06/27/2012,GRR,MI,AGL,CE,Combined TRACON& Tower with Radar,48,94,76,0,218,0,1,103,0,104,48,95,179,0,322,144,0,144,466
06/28/2012,GRR,MI,AGL,CE,Combined TRACON& Tower with Radar,68,96,58,12,234,0,5,30,0,35,68,101,88,12,269,42,14,56,325
06/29/2012,GRR,MI,AGL,CE,Combined TRACON& Tower with Radar,50,97,46,0,193,0,2,28,0,30,50,99,74,0,223,36,0,36,259
06/30/2012,GRR,MI,AGL,CE,Combined TRACON& Tower with Radar,40,54,33,0,127,0,2,36,0,38,40,56,69,0,165,12,0,12,177
07/01/2012,GRR,MI,AGL,CE,Combined TRACON& Tower with Radar,65,69,23,0,157,0,2,21,0,23,65,71,44,0,180,8,0,8,188
07/02/2012,GRR,MI,AGL,CE,Combined TRACON& Tower with Radar,43,68,34,0,145,0,1,44,0,45,43,69,78,0,190,36,0,36,226
07/03/2012,GRR,MI,AGL,CE,Combined TRACON& Tower with Radar,44,65,23,0,132,0,2,27,0,29,44,67,50,0,161,60,0,60,221
07/04/2012,GRR,MI,AGL,CE,Combined TRACON& Tower with Radar,29,47,12,0,88,0,2,28,2,32,29,49,40,2,120,68,0,68,188
07/05/2012,GRR,MI,AGL,CE,Combined TRACON& Tower with Radar,66,68,47,14,195,0,5,57,0,62,66,73,104,14,257,72,0,72,329
07/06/2012,GRR,MI,AGL,CE,Combined TRACON& Tower with Radar,43,67,21,0,131,0,4,24,1,29,43,71,45,1,160,0,0,0,160
07/07/2012,GRR,MI,AGL,CE,Combined TRACON& Tower with Radar,36,55,17,0,108,0,4,21,0,25,36,59,38,0,133,14,0,14,147
07/08/2012,GRR,MI,AGL,CE,Combined TRACON& Tower with Radar,54,60,26,0,140,0,3,24,0,27,54,63,50,0,167,12,0,12,179
07/09/2012,GRR,MI,AGL,CE,Combined TRACON& Tower with Radar,44,83,52,0,179,0,0,29,0,29,44,83,81,0,208,26,0,26,234
07/10/2012,GRR,MI,AGL,CE,Combined TRACON& Tower with Radar,48,87,60,2,197,0,1,65,0,66,48,88,125,2,263,194,0,194,457
07/11/2012,GRR,MI,AGL,CE,Combined TRACON& Tower with Radar,48,88,72,2,210,0,1,44,1,46,48,89,116,3,256,126,0,126,382
07/12/2012,GRR,MI,AGL,CE,Combined TRACON& Tower with Radar,56,86,61,0,203,0,1,53,0,54,56,87,114,0,257,28,0,28,285
07/13/2012,GRR,MI,AGL,CE,Combined TRACON& Tower with Radar,47,90,38,12,187,0,2,45,1,48,47,92,83,13,235,46,66,112,347
07/14/2012,GRR,MI,AGL,CE,Combined TRACON& Tower with Radar,38,55,29,1,123,0,5,39,1,45,38,60,68,2,168,38,0,38,206
07/15/2012,GRR,MI,AGL,CE,Combined TRACON& Tower with Radar,45,67,21,1,134,0,1,17,3,21,45,68,38,4,155,38,8,46,201
07/16/2012,GRR,MI,AGL,CE,Combined TRACON& Tower with Radar,44,82,60,4,190,0,2,36,0,38,44,84,96,4,228,64,0,64,292
07/17/2012,GRR,MI,AGL,CE,Combined TRACON& Tower with Radar,50,81,70,15,216,0,1,44,0,45,50,82,114,15,261,68,38,106,367
07/18/2012,GRR,MI,AGL,CE,Combined TRACON& Tower with Radar,45,77,58,0,180,0,4,34,0,38,45,81,92,0,218,81,0,81,299
07/19/2012,GRR,MI,AGL,CE,Combined TRACON& Tower with Radar,55,79,80,0,214,0,0,4,0,4,55,79,84,0,218,0,0,0,218
07/20/2012,GRR,MI,AGL,CE,Combined TRACON& Tower with Radar,51,83,60,12,206,0,2,51,4,57,51,85,111,16,263,24,22,46,309
07/21/2012,GRR,MI,AGL,CE,Combined TRACON& Tower with Radar,39,55,32,2,128,0,4,40,0,44,39,59,72,2,172,30,0,30,202
07/22/2012,GRR,MI,AGL,CE,Combined TRACON& Tower with Radar,49,60,21,0,130,0,1,38,0,39,49,61,59,0,169,20,0,20,189
07/23/2012,GRR,MI,AGL,CE,Combined TRACON& Tower with Radar,47,78,36,0,161,0,4,36,0,40,47,82,72,0,201,28,0,28,229
07/24/2012,GRR,MI,AGL,CE,Combined TRACON& Tower with Radar,50,72,70,22,214,0,1,49,0,50,50,73,119,22,264,66,38,104,368
07/25/2012,GRR,MI,AGL,CE,Combined TRACON& Tower with Radar,46,86,45,3,180,0,2,30,3,35,46,88,75,6,215,36,0,36,251
07/26/2012,GRR,MI,AGL,CE,Combined TRACON& Tower with Radar,62,77,77,0,216,0,1,34,0,35,62,78,111,0,251,14,0,14,265
07/27/2012,GRR,MI,AGL,CE,Combined TRACON& Tower with Radar,50,79,45,2,176,0,1,5,0,6,50,80,50,2,182,0,0,0,182
07/28/2012,GRR,MI,AGL,CE,Combined TRACON& Tower with Radar,40,59,29,0,128,0,2,40,0,42,40,61,69,0,170,66,0,66,236
07/29/2012,GRR,MI,AGL,CE,Combined TRACON& Tower with Radar,49,60,38,0,147,0,2,26,0,28,49,62,64,0,175,0,0,0,175
07/30/2012,GRR,MI,AGL,CE,Combined TRACON& Tower with Radar,48,80,50,0,178,0,0,29,2,31,48,80,79,2,209,0,0,0,209
07/31/2012,GRR,MI,AGL,CE,Combined TRACON& Tower with Radar,48,73,66,0,187,0,1,28,0,29,48,74,94,0,216,84,0,84,300
08/01/2012,GRR,MI,AGL,CE,Combined TRACON& Tower with Radar,48,86,58,2,194,0,2,66,0,68,48,88,124,2,262,48,0,48,310
08/02/2012,GRR,MI,AGL,CE,Combined TRACON& Tower with Radar,58,80,74,1,213,0,4,28,2,34,58,84,102,3,247,16,0,16,263
08/03/2012,GRR,MI,AGL,CE,Combined TRACON& Tower with Radar,48,79,47,8,182,0,2,32,0,34,48,81,79,8,216,10,10,20,236
08/04/2012,GRR,MI,AGL,CE,Combined TRACON& Tower with Radar,42,59,21,0,122,0,3,19,0,22,42,62,40,0,144,4,0,4,148
08/05/2012,GRR,MI,AGL,CE,Combined TRACON& Tower with Radar,50,58,33,0,141,0,2,17,0,19,50,60,50,0,160,2,0,2,162
08/06/2012,GRR,MI,AGL,CE,Combined TRACON& Tower with Radar,49,74,49,0,172,0,3,54,4,61,49,77,103,4,233,90,0,90,323
08/07/2012,GRR,MI,AGL,CE,Combined TRACON& Tower with Radar,51,81,80,4,216,0,1,56,2,59,51,82,136,6,275,75,0,75,350
08/08/2012,GRR,MI,AGL,CE,Combined TRACON& Tower with Radar,50,80,52,5,187,0,3,33,3,39,50,83,85,8,226,30,0,30,256
08/09/2012,GRR,MI,AGL,CE,Combined TRACON& Tower with Radar,52,88,75,8,223,0,0,8,0,8,52,88,83,8,231,48,0,48,279
08/10/2012,GRR,MI,AGL,CE,Combined TRACON& Tower with Radar,46,75,26,2,149,0,1,2,0,3,46,76,28,2,152,0,0,0,152
08/11/2012,GRR,MI,AGL,CE,Combined TRACON& Tower with Radar,39,58,24,0,121,0,3,17,0,20,39,61,41,0,141,8,0,8,149
08/12/2012,GRR,MI,AGL,CE,Combined TRACON& Tower with Radar,44,58,38,0,140,0,1,42,0,43,44,59,80,0,183,30,0,30,213
08/13/2012,GRR,MI,AGL,CE,Combined TRACON& Tower with Radar,46,75,48,0,169,0,0,8,0,8,46,75,56,0,177,28,0,28,205
08/14/2012,GRR,MI,AGL,CE,Combined TRACON& Tower with Radar,44,79,42,4,169,0,2,35,2,39,44,81,77,6,208,104,0,104,312
08/15/2012,GRR,MI,AGL,CE,Combined TRACON& Tower with Radar,44,85,79,0,208,0,3,45,2,50,44,88,124,2,258,94,2,96,354
08/16/2012,GRR,MI,AGL,CE,Combined TRACON& Tower with Radar,55,84,55,0,194,0,2,4,0,6,55,86,59,0,200,60,0,60,260
08/17/2012,GRR,MI,AGL,CE,Combined TRACON& Tower with Radar,44,86,59,0,189,0,3,41,0,44,44,89,100,0,233,32,0,32,265
08/18/2012,GRR,MI,AGL,CE,Combined TRACON& Tower with Radar,31,54,12,0,97,0,3,77,0,80,31,57,89,0,177,32,0,32,209
08/19/2012,GRR,MI,AGL,CE,Combined TRACON& Tower with Radar,43,63,30,0,136,0,0,14,0,14,43,63,44,0,150,0,0,0,150
08/20/2012,GRR,MI,AGL,CE,Combined TRACON& Tower with Radar,42,84,48,4,178,0,2,42,0,44,42,86,90,4,222,66,2,68,290
08/21/2012,GRR,MI,AGL,CE,Combined TRACON& Tower with Radar,46,80,47,8,181,0,2,47,0,49,46,82,94,8,230,56,0,56,286
08/22/2012,GRR,MI,AGL,CE,Combined TRACON& Tower with Radar,47,82,63,4,196,0,6,61,0,67,47,88,124,4,263,70,0,70,333
08/23/2012,GRR,MI,AGL,CE,Combined TRACON& Tower with Radar,50,92,56,1,199,0,3,41,1,45,50,95,97,2,244,48,0,48,292
08/24/2012,GRR,MI,AGL,CE,Combined TRACON& Tower with Radar,45,88,30,0,163,0,3,37,0,40,45,91,67,0,203,74,0,74,277
08/25/2012,GRR,MI,AGL,CE,Combined TRACON& Tower with Radar,34,53,19,0,106,0,2,45,0,47,34,55,64,0,153,32,0,32,185
08/26/2012,GRR,MI,AGL,CE,Combined TRACON& Tower with Radar,38,69,26,0,133,0,0,18,0,18,38,69,44,0,151,18,0,18,169
08/27/2012,GRR,MI,AGL,CE,Combined TRACON& Tower with Radar,42,88,53,0,183,0,2,25,2,29,42,90,78,2,212,52,0,52,264
08/28/2012,GRR,MI,AGL,CE,Combined TRACON& Tower with Radar,42,78,67,0,187,0,0,45,0,45,42,78,112,0,232,40,0,40,272
08/29/2012,GRR,MI,AGL,CE,Combined TRACON& Tower with Radar,46,81,53,0,180,0,2,43,0,45,46,83,96,0,225,10,16,26,251
08/30/2012,GRR,MI,AGL,CE,Combined TRACON& Tower with Radar,53,82,55,8,198,0,2,26,2,30,53,84,81,10,228,0,0,0,228
08/31/2012,GRR,MI,AGL,CE,Combined TRACON& Tower with Radar,46,79,15,0,140,0,2,32,0,34,46,81,47,0,174,6,0,6,180
09/01/2012,GRR,MI,AGL,CE,Combined TRACON& Tower with Radar,29,43,32,0,104,0,2,23,0,25,29,45,55,0,129,16,0,16,145
09/02/2012,GRR,MI,AGL,CE,Combined TRACON& Tower with Radar,35,33,14,0,82,0,2,12,0,14,35,35,26,0,96,6,0,6,102
09/03/2012,GRR,MI,AGL,CE,Combined TRACON& Tower with Radar,43,55,14,0,112,0,2,37,0,39,43,57,51,0,151,0,0,0,151
09/04/2012,GRR,MI,AGL,CE,Combined TRACON& Tower with Radar,42,72,49,10,173,1,0,19,0,20,43,72,68,10,193,56,18,74,267
09/05/2012,GRR,MI,AGL,CE,Combined TRACON& Tower with Radar,48,82,53,0,183,0,3,29,0,32,48,85,82,0,215,40,0,40,255
09/06/2012,GRR,MI,AGL,CE,Combined TRACON& Tower with Radar,54,85,51,6,196,0,7,25,0,32,54,92,76,6,228,50,22,72,300
09/07/2012,GRR,MI,AGL,CE,Combined TRACON& Tower with Radar,50,77,62,0,189,0,1,15,0,16,50,78,77,0,205,40,0,40,245
09/08/2012,GRR,MI,AGL,CE,Combined TRACON& Tower with Radar,28,42,22,8,100,0,4,63,0,67,28,46,85,8,167,6,6,12,179
09/09/2012,GRR,MI,AGL,CE,Combined TRACON& Tower with Radar,41,65,27,0,133,0,3,35,0,38,41,68,62,0,171,8,0,8,179
09/10/2012,GRR,MI,AGL,CE,Combined TRACON& Tower with Radar,42,82,40,0,164,0,4,42,0,46,42,86,82,0,210,0,0,0,210
09/11/2012,GRR,MI,AGL,CE,Combined TRACON& Tower with Radar,43,79,53,2,177,0,0,42,0,42,43,79,95,2,219,72,0,72,291
09/12/2012,GRR,MI,AGL,CE,Combined TRACON& Tower with Radar,44,88,55,3,190,0,4,42,1,47,44,92,97,4,237,16,0,16,253
09/13/2012,GRR,MI,AGL,CE,Combined TRACON& Tower with Radar,53,84,73,4,214,0,0,24,0,24,53,84,97,4,238,20,28,48,286
09/14/2012,GRR,MI,AGL,CE,Combined TRACON& Tower with Radar,46,84,66,0,196,0,3,43,0,46,46,87,109,0,242,12,0,12,254
09/15/2012,GRR,MI,AGL,CE,Combined TRACON& Tower with Radar,28,46,40,0,114,0,3,49,0,52,28,49,89,0,166,0,0,0,166
09/16/2012,GRR,MI,AGL,CE,Combined TRACON& Tower with Radar,45,65,35,0,145,0,3,33,0,36,45,68,68,0,181,0,0,0,181
09/17/2012,GRR,MI,AGL,CE,Combined TRACON& Tower with Radar,50,78,43,0,171,0,0,27,0,27,50,78,70,0,198,0,0,0,198
09/18/2012,GRR,MI,AGL,CE,Combined TRACON& Tower with Radar,43,74,105,0,222,0,6,17,0,23,43,80,122,0,245,34,0,34,279
09/19/2012,GRR,MI,AGL,CE,Combined TRACON& Tower with Radar,42,85,74,8,209,0,1,35,0,36,42,86,109,8,245,41,0,41,286
09/20/2012,GRR,MI,AGL,CE,Combined TRACON& Tower with Radar,55,88,77,0,220,0,0,48,0,48,55,88,125,0,268,132,0,132,400
09/21/2012,GRR,MI,AGL,CE,Combined TRACON& Tower with Radar,44,82,44,1,171,0,0,15,0,15,44,82,59,1,186,40,0,40,226
09/22/2012,GRR,MI,AGL,CE,Combined TRACON& Tower with Radar,32,43,31,1,107,0,2,3,0,5,32,45,34,1,112,8,0,8,120
09/23/2012,GRR,MI,AGL,CE,Combined TRACON& Tower with Radar,43,69,33,0,145,0,0,26,0,26,43,69,59,0,171,14,0,14,185
09/24/2012,GRR,MI,AGL,CE,Combined TRACON& Tower with Radar,44,81,57,0,182,0,1,23,0,24,44,82,80,0,206,60,0,60,266
09/25/2012,GRR,MI,AGL,CE,Combined TRACON& Tower with Radar,45,82,83,0,210,0,2,68,0,70,45,84,151,0,280,53,0,53,333
09/26/2012,GRR,MI,AGL,CE,Combined TRACON& Tower with Radar,42,88,70,2,202,0,1,55,0,56,42,89,125,2,258,28,0,28,286
09/27/2012,GRR,MI,AGL,CE,Combined TRACON& Tower with Radar,51,83,92,2,228,0,2,65,0,67,51,85,157,2,295,72,0,72,367
09/28/2012,GRR,MI,AGL,CE,Combined TRACON& Tower with Radar,51,88,69,14,222,0,1,66,0,67,51,89,135,14,289,64,38,102,391
09/29/2012,GRR,MI,AGL,CE,Combined TRACON& Tower with Radar,31,45,31,0,107,0,1,36,0,37,31,46,67,0,144,26,0,26,170
09/30/2012,GRR,MI,AGL,CE,Combined TRACON& Tower with Radar,49,64,30,0,143,0,2,26,0,28,49,66,56,0,171,52,0,52,223
10/01/2012,GRR,MI,AGL,CE,Combined TRACON& Tower with Radar,45,82,48,0,175,0,2,58,0,60,45,84,106,0,235,52,0,52,287
10/02/2012,GRR,MI,AGL,CE,Combined TRACON& Tower with Radar,45,89,53,22,209,0,3,44,0,47,45,92,97,22,256,32,56,88,344
10/03/2012,GRR,MI,AGL,CE,Combined TRACON& Tower with Radar,47,88,64,0,199,0,3,8,0,11,47,91,72,0,210,14,0,14,224
10/04/2012,GRR,MI,AGL,CE,Combined TRACON& Tower with Radar,51,84,59,0,194,0,1,24,0,25,51,85,83,0,219,42,0,42,261
10/05/2012,GRR,MI,AGL,CE,Combined TRACON& Tower with Radar,45,81,37,0,163,0,3,30,0,33,45,84,67,0,196,50,0,50,246
10/06/2012,GRR,MI,AGL,CE,Combined TRACON& Tower with Radar,28,45,38,0,111,0,1,25,0,26,28,46,63,0,137,0,0,0,137
10/07/2012,GRR,MI,AGL,CE,Combined TRACON& Tower with Radar,42,64,36,0,142,0,0,17,0,17,42,64,53,0,159,28,0,28,187
10/08/2012,GRR,MI,AGL,CE,Combined TRACON& Tower with Radar,42,79,32,0,153,0,2,33,0,35,42,81,65,0,188,52,0,52,240
10/09/2012,GRR,MI,AGL,CE,Combined TRACON& Tower with Radar,45,76,62,0,183,0,0,19,0,19,45,76,81,0,202,14,0,14,216
10/10/2012,GRR,MI,AGL,CE,Combined TRACON& Tower with Radar,44,82,58,0,184,0,2,26,0,28,44,84,84,0,212,42,0,42,254
10/11/2012,GRR,MI,AGL,CE,Combined TRACON& Tower with Radar,48,82,54,14,198,1,7,29,0,37,49,89,83,14,235,46,0,46,281
10/12/2012,GRR,MI,AGL,CE,Combined TRACON& Tower with Radar,40,86,65,8,199,0,0,63,0,63,40,86,128,8,262,26,10,36,298
10/13/2012,GRR,MI,AGL,CE,Combined TRACON& Tower with Radar,30,51,14,0,95,0,0,2,0,2,30,51,16,0,97,30,0,30,127
10/14/2012,GRR,MI,AGL,CE,Combined TRACON& Tower with Radar,46,63,20,0,129,0,0,0,0,0,46,63,20,0,129,0,0,0,129
10/15/2012,GRR,MI,AGL,CE,Combined TRACON& Tower with Radar,42,83,47,0,172,0,3,7,0,10,42,86,54,0,182,18,0,18,200
10/16/2012,GRR,MI,AGL,CE,Combined TRACON& Tower with Radar,46,88,65,4,203,0,3,57,1,61,46,91,122,5,264,64,6,70,334
10/17/2012,GRR,MI,AGL,CE,Combined TRACON& Tower with Radar,45,85,53,2,185,0,0,19,0,19,45,85,72,2,204,26,12,38,242
10/18/2012,GRR,MI,AGL,CE,Combined TRACON& Tower with Radar,50,93,75,2,220,0,0,3,2,5,50,93,78,4,225,44,0,44,269
10/19/2012,GRR,MI,AGL,CE,Combined TRACON& Tower with Radar,49,90,60,0,199,0,2,3,0,5,49,92,63,0,204,6,0,6,210
10/20/2012,GRR,MI,AGL,CE,Combined TRACON& Tower with Radar,32,50,29,0,111,0,2,5,0,7,32,52,34,0,118,36,0,36,154
10/21/2012,GRR,MI,AGL,CE,Combined TRACON& Tower with Radar,43,71,39,0,153,0,4,57,1,62,43,75,96,1,215,76,0,76,291
10/22/2012,GRR,MI,AGL,CE,Combined TRACON& Tower with Radar,41,83,52,0,176,0,2,23,0,25,41,85,75,0,201,36,0,36,237
10/23/2012,GRR,MI,AGL,CE,Combined TRACON& Tower with Radar,47,81,71,0,199,0,0,0,0,0,47,81,71,0,199,0,0,0,199
10/24/2012,GRR,MI,AGL,CE,Combined TRACON& Tower with Radar,44,81,65,12,202,0,1,56,0,57,44,82,121,12,259,102,22,124,383
10/25/2012,GRR,MI,AGL,CE,Combined TRACON& Tower with Radar,47,87,69,8,211,0,1,23,0,24,47,88,92,8,235,56,12,68,303
10/26/2012,GRR,MI,AGL,CE,Combined TRACON& Tower with Radar,54,86,62,3,205,0,0,31,0,31,54,86,93,3,236,8,8,16,252
10/27/2012,GRR,MI,AGL,CE,Combined TRACON& Tower with Radar,30,47,23,0,100,0,0,28,0,28,30,47,51,0,128,44,0,44,172
10/28/2012,GRR,MI,AGL,CE,Combined TRACON& Tower with Radar,42,61,26,0,129,0,0,20,0,20,42,61,46,0,149,50,0,50,199
10/29/2012,GRR,MI,AGL,CE,Combined TRACON& Tower with Radar,36,67,54,0,157,0,1,17,0,18,36,68,71,0,175,46,0,46,221
10/30/2012,GRR,MI,AGL,CE,Combined TRACON& Tower with Radar,41,64,34,0,139,0,4,4,0,8,41,68,38,0,147,0,0,0,147
10/31/2012,GRR,MI,AGL,CE,Combined TRACON& Tower with Radar,48,70,46,0,164,1,1,3,0,5,49,71,49,0,169,20,0,20,189
11/01/2012,GRR,MI,AGL,CE,Combined TRACON& Tower with Radar,56,86,63,24,229,0,0,27,1,28,56,86,90,25,257,22,28,50,307
11/02/2012,GRR,MI,AGL,CE,Combined TRACON& Tower with Radar,47,83,70,0,200,0,0,21,0,21,47,83,91,0,221,30,0,30,251
11/03/2012,GRR,MI,AGL,CE,Combined TRACON& Tower with Radar,31,46,23,0,100,0,1,9,1,11,31,47,32,1,111,42,0,42,153
11/04/2012,GRR,MI,AGL,CE,Combined TRACON& Tower with Radar,39,59,46,0,144,0,0,10,0,10,39,59,56,0,154,0,0,0,154
11/05/2012,GRR,MI,AGL,CE,Combined TRACON& Tower with Radar,44,86,62,4,196,0,4,32,0,36,44,90,94,4,232,42,0,42,274
11/06/2012,GRR,MI,AGL,CE,Combined TRACON& Tower with Radar,43,76,59,16,194,0,2,21,0,23,43,78,80,16,217,22,8,30,247
11/07/2012,GRR,MI,AGL,CE,Combined TRACON& Tower with Radar,42,87,72,22,223,0,2,47,0,49,42,89,119,22,272,88,32,120,392
11/08/2012,GRR,MI,AGL,CE,Combined TRACON& Tower with Radar,45,92,79,8,224,0,2,20,4,26,45,94,99,12,250,25,0,25,275
11/09/2012,GRR,MI,AGL,CE,Combined TRACON& Tower with Radar,43,96,53,0,192,0,3,30,0,33,43,99,83,0,225,42,0,42,267
11/10/2012,GRR,MI,AGL,CE,Combined TRACON& Tower with Radar,33,54,18,0,105,0,1,10,0,11,33,55,28,0,116,54,0,54,170
11/11/2012,GRR,MI,AGL,CE,Combined TRACON& Tower with Radar,37,70,37,0,144,0,4,12,0,16,37,74,49,0,160,56,0,56,216
11/12/2012,GRR,MI,AGL,CE,Combined TRACON& Tower with Radar,37,88,58,0,183,0,0,1,0,1,37,88,59,0,184,0,0,0,184
11/13/2012,GRR,MI,AGL,CE,Combined TRACON& Tower with Radar,39,89,77,29,234,0,2,43,2,47,39,91,120,31,281,36,40,76,357
11/14/2012,GRR,MI,AGL,CE,Combined TRACON& Tower with Radar,43,90,79,3,215,0,2,35,2,39,43,92,114,5,254,30,0,30,284
11/15/2012,GRR,MI,AGL,CE,Combined TRACON& Tower with Radar,50,85,68,18,221,0,3,35,4,42,50,88,103,22,263,40,12,52,315
11/16/2012,GRR,MI,AGL,CE,Combined TRACON& Tower with Radar,50,87,58,2,197,0,2,45,0,47,50,89,103,2,244,44,0,44,288
11/17/2012,GRR,MI,AGL,CE,Combined TRACON& Tower with Radar,36,50,40,0,126,0,0,42,0,42,36,50,82,0,168,8,0,8,176
11/18/2012,GRR,MI,AGL,CE,Combined TRACON& Tower with Radar,47,61,27,0,135,0,2,19,0,21,47,63,46,0,156,42,0,42,198
11/19/2012,GRR,MI,AGL,CE,Combined TRACON& Tower with Radar,39,72,53,2,166,0,2,41,0,43,39,74,94,2,209,22,0,22,231
11/20/2012,GRR,MI,AGL,CE,Combined TRACON& Tower with Radar,47,88,80,12,227,0,1,32,0,33,47,89,112,12,260,20,20,40,300
11/21/2012,GRR,MI,AGL,CE,Combined TRACON& Tower with Radar,57,78,37,0,172,0,4,10,0,14,57,82,47,0,186,28,0,28,214
11/22/2012,GRR,MI,AGL,CE,Combined TRACON& Tower with Radar,22,31,11,0,64,0,3,15,0,18,22,34,26,0,82,0,0,0,82
11/23/2012,GRR,MI,AGL,CE,Combined TRACON& Tower with Radar,30,57,18,0,105,0,0,4,0,4,30,57,22,0,109,0,0,0,109
11/24/2012,GRR,MI,AGL,CE,Combined TRACON& Tower with Radar,45,65,25,0,135,0,2,12,0,14,45,67,37,0,149,52,0,52,201
11/25/2012,GRR,MI,AGL,CE,Combined TRACON& Tower with Radar,50,71,26,0,147,0,1,10,0,11,50,72,36,0,158,54,0,54,212
11/26/2012,GRR,MI,AGL,CE,Combined TRACON& Tower with Radar,44,84,54,0,182,0,0,25,0,25,44,84,79,0,207,10,0,10,217
11/27/2012,GRR,MI,AGL,CE,Combined TRACON& Tower with Radar,41,88,57,2,188,0,0,28,0,28,41,88,85,2,216,18,0,18,234
11/28/2012,GRR,MI,AGL,CE,Combined TRACON& Tower with Radar,48,87,61,0,196,0,1,24,0,25,48,88,85,0,221,40,0,40,261
11/29/2012,GRR,MI,AGL,CE,Combined TRACON& Tower with Radar,51,87,72,3,213,0,2,50,1,53,51,89,122,4,266,14,4,18,284
11/30/2012,GRR,MI,AGL,CE,Combined TRACON& Tower with Radar,43,90,60,0,193,0,0,2,0,2,43,90,62,0,195,0,0,0,195
12/01/2012,GRR,MI,AGL,CE,Combined TRACON& Tower with Radar,34,51,47,0,132,0,1,6,0,7,34,52,53,0,139,8,0,8,147
12/02/2012,GRR,MI,AGL,CE,Combined TRACON& Tower with Radar,34,59,25,0,118,0,1,2,0,3,34,60,27,0,121,0,0,0,121
12/03/2012,GRR,MI,AGL,CE,Combined TRACON& Tower with Radar,43,78,52,0,173,0,0,0,0,0,43,78,52,0,173,0,0,0,173
12/04/2012,GRR,MI,AGL,CE,Combined TRACON& Tower with Radar,35,104,99,6,244,0,1,31,2,34,35,105,130,8,278,22,0,22,300
12/05/2012,GRR,MI,AGL,CE,Combined TRACON& Tower with Radar,43,90,101,8,242,0,1,46,0,47,43,91,147,8,289,38,0,38,327
12/06/2012,GRR,MI,AGL,CE,Combined TRACON& Tower with Radar,48,87,75,14,224,0,2,20,0,22,48,89,95,14,246,38,16,54,300
12/07/2012,GRR,MI,AGL,CE,Combined TRACON& Tower with Radar,42,89,50,0,181,0,1,4,0,5,42,90,54,0,186,34,0,34,220
12/08/2012,GRR,MI,AGL,CE,Combined TRACON& Tower with Radar,34,49,19,0,102,0,1,5,0,6,34,50,24,0,108,0,0,0,108
12/09/2012,GRR,MI,AGL,CE,Combined TRACON& Tower with Radar,35,56,35,0,126,0,0,0,0,0,35,56,35,0,126,16,0,16,142
12/10/2012,GRR,MI,AGL,CE,Combined TRACON& Tower with Radar,39,90,55,0,184,0,0,14,0,14,39,90,69,0,198,14,0,14,212
12/11/2012,GRR,MI,AGL,CE,Combined TRACON& Tower with Radar,35,94,77,13,219,0,4,23,3,30,35,98,100,16,249,30,0,30,279
12/12/2012,GRR,MI,AGL,CE,Combined TRACON& Tower with Radar,46,90,87,4,227,0,3,55,0,58,46,93,142,4,285,100,0,100,385
12/13/2012,GRR,MI,AGL,CE,Combined TRACON& Tower with Radar,50,87,71,2,210,0,1,61,2,64,50,88,132,4,274,42,0,42,316
12/14/2012,GRR,MI,AGL,CE,Combined TRACON& Tower with Radar,51,95,64,1,211,0,1,52,2,55,51,96,116,3,266,76,0,76,342
12/15/2012,GRR,MI,AGL,CE,Combined TRACON& Tower with Radar,32,49,16,0,97,0,0,8,2,10,32,49,24,2,107,24,0,24,131
12/16/2012,GRR,MI,AGL,CE,Combined TRACON& Tower with Radar,42,58,17,0,117,0,0,0,0,0,42,58,17,0,117,0,0,0,117
12/17/2012,GRR,MI,AGL,CE,Combined TRACON& Tower with Radar,43,84,74,0,201,0,3,3,0,6,43,87,77,0,207,30,0,30,237
12/18/2012,GRR,MI,AGL,CE,Combined TRACON& Tower with Radar,41,80,76,16,213,0,0,29,2,31,41,80,105,18,244,4,6,10,254
12/19/2012,GRR,MI,AGL,CE,Combined TRACON& Tower with Radar,40,84,65,8,197,0,1,11,0,12,40,85,76,8,209,40,10,50,259
12/20/2012,GRR,MI,AGL,CE,Combined TRACON& Tower with Radar,46,65,47,0,158,0,0,0,0,0,46,65,47,0,158,0,0,0,158
12/21/2012,GRR,MI,AGL,CE,Combined TRACON& Tower with Radar,46,72,24,0,142,0,4,7,0,11,46,76,31,0,153,0,0,0,153
12/22/2012,GRR,MI,AGL,CE,Combined TRACON& Tower with Radar,34,60,47,0,141,0,2,37,0,39,34,62,84,0,180,62,0,62,242
12/23/2012,GRR,MI,AGL,CE,Combined TRACON& Tower with Radar,37,50,20,0,107,0,4,10,0,14,37,54,30,0,121,50,0,50,171
12/24/2012,GRR,MI,AGL,CE,Combined TRACON& Tower with Radar,30,53,19,0,102,0,1,7,0,8,30,54,26,0,110,24,0,24,134
12/25/2012,GRR,MI,AGL,CE,Combined TRACON& Tower with Radar,22,44,4,0,70,0,2,6,0,8,22,46,10,0,78,0,0,0,78
12/26/2012,GRR,MI,AGL,CE,Combined TRACON& Tower with Radar,41,67,17,0,125,0,0,2,0,2,41,67,19,0,127,0,0,0,127
12/27/2012,GRR,MI,AGL,CE,Combined TRACON& Tower with Radar,46,80,48,0,174,0,1,26,0,27,46,81,74,0,201,20,0,20,221
12/28/2012,GRR,MI,AGL,CE,Combined TRACON& Tower with Radar,39,84,19,0,142,0,0,1,0,1,39,84,20,0,143,0,0,0,143
12/29/2012,GRR,MI,AGL,CE,Combined TRACON& Tower with Radar,26,51,5,0,82,0,1,1,0,2,26,52,6,0,84,16,0,16,100
12/30/2012,GRR,MI,AGL,CE,Combined TRACON& Tower with Radar,34,54,21,0,109,0,2,8,0,10,34,56,29,0,119,0,0,0,119
12/31/2012,GRR,MI,AGL,CE,Combined TRACON& Tower with Radar,32,53,16,0,101,0,2,9,0,11,32,55,25,0,112,0,0,0,112
01/01/2013,GRR,MI,AGL,CE,Combined TRACON& Tower with Radar,25,54,11,0,90,0,2,5,0,7,25,56,16,0,97,0,0,0,97
01/02/2013,GRR,MI,AGL,CE,Combined TRACON& Tower with Radar,38,77,27,0,142,0,0,2,0,2,38,77,29,0,144,0,0,0,144
01/03/2013,GRR,MI,AGL,CE,Combined TRACON& Tower with Radar,48,80,33,0,161,0,1,1,0,2,48,81,34,0,163,0,0,0,163
01/04/2013,GRR,MI,AGL,CE,Combined TRACON& Tower with Radar,42,80,37,12,171,0,0,4,2,6,42,80,41,14,177,10,12,22,199
01/05/2013,GRR,MI,AGL,CE,Combined TRACON& Tower with Radar,30,45,26,0,101,0,1,24,0,25,30,46,50,0,126,18,0,18,144
01/06/2013,GRR,MI,AGL,CE,Combined TRACON& Tower with Radar,44,59,17,0,120,0,0,0,1,1,44,59,17,1,121,4,0,4,125
01/07/2013,GRR,MI,AGL,CE,Combined TRACON& Tower with Radar,40,82,52,0,174,0,3,35,0,38,40,85,87,0,212,28,0,28,240
01/08/2013,GRR,MI,AGL,CE,Combined TRACON& Tower with Radar,39,84,58,0,181,0,0,28,0,28,39,84,86,0,209,26,0,26,235
01/09/2013,GRR,MI,AGL,CE,Combined TRACON& Tower with Radar,41,77,46,1,165,0,2,22,1,25,41,79,68,2,190,10,0,10,200
01/10/2013,GRR,MI,AGL,CE,Combined TRACON& Tower with Radar,47,75,44,11,177,0,0,39,1,40,47,75,83,12,217,14,14,28,245
01/11/2013,GRR,MI,AGL,CE,Combined TRACON& Tower with Radar,44,80,39,0,163,0,0,0,0,0,44,80,39,0,163,4,0,4,167
01/12/2013,GRR,MI,AGL,CE,Combined TRACON& Tower with Radar,33,52,27,0,112,0,2,15,0,17,33,54,42,0,129,0,0,0,129
01/13/2013,GRR,MI,AGL,CE,Combined TRACON& Tower with Radar,47,55,18,0,120,0,0,0,0,0,47,55,18,0,120,0,0,0,120
01/14/2013,GRR,MI,AGL,CE,Combined TRACON& Tower with Radar,37,85,63,0,185,0,1,7,0,8,37,86,70,0,193,0,0,0,193
01/15/2013,GRR,MI,AGL,CE,Combined TRACON& Tower with Radar,40,76,52,7,175,0,1,21,0,22,40,77,73,7,197,26,14,40,237
01/16/2013,GRR,MI,AGL,CE,Combined TRACON& Tower with Radar,41,78,38,10,167,0,0,17,0,17,41,78,55,10,184,0,0,0,184
01/17/2013,GRR,MI,AGL,CE,Combined TRACON& Tower with Radar,50,80,49,11,190,0,2,17,3,22,50,82,66,14,212,14,0,14,226
01/18/2013,GRR,MI,AGL,CE,Combined TRACON& Tower with Radar,37,80,55,2,174,0,1,16,0,17,37,81,71,2,191,0,0,0,191
01/19/2013,GRR,MI,AGL,CE,Combined TRACON& Tower with Radar,33,47,19,0,99,0,1,17,0,18,33,48,36,0,117,16,0,16,133
01/20/2013,GRR,MI,AGL,CE,Combined TRACON& Tower with Radar,40,41,13,0,94,0,1,4,0,5,40,42,17,0,99,0,0,0,99
01/21/2013,GRR,MI,AGL,CE,Combined TRACON& Tower with Radar,36,77,42,0,155,0,0,0,0,0,36,77,42,0,155,0,0,0,155
01/22/2013,GRR,MI,AGL,CE,Combined TRACON& Tower with Radar,39,77,51,0,167,0,0,3,0,3,39,77,54,0,170,0,0,0,170
01/23/2013,GRR,MI,AGL,CE,Combined TRACON& Tower with Radar,41,77,55,0,173,0,1,0,0,1,41,78,55,0,174,0,0,0,174
01/24/2013,GRR,MI,AGL,CE,Combined TRACON& Tower with Radar,49,85,56,2,192,0,3,43,4,50,49,88,99,6,242,52,0,52,294
01/25/2013,GRR,MI,AGL,CE,Combined TRACON& Tower with Radar,44,74,31,0,149,0,0,0,0,0,44,74,31,0,149,0,0,0,149
01/26/2013,GRR,MI,AGL,CE,Combined TRACON& Tower with Radar,33,39,19,0,91,0,1,27,0,28,33,40,46,0,119,26,0,26,145
01/27/2013,GRR,MI,AGL,CE,Combined TRACON& Tower with Radar,45,52,23,0,120,0,0,8,0,8,45,52,31,0,128,22,0,22,150
01/28/2013,GRR,MI,AGL,CE,Combined TRACON& Tower with Radar,37,78,35,0,150,0,2,0,0,2,37,80,35,0,152,0,0,0,152
01/29/2013,GRR,MI,AGL,CE,Combined TRACON& Tower with Radar,34,48,31,0,113,0,0,0,0,0,34,48,31,0,113,0,0,0,113
01/30/2013,GRR,MI,AGL,CE,Combined TRACON& Tower with Radar,45,76,63,0,184,0,0,0,0,0,45,76,63,0,184,7,0,7,191
01/31/2013,GRR,MI,AGL,CE,Combined TRACON& Tower with Radar,50,84,39,0,173,0,0,0,0,0,50,84,39,0,173,0,0,0,173
02/01/2013,GRR,MI,AGL,CE,Combined TRACON& Tower with Radar,44,78,44,8,174,0,0,0,0,0,44,78,44,8,174,0,0,0,174
02/02/2013,GRR,MI,AGL,CE,Combined TRACON& Tower with Radar,33,44,13,0,90,0,0,3,0,3,33,44,16,0,93,0,0,0,93
02/03/2013,GRR,MI,AGL,CE,Combined TRACON& Tower with Radar,45,43,18,0,106,0,0,0,0,0,45,43,18,0,106,0,0,0,106
02/04/2013,GRR,MI,AGL,CE,Combined TRACON& Tower with Radar,39,73,67,0,179,0,2,5,0,7,39,75,72,0,186,0,0,0,186
02/05/2013,GRR,MI,AGL,CE,Combined TRACON& Tower with Radar,37,83,53,8,181,0,0,1,0,1,37,83,54,8,182,0,0,0,182
02/06/2013,GRR,MI,AGL,CE,Combined TRACON& Tower with Radar,42,79,68,3,192,0,2,52,1,55,42,81,120,4,247,18,0,18,265
02/07/2013,GRR,MI,AGL,CE,Combined TRACON& Tower with Radar,46,74,41,0,161,0,0,1,0,1,46,74,42,0,162,0,0,0,162
02/08/2013,GRR,MI,AGL,CE,Combined TRACON& Tower with Radar,44,72,50,0,166,0,2,12,0,14,44,74,62,0,180,10,0,10,190
02/09/2013,GRR,MI,AGL,CE,Combined TRACON& Tower with Radar,34,46,25,0,105,0,1,57,0,58,34,47,82,0,163,70,0,70,233
02/10/2013,GRR,MI,AGL,CE,Combined TRACON& Tower with Radar,51,53,19,0,123,0,1,4,0,5,51,54,23,0,128,0,0,0,128
02/11/2013,GRR,MI,AGL,CE,Combined TRACON& Tower with Radar,40,79,47,0,166,0,0,1,0,1,40,79,48,0,167,0,0,0,167
02/12/2013,GRR,MI,AGL,CE,Combined TRACON& Tower with Radar,41,78,57,0,176,1,0,2,0,3,42,78,59,0,179,30,0,30,209
02/13/2013,GRR,MI,AGL,CE,Combined TRACON& Tower with Radar,42,86,73,0,201,0,1,39,0,40,42,87,112,0,241,44,0,44,285
02/14/2013,GRR,MI,AGL,CE,Combined TRACON& Tower with Radar,51,83,51,0,185,0,0,1,0,1,51,83,52,0,186,0,0,0,186
02/15/2013,GRR,MI,AGL,CE,Combined TRACON& Tower with Radar,43,80,43,2,168,0,2,7,0,9,43,82,50,2,177,10,0,10,187
02/16/2013,GRR,MI,AGL,CE,Combined TRACON& Tower with Radar,35,49,29,0,113,0,0,1,0,1,35,49,30,0,114,16,0,16,130
02/17/2013,GRR,MI,AGL,CE,Combined TRACON& Tower with Radar,38,55,36,0,129,0,0,17,0,17,38,55,53,0,146,18,0,18,164
02/18/2013,GRR,MI,AGL,CE,Combined TRACON& Tower with Radar,37,80,61,0,178,0,4,24,0,28,37,84,85,0,206,0,0,0,206
02/19/2013,GRR,MI,AGL,CE,Combined TRACON& Tower with Radar,43,77,39,0,159,0,0,0,0,0,43,77,39,0,159,0,0,0,159
02/20/2013,GRR,MI,AGL,CE,Combined TRACON& Tower with Radar,38,97,97,0,232,0,1,3,0,4,38,98,100,0,236,58,0,58,294
02/21/2013,GRR,MI,AGL,CE,Combined TRACON& Tower with Radar,43,84,68,19,214,0,2,14,1,17,43,86,82,20,231,66,36,102,333
02/22/2013,GRR,MI,AGL,CE,Combined TRACON& Tower with Radar,38,76,25,0,139,0,0,0,0,0,38,76,25,0,139,0,0,0,139
02/23/2013,GRR,MI,AGL,CE,Combined TRACON& Tower with Radar,39,73,67,0,179,0,2,5,0,7,39,75,72,0,186,0,0,0,186
02/24/2013,GRR,MI,AGL,CE,Combined TRACON& Tower with Radar,37,83,53,8,181,0,0,1,0,1,37,83,54,8,182,12,0,12,194
02/25/2013,GRR,MI,AGL,CE,Combined TRACON& Tower with Radar,42,79,67,3,191,0,2,52,1,55,42,81,119,4,246,0,0,0,246
02/26/2013,GRR,MI,AGL,CE,Combined TRACON& Tower with Radar,44,69,44,0,157,0,0,6,0,6,44,69,50,0,163,14,0,14,177
02/27/2013,GRR,MI,AGL,CE,Combined TRACON& Tower with Radar,38,80,41,0,159,0,0,0,0,0,38,80,41,0,159,0,0,0,159
02/28/2013,GRR,MI,AGL,CE,Combined TRACON& Tower with Radar,45,92,54,2,193,0,0,3,0,3,45,92,57,2,196,0,0,0,196
03/01/2013,GRR,MI,AGL,CE,Combined TRACON& Tower with Radar,39,89,47,12,187,0,1,22,0,23,39,90,69,12,210,2,8,10,220
03/02/2013,GRR,MI,AGL,CE,Combined TRACON& Tower with Radar,36,58,25,0,119,0,2,27,0,29,36,60,52,0,148,34,0,34,182
03/03/2013,GRR,MI,AGL,CE,Combined TRACON& Tower with Radar,47,59,28,0,134,0,0,18,0,18,47,59,46,0,152,0,0,0,152
03/04/2013,GRR,MI,AGL,CE,Combined TRACON& Tower with Radar,43,74,58,0,175,0,4,31,0,35,43,78,89,0,210,30,0,30,240
03/05/2013,GRR,MI,AGL,CE,Combined TRACON& Tower with Radar,45,71,56,17,189,0,2,14,1,17,45,73,70,18,206,6,12,18,224
03/06/2013,GRR,MI,AGL,CE,Combined TRACON& Tower with Radar,43,84,57,1,185,0,2,18,1,21,43,86,75,2,206,6,0,6,212
03/07/2013,GRR,MI,AGL,CE,Combined TRACON& Tower with Radar,51,82,68,0,201,0,0,24,0,24,51,82,92,0,225,40,0,40,265
03/08/2013,GRR,MI,AGL,CE,Combined TRACON& Tower with Radar,38,84,43,0,165,0,2,62,0,64,38,86,105,0,229,50,0,50,279
03/09/2013,GRR,MI,AGL,CE,Combined TRACON& Tower with Radar,36,52,19,0,107,0,1,13,0,14,36,53,32,0,121,10,0,10,131
03/10/2013,GRR,MI,AGL,CE,Combined TRACON& Tower with Radar,47,58,25,0,130,0,2,2,0,4,47,60,27,0,134,0,0,0,134
03/11/2013,GRR,MI,AGL,CE,Combined TRACON& Tower with Radar,41,90,76,0,207,0,0,0,0,0,41,90,76,0,207,0,0,0,207
03/12/2013,GRR,MI,AGL,CE,Combined TRACON& Tower with Radar,47,83,55,0,185,0,0,4,0,4,47,83,59,0,189,34,0,34,223
03/13/2013,GRR,MI,AGL,CE,Combined TRACON& Tower with Radar,43,88,69,0,200,0,1,12,0,13,43,89,81,0,213,0,0,0,213
03/14/2013,GRR,MI,AGL,CE,Combined TRACON& Tower with Radar,52,85,72,0,209,0,0,55,0,55,52,85,127,0,264,22,0,22,286
03/15/2013,GRR,MI,AGL,CE,Combined TRACON& Tower with Radar,43,85,50,0,178,0,0,3,0,3,43,85,53,0,181,0,0,0,181
03/16/2013,GRR,MI,AGL,CE,Combined TRACON& Tower with Radar,41,56,14,0,111,0,1,4,0,5,41,57,18,0,116,0,0,0,116
03/17/2013,GRR,MI,AGL,CE,Combined TRACON& Tower with Radar,46,60,32,0,138,0,0,28,0,28,46,60,60,0,166,0,0,0,166
03/18/2013,GRR,MI,AGL,CE,Combined TRACON& Tower with Radar,39,90,50,0,179,0,0,8,0,8,39,90,58,0,187,20,0,20,207
03/19/2013,GRR,MI,AGL,CE,Combined TRACON& Tower with Radar,46,86,44,0,176,0,1,2,0,3,46,87,46,0,179,22,0,22,201
03/20/2013,GRR,MI,AGL,CE,Combined TRACON& Tower with Radar,45,84,50,0,179,0,0,2,0,2,45,84,52,0,181,0,0,0,181
03/21/2013,GRR,MI,AGL,CE,Combined TRACON& Tower with Radar,50,89,61,15,215,0,0,1,1,2,50,89,62,16,217,0,0,0,217
03/22/2013,GRR,MI,AGL,CE,Combined TRACON& Tower with Radar,45,84,68,0,197,0,1,45,0,46,45,85,113,0,243,0,0,0,243
03/23/2013,GRR,MI,AGL,CE,Combined TRACON& Tower with Radar,41,53,12,0,106,0,1,23,0,24,41,54,35,0,130,16,0,16,146
03/24/2013,GRR,MI,AGL,CE,Combined TRACON& Tower with Radar,43,63,37,0,143,0,3,21,0,24,43,66,58,0,167,10,0,10,177
03/25/2013,GRR,MI,AGL,CE,Combined TRACON& Tower with Radar,40,80,62,0,182,0,1,25,0,26,40,81,87,0,208,26,0,26,234
03/26/2013,GRR,MI,AGL,CE,Combined TRACON& Tower with Radar,52,82,50,0,184,0,2,8,0,10,52,84,58,0,194,62,0,62,256
03/27/2013,GRR,MI,AGL,CE,Combined TRACON& Tower with Radar,50,83,56,1,190,0,5,35,0,40,50,88,91,1,230,26,8,34,264
03/28/2013,GRR,MI,AGL,CE,Combined TRACON& Tower with Radar,55,85,52,6,198,0,4,61,4,69,55,89,113,10,267,52,0,52,319
03/29/2013,GRR,MI,AGL,CE,Combined TRACON& Tower with Radar,47,89,41,2,179,0,2,60,0,62,47,91,101,2,241,40,0,40,281
03/30/2013,GRR,MI,AGL,CE,Combined TRACON& Tower with Radar,50,49,23,0,122,0,2,40,0,42,50,51,63,0,164,0,0,0,164
03/31/2013,GRR,MI,AGL,CE,Combined TRACON& Tower with Radar,47,53,3,0,103,0,2,1,0,3,47,55,4,0,106,0,0,0,106
04/01/2013,GRR,MI,AGL,CE,Combined TRACON& Tower with Radar,43,82,37,0,162,0,1,11,0,12,43,83,48,0,174,10,0,10,184
04/02/2013,GRR,MI,AGL,CE,Combined TRACON& Tower with Radar,49,83,16,7,155,0,1,28,1,30,49,84,44,8,185,72,6,78,263
04/03/2013,GRR,MI,AGL,CE,Combined TRACON& Tower with Radar,43,84,30,0,157,0,2,44,0,46,43,86,74,0,203,106,0,106,309
04/04/2013,GRR,MI,AGL,CE,Combined TRACON& Tower with Radar,49,85,57,0,191,0,2,36,0,38,49,87,93,0,229,50,0,50,279
04/05/2013,GRR,MI,AGL,CE,Combined TRACON& Tower with Radar,48,87,23,0,158,0,1,32,0,33,48,88,55,0,191,0,0,0,191
04/06/2013,GRR,MI,AGL,CE,Combined TRACON& Tower with Radar,45,59,16,0,120,0,2,9,0,11,45,61,25,0,131,0,0,0,131
04/07/2013,GRR,MI,AGL,CE,Combined TRACON& Tower with Radar,48,64,23,0,135,0,1,7,0,8,48,65,30,0,143,0,0,0,143
04/08/2013,GRR,MI,AGL,CE,Combined TRACON& Tower with Radar,43,82,34,0,159,0,1,0,0,1,43,83,34,0,160,0,0,0,160
04/09/2013,GRR,MI,AGL,CE,Combined TRACON& Tower with Radar,54,82,43,0,179,0,0,0,0,0,54,82,43,0,179,2,0,2,181
04/10/2013,GRR,MI,AGL,CE,Combined TRACON& Tower with Radar,48,64,29,0,141,0,0,0,0,0,48,64,29,0,141,0,0,0,141
04/11/2013,GRR,MI,AGL,CE,Combined TRACON& Tower with Radar,54,75,48,0,177,0,0,0,0,0,54,75,48,0,177,0,0,0,177
04/12/2013,GRR,MI,AGL,CE,Combined TRACON& Tower with Radar,49,87,41,0,177,0,0,5,0,5,49,87,46,0,182,0,0,0,182
04/13/2013,GRR,MI,AGL,CE,Combined TRACON& Tower with Radar,40,40,14,0,94,0,0,8,0,8,40,40,22,0,102,36,0,36,138
04/14/2013,GRR,MI,AGL,CE,Combined TRACON& Tower with Radar,42,60,20,0,122,0,1,1,0,2,42,61,21,0,124,16,0,16,140
04/15/2013,GRR,MI,AGL,CE,Combined TRACON& Tower with Radar,39,83,59,8,189,0,2,22,0,24,39,85,81,8,213,0,0,0,213
04/16/2013,GRR,MI,AGL,CE,Combined TRACON& Tower with Radar,43,88,53,2,186,0,2,57,4,63,43,90,110,6,249,116,0,116,365
04/17/2013,GRR,MI,AGL,CE,Combined TRACON& Tower with Radar,38,90,70,1,199,0,2,28,1,31,38,92,98,2,230,52,0,52,282
04/18/2013,GRR,MI,AGL,CE,Combined TRACON& Tower with Radar,40,51,37,0,128,0,2,2,0,4,40,53,39,0,132,0,0,0,132
04/19/2013,GRR,MI,AGL,CE,Combined TRACON& Tower with Radar,41,86,39,0,166,0,2,7,0,9,41,88,46,0,175,34,0,34,209
04/20/2013,GRR,MI,AGL,CE,Combined TRACON& Tower with Radar,34,43,17,0,94,0,1,31,0,32,34,44,48,0,126,34,0,34,160
04/21/2013,GRR,MI,AGL,CE,Combined TRACON& Tower with Radar,43,63,28,0,134,0,0,27,0,27,43,63,55,0,161,0,0,0,161
04/22/2013,GRR,MI,AGL,CE,Combined TRACON& Tower with Radar,39,84,69,0,192,0,2,51,0,53,39,86,120,0,245,24,0,24,269
04/23/2013,GRR,MI,AGL,CE,Combined TRACON& Tower with Radar,44,79,61,0,184,0,0,24,0,24,44,79,85,0,208,0,0,0,208
04/24/2013,GRR,MI,AGL,CE,Combined TRACON& Tower with Radar,45,82,73,0,200,0,2,25,0,27,45,84,98,0,227,52,0,52,279
04/25/2013,GRR,MI,AGL,CE,Combined TRACON& Tower with Radar,51,84,64,0,199,0,2,14,2,18,51,86,78,2,217,0,0,0,217
04/26/2013,GRR,MI,AGL,CE,Combined TRACON& Tower with Radar,42,82,49,0,173,0,3,37,0,40,42,85,86,0,213,66,0,66,279
04/27/2013,GRR,MI,AGL,CE,Combined TRACON& Tower with Radar,38,45,28,0,111,0,4,48,0,52,38,49,76,0,163,36,0,36,199
04/28/2013,GRR,MI,AGL,CE,Combined TRACON& Tower with Radar,41,63,28,0,132,0,1,8,0,9,41,64,36,0,141,0,0,0,141
04/29/2013,GRR,MI,AGL,CE,Combined TRACON& Tower with Radar,42,85,51,0,178,0,1,33,0,34,42,86,84,0,212,36,0,36,248
04/30/2013,GRR,MI,AGL,CE,Combined TRACON& Tower with Radar,44,80,70,0,194,0,2,35,0,37,44,82,105,0,231,48,0,48,279
05/01/2013,GRR,MI,AGL,CE,Combined TRACON& Tower with Radar,36,89,54,0,179,0,0,34,0,34,36,89,88,0,213,18,0,18,231
05/02/2013,GRR,MI,AGL,CE,Combined TRACON& Tower with Radar,40,100,70,12,222,0,2,42,0,44,40,102,112,12,266,108,0,108,374
05/03/2013,GRR,MI,AGL,CE,Combined TRACON& Tower with Radar,41,90,52,0,183,0,2,15,0,17,41,92,67,0,200,16,0,16,216
05/04/2013,GRR,MI,AGL,CE,Combined TRACON& Tower with Radar,35,53,25,16,129,0,3,26,0,29,35,56,51,16,158,14,26,40,198
05/05/2013,GRR,MI,AGL,CE,Combined TRACON& Tower with Radar,41,68,25,0,134,0,1,27,0,28,41,69,52,0,162,16,0,16,178
05/06/2013,GRR,MI,AGL,CE,Combined TRACON& Tower with Radar,34,98,66,0,198,0,2,17,0,19,34,100,83,0,217,16,0,16,233
05/07/2013,GRR,MI,AGL,CE,Combined TRACON& Tower with Radar,37,92,65,2,196,0,1,44,2,47,37,93,109,4,243,88,0,88,331
05/08/2013,GRR,MI,AGL,CE,Combined TRACON& Tower with Radar,38,86,88,0,212,0,5,69,0,74,38,91,157,0,286,68,0,68,354
05/09/2013,GRR,MI,AGL,CE,Combined TRACON& Tower with Radar,41,92,46,8,187,0,3,44,0,47,41,95,90,8,234,0,0,0,234
05/10/2013,GRR,MI,AGL,CE,Combined TRACON& Tower with Radar,39,97,72,0,208,0,0,5,0,5,39,97,77,0,213,10,0,10,223
05/11/2013,GRR,MI,AGL,CE,Combined TRACON& Tower with Radar,36,48,31,0,115,0,1,4,0,5,36,49,35,0,120,0,0,0,120
05/12/2013,GRR,MI,AGL,CE,Combined TRACON& Tower with Radar,41,67,24,0,132,0,4,17,0,21,41,71,41,0,153,38,10,48,201
05/13/2013,GRR,MI,AGL,CE,Combined TRACON& Tower with Radar,36,100,120,11,267,0,4,67,0,71,36,104,187,11,338,30,10,40,378
05/14/2013,GRR,MI,AGL,CE,Combined TRACON& Tower with Radar,39,88,85,6,218,0,3,60,4,67,39,91,145,10,285,92,0,92,377
05/15/2013,GRR,MI,AGL,CE,Combined TRACON& Tower with Radar,39,89,70,0,198,0,1,43,0,44,39,90,113,0,242,46,0,46,288
05/16/2013,GRR,MI,AGL,CE,Combined TRACON& Tower with Radar,46,93,64,0,203,0,2,57,0,59,46,95,121,0,262,72,0,72,334
05/17/2013,GRR,MI,AGL,CE,Combined TRACON& Tower with Radar,37,93,37,0,167,0,0,44,0,44,37,93,81,0,211,6,0,6,217
05/18/2013,GRR,MI,AGL,CE,Combined TRACON& Tower with Radar,36,49,22,0,107,0,0,42,0,42,36,49,64,0,149,24,0,24,173
05/19/2013,GRR,MI,AGL,CE,Combined TRACON& Tower with Radar,40,67,29,0,136,0,2,25,0,27,40,69,54,0,163,14,0,14,177
05/20/2013,GRR,MI,AGL,CE,Combined TRACON& Tower with Radar,33,94,58,0,185,0,0,13,0,13,33,94,71,0,198,0,0,0,198
05/21/2013,GRR,MI,AGL,CE,Combined TRACON& Tower with Radar,41,87,58,4,190,0,2,31,0,33,41,89,89,4,223,118,0,118,341
05/22/2013,GRR,MI,AGL,CE,Combined TRACON& Tower with Radar,34,95,67,0,196,0,0,0,0,0,34,95,67,0,196,40,0,40,236
05/23/2013,GRR,MI,AGL,CE,Combined TRACON& Tower with Radar,31,76,59,8,174,0,0,1,0,1,31,76,60,8,175,16,0,16,191
05/24/2013,GRR,MI,AGL,CE,Combined TRACON& Tower with Radar,38,95,52,0,185,0,3,37,0,40,38,98,89,0,225,52,0,52,277
05/25/2013,GRR,MI,AGL,CE,Combined TRACON& Tower with Radar,34,44,14,0,92,0,4,39,0,43,34,48,53,0,135,50,0,50,185
05/26/2013,GRR,MI,AGL,CE,Combined TRACON& Tower with Radar,34,47,16,0,97,0,2,24,0,26,34,49,40,0,123,64,0,64,187
05/27/2013,GRR,MI,AGL,CE,Combined TRACON& Tower with Radar,34,67,21,0,122,0,0,8,0,8,34,67,29,0,130,44,0,44,174
05/28/2013,GRR,MI,AGL,CE,Combined TRACON& Tower with Radar,32,91,65,0,188,0,1,6,0,7,32,92,71,0,195,8,0,8,203
05/29/2013,GRR,MI,AGL,CE,Combined TRACON& Tower with Radar,39,100,73,0,212,0,1,26,0,27,39,101,99,0,239,56,0,56,295
05/30/2013,GRR,MI,AGL,CE,Combined TRACON& Tower with Radar,52,86,63,0,201,0,0,24,0,24,52,86,87,0,225,34,0,34,259
05/31/2013,GRR,MI,AGL,CE,Combined TRACON& Tower with Radar,38,97,54,0,189,0,3,14,0,17,38,100,68,0,206,22,0,22,228
06/01/2013,GRR,MI,AGL,CE,Combined TRACON& Tower with Radar,41,48,12,0,101,0,0,15,0,15,41,48,27,0,116,0,0,0,116
06/02/2013,GRR,MI,AGL,CE,Combined TRACON& Tower with Radar,41,69,35,0,145,0,2,8,0,10,41,71,43,0,155,0,0,0,155
06/03/2013,GRR,MI,AGL,CE,Combined TRACON& Tower with Radar,36,97,42,3,178,0,1,39,0,40,36,98,81,3,218,18,0,18,236
06/04/2013,GRR,MI,AGL,CE,Combined TRACON& Tower with Radar,37,93,85,0,215,0,0,49,0,49,37,93,134,0,264,58,0,58,322
06/05/2013,GRR,MI,AGL,CE,Combined TRACON& Tower with Radar,35,91,63,0,189,0,1,30,0,31,35,92,93,0,220,46,0,46,266
06/06/2013,GRR,MI,AGL,CE,Combined TRACON& Tower with Radar,46,95,62,0,203,0,3,32,0,35,46,98,94,0,238,34,0,34,272
06/07/2013,GRR,MI,AGL,CE,Combined TRACON& Tower with Radar,41,91,45,4,181,0,2,23,0,25,41,93,68,4,206,46,4,50,256
06/08/2013,GRR,MI,AGL,CE,Combined TRACON& Tower with Radar,37,59,14,2,112,0,2,126,0,128,37,61,140,2,240,34,0,34,274
06/09/2013,GRR,MI,AGL,CE,Combined TRACON& Tower with Radar,36,78,37,0,151,0,0,10,0,10,36,78,47,0,161,0,0,0,161
06/10/2013,GRR,MI,AGL,CE,Combined TRACON& Tower with Radar,46,95,68,0,209,0,0,1,0,1,46,95,69,0,210,0,0,0,210
06/11/2013,GRR,MI,AGL,CE,Combined TRACON& Tower with Radar,46,92,64,0,202,0,2,43,0,45,46,94,107,0,247,12,0,12,259
06/12/2013,GRR,MI,AGL,CE,Combined TRACON& Tower with Radar,47,87,60,0,194,0,2,14,0,16,47,89,74,0,210,20,0,20,230
06/13/2013,GRR,MI,AGL,CE,Combined TRACON& Tower with Radar,51,100,69,0,220,0,1,38,0,39,51,101,107,0,259,16,0,16,275
06/14/2013,GRR,MI,AGL,CE,Combined TRACON& Tower with Radar,50,86,50,0,186,0,3,55,0,58,50,89,105,0,244,58,0,58,302
06/15/2013,GRR,MI,AGL,CE,Combined TRACON& Tower with Radar,37,69,19,0,125,0,4,22,0,26,37,73,41,0,151,14,0,14,165
06/16/2013,GRR,MI,AGL,CE,Combined TRACON& Tower with Radar,43,68,20,0,131,0,1,5,0,6,43,69,25,0,137,0,0,0,137
06/17/2013,GRR,MI,AGL,CE,Combined TRACON& Tower with Radar,44,90,53,0,187,0,0,32,0,32,44,90,85,0,219,54,0,54,273
06/18/2013,GRR,MI,AGL,CE,Combined TRACON& Tower with Radar,42,89,72,0,203,0,2,48,0,50,42,91,120,0,253,70,0,70,323
06/19/2013,GRR,MI,AGL,CE,Combined TRACON& Tower with Radar,42,91,91,0,224,0,3,85,0,88,42,94,176,0,312,62,0,62,374
06/20/2013,GRR,MI,AGL,CE,Combined TRACON& Tower with Radar,48,91,68,0,207,0,1,42,1,44,48,92,110,1,251,44,0,44,295
06/21/2013,GRR,MI,AGL,CE,Combined TRACON& Tower with Radar,48,89,55,0,192,0,3,40,0,43,48,92,95,0,235,28,0,28,263
06/22/2013,GRR,MI,AGL,CE,Combined TRACON& Tower with Radar,40,78,34,1,153,0,2,17,0,19,40,80,51,1,172,58,0,58,230
06/23/2013,GRR,MI,AGL,CE,Combined TRACON& Tower with Radar,49,63,26,0,138,0,1,9,0,10,49,64,35,0,148,0,0,0,148
06/24/2013,GRR,MI,AGL,CE,Combined TRACON& Tower with Radar,49,81,44,0,174,0,1,19,0,20,49,82,63,0,194,46,0,46,240
06/25/2013,GRR,MI,AGL,CE,Combined TRACON& Tower with Radar,46,86,51,0,183,0,2,11,0,13,46,88,62,0,196,8,0,8,204
06/26/2013,GRR,MI,AGL,CE,Combined TRACON& Tower with Radar,42,77,55,0,174,0,2,55,0,57,42,79,110,0,231,50,0,50,281
06/27/2013,GRR,MI,AGL,CE,Combined TRACON& Tower with Radar,56,91,53,0,200,0,1,16,0,17,56,92,69,0,217,6,0,6,223
06/28/2013,GRR,MI,AGL,CE,Combined TRACON& Tower with Radar,50,85,41,0,176,0,2,25,0,27,50,87,66,0,203,0,0,0,203
06/29/2013,GRR,MI,AGL,CE,Combined TRACON& Tower with Radar,41,70,24,0,135,0,0,5,0,5,41,70,29,0,140,0,0,0,140
06/30/2013,GRR,MI,AGL,CE,Combined TRACON& Tower with Radar,40,64,25,0,129,0,2,42,0,44,40,66,67,0,173,6,0,6,179
07/01/2013,GRR,MI,AGL,CE,Combined TRACON& Tower with Radar,41,81,33,0,155,0,1,39,1,41,41,82,72,1,196,42,0,42,238
07/02/2013,GRR,MI,AGL,CE,Combined TRACON& Tower with Radar,39,89,43,0,171,1,2,16,0,19,40,91,59,0,190,10,0,10,200
07/03/2013,GRR,MI,AGL,CE,Combined TRACON& Tower with Radar,41,87,42,0,170,0,2,18,0,20,41,89,60,0,190,12,0,12,202
07/04/2013,GRR,MI,AGL,CE,Combined TRACON& Tower with Radar,32,49,10,0,91,0,2,15,0,17,32,51,25,0,108,0,0,0,108
07/05/2013,GRR,MI,AGL,CE,Combined TRACON& Tower with Radar,37,62,15,0,114,1,2,23,4,30,38,64,38,4,144,12,4,16,160
07/06/2013,GRR,MI,AGL,CE,Combined TRACON& Tower with Radar,36,72,18,0,126,0,1,20,0,21,36,73,38,0,147,0,0,0,147
07/07/2013,GRR,MI,AGL,CE,Combined TRACON& Tower with Radar,41,61,22,0,124,0,1,8,0,9,41,62,30,0,133,12,0,12,145
07/08/2013,GRR,MI,AGL,CE,Combined TRACON& Tower with Radar,58,80,46,1,185,0,1,10,0,11,58,81,56,1,196,8,2,10,206
07/09/2013,GRR,MI,AGL,CE,Combined TRACON& Tower with Radar,45,89,68,1,203,0,0,15,1,16,45,89,83,2,219,0,0,0,219
07/10/2013,GRR,MI,AGL,CE,Combined TRACON& Tower with Radar,41,86,67,0,194,0,1,23,2,26,41,87,90,2,220,10,0,10,230
07/11/2013,GRR,MI,AGL,CE,Combined TRACON& Tower with Radar,48,87,60,1,196,0,7,55,1,63,48,94,115,2,259,30,0,30,289
07/12/2013,GRR,MI,AGL,CE,Combined TRACON& Tower with Radar,46,87,55,1,189,0,2,40,1,43,46,89,95,2,232,0,0,0,232
07/13/2013,GRR,MI,AGL,CE,Combined TRACON& Tower with Radar,36,63,24,0,123,0,2,32,0,34,36,65,56,0,157,0,0,0,157
07/14/2013,GRR,MI,AGL,CE,Combined TRACON& Tower with Radar,43,67,34,0,144,0,0,21,0,21,43,67,55,0,165,0,0,0,165
07/15/2013,GRR,MI,AGL,CE,Combined TRACON& Tower with Radar,44,84,66,0,194,0,0,24,0,24,44,84,90,0,218,10,0,10,228
07/16/2013,GRR,MI,AGL,CE,Combined TRACON& Tower with Radar,44,95,51,4,194,0,1,33,3,37,44,96,84,7,231,32,0,32,263
07/17/2013,GRR,MI,AGL,CE,Combined TRACON& Tower with Radar,43,88,100,0,231,0,0,35,0,35,43,88,135,0,266,30,0,30,296
07/18/2013,GRR,MI,AGL,CE,Combined TRACON& Tower with Radar,48,86,45,3,182,0,0,24,3,27,48,86,69,6,209,4,6,10,219
07/19/2013,GRR,MI,AGL,CE,Combined TRACON& Tower with Radar,45,81,45,0,171,0,5,15,0,20,45,86,60,0,191,0,0,0,191
07/20/2013,GRR,MI,AGL,CE,Combined TRACON& Tower with Radar,35,68,16,0,119,0,0,31,0,31,35,68,47,0,150,26,0,26,176
07/21/2013,GRR,MI,AGL,CE,Combined TRACON& Tower with Radar,46,69,24,0,139,0,4,21,0,25,46,73,45,0,164,0,0,0,164
07/22/2013,GRR,MI,AGL,CE,Combined TRACON& Tower with Radar,44,82,51,0,177,0,4,33,0,37,44,86,84,0,214,0,0,0,214
07/23/2013,GRR,MI,AGL,CE,Combined TRACON& Tower with Radar,42,80,62,2,186,0,5,19,0,24,42,85,81,2,210,36,4,40,250
07/24/2013,GRR,MI,AGL,CE,Combined TRACON& Tower with Radar,46,90,50,0,186,0,1,48,0,49,46,91,98,0,235,32,0,32,267
07/25/2013,GRR,MI,AGL,CE,Combined TRACON& Tower with Radar,50,91,68,0,209,0,2,48,0,50,50,93,116,0,259,40,0,40,299
07/26/2013,GRR,MI,AGL,CE,Combined TRACON& Tower with Radar,46,90,53,0,189,0,0,21,0,21,46,90,74,0,210,0,0,0,210
07/27/2013,GRR,MI,AGL,CE,Combined TRACON& Tower with Radar,38,70,18,0,126,0,1,8,0,9,38,71,26,0,135,0,0,0,135
07/28/2013,GRR,MI,AGL,CE,Combined TRACON& Tower with Radar,44,66,29,0,139,0,0,8,0,8,44,66,37,0,147,0,0,0,147
07/29/2013,GRR,MI,AGL,CE,Combined TRACON& Tower with Radar,46,85,55,2,188,0,3,14,0,17,46,88,69,2,205,16,0,16,221
07/30/2013,GRR,MI,AGL,CE,Combined TRACON& Tower with Radar,44,88,64,0,196,0,3,25,0,28,44,91,89,0,224,38,0,38,262
07/31/2013,GRR,MI,AGL,CE,Combined TRACON& Tower with Radar,45,94,60,0,199,0,1,2,0,3,45,95,62,0,202,10,0,10,212
08/01/2013,GRR,MI,AGL,CE,Combined TRACON& Tower with Radar,48,94,72,0,214,0,2,33,0,35,48,96,105,0,249,44,0,44,293
08/02/2013,GRR,MI,AGL,CE,Combined TRACON& Tower with Radar,47,87,51,0,185,0,4,16,0,20,47,91,67,0,205,36,0,36,241
08/03/2013,GRR,MI,AGL,CE,Combined TRACON& Tower with Radar,39,68,26,0,133,0,1,23,0,24,39,69,49,0,157,0,0,0,157
08/04/2013,GRR,MI,AGL,CE,Combined TRACON& Tower with Radar,45,70,24,0,139,0,3,23,0,26,45,73,47,0,165,0,0,0,165
08/05/2013,GRR,MI,AGL,CE,Combined TRACON& Tower with Radar,43,83,63,0,189,2,6,26,0,34,45,89,89,0,223,22,0,22,245
08/06/2013,GRR,MI,AGL,CE,Combined TRACON& Tower with Radar,46,91,71,0,208,0,1,16,0,17,46,92,87,0,225,12,0,12,237
08/07/2013,GRR,MI,AGL,CE,Combined TRACON& Tower with Radar,44,86,45,0,175,0,1,18,0,19,44,87,63,0,194,30,0,30,224
08/08/2013,GRR,MI,AGL,CE,Combined TRACON& Tower with Radar,47,89,59,0,195,0,2,41,0,43,47,91,100,0,238,26,0,26,264
08/09/2013,GRR,MI,AGL,CE,Combined TRACON& Tower with Radar,45,79,30,0,154,0,4,32,0,36,45,83,62,0,190,44,0,44,234
08/10/2013,GRR,MI,AGL,CE,Combined TRACON& Tower with Radar,35,69,27,0,131,0,2,36,0,38,35,71,63,0,169,10,0,10,179
08/11/2013,GRR,MI,AGL,CE,Combined TRACON& Tower with Radar,49,60,32,0,141,0,4,36,0,40,49,64,68,0,181,70,0,70,251
08/12/2013,GRR,MI,AGL,CE,Combined TRACON& Tower with Radar,51,95,40,0,186,0,2,5,0,7,51,97,45,0,193,10,0,10,203
08/13/2013,GRR,MI,AGL,CE,Combined TRACON& Tower with Radar,45,86,51,0,182,0,1,32,0,33,45,87,83,0,215,20,0,20,235
08/14/2013,GRR,MI,AGL,CE,Combined TRACON& Tower with Radar,44,85,47,0,176,0,1,41,0,42,44,86,88,0,218,78,0,78,296
08/15/2013,GRR,MI,AGL,CE,Combined TRACON& Tower with Radar,49,90,62,0,201,0,1,36,0,37,49,91,98,0,238,34,0,34,272
08/16/2013,GRR,MI,AGL,CE,Combined TRACON& Tower with Radar,47,96,38,0,181,0,4,75,0,79,47,100,113,0,260,84,0,84,344
08/17/2013,GRR,MI,AGL,CE,Combined TRACON& Tower with Radar,38,69,21,0,128,0,2,67,0,69,38,71,88,0,197,22,0,22,219
08/18/2013,GRR,MI,AGL,CE,Combined TRACON& Tower with Radar,45,69,20,0,134,0,2,35,0,37,45,71,55,0,171,54,0,54,225
08/19/2013,GRR,MI,AGL,CE,Combined TRACON& Tower with Radar,44,88,62,0,194,0,3,51,0,54,44,91,113,0,248,2,0,2,250
08/20/2013,GRR,MI,AGL,CE,Combined TRACON& Tower with Radar,48,93,39,0,180,0,5,45,0,50,48,98,84,0,230,60,0,60,290
08/21/2013,GRR,MI,AGL,CE,Combined TRACON& Tower with Radar,46,91,54,1,192,0,2,38,1,41,46,93,92,2,233,6,0,6,239
08/22/2013,GRR,MI,AGL,CE,Combined TRACON& Tower with Radar,50,102,60,0,212,0,2,13,0,15,50,104,73,0,227,0,0,0,227
08/23/2013,GRR,MI,AGL,CE,Combined TRACON& Tower with Radar,50,89,48,0,187,0,2,39,0,41,50,91,87,0,228,70,0,70,298
08/24/2013,GRR,MI,AGL,CE,Combined TRACON& Tower with Radar,37,69,7,0,113,0,1,30,0,31,37,70,37,0,144,16,0,16,160
08/25/2013,GRR,MI,AGL,CE,Combined TRACON& Tower with Radar,42,76,24,0,142,0,4,17,0,21,42,80,41,0,163,0,0,0,163
08/26/2013,GRR,MI,AGL,CE,Combined TRACON& Tower with Radar,48,86,41,2,177,0,1,29,2,32,48,87,70,4,209,12,0,12,221
08/27/2013,GRR,MI,AGL,CE,Combined TRACON& Tower with Radar,51,92,57,1,201,0,1,16,6,23,51,93,73,7,224,8,0,8,232
08/28/2013,GRR,MI,AGL,CE,Combined TRACON& Tower with Radar,48,82,80,0,210,0,0,10,0,10,48,82,90,0,220,6,0,6,226
08/29/2013,GRR,MI,AGL,CE,Combined TRACON& Tower with Radar,48,82,52,9,191,0,2,47,2,51,48,84,99,11,242,64,14,78,320
08/30/2013,GRR,MI,AGL,CE,Combined TRACON& Tower with Radar,55,83,36,5,179,0,1,21,3,25,55,84,57,8,204,10,0,10,214
08/31/2013,GRR,MI,AGL,CE,Combined TRACON& Tower with Radar,38,49,14,0,101,0,6,22,0,28,38,55,36,0,129,14,0,14,143
09/01/2013,GRR,MI,AGL,CE,Combined TRACON& Tower with Radar,37,46,21,0,104,0,1,9,0,10,37,47,30,0,114,0,0,0,114
09/02/2013,GRR,MI,AGL,CE,Combined TRACON& Tower with Radar,45,64,29,0,138,0,3,9,0,12,45,67,38,0,150,0,0,0,150
09/03/2013,GRR,MI,AGL,CE,Combined TRACON& Tower with Radar,44,81,44,1,170,0,3,43,1,47,44,84,87,2,217,22,0,22,239
09/04/2013,GRR,MI,AGL,CE,Combined TRACON& Tower with Radar,49,83,53,0,185,0,0,27,0,27,49,83,80,0,212,48,0,48,260
09/05/2013,GRR,MI,AGL,CE,Combined TRACON& Tower with Radar,51,83,56,1,191,0,1,50,1,52,51,84,106,2,243,86,0,86,329
09/06/2013,GRR,MI,AGL,CE,Combined TRACON& Tower with Radar,50,80,38,0,168,0,2,38,0,40,50,82,76,0,208,38,0,38,246
09/07/2013,GRR,MI,AGL,CE,Combined TRACON& Tower with Radar,32,51,14,0,97,0,5,22,0,27,32,56,36,0,124,0,0,0,124
09/08/2013,GRR,MI,AGL,CE,Combined TRACON& Tower with Radar,47,68,23,0,138,0,1,8,0,9,47,69,31,0,147,30,0,30,177
09/09/2013,GRR,MI,AGL,CE,Combined TRACON& Tower with Radar,45,83,63,0,191,0,1,22,0,23,45,84,85,0,214,0,0,0,214
09/10/2013,GRR,MI,AGL,CE,Combined TRACON& Tower with Radar,44,83,61,1,189,0,5,17,1,23,44,88,78,2,212,0,0,0,212
09/11/2013,GRR,MI,AGL,CE,Combined TRACON& Tower with Radar,47,79,83,3,212,0,2,21,1,24,47,81,104,4,236,30,8,38,274
09/12/2013,GRR,MI,AGL,CE,Combined TRACON& Tower with Radar,46,83,58,1,188,0,3,22,0,25,46,86,80,1,213,6,0,6,219
09/13/2013,GRR,MI,AGL,CE,Combined TRACON& Tower with Radar,49,82,49,0,180,0,3,21,0,24,49,85,70,0,204,0,0,0,204
09/14/2013,GRR,MI,AGL,CE,Combined TRACON& Tower with Radar,28,57,7,0,92,0,4,134,0,138,28,61,141,0,230,10,0,10,240
09/15/2013,GRR,MI,AGL,CE,Combined TRACON& Tower with Radar,45,69,27,0,141,0,2,10,0,12,45,71,37,0,153,0,0,0,153
09/16/2013,GRR,MI,AGL,CE,Combined TRACON& Tower with Radar,46,92,77,1,216,0,2,15,0,17,46,94,92,1,233,20,0,20,253
09/17/2013,GRR,MI,AGL,CE,Combined TRACON& Tower with Radar,45,81,46,1,173,0,4,30,1,35,45,85,76,2,208,0,0,0,208
09/18/2013,GRR,MI,AGL,CE,Combined TRACON& Tower with Radar,58,86,80,1,225,0,3,33,1,37,58,89,113,2,262,32,0,32,294
09/19/2013,GRR,MI,AGL,CE,Combined TRACON& Tower with Radar,50,73,53,1,177,0,1,13,1,15,50,74,66,2,192,48,0,48,240
09/20/2013,GRR,MI,AGL,CE,Combined TRACON& Tower with Radar,49,82,72,0,203,0,2,8,0,10,49,84,80,0,213,0,0,0,213
09/21/2013,GRR,MI,AGL,CE,Combined TRACON& Tower with Radar,26,53,18,0,97,0,0,8,0,8,26,53,26,0,105,2,0,2,107
09/22/2013,GRR,MI,AGL,CE,Combined TRACON& Tower with Radar,44,65,27,0,136,0,3,21,0,24,44,68,48,0,160,5,0,5,165
09/23/2013,GRR,MI,AGL,CE,Combined TRACON& Tower with Radar,42,79,70,0,191,0,4,25,0,29,42,83,95,0,220,18,0,18,238
09/24/2013,GRR,MI,AGL,CE,Combined TRACON& Tower with Radar,46,87,54,2,189,0,1,28,0,29,46,88,82,2,218,0,0,0,218
09/25/2013,GRR,MI,AGL,CE,Combined TRACON& Tower with Radar,48,82,79,11,220,0,3,51,0,54,48,85,130,11,274,0,18,18,292
09/26/2013,GRR,MI,AGL,CE,Combined TRACON& Tower with Radar,50,84,76,6,216,0,1,33,1,35,50,85,109,7,251,44,4,48,299
09/27/2013,GRR,MI,AGL,CE,Combined TRACON& Tower with Radar,50,82,62,1,195,0,3,50,0,53,50,85,112,1,248,0,0,0,248
09/28/2013,GRR,MI,AGL,CE,Combined TRACON& Tower with Radar,30,52,26,0,108,0,2,34,0,36,30,54,60,0,144,0,0,0,144
09/29/2013,GRR,MI,AGL,CE,Combined TRACON& Tower with Radar,46,67,14,0,127,0,1,13,0,14,46,68,27,0,141,0,0,0,141
09/30/2013,GRR,MI,AGL,CE,Combined TRACON& Tower with Radar,48,82,46,2,178,0,2,24,0,26,48,84,70,2,204,0,0,0,204
10/01/2013,GRR,MI,AGL,CE,Combined TRACON& Tower with Radar,42,90,51,18,201,0,2,8,0,10,42,92,59,18,211,22,22,44,255
10/02/2013,GRR,MI,AGL,CE,Combined TRACON& Tower with Radar,43,89,62,0,194,0,1,43,0,44,43,90,105,0,238,38,0,38,276
10/03/2013,GRR,MI,AGL,CE,Combined TRACON& Tower with Radar,47,84,51,0,182,0,4,6,0,10,47,88,57,0,192,8,0,8,200
10/04/2013,GRR,MI,AGL,CE,Combined TRACON& Tower with Radar,52,93,53,0,198,0,1,13,0,14,52,94,66,0,212,6,0,6,218
10/05/2013,GRR,MI,AGL,CE,Combined TRACON& Tower with Radar,34,63,13,0,110,0,1,1,0,2,34,64,14,0,112,0,0,0,112
10/06/2013,GRR,MI,AGL,CE,Combined TRACON& Tower with Radar,44,67,36,0,147,0,0,0,0,0,44,67,36,0,147,0,0,0,147
10/07/2013,GRR,MI,AGL,CE,Combined TRACON& Tower with Radar,46,75,52,0,173,0,1,15,0,16,46,76,67,0,189,10,0,10,199
10/08/2013,GRR,MI,AGL,CE,Combined TRACON& Tower with Radar,43,80,60,0,183,0,0,48,0,48,43,80,108,0,231,62,2,64,295
10/09/2013,GRR,MI,AGL,CE,Combined TRACON& Tower with Radar,45,82,62,0,189,0,4,53,0,57,45,86,115,0,246,50,0,50,296
10/10/2013,GRR,MI,AGL,CE,Combined TRACON& Tower with Radar,50,84,74,4,212,0,2,41,0,43,50,86,115,4,255,52,0,52,307
10/11/2013,GRR,MI,AGL,CE,Combined TRACON& Tower with Radar,49,83,48,0,180,0,1,51,0,52,49,84,99,0,232,70,0,70,302
10/12/2013,GRR,MI,AGL,CE,Combined TRACON& Tower with Radar,29,57,24,0,110,0,2,18,0,20,29,59,42,0,130,16,0,16,146
10/13/2013,GRR,MI,AGL,CE,Combined TRACON& Tower with Radar,46,61,27,0,134,0,5,17,0,22,46,66,44,0,156,36,0,36,192
10/14/2013,GRR,MI,AGL,CE,Combined TRACON& Tower with Radar,47,84,43,0,174,0,1,38,0,39,47,85,81,0,213,36,0,36,249
10/15/2013,GRR,MI,AGL,CE,Combined TRACON& Tower with Radar,43,79,51,0,173,0,0,15,0,15,43,79,66,0,188,24,0,24,212
10/16/2013,GRR,MI,AGL,CE,Combined TRACON& Tower with Radar,43,88,83,0,214,0,2,5,1,8,43,90,88,1,222,2,0,2,224
10/17/2013,GRR,MI,AGL,CE,Combined TRACON& Tower with Radar,48,90,89,0,227,0,1,3,0,4,48,91,92,0,231,0,0,0,231
10/18/2013,GRR,MI,AGL,CE,Combined TRACON& Tower with Radar,47,99,63,0,209,0,2,24,0,26,47,101,87,0,235,12,0,12,247
10/19/2013,GRR,MI,AGL,CE,Combined TRACON& Tower with Radar,30,56,24,0,110,0,4,11,0,15,30,60,35,0,125,0,0,0,125
10/20/2013,GRR,MI,AGL,CE,Combined TRACON& Tower with Radar,42,74,31,0,147,0,0,9,0,9,42,74,40,0,156,8,0,8,164
10/21/2013,GRR,MI,AGL,CE,Combined TRACON& Tower with Radar,47,82,67,0,196,0,0,15,0,15,47,82,82,0,211,58,0,58,269
10/22/2013,GRR,MI,AGL,CE,Combined TRACON& Tower with Radar,43,80,56,0,179,0,2,21,0,23,43,82,77,0,202,20,0,20,222
10/23/2013,GRR,MI,AGL,CE,Combined TRACON& Tower with Radar,45,85,61,0,191,0,2,15,0,17,45,87,76,0,208,24,0,24,232
10/24/2013,GRR,MI,AGL,CE,Combined TRACON& Tower with Radar,53,83,62,13,211,0,1,3,3,7,53,84,65,16,218,0,14,14,232
10/25/2013,GRR,MI,AGL,CE,Combined TRACON& Tower with Radar,49,85,47,1,182,0,1,35,1,37,49,86,82,2,219,22,0,22,241
10/26/2013,GRR,MI,AGL,CE,Combined TRACON& Tower with Radar,30,59,21,0,110,0,2,8,0,10,30,61,29,0,120,0,0,0,120
10/27/2013,GRR,MI,AGL,CE,Combined TRACON& Tower with Radar,48,64,36,0,148,0,1,12,0,13,48,65,48,0,161,8,0,8,169
10/28/2013,GRR,MI,AGL,CE,Combined TRACON& Tower with Radar,47,79,73,0,199,0,0,42,0,42,47,79,115,0,241,82,0,82,323
10/29/2013,GRR,MI,AGL,CE,Combined TRACON& Tower with Radar,43,82,79,1,205,0,3,42,0,45,43,85,121,1,250,98,0,98,348
10/30/2013,GRR,MI,AGL,CE,Combined TRACON& Tower with Radar,45,90,75,0,210,0,2,32,0,34,45,92,107,0,244,66,0,66,310
10/31/2013,GRR,MI,AGL,CE,Combined TRACON& Tower with Radar,49,74,54,0,177,0,0,0,0,0,49,74,54,0,177,0,0,0,177
11/01/2013,GRR,MI,AGL,CE,Combined TRACON& Tower with Radar,48,80,43,0,171,0,2,2,0,4,48,82,45,0,175,0,0,0,175
11/02/2013,GRR,MI,AGL,CE,Combined TRACON& Tower with Radar,32,56,21,0,109,0,0,2,0,2,32,56,23,0,111,0,0,0,111
11/03/2013,GRR,MI,AGL,CE,Combined TRACON& Tower with Radar,45,66,46,0,157,0,2,34,0,36,45,68,80,0,193,34,0,34,227
11/04/2013,GRR,MI,AGL,CE,Combined TRACON& Tower with Radar,44,78,73,0,195,0,4,29,0,33,44,82,102,0,228,37,0,37,265
11/05/2013,GRR,MI,AGL,CE,Combined TRACON& Tower with Radar,39,86,66,0,191,0,2,17,2,21,39,88,83,2,212,10,0,10,222
11/06/2013,GRR,MI,AGL,CE,Combined TRACON& Tower with Radar,41,77,55,0,173,0,0,0,0,0,41,77,55,0,173,0,0,0,173
11/07/2013,GRR,MI,AGL,CE,Combined TRACON& Tower with Radar,48,83,57,0,188,0,3,16,0,19,48,86,73,0,207,14,0,14,221
11/08/2013,GRR,MI,AGL,CE,Combined TRACON& Tower with Radar,39,87,55,0,181,0,2,49,0,51,39,89,104,0,232,52,0,52,284
11/09/2013,GRR,MI,AGL,CE,Combined TRACON& Tower with Radar,25,58,24,0,107,0,0,17,0,17,25,58,41,0,124,24,0,24,148
11/10/2013,GRR,MI,AGL,CE,Combined TRACON& Tower with Radar,48,63,31,0,142,0,2,11,0,13,48,65,42,0,155,0,0,0,155
11/11/2013,GRR,MI,AGL,CE,Combined TRACON& Tower with Radar,40,80,62,0,182,0,0,1,0,1,40,80,63,0,183,56,0,56,239
11/12/2013,GRR,MI,AGL,CE,Combined TRACON& Tower with Radar,38,82,45,4,169,0,1,13,0,14,38,83,58,4,183,22,2,24,207
11/13/2013,GRR,MI,AGL,CE,Combined TRACON& Tower with Radar,44,82,73,2,201,0,0,37,0,37,44,82,110,2,238,22,0,22,260
11/14/2013,GRR,MI,AGL,CE,Combined TRACON& Tower with Radar,50,90,55,2,197,0,2,27,0,29,50,92,82,2,226,12,0,12,238
11/15/2013,GRR,MI,AGL,CE,Combined TRACON& Tower with Radar,43,83,51,0,177,0,3,38,0,41,43,86,89,0,218,30,0,30,248
11/16/2013,GRR,MI,AGL,CE,Combined TRACON& Tower with Radar,25,55,26,0,106,0,0,4,0,4,25,55,30,0,110,0,0,0,110
11/17/2013,GRR,MI,AGL,CE,Combined TRACON& Tower with Radar,59,62,16,0,137,0,0,0,0,0,59,62,16,0,137,0,0,0,137
11/18/2013,GRR,MI,AGL,CE,Combined TRACON& Tower with Radar,36,83,50,0,169,0,2,10,0,12,36,85,60,0,181,0,0,0,181
11/19/2013,GRR,MI,AGL,CE,Combined TRACON& Tower with Radar,38,88,49,2,177,0,2,43,0,45,38,90,92,2,222,74,0,74,296
11/20/2013,GRR,MI,AGL,CE,Combined TRACON& Tower with Radar,40,82,60,0,182,0,1,38,0,39,40,83,98,0,221,22,0,22,243
11/21/2013,GRR,MI,AGL,CE,Combined TRACON& Tower with Radar,41,86,46,0,173,0,3,10,2,15,41,89,56,2,188,18,2,20,208
11/22/2013,GRR,MI,AGL,CE,Combined TRACON& Tower with Radar,46,90,50,2,188,0,1,7,0,8,46,91,57,2,196,16,0,16,212
11/23/2013,GRR,MI,AGL,CE,Combined TRACON& Tower with Radar,25,61,22,0,108,0,1,6,0,7,25,62,28,0,115,8,0,8,123
11/24/2013,GRR,MI,AGL,CE,Combined TRACON& Tower with Radar,50,55,26,0,131,0,1,2,0,3,50,56,28,0,134,0,0,0,134
11/25/2013,GRR,MI,AGL,CE,Combined TRACON& Tower with Radar,41,53,28,0,122,0,0,0,0,0,41,53,28,0,122,0,0,0,122
11/26/2013,GRR,MI,AGL,CE,Combined TRACON& Tower with Radar,47,82,39,2,170,0,1,4,0,5,47,83,43,2,175,0,0,0,175
11/27/2013,GRR,MI,AGL,CE,Combined TRACON& Tower with Radar,50,82,26,0,158,0,1,18,0,19,50,83,44,0,177,52,0,52,229
11/28/2013,GRR,MI,AGL,CE,Combined TRACON& Tower with Radar,28,35,6,0,69,0,2,0,0,2,28,37,6,0,71,0,0,0,71
11/29/2013,GRR,MI,AGL,CE,Combined TRACON& Tower with Radar,33,53,6,0,92,0,3,20,0,23,33,56,26,0,115,22,0,22,137
11/30/2013,GRR,MI,AGL,CE,Combined TRACON& Tower with Radar,39,68,17,0,124,0,1,25,0,26,39,69,42,0,150,14,0,14,164
12/01/2013,GRR,MI,AGL,CE,Combined TRACON& Tower with Radar,49,72,28,0,149,0,2,19,0,21,49,74,47,0,170,28,0,28,198
12/02/2013,GRR,MI,AGL,CE,Combined TRACON& Tower with Radar,41,80,55,0,176,0,0,37,0,37,41,80,92,0,213,70,0,70,283
12/03/2013,GRR,MI,AGL,CE,Combined TRACON& Tower with Radar,48,69,40,0,157,0,0,0,0,0,48,69,40,0,157,0,0,0,157
12/04/2013,GRR,MI,AGL,CE,Combined TRACON& Tower with Radar,47,66,39,0,152,0,0,0,0,0,47,66,39,0,152,0,0,0,152
12/05/2013,GRR,MI,AGL,CE,Combined TRACON& Tower with Radar,54,69,53,3,179,0,1,10,1,12,54,70,63,4,191,0,0,0,191
12/06/2013,GRR,MI,AGL,CE,Combined TRACON& Tower with Radar,47,69,56,0,172,0,2,12,0,14,47,71,68,0,186,58,0,58,244
12/07/2013,GRR,MI,AGL,CE,Combined TRACON& Tower with Radar,39,43,38,0,120,0,1,13,0,14,39,44,51,0,134,0,0,0,134
12/08/2013,GRR,MI,AGL,CE,Combined TRACON& Tower with Radar,49,37,20,0,106,0,0,4,0,4,49,37,24,0,110,0,0,0,110
12/09/2013,GRR,MI,AGL,CE,Combined TRACON& Tower with Radar,44,65,51,0,160,0,0,0,0,0,44,65,51,0,160,0,0,0,160
12/10/2013,GRR,MI,AGL,CE,Combined TRACON& Tower with Radar,50,63,44,2,159,0,0,0,0,0,50,63,44,2,159,14,0,14,173
12/11/2013,GRR,MI,AGL,CE,Combined TRACON& Tower with Radar,47,75,70,0,192,0,0,0,0,0,47,75,70,0,192,2,0,2,194
12/12/2013,GRR,MI,AGL,CE,Combined TRACON& Tower with Radar,57,66,46,0,169,0,1,0,0,1,57,67,46,0,170,0,0,0,170
12/13/2013,GRR,MI,AGL,CE,Combined TRACON& Tower with Radar,51,67,43,0,161,0,1,14,0,15,51,68,57,0,176,14,0,14,190
12/14/2013,GRR,MI,AGL,CE,Combined TRACON& Tower with Radar,38,41,6,0,85,0,0,0,0,0,38,41,6,0,85,18,0,18,103
12/15/2013,GRR,MI,AGL,CE,Combined TRACON& Tower with Radar,51,54,17,0,122,0,0,0,0,0,51,54,17,0,122,0,0,0,122
12/16/2013,GRR,MI,AGL,CE,Combined TRACON& Tower with Radar,47,66,65,0,178,0,1,30,0,31,47,67,95,0,209,46,0,46,255
12/17/2013,GRR,MI,AGL,CE,Combined TRACON& Tower with Radar,55,69,60,0,184,0,0,0,0,0,55,69,60,0,184,0,0,0,184
12/18/2013,GRR,MI,AGL,CE,Combined TRACON& Tower with Radar,52,74,54,0,180,0,2,17,0,19,52,76,71,0,199,0,0,0,199
12/19/2013,GRR,MI,AGL,CE,Combined TRACON& Tower with Radar,56,83,57,0,196,0,0,9,0,9,56,83,66,0,205,18,0,18,223
12/20/2013,GRR,MI,AGL,CE,Combined TRACON& Tower with Radar,44,60,30,0,134,0,0,0,0,0,44,60,30,0,134,22,0,22,156
12/21/2013,GRR,MI,AGL,CE,Combined TRACON& Tower with Radar,31,66,15,0,112,0,0,0,0,0,31,66,15,0,112,0,0,0,112
12/22/2013,GRR,MI,AGL,CE,Combined TRACON& Tower with Radar,47,57,6,0,110,0,0,0,0,0,47,57,6,0,110,0,0,0,110
12/23/2013,GRR,MI,AGL,CE,Combined TRACON& Tower with Radar,34,68,25,0,127,0,1,5,0,6,34,69,30,0,133,0,0,0,133
12/24/2013,GRR,MI,AGL,CE,Combined TRACON& Tower with Radar,41,65,20,0,126,0,1,6,0,7,41,66,26,0,133,0,0,0,133
12/25/2013,GRR,MI,AGL,CE,Combined TRACON& Tower with Radar,31,42,8,0,81,0,0,0,0,0,31,42,8,0,81,0,0,0,81
12/26/2013,GRR,MI,AGL,CE,Combined TRACON& Tower with Radar,51,81,37,0,169,0,1,4,0,5,51,82,41,0,174,0,0,0,174
12/27/2013,GRR,MI,AGL,CE,Combined TRACON& Tower with Radar,47,78,51,0,176,0,0,2,0,2,47,78,53,0,178,0,0,0,178
12/28/2013,GRR,MI,AGL,CE,Combined TRACON& Tower with Radar,33,62,28,0,123,0,1,20,0,21,33,63,48,0,144,54,0,54,198
12/29/2013,GRR,MI,AGL,CE,Combined TRACON& Tower with Radar,40,45,9,0,94,0,2,1,0,3,40,47,10,0,97,30,0,30,127
12/30/2013,GRR,MI,AGL,CE,Combined TRACON& Tower with Radar,37,64,26,0,127,0,1,16,0,17,37,65,42,0,144,0,0,0,144
12/31/2013,GRR,MI,AGL,CE,Combined TRACON& Tower with Radar,40,52,30,0,122,0,1,1,0,2,40,53,31,0,124,10,0,10,134
01/01/2014,GRR,MI,AGL,CE,Combined TRACON& Tower with Radar,27,45,6,0,78,0,0,2,0,2,27,45,8,0,80,0,0,0,80
01/02/2014,GRR,MI,AGL,CE,Combined TRACON& Tower with Radar,55,64,22,1,142,0,1,5,1,7,55,65,27,2,149,0,0,0,149
01/03/2014,GRR,MI,AGL,CE,Combined TRACON& Tower with Radar,42,58,36,0,136,0,1,19,0,20,42,59,55,0,156,34,0,34,190
01/04/2014,GRR,MI,AGL,CE,Combined TRACON& Tower with Radar,34,48,20,0,102,0,1,11,0,12,34,49,31,0,114,0,0,0,114
01/05/2014,GRR,MI,AGL,CE,Combined TRACON& Tower with Radar,32,22,16,0,70,0,0,0,0,0,32,22,16,0,70,0,0,0,70
01/06/2014,GRR,MI,AGL,CE,Combined TRACON& Tower with Radar,31,21,18,0,70,0,0,0,0,0,31,21,18,0,70,0,0,0,70
01/07/2014,GRR,MI,AGL,CE,Combined TRACON& Tower with Radar,29,39,21,0,89,0,0,0,0,0,29,39,21,0,89,0,0,0,89
01/08/2014,GRR,MI,AGL,CE,Combined TRACON& Tower with Radar,42,69,58,0,169,0,1,7,0,8,42,70,65,0,177,4,0,4,181
01/09/2014,GRR,MI,AGL,CE,Combined TRACON& Tower with Radar,52,76,52,0,180,0,2,17,0,19,52,78,69,0,199,40,0,40,239
01/10/2014,GRR,MI,AGL,CE,Combined TRACON& Tower with Radar,44,75,21,0,140,0,0,0,0,0,44,75,21,0,140,0,0,0,140
01/11/2014,GRR,MI,AGL,CE,Combined TRACON& Tower with Radar,32,49,11,0,92,0,0,0,0,0,32,49,11,0,92,0,0,0,92
01/12/2014,GRR,MI,AGL,CE,Combined TRACON& Tower with Radar,43,55,33,2,133,0,2,11,0,13,43,57,44,2,146,0,0,0,146
01/13/2014,GRR,MI,AGL,CE,Combined TRACON& Tower with Radar,41,67,62,0,170,0,3,12,0,15,41,70,74,0,185,46,0,46,231
01/14/2014,GRR,MI,AGL,CE,Combined TRACON& Tower with Radar,40,77,58,1,176,0,0,10,1,11,40,77,68,2,187,30,0,30,217
01/15/2014,GRR,MI,AGL,CE,Combined TRACON& Tower with Radar,39,75,48,0,162,0,0,2,0,2,39,75,50,0,164,0,0,0,164
01/16/2014,GRR,MI,AGL,CE,Combined TRACON& Tower with Radar,49,80,52,0,181,0,0,0,0,0,49,80,52,0,181,0,0,0,181
01/17/2014,GRR,MI,AGL,CE,Combined TRACON& Tower with Radar,41,80,43,0,164,0,1,6,0,7,41,81,49,0,171,34,0,34,205
01/18/2014,GRR,MI,AGL,CE,Combined TRACON& Tower with Radar,33,44,16,0,93,0,1,6,0,7,33,45,22,0,100,36,0,36,136
01/19/2014,GRR,MI,AGL,CE,Combined TRACON& Tower with Radar,39,51,23,0,113,0,2,1,0,3,39,53,24,0,116,0,0,0,116
01/20/2014,GRR,MI,AGL,CE,Combined TRACON& Tower with Radar,42,71,43,0,156,0,1,4,0,5,42,72,47,0,161,20,0,20,181
01/21/2014,GRR,MI,AGL,CE,Combined TRACON& Tower with Radar,38,72,54,0,164,0,2,42,0,44,38,74,96,0,208,32,0,32,240
01/22/2014,GRR,MI,AGL,CE,Combined TRACON& Tower with Radar,39,79,59,0,177,0,0,0,0,0,39,79,59,0,177,0,0,0,177
01/23/2014,GRR,MI,AGL,CE,Combined TRACON& Tower with Radar,48,71,60,3,182,0,0,36,3,39,48,71,96,6,221,68,0,68,289
01/24/2014,GRR,MI,AGL,CE,Combined TRACON& Tower with Radar,40,69,33,0,142,0,0,0,0,0,40,69,33,0,142,16,0,16,158
01/25/2014,GRR,MI,AGL,CE,Combined TRACON& Tower with Radar,32,52,12,0,96,0,0,0,0,0,32,52,12,0,96,0,0,0,96
01/26/2014,GRR,MI,AGL,CE,Combined TRACON& Tower with Radar,43,52,19,0,114,0,1,2,0,3,43,53,21,0,117,0,0,0,117
01/27/2014,GRR,MI,AGL,CE,Combined TRACON& Tower with Radar,44,65,32,0,141,0,0,0,0,0,44,65,32,0,141,0,0,0,141
01/28/2014,GRR,MI,AGL,CE,Combined TRACON& Tower with Radar,41,71,50,0,162,0,0,0,0,0,41,71,50,0,162,0,0,0,162
01/29/2014,GRR,MI,AGL,CE,Combined TRACON& Tower with Radar,32,73,31,2,138,0,3,11,0,14,32,76,42,2,152,0,0,0,152
01/30/2014,GRR,MI,AGL,CE,Combined TRACON& Tower with Radar,40,72,42,1,155,0,0,4,3,7,40,72,46,4,162,0,0,0,162
01/31/2014,GRR,MI,AGL,CE,Combined TRACON& Tower with Radar,41,75,51,0,167,0,4,28,0,32,41,79,79,0,199,46,0,46,245
02/01/2014,GRR,MI,AGL,CE,Combined TRACON& Tower with Radar,24,38,8,0,70,0,0,0,0,0,24,38,8,0,70,0,0,0,70
02/02/2014,GRR,MI,AGL,CE,Combined TRACON& Tower with Radar,44,38,24,0,106,0,0,9,0,9,44,38,33,0,115,8,0,8,123
02/03/2014,GRR,MI,AGL,CE,Combined TRACON& Tower with Radar,42,69,45,2,158,0,0,29,0,29,42,69,74,2,187,30,0,30,217
02/04/2014,GRR,MI,AGL,CE,Combined TRACON& Tower with Radar,40,67,43,4,154,0,3,13,0,16,40,70,56,4,170,0,0,0,170
02/05/2014,GRR,MI,AGL,CE,Combined TRACON& Tower with Radar,41,70,36,0,147,0,2,8,0,10,41,72,44,0,157,10,4,14,171
02/06/2014,GRR,MI,AGL,CE,Combined TRACON& Tower with Radar,50,77,60,0,187,0,0,0,0,0,50,77,60,0,187,0,0,0,187
02/07/2014,GRR,MI,AGL,CE,Combined TRACON& Tower with Radar,45,82,43,0,170,0,1,1,0,2,45,83,44,0,172,0,0,0,172
02/08/2014,GRR,MI,AGL,CE,Combined TRACON& Tower with Radar,31,47,13,0,91,0,0,0,0,0,31,47,13,0,91,0,0,0,91
02/09/2014,GRR,MI,AGL,CE,Combined TRACON& Tower with Radar,46,52,11,0,109,0,0,0,0,0,46,52,11,0,109,26,0,26,135
02/10/2014,GRR,MI,AGL,CE,Combined TRACON& Tower with Radar,42,65,66,0,173,0,1,1,0,2,42,66,67,0,175,30,0,30,205
02/11/2014,GRR,MI,AGL,CE,Combined TRACON& Tower with Radar,38,65,49,0,152,0,1,31,0,32,38,66,80,0,184,56,0,56,240
02/12/2014,GRR,MI,AGL,CE,Combined TRACON& Tower with Radar,35,71,65,4,175,0,2,20,2,24,35,73,85,6,199,12,6,18,217
02/13/2014,GRR,MI,AGL,CE,Combined TRACON& Tower with Radar,44,69,62,4,179,0,3,22,2,27,44,72,84,6,206,22,0,22,228
02/14/2014,GRR,MI,AGL,CE,Combined TRACON& Tower with Radar,56,70,34,0,160,0,0,1,0,1,56,70,35,0,161,14,4,18,179
02/15/2014,GRR,MI,AGL,CE,Combined TRACON& Tower with Radar,44,42,27,0,113,0,3,27,0,30,44,45,54,0,143,36,0,36,179
02/16/2014,GRR,MI,AGL,CE,Combined TRACON& Tower with Radar,44,45,25,0,114,0,2,4,0,6,44,47,29,0,120,0,0,0,120
02/17/2014,GRR,MI,AGL,CE,Combined TRACON& Tower with Radar,42,47,44,0,133,0,1,3,0,4,42,48,47,0,137,0,0,0,137
02/18/2014,GRR,MI,AGL,CE,Combined TRACON& Tower with Radar,47,72,76,0,195,0,2,10,0,12,47,74,86,0,207,0,0,0,207
02/19/2014,GRR,MI,AGL,CE,Combined TRACON& Tower with Radar,52,71,54,2,179,0,2,31,0,33,52,73,85,2,212,56,0,56,268
02/20/2014,GRR,MI,AGL,CE,Combined TRACON& Tower with Radar,55,66,40,0,161,0,0,0,0,0,55,66,40,0,161,0,0,0,161
02/21/2014,GRR,MI,AGL,CE,Combined TRACON& Tower with Radar,54,56,20,0,130,0,1,1,0,2,54,57,21,0,132,0,0,0,132
02/22/2014,GRR,MI,AGL,CE,Combined TRACON& Tower with Radar,44,42,17,0,103,0,0,13,0,13,44,42,30,0,116,0,0,0,116
02/23/2014,GRR,MI,AGL,CE,Combined TRACON& Tower with Radar,49,55,25,0,129,0,2,11,0,13,49,57,36,0,142,0,0,0,142
02/24/2014,GRR,MI,AGL,CE,Combined TRACON& Tower with Radar,53,75,55,0,183,0,3,6,0,9,53,78,61,0,192,0,0,0,192
02/25/2014,GRR,MI,AGL,CE,Combined TRACON& Tower with Radar,53,78,57,0,188,0,1,4,0,5,53,79,61,0,193,0,0,0,193
02/26/2014,GRR,MI,AGL,CE,Combined TRACON& Tower with Radar,48,79,63,0,190,0,2,7,0,9,48,81,70,0,199,10,0,10,209
02/27/2014,GRR,MI,AGL,CE,Combined TRACON& Tower with Radar,55,76,55,0,186,0,1,8,0,9,55,77,63,0,195,0,0,0,195
02/28/2014,GRR,MI,AGL,CE,Combined TRACON& Tower with Radar,56,74,63,0,193,0,1,49,0,50,56,75,112,0,243,0,0,0,243
03/01/2014,GRR,MI,AGL,CE,Combined TRACON& Tower with Radar,47,39,19,0,105,0,0,0,0,0,47,39,19,0,105,0,0,0,105
03/02/2014,GRR,MI,AGL,CE,Combined TRACON& Tower with Radar,54,45,26,0,125,0,0,4,0,4,54,45,30,0,129,0,0,0,129
03/03/2014,GRR,MI,AGL,CE,Combined TRACON& Tower with Radar,54,59,40,0,153,0,2,23,0,25,54,61,63,0,178,38,0,38,216
03/04/2014,GRR,MI,AGL,CE,Combined TRACON& Tower with Radar,55,67,63,1,186,0,1,8,1,10,55,68,71,2,196,58,0,58,254
03/05/2014,GRR,MI,AGL,CE,Combined TRACON& Tower with Radar,52,66,49,0,167,0,1,19,0,20,52,67,68,0,187,84,0,84,271
03/06/2014,GRR,MI,AGL,CE,Combined TRACON& Tower with Radar,60,66,62,2,190,0,3,34,2,39,60,69,96,4,229,34,4,38,267
03/07/2014,GRR,MI,AGL,CE,Combined TRACON& Tower with Radar,55,72,52,4,183,0,2,28,2,32,55,74,80,6,215,40,0,40,255
03/08/2014,GRR,MI,AGL,CE,Combined TRACON& Tower with Radar,43,51,11,0,105,0,1,12,0,13,43,52,23,0,118,14,0,14,132
03/09/2014,GRR,MI,AGL,CE,Combined TRACON& Tower with Radar,60,54,30,0,144,0,1,28,0,29,60,55,58,0,173,12,0,12,185
03/10/2014,GRR,MI,AGL,CE,Combined TRACON& Tower with Radar,56,62,52,0,170,0,4,55,0,59,56,66,107,0,229,32,0,32,261
03/11/2014,GRR,MI,AGL,CE,Combined TRACON& Tower with Radar,57,72,55,2,186,0,2,15,0,17,57,74,70,2,203,28,0,28,231
03/12/2014,GRR,MI,AGL,CE,Combined TRACON& Tower with Radar,59,51,57,0,167,0,2,10,0,12,59,53,67,0,179,14,0,14,193
03/13/2014,GRR,MI,AGL,CE,Combined TRACON& Tower with Radar,59,68,59,0,186,0,1,28,0,29,59,69,87,0,215,82,0,82,297
03/14/2014,GRR,MI,AGL,CE,Combined TRACON& Tower with Radar,56,67,27,0,150,0,2,15,0,17,56,69,42,0,167,30,0,30,197
03/15/2014,GRR,MI,AGL,CE,Combined TRACON& Tower with Radar,43,53,43,1,140,0,0,28,1,29,43,53,71,2,169,0,0,0,169
03/16/2014,GRR,MI,AGL,CE,Combined TRACON& Tower with Radar,56,51,29,0,136,0,0,16,0,16,56,51,45,0,152,12,0,12,164
03/17/2014,GRR,MI,AGL,CE,Combined TRACON& Tower with Radar,49,62,50,0,161,0,2,36,0,38,49,64,86,0,199,0,0,0,199
03/18/2014,GRR,MI,AGL,CE,Combined TRACON& Tower with Radar,57,61,49,6,173,0,1,46,6,53,57,62,95,12,226,86,12,98,324
03/19/2014,GRR,MI,AGL,CE,Combined TRACON& Tower with Radar,56,69,57,8,190,0,0,0,0,0,56,69,57,8,190,0,0,0,190
03/20/2014,GRR,MI,AGL,CE,Combined TRACON& Tower with Radar,60,73,61,4,198,0,2,29,0,31,60,75,90,4,229,32,0,32,261
03/21/2014,GRR,MI,AGL,CE,Combined TRACON& Tower with Radar,57,73,39,0,169,0,2,33,0,35,57,75,72,0,204,8,0,8,212
03/22/2014,GRR,MI,AGL,CE,Combined TRACON& Tower with Radar,42,53,27,0,122,0,1,1,0,2,42,54,28,0,124,0,0,0,124
03/23/2014,GRR,MI,AGL,CE,Combined TRACON& Tower with Radar,61,53,31,0,145,0,0,22,0,22,61,53,53,0,167,16,0,16,183
03/24/2014,GRR,MI,AGL,CE,Combined TRACON& Tower with Radar,54,65,56,0,175,0,0,20,0,20,54,65,76,0,195,14,0,14,209
03/25/2014,GRR,MI,AGL,CE,Combined TRACON& Tower with Radar,58,65,64,0,187,0,0,7,0,7,58,65,71,0,194,0,0,0,194
03/26/2014,GRR,MI,AGL,CE,Combined TRACON& Tower with Radar,57,64,59,0,180,0,4,39,0,43,57,68,98,0,223,46,0,46,269
03/27/2014,GRR,MI,AGL,CE,Combined TRACON& Tower with Radar,61,67,49,0,177,0,0,1,0,1,61,67,50,0,178,0,0,0,178
03/28/2014,GRR,MI,AGL,CE,Combined TRACON& Tower with Radar,57,72,36,0,165,0,0,9,0,9,57,72,45,0,174,0,0,0,174
03/29/2014,GRR,MI,AGL,CE,Combined TRACON& Tower with Radar,43,60,19,0,122,0,1,13,0,14,43,61,32,0,136,0,0,0,136
03/30/2014,GRR,MI,AGL,CE,Combined TRACON& Tower with Radar,58,53,37,0,148,0,1,50,0,51,58,54,87,0,199,56,0,56,255
03/31/2014,GRR,MI,AGL,CE,Combined TRACON& Tower with Radar,53,63,45,0,161,0,1,32,0,33,53,64,77,0,194,16,0,16,210
04/01/2014,GRR,MI,AGL,CE,Combined TRACON& Tower with Radar,55,70,40,2,167,0,0,14,0,14,55,70,54,2,181,18,0,18,199
04/02/2014,GRR,MI,AGL,CE,Combined TRACON& Tower with Radar,60,78,53,0,191,0,0,29,0,29,60,78,82,0,220,0,0,0,220
04/03/2014,GRR,MI,AGL,CE,Combined TRACON& Tower with Radar,61,81,48,4,194,0,0,7,0,7,61,81,55,4,201,58,0,58,259
04/04/2014,GRR,MI,AGL,CE,Combined TRACON& Tower with Radar,54,70,21,0,145,0,0,0,0,0,54,70,21,0,145,18,0,18,163
04/05/2014,GRR,MI,AGL,CE,Combined TRACON& Tower with Radar,51,54,27,6,138,0,0,34,2,36,51,54,61,8,174,64,0,64,238
04/06/2014,GRR,MI,AGL,CE,Combined TRACON& Tower with Radar,57,54,28,4,143,0,0,28,2,30,57,54,56,6,173,42,0,42,215
04/07/2014,GRR,MI,AGL,CE,Combined TRACON& Tower with Radar,53,69,41,0,163,0,0,18,0,18,53,69,59,0,181,36,0,36,217
04/08/2014,GRR,MI,AGL,CE,Combined TRACON& Tower with Radar,53,74,50,4,181,0,0,35,0,35,53,74,85,4,216,52,4,56,272
04/09/2014,GRR,MI,AGL,CE,Combined TRACON& Tower with Radar,54,65,50,0,169,0,0,35,1,36,54,65,85,1,205,0,0,0,205
04/10/2014,GRR,MI,AGL,CE,Combined TRACON& Tower with Radar,59,71,55,16,201,0,0,22,6,28,59,71,77,22,229,40,20,60,289
04/11/2014,GRR,MI,AGL,CE,Combined TRACON& Tower with Radar,54,75,35,1,165,0,0,28,3,31,54,75,63,4,196,44,0,44,240
04/12/2014,GRR,MI,AGL,CE,Combined TRACON& Tower with Radar,48,53,29,0,130,0,0,13,0,13,48,53,42,0,143,10,0,10,153
04/13/2014,GRR,MI,AGL,CE,Combined TRACON& Tower with Radar,54,50,26,0,130,0,0,7,0,7,54,50,33,0,137,0,0,0,137
04/14/2014,GRR,MI,AGL,CE,Combined TRACON& Tower with Radar,46,55,38,0,139,0,0,5,0,5,46,55,43,0,144,0,0,0,144
04/15/2014,GRR,MI,AGL,CE,Combined TRACON& Tower with Radar,54,74,59,0,187,0,0,12,3,15,54,74,71,3,202,2,0,2,204
04/16/2014,GRR,MI,AGL,CE,Combined TRACON& Tower with Radar,52,67,68,2,189,0,0,39,0,39,52,67,107,2,228,28,0,28,256
04/17/2014,GRR,MI,AGL,CE,Combined TRACON& Tower with Radar,67,74,65,2,208,0,1,40,2,43,67,75,105,4,251,22,0,22,273
04/18/2014,GRR,MI,AGL,CE,Combined TRACON& Tower with Radar,49,69,41,0,159,0,0,43,0,43,49,69,84,0,202,66,0,66,268
04/19/2014,GRR,MI,AGL,CE,Combined TRACON& Tower with Radar,41,49,19,0,109,0,1,36,0,37,41,50,55,0,146,20,0,20,166
04/20/2014,GRR,MI,AGL,CE,Combined TRACON& Tower with Radar,45,42,18,0,105,0,0,17,0,17,45,42,35,0,122,0,0,0,122
04/21/2014,GRR,MI,AGL,CE,Combined TRACON& Tower with Radar,53,75,53,0,181,0,0,25,0,25,53,75,78,0,206,98,0,98,304
04/22/2014,GRR,MI,AGL,CE,Combined TRACON& Tower with Radar,57,76,74,9,216,0,0,31,1,32,57,76,105,10,248,8,0,8,256
04/23/2014,GRR,MI,AGL,CE,Combined TRACON& Tower with Radar,54,80,63,0,197,0,0,69,0,69,54,80,132,0,266,22,0,22,288
04/24/2014,GRR,MI,AGL,CE,Combined TRACON& Tower with Radar,60,75,70,1,206,0,0,27,1,28,60,75,97,2,234,2,0,2,236
04/25/2014,GRR,MI,AGL,CE,Combined TRACON& Tower with Radar,56,68,42,0,166,0,0,12,0,12,56,68,54,0,178,8,0,8,186
04/26/2014,GRR,MI,AGL,CE,Combined TRACON& Tower with Radar,42,49,19,2,112,0,0,23,0,23,42,49,42,2,135,40,0,40,175
04/27/2014,GRR,MI,AGL,CE,Combined TRACON& Tower with Radar,56,50,24,0,130,0,0,14,0,14,56,50,38,0,144,0,0,0,144
04/28/2014,GRR,MI,AGL,CE,Combined TRACON& Tower with Radar,52,67,52,1,172,0,0,5,1,6,52,67,57,2,178,0,0,0,178
04/29/2014,GRR,MI,AGL,CE,Combined TRACON& Tower with Radar,64,66,71,0,201,0,0,8,0,8,64,66,79,0,209,0,0,0,209
04/30/2014,GRR,MI,AGL,CE,Combined TRACON& Tower with Radar,51,74,90,0,215,0,0,11,0,11,51,74,101,0,226,0,0,0,226
05/01/2014,GRR,MI,AGL,CE,Combined TRACON& Tower with Radar,59,69,64,0,192,0,0,8,2,10,59,69,72,2,202,4,0,4,206
05/02/2014,GRR,MI,AGL,CE,Combined TRACON& Tower with Radar,59,61,48,1,169,0,0,8,0,8,59,61,56,1,177,0,0,0,177
05/03/2014,GRR,MI,AGL,CE,Combined TRACON& Tower with Radar,38,47,25,3,113,0,0,9,0,9,38,47,34,3,122,22,0,22,144
05/04/2014,GRR,MI,AGL,CE,Combined TRACON& Tower with Radar,61,47,22,0,130,0,1,34,0,35,61,48,56,0,165,10,0,10,175
05/05/2014,GRR,MI,AGL,CE,Combined TRACON& Tower with Radar,56,62,66,0,184,0,0,46,0,46,56,62,112,0,230,56,0,56,286
05/06/2014,GRR,MI,AGL,CE,Combined TRACON& Tower with Radar,60,53,67,0,180,0,0,47,0,47,60,53,114,0,227,82,0,82,309
05/07/2014,GRR,MI,AGL,CE,Combined TRACON& Tower with Radar,56,63,82,0,201,0,0,28,2,30,56,63,110,2,231,6,0,6,237
05/08/2014,GRR,MI,AGL,CE,Combined TRACON& Tower with Radar,64,66,70,2,202,0,0,35,2,37,64,66,105,4,239,56,0,56,295
05/09/2014,GRR,MI,AGL,CE,Combined TRACON& Tower with Radar,57,63,43,0,163,0,0,16,3,19,57,63,59,3,182,32,14,46,228
05/10/2014,GRR,MI,AGL,CE,Combined TRACON& Tower with Radar,40,37,27,0,104,0,1,36,0,37,40,38,63,0,141,36,0,36,177
05/11/2014,GRR,MI,AGL,CE,Combined TRACON& Tower with Radar,94,32,19,0,145,0,3,11,0,14,94,35,30,0,159,0,0,0,159
05/12/2014,GRR,MI,AGL,CE,Combined TRACON& Tower with Radar,69,58,62,0,189,0,1,6,0,7,69,59,68,0,196,16,0,16,212
05/13/2014,GRR,MI,AGL,CE,Combined TRACON& Tower with Radar,82,48,83,0,213,0,0,0,0,0,82,48,83,0,213,7,0,7,220
05/14/2014,GRR,MI,AGL,CE,Combined TRACON& Tower with Radar,54,56,61,3,174,0,0,26,2,28,54,56,87,5,202,0,12,12,214
05/15/2014,GRR,MI,AGL,CE,Combined TRACON& Tower with Radar,66,57,51,0,174,0,0,2,0,2,66,57,53,0,176,16,0,16,192
05/16/2014,GRR,MI,AGL,CE,Combined TRACON& Tower with Radar,58,62,56,4,180,0,2,37,0,39,58,64,93,4,219,0,0,0,219
05/17/2014,GRR,MI,AGL,CE,Combined TRACON& Tower with Radar,43,38,22,0,103,0,0,35,0,35,43,38,57,0,138,24,0,24,162
05/18/2014,GRR,MI,AGL,CE,Combined TRACON& Tower with Radar,62,38,31,0,131,0,0,32,0,32,62,38,63,0,163,20,0,20,183
05/19/2014,GRR,MI,AGL,CE,Combined TRACON& Tower with Radar,54,56,61,3,174,0,0,26,2,28,54,56,87,5,202,30,0,30,232
05/20/2014,GRR,MI,AGL,CE,Combined TRACON& Tower with Radar,63,62,62,3,190,0,1,22,7,30,63,63,84,10,220,64,0,64,284
05/21/2014,GRR,MI,AGL,CE,Combined TRACON& Tower with Radar,56,58,72,1,187,1,0,38,0,39,57,58,110,1,226,72,0,72,298
05/22/2014,GRR,MI,AGL,CE,Combined TRACON& Tower with Radar,63,60,61,1,185,0,0,45,0,45,63,60,106,1,230,22,0,22,252
05/23/2014,GRR,MI,AGL,CE,Combined TRACON& Tower with Radar,60,62,85,1,208,0,0,50,1,51,60,62,135,2,259,136,0,136,395
05/24/2014,GRR,MI,AGL,CE,Combined TRACON& Tower with Radar,41,40,14,0,95,0,0,25,0,25,41,40,39,0,120,44,0,44,164
05/25/2014,GRR,MI,AGL,CE,Combined TRACON& Tower with Radar,39,33,22,0,94,0,0,18,0,18,39,33,40,0,112,8,0,8,120
05/26/2014,GRR,MI,AGL,CE,Combined TRACON& Tower with Radar,49,50,20,0,119,0,0,13,0,13,49,50,33,0,132,74,0,74,206
05/27/2014,GRR,MI,AGL,CE,Combined TRACON& Tower with Radar,62,51,68,1,182,0,0,19,1,20,62,51,87,2,202,10,0,10,212
05/28/2014,GRR,MI,AGL,CE,Combined TRACON& Tower with Radar,59,64,77,0,200,0,2,26,0,28,59,66,103,0,228,154,0,154,382
05/29/2014,GRR,MI,AGL,CE,Combined TRACON& Tower with Radar,65,71,67,2,205,0,0,81,0,81,65,71,148,2,286,74,0,74,360
05/30/2014,GRR,MI,AGL,CE,Combined TRACON& Tower with Radar,59,63,49,0,171,0,0,69,1,70,59,63,118,1,241,82,0,82,323
05/31/2014,GRR,MI,AGL,CE,Combined TRACON& Tower with Radar,45,42,30,0,117,0,0,79,0,79,45,42,109,0,196,48,0,48,244
06/01/2014,GRR,MI,AGL,CE,Combined TRACON& Tower with Radar,62,42,27,0,131,0,0,10,0,10,62,42,37,0,141,28,0,28,169
06/02/2014,GRR,MI,AGL,CE,Combined TRACON& Tower with Radar,64,57,58,1,180,0,1,5,1,7,64,58,63,2,187,40,8,48,235
06/03/2014,GRR,MI,AGL,CE,Combined TRACON& Tower with Radar,61,57,30,0,148,0,1,31,0,32,61,58,61,0,180,72,0,72,252
06/04/2014,GRR,MI,AGL,CE,Combined TRACON& Tower with Radar,57,62,74,0,193,0,0,25,0,25,57,62,99,0,218,12,0,12,230
06/05/2014,GRR,MI,AGL,CE,Combined TRACON& Tower with Radar,66,59,67,0,192,0,0,62,2,64,66,59,129,2,256,44,0,44,300
06/06/2014,GRR,MI,AGL,CE,Combined TRACON& Tower with Radar,55,66,45,0,166,0,0,42,0,42,55,66,87,0,208,12,0,12,220
06/07/2014,GRR,MI,AGL,CE,Combined TRACON& Tower with Radar,39,45,12,0,96,0,0,29,0,29,39,45,41,0,125,0,0,0,125
06/08/2014,GRR,MI,AGL,CE,Combined TRACON& Tower with Radar,58,39,24,0,121,0,0,11,0,11,58,39,35,0,132,6,0,6,138
06/09/2014,GRR,MI,AGL,CE,Combined TRACON& Tower with Radar,51,57,48,0,156,0,0,44,0,44,51,57,92,0,200,38,0,38,238
06/10/2014,GRR,MI,AGL,CE,Combined TRACON& Tower with Radar,51,56,63,1,171,0,0,27,1,28,51,56,90,2,199,0,0,0,199
06/11/2014,GRR,MI,AGL,CE,Combined TRACON& Tower with Radar,52,56,65,0,173,0,0,2,0,2,52,56,67,0,175,0,0,0,175
06/12/2014,GRR,MI,AGL,CE,Combined TRACON& Tower with Radar,60,71,60,3,194,0,0,15,1,16,60,71,75,4,210,10,0,10,220
06/13/2014,GRR,MI,AGL,CE,Combined TRACON& Tower with Radar,53,68,46,0,167,0,0,28,0,28,53,68,74,0,195,6,0,6,201
06/14/2014,GRR,MI,AGL,CE,Combined TRACON& Tower with Radar,37,54,19,1,111,0,0,35,1,36,37,54,54,2,147,18,2,20,167
06/15/2014,GRR,MI,AGL,CE,Combined TRACON& Tower with Radar,58,45,23,0,126,0,2,13,0,15,58,47,36,0,141,16,0,16,157
06/16/2014,GRR,MI,AGL,CE,Combined TRACON& Tower with Radar,53,61,59,0,173,0,2,56,0,58,53,63,115,0,231,52,0,52,283
06/17/2014,GRR,MI,AGL,CE,Combined TRACON& Tower with Radar,53,65,48,0,166,0,0,28,0,28,53,65,76,0,194,54,0,54,248
06/18/2014,GRR,MI,AGL,CE,Combined TRACON& Tower with Radar,57,59,51,0,167,0,0,6,0,6,57,59,57,0,173,4,0,4,177
06/19/2014,GRR,MI,AGL,CE,Combined TRACON& Tower with Radar,59,62,107,0,228,0,1,20,0,21,59,63,127,0,249,22,0,22,271
06/20/2014,GRR,MI,AGL,CE,Combined TRACON& Tower with Radar,56,57,52,0,165,0,0,9,0,9,56,57,61,0,174,23,0,23,197
06/21/2014,GRR,MI,AGL,CE,Combined TRACON& Tower with Radar,50,48,19,0,117,0,0,25,0,25,50,48,44,0,142,18,0,18,160
06/22/2014,GRR,MI,AGL,CE,Combined TRACON& Tower with Radar,63,68,19,4,154,0,1,5,0,6,63,69,24,4,160,6,4,10,170
06/23/2014,GRR,MI,AGL,CE,Combined TRACON& Tower with Radar,55,61,78,0,194,0,0,3,0,3,55,61,81,0,197,14,0,14,211
06/24/2014,GRR,MI,AGL,CE,Combined TRACON& Tower with Radar,57,68,104,2,231,0,0,16,0,16,57,68,120,2,247,10,0,10,257
06/25/2014,GRR,MI,AGL,CE,Combined TRACON& Tower with Radar,53,60,77,0,190,0,0,10,0,10,53,60,87,0,200,40,0,40,240
06/26/2014,GRR,MI,AGL,CE,Combined TRACON& Tower with Radar,61,70,73,8,212,0,1,35,0,36,61,71,108,8,248,56,8,64,312
06/27/2014,GRR,MI,AGL,CE,Combined TRACON& Tower with Radar,53,59,55,2,169,0,0,41,0,41,53,59,96,2,210,46,12,58,268
06/28/2014,GRR,MI,AGL,CE,Combined TRACON& Tower with Radar,43,54,20,0,117,0,0,17,0,17,43,54,37,0,134,30,0,30,164
06/29/2014,GRR,MI,AGL,CE,Combined TRACON& Tower with Radar,50,25,9,0,84,0,0,9,0,9,50,25,18,0,93,38,0,38,131
06/30/2014,GRR,MI,AGL,CE,Combined TRACON& Tower with Radar,50,49,56,2,157,0,1,23,0,24,50,50,79,2,181,36,2,38,219
07/01/2014,GRR,MI,AGL,CE,Combined TRACON& Tower with Radar,51,51,49,6,157,0,0,28,0,28,51,51,77,6,185,4,0,4,189
07/02/2014,GRR,MI,AGL,CE,Combined TRACON& Tower with Radar,47,72,59,4,182,0,1,14,0,15,47,73,73,4,197,0,0,0,197
07/03/2014,GRR,MI,AGL,CE,Combined TRACON& Tower with Radar,52,66,31,0,149,0,0,31,0,31,52,66,62,0,180,54,0,54,234
07/04/2014,GRR,MI,AGL,CE,Combined TRACON& Tower with Radar,34,30,7,0,71,0,0,15,0,15,34,30,22,0,86,4,0,4,90
07/05/2014,GRR,MI,AGL,CE,Combined TRACON& Tower with Radar,39,50,9,0,98,0,1,17,0,18,39,51,26,0,116,0,0,0,116
07/06/2014,GRR,MI,AGL,CE,Combined TRACON& Tower with Radar,53,59,32,0,144,0,0,14,0,14,53,59,46,0,158,0,0,0,158
07/07/2014,GRR,MI,AGL,CE,Combined TRACON& Tower with Radar,47,68,49,0,164,0,0,30,2,32,47,68,79,2,196,22,0,22,218
07/08/2014,GRR,MI,AGL,CE,Combined TRACON& Tower with Radar,46,72,65,0,183,0,2,27,0,29,46,74,92,0,212,62,0,62,274
07/09/2014,GRR,MI,AGL,CE,Combined TRACON& Tower with Radar,46,71,76,1,194,0,0,35,0,35,46,71,111,1,229,76,0,76,305
07/10/2014,GRR,MI,AGL,CE,Combined TRACON& Tower with Radar,54,76,61,2,193,0,0,47,2,49,54,76,108,4,242,46,0,46,288
07/11/2014,GRR,MI,AGL,CE,Combined TRACON& Tower with Radar,49,69,42,0,160,0,0,32,0,32,49,69,74,0,192,24,0,24,216
07/12/2014,GRR,MI,AGL,CE,Combined TRACON& Tower with Radar,39,52,16,1,108,0,0,14,0,14,39,52,30,1,122,10,0,10,132
07/13/2014,GRR,MI,AGL,CE,Combined TRACON& Tower with Radar,54,55,22,0,131,0,0,9,0,9,54,55,31,0,140,10,0,10,150
07/14/2014,GRR,MI,AGL,CE,Combined TRACON& Tower with Radar,44,69,74,4,191,0,1,16,0,17,44,70,90,4,208,64,0,64,272
07/15/2014,GRR,MI,AGL,CE,Combined TRACON& Tower with Radar,46,66,57,0,169,0,0,30,0,30,46,66,87,0,199,16,0,16,215
07/16/2014,GRR,MI,AGL,CE,Combined TRACON& Tower with Radar,47,64,64,0,175,0,0,21,0,21,47,64,85,0,196,26,0,26,222
07/17/2014,GRR,MI,AGL,CE,Combined TRACON& Tower with Radar,54,70,89,0,213,0,0,88,0,88,54,70,177,0,301,98,0,98,399
07/18/2014,GRR,MI,AGL,CE,Combined TRACON& Tower with Radar,48,66,39,1,154,0,1,47,1,49,48,67,86,2,203,60,0,60,263
07/19/2014,GRR,MI,AGL,CE,Combined TRACON& Tower with Radar,40,55,16,0,111,0,0,34,0,34,40,55,50,0,145,18,0,18,163
07/20/2014,GRR,MI,AGL,CE,Combined TRACON& Tower with Radar,53,54,17,4,128,0,1,22,0,23,53,55,39,4,151,46,0,46,197
07/21/2014,GRR,MI,AGL,CE,Combined TRACON& Tower with Radar,46,70,79,0,195,0,2,48,1,51,46,72,127,1,246,42,0,42,288
07/22/2014,GRR,MI,AGL,CE,Combined TRACON& Tower with Radar,47,66,62,0,175,0,0,43,0,43,47,66,105,0,218,14,0,14,232
07/23/2014,GRR,MI,AGL,CE,Combined TRACON& Tower with Radar,42,67,62,1,172,0,2,26,1,29,42,69,88,2,201,38,4,42,243
07/24/2014,GRR,MI,AGL,CE,Combined TRACON& Tower with Radar,56,71,75,1,203,0,1,65,1,67,56,72,140,2,270,42,0,42,312
07/25/2014,GRR,MI,AGL,CE,Combined TRACON& Tower with Radar,52,69,65,0,186,0,0,49,0,49,52,69,114,0,235,32,0,32,267
07/26/2014,GRR,MI,AGL,CE,Combined TRACON& Tower with Radar,40,51,17,0,108,0,0,18,0,18,40,51,35,0,126,12,0,12,138
07/27/2014,GRR,MI,AGL,CE,Combined TRACON& Tower with Radar,61,51,20,0,132,0,0,7,0,7,61,51,27,0,139,0,0,0,139
07/28/2014,GRR,MI,AGL,CE,Combined TRACON& Tower with Radar,51,69,62,0,182,0,0,12,0,12,51,69,74,0,194,96,0,96,290
07/29/2014,GRR,MI,AGL,CE,Combined TRACON& Tower with Radar,48,74,81,6,209,0,2,31,0,33,48,76,112,6,242,28,4,32,274
07/30/2014,GRR,MI,AGL,CE,Combined TRACON& Tower with Radar,50,71,66,0,187,0,0,28,0,28,50,71,94,0,215,58,0,58,273
07/31/2014,GRR,MI,AGL,CE,Combined TRACON& Tower with Radar,57,74,55,4,190,0,0,41,4,45,57,74,96,8,235,20,0,20,255
08/01/2014,GRR,MI,AGL,CE,Combined TRACON& Tower with Radar,52,65,39,2,158,0,1,27,0,28,52,66,66,2,186,28,0,28,214
08/02/2014,GRR,MI,AGL,CE,Combined TRACON& Tower with Radar,40,52,26,0,118,0,0,10,0,10,40,52,36,0,128,30,0,30,158
08/03/2014,GRR,MI,AGL,CE,Combined TRACON& Tower with Radar,54,56,28,0,138,0,0,29,0,29,54,56,57,0,167,42,0,42,209
08/04/2014,GRR,MI,AGL,CE,Combined TRACON& Tower with Radar,47,66,32,0,145,0,0,19,0,19,47,66,51,0,164,48,0,48,212
08/05/2014,GRR,MI,AGL,CE,Combined TRACON& Tower with Radar,47,61,48,0,156,0,1,12,0,13,47,62,60,0,169,6,0,6,175
08/06/2014,GRR,MI,AGL,CE,Combined TRACON& Tower with Radar,49,67,80,0,196,0,0,25,0,25,49,67,105,0,221,42,0,42,263
08/07/2014,GRR,MI,AGL,CE,Combined TRACON& Tower with Radar,57,72,68,4,201,0,0,70,0,70,57,72,138,4,271,28,6,34,305
08/08/2014,GRR,MI,AGL,CE,Combined TRACON& Tower with Radar,52,70,38,0,160,0,0,52,0,52,52,70,90,0,212,72,0,72,284
08/09/2014,GRR,MI,AGL,CE,Combined TRACON& Tower with Radar,38,58,8,0,104,0,0,52,0,52,38,58,60,0,156,18,0,18,174
08/10/2014,GRR,MI,AGL,CE,Combined TRACON& Tower with Radar,53,68,29,0,150,0,0,20,0,20,53,68,49,0,170,30,0,30,200
08/11/2014,GRR,MI,AGL,CE,Combined TRACON& Tower with Radar,46,60,47,0,153,0,0,14,0,14,46,60,61,0,167,24,0,24,191
08/12/2014,GRR,MI,AGL,CE,Combined TRACON& Tower with Radar,47,64,67,0,178,0,0,0,0,0,47,64,67,0,178,0,0,0,178
08/13/2014,GRR,MI,AGL,CE,Combined TRACON& Tower with Radar,45,67,61,0,173,0,1,45,0,46,45,68,106,0,219,54,0,54,273
08/14/2014,GRR,MI,AGL,CE,Combined TRACON& Tower with Radar,56,73,76,1,206,0,2,48,1,51,56,75,124,2,257,72,0,72,329
08/15/2014,GRR,MI,AGL,CE,Combined TRACON& Tower with Radar,52,71,55,0,178,0,1,29,0,30,52,72,84,0,208,96,0,96,304
08/16/2014,GRR,MI,AGL,CE,Combined TRACON& Tower with Radar,34,53,24,0,111,0,0,10,0,10,34,53,34,0,121,14,0,14,135
08/17/2014,GRR,MI,AGL,CE,Combined TRACON& Tower with Radar,53,52,21,0,126,0,0,4,0,4,53,52,25,0,130,0,0,0,130
08/18/2014,GRR,MI,AGL,CE,Combined TRACON& Tower with Radar,49,76,44,2,171,0,0,30,2,32,49,76,74,4,203,17,0,17,220
08/19/2014,GRR,MI,AGL,CE,Combined TRACON& Tower with Radar,47,61,64,0,172,0,0,4,0,4,47,61,68,0,176,0,0,0,176
08/20/2014,GRR,MI,AGL,CE,Combined TRACON& Tower with Radar,48,76,64,0,188,0,1,27,0,28,48,77,91,0,216,14,0,14,230
08/21/2014,GRR,MI,AGL,CE,Combined TRACON& Tower with Radar,53,74,43,0,170,0,1,12,0,13,53,75,55,0,183,62,0,62,245
08/22/2014,GRR,MI,AGL,CE,Combined TRACON& Tower with Radar,50,56,48,0,154,0,0,4,0,4,50,56,52,0,158,40,0,40,198
08/23/2014,GRR,MI,AGL,CE,Combined TRACON& Tower with Radar,44,51,29,0,124,0,3,23,2,28,44,54,52,2,152,14,0,14,166
08/24/2014,GRR,MI,AGL,CE,Combined TRACON& Tower with Radar,49,59,28,0,136,0,5,10,0,15,49,64,38,0,151,32,0,32,183
08/25/2014,GRR,MI,AGL,CE,Combined TRACON& Tower with Radar,53,53,50,0,156,0,1,9,0,10,53,54,59,0,166,18,0,18,184
08/26/2014,GRR,MI,AGL,CE,Combined TRACON& Tower with Radar,51,56,60,0,167,0,0,18,0,18,51,56,78,0,185,0,0,0,185
08/27/2014,GRR,MI,AGL,CE,Combined TRACON& Tower with Radar,47,69,59,0,175,0,3,37,0,40,47,72,96,0,215,44,0,44,259
08/28/2014,GRR,MI,AGL,CE,Combined TRACON& Tower with Radar,55,70,60,0,185,0,4,70,0,74,55,74,130,0,259,68,0,68,327
08/29/2014,GRR,MI,AGL,CE,Combined TRACON& Tower with Radar,49,61,31,0,141,0,0,18,0,18,49,61,49,0,159,46,0,46,205
08/30/2014,GRR,MI,AGL,CE,Combined TRACON& Tower with Radar,28,42,12,0,82,0,4,4,0,8,28,46,16,0,90,14,0,14,104
08/31/2014,GRR,MI,AGL,CE,Combined TRACON& Tower with Radar,36,33,18,0,87,0,3,13,0,16,36,36,31,0,103,0,0,0,103
09/01/2014,GRR,MI,AGL,CE,Combined TRACON& Tower with Radar,44,48,24,0,116,0,1,5,0,6,44,49,29,0,122,0,0,0,122
09/02/2014,GRR,MI,AGL,CE,Combined TRACON& Tower with Radar,46,58,73,1,178,0,3,22,2,27,46,61,95,3,205,24,4,28,233
09/03/2014,GRR,MI,AGL,CE,Combined TRACON& Tower with Radar,44,68,57,2,171,0,8,35,4,47,44,76,92,6,218,106,2,108,326
09/04/2014,GRR,MI,AGL,CE,Combined TRACON& Tower with Radar,54,60,53,0,167,0,1,10,0,11,54,61,63,0,178,16,0,16,194
09/05/2014,GRR,MI,AGL,CE,Combined TRACON& Tower with Radar,46,59,39,0,144,0,3,9,0,12,46,62,48,0,156,10,0,10,166
09/06/2014,GRR,MI,AGL,CE,Combined TRACON& Tower with Radar,33,46,28,0,107,0,3,25,0,28,33,49,53,0,135,24,0,24,159
09/07/2014,GRR,MI,AGL,CE,Combined TRACON& Tower with Radar,54,55,18,0,127,0,3,26,0,29,54,58,44,0,156,54,0,54,210
09/08/2014,GRR,MI,AGL,CE,Combined TRACON& Tower with Radar,53,66,48,0,167,0,2,45,0,47,53,68,93,0,214,94,0,94,308
09/09/2014,GRR,MI,AGL,CE,Combined TRACON& Tower with Radar,51,67,72,2,192,0,0,45,0,45,51,67,117,2,237,0,0,0,237
09/10/2014,GRR,MI,AGL,CE,Combined TRACON& Tower with Radar,51,72,52,0,175,0,0,0,0,0,51,72,52,0,175,16,0,16,191
09/11/2014,GRR,MI,AGL,CE,Combined TRACON& Tower with Radar,56,72,74,10,212,0,2,13,0,15,56,74,87,10,227,0,0,0,227
09/12/2014,GRR,MI,AGL,CE,Combined TRACON& Tower with Radar,57,65,72,2,196,0,4,11,2,17,57,69,83,4,213,24,0,24,237
09/13/2014,GRR,MI,AGL,CE,Combined TRACON& Tower with Radar,34,48,37,0,119,0,1,22,0,23,34,49,59,0,142,28,0,28,170
09/14/2014,GRR,MI,AGL,CE,Combined TRACON& Tower with Radar,53,55,21,1,130,0,2,21,1,24,53,57,42,2,154,18,0,18,172
09/15/2014,GRR,MI,AGL,CE,Combined TRACON& Tower with Radar,46,73,56,0,175,0,6,12,0,18,46,79,68,0,193,32,0,32,225
09/16/2014,GRR,MI,AGL,CE,Combined TRACON& Tower with Radar,48,68,68,0,184,0,1,25,0,26,48,69,93,0,210,0,0,0,210
09/17/2014,GRR,MI,AGL,CE,Combined TRACON& Tower with Radar,49,81,88,1,219,0,1,37,1,39,49,82,125,2,258,58,0,58,316
09/18/2014,GRR,MI,AGL,CE,Combined TRACON& Tower with Radar,63,81,83,2,229,0,2,37,0,39,63,83,120,2,268,70,0,70,338
09/19/2014,GRR,MI,AGL,CE,Combined TRACON& Tower with Radar,52,70,62,0,184,0,1,40,0,41,52,71,102,0,225,16,0,16,241
09/20/2014,GRR,MI,AGL,CE,Combined TRACON& Tower with Radar,37,41,19,0,97,0,2,2,1,5,37,43,21,1,102,0,0,0,102
09/21/2014,GRR,MI,AGL,CE,Combined TRACON& Tower with Radar,51,62,23,0,136,0,2,0,0,2,51,64,23,0,138,0,0,0,138
09/22/2014,GRR,MI,AGL,CE,Combined TRACON& Tower with Radar,48,69,56,0,173,0,1,36,0,37,48,70,92,0,210,70,0,70,280
09/23/2014,GRR,MI,AGL,CE,Combined TRACON& Tower with Radar,51,68,62,0,181,0,4,50,0,54,51,72,112,0,235,88,0,88,323
09/24/2014,GRR,MI,AGL,CE,Combined TRACON& Tower with Radar,52,76,74,2,204,0,4,68,2,74,52,80,142,4,278,57,0,57,335
09/25/2014,GRR,MI,AGL,CE,Combined TRACON& Tower with Radar,52,81,66,0,199,0,1,46,2,49,52,82,112,2,248,0,0,0,248
09/26/2014,GRR,MI,AGL,CE,Combined TRACON& Tower with Radar,11,53,50,0,114,0,4,46,0,50,11,57,96,0,164,53,0,53,217
09/27/2014,GRR,MI,AGL,CE,Combined TRACON& Tower with Radar,8,61,16,0,85,0,6,49,0,55,8,67,65,0,140,40,0,40,180
09/28/2014,GRR,MI,AGL,CE,Combined TRACON& Tower with Radar,22,75,31,0,128,0,4,22,0,26,22,79,53,0,154,0,0,0,154
09/29/2014,GRR,MI,AGL,CE,Combined TRACON& Tower with Radar,17,70,40,0,127,4,21,46,0,71,21,91,86,0,198,46,0,46,244
09/30/2014,GRR,MI,AGL,CE,Combined TRACON& Tower with Radar,33,64,51,1,149,1,26,25,1,53,34,90,76,2,202,0,0,0,202
10/01/2014,GRR,MI,AGL,CE,Combined TRACON& Tower with Radar,29,54,66,0,149,6,30,46,0,82,35,84,112,0,231,92,0,92,323
10/02/2014,GRR,MI,AGL,CE,Combined TRACON& Tower with Radar,42,53,52,0,147,4,18,22,0,44,46,71,74,0,191,14,0,14,205
10/03/2014,GRR,MI,AGL,CE,Combined TRACON& Tower with Radar,35,52,50,0,137,5,24,11,0,40,40,76,61,0,177,0,0,0,177
10/04/2014,GRR,MI,AGL,CE,Combined TRACON& Tower with Radar,25,27,11,0,63,6,16,7,0,29,31,43,18,0,92,0,0,0,92
10/05/2014,GRR,MI,AGL,CE,Combined TRACON& Tower with Radar,45,39,24,0,108,7,25,30,0,62,52,64,54,0,170,24,0,24,194
10/06/2014,GRR,MI,AGL,CE,Combined TRACON& Tower with Radar,37,50,37,0,124,7,22,30,2,61,44,72,67,2,185,0,0,0,185
10/07/2014,GRR,MI,AGL,CE,Combined TRACON& Tower with Radar,42,63,38,0,143,7,14,25,0,46,49,77,63,0,189,10,0,10,199
10/08/2014,GRR,MI,AGL,CE,Combined TRACON& Tower with Radar,43,62,45,0,150,7,18,49,0,74,50,80,94,0,224,12,0,12,236
10/09/2014,GRR,MI,AGL,CE,Combined TRACON& Tower with Radar,49,55,50,0,154,8,17,65,0,90,57,72,115,0,244,38,0,38,282
10/10/2014,GRR,MI,AGL,CE,Combined TRACON& Tower with Radar,40,60,34,0,134,6,20,65,0,91,46,80,99,0,225,102,0,102,327
10/11/2014,GRR,MI,AGL,CE,Combined TRACON& Tower with Radar,23,34,21,0,78,7,16,36,0,59,30,50,57,0,137,14,0,14,151
10/12/2014,GRR,MI,AGL,CE,Combined TRACON& Tower with Radar,42,45,24,0,111,7,16,22,0,45,49,61,46,0,156,6,0,6,162
10/13/2014,GRR,MI,AGL,CE,Combined TRACON& Tower with Radar,53,68,61,0,182,0,1,0,0,1,53,69,61,0,183,0,0,0,183
10/14/2014,GRR,MI,AGL,CE,Combined TRACON& Tower with Radar,54,71,72,0,197,0,2,0,0,2,54,73,72,0,199,16,0,16,215
10/15/2014,GRR,MI,AGL,CE,Combined TRACON& Tower with Radar,55,68,83,2,208,0,5,6,0,11,55,73,89,2,219,0,0,0,219
10/16/2014,GRR,MI,AGL,CE,Combined TRACON& Tower with Radar,59,79,72,0,210,0,2,5,0,7,59,81,77,0,217,8,0,8,225
10/17/2014,GRR,MI,AGL,CE,Combined TRACON& Tower with Radar,57,67,53,4,181,0,0,12,0,12,57,67,65,4,193,0,0,0,193
10/18/2014,GRR,MI,AGL,CE,Combined TRACON& Tower with Radar,37,45,28,0,110,0,3,7,0,10,37,48,35,0,120,12,0,12,132
10/19/2014,GRR,MI,AGL,CE,Combined TRACON& Tower with Radar,61,59,47,0,167,0,0,32,0,32,61,59,79,0,199,36,0,36,235
10/20/2014,GRR,MI,AGL,CE,Combined TRACON& Tower with Radar,52,73,44,1,170,0,3,17,1,21,52,76,61,2,191,34,0,34,225
10/21/2014,GRR,MI,AGL,CE,Combined TRACON& Tower with Radar,56,74,83,6,219,0,2,18,0,20,56,76,101,6,239,10,0,10,249
10/22/2014,GRR,MI,AGL,CE,Combined TRACON& Tower with Radar,54,76,63,6,199,0,1,30,2,33,54,77,93,8,232,70,0,70,302
10/23/2014,GRR,MI,AGL,CE,Combined TRACON& Tower with Radar,63,77,78,0,218,1,2,36,0,39,64,79,114,0,257,40,0,40,297
10/24/2014,GRR,MI,AGL,CE,Combined TRACON& Tower with Radar,57,69,61,0,187,1,4,14,0,19,58,73,75,0,206,68,0,68,274
10/25/2014,GRR,MI,AGL,CE,Combined TRACON& Tower with Radar,38,37,14,0,89,0,1,12,0,13,38,38,26,0,102,0,0,0,102
10/26/2014,GRR,MI,AGL,CE,Combined TRACON& Tower with Radar,63,50,44,0,157,0,5,39,0,44,63,55,83,0,201,16,0,16,217
10/27/2014,GRR,MI,AGL,CE,Combined TRACON& Tower with Radar,58,68,45,0,171,0,2,13,0,15,58,70,58,0,186,8,0,8,194
10/28/2014,GRR,MI,AGL,CE,Combined TRACON& Tower with Radar,55,68,48,4,175,0,1,2,2,5,55,69,50,6,180,0,0,0,180
10/29/2014,GRR,MI,AGL,CE,Combined TRACON& Tower with Radar,52,65,61,0,178,0,4,11,0,15,52,69,72,0,193,6,0,6,199
10/30/2014,GRR,MI,AGL,CE,Combined TRACON& Tower with Radar,57,61,62,1,181,0,2,29,1,32,57,63,91,2,213,0,0,0,213
10/31/2014,GRR,MI,AGL,CE,Combined TRACON& Tower with Radar,55,47,26,0,128,0,1,1,0,2,55,48,27,0,130,0,0,0,130
11/01/2014,GRR,MI,AGL,CE,Combined TRACON& Tower with Radar,37,44,26,0,107,0,0,37,0,37,37,44,63,0,144,64,0,64,208
11/02/2014,GRR,MI,AGL,CE,Combined TRACON& Tower with Radar,58,52,20,0,130,0,3,24,0,27,58,55,44,0,157,20,0,20,177
11/03/2014,GRR,MI,AGL,CE,Combined TRACON& Tower with Radar,58,73,43,0,174,0,1,22,0,23,58,74,65,0,197,0,0,0,197
11/04/2014,GRR,MI,AGL,CE,Combined TRACON& Tower with Radar,54,63,64,0,181,0,0,3,0,3,54,63,67,0,184,30,0,30,214
11/05/2014,GRR,MI,AGL,CE,Combined TRACON& Tower with Radar,58,69,74,0,201,0,1,55,0,56,58,70,129,0,257,18,0,18,275
11/06/2014,GRR,MI,AGL,CE,Combined TRACON& Tower with Radar,59,64,55,0,178,0,3,1,0,4,59,67,56,0,182,0,0,0,182
11/07/2014,GRR,MI,AGL,CE,Combined TRACON& Tower with Radar,60,67,46,0,173,0,3,46,0,49,60,70,92,0,222,38,0,38,260
11/08/2014,GRR,MI,AGL,CE,Combined TRACON& Tower with Radar,37,43,23,0,103,0,3,7,0,10,37,46,30,0,113,14,0,14,127
11/09/2014,GRR,MI,AGL,CE,Combined TRACON& Tower with Radar,59,57,39,0,155,0,2,17,0,19,59,59,56,0,174,34,0,34,208
11/10/2014,GRR,MI,AGL,CE,Combined TRACON& Tower with Radar,56,62,48,0,166,0,2,38,0,40,56,64,86,0,206,48,0,48,254
11/11/2014,GRR,MI,AGL,CE,Combined TRACON& Tower with Radar,59,62,42,0,163,0,1,5,0,6,59,63,47,0,169,10,0,10,179
11/12/2014,GRR,MI,AGL,CE,Combined TRACON& Tower with Radar,58,69,70,0,197,0,2,7,0,9,58,71,77,0,206,0,0,0,206
11/13/2014,GRR,MI,AGL,CE,Combined TRACON& Tower with Radar,61,68,58,3,190,0,0,0,1,1,61,68,58,4,191,20,0,20,211
11/14/2014,GRR,MI,AGL,CE,Combined TRACON& Tower with Radar,62,69,45,0,176,0,1,8,0,9,62,70,53,0,185,22,0,22,207
11/15/2014,GRR,MI,AGL,CE,Combined TRACON& Tower with Radar,39,44,19,0,102,0,2,9,0,11,39,46,28,0,113,28,0,28,141
11/16/2014,GRR,MI,AGL,CE,Combined TRACON& Tower with Radar,55,51,17,0,123,0,0,1,0,1,55,51,18,0,124,0,0,0,124
11/17/2014,GRR,MI,AGL,CE,Combined TRACON& Tower with Radar,45,41,39,0,125,0,0,0,0,0,45,41,39,0,125,0,0,0,125
11/18/2014,GRR,MI,AGL,CE,Combined TRACON& Tower with Radar,37,43,31,0,111,0,0,0,0,0,37,43,31,0,111,0,0,0,111
11/19/2014,GRR,MI,AGL,CE,Combined TRACON& Tower with Radar,57,61,50,0,168,0,0,0,0,0,57,61,50,0,168,0,0,0,168
11/20/2014,GRR,MI,AGL,CE,Combined TRACON& Tower with Radar,65,65,36,0,166,0,0,0,0,0,65,65,36,0,166,0,0,0,166
11/21/2014,GRR,MI,AGL,CE,Combined TRACON& Tower with Radar,62,65,89,12,228,0,1,54,0,55,62,66,143,12,283,48,26,74,357
11/22/2014,GRR,MI,AGL,CE,Combined TRACON& Tower with Radar,39,37,22,0,98,0,0,0,0,0,39,37,22,0,98,0,0,0,98
11/23/2014,GRR,MI,AGL,CE,Combined TRACON& Tower with Radar,51,44,13,0,108,0,0,4,0,4,51,44,17,0,112,2,0,2,114
11/24/2014,GRR,MI,AGL,CE,Combined TRACON& Tower with Radar,47,49,29,0,125,0,0,2,0,2,47,49,31,0,127,0,0,0,127
11/25/2014,GRR,MI,AGL,CE,Combined TRACON& Tower with Radar,59,64,39,0,162,0,0,5,0,5,59,64,44,0,167,16,0,16,183
11/26/2014,GRR,MI,AGL,CE,Combined TRACON& Tower with Radar,65,72,50,0,187,0,1,12,0,13,65,73,62,0,200,34,0,34,234
11/27/2014,GRR,MI,AGL,CE,Combined TRACON& Tower with Radar,27,27,3,0,57,0,0,0,0,0,27,27,3,0,57,0,0,0,57
11/28/2014,GRR,MI,AGL,CE,Combined TRACON& Tower with Radar,45,46,23,0,114,0,3,14,0,17,45,49,37,0,131,52,0,52,183
11/29/2014,GRR,MI,AGL,CE,Combined TRACON& Tower with Radar,54,53,37,0,144,0,3,20,0,23,54,56,57,0,167,49,0,49,216
11/30/2014,GRR,MI,AGL,CE,Combined TRACON& Tower with Radar,64,59,45,0,168,0,0,0,0,0,64,59,45,0,168,0,0,0,168
12/01/2014,GRR,MI,AGL,CE,Combined TRACON& Tower with Radar,62,66,34,0,162,0,1,35,0,36,62,67,69,0,198,4,0,4,202
12/02/2014,GRR,MI,AGL,CE,Combined TRACON& Tower with Radar,65,52,59,0,176,0,3,24,0,27,65,55,83,0,203,72,0,72,275
12/03/2014,GRR,MI,AGL,CE,Combined TRACON& Tower with Radar,65,52,62,0,179,0,2,11,0,13,65,54,73,0,192,57,0,57,249
12/04/2014,GRR,MI,AGL,CE,Combined TRACON& Tower with Radar,68,49,56,0,173,0,3,29,0,32,68,52,85,0,205,117,0,117,322
12/05/2014,GRR,MI,AGL,CE,Combined TRACON& Tower with Radar,67,55,51,0,173,0,2,15,0,17,67,57,66,0,190,100,0,100,290
12/06/2014,GRR,MI,AGL,CE,Combined TRACON& Tower with Radar,45,38,59,0,142,0,1,25,0,26,45,39,84,0,168,64,0,64,232
12/07/2014,GRR,MI,AGL,CE,Combined TRACON& Tower with Radar,64,38,37,0,139,0,4,30,0,34,64,42,67,0,173,14,0,14,187
12/08/2014,GRR,MI,AGL,CE,Combined TRACON& Tower with Radar,63,47,32,0,142,0,0,2,0,2,63,47,34,0,144,72,0,72,216
12/09/2014,GRR,MI,AGL,CE,Combined TRACON& Tower with Radar,66,54,55,2,177,0,0,3,0,3,66,54,58,2,180,24,2,26,206
12/10/2014,GRR,MI,AGL,CE,Combined TRACON& Tower with Radar,64,58,63,0,185,0,3,23,0,26,64,61,86,0,211,66,0,66,277
12/11/2014,GRR,MI,AGL,CE,Combined TRACON& Tower with Radar,66,62,81,8,217,0,0,32,0,32,66,62,113,8,249,104,18,122,371
12/12/2014,GRR,MI,AGL,CE,Combined TRACON& Tower with Radar,66,53,61,0,180,0,0,0,0,0,66,53,61,0,180,0,0,0,180
12/13/2014,GRR,MI,AGL,CE,Combined TRACON& Tower with Radar,44,38,19,0,101,0,0,0,0,0,44,38,19,0,101,0,0,0,101
12/14/2014,GRR,MI,AGL,CE,Combined TRACON& Tower with Radar,60,42,33,0,135,0,0,0,0,0,60,42,33,0,135,0,0,0,135
12/15/2014,GRR,MI,AGL,CE,Combined TRACON& Tower with Radar,63,52,56,0,171,0,2,6,0,8,63,54,62,0,179,8,0,8,187
12/16/2014,GRR,MI,AGL,CE,Combined TRACON& Tower with Radar,67,48,56,0,171,0,0,0,0,0,67,48,56,0,171,0,0,0,171
12/17/2014,GRR,MI,AGL,CE,Combined TRACON& Tower with Radar,63,60,73,0,196,0,1,8,0,9,63,61,81,0,205,56,0,56,261
12/18/2014,GRR,MI,AGL,CE,Combined TRACON& Tower with Radar,66,59,73,0,198,0,1,4,0,5,66,60,77,0,203,16,0,16,219
12/19/2014,GRR,MI,AGL,CE,Combined TRACON& Tower with Radar,69,51,45,15,180,0,3,20,0,23,69,54,65,15,203,73,12,85,288
12/20/2014,GRR,MI,AGL,CE,Combined TRACON& Tower with Radar,51,49,24,0,124,0,3,27,0,30,51,52,51,0,154,78,0,78,232
12/21/2014,GRR,MI,AGL,CE,Combined TRACON& Tower with Radar,52,45,19,0,116,0,0,12,0,12,52,45,31,0,128,52,0,52,180
12/22/2014,GRR,MI,AGL,CE,Combined TRACON& Tower with Radar,58,46,28,2,134,0,2,22,0,24,58,48,50,2,158,97,2,99,257
12/23/2014,GRR,MI,AGL,CE,Combined TRACON& Tower with Radar,56,53,28,0,137,0,1,8,0,9,56,54,36,0,146,48,0,48,194
12/24/2014,GRR,MI,AGL,CE,Combined TRACON& Tower with Radar,46,46,16,0,108,0,0,0,0,0,46,46,16,0,108,34,0,34,142
12/25/2014,GRR,MI,AGL,CE,Combined TRACON& Tower with Radar,44,23,4,0,71,0,1,0,0,1,44,24,4,0,72,0,0,0,72
12/26/2014,GRR,MI,AGL,CE,Combined TRACON& Tower with Radar,63,50,42,0,155,0,2,41,0,43,63,52,83,0,198,0,0,0,198
12/27/2014,GRR,MI,AGL,CE,Combined TRACON& Tower with Radar,48,49,19,0,116,0,0,0,0,0,48,49,19,0,116,0,0,0,116
12/28/2014,GRR,MI,AGL,CE,Combined TRACON& Tower with Radar,56,43,28,0,127,0,3,26,0,29,56,46,54,0,156,40,0,40,196
12/29/2014,GRR,MI,AGL,CE,Combined TRACON& Tower with Radar,58,49,22,0,129,0,7,25,0,32,58,56,47,0,161,85,0,85,246
12/30/2014,GRR,MI,AGL,CE,Combined TRACON& Tower with Radar,59,45,25,2,131,0,1,21,2,24,59,46,46,4,155,94,2,96,251
12/31/2014,GRR,MI,AGL,CE,Combined TRACON& Tower with Radar,38,48,19,0,105,0,0,1,0,1,38,48,20,0,106,26,0,26,132
01/01/2015,GRR,MI,AGL,CE,Combined TRACON& Tower with Radar,39,37,5,0,81,0,0,3,0,3,39,37,8,0,84,0,0,0,84
01/02/2015,GRR,MI,AGL,CE,Combined TRACON& Tower with Radar,58,46,28,0,132,0,2,33,0,35,58,48,61,0,167,50,0,50,217
01/03/2015,GRR,MI,AGL,CE,Combined TRACON& Tower with Radar,48,41,15,0,104,0,0,1,0,1,48,41,16,0,105,0,0,0,105
01/04/2015,GRR,MI,AGL,CE,Combined TRACON& Tower with Radar,61,38,26,0,125,0,0,0,0,0,61,38,26,0,125,0,0,0,125
01/05/2015,GRR,MI,AGL,CE,Combined TRACON& Tower with Radar,52,50,33,0,135,0,0,0,0,0,52,50,33,0,135,0,0,0,135
01/06/2015,GRR,MI,AGL,CE,Combined TRACON& Tower with Radar,51,54,68,0,173,0,0,0,0,0,51,54,68,0,173,0,0,0,173
01/07/2015,GRR,MI,AGL,CE,Combined TRACON& Tower with Radar,49,65,51,5,170,0,1,9,0,10,49,66,60,5,180,14,4,18,198
01/08/2015,GRR,MI,AGL,CE,Combined TRACON& Tower with Radar,48,41,53,0,142,0,0,1,0,1,48,41,54,0,143,0,0,0,143
01/09/2015,GRR,MI,AGL,CE,Combined TRACON& Tower with Radar,51,61,43,0,155,0,0,0,0,0,51,61,43,0,155,0,0,0,155
01/10/2015,GRR,MI,AGL,CE,Combined TRACON& Tower with Radar,34,45,23,0,102,0,4,2,0,6,34,49,25,0,108,0,0,0,108
01/11/2015,GRR,MI,AGL,CE,Combined TRACON& Tower with Radar,51,51,27,0,129,0,1,20,0,21,51,52,47,0,150,94,0,94,244
01/12/2015,GRR,MI,AGL,CE,Combined TRACON& Tower with Radar,45,65,82,0,192,0,0,11,0,11,45,65,93,0,203,0,0,0,203
01/13/2015,GRR,MI,AGL,CE,Combined TRACON& Tower with Radar,58,66,60,0,184,0,2,31,0,33,58,68,91,0,217,38,0,38,255
01/14/2015,GRR,MI,AGL,CE,Combined TRACON& Tower with Radar,53,62,52,10,177,0,2,13,0,15,53,64,65,10,192,70,14,84,276
01/15/2015,GRR,MI,AGL,CE,Combined TRACON& Tower with Radar,52,64,64,0,180,0,3,10,0,13,52,67,74,0,193,68,0,68,261
01/16/2015,GRR,MI,AGL,CE,Combined TRACON& Tower with Radar,55,69,59,0,183,0,7,19,0,26,55,76,78,0,209,52,0,52,261
01/17/2015,GRR,MI,AGL,CE,Combined TRACON& Tower with Radar,36,47,21,0,104,0,1,24,0,25,36,48,45,0,129,20,0,20,149
01/18/2015,GRR,MI,AGL,CE,Combined TRACON& Tower with Radar,49,42,19,0,110,0,0,4,0,4,49,42,23,0,114,10,0,10,124
01/19/2015,GRR,MI,AGL,CE,Combined TRACON& Tower with Radar,54,59,50,3,166,0,2,8,0,10,54,61,58,3,176,8,10,18,194
01/20/2015,GRR,MI,AGL,CE,Combined TRACON& Tower with Radar,54,57,44,0,155,0,2,3,0,5,54,59,47,0,160,0,0,0,160
01/21/2015,GRR,MI,AGL,CE,Combined TRACON& Tower with Radar,53,61,47,0,161,0,0,0,0,0,53,61,47,0,161,0,0,0,161
01/22/2015,GRR,MI,AGL,CE,Combined TRACON& Tower with Radar,58,61,43,4,166,0,2,8,0,10,58,63,51,4,176,8,0,8,184
01/23/2015,GRR,MI,AGL,CE,Combined TRACON& Tower with Radar,57,61,51,0,169,0,1,3,0,4,57,62,54,0,173,0,0,0,173
01/24/2015,GRR,MI,AGL,CE,Combined TRACON& Tower with Radar,38,46,13,0,97,0,0,6,0,6,38,46,19,0,103,0,0,0,103
01/25/2015,GRR,MI,AGL,CE,Combined TRACON& Tower with Radar,49,49,30,0,128,0,3,10,0,13,49,52,40,0,141,4,0,4,145
01/26/2015,GRR,MI,AGL,CE,Combined TRACON& Tower with Radar,46,57,34,0,137,0,3,44,0,47,46,60,78,0,184,88,0,88,272
01/27/2015,GRR,MI,AGL,CE,Combined TRACON& Tower with Radar,51,52,61,0,164,0,1,29,0,30,51,53,90,0,194,40,0,40,234
01/28/2015,GRR,MI,AGL,CE,Combined TRACON& Tower with Radar,54,66,58,0,178,0,4,60,0,64,54,70,118,0,242,0,0,0,242
01/29/2015,GRR,MI,AGL,CE,Combined TRACON& Tower with Radar,57,66,45,0,168,0,0,0,0,0,57,66,45,0,168,0,0,0,168
01/30/2015,GRR,MI,AGL,CE,Combined TRACON& Tower with Radar,58,66,47,0,171,0,2,40,0,42,58,68,87,0,213,108,0,108,321
01/31/2015,GRR,MI,AGL,CE,Combined TRACON& Tower with Radar,41,36,24,0,101,0,0,16,0,16,41,36,40,0,117,24,0,24,141
02/01/2015,GRR,MI,AGL,CE,Combined TRACON& Tower with Radar,41,16,8,0,65,0,0,0,0,0,41,16,8,0,65,0,0,0,65
02/02/2015,GRR,MI,AGL,CE,Combined TRACON& Tower with Radar,50,41,27,0,118,0,1,4,0,5,50,42,31,0,123,16,0,16,139
02/03/2015,GRR,MI,AGL,CE,Combined TRACON& Tower with Radar,50,52,34,0,136,0,1,4,0,5,50,53,38,0,141,0,0,0,141
02/04/2015,GRR,MI,AGL,CE,Combined TRACON& Tower with Radar,55,62,49,4,170,0,2,1,2,5,55,64,50,6,175,40,0,40,215
02/05/2015,GRR,MI,AGL,CE,Combined TRACON& Tower with Radar,57,61,40,0,158,0,1,20,0,21,57,62,60,0,179,84,0,84,263
02/06/2015,GRR,MI,AGL,CE,Combined TRACON& Tower with Radar,59,61,29,0,149,0,6,15,0,21,59,67,44,0,170,60,0,60,230
02/07/2015,GRR,MI,AGL,CE,Combined TRACON& Tower with Radar,39,43,26,0,108,0,4,18,0,22,39,47,44,0,130,32,0,32,162
02/08/2015,GRR,MI,AGL,CE,Combined TRACON& Tower with Radar,50,42,25,0,117,0,0,0,0,0,50,42,25,0,117,0,0,0,117
02/09/2015,GRR,MI,AGL,CE,Combined TRACON& Tower with Radar,54,48,37,0,139,0,3,18,0,21,54,51,55,0,160,36,0,36,196
02/10/2015,GRR,MI,AGL,CE,Combined TRACON& Tower with Radar,57,55,57,1,170,0,2,52,1,55,57,57,109,2,225,100,0,100,325
02/11/2015,GRR,MI,AGL,CE,Combined TRACON& Tower with Radar,57,59,50,0,166,0,0,0,0,0,57,59,50,0,166,0,0,0,166
02/12/2015,GRR,MI,AGL,CE,Combined TRACON& Tower with Radar,69,55,51,1,176,0,6,36,3,45,69,61,87,4,221,10,0,10,231
02/13/2015,GRR,MI,AGL,CE,Combined TRACON& Tower with Radar,68,69,44,0,181,0,1,8,0,9,68,70,52,0,190,8,0,8,198
02/14/2015,GRR,MI,AGL,CE,Combined TRACON& Tower with Radar,47,41,17,0,105,0,0,0,0,0,47,41,17,0,105,0,0,0,105
02/15/2015,GRR,MI,AGL,CE,Combined TRACON& Tower with Radar,56,36,24,0,116,0,3,21,0,24,56,39,45,0,140,0,0,0,140
02/16/2015,GRR,MI,AGL,CE,Combined TRACON& Tower with Radar,63,55,66,0,184,0,5,30,0,35,63,60,96,0,219,38,0,38,257
02/17/2015,GRR,MI,AGL,CE,Combined TRACON& Tower with Radar,64,47,47,0,158,0,0,1,0,1,64,47,48,0,159,0,0,0,159
02/18/2015,GRR,MI,AGL,CE,Combined TRACON& Tower with Radar,66,48,49,0,163,0,0,6,0,6,66,48,55,0,169,0,0,0,169
02/19/2015,GRR,MI,AGL,CE,Combined TRACON& Tower with Radar,70,51,68,2,191,0,1,10,0,11,70,52,78,2,202,22,0,22,224
02/20/2015,GRR,MI,AGL,CE,Combined TRACON& Tower with Radar,67,54,58,0,179,0,2,11,0,13,67,56,69,0,192,0,0,0,192
02/21/2015,GRR,MI,AGL,CE,Combined TRACON& Tower with Radar,46,39,10,0,95,0,2,2,0,4,46,41,12,0,99,44,0,44,143
02/22/2015,GRR,MI,AGL,CE,Combined TRACON& Tower with Radar,64,30,24,2,120,0,0,7,0,7,64,30,31,2,127,0,0,0,127
02/23/2015,GRR,MI,AGL,CE,Combined TRACON& Tower with Radar,57,52,41,0,150,0,2,39,0,41,57,54,80,0,191,60,0,60,251
02/24/2015,GRR,MI,AGL,CE,Combined TRACON& Tower with Radar,62,54,30,0,146,0,1,3,0,4,62,55,33,0,150,6,0,6,156
02/25/2015,GRR,MI,AGL,CE,Combined TRACON& Tower with Radar,66,50,46,2,164,0,1,32,2,35,66,51,78,4,199,50,0,50,249
02/26/2015,GRR,MI,AGL,CE,Combined TRACON& Tower with Radar,67,50,39,2,158,0,6,30,0,36,67,56,69,2,194,85,0,85,279
02/27/2015,GRR,MI,AGL,CE,Combined TRACON& Tower with Radar,70,45,50,0,165,0,0,29,0,29,70,45,79,0,194,18,0,18,212
02/28/2015,GRR,MI,AGL,CE,Combined TRACON& Tower with Radar,48,34,30,0,112,0,1,39,0,40,48,35,69,0,152,54,0,54,206
03/01/2015,GRR,MI,AGL,CE,Combined TRACON& Tower with Radar,55,33,26,0,114,0,4,2,0,6,55,37,28,0,120,8,0,8,128
03/02/2015,GRR,MI,AGL,CE,Combined TRACON& Tower with Radar,59,56,67,0,182,0,4,24,0,28,59,60,91,0,210,0,0,0,210
03/03/2015,GRR,MI,AGL,CE,Combined TRACON& Tower with Radar,64,46,35,0,145,0,0,0,0,0,64,46,35,0,145,0,0,0,145
03/04/2015,GRR,MI,AGL,CE,Combined TRACON& Tower with Radar,63,49,49,0,161,0,2,22,1,25,63,51,71,1,186,14,0,14,200
03/05/2015,GRR,MI,AGL,CE,Combined TRACON& Tower with Radar,58,43,49,0,150,0,1,21,0,22,58,44,70,0,172,26,0,26,198
03/06/2015,GRR,MI,AGL,CE,Combined TRACON& Tower with Radar,58,52,41,0,151,0,2,13,0,15,58,54,54,0,166,50,0,50,216
03/07/2015,GRR,MI,AGL,CE,Combined TRACON& Tower with Radar,51,49,27,0,127,0,1,19,0,20,51,50,46,0,147,24,0,24,171
03/08/2015,GRR,MI,AGL,CE,Combined TRACON& Tower with Radar,64,41,23,0,128,0,3,33,0,36,64,44,56,0,164,36,0,36,200
03/09/2015,GRR,MI,AGL,CE,Combined TRACON& Tower with Radar,69,46,62,4,181,0,6,40,0,46,69,52,102,4,227,42,4,46,273
03/10/2015,GRR,MI,AGL,CE,Combined TRACON& Tower with Radar,66,52,63,10,191,0,1,1,0,2,66,53,64,10,193,0,0,0,193
03/11/2015,GRR,MI,AGL,CE,Combined TRACON& Tower with Radar,67,51,53,0,171,0,1,28,0,29,67,52,81,0,200,42,0,42,242
03/12/2015,GRR,MI,AGL,CE,Combined TRACON& Tower with Radar,73,50,39,0,162,0,3,46,0,49,73,53,85,0,211,24,0,24,235
03/13/2015,GRR,MI,AGL,CE,Combined TRACON& Tower with Radar,70,50,58,0,178,0,1,38,0,39,70,51,96,0,217,30,0,30,247
03/14/2015,GRR,MI,AGL,CE,Combined TRACON& Tower with Radar,54,43,37,0,134,0,3,5,0,8,54,46,42,0,142,34,0,34,176
03/15/2015,GRR,MI,AGL,CE,Combined TRACON& Tower with Radar,62,44,42,0,148,0,3,27,0,30,62,47,69,0,178,46,0,46,224
03/16/2015,GRR,MI,AGL,CE,Combined TRACON& Tower with Radar,66,52,38,0,156,0,3,35,0,38,66,55,73,0,194,64,0,64,258
03/17/2015,GRR,MI,AGL,CE,Combined TRACON& Tower with Radar,70,54,25,0,149,0,0,15,0,15,70,54,40,0,164,0,0,0,164
03/18/2015,GRR,MI,AGL,CE,Combined TRACON& Tower with Radar,64,52,68,13,197,0,1,28,1,30,64,53,96,14,227,0,0,0,227
03/19/2015,GRR,MI,AGL,CE,Combined TRACON& Tower with Radar,72,54,57,4,187,0,1,29,0,30,72,55,86,4,217,32,0,32,249
03/20/2015,GRR,MI,AGL,CE,Combined TRACON& Tower with Radar,67,48,44,0,159,0,4,27,0,31,67,52,71,0,190,50,0,50,240
03/21/2015,GRR,MI,AGL,CE,Combined TRACON& Tower with Radar,61,42,19,0,122,0,0,16,0,16,61,42,35,0,138,58,0,58,196
03/22/2015,GRR,MI,AGL,CE,Combined TRACON& Tower with Radar,61,44,33,0,138,0,0,24,0,24,61,44,57,0,162,0,0,0,162
03/23/2015,GRR,MI,AGL,CE,Combined TRACON& Tower with Radar,70,49,49,0,168,0,3,30,0,33,70,52,79,0,201,16,0,16,217
03/24/2015,GRR,MI,AGL,CE,Combined TRACON& Tower with Radar,70,62,56,0,188,0,1,45,0,46,70,63,101,0,234,0,0,0,234
03/25/2015,GRR,MI,AGL,CE,Combined TRACON& Tower with Radar,66,57,58,3,184,0,1,0,0,1,66,58,58,3,185,0,0,0,185
03/26/2015,GRR,MI,AGL,CE,Combined TRACON& Tower with Radar,71,62,42,1,176,0,2,8,1,11,71,64,50,2,187,4,0,4,191
03/27/2015,GRR,MI,AGL,CE,Combined TRACON& Tower with Radar,66,55,46,4,171,0,2,17,0,19,66,57,63,4,190,36,0,36,226
03/28/2015,GRR,MI,AGL,CE,Combined TRACON& Tower with Radar,60,42,19,0,121,0,6,46,0,52,60,48,65,0,173,60,0,60,233
03/29/2015,GRR,MI,AGL,CE,Combined TRACON& Tower with Radar,65,40,25,0,130,0,1,7,0,8,65,41,32,0,138,0,0,0,138
03/30/2015,GRR,MI,AGL,CE,Combined TRACON& Tower with Radar,63,57,37,0,157,0,5,30,0,35,63,62,67,0,192,74,0,74,266
03/31/2015,GRR,MI,AGL,CE,Combined TRACON& Tower with Radar,67,67,60,2,196,0,2,18,0,20,67,69,78,2,216,8,0,8,224
04/01/2015,GRR,MI,AGL,CE,Combined TRACON& Tower with Radar,63,58,55,2,178,0,1,42,0,43,63,59,97,2,221,24,0,24,245
04/02/2015,GRR,MI,AGL,CE,Combined TRACON& Tower with Radar,65,59,76,1,201,0,3,5,1,9,65,62,81,2,210,0,0,0,210
04/03/2015,GRR,MI,AGL,CE,Combined TRACON& Tower with Radar,66,61,38,0,165,0,5,20,0,25,66,66,58,0,190,22,0,22,212
04/04/2015,GRR,MI,AGL,CE,Combined TRACON& Tower with Radar,54,43,21,0,118,0,4,20,0,24,54,47,41,0,142,0,0,0,142
04/05/2015,GRR,MI,AGL,CE,Combined TRACON& Tower with Radar,56,34,15,0,105,0,5,13,0,18,56,39,28,0,123,0,0,0,123
04/06/2015,GRR,MI,AGL,CE,Combined TRACON& Tower with Radar,61,51,28,0,140,0,3,32,0,35,61,54,60,0,175,4,0,4,179
04/07/2015,GRR,MI,AGL,CE,Combined TRACON& Tower with Radar,71,48,24,0,143,0,2,4,0,6,71,50,28,0,149,0,0,0,149
04/08/2015,GRR,MI,AGL,CE,Combined TRACON& Tower with Radar,68,50,34,0,152,0,0,0,0,0,68,50,34,0,152,0,0,0,152
04/09/2015,GRR,MI,AGL,CE,Combined TRACON& Tower with Radar,76,44,23,0,143,0,0,0,0,0,76,44,23,0,143,0,0,0,143
04/10/2015,GRR,MI,AGL,CE,Combined TRACON& Tower with Radar,67,50,37,2,156,0,0,8,0,8,67,50,45,2,164,18,0,18,182
04/11/2015,GRR,MI,AGL,CE,Combined TRACON& Tower with Radar,57,50,45,0,152,0,3,34,0,37,57,53,79,0,189,58,0,58,247
04/12/2015,GRR,MI,AGL,CE,Combined TRACON& Tower with Radar,62,43,43,5,153,0,4,18,1,23,62,47,61,6,176,38,8,46,222
04/13/2015,GRR,MI,AGL,CE,Combined TRACON& Tower with Radar,63,50,55,0,168,0,4,11,0,15,63,54,66,0,183,0,0,0,183
04/14/2015,GRR,MI,AGL,CE,Combined TRACON& Tower with Radar,67,57,51,1,176,1,2,62,1,66,68,59,113,2,242,66,0,66,308
04/15/2015,GRR,MI,AGL,CE,Combined TRACON& Tower with Radar,64,50,63,0,177,0,4,48,0,52,64,54,111,0,229,48,0,48,277
04/16/2015,GRR,MI,AGL,CE,Combined TRACON& Tower with Radar,70,53,57,12,192,0,2,27,2,31,70,55,84,14,223,16,0,16,239
04/17/2015,GRR,MI,AGL,CE,Combined TRACON& Tower with Radar,68,58,51,0,177,0,5,44,0,49,68,63,95,0,226,42,0,42,268
04/18/2015,GRR,MI,AGL,CE,Combined TRACON& Tower with Radar,48,56,21,0,125,0,2,25,0,27,48,58,46,0,152,30,0,30,182
04/19/2015,GRR,MI,AGL,CE,Combined TRACON& Tower with Radar,61,40,28,0,129,0,4,2,0,6,61,44,30,0,135,36,0,36,171
04/20/2015,GRR,MI,AGL,CE,Combined TRACON& Tower with Radar,62,49,54,0,165,0,0,0,0,0,62,49,54,0,165,20,30,50,215
04/21/2015,GRR,MI,AGL,CE,Combined TRACON& Tower with Radar,66,61,50,0,177,0,0,18,0,18,66,61,68,0,195,14,0,14,209
04/22/2015,GRR,MI,AGL,CE,Combined TRACON& Tower with Radar,69,54,60,4,187,0,0,2,0,2,69,54,62,4,189,0,0,0,189
04/23/2015,GRR,MI,AGL,CE,Combined TRACON& Tower with Radar,70,69,66,2,207,0,3,32,0,35,70,72,98,2,242,34,0,34,276
04/24/2015,GRR,MI,AGL,CE,Combined TRACON& Tower with Radar,66,57,66,0,189,0,3,45,0,48,66,60,111,0,237,30,0,30,267
04/25/2015,GRR,MI,AGL,CE,Combined TRACON& Tower with Radar,49,46,25,0,120,0,5,30,0,35,49,51,55,0,155,50,0,50,205
04/26/2015,GRR,MI,AGL,CE,Combined TRACON& Tower with Radar,62,48,25,0,135,0,1,22,0,23,62,49,47,0,158,48,0,48,206
04/27/2015,GRR,MI,AGL,CE,Combined TRACON& Tower with Radar,65,53,51,0,169,0,4,16,0,20,65,57,67,0,189,52,0,52,241
04/28/2015,GRR,MI,AGL,CE,Combined TRACON& Tower with Radar,66,52,91,8,217,0,2,41,0,43,66,54,132,8,260,66,32,98,358
04/29/2015,GRR,MI,AGL,CE,Combined TRACON& Tower with Radar,69,54,71,0,194,0,0,56,0,56,69,54,127,0,250,11,0,11,261
04/30/2015,GRR,MI,AGL,CE,Combined TRACON& Tower with Radar,72,50,48,0,170,0,4,38,0,42,72,54,86,0,212,30,0,30,242
05/01/2015,GRR,MI,AGL,CE,Combined TRACON& Tower with Radar,72,49,58,0,179,0,3,44,0,47,72,52,102,0,226,0,0,0,226
05/02/2015,GRR,MI,AGL,CE,Combined TRACON& Tower with Radar,50,45,19,0,114,0,4,29,0,33,50,49,48,0,147,34,0,34,181
05/03/2015,GRR,MI,AGL,CE,Combined TRACON& Tower with Radar,61,40,34,0,135,0,2,21,0,23,61,42,55,0,158,42,0,42,200
05/04/2015,GRR,MI,AGL,CE,Combined TRACON& Tower with Radar,69,52,50,0,171,0,2,22,0,24,69,54,72,0,195,0,0,0,195
05/05/2015,GRR,MI,AGL,CE,Combined TRACON& Tower with Radar,67,42,42,2,153,0,3,1,0,4,67,45,43,2,157,20,0,20,177
05/06/2015,GRR,MI,AGL,CE,Combined TRACON& Tower with Radar,71,62,70,0,203,0,3,14,2,19,71,65,84,2,222,40,0,40,262
05/07/2015,GRR,MI,AGL,CE,Combined TRACON& Tower with Radar,72,54,53,0,179,0,1,42,0,43,72,55,95,0,222,0,0,0,222
05/08/2015,GRR,MI,AGL,CE,Combined TRACON& Tower with Radar,81,53,45,0,179,0,1,17,0,18,81,54,62,0,197,24,0,24,221
05/09/2015,GRR,MI,AGL,CE,Combined TRACON& Tower with Radar,51,41,22,0,114,0,1,2,0,3,51,42,24,0,117,30,0,30,147
05/10/2015,GRR,MI,AGL,CE,Combined TRACON& Tower with Radar,60,32,15,0,107,0,0,0,0,0,60,32,15,0,107,32,0,32,139
05/11/2015,GRR,MI,AGL,CE,Combined TRACON& Tower with Radar,64,47,48,0,159,0,2,1,0,3,64,49,49,0,162,0,0,0,162
05/12/2015,GRR,MI,AGL,CE,Combined TRACON& Tower with Radar,68,55,62,4,189,0,0,11,0,11,68,55,73,4,200,0,0,0,200
05/13/2015,GRR,MI,AGL,CE,Combined TRACON& Tower with Radar,64,47,97,2,210,0,1,47,0,48,64,48,144,2,258,34,0,34,292
05/14/2015,GRR,MI,AGL,CE,Combined TRACON& Tower with Radar,69,51,55,0,175,0,4,45,0,49,69,55,100,0,224,46,0,46,270
05/15/2015,GRR,MI,AGL,CE,Combined TRACON& Tower with Radar,74,52,49,0,175,0,2,12,0,14,74,54,61,0,189,22,0,22,211
05/16/2015,GRR,MI,AGL,CE,Combined TRACON& Tower with Radar,55,40,34,0,129,0,6,11,0,17,55,46,45,0,146,46,0,46,192
05/17/2015,GRR,MI,AGL,CE,Combined TRACON& Tower with Radar,62,40,25,0,127,0,1,6,0,7,62,41,31,0,134,0,0,0,134
05/18/2015,GRR,MI,AGL,CE,Combined TRACON& Tower with Radar,63,51,71,0,185,0,3,24,0,27,63,54,95,0,212,69,0,69,281
05/19/2015,GRR,MI,AGL,CE,Combined TRACON& Tower with Radar,63,73,59,1,196,0,0,20,0,20,63,73,79,1,216,24,0,24,240
05/20/2015,GRR,MI,AGL,CE,Combined TRACON& Tower with Radar,63,55,82,1,201,0,3,49,0,52,63,58,131,1,253,56,0,56,309
05/21/2015,GRR,MI,AGL,CE,Combined TRACON& Tower with Radar,71,55,63,7,196,0,3,42,1,46,71,58,105,8,242,41,0,41,283
05/22/2015,GRR,MI,AGL,CE,Combined TRACON& Tower with Radar,67,53,65,0,185,0,2,47,0,49,67,55,112,0,234,68,0,68,302
05/23/2015,GRR,MI,AGL,CE,Combined TRACON& Tower with Radar,43,39,23,0,105,0,1,37,0,38,43,40,60,0,143,28,0,28,171
05/24/2015,GRR,MI,AGL,CE,Combined TRACON& Tower with Radar,46,34,22,0,102,0,2,25,0,27,46,36,47,0,129,30,0,30,159
05/25/2015,GRR,MI,AGL,CE,Combined TRACON& Tower with Radar,54,42,29,0,125,0,1,5,0,6,54,43,34,0,131,0,0,0,131
05/26/2015,GRR,MI,AGL,CE,Combined TRACON& Tower with Radar,63,51,56,0,170,0,3,7,0,10,63,54,63,0,180,0,0,0,180
05/27/2015,GRR,MI,AGL,CE,Combined TRACON& Tower with Radar,63,68,60,0,191,0,1,9,0,10,63,69,69,0,201,10,0,10,211
05/28/2015,GRR,MI,AGL,CE,Combined TRACON& Tower with Radar,68,55,81,14,218,0,0,65,0,65,68,55,146,14,283,114,6,120,403
05/29/2015,GRR,MI,AGL,CE,Combined TRACON& Tower with Radar,73,55,50,0,178,0,4,31,0,35,73,59,81,0,213,0,0,0,213
05/30/2015,GRR,MI,AGL,CE,Combined TRACON& Tower with Radar,51,42,18,0,111,0,2,0,0,2,51,44,18,0,113,0,0,0,113
05/31/2015,GRR,MI,AGL,CE,Combined TRACON& Tower with Radar,61,39,28,0,128,0,0,10,0,10,61,39,38,0,138,54,0,54,192
06/01/2015,GRR,MI,AGL,CE,Combined TRACON& Tower with Radar,62,48,40,0,150,0,6,44,0,50,62,54,84,0,200,0,0,0,200
06/02/2015,GRR,MI,AGL,CE,Combined TRACON& Tower with Radar,72,56,63,2,193,0,0,56,0,56,72,56,119,2,249,38,0,38,287
06/03/2015,GRR,MI,AGL,CE,Combined TRACON& Tower with Radar,69,56,81,1,207,0,2,43,1,46,69,58,124,2,253,30,0,30,283
06/04/2015,GRR,MI,AGL,CE,Combined TRACON& Tower with Radar,83,46,65,0,194,0,7,50,0,57,83,53,115,0,251,42,0,42,293
06/05/2015,GRR,MI,AGL,CE,Combined TRACON& Tower with Radar,76,56,60,0,192,0,0,7,0,7,76,56,67,0,199,0,0,0,199
06/06/2015,GRR,MI,AGL,CE,Combined TRACON& Tower with Radar,59,37,23,0,119,0,0,60,0,60,59,37,83,0,179,122,0,122,301
06/07/2015,GRR,MI,AGL,CE,Combined TRACON& Tower with Radar,77,32,26,0,135,0,1,5,0,6,77,33,31,0,141,0,0,0,141
06/08/2015,GRR,MI,AGL,CE,Combined TRACON& Tower with Radar,74,41,64,0,179,0,2,13,0,15,74,43,77,0,194,76,0,76,270
06/09/2015,GRR,MI,AGL,CE,Combined TRACON& Tower with Radar,69,58,61,0,188,0,1,25,0,26,69,59,86,0,214,60,0,60,274
06/10/2015,GRR,MI,AGL,CE,Combined TRACON& Tower with Radar,73,48,67,0,188,0,3,29,0,32,73,51,96,0,220,30,0,30,250
06/11/2015,GRR,MI,AGL,CE,Combined TRACON& Tower with Radar,81,44,70,6,201,0,2,28,0,30,81,46,98,6,231,26,0,26,257
06/12/2015,GRR,MI,AGL,CE,Combined TRACON& Tower with Radar,78,53,46,0,177,0,1,0,0,1,78,54,46,0,178,0,0,0,178
06/13/2015,GRR,MI,AGL,CE,Combined TRACON& Tower with Radar,62,41,17,0,120,0,1,2,0,3,62,42,19,0,123,0,0,0,123
06/14/2015,GRR,MI,AGL,CE,Combined TRACON& Tower with Radar,77,39,34,0,150,0,1,3,0,4,77,40,37,0,154,0,0,0,154
06/15/2015,GRR,MI,AGL,CE,Combined TRACON& Tower with Radar,80,29,47,0,156,0,0,0,0,0,80,29,47,0,156,0,0,0,156
06/16/2015,GRR,MI,AGL,CE,Combined TRACON& Tower with Radar,70,58,82,2,212,0,4,48,2,54,70,62,130,4,266,36,0,36,302
06/17/2015,GRR,MI,AGL,CE,Combined TRACON& Tower with Radar,72,56,69,0,197,0,2,30,0,32,72,58,99,0,229,38,0,38,267
06/18/2015,GRR,MI,AGL,CE,Combined TRACON& Tower with Radar,69,42,65,2,178,0,1,11,0,12,69,43,76,2,190,18,0,18,208
06/19/2015,GRR,MI,AGL,CE,Combined TRACON& Tower with Radar,76,47,68,0,191,2,3,48,0,53,78,50,116,0,244,64,0,64,308
06/20/2015,GRR,MI,AGL,CE,Combined TRACON& Tower with Radar,65,33,22,0,120,0,3,44,0,47,65,36,66,0,167,22,0,22,189
06/21/2015,GRR,MI,AGL,CE,Combined TRACON& Tower with Radar,75,35,28,0,138,0,9,14,0,23,75,44,42,0,161,14,0,14,175
06/22/2015,GRR,MI,AGL,CE,Combined TRACON& Tower with Radar,66,43,51,0,160,0,0,6,0,6,66,43,57,0,166,10,0,10,176
06/23/2015,GRR,MI,AGL,CE,Combined TRACON& Tower with Radar,70,55,83,0,208,0,1,46,0,47,70,56,129,0,255,28,0,28,283
06/24/2015,GRR,MI,AGL,CE,Combined TRACON& Tower with Radar,72,52,85,1,210,0,1,39,0,40,72,53,124,1,250,72,0,72,322
06/25/2015,GRR,MI,AGL,CE,Combined TRACON& Tower with Radar,73,51,58,0,182,0,3,30,0,33,73,54,88,0,215,27,0,27,242
06/26/2015,GRR,MI,AGL,CE,Combined TRACON& Tower with Radar,83,48,58,0,189,0,1,42,0,43,83,49,100,0,232,32,0,32,264
06/27/2015,GRR,MI,AGL,CE,Combined TRACON& Tower with Radar,63,37,16,0,116,0,3,16,0,19,63,40,32,0,135,62,0,62,197
06/28/2015,GRR,MI,AGL,CE,Combined TRACON& Tower with Radar,71,35,37,0,143,0,6,20,0,26,71,41,57,0,169,0,0,0,169
06/29/2015,GRR,MI,AGL,CE,Combined TRACON& Tower with Radar,77,41,49,0,167,0,2,33,0,35,77,43,82,0,202,32,0,32,234
06/30/2015,GRR,MI,AGL,CE,Combined TRACON& Tower with Radar,67,43,77,0,187,0,1,9,0,10,67,44,86,0,197,0,0,0,197
07/01/2015,GRR,MI,AGL,CE,Combined TRACON& Tower with Radar,67,53,34,2,156,0,2,23,0,25,67,55,57,2,181,8,0,8,189
07/02/2015,GRR,MI,AGL,CE,Combined TRACON& Tower with Radar,72,49,40,1,162,0,6,31,1,38,72,55,71,2,200,10,0,10,210
07/03/2015,GRR,MI,AGL,CE,Combined TRACON& Tower with Radar,57,39,20,0,116,0,3,51,0,54,57,42,71,0,170,8,0,8,178
07/04/2015,GRR,MI,AGL,CE,Combined TRACON& Tower with Radar,44,29,4,0,77,0,5,19,0,24,44,34,23,0,101,50,0,50,151
07/05/2015,GRR,MI,AGL,CE,Combined TRACON& Tower with Radar,66,35,31,0,132,0,6,17,0,23,66,41,48,0,155,0,0,0,155
07/06/2015,GRR,MI,AGL,CE,Combined TRACON& Tower with Radar,69,44,40,0,153,0,3,23,0,26,69,47,63,0,179,0,0,0,179
07/07/2015,GRR,MI,AGL,CE,Combined TRACON& Tower with Radar,78,50,47,0,175,0,2,23,0,25,78,52,70,0,200,36,0,36,236
07/08/2015,GRR,MI,AGL,CE,Combined TRACON& Tower with Radar,66,54,54,0,174,0,2,46,0,48,66,56,100,0,222,36,0,36,258
07/09/2015,GRR,MI,AGL,CE,Combined TRACON& Tower with Radar,73,39,108,2,222,0,2,41,0,43,73,41,149,2,265,0,0,0,265
07/10/2015,GRR,MI,AGL,CE,Combined TRACON& Tower with Radar,73,48,60,3,184,0,4,56,1,61,73,52,116,4,245,63,0,63,308
07/11/2015,GRR,MI,AGL,CE,Combined TRACON& Tower with Radar,65,32,34,4,135,0,2,22,0,24,65,34,56,4,159,51,0,51,210
07/12/2015,GRR,MI,AGL,CE,Combined TRACON& Tower with Radar,71,37,25,0,133,0,6,16,0,22,71,43,41,0,155,52,0,52,207
07/13/2015,GRR,MI,AGL,CE,Combined TRACON& Tower with Radar,73,44,55,1,173,0,0,11,0,11,73,44,66,1,184,22,0,22,206
07/14/2015,GRR,MI,AGL,CE,Combined TRACON& Tower with Radar,75,44,85,9,213,0,2,7,0,9,75,46,92,9,222,0,0,0,222
07/15/2015,GRR,MI,AGL,CE,Combined TRACON& Tower with Radar,68,59,61,0,188,0,2,67,0,69,68,61,128,0,257,80,0,80,337
07/16/2015,GRR,MI,AGL,CE,Combined TRACON& Tower with Radar,73,55,55,0,183,0,6,45,0,51,73,61,100,0,234,32,0,32,266
07/17/2015,GRR,MI,AGL,CE,Combined TRACON& Tower with Radar,79,49,63,0,191,0,0,10,0,10,79,49,73,0,201,0,0,0,201
07/18/2015,GRR,MI,AGL,CE,Combined TRACON& Tower with Radar,64,27,18,0,109,0,4,11,0,15,64,31,29,0,124,14,0,14,138
07/19/2015,GRR,MI,AGL,CE,Combined TRACON& Tower with Radar,68,38,40,0,146,0,1,16,0,17,68,39,56,0,163,0,0,0,163
07/20/2015,GRR,MI,AGL,CE,Combined TRACON& Tower with Radar,73,47,63,0,183,0,5,51,0,56,73,52,114,0,239,76,0,76,315
07/21/2015,GRR,MI,AGL,CE,Combined TRACON& Tower with Radar,74,55,59,10,198,0,4,55,1,60,74,59,114,11,258,40,20,60,318
07/22/2015,GRR,MI,AGL,CE,Combined TRACON& Tower with Radar,69,56,57,0,182,0,5,61,0,66,69,61,118,0,248,102,0,102,350
07/23/2015,GRR,MI,AGL,CE,Combined TRACON& Tower with Radar,74,51,87,0,212,0,5,46,0,51,74,56,133,0,263,70,0,70,333
07/24/2015,GRR,MI,AGL,CE,Combined TRACON& Tower with Radar,72,47,47,0,166,0,3,26,0,29,72,50,73,0,195,0,0,0,195
07/25/2015,GRR,MI,AGL,CE,Combined TRACON& Tower with Radar,60,35,30,0,125,0,2,16,0,18,60,37,46,0,143,52,0,52,195
07/26/2015,GRR,MI,AGL,CE,Combined TRACON& Tower with Radar,73,37,29,4,143,0,3,22,0,25,73,40,51,4,168,0,0,0,168
07/27/2015,GRR,MI,AGL,CE,Combined TRACON& Tower with Radar,71,51,54,0,176,0,0,51,0,51,71,51,105,0,227,45,0,45,272
07/28/2015,GRR,MI,AGL,CE,Combined TRACON& Tower with Radar,73,53,59,8,193,0,4,20,2,26,73,57,79,10,219,40,0,40,259
07/29/2015,GRR,MI,AGL,CE,Combined TRACON& Tower with Radar,69,55,67,0,191,0,1,20,0,21,69,56,87,0,212,18,0,18,230
07/30/2015,GRR,MI,AGL,CE,Combined TRACON& Tower with Radar,75,45,60,0,180,0,4,43,2,49,75,49,103,2,229,20,0,20,249
07/31/2015,GRR,MI,AGL,CE,Combined TRACON& Tower with Radar,71,50,51,0,172,0,0,23,0,23,71,50,74,0,195,40,0,40,235
08/01/2015,GRR,MI,AGL,CE,Combined TRACON& Tower with Radar,66,30,13,0,109,0,1,65,0,66,66,31,78,0,175,56,0,56,231
08/02/2015,GRR,MI,AGL,CE,Combined TRACON& Tower with Radar,69,35,29,0,133,0,1,8,0,9,69,36,37,0,142,0,0,0,142
08/03/2015,GRR,MI,AGL,CE,Combined TRACON& Tower with Radar,70,43,51,0,164,0,2,27,0,29,70,45,78,0,193,20,0,20,213
08/04/2015,GRR,MI,AGL,CE,Combined TRACON& Tower with Radar,75,50,55,0,180,0,2,37,4,43,75,52,92,4,223,44,0,44,267
08/05/2015,GRR,MI,AGL,CE,Combined TRACON& Tower with Radar,67,54,53,8,182,0,6,43,0,49,67,60,96,8,231,4,12,16,247
08/06/2015,GRR,MI,AGL,CE,Combined TRACON& Tower with Radar,75,54,64,4,197,0,3,41,0,44,75,57,105,4,241,42,0,42,283
08/07/2015,GRR,MI,AGL,CE,Combined TRACON& Tower with Radar,75,49,48,0,172,0,2,50,0,52,75,51,98,0,224,64,0,64,288
08/08/2015,GRR,MI,AGL,CE,Combined TRACON& Tower with Radar,66,35,26,6,133,0,0,19,2,21,66,35,45,8,154,66,0,66,220
08/09/2015,GRR,MI,AGL,CE,Combined TRACON& Tower with Radar,67,40,57,0,164,0,1,6,0,7,67,41,63,0,171,0,0,0,171
08/10/2015,GRR,MI,AGL,CE,Combined TRACON& Tower with Radar,65,43,33,17,158,0,2,3,0,5,65,45,36,17,163,10,10,20,183
08/11/2015,GRR,MI,AGL,CE,Combined TRACON& Tower with Radar,67,50,62,8,187,0,3,54,0,57,67,53,116,8,244,26,12,38,282
08/12/2015,GRR,MI,AGL,CE,Combined TRACON& Tower with Radar,65,58,63,0,186,0,3,38,0,41,65,61,101,0,227,24,0,24,251
08/13/2015,GRR,MI,AGL,CE,Combined TRACON& Tower with Radar,75,54,62,14,205,0,1,45,0,46,75,55,107,14,251,32,8,40,291
08/14/2015,GRR,MI,AGL,CE,Combined TRACON& Tower with Radar,71,45,55,0,171,0,1,12,0,13,71,46,67,0,184,0,0,0,184
08/15/2015,GRR,MI,AGL,CE,Combined TRACON& Tower with Radar,54,30,34,0,118,0,4,15,0,19,54,34,49,0,137,28,0,28,165
08/16/2015,GRR,MI,AGL,CE,Combined TRACON& Tower with Radar,72,36,34,0,142,0,7,38,0,45,72,43,72,0,187,38,0,38,225
08/17/2015,GRR,MI,AGL,CE,Combined TRACON& Tower with Radar,64,43,50,0,157,0,4,16,0,20,64,47,66,0,177,0,0,0,177
08/18/2015,GRR,MI,AGL,CE,Combined TRACON& Tower with Radar,72,54,53,2,181,0,0,15,0,15,72,54,68,2,196,36,0,36,232
08/19/2015,GRR,MI,AGL,CE,Combined TRACON& Tower with Radar,70,45,57,6,178,0,4,16,0,20,70,49,73,6,198,0,0,0,198
08/20/2015,GRR,MI,AGL,CE,Combined TRACON& Tower with Radar,73,43,60,1,177,0,1,23,1,25,73,44,83,2,202,0,0,0,202
08/21/2015,GRR,MI,AGL,CE,Combined TRACON& Tower with Radar,66,41,46,1,154,0,4,41,1,46,66,45,87,2,200,30,0,30,230
08/22/2015,GRR,MI,AGL,CE,Combined TRACON& Tower with Radar,49,33,32,3,117,0,7,31,1,39,49,40,63,4,156,24,4,28,184
08/23/2015,GRR,MI,AGL,CE,Combined TRACON& Tower with Radar,72,40,40,0,152,0,3,3,0,6,72,43,43,0,158,0,0,0,158
08/24/2015,GRR,MI,AGL,CE,Combined TRACON& Tower with Radar,64,52,55,0,171,0,1,22,0,23,64,53,77,0,194,18,0,18,212
08/25/2015,GRR,MI,AGL,CE,Combined TRACON& Tower with Radar,66,62,76,0,204,0,6,8,0,14,66,68,84,0,218,0,0,0,218
08/26/2015,GRR,MI,AGL,CE,Combined TRACON& Tower with Radar,67,60,64,0,191,0,1,19,0,20,67,61,83,0,211,6,0,6,217
08/27/2015,GRR,MI,AGL,CE,Combined TRACON& Tower with Radar,74,59,44,12,189,0,3,17,0,20,74,62,61,12,209,22,14,36,245
08/28/2015,GRR,MI,AGL,CE,Combined TRACON& Tower with Radar,70,54,41,0,165,0,3,27,0,30,70,57,68,0,195,0,0,0,195
08/29/2015,GRR,MI,AGL,CE,Combined TRACON& Tower with Radar,50,32,26,0,108,0,3,2,0,5,50,35,28,0,113,0,0,0,113
08/30/2015,GRR,MI,AGL,CE,Combined TRACON& Tower with Radar,63,53,34,0,150,0,5,5,0,10,63,58,39,0,160,24,0,24,184
08/31/2015,GRR,MI,AGL,CE,Combined TRACON& Tower with Radar,62,52,54,0,168,0,3,32,0,35,62,55,86,0,203,36,0,36,239
09/01/2015,GRR,MI,AGL,CE,Combined TRACON& Tower with Radar,67,52,61,0,180,0,1,18,0,19,67,53,79,0,199,4,6,10,209
09/02/2015,GRR,MI,AGL,CE,Combined TRACON& Tower with Radar,67,49,57,0,173,0,1,20,0,21,67,50,77,0,194,6,0,6,200
09/03/2015,GRR,MI,AGL,CE,Combined TRACON& Tower with Radar,73,61,71,0,205,0,0,8,0,8,73,61,79,0,213,24,0,24,237
09/04/2015,GRR,MI,AGL,CE,Combined TRACON& Tower with Radar,69,49,50,0,168,0,3,13,0,16,69,52,63,0,184,36,0,36,220
09/05/2015,GRR,MI,AGL,CE,Combined TRACON& Tower with Radar,45,29,23,0,97,0,4,8,0,12,45,33,31,0,109,0,0,0,109
09/06/2015,GRR,MI,AGL,CE,Combined TRACON& Tower with Radar,49,36,25,0,110,0,1,10,0,11,49,37,35,0,121,0,0,0,121
09/07/2015,GRR,MI,AGL,CE,Combined TRACON& Tower with Radar,59,39,24,0,122,0,1,14,0,15,59,40,38,0,137,0,0,0,137
09/08/2015,GRR,MI,AGL,CE,Combined TRACON& Tower with Radar,59,42,63,0,164,0,0,4,0,4,59,42,67,0,168,0,0,0,168
09/09/2015,GRR,MI,AGL,CE,Combined TRACON& Tower with Radar,59,54,81,0,194,0,0,22,0,22,59,54,103,0,216,36,0,36,252
09/10/2015,GRR,MI,AGL,CE,Combined TRACON& Tower with Radar,64,44,63,2,173,0,1,40,0,41,64,45,103,2,214,14,2,16,230
09/11/2015,GRR,MI,AGL,CE,Combined TRACON& Tower with Radar,60,57,59,0,176,0,4,15,0,19,60,61,74,0,195,36,0,36,231
09/12/2015,GRR,MI,AGL,CE,Combined TRACON& Tower with Radar,38,38,28,0,104,0,3,21,0,24,38,41,49,0,128,0,0,0,128
09/13/2015,GRR,MI,AGL,CE,Combined TRACON& Tower with Radar,59,54,33,0,146,0,4,21,0,25,59,58,54,0,171,0,0,0,171
09/14/2015,GRR,MI,AGL,CE,Combined TRACON& Tower with Radar,68,51,51,0,170,0,3,30,0,33,68,54,81,0,203,0,0,0,203
09/15/2015,GRR,MI,AGL,CE,Combined TRACON& Tower with Radar,67,46,72,2,187,0,4,37,0,41,67,50,109,2,228,66,0,66,294
09/16/2015,GRR,MI,AGL,CE,Combined TRACON& Tower with Radar,64,58,60,1,183,0,6,37,1,44,64,64,97,2,227,42,0,42,269
09/17/2015,GRR,MI,AGL,CE,Combined TRACON& Tower with Radar,77,62,71,2,212,0,0,34,0,34,77,62,105,2,246,0,0,0,246
09/18/2015,GRR,MI,AGL,CE,Combined TRACON& Tower with Radar,70,53,61,0,184,0,5,6,0,11,70,58,67,0,195,0,0,0,195
09/19/2015,GRR,MI,AGL,CE,Combined TRACON& Tower with Radar,40,37,24,0,101,0,4,7,0,11,40,41,31,0,112,8,0,8,120
09/20/2015,GRR,MI,AGL,CE,Combined TRACON& Tower with Radar,59,45,46,0,150,0,3,46,0,49,59,48,92,0,199,0,0,0,199
09/21/2015,GRR,MI,AGL,CE,Combined TRACON& Tower with Radar,68,51,65,0,184,0,4,38,0,42,68,55,103,0,226,70,0,70,296
09/22/2015,GRR,MI,AGL,CE,Combined TRACON& Tower with Radar,66,52,80,4,202,0,3,57,0,60,66,55,137,4,262,54,6,60,322
09/23/2015,GRR,MI,AGL,CE,Combined TRACON& Tower with Radar,59,52,62,8,181,0,2,35,0,37,59,54,97,8,218,0,0,0,218
09/24/2015,GRR,MI,AGL,CE,Combined TRACON& Tower with Radar,69,47,66,0,182,0,2,33,0,35,69,49,99,0,217,30,0,30,247
09/25/2015,GRR,MI,AGL,CE,Combined TRACON& Tower with Radar,69,48,55,0,172,0,1,34,0,35,69,49,89,0,207,18,0,18,225
09/26/2015,GRR,MI,AGL,CE,Combined TRACON& Tower with Radar,46,29,25,0,100,0,1,16,0,17,46,30,41,0,117,50,0,50,167
09/27/2015,GRR,MI,AGL,CE,Combined TRACON& Tower with Radar,64,41,41,0,146,0,3,20,0,23,64,44,61,0,169,30,0,30,199
09/28/2015,GRR,MI,AGL,CE,Combined TRACON& Tower with Radar,65,51,52,0,168,0,1,18,0,19,65,52,70,0,187,18,0,18,205
09/29/2015,GRR,MI,AGL,CE,Combined TRACON& Tower with Radar,65,41,62,1,169,0,1,5,1,7,65,42,67,2,176,12,0,12,188
09/30/2015,GRR,MI,AGL,CE,Combined TRACON& Tower with Radar,65,45,62,3,175,0,4,26,1,31,65,49,88,4,206,28,0,28,234
10/01/2015,GRR,MI,AGL,CE,Combined TRACON& Tower with Radar,67,44,60,6,177,0,6,34,0,40,67,50,94,6,217,32,0,32,249
10/02/2015,GRR,MI,AGL,CE,Combined TRACON& Tower with Radar,65,50,42,0,157,0,5,24,0,29,65,55,66,0,186,0,0,0,186
10/03/2015,GRR,MI,AGL,CE,Combined TRACON& Tower with Radar,45,31,24,0,100,0,1,6,0,7,45,32,30,0,107,12,0,12,119
10/04/2015,GRR,MI,AGL,CE,Combined TRACON& Tower with Radar,67,37,26,0,130,0,1,1,0,2,67,38,27,0,132,0,0,0,132
10/05/2015,GRR,MI,AGL,CE,Combined TRACON& Tower with Radar,67,58,62,0,187,0,0,1,0,1,67,58,63,0,188,0,0,0,188
10/06/2015,GRR,MI,AGL,CE,Combined TRACON& Tower with Radar,65,45,69,0,179,0,1,5,0,6,65,46,74,0,185,6,0,6,191
10/07/2015,GRR,MI,AGL,CE,Combined TRACON& Tower with Radar,63,48,68,0,179,0,2,36,0,38,63,50,104,0,217,30,0,30,247
10/08/2015,GRR,MI,AGL,CE,Combined TRACON& Tower with Radar,68,51,69,2,190,0,2,27,2,31,68,53,96,4,221,0,0,0,221
10/09/2015,GRR,MI,AGL,CE,Combined TRACON& Tower with Radar,62,45,65,0,172,0,3,18,0,21,62,48,83,0,193,29,0,29,222
10/10/2015,GRR,MI,AGL,CE,Combined TRACON& Tower with Radar,47,34,19,0,100,0,3,32,0,35,47,37,51,0,135,42,0,42,177
10/11/2015,GRR,MI,AGL,CE,Combined TRACON& Tower with Radar,63,37,31,0,131,0,2,26,0,28,63,39,57,0,159,16,0,16,175
10/12/2015,GRR,MI,AGL,CE,Combined TRACON& Tower with Radar,63,52,57,0,172,0,1,31,0,32,63,53,88,0,204,6,0,6,210
10/13/2015,GRR,MI,AGL,CE,Combined TRACON& Tower with Radar,64,53,66,4,187,0,1,2,0,3,64,54,68,4,190,2,0,2,192
10/14/2015,GRR,MI,AGL,CE,Combined TRACON& Tower with Radar,61,49,78,0,188,0,5,38,0,43,61,54,116,0,231,24,0,24,255
10/15/2015,GRR,MI,AGL,CE,Combined TRACON& Tower with Radar,69,50,50,2,171,0,2,19,0,21,69,52,69,2,192,24,0,24,216
10/16/2015,GRR,MI,AGL,CE,Combined TRACON& Tower with Radar,68,48,53,0,169,0,2,17,0,19,68,50,70,0,188,0,0,0,188
10/17/2015,GRR,MI,AGL,CE,Combined TRACON& Tower with Radar,45,28,18,0,91,0,5,12,0,17,45,33,30,0,108,0,0,0,108
10/18/2015,GRR,MI,AGL,CE,Combined TRACON& Tower with Radar,63,32,40,0,135,0,2,35,0,37,63,34,75,0,172,46,0,46,218
10/19/2015,GRR,MI,AGL,CE,Combined TRACON& Tower with Radar,67,45,67,0,179,0,3,19,0,22,67,48,86,0,201,0,0,0,201
10/20/2015,GRR,MI,AGL,CE,Combined TRACON& Tower with Radar,67,46,67,0,180,0,1,43,0,44,67,47,110,0,224,48,0,48,272
10/21/2015,GRR,MI,AGL,CE,Combined TRACON& Tower with Radar,65,60,78,2,205,0,4,22,0,26,65,64,100,2,231,36,0,36,267
10/22/2015,GRR,MI,AGL,CE,Combined TRACON& Tower with Radar,67,53,81,3,204,0,1,45,0,46,67,54,126,3,250,52,0,52,302
10/23/2015,GRR,MI,AGL,CE,Combined TRACON& Tower with Radar,63,45,65,1,174,0,0,30,0,30,63,45,95,1,204,35,0,35,239
10/24/2015,GRR,MI,AGL,CE,Combined TRACON& Tower with Radar,48,27,25,0,100,0,0,0,0,0,48,27,25,0,100,18,0,18,118
10/25/2015,GRR,MI,AGL,CE,Combined TRACON& Tower with Radar,65,41,36,1,143,0,3,18,0,21,65,44,54,1,164,32,0,32,196
10/26/2015,GRR,MI,AGL,CE,Combined TRACON& Tower with Radar,69,45,50,0,164,0,2,43,0,45,69,47,93,0,209,66,0,66,275
10/27/2015,GRR,MI,AGL,CE,Combined TRACON& Tower with Radar,68,42,58,0,168,0,4,33,0,37,68,46,91,0,205,51,0,51,256
10/28/2015,GRR,MI,AGL,CE,Combined TRACON& Tower with Radar,66,44,53,0,163,0,0,0,0,0,66,44,53,0,163,0,0,0,163
10/29/2015,GRR,MI,AGL,CE,Combined TRACON& Tower with Radar,70,50,46,0,166,0,1,2,0,3,70,51,48,0,169,0,0,0,169
10/30/2015,GRR,MI,AGL,CE,Combined TRACON& Tower with Radar,66,44,55,0,165,0,0,32,0,32,66,44,87,0,197,64,0,64,261
10/31/2015,GRR,MI,AGL,CE,Combined TRACON& Tower with Radar,37,31,18,0,86,0,0,1,0,1,37,31,19,0,87,0,0,0,87
11/01/2015,GRR,MI,AGL,CE,Combined TRACON& Tower with Radar,62,43,27,0,132,0,2,17,0,19,62,45,44,0,151,60,0,60,211
11/02/2015,GRR,MI,AGL,CE,Combined TRACON& Tower with Radar,66,53,53,0,172,0,4,47,0,51,66,57,100,0,223,106,0,106,329
11/03/2015,GRR,MI,AGL,CE,Combined TRACON& Tower with Radar,67,44,87,0,198,0,3,42,0,45,67,47,129,0,243,122,0,122,365
11/04/2015,GRR,MI,AGL,CE,Combined TRACON& Tower with Radar,71,44,66,2,183,0,3,57,1,61,71,47,123,3,244,72,0,72,316
11/05/2015,GRR,MI,AGL,CE,Combined TRACON& Tower with Radar,73,41,66,1,181,0,0,31,2,33,73,41,97,3,214,70,0,70,284
11/06/2015,GRR,MI,AGL,CE,Combined TRACON& Tower with Radar,74,38,48,0,160,0,2,7,0,9,74,40,55,0,169,20,0,20,189
11/07/2015,GRR,MI,AGL,CE,Combined TRACON& Tower with Radar,52,20,38,0,110,0,4,12,0,16,52,24,50,0,126,36,0,36,162
11/08/2015,GRR,MI,AGL,CE,Combined TRACON& Tower with Radar,69,32,49,0,150,0,4,41,0,45,69,36,90,0,195,84,0,84,279
11/09/2015,GRR,MI,AGL,CE,Combined TRACON& Tower with Radar,75,35,56,0,166,0,0,19,0,19,75,35,75,0,185,28,0,28,213
11/10/2015,GRR,MI,AGL,CE,Combined TRACON& Tower with Radar,81,40,63,3,187,0,5,23,3,31,81,45,86,6,218,64,0,64,282
11/11/2015,GRR,MI,AGL,CE,Combined TRACON& Tower with Radar,78,40,89,0,207,0,2,34,0,36,78,42,123,0,243,34,0,34,277
11/12/2015,GRR,MI,AGL,CE,Combined TRACON& Tower with Radar,81,40,43,0,164,0,0,0,0,0,81,40,43,0,164,12,0,12,176
11/13/2015,GRR,MI,AGL,CE,Combined TRACON& Tower with Radar,73,45,50,0,168,0,0,3,0,3,73,45,53,0,171,0,0,0,171
11/14/2015,GRR,MI,AGL,CE,Combined TRACON& Tower with Radar,51,23,30,0,104,0,4,42,0,46,51,27,72,0,150,60,0,60,210
11/15/2015,GRR,MI,AGL,CE,Combined TRACON& Tower with Radar,69,38,46,0,153,0,2,24,0,26,69,40,70,0,179,38,0,38,217
11/16/2015,GRR,MI,AGL,CE,Combined TRACON& Tower with Radar,70,42,59,0,171,0,3,32,0,35,70,45,91,0,206,74,0,74,280
11/17/2015,GRR,MI,AGL,CE,Combined TRACON& Tower with Radar,75,43,61,2,181,0,3,14,2,19,75,46,75,4,200,22,0,22,222
11/18/2015,GRR,MI,AGL,CE,Combined TRACON& Tower with Radar,76,43,55,0,174,0,1,1,0,2,76,44,56,0,176,2,0,2,178
11/19/2015,GRR,MI,AGL,CE,Combined TRACON& Tower with Radar,72,39,67,0,178,0,3,14,0,17,72,42,81,0,195,8,0,8,203
11/20/2015,GRR,MI,AGL,CE,Combined TRACON& Tower with Radar,81,36,91,0,208,0,0,33,0,33,81,36,124,0,241,0,0,0,241
11/21/2015,GRR,MI,AGL,CE,Combined TRACON& Tower with Radar,47,23,30,0,100,0,0,0,0,0,47,23,30,0,100,18,0,18,118
11/22/2015,GRR,MI,AGL,CE,Combined TRACON& Tower with Radar,54,35,44,0,133,0,1,23,0,24,54,36,67,0,157,52,0,52,209
11/23/2015,GRR,MI,AGL,CE,Combined TRACON& Tower with Radar,59,38,35,0,132,0,3,13,0,16,59,41,48,0,148,52,0,52,200
11/24/2015,GRR,MI,AGL,CE,Combined TRACON& Tower with Radar,72,42,48,0,162,0,1,24,0,25,72,43,72,0,187,180,0,180,367
11/25/2015,GRR,MI,AGL,CE,Combined TRACON& Tower with Radar,78,55,47,0,180,0,3,42,0,45,78,58,89,0,225,84,0,84,309
11/26/2015,GRR,MI,AGL,CE,Combined TRACON& Tower with Radar,37,16,0,0,53,0,1,1,0,2,37,17,1,0,55,0,0,0,55
11/27/2015,GRR,MI,AGL,CE,Combined TRACON& Tower with Radar,53,28,29,0,110,0,0,0,0,0,53,28,29,0,110,0,0,0,110
11/28/2015,GRR,MI,AGL,CE,Combined TRACON& Tower with Radar,74,26,26,0,126,0,9,12,0,21,74,35,38,0,147,40,0,40,187
11/29/2015,GRR,MI,AGL,CE,Combined TRACON& Tower with Radar,77,38,43,2,160,0,5,34,0,39,77,43,77,2,199,22,0,22,221
11/30/2015,GRR,MI,AGL,CE,Combined TRACON& Tower with Radar,66,47,51,0,164,0,2,27,0,29,66,49,78,0,193,36,0,36,229
12/01/2015,GRR,MI,AGL,CE,Combined TRACON& Tower with Radar,72,40,50,0,162,0,2,5,0,7,72,42,55,0,169,20,0,20,189
12/02/2015,GRR,MI,AGL,CE,Combined TRACON& Tower with Radar,77,37,46,2,162,0,0,0,0,0,77,37,46,2,162,42,0,42,204
12/03/2015,GRR,MI,AGL,CE,Combined TRACON& Tower with Radar,82,44,84,8,218,0,1,11,0,12,82,45,95,8,230,52,0,52,282
12/04/2015,GRR,MI,AGL,CE,Combined TRACON& Tower with Radar,78,42,49,0,169,0,5,30,0,35,78,47,79,0,204,120,0,120,324
12/05/2015,GRR,MI,AGL,CE,Combined TRACON& Tower with Radar,53,35,48,0,136,0,1,21,0,22,53,36,69,0,158,16,0,16,174
12/06/2015,GRR,MI,AGL,CE,Combined TRACON& Tower with Radar,76,25,19,0,120,0,1,17,0,18,76,26,36,0,138,18,0,18,156
12/07/2015,GRR,MI,AGL,CE,Combined TRACON& Tower with Radar,82,39,42,0,163,0,0,0,0,0,82,39,42,0,163,0,0,0,163
12/08/2015,GRR,MI,AGL,CE,Combined TRACON& Tower with Radar,75,49,71,2,197,0,3,2,0,5,75,52,73,2,202,12,0,12,214
12/09/2015,GRR,MI,AGL,CE,Combined TRACON& Tower with Radar,78,45,86,1,210,0,3,7,1,11,78,48,93,2,221,12,0,12,233
12/10/2015,GRR,MI,AGL,CE,Combined TRACON& Tower with Radar,80,48,53,0,181,0,5,28,0,33,80,53,81,0,214,48,0,48,262
12/11/2015,GRR,MI,AGL,CE,Combined TRACON& Tower with Radar,79,37,56,0,172,0,1,42,0,43,79,38,98,0,215,64,0,64,279
12/12/2015,GRR,MI,AGL,CE,Combined TRACON& Tower with Radar,43,24,20,0,87,0,0,0,0,0,43,24,20,0,87,0,0,0,87
12/13/2015,GRR,MI,AGL,CE,Combined TRACON& Tower with Radar,73,25,25,0,123,0,0,0,0,0,73,25,25,0,123,0,0,0,123
12/14/2015,GRR,MI,AGL,CE,Combined TRACON& Tower with Radar,74,37,53,0,164,0,0,0,0,0,74,37,53,0,164,2,0,2,166
12/15/2015,GRR,MI,AGL,CE,Combined TRACON& Tower with Radar,79,40,71,4,194,0,3,7,4,14,79,43,78,8,208,144,0,144,352
12/16/2015,GRR,MI,AGL,CE,Combined TRACON& Tower with Radar,81,37,52,0,170,0,3,1,0,4,81,40,53,0,174,0,0,0,174
12/17/2015,GRR,MI,AGL,CE,Combined TRACON& Tower with Radar,72,48,57,1,178,0,0,13,1,14,72,48,70,2,192,8,0,8,200
12/18/2015,GRR,MI,AGL,CE,Combined TRACON& Tower with Radar,68,46,49,0,163,0,1,6,0,7,68,47,55,0,170,20,0,20,190
12/19/2015,GRR,MI,AGL,CE,Combined TRACON& Tower with Radar,64,34,24,0,122,0,1,11,0,12,64,35,35,0,134,0,0,0,134
12/20/2015,GRR,MI,AGL,CE,Combined TRACON& Tower with Radar,64,39,18,0,121,0,1,15,0,16,64,40,33,0,137,22,0,22,159
12/21/2015,GRR,MI,AGL,CE,Combined TRACON& Tower with Radar,54,49,40,0,143,0,1,0,0,1,54,50,40,0,144,0,0,0,144
12/22/2015,GRR,MI,AGL,CE,Combined TRACON& Tower with Radar,65,53,56,0,174,0,2,3,0,5,65,55,59,0,179,50,0,50,229
12/23/2015,GRR,MI,AGL,CE,Combined TRACON& Tower with Radar,59,50,28,0,137,0,2,1,0,3,59,52,29,0,140,0,0,0,140
12/24/2015,GRR,MI,AGL,CE,Combined TRACON& Tower with Radar,49,38,24,0,111,0,6,10,0,16,49,44,34,0,127,2,0,2,129
12/25/2015,GRR,MI,AGL,CE,Combined TRACON& Tower with Radar,45,26,4,0,75,0,1,11,0,12,45,27,15,0,87,6,0,6,93
12/26/2015,GRR,MI,AGL,CE,Combined TRACON& Tower with Radar,59,37,34,0,130,0,2,5,0,7,59,39,39,0,137,6,0,6,143
12/27/2015,GRR,MI,AGL,CE,Combined TRACON& Tower with Radar,58,34,25,0,117,0,4,7,0,11,58,38,32,0,128,15,0,15,143
12/28/2015,GRR,MI,AGL,CE,Combined TRACON& Tower with Radar,40,23,12,0,75,0,2,0,0,2,40,25,12,0,77,0,0,0,77
12/29/2015,GRR,MI,AGL,CE,Combined TRACON& Tower with Radar,54,47,11,0,112,0,0,0,0,0,54,47,11,0,112,0,0,0,112
12/30/2015,GRR,MI,AGL,CE,Combined TRACON& Tower with Radar,64,47,35,0,146,0,1,1,0,2,64,48,36,0,148,0,0,0,148
12/31/2015,GRR,MI,AGL,CE,Combined TRACON& Tower with Radar,45,47,22,0,114,0,1,3,0,4,45,48,25,0,118,0,0,0,118
01/01/2016,GRR,MI,AGL,CE,Combined TRACON& Tower with Radar,42,36,7,0,85,0,3,1,0,4,42,39,8,0,89,24,0,24,113
01/02/2016,GRR,MI,AGL,CE,Combined TRACON& Tower with Radar,64,33,20,0,117,0,4,7,0,11,64,37,27,0,128,30,22,52,180
01/03/2016,GRR,MI,AGL,CE,Combined TRACON& Tower with Radar,58,35,53,0,146,0,1,13,0,14,58,36,66,0,160,24,0,24,184
01/04/2016,GRR,MI,AGL,CE,Combined TRACON& Tower with Radar,57,46,27,0,130,0,1,11,0,12,57,47,38,0,142,58,0,58,200
01/05/2016,GRR,MI,AGL,CE,Combined TRACON& Tower with Radar,59,48,66,0,173,0,0,33,1,34,59,48,99,1,207,52,0,52,259
01/06/2016,GRR,MI,AGL,CE,Combined TRACON& Tower with Radar,70,47,68,0,185,0,3,57,0,60,70,50,125,0,245,72,0,72,317
01/07/2016,GRR,MI,AGL,CE,Combined TRACON& Tower with Radar,73,44,54,25,196,0,0,38,1,39,73,44,92,26,235,64,10,74,309
01/08/2016,GRR,MI,AGL,CE,Combined TRACON& Tower with Radar,70,40,33,0,143,0,0,0,0,0,70,40,33,0,143,26,8,34,177
01/09/2016,GRR,MI,AGL,CE,Combined TRACON& Tower with Radar,45,24,20,0,89,0,0,0,0,0,45,24,20,0,89,26,0,26,115
01/10/2016,GRR,MI,AGL,CE,Combined TRACON& Tower with Radar,58,38,15,0,111,0,0,0,0,0,58,38,15,0,111,0,0,0,111
01/11/2016,GRR,MI,AGL,CE,Combined TRACON& Tower with Radar,59,40,46,0,145,0,0,3,0,3,59,40,49,0,148,0,0,0,148
01/12/2016,GRR,MI,AGL,CE,Combined TRACON& Tower with Radar,67,50,39,2,158,0,0,0,0,0,67,50,39,2,158,0,0,0,158
01/13/2016,GRR,MI,AGL,CE,Combined TRACON& Tower with Radar,72,49,57,0,178,0,0,0,0,0,72,49,57,0,178,0,0,0,178
01/14/2016,GRR,MI,AGL,CE,Combined TRACON& Tower with Radar,72,44,66,3,185,0,2,11,1,14,72,46,77,4,199,12,0,12,211
01/15/2016,GRR,MI,AGL,CE,Combined TRACON& Tower with Radar,70,45,45,0,160,0,1,6,0,7,70,46,51,0,167,8,0,8,175
01/16/2016,GRR,MI,AGL,CE,Combined TRACON& Tower with Radar,51,29,30,0,110,0,3,16,0,19,51,32,46,0,129,18,0,18,147
01/17/2016,GRR,MI,AGL,CE,Combined TRACON& Tower with Radar,58,27,16,0,101,0,0,0,0,0,58,27,16,0,101,4,0,4,105
01/18/2016,GRR,MI,AGL,CE,Combined TRACON& Tower with Radar,66,44,39,0,149,0,0,0,0,0,66,44,39,0,149,0,0,0,149
01/19/2016,GRR,MI,AGL,CE,Combined TRACON& Tower with Radar,64,54,60,0,178,0,3,32,0,35,64,57,92,0,213,98,0,98,311
01/20/2016,GRR,MI,AGL,CE,Combined TRACON& Tower with Radar,71,49,59,2,181,0,0,8,0,8,71,49,67,2,189,6,0,6,195
01/21/2016,GRR,MI,AGL,CE,Combined TRACON& Tower with Radar,70,51,57,6,184,0,8,3,0,11,70,59,60,6,195,54,0,54,249
01/22/2016,GRR,MI,AGL,CE,Combined TRACON& Tower with Radar,61,45,57,0,163,0,2,25,0,27,61,47,82,0,190,164,0,164,354
01/23/2016,GRR,MI,AGL,CE,Combined TRACON& Tower with Radar,42,26,49,0,117,0,3,62,0,65,42,29,111,0,182,103,0,103,285
01/24/2016,GRR,MI,AGL,CE,Combined TRACON& Tower with Radar,53,36,25,0,114,0,6,12,0,18,53,42,37,0,132,0,0,0,132
01/25/2016,GRR,MI,AGL,CE,Combined TRACON& Tower with Radar,67,43,55,0,165,0,4,32,0,36,67,47,87,0,201,26,0,26,227
01/26/2016,GRR,MI,AGL,CE,Combined TRACON& Tower with Radar,69,49,42,0,160,0,0,0,0,0,69,49,42,0,160,14,0,14,174
01/27/2016,GRR,MI,AGL,CE,Combined TRACON& Tower with Radar,68,48,83,2,201,0,2,13,0,15,68,50,96,2,216,6,0,6,222
01/28/2016,GRR,MI,AGL,CE,Combined TRACON& Tower with Radar,70,46,44,0,160,0,0,1,0,1,70,46,45,0,161,0,0,0,161
01/29/2016,GRR,MI,AGL,CE,Combined TRACON& Tower with Radar,69,45,53,16,183,0,1,42,2,45,69,46,95,18,228,98,0,98,326
01/30/2016,GRR,MI,AGL,CE,Combined TRACON& Tower with Radar,49,30,21,0,100,0,0,18,0,18,49,30,39,0,118,10,0,10,128
01/31/2016,GRR,MI,AGL,CE,Combined TRACON& Tower with Radar,60,39,26,0,125,0,0,0,0,0,60,39,26,0,125,0,0,0,125
02/01/2016,GRR,MI,AGL,CE,Combined TRACON& Tower with Radar,63,47,26,0,136,0,0,7,0,7,63,47,33,0,143,0,0,0,143
02/02/2016,GRR,MI,AGL,CE,Combined TRACON& Tower with Radar,68,49,45,0,162,0,0,0,0,0,68,49,45,0,162,0,0,0,162
02/03/2016,GRR,MI,AGL,CE,Combined TRACON& Tower with Radar,67,52,43,0,162,0,0,1,0,1,67,52,44,0,163,6,0,6,169
02/04/2016,GRR,MI,AGL,CE,Combined TRACON& Tower with Radar,68,50,41,0,159,0,6,2,0,8,68,56,43,0,167,2,0,2,169
02/05/2016,GRR,MI,AGL,CE,Combined TRACON& Tower with Radar,66,49,41,0,156,0,2,8,0,10,66,51,49,0,166,34,0,34,200
02/06/2016,GRR,MI,AGL,CE,Combined TRACON& Tower with Radar,53,27,14,2,96,0,3,24,1,28,53,30,38,3,124,0,0,0,124
02/07/2016,GRR,MI,AGL,CE,Combined TRACON& Tower with Radar,59,36,28,1,124,0,0,19,0,19,59,36,47,1,143,34,0,34,177
02/08/2016,GRR,MI,AGL,CE,Combined TRACON& Tower with Radar,63,45,52,0,160,0,1,11,0,12,63,46,63,0,172,68,0,68,240
02/09/2016,GRR,MI,AGL,CE,Combined TRACON& Tower with Radar,69,54,51,0,174,0,0,2,0,2,69,54,53,0,176,44,0,44,220
02/10/2016,GRR,MI,AGL,CE,Combined TRACON& Tower with Radar,68,60,52,0,180,0,1,13,0,14,68,61,65,0,194,24,0,24,218
02/11/2016,GRR,MI,AGL,CE,Combined TRACON& Tower with Radar,61,56,62,1,180,0,2,24,1,27,61,58,86,2,207,97,0,97,304
02/12/2016,GRR,MI,AGL,CE,Combined TRACON& Tower with Radar,70,50,45,0,165,0,0,1,0,1,70,50,46,0,166,0,0,0,166
02/13/2016,GRR,MI,AGL,CE,Combined TRACON& Tower with Radar,55,30,21,0,106,0,2,7,0,9,55,32,28,0,115,44,0,44,159
02/14/2016,GRR,MI,AGL,CE,Combined TRACON& Tower with Radar,59,28,25,0,112,0,4,15,0,19,59,32,40,0,131,0,0,0,131
02/15/2016,GRR,MI,AGL,CE,Combined TRACON& Tower with Radar,59,30,53,0,142,0,0,2,0,2,59,30,55,0,144,0,0,0,144
02/16/2016,GRR,MI,AGL,CE,Combined TRACON& Tower with Radar,65,54,50,0,169,0,1,2,0,3,65,55,52,0,172,50,0,50,222
02/17/2016,GRR,MI,AGL,CE,Combined TRACON& Tower with Radar,72,53,77,2,204,0,3,55,0,58,72,56,132,2,262,150,0,150,412
02/18/2016,GRR,MI,AGL,CE,Combined TRACON& Tower with Radar,71,47,58,1,177,0,5,26,1,32,71,52,84,2,209,42,0,42,251
02/19/2016,GRR,MI,AGL,CE,Combined TRACON& Tower with Radar,76,46,42,2,166,0,3,2,0,5,76,49,44,2,171,12,0,12,183
02/20/2016,GRR,MI,AGL,CE,Combined TRACON& Tower with Radar,55,39,14,0,108,0,5,21,0,26,55,44,35,0,134,50,0,50,184
02/21/2016,GRR,MI,AGL,CE,Combined TRACON& Tower with Radar,46,28,32,0,106,0,1,16,0,17,46,29,48,0,123,64,0,64,187
02/22/2016,GRR,MI,AGL,CE,Combined TRACON& Tower with Radar,67,45,41,0,153,0,4,38,0,42,67,49,79,0,195,0,0,0,195
02/23/2016,GRR,MI,AGL,CE,Combined TRACON& Tower with Radar,68,50,51,0,169,0,3,67,0,70,68,53,118,0,239,108,0,108,347
02/24/2016,GRR,MI,AGL,CE,Combined TRACON& Tower with Radar,47,31,48,0,126,0,1,0,0,1,47,32,48,0,127,22,0,22,149
02/25/2016,GRR,MI,AGL,CE,Combined TRACON& Tower with Radar,68,51,45,0,164,0,4,5,0,9,68,55,50,0,173,0,0,0,173
02/26/2016,GRR,MI,AGL,CE,Combined TRACON& Tower with Radar,75,56,33,0,164,0,3,34,0,37,75,59,67,0,201,124,0,124,325
02/27/2016,GRR,MI,AGL,CE,Combined TRACON& Tower with Radar,53,44,25,0,122,0,2,26,0,28,53,46,51,0,150,44,0,44,194
02/28/2016,GRR,MI,AGL,CE,Combined TRACON& Tower with Radar,63,38,23,0,124,0,3,4,0,7,63,41,27,0,131,40,0,40,171
02/29/2016,GRR,MI,AGL,CE,Combined TRACON& Tower with Radar,76,42,67,0,185,0,2,20,0,22,76,44,87,0,207,24,0,24,231
03/01/2016,GRR,MI,AGL,CE,Combined TRACON& Tower with Radar,56,35,32,0,123,0,0,0,0,0,56,35,32,0,123,0,0,0,123
03/02/2016,GRR,MI,AGL,CE,Combined TRACON& Tower with Radar,71,50,41,0,162,0,1,35,0,36,71,51,76,0,198,72,0,72,270
03/03/2016,GRR,MI,AGL,CE,Combined TRACON& Tower with Radar,71,50,52,0,173,0,5,8,0,13,71,55,60,0,186,32,0,32,218
03/04/2016,GRR,MI,AGL,CE,Combined TRACON& Tower with Radar,80,47,55,0,182,0,5,59,0,64,80,52,114,0,246,48,0,48,294
03/05/2016,GRR,MI,AGL,CE,Combined TRACON& Tower with Radar,61,27,9,0,97,0,1,3,0,4,61,28,12,0,101,0,0,0,101
03/06/2016,GRR,MI,AGL,CE,Combined TRACON& Tower with Radar,58,36,29,0,123,0,0,12,0,12,58,36,41,0,135,24,0,24,159
03/07/2016,GRR,MI,AGL,CE,Combined TRACON& Tower with Radar,70,48,48,2,168,0,3,30,0,33,70,51,78,2,201,78,0,78,279
03/08/2016,GRR,MI,AGL,CE,Combined TRACON& Tower with Radar,69,50,53,6,178,0,6,21,0,27,69,56,74,6,205,58,4,62,267
03/09/2016,GRR,MI,AGL,CE,Combined TRACON& Tower with Radar,71,53,49,1,174,0,4,4,1,9,71,57,53,2,183,26,0,26,209
03/10/2016,GRR,MI,AGL,CE,Combined TRACON& Tower with Radar,67,51,55,10,183,0,3,15,0,18,67,54,70,10,201,0,0,0,201
03/11/2016,GRR,MI,AGL,CE,Combined TRACON& Tower with Radar,76,49,54,0,179,0,3,67,0,70,76,52,121,0,249,118,0,118,367
03/12/2016,GRR,MI,AGL,CE,Combined TRACON& Tower with Radar,57,32,15,0,104,0,1,25,0,26,57,33,40,0,130,72,0,72,202
03/13/2016,GRR,MI,AGL,CE,Combined TRACON& Tower with Radar,62,36,36,0,134,0,3,1,0,4,62,39,37,0,138,0,0,0,138
03/14/2016,GRR,MI,AGL,CE,Combined TRACON& Tower with Radar,72,49,45,0,166,0,1,4,0,5,72,50,49,0,171,0,0,0,171
03/15/2016,GRR,MI,AGL,CE,Combined TRACON& Tower with Radar,66,50,68,1,185,0,1,17,1,19,66,51,85,2,204,22,0,22,226
03/16/2016,GRR,MI,AGL,CE,Combined TRACON& Tower with Radar,71,58,40,5,174,0,1,0,0,1,71,59,40,5,175,0,0,0,175
03/17/2016,GRR,MI,AGL,CE,Combined TRACON& Tower with Radar,65,64,53,1,183,0,1,20,1,22,65,65,73,2,205,26,0,26,231
03/18/2016,GRR,MI,AGL,CE,Combined TRACON& Tower with Radar,73,51,45,1,170,0,6,42,1,49,73,57,87,2,219,64,0,64,283
03/19/2016,GRR,MI,AGL,CE,Combined TRACON& Tower with Radar,51,37,46,0,134,0,1,41,0,42,51,38,87,0,176,90,0,90,266
03/20/2016,GRR,MI,AGL,CE,Combined TRACON& Tower with Radar,61,37,38,0,136,0,4,32,0,36,61,41,70,0,172,4,0,4,176
03/21/2016,GRR,MI,AGL,CE,Combined TRACON& Tower with Radar,70,46,52,0,168,0,1,57,0,58,70,47,109,0,226,56,0,56,282
03/22/2016,GRR,MI,AGL,CE,Combined TRACON& Tower with Radar,67,54,52,5,178,0,2,27,1,30,67,56,79,6,208,66,0,66,274
03/23/2016,GRR,MI,AGL,CE,Combined TRACON& Tower with Radar,66,54,43,0,163,0,0,0,0,0,66,54,43,0,163,0,0,0,163
03/24/2016,GRR,MI,AGL,CE,Combined TRACON& Tower with Radar,70,42,44,0,156,0,0,0,0,0,70,42,44,0,156,0,0,0,156
03/25/2016,GRR,MI,AGL,CE,Combined TRACON& Tower with Radar,72,62,51,0,185,0,1,29,0,30,72,63,80,0,215,60,0,60,275
03/26/2016,GRR,MI,AGL,CE,Combined TRACON& Tower with Radar,58,34,32,0,124,0,0,35,0,35,58,34,67,0,159,50,0,50,209
03/27/2016,GRR,MI,AGL,CE,Combined TRACON& Tower with Radar,62,39,16,0,117,0,2,0,0,2,62,41,16,0,119,4,0,4,123
03/28/2016,GRR,MI,AGL,CE,Combined TRACON& Tower with Radar,74,49,55,0,178,0,2,4,0,6,74,51,59,0,184,28,0,28,212
03/29/2016,GRR,MI,AGL,CE,Combined TRACON& Tower with Radar,67,56,79,2,204,0,2,61,2,65,67,58,140,4,269,78,0,78,347
03/30/2016,GRR,MI,AGL,CE,Combined TRACON& Tower with Radar,72,51,55,2,180,0,0,15,0,15,72,51,70,2,195,14,0,14,209
03/31/2016,GRR,MI,AGL,CE,Combined TRACON& Tower with Radar,67,44,53,0,164,0,0,1,0,1,67,44,54,0,165,0,0,0,165
04/01/2016,GRR,MI,AGL,CE,Combined TRACON& Tower with Radar,70,55,50,0,175,0,1,10,0,11,70,56,60,0,186,0,0,0,186
04/02/2016,GRR,MI,AGL,CE,Combined TRACON& Tower with Radar,55,37,17,0,109,0,0,0,0,0,55,37,17,0,109,2,0,2,111
04/03/2016,GRR,MI,AGL,CE,Combined TRACON& Tower with Radar,63,36,17,0,116,0,0,4,0,4,63,36,21,0,120,2,0,2,122
04/04/2016,GRR,MI,AGL,CE,Combined TRACON& Tower with Radar,70,48,23,0,141,0,0,4,0,4,70,48,27,0,145,0,0,0,145
04/05/2016,GRR,MI,AGL,CE,Combined TRACON& Tower with Radar,70,62,66,0,198,0,5,41,0,46,70,67,107,0,244,54,0,54,298
04/06/2016,GRR,MI,AGL,CE,Combined TRACON& Tower with Radar,66,51,38,0,155,0,0,0,0,0,66,51,38,0,155,0,0,0,155
04/07/2016,GRR,MI,AGL,CE,Combined TRACON& Tower with Radar,68,53,33,0,154,0,1,1,0,2,68,54,34,0,156,0,0,0,156
04/08/2016,GRR,MI,AGL,CE,Combined TRACON& Tower with Radar,75,46,42,0,163,0,3,11,0,14,75,49,53,0,177,14,0,14,191
04/09/2016,GRR,MI,AGL,CE,Combined TRACON& Tower with Radar,55,44,32,0,131,0,4,22,0,26,55,48,54,0,157,52,0,52,209
04/10/2016,GRR,MI,AGL,CE,Combined TRACON& Tower with Radar,62,46,34,0,142,0,1,0,0,1,62,47,34,0,143,0,0,0,143
04/11/2016,GRR,MI,AGL,CE,Combined TRACON& Tower with Radar,73,52,60,0,185,0,3,16,0,19,73,55,76,0,204,58,0,58,262
04/12/2016,GRR,MI,AGL,CE,Combined TRACON& Tower with Radar,66,53,67,3,189,0,1,36,1,38,66,54,103,4,227,72,0,72,299
04/13/2016,GRR,MI,AGL,CE,Combined TRACON& Tower with Radar,70,52,73,0,195,0,4,37,0,41,70,56,110,0,236,30,0,30,266
04/14/2016,GRR,MI,AGL,CE,Combined TRACON& Tower with Radar,67,52,97,10,226,0,2,74,2,78,67,54,171,12,304,70,14,84,388
04/15/2016,GRR,MI,AGL,CE,Combined TRACON& Tower with Radar,73,47,73,0,193,0,2,63,0,65,73,49,136,0,258,80,0,80,338
04/16/2016,GRR,MI,AGL,CE,Combined TRACON& Tower with Radar,47,33,35,1,116,0,1,43,3,47,47,34,78,4,163,52,0,52,215
04/17/2016,GRR,MI,AGL,CE,Combined TRACON& Tower with Radar,56,42,25,0,123,0,4,31,0,35,56,46,56,0,158,0,0,0,158
04/18/2016,GRR,MI,AGL,CE,Combined TRACON& Tower with Radar,68,40,53,0,161,0,3,45,0,48,68,43,98,0,209,59,0,59,268
04/19/2016,GRR,MI,AGL,CE,Combined TRACON& Tower with Radar,71,50,77,4,202,0,1,34,2,37,71,51,111,6,239,6,6,12,251
04/20/2016,GRR,MI,AGL,CE,Combined TRACON& Tower with Radar,70,54,89,0,213,0,1,39,1,41,70,55,128,1,254,0,0,0,254
04/21/2016,GRR,MI,AGL,CE,Combined TRACON& Tower with Radar,67,54,67,3,191,0,0,0,1,1,67,54,67,4,192,5,4,9,201
04/22/2016,GRR,MI,AGL,CE,Combined TRACON& Tower with Radar,74,52,76,0,202,0,2,13,0,15,74,54,89,0,217,43,0,43,260
04/23/2016,GRR,MI,AGL,CE,Combined TRACON& Tower with Radar,51,34,48,0,133,0,6,54,1,61,51,40,102,1,194,78,0,78,272
04/24/2016,GRR,MI,AGL,CE,Combined TRACON& Tower with Radar,60,40,33,0,133,0,4,16,0,20,60,44,49,0,153,0,0,0,153
04/25/2016,GRR,MI,AGL,CE,Combined TRACON& Tower with Radar,70,42,44,0,156,1,0,32,2,35,71,42,76,2,191,26,8,34,225
04/26/2016,GRR,MI,AGL,CE,Combined TRACON& Tower with Radar,66,53,52,3,174,0,4,2,1,7,66,57,54,4,181,0,13,13,194
04/27/2016,GRR,MI,AGL,CE,Combined TRACON& Tower with Radar,68,51,80,0,199,0,6,53,0,59,68,57,133,0,258,20,0,20,278
04/28/2016,GRR,MI,AGL,CE,Combined TRACON& Tower with Radar,68,53,66,16,203,0,2,4,0,6,68,55,70,16,209,14,20,34,243
04/29/2016,GRR,MI,AGL,CE,Combined TRACON& Tower with Radar,66,57,47,0,170,0,3,23,0,26,66,60,70,0,196,10,0,10,206
04/30/2016,GRR,MI,AGL,CE,Combined TRACON& Tower with Radar,47,36,35,0,118,0,1,12,0,13,47,37,47,0,131,0,0,0,131
05/01/2016,GRR,MI,AGL,CE,Combined TRACON& Tower with Radar,58,42,20,0,120,0,2,1,0,3,58,44,21,0,123,0,0,0,123
05/02/2016,GRR,MI,AGL,CE,Combined TRACON& Tower with Radar,67,50,65,1,183,0,1,44,0,45,67,51,109,1,228,86,0,86,314
05/03/2016,GRR,MI,AGL,CE,Combined TRACON& Tower with Radar,66,54,74,9,203,0,4,62,1,67,66,58,136,10,270,26,0,26,296
05/04/2016,GRR,MI,AGL,CE,Combined TRACON& Tower with Radar,66,58,61,0,185,0,2,0,0,2,66,60,61,0,187,0,0,0,187
05/05/2016,GRR,MI,AGL,CE,Combined TRACON& Tower with Radar,67,52,55,16,190,0,1,35,2,38,67,53,90,18,228,12,32,44,272
05/06/2016,GRR,MI,AGL,CE,Combined TRACON& Tower with Radar,71,57,64,0,192,0,4,78,0,82,71,61,142,0,274,32,0,32,306
05/07/2016,GRR,MI,AGL,CE,Combined TRACON& Tower with Radar,49,33,19,0,101,0,1,25,0,26,49,34,44,0,127,42,0,42,169
05/08/2016,GRR,MI,AGL,CE,Combined TRACON& Tower with Radar,60,39,15,0,114,0,3,21,0,24,60,42,36,0,138,12,0,12,150
05/09/2016,GRR,MI,AGL,CE,Combined TRACON& Tower with Radar,64,51,52,0,167,0,1,39,0,40,64,52,91,0,207,60,4,64,271
05/10/2016,GRR,MI,AGL,CE,Combined TRACON& Tower with Radar,68,61,58,0,187,0,0,5,0,5,68,61,63,0,192,0,0,0,192
05/11/2016,GRR,MI,AGL,CE,Combined TRACON& Tower with Radar,70,62,74,0,206,0,5,18,0,23,70,67,92,0,229,8,0,8,237
05/12/2016,GRR,MI,AGL,CE,Combined TRACON& Tower with Radar,69,58,62,4,193,0,1,7,4,12,69,59,69,8,205,0,0,0,205
05/13/2016,GRR,MI,AGL,CE,Combined TRACON& Tower with Radar,67,56,71,6,200,0,3,56,0,59,67,59,127,6,259,30,0,30,289
05/14/2016,GRR,MI,AGL,CE,Combined TRACON& Tower with Radar,52,34,25,0,111,0,1,3,0,4,52,35,28,0,115,0,0,0,115
05/15/2016,GRR,MI,AGL,CE,Combined TRACON& Tower with Radar,65,43,43,0,151,0,5,6,0,11,65,48,49,0,162,30,24,54,216
05/16/2016,GRR,MI,AGL,CE,Combined TRACON& Tower with Radar,65,56,60,0,181,0,3,26,0,29,65,59,86,0,210,0,0,0,210
05/17/2016,GRR,MI,AGL,CE,Combined TRACON& Tower with Radar,69,58,96,19,242,0,1,50,1,52,69,59,146,20,294,0,0,0,294
05/18/2016,GRR,MI,AGL,CE,Combined TRACON& Tower with Radar,73,52,82,0,207,0,4,52,0,56,73,56,134,0,263,26,0,26,289
05/19/2016,GRR,MI,AGL,CE,Combined TRACON& Tower with Radar,64,66,77,0,207,0,2,50,0,52,64,68,127,0,259,39,0,39,298
05/20/2016,GRR,MI,AGL,CE,Combined TRACON& Tower with Radar,66,53,62,0,181,0,4,39,0,43,66,57,101,0,224,42,0,42,266
05/21/2016,GRR,MI,AGL,CE,Combined TRACON& Tower with Radar,53,32,24,0,109,0,3,42,0,45,53,35,66,0,154,46,0,46,200
05/22/2016,GRR,MI,AGL,CE,Combined TRACON& Tower with Radar,67,38,15,0,120,0,2,29,0,31,67,40,44,0,151,99,0,99,250
05/23/2016,GRR,MI,AGL,CE,Combined TRACON& Tower with Radar,63,54,54,0,171,0,6,56,0,62,63,60,110,0,233,86,0,86,319
05/24/2016,GRR,MI,AGL,CE,Combined TRACON& Tower with Radar,64,51,65,0,180,0,3,45,0,48,64,54,110,0,228,32,0,32,260
05/25/2016,GRR,MI,AGL,CE,Combined TRACON& Tower with Radar,85,53,67,0,205,0,5,37,2,44,85,58,104,2,249,78,0,78,327
05/26/2016,GRR,MI,AGL,CE,Combined TRACON& Tower with Radar,67,61,66,2,196,0,4,19,0,23,67,65,85,2,219,2,0,2,221
05/27/2016,GRR,MI,AGL,CE,Combined TRACON& Tower with Radar,66,54,45,0,165,0,5,37,0,42,66,59,82,0,207,43,0,43,250
05/28/2016,GRR,MI,AGL,CE,Combined TRACON& Tower with Radar,55,28,31,0,114,0,3,22,0,25,55,31,53,0,139,55,0,55,194
05/29/2016,GRR,MI,AGL,CE,Combined TRACON& Tower with Radar,53,28,17,0,98,0,6,6,0,12,53,34,23,0,110,46,0,46,156
05/30/2016,GRR,MI,AGL,CE,Combined TRACON& Tower with Radar,60,43,35,0,138,0,7,31,0,38,60,50,66,0,176,78,0,78,254
05/31/2016,GRR,MI,AGL,CE,Combined TRACON& Tower with Radar,68,48,52,0,168,0,4,58,0,62,68,52,110,0,230,66,0,66,296
06/01/2016,GRR,MI,AGL,CE,Combined TRACON& Tower with Radar,68,55,71,0,194,0,3,16,0,19,68,58,87,0,213,114,0,114,327
06/02/2016,GRR,MI,AGL,CE,Combined TRACON& Tower with Radar,66,58,67,5,196,0,3,49,3,55,66,61,116,8,251,142,0,142,393
06/03/2016,GRR,MI,AGL,CE,Combined TRACON& Tower with Radar,68,56,58,1,183,0,3,60,1,64,68,59,118,2,247,66,0,66,313
06/04/2016,GRR,MI,AGL,CE,Combined TRACON& Tower with Radar,55,41,25,0,121,0,1,31,2,34,55,42,56,2,155,44,0,44,199
06/05/2016,GRR,MI,AGL,CE,Combined TRACON& Tower with Radar,62,41,30,0,133,0,0,8,0,8,62,41,38,0,141,0,0,0,141
06/06/2016,GRR,MI,AGL,CE,Combined TRACON& Tower with Radar,67,54,63,0,184,0,2,34,0,36,67,56,97,0,220,46,0,46,266
06/07/2016,GRR,MI,AGL,CE,Combined TRACON& Tower with Radar,67,52,92,0,211,0,3,27,0,30,67,55,119,0,241,90,0,90,331
06/08/2016,GRR,MI,AGL,CE,Combined TRACON& Tower with Radar,67,61,55,0,183,0,1,51,0,52,67,62,106,0,235,108,0,108,343
06/09/2016,GRR,MI,AGL,CE,Combined TRACON& Tower with Radar,70,60,68,1,199,0,1,30,1,32,70,61,98,2,231,68,0,68,299
06/10/2016,GRR,MI,AGL,CE,Combined TRACON& Tower with Radar,75,53,42,0,170,0,1,46,0,47,75,54,88,0,217,117,0,117,334
06/11/2016,GRR,MI,AGL,CE,Combined TRACON& Tower with Radar,60,38,14,0,112,0,5,19,0,24,60,43,33,0,136,36,0,36,172
06/12/2016,GRR,MI,AGL,CE,Combined TRACON& Tower with Radar,61,40,29,0,130,0,2,24,0,26,61,42,53,0,156,10,0,10,166
06/13/2016,GRR,MI,AGL,CE,Combined TRACON& Tower with Radar,62,53,53,0,168,0,3,41,2,46,62,56,94,2,214,42,0,42,256
06/14/2016,GRR,MI,AGL,CE,Combined TRACON& Tower with Radar,62,54,65,0,181,0,0,50,0,50,62,54,115,0,231,82,0,82,313
06/15/2016,GRR,MI,AGL,CE,Combined TRACON& Tower with Radar,67,61,57,14,199,0,0,12,0,12,67,61,69,14,211,26,8,34,245
06/16/2016,GRR,MI,AGL,CE,Combined TRACON& Tower with Radar,69,53,69,14,205,0,2,7,0,9,69,55,76,14,214,22,0,22,236
06/17/2016,GRR,MI,AGL,CE,Combined TRACON& Tower with Radar,68,55,49,0,172,0,7,47,0,54,68,62,96,0,226,44,0,44,270
06/18/2016,GRR,MI,AGL,CE,Combined TRACON& Tower with Radar,61,36,11,0,108,0,0,28,0,28,61,36,39,0,136,66,0,66,202
06/19/2016,GRR,MI,AGL,CE,Combined TRACON& Tower with Radar,62,48,20,0,130,0,5,19,0,24,62,53,39,0,154,0,0,0,154
06/20/2016,GRR,MI,AGL,CE,Combined TRACON& Tower with Radar,67,60,63,0,190,0,1,28,0,29,67,61,91,0,219,26,0,26,245
06/21/2016,GRR,MI,AGL,CE,Combined TRACON& Tower with Radar,64,65,71,14,214,0,0,37,2,39,64,65,108,16,253,62,30,92,345
06/22/2016,GRR,MI,AGL,CE,Combined TRACON& Tower with Radar,70,57,74,0,201,0,3,19,0,22,70,60,93,0,223,50,0,50,273
06/23/2016,GRR,MI,AGL,CE,Combined TRACON& Tower with Radar,70,59,63,14,206,0,2,37,0,39,70,61,100,14,245,12,0,12,257
06/24/2016,GRR,MI,AGL,CE,Combined TRACON& Tower with Radar,69,58,46,0,173,0,2,39,0,41,69,60,85,0,214,102,0,102,316
06/25/2016,GRR,MI,AGL,CE,Combined TRACON& Tower with Radar,61,38,17,0,116,0,8,28,1,37,61,46,45,1,153,0,0,0,153
06/26/2016,GRR,MI,AGL,CE,Combined TRACON& Tower with Radar,57,50,21,0,128,0,3,10,0,13,57,53,31,0,141,8,0,8,149
06/27/2016,GRR,MI,AGL,CE,Combined TRACON& Tower with Radar,64,53,61,0,178,0,2,37,0,39,64,55,98,0,217,37,0,37,254
06/28/2016,GRR,MI,AGL,CE,Combined TRACON& Tower with Radar,64,62,83,4,213,0,12,33,0,45,64,74,116,4,258,46,0,46,304
06/29/2016,GRR,MI,AGL,CE,Combined TRACON& Tower with Radar,64,65,70,1,200,0,5,52,1,58,64,70,122,2,258,40,0,40,298
06/30/2016,GRR,MI,AGL,CE,Combined TRACON& Tower with Radar,70,58,54,2,184,0,3,38,0,41,70,61,92,2,225,36,0,36,261
07/01/2016,GRR,MI,AGL,CE,Combined TRACON& Tower with Radar,70,56,38,0,164,0,2,12,0,14,70,58,50,0,178,28,0,28,206
07/02/2016,GRR,MI,AGL,CE,Combined TRACON& Tower with Radar,59,30,21,0,110,0,9,33,0,42,59,39,54,0,152,48,0,48,200
07/03/2016,GRR,MI,AGL,CE,Combined TRACON& Tower with Radar,54,25,18,0,97,0,2,19,0,21,54,27,37,0,118,56,0,56,174
07/04/2016,GRR,MI,AGL,CE,Combined TRACON& Tower with Radar,52,32,11,0,95,0,4,25,0,29,52,36,36,0,124,18,0,18,142
07/05/2016,GRR,MI,AGL,CE,Combined TRACON& Tower with Radar,66,53,47,0,166,0,3,24,0,27,66,56,71,0,193,14,0,14,207
07/06/2016,GRR,MI,AGL,CE,Combined TRACON& Tower with Radar,74,54,53,0,181,0,3,23,0,26,74,57,76,0,207,42,0,42,249
07/07/2016,GRR,MI,AGL,CE,Combined TRACON& Tower with Radar,73,52,56,0,181,0,2,25,0,27,73,54,81,0,208,10,0,10,218
07/08/2016,GRR,MI,AGL,CE,Combined TRACON& Tower with Radar,67,47,38,0,152,0,5,14,0,19,67,52,52,0,171,38,0,38,209
07/09/2016,GRR,MI,AGL,CE,Combined TRACON& Tower with Radar,58,30,17,0,105,0,3,7,0,10,58,33,24,0,115,48,0,48,163
07/10/2016,GRR,MI,AGL,CE,Combined TRACON& Tower with Radar,50,41,31,0,122,0,2,20,0,22,50,43,51,0,144,0,0,0,144
07/11/2016,GRR,MI,AGL,CE,Combined TRACON& Tower with Radar,72,47,52,0,171,0,3,26,0,29,72,50,78,0,200,10,0,10,210
07/12/2016,GRR,MI,AGL,CE,Combined TRACON& Tower with Radar,74,51,47,4,176,0,0,25,0,25,74,51,72,4,201,34,0,34,235
07/13/2016,GRR,MI,AGL,CE,Combined TRACON& Tower with Radar,74,48,71,1,194,0,3,18,3,24,74,51,89,4,218,4,7,11,229
07/14/2016,GRR,MI,AGL,CE,Combined TRACON& Tower with Radar,75,53,64,2,194,0,3,23,4,30,75,56,87,6,224,14,10,24,248
07/15/2016,GRR,MI,AGL,CE,Combined TRACON& Tower with Radar,69,52,87,0,208,0,5,26,0,31,69,57,113,0,239,34,0,34,273
07/16/2016,GRR,MI,AGL,CE,Combined TRACON& Tower with Radar,62,37,19,0,118,0,5,30,0,35,62,42,49,0,153,0,0,0,153
07/17/2016,GRR,MI,AGL,CE,Combined TRACON& Tower with Radar,70,42,21,0,133,0,5,4,0,9,70,47,25,0,142,0,0,0,142
07/18/2016,GRR,MI,AGL,CE,Combined TRACON& Tower with Radar,73,45,57,0,175,0,4,31,0,35,73,49,88,0,210,52,0,52,262
07/19/2016,GRR,MI,AGL,CE,Combined TRACON& Tower with Radar,73,58,72,0,203,0,1,67,0,68,73,59,139,0,271,10,0,10,281
07/20/2016,GRR,MI,AGL,CE,Combined TRACON& Tower with Radar,67,52,62,7,188,0,3,49,4,56,67,55,111,11,244,66,0,66,310
07/21/2016,GRR,MI,AGL,CE,Combined TRACON& Tower with Radar,77,49,61,0,187,0,4,34,0,38,77,53,95,0,225,18,0,18,243
07/22/2016,GRR,MI,AGL,CE,Combined TRACON& Tower with Radar,73,56,43,2,174,0,3,31,0,34,73,59,74,2,208,38,0,38,246
07/23/2016,GRR,MI,AGL,CE,Combined TRACON& Tower with Radar,63,39,20,0,122,0,4,31,0,35,63,43,51,0,157,8,0,8,165
07/24/2016,GRR,MI,AGL,CE,Combined TRACON& Tower with Radar,70,38,34,0,142,0,3,8,0,11,70,41,42,0,153,0,0,0,153
07/25/2016,GRR,MI,AGL,CE,Combined TRACON& Tower with Radar,68,55,61,0,184,0,5,32,0,37,68,60,93,0,221,24,0,24,245
07/26/2016,GRR,MI,AGL,CE,Combined TRACON& Tower with Radar,71,58,60,4,193,0,3,57,0,60,71,61,117,4,253,78,0,78,331
07/27/2016,GRR,MI,AGL,CE,Combined TRACON& Tower with Radar,74,59,68,0,201,0,0,36,2,38,74,59,104,2,239,28,0,28,267
07/28/2016,GRR,MI,AGL,CE,Combined TRACON& Tower with Radar,74,46,55,16,191,0,3,26,0,29,74,49,81,16,220,56,12,68,288
07/29/2016,GRR,MI,AGL,CE,Combined TRACON& Tower with Radar,73,49,48,3,173,0,2,12,0,14,73,51,60,3,187,24,0,24,211
07/30/2016,GRR,MI,AGL,CE,Combined TRACON& Tower with Radar,61,31,25,0,117,0,2,6,0,8,61,33,31,0,125,0,0,0,125
07/31/2016,GRR,MI,AGL,CE,Combined TRACON& Tower with Radar,63,39,25,0,127,0,3,7,0,10,63,42,32,0,137,0,0,0,137
08/01/2016,GRR,MI,AGL,CE,Combined TRACON& Tower with Radar,67,51,37,2,157,0,3,55,0,58,67,54,92,2,215,40,0,40,255
08/02/2016,GRR,MI,AGL,CE,Combined TRACON& Tower with Radar,77,50,59,6,192,0,5,66,0,71,77,55,125,6,263,24,2,26,289
08/03/2016,GRR,MI,AGL,CE,Combined TRACON& Tower with Radar,75,49,64,0,188,0,5,46,3,54,75,54,110,3,242,75,0,75,317
08/04/2016,GRR,MI,AGL,CE,Combined TRACON& Tower with Radar,76,53,76,0,205,0,4,41,1,46,76,57,117,1,251,0,0,0,251
08/05/2016,GRR,MI,AGL,CE,Combined TRACON& Tower with Radar,73,58,53,0,184,0,9,41,0,50,73,67,94,0,234,38,0,38,272
08/06/2016,GRR,MI,AGL,CE,Combined TRACON& Tower with Radar,66,31,27,0,124,0,5,77,0,82,66,36,104,0,206,84,0,84,290
08/07/2016,GRR,MI,AGL,CE,Combined TRACON& Tower with Radar,64,40,49,0,153,0,3,25,0,28,64,43,74,0,181,28,0,28,209
08/08/2016,GRR,MI,AGL,CE,Combined TRACON& Tower with Radar,62,50,53,0,165,0,5,34,0,39,62,55,87,0,204,24,0,24,228
08/09/2016,GRR,MI,AGL,CE,Combined TRACON& Tower with Radar,68,54,79,0,201,0,1,48,0,49,68,55,127,0,250,46,0,46,296
08/10/2016,GRR,MI,AGL,CE,Combined TRACON& Tower with Radar,71,54,64,12,201,0,1,45,0,46,71,55,109,12,247,20,20,40,287
08/11/2016,GRR,MI,AGL,CE,Combined TRACON& Tower with Radar,67,52,76,0,195,0,7,23,0,30,67,59,99,0,225,14,0,14,239
08/12/2016,GRR,MI,AGL,CE,Combined TRACON& Tower with Radar,71,48,45,0,164,0,0,1,0,1,71,48,46,0,165,0,0,0,165
08/13/2016,GRR,MI,AGL,CE,Combined TRACON& Tower with Radar,64,35,27,0,126,0,3,12,0,15,64,38,39,0,141,0,0,0,141
08/14/2016,GRR,MI,AGL,CE,Combined TRACON& Tower with Radar,62,40,23,0,125,0,4,20,0,24,62,44,43,0,149,0,0,0,149
08/15/2016,GRR,MI,AGL,CE,Combined TRACON& Tower with Radar,65,55,38,0,158,0,1,16,0,17,65,56,54,0,175,0,0,0,175
08/16/2016,GRR,MI,AGL,CE,Combined TRACON& Tower with Radar,63,65,48,0,176,0,3,21,0,24,63,68,69,0,200,50,0,50,250
08/17/2016,GRR,MI,AGL,CE,Combined TRACON& Tower with Radar,68,58,55,0,181,0,2,12,0,14,68,60,67,0,195,6,0,6,201
08/18/2016,GRR,MI,AGL,CE,Combined TRACON& Tower with Radar,70,54,70,0,194,0,4,35,0,39,70,58,105,0,233,8,0,8,241
08/19/2016,GRR,MI,AGL,CE,Combined TRACON& Tower with Radar,66,47,53,0,166,0,1,14,0,15,66,48,67,0,181,8,0,8,189
08/20/2016,GRR,MI,AGL,CE,Combined TRACON& Tower with Radar,57,28,20,0,105,0,0,6,0,6,57,28,26,0,111,0,0,0,111
08/21/2016,GRR,MI,AGL,CE,Combined TRACON& Tower with Radar,62,43,26,0,131,0,6,15,1,22,62,49,41,1,153,26,0,26,179
08/22/2016,GRR,MI,AGL,CE,Combined TRACON& Tower with Radar,67,59,54,0,180,0,3,47,0,50,67,62,101,0,230,41,2,43,273
08/23/2016,GRR,MI,AGL,CE,Combined TRACON& Tower with Radar,62,67,73,0,202,0,5,37,1,43,62,72,110,1,245,18,0,18,263
08/24/2016,GRR,MI,AGL,CE,Combined TRACON& Tower with Radar,66,59,69,0,194,0,0,7,0,7,66,59,76,0,201,6,0,6,207
08/25/2016,GRR,MI,AGL,CE,Combined TRACON& Tower with Radar,72,49,65,0,186,0,7,19,0,26,72,56,84,0,212,16,0,16,228
08/26/2016,GRR,MI,AGL,CE,Combined TRACON& Tower with Radar,71,55,52,8,186,0,2,38,0,40,71,57,90,8,226,56,8,64,290
08/27/2016,GRR,MI,AGL,CE,Combined TRACON& Tower with Radar,52,30,18,0,100,0,2,0,0,2,52,32,18,0,102,0,0,0,102
08/28/2016,GRR,MI,AGL,CE,Combined TRACON& Tower with Radar,69,36,29,2,136,0,2,26,0,28,69,38,55,2,164,35,0,35,199
08/29/2016,GRR,MI,AGL,CE,Combined TRACON& Tower with Radar,74,57,65,2,198,0,4,50,1,55,74,61,115,3,253,18,0,18,271
08/30/2016,GRR,MI,AGL,CE,Combined TRACON& Tower with Radar,63,53,59,0,175,0,3,27,0,30,63,56,86,0,205,44,0,44,249
08/31/2016,GRR,MI,AGL,CE,Combined TRACON& Tower with Radar,65,56,74,8,203,0,3,10,0,13,65,59,84,8,216,8,0,8,224
09/01/2016,GRR,MI,AGL,CE,Combined TRACON& Tower with Radar,67,65,70,0,202,0,3,24,6,33,67,68,94,6,235,2,28,30,265
09/02/2016,GRR,MI,AGL,CE,Combined TRACON& Tower with Radar,67,55,44,0,166,0,7,31,0,38,67,62,75,0,204,36,0,36,240
09/03/2016,GRR,MI,AGL,CE,Combined TRACON& Tower with Radar,46,26,17,0,89,0,2,23,0,25,46,28,40,0,114,0,0,0,114
09/04/2016,GRR,MI,AGL,CE,Combined TRACON& Tower with Radar,50,29,6,0,85,0,5,22,0,27,50,34,28,0,112,0,0,0,112
09/05/2016,GRR,MI,AGL,CE,Combined TRACON& Tower with Radar,70,36,30,0,136,0,4,19,0,23,70,40,49,0,159,42,0,42,201
09/06/2016,GRR,MI,AGL,CE,Combined TRACON& Tower with Radar,57,54,57,1,169,0,3,35,3,41,57,57,92,4,210,24,2,26,236
09/07/2016,GRR,MI,AGL,CE,Combined TRACON& Tower with Radar,62,56,68,0,186,0,0,5,0,5,62,56,73,0,191,16,0,16,207
09/08/2016,GRR,MI,AGL,CE,Combined TRACON& Tower with Radar,67,66,76,0,209,0,1,10,2,13,67,67,86,2,222,0,0,0,222
09/09/2016,GRR,MI,AGL,CE,Combined TRACON& Tower with Radar,71,53,52,0,176,0,0,16,0,16,71,53,68,0,192,18,4,22,214
09/10/2016,GRR,MI,AGL,CE,Combined TRACON& Tower with Radar,43,37,20,0,100,0,0,4,0,4,43,37,24,0,104,24,0,24,128
09/11/2016,GRR,MI,AGL,CE,Combined TRACON& Tower with Radar,71,38,34,0,143,0,1,30,0,31,71,39,64,0,174,50,0,50,224
09/12/2016,GRR,MI,AGL,CE,Combined TRACON& Tower with Radar,70,48,62,2,182,0,4,53,0,57,70,52,115,2,239,38,0,38,277
09/13/2016,GRR,MI,AGL,CE,Combined TRACON& Tower with Radar,65,59,67,0,191,0,4,45,0,49,65,63,112,0,240,80,0,80,320
09/14/2016,GRR,MI,AGL,CE,Combined TRACON& Tower with Radar,70,60,80,0,210,0,3,39,0,42,70,63,119,0,252,38,0,38,290
09/15/2016,GRR,MI,AGL,CE,Combined TRACON& Tower with Radar,75,63,80,2,220,0,2,36,6,44,75,65,116,8,264,36,0,36,300
09/16/2016,GRR,MI,AGL,CE,Combined TRACON& Tower with Radar,73,54,78,0,205,0,1,26,0,27,73,55,104,0,232,4,0,4,236
09/17/2016,GRR,MI,AGL,CE,Combined TRACON& Tower with Radar,43,36,31,0,110,0,1,12,0,13,43,37,43,0,123,17,0,17,140
09/18/2016,GRR,MI,AGL,CE,Combined TRACON& Tower with Radar,72,40,34,0,146,0,4,19,0,23,72,44,53,0,169,0,0,0,169
09/19/2016,GRR,MI,AGL,CE,Combined TRACON& Tower with Radar,68,40,47,0,155,0,0,25,0,25,68,40,72,0,180,32,0,32,212
09/20/2016,GRR,MI,AGL,CE,Combined TRACON& Tower with Radar,68,50,73,1,192,0,5,51,1,57,68,55,124,2,249,31,0,31,280
09/21/2016,GRR,MI,AGL,CE,Combined TRACON& Tower with Radar,66,48,66,2,182,0,3,19,0,22,66,51,85,2,204,60,0,60,264
09/22/2016,GRR,MI,AGL,CE,Combined TRACON& Tower with Radar,74,55,78,0,207,0,3,39,6,48,74,58,117,6,255,66,0,66,321
09/23/2016,GRR,MI,AGL,CE,Combined TRACON& Tower with Radar,74,57,76,0,207,0,0,6,0,6,74,57,82,0,213,46,0,46,259
09/24/2016,GRR,MI,AGL,CE,Combined TRACON& Tower with Radar,48,34,41,0,123,0,4,27,0,31,48,38,68,0,154,0,0,0,154
09/25/2016,GRR,MI,AGL,CE,Combined TRACON& Tower with Radar,70,37,28,0,135,0,2,12,0,14,70,39,40,0,149,12,0,12,161
09/26/2016,GRR,MI,AGL,CE,Combined TRACON& Tower with Radar,70,49,52,0,171,0,2,11,0,13,70,51,63,0,184,0,0,0,184
09/27/2016,GRR,MI,AGL,CE,Combined TRACON& Tower with Radar,68,55,62,2,187,0,1,23,0,24,68,56,85,2,211,32,0,32,243
09/28/2016,GRR,MI,AGL,CE,Combined TRACON& Tower with Radar,75,50,70,9,204,0,1,12,3,16,75,51,82,12,220,26,0,26,246
09/29/2016,GRR,MI,AGL,CE,Combined TRACON& Tower with Radar,75,61,59,0,195,0,0,0,0,0,75,61,59,0,195,22,12,34,229
09/30/2016,GRR,MI,AGL,CE,Combined TRACON& Tower with Radar,77,48,60,4,189,0,0,0,0,0,77,48,60,4,189,0,6,6,195
10/01/2016,GRR,MI,AGL,CE,Combined TRACON& Tower with Radar,47,33,25,0,105,0,2,2,0,4,47,35,27,0,109,0,0,0,109
10/02/2016,GRR,MI,AGL,CE,Combined TRACON& Tower with Radar,66,39,51,0,156,0,4,8,0,12,66,43,59,0,168,26,0,26,194
10/03/2016,GRR,MI,AGL,CE,Combined TRACON& Tower with Radar,74,48,74,0,196,0,4,9,0,13,74,52,83,0,209,36,0,36,245
10/04/2016,GRR,MI,AGL,CE,Combined TRACON& Tower with Radar,73,44,70,10,197,0,3,40,0,43,73,47,110,10,240,30,12,42,282
10/05/2016,GRR,MI,AGL,CE,Combined TRACON& Tower with Radar,79,46,72,3,200,0,2,23,5,30,79,48,95,8,230,38,0,38,268
10/06/2016,GRR,MI,AGL,CE,Combined TRACON& Tower with Radar,77,51,68,2,198,0,2,16,0,18,77,53,84,2,216,50,0,50,266
10/07/2016,GRR,MI,AGL,CE,Combined TRACON& Tower with Radar,80,42,51,1,174,0,3,34,1,38,80,45,85,2,212,5,6,11,223
10/08/2016,GRR,MI,AGL,CE,Combined TRACON& Tower with Radar,62,27,30,0,119,0,3,56,0,59,62,30,86,0,178,56,0,56,234
10/09/2016,GRR,MI,AGL,CE,Combined TRACON& Tower with Radar,74,30,36,1,141,0,3,28,0,31,74,33,64,1,172,10,0,10,182
10/10/2016,GRR,MI,AGL,CE,Combined TRACON& Tower with Radar,78,44,66,0,188,0,1,52,0,53,78,45,118,0,241,69,0,69,310
10/11/2016,GRR,MI,AGL,CE,Combined TRACON& Tower with Radar,74,47,56,1,178,0,4,43,1,48,74,51,99,2,226,59,0,59,285
10/12/2016,GRR,MI,AGL,CE,Combined TRACON& Tower with Radar,76,47,54,0,177,0,2,16,0,18,76,49,70,0,195,0,0,0,195
10/13/2016,GRR,MI,AGL,CE,Combined TRACON& Tower with Radar,78,46,62,1,187,0,0,48,1,49,78,46,110,2,236,104,0,104,340
10/14/2016,GRR,MI,AGL,CE,Combined TRACON& Tower with Radar,82,47,51,4,184,0,3,43,2,48,82,50,94,6,232,87,4,91,323
10/15/2016,GRR,MI,AGL,CE,Combined TRACON& Tower with Radar,62,23,44,0,129,0,4,2,0,6,62,27,46,0,135,15,0,15,150
10/16/2016,GRR,MI,AGL,CE,Combined TRACON& Tower with Radar,79,33,33,0,145,0,0,0,0,0,79,33,33,0,145,0,0,0,145
10/17/2016,GRR,MI,AGL,CE,Combined TRACON& Tower with Radar,78,50,43,0,171,0,3,10,0,13,78,53,53,0,184,32,0,32,216
10/18/2016,GRR,MI,AGL,CE,Combined TRACON& Tower with Radar,74,48,50,2,174,0,4,31,4,39,74,52,81,6,213,20,16,36,249
10/19/2016,GRR,MI,AGL,CE,Combined TRACON& Tower with Radar,80,64,67,0,211,0,1,47,0,48,80,65,114,0,259,102,0,102,361
10/20/2016,GRR,MI,AGL,CE,Combined TRACON& Tower with Radar,74,46,73,2,195,0,1,18,0,19,74,47,91,2,214,100,0,100,314
10/21/2016,GRR,MI,AGL,CE,Combined TRACON& Tower with Radar,68,42,54,0,164,0,3,30,0,33,68,45,84,0,197,54,0,54,251
10/22/2016,GRR,MI,AGL,CE,Combined TRACON& Tower with Radar,60,23,16,0,99,0,7,33,0,40,60,30,49,0,139,90,0,90,229
10/23/2016,GRR,MI,AGL,CE,Combined TRACON& Tower with Radar,78,30,44,0,152,0,2,41,0,43,78,32,85,0,195,64,0,64,259
10/24/2016,GRR,MI,AGL,CE,Combined TRACON& Tower with Radar,76,46,45,0,167,0,1,26,6,33,76,47,71,6,200,38,0,38,238
10/25/2016,GRR,MI,AGL,CE,Combined TRACON& Tower with Radar,71,44,62,6,183,0,2,43,0,45,71,46,105,6,228,96,0,96,324
10/26/2016,GRR,MI,AGL,CE,Combined TRACON& Tower with Radar,73,47,66,0,186,0,0,0,2,2,73,47,66,2,188,22,12,34,222
10/27/2016,GRR,MI,AGL,CE,Combined TRACON& Tower with Radar,74,46,44,0,164,0,0,3,0,3,74,46,47,0,167,19,0,19,186
10/28/2016,GRR,MI,AGL,CE,Combined TRACON& Tower with Radar,84,42,68,4,198,0,1,40,0,41,84,43,108,4,239,46,0,46,285
10/29/2016,GRR,MI,AGL,CE,Combined TRACON& Tower with Radar,57,27,16,0,100,0,4,16,0,20,57,31,32,0,120,54,0,54,174
10/30/2016,GRR,MI,AGL,CE,Combined TRACON& Tower with Radar,70,31,21,0,122,0,3,13,0,16,70,34,34,0,138,18,0,18,156
10/31/2016,GRR,MI,AGL,CE,Combined TRACON& Tower with Radar,73,38,36,0,147,0,2,20,0,22,73,40,56,0,169,90,0,90,259
11/01/2016,GRR,MI,AGL,CE,Combined TRACON& Tower with Radar,70,49,69,0,188,0,3,43,0,46,70,52,112,0,234,80,0,80,314
11/02/2016,GRR,MI,AGL,CE,Combined TRACON& Tower with Radar,74,42,58,0,174,0,1,6,0,7,74,43,64,0,181,82,0,82,263
11/03/2016,GRR,MI,AGL,CE,Combined TRACON& Tower with Radar,74,52,86,6,218,0,0,28,0,28,74,52,114,6,246,55,0,55,301
11/04/2016,GRR,MI,AGL,CE,Combined TRACON& Tower with Radar,79,45,56,0,180,0,1,43,0,44,79,46,99,0,224,102,0,102,326
11/05/2016,GRR,MI,AGL,CE,Combined TRACON& Tower with Radar,56,30,35,0,121,0,1,29,0,30,56,31,64,0,151,68,0,68,219
11/06/2016,GRR,MI,AGL,CE,Combined TRACON& Tower with Radar,72,36,42,0,150,0,1,28,0,29,72,37,70,0,179,66,0,66,245
11/07/2016,GRR,MI,AGL,CE,Combined TRACON& Tower with Radar,73,51,64,0,188,0,6,44,0,50,73,57,108,0,238,34,0,34,272
11/08/2016,GRR,MI,AGL,CE,Combined TRACON& Tower with Radar,65,34,48,6,153,0,1,8,0,9,65,35,56,6,162,64,6,70,232
11/09/2016,GRR,MI,AGL,CE,Combined TRACON& Tower with Radar,75,54,78,0,207,0,5,46,0,51,75,59,124,0,258,62,0,62,320
11/10/2016,GRR,MI,AGL,CE,Combined TRACON& Tower with Radar,77,38,75,1,191,0,0,23,1,24,77,38,98,2,215,65,0,65,280
11/11/2016,GRR,MI,AGL,CE,Combined TRACON& Tower with Radar,80,44,49,0,173,0,4,38,2,44,80,48,87,2,217,40,0,40,257
11/12/2016,GRR,MI,AGL,CE,Combined TRACON& Tower with Radar,50,32,40,0,122,0,0,33,0,33,50,32,73,0,155,82,0,82,237
11/13/2016,GRR,MI,AGL,CE,Combined TRACON& Tower with Radar,78,30,33,0,141,0,3,24,0,27,78,33,57,0,168,34,0,34,202
11/14/2016,GRR,MI,AGL,CE,Combined TRACON& Tower with Radar,78,39,69,0,186,0,2,35,0,37,78,41,104,0,223,78,0,78,301
11/15/2016,GRR,MI,AGL,CE,Combined TRACON& Tower with Radar,72,46,63,2,183,0,2,0,0,2,72,48,63,2,185,0,0,0,185
11/16/2016,GRR,MI,AGL,CE,Combined TRACON& Tower with Radar,80,40,68,0,188,0,2,4,0,6,80,42,72,0,194,56,0,56,250
11/17/2016,GRR,MI,AGL,CE,Combined TRACON& Tower with Radar,79,53,76,3,211,0,2,22,1,25,79,55,98,4,236,114,2,116,352
11/18/2016,GRR,MI,AGL,CE,Combined TRACON& Tower with Radar,81,48,53,0,182,0,1,35,0,36,81,49,88,0,218,52,0,52,270
11/19/2016,GRR,MI,AGL,CE,Combined TRACON& Tower with Radar,55,31,18,0,104,0,0,0,0,0,55,31,18,0,104,0,0,0,104
11/20/2016,GRR,MI,AGL,CE,Combined TRACON& Tower with Radar,67,27,26,0,120,0,2,2,0,4,67,29,28,0,124,0,0,0,124
11/21/2016,GRR,MI,AGL,CE,Combined TRACON& Tower with Radar,68,38,42,0,148,0,1,31,0,32,68,39,73,0,180,68,0,68,248
11/22/2016,GRR,MI,AGL,CE,Combined TRACON& Tower with Radar,82,46,85,19,232,0,2,60,0,62,82,48,145,19,294,158,8,166,460
11/23/2016,GRR,MI,AGL,CE,Combined TRACON& Tower with Radar,81,51,26,0,158,0,0,0,0,0,81,51,26,0,158,26,0,26,184
11/24/2016,GRR,MI,AGL,CE,Combined TRACON& Tower with Radar,47,17,8,0,72,0,0,0,0,0,47,17,8,0,72,22,0,22,94
11/25/2016,GRR,MI,AGL,CE,Combined TRACON& Tower with Radar,61,25,19,0,105,0,0,0,0,0,61,25,19,0,105,0,0,0,105
11/26/2016,GRR,MI,AGL,CE,Combined TRACON& Tower with Radar,77,42,29,0,148,0,2,3,0,5,77,44,32,0,153,12,0,12,165
11/27/2016,GRR,MI,AGL,CE,Combined TRACON& Tower with Radar,76,36,40,0,152,0,0,0,0,0,76,36,40,0,152,0,0,0,152
11/28/2016,GRR,MI,AGL,CE,Combined TRACON& Tower with Radar,81,36,37,0,154,0,1,1,0,2,81,37,38,0,156,0,0,0,156
11/29/2016,GRR,MI,AGL,CE,Combined TRACON& Tower with Radar,74,45,52,4,175,0,0,26,0,26,74,45,78,4,201,43,6,49,250
11/30/2016,GRR,MI,AGL,CE,Combined TRACON& Tower with Radar,73,53,66,1,193,0,2,18,1,21,73,55,84,2,214,74,0,74,288
12/01/2016,GRR,MI,AGL,CE,Combined TRACON& Tower with Radar,75,55,50,10,190,0,2,1,0,3,75,57,51,10,193,38,0,38,231
12/02/2016,GRR,MI,AGL,CE,Combined TRACON& Tower with Radar,79,46,52,0,177,0,1,9,0,10,79,47,61,0,187,14,8,22,209
12/03/2016,GRR,MI,AGL,CE,Combined TRACON& Tower with Radar,49,40,29,0,118,0,4,12,0,16,49,44,41,0,134,120,0,120,254
12/04/2016,GRR,MI,AGL,CE,Combined TRACON& Tower with Radar,69,24,21,0,114,0,1,8,0,9,69,25,29,0,123,10,0,10,133
12/05/2016,GRR,MI,AGL,CE,Combined TRACON& Tower with Radar,70,49,77,0,196,0,2,8,0,10,70,51,85,0,206,68,0,68,274
12/06/2016,GRR,MI,AGL,CE,Combined TRACON& Tower with Radar,66,48,62,12,188,0,3,10,0,13,66,51,72,12,201,38,0,38,239
12/07/2016,GRR,MI,AGL,CE,Combined TRACON& Tower with Radar,73,48,80,0,201,0,2,10,0,12,73,50,90,0,213,38,0,38,251
12/08/2016,GRR,MI,AGL,CE,Combined TRACON& Tower with Radar,82,48,53,0,183,0,0,0,0,0,82,48,53,0,183,0,0,0,183
12/09/2016,GRR,MI,AGL,CE,Combined TRACON& Tower with Radar,76,44,40,2,162,0,8,0,0,8,76,52,40,2,170,22,0,22,192
12/10/2016,GRR,MI,AGL,CE,Combined TRACON& Tower with Radar,47,33,18,0,98,0,0,0,0,0,47,33,18,0,98,0,0,0,98
12/11/2016,GRR,MI,AGL,CE,Combined TRACON& Tower with Radar,57,18,18,0,93,0,0,0,0,0,57,18,18,0,93,0,0,0,93
12/12/2016,GRR,MI,AGL,CE,Combined TRACON& Tower with Radar,66,54,59,1,180,0,3,3,0,6,66,57,62,1,186,0,0,0,186
12/13/2016,GRR,MI,AGL,CE,Combined TRACON& Tower with Radar,66,63,66,1,196,0,3,15,0,18,66,66,81,1,214,74,0,74,288
12/14/2016,GRR,MI,AGL,CE,Combined TRACON& Tower with Radar,71,67,68,0,206,0,1,1,0,2,71,68,69,0,208,4,0,4,212
12/15/2016,GRR,MI,AGL,CE,Combined TRACON& Tower with Radar,76,57,65,0,198,0,0,2,0,2,76,57,67,0,200,8,0,8,208
12/16/2016,GRR,MI,AGL,CE,Combined TRACON& Tower with Radar,66,46,35,0,147,0,2,7,0,9,66,48,42,0,156,38,0,38,194
12/17/2016,GRR,MI,AGL,CE,Combined TRACON& Tower with Radar,59,30,12,0,101,0,1,1,0,2,59,31,13,0,103,0,0,0,103
12/18/2016,GRR,MI,AGL,CE,Combined TRACON& Tower with Radar,49,33,18,0,100,0,0,0,0,0,49,33,18,0,100,0,0,0,100
12/19/2016,GRR,MI,AGL,CE,Combined TRACON& Tower with Radar,59,52,44,0,155,0,4,23,0,27,59,56,67,0,182,96,0,96,278
12/20/2016,GRR,MI,AGL,CE,Combined TRACON& Tower with Radar,58,57,62,0,177,0,3,16,0,19,58,60,78,0,196,12,0,12,208
12/21/2016,GRR,MI,AGL,CE,Combined TRACON& Tower with Radar,67,61,53,2,183,0,3,23,0,26,67,64,76,2,209,62,0,62,271
12/22/2016,GRR,MI,AGL,CE,Combined TRACON& Tower with Radar,68,53,33,2,156,0,1,20,0,21,68,54,53,2,177,32,0,32,209
12/23/2016,GRR,MI,AGL,CE,Combined TRACON& Tower with Radar,68,54,31,0,153,0,2,22,0,24,68,56,53,0,177,72,0,72,249
12/24/2016,GRR,MI,AGL,CE,Combined TRACON& Tower with Radar,49,41,2,0,92,0,1,1,0,2,49,42,3,0,94,0,0,0,94
12/25/2016,GRR,MI,AGL,CE,Combined TRACON& Tower with Radar,43,37,3,0,83,0,0,0,0,0,43,37,3,0,83,0,0,0,83
12/26/2016,GRR,MI,AGL,CE,Combined TRACON& Tower with Radar,60,40,30,0,130,0,2,13,0,15,60,42,43,0,145,14,0,14,159
12/27/2016,GRR,MI,AGL,CE,Combined TRACON& Tower with Radar,63,48,31,0,142,0,2,3,2,7,63,50,34,2,149,0,14,14,163
12/28/2016,GRR,MI,AGL,CE,Combined TRACON& Tower with Radar,63,59,46,1,169,0,3,38,1,42,63,62,84,2,211,100,0,100,311
12/29/2016,GRR,MI,AGL,CE,Combined TRACON& Tower with Radar,63,50,13,0,126,0,1,6,0,7,63,51,19,0,133,12,0,12,145
12/30/2016,GRR,MI,AGL,CE,Combined TRACON& Tower with Radar,62,49,14,0,125,0,2,10,0,12,62,51,24,0,137,62,0,62,199
12/31/2016,GRR,MI,AGL,CE,Combined TRACON& Tower with Radar,51,31,6,0,88,0,4,5,0,9,51,35,11,0,97,0,0,0,97
01/01/2017,GRR,MI,AGL,CE,Towers with Radar,51,40,22,0,113,0,2,27,0,29,51,42,49,0,142,104,0,104,246
01/02/2017,GRR,MI,AGL,CE,Towers with Radar,56,45,31,0,132,0,4,7,0,11,56,49,38,0,143,26,0,26,169
01/03/2017,GRR,MI,AGL,CE,Towers with Radar,66,49,39,0,154,0,0,0,0,0,66,49,39,0,154,28,0,28,182
01/04/2017,GRR,MI,AGL,CE,Towers with Radar,71,44,40,0,155,0,0,0,0,0,71,44,40,0,155,10,0,10,165
01/05/2017,GRR,MI,AGL,CE,Towers with Radar,68,50,60,2,180,0,0,0,0,0,68,50,60,2,180,36,0,36,216
01/06/2017,GRR,MI,AGL,CE,Towers with Radar,64,47,35,0,146,0,0,10,0,10,64,47,45,0,156,66,0,66,222
01/07/2017,GRR,MI,AGL,CE,Towers with Radar,56,28,15,0,99,0,0,0,0,0,56,28,15,0,99,0,10,10,109
01/08/2017,GRR,MI,AGL,CE,Towers with Radar,66,47,25,0,138,0,2,6,0,8,66,49,31,0,146,46,0,46,192
01/09/2017,GRR,MI,AGL,CE,Towers with Radar,75,35,44,0,154,0,2,11,0,13,75,37,55,0,167,18,0,18,185
01/10/2017,GRR,MI,AGL,CE,Towers with Radar,69,32,40,2,143,0,0,0,0,0,69,32,40,2,143,0,0,0,143
01/11/2017,GRR,MI,AGL,CE,Towers with Radar,81,49,70,0,200,0,1,9,0,10,81,50,79,0,210,76,0,76,286
01/12/2017,GRR,MI,AGL,CE,Towers with Radar,75,45,59,0,179,0,2,0,0,2,75,47,59,0,181,0,0,0,181
01/13/2017,GRR,MI,AGL,CE,Towers with Radar,82,50,49,5,186,0,3,35,1,39,82,53,84,6,225,100,0,100,325
01/14/2017,GRR,MI,AGL,CE,Towers with Radar,62,24,25,0,111,0,4,39,0,43,62,28,64,0,154,152,0,152,306
01/15/2017,GRR,MI,AGL,CE,Towers with Radar,65,29,22,0,116,0,0,25,0,25,65,29,47,0,141,172,0,172,313
01/16/2017,GRR,MI,AGL,CE,Towers with Radar,67,35,38,0,140,0,0,1,0,1,67,35,39,0,141,0,0,0,141
01/17/2017,GRR,MI,AGL,CE,Towers with Radar,74,38,36,0,148,0,0,1,0,1,74,38,37,0,149,0,0,0,149
01/18/2017,GRR,MI,AGL,CE,Towers with Radar,81,44,58,0,183,0,0,0,0,0,81,44,58,0,183,14,0,14,197
01/19/2017,GRR,MI,AGL,CE,Towers with Radar,66,42,63,2,173,0,2,15,0,17,66,44,78,2,190,0,0,0,190
01/20/2017,GRR,MI,AGL,CE,Towers with Radar,81,38,40,0,159,0,0,0,0,0,81,38,40,0,159,36,0,36,195
01/21/2017,GRR,MI,AGL,CE,Towers with Radar,59,31,18,0,108,0,0,18,0,18,59,31,36,0,126,34,0,34,160
01/22/2017,GRR,MI,AGL,CE,Towers with Radar,55,31,16,0,102,0,0,0,0,0,55,31,16,0,102,0,0,0,102
01/23/2017,GRR,MI,AGL,CE,Towers with Radar,75,36,51,0,162,0,0,0,0,0,75,36,51,0,162,0,0,0,162
01/24/2017,GRR,MI,AGL,CE,Towers with Radar,74,44,81,0,199,0,1,0,0,1,74,45,81,0,200,8,0,8,208
01/25/2017,GRR,MI,AGL,CE,Towers with Radar,79,42,53,0,174,0,0,0,0,0,79,42,53,0,174,0,0,0,174
01/26/2017,GRR,MI,AGL,CE,Towers with Radar,76,45,51,6,178,0,2,1,0,3,76,47,52,6,181,0,4,4,185
01/27/2017,GRR,MI,AGL,CE,Towers with Radar,81,49,41,0,171,0,2,6,0,8,81,51,47,0,179,0,0,0,179
01/28/2017,GRR,MI,AGL,CE,Towers with Radar,61,24,13,0,98,0,2,1,0,3,61,26,14,0,101,0,0,0,101
01/29/2017,GRR,MI,AGL,CE,Towers with Radar,66,36,29,0,131,0,0,1,0,1,66,36,30,0,132,0,0,0,132
01/30/2017,GRR,MI,AGL,CE,Towers with Radar,71,41,54,0,166,0,0,26,0,26,71,41,80,0,192,0,0,0,192
01/31/2017,GRR,MI,AGL,CE,Towers with Radar,73,41,51,0,165,0,0,0,0,0,73,41,51,0,165,76,0,76,241
02/01/2017,GRR,MI,AGL,CE,Towers with Radar,76,37,70,1,184,0,2,22,3,27,76,39,92,4,211,34,4,38,249
02/02/2017,GRR,MI,AGL,CE,Towers with Radar,76,47,63,0,186,0,4,5,0,9,76,51,68,0,195,6,0,6,201
02/03/2017,GRR,MI,AGL,CE,Towers with Radar,78,48,51,3,180,0,3,23,1,27,78,51,74,4,207,16,2,18,225
02/04/2017,GRR,MI,AGL,CE,Towers with Radar,59,27,31,0,117,0,1,38,0,39,59,28,69,0,156,87,0,87,243
02/05/2017,GRR,MI,AGL,CE,Towers with Radar,68,24,16,0,108,0,3,9,0,12,68,27,25,0,120,8,0,8,128
02/06/2017,GRR,MI,AGL,CE,Towers with Radar,77,39,42,0,158,0,3,37,0,40,77,42,79,0,198,92,0,92,290
02/07/2017,GRR,MI,AGL,CE,Towers with Radar,74,43,38,0,155,0,0,0,0,0,74,43,38,0,155,0,0,0,155
02/08/2017,GRR,MI,AGL,CE,Towers with Radar,70,40,59,0,169,0,4,17,0,21,70,44,76,0,190,50,0,50,240
02/09/2017,GRR,MI,AGL,CE,Towers with Radar,76,38,65,1,180,0,3,25,1,29,76,41,90,2,209,44,0,44,253
02/10/2017,GRR,MI,AGL,CE,Towers with Radar,79,35,55,0,169,0,3,15,0,18,79,38,70,0,187,36,0,36,223
02/11/2017,GRR,MI,AGL,CE,Towers with Radar,59,28,48,0,135,0,2,34,0,36,59,30,82,0,171,90,0,90,261
02/12/2017,GRR,MI,AGL,CE,Towers with Radar,74,40,17,0,131,0,0,0,0,0,74,40,17,0,131,0,0,0,131
02/13/2017,GRR,MI,AGL,CE,Towers with Radar,71,48,61,0,180,0,0,44,0,44,71,48,105,0,224,52,0,52,276
02/14/2017,GRR,MI,AGL,CE,Towers with Radar,70,50,65,4,189,0,1,23,2,26,70,51,88,6,215,78,0,78,293
02/15/2017,GRR,MI,AGL,CE,Towers with Radar,80,49,74,1,204,0,0,12,1,13,80,49,86,2,217,44,0,44,261
02/16/2017,GRR,MI,AGL,CE,Towers with Radar,78,55,76,1,210,0,0,37,3,40,78,55,113,4,250,112,0,112,362
02/17/2017,GRR,MI,AGL,CE,Towers with Radar,72,52,43,2,169,0,2,31,0,33,72,54,74,2,202,30,0,30,232
02/18/2017,GRR,MI,AGL,CE,Towers with Radar,56,32,33,0,121,0,6,54,0,60,56,38,87,0,181,86,0,86,267
02/19/2017,GRR,MI,AGL,CE,Towers with Radar,63,42,35,0,140,0,3,43,0,46,63,45,78,0,186,70,0,70,256
02/20/2017,GRR,MI,AGL,CE,Towers with Radar,68,44,65,0,177,0,0,18,0,18,68,44,83,0,195,10,0,10,205
02/21/2017,GRR,MI,AGL,CE,Towers with Radar,68,51,45,2,166,0,2,0,0,2,68,53,45,2,168,0,0,0,168
02/22/2017,GRR,MI,AGL,CE,Towers with Radar,71,48,52,0,171,0,1,11,0,12,71,49,63,0,183,12,0,12,195
02/23/2017,GRR,MI,AGL,CE,Towers with Radar,72,52,91,0,215,0,5,15,0,20,72,57,106,0,235,24,0,24,259
02/24/2017,GRR,MI,AGL,CE,Towers with Radar,73,42,42,0,157,0,0,0,0,0,73,42,42,0,157,0,0,0,157
02/25/2017,GRR,MI,AGL,CE,Towers with Radar,65,34,17,0,116,0,0,1,0,1,65,34,18,0,117,0,0,0,117
02/26/2017,GRR,MI,AGL,CE,Towers with Radar,74,42,20,0,136,0,0,15,0,15,74,42,35,0,151,12,0,12,163
02/27/2017,GRR,MI,AGL,CE,Towers with Radar,65,49,70,10,194,0,3,49,0,52,65,52,119,10,246,94,6,100,346
02/28/2017,GRR,MI,AGL,CE,Towers with Radar,67,46,63,0,176,0,0,0,0,0,67,46,63,0,176,8,0,8,184
03/01/2017,GRR,MI,AGL,CE,Towers with Radar,72,47,65,0,184,0,0,0,0,0,72,47,65,0,184,0,0,0,184
03/02/2017,GRR,MI,AGL,CE,Towers with Radar,70,50,71,0,191,0,4,18,0,22,70,54,89,0,213,36,0,36,249
03/03/2017,GRR,MI,AGL,CE,Towers with Radar,71,56,47,1,175,0,1,47,1,49,71,57,94,2,224,110,0,110,334
03/04/2017,GRR,MI,AGL,CE,Towers with Radar,64,33,29,2,128,0,2,39,0,41,64,35,68,2,169,0,0,0,169
03/05/2017,GRR,MI,AGL,CE,Towers with Radar,78,42,43,0,163,0,6,21,0,27,78,48,64,0,190,0,0,0,190
03/06/2017,GRR,MI,AGL,CE,Towers with Radar,68,48,47,0,163,0,2,2,0,4,68,50,49,0,167,8,0,8,175
03/07/2017,GRR,MI,AGL,CE,Towers with Radar,74,49,52,0,175,0,1,13,0,14,74,50,65,0,189,26,0,26,215
03/08/2017,GRR,MI,AGL,CE,Towers with Radar,79,44,39,0,162,0,0,0,0,0,79,44,39,0,162,0,0,0,162
03/09/2017,GRR,MI,AGL,CE,Towers with Radar,77,47,82,0,206,0,3,49,0,52,77,50,131,0,258,18,0,18,276
03/10/2017,GRR,MI,AGL,CE,Towers with Radar,77,43,43,2,165,0,2,29,0,31,77,45,72,2,196,69,0,69,265
03/11/2017,GRR,MI,AGL,CE,Towers with Radar,71,31,31,0,133,0,3,17,0,20,71,34,48,0,153,20,0,20,173
03/12/2017,GRR,MI,AGL,CE,Towers with Radar,78,33,31,0,142,0,0,24,0,24,78,33,55,0,166,14,0,14,180
03/13/2017,GRR,MI,AGL,CE,Towers with Radar,73,32,38,0,143,0,0,0,0,0,73,32,38,0,143,0,0,0,143
03/14/2017,GRR,MI,AGL,CE,Towers with Radar,75,28,54,6,163,0,2,23,0,25,75,30,77,6,188,48,0,48,236
03/15/2017,GRR,MI,AGL,CE,Towers with Radar,85,53,52,0,190,0,6,25,0,31,85,59,77,0,221,64,0,64,285
03/16/2017,GRR,MI,AGL,CE,Towers with Radar,86,48,71,0,205,0,4,51,0,55,86,52,122,0,260,86,0,86,346
03/17/2017,GRR,MI,AGL,CE,Towers with Radar,77,40,26,0,143,0,3,4,0,7,77,43,30,0,150,0,0,0,150
03/18/2017,GRR,MI,AGL,CE,Towers with Radar,67,29,20,0,116,0,0,0,0,0,67,29,20,0,116,0,0,0,116
03/19/2017,GRR,MI,AGL,CE,Towers with Radar,79,37,32,0,148,0,1,13,0,14,79,38,45,0,162,66,0,66,228
03/20/2017,GRR,MI,AGL,CE,Towers with Radar,78,37,49,0,164,0,1,20,0,21,78,38,69,0,185,22,0,22,207
03/21/2017,GRR,MI,AGL,CE,Towers with Radar,84,38,58,0,180,0,6,58,0,64,84,44,116,0,244,160,0,160,404
03/22/2017,GRR,MI,AGL,CE,Towers with Radar,84,42,81,0,207,0,4,51,0,55,84,46,132,0,262,40,0,40,302
03/23/2017,GRR,MI,AGL,CE,Towers with Radar,83,42,62,1,188,0,4,44,1,49,83,46,106,2,237,88,0,88,325
03/24/2017,GRR,MI,AGL,CE,Towers with Radar,84,38,51,0,173,0,1,24,2,27,84,39,75,2,200,54,0,54,254
03/25/2017,GRR,MI,AGL,CE,Towers with Radar,68,29,27,0,124,0,0,1,0,1,68,29,28,0,125,22,0,22,147
03/26/2017,GRR,MI,AGL,CE,Towers with Radar,78,32,26,0,136,0,0,0,0,0,78,32,26,0,136,0,0,0,136
03/27/2017,GRR,MI,AGL,CE,Towers with Radar,80,42,43,0,165,0,0,3,0,3,80,42,46,0,168,10,0,10,178
03/28/2017,GRR,MI,AGL,CE,Towers with Radar,86,35,66,0,187,0,4,25,0,29,86,39,91,0,216,29,0,29,245
03/29/2017,GRR,MI,AGL,CE,Towers with Radar,89,33,67,0,189,0,2,46,0,48,89,35,113,0,237,26,0,26,263
03/30/2017,GRR,MI,AGL,CE,Towers with Radar,84,39,41,0,164,0,0,0,0,0,84,39,41,0,164,0,0,0,164
03/31/2017,GRR,MI,AGL,CE,Towers with Radar,85,39,38,0,162,0,0,1,0,1,85,39,39,0,163,16,2,18,181
04/01/2017,GRR,MI,AGL,CE,Towers with Radar,69,34,29,0,132,0,4,39,0,43,69,38,68,0,175,68,0,68,243
04/02/2017,GRR,MI,AGL,CE,Towers with Radar,86,34,31,0,151,0,2,20,0,22,86,36,51,0,173,0,0,0,173
04/03/2017,GRR,MI,AGL,CE,Towers with Radar,76,38,31,0,145,0,1,5,0,6,76,39,36,0,151,0,0,0,151
04/04/2017,GRR,MI,AGL,CE,Towers with Radar,76,47,44,0,167,0,4,7,0,11,76,51,51,0,178,0,0,0,178
04/05/2017,GRR,MI,AGL,CE,Towers with Radar,68,51,44,0,163,0,1,3,0,4,68,52,47,0,167,20,0,20,187
04/06/2017,GRR,MI,AGL,CE,Towers with Radar,48,38,25,0,111,0,0,0,0,0,48,38,25,0,111,0,0,0,111
04/07/2017,GRR,MI,AGL,CE,Towers with Radar,69,46,33,2,150,0,2,21,2,25,69,48,54,4,175,48,6,54,229
04/08/2017,GRR,MI,AGL,CE,Towers with Radar,58,32,41,0,131,0,4,27,0,31,58,36,68,0,162,99,0,99,261
04/09/2017,GRR,MI,AGL,CE,Towers with Radar,57,45,24,0,126,0,1,5,0,6,57,46,29,0,132,28,0,28,160
04/10/2017,GRR,MI,AGL,CE,Towers with Radar,61,38,31,0,130,0,0,6,0,6,61,38,37,0,136,22,0,22,158
04/11/2017,GRR,MI,AGL,CE,Towers with Radar,71,45,46,2,164,0,2,1,0,3,71,47,47,2,167,0,0,0,167
04/12/2017,GRR,MI,AGL,CE,Towers with Radar,71,49,57,4,181,0,2,46,0,48,71,51,103,4,229,90,0,90,319
04/13/2017,GRR,MI,AGL,CE,Towers with Radar,68,47,53,4,172,0,4,20,1,25,68,51,73,5,197,54,2,56,253
04/14/2017,GRR,MI,AGL,CE,Towers with Radar,73,48,25,0,146,0,3,40,0,43,73,51,65,0,189,24,0,24,213
04/15/2017,GRR,MI,AGL,CE,Towers with Radar,49,24,17,0,90,0,1,9,0,10,49,25,26,0,100,0,0,0,100
04/16/2017,GRR,MI,AGL,CE,Towers with Radar,61,33,14,0,108,0,1,4,0,5,61,34,18,0,113,0,0,0,113
04/17/2017,GRR,MI,AGL,CE,Towers with Radar,63,44,51,0,158,0,1,54,0,55,63,45,105,0,213,52,0,52,265
04/18/2017,GRR,MI,AGL,CE,Towers with Radar,64,44,55,0,163,1,7,40,0,48,65,51,95,0,211,54,0,54,265
04/19/2017,GRR,MI,AGL,CE,Towers with Radar,67,48,52,0,167,0,0,11,0,11,67,48,63,0,178,14,0,14,192
04/20/2017,GRR,MI,AGL,CE,Towers with Radar,71,45,55,0,171,0,2,1,0,3,71,47,56,0,174,8,0,8,182
04/21/2017,GRR,MI,AGL,CE,Towers with Radar,71,46,56,0,173,0,4,17,0,21,71,50,73,0,194,50,0,50,244
04/22/2017,GRR,MI,AGL,CE,Towers with Radar,52,33,16,0,101,0,1,30,0,31,52,34,46,0,132,24,0,24,156
04/23/2017,GRR,MI,AGL,CE,Towers with Radar,64,36,40,0,140,0,0,35,0,35,64,36,75,0,175,82,0,82,257
04/24/2017,GRR,MI,AGL,CE,Towers with Radar,77,44,45,0,166,0,1,56,0,57,77,45,101,0,223,92,0,92,315
04/25/2017,GRR,MI,AGL,CE,Towers with Radar,72,47,80,13,212,0,3,41,3,47,72,50,121,16,259,70,0,70,329
04/26/2017,GRR,MI,AGL,CE,Towers with Radar,70,47,64,0,181,0,5,25,0,30,70,52,89,0,211,30,0,30,241
04/27/2017,GRR,MI,AGL,CE,Towers with Radar,72,53,58,14,197,0,2,3,0,5,72,55,61,14,202,0,0,0,202
04/28/2017,GRR,MI,AGL,CE,Towers with Radar,68,53,71,6,198,0,2,26,0,28,68,55,97,6,226,28,6,34,260
04/29/2017,GRR,MI,AGL,CE,Towers with Radar,49,35,25,0,109,0,0,15,0,15,49,35,40,0,124,26,0,26,150
04/30/2017,GRR,MI,AGL,CE,Towers with Radar,62,33,23,0,118,0,0,0,0,0,62,33,23,0,118,0,0,0,118
05/01/2017,GRR,MI,AGL,CE,Towers with Radar,72,42,51,0,165,0,0,2,0,2,72,42,53,0,167,2,0,2,169
05/02/2017,GRR,MI,AGL,CE,Towers with Radar,71,49,51,14,185,0,0,2,2,4,71,49,53,16,189,0,10,10,199
05/03/2017,GRR,MI,AGL,CE,Towers with Radar,74,52,92,0,218,0,3,68,4,75,74,55,160,4,293,92,0,92,385
05/04/2017,GRR,MI,AGL,CE,Towers with Radar,76,53,68,8,205,0,1,15,0,16,76,54,83,8,221,82,10,92,313
05/05/2017,GRR,MI,AGL,CE,Towers with Radar,73,51,58,0,182,0,6,29,0,35,73,57,87,0,217,22,0,22,239
05/06/2017,GRR,MI,AGL,CE,Towers with Radar,58,32,26,0,116,0,3,42,0,45,58,35,68,0,161,92,0,92,253
05/07/2017,GRR,MI,AGL,CE,Towers with Radar,67,44,34,0,145,0,0,18,0,18,67,44,52,0,163,42,0,42,205
05/08/2017,GRR,MI,AGL,CE,Towers with Radar,71,48,66,0,185,0,2,57,0,59,71,50,123,0,244,92,0,92,336
05/09/2017,GRR,MI,AGL,CE,Towers with Radar,71,51,75,26,223,0,2,63,0,65,71,53,138,26,288,56,8,64,352
05/10/2017,GRR,MI,AGL,CE,Towers with Radar,78,61,68,0,207,0,3,41,1,45,78,64,109,1,252,49,0,49,301
05/11/2017,GRR,MI,AGL,CE,Towers with Radar,74,50,59,0,183,0,0,32,0,32,74,50,91,0,215,44,0,44,259
05/12/2017,GRR,MI,AGL,CE,Towers with Radar,72,54,63,0,189,0,5,47,0,52,72,59,110,0,241,54,0,54,295
05/13/2017,GRR,MI,AGL,CE,Towers with Radar,55,39,27,0,121,0,1,42,0,43,55,40,69,0,164,36,0,36,200
05/14/2017,GRR,MI,AGL,CE,Towers with Radar,60,36,27,0,123,0,5,17,0,22,60,41,44,0,145,64,0,64,209
05/15/2017,GRR,MI,AGL,CE,Towers with Radar,74,57,57,0,188,0,1,57,1,59,74,58,114,1,247,56,0,56,303
05/16/2017,GRR,MI,AGL,CE,Towers with Radar,71,47,74,6,198,0,8,39,3,50,71,55,113,9,248,80,0,80,328
05/17/2017,GRR,MI,AGL,CE,Towers with Radar,71,48,59,0,178,0,3,16,0,19,71,51,75,0,197,40,0,40,237
05/18/2017,GRR,MI,AGL,CE,Towers with Radar,71,52,54,0,177,0,2,1,0,3,71,54,55,0,180,0,0,0,180
05/19/2017,GRR,MI,AGL,CE,Towers with Radar,70,53,83,6,212,0,3,21,0,24,70,56,104,6,236,38,10,48,284
05/20/2017,GRR,MI,AGL,CE,Towers with Radar,58,41,26,0,125,0,3,11,0,14,58,44,37,0,139,0,0,0,139
05/21/2017,GRR,MI,AGL,CE,Towers with Radar,69,35,21,0,125,0,1,6,0,7,69,36,27,0,132,34,0,34,166
05/22/2017,GRR,MI,AGL,CE,Towers with Radar,69,49,51,0,169,0,5,31,0,36,69,54,82,0,205,26,0,26,231
05/23/2017,GRR,MI,AGL,CE,Towers with Radar,77,48,62,0,187,0,1,17,0,18,77,49,79,0,205,52,0,52,257
05/24/2017,GRR,MI,AGL,CE,Towers with Radar,71,55,46,0,172,0,0,16,0,16,71,55,62,0,188,40,8,48,236
05/25/2017,GRR,MI,AGL,CE,Towers with Radar,73,55,93,12,233,0,0,5,0,5,73,55,98,12,238,34,2,36,274
05/26/2017,GRR,MI,AGL,CE,Towers with Radar,76,50,51,0,177,0,1,25,0,26,76,51,76,0,203,44,0,44,247
05/27/2017,GRR,MI,AGL,CE,Towers with Radar,50,28,31,0,109,0,5,43,0,48,50,33,74,0,157,30,0,30,187
05/28/2017,GRR,MI,AGL,CE,Towers with Radar,53,27,8,0,88,0,6,14,0,20,53,33,22,0,108,36,0,36,144
05/29/2017,GRR,MI,AGL,CE,Towers with Radar,59,45,28,0,132,0,2,15,0,17,59,47,43,0,149,48,0,48,197
05/30/2017,GRR,MI,AGL,CE,Towers with Radar,70,50,47,0,167,0,2,43,0,45,70,52,90,0,212,62,0,62,274
05/31/2017,GRR,MI,AGL,CE,Towers with Radar,75,60,70,1,206,0,4,59,1,64,75,64,129,2,270,58,0,58,328
06/01/2017,GRR,MI,AGL,CE,Towers with Radar,77,56,80,9,222,0,4,48,1,53,77,60,128,10,275,106,6,112,387
06/02/2017,GRR,MI,AGL,CE,Towers with Radar,71,58,71,0,200,0,0,38,0,38,71,58,109,0,238,39,0,39,277
06/03/2017,GRR,MI,AGL,CE,Towers with Radar,57,32,24,0,113,0,4,27,0,31,57,36,51,0,144,14,0,14,158
06/04/2017,GRR,MI,AGL,CE,Towers with Radar,70,37,30,0,137,0,2,29,0,31,70,39,59,0,168,40,0,40,208
06/05/2017,GRR,MI,AGL,CE,Towers with Radar,68,49,64,0,181,0,5,27,0,32,68,54,91,0,213,108,0,108,321
06/06/2017,GRR,MI,AGL,CE,Towers with Radar,66,59,62,0,187,0,4,51,0,55,66,63,113,0,242,102,0,102,344
06/07/2017,GRR,MI,AGL,CE,Towers with Radar,69,57,59,0,185,1,6,47,0,54,70,63,106,0,239,60,0,60,299
06/08/2017,GRR,MI,AGL,CE,Towers with Radar,75,57,74,0,206,0,7,56,0,63,75,64,130,0,269,58,0,58,327
06/09/2017,GRR,MI,AGL,CE,Towers with Radar,76,51,50,4,181,0,1,28,0,29,76,52,78,4,210,30,0,30,240
06/10/2017,GRR,MI,AGL,CE,Towers with Radar,55,39,33,0,127,0,6,30,0,36,55,45,63,0,163,6,0,6,169
06/11/2017,GRR,MI,AGL,CE,Towers with Radar,77,29,20,0,126,0,3,20,0,23,77,32,40,0,149,42,0,42,191
06/12/2017,GRR,MI,AGL,CE,Towers with Radar,77,43,50,0,170,0,6,30,0,36,77,49,80,0,206,60,0,60,266
06/13/2017,GRR,MI,AGL,CE,Towers with Radar,69,46,49,0,164,0,1,26,0,27,69,47,75,0,191,22,0,22,213
06/14/2017,GRR,MI,AGL,CE,Towers with Radar,72,46,76,0,194,0,2,17,0,19,72,48,93,0,213,0,0,0,213
06/15/2017,GRR,MI,AGL,CE,Towers with Radar,75,52,70,0,197,0,4,22,0,26,75,56,92,0,223,14,0,14,237
06/16/2017,GRR,MI,AGL,CE,Towers with Radar,75,54,69,0,198,0,2,29,0,31,75,56,98,0,229,6,0,6,235
06/17/2017,GRR,MI,AGL,CE,Towers with Radar,54,38,24,0,116,0,2,0,0,2,54,40,24,0,118,64,0,64,182
06/18/2017,GRR,MI,AGL,CE,Towers with Radar,77,38,29,0,144,0,3,1,0,4,77,41,30,0,148,0,0,0,148
06/19/2017,GRR,MI,AGL,CE,Towers with Radar,68,51,46,0,165,0,0,17,0,17,68,51,63,0,182,24,0,24,206
06/20/2017,GRR,MI,AGL,CE,Towers with Radar,70,57,53,0,180,0,3,18,0,21,70,60,71,0,201,8,0,8,209
06/21/2017,GRR,MI,AGL,CE,Towers with Radar,70,57,61,2,190,0,2,31,0,33,70,59,92,2,223,64,0,64,287
06/22/2017,GRR,MI,AGL,CE,Towers with Radar,76,49,60,0,185,0,2,10,2,14,76,51,70,2,199,14,4,18,217
06/23/2017,GRR,MI,AGL,CE,Towers with Radar,70,52,50,0,172,0,1,10,0,11,70,53,60,0,183,2,0,2,185
06/24/2017,GRR,MI,AGL,CE,Towers with Radar,55,35,27,0,117,0,1,18,1,20,55,36,45,1,137,40,0,40,177
06/25/2017,GRR,MI,AGL,CE,Towers with Radar,0,0,0,0,0,0,0,0,0,0,0,0,0,0,0,45,0,45,45
06/26/2017,GRR,MI,AGL,CE,Towers with Radar,52,32,45,0,129,0,0,17,0,17,52,32,62,0,146,46,0,46,192
06/27/2017,GRR,MI,AGL,CE,Towers with Radar,73,57,68,0,198,0,4,34,0,38,73,61,102,0,236,124,0,124,360
06/28/2017,GRR,MI,AGL,CE,Towers with Radar,73,53,78,0,204,0,4,19,4,27,73,57,97,4,231,38,0,38,269
06/29/2017,GRR,MI,AGL,CE,Towers with Radar,76,50,75,0,201,0,0,43,0,43,76,50,118,0,244,84,0,84,328
06/30/2017,GRR,MI,AGL,CE,Towers with Radar,74,50,67,0,191,0,4,6,0,10,74,54,73,0,201,84,0,84,285
07/01/2017,GRR,MI,AGL,CE,Towers with Radar,55,39,25,0,119,0,4,10,0,14,55,43,35,0,133,0,0,0,133
07/02/2017,GRR,MI,AGL,CE,Towers with Radar,56,28,7,0,91,0,4,4,0,8,56,32,11,0,99,34,4,38,137
07/03/2017,GRR,MI,AGL,CE,Towers with Radar,59,35,22,1,117,0,5,33,0,38,59,40,55,1,155,88,0,88,243
07/04/2017,GRR,MI,AGL,CE,Towers with Radar,54,34,9,3,100,0,3,21,0,24,54,37,30,3,124,36,0,36,160
07/05/2017,GRR,MI,AGL,CE,Towers with Radar,75,45,32,1,153,0,1,35,2,38,75,46,67,3,191,42,6,48,239
07/06/2017,GRR,MI,AGL,CE,Towers with Radar,74,53,48,2,177,0,5,32,0,37,74,58,80,2,214,34,0,34,248
07/07/2017,GRR,MI,AGL,CE,Towers with Radar,72,46,38,0,156,0,4,32,0,36,72,50,70,0,192,40,0,40,232
07/08/2017,GRR,MI,AGL,CE,Towers with Radar,54,34,22,0,110,0,1,25,0,26,54,35,47,0,136,12,2,14,150
07/09/2017,GRR,MI,AGL,CE,Towers with Radar,75,37,17,0,129,0,0,18,0,18,75,37,35,0,147,52,0,52,199
07/10/2017,GRR,MI,AGL,CE,Towers with Radar,70,46,69,0,185,0,5,22,0,27,70,51,91,0,212,16,0,16,228
07/11/2017,GRR,MI,AGL,CE,Towers with Radar,77,52,81,0,210,0,2,26,0,28,77,54,107,0,238,82,0,82,320
07/12/2017,GRR,MI,AGL,CE,Towers with Radar,67,44,55,0,166,0,2,12,0,14,67,46,67,0,180,46,0,46,226
07/13/2017,GRR,MI,AGL,CE,Towers with Radar,76,47,69,2,194,0,1,16,0,17,76,48,85,2,211,0,0,0,211
07/14/2017,GRR,MI,AGL,CE,Towers with Radar,73,49,53,2,177,0,4,21,1,26,73,53,74,3,203,32,0,32,235
07/15/2017,GRR,MI,AGL,CE,Towers with Radar,55,35,10,0,100,0,4,31,0,35,55,39,41,0,135,24,0,24,159
07/16/2017,GRR,MI,AGL,CE,Towers with Radar,67,32,30,0,129,0,3,7,3,13,67,35,37,3,142,0,0,0,142
07/17/2017,GRR,MI,AGL,CE,Towers with Radar,73,49,47,0,169,0,2,40,0,42,73,51,87,0,211,86,0,86,297
07/18/2017,GRR,MI,AGL,CE,Towers with Radar,75,47,84,0,206,0,10,61,0,71,75,57,145,0,277,90,0,90,367
07/19/2017,GRR,MI,AGL,CE,Towers with Radar,73,46,70,11,200,0,3,33,0,36,73,49,103,11,236,12,10,22,258
07/20/2017,GRR,MI,AGL,CE,Towers with Radar,78,47,66,0,191,0,0,51,0,51,78,47,117,0,242,90,0,90,332
07/21/2017,GRR,MI,AGL,CE,Towers with Radar,76,47,83,0,206,0,6,38,0,44,76,53,121,0,250,92,11,103,353
07/22/2017,GRR,MI,AGL,CE,Towers with Radar,58,33,27,0,118,0,3,11,0,14,58,36,38,0,132,8,0,8,140
07/23/2017,GRR,MI,AGL,CE,Towers with Radar,80,31,34,0,145,0,2,6,0,8,80,33,40,0,153,18,0,18,171
07/24/2017,GRR,MI,AGL,CE,Towers with Radar,74,42,67,4,187,0,6,23,0,29,74,48,90,4,216,34,0,34,250
07/25/2017,GRR,MI,AGL,CE,Towers with Radar,80,47,65,3,195,0,5,58,0,63,80,52,123,3,258,42,0,42,300
07/26/2017,GRR,MI,AGL,CE,Towers with Radar,73,58,69,1,201,0,1,40,0,41,73,59,109,1,242,16,0,16,258
07/27/2017,GRR,MI,AGL,CE,Towers with Radar,82,45,68,20,215,0,1,28,0,29,82,46,96,20,244,66,22,88,332
07/28/2017,GRR,MI,AGL,CE,Towers with Radar,77,42,54,0,173,0,3,38,0,41,77,45,92,0,214,64,0,64,278
07/29/2017,GRR,MI,AGL,CE,Towers with Radar,60,36,19,0,115,0,2,21,0,23,60,38,40,0,138,0,0,0,138
07/30/2017,GRR,MI,AGL,CE,Towers with Radar,75,32,25,0,132,0,3,35,0,38,75,35,60,0,170,40,0,40,210
07/31/2017,GRR,MI,AGL,CE,Towers with Radar,76,41,40,0,157,0,6,38,2,46,76,47,78,2,203,46,0,46,249
08/01/2017,GRR,MI,AGL,CE,Towers with Radar,75,52,51,0,178,1,2,48,0,51,76,54,99,0,229,52,0,52,281
08/02/2017,GRR,MI,AGL,CE,Towers with Radar,79,45,47,0,171,0,7,27,0,34,79,52,74,0,205,0,0,0,205
08/03/2017,GRR,MI,AGL,CE,Towers with Radar,78,52,59,0,189,0,1,16,3,20,78,53,75,3,209,6,0,6,215
08/04/2017,GRR,MI,AGL,CE,Towers with Radar,62,51,44,0,157,0,1,5,0,6,62,52,49,0,163,42,0,42,205
08/05/2017,GRR,MI,AGL,CE,Towers with Radar,55,45,20,0,120,0,4,63,0,67,55,49,83,0,187,6,0,6,193
08/06/2017,GRR,MI,AGL,CE,Towers with Radar,73,39,15,0,127,0,2,5,0,7,73,41,20,0,134,32,0,32,166
08/07/2017,GRR,MI,AGL,CE,Towers with Radar,72,47,58,0,177,0,1,21,0,22,72,48,79,0,199,32,0,32,231
08/08/2017,GRR,MI,AGL,CE,Towers with Radar,75,49,60,0,184,0,0,50,0,50,75,49,110,0,234,20,0,20,254
08/09/2017,GRR,MI,AGL,CE,Towers with Radar,70,49,47,2,168,0,4,44,0,48,70,53,91,2,216,62,0,62,278
08/10/2017,GRR,MI,AGL,CE,Towers with Radar,74,58,61,2,195,0,2,28,0,30,74,60,89,2,225,20,0,20,245
08/11/2017,GRR,MI,AGL,CE,Towers with Radar,75,51,44,0,170,0,3,5,0,8,75,54,49,0,178,0,0,0,178
08/12/2017,GRR,MI,AGL,CE,Towers with Radar,52,40,30,0,122,0,1,34,0,35,52,41,64,0,157,0,0,0,157
08/13/2017,GRR,MI,AGL,CE,Towers with Radar,75,35,40,0,150,0,4,34,0,38,75,39,74,0,188,42,0,42,230
08/14/2017,GRR,MI,AGL,CE,Towers with Radar,71,57,50,0,178,0,4,37,0,41,71,61,87,0,219,44,0,44,263
08/15/2017,GRR,MI,AGL,CE,Towers with Radar,75,56,82,12,225,0,5,35,0,40,75,61,117,12,265,50,0,50,315
08/16/2017,GRR,MI,AGL,CE,Towers with Radar,70,55,68,0,193,0,2,32,0,34,70,57,100,0,227,0,0,0,227
08/17/2017,GRR,MI,AGL,CE,Towers with Radar,72,58,51,0,181,0,1,7,0,8,72,59,58,0,189,22,0,22,211
08/18/2017,GRR,MI,AGL,CE,Towers with Radar,72,59,74,0,205,0,5,15,0,20,72,64,89,0,225,0,0,0,225
08/19/2017,GRR,MI,AGL,CE,Towers with Radar,52,44,23,0,119,0,0,19,0,19,52,44,42,0,138,52,0,52,190
08/20/2017,GRR,MI,AGL,CE,Towers with Radar,65,39,29,0,133,0,1,16,0,17,65,40,45,0,150,38,0,38,188
08/21/2017,GRR,MI,AGL,CE,Towers with Radar,76,50,62,0,188,0,2,26,0,28,76,52,88,0,216,34,0,34,250
08/22/2017,GRR,MI,AGL,CE,Towers with Radar,71,54,49,0,174,0,4,18,0,22,71,58,67,0,196,32,1,33,229
08/23/2017,GRR,MI,AGL,CE,Towers with Radar,73,53,57,1,184,0,1,30,1,32,73,54,87,2,216,60,0,60,276
08/24/2017,GRR,MI,AGL,CE,Towers with Radar,77,46,57,0,180,0,3,41,0,44,77,49,98,0,224,88,0,88,312
08/25/2017,GRR,MI,AGL,CE,Towers with Radar,74,49,52,0,175,0,2,38,0,40,74,51,90,0,215,68,0,68,283
08/26/2017,GRR,MI,AGL,CE,Towers with Radar,48,36,33,0,117,0,2,35,1,38,48,38,68,1,155,48,0,48,203
08/27/2017,GRR,MI,AGL,CE,Towers with Radar,67,37,32,0,136,0,3,20,0,23,67,40,52,0,159,16,0,16,175
08/28/2017,GRR,MI,AGL,CE,Towers with Radar,87,49,47,0,183,0,1,16,0,17,87,50,63,0,200,60,0,60,260
08/29/2017,GRR,MI,AGL,CE,Towers with Radar,69,48,55,1,173,0,1,21,0,22,69,49,76,1,195,16,0,16,211
08/30/2017,GRR,MI,AGL,CE,Towers with Radar,67,46,56,0,169,0,4,23,0,27,67,50,79,0,196,46,0,46,242
08/31/2017,GRR,MI,AGL,CE,Towers with Radar,71,44,71,8,194,0,3,21,0,24,71,47,92,8,218,52,14,66,284
09/01/2017,GRR,MI,AGL,CE,Towers with Radar,74,53,42,0,169,0,4,17,0,21,74,57,59,0,190,19,0,19,209
09/02/2017,GRR,MI,AGL,CE,Towers with Radar,45,37,18,0,100,0,1,19,0,20,45,38,37,0,120,14,0,14,134
09/03/2017,GRR,MI,AGL,CE,Towers with Radar,42,26,9,0,77,0,3,15,0,18,42,29,24,0,95,0,0,0,95
09/04/2017,GRR,MI,AGL,CE,Towers with Radar,67,44,22,0,133,0,2,4,0,6,67,46,26,0,139,0,0,0,139
09/05/2017,GRR,MI,AGL,CE,Towers with Radar,63,53,50,0,166,0,1,27,0,28,63,54,77,0,194,39,0,39,233
09/06/2017,GRR,MI,AGL,CE,Towers with Radar,69,48,82,2,201,0,7,31,4,42,69,55,113,6,243,20,10,30,273
09/07/2017,GRR,MI,AGL,CE,Towers with Radar,75,52,37,0,164,0,0,8,0,8,75,52,45,0,172,4,0,4,176
09/08/2017,GRR,MI,AGL,CE,Towers with Radar,68,52,69,0,189,0,3,24,0,27,68,55,93,0,216,42,0,42,258
09/09/2017,GRR,MI,AGL,CE,Towers with Radar,47,36,41,2,126,0,6,21,0,27,47,42,62,2,153,30,0,30,183
09/10/2017,GRR,MI,AGL,CE,Towers with Radar,67,41,38,0,146,0,3,16,0,19,67,44,54,0,165,30,0,30,195
09/11/2017,GRR,MI,AGL,CE,Towers with Radar,62,50,60,0,172,0,2,59,0,61,62,52,119,0,233,42,0,42,275
09/12/2017,GRR,MI,AGL,CE,Towers with Radar,70,50,67,2,189,0,5,52,0,57,70,55,119,2,246,30,0,30,276
09/13/2017,GRR,MI,AGL,CE,Towers with Radar,68,55,61,0,184,0,2,33,0,35,68,57,94,0,219,26,16,42,261
09/14/2017,GRR,MI,AGL,CE,Towers with Radar,78,51,57,9,195,0,2,48,3,53,78,53,105,12,248,74,18,92,340
09/15/2017,GRR,MI,AGL,CE,Towers with Radar,76,48,62,1,187,0,3,60,3,66,76,51,122,4,253,22,0,22,275
09/16/2017,GRR,MI,AGL,CE,Towers with Radar,48,39,26,0,113,0,5,27,0,32,48,44,53,0,145,102,0,102,247
09/17/2017,GRR,MI,AGL,CE,Towers with Radar,65,48,40,0,153,0,4,14,0,18,65,52,54,0,171,16,0,16,187
09/18/2017,GRR,MI,AGL,CE,Towers with Radar,71,55,46,0,172,0,5,16,0,21,71,60,62,0,193,32,0,32,225
09/19/2017,GRR,MI,AGL,CE,Towers with Radar,67,61,76,0,204,0,0,13,0,13,67,61,89,0,217,38,0,38,255
09/20/2017,GRR,MI,AGL,CE,Towers with Radar,68,59,74,0,201,0,3,41,0,44,68,62,115,0,245,64,0,64,309
09/21/2017,GRR,MI,AGL,CE,Towers with Radar,72,54,51,0,177,0,6,27,0,33,72,60,78,0,210,14,0,14,224
09/22/2017,GRR,MI,AGL,CE,Towers with Radar,71,50,60,1,182,0,4,30,1,35,71,54,90,2,217,14,0,14,231
09/23/2017,GRR,MI,AGL,CE,Towers with Radar,49,37,28,0,114,0,6,32,0,38,49,43,60,0,152,48,0,48,200
09/24/2017,GRR,MI,AGL,CE,Towers with Radar,61,49,36,0,146,0,2,31,0,33,61,51,67,0,179,42,0,42,221
09/25/2017,GRR,MI,AGL,CE,Towers with Radar,70,52,38,0,160,0,5,55,0,60,70,57,93,0,220,44,0,44,264
09/26/2017,GRR,MI,AGL,CE,Towers with Radar,68,52,49,0,169,0,3,43,0,46,68,55,92,0,215,44,0,44,259
09/27/2017,GRR,MI,AGL,CE,Towers with Radar,69,58,53,4,184,0,0,48,0,48,69,58,101,4,232,32,10,42,274
09/28/2017,GRR,MI,AGL,CE,Towers with Radar,74,56,49,0,179,0,7,48,0,55,74,63,97,0,234,32,0,32,266
09/29/2017,GRR,MI,AGL,CE,Towers with Radar,71,53,47,0,171,0,3,36,2,41,71,56,83,2,212,54,0,54,266
09/30/2017,GRR,MI,AGL,CE,Towers with Radar,48,32,18,0,98,0,0,36,0,36,48,32,54,0,134,0,0,0,134
10/01/2017,GRR,MI,AGL,CE,Towers with Radar,68,40,34,0,142,0,4,25,0,29,68,44,59,0,171,44,0,44,215
10/02/2017,GRR,MI,AGL,CE,Towers with Radar,73,50,40,0,163,0,3,45,0,48,73,53,85,0,211,78,0,78,289
10/03/2017,GRR,MI,AGL,CE,Towers with Radar,71,51,47,2,171,0,1,44,0,45,71,52,91,2,216,64,0,64,280
10/04/2017,GRR,MI,AGL,CE,Towers with Radar,70,50,53,2,175,0,2,34,2,38,70,52,87,4,213,38,16,54,267
10/05/2017,GRR,MI,AGL,CE,Towers with Radar,83,51,71,6,211,0,8,67,2,77,83,59,138,8,288,38,0,38,326
10/06/2017,GRR,MI,AGL,CE,Towers with Radar,77,47,50,0,174,0,3,25,0,28,77,50,75,0,202,12,0,12,214
10/07/2017,GRR,MI,AGL,CE,Towers with Radar,52,30,19,0,101,0,0,22,0,22,52,30,41,0,123,18,0,18,141
10/08/2017,GRR,MI,AGL,CE,Towers with Radar,72,36,46,0,154,0,3,57,2,62,72,39,103,2,216,110,0,110,326
10/09/2017,GRR,MI,AGL,CE,Towers with Radar,76,41,63,0,180,0,2,51,0,53,76,43,114,0,233,84,0,84,317
10/10/2017,GRR,MI,AGL,CE,Towers with Radar,78,46,76,0,200,0,0,28,0,28,78,46,104,0,228,132,0,132,360
10/11/2017,GRR,MI,AGL,CE,Towers with Radar,74,46,52,0,172,0,0,0,0,0,74,46,52,0,172,0,0,0,172
10/12/2017,GRR,MI,AGL,CE,Towers with Radar,84,41,56,2,183,0,1,5,0,6,84,42,61,2,189,6,0,6,195
10/13/2017,GRR,MI,AGL,CE,Towers with Radar,75,47,60,0,182,0,2,27,0,29,75,49,87,0,211,90,20,110,321
10/14/2017,GRR,MI,AGL,CE,Towers with Radar,57,24,10,0,91,0,0,0,0,0,57,24,10,0,91,0,0,0,91
10/15/2017,GRR,MI,AGL,CE,Towers with Radar,69,35,33,0,137,0,0,0,0,0,69,35,33,0,137,0,0,0,137
10/16/2017,GRR,MI,AGL,CE,Towers with Radar,76,37,66,0,179,0,4,34,0,38,76,41,100,0,217,168,0,168,385
10/17/2017,GRR,MI,AGL,CE,Towers with Radar,75,53,56,0,184,0,1,32,0,33,75,54,88,0,217,32,0,32,249
10/18/2017,GRR,MI,AGL,CE,Towers with Radar,74,47,77,1,199,1,3,51,1,56,75,50,128,2,255,56,14,70,325
10/19/2017,GRR,MI,AGL,CE,Towers with Radar,81,46,76,0,203,0,3,43,0,46,81,49,119,0,249,72,0,72,321
10/20/2017,GRR,MI,AGL,CE,Towers with Radar,79,40,71,0,190,0,4,49,0,53,79,44,120,0,243,106,0,106,349
10/21/2017,GRR,MI,AGL,CE,Towers with Radar,53,30,23,0,106,0,4,49,0,53,53,34,72,0,159,46,0,46,205
10/22/2017,GRR,MI,AGL,CE,Towers with Radar,74,34,25,0,133,0,2,6,0,8,74,36,31,0,141,0,0,0,141
10/23/2017,GRR,MI,AGL,CE,Towers with Radar,74,48,50,0,172,0,0,0,0,0,74,48,50,0,172,0,0,0,172
10/24/2017,GRR,MI,AGL,CE,Towers with Radar,76,49,77,0,202,0,0,0,0,0,76,49,77,0,202,0,0,0,202
10/25/2017,GRR,MI,AGL,CE,Towers with Radar,73,55,64,0,192,0,4,29,0,33,73,59,93,0,225,84,0,84,309
10/26/2017,GRR,MI,AGL,CE,Towers with Radar,83,46,55,2,186,0,1,56,2,59,83,47,111,4,245,50,0,50,295
10/27/2017,GRR,MI,AGL,CE,Towers with Radar,81,50,48,0,179,0,2,5,0,7,81,52,53,0,186,64,0,64,250
10/28/2017,GRR,MI,AGL,CE,Towers with Radar,53,30,17,0,100,0,2,2,0,4,53,32,19,0,104,0,0,0,104
10/29/2017,GRR,MI,AGL,CE,Towers with Radar,75,27,14,0,116,0,4,9,0,13,75,31,23,0,129,42,0,42,171
10/30/2017,GRR,MI,AGL,CE,Towers with Radar,78,37,47,0,162,0,0,11,0,11,78,37,58,0,173,8,0,8,181
10/31/2017,GRR,MI,AGL,CE,Towers with Radar,81,51,50,0,182,0,2,9,0,11,81,53,59,0,193,36,0,36,229
11/01/2017,GRR,MI,AGL,CE,Towers with Radar,64,49,65,0,178,0,2,37,0,39,64,51,102,0,217,96,18,114,331
11/02/2017,GRR,MI,AGL,CE,Towers with Radar,84,40,65,0,189,0,0,0,0,0,84,40,65,0,189,0,0,0,189
11/03/2017,GRR,MI,AGL,CE,Towers with Radar,82,40,52,0,174,0,3,37,0,40,82,43,89,0,214,62,0,62,276
11/04/2017,GRR,MI,AGL,CE,Towers with Radar,55,35,16,0,106,0,1,1,0,2,55,36,17,0,108,68,0,68,176
11/05/2017,GRR,MI,AGL,CE,Towers with Radar,73,28,31,0,132,0,0,2,0,2,73,28,33,0,134,0,0,0,134
11/06/2017,GRR,MI,AGL,CE,Towers with Radar,79,34,61,0,174,0,5,35,0,40,79,39,96,0,214,70,0,70,284
11/07/2017,GRR,MI,AGL,CE,Towers with Radar,79,39,70,17,205,0,0,42,0,42,79,39,112,17,247,42,18,60,307
11/08/2017,GRR,MI,AGL,CE,Towers with Radar,81,51,53,12,197,0,5,38,1,44,81,56,91,13,241,98,60,158,399
11/09/2017,GRR,MI,AGL,CE,Towers with Radar,89,47,37,0,173,0,1,5,0,6,89,48,42,0,179,10,0,10,189
11/10/2017,GRR,MI,AGL,CE,Towers with Radar,84,44,63,0,191,0,2,39,0,41,84,46,102,0,232,54,0,54,286
11/11/2017,GRR,MI,AGL,CE,Towers with Radar,60,28,16,0,104,0,1,30,0,31,60,29,46,0,135,18,0,18,153
11/12/2017,GRR,MI,AGL,CE,Towers with Radar,76,31,20,0,127,0,0,0,0,0,76,31,20,0,127,0,0,0,127
11/13/2017,GRR,MI,AGL,CE,Towers with Radar,81,36,62,0,179,0,5,15,0,20,81,41,77,0,199,80,0,80,279
11/14/2017,GRR,MI,AGL,CE,Towers with Radar,81,40,62,0,183,0,3,43,0,46,81,43,105,0,229,114,0,114,343
11/15/2017,GRR,MI,AGL,CE,Towers with Radar,85,41,53,0,179,0,0,1,0,1,85,41,54,0,180,12,0,12,192
11/16/2017,GRR,MI,AGL,CE,Towers with Radar,87,43,65,0,195,0,2,22,4,28,87,45,87,4,223,72,0,72,295
11/17/2017,GRR,MI,AGL,CE,Towers with Radar,86,37,60,0,183,0,1,13,0,14,86,38,73,0,197,134,0,134,331
11/18/2017,GRR,MI,AGL,CE,Towers with Radar,65,29,19,0,113,0,0,1,0,1,65,29,20,0,114,0,0,0,114
11/19/2017,GRR,MI,AGL,CE,Towers with Radar,70,31,16,0,117,0,3,4,0,7,70,34,20,0,124,58,0,58,182
11/20/2017,GRR,MI,AGL,CE,Towers with Radar,73,39,40,0,152,0,6,46,0,52,73,45,86,0,204,26,0,26,230
11/21/2017,GRR,MI,AGL,CE,Towers with Radar,85,39,63,0,187,0,2,12,0,14,85,41,75,0,201,84,0,84,285
11/22/2017,GRR,MI,AGL,CE,Towers with Radar,90,42,33,3,168,0,6,29,3,38,90,48,62,6,206,42,8,50,256
11/23/2017,GRR,MI,AGL,CE,Towers with Radar,41,17,3,0,61,0,0,3,0,3,41,17,6,0,64,38,0,38,102
11/24/2017,GRR,MI,AGL,CE,Towers with Radar,47,22,18,0,87,0,2,26,0,28,47,24,44,0,115,44,0,44,159
11/25/2017,GRR,MI,AGL,CE,Towers with Radar,81,33,18,0,132,0,4,17,0,21,81,37,35,0,153,20,0,20,173
11/26/2017,GRR,MI,AGL,CE,Towers with Radar,76,37,51,0,164,0,2,30,0,32,76,39,81,0,196,94,0,94,290
11/27/2017,GRR,MI,AGL,CE,Towers with Radar,85,44,33,0,162,0,2,26,0,28,85,46,59,0,190,122,0,122,312
11/28/2017,GRR,MI,AGL,CE,Towers with Radar,65,58,59,1,183,0,1,33,1,35,65,59,92,2,218,42,0,42,260
11/29/2017,GRR,MI,AGL,CE,Towers with Radar,72,52,64,2,190,0,3,45,2,50,72,55,109,4,240,74,0,74,314
11/30/2017,GRR,MI,AGL,CE,Towers with Radar,72,52,56,0,180,0,0,37,0,37,72,52,93,0,217,86,14,100,317
12/01/2017,GRR,MI,AGL,CE,Towers with Radar,75,49,64,4,192,0,2,49,2,53,75,51,113,6,245,88,0,88,333
12/02/2017,GRR,MI,AGL,CE,Towers with Radar,55,33,48,0,136,0,2,52,0,54,55,35,100,0,190,90,0,90,280
12/03/2017,GRR,MI,AGL,CE,Towers with Radar,64,39,27,0,130,0,0,32,0,32,64,39,59,0,162,48,0,48,210
12/04/2017,GRR,MI,AGL,CE,Towers with Radar,73,44,41,0,158,0,3,8,0,11,73,47,49,0,169,0,0,0,169
12/05/2017,GRR,MI,AGL,CE,Towers with Radar,70,51,53,0,174,0,1,2,0,3,70,52,55,0,177,0,0,0,177
12/06/2017,GRR,MI,AGL,CE,Towers with Radar,74,53,46,2,175,0,2,8,0,10,74,55,54,2,185,50,22,72,257
12/07/2017,GRR,MI,AGL,CE,Towers with Radar,72,57,56,0,185,0,3,8,0,11,72,60,64,0,196,6,0,6,202
12/08/2017,GRR,MI,AGL,CE,Towers with Radar,66,67,53,0,186,0,0,9,0,9,66,67,62,0,195,40,0,40,235
12/09/2017,GRR,MI,AGL,CE,Towers with Radar,56,35,18,0,109,0,1,0,0,1,56,36,18,0,110,0,0,0,110
12/10/2017,GRR,MI,AGL,CE,Towers with Radar,66,45,20,0,131,0,2,1,0,3,66,47,21,0,134,0,0,0,134
12/11/2017,GRR,MI,AGL,CE,Towers with Radar,70,54,49,0,173,0,0,0,0,0,70,54,49,0,173,20,10,30,203
12/12/2017,GRR,MI,AGL,CE,Towers with Radar,72,51,58,0,181,0,2,9,0,11,72,53,67,0,192,34,0,34,226
12/13/2017,GRR,MI,AGL,CE,Towers with Radar,74,59,59,0,192,0,0,0,0,0,74,59,59,0,192,0,0,0,192
12/14/2017,GRR,MI,AGL,CE,Towers with Radar,78,62,61,0,201,0,0,12,0,12,78,62,73,0,213,36,0,36,249
12/15/2017,GRR,MI,AGL,CE,Towers with Radar,77,53,54,0,184,0,0,0,0,0,77,53,54,0,184,0,0,0,184
12/16/2017,GRR,MI,AGL,CE,Towers with Radar,59,42,12,0,113,0,1,1,0,2,59,43,13,0,115,0,0,0,115
12/17/2017,GRR,MI,AGL,CE,Towers with Radar,61,34,11,0,106,0,0,0,0,0,61,34,11,0,106,0,0,0,106
12/18/2017,GRR,MI,AGL,CE,Towers with Radar,75,50,30,0,155,0,0,0,0,0,75,50,30,0,155,0,0,0,155
12/19/2017,GRR,MI,AGL,CE,Towers with Radar,73,49,69,8,199,0,3,40,0,43,73,52,109,8,242,104,0,104,346
12/20/2017,GRR,MI,AGL,CE,Towers with Radar,74,62,77,6,219,0,3,55,0,58,74,65,132,6,277,106,26,132,409
12/21/2017,GRR,MI,AGL,CE,Towers with Radar,68,62,46,1,177,0,1,18,1,20,68,63,64,2,197,94,2,96,293
12/22/2017,GRR,MI,AGL,CE,Towers with Radar,72,52,25,0,149,0,0,1,0,1,72,52,26,0,150,0,0,0,150
12/23/2017,GRR,MI,AGL,CE,Towers with Radar,67,55,26,1,149,0,0,15,0,15,67,55,41,1,164,34,0,34,198
12/24/2017,GRR,MI,AGL,CE,Towers with Radar,51,39,7,0,97,0,0,0,0,0,51,39,7,0,97,0,0,0,97
12/25/2017,GRR,MI,AGL,CE,Towers with Radar,49,40,7,0,96,0,0,0,0,0,49,40,7,0,96,0,0,0,96
12/26/2017,GRR,MI,AGL,CE,Towers with Radar,70,46,34,0,150,0,0,0,0,0,70,46,34,0,150,0,0,0,150
12/27/2017,GRR,MI,AGL,CE,Towers with Radar,71,55,45,0,171,0,4,4,0,8,71,59,49,0,179,98,0,98,277
12/28/2017,GRR,MI,AGL,CE,Towers with Radar,67,54,29,0,150,0,3,8,0,11,67,57,37,0,161,28,0,28,189
12/29/2017,GRR,MI,AGL,CE,Towers with Radar,70,50,23,0,143,0,0,0,0,0,70,50,23,0,143,0,0,0,143
12/30/2017,GRR,MI,AGL,CE,Towers with Radar,66,46,15,0,127,0,0,3,0,3,66,46,18,0,130,0,0,0,130
12/31/2017,GRR,MI,AGL,CE,Towers with Radar,52,33,20,0,105,0,2,6,0,8,52,35,26,0,113,0,0,0,113
01/01/2018,GRR,MI,AGL,CE,Towers with Radar,49,46,13,0,108,0,1,3,0,4,49,47,16,0,112,6,0,6,118
01/02/2018,GRR,MI,AGL,CE,Towers with Radar,67,48,43,2,160,0,2,14,0,16,67,50,57,2,176,72,0,72,248
01/03/2018,GRR,MI,AGL,CE,Towers with Radar,69,51,39,0,159,0,0,0,0,0,69,51,39,0,159,36,0,36,195
01/04/2018,GRR,MI,AGL,CE,Towers with Radar,64,50,37,28,179,0,4,20,6,30,64,54,57,34,209,68,46,114,323
01/05/2018,GRR,MI,AGL,CE,Towers with Radar,70,57,37,0,164,0,1,27,0,28,70,58,64,0,192,30,0,30,222
01/06/2018,GRR,MI,AGL,CE,Towers with Radar,56,39,24,0,119,0,2,16,0,18,56,41,40,0,137,4,0,4,141
01/07/2018,GRR,MI,AGL,CE,Towers with Radar,58,38,22,0,118,0,0,0,0,0,58,38,22,0,118,0,0,0,118
01/08/2018,GRR,MI,AGL,CE,Towers with Radar,83,39,30,0,152,0,0,4,0,4,83,39,34,0,156,8,0,8,164
01/09/2018,GRR,MI,AGL,CE,Towers with Radar,88,38,53,2,181,0,3,20,0,23,88,41,73,2,204,58,2,60,264
01/10/2018,GRR,MI,AGL,CE,Towers with Radar,90,43,36,0,169,0,0,0,0,0,90,43,36,0,169,0,0,0,169
01/11/2018,GRR,MI,AGL,CE,Towers with Radar,92,41,48,0,181,0,0,0,0,0,92,41,48,0,181,0,0,0,181
01/12/2018,GRR,MI,AGL,CE,Towers with Radar,85,41,27,0,153,0,0,11,0,11,85,41,38,0,164,0,0,0,164
01/13/2018,GRR,MI,AGL,CE,Towers with Radar,67,26,37,0,130,0,0,19,0,19,67,26,56,0,149,40,0,40,189
01/14/2018,GRR,MI,AGL,CE,Towers with Radar,68,31,23,0,122,0,3,26,0,29,68,34,49,0,151,40,0,40,191
01/15/2018,GRR,MI,AGL,CE,Towers with Radar,82,40,36,0,158,0,0,0,0,0,82,40,36,0,158,0,0,0,158
01/16/2018,GRR,MI,AGL,CE,Towers with Radar,82,39,36,0,157,0,2,14,0,16,82,41,50,0,173,38,0,38,211
01/17/2018,GRR,MI,AGL,CE,Towers with Radar,81,38,47,0,166,0,2,25,0,27,81,40,72,0,193,42,16,58,251
01/18/2018,GRR,MI,AGL,CE,Towers with Radar,82,39,71,0,192,0,3,20,0,23,82,42,91,0,215,56,0,56,271
01/19/2018,GRR,MI,AGL,CE,Towers with Radar,88,40,62,0,190,0,2,30,0,32,88,42,92,0,222,32,0,32,254
01/20/2018,GRR,MI,AGL,CE,Towers with Radar,65,33,28,1,127,0,2,38,0,40,65,35,66,1,167,38,0,38,205
01/21/2018,GRR,MI,AGL,CE,Towers with Radar,71,31,14,1,117,0,0,0,0,0,71,31,14,1,117,0,0,0,117
01/22/2018,GRR,MI,AGL,CE,Towers with Radar,82,36,36,0,154,0,0,2,0,2,82,36,38,0,156,0,0,0,156
01/23/2018,GRR,MI,AGL,CE,Towers with Radar,86,31,54,0,171,0,2,4,0,6,86,33,58,0,177,0,0,0,177
01/24/2018,GRR,MI,AGL,CE,Towers with Radar,96,38,61,3,198,0,1,18,3,22,96,39,79,6,220,34,0,34,254
01/25/2018,GRR,MI,AGL,CE,Towers with Radar,93,43,63,0,199,0,2,35,0,37,93,45,98,0,236,22,0,22,258
01/26/2018,GRR,MI,AGL,CE,Towers with Radar,96,40,47,0,183,0,2,38,0,40,96,42,85,0,223,28,0,28,251
01/27/2018,GRR,MI,AGL,CE,Towers with Radar,69,25,26,4,124,0,3,14,0,17,69,28,40,4,141,0,0,0,141
01/28/2018,GRR,MI,AGL,CE,Towers with Radar,78,32,25,0,135,0,4,19,0,23,78,36,44,0,158,10,0,10,168
01/29/2018,GRR,MI,AGL,CE,Towers with Radar,91,35,36,0,162,0,0,1,0,1,91,35,37,0,163,0,0,0,163
01/30/2018,GRR,MI,AGL,CE,Towers with Radar,87,39,49,2,177,0,7,16,0,23,87,46,65,2,200,6,0,6,206
01/31/2018,GRR,MI,AGL,CE,Towers with Radar,94,48,67,0,209,2,1,15,0,18,96,49,82,0,227,28,0,28,255
02/01/2018,GRR,MI,AGL,CE,Towers with Radar,94,41,52,0,187,0,0,12,0,12,94,41,64,0,199,0,0,0,199
02/02/2018,GRR,MI,AGL,CE,Towers with Radar,93,44,30,6,173,0,1,4,0,5,93,45,34,6,178,0,0,0,178
02/03/2018,GRR,MI,AGL,CE,Towers with Radar,69,32,12,0,113,0,0,7,0,7,69,32,19,0,120,0,0,0,120
02/04/2018,GRR,MI,AGL,CE,Towers with Radar,68,30,21,0,119,0,0,0,0,0,68,30,21,0,119,0,0,0,119
02/05/2018,GRR,MI,AGL,CE,Towers with Radar,80,36,42,0,158,0,5,10,0,15,80,41,52,0,173,4,0,4,177
02/06/2018,GRR,MI,AGL,CE,Towers with Radar,84,43,40,0,167,0,1,5,0,6,84,44,45,0,173,20,0,20,193
02/07/2018,GRR,MI,AGL,CE,Towers with Radar,91,37,50,0,178,0,4,2,0,6,91,41,52,0,184,0,0,0,184
02/08/2018,GRR,MI,AGL,CE,Towers with Radar,88,46,66,0,200,0,0,1,0,1,88,46,67,0,201,12,0,12,213
02/09/2018,GRR,MI,AGL,CE,Towers with Radar,80,32,35,0,147,0,1,1,0,2,80,33,36,0,149,0,0,0,149
02/10/2018,GRR,MI,AGL,CE,Towers with Radar,72,31,11,0,114,0,0,1,0,1,72,31,12,0,115,0,0,0,115
02/11/2018,GRR,MI,AGL,CE,Towers with Radar,81,23,18,1,123,0,1,0,0,1,81,24,18,1,124,0,0,0,124
02/12/2018,GRR,MI,AGL,CE,Towers with Radar,87,44,35,3,169,0,1,24,0,25,87,45,59,3,194,132,0,132,326
02/13/2018,GRR,MI,AGL,CE,Towers with Radar,85,38,61,2,186,0,0,47,0,47,85,38,108,2,233,93,0,93,326
02/14/2018,GRR,MI,AGL,CE,Towers with Radar,91,40,47,0,178,0,1,32,0,33,91,41,79,0,211,94,0,94,305
02/15/2018,GRR,MI,AGL,CE,Towers with Radar,83,55,52,6,196,0,0,0,0,0,83,55,52,6,196,20,14,34,230
02/16/2018,GRR,MI,AGL,CE,Towers with Radar,82,47,52,0,181,0,2,39,0,41,82,49,91,0,222,62,0,62,284
02/17/2018,GRR,MI,AGL,CE,Towers with Radar,67,36,23,0,126,0,2,20,0,22,67,38,43,0,148,26,0,26,174
02/18/2018,GRR,MI,AGL,CE,Towers with Radar,73,37,40,0,150,0,1,38,0,39,73,38,78,0,189,76,0,76,265
02/19/2018,GRR,MI,AGL,CE,Towers with Radar,88,48,28,0,164,0,0,0,0,0,88,48,28,0,164,0,0,0,164
02/20/2018,GRR,MI,AGL,CE,Towers with Radar,85,47,36,0,168,0,0,0,0,0,85,47,36,0,168,0,0,0,168
02/21/2018,GRR,MI,AGL,CE,Towers with Radar,82,51,60,2,195,0,4,27,0,31,82,55,87,2,226,76,0,76,302
02/22/2018,GRR,MI,AGL,CE,Towers with Radar,83,54,67,0,204,0,2,34,0,36,83,56,101,0,240,106,0,106,346
02/23/2018,GRR,MI,AGL,CE,Towers with Radar,85,50,27,0,162,0,0,0,0,0,85,50,27,0,162,0,0,0,162
02/24/2018,GRR,MI,AGL,CE,Towers with Radar,72,36,18,0,126,0,1,20,0,21,72,37,38,0,147,34,0,34,181
02/25/2018,GRR,MI,AGL,CE,Towers with Radar,77,39,18,0,134,0,1,1,0,2,77,40,19,0,136,0,0,0,136
02/26/2018,GRR,MI,AGL,CE,Towers with Radar,84,47,52,0,183,0,6,46,0,52,84,53,98,0,235,38,0,38,273
02/27/2018,GRR,MI,AGL,CE,Towers with Radar,85,47,77,2,211,0,1,38,2,41,85,48,115,4,252,54,0,54,306
02/28/2018,GRR,MI,AGL,CE,Towers with Radar,83,54,56,1,194,0,1,23,1,25,83,55,79,2,219,54,0,54,273
03/01/2018,GRR,MI,AGL,CE,Towers with Radar,95,62,44,0,201,0,2,0,0,2,95,64,44,0,203,0,0,0,203
03/02/2018,GRR,MI,AGL,CE,Towers with Radar,87,44,40,0,171,0,1,35,4,40,87,45,75,4,211,54,0,54,265
03/03/2018,GRR,MI,AGL,CE,Towers with Radar,71,34,24,0,129,0,3,43,0,46,71,37,67,0,175,66,0,66,241
03/04/2018,GRR,MI,AGL,CE,Towers with Radar,81,40,20,0,141,0,1,29,0,30,81,41,49,0,171,32,0,32,203
03/05/2018,GRR,MI,AGL,CE,Towers with Radar,86,45,28,0,159,0,2,18,0,20,86,47,46,0,179,14,0,14,193
03/06/2018,GRR,MI,AGL,CE,Towers with Radar,91,45,39,0,175,0,0,0,0,0,91,45,39,0,175,6,0,6,181
03/07/2018,GRR,MI,AGL,CE,Towers with Radar,86,45,60,0,191,0,2,10,0,12,86,47,70,0,203,0,0,0,203
03/08/2018,GRR,MI,AGL,CE,Towers with Radar,88,59,50,1,198,0,1,9,1,11,88,60,59,2,209,4,0,4,213
03/09/2018,GRR,MI,AGL,CE,Towers with Radar,89,47,40,20,196,0,7,19,0,26,89,54,59,20,222,26,20,46,268
03/10/2018,GRR,MI,AGL,CE,Towers with Radar,75,29,31,0,135,0,2,32,0,34,75,31,63,0,169,22,0,22,191
03/11/2018,GRR,MI,AGL,CE,Towers with Radar,91,33,38,0,162,0,1,43,0,44,91,34,81,0,206,0,0,0,206
03/12/2018,GRR,MI,AGL,CE,Towers with Radar,89,39,31,0,159,0,0,5,0,5,89,39,36,0,164,8,0,8,172
03/13/2018,GRR,MI,AGL,CE,Towers with Radar,95,44,55,0,194,0,0,12,0,12,95,44,67,0,206,54,0,54,260
03/14/2018,GRR,MI,AGL,CE,Towers with Radar,92,53,39,3,187,0,3,24,5,32,92,56,63,8,219,28,0,28,247
03/15/2018,GRR,MI,AGL,CE,Towers with Radar,93,50,50,2,195,0,1,26,2,29,93,51,76,4,224,78,10,88,312
03/16/2018,GRR,MI,AGL,CE,Towers with Radar,91,45,64,1,201,0,6,50,5,61,91,51,114,6,262,84,2,86,348
03/17/2018,GRR,MI,AGL,CE,Towers with Radar,76,29,24,0,129,0,4,29,0,33,76,33,53,0,162,32,0,32,194
03/18/2018,GRR,MI,AGL,CE,Towers with Radar,92,33,26,0,151,0,2,22,0,24,92,35,48,0,175,32,0,32,207
03/19/2018,GRR,MI,AGL,CE,Towers with Radar,90,37,57,2,186,0,2,28,0,30,90,39,85,2,216,66,0,66,282
03/20/2018,GRR,MI,AGL,CE,Towers with Radar,94,36,72,10,212,0,1,47,0,48,94,37,119,10,260,30,6,36,296
03/21/2018,GRR,MI,AGL,CE,Towers with Radar,87,34,64,0,185,0,1,19,4,24,87,35,83,4,209,94,0,94,303
03/22/2018,GRR,MI,AGL,CE,Towers with Radar,95,37,76,0,208,0,2,39,0,41,95,39,115,0,249,50,10,60,309
03/23/2018,GRR,MI,AGL,CE,Towers with Radar,93,35,55,2,185,0,2,31,0,33,93,37,86,2,218,56,0,56,274
03/24/2018,GRR,MI,AGL,CE,Towers with Radar,76,25,25,0,126,0,2,23,0,25,76,27,48,0,151,32,0,32,183
03/25/2018,GRR,MI,AGL,CE,Towers with Radar,93,31,37,0,161,0,2,25,0,27,93,33,62,0,188,26,0,26,214
03/26/2018,GRR,MI,AGL,CE,Towers with Radar,88,41,52,0,181,0,1,20,0,21,88,42,72,0,202,12,0,12,214
03/27/2018,GRR,MI,AGL,CE,Towers with Radar,91,44,58,0,193,0,0,0,0,0,91,44,58,0,193,0,0,0,193
03/28/2018,GRR,MI,AGL,CE,Towers with Radar,94,62,63,0,219,0,1,20,0,21,94,63,83,0,240,20,0,20,260
03/29/2018,GRR,MI,AGL,CE,Towers with Radar,93,46,61,4,204,0,1,10,0,11,93,47,71,4,215,20,0,20,235
03/30/2018,GRR,MI,AGL,CE,Towers with Radar,92,43,53,0,188,0,3,35,0,38,92,46,88,0,226,46,0,46,272
03/31/2018,GRR,MI,AGL,CE,Towers with Radar,66,31,20,0,117,1,0,3,0,4,67,31,23,0,121,8,0,8,129
04/01/2018,GRR,MI,AGL,CE,Towers with Radar,84,30,18,0,132,0,2,5,0,7,84,32,23,0,139,0,0,0,139
04/02/2018,GRR,MI,AGL,CE,Towers with Radar,89,34,24,0,147,0,1,35,0,36,89,35,59,0,183,8,0,8,191
04/03/2018,GRR,MI,AGL,CE,Towers with Radar,101,42,37,0,180,0,0,4,0,4,101,42,41,0,184,0,0,0,184
04/04/2018,GRR,MI,AGL,CE,Towers with Radar,93,42,36,0,171,0,0,0,0,0,93,42,36,0,171,0,0,0,171
04/05/2018,GRR,MI,AGL,CE,Towers with Radar,95,39,35,2,171,0,4,16,0,20,95,43,51,2,191,0,0,0,191
04/06/2018,GRR,MI,AGL,CE,Towers with Radar,96,42,41,0,179,0,1,4,4,9,96,43,45,4,188,0,0,0,188
04/07/2018,GRR,MI,AGL,CE,Towers with Radar,80,31,33,0,144,0,3,30,4,37,80,34,63,4,181,0,0,0,181
04/08/2018,GRR,MI,AGL,CE,Towers with Radar,86,42,24,2,154,0,6,37,0,43,86,48,61,2,197,72,0,72,269
04/09/2018,GRR,MI,AGL,CE,Towers with Radar,85,39,57,0,181,0,3,2,0,5,85,42,59,0,186,0,0,0,186
04/10/2018,GRR,MI,AGL,CE,Towers with Radar,88,39,73,1,201,0,2,50,1,53,88,41,123,2,254,32,0,32,286
04/11/2018,GRR,MI,AGL,CE,Towers with Radar,81,48,61,0,190,0,1,41,4,46,81,49,102,4,236,40,0,40,276
04/12/2018,GRR,MI,AGL,CE,Towers with Radar,84,43,56,21,204,0,1,23,4,28,84,44,79,25,232,44,14,58,290
04/13/2018,GRR,MI,AGL,CE,Towers with Radar,83,38,34,0,155,0,0,2,0,2,83,38,36,0,157,10,0,10,167
04/14/2018,GRR,MI,AGL,CE,Towers with Radar,45,24,10,0,79,0,0,0,0,0,45,24,10,0,79,0,0,0,79
04/15/2018,GRR,MI,AGL,CE,Towers with Radar,53,17,11,0,81,0,0,0,0,0,53,17,11,0,81,0,0,0,81
04/16/2018,GRR,MI,AGL,CE,Towers with Radar,76,39,38,0,153,0,0,0,0,0,76,39,38,0,153,0,0,0,153
04/17/2018,GRR,MI,AGL,CE,Towers with Radar,73,43,36,6,158,0,2,11,0,13,73,45,47,6,171,30,0,30,201
04/18/2018,GRR,MI,AGL,CE,Towers with Radar,76,45,28,0,149,0,3,5,0,8,76,48,33,0,157,26,14,40,197
04/19/2018,GRR,MI,AGL,CE,Towers with Radar,89,41,67,2,199,0,1,54,6,61,89,42,121,8,260,58,0,58,318
04/20/2018,GRR,MI,AGL,CE,Towers with Radar,87,41,61,2,191,0,1,81,0,82,87,42,142,2,273,64,16,80,353
04/21/2018,GRR,MI,AGL,CE,Towers with Radar,55,33,32,0,120,0,3,51,0,54,55,36,83,0,174,30,0,30,204
04/22/2018,GRR,MI,AGL,CE,Towers with Radar,82,30,24,0,136,0,4,36,0,40,82,34,60,0,176,46,0,46,222
04/23/2018,GRR,MI,AGL,CE,Towers with Radar,82,38,58,0,178,0,2,49,0,51,82,40,107,0,229,26,0,26,255
04/24/2018,GRR,MI,AGL,CE,Towers with Radar,93,41,92,0,226,0,2,6,0,8,93,43,98,0,234,22,0,22,256
04/25/2018,GRR,MI,AGL,CE,Towers with Radar,83,46,66,0,195,0,3,38,4,45,83,49,104,4,240,28,0,28,268
04/26/2018,GRR,MI,AGL,CE,Towers with Radar,90,42,63,5,200,0,2,57,5,64,90,44,120,10,264,68,0,68,332
04/27/2018,GRR,MI,AGL,CE,Towers with Radar,89,49,52,0,190,0,1,25,0,26,89,50,77,0,216,38,0,38,254
04/28/2018,GRR,MI,AGL,CE,Towers with Radar,57,34,23,0,114,0,1,30,0,31,57,35,53,0,145,0,0,0,145
04/29/2018,GRR,MI,AGL,CE,Towers with Radar,86,31,33,0,150,0,1,44,0,45,86,32,77,0,195,48,0,48,243
04/30/2018,GRR,MI,AGL,CE,Towers with Radar,89,37,57,0,183,0,11,53,0,64,89,48,110,0,247,44,0,44,291
05/01/2018,GRR,MI,AGL,CE,Towers with Radar,88,44,65,13,210,0,1,27,1,29,88,45,92,14,239,18,10,28,267
05/02/2018,GRR,MI,AGL,CE,Towers with Radar,81,40,61,10,192,0,1,28,0,29,81,41,89,10,221,18,12,30,251
05/03/2018,GRR,MI,AGL,CE,Towers with Radar,94,41,58,2,195,0,1,2,0,3,94,42,60,2,198,2,0,2,200
05/04/2018,GRR,MI,AGL,CE,Towers with Radar,89,39,51,0,179,0,0,4,0,4,89,39,55,0,183,0,0,0,183
05/05/2018,GRR,MI,AGL,CE,Towers with Radar,56,26,32,5,119,0,4,37,0,41,56,30,69,5,160,34,0,34,194
05/06/2018,GRR,MI,AGL,CE,Towers with Radar,87,21,30,2,140,0,2,20,2,24,87,23,50,4,164,14,0,14,178
05/07/2018,GRR,MI,AGL,CE,Towers with Radar,85,37,56,0,178,0,4,34,0,38,85,41,90,0,216,32,0,32,248
05/08/2018,GRR,MI,AGL,CE,Towers with Radar,83,41,58,3,185,0,6,32,2,40,83,47,90,5,225,54,6,60,285
05/09/2018,GRR,MI,AGL,CE,Towers with Radar,88,42,50,3,183,0,2,10,1,13,88,44,60,4,196,38,2,40,236
05/10/2018,GRR,MI,AGL,CE,Towers with Radar,87,48,83,2,220,0,3,26,0,29,87,51,109,2,249,104,0,104,353
05/11/2018,GRR,MI,AGL,CE,Towers with Radar,88,48,62,0,198,0,0,8,0,8,88,48,70,0,206,32,0,32,238
05/12/2018,GRR,MI,AGL,CE,Towers with Radar,52,32,17,0,101,0,1,0,0,1,52,33,17,0,102,0,0,0,102
05/13/2018,GRR,MI,AGL,CE,Towers with Radar,77,29,14,0,120,0,6,0,0,6,77,35,14,0,126,12,0,12,138
05/14/2018,GRR,MI,AGL,CE,Towers with Radar,80,33,61,0,174,0,1,2,0,3,80,34,63,0,177,16,0,16,193
05/15/2018,GRR,MI,AGL,CE,Towers with Radar,81,37,85,0,203,0,5,26,0,31,81,42,111,0,234,48,0,48,282
05/16/2018,GRR,MI,AGL,CE,Towers with Radar,85,44,83,0,212,0,7,57,0,64,85,51,140,0,276,68,0,68,344
05/17/2018,GRR,MI,AGL,CE,Towers with Radar,87,54,89,2,232,0,9,60,0,69,87,63,149,2,301,106,0,106,407
05/18/2018,GRR,MI,AGL,CE,Towers with Radar,83,41,59,8,191,0,3,49,0,52,83,44,108,8,243,58,0,58,301
05/19/2018,GRR,MI,AGL,CE,Towers with Radar,58,31,21,0,110,0,0,0,0,0,58,31,21,0,110,0,0,0,110
05/20/2018,GRR,MI,AGL,CE,Towers with Radar,79,29,35,0,143,0,1,7,0,8,79,30,42,0,151,0,0,0,151
05/21/2018,GRR,MI,AGL,CE,Towers with Radar,82,39,42,0,163,0,2,15,0,17,82,41,57,0,180,38,0,38,218
05/22/2018,GRR,MI,AGL,CE,Towers with Radar,87,47,60,2,196,0,4,4,0,8,87,51,64,2,204,34,0,34,238
05/23/2018,GRR,MI,AGL,CE,Towers with Radar,85,51,62,2,200,0,0,46,0,46,85,51,108,2,246,94,2,96,342
05/24/2018,GRR,MI,AGL,CE,Towers with Radar,86,42,64,4,196,0,4,45,0,49,86,46,109,4,245,76,0,76,321
05/25/2018,GRR,MI,AGL,CE,Towers with Radar,85,42,62,0,189,0,2,29,0,31,85,44,91,0,220,58,0,58,278
05/26/2018,GRR,MI,AGL,CE,Towers with Radar,53,29,24,0,106,0,1,15,2,18,53,30,39,2,124,30,2,32,156
05/27/2018,GRR,MI,AGL,CE,Towers with Radar,54,26,11,0,91,0,4,17,0,21,54,30,28,0,112,46,0,46,158
05/28/2018,GRR,MI,AGL,CE,Towers with Radar,74,25,21,0,120,0,1,12,0,13,74,26,33,0,133,0,0,0,133
05/29/2018,GRR,MI,AGL,CE,Towers with Radar,79,39,55,0,173,0,4,30,0,34,79,43,85,0,207,46,0,46,253
05/30/2018,GRR,MI,AGL,CE,Towers with Radar,87,33,60,2,182,0,0,35,0,35,87,33,95,2,217,44,0,44,261
05/31/2018,GRR,MI,AGL,CE,Towers with Radar,85,47,54,0,186,0,1,31,0,32,85,48,85,0,218,58,0,58,276
06/01/2018,GRR,MI,AGL,CE,Towers with Radar,80,40,48,10,178,0,2,36,0,38,80,42,84,10,216,44,12,56,272
06/02/2018,GRR,MI,AGL,CE,Towers with Radar,59,28,34,0,121,0,0,25,0,25,59,28,59,0,146,12,0,12,158
06/03/2018,GRR,MI,AGL,CE,Towers with Radar,81,36,19,0,136,0,2,7,0,9,81,38,26,0,145,0,0,0,145
06/04/2018,GRR,MI,AGL,CE,Towers with Radar,84,41,60,0,185,0,1,41,0,42,84,42,101,0,227,8,0,8,235
06/05/2018,GRR,MI,AGL,CE,Towers with Radar,82,44,49,0,175,0,2,35,0,37,82,46,84,0,212,100,0,100,312
06/06/2018,GRR,MI,AGL,CE,Towers with Radar,85,43,75,2,205,0,4,35,0,39,85,47,110,2,244,34,14,48,292
06/07/2018,GRR,MI,AGL,CE,Towers with Radar,89,56,48,0,193,0,3,29,0,32,89,59,77,0,225,82,0,82,307
06/08/2018,GRR,MI,AGL,CE,Towers with Radar,92,45,44,0,181,0,4,23,0,27,92,49,67,0,208,8,0,8,216
06/09/2018,GRR,MI,AGL,CE,Towers with Radar,74,31,26,0,131,0,0,0,0,0,74,31,26,0,131,0,0,0,131
06/10/2018,GRR,MI,AGL,CE,Towers with Radar,86,30,21,0,137,0,3,1,0,4,86,33,22,0,141,0,0,0,141
06/11/2018,GRR,MI,AGL,CE,Towers with Radar,86,38,53,0,177,0,3,37,0,40,86,41,90,0,217,112,0,112,329
06/12/2018,GRR,MI,AGL,CE,Towers with Radar,91,48,61,2,202,0,2,16,0,18,91,50,77,2,220,70,0,70,290
06/13/2018,GRR,MI,AGL,CE,Towers with Radar,91,50,60,0,201,0,5,15,0,20,91,55,75,0,221,14,14,28,249
06/14/2018,GRR,MI,AGL,CE,Towers with Radar,88,44,56,10,198,0,1,51,0,52,88,45,107,10,250,56,12,68,318
06/15/2018,GRR,MI,AGL,CE,Towers with Radar,84,45,62,2,193,0,2,38,0,40,84,47,100,2,233,37,2,39,272
06/16/2018,GRR,MI,AGL,CE,Towers with Radar,71,31,21,0,123,0,0,5,0,5,71,31,26,0,128,32,0,32,160
06/17/2018,GRR,MI,AGL,CE,Towers with Radar,83,40,23,0,146,0,4,18,0,22,83,44,41,0,168,10,0,10,178
06/18/2018,GRR,MI,AGL,CE,Towers with Radar,81,45,31,0,157,0,1,10,0,11,81,46,41,0,168,18,0,18,186
06/19/2018,GRR,MI,AGL,CE,Towers with Radar,78,46,72,0,196,0,3,23,0,26,78,49,95,0,222,52,0,52,274
06/20/2018,GRR,MI,AGL,CE,Towers with Radar,85,54,64,0,203,0,1,10,0,11,85,55,74,0,214,18,0,18,232
06/21/2018,GRR,MI,AGL,CE,Towers with Radar,88,46,66,2,202,0,1,48,2,51,88,47,114,4,253,59,0,59,312
06/22/2018,GRR,MI,AGL,CE,Towers with Radar,85,46,37,0,168,0,1,13,0,14,85,47,50,0,182,0,0,0,182
06/23/2018,GRR,MI,AGL,CE,Towers with Radar,71,29,14,0,114,0,3,7,0,10,71,32,21,0,124,0,0,0,124
06/24/2018,GRR,MI,AGL,CE,Towers with Radar,84,34,51,0,169,0,0,3,0,3,84,34,54,0,172,12,0,12,184
06/25/2018,GRR,MI,AGL,CE,Towers with Radar,85,50,49,0,184,0,5,43,3,51,85,55,92,3,235,0,0,0,235
06/26/2018,GRR,MI,AGL,CE,Towers with Radar,106,38,64,4,212,0,2,22,0,24,106,40,86,4,236,36,0,36,272
06/27/2018,GRR,MI,AGL,CE,Towers with Radar,91,51,81,6,229,0,1,8,0,9,91,52,89,6,238,0,0,0,238
06/28/2018,GRR,MI,AGL,CE,Towers with Radar,88,48,80,12,228,1,2,47,0,50,89,50,127,12,278,60,12,72,350
06/29/2018,GRR,MI,AGL,CE,Towers with Radar,89,48,53,8,198,0,1,24,0,25,89,49,77,8,223,2,8,10,233
06/30/2018,GRR,MI,AGL,CE,Towers with Radar,69,31,15,0,115,0,0,23,0,23,69,31,38,0,138,8,0,8,146
07/01/2018,GRR,MI,AGL,CE,Towers with Radar,75,43,23,0,141,0,0,10,0,10,75,43,33,0,151,0,0,0,151
07/02/2018,GRR,MI,AGL,CE,Towers with Radar,75,41,57,0,173,0,0,49,0,49,75,41,106,0,222,46,0,46,268
07/03/2018,GRR,MI,AGL,CE,Towers with Radar,73,46,44,0,163,0,3,25,0,28,73,49,69,0,191,4,0,4,195
07/04/2018,GRR,MI,AGL,CE,Towers with Radar,64,24,5,0,93,0,4,20,0,24,64,28,25,0,117,0,0,0,117
07/05/2018,GRR,MI,AGL,CE,Towers with Radar,79,41,34,2,156,0,4,28,0,32,79,45,62,2,188,0,0,0,188
07/06/2018,GRR,MI,AGL,CE,Towers with Radar,77,43,26,14,160,0,2,31,0,33,77,45,57,14,193,48,36,84,277
07/07/2018,GRR,MI,AGL,CE,Towers with Radar,70,30,16,0,116,0,1,25,0,26,70,31,41,0,142,56,0,56,198
07/08/2018,GRR,MI,AGL,CE,Towers with Radar,85,41,36,0,162,0,5,24,1,30,85,46,60,1,192,10,0,10,202
07/09/2018,GRR,MI,AGL,CE,Towers with Radar,89,42,54,0,185,0,2,29,0,31,89,44,83,0,216,50,0,50,266
07/10/2018,GRR,MI,AGL,CE,Towers with Radar,93,46,55,0,194,0,3,25,0,28,93,49,80,0,222,12,0,12,234
07/11/2018,GRR,MI,AGL,CE,Towers with Radar,89,45,53,2,189,0,5,54,2,61,89,50,107,4,250,34,0,34,284
07/12/2018,GRR,MI,AGL,CE,Towers with Radar,93,50,47,0,190,0,1,40,0,41,93,51,87,0,231,44,0,44,275
07/13/2018,GRR,MI,AGL,CE,Towers with Radar,90,48,53,0,191,0,0,37,0,37,90,48,90,0,228,43,0,43,271
07/14/2018,GRR,MI,AGL,CE,Towers with Radar,73,35,31,0,139,0,4,22,0,26,73,39,53,0,165,36,0,36,201
07/15/2018,GRR,MI,AGL,CE,Towers with Radar,84,42,18,0,144,0,2,13,0,15,84,44,31,0,159,0,0,0,159
07/16/2018,GRR,MI,AGL,CE,Towers with Radar,88,47,66,0,201,0,3,39,0,42,88,50,105,0,243,62,0,62,305
07/17/2018,GRR,MI,AGL,CE,Towers with Radar,80,42,42,21,185,0,5,47,0,52,80,47,89,21,237,40,18,58,295
07/18/2018,GRR,MI,AGL,CE,Towers with Radar,91,58,62,12,223,0,6,39,4,49,91,64,101,16,272,62,22,84,356
07/19/2018,GRR,MI,AGL,CE,Towers with Radar,93,64,62,0,219,0,6,40,0,46,93,70,102,0,265,30,2,32,297
07/20/2018,GRR,MI,AGL,CE,Towers with Radar,94,47,61,0,202,0,1,11,0,12,94,48,72,0,214,16,0,16,230
07/21/2018,GRR,MI,AGL,CE,Towers with Radar,72,40,14,0,126,0,1,1,0,2,72,41,15,0,128,0,0,0,128
07/22/2018,GRR,MI,AGL,CE,Towers with Radar,86,42,26,0,154,0,3,6,0,9,86,45,32,0,163,0,0,0,163
07/23/2018,GRR,MI,AGL,CE,Towers with Radar,82,37,63,0,182,0,0,6,0,6,82,37,69,0,188,0,0,0,188
07/24/2018,GRR,MI,AGL,CE,Towers with Radar,84,41,70,13,208,0,1,41,1,43,84,42,111,14,251,38,10,48,299
07/25/2018,GRR,MI,AGL,CE,Towers with Radar,90,49,64,2,205,0,4,36,0,40,90,53,100,2,245,22,14,36,281
07/26/2018,GRR,MI,AGL,CE,Towers with Radar,93,45,67,10,215,0,6,27,0,33,93,51,94,10,248,28,3,31,279
07/27/2018,GRR,MI,AGL,CE,Towers with Radar,88,42,46,0,176,0,3,26,0,29,88,45,72,0,205,66,0,66,271
07/28/2018,GRR,MI,AGL,CE,Towers with Radar,67,37,35,0,139,0,1,32,0,33,67,38,67,0,172,12,0,12,184
07/29/2018,GRR,MI,AGL,CE,Towers with Radar,83,42,22,0,147,0,5,28,0,33,83,47,50,0,180,6,0,6,186
07/30/2018,GRR,MI,AGL,CE,Towers with Radar,90,49,38,0,177,0,1,28,0,29,90,50,66,0,206,30,0,30,236
07/31/2018,GRR,MI,AGL,CE,Towers with Radar,88,53,47,0,188,0,5,38,1,44,88,58,85,1,232,48,0,48,280
08/01/2018,GRR,MI,AGL,CE,Towers with Radar,84,49,57,2,192,0,1,28,2,31,84,50,85,4,223,16,0,16,239
08/02/2018,GRR,MI,AGL,CE,Towers with Radar,93,56,71,0,220,0,0,13,0,13,93,56,84,0,233,22,0,22,255
08/03/2018,GRR,MI,AGL,CE,Towers with Radar,87,50,52,0,189,0,1,34,2,37,87,51,86,2,226,24,0,24,250
08/04/2018,GRR,MI,AGL,CE,Towers with Radar,69,34,21,0,124,0,2,68,2,72,69,36,89,2,196,82,2,84,280
08/05/2018,GRR,MI,AGL,CE,Towers with Radar,86,37,33,0,156,0,7,16,0,23,86,44,49,0,179,40,0,40,219
08/06/2018,GRR,MI,AGL,CE,Towers with Radar,83,39,43,1,166,0,0,0,1,1,83,39,43,2,167,8,0,8,175
08/07/2018,GRR,MI,AGL,CE,Towers with Radar,89,47,78,1,215,0,3,34,0,37,89,50,112,1,252,40,0,40,292
08/08/2018,GRR,MI,AGL,CE,Towers with Radar,88,50,75,3,216,0,0,31,0,31,88,50,106,3,247,0,0,0,247
08/09/2018,GRR,MI,AGL,CE,Towers with Radar,85,52,51,2,190,0,2,33,0,35,85,54,84,2,225,40,0,40,265
08/10/2018,GRR,MI,AGL,CE,Towers with Radar,92,51,78,0,221,0,2,81,0,83,92,53,159,0,304,56,0,56,360
08/11/2018,GRR,MI,AGL,CE,Towers with Radar,64,34,23,0,121,0,3,25,0,28,64,37,48,0,149,4,0,4,153
08/12/2018,GRR,MI,AGL,CE,Towers with Radar,87,40,25,0,152,0,3,22,0,25,87,43,47,0,177,0,0,0,177
08/13/2018,GRR,MI,AGL,CE,Towers with Radar,84,40,59,0,183,0,3,41,0,44,84,43,100,0,227,26,0,26,253
08/14/2018,GRR,MI,AGL,CE,Towers with Radar,92,48,65,0,205,0,4,25,0,29,92,52,90,0,234,22,0,22,256
08/15/2018,GRR,MI,AGL,CE,Towers with Radar,94,52,64,12,222,0,3,31,0,34,94,55,95,12,256,20,14,34,290
08/16/2018,GRR,MI,AGL,CE,Towers with Radar,93,51,80,2,226,0,2,24,0,26,93,53,104,2,252,52,0,52,304
08/17/2018,GRR,MI,AGL,CE,Towers with Radar,92,50,60,0,202,0,3,6,0,9,92,53,66,0,211,4,0,4,215
08/18/2018,GRR,MI,AGL,CE,Towers with Radar,65,40,28,0,133,0,3,20,0,23,65,43,48,0,156,28,0,28,184
08/19/2018,GRR,MI,AGL,CE,Towers with Radar,94,42,29,0,165,0,1,13,0,14,94,43,42,0,179,0,0,0,179
08/20/2018,GRR,MI,AGL,CE,Towers with Radar,94,43,49,4,190,0,3,14,0,17,94,46,63,4,207,0,0,0,207
08/21/2018,GRR,MI,AGL,CE,Towers with Radar,88,57,68,3,216,0,6,4,1,11,88,63,72,4,227,0,0,0,227
08/22/2018,GRR,MI,AGL,CE,Towers with Radar,89,55,66,2,212,0,4,44,0,48,89,59,110,2,260,0,0,0,260
08/23/2018,GRR,MI,AGL,CE,Towers with Radar,95,52,79,0,226,0,2,48,0,50,95,54,127,0,276,30,0,30,306
08/24/2018,GRR,MI,AGL,CE,Towers with Radar,93,47,39,2,181,0,3,21,0,24,93,50,60,2,205,22,4,26,231
08/25/2018,GRR,MI,AGL,CE,Towers with Radar,62,32,39,0,133,0,2,4,2,8,62,34,43,2,141,8,0,8,149
08/26/2018,GRR,MI,AGL,CE,Towers with Radar,98,38,34,0,170,0,2,13,0,15,98,40,47,0,185,6,0,6,191
08/27/2018,GRR,MI,AGL,CE,Towers with Radar,90,45,50,0,185,0,0,11,0,11,90,45,61,0,196,10,0,10,206
08/28/2018,GRR,MI,AGL,CE,Towers with Radar,86,44,65,0,195,0,1,20,0,21,86,45,85,0,216,0,0,0,216
08/29/2018,GRR,MI,AGL,CE,Towers with Radar,87,62,50,0,199,0,4,9,0,13,87,66,59,0,212,18,0,18,230
08/30/2018,GRR,MI,AGL,CE,Towers with Radar,99,52,84,0,235,0,0,53,0,53,99,52,137,0,288,18,0,18,306
08/31/2018,GRR,MI,AGL,CE,Towers with Radar,88,44,48,0,180,0,1,48,0,49,88,45,96,0,229,52,0,52,281
09/01/2018,GRR,MI,AGL,CE,Towers with Radar,60,29,11,0,100,0,1,15,0,16,60,30,26,0,116,14,0,14,130
09/02/2018,GRR,MI,AGL,CE,Towers with Radar,67,31,24,0,122,0,5,12,0,17,67,36,36,0,139,30,0,30,169
09/03/2018,GRR,MI,AGL,CE,Towers with Radar,74,33,18,0,125,0,3,3,0,6,74,36,21,0,131,20,0,20,151
09/04/2018,GRR,MI,AGL,CE,Towers with Radar,81,49,53,0,183,0,2,46,0,48,81,51,99,0,231,68,0,68,299
09/05/2018,GRR,MI,AGL,CE,Towers with Radar,83,46,57,1,187,0,1,16,1,18,83,47,73,2,205,10,0,10,215
09/06/2018,GRR,MI,AGL,CE,Towers with Radar,94,47,60,12,213,0,0,22,0,22,94,47,82,12,235,64,8,72,307
09/07/2018,GRR,MI,AGL,CE,Towers with Radar,87,51,48,10,196,0,1,44,0,45,87,52,92,10,241,38,12,50,291
09/08/2018,GRR,MI,AGL,CE,Towers with Radar,61,29,17,8,115,0,1,23,0,24,61,30,40,8,139,12,4,16,155
09/09/2018,GRR,MI,AGL,CE,Towers with Radar,95,26,34,0,155,0,1,17,0,18,95,27,51,0,173,8,0,8,181
09/10/2018,GRR,MI,AGL,CE,Towers with Radar,93,45,66,0,204,0,3,24,0,27,93,48,90,0,231,10,0,10,241
09/11/2018,GRR,MI,AGL,CE,Towers with Radar,100,42,71,7,220,0,7,27,0,34,100,49,98,7,254,20,6,26,280
09/12/2018,GRR,MI,AGL,CE,Towers with Radar,91,57,70,15,233,0,0,55,2,57,91,57,125,17,290,38,6,44,334
09/13/2018,GRR,MI,AGL,CE,Towers with Radar,99,59,106,1,265,0,1,44,3,48,99,60,150,4,313,54,0,54,367
09/14/2018,GRR,MI,AGL,CE,Towers with Radar,97,47,67,0,211,0,0,39,0,39,97,47,106,0,250,60,0,60,310
09/15/2018,GRR,MI,AGL,CE,Towers with Radar,59,28,19,0,106,0,5,23,0,28,59,33,42,0,134,28,0,28,162
09/16/2018,GRR,MI,AGL,CE,Towers with Radar,93,28,20,0,141,0,1,17,0,18,93,29,37,0,159,30,0,30,189
09/17/2018,GRR,MI,AGL,CE,Towers with Radar,94,43,76,0,213,0,0,53,0,53,94,43,129,0,266,0,0,0,266
09/18/2018,GRR,MI,AGL,CE,Towers with Radar,97,47,42,8,194,0,2,17,0,19,97,49,59,8,213,20,8,28,241
09/19/2018,GRR,MI,AGL,CE,Towers with Radar,90,54,67,17,228,0,1,22,1,24,90,55,89,18,252,36,12,48,300
09/20/2018,GRR,MI,AGL,CE,Towers with Radar,104,49,69,0,222,0,2,12,0,14,104,51,81,0,236,18,0,18,254
09/21/2018,GRR,MI,AGL,CE,Towers with Radar,93,48,41,0,182,0,3,6,0,9,93,51,47,0,191,0,0,0,191
09/22/2018,GRR,MI,AGL,CE,Towers with Radar,64,29,22,0,115,0,3,26,0,29,64,32,48,0,144,30,0,30,174
09/23/2018,GRR,MI,AGL,CE,Towers with Radar,96,35,35,0,166,0,3,32,0,35,96,38,67,0,201,14,0,14,215
09/24/2018,GRR,MI,AGL,CE,Towers with Radar,96,46,60,0,202,0,4,11,2,17,96,50,71,2,219,40,0,40,259
09/25/2018,GRR,MI,AGL,CE,Towers with Radar,88,47,57,2,194,0,2,5,0,7,88,49,62,2,201,34,0,34,235
09/26/2018,GRR,MI,AGL,CE,Towers with Radar,90,49,58,1,198,0,3,26,1,30,90,52,84,2,228,30,0,30,258
09/27/2018,GRR,MI,AGL,CE,Towers with Radar,97,46,70,4,217,0,2,32,0,34,97,48,102,4,251,71,0,71,322
09/28/2018,GRR,MI,AGL,CE,Towers with Radar,93,51,43,2,189,0,5,27,2,34,93,56,70,4,223,98,0,98,321
09/29/2018,GRR,MI,AGL,CE,Towers with Radar,65,37,33,0,135,0,1,52,0,53,65,38,85,0,188,40,0,40,228
09/30/2018,GRR,MI,AGL,CE,Towers with Radar,95,30,23,0,148,0,0,0,0,0,95,30,23,0,148,0,0,0,148
10/01/2018,GRR,MI,AGL,CE,Towers with Radar,95,54,38,0,187,0,0,2,0,2,95,54,40,0,189,0,0,0,189
10/02/2018,GRR,MI,AGL,CE,Towers with Radar,89,47,58,0,194,0,0,0,0,0,89,47,58,0,194,6,0,6,200
10/03/2018,GRR,MI,AGL,CE,Towers with Radar,102,49,65,1,217,0,3,25,1,29,102,52,90,2,246,24,0,24,270
10/04/2018,GRR,MI,AGL,CE,Towers with Radar,97,46,75,0,218,0,2,44,0,46,97,48,119,0,264,22,0,22,286
10/05/2018,GRR,MI,AGL,CE,Towers with Radar,97,45,58,0,200,0,0,10,0,10,97,45,68,0,210,4,0,4,214
10/06/2018,GRR,MI,AGL,CE,Towers with Radar,71,28,26,0,125,0,2,13,0,15,71,30,39,0,140,12,0,12,152
10/07/2018,GRR,MI,AGL,CE,Towers with Radar,81,34,47,0,162,0,0,0,0,0,81,34,47,0,162,0,0,0,162
10/08/2018,GRR,MI,AGL,CE,Towers with Radar,96,47,43,0,186,0,1,33,0,34,96,48,76,0,220,88,0,88,308
10/09/2018,GRR,MI,AGL,CE,Towers with Radar,88,45,51,6,190,0,1,45,0,46,88,46,96,6,236,92,8,100,336
10/10/2018,GRR,MI,AGL,CE,Towers with Radar,98,45,48,0,191,0,3,12,0,15,98,48,60,0,206,44,0,44,250
10/11/2018,GRR,MI,AGL,CE,Towers with Radar,95,43,36,0,174,0,2,19,0,21,95,45,55,0,195,40,0,40,235
10/12/2018,GRR,MI,AGL,CE,Towers with Radar,99,46,45,6,196,0,3,27,0,30,99,49,72,6,226,40,14,54,280
10/13/2018,GRR,MI,AGL,CE,Towers with Radar,74,26,23,0,123,0,1,59,0,60,74,27,82,0,183,36,0,36,219
10/14/2018,GRR,MI,AGL,CE,Towers with Radar,84,33,45,0,162,0,1,29,0,30,84,34,74,0,192,52,0,52,244
10/15/2018,GRR,MI,AGL,CE,Towers with Radar,97,51,52,0,200,0,1,6,0,7,97,52,58,0,207,86,0,86,293
10/16/2018,GRR,MI,AGL,CE,Towers with Radar,92,50,54,6,202,0,3,22,0,25,92,53,76,6,227,88,6,94,321
10/17/2018,GRR,MI,AGL,CE,Towers with Radar,103,58,52,0,213,0,0,32,0,32,103,58,84,0,245,70,22,92,337
10/18/2018,GRR,MI,AGL,CE,Towers with Radar,93,52,77,0,222,0,2,61,0,63,93,54,138,0,285,142,0,142,427
10/19/2018,GRR,MI,AGL,CE,Towers with Radar,103,48,47,1,199,0,3,31,0,34,103,51,78,1,233,74,0,74,307
10/20/2018,GRR,MI,AGL,CE,Towers with Radar,73,31,13,0,117,0,0,3,0,3,73,31,16,0,120,0,0,0,120
10/21/2018,GRR,MI,AGL,CE,Towers with Radar,90,34,33,0,157,0,3,18,0,21,90,37,51,0,178,26,0,26,204
10/22/2018,GRR,MI,AGL,CE,Towers with Radar,97,39,48,0,184,0,2,51,1,54,97,41,99,1,238,104,0,104,342
10/23/2018,GRR,MI,AGL,CE,Towers with Radar,91,45,59,0,195,0,3,42,0,45,91,48,101,0,240,38,10,48,288
10/24/2018,GRR,MI,AGL,CE,Towers with Radar,102,44,57,3,206,0,1,39,1,41,102,45,96,4,247,104,0,104,351
10/25/2018,GRR,MI,AGL,CE,Towers with Radar,100,55,62,3,220,0,3,43,2,48,100,58,105,5,268,68,6,74,342
10/26/2018,GRR,MI,AGL,CE,Towers with Radar,100,44,56,0,200,0,1,38,0,39,100,45,94,0,239,70,0,70,309
10/27/2018,GRR,MI,AGL,CE,Towers with Radar,70,23,25,0,118,0,5,5,0,10,70,28,30,0,128,44,0,44,172
10/28/2018,GRR,MI,AGL,CE,Towers with Radar,80,33,30,1,144,0,0,0,0,0,80,33,30,1,144,0,0,0,144
10/29/2018,GRR,MI,AGL,CE,Towers with Radar,88,44,44,5,181,0,2,31,0,33,88,46,75,5,214,68,0,68,282
10/30/2018,GRR,MI,AGL,CE,Towers with Radar,81,35,65,0,181,0,0,25,0,25,81,35,90,0,206,90,0,90,296
10/31/2018,GRR,MI,AGL,CE,Towers with Radar,79,46,28,0,153,0,1,14,2,17,79,47,42,2,170,16,0,16,186
11/01/2018,GRR,MI,AGL,CE,Towers with Radar,90,43,70,0,203,0,0,38,2,40,90,43,108,2,243,154,4,158,401
11/02/2018,GRR,MI,AGL,CE,Towers with Radar,92,46,60,0,198,0,1,22,0,23,92,47,82,0,221,100,0,100,321
11/03/2018,GRR,MI,AGL,CE,Towers with Radar,68,23,26,1,118,0,2,27,1,30,68,25,53,2,148,58,0,58,206
11/04/2018,GRR,MI,AGL,CE,Towers with Radar,83,34,25,0,142,0,0,5,0,5,83,34,30,0,147,2,0,2,149
11/05/2018,GRR,MI,AGL,CE,Towers with Radar,95,44,58,0,197,0,0,27,0,27,95,44,85,0,224,56,0,56,280
11/06/2018,GRR,MI,AGL,CE,Towers with Radar,83,40,47,0,170,0,0,0,0,0,83,40,47,0,170,0,0,0,170
11/07/2018,GRR,MI,AGL,CE,Towers with Radar,94,48,56,0,198,0,0,9,0,9,94,48,65,0,207,32,14,46,253
11/08/2018,GRR,MI,AGL,CE,Towers with Radar,97,48,79,8,232,0,4,33,1,38,97,52,112,9,270,80,10,90,360
11/09/2018,GRR,MI,AGL,CE,Towers with Radar,93,46,43,0,182,0,0,0,0,0,93,46,43,0,182,0,0,0,182
11/10/2018,GRR,MI,AGL,CE,Towers with Radar,75,31,15,0,121,0,0,2,0,2,75,31,17,0,123,0,0,0,123
11/11/2018,GRR,MI,AGL,CE,Towers with Radar,88,38,29,0,155,0,2,7,0,9,88,40,36,0,164,34,0,34,198
11/12/2018,GRR,MI,AGL,CE,Towers with Radar,95,41,37,0,173,0,2,8,0,10,95,43,45,0,183,60,0,60,243
11/13/2018,GRR,MI,AGL,CE,Towers with Radar,92,49,73,0,214,0,0,2,2,4,92,49,75,2,218,40,2,42,260
11/14/2018,GRR,MI,AGL,CE,Towers with Radar,97,46,51,0,194,0,0,34,0,34,97,46,85,0,228,70,0,70,298
11/15/2018,GRR,MI,AGL,CE,Towers with Radar,94,38,55,0,187,0,0,6,0,6,94,38,61,0,193,6,0,6,199
11/16/2018,GRR,MI,AGL,CE,Towers with Radar,99,43,52,0,194,0,2,9,0,11,99,45,61,0,205,8,0,8,213
11/17/2018,GRR,MI,AGL,CE,Towers with Radar,79,31,17,0,127,0,2,0,0,2,79,33,17,0,129,0,0,0,129
11/18/2018,GRR,MI,AGL,CE,Towers with Radar,87,39,18,0,144,0,4,16,0,20,87,43,34,0,164,58,0,58,222
11/19/2018,GRR,MI,AGL,CE,Towers with Radar,84,42,42,0,168,0,2,18,2,22,84,44,60,2,190,74,0,74,264
11/20/2018,GRR,MI,AGL,CE,Towers with Radar,100,52,63,8,223,0,1,33,0,34,100,53,96,8,257,112,2,114,371
11/21/2018,GRR,MI,AGL,CE,Towers with Radar,101,55,69,10,235,0,3,24,0,27,101,58,93,10,262,68,0,68,330
11/22/2018,GRR,MI,AGL,CE,Towers with Radar,55,22,5,0,82,0,3,4,0,7,55,25,9,0,89,4,0,4,93
11/23/2018,GRR,MI,AGL,CE,Towers with Radar,78,26,21,0,125,0,0,26,0,26,78,26,47,0,151,54,0,54,205
11/24/2018,GRR,MI,AGL,CE,Towers with Radar,101,33,9,0,143,0,0,1,0,1,101,33,10,0,144,0,0,0,144
11/25/2018,GRR,MI,AGL,CE,Towers with Radar,98,34,43,0,175,0,1,12,0,13,98,35,55,0,188,66,0,66,254
11/26/2018,GRR,MI,AGL,CE,Towers with Radar,85,33,31,0,149,0,1,3,0,4,85,34,34,0,153,0,0,0,153
11/27/2018,GRR,MI,AGL,CE,Towers with Radar,98,50,67,6,221,0,0,3,0,3,98,50,70,6,224,0,0,0,224
11/28/2018,GRR,MI,AGL,CE,Towers with Radar,92,52,61,28,233,0,1,28,2,31,92,53,89,30,264,110,26,136,400
11/29/2018,GRR,MI,AGL,CE,Towers with Radar,104,57,59,8,228,0,0,2,0,2,104,57,61,8,230,36,14,50,280
11/30/2018,GRR,MI,AGL,CE,Towers with Radar,102,52,52,2,208,0,1,4,0,5,102,53,56,2,213,98,0,98,311
12/01/2018,GRR,MI,AGL,CE,Towers with Radar,75,27,15,0,117,0,0,0,0,0,75,27,15,0,117,0,0,0,117
12/02/2018,GRR,MI,AGL,CE,Towers with Radar,88,30,21,0,139,0,0,0,0,0,88,30,21,0,139,2,0,2,141
12/03/2018,GRR,MI,AGL,CE,Towers with Radar,102,39,50,0,191,0,0,8,0,8,102,39,58,0,199,30,0,30,229
12/04/2018,GRR,MI,AGL,CE,Towers with Radar,100,48,92,0,240,0,3,42,0,45,100,51,134,0,285,96,0,96,381
12/05/2018,GRR,MI,AGL,CE,Towers with Radar,96,44,69,0,209,0,1,2,0,3,96,45,71,0,212,30,0,30,242
12/06/2018,GRR,MI,AGL,CE,Towers with Radar,105,47,43,0,195,0,0,17,0,17,105,47,60,0,212,40,0,40,252
12/07/2018,GRR,MI,AGL,CE,Towers with Radar,100,56,45,0,201,0,4,14,0,18,100,60,59,0,219,40,0,40,259
12/08/2018,GRR,MI,AGL,CE,Towers with Radar,72,26,39,0,137,0,5,48,0,53,72,31,87,0,190,10,0,10,200
12/09/2018,GRR,MI,AGL,CE,Towers with Radar,83,33,31,0,147,0,0,5,0,5,83,33,36,0,152,60,0,60,212
12/10/2018,GRR,MI,AGL,CE,Towers with Radar,94,52,61,0,207,0,2,28,0,30,94,54,89,0,237,38,0,38,275
12/11/2018,GRR,MI,AGL,CE,Towers with Radar,97,53,61,6,217,0,2,9,0,11,97,55,70,6,228,6,0,6,234
12/12/2018,GRR,MI,AGL,CE,Towers with Radar,96,61,56,0,213,0,1,17,0,18,96,62,73,0,231,52,22,74,305
12/13/2018,GRR,MI,AGL,CE,Towers with Radar,100,52,66,20,238,0,2,12,0,14,100,54,78,20,252,22,12,34,286
12/14/2018,GRR,MI,AGL,CE,Towers with Radar,102,40,48,0,190,0,0,0,0,0,102,40,48,0,190,0,0,0,190
12/15/2018,GRR,MI,AGL,CE,Towers with Radar,74,32,31,0,137,0,0,28,0,28,74,32,59,0,165,22,0,22,187
12/16/2018,GRR,MI,AGL,CE,Towers with Radar,94,32,19,0,145,0,0,6,0,6,94,32,25,0,151,46,0,46,197
12/17/2018,GRR,MI,AGL,CE,Towers with Radar,98,41,52,0,191,0,3,31,0,34,98,44,83,0,225,58,0,58,283
12/18/2018,GRR,MI,AGL,CE,Towers with Radar,98,51,68,8,225,0,4,54,2,60,98,55,122,10,285,102,0,102,387
12/19/2018,GRR,MI,AGL,CE,Towers with Radar,91,46,51,2,190,0,4,51,0,55,91,50,102,2,245,96,0,96,341
12/20/2018,GRR,MI,AGL,CE,Towers with Radar,90,54,59,0,203,0,0,8,0,8,90,54,67,0,211,26,0,26,237
12/21/2018,GRR,MI,AGL,CE,Towers with Radar,92,53,39,0,184,0,0,0,0,0,92,53,39,0,184,0,0,0,184
12/22/2018,GRR,MI,AGL,CE,Towers with Radar,85,44,30,0,159,0,1,4,0,5,85,45,34,0,164,0,0,0,164
12/23/2018,GRR,MI,AGL,CE,Towers with Radar,85,37,14,0,136,0,3,1,0,4,85,40,15,0,140,0,0,0,140
12/24/2018,GRR,MI,AGL,CE,Towers with Radar,64,34,7,0,105,0,0,8,1,9,64,34,15,1,114,0,0,0,114
12/25/2018,GRR,MI,AGL,CE,Towers with Radar,60,28,7,0,95,0,0,0,0,0,60,28,7,0,95,0,0,0,95
12/26/2018,GRR,MI,AGL,CE,Towers with Radar,82,45,36,0,163,0,1,2,0,3,82,46,38,0,166,0,0,0,166
12/27/2018,GRR,MI,AGL,CE,Towers with Radar,85,46,43,0,174,0,0,0,0,0,85,46,43,0,174,0,0,0,174
12/28/2018,GRR,MI,AGL,CE,Towers with Radar,85,44,21,8,158,0,1,3,0,4,85,45,24,8,162,0,0,0,162
12/29/2018,GRR,MI,AGL,CE,Towers with Radar,85,35,7,0,127,0,0,4,0,4,85,35,11,0,131,0,0,0,131
12/30/2018,GRR,MI,AGL,CE,Towers with Radar,88,42,23,0,153,0,4,16,0,20,88,46,39,0,173,0,0,0,173
12/31/2018,GRR,MI,AGL,CE,Towers with Radar,75,35,8,0,118,0,0,0,0,0,75,35,8,0,118,0,0,0,118
01/01/2019,GRR,MI,AGL,CE,Towers with Radar,57,35,7,0,99,0,2,2,0,4,57,37,9,0,103,0,0,0,103
01/02/2019,GRR,MI,AGL,CE,Towers with Radar,80,40,22,0,142,0,0,0,0,0,80,40,22,0,142,0,0,0,142
01/03/2019,GRR,MI,AGL,CE,Towers with Radar,86,45,49,0,180,0,3,20,0,23,86,48,69,0,203,12,0,12,215
01/04/2019,GRR,MI,AGL,CE,Towers with Radar,85,49,43,0,177,0,2,40,0,42,85,51,83,0,219,44,0,44,263
01/05/2019,GRR,MI,AGL,CE,Towers with Radar,76,33,29,0,138,0,5,30,0,35,76,38,59,0,173,60,0,60,233
01/06/2019,GRR,MI,AGL,CE,Towers with Radar,81,40,28,0,149,0,2,19,0,21,81,42,47,0,170,16,0,16,186
01/07/2019,GRR,MI,AGL,CE,Towers with Radar,90,44,22,0,156,0,0,0,0,0,90,44,22,0,156,0,0,0,156
01/08/2019,GRR,MI,AGL,CE,Towers with Radar,83,50,42,4,179,0,0,2,0,2,83,50,44,4,181,0,0,0,181
01/09/2019,GRR,MI,AGL,CE,Towers with Radar,89,48,38,7,182,0,2,0,0,2,89,50,38,7,184,0,0,0,184
01/10/2019,GRR,MI,AGL,CE,Towers with Radar,99,50,51,0,200,0,2,8,0,10,99,52,59,0,210,64,0,64,274
01/11/2019,GRR,MI,AGL,CE,Towers with Radar,90,41,57,0,188,0,2,30,0,32,90,43,87,0,220,18,0,18,238
01/12/2019,GRR,MI,AGL,CE,Towers with Radar,74,37,14,0,125,1,3,16,0,20,75,40,30,0,145,50,0,50,195
01/13/2019,GRR,MI,AGL,CE,Towers with Radar,85,34,34,0,153,0,0,31,0,31,85,34,65,0,184,70,0,70,254
01/14/2019,GRR,MI,AGL,CE,Towers with Radar,91,41,47,0,179,0,4,13,0,17,91,45,60,0,196,80,0,80,276
01/15/2019,GRR,MI,AGL,CE,Towers with Radar,93,31,32,0,156,0,0,0,0,0,93,31,32,0,156,0,0,0,156
01/16/2019,GRR,MI,AGL,CE,Towers with Radar,86,46,40,0,172,0,3,23,0,26,86,49,63,0,198,26,0,26,224
01/17/2019,GRR,MI,AGL,CE,Towers with Radar,99,40,65,4,208,0,3,7,0,10,99,43,72,4,218,56,2,58,276
01/18/2019,GRR,MI,AGL,CE,Towers with Radar,90,44,46,0,180,0,0,27,0,27,90,44,73,0,207,92,0,92,299
01/19/2019,GRR,MI,AGL,CE,Towers with Radar,69,18,13,0,100,0,2,2,0,4,69,20,15,0,104,32,0,32,136
01/20/2019,GRR,MI,AGL,CE,Towers with Radar,75,32,18,0,125,0,2,12,0,14,75,34,30,0,139,60,0,60,199
01/21/2019,GRR,MI,AGL,CE,Towers with Radar,91,42,29,0,162,0,0,25,0,25,91,42,54,0,187,106,0,106,293
01/22/2019,GRR,MI,AGL,CE,Towers with Radar,77,31,48,0,156,0,2,8,0,10,77,33,56,0,166,20,0,20,186
01/23/2019,GRR,MI,AGL,CE,Towers with Radar,79,38,43,0,160,0,0,1,0,1,79,38,44,0,161,0,0,0,161
01/24/2019,GRR,MI,AGL,CE,Towers with Radar,102,40,54,0,196,0,0,12,0,12,102,40,66,0,208,0,0,0,208
01/25/2019,GRR,MI,AGL,CE,Towers with Radar,93,44,40,0,177,0,0,0,0,0,93,44,40,0,177,0,0,0,177
01/26/2019,GRR,MI,AGL,CE,Towers with Radar,77,31,15,1,124,0,0,8,0,8,77,31,23,1,132,4,0,4,136
01/27/2019,GRR,MI,AGL,CE,Towers with Radar,78,40,26,0,144,0,3,5,0,8,78,43,31,0,152,4,0,4,156
01/28/2019,GRR,MI,AGL,CE,Towers with Radar,55,10,9,0,74,0,0,0,0,0,55,10,9,0,74,0,0,0,74
01/29/2019,GRR,MI,AGL,CE,Towers with Radar,73,26,28,0,127,0,0,0,0,0,73,26,28,0,127,0,0,0,127
01/30/2019,GRR,MI,AGL,CE,Towers with Radar,54,19,19,0,92,0,0,0,0,0,54,19,19,0,92,0,0,0,92
01/31/2019,GRR,MI,AGL,CE,Towers with Radar,83,26,43,0,152,0,0,3,0,3,83,26,46,0,155,0,0,0,155
02/01/2019,GRR,MI,AGL,CE,Towers with Radar,93,43,43,0,179,0,2,29,0,31,93,45,72,0,210,38,0,38,248
02/02/2019,GRR,MI,AGL,CE,Towers with Radar,77,33,26,0,136,0,0,0,0,0,77,33,26,0,136,0,0,0,136
02/03/2019,GRR,MI,AGL,CE,Towers with Radar,76,27,22,0,125,0,0,0,0,0,76,27,22,0,125,0,0,0,125
02/04/2019,GRR,MI,AGL,CE,Towers with Radar,93,34,37,0,164,0,1,2,0,3,93,35,39,0,167,20,0,20,187
02/05/2019,GRR,MI,AGL,CE,Towers with Radar,80,31,42,0,153,0,0,6,0,6,80,31,48,0,159,56,0,56,215
02/06/2019,GRR,MI,AGL,CE,Towers with Radar,89,37,33,0,159,0,0,0,0,0,89,37,33,0,159,22,0,22,181
02/07/2019,GRR,MI,AGL,CE,Towers with Radar,98,30,39,0,167,0,0,0,0,0,98,30,39,0,167,0,0,0,167
02/08/2019,GRR,MI,AGL,CE,Towers with Radar,100,42,36,0,178,0,0,0,0,0,100,42,36,0,178,14,0,14,192
02/09/2019,GRR,MI,AGL,CE,Towers with Radar,76,28,28,1,133,0,3,60,1,64,76,31,88,2,197,94,0,94,291
02/10/2019,GRR,MI,AGL,CE,Towers with Radar,77,36,26,2,141,0,0,7,0,7,77,36,33,2,148,0,0,0,148
02/11/2019,GRR,MI,AGL,CE,Towers with Radar,88,39,54,8,189,0,2,6,0,8,88,41,60,8,197,0,0,0,197
02/12/2019,GRR,MI,AGL,CE,Towers with Radar,77,26,31,2,136,0,0,0,0,0,77,26,31,2,136,0,0,0,136
02/13/2019,GRR,MI,AGL,CE,Towers with Radar,99,48,41,0,188,0,2,12,0,14,99,50,53,0,202,0,0,0,202
02/14/2019,GRR,MI,AGL,CE,Towers with Radar,98,57,63,0,218,0,3,35,0,38,98,60,98,0,256,64,0,64,320
02/15/2019,GRR,MI,AGL,CE,Towers with Radar,92,50,44,0,186,0,2,0,0,2,92,52,44,0,188,0,0,0,188
02/16/2019,GRR,MI,AGL,CE,Towers with Radar,78,27,28,0,133,0,1,33,0,34,78,28,61,0,167,20,0,20,187
02/17/2019,GRR,MI,AGL,CE,Towers with Radar,75,25,21,0,121,0,2,2,0,4,75,27,23,0,125,0,0,0,125
02/18/2019,GRR,MI,AGL,CE,Towers with Radar,85,49,48,0,182,0,1,37,0,38,85,50,85,0,220,30,0,30,250
02/19/2019,GRR,MI,AGL,CE,Towers with Radar,85,54,60,0,199,0,1,65,0,66,85,55,125,0,265,68,0,68,333
02/20/2019,GRR,MI,AGL,CE,Towers with Radar,89,32,32,0,153,0,0,10,0,10,89,32,42,0,163,0,0,0,163
02/21/2019,GRR,MI,AGL,CE,Towers with Radar,96,53,87,3,239,0,1,37,5,43,96,54,124,8,282,30,2,32,314
02/22/2019,GRR,MI,AGL,CE,Towers with Radar,92,43,59,0,194,0,2,61,0,63,92,45,120,0,257,52,2,54,311
02/23/2019,GRR,MI,AGL,CE,Towers with Radar,73,40,13,0,126,0,0,0,0,0,73,40,13,0,126,0,0,0,126
02/24/2019,GRR,MI,AGL,CE,Towers with Radar,53,17,11,0,81,0,0,0,0,0,53,17,11,0,81,0,0,0,81
02/25/2019,GRR,MI,AGL,CE,Towers with Radar,78,48,38,0,164,0,0,6,0,6,78,48,44,0,170,0,0,0,170
02/26/2019,GRR,MI,AGL,CE,Towers with Radar,91,51,49,0,191,0,1,23,0,24,91,52,72,0,215,30,0,30,245
02/27/2019,GRR,MI,AGL,CE,Towers with Radar,94,47,46,4,191,0,0,0,0,0,94,47,46,4,191,0,0,0,191
02/28/2019,GRR,MI,AGL,CE,Towers with Radar,97,49,66,0,212,0,3,51,0,54,97,52,117,0,266,52,0,52,318
03/01/2019,GRR,MI,AGL,CE,Towers with Radar,91,47,51,0,189,0,2,31,0,33,91,49,82,0,222,38,0,38,260
03/02/2019,GRR,MI,AGL,CE,Towers with Radar,86,29,12,0,127,0,0,10,0,10,86,29,22,0,137,40,0,40,177
03/03/2019,GRR,MI,AGL,CE,Towers with Radar,89,38,22,1,150,0,4,6,1,11,89,42,28,2,161,26,0,26,187
03/04/2019,GRR,MI,AGL,CE,Towers with Radar,97,57,48,0,202,0,1,4,0,5,97,58,52,0,207,0,0,0,207
03/05/2019,GRR,MI,AGL,CE,Towers with Radar,95,49,31,2,177,0,0,0,0,0,95,49,31,2,177,0,0,0,177
03/06/2019,GRR,MI,AGL,CE,Towers with Radar,103,48,50,0,201,0,1,2,0,3,103,49,52,0,204,0,0,0,204
03/07/2019,GRR,MI,AGL,CE,Towers with Radar,109,52,67,6,234,0,3,41,0,44,109,55,108,6,278,58,0,58,336
03/08/2019,GRR,MI,AGL,CE,Towers with Radar,101,52,68,0,221,0,1,58,0,59,101,53,126,0,280,100,0,100,380
03/09/2019,GRR,MI,AGL,CE,Towers with Radar,83,32,21,0,136,0,2,6,0,8,83,34,27,0,144,18,0,18,162
03/10/2019,GRR,MI,AGL,CE,Towers with Radar,92,32,23,0,147,0,3,2,0,5,92,35,25,0,152,12,0,12,164
03/11/2019,GRR,MI,AGL,CE,Towers with Radar,96,51,62,0,209,0,2,31,0,33,96,53,93,0,242,72,0,72,314
03/12/2019,GRR,MI,AGL,CE,Towers with Radar,103,56,67,0,226,0,3,61,0,64,103,59,128,0,290,106,0,106,396
03/13/2019,GRR,MI,AGL,CE,Towers with Radar,100,48,35,0,183,0,0,6,0,6,100,48,41,0,189,0,0,0,189
03/14/2019,GRR,MI,AGL,CE,Towers with Radar,98,51,52,3,204,0,2,6,1,9,98,53,58,4,213,0,0,0,213
03/15/2019,GRR,MI,AGL,CE,Towers with Radar,105,41,42,0,188,0,0,0,0,0,105,41,42,0,188,0,0,0,188
03/16/2019,GRR,MI,AGL,CE,Towers with Radar,85,30,21,0,136,0,1,24,0,25,85,31,45,0,161,38,0,38,199
03/17/2019,GRR,MI,AGL,CE,Towers with Radar,99,37,21,0,157,0,2,17,0,19,99,39,38,0,176,32,0,32,208
03/18/2019,GRR,MI,AGL,CE,Towers with Radar,102,45,43,0,190,0,2,23,0,25,102,47,66,0,215,26,0,26,241
03/19/2019,GRR,MI,AGL,CE,Towers with Radar,102,53,71,6,232,0,3,44,8,55,102,56,115,14,287,68,0,68,355
03/20/2019,GRR,MI,AGL,CE,Towers with Radar,107,48,36,0,191,0,1,9,0,10,107,49,45,0,201,2,0,2,203
03/21/2019,GRR,MI,AGL,CE,Towers with Radar,103,57,64,1,225,0,0,14,1,15,103,57,78,2,240,6,0,6,246
03/22/2019,GRR,MI,AGL,CE,Towers with Radar,98,59,43,1,201,0,2,29,1,32,98,61,72,2,233,38,0,38,271
03/23/2019,GRR,MI,AGL,CE,Towers with Radar,81,30,31,0,142,0,5,62,0,67,81,35,93,0,209,44,0,44,253
03/24/2019,GRR,MI,AGL,CE,Towers with Radar,99,35,30,0,164,0,1,24,0,25,99,36,54,0,189,30,0,30,219
03/25/2019,GRR,MI,AGL,CE,Towers with Radar,99,46,64,4,213,0,2,33,4,39,99,48,97,8,252,48,0,48,300
03/26/2019,GRR,MI,AGL,CE,Towers with Radar,102,49,59,0,210,0,0,74,0,74,102,49,133,0,284,68,0,68,352
03/27/2019,GRR,MI,AGL,CE,Towers with Radar,107,49,70,1,227,0,2,42,8,52,107,51,112,9,279,64,0,64,343
03/28/2019,GRR,MI,AGL,CE,Towers with Radar,108,50,76,9,243,0,4,11,4,19,108,54,87,13,262,30,8,38,300
03/29/2019,GRR,MI,AGL,CE,Towers with Radar,102,47,49,16,214,0,5,23,0,28,102,52,72,16,242,80,10,90,332
03/30/2019,GRR,MI,AGL,CE,Towers with Radar,80,33,13,0,126,0,1,4,0,5,80,34,17,0,131,16,0,16,147
03/31/2019,GRR,MI,AGL,CE,Towers with Radar,104,28,24,0,156,0,1,7,0,8,104,29,31,0,164,0,0,0,164
04/01/2019,GRR,MI,AGL,CE,Towers with Radar,105,36,35,0,176,1,0,24,0,25,106,36,59,0,201,18,0,18,219
04/02/2019,GRR,MI,AGL,CE,Towers with Radar,111,34,35,10,190,0,4,8,1,13,111,38,43,11,203,32,4,36,239
04/03/2019,GRR,MI,AGL,CE,Towers with Radar,109,45,21,0,175,0,3,14,0,17,109,48,35,0,192,20,0,20,212
04/04/2019,GRR,MI,AGL,CE,Towers with Radar,106,44,46,13,209,0,4,18,1,23,106,48,64,14,232,22,0,22,254
04/05/2019,GRR,MI,AGL,CE,Towers with Radar,109,50,52,0,211,0,5,6,0,11,109,55,58,0,222,14,0,14,236
04/06/2019,GRR,MI,AGL,CE,Towers with Radar,88,34,39,0,161,0,2,15,0,17,88,36,54,0,178,10,0,10,188
04/07/2019,GRR,MI,AGL,CE,Towers with Radar,101,45,42,0,188,0,1,10,0,11,101,46,52,0,199,16,0,16,215
04/08/2019,GRR,MI,AGL,CE,Towers with Radar,100,43,46,0,189,0,2,24,0,26,100,45,70,0,215,60,0,60,275
04/09/2019,GRR,MI,AGL,CE,Towers with Radar,97,41,68,0,206,0,2,16,0,18,97,43,84,0,224,46,0,46,270
04/10/2019,GRR,MI,AGL,CE,Towers with Radar,102,42,59,0,203,0,0,17,0,17,102,42,76,0,220,38,0,38,258
04/11/2019,GRR,MI,AGL,CE,Towers with Radar,98,44,40,0,182,0,0,5,0,5,98,44,45,0,187,0,0,0,187
04/12/2019,GRR,MI,AGL,CE,Towers with Radar,102,44,32,12,190,0,2,8,0,10,102,46,40,12,200,4,4,8,208
04/13/2019,GRR,MI,AGL,CE,Towers with Radar,78,39,29,0,146,0,2,23,0,25,78,41,52,0,171,18,0,18,189
04/14/2019,GRR,MI,AGL,CE,Towers with Radar,77,22,19,0,118,0,1,2,0,3,77,23,21,0,121,0,0,0,121
04/15/2019,GRR,MI,AGL,CE,Towers with Radar,101,50,65,0,216,0,3,58,0,61,101,53,123,0,277,87,0,87,364
04/16/2019,GRR,MI,AGL,CE,Towers with Radar,97,41,75,6,219,0,0,15,0,15,97,41,90,6,234,34,4,38,272
04/17/2019,GRR,MI,AGL,CE,Towers with Radar,101,41,50,2,194,0,0,7,0,7,101,41,57,2,201,0,0,0,201
04/18/2019,GRR,MI,AGL,CE,Towers with Radar,101,48,76,0,225,0,1,1,0,2,101,49,77,0,227,0,0,0,227
04/19/2019,GRR,MI,AGL,CE,Towers with Radar,97,43,45,0,185,0,4,5,0,9,97,47,50,0,194,22,0,22,216
04/20/2019,GRR,MI,AGL,CE,Towers with Radar,71,38,10,0,119,0,3,19,0,22,71,41,29,0,141,0,0,0,141
04/21/2019,GRR,MI,AGL,CE,Towers with Radar,87,24,12,0,123,0,3,35,0,38,87,27,47,0,161,34,0,34,195
04/22/2019,GRR,MI,AGL,CE,Towers with Radar,99,44,60,0,203,0,2,61,0,63,99,46,121,0,266,66,0,66,332
04/23/2019,GRR,MI,AGL,CE,Towers with Radar,97,44,63,0,204,0,1,4,0,5,97,45,67,0,209,50,0,50,259
04/24/2019,GRR,MI,AGL,CE,Towers with Radar,100,41,68,1,210,0,2,52,4,58,100,43,120,5,268,94,2,96,364
04/25/2019,GRR,MI,AGL,CE,Towers with Radar,104,54,67,2,227,0,4,44,2,50,104,58,111,4,277,86,0,86,363
04/26/2019,GRR,MI,AGL,CE,Towers with Radar,102,44,44,0,190,0,2,9,0,11,102,46,53,0,201,62,0,62,263
04/27/2019,GRR,MI,AGL,CE,Towers with Radar,68,26,16,0,110,0,2,17,0,19,68,28,33,0,129,30,0,30,159
04/28/2019,GRR,MI,AGL,CE,Towers with Radar,97,32,39,0,168,1,2,52,0,55,98,34,91,0,223,18,0,18,241
04/29/2019,GRR,MI,AGL,CE,Towers with Radar,102,40,39,0,181,0,0,3,0,3,102,40,42,0,184,0,0,0,184
04/30/2019,GRR,MI,AGL,CE,Towers with Radar,91,35,63,0,189,0,1,1,0,2,91,36,64,0,191,24,0,24,215
05/01/2019,GRR,MI,AGL,CE,Towers with Radar,104,44,45,10,203,0,0,1,0,1,104,44,46,10,204,0,0,0,204
05/02/2019,GRR,MI,AGL,CE,Towers with Radar,91,48,66,0,205,0,0,0,0,0,91,48,66,0,205,0,0,0,205
05/03/2019,GRR,MI,AGL,CE,Towers with Radar,102,35,58,0,195,0,2,7,0,9,102,37,65,0,204,12,28,40,244
05/04/2019,GRR,MI,AGL,CE,Towers with Radar,83,21,14,0,118,8,3,58,0,69,91,24,72,0,187,0,0,0,187
05/05/2019,GRR,MI,AGL,CE,Towers with Radar,92,20,29,2,143,0,3,51,0,54,92,23,80,2,197,56,0,56,253
05/06/2019,GRR,MI,AGL,CE,Towers with Radar,99,27,38,0,164,0,0,27,0,27,99,27,65,0,191,116,0,116,307
05/07/2019,GRR,MI,AGL,CE,Towers with Radar,96,40,53,0,189,0,1,22,0,23,96,41,75,0,212,70,0,70,282
05/08/2019,GRR,MI,AGL,CE,Towers with Radar,103,44,60,0,207,0,1,25,0,26,103,45,85,0,233,66,0,66,299
05/09/2019,GRR,MI,AGL,CE,Towers with Radar,100,30,68,5,203,0,0,0,1,1,100,30,68,6,204,6,0,6,210
05/10/2019,GRR,MI,AGL,CE,Towers with Radar,111,47,61,12,231,0,4,22,0,26,111,51,83,12,257,94,20,114,371
05/11/2019,GRR,MI,AGL,CE,Towers with Radar,73,26,22,0,121,0,4,26,0,30,73,30,48,0,151,54,0,54,205
05/12/2019,GRR,MI,AGL,CE,Towers with Radar,88,22,19,0,129,0,1,12,0,13,88,23,31,0,142,18,0,18,160
05/13/2019,GRR,MI,AGL,CE,Towers with Radar,105,39,56,0,200,0,2,25,0,27,105,41,81,0,227,102,0,102,329
05/14/2019,GRR,MI,AGL,CE,Towers with Radar,98,32,77,0,207,0,2,45,0,47,98,34,122,0,254,68,2,70,324
05/15/2019,GRR,MI,AGL,CE,Towers with Radar,104,42,66,3,215,0,2,41,1,44,104,44,107,4,259,112,0,112,371
05/16/2019,GRR,MI,AGL,CE,Towers with Radar,102,39,84,1,226,0,5,28,0,33,102,44,112,1,259,6,0,6,265
05/17/2019,GRR,MI,AGL,CE,Towers with Radar,112,36,67,1,216,0,0,41,0,41,112,36,108,1,257,38,0,38,295
05/18/2019,GRR,MI,AGL,CE,Towers with Radar,73,19,33,0,125,0,5,29,0,34,73,24,62,0,159,24,0,24,183
05/19/2019,GRR,MI,AGL,CE,Towers with Radar,93,30,22,0,145,0,1,6,0,7,93,31,28,0,152,0,0,0,152
05/20/2019,GRR,MI,AGL,CE,Towers with Radar,103,30,60,0,193,0,0,15,0,15,103,30,75,0,208,90,0,90,298
05/21/2019,GRR,MI,AGL,CE,Towers with Radar,99,34,67,0,200,0,3,53,6,62,99,37,120,6,262,38,0,38,300
05/22/2019,GRR,MI,AGL,CE,Towers with Radar,109,34,79,1,223,0,4,12,1,17,109,38,91,2,240,50,0,50,290
05/23/2019,GRR,MI,AGL,CE,Towers with Radar,99,36,67,0,202,0,1,24,0,25,99,37,91,0,227,26,0,26,253
05/24/2019,GRR,MI,AGL,CE,Towers with Radar,102,36,34,0,172,0,5,14,0,19,102,41,48,0,191,10,0,10,201
05/25/2019,GRR,MI,AGL,CE,Towers with Radar,72,28,18,0,118,0,1,12,0,13,72,29,30,0,131,0,0,0,131
05/26/2019,GRR,MI,AGL,CE,Towers with Radar,70,21,17,0,108,0,5,9,0,14,70,26,26,0,122,22,0,22,144
05/27/2019,GRR,MI,AGL,CE,Towers with Radar,100,27,15,0,142,0,1,7,0,8,100,28,22,0,150,24,0,24,174
05/28/2019,GRR,MI,AGL,CE,Towers with Radar,102,32,67,0,201,0,1,0,0,1,102,33,67,0,202,0,0,0,202
05/29/2019,GRR,MI,AGL,CE,Towers with Radar,94,35,52,4,185,7,3,12,0,22,101,38,64,4,207,0,0,0,207
05/30/2019,GRR,MI,AGL,CE,Towers with Radar,90,29,66,0,185,15,6,19,0,40,105,35,85,0,225,54,0,54,279
05/31/2019,GRR,MI,AGL,CE,Towers with Radar,106,24,50,0,180,8,9,51,0,68,114,33,101,0,248,68,0,68,316
06/01/2019,GRR,MI,AGL,CE,Towers with Radar,73,19,20,0,112,7,5,9,0,21,80,24,29,0,133,0,0,0,133
06/02/2019,GRR,MI,AGL,CE,Towers with Radar,82,21,35,0,138,5,7,14,0,26,87,28,49,0,164,58,0,58,222
06/03/2019,GRR,MI,AGL,CE,Towers with Radar,96,25,42,0,163,11,13,37,0,61,107,38,79,0,224,60,0,60,284
06/04/2019,GRR,MI,AGL,CE,Towers with Radar,98,24,53,4,179,10,9,43,0,62,108,33,96,4,241,60,4,64,305
06/05/2019,GRR,MI,AGL,CE,Towers with Radar,99,30,81,0,210,9,5,18,2,34,108,35,99,2,244,26,0,26,270
06/06/2019,GRR,MI,AGL,CE,Towers with Radar,99,34,82,0,215,8,8,27,0,43,107,42,109,0,258,48,0,48,306
06/07/2019,GRR,MI,AGL,CE,Towers with Radar,97,35,32,0,164,12,9,77,0,98,109,44,109,0,262,110,0,110,372
06/08/2019,GRR,MI,AGL,CE,Towers with Radar,78,18,27,2,125,6,7,50,0,63,84,25,77,2,188,26,0,26,214
06/09/2019,GRR,MI,AGL,CE,Towers with Radar,79,26,29,0,134,6,7,2,0,15,85,33,31,0,149,0,0,0,149
06/10/2019,GRR,MI,AGL,CE,Towers with Radar,93,27,43,0,163,9,10,10,0,29,102,37,53,0,192,26,0,26,218
06/11/2019,GRR,MI,AGL,CE,Towers with Radar,86,38,52,0,176,8,5,61,0,74,94,43,113,0,250,84,0,84,334
06/12/2019,GRR,MI,AGL,CE,Towers with Radar,96,35,50,0,181,9,5,31,0,45,105,40,81,0,226,14,0,14,240
06/13/2019,GRR,MI,AGL,CE,Towers with Radar,88,37,38,0,163,7,9,17,0,33,95,46,55,0,196,12,0,12,208
06/14/2019,GRR,MI,AGL,CE,Towers with Radar,94,38,40,0,172,6,8,32,0,46,100,46,72,0,218,18,0,18,236
06/15/2019,GRR,MI,AGL,CE,Towers with Radar,74,19,16,0,109,10,6,5,0,21,84,25,21,0,130,8,0,8,138
06/16/2019,GRR,MI,AGL,CE,Towers with Radar,78,22,20,0,120,7,9,4,0,20,85,31,24,0,140,0,0,0,140
06/17/2019,GRR,MI,AGL,CE,Towers with Radar,91,36,45,0,172,13,8,18,0,39,104,44,63,0,211,70,0,70,281
06/18/2019,GRR,MI,AGL,CE,Towers with Radar,82,36,56,0,174,14,12,46,0,72,96,48,102,0,246,36,0,36,282
06/19/2019,GRR,MI,AGL,CE,Towers with Radar,93,43,55,4,195,11,6,27,0,44,104,49,82,4,239,30,0,30,269
06/20/2019,GRR,MI,AGL,CE,Towers with Radar,91,35,63,4,193,8,9,15,0,32,99,44,78,4,225,8,16,24,249
06/21/2019,GRR,MI,AGL,CE,Towers with Radar,92,33,34,0,159,11,10,37,0,58,103,43,71,0,217,28,0,28,245
06/22/2019,GRR,MI,AGL,CE,Towers with Radar,77,17,26,0,120,8,9,27,0,44,85,26,53,0,164,0,0,0,164
06/23/2019,GRR,MI,AGL,CE,Towers with Radar,76,31,19,0,126,10,7,15,0,32,86,38,34,0,158,0,0,0,158
06/24/2019,GRR,MI,AGL,CE,Towers with Radar,91,31,53,0,175,7,6,18,0,31,98,37,71,0,206,34,10,44,250
06/25/2019,GRR,MI,AGL,CE,Towers with Radar,89,31,63,0,183,9,12,43,0,64,98,43,106,0,247,18,0,18,265
06/26/2019,GRR,MI,AGL,CE,Towers with Radar,97,38,82,0,217,12,14,69,0,95,109,52,151,0,312,46,0,46,358
06/27/2019,GRR,MI,AGL,CE,Towers with Radar,97,33,54,0,184,8,9,44,0,61,105,42,98,0,245,16,0,16,261
06/28/2019,GRR,MI,AGL,CE,Towers with Radar,97,28,54,2,181,8,7,39,2,56,105,35,93,4,237,0,0,0,237
06/29/2019,GRR,MI,AGL,CE,Towers with Radar,75,26,11,0,112,6,5,17,0,28,81,31,28,0,140,0,0,0,140
06/30/2019,GRR,MI,AGL,CE,Towers with Radar,76,31,16,0,123,6,8,16,0,30,82,39,32,0,153,0,0,0,153
07/01/2019,GRR,MI,AGL,CE,Towers with Radar,80,40,44,0,164,6,13,39,0,58,86,53,83,0,222,0,0,0,222
07/02/2019,GRR,MI,AGL,CE,Towers with Radar,80,33,51,0,164,10,11,23,0,44,90,44,74,0,208,0,0,0,208
07/03/2019,GRR,MI,AGL,CE,Towers with Radar,84,40,35,0,159,5,8,14,0,27,89,48,49,0,186,22,0,22,208
07/04/2019,GRR,MI,AGL,CE,Towers with Radar,57,13,2,0,72,7,7,6,0,20,64,20,8,0,92,32,0,32,124
07/05/2019,GRR,MI,AGL,CE,Towers with Radar,74,30,11,1,116,6,8,15,1,30,80,38,26,2,146,20,0,20,166
07/06/2019,GRR,MI,AGL,CE,Towers with Radar,80,15,9,0,104,6,2,10,0,18,86,17,19,0,122,0,0,0,122
07/07/2019,GRR,MI,AGL,CE,Towers with Radar,87,22,32,0,141,8,10,41,0,59,95,32,73,0,200,60,0,60,260
07/08/2019,GRR,MI,AGL,CE,Towers with Radar,90,29,51,0,170,7,15,37,0,59,97,44,88,0,229,8,0,8,237
07/09/2019,GRR,MI,AGL,CE,Towers with Radar,92,43,56,13,204,6,7,58,0,71,98,50,114,13,275,52,8,60,335
07/10/2019,GRR,MI,AGL,CE,Towers with Radar,94,39,40,20,193,8,14,35,0,57,102,53,75,20,250,18,0,18,268
07/11/2019,GRR,MI,AGL,CE,Towers with Radar,84,33,63,1,181,11,8,40,1,60,95,41,103,2,241,52,0,52,293
07/12/2019,GRR,MI,AGL,CE,Towers with Radar,91,30,43,4,168,12,10,59,0,81,103,40,102,4,249,30,0,30,279
07/13/2019,GRR,MI,AGL,CE,Towers with Radar,76,14,17,0,107,11,8,19,0,38,87,22,36,0,145,26,0,26,171
07/14/2019,GRR,MI,AGL,CE,Towers with Radar,87,30,29,0,146,12,8,47,0,67,99,38,76,0,213,44,0,44,257
07/15/2019,GRR,MI,AGL,CE,Towers with Radar,92,33,45,2,172,11,6,27,0,44,103,39,72,2,216,18,0,18,234
07/16/2019,GRR,MI,AGL,CE,Towers with Radar,89,39,71,0,199,8,8,28,0,44,97,47,99,0,243,0,0,0,243
07/17/2019,GRR,MI,AGL,CE,Towers with Radar,96,38,76,0,210,10,8,41,0,59,106,46,117,0,269,0,0,0,269
07/18/2019,GRR,MI,AGL,CE,Towers with Radar,89,46,56,0,191,8,2,23,0,33,97,48,79,0,224,0,0,0,224
07/19/2019,GRR,MI,AGL,CE,Towers with Radar,91,29,74,0,194,12,9,18,0,39,103,38,92,0,233,42,0,42,275
07/20/2019,GRR,MI,AGL,CE,Towers with Radar,72,17,20,0,109,7,8,14,0,29,79,25,34,0,138,6,0,6,144
07/21/2019,GRR,MI,AGL,CE,Towers with Radar,79,35,26,0,140,9,5,26,0,40,88,40,52,0,180,38,0,38,218
07/22/2019,GRR,MI,AGL,CE,Towers with Radar,91,24,55,0,170,9,11,45,6,71,100,35,100,6,241,58,0,58,299
07/23/2019,GRR,MI,AGL,CE,Towers with Radar,89,40,69,1,199,13,8,34,0,55,102,48,103,1,254,12,20,32,286
07/24/2019,GRR,MI,AGL,CE,Towers with Radar,98,38,62,14,212,8,11,43,0,62,106,49,105,14,274,16,8,24,298
07/25/2019,GRR,MI,AGL,CE,Towers with Radar,89,33,70,0,192,8,11,72,0,91,97,44,142,0,283,42,0,42,325
07/26/2019,GRR,MI,AGL,CE,Towers with Radar,89,35,54,1,179,11,7,32,0,50,100,42,86,1,229,4,0,4,233
07/27/2019,GRR,MI,AGL,CE,Towers with Radar,80,21,21,0,122,9,9,14,0,32,89,30,35,0,154,14,0,14,168
07/28/2019,GRR,MI,AGL,CE,Towers with Radar,84,23,19,1,127,9,10,23,0,42,93,33,42,1,169,52,0,52,221
07/29/2019,GRR,MI,AGL,CE,Towers with Radar,91,28,29,0,148,7,10,20,0,37,98,38,49,0,185,0,0,0,185
07/30/2019,GRR,MI,AGL,CE,Towers with Radar,87,37,56,0,180,11,8,34,0,53,98,45,90,0,233,26,0,26,259
07/31/2019,GRR,MI,AGL,CE,Towers with Radar,91,38,63,0,192,11,6,52,0,69,102,44,115,0,261,62,0,62,323
08/01/2019,GRR,MI,AGL,CE,Towers with Radar,100,43,50,0,193,0,2,44,0,46,100,45,94,0,239,56,0,56,295
08/02/2019,GRR,MI,AGL,CE,Towers with Radar,98,36,45,0,179,0,5,35,0,40,98,41,80,0,219,66,0,66,285
08/03/2019,GRR,MI,AGL,CE,Towers with Radar,87,23,19,0,129,0,2,17,0,19,87,25,36,0,148,26,0,26,174
08/04/2019,GRR,MI,AGL,CE,Towers with Radar,90,32,30,0,152,0,2,20,0,22,90,34,50,0,174,64,0,64,238
08/05/2019,GRR,MI,AGL,CE,Towers with Radar,100,35,68,1,204,0,1,22,0,23,100,36,90,1,227,20,0,20,247
08/06/2019,GRR,MI,AGL,CE,Towers with Radar,97,40,59,2,198,0,3,15,1,19,97,43,74,3,217,6,8,14,231
08/07/2019,GRR,MI,AGL,CE,Towers with Radar,103,34,61,0,198,0,2,36,0,38,103,36,97,0,236,66,0,66,302
08/08/2019,GRR,MI,AGL,CE,Towers with Radar,100,44,63,8,215,0,3,20,0,23,100,47,83,8,238,36,8,44,282
08/09/2019,GRR,MI,AGL,CE,Towers with Radar,102,47,62,0,211,0,3,44,0,47,102,50,106,0,258,42,0,42,300
08/10/2019,GRR,MI,AGL,CE,Towers with Radar,89,20,25,0,134,0,5,31,0,36,89,25,56,0,170,4,0,4,174
08/11/2019,GRR,MI,AGL,CE,Towers with Radar,90,34,35,0,159,0,3,13,0,16,90,37,48,0,175,38,0,38,213
08/12/2019,GRR,MI,AGL,CE,Towers with Radar,103,39,53,0,195,0,3,13,0,16,103,42,66,0,211,16,0,16,227
08/13/2019,GRR,MI,AGL,CE,Towers with Radar,100,40,72,0,212,0,1,24,0,25,100,41,96,0,237,27,0,27,264
08/14/2019,GRR,MI,AGL,CE,Towers with Radar,100,47,54,0,201,0,2,31,0,33,100,49,85,0,234,22,0,22,256
08/15/2019,GRR,MI,AGL,CE,Towers with Radar,100,48,77,0,225,0,5,28,2,35,100,53,105,2,260,26,0,26,286
08/16/2019,GRR,MI,AGL,CE,Towers with Radar,109,43,52,0,204,0,2,20,1,23,109,45,72,1,227,30,0,30,257
08/17/2019,GRR,MI,AGL,CE,Towers with Radar,89,26,18,0,133,0,1,20,0,21,89,27,38,0,154,72,0,72,226
08/18/2019,GRR,MI,AGL,CE,Towers with Radar,90,27,16,0,133,0,3,13,0,16,90,30,29,0,149,18,0,18,167
08/19/2019,GRR,MI,AGL,CE,Towers with Radar,102,42,60,0,204,0,3,25,0,28,102,45,85,0,232,0,0,0,232
08/20/2019,GRR,MI,AGL,CE,Towers with Radar,86,42,56,0,184,0,1,13,0,14,86,43,69,0,198,14,0,14,212
08/21/2019,GRR,MI,AGL,CE,Towers with Radar,102,49,58,0,209,0,4,31,0,35,102,53,89,0,244,36,0,36,280
08/22/2019,GRR,MI,AGL,CE,Towers with Radar,106,43,72,4,225,0,0,39,0,39,106,43,111,4,264,54,6,60,324
08/23/2019,GRR,MI,AGL,CE,Towers with Radar,106,40,42,4,192,0,1,36,0,37,106,41,78,4,229,76,10,86,315
08/24/2019,GRR,MI,AGL,CE,Towers with Radar,91,30,22,0,143,0,3,19,0,22,91,33,41,0,165,24,0,24,189
08/25/2019,GRR,MI,AGL,CE,Towers with Radar,91,35,40,0,166,0,3,14,0,17,91,38,54,0,183,100,0,100,283
08/26/2019,GRR,MI,AGL,CE,Towers with Radar,104,39,35,0,178,0,2,25,0,27,104,41,60,0,205,16,0,16,221
08/27/2019,GRR,MI,AGL,CE,Towers with Radar,96,41,54,0,191,0,1,35,2,38,96,42,89,2,229,28,0,28,257
08/28/2019,GRR,MI,AGL,CE,Towers with Radar,100,43,77,1,221,0,2,31,1,34,100,45,108,2,255,40,0,40,295
08/29/2019,GRR,MI,AGL,CE,Towers with Radar,99,47,72,0,218,0,2,22,0,24,99,49,94,0,242,10,0,10,252
08/30/2019,GRR,MI,AGL,CE,Towers with Radar,104,36,36,0,176,0,2,41,0,43,104,38,77,0,219,46,0,46,265
08/31/2019,GRR,MI,AGL,CE,Towers with Radar,69,24,11,0,104,0,3,14,0,17,69,27,25,0,121,8,0,8,129
09/01/2019,GRR,MI,AGL,CE,Towers with Radar,64,24,24,0,112,0,0,19,0,19,64,24,43,0,131,36,0,36,167
09/02/2019,GRR,MI,AGL,CE,Towers with Radar,95,26,25,0,146,0,1,27,0,28,95,27,52,0,174,48,0,48,222
09/03/2019,GRR,MI,AGL,CE,Towers with Radar,80,32,40,0,152,0,1,9,0,10,80,33,49,0,162,0,0,0,162
09/04/2019,GRR,MI,AGL,CE,Towers with Radar,95,38,76,0,209,0,4,48,0,52,95,42,124,0,261,38,0,38,299
09/05/2019,GRR,MI,AGL,CE,Towers with Radar,102,40,52,0,194,0,1,43,0,44,102,41,95,0,238,48,0,48,286
09/06/2019,GRR,MI,AGL,CE,Towers with Radar,99,36,52,0,187,0,1,6,0,7,99,37,58,0,194,22,0,22,216
09/07/2019,GRR,MI,AGL,CE,Towers with Radar,82,18,23,0,123,0,1,49,0,50,82,19,72,0,173,16,0,16,189
09/08/2019,GRR,MI,AGL,CE,Towers with Radar,99,28,37,0,164,0,0,18,0,18,99,28,55,0,182,8,0,8,190
09/09/2019,GRR,MI,AGL,CE,Towers with Radar,106,36,56,6,204,0,3,11,0,14,106,39,67,6,218,50,0,50,268
09/10/2019,GRR,MI,AGL,CE,Towers with Radar,89,45,50,0,184,0,2,19,1,22,89,47,69,1,206,34,0,34,240
09/11/2019,GRR,MI,AGL,CE,Towers with Radar,102,34,52,0,188,0,0,27,0,27,102,34,79,0,215,28,0,28,243
09/12/2019,GRR,MI,AGL,CE,Towers with Radar,108,37,67,0,212,0,0,2,0,2,108,37,69,0,214,4,0,4,218
09/13/2019,GRR,MI,AGL,CE,Towers with Radar,114,39,41,4,198,0,2,9,0,11,114,41,50,4,209,8,0,8,217
09/14/2019,GRR,MI,AGL,CE,Towers with Radar,83,19,13,0,115,0,1,28,0,29,83,20,41,0,144,38,0,38,182
09/15/2019,GRR,MI,AGL,CE,Towers with Radar,98,31,31,0,160,0,2,7,0,9,98,33,38,0,169,36,0,36,205
09/16/2019,GRR,MI,AGL,CE,Towers with Radar,110,32,49,0,191,0,0,46,0,46,110,32,95,0,237,70,0,70,307
09/17/2019,GRR,MI,AGL,CE,Towers with Radar,90,41,78,0,209,0,1,44,0,45,90,42,122,0,254,46,0,46,300
09/18/2019,GRR,MI,AGL,CE,Towers with Radar,98,45,47,0,190,0,1,58,0,59,98,46,105,0,249,112,0,112,361
09/19/2019,GRR,MI,AGL,CE,Towers with Radar,104,37,75,0,216,0,2,51,0,53,104,39,126,0,269,90,0,90,359
09/20/2019,GRR,MI,AGL,CE,Towers with Radar,109,35,61,3,208,0,1,58,0,59,109,36,119,3,267,24,0,24,291
09/21/2019,GRR,MI,AGL,CE,Towers with Radar,86,18,20,0,124,0,1,16,0,17,86,19,36,0,141,60,0,60,201
09/22/2019,GRR,MI,AGL,CE,Towers with Radar,97,29,32,0,158,0,0,0,0,0,97,29,32,0,158,0,0,0,158
09/23/2019,GRR,MI,AGL,CE,Towers with Radar,106,36,47,0,189,0,2,27,0,29,106,38,74,0,218,24,14,38,256
09/24/2019,GRR,MI,AGL,CE,Towers with Radar,100,32,64,0,196,0,3,45,0,48,100,35,109,0,244,52,0,52,296
09/25/2019,GRR,MI,AGL,CE,Towers with Radar,103,41,65,0,209,0,2,19,0,21,103,43,84,0,230,8,0,8,238
09/26/2019,GRR,MI,AGL,CE,Towers with Radar,111,37,62,0,210,0,5,20,0,25,111,42,82,0,235,16,0,16,251
09/27/2019,GRR,MI,AGL,CE,Towers with Radar,106,40,39,0,185,0,1,9,0,10,106,41,48,0,195,4,0,4,199
09/28/2019,GRR,MI,AGL,CE,Towers with Radar,83,21,25,0,129,0,3,8,0,11,83,24,33,0,140,8,0,8,148
09/29/2019,GRR,MI,AGL,CE,Towers with Radar,93,21,30,0,144,0,0,1,0,1,93,21,31,0,145,0,0,0,145
09/30/2019,GRR,MI,AGL,CE,Towers with Radar,107,37,39,0,183,0,1,16,0,17,107,38,55,0,200,34,0,34,234
10/01/2019,GRR,MI,AGL,CE,Towers with Radar,97,41,46,0,184,0,0,25,0,25,97,41,71,0,209,46,0,46,255
10/02/2019,GRR,MI,AGL,CE,Towers with Radar,104,36,51,0,191,0,0,1,0,1,104,36,52,0,192,0,0,0,192
10/03/2019,GRR,MI,AGL,CE,Towers with Radar,109,36,49,0,194,0,0,2,0,2,109,36,51,0,196,20,0,20,216
10/04/2019,GRR,MI,AGL,CE,Towers with Radar,112,41,61,0,214,0,1,39,0,40,112,42,100,0,254,102,0,102,356
10/05/2019,GRR,MI,AGL,CE,Towers with Radar,86,18,34,0,138,0,1,25,0,26,86,19,59,0,164,44,0,44,208
10/06/2019,GRR,MI,AGL,CE,Towers with Radar,97,32,33,0,162,0,3,15,0,18,97,35,48,0,180,54,0,54,234
10/07/2019,GRR,MI,AGL,CE,Towers with Radar,109,33,67,2,211,0,1,55,2,58,109,34,122,4,269,112,0,112,381
10/08/2019,GRR,MI,AGL,CE,Towers with Radar,95,36,70,0,201,0,3,70,0,73,95,39,140,0,274,0,0,0,274
10/09/2019,GRR,MI,AGL,CE,Towers with Radar,102,35,58,4,199,0,2,56,0,58,102,37,114,4,257,134,8,142,399
10/10/2019,GRR,MI,AGL,CE,Towers with Radar,105,40,54,0,199,0,2,48,0,50,105,42,102,0,249,62,0,62,311
10/11/2019,GRR,MI,AGL,CE,Towers with Radar,112,46,40,0,198,0,0,10,0,10,112,46,50,0,208,0,0,0,208
10/12/2019,GRR,MI,AGL,CE,Towers with Radar,83,24,28,0,135,0,1,6,0,7,83,25,34,0,142,46,0,46,188
10/13/2019,GRR,MI,AGL,CE,Towers with Radar,103,34,24,0,161,0,1,6,0,7,103,35,30,0,168,18,0,18,186
10/14/2019,GRR,MI,AGL,CE,Towers with Radar,112,39,57,0,208,0,2,44,0,46,112,41,101,0,254,89,0,89,343
10/15/2019,GRR,MI,AGL,CE,Towers with Radar,103,43,65,6,217,1,0,20,2,23,104,43,85,8,240,84,0,84,324
10/16/2019,GRR,MI,AGL,CE,Towers with Radar,100,48,56,0,204,0,0,2,0,2,100,48,58,0,206,18,0,18,224
10/17/2019,GRR,MI,AGL,CE,Towers with Radar,107,42,58,0,207,0,2,45,0,47,107,44,103,0,254,62,0,62,316
10/18/2019,GRR,MI,AGL,CE,Towers with Radar,117,40,52,0,209,0,0,37,0,37,117,40,89,0,246,118,0,118,364
10/19/2019,GRR,MI,AGL,CE,Towers with Radar,88,22,19,0,129,0,4,34,0,38,88,26,53,0,167,34,0,34,201
10/20/2019,GRR,MI,AGL,CE,Towers with Radar,96,42,29,0,167,0,5,30,0,35,96,47,59,0,202,10,0,10,212
10/21/2019,GRR,MI,AGL,CE,Towers with Radar,106,35,46,0,187,0,2,3,0,5,106,37,49,0,192,38,0,38,230
10/22/2019,GRR,MI,AGL,CE,Towers with Radar,101,41,45,4,191,0,7,4,2,13,101,48,49,6,204,0,0,0,204
10/23/2019,GRR,MI,AGL,CE,Towers with Radar,104,47,42,0,193,0,4,21,0,25,104,51,63,0,218,14,0,14,232
10/24/2019,GRR,MI,AGL,CE,Towers with Radar,112,37,85,2,236,0,1,27,0,28,112,38,112,2,264,82,0,82,346
10/25/2019,GRR,MI,AGL,CE,Towers with Radar,116,48,44,1,209,0,1,34,1,36,116,49,78,2,245,46,0,46,291
10/26/2019,GRR,MI,AGL,CE,Towers with Radar,88,18,22,0,128,0,1,18,0,19,88,19,40,0,147,0,0,0,147
10/27/2019,GRR,MI,AGL,CE,Towers with Radar,99,25,33,0,157,0,1,7,0,8,99,26,40,0,165,14,0,14,179
10/28/2019,GRR,MI,AGL,CE,Towers with Radar,101,46,54,0,201,0,3,5,0,8,101,49,59,0,209,78,0,78,287
10/29/2019,GRR,MI,AGL,CE,Towers with Radar,90,40,48,3,181,0,1,0,1,2,90,41,48,4,183,30,0,30,213
10/30/2019,GRR,MI,AGL,CE,Towers with Radar,93,35,37,0,165,0,0,0,0,0,93,35,37,0,165,0,0,0,165
10/31/2019,GRR,MI,AGL,CE,Towers with Radar,88,33,27,0,148,0,0,1,0,1,88,33,28,0,149,0,0,0,149
11/01/2019,GRR,MI,AGL,CE,Towers with Radar,105,34,49,0,188,1,1,32,0,34,106,35,81,0,222,82,0,82,304
11/02/2019,GRR,MI,AGL,CE,Towers with Radar,83,24,23,0,130,0,0,0,0,0,83,24,23,0,130,0,0,0,130
11/03/2019,GRR,MI,AGL,CE,Towers with Radar,107,27,37,10,181,0,5,14,0,19,107,32,51,10,200,26,2,28,228
11/04/2019,GRR,MI,AGL,CE,Towers with Radar,113,28,69,0,210,0,1,18,0,19,113,29,87,0,229,64,0,64,293
11/05/2019,GRR,MI,AGL,CE,Towers with Radar,92,44,54,7,197,0,0,20,1,21,92,44,74,8,218,88,8,96,314
11/06/2019,GRR,MI,AGL,CE,Towers with Radar,95,40,52,0,187,0,2,2,0,4,95,42,54,0,191,20,0,20,211
11/07/2019,GRR,MI,AGL,CE,Towers with Radar,116,43,58,1,218,0,4,17,1,22,116,47,75,2,240,34,0,34,274
11/08/2019,GRR,MI,AGL,CE,Towers with Radar,115,33,44,0,192,0,1,21,0,22,115,34,65,0,214,88,0,88,302
11/09/2019,GRR,MI,AGL,CE,Towers with Radar,86,18,20,0,124,0,2,16,0,18,86,20,36,0,142,46,0,46,188
11/10/2019,GRR,MI,AGL,CE,Towers with Radar,108,27,26,0,161,0,0,2,0,2,108,27,28,0,163,0,0,0,163
11/11/2019,GRR,MI,AGL,CE,Towers with Radar,84,23,33,0,140,0,2,0,0,2,84,25,33,0,142,0,0,0,142
11/12/2019,GRR,MI,AGL,CE,Towers with Radar,95,38,61,0,194,0,2,11,0,13,95,40,72,0,207,58,0,58,265
11/13/2019,GRR,MI,AGL,CE,Towers with Radar,99,42,73,0,214,0,6,13,0,19,99,48,86,0,233,160,0,160,393
11/14/2019,GRR,MI,AGL,CE,Towers with Radar,117,42,49,0,208,0,1,3,0,4,117,43,52,0,212,0,0,0,212
11/15/2019,GRR,MI,AGL,CE,Towers with Radar,120,54,59,0,233,0,2,21,0,23,120,56,80,0,256,108,0,108,364
11/16/2019,GRR,MI,AGL,CE,Towers with Radar,85,22,36,1,144,0,3,44,0,47,85,25,80,1,191,50,0,50,241
11/17/2019,GRR,MI,AGL,CE,Towers with Radar,110,28,32,1,171,0,1,34,0,35,110,29,66,1,206,56,0,56,262
11/18/2019,GRR,MI,AGL,CE,Towers with Radar,117,34,58,0,209,0,0,5,0,5,117,34,63,0,214,120,0,120,334
11/19/2019,GRR,MI,AGL,CE,Towers with Radar,99,42,57,2,200,0,1,6,0,7,99,43,63,2,207,100,0,100,307
11/20/2019,GRR,MI,AGL,CE,Towers with Radar,106,35,60,0,201,0,1,13,0,14,106,36,73,0,215,78,0,78,293
11/21/2019,GRR,MI,AGL,CE,Towers with Radar,118,29,56,0,203,0,0,0,0,0,118,29,56,0,203,36,0,36,239
11/22/2019,GRR,MI,AGL,CE,Towers with Radar,126,33,46,0,205,0,3,32,0,35,126,36,78,0,240,0,0,0,240
11/23/2019,GRR,MI,AGL,CE,Towers with Radar,96,21,45,0,162,0,2,43,0,45,96,23,88,0,207,108,0,108,315
11/24/2019,GRR,MI,AGL,CE,Towers with Radar,104,22,32,0,158,0,0,27,0,27,104,22,59,0,185,24,0,24,209
11/25/2019,GRR,MI,AGL,CE,Towers with Radar,112,25,48,0,185,0,6,41,0,47,112,31,89,0,232,118,0,118,350
11/26/2019,GRR,MI,AGL,CE,Towers with Radar,110,29,53,0,192,0,3,29,1,33,110,32,82,1,225,142,0,142,367
11/27/2019,GRR,MI,AGL,CE,Towers with Radar,126,29,21,0,176,0,0,0,0,0,126,29,21,0,176,0,0,0,176
11/28/2019,GRR,MI,AGL,CE,Towers with Radar,60,14,9,0,83,0,1,3,0,4,60,15,12,0,87,0,0,0,87
11/29/2019,GRR,MI,AGL,CE,Towers with Radar,87,18,24,0,129,0,4,10,2,16,87,22,34,2,145,70,0,70,215
11/30/2019,GRR,MI,AGL,CE,Towers with Radar,117,23,13,0,153,0,0,0,0,0,117,23,13,0,153,0,0,0,153
12/01/2019,GRR,MI,AGL,CE,Towers with Radar,100,23,27,0,150,0,0,0,0,0,100,23,27,0,150,0,0,0,150
12/02/2019,GRR,MI,AGL,CE,Towers with Radar,117,37,45,2,201,0,1,5,0,6,117,38,50,2,207,0,0,0,207
12/03/2019,GRR,MI,AGL,CE,Towers with Radar,98,35,54,0,187,0,2,10,0,12,98,37,64,0,199,20,0,20,219
12/04/2019,GRR,MI,AGL,CE,Towers with Radar,108,46,57,20,231,0,2,8,0,10,108,48,65,20,241,8,10,18,259
12/05/2019,GRR,MI,AGL,CE,Towers with Radar,114,30,81,3,228,0,1,41,1,43,114,31,122,4,271,64,0,64,335
12/06/2019,GRR,MI,AGL,CE,Towers with Radar,122,36,33,2,193,0,0,19,0,19,122,36,52,2,212,64,0,64,276
12/07/2019,GRR,MI,AGL,CE,Towers with Radar,86,19,30,0,135,0,2,35,0,37,86,21,65,0,172,28,0,28,200
12/08/2019,GRR,MI,AGL,CE,Towers with Radar,107,26,27,0,160,0,1,3,0,4,107,27,30,0,164,22,0,22,186
12/09/2019,GRR,MI,AGL,CE,Towers with Radar,116,31,53,0,200,0,0,0,0,0,116,31,53,0,200,4,0,4,204
12/10/2019,GRR,MI,AGL,CE,Towers with Radar,100,36,58,0,194,0,0,4,0,4,100,36,62,0,198,0,0,0,198
12/11/2019,GRR,MI,AGL,CE,Towers with Radar,112,46,60,0,218,0,1,19,0,20,112,47,79,0,238,46,0,46,284
12/12/2019,GRR,MI,AGL,CE,Towers with Radar,119,36,60,0,215,0,2,16,0,18,119,38,76,0,233,42,0,42,275
12/13/2019,GRR,MI,AGL,CE,Towers with Radar,121,35,61,0,217,0,1,38,0,39,121,36,99,0,256,102,0,102,358
12/14/2019,GRR,MI,AGL,CE,Towers with Radar,86,17,10,0,113,0,0,0,0,0,86,17,10,0,113,0,0,0,113
12/15/2019,GRR,MI,AGL,CE,Towers with Radar,105,26,35,0,166,0,0,5,0,5,105,26,40,0,171,0,0,0,171
12/16/2019,GRR,MI,AGL,CE,Towers with Radar,115,30,49,0,194,0,3,8,0,11,115,33,57,0,205,20,0,20,225
12/17/2019,GRR,MI,AGL,CE,Towers with Radar,98,32,61,1,192,0,0,23,1,24,98,32,84,2,216,44,0,44,260
12/18/2019,GRR,MI,AGL,CE,Towers with Radar,103,33,56,3,195,0,2,9,1,12,103,35,65,4,207,16,0,16,223
12/19/2019,GRR,MI,AGL,CE,Towers with Radar,115,38,77,0,230,0,2,24,0,26,115,40,101,0,256,0,0,0,256
12/20/2019,GRR,MI,AGL,CE,Towers with Radar,125,33,68,0,226,0,2,28,0,30,125,35,96,0,256,70,0,70,326
12/21/2019,GRR,MI,AGL,CE,Towers with Radar,107,32,17,0,156,0,1,33,0,34,107,33,50,0,190,20,0,20,210
12/22/2019,GRR,MI,AGL,CE,Towers with Radar,100,30,21,0,151,0,4,22,0,26,100,34,43,0,177,36,0,36,213
12/23/2019,GRR,MI,AGL,CE,Towers with Radar,115,33,36,2,186,0,2,23,1,26,115,35,59,3,212,12,0,12,224
12/24/2019,GRR,MI,AGL,CE,Towers with Radar,79,28,9,0,116,0,0,0,0,0,79,28,9,0,116,0,0,0,116
12/25/2019,GRR,MI,AGL,CE,Towers with Radar,73,18,5,0,96,0,0,2,0,2,73,18,7,0,98,0,0,0,98
12/26/2019,GRR,MI,AGL,CE,Towers with Radar,110,34,60,0,204,0,3,19,0,22,110,37,79,0,226,52,0,52,278
12/27/2019,GRR,MI,AGL,CE,Towers with Radar,115,37,48,0,200,0,1,2,0,3,115,38,50,0,203,0,0,0,203
12/28/2019,GRR,MI,AGL,CE,Towers with Radar,107,34,21,0,162,0,3,11,0,14,107,37,32,0,176,28,0,28,204
12/29/2019,GRR,MI,AGL,CE,Towers with Radar,91,27,12,0,130,0,0,0,0,0,91,27,12,0,130,0,0,0,130
12/30/2019,GRR,MI,AGL,CE,Towers with Radar,109,37,16,0,162,0,0,1,0,1,109,37,17,0,163,0,0,0,163
12/31/2019,GRR,MI,AGL,CE,Towers with Radar,77,23,12,0,112,0,0,0,0,0,77,23,12,0,112,0,0,0,112
01/01/2020,GRR,MI,AGL,CE,Towers with Radar,76,18,16,0,110,0,3,22,0,25,76,21,38,0,135,26,0,26,161
01/02/2020,GRR,MI,AGL,CE,Towers with Radar,105,31,33,8,177,0,3,18,0,21,105,34,51,8,198,44,6,50,248
01/03/2020,GRR,MI,AGL,CE,Towers with Radar,113,32,38,0,183,0,0,2,0,2,113,32,40,0,185,0,0,0,185
01/04/2020,GRR,MI,AGL,CE,Towers with Radar,94,30,25,0,149,0,0,2,0,2,94,30,27,0,151,0,0,0,151
01/05/2020,GRR,MI,AGL,CE,Towers with Radar,103,32,23,0,158,0,0,0,0,0,103,32,23,0,158,0,0,0,158
01/06/2020,GRR,MI,AGL,CE,Towers with Radar,116,30,48,0,194,0,2,15,0,17,116,32,63,0,211,12,0,12,223
01/07/2020,GRR,MI,AGL,CE,Towers with Radar,102,22,43,0,167,0,0,13,0,13,102,22,56,0,180,26,0,26,206
01/08/2020,GRR,MI,AGL,CE,Towers with Radar,113,27,40,2,182,0,2,17,0,19,113,29,57,2,201,0,0,0,201
01/09/2020,GRR,MI,AGL,CE,Towers with Radar,115,26,31,2,174,0,1,5,0,6,115,27,36,2,180,8,0,8,188
01/10/2020,GRR,MI,AGL,CE,Towers with Radar,91,21,33,0,145,0,0,0,0,0,91,21,33,0,145,0,0,0,145
01/11/2020,GRR,MI,AGL,CE,Towers with Radar,30,3,11,0,44,0,0,0,0,0,30,3,11,0,44,0,0,0,44
01/12/2020,GRR,MI,AGL,CE,Towers with Radar,100,12,32,0,144,0,1,11,0,12,100,13,43,0,156,49,0,49,205
01/13/2020,GRR,MI,AGL,CE,Towers with Radar,122,23,50,0,195,0,0,1,0,1,122,23,51,0,196,30,0,30,226
01/14/2020,GRR,MI,AGL,CE,Towers with Radar,100,21,50,2,173,0,1,1,0,2,100,22,51,2,175,0,0,0,175
01/15/2020,GRR,MI,AGL,CE,Towers with Radar,113,22,39,0,174,0,0,3,0,3,113,22,42,0,177,4,0,4,181
01/16/2020,GRR,MI,AGL,CE,Towers with Radar,113,27,49,0,189,0,1,1,0,2,113,28,50,0,191,0,0,0,191
01/17/2020,GRR,MI,AGL,CE,Towers with Radar,122,24,42,0,188,0,2,50,0,52,122,26,92,0,240,42,0,42,282
01/18/2020,GRR,MI,AGL,CE,Towers with Radar,95,11,10,0,116,0,0,0,0,0,95,11,10,0,116,0,0,0,116
01/19/2020,GRR,MI,AGL,CE,Towers with Radar,99,13,27,0,139,0,2,7,0,9,99,15,34,0,148,0,0,0,148
01/20/2020,GRR,MI,AGL,CE,Towers with Radar,117,23,38,0,178,0,0,20,0,20,117,23,58,0,198,20,0,20,218
01/21/2020,GRR,MI,AGL,CE,Towers with Radar,95,20,60,0,175,0,2,19,2,23,95,22,79,2,198,0,0,0,198
01/22/2020,GRR,MI,AGL,CE,Towers with Radar,115,23,66,0,204,0,1,29,0,30,115,24,95,0,234,36,0,36,270
01/23/2020,GRR,MI,AGL,CE,Towers with Radar,114,31,57,0,202,0,0,10,0,10,114,31,67,0,212,46,0,46,258
01/24/2020,GRR,MI,AGL,CE,Towers with Radar,130,19,35,0,184,0,0,0,0,0,130,19,35,0,184,0,0,0,184
01/25/2020,GRR,MI,AGL,CE,Towers with Radar,99,17,12,0,128,0,0,0,0,0,99,17,12,0,128,0,0,0,128
01/26/2020,GRR,MI,AGL,CE,Towers with Radar,110,20,22,0,152,0,0,0,0,0,110,20,22,0,152,0,0,0,152
01/27/2020,GRR,MI,AGL,CE,Towers with Radar,121,19,43,0,183,0,3,3,0,6,121,22,46,0,189,0,0,0,189
01/28/2020,GRR,MI,AGL,CE,Towers with Radar,98,20,28,0,146,0,1,2,0,3,98,21,30,0,149,0,0,0,149
01/29/2020,GRR,MI,AGL,CE,Towers with Radar,112,27,61,0,200,0,1,12,0,13,112,28,73,0,213,0,0,0,213
01/30/2020,GRR,MI,AGL,CE,Towers with Radar,113,25,70,1,209,0,2,25,5,32,113,27,95,6,241,0,0,0,241
01/31/2020,GRR,MI,AGL,CE,Towers with Radar,125,23,52,0,200,0,0,6,0,6,125,23,58,0,206,0,0,0,206
02/01/2020,GRR,MI,AGL,CE,Towers with Radar,96,14,15,0,125,0,0,1,0,1,96,14,16,0,126,0,0,0,126
02/02/2020,GRR,MI,AGL,CE,Towers with Radar,99,14,25,0,138,0,4,18,0,22,99,18,43,0,160,8,0,8,168
02/03/2020,GRR,MI,AGL,CE,Towers with Radar,122,21,55,0,198,0,2,49,0,51,122,23,104,0,249,38,0,38,287
02/04/2020,GRR,MI,AGL,CE,Towers with Radar,100,24,36,0,160,0,0,25,0,25,100,24,61,0,185,0,0,0,185
02/05/2020,GRR,MI,AGL,CE,Towers with Radar,109,21,66,0,196,0,2,33,0,35,109,23,99,0,231,20,0,20,251
02/06/2020,GRR,MI,AGL,CE,Towers with Radar,105,29,43,0,177,0,0,4,0,4,105,29,47,0,181,0,0,0,181
02/07/2020,GRR,MI,AGL,CE,Towers with Radar,120,20,36,2,178,0,0,16,0,16,120,20,52,2,194,2,0,2,196
02/08/2020,GRR,MI,AGL,CE,Towers with Radar,99,15,18,0,132,0,0,2,0,2,99,15,20,0,134,0,0,0,134
02/09/2020,GRR,MI,AGL,CE,Towers with Radar,98,16,19,0,133,0,0,0,0,0,98,16,19,0,133,0,0,0,133
02/10/2020,GRR,MI,AGL,CE,Towers with Radar,125,17,49,0,191,0,1,4,0,5,125,18,53,0,196,0,0,0,196
02/11/2020,GRR,MI,AGL,CE,Towers with Radar,101,31,56,0,188,0,4,10,0,14,101,35,66,0,202,0,0,0,202
02/12/2020,GRR,MI,AGL,CE,Towers with Radar,120,33,63,0,216,0,0,13,0,13,120,33,76,0,229,16,0,16,245
02/13/2020,GRR,MI,AGL,CE,Towers with Radar,110,35,43,0,188,0,0,0,0,0,110,35,43,0,188,0,0,0,188
02/14/2020,GRR,MI,AGL,CE,Towers with Radar,129,37,33,0,199,0,2,12,0,14,129,39,45,0,213,0,0,0,213
02/15/2020,GRR,MI,AGL,CE,Towers with Radar,110,18,17,0,145,0,0,4,0,4,110,18,21,0,149,0,0,0,149
02/16/2020,GRR,MI,AGL,CE,Towers with Radar,105,25,28,0,158,0,0,22,0,22,105,25,50,0,180,0,0,0,180
02/17/2020,GRR,MI,AGL,CE,Towers with Radar,123,23,48,0,194,0,0,24,0,24,123,23,72,0,218,0,0,0,218
02/18/2020,GRR,MI,AGL,CE,Towers with Radar,103,24,48,0,175,0,2,11,0,13,103,26,59,0,188,22,0,22,210
02/19/2020,GRR,MI,AGL,CE,Towers with Radar,121,36,58,2,217,0,1,31,0,32,121,37,89,2,249,26,0,26,275
02/20/2020,GRR,MI,AGL,CE,Towers with Radar,122,23,58,0,203,0,0,35,0,35,122,23,93,0,238,20,0,20,258
02/21/2020,GRR,MI,AGL,CE,Towers with Radar,127,28,44,0,199,0,4,29,0,33,127,32,73,0,232,14,0,14,246
02/22/2020,GRR,MI,AGL,CE,Towers with Radar,108,23,18,0,149,0,0,25,0,25,108,23,43,0,174,24,0,24,198
02/23/2020,GRR,MI,AGL,CE,Towers with Radar,100,47,46,0,193,0,3,48,0,51,100,50,94,0,244,44,0,44,288
02/24/2020,GRR,MI,AGL,CE,Towers with Radar,119,33,59,0,211,0,3,36,0,39,119,36,95,0,250,0,0,0,250
02/25/2020,GRR,MI,AGL,CE,Towers with Radar,101,20,37,1,159,0,0,1,1,2,101,20,38,2,161,0,0,0,161
02/26/2020,GRR,MI,AGL,CE,Towers with Radar,123,30,42,0,195,0,0,0,0,0,123,30,42,0,195,0,0,0,195
02/27/2020,GRR,MI,AGL,CE,Towers with Radar,118,28,60,0,206,0,0,0,0,0,118,28,60,0,206,0,0,0,206
02/28/2020,GRR,MI,AGL,CE,Towers with Radar,125,27,36,0,188,0,1,16,0,17,125,28,52,0,205,16,0,16,221
02/29/2020,GRR,MI,AGL,CE,Towers with Radar,109,18,23,0,150,0,1,30,0,31,109,19,53,0,181,0,0,0,181
03/01/2020,GRR,MI,AGL,CE,Towers with Radar,114,18,29,0,161,0,2,23,0,25,114,20,52,0,186,8,0,8,194
03/02/2020,GRR,MI,AGL,CE,Towers with Radar,121,24,48,1,194,0,1,28,0,29,121,25,76,1,223,30,0,30,253
03/03/2020,GRR,MI,AGL,CE,Towers with Radar,102,33,49,0,184,0,1,6,0,7,102,34,55,0,191,2,0,2,193
03/04/2020,GRR,MI,AGL,CE,Towers with Radar,121,31,48,0,200,0,3,29,4,36,121,34,77,4,236,0,0,0,236
03/05/2020,GRR,MI,AGL,CE,Towers with Radar,119,33,60,0,212,0,0,22,0,22,119,33,82,0,234,4,0,4,238
03/06/2020,GRR,MI,AGL,CE,Towers with Radar,123,28,34,0,185,0,0,5,0,5,123,28,39,0,190,14,0,14,204
03/07/2020,GRR,MI,AGL,CE,Towers with Radar,110,21,25,2,158,0,6,26,0,32,110,27,51,2,190,42,0,42,232
03/08/2020,GRR,MI,AGL,CE,Towers with Radar,118,24,27,1,170,0,1,10,1,12,118,25,37,2,182,6,0,6,188
03/09/2020,GRR,MI,AGL,CE,Towers with Radar,127,21,49,0,197,0,0,6,0,6,127,21,55,0,203,0,0,0,203
03/10/2020,GRR,MI,AGL,CE,Towers with Radar,104,29,43,0,176,0,0,21,0,21,104,29,64,0,197,6,0,6,203
03/11/2020,GRR,MI,AGL,CE,Towers with Radar,125,27,38,0,190,0,0,3,0,3,125,27,41,0,193,0,0,0,193
03/12/2020,GRR,MI,AGL,CE,Towers with Radar,131,24,57,0,212,0,0,10,0,10,131,24,67,0,222,10,0,10,232
03/13/2020,GRR,MI,AGL,CE,Towers with Radar,137,27,43,0,207,0,0,8,0,8,137,27,51,0,215,0,0,0,215
03/14/2020,GRR,MI,AGL,CE,Towers with Radar,102,29,24,0,155,0,0,5,0,5,102,29,29,0,160,0,0,0,160
03/15/2020,GRR,MI,AGL,CE,Towers with Radar,129,16,21,0,166,0,2,30,0,32,129,18,51,0,198,0,0,0,198
03/16/2020,GRR,MI,AGL,CE,Towers with Radar,137,19,26,1,183,0,1,12,1,14,137,20,38,2,197,0,0,0,197
03/17/2020,GRR,MI,AGL,CE,Towers with Radar,112,26,20,3,161,0,6,21,3,30,112,32,41,6,191,0,0,0,191
03/18/2020,GRR,MI,AGL,CE,Towers with Radar,126,19,26,1,172,0,0,24,5,29,126,19,50,6,201,0,0,0,201
03/19/2020,GRR,MI,AGL,CE,Towers with Radar,120,21,30,0,171,0,0,0,0,0,120,21,30,0,171,0,0,0,171
03/20/2020,GRR,MI,AGL,CE,Towers with Radar,112,19,17,0,148,0,1,4,0,5,112,20,21,0,153,0,0,0,153
03/21/2020,GRR,MI,AGL,CE,Towers with Radar,84,12,28,0,124,0,2,38,0,40,84,14,66,0,164,0,0,0,164
03/22/2020,GRR,MI,AGL,CE,Towers with Radar,96,10,15,0,121,0,0,27,0,27,96,10,42,0,148,0,0,0,148
03/23/2020,GRR,MI,AGL,CE,Towers with Radar,88,10,19,0,117,0,0,1,0,1,88,10,20,0,118,0,0,0,118
03/24/2020,GRR,MI,AGL,CE,Towers with Radar,73,24,7,0,104,0,2,1,0,3,73,26,8,0,107,0,0,0,107
03/25/2020,GRR,MI,AGL,CE,Towers with Radar,75,19,11,0,105,0,2,3,0,5,75,21,14,0,110,0,0,0,110
03/26/2020,GRR,MI,AGL,CE,Towers with Radar,61,14,18,2,95,0,2,2,0,4,61,16,20,2,99,0,0,0,99
03/27/2020,GRR,MI,AGL,CE,Towers with Radar,65,14,11,0,90,0,4,2,0,6,65,18,13,0,96,0,0,0,96
03/28/2020,GRR,MI,AGL,CE,Towers with Radar,65,11,10,0,86,0,0,0,0,0,65,11,10,0,86,0,0,0,86
03/29/2020,GRR,MI,AGL,CE,Towers with Radar,67,9,5,0,81,0,0,0,0,0,67,9,5,0,81,0,0,0,81
03/30/2020,GRR,MI,AGL,CE,Towers with Radar,65,11,8,0,84,0,0,2,0,2,65,11,10,0,86,0,0,0,86
03/31/2020,GRR,MI,AGL,CE,Towers with Radar,66,11,12,0,89,0,0,0,0,0,66,11,12,0,89,0,0,0,89
04/01/2020,GRR,MI,AGL,CE,Towers with Radar,66,13,26,0,105,0,0,3,0,3,66,13,29,0,108,0,0,0,108
04/02/2020,GRR,MI,AGL,CE,Towers with Radar,49,8,7,0,64,0,2,18,0,20,49,10,25,0,84,0,0,0,84
04/03/2020,GRR,MI,AGL,CE,Towers with Radar,56,8,21,0,85,1,4,23,0,28,57,12,44,0,113,0,0,0,113
04/04/2020,GRR,MI,AGL,CE,Towers with Radar,48,9,13,0,70,0,0,0,0,0,48,9,13,0,70,0,0,0,70
04/05/2020,GRR,MI,AGL,CE,Towers with Radar,51,0,15,0,66,0,0,16,0,16,51,0,31,0,82,0,0,0,82
04/06/2020,GRR,MI,AGL,CE,Towers with Radar,47,8,5,0,60,0,3,11,0,14,47,11,16,0,74,0,0,0,74
04/07/2020,GRR,MI,AGL,CE,Towers with Radar,41,3,10,0,54,0,0,7,0,7,41,3,17,0,61,0,0,0,61
04/08/2020,GRR,MI,AGL,CE,Towers with Radar,48,21,15,0,84,0,0,9,0,9,48,21,24,0,93,0,0,0,93
04/09/2020,GRR,MI,AGL,CE,Towers with Radar,53,11,7,0,71,0,0,1,0,1,53,11,8,0,72,0,0,0,72
04/10/2020,GRR,MI,AGL,CE,Towers with Radar,54,14,11,2,81,0,0,11,0,11,54,14,22,2,92,0,0,0,92
04/11/2020,GRR,MI,AGL,CE,Towers with Radar,45,4,5,0,54,0,0,13,0,13,45,4,18,0,67,0,0,0,67
04/12/2020,GRR,MI,AGL,CE,Towers with Radar,47,1,0,0,48,0,1,0,0,1,47,2,0,0,49,0,0,0,49
04/13/2020,GRR,MI,AGL,CE,Towers with Radar,41,7,12,0,60,0,1,5,0,6,41,8,17,0,66,0,0,0,66
04/14/2020,GRR,MI,AGL,CE,Towers with Radar,33,11,13,0,57,0,0,5,0,5,33,11,18,0,62,0,0,0,62
04/15/2020,GRR,MI,AGL,CE,Towers with Radar,32,7,15,2,56,0,3,5,0,8,32,10,20,2,64,0,0,0,64
04/16/2020,GRR,MI,AGL,CE,Towers with Radar,33,9,8,0,50,0,0,19,0,19,33,9,27,0,69,0,0,0,69
04/17/2020,GRR,MI,AGL,CE,Towers with Radar,31,6,15,0,52,0,1,2,0,3,31,7,17,0,55,0,0,0,55
04/18/2020,GRR,MI,AGL,CE,Towers with Radar,28,7,7,0,42,0,1,17,0,18,28,8,24,0,60,0,0,0,60
04/19/2020,GRR,MI,AGL,CE,Towers with Radar,29,3,7,0,39,0,1,12,0,13,29,4,19,0,52,0,0,0,52
04/20/2020,GRR,MI,AGL,CE,Towers with Radar,31,8,21,0,60,0,1,14,0,15,31,9,35,0,75,0,0,0,75
04/21/2020,GRR,MI,AGL,CE,Towers with Radar,26,9,13,4,52,0,0,10,0,10,26,9,23,4,62,0,0,0,62
04/22/2020,GRR,MI,AGL,CE,Towers with Radar,30,14,10,0,54,0,2,7,0,9,30,16,17,0,63,0,0,0,63
04/23/2020,GRR,MI,AGL,CE,Towers with Radar,35,6,15,0,56,0,0,0,0,0,35,6,15,0,56,0,0,0,56
04/24/2020,GRR,MI,AGL,CE,Towers with Radar,35,12,16,0,63,0,5,9,0,14,35,17,25,0,77,0,0,0,77
04/25/2020,GRR,MI,AGL,CE,Towers with Radar,31,2,10,0,43,0,3,8,0,11,31,5,18,0,54,0,0,0,54
04/26/2020,GRR,MI,AGL,CE,Towers with Radar,36,2,11,0,49,0,0,12,0,12,36,2,23,0,61,0,0,0,61
04/27/2020,GRR,MI,AGL,CE,Towers with Radar,28,8,18,0,54,0,1,20,0,21,28,9,38,0,75,0,0,0,75
04/28/2020,GRR,MI,AGL,CE,Towers with Radar,28,11,9,0,48,0,1,15,0,16,28,12,24,0,64,0,0,0,64
04/29/2020,GRR,MI,AGL,CE,Towers with Radar,29,15,15,0,59,0,0,1,0,1,29,15,16,0,60,0,0,0,60
04/30/2020,GRR,MI,AGL,CE,Towers with Radar,34,12,38,0,84,0,1,1,0,2,34,13,39,0,86,0,0,0,86
05/01/2020,GRR,MI,AGL,CE,Towers with Radar,36,9,26,0,71,0,1,46,0,47,36,10,72,0,118,17,0,17,135
05/02/2020,GRR,MI,AGL,CE,Towers with Radar,28,3,15,0,46,0,1,17,0,18,28,4,32,0,64,50,0,50,114
05/03/2020,GRR,MI,AGL,CE,Towers with Radar,28,3,13,0,44,2,1,12,0,15,30,4,25,0,59,6,0,6,65
05/04/2020,GRR,MI,AGL,CE,Towers with Radar,31,9,32,0,72,2,1,31,0,34,33,10,63,0,106,4,0,4,110
05/05/2020,GRR,MI,AGL,CE,Towers with Radar,26,15,23,0,64,0,2,20,0,22,26,17,43,0,86,10,0,10,96
05/06/2020,GRR,MI,AGL,CE,Towers with Radar,29,10,28,0,67,0,1,29,0,30,29,11,57,0,97,20,0,20,117
05/07/2020,GRR,MI,AGL,CE,Towers with Radar,30,13,20,0,63,0,0,10,0,10,30,13,30,0,73,4,0,4,77
05/08/2020,GRR,MI,AGL,CE,Towers with Radar,34,18,21,0,73,1,1,11,0,13,35,19,32,0,86,12,0,12,98
05/09/2020,GRR,MI,AGL,CE,Towers with Radar,29,18,13,0,60,0,3,14,0,17,29,21,27,0,77,0,0,0,77
05/10/2020,GRR,MI,AGL,CE,Towers with Radar,27,9,10,0,46,0,0,0,0,0,27,9,10,0,46,0,0,0,46
05/11/2020,GRR,MI,AGL,CE,Towers with Radar,33,9,22,0,64,0,0,5,1,6,33,9,27,1,70,0,0,0,70
05/12/2020,GRR,MI,AGL,CE,Towers with Radar,27,8,20,0,55,0,2,22,0,24,27,10,42,0,79,18,0,18,97
05/13/2020,GRR,MI,AGL,CE,Towers with Radar,33,13,9,0,55,0,4,26,0,30,33,17,35,0,85,36,0,36,121
05/14/2020,GRR,MI,AGL,CE,Towers with Radar,37,12,24,0,73,0,0,0,0,0,37,12,24,0,73,0,0,0,73
05/15/2020,GRR,MI,AGL,CE,Towers with Radar,34,10,43,0,87,0,1,10,0,11,34,11,53,0,98,26,0,26,124
05/16/2020,GRR,MI,AGL,CE,Towers with Radar,29,2,26,0,57,0,3,9,0,12,29,5,35,0,69,0,0,0,69
05/17/2020,GRR,MI,AGL,CE,Towers with Radar,33,3,11,0,47,0,0,0,0,0,33,3,11,0,47,0,0,0,47
05/18/2020,GRR,MI,AGL,CE,Towers with Radar,31,9,35,0,75,0,0,0,0,0,31,9,35,0,75,0,0,0,75
05/19/2020,GRR,MI,AGL,CE,Towers with Radar,25,11,22,14,72,1,3,2,0,6,26,14,24,14,78,1,0,1,79
05/20/2020,GRR,MI,AGL,CE,Towers with Radar,36,11,25,13,85,1,3,37,6,47,37,14,62,19,132,7,15,22,154
05/21/2020,GRR,MI,AGL,CE,Towers with Radar,39,15,27,0,81,1,2,19,0,22,40,17,46,0,103,16,0,16,119
05/22/2020,GRR,MI,AGL,CE,Towers with Radar,40,15,36,0,91,0,3,5,0,8,40,18,41,0,99,13,0,13,112
05/23/2020,GRR,MI,AGL,CE,Towers with Radar,25,2,7,0,34,0,1,14,0,15,25,3,21,0,49,6,0,6,55
05/24/2020,GRR,MI,AGL,CE,Towers with Radar,34,7,5,0,46,0,2,17,0,19,34,9,22,0,65,0,0,0,65
05/25/2020,GRR,MI,AGL,CE,Towers with Radar,35,2,32,0,69,0,0,18,0,18,35,2,50,0,87,10,0,10,97
05/26/2020,GRR,MI,AGL,CE,Towers with Radar,22,4,17,0,43,0,2,22,0,24,22,6,39,0,67,16,0,16,83
05/27/2020,GRR,MI,AGL,CE,Towers with Radar,29,19,21,0,69,0,2,7,0,9,29,21,28,0,78,0,0,0,78
05/28/2020,GRR,MI,AGL,CE,Towers with Radar,39,15,30,1,85,0,2,3,1,6,39,17,33,2,91,0,0,0,91
05/29/2020,GRR,MI,AGL,CE,Towers with Radar,36,12,19,0,67,1,4,12,0,17,37,16,31,0,84,0,0,0,84
05/30/2020,GRR,MI,AGL,CE,Towers with Radar,26,4,15,0,45,1,3,20,0,24,27,7,35,0,69,0,0,0,69
05/31/2020,GRR,MI,AGL,CE,Towers with Radar,33,2,22,2,59,0,3,27,0,30,33,5,49,2,89,0,0,0,89
06/01/2020,GRR,MI,AGL,CE,Towers with Radar,39,8,23,2,72,0,2,33,0,35,39,10,56,2,107,0,0,0,107
06/02/2020,GRR,MI,AGL,CE,Towers with Radar,28,10,25,0,63,0,1,13,0,14,28,11,38,0,77,14,0,14,91
06/03/2020,GRR,MI,AGL,CE,Towers with Radar,34,17,22,0,73,0,2,16,0,18,34,19,38,0,91,0,0,0,91
06/04/2020,GRR,MI,AGL,CE,Towers with Radar,41,13,29,0,83,2,0,27,0,29,43,13,56,0,112,8,0,8,120
06/05/2020,GRR,MI,AGL,CE,Towers with Radar,45,22,33,0,100,0,0,20,0,20,45,22,53,0,120,14,0,14,134
06/06/2020,GRR,MI,AGL,CE,Towers with Radar,28,6,14,0,48,0,1,31,0,32,28,7,45,0,80,0,0,0,80
06/07/2020,GRR,MI,AGL,CE,Towers with Radar,38,8,26,0,72,0,2,22,0,24,38,10,48,0,96,0,0,0,96
06/08/2020,GRR,MI,AGL,CE,Towers with Radar,39,9,33,0,81,2,3,39,0,44,41,12,72,0,125,8,0,8,133
06/09/2020,GRR,MI,AGL,CE,Towers with Radar,37,11,33,0,81,0,2,16,0,18,37,13,49,0,99,18,0,18,117
06/10/2020,GRR,MI,AGL,CE,Towers with Radar,34,14,24,0,72,1,2,7,0,10,35,16,31,0,82,24,0,24,106
06/11/2020,GRR,MI,AGL,CE,Towers with Radar,47,14,30,0,91,1,3,18,2,24,48,17,48,2,115,6,0,6,121
06/12/2020,GRR,MI,AGL,CE,Towers with Radar,47,12,33,0,92,0,1,31,0,32,47,13,64,0,124,0,0,0,124
06/13/2020,GRR,MI,AGL,CE,Towers with Radar,29,3,12,0,44,1,1,31,0,33,30,4,43,0,77,34,0,34,111
06/14/2020,GRR,MI,AGL,CE,Towers with Radar,41,4,34,0,79,0,0,21,0,21,41,4,55,0,100,0,0,0,100
06/15/2020,GRR,MI,AGL,CE,Towers with Radar,44,10,35,0,89,0,1,41,0,42,44,11,76,0,131,30,0,30,161
06/16/2020,GRR,MI,AGL,CE,Towers with Radar,32,16,34,0,82,0,0,32,0,32,32,16,66,0,114,8,0,8,122
06/17/2020,GRR,MI,AGL,CE,Towers with Radar,36,17,40,0,93,0,1,36,0,37,36,18,76,0,130,27,0,27,157
06/18/2020,GRR,MI,AGL,CE,Towers with Radar,47,16,25,0,88,1,5,50,0,56,48,21,75,0,144,31,0,31,175
06/19/2020,GRR,MI,AGL,CE,Towers with Radar,42,15,46,0,103,5,3,39,0,47,47,18,85,0,150,28,0,28,178
06/20/2020,GRR,MI,AGL,CE,Towers with Radar,30,6,9,0,45,0,2,18,0,20,30,8,27,0,65,36,0,36,101
06/21/2020,GRR,MI,AGL,CE,Towers with Radar,40,7,19,0,66,1,2,5,0,8,41,9,24,0,74,0,0,0,74
06/22/2020,GRR,MI,AGL,CE,Towers with Radar,46,8,25,0,79,0,1,24,0,25,46,9,49,0,104,60,0,60,164
06/23/2020,GRR,MI,AGL,CE,Towers with Radar,36,11,37,4,88,0,1,3,0,4,36,12,40,4,92,2,0,2,94
06/24/2020,GRR,MI,AGL,CE,Towers with Radar,39,16,65,2,122,1,1,52,0,54,40,17,117,2,176,44,0,44,220
06/25/2020,GRR,MI,AGL,CE,Towers with Radar,50,12,36,0,98,0,1,59,4,64,50,13,95,4,162,30,0,30,192
06/26/2020,GRR,MI,AGL,CE,Towers with Radar,45,10,30,0,85,0,0,19,0,19,45,10,49,0,104,52,0,52,156
06/27/2020,GRR,MI,AGL,CE,Towers with Radar,34,8,13,0,55,0,4,13,0,17,34,12,26,0,72,10,0,10,82
06/28/2020,GRR,MI,AGL,CE,Towers with Radar,47,8,30,0,85,0,0,33,0,33,47,8,63,0,118,44,0,44,162
06/29/2020,GRR,MI,AGL,CE,Towers with Radar,52,8,31,0,91,0,1,34,1,36,52,9,65,1,127,26,0,26,153
06/30/2020,GRR,MI,AGL,CE,Towers with Radar,39,12,35,0,86,1,0,51,1,53,40,12,86,1,139,0,0,0,139
07/01/2020,GRR,MI,AGL,CE,Towers with Radar,48,10,46,0,104,0,1,41,1,43,48,11,87,1,147,32,0,32,179
07/02/2020,GRR,MI,AGL,CE,Towers with Radar,58,12,29,2,101,2,1,45,0,48,60,13,74,2,149,16,0,16,165
07/03/2020,GRR,MI,AGL,CE,Towers with Radar,55,13,16,0,84,1,2,21,0,24,56,15,37,0,108,0,0,0,108
07/04/2020,GRR,MI,AGL,CE,Towers with Radar,39,1,8,0,48,1,3,13,0,17,40,4,21,0,65,2,0,2,67
07/05/2020,GRR,MI,AGL,CE,Towers with Radar,57,2,11,0,70,0,2,5,0,7,57,4,16,0,77,0,0,0,77
07/06/2020,GRR,MI,AGL,CE,Towers with Radar,62,8,31,0,101,1,1,26,0,28,63,9,57,0,129,22,0,22,151
07/07/2020,GRR,MI,AGL,CE,Towers with Radar,58,13,33,1,105,1,2,35,1,39,59,15,68,2,144,60,0,60,204
07/08/2020,GRR,MI,AGL,CE,Towers with Radar,62,14,44,0,120,0,0,33,0,33,62,14,77,0,153,12,0,12,165
07/09/2020,GRR,MI,AGL,CE,Towers with Radar,76,23,48,0,147,1,1,24,0,26,77,24,72,0,173,26,0,26,199
07/10/2020,GRR,MI,AGL,CE,Towers with Radar,81,22,33,0,136,0,3,5,0,8,81,25,38,0,144,0,0,0,144
07/11/2020,GRR,MI,AGL,CE,Towers with Radar,71,7,17,0,95,0,2,25,0,27,71,9,42,0,122,10,0,10,132
07/12/2020,GRR,MI,AGL,CE,Towers with Radar,75,11,18,0,104,0,1,16,0,17,75,12,34,0,121,6,0,6,127
07/13/2020,GRR,MI,AGL,CE,Towers with Radar,78,9,29,0,116,0,1,39,0,40,78,10,68,0,156,52,0,52,208
07/14/2020,GRR,MI,AGL,CE,Towers with Radar,68,18,27,2,115,0,3,43,0,46,68,21,70,2,161,30,0,30,191
07/15/2020,GRR,MI,AGL,CE,Towers with Radar,70,19,42,2,133,0,0,33,0,33,70,19,75,2,166,62,0,62,228
07/16/2020,GRR,MI,AGL,CE,Towers with Radar,86,17,42,2,147,0,2,16,0,18,86,19,58,2,165,0,0,0,165
07/17/2020,GRR,MI,AGL,CE,Towers with Radar,81,18,45,0,144,0,2,37,0,39,81,20,82,0,183,6,0,6,189
07/18/2020,GRR,MI,AGL,CE,Towers with Radar,72,6,10,0,88,0,2,10,0,12,72,8,20,0,100,6,0,6,106
07/19/2020,GRR,MI,AGL,CE,Towers with Radar,73,6,16,0,95,0,0,4,0,4,73,6,20,0,99,4,0,4,103
07/20/2020,GRR,MI,AGL,CE,Towers with Radar,76,15,43,0,134,0,2,39,0,41,76,17,82,0,175,16,0,16,191
07/21/2020,GRR,MI,AGL,CE,Towers with Radar,61,17,54,0,132,0,2,22,0,24,61,19,76,0,156,16,0,16,172
07/22/2020,GRR,MI,AGL,CE,Towers with Radar,67,12,61,0,140,0,1,15,0,16,67,13,76,0,156,46,0,46,202
07/23/2020,GRR,MI,AGL,CE,Towers with Radar,80,29,53,2,164,0,3,42,4,49,80,32,95,6,213,70,0,70,283
07/24/2020,GRR,MI,AGL,CE,Towers with Radar,79,18,46,0,143,0,2,52,0,54,79,20,98,0,197,10,0,10,207
07/25/2020,GRR,MI,AGL,CE,Towers with Radar,70,8,25,2,105,0,4,27,2,33,70,12,52,4,138,26,0,26,164
07/26/2020,GRR,MI,AGL,CE,Towers with Radar,80,14,18,0,112,0,2,24,0,26,80,16,42,0,138,14,0,14,152
07/27/2020,GRR,MI,AGL,CE,Towers with Radar,78,10,44,0,132,0,4,18,0,22,78,14,62,0,154,4,0,4,158
07/28/2020,GRR,MI,AGL,CE,Towers with Radar,65,14,57,3,139,0,1,62,1,64,65,15,119,4,203,62,0,62,265
07/29/2020,GRR,MI,AGL,CE,Towers with Radar,73,20,64,0,157,0,2,37,0,39,73,22,101,0,196,0,0,0,196
07/30/2020,GRR,MI,AGL,CE,Towers with Radar,83,17,56,20,176,0,3,52,4,59,83,20,108,24,235,28,28,56,291
07/31/2020,GRR,MI,AGL,CE,Towers with Radar,79,18,40,0,137,0,1,34,0,35,79,19,74,0,172,26,0,26,198
08/01/2020,GRR,MI,AGL,CE,Towers with Radar,74,12,26,0,112,0,2,17,0,19,74,14,43,0,131,4,0,4,135
08/02/2020,GRR,MI,AGL,CE,Towers with Radar,80,7,20,0,107,0,1,10,0,11,80,8,30,0,118,0,0,0,118
08/03/2020,GRR,MI,AGL,CE,Towers with Radar,83,10,38,0,131,0,1,10,0,11,83,11,48,0,142,4,0,4,146
08/04/2020,GRR,MI,AGL,CE,Towers with Radar,67,25,44,0,136,0,4,35,0,39,67,29,79,0,175,50,0,50,225
08/05/2020,GRR,MI,AGL,CE,Towers with Radar,74,15,51,0,140,0,1,24,0,25,74,16,75,0,165,0,0,0,165
08/06/2020,GRR,MI,AGL,CE,Towers with Radar,87,22,50,0,159,0,1,36,0,37,87,23,86,0,196,10,0,10,206
08/07/2020,GRR,MI,AGL,CE,Towers with Radar,83,21,41,0,145,0,5,45,0,50,83,26,86,0,195,10,0,10,205
08/08/2020,GRR,MI,AGL,CE,Towers with Radar,74,15,13,0,102,0,0,7,0,7,74,15,20,0,109,0,0,0,109
08/09/2020,GRR,MI,AGL,CE,Towers with Radar,82,12,29,0,123,0,1,16,0,17,82,13,45,0,140,0,0,0,140
08/10/2020,GRR,MI,AGL,CE,Towers with Radar,78,8,31,8,125,0,2,9,0,11,78,10,40,8,136,0,8,8,144
08/11/2020,GRR,MI,AGL,CE,Towers with Radar,66,23,50,0,139,0,3,51,0,54,66,26,101,0,193,44,0,44,237
08/12/2020,GRR,MI,AGL,CE,Towers with Radar,68,15,40,0,123,0,1,56,0,57,68,16,96,0,180,0,0,0,180
08/13/2020,GRR,MI,AGL,CE,Towers with Radar,78,22,43,0,143,0,5,47,0,52,78,27,90,0,195,0,0,0,195
08/14/2020,GRR,MI,AGL,CE,Towers with Radar,79,22,45,0,146,0,1,51,0,52,79,23,96,0,198,26,0,26,224
08/15/2020,GRR,MI,AGL,CE,Towers with Radar,65,10,17,0,92,0,5,16,0,21,65,15,33,0,113,24,0,24,137
08/16/2020,GRR,MI,AGL,CE,Towers with Radar,75,11,26,0,112,0,5,26,0,31,75,16,52,0,143,12,0,12,155
08/17/2020,GRR,MI,AGL,CE,Towers with Radar,75,10,71,0,156,0,1,39,0,40,75,11,110,0,196,36,0,36,232
08/18/2020,GRR,MI,AGL,CE,Towers with Radar,63,20,52,0,135,0,2,62,1,65,63,22,114,1,200,22,0,22,222
08/19/2020,GRR,MI,AGL,CE,Towers with Radar,66,19,48,0,133,0,4,51,0,55,66,23,99,0,188,30,0,30,218
08/20/2020,GRR,MI,AGL,CE,Towers with Radar,78,16,61,0,155,0,1,63,0,64,78,17,124,0,219,0,0,0,219
08/21/2020,GRR,MI,AGL,CE,Towers with Radar,78,15,47,0,140,0,3,47,0,50,78,18,94,0,190,62,0,62,252
08/22/2020,GRR,MI,AGL,CE,Towers with Radar,61,9,17,0,87,0,2,29,0,31,61,11,46,0,118,40,0,40,158
08/23/2020,GRR,MI,AGL,CE,Towers with Radar,75,13,27,1,116,0,2,18,0,20,75,15,45,1,136,0,0,0,136
08/24/2020,GRR,MI,AGL,CE,Towers with Radar,76,17,55,0,148,0,4,34,0,38,76,21,89,0,186,0,0,0,186
08/25/2020,GRR,MI,AGL,CE,Towers with Radar,67,21,34,0,122,0,3,22,0,25,67,24,56,0,147,34,0,34,181
08/26/2020,GRR,MI,AGL,CE,Towers with Radar,66,18,66,2,152,0,0,36,0,36,66,18,102,2,188,28,0,28,216
08/27/2020,GRR,MI,AGL,CE,Towers with Radar,78,23,45,0,146,0,3,22,0,25,78,26,67,0,171,12,0,12,183
08/28/2020,GRR,MI,AGL,CE,Towers with Radar,79,22,34,3,138,0,1,9,0,10,79,23,43,3,148,0,0,0,148
08/29/2020,GRR,MI,AGL,CE,Towers with Radar,62,8,18,0,88,0,1,10,0,11,62,9,28,0,99,6,0,6,105
08/30/2020,GRR,MI,AGL,CE,Towers with Radar,73,14,32,1,120,0,1,23,0,24,73,15,55,1,144,0,0,0,144
08/31/2020,GRR,MI,AGL,CE,Towers with Radar,76,10,38,0,124,0,2,34,0,36,76,12,72,0,160,0,0,0,160
09/01/2020,GRR,MI,AGL,CE,Towers with Radar,62,18,53,0,133,0,2,23,0,25,62,20,76,0,158,50,0,50,208
09/02/2020,GRR,MI,AGL,CE,Towers with Radar,64,18,35,0,117,0,4,23,0,27,64,22,58,0,144,0,0,0,144
09/03/2020,GRR,MI,AGL,CE,Towers with Radar,78,16,54,0,148,0,0,9,0,9,78,16,63,0,157,0,0,0,157
09/04/2020,GRR,MI,AGL,CE,Towers with Radar,79,16,52,0,147,0,7,37,0,44,79,23,89,0,191,0,0,0,191
09/05/2020,GRR,MI,AGL,CE,Towers with Radar,55,9,17,0,81,0,4,24,0,28,55,13,41,0,109,0,0,0,109
09/06/2020,GRR,MI,AGL,CE,Towers with Radar,65,10,8,0,83,0,2,13,0,15,65,12,21,0,98,0,0,0,98
09/07/2020,GRR,MI,AGL,CE,Towers with Radar,78,8,49,0,135,0,2,20,0,22,78,10,69,0,157,0,0,0,157
09/08/2020,GRR,MI,AGL,CE,Towers with Radar,61,13,40,0,114,0,1,1,0,2,61,14,41,0,116,0,0,0,116
09/09/2020,GRR,MI,AGL,CE,Towers with Radar,64,23,31,0,118,0,0,0,0,0,64,23,31,0,118,0,0,0,118
09/10/2020,GRR,MI,AGL,CE,Towers with Radar,78,26,76,0,180,0,1,7,0,8,78,27,83,0,188,28,0,28,216
09/11/2020,GRR,MI,AGL,CE,Towers with Radar,72,16,52,0,140,1,2,58,0,61,73,18,110,0,201,80,0,80,281
09/12/2020,GRR,MI,AGL,CE,Towers with Radar,60,7,34,0,101,0,0,10,1,11,60,7,44,1,112,0,0,0,112
09/13/2020,GRR,MI,AGL,CE,Towers with Radar,75,4,18,0,97,0,2,14,0,16,75,6,32,0,113,22,0,22,135
09/14/2020,GRR,MI,AGL,CE,Towers with Radar,66,16,40,0,122,0,6,49,0,55,66,22,89,0,177,34,0,34,211
09/15/2020,GRR,MI,AGL,CE,Towers with Radar,64,14,60,0,138,0,1,42,0,43,64,15,102,0,181,58,0,58,239
09/16/2020,GRR,MI,AGL,CE,Towers with Radar,66,16,52,2,136,0,1,35,1,37,66,17,87,3,173,64,0,64,237
09/17/2020,GRR,MI,AGL,CE,Towers with Radar,75,15,62,0,152,0,1,55,0,56,75,16,117,0,208,22,0,22,230
09/18/2020,GRR,MI,AGL,CE,Towers with Radar,71,16,42,0,129,0,2,44,0,46,71,18,86,0,175,24,0,24,199
09/19/2020,GRR,MI,AGL,CE,Towers with Radar,62,10,17,0,89,0,3,23,0,26,62,13,40,0,115,4,0,4,119
09/20/2020,GRR,MI,AGL,CE,Towers with Radar,75,4,28,0,107,0,4,31,0,35,75,8,59,0,142,24,0,24,166
09/21/2020,GRR,MI,AGL,CE,Towers with Radar,66,10,33,0,109,0,4,36,0,40,66,14,69,0,149,26,0,26,175
09/22/2020,GRR,MI,AGL,CE,Towers with Radar,64,14,51,0,129,0,2,26,0,28,64,16,77,0,157,26,0,26,183
09/23/2020,GRR,MI,AGL,CE,Towers with Radar,66,17,44,0,127,0,3,35,2,40,66,20,79,2,167,32,0,32,199
09/24/2020,GRR,MI,AGL,CE,Towers with Radar,76,20,55,0,151,0,4,54,0,58,76,24,109,0,209,90,0,90,299
09/25/2020,GRR,MI,AGL,CE,Towers with Radar,71,19,37,0,127,0,3,44,0,47,71,22,81,0,174,40,0,40,214
09/26/2020,GRR,MI,AGL,CE,Towers with Radar,62,7,10,0,79,0,3,12,0,15,62,10,22,0,94,6,0,6,100
09/27/2020,GRR,MI,AGL,CE,Towers with Radar,74,7,39,0,120,0,1,19,0,20,74,8,58,0,140,24,0,24,164
09/28/2020,GRR,MI,AGL,CE,Towers with Radar,66,9,34,0,109,0,2,0,0,2,66,11,34,0,111,0,0,0,111
09/29/2020,GRR,MI,AGL,CE,Towers with Radar,64,22,69,0,155,0,1,25,0,26,64,23,94,0,181,44,0,44,225
09/30/2020,GRR,MI,AGL,CE,Towers with Radar,68,14,29,0,111,0,0,10,0,10,68,14,39,0,121,26,0,26,147
10/01/2020,GRR,MI,AGL,CE,Towers with Radar,82,14,36,0,132,0,1,12,0,13,82,15,48,0,145,12,0,12,157
10/02/2020,GRR,MI,AGL,CE,Towers with Radar,80,21,48,0,149,0,2,52,0,54,80,23,100,0,203,10,0,10,213
10/03/2020,GRR,MI,AGL,CE,Towers with Radar,66,9,13,0,88,0,0,25,0,25,66,9,38,0,113,42,0,42,155
10/04/2020,GRR,MI,AGL,CE,Towers with Radar,78,5,34,1,118,0,1,19,0,20,78,6,53,1,138,26,0,26,164
10/05/2020,GRR,MI,AGL,CE,Towers with Radar,72,15,40,1,128,0,3,29,1,33,72,18,69,2,161,44,0,44,205
10/06/2020,GRR,MI,AGL,CE,Towers with Radar,63,16,47,0,126,0,1,36,2,39,63,17,83,2,165,56,0,56,221
10/07/2020,GRR,MI,AGL,CE,Towers with Radar,59,11,74,2,146,0,4,33,2,39,59,15,107,4,185,34,0,34,219
10/08/2020,GRR,MI,AGL,CE,Towers with Radar,78,22,70,1,171,0,1,70,0,71,78,23,140,1,242,60,0,60,302
10/09/2020,GRR,MI,AGL,CE,Towers with Radar,77,18,35,0,130,0,2,27,0,29,77,20,62,0,159,14,0,14,173
10/10/2020,GRR,MI,AGL,CE,Towers with Radar,63,10,29,0,102,0,2,21,0,23,63,12,50,0,125,10,0,10,135
10/11/2020,GRR,MI,AGL,CE,Towers with Radar,76,8,25,0,109,0,2,20,0,22,76,10,45,0,131,18,0,18,149
10/12/2020,GRR,MI,AGL,CE,Towers with Radar,72,20,17,0,109,1,0,0,0,1,73,20,17,0,110,22,0,22,132
10/13/2020,GRR,MI,AGL,CE,Towers with Radar,59,16,46,2,123,0,2,29,0,31,59,18,75,2,154,24,0,24,178
10/14/2020,GRR,MI,AGL,CE,Towers with Radar,62,22,49,6,139,0,1,20,0,21,62,23,69,6,160,0,0,0,160
10/15/2020,GRR,MI,AGL,CE,Towers with Radar,76,19,44,0,139,0,3,18,0,21,76,22,62,0,160,28,0,28,188
10/16/2020,GRR,MI,AGL,CE,Towers with Radar,79,18,45,0,142,0,2,38,0,40,79,20,83,0,182,24,0,24,206
10/17/2020,GRR,MI,AGL,CE,Towers with Radar,62,15,20,0,97,0,1,28,0,29,62,16,48,0,126,20,0,20,146
10/18/2020,GRR,MI,AGL,CE,Towers with Radar,75,9,43,1,128,0,0,0,1,1,75,9,43,2,129,6,0,6,135
10/19/2020,GRR,MI,AGL,CE,Towers with Radar,74,19,55,0,148,0,4,28,0,32,74,23,83,0,180,36,0,36,216
10/20/2020,GRR,MI,AGL,CE,Towers with Radar,59,25,87,0,171,0,1,24,0,25,59,26,111,0,196,30,0,30,226
10/21/2020,GRR,MI,AGL,CE,Towers with Radar,61,26,74,2,163,0,2,15,0,17,61,28,89,2,180,30,0,30,210
10/22/2020,GRR,MI,AGL,CE,Towers with Radar,80,21,47,0,148,0,0,0,0,0,80,21,47,0,148,0,0,0,148
10/23/2020,GRR,MI,AGL,CE,Towers with Radar,81,24,27,0,132,0,2,0,0,2,81,26,27,0,134,0,0,0,134
10/24/2020,GRR,MI,AGL,CE,Towers with Radar,57,10,27,0,94,0,0,30,0,30,57,10,57,0,124,32,0,32,156
10/25/2020,GRR,MI,AGL,CE,Towers with Radar,66,15,30,2,113,0,3,18,1,22,66,18,48,3,135,12,0,12,147
10/26/2020,GRR,MI,AGL,CE,Towers with Radar,69,12,34,0,115,0,0,4,0,4,69,12,38,0,119,16,0,16,135
10/27/2020,GRR,MI,AGL,CE,Towers with Radar,56,17,37,1,111,0,0,2,1,3,56,17,39,2,114,0,0,0,114
10/28/2020,GRR,MI,AGL,CE,Towers with Radar,56,16,81,1,154,0,0,54,1,55,56,16,135,2,209,58,0,58,267
10/29/2020,GRR,MI,AGL,CE,Towers with Radar,70,24,46,6,146,0,2,22,0,24,70,26,68,6,170,57,0,57,227
10/30/2020,GRR,MI,AGL,CE,Towers with Radar,71,23,46,4,144,0,5,28,1,34,71,28,74,5,178,58,0,58,236
10/31/2020,GRR,MI,AGL,CE,Towers with Radar,48,16,22,0,86,0,1,26,0,27,48,17,48,0,113,24,0,24,137
11/01/2020,GRR,MI,AGL,CE,Towers with Radar,65,16,22,9,112,0,1,1,0,2,65,17,23,9,114,0,0,0,114
11/02/2020,GRR,MI,AGL,CE,Towers with Radar,68,13,47,5,133,0,2,14,0,16,68,15,61,5,149,46,0,46,195
11/03/2020,GRR,MI,AGL,CE,Towers with Radar,52,13,29,3,97,0,1,43,0,44,52,14,72,3,141,40,0,40,181
11/04/2020,GRR,MI,AGL,CE,Towers with Radar,54,14,42,9,119,0,2,27,0,29,54,16,69,9,148,18,0,18,166
11/05/2020,GRR,MI,AGL,CE,Towers with Radar,78,25,63,0,166,0,5,31,0,36,78,30,94,0,202,10,0,10,212
11/06/2020,GRR,MI,AGL,CE,Towers with Radar,75,22,51,1,149,0,0,31,0,31,75,22,82,1,180,44,0,44,224
11/07/2020,GRR,MI,AGL,CE,Towers with Radar,62,20,23,1,106,0,3,33,0,36,62,23,56,1,142,50,0,50,192
11/08/2020,GRR,MI,AGL,CE,Towers with Radar,77,7,24,0,108,0,2,35,0,37,77,9,59,0,145,82,0,82,227
11/09/2020,GRR,MI,AGL,CE,Towers with Radar,74,20,36,0,130,0,2,13,2,17,74,22,49,2,147,8,0,8,155
11/10/2020,GRR,MI,AGL,CE,Towers with Radar,57,26,43,0,126,0,1,9,0,10,57,27,52,0,136,36,0,36,172
11/11/2020,GRR,MI,AGL,CE,Towers with Radar,61,24,31,0,116,0,5,26,0,31,61,29,57,0,147,92,0,92,239
11/12/2020,GRR,MI,AGL,CE,Towers with Radar,82,29,59,0,170,0,2,38,0,40,82,31,97,0,210,90,0,90,300
11/13/2020,GRR,MI,AGL,CE,Towers with Radar,77,19,60,0,156,0,1,10,0,11,77,20,70,0,167,38,0,38,205
11/14/2020,GRR,MI,AGL,CE,Towers with Radar,64,15,20,0,99,0,7,35,0,42,64,22,55,0,141,34,0,34,175
11/15/2020,GRR,MI,AGL,CE,Towers with Radar,77,11,28,0,116,0,0,0,0,0,77,11,28,0,116,0,0,0,116
11/16/2020,GRR,MI,AGL,CE,Towers with Radar,75,16,40,0,131,0,2,13,0,15,75,18,53,0,146,20,0,20,166
11/17/2020,GRR,MI,AGL,CE,Towers with Radar,56,18,33,6,113,0,3,34,0,37,56,21,67,6,150,34,0,34,184
11/18/2020,GRR,MI,AGL,CE,Towers with Radar,62,14,42,1,119,0,2,32,1,35,62,16,74,2,154,24,0,24,178
11/19/2020,GRR,MI,AGL,CE,Towers with Radar,84,25,37,3,149,0,4,6,1,11,84,29,43,4,160,12,0,12,172
11/20/2020,GRR,MI,AGL,CE,Towers with Radar,84,18,34,0,136,0,0,45,0,45,84,18,79,0,181,58,0,58,239
11/21/2020,GRR,MI,AGL,CE,Towers with Radar,78,13,42,0,133,0,4,48,0,52,78,17,90,0,185,120,0,120,305
11/22/2020,GRR,MI,AGL,CE,Towers with Radar,81,12,27,0,120,0,0,2,0,2,81,12,29,0,122,20,0,20,142
11/23/2020,GRR,MI,AGL,CE,Towers with Radar,72,18,44,0,134,0,1,44,0,45,72,19,88,0,179,118,0,118,297
11/24/2020,GRR,MI,AGL,CE,Towers with Radar,86,24,33,0,143,0,0,1,0,1,86,24,34,0,144,54,0,54,198
11/25/2020,GRR,MI,AGL,CE,Towers with Radar,89,22,18,0,129,0,0,0,0,0,89,22,18,0,129,0,0,0,129
11/26/2020,GRR,MI,AGL,CE,Towers with Radar,42,7,10,0,59,0,1,1,0,2,42,8,11,0,61,0,0,0,61
11/27/2020,GRR,MI,AGL,CE,Towers with Radar,63,16,45,0,124,0,1,4,0,5,63,17,49,0,129,40,0,40,169
11/28/2020,GRR,MI,AGL,CE,Towers with Radar,87,13,30,0,130,0,3,27,0,30,87,16,57,0,160,62,0,62,222
11/29/2020,GRR,MI,AGL,CE,Towers with Radar,94,16,35,0,145,0,3,18,0,21,94,19,53,0,166,44,0,44,210
11/30/2020,GRR,MI,AGL,CE,Towers with Radar,84,26,32,0,142,0,2,6,0,8,84,28,38,0,150,16,0,16,166
12/01/2020,GRR,MI,AGL,CE,Towers with Radar,65,20,44,0,129,0,2,16,0,18,65,22,60,0,147,40,0,40,187
12/02/2020,GRR,MI,AGL,CE,Towers with Radar,64,21,47,0,132,0,1,46,2,49,64,22,93,2,181,62,0,62,243
12/03/2020,GRR,MI,AGL,CE,Towers with Radar,78,22,25,0,125,0,5,15,0,20,78,27,40,0,145,0,0,0,145
12/04/2020,GRR,MI,AGL,CE,Towers with Radar,72,28,27,0,127,0,0,22,0,22,72,28,49,0,149,20,0,20,169
12/05/2020,GRR,MI,AGL,CE,Towers with Radar,56,10,22,0,88,0,0,19,0,19,56,10,41,0,107,44,0,44,151
12/06/2020,GRR,MI,AGL,CE,Towers with Radar,70,10,16,0,96,1,2,11,0,14,71,12,27,0,110,12,0,12,122
12/07/2020,GRR,MI,AGL,CE,Towers with Radar,70,14,33,0,117,0,0,26,0,26,70,14,59,0,143,38,0,38,181
12/08/2020,GRR,MI,AGL,CE,Towers with Radar,56,21,32,0,109,0,0,6,0,6,56,21,38,0,115,44,0,44,159
12/09/2020,GRR,MI,AGL,CE,Towers with Radar,64,16,52,0,132,0,1,28,0,29,64,17,80,0,161,50,0,50,211
12/10/2020,GRR,MI,AGL,CE,Towers with Radar,77,21,46,0,144,0,3,61,0,64,77,24,107,0,208,86,0,86,294
12/11/2020,GRR,MI,AGL,CE,Towers with Radar,72,16,44,0,132,0,0,7,0,7,72,16,51,0,139,76,0,76,215
12/12/2020,GRR,MI,AGL,CE,Towers with Radar,57,13,9,0,79,0,0,0,0,0,57,13,9,0,79,0,0,0,79
12/13/2020,GRR,MI,AGL,CE,Towers with Radar,71,10,15,0,96,0,2,0,0,2,71,12,15,0,98,12,0,12,110
12/14/2020,GRR,MI,AGL,CE,Towers with Radar,69,17,25,0,111,0,1,11,0,12,69,18,36,0,123,0,0,0,123
12/15/2020,GRR,MI,AGL,CE,Towers with Radar,56,29,45,0,130,0,3,34,2,39,56,32,79,2,169,30,0,30,199
12/16/2020,GRR,MI,AGL,CE,Towers with Radar,64,16,33,0,113,0,1,9,0,10,64,17,42,0,123,34,0,34,157
12/17/2020,GRR,MI,AGL,CE,Towers with Radar,76,23,24,0,123,0,2,5,0,7,76,25,29,0,130,12,0,12,142
12/18/2020,GRR,MI,AGL,CE,Towers with Radar,88,30,38,0,156,0,0,33,0,33,88,30,71,0,189,61,0,61,250
12/19/2020,GRR,MI,AGL,CE,Towers with Radar,88,19,20,0,127,0,0,0,0,0,88,19,20,0,127,0,0,0,127
12/20/2020,GRR,MI,AGL,CE,Towers with Radar,81,13,26,0,120,0,0,11,0,11,81,13,37,0,131,0,0,0,131
12/21/2020,GRR,MI,AGL,CE,Towers with Radar,79,23,29,0,131,0,0,0,0,0,79,23,29,0,131,0,0,0,131
12/22/2020,GRR,MI,AGL,CE,Towers with Radar,88,19,39,0,146,0,3,19,0,22,88,22,58,0,168,38,0,38,206
12/23/2020,GRR,MI,AGL,CE,Towers with Radar,83,30,26,0,139,0,2,9,0,11,83,32,35,0,150,0,0,0,150
12/24/2020,GRR,MI,AGL,CE,Towers with Radar,70,17,8,0,95,0,0,0,0,0,70,17,8,0,95,0,0,0,95
12/25/2020,GRR,MI,AGL,CE,Towers with Radar,53,2,6,0,61,0,0,0,0,0,53,2,6,0,61,0,0,0,61
12/26/2020,GRR,MI,AGL,CE,Towers with Radar,87,27,43,0,157,0,0,0,0,0,87,27,43,0,157,0,0,0,157
12/27/2020,GRR,MI,AGL,CE,Towers with Radar,85,17,37,0,139,0,3,15,0,18,85,20,52,0,157,0,0,0,157
12/28/2020,GRR,MI,AGL,CE,Towers with Radar,80,19,18,0,117,0,2,6,0,8,80,21,24,0,125,24,0,24,149
12/29/2020,GRR,MI,AGL,CE,Towers with Radar,82,22,41,0,145,0,3,36,0,39,82,25,77,0,184,4,0,4,188
12/30/2020,GRR,MI,AGL,CE,Towers with Radar,84,28,21,0,133,0,0,0,0,0,84,28,21,0,133,0,0,0,133
12/31/2020,GRR,MI,AGL,CE,Towers with Radar,67,17,18,0,102,0,2,11,0,13,67,19,29,0,115,10,0,10,125
01/01/2021,GRR,MI,AGL,CE,Towers with Radar,55,10,14,0,79,0,0,0,0,0,55,10,14,0,79,0,0,0,79
01/02/2021,GRR,MI,AGL,CE,Towers with Radar,88,24,19,0,131,0,0,1,0,1,88,24,20,0,132,0,0,0,132
01/03/2021,GRR,MI,AGL,CE,Towers with Radar,88,19,45,0,152,0,0,0,0,0,88,19,45,0,152,0,0,0,152
01/04/2021,GRR,MI,AGL,CE,Towers with Radar,75,23,33,0,131,0,0,1,0,1,75,23,34,0,132,0,0,0,132
01/05/2021,GRR,MI,AGL,CE,Towers with Radar,65,18,21,0,104,0,0,0,0,0,65,18,21,0,104,0,0,0,104
01/06/2021,GRR,MI,AGL,CE,Towers with Radar,62,22,35,2,121,0,2,33,0,35,62,24,68,2,156,18,0,18,174
01/07/2021,GRR,MI,AGL,CE,Towers with Radar,81,28,28,2,139,0,0,32,0,32,81,28,60,2,171,44,0,44,215
01/08/2021,GRR,MI,AGL,CE,Towers with Radar,77,25,27,0,129,0,4,31,0,35,77,29,58,0,164,92,0,92,256
01/09/2021,GRR,MI,AGL,CE,Towers with Radar,62,9,33,0,104,0,2,55,0,57,62,11,88,0,161,72,0,72,233
01/10/2021,GRR,MI,AGL,CE,Towers with Radar,73,18,26,0,117,0,0,7,0,7,73,18,33,0,124,24,0,24,148
01/11/2021,GRR,MI,AGL,CE,Towers with Radar,75,15,26,0,116,0,0,0,0,0,75,15,26,0,116,0,0,0,116
01/12/2021,GRR,MI,AGL,CE,Towers with Radar,65,22,43,2,132,0,0,0,0,0,65,22,43,2,132,0,0,0,132
01/13/2021,GRR,MI,AGL,CE,Towers with Radar,62,25,37,2,126,0,4,18,0,22,62,29,55,2,148,0,0,0,148
01/14/2021,GRR,MI,AGL,CE,Towers with Radar,80,30,51,1,162,0,7,17,5,29,80,37,68,6,191,0,0,0,191
01/15/2021,GRR,MI,AGL,CE,Towers with Radar,72,24,31,0,127,0,1,0,0,1,72,25,31,0,128,0,0,0,128
01/16/2021,GRR,MI,AGL,CE,Towers with Radar,61,8,27,0,96,0,0,3,0,3,61,8,30,0,99,0,0,0,99
01/17/2021,GRR,MI,AGL,CE,Towers with Radar,75,9,13,0,97,0,0,0,0,0,75,9,13,0,97,0,0,0,97
01/18/2021,GRR,MI,AGL,CE,Towers with Radar,71,16,21,0,108,0,0,0,0,0,71,16,21,0,108,0,0,0,108
01/19/2021,GRR,MI,AGL,CE,Towers with Radar,62,14,29,0,105,0,2,8,0,10,62,16,37,0,115,0,0,0,115
01/20/2021,GRR,MI,AGL,CE,Towers with Radar,61,23,37,0,121,0,7,11,0,18,61,30,48,0,139,0,0,0,139
01/21/2021,GRR,MI,AGL,CE,Towers with Radar,80,25,48,0,153,0,2,9,0,11,80,27,57,0,164,0,0,0,164
01/22/2021,GRR,MI,AGL,CE,Towers with Radar,75,25,29,0,129,0,4,26,0,30,75,29,55,0,159,6,0,6,165
01/23/2021,GRR,MI,AGL,CE,Towers with Radar,62,14,23,0,99,0,2,68,0,70,62,16,91,0,169,94,0,94,263
01/24/2021,GRR,MI,AGL,CE,Towers with Radar,77,19,22,0,118,0,0,2,0,2,77,19,24,0,120,0,0,0,120
01/25/2021,GRR,MI,AGL,CE,Towers with Radar,70,14,20,0,104,0,1,23,0,24,70,15,43,0,128,50,0,50,178
01/26/2021,GRR,MI,AGL,CE,Towers with Radar,66,12,22,0,100,0,1,0,0,1,66,13,22,0,101,0,0,0,101
01/27/2021,GRR,MI,AGL,CE,Towers with Radar,64,24,34,2,124,0,1,21,4,26,64,25,55,6,150,46,0,46,196
01/28/2021,GRR,MI,AGL,CE,Towers with Radar,78,21,52,0,151,0,2,32,0,34,78,23,84,0,185,40,0,40,225
01/29/2021,GRR,MI,AGL,CE,Towers with Radar,75,24,45,0,144,0,3,47,0,50,75,27,92,0,194,68,0,68,262
01/30/2021,GRR,MI,AGL,CE,Towers with Radar,60,15,22,0,97,0,5,19,0,24,60,20,41,0,121,6,0,6,127
01/31/2021,GRR,MI,AGL,CE,Towers with Radar,73,13,22,0,108,0,0,0,0,0,73,13,22,0,108,0,0,0,108
02/01/2021,GRR,MI,AGL,CE,Towers with Radar,72,18,29,0,119,0,2,17,0,19,72,20,46,0,138,20,0,20,158
02/02/2021,GRR,MI,AGL,CE,Towers with Radar,62,20,42,0,124,0,5,33,0,38,62,25,75,0,162,32,0,32,194
02/03/2021,GRR,MI,AGL,CE,Towers with Radar,61,16,52,0,129,0,6,41,0,47,61,22,93,0,176,0,0,0,176
02/04/2021,GRR,MI,AGL,CE,Towers with Radar,75,12,24,0,111,0,2,11,0,13,75,14,35,0,124,8,0,8,132
02/05/2021,GRR,MI,AGL,CE,Towers with Radar,69,21,16,0,106,0,0,0,0,0,69,21,16,0,106,0,0,0,106
02/06/2021,GRR,MI,AGL,CE,Towers with Radar,67,15,19,0,101,0,0,0,0,0,67,15,19,0,101,0,0,0,101
02/07/2021,GRR,MI,AGL,CE,Towers with Radar,75,14,24,0,113,0,0,4,0,4,75,14,28,0,117,0,0,0,117
02/08/2021,GRR,MI,AGL,CE,Towers with Radar,74,17,31,0,122,0,2,6,0,8,74,19,37,0,130,0,0,0,130
02/09/2021,GRR,MI,AGL,CE,Towers with Radar,65,19,34,2,120,0,1,7,0,8,65,20,41,2,128,0,0,0,128
02/10/2021,GRR,MI,AGL,CE,Towers with Radar,76,27,39,0,142,1,4,21,0,26,77,31,60,0,168,0,0,0,168
02/11/2021,GRR,MI,AGL,CE,Towers with Radar,95,22,52,3,172,0,9,37,1,47,95,31,89,4,219,44,0,44,263
02/12/2021,GRR,MI,AGL,CE,Towers with Radar,92,28,41,0,161,0,0,7,0,7,92,28,48,0,168,16,0,16,184
02/13/2021,GRR,MI,AGL,CE,Towers with Radar,83,10,22,0,115,0,0,0,0,0,83,10,22,0,115,0,0,0,115
02/14/2021,GRR,MI,AGL,CE,Towers with Radar,78,9,27,0,114,0,0,0,0,0,78,9,27,0,114,0,0,0,114
02/15/2021,GRR,MI,AGL,CE,Towers with Radar,74,14,32,0,120,0,1,6,0,7,74,15,38,0,127,0,0,0,127
02/16/2021,GRR,MI,AGL,CE,Towers with Radar,62,22,41,0,125,0,2,15,2,19,62,24,56,2,144,16,0,16,160
02/17/2021,GRR,MI,AGL,CE,Towers with Radar,69,16,35,8,128,0,7,36,0,43,69,23,71,8,171,30,0,30,201
02/18/2021,GRR,MI,AGL,CE,Towers with Radar,82,19,20,0,121,0,0,10,0,10,82,19,30,0,131,0,10,10,141
02/19/2021,GRR,MI,AGL,CE,Towers with Radar,83,25,28,0,136,0,0,6,0,6,83,25,34,0,142,14,0,14,156
02/20/2021,GRR,MI,AGL,CE,Towers with Radar,82,9,38,0,129,0,0,22,0,22,82,9,60,0,151,12,0,12,163
02/21/2021,GRR,MI,AGL,CE,Towers with Radar,83,12,25,0,120,0,3,12,0,15,83,15,37,0,135,0,0,0,135
02/22/2021,GRR,MI,AGL,CE,Towers with Radar,86,23,31,0,140,0,0,0,0,0,86,23,31,0,140,0,0,0,140
02/23/2021,GRR,MI,AGL,CE,Towers with Radar,69,18,47,0,134,0,3,25,0,28,69,21,72,0,162,22,0,22,184
02/24/2021,GRR,MI,AGL,CE,Towers with Radar,77,21,29,0,127,0,2,7,0,9,77,23,36,0,136,0,0,0,136
02/25/2021,GRR,MI,AGL,CE,Towers with Radar,90,30,56,0,176,0,5,51,0,56,90,35,107,0,232,48,0,48,280
02/26/2021,GRR,MI,AGL,CE,Towers with Radar,91,30,67,0,188,0,2,51,0,53,91,32,118,0,241,28,0,28,269
02/27/2021,GRR,MI,AGL,CE,Towers with Radar,82,12,24,0,118,0,0,14,0,14,82,12,38,0,132,0,0,0,132
02/28/2021,GRR,MI,AGL,CE,Towers with Radar,85,16,28,0,129,0,0,0,0,0,85,16,28,0,129,0,0,0,129
03/01/2021,GRR,MI,AGL,CE,Towers with Radar,85,15,28,0,128,0,5,23,0,28,85,20,51,0,156,30,0,30,186
03/02/2021,GRR,MI,AGL,CE,Towers with Radar,65,18,47,1,131,0,2,32,1,35,65,20,79,2,166,2,0,2,168
03/03/2021,GRR,MI,AGL,CE,Towers with Radar,75,18,57,0,150,0,4,48,0,52,75,22,105,0,202,8,0,8,210
03/04/2021,GRR,MI,AGL,CE,Towers with Radar,89,25,44,0,158,0,1,32,0,33,89,26,76,0,191,0,0,0,191
03/05/2021,GRR,MI,AGL,CE,Towers with Radar,97,28,42,0,167,0,3,30,0,33,97,31,72,0,200,34,0,34,234
03/06/2021,GRR,MI,AGL,CE,Towers with Radar,84,17,23,0,124,0,3,37,0,40,84,20,60,0,164,10,0,10,174
03/07/2021,GRR,MI,AGL,CE,Towers with Radar,92,11,33,0,136,0,1,51,0,52,92,12,84,0,188,48,0,48,236
03/08/2021,GRR,MI,AGL,CE,Towers with Radar,100,17,27,0,144,0,4,28,0,32,100,21,55,0,176,14,0,14,190
03/09/2021,GRR,MI,AGL,CE,Towers with Radar,81,15,43,0,139,0,1,46,0,47,81,16,89,0,186,62,0,62,248
03/10/2021,GRR,MI,AGL,CE,Towers with Radar,91,15,39,0,145,0,3,2,0,5,91,18,41,0,150,0,0,0,150
03/11/2021,GRR,MI,AGL,CE,Towers with Radar,98,26,48,0,172,0,7,9,0,16,98,33,57,0,188,0,0,0,188
03/12/2021,GRR,MI,AGL,CE,Towers with Radar,95,20,50,0,165,0,3,35,0,38,95,23,85,0,203,20,0,20,223
03/13/2021,GRR,MI,AGL,CE,Towers with Radar,86,12,22,0,120,0,4,44,0,48,86,16,66,0,168,52,0,52,220
03/14/2021,GRR,MI,AGL,CE,Towers with Radar,84,14,23,0,121,0,0,32,0,32,84,14,55,0,153,68,0,68,221
03/15/2021,GRR,MI,AGL,CE,Towers with Radar,89,25,37,0,151,0,3,11,0,14,89,28,48,0,165,0,0,0,165
03/16/2021,GRR,MI,AGL,CE,Towers with Radar,87,26,40,0,153,0,0,10,0,10,87,26,50,0,163,16,0,16,179
03/17/2021,GRR,MI,AGL,CE,Towers with Radar,87,19,48,0,154,0,3,13,1,17,87,22,61,1,171,64,0,64,235
03/18/2021,GRR,MI,AGL,CE,Towers with Radar,97,27,31,0,155,0,1,5,0,6,97,28,36,0,161,0,0,0,161
03/19/2021,GRR,MI,AGL,CE,Towers with Radar,99,34,55,2,190,0,4,50,0,54,99,38,105,2,244,32,2,34,278
03/20/2021,GRR,MI,AGL,CE,Towers with Radar,89,22,37,0,148,0,5,50,0,55,89,27,87,0,203,38,0,38,241
03/21/2021,GRR,MI,AGL,CE,Towers with Radar,92,13,41,0,146,0,1,35,0,36,92,14,76,0,182,46,0,46,228
03/22/2021,GRR,MI,AGL,CE,Towers with Radar,96,25,31,0,152,0,4,24,0,28,96,29,55,0,180,64,0,64,244
03/23/2021,GRR,MI,AGL,CE,Towers with Radar,86,26,48,0,160,0,1,38,0,39,86,27,86,0,199,26,0,26,225
03/24/2021,GRR,MI,AGL,CE,Towers with Radar,94,17,37,0,148,0,5,12,0,17,94,22,49,0,165,6,0,6,171
03/25/2021,GRR,MI,AGL,CE,Towers with Radar,99,31,49,0,179,0,3,13,0,16,99,34,62,0,195,0,0,0,195
03/26/2021,GRR,MI,AGL,CE,Towers with Radar,101,20,37,0,158,0,2,5,0,7,101,22,42,0,165,24,0,24,189
03/27/2021,GRR,MI,AGL,CE,Towers with Radar,95,19,46,0,160,0,1,18,0,19,95,20,64,0,179,0,0,0,179
03/28/2021,GRR,MI,AGL,CE,Towers with Radar,93,15,25,0,133,0,0,1,0,1,93,15,26,0,134,0,0,0,134
03/29/2021,GRR,MI,AGL,CE,Towers with Radar,90,30,36,0,156,0,5,30,0,35,90,35,66,0,191,4,0,4,195
03/30/2021,GRR,MI,AGL,CE,Towers with Radar,92,18,47,0,157,0,0,9,0,9,92,18,56,0,166,0,0,0,166
03/31/2021,GRR,MI,AGL,CE,Towers with Radar,100,19,35,0,154,0,2,21,0,23,100,21,56,0,177,32,0,32,209
04/01/2021,GRR,MI,AGL,CE,Towers with Radar,107,29,75,4,215,0,1,24,0,25,107,30,99,4,240,39,0,39,279
04/02/2021,GRR,MI,AGL,CE,Towers with Radar,111,33,41,0,185,0,1,53,0,54,111,34,94,0,239,8,0,8,247
04/03/2021,GRR,MI,AGL,CE,Towers with Radar,100,13,37,0,150,0,3,15,0,18,100,16,52,0,168,0,0,0,168
04/04/2021,GRR,MI,AGL,CE,Towers with Radar,94,19,28,0,141,0,4,33,0,37,94,23,61,0,178,4,0,4,182
04/05/2021,GRR,MI,AGL,CE,Towers with Radar,92,19,21,0,132,0,2,16,1,19,92,21,37,1,151,10,0,10,161
04/06/2021,GRR,MI,AGL,CE,Towers with Radar,80,15,30,4,129,0,2,37,0,39,80,17,67,4,168,26,0,26,194
04/07/2021,GRR,MI,AGL,CE,Towers with Radar,88,24,54,0,166,0,7,35,0,42,88,31,89,0,208,0,0,0,208
04/08/2021,GRR,MI,AGL,CE,Towers with Radar,102,30,16,0,148,0,0,7,0,7,102,30,23,0,155,4,0,4,159
04/09/2021,GRR,MI,AGL,CE,Towers with Radar,105,44,39,1,189,0,3,11,1,15,105,47,50,2,204,14,0,14,218
04/10/2021,GRR,MI,AGL,CE,Towers with Radar,108,20,53,8,189,0,4,22,0,26,108,24,75,8,215,38,6,44,259
04/11/2021,GRR,MI,AGL,CE,Towers with Radar,102,21,39,0,162,0,4,2,0,6,102,25,41,0,168,0,0,0,168
04/12/2021,GRR,MI,AGL,CE,Towers with Radar,94,38,42,0,174,0,6,45,0,51,94,44,87,0,225,48,0,48,273
04/13/2021,GRR,MI,AGL,CE,Towers with Radar,66,25,48,1,140,0,15,44,1,60,66,40,92,2,200,66,0,66,266
04/14/2021,GRR,MI,AGL,CE,Towers with Radar,71,26,55,0,152,0,2,36,0,38,71,28,91,0,190,46,0,46,236
04/15/2021,GRR,MI,AGL,CE,Towers with Radar,87,32,41,0,160,0,1,1,0,2,87,33,42,0,162,22,0,22,184
04/16/2021,GRR,MI,AGL,CE,Towers with Radar,84,32,53,0,169,0,3,26,0,29,84,35,79,0,198,76,0,76,274
04/17/2021,GRR,MI,AGL,CE,Towers with Radar,72,14,36,5,127,0,4,43,0,47,72,18,79,5,174,0,0,0,174
04/18/2021,GRR,MI,AGL,CE,Towers with Radar,84,19,40,0,143,0,5,48,0,53,84,24,88,0,196,70,0,70,266
04/19/2021,GRR,MI,AGL,CE,Towers with Radar,81,26,56,0,163,0,4,19,0,23,81,30,75,0,186,54,0,54,240
04/20/2021,GRR,MI,AGL,CE,Towers with Radar,60,21,28,3,112,0,2,36,3,41,60,23,64,6,153,8,0,8,161
04/21/2021,GRR,MI,AGL,CE,Towers with Radar,68,22,53,0,143,0,11,24,0,35,68,33,77,0,178,14,0,14,192
04/22/2021,GRR,MI,AGL,CE,Towers with Radar,89,35,41,3,168,0,3,27,1,31,89,38,68,4,199,24,0,24,223
04/23/2021,GRR,MI,AGL,CE,Towers with Radar,83,30,35,0,148,0,8,34,0,42,83,38,69,0,190,30,0,30,220
04/24/2021,GRR,MI,AGL,CE,Towers with Radar,71,11,26,0,108,0,2,16,0,18,71,13,42,0,126,34,0,34,160
04/25/2021,GRR,MI,AGL,CE,Towers with Radar,79,20,33,0,132,1,2,17,0,20,80,22,50,0,152,6,0,6,158
04/26/2021,GRR,MI,AGL,CE,Towers with Radar,85,28,37,0,150,0,16,23,0,39,85,44,60,0,189,34,0,34,223
04/27/2021,GRR,MI,AGL,CE,Towers with Radar,61,19,60,3,143,0,5,24,1,30,61,24,84,4,173,42,0,42,215
04/28/2021,GRR,MI,AGL,CE,Towers with Radar,71,28,52,0,151,0,2,26,0,28,71,30,78,0,179,0,0,0,179
04/29/2021,GRR,MI,AGL,CE,Towers with Radar,90,31,67,0,188,0,0,8,0,8,90,31,75,0,196,0,0,0,196
04/30/2021,GRR,MI,AGL,CE,Towers with Radar,84,29,65,0,178,0,1,21,0,22,84,30,86,0,200,24,0,24,224
05/01/2021,GRR,MI,AGL,CE,Towers with Radar,71,13,13,0,97,0,3,11,0,14,71,16,24,0,111,32,0,32,143
05/02/2021,GRR,MI,AGL,CE,Towers with Radar,84,16,34,0,134,0,1,11,0,12,84,17,45,0,146,0,0,0,146
05/03/2021,GRR,MI,AGL,CE,Towers with Radar,79,24,41,20,164,0,2,0,0,2,79,26,41,20,166,12,0,12,178
05/04/2021,GRR,MI,AGL,CE,Towers with Radar,63,21,54,0,138,0,2,4,0,6,63,23,58,0,144,62,0,62,206
05/05/2021,GRR,MI,AGL,CE,Towers with Radar,70,25,72,2,169,1,6,47,0,54,71,31,119,2,223,62,0,62,285
05/06/2021,GRR,MI,AGL,CE,Towers with Radar,96,23,45,2,166,0,0,7,0,7,96,23,52,2,173,20,0,20,193
05/07/2021,GRR,MI,AGL,CE,Towers with Radar,93,32,49,0,174,0,2,19,0,21,93,34,68,0,195,12,0,12,207
05/08/2021,GRR,MI,AGL,CE,Towers with Radar,84,20,33,0,137,0,5,57,0,62,84,25,90,0,199,10,0,10,209
05/09/2021,GRR,MI,AGL,CE,Towers with Radar,91,16,22,0,129,0,3,16,0,19,91,19,38,0,148,12,0,12,160
05/10/2021,GRR,MI,AGL,CE,Towers with Radar,86,22,53,0,161,0,9,47,0,56,86,31,100,0,217,38,0,38,255
05/11/2021,GRR,MI,AGL,CE,Towers with Radar,76,33,46,2,157,0,7,23,0,30,76,40,69,2,187,0,0,0,187
05/12/2021,GRR,MI,AGL,CE,Towers with Radar,82,34,44,0,160,0,2,47,0,49,82,36,91,0,209,58,0,58,267
05/13/2021,GRR,MI,AGL,CE,Towers with Radar,96,32,51,0,179,0,6,58,0,64,96,38,109,0,243,134,0,134,377
05/14/2021,GRR,MI,AGL,CE,Towers with Radar,96,33,44,0,173,0,5,50,0,55,96,38,94,0,228,24,0,24,252
05/15/2021,GRR,MI,AGL,CE,Towers with Radar,83,27,20,0,130,0,3,29,0,32,83,30,49,0,162,0,0,0,162
05/16/2021,GRR,MI,AGL,CE,Towers with Radar,93,17,37,0,147,0,2,24,0,26,93,19,61,0,173,36,0,36,209
05/17/2021,GRR,MI,AGL,CE,Towers with Radar,94,27,45,0,166,0,8,40,0,48,94,35,85,0,214,64,0,64,278
05/18/2021,GRR,MI,AGL,CE,Towers with Radar,78,61,62,3,204,0,6,40,1,47,78,67,102,4,251,68,0,68,319
05/19/2021,GRR,MI,AGL,CE,Towers with Radar,85,32,47,2,166,0,9,48,0,57,85,41,95,2,223,50,0,50,273
05/20/2021,GRR,MI,AGL,CE,Towers with Radar,100,36,64,8,208,0,5,34,0,39,100,41,98,8,247,44,0,44,291
05/21/2021,GRR,MI,AGL,CE,Towers with Radar,95,28,46,0,169,0,4,28,0,32,95,32,74,0,201,22,0,22,223
05/22/2021,GRR,MI,AGL,CE,Towers with Radar,88,13,34,0,135,0,1,15,0,16,88,14,49,0,151,0,0,0,151
05/23/2021,GRR,MI,AGL,CE,Towers with Radar,93,20,36,0,149,0,0,1,0,1,93,20,37,0,150,0,0,0,150
05/24/2021,GRR,MI,AGL,CE,Towers with Radar,90,20,64,0,174,0,3,28,0,31,90,23,92,0,205,40,0,40,245
05/25/2021,GRR,MI,AGL,CE,Towers with Radar,76,25,72,0,173,0,2,15,0,17,76,27,87,0,190,6,0,6,196
05/26/2021,GRR,MI,AGL,CE,Towers with Radar,85,34,61,0,180,0,6,19,0,25,85,40,80,0,205,16,0,16,221
05/27/2021,GRR,MI,AGL,CE,Towers with Radar,95,36,74,20,225,0,5,27,6,38,95,41,101,26,263,24,4,28,291
05/28/2021,GRR,MI,AGL,CE,Towers with Radar,91,25,34,0,150,0,3,2,0,5,91,28,36,0,155,0,0,0,155
05/29/2021,GRR,MI,AGL,CE,Towers with Radar,78,26,25,0,129,0,2,25,0,27,78,28,50,0,156,0,0,0,156
05/30/2021,GRR,MI,AGL,CE,Towers with Radar,88,11,30,0,129,0,2,14,0,16,88,13,44,0,145,0,0,0,145
05/31/2021,GRR,MI,AGL,CE,Towers with Radar,86,8,24,0,118,0,1,20,0,21,86,9,44,0,139,26,0,26,165
06/01/2021,GRR,MI,AGL,CE,Towers with Radar,76,35,64,0,175,0,9,55,0,64,76,44,119,0,239,68,0,68,307
06/02/2021,GRR,MI,AGL,CE,Towers with Radar,84,39,68,0,191,0,2,25,0,27,84,41,93,0,218,0,0,0,218
06/03/2021,GRR,MI,AGL,CE,Towers with Radar,95,32,55,0,182,0,7,20,0,27,95,39,75,0,209,14,0,14,223
06/04/2021,GRR,MI,AGL,CE,Towers with Radar,92,26,42,0,160,0,3,14,0,17,92,29,56,0,177,48,0,48,225
06/05/2021,GRR,MI,AGL,CE,Towers with Radar,89,22,16,0,127,0,4,17,0,21,89,26,33,0,148,10,0,10,158
06/06/2021,GRR,MI,AGL,CE,Towers with Radar,95,21,40,0,156,0,0,18,0,18,95,21,58,0,174,0,0,0,174
06/07/2021,GRR,MI,AGL,CE,Towers with Radar,83,27,27,0,137,0,1,23,0,24,83,28,50,0,161,24,0,24,185
06/08/2021,GRR,MI,AGL,CE,Towers with Radar,80,31,55,0,166,0,1,4,0,5,80,32,59,0,171,24,0,24,195
06/09/2021,GRR,MI,AGL,CE,Towers with Radar,85,31,56,4,176,0,1,18,0,19,85,32,74,4,195,40,0,40,235
06/10/2021,GRR,MI,AGL,CE,Towers with Radar,95,32,63,0,190,0,5,25,0,30,95,37,88,0,220,6,0,6,226
06/11/2021,GRR,MI,AGL,CE,Towers with Radar,95,35,44,0,174,0,4,35,0,39,95,39,79,0,213,0,0,0,213
06/12/2021,GRR,MI,AGL,CE,Towers with Radar,90,26,37,0,153,0,2,17,0,19,90,28,54,0,172,0,0,0,172
06/13/2021,GRR,MI,AGL,CE,Towers with Radar,95,18,38,0,151,0,4,25,0,29,95,22,63,0,180,0,0,0,180
06/14/2021,GRR,MI,AGL,CE,Towers with Radar,81,43,53,0,177,0,2,31,0,33,81,45,84,0,210,24,0,24,234
06/15/2021,GRR,MI,AGL,CE,Towers with Radar,77,39,56,0,172,0,12,57,0,69,77,51,113,0,241,48,0,48,289
06/16/2021,GRR,MI,AGL,CE,Towers with Radar,89,39,66,0,194,0,16,44,0,60,89,55,110,0,254,56,0,56,310
06/17/2021,GRR,MI,AGL,CE,Towers with Radar,96,45,49,0,190,0,11,32,0,43,96,56,81,0,233,22,0,22,255
06/18/2021,GRR,MI,AGL,CE,Towers with Radar,89,33,64,0,186,0,4,22,0,26,89,37,86,0,212,0,0,0,212
06/19/2021,GRR,MI,AGL,CE,Towers with Radar,90,24,33,0,147,0,4,20,0,24,90,28,53,0,171,0,0,0,171
06/20/2021,GRR,MI,AGL,CE,Towers with Radar,101,26,49,0,176,0,3,18,0,21,101,29,67,0,197,0,0,0,197
06/21/2021,GRR,MI,AGL,CE,Towers with Radar,86,27,37,0,150,0,3,7,0,10,86,30,44,0,160,24,0,24,184
06/22/2021,GRR,MI,AGL,CE,Towers with Radar,80,39,57,0,176,0,7,47,0,54,80,46,104,0,230,83,0,83,313
06/23/2021,GRR,MI,AGL,CE,Towers with Radar,91,30,56,0,177,0,10,23,0,33,91,40,79,0,210,52,0,52,262
06/24/2021,GRR,MI,AGL,CE,Towers with Radar,94,40,53,0,187,0,3,23,0,26,94,43,76,0,213,10,0,10,223
06/25/2021,GRR,MI,AGL,CE,Towers with Radar,90,38,37,0,165,0,0,1,0,1,90,38,38,0,166,4,0,4,170
06/26/2021,GRR,MI,AGL,CE,Towers with Radar,85,18,14,0,117,0,0,0,0,0,85,18,14,0,117,0,0,0,117
06/27/2021,GRR,MI,AGL,CE,Towers with Radar,96,22,25,0,143,0,0,14,1,15,96,22,39,1,158,0,0,0,158
06/28/2021,GRR,MI,AGL,CE,Towers with Radar,87,26,50,0,163,0,0,19,0,19,87,26,69,0,182,10,0,10,192
06/29/2021,GRR,MI,AGL,CE,Towers with Radar,84,30,56,0,170,0,2,7,0,9,84,32,63,0,179,0,0,0,179
06/30/2021,GRR,MI,AGL,CE,Towers with Radar,85,39,75,1,200,0,3,28,1,32,85,42,103,2,232,38,0,38,270
07/01/2021,GRR,MI,AGL,CE,Towers with Radar,99,31,64,4,198,0,1,47,1,49,99,32,111,5,247,54,0,54,301
07/02/2021,GRR,MI,AGL,CE,Towers with Radar,95,35,17,2,149,0,2,26,1,29,95,37,43,3,178,16,0,16,194
07/03/2021,GRR,MI,AGL,CE,Towers with Radar,85,27,21,1,134,0,8,21,2,31,85,35,42,3,165,14,0,14,179
07/04/2021,GRR,MI,AGL,CE,Towers with Radar,92,11,11,0,114,0,5,13,1,19,92,16,24,1,133,0,0,0,133
07/05/2021,GRR,MI,AGL,CE,Towers with Radar,88,21,26,0,135,0,2,17,0,19,88,23,43,0,154,12,0,12,166
07/06/2021,GRR,MI,AGL,CE,Towers with Radar,76,28,29,0,133,0,4,21,0,25,76,32,50,0,158,4,0,4,162
07/07/2021,GRR,MI,AGL,CE,Towers with Radar,93,30,55,5,183,0,4,17,3,24,93,34,72,8,207,18,0,18,225
07/08/2021,GRR,MI,AGL,CE,Towers with Radar,99,46,61,0,206,0,1,3,0,4,99,47,64,0,210,0,0,0,210
07/09/2021,GRR,MI,AGL,CE,Towers with Radar,98,37,62,2,199,0,4,34,0,38,98,41,96,2,237,0,0,0,237
07/10/2021,GRR,MI,AGL,CE,Towers with Radar,85,30,37,4,156,0,1,31,0,32,85,31,68,4,188,20,0,20,208
07/11/2021,GRR,MI,AGL,CE,Towers with Radar,104,26,57,2,189,0,0,4,0,4,104,26,61,2,193,10,0,10,203
07/12/2021,GRR,MI,AGL,CE,Towers with Radar,87,26,57,0,170,0,0,6,0,6,87,26,63,0,176,14,0,14,190
07/13/2021,GRR,MI,AGL,CE,Towers with Radar,91,34,39,0,164,0,2,3,0,5,91,36,42,0,169,0,0,0,169
07/14/2021,GRR,MI,AGL,CE,Towers with Radar,95,42,51,0,188,0,8,43,0,51,95,50,94,0,239,40,0,40,279
07/15/2021,GRR,MI,AGL,CE,Towers with Radar,99,37,71,0,207,0,2,14,0,16,99,39,85,0,223,0,0,0,223
07/16/2021,GRR,MI,AGL,CE,Towers with Radar,101,30,68,0,199,0,4,4,0,8,101,34,72,0,207,8,0,8,215
07/17/2021,GRR,MI,AGL,CE,Towers with Radar,90,23,32,0,145,0,3,23,0,26,90,26,55,0,171,24,0,24,195
07/18/2021,GRR,MI,AGL,CE,Towers with Radar,100,25,43,0,168,0,3,36,0,39,100,28,79,0,207,12,0,12,219
07/19/2021,GRR,MI,AGL,CE,Towers with Radar,91,36,62,0,189,0,10,66,0,76,91,46,128,0,265,72,0,72,337
07/20/2021,GRR,MI,AGL,CE,Towers with Radar,96,38,56,0,190,0,7,42,0,49,96,45,98,0,239,34,0,34,273
07/21/2021,GRR,MI,AGL,CE,Towers with Radar,96,32,82,0,210,0,8,54,0,62,96,40,136,0,272,28,0,28,300
07/22/2021,GRR,MI,AGL,CE,Towers with Radar,104,29,64,0,197,0,4,37,0,41,104,33,101,0,238,20,0,20,258
07/23/2021,GRR,MI,AGL,CE,Towers with Radar,101,39,53,0,193,1,1,2,0,4,102,40,55,0,197,0,0,0,197
07/24/2021,GRR,MI,AGL,CE,Towers with Radar,94,36,27,0,157,0,4,6,0,10,94,40,33,0,167,0,0,0,167
07/25/2021,GRR,MI,AGL,CE,Towers with Radar,105,28,29,0,162,0,3,25,0,28,105,31,54,0,190,28,0,28,218
07/26/2021,GRR,MI,AGL,CE,Towers with Radar,94,33,54,0,181,0,2,47,0,49,94,35,101,0,230,18,0,18,248
07/27/2021,GRR,MI,AGL,CE,Towers with Radar,86,32,58,0,176,0,9,26,0,35,86,41,84,0,211,56,0,56,267
07/28/2021,GRR,MI,AGL,CE,Towers with Radar,94,38,69,0,201,0,3,39,0,42,94,41,108,0,243,48,0,48,291
07/29/2021,GRR,MI,AGL,CE,Towers with Radar,104,40,48,0,192,0,0,19,0,19,104,40,67,0,211,0,0,0,211
07/30/2021,GRR,MI,AGL,CE,Towers with Radar,102,32,60,1,195,0,2,30,0,32,102,34,90,1,227,18,10,28,255
07/31/2021,GRR,MI,AGL,CE,Towers with Radar,90,27,35,1,153,0,6,22,1,29,90,33,57,2,182,0,22,22,204
08/01/2021,GRR,MI,AGL,CE,Towers with Radar,93,24,39,0,156,0,2,17,0,19,93,26,56,0,175,8,0,8,183
08/02/2021,GRR,MI,AGL,CE,Towers with Radar,89,34,29,2,154,0,12,55,1,68,89,46,84,3,222,36,0,36,258
08/03/2021,GRR,MI,AGL,CE,Towers with Radar,79,38,49,2,168,0,13,35,1,49,79,51,84,3,217,50,0,50,267
08/04/2021,GRR,MI,AGL,CE,Towers with Radar,95,39,49,2,185,0,6,34,0,40,95,45,83,2,225,32,0,32,257
08/05/2021,GRR,MI,AGL,CE,Towers with Radar,105,44,61,2,212,0,6,20,0,26,105,50,81,2,238,30,0,30,268
08/06/2021,GRR,MI,AGL,CE,Towers with Radar,94,33,37,2,166,0,0,13,0,13,94,33,50,2,179,26,0,26,205
08/07/2021,GRR,MI,AGL,CE,Towers with Radar,90,25,40,0,155,0,4,12,2,18,90,29,52,2,173,0,8,8,181
08/08/2021,GRR,MI,AGL,CE,Towers with Radar,89,36,40,1,166,0,0,20,0,20,89,36,60,1,186,4,0,4,190
08/09/2021,GRR,MI,AGL,CE,Towers with Radar,89,24,40,3,156,0,3,11,0,14,89,27,51,3,170,0,0,0,170
08/10/2021,GRR,MI,AGL,CE,Towers with Radar,77,40,65,1,183,0,1,14,0,15,77,41,79,1,198,28,0,28,226
08/11/2021,GRR,MI,AGL,CE,Towers with Radar,84,36,36,0,156,0,0,8,0,8,84,36,44,0,164,0,0,0,164
08/12/2021,GRR,MI,AGL,CE,Towers with Radar,106,38,70,0,214,0,1,30,0,31,106,39,100,0,245,0,0,0,245
08/13/2021,GRR,MI,AGL,CE,Towers with Radar,97,39,45,2,183,0,1,49,1,51,97,40,94,3,234,38,0,38,272
08/14/2021,GRR,MI,AGL,CE,Towers with Radar,81,25,27,0,133,0,1,37,1,39,81,26,64,1,172,10,0,10,182
08/15/2021,GRR,MI,AGL,CE,Towers with Radar,96,24,21,0,141,0,1,31,0,32,96,25,52,0,173,22,0,22,195
08/16/2021,GRR,MI,AGL,CE,Towers with Radar,94,26,45,0,165,0,4,51,0,55,94,30,96,0,220,52,0,52,272
08/17/2021,GRR,MI,AGL,CE,Towers with Radar,73,41,44,1,159,0,6,22,0,28,73,47,66,1,187,76,0,76,263
08/18/2021,GRR,MI,AGL,CE,Towers with Radar,83,41,40,1,165,0,18,31,0,49,83,59,71,1,214,14,0,14,228
08/19/2021,GRR,MI,AGL,CE,Towers with Radar,100,39,57,0,196,0,2,31,0,33,100,41,88,0,229,10,0,10,239
08/20/2021,GRR,MI,AGL,CE,Towers with Radar,98,38,57,0,193,0,2,42,0,44,98,40,99,0,237,10,0,10,247
08/21/2021,GRR,MI,AGL,CE,Towers with Radar,69,36,32,4,141,0,6,41,0,47,69,42,73,4,188,40,0,40,228
08/22/2021,GRR,MI,AGL,CE,Towers with Radar,95,32,33,2,162,0,3,6,0,9,95,35,39,2,171,8,0,8,179
08/23/2021,GRR,MI,AGL,CE,Towers with Radar,90,35,36,0,161,0,24,43,0,67,90,59,79,0,228,50,0,50,278
08/24/2021,GRR,MI,AGL,CE,Towers with Radar,66,37,40,0,143,0,1,28,0,29,66,38,68,0,172,0,0,0,172
08/25/2021,GRR,MI,AGL,CE,Towers with Radar,75,52,60,0,187,0,0,18,0,18,75,52,78,0,205,24,0,24,229
08/26/2021,GRR,MI,AGL,CE,Towers with Radar,97,57,54,0,208,0,5,19,0,24,97,62,73,0,232,12,0,12,244
08/27/2021,GRR,MI,AGL,CE,Towers with Radar,98,43,42,0,183,0,1,18,0,19,98,44,60,0,202,26,0,26,228
08/28/2021,GRR,MI,AGL,CE,Towers with Radar,74,23,27,0,124,0,3,37,0,40,74,26,64,0,164,12,0,12,176
08/29/2021,GRR,MI,AGL,CE,Towers with Radar,95,29,23,0,147,0,2,9,0,11,95,31,32,0,158,0,0,0,158
08/30/2021,GRR,MI,AGL,CE,Towers with Radar,87,42,51,0,180,0,12,30,0,42,87,54,81,0,222,36,0,36,258
08/31/2021,GRR,MI,AGL,CE,Towers with Radar,72,37,44,0,153,0,5,34,2,41,72,42,78,2,194,26,0,26,220
09/01/2021,GRR,MI,AGL,CE,Towers with Radar,75,47,64,0,186,0,10,48,0,58,75,57,112,0,244,46,0,46,290
09/02/2021,GRR,MI,AGL,CE,Towers with Radar,97,62,61,1,221,0,7,40,1,48,97,69,101,2,269,0,0,0,269
09/03/2021,GRR,MI,AGL,CE,Towers with Radar,100,42,33,0,175,0,5,32,0,37,100,47,65,0,212,0,0,0,212
09/04/2021,GRR,MI,AGL,CE,Towers with Radar,69,33,18,1,121,0,5,10,0,15,69,38,28,1,136,0,0,0,136
09/05/2021,GRR,MI,AGL,CE,Towers with Radar,82,27,23,0,132,0,3,25,2,30,82,30,48,2,162,0,0,0,162
09/06/2021,GRR,MI,AGL,CE,Towers with Radar,88,21,31,0,140,0,1,40,0,41,88,22,71,0,181,26,0,26,207
09/07/2021,GRR,MI,AGL,CE,Towers with Radar,62,40,34,0,136,0,1,23,0,24,62,41,57,0,160,50,0,50,210
09/08/2021,GRR,MI,AGL,CE,Towers with Radar,78,33,39,3,153,0,1,35,0,36,78,34,74,3,189,40,0,40,229
09/09/2021,GRR,MI,AGL,CE,Towers with Radar,98,48,62,0,208,0,10,41,0,51,98,58,103,0,259,36,0,36,295
09/10/2021,GRR,MI,AGL,CE,Towers with Radar,95,47,51,0,193,0,8,41,0,49,95,55,92,0,242,16,10,26,268
09/11/2021,GRR,MI,AGL,CE,Towers with Radar,70,26,23,0,119,0,2,25,0,27,70,28,48,0,146,0,0,0,146
09/12/2021,GRR,MI,AGL,CE,Towers with Radar,90,24,35,0,149,0,2,7,0,9,90,26,42,0,158,10,0,10,168
09/13/2021,GRR,MI,AGL,CE,Towers with Radar,86,37,38,0,161,0,3,6,0,9,86,40,44,0,170,0,0,0,170
09/14/2021,GRR,MI,AGL,CE,Towers with Radar,76,40,41,1,158,0,1,10,1,12,76,41,51,2,170,0,0,0,170
09/15/2021,GRR,MI,AGL,CE,Towers with Radar,78,40,58,0,176,0,9,54,0,63,78,49,112,0,239,38,0,38,277
09/16/2021,GRR,MI,AGL,CE,Towers with Radar,99,41,54,2,196,0,8,52,0,60,99,49,106,2,256,0,0,0,256
09/17/2021,GRR,MI,AGL,CE,Towers with Radar,90,46,61,0,197,0,6,26,0,32,90,52,87,0,229,16,0,16,245
09/18/2021,GRR,MI,AGL,CE,Towers with Radar,68,27,27,0,122,0,3,25,0,28,68,30,52,0,150,26,0,26,176
09/19/2021,GRR,MI,AGL,CE,Towers with Radar,83,37,41,0,161,0,6,32,0,38,83,43,73,0,199,28,0,28,227
09/20/2021,GRR,MI,AGL,CE,Towers with Radar,83,38,39,0,160,0,1,15,0,16,83,39,54,0,176,66,0,66,242
09/21/2021,GRR,MI,AGL,CE,Towers with Radar,71,46,71,0,188,0,0,6,0,6,71,46,77,0,194,0,0,0,194
09/22/2021,GRR,MI,AGL,CE,Towers with Radar,78,45,56,0,179,0,2,17,0,19,78,47,73,0,198,10,0,10,208
09/23/2021,GRR,MI,AGL,CE,Towers with Radar,94,45,36,0,175,0,0,0,0,0,94,45,36,0,175,0,0,0,175
09/24/2021,GRR,MI,AGL,CE,Towers with Radar,91,63,42,0,196,0,7,49,0,56,91,70,91,0,252,24,0,24,276
09/25/2021,GRR,MI,AGL,CE,Towers with Radar,70,35,33,0,138,0,2,27,0,29,70,37,60,0,167,0,0,0,167
09/26/2021,GRR,MI,AGL,CE,Towers with Radar,88,35,28,0,151,0,2,31,0,33,88,37,59,0,184,12,0,12,196
09/27/2021,GRR,MI,AGL,CE,Towers with Radar,86,43,52,0,181,0,14,41,2,57,86,57,93,2,238,50,0,50,288
09/28/2021,GRR,MI,AGL,CE,Towers with Radar,72,39,45,0,156,0,19,38,4,61,72,58,83,4,217,36,0,36,253
09/29/2021,GRR,MI,AGL,CE,Towers with Radar,79,45,64,0,188,0,11,49,1,61,79,56,113,1,249,38,0,38,287
09/30/2021,GRR,MI,AGL,CE,Towers with Radar,92,50,65,0,207,0,6,47,1,54,92,56,112,1,261,32,0,32,293
10/01/2021,GRR,MI,AGL,CE,Towers with Radar,96,53,59,0,208,0,8,54,0,62,96,61,113,0,270,14,0,14,284
10/02/2021,GRR,MI,AGL,CE,Towers with Radar,70,24,14,0,108,0,7,22,0,29,70,31,36,0,137,6,0,6,143
10/03/2021,GRR,MI,AGL,CE,Towers with Radar,90,38,34,1,163,0,0,0,0,0,90,38,34,1,163,0,0,0,163
10/04/2021,GRR,MI,AGL,CE,Towers with Radar,86,34,44,0,164,0,2,0,0,2,86,36,44,0,166,0,0,0,166
10/05/2021,GRR,MI,AGL,CE,Towers with Radar,71,48,57,0,176,0,3,1,0,4,71,51,58,0,180,0,0,0,180
10/06/2021,GRR,MI,AGL,CE,Towers with Radar,77,57,42,0,176,0,2,3,0,5,77,59,45,0,181,0,0,0,181
10/07/2021,GRR,MI,AGL,CE,Towers with Radar,93,54,64,0,211,0,0,0,0,0,93,54,64,0,211,0,0,0,211
10/08/2021,GRR,MI,AGL,CE,Towers with Radar,93,50,49,0,192,0,0,6,0,6,93,50,55,0,198,24,0,24,222
10/09/2021,GRR,MI,AGL,CE,Towers with Radar,62,36,39,0,137,0,0,16,0,16,62,36,55,0,153,6,0,6,159
10/10/2021,GRR,MI,AGL,CE,Towers with Radar,83,39,45,0,167,0,5,24,0,29,83,44,69,0,196,0,0,0,196
10/11/2021,GRR,MI,AGL,CE,Towers with Radar,87,37,52,0,176,0,2,21,0,23,87,39,73,0,199,41,0,41,240
10/12/2021,GRR,MI,AGL,CE,Towers with Radar,70,65,48,0,183,0,1,1,0,2,70,66,49,0,185,0,0,0,185
10/13/2021,GRR,MI,AGL,CE,Towers with Radar,74,53,61,0,188,0,4,35,0,39,74,57,96,0,227,50,0,50,277
10/14/2021,GRR,MI,AGL,CE,Towers with Radar,93,50,35,8,186,0,3,13,0,16,93,53,48,8,202,0,0,0,202
10/15/2021,GRR,MI,AGL,CE,Towers with Radar,96,57,75,3,231,0,3,9,0,12,96,60,84,3,243,8,0,8,251
10/16/2021,GRR,MI,AGL,CE,Towers with Radar,65,39,39,8,151,0,5,34,0,39,65,44,73,8,190,6,0,6,196
10/17/2021,GRR,MI,AGL,CE,Towers with Radar,89,34,34,1,158,0,4,24,0,28,89,38,58,1,186,18,0,18,204
10/18/2021,GRR,MI,AGL,CE,Towers with Radar,86,43,48,0,177,0,13,44,0,57,86,56,92,0,234,44,0,44,278
10/19/2021,GRR,MI,AGL,CE,Towers with Radar,74,41,55,0,170,0,7,59,4,70,74,48,114,4,240,24,0,24,264
10/20/2021,GRR,MI,AGL,CE,Towers with Radar,76,54,53,0,183,0,2,34,4,40,76,56,87,4,223,0,0,0,223
10/21/2021,GRR,MI,AGL,CE,Towers with Radar,97,65,67,0,229,0,1,2,0,3,97,66,69,0,232,0,0,0,232
10/22/2021,GRR,MI,AGL,CE,Towers with Radar,93,50,59,0,202,0,4,31,0,35,93,54,90,0,237,0,0,0,237
10/23/2021,GRR,MI,AGL,CE,Towers with Radar,71,44,16,0,131,0,6,13,0,19,71,50,29,0,150,0,0,0,150
10/24/2021,GRR,MI,AGL,CE,Towers with Radar,82,47,55,0,184,0,0,26,0,26,82,47,81,0,210,0,0,0,210
10/25/2021,GRR,MI,AGL,CE,Towers with Radar,86,36,34,0,156,0,2,0,0,2,86,38,34,0,158,13,0,13,171
10/26/2021,GRR,MI,AGL,CE,Towers with Radar,74,50,63,11,198,0,8,61,1,70,74,58,124,12,268,77,0,77,345
10/27/2021,GRR,MI,AGL,CE,Towers with Radar,79,54,68,0,201,0,3,20,0,23,79,57,88,0,224,34,0,34,258
10/28/2021,GRR,MI,AGL,CE,Towers with Radar,93,48,57,0,198,0,2,15,0,17,93,50,72,0,215,22,0,22,237
10/29/2021,GRR,MI,AGL,CE,Towers with Radar,90,47,45,0,182,0,1,0,0,1,90,48,45,0,183,0,0,0,183
10/30/2021,GRR,MI,AGL,CE,Towers with Radar,62,30,25,0,117,0,3,0,0,3,62,33,25,0,120,6,0,6,126
10/31/2021,GRR,MI,AGL,CE,Towers with Radar,74,30,30,0,134,0,0,4,0,4,74,30,34,0,138,0,0,0,138
11/01/2021,GRR,MI,AGL,CE,Towers with Radar,90,40,74,0,204,0,4,56,1,61,90,44,130,1,265,37,0,37,302
11/02/2021,GRR,MI,AGL,CE,Towers with Radar,75,48,43,3,169,0,1,33,3,37,75,49,76,6,206,70,0,70,276
11/03/2021,GRR,MI,AGL,CE,Towers with Radar,82,44,48,0,174,0,6,34,0,40,82,50,82,0,214,86,0,86,300
11/04/2021,GRR,MI,AGL,CE,Towers with Radar,102,37,59,0,198,0,8,33,0,41,102,45,92,0,239,18,0,18,257
11/05/2021,GRR,MI,AGL,CE,Towers with Radar,103,33,70,0,206,0,3,50,0,53,103,36,120,0,259,50,0,50,309
11/06/2021,GRR,MI,AGL,CE,Towers with Radar,79,22,36,1,138,0,5,48,1,54,79,27,84,2,192,50,0,50,242
11/07/2021,GRR,MI,AGL,CE,Towers with Radar,103,28,45,0,176,0,5,36,0,41,103,33,81,0,217,30,0,30,247
11/08/2021,GRR,MI,AGL,CE,Towers with Radar,92,27,72,0,191,0,3,57,0,60,92,30,129,0,251,58,0,58,309
11/09/2021,GRR,MI,AGL,CE,Towers with Radar,89,37,54,0,180,0,5,47,0,52,89,42,101,0,232,42,0,42,274
11/10/2021,GRR,MI,AGL,CE,Towers with Radar,86,44,69,6,205,0,12,31,0,43,86,56,100,6,248,32,0,32,280
11/11/2021,GRR,MI,AGL,CE,Towers with Radar,110,36,46,0,192,0,4,4,0,8,110,40,50,0,200,0,0,0,200
11/12/2021,GRR,MI,AGL,CE,Towers with Radar,103,28,34,0,165,0,0,2,0,2,103,28,36,0,167,0,0,0,167
11/13/2021,GRR,MI,AGL,CE,Towers with Radar,71,21,14,0,106,0,2,0,0,2,71,23,14,0,108,6,0,6,114
11/14/2021,GRR,MI,AGL,CE,Towers with Radar,105,19,25,0,149,0,0,0,0,0,105,19,25,0,149,0,0,0,149
11/15/2021,GRR,MI,AGL,CE,Towers with Radar,98,28,28,0,154,5,3,25,0,33,103,31,53,0,187,90,0,90,277
11/16/2021,GRR,MI,AGL,CE,Towers with Radar,91,34,62,0,187,0,6,40,0,46,91,40,102,0,233,26,0,26,259
11/17/2021,GRR,MI,AGL,CE,Towers with Radar,83,49,54,0,186,0,0,0,0,0,83,49,54,0,186,0,0,0,186
11/18/2021,GRR,MI,AGL,CE,Towers with Radar,108,41,35,4,188,0,2,6,0,8,108,43,41,4,196,10,0,10,206
11/19/2021,GRR,MI,AGL,CE,Towers with Radar,109,46,56,0,211,0,6,44,0,50,109,52,100,0,261,74,0,74,335
11/20/2021,GRR,MI,AGL,CE,Towers with Radar,85,27,26,0,138,0,3,15,0,18,85,30,41,0,156,34,0,34,190
11/21/2021,GRR,MI,AGL,CE,Towers with Radar,109,22,36,0,167,0,0,11,0,11,109,22,47,0,178,0,0,0,178
11/22/2021,GRR,MI,AGL,CE,Towers with Radar,95,26,43,1,165,0,5,24,1,30,95,31,67,2,195,54,0,54,249
11/23/2021,GRR,MI,AGL,CE,Towers with Radar,110,42,42,0,194,0,6,43,4,53,110,48,85,4,247,58,0,58,305
11/24/2021,GRR,MI,AGL,CE,Towers with Radar,119,29,29,1,178,0,1,7,1,9,119,30,36,2,187,0,0,0,187
11/25/2021,GRR,MI,AGL,CE,Towers with Radar,61,5,3,0,69,0,0,0,0,0,61,5,3,0,69,0,0,0,69
11/26/2021,GRR,MI,AGL,CE,Towers with Radar,84,30,37,0,151,0,3,25,0,28,84,33,62,0,179,32,0,32,211
11/27/2021,GRR,MI,AGL,CE,Towers with Radar,109,31,16,0,156,0,0,4,0,4,109,31,20,0,160,0,0,0,160
11/28/2021,GRR,MI,AGL,CE,Towers with Radar,121,29,41,0,191,0,0,7,0,7,121,29,48,0,198,4,0,4,202
11/29/2021,GRR,MI,AGL,CE,Towers with Radar,102,32,39,0,173,0,3,15,0,18,102,35,54,0,191,30,0,30,221
11/30/2021,GRR,MI,AGL,CE,Towers with Radar,93,38,54,4,189,0,5,5,0,10,93,43,59,4,199,8,0,8,207
12/01/2021,GRR,MI,AGL,CE,Towers with Radar,93,36,43,0,172,0,3,16,0,19,93,39,59,0,191,36,0,36,227
12/02/2021,GRR,MI,AGL,CE,Towers with Radar,107,29,56,3,195,0,2,16,1,19,107,31,72,4,214,0,0,0,214
12/03/2021,GRR,MI,AGL,CE,Towers with Radar,109,29,17,0,155,0,0,0,0,0,109,29,17,0,155,0,0,0,155
12/04/2021,GRR,MI,AGL,CE,Towers with Radar,75,23,19,0,117,0,4,36,0,40,75,27,55,0,157,16,0,16,173
12/05/2021,GRR,MI,AGL,CE,Towers with Radar,95,15,24,0,134,0,0,0,0,0,95,15,24,0,134,0,0,0,134
12/06/2021,GRR,MI,AGL,CE,Towers with Radar,95,30,34,0,159,0,0,0,0,0,95,30,34,0,159,12,0,12,171
12/07/2021,GRR,MI,AGL,CE,Towers with Radar,90,35,45,0,170,0,8,12,0,20,90,43,57,0,190,80,0,80,270
12/08/2021,GRR,MI,AGL,CE,Towers with Radar,84,37,39,2,162,0,0,7,0,7,84,37,46,2,169,10,0,10,179
12/09/2021,GRR,MI,AGL,CE,Towers with Radar,101,49,60,0,210,0,3,23,0,26,101,52,83,0,236,58,0,58,294
12/10/2021,GRR,MI,AGL,CE,Towers with Radar,106,32,50,0,188,0,2,8,0,10,106,34,58,0,198,30,0,30,228
12/11/2021,GRR,MI,AGL,CE,Towers with Radar,73,17,14,0,104,0,1,0,0,1,73,18,14,0,105,0,0,0,105
12/12/2021,GRR,MI,AGL,CE,Towers with Radar,97,21,41,0,159,0,5,13,0,18,97,26,54,0,177,0,0,0,177
12/13/2021,GRR,MI,AGL,CE,Towers with Radar,98,36,46,2,182,0,11,33,6,50,98,47,79,8,232,6,0,6,238
12/14/2021,GRR,MI,AGL,CE,Towers with Radar,87,48,31,0,166,0,8,41,0,49,87,56,72,0,215,72,0,72,287
12/15/2021,GRR,MI,AGL,CE,Towers with Radar,88,49,44,0,181,0,2,1,0,3,88,51,45,0,184,0,0,0,184
12/16/2021,GRR,MI,AGL,CE,Towers with Radar,123,32,29,1,185,0,2,3,1,6,123,34,32,2,191,0,0,0,191
12/17/2021,GRR,MI,AGL,CE,Towers with Radar,113,34,51,0,198,0,6,51,0,57,113,40,102,0,255,62,0,62,317
12/18/2021,GRR,MI,AGL,CE,Towers with Radar,84,37,13,0,134,0,0,0,0,0,84,37,13,0,134,0,0,0,134
12/19/2021,GRR,MI,AGL,CE,Towers with Radar,106,19,29,0,154,0,2,11,0,13,106,21,40,0,167,10,0,10,177
12/20/2021,GRR,MI,AGL,CE,Towers with Radar,104,30,34,0,168,0,2,7,0,9,104,32,41,0,177,0,0,0,177
12/21/2021,GRR,MI,AGL,CE,Towers with Radar,108,31,44,0,183,0,3,13,0,16,108,34,57,0,199,20,0,20,219
12/22/2021,GRR,MI,AGL,CE,Towers with Radar,108,43,32,0,183,0,4,21,0,25,108,47,53,0,208,24,0,24,232
12/23/2021,GRR,MI,AGL,CE,Towers with Radar,113,44,37,0,194,0,1,18,0,19,113,45,55,0,213,22,0,22,235
12/24/2021,GRR,MI,AGL,CE,Towers with Radar,88,26,8,0,122,0,0,3,0,3,88,26,11,0,125,0,0,0,125
12/25/2021,GRR,MI,AGL,CE,Towers with Radar,74,18,7,0,99,0,1,5,0,6,74,19,12,0,105,0,0,0,105
12/26/2021,GRR,MI,AGL,CE,Towers with Radar,102,25,54,0,181,0,4,44,0,48,102,29,98,0,229,18,0,18,247
12/27/2021,GRR,MI,AGL,CE,Towers with Radar,97,36,28,0,161,0,0,0,0,0,97,36,28,0,161,0,0,0,161
12/28/2021,GRR,MI,AGL,CE,Towers with Radar,97,34,31,0,162,0,1,5,0,6,97,35,36,0,168,16,0,16,184
12/29/2021,GRR,MI,AGL,CE,Towers with Radar,98,30,26,4,158,0,0,0,0,0,98,30,26,4,158,8,20,28,186
12/30/2021,GRR,MI,AGL,CE,Towers with Radar,110,39,24,0,173,0,2,13,0,15,110,41,37,0,188,8,0,8,196
12/31/2021,GRR,MI,AGL,CE,Towers with Radar,79,30,19,0,128,0,1,1,0,2,79,31,20,0,130,8,0,8,138
01/01/2022,GRR,MI,AGL,CE,Towers with Radar,65,12,7,0,84,0,0,0,0,0,65,12,7,0,84,0,0,0,84
01/02/2022,GRR,MI,AGL,CE,Towers with Radar,86,25,32,0,143,0,4,1,0,5,86,29,33,0,148,0,0,0,148
01/03/2022,GRR,MI,AGL,CE,Towers with Radar,82,24,20,0,126,0,0,13,0,13,82,24,33,0,139,54,0,54,193
01/04/2022,GRR,MI,AGL,CE,Towers with Radar,77,38,45,2,162,0,3,34,0,37,77,41,79,2,199,28,0,28,227
01/05/2022,GRR,MI,AGL,CE,Towers with Radar,57,7,14,0,78,0,0,0,0,0,57,7,14,0,78,0,0,0,78
01/06/2022,GRR,MI,AGL,CE,Towers with Radar,88,27,30,0,145,0,0,0,0,0,88,27,30,0,145,0,0,0,145
01/07/2022,GRR,MI,AGL,CE,Towers with Radar,85,34,42,0,161,0,1,19,0,20,85,35,61,0,181,22,0,22,203
01/08/2022,GRR,MI,AGL,CE,Towers with Radar,65,18,19,0,102,0,1,23,0,24,65,19,42,0,126,24,0,24,150
01/09/2022,GRR,MI,AGL,CE,Towers with Radar,84,17,24,0,125,0,1,1,0,2,84,18,25,0,127,0,0,0,127
01/10/2022,GRR,MI,AGL,CE,Towers with Radar,93,22,31,0,146,0,1,3,0,4,93,23,34,0,150,0,0,0,150
01/11/2022,GRR,MI,AGL,CE,Towers with Radar,78,33,31,2,144,0,8,16,0,24,78,41,47,2,168,0,0,0,168
01/12/2022,GRR,MI,AGL,CE,Towers with Radar,93,31,44,0,168,0,2,8,0,10,93,33,52,0,178,8,0,8,186
01/13/2022,GRR,MI,AGL,CE,Towers with Radar,97,23,39,0,159,0,0,2,0,2,97,23,41,0,161,0,0,0,161
01/14/2022,GRR,MI,AGL,CE,Towers with Radar,106,37,25,0,168,0,1,2,0,3,106,38,27,0,171,0,0,0,171
01/15/2022,GRR,MI,AGL,CE,Towers with Radar,71,17,29,0,117,0,2,26,0,28,71,19,55,0,145,0,0,0,145
01/16/2022,GRR,MI,AGL,CE,Towers with Radar,73,16,33,0,122,0,1,29,0,30,73,17,62,0,152,32,0,32,184
01/17/2022,GRR,MI,AGL,CE,Towers with Radar,84,18,21,0,123,0,0,1,0,1,84,18,22,0,124,0,0,0,124
01/18/2022,GRR,MI,AGL,CE,Towers with Radar,82,32,47,3,164,0,0,13,1,14,82,32,60,4,178,22,0,22,200
01/19/2022,GRR,MI,AGL,CE,Towers with Radar,85,33,28,0,146,0,0,5,0,5,85,33,33,0,151,0,0,0,151
01/20/2022,GRR,MI,AGL,CE,Towers with Radar,98,32,53,12,195,0,6,27,0,33,98,38,80,12,228,0,0,0,228
01/21/2022,GRR,MI,AGL,CE,Towers with Radar,102,36,40,0,178,0,3,52,0,55,102,39,92,0,233,52,0,52,285
01/22/2022,GRR,MI,AGL,CE,Towers with Radar,67,14,8,0,89,0,0,0,0,0,67,14,8,0,89,0,0,0,89
01/23/2022,GRR,MI,AGL,CE,Towers with Radar,91,15,30,0,136,0,2,8,0,10,91,17,38,0,146,0,0,0,146
01/24/2022,GRR,MI,AGL,CE,Towers with Radar,92,19,21,0,132,0,0,0,0,0,92,19,21,0,132,0,0,0,132
01/25/2022,GRR,MI,AGL,CE,Towers with Radar,83,33,37,0,153,0,0,6,0,6,83,33,43,0,159,0,0,0,159
01/26/2022,GRR,MI,AGL,CE,Towers with Radar,87,35,43,8,173,0,10,25,0,35,87,45,68,8,208,44,0,44,252
01/27/2022,GRR,MI,AGL,CE,Towers with Radar,111,28,31,0,170,0,2,1,0,3,111,30,32,0,173,0,0,0,173
01/28/2022,GRR,MI,AGL,CE,Towers with Radar,106,38,35,0,179,0,6,44,0,50,106,44,79,0,229,30,0,30,259
01/29/2022,GRR,MI,AGL,CE,Towers with Radar,66,12,22,0,100,0,4,24,0,28,66,16,46,0,128,28,0,28,156
01/30/2022,GRR,MI,AGL,CE,Towers with Radar,96,15,23,0,134,0,3,13,0,16,96,18,36,0,150,18,0,18,168
01/31/2022,GRR,MI,AGL,CE,Towers with Radar,94,21,32,1,148,0,6,29,0,35,94,27,61,1,183,26,0,26,209
02/01/2022,GRR,MI,AGL,CE,Towers with Radar,80,27,33,1,141,0,0,6,0,6,80,27,39,1,147,0,0,0,147
02/02/2022,GRR,MI,AGL,CE,Towers with Radar,73,22,21,0,116,0,0,0,0,0,73,22,21,0,116,0,0,0,116
02/03/2022,GRR,MI,AGL,CE,Towers with Radar,97,34,29,0,160,0,1,11,0,12,97,35,40,0,172,0,0,0,172
02/04/2022,GRR,MI,AGL,CE,Towers with Radar,92,25,41,0,158,0,9,40,0,49,92,34,81,0,207,32,0,32,239
02/05/2022,GRR,MI,AGL,CE,Towers with Radar,71,14,28,2,115,0,1,13,0,14,71,15,41,2,129,0,0,0,129
02/06/2022,GRR,MI,AGL,CE,Towers with Radar,97,12,27,0,136,0,2,15,0,17,97,14,42,0,153,0,0,0,153
02/07/2022,GRR,MI,AGL,CE,Towers with Radar,99,33,29,0,161,0,0,0,0,0,99,33,29,0,161,0,0,0,161
02/08/2022,GRR,MI,AGL,CE,Towers with Radar,89,28,50,0,167,0,9,48,0,57,89,37,98,0,224,38,0,38,262
02/09/2022,GRR,MI,AGL,CE,Towers with Radar,94,26,30,0,150,0,3,3,0,6,94,29,33,0,156,0,0,0,156
02/10/2022,GRR,MI,AGL,CE,Towers with Radar,116,37,48,2,203,0,3,3,0,6,116,40,51,2,209,0,0,0,209
02/11/2022,GRR,MI,AGL,CE,Towers with Radar,106,24,34,0,164,0,0,0,0,0,106,24,34,0,164,0,0,0,164
02/12/2022,GRR,MI,AGL,CE,Towers with Radar,77,20,23,0,120,0,0,12,0,12,77,20,35,0,132,0,0,0,132
02/13/2022,GRR,MI,AGL,CE,Towers with Radar,88,15,26,0,129,0,1,0,0,1,88,16,26,0,130,0,0,0,130
02/14/2022,GRR,MI,AGL,CE,Towers with Radar,104,16,31,0,151,0,0,8,0,8,104,16,39,0,159,4,0,4,163
02/15/2022,GRR,MI,AGL,CE,Towers with Radar,90,39,45,0,174,0,2,54,3,59,90,41,99,3,233,16,0,16,249
02/16/2022,GRR,MI,AGL,CE,Towers with Radar,98,35,42,0,175,0,0,8,0,8,98,35,50,0,183,0,0,0,183
02/17/2022,GRR,MI,AGL,CE,Towers with Radar,96,30,33,0,159,0,1,5,0,6,96,31,38,0,165,4,0,4,169
02/18/2022,GRR,MI,AGL,CE,Towers with Radar,112,33,28,0,173,0,1,21,0,22,112,34,49,0,195,12,0,12,207
02/19/2022,GRR,MI,AGL,CE,Towers with Radar,82,19,10,0,111,0,2,0,0,2,82,21,10,0,113,0,0,0,113
02/20/2022,GRR,MI,AGL,CE,Towers with Radar,89,28,19,0,136,0,4,0,0,4,89,32,19,0,140,0,0,0,140
02/21/2022,GRR,MI,AGL,CE,Towers with Radar,106,28,45,0,179,0,1,11,0,12,106,29,56,0,191,0,0,0,191
02/22/2022,GRR,MI,AGL,CE,Towers with Radar,89,16,26,0,131,0,0,0,0,0,89,16,26,0,131,0,0,0,131
02/23/2022,GRR,MI,AGL,CE,Towers with Radar,93,28,46,2,169,0,13,16,0,29,93,41,62,2,198,8,0,8,206
02/24/2022,GRR,MI,AGL,CE,Towers with Radar,103,47,48,0,198,0,6,21,0,27,103,53,69,0,225,26,0,26,251
02/25/2022,GRR,MI,AGL,CE,Towers with Radar,106,36,25,0,167,0,5,23,0,28,106,41,48,0,195,20,0,20,215
02/26/2022,GRR,MI,AGL,CE,Towers with Radar,83,22,24,0,129,0,1,16,0,17,83,23,40,0,146,32,0,32,178
02/27/2022,GRR,MI,AGL,CE,Towers with Radar,98,28,34,0,160,0,2,25,0,27,98,30,59,0,187,10,0,10,197
02/28/2022,GRR,MI,AGL,CE,Towers with Radar,100,35,42,0,177,0,10,32,0,42,100,45,74,0,219,30,0,30,249
03/01/2022,GRR,MI,AGL,CE,Towers with Radar,93,29,43,0,165,0,11,41,0,52,93,40,84,0,217,0,0,0,217
03/02/2022,GRR,MI,AGL,CE,Towers with Radar,94,26,36,0,156,0,0,7,0,7,94,26,43,0,163,8,0,8,171
03/03/2022,GRR,MI,AGL,CE,Towers with Radar,110,30,59,0,199,0,5,34,0,39,110,35,93,0,238,0,0,0,238
03/04/2022,GRR,MI,AGL,CE,Towers with Radar,100,28,44,0,172,0,3,53,2,58,100,31,97,2,230,22,0,22,252
03/05/2022,GRR,MI,AGL,CE,Towers with Radar,76,25,21,0,122,0,1,25,0,26,76,26,46,0,148,10,0,10,158
03/06/2022,GRR,MI,AGL,CE,Towers with Radar,101,16,22,0,139,0,2,0,0,2,101,18,22,0,141,0,0,0,141
03/07/2022,GRR,MI,AGL,CE,Towers with Radar,94,19,19,0,132,0,0,0,0,0,94,19,19,0,132,0,0,0,132
03/08/2022,GRR,MI,AGL,CE,Towers with Radar,87,29,43,1,160,0,5,29,1,35,87,34,72,2,195,8,0,8,203
03/09/2022,GRR,MI,AGL,CE,Towers with Radar,88,34,39,2,163,0,3,23,0,26,88,37,62,2,189,26,0,26,215
03/10/2022,GRR,MI,AGL,CE,Towers with Radar,112,41,42,0,195,0,4,33,0,37,112,45,75,0,232,20,0,20,252
03/11/2022,GRR,MI,AGL,CE,Towers with Radar,100,32,50,0,182,0,1,11,0,12,100,33,61,0,194,8,0,8,202
03/12/2022,GRR,MI,AGL,CE,Towers with Radar,85,13,33,0,131,0,1,5,0,6,85,14,38,0,137,0,0,0,137
03/13/2022,GRR,MI,AGL,CE,Towers with Radar,100,17,36,0,153,0,2,8,0,10,100,19,44,0,163,0,0,0,163
03/14/2022,GRR,MI,AGL,CE,Towers with Radar,94,20,47,0,161,0,11,28,0,39,94,31,75,0,200,0,0,0,200
03/15/2022,GRR,MI,AGL,CE,Towers with Radar,89,23,55,0,167,0,4,26,0,30,89,27,81,0,197,40,0,40,237
03/16/2022,GRR,MI,AGL,CE,Towers with Radar,87,37,40,0,164,0,10,37,0,47,87,47,77,0,211,66,0,66,277
03/17/2022,GRR,MI,AGL,CE,Towers with Radar,109,33,39,1,182,0,5,36,1,42,109,38,75,2,224,36,0,36,260
03/18/2022,GRR,MI,AGL,CE,Towers with Radar,97,36,32,6,171,0,3,12,1,16,97,39,44,7,187,0,8,8,195
03/19/2022,GRR,MI,AGL,CE,Towers with Radar,95,14,8,0,117,0,0,0,0,0,95,14,8,0,117,0,0,0,117
03/20/2022,GRR,MI,AGL,CE,Towers with Radar,100,20,28,0,148,0,3,40,0,43,100,23,68,0,191,10,0,10,201
03/21/2022,GRR,MI,AGL,CE,Towers with Radar,95,40,45,0,180,0,8,33,0,41,95,48,78,0,221,28,0,28,249
03/22/2022,GRR,MI,AGL,CE,Towers with Radar,83,33,56,1,173,0,0,18,1,19,83,33,74,2,192,46,0,46,238
03/23/2022,GRR,MI,AGL,CE,Towers with Radar,92,28,38,0,158,0,0,0,0,0,92,28,38,0,158,0,0,0,158
03/24/2022,GRR,MI,AGL,CE,Towers with Radar,109,22,42,2,175,0,0,0,0,0,109,22,42,2,175,0,0,0,175
03/25/2022,GRR,MI,AGL,CE,Towers with Radar,105,29,41,0,175,0,0,5,0,5,105,29,46,0,180,0,0,0,180
03/26/2022,GRR,MI,AGL,CE,Towers with Radar,97,29,19,0,145,0,0,0,0,0,97,29,19,0,145,0,0,0,145
03/27/2022,GRR,MI,AGL,CE,Towers with Radar,95,20,33,0,148,0,3,3,0,6,95,23,36,0,154,0,0,0,154
03/28/2022,GRR,MI,AGL,CE,Towers with Radar,92,20,53,0,165,0,6,41,0,47,92,26,94,0,212,26,0,26,238
03/29/2022,GRR,MI,AGL,CE,Towers with Radar,94,42,32,0,168,0,6,32,0,38,94,48,64,0,206,14,0,14,220
03/30/2022,GRR,MI,AGL,CE,Towers with Radar,95,47,32,0,174,0,0,2,0,2,95,47,34,0,176,0,0,0,176
03/31/2022,GRR,MI,AGL,CE,Towers with Radar,115,37,43,0,195,0,0,0,0,0,115,37,43,0,195,0,0,0,195
04/01/2022,GRR,MI,AGL,CE,Towers with Radar,105,38,42,0,185,0,4,30,0,34,105,42,72,0,219,16,0,16,235
04/02/2022,GRR,MI,AGL,CE,Towers with Radar,89,38,36,0,163,0,1,11,0,12,89,39,47,0,175,0,0,0,175
04/03/2022,GRR,MI,AGL,CE,Towers with Radar,95,22,26,0,143,0,1,13,0,14,95,23,39,0,157,6,0,6,163
04/04/2022,GRR,MI,AGL,CE,Towers with Radar,97,27,34,0,158,0,0,1,0,1,97,27,35,0,159,0,0,0,159
04/05/2022,GRR,MI,AGL,CE,Towers with Radar,93,39,51,20,203,0,6,17,0,23,93,45,68,20,226,20,4,24,250
04/06/2022,GRR,MI,AGL,CE,Towers with Radar,97,35,31,2,165,0,1,7,0,8,97,36,38,2,173,6,0,6,179
04/07/2022,GRR,MI,AGL,CE,Towers with Radar,101,27,40,0,168,0,1,10,0,11,101,28,50,0,179,0,0,0,179
04/08/2022,GRR,MI,AGL,CE,Towers with Radar,98,30,27,0,155,0,0,0,0,0,98,30,27,0,155,0,0,0,155
04/09/2022,GRR,MI,AGL,CE,Towers with Radar,92,36,32,0,160,0,1,16,0,17,92,37,48,0,177,20,0,20,197
04/10/2022,GRR,MI,AGL,CE,Towers with Radar,96,42,47,0,185,0,3,42,0,45,96,45,89,0,230,8,0,8,238
04/11/2022,GRR,MI,AGL,CE,Towers with Radar,99,39,46,0,184,0,8,37,0,45,99,47,83,0,229,4,0,4,233
04/12/2022,GRR,MI,AGL,CE,Towers with Radar,89,45,48,0,182,0,6,47,0,53,89,51,95,0,235,32,0,32,267
04/13/2022,GRR,MI,AGL,CE,Towers with Radar,91,30,26,4,151,0,1,1,0,2,91,31,27,4,153,0,0,0,153
04/14/2022,GRR,MI,AGL,CE,Towers with Radar,106,23,45,0,174,0,4,5,0,9,106,27,50,0,183,10,0,10,193
04/15/2022,GRR,MI,AGL,CE,Towers with Radar,98,31,17,0,146,0,4,9,0,13,98,35,26,0,159,0,0,0,159
04/16/2022,GRR,MI,AGL,CE,Towers with Radar,73,28,16,2,119,0,5,19,0,24,73,33,35,2,143,14,0,14,157
04/17/2022,GRR,MI,AGL,CE,Towers with Radar,93,16,15,0,124,0,3,36,0,39,93,19,51,0,163,0,0,0,163
04/18/2022,GRR,MI,AGL,CE,Towers with Radar,95,24,39,0,158,0,0,0,0,0,95,24,39,0,158,0,0,0,158
04/19/2022,GRR,MI,AGL,CE,Towers with Radar,91,38,48,1,178,0,6,13,1,20,91,44,61,2,198,0,0,0,198
04/20/2022,GRR,MI,AGL,CE,Towers with Radar,93,49,61,0,203,0,6,40,0,46,93,55,101,0,249,42,0,42,291
04/21/2022,GRR,MI,AGL,CE,Towers with Radar,110,28,63,2,203,0,4,33,4,41,110,32,96,6,244,44,0,44,288
04/22/2022,GRR,MI,AGL,CE,Towers with Radar,97,31,38,0,166,0,2,19,0,21,97,33,57,0,187,10,0,10,197
04/23/2022,GRR,MI,AGL,CE,Towers with Radar,76,20,9,0,105,0,3,16,0,19,76,23,25,0,124,28,0,28,152
04/24/2022,GRR,MI,AGL,CE,Towers with Radar,94,17,22,0,133,0,1,5,0,6,94,18,27,0,139,0,0,0,139
04/25/2022,GRR,MI,AGL,CE,Towers with Radar,92,26,44,0,162,0,10,23,4,37,92,36,67,4,199,50,0,50,249
04/26/2022,GRR,MI,AGL,CE,Towers with Radar,89,31,45,0,165,0,9,4,0,13,89,40,49,0,178,28,0,28,206
04/27/2022,GRR,MI,AGL,CE,Towers with Radar,89,36,58,0,183,0,9,49,0,58,89,45,107,0,241,52,0,52,293
04/28/2022,GRR,MI,AGL,CE,Towers with Radar,104,40,71,2,217,0,11,74,0,85,104,51,145,2,302,34,0,34,336
04/29/2022,GRR,MI,AGL,CE,Towers with Radar,98,47,52,0,197,0,10,50,0,60,98,57,102,0,257,42,0,42,299
04/30/2022,GRR,MI,AGL,CE,Towers with Radar,85,23,25,0,133,0,3,6,0,9,85,26,31,0,142,0,0,0,142
05/01/2022,GRR,MI,AGL,CE,Towers with Radar,94,32,27,0,153,0,2,13,0,15,94,34,40,0,168,6,0,6,174
05/02/2022,GRR,MI,AGL,CE,Towers with Radar,93,24,57,0,174,0,1,23,0,24,93,25,80,0,198,38,0,38,236
05/03/2022,GRR,MI,AGL,CE,Towers with Radar,88,31,43,0,162,0,0,0,0,0,88,31,43,0,162,4,0,4,166
05/04/2022,GRR,MI,AGL,CE,Towers with Radar,89,43,70,0,202,0,5,48,0,53,89,48,118,0,255,50,0,50,305
05/05/2022,GRR,MI,AGL,CE,Towers with Radar,101,44,66,0,211,1,5,50,0,56,102,49,116,0,267,74,0,74,341
05/06/2022,GRR,MI,AGL,CE,Towers with Radar,87,47,38,4,176,0,2,14,0,16,87,49,52,4,192,4,0,4,196
05/07/2022,GRR,MI,AGL,CE,Towers with Radar,64,37,34,1,136,0,3,31,1,35,64,40,65,2,171,26,0,26,197
05/08/2022,GRR,MI,AGL,CE,Towers with Radar,89,39,19,0,147,0,1,25,0,26,89,40,44,0,173,8,0,8,181
05/09/2022,GRR,MI,AGL,CE,Towers with Radar,83,43,45,0,171,0,6,15,0,21,83,49,60,0,192,4,0,4,196
05/10/2022,GRR,MI,AGL,CE,Towers with Radar,77,63,48,3,191,0,7,35,1,43,77,70,83,4,234,12,0,12,246
05/11/2022,GRR,MI,AGL,CE,Towers with Radar,74,39,35,0,148,0,6,27,3,36,74,45,62,3,184,0,0,0,184
05/12/2022,GRR,MI,AGL,CE,Towers with Radar,96,48,72,2,218,0,6,50,2,58,96,54,122,4,276,14,0,14,290
05/13/2022,GRR,MI,AGL,CE,Towers with Radar,84,44,43,0,171,0,7,46,0,53,84,51,89,0,224,4,0,4,228
05/14/2022,GRR,MI,AGL,CE,Towers with Radar,63,29,9,0,101,0,2,25,0,27,63,31,34,0,128,0,0,0,128
05/15/2022,GRR,MI,AGL,CE,Towers with Radar,81,29,40,0,150,0,3,19,0,22,81,32,59,0,172,32,0,32,204
05/16/2022,GRR,MI,AGL,CE,Towers with Radar,76,42,47,0,165,0,8,25,0,33,76,50,72,0,198,26,0,26,224
05/17/2022,GRR,MI,AGL,CE,Towers with Radar,86,47,65,0,198,0,17,48,0,65,86,64,113,0,263,62,0,62,325
05/18/2022,GRR,MI,AGL,CE,Towers with Radar,75,46,52,2,175,0,0,6,0,6,75,46,58,2,181,0,0,0,181
05/19/2022,GRR,MI,AGL,CE,Towers with Radar,97,52,52,4,205,0,5,23,0,28,97,57,75,4,233,28,0,28,261
05/20/2022,GRR,MI,AGL,CE,Towers with Radar,81,45,54,0,180,0,4,5,0,9,81,49,59,0,189,2,0,2,191
05/21/2022,GRR,MI,AGL,CE,Towers with Radar,53,30,28,0,111,0,4,90,0,94,53,34,118,0,205,4,0,4,209
05/22/2022,GRR,MI,AGL,CE,Towers with Radar,78,28,38,0,144,0,1,18,0,19,78,29,56,0,163,0,0,0,163
05/23/2022,GRR,MI,AGL,CE,Towers with Radar,75,50,44,0,169,0,12,58,0,70,75,62,102,0,239,6,0,6,245
05/24/2022,GRR,MI,AGL,CE,Towers with Radar,76,54,57,0,187,0,8,47,0,55,76,62,104,0,242,66,0,66,308
05/25/2022,GRR,MI,AGL,CE,Towers with Radar,75,46,64,0,185,0,1,5,0,6,75,47,69,0,191,0,0,0,191
05/26/2022,GRR,MI,AGL,CE,Towers with Radar,93,45,51,0,189,0,4,6,0,10,93,49,57,0,199,4,0,4,203
05/27/2022,GRR,MI,AGL,CE,Towers with Radar,77,38,40,0,155,0,0,3,0,3,77,38,43,0,158,0,0,0,158
05/28/2022,GRR,MI,AGL,CE,Towers with Radar,59,27,21,0,107,0,4,49,0,53,59,31,70,0,160,0,0,0,160
05/29/2022,GRR,MI,AGL,CE,Towers with Radar,75,24,9,1,109,0,2,24,0,26,75,26,33,1,135,16,0,16,151
05/30/2022,GRR,MI,AGL,CE,Towers with Radar,79,22,19,0,120,0,4,20,0,24,79,26,39,0,144,0,0,0,144
05/31/2022,GRR,MI,AGL,CE,Towers with Radar,70,54,48,0,172,0,15,29,0,44,70,69,77,0,216,6,0,6,222
06/01/2022,GRR,MI,AGL,CE,Towers with Radar,75,44,54,0,173,0,3,42,0,45,75,47,96,0,218,0,0,0,218
06/02/2022,GRR,MI,AGL,CE,Towers with Radar,83,46,70,0,199,0,14,48,0,62,83,60,118,0,261,6,0,6,267
06/03/2022,GRR,MI,AGL,CE,Towers with Radar,85,41,31,0,157,0,4,33,0,37,85,45,64,0,194,4,0,4,198
06/04/2022,GRR,MI,AGL,CE,Towers with Radar,63,24,14,0,101,0,5,24,0,29,63,29,38,0,130,0,0,0,130
06/05/2022,GRR,MI,AGL,CE,Towers with Radar,95,26,33,0,154,0,1,22,0,23,95,27,55,0,177,0,0,0,177
06/06/2022,GRR,MI,AGL,CE,Towers with Radar,87,40,41,0,168,0,0,14,0,14,87,40,55,0,182,28,0,28,210
06/07/2022,GRR,MI,AGL,CE,Towers with Radar,86,31,63,0,180,0,4,24,0,28,86,35,87,0,208,32,0,32,240
06/08/2022,GRR,MI,AGL,CE,Towers with Radar,82,51,52,0,185,0,2,12,0,14,82,53,64,0,199,0,0,0,199
06/09/2022,GRR,MI,AGL,CE,Towers with Radar,95,42,43,0,180,0,4,22,3,29,95,46,65,3,209,0,0,0,209
06/10/2022,GRR,MI,AGL,CE,Towers with Radar,91,38,47,0,176,0,3,44,0,47,91,41,91,0,223,30,0,30,253
06/11/2022,GRR,MI,AGL,CE,Towers with Radar,72,30,28,0,130,0,6,39,0,45,72,36,67,0,175,24,0,24,199
06/12/2022,GRR,MI,AGL,CE,Towers with Radar,84,30,37,0,151,0,4,25,0,29,84,34,62,0,180,6,0,6,186
06/13/2022,GRR,MI,AGL,CE,Towers with Radar,82,31,45,0,158,0,3,30,0,33,82,34,75,0,191,20,0,20,211
06/14/2022,GRR,MI,AGL,CE,Towers with Radar,80,58,54,0,192,0,7,18,0,25,80,65,72,0,217,124,0,124,341
06/15/2022,GRR,MI,AGL,CE,Towers with Radar,85,37,44,0,166,0,6,24,0,30,85,43,68,0,196,4,0,4,200
06/16/2022,GRR,MI,AGL,CE,Towers with Radar,89,35,45,0,169,0,16,24,0,40,89,51,69,0,209,26,0,26,235
06/17/2022,GRR,MI,AGL,CE,Towers with Radar,85,38,48,0,171,0,3,34,0,37,85,41,82,0,208,0,0,0,208
06/18/2022,GRR,MI,AGL,CE,Towers with Radar,69,37,24,0,130,0,3,41,0,44,69,40,65,0,174,10,0,10,184
06/19/2022,GRR,MI,AGL,CE,Towers with Radar,87,27,29,0,143,0,5,37,0,42,87,32,66,0,185,0,0,0,185
06/20/2022,GRR,MI,AGL,CE,Towers with Radar,86,24,44,0,154,0,6,46,0,52,86,30,90,0,206,22,0,22,228
06/21/2022,GRR,MI,AGL,CE,Towers with Radar,86,43,58,1,188,0,9,31,1,41,86,52,89,2,229,0,0,0,229
06/22/2022,GRR,MI,AGL,CE,Towers with Radar,79,48,51,5,183,0,4,40,4,48,79,52,91,9,231,0,0,0,231
06/23/2022,GRR,MI,AGL,CE,Towers with Radar,99,49,57,6,211,0,11,40,2,53,99,60,97,8,264,36,0,36,300
06/24/2022,GRR,MI,AGL,CE,Towers with Radar,87,32,51,4,174,0,9,50,3,62,87,41,101,7,236,26,0,26,262
06/25/2022,GRR,MI,AGL,CE,Towers with Radar,70,33,31,3,137,0,8,23,0,31,70,41,54,3,168,4,0,4,172
06/26/2022,GRR,MI,AGL,CE,Towers with Radar,85,22,42,5,154,0,4,13,0,17,85,26,55,5,171,10,0,10,181
06/27/2022,GRR,MI,AGL,CE,Towers with Radar,83,31,55,0,169,0,10,27,0,37,83,41,82,0,206,4,0,4,210
06/28/2022,GRR,MI,AGL,CE,Towers with Radar,81,32,50,0,163,0,12,33,0,45,81,44,83,0,208,0,0,0,208
06/29/2022,GRR,MI,AGL,CE,Towers with Radar,83,47,52,0,182,0,12,56,0,68,83,59,108,0,250,30,0,30,280
06/30/2022,GRR,MI,AGL,CE,Towers with Radar,95,49,47,7,198,0,5,38,3,46,95,54,85,10,244,4,0,4,248
07/01/2022,GRR,MI,AGL,CE,Towers with Radar,86,33,32,2,153,0,7,31,0,38,86,40,63,2,191,10,0,10,201
07/02/2022,GRR,MI,AGL,CE,Towers with Radar,73,23,19,0,115,0,5,41,0,46,73,28,60,0,161,32,0,32,193
07/03/2022,GRR,MI,AGL,CE,Towers with Radar,83,16,16,0,115,0,3,25,0,28,83,19,41,0,143,10,0,10,153
07/04/2022,GRR,MI,AGL,CE,Towers with Radar,78,16,14,0,108,0,1,19,0,20,78,17,33,0,128,4,0,4,132
07/05/2022,GRR,MI,AGL,CE,Towers with Radar,82,30,45,0,157,0,2,15,0,17,82,32,60,0,174,58,0,58,232
07/06/2022,GRR,MI,AGL,CE,Towers with Radar,89,39,59,0,187,0,7,17,0,24,89,46,76,0,211,46,0,46,257
07/07/2022,GRR,MI,AGL,CE,Towers with Radar,95,47,50,3,195,0,10,34,3,47,95,57,84,6,242,38,0,38,280
07/08/2022,GRR,MI,AGL,CE,Towers with Radar,92,45,47,7,191,0,11,32,0,43,92,56,79,7,234,10,0,10,244
07/09/2022,GRR,MI,AGL,CE,Towers with Radar,73,25,16,2,116,0,11,51,0,62,73,36,67,2,178,16,0,16,194
07/10/2022,GRR,MI,AGL,CE,Towers with Radar,93,27,26,2,148,0,4,21,0,25,93,31,47,2,173,0,0,0,173
07/11/2022,GRR,MI,AGL,CE,Towers with Radar,85,37,38,0,160,0,5,18,0,23,85,42,56,0,183,20,0,20,203
07/12/2022,GRR,MI,AGL,CE,Towers with Radar,80,36,65,0,181,0,5,19,0,24,80,41,84,0,205,24,0,24,229
07/13/2022,GRR,MI,AGL,CE,Towers with Radar,88,33,41,2,164,0,5,21,0,26,88,38,62,2,190,0,0,0,190
07/14/2022,GRR,MI,AGL,CE,Towers with Radar,94,40,59,2,195,0,5,48,0,53,94,45,107,2,248,34,0,34,282
07/15/2022,GRR,MI,AGL,CE,Towers with Radar,89,35,55,0,179,0,3,31,0,34,89,38,86,0,213,0,0,0,213
07/16/2022,GRR,MI,AGL,CE,Towers with Radar,70,31,38,0,139,0,1,14,0,15,70,32,52,0,154,0,0,0,154
07/17/2022,GRR,MI,AGL,CE,Towers with Radar,93,32,32,0,157,0,2,10,0,12,93,34,42,0,169,0,0,0,169
07/18/2022,GRR,MI,AGL,CE,Towers with Radar,85,27,65,0,177,0,13,55,0,68,85,40,120,0,245,10,0,10,255
07/19/2022,GRR,MI,AGL,CE,Towers with Radar,85,45,71,3,204,0,16,51,2,69,85,61,122,5,273,58,0,58,331
07/20/2022,GRR,MI,AGL,CE,Towers with Radar,87,41,51,0,179,0,4,15,3,22,87,45,66,3,201,0,0,0,201
07/21/2022,GRR,MI,AGL,CE,Towers with Radar,99,44,53,0,196,0,4,40,0,44,99,48,93,0,240,0,0,0,240
07/22/2022,GRR,MI,AGL,CE,Towers with Radar,89,42,52,0,183,0,3,50,0,53,89,45,102,0,236,0,0,0,236
07/23/2022,GRR,MI,AGL,CE,Towers with Radar,71,28,23,0,122,0,4,26,0,30,71,32,49,0,152,0,0,0,152
07/24/2022,GRR,MI,AGL,CE,Towers with Radar,85,16,40,0,141,0,0,8,0,8,85,16,48,0,149,0,0,0,149
07/25/2022,GRR,MI,AGL,CE,Towers with Radar,79,30,48,0,157,0,13,43,0,56,79,43,91,0,213,20,0,20,233
07/26/2022,GRR,MI,AGL,CE,Towers with Radar,88,39,77,0,204,0,15,58,0,73,88,54,135,0,277,30,0,30,307
07/27/2022,GRR,MI,AGL,CE,Towers with Radar,95,34,55,0,184,0,7,17,0,24,95,41,72,0,208,26,0,26,234
07/28/2022,GRR,MI,AGL,CE,Towers with Radar,97,29,56,0,182,0,12,28,0,40,97,41,84,0,222,20,0,20,242
07/29/2022,GRR,MI,AGL,CE,Towers with Radar,91,39,38,0,168,0,4,38,0,42,91,43,76,0,210,0,0,0,210
07/30/2022,GRR,MI,AGL,CE,Towers with Radar,74,35,22,0,131,0,5,39,0,44,74,40,61,0,175,0,0,0,175
07/31/2022,GRR,MI,AGL,CE,Towers with Radar,92,19,23,0,134,0,6,30,0,36,92,25,53,0,170,0,0,0,170
08/01/2022,GRR,MI,AGL,CE,Towers with Radar,87,25,48,0,160,0,9,17,0,26,87,34,65,0,186,16,0,16,202
08/02/2022,GRR,MI,AGL,CE,Towers with Radar,85,43,66,2,196,0,8,46,2,56,85,51,112,4,252,10,0,10,262
08/03/2022,GRR,MI,AGL,CE,Towers with Radar,82,35,39,2,158,0,0,7,0,7,82,35,46,2,165,0,0,0,165
08/04/2022,GRR,MI,AGL,CE,Towers with Radar,95,49,74,0,218,0,0,5,0,5,95,49,79,0,223,12,0,12,235
08/05/2022,GRR,MI,AGL,CE,Towers with Radar,83,31,63,0,177,0,1,15,0,16,83,32,78,0,193,20,0,20,213
08/06/2022,GRR,MI,AGL,CE,Towers with Radar,69,28,28,0,125,0,3,32,0,35,69,31,60,0,160,20,0,20,180
08/07/2022,GRR,MI,AGL,CE,Towers with Radar,93,19,22,0,134,0,1,8,0,9,93,20,30,0,143,30,0,30,173
08/08/2022,GRR,MI,AGL,CE,Towers with Radar,80,33,50,0,163,0,1,0,0,1,80,34,50,0,164,0,0,0,164
08/09/2022,GRR,MI,AGL,CE,Towers with Radar,85,48,54,1,188,0,8,36,1,45,85,56,90,2,233,10,0,10,243
08/10/2022,GRR,MI,AGL,CE,Towers with Radar,80,53,67,2,202,0,5,46,0,51,80,58,113,2,253,18,0,18,271
08/11/2022,GRR,MI,AGL,CE,Towers with Radar,103,39,84,2,228,0,7,48,0,55,103,46,132,2,283,8,0,8,291
08/12/2022,GRR,MI,AGL,CE,Towers with Radar,88,39,47,14,188,0,6,59,0,65,88,45,106,14,253,26,4,30,283
08/13/2022,GRR,MI,AGL,CE,Towers with Radar,75,32,14,0,121,0,0,3,0,3,75,32,17,0,124,0,0,0,124
08/14/2022,GRR,MI,AGL,CE,Towers with Radar,92,34,51,0,177,0,0,9,0,9,92,34,60,0,186,0,0,0,186
08/15/2022,GRR,MI,AGL,CE,Towers with Radar,82,29,59,0,170,0,9,37,0,46,82,38,96,0,216,34,0,34,250
08/16/2022,GRR,MI,AGL,CE,Towers with Radar,83,33,48,1,165,0,11,47,2,60,83,44,95,3,225,38,0,38,263
08/17/2022,GRR,MI,AGL,CE,Towers with Radar,77,40,84,2,203,0,8,52,0,60,77,48,136,2,263,34,0,34,297
08/18/2022,GRR,MI,AGL,CE,Towers with Radar,94,49,78,0,221,0,1,45,1,47,94,50,123,1,268,12,0,12,280
08/19/2022,GRR,MI,AGL,CE,Towers with Radar,83,39,47,0,169,0,7,38,2,47,83,46,85,2,216,30,0,30,246
08/20/2022,GRR,MI,AGL,CE,Towers with Radar,67,21,19,0,107,0,0,5,0,5,67,21,24,0,112,6,0,6,118
08/21/2022,GRR,MI,AGL,CE,Towers with Radar,75,24,34,0,133,0,2,11,0,13,75,26,45,0,146,0,0,0,146
08/22/2022,GRR,MI,AGL,CE,Towers with Radar,76,31,61,0,168,0,7,38,0,45,76,38,99,0,213,50,0,50,263
08/23/2022,GRR,MI,AGL,CE,Towers with Radar,80,45,55,0,180,0,8,49,0,57,80,53,104,0,237,30,0,30,267
08/24/2022,GRR,MI,AGL,CE,Towers with Radar,73,41,61,2,177,0,8,43,0,51,73,49,104,2,228,0,0,0,228
08/25/2022,GRR,MI,AGL,CE,Towers with Radar,91,39,66,0,196,0,1,14,0,15,91,40,80,0,211,0,0,0,211
08/26/2022,GRR,MI,AGL,CE,Towers with Radar,89,36,47,0,172,0,1,15,3,19,89,37,62,3,191,10,0,10,201
08/27/2022,GRR,MI,AGL,CE,Towers with Radar,67,30,33,0,130,0,3,30,1,34,67,33,63,1,164,20,0,20,184
08/28/2022,GRR,MI,AGL,CE,Towers with Radar,91,22,43,1,157,0,1,15,0,16,91,23,58,1,173,0,0,0,173
08/29/2022,GRR,MI,AGL,CE,Towers with Radar,94,33,65,0,192,0,1,5,0,6,94,34,70,0,198,4,0,4,202
08/30/2022,GRR,MI,AGL,CE,Towers with Radar,80,54,85,8,227,0,10,39,1,50,80,64,124,9,277,26,0,26,303
08/31/2022,GRR,MI,AGL,CE,Towers with Radar,76,48,73,4,201,0,10,61,0,71,76,58,134,4,272,40,0,40,312
09/01/2022,GRR,MI,AGL,CE,Towers with Radar,95,47,64,0,206,0,5,47,0,52,95,52,111,0,258,10,0,10,268
09/02/2022,GRR,MI,AGL,CE,Towers with Radar,86,36,41,0,163,0,1,34,0,35,86,37,75,0,198,12,0,12,210
09/03/2022,GRR,MI,AGL,CE,Towers with Radar,62,26,19,0,107,0,3,22,0,25,62,29,41,0,132,0,0,0,132
09/04/2022,GRR,MI,AGL,CE,Towers with Radar,74,15,25,0,114,0,3,4,0,7,74,18,29,0,121,0,0,0,121
09/05/2022,GRR,MI,AGL,CE,Towers with Radar,80,45,32,0,157,0,2,5,0,7,80,47,37,0,164,0,0,0,164
09/06/2022,GRR,MI,AGL,CE,Towers with Radar,75,38,70,2,185,0,4,40,0,44,75,42,110,2,229,50,0,50,279
09/07/2022,GRR,MI,AGL,CE,Towers with Radar,69,40,66,0,175,0,6,47,0,53,69,46,113,0,228,46,0,46,274
09/08/2022,GRR,MI,AGL,CE,Towers with Radar,91,43,58,18,210,0,6,46,0,52,91,49,104,18,262,0,0,0,262
09/09/2022,GRR,MI,AGL,CE,Towers with Radar,87,49,53,0,189,0,4,40,0,44,87,53,93,0,233,32,0,32,265
09/10/2022,GRR,MI,AGL,CE,Towers with Radar,69,36,21,0,126,0,5,41,0,46,69,41,62,0,172,0,0,0,172
09/11/2022,GRR,MI,AGL,CE,Towers with Radar,88,32,31,0,151,0,0,1,0,1,88,32,32,0,152,11,0,11,163
09/12/2022,GRR,MI,AGL,CE,Towers with Radar,88,37,67,0,192,0,6,11,0,17,88,43,78,0,209,0,0,0,209
09/13/2022,GRR,MI,AGL,CE,Towers with Radar,81,51,65,0,197,0,11,35,0,46,81,62,100,0,243,0,0,0,243
09/14/2022,GRR,MI,AGL,CE,Towers with Radar,75,47,62,0,184,0,15,45,0,60,75,62,107,0,244,16,0,16,260
09/15/2022,GRR,MI,AGL,CE,Towers with Radar,100,50,83,20,253,0,12,45,0,57,100,62,128,20,310,30,6,36,346
09/16/2022,GRR,MI,AGL,CE,Towers with Radar,87,42,48,0,177,0,5,26,0,31,87,47,74,0,208,8,0,8,216
09/17/2022,GRR,MI,AGL,CE,Towers with Radar,66,34,34,0,134,0,4,27,0,31,66,38,61,0,165,4,0,4,169
09/18/2022,GRR,MI,AGL,CE,Towers with Radar,86,31,45,0,162,0,4,10,0,14,86,35,55,0,176,0,0,0,176
09/19/2022,GRR,MI,AGL,CE,Towers with Radar,86,36,96,0,218,0,3,33,0,36,86,39,129,0,254,46,0,46,300
09/20/2022,GRR,MI,AGL,CE,Towers with Radar,78,46,60,0,184,0,3,22,0,25,78,49,82,0,209,16,0,16,225
09/21/2022,GRR,MI,AGL,CE,Towers with Radar,75,72,65,0,212,0,9,29,0,38,75,81,94,0,250,0,0,0,250
09/22/2022,GRR,MI,AGL,CE,Towers with Radar,94,49,73,3,219,0,5,19,1,25,94,54,92,4,244,6,0,6,250
09/23/2022,GRR,MI,AGL,CE,Towers with Radar,86,37,66,0,189,0,4,58,0,62,86,41,124,0,251,36,0,36,287
09/24/2022,GRR,MI,AGL,CE,Towers with Radar,69,23,24,0,116,0,1,7,0,8,69,24,31,0,124,12,0,12,136
09/25/2022,GRR,MI,AGL,CE,Towers with Radar,86,28,42,0,156,0,0,1,1,2,86,28,43,1,158,0,0,0,158
09/26/2022,GRR,MI,AGL,CE,Towers with Radar,86,26,69,0,181,0,1,3,0,4,86,27,72,0,185,16,0,16,201
09/27/2022,GRR,MI,AGL,CE,Towers with Radar,79,28,61,4,172,0,1,9,0,10,79,29,70,4,182,8,0,8,190
09/28/2022,GRR,MI,AGL,CE,Towers with Radar,79,42,63,0,184,0,0,18,0,18,79,42,81,0,202,40,0,40,242
09/29/2022,GRR,MI,AGL,CE,Towers with Radar,89,40,47,15,191,0,10,34,1,45,89,50,81,16,236,4,6,10,246
09/30/2022,GRR,MI,AGL,CE,Towers with Radar,81,45,59,0,185,0,4,56,0,60,81,49,115,0,245,30,0,30,275
10/01/2022,GRR,MI,AGL,CE,Towers with Radar,69,27,31,0,127,0,2,46,0,48,69,29,77,0,175,26,0,26,201
10/02/2022,GRR,MI,AGL,CE,Towers with Radar,85,27,43,0,155,0,2,23,0,25,85,29,66,0,180,0,0,0,180
10/03/2022,GRR,MI,AGL,CE,Towers with Radar,84,35,58,0,177,0,5,38,0,43,84,40,96,0,220,2,0,2,222
10/04/2022,GRR,MI,AGL,CE,Towers with Radar,79,36,48,2,165,0,7,38,0,45,79,43,86,2,210,0,0,0,210
10/05/2022,GRR,MI,AGL,CE,Towers with Radar,79,52,63,0,194,0,3,43,0,46,79,55,106,0,240,0,0,0,240
10/06/2022,GRR,MI,AGL,CE,Towers with Radar,96,47,58,0,201,0,2,27,0,29,96,49,85,0,230,0,0,0,230
10/07/2022,GRR,MI,AGL,CE,Towers with Radar,92,36,42,1,171,0,2,32,0,34,92,38,74,1,205,0,0,0,205
10/08/2022,GRR,MI,AGL,CE,Towers with Radar,72,21,30,2,125,0,1,36,0,37,72,22,66,2,162,0,0,0,162
10/09/2022,GRR,MI,AGL,CE,Towers with Radar,88,28,22,0,138,0,0,23,0,23,88,28,45,0,161,0,0,0,161
10/10/2022,GRR,MI,AGL,CE,Towers with Radar,83,44,47,1,175,0,3,53,0,56,83,47,100,1,231,0,0,0,231
10/11/2022,GRR,MI,AGL,CE,Towers with Radar,83,42,55,1,181,0,5,39,5,49,83,47,94,6,230,12,8,20,250
10/12/2022,GRR,MI,AGL,CE,Towers with Radar,82,40,63,0,185,0,1,3,0,4,82,41,66,0,189,0,0,0,189
10/13/2022,GRR,MI,AGL,CE,Towers with Radar,97,39,63,2,201,0,1,16,0,17,97,40,79,2,218,16,0,16,234
10/14/2022,GRR,MI,AGL,CE,Towers with Radar,92,34,54,0,180,0,3,37,3,43,92,37,91,3,223,14,0,14,237
10/15/2022,GRR,MI,AGL,CE,Towers with Radar,70,28,31,0,129,0,3,27,0,30,70,31,58,0,159,0,0,0,159
10/16/2022,GRR,MI,AGL,CE,Towers with Radar,87,31,42,10,170,0,1,16,0,17,87,32,58,10,187,6,0,6,193
10/17/2022,GRR,MI,AGL,CE,Towers with Radar,78,32,32,2,144,0,0,1,0,1,78,32,33,2,145,0,0,0,145
10/18/2022,GRR,MI,AGL,CE,Towers with Radar,84,30,61,2,177,0,0,1,0,1,84,30,62,2,178,0,0,0,178
10/19/2022,GRR,MI,AGL,CE,Towers with Radar,83,40,54,4,181,0,1,7,0,8,83,41,61,4,189,0,0,0,189
10/20/2022,GRR,MI,AGL,CE,Towers with Radar,99,36,76,25,236,0,13,45,1,59,99,49,121,26,295,0,0,0,295
10/21/2022,GRR,MI,AGL,CE,Towers with Radar,92,36,44,8,180,0,6,36,0,42,92,42,80,8,222,30,4,34,256
10/22/2022,GRR,MI,AGL,CE,Towers with Radar,71,26,28,0,125,0,4,41,0,45,71,30,69,0,170,10,0,10,180
10/23/2022,GRR,MI,AGL,CE,Towers with Radar,90,22,34,0,146,0,2,31,0,33,90,24,65,0,179,10,0,10,189
10/24/2022,GRR,MI,AGL,CE,Towers with Radar,84,45,48,1,178,0,10,12,0,22,84,55,60,1,200,40,0,40,240
10/25/2022,GRR,MI,AGL,CE,Towers with Radar,80,34,66,4,184,0,3,33,2,38,80,37,99,6,222,10,0,10,232
10/26/2022,GRR,MI,AGL,CE,Towers with Radar,85,35,87,2,209,0,6,6,2,14,85,41,93,4,223,0,0,0,223
10/27/2022,GRR,MI,AGL,CE,Towers with Radar,97,34,84,1,216,0,8,58,0,66,97,42,142,1,282,0,0,0,282
10/28/2022,GRR,MI,AGL,CE,Towers with Radar,91,30,68,1,190,0,7,42,1,50,91,37,110,2,240,18,0,18,258
10/29/2022,GRR,MI,AGL,CE,Towers with Radar,72,23,27,0,122,0,10,52,0,62,72,33,79,0,184,28,0,28,212
10/30/2022,GRR,MI,AGL,CE,Towers with Radar,88,20,35,0,143,0,4,32,0,36,88,24,67,0,179,30,0,30,209
10/31/2022,GRR,MI,AGL,CE,Towers with Radar,80,25,29,0,134,0,0,0,0,0,80,25,29,0,134,0,0,0,134
11/01/2022,GRR,MI,AGL,CE,Towers with Radar,91,36,59,0,186,0,6,45,0,51,91,42,104,0,237,16,0,16,253
11/02/2022,GRR,MI,AGL,CE,Towers with Radar,89,47,52,0,188,0,1,46,0,47,89,48,98,0,235,30,0,30,265
11/03/2022,GRR,MI,AGL,CE,Towers with Radar,98,38,65,1,202,0,3,43,1,47,98,41,108,2,249,40,0,40,289
11/04/2022,GRR,MI,AGL,CE,Towers with Radar,88,27,36,0,151,0,2,11,0,13,88,29,47,0,164,6,0,6,170
11/05/2022,GRR,MI,AGL,CE,Towers with Radar,86,14,13,1,114,0,2,1,1,4,86,16,14,2,118,0,0,0,118
11/06/2022,GRR,MI,AGL,CE,Towers with Radar,85,17,21,0,123,0,5,7,0,12,85,22,28,0,135,0,0,0,135
11/07/2022,GRR,MI,AGL,CE,Towers with Radar,86,23,63,0,172,0,7,29,0,36,86,30,92,0,208,42,0,42,250
11/08/2022,GRR,MI,AGL,CE,Towers with Radar,87,46,71,0,204,0,8,50,0,58,87,54,121,0,262,52,0,52,314
11/09/2022,GRR,MI,AGL,CE,Towers with Radar,86,39,69,0,194,0,6,23,0,29,86,45,92,0,223,82,0,82,305
11/10/2022,GRR,MI,AGL,CE,Towers with Radar,94,31,61,0,186,0,12,27,0,39,94,43,88,0,225,22,0,22,247
11/11/2022,GRR,MI,AGL,CE,Towers with Radar,90,35,60,0,185,0,4,15,0,19,90,39,75,0,204,76,0,76,280
11/12/2022,GRR,MI,AGL,CE,Towers with Radar,83,18,19,0,120,0,0,4,0,4,83,18,23,0,124,10,0,10,134
11/13/2022,GRR,MI,AGL,CE,Towers with Radar,88,20,37,0,145,0,0,12,0,12,88,20,49,0,157,0,0,0,157
11/14/2022,GRR,MI,AGL,CE,Towers with Radar,93,34,57,0,184,0,7,27,0,34,93,41,84,0,218,98,0,98,316
11/15/2022,GRR,MI,AGL,CE,Towers with Radar,86,33,56,0,175,0,0,1,0,1,86,33,57,0,176,8,0,8,184
11/16/2022,GRR,MI,AGL,CE,Towers with Radar,85,30,60,0,175,0,0,1,0,1,85,30,61,0,176,2,0,2,178
11/17/2022,GRR,MI,AGL,CE,Towers with Radar,99,31,40,0,170,0,0,2,0,2,99,31,42,0,172,0,0,0,172
11/18/2022,GRR,MI,AGL,CE,Towers with Radar,94,38,37,0,169,0,0,0,0,0,94,38,37,0,169,0,0,0,169
11/19/2022,GRR,MI,AGL,CE,Towers with Radar,56,20,16,0,92,0,0,1,0,1,56,20,17,0,93,0,0,0,93
11/20/2022,GRR,MI,AGL,CE,Towers with Radar,92,25,20,0,137,0,2,16,0,18,92,27,36,0,155,12,0,12,167
11/21/2022,GRR,MI,AGL,CE,Towers with Radar,95,43,29,1,168,0,6,19,1,26,95,49,48,2,194,40,0,40,234
11/22/2022,GRR,MI,AGL,CE,Towers with Radar,105,47,56,0,208,0,8,51,0,59,105,55,107,0,267,166,0,166,433
11/23/2022,GRR,MI,AGL,CE,Towers with Radar,97,35,42,0,174,0,0,34,0,34,97,35,76,0,208,64,0,64,272
11/24/2022,GRR,MI,AGL,CE,Towers with Radar,63,3,5,0,71,0,1,11,0,12,63,4,16,0,83,0,0,0,83
11/25/2022,GRR,MI,AGL,CE,Towers with Radar,93,23,29,0,145,0,6,33,0,39,93,29,62,0,184,26,0,26,210
11/26/2022,GRR,MI,AGL,CE,Towers with Radar,101,26,18,0,145,0,0,29,0,29,101,26,47,0,174,6,0,6,180
11/27/2022,GRR,MI,AGL,CE,Towers with Radar,90,32,32,0,154,0,0,0,0,0,90,32,32,0,154,6,0,6,160
11/28/2022,GRR,MI,AGL,CE,Towers with Radar,102,28,42,0,172,0,7,18,0,25,102,35,60,0,197,0,0,0,197
11/29/2022,GRR,MI,AGL,CE,Towers with Radar,79,25,62,0,166,0,2,2,0,4,79,27,64,0,170,22,0,22,192
11/30/2022,GRR,MI,AGL,CE,Towers with Radar,90,25,36,0,151,0,0,0,0,0,90,25,36,0,151,0,0,0,151
12/01/2022,GRR,MI,AGL,CE,Towers with Radar,99,45,50,2,196,0,8,30,0,38,99,53,80,2,234,80,0,80,314
12/02/2022,GRR,MI,AGL,CE,Towers with Radar,102,37,43,0,182,0,0,28,0,28,102,37,71,0,210,24,0,24,234
12/03/2022,GRR,MI,AGL,CE,Towers with Radar,86,20,18,0,124,0,0,2,0,2,86,20,20,0,126,0,0,0,126
12/04/2022,GRR,MI,AGL,CE,Towers with Radar,91,12,17,0,120,0,0,17,0,17,91,12,34,0,137,8,0,8,145
12/05/2022,GRR,MI,AGL,CE,Towers with Radar,94,42,74,0,210,0,9,38,0,47,94,51,112,0,257,72,0,72,329
12/06/2022,GRR,MI,AGL,CE,Towers with Radar,88,42,34,10,174,0,2,12,0,14,88,44,46,10,188,20,0,20,208
12/07/2022,GRR,MI,AGL,CE,Towers with Radar,86,51,73,0,210,0,1,5,0,6,86,52,78,0,216,52,0,52,268
12/08/2022,GRR,MI,AGL,CE,Towers with Radar,96,31,68,0,195,0,4,10,0,14,96,35,78,0,209,18,0,18,227
12/09/2022,GRR,MI,AGL,CE,Towers with Radar,103,32,25,0,160,0,0,4,0,4,103,32,29,0,164,6,0,6,170
12/10/2022,GRR,MI,AGL,CE,Towers with Radar,84,24,9,0,117,0,3,3,0,6,84,27,12,0,123,18,0,18,141
12/11/2022,GRR,MI,AGL,CE,Towers with Radar,89,14,13,0,116,0,0,0,0,0,89,14,13,0,116,0,0,0,116
12/12/2022,GRR,MI,AGL,CE,Towers with Radar,89,35,48,0,172,0,3,23,0,26,89,38,71,0,198,14,0,14,212
12/13/2022,GRR,MI,AGL,CE,Towers with Radar,84,30,66,0,180,0,4,27,0,31,84,34,93,0,211,32,0,32,243
12/14/2022,GRR,MI,AGL,CE,Towers with Radar,86,31,48,2,167,0,1,4,0,5,86,32,52,2,172,0,0,0,172
12/15/2022,GRR,MI,AGL,CE,Towers with Radar,96,26,47,2,171,0,0,2,0,2,96,26,49,2,173,18,0,18,191
12/16/2022,GRR,MI,AGL,CE,Towers with Radar,98,40,42,0,180,0,0,0,0,0,98,40,42,0,180,18,0,18,198
12/17/2022,GRR,MI,AGL,CE,Towers with Radar,80,29,19,0,128,0,0,0,0,0,80,29,19,0,128,0,0,0,128
12/18/2022,GRR,MI,AGL,CE,Towers with Radar,85,23,11,0,119,0,0,3,0,3,85,23,14,0,122,0,0,0,122
12/19/2022,GRR,MI,AGL,CE,Towers with Radar,90,32,32,0,154,0,0,1,0,1,90,32,33,0,155,0,0,0,155
12/20/2022,GRR,MI,AGL,CE,Towers with Radar,90,26,32,2,150,0,2,22,0,24,90,28,54,2,174,40,0,40,214
12/21/2022,GRR,MI,AGL,CE,Towers with Radar,88,41,43,0,172,0,2,33,0,35,88,43,76,0,207,58,0,58,265
12/22/2022,GRR,MI,AGL,CE,Towers with Radar,70,25,42,0,137,0,0,9,0,9,70,25,51,0,146,0,0,0,146
12/23/2022,GRR,MI,AGL,CE,Towers with Radar,10,0,0,0,10,0,0,0,0,0,10,0,0,0,10,0,0,0,10
12/24/2022,GRR,MI,AGL,CE,Towers with Radar,32,23,2,0,57,0,0,0,0,0,32,23,2,0,57,0,0,0,57
12/25/2022,GRR,MI,AGL,CE,Towers with Radar,58,20,2,0,80,0,0,0,0,0,58,20,2,0,80,0,0,0,80
12/26/2022,GRR,MI,AGL,CE,Towers with Radar,76,34,18,0,128,0,2,4,0,6,76,36,22,0,134,0,0,0,134
12/27/2022,GRR,MI,AGL,CE,Towers with Radar,83,36,59,0,178,0,2,12,0,14,83,38,71,0,192,14,0,14,206
12/28/2022,GRR,MI,AGL,CE,Towers with Radar,87,43,35,0,165,0,2,20,0,22,87,45,55,0,187,28,0,28,215
12/29/2022,GRR,MI,AGL,CE,Towers with Radar,93,36,39,0,168,0,0,0,0,0,93,36,39,0,168,0,0,0,168
12/30/2022,GRR,MI,AGL,CE,Towers with Radar,94,30,59,0,183,0,2,5,0,7,94,32,64,0,190,0,0,0,190
12/31/2022,GRR,MI,AGL,CE,Towers with Radar,73,25,12,0,110,0,0,0,0,0,73,25,12,0,110,0,0,0,110
01/01/2023,GRR,MI,AGL,CE,Towers with Radar,61,23,17,0,101,0,0,0,0,0,61,23,17,0,101,0,0,0,101
01/02/2023,GRR,MI,AGL,CE,Towers with Radar,83,30,39,0,152,0,0,0,0,0,83,30,39,0,152,0,0,0,152
01/03/2023,GRR,MI,AGL,CE,Towers with Radar,80,31,18,0,129,0,0,0,0,0,80,31,18,0,129,0,0,0,129
01/04/2023,GRR,MI,AGL,CE,Towers with Radar,70,41,37,0,148,0,0,0,0,0,70,41,37,0,148,0,0,0,148
01/05/2023,GRR,MI,AGL,CE,Towers with Radar,82,33,33,0,148,0,0,0,0,0,82,33,33,0,148,0,0,0,148
01/06/2023,GRR,MI,AGL,CE,Towers with Radar,87,22,32,2,143,0,0,0,0,0,87,22,32,2,143,0,0,0,143
01/07/2023,GRR,MI,AGL,CE,Towers with Radar,79,12,32,4,127,0,0,14,0,14,79,12,46,4,141,0,0,0,141
01/08/2023,GRR,MI,AGL,CE,Towers with Radar,86,17,28,0,131,0,3,9,0,12,86,20,37,0,143,24,4,28,171
01/09/2023,GRR,MI,AGL,CE,Towers with Radar,88,31,64,10,193,0,7,12,0,19,88,38,76,10,212,22,0,22,234
01/10/2023,GRR,MI,AGL,CE,Towers with Radar,80,30,52,0,162,0,0,4,0,4,80,30,56,0,166,58,0,58,224
01/11/2023,GRR,MI,AGL,CE,Towers with Radar,70,32,41,8,151,0,4,28,0,32,70,36,69,8,183,0,0,0,183
01/12/2023,GRR,MI,AGL,CE,Towers with Radar,92,25,49,0,166,0,4,0,0,4,92,29,49,0,170,12,0,12,182
01/13/2023,GRR,MI,AGL,CE,Towers with Radar,92,21,38,0,151,0,1,15,0,16,92,22,53,0,167,38,0,38,205
01/14/2023,GRR,MI,AGL,CE,Towers with Radar,77,19,37,0,133,0,2,47,0,49,77,21,84,0,182,12,0,12,194
01/15/2023,GRR,MI,AGL,CE,Towers with Radar,81,14,22,0,117,0,2,40,0,42,81,16,62,0,159,0,0,0,159
01/16/2023,GRR,MI,AGL,CE,Towers with Radar,86,22,25,0,133,0,0,10,0,10,86,22,35,0,143,10,0,10,153
01/17/2023,GRR,MI,AGL,CE,Towers with Radar,82,30,49,0,161,0,0,0,0,0,82,30,49,0,161,0,0,0,161
01/18/2023,GRR,MI,AGL,CE,Towers with Radar,84,35,44,0,163,0,0,7,0,7,84,35,51,0,170,30,0,30,200
01/19/2023,GRR,MI,AGL,CE,Towers with Radar,94,26,45,0,165,0,0,0,0,0,94,26,45,0,165,0,0,0,165
01/20/2023,GRR,MI,AGL,CE,Towers with Radar,96,26,27,0,149,0,1,3,0,4,96,27,30,0,153,0,0,0,153
01/21/2023,GRR,MI,AGL,CE,Towers with Radar,81,18,18,0,117,0,1,6,0,7,81,19,24,0,124,28,0,28,152
01/22/2023,GRR,MI,AGL,CE,Towers with Radar,86,19,20,0,125,0,0,0,0,0,86,19,20,0,125,0,0,0,125
01/23/2023,GRR,MI,AGL,CE,Towers with Radar,87,19,28,0,134,0,0,1,0,1,87,19,29,0,135,0,0,0,135
01/24/2023,GRR,MI,AGL,CE,Towers with Radar,82,37,38,0,157,0,2,7,0,9,82,39,45,0,166,18,0,18,184
01/25/2023,GRR,MI,AGL,CE,Towers with Radar,77,29,21,0,127,0,0,0,0,0,77,29,21,0,127,0,0,0,127
01/26/2023,GRR,MI,AGL,CE,Towers with Radar,98,35,64,0,197,0,0,0,0,0,98,35,64,0,197,0,0,0,197
01/27/2023,GRR,MI,AGL,CE,Towers with Radar,98,23,31,4,156,0,3,13,1,17,98,26,44,5,173,0,0,0,173
01/28/2023,GRR,MI,AGL,CE,Towers with Radar,80,18,35,0,133,0,0,5,0,5,80,18,40,0,138,22,0,22,160
01/29/2023,GRR,MI,AGL,CE,Towers with Radar,91,21,20,0,132,0,2,4,0,6,91,23,24,0,138,0,0,0,138
01/30/2023,GRR,MI,AGL,CE,Towers with Radar,87,24,37,0,148,0,3,14,0,17,87,27,51,0,165,0,0,0,165
01/31/2023,GRR,MI,AGL,CE,Towers with Radar,78,37,56,0,171,0,8,29,2,39,78,45,85,2,210,46,0,46,256
02/01/2023,GRR,MI,AGL,CE,Towers with Radar,74,50,72,0,196,0,15,49,0,64,74,65,121,0,260,64,0,64,324
02/02/2023,GRR,MI,AGL,CE,Towers with Radar,94,30,23,0,147,0,0,20,0,20,94,30,43,0,167,14,0,14,181
02/03/2023,GRR,MI,AGL,CE,Towers with Radar,92,29,43,0,164,0,10,35,0,45,92,39,78,0,209,18,0,18,227
02/04/2023,GRR,MI,AGL,CE,Towers with Radar,77,30,11,0,118,0,2,24,0,26,77,32,35,0,144,16,0,16,160
02/05/2023,GRR,MI,AGL,CE,Towers with Radar,93,13,17,0,123,0,3,2,0,5,93,16,19,0,128,0,0,0,128
02/06/2023,GRR,MI,AGL,CE,Towers with Radar,90,29,41,0,160,0,4,41,0,45,90,33,82,0,205,64,0,64,269
02/07/2023,GRR,MI,AGL,CE,Towers with Radar,82,21,29,0,132,0,0,1,0,1,82,21,30,0,133,0,0,0,133
02/08/2023,GRR,MI,AGL,CE,Towers with Radar,84,42,36,0,162,0,21,43,0,64,84,63,79,0,226,0,0,0,226
02/09/2023,GRR,MI,AGL,CE,Towers with Radar,99,49,38,0,186,0,0,0,0,0,99,49,38,0,186,0,0,0,186
02/10/2023,GRR,MI,AGL,CE,Towers with Radar,91,32,37,4,164,0,5,19,0,24,91,37,56,4,188,18,0,18,206
02/11/2023,GRR,MI,AGL,CE,Towers with Radar,78,31,30,0,139,0,9,35,0,44,78,40,65,0,183,14,0,14,197
02/12/2023,GRR,MI,AGL,CE,Towers with Radar,89,27,32,0,148,0,0,42,0,42,89,27,74,0,190,0,0,0,190
02/13/2023,GRR,MI,AGL,CE,Towers with Radar,82,28,49,0,159,0,10,31,0,41,82,38,80,0,200,30,0,30,230
02/14/2023,GRR,MI,AGL,CE,Towers with Radar,77,33,38,0,148,0,8,29,0,37,77,41,67,0,185,24,0,24,209
02/15/2023,GRR,MI,AGL,CE,Towers with Radar,81,33,43,0,157,0,1,0,0,1,81,34,43,0,158,0,0,0,158
02/16/2023,GRR,MI,AGL,CE,Towers with Radar,90,36,33,0,159,0,1,0,0,1,90,37,33,0,160,0,0,0,160
02/17/2023,GRR,MI,AGL,CE,Towers with Radar,97,38,41,2,178,0,1,15,2,18,97,39,56,4,196,0,0,0,196
02/18/2023,GRR,MI,AGL,CE,Towers with Radar,83,29,18,0,130,0,1,14,0,15,83,30,32,0,145,8,0,8,153
02/19/2023,GRR,MI,AGL,CE,Towers with Radar,92,25,23,0,140,0,3,12,0,15,92,28,35,0,155,12,0,12,167
02/20/2023,GRR,MI,AGL,CE,Towers with Radar,96,41,48,0,185,0,15,30,0,45,96,56,78,0,230,34,0,34,264
02/21/2023,GRR,MI,AGL,CE,Towers with Radar,92,31,31,1,155,0,3,5,0,8,92,34,36,1,163,6,0,6,169
02/22/2023,GRR,MI,AGL,CE,Towers with Radar,51,18,17,0,86,0,0,0,0,0,51,18,17,0,86,0,0,0,86
02/23/2023,GRR,MI,AGL,CE,Towers with Radar,85,26,34,0,145,0,0,0,0,0,85,26,34,0,145,0,0,0,145
02/24/2023,GRR,MI,AGL,CE,Towers with Radar,93,37,44,0,174,0,6,28,0,34,93,43,72,0,208,32,0,32,240
02/25/2023,GRR,MI,AGL,CE,Towers with Radar,78,28,16,0,122,0,1,2,0,3,78,29,18,0,125,0,0,0,125
02/26/2023,GRR,MI,AGL,CE,Towers with Radar,95,27,34,0,156,0,1,30,0,31,95,28,64,0,187,14,0,14,201
02/27/2023,GRR,MI,AGL,CE,Towers with Radar,86,13,30,0,129,0,0,0,0,0,86,13,30,0,129,0,0,0,129
02/28/2023,GRR,MI,AGL,CE,Towers with Radar,86,35,43,0,164,0,11,29,0,40,86,46,72,0,204,16,0,16,220
03/01/2023,GRR,MI,AGL,CE,Towers with Radar,80,46,34,0,160,0,1,24,0,25,80,47,58,0,185,12,0,12,197
03/02/2023,GRR,MI,AGL,CE,Towers with Radar,100,33,62,0,195,0,2,18,0,20,100,35,80,0,215,38,0,38,253
03/03/2023,GRR,MI,AGL,CE,Towers with Radar,93,30,15,0,138,0,0,3,0,3,93,30,18,0,141,0,0,0,141
03/04/2023,GRR,MI,AGL,CE,Towers with Radar,78,27,13,0,118,0,2,20,0,22,78,29,33,0,140,18,0,18,158
03/05/2023,GRR,MI,AGL,CE,Towers with Radar,94,28,33,0,155,0,3,32,0,35,94,31,65,0,190,10,0,10,200
03/06/2023,GRR,MI,AGL,CE,Towers with Radar,91,31,30,0,152,0,2,6,0,8,91,33,36,0,160,22,0,22,182
03/07/2023,GRR,MI,AGL,CE,Towers with Radar,79,39,33,0,151,0,11,59,0,70,79,50,92,0,221,50,0,50,271
03/08/2023,GRR,MI,AGL,CE,Towers with Radar,80,44,52,2,178,0,4,56,0,60,80,48,108,2,238,14,0,14,252
03/09/2023,GRR,MI,AGL,CE,Towers with Radar,92,34,56,0,182,0,3,28,0,31,92,37,84,0,213,34,0,34,247
03/10/2023,GRR,MI,AGL,CE,Towers with Radar,92,29,24,0,145,0,1,4,0,5,92,30,28,0,150,0,0,0,150
03/11/2023,GRR,MI,AGL,CE,Towers with Radar,82,28,27,0,137,0,1,25,0,26,82,29,52,0,163,0,0,0,163
03/12/2023,GRR,MI,AGL,CE,Towers with Radar,88,28,29,0,145,0,1,1,0,2,88,29,30,0,147,0,0,0,147
03/13/2023,GRR,MI,AGL,CE,Towers with Radar,87,25,31,0,143,0,0,1,0,1,87,25,32,0,144,0,0,0,144
03/14/2023,GRR,MI,AGL,CE,Towers with Radar,80,56,37,3,176,0,8,40,4,52,80,64,77,7,228,46,0,46,274
03/15/2023,GRR,MI,AGL,CE,Towers with Radar,78,49,51,0,178,0,5,65,0,70,78,54,116,0,248,10,0,10,258
03/16/2023,GRR,MI,AGL,CE,Towers with Radar,99,41,31,0,171,0,3,30,0,33,99,44,61,0,204,6,0,6,210
03/17/2023,GRR,MI,AGL,CE,Towers with Radar,95,38,21,0,154,0,1,1,0,2,95,39,22,0,156,4,0,4,160
03/18/2023,GRR,MI,AGL,CE,Towers with Radar,84,22,12,0,118,0,0,0,0,0,84,22,12,0,118,0,0,0,118
03/19/2023,GRR,MI,AGL,CE,Towers with Radar,92,28,33,0,153,0,1,11,0,12,92,29,44,0,165,0,0,0,165
03/20/2023,GRR,MI,AGL,CE,Towers with Radar,92,30,43,0,165,0,6,31,0,37,92,36,74,0,202,0,0,0,202
03/21/2023,GRR,MI,AGL,CE,Towers with Radar,81,42,45,7,175,0,4,58,1,63,81,46,103,8,238,60,0,60,298
03/22/2023,GRR,MI,AGL,CE,Towers with Radar,86,32,51,0,169,0,1,0,0,1,86,33,51,0,170,0,0,0,170
03/23/2023,GRR,MI,AGL,CE,Towers with Radar,100,36,67,4,207,0,3,9,0,12,100,39,76,4,219,0,0,0,219
03/24/2023,GRR,MI,AGL,CE,Towers with Radar,100,29,42,4,175,0,5,46,6,57,100,34,88,10,232,12,2,14,246
03/25/2023,GRR,MI,AGL,CE,Towers with Radar,96,18,9,0,123,0,1,0,0,1,96,19,9,0,124,0,0,0,124
03/26/2023,GRR,MI,AGL,CE,Towers with Radar,91,33,42,0,166,0,4,29,0,33,91,37,71,0,199,0,0,0,199
03/27/2023,GRR,MI,AGL,CE,Towers with Radar,97,25,23,2,147,0,9,33,0,42,97,34,56,2,189,16,0,16,205
03/28/2023,GRR,MI,AGL,CE,Towers with Radar,79,29,53,0,161,1,1,61,0,63,80,30,114,0,224,0,0,0,224
03/29/2023,GRR,MI,AGL,CE,Towers with Radar,85,37,32,0,154,0,7,11,0,18,85,44,43,0,172,4,0,4,176
03/30/2023,GRR,MI,AGL,CE,Towers with Radar,110,53,43,0,206,0,9,48,0,57,110,62,91,0,263,0,0,0,263
03/31/2023,GRR,MI,AGL,CE,Towers with Radar,90,34,38,0,162,0,0,0,0,0,90,34,38,0,162,0,0,0,162
04/01/2023,GRR,MI,AGL,CE,Towers with Radar,101,24,19,0,144,0,2,0,0,2,101,26,19,0,146,0,0,0,146
04/02/2023,GRR,MI,AGL,CE,Towers with Radar,97,23,14,0,134,0,4,33,0,37,97,27,47,0,171,16,0,16,187
04/03/2023,GRR,MI,AGL,CE,Towers with Radar,98,27,31,0,156,0,1,15,0,16,98,28,46,0,172,24,0,24,196
04/04/2023,GRR,MI,AGL,CE,Towers with Radar,78,21,21,0,120,0,0,0,0,0,78,21,21,0,120,0,0,0,120
04/05/2023,GRR,MI,AGL,CE,Towers with Radar,78,22,16,0,116,0,0,5,0,5,78,22,21,0,121,0,0,0,121
04/06/2023,GRR,MI,AGL,CE,Towers with Radar,102,33,49,1,185,0,11,23,1,35,102,44,72,2,220,0,0,0,220
04/07/2023,GRR,MI,AGL,CE,Towers with Radar,103,33,26,5,167,0,6,44,0,50,103,39,70,5,217,4,0,4,221
04/08/2023,GRR,MI,AGL,CE,Towers with Radar,110,17,39,0,166,0,0,55,0,55,110,17,94,0,221,14,0,14,235
04/09/2023,GRR,MI,AGL,CE,Towers with Radar,102,20,18,0,140,0,0,19,0,19,102,20,37,0,159,6,0,6,165
04/10/2023,GRR,MI,AGL,CE,Towers with Radar,94,53,43,0,190,0,12,32,0,44,94,65,75,0,234,18,0,18,252
04/11/2023,GRR,MI,AGL,CE,Towers with Radar,84,36,46,0,166,0,9,53,0,62,84,45,99,0,228,22,0,22,250
04/12/2023,GRR,MI,AGL,CE,Towers with Radar,82,39,51,0,172,0,4,44,0,48,82,43,95,0,220,32,0,32,252
04/13/2023,GRR,MI,AGL,CE,Towers with Radar,103,40,60,1,204,0,12,47,1,60,103,52,107,2,264,32,0,32,296
04/14/2023,GRR,MI,AGL,CE,Towers with Radar,94,43,40,2,179,0,7,69,0,76,94,50,109,2,255,26,0,26,281
04/15/2023,GRR,MI,AGL,CE,Towers with Radar,79,21,20,0,120,0,0,32,0,32,79,21,52,0,152,0,0,0,152
04/16/2023,GRR,MI,AGL,CE,Towers with Radar,95,24,22,0,141,0,0,1,0,1,95,24,23,0,142,0,0,0,142
04/17/2023,GRR,MI,AGL,CE,Towers with Radar,88,29,35,0,152,0,0,0,0,0,88,29,35,0,152,0,0,0,152
04/18/2023,GRR,MI,AGL,CE,Towers with Radar,88,39,43,9,179,0,6,24,1,31,88,45,67,10,210,44,0,44,254
04/19/2023,GRR,MI,AGL,CE,Towers with Radar,80,51,65,0,196,0,14,42,1,57,80,65,107,1,253,80,0,80,333
04/20/2023,GRR,MI,AGL,CE,Towers with Radar,106,41,53,1,201,0,8,14,1,23,106,49,67,2,224,26,0,26,250
04/21/2023,GRR,MI,AGL,CE,Towers with Radar,91,34,43,2,170,0,4,43,0,47,91,38,86,2,217,30,0,30,247
04/22/2023,GRR,MI,AGL,CE,Towers with Radar,84,17,28,0,129,0,3,16,0,19,84,20,44,0,148,32,0,32,180
04/23/2023,GRR,MI,AGL,CE,Towers with Radar,92,16,21,0,129,0,0,8,0,8,92,16,29,0,137,2,0,2,139
04/24/2023,GRR,MI,AGL,CE,Towers with Radar,91,30,51,0,172,0,11,34,0,45,91,41,85,0,217,118,0,118,335
04/25/2023,GRR,MI,AGL,CE,Towers with Radar,79,25,46,0,150,0,2,14,0,16,79,27,60,0,166,14,0,14,180
04/26/2023,GRR,MI,AGL,CE,Towers with Radar,80,35,65,0,180,0,4,68,2,74,80,39,133,2,254,34,0,34,288
04/27/2023,GRR,MI,AGL,CE,Towers with Radar,94,47,47,2,190,0,4,48,0,52,94,51,95,2,242,38,0,38,280
04/28/2023,GRR,MI,AGL,CE,Towers with Radar,90,40,43,0,173,0,0,27,0,27,90,40,70,0,200,26,0,26,226
04/29/2023,GRR,MI,AGL,CE,Towers with Radar,74,22,45,0,141,0,3,13,0,16,74,25,58,0,157,0,0,0,157
04/30/2023,GRR,MI,AGL,CE,Towers with Radar,87,18,28,0,133,0,2,7,0,9,87,20,35,0,142,10,0,10,152
05/01/2023,GRR,MI,AGL,CE,Towers with Radar,89,36,33,0,158,0,0,3,0,3,89,36,36,0,161,0,0,0,161
05/02/2023,GRR,MI,AGL,CE,Towers with Radar,83,27,41,0,151,0,0,0,0,0,83,27,41,0,151,0,0,0,151
05/03/2023,GRR,MI,AGL,CE,Towers with Radar,79,37,63,0,179,0,2,17,1,20,79,39,80,1,199,18,0,18,217
05/04/2023,GRR,MI,AGL,CE,Towers with Radar,96,43,74,2,215,0,2,56,0,58,96,45,130,2,273,24,0,24,297
05/05/2023,GRR,MI,AGL,CE,Towers with Radar,95,32,46,0,173,0,0,36,0,36,95,32,82,0,209,46,0,46,255
05/06/2023,GRR,MI,AGL,CE,Towers with Radar,84,17,30,0,131,0,1,71,0,72,84,18,101,0,203,0,0,0,203
05/07/2023,GRR,MI,AGL,CE,Towers with Radar,94,19,30,0,143,0,1,6,0,7,94,20,36,0,150,0,0,0,150
05/08/2023,GRR,MI,AGL,CE,Towers with Radar,92,29,48,0,169,0,3,13,0,16,92,32,61,0,185,0,0,0,185
05/09/2023,GRR,MI,AGL,CE,Towers with Radar,85,42,55,24,206,0,11,45,2,58,85,53,100,26,264,44,14,58,322
05/10/2023,GRR,MI,AGL,CE,Towers with Radar,78,42,58,0,178,0,13,63,0,76,78,55,121,0,254,26,0,26,280
05/11/2023,GRR,MI,AGL,CE,Towers with Radar,100,34,53,2,189,0,6,51,0,57,100,40,104,2,246,24,0,24,270
05/12/2023,GRR,MI,AGL,CE,Towers with Radar,94,28,50,0,172,0,5,23,0,28,94,33,73,0,200,12,0,12,212
05/13/2023,GRR,MI,AGL,CE,Towers with Radar,81,21,23,0,125,0,3,33,0,36,81,24,56,0,161,20,0,20,181
05/14/2023,GRR,MI,AGL,CE,Towers with Radar,95,11,31,0,137,0,1,14,0,15,95,12,45,0,152,0,0,0,152
05/15/2023,GRR,MI,AGL,CE,Towers with Radar,92,26,52,0,170,0,6,55,0,61,92,32,107,0,231,40,0,40,271
05/16/2023,GRR,MI,AGL,CE,Towers with Radar,83,39,47,2,171,1,6,33,0,40,84,45,80,2,211,18,0,18,229
05/17/2023,GRR,MI,AGL,CE,Towers with Radar,83,39,55,12,189,0,7,45,0,52,83,46,100,12,241,0,0,0,241
05/18/2023,GRR,MI,AGL,CE,Towers with Radar,99,53,69,0,221,0,10,26,0,36,99,63,95,0,257,6,0,6,263
05/19/2023,GRR,MI,AGL,CE,Towers with Radar,95,28,69,0,192,0,1,7,0,8,95,29,76,0,200,0,0,0,200
05/20/2023,GRR,MI,AGL,CE,Towers with Radar,80,24,32,0,136,0,2,6,0,8,80,26,38,0,144,0,0,0,144
05/21/2023,GRR,MI,AGL,CE,Towers with Radar,95,18,22,0,135,0,3,33,0,36,95,21,55,0,171,0,0,0,171
05/22/2023,GRR,MI,AGL,CE,Towers with Radar,98,23,59,0,180,0,7,38,0,45,98,30,97,0,225,6,0,6,231
05/23/2023,GRR,MI,AGL,CE,Towers with Radar,82,32,44,0,158,0,8,34,0,42,82,40,78,0,200,18,0,18,218
05/24/2023,GRR,MI,AGL,CE,Towers with Radar,79,35,64,0,178,0,4,28,0,32,79,39,92,0,210,6,0,6,216
05/25/2023,GRR,MI,AGL,CE,Towers with Radar,98,38,55,0,191,0,7,43,0,50,98,45,98,0,241,20,0,20,261
05/26/2023,GRR,MI,AGL,CE,Towers with Radar,97,34,45,1,177,0,4,37,0,41,97,38,82,1,218,14,0,14,232
05/27/2023,GRR,MI,AGL,CE,Towers with Radar,76,16,23,0,115,0,7,28,0,35,76,23,51,0,150,0,0,0,150
05/28/2023,GRR,MI,AGL,CE,Towers with Radar,87,14,23,0,124,0,2,15,0,17,87,16,38,0,141,0,0,0,141
05/29/2023,GRR,MI,AGL,CE,Towers with Radar,91,12,27,1,131,0,5,21,0,26,91,17,48,1,157,16,0,16,173
05/30/2023,GRR,MI,AGL,CE,Towers with Radar,77,24,50,0,151,0,6,35,0,41,77,30,85,0,192,14,0,14,206
05/31/2023,GRR,MI,AGL,CE,Towers with Radar,87,33,42,0,162,0,10,35,0,45,87,43,77,0,207,52,0,52,259
06/01/2023,GRR,MI,AGL,CE,Towers with Radar,96,40,51,0,187,0,5,35,0,40,96,45,86,0,227,14,0,14,241
06/02/2023,GRR,MI,AGL,CE,Towers with Radar,93,39,40,0,172,0,5,48,0,53,93,44,88,0,225,32,0,32,257
06/03/2023,GRR,MI,AGL,CE,Towers with Radar,80,22,20,0,122,0,2,18,0,20,80,24,38,0,142,0,0,0,142
06/04/2023,GRR,MI,AGL,CE,Towers with Radar,91,38,27,0,156,0,3,25,0,28,91,41,52,0,184,0,0,0,184
06/05/2023,GRR,MI,AGL,CE,Towers with Radar,95,34,35,0,164,0,5,20,0,25,95,39,55,0,189,6,0,6,195
06/06/2023,GRR,MI,AGL,CE,Towers with Radar,78,51,53,0,182,0,15,41,0,56,78,66,94,0,238,76,0,76,314
06/07/2023,GRR,MI,AGL,CE,Towers with Radar,83,40,45,1,169,0,5,32,1,38,83,45,77,2,207,22,4,26,233
06/08/2023,GRR,MI,AGL,CE,Towers with Radar,97,42,51,0,190,0,3,34,0,37,97,45,85,0,227,0,0,0,227
06/09/2023,GRR,MI,AGL,CE,Towers with Radar,95,37,65,0,197,0,4,36,0,40,95,41,101,0,237,24,0,24,261
06/10/2023,GRR,MI,AGL,CE,Towers with Radar,91,30,32,0,153,0,1,26,0,27,91,31,58,0,180,0,0,0,180
06/11/2023,GRR,MI,AGL,CE,Towers with Radar,88,19,37,0,144,0,0,2,0,2,88,19,39,0,146,0,0,0,146
06/12/2023,GRR,MI,AGL,CE,Towers with Radar,89,45,59,0,193,0,7,15,0,22,89,52,74,0,215,64,0,64,279
06/13/2023,GRR,MI,AGL,CE,Towers with Radar,81,45,49,0,175,0,2,10,0,12,81,47,59,0,187,8,0,8,195
06/14/2023,GRR,MI,AGL,CE,Towers with Radar,82,49,60,0,191,0,4,23,0,27,82,53,83,0,218,52,0,52,270
06/15/2023,GRR,MI,AGL,CE,Towers with Radar,94,47,66,0,207,0,1,5,0,6,94,48,71,0,213,0,0,0,213
06/16/2023,GRR,MI,AGL,CE,Towers with Radar,90,43,66,0,199,0,9,23,0,32,90,52,89,0,231,18,0,18,249
06/17/2023,GRR,MI,AGL,CE,Towers with Radar,87,28,25,0,140,0,8,41,0,49,87,36,66,0,189,16,0,16,205
06/18/2023,GRR,MI,AGL,CE,Towers with Radar,84,24,27,0,135,0,0,28,0,28,84,24,55,0,163,0,0,0,163
06/19/2023,GRR,MI,AGL,CE,Towers with Radar,93,33,44,0,170,0,11,36,0,47,93,44,80,0,217,76,0,76,293
06/20/2023,GRR,MI,AGL,CE,Towers with Radar,80,44,45,0,169,0,6,39,0,45,80,50,84,0,214,12,0,12,226
06/21/2023,GRR,MI,AGL,CE,Towers with Radar,81,36,73,2,192,0,8,40,0,48,81,44,113,2,240,2,0,2,242
06/22/2023,GRR,MI,AGL,CE,Towers with Radar,98,42,55,0,195,0,4,35,0,39,98,46,90,0,234,34,0,34,268
06/23/2023,GRR,MI,AGL,CE,Towers with Radar,88,39,60,2,189,0,4,32,0,36,88,43,92,2,225,14,0,14,239
06/24/2023,GRR,MI,AGL,CE,Towers with Radar,87,33,27,0,147,0,6,28,0,34,87,39,55,0,181,2,0,2,183
06/25/2023,GRR,MI,AGL,CE,Towers with Radar,91,19,28,0,138,0,0,2,0,2,91,19,30,0,140,0,0,0,140
06/26/2023,GRR,MI,AGL,CE,Towers with Radar,79,32,51,0,162,0,0,0,0,0,79,32,51,0,162,0,0,0,162
06/27/2023,GRR,MI,AGL,CE,Towers with Radar,71,46,61,0,178,0,0,0,0,0,71,46,61,0,178,0,0,0,178
06/28/2023,GRR,MI,AGL,CE,Towers with Radar,74,56,92,0,222,0,1,7,0,8,74,57,99,0,230,0,0,0,230
06/29/2023,GRR,MI,AGL,CE,Towers with Radar,90,44,69,0,203,0,0,2,0,2,90,44,71,0,205,8,0,8,213
06/30/2023,GRR,MI,AGL,CE,Towers with Radar,94,38,66,0,198,0,1,13,0,14,94,39,79,0,212,12,0,12,224
07/01/2023,GRR,MI,AGL,CE,Towers with Radar,89,22,22,0,133,0,0,7,0,7,89,22,29,0,140,6,0,6,146
07/02/2023,GRR,MI,AGL,CE,Towers with Radar,83,22,9,0,114,0,1,4,0,5,83,23,13,0,119,0,0,0,119
07/03/2023,GRR,MI,AGL,CE,Towers with Radar,80,19,38,0,137,0,3,16,0,19,80,22,54,0,156,0,0,0,156
07/04/2023,GRR,MI,AGL,CE,Towers with Radar,64,11,6,0,81,0,4,19,0,23,64,15,25,0,104,20,0,20,124
07/05/2023,GRR,MI,AGL,CE,Towers with Radar,88,26,37,0,151,0,2,26,0,28,88,28,63,0,179,12,0,12,191
07/06/2023,GRR,MI,AGL,CE,Towers with Radar,98,31,65,0,194,0,9,17,0,26,98,40,82,0,220,0,0,0,220
07/07/2023,GRR,MI,AGL,CE,Towers with Radar,95,33,47,0,175,0,7,45,0,52,95,40,92,0,227,46,0,46,273
07/08/2023,GRR,MI,AGL,CE,Towers with Radar,90,20,20,0,130,0,2,9,0,11,90,22,29,0,141,28,0,28,169
07/09/2023,GRR,MI,AGL,CE,Towers with Radar,88,13,34,0,135,0,1,24,0,25,88,14,58,0,160,0,0,0,160
07/10/2023,GRR,MI,AGL,CE,Towers with Radar,92,34,45,0,171,0,24,49,0,73,92,58,94,0,244,36,0,36,280
07/11/2023,GRR,MI,AGL,CE,Towers with Radar,92,45,58,0,195,0,11,58,0,69,92,56,116,0,264,68,0,68,332
07/12/2023,GRR,MI,AGL,CE,Towers with Radar,90,43,42,2,177,0,1,16,0,17,90,44,58,2,194,0,0,0,194
07/13/2023,GRR,MI,AGL,CE,Towers with Radar,102,49,73,0,224,0,3,16,0,19,102,52,89,0,243,24,0,24,267
07/14/2023,GRR,MI,AGL,CE,Towers with Radar,93,24,49,0,166,0,1,26,0,27,93,25,75,0,193,10,0,10,203
07/15/2023,GRR,MI,AGL,CE,Towers with Radar,93,22,36,0,151,0,2,7,0,9,93,24,43,0,160,20,0,20,180
07/16/2023,GRR,MI,AGL,CE,Towers with Radar,92,19,50,0,161,0,4,15,0,19,92,23,65,0,180,16,0,16,196
07/17/2023,GRR,MI,AGL,CE,Towers with Radar,93,26,48,0,167,0,6,31,0,37,93,32,79,0,204,36,0,36,240
07/18/2023,GRR,MI,AGL,CE,Towers with Radar,86,41,54,0,181,0,7,39,0,46,86,48,93,0,227,0,0,0,227
07/19/2023,GRR,MI,AGL,CE,Towers with Radar,91,31,59,1,182,0,8,44,1,53,91,39,103,2,235,12,0,12,247
07/20/2023,GRR,MI,AGL,CE,Towers with Radar,110,31,42,0,183,0,2,15,0,17,110,33,57,0,200,20,0,20,220
07/21/2023,GRR,MI,AGL,CE,Towers with Radar,95,36,68,0,199,0,3,45,0,48,95,39,113,0,247,0,0,0,247
07/22/2023,GRR,MI,AGL,CE,Towers with Radar,96,19,38,0,153,0,4,29,0,33,96,23,67,0,186,16,0,16,202
07/23/2023,GRR,MI,AGL,CE,Towers with Radar,94,21,33,0,148,0,4,11,0,15,94,25,44,0,163,12,0,12,175
07/24/2023,GRR,MI,AGL,CE,Towers with Radar,95,31,51,0,177,0,6,22,0,28,95,37,73,0,205,4,0,4,209
07/25/2023,GRR,MI,AGL,CE,Towers with Radar,90,39,48,0,177,0,6,17,0,23,90,45,65,0,200,0,0,0,200
07/26/2023,GRR,MI,AGL,CE,Towers with Radar,81,34,59,0,174,0,2,7,0,9,81,36,66,0,183,0,0,0,183
07/27/2023,GRR,MI,AGL,CE,Towers with Radar,103,45,60,0,208,0,7,21,0,28,103,52,81,0,236,56,0,56,292
07/28/2023,GRR,MI,AGL,CE,Towers with Radar,96,25,41,0,162,0,6,32,0,38,96,31,73,0,200,4,0,4,204
07/29/2023,GRR,MI,AGL,CE,Towers with Radar,96,21,21,0,138,0,6,22,0,28,96,27,43,0,166,14,0,14,180
07/30/2023,GRR,MI,AGL,CE,Towers with Radar,92,26,39,2,159,0,2,40,0,42,92,28,79,2,201,20,0,20,221
07/31/2023,GRR,MI,AGL,CE,Towers with Radar,104,32,36,1,173,0,12,37,1,50,104,44,73,2,223,18,0,18,241
08/01/2023,GRR,MI,AGL,CE,Towers with Radar,91,46,57,0,194,0,9,30,3,42,91,55,87,3,236,16,0,16,252
08/02/2023,GRR,MI,AGL,CE,Towers with Radar,92,37,37,0,166,0,7,43,2,52,92,44,80,2,218,48,0,48,266
08/03/2023,GRR,MI,AGL,CE,Towers with Radar,105,42,55,0,202,0,5,28,0,33,105,47,83,0,235,48,0,48,283
08/04/2023,GRR,MI,AGL,CE,Towers with Radar,99,28,48,0,175,0,7,34,0,41,99,35,82,0,216,8,0,8,224
08/05/2023,GRR,MI,AGL,CE,Towers with Radar,96,33,32,0,161,0,3,30,3,36,96,36,62,3,197,0,0,0,197
08/06/2023,GRR,MI,AGL,CE,Towers with Radar,99,18,39,1,157,0,0,1,0,1,99,18,40,1,158,0,0,0,158
08/07/2023,GRR,MI,AGL,CE,Towers with Radar,95,30,51,0,176,0,6,12,0,18,95,36,63,0,194,28,0,28,222
08/08/2023,GRR,MI,AGL,CE,Towers with Radar,88,33,73,0,194,0,8,47,0,55,88,41,120,0,249,12,0,12,261
08/09/2023,GRR,MI,AGL,CE,Towers with Radar,95,33,61,0,189,0,5,27,0,32,95,38,88,0,221,20,0,20,241
08/10/2023,GRR,MI,AGL,CE,Towers with Radar,106,41,59,0,206,0,1,20,0,21,106,42,79,0,227,12,0,12,239
08/11/2023,GRR,MI,AGL,CE,Towers with Radar,104,32,36,2,174,0,1,17,0,18,104,33,53,2,192,24,0,24,216
08/12/2023,GRR,MI,AGL,CE,Towers with Radar,96,16,21,0,133,0,0,34,0,34,96,16,55,0,167,0,0,0,167
08/13/2023,GRR,MI,AGL,CE,Towers with Radar,97,24,22,0,143,0,2,29,0,31,97,26,51,0,174,34,0,34,208
08/14/2023,GRR,MI,AGL,CE,Towers with Radar,99,30,47,0,176,0,0,14,0,14,99,30,61,0,190,0,0,0,190
08/15/2023,GRR,MI,AGL,CE,Towers with Radar,87,38,70,2,197,0,4,16,0,20,87,42,86,2,217,36,0,36,253
08/16/2023,GRR,MI,AGL,CE,Towers with Radar,88,48,57,0,193,0,7,48,0,55,88,55,105,0,248,6,0,6,254
08/17/2023,GRR,MI,AGL,CE,Towers with Radar,103,34,41,1,179,0,0,6,0,6,103,34,47,1,185,8,0,8,193
08/18/2023,GRR,MI,AGL,CE,Towers with Radar,94,37,50,1,182,0,6,32,1,39,94,43,82,2,221,0,0,0,221
08/19/2023,GRR,MI,AGL,CE,Towers with Radar,88,23,18,0,129,0,3,34,0,37,88,26,52,0,166,0,0,0,166
08/20/2023,GRR,MI,AGL,CE,Towers with Radar,101,19,34,0,154,0,3,40,0,43,101,22,74,0,197,10,0,10,207
08/21/2023,GRR,MI,AGL,CE,Towers with Radar,92,31,53,0,176,0,2,24,0,26,92,33,77,0,202,12,0,12,214
08/22/2023,GRR,MI,AGL,CE,Towers with Radar,84,33,68,1,186,0,1,32,1,34,84,34,100,2,220,16,0,16,236
08/23/2023,GRR,MI,AGL,CE,Towers with Radar,87,45,56,8,196,0,5,21,0,26,87,50,77,8,222,0,0,0,222
08/24/2023,GRR,MI,AGL,CE,Towers with Radar,109,40,66,4,219,0,0,2,0,2,109,40,68,4,221,0,0,0,221
08/25/2023,GRR,MI,AGL,CE,Towers with Radar,97,34,63,0,194,0,1,15,0,16,97,35,78,0,210,0,0,0,210
08/26/2023,GRR,MI,AGL,CE,Towers with Radar,82,29,30,0,141,0,1,22,0,23,82,30,52,0,164,0,0,0,164
08/27/2023,GRR,MI,AGL,CE,Towers with Radar,98,22,40,0,160,0,0,36,0,36,98,22,76,0,196,6,0,6,202
08/28/2023,GRR,MI,AGL,CE,Towers with Radar,95,30,63,12,200,0,2,44,0,46,95,32,107,12,246,18,0,18,264
08/29/2023,GRR,MI,AGL,CE,Towers with Radar,86,35,47,12,180,0,3,28,0,31,86,38,75,12,211,24,0,24,235
08/30/2023,GRR,MI,AGL,CE,Towers with Radar,86,37,59,1,183,0,2,39,0,41,86,39,98,1,224,2,0,2,226
08/31/2023,GRR,MI,AGL,CE,Towers with Radar,99,48,69,0,216,0,4,46,0,50,99,52,115,0,266,16,0,16,282
