01/01/2000,GSN,MP,AWP,WE,Federal Contract Tower,13,8,1,0,22,5,46,25,0,76,18,54,26,0,98,2,0,2,100
01/02/2000,GSN,MP,AWP,WE,Federal Contract Tower,17,10,1,0,28,5,56,41,0,102,22,66,42,0,130,8,0,8,138
01/03/2000,GSN,MP,AWP,WE,Federal Contract Tower,17,9,1,1,28,1,59,35,3,98,18,68,36,4,126,0,0,0,126
01/04/2000,GSN,MP,AWP,WE,Federal Contract Tower,17,9,1,0,27,1,63,43,0,107,18,72,44,0,134,0,0,0,134
01/05/2000,GSN,MP,AWP,WE,Federal Contract Tower,20,12,1,0,33,0,54,25,0,79,20,66,26,0,112,2,0,2,114
01/06/2000,GSN,MP,AWP,WE,Federal Contract Tower,17,10,1,0,28,2,58,31,0,91,19,68,32,0,119,0,0,0,119
01/07/2000,GSN,MP,AWP,WE,Federal Contract Tower,21,14,1,0,36,0,58,18,6,82,21,72,19,6,118,0,0,0,118
01/08/2000,GSN,MP,AWP,WE,Federal Contract Tower,18,12,1,0,31,0,46,31,0,77,18,58,32,0,108,0,0,0,108
01/09/2000,GSN,MP,AWP,WE,Federal Contract Tower,19,11,1,0,31,2,45,25,0,72,21,56,26,0,103,4,0,4,107
01/10/2000,GSN,MP,AWP,WE,Federal Contract Tower,17,11,1,0,29,2,53,22,0,77,19,64,23,0,106,12,0,12,118
01/11/2000,GSN,MP,AWP,WE,Federal Contract Tower,19,11,1,0,31,1,51,27,0,79,20,62,28,0,110,12,0,12,122
01/12/2000,GSN,MP,AWP,WE,Federal Contract Tower,16,10,1,0,27,0,78,15,0,93,16,88,16,0,120,0,0,0,120
01/13/2000,GSN,MP,AWP,WE,Federal Contract Tower,15,10,1,0,26,1,48,21,1,71,16,58,22,1,97,0,0,0,97
01/14/2000,GSN,MP,AWP,WE,Federal Contract Tower,16,10,1,0,27,2,63,37,0,102,18,73,38,0,129,18,0,18,147
01/15/2000,GSN,MP,AWP,WE,Federal Contract Tower,14,9,1,0,24,2,71,15,0,88,16,80,16,0,112,22,0,22,134
01/16/2000,GSN,MP,AWP,WE,Federal Contract Tower,13,8,1,0,22,3,52,37,0,92,16,60,38,0,114,0,0,0,114
01/17/2000,GSN,MP,AWP,WE,Federal Contract Tower,16,10,0,1,27,0,62,35,0,97,16,72,35,1,124,0,0,0,124
01/18/2000,GSN,MP,AWP,WE,Federal Contract Tower,18,11,0,0,29,0,67,22,0,89,18,78,22,0,118,2,0,2,120
01/19/2000,GSN,MP,AWP,WE,Federal Contract Tower,15,9,0,0,24,1,68,23,0,92,16,77,23,0,116,0,0,0,116
01/20/2000,GSN,MP,AWP,WE,Federal Contract Tower,15,10,0,0,25,1,54,34,0,89,16,64,34,0,114,14,0,14,128
01/21/2000,GSN,MP,AWP,WE,Federal Contract Tower,16,10,0,0,26,2,74,30,0,106,18,84,30,0,132,0,0,0,132
01/22/2000,GSN,MP,AWP,WE,Federal Contract Tower,17,11,0,0,28,1,69,24,0,94,18,80,24,0,122,0,0,0,122
01/23/2000,GSN,MP,AWP,WE,Federal Contract Tower,20,11,0,1,32,0,81,22,3,106,20,92,22,4,138,0,0,0,138
01/24/2000,GSN,MP,AWP,WE,Federal Contract Tower,17,9,0,0,26,0,73,14,0,87,17,82,14,0,113,0,0,0,113
01/25/2000,GSN,MP,AWP,WE,Federal Contract Tower,17,12,0,1,30,0,57,23,1,81,17,69,23,2,111,0,0,0,111
01/26/2000,GSN,MP,AWP,WE,Federal Contract Tower,16,10,0,1,27,0,56,24,3,83,16,66,24,4,110,0,0,0,110
01/27/2000,GSN,MP,AWP,WE,Federal Contract Tower,16,12,0,1,29,0,55,18,1,74,16,67,18,2,103,22,0,22,125
01/28/2000,GSN,MP,AWP,WE,Federal Contract Tower,16,9,0,0,25,0,69,24,0,93,16,78,24,0,118,0,0,0,118
01/29/2000,GSN,MP,AWP,WE,Federal Contract Tower,16,9,0,0,25,0,51,20,0,71,16,60,20,0,96,4,0,4,100
01/30/2000,GSN,MP,AWP,WE,Federal Contract Tower,18,10,0,1,29,0,48,28,3,79,18,58,28,4,108,0,0,0,108
01/31/2000,GSN,MP,AWP,WE,Federal Contract Tower,16,9,0,0,25,0,59,22,0,81,16,68,22,0,106,0,0,0,106
02/01/2000,GSN,MP,AWP,WE,Federal Contract Tower,16,16,1,1,34,0,38,19,11,68,16,54,20,12,102,0,0,0,102
02/02/2000,GSN,MP,AWP,WE,Federal Contract Tower,16,17,1,1,35,0,39,7,9,55,16,56,8,10,90,0,0,0,90
02/03/2000,GSN,MP,AWP,WE,Federal Contract Tower,14,12,1,1,28,2,52,11,1,66,16,64,12,2,94,0,0,0,94
02/04/2000,GSN,MP,AWP,WE,Federal Contract Tower,15,13,1,0,29,3,65,24,0,92,18,78,25,0,121,0,0,0,121
02/05/2000,GSN,MP,AWP,WE,Federal Contract Tower,14,12,1,0,27,4,60,39,0,103,18,72,40,0,130,0,0,0,130
02/06/2000,GSN,MP,AWP,WE,Federal Contract Tower,20,21,2,0,43,0,43,11,0,54,20,64,13,0,97,4,0,4,101
02/07/2000,GSN,MP,AWP,WE,Federal Contract Tower,16,19,1,0,36,0,35,28,0,63,16,54,29,0,99,0,0,0,99
02/08/2000,GSN,MP,AWP,WE,Federal Contract Tower,15,14,1,0,30,3,40,30,0,73,18,54,31,0,103,0,0,0,103
02/09/2000,GSN,MP,AWP,WE,Federal Contract Tower,14,12,1,0,27,2,46,20,0,68,16,58,21,0,95,0,0,0,95
02/10/2000,GSN,MP,AWP,WE,Federal Contract Tower,15,13,1,0,29,5,57,21,0,83,20,70,22,0,112,0,0,0,112
02/11/2000,GSN,MP,AWP,WE,Federal Contract Tower,22,20,2,0,44,0,48,16,0,64,22,68,18,0,108,0,0,0,108
02/12/2000,GSN,MP,AWP,WE,Federal Contract Tower,16,19,1,0,36,0,41,31,0,72,16,60,32,0,108,10,0,10,118
02/13/2000,GSN,MP,AWP,WE,Federal Contract Tower,22,20,1,0,43,0,43,27,0,70,22,63,28,0,113,0,0,0,113
02/14/2000,GSN,MP,AWP,WE,Federal Contract Tower,18,17,1,0,36,0,47,35,0,82,18,64,36,0,118,0,0,0,118
02/15/2000,GSN,MP,AWP,WE,Federal Contract Tower,18,17,1,0,36,0,57,45,0,102,18,74,46,0,138,0,0,0,138
02/16/2000,GSN,MP,AWP,WE,Federal Contract Tower,15,14,1,0,30,1,46,31,0,78,16,60,32,0,108,12,0,12,120
02/17/2000,GSN,MP,AWP,WE,Federal Contract Tower,15,14,1,0,30,1,49,43,0,93,16,63,44,0,123,0,0,0,123
02/18/2000,GSN,MP,AWP,WE,Federal Contract Tower,16,15,1,0,32,4,57,18,0,79,20,72,19,0,111,0,0,0,111
02/19/2000,GSN,MP,AWP,WE,Federal Contract Tower,18,16,1,0,35,1,38,27,0,66,19,54,28,0,101,8,0,8,109
02/20/2000,GSN,MP,AWP,WE,Federal Contract Tower,19,15,1,0,35,1,33,24,0,58,20,48,25,0,93,0,0,0,93
02/21/2000,GSN,MP,AWP,WE,Federal Contract Tower,16,12,0,0,28,2,52,35,0,89,18,64,35,0,117,0,0,0,117
02/22/2000,GSN,MP,AWP,WE,Federal Contract Tower,15,12,0,0,27,3,44,36,0,83,18,56,36,0,110,0,0,0,110
02/23/2000,GSN,MP,AWP,WE,Federal Contract Tower,15,12,0,0,27,1,50,30,0,81,16,62,30,0,108,0,0,0,108
02/24/2000,GSN,MP,AWP,WE,Federal Contract Tower,14,11,0,0,25,2,53,18,0,73,16,64,18,0,98,0,0,0,98
02/25/2000,GSN,MP,AWP,WE,Federal Contract Tower,18,14,0,0,32,0,54,27,0,81,18,68,27,0,113,0,0,0,113
02/26/2000,GSN,MP,AWP,WE,Federal Contract Tower,15,11,0,0,26,1,80,33,0,114,16,91,33,0,140,4,0,4,144
02/27/2000,GSN,MP,AWP,WE,Federal Contract Tower,20,18,0,1,39,0,34,28,11,73,20,52,28,12,112,6,0,6,118
02/28/2000,GSN,MP,AWP,WE,Federal Contract Tower,15,11,0,0,26,1,57,34,0,92,16,68,34,0,118,0,0,0,118
02/29/2000,GSN,MP,AWP,WE,Federal Contract Tower,16,14,0,0,30,0,58,33,0,91,16,72,33,0,121,0,0,0,121
03/01/2000,GSN,MP,AWP,WE,Federal Contract Tower,15,12,1,0,28,1,49,7,0,57,16,61,8,0,85,0,0,0,85
03/02/2000,GSN,MP,AWP,WE,Federal Contract Tower,16,12,1,0,29,0,44,13,0,57,16,56,14,0,86,10,0,10,96
03/03/2000,GSN,MP,AWP,WE,Federal Contract Tower,16,23,2,0,41,0,45,13,0,58,16,68,15,0,99,0,0,0,99
03/04/2000,GSN,MP,AWP,WE,Federal Contract Tower,16,16,1,0,33,0,63,19,0,82,16,79,20,0,115,5,0,5,120
03/05/2000,GSN,MP,AWP,WE,Federal Contract Tower,18,17,1,0,36,0,29,17,0,46,18,46,18,0,82,10,0,10,92
03/06/2000,GSN,MP,AWP,WE,Federal Contract Tower,14,11,1,0,26,2,51,21,0,74,16,62,22,0,100,10,0,10,110
03/07/2000,GSN,MP,AWP,WE,Federal Contract Tower,13,12,0,0,25,3,46,22,0,71,16,58,22,0,96,0,0,0,96
03/08/2000,GSN,MP,AWP,WE,Federal Contract Tower,16,14,1,0,31,0,58,38,0,96,16,72,39,0,127,0,0,0,127
03/09/2000,GSN,MP,AWP,WE,Federal Contract Tower,16,12,2,0,30,0,52,24,0,76,16,64,26,0,106,2,0,2,108
03/10/2000,GSN,MP,AWP,WE,Federal Contract Tower,15,11,2,0,28,1,61,32,0,94,16,72,34,0,122,0,0,0,122
03/11/2000,GSN,MP,AWP,WE,Federal Contract Tower,16,11,2,0,29,2,53,44,0,99,18,64,46,0,128,0,0,0,128
03/12/2000,GSN,MP,AWP,WE,Federal Contract Tower,14,11,2,0,27,2,55,25,0,82,16,66,27,0,109,3,0,3,112
03/13/2000,GSN,MP,AWP,WE,Federal Contract Tower,18,16,2,0,36,0,42,22,0,64,18,58,24,0,100,0,0,0,100
03/14/2000,GSN,MP,AWP,WE,Federal Contract Tower,16,12,2,0,30,0,52,18,0,70,16,64,20,0,100,0,0,0,100
03/15/2000,GSN,MP,AWP,WE,Federal Contract Tower,16,11,1,0,28,0,55,29,0,84,16,66,30,0,112,0,0,0,112
03/16/2000,GSN,MP,AWP,WE,Federal Contract Tower,15,11,1,0,27,1,49,31,0,81,16,60,32,0,108,0,0,0,108
03/17/2000,GSN,MP,AWP,WE,Federal Contract Tower,16,11,1,0,28,2,65,21,0,88,18,76,22,0,116,0,0,0,116
03/18/2000,GSN,MP,AWP,WE,Federal Contract Tower,17,12,1,0,30,1,56,25,0,82,18,68,26,0,112,6,0,6,118
03/19/2000,GSN,MP,AWP,WE,Federal Contract Tower,15,11,1,0,27,1,55,53,0,109,16,66,54,0,136,0,0,0,136
03/20/2000,GSN,MP,AWP,WE,Federal Contract Tower,17,12,1,0,30,3,64,33,0,100,20,76,34,0,130,3,0,3,133
03/21/2000,GSN,MP,AWP,WE,Federal Contract Tower,18,13,1,0,32,0,55,20,0,75,18,68,21,0,107,0,0,0,107
03/22/2000,GSN,MP,AWP,WE,Federal Contract Tower,16,13,1,0,30,0,47,32,0,79,16,60,33,0,109,0,0,0,109
03/23/2000,GSN,MP,AWP,WE,Federal Contract Tower,18,13,1,0,32,4,59,6,0,69,22,72,7,0,101,0,0,0,101
03/24/2000,GSN,MP,AWP,WE,Federal Contract Tower,16,11,1,0,28,0,61,34,0,95,16,72,35,0,123,0,0,0,123
03/25/2000,GSN,MP,AWP,WE,Federal Contract Tower,18,13,1,0,32,0,47,28,0,75,18,60,29,0,107,5,0,5,112
03/26/2000,GSN,MP,AWP,WE,Federal Contract Tower,15,11,1,0,27,3,49,23,0,75,18,60,24,0,102,0,0,0,102
03/27/2000,GSN,MP,AWP,WE,Federal Contract Tower,17,12,1,0,30,3,58,20,0,81,20,70,21,0,111,0,0,0,111
03/28/2000,GSN,MP,AWP,WE,Federal Contract Tower,15,11,1,0,27,1,47,8,0,56,16,58,9,0,83,0,0,0,83
03/29/2000,GSN,MP,AWP,WE,Federal Contract Tower,18,12,1,0,31,0,74,21,0,95,18,86,22,0,126,5,0,5,131
03/30/2000,GSN,MP,AWP,WE,Federal Contract Tower,18,12,1,0,31,0,54,23,0,77,18,66,24,0,108,0,0,0,108
03/31/2000,GSN,MP,AWP,WE,Federal Contract Tower,18,12,1,0,31,1,68,24,0,93,19,80,25,0,124,0,0,0,124
04/01/2000,GSN,MP,AWP,WE,Federal Contract Tower,19,11,1,0,31,0,51,33,0,84,19,62,34,0,115,0,0,0,115
04/02/2000,GSN,MP,AWP,WE,Federal Contract Tower,17,9,1,0,27,3,39,9,0,51,20,48,10,0,78,0,0,0,78
04/03/2000,GSN,MP,AWP,WE,Federal Contract Tower,17,11,1,0,29,1,47,16,6,70,18,58,17,6,99,0,0,0,99
04/04/2000,GSN,MP,AWP,WE,Federal Contract Tower,15,9,1,0,25,1,45,11,0,57,16,54,12,0,82,20,0,20,102
04/05/2000,GSN,MP,AWP,WE,Federal Contract Tower,16,10,1,0,27,0,46,20,0,66,16,56,21,0,93,16,0,16,109
04/06/2000,GSN,MP,AWP,WE,Federal Contract Tower,17,11,1,0,29,1,50,10,0,61,18,61,11,0,90,0,0,0,90
04/07/2000,GSN,MP,AWP,WE,Federal Contract Tower,15,13,1,0,29,0,52,22,10,84,15,65,23,10,113,16,0,16,129
04/08/2000,GSN,MP,AWP,WE,Federal Contract Tower,17,12,1,0,30,0,50,40,4,94,17,62,41,4,124,18,0,18,142
04/09/2000,GSN,MP,AWP,WE,Federal Contract Tower,18,11,1,0,30,0,47,25,0,72,18,58,26,0,102,8,0,8,110
04/10/2000,GSN,MP,AWP,WE,Federal Contract Tower,17,11,1,0,29,1,59,35,0,95,18,70,36,0,124,2,0,2,126
04/11/2000,GSN,MP,AWP,WE,Federal Contract Tower,15,9,1,0,25,1,40,22,2,65,16,49,23,2,90,4,0,4,94
04/12/2000,GSN,MP,AWP,WE,Federal Contract Tower,16,11,1,0,28,0,51,15,2,68,16,62,16,2,96,0,0,0,96
04/13/2000,GSN,MP,AWP,WE,Federal Contract Tower,16,10,1,0,27,1,88,20,2,111,17,98,21,2,138,4,0,4,142
04/14/2000,GSN,MP,AWP,WE,Federal Contract Tower,15,9,1,0,25,0,57,26,2,85,15,66,27,2,110,6,0,6,116
04/15/2000,GSN,MP,AWP,WE,Federal Contract Tower,18,12,1,0,31,0,62,31,4,97,18,74,32,4,128,4,4,8,136
04/16/2000,GSN,MP,AWP,WE,Federal Contract Tower,16,10,1,0,27,0,58,33,3,94,16,68,34,3,121,12,2,14,135
04/17/2000,GSN,MP,AWP,WE,Federal Contract Tower,17,10,0,1,28,1,66,30,0,97,18,76,30,1,125,0,0,0,125
04/18/2000,GSN,MP,AWP,WE,Federal Contract Tower,15,10,0,0,25,2,64,28,0,94,17,74,28,0,119,10,0,10,129
04/19/2000,GSN,MP,AWP,WE,Federal Contract Tower,15,10,0,1,26,2,52,25,1,80,17,62,25,2,106,0,0,0,106
04/20/2000,GSN,MP,AWP,WE,Federal Contract Tower,16,10,0,0,26,2,69,10,0,81,18,79,10,0,107,0,0,0,107
04/21/2000,GSN,MP,AWP,WE,Federal Contract Tower,16,9,0,1,26,0,39,16,1,56,16,48,16,2,82,0,0,0,82
04/22/2000,GSN,MP,AWP,WE,Federal Contract Tower,18,11,0,1,30,0,44,35,1,80,18,55,35,2,110,2,0,2,112
04/23/2000,GSN,MP,AWP,WE,Federal Contract Tower,18,10,0,0,28,0,46,25,0,71,18,56,25,0,99,6,0,6,105
04/24/2000,GSN,MP,AWP,WE,Federal Contract Tower,17,9,0,1,27,1,39,30,5,75,18,48,30,6,102,0,0,0,102
04/25/2000,GSN,MP,AWP,WE,Federal Contract Tower,16,9,0,0,25,0,47,17,0,64,16,56,17,0,89,8,0,8,97
04/26/2000,GSN,MP,AWP,WE,Federal Contract Tower,16,9,0,0,25,0,53,15,0,68,16,62,15,0,93,0,0,0,93
04/27/2000,GSN,MP,AWP,WE,Federal Contract Tower,17,9,0,0,26,1,59,13,0,73,18,68,13,0,99,6,0,6,105
04/28/2000,GSN,MP,AWP,WE,Federal Contract Tower,16,9,0,0,25,0,76,22,0,98,16,85,22,0,123,4,0,4,127
04/29/2000,GSN,MP,AWP,WE,Federal Contract Tower,16,11,8,1,36,2,51,17,0,70,18,62,25,1,106,10,0,10,116
04/30/2000,GSN,MP,AWP,WE,Federal Contract Tower,19,11,0,1,31,1,49,36,0,86,20,60,36,1,117,8,0,8,125
05/01/2000,GSN,MP,AWP,WE,Federal Contract Tower,18,11,2,0,31,0,51,26,0,77,18,62,28,0,108,0,0,0,108
05/02/2000,GSN,MP,AWP,WE,Federal Contract Tower,17,12,1,0,30,1,58,35,0,94,18,70,36,0,124,0,0,0,124
05/03/2000,GSN,MP,AWP,WE,Federal Contract Tower,17,11,1,0,29,1,62,34,0,97,18,73,35,0,126,6,0,6,132
05/04/2000,GSN,MP,AWP,WE,Federal Contract Tower,17,12,1,0,30,3,60,58,0,121,20,72,59,0,151,0,0,0,151
05/05/2000,GSN,MP,AWP,WE,Federal Contract Tower,20,13,2,0,35,2,93,31,0,126,22,106,33,0,161,4,0,4,165
05/06/2000,GSN,MP,AWP,WE,Federal Contract Tower,20,12,2,0,34,0,98,25,0,123,20,110,27,0,157,0,0,0,157
05/07/2000,GSN,MP,AWP,WE,Federal Contract Tower,17,12,1,0,30,3,58,32,2,95,20,70,33,2,125,0,0,0,125
05/08/2000,GSN,MP,AWP,WE,Federal Contract Tower,24,15,2,0,41,0,47,13,0,60,24,62,15,0,101,2,0,2,103
05/09/2000,GSN,MP,AWP,WE,Federal Contract Tower,16,13,2,0,31,0,43,21,2,66,16,56,23,2,97,0,0,0,97
05/10/2000,GSN,MP,AWP,WE,Federal Contract Tower,16,11,2,0,29,0,49,17,0,66,16,60,19,0,95,0,0,0,95
05/11/2000,GSN,MP,AWP,WE,Federal Contract Tower,15,11,1,0,27,3,69,18,0,90,18,80,19,0,117,0,0,0,117
05/12/2000,GSN,MP,AWP,WE,Federal Contract Tower,18,11,2,0,31,0,67,15,0,82,18,78,17,0,113,0,0,0,113
05/13/2000,GSN,MP,AWP,WE,Federal Contract Tower,17,11,1,0,29,1,61,17,0,79,18,72,18,0,108,3,0,3,111
05/14/2000,GSN,MP,AWP,WE,Federal Contract Tower,16,12,1,0,29,0,24,24,0,48,16,36,25,0,77,4,0,4,81
05/15/2000,GSN,MP,AWP,WE,Federal Contract Tower,17,12,1,0,30,3,46,27,0,76,20,58,28,0,106,2,0,2,108
05/16/2000,GSN,MP,AWP,WE,Federal Contract Tower,16,11,1,0,28,0,47,31,0,78,16,58,32,0,106,0,0,0,106
05/17/2000,GSN,MP,AWP,WE,Federal Contract Tower,16,10,1,0,27,0,62,22,2,86,16,72,23,2,113,2,0,2,115
05/18/2000,GSN,MP,AWP,WE,Federal Contract Tower,18,11,1,1,31,0,53,16,1,70,18,64,17,2,101,0,0,0,101
05/19/2000,GSN,MP,AWP,WE,Federal Contract Tower,18,12,1,0,31,0,78,24,0,102,18,90,25,0,133,0,0,0,133
05/20/2000,GSN,MP,AWP,WE,Federal Contract Tower,18,11,1,0,30,0,76,27,0,103,18,87,28,0,133,0,0,0,133
05/21/2000,GSN,MP,AWP,WE,Federal Contract Tower,16,10,0,0,26,0,42,50,0,92,16,52,50,0,118,2,0,2,120
05/22/2000,GSN,MP,AWP,WE,Federal Contract Tower,19,11,1,0,31,1,53,32,2,88,20,64,33,2,119,2,0,2,121
05/23/2000,GSN,MP,AWP,WE,Federal Contract Tower,16,10,0,0,26,0,52,24,0,76,16,62,24,0,102,2,0,2,104
05/24/2000,GSN,MP,AWP,WE,Federal Contract Tower,16,10,0,0,26,0,52,26,0,78,16,62,26,0,104,0,0,0,104
05/25/2000,GSN,MP,AWP,WE,Federal Contract Tower,18,11,0,0,29,0,55,18,0,73,18,66,18,0,102,0,0,0,102
05/26/2000,GSN,MP,AWP,WE,Federal Contract Tower,18,11,1,0,30,0,63,12,0,75,18,74,13,0,105,0,0,0,105
05/27/2000,GSN,MP,AWP,WE,Federal Contract Tower,18,12,1,0,31,0,60,37,1,98,18,72,38,1,129,12,0,12,141
05/28/2000,GSN,MP,AWP,WE,Federal Contract Tower,18,12,0,0,30,1,34,33,0,68,19,46,33,0,98,0,0,0,98
05/29/2000,GSN,MP,AWP,WE,Federal Contract Tower,21,13,1,0,35,0,29,15,5,49,21,42,16,5,84,0,0,0,84
05/30/2000,GSN,MP,AWP,WE,Federal Contract Tower,16,11,0,0,27,0,39,22,0,61,16,50,22,0,88,8,0,8,96
05/31/2000,GSN,MP,AWP,WE,Federal Contract Tower,16,11,0,0,27,0,43,20,0,63,16,54,20,0,90,4,0,4,94
06/01/2000,GSN,MP,AWP,WE,Federal Contract Tower,15,10,2,0,27,2,52,22,0,76,17,62,24,0,103,0,0,0,103
06/02/2000,GSN,MP,AWP,WE,Federal Contract Tower,18,12,2,0,32,1,62,19,0,82,19,74,21,0,114,0,0,0,114
06/03/2000,GSN,MP,AWP,WE,Federal Contract Tower,21,14,3,0,38,0,44,28,2,74,21,58,31,2,112,8,0,8,120
06/04/2000,GSN,MP,AWP,WE,Federal Contract Tower,18,12,3,0,33,1,32,29,0,62,19,44,32,0,95,5,0,5,100
06/05/2000,GSN,MP,AWP,WE,Federal Contract Tower,21,14,3,0,38,0,59,18,0,77,21,73,21,0,115,4,0,4,119
06/06/2000,GSN,MP,AWP,WE,Federal Contract Tower,15,11,2,0,28,1,52,11,0,64,16,63,13,0,92,0,0,0,92
06/07/2000,GSN,MP,AWP,WE,Federal Contract Tower,15,11,2,0,28,1,65,29,0,95,16,76,31,0,123,4,0,4,127
06/08/2000,GSN,MP,AWP,WE,Federal Contract Tower,18,12,3,0,33,4,46,11,0,61,22,58,14,0,94,0,0,0,94
06/09/2000,GSN,MP,AWP,WE,Federal Contract Tower,19,12,3,0,34,0,53,38,0,91,19,65,41,0,125,0,0,0,125
06/10/2000,GSN,MP,AWP,WE,Federal Contract Tower,18,12,3,0,33,0,38,32,0,70,18,50,35,0,103,14,0,14,117
06/11/2000,GSN,MP,AWP,WE,Federal Contract Tower,15,11,2,0,28,3,41,25,0,69,18,52,27,0,97,17,0,17,114
06/12/2000,GSN,MP,AWP,WE,Federal Contract Tower,19,12,3,0,34,1,47,7,0,55,20,59,10,0,89,26,0,26,115
06/13/2000,GSN,MP,AWP,WE,Federal Contract Tower,16,11,2,0,29,0,53,16,0,69,16,64,18,0,98,12,0,12,110
06/14/2000,GSN,MP,AWP,WE,Federal Contract Tower,16,10,1,0,27,0,40,31,0,71,16,50,32,0,98,2,0,2,100
06/15/2000,GSN,MP,AWP,WE,Federal Contract Tower,18,11,2,0,31,0,57,34,0,91,18,68,36,0,122,0,0,0,122
06/16/2000,GSN,MP,AWP,WE,Federal Contract Tower,18,13,2,0,33,0,54,31,0,85,18,67,33,0,118,0,0,0,118
06/17/2000,GSN,MP,AWP,WE,Federal Contract Tower,17,10,1,0,28,1,52,29,0,82,18,62,30,0,110,20,0,20,130
06/18/2000,GSN,MP,AWP,WE,Federal Contract Tower,16,10,1,1,28,0,32,25,1,58,16,42,26,2,86,20,0,20,106
06/19/2000,GSN,MP,AWP,WE,Federal Contract Tower,18,10,1,0,29,2,52,35,0,89,20,62,36,0,118,0,0,0,118
06/20/2000,GSN,MP,AWP,WE,Federal Contract Tower,16,10,1,0,27,0,48,37,0,85,16,58,38,0,112,0,0,0,112
06/21/2000,GSN,MP,AWP,WE,Federal Contract Tower,16,11,2,0,29,0,53,48,0,101,16,64,50,0,130,8,0,8,138
06/22/2000,GSN,MP,AWP,WE,Federal Contract Tower,17,10,1,0,28,1,46,17,0,64,18,56,18,0,92,2,0,2,94
06/23/2000,GSN,MP,AWP,WE,Federal Contract Tower,15,8,1,0,24,1,63,33,0,97,16,71,34,0,121,2,0,2,123
06/24/2000,GSN,MP,AWP,WE,Federal Contract Tower,20,13,2,0,35,0,43,44,0,87,20,56,46,0,122,8,0,8,130
06/25/2000,GSN,MP,AWP,WE,Federal Contract Tower,16,14,2,0,32,0,50,24,6,80,16,64,26,6,112,0,0,0,112
06/26/2000,GSN,MP,AWP,WE,Federal Contract Tower,20,13,2,0,35,0,41,20,0,61,20,54,22,0,96,2,0,2,98
06/27/2000,GSN,MP,AWP,WE,Federal Contract Tower,15,10,1,0,26,1,38,19,0,58,16,48,20,0,84,0,0,0,84
06/28/2000,GSN,MP,AWP,WE,Federal Contract Tower,15,11,1,0,27,0,47,52,0,99,15,58,53,0,126,6,0,6,132
06/29/2000,GSN,MP,AWP,WE,Federal Contract Tower,18,11,1,0,30,1,56,27,0,84,19,67,28,0,114,10,0,10,124
06/30/2000,GSN,MP,AWP,WE,Federal Contract Tower,18,12,2,0,32,0,59,42,0,101,18,71,44,0,133,0,0,0,133
07/01/2000,GSN,MP,AWP,WE,Federal Contract Tower,17,11,2,0,30,1,52,27,0,80,18,63,29,0,110,10,0,10,120
07/02/2000,GSN,MP,AWP,WE,Federal Contract Tower,15,9,2,0,26,1,29,23,0,53,16,38,25,0,79,0,0,0,79
07/03/2000,GSN,MP,AWP,WE,Federal Contract Tower,18,12,2,1,33,3,46,26,1,76,21,58,28,2,109,8,0,8,117
07/04/2000,GSN,MP,AWP,WE,Federal Contract Tower,15,10,2,0,27,1,28,34,4,67,16,38,36,4,94,26,0,26,120
07/05/2000,GSN,MP,AWP,WE,Federal Contract Tower,16,10,2,1,29,0,40,28,1,69,16,50,30,2,98,4,0,4,102
07/06/2000,GSN,MP,AWP,WE,Federal Contract Tower,16,10,2,0,28,1,54,19,0,74,17,64,21,0,102,2,0,2,104
07/07/2000,GSN,MP,AWP,WE,Federal Contract Tower,19,15,3,1,38,0,42,28,9,79,19,57,31,10,117,0,0,0,117
07/08/2000,GSN,MP,AWP,WE,Federal Contract Tower,16,13,2,1,32,0,37,24,9,70,16,50,26,10,102,0,0,0,102
07/09/2000,GSN,MP,AWP,WE,Federal Contract Tower,15,10,3,0,28,3,36,17,0,56,18,46,20,0,84,0,0,0,84
07/10/2000,GSN,MP,AWP,WE,Federal Contract Tower,16,11,2,0,29,4,43,24,0,71,20,54,26,0,100,0,0,0,100
07/11/2000,GSN,MP,AWP,WE,Federal Contract Tower,15,10,3,0,28,1,46,26,4,77,16,56,29,4,105,4,0,4,109
07/12/2000,GSN,MP,AWP,WE,Federal Contract Tower,16,11,2,1,30,0,41,29,2,72,16,52,31,3,102,0,0,0,102
07/13/2000,GSN,MP,AWP,WE,Federal Contract Tower,20,13,2,1,36,0,46,18,2,66,20,59,20,3,102,0,18,18,120
07/14/2000,GSN,MP,AWP,WE,Federal Contract Tower,17,13,2,1,33,0,47,22,1,70,17,60,24,2,103,0,0,0,103
07/15/2000,GSN,MP,AWP,WE,Federal Contract Tower,17,11,2,0,30,0,63,33,0,96,17,74,35,0,126,0,0,0,126
07/16/2000,GSN,MP,AWP,WE,Federal Contract Tower,17,9,1,0,27,1,55,27,0,83,18,64,28,0,110,0,0,0,110
07/17/2000,GSN,MP,AWP,WE,Federal Contract Tower,18,10,1,0,29,2,45,10,0,57,20,55,11,0,86,0,0,0,86
07/18/2000,GSN,MP,AWP,WE,Federal Contract Tower,18,11,1,0,30,2,43,8,0,53,20,54,9,0,83,0,0,0,83
07/19/2000,GSN,MP,AWP,WE,Federal Contract Tower,15,9,1,0,25,1,51,20,0,72,16,60,21,0,97,2,0,2,99
07/20/2000,GSN,MP,AWP,WE,Federal Contract Tower,18,11,1,0,30,2,60,31,0,93,20,71,32,0,123,12,0,12,135
07/21/2000,GSN,MP,AWP,WE,Federal Contract Tower,20,11,1,0,32,0,76,34,0,110,20,87,35,0,142,6,0,6,148
07/22/2000,GSN,MP,AWP,WE,Federal Contract Tower,18,11,1,0,30,0,51,39,0,90,18,62,40,0,120,4,0,4,124
07/23/2000,GSN,MP,AWP,WE,Federal Contract Tower,18,11,1,0,30,4,51,17,0,72,22,62,18,0,102,2,0,2,104
07/24/2000,GSN,MP,AWP,WE,Federal Contract Tower,21,13,1,2,37,0,51,9,2,62,21,64,10,4,99,7,6,13,112
07/25/2000,GSN,MP,AWP,WE,Federal Contract Tower,19,14,1,1,35,0,39,15,1,55,19,53,16,2,90,8,0,8,98
07/26/2000,GSN,MP,AWP,WE,Federal Contract Tower,16,11,1,0,28,0,37,31,0,68,16,48,32,0,96,2,0,2,98
07/27/2000,GSN,MP,AWP,WE,Federal Contract Tower,18,12,1,1,32,0,48,19,2,69,18,60,20,3,101,2,0,2,103
07/28/2000,GSN,MP,AWP,WE,Federal Contract Tower,18,15,1,1,35,0,53,9,0,62,18,68,10,1,97,18,0,18,115
07/29/2000,GSN,MP,AWP,WE,Federal Contract Tower,18,12,1,0,31,0,46,28,0,74,18,58,29,0,105,2,0,2,107
07/30/2000,GSN,MP,AWP,WE,Federal Contract Tower,18,12,1,1,32,0,34,23,3,60,18,46,24,4,92,0,0,0,92
07/31/2000,GSN,MP,AWP,WE,Federal Contract Tower,20,14,1,0,35,0,47,28,0,75,20,61,29,0,110,3,0,3,113
08/01/2000,GSN,MP,AWP,WE,Federal Contract Tower,16,11,3,0,30,2,56,28,0,86,18,67,31,0,116,13,0,13,129
08/02/2000,GSN,MP,AWP,WE,Federal Contract Tower,16,12,3,0,31,0,51,17,5,73,16,63,20,5,104,10,7,17,121
08/03/2000,GSN,MP,AWP,WE,Federal Contract Tower,16,10,2,0,28,2,63,28,0,93,18,73,30,0,121,18,0,18,139
08/04/2000,GSN,MP,AWP,WE,Federal Contract Tower,18,12,3,0,33,0,66,24,0,90,18,78,27,0,123,6,0,6,129
08/05/2000,GSN,MP,AWP,WE,Federal Contract Tower,18,12,2,0,32,0,72,23,2,97,18,84,25,2,129,28,2,30,159
08/06/2000,GSN,MP,AWP,WE,Federal Contract Tower,14,9,2,0,25,2,47,29,0,78,16,56,31,0,103,17,0,17,120
08/07/2000,GSN,MP,AWP,WE,Federal Contract Tower,22,17,3,0,42,0,46,18,6,70,22,63,21,6,112,11,10,21,133
08/08/2000,GSN,MP,AWP,WE,Federal Contract Tower,18,15,3,0,36,0,33,8,0,41,18,48,11,0,77,10,0,10,87
08/09/2000,GSN,MP,AWP,WE,Federal Contract Tower,16,14,3,0,33,0,41,20,0,61,16,55,23,0,94,4,0,4,98
08/10/2000,GSN,MP,AWP,WE,Federal Contract Tower,16,11,3,0,30,2,4,0,0,6,18,15,3,0,36,0,0,0,36
08/11/2000,GSN,MP,AWP,WE,Federal Contract Tower,19,15,3,0,37,0,74,35,0,109,19,89,38,0,146,6,0,6,152
08/12/2000,GSN,MP,AWP,WE,Federal Contract Tower,19,12,2,0,33,0,57,27,0,84,19,69,29,0,117,12,0,12,129
08/13/2000,GSN,MP,AWP,WE,Federal Contract Tower,16,11,2,0,29,4,49,34,0,87,20,60,36,0,116,6,0,6,122
08/14/2000,GSN,MP,AWP,WE,Federal Contract Tower,17,12,1,0,30,3,44,22,0,69,20,56,23,0,99,0,0,0,99
08/15/2000,GSN,MP,AWP,WE,Federal Contract Tower,18,12,1,0,31,2,52,38,0,92,20,64,39,0,123,4,0,4,127
08/16/2000,GSN,MP,AWP,WE,Federal Contract Tower,15,11,1,0,27,3,53,33,0,89,18,64,34,0,116,0,0,0,116
08/17/2000,GSN,MP,AWP,WE,Federal Contract Tower,20,12,2,0,34,0,50,26,0,76,20,62,28,0,110,2,0,2,112
08/18/2000,GSN,MP,AWP,WE,Federal Contract Tower,18,13,2,0,33,0,35,15,0,50,18,48,17,0,83,4,0,4,87
08/19/2000,GSN,MP,AWP,WE,Federal Contract Tower,20,14,2,1,37,0,60,24,1,85,20,74,26,2,122,0,0,0,122
08/20/2000,GSN,MP,AWP,WE,Federal Contract Tower,17,10,2,0,29,3,56,28,0,87,20,66,30,0,116,0,0,0,116
08/21/2000,GSN,MP,AWP,WE,Federal Contract Tower,19,11,2,0,32,1,63,14,0,78,20,74,16,0,110,0,0,0,110
08/22/2000,GSN,MP,AWP,WE,Federal Contract Tower,16,10,1,0,27,2,44,20,0,66,18,54,21,0,93,4,0,4,97
08/23/2000,GSN,MP,AWP,WE,Federal Contract Tower,17,10,2,0,29,0,50,11,0,61,17,60,13,0,90,0,0,0,90
08/24/2000,GSN,MP,AWP,WE,Federal Contract Tower,20,12,2,0,34,0,44,18,0,62,20,56,20,0,96,2,0,2,98
08/25/2000,GSN,MP,AWP,WE,Federal Contract Tower,18,14,2,1,35,0,72,26,1,99,18,86,28,2,134,0,2,2,136
08/26/2000,GSN,MP,AWP,WE,Federal Contract Tower,17,10,1,0,28,1,61,29,0,91,18,71,30,0,119,14,0,14,133
08/27/2000,GSN,MP,AWP,WE,Federal Contract Tower,17,10,1,0,28,1,50,22,0,73,18,60,23,0,101,6,0,6,107
08/28/2000,GSN,MP,AWP,WE,Federal Contract Tower,22,15,2,0,39,1,85,26,0,112,23,100,28,0,151,2,0,2,153
08/29/2000,GSN,MP,AWP,WE,Federal Contract Tower,17,11,1,0,29,2,41,25,0,68,19,52,26,0,97,8,0,8,105
08/30/2000,GSN,MP,AWP,WE,Federal Contract Tower,16,10,1,0,27,0,50,13,0,63,16,60,14,0,90,0,0,0,90
08/31/2000,GSN,MP,AWP,WE,Federal Contract Tower,17,11,1,0,29,1,49,19,4,73,18,60,20,4,102,2,0,2,104
09/01/2000,GSN,MP,AWP,WE,Federal Contract Tower,19,13,3,0,35,0,49,28,2,79,19,62,31,2,114,0,4,4,118
09/02/2000,GSN,MP,AWP,WE,Federal Contract Tower,17,10,3,0,30,1,50,34,0,85,18,60,37,0,115,0,0,0,115
09/03/2000,GSN,MP,AWP,WE,Federal Contract Tower,16,10,3,0,29,0,50,23,0,73,16,60,26,0,102,12,0,12,114
09/04/2000,GSN,MP,AWP,WE,Federal Contract Tower,17,11,3,0,31,3,45,31,0,79,20,56,34,0,110,2,0,2,112
09/05/2000,GSN,MP,AWP,WE,Federal Contract Tower,15,10,2,0,27,0,59,21,0,80,15,69,23,0,107,0,0,0,107
09/06/2000,GSN,MP,AWP,WE,Federal Contract Tower,11,7,2,0,20,4,37,0,0,41,15,44,2,0,61,0,0,0,61
09/07/2000,GSN,MP,AWP,WE,Federal Contract Tower,15,10,2,0,27,3,16,2,0,21,18,26,4,0,48,0,0,0,48
09/08/2000,GSN,MP,AWP,WE,Federal Contract Tower,18,16,3,0,37,0,50,17,0,67,18,66,20,0,104,2,0,2,106
09/09/2000,GSN,MP,AWP,WE,Federal Contract Tower,17,11,3,0,31,1,59,18,3,81,18,70,21,3,112,0,0,0,112
09/10/2000,GSN,MP,AWP,WE,Federal Contract Tower,15,10,2,0,27,1,65,13,4,83,16,75,15,4,110,8,0,8,118
09/11/2000,GSN,MP,AWP,WE,Federal Contract Tower,17,11,3,0,31,3,73,37,3,116,20,84,40,3,147,10,0,10,157
09/12/2000,GSN,MP,AWP,WE,Federal Contract Tower,15,11,2,0,28,1,59,22,0,82,16,70,24,0,110,0,0,0,110
09/13/2000,GSN,MP,AWP,WE,Federal Contract Tower,16,10,2,0,28,0,54,34,0,88,16,64,36,0,116,0,0,0,116
09/14/2000,GSN,MP,AWP,WE,Federal Contract Tower,18,13,2,0,33,0,67,30,0,97,18,80,32,0,130,8,0,8,138
09/15/2000,GSN,MP,AWP,WE,Federal Contract Tower,20,14,2,0,36,2,71,38,0,111,22,85,40,0,147,26,0,26,173
09/16/2000,GSN,MP,AWP,WE,Federal Contract Tower,17,10,2,0,29,1,58,26,0,85,18,68,28,0,114,6,0,6,120
09/17/2000,GSN,MP,AWP,WE,Federal Contract Tower,18,10,2,0,30,2,49,28,0,79,20,59,30,0,109,26,0,26,135
09/18/2000,GSN,MP,AWP,WE,Federal Contract Tower,21,14,2,0,37,0,57,27,0,84,21,71,29,0,121,4,0,4,125
09/19/2000,GSN,MP,AWP,WE,Federal Contract Tower,19,13,2,0,34,0,53,27,4,84,19,66,29,4,118,10,0,10,128
09/20/2000,GSN,MP,AWP,WE,Federal Contract Tower,16,14,2,0,32,0,56,20,0,76,16,70,22,0,108,11,0,11,119
09/21/2000,GSN,MP,AWP,WE,Federal Contract Tower,18,11,2,0,31,0,71,47,0,118,18,82,49,0,149,22,0,22,171
09/22/2000,GSN,MP,AWP,WE,Federal Contract Tower,18,12,2,0,32,0,100,37,0,137,18,112,39,0,169,4,0,4,173
09/23/2000,GSN,MP,AWP,WE,Federal Contract Tower,18,11,2,0,31,0,55,35,0,90,18,66,37,0,121,4,0,4,125
09/24/2000,GSN,MP,AWP,WE,Federal Contract Tower,16,10,1,0,27,0,45,53,0,98,16,55,54,0,125,4,0,4,129
09/25/2000,GSN,MP,AWP,WE,Federal Contract Tower,19,12,2,0,33,3,44,38,0,85,22,56,40,0,118,4,0,4,122
09/26/2000,GSN,MP,AWP,WE,Federal Contract Tower,16,11,2,0,29,0,47,25,0,72,16,58,27,0,101,35,0,35,136
09/27/2000,GSN,MP,AWP,WE,Federal Contract Tower,18,12,2,0,32,0,50,41,0,91,18,62,43,0,123,4,0,4,127
09/28/2000,GSN,MP,AWP,WE,Federal Contract Tower,18,12,2,0,32,0,44,40,0,84,18,56,42,0,116,10,0,10,126
09/29/2000,GSN,MP,AWP,WE,Federal Contract Tower,18,11,2,0,31,0,61,21,0,82,18,72,23,0,113,4,0,4,117
09/30/2000,GSN,MP,AWP,WE,Federal Contract Tower,18,11,2,0,31,2,55,21,0,78,20,66,23,0,109,0,0,0,109
10/01/2000,GSN,MP,AWP,WE,Federal Contract Tower,16,12,2,0,30,0,34,30,0,64,16,46,32,0,94,0,0,0,94
10/02/2000,GSN,MP,AWP,WE,Federal Contract Tower,19,13,3,0,35,3,37,43,5,88,22,50,46,5,123,8,0,8,131
10/03/2000,GSN,MP,AWP,WE,Federal Contract Tower,15,10,1,0,26,1,52,33,0,86,16,62,34,0,112,20,0,20,132
10/04/2000,GSN,MP,AWP,WE,Federal Contract Tower,15,10,1,0,26,1,52,25,0,78,16,62,26,0,104,20,0,20,124
10/05/2000,GSN,MP,AWP,WE,Federal Contract Tower,17,11,3,0,31,1,41,15,2,59,18,52,18,2,90,16,0,16,106
10/06/2000,GSN,MP,AWP,WE,Federal Contract Tower,18,13,3,0,34,0,63,13,0,76,18,76,16,0,110,0,0,0,110
10/07/2000,GSN,MP,AWP,WE,Federal Contract Tower,18,11,3,0,32,2,51,14,0,67,20,62,17,0,99,4,0,4,103
10/08/2000,GSN,MP,AWP,WE,Federal Contract Tower,16,13,1,0,30,0,59,44,0,103,16,72,45,0,133,10,0,10,143
10/09/2000,GSN,MP,AWP,WE,Federal Contract Tower,21,15,1,0,37,3,51,32,0,86,24,66,33,0,123,2,0,2,125
10/10/2000,GSN,MP,AWP,WE,Federal Contract Tower,14,10,0,0,24,2,47,20,0,69,16,57,20,0,93,0,0,0,93
10/11/2000,GSN,MP,AWP,WE,Federal Contract Tower,16,12,1,0,29,0,46,21,0,67,16,58,22,0,96,0,0,0,96
10/12/2000,GSN,MP,AWP,WE,Federal Contract Tower,18,12,1,0,31,0,51,21,0,72,18,63,22,0,103,0,0,0,103
10/13/2000,GSN,MP,AWP,WE,Federal Contract Tower,16,12,1,0,29,2,82,24,0,108,18,94,25,0,137,8,0,8,145
10/14/2000,GSN,MP,AWP,WE,Federal Contract Tower,20,17,1,2,40,0,39,22,10,71,20,56,23,12,111,12,12,24,135
10/15/2000,GSN,MP,AWP,WE,Federal Contract Tower,14,9,0,0,23,1,33,30,0,64,15,42,30,0,87,22,0,22,109
10/16/2000,GSN,MP,AWP,WE,Federal Contract Tower,20,14,2,0,36,1,50,26,0,77,21,64,28,0,113,18,0,18,131
10/17/2000,GSN,MP,AWP,WE,Federal Contract Tower,16,12,1,0,29,0,50,13,0,63,16,62,14,0,92,8,0,8,100
10/18/2000,GSN,MP,AWP,WE,Federal Contract Tower,15,10,1,0,26,1,66,27,0,94,16,76,28,0,120,0,0,0,120
10/19/2000,GSN,MP,AWP,WE,Federal Contract Tower,18,11,1,0,30,0,49,33,0,82,18,60,34,0,112,0,0,0,112
10/20/2000,GSN,MP,AWP,WE,Federal Contract Tower,17,11,1,0,29,0,74,35,0,109,17,85,36,0,138,14,0,14,152
10/21/2000,GSN,MP,AWP,WE,Federal Contract Tower,19,14,1,1,35,0,50,27,11,88,19,64,28,12,123,12,8,20,143
10/22/2000,GSN,MP,AWP,WE,Federal Contract Tower,14,10,1,1,26,0,42,13,1,56,14,52,14,2,82,0,0,0,82
10/23/2000,GSN,MP,AWP,WE,Federal Contract Tower,21,13,1,1,36,1,69,30,3,103,22,82,31,4,139,4,0,4,143
10/24/2000,GSN,MP,AWP,WE,Federal Contract Tower,15,9,0,0,24,1,54,23,0,78,16,63,23,0,102,16,0,16,118
10/25/2000,GSN,MP,AWP,WE,Federal Contract Tower,16,12,1,0,29,0,52,21,0,73,16,64,22,0,102,10,0,10,112
10/26/2000,GSN,MP,AWP,WE,Federal Contract Tower,16,10,1,0,27,2,59,32,0,93,18,69,33,0,120,16,0,16,136
10/27/2000,GSN,MP,AWP,WE,Federal Contract Tower,17,11,1,0,29,1,87,30,0,118,18,98,31,0,147,2,0,2,149
10/28/2000,GSN,MP,AWP,WE,Federal Contract Tower,18,12,1,0,31,0,64,20,0,84,18,76,21,0,115,14,0,14,129
10/29/2000,GSN,MP,AWP,WE,Federal Contract Tower,16,9,0,0,25,0,79,14,0,93,16,88,14,0,118,0,0,0,118
10/30/2000,GSN,MP,AWP,WE,Federal Contract Tower,19,12,1,0,32,11,51,13,0,75,30,63,14,0,107,0,0,0,107
10/31/2000,GSN,MP,AWP,WE,Federal Contract Tower,16,12,1,0,29,0,46,17,0,63,16,58,18,0,92,0,0,0,92
11/01/2000,GSN,MP,AWP,WE,Federal Contract Tower,17,13,1,0,31,0,38,16,0,54,17,51,17,0,85,0,0,0,85
11/02/2000,GSN,MP,AWP,WE,Federal Contract Tower,18,11,2,0,31,0,47,23,0,70,18,58,25,0,101,0,0,0,101
11/03/2000,GSN,MP,AWP,WE,Federal Contract Tower,21,14,2,0,37,0,32,8,0,40,21,46,10,0,77,2,0,2,79
11/04/2000,GSN,MP,AWP,WE,Federal Contract Tower,15,10,2,0,27,3,55,29,0,87,18,65,31,0,114,6,0,6,120
11/05/2000,GSN,MP,AWP,WE,Federal Contract Tower,17,10,2,0,29,1,36,39,0,76,18,46,41,0,105,2,0,2,107
11/06/2000,GSN,MP,AWP,WE,Federal Contract Tower,18,12,2,0,32,2,54,24,0,80,20,66,26,0,112,0,0,0,112
11/07/2000,GSN,MP,AWP,WE,Federal Contract Tower,15,10,2,0,27,1,48,20,0,69,16,58,22,0,96,4,0,4,100
11/08/2000,GSN,MP,AWP,WE,Federal Contract Tower,16,10,2,0,28,0,51,27,0,78,16,61,29,0,106,0,0,0,106
11/09/2000,GSN,MP,AWP,WE,Federal Contract Tower,17,10,1,0,28,1,59,27,0,87,18,69,28,0,115,8,0,8,123
11/10/2000,GSN,MP,AWP,WE,Federal Contract Tower,18,11,1,1,31,0,41,35,1,77,18,52,36,2,108,22,0,22,130
11/11/2000,GSN,MP,AWP,WE,Federal Contract Tower,17,10,1,0,28,1,49,22,0,72,18,59,23,0,100,26,0,26,126
11/12/2000,GSN,MP,AWP,WE,Federal Contract Tower,16,12,1,0,29,0,47,31,0,78,16,59,32,0,107,10,0,10,117
11/13/2000,GSN,MP,AWP,WE,Federal Contract Tower,18,11,1,0,30,2,45,43,0,90,20,56,44,0,120,8,0,8,128
11/14/2000,GSN,MP,AWP,WE,Federal Contract Tower,16,10,1,0,27,0,51,14,0,65,16,61,15,0,92,2,0,2,94
11/15/2000,GSN,MP,AWP,WE,Federal Contract Tower,15,10,1,0,26,1,50,25,0,76,16,60,26,0,102,0,0,0,102
11/16/2000,GSN,MP,AWP,WE,Federal Contract Tower,17,11,1,0,29,1,51,31,0,83,18,62,32,0,112,0,0,0,112
11/17/2000,GSN,MP,AWP,WE,Federal Contract Tower,16,9,1,0,26,2,71,32,0,105,18,80,33,0,131,0,0,0,131
11/18/2000,GSN,MP,AWP,WE,Federal Contract Tower,18,13,1,0,32,0,60,35,0,95,18,73,36,0,127,10,6,16,143
11/19/2000,GSN,MP,AWP,WE,Federal Contract Tower,15,9,1,0,25,1,50,24,0,75,16,59,25,0,100,0,0,0,100
11/20/2000,GSN,MP,AWP,WE,Federal Contract Tower,18,11,1,0,30,2,51,41,0,94,20,62,42,0,124,0,0,0,124
11/21/2000,GSN,MP,AWP,WE,Federal Contract Tower,16,12,1,0,29,0,50,29,0,79,16,62,30,0,108,0,0,0,108
11/22/2000,GSN,MP,AWP,WE,Federal Contract Tower,16,10,1,0,27,0,56,28,0,84,16,66,29,0,111,2,0,2,113
11/23/2000,GSN,MP,AWP,WE,Federal Contract Tower,19,12,1,0,32,3,40,25,0,68,22,52,26,0,100,0,0,0,100
11/24/2000,GSN,MP,AWP,WE,Federal Contract Tower,16,10,1,0,27,2,70,22,0,94,18,80,23,0,121,0,0,0,121
11/25/2000,GSN,MP,AWP,WE,Federal Contract Tower,18,11,1,0,30,0,50,27,0,77,18,61,28,0,107,4,0,4,111
11/26/2000,GSN,MP,AWP,WE,Federal Contract Tower,20,13,1,0,34,0,45,37,0,82,20,58,38,0,116,8,0,8,124
11/27/2000,GSN,MP,AWP,WE,Federal Contract Tower,20,12,1,0,33,0,54,35,0,89,20,66,36,0,122,0,0,0,122
11/28/2000,GSN,MP,AWP,WE,Federal Contract Tower,16,9,1,0,26,0,61,19,0,80,16,70,20,0,106,0,0,0,106
11/29/2000,GSN,MP,AWP,WE,Federal Contract Tower,16,10,1,0,27,0,52,22,0,74,16,62,23,0,101,16,0,16,117
11/30/2000,GSN,MP,AWP,WE,Federal Contract Tower,18,10,1,0,29,0,64,18,0,82,18,74,19,0,111,20,0,20,131
12/01/2000,GSN,MP,AWP,WE,Federal Contract Tower,17,12,1,0,30,1,52,7,0,60,18,64,8,0,90,4,0,4,94
12/02/2000,GSN,MP,AWP,WE,Federal Contract Tower,18,14,2,0,34,0,44,12,8,64,18,58,14,8,98,6,0,6,104
12/03/2000,GSN,MP,AWP,WE,Federal Contract Tower,16,11,1,0,28,0,45,19,0,64,16,56,20,0,92,0,0,0,92
12/04/2000,GSN,MP,AWP,WE,Federal Contract Tower,18,12,3,0,33,2,54,28,0,84,20,66,31,0,117,0,0,0,117
12/05/2000,GSN,MP,AWP,WE,Federal Contract Tower,14,9,1,0,24,0,47,19,2,68,14,56,20,2,92,0,0,0,92
12/06/2000,GSN,MP,AWP,WE,Federal Contract Tower,16,11,3,0,30,0,47,21,8,76,16,58,24,8,106,0,0,0,106
12/07/2000,GSN,MP,AWP,WE,Federal Contract Tower,16,13,2,0,31,0,65,31,2,98,16,78,33,2,129,10,2,12,141
12/08/2000,GSN,MP,AWP,WE,Federal Contract Tower,15,11,1,0,27,3,40,17,0,60,18,51,18,0,87,2,0,2,89
12/09/2000,GSN,MP,AWP,WE,Federal Contract Tower,17,12,1,1,31,1,34,28,1,64,18,46,29,2,95,2,0,2,97
12/10/2000,GSN,MP,AWP,WE,Federal Contract Tower,16,11,0,0,27,0,49,14,0,63,16,60,14,0,90,0,0,0,90
12/11/2000,GSN,MP,AWP,WE,Federal Contract Tower,18,13,1,0,32,4,49,13,0,66,22,62,14,0,98,0,0,0,98
12/12/2000,GSN,MP,AWP,WE,Federal Contract Tower,13,9,0,0,22,1,67,34,0,102,14,76,34,0,124,2,0,2,126
12/13/2000,GSN,MP,AWP,WE,Federal Contract Tower,16,11,0,0,27,0,65,28,0,93,16,76,28,0,120,0,0,0,120
12/14/2000,GSN,MP,AWP,WE,Federal Contract Tower,18,12,1,0,31,2,74,34,0,110,20,86,35,0,141,12,0,12,153
12/15/2000,GSN,MP,AWP,WE,Federal Contract Tower,18,13,1,0,32,0,94,22,0,116,18,107,23,0,148,20,0,20,168
12/16/2000,GSN,MP,AWP,WE,Federal Contract Tower,18,13,1,0,32,2,67,25,0,94,20,80,26,0,126,0,0,0,126
12/17/2000,GSN,MP,AWP,WE,Federal Contract Tower,14,13,1,0,28,0,38,3,0,41,14,51,4,0,69,0,2,2,71
12/18/2000,GSN,MP,AWP,WE,Federal Contract Tower,20,14,1,0,35,2,53,13,0,68,22,67,14,0,103,0,0,0,103
12/19/2000,GSN,MP,AWP,WE,Federal Contract Tower,16,11,1,0,28,0,49,17,0,66,16,60,18,0,94,0,0,0,94
12/20/2000,GSN,MP,AWP,WE,Federal Contract Tower,16,10,0,0,26,0,64,26,0,90,16,74,26,0,116,0,0,0,116
12/21/2000,GSN,MP,AWP,WE,Federal Contract Tower,19,11,1,0,31,1,63,13,0,77,20,74,14,0,108,0,0,0,108
12/22/2000,GSN,MP,AWP,WE,Federal Contract Tower,18,11,1,0,30,0,65,13,0,78,18,76,14,0,108,0,0,0,108
12/23/2000,GSN,MP,AWP,WE,Federal Contract Tower,21,12,1,0,34,3,56,18,0,77,24,68,19,0,111,2,0,2,113
12/24/2000,GSN,MP,AWP,WE,Federal Contract Tower,18,11,1,0,30,0,47,20,0,67,18,58,21,0,97,0,0,0,97
12/25/2000,GSN,MP,AWP,WE,Federal Contract Tower,21,12,1,0,34,3,38,5,0,46,24,50,6,0,80,0,0,0,80
12/26/2000,GSN,MP,AWP,WE,Federal Contract Tower,15,9,0,0,24,1,47,18,0,66,16,56,18,0,90,0,0,0,90
12/27/2000,GSN,MP,AWP,WE,Federal Contract Tower,16,13,1,1,31,0,63,21,1,85,16,76,22,2,116,0,12,12,128
12/28/2000,GSN,MP,AWP,WE,Federal Contract Tower,20,15,1,0,36,0,29,9,0,38,20,44,10,0,74,0,0,0,74
12/29/2000,GSN,MP,AWP,WE,Federal Contract Tower,19,12,1,0,32,1,73,31,0,105,20,85,32,0,137,6,0,6,143
12/30/2000,GSN,MP,AWP,WE,Federal Contract Tower,25,15,1,0,41,1,56,31,0,88,26,71,32,0,129,6,0,6,135
12/31/2000,GSN,MP,AWP,WE,Federal Contract Tower,20,13,1,0,34,0,63,25,0,88,20,76,26,0,122,4,0,4,126
01/01/2001,GSN,MP,AWP,WE,Federal Contract Tower,24,14,1,0,39,2,60,31,0,93,26,74,32,0,132,2,0,2,134
01/02/2001,GSN,MP,AWP,WE,Federal Contract Tower,21,11,1,0,33,1,55,29,0,85,22,66,30,0,118,0,0,0,118
01/03/2001,GSN,MP,AWP,WE,Federal Contract Tower,20,10,1,0,31,0,60,41,0,101,20,70,42,0,132,14,0,14,146
01/04/2001,GSN,MP,AWP,WE,Federal Contract Tower,25,13,1,0,39,1,49,43,0,93,26,62,44,0,132,24,0,24,156
01/05/2001,GSN,MP,AWP,WE,Federal Contract Tower,18,11,1,0,30,2,61,46,0,109,20,72,47,0,139,2,0,2,141
01/06/2001,GSN,MP,AWP,WE,Federal Contract Tower,22,14,1,0,37,0,29,7,0,36,22,43,8,0,73,0,0,0,73
01/07/2001,GSN,MP,AWP,WE,Federal Contract Tower,20,14,1,0,35,0,16,13,4,33,20,30,14,4,68,0,0,0,68
01/08/2001,GSN,MP,AWP,WE,Federal Contract Tower,20,12,1,0,33,2,54,9,0,65,22,66,10,0,98,0,0,0,98
01/09/2001,GSN,MP,AWP,WE,Federal Contract Tower,16,11,1,0,28,0,33,9,6,48,16,44,10,6,76,0,0,0,76
01/10/2001,GSN,MP,AWP,WE,Federal Contract Tower,16,10,1,0,27,0,64,11,0,75,16,74,12,0,102,0,0,0,102
01/11/2001,GSN,MP,AWP,WE,Federal Contract Tower,18,12,1,0,31,2,50,13,0,65,20,62,14,0,96,4,0,4,100
01/12/2001,GSN,MP,AWP,WE,Federal Contract Tower,15,9,1,0,25,3,79,20,0,102,18,88,21,0,127,0,2,2,129
01/13/2001,GSN,MP,AWP,WE,Federal Contract Tower,18,12,1,0,31,0,50,16,3,69,18,62,17,3,100,0,0,0,100
01/14/2001,GSN,MP,AWP,WE,Federal Contract Tower,16,10,1,0,27,1,38,21,5,65,17,48,22,5,92,6,0,6,98
01/15/2001,GSN,MP,AWP,WE,Federal Contract Tower,19,12,1,0,32,2,54,17,0,73,21,66,18,0,105,0,0,0,105
01/16/2001,GSN,MP,AWP,WE,Federal Contract Tower,15,10,1,0,26,1,48,19,0,68,16,58,20,0,94,0,0,0,94
01/17/2001,GSN,MP,AWP,WE,Federal Contract Tower,16,10,1,0,27,0,62,12,0,74,16,72,13,0,101,0,0,0,101
01/18/2001,GSN,MP,AWP,WE,Federal Contract Tower,19,14,1,0,34,0,70,29,0,99,19,84,30,0,133,0,0,0,133
01/19/2001,GSN,MP,AWP,WE,Federal Contract Tower,19,13,1,0,33,0,65,22,0,87,19,78,23,0,120,2,0,2,122
01/20/2001,GSN,MP,AWP,WE,Federal Contract Tower,18,10,1,0,29,0,49,27,2,78,18,59,28,2,107,4,0,4,111
01/21/2001,GSN,MP,AWP,WE,Federal Contract Tower,16,9,1,0,26,0,47,29,0,76,16,56,30,0,102,6,0,6,108
01/22/2001,GSN,MP,AWP,WE,Federal Contract Tower,19,11,1,0,31,1,45,32,0,78,20,56,33,0,109,0,0,0,109
01/23/2001,GSN,MP,AWP,WE,Federal Contract Tower,16,9,1,0,26,0,61,28,0,89,16,70,29,0,115,0,0,0,115
01/24/2001,GSN,MP,AWP,WE,Federal Contract Tower,16,10,0,0,26,0,61,21,0,82,16,71,21,0,108,16,0,16,124
01/25/2001,GSN,MP,AWP,WE,Federal Contract Tower,18,11,0,0,29,0,63,41,0,104,18,74,41,0,133,8,0,8,141
01/26/2001,GSN,MP,AWP,WE,Federal Contract Tower,18,11,0,0,29,0,76,37,0,113,18,87,37,0,142,4,0,4,146
01/27/2001,GSN,MP,AWP,WE,Federal Contract Tower,18,10,0,0,28,0,70,48,0,118,18,80,48,0,146,4,0,4,150
01/28/2001,GSN,MP,AWP,WE,Federal Contract Tower,16,10,0,0,26,0,52,28,0,80,16,62,28,0,106,16,0,16,122
01/29/2001,GSN,MP,AWP,WE,Federal Contract Tower,18,10,0,0,28,2,51,17,0,70,20,61,17,0,98,0,0,0,98
01/30/2001,GSN,MP,AWP,WE,Federal Contract Tower,16,10,0,1,27,0,62,31,1,94,16,72,31,2,121,0,0,0,121
01/31/2001,GSN,MP,AWP,WE,Federal Contract Tower,16,9,0,1,26,0,53,13,13,79,16,62,13,14,105,0,0,0,105
02/01/2001,GSN,MP,AWP,WE,Federal Contract Tower,18,10,2,0,30,0,62,45,0,107,18,72,47,0,137,10,0,10,147
02/02/2001,GSN,MP,AWP,WE,Federal Contract Tower,17,9,2,0,28,0,71,25,0,96,17,80,27,0,124,2,0,2,126
02/03/2001,GSN,MP,AWP,WE,Federal Contract Tower,16,10,2,0,28,3,54,14,0,71,19,64,16,0,99,2,0,2,101
02/04/2001,GSN,MP,AWP,WE,Federal Contract Tower,16,9,2,0,27,2,37,19,0,58,18,46,21,0,85,0,0,0,85
02/05/2001,GSN,MP,AWP,WE,Federal Contract Tower,17,14,3,0,34,0,40,26,3,69,17,54,29,3,103,22,2,24,127
02/06/2001,GSN,MP,AWP,WE,Federal Contract Tower,17,10,2,0,29,3,42,21,7,73,20,52,23,7,102,0,0,0,102
02/07/2001,GSN,MP,AWP,WE,Federal Contract Tower,17,11,2,0,30,0,51,35,3,89,17,62,37,3,119,6,0,6,125
02/08/2001,GSN,MP,AWP,WE,Federal Contract Tower,19,11,2,0,32,1,51,17,4,73,20,62,19,4,105,12,0,12,117
02/09/2001,GSN,MP,AWP,WE,Federal Contract Tower,20,12,2,0,34,0,74,13,0,87,20,86,15,0,121,0,0,0,121
02/10/2001,GSN,MP,AWP,WE,Federal Contract Tower,23,13,3,0,39,1,77,7,0,85,24,90,10,0,124,0,0,0,124
02/11/2001,GSN,MP,AWP,WE,Federal Contract Tower,18,11,2,0,31,0,55,23,0,78,18,66,25,0,109,2,0,2,111
02/12/2001,GSN,MP,AWP,WE,Federal Contract Tower,20,12,1,0,33,2,58,22,0,82,22,70,23,0,115,0,0,0,115
02/13/2001,GSN,MP,AWP,WE,Federal Contract Tower,17,10,1,0,28,1,52,10,0,63,18,62,11,0,91,0,0,0,91
02/14/2001,GSN,MP,AWP,WE,Federal Contract Tower,16,9,1,0,26,0,56,31,0,87,16,65,32,0,113,0,0,0,113
02/15/2001,GSN,MP,AWP,WE,Federal Contract Tower,17,9,1,0,27,1,59,30,0,90,18,68,31,0,117,24,0,24,141
02/16/2001,GSN,MP,AWP,WE,Federal Contract Tower,16,8,1,0,25,0,56,22,0,78,16,64,23,0,103,14,0,14,117
02/17/2001,GSN,MP,AWP,WE,Federal Contract Tower,22,11,2,1,36,0,54,37,11,102,22,65,39,12,138,18,0,18,156
02/18/2001,GSN,MP,AWP,WE,Federal Contract Tower,18,9,1,0,28,0,47,33,0,80,18,56,34,0,108,0,0,0,108
02/19/2001,GSN,MP,AWP,WE,Federal Contract Tower,21,11,1,0,33,1,43,30,0,74,22,54,31,0,107,4,0,4,111
02/20/2001,GSN,MP,AWP,WE,Federal Contract Tower,17,9,1,0,27,1,53,39,0,93,18,62,40,0,120,2,0,2,122
02/21/2001,GSN,MP,AWP,WE,Federal Contract Tower,15,7,1,0,23,1,59,17,0,77,16,66,18,0,100,0,0,0,100
02/22/2001,GSN,MP,AWP,WE,Federal Contract Tower,20,10,1,0,31,0,72,25,0,97,20,82,26,0,128,4,0,4,132
02/23/2001,GSN,MP,AWP,WE,Federal Contract Tower,18,12,1,1,32,0,71,37,0,108,18,83,38,1,140,0,0,0,140
02/24/2001,GSN,MP,AWP,WE,Federal Contract Tower,20,11,1,0,32,0,65,26,0,91,20,76,27,0,123,0,0,0,123
02/25/2001,GSN,MP,AWP,WE,Federal Contract Tower,18,10,1,0,29,0,52,39,3,94,18,62,40,3,123,0,0,0,123
02/26/2001,GSN,MP,AWP,WE,Federal Contract Tower,21,12,1,0,34,0,52,23,0,75,21,64,24,0,109,0,0,0,109
02/27/2001,GSN,MP,AWP,WE,Federal Contract Tower,18,10,1,0,29,1,61,32,2,96,19,71,33,2,125,4,0,4,129
02/28/2001,GSN,MP,AWP,WE,Federal Contract Tower,17,10,1,0,28,0,60,18,8,86,17,70,19,8,114,16,0,16,130
03/01/2001,GSN,MP,AWP,WE,Federal Contract Tower,20,11,2,1,34,3,59,36,22,120,23,70,38,23,154,4,0,4,158
03/02/2001,GSN,MP,AWP,WE,Federal Contract Tower,17,9,2,1,29,1,66,55,3,125,18,75,57,4,154,22,0,22,176
03/03/2001,GSN,MP,AWP,WE,Federal Contract Tower,22,13,2,1,38,1,44,26,6,77,23,57,28,7,115,6,0,6,121
03/04/2001,GSN,MP,AWP,WE,Federal Contract Tower,17,11,2,1,31,0,43,36,1,80,17,54,38,2,111,6,0,6,117
03/05/2001,GSN,MP,AWP,WE,Federal Contract Tower,20,13,3,1,37,0,55,27,5,87,20,68,30,6,124,17,0,17,141
03/06/2001,GSN,MP,AWP,WE,Federal Contract Tower,16,9,2,0,27,2,51,28,0,81,18,60,30,0,108,26,0,26,134
03/07/2001,GSN,MP,AWP,WE,Federal Contract Tower,15,9,1,0,25,1,51,24,0,76,16,60,25,0,101,27,0,27,128
03/08/2001,GSN,MP,AWP,WE,Federal Contract Tower,19,10,1,0,30,1,58,30,0,89,20,68,31,0,119,2,0,2,121
03/09/2001,GSN,MP,AWP,WE,Federal Contract Tower,16,9,2,0,27,2,61,16,0,79,18,70,18,0,106,20,0,20,126
03/10/2001,GSN,MP,AWP,WE,Federal Contract Tower,18,11,1,2,32,0,62,32,0,94,18,73,33,2,126,12,0,12,138
03/11/2001,GSN,MP,AWP,WE,Federal Contract Tower,18,9,1,0,28,0,51,18,0,69,18,60,19,0,97,30,0,30,127
03/12/2001,GSN,MP,AWP,WE,Federal Contract Tower,18,8,1,0,27,0,58,15,0,73,18,66,16,0,100,2,0,2,102
03/13/2001,GSN,MP,AWP,WE,Federal Contract Tower,18,8,1,0,27,0,62,23,0,85,18,70,24,0,112,2,0,2,114
03/14/2001,GSN,MP,AWP,WE,Federal Contract Tower,16,8,1,0,25,0,56,25,0,81,16,64,26,0,106,20,0,20,126
03/15/2001,GSN,MP,AWP,WE,Federal Contract Tower,18,9,1,2,30,0,47,29,0,76,18,56,30,2,106,28,4,32,138
03/16/2001,GSN,MP,AWP,WE,Federal Contract Tower,17,8,1,0,26,1,58,11,0,70,18,66,12,0,96,18,0,18,114
03/17/2001,GSN,MP,AWP,WE,Federal Contract Tower,22,12,2,2,38,0,52,12,0,64,22,64,14,2,102,0,20,20,122
03/18/2001,GSN,MP,AWP,WE,Federal Contract Tower,17,8,1,0,26,1,50,25,0,76,18,58,26,0,102,0,0,0,102
03/19/2001,GSN,MP,AWP,WE,Federal Contract Tower,20,10,1,2,33,0,46,33,6,85,20,56,34,8,118,0,0,0,118
03/20/2001,GSN,MP,AWP,WE,Federal Contract Tower,22,13,1,1,37,0,49,19,5,73,22,62,20,6,110,0,0,0,110
03/21/2001,GSN,MP,AWP,WE,Federal Contract Tower,16,9,1,0,26,0,59,8,0,67,16,68,9,0,93,0,0,0,93
03/22/2001,GSN,MP,AWP,WE,Federal Contract Tower,19,10,1,0,30,2,59,13,0,74,21,69,14,0,104,14,0,14,118
03/23/2001,GSN,MP,AWP,WE,Federal Contract Tower,18,9,1,0,28,0,57,9,0,66,18,66,10,0,94,10,0,10,104
03/24/2001,GSN,MP,AWP,WE,Federal Contract Tower,22,12,1,0,35,0,68,27,0,95,22,80,28,0,130,8,0,8,138
03/25/2001,GSN,MP,AWP,WE,Federal Contract Tower,18,9,1,0,28,0,45,28,0,73,18,54,29,0,101,0,0,0,101
03/26/2001,GSN,MP,AWP,WE,Federal Contract Tower,16,9,1,0,26,2,51,13,0,66,18,60,14,0,92,0,0,0,92
03/27/2001,GSN,MP,AWP,WE,Federal Contract Tower,17,9,2,0,28,1,43,16,0,60,18,52,18,0,88,22,0,22,110
03/28/2001,GSN,MP,AWP,WE,Federal Contract Tower,16,9,1,1,27,0,63,11,5,79,16,72,12,6,106,2,10,12,118
03/29/2001,GSN,MP,AWP,WE,Federal Contract Tower,16,9,2,0,27,0,55,14,2,71,16,64,16,2,98,0,0,0,98
03/30/2001,GSN,MP,AWP,WE,Federal Contract Tower,16,9,1,0,26,0,61,23,0,84,16,70,24,0,110,0,0,0,110
03/31/2001,GSN,MP,AWP,WE,Federal Contract Tower,20,11,1,1,33,2,48,11,3,64,22,59,12,4,97,0,2,2,99
04/01/2001,GSN,MP,AWP,WE,Federal Contract Tower,14,9,2,0,25,2,37,24,0,63,16,46,26,0,88,0,0,0,88
04/02/2001,GSN,MP,AWP,WE,Federal Contract Tower,15,10,2,1,28,3,60,20,1,84,18,70,22,2,112,0,0,0,112
04/03/2001,GSN,MP,AWP,WE,Federal Contract Tower,14,9,2,1,26,2,43,10,1,56,16,52,12,2,82,14,0,14,96
04/04/2001,GSN,MP,AWP,WE,Federal Contract Tower,16,12,3,1,32,0,50,11,9,70,16,62,14,10,102,2,0,2,104
04/05/2001,GSN,MP,AWP,WE,Federal Contract Tower,16,11,2,1,30,0,63,1,5,69,16,74,3,6,99,0,0,0,99
04/06/2001,GSN,MP,AWP,WE,Federal Contract Tower,16,10,2,0,28,0,68,16,0,84,16,78,18,0,112,0,0,0,112
04/07/2001,GSN,MP,AWP,WE,Federal Contract Tower,15,9,2,1,27,1,61,11,3,76,16,70,13,4,103,0,0,0,103
04/08/2001,GSN,MP,AWP,WE,Federal Contract Tower,17,10,2,0,29,1,44,19,0,64,18,54,21,0,93,8,0,8,101
04/09/2001,GSN,MP,AWP,WE,Federal Contract Tower,14,9,2,0,25,2,51,14,0,67,16,60,16,0,92,6,0,6,98
04/10/2001,GSN,MP,AWP,WE,Federal Contract Tower,14,9,2,0,25,2,67,13,0,82,16,76,15,0,107,2,0,2,109
04/11/2001,GSN,MP,AWP,WE,Federal Contract Tower,14,9,2,0,25,2,55,10,0,67,16,64,12,0,92,0,0,0,92
04/12/2001,GSN,MP,AWP,WE,Federal Contract Tower,13,8,3,0,24,3,60,23,0,86,16,68,26,0,110,2,0,2,112
04/13/2001,GSN,MP,AWP,WE,Federal Contract Tower,13,8,3,0,24,3,50,16,0,69,16,58,19,0,93,0,0,0,93
04/14/2001,GSN,MP,AWP,WE,Federal Contract Tower,15,9,2,0,26,3,47,16,0,66,18,56,18,0,92,16,0,16,108
04/15/2001,GSN,MP,AWP,WE,Federal Contract Tower,16,9,2,0,27,2,42,33,0,77,18,51,35,0,104,2,0,2,106
04/16/2001,GSN,MP,AWP,WE,Federal Contract Tower,15,8,1,0,24,1,52,19,0,72,16,60,20,0,96,6,0,6,102
04/17/2001,GSN,MP,AWP,WE,Federal Contract Tower,16,9,1,0,26,0,51,17,0,68,16,60,18,0,94,0,0,0,94
04/18/2001,GSN,MP,AWP,WE,Federal Contract Tower,15,8,1,0,24,1,62,21,0,84,16,70,22,0,108,10,0,10,118
04/19/2001,GSN,MP,AWP,WE,Federal Contract Tower,16,9,1,2,28,0,53,26,11,90,16,62,27,13,118,7,0,7,125
04/20/2001,GSN,MP,AWP,WE,Federal Contract Tower,16,11,2,2,31,0,61,37,6,104,16,72,39,8,135,36,0,36,171
04/21/2001,GSN,MP,AWP,WE,Federal Contract Tower,18,10,2,2,32,0,51,27,0,78,18,61,29,2,110,32,0,32,142
04/22/2001,GSN,MP,AWP,WE,Federal Contract Tower,16,9,1,0,26,0,37,41,0,78,16,46,42,0,104,18,0,18,122
04/23/2001,GSN,MP,AWP,WE,Federal Contract Tower,16,11,2,2,31,0,53,42,0,95,16,64,44,2,126,24,0,24,150
04/24/2001,GSN,MP,AWP,WE,Federal Contract Tower,16,11,2,1,30,0,71,33,3,107,16,82,35,4,137,0,0,0,137
04/25/2001,GSN,MP,AWP,WE,Federal Contract Tower,16,10,1,1,28,0,44,34,3,81,16,54,35,4,109,0,0,0,109
04/26/2001,GSN,MP,AWP,WE,Federal Contract Tower,16,9,1,1,27,0,55,17,5,77,16,64,18,6,104,4,0,4,108
04/27/2001,GSN,MP,AWP,WE,Federal Contract Tower,15,9,1,0,25,1,60,25,0,86,16,69,26,0,111,12,0,12,123
04/28/2001,GSN,MP,AWP,WE,Federal Contract Tower,17,10,1,0,28,1,54,21,0,76,18,64,22,0,104,10,0,10,114
04/29/2001,GSN,MP,AWP,WE,Federal Contract Tower,18,14,2,1,35,0,40,30,25,95,18,54,32,26,130,26,0,26,156
04/30/2001,GSN,MP,AWP,WE,Federal Contract Tower,20,11,2,1,34,0,57,17,7,81,20,68,19,8,115,12,0,12,127
05/01/2001,GSN,MP,AWP,WE,Federal Contract Tower,16,9,2,0,27,0,63,30,0,93,16,72,32,0,120,14,0,14,134
05/02/2001,GSN,MP,AWP,WE,Federal Contract Tower,19,9,2,0,30,1,59,18,0,78,20,68,20,0,108,4,0,4,112
05/03/2001,GSN,MP,AWP,WE,Federal Contract Tower,20,10,2,0,32,0,69,20,2,91,20,79,22,2,123,2,0,2,125
05/04/2001,GSN,MP,AWP,WE,Federal Contract Tower,16,8,3,0,27,4,85,30,0,119,20,93,33,0,146,34,0,34,180
05/05/2001,GSN,MP,AWP,WE,Federal Contract Tower,18,9,4,0,31,0,61,24,4,89,18,70,28,4,120,18,0,18,138
05/06/2001,GSN,MP,AWP,WE,Federal Contract Tower,20,12,1,1,34,0,72,16,13,101,20,84,17,14,135,0,0,0,135
05/07/2001,GSN,MP,AWP,WE,Federal Contract Tower,15,9,1,0,25,1,55,13,0,69,16,64,14,0,94,16,0,16,110
05/08/2001,GSN,MP,AWP,WE,Federal Contract Tower,18,10,2,0,30,0,50,29,0,79,18,60,31,0,109,6,0,6,115
05/09/2001,GSN,MP,AWP,WE,Federal Contract Tower,17,10,1,0,28,1,45,28,0,74,18,55,29,0,102,4,0,4,106
05/10/2001,GSN,MP,AWP,WE,Federal Contract Tower,14,8,1,0,23,2,58,30,0,90,16,66,31,0,113,0,0,0,113
05/11/2001,GSN,MP,AWP,WE,Federal Contract Tower,16,9,1,0,26,0,63,18,0,81,16,72,19,0,107,16,0,16,123
05/12/2001,GSN,MP,AWP,WE,Federal Contract Tower,16,9,1,0,26,0,54,27,0,81,16,63,28,0,107,0,0,0,107
05/13/2001,GSN,MP,AWP,WE,Federal Contract Tower,15,9,1,0,25,1,45,34,0,80,16,54,35,0,105,4,0,4,109
05/14/2001,GSN,MP,AWP,WE,Federal Contract Tower,15,8,1,0,24,1,56,17,0,74,16,64,18,0,98,2,0,2,100
05/15/2001,GSN,MP,AWP,WE,Federal Contract Tower,15,8,1,0,24,1,56,7,0,64,16,64,8,0,88,22,0,22,110
05/16/2001,GSN,MP,AWP,WE,Federal Contract Tower,14,8,1,0,23,2,71,23,0,96,16,79,24,0,119,0,0,0,119
05/17/2001,GSN,MP,AWP,WE,Federal Contract Tower,14,8,1,1,24,2,60,9,5,76,16,68,10,6,100,0,0,0,100
05/18/2001,GSN,MP,AWP,WE,Federal Contract Tower,16,10,1,0,27,0,67,10,0,77,16,77,11,0,104,0,0,0,104
05/19/2001,GSN,MP,AWP,WE,Federal Contract Tower,15,6,1,1,23,1,66,6,1,74,16,72,7,2,97,10,0,10,107
05/20/2001,GSN,MP,AWP,WE,Federal Contract Tower,15,7,1,0,23,1,39,3,0,43,16,46,4,0,66,0,0,0,66
05/21/2001,GSN,MP,AWP,WE,Federal Contract Tower,16,8,1,0,25,0,44,21,0,65,16,52,22,0,90,0,0,0,90
05/22/2001,GSN,MP,AWP,WE,Federal Contract Tower,18,8,1,0,27,0,58,23,0,81,18,66,24,0,108,12,0,12,120
05/23/2001,GSN,MP,AWP,WE,Federal Contract Tower,15,7,1,0,23,1,47,22,0,70,16,54,23,0,93,6,0,6,99
05/24/2001,GSN,MP,AWP,WE,Federal Contract Tower,16,8,1,0,25,0,64,17,0,81,16,72,18,0,106,0,0,0,106
05/25/2001,GSN,MP,AWP,WE,Federal Contract Tower,16,7,1,0,24,2,91,14,0,107,18,98,15,0,131,0,0,0,131
05/26/2001,GSN,MP,AWP,WE,Federal Contract Tower,16,12,1,2,31,0,57,29,12,98,16,69,30,14,129,8,0,8,137
05/27/2001,GSN,MP,AWP,WE,Federal Contract Tower,16,7,1,0,24,0,39,37,0,76,16,46,38,0,100,0,0,0,100
05/28/2001,GSN,MP,AWP,WE,Federal Contract Tower,16,9,1,0,26,0,37,25,2,64,16,46,26,2,90,0,0,0,90
05/29/2001,GSN,MP,AWP,WE,Federal Contract Tower,16,9,1,0,26,0,42,19,0,61,16,51,20,0,87,8,0,8,95
05/30/2001,GSN,MP,AWP,WE,Federal Contract Tower,16,8,1,0,25,0,52,29,0,81,16,60,30,0,106,20,0,20,126
05/31/2001,GSN,MP,AWP,WE,Federal Contract Tower,16,9,1,0,26,0,71,37,0,108,16,80,38,0,134,0,0,0,134
06/01/2001,GSN,MP,AWP,WE,Federal Contract Tower,16,10,1,0,27,0,69,22,0,91,16,79,23,0,118,16,0,16,134
06/02/2001,GSN,MP,AWP,WE,Federal Contract Tower,17,10,1,0,28,0,79,20,0,99,17,89,21,0,127,0,0,0,127
06/03/2001,GSN,MP,AWP,WE,Federal Contract Tower,16,9,1,0,26,0,53,19,0,72,16,62,20,0,98,22,0,22,120
06/04/2001,GSN,MP,AWP,WE,Federal Contract Tower,16,8,1,0,25,0,60,4,0,64,16,68,5,0,89,0,0,0,89
06/05/2001,GSN,MP,AWP,WE,Federal Contract Tower,16,8,1,0,25,0,49,15,4,68,16,57,16,4,93,0,0,0,93
06/06/2001,GSN,MP,AWP,WE,Federal Contract Tower,15,7,1,0,23,1,59,20,0,80,16,66,21,0,103,0,0,0,103
06/07/2001,GSN,MP,AWP,WE,Federal Contract Tower,15,7,1,0,23,2,69,19,2,92,17,76,20,2,115,2,0,2,117
06/08/2001,GSN,MP,AWP,WE,Federal Contract Tower,17,7,1,0,25,1,50,23,8,82,18,57,24,8,107,6,0,6,113
06/09/2001,GSN,MP,AWP,WE,Federal Contract Tower,16,7,0,0,23,0,58,24,0,82,16,65,24,0,105,8,0,8,113
06/10/2001,GSN,MP,AWP,WE,Federal Contract Tower,16,8,0,0,24,0,46,34,0,80,16,54,34,0,104,24,0,24,128
06/11/2001,GSN,MP,AWP,WE,Federal Contract Tower,15,8,0,0,23,1,56,18,0,75,16,64,18,0,98,18,0,18,116
06/12/2001,GSN,MP,AWP,WE,Federal Contract Tower,18,9,0,0,27,0,52,18,0,70,18,61,18,0,97,0,0,0,97
06/13/2001,GSN,MP,AWP,WE,Federal Contract Tower,16,10,0,0,26,0,58,10,1,69,16,68,10,1,95,0,0,0,95
06/14/2001,GSN,MP,AWP,WE,Federal Contract Tower,16,7,4,1,28,0,55,32,0,87,16,62,36,1,115,0,0,0,115
06/15/2001,GSN,MP,AWP,WE,Federal Contract Tower,16,7,0,0,23,0,73,16,2,91,16,80,16,2,114,0,0,0,114
06/16/2001,GSN,MP,AWP,WE,Federal Contract Tower,16,8,2,0,26,0,54,32,0,86,16,62,34,0,112,10,0,10,122
06/17/2001,GSN,MP,AWP,WE,Federal Contract Tower,16,8,0,10,34,0,46,16,0,62,16,54,16,10,96,6,0,6,102
06/18/2001,GSN,MP,AWP,WE,Federal Contract Tower,16,11,0,2,29,0,43,21,2,66,16,54,21,4,95,8,0,8,103
06/19/2001,GSN,MP,AWP,WE,Federal Contract Tower,14,11,0,2,27,0,51,20,2,73,14,62,20,4,100,0,0,0,100
06/20/2001,GSN,MP,AWP,WE,Federal Contract Tower,16,8,0,0,24,0,52,18,0,70,16,60,18,0,94,0,0,0,94
06/21/2001,GSN,MP,AWP,WE,Federal Contract Tower,16,12,0,0,28,0,46,10,0,56,16,58,10,0,84,10,0,10,94
06/22/2001,GSN,MP,AWP,WE,Federal Contract Tower,18,9,0,0,27,0,60,14,0,74,18,69,14,0,101,0,0,0,101
06/23/2001,GSN,MP,AWP,WE,Federal Contract Tower,16,9,3,0,28,0,49,14,0,63,16,58,17,0,91,0,0,0,91
06/24/2001,GSN,MP,AWP,WE,Federal Contract Tower,16,8,1,0,25,0,46,21,0,67,16,54,22,0,92,12,0,12,104
06/25/2001,GSN,MP,AWP,WE,Federal Contract Tower,18,8,0,0,26,0,64,20,0,84,18,72,20,0,110,0,0,0,110
06/26/2001,GSN,MP,AWP,WE,Federal Contract Tower,16,6,0,0,22,0,60,34,0,94,16,66,34,0,116,0,0,0,116
06/27/2001,GSN,MP,AWP,WE,Federal Contract Tower,16,6,6,6,34,0,58,12,0,70,16,64,18,6,104,0,12,12,116
06/28/2001,GSN,MP,AWP,WE,Federal Contract Tower,15,9,0,2,26,1,53,26,2,82,16,62,26,4,108,0,0,0,108
06/29/2001,GSN,MP,AWP,WE,Federal Contract Tower,16,8,2,0,26,0,67,22,0,89,16,75,24,0,115,0,6,6,121
06/30/2001,GSN,MP,AWP,WE,Federal Contract Tower,22,11,0,0,33,0,49,20,0,69,22,60,20,0,102,0,0,0,102
07/01/2001,GSN,MP,AWP,WE,Federal Contract Tower,17,10,3,0,30,1,46,13,0,60,18,56,16,0,90,0,0,0,90
07/02/2001,GSN,MP,AWP,WE,Federal Contract Tower,16,9,2,0,27,0,47,18,0,65,16,56,20,0,92,6,0,6,98
07/03/2001,GSN,MP,AWP,WE,Federal Contract Tower,16,10,0,0,26,0,62,23,0,85,16,72,23,0,111,0,0,0,111
07/04/2001,GSN,MP,AWP,WE,Federal Contract Tower,16,9,0,0,25,0,49,10,2,61,16,58,10,2,86,0,0,0,86
07/05/2001,GSN,MP,AWP,WE,Federal Contract Tower,18,12,2,0,32,0,54,26,0,80,18,66,28,0,112,0,0,0,112
07/06/2001,GSN,MP,AWP,WE,Federal Contract Tower,16,7,0,3,26,0,60,18,3,81,16,67,18,6,107,8,0,8,115
07/07/2001,GSN,MP,AWP,WE,Federal Contract Tower,18,7,3,0,28,0,59,24,4,87,18,66,27,4,115,2,0,2,117
07/08/2001,GSN,MP,AWP,WE,Federal Contract Tower,16,7,1,1,25,0,36,20,8,64,16,43,21,9,89,10,0,10,99
07/09/2001,GSN,MP,AWP,WE,Federal Contract Tower,16,10,0,2,28,0,44,14,14,72,16,54,14,16,100,0,0,0,100
07/10/2001,GSN,MP,AWP,WE,Federal Contract Tower,16,11,0,0,27,0,53,32,2,87,16,64,32,2,114,0,0,0,114
07/11/2001,GSN,MP,AWP,WE,Federal Contract Tower,18,13,0,0,31,0,63,8,31,102,18,76,8,31,133,0,0,0,133
07/12/2001,GSN,MP,AWP,WE,Federal Contract Tower,16,10,0,0,26,0,50,16,6,72,16,60,16,6,98,0,0,0,98
07/13/2001,GSN,MP,AWP,WE,Federal Contract Tower,17,8,0,0,25,1,68,16,4,89,18,76,16,4,114,0,0,0,114
07/14/2001,GSN,MP,AWP,WE,Federal Contract Tower,20,8,0,4,32,0,78,29,0,107,20,86,29,4,139,2,0,2,141
07/15/2001,GSN,MP,AWP,WE,Federal Contract Tower,16,8,1,1,26,0,63,28,5,96,16,71,29,6,122,8,0,8,130
07/16/2001,GSN,MP,AWP,WE,Federal Contract Tower,18,8,0,0,26,0,54,14,0,68,18,62,14,0,94,10,0,10,104
07/17/2001,GSN,MP,AWP,WE,Federal Contract Tower,18,11,0,2,31,0,57,20,2,79,18,68,20,4,110,0,0,0,110
07/18/2001,GSN,MP,AWP,WE,Federal Contract Tower,16,8,2,3,29,0,57,12,3,72,16,65,14,6,101,2,0,2,103
07/19/2001,GSN,MP,AWP,WE,Federal Contract Tower,18,9,0,0,27,0,55,27,0,82,18,64,27,0,109,30,0,30,139
07/20/2001,GSN,MP,AWP,WE,Federal Contract Tower,18,9,0,0,27,0,74,30,0,104,18,83,30,0,131,14,0,14,145
07/21/2001,GSN,MP,AWP,WE,Federal Contract Tower,20,7,2,0,29,0,55,29,0,84,20,62,31,0,113,0,0,0,113
07/22/2001,GSN,MP,AWP,WE,Federal Contract Tower,16,8,0,4,28,0,43,15,4,62,16,51,15,8,90,0,0,0,90
07/23/2001,GSN,MP,AWP,WE,Federal Contract Tower,20,10,0,0,30,0,50,18,0,68,20,60,18,0,98,0,0,0,98
07/24/2001,GSN,MP,AWP,WE,Federal Contract Tower,16,12,0,0,28,0,44,7,0,51,16,56,7,0,79,0,0,0,79
07/25/2001,GSN,MP,AWP,WE,Federal Contract Tower,18,11,0,0,29,0,42,17,0,59,18,53,17,0,88,6,0,6,94
07/26/2001,GSN,MP,AWP,WE,Federal Contract Tower,18,9,0,0,27,0,61,8,0,69,18,70,8,0,96,18,0,18,114
07/27/2001,GSN,MP,AWP,WE,Federal Contract Tower,17,12,0,2,31,0,57,28,2,87,17,69,28,4,118,0,0,0,118
07/28/2001,GSN,MP,AWP,WE,Federal Contract Tower,21,11,1,0,33,0,48,17,0,65,21,59,18,0,98,6,0,6,104
07/29/2001,GSN,MP,AWP,WE,Federal Contract Tower,16,11,0,0,27,0,37,7,2,46,16,48,7,2,73,0,0,0,73
07/30/2001,GSN,MP,AWP,WE,Federal Contract Tower,18,10,0,0,28,0,54,6,6,66,18,64,6,6,94,0,0,0,94
07/31/2001,GSN,MP,AWP,WE,Federal Contract Tower,16,11,0,0,27,0,37,8,0,45,16,48,8,0,72,0,0,0,72
08/01/2001,GSN,MP,AWP,WE,Federal Contract Tower,16,11,0,0,27,0,42,16,0,58,16,53,16,0,85,32,0,32,117
08/02/2001,GSN,MP,AWP,WE,Federal Contract Tower,18,12,0,0,30,0,50,14,0,64,18,62,14,0,94,6,0,6,100
08/03/2001,GSN,MP,AWP,WE,Federal Contract Tower,16,11,0,0,27,0,50,14,0,64,16,61,14,0,91,4,0,4,95
08/04/2001,GSN,MP,AWP,WE,Federal Contract Tower,20,11,0,0,31,0,43,17,0,60,20,54,17,0,91,12,0,12,103
08/05/2001,GSN,MP,AWP,WE,Federal Contract Tower,16,10,0,6,32,0,29,15,6,50,16,39,15,12,82,6,30,36,118
08/06/2001,GSN,MP,AWP,WE,Federal Contract Tower,18,11,0,0,29,0,47,17,0,64,18,58,17,0,93,12,0,12,105
08/07/2001,GSN,MP,AWP,WE,Federal Contract Tower,16,9,0,0,25,0,49,8,10,67,16,58,8,10,92,28,0,28,120
08/08/2001,GSN,MP,AWP,WE,Federal Contract Tower,16,10,3,0,29,0,50,20,4,74,16,60,23,4,103,4,0,4,107
08/09/2001,GSN,MP,AWP,WE,Federal Contract Tower,18,6,0,0,24,0,85,17,0,102,18,91,17,0,126,22,0,22,148
08/10/2001,GSN,MP,AWP,WE,Federal Contract Tower,17,9,0,2,28,0,53,12,8,73,17,62,12,10,101,2,0,2,103
08/11/2001,GSN,MP,AWP,WE,Federal Contract Tower,21,10,0,1,32,0,54,10,6,70,21,64,10,7,102,0,0,0,102
08/12/2001,GSN,MP,AWP,WE,Federal Contract Tower,20,13,0,1,34,0,33,10,2,45,20,46,10,3,79,0,0,0,79
08/13/2001,GSN,MP,AWP,WE,Federal Contract Tower,22,16,1,0,39,0,3,0,0,3,22,19,1,0,42,0,0,0,42
08/14/2001,GSN,MP,AWP,WE,Federal Contract Tower,18,17,1,0,36,0,3,0,0,3,18,20,1,0,39,0,0,0,39
08/15/2001,GSN,MP,AWP,WE,Federal Contract Tower,18,11,0,0,29,0,24,1,0,25,18,35,1,0,54,0,0,0,54
08/16/2001,GSN,MP,AWP,WE,Federal Contract Tower,22,15,1,0,38,0,15,0,1,16,22,30,1,1,54,0,0,0,54
08/17/2001,GSN,MP,AWP,WE,Federal Contract Tower,17,14,0,0,31,1,18,0,3,22,18,32,0,3,53,0,0,0,53
08/18/2001,GSN,MP,AWP,WE,Federal Contract Tower,20,11,0,0,31,0,57,4,0,61,20,68,4,0,92,10,0,10,102
08/19/2001,GSN,MP,AWP,WE,Federal Contract Tower,18,12,0,0,30,0,58,18,4,80,18,70,18,4,110,4,0,4,114
08/20/2001,GSN,MP,AWP,WE,Federal Contract Tower,18,11,4,0,33,0,59,20,0,79,18,70,24,0,112,4,0,4,116
08/21/2001,GSN,MP,AWP,WE,Federal Contract Tower,14,10,0,0,24,0,65,16,0,81,14,75,16,0,105,4,4,8,113
08/22/2001,GSN,MP,AWP,WE,Federal Contract Tower,14,9,0,0,23,0,57,21,0,78,14,66,21,0,101,8,0,8,109
08/23/2001,GSN,MP,AWP,WE,Federal Contract Tower,19,12,0,0,31,1,52,16,0,69,20,64,16,0,100,2,0,2,102
08/24/2001,GSN,MP,AWP,WE,Federal Contract Tower,15,8,0,0,23,1,90,17,0,108,16,98,17,0,131,22,0,22,153
08/25/2001,GSN,MP,AWP,WE,Federal Contract Tower,18,10,0,0,28,0,69,14,0,83,18,79,14,0,111,28,0,28,139
08/26/2001,GSN,MP,AWP,WE,Federal Contract Tower,16,11,0,0,27,0,43,8,0,51,16,54,8,0,78,0,0,0,78
08/27/2001,GSN,MP,AWP,WE,Federal Contract Tower,16,14,0,0,30,0,48,11,0,59,16,62,11,0,89,0,0,0,89
08/28/2001,GSN,MP,AWP,WE,Federal Contract Tower,16,11,0,0,27,0,64,17,0,81,16,75,17,0,108,20,0,20,128
08/29/2001,GSN,MP,AWP,WE,Federal Contract Tower,16,12,0,0,28,0,60,6,0,66,16,72,6,0,94,0,0,0,94
08/30/2001,GSN,MP,AWP,WE,Federal Contract Tower,18,9,2,0,29,0,66,15,0,81,18,75,17,0,110,0,0,0,110
08/31/2001,GSN,MP,AWP,WE,Federal Contract Tower,16,9,0,0,25,0,71,13,0,84,16,80,13,0,109,12,0,12,121
09/01/2001,GSN,MP,AWP,WE,Federal Contract Tower,18,10,0,0,28,0,64,26,0,90,18,74,26,0,118,16,0,16,134
09/02/2001,GSN,MP,AWP,WE,Federal Contract Tower,17,12,0,0,29,0,48,20,0,68,17,60,20,0,97,4,0,4,101
09/03/2001,GSN,MP,AWP,WE,Federal Contract Tower,20,9,0,0,29,0,43,26,6,75,20,52,26,6,104,8,20,28,132
09/04/2001,GSN,MP,AWP,WE,Federal Contract Tower,17,9,0,0,26,0,57,8,0,65,17,66,8,0,91,0,0,0,91
09/05/2001,GSN,MP,AWP,WE,Federal Contract Tower,16,10,0,4,30,0,48,26,0,74,16,58,26,4,104,18,0,18,122
09/06/2001,GSN,MP,AWP,WE,Federal Contract Tower,18,11,0,0,29,0,57,19,0,76,18,68,19,0,105,10,0,10,115
09/07/2001,GSN,MP,AWP,WE,Federal Contract Tower,16,7,0,0,23,0,79,23,12,114,16,86,23,12,137,28,0,28,165
09/08/2001,GSN,MP,AWP,WE,Federal Contract Tower,18,8,2,0,28,0,75,32,4,111,18,83,34,4,139,14,0,14,153
09/09/2001,GSN,MP,AWP,WE,Federal Contract Tower,16,8,0,0,24,0,50,26,0,76,16,58,26,0,100,20,0,20,120
09/10/2001,GSN,MP,AWP,WE,Federal Contract Tower,18,10,0,0,28,0,52,39,4,95,18,62,39,4,123,22,0,22,145
09/11/2001,GSN,MP,AWP,WE,Federal Contract Tower,16,11,0,9,36,0,45,20,3,68,16,56,20,12,104,18,6,24,128
09/12/2001,GSN,MP,AWP,WE,Federal Contract Tower,1,0,0,0,1,0,0,0,0,0,1,0,0,0,1,0,0,0,1
09/13/2001,GSN,MP,AWP,WE,Federal Contract Tower,0,0,0,0,0,0,0,0,0,0,0,0,0,0,0,0,0,0,0
09/14/2001,GSN,MP,AWP,WE,Federal Contract Tower,5,4,0,0,9,0,20,0,0,20,5,24,0,0,29,0,0,0,29
09/15/2001,GSN,MP,AWP,WE,Federal Contract Tower,20,5,2,2,29,0,37,0,0,37,20,42,2,2,66,0,4,4,70
09/16/2001,GSN,MP,AWP,WE,Federal Contract Tower,20,14,0,0,34,0,28,0,0,28,20,42,0,0,62,0,0,0,62
09/17/2001,GSN,MP,AWP,WE,Federal Contract Tower,16,11,0,0,27,0,33,0,0,33,16,44,0,0,60,0,0,0,60
09/18/2001,GSN,MP,AWP,WE,Federal Contract Tower,14,24,0,0,38,0,34,0,0,34,14,58,0,0,72,0,0,0,72
09/19/2001,GSN,MP,AWP,WE,Federal Contract Tower,18,14,1,0,33,0,44,0,0,44,18,58,1,0,77,0,0,0,77
09/20/2001,GSN,MP,AWP,WE,Federal Contract Tower,15,11,2,0,28,0,52,2,0,54,15,63,4,0,82,0,0,0,82
09/21/2001,GSN,MP,AWP,WE,Federal Contract Tower,14,11,0,0,25,0,57,5,0,62,14,68,5,0,87,0,0,0,87
09/22/2001,GSN,MP,AWP,WE,Federal Contract Tower,18,11,0,0,29,0,70,4,0,74,18,81,4,0,103,0,0,0,103
09/23/2001,GSN,MP,AWP,WE,Federal Contract Tower,18,9,0,0,27,0,47,24,0,71,18,56,24,0,98,0,0,0,98
09/24/2001,GSN,MP,AWP,WE,Federal Contract Tower,16,7,0,0,23,0,47,14,4,65,16,54,14,4,88,0,0,0,88
09/25/2001,GSN,MP,AWP,WE,Federal Contract Tower,14,10,1,2,27,0,45,16,0,61,14,55,17,2,88,0,0,0,88
09/26/2001,GSN,MP,AWP,WE,Federal Contract Tower,14,7,0,0,21,0,45,11,0,56,14,52,11,0,77,0,0,0,77
09/27/2001,GSN,MP,AWP,WE,Federal Contract Tower,16,6,0,0,22,0,54,15,0,69,16,60,15,0,91,0,0,0,91
09/28/2001,GSN,MP,AWP,WE,Federal Contract Tower,14,11,0,0,25,0,61,10,0,71,14,72,10,0,96,0,0,0,96
09/29/2001,GSN,MP,AWP,WE,Federal Contract Tower,13,7,1,0,21,0,54,11,0,65,13,61,12,0,86,2,0,2,88
09/30/2001,GSN,MP,AWP,WE,Federal Contract Tower,15,7,1,2,25,0,43,12,3,58,15,50,13,5,83,2,6,8,91
10/01/2001,GSN,MP,AWP,WE,Federal Contract Tower,18,8,0,0,26,0,50,20,0,70,18,58,20,0,96,6,0,6,102
10/02/2001,GSN,MP,AWP,WE,Federal Contract Tower,16,5,0,1,22,0,49,14,1,64,16,54,14,2,86,0,0,0,86
10/03/2001,GSN,MP,AWP,WE,Federal Contract Tower,16,9,0,0,25,0,43,16,0,59,16,52,16,0,84,0,0,0,84
10/04/2001,GSN,MP,AWP,WE,Federal Contract Tower,18,10,0,0,28,0,22,6,0,28,18,32,6,0,56,10,0,10,66
10/05/2001,GSN,MP,AWP,WE,Federal Contract Tower,16,8,0,0,24,0,64,6,0,70,16,72,6,0,94,0,0,0,94
10/06/2001,GSN,MP,AWP,WE,Federal Contract Tower,20,7,0,0,27,0,67,19,0,86,20,74,19,0,113,0,0,0,113
10/07/2001,GSN,MP,AWP,WE,Federal Contract Tower,16,9,0,0,25,0,35,14,0,49,16,44,14,0,74,10,0,10,84
10/08/2001,GSN,MP,AWP,WE,Federal Contract Tower,18,7,0,0,25,0,61,32,4,97,18,68,32,4,122,0,0,0,122
10/09/2001,GSN,MP,AWP,WE,Federal Contract Tower,16,15,0,0,31,0,51,6,2,59,16,66,6,2,90,0,0,0,90
10/10/2001,GSN,MP,AWP,WE,Federal Contract Tower,18,12,1,0,31,0,36,6,0,42,18,48,7,0,73,0,0,0,73
10/11/2001,GSN,MP,AWP,WE,Federal Contract Tower,18,7,1,0,26,0,63,14,4,81,18,70,15,4,107,2,0,2,109
10/12/2001,GSN,MP,AWP,WE,Federal Contract Tower,14,7,0,0,21,0,71,25,0,96,14,78,25,0,117,2,0,2,119
10/13/2001,GSN,MP,AWP,WE,Federal Contract Tower,18,8,0,1,27,0,70,16,5,91,18,78,16,6,118,0,0,0,118
10/14/2001,GSN,MP,AWP,WE,Federal Contract Tower,16,10,0,0,26,0,35,16,0,51,16,45,16,0,77,0,0,0,77
10/15/2001,GSN,MP,AWP,WE,Federal Contract Tower,16,4,0,0,20,0,44,8,0,52,16,48,8,0,72,0,0,0,72
10/16/2001,GSN,MP,AWP,WE,Federal Contract Tower,16,9,1,0,26,0,53,12,0,65,16,62,13,0,91,0,0,0,91
10/17/2001,GSN,MP,AWP,WE,Federal Contract Tower,16,7,0,0,23,0,39,10,0,49,16,46,10,0,72,4,0,4,76
10/18/2001,GSN,MP,AWP,WE,Federal Contract Tower,16,6,0,0,22,0,56,16,2,74,16,62,16,2,96,10,0,10,106
10/19/2001,GSN,MP,AWP,WE,Federal Contract Tower,15,8,0,0,23,1,56,9,0,66,16,64,9,0,89,0,0,0,89
10/20/2001,GSN,MP,AWP,WE,Federal Contract Tower,16,7,0,0,23,0,55,2,0,57,16,62,2,0,80,0,0,0,80
10/21/2001,GSN,MP,AWP,WE,Federal Contract Tower,16,8,0,0,24,0,48,14,0,62,16,56,14,0,86,0,0,0,86
10/22/2001,GSN,MP,AWP,WE,Federal Contract Tower,16,7,1,0,24,0,63,2,0,65,16,70,3,0,89,0,0,0,89
10/23/2001,GSN,MP,AWP,WE,Federal Contract Tower,16,9,0,0,25,0,59,6,0,65,16,68,6,0,90,0,14,14,104
10/24/2001,GSN,MP,AWP,WE,Federal Contract Tower,17,9,1,0,27,0,37,4,0,41,17,46,5,0,68,0,0,0,68
10/25/2001,GSN,MP,AWP,WE,Federal Contract Tower,17,8,1,1,27,0,51,16,1,68,17,59,17,2,95,28,0,28,123
10/26/2001,GSN,MP,AWP,WE,Federal Contract Tower,14,7,0,0,21,0,77,6,0,83,14,84,6,0,104,10,0,10,114
10/27/2001,GSN,MP,AWP,WE,Federal Contract Tower,18,8,0,0,26,0,52,14,0,66,18,60,14,0,92,0,0,0,92
10/28/2001,GSN,MP,AWP,WE,Federal Contract Tower,16,8,0,0,24,0,49,12,0,61,16,57,12,0,85,14,0,14,99
10/29/2001,GSN,MP,AWP,WE,Federal Contract Tower,18,7,0,0,25,0,59,8,0,67,18,66,8,0,92,0,0,0,92
10/30/2001,GSN,MP,AWP,WE,Federal Contract Tower,16,8,0,0,24,0,56,6,0,62,16,64,6,0,86,0,0,0,86
10/31/2001,GSN,MP,AWP,WE,Federal Contract Tower,14,8,0,0,22,0,42,16,0,58,14,50,16,0,80,0,0,0,80
11/01/2001,GSN,MP,AWP,WE,Federal Contract Tower,16,10,0,0,26,0,44,10,0,54,16,54,10,0,80,0,0,0,80
11/02/2001,GSN,MP,AWP,WE,Federal Contract Tower,16,8,0,0,24,0,68,12,0,80,16,76,12,0,104,10,0,10,114
11/03/2001,GSN,MP,AWP,WE,Federal Contract Tower,18,11,0,0,29,0,51,10,0,61,18,62,10,0,90,0,0,0,90
11/04/2001,GSN,MP,AWP,WE,Federal Contract Tower,17,8,0,0,25,1,38,20,0,59,18,46,20,0,84,14,0,14,98
11/05/2001,GSN,MP,AWP,WE,Federal Contract Tower,16,9,0,0,25,0,51,16,0,67,16,60,16,0,92,2,0,2,94
11/06/2001,GSN,MP,AWP,WE,Federal Contract Tower,16,12,0,0,28,0,47,77,0,124,16,59,77,0,152,0,0,0,152
11/07/2001,GSN,MP,AWP,WE,Federal Contract Tower,16,12,0,0,28,0,50,13,0,63,16,62,13,0,91,0,0,0,91
11/08/2001,GSN,MP,AWP,WE,Federal Contract Tower,16,10,0,0,26,0,38,4,0,42,16,48,4,0,68,0,0,0,68
11/09/2001,GSN,MP,AWP,WE,Federal Contract Tower,18,9,0,0,27,0,53,16,0,69,18,62,16,0,96,0,0,0,96
11/10/2001,GSN,MP,AWP,WE,Federal Contract Tower,16,8,0,0,24,0,44,10,4,58,16,52,10,4,82,0,0,0,82
11/11/2001,GSN,MP,AWP,WE,Federal Contract Tower,16,8,0,0,24,0,34,15,6,55,16,42,15,6,79,16,0,16,95
11/12/2001,GSN,MP,AWP,WE,Federal Contract Tower,16,8,0,0,24,0,38,22,0,60,16,46,22,0,84,2,0,2,86
11/13/2001,GSN,MP,AWP,WE,Federal Contract Tower,18,6,0,0,24,0,53,22,0,75,18,59,22,0,99,0,0,0,99
11/14/2001,GSN,MP,AWP,WE,Federal Contract Tower,15,11,0,0,26,1,49,10,0,60,16,60,10,0,86,0,0,0,86
11/15/2001,GSN,MP,AWP,WE,Federal Contract Tower,16,14,0,0,30,0,66,20,0,86,16,80,20,0,116,0,0,0,116
11/16/2001,GSN,MP,AWP,WE,Federal Contract Tower,18,9,0,0,27,0,68,14,2,84,18,77,14,2,111,0,0,0,111
11/17/2001,GSN,MP,AWP,WE,Federal Contract Tower,16,9,0,0,25,0,42,15,0,57,16,51,15,0,82,12,0,12,94
11/18/2001,GSN,MP,AWP,WE,Federal Contract Tower,18,8,0,0,26,0,40,16,2,58,18,48,16,2,84,18,0,18,102
11/19/2001,GSN,MP,AWP,WE,Federal Contract Tower,16,13,0,0,29,0,46,2,0,48,16,59,2,0,77,0,0,0,77
11/20/2001,GSN,MP,AWP,WE,Federal Contract Tower,16,13,0,0,29,0,53,8,4,65,16,66,8,4,94,0,0,0,94
11/21/2001,GSN,MP,AWP,WE,Federal Contract Tower,15,16,0,0,31,1,78,12,0,91,16,94,12,0,122,6,0,6,128
11/22/2001,GSN,MP,AWP,WE,Federal Contract Tower,16,12,0,0,28,0,46,25,0,71,16,58,25,0,99,10,0,10,109
11/23/2001,GSN,MP,AWP,WE,Federal Contract Tower,18,9,0,1,28,0,93,26,8,127,18,102,26,9,155,8,0,8,163
11/24/2001,GSN,MP,AWP,WE,Federal Contract Tower,20,11,0,2,33,0,63,33,5,101,20,74,33,7,134,8,22,30,164
11/25/2001,GSN,MP,AWP,WE,Federal Contract Tower,18,10,0,0,28,0,53,20,0,73,18,63,20,0,101,0,0,0,101
11/26/2001,GSN,MP,AWP,WE,Federal Contract Tower,18,12,0,0,30,0,52,17,2,71,18,64,17,2,101,0,0,0,101
11/27/2001,GSN,MP,AWP,WE,Federal Contract Tower,16,12,0,0,28,0,58,16,0,74,16,70,16,0,102,0,0,0,102
11/28/2001,GSN,MP,AWP,WE,Federal Contract Tower,15,14,0,0,29,1,46,18,0,65,16,60,18,0,94,0,0,0,94
11/29/2001,GSN,MP,AWP,WE,Federal Contract Tower,16,14,0,0,30,0,54,8,0,62,16,68,8,0,92,0,0,0,92
11/30/2001,GSN,MP,AWP,WE,Federal Contract Tower,18,11,0,0,29,0,72,5,0,77,18,83,5,0,106,0,0,0,106
12/01/2001,GSN,MP,AWP,WE,Federal Contract Tower,18,10,1,0,29,0,54,9,0,63,18,64,10,0,92,0,0,0,92
12/02/2001,GSN,MP,AWP,WE,Federal Contract Tower,13,11,1,0,25,3,48,12,0,63,16,59,13,0,88,12,0,12,100
12/03/2001,GSN,MP,AWP,WE,Federal Contract Tower,16,14,2,0,32,0,51,7,0,58,16,65,9,0,90,10,0,10,100
12/04/2001,GSN,MP,AWP,WE,Federal Contract Tower,17,12,0,0,29,0,50,5,2,57,17,62,5,2,86,2,0,2,88
12/05/2001,GSN,MP,AWP,WE,Federal Contract Tower,17,12,0,0,29,0,62,26,10,98,17,74,26,10,127,12,0,12,139
12/06/2001,GSN,MP,AWP,WE,Federal Contract Tower,16,13,0,0,29,0,65,27,16,108,16,78,27,16,137,0,0,0,137
12/07/2001,GSN,MP,AWP,WE,Federal Contract Tower,18,13,0,0,31,0,64,7,11,82,18,77,7,11,113,2,2,4,117
12/08/2001,GSN,MP,AWP,WE,Federal Contract Tower,20,10,0,1,31,0,62,12,0,74,20,72,12,1,105,10,4,14,119
12/09/2001,GSN,MP,AWP,WE,Federal Contract Tower,18,10,0,2,30,0,48,24,5,77,18,58,24,7,107,8,0,8,115
12/10/2001,GSN,MP,AWP,WE,Federal Contract Tower,16,12,0,0,28,0,52,7,14,73,16,64,7,14,101,0,0,0,101
12/11/2001,GSN,MP,AWP,WE,Federal Contract Tower,18,13,0,0,31,0,51,16,2,69,18,64,16,2,100,0,0,0,100
12/12/2001,GSN,MP,AWP,WE,Federal Contract Tower,16,20,0,0,36,0,19,2,4,25,16,39,2,4,61,0,0,0,61
12/13/2001,GSN,MP,AWP,WE,Federal Contract Tower,16,16,0,0,32,0,80,9,10,99,16,96,9,10,131,8,0,8,139
12/14/2001,GSN,MP,AWP,WE,Federal Contract Tower,16,11,0,0,27,0,83,24,10,117,16,94,24,10,144,6,6,12,156
12/15/2001,GSN,MP,AWP,WE,Federal Contract Tower,19,10,1,0,30,0,62,26,6,94,19,72,27,6,124,10,0,10,134
12/16/2001,GSN,MP,AWP,WE,Federal Contract Tower,16,11,0,0,27,0,63,30,0,93,16,74,30,0,120,4,0,4,124
12/17/2001,GSN,MP,AWP,WE,Federal Contract Tower,19,14,0,0,33,0,56,17,0,73,19,70,17,0,106,16,0,16,122
12/18/2001,GSN,MP,AWP,WE,Federal Contract Tower,18,13,1,0,32,0,55,15,0,70,18,68,16,0,102,0,0,0,102
12/19/2001,GSN,MP,AWP,WE,Federal Contract Tower,16,7,1,10,34,0,65,22,0,87,16,72,23,10,121,4,0,4,125
12/20/2001,GSN,MP,AWP,WE,Federal Contract Tower,18,11,0,0,29,0,69,9,0,78,18,80,9,0,107,0,0,0,107
12/21/2001,GSN,MP,AWP,WE,Federal Contract Tower,16,13,0,1,30,0,69,10,0,79,16,82,10,1,109,0,0,0,109
12/22/2001,GSN,MP,AWP,WE,Federal Contract Tower,22,11,2,1,36,0,73,14,0,87,22,84,16,1,123,14,0,14,137
12/23/2001,GSN,MP,AWP,WE,Federal Contract Tower,16,11,1,0,28,0,18,8,0,26,16,29,9,0,54,0,0,0,54
12/24/2001,GSN,MP,AWP,WE,Federal Contract Tower,17,10,0,0,27,0,17,34,0,51,17,27,34,0,78,0,0,0,78
12/25/2001,GSN,MP,AWP,WE,Federal Contract Tower,18,16,0,1,35,0,56,14,0,70,18,72,14,1,105,8,0,8,113
12/26/2001,GSN,MP,AWP,WE,Federal Contract Tower,18,12,1,1,32,0,25,3,0,28,18,37,4,1,60,0,0,0,60
12/27/2001,GSN,MP,AWP,WE,Federal Contract Tower,20,13,9,1,43,0,74,17,0,91,20,87,26,1,134,18,0,18,152
12/28/2001,GSN,MP,AWP,WE,Federal Contract Tower,18,13,0,1,32,0,50,8,0,58,18,63,8,1,90,0,0,0,90
12/29/2001,GSN,MP,AWP,WE,Federal Contract Tower,19,10,5,0,34,0,87,34,0,121,19,97,39,0,155,38,0,38,193
12/30/2001,GSN,MP,AWP,WE,Federal Contract Tower,19,12,1,0,32,0,51,40,0,91,19,63,41,0,123,30,0,30,153
12/31/2001,GSN,MP,AWP,WE,Federal Contract Tower,20,13,0,12,45,0,73,32,0,105,20,86,32,12,150,6,2,8,158
01/01/2002,GSN,MP,AWP,WE,Federal Contract Tower,19,12,0,0,31,0,71,34,0,105,19,83,34,0,136,26,0,26,162
01/02/2002,GSN,MP,AWP,WE,Federal Contract Tower,20,14,0,0,34,0,54,22,0,76,20,68,22,0,110,0,0,0,110
01/03/2002,GSN,MP,AWP,WE,Federal Contract Tower,19,12,0,0,31,0,101,53,0,154,19,113,53,0,185,8,0,8,193
01/04/2002,GSN,MP,AWP,WE,Federal Contract Tower,18,11,0,0,29,0,79,37,0,116,18,90,37,0,145,4,0,4,149
01/05/2002,GSN,MP,AWP,WE,Federal Contract Tower,26,9,0,2,37,0,50,26,2,78,26,59,26,4,115,4,0,4,119
01/06/2002,GSN,MP,AWP,WE,Federal Contract Tower,18,12,0,0,30,0,54,36,0,90,18,66,36,0,120,8,0,8,128
01/07/2002,GSN,MP,AWP,WE,Federal Contract Tower,18,14,2,0,34,0,52,8,0,60,18,66,10,0,94,2,0,2,96
01/08/2002,GSN,MP,AWP,WE,Federal Contract Tower,18,15,0,0,33,0,53,24,2,79,18,68,24,2,112,8,0,8,120
01/09/2002,GSN,MP,AWP,WE,Federal Contract Tower,22,10,0,0,32,0,60,24,0,84,22,70,24,0,116,0,0,0,116
01/10/2002,GSN,MP,AWP,WE,Federal Contract Tower,18,23,0,0,41,0,35,22,0,57,18,58,22,0,98,12,0,12,110
01/11/2002,GSN,MP,AWP,WE,Federal Contract Tower,20,16,0,0,36,0,58,12,0,70,20,74,12,0,106,20,0,20,126
01/12/2002,GSN,MP,AWP,WE,Federal Contract Tower,18,11,0,8,37,0,65,26,8,99,18,76,26,16,136,0,0,0,136
01/13/2002,GSN,MP,AWP,WE,Federal Contract Tower,18,10,1,5,34,0,52,22,0,74,18,62,23,5,108,18,26,44,152
01/14/2002,GSN,MP,AWP,WE,Federal Contract Tower,19,18,0,0,37,0,60,12,0,72,19,78,12,0,109,8,0,8,117
01/15/2002,GSN,MP,AWP,WE,Federal Contract Tower,18,13,0,4,35,0,61,10,12,83,18,74,10,16,118,6,0,6,124
01/16/2002,GSN,MP,AWP,WE,Federal Contract Tower,18,16,0,2,36,0,49,20,1,70,18,65,20,3,106,12,0,12,118
01/17/2002,GSN,MP,AWP,WE,Federal Contract Tower,18,7,0,0,25,0,57,19,2,78,18,64,19,2,103,8,0,8,111
01/18/2002,GSN,MP,AWP,WE,Federal Contract Tower,18,9,0,0,27,0,79,14,0,93,18,88,14,0,120,6,0,6,126
01/19/2002,GSN,MP,AWP,WE,Federal Contract Tower,20,9,0,4,33,0,73,17,4,94,20,82,17,8,127,2,0,2,129
01/20/2002,GSN,MP,AWP,WE,Federal Contract Tower,19,10,0,3,32,0,44,12,3,59,19,54,12,6,91,2,0,2,93
01/21/2002,GSN,MP,AWP,WE,Federal Contract Tower,19,14,0,0,33,0,56,21,0,77,19,70,21,0,110,2,0,2,112
01/22/2002,GSN,MP,AWP,WE,Federal Contract Tower,18,12,0,0,30,0,63,23,0,86,18,75,23,0,116,2,0,2,118
01/23/2002,GSN,MP,AWP,WE,Federal Contract Tower,18,11,0,0,29,0,61,20,0,81,18,72,20,0,110,0,0,0,110
01/24/2002,GSN,MP,AWP,WE,Federal Contract Tower,18,11,0,0,29,0,59,20,0,79,18,70,20,0,108,0,0,0,108
01/25/2002,GSN,MP,AWP,WE,Federal Contract Tower,18,13,2,0,33,0,59,24,6,89,18,72,26,6,122,4,0,4,126
01/26/2002,GSN,MP,AWP,WE,Federal Contract Tower,19,11,2,0,32,0,59,12,0,71,19,70,14,0,103,0,0,0,103
01/27/2002,GSN,MP,AWP,WE,Federal Contract Tower,19,12,1,2,34,0,45,9,0,54,19,57,10,2,88,0,0,0,88
01/28/2002,GSN,MP,AWP,WE,Federal Contract Tower,20,14,0,0,34,0,46,10,0,56,20,60,10,0,90,0,0,0,90
01/29/2002,GSN,MP,AWP,WE,Federal Contract Tower,19,11,0,0,30,0,49,18,0,67,19,60,18,0,97,0,0,0,97
01/30/2002,GSN,MP,AWP,WE,Federal Contract Tower,19,10,0,0,29,0,54,30,0,84,19,64,30,0,113,4,0,4,117
01/31/2002,GSN,MP,AWP,WE,Federal Contract Tower,19,10,0,0,29,0,82,20,0,102,19,92,20,0,131,4,0,4,135
02/01/2002,GSN,MP,AWP,WE,Federal Contract Tower,20,12,0,1,33,0,71,14,1,86,20,83,14,2,119,4,0,4,123
02/02/2002,GSN,MP,AWP,WE,Federal Contract Tower,19,9,0,2,30,0,63,14,2,79,19,72,14,4,109,12,0,12,121
02/03/2002,GSN,MP,AWP,WE,Federal Contract Tower,19,11,1,0,31,0,51,17,0,68,19,62,18,0,99,2,0,2,101
02/04/2002,GSN,MP,AWP,WE,Federal Contract Tower,18,12,0,0,30,0,54,4,0,58,18,66,4,0,88,10,0,10,98
02/05/2002,GSN,MP,AWP,WE,Federal Contract Tower,18,11,0,0,29,0,51,19,0,70,18,62,19,0,99,10,0,10,109
02/06/2002,GSN,MP,AWP,WE,Federal Contract Tower,18,13,0,0,31,0,57,16,4,77,18,70,16,4,108,0,0,0,108
02/07/2002,GSN,MP,AWP,WE,Federal Contract Tower,18,11,0,8,37,0,59,28,10,97,18,70,28,18,134,18,8,26,160
02/08/2002,GSN,MP,AWP,WE,Federal Contract Tower,20,11,1,0,32,0,81,10,2,93,20,92,11,2,125,22,0,22,147
02/09/2002,GSN,MP,AWP,WE,Federal Contract Tower,22,13,2,0,37,0,73,26,4,103,22,86,28,4,140,12,0,12,152
02/10/2002,GSN,MP,AWP,WE,Federal Contract Tower,22,11,0,0,33,0,63,18,0,81,22,74,18,0,114,10,0,10,124
02/11/2002,GSN,MP,AWP,WE,Federal Contract Tower,22,13,0,0,35,0,58,15,0,73,22,71,15,0,108,0,0,0,108
02/12/2002,GSN,MP,AWP,WE,Federal Contract Tower,19,14,1,0,34,0,52,26,0,78,19,66,27,0,112,2,0,2,114
02/13/2002,GSN,MP,AWP,WE,Federal Contract Tower,22,20,0,0,42,0,52,34,2,88,22,72,34,2,130,14,0,14,144
02/14/2002,GSN,MP,AWP,WE,Federal Contract Tower,19,12,0,0,31,0,56,18,2,76,19,68,18,2,107,0,0,0,107
02/15/2002,GSN,MP,AWP,WE,Federal Contract Tower,18,14,0,0,32,0,72,12,0,84,18,86,12,0,116,2,0,2,118
02/16/2002,GSN,MP,AWP,WE,Federal Contract Tower,18,9,0,0,27,0,65,27,0,92,18,74,27,0,119,6,0,6,125
02/17/2002,GSN,MP,AWP,WE,Federal Contract Tower,17,14,2,0,33,0,44,8,0,52,17,58,10,0,85,4,0,4,89
02/18/2002,GSN,MP,AWP,WE,Federal Contract Tower,20,15,0,0,35,0,49,6,0,55,20,64,6,0,90,0,0,0,90
02/19/2002,GSN,MP,AWP,WE,Federal Contract Tower,18,12,0,0,30,0,52,18,4,74,18,64,18,4,104,0,0,0,104
02/20/2002,GSN,MP,AWP,WE,Federal Contract Tower,20,10,0,0,30,0,52,12,0,64,20,62,12,0,94,0,0,0,94
02/21/2002,GSN,MP,AWP,WE,Federal Contract Tower,20,15,0,2,37,0,47,6,6,59,20,62,6,8,96,0,0,0,96
02/22/2002,GSN,MP,AWP,WE,Federal Contract Tower,18,12,0,0,30,0,94,15,10,119,18,106,15,10,149,12,0,12,161
02/23/2002,GSN,MP,AWP,WE,Federal Contract Tower,19,9,0,0,28,0,92,18,4,114,19,101,18,4,142,8,0,8,150
02/24/2002,GSN,MP,AWP,WE,Federal Contract Tower,20,11,2,1,34,0,59,25,1,85,20,70,27,2,119,4,0,4,123
02/25/2002,GSN,MP,AWP,WE,Federal Contract Tower,18,15,1,0,34,0,74,22,6,102,18,89,23,6,136,26,0,26,162
02/26/2002,GSN,MP,AWP,WE,Federal Contract Tower,18,13,6,0,37,0,60,31,13,104,18,73,37,13,141,8,0,8,149
02/27/2002,GSN,MP,AWP,WE,Federal Contract Tower,18,14,8,0,40,0,51,17,4,72,18,65,25,4,112,6,0,6,118
02/28/2002,GSN,MP,AWP,WE,Federal Contract Tower,18,16,8,0,42,0,54,12,6,72,18,70,20,6,114,0,0,0,114
03/01/2002,GSN,MP,AWP,WE,Federal Contract Tower,18,30,0,0,48,0,36,10,8,54,18,66,10,8,102,0,0,0,102
03/02/2002,GSN,MP,AWP,WE,Federal Contract Tower,18,15,0,6,39,0,60,22,6,88,18,75,22,12,127,6,0,6,133
03/03/2002,GSN,MP,AWP,WE,Federal Contract Tower,18,12,2,4,36,0,44,10,4,58,18,56,12,8,94,12,0,12,106
03/04/2002,GSN,MP,AWP,WE,Federal Contract Tower,19,11,1,0,31,0,68,22,6,96,19,79,23,6,127,24,0,24,151
03/05/2002,GSN,MP,AWP,WE,Federal Contract Tower,17,13,4,0,34,1,49,32,10,92,18,62,36,10,126,22,0,22,148
03/06/2002,GSN,MP,AWP,WE,Federal Contract Tower,18,12,1,0,31,0,54,26,14,94,18,66,27,14,125,4,0,4,129
03/07/2002,GSN,MP,AWP,WE,Federal Contract Tower,18,16,1,0,35,0,55,32,8,95,18,71,33,8,130,5,0,5,135
03/08/2002,GSN,MP,AWP,WE,Federal Contract Tower,18,12,0,0,30,0,66,26,0,92,18,78,26,0,122,9,0,9,131
03/09/2002,GSN,MP,AWP,WE,Federal Contract Tower,20,10,1,0,31,0,65,10,10,85,20,75,11,10,116,14,0,14,130
03/10/2002,GSN,MP,AWP,WE,Federal Contract Tower,18,11,3,0,32,0,63,28,0,91,18,74,31,0,123,0,0,0,123
03/11/2002,GSN,MP,AWP,WE,Federal Contract Tower,18,13,1,0,32,0,71,18,8,97,18,84,19,8,129,2,0,2,131
03/12/2002,GSN,MP,AWP,WE,Federal Contract Tower,20,15,1,0,36,0,45,23,25,93,20,60,24,25,129,0,0,0,129
03/13/2002,GSN,MP,AWP,WE,Federal Contract Tower,18,14,0,5,37,0,40,32,16,88,18,54,32,21,125,12,4,16,141
03/14/2002,GSN,MP,AWP,WE,Federal Contract Tower,18,15,0,0,33,0,45,26,18,89,18,60,26,18,122,4,0,4,126
03/15/2002,GSN,MP,AWP,WE,Federal Contract Tower,18,12,0,0,30,0,76,27,4,107,18,88,27,4,137,8,0,8,145
03/16/2002,GSN,MP,AWP,WE,Federal Contract Tower,18,12,0,0,30,0,47,26,0,73,18,59,26,0,103,0,0,0,103
03/17/2002,GSN,MP,AWP,WE,Federal Contract Tower,18,13,0,0,31,0,52,18,0,70,18,65,18,0,101,0,0,0,101
03/18/2002,GSN,MP,AWP,WE,Federal Contract Tower,19,16,2,0,37,0,47,12,10,69,19,63,14,10,106,0,0,0,106
03/19/2002,GSN,MP,AWP,WE,Federal Contract Tower,18,17,0,0,35,1,51,25,10,87,19,68,25,10,122,0,0,0,122
03/20/2002,GSN,MP,AWP,WE,Federal Contract Tower,18,14,0,2,34,0,52,18,9,79,18,66,18,11,113,4,0,4,117
03/21/2002,GSN,MP,AWP,WE,Federal Contract Tower,20,18,0,0,38,0,51,20,30,101,20,69,20,30,139,0,0,0,139
03/22/2002,GSN,MP,AWP,WE,Federal Contract Tower,20,16,0,0,36,0,80,22,8,110,20,96,22,8,146,0,0,0,146
03/23/2002,GSN,MP,AWP,WE,Federal Contract Tower,22,11,2,0,35,0,78,42,7,127,22,89,44,7,162,4,0,4,166
03/24/2002,GSN,MP,AWP,WE,Federal Contract Tower,20,9,0,0,29,0,67,25,5,97,20,76,25,5,126,4,0,4,130
03/25/2002,GSN,MP,AWP,WE,Federal Contract Tower,18,18,0,0,36,0,56,18,14,88,18,74,18,14,124,10,0,10,134
03/26/2002,GSN,MP,AWP,WE,Federal Contract Tower,20,17,0,1,38,0,57,14,3,74,20,74,14,4,112,0,0,0,112
03/27/2002,GSN,MP,AWP,WE,Federal Contract Tower,18,13,0,0,31,0,47,8,4,59,18,60,8,4,90,10,0,10,100
03/28/2002,GSN,MP,AWP,WE,Federal Contract Tower,18,15,0,0,33,0,55,20,2,77,18,70,20,2,110,0,0,0,110
03/29/2002,GSN,MP,AWP,WE,Federal Contract Tower,20,12,0,2,34,0,38,21,2,61,20,50,21,4,95,0,0,0,95
03/30/2002,GSN,MP,AWP,WE,Federal Contract Tower,20,13,0,0,33,0,62,10,0,72,20,75,10,0,105,0,0,0,105
03/31/2002,GSN,MP,AWP,WE,Federal Contract Tower,18,15,0,0,33,0,35,9,0,44,18,50,9,0,77,12,0,12,89
04/01/2002,GSN,MP,AWP,WE,Federal Contract Tower,18,15,0,0,33,0,47,13,0,60,18,62,13,0,93,6,0,6,99
04/02/2002,GSN,MP,AWP,WE,Federal Contract Tower,20,14,0,0,34,0,42,6,2,50,20,56,6,2,84,0,0,0,84
04/03/2002,GSN,MP,AWP,WE,Federal Contract Tower,18,13,0,0,31,0,47,15,0,62,18,60,15,0,93,4,0,4,97
04/04/2002,GSN,MP,AWP,WE,Federal Contract Tower,17,14,0,0,31,1,51,15,6,73,18,65,15,6,104,4,0,4,108
04/05/2002,GSN,MP,AWP,WE,Federal Contract Tower,18,13,0,0,31,0,81,20,2,103,18,94,20,2,134,0,0,0,134
04/06/2002,GSN,MP,AWP,WE,Federal Contract Tower,18,13,0,0,31,0,53,12,2,67,18,66,12,2,98,6,0,6,104
04/07/2002,GSN,MP,AWP,WE,Federal Contract Tower,18,14,0,0,32,0,48,10,3,61,18,62,10,3,93,4,0,4,97
04/08/2002,GSN,MP,AWP,WE,Federal Contract Tower,18,15,0,1,34,0,54,16,0,70,18,69,16,1,104,0,0,0,104
04/09/2002,GSN,MP,AWP,WE,Federal Contract Tower,18,17,2,0,37,0,62,16,0,78,18,79,18,0,115,0,0,0,115
04/10/2002,GSN,MP,AWP,WE,Federal Contract Tower,18,14,0,0,32,0,61,18,0,79,18,75,18,0,111,0,0,0,111
04/11/2002,GSN,MP,AWP,WE,Federal Contract Tower,18,15,0,1,34,0,64,16,0,80,18,79,16,1,114,0,0,0,114
04/12/2002,GSN,MP,AWP,WE,Federal Contract Tower,19,21,0,3,43,0,89,8,9,106,19,110,8,12,149,0,0,0,149
04/13/2002,GSN,MP,AWP,WE,Federal Contract Tower,19,9,0,6,34,0,51,17,4,72,19,60,17,10,106,6,0,6,112
04/14/2002,GSN,MP,AWP,WE,Federal Contract Tower,18,10,0,0,28,0,50,20,2,72,18,60,20,2,100,0,0,0,100
04/15/2002,GSN,MP,AWP,WE,Federal Contract Tower,18,13,0,0,31,0,52,18,0,70,18,65,18,0,101,0,0,0,101
04/16/2002,GSN,MP,AWP,WE,Federal Contract Tower,18,14,0,0,32,0,53,18,0,71,18,67,18,0,103,2,0,2,105
04/17/2002,GSN,MP,AWP,WE,Federal Contract Tower,18,12,0,0,30,0,45,18,0,63,18,57,18,0,93,0,0,0,93
04/18/2002,GSN,MP,AWP,WE,Federal Contract Tower,18,14,0,0,32,0,52,16,6,74,18,66,16,6,106,0,0,0,106
04/19/2002,GSN,MP,AWP,WE,Federal Contract Tower,19,11,0,0,30,0,60,13,6,79,19,71,13,6,109,6,0,6,115
04/20/2002,GSN,MP,AWP,WE,Federal Contract Tower,19,12,2,1,34,0,66,23,1,90,19,78,25,2,124,0,0,0,124
04/21/2002,GSN,MP,AWP,WE,Federal Contract Tower,18,12,0,0,30,0,65,20,4,89,18,77,20,4,119,8,0,8,127
04/22/2002,GSN,MP,AWP,WE,Federal Contract Tower,18,14,0,0,32,0,47,14,0,61,18,61,14,0,93,22,0,22,115
04/23/2002,GSN,MP,AWP,WE,Federal Contract Tower,20,16,1,0,37,0,49,11,0,60,20,65,12,0,97,0,0,0,97
04/24/2002,GSN,MP,AWP,WE,Federal Contract Tower,19,11,0,0,30,1,50,29,0,80,20,61,29,0,110,28,0,28,138
04/25/2002,GSN,MP,AWP,WE,Federal Contract Tower,18,14,2,2,36,0,52,16,0,68,18,66,18,2,104,12,0,12,116
04/26/2002,GSN,MP,AWP,WE,Federal Contract Tower,18,12,0,0,30,0,59,18,1,78,18,71,18,1,108,12,0,12,120
04/27/2002,GSN,MP,AWP,WE,Federal Contract Tower,20,14,0,0,34,0,43,29,0,72,20,57,29,0,106,6,0,6,112
04/28/2002,GSN,MP,AWP,WE,Federal Contract Tower,18,14,0,3,35,0,42,36,6,84,18,56,36,9,119,6,0,6,125
04/29/2002,GSN,MP,AWP,WE,Federal Contract Tower,18,16,0,0,34,0,47,22,0,69,18,63,22,0,103,2,0,2,105
04/30/2002,GSN,MP,AWP,WE,Federal Contract Tower,20,15,0,0,35,0,47,8,6,61,20,62,8,6,96,0,0,0,96
05/01/2002,GSN,MP,AWP,WE,Federal Contract Tower,18,16,0,0,34,0,46,16,4,66,18,62,16,4,100,6,0,6,106
05/02/2002,GSN,MP,AWP,WE,Federal Contract Tower,20,16,1,0,37,0,58,17,2,77,20,74,18,2,114,4,0,4,118
05/03/2002,GSN,MP,AWP,WE,Federal Contract Tower,18,15,0,0,33,0,107,27,4,138,18,122,27,4,171,14,0,14,185
05/04/2002,GSN,MP,AWP,WE,Federal Contract Tower,22,12,0,0,34,0,76,23,0,99,22,88,23,0,133,16,0,16,149
05/05/2002,GSN,MP,AWP,WE,Federal Contract Tower,18,13,3,0,34,0,81,14,0,95,18,94,17,0,129,0,0,0,129
05/06/2002,GSN,MP,AWP,WE,Federal Contract Tower,20,15,4,0,39,0,73,40,0,113,20,88,44,0,152,0,0,0,152
05/07/2002,GSN,MP,AWP,WE,Federal Contract Tower,20,13,0,0,33,0,55,20,0,75,20,68,20,0,108,0,0,0,108
05/08/2002,GSN,MP,AWP,WE,Federal Contract Tower,16,15,3,0,34,0,55,29,0,84,16,70,32,0,118,8,0,8,126
05/09/2002,GSN,MP,AWP,WE,Federal Contract Tower,19,16,5,0,40,1,44,15,0,60,20,60,20,0,100,4,0,4,104
05/10/2002,GSN,MP,AWP,WE,Federal Contract Tower,17,14,0,0,31,0,50,3,0,53,17,64,3,0,84,0,0,0,84
05/11/2002,GSN,MP,AWP,WE,Federal Contract Tower,21,11,0,0,32,0,46,15,4,65,21,57,15,4,97,4,0,4,101
05/12/2002,GSN,MP,AWP,WE,Federal Contract Tower,16,13,0,0,29,0,35,16,0,51,16,48,16,0,80,6,0,6,86
05/13/2002,GSN,MP,AWP,WE,Federal Contract Tower,18,16,1,6,41,0,50,22,0,72,18,66,23,6,113,10,0,10,123
05/14/2002,GSN,MP,AWP,WE,Federal Contract Tower,20,17,1,0,38,0,43,25,4,72,20,60,26,4,110,0,0,0,110
05/15/2002,GSN,MP,AWP,WE,Federal Contract Tower,16,15,1,0,32,0,41,31,0,72,16,56,32,0,104,4,0,4,108
05/16/2002,GSN,MP,AWP,WE,Federal Contract Tower,18,15,0,0,33,0,63,27,0,90,18,78,27,0,123,4,0,4,127
05/17/2002,GSN,MP,AWP,WE,Federal Contract Tower,17,20,0,0,37,0,49,13,0,62,17,69,13,0,99,0,0,0,99
05/18/2002,GSN,MP,AWP,WE,Federal Contract Tower,21,11,0,0,32,0,53,15,0,68,21,64,15,0,100,0,0,0,100
05/19/2002,GSN,MP,AWP,WE,Federal Contract Tower,16,11,1,0,28,0,47,17,0,64,16,58,18,0,92,0,0,0,92
05/20/2002,GSN,MP,AWP,WE,Federal Contract Tower,19,14,0,0,33,0,62,14,0,76,19,76,14,0,109,0,0,0,109
05/21/2002,GSN,MP,AWP,WE,Federal Contract Tower,21,18,0,0,39,0,47,22,0,69,21,65,22,0,108,0,0,0,108
05/22/2002,GSN,MP,AWP,WE,Federal Contract Tower,16,13,0,0,29,0,65,16,0,81,16,78,16,0,110,0,0,0,110
05/23/2002,GSN,MP,AWP,WE,Federal Contract Tower,18,14,1,0,33,0,72,16,0,88,18,86,17,0,121,4,0,4,125
05/24/2002,GSN,MP,AWP,WE,Federal Contract Tower,18,13,1,0,32,0,102,24,0,126,18,115,25,0,158,6,0,6,164
05/25/2002,GSN,MP,AWP,WE,Federal Contract Tower,21,11,0,6,38,0,89,24,0,113,21,100,24,6,151,4,0,4,155
05/26/2002,GSN,MP,AWP,WE,Federal Contract Tower,17,13,0,0,30,0,81,22,0,103,17,94,22,0,133,2,0,2,135
05/27/2002,GSN,MP,AWP,WE,Federal Contract Tower,18,14,0,6,38,0,80,2,2,84,18,94,2,8,122,0,0,0,122
05/28/2002,GSN,MP,AWP,WE,Federal Contract Tower,18,11,0,2,31,0,89,12,0,101,18,100,12,2,132,0,0,0,132
05/29/2002,GSN,MP,AWP,WE,Federal Contract Tower,18,14,0,0,32,0,84,46,0,130,18,98,46,0,162,0,0,0,162
05/30/2002,GSN,MP,AWP,WE,Federal Contract Tower,18,15,2,0,35,0,81,22,0,103,18,96,24,0,138,0,0,0,138
05/31/2002,GSN,MP,AWP,WE,Federal Contract Tower,17,13,0,0,30,0,94,18,0,112,17,107,18,0,142,4,0,4,146
06/01/2002,GSN,MP,AWP,WE,Federal Contract Tower,21,9,2,12,44,0,56,12,0,68,21,65,14,12,112,0,0,0,112
06/02/2002,GSN,MP,AWP,WE,Federal Contract Tower,19,13,0,2,34,0,55,20,0,75,19,68,20,2,109,0,0,0,109
06/03/2002,GSN,MP,AWP,WE,Federal Contract Tower,19,16,0,0,35,0,50,8,0,58,19,66,8,0,93,8,0,8,101
06/04/2002,GSN,MP,AWP,WE,Federal Contract Tower,20,14,0,2,36,0,48,16,0,64,20,62,16,2,100,0,0,0,100
06/05/2002,GSN,MP,AWP,WE,Federal Contract Tower,16,14,0,2,32,0,61,11,0,72,16,75,11,2,104,4,0,4,108
06/06/2002,GSN,MP,AWP,WE,Federal Contract Tower,18,14,0,0,32,0,46,23,2,71,18,60,23,2,103,2,0,2,105
06/07/2002,GSN,MP,AWP,WE,Federal Contract Tower,20,12,0,0,32,0,61,22,0,83,20,73,22,0,115,0,0,0,115
06/08/2002,GSN,MP,AWP,WE,Federal Contract Tower,20,11,0,0,31,0,52,13,0,65,20,63,13,0,96,0,0,0,96
06/09/2002,GSN,MP,AWP,WE,Federal Contract Tower,19,14,1,0,34,0,38,23,0,61,19,52,24,0,95,6,0,6,101
06/10/2002,GSN,MP,AWP,WE,Federal Contract Tower,20,13,1,0,34,1,47,25,2,75,21,60,26,2,109,6,0,6,115
06/11/2002,GSN,MP,AWP,WE,Federal Contract Tower,20,13,0,0,33,0,68,14,0,82,20,81,14,0,115,0,0,0,115
06/12/2002,GSN,MP,AWP,WE,Federal Contract Tower,16,13,0,0,29,0,50,26,2,78,16,63,26,2,107,0,0,0,107
06/13/2002,GSN,MP,AWP,WE,Federal Contract Tower,18,14,0,0,32,0,45,26,0,71,18,59,26,0,103,0,0,0,103
06/14/2002,GSN,MP,AWP,WE,Federal Contract Tower,17,13,0,0,30,0,70,25,0,95,17,83,25,0,125,6,0,6,131
06/15/2002,GSN,MP,AWP,WE,Federal Contract Tower,21,12,0,0,33,0,51,22,0,73,21,63,22,0,106,6,0,6,112
06/16/2002,GSN,MP,AWP,WE,Federal Contract Tower,16,13,1,0,30,0,40,23,0,63,16,53,24,0,93,4,0,4,97
06/17/2002,GSN,MP,AWP,WE,Federal Contract Tower,18,15,1,0,34,0,53,37,0,90,18,68,38,0,124,18,0,18,142
06/18/2002,GSN,MP,AWP,WE,Federal Contract Tower,22,16,0,0,38,0,48,12,0,60,22,64,12,0,98,15,0,15,113
06/19/2002,GSN,MP,AWP,WE,Federal Contract Tower,16,14,0,0,30,0,44,31,0,75,16,58,31,0,105,12,0,12,117
06/20/2002,GSN,MP,AWP,WE,Federal Contract Tower,18,14,0,0,32,0,38,23,0,61,18,52,23,0,93,22,0,22,115
06/21/2002,GSN,MP,AWP,WE,Federal Contract Tower,17,13,0,0,30,0,56,16,0,72,17,69,16,0,102,24,0,24,126
06/22/2002,GSN,MP,AWP,WE,Federal Contract Tower,21,11,0,0,32,0,45,21,0,66,21,56,21,0,98,20,0,20,118
06/23/2002,GSN,MP,AWP,WE,Federal Contract Tower,15,15,0,0,30,1,33,16,0,50,16,48,16,0,80,10,0,10,90
06/24/2002,GSN,MP,AWP,WE,Federal Contract Tower,19,14,0,0,33,0,48,12,0,60,19,62,12,0,93,0,0,0,93
06/25/2002,GSN,MP,AWP,WE,Federal Contract Tower,23,15,0,0,38,0,47,14,0,61,23,62,14,0,99,16,0,16,115
06/26/2002,GSN,MP,AWP,WE,Federal Contract Tower,16,15,0,0,31,0,55,24,0,79,16,70,24,0,110,10,0,10,120
06/27/2002,GSN,MP,AWP,WE,Federal Contract Tower,20,15,0,0,35,0,57,22,0,79,20,72,22,0,114,6,0,6,120
06/28/2002,GSN,MP,AWP,WE,Federal Contract Tower,17,13,0,0,30,1,75,16,0,92,18,88,16,0,122,2,0,2,124
06/29/2002,GSN,MP,AWP,WE,Federal Contract Tower,22,13,0,0,35,0,51,36,0,87,22,64,36,0,122,38,0,38,160
06/30/2002,GSN,MP,AWP,WE,Federal Contract Tower,19,14,0,0,33,0,58,16,0,74,19,72,16,0,107,0,0,0,107
07/01/2002,GSN,MP,AWP,WE,Federal Contract Tower,21,13,1,0,35,0,61,18,0,79,21,74,19,0,114,0,0,0,114
07/02/2002,GSN,MP,AWP,WE,Federal Contract Tower,23,15,1,0,39,0,59,27,1,87,23,74,28,1,126,6,0,6,132
07/03/2002,GSN,MP,AWP,WE,Federal Contract Tower,17,14,0,0,31,0,61,23,0,84,17,75,23,0,115,5,0,5,120
07/04/2002,GSN,MP,AWP,WE,Federal Contract Tower,25,9,0,1,35,0,19,2,0,21,25,28,2,1,56,0,0,0,56
07/05/2002,GSN,MP,AWP,WE,Federal Contract Tower,5,0,0,0,5,0,0,0,0,0,5,0,0,0,5,0,0,0,5
07/06/2002,GSN,MP,AWP,WE,Federal Contract Tower,26,11,0,0,37,0,21,18,0,39,26,32,18,0,76,2,0,2,78
07/07/2002,GSN,MP,AWP,WE,Federal Contract Tower,23,12,0,0,35,1,53,24,0,78,24,65,24,0,113,6,0,6,119
07/08/2002,GSN,MP,AWP,WE,Federal Contract Tower,21,14,0,0,35,0,55,28,0,83,21,69,28,0,118,6,0,6,124
07/09/2002,GSN,MP,AWP,WE,Federal Contract Tower,22,10,0,0,32,0,26,48,0,74,22,36,48,0,106,4,0,4,110
07/10/2002,GSN,MP,AWP,WE,Federal Contract Tower,6,2,0,0,8,0,0,13,0,13,6,2,13,0,21,0,0,0,21
07/11/2002,GSN,MP,AWP,WE,Federal Contract Tower,20,3,0,0,23,1,13,16,0,30,21,16,16,0,53,0,0,0,53
07/12/2002,GSN,MP,AWP,WE,Federal Contract Tower,20,13,0,0,33,0,70,12,0,82,20,83,12,0,115,6,0,6,121
07/13/2002,GSN,MP,AWP,WE,Federal Contract Tower,24,12,0,0,36,0,61,22,0,83,24,73,22,0,119,0,0,0,119
07/14/2002,GSN,MP,AWP,WE,Federal Contract Tower,22,13,0,0,35,0,81,26,18,125,22,94,26,18,160,20,0,20,180
07/15/2002,GSN,MP,AWP,WE,Federal Contract Tower,23,14,0,0,37,0,62,22,0,84,23,76,22,0,121,44,0,44,165
07/16/2002,GSN,MP,AWP,WE,Federal Contract Tower,19,14,0,0,33,1,47,30,0,78,20,61,30,0,111,0,0,0,111
07/17/2002,GSN,MP,AWP,WE,Federal Contract Tower,19,15,0,0,34,0,57,13,4,74,19,72,13,4,108,26,0,26,134
07/18/2002,GSN,MP,AWP,WE,Federal Contract Tower,20,15,0,0,35,0,55,21,0,76,20,70,21,0,111,10,0,10,121
07/19/2002,GSN,MP,AWP,WE,Federal Contract Tower,20,13,0,0,33,0,61,20,4,85,20,74,20,4,118,28,0,28,146
07/20/2002,GSN,MP,AWP,WE,Federal Contract Tower,24,11,0,0,35,0,60,13,0,73,24,71,13,0,108,0,0,0,108
07/21/2002,GSN,MP,AWP,WE,Federal Contract Tower,20,14,0,0,34,0,18,4,2,24,20,32,4,2,58,0,0,0,58
07/22/2002,GSN,MP,AWP,WE,Federal Contract Tower,20,14,0,4,38,0,45,0,0,45,20,59,0,4,83,0,0,0,83
07/23/2002,GSN,MP,AWP,WE,Federal Contract Tower,20,19,0,0,39,0,52,2,4,58,20,71,2,4,97,0,0,0,97
07/24/2002,GSN,MP,AWP,WE,Federal Contract Tower,20,15,0,0,35,0,15,2,2,19,20,30,2,2,54,0,0,0,54
07/25/2002,GSN,MP,AWP,WE,Federal Contract Tower,18,17,1,0,36,0,28,3,2,33,18,45,4,2,69,0,0,0,69
07/26/2002,GSN,MP,AWP,WE,Federal Contract Tower,20,14,0,2,36,0,80,10,0,90,20,94,10,2,126,0,0,0,126
07/27/2002,GSN,MP,AWP,WE,Federal Contract Tower,20,15,0,0,35,0,64,9,0,73,20,79,9,0,108,0,0,0,108
07/28/2002,GSN,MP,AWP,WE,Federal Contract Tower,19,16,0,0,35,0,42,7,3,52,19,58,7,3,87,0,2,2,89
07/29/2002,GSN,MP,AWP,WE,Federal Contract Tower,18,16,2,0,36,0,48,10,16,74,18,64,12,16,110,0,0,0,110
07/30/2002,GSN,MP,AWP,WE,Federal Contract Tower,20,15,1,0,36,0,42,10,0,52,20,57,11,0,88,12,0,12,100
07/31/2002,GSN,MP,AWP,WE,Federal Contract Tower,18,14,0,2,34,0,47,16,14,77,18,61,16,16,111,6,0,6,117
08/01/2002,GSN,MP,AWP,WE,Federal Contract Tower,19,18,0,0,37,0,38,21,0,59,19,56,21,0,96,18,0,18,114
08/02/2002,GSN,MP,AWP,WE,Federal Contract Tower,19,15,0,0,34,0,68,20,13,101,19,83,20,13,135,8,0,8,143
08/03/2002,GSN,MP,AWP,WE,Federal Contract Tower,22,13,0,0,35,0,72,26,0,98,22,85,26,0,133,2,0,2,135
08/04/2002,GSN,MP,AWP,WE,Federal Contract Tower,18,14,3,0,35,0,44,13,1,58,18,58,16,1,93,10,0,10,103
08/05/2002,GSN,MP,AWP,WE,Federal Contract Tower,24,13,0,0,37,0,57,10,0,67,24,70,10,0,104,0,0,0,104
08/06/2002,GSN,MP,AWP,WE,Federal Contract Tower,22,12,0,4,38,0,58,2,0,60,22,70,2,4,98,13,0,13,111
08/07/2002,GSN,MP,AWP,WE,Federal Contract Tower,18,12,0,0,30,0,39,30,0,69,18,51,30,0,99,0,0,0,99
08/08/2002,GSN,MP,AWP,WE,Federal Contract Tower,18,13,0,0,31,0,52,16,0,68,18,65,16,0,99,6,0,6,105
08/09/2002,GSN,MP,AWP,WE,Federal Contract Tower,20,16,0,4,40,0,61,17,0,78,20,77,17,4,118,4,0,4,122
08/10/2002,GSN,MP,AWP,WE,Federal Contract Tower,19,12,6,0,37,0,56,20,0,76,19,68,26,0,113,4,0,4,117
08/11/2002,GSN,MP,AWP,WE,Federal Contract Tower,20,13,7,0,40,1,39,26,0,66,21,52,33,0,106,2,0,2,108
08/12/2002,GSN,MP,AWP,WE,Federal Contract Tower,18,11,1,0,30,0,44,30,5,79,18,55,31,5,109,6,6,12,121
08/13/2002,GSN,MP,AWP,WE,Federal Contract Tower,20,8,4,0,32,0,50,31,4,85,20,58,35,4,117,8,0,8,125
08/14/2002,GSN,MP,AWP,WE,Federal Contract Tower,22,11,0,0,33,0,64,16,5,85,22,75,16,5,118,0,0,0,118
08/15/2002,GSN,MP,AWP,WE,Federal Contract Tower,21,12,1,0,34,0,58,36,0,94,21,70,37,0,128,0,0,0,128
08/16/2002,GSN,MP,AWP,WE,Federal Contract Tower,21,15,1,0,37,0,69,18,0,87,21,84,19,0,124,0,0,0,124
08/17/2002,GSN,MP,AWP,WE,Federal Contract Tower,24,11,0,0,35,1,58,28,0,87,25,69,28,0,122,0,0,0,122
08/18/2002,GSN,MP,AWP,WE,Federal Contract Tower,19,11,0,0,30,0,80,14,0,94,19,91,14,0,124,0,0,0,124
08/19/2002,GSN,MP,AWP,WE,Federal Contract Tower,20,15,0,4,39,0,70,14,4,88,20,85,14,8,127,2,0,2,129
08/20/2002,GSN,MP,AWP,WE,Federal Contract Tower,20,13,0,0,33,0,47,16,0,63,20,60,16,0,96,0,0,0,96
08/21/2002,GSN,MP,AWP,WE,Federal Contract Tower,20,15,0,0,35,0,55,20,0,75,20,70,20,0,110,0,0,0,110
08/22/2002,GSN,MP,AWP,WE,Federal Contract Tower,20,14,1,0,35,0,57,25,0,82,20,71,26,0,117,0,0,0,117
08/23/2002,GSN,MP,AWP,WE,Federal Contract Tower,20,13,1,0,34,0,77,16,0,93,20,90,17,0,127,8,0,8,135
08/24/2002,GSN,MP,AWP,WE,Federal Contract Tower,22,12,0,0,34,0,55,4,2,61,22,67,4,2,95,4,0,4,99
08/25/2002,GSN,MP,AWP,WE,Federal Contract Tower,19,10,0,0,29,0,46,14,0,60,19,56,14,0,89,12,0,12,101
08/26/2002,GSN,MP,AWP,WE,Federal Contract Tower,21,14,0,0,35,0,50,12,0,62,21,64,12,0,97,0,0,0,97
08/27/2002,GSN,MP,AWP,WE,Federal Contract Tower,20,13,0,0,33,0,42,9,0,51,20,55,9,0,84,0,0,0,84
08/28/2002,GSN,MP,AWP,WE,Federal Contract Tower,18,8,0,0,26,0,36,2,0,38,18,44,2,0,64,0,0,0,64
08/29/2002,GSN,MP,AWP,WE,Federal Contract Tower,17,12,0,0,29,1,58,14,0,73,18,70,14,0,102,2,0,2,104
08/30/2002,GSN,MP,AWP,WE,Federal Contract Tower,21,11,0,0,32,0,53,12,0,65,21,64,12,0,97,4,0,4,101
08/31/2002,GSN,MP,AWP,WE,Federal Contract Tower,21,15,0,0,36,0,50,13,0,63,21,65,13,0,99,6,0,6,105
09/01/2002,GSN,MP,AWP,WE,Federal Contract Tower,20,11,2,0,33,0,50,23,0,73,20,61,25,0,106,8,0,8,114
09/02/2002,GSN,MP,AWP,WE,Federal Contract Tower,19,14,0,0,33,0,46,26,2,74,19,60,26,2,107,6,2,8,115
09/03/2002,GSN,MP,AWP,WE,Federal Contract Tower,22,11,0,0,33,0,67,10,0,77,22,78,10,0,110,0,0,0,110
09/04/2002,GSN,MP,AWP,WE,Federal Contract Tower,19,14,0,0,33,0,56,18,0,74,19,70,18,0,107,0,0,0,107
09/05/2002,GSN,MP,AWP,WE,Federal Contract Tower,18,14,0,0,32,0,54,34,0,88,18,68,34,0,120,13,0,13,133
09/06/2002,GSN,MP,AWP,WE,Federal Contract Tower,18,13,0,1,32,0,67,34,1,102,18,80,34,2,134,16,0,16,150
09/07/2002,GSN,MP,AWP,WE,Federal Contract Tower,18,15,0,0,33,2,55,25,0,82,20,70,25,0,115,2,0,2,117
09/08/2002,GSN,MP,AWP,WE,Federal Contract Tower,16,12,1,0,29,0,63,21,0,84,16,75,22,0,113,0,0,0,113
09/09/2002,GSN,MP,AWP,WE,Federal Contract Tower,18,14,2,0,34,0,51,14,0,65,18,65,16,0,99,0,0,0,99
09/10/2002,GSN,MP,AWP,WE,Federal Contract Tower,20,13,0,0,33,0,57,22,0,79,20,70,22,0,112,0,0,0,112
09/11/2002,GSN,MP,AWP,WE,Federal Contract Tower,16,13,2,0,31,0,41,26,0,67,16,54,28,0,98,0,0,0,98
09/12/2002,GSN,MP,AWP,WE,Federal Contract Tower,18,10,0,0,28,0,74,9,0,83,18,84,9,0,111,0,0,0,111
09/13/2002,GSN,MP,AWP,WE,Federal Contract Tower,19,13,0,0,32,0,68,20,0,88,19,81,20,0,120,0,0,0,120
09/14/2002,GSN,MP,AWP,WE,Federal Contract Tower,22,11,0,0,33,0,55,18,0,73,22,66,18,0,106,14,0,14,120
09/15/2002,GSN,MP,AWP,WE,Federal Contract Tower,15,12,0,0,27,0,46,27,0,73,15,58,27,0,100,0,0,0,100
09/16/2002,GSN,MP,AWP,WE,Federal Contract Tower,22,9,0,0,31,0,55,34,0,89,22,64,34,0,120,6,0,6,126
09/17/2002,GSN,MP,AWP,WE,Federal Contract Tower,22,14,0,1,37,0,47,22,3,72,22,61,22,4,109,0,0,0,109
09/18/2002,GSN,MP,AWP,WE,Federal Contract Tower,16,16,0,0,32,0,33,10,0,43,16,49,10,0,75,0,0,0,75
09/19/2002,GSN,MP,AWP,WE,Federal Contract Tower,20,13,0,0,33,0,37,4,0,41,20,50,4,0,74,0,0,0,74
09/20/2002,GSN,MP,AWP,WE,Federal Contract Tower,18,18,0,0,36,0,38,2,0,40,18,56,2,0,76,4,0,4,80
09/21/2002,GSN,MP,AWP,WE,Federal Contract Tower,24,14,2,0,40,0,87,32,0,119,24,101,34,0,159,10,0,10,169
09/22/2002,GSN,MP,AWP,WE,Federal Contract Tower,18,11,0,0,29,0,75,43,0,118,18,86,43,0,147,6,0,6,153
09/23/2002,GSN,MP,AWP,WE,Federal Contract Tower,20,14,0,0,34,1,79,42,0,122,21,93,42,0,156,0,0,0,156
09/24/2002,GSN,MP,AWP,WE,Federal Contract Tower,21,14,0,0,35,0,47,8,4,59,21,61,8,4,94,0,0,0,94
09/25/2002,GSN,MP,AWP,WE,Federal Contract Tower,16,9,0,0,25,0,53,12,0,65,16,62,12,0,90,0,0,0,90
09/26/2002,GSN,MP,AWP,WE,Federal Contract Tower,20,12,0,0,32,0,32,12,6,50,20,44,12,6,82,4,0,4,86
09/27/2002,GSN,MP,AWP,WE,Federal Contract Tower,16,16,0,0,32,0,70,30,0,100,16,86,30,0,132,0,0,0,132
09/28/2002,GSN,MP,AWP,WE,Federal Contract Tower,20,14,0,6,40,0,58,20,0,78,20,72,20,6,118,0,6,6,124
09/29/2002,GSN,MP,AWP,WE,Federal Contract Tower,18,13,2,6,39,0,51,18,10,79,18,64,20,16,118,2,2,4,122
09/30/2002,GSN,MP,AWP,WE,Federal Contract Tower,18,11,0,0,29,0,49,12,0,61,18,60,12,0,90,0,0,0,90
10/01/2002,GSN,MP,AWP,WE,Federal Contract Tower,20,13,1,0,34,0,53,13,0,66,20,66,14,0,100,0,0,0,100
10/02/2002,GSN,MP,AWP,WE,Federal Contract Tower,14,13,0,0,27,0,54,20,0,74,14,67,20,0,101,0,0,0,101
10/03/2002,GSN,MP,AWP,WE,Federal Contract Tower,18,13,0,0,31,0,52,19,0,71,18,65,19,0,102,0,0,0,102
10/04/2002,GSN,MP,AWP,WE,Federal Contract Tower,17,13,0,0,30,0,75,24,0,99,17,88,24,0,129,11,0,11,140
10/05/2002,GSN,MP,AWP,WE,Federal Contract Tower,21,14,0,0,35,0,77,13,0,90,21,91,13,0,125,4,0,4,129
10/06/2002,GSN,MP,AWP,WE,Federal Contract Tower,22,13,0,0,35,0,59,11,0,70,22,72,11,0,105,2,0,2,107
10/07/2002,GSN,MP,AWP,WE,Federal Contract Tower,18,15,0,0,33,0,69,20,0,89,18,84,20,0,122,0,0,0,122
10/08/2002,GSN,MP,AWP,WE,Federal Contract Tower,20,13,0,6,39,0,55,27,0,82,20,68,27,6,121,0,0,0,121
10/09/2002,GSN,MP,AWP,WE,Federal Contract Tower,16,14,0,0,30,0,38,12,0,50,16,52,12,0,80,4,0,4,84
10/10/2002,GSN,MP,AWP,WE,Federal Contract Tower,19,21,0,4,44,0,18,5,4,27,19,39,5,8,71,0,0,0,71
10/11/2002,GSN,MP,AWP,WE,Federal Contract Tower,20,16,0,2,38,0,48,6,0,54,20,64,6,2,92,18,0,18,110
10/12/2002,GSN,MP,AWP,WE,Federal Contract Tower,21,12,0,0,33,0,60,34,0,94,21,72,34,0,127,0,0,0,127
10/13/2002,GSN,MP,AWP,WE,Federal Contract Tower,18,14,0,0,32,0,81,22,0,103,18,95,22,0,135,12,0,12,147
10/14/2002,GSN,MP,AWP,WE,Federal Contract Tower,18,16,2,0,36,0,60,24,0,84,18,76,26,0,120,4,0,4,124
10/15/2002,GSN,MP,AWP,WE,Federal Contract Tower,19,12,0,16,47,1,51,26,0,78,20,63,26,16,125,2,0,2,127
10/16/2002,GSN,MP,AWP,WE,Federal Contract Tower,16,14,2,0,32,0,46,27,0,73,16,60,29,0,105,2,0,2,107
10/17/2002,GSN,MP,AWP,WE,Federal Contract Tower,16,14,0,0,30,0,52,20,0,72,16,66,20,0,102,0,0,0,102
10/18/2002,GSN,MP,AWP,WE,Federal Contract Tower,20,11,0,0,31,0,57,15,3,75,20,68,15,3,106,0,0,0,106
10/19/2002,GSN,MP,AWP,WE,Federal Contract Tower,21,10,2,0,33,0,49,22,1,72,21,59,24,1,105,0,0,0,105
10/20/2002,GSN,MP,AWP,WE,Federal Contract Tower,17,9,0,0,26,0,32,18,0,50,17,41,18,0,76,4,0,4,80
10/21/2002,GSN,MP,AWP,WE,Federal Contract Tower,18,10,2,0,30,0,40,24,4,68,18,50,26,4,98,0,0,0,98
10/22/2002,GSN,MP,AWP,WE,Federal Contract Tower,21,10,0,0,31,0,62,19,0,81,21,72,19,0,112,0,0,0,112
10/23/2002,GSN,MP,AWP,WE,Federal Contract Tower,17,15,0,0,32,0,39,30,0,69,17,54,30,0,101,6,0,6,107
10/24/2002,GSN,MP,AWP,WE,Federal Contract Tower,18,11,0,0,29,0,46,32,0,78,18,57,32,0,107,6,0,6,113
10/25/2002,GSN,MP,AWP,WE,Federal Contract Tower,16,11,0,2,29,0,57,10,0,67,16,68,10,2,96,2,0,2,98
10/26/2002,GSN,MP,AWP,WE,Federal Contract Tower,20,10,0,0,30,0,49,22,0,71,20,59,22,0,101,0,0,0,101
10/27/2002,GSN,MP,AWP,WE,Federal Contract Tower,16,9,0,0,25,0,44,23,0,67,16,53,23,0,92,9,0,9,101
10/28/2002,GSN,MP,AWP,WE,Federal Contract Tower,18,10,0,0,28,0,44,30,0,74,18,54,30,0,102,8,0,8,110
10/29/2002,GSN,MP,AWP,WE,Federal Contract Tower,20,10,0,0,30,0,55,24,0,79,20,65,24,0,109,14,0,14,123
10/30/2002,GSN,MP,AWP,WE,Federal Contract Tower,16,11,15,0,42,0,54,9,0,63,16,65,24,0,105,10,0,10,115
10/31/2002,GSN,MP,AWP,WE,Federal Contract Tower,18,12,0,0,30,0,54,22,0,76,18,66,22,0,106,0,0,0,106
11/01/2002,GSN,MP,AWP,WE,Federal Contract Tower,15,15,1,0,31,1,51,18,0,70,16,66,19,0,101,0,0,0,101
11/02/2002,GSN,MP,AWP,WE,Federal Contract Tower,22,13,0,0,35,1,73,23,4,101,23,86,23,4,136,0,0,0,136
11/03/2002,GSN,MP,AWP,WE,Federal Contract Tower,17,15,3,0,35,1,44,35,0,80,18,59,38,0,115,14,0,14,129
11/04/2002,GSN,MP,AWP,WE,Federal Contract Tower,21,14,0,0,35,0,56,30,0,86,21,70,30,0,121,10,0,10,131
11/05/2002,GSN,MP,AWP,WE,Federal Contract Tower,20,13,0,0,33,0,56,30,0,86,20,69,30,0,119,4,0,4,123
11/06/2002,GSN,MP,AWP,WE,Federal Contract Tower,16,14,0,0,30,0,73,28,0,101,16,87,28,0,131,4,0,4,135
11/07/2002,GSN,MP,AWP,WE,Federal Contract Tower,18,13,2,0,33,0,59,18,0,77,18,72,20,0,110,8,0,8,118
11/08/2002,GSN,MP,AWP,WE,Federal Contract Tower,18,14,0,0,32,0,102,29,0,131,18,116,29,0,163,0,0,0,163
11/09/2002,GSN,MP,AWP,WE,Federal Contract Tower,20,11,0,0,31,0,82,34,0,116,20,93,34,0,147,8,0,8,155
11/10/2002,GSN,MP,AWP,WE,Federal Contract Tower,16,12,0,0,28,0,46,22,0,68,16,58,22,0,96,8,0,8,104
11/11/2002,GSN,MP,AWP,WE,Federal Contract Tower,18,15,0,0,33,0,56,19,0,75,18,71,19,0,108,2,0,2,110
11/12/2002,GSN,MP,AWP,WE,Federal Contract Tower,20,14,0,0,34,0,49,12,0,61,20,63,12,0,95,0,0,0,95
11/13/2002,GSN,MP,AWP,WE,Federal Contract Tower,16,12,0,0,28,0,54,38,0,92,16,66,38,0,120,0,0,0,120
11/14/2002,GSN,MP,AWP,WE,Federal Contract Tower,18,16,0,0,34,0,64,30,0,94,18,80,30,0,128,0,0,0,128
11/15/2002,GSN,MP,AWP,WE,Federal Contract Tower,16,17,0,0,33,0,80,17,0,97,16,97,17,0,130,0,0,0,130
11/16/2002,GSN,MP,AWP,WE,Federal Contract Tower,21,18,0,0,39,0,83,30,0,113,21,101,30,0,152,0,0,0,152
11/17/2002,GSN,MP,AWP,WE,Federal Contract Tower,20,14,4,0,38,0,66,39,0,105,20,80,43,0,143,2,0,2,145
11/18/2002,GSN,MP,AWP,WE,Federal Contract Tower,19,15,0,0,34,0,53,36,0,89,19,68,36,0,123,0,0,0,123
11/19/2002,GSN,MP,AWP,WE,Federal Contract Tower,23,15,0,0,38,1,60,8,0,69,24,75,8,0,107,0,0,0,107
11/20/2002,GSN,MP,AWP,WE,Federal Contract Tower,17,19,0,0,36,1,30,0,0,31,18,49,0,0,67,0,0,0,67
11/21/2002,GSN,MP,AWP,WE,Federal Contract Tower,18,22,0,0,40,0,41,2,0,43,18,63,2,0,83,0,0,0,83
11/22/2002,GSN,MP,AWP,WE,Federal Contract Tower,16,14,0,0,30,0,58,11,0,69,16,72,11,0,99,0,0,0,99
11/23/2002,GSN,MP,AWP,WE,Federal Contract Tower,20,10,0,0,30,0,56,14,8,78,20,66,14,8,108,0,0,0,108
11/24/2002,GSN,MP,AWP,WE,Federal Contract Tower,16,12,0,0,28,0,72,31,0,103,16,84,31,0,131,4,0,4,135
11/25/2002,GSN,MP,AWP,WE,Federal Contract Tower,18,13,0,0,31,0,55,24,0,79,18,68,24,0,110,4,0,4,114
11/26/2002,GSN,MP,AWP,WE,Federal Contract Tower,20,14,0,0,34,0,60,29,0,89,20,74,29,0,123,10,0,10,133
11/27/2002,GSN,MP,AWP,WE,Federal Contract Tower,16,12,0,0,28,0,65,22,0,87,16,77,22,0,115,0,0,0,115
11/28/2002,GSN,MP,AWP,WE,Federal Contract Tower,20,14,0,0,34,0,50,10,0,60,20,64,10,0,94,0,0,0,94
11/29/2002,GSN,MP,AWP,WE,Federal Contract Tower,16,15,0,0,31,0,66,17,0,83,16,81,17,0,114,4,0,4,118
11/30/2002,GSN,MP,AWP,WE,Federal Contract Tower,24,16,0,0,40,0,80,25,4,109,24,96,25,4,149,2,0,2,151
12/01/2002,GSN,MP,AWP,WE,Federal Contract Tower,16,14,1,0,31,0,58,26,2,86,16,72,27,2,117,4,0,4,121
12/02/2002,GSN,MP,AWP,WE,Federal Contract Tower,19,14,0,0,33,0,51,28,0,79,19,65,28,0,112,6,0,6,118
12/03/2002,GSN,MP,AWP,WE,Federal Contract Tower,19,15,0,0,34,1,40,16,0,57,20,55,16,0,91,6,0,6,97
12/04/2002,GSN,MP,AWP,WE,Federal Contract Tower,18,14,1,0,33,0,38,18,0,56,18,52,19,0,89,0,0,0,89
12/05/2002,GSN,MP,AWP,WE,Federal Contract Tower,18,13,0,4,35,0,39,26,2,67,18,52,26,6,102,26,0,26,128
12/06/2002,GSN,MP,AWP,WE,Federal Contract Tower,16,11,0,0,27,0,45,17,0,62,16,56,17,0,89,24,0,24,113
12/07/2002,GSN,MP,AWP,WE,Federal Contract Tower,21,3,0,0,24,0,9,11,0,20,21,12,11,0,44,0,0,0,44
12/08/2002,GSN,MP,AWP,WE,Federal Contract Tower,0,0,0,0,0,0,0,0,0,0,0,0,0,0,0,0,0,0,0
12/09/2002,GSN,MP,AWP,WE,Federal Contract Tower,10,0,0,0,10,9,29,17,1,56,19,29,17,1,66,0,0,0,66
12/10/2002,GSN,MP,AWP,WE,Federal Contract Tower,10,0,0,0,10,0,0,0,0,0,10,0,0,0,10,0,0,0,10
12/11/2002,GSN,MP,AWP,WE,Federal Contract Tower,16,12,0,1,29,0,42,17,4,63,16,54,17,5,92,0,0,0,92
12/12/2002,GSN,MP,AWP,WE,Federal Contract Tower,19,14,0,0,33,0,80,22,0,102,19,94,22,0,135,0,0,0,135
12/13/2002,GSN,MP,AWP,WE,Federal Contract Tower,20,14,0,0,34,0,82,18,0,100,20,96,18,0,134,24,0,24,158
12/14/2002,GSN,MP,AWP,WE,Federal Contract Tower,22,12,0,0,34,0,63,29,0,92,22,75,29,0,126,17,0,17,143
12/15/2002,GSN,MP,AWP,WE,Federal Contract Tower,19,14,2,0,35,0,59,14,0,73,19,73,16,0,108,5,0,5,113
12/16/2002,GSN,MP,AWP,WE,Federal Contract Tower,19,12,0,4,35,0,47,27,0,74,19,59,27,4,109,10,0,10,119
12/17/2002,GSN,MP,AWP,WE,Federal Contract Tower,21,16,0,0,37,0,56,8,0,64,21,72,8,0,101,0,0,0,101
12/18/2002,GSN,MP,AWP,WE,Federal Contract Tower,20,11,2,0,33,0,49,22,0,71,20,60,24,0,104,2,0,2,106
12/19/2002,GSN,MP,AWP,WE,Federal Contract Tower,21,12,0,0,33,0,57,15,4,76,21,69,15,4,109,0,0,0,109
12/20/2002,GSN,MP,AWP,WE,Federal Contract Tower,21,12,0,0,33,0,55,4,0,59,21,67,4,0,92,0,0,0,92
12/21/2002,GSN,MP,AWP,WE,Federal Contract Tower,22,14,0,0,36,0,66,20,0,86,22,80,20,0,122,8,0,8,130
12/22/2002,GSN,MP,AWP,WE,Federal Contract Tower,24,12,0,0,36,0,45,12,0,57,24,57,12,0,93,20,0,20,113
12/23/2002,GSN,MP,AWP,WE,Federal Contract Tower,20,20,0,0,40,0,50,20,0,70,20,70,20,0,110,4,0,4,114
12/24/2002,GSN,MP,AWP,WE,Federal Contract Tower,26,13,0,0,39,0,78,28,0,106,26,91,28,0,145,0,0,0,145
12/25/2002,GSN,MP,AWP,WE,Federal Contract Tower,18,12,1,0,31,0,34,6,0,40,18,46,7,0,71,8,0,8,79
12/26/2002,GSN,MP,AWP,WE,Federal Contract Tower,20,14,2,0,36,0,44,14,2,60,20,58,16,2,96,0,0,0,96
12/27/2002,GSN,MP,AWP,WE,Federal Contract Tower,22,16,1,0,39,0,77,14,0,91,22,93,15,0,130,14,0,14,144
12/28/2002,GSN,MP,AWP,WE,Federal Contract Tower,24,14,0,0,38,0,66,20,0,86,24,80,20,0,124,4,0,4,128
12/29/2002,GSN,MP,AWP,WE,Federal Contract Tower,25,9,0,0,34,0,39,18,0,57,25,48,18,0,91,0,0,0,91
12/30/2002,GSN,MP,AWP,WE,Federal Contract Tower,30,17,0,0,47,0,65,28,4,97,30,82,28,4,144,2,0,2,146
12/31/2002,GSN,MP,AWP,WE,Federal Contract Tower,29,12,0,0,41,0,69,28,0,97,29,81,28,0,138,8,0,8,146
01/01/2003,GSN,MP,AWP,WE,Federal Contract Tower,26,11,0,0,37,0,64,34,0,98,26,75,34,0,135,0,0,0,135
01/02/2003,GSN,MP,AWP,WE,Federal Contract Tower,30,8,0,0,38,0,69,36,0,105,30,77,36,0,143,0,0,0,143
01/03/2003,GSN,MP,AWP,WE,Federal Contract Tower,30,13,0,0,43,0,68,28,0,96,30,81,28,0,139,0,0,0,139
01/04/2003,GSN,MP,AWP,WE,Federal Contract Tower,28,13,0,0,41,0,38,8,0,46,28,51,8,0,87,0,0,0,87
01/05/2003,GSN,MP,AWP,WE,Federal Contract Tower,27,13,0,0,40,0,42,19,0,61,27,55,19,0,101,0,0,0,101
01/06/2003,GSN,MP,AWP,WE,Federal Contract Tower,26,13,2,0,41,0,31,12,2,45,26,44,14,2,86,0,0,0,86
01/07/2003,GSN,MP,AWP,WE,Federal Contract Tower,27,13,0,0,40,0,61,13,2,76,27,74,13,2,116,0,0,0,116
01/08/2003,GSN,MP,AWP,WE,Federal Contract Tower,20,12,0,0,32,0,53,17,0,70,20,65,17,0,102,2,0,2,104
01/09/2003,GSN,MP,AWP,WE,Federal Contract Tower,20,13,1,0,34,0,53,19,2,74,20,66,20,2,108,0,0,0,108
01/10/2003,GSN,MP,AWP,WE,Federal Contract Tower,22,11,2,0,35,0,82,8,0,90,22,93,10,0,125,12,0,12,137
01/11/2003,GSN,MP,AWP,WE,Federal Contract Tower,21,9,0,0,30,1,80,10,0,91,22,89,10,0,121,0,0,0,121
01/12/2003,GSN,MP,AWP,WE,Federal Contract Tower,22,10,0,0,32,0,56,22,0,78,22,66,22,0,110,0,0,0,110
01/13/2003,GSN,MP,AWP,WE,Federal Contract Tower,20,11,0,0,31,0,44,24,0,68,20,55,24,0,99,0,0,0,99
01/14/2003,GSN,MP,AWP,WE,Federal Contract Tower,24,14,0,0,38,0,50,12,2,64,24,64,12,2,102,0,0,0,102
01/15/2003,GSN,MP,AWP,WE,Federal Contract Tower,20,12,0,0,32,0,51,20,0,71,20,63,20,0,103,0,0,0,103
01/16/2003,GSN,MP,AWP,WE,Federal Contract Tower,20,13,0,0,33,0,47,22,0,69,20,60,22,0,102,2,0,2,104
01/17/2003,GSN,MP,AWP,WE,Federal Contract Tower,20,14,1,0,35,0,58,11,0,69,20,72,12,0,104,2,0,2,106
01/18/2003,GSN,MP,AWP,WE,Federal Contract Tower,23,6,1,0,30,0,5,1,0,6,23,11,2,0,36,0,0,0,36
01/19/2003,GSN,MP,AWP,WE,Federal Contract Tower,17,7,0,0,24,3,0,18,0,21,20,7,18,0,45,0,0,0,45
01/20/2003,GSN,MP,AWP,WE,Federal Contract Tower,23,13,0,0,36,0,65,15,0,80,23,78,15,0,116,6,0,6,122
01/21/2003,GSN,MP,AWP,WE,Federal Contract Tower,24,11,0,0,35,0,53,19,0,72,24,64,19,0,107,2,0,2,109
01/22/2003,GSN,MP,AWP,WE,Federal Contract Tower,20,11,0,0,31,0,43,24,4,71,20,54,24,4,102,4,0,4,106
01/23/2003,GSN,MP,AWP,WE,Federal Contract Tower,20,13,0,0,33,0,48,13,0,61,20,61,13,0,94,0,0,0,94
01/24/2003,GSN,MP,AWP,WE,Federal Contract Tower,23,12,1,0,36,0,30,10,0,40,23,42,11,0,76,0,0,0,76
01/25/2003,GSN,MP,AWP,WE,Federal Contract Tower,23,13,0,12,48,0,25,4,0,29,23,38,4,12,77,0,0,0,77
01/26/2003,GSN,MP,AWP,WE,Federal Contract Tower,20,11,0,1,32,0,5,2,0,7,20,16,2,1,39,0,0,0,39
01/27/2003,GSN,MP,AWP,WE,Federal Contract Tower,20,12,0,0,32,0,58,17,0,75,20,70,17,0,107,0,0,0,107
01/28/2003,GSN,MP,AWP,WE,Federal Contract Tower,22,12,0,1,35,0,42,19,6,67,22,54,19,7,102,4,0,4,106
01/29/2003,GSN,MP,AWP,WE,Federal Contract Tower,20,15,0,0,35,0,58,12,0,70,20,73,12,0,105,2,0,2,107
01/30/2003,GSN,MP,AWP,WE,Federal Contract Tower,19,12,0,0,31,1,66,25,0,92,20,78,25,0,123,24,0,24,147
01/31/2003,GSN,MP,AWP,WE,Federal Contract Tower,20,13,4,0,37,0,58,12,0,70,20,71,16,0,107,0,0,0,107
02/01/2003,GSN,MP,AWP,WE,Federal Contract Tower,22,13,0,0,35,0,62,21,0,83,22,75,21,0,118,4,0,4,122
02/02/2003,GSN,MP,AWP,WE,Federal Contract Tower,20,12,1,0,33,0,48,6,0,54,20,60,7,0,87,0,0,0,87
02/03/2003,GSN,MP,AWP,WE,Federal Contract Tower,22,11,1,0,34,0,70,18,0,88,22,81,19,0,122,0,0,0,122
02/04/2003,GSN,MP,AWP,WE,Federal Contract Tower,22,12,0,0,34,0,53,8,0,61,22,65,8,0,95,0,0,0,95
02/05/2003,GSN,MP,AWP,WE,Federal Contract Tower,18,13,2,0,33,0,45,29,0,74,18,58,31,0,107,4,0,4,111
02/06/2003,GSN,MP,AWP,WE,Federal Contract Tower,20,12,0,0,32,0,50,23,0,73,20,62,23,0,105,0,0,0,105
02/07/2003,GSN,MP,AWP,WE,Federal Contract Tower,18,14,1,1,34,0,46,9,3,58,18,60,10,4,92,0,0,0,92
02/08/2003,GSN,MP,AWP,WE,Federal Contract Tower,29,11,0,0,40,0,72,10,2,84,29,83,10,2,124,4,0,4,128
02/09/2003,GSN,MP,AWP,WE,Federal Contract Tower,18,11,3,0,32,0,78,18,0,96,18,89,21,0,128,4,0,4,132
02/10/2003,GSN,MP,AWP,WE,Federal Contract Tower,19,14,2,0,35,1,66,20,0,87,20,80,22,0,122,0,0,0,122
02/11/2003,GSN,MP,AWP,WE,Federal Contract Tower,24,11,0,0,35,0,45,30,0,75,24,56,30,0,110,0,0,0,110
02/12/2003,GSN,MP,AWP,WE,Federal Contract Tower,18,13,0,0,31,0,70,6,0,76,18,83,6,0,107,0,0,0,107
02/13/2003,GSN,MP,AWP,WE,Federal Contract Tower,20,12,0,0,32,0,62,26,0,88,20,74,26,0,120,0,0,0,120
02/14/2003,GSN,MP,AWP,WE,Federal Contract Tower,19,13,0,0,32,0,74,13,0,87,19,87,13,0,119,6,0,6,125
02/15/2003,GSN,MP,AWP,WE,Federal Contract Tower,22,12,0,0,34,0,74,28,0,102,22,86,28,0,136,12,0,12,148
02/16/2003,GSN,MP,AWP,WE,Federal Contract Tower,18,10,0,0,28,0,55,25,0,80,18,65,25,0,108,8,0,8,116
02/17/2003,GSN,MP,AWP,WE,Federal Contract Tower,20,12,0,0,32,0,47,10,0,57,20,59,10,0,89,0,0,0,89
02/18/2003,GSN,MP,AWP,WE,Federal Contract Tower,22,11,0,0,33,0,34,16,4,54,22,45,16,4,87,0,0,0,87
02/19/2003,GSN,MP,AWP,WE,Federal Contract Tower,18,11,2,0,31,0,51,24,4,79,18,62,26,4,110,4,0,4,114
02/20/2003,GSN,MP,AWP,WE,Federal Contract Tower,20,12,0,0,32,0,50,19,4,73,20,62,19,4,105,30,0,30,135
02/21/2003,GSN,MP,AWP,WE,Federal Contract Tower,18,11,0,0,29,0,64,34,2,100,18,75,34,2,129,6,0,6,135
02/22/2003,GSN,MP,AWP,WE,Federal Contract Tower,23,12,2,5,42,0,78,31,9,118,23,90,33,14,160,2,0,2,162
02/23/2003,GSN,MP,AWP,WE,Federal Contract Tower,19,11,2,0,32,0,71,33,0,104,19,82,35,0,136,8,0,8,144
02/24/2003,GSN,MP,AWP,WE,Federal Contract Tower,21,12,0,0,33,0,60,16,4,80,21,72,16,4,113,0,0,0,113
02/25/2003,GSN,MP,AWP,WE,Federal Contract Tower,24,11,2,0,37,1,52,24,4,81,25,63,26,4,118,0,0,0,118
02/26/2003,GSN,MP,AWP,WE,Federal Contract Tower,18,12,0,0,30,0,50,18,0,68,18,62,18,0,98,0,0,0,98
02/27/2003,GSN,MP,AWP,WE,Federal Contract Tower,21,12,0,0,33,0,62,20,0,82,21,74,20,0,115,4,0,4,119
02/28/2003,GSN,MP,AWP,WE,Federal Contract Tower,21,10,0,2,33,0,85,16,0,101,21,95,16,2,134,4,0,4,138
03/01/2003,GSN,MP,AWP,WE,Federal Contract Tower,24,14,0,0,38,0,45,4,0,49,24,59,4,0,87,0,0,0,87
03/02/2003,GSN,MP,AWP,WE,Federal Contract Tower,18,10,0,0,28,0,47,15,0,62,18,57,15,0,90,12,0,12,102
03/03/2003,GSN,MP,AWP,WE,Federal Contract Tower,22,34,1,0,57,0,11,7,0,18,22,45,8,0,75,6,0,6,81
03/04/2003,GSN,MP,AWP,WE,Federal Contract Tower,20,12,1,0,33,0,54,24,0,78,20,66,25,0,111,0,0,0,111
03/05/2003,GSN,MP,AWP,WE,Federal Contract Tower,20,11,0,0,31,0,37,10,2,49,20,48,10,2,80,0,0,0,80
03/06/2003,GSN,MP,AWP,WE,Federal Contract Tower,19,13,0,0,32,0,58,21,0,79,19,71,21,0,111,0,0,0,111
03/07/2003,GSN,MP,AWP,WE,Federal Contract Tower,19,12,0,0,31,0,74,16,4,94,19,86,16,4,125,0,0,0,125
03/08/2003,GSN,MP,AWP,WE,Federal Contract Tower,22,14,1,0,37,0,62,9,0,71,22,76,10,0,108,0,0,0,108
03/09/2003,GSN,MP,AWP,WE,Federal Contract Tower,17,10,4,0,31,1,51,10,0,62,18,61,14,0,93,2,0,2,95
03/10/2003,GSN,MP,AWP,WE,Federal Contract Tower,17,12,0,0,29,1,61,8,2,72,18,73,8,2,101,0,0,0,101
03/11/2003,GSN,MP,AWP,WE,Federal Contract Tower,20,12,0,0,32,0,41,18,0,59,20,53,18,0,91,0,0,0,91
03/12/2003,GSN,MP,AWP,WE,Federal Contract Tower,18,16,0,1,35,0,47,9,0,56,18,63,9,1,91,0,0,0,91
03/13/2003,GSN,MP,AWP,WE,Federal Contract Tower,20,12,0,0,32,0,53,12,0,65,20,65,12,0,97,0,0,0,97
03/14/2003,GSN,MP,AWP,WE,Federal Contract Tower,19,13,0,0,32,0,74,2,0,76,19,87,2,0,108,0,0,0,108
03/15/2003,GSN,MP,AWP,WE,Federal Contract Tower,21,10,1,0,32,0,69,9,0,78,21,79,10,0,110,0,0,0,110
03/16/2003,GSN,MP,AWP,WE,Federal Contract Tower,18,13,0,0,31,0,67,6,0,73,18,80,6,0,104,0,0,0,104
03/17/2003,GSN,MP,AWP,WE,Federal Contract Tower,18,11,1,0,30,0,27,0,0,27,18,38,1,0,57,0,0,0,57
03/18/2003,GSN,MP,AWP,WE,Federal Contract Tower,20,13,0,0,33,0,51,17,0,68,20,64,17,0,101,0,0,0,101
03/19/2003,GSN,MP,AWP,WE,Federal Contract Tower,18,14,0,0,32,0,37,10,4,51,18,51,10,4,83,0,0,0,83
03/20/2003,GSN,MP,AWP,WE,Federal Contract Tower,18,16,0,0,34,0,54,18,0,72,18,70,18,0,106,0,0,0,106
03/21/2003,GSN,MP,AWP,WE,Federal Contract Tower,20,14,0,0,34,0,60,23,0,83,20,74,23,0,117,0,0,0,117
03/22/2003,GSN,MP,AWP,WE,Federal Contract Tower,22,13,0,0,35,0,77,17,0,94,22,90,17,0,129,12,0,12,141
03/23/2003,GSN,MP,AWP,WE,Federal Contract Tower,19,11,1,0,31,0,54,17,0,71,19,65,18,0,102,12,0,12,114
03/24/2003,GSN,MP,AWP,WE,Federal Contract Tower,20,14,1,0,35,0,49,11,0,60,20,63,12,0,95,14,0,14,109
03/25/2003,GSN,MP,AWP,WE,Federal Contract Tower,23,12,0,0,35,0,44,5,0,49,23,56,5,0,84,0,0,0,84
03/26/2003,GSN,MP,AWP,WE,Federal Contract Tower,18,11,0,0,29,0,41,4,0,45,18,52,4,0,74,0,0,0,74
03/27/2003,GSN,MP,AWP,WE,Federal Contract Tower,18,13,0,0,31,0,45,11,0,56,18,58,11,0,87,26,0,26,113
03/28/2003,GSN,MP,AWP,WE,Federal Contract Tower,18,10,0,0,28,0,67,6,0,73,18,77,6,0,101,0,0,0,101
03/29/2003,GSN,MP,AWP,WE,Federal Contract Tower,20,10,0,0,30,0,54,6,0,60,20,64,6,0,90,0,0,0,90
03/30/2003,GSN,MP,AWP,WE,Federal Contract Tower,18,11,0,0,29,0,55,12,0,67,18,66,12,0,96,2,0,2,98
03/31/2003,GSN,MP,AWP,WE,Federal Contract Tower,18,12,0,0,30,0,35,2,0,37,18,47,2,0,67,0,0,0,67
04/01/2003,GSN,MP,AWP,WE,Federal Contract Tower,20,12,0,0,32,0,36,4,0,40,20,48,4,0,72,2,0,2,74
04/02/2003,GSN,MP,AWP,WE,Federal Contract Tower,18,12,0,3,33,0,28,18,2,48,18,40,18,5,81,0,0,0,81
04/03/2003,GSN,MP,AWP,WE,Federal Contract Tower,16,12,0,1,29,0,44,0,0,44,16,56,0,1,73,0,0,0,73
04/04/2003,GSN,MP,AWP,WE,Federal Contract Tower,18,14,0,0,32,0,62,15,0,77,18,76,15,0,109,0,0,0,109
04/05/2003,GSN,MP,AWP,WE,Federal Contract Tower,22,9,0,0,31,0,69,6,0,75,22,78,6,0,106,2,0,2,108
04/06/2003,GSN,MP,AWP,WE,Federal Contract Tower,20,12,0,0,32,0,35,8,0,43,20,47,8,0,75,12,0,12,87
04/07/2003,GSN,MP,AWP,WE,Federal Contract Tower,18,10,1,0,29,0,40,11,2,53,18,50,12,2,82,4,0,4,86
04/08/2003,GSN,MP,AWP,WE,Federal Contract Tower,18,12,1,2,33,0,45,4,0,49,18,57,5,2,82,0,0,0,82
04/09/2003,GSN,MP,AWP,WE,Federal Contract Tower,18,12,0,0,30,0,40,14,4,58,18,52,14,4,88,0,0,0,88
04/10/2003,GSN,MP,AWP,WE,Federal Contract Tower,16,14,0,2,32,0,48,18,0,66,16,62,18,2,98,2,0,2,100
04/11/2003,GSN,MP,AWP,WE,Federal Contract Tower,18,13,1,4,36,0,53,23,0,76,18,66,24,4,112,2,0,2,114
04/12/2003,GSN,MP,AWP,WE,Federal Contract Tower,18,9,0,0,27,0,53,18,0,71,18,62,18,0,98,8,0,8,106
04/13/2003,GSN,MP,AWP,WE,Federal Contract Tower,16,14,0,0,30,0,18,11,0,29,16,32,11,0,59,8,0,8,67
04/14/2003,GSN,MP,AWP,WE,Federal Contract Tower,18,12,0,0,30,0,8,10,4,22,18,20,10,4,52,0,0,0,52
04/15/2003,GSN,MP,AWP,WE,Federal Contract Tower,18,13,3,0,34,0,20,3,0,23,18,33,6,0,57,0,0,0,57
04/16/2003,GSN,MP,AWP,WE,Federal Contract Tower,18,12,0,0,30,0,66,12,0,78,18,78,12,0,108,2,0,2,110
04/17/2003,GSN,MP,AWP,WE,Federal Contract Tower,14,14,2,0,30,0,60,6,0,66,14,74,8,0,96,0,0,0,96
04/18/2003,GSN,MP,AWP,WE,Federal Contract Tower,20,13,1,4,38,0,37,16,0,53,20,50,17,4,91,0,0,0,91
04/19/2003,GSN,MP,AWP,WE,Federal Contract Tower,18,8,1,0,27,0,54,21,0,75,18,62,22,0,102,0,0,0,102
04/20/2003,GSN,MP,AWP,WE,Federal Contract Tower,18,13,0,0,31,0,31,10,0,41,18,44,10,0,72,0,0,0,72
04/21/2003,GSN,MP,AWP,WE,Federal Contract Tower,18,14,0,0,32,0,40,16,0,56,18,54,16,0,88,0,0,0,88
04/22/2003,GSN,MP,AWP,WE,Federal Contract Tower,16,12,0,0,28,0,39,12,11,62,16,51,12,11,90,0,0,0,90
04/23/2003,GSN,MP,AWP,WE,Federal Contract Tower,16,12,0,0,28,0,46,15,8,69,16,58,15,8,97,8,0,8,105
04/24/2003,GSN,MP,AWP,WE,Federal Contract Tower,16,11,0,0,27,0,42,16,8,66,16,53,16,8,93,0,0,0,93
04/25/2003,GSN,MP,AWP,WE,Federal Contract Tower,18,15,2,0,35,0,78,8,4,90,18,93,10,4,125,0,0,0,125
04/26/2003,GSN,MP,AWP,WE,Federal Contract Tower,18,13,4,4,39,0,56,1,8,65,18,69,5,12,104,0,18,18,122
04/27/2003,GSN,MP,AWP,WE,Federal Contract Tower,16,14,2,2,34,0,50,20,2,72,16,64,22,4,106,0,0,0,106
04/28/2003,GSN,MP,AWP,WE,Federal Contract Tower,17,14,0,1,32,0,19,0,0,19,17,33,0,1,51,0,0,0,51
04/29/2003,GSN,MP,AWP,WE,Federal Contract Tower,19,17,0,0,36,0,19,21,3,43,19,36,21,3,79,22,0,22,101
04/30/2003,GSN,MP,AWP,WE,Federal Contract Tower,18,11,0,3,32,0,46,10,7,63,18,57,10,10,95,0,2,2,97
05/01/2003,GSN,MP,AWP,WE,Federal Contract Tower,18,12,0,3,33,0,76,20,3,99,18,88,20,6,132,0,0,0,132
05/02/2003,GSN,MP,AWP,WE,Federal Contract Tower,20,13,0,0,33,0,93,21,6,120,20,106,21,6,153,0,0,0,153
05/03/2003,GSN,MP,AWP,WE,Federal Contract Tower,22,11,2,1,36,0,77,24,2,103,22,88,26,3,139,0,0,0,139
05/04/2003,GSN,MP,AWP,WE,Federal Contract Tower,20,13,0,0,33,0,99,17,2,118,20,112,17,2,151,2,0,2,153
05/05/2003,GSN,MP,AWP,WE,Federal Contract Tower,22,13,0,0,35,0,60,27,0,87,22,73,27,0,122,0,8,8,130
05/06/2003,GSN,MP,AWP,WE,Federal Contract Tower,20,12,0,0,32,0,48,10,0,58,20,60,10,0,90,0,0,0,90
05/07/2003,GSN,MP,AWP,WE,Federal Contract Tower,20,12,0,0,32,0,51,16,0,67,20,63,16,0,99,4,0,4,103
05/08/2003,GSN,MP,AWP,WE,Federal Contract Tower,16,12,0,0,28,0,40,28,0,68,16,52,28,0,96,0,0,0,96
05/09/2003,GSN,MP,AWP,WE,Federal Contract Tower,20,11,0,0,31,0,59,8,0,67,20,70,8,0,98,0,0,0,98
05/10/2003,GSN,MP,AWP,WE,Federal Contract Tower,16,10,0,0,26,0,43,13,0,56,16,53,13,0,82,0,0,0,82
05/11/2003,GSN,MP,AWP,WE,Federal Contract Tower,16,11,0,0,27,0,41,4,0,45,16,52,4,0,72,10,0,10,82
05/12/2003,GSN,MP,AWP,WE,Federal Contract Tower,18,12,0,3,33,0,36,23,5,64,18,48,23,8,97,0,8,8,105
05/13/2003,GSN,MP,AWP,WE,Federal Contract Tower,18,12,0,0,30,0,42,12,0,54,18,54,12,0,84,0,0,0,84
05/14/2003,GSN,MP,AWP,WE,Federal Contract Tower,18,12,0,0,30,0,42,19,0,61,18,54,19,0,91,0,0,0,91
05/15/2003,GSN,MP,AWP,WE,Federal Contract Tower,16,13,0,0,29,0,54,20,2,76,16,67,20,2,105,0,0,0,105
05/16/2003,GSN,MP,AWP,WE,Federal Contract Tower,18,12,0,0,30,0,48,7,0,55,18,60,7,0,85,0,0,0,85
05/17/2003,GSN,MP,AWP,WE,Federal Contract Tower,18,10,0,0,28,0,47,8,4,59,18,57,8,4,87,0,0,0,87
05/18/2003,GSN,MP,AWP,WE,Federal Contract Tower,16,11,0,4,31,0,38,12,8,58,16,49,12,12,89,16,4,20,109
05/19/2003,GSN,MP,AWP,WE,Federal Contract Tower,20,12,0,8,40,0,42,17,2,61,20,54,17,10,101,2,16,18,119
05/20/2003,GSN,MP,AWP,WE,Federal Contract Tower,17,11,0,0,28,0,40,9,0,49,17,51,9,0,77,0,0,0,77
05/21/2003,GSN,MP,AWP,WE,Federal Contract Tower,18,12,0,1,31,0,43,21,5,69,18,55,21,6,100,4,14,18,118
05/22/2003,GSN,MP,AWP,WE,Federal Contract Tower,14,10,0,2,26,0,38,9,0,47,14,48,9,2,73,14,14,28,101
05/23/2003,GSN,MP,AWP,WE,Federal Contract Tower,14,9,0,0,23,0,26,3,0,29,14,35,3,0,52,0,0,0,52
05/24/2003,GSN,MP,AWP,WE,Federal Contract Tower,14,7,1,0,22,0,49,16,2,67,14,56,17,2,89,0,6,6,95
05/25/2003,GSN,MP,AWP,WE,Federal Contract Tower,19,12,0,0,31,0,33,6,0,39,19,45,6,0,70,4,0,4,74
05/26/2003,GSN,MP,AWP,WE,Federal Contract Tower,19,10,0,0,29,0,28,20,0,48,19,38,20,0,77,12,0,12,89
05/27/2003,GSN,MP,AWP,WE,Federal Contract Tower,16,15,1,0,32,0,37,19,0,56,16,52,20,0,88,8,0,8,96
05/28/2003,GSN,MP,AWP,WE,Federal Contract Tower,19,11,0,3,33,0,41,16,7,64,19,52,16,10,97,0,2,2,99
05/29/2003,GSN,MP,AWP,WE,Federal Contract Tower,14,12,2,0,28,0,46,6,8,60,14,58,8,8,88,0,0,0,88
05/30/2003,GSN,MP,AWP,WE,Federal Contract Tower,18,11,1,0,30,0,51,14,2,67,18,62,15,2,97,0,0,0,97
05/31/2003,GSN,MP,AWP,WE,Federal Contract Tower,20,11,0,0,31,0,45,10,2,57,20,56,10,2,88,0,0,0,88
06/01/2003,GSN,MP,AWP,WE,Federal Contract Tower,16,11,1,0,28,0,25,13,0,38,16,36,14,0,66,0,0,0,66
06/02/2003,GSN,MP,AWP,WE,Federal Contract Tower,19,14,0,0,33,0,41,20,2,63,19,55,20,2,96,8,8,16,112
06/03/2003,GSN,MP,AWP,WE,Federal Contract Tower,18,13,0,0,31,0,43,14,4,61,18,56,14,4,92,0,0,0,92
06/04/2003,GSN,MP,AWP,WE,Federal Contract Tower,23,12,0,0,35,0,29,15,8,52,23,41,15,8,87,0,0,0,87
06/05/2003,GSN,MP,AWP,WE,Federal Contract Tower,16,16,0,0,32,0,59,7,4,70,16,75,7,4,102,0,0,0,102
06/06/2003,GSN,MP,AWP,WE,Federal Contract Tower,20,11,0,0,31,0,55,9,6,70,20,66,9,6,101,0,0,0,101
06/07/2003,GSN,MP,AWP,WE,Federal Contract Tower,20,10,0,0,30,0,46,13,0,59,20,56,13,0,89,0,0,0,89
06/08/2003,GSN,MP,AWP,WE,Federal Contract Tower,18,11,0,0,29,0,50,21,0,71,18,61,21,0,100,0,0,0,100
06/09/2003,GSN,MP,AWP,WE,Federal Contract Tower,20,12,0,0,32,0,38,13,0,51,20,50,13,0,83,0,0,0,83
06/10/2003,GSN,MP,AWP,WE,Federal Contract Tower,18,12,0,0,30,0,44,10,2,56,18,56,10,2,86,0,6,6,92
06/11/2003,GSN,MP,AWP,WE,Federal Contract Tower,18,12,0,0,30,0,52,16,0,68,18,64,16,0,98,0,0,0,98
06/12/2003,GSN,MP,AWP,WE,Federal Contract Tower,16,12,0,1,29,0,48,10,1,59,16,60,10,2,88,0,38,38,126
06/13/2003,GSN,MP,AWP,WE,Federal Contract Tower,18,11,0,2,31,0,55,18,8,81,18,66,18,10,112,4,0,4,116
06/14/2003,GSN,MP,AWP,WE,Federal Contract Tower,18,8,0,1,27,0,46,28,7,81,18,54,28,8,108,0,20,20,128
06/15/2003,GSN,MP,AWP,WE,Federal Contract Tower,18,9,0,0,27,0,41,24,12,77,18,50,24,12,104,0,0,0,104
06/16/2003,GSN,MP,AWP,WE,Federal Contract Tower,18,18,0,0,36,0,51,20,20,91,18,69,20,20,127,0,24,24,151
06/17/2003,GSN,MP,AWP,WE,Federal Contract Tower,18,15,0,0,33,0,37,20,0,57,18,52,20,0,90,0,0,0,90
06/18/2003,GSN,MP,AWP,WE,Federal Contract Tower,20,16,0,0,36,0,32,10,6,48,20,48,10,6,84,0,0,0,84
06/19/2003,GSN,MP,AWP,WE,Federal Contract Tower,18,14,1,0,33,0,46,16,0,62,18,60,17,0,95,2,0,2,97
06/20/2003,GSN,MP,AWP,WE,Federal Contract Tower,18,15,1,0,34,0,74,26,0,100,18,89,27,0,134,0,0,0,134
06/21/2003,GSN,MP,AWP,WE,Federal Contract Tower,21,10,1,0,32,0,84,15,0,99,21,94,16,0,131,32,0,32,163
06/22/2003,GSN,MP,AWP,WE,Federal Contract Tower,18,16,0,0,34,0,72,20,0,92,18,88,20,0,126,0,0,0,126
06/23/2003,GSN,MP,AWP,WE,Federal Contract Tower,19,14,0,0,33,1,58,26,0,85,20,72,26,0,118,16,0,16,134
06/24/2003,GSN,MP,AWP,WE,Federal Contract Tower,18,13,1,1,33,0,59,18,1,78,18,72,19,2,111,0,0,0,111
06/25/2003,GSN,MP,AWP,WE,Federal Contract Tower,18,14,0,0,32,0,50,11,0,61,18,64,11,0,93,12,0,12,105
06/26/2003,GSN,MP,AWP,WE,Federal Contract Tower,16,14,0,0,30,0,57,8,0,65,16,71,8,0,95,0,0,0,95
06/27/2003,GSN,MP,AWP,WE,Federal Contract Tower,18,15,0,0,33,0,83,16,0,99,18,98,16,0,132,0,0,0,132
06/28/2003,GSN,MP,AWP,WE,Federal Contract Tower,21,10,3,0,34,0,66,18,0,84,21,76,21,0,118,14,0,14,132
06/29/2003,GSN,MP,AWP,WE,Federal Contract Tower,19,13,4,0,36,0,58,16,0,74,19,71,20,0,110,10,0,10,120
06/30/2003,GSN,MP,AWP,WE,Federal Contract Tower,20,14,0,0,34,0,50,4,0,54,20,64,4,0,88,10,0,10,98
07/01/2003,GSN,MP,AWP,WE,Federal Contract Tower,20,15,0,0,35,0,49,16,0,65,20,64,16,0,100,8,0,8,108
07/02/2003,GSN,MP,AWP,WE,Federal Contract Tower,18,14,0,0,32,0,52,8,0,60,18,66,8,0,92,0,0,0,92
07/03/2003,GSN,MP,AWP,WE,Federal Contract Tower,18,14,0,3,35,1,48,4,0,53,19,62,4,3,88,0,0,0,88
07/04/2003,GSN,MP,AWP,WE,Federal Contract Tower,23,12,0,0,35,0,48,0,0,48,23,60,0,0,83,0,0,0,83
07/05/2003,GSN,MP,AWP,WE,Federal Contract Tower,20,14,0,5,39,0,50,25,0,75,20,64,25,5,114,0,0,0,114
07/06/2003,GSN,MP,AWP,WE,Federal Contract Tower,18,15,0,0,33,0,45,6,0,51,18,60,6,0,84,0,0,0,84
07/07/2003,GSN,MP,AWP,WE,Federal Contract Tower,22,15,0,0,37,0,41,26,0,67,22,56,26,0,104,4,0,4,108
07/08/2003,GSN,MP,AWP,WE,Federal Contract Tower,18,14,0,0,32,0,46,26,0,72,18,60,26,0,104,0,0,0,104
07/09/2003,GSN,MP,AWP,WE,Federal Contract Tower,18,16,0,0,34,0,36,14,6,56,18,52,14,6,90,0,0,0,90
07/10/2003,GSN,MP,AWP,WE,Federal Contract Tower,16,13,1,0,30,0,46,9,0,55,16,59,10,0,85,3,0,3,88
07/11/2003,GSN,MP,AWP,WE,Federal Contract Tower,18,14,1,0,33,0,62,26,0,88,18,76,27,0,121,10,0,10,131
07/12/2003,GSN,MP,AWP,WE,Federal Contract Tower,18,13,0,0,31,0,55,37,0,92,18,68,37,0,123,14,0,14,137
07/13/2003,GSN,MP,AWP,WE,Federal Contract Tower,18,19,0,0,37,0,41,34,0,75,18,60,34,0,112,6,0,6,118
07/14/2003,GSN,MP,AWP,WE,Federal Contract Tower,18,14,0,0,32,0,49,38,2,89,18,63,38,2,121,16,0,16,137
07/15/2003,GSN,MP,AWP,WE,Federal Contract Tower,18,12,1,0,31,0,46,23,2,71,18,58,24,2,102,8,0,8,110
07/16/2003,GSN,MP,AWP,WE,Federal Contract Tower,18,14,0,0,32,0,34,29,0,63,18,48,29,0,95,0,0,0,95
07/17/2003,GSN,MP,AWP,WE,Federal Contract Tower,16,15,0,0,31,0,47,8,2,57,16,62,8,2,88,0,0,0,88
07/18/2003,GSN,MP,AWP,WE,Federal Contract Tower,18,15,0,0,33,0,51,8,0,59,18,66,8,0,92,0,0,0,92
07/19/2003,GSN,MP,AWP,WE,Federal Contract Tower,24,10,0,8,42,0,55,14,0,69,24,65,14,8,111,0,0,0,111
07/20/2003,GSN,MP,AWP,WE,Federal Contract Tower,20,20,6,0,46,0,44,18,0,62,20,64,24,0,108,0,0,0,108
07/21/2003,GSN,MP,AWP,WE,Federal Contract Tower,18,13,0,0,31,0,63,23,0,86,18,76,23,0,117,0,0,0,117
07/22/2003,GSN,MP,AWP,WE,Federal Contract Tower,22,15,0,0,37,0,49,17,0,66,22,64,17,0,103,0,0,0,103
07/23/2003,GSN,MP,AWP,WE,Federal Contract Tower,18,16,0,0,34,0,43,8,0,51,18,59,8,0,85,0,0,0,85
07/24/2003,GSN,MP,AWP,WE,Federal Contract Tower,16,14,0,2,32,0,56,19,6,81,16,70,19,8,113,0,10,10,123
07/25/2003,GSN,MP,AWP,WE,Federal Contract Tower,21,14,0,0,35,0,72,19,0,91,21,86,19,0,126,8,0,8,134
07/26/2003,GSN,MP,AWP,WE,Federal Contract Tower,23,17,0,0,40,0,45,16,0,61,23,62,16,0,101,0,0,0,101
07/27/2003,GSN,MP,AWP,WE,Federal Contract Tower,20,15,0,0,35,0,43,20,0,63,20,58,20,0,98,6,0,6,104
07/28/2003,GSN,MP,AWP,WE,Federal Contract Tower,20,14,0,0,34,0,34,19,0,53,20,48,19,0,87,0,0,0,87
07/29/2003,GSN,MP,AWP,WE,Federal Contract Tower,22,14,0,0,36,0,36,22,0,58,22,50,22,0,94,2,0,2,96
07/30/2003,GSN,MP,AWP,WE,Federal Contract Tower,21,14,0,0,35,0,44,8,0,52,21,58,8,0,87,0,0,0,87
07/31/2003,GSN,MP,AWP,WE,Federal Contract Tower,18,13,0,0,31,0,49,17,0,66,18,62,17,0,97,0,0,0,97
08/01/2003,GSN,MP,AWP,WE,Federal Contract Tower,20,15,0,0,35,0,67,8,0,75,20,82,8,0,110,0,0,0,110
08/02/2003,GSN,MP,AWP,WE,Federal Contract Tower,24,10,0,0,34,0,54,20,0,74,24,64,20,0,108,4,0,4,112
08/03/2003,GSN,MP,AWP,WE,Federal Contract Tower,21,12,2,0,35,0,39,5,0,44,21,51,7,0,79,0,0,0,79
08/04/2003,GSN,MP,AWP,WE,Federal Contract Tower,23,16,0,0,39,0,46,19,0,65,23,62,19,0,104,0,0,0,104
08/05/2003,GSN,MP,AWP,WE,Federal Contract Tower,22,17,0,0,39,0,57,12,0,69,22,74,12,0,108,0,0,0,108
08/06/2003,GSN,MP,AWP,WE,Federal Contract Tower,20,14,0,0,34,0,50,8,0,58,20,64,8,0,92,0,0,0,92
08/07/2003,GSN,MP,AWP,WE,Federal Contract Tower,18,14,1,0,33,0,46,21,0,67,18,60,22,0,100,0,0,0,100
08/08/2003,GSN,MP,AWP,WE,Federal Contract Tower,21,13,0,0,34,1,105,15,0,121,22,118,15,0,155,0,0,0,155
08/09/2003,GSN,MP,AWP,WE,Federal Contract Tower,24,13,0,0,37,0,90,6,0,96,24,103,6,0,133,0,0,0,133
08/10/2003,GSN,MP,AWP,WE,Federal Contract Tower,20,13,2,1,36,0,73,24,1,98,20,86,26,2,134,10,4,14,148
08/11/2003,GSN,MP,AWP,WE,Federal Contract Tower,22,16,0,0,38,0,92,26,0,118,22,108,26,0,156,4,0,4,160
08/12/2003,GSN,MP,AWP,WE,Federal Contract Tower,24,14,1,0,39,0,106,19,0,125,24,120,20,0,164,6,0,6,170
08/13/2003,GSN,MP,AWP,WE,Federal Contract Tower,24,14,1,0,39,0,92,39,0,131,24,106,40,0,170,6,0,6,176
08/14/2003,GSN,MP,AWP,WE,Federal Contract Tower,20,15,2,0,37,0,82,26,0,108,20,97,28,0,145,8,0,8,153
08/15/2003,GSN,MP,AWP,WE,Federal Contract Tower,18,13,0,0,31,2,85,24,1,112,20,98,24,1,143,0,0,0,143
08/16/2003,GSN,MP,AWP,WE,Federal Contract Tower,22,11,1,0,34,0,50,10,1,61,22,61,11,1,95,0,0,0,95
08/17/2003,GSN,MP,AWP,WE,Federal Contract Tower,24,14,0,0,38,0,31,2,0,33,24,45,2,0,71,0,0,0,71
08/18/2003,GSN,MP,AWP,WE,Federal Contract Tower,20,14,0,0,34,0,54,28,0,82,20,68,28,0,116,0,0,0,116
08/19/2003,GSN,MP,AWP,WE,Federal Contract Tower,20,14,0,0,34,0,48,10,0,58,20,62,10,0,92,0,0,0,92
08/20/2003,GSN,MP,AWP,WE,Federal Contract Tower,18,15,0,0,33,1,52,10,0,63,19,67,10,0,96,0,0,0,96
08/21/2003,GSN,MP,AWP,WE,Federal Contract Tower,17,14,0,0,31,0,46,9,0,55,17,60,9,0,86,0,0,0,86
08/22/2003,GSN,MP,AWP,WE,Federal Contract Tower,18,15,0,0,33,0,51,6,0,57,18,66,6,0,90,0,0,0,90
08/23/2003,GSN,MP,AWP,WE,Federal Contract Tower,18,11,0,0,29,0,60,17,0,77,18,71,17,0,106,0,0,0,106
08/24/2003,GSN,MP,AWP,WE,Federal Contract Tower,20,15,1,0,36,0,35,7,0,42,20,50,8,0,78,22,0,22,100
08/25/2003,GSN,MP,AWP,WE,Federal Contract Tower,21,15,0,0,36,0,32,22,0,54,21,47,22,0,90,12,0,12,102
08/26/2003,GSN,MP,AWP,WE,Federal Contract Tower,20,16,0,0,36,0,26,10,0,36,20,42,10,0,72,10,0,10,82
08/27/2003,GSN,MP,AWP,WE,Federal Contract Tower,18,13,2,0,33,0,35,20,0,55,18,48,22,0,88,0,0,0,88
08/28/2003,GSN,MP,AWP,WE,Federal Contract Tower,16,16,0,0,32,0,52,14,0,66,16,68,14,0,98,0,0,0,98
08/29/2003,GSN,MP,AWP,WE,Federal Contract Tower,18,12,0,0,30,0,76,23,5,104,18,88,23,5,134,0,0,0,134
08/30/2003,GSN,MP,AWP,WE,Federal Contract Tower,20,10,0,0,30,0,64,9,0,73,20,74,9,0,103,2,0,2,105
08/31/2003,GSN,MP,AWP,WE,Federal Contract Tower,18,12,0,0,30,0,45,14,0,59,18,57,14,0,89,2,0,2,91
09/01/2003,GSN,MP,AWP,WE,Federal Contract Tower,20,13,0,0,33,0,44,22,6,72,20,57,22,6,105,0,0,0,105
09/02/2003,GSN,MP,AWP,WE,Federal Contract Tower,20,12,0,0,32,0,46,16,0,62,20,58,16,0,94,0,0,0,94
09/03/2003,GSN,MP,AWP,WE,Federal Contract Tower,20,12,0,1,33,0,40,12,3,55,20,52,12,4,88,0,0,0,88
09/04/2003,GSN,MP,AWP,WE,Federal Contract Tower,16,14,0,0,30,0,45,31,5,81,16,59,31,5,111,0,0,0,111
09/05/2003,GSN,MP,AWP,WE,Federal Contract Tower,18,13,0,1,32,0,62,18,5,85,18,75,18,6,117,0,0,0,117
09/06/2003,GSN,MP,AWP,WE,Federal Contract Tower,21,14,0,0,35,0,34,13,5,52,21,48,13,5,87,0,0,0,87
09/07/2003,GSN,MP,AWP,WE,Federal Contract Tower,19,12,0,1,32,0,39,22,2,63,19,51,22,3,95,0,0,0,95
09/08/2003,GSN,MP,AWP,WE,Federal Contract Tower,20,15,0,1,36,0,27,20,0,47,20,42,20,1,83,4,0,4,87
09/09/2003,GSN,MP,AWP,WE,Federal Contract Tower,20,16,0,0,36,0,42,37,0,79,20,58,37,0,115,0,0,0,115
09/10/2003,GSN,MP,AWP,WE,Federal Contract Tower,17,13,0,0,30,1,61,30,0,92,18,74,30,0,122,0,0,0,122
09/11/2003,GSN,MP,AWP,WE,Federal Contract Tower,18,14,0,0,32,0,74,10,0,84,18,88,10,0,116,0,0,0,116
09/12/2003,GSN,MP,AWP,WE,Federal Contract Tower,18,12,0,0,30,0,70,27,0,97,18,82,27,0,127,0,0,0,127
09/13/2003,GSN,MP,AWP,WE,Federal Contract Tower,20,14,0,0,34,0,54,12,0,66,20,68,12,0,100,0,0,0,100
09/14/2003,GSN,MP,AWP,WE,Federal Contract Tower,20,13,0,0,33,0,53,33,0,86,20,66,33,0,119,2,0,2,121
09/15/2003,GSN,MP,AWP,WE,Federal Contract Tower,18,13,0,0,31,0,66,20,0,86,18,79,20,0,117,0,0,0,117
09/16/2003,GSN,MP,AWP,WE,Federal Contract Tower,20,16,0,0,36,0,94,44,0,138,20,110,44,0,174,0,0,0,174
09/17/2003,GSN,MP,AWP,WE,Federal Contract Tower,18,12,0,0,30,0,44,38,0,82,18,56,38,0,112,0,0,0,112
09/18/2003,GSN,MP,AWP,WE,Federal Contract Tower,16,14,0,0,30,0,54,24,0,78,16,68,24,0,108,0,0,0,108
09/19/2003,GSN,MP,AWP,WE,Federal Contract Tower,18,12,0,0,30,0,70,34,0,104,18,82,34,0,134,2,0,2,136
09/20/2003,GSN,MP,AWP,WE,Federal Contract Tower,20,12,0,0,32,0,63,46,0,109,20,75,46,0,141,0,0,0,141
09/21/2003,GSN,MP,AWP,WE,Federal Contract Tower,18,13,0,0,31,0,41,36,1,78,18,54,36,1,109,6,0,6,115
09/22/2003,GSN,MP,AWP,WE,Federal Contract Tower,19,14,0,0,33,0,53,40,0,93,19,67,40,0,126,8,0,8,134
09/23/2003,GSN,MP,AWP,WE,Federal Contract Tower,21,15,0,0,36,0,45,18,0,63,21,60,18,0,99,6,0,6,105
09/24/2003,GSN,MP,AWP,WE,Federal Contract Tower,18,19,1,0,38,0,31,20,4,55,18,50,21,4,93,12,0,12,105
09/25/2003,GSN,MP,AWP,WE,Federal Contract Tower,16,16,2,0,34,0,52,32,0,84,16,68,34,0,118,24,0,24,142
09/26/2003,GSN,MP,AWP,WE,Federal Contract Tower,18,15,1,0,34,0,51,11,0,62,18,66,12,0,96,14,0,14,110
09/27/2003,GSN,MP,AWP,WE,Federal Contract Tower,26,11,0,0,37,0,65,21,0,86,26,76,21,0,123,0,0,0,123
09/28/2003,GSN,MP,AWP,WE,Federal Contract Tower,19,13,0,0,32,0,90,14,0,104,19,103,14,0,136,2,0,2,138
09/29/2003,GSN,MP,AWP,WE,Federal Contract Tower,19,14,0,0,33,0,48,24,0,72,19,62,24,0,105,0,0,0,105
09/30/2003,GSN,MP,AWP,WE,Federal Contract Tower,20,15,0,0,35,0,60,30,0,90,20,75,30,0,125,0,0,0,125
10/01/2003,GSN,MP,AWP,WE,Federal Contract Tower,18,15,1,0,34,0,68,38,0,106,18,83,39,0,140,0,0,0,140
10/02/2003,GSN,MP,AWP,WE,Federal Contract Tower,18,15,1,0,34,0,74,13,4,91,18,89,14,4,125,0,0,0,125
10/03/2003,GSN,MP,AWP,WE,Federal Contract Tower,15,12,1,0,28,1,96,23,0,120,16,108,24,0,148,0,0,0,148
10/04/2003,GSN,MP,AWP,WE,Federal Contract Tower,20,15,1,0,36,2,61,13,0,76,22,76,14,0,112,0,0,0,112
10/05/2003,GSN,MP,AWP,WE,Federal Contract Tower,17,13,1,0,31,1,56,33,0,90,18,69,34,0,121,12,0,12,133
10/06/2003,GSN,MP,AWP,WE,Federal Contract Tower,18,14,1,0,33,2,56,21,0,79,20,70,22,0,112,0,0,0,112
10/07/2003,GSN,MP,AWP,WE,Federal Contract Tower,17,13,1,0,31,1,100,29,0,130,18,113,30,0,161,0,0,0,161
10/08/2003,GSN,MP,AWP,WE,Federal Contract Tower,18,15,1,0,34,0,57,29,0,86,18,72,30,0,120,0,0,0,120
10/09/2003,GSN,MP,AWP,WE,Federal Contract Tower,17,14,1,0,32,1,49,5,0,55,18,63,6,0,87,0,0,0,87
10/10/2003,GSN,MP,AWP,WE,Federal Contract Tower,18,14,1,0,33,0,64,33,0,97,18,78,34,0,130,0,0,0,130
10/11/2003,GSN,MP,AWP,WE,Federal Contract Tower,18,14,1,0,33,4,50,31,0,85,22,64,32,0,118,18,0,18,136
10/12/2003,GSN,MP,AWP,WE,Federal Contract Tower,18,15,1,0,34,0,40,31,0,71,18,55,32,0,105,6,0,6,111
10/13/2003,GSN,MP,AWP,WE,Federal Contract Tower,18,15,1,0,34,0,45,11,0,56,18,60,12,0,90,20,0,20,110
10/14/2003,GSN,MP,AWP,WE,Federal Contract Tower,18,13,1,0,32,0,46,15,0,61,18,59,16,0,93,0,0,0,93
10/15/2003,GSN,MP,AWP,WE,Federal Contract Tower,16,13,1,0,30,0,37,11,0,48,16,50,12,0,78,0,0,0,78
10/16/2003,GSN,MP,AWP,WE,Federal Contract Tower,18,13,1,0,32,0,49,28,0,77,18,62,29,0,109,12,0,12,121
10/17/2003,GSN,MP,AWP,WE,Federal Contract Tower,18,12,1,0,31,0,62,25,0,87,18,74,26,0,118,0,0,0,118
10/18/2003,GSN,MP,AWP,WE,Federal Contract Tower,22,15,0,1,38,4,59,24,0,87,26,74,24,1,125,0,0,0,125
10/19/2003,GSN,MP,AWP,WE,Federal Contract Tower,18,14,0,1,33,0,35,17,0,52,18,49,17,1,85,4,0,4,89
10/20/2003,GSN,MP,AWP,WE,Federal Contract Tower,18,15,0,0,33,0,70,15,0,85,18,85,15,0,118,0,0,0,118
10/21/2003,GSN,MP,AWP,WE,Federal Contract Tower,18,14,0,0,32,0,64,17,0,81,18,78,17,0,113,0,0,0,113
10/22/2003,GSN,MP,AWP,WE,Federal Contract Tower,16,14,0,0,30,0,62,23,0,85,16,76,23,0,115,16,0,16,131
10/23/2003,GSN,MP,AWP,WE,Federal Contract Tower,16,14,0,0,30,0,90,22,0,112,16,104,22,0,142,0,0,0,142
10/24/2003,GSN,MP,AWP,WE,Federal Contract Tower,18,14,0,0,32,0,82,18,2,102,18,96,18,2,134,0,0,0,134
10/25/2003,GSN,MP,AWP,WE,Federal Contract Tower,19,14,0,0,33,0,63,25,0,88,19,77,25,0,121,6,0,6,127
10/26/2003,GSN,MP,AWP,WE,Federal Contract Tower,17,13,0,0,30,0,33,8,0,41,17,46,8,0,71,6,0,6,77
10/27/2003,GSN,MP,AWP,WE,Federal Contract Tower,18,14,0,0,32,0,44,32,0,76,18,58,32,0,108,0,0,0,108
10/28/2003,GSN,MP,AWP,WE,Federal Contract Tower,19,16,0,0,35,0,34,29,0,63,19,50,29,0,98,12,0,12,110
10/29/2003,GSN,MP,AWP,WE,Federal Contract Tower,22,17,0,0,39,0,47,15,0,62,22,64,15,0,101,10,0,10,111
10/30/2003,GSN,MP,AWP,WE,Federal Contract Tower,18,14,0,0,32,0,56,24,0,80,18,70,24,0,112,0,0,0,112
10/31/2003,GSN,MP,AWP,WE,Federal Contract Tower,19,15,0,0,34,1,68,28,2,99,20,83,28,2,133,4,0,4,137
11/01/2003,GSN,MP,AWP,WE,Federal Contract Tower,20,14,1,0,35,0,63,16,0,79,20,77,17,0,114,0,0,0,114
11/02/2003,GSN,MP,AWP,WE,Federal Contract Tower,17,13,1,0,31,3,51,15,0,69,20,64,16,0,100,8,0,8,108
11/03/2003,GSN,MP,AWP,WE,Federal Contract Tower,19,14,1,0,34,1,53,39,0,93,20,67,40,0,127,2,0,2,129
11/04/2003,GSN,MP,AWP,WE,Federal Contract Tower,21,15,1,0,37,1,51,24,0,76,22,66,25,0,113,6,0,6,119
11/05/2003,GSN,MP,AWP,WE,Federal Contract Tower,22,16,1,0,39,0,52,24,0,76,22,68,25,0,115,0,0,0,115
11/06/2003,GSN,MP,AWP,WE,Federal Contract Tower,19,14,1,0,34,0,45,9,0,54,19,59,10,0,88,0,0,0,88
11/07/2003,GSN,MP,AWP,WE,Federal Contract Tower,21,18,1,0,40,0,59,16,24,99,21,77,17,24,139,0,0,0,139
11/08/2003,GSN,MP,AWP,WE,Federal Contract Tower,22,16,1,0,39,0,76,17,0,93,22,92,18,0,132,0,0,0,132
11/09/2003,GSN,MP,AWP,WE,Federal Contract Tower,18,13,1,0,32,2,45,11,0,58,20,58,12,0,90,4,0,4,94
11/10/2003,GSN,MP,AWP,WE,Federal Contract Tower,22,15,1,0,38,0,37,11,0,48,22,52,12,0,86,0,0,0,86
11/11/2003,GSN,MP,AWP,WE,Federal Contract Tower,22,16,1,0,39,0,52,9,0,61,22,68,10,0,100,2,0,2,102
11/12/2003,GSN,MP,AWP,WE,Federal Contract Tower,23,17,1,0,41,1,63,24,2,90,24,80,25,2,131,0,0,0,131
11/13/2003,GSN,MP,AWP,WE,Federal Contract Tower,19,13,1,0,33,1,46,9,0,56,20,59,10,0,89,0,0,0,89
11/14/2003,GSN,MP,AWP,WE,Federal Contract Tower,20,14,1,0,35,0,71,26,0,97,20,85,27,0,132,4,0,4,136
11/15/2003,GSN,MP,AWP,WE,Federal Contract Tower,20,15,1,0,36,2,87,34,0,123,22,102,35,0,159,2,0,2,161
11/16/2003,GSN,MP,AWP,WE,Federal Contract Tower,19,16,1,0,36,0,33,9,0,42,19,49,10,0,78,2,0,2,80
11/17/2003,GSN,MP,AWP,WE,Federal Contract Tower,21,16,1,0,38,0,64,7,12,83,21,80,8,12,121,0,0,0,121
11/18/2003,GSN,MP,AWP,WE,Federal Contract Tower,21,13,1,0,35,0,57,25,0,82,21,70,26,0,117,4,0,4,121
11/19/2003,GSN,MP,AWP,WE,Federal Contract Tower,22,14,1,0,37,0,54,31,9,94,22,68,32,9,131,0,16,16,147
11/20/2003,GSN,MP,AWP,WE,Federal Contract Tower,19,13,1,0,33,0,44,20,4,68,19,57,21,4,101,0,12,12,113
11/21/2003,GSN,MP,AWP,WE,Federal Contract Tower,20,13,0,0,33,0,95,35,0,130,20,108,35,0,163,0,0,0,163
11/22/2003,GSN,MP,AWP,WE,Federal Contract Tower,23,15,0,0,38,1,86,30,0,117,24,101,30,0,155,0,0,0,155
11/23/2003,GSN,MP,AWP,WE,Federal Contract Tower,21,14,0,0,35,1,46,24,0,71,22,60,24,0,106,0,0,0,106
11/24/2003,GSN,MP,AWP,WE,Federal Contract Tower,21,13,0,0,34,1,47,23,0,71,22,60,23,0,105,0,0,0,105
11/25/2003,GSN,MP,AWP,WE,Federal Contract Tower,21,14,0,0,35,0,37,8,0,45,21,51,8,0,80,0,0,0,80
11/26/2003,GSN,MP,AWP,WE,Federal Contract Tower,23,16,0,0,39,0,64,24,0,88,23,80,24,0,127,0,0,0,127
11/27/2003,GSN,MP,AWP,WE,Federal Contract Tower,20,13,0,0,33,0,40,12,0,52,20,53,12,0,85,0,0,0,85
11/28/2003,GSN,MP,AWP,WE,Federal Contract Tower,18,12,0,0,30,2,66,28,0,96,20,78,28,0,126,0,0,0,126
11/29/2003,GSN,MP,AWP,WE,Federal Contract Tower,23,14,0,0,37,1,70,18,0,89,24,84,18,0,126,4,0,4,130
11/30/2003,GSN,MP,AWP,WE,Federal Contract Tower,19,12,0,0,31,1,56,22,0,79,20,68,22,0,110,18,0,18,128
12/01/2003,GSN,MP,AWP,WE,Federal Contract Tower,20,15,0,0,35,0,63,25,10,98,20,78,25,10,133,0,28,28,161
12/02/2003,GSN,MP,AWP,WE,Federal Contract Tower,21,14,0,0,35,1,42,28,10,81,22,56,28,10,116,2,72,74,190
12/03/2003,GSN,MP,AWP,WE,Federal Contract Tower,20,14,0,0,34,1,71,15,2,89,21,85,15,2,123,0,0,0,123
12/04/2003,GSN,MP,AWP,WE,Federal Contract Tower,21,15,0,0,36,0,61,18,10,89,21,76,18,10,125,0,0,0,125
12/05/2003,GSN,MP,AWP,WE,Federal Contract Tower,23,14,1,0,38,1,67,26,0,94,24,81,27,0,132,0,0,0,132
12/06/2003,GSN,MP,AWP,WE,Federal Contract Tower,21,14,1,0,36,2,70,44,2,118,23,84,45,2,154,0,0,0,154
12/07/2003,GSN,MP,AWP,WE,Federal Contract Tower,18,12,1,0,31,2,57,17,0,76,20,69,18,0,107,2,0,2,109
12/08/2003,GSN,MP,AWP,WE,Federal Contract Tower,22,14,1,0,37,2,71,17,6,96,24,85,18,6,133,0,0,0,133
12/09/2003,GSN,MP,AWP,WE,Federal Contract Tower,21,14,1,0,36,2,42,43,0,87,23,56,44,0,123,2,0,2,125
12/10/2003,GSN,MP,AWP,WE,Federal Contract Tower,21,14,1,0,36,0,44,15,0,59,21,58,16,0,95,0,0,0,95
12/11/2003,GSN,MP,AWP,WE,Federal Contract Tower,22,14,1,0,37,1,50,20,0,71,23,64,21,0,108,0,0,0,108
12/12/2003,GSN,MP,AWP,WE,Federal Contract Tower,21,14,1,0,36,0,94,11,15,120,21,108,12,15,156,0,0,0,156
12/13/2003,GSN,MP,AWP,WE,Federal Contract Tower,22,14,1,0,37,2,53,16,0,71,24,67,17,0,108,0,0,0,108
12/14/2003,GSN,MP,AWP,WE,Federal Contract Tower,19,12,0,1,32,1,59,26,4,90,20,71,26,5,122,0,0,0,122
12/15/2003,GSN,MP,AWP,WE,Federal Contract Tower,20,14,0,1,35,0,59,24,1,84,20,73,24,2,119,2,0,2,121
12/16/2003,GSN,MP,AWP,WE,Federal Contract Tower,23,15,0,0,38,0,49,18,0,67,23,64,18,0,105,0,0,0,105
12/17/2003,GSN,MP,AWP,WE,Federal Contract Tower,21,14,0,0,35,0,72,18,5,95,21,86,18,5,130,0,0,0,130
12/18/2003,GSN,MP,AWP,WE,Federal Contract Tower,23,15,0,0,38,0,56,16,0,72,23,71,16,0,110,8,0,8,118
12/19/2003,GSN,MP,AWP,WE,Federal Contract Tower,21,12,0,0,33,0,70,18,0,88,21,82,18,0,121,0,0,0,121
12/20/2003,GSN,MP,AWP,WE,Federal Contract Tower,22,14,0,0,36,0,66,24,0,90,22,80,24,0,126,0,0,0,126
12/21/2003,GSN,MP,AWP,WE,Federal Contract Tower,20,14,0,0,34,0,51,11,0,62,20,65,11,0,96,0,0,0,96
12/22/2003,GSN,MP,AWP,WE,Federal Contract Tower,20,16,0,0,36,0,54,4,0,58,20,70,4,0,94,0,0,0,94
12/23/2003,GSN,MP,AWP,WE,Federal Contract Tower,23,14,0,0,37,0,85,8,0,93,23,99,8,0,130,0,0,0,130
12/24/2003,GSN,MP,AWP,WE,Federal Contract Tower,21,13,0,0,34,0,79,18,0,97,21,92,18,0,131,0,0,0,131
12/25/2003,GSN,MP,AWP,WE,Federal Contract Tower,22,14,0,0,36,1,40,6,0,47,23,54,6,0,83,0,0,0,83
12/26/2003,GSN,MP,AWP,WE,Federal Contract Tower,23,14,0,0,37,0,66,16,0,82,23,80,16,0,119,0,0,0,119
12/27/2003,GSN,MP,AWP,WE,Federal Contract Tower,22,14,0,0,36,3,59,33,0,95,25,73,33,0,131,0,0,0,131
12/28/2003,GSN,MP,AWP,WE,Federal Contract Tower,22,14,0,0,36,5,47,20,0,72,27,61,20,0,108,0,0,0,108
12/29/2003,GSN,MP,AWP,WE,Federal Contract Tower,21,14,0,0,35,0,31,10,0,41,21,45,10,0,76,2,0,2,78
12/30/2003,GSN,MP,AWP,WE,Federal Contract Tower,24,15,0,0,39,0,73,16,0,89,24,88,16,0,128,0,0,0,128
12/31/2003,GSN,MP,AWP,WE,Federal Contract Tower,24,15,0,0,39,4,83,34,0,121,28,98,34,0,160,15,0,15,175
01/01/2004,GSN,MP,AWP,WE,Federal Contract Tower,21,13,1,0,35,0,72,20,0,92,21,85,21,0,127,0,0,0,127
01/02/2004,GSN,MP,AWP,WE,Federal Contract Tower,25,14,1,0,40,0,67,40,0,107,25,81,41,0,147,0,0,0,147
01/03/2004,GSN,MP,AWP,WE,Federal Contract Tower,24,14,1,0,39,3,75,53,0,131,27,89,54,0,170,0,0,0,170
01/04/2004,GSN,MP,AWP,WE,Federal Contract Tower,20,11,1,0,32,0,65,24,0,89,20,76,25,0,121,0,0,0,121
01/05/2004,GSN,MP,AWP,WE,Federal Contract Tower,19,11,1,0,31,0,67,53,0,120,19,78,54,0,151,0,0,0,151
01/06/2004,GSN,MP,AWP,WE,Federal Contract Tower,23,13,1,0,37,1,56,27,0,84,24,69,28,0,121,0,0,0,121
01/07/2004,GSN,MP,AWP,WE,Federal Contract Tower,19,12,1,0,32,0,61,20,2,83,19,73,21,2,115,0,0,0,115
01/08/2004,GSN,MP,AWP,WE,Federal Contract Tower,19,11,1,0,31,0,79,21,0,100,19,90,22,0,131,4,0,4,135
01/09/2004,GSN,MP,AWP,WE,Federal Contract Tower,21,12,1,0,34,0,54,31,0,85,21,66,32,0,119,8,0,8,127
01/10/2004,GSN,MP,AWP,WE,Federal Contract Tower,22,12,1,0,35,0,77,35,0,112,22,89,36,0,147,0,0,0,147
01/11/2004,GSN,MP,AWP,WE,Federal Contract Tower,18,11,1,0,30,0,65,31,2,98,18,76,32,2,128,0,0,0,128
01/12/2004,GSN,MP,AWP,WE,Federal Contract Tower,20,12,1,0,33,0,59,20,4,83,20,71,21,4,116,10,0,10,126
01/13/2004,GSN,MP,AWP,WE,Federal Contract Tower,20,11,1,0,32,1,60,19,0,80,21,71,20,0,112,0,0,0,112
01/14/2004,GSN,MP,AWP,WE,Federal Contract Tower,19,10,1,0,30,1,45,10,4,60,20,55,11,4,90,0,0,0,90
01/15/2004,GSN,MP,AWP,WE,Federal Contract Tower,21,11,1,0,33,0,62,10,9,81,21,73,11,9,114,0,0,0,114
01/16/2004,GSN,MP,AWP,WE,Federal Contract Tower,19,10,0,1,30,0,50,12,14,76,19,60,12,15,106,0,0,0,106
01/17/2004,GSN,MP,AWP,WE,Federal Contract Tower,17,9,0,0,26,2,47,27,0,76,19,56,27,0,102,0,0,0,102
01/18/2004,GSN,MP,AWP,WE,Federal Contract Tower,19,9,0,1,29,1,49,14,1,65,20,58,14,2,94,14,0,14,108
01/19/2004,GSN,MP,AWP,WE,Federal Contract Tower,18,8,0,1,27,0,58,18,1,77,18,66,18,2,104,0,0,0,104
01/20/2004,GSN,MP,AWP,WE,Federal Contract Tower,24,12,0,0,36,1,47,36,0,84,25,59,36,0,120,8,0,8,128
01/21/2004,GSN,MP,AWP,WE,Federal Contract Tower,20,10,0,1,31,1,55,23,3,82,21,65,23,4,113,4,0,4,117
01/22/2004,GSN,MP,AWP,WE,Federal Contract Tower,21,12,0,1,34,0,65,21,3,89,21,77,21,4,123,0,0,0,123
01/23/2004,GSN,MP,AWP,WE,Federal Contract Tower,21,11,0,0,32,0,79,24,2,105,21,90,24,2,137,0,0,0,137
01/24/2004,GSN,MP,AWP,WE,Federal Contract Tower,22,12,0,0,34,2,54,26,0,82,24,66,26,0,116,2,0,2,118
01/25/2004,GSN,MP,AWP,WE,Federal Contract Tower,20,11,0,0,31,3,63,38,0,104,23,74,38,0,135,0,0,0,135
01/26/2004,GSN,MP,AWP,WE,Federal Contract Tower,19,11,0,0,30,0,66,34,4,104,19,77,34,4,134,2,0,2,136
01/27/2004,GSN,MP,AWP,WE,Federal Contract Tower,22,12,0,0,34,1,53,30,8,92,23,65,30,8,126,4,20,24,150
01/28/2004,GSN,MP,AWP,WE,Federal Contract Tower,23,12,0,0,35,2,61,41,2,106,25,73,41,2,141,0,0,0,141
01/29/2004,GSN,MP,AWP,WE,Federal Contract Tower,19,11,0,0,30,0,71,22,4,97,19,82,22,4,127,2,0,2,129
01/30/2004,GSN,MP,AWP,WE,Federal Contract Tower,20,10,0,0,30,0,70,36,1,107,20,80,36,1,137,0,0,0,137
01/31/2004,GSN,MP,AWP,WE,Federal Contract Tower,25,13,0,0,38,1,57,46,15,119,26,70,46,15,157,4,0,4,161
02/01/2004,GSN,MP,AWP,WE,Federal Contract Tower,17,12,1,0,30,3,44,27,4,78,20,56,28,4,108,17,0,17,125
02/02/2004,GSN,MP,AWP,WE,Federal Contract Tower,18,12,1,0,31,0,25,9,0,34,18,37,10,0,65,0,0,0,65
02/03/2004,GSN,MP,AWP,WE,Federal Contract Tower,21,18,1,0,40,0,21,6,0,27,21,39,7,0,67,0,0,0,67
02/04/2004,GSN,MP,AWP,WE,Federal Contract Tower,18,13,1,0,32,3,55,24,4,86,21,68,25,4,118,0,0,0,118
02/05/2004,GSN,MP,AWP,WE,Federal Contract Tower,19,13,1,0,33,0,49,7,0,56,19,62,8,0,89,0,0,0,89
02/06/2004,GSN,MP,AWP,WE,Federal Contract Tower,18,13,1,0,32,1,79,11,0,91,19,92,12,0,123,0,0,0,123
02/07/2004,GSN,MP,AWP,WE,Federal Contract Tower,17,12,1,0,30,3,70,14,0,87,20,82,15,0,117,0,0,0,117
02/08/2004,GSN,MP,AWP,WE,Federal Contract Tower,19,13,1,0,33,1,61,26,2,90,20,74,27,2,123,0,0,0,123
02/09/2004,GSN,MP,AWP,WE,Federal Contract Tower,18,12,1,0,31,0,60,21,6,87,18,72,22,6,118,8,0,8,126
02/10/2004,GSN,MP,AWP,WE,Federal Contract Tower,20,14,1,0,35,2,63,25,0,90,22,77,26,0,125,0,0,0,125
02/11/2004,GSN,MP,AWP,WE,Federal Contract Tower,18,13,1,0,32,2,70,20,0,92,20,83,21,0,124,0,0,0,124
02/12/2004,GSN,MP,AWP,WE,Federal Contract Tower,19,14,1,0,34,0,67,15,4,86,19,81,16,4,120,0,0,0,120
02/13/2004,GSN,MP,AWP,WE,Federal Contract Tower,18,13,1,0,32,1,66,16,0,83,19,79,17,0,115,0,0,0,115
02/14/2004,GSN,MP,AWP,WE,Federal Contract Tower,18,13,1,0,32,2,59,29,0,90,20,72,30,0,122,0,0,0,122
02/15/2004,GSN,MP,AWP,WE,Federal Contract Tower,20,13,1,0,34,0,48,19,0,67,20,61,20,0,101,0,0,0,101
02/16/2004,GSN,MP,AWP,WE,Federal Contract Tower,17,13,1,0,31,0,66,27,0,93,17,79,28,0,124,0,0,0,124
02/17/2004,GSN,MP,AWP,WE,Federal Contract Tower,21,17,1,0,39,0,49,11,0,60,21,66,12,0,99,0,0,0,99
02/18/2004,GSN,MP,AWP,WE,Federal Contract Tower,21,16,1,0,38,0,30,2,1,33,21,46,3,1,71,0,0,0,71
02/19/2004,GSN,MP,AWP,WE,Federal Contract Tower,19,13,1,0,33,0,57,14,3,74,19,70,15,3,107,0,0,0,107
02/20/2004,GSN,MP,AWP,WE,Federal Contract Tower,20,13,1,0,34,2,76,22,4,104,22,89,23,4,138,4,0,4,142
02/21/2004,GSN,MP,AWP,WE,Federal Contract Tower,22,15,1,0,38,0,61,31,0,92,22,76,32,0,130,14,0,14,144
02/22/2004,GSN,MP,AWP,WE,Federal Contract Tower,19,13,1,0,33,0,71,16,2,89,19,84,17,2,122,0,0,0,122
02/23/2004,GSN,MP,AWP,WE,Federal Contract Tower,15,13,0,1,29,0,60,39,0,99,15,73,39,1,128,0,0,0,128
02/24/2004,GSN,MP,AWP,WE,Federal Contract Tower,23,14,0,1,38,0,45,32,1,78,23,59,32,2,116,14,0,14,130
02/25/2004,GSN,MP,AWP,WE,Federal Contract Tower,22,15,0,0,37,1,43,25,6,75,23,58,25,6,112,4,0,4,116
02/26/2004,GSN,MP,AWP,WE,Federal Contract Tower,17,11,0,0,28,1,53,17,2,73,18,64,17,2,101,2,0,2,103
02/27/2004,GSN,MP,AWP,WE,Federal Contract Tower,17,12,0,0,29,3,58,31,0,92,20,70,31,0,121,8,0,8,129
02/28/2004,GSN,MP,AWP,WE,Federal Contract Tower,23,16,0,0,39,4,45,41,0,90,27,61,41,0,129,8,0,8,137
02/29/2004,GSN,MP,AWP,WE,Federal Contract Tower,17,11,0,0,28,1,45,20,0,66,18,56,20,0,94,0,0,0,94
03/01/2004,GSN,MP,AWP,WE,Federal Contract Tower,20,16,0,0,36,0,44,10,2,56,20,60,10,2,92,0,0,0,92
03/02/2004,GSN,MP,AWP,WE,Federal Contract Tower,21,15,0,0,36,2,41,11,4,58,23,56,11,4,94,12,0,12,106
03/03/2004,GSN,MP,AWP,WE,Federal Contract Tower,19,15,0,0,34,0,76,17,0,93,19,91,17,0,127,16,0,16,143
03/04/2004,GSN,MP,AWP,WE,Federal Contract Tower,18,14,0,0,32,0,48,15,0,63,18,62,15,0,95,16,0,16,111
03/05/2004,GSN,MP,AWP,WE,Federal Contract Tower,20,14,0,0,34,0,69,39,2,110,20,83,39,2,144,6,0,6,150
03/06/2004,GSN,MP,AWP,WE,Federal Contract Tower,24,16,0,0,40,0,80,34,0,114,24,96,34,0,154,6,0,6,160
03/07/2004,GSN,MP,AWP,WE,Federal Contract Tower,18,13,0,0,31,0,46,30,0,76,18,59,30,0,107,14,0,14,121
03/08/2004,GSN,MP,AWP,WE,Federal Contract Tower,18,12,0,0,30,1,62,38,0,101,19,74,38,0,131,22,0,22,153
03/09/2004,GSN,MP,AWP,WE,Federal Contract Tower,22,15,1,0,38,0,47,48,2,97,22,62,49,2,135,8,0,8,143
03/10/2004,GSN,MP,AWP,WE,Federal Contract Tower,19,12,1,0,32,0,68,18,2,88,19,80,19,2,120,0,0,0,120
03/11/2004,GSN,MP,AWP,WE,Federal Contract Tower,18,12,1,0,31,0,79,28,0,107,18,91,29,0,138,0,0,0,138
03/12/2004,GSN,MP,AWP,WE,Federal Contract Tower,21,14,1,0,36,0,74,29,0,103,21,88,30,0,139,0,0,0,139
03/13/2004,GSN,MP,AWP,WE,Federal Contract Tower,21,14,1,0,36,2,52,32,4,90,23,66,33,4,126,2,0,2,128
03/14/2004,GSN,MP,AWP,WE,Federal Contract Tower,20,13,1,0,34,0,33,31,0,64,20,46,32,0,98,10,0,10,108
03/15/2004,GSN,MP,AWP,WE,Federal Contract Tower,21,13,1,0,35,0,54,22,0,76,21,67,23,0,111,0,0,0,111
03/16/2004,GSN,MP,AWP,WE,Federal Contract Tower,22,14,1,0,37,0,55,30,0,85,22,69,31,0,122,16,0,16,138
03/17/2004,GSN,MP,AWP,WE,Federal Contract Tower,19,14,1,0,34,0,50,12,0,62,19,64,13,0,96,0,0,0,96
03/18/2004,GSN,MP,AWP,WE,Federal Contract Tower,18,11,1,0,30,0,50,13,0,63,18,61,14,0,93,0,0,0,93
03/19/2004,GSN,MP,AWP,WE,Federal Contract Tower,21,14,1,0,36,0,75,15,0,90,21,89,16,0,126,0,0,0,126
03/20/2004,GSN,MP,AWP,WE,Federal Contract Tower,19,13,1,0,33,4,54,22,0,80,23,67,23,0,113,0,0,0,113
03/21/2004,GSN,MP,AWP,WE,Federal Contract Tower,19,12,0,0,31,0,58,17,0,75,19,70,17,0,106,8,0,8,114
03/22/2004,GSN,MP,AWP,WE,Federal Contract Tower,19,11,0,0,30,0,67,29,0,96,19,78,29,0,126,2,0,2,128
03/23/2004,GSN,MP,AWP,WE,Federal Contract Tower,21,13,0,0,34,0,60,11,0,71,21,73,11,0,105,0,0,0,105
03/24/2004,GSN,MP,AWP,WE,Federal Contract Tower,18,11,0,0,29,3,42,25,0,70,21,53,25,0,99,8,0,8,107
03/25/2004,GSN,MP,AWP,WE,Federal Contract Tower,18,11,0,0,29,0,51,11,0,62,18,62,11,0,91,16,0,16,107
03/26/2004,GSN,MP,AWP,WE,Federal Contract Tower,20,13,0,0,33,1,60,21,0,82,21,73,21,0,115,0,0,0,115
03/27/2004,GSN,MP,AWP,WE,Federal Contract Tower,22,13,0,0,35,1,57,8,0,66,23,70,8,0,101,0,0,0,101
03/28/2004,GSN,MP,AWP,WE,Federal Contract Tower,19,12,0,0,31,1,60,12,0,73,20,72,12,0,104,0,0,0,104
03/29/2004,GSN,MP,AWP,WE,Federal Contract Tower,20,13,0,0,33,0,62,10,0,72,20,75,10,0,105,0,0,0,105
03/30/2004,GSN,MP,AWP,WE,Federal Contract Tower,22,13,0,0,35,1,61,22,0,84,23,74,22,0,119,0,0,0,119
03/31/2004,GSN,MP,AWP,WE,Federal Contract Tower,18,12,0,0,30,0,69,13,0,82,18,81,13,0,112,0,0,0,112
04/01/2004,GSN,MP,AWP,WE,Federal Contract Tower,16,11,1,0,28,0,47,5,0,52,16,58,6,0,80,0,0,0,80
04/02/2004,GSN,MP,AWP,WE,Federal Contract Tower,17,12,1,0,30,2,72,19,0,93,19,84,20,0,123,0,0,0,123
04/03/2004,GSN,MP,AWP,WE,Federal Contract Tower,23,16,1,1,41,0,63,31,5,99,23,79,32,6,140,0,4,4,144
04/04/2004,GSN,MP,AWP,WE,Federal Contract Tower,18,16,1,1,36,0,60,25,7,92,18,76,26,8,128,0,0,0,128
04/05/2004,GSN,MP,AWP,WE,Federal Contract Tower,17,13,1,0,31,1,52,15,0,68,18,65,16,0,99,0,0,0,99
04/06/2004,GSN,MP,AWP,WE,Federal Contract Tower,21,15,1,0,37,0,48,24,0,72,21,63,25,0,109,6,0,6,115
04/07/2004,GSN,MP,AWP,WE,Federal Contract Tower,19,14,1,0,34,1,46,9,0,56,20,60,10,0,90,12,0,12,102
04/08/2004,GSN,MP,AWP,WE,Federal Contract Tower,15,11,1,0,27,1,55,2,0,58,16,66,3,0,85,2,0,2,87
04/09/2004,GSN,MP,AWP,WE,Federal Contract Tower,19,13,1,0,33,2,47,27,0,76,21,60,28,0,109,2,0,2,111
04/10/2004,GSN,MP,AWP,WE,Federal Contract Tower,17,13,1,0,31,2,52,39,0,93,19,65,40,0,124,0,0,0,124
04/11/2004,GSN,MP,AWP,WE,Federal Contract Tower,17,12,1,0,30,1,51,26,0,78,18,63,27,0,108,2,0,2,110
04/12/2004,GSN,MP,AWP,WE,Federal Contract Tower,16,15,1,0,32,0,71,15,0,86,16,86,16,0,118,0,0,0,118
04/13/2004,GSN,MP,AWP,WE,Federal Contract Tower,17,13,1,0,31,2,49,41,0,92,19,62,42,0,123,2,0,2,125
04/14/2004,GSN,MP,AWP,WE,Federal Contract Tower,17,13,1,0,31,0,57,25,0,82,17,70,26,0,113,4,0,4,117
04/15/2004,GSN,MP,AWP,WE,Federal Contract Tower,16,12,1,0,29,0,79,11,2,92,16,91,12,2,121,6,0,6,127
04/16/2004,GSN,MP,AWP,WE,Federal Contract Tower,17,14,1,0,32,0,75,22,3,100,17,89,23,3,132,6,0,6,138
04/17/2004,GSN,MP,AWP,WE,Federal Contract Tower,18,14,1,0,33,3,66,24,0,93,21,80,25,0,126,0,0,0,126
04/18/2004,GSN,MP,AWP,WE,Federal Contract Tower,15,12,1,0,28,1,58,28,1,88,16,70,29,1,116,0,0,0,116
04/19/2004,GSN,MP,AWP,WE,Federal Contract Tower,16,13,1,0,30,0,45,18,2,65,16,58,19,2,95,0,0,0,95
04/20/2004,GSN,MP,AWP,WE,Federal Contract Tower,19,15,1,0,35,0,50,22,2,74,19,65,23,2,109,16,0,16,125
04/21/2004,GSN,MP,AWP,WE,Federal Contract Tower,17,16,1,0,34,0,48,22,10,80,17,64,23,10,114,6,0,6,120
04/22/2004,GSN,MP,AWP,WE,Federal Contract Tower,16,13,0,1,30,0,51,16,3,70,16,64,16,4,100,6,0,6,106
04/23/2004,GSN,MP,AWP,WE,Federal Contract Tower,17,14,0,1,32,0,52,22,5,79,17,66,22,6,111,4,0,4,115
04/24/2004,GSN,MP,AWP,WE,Federal Contract Tower,21,17,0,0,38,0,49,42,0,91,21,66,42,0,129,0,0,0,129
04/25/2004,GSN,MP,AWP,WE,Federal Contract Tower,15,12,0,0,27,1,31,22,0,54,16,43,22,0,81,0,0,0,81
04/26/2004,GSN,MP,AWP,WE,Federal Contract Tower,16,13,0,0,29,0,53,32,0,85,16,66,32,0,114,0,0,0,114
04/27/2004,GSN,MP,AWP,WE,Federal Contract Tower,21,14,0,0,35,2,42,32,0,76,23,56,32,0,111,0,0,0,111
04/28/2004,GSN,MP,AWP,WE,Federal Contract Tower,17,12,0,0,29,0,70,10,0,80,17,82,10,0,109,2,0,2,111
04/29/2004,GSN,MP,AWP,WE,Federal Contract Tower,16,11,0,1,28,0,77,4,1,82,16,88,4,2,110,0,0,0,110
04/30/2004,GSN,MP,AWP,WE,Federal Contract Tower,19,15,0,1,35,0,106,31,5,142,19,121,31,6,177,0,0,0,177
05/01/2004,GSN,MP,AWP,WE,Federal Contract Tower,20,15,0,0,35,3,69,41,0,113,23,84,41,0,148,0,0,0,148
05/02/2004,GSN,MP,AWP,WE,Federal Contract Tower,18,13,1,0,32,0,100,46,0,146,18,113,47,0,178,6,0,6,184
05/03/2004,GSN,MP,AWP,WE,Federal Contract Tower,19,13,1,0,33,1,62,35,0,98,20,75,36,0,131,0,0,0,131
05/04/2004,GSN,MP,AWP,WE,Federal Contract Tower,19,13,1,0,33,2,51,29,4,86,21,64,30,4,119,2,0,2,121
05/05/2004,GSN,MP,AWP,WE,Federal Contract Tower,19,13,1,0,33,1,56,27,2,86,20,69,28,2,119,0,0,0,119
05/06/2004,GSN,MP,AWP,WE,Federal Contract Tower,19,13,1,0,33,2,54,21,2,79,21,67,22,2,112,0,0,0,112
05/07/2004,GSN,MP,AWP,WE,Federal Contract Tower,19,14,1,0,34,0,72,18,0,90,19,86,19,0,124,0,0,0,124
05/08/2004,GSN,MP,AWP,WE,Federal Contract Tower,20,15,1,0,36,5,47,25,0,77,25,62,26,0,113,0,0,0,113
05/09/2004,GSN,MP,AWP,WE,Federal Contract Tower,15,11,0,0,26,1,41,20,0,62,16,52,20,0,88,0,0,0,88
05/10/2004,GSN,MP,AWP,WE,Federal Contract Tower,16,11,0,1,28,0,61,10,7,78,16,72,10,8,106,0,0,0,106
05/11/2004,GSN,MP,AWP,WE,Federal Contract Tower,19,13,0,1,33,0,35,26,5,66,19,48,26,6,99,0,0,0,99
05/12/2004,GSN,MP,AWP,WE,Federal Contract Tower,16,12,0,1,29,1,42,27,15,85,17,54,27,16,114,2,0,2,116
05/13/2004,GSN,MP,AWP,WE,Federal Contract Tower,16,12,0,1,29,0,72,12,9,93,16,84,12,10,122,14,0,14,136
05/14/2004,GSN,MP,AWP,WE,Federal Contract Tower,17,12,0,1,30,0,72,11,1,84,17,84,11,2,114,0,0,0,114
05/15/2004,GSN,MP,AWP,WE,Federal Contract Tower,18,12,0,1,31,1,72,18,15,106,19,84,18,16,137,0,10,10,147
05/16/2004,GSN,MP,AWP,WE,Federal Contract Tower,16,11,0,0,27,0,47,26,6,79,16,58,26,6,106,0,0,0,106
05/17/2004,GSN,MP,AWP,WE,Federal Contract Tower,16,12,0,0,28,0,60,18,8,86,16,72,18,8,114,0,4,4,118
05/18/2004,GSN,MP,AWP,WE,Federal Contract Tower,19,13,0,0,32,0,51,15,2,68,19,64,15,2,100,0,0,0,100
05/19/2004,GSN,MP,AWP,WE,Federal Contract Tower,17,13,0,0,30,0,54,15,13,82,17,67,15,13,112,0,2,2,114
05/20/2004,GSN,MP,AWP,WE,Federal Contract Tower,16,11,0,0,27,0,53,22,6,81,16,64,22,6,108,4,0,4,112
05/21/2004,GSN,MP,AWP,WE,Federal Contract Tower,17,16,0,0,33,0,70,34,11,115,17,86,34,11,148,0,10,10,158
05/22/2004,GSN,MP,AWP,WE,Federal Contract Tower,18,12,0,0,30,1,54,36,1,92,19,66,36,1,122,6,0,6,128
05/23/2004,GSN,MP,AWP,WE,Federal Contract Tower,16,12,0,0,28,0,61,33,0,94,16,73,33,0,122,0,0,0,122
05/24/2004,GSN,MP,AWP,WE,Federal Contract Tower,16,11,0,0,27,0,59,14,2,75,16,70,14,2,102,0,0,0,102
05/25/2004,GSN,MP,AWP,WE,Federal Contract Tower,18,12,0,0,30,0,49,24,0,73,18,61,24,0,103,0,0,0,103
05/26/2004,GSN,MP,AWP,WE,Federal Contract Tower,17,12,0,0,29,0,59,27,10,96,17,71,27,10,125,0,0,0,125
05/27/2004,GSN,MP,AWP,WE,Federal Contract Tower,16,13,0,0,29,0,50,7,8,65,16,63,7,8,94,6,2,8,102
05/28/2004,GSN,MP,AWP,WE,Federal Contract Tower,19,14,0,0,33,0,70,20,5,95,19,84,20,5,128,0,0,0,128
05/29/2004,GSN,MP,AWP,WE,Federal Contract Tower,21,15,0,0,36,2,53,29,0,84,23,68,29,0,120,2,0,2,122
05/30/2004,GSN,MP,AWP,WE,Federal Contract Tower,17,11,0,0,28,1,29,23,0,53,18,40,23,0,81,8,0,8,89
05/31/2004,GSN,MP,AWP,WE,Federal Contract Tower,16,12,0,0,28,0,44,16,6,66,16,56,16,6,94,0,12,12,106
06/01/2004,GSN,MP,AWP,WE,Federal Contract Tower,20,14,1,0,35,1,52,23,0,76,21,66,24,0,111,6,0,6,117
06/02/2004,GSN,MP,AWP,WE,Federal Contract Tower,16,13,1,0,30,3,61,23,0,87,19,74,24,0,117,0,0,0,117
06/03/2004,GSN,MP,AWP,WE,Federal Contract Tower,17,11,1,1,30,1,49,10,1,61,18,60,11,2,91,0,0,0,91
06/04/2004,GSN,MP,AWP,WE,Federal Contract Tower,19,13,1,0,33,0,76,17,0,93,19,89,18,0,126,0,0,0,126
06/05/2004,GSN,MP,AWP,WE,Federal Contract Tower,20,13,1,0,34,3,80,23,0,106,23,93,24,0,140,0,0,0,140
06/06/2004,GSN,MP,AWP,WE,Federal Contract Tower,20,13,1,0,34,0,42,23,0,65,20,55,24,0,99,2,0,2,101
06/07/2004,GSN,MP,AWP,WE,Federal Contract Tower,16,13,1,0,30,0,46,26,0,72,16,59,27,0,102,6,0,6,108
06/08/2004,GSN,MP,AWP,WE,Federal Contract Tower,18,13,1,0,32,3,40,24,0,67,21,53,25,0,99,0,0,0,99
06/09/2004,GSN,MP,AWP,WE,Federal Contract Tower,21,15,1,0,37,0,53,20,4,77,21,68,21,4,114,0,18,18,132
06/10/2004,GSN,MP,AWP,WE,Federal Contract Tower,15,11,1,0,27,1,49,17,0,67,16,60,18,0,94,0,0,0,94
06/11/2004,GSN,MP,AWP,WE,Federal Contract Tower,16,12,1,0,29,1,66,24,2,93,17,78,25,2,122,0,0,0,122
06/12/2004,GSN,MP,AWP,WE,Federal Contract Tower,17,12,1,0,30,2,52,48,2,104,19,64,49,2,134,0,0,0,134
06/13/2004,GSN,MP,AWP,WE,Federal Contract Tower,17,12,1,0,30,1,50,23,0,74,18,62,24,0,104,6,0,6,110
06/14/2004,GSN,MP,AWP,WE,Federal Contract Tower,15,15,1,0,31,0,72,26,5,103,15,87,27,5,134,2,0,2,136
06/15/2004,GSN,MP,AWP,WE,Federal Contract Tower,18,13,1,0,32,1,62,17,6,86,19,75,18,6,118,0,0,0,118
06/16/2004,GSN,MP,AWP,WE,Federal Contract Tower,19,15,1,0,35,0,99,33,6,138,19,114,34,6,173,0,0,0,173
06/17/2004,GSN,MP,AWP,WE,Federal Contract Tower,16,12,1,0,29,0,82,20,1,103,16,94,21,1,132,0,0,0,132
06/18/2004,GSN,MP,AWP,WE,Federal Contract Tower,19,19,0,4,42,0,75,15,6,96,19,94,15,10,138,0,0,0,138
06/19/2004,GSN,MP,AWP,WE,Federal Contract Tower,20,14,0,0,34,0,50,19,0,69,20,64,19,0,103,10,0,10,113
06/20/2004,GSN,MP,AWP,WE,Federal Contract Tower,18,13,0,1,32,0,58,36,1,95,18,71,36,2,127,6,0,6,133
06/21/2004,GSN,MP,AWP,WE,Federal Contract Tower,18,15,0,1,34,0,56,29,3,88,18,71,29,4,122,2,0,2,124
06/22/2004,GSN,MP,AWP,WE,Federal Contract Tower,21,14,0,0,35,0,56,10,0,66,21,70,10,0,101,0,0,0,101
06/23/2004,GSN,MP,AWP,WE,Federal Contract Tower,20,13,0,0,33,0,49,32,0,81,20,62,32,0,114,0,0,0,114
06/24/2004,GSN,MP,AWP,WE,Federal Contract Tower,16,12,0,0,28,0,70,14,0,84,16,82,14,0,112,0,0,0,112
06/25/2004,GSN,MP,AWP,WE,Federal Contract Tower,19,14,0,0,33,0,78,19,0,97,19,92,19,0,130,22,0,22,152
06/26/2004,GSN,MP,AWP,WE,Federal Contract Tower,19,13,0,0,32,0,53,28,0,81,19,66,28,0,113,12,0,12,125
06/27/2004,GSN,MP,AWP,WE,Federal Contract Tower,16,8,0,0,24,6,0,17,0,23,22,8,17,0,47,0,0,0,47
06/28/2004,GSN,MP,AWP,WE,Federal Contract Tower,3,0,0,0,3,2,0,0,0,2,5,0,0,0,5,0,0,0,5
06/29/2004,GSN,MP,AWP,WE,Federal Contract Tower,22,14,0,0,36,4,62,9,0,75,26,76,9,0,111,0,0,0,111
06/30/2004,GSN,MP,AWP,WE,Federal Contract Tower,23,16,0,0,39,0,98,13,0,111,23,114,13,0,150,0,0,0,150
07/01/2004,GSN,MP,AWP,WE,Federal Contract Tower,18,11,1,0,30,2,67,5,0,74,20,78,6,0,104,0,0,0,104
07/02/2004,GSN,MP,AWP,WE,Federal Contract Tower,21,12,1,0,34,0,90,13,0,103,21,102,14,0,137,34,0,34,171
07/03/2004,GSN,MP,AWP,WE,Federal Contract Tower,18,12,1,0,31,1,80,32,0,113,19,92,33,0,144,8,0,8,152
07/04/2004,GSN,MP,AWP,WE,Federal Contract Tower,16,11,1,0,28,2,49,31,0,82,18,60,32,0,110,16,0,16,126
07/05/2004,GSN,MP,AWP,WE,Federal Contract Tower,16,12,1,0,29,0,52,36,2,90,16,64,37,2,119,16,4,20,139
07/06/2004,GSN,MP,AWP,WE,Federal Contract Tower,16,10,1,0,27,3,54,24,0,81,19,64,25,0,108,4,0,4,112
07/07/2004,GSN,MP,AWP,WE,Federal Contract Tower,19,12,1,0,32,0,60,21,0,81,19,72,22,0,113,0,0,0,113
07/08/2004,GSN,MP,AWP,WE,Federal Contract Tower,16,12,1,0,29,0,46,19,0,65,16,58,20,0,94,0,0,0,94
07/09/2004,GSN,MP,AWP,WE,Federal Contract Tower,16,11,1,0,28,0,61,23,0,84,16,72,24,0,112,14,0,14,126
07/10/2004,GSN,MP,AWP,WE,Federal Contract Tower,19,13,1,0,33,2,52,25,0,79,21,65,26,0,112,0,0,0,112
07/11/2004,GSN,MP,AWP,WE,Federal Contract Tower,18,11,1,0,30,1,34,22,0,57,19,45,23,0,87,4,0,4,91
07/12/2004,GSN,MP,AWP,WE,Federal Contract Tower,16,11,1,0,28,1,56,13,4,74,17,67,14,4,102,44,0,44,146
07/13/2004,GSN,MP,AWP,WE,Federal Contract Tower,19,13,1,0,33,0,52,31,4,87,19,65,32,4,120,0,0,0,120
07/14/2004,GSN,MP,AWP,WE,Federal Contract Tower,20,13,0,1,34,1,43,8,8,60,21,56,8,9,94,0,0,0,94
07/15/2004,GSN,MP,AWP,WE,Federal Contract Tower,15,10,0,1,26,1,58,30,3,92,16,68,30,4,118,2,0,2,120
07/16/2004,GSN,MP,AWP,WE,Federal Contract Tower,19,15,0,1,35,0,61,35,5,101,19,76,35,6,136,0,0,0,136
07/17/2004,GSN,MP,AWP,WE,Federal Contract Tower,22,14,0,0,36,1,52,30,0,83,23,66,30,0,119,0,0,0,119
07/18/2004,GSN,MP,AWP,WE,Federal Contract Tower,18,13,0,0,31,0,51,21,0,72,18,64,21,0,103,0,0,0,103
07/19/2004,GSN,MP,AWP,WE,Federal Contract Tower,16,11,0,0,27,0,43,18,0,61,16,54,18,0,88,8,0,8,96
07/20/2004,GSN,MP,AWP,WE,Federal Contract Tower,27,15,0,1,43,2,45,22,8,77,29,60,22,9,120,0,0,0,120
07/21/2004,GSN,MP,AWP,WE,Federal Contract Tower,23,15,0,1,39,0,52,13,16,81,23,67,13,17,120,0,0,0,120
07/22/2004,GSN,MP,AWP,WE,Federal Contract Tower,15,8,0,1,24,0,53,6,1,60,15,61,6,2,84,2,0,2,86
07/23/2004,GSN,MP,AWP,WE,Federal Contract Tower,20,12,0,0,32,0,80,16,0,96,20,92,16,0,128,0,0,0,128
07/24/2004,GSN,MP,AWP,WE,Federal Contract Tower,24,14,0,1,39,0,74,7,8,89,24,88,7,9,128,2,8,10,138
07/25/2004,GSN,MP,AWP,WE,Federal Contract Tower,20,11,0,0,31,0,51,13,0,64,20,62,13,0,95,0,0,0,95
07/26/2004,GSN,MP,AWP,WE,Federal Contract Tower,18,11,0,0,29,0,63,14,0,77,18,74,14,0,106,0,0,0,106
07/27/2004,GSN,MP,AWP,WE,Federal Contract Tower,23,14,0,1,38,0,73,10,5,88,23,87,10,6,126,2,0,2,128
07/28/2004,GSN,MP,AWP,WE,Federal Contract Tower,23,13,0,1,37,0,47,17,3,67,23,60,17,4,104,2,0,2,106
07/29/2004,GSN,MP,AWP,WE,Federal Contract Tower,16,9,0,0,25,2,53,10,0,65,18,62,10,0,90,0,0,0,90
07/30/2004,GSN,MP,AWP,WE,Federal Contract Tower,20,13,0,0,33,3,49,13,0,65,23,62,13,0,98,0,0,0,98
07/31/2004,GSN,MP,AWP,WE,Federal Contract Tower,25,16,0,0,41,1,40,9,0,50,26,56,9,0,91,0,0,0,91
08/01/2004,GSN,MP,AWP,WE,Federal Contract Tower,18,20,0,0,38,0,72,7,0,79,18,92,7,0,117,0,0,0,117
08/02/2004,GSN,MP,AWP,WE,Federal Contract Tower,20,22,0,0,42,0,62,13,0,75,20,84,13,0,117,0,0,0,117
08/03/2004,GSN,MP,AWP,WE,Federal Contract Tower,21,23,0,0,44,3,24,14,0,41,24,47,14,0,85,10,0,10,95
08/04/2004,GSN,MP,AWP,WE,Federal Contract Tower,20,20,0,0,40,2,37,16,0,55,22,57,16,0,95,14,0,14,109
08/05/2004,GSN,MP,AWP,WE,Federal Contract Tower,20,21,0,0,41,0,27,11,0,38,20,48,11,0,79,14,0,14,93
08/06/2004,GSN,MP,AWP,WE,Federal Contract Tower,20,22,0,0,42,0,52,21,6,79,20,74,21,6,121,0,0,0,121
08/07/2004,GSN,MP,AWP,WE,Federal Contract Tower,20,20,1,0,41,3,82,17,0,102,23,102,18,0,143,0,0,0,143
08/08/2004,GSN,MP,AWP,WE,Federal Contract Tower,16,16,1,0,33,0,78,13,0,91,16,94,14,0,124,6,0,6,130
08/09/2004,GSN,MP,AWP,WE,Federal Contract Tower,16,16,1,0,33,0,64,9,2,75,16,80,10,2,108,8,0,8,116
08/10/2004,GSN,MP,AWP,WE,Federal Contract Tower,20,20,1,0,41,1,69,26,8,104,21,89,27,8,145,0,0,0,145
08/11/2004,GSN,MP,AWP,WE,Federal Contract Tower,19,18,1,0,38,0,58,20,0,78,19,76,21,0,116,4,0,4,120
08/12/2004,GSN,MP,AWP,WE,Federal Contract Tower,16,17,0,1,34,0,77,22,7,106,16,94,22,8,140,0,4,4,144
08/13/2004,GSN,MP,AWP,WE,Federal Contract Tower,19,21,0,1,41,0,78,36,1,115,19,99,36,2,156,4,0,4,160
08/14/2004,GSN,MP,AWP,WE,Federal Contract Tower,22,22,0,0,44,3,27,29,0,59,25,49,29,0,103,6,0,6,109
08/15/2004,GSN,MP,AWP,WE,Federal Contract Tower,17,18,0,0,35,0,58,26,0,84,17,76,26,0,119,8,0,8,127
08/16/2004,GSN,MP,AWP,WE,Federal Contract Tower,16,18,0,1,35,0,66,33,3,102,16,84,33,4,137,40,0,40,177
08/17/2004,GSN,MP,AWP,WE,Federal Contract Tower,19,19,0,1,39,1,56,26,1,84,20,75,26,2,123,12,0,12,135
08/18/2004,GSN,MP,AWP,WE,Federal Contract Tower,19,20,0,1,40,0,58,8,1,67,19,78,8,2,107,0,0,0,107
08/19/2004,GSN,MP,AWP,WE,Federal Contract Tower,14,16,0,0,30,0,54,14,0,68,14,70,14,0,98,2,0,2,100
08/20/2004,GSN,MP,AWP,WE,Federal Contract Tower,17,21,0,1,39,0,43,26,5,74,17,64,26,6,113,2,0,2,115
08/21/2004,GSN,MP,AWP,WE,Federal Contract Tower,19,17,0,0,36,2,70,24,0,96,21,87,24,0,132,0,0,0,132
08/22/2004,GSN,MP,AWP,WE,Federal Contract Tower,7,6,0,0,13,2,9,2,0,13,9,15,2,0,26,0,0,0,26
08/23/2004,GSN,MP,AWP,WE,Federal Contract Tower,7,6,0,0,13,1,6,16,4,27,8,12,16,4,40,0,0,0,40
08/24/2004,GSN,MP,AWP,WE,Federal Contract Tower,18,20,0,0,38,0,30,8,0,38,18,50,8,0,76,0,0,0,76
08/25/2004,GSN,MP,AWP,WE,Federal Contract Tower,17,16,0,0,33,4,71,11,15,101,21,87,11,15,134,0,0,0,134
08/26/2004,GSN,MP,AWP,WE,Federal Contract Tower,17,18,0,0,35,0,52,23,2,77,17,70,23,2,112,0,0,0,112
08/27/2004,GSN,MP,AWP,WE,Federal Contract Tower,17,16,0,0,33,5,29,19,5,58,22,45,19,5,91,6,0,6,97
08/28/2004,GSN,MP,AWP,WE,Federal Contract Tower,25,24,0,0,49,0,7,10,0,17,25,31,10,0,66,0,0,0,66
08/29/2004,GSN,MP,AWP,WE,Federal Contract Tower,18,17,0,0,35,0,52,21,0,73,18,69,21,0,108,0,0,0,108
08/30/2004,GSN,MP,AWP,WE,Federal Contract Tower,16,14,0,0,30,3,93,25,2,123,19,107,25,2,153,14,2,16,169
08/31/2004,GSN,MP,AWP,WE,Federal Contract Tower,20,20,0,0,40,0,47,12,4,63,20,67,12,4,103,0,0,0,103
09/01/2004,GSN,MP,AWP,WE,Federal Contract Tower,15,19,1,0,35,0,48,10,0,58,15,67,11,0,93,3,0,3,96
09/02/2004,GSN,MP,AWP,WE,Federal Contract Tower,16,19,1,0,36,0,61,10,18,89,16,80,11,18,125,10,0,10,135
09/03/2004,GSN,MP,AWP,WE,Federal Contract Tower,15,17,1,0,33,0,85,19,0,104,15,102,20,0,137,8,0,8,145
09/04/2004,GSN,MP,AWP,WE,Federal Contract Tower,18,19,1,0,38,3,80,16,2,101,21,99,17,2,139,0,0,0,139
09/05/2004,GSN,MP,AWP,WE,Federal Contract Tower,14,15,1,0,30,0,66,13,0,79,14,81,14,0,109,0,0,0,109
09/06/2004,GSN,MP,AWP,WE,Federal Contract Tower,16,19,1,0,36,0,70,21,0,91,16,89,22,0,127,0,0,0,127
09/07/2004,GSN,MP,AWP,WE,Federal Contract Tower,15,17,1,0,33,0,68,27,0,95,15,85,28,0,128,0,0,0,128
09/08/2004,GSN,MP,AWP,WE,Federal Contract Tower,15,18,1,0,34,0,72,15,0,87,15,90,16,0,121,0,0,0,121
09/09/2004,GSN,MP,AWP,WE,Federal Contract Tower,12,15,1,0,28,0,61,7,2,70,12,76,8,2,98,0,0,0,98
09/10/2004,GSN,MP,AWP,WE,Federal Contract Tower,13,16,1,0,30,0,73,16,0,89,13,89,17,0,119,0,0,0,119
09/11/2004,GSN,MP,AWP,WE,Federal Contract Tower,14,15,1,0,30,3,71,19,0,93,17,86,20,0,123,0,0,0,123
09/12/2004,GSN,MP,AWP,WE,Federal Contract Tower,12,14,0,0,26,0,63,23,0,86,12,77,23,0,112,4,0,4,116
09/13/2004,GSN,MP,AWP,WE,Federal Contract Tower,12,17,0,0,29,0,62,28,0,90,12,79,28,0,119,4,0,4,123
09/14/2004,GSN,MP,AWP,WE,Federal Contract Tower,15,18,0,0,33,0,62,20,0,82,15,80,20,0,115,6,0,6,121
09/15/2004,GSN,MP,AWP,WE,Federal Contract Tower,16,18,0,1,35,1,55,23,3,82,17,73,23,4,117,0,0,0,117
09/16/2004,GSN,MP,AWP,WE,Federal Contract Tower,13,16,0,0,29,0,70,8,1,79,13,86,8,1,108,0,0,0,108
09/17/2004,GSN,MP,AWP,WE,Federal Contract Tower,17,23,0,0,40,0,68,26,1,95,17,91,26,1,135,12,0,12,147
09/18/2004,GSN,MP,AWP,WE,Federal Contract Tower,17,20,0,0,37,3,69,24,0,96,20,89,24,0,133,4,0,4,137
09/19/2004,GSN,MP,AWP,WE,Federal Contract Tower,12,16,0,0,28,0,59,26,0,85,12,75,26,0,113,0,0,0,113
09/20/2004,GSN,MP,AWP,WE,Federal Contract Tower,14,20,0,0,34,0,55,12,0,67,14,75,12,0,101,0,0,0,101
09/21/2004,GSN,MP,AWP,WE,Federal Contract Tower,15,19,0,0,34,0,59,37,0,96,15,78,37,0,130,2,0,2,132
09/22/2004,GSN,MP,AWP,WE,Federal Contract Tower,17,21,0,0,38,0,63,46,0,109,17,84,46,0,147,2,0,2,149
09/23/2004,GSN,MP,AWP,WE,Federal Contract Tower,15,18,0,0,33,0,56,11,0,67,15,74,11,0,100,0,0,0,100
09/24/2004,GSN,MP,AWP,WE,Federal Contract Tower,16,20,0,0,36,0,91,23,0,114,16,111,23,0,150,0,0,0,150
09/25/2004,GSN,MP,AWP,WE,Federal Contract Tower,18,21,0,0,39,5,63,30,0,98,23,84,30,0,137,2,0,2,139
09/26/2004,GSN,MP,AWP,WE,Federal Contract Tower,14,17,0,0,31,2,44,12,0,58,16,61,12,0,89,0,0,0,89
09/27/2004,GSN,MP,AWP,WE,Federal Contract Tower,14,20,0,0,34,0,56,30,0,86,14,76,30,0,120,2,0,2,122
09/28/2004,GSN,MP,AWP,WE,Federal Contract Tower,13,16,0,0,29,8,56,23,0,87,21,72,23,0,116,0,0,0,116
09/29/2004,GSN,MP,AWP,WE,Federal Contract Tower,15,18,0,0,33,8,39,20,0,67,23,57,20,0,100,0,0,0,100
09/30/2004,GSN,MP,AWP,WE,Federal Contract Tower,14,17,0,0,31,0,60,16,0,76,14,77,16,0,107,0,0,0,107
10/01/2004,GSN,MP,AWP,WE,Federal Contract Tower,19,20,1,0,40,0,86,32,0,118,19,106,33,0,158,0,0,0,158
10/02/2004,GSN,MP,AWP,WE,Federal Contract Tower,23,10,0,0,33,0,71,17,0,88,23,81,17,0,121,0,0,0,121
10/03/2004,GSN,MP,AWP,WE,Federal Contract Tower,12,17,0,0,29,0,59,27,0,86,12,76,27,0,115,0,0,0,115
10/04/2004,GSN,MP,AWP,WE,Federal Contract Tower,16,18,0,0,34,0,64,26,0,90,16,82,26,0,124,0,0,0,124
10/05/2004,GSN,MP,AWP,WE,Federal Contract Tower,17,17,0,0,34,0,53,29,6,88,17,70,29,6,122,2,0,2,124
10/06/2004,GSN,MP,AWP,WE,Federal Contract Tower,17,17,0,0,34,0,58,36,0,94,17,75,36,0,128,4,0,4,132
10/07/2004,GSN,MP,AWP,WE,Federal Contract Tower,15,17,2,0,34,0,63,20,0,83,15,80,22,0,117,0,0,0,117
10/08/2004,GSN,MP,AWP,WE,Federal Contract Tower,15,18,0,0,33,0,84,32,0,116,15,102,32,0,149,0,0,0,149
10/09/2004,GSN,MP,AWP,WE,Federal Contract Tower,17,17,0,0,34,0,67,30,0,97,17,84,30,0,131,0,0,0,131
10/10/2004,GSN,MP,AWP,WE,Federal Contract Tower,14,18,0,0,32,0,41,32,0,73,14,59,32,0,105,10,0,10,115
10/11/2004,GSN,MP,AWP,WE,Federal Contract Tower,12,15,0,0,27,2,64,27,0,93,14,79,27,0,120,4,0,4,124
10/12/2004,GSN,MP,AWP,WE,Federal Contract Tower,15,16,1,0,32,0,62,17,0,79,15,78,18,0,111,0,0,0,111
10/13/2004,GSN,MP,AWP,WE,Federal Contract Tower,15,18,0,0,33,0,57,13,0,70,15,75,13,0,103,0,0,0,103
10/14/2004,GSN,MP,AWP,WE,Federal Contract Tower,12,19,0,0,31,0,45,18,0,63,12,64,18,0,94,0,0,0,94
10/15/2004,GSN,MP,AWP,WE,Federal Contract Tower,17,17,0,0,34,0,69,14,0,83,17,86,14,0,117,0,0,0,117
10/16/2004,GSN,MP,AWP,WE,Federal Contract Tower,17,18,0,0,35,0,98,39,0,137,17,116,39,0,172,0,0,0,172
10/17/2004,GSN,MP,AWP,WE,Federal Contract Tower,12,16,0,4,32,0,108,28,12,148,12,124,28,16,180,0,0,0,180
10/18/2004,GSN,MP,AWP,WE,Federal Contract Tower,14,15,0,0,29,0,103,26,1,130,14,118,26,1,159,0,0,0,159
10/19/2004,GSN,MP,AWP,WE,Federal Contract Tower,15,17,0,1,33,0,72,28,0,100,15,89,28,1,133,2,0,2,135
10/20/2004,GSN,MP,AWP,WE,Federal Contract Tower,16,5,0,0,21,0,50,1,0,51,16,55,1,0,72,6,0,6,78
10/21/2004,GSN,MP,AWP,WE,Federal Contract Tower,9,18,3,0,30,0,46,11,0,57,9,64,14,0,87,0,0,0,87
10/22/2004,GSN,MP,AWP,WE,Federal Contract Tower,17,23,1,0,41,0,81,28,0,109,17,104,29,0,150,0,0,0,150
10/23/2004,GSN,MP,AWP,WE,Federal Contract Tower,17,17,0,0,34,0,67,27,4,98,17,84,27,4,132,2,0,2,134
10/24/2004,GSN,MP,AWP,WE,Federal Contract Tower,12,18,0,0,30,0,51,25,0,76,12,69,25,0,106,0,0,0,106
10/25/2004,GSN,MP,AWP,WE,Federal Contract Tower,14,21,0,0,35,0,51,16,0,67,14,72,16,0,102,0,0,0,102
10/26/2004,GSN,MP,AWP,WE,Federal Contract Tower,15,18,0,0,33,0,58,20,10,88,15,76,20,10,121,10,0,10,131
10/27/2004,GSN,MP,AWP,WE,Federal Contract Tower,17,18,4,0,39,0,56,18,2,76,17,74,22,2,115,0,0,0,115
10/28/2004,GSN,MP,AWP,WE,Federal Contract Tower,12,19,0,0,31,0,68,16,4,88,12,87,16,4,119,0,0,0,119
10/29/2004,GSN,MP,AWP,WE,Federal Contract Tower,15,23,0,0,38,0,85,8,0,93,15,108,8,0,131,0,0,0,131
10/30/2004,GSN,MP,AWP,WE,Federal Contract Tower,19,13,0,0,32,0,62,15,0,77,19,75,15,0,109,12,0,12,121
10/31/2004,GSN,MP,AWP,WE,Federal Contract Tower,12,15,1,0,28,0,49,16,0,65,12,64,17,0,93,12,0,12,105
11/01/2004,GSN,MP,AWP,WE,Federal Contract Tower,13,19,1,0,33,0,59,6,0,65,13,78,7,0,98,0,0,0,98
11/02/2004,GSN,MP,AWP,WE,Federal Contract Tower,16,18,1,0,35,0,48,23,2,73,16,66,24,2,108,6,0,6,114
11/03/2004,GSN,MP,AWP,WE,Federal Contract Tower,18,23,0,0,41,0,70,13,0,83,18,93,13,0,124,4,0,4,128
11/04/2004,GSN,MP,AWP,WE,Federal Contract Tower,14,21,0,0,35,0,63,10,0,73,14,84,10,0,108,0,0,0,108
11/05/2004,GSN,MP,AWP,WE,Federal Contract Tower,16,18,2,0,36,0,72,18,0,90,16,90,20,0,126,0,0,0,126
11/06/2004,GSN,MP,AWP,WE,Federal Contract Tower,20,25,2,0,47,0,55,20,0,75,20,80,22,0,122,0,0,0,122
11/07/2004,GSN,MP,AWP,WE,Federal Contract Tower,14,18,0,0,32,0,54,22,0,76,14,72,22,0,108,20,0,20,128
11/08/2004,GSN,MP,AWP,WE,Federal Contract Tower,14,21,0,0,35,0,47,10,0,57,14,68,10,0,92,0,0,0,92
11/09/2004,GSN,MP,AWP,WE,Federal Contract Tower,18,19,0,0,37,0,69,20,4,93,18,88,20,4,130,6,0,6,136
11/10/2004,GSN,MP,AWP,WE,Federal Contract Tower,18,23,1,0,42,0,71,9,0,80,18,94,10,0,122,0,0,0,122
11/11/2004,GSN,MP,AWP,WE,Federal Contract Tower,14,25,1,0,40,0,53,10,0,63,14,78,11,0,103,0,0,0,103
11/12/2004,GSN,MP,AWP,WE,Federal Contract Tower,15,27,0,0,42,0,49,18,0,67,15,76,18,0,109,0,0,0,109
11/13/2004,GSN,MP,AWP,WE,Federal Contract Tower,19,23,0,12,54,0,60,14,3,77,19,83,14,15,131,0,0,0,131
11/14/2004,GSN,MP,AWP,WE,Federal Contract Tower,14,25,0,0,39,0,54,24,0,78,14,79,24,0,117,8,0,8,125
11/15/2004,GSN,MP,AWP,WE,Federal Contract Tower,17,22,0,2,41,0,63,10,2,75,17,85,10,4,116,0,0,0,116
11/16/2004,GSN,MP,AWP,WE,Federal Contract Tower,17,23,0,0,40,0,55,22,0,77,17,78,22,0,117,8,0,8,125
11/17/2004,GSN,MP,AWP,WE,Federal Contract Tower,18,21,1,0,40,0,61,21,4,86,18,82,22,4,126,8,0,8,134
11/18/2004,GSN,MP,AWP,WE,Federal Contract Tower,14,27,1,0,42,0,63,13,2,78,14,90,14,2,120,0,4,4,124
11/19/2004,GSN,MP,AWP,WE,Federal Contract Tower,16,24,2,0,42,0,77,14,0,91,16,101,16,0,133,20,0,20,153
11/20/2004,GSN,MP,AWP,WE,Federal Contract Tower,22,22,0,0,44,0,56,15,0,71,22,78,15,0,115,0,0,0,115
11/21/2004,GSN,MP,AWP,WE,Federal Contract Tower,16,28,0,0,44,1,49,13,0,63,17,77,13,0,107,8,0,8,115
11/22/2004,GSN,MP,AWP,WE,Federal Contract Tower,17,23,0,0,40,0,59,16,0,75,17,82,16,0,115,4,0,4,119
11/23/2004,GSN,MP,AWP,WE,Federal Contract Tower,20,24,0,0,44,0,31,12,0,43,20,55,12,0,87,0,0,0,87
11/24/2004,GSN,MP,AWP,WE,Federal Contract Tower,20,17,0,0,37,0,66,12,0,78,20,83,12,0,115,0,0,0,115
11/25/2004,GSN,MP,AWP,WE,Federal Contract Tower,16,25,0,0,41,0,13,0,0,13,16,38,0,0,54,0,0,0,54
11/26/2004,GSN,MP,AWP,WE,Federal Contract Tower,16,18,1,0,35,0,70,12,0,82,16,88,13,0,117,0,0,0,117
11/27/2004,GSN,MP,AWP,WE,Federal Contract Tower,20,24,0,0,44,0,39,5,0,44,20,63,5,0,88,0,0,0,88
11/28/2004,GSN,MP,AWP,WE,Federal Contract Tower,16,20,0,0,36,0,56,26,0,82,16,76,26,0,118,0,0,0,118
11/29/2004,GSN,MP,AWP,WE,Federal Contract Tower,18,17,0,0,35,0,72,16,4,92,18,89,16,4,127,0,0,0,127
11/30/2004,GSN,MP,AWP,WE,Federal Contract Tower,18,21,0,0,39,0,54,0,0,54,18,75,0,0,93,0,0,0,93
12/01/2004,GSN,MP,AWP,WE,Federal Contract Tower,20,22,1,0,43,0,53,10,2,65,20,75,11,2,108,0,0,0,108
12/02/2004,GSN,MP,AWP,WE,Federal Contract Tower,19,23,0,0,42,0,49,17,0,66,19,72,17,0,108,2,0,2,110
12/03/2004,GSN,MP,AWP,WE,Federal Contract Tower,18,24,0,0,42,0,77,14,0,91,18,101,14,0,133,2,0,2,135
12/04/2004,GSN,MP,AWP,WE,Federal Contract Tower,24,21,0,0,45,0,62,14,0,76,24,83,14,0,121,2,0,2,123
12/05/2004,GSN,MP,AWP,WE,Federal Contract Tower,16,22,2,0,40,0,55,19,0,74,16,77,21,0,114,0,0,0,114
12/06/2004,GSN,MP,AWP,WE,Federal Contract Tower,16,16,0,0,32,0,75,18,0,93,16,91,18,0,125,0,0,0,125
12/07/2004,GSN,MP,AWP,WE,Federal Contract Tower,20,15,0,2,37,0,70,16,0,86,20,85,16,2,123,0,0,0,123
12/08/2004,GSN,MP,AWP,WE,Federal Contract Tower,20,15,0,0,35,0,65,6,0,71,20,80,6,0,106,0,0,0,106
12/09/2004,GSN,MP,AWP,WE,Federal Contract Tower,18,19,0,0,37,0,53,10,0,63,18,72,10,0,100,2,0,2,102
12/10/2004,GSN,MP,AWP,WE,Federal Contract Tower,18,28,0,0,46,0,80,18,6,104,18,108,18,6,150,0,0,0,150
12/11/2004,GSN,MP,AWP,WE,Federal Contract Tower,22,22,0,0,44,0,68,14,0,82,22,90,14,0,126,0,0,0,126
12/12/2004,GSN,MP,AWP,WE,Federal Contract Tower,16,22,0,0,38,0,58,20,2,80,16,80,20,2,118,0,0,0,118
12/13/2004,GSN,MP,AWP,WE,Federal Contract Tower,16,23,0,0,39,0,55,6,0,61,16,78,6,0,100,2,0,2,102
12/14/2004,GSN,MP,AWP,WE,Federal Contract Tower,18,16,0,0,34,0,53,19,4,76,18,69,19,4,110,0,0,0,110
12/15/2004,GSN,MP,AWP,WE,Federal Contract Tower,18,21,0,0,39,0,49,17,0,66,18,70,17,0,105,0,0,0,105
12/16/2004,GSN,MP,AWP,WE,Federal Contract Tower,16,18,0,2,36,0,57,12,0,69,16,75,12,2,105,6,0,6,111
12/17/2004,GSN,MP,AWP,WE,Federal Contract Tower,18,20,0,0,38,0,70,9,0,79,18,90,9,0,117,0,0,0,117
12/18/2004,GSN,MP,AWP,WE,Federal Contract Tower,24,18,2,0,44,0,75,18,0,93,24,93,20,0,137,0,0,0,137
12/19/2004,GSN,MP,AWP,WE,Federal Contract Tower,12,15,0,0,27,0,33,4,0,37,12,48,4,0,64,0,0,0,64
12/20/2004,GSN,MP,AWP,WE,Federal Contract Tower,15,17,0,0,32,0,63,2,0,65,15,80,2,0,97,0,0,0,97
12/21/2004,GSN,MP,AWP,WE,Federal Contract Tower,21,22,0,0,43,0,64,20,0,84,21,86,20,0,127,0,0,0,127
12/22/2004,GSN,MP,AWP,WE,Federal Contract Tower,20,20,0,0,40,0,68,13,0,81,20,88,13,0,121,0,0,0,121
12/23/2004,GSN,MP,AWP,WE,Federal Contract Tower,18,21,0,0,39,0,84,8,0,92,18,105,8,0,131,2,0,2,133
12/24/2004,GSN,MP,AWP,WE,Federal Contract Tower,18,21,0,0,39,0,71,24,0,95,18,92,24,0,134,0,0,0,134
12/25/2004,GSN,MP,AWP,WE,Federal Contract Tower,21,18,0,0,39,0,47,14,0,61,21,65,14,0,100,0,0,0,100
12/26/2004,GSN,MP,AWP,WE,Federal Contract Tower,19,19,0,0,38,0,58,25,0,83,19,77,25,0,121,0,0,0,121
12/27/2004,GSN,MP,AWP,WE,Federal Contract Tower,18,18,2,0,38,0,109,24,0,133,18,127,26,0,171,4,0,4,175
12/28/2004,GSN,MP,AWP,WE,Federal Contract Tower,17,21,0,0,38,0,75,34,4,113,17,96,34,4,151,4,0,4,155
12/29/2004,GSN,MP,AWP,WE,Federal Contract Tower,20,21,2,0,43,0,77,12,0,89,20,98,14,0,132,2,0,2,134
12/30/2004,GSN,MP,AWP,WE,Federal Contract Tower,20,22,0,0,42,0,74,8,0,82,20,96,8,0,124,0,0,0,124
12/31/2004,GSN,MP,AWP,WE,Federal Contract Tower,18,22,0,0,40,0,89,24,0,113,18,111,24,0,153,0,0,0,153
01/01/2005,GSN,MP,AWP,WE,Federal Contract Tower,22,18,2,0,42,0,76,24,0,100,22,94,26,0,142,0,0,0,142
01/02/2005,GSN,MP,AWP,WE,Federal Contract Tower,22,19,0,0,41,0,54,16,0,70,22,73,16,0,111,0,0,0,111
01/03/2005,GSN,MP,AWP,WE,Federal Contract Tower,18,18,0,0,36,0,71,19,0,90,18,89,19,0,126,0,0,0,126
01/04/2005,GSN,MP,AWP,WE,Federal Contract Tower,18,19,0,0,37,0,65,11,0,76,18,84,11,0,113,0,0,0,113
01/05/2005,GSN,MP,AWP,WE,Federal Contract Tower,24,18,1,0,43,0,65,12,0,77,24,83,13,0,120,0,0,0,120
01/06/2005,GSN,MP,AWP,WE,Federal Contract Tower,15,18,4,0,37,1,64,10,0,75,16,82,14,0,112,0,0,0,112
01/07/2005,GSN,MP,AWP,WE,Federal Contract Tower,18,20,2,0,40,0,72,8,0,80,18,92,10,0,120,2,0,2,122
01/08/2005,GSN,MP,AWP,WE,Federal Contract Tower,18,15,0,0,33,0,76,13,0,89,18,91,13,0,122,0,0,0,122
01/09/2005,GSN,MP,AWP,WE,Federal Contract Tower,18,17,0,0,35,0,55,16,0,71,18,72,16,0,106,0,0,0,106
01/10/2005,GSN,MP,AWP,WE,Federal Contract Tower,14,19,0,0,33,0,64,14,0,78,14,83,14,0,111,0,0,0,111
01/11/2005,GSN,MP,AWP,WE,Federal Contract Tower,16,22,0,0,38,0,43,4,0,47,16,65,4,0,85,0,0,0,85
01/12/2005,GSN,MP,AWP,WE,Federal Contract Tower,18,20,2,0,40,0,50,10,0,60,18,70,12,0,100,0,0,0,100
01/13/2005,GSN,MP,AWP,WE,Federal Contract Tower,14,19,2,0,35,0,57,18,0,75,14,76,20,0,110,0,0,0,110
01/14/2005,GSN,MP,AWP,WE,Federal Contract Tower,17,21,0,0,38,0,71,9,0,80,17,92,9,0,118,0,0,0,118
01/15/2005,GSN,MP,AWP,WE,Federal Contract Tower,17,16,0,0,33,0,48,16,0,64,17,64,16,0,97,0,0,0,97
01/16/2005,GSN,MP,AWP,WE,Federal Contract Tower,16,19,0,0,35,0,39,27,0,66,16,58,27,0,101,0,0,0,101
01/17/2005,GSN,MP,AWP,WE,Federal Contract Tower,16,18,0,0,34,0,49,0,0,49,16,67,0,0,83,0,0,0,83
01/18/2005,GSN,MP,AWP,WE,Federal Contract Tower,19,19,0,0,38,0,56,20,0,76,19,75,20,0,114,0,0,0,114
01/19/2005,GSN,MP,AWP,WE,Federal Contract Tower,20,18,0,0,38,0,59,24,6,89,20,77,24,6,127,0,0,0,127
01/20/2005,GSN,MP,AWP,WE,Federal Contract Tower,14,16,3,0,33,0,62,12,0,74,14,78,15,0,107,0,0,0,107
01/21/2005,GSN,MP,AWP,WE,Federal Contract Tower,18,18,1,0,37,0,74,4,0,78,18,92,5,0,115,0,0,0,115
01/22/2005,GSN,MP,AWP,WE,Federal Contract Tower,20,18,0,0,38,0,48,11,0,59,20,66,11,0,97,0,0,0,97
01/23/2005,GSN,MP,AWP,WE,Federal Contract Tower,16,17,0,0,33,0,45,12,0,57,16,62,12,0,90,0,0,0,90
01/24/2005,GSN,MP,AWP,WE,Federal Contract Tower,15,14,0,0,29,0,57,21,0,78,15,71,21,0,107,0,0,0,107
01/25/2005,GSN,MP,AWP,WE,Federal Contract Tower,16,19,0,0,35,0,57,17,0,74,16,76,17,0,109,0,0,0,109
01/26/2005,GSN,MP,AWP,WE,Federal Contract Tower,22,21,0,0,43,0,65,18,0,83,22,86,18,0,126,0,0,0,126
01/27/2005,GSN,MP,AWP,WE,Federal Contract Tower,14,19,0,0,33,0,66,14,0,80,14,85,14,0,113,0,0,0,113
01/28/2005,GSN,MP,AWP,WE,Federal Contract Tower,18,18,0,0,36,0,84,16,0,100,18,102,16,0,136,0,0,0,136
01/29/2005,GSN,MP,AWP,WE,Federal Contract Tower,18,15,0,0,33,0,57,21,0,78,18,72,21,0,111,0,0,0,111
01/30/2005,GSN,MP,AWP,WE,Federal Contract Tower,16,16,0,0,32,0,53,24,0,77,16,69,24,0,109,0,0,0,109
01/31/2005,GSN,MP,AWP,WE,Federal Contract Tower,16,19,1,0,36,0,57,14,0,71,16,76,15,0,107,0,0,0,107
02/01/2005,GSN,MP,AWP,WE,Federal Contract Tower,16,18,1,0,35,0,59,25,0,84,16,77,26,0,119,0,0,0,119
02/02/2005,GSN,MP,AWP,WE,Federal Contract Tower,18,20,0,0,38,0,36,14,0,50,18,56,14,0,88,0,0,0,88
02/03/2005,GSN,MP,AWP,WE,Federal Contract Tower,14,20,3,0,37,0,68,8,0,76,14,88,11,0,113,0,0,0,113
02/04/2005,GSN,MP,AWP,WE,Federal Contract Tower,16,18,1,0,35,0,84,18,0,102,16,102,19,0,137,0,0,0,137
02/05/2005,GSN,MP,AWP,WE,Federal Contract Tower,20,15,0,0,35,0,71,26,0,97,20,86,26,0,132,0,0,0,132
02/06/2005,GSN,MP,AWP,WE,Federal Contract Tower,16,18,1,0,35,0,59,20,0,79,16,77,21,0,114,6,0,6,120
02/07/2005,GSN,MP,AWP,WE,Federal Contract Tower,16,19,1,0,36,0,43,10,0,53,16,62,11,0,89,0,0,0,89
02/08/2005,GSN,MP,AWP,WE,Federal Contract Tower,18,18,0,0,36,0,45,26,0,71,18,63,26,0,107,0,0,0,107
02/09/2005,GSN,MP,AWP,WE,Federal Contract Tower,17,20,0,0,37,1,75,26,0,102,18,95,26,0,139,0,0,0,139
02/10/2005,GSN,MP,AWP,WE,Federal Contract Tower,16,13,1,0,30,0,65,15,0,80,16,78,16,0,110,0,0,0,110
02/11/2005,GSN,MP,AWP,WE,Federal Contract Tower,18,11,0,0,29,0,99,36,0,135,18,110,36,0,164,0,0,0,164
02/12/2005,GSN,MP,AWP,WE,Federal Contract Tower,18,13,0,2,33,0,67,22,0,89,18,80,22,2,122,2,23,25,147
02/13/2005,GSN,MP,AWP,WE,Federal Contract Tower,18,12,0,0,30,0,74,22,0,96,18,86,22,0,126,0,0,0,126
02/14/2005,GSN,MP,AWP,WE,Federal Contract Tower,16,14,0,0,30,0,63,19,0,82,16,77,19,0,112,0,0,0,112
02/15/2005,GSN,MP,AWP,WE,Federal Contract Tower,20,14,0,2,36,0,62,22,4,88,20,76,22,6,124,0,14,14,138
02/16/2005,GSN,MP,AWP,WE,Federal Contract Tower,16,14,0,0,30,0,48,24,0,72,16,62,24,0,102,0,0,0,102
02/17/2005,GSN,MP,AWP,WE,Federal Contract Tower,17,13,0,0,30,0,55,7,0,62,17,68,7,0,92,0,0,0,92
02/18/2005,GSN,MP,AWP,WE,Federal Contract Tower,16,13,0,0,29,0,91,15,0,106,16,104,15,0,135,0,0,0,135
02/19/2005,GSN,MP,AWP,WE,Federal Contract Tower,20,12,3,0,35,0,84,10,2,96,20,96,13,2,131,0,0,0,131
02/20/2005,GSN,MP,AWP,WE,Federal Contract Tower,17,12,1,0,30,0,60,28,12,100,17,72,29,12,130,2,0,2,132
02/21/2005,GSN,MP,AWP,WE,Federal Contract Tower,13,17,0,0,30,0,58,22,0,80,13,75,22,0,110,0,0,0,110
02/22/2005,GSN,MP,AWP,WE,Federal Contract Tower,17,15,0,0,32,0,80,21,0,101,17,95,21,0,133,0,0,0,133
02/23/2005,GSN,MP,AWP,WE,Federal Contract Tower,17,13,0,4,34,0,56,25,0,81,17,69,25,4,115,14,0,14,129
02/24/2005,GSN,MP,AWP,WE,Federal Contract Tower,15,13,1,0,29,0,60,13,0,73,15,73,14,0,102,6,0,6,108
02/25/2005,GSN,MP,AWP,WE,Federal Contract Tower,14,18,1,0,33,0,68,24,0,92,14,86,25,0,125,0,0,0,125
02/26/2005,GSN,MP,AWP,WE,Federal Contract Tower,18,15,0,0,33,0,75,13,0,88,18,90,13,0,121,0,0,0,121
02/27/2005,GSN,MP,AWP,WE,Federal Contract Tower,17,13,2,0,32,0,53,0,0,53,17,66,2,0,85,0,0,0,85
02/28/2005,GSN,MP,AWP,WE,Federal Contract Tower,17,14,0,0,31,0,52,21,0,73,17,66,21,0,104,0,0,0,104
03/01/2005,GSN,MP,AWP,WE,Federal Contract Tower,16,14,4,0,34,0,44,16,0,60,16,58,20,0,94,0,0,0,94
03/02/2005,GSN,MP,AWP,WE,Federal Contract Tower,16,15,2,0,33,0,64,6,0,70,16,79,8,0,103,0,0,0,103
03/03/2005,GSN,MP,AWP,WE,Federal Contract Tower,14,15,0,0,29,0,68,12,0,80,14,83,12,0,109,0,0,0,109
03/04/2005,GSN,MP,AWP,WE,Federal Contract Tower,14,16,0,0,30,0,79,14,2,95,14,95,14,2,125,0,0,0,125
03/05/2005,GSN,MP,AWP,WE,Federal Contract Tower,12,11,0,0,23,0,63,15,0,78,12,74,15,0,101,0,0,0,101
03/06/2005,GSN,MP,AWP,WE,Federal Contract Tower,14,14,0,0,28,0,58,13,0,71,14,72,13,0,99,0,0,0,99
03/07/2005,GSN,MP,AWP,WE,Federal Contract Tower,14,18,0,0,32,0,53,15,0,68,14,71,15,0,100,0,0,0,100
03/08/2005,GSN,MP,AWP,WE,Federal Contract Tower,14,14,0,0,28,0,49,12,0,61,14,63,12,0,89,0,0,0,89
03/09/2005,GSN,MP,AWP,WE,Federal Contract Tower,14,18,0,0,32,0,78,16,0,94,14,96,16,0,126,11,0,11,137
03/10/2005,GSN,MP,AWP,WE,Federal Contract Tower,14,15,0,0,29,0,64,2,0,66,14,79,2,0,95,0,0,0,95
03/11/2005,GSN,MP,AWP,WE,Federal Contract Tower,14,15,0,0,29,0,71,16,0,87,14,86,16,0,116,0,0,0,116
03/12/2005,GSN,MP,AWP,WE,Federal Contract Tower,14,11,0,0,25,0,75,20,0,95,14,86,20,0,120,0,0,0,120
03/13/2005,GSN,MP,AWP,WE,Federal Contract Tower,15,12,2,0,29,0,45,14,0,59,15,57,16,0,88,0,0,0,88
03/14/2005,GSN,MP,AWP,WE,Federal Contract Tower,14,23,5,0,42,0,43,10,0,53,14,66,15,0,95,0,0,0,95
03/15/2005,GSN,MP,AWP,WE,Federal Contract Tower,16,16,0,0,32,0,41,15,0,56,16,57,15,0,88,0,0,0,88
03/16/2005,GSN,MP,AWP,WE,Federal Contract Tower,16,18,1,0,35,0,57,19,0,76,16,75,20,0,111,12,0,12,123
03/17/2005,GSN,MP,AWP,WE,Federal Contract Tower,14,14,1,0,29,0,58,12,2,72,14,72,13,2,101,20,4,24,125
03/18/2005,GSN,MP,AWP,WE,Federal Contract Tower,16,14,2,0,32,0,86,26,10,122,16,100,28,10,154,16,0,16,170
03/19/2005,GSN,MP,AWP,WE,Federal Contract Tower,14,11,0,0,25,0,79,12,0,91,14,90,12,0,116,0,0,0,116
03/20/2005,GSN,MP,AWP,WE,Federal Contract Tower,19,12,2,0,33,0,58,16,0,74,19,70,18,0,107,0,0,0,107
03/21/2005,GSN,MP,AWP,WE,Federal Contract Tower,15,15,0,0,30,0,71,20,0,91,15,86,20,0,121,0,0,0,121
03/22/2005,GSN,MP,AWP,WE,Federal Contract Tower,20,17,0,0,37,0,55,17,0,72,20,72,17,0,109,0,0,0,109
03/23/2005,GSN,MP,AWP,WE,Federal Contract Tower,14,14,0,0,28,0,64,12,0,76,14,78,12,0,104,0,0,0,104
03/24/2005,GSN,MP,AWP,WE,Federal Contract Tower,14,14,0,0,28,0,44,16,0,60,14,58,16,0,88,0,0,0,88
03/25/2005,GSN,MP,AWP,WE,Federal Contract Tower,15,16,0,0,31,0,43,14,4,61,15,59,14,4,92,0,0,0,92
03/26/2005,GSN,MP,AWP,WE,Federal Contract Tower,16,11,0,0,27,0,49,34,0,83,16,60,34,0,110,0,0,0,110
03/27/2005,GSN,MP,AWP,WE,Federal Contract Tower,16,12,0,0,28,0,44,22,0,66,16,56,22,0,94,0,0,0,94
03/28/2005,GSN,MP,AWP,WE,Federal Contract Tower,14,15,0,0,29,0,45,15,0,60,14,60,15,0,89,0,0,0,89
03/29/2005,GSN,MP,AWP,WE,Federal Contract Tower,18,17,0,0,35,0,47,11,0,58,18,64,11,0,93,0,0,0,93
03/30/2005,GSN,MP,AWP,WE,Federal Contract Tower,15,15,0,0,30,0,53,17,0,70,15,68,17,0,100,0,0,0,100
03/31/2005,GSN,MP,AWP,WE,Federal Contract Tower,14,15,0,0,29,0,63,6,0,69,14,78,6,0,98,0,0,0,98
04/01/2005,GSN,MP,AWP,WE,Federal Contract Tower,14,22,0,0,36,0,78,21,0,99,14,100,21,0,135,0,0,0,135
04/02/2005,GSN,MP,AWP,WE,Federal Contract Tower,19,14,0,0,33,0,58,16,0,74,19,72,16,0,107,0,0,0,107
04/03/2005,GSN,MP,AWP,WE,Federal Contract Tower,16,16,0,0,32,0,58,17,0,75,16,74,17,0,107,0,0,0,107
04/04/2005,GSN,MP,AWP,WE,Federal Contract Tower,15,20,0,0,35,0,45,4,0,49,15,65,4,0,84,2,0,2,86
04/05/2005,GSN,MP,AWP,WE,Federal Contract Tower,20,15,0,0,35,0,51,17,0,68,20,66,17,0,103,0,0,0,103
04/06/2005,GSN,MP,AWP,WE,Federal Contract Tower,13,8,2,0,23,0,50,9,0,59,13,58,11,0,82,0,0,0,82
04/07/2005,GSN,MP,AWP,WE,Federal Contract Tower,15,16,0,0,31,0,58,12,0,70,15,74,12,0,101,0,0,0,101
04/08/2005,GSN,MP,AWP,WE,Federal Contract Tower,15,21,0,0,36,0,60,9,1,70,15,81,9,1,106,0,0,0,106
04/09/2005,GSN,MP,AWP,WE,Federal Contract Tower,19,11,0,0,30,0,45,23,0,68,19,56,23,0,98,0,0,0,98
04/10/2005,GSN,MP,AWP,WE,Federal Contract Tower,14,11,0,0,25,0,41,10,1,52,14,52,10,1,77,0,0,0,77
04/11/2005,GSN,MP,AWP,WE,Federal Contract Tower,14,18,0,0,32,0,48,12,0,60,14,66,12,0,92,0,0,0,92
04/12/2005,GSN,MP,AWP,WE,Federal Contract Tower,18,15,0,0,33,0,38,17,0,55,18,53,17,0,88,0,0,0,88
04/13/2005,GSN,MP,AWP,WE,Federal Contract Tower,14,16,0,0,30,0,52,12,0,64,14,68,12,0,94,0,0,0,94
04/14/2005,GSN,MP,AWP,WE,Federal Contract Tower,14,16,0,0,30,0,68,18,2,88,14,84,18,2,118,0,0,0,118
04/15/2005,GSN,MP,AWP,WE,Federal Contract Tower,14,16,0,0,30,0,83,12,4,99,14,99,12,4,129,6,0,6,135
04/16/2005,GSN,MP,AWP,WE,Federal Contract Tower,18,13,0,0,31,0,79,18,0,97,18,92,18,0,128,0,0,0,128
04/17/2005,GSN,MP,AWP,WE,Federal Contract Tower,16,12,0,0,28,0,62,9,0,71,16,74,9,0,99,0,0,0,99
04/18/2005,GSN,MP,AWP,WE,Federal Contract Tower,14,17,0,0,31,0,59,10,0,69,14,76,10,0,100,0,0,0,100
04/19/2005,GSN,MP,AWP,WE,Federal Contract Tower,18,17,2,0,37,0,49,7,0,56,18,66,9,0,93,0,0,0,93
04/20/2005,GSN,MP,AWP,WE,Federal Contract Tower,14,18,0,0,32,0,58,10,0,68,14,76,10,0,100,0,0,0,100
04/21/2005,GSN,MP,AWP,WE,Federal Contract Tower,14,17,2,0,33,0,49,14,0,63,14,66,16,0,96,28,0,28,124
04/22/2005,GSN,MP,AWP,WE,Federal Contract Tower,16,17,0,0,33,0,44,10,0,54,16,61,10,0,87,29,0,29,116
04/23/2005,GSN,MP,AWP,WE,Federal Contract Tower,18,12,0,0,30,0,52,13,0,65,18,64,13,0,95,20,0,20,115
04/24/2005,GSN,MP,AWP,WE,Federal Contract Tower,14,12,0,0,26,0,48,7,0,55,14,60,7,0,81,0,0,0,81
04/25/2005,GSN,MP,AWP,WE,Federal Contract Tower,16,16,0,0,32,0,54,20,0,74,16,70,20,0,106,0,0,0,106
04/26/2005,GSN,MP,AWP,WE,Federal Contract Tower,17,15,0,0,32,0,39,6,0,45,17,54,6,0,77,12,0,12,89
04/27/2005,GSN,MP,AWP,WE,Federal Contract Tower,14,17,0,0,31,0,69,8,0,77,14,86,8,0,108,0,0,0,108
04/28/2005,GSN,MP,AWP,WE,Federal Contract Tower,15,14,0,0,29,0,68,20,0,88,15,82,20,0,117,0,0,0,117
04/29/2005,GSN,MP,AWP,WE,Federal Contract Tower,17,17,0,0,34,0,97,32,2,131,17,114,32,2,165,0,4,4,169
04/30/2005,GSN,MP,AWP,WE,Federal Contract Tower,22,10,0,0,32,0,58,18,6,82,22,68,18,6,114,0,0,0,114
05/01/2005,GSN,MP,AWP,WE,Federal Contract Tower,17,11,0,0,28,0,63,18,0,81,17,74,18,0,109,0,0,0,109
05/02/2005,GSN,MP,AWP,WE,Federal Contract Tower,17,12,0,0,29,0,48,31,0,79,17,60,31,0,108,0,0,0,108
05/03/2005,GSN,MP,AWP,WE,Federal Contract Tower,21,15,0,0,36,0,65,18,6,89,21,80,18,6,125,0,0,0,125
05/04/2005,GSN,MP,AWP,WE,Federal Contract Tower,16,15,0,4,35,0,61,32,10,103,16,76,32,14,138,2,0,2,140
05/05/2005,GSN,MP,AWP,WE,Federal Contract Tower,14,10,0,0,24,0,47,26,0,73,14,57,26,0,97,0,0,0,97
05/06/2005,GSN,MP,AWP,WE,Federal Contract Tower,14,13,0,0,27,0,91,28,5,124,14,104,28,5,151,8,0,8,159
05/07/2005,GSN,MP,AWP,WE,Federal Contract Tower,19,11,0,0,30,0,57,17,0,74,19,68,17,0,104,0,0,0,104
05/08/2005,GSN,MP,AWP,WE,Federal Contract Tower,14,11,0,0,25,0,35,12,1,48,14,46,12,1,73,0,0,0,73
05/09/2005,GSN,MP,AWP,WE,Federal Contract Tower,15,13,0,1,29,0,49,12,8,69,15,62,12,9,98,0,2,2,100
05/10/2005,GSN,MP,AWP,WE,Federal Contract Tower,16,13,0,0,29,0,63,14,0,77,16,76,14,0,106,0,0,0,106
05/11/2005,GSN,MP,AWP,WE,Federal Contract Tower,16,13,0,0,29,0,65,12,4,81,16,78,12,4,110,0,0,0,110
05/12/2005,GSN,MP,AWP,WE,Federal Contract Tower,15,13,0,1,29,0,74,5,1,80,15,87,5,2,109,0,0,0,109
05/13/2005,GSN,MP,AWP,WE,Federal Contract Tower,14,13,0,0,27,0,71,15,0,86,14,84,15,0,113,0,0,0,113
05/14/2005,GSN,MP,AWP,WE,Federal Contract Tower,17,12,0,0,29,0,82,25,0,107,17,94,25,0,136,0,0,0,136
05/15/2005,GSN,MP,AWP,WE,Federal Contract Tower,14,14,0,0,28,0,50,36,0,86,14,64,36,0,114,0,0,0,114
05/16/2005,GSN,MP,AWP,WE,Federal Contract Tower,14,13,0,0,27,0,45,20,0,65,14,58,20,0,92,0,0,0,92
05/17/2005,GSN,MP,AWP,WE,Federal Contract Tower,16,12,2,0,30,0,50,17,0,67,16,62,19,0,97,0,0,0,97
05/18/2005,GSN,MP,AWP,WE,Federal Contract Tower,14,12,1,0,27,0,60,11,2,73,14,72,12,2,100,0,0,0,100
05/19/2005,GSN,MP,AWP,WE,Federal Contract Tower,14,11,1,5,31,0,48,10,5,63,14,59,11,10,94,0,0,0,94
05/20/2005,GSN,MP,AWP,WE,Federal Contract Tower,14,15,1,1,31,0,65,24,2,91,14,80,25,3,122,0,4,4,126
05/21/2005,GSN,MP,AWP,WE,Federal Contract Tower,17,15,0,1,33,0,60,12,0,72,17,75,12,1,105,0,0,0,105
05/22/2005,GSN,MP,AWP,WE,Federal Contract Tower,15,14,0,0,29,0,48,20,0,68,15,62,20,0,97,0,0,0,97
05/23/2005,GSN,MP,AWP,WE,Federal Contract Tower,14,14,0,0,28,0,50,12,0,62,14,64,12,0,90,0,0,0,90
05/24/2005,GSN,MP,AWP,WE,Federal Contract Tower,18,12,0,1,31,0,53,10,3,66,18,65,10,4,97,0,0,0,97
05/25/2005,GSN,MP,AWP,WE,Federal Contract Tower,14,12,0,0,26,0,54,14,0,68,14,66,14,0,94,0,0,0,94
05/26/2005,GSN,MP,AWP,WE,Federal Contract Tower,14,12,0,0,26,0,50,7,6,63,14,62,7,6,89,0,0,0,89
05/27/2005,GSN,MP,AWP,WE,Federal Contract Tower,14,17,0,0,31,0,72,11,0,83,14,89,11,0,114,0,0,0,114
05/28/2005,GSN,MP,AWP,WE,Federal Contract Tower,17,13,1,0,31,0,58,14,0,72,17,71,15,0,103,0,0,0,103
05/29/2005,GSN,MP,AWP,WE,Federal Contract Tower,15,13,1,0,29,0,59,18,0,77,15,72,19,0,106,0,0,0,106
05/30/2005,GSN,MP,AWP,WE,Federal Contract Tower,14,14,1,0,29,0,45,10,0,55,14,59,11,0,84,0,0,0,84
05/31/2005,GSN,MP,AWP,WE,Federal Contract Tower,18,17,0,0,35,0,51,10,2,63,18,68,10,2,98,0,0,0,98
06/01/2005,GSN,MP,AWP,WE,Federal Contract Tower,15,13,0,0,28,0,54,20,0,74,15,67,20,0,102,0,0,0,102
06/02/2005,GSN,MP,AWP,WE,Federal Contract Tower,17,12,4,0,33,0,63,10,0,73,17,75,14,0,106,0,0,0,106
06/03/2005,GSN,MP,AWP,WE,Federal Contract Tower,14,15,0,0,29,0,68,19,10,97,14,83,19,10,126,0,0,0,126
06/04/2005,GSN,MP,AWP,WE,Federal Contract Tower,18,15,0,0,33,0,55,28,0,83,18,70,28,0,116,0,0,0,116
06/05/2005,GSN,MP,AWP,WE,Federal Contract Tower,16,14,0,0,30,0,66,36,2,104,16,80,36,2,134,0,0,0,134
06/06/2005,GSN,MP,AWP,WE,Federal Contract Tower,14,14,0,2,30,0,70,25,0,95,14,84,25,2,125,0,0,0,125
06/07/2005,GSN,MP,AWP,WE,Federal Contract Tower,22,12,0,0,34,0,54,12,0,66,22,66,12,0,100,0,0,0,100
06/08/2005,GSN,MP,AWP,WE,Federal Contract Tower,14,12,1,1,28,0,62,7,1,70,14,74,8,2,98,0,8,8,106
06/09/2005,GSN,MP,AWP,WE,Federal Contract Tower,15,12,0,2,29,0,64,23,5,92,15,76,23,7,121,2,10,12,133
06/10/2005,GSN,MP,AWP,WE,Federal Contract Tower,16,17,2,2,37,0,79,50,18,147,16,96,52,20,184,0,0,0,184
06/11/2005,GSN,MP,AWP,WE,Federal Contract Tower,18,15,0,7,40,0,89,29,21,139,18,104,29,28,179,0,0,0,179
06/12/2005,GSN,MP,AWP,WE,Federal Contract Tower,14,14,0,0,28,0,49,20,0,69,14,63,20,0,97,0,0,0,97
06/13/2005,GSN,MP,AWP,WE,Federal Contract Tower,14,18,0,0,32,1,90,28,1,120,15,108,28,1,152,0,0,0,152
06/14/2005,GSN,MP,AWP,WE,Federal Contract Tower,20,10,0,0,30,0,54,16,0,70,20,64,16,0,100,0,0,0,100
06/15/2005,GSN,MP,AWP,WE,Federal Contract Tower,14,13,0,1,28,0,55,20,0,75,14,68,20,1,103,0,0,0,103
06/16/2005,GSN,MP,AWP,WE,Federal Contract Tower,16,14,0,1,31,0,51,22,0,73,16,65,22,1,104,4,0,4,108
06/17/2005,GSN,MP,AWP,WE,Federal Contract Tower,15,16,0,0,31,0,62,29,0,91,15,78,29,0,122,0,0,0,122
06/18/2005,GSN,MP,AWP,WE,Federal Contract Tower,19,15,3,0,37,0,55,18,0,73,19,70,21,0,110,0,0,0,110
06/19/2005,GSN,MP,AWP,WE,Federal Contract Tower,14,13,0,0,27,0,53,13,0,66,14,66,13,0,93,0,0,0,93
06/20/2005,GSN,MP,AWP,WE,Federal Contract Tower,14,14,0,0,28,0,58,31,0,89,14,72,31,0,117,0,0,0,117
06/21/2005,GSN,MP,AWP,WE,Federal Contract Tower,21,13,0,0,34,0,49,16,0,65,21,62,16,0,99,0,0,0,99
06/22/2005,GSN,MP,AWP,WE,Federal Contract Tower,15,12,3,0,30,0,55,25,0,80,15,67,28,0,110,0,0,0,110
06/23/2005,GSN,MP,AWP,WE,Federal Contract Tower,15,14,0,0,29,0,44,11,0,55,15,58,11,0,84,0,0,0,84
06/24/2005,GSN,MP,AWP,WE,Federal Contract Tower,15,15,0,0,30,0,70,22,4,96,15,85,22,4,126,0,8,8,134
06/25/2005,GSN,MP,AWP,WE,Federal Contract Tower,19,14,2,0,35,0,63,16,0,79,19,77,18,0,114,0,0,0,114
06/26/2005,GSN,MP,AWP,WE,Federal Contract Tower,14,12,0,0,26,0,64,22,0,86,14,76,22,0,112,0,0,0,112
06/27/2005,GSN,MP,AWP,WE,Federal Contract Tower,16,15,0,0,31,0,56,12,2,70,16,71,12,2,101,0,0,0,101
06/28/2005,GSN,MP,AWP,WE,Federal Contract Tower,22,12,0,0,34,0,36,15,2,53,22,48,15,2,87,0,0,0,87
06/29/2005,GSN,MP,AWP,WE,Federal Contract Tower,16,17,0,0,33,0,49,13,0,62,16,66,13,0,95,0,0,0,95
06/30/2005,GSN,MP,AWP,WE,Federal Contract Tower,14,16,0,0,30,0,54,22,0,76,14,70,22,0,106,0,0,0,106
07/01/2005,GSN,MP,AWP,WE,Federal Contract Tower,14,18,0,2,34,0,57,40,0,97,14,75,40,2,131,0,0,0,131
07/02/2005,GSN,MP,AWP,WE,Federal Contract Tower,18,14,1,1,34,0,65,40,3,108,18,79,41,4,142,0,0,0,142
07/03/2005,GSN,MP,AWP,WE,Federal Contract Tower,14,14,1,0,29,0,49,30,0,79,14,63,31,0,108,0,0,0,108
07/04/2005,GSN,MP,AWP,WE,Federal Contract Tower,14,13,0,1,28,0,52,36,1,89,14,65,36,2,117,0,0,0,117
07/05/2005,GSN,MP,AWP,WE,Federal Contract Tower,20,12,0,3,35,0,40,26,1,67,20,52,26,4,102,0,0,0,102
07/06/2005,GSN,MP,AWP,WE,Federal Contract Tower,14,13,1,2,30,0,44,5,0,49,14,57,6,2,79,0,0,0,79
07/07/2005,GSN,MP,AWP,WE,Federal Contract Tower,14,14,1,3,32,0,54,10,3,67,14,68,11,6,99,0,0,0,99
07/08/2005,GSN,MP,AWP,WE,Federal Contract Tower,13,17,0,0,30,1,65,16,0,82,14,82,16,0,112,0,0,0,112
07/09/2005,GSN,MP,AWP,WE,Federal Contract Tower,18,12,2,0,32,2,48,30,0,80,20,60,32,0,112,0,0,0,112
07/10/2005,GSN,MP,AWP,WE,Federal Contract Tower,14,14,0,3,31,0,48,25,5,78,14,62,25,8,109,0,0,0,109
07/11/2005,GSN,MP,AWP,WE,Federal Contract Tower,14,14,0,0,28,0,60,26,0,86,14,74,26,0,114,2,0,2,116
07/12/2005,GSN,MP,AWP,WE,Federal Contract Tower,20,11,0,0,31,0,49,25,0,74,20,60,25,0,105,0,0,0,105
07/13/2005,GSN,MP,AWP,WE,Federal Contract Tower,14,13,2,0,29,0,61,20,0,81,14,74,22,0,110,2,0,2,112
07/14/2005,GSN,MP,AWP,WE,Federal Contract Tower,14,13,0,0,27,0,51,13,4,68,14,64,13,4,95,0,0,0,95
07/15/2005,GSN,MP,AWP,WE,Federal Contract Tower,14,16,0,0,30,0,50,8,0,58,14,66,8,0,88,0,0,0,88
07/16/2005,GSN,MP,AWP,WE,Federal Contract Tower,18,13,1,0,32,0,45,4,0,49,18,58,5,0,81,0,0,0,81
07/17/2005,GSN,MP,AWP,WE,Federal Contract Tower,15,15,1,0,31,0,36,10,0,46,15,51,11,0,77,0,0,0,77
07/18/2005,GSN,MP,AWP,WE,Federal Contract Tower,16,15,1,3,35,0,46,28,5,79,16,61,29,8,114,0,0,0,114
07/19/2005,GSN,MP,AWP,WE,Federal Contract Tower,20,12,0,0,32,0,48,19,0,67,20,60,19,0,99,0,0,0,99
07/20/2005,GSN,MP,AWP,WE,Federal Contract Tower,16,13,0,1,30,0,45,7,7,59,16,58,7,8,89,0,0,0,89
07/21/2005,GSN,MP,AWP,WE,Federal Contract Tower,16,14,0,1,31,0,41,4,2,47,16,55,4,3,78,0,0,0,78
07/22/2005,GSN,MP,AWP,WE,Federal Contract Tower,14,17,1,1,33,0,43,6,0,49,14,60,7,1,82,0,0,0,82
07/23/2005,GSN,MP,AWP,WE,Federal Contract Tower,18,12,0,1,31,0,62,14,0,76,18,74,14,1,107,0,0,0,107
07/24/2005,GSN,MP,AWP,WE,Federal Contract Tower,16,15,0,1,32,0,47,16,0,63,16,62,16,1,95,0,0,0,95
07/25/2005,GSN,MP,AWP,WE,Federal Contract Tower,16,13,0,0,29,0,66,35,0,101,16,79,35,0,130,0,0,0,130
07/26/2005,GSN,MP,AWP,WE,Federal Contract Tower,20,13,0,2,35,0,53,19,5,77,20,66,19,7,112,0,0,0,112
07/27/2005,GSN,MP,AWP,WE,Federal Contract Tower,14,13,0,0,27,0,53,27,13,93,14,66,27,13,120,0,0,0,120
07/28/2005,GSN,MP,AWP,WE,Federal Contract Tower,15,13,0,0,28,0,56,6,8,70,15,69,6,8,98,0,0,0,98
07/29/2005,GSN,MP,AWP,WE,Federal Contract Tower,15,16,0,0,31,0,68,26,5,99,15,84,26,5,130,0,0,0,130
07/30/2005,GSN,MP,AWP,WE,Federal Contract Tower,19,14,0,0,33,0,50,19,4,73,19,64,19,4,106,0,0,0,106
07/31/2005,GSN,MP,AWP,WE,Federal Contract Tower,15,14,0,0,29,0,48,11,0,59,15,62,11,0,88,0,0,0,88
08/01/2005,GSN,MP,AWP,WE,Federal Contract Tower,13,14,0,0,27,0,56,8,0,64,13,70,8,0,91,16,0,16,107
08/02/2005,GSN,MP,AWP,WE,Federal Contract Tower,23,3,0,0,26,0,55,31,0,86,23,58,31,0,112,30,0,30,142
08/03/2005,GSN,MP,AWP,WE,Federal Contract Tower,16,5,0,0,21,0,59,19,2,80,16,64,19,2,101,28,0,28,129
08/04/2005,GSN,MP,AWP,WE,Federal Contract Tower,13,8,0,0,21,0,57,20,0,77,13,65,20,0,98,0,0,0,98
08/05/2005,GSN,MP,AWP,WE,Federal Contract Tower,15,15,0,0,30,0,71,24,0,95,15,86,24,0,125,0,0,0,125
08/06/2005,GSN,MP,AWP,WE,Federal Contract Tower,18,16,0,0,34,0,57,25,0,82,18,73,25,0,116,0,0,0,116
08/07/2005,GSN,MP,AWP,WE,Federal Contract Tower,13,14,0,0,27,3,50,7,0,60,16,64,7,0,87,0,0,0,87
08/08/2005,GSN,MP,AWP,WE,Federal Contract Tower,11,12,0,0,23,1,44,12,0,57,12,56,12,0,80,0,0,0,80
08/09/2005,GSN,MP,AWP,WE,Federal Contract Tower,20,12,0,0,32,0,38,17,0,55,20,50,17,0,87,4,0,4,91
08/10/2005,GSN,MP,AWP,WE,Federal Contract Tower,14,12,0,0,26,0,69,25,0,94,14,81,25,0,120,0,0,0,120
08/11/2005,GSN,MP,AWP,WE,Federal Contract Tower,15,13,0,1,29,0,54,31,0,85,15,67,31,1,114,0,0,0,114
08/12/2005,GSN,MP,AWP,WE,Federal Contract Tower,19,14,2,0,35,0,64,16,6,86,19,78,18,6,121,0,0,0,121
08/13/2005,GSN,MP,AWP,WE,Federal Contract Tower,14,12,2,0,28,0,39,33,0,72,14,51,35,0,100,18,0,18,118
08/14/2005,GSN,MP,AWP,WE,Federal Contract Tower,14,14,1,0,29,0,41,22,0,63,14,55,23,0,92,0,0,0,92
08/15/2005,GSN,MP,AWP,WE,Federal Contract Tower,21,15,0,0,36,0,44,23,4,71,21,59,23,4,107,0,18,18,125
08/16/2005,GSN,MP,AWP,WE,Federal Contract Tower,21,15,0,0,36,0,44,23,4,71,21,59,23,4,107,0,18,18,125
08/17/2005,GSN,MP,AWP,WE,Federal Contract Tower,15,10,0,0,25,0,70,13,0,83,15,80,13,0,108,0,0,0,108
08/18/2005,GSN,MP,AWP,WE,Federal Contract Tower,16,14,2,0,32,0,47,21,0,68,16,61,23,0,100,0,0,0,100
08/19/2005,GSN,MP,AWP,WE,Federal Contract Tower,18,12,0,0,30,0,83,13,0,96,18,95,13,0,126,0,0,0,126
08/20/2005,GSN,MP,AWP,WE,Federal Contract Tower,14,13,0,0,27,0,47,19,0,66,14,60,19,0,93,2,0,2,95
08/21/2005,GSN,MP,AWP,WE,Federal Contract Tower,14,13,0,0,27,0,47,19,0,66,14,60,19,0,93,2,0,2,95
08/22/2005,GSN,MP,AWP,WE,Federal Contract Tower,13,15,0,0,28,0,43,10,0,53,13,58,10,0,81,0,0,0,81
08/23/2005,GSN,MP,AWP,WE,Federal Contract Tower,18,12,0,0,30,0,41,20,0,61,18,53,20,0,91,0,0,0,91
08/24/2005,GSN,MP,AWP,WE,Federal Contract Tower,14,12,2,0,28,0,45,29,0,74,14,57,31,0,102,0,0,0,102
08/25/2005,GSN,MP,AWP,WE,Federal Contract Tower,14,15,1,1,31,0,37,23,2,62,14,52,24,3,93,0,0,0,93
08/26/2005,GSN,MP,AWP,WE,Federal Contract Tower,19,14,0,0,33,0,33,5,0,38,19,47,5,0,71,0,0,0,71
08/27/2005,GSN,MP,AWP,WE,Federal Contract Tower,19,14,0,0,33,0,33,5,0,38,19,47,5,0,71,0,0,0,71
08/28/2005,GSN,MP,AWP,WE,Federal Contract Tower,14,14,0,0,28,0,68,28,0,96,14,82,28,0,124,5,0,5,129
08/29/2005,GSN,MP,AWP,WE,Federal Contract Tower,14,14,0,0,28,0,68,28,0,96,14,82,28,0,124,5,0,5,129
08/30/2005,GSN,MP,AWP,WE,Federal Contract Tower,19,15,0,0,34,0,48,20,0,68,19,63,20,0,102,0,0,0,102
08/31/2005,GSN,MP,AWP,WE,Federal Contract Tower,7,0,0,0,7,0,1,0,0,1,7,1,0,0,8,0,0,0,8
09/01/2005,GSN,MP,AWP,WE,Federal Contract Tower,13,4,0,0,17,0,0,7,0,7,13,4,7,0,24,0,0,0,24
09/02/2005,GSN,MP,AWP,WE,Federal Contract Tower,15,15,0,0,30,1,91,94,1,187,16,106,94,1,217,0,0,0,217
09/03/2005,GSN,MP,AWP,WE,Federal Contract Tower,16,14,0,0,30,0,74,77,0,151,16,88,77,0,181,0,0,0,181
09/04/2005,GSN,MP,AWP,WE,Federal Contract Tower,14,14,0,0,28,0,60,22,0,82,14,74,22,0,110,0,0,0,110
09/05/2005,GSN,MP,AWP,WE,Federal Contract Tower,12,20,2,0,34,0,56,5,0,61,12,76,7,0,95,0,0,0,95
09/06/2005,GSN,MP,AWP,WE,Federal Contract Tower,16,12,0,0,28,1,52,29,1,83,17,64,29,1,111,0,0,0,111
09/07/2005,GSN,MP,AWP,WE,Federal Contract Tower,14,13,0,2,29,0,43,19,1,63,14,56,19,3,92,0,0,0,92
09/08/2005,GSN,MP,AWP,WE,Federal Contract Tower,14,14,1,0,29,0,55,25,3,83,14,69,26,3,112,0,0,0,112
09/09/2005,GSN,MP,AWP,WE,Federal Contract Tower,14,15,0,1,30,0,56,13,9,78,14,71,13,10,108,0,0,0,108
09/10/2005,GSN,MP,AWP,WE,Federal Contract Tower,18,16,0,0,34,0,34,20,0,54,18,50,20,0,88,6,0,6,94
09/11/2005,GSN,MP,AWP,WE,Federal Contract Tower,14,14,0,0,28,0,38,22,0,60,14,52,22,0,88,0,0,0,88
09/12/2005,GSN,MP,AWP,WE,Federal Contract Tower,15,13,0,0,28,0,42,21,4,67,15,55,21,4,95,0,0,0,95
09/13/2005,GSN,MP,AWP,WE,Federal Contract Tower,18,10,0,2,30,0,50,29,0,79,18,60,29,2,109,14,0,14,123
09/14/2005,GSN,MP,AWP,WE,Federal Contract Tower,15,14,0,1,30,0,41,12,3,56,15,55,12,4,86,0,0,0,86
09/15/2005,GSN,MP,AWP,WE,Federal Contract Tower,14,14,0,0,28,0,52,21,0,73,14,66,21,0,101,0,0,0,101
09/16/2005,GSN,MP,AWP,WE,Federal Contract Tower,15,17,0,0,32,0,75,20,0,95,15,92,20,0,127,0,0,0,127
09/17/2005,GSN,MP,AWP,WE,Federal Contract Tower,18,13,0,0,31,0,73,36,0,109,18,86,36,0,140,6,0,6,146
09/18/2005,GSN,MP,AWP,WE,Federal Contract Tower,16,16,0,1,33,0,67,29,0,96,16,83,29,1,129,0,0,0,129
09/19/2005,GSN,MP,AWP,WE,Federal Contract Tower,17,14,0,1,32,0,49,26,0,75,17,63,26,1,107,0,0,0,107
09/20/2005,GSN,MP,AWP,WE,Federal Contract Tower,17,11,0,1,29,0,43,23,0,66,17,54,23,1,95,0,0,0,95
09/21/2005,GSN,MP,AWP,WE,Federal Contract Tower,15,12,0,0,27,0,43,24,0,67,15,55,24,0,94,0,0,0,94
09/22/2005,GSN,MP,AWP,WE,Federal Contract Tower,16,15,0,0,31,0,39,11,0,50,16,54,11,0,81,0,0,0,81
09/23/2005,GSN,MP,AWP,WE,Federal Contract Tower,16,17,0,0,33,0,76,23,0,99,16,93,23,0,132,0,0,0,132
09/24/2005,GSN,MP,AWP,WE,Federal Contract Tower,18,12,0,0,30,0,44,20,0,64,18,56,20,0,94,0,0,0,94
09/25/2005,GSN,MP,AWP,WE,Federal Contract Tower,16,14,0,0,30,0,58,22,0,80,16,72,22,0,110,0,0,0,110
09/26/2005,GSN,MP,AWP,WE,Federal Contract Tower,14,14,0,0,28,0,45,25,0,70,14,59,25,0,98,0,0,0,98
09/27/2005,GSN,MP,AWP,WE,Federal Contract Tower,17,12,0,0,29,0,32,18,0,50,17,44,18,0,79,0,0,0,79
09/28/2005,GSN,MP,AWP,WE,Federal Contract Tower,13,14,0,0,27,0,31,16,0,47,13,45,16,0,74,0,0,0,74
09/29/2005,GSN,MP,AWP,WE,Federal Contract Tower,14,18,1,0,33,0,36,9,0,45,14,54,10,0,78,0,0,0,78
09/30/2005,GSN,MP,AWP,WE,Federal Contract Tower,14,19,0,0,33,0,74,20,0,94,14,93,20,0,127,0,0,0,127
10/01/2005,GSN,MP,AWP,WE,Federal Contract Tower,20,14,0,0,34,0,62,32,0,94,20,76,32,0,128,0,0,0,128
10/02/2005,GSN,MP,AWP,WE,Federal Contract Tower,16,15,2,0,33,0,61,41,0,102,16,76,43,0,135,10,0,10,145
10/03/2005,GSN,MP,AWP,WE,Federal Contract Tower,18,14,0,0,32,0,56,22,0,78,18,70,22,0,110,0,0,0,110
10/04/2005,GSN,MP,AWP,WE,Federal Contract Tower,19,10,0,0,29,0,49,7,0,56,19,59,7,0,85,0,0,0,85
10/05/2005,GSN,MP,AWP,WE,Federal Contract Tower,13,12,0,0,25,0,47,31,0,78,13,59,31,0,103,2,0,2,105
10/06/2005,GSN,MP,AWP,WE,Federal Contract Tower,14,16,0,0,30,0,40,30,0,70,14,56,30,0,100,0,0,0,100
10/07/2005,GSN,MP,AWP,WE,Federal Contract Tower,14,20,0,0,34,0,60,15,0,75,14,80,15,0,109,0,0,0,109
10/08/2005,GSN,MP,AWP,WE,Federal Contract Tower,18,15,2,0,35,0,57,34,0,91,18,72,36,0,126,0,0,0,126
10/09/2005,GSN,MP,AWP,WE,Federal Contract Tower,12,13,2,0,27,0,15,4,0,19,12,28,6,0,46,0,0,0,46
10/10/2005,GSN,MP,AWP,WE,Federal Contract Tower,13,17,0,0,30,0,43,22,0,65,13,60,22,0,95,0,0,0,95
10/11/2005,GSN,MP,AWP,WE,Federal Contract Tower,18,13,0,0,31,0,29,12,0,41,18,42,12,0,72,0,0,0,72
10/12/2005,GSN,MP,AWP,WE,Federal Contract Tower,13,10,0,0,23,0,46,13,0,59,13,56,13,0,82,0,0,0,82
10/13/2005,GSN,MP,AWP,WE,Federal Contract Tower,12,13,0,0,25,0,73,29,0,102,12,86,29,0,127,0,0,0,127
10/14/2005,GSN,MP,AWP,WE,Federal Contract Tower,12,16,0,0,28,0,92,51,0,143,12,108,51,0,171,0,0,0,171
10/15/2005,GSN,MP,AWP,WE,Federal Contract Tower,16,17,0,0,33,0,78,50,0,128,16,95,50,0,161,0,0,0,161
10/16/2005,GSN,MP,AWP,WE,Federal Contract Tower,16,14,0,0,30,0,71,26,0,97,16,85,26,0,127,4,0,4,131
10/17/2005,GSN,MP,AWP,WE,Federal Contract Tower,12,14,2,0,28,0,76,67,0,143,12,90,69,0,171,20,0,20,191
10/18/2005,GSN,MP,AWP,WE,Federal Contract Tower,17,11,2,0,30,0,61,42,0,103,17,72,44,0,133,14,0,14,147
10/19/2005,GSN,MP,AWP,WE,Federal Contract Tower,12,12,0,0,24,0,81,44,0,125,12,93,44,0,149,32,0,32,181
10/20/2005,GSN,MP,AWP,WE,Federal Contract Tower,11,14,0,0,25,0,65,13,0,78,11,79,13,0,103,26,0,26,129
10/21/2005,GSN,MP,AWP,WE,Federal Contract Tower,14,15,4,0,33,0,83,46,0,129,14,98,50,0,162,0,0,0,162
10/22/2005,GSN,MP,AWP,WE,Federal Contract Tower,16,14,0,0,30,0,56,36,6,98,16,70,36,6,128,0,0,0,128
10/23/2005,GSN,MP,AWP,WE,Federal Contract Tower,14,14,0,0,28,0,52,27,0,79,14,66,27,0,107,2,0,2,109
10/24/2005,GSN,MP,AWP,WE,Federal Contract Tower,14,14,0,0,28,0,69,12,0,81,14,83,12,0,109,0,0,0,109
10/25/2005,GSN,MP,AWP,WE,Federal Contract Tower,15,13,0,0,28,0,54,24,0,78,15,67,24,0,106,0,0,0,106
10/26/2005,GSN,MP,AWP,WE,Federal Contract Tower,13,10,0,0,23,0,62,34,0,96,13,72,34,0,119,0,0,0,119
10/27/2005,GSN,MP,AWP,WE,Federal Contract Tower,15,15,0,0,30,0,85,46,0,131,15,100,46,0,161,0,0,0,161
10/28/2005,GSN,MP,AWP,WE,Federal Contract Tower,14,16,0,0,30,0,90,27,0,117,14,106,27,0,147,0,0,0,147
10/29/2005,GSN,MP,AWP,WE,Federal Contract Tower,17,13,0,0,30,0,59,27,0,86,17,72,27,0,116,0,0,0,116
10/30/2005,GSN,MP,AWP,WE,Federal Contract Tower,12,14,0,0,26,0,48,39,0,87,12,62,39,0,113,0,0,0,113
10/31/2005,GSN,MP,AWP,WE,Federal Contract Tower,12,14,0,0,26,0,41,13,0,54,12,55,13,0,80,0,0,0,80
11/01/2005,GSN,MP,AWP,WE,Federal Contract Tower,15,12,1,0,28,0,34,28,0,62,15,46,29,0,90,0,0,0,90
11/02/2005,GSN,MP,AWP,WE,Federal Contract Tower,10,11,1,0,22,0,43,26,0,69,10,54,27,0,91,0,0,0,91
11/03/2005,GSN,MP,AWP,WE,Federal Contract Tower,15,13,0,0,28,0,57,22,0,79,15,70,22,0,107,0,0,0,107
11/04/2005,GSN,MP,AWP,WE,Federal Contract Tower,13,14,0,0,27,0,62,50,0,112,13,76,50,0,139,0,0,0,139
11/05/2005,GSN,MP,AWP,WE,Federal Contract Tower,18,16,0,0,34,0,42,44,0,86,18,58,44,0,120,2,0,2,122
11/06/2005,GSN,MP,AWP,WE,Federal Contract Tower,13,14,0,0,27,0,38,32,0,70,13,52,32,0,97,4,0,4,101
11/07/2005,GSN,MP,AWP,WE,Federal Contract Tower,11,17,0,0,28,0,43,21,0,64,11,60,21,0,92,0,0,0,92
11/08/2005,GSN,MP,AWP,WE,Federal Contract Tower,14,14,0,0,28,0,42,27,0,69,14,56,27,0,97,0,0,0,97
11/09/2005,GSN,MP,AWP,WE,Federal Contract Tower,10,11,0,0,21,0,55,26,0,81,10,66,26,0,102,0,0,0,102
11/10/2005,GSN,MP,AWP,WE,Federal Contract Tower,13,17,0,0,30,0,66,34,2,102,13,83,34,2,132,0,0,0,132
11/11/2005,GSN,MP,AWP,WE,Federal Contract Tower,12,13,0,0,25,0,53,32,0,85,12,66,32,0,110,18,0,18,128
11/12/2005,GSN,MP,AWP,WE,Federal Contract Tower,16,18,1,0,35,0,56,28,0,84,16,74,29,0,119,4,0,4,123
11/13/2005,GSN,MP,AWP,WE,Federal Contract Tower,12,15,0,0,27,0,51,20,0,71,12,66,20,0,98,0,0,0,98
11/14/2005,GSN,MP,AWP,WE,Federal Contract Tower,14,15,1,0,30,0,46,29,0,75,14,61,30,0,105,2,0,2,107
11/15/2005,GSN,MP,AWP,WE,Federal Contract Tower,14,11,1,0,26,0,40,38,0,78,14,51,39,0,104,0,0,0,104
11/16/2005,GSN,MP,AWP,WE,Federal Contract Tower,12,17,1,0,30,0,60,19,4,83,12,77,20,4,113,0,0,0,113
11/17/2005,GSN,MP,AWP,WE,Federal Contract Tower,13,14,2,0,29,0,43,32,0,75,13,57,34,0,104,2,0,2,106
11/18/2005,GSN,MP,AWP,WE,Federal Contract Tower,11,16,0,0,27,0,56,25,0,81,11,72,25,0,108,4,0,4,112
11/19/2005,GSN,MP,AWP,WE,Federal Contract Tower,16,13,0,0,29,0,48,28,0,76,16,61,28,0,105,0,0,0,105
11/20/2005,GSN,MP,AWP,WE,Federal Contract Tower,11,13,0,0,24,0,46,18,0,64,11,59,18,0,88,0,0,0,88
11/21/2005,GSN,MP,AWP,WE,Federal Contract Tower,11,14,0,0,25,0,49,26,2,77,11,63,26,2,102,2,0,2,104
11/22/2005,GSN,MP,AWP,WE,Federal Contract Tower,14,12,0,2,28,0,48,25,2,75,14,60,25,4,103,0,0,0,103
11/23/2005,GSN,MP,AWP,WE,Federal Contract Tower,10,14,0,0,24,0,60,22,0,82,10,74,22,0,106,0,0,0,106
11/24/2005,GSN,MP,AWP,WE,Federal Contract Tower,13,15,0,0,28,0,45,34,0,79,13,60,34,0,107,0,0,0,107
11/25/2005,GSN,MP,AWP,WE,Federal Contract Tower,11,15,0,0,26,0,61,53,0,114,11,76,53,0,140,0,0,0,140
11/26/2005,GSN,MP,AWP,WE,Federal Contract Tower,16,15,0,0,31,0,47,32,2,81,16,62,32,2,112,0,0,0,112
11/27/2005,GSN,MP,AWP,WE,Federal Contract Tower,13,12,0,0,25,0,46,62,2,110,13,58,62,2,135,0,0,0,135
11/28/2005,GSN,MP,AWP,WE,Federal Contract Tower,13,13,1,0,27,0,41,45,4,90,13,54,46,4,117,0,0,0,117
11/29/2005,GSN,MP,AWP,WE,Federal Contract Tower,16,10,1,0,27,0,46,36,0,82,16,56,37,0,109,0,0,0,109
11/30/2005,GSN,MP,AWP,WE,Federal Contract Tower,10,14,0,0,24,0,42,23,0,65,10,56,23,0,89,0,0,0,89
12/01/2005,GSN,MP,AWP,WE,Federal Contract Tower,11,14,0,0,25,0,56,17,2,75,11,70,17,2,100,0,0,0,100
12/02/2005,GSN,MP,AWP,WE,Federal Contract Tower,10,19,0,0,29,1,59,51,0,111,11,78,51,0,140,0,0,0,140
12/03/2005,GSN,MP,AWP,WE,Federal Contract Tower,16,13,1,0,30,0,43,41,0,84,16,56,42,0,114,0,0,0,114
12/04/2005,GSN,MP,AWP,WE,Federal Contract Tower,11,15,1,0,27,0,31,47,0,78,11,46,48,0,105,0,0,0,105
12/05/2005,GSN,MP,AWP,WE,Federal Contract Tower,11,13,0,4,28,0,47,51,8,106,11,60,51,12,134,0,0,0,134
12/06/2005,GSN,MP,AWP,WE,Federal Contract Tower,15,13,0,0,28,0,46,31,4,81,15,59,31,4,109,0,0,0,109
12/07/2005,GSN,MP,AWP,WE,Federal Contract Tower,15,13,1,0,29,0,47,35,0,82,15,60,36,0,111,0,0,0,111
12/08/2005,GSN,MP,AWP,WE,Federal Contract Tower,13,13,0,0,26,0,41,31,2,74,13,54,31,2,100,0,0,0,100
12/09/2005,GSN,MP,AWP,WE,Federal Contract Tower,11,16,0,0,27,0,60,47,0,107,11,76,47,0,134,0,0,0,134
12/10/2005,GSN,MP,AWP,WE,Federal Contract Tower,16,14,0,0,30,0,56,53,0,109,16,70,53,0,139,0,0,0,139
12/11/2005,GSN,MP,AWP,WE,Federal Contract Tower,13,14,0,0,27,0,42,37,0,79,13,56,37,0,106,0,0,0,106
12/12/2005,GSN,MP,AWP,WE,Federal Contract Tower,11,13,0,2,26,0,51,76,2,129,11,64,76,4,155,0,0,0,155
12/13/2005,GSN,MP,AWP,WE,Federal Contract Tower,16,11,0,0,27,0,58,36,0,94,16,69,36,0,121,2,0,2,123
12/14/2005,GSN,MP,AWP,WE,Federal Contract Tower,14,13,0,2,29,0,53,39,0,92,14,66,39,2,121,0,0,0,121
12/15/2005,GSN,MP,AWP,WE,Federal Contract Tower,11,14,1,0,26,0,58,20,0,78,11,72,21,0,104,0,0,0,104
12/16/2005,GSN,MP,AWP,WE,Federal Contract Tower,11,16,1,4,32,0,63,24,4,91,11,79,25,8,123,0,0,0,123
12/17/2005,GSN,MP,AWP,WE,Federal Contract Tower,16,13,0,0,29,0,47,42,0,89,16,60,42,0,118,0,0,0,118
12/18/2005,GSN,MP,AWP,WE,Federal Contract Tower,11,14,0,0,25,0,62,42,0,104,11,76,42,0,129,0,0,0,129
12/19/2005,GSN,MP,AWP,WE,Federal Contract Tower,13,15,0,1,29,0,53,33,1,87,13,68,33,2,116,0,0,0,116
12/20/2005,GSN,MP,AWP,WE,Federal Contract Tower,15,12,0,1,28,0,62,42,4,108,15,74,42,5,136,0,0,0,136
12/21/2005,GSN,MP,AWP,WE,Federal Contract Tower,11,13,0,0,24,0,52,24,2,78,11,65,24,2,102,0,0,0,102
12/22/2005,GSN,MP,AWP,WE,Federal Contract Tower,11,13,0,0,24,0,59,39,2,100,11,72,39,2,124,0,0,0,124
12/23/2005,GSN,MP,AWP,WE,Federal Contract Tower,11,17,1,0,29,0,60,34,0,94,11,77,35,0,123,4,0,4,127
12/24/2005,GSN,MP,AWP,WE,Federal Contract Tower,18,15,0,0,33,0,47,26,0,73,18,62,26,0,106,2,0,2,108
12/25/2005,GSN,MP,AWP,WE,Federal Contract Tower,16,12,0,0,28,0,50,20,0,70,16,62,20,0,98,0,0,0,98
12/26/2005,GSN,MP,AWP,WE,Federal Contract Tower,13,14,0,0,27,0,44,32,0,76,13,58,32,0,103,0,0,0,103
12/27/2005,GSN,MP,AWP,WE,Federal Contract Tower,17,12,0,0,29,0,30,24,0,54,17,42,24,0,83,0,0,0,83
12/28/2005,GSN,MP,AWP,WE,Federal Contract Tower,11,14,0,2,27,0,23,11,0,34,11,37,11,2,61,0,0,0,61
12/29/2005,GSN,MP,AWP,WE,Federal Contract Tower,13,15,4,1,33,0,64,33,1,98,13,79,37,2,131,0,0,0,131
12/30/2005,GSN,MP,AWP,WE,Federal Contract Tower,15,18,2,0,35,0,80,36,0,116,15,98,38,0,151,0,0,0,151
12/31/2005,GSN,MP,AWP,WE,Federal Contract Tower,21,12,0,0,33,0,107,77,0,184,21,119,77,0,217,4,0,4,221
01/01/2006,GSN,MP,AWP,WE,Federal Contract Tower,14,14,0,0,28,0,81,65,0,146,14,95,65,0,174,0,0,0,174
01/02/2006,GSN,MP,AWP,WE,Federal Contract Tower,15,14,0,0,29,0,66,56,0,122,15,80,56,0,151,0,0,0,151
01/03/2006,GSN,MP,AWP,WE,Federal Contract Tower,25,11,0,0,36,0,41,53,0,94,25,52,53,0,130,0,0,0,130
01/04/2006,GSN,MP,AWP,WE,Federal Contract Tower,13,11,0,2,26,0,61,41,6,108,13,72,41,8,134,0,0,0,134
01/05/2006,GSN,MP,AWP,WE,Federal Contract Tower,13,14,0,0,27,0,42,33,2,77,13,56,33,2,104,0,0,0,104
01/06/2006,GSN,MP,AWP,WE,Federal Contract Tower,13,17,1,0,31,0,59,64,4,127,13,76,65,4,158,0,0,0,158
01/07/2006,GSN,MP,AWP,WE,Federal Contract Tower,16,14,1,0,31,0,31,40,0,71,16,45,41,0,102,8,0,8,110
01/08/2006,GSN,MP,AWP,WE,Federal Contract Tower,11,16,0,0,27,0,45,44,0,89,11,61,44,0,116,0,0,0,116
01/09/2006,GSN,MP,AWP,WE,Federal Contract Tower,10,18,2,0,30,0,64,41,2,107,10,82,43,2,137,14,0,14,151
01/10/2006,GSN,MP,AWP,WE,Federal Contract Tower,14,15,2,1,32,0,51,37,2,90,14,66,39,3,122,14,0,14,136
01/11/2006,GSN,MP,AWP,WE,Federal Contract Tower,10,16,1,1,28,0,42,42,0,84,10,58,43,1,112,0,0,0,112
01/12/2006,GSN,MP,AWP,WE,Federal Contract Tower,10,18,1,0,29,0,55,22,0,77,10,73,23,0,106,0,0,0,106
01/13/2006,GSN,MP,AWP,WE,Federal Contract Tower,10,21,0,0,31,0,49,24,0,73,10,70,24,0,104,0,0,0,104
01/14/2006,GSN,MP,AWP,WE,Federal Contract Tower,12,18,0,0,30,0,44,22,0,66,12,62,22,0,96,0,0,0,96
01/15/2006,GSN,MP,AWP,WE,Federal Contract Tower,11,15,0,0,26,1,39,38,0,78,12,54,38,0,104,0,0,0,104
01/16/2006,GSN,MP,AWP,WE,Federal Contract Tower,10,17,1,0,28,0,47,43,0,90,10,64,44,0,118,0,0,0,118
01/17/2006,GSN,MP,AWP,WE,Federal Contract Tower,14,14,1,1,30,0,42,48,1,91,14,56,49,2,121,4,0,4,125
01/18/2006,GSN,MP,AWP,WE,Federal Contract Tower,10,16,0,0,26,0,42,29,0,71,10,58,29,0,97,0,0,0,97
01/19/2006,GSN,MP,AWP,WE,Federal Contract Tower,10,16,1,0,27,0,44,17,0,61,10,60,18,0,88,0,0,0,88
01/20/2006,GSN,MP,AWP,WE,Federal Contract Tower,10,17,1,0,28,0,61,36,4,101,10,78,37,4,129,0,0,0,129
01/21/2006,GSN,MP,AWP,WE,Federal Contract Tower,13,16,0,0,29,0,54,48,0,102,13,70,48,0,131,0,0,0,131
01/22/2006,GSN,MP,AWP,WE,Federal Contract Tower,9,16,4,2,31,0,48,37,0,85,9,64,41,2,116,0,0,0,116
01/23/2006,GSN,MP,AWP,WE,Federal Contract Tower,10,17,0,0,27,0,45,39,4,88,10,62,39,4,115,0,0,0,115
01/24/2006,GSN,MP,AWP,WE,Federal Contract Tower,14,17,0,0,31,0,55,47,0,102,14,72,47,0,133,2,0,2,135
01/25/2006,GSN,MP,AWP,WE,Federal Contract Tower,10,15,0,10,35,0,61,41,0,102,10,76,41,10,137,0,0,0,137
01/26/2006,GSN,MP,AWP,WE,Federal Contract Tower,10,16,0,0,26,0,52,36,0,88,10,68,36,0,114,4,0,4,118
01/27/2006,GSN,MP,AWP,WE,Federal Contract Tower,10,17,0,0,27,0,69,29,0,98,10,86,29,0,125,0,0,0,125
01/28/2006,GSN,MP,AWP,WE,Federal Contract Tower,14,16,0,0,30,0,48,30,0,78,14,64,30,0,108,6,0,6,114
01/29/2006,GSN,MP,AWP,WE,Federal Contract Tower,14,16,0,0,30,0,48,24,20,92,14,64,24,20,122,0,0,0,122
01/30/2006,GSN,MP,AWP,WE,Federal Contract Tower,11,16,2,0,29,0,55,20,0,75,11,71,22,0,104,0,0,0,104
01/31/2006,GSN,MP,AWP,WE,Federal Contract Tower,15,16,3,0,34,0,48,39,0,87,15,64,42,0,121,8,0,8,129
02/01/2006,GSN,MP,AWP,WE,Federal Contract Tower,12,17,0,0,29,0,62,56,4,122,12,79,56,4,151,0,0,0,151
02/02/2006,GSN,MP,AWP,WE,Federal Contract Tower,11,18,2,0,31,0,69,34,3,106,11,87,36,3,137,0,0,0,137
02/03/2006,GSN,MP,AWP,WE,Federal Contract Tower,9,17,2,0,28,1,81,36,2,120,10,98,38,2,148,0,0,0,148
02/04/2006,GSN,MP,AWP,WE,Federal Contract Tower,16,15,1,0,32,0,47,66,0,113,16,62,67,0,145,0,0,0,145
02/05/2006,GSN,MP,AWP,WE,Federal Contract Tower,13,17,2,0,32,0,41,36,4,81,13,58,38,4,113,0,0,0,113
02/06/2006,GSN,MP,AWP,WE,Federal Contract Tower,13,18,0,0,31,0,46,38,8,92,13,64,38,8,123,0,0,0,123
02/07/2006,GSN,MP,AWP,WE,Federal Contract Tower,14,16,0,2,32,0,68,39,0,107,14,84,39,2,139,0,0,0,139
02/08/2006,GSN,MP,AWP,WE,Federal Contract Tower,11,17,0,1,29,0,49,34,3,86,11,66,34,4,115,0,0,0,115
02/09/2006,GSN,MP,AWP,WE,Federal Contract Tower,13,16,1,2,32,0,67,53,0,120,13,83,54,2,152,2,0,2,154
02/10/2006,GSN,MP,AWP,WE,Federal Contract Tower,10,20,1,0,31,0,59,37,0,96,10,79,38,0,127,0,0,0,127
02/11/2006,GSN,MP,AWP,WE,Federal Contract Tower,14,15,0,0,29,0,42,46,0,88,14,57,46,0,117,0,0,0,117
02/12/2006,GSN,MP,AWP,WE,Federal Contract Tower,10,12,0,0,22,0,46,35,0,81,10,58,35,0,103,0,0,0,103
02/13/2006,GSN,MP,AWP,WE,Federal Contract Tower,13,15,0,0,28,0,42,40,2,84,13,57,40,2,112,0,0,0,112
02/14/2006,GSN,MP,AWP,WE,Federal Contract Tower,14,17,1,1,33,0,31,37,1,69,14,48,38,2,102,0,0,0,102
02/15/2006,GSN,MP,AWP,WE,Federal Contract Tower,10,15,0,0,25,0,57,33,0,90,10,72,33,0,115,0,0,0,115
02/16/2006,GSN,MP,AWP,WE,Federal Contract Tower,10,16,0,0,26,0,56,22,0,78,10,72,22,0,104,0,0,0,104
02/17/2006,GSN,MP,AWP,WE,Federal Contract Tower,12,14,0,0,26,0,58,43,0,101,12,72,43,0,127,0,0,0,127
02/18/2006,GSN,MP,AWP,WE,Federal Contract Tower,12,16,1,0,29,0,51,59,0,110,12,67,60,0,139,0,0,0,139
02/19/2006,GSN,MP,AWP,WE,Federal Contract Tower,8,18,4,0,30,0,38,38,0,76,8,56,42,0,106,4,0,4,110
02/20/2006,GSN,MP,AWP,WE,Federal Contract Tower,12,16,0,0,28,0,58,57,0,115,12,74,57,0,143,0,0,0,143
02/21/2006,GSN,MP,AWP,WE,Federal Contract Tower,14,16,0,0,30,0,50,36,0,86,14,66,36,0,116,0,0,0,116
02/22/2006,GSN,MP,AWP,WE,Federal Contract Tower,10,15,0,0,25,0,45,47,0,92,10,60,47,0,117,0,0,0,117
02/23/2006,GSN,MP,AWP,WE,Federal Contract Tower,10,18,0,0,28,0,53,31,0,84,10,71,31,0,112,0,0,0,112
02/24/2006,GSN,MP,AWP,WE,Federal Contract Tower,11,16,0,0,27,0,56,45,6,107,11,72,45,6,134,0,0,0,134
02/25/2006,GSN,MP,AWP,WE,Federal Contract Tower,11,16,0,0,27,0,45,55,0,100,11,61,55,0,127,0,0,0,127
02/26/2006,GSN,MP,AWP,WE,Federal Contract Tower,12,17,0,0,29,0,41,29,0,70,12,58,29,0,99,0,0,0,99
02/27/2006,GSN,MP,AWP,WE,Federal Contract Tower,10,19,0,0,29,0,41,58,2,101,10,60,58,2,130,0,0,0,130
02/28/2006,GSN,MP,AWP,WE,Federal Contract Tower,16,16,0,0,32,0,51,47,6,104,16,67,47,6,136,0,0,0,136
03/01/2006,GSN,MP,AWP,WE,Federal Contract Tower,12,19,0,2,33,0,51,33,8,92,12,70,33,10,125,0,0,0,125
03/02/2006,GSN,MP,AWP,WE,Federal Contract Tower,12,19,0,0,31,0,33,40,0,73,12,52,40,0,104,0,0,0,104
03/03/2006,GSN,MP,AWP,WE,Federal Contract Tower,11,17,0,0,28,0,57,23,2,82,11,74,23,2,110,0,0,0,110
03/04/2006,GSN,MP,AWP,WE,Federal Contract Tower,13,16,0,0,29,0,43,48,0,91,13,59,48,0,120,0,0,0,120
03/05/2006,GSN,MP,AWP,WE,Federal Contract Tower,10,16,0,0,26,0,52,23,0,75,10,68,23,0,101,0,0,0,101
03/06/2006,GSN,MP,AWP,WE,Federal Contract Tower,10,18,0,0,28,0,45,22,0,67,10,63,22,0,95,0,0,0,95
03/07/2006,GSN,MP,AWP,WE,Federal Contract Tower,14,15,0,2,31,0,51,28,4,83,14,66,28,6,114,0,0,0,114
03/08/2006,GSN,MP,AWP,WE,Federal Contract Tower,10,18,2,0,30,0,48,40,2,90,10,66,42,2,120,0,0,0,120
03/09/2006,GSN,MP,AWP,WE,Federal Contract Tower,10,18,2,0,30,0,52,27,8,87,10,70,29,8,117,0,0,0,117
03/10/2006,GSN,MP,AWP,WE,Federal Contract Tower,10,18,2,0,30,0,54,55,0,109,10,72,57,0,139,0,0,0,139
03/11/2006,GSN,MP,AWP,WE,Federal Contract Tower,12,16,0,0,28,0,46,72,2,120,12,62,72,2,148,5,0,5,153
03/12/2006,GSN,MP,AWP,WE,Federal Contract Tower,12,15,0,0,27,0,43,48,0,91,12,58,48,0,118,0,0,0,118
03/13/2006,GSN,MP,AWP,WE,Federal Contract Tower,10,17,1,0,28,0,43,83,2,128,10,60,84,2,156,0,0,0,156
03/14/2006,GSN,MP,AWP,WE,Federal Contract Tower,13,16,1,0,30,1,40,48,0,89,14,56,49,0,119,0,0,0,119
03/15/2006,GSN,MP,AWP,WE,Federal Contract Tower,10,18,0,0,28,0,38,32,0,70,10,56,32,0,98,0,0,0,98
03/16/2006,GSN,MP,AWP,WE,Federal Contract Tower,11,19,0,0,30,0,46,22,0,68,11,65,22,0,98,0,0,0,98
03/17/2006,GSN,MP,AWP,WE,Federal Contract Tower,11,20,0,0,31,0,50,23,2,75,11,70,23,2,106,0,0,0,106
03/18/2006,GSN,MP,AWP,WE,Federal Contract Tower,12,15,1,1,29,0,57,36,0,93,12,72,37,1,122,0,0,0,122
03/19/2006,GSN,MP,AWP,WE,Federal Contract Tower,10,17,0,1,28,0,39,26,0,65,10,56,26,1,93,0,0,0,93
03/20/2006,GSN,MP,AWP,WE,Federal Contract Tower,7,17,1,0,25,0,45,37,1,83,7,62,38,1,108,0,0,0,108
03/21/2006,GSN,MP,AWP,WE,Federal Contract Tower,17,16,0,0,33,0,44,34,0,78,17,60,34,0,111,2,0,2,113
03/22/2006,GSN,MP,AWP,WE,Federal Contract Tower,10,15,0,2,27,0,53,29,0,82,10,68,29,2,109,0,0,0,109
03/23/2006,GSN,MP,AWP,WE,Federal Contract Tower,12,15,0,0,27,0,43,35,2,80,12,58,35,2,107,0,0,0,107
03/24/2006,GSN,MP,AWP,WE,Federal Contract Tower,13,19,0,0,32,0,53,34,0,87,13,72,34,0,119,0,0,0,119
03/25/2006,GSN,MP,AWP,WE,Federal Contract Tower,13,17,2,0,32,0,51,37,0,88,13,68,39,0,120,4,0,4,124
03/26/2006,GSN,MP,AWP,WE,Federal Contract Tower,12,16,0,0,28,0,56,48,0,104,12,72,48,0,132,0,0,0,132
03/27/2006,GSN,MP,AWP,WE,Federal Contract Tower,10,17,2,0,29,0,39,38,0,77,10,56,40,0,106,0,0,0,106
03/28/2006,GSN,MP,AWP,WE,Federal Contract Tower,14,16,2,0,32,0,40,37,0,77,14,56,39,0,109,0,0,0,109
03/29/2006,GSN,MP,AWP,WE,Federal Contract Tower,10,17,0,0,27,0,37,106,0,143,10,54,106,0,170,0,0,0,170
03/30/2006,GSN,MP,AWP,WE,Federal Contract Tower,11,17,0,0,28,0,53,27,0,80,11,70,27,0,108,0,0,0,108
03/31/2006,GSN,MP,AWP,WE,Federal Contract Tower,12,18,0,0,30,0,70,38,0,108,12,88,38,0,138,0,0,0,138
04/01/2006,GSN,MP,AWP,WE,Federal Contract Tower,11,16,0,0,27,0,36,28,0,64,11,52,28,0,91,0,0,0,91
04/02/2006,GSN,MP,AWP,WE,Federal Contract Tower,10,17,0,0,27,0,43,41,0,84,10,60,41,0,111,0,0,0,111
04/03/2006,GSN,MP,AWP,WE,Federal Contract Tower,10,14,0,0,24,0,44,33,0,77,10,58,33,0,101,8,0,8,109
04/04/2006,GSN,MP,AWP,WE,Federal Contract Tower,14,14,4,0,32,0,50,52,0,102,14,64,56,0,134,0,0,0,134
04/05/2006,GSN,MP,AWP,WE,Federal Contract Tower,10,15,0,0,25,0,51,26,0,77,10,66,26,0,102,0,0,0,102
04/06/2006,GSN,MP,AWP,WE,Federal Contract Tower,10,17,2,0,29,0,39,35,0,74,10,56,37,0,103,0,0,0,103
04/07/2006,GSN,MP,AWP,WE,Federal Contract Tower,10,20,0,0,30,0,46,27,0,73,10,66,27,0,103,0,0,0,103
04/08/2006,GSN,MP,AWP,WE,Federal Contract Tower,12,16,0,0,28,0,38,64,0,102,12,54,64,0,130,0,0,0,130
04/09/2006,GSN,MP,AWP,WE,Federal Contract Tower,10,17,0,0,27,0,50,41,0,91,10,67,41,0,118,0,0,0,118
04/10/2006,GSN,MP,AWP,WE,Federal Contract Tower,10,19,0,0,29,0,47,53,0,100,10,66,53,0,129,0,0,0,129
04/11/2006,GSN,MP,AWP,WE,Federal Contract Tower,15,15,0,0,30,0,53,50,0,103,15,68,50,0,133,0,0,0,133
04/12/2006,GSN,MP,AWP,WE,Federal Contract Tower,11,16,1,0,28,0,45,40,0,85,11,61,41,0,113,0,0,0,113
04/13/2006,GSN,MP,AWP,WE,Federal Contract Tower,10,16,1,0,27,0,61,29,0,90,10,77,30,0,117,0,0,0,117
04/14/2006,GSN,MP,AWP,WE,Federal Contract Tower,10,17,0,0,27,0,47,17,1,65,10,64,17,1,92,0,0,0,92
04/15/2006,GSN,MP,AWP,WE,Federal Contract Tower,13,15,0,1,29,0,39,63,1,103,13,54,63,2,132,0,12,12,144
04/16/2006,GSN,MP,AWP,WE,Federal Contract Tower,11,16,4,0,31,0,57,59,0,116,11,73,63,0,147,0,0,0,147
04/17/2006,GSN,MP,AWP,WE,Federal Contract Tower,10,14,0,0,24,0,56,69,0,125,10,70,69,0,149,0,0,0,149
04/18/2006,GSN,MP,AWP,WE,Federal Contract Tower,14,16,0,0,30,0,41,50,0,91,14,57,50,0,121,0,0,0,121
04/19/2006,GSN,MP,AWP,WE,Federal Contract Tower,10,16,0,0,26,0,48,35,0,83,10,64,35,0,109,0,0,0,109
04/20/2006,GSN,MP,AWP,WE,Federal Contract Tower,11,16,0,0,27,0,61,41,0,102,11,77,41,0,129,0,0,0,129
04/21/2006,GSN,MP,AWP,WE,Federal Contract Tower,11,17,0,0,28,1,76,40,0,117,12,93,40,0,145,0,0,0,145
04/22/2006,GSN,MP,AWP,WE,Federal Contract Tower,9,15,0,0,24,0,46,54,0,100,9,61,54,0,124,0,0,0,124
04/23/2006,GSN,MP,AWP,WE,Federal Contract Tower,10,17,0,0,27,0,43,38,2,83,10,60,38,2,110,0,0,0,110
04/24/2006,GSN,MP,AWP,WE,Federal Contract Tower,10,18,0,0,28,0,44,58,0,102,10,62,58,0,130,0,0,0,130
04/25/2006,GSN,MP,AWP,WE,Federal Contract Tower,15,16,0,0,31,0,54,41,2,97,15,70,41,2,128,0,0,0,128
04/26/2006,GSN,MP,AWP,WE,Federal Contract Tower,10,18,2,0,30,0,42,26,0,68,10,60,28,0,98,0,0,0,98
04/27/2006,GSN,MP,AWP,WE,Federal Contract Tower,9,16,0,0,25,2,50,39,0,91,11,66,39,0,116,0,0,0,116
04/28/2006,GSN,MP,AWP,WE,Federal Contract Tower,12,17,1,0,30,0,71,43,0,114,12,88,44,0,144,2,0,2,146
04/29/2006,GSN,MP,AWP,WE,Federal Contract Tower,15,16,0,0,31,0,62,86,0,148,15,78,86,0,179,4,0,4,183
04/30/2006,GSN,MP,AWP,WE,Federal Contract Tower,10,17,2,0,29,0,49,58,0,107,10,66,60,0,136,0,0,0,136
05/01/2006,GSN,MP,AWP,WE,Federal Contract Tower,15,17,0,0,32,0,44,70,0,114,15,61,70,0,146,0,0,0,146
05/02/2006,GSN,MP,AWP,WE,Federal Contract Tower,18,15,0,0,33,0,58,100,0,158,18,73,100,0,191,0,0,0,191
05/03/2006,GSN,MP,AWP,WE,Federal Contract Tower,13,18,0,0,31,0,55,62,0,117,13,73,62,0,148,0,0,0,148
05/04/2006,GSN,MP,AWP,WE,Federal Contract Tower,17,16,0,0,33,0,55,95,0,150,17,71,95,0,183,0,0,0,183
05/05/2006,GSN,MP,AWP,WE,Federal Contract Tower,12,20,0,0,32,0,82,84,0,166,12,102,84,0,198,0,0,0,198
05/06/2006,GSN,MP,AWP,WE,Federal Contract Tower,15,18,0,0,33,0,48,86,0,134,15,66,86,0,167,6,0,6,173
05/07/2006,GSN,MP,AWP,WE,Federal Contract Tower,15,16,1,0,32,0,94,76,0,170,15,110,77,0,202,0,0,0,202
05/08/2006,GSN,MP,AWP,WE,Federal Contract Tower,10,17,0,0,27,0,51,46,0,97,10,68,46,0,124,0,0,0,124
05/09/2006,GSN,MP,AWP,WE,Federal Contract Tower,16,15,0,0,31,0,46,58,0,104,16,61,58,0,135,0,0,0,135
05/10/2006,GSN,MP,AWP,WE,Federal Contract Tower,10,16,0,0,26,0,44,64,0,108,10,60,64,0,134,4,0,4,138
05/11/2006,GSN,MP,AWP,WE,Federal Contract Tower,10,17,0,0,27,0,53,44,0,97,10,70,44,0,124,2,0,2,126
05/12/2006,GSN,MP,AWP,WE,Federal Contract Tower,12,17,0,3,32,0,63,47,0,110,12,80,47,3,142,0,0,0,142
05/13/2006,GSN,MP,AWP,WE,Federal Contract Tower,11,20,0,0,31,1,52,66,0,119,12,72,66,0,150,0,0,0,150
05/14/2006,GSN,MP,AWP,WE,Federal Contract Tower,10,16,0,0,26,0,48,65,0,113,10,64,65,0,139,0,0,0,139
05/15/2006,GSN,MP,AWP,WE,Federal Contract Tower,13,16,1,0,30,0,45,37,0,82,13,61,38,0,112,0,0,0,112
05/16/2006,GSN,MP,AWP,WE,Federal Contract Tower,17,16,1,0,34,0,37,45,0,82,17,53,46,0,116,0,0,0,116
05/17/2006,GSN,MP,AWP,WE,Federal Contract Tower,10,15,1,0,26,0,45,29,0,74,10,60,30,0,100,0,0,0,100
05/18/2006,GSN,MP,AWP,WE,Federal Contract Tower,11,17,0,0,28,0,50,34,0,84,11,67,34,0,112,0,0,0,112
05/19/2006,GSN,MP,AWP,WE,Federal Contract Tower,12,16,0,0,28,0,46,54,0,100,12,62,54,0,128,0,0,0,128
05/20/2006,GSN,MP,AWP,WE,Federal Contract Tower,15,17,0,0,32,1,63,55,0,119,16,80,55,0,151,0,0,0,151
05/21/2006,GSN,MP,AWP,WE,Federal Contract Tower,13,15,0,0,28,0,53,46,0,99,13,68,46,0,127,0,0,0,127
05/22/2006,GSN,MP,AWP,WE,Federal Contract Tower,12,17,0,0,29,0,40,45,0,85,12,57,45,0,114,0,0,0,114
05/23/2006,GSN,MP,AWP,WE,Federal Contract Tower,17,17,0,0,34,0,43,45,0,88,17,60,45,0,122,0,0,0,122
05/24/2006,GSN,MP,AWP,WE,Federal Contract Tower,11,19,0,0,30,0,64,44,0,108,11,83,44,0,138,0,0,0,138
05/25/2006,GSN,MP,AWP,WE,Federal Contract Tower,10,14,0,0,24,0,48,27,0,75,10,62,27,0,99,0,0,0,99
05/26/2006,GSN,MP,AWP,WE,Federal Contract Tower,12,19,1,2,34,0,60,67,0,127,12,79,68,2,161,0,0,0,161
05/27/2006,GSN,MP,AWP,WE,Federal Contract Tower,13,18,0,0,31,0,46,45,0,91,13,64,45,0,122,0,0,0,122
05/28/2006,GSN,MP,AWP,WE,Federal Contract Tower,10,17,1,0,28,2,41,58,0,101,12,58,59,0,129,0,0,0,129
05/29/2006,GSN,MP,AWP,WE,Federal Contract Tower,13,14,2,0,29,0,58,59,0,117,13,72,61,0,146,2,0,2,148
05/30/2006,GSN,MP,AWP,WE,Federal Contract Tower,17,14,2,0,33,0,42,48,0,90,17,56,50,0,123,0,0,0,123
05/31/2006,GSN,MP,AWP,WE,Federal Contract Tower,10,17,0,4,31,0,42,63,4,109,10,59,63,8,140,0,0,0,140
06/01/2006,GSN,MP,AWP,WE,Federal Contract Tower,10,19,1,4,34,0,37,30,4,71,10,56,31,8,105,0,0,0,105
06/02/2006,GSN,MP,AWP,WE,Federal Contract Tower,14,17,0,3,34,0,55,35,3,93,14,72,35,6,127,0,0,0,127
06/03/2006,GSN,MP,AWP,WE,Federal Contract Tower,12,15,0,0,27,0,32,49,0,81,12,47,49,0,108,0,0,0,108
06/04/2006,GSN,MP,AWP,WE,Federal Contract Tower,10,18,0,2,30,0,46,47,2,95,10,64,47,4,125,2,0,2,127
06/05/2006,GSN,MP,AWP,WE,Federal Contract Tower,12,19,0,0,31,0,43,62,4,109,12,62,62,4,140,0,0,0,140
06/06/2006,GSN,MP,AWP,WE,Federal Contract Tower,16,18,0,0,34,0,45,41,0,86,16,63,41,0,120,0,0,0,120
06/07/2006,GSN,MP,AWP,WE,Federal Contract Tower,9,19,0,0,28,1,39,43,0,83,10,58,43,0,111,0,0,0,111
06/08/2006,GSN,MP,AWP,WE,Federal Contract Tower,10,17,0,0,27,0,45,42,0,87,10,62,42,0,114,0,0,0,114
06/09/2006,GSN,MP,AWP,WE,Federal Contract Tower,12,21,0,0,33,0,49,68,0,117,12,70,68,0,150,0,0,0,150
06/10/2006,GSN,MP,AWP,WE,Federal Contract Tower,15,19,0,0,34,0,63,101,0,164,15,82,101,0,198,0,0,0,198
06/11/2006,GSN,MP,AWP,WE,Federal Contract Tower,11,18,0,0,29,0,54,72,0,126,11,72,72,0,155,0,0,0,155
06/12/2006,GSN,MP,AWP,WE,Federal Contract Tower,12,18,0,0,30,0,61,71,0,132,12,79,71,0,162,0,0,0,162
06/13/2006,GSN,MP,AWP,WE,Federal Contract Tower,16,18,0,0,34,0,33,54,0,87,16,51,54,0,121,2,0,2,123
06/14/2006,GSN,MP,AWP,WE,Federal Contract Tower,12,16,0,0,28,0,42,55,0,97,12,58,55,0,125,0,0,0,125
06/15/2006,GSN,MP,AWP,WE,Federal Contract Tower,10,16,0,0,26,0,49,35,0,84,10,65,35,0,110,0,0,0,110
06/16/2006,GSN,MP,AWP,WE,Federal Contract Tower,11,17,0,0,28,0,49,45,0,94,11,66,45,0,122,0,0,0,122
06/17/2006,GSN,MP,AWP,WE,Federal Contract Tower,10,16,0,0,26,0,39,65,2,106,10,55,65,2,132,0,0,0,132
06/18/2006,GSN,MP,AWP,WE,Federal Contract Tower,11,17,0,0,28,0,43,78,0,121,11,60,78,0,149,0,0,0,149
06/19/2006,GSN,MP,AWP,WE,Federal Contract Tower,12,16,0,0,28,0,48,44,0,92,12,64,44,0,120,0,0,0,120
06/20/2006,GSN,MP,AWP,WE,Federal Contract Tower,14,18,0,0,32,2,42,49,14,107,16,60,49,14,139,0,0,0,139
06/21/2006,GSN,MP,AWP,WE,Federal Contract Tower,14,18,0,0,32,0,50,31,0,81,14,68,31,0,113,0,0,0,113
06/22/2006,GSN,MP,AWP,WE,Federal Contract Tower,11,17,0,0,28,0,47,29,0,76,11,64,29,0,104,0,0,0,104
06/23/2006,GSN,MP,AWP,WE,Federal Contract Tower,15,18,0,0,33,0,60,39,0,99,15,78,39,0,132,0,0,0,132
06/24/2006,GSN,MP,AWP,WE,Federal Contract Tower,12,17,0,0,29,0,41,58,0,99,12,58,58,0,128,0,0,0,128
06/25/2006,GSN,MP,AWP,WE,Federal Contract Tower,10,17,0,0,27,0,41,56,0,97,10,58,56,0,124,0,0,0,124
06/26/2006,GSN,MP,AWP,WE,Federal Contract Tower,15,18,0,0,33,0,48,65,0,113,15,66,65,0,146,0,0,0,146
06/27/2006,GSN,MP,AWP,WE,Federal Contract Tower,17,16,0,1,34,0,52,49,10,111,17,68,49,11,145,0,0,0,145
06/28/2006,GSN,MP,AWP,WE,Federal Contract Tower,9,20,0,0,29,1,39,50,2,92,10,59,50,2,121,0,0,0,121
06/29/2006,GSN,MP,AWP,WE,Federal Contract Tower,13,17,0,0,30,0,47,50,0,97,13,64,50,0,127,2,0,2,129
06/30/2006,GSN,MP,AWP,WE,Federal Contract Tower,14,20,0,0,34,0,55,37,0,92,14,75,37,0,126,0,0,0,126
07/01/2006,GSN,MP,AWP,WE,Federal Contract Tower,12,18,0,0,30,1,28,59,0,88,13,46,59,0,118,4,0,4,122
07/02/2006,GSN,MP,AWP,WE,Federal Contract Tower,10,17,0,0,27,0,34,52,0,86,10,51,52,0,113,0,0,0,113
07/03/2006,GSN,MP,AWP,WE,Federal Contract Tower,17,19,0,0,36,0,57,57,0,114,17,76,57,0,150,0,0,0,150
07/04/2006,GSN,MP,AWP,WE,Federal Contract Tower,19,19,0,0,38,0,39,49,0,88,19,58,49,0,126,0,0,0,126
07/05/2006,GSN,MP,AWP,WE,Federal Contract Tower,10,20,0,0,30,0,58,46,0,104,10,78,46,0,134,0,0,0,134
07/06/2006,GSN,MP,AWP,WE,Federal Contract Tower,10,18,1,1,30,0,36,40,1,77,10,54,41,2,107,0,0,0,107
07/07/2006,GSN,MP,AWP,WE,Federal Contract Tower,12,22,0,0,34,0,52,58,0,110,12,74,58,0,144,0,0,0,144
07/08/2006,GSN,MP,AWP,WE,Federal Contract Tower,12,18,0,0,30,0,36,40,0,76,12,54,40,0,106,0,0,0,106
07/09/2006,GSN,MP,AWP,WE,Federal Contract Tower,10,18,0,0,28,0,36,32,0,68,10,54,32,0,96,0,0,0,96
07/10/2006,GSN,MP,AWP,WE,Federal Contract Tower,10,20,0,0,30,0,37,49,0,86,10,57,49,0,116,0,0,0,116
07/11/2006,GSN,MP,AWP,WE,Federal Contract Tower,18,18,0,0,36,0,54,53,0,107,18,72,53,0,143,0,0,0,143
07/12/2006,GSN,MP,AWP,WE,Federal Contract Tower,12,21,0,0,33,0,45,53,0,98,12,66,53,0,131,0,0,0,131
07/13/2006,GSN,MP,AWP,WE,Federal Contract Tower,11,17,2,0,30,0,43,59,0,102,11,60,61,0,132,0,0,0,132
07/14/2006,GSN,MP,AWP,WE,Federal Contract Tower,14,21,0,0,35,0,65,62,0,127,14,86,62,0,162,0,0,0,162
07/15/2006,GSN,MP,AWP,WE,Federal Contract Tower,13,18,2,0,33,0,52,76,0,128,13,70,78,0,161,0,0,0,161
07/16/2006,GSN,MP,AWP,WE,Federal Contract Tower,10,16,1,0,27,0,54,56,0,110,10,70,57,0,137,0,0,0,137
07/17/2006,GSN,MP,AWP,WE,Federal Contract Tower,12,19,0,2,33,0,55,74,0,129,12,74,74,2,162,0,0,0,162
07/18/2006,GSN,MP,AWP,WE,Federal Contract Tower,17,16,0,0,33,0,49,58,0,107,17,65,58,0,140,0,0,0,140
07/19/2006,GSN,MP,AWP,WE,Federal Contract Tower,14,20,0,0,34,0,40,69,0,109,14,60,69,0,143,2,0,2,145
07/20/2006,GSN,MP,AWP,WE,Federal Contract Tower,13,18,0,1,32,0,48,45,1,94,13,66,45,2,126,0,0,0,126
07/21/2006,GSN,MP,AWP,WE,Federal Contract Tower,14,20,0,0,34,0,78,55,0,133,14,98,55,0,167,2,0,2,169
07/22/2006,GSN,MP,AWP,WE,Federal Contract Tower,16,18,0,0,34,0,52,59,4,115,16,70,59,4,149,0,0,0,149
07/23/2006,GSN,MP,AWP,WE,Federal Contract Tower,11,18,0,0,29,0,46,56,0,102,11,64,56,0,131,0,0,0,131
07/24/2006,GSN,MP,AWP,WE,Federal Contract Tower,12,17,0,1,30,0,45,62,1,108,12,62,62,2,138,0,0,0,138
07/25/2006,GSN,MP,AWP,WE,Federal Contract Tower,16,18,2,0,36,0,55,56,2,113,16,73,58,2,149,0,0,0,149
07/26/2006,GSN,MP,AWP,WE,Federal Contract Tower,14,20,0,0,34,0,36,50,2,88,14,56,50,2,122,0,0,0,122
07/27/2006,GSN,MP,AWP,WE,Federal Contract Tower,11,18,0,0,29,0,40,50,0,90,11,58,50,0,119,0,0,0,119
07/28/2006,GSN,MP,AWP,WE,Federal Contract Tower,14,22,0,0,36,0,54,22,0,76,14,76,22,0,112,0,0,0,112
07/29/2006,GSN,MP,AWP,WE,Federal Contract Tower,15,18,0,0,33,0,62,74,0,136,15,80,74,0,169,0,0,0,169
07/30/2006,GSN,MP,AWP,WE,Federal Contract Tower,13,17,0,0,30,0,47,47,6,100,13,64,47,6,130,0,0,0,130
07/31/2006,GSN,MP,AWP,WE,Federal Contract Tower,13,20,0,0,33,0,46,43,0,89,13,66,43,0,122,0,0,0,122
08/01/2006,GSN,MP,AWP,WE,Federal Contract Tower,14,19,1,0,34,0,61,51,0,112,14,80,52,0,146,0,0,0,146
08/02/2006,GSN,MP,AWP,WE,Federal Contract Tower,8,19,1,2,30,0,50,48,2,100,8,69,49,4,130,0,0,0,130
08/03/2006,GSN,MP,AWP,WE,Federal Contract Tower,13,17,0,0,30,0,50,47,0,97,13,67,47,0,127,0,0,0,127
08/04/2006,GSN,MP,AWP,WE,Federal Contract Tower,13,23,0,0,36,0,67,77,2,146,13,90,77,2,182,0,0,0,182
08/05/2006,GSN,MP,AWP,WE,Federal Contract Tower,12,18,0,0,30,1,63,76,0,140,13,81,76,0,170,0,0,0,170
08/06/2006,GSN,MP,AWP,WE,Federal Contract Tower,12,8,0,0,20,0,34,45,0,79,12,42,45,0,99,0,0,0,99
08/07/2006,GSN,MP,AWP,WE,Federal Contract Tower,2,21,0,0,23,0,34,44,0,78,2,55,44,0,101,0,0,0,101
08/08/2006,GSN,MP,AWP,WE,Federal Contract Tower,14,19,0,0,33,0,53,36,2,91,14,72,36,2,124,0,0,0,124
08/09/2006,GSN,MP,AWP,WE,Federal Contract Tower,8,22,0,0,30,0,34,34,4,72,8,56,34,4,102,0,0,0,102
08/10/2006,GSN,MP,AWP,WE,Federal Contract Tower,14,18,0,0,32,0,32,41,0,73,14,50,41,0,105,2,0,2,107
08/11/2006,GSN,MP,AWP,WE,Federal Contract Tower,12,19,0,0,31,0,75,18,4,97,12,94,18,4,128,0,0,0,128
08/12/2006,GSN,MP,AWP,WE,Federal Contract Tower,13,21,0,0,34,0,52,9,0,61,13,73,9,0,95,0,0,0,95
08/13/2006,GSN,MP,AWP,WE,Federal Contract Tower,15,16,0,0,31,0,50,20,0,70,15,66,20,0,101,0,0,0,101
08/14/2006,GSN,MP,AWP,WE,Federal Contract Tower,14,19,1,0,34,0,53,38,2,93,14,72,39,2,127,10,0,10,137
08/15/2006,GSN,MP,AWP,WE,Federal Contract Tower,15,20,1,0,36,0,58,37,0,95,15,78,38,0,131,0,0,0,131
08/16/2006,GSN,MP,AWP,WE,Federal Contract Tower,10,20,0,0,30,0,74,45,0,119,10,94,45,0,149,0,0,0,149
08/17/2006,GSN,MP,AWP,WE,Federal Contract Tower,12,19,0,0,31,0,53,35,0,88,12,72,35,0,119,0,0,0,119
08/18/2006,GSN,MP,AWP,WE,Federal Contract Tower,12,21,0,0,33,0,86,30,0,116,12,107,30,0,149,0,0,0,149
08/19/2006,GSN,MP,AWP,WE,Federal Contract Tower,14,20,0,0,34,0,58,39,0,97,14,78,39,0,131,6,0,6,137
08/20/2006,GSN,MP,AWP,WE,Federal Contract Tower,12,16,0,0,28,0,36,27,0,63,12,52,27,0,91,0,0,0,91
08/21/2006,GSN,MP,AWP,WE,Federal Contract Tower,16,20,0,0,36,0,56,26,4,86,16,76,26,4,122,0,0,0,122
08/22/2006,GSN,MP,AWP,WE,Federal Contract Tower,14,17,0,0,31,0,51,33,0,84,14,68,33,0,115,20,0,20,135
08/23/2006,GSN,MP,AWP,WE,Federal Contract Tower,8,17,0,0,25,0,43,31,2,76,8,60,31,2,101,0,0,0,101
08/24/2006,GSN,MP,AWP,WE,Federal Contract Tower,10,17,0,0,27,0,49,25,2,76,10,66,25,2,103,0,0,0,103
08/25/2006,GSN,MP,AWP,WE,Federal Contract Tower,12,22,0,0,34,0,63,31,0,94,12,85,31,0,128,0,0,0,128
08/26/2006,GSN,MP,AWP,WE,Federal Contract Tower,14,18,0,0,32,0,62,40,0,102,14,80,40,0,134,0,0,0,134
08/27/2006,GSN,MP,AWP,WE,Federal Contract Tower,10,17,0,0,27,0,35,31,0,66,10,52,31,0,93,0,0,0,93
08/28/2006,GSN,MP,AWP,WE,Federal Contract Tower,12,19,0,0,31,0,43,20,0,63,12,62,20,0,94,0,0,0,94
08/29/2006,GSN,MP,AWP,WE,Federal Contract Tower,14,18,0,0,32,0,38,26,2,66,14,56,26,2,98,2,0,2,100
08/30/2006,GSN,MP,AWP,WE,Federal Contract Tower,8,19,0,0,27,0,41,20,2,63,8,60,20,2,90,0,0,0,90
08/31/2006,GSN,MP,AWP,WE,Federal Contract Tower,10,15,0,0,25,0,39,22,0,61,10,54,22,0,86,0,0,0,86
09/01/2006,GSN,MP,AWP,WE,Federal Contract Tower,12,20,0,0,32,0,62,27,0,89,12,82,27,0,121,0,0,0,121
09/02/2006,GSN,MP,AWP,WE,Federal Contract Tower,9,15,0,0,24,0,49,22,0,71,9,64,22,0,95,0,0,0,95
09/03/2006,GSN,MP,AWP,WE,Federal Contract Tower,16,17,0,0,33,0,41,31,0,72,16,58,31,0,105,0,0,0,105
09/04/2006,GSN,MP,AWP,WE,Federal Contract Tower,13,17,0,0,30,0,60,30,0,90,13,77,30,0,120,0,0,0,120
09/05/2006,GSN,MP,AWP,WE,Federal Contract Tower,12,18,0,0,30,0,42,38,0,80,12,60,38,0,110,0,0,0,110
09/06/2006,GSN,MP,AWP,WE,Federal Contract Tower,8,18,1,0,27,0,47,24,2,73,8,65,25,2,100,0,0,0,100
09/07/2006,GSN,MP,AWP,WE,Federal Contract Tower,10,18,1,0,29,0,42,20,2,64,10,60,21,2,93,0,0,0,93
09/08/2006,GSN,MP,AWP,WE,Federal Contract Tower,12,21,0,0,33,0,41,26,0,67,12,62,26,0,100,0,0,0,100
09/09/2006,GSN,MP,AWP,WE,Federal Contract Tower,9,18,0,0,27,1,48,24,6,79,10,66,24,6,106,0,0,0,106
09/10/2006,GSN,MP,AWP,WE,Federal Contract Tower,10,15,0,0,25,0,53,28,0,81,10,68,28,0,106,0,0,0,106
09/11/2006,GSN,MP,AWP,WE,Federal Contract Tower,12,18,0,0,30,0,42,33,0,75,12,60,33,0,105,0,0,0,105
09/12/2006,GSN,MP,AWP,WE,Federal Contract Tower,13,17,0,0,30,0,39,24,0,63,13,56,24,0,93,0,0,0,93
09/13/2006,GSN,MP,AWP,WE,Federal Contract Tower,11,20,0,0,31,0,40,19,0,59,11,60,19,0,90,0,0,0,90
09/14/2006,GSN,MP,AWP,WE,Federal Contract Tower,10,18,0,0,28,0,50,27,4,81,10,68,27,4,109,0,0,0,109
09/15/2006,GSN,MP,AWP,WE,Federal Contract Tower,13,18,0,0,31,0,64,38,0,102,13,82,38,0,133,0,0,0,133
09/16/2006,GSN,MP,AWP,WE,Federal Contract Tower,10,16,2,0,28,0,66,31,0,97,10,82,33,0,125,0,0,0,125
09/17/2006,GSN,MP,AWP,WE,Federal Contract Tower,9,17,1,0,27,0,61,23,0,84,9,78,24,0,111,0,0,0,111
09/18/2006,GSN,MP,AWP,WE,Federal Contract Tower,13,18,1,0,32,0,42,30,0,72,13,60,31,0,104,0,0,0,104
09/19/2006,GSN,MP,AWP,WE,Federal Contract Tower,12,16,2,0,30,0,42,41,2,85,12,58,43,2,115,0,0,0,115
09/20/2006,GSN,MP,AWP,WE,Federal Contract Tower,10,20,0,0,30,0,37,17,4,58,10,57,17,4,88,0,0,0,88
09/21/2006,GSN,MP,AWP,WE,Federal Contract Tower,10,18,0,0,28,0,40,33,0,73,10,58,33,0,101,0,0,0,101
09/22/2006,GSN,MP,AWP,WE,Federal Contract Tower,13,19,0,3,35,0,42,25,0,67,13,61,25,3,102,0,0,0,102
09/23/2006,GSN,MP,AWP,WE,Federal Contract Tower,16,18,0,1,35,0,46,36,0,82,16,64,36,1,117,2,0,2,119
09/24/2006,GSN,MP,AWP,WE,Federal Contract Tower,15,16,1,0,32,0,38,23,0,61,15,54,24,0,93,0,0,0,93
09/25/2006,GSN,MP,AWP,WE,Federal Contract Tower,14,19,1,0,34,0,45,26,0,71,14,64,27,0,105,0,0,0,105
09/26/2006,GSN,MP,AWP,WE,Federal Contract Tower,12,18,0,0,30,0,40,26,2,68,12,58,26,2,98,0,0,0,98
09/27/2006,GSN,MP,AWP,WE,Federal Contract Tower,8,20,0,0,28,0,30,14,0,44,8,50,14,0,72,0,0,0,72
09/28/2006,GSN,MP,AWP,WE,Federal Contract Tower,8,18,2,0,28,0,44,11,0,55,8,62,13,0,83,0,0,0,83
09/29/2006,GSN,MP,AWP,WE,Federal Contract Tower,14,20,1,0,35,0,49,14,0,63,14,69,15,0,98,0,0,0,98
09/30/2006,GSN,MP,AWP,WE,Federal Contract Tower,11,16,0,0,27,0,48,16,0,64,11,64,16,0,91,10,0,10,101
10/01/2006,GSN,MP,AWP,WE,Federal Contract Tower,15,15,0,0,30,0,55,25,0,80,15,70,25,0,110,0,0,0,110
10/02/2006,GSN,MP,AWP,WE,Federal Contract Tower,13,22,0,0,35,0,30,18,0,48,13,52,18,0,83,0,0,0,83
10/03/2006,GSN,MP,AWP,WE,Federal Contract Tower,13,17,0,0,30,0,45,14,0,59,13,62,14,0,89,4,0,4,93
10/04/2006,GSN,MP,AWP,WE,Federal Contract Tower,12,22,0,0,34,0,64,28,0,92,12,86,28,0,126,0,0,0,126
10/05/2006,GSN,MP,AWP,WE,Federal Contract Tower,10,16,0,0,26,0,54,21,0,75,10,70,21,0,101,0,0,0,101
10/06/2006,GSN,MP,AWP,WE,Federal Contract Tower,10,23,0,0,33,0,57,43,0,100,10,80,43,0,133,0,0,0,133
10/07/2006,GSN,MP,AWP,WE,Federal Contract Tower,16,16,0,0,32,0,67,11,0,78,16,83,11,0,110,0,0,0,110
10/08/2006,GSN,MP,AWP,WE,Federal Contract Tower,8,17,0,0,25,0,51,18,0,69,8,68,18,0,94,0,0,0,94
10/09/2006,GSN,MP,AWP,WE,Federal Contract Tower,9,20,0,0,29,1,56,53,0,110,10,76,53,0,139,0,0,0,139
10/10/2006,GSN,MP,AWP,WE,Federal Contract Tower,14,18,1,0,33,0,52,23,0,75,14,70,24,0,108,0,0,0,108
10/11/2006,GSN,MP,AWP,WE,Federal Contract Tower,12,16,1,1,30,0,58,34,1,93,12,74,35,2,123,0,0,0,123
10/12/2006,GSN,MP,AWP,WE,Federal Contract Tower,8,16,0,2,26,0,42,43,0,85,8,58,43,2,111,0,0,0,111
10/13/2006,GSN,MP,AWP,WE,Federal Contract Tower,13,20,0,0,33,0,47,51,0,98,13,67,51,0,131,0,0,0,131
10/14/2006,GSN,MP,AWP,WE,Federal Contract Tower,17,16,1,0,34,0,58,31,2,91,17,74,32,2,125,0,0,0,125
10/15/2006,GSN,MP,AWP,WE,Federal Contract Tower,10,17,1,0,28,0,41,24,0,65,10,58,25,0,93,2,0,2,95
10/16/2006,GSN,MP,AWP,WE,Federal Contract Tower,11,19,0,0,30,0,61,60,0,121,11,80,60,0,151,0,0,0,151
10/17/2006,GSN,MP,AWP,WE,Federal Contract Tower,16,15,1,0,32,0,49,53,0,102,16,64,54,0,134,0,0,0,134
10/18/2006,GSN,MP,AWP,WE,Federal Contract Tower,11,18,0,0,29,0,55,41,0,96,11,73,41,0,125,0,0,0,125
10/19/2006,GSN,MP,AWP,WE,Federal Contract Tower,10,15,1,0,26,0,47,15,0,62,10,62,16,0,88,0,0,0,88
10/20/2006,GSN,MP,AWP,WE,Federal Contract Tower,12,18,1,0,31,0,59,12,0,71,12,77,13,0,102,0,0,0,102
10/21/2006,GSN,MP,AWP,WE,Federal Contract Tower,17,14,2,0,33,0,50,24,0,74,17,64,26,0,107,0,0,0,107
10/22/2006,GSN,MP,AWP,WE,Federal Contract Tower,7,16,0,0,23,0,62,23,0,85,7,78,23,0,108,0,0,0,108
10/23/2006,GSN,MP,AWP,WE,Federal Contract Tower,10,16,0,1,27,0,45,30,1,76,10,61,30,2,103,0,0,0,103
10/24/2006,GSN,MP,AWP,WE,Federal Contract Tower,16,16,0,0,32,0,38,32,0,70,16,54,32,0,102,0,0,0,102
10/25/2006,GSN,MP,AWP,WE,Federal Contract Tower,10,16,0,4,30,0,50,23,2,75,10,66,23,6,105,0,0,0,105
10/26/2006,GSN,MP,AWP,WE,Federal Contract Tower,8,16,0,8,32,0,52,18,0,70,8,68,18,8,102,0,0,0,102
10/27/2006,GSN,MP,AWP,WE,Federal Contract Tower,10,18,0,4,32,0,54,19,0,73,10,72,19,4,105,0,0,0,105
10/28/2006,GSN,MP,AWP,WE,Federal Contract Tower,16,15,0,0,31,0,53,38,0,91,16,68,38,0,122,0,0,0,122
10/29/2006,GSN,MP,AWP,WE,Federal Contract Tower,7,15,0,0,22,0,33,30,0,63,7,48,30,0,85,0,0,0,85
10/30/2006,GSN,MP,AWP,WE,Federal Contract Tower,11,16,1,0,28,0,34,36,0,70,11,50,37,0,98,0,0,0,98
10/31/2006,GSN,MP,AWP,WE,Federal Contract Tower,9,15,1,0,25,1,49,20,0,70,10,64,21,0,95,0,0,0,95
11/01/2006,GSN,MP,AWP,WE,Federal Contract Tower,10,15,2,0,27,0,53,21,0,74,10,68,23,0,101,0,0,0,101
11/02/2006,GSN,MP,AWP,WE,Federal Contract Tower,8,14,1,0,23,0,48,31,0,79,8,62,32,0,102,0,0,0,102
11/03/2006,GSN,MP,AWP,WE,Federal Contract Tower,6,15,1,0,22,0,49,34,0,83,6,64,35,0,105,0,0,0,105
11/04/2006,GSN,MP,AWP,WE,Federal Contract Tower,12,15,0,0,27,0,52,42,0,94,12,67,42,0,121,0,0,0,121
11/05/2006,GSN,MP,AWP,WE,Federal Contract Tower,6,16,0,0,22,0,42,21,0,63,6,58,21,0,85,0,0,0,85
11/06/2006,GSN,MP,AWP,WE,Federal Contract Tower,8,15,2,0,25,0,47,27,0,74,8,62,29,0,99,0,0,0,99
11/07/2006,GSN,MP,AWP,WE,Federal Contract Tower,12,17,0,0,29,0,30,5,0,35,12,47,5,0,64,0,0,0,64
11/08/2006,GSN,MP,AWP,WE,Federal Contract Tower,8,18,0,0,26,0,46,19,0,65,8,64,19,0,91,0,0,0,91
11/09/2006,GSN,MP,AWP,WE,Federal Contract Tower,6,16,0,6,28,0,44,15,0,59,6,60,15,6,87,0,0,0,87
11/10/2006,GSN,MP,AWP,WE,Federal Contract Tower,9,18,0,0,27,0,54,22,0,76,9,72,22,0,103,0,0,0,103
11/11/2006,GSN,MP,AWP,WE,Federal Contract Tower,13,14,0,0,27,0,52,34,0,86,13,66,34,0,113,0,0,0,113
11/12/2006,GSN,MP,AWP,WE,Federal Contract Tower,16,17,1,0,34,0,38,26,0,64,16,55,27,0,98,0,0,0,98
11/13/2006,GSN,MP,AWP,WE,Federal Contract Tower,8,15,1,0,24,0,43,31,0,74,8,58,32,0,98,0,0,0,98
11/14/2006,GSN,MP,AWP,WE,Federal Contract Tower,10,13,0,0,23,0,47,24,0,71,10,60,24,0,94,0,0,0,94
11/15/2006,GSN,MP,AWP,WE,Federal Contract Tower,8,18,0,0,26,0,56,22,0,78,8,74,22,0,104,0,0,0,104
11/16/2006,GSN,MP,AWP,WE,Federal Contract Tower,8,16,0,0,24,0,48,22,0,70,8,64,22,0,94,0,0,0,94
11/17/2006,GSN,MP,AWP,WE,Federal Contract Tower,7,17,3,0,27,0,52,23,4,79,7,69,26,4,106,0,0,0,106
11/18/2006,GSN,MP,AWP,WE,Federal Contract Tower,14,15,1,0,30,0,55,34,0,89,14,70,35,0,119,0,0,0,119
11/19/2006,GSN,MP,AWP,WE,Federal Contract Tower,7,17,2,0,26,0,39,27,0,66,7,56,29,0,92,8,0,8,100
11/20/2006,GSN,MP,AWP,WE,Federal Contract Tower,8,16,0,0,24,0,42,29,0,71,8,58,29,0,95,0,0,0,95
11/21/2006,GSN,MP,AWP,WE,Federal Contract Tower,10,16,0,0,26,0,38,23,8,69,10,54,23,8,95,0,0,0,95
11/22/2006,GSN,MP,AWP,WE,Federal Contract Tower,8,17,0,0,25,0,54,10,0,64,8,71,10,0,89,0,0,0,89
11/23/2006,GSN,MP,AWP,WE,Federal Contract Tower,7,16,0,0,23,0,40,21,0,61,7,56,21,0,84,0,0,0,84
11/24/2006,GSN,MP,AWP,WE,Federal Contract Tower,7,17,0,0,24,0,50,25,0,75,7,67,25,0,99,0,0,0,99
11/25/2006,GSN,MP,AWP,WE,Federal Contract Tower,14,15,0,0,29,0,49,28,0,77,14,64,28,0,106,0,0,0,106
11/26/2006,GSN,MP,AWP,WE,Federal Contract Tower,6,15,0,0,21,0,50,11,0,61,6,65,11,0,82,0,0,0,82
11/27/2006,GSN,MP,AWP,WE,Federal Contract Tower,10,18,0,0,28,0,32,23,0,55,10,50,23,0,83,18,0,18,101
11/28/2006,GSN,MP,AWP,WE,Federal Contract Tower,10,13,0,0,23,0,49,24,0,73,10,62,24,0,96,0,0,0,96
11/29/2006,GSN,MP,AWP,WE,Federal Contract Tower,8,17,0,0,25,0,51,19,0,70,8,68,19,0,95,0,0,0,95
11/30/2006,GSN,MP,AWP,WE,Federal Contract Tower,6,16,0,0,22,0,46,18,0,64,6,62,18,0,86,0,0,0,86
12/01/2006,GSN,MP,AWP,WE,Federal Contract Tower,6,19,0,0,25,0,59,14,0,73,6,78,14,0,98,0,0,0,98
12/02/2006,GSN,MP,AWP,WE,Federal Contract Tower,12,15,0,0,27,0,46,32,0,78,12,61,32,0,105,0,0,0,105
12/03/2006,GSN,MP,AWP,WE,Federal Contract Tower,7,14,2,0,23,0,40,21,0,61,7,54,23,0,84,0,0,0,84
12/04/2006,GSN,MP,AWP,WE,Federal Contract Tower,10,16,0,0,26,0,29,28,0,57,10,45,28,0,83,2,0,2,85
12/05/2006,GSN,MP,AWP,WE,Federal Contract Tower,10,14,2,0,26,0,28,0,0,28,10,42,2,0,54,0,0,0,54
12/06/2006,GSN,MP,AWP,WE,Federal Contract Tower,8,17,1,0,26,0,37,26,0,63,8,54,27,0,89,0,0,0,89
12/07/2006,GSN,MP,AWP,WE,Federal Contract Tower,6,15,1,0,22,0,59,22,2,83,6,74,23,2,105,6,0,6,111
12/08/2006,GSN,MP,AWP,WE,Federal Contract Tower,6,18,0,2,26,0,41,43,2,86,6,59,43,4,112,2,0,2,114
12/09/2006,GSN,MP,AWP,WE,Federal Contract Tower,12,15,0,0,27,0,44,46,0,90,12,59,46,0,117,0,0,0,117
12/10/2006,GSN,MP,AWP,WE,Federal Contract Tower,7,15,0,0,22,0,48,28,0,76,7,63,28,0,98,0,0,0,98
12/11/2006,GSN,MP,AWP,WE,Federal Contract Tower,7,18,0,1,26,0,44,50,1,95,7,62,50,2,121,0,0,0,121
12/12/2006,GSN,MP,AWP,WE,Federal Contract Tower,14,14,0,2,30,0,44,24,2,70,14,58,24,4,100,0,0,0,100
12/13/2006,GSN,MP,AWP,WE,Federal Contract Tower,8,16,0,0,24,0,36,28,1,65,8,52,28,1,89,0,0,0,89
12/14/2006,GSN,MP,AWP,WE,Federal Contract Tower,7,16,0,1,24,0,36,29,3,68,7,52,29,4,92,0,0,0,92
12/15/2006,GSN,MP,AWP,WE,Federal Contract Tower,9,19,0,0,28,0,59,20,1,80,9,78,20,1,108,0,0,0,108
12/16/2006,GSN,MP,AWP,WE,Federal Contract Tower,17,13,0,0,30,0,46,22,0,68,17,59,22,0,98,0,0,0,98
12/17/2006,GSN,MP,AWP,WE,Federal Contract Tower,8,15,0,0,23,0,35,23,0,58,8,50,23,0,81,0,0,0,81
12/18/2006,GSN,MP,AWP,WE,Federal Contract Tower,13,16,0,0,29,0,43,9,0,52,13,59,9,0,81,0,0,0,81
12/19/2006,GSN,MP,AWP,WE,Federal Contract Tower,11,16,0,0,27,0,43,18,0,61,11,59,18,0,88,0,0,0,88
12/20/2006,GSN,MP,AWP,WE,Federal Contract Tower,8,16,0,0,24,0,42,24,0,66,8,58,24,0,90,0,0,0,90
12/21/2006,GSN,MP,AWP,WE,Federal Contract Tower,7,14,0,0,21,0,47,13,0,60,7,61,13,0,81,0,0,0,81
12/22/2006,GSN,MP,AWP,WE,Federal Contract Tower,14,18,0,0,32,0,66,7,0,73,14,84,7,0,105,0,0,0,105
12/23/2006,GSN,MP,AWP,WE,Federal Contract Tower,15,15,0,0,30,0,53,19,0,72,15,68,19,0,102,0,0,0,102
12/24/2006,GSN,MP,AWP,WE,Federal Contract Tower,8,16,0,0,24,0,46,32,0,78,8,62,32,0,102,0,0,0,102
12/25/2006,GSN,MP,AWP,WE,Federal Contract Tower,11,15,0,0,26,0,41,16,0,57,11,56,16,0,83,2,0,2,85
12/26/2006,GSN,MP,AWP,WE,Federal Contract Tower,11,14,0,0,25,0,46,40,0,86,11,60,40,0,111,0,0,0,111
12/27/2006,GSN,MP,AWP,WE,Federal Contract Tower,10,17,0,0,27,0,45,23,0,68,10,62,23,0,95,0,0,0,95
12/28/2006,GSN,MP,AWP,WE,Federal Contract Tower,8,15,0,0,23,0,55,21,0,76,8,70,21,0,99,0,0,0,99
12/29/2006,GSN,MP,AWP,WE,Federal Contract Tower,14,18,0,0,32,0,66,29,0,95,14,84,29,0,127,0,0,0,127
12/30/2006,GSN,MP,AWP,WE,Federal Contract Tower,24,15,0,0,39,0,61,40,0,101,24,76,40,0,140,0,0,0,140
12/31/2006,GSN,MP,AWP,WE,Federal Contract Tower,12,16,0,0,28,0,56,42,0,98,12,72,42,0,126,0,0,0,126
01/01/2007,GSN,MP,AWP,WE,Federal Contract Tower,14,18,0,0,32,0,47,42,0,89,14,65,42,0,121,0,0,0,121
01/02/2007,GSN,MP,AWP,WE,Federal Contract Tower,20,18,0,0,38,0,57,25,0,82,20,75,25,0,120,0,0,0,120
01/03/2007,GSN,MP,AWP,WE,Federal Contract Tower,20,15,0,0,35,0,55,37,0,92,20,70,37,0,127,0,0,0,127
01/04/2007,GSN,MP,AWP,WE,Federal Contract Tower,12,14,0,0,26,0,70,35,0,105,12,84,35,0,131,0,0,0,131
01/05/2007,GSN,MP,AWP,WE,Federal Contract Tower,13,18,1,0,32,0,78,51,0,129,13,96,52,0,161,0,0,0,161
01/06/2007,GSN,MP,AWP,WE,Federal Contract Tower,17,16,1,0,34,0,75,45,0,120,17,91,46,0,154,0,0,0,154
01/07/2007,GSN,MP,AWP,WE,Federal Contract Tower,10,16,0,0,26,0,40,53,2,95,10,56,53,2,121,0,0,0,121
01/08/2007,GSN,MP,AWP,WE,Federal Contract Tower,10,16,0,0,26,0,41,21,0,62,10,57,21,0,88,0,0,0,88
01/09/2007,GSN,MP,AWP,WE,Federal Contract Tower,10,16,0,0,26,0,46,34,0,80,10,62,34,0,106,0,0,0,106
01/10/2007,GSN,MP,AWP,WE,Federal Contract Tower,10,17,0,0,27,0,41,29,0,70,10,58,29,0,97,0,0,0,97
01/11/2007,GSN,MP,AWP,WE,Federal Contract Tower,8,14,0,0,22,0,36,17,0,53,8,50,17,0,75,0,0,0,75
01/12/2007,GSN,MP,AWP,WE,Federal Contract Tower,10,17,0,0,27,0,72,25,0,97,10,89,25,0,124,0,0,0,124
01/13/2007,GSN,MP,AWP,WE,Federal Contract Tower,16,12,0,0,28,0,34,26,0,60,16,46,26,0,88,0,0,0,88
01/14/2007,GSN,MP,AWP,WE,Federal Contract Tower,12,16,0,0,28,0,34,28,0,62,12,50,28,0,90,0,0,0,90
01/15/2007,GSN,MP,AWP,WE,Federal Contract Tower,10,16,0,0,26,0,40,15,0,55,10,56,15,0,81,0,0,0,81
01/16/2007,GSN,MP,AWP,WE,Federal Contract Tower,10,15,0,0,25,0,51,19,0,70,10,66,19,0,95,4,0,4,99
01/17/2007,GSN,MP,AWP,WE,Federal Contract Tower,12,17,0,1,30,0,47,13,0,60,12,64,13,1,90,0,0,0,90
01/18/2007,GSN,MP,AWP,WE,Federal Contract Tower,8,14,0,5,27,0,48,19,3,70,8,62,19,8,97,0,0,0,97
01/19/2007,GSN,MP,AWP,WE,Federal Contract Tower,10,17,0,1,28,0,65,22,0,87,10,82,22,1,115,0,0,0,115
01/20/2007,GSN,MP,AWP,WE,Federal Contract Tower,14,15,0,0,29,0,65,38,2,105,14,80,38,2,134,0,0,0,134
01/21/2007,GSN,MP,AWP,WE,Federal Contract Tower,10,15,1,0,26,0,51,49,0,100,10,66,50,0,126,0,0,0,126
01/22/2007,GSN,MP,AWP,WE,Federal Contract Tower,8,20,1,0,29,0,46,22,0,68,8,66,23,0,97,0,0,0,97
01/23/2007,GSN,MP,AWP,WE,Federal Contract Tower,10,14,0,0,24,0,50,21,0,71,10,64,21,0,95,0,0,0,95
01/24/2007,GSN,MP,AWP,WE,Federal Contract Tower,11,17,0,4,32,0,45,34,0,79,11,62,34,4,111,0,0,0,111
01/25/2007,GSN,MP,AWP,WE,Federal Contract Tower,9,16,0,2,27,0,23,33,2,58,9,39,33,4,85,0,0,0,85
01/26/2007,GSN,MP,AWP,WE,Federal Contract Tower,13,18,0,0,31,0,22,30,0,52,13,40,30,0,83,0,0,0,83
01/27/2007,GSN,MP,AWP,WE,Federal Contract Tower,15,16,0,0,31,0,45,65,0,110,15,61,65,0,141,0,0,0,141
01/28/2007,GSN,MP,AWP,WE,Federal Contract Tower,13,16,0,0,29,0,55,55,0,110,13,71,55,0,139,0,0,0,139
01/29/2007,GSN,MP,AWP,WE,Federal Contract Tower,8,18,0,0,26,0,36,66,0,102,8,54,66,0,128,2,0,2,130
01/30/2007,GSN,MP,AWP,WE,Federal Contract Tower,10,16,0,0,26,0,46,31,0,77,10,62,31,0,103,0,0,0,103
01/31/2007,GSN,MP,AWP,WE,Federal Contract Tower,11,16,0,0,27,0,48,46,0,94,11,64,46,0,121,0,0,0,121
02/01/2007,GSN,MP,AWP,WE,Federal Contract Tower,8,15,0,0,23,0,52,32,0,84,8,67,32,0,107,0,0,0,107
02/02/2007,GSN,MP,AWP,WE,Federal Contract Tower,10,17,0,0,27,0,63,40,0,103,10,80,40,0,130,0,0,0,130
02/03/2007,GSN,MP,AWP,WE,Federal Contract Tower,14,15,1,0,30,0,38,52,0,90,14,53,53,0,120,0,0,0,120
02/04/2007,GSN,MP,AWP,WE,Federal Contract Tower,12,12,1,0,25,0,51,30,2,83,12,63,31,2,108,0,0,0,108
02/05/2007,GSN,MP,AWP,WE,Federal Contract Tower,10,13,1,0,24,0,36,36,1,73,10,49,37,1,97,0,0,0,97
02/06/2007,GSN,MP,AWP,WE,Federal Contract Tower,10,15,1,2,28,0,41,22,2,65,10,56,23,4,93,0,0,0,93
02/07/2007,GSN,MP,AWP,WE,Federal Contract Tower,12,16,0,0,28,0,46,24,0,70,12,62,24,0,98,0,0,0,98
02/08/2007,GSN,MP,AWP,WE,Federal Contract Tower,11,16,1,0,28,0,16,17,0,33,11,32,18,0,61,0,0,0,61
02/09/2007,GSN,MP,AWP,WE,Federal Contract Tower,12,17,0,0,29,0,57,35,0,92,12,74,35,0,121,0,0,0,121
02/10/2007,GSN,MP,AWP,WE,Federal Contract Tower,17,16,2,0,35,0,46,36,0,82,17,62,38,0,117,0,0,0,117
02/11/2007,GSN,MP,AWP,WE,Federal Contract Tower,14,14,0,0,28,0,52,30,0,82,14,66,30,0,110,0,0,0,110
02/12/2007,GSN,MP,AWP,WE,Federal Contract Tower,8,18,0,0,26,0,46,24,0,70,8,64,24,0,96,0,0,0,96
02/13/2007,GSN,MP,AWP,WE,Federal Contract Tower,10,15,0,0,25,0,60,29,0,89,10,75,29,0,114,0,0,0,114
02/14/2007,GSN,MP,AWP,WE,Federal Contract Tower,10,16,0,1,27,0,41,25,1,67,10,57,25,2,94,0,0,0,94
02/15/2007,GSN,MP,AWP,WE,Federal Contract Tower,11,14,0,0,25,0,50,14,0,64,11,64,14,0,89,0,0,0,89
02/16/2007,GSN,MP,AWP,WE,Federal Contract Tower,11,16,0,0,27,0,62,23,0,85,11,78,23,0,112,0,0,0,112
02/17/2007,GSN,MP,AWP,WE,Federal Contract Tower,14,16,1,0,31,0,50,18,0,68,14,66,19,0,99,0,0,0,99
02/18/2007,GSN,MP,AWP,WE,Federal Contract Tower,16,16,1,0,33,0,50,32,1,83,16,66,33,1,116,0,0,0,116
02/19/2007,GSN,MP,AWP,WE,Federal Contract Tower,12,18,0,0,30,0,55,48,0,103,12,73,48,0,133,0,0,0,133
02/20/2007,GSN,MP,AWP,WE,Federal Contract Tower,10,16,0,0,26,0,68,34,0,102,10,84,34,0,128,0,0,0,128
02/21/2007,GSN,MP,AWP,WE,Federal Contract Tower,14,17,1,0,32,0,58,62,4,124,14,75,63,4,156,0,0,0,156
02/22/2007,GSN,MP,AWP,WE,Federal Contract Tower,10,14,1,0,25,0,56,40,0,96,10,70,41,0,121,0,0,0,121
02/23/2007,GSN,MP,AWP,WE,Federal Contract Tower,12,17,0,2,31,0,54,46,4,104,12,71,46,6,135,0,0,0,135
02/24/2007,GSN,MP,AWP,WE,Federal Contract Tower,16,14,0,0,30,0,72,44,0,116,16,86,44,0,146,0,0,0,146
02/25/2007,GSN,MP,AWP,WE,Federal Contract Tower,13,15,2,0,30,0,58,58,0,116,13,73,60,0,146,0,0,0,146
02/26/2007,GSN,MP,AWP,WE,Federal Contract Tower,9,16,0,0,25,0,42,24,2,68,9,58,24,2,93,0,0,0,93
02/27/2007,GSN,MP,AWP,WE,Federal Contract Tower,12,15,1,0,28,0,21,15,0,36,12,36,16,0,64,0,0,0,64
02/28/2007,GSN,MP,AWP,WE,Federal Contract Tower,11,15,0,0,26,0,52,24,0,76,11,67,24,0,102,0,0,0,102
03/01/2007,GSN,MP,AWP,WE,Federal Contract Tower,8,14,0,0,22,0,55,10,0,65,8,69,10,0,87,0,0,0,87
03/02/2007,GSN,MP,AWP,WE,Federal Contract Tower,11,17,0,0,28,0,61,24,0,85,11,78,24,0,113,0,0,0,113
03/03/2007,GSN,MP,AWP,WE,Federal Contract Tower,14,15,0,0,29,1,52,22,0,75,15,67,22,0,104,6,0,6,110
03/04/2007,GSN,MP,AWP,WE,Federal Contract Tower,13,19,0,0,32,0,4,10,0,14,13,23,10,0,46,0,0,0,46
03/05/2007,GSN,MP,AWP,WE,Federal Contract Tower,8,21,0,0,29,0,20,6,2,28,8,41,6,2,57,0,0,0,57
03/06/2007,GSN,MP,AWP,WE,Federal Contract Tower,8,16,0,0,24,0,34,8,0,42,8,50,8,0,66,0,0,0,66
03/07/2007,GSN,MP,AWP,WE,Federal Contract Tower,8,18,0,0,26,0,23,12,0,35,8,41,12,0,61,0,0,0,61
03/08/2007,GSN,MP,AWP,WE,Federal Contract Tower,8,16,0,0,24,0,26,6,0,32,8,42,6,0,56,0,0,0,56
03/09/2007,GSN,MP,AWP,WE,Federal Contract Tower,8,17,0,4,29,0,52,39,0,91,8,69,39,4,120,0,0,0,120
03/10/2007,GSN,MP,AWP,WE,Federal Contract Tower,12,16,1,0,29,0,42,60,0,102,12,58,61,0,131,0,0,0,131
03/11/2007,GSN,MP,AWP,WE,Federal Contract Tower,10,16,3,0,29,0,46,27,0,73,10,62,30,0,102,0,0,0,102
03/12/2007,GSN,MP,AWP,WE,Federal Contract Tower,8,14,1,0,23,1,48,63,2,114,9,62,64,2,137,0,8,8,145
03/13/2007,GSN,MP,AWP,WE,Federal Contract Tower,9,15,0,7,31,0,52,45,1,98,9,67,45,8,129,0,15,15,144
03/14/2007,GSN,MP,AWP,WE,Federal Contract Tower,10,14,2,2,28,0,40,24,4,68,10,54,26,6,96,0,8,8,104
03/15/2007,GSN,MP,AWP,WE,Federal Contract Tower,8,14,0,1,23,0,42,20,3,65,8,56,20,4,88,0,8,8,96
03/16/2007,GSN,MP,AWP,WE,Federal Contract Tower,8,17,0,0,25,0,59,25,7,91,8,76,25,7,116,0,10,10,126
03/17/2007,GSN,MP,AWP,WE,Federal Contract Tower,12,16,0,0,28,0,64,22,0,86,12,80,22,0,114,0,0,0,114
03/18/2007,GSN,MP,AWP,WE,Federal Contract Tower,10,15,4,0,29,0,27,52,0,79,10,42,56,0,108,0,0,0,108
03/19/2007,GSN,MP,AWP,WE,Federal Contract Tower,9,17,0,0,26,0,45,31,4,80,9,62,31,4,106,0,0,0,106
03/20/2007,GSN,MP,AWP,WE,Federal Contract Tower,9,15,0,2,26,0,55,31,17,103,9,70,31,19,129,0,0,0,129
03/21/2007,GSN,MP,AWP,WE,Federal Contract Tower,7,17,0,0,24,0,40,11,0,51,7,57,11,0,75,0,0,0,75
03/22/2007,GSN,MP,AWP,WE,Federal Contract Tower,9,14,0,0,23,0,40,29,0,69,9,54,29,0,92,0,0,0,92
03/23/2007,GSN,MP,AWP,WE,Federal Contract Tower,8,16,0,0,24,0,70,37,8,115,8,86,37,8,139,0,0,0,139
03/24/2007,GSN,MP,AWP,WE,Federal Contract Tower,12,15,2,0,29,0,54,29,13,96,12,69,31,13,125,0,0,0,125
03/25/2007,GSN,MP,AWP,WE,Federal Contract Tower,8,14,0,0,22,0,37,18,0,55,8,51,18,0,77,0,0,0,77
03/26/2007,GSN,MP,AWP,WE,Federal Contract Tower,6,15,0,0,21,0,41,25,0,66,6,56,25,0,87,0,0,0,87
03/27/2007,GSN,MP,AWP,WE,Federal Contract Tower,10,15,0,0,25,0,51,14,0,65,10,66,14,0,90,0,0,0,90
03/28/2007,GSN,MP,AWP,WE,Federal Contract Tower,8,18,2,2,30,0,54,14,0,68,8,72,16,2,98,0,0,0,98
03/29/2007,GSN,MP,AWP,WE,Federal Contract Tower,9,15,1,0,25,0,51,19,0,70,9,66,20,0,95,0,0,0,95
03/30/2007,GSN,MP,AWP,WE,Federal Contract Tower,10,15,0,0,25,0,49,25,0,74,10,64,25,0,99,2,0,2,101
03/31/2007,GSN,MP,AWP,WE,Federal Contract Tower,10,15,0,0,25,0,50,16,0,66,10,65,16,0,91,0,0,0,91
04/01/2007,GSN,MP,AWP,WE,Federal Contract Tower,11,16,0,0,27,0,38,22,0,60,11,54,22,0,87,0,0,0,87
04/02/2007,GSN,MP,AWP,WE,Federal Contract Tower,9,18,0,0,27,0,24,15,0,39,9,42,15,0,66,0,0,0,66
04/03/2007,GSN,MP,AWP,WE,Federal Contract Tower,4,8,0,0,12,0,0,1,0,1,4,8,1,0,13,0,0,0,13
04/04/2007,GSN,MP,AWP,WE,Federal Contract Tower,12,17,0,0,29,0,42,16,0,58,12,59,16,0,87,0,0,0,87
04/05/2007,GSN,MP,AWP,WE,Federal Contract Tower,8,14,0,0,22,0,48,10,0,58,8,62,10,0,80,12,0,12,92
04/06/2007,GSN,MP,AWP,WE,Federal Contract Tower,6,16,0,0,22,0,30,19,0,49,6,46,19,0,71,0,0,0,71
04/07/2007,GSN,MP,AWP,WE,Federal Contract Tower,10,15,0,0,25,0,24,32,0,56,10,39,32,0,81,0,0,0,81
04/08/2007,GSN,MP,AWP,WE,Federal Contract Tower,11,15,1,0,27,0,35,24,0,59,11,50,25,0,86,8,0,8,94
04/09/2007,GSN,MP,AWP,WE,Federal Contract Tower,7,17,1,0,25,0,35,14,0,49,7,52,15,0,74,8,0,8,82
04/10/2007,GSN,MP,AWP,WE,Federal Contract Tower,8,16,0,0,24,0,46,22,0,68,8,62,22,0,92,14,0,14,106
04/11/2007,GSN,MP,AWP,WE,Federal Contract Tower,12,17,0,2,31,0,51,27,0,78,12,68,27,2,109,6,0,6,115
04/12/2007,GSN,MP,AWP,WE,Federal Contract Tower,9,15,0,0,24,0,37,30,0,67,9,52,30,0,91,14,0,14,105
04/13/2007,GSN,MP,AWP,WE,Federal Contract Tower,7,17,0,2,26,0,53,27,0,80,7,70,27,2,106,0,0,0,106
04/14/2007,GSN,MP,AWP,WE,Federal Contract Tower,10,16,0,0,26,0,44,35,0,79,10,60,35,0,105,0,0,0,105
04/15/2007,GSN,MP,AWP,WE,Federal Contract Tower,8,16,0,0,24,0,58,22,0,80,8,74,22,0,104,0,0,0,104
04/16/2007,GSN,MP,AWP,WE,Federal Contract Tower,8,18,2,0,28,0,36,36,0,72,8,54,38,0,100,0,0,0,100
04/17/2007,GSN,MP,AWP,WE,Federal Contract Tower,8,13,0,0,21,0,47,19,0,66,8,60,19,0,87,0,0,0,87
04/18/2007,GSN,MP,AWP,WE,Federal Contract Tower,8,18,0,0,26,0,34,25,3,62,8,52,25,3,88,0,0,0,88
04/19/2007,GSN,MP,AWP,WE,Federal Contract Tower,9,14,1,0,24,0,23,22,0,45,9,37,23,0,69,0,0,0,69
04/20/2007,GSN,MP,AWP,WE,Federal Contract Tower,10,15,0,0,25,0,43,19,0,62,10,58,19,0,87,0,0,0,87
04/21/2007,GSN,MP,AWP,WE,Federal Contract Tower,10,12,0,0,22,0,46,28,0,74,10,58,28,0,96,0,0,0,96
04/22/2007,GSN,MP,AWP,WE,Federal Contract Tower,10,12,0,0,22,0,38,25,0,63,10,50,25,0,85,0,0,0,85
04/23/2007,GSN,MP,AWP,WE,Federal Contract Tower,8,15,0,0,23,0,37,34,0,71,8,52,34,0,94,0,0,0,94
04/24/2007,GSN,MP,AWP,WE,Federal Contract Tower,8,15,0,0,23,0,43,20,0,63,8,58,20,0,86,0,0,0,86
04/25/2007,GSN,MP,AWP,WE,Federal Contract Tower,8,17,0,0,25,0,40,17,0,57,8,57,17,0,82,0,0,0,82
04/26/2007,GSN,MP,AWP,WE,Federal Contract Tower,8,16,0,0,24,0,45,34,0,79,8,61,34,0,103,2,0,2,105
04/27/2007,GSN,MP,AWP,WE,Federal Contract Tower,6,20,0,0,26,0,36,22,0,58,6,56,22,0,84,0,0,0,84
04/28/2007,GSN,MP,AWP,WE,Federal Contract Tower,16,16,1,0,33,0,62,44,0,106,16,78,45,0,139,0,0,0,139
04/29/2007,GSN,MP,AWP,WE,Federal Contract Tower,12,16,1,0,29,0,34,52,0,86,12,50,53,0,115,0,0,0,115
04/30/2007,GSN,MP,AWP,WE,Federal Contract Tower,12,19,0,0,31,0,41,31,0,72,12,60,31,0,103,0,0,0,103
05/01/2007,GSN,MP,AWP,WE,Federal Contract Tower,16,15,1,0,32,0,57,36,0,93,16,72,37,0,125,0,0,0,125
05/02/2007,GSN,MP,AWP,WE,Federal Contract Tower,14,19,0,0,33,0,45,27,0,72,14,64,27,0,105,0,0,0,105
05/03/2007,GSN,MP,AWP,WE,Federal Contract Tower,15,16,1,0,32,0,66,25,0,91,15,82,26,0,123,0,0,0,123
05/04/2007,GSN,MP,AWP,WE,Federal Contract Tower,8,20,0,0,28,0,58,53,0,111,8,78,53,0,139,0,0,0,139
05/05/2007,GSN,MP,AWP,WE,Federal Contract Tower,24,16,1,0,41,0,47,52,0,99,24,63,53,0,140,0,0,0,140
05/06/2007,GSN,MP,AWP,WE,Federal Contract Tower,14,16,0,0,30,0,42,42,0,84,14,58,42,0,114,12,0,12,126
05/07/2007,GSN,MP,AWP,WE,Federal Contract Tower,7,18,0,0,25,1,32,47,0,80,8,50,47,0,105,26,0,26,131
05/08/2007,GSN,MP,AWP,WE,Federal Contract Tower,10,17,0,0,27,0,25,28,0,53,10,42,28,0,80,0,0,0,80
05/09/2007,GSN,MP,AWP,WE,Federal Contract Tower,8,17,0,0,25,0,35,24,0,59,8,52,24,0,84,0,0,0,84
05/10/2007,GSN,MP,AWP,WE,Federal Contract Tower,9,15,0,0,24,0,21,47,0,68,9,36,47,0,92,0,0,0,92
05/11/2007,GSN,MP,AWP,WE,Federal Contract Tower,6,17,0,0,23,0,36,15,0,51,6,53,15,0,74,0,0,0,74
05/12/2007,GSN,MP,AWP,WE,Federal Contract Tower,10,16,1,0,27,0,33,30,0,63,10,49,31,0,90,0,0,0,90
05/13/2007,GSN,MP,AWP,WE,Federal Contract Tower,8,16,0,0,24,0,13,14,0,27,8,29,14,0,51,0,0,0,51
05/14/2007,GSN,MP,AWP,WE,Federal Contract Tower,8,16,0,0,24,0,20,23,0,43,8,36,23,0,67,0,0,0,67
05/15/2007,GSN,MP,AWP,WE,Federal Contract Tower,8,15,0,0,23,0,25,17,0,42,8,40,17,0,65,0,0,0,65
05/16/2007,GSN,MP,AWP,WE,Federal Contract Tower,8,15,0,0,23,0,31,16,0,47,8,46,16,0,70,0,0,0,70
05/17/2007,GSN,MP,AWP,WE,Federal Contract Tower,9,17,0,0,26,0,39,17,0,56,9,56,17,0,82,0,0,0,82
05/18/2007,GSN,MP,AWP,WE,Federal Contract Tower,7,19,0,0,26,0,33,26,0,59,7,52,26,0,85,0,0,0,85
05/19/2007,GSN,MP,AWP,WE,Federal Contract Tower,11,18,0,0,29,0,28,24,0,52,11,46,24,0,81,0,0,0,81
05/20/2007,GSN,MP,AWP,WE,Federal Contract Tower,9,16,0,0,25,0,38,12,0,50,9,54,12,0,75,0,0,0,75
05/21/2007,GSN,MP,AWP,WE,Federal Contract Tower,6,17,0,0,23,0,29,23,0,52,6,46,23,0,75,0,0,0,75
05/22/2007,GSN,MP,AWP,WE,Federal Contract Tower,6,15,0,0,21,0,31,45,0,76,6,46,45,0,97,0,0,0,97
05/23/2007,GSN,MP,AWP,WE,Federal Contract Tower,8,17,0,0,25,0,33,25,0,58,8,50,25,0,83,0,0,0,83
05/24/2007,GSN,MP,AWP,WE,Federal Contract Tower,7,16,0,1,24,0,31,22,0,53,7,47,22,1,77,0,0,0,77
05/25/2007,GSN,MP,AWP,WE,Federal Contract Tower,7,16,0,0,23,0,40,21,0,61,7,56,21,0,84,0,0,0,84
05/26/2007,GSN,MP,AWP,WE,Federal Contract Tower,11,17,0,1,29,0,24,15,0,39,11,41,15,1,68,0,0,0,68
05/27/2007,GSN,MP,AWP,WE,Federal Contract Tower,13,16,1,0,30,0,28,26,0,54,13,44,27,0,84,0,0,0,84
05/28/2007,GSN,MP,AWP,WE,Federal Contract Tower,9,15,6,0,30,0,26,47,2,75,9,41,53,2,105,0,0,0,105
05/29/2007,GSN,MP,AWP,WE,Federal Contract Tower,11,14,1,0,26,1,26,46,0,73,12,40,47,0,99,6,0,6,105
05/30/2007,GSN,MP,AWP,WE,Federal Contract Tower,8,14,0,0,22,0,33,23,0,56,8,47,23,0,78,0,0,0,78
05/31/2007,GSN,MP,AWP,WE,Federal Contract Tower,8,14,0,0,22,0,34,26,0,60,8,48,26,0,82,0,0,0,82
06/01/2007,GSN,MP,AWP,WE,Federal Contract Tower,6,17,0,0,23,0,30,23,8,61,6,47,23,8,84,0,2,2,86
06/02/2007,GSN,MP,AWP,WE,Federal Contract Tower,13,16,0,0,29,0,28,40,4,72,13,44,40,4,101,0,0,0,101
06/03/2007,GSN,MP,AWP,WE,Federal Contract Tower,10,15,0,0,25,0,25,21,0,46,10,40,21,0,71,0,0,0,71
06/04/2007,GSN,MP,AWP,WE,Federal Contract Tower,11,16,0,7,34,0,28,21,3,52,11,44,21,10,86,0,0,0,86
06/05/2007,GSN,MP,AWP,WE,Federal Contract Tower,10,16,0,11,37,0,22,26,2,50,10,38,26,13,87,0,0,0,87
06/06/2007,GSN,MP,AWP,WE,Federal Contract Tower,8,15,1,0,24,0,37,33,2,72,8,52,34,2,96,0,0,0,96
06/07/2007,GSN,MP,AWP,WE,Federal Contract Tower,8,14,0,0,22,0,36,26,0,62,8,50,26,0,84,0,0,0,84
06/08/2007,GSN,MP,AWP,WE,Federal Contract Tower,8,18,0,0,26,0,40,60,0,100,8,58,60,0,126,0,0,0,126
06/09/2007,GSN,MP,AWP,WE,Federal Contract Tower,12,16,0,0,28,0,38,57,0,95,12,54,57,0,123,0,0,0,123
06/10/2007,GSN,MP,AWP,WE,Federal Contract Tower,10,16,0,0,26,0,29,45,0,74,10,45,45,0,100,0,0,0,100
06/11/2007,GSN,MP,AWP,WE,Federal Contract Tower,10,16,0,9,35,0,30,57,9,96,10,46,57,18,131,0,4,4,135
06/12/2007,GSN,MP,AWP,WE,Federal Contract Tower,10,15,0,4,29,0,31,45,4,80,10,46,45,8,109,0,0,0,109
06/13/2007,GSN,MP,AWP,WE,Federal Contract Tower,9,16,0,0,25,0,28,37,2,67,9,44,37,2,92,0,14,14,106
06/14/2007,GSN,MP,AWP,WE,Federal Contract Tower,12,14,0,0,26,0,28,19,0,47,12,42,19,0,73,0,0,0,73
06/15/2007,GSN,MP,AWP,WE,Federal Contract Tower,7,18,0,0,25,0,34,20,2,56,7,52,20,2,81,0,0,0,81
06/16/2007,GSN,MP,AWP,WE,Federal Contract Tower,12,15,0,0,27,0,32,28,2,62,12,47,28,2,89,0,0,0,89
06/17/2007,GSN,MP,AWP,WE,Federal Contract Tower,8,14,1,0,23,0,35,41,0,76,8,49,42,0,99,0,0,0,99
06/18/2007,GSN,MP,AWP,WE,Federal Contract Tower,9,16,1,0,26,0,30,27,0,57,9,46,28,0,83,0,0,0,83
06/19/2007,GSN,MP,AWP,WE,Federal Contract Tower,14,14,0,2,30,0,28,36,0,64,14,42,36,2,94,0,0,0,94
06/20/2007,GSN,MP,AWP,WE,Federal Contract Tower,7,18,0,0,25,0,30,22,2,54,7,48,22,2,79,0,0,0,79
06/21/2007,GSN,MP,AWP,WE,Federal Contract Tower,10,15,1,0,26,0,29,33,0,62,10,44,34,0,88,0,0,0,88
06/22/2007,GSN,MP,AWP,WE,Federal Contract Tower,8,16,0,0,24,0,36,16,2,54,8,52,16,2,78,0,0,0,78
06/23/2007,GSN,MP,AWP,WE,Federal Contract Tower,19,16,0,0,35,0,36,22,0,58,19,52,22,0,93,8,0,8,101
06/24/2007,GSN,MP,AWP,WE,Federal Contract Tower,8,16,0,0,24,0,31,26,0,57,8,47,26,0,81,0,0,0,81
06/25/2007,GSN,MP,AWP,WE,Federal Contract Tower,11,18,0,0,29,0,25,46,2,73,11,43,46,2,102,0,0,0,102
06/26/2007,GSN,MP,AWP,WE,Federal Contract Tower,13,13,0,0,26,0,27,23,0,50,13,40,23,0,76,0,0,0,76
06/27/2007,GSN,MP,AWP,WE,Federal Contract Tower,8,17,0,1,26,0,29,26,1,56,8,46,26,2,82,0,0,0,82
06/28/2007,GSN,MP,AWP,WE,Federal Contract Tower,8,18,0,0,26,0,34,29,2,65,8,52,29,2,91,0,0,0,91
06/29/2007,GSN,MP,AWP,WE,Federal Contract Tower,6,19,0,0,25,0,33,26,4,63,6,52,26,4,88,0,0,0,88
06/30/2007,GSN,MP,AWP,WE,Federal Contract Tower,15,16,0,0,31,0,28,36,0,64,15,44,36,0,95,0,0,0,95
07/01/2007,GSN,MP,AWP,WE,Federal Contract Tower,8,16,0,0,24,0,38,30,0,68,8,54,30,0,92,0,0,0,92
07/02/2007,GSN,MP,AWP,WE,Federal Contract Tower,15,17,0,0,32,0,28,26,0,54,15,45,26,0,86,0,0,0,86
07/03/2007,GSN,MP,AWP,WE,Federal Contract Tower,15,15,0,0,30,0,23,21,0,44,15,38,21,0,74,0,0,0,74
07/04/2007,GSN,MP,AWP,WE,Federal Contract Tower,9,16,0,0,25,0,30,24,1,55,9,46,24,1,80,0,0,0,80
07/05/2007,GSN,MP,AWP,WE,Federal Contract Tower,6,15,0,1,22,4,48,30,1,83,10,63,30,2,105,0,0,0,105
07/06/2007,GSN,MP,AWP,WE,Federal Contract Tower,6,15,0,1,22,0,47,42,3,92,6,62,42,4,114,0,0,0,114
07/07/2007,GSN,MP,AWP,WE,Federal Contract Tower,14,15,0,0,29,0,48,61,2,111,14,63,61,2,140,0,0,0,140
07/08/2007,GSN,MP,AWP,WE,Federal Contract Tower,8,16,2,0,26,0,48,34,0,82,8,64,36,0,108,0,0,0,108
07/09/2007,GSN,MP,AWP,WE,Federal Contract Tower,8,14,0,0,22,0,0,16,0,16,8,14,16,0,38,0,0,0,38
07/10/2007,GSN,MP,AWP,WE,Federal Contract Tower,12,11,0,0,23,0,0,12,0,12,12,11,12,0,35,0,0,0,35
07/11/2007,GSN,MP,AWP,WE,Federal Contract Tower,8,15,1,1,25,0,43,40,1,84,8,58,41,2,109,6,4,10,119
07/12/2007,GSN,MP,AWP,WE,Federal Contract Tower,10,14,0,0,24,0,36,35,0,71,10,50,35,0,95,0,0,0,95
07/13/2007,GSN,MP,AWP,WE,Federal Contract Tower,6,17,0,3,26,0,47,47,9,103,6,64,47,12,129,0,0,0,129
07/14/2007,GSN,MP,AWP,WE,Federal Contract Tower,14,15,2,0,31,0,30,43,0,73,14,45,45,0,104,0,0,0,104
07/15/2007,GSN,MP,AWP,WE,Federal Contract Tower,8,15,0,0,23,0,34,22,2,58,8,49,22,2,81,0,0,0,81
07/16/2007,GSN,MP,AWP,WE,Federal Contract Tower,12,18,0,1,31,5,36,44,1,86,17,54,44,2,117,0,0,0,117
07/17/2007,GSN,MP,AWP,WE,Federal Contract Tower,14,15,0,0,29,0,44,29,0,73,14,59,29,0,102,0,0,0,102
07/18/2007,GSN,MP,AWP,WE,Federal Contract Tower,11,15,0,1,27,0,43,27,1,71,11,58,27,2,98,0,0,0,98
07/19/2007,GSN,MP,AWP,WE,Federal Contract Tower,7,17,0,0,24,0,33,22,0,55,7,50,22,0,79,0,0,0,79
07/20/2007,GSN,MP,AWP,WE,Federal Contract Tower,8,17,0,0,25,0,53,37,4,94,8,70,37,4,119,0,0,0,119
07/21/2007,GSN,MP,AWP,WE,Federal Contract Tower,14,16,0,0,30,0,38,27,0,65,14,54,27,0,95,0,0,0,95
07/22/2007,GSN,MP,AWP,WE,Federal Contract Tower,8,16,0,0,24,0,33,34,0,67,8,49,34,0,91,2,0,2,93
07/23/2007,GSN,MP,AWP,WE,Federal Contract Tower,10,18,0,1,29,0,32,18,1,51,10,50,18,2,80,0,0,0,80
07/24/2007,GSN,MP,AWP,WE,Federal Contract Tower,11,14,0,0,25,0,32,22,2,56,11,46,22,2,81,0,4,4,85
07/25/2007,GSN,MP,AWP,WE,Federal Contract Tower,10,15,0,1,26,0,41,30,1,72,10,56,30,2,98,0,0,0,98
07/26/2007,GSN,MP,AWP,WE,Federal Contract Tower,8,14,0,1,23,0,34,22,1,57,8,48,22,2,80,0,0,0,80
07/27/2007,GSN,MP,AWP,WE,Federal Contract Tower,10,18,0,0,28,0,50,30,0,80,10,68,30,0,108,0,0,0,108
07/28/2007,GSN,MP,AWP,WE,Federal Contract Tower,15,16,2,0,33,0,40,39,0,79,15,56,41,0,112,0,0,0,112
07/29/2007,GSN,MP,AWP,WE,Federal Contract Tower,10,15,0,0,25,0,31,30,0,61,10,46,30,0,86,0,0,0,86
07/30/2007,GSN,MP,AWP,WE,Federal Contract Tower,11,13,0,0,24,0,32,39,0,71,11,45,39,0,95,0,0,0,95
07/31/2007,GSN,MP,AWP,WE,Federal Contract Tower,12,12,0,0,24,0,38,27,0,65,12,50,27,0,89,0,0,0,89
08/01/2007,GSN,MP,AWP,WE,Federal Contract Tower,8,14,0,2,24,0,46,23,0,69,8,60,23,2,93,2,2,4,97
08/02/2007,GSN,MP,AWP,WE,Federal Contract Tower,10,17,0,0,27,0,24,20,0,44,10,41,20,0,71,0,0,0,71
08/03/2007,GSN,MP,AWP,WE,Federal Contract Tower,13,16,0,1,30,0,60,22,7,89,13,76,22,8,119,0,4,4,123
08/04/2007,GSN,MP,AWP,WE,Federal Contract Tower,17,16,0,0,33,0,30,32,0,62,17,46,32,0,95,0,0,0,95
08/05/2007,GSN,MP,AWP,WE,Federal Contract Tower,10,15,1,0,26,0,31,34,4,69,10,46,35,4,95,0,0,0,95
08/06/2007,GSN,MP,AWP,WE,Federal Contract Tower,13,17,0,0,30,0,37,25,0,62,13,54,25,0,92,0,0,0,92
08/07/2007,GSN,MP,AWP,WE,Federal Contract Tower,13,15,1,0,29,1,38,26,0,65,14,53,27,0,94,0,0,0,94
08/08/2007,GSN,MP,AWP,WE,Federal Contract Tower,10,16,2,0,28,0,27,19,0,46,10,43,21,0,74,0,0,0,74
08/09/2007,GSN,MP,AWP,WE,Federal Contract Tower,10,16,0,1,27,0,40,26,1,67,10,56,26,2,94,0,0,0,94
08/10/2007,GSN,MP,AWP,WE,Federal Contract Tower,10,18,2,0,30,0,35,41,0,76,10,53,43,0,106,0,0,0,106
08/11/2007,GSN,MP,AWP,WE,Federal Contract Tower,18,14,0,0,32,0,36,44,4,84,18,50,44,4,116,0,0,0,116
08/12/2007,GSN,MP,AWP,WE,Federal Contract Tower,12,16,0,0,28,0,28,40,0,68,12,44,40,0,96,0,0,0,96
08/13/2007,GSN,MP,AWP,WE,Federal Contract Tower,15,13,2,0,30,0,33,37,0,70,15,46,39,0,100,0,0,0,100
08/14/2007,GSN,MP,AWP,WE,Federal Contract Tower,17,16,0,2,35,0,24,32,2,58,17,40,32,4,93,6,0,6,99
08/15/2007,GSN,MP,AWP,WE,Federal Contract Tower,12,15,1,1,29,0,37,20,0,57,12,52,21,1,86,0,0,0,86
08/16/2007,GSN,MP,AWP,WE,Federal Contract Tower,13,15,0,9,37,0,43,43,0,86,13,58,43,9,123,0,0,0,123
08/17/2007,GSN,MP,AWP,WE,Federal Contract Tower,13,17,0,1,31,0,33,24,1,58,13,50,24,2,89,0,0,0,89
08/18/2007,GSN,MP,AWP,WE,Federal Contract Tower,18,15,1,0,34,0,39,37,0,76,18,54,38,0,110,0,0,0,110
08/19/2007,GSN,MP,AWP,WE,Federal Contract Tower,12,14,1,0,27,0,28,47,4,79,12,42,48,4,106,0,0,0,106
08/20/2007,GSN,MP,AWP,WE,Federal Contract Tower,14,16,0,0,30,0,26,37,0,63,14,42,37,0,93,0,0,0,93
08/21/2007,GSN,MP,AWP,WE,Federal Contract Tower,14,15,0,0,29,0,21,32,0,53,14,36,32,0,82,0,0,0,82
08/22/2007,GSN,MP,AWP,WE,Federal Contract Tower,10,11,0,0,21,0,27,23,2,52,10,38,23,2,73,0,0,0,73
08/23/2007,GSN,MP,AWP,WE,Federal Contract Tower,10,15,0,3,28,0,39,23,3,65,10,54,23,6,93,0,0,0,93
08/24/2007,GSN,MP,AWP,WE,Federal Contract Tower,10,19,0,1,30,0,39,24,3,66,10,58,24,4,96,0,0,0,96
08/25/2007,GSN,MP,AWP,WE,Federal Contract Tower,15,16,0,5,36,1,46,37,1,85,16,62,37,6,121,0,4,4,125
08/26/2007,GSN,MP,AWP,WE,Federal Contract Tower,11,15,0,0,26,0,39,27,0,66,11,54,27,0,92,0,0,0,92
08/27/2007,GSN,MP,AWP,WE,Federal Contract Tower,12,12,0,0,24,0,50,12,2,64,12,62,12,2,88,0,2,2,90
08/28/2007,GSN,MP,AWP,WE,Federal Contract Tower,15,15,0,0,30,0,25,23,0,48,15,40,23,0,78,0,0,0,78
08/29/2007,GSN,MP,AWP,WE,Federal Contract Tower,12,14,0,0,26,0,23,20,0,43,12,37,20,0,69,0,0,0,69
08/30/2007,GSN,MP,AWP,WE,Federal Contract Tower,11,15,0,0,26,0,41,21,0,62,11,56,21,0,88,0,0,0,88
08/31/2007,GSN,MP,AWP,WE,Federal Contract Tower,9,16,0,0,25,0,47,18,0,65,9,63,18,0,90,0,0,0,90
09/01/2007,GSN,MP,AWP,WE,Federal Contract Tower,14,15,0,0,29,0,51,24,0,75,14,66,24,0,104,0,0,0,104
09/02/2007,GSN,MP,AWP,WE,Federal Contract Tower,11,13,0,0,24,0,32,29,0,61,11,45,29,0,85,0,0,0,85
09/03/2007,GSN,MP,AWP,WE,Federal Contract Tower,11,14,0,0,25,0,40,22,0,62,11,54,22,0,87,0,0,0,87
09/04/2007,GSN,MP,AWP,WE,Federal Contract Tower,10,16,0,0,26,0,22,21,0,43,10,38,21,0,69,0,0,0,69
09/05/2007,GSN,MP,AWP,WE,Federal Contract Tower,8,16,0,1,25,0,22,13,1,36,8,38,13,2,61,0,0,0,61
09/06/2007,GSN,MP,AWP,WE,Federal Contract Tower,8,15,0,0,23,0,40,24,0,64,8,55,24,0,87,0,0,0,87
09/07/2007,GSN,MP,AWP,WE,Federal Contract Tower,6,18,4,0,28,0,44,23,0,67,6,62,27,0,95,0,0,0,95
09/08/2007,GSN,MP,AWP,WE,Federal Contract Tower,12,16,0,0,28,0,34,41,0,75,12,50,41,0,103,0,0,0,103
09/09/2007,GSN,MP,AWP,WE,Federal Contract Tower,9,16,0,0,25,0,34,38,0,72,9,50,38,0,97,0,0,0,97
09/10/2007,GSN,MP,AWP,WE,Federal Contract Tower,9,16,0,0,25,0,38,30,0,68,9,54,30,0,93,0,0,0,93
09/11/2007,GSN,MP,AWP,WE,Federal Contract Tower,10,13,2,6,31,0,44,24,0,68,10,57,26,6,99,0,0,0,99
09/12/2007,GSN,MP,AWP,WE,Federal Contract Tower,8,14,0,1,23,0,26,15,5,46,8,40,15,6,69,0,0,0,69
09/13/2007,GSN,MP,AWP,WE,Federal Contract Tower,9,16,0,0,25,0,23,15,6,44,9,39,15,6,69,0,0,0,69
09/14/2007,GSN,MP,AWP,WE,Federal Contract Tower,7,17,0,2,26,0,50,16,9,75,7,67,16,11,101,0,0,0,101
09/15/2007,GSN,MP,AWP,WE,Federal Contract Tower,12,13,0,1,26,0,67,25,0,92,12,80,25,1,118,0,0,0,118
09/16/2007,GSN,MP,AWP,WE,Federal Contract Tower,8,15,0,0,23,0,27,14,1,42,8,42,14,1,65,0,0,0,65
09/17/2007,GSN,MP,AWP,WE,Federal Contract Tower,8,15,2,1,26,0,45,28,4,77,8,60,30,5,103,0,0,0,103
09/18/2007,GSN,MP,AWP,WE,Federal Contract Tower,10,13,0,0,23,0,43,32,2,77,10,56,32,2,100,0,0,0,100
09/19/2007,GSN,MP,AWP,WE,Federal Contract Tower,8,13,0,0,21,0,46,30,10,86,8,59,30,10,107,0,0,0,107
09/20/2007,GSN,MP,AWP,WE,Federal Contract Tower,8,18,0,0,26,0,45,21,0,66,8,63,21,0,92,0,0,0,92
09/21/2007,GSN,MP,AWP,WE,Federal Contract Tower,5,14,0,0,19,0,42,17,4,63,5,56,17,4,82,0,0,0,82
09/22/2007,GSN,MP,AWP,WE,Federal Contract Tower,12,13,0,0,25,0,37,26,0,63,12,50,26,0,88,2,0,2,90
09/23/2007,GSN,MP,AWP,WE,Federal Contract Tower,8,14,0,0,22,0,35,21,2,58,8,49,21,2,80,0,0,0,80
09/24/2007,GSN,MP,AWP,WE,Federal Contract Tower,11,14,0,0,25,0,40,21,2,63,11,54,21,2,88,0,0,0,88
09/25/2007,GSN,MP,AWP,WE,Federal Contract Tower,8,14,0,2,24,3,41,33,0,77,11,55,33,2,101,0,0,0,101
09/26/2007,GSN,MP,AWP,WE,Federal Contract Tower,8,15,1,0,24,0,43,16,0,59,8,58,17,0,83,0,0,0,83
09/27/2007,GSN,MP,AWP,WE,Federal Contract Tower,12,16,1,0,29,0,62,21,2,85,12,78,22,2,114,0,0,0,114
09/28/2007,GSN,MP,AWP,WE,Federal Contract Tower,8,16,0,0,24,0,75,40,0,115,8,91,40,0,139,0,0,0,139
09/29/2007,GSN,MP,AWP,WE,Federal Contract Tower,12,15,0,0,27,0,56,30,0,86,12,71,30,0,113,0,0,0,113
09/30/2007,GSN,MP,AWP,WE,Federal Contract Tower,10,15,0,0,25,0,35,32,0,67,10,50,32,0,92,0,0,0,92
10/01/2007,GSN,MP,AWP,WE,Federal Contract Tower,12,14,0,0,26,0,26,40,0,66,12,40,40,0,92,0,0,0,92
10/02/2007,GSN,MP,AWP,WE,Federal Contract Tower,10,16,0,0,26,0,44,22,0,66,10,60,22,0,92,0,0,0,92
10/03/2007,GSN,MP,AWP,WE,Federal Contract Tower,8,13,0,0,21,0,31,44,0,75,8,44,44,0,96,0,0,0,96
10/04/2007,GSN,MP,AWP,WE,Federal Contract Tower,14,18,0,3,35,0,43,39,1,83,14,61,39,4,118,0,0,0,118
10/05/2007,GSN,MP,AWP,WE,Federal Contract Tower,10,17,0,3,30,0,46,54,0,100,10,63,54,3,130,8,0,8,138
10/06/2007,GSN,MP,AWP,WE,Federal Contract Tower,12,13,0,0,25,0,76,47,0,123,12,89,47,0,148,0,0,0,148
10/07/2007,GSN,MP,AWP,WE,Federal Contract Tower,12,13,2,0,27,0,43,67,0,110,12,56,69,0,137,0,0,0,137
10/08/2007,GSN,MP,AWP,WE,Federal Contract Tower,12,13,0,0,25,0,35,31,0,66,12,48,31,0,91,0,0,0,91
10/09/2007,GSN,MP,AWP,WE,Federal Contract Tower,8,16,0,0,24,0,38,29,0,67,8,54,29,0,91,0,0,0,91
10/10/2007,GSN,MP,AWP,WE,Federal Contract Tower,8,14,0,0,22,0,42,16,0,58,8,56,16,0,80,8,0,8,88
10/11/2007,GSN,MP,AWP,WE,Federal Contract Tower,10,15,0,0,25,0,37,23,0,60,10,52,23,0,85,0,0,0,85
10/12/2007,GSN,MP,AWP,WE,Federal Contract Tower,10,17,0,0,27,0,71,49,0,120,10,88,49,0,147,2,0,2,149
10/13/2007,GSN,MP,AWP,WE,Federal Contract Tower,13,14,0,0,27,0,58,70,0,128,13,72,70,0,155,0,0,0,155
10/14/2007,GSN,MP,AWP,WE,Federal Contract Tower,11,17,0,0,28,0,47,47,0,94,11,64,47,0,122,0,0,0,122
10/15/2007,GSN,MP,AWP,WE,Federal Contract Tower,15,9,0,0,24,0,53,60,0,113,15,62,60,0,137,0,0,0,137
10/16/2007,GSN,MP,AWP,WE,Federal Contract Tower,11,14,0,0,25,0,50,38,0,88,11,64,38,0,113,0,0,0,113
10/17/2007,GSN,MP,AWP,WE,Federal Contract Tower,10,15,0,1,26,0,45,20,0,65,10,60,20,1,91,0,0,0,91
10/18/2007,GSN,MP,AWP,WE,Federal Contract Tower,10,15,1,1,27,0,40,31,0,71,10,55,32,1,98,0,0,0,98
10/19/2007,GSN,MP,AWP,WE,Federal Contract Tower,10,15,0,0,25,0,42,9,0,51,10,57,9,0,76,0,0,0,76
10/20/2007,GSN,MP,AWP,WE,Federal Contract Tower,12,17,0,0,29,0,36,46,0,82,12,53,46,0,111,2,0,2,113
10/21/2007,GSN,MP,AWP,WE,Federal Contract Tower,9,18,4,0,31,0,31,25,0,56,9,49,29,0,87,0,0,0,87
10/22/2007,GSN,MP,AWP,WE,Federal Contract Tower,11,16,3,0,30,0,34,27,0,61,11,50,30,0,91,0,0,0,91
10/23/2007,GSN,MP,AWP,WE,Federal Contract Tower,10,16,0,0,26,0,32,21,0,53,10,48,21,0,79,0,0,0,79
10/24/2007,GSN,MP,AWP,WE,Federal Contract Tower,9,13,0,0,22,0,45,18,0,63,9,58,18,0,85,0,0,0,85
10/25/2007,GSN,MP,AWP,WE,Federal Contract Tower,11,16,0,0,27,0,36,23,0,59,11,52,23,0,86,0,0,0,86
10/26/2007,GSN,MP,AWP,WE,Federal Contract Tower,8,16,2,0,26,0,77,22,0,99,8,93,24,0,125,0,0,0,125
10/27/2007,GSN,MP,AWP,WE,Federal Contract Tower,12,15,1,0,28,0,56,22,0,78,12,71,23,0,106,6,0,6,112
10/28/2007,GSN,MP,AWP,WE,Federal Contract Tower,10,16,1,0,27,0,29,38,0,67,10,45,39,0,94,6,0,6,100
10/29/2007,GSN,MP,AWP,WE,Federal Contract Tower,8,16,0,0,24,0,30,25,0,55,8,46,25,0,79,0,0,0,79
10/30/2007,GSN,MP,AWP,WE,Federal Contract Tower,10,16,0,0,26,1,49,24,0,74,11,65,24,0,100,0,0,0,100
10/31/2007,GSN,MP,AWP,WE,Federal Contract Tower,9,14,0,0,23,0,44,14,0,58,9,58,14,0,81,0,0,0,81
11/01/2007,GSN,MP,AWP,WE,Federal Contract Tower,11,18,0,0,29,0,49,32,0,81,11,67,32,0,110,0,0,0,110
11/02/2007,GSN,MP,AWP,WE,Federal Contract Tower,8,18,3,0,29,0,45,21,0,66,8,63,24,0,95,0,0,0,95
11/03/2007,GSN,MP,AWP,WE,Federal Contract Tower,12,15,0,0,27,0,58,43,0,101,12,73,43,0,128,0,0,0,128
11/04/2007,GSN,MP,AWP,WE,Federal Contract Tower,10,16,2,0,28,0,34,19,0,53,10,50,21,0,81,0,0,0,81
11/05/2007,GSN,MP,AWP,WE,Federal Contract Tower,6,15,1,0,22,2,35,33,0,70,8,50,34,0,92,0,0,0,92
11/06/2007,GSN,MP,AWP,WE,Federal Contract Tower,10,16,0,0,26,0,42,20,0,62,10,58,20,0,88,0,0,0,88
11/07/2007,GSN,MP,AWP,WE,Federal Contract Tower,8,16,0,0,24,0,30,26,0,56,8,46,26,0,80,0,0,0,80
11/08/2007,GSN,MP,AWP,WE,Federal Contract Tower,10,15,0,0,25,0,36,20,0,56,10,51,20,0,81,0,0,0,81
11/09/2007,GSN,MP,AWP,WE,Federal Contract Tower,8,18,0,0,26,0,58,25,0,83,8,76,25,0,109,0,0,0,109
11/10/2007,GSN,MP,AWP,WE,Federal Contract Tower,12,18,0,0,30,0,26,7,0,33,12,44,7,0,63,0,0,0,63
11/11/2007,GSN,MP,AWP,WE,Federal Contract Tower,10,15,0,0,25,0,41,16,0,57,10,56,16,0,82,0,0,0,82
11/12/2007,GSN,MP,AWP,WE,Federal Contract Tower,12,14,0,0,26,0,47,35,0,82,12,61,35,0,108,0,0,0,108
11/13/2007,GSN,MP,AWP,WE,Federal Contract Tower,10,15,0,0,25,0,40,27,0,67,10,55,27,0,92,0,0,0,92
11/14/2007,GSN,MP,AWP,WE,Federal Contract Tower,8,12,0,0,20,0,46,32,0,78,8,58,32,0,98,0,0,0,98
11/15/2007,GSN,MP,AWP,WE,Federal Contract Tower,10,16,3,0,29,0,41,24,4,69,10,57,27,4,98,0,0,0,98
11/16/2007,GSN,MP,AWP,WE,Federal Contract Tower,11,14,1,0,26,0,72,31,0,103,11,86,32,0,129,0,0,0,129
11/17/2007,GSN,MP,AWP,WE,Federal Contract Tower,13,14,0,0,27,0,43,45,0,88,13,57,45,0,115,6,0,6,121
11/18/2007,GSN,MP,AWP,WE,Federal Contract Tower,10,15,4,0,29,0,43,50,0,93,10,58,54,0,122,11,0,11,133
11/19/2007,GSN,MP,AWP,WE,Federal Contract Tower,10,13,0,0,23,0,33,26,0,59,10,46,26,0,82,0,0,0,82
11/20/2007,GSN,MP,AWP,WE,Federal Contract Tower,9,15,0,0,24,0,33,19,0,52,9,48,19,0,76,6,0,6,82
11/21/2007,GSN,MP,AWP,WE,Federal Contract Tower,8,15,0,0,23,0,57,29,0,86,8,72,29,0,109,6,0,6,115
11/22/2007,GSN,MP,AWP,WE,Federal Contract Tower,12,16,0,0,28,0,32,19,0,51,12,48,19,0,79,20,0,20,99
11/23/2007,GSN,MP,AWP,WE,Federal Contract Tower,11,17,1,0,29,0,53,22,0,75,11,70,23,0,104,14,0,14,118
11/24/2007,GSN,MP,AWP,WE,Federal Contract Tower,14,16,1,0,31,0,46,26,0,72,14,62,27,0,103,0,0,0,103
11/25/2007,GSN,MP,AWP,WE,Federal Contract Tower,10,16,0,0,26,0,38,32,0,70,10,54,32,0,96,0,0,0,96
11/26/2007,GSN,MP,AWP,WE,Federal Contract Tower,14,14,1,0,29,0,38,27,0,65,14,52,28,0,94,0,0,0,94
11/27/2007,GSN,MP,AWP,WE,Federal Contract Tower,10,15,1,0,26,0,33,41,2,76,10,48,42,2,102,0,0,0,102
11/28/2007,GSN,MP,AWP,WE,Federal Contract Tower,8,14,0,0,22,0,39,11,0,50,8,53,11,0,72,0,0,0,72
11/29/2007,GSN,MP,AWP,WE,Federal Contract Tower,11,16,0,0,27,0,44,33,0,77,11,60,33,0,104,4,0,4,108
11/30/2007,GSN,MP,AWP,WE,Federal Contract Tower,12,16,0,0,28,0,57,28,0,85,12,73,28,0,113,0,0,0,113
12/01/2007,GSN,MP,AWP,WE,Federal Contract Tower,13,16,2,0,31,0,36,27,0,63,13,52,29,0,94,0,0,0,94
12/02/2007,GSN,MP,AWP,WE,Federal Contract Tower,11,16,0,0,27,0,24,44,0,68,11,40,44,0,95,0,0,0,95
12/03/2007,GSN,MP,AWP,WE,Federal Contract Tower,11,15,2,0,28,0,33,26,0,59,11,48,28,0,87,0,0,0,87
12/04/2007,GSN,MP,AWP,WE,Federal Contract Tower,10,16,0,0,26,0,48,31,0,79,10,64,31,0,105,0,0,0,105
12/05/2007,GSN,MP,AWP,WE,Federal Contract Tower,8,15,0,0,23,0,45,16,0,61,8,60,16,0,84,0,0,0,84
12/06/2007,GSN,MP,AWP,WE,Federal Contract Tower,11,20,0,0,31,0,40,33,0,73,11,60,33,0,104,0,0,0,104
12/07/2007,GSN,MP,AWP,WE,Federal Contract Tower,12,17,0,0,29,0,72,36,0,108,12,89,36,0,137,0,0,0,137
12/08/2007,GSN,MP,AWP,WE,Federal Contract Tower,13,15,0,0,28,0,51,62,0,113,13,66,62,0,141,0,0,0,141
12/09/2007,GSN,MP,AWP,WE,Federal Contract Tower,10,15,0,0,25,0,41,39,0,80,10,56,39,0,105,0,0,0,105
12/10/2007,GSN,MP,AWP,WE,Federal Contract Tower,12,15,0,0,27,0,33,19,0,52,12,48,19,0,79,0,12,12,91
12/11/2007,GSN,MP,AWP,WE,Federal Contract Tower,10,16,1,0,27,0,32,42,0,74,10,48,43,0,101,0,0,0,101
12/12/2007,GSN,MP,AWP,WE,Federal Contract Tower,8,14,1,0,23,0,48,17,0,65,8,62,18,0,88,0,0,0,88
12/13/2007,GSN,MP,AWP,WE,Federal Contract Tower,10,15,0,0,25,0,42,30,0,72,10,57,30,0,97,0,0,0,97
12/14/2007,GSN,MP,AWP,WE,Federal Contract Tower,10,19,0,0,29,0,55,27,0,82,10,74,27,0,111,0,0,0,111
12/15/2007,GSN,MP,AWP,WE,Federal Contract Tower,13,13,0,0,26,0,57,41,0,98,13,70,41,0,124,0,0,0,124
12/16/2007,GSN,MP,AWP,WE,Federal Contract Tower,11,15,0,0,26,0,36,28,0,64,11,51,28,0,90,0,0,0,90
12/17/2007,GSN,MP,AWP,WE,Federal Contract Tower,11,16,0,0,27,0,39,22,0,61,11,55,22,0,88,0,0,0,88
12/18/2007,GSN,MP,AWP,WE,Federal Contract Tower,11,16,0,0,27,0,33,29,0,62,11,49,29,0,89,0,0,0,89
12/19/2007,GSN,MP,AWP,WE,Federal Contract Tower,8,15,0,0,23,0,43,27,0,70,8,58,27,0,93,0,0,0,93
12/20/2007,GSN,MP,AWP,WE,Federal Contract Tower,12,14,0,0,26,0,42,35,0,77,12,56,35,0,103,0,0,0,103
12/21/2007,GSN,MP,AWP,WE,Federal Contract Tower,12,15,0,0,27,0,49,21,0,70,12,64,21,0,97,0,0,0,97
12/22/2007,GSN,MP,AWP,WE,Federal Contract Tower,14,15,0,0,29,0,74,17,0,91,14,89,17,0,120,0,0,0,120
12/23/2007,GSN,MP,AWP,WE,Federal Contract Tower,13,16,0,0,29,0,45,24,0,69,13,61,24,0,98,0,0,0,98
12/24/2007,GSN,MP,AWP,WE,Federal Contract Tower,13,13,0,0,26,0,53,30,0,83,13,66,30,0,109,0,0,0,109
12/25/2007,GSN,MP,AWP,WE,Federal Contract Tower,12,16,0,0,28,0,26,23,0,49,12,42,23,0,77,0,0,0,77
12/26/2007,GSN,MP,AWP,WE,Federal Contract Tower,10,15,1,0,26,0,43,29,0,72,10,58,30,0,98,0,0,0,98
12/27/2007,GSN,MP,AWP,WE,Federal Contract Tower,12,15,0,4,31,0,49,27,0,76,12,64,27,4,107,4,0,4,111
12/28/2007,GSN,MP,AWP,WE,Federal Contract Tower,10,18,0,0,28,0,43,28,0,71,10,61,28,0,99,8,0,8,107
12/29/2007,GSN,MP,AWP,WE,Federal Contract Tower,22,14,0,0,36,0,56,21,0,77,22,70,21,0,113,10,0,10,123
12/30/2007,GSN,MP,AWP,WE,Federal Contract Tower,21,16,2,0,39,0,45,15,0,60,21,61,17,0,99,0,0,0,99
12/31/2007,GSN,MP,AWP,WE,Federal Contract Tower,11,14,0,0,25,0,53,42,0,95,11,67,42,0,120,0,0,0,120
01/01/2008,GSN,MP,AWP,WE,Federal Contract Tower,13,16,7,0,36,0,36,39,0,75,13,52,46,0,111,0,0,0,111
01/02/2008,GSN,MP,AWP,WE,Federal Contract Tower,24,12,0,0,36,0,54,24,0,78,24,66,24,0,114,0,0,0,114
01/03/2008,GSN,MP,AWP,WE,Federal Contract Tower,15,14,2,0,31,1,58,20,4,83,16,72,22,4,114,4,0,4,118
01/04/2008,GSN,MP,AWP,WE,Federal Contract Tower,11,16,0,0,27,0,58,8,0,66,11,74,8,0,93,0,0,0,93
01/05/2008,GSN,MP,AWP,WE,Federal Contract Tower,21,14,0,0,35,0,72,43,0,115,21,86,43,0,150,0,0,0,150
01/06/2008,GSN,MP,AWP,WE,Federal Contract Tower,14,15,0,8,37,0,40,47,0,87,14,55,47,8,124,0,0,0,124
01/07/2008,GSN,MP,AWP,WE,Federal Contract Tower,10,16,1,0,27,0,9,20,0,29,10,25,21,0,56,0,0,0,56
01/08/2008,GSN,MP,AWP,WE,Federal Contract Tower,14,15,1,0,30,0,39,29,0,68,14,54,30,0,98,0,0,0,98
01/09/2008,GSN,MP,AWP,WE,Federal Contract Tower,10,17,0,0,27,0,39,28,0,67,10,56,28,0,94,0,0,0,94
01/10/2008,GSN,MP,AWP,WE,Federal Contract Tower,14,11,1,0,26,0,41,36,0,77,14,52,37,0,103,0,0,0,103
01/11/2008,GSN,MP,AWP,WE,Federal Contract Tower,10,12,1,0,23,0,51,30,0,81,10,63,31,0,104,0,0,0,104
01/12/2008,GSN,MP,AWP,WE,Federal Contract Tower,17,11,2,3,33,0,45,30,3,78,17,56,32,6,111,0,0,0,111
01/13/2008,GSN,MP,AWP,WE,Federal Contract Tower,13,11,0,0,24,0,32,19,0,51,13,43,19,0,75,0,0,0,75
01/14/2008,GSN,MP,AWP,WE,Federal Contract Tower,13,15,0,0,28,1,26,39,0,66,14,41,39,0,94,0,0,0,94
01/15/2008,GSN,MP,AWP,WE,Federal Contract Tower,14,16,0,0,30,0,35,32,0,67,14,51,32,0,97,0,0,0,97
01/16/2008,GSN,MP,AWP,WE,Federal Contract Tower,10,16,0,0,26,0,34,42,0,76,10,50,42,0,102,0,0,0,102
01/17/2008,GSN,MP,AWP,WE,Federal Contract Tower,14,15,0,0,29,0,41,37,0,78,14,56,37,0,107,0,0,0,107
01/18/2008,GSN,MP,AWP,WE,Federal Contract Tower,10,16,0,0,26,0,50,35,0,85,10,66,35,0,111,0,0,0,111
01/19/2008,GSN,MP,AWP,WE,Federal Contract Tower,16,13,0,0,29,0,57,41,0,98,16,70,41,0,127,0,0,0,127
01/20/2008,GSN,MP,AWP,WE,Federal Contract Tower,11,16,0,0,27,0,23,36,0,59,11,39,36,0,86,0,0,0,86
01/21/2008,GSN,MP,AWP,WE,Federal Contract Tower,10,17,0,0,27,0,50,62,16,128,10,67,62,16,155,10,0,10,165
01/22/2008,GSN,MP,AWP,WE,Federal Contract Tower,12,16,0,0,28,0,36,33,0,69,12,52,33,0,97,0,0,0,97
01/23/2008,GSN,MP,AWP,WE,Federal Contract Tower,12,17,0,0,29,0,33,33,0,66,12,50,33,0,95,12,0,12,107
01/24/2008,GSN,MP,AWP,WE,Federal Contract Tower,12,16,0,0,28,0,34,16,0,50,12,50,16,0,78,0,0,0,78
01/25/2008,GSN,MP,AWP,WE,Federal Contract Tower,11,16,0,0,27,0,58,25,0,83,11,74,25,0,110,0,0,0,110
01/26/2008,GSN,MP,AWP,WE,Federal Contract Tower,17,15,0,0,32,0,41,32,0,73,17,56,32,0,105,0,0,0,105
01/27/2008,GSN,MP,AWP,WE,Federal Contract Tower,11,15,0,0,26,1,33,24,0,58,12,48,24,0,84,0,0,0,84
01/28/2008,GSN,MP,AWP,WE,Federal Contract Tower,14,17,0,0,31,0,30,16,0,46,14,47,16,0,77,0,0,0,77
01/29/2008,GSN,MP,AWP,WE,Federal Contract Tower,14,16,0,0,30,0,36,22,0,58,14,52,22,0,88,0,0,0,88
01/30/2008,GSN,MP,AWP,WE,Federal Contract Tower,10,15,0,0,25,0,30,12,0,42,10,45,12,0,67,0,0,0,67
01/31/2008,GSN,MP,AWP,WE,Federal Contract Tower,12,15,2,0,29,0,33,15,0,48,12,48,17,0,77,0,0,0,77
02/01/2008,GSN,MP,AWP,WE,Federal Contract Tower,12,17,0,0,29,0,51,26,0,77,12,68,26,0,106,0,0,0,106
02/02/2008,GSN,MP,AWP,WE,Federal Contract Tower,17,12,1,0,30,0,57,21,0,78,17,69,22,0,108,0,0,0,108
02/03/2008,GSN,MP,AWP,WE,Federal Contract Tower,12,16,0,0,28,0,54,38,0,92,12,70,38,0,120,0,0,0,120
02/04/2008,GSN,MP,AWP,WE,Federal Contract Tower,12,16,0,0,28,0,48,26,0,74,12,64,26,0,102,0,0,0,102
02/05/2008,GSN,MP,AWP,WE,Federal Contract Tower,14,16,0,0,30,0,40,26,0,66,14,56,26,0,96,0,0,0,96
02/06/2008,GSN,MP,AWP,WE,Federal Contract Tower,12,16,0,0,28,0,42,35,0,77,12,58,35,0,105,0,0,0,105
02/07/2008,GSN,MP,AWP,WE,Federal Contract Tower,12,15,0,0,27,0,41,48,0,89,12,56,48,0,116,0,0,0,116
02/08/2008,GSN,MP,AWP,WE,Federal Contract Tower,14,18,0,0,32,0,53,49,0,102,14,71,49,0,134,0,0,0,134
02/09/2008,GSN,MP,AWP,WE,Federal Contract Tower,16,16,2,0,34,0,50,42,0,92,16,66,44,0,126,0,0,0,126
02/10/2008,GSN,MP,AWP,WE,Federal Contract Tower,14,15,0,0,29,0,35,52,0,87,14,50,52,0,116,0,0,0,116
02/11/2008,GSN,MP,AWP,WE,Federal Contract Tower,14,14,0,0,28,0,38,71,0,109,14,52,71,0,137,0,0,0,137
02/12/2008,GSN,MP,AWP,WE,Federal Contract Tower,14,15,1,0,30,0,46,54,0,100,14,61,55,0,130,0,0,0,130
02/13/2008,GSN,MP,AWP,WE,Federal Contract Tower,12,14,0,0,26,0,56,38,0,94,12,70,38,0,120,0,0,0,120
02/14/2008,GSN,MP,AWP,WE,Federal Contract Tower,14,16,0,0,30,0,14,52,0,66,14,30,52,0,96,0,0,0,96
02/15/2008,GSN,MP,AWP,WE,Federal Contract Tower,12,15,3,0,30,0,43,37,0,80,12,58,40,0,110,0,0,0,110
02/16/2008,GSN,MP,AWP,WE,Federal Contract Tower,18,16,1,0,35,0,71,22,0,93,18,87,23,0,128,0,0,0,128
02/17/2008,GSN,MP,AWP,WE,Federal Contract Tower,14,14,0,0,28,0,46,33,0,79,14,60,33,0,107,0,0,0,107
02/18/2008,GSN,MP,AWP,WE,Federal Contract Tower,12,14,0,0,26,0,52,31,0,83,12,66,31,0,109,0,0,0,109
02/19/2008,GSN,MP,AWP,WE,Federal Contract Tower,16,16,0,0,32,0,28,21,0,49,16,44,21,0,81,0,0,0,81
02/20/2008,GSN,MP,AWP,WE,Federal Contract Tower,10,15,0,0,25,0,40,23,0,63,10,55,23,0,88,0,0,0,88
02/21/2008,GSN,MP,AWP,WE,Federal Contract Tower,16,16,0,0,32,0,48,12,0,60,16,64,12,0,92,0,0,0,92
02/22/2008,GSN,MP,AWP,WE,Federal Contract Tower,10,18,0,0,28,0,42,25,4,71,10,60,25,4,99,0,0,0,99
02/23/2008,GSN,MP,AWP,WE,Federal Contract Tower,18,15,0,0,33,0,33,30,1,64,18,48,30,1,97,0,0,0,97
02/24/2008,GSN,MP,AWP,WE,Federal Contract Tower,16,16,1,0,33,0,35,28,1,64,16,51,29,1,97,0,0,0,97
02/25/2008,GSN,MP,AWP,WE,Federal Contract Tower,10,15,1,0,26,0,15,16,0,31,10,30,17,0,57,0,0,0,57
02/26/2008,GSN,MP,AWP,WE,Federal Contract Tower,16,18,1,0,35,0,31,15,0,46,16,49,16,0,81,0,0,0,81
02/27/2008,GSN,MP,AWP,WE,Federal Contract Tower,10,16,0,2,28,0,30,16,0,46,10,46,16,2,74,0,0,0,74
02/28/2008,GSN,MP,AWP,WE,Federal Contract Tower,13,17,0,0,30,0,37,25,0,62,13,54,25,0,92,0,0,0,92
02/29/2008,GSN,MP,AWP,WE,Federal Contract Tower,11,17,0,0,28,0,39,35,0,74,11,56,35,0,102,0,0,0,102
03/01/2008,GSN,MP,AWP,WE,Federal Contract Tower,16,15,0,0,31,0,37,12,0,49,16,52,12,0,80,0,0,0,80
03/02/2008,GSN,MP,AWP,WE,Federal Contract Tower,14,15,0,0,29,0,29,22,0,51,14,44,22,0,80,0,0,0,80
03/03/2008,GSN,MP,AWP,WE,Federal Contract Tower,12,17,0,0,29,0,37,25,0,62,12,54,25,0,91,4,0,4,95
03/04/2008,GSN,MP,AWP,WE,Federal Contract Tower,14,16,0,0,30,0,40,31,4,75,14,56,31,4,105,0,0,0,105
03/05/2008,GSN,MP,AWP,WE,Federal Contract Tower,10,16,0,0,26,0,37,25,0,62,10,53,25,0,88,0,0,0,88
03/06/2008,GSN,MP,AWP,WE,Federal Contract Tower,12,16,0,0,28,0,44,26,0,70,12,60,26,0,98,0,0,0,98
03/07/2008,GSN,MP,AWP,WE,Federal Contract Tower,10,20,0,12,42,0,8,17,0,25,10,28,17,12,67,0,0,0,67
03/08/2008,GSN,MP,AWP,WE,Federal Contract Tower,16,15,0,0,31,0,61,29,0,90,16,76,29,0,121,0,0,0,121
03/09/2008,GSN,MP,AWP,WE,Federal Contract Tower,12,15,2,0,29,0,47,36,4,87,12,62,38,4,116,0,0,0,116
03/10/2008,GSN,MP,AWP,WE,Federal Contract Tower,10,16,2,0,28,0,46,25,4,75,10,62,27,4,103,0,0,0,103
03/11/2008,GSN,MP,AWP,WE,Federal Contract Tower,16,16,0,0,32,0,32,18,0,50,16,48,18,0,82,0,0,0,82
03/12/2008,GSN,MP,AWP,WE,Federal Contract Tower,10,15,0,0,25,0,53,10,0,63,10,68,10,0,88,0,0,0,88
03/13/2008,GSN,MP,AWP,WE,Federal Contract Tower,12,16,0,0,28,0,42,20,0,62,12,58,20,0,90,0,0,0,90
03/14/2008,GSN,MP,AWP,WE,Federal Contract Tower,10,16,0,0,26,0,61,40,0,101,10,77,40,0,127,0,0,0,127
03/15/2008,GSN,MP,AWP,WE,Federal Contract Tower,16,16,1,0,33,0,60,40,0,100,16,76,41,0,133,0,0,0,133
03/16/2008,GSN,MP,AWP,WE,Federal Contract Tower,12,13,1,0,26,0,52,39,0,91,12,65,40,0,117,0,0,0,117
03/17/2008,GSN,MP,AWP,WE,Federal Contract Tower,12,14,0,0,26,0,49,54,0,103,12,63,54,0,129,0,0,0,129
03/18/2008,GSN,MP,AWP,WE,Federal Contract Tower,12,16,0,4,32,0,68,42,0,110,12,84,42,4,142,12,0,12,154
03/19/2008,GSN,MP,AWP,WE,Federal Contract Tower,10,16,0,0,26,0,48,6,0,54,10,64,6,0,80,0,0,0,80
03/20/2008,GSN,MP,AWP,WE,Federal Contract Tower,12,15,2,0,29,0,45,7,0,52,12,60,9,0,81,0,0,0,81
03/21/2008,GSN,MP,AWP,WE,Federal Contract Tower,10,18,0,0,28,0,40,7,0,47,10,58,7,0,75,0,0,0,75
03/22/2008,GSN,MP,AWP,WE,Federal Contract Tower,14,13,0,0,27,0,49,12,0,61,14,62,12,0,88,0,0,0,88
03/23/2008,GSN,MP,AWP,WE,Federal Contract Tower,13,15,0,0,28,0,47,4,0,51,13,62,4,0,79,0,0,0,79
03/24/2008,GSN,MP,AWP,WE,Federal Contract Tower,11,15,0,0,26,0,48,8,0,56,11,63,8,0,82,0,0,0,82
03/25/2008,GSN,MP,AWP,WE,Federal Contract Tower,12,16,0,0,28,0,34,6,0,40,12,50,6,0,68,0,0,0,68
03/26/2008,GSN,MP,AWP,WE,Federal Contract Tower,10,14,0,0,24,0,50,10,2,62,10,64,10,2,86,8,0,8,94
03/27/2008,GSN,MP,AWP,WE,Federal Contract Tower,12,13,0,0,25,0,46,14,4,64,12,59,14,4,89,0,0,0,89
03/28/2008,GSN,MP,AWP,WE,Federal Contract Tower,10,16,0,0,26,0,70,4,0,74,10,86,4,0,100,0,0,0,100
03/29/2008,GSN,MP,AWP,WE,Federal Contract Tower,12,15,1,0,28,0,79,0,0,79,12,94,1,0,107,0,0,0,107
03/30/2008,GSN,MP,AWP,WE,Federal Contract Tower,8,14,3,0,25,0,50,12,0,62,8,64,15,0,87,0,0,0,87
03/31/2008,GSN,MP,AWP,WE,Federal Contract Tower,14,16,0,0,30,0,63,10,2,75,14,79,10,2,105,0,0,0,105
04/01/2008,GSN,MP,AWP,WE,Federal Contract Tower,9,11,0,0,20,0,71,4,0,75,9,82,4,0,95,0,0,0,95
04/02/2008,GSN,MP,AWP,WE,Federal Contract Tower,12,14,0,4,30,0,58,2,0,60,12,72,2,4,90,0,0,0,90
04/03/2008,GSN,MP,AWP,WE,Federal Contract Tower,13,13,0,0,26,0,57,6,0,63,13,70,6,0,89,0,0,0,89
04/04/2008,GSN,MP,AWP,WE,Federal Contract Tower,11,16,0,0,27,0,48,6,0,54,11,64,6,0,81,0,0,0,81
04/05/2008,GSN,MP,AWP,WE,Federal Contract Tower,13,15,0,0,28,0,50,6,0,56,13,65,6,0,84,0,0,0,84
04/06/2008,GSN,MP,AWP,WE,Federal Contract Tower,12,16,0,0,28,0,60,6,0,66,12,76,6,0,94,0,0,0,94
04/07/2008,GSN,MP,AWP,WE,Federal Contract Tower,10,13,0,0,23,0,59,6,2,67,10,72,6,2,90,0,0,0,90
04/08/2008,GSN,MP,AWP,WE,Federal Contract Tower,10,14,0,0,24,0,42,8,2,52,10,56,8,2,76,0,0,0,76
04/09/2008,GSN,MP,AWP,WE,Federal Contract Tower,10,16,0,0,26,0,35,2,0,37,10,51,2,0,63,0,0,0,63
04/10/2008,GSN,MP,AWP,WE,Federal Contract Tower,11,15,0,0,26,0,43,4,0,47,11,58,4,0,73,0,0,0,73
04/11/2008,GSN,MP,AWP,WE,Federal Contract Tower,11,20,2,0,33,0,49,4,0,53,11,69,6,0,86,0,0,0,86
04/12/2008,GSN,MP,AWP,WE,Federal Contract Tower,14,16,0,0,30,0,56,8,0,64,14,72,8,0,94,0,0,0,94
04/13/2008,GSN,MP,AWP,WE,Federal Contract Tower,13,11,2,0,26,0,61,2,10,73,13,72,4,10,99,0,0,0,99
04/14/2008,GSN,MP,AWP,WE,Federal Contract Tower,13,13,0,0,26,0,57,6,0,63,13,70,6,0,89,0,0,0,89
04/15/2008,GSN,MP,AWP,WE,Federal Contract Tower,12,14,0,0,26,0,54,2,0,56,12,68,2,0,82,0,0,0,82
04/16/2008,GSN,MP,AWP,WE,Federal Contract Tower,10,15,0,0,25,0,53,2,6,61,10,68,2,6,86,0,0,0,86
04/17/2008,GSN,MP,AWP,WE,Federal Contract Tower,12,16,0,0,28,0,43,5,6,54,12,59,5,6,82,0,0,0,82
04/18/2008,GSN,MP,AWP,WE,Federal Contract Tower,10,17,1,0,28,0,53,3,0,56,10,70,4,0,84,0,0,0,84
04/19/2008,GSN,MP,AWP,WE,Federal Contract Tower,14,16,0,0,30,0,59,16,2,77,14,75,16,2,107,0,0,0,107
04/20/2008,GSN,MP,AWP,WE,Federal Contract Tower,12,16,0,0,28,0,49,6,0,55,12,65,6,0,83,0,0,0,83
04/21/2008,GSN,MP,AWP,WE,Federal Contract Tower,10,15,0,0,25,0,65,1,0,66,10,80,1,0,91,0,0,0,91
04/22/2008,GSN,MP,AWP,WE,Federal Contract Tower,12,17,0,1,30,0,43,6,1,50,12,60,6,2,80,0,0,0,80
04/23/2008,GSN,MP,AWP,WE,Federal Contract Tower,10,14,0,0,24,0,54,2,0,56,10,68,2,0,80,0,0,0,80
04/24/2008,GSN,MP,AWP,WE,Federal Contract Tower,13,14,0,0,27,0,47,2,2,51,13,61,2,2,78,0,0,0,78
04/25/2008,GSN,MP,AWP,WE,Federal Contract Tower,11,18,0,0,29,0,70,3,0,73,11,88,3,0,102,0,0,0,102
04/26/2008,GSN,MP,AWP,WE,Federal Contract Tower,14,16,0,0,30,0,57,10,2,69,14,73,10,2,99,0,0,0,99
04/27/2008,GSN,MP,AWP,WE,Federal Contract Tower,14,12,0,0,26,0,48,6,0,54,14,60,6,0,80,0,0,0,80
04/28/2008,GSN,MP,AWP,WE,Federal Contract Tower,11,16,0,0,27,0,63,2,0,65,11,79,2,0,92,0,0,0,92
04/29/2008,GSN,MP,AWP,WE,Federal Contract Tower,13,16,0,0,29,0,60,10,6,76,13,76,10,6,105,0,0,0,105
04/30/2008,GSN,MP,AWP,WE,Federal Contract Tower,11,14,0,0,25,0,51,4,0,55,11,65,4,0,80,0,0,0,80
05/01/2008,GSN,MP,AWP,WE,Federal Contract Tower,12,12,1,0,25,0,58,10,0,68,12,70,11,0,93,0,0,0,93
05/02/2008,GSN,MP,AWP,WE,Federal Contract Tower,12,15,2,2,31,0,79,6,0,85,12,94,8,2,116,6,0,6,122
05/03/2008,GSN,MP,AWP,WE,Federal Contract Tower,16,15,1,2,34,0,59,4,0,63,16,74,5,2,97,0,0,0,97
05/04/2008,GSN,MP,AWP,WE,Federal Contract Tower,14,15,0,0,29,0,70,5,0,75,14,85,5,0,104,0,0,0,104
05/05/2008,GSN,MP,AWP,WE,Federal Contract Tower,12,15,0,0,27,0,63,16,0,79,12,78,16,0,106,4,0,4,110
05/06/2008,GSN,MP,AWP,WE,Federal Contract Tower,16,15,0,0,31,0,75,14,0,89,16,90,14,0,120,4,0,4,124
05/07/2008,GSN,MP,AWP,WE,Federal Contract Tower,9,14,0,0,23,0,40,4,0,44,9,54,4,0,67,0,0,0,67
05/08/2008,GSN,MP,AWP,WE,Federal Contract Tower,12,15,0,0,27,0,33,6,0,39,12,48,6,0,66,0,0,0,66
05/09/2008,GSN,MP,AWP,WE,Federal Contract Tower,10,16,0,0,26,0,50,5,0,55,10,66,5,0,81,2,0,2,83
05/10/2008,GSN,MP,AWP,WE,Federal Contract Tower,12,14,0,0,26,0,60,6,0,66,12,74,6,0,92,0,0,0,92
05/11/2008,GSN,MP,AWP,WE,Federal Contract Tower,10,14,0,0,24,0,38,6,0,44,10,52,6,0,68,0,0,0,68
05/12/2008,GSN,MP,AWP,WE,Federal Contract Tower,12,15,2,0,29,0,53,4,0,57,12,68,6,0,86,0,0,0,86
05/13/2008,GSN,MP,AWP,WE,Federal Contract Tower,12,14,0,0,26,0,46,2,0,48,12,60,2,0,74,0,0,0,74
05/14/2008,GSN,MP,AWP,WE,Federal Contract Tower,10,15,0,0,25,0,57,0,0,57,10,72,0,0,82,0,0,0,82
05/15/2008,GSN,MP,AWP,WE,Federal Contract Tower,13,14,0,0,27,0,48,2,0,50,13,62,2,0,77,0,0,0,77
05/16/2008,GSN,MP,AWP,WE,Federal Contract Tower,12,17,0,0,29,0,51,8,0,59,12,68,8,0,88,0,0,0,88
05/17/2008,GSN,MP,AWP,WE,Federal Contract Tower,16,15,0,0,31,0,63,11,0,74,16,78,11,0,105,0,0,0,105
05/18/2008,GSN,MP,AWP,WE,Federal Contract Tower,13,12,0,0,25,0,38,3,0,41,13,50,3,0,66,0,0,0,66
05/19/2008,GSN,MP,AWP,WE,Federal Contract Tower,10,16,0,0,26,0,44,7,0,51,10,60,7,0,77,0,0,0,77
05/20/2008,GSN,MP,AWP,WE,Federal Contract Tower,12,14,0,2,28,0,56,8,0,64,12,70,8,2,92,0,0,0,92
05/21/2008,GSN,MP,AWP,WE,Federal Contract Tower,10,16,0,0,26,0,58,4,0,62,10,74,4,0,88,0,0,0,88
05/22/2008,GSN,MP,AWP,WE,Federal Contract Tower,12,16,0,0,28,0,34,2,0,36,12,50,2,0,64,0,0,0,64
05/23/2008,GSN,MP,AWP,WE,Federal Contract Tower,12,17,0,0,29,0,75,5,0,80,12,92,5,0,109,0,0,0,109
05/24/2008,GSN,MP,AWP,WE,Federal Contract Tower,15,16,0,0,31,0,63,10,0,73,15,79,10,0,104,0,0,0,104
05/25/2008,GSN,MP,AWP,WE,Federal Contract Tower,13,16,1,0,30,0,50,10,7,67,13,66,11,7,97,0,0,0,97
05/26/2008,GSN,MP,AWP,WE,Federal Contract Tower,11,16,1,0,28,0,46,10,0,56,11,62,11,0,84,0,0,0,84
05/27/2008,GSN,MP,AWP,WE,Federal Contract Tower,13,16,0,0,29,0,47,10,0,57,13,63,10,0,86,0,0,0,86
05/28/2008,GSN,MP,AWP,WE,Federal Contract Tower,10,16,0,0,26,0,46,4,0,50,10,62,4,0,76,0,0,0,76
05/29/2008,GSN,MP,AWP,WE,Federal Contract Tower,12,16,0,0,28,0,47,0,0,47,12,63,0,0,75,0,0,0,75
05/30/2008,GSN,MP,AWP,WE,Federal Contract Tower,10,15,1,0,26,0,59,10,0,69,10,74,11,0,95,0,0,0,95
05/31/2008,GSN,MP,AWP,WE,Federal Contract Tower,14,16,1,0,31,0,46,4,0,50,14,62,5,0,81,0,0,0,81
06/01/2008,GSN,MP,AWP,WE,Federal Contract Tower,12,13,0,0,25,0,46,0,0,46,12,59,0,0,71,0,0,0,75
06/02/2008,GSN,MP,AWP,WE,Federal Contract Tower,10,15,0,0,25,0,48,0,0,48,10,63,0,0,73,0,0,0,73
06/03/2008,GSN,MP,AWP,WE,Federal Contract Tower,12,16,0,0,28,0,48,6,0,54,12,64,6,0,82,0,0,0,82
06/04/2008,GSN,MP,AWP,WE,Federal Contract Tower,10,15,0,0,25,0,45,2,0,47,10,60,2,0,72,0,0,0,74
06/05/2008,GSN,MP,AWP,WE,Federal Contract Tower,12,14,0,0,26,0,54,2,0,56,12,68,2,0,82,0,0,0,82
06/06/2008,GSN,MP,AWP,WE,Federal Contract Tower,10,15,1,0,26,0,72,0,0,72,10,87,1,0,98,0,0,0,98
06/07/2008,GSN,MP,AWP,WE,Federal Contract Tower,14,15,1,0,30,0,57,8,4,69,14,72,9,4,99,14,0,14,119
06/08/2008,GSN,MP,AWP,WE,Federal Contract Tower,12,15,0,0,27,0,51,6,0,57,12,66,6,0,84,0,0,0,86
06/09/2008,GSN,MP,AWP,WE,Federal Contract Tower,14,15,0,6,35,0,47,10,10,67,14,62,10,16,102,0,0,0,102
06/10/2008,GSN,MP,AWP,WE,Federal Contract Tower,13,14,0,4,31,0,48,8,12,68,13,62,8,16,99,0,0,0,99
06/11/2008,GSN,MP,AWP,WE,Federal Contract Tower,10,14,0,1,25,0,50,8,1,59,10,64,8,2,84,4,0,4,90
06/12/2008,GSN,MP,AWP,WE,Federal Contract Tower,12,16,0,2,30,0,54,7,4,65,12,70,7,6,95,0,0,0,111
06/13/2008,GSN,MP,AWP,WE,Federal Contract Tower,10,17,0,0,27,0,73,30,0,103,10,90,30,0,130,0,0,0,133
06/14/2008,GSN,MP,AWP,WE,Federal Contract Tower,14,16,0,2,32,0,53,51,0,104,14,69,51,2,136,0,0,0,142
06/15/2008,GSN,MP,AWP,WE,Federal Contract Tower,12,14,0,0,26,0,54,7,0,61,12,68,7,0,87,0,0,0,87
06/16/2008,GSN,MP,AWP,WE,Federal Contract Tower,11,15,0,0,26,0,47,63,0,110,11,62,63,0,136,0,0,0,136
06/17/2008,GSN,MP,AWP,WE,Federal Contract Tower,13,16,0,0,29,0,45,23,0,68,13,61,23,0,97,0,0,0,103
06/18/2008,GSN,MP,AWP,WE,Federal Contract Tower,11,15,0,0,26,0,49,8,2,59,11,64,8,2,85,0,0,0,95
06/19/2008,GSN,MP,AWP,WE,Federal Contract Tower,12,17,0,0,29,0,44,0,0,44,12,61,0,0,73,0,0,0,77
06/20/2008,GSN,MP,AWP,WE,Federal Contract Tower,10,16,2,2,30,0,66,4,2,72,10,82,6,4,102,0,0,0,110
06/21/2008,GSN,MP,AWP,WE,Federal Contract Tower,15,14,0,0,29,0,56,10,0,66,15,70,10,0,95,0,0,0,103
06/22/2008,GSN,MP,AWP,WE,Federal Contract Tower,14,16,0,1,31,0,44,0,3,47,14,60,0,4,78,0,0,0,78
06/23/2008,GSN,MP,AWP,WE,Federal Contract Tower,14,16,0,0,30,0,46,6,0,52,14,62,6,0,82,0,0,0,82
06/24/2008,GSN,MP,AWP,WE,Federal Contract Tower,13,16,0,0,29,0,38,16,0,54,13,54,16,0,83,10,0,10,99
06/25/2008,GSN,MP,AWP,WE,Federal Contract Tower,10,15,0,0,25,0,51,0,0,51,10,66,0,0,76,0,0,0,78
06/26/2008,GSN,MP,AWP,WE,Federal Contract Tower,12,10,0,0,22,0,45,0,2,47,12,55,0,2,69,0,0,0,71
06/27/2008,GSN,MP,AWP,WE,Federal Contract Tower,10,16,0,0,26,0,53,4,2,59,10,69,4,2,85,0,0,0,89
06/28/2008,GSN,MP,AWP,WE,Federal Contract Tower,15,16,0,0,31,0,50,4,0,54,15,66,4,0,85,2,0,2,89
06/29/2008,GSN,MP,AWP,WE,Federal Contract Tower,13,13,0,0,26,0,43,2,0,45,13,56,2,0,71,0,0,0,79
06/30/2008,GSN,MP,AWP,WE,Federal Contract Tower,10,15,0,0,25,0,47,2,2,51,10,62,2,2,76,0,0,0,76
07/01/2008,GSN,MP,AWP,WE,Federal Contract Tower,12,15,0,0,27,54,4,3,0,61,66,19,3,0,88,0,0,0,88
07/02/2008,GSN,MP,AWP,WE,Federal Contract Tower,12,15,0,0,27,0,56,5,0,61,12,71,5,0,88,0,0,0,88
07/03/2008,GSN,MP,AWP,WE,Federal Contract Tower,14,15,0,0,29,0,47,3,0,50,14,62,3,0,79,0,0,0,79
07/04/2008,GSN,MP,AWP,WE,Federal Contract Tower,12,18,0,0,30,0,37,2,0,39,12,55,2,0,69,0,0,0,69
07/05/2008,GSN,MP,AWP,WE,Federal Contract Tower,16,18,0,0,34,0,49,4,0,53,16,67,4,0,87,0,0,0,87
07/06/2008,GSN,MP,AWP,WE,Federal Contract Tower,14,16,0,0,30,0,39,6,0,45,14,55,6,0,75,0,0,0,75
07/07/2008,GSN,MP,AWP,WE,Federal Contract Tower,14,17,0,0,31,0,44,2,0,46,14,61,2,0,77,0,0,0,77
07/08/2008,GSN,MP,AWP,WE,Federal Contract Tower,14,16,0,0,30,0,52,4,0,56,14,68,4,0,86,0,0,0,86
07/09/2008,GSN,MP,AWP,WE,Federal Contract Tower,12,16,2,1,31,0,24,0,0,24,12,40,2,1,55,0,0,0,55
07/10/2008,GSN,MP,AWP,WE,Federal Contract Tower,14,17,0,0,31,0,54,8,0,62,14,71,8,0,93,0,0,0,93
07/11/2008,GSN,MP,AWP,WE,Federal Contract Tower,12,15,0,0,27,0,49,30,2,81,12,64,30,2,108,0,0,0,108
07/12/2008,GSN,MP,AWP,WE,Federal Contract Tower,16,16,0,0,32,0,56,53,0,109,16,72,53,0,141,0,0,0,141
07/13/2008,GSN,MP,AWP,WE,Federal Contract Tower,14,16,0,0,30,0,52,6,0,58,14,68,6,0,88,0,0,0,88
07/14/2008,GSN,MP,AWP,WE,Federal Contract Tower,12,16,2,1,31,0,46,46,1,93,12,62,48,2,124,0,0,0,124
07/15/2008,GSN,MP,AWP,WE,Federal Contract Tower,14,16,0,0,30,0,44,36,2,82,14,60,36,2,112,0,0,0,112
07/16/2008,GSN,MP,AWP,WE,Federal Contract Tower,12,17,0,0,29,0,40,6,4,50,12,57,6,4,79,0,0,0,79
07/17/2008,GSN,MP,AWP,WE,Federal Contract Tower,14,16,0,0,30,0,56,10,0,66,14,72,10,0,96,0,0,0,96
07/18/2008,GSN,MP,AWP,WE,Federal Contract Tower,12,15,0,0,27,0,51,2,4,57,12,66,2,4,84,0,0,0,84
07/19/2008,GSN,MP,AWP,WE,Federal Contract Tower,16,15,0,0,31,0,45,7,0,52,16,60,7,0,83,0,0,0,83
07/20/2008,GSN,MP,AWP,WE,Federal Contract Tower,16,15,0,0,31,0,50,1,0,51,16,65,1,0,82,0,0,0,82
07/21/2008,GSN,MP,AWP,WE,Federal Contract Tower,14,16,0,0,30,0,48,1,0,49,14,64,1,0,79,0,0,0,79
07/22/2008,GSN,MP,AWP,WE,Federal Contract Tower,14,15,0,0,29,0,51,6,1,58,14,66,6,1,87,0,0,0,87
07/23/2008,GSN,MP,AWP,WE,Federal Contract Tower,10,17,0,1,28,0,37,2,1,40,10,54,2,2,68,0,0,0,68
07/24/2008,GSN,MP,AWP,WE,Federal Contract Tower,15,16,0,0,31,0,46,2,0,48,15,62,2,0,79,0,0,0,79
07/25/2008,GSN,MP,AWP,WE,Federal Contract Tower,13,17,0,1,31,0,57,2,1,60,13,74,2,2,91,0,0,0,91
07/26/2008,GSN,MP,AWP,WE,Federal Contract Tower,15,15,0,0,30,0,41,4,0,45,15,56,4,0,75,0,0,0,75
07/27/2008,GSN,MP,AWP,WE,Federal Contract Tower,15,16,0,0,31,0,39,4,0,43,15,55,4,0,74,4,0,4,78
07/28/2008,GSN,MP,AWP,WE,Federal Contract Tower,12,19,0,0,31,0,51,11,2,64,12,70,11,2,95,8,0,8,103
07/29/2008,GSN,MP,AWP,WE,Federal Contract Tower,14,16,0,0,30,0,48,4,0,52,14,64,4,0,82,0,0,0,82
07/30/2008,GSN,MP,AWP,WE,Federal Contract Tower,10,17,1,0,28,0,46,0,0,46,10,63,1,0,74,0,0,0,74
07/31/2008,GSN,MP,AWP,WE,Federal Contract Tower,14,16,0,0,30,0,63,2,0,65,14,79,2,0,95,0,0,0,95
08/01/2008,GSN,MP,AWP,WE,Federal Contract Tower,13,18,0,0,31,0,59,0,0,59,13,77,0,0,90,0,0,0,90
08/02/2008,GSN,MP,AWP,WE,Federal Contract Tower,15,17,0,0,32,0,70,11,0,81,15,87,11,0,113,0,0,0,113
08/03/2008,GSN,MP,AWP,WE,Federal Contract Tower,13,17,0,0,30,0,43,0,0,43,13,60,0,0,73,0,6,6,79
08/04/2008,GSN,MP,AWP,WE,Federal Contract Tower,13,18,0,0,31,0,35,8,0,43,13,53,8,0,74,0,0,0,74
08/05/2008,GSN,MP,AWP,WE,Federal Contract Tower,15,17,0,0,32,0,37,2,2,41,15,54,2,2,73,0,0,0,73
08/06/2008,GSN,MP,AWP,WE,Federal Contract Tower,11,16,0,0,27,0,38,5,0,43,11,54,5,0,70,0,0,0,70
08/07/2008,GSN,MP,AWP,WE,Federal Contract Tower,15,18,3,0,36,0,48,4,2,54,15,66,7,2,90,0,0,0,90
08/08/2008,GSN,MP,AWP,WE,Federal Contract Tower,12,17,1,1,31,0,47,10,3,60,12,64,11,4,91,0,0,0,91
08/09/2008,GSN,MP,AWP,WE,Federal Contract Tower,14,16,0,1,31,0,39,12,1,52,14,55,12,2,83,0,0,0,83
08/10/2008,GSN,MP,AWP,WE,Federal Contract Tower,16,16,0,2,34,0,35,12,0,47,16,51,12,2,81,0,0,0,81
08/11/2008,GSN,MP,AWP,WE,Federal Contract Tower,11,16,0,1,28,0,52,5,0,57,11,68,5,1,85,0,0,0,85
08/12/2008,GSN,MP,AWP,WE,Federal Contract Tower,12,14,1,0,27,0,37,9,0,46,12,51,10,0,73,0,0,0,73
08/13/2008,GSN,MP,AWP,WE,Federal Contract Tower,10,19,2,0,31,0,45,6,0,51,10,64,8,0,82,0,0,0,82
08/14/2008,GSN,MP,AWP,WE,Federal Contract Tower,14,18,0,0,32,0,52,7,0,59,14,70,7,0,91,0,0,0,91
08/15/2008,GSN,MP,AWP,WE,Federal Contract Tower,12,18,0,0,30,0,49,7,0,56,12,67,7,0,86,0,0,0,86
08/16/2008,GSN,MP,AWP,WE,Federal Contract Tower,14,16,0,0,30,0,52,4,0,56,14,68,4,0,86,0,0,0,86
08/17/2008,GSN,MP,AWP,WE,Federal Contract Tower,14,16,0,0,30,0,45,8,0,53,14,61,8,0,83,0,0,0,83
08/18/2008,GSN,MP,AWP,WE,Federal Contract Tower,15,17,0,0,32,0,37,5,0,42,15,54,5,0,74,0,0,0,74
08/19/2008,GSN,MP,AWP,WE,Federal Contract Tower,14,14,0,0,28,0,43,8,0,51,14,57,8,0,79,0,0,0,79
08/20/2008,GSN,MP,AWP,WE,Federal Contract Tower,10,16,0,0,26,0,37,7,0,44,10,53,7,0,70,4,0,4,74
08/21/2008,GSN,MP,AWP,WE,Federal Contract Tower,14,18,0,0,32,0,46,3,0,49,14,64,3,0,81,0,0,0,81
08/22/2008,GSN,MP,AWP,WE,Federal Contract Tower,12,18,0,0,30,0,28,2,0,30,12,46,2,0,60,0,0,0,60
08/23/2008,GSN,MP,AWP,WE,Federal Contract Tower,15,16,0,0,31,0,60,10,4,74,15,76,10,4,105,0,0,0,105
08/24/2008,GSN,MP,AWP,WE,Federal Contract Tower,16,17,0,0,33,0,48,2,2,52,16,65,2,2,85,0,2,2,87
08/25/2008,GSN,MP,AWP,WE,Federal Contract Tower,15,16,0,0,31,0,48,4,0,52,15,64,4,0,83,0,2,2,85
08/26/2008,GSN,MP,AWP,WE,Federal Contract Tower,15,16,0,0,31,0,36,9,2,47,15,52,9,2,78,0,0,0,78
08/27/2008,GSN,MP,AWP,WE,Federal Contract Tower,10,13,0,0,23,0,55,8,0,63,10,68,8,0,86,0,0,0,86
08/28/2008,GSN,MP,AWP,WE,Federal Contract Tower,14,12,0,1,27,0,52,0,3,55,14,64,0,4,82,0,0,0,82
08/29/2008,GSN,MP,AWP,WE,Federal Contract Tower,13,18,1,0,32,0,44,17,0,61,13,62,18,0,93,0,0,0,93
08/30/2008,GSN,MP,AWP,WE,Federal Contract Tower,15,16,0,0,31,0,44,6,0,50,15,60,6,0,81,0,0,0,81
08/31/2008,GSN,MP,AWP,WE,Federal Contract Tower,14,16,0,0,30,0,24,8,0,32,14,40,8,0,62,0,0,0,62
09/01/2008,GSN,MP,AWP,WE,Federal Contract Tower,12,15,0,0,27,0,41,0,0,41,12,56,0,0,68,0,0,0,68
09/02/2008,GSN,MP,AWP,WE,Federal Contract Tower,14,18,0,0,32,0,40,2,0,42,14,58,2,0,74,0,0,0,74
09/03/2008,GSN,MP,AWP,WE,Federal Contract Tower,10,16,0,0,26,0,48,2,0,50,10,64,2,0,76,0,0,0,76
09/04/2008,GSN,MP,AWP,WE,Federal Contract Tower,12,18,1,1,32,0,27,7,1,35,12,45,8,2,67,0,0,0,67
09/05/2008,GSN,MP,AWP,WE,Federal Contract Tower,13,18,0,0,31,0,49,31,0,80,13,67,31,0,111,0,0,0,111
09/06/2008,GSN,MP,AWP,WE,Federal Contract Tower,13,16,0,0,29,0,34,53,0,87,13,50,53,0,116,0,0,0,116
09/07/2008,GSN,MP,AWP,WE,Federal Contract Tower,12,18,0,0,30,0,40,9,0,49,12,58,9,0,79,0,0,0,79
09/08/2008,GSN,MP,AWP,WE,Federal Contract Tower,14,17,0,0,31,0,42,46,0,88,14,59,46,0,119,0,0,0,119
09/09/2008,GSN,MP,AWP,WE,Federal Contract Tower,12,17,0,0,29,0,33,12,0,45,12,50,12,0,74,0,0,0,74
09/10/2008,GSN,MP,AWP,WE,Federal Contract Tower,10,17,0,0,27,0,41,10,0,51,10,58,10,0,78,0,0,0,78
09/11/2008,GSN,MP,AWP,WE,Federal Contract Tower,12,15,0,0,27,0,51,6,0,57,12,66,6,0,84,0,0,0,84
09/12/2008,GSN,MP,AWP,WE,Federal Contract Tower,12,18,0,0,30,0,48,6,2,56,12,66,6,2,86,0,0,0,86
09/13/2008,GSN,MP,AWP,WE,Federal Contract Tower,13,15,0,0,28,0,42,6,0,48,13,57,6,0,76,0,0,0,76
09/14/2008,GSN,MP,AWP,WE,Federal Contract Tower,13,16,0,0,29,0,38,14,0,52,13,54,14,0,81,0,0,0,81
09/15/2008,GSN,MP,AWP,WE,Federal Contract Tower,12,16,0,0,28,0,45,4,0,49,12,61,4,0,77,0,0,0,77
09/16/2008,GSN,MP,AWP,WE,Federal Contract Tower,12,15,0,0,27,0,36,1,0,37,12,51,1,0,64,0,0,0,64
09/17/2008,GSN,MP,AWP,WE,Federal Contract Tower,10,19,0,0,29,0,39,3,0,42,10,58,3,0,71,0,0,0,71
09/18/2008,GSN,MP,AWP,WE,Federal Contract Tower,12,17,0,0,29,0,41,10,0,51,12,58,10,0,80,2,0,2,82
09/19/2008,GSN,MP,AWP,WE,Federal Contract Tower,14,20,0,1,35,0,22,6,1,29,14,42,6,2,64,2,0,2,66
09/20/2008,GSN,MP,AWP,WE,Federal Contract Tower,12,15,0,0,27,0,48,4,0,52,12,63,4,0,79,0,0,0,79
09/21/2008,GSN,MP,AWP,WE,Federal Contract Tower,12,16,0,0,28,0,29,8,0,37,12,45,8,0,65,0,0,0,65
09/22/2008,GSN,MP,AWP,WE,Federal Contract Tower,14,17,0,0,31,0,43,0,4,47,14,60,0,4,78,0,0,0,78
09/23/2008,GSN,MP,AWP,WE,Federal Contract Tower,12,16,0,0,28,0,42,6,0,48,12,58,6,0,76,0,0,0,76
09/24/2008,GSN,MP,AWP,WE,Federal Contract Tower,10,18,0,0,28,0,28,8,0,36,10,46,8,0,64,0,0,0,64
09/25/2008,GSN,MP,AWP,WE,Federal Contract Tower,12,12,0,0,24,0,44,10,0,54,12,56,10,0,78,0,0,0,78
09/26/2008,GSN,MP,AWP,WE,Federal Contract Tower,12,16,2,0,30,0,52,6,2,60,12,68,8,2,90,0,0,0,90
09/27/2008,GSN,MP,AWP,WE,Federal Contract Tower,10,16,0,0,26,0,48,3,0,51,10,64,3,0,77,4,0,4,81
09/28/2008,GSN,MP,AWP,WE,Federal Contract Tower,11,16,0,0,27,0,46,6,4,56,11,62,6,4,83,0,0,0,83
09/29/2008,GSN,MP,AWP,WE,Federal Contract Tower,10,18,0,0,28,0,35,8,0,43,10,53,8,0,71,0,0,0,71
09/30/2008,GSN,MP,AWP,WE,Federal Contract Tower,14,16,0,0,30,0,39,29,10,78,14,55,29,10,108,0,0,0,108
10/01/2008,GSN,MP,AWP,WE,Federal Contract Tower,10,15,6,0,31,0,35,0,0,35,10,50,6,0,66,0,0,0,66
10/02/2008,GSN,MP,AWP,WE,Federal Contract Tower,14,17,0,0,31,0,45,8,0,53,14,62,8,0,84,0,0,0,84
10/03/2008,GSN,MP,AWP,WE,Federal Contract Tower,12,17,0,0,29,0,51,2,0,53,12,68,2,0,82,0,0,0,82
10/04/2008,GSN,MP,AWP,WE,Federal Contract Tower,14,16,0,0,30,0,35,10,0,45,14,51,10,0,75,0,0,0,75
10/05/2008,GSN,MP,AWP,WE,Federal Contract Tower,14,15,0,0,29,0,41,6,4,51,14,56,6,4,80,0,0,0,80
10/06/2008,GSN,MP,AWP,WE,Federal Contract Tower,14,18,0,0,32,0,32,3,0,35,14,50,3,0,67,0,0,0,67
10/07/2008,GSN,MP,AWP,WE,Federal Contract Tower,13,17,0,0,30,0,44,10,0,54,13,61,10,0,84,0,0,0,84
10/08/2008,GSN,MP,AWP,WE,Federal Contract Tower,10,18,0,0,28,0,40,2,0,42,10,58,2,0,70,0,0,0,70
10/09/2008,GSN,MP,AWP,WE,Federal Contract Tower,14,16,0,0,30,0,47,6,0,53,14,63,6,0,83,2,0,2,85
10/10/2008,GSN,MP,AWP,WE,Federal Contract Tower,12,18,0,0,30,0,38,6,0,44,12,56,6,0,74,8,0,8,82
10/11/2008,GSN,MP,AWP,WE,Federal Contract Tower,16,15,0,0,31,0,33,8,0,41,16,48,8,0,72,0,0,0,72
10/12/2008,GSN,MP,AWP,WE,Federal Contract Tower,14,16,0,0,30,0,48,2,0,50,14,64,2,0,80,0,0,0,80
10/13/2008,GSN,MP,AWP,WE,Federal Contract Tower,12,16,0,0,28,0,44,4,0,48,12,60,4,0,76,0,0,0,76
10/14/2008,GSN,MP,AWP,WE,Federal Contract Tower,13,16,0,0,29,0,34,4,0,38,13,50,4,0,67,0,0,0,67
10/15/2008,GSN,MP,AWP,WE,Federal Contract Tower,10,18,0,0,28,0,32,2,2,36,10,50,2,2,64,0,0,0,64
10/16/2008,GSN,MP,AWP,WE,Federal Contract Tower,14,14,1,0,29,0,50,2,0,52,14,64,3,0,81,0,0,0,81
10/17/2008,GSN,MP,AWP,WE,Federal Contract Tower,12,15,1,5,33,0,50,36,5,91,12,65,37,10,124,0,0,0,124
10/18/2008,GSN,MP,AWP,WE,Federal Contract Tower,14,15,2,0,31,0,41,44,0,85,14,56,46,0,116,0,0,0,116
10/19/2008,GSN,MP,AWP,WE,Federal Contract Tower,14,15,0,10,39,0,35,8,2,45,14,50,8,12,84,0,0,0,84
10/20/2008,GSN,MP,AWP,WE,Federal Contract Tower,14,16,0,0,30,0,47,53,0,100,14,63,53,0,130,8,0,8,138
10/21/2008,GSN,MP,AWP,WE,Federal Contract Tower,14,15,0,0,29,0,45,18,6,69,14,60,18,6,98,0,0,0,98
10/22/2008,GSN,MP,AWP,WE,Federal Contract Tower,10,17,4,0,31,0,47,10,6,63,10,64,14,6,94,0,0,0,94
10/23/2008,GSN,MP,AWP,WE,Federal Contract Tower,14,16,0,0,30,0,68,3,0,71,14,84,3,0,101,0,0,0,101
10/24/2008,GSN,MP,AWP,WE,Federal Contract Tower,12,18,0,0,30,0,53,7,0,60,12,71,7,0,90,0,0,0,90
10/25/2008,GSN,MP,AWP,WE,Federal Contract Tower,14,16,0,0,30,0,44,14,0,58,14,60,14,0,88,0,0,0,88
10/26/2008,GSN,MP,AWP,WE,Federal Contract Tower,14,16,0,0,30,0,42,10,0,52,14,58,10,0,82,0,0,0,82
10/27/2008,GSN,MP,AWP,WE,Federal Contract Tower,14,16,0,4,34,0,48,8,0,56,14,64,8,4,90,0,0,0,90
10/28/2008,GSN,MP,AWP,WE,Federal Contract Tower,14,15,0,0,29,0,39,8,10,57,14,54,8,10,86,0,14,14,100
10/29/2008,GSN,MP,AWP,WE,Federal Contract Tower,12,14,1,2,29,0,44,6,14,64,12,58,7,16,93,6,0,6,99
10/30/2008,GSN,MP,AWP,WE,Federal Contract Tower,13,14,0,2,29,0,47,6,0,53,13,61,6,2,82,0,0,0,82
10/31/2008,GSN,MP,AWP,WE,Federal Contract Tower,15,17,1,1,34,0,45,7,1,53,15,62,8,2,87,0,0,0,87
11/01/2008,GSN,MP,AWP,WE,Federal Contract Tower,14,16,0,0,30,0,43,6,0,49,14,59,6,0,79,6,0,6,85
11/02/2008,GSN,MP,AWP,WE,Federal Contract Tower,14,16,0,0,30,0,32,8,0,40,14,48,8,0,70,2,0,2,72
11/03/2008,GSN,MP,AWP,WE,Federal Contract Tower,17,16,0,0,33,0,57,13,0,70,17,73,13,0,103,8,0,8,111
11/04/2008,GSN,MP,AWP,WE,Federal Contract Tower,13,15,0,0,28,0,39,13,0,52,13,54,13,0,80,0,0,0,80
11/05/2008,GSN,MP,AWP,WE,Federal Contract Tower,12,15,0,0,27,0,47,11,0,58,12,62,11,0,85,0,0,0,85
11/06/2008,GSN,MP,AWP,WE,Federal Contract Tower,14,16,3,0,33,0,54,3,0,57,14,70,6,0,90,0,0,0,90
11/07/2008,GSN,MP,AWP,WE,Federal Contract Tower,15,18,2,0,35,0,50,10,0,60,15,68,12,0,95,0,0,0,95
11/08/2008,GSN,MP,AWP,WE,Federal Contract Tower,11,16,0,0,27,0,36,10,0,46,11,52,10,0,73,0,0,0,73
11/09/2008,GSN,MP,AWP,WE,Federal Contract Tower,14,16,0,0,30,0,42,8,0,50,14,58,8,0,80,0,0,0,80
11/10/2008,GSN,MP,AWP,WE,Federal Contract Tower,14,16,0,0,30,0,33,4,0,37,14,49,4,0,67,0,0,0,67
11/11/2008,GSN,MP,AWP,WE,Federal Contract Tower,14,14,0,0,28,0,38,4,0,42,14,52,4,0,70,0,0,0,70
11/12/2008,GSN,MP,AWP,WE,Federal Contract Tower,12,16,0,0,28,0,43,1,0,44,12,59,1,0,72,0,0,0,72
11/13/2008,GSN,MP,AWP,WE,Federal Contract Tower,14,16,0,0,30,0,45,10,0,55,14,61,10,0,85,0,0,0,85
11/14/2008,GSN,MP,AWP,WE,Federal Contract Tower,18,18,0,1,37,0,55,4,0,59,18,73,4,1,96,0,0,0,96
11/15/2008,GSN,MP,AWP,WE,Federal Contract Tower,14,16,1,0,31,0,26,6,0,32,14,42,7,0,63,6,0,6,69
11/16/2008,GSN,MP,AWP,WE,Federal Contract Tower,14,16,1,1,32,0,34,8,0,42,14,50,9,1,74,0,0,0,74
11/17/2008,GSN,MP,AWP,WE,Federal Contract Tower,14,16,0,0,30,0,34,2,0,36,14,50,2,0,66,0,0,0,66
11/18/2008,GSN,MP,AWP,WE,Federal Contract Tower,14,16,0,0,30,0,34,2,0,36,14,50,2,0,66,0,0,0,66
11/19/2008,GSN,MP,AWP,WE,Federal Contract Tower,12,17,0,0,29,0,51,4,0,55,12,68,4,0,84,0,0,0,84
11/20/2008,GSN,MP,AWP,WE,Federal Contract Tower,12,16,2,0,30,0,31,2,0,33,12,47,4,0,63,0,0,0,63
11/21/2008,GSN,MP,AWP,WE,Federal Contract Tower,15,17,0,0,32,0,49,5,0,54,15,66,5,0,86,8,0,8,94
11/22/2008,GSN,MP,AWP,WE,Federal Contract Tower,14,15,1,0,30,0,43,14,0,57,14,58,15,0,87,0,0,0,87
11/23/2008,GSN,MP,AWP,WE,Federal Contract Tower,14,15,0,0,29,0,39,6,0,45,14,54,6,0,74,0,0,0,74
11/24/2008,GSN,MP,AWP,WE,Federal Contract Tower,14,15,0,0,29,0,51,9,0,60,14,66,9,0,89,0,0,0,89
11/25/2008,GSN,MP,AWP,WE,Federal Contract Tower,17,14,0,2,33,0,56,10,2,68,17,70,10,4,101,6,0,6,107
11/26/2008,GSN,MP,AWP,WE,Federal Contract Tower,12,18,0,0,30,0,58,9,0,67,12,76,9,0,97,0,0,0,97
11/27/2008,GSN,MP,AWP,WE,Federal Contract Tower,14,16,0,0,30,0,26,9,0,35,14,42,9,0,65,0,0,0,65
11/28/2008,GSN,MP,AWP,WE,Federal Contract Tower,14,16,0,0,30,0,43,2,0,45,14,59,2,0,75,0,0,0,75
11/29/2008,GSN,MP,AWP,WE,Federal Contract Tower,16,15,0,0,31,0,39,7,0,46,16,54,7,0,77,0,0,0,77
11/30/2008,GSN,MP,AWP,WE,Federal Contract Tower,14,16,0,0,30,0,34,8,0,42,14,50,8,0,72,0,0,0,72
12/01/2008,GSN,MP,AWP,WE,Federal Contract Tower,14,16,0,0,30,0,34,8,0,42,14,50,8,0,72,0,0,0,72
12/02/2008,GSN,MP,AWP,WE,Federal Contract Tower,14,16,1,0,31,0,34,9,0,43,14,50,10,0,74,0,0,0,74
12/03/2008,GSN,MP,AWP,WE,Federal Contract Tower,12,17,1,0,30,0,59,9,0,68,12,76,10,0,98,0,0,0,98
12/04/2008,GSN,MP,AWP,WE,Federal Contract Tower,14,17,0,0,31,0,34,2,0,36,14,51,2,0,67,4,0,4,71
12/05/2008,GSN,MP,AWP,WE,Federal Contract Tower,14,17,0,0,31,0,51,12,0,63,14,68,12,0,94,0,0,0,94
12/06/2008,GSN,MP,AWP,WE,Federal Contract Tower,14,14,0,0,28,0,45,6,4,55,14,59,6,4,83,0,0,0,83
12/07/2008,GSN,MP,AWP,WE,Federal Contract Tower,14,14,0,0,28,0,37,4,0,41,14,51,4,0,69,0,0,0,69
12/08/2008,GSN,MP,AWP,WE,Federal Contract Tower,14,16,1,0,31,0,37,12,0,49,14,53,13,0,80,2,0,2,82
12/09/2008,GSN,MP,AWP,WE,Federal Contract Tower,14,16,0,0,30,0,38,10,0,48,14,54,10,0,78,0,6,6,84
12/10/2008,GSN,MP,AWP,WE,Federal Contract Tower,12,16,0,0,28,0,48,6,0,54,12,64,6,0,82,0,0,0,82
12/11/2008,GSN,MP,AWP,WE,Federal Contract Tower,14,18,2,0,34,0,30,4,0,34,14,48,6,0,68,0,0,0,68
12/12/2008,GSN,MP,AWP,WE,Federal Contract Tower,14,16,0,0,30,0,54,26,0,80,14,70,26,0,110,0,0,0,110
12/13/2008,GSN,MP,AWP,WE,Federal Contract Tower,14,16,0,0,30,0,47,39,0,86,14,63,39,0,116,4,0,4,120
12/14/2008,GSN,MP,AWP,WE,Federal Contract Tower,14,15,0,0,29,0,33,8,0,41,14,48,8,0,70,0,0,0,70
12/15/2008,GSN,MP,AWP,WE,Federal Contract Tower,16,15,0,0,31,0,48,43,0,91,16,63,43,0,122,6,0,6,128
12/16/2008,GSN,MP,AWP,WE,Federal Contract Tower,14,16,0,0,30,0,48,43,0,91,14,64,43,0,121,2,0,2,123
12/17/2008,GSN,MP,AWP,WE,Federal Contract Tower,12,16,0,0,28,0,42,7,0,49,12,58,7,0,77,26,0,26,103
12/18/2008,GSN,MP,AWP,WE,Federal Contract Tower,15,14,0,0,29,0,54,6,4,64,15,68,6,4,93,8,0,8,101
12/19/2008,GSN,MP,AWP,WE,Federal Contract Tower,13,18,0,0,31,0,57,4,0,61,13,75,4,0,92,0,0,0,92
12/20/2008,GSN,MP,AWP,WE,Federal Contract Tower,16,16,0,0,32,0,49,10,0,59,16,65,10,0,91,0,0,0,91
12/21/2008,GSN,MP,AWP,WE,Federal Contract Tower,14,15,2,0,31,0,47,4,0,51,14,62,6,0,82,0,0,0,82
12/22/2008,GSN,MP,AWP,WE,Federal Contract Tower,16,15,0,0,31,0,41,7,0,48,16,56,7,0,79,8,0,8,87
12/23/2008,GSN,MP,AWP,WE,Federal Contract Tower,14,15,0,0,29,0,58,12,2,72,14,73,12,2,101,0,0,0,101
12/24/2008,GSN,MP,AWP,WE,Federal Contract Tower,12,17,0,0,29,0,41,4,0,45,12,58,4,0,74,0,0,0,74
12/25/2008,GSN,MP,AWP,WE,Federal Contract Tower,15,16,0,0,31,0,28,9,0,37,15,44,9,0,68,0,0,0,68
12/26/2008,GSN,MP,AWP,WE,Federal Contract Tower,15,17,0,0,32,0,40,8,0,48,15,57,8,0,80,0,0,0,80
12/27/2008,GSN,MP,AWP,WE,Federal Contract Tower,16,16,1,0,33,0,31,9,0,40,16,47,10,0,73,0,0,0,73
12/28/2008,GSN,MP,AWP,WE,Federal Contract Tower,18,16,2,0,36,0,48,4,0,52,18,64,6,0,88,0,0,0,88
12/29/2008,GSN,MP,AWP,WE,Federal Contract Tower,19,16,0,0,35,0,28,9,0,37,19,44,9,0,72,0,0,0,72
12/30/2008,GSN,MP,AWP,WE,Federal Contract Tower,17,13,0,0,30,0,50,14,0,64,17,63,14,0,94,0,0,0,94
12/31/2008,GSN,MP,AWP,WE,Federal Contract Tower,16,18,0,0,34,0,60,12,0,72,16,78,12,0,106,0,12,12,118
01/01/2009,GSN,MP,AWP,WE,Federal Contract Tower,16,16,2,0,34,0,42,12,0,54,16,58,14,0,88,0,0,0,88
01/02/2009,GSN,MP,AWP,WE,Federal Contract Tower,16,17,0,0,33,59,11,0,0,70,75,28,0,0,103,2,0,2,105
01/03/2009,GSN,MP,AWP,WE,Federal Contract Tower,24,16,0,0,40,0,52,10,0,62,24,68,10,0,102,2,0,2,104
01/04/2009,GSN,MP,AWP,WE,Federal Contract Tower,17,16,0,0,33,0,46,43,0,89,17,62,43,0,122,0,0,0,122
01/05/2009,GSN,MP,AWP,WE,Federal Contract Tower,17,14,0,0,31,0,53,3,0,56,17,67,3,0,87,0,0,0,87
01/06/2009,GSN,MP,AWP,WE,Federal Contract Tower,14,17,2,0,33,0,48,10,0,58,14,65,12,0,91,0,0,0,91
01/07/2009,GSN,MP,AWP,WE,Federal Contract Tower,16,17,0,0,33,0,51,8,0,59,16,68,8,0,92,0,0,0,92
01/08/2009,GSN,MP,AWP,WE,Federal Contract Tower,16,15,0,0,31,0,52,10,2,64,16,67,10,2,95,0,0,0,95
01/09/2009,GSN,MP,AWP,WE,Federal Contract Tower,14,14,0,0,28,0,56,3,0,59,14,70,3,0,87,0,0,0,87
01/10/2009,GSN,MP,AWP,WE,Federal Contract Tower,16,16,0,0,32,0,38,3,0,41,16,54,3,0,73,0,0,0,73
01/11/2009,GSN,MP,AWP,WE,Federal Contract Tower,14,14,2,0,30,0,42,7,0,49,14,56,9,0,79,2,0,2,81
01/12/2009,GSN,MP,AWP,WE,Federal Contract Tower,16,16,0,0,32,0,44,6,0,50,16,60,6,0,82,0,0,0,82
01/13/2009,GSN,MP,AWP,WE,Federal Contract Tower,14,16,0,0,30,0,42,4,0,46,14,58,4,0,76,2,0,2,78
01/14/2009,GSN,MP,AWP,WE,Federal Contract Tower,12,16,0,0,28,0,35,5,0,40,12,51,5,0,68,0,0,0,68
01/15/2009,GSN,MP,AWP,WE,Federal Contract Tower,16,16,0,0,32,0,56,7,0,63,16,72,7,0,95,0,0,0,95
01/16/2009,GSN,MP,AWP,WE,Federal Contract Tower,14,18,0,0,32,0,65,22,0,87,14,83,22,0,119,0,0,0,119
01/17/2009,GSN,MP,AWP,WE,Federal Contract Tower,15,13,1,0,29,1,39,38,0,78,16,52,39,0,107,2,0,2,109
01/18/2009,GSN,MP,AWP,WE,Federal Contract Tower,16,16,1,0,33,0,35,8,0,43,16,51,9,0,76,0,0,0,76
01/19/2009,GSN,MP,AWP,WE,Federal Contract Tower,20,16,1,0,37,0,40,65,0,105,20,56,66,0,142,7,0,7,149
01/20/2009,GSN,MP,AWP,WE,Federal Contract Tower,17,15,1,0,33,0,50,16,0,66,17,65,17,0,99,0,0,0,99
01/21/2009,GSN,MP,AWP,WE,Federal Contract Tower,13,16,0,0,29,0,34,12,0,46,13,50,12,0,75,0,0,0,75
01/22/2009,GSN,MP,AWP,WE,Federal Contract Tower,16,16,0,0,32,0,35,6,8,49,16,51,6,8,81,0,0,0,81
01/23/2009,GSN,MP,AWP,WE,Federal Contract Tower,17,17,0,0,34,0,52,10,0,62,17,69,10,0,96,0,0,0,96
01/24/2009,GSN,MP,AWP,WE,Federal Contract Tower,19,16,0,0,35,0,44,0,0,44,19,60,0,0,79,0,0,0,79
01/25/2009,GSN,MP,AWP,WE,Federal Contract Tower,16,12,0,0,28,0,45,4,0,49,16,57,4,0,77,0,0,0,77
01/26/2009,GSN,MP,AWP,WE,Federal Contract Tower,18,15,0,0,33,0,39,2,0,41,18,54,2,0,74,0,0,0,74
01/27/2009,GSN,MP,AWP,WE,Federal Contract Tower,14,15,0,0,29,0,66,8,0,74,14,81,8,0,103,0,0,0,103
01/28/2009,GSN,MP,AWP,WE,Federal Contract Tower,13,17,0,0,30,1,89,12,0,102,14,106,12,0,132,0,0,0,132
01/29/2009,GSN,MP,AWP,WE,Federal Contract Tower,16,16,0,2,34,0,58,12,0,70,16,74,12,2,104,0,0,0,104
01/30/2009,GSN,MP,AWP,WE,Federal Contract Tower,15,18,0,0,33,0,76,12,0,88,15,94,12,0,121,2,0,2,123
01/31/2009,GSN,MP,AWP,WE,Federal Contract Tower,16,15,2,0,33,0,64,0,1,65,16,79,2,1,98,0,0,0,98
02/01/2009,GSN,MP,AWP,WE,Federal Contract Tower,16,16,0,0,32,0,38,17,6,61,16,54,17,6,93,0,0,0,93
02/02/2009,GSN,MP,AWP,WE,Federal Contract Tower,18,17,1,10,46,0,55,8,10,73,18,72,9,20,119,0,0,0,119
02/03/2009,GSN,MP,AWP,WE,Federal Contract Tower,14,12,0,7,33,0,44,2,7,53,14,56,2,14,86,0,0,0,86
02/04/2009,GSN,MP,AWP,WE,Federal Contract Tower,12,16,0,0,28,0,35,2,0,37,12,51,2,0,65,4,0,4,69
02/05/2009,GSN,MP,AWP,WE,Federal Contract Tower,16,11,0,0,27,0,41,4,0,45,16,52,4,0,72,0,0,0,72
02/06/2009,GSN,MP,AWP,WE,Federal Contract Tower,14,16,0,0,30,0,46,13,0,59,14,62,13,0,89,0,6,6,95
02/07/2009,GSN,MP,AWP,WE,Federal Contract Tower,18,15,0,0,33,0,60,11,0,71,18,75,11,0,104,7,0,7,111
02/08/2009,GSN,MP,AWP,WE,Federal Contract Tower,13,17,0,0,30,0,39,9,0,48,13,56,9,0,78,10,0,10,88
02/09/2009,GSN,MP,AWP,WE,Federal Contract Tower,16,22,0,2,40,0,46,11,0,57,16,68,11,2,97,0,0,0,97
02/10/2009,GSN,MP,AWP,WE,Federal Contract Tower,16,16,1,0,33,0,44,2,0,46,16,60,3,0,79,0,0,0,79
02/11/2009,GSN,MP,AWP,WE,Federal Contract Tower,10,19,0,0,29,0,46,0,0,46,10,65,0,0,75,0,0,0,75
02/12/2009,GSN,MP,AWP,WE,Federal Contract Tower,16,13,0,0,29,0,55,3,0,58,16,68,3,0,87,0,0,0,87
02/13/2009,GSN,MP,AWP,WE,Federal Contract Tower,12,18,0,0,30,0,64,5,0,69,12,82,5,0,99,0,0,0,99
02/14/2009,GSN,MP,AWP,WE,Federal Contract Tower,16,16,0,0,32,0,50,5,0,55,16,66,5,0,87,0,0,0,87
02/15/2009,GSN,MP,AWP,WE,Federal Contract Tower,14,15,0,0,29,0,43,1,0,44,14,58,1,0,73,0,0,0,73
02/16/2009,GSN,MP,AWP,WE,Federal Contract Tower,16,14,0,0,30,0,38,8,0,46,16,52,8,0,76,8,0,8,84
02/17/2009,GSN,MP,AWP,WE,Federal Contract Tower,14,16,0,0,30,0,50,15,0,65,14,66,15,0,95,2,0,2,97
02/18/2009,GSN,MP,AWP,WE,Federal Contract Tower,10,18,0,0,28,0,44,22,0,66,10,62,22,0,94,0,0,0,94
02/19/2009,GSN,MP,AWP,WE,Federal Contract Tower,16,16,0,0,32,0,39,4,0,43,16,55,4,0,75,0,0,0,75
02/20/2009,GSN,MP,AWP,WE,Federal Contract Tower,12,15,2,0,29,0,43,8,0,51,12,58,10,0,80,0,0,0,80
02/21/2009,GSN,MP,AWP,WE,Federal Contract Tower,16,15,0,0,31,0,39,10,0,49,16,54,10,0,80,0,0,0,80
02/22/2009,GSN,MP,AWP,WE,Federal Contract Tower,14,13,3,0,30,0,34,8,0,42,14,47,11,0,72,0,0,0,72
02/23/2009,GSN,MP,AWP,WE,Federal Contract Tower,14,16,1,0,31,0,49,2,0,51,14,65,3,0,82,0,0,0,82
02/24/2009,GSN,MP,AWP,WE,Federal Contract Tower,14,16,0,0,30,0,44,4,0,48,14,60,4,0,78,0,0,0,78
02/25/2009,GSN,MP,AWP,WE,Federal Contract Tower,10,17,0,0,27,0,45,6,0,51,10,62,6,0,78,0,0,0,78
02/26/2009,GSN,MP,AWP,WE,Federal Contract Tower,16,15,2,0,33,0,48,8,2,58,16,63,10,2,91,0,0,0,91
02/27/2009,GSN,MP,AWP,WE,Federal Contract Tower,12,17,0,0,29,0,48,9,0,57,12,65,9,0,86,0,0,0,86
02/28/2009,GSN,MP,AWP,WE,Federal Contract Tower,16,16,0,0,32,0,40,5,0,45,16,56,5,0,77,0,0,0,77
03/01/2009,GSN,MP,AWP,WE,Federal Contract Tower,12,16,0,0,28,0,28,4,0,32,12,44,4,0,60,0,0,0,60
03/02/2009,GSN,MP,AWP,WE,Federal Contract Tower,12,18,0,0,30,0,44,10,0,54,12,62,10,0,84,0,0,0,84
03/03/2009,GSN,MP,AWP,WE,Federal Contract Tower,12,13,0,0,25,0,39,4,0,43,12,52,4,0,68,6,0,6,74
03/04/2009,GSN,MP,AWP,WE,Federal Contract Tower,8,13,0,0,21,0,39,4,4,47,8,52,4,4,68,0,0,0,68
03/05/2009,GSN,MP,AWP,WE,Federal Contract Tower,13,15,0,0,28,0,35,6,4,45,13,50,6,4,73,0,0,0,73
03/06/2009,GSN,MP,AWP,WE,Federal Contract Tower,11,18,0,0,29,0,56,4,0,60,11,74,4,0,89,0,0,0,89
03/07/2009,GSN,MP,AWP,WE,Federal Contract Tower,14,16,0,0,30,0,41,0,0,41,14,57,0,0,71,0,0,0,71
03/08/2009,GSN,MP,AWP,WE,Federal Contract Tower,10,15,0,0,25,0,39,6,0,45,10,54,6,0,70,0,0,0,70
03/09/2009,GSN,MP,AWP,WE,Federal Contract Tower,12,15,0,4,31,0,35,2,0,37,12,50,2,4,68,0,0,0,68
03/10/2009,GSN,MP,AWP,WE,Federal Contract Tower,12,14,0,0,26,0,44,4,0,48,12,58,4,0,74,0,0,0,74
03/11/2009,GSN,MP,AWP,WE,Federal Contract Tower,8,13,2,0,23,0,41,1,0,42,8,54,3,0,65,0,0,0,65
03/12/2009,GSN,MP,AWP,WE,Federal Contract Tower,13,15,1,0,29,0,46,10,0,56,13,61,11,0,85,0,0,0,85
03/13/2009,GSN,MP,AWP,WE,Federal Contract Tower,12,18,1,0,31,0,60,19,0,79,12,78,20,0,110,0,0,0,110
03/14/2009,GSN,MP,AWP,WE,Federal Contract Tower,15,14,0,0,29,0,46,69,0,115,15,60,69,0,144,0,0,0,144
03/15/2009,GSN,MP,AWP,WE,Federal Contract Tower,10,16,0,0,26,0,44,27,0,71,10,60,27,0,97,0,0,0,97
03/16/2009,GSN,MP,AWP,WE,Federal Contract Tower,14,15,0,0,29,0,37,69,0,106,14,52,69,0,135,0,0,0,135
03/17/2009,GSN,MP,AWP,WE,Federal Contract Tower,12,12,0,0,24,0,34,10,4,48,12,46,10,4,72,0,0,0,72
03/18/2009,GSN,MP,AWP,WE,Federal Contract Tower,8,14,0,0,22,0,34,9,0,43,8,48,9,0,65,0,0,0,65
03/19/2009,GSN,MP,AWP,WE,Federal Contract Tower,11,15,0,0,26,0,45,8,0,53,11,60,8,0,79,0,0,0,79
03/20/2009,GSN,MP,AWP,WE,Federal Contract Tower,10,17,2,4,33,0,61,4,0,65,10,78,6,4,98,0,0,0,98
03/21/2009,GSN,MP,AWP,WE,Federal Contract Tower,14,14,0,0,28,0,42,12,0,54,14,56,12,0,82,6,0,6,88
03/22/2009,GSN,MP,AWP,WE,Federal Contract Tower,11,16,0,0,27,0,32,10,0,42,11,48,10,0,69,9,0,9,78
03/23/2009,GSN,MP,AWP,WE,Federal Contract Tower,12,16,0,0,28,0,40,6,0,46,12,56,6,0,74,0,0,0,74
03/24/2009,GSN,MP,AWP,WE,Federal Contract Tower,12,16,0,0,28,0,34,4,0,38,12,50,4,0,66,0,0,0,66
03/25/2009,GSN,MP,AWP,WE,Federal Contract Tower,8,12,0,1,21,0,32,6,1,39,8,44,6,2,60,0,0,0,60
03/26/2009,GSN,MP,AWP,WE,Federal Contract Tower,12,16,0,0,28,0,34,6,0,40,12,50,6,0,68,6,0,6,74
03/27/2009,GSN,MP,AWP,WE,Federal Contract Tower,11,17,0,0,28,0,47,6,4,57,11,64,6,4,85,2,0,2,87
03/28/2009,GSN,MP,AWP,WE,Federal Contract Tower,15,12,2,0,29,0,36,16,2,54,15,48,18,2,83,0,0,0,83
03/29/2009,GSN,MP,AWP,WE,Federal Contract Tower,8,14,0,4,26,0,32,8,0,40,8,46,8,4,66,0,0,0,66
03/30/2009,GSN,MP,AWP,WE,Federal Contract Tower,13,16,0,0,29,0,44,2,0,46,13,60,2,0,75,0,0,0,75
03/31/2009,GSN,MP,AWP,WE,Federal Contract Tower,9,15,0,0,24,0,42,2,0,44,9,57,2,0,68,0,0,0,68
04/01/2009,GSN,MP,AWP,WE,Federal Contract Tower,8,16,0,0,24,0,30,2,0,32,8,46,2,0,56,0,0,0,56
04/02/2009,GSN,MP,AWP,WE,Federal Contract Tower,12,16,2,0,30,0,34,8,0,42,12,50,10,0,72,0,0,0,72
04/03/2009,GSN,MP,AWP,WE,Federal Contract Tower,12,17,0,0,29,0,53,3,0,56,12,70,3,0,85,0,0,0,85
04/04/2009,GSN,MP,AWP,WE,Federal Contract Tower,12,14,0,0,26,0,28,14,0,42,12,42,14,0,68,0,0,0,68
04/05/2009,GSN,MP,AWP,WE,Federal Contract Tower,8,16,0,7,31,0,31,4,0,35,8,47,4,7,66,0,0,0,66
04/06/2009,GSN,MP,AWP,WE,Federal Contract Tower,12,16,1,0,29,0,44,0,0,44,12,60,1,0,73,0,0,0,73
04/07/2009,GSN,MP,AWP,WE,Federal Contract Tower,10,13,2,0,25,0,47,0,0,47,10,60,2,0,72,0,0,0,72
04/08/2009,GSN,MP,AWP,WE,Federal Contract Tower,8,13,0,1,22,0,39,4,1,44,8,52,4,2,66,0,0,0,66
04/09/2009,GSN,MP,AWP,WE,Federal Contract Tower,10,16,2,0,28,0,49,9,0,58,10,65,11,0,86,0,0,0,86
04/10/2009,GSN,MP,AWP,WE,Federal Contract Tower,10,15,0,1,26,0,37,2,1,40,10,52,2,2,66,0,0,0,66
04/11/2009,GSN,MP,AWP,WE,Federal Contract Tower,12,14,0,0,26,0,30,2,0,32,12,44,2,0,58,0,0,0,58
04/12/2009,GSN,MP,AWP,WE,Federal Contract Tower,8,13,2,0,23,0,33,3,0,36,8,46,5,0,59,0,0,0,59
04/13/2009,GSN,MP,AWP,WE,Federal Contract Tower,13,16,0,0,29,0,50,5,0,55,13,66,5,0,84,0,0,0,84
04/14/2009,GSN,MP,AWP,WE,Federal Contract Tower,9,14,0,0,23,0,54,6,0,60,9,68,6,0,83,0,0,0,83
04/15/2009,GSN,MP,AWP,WE,Federal Contract Tower,9,14,0,0,23,0,43,0,0,43,9,57,0,0,66,0,0,0,66
04/16/2009,GSN,MP,AWP,WE,Federal Contract Tower,11,16,0,0,27,0,52,14,0,66,11,68,14,0,93,0,0,0,93
04/17/2009,GSN,MP,AWP,WE,Federal Contract Tower,10,16,0,0,26,0,55,6,0,61,10,71,6,0,87,0,0,0,87
04/18/2009,GSN,MP,AWP,WE,Federal Contract Tower,12,14,0,0,26,0,41,10,0,51,12,55,10,0,77,10,0,10,87
04/19/2009,GSN,MP,AWP,WE,Federal Contract Tower,7,17,2,0,26,0,41,0,0,41,7,58,2,0,67,0,0,0,67
04/20/2009,GSN,MP,AWP,WE,Federal Contract Tower,16,16,0,0,32,0,33,11,0,44,16,49,11,0,76,0,0,0,76
04/21/2009,GSN,MP,AWP,WE,Federal Contract Tower,10,13,0,1,24,0,38,11,2,51,10,51,11,3,75,0,0,0,75
04/22/2009,GSN,MP,AWP,WE,Federal Contract Tower,7,13,0,0,20,0,35,2,0,37,7,48,2,0,57,0,0,0,57
04/23/2009,GSN,MP,AWP,WE,Federal Contract Tower,11,15,0,0,26,0,67,4,0,71,11,82,4,0,97,0,0,0,97
04/24/2009,GSN,MP,AWP,WE,Federal Contract Tower,12,17,2,0,31,0,40,6,2,48,12,57,8,2,79,0,2,2,81
04/25/2009,GSN,MP,AWP,WE,Federal Contract Tower,14,13,0,0,27,0,38,0,0,38,14,51,0,0,65,0,0,0,65
04/26/2009,GSN,MP,AWP,WE,Federal Contract Tower,8,16,0,10,34,0,41,8,0,49,8,57,8,10,83,0,0,0,83
04/27/2009,GSN,MP,AWP,WE,Federal Contract Tower,14,15,0,0,29,0,39,7,0,46,14,54,7,0,75,0,0,0,75
04/28/2009,GSN,MP,AWP,WE,Federal Contract Tower,10,14,0,0,24,0,51,5,0,56,10,65,5,0,80,0,0,0,80
04/29/2009,GSN,MP,AWP,WE,Federal Contract Tower,8,13,0,0,21,0,42,12,0,54,8,55,12,0,75,0,0,0,75
04/30/2009,GSN,MP,AWP,WE,Federal Contract Tower,13,16,0,0,29,0,53,3,0,56,13,69,3,0,85,0,0,0,85
05/01/2009,GSN,MP,AWP,WE,Federal Contract Tower,11,16,1,0,28,0,53,8,0,61,11,69,9,0,89,0,0,0,89
05/02/2009,GSN,MP,AWP,WE,Federal Contract Tower,15,13,1,0,29,0,63,6,0,69,15,76,7,0,98,0,0,0,98
05/03/2009,GSN,MP,AWP,WE,Federal Contract Tower,15,16,0,0,31,0,67,8,0,75,15,83,8,0,106,0,0,0,106
05/04/2009,GSN,MP,AWP,WE,Federal Contract Tower,16,15,0,0,31,0,68,11,0,79,16,83,11,0,110,0,0,0,110
05/05/2009,GSN,MP,AWP,WE,Federal Contract Tower,12,14,0,0,26,0,49,9,0,58,12,63,9,0,84,0,0,0,84
05/06/2009,GSN,MP,AWP,WE,Federal Contract Tower,14,14,0,0,28,0,34,18,0,52,14,48,18,0,80,0,0,0,80
05/07/2009,GSN,MP,AWP,WE,Federal Contract Tower,10,15,0,0,25,0,45,3,0,48,10,60,3,0,73,6,0,6,79
05/08/2009,GSN,MP,AWP,WE,Federal Contract Tower,10,18,0,0,28,0,56,10,0,66,10,74,10,0,94,0,0,0,94
05/09/2009,GSN,MP,AWP,WE,Federal Contract Tower,14,11,0,0,25,0,35,6,0,41,14,46,6,0,66,0,0,0,66
05/10/2009,GSN,MP,AWP,WE,Federal Contract Tower,8,15,0,0,23,0,35,7,0,42,8,50,7,0,65,0,0,0,65
05/11/2009,GSN,MP,AWP,WE,Federal Contract Tower,12,16,0,0,28,0,36,6,0,42,12,52,6,0,70,0,0,0,70
05/12/2009,GSN,MP,AWP,WE,Federal Contract Tower,10,11,2,0,23,0,51,6,0,57,10,62,8,0,80,0,0,0,80
05/13/2009,GSN,MP,AWP,WE,Federal Contract Tower,8,15,0,0,23,0,46,14,0,60,8,61,14,0,83,0,0,0,83
05/14/2009,GSN,MP,AWP,WE,Federal Contract Tower,13,15,0,1,29,0,59,11,1,71,13,74,11,2,100,0,0,0,100
05/15/2009,GSN,MP,AWP,WE,Federal Contract Tower,11,15,0,0,26,0,61,8,2,71,11,76,8,2,97,0,0,0,97
05/16/2009,GSN,MP,AWP,WE,Federal Contract Tower,13,14,0,1,28,0,70,22,1,93,13,84,22,2,121,0,0,0,121
05/17/2009,GSN,MP,AWP,WE,Federal Contract Tower,8,16,0,0,24,0,54,42,0,96,8,70,42,0,120,0,0,0,120
05/18/2009,GSN,MP,AWP,WE,Federal Contract Tower,15,16,0,0,31,0,53,36,0,89,15,69,36,0,120,2,0,2,122
05/19/2009,GSN,MP,AWP,WE,Federal Contract Tower,10,14,0,0,24,0,55,23,0,78,10,69,23,0,102,0,0,0,102
05/20/2009,GSN,MP,AWP,WE,Federal Contract Tower,9,14,2,0,25,0,56,11,0,67,9,70,13,0,92,0,0,0,92
05/21/2009,GSN,MP,AWP,WE,Federal Contract Tower,10,17,0,0,27,0,40,10,0,50,10,57,10,0,77,0,0,0,77
05/22/2009,GSN,MP,AWP,WE,Federal Contract Tower,9,16,0,0,25,0,58,12,0,70,9,74,12,0,95,0,0,0,95
05/23/2009,GSN,MP,AWP,WE,Federal Contract Tower,12,14,0,0,26,0,57,8,0,65,12,71,8,0,91,0,0,0,91
05/24/2009,GSN,MP,AWP,WE,Federal Contract Tower,9,16,0,0,25,0,51,10,0,61,9,67,10,0,86,0,0,0,86
05/25/2009,GSN,MP,AWP,WE,Federal Contract Tower,13,16,0,0,29,0,52,21,0,73,13,68,21,0,102,0,0,0,102
05/26/2009,GSN,MP,AWP,WE,Federal Contract Tower,14,14,0,0,28,0,54,18,0,72,14,68,18,0,100,0,0,0,100
05/27/2009,GSN,MP,AWP,WE,Federal Contract Tower,8,14,2,0,24,0,49,19,2,70,8,63,21,2,94,0,0,0,94
05/28/2009,GSN,MP,AWP,WE,Federal Contract Tower,10,17,1,3,31,0,55,9,0,64,10,72,10,3,95,0,0,0,95
05/29/2009,GSN,MP,AWP,WE,Federal Contract Tower,13,18,0,0,31,1,52,8,0,61,14,70,8,0,92,0,0,0,92
05/30/2009,GSN,MP,AWP,WE,Federal Contract Tower,12,14,0,0,26,0,53,12,0,65,12,67,12,0,91,0,0,0,91
05/31/2009,GSN,MP,AWP,WE,Federal Contract Tower,9,16,0,0,25,0,28,9,0,37,9,44,9,0,62,0,0,0,62
06/01/2009,GSN,MP,AWP,WE,Federal Contract Tower,13,16,1,0,30,0,39,9,0,48,13,55,10,0,78,0,0,0,78
06/02/2009,GSN,MP,AWP,WE,Federal Contract Tower,10,13,0,0,23,0,37,14,0,51,10,50,14,0,74,0,0,0,74
06/03/2009,GSN,MP,AWP,WE,Federal Contract Tower,8,12,1,0,21,0,36,9,0,45,8,48,10,0,66,0,0,0,66
06/04/2009,GSN,MP,AWP,WE,Federal Contract Tower,10,14,0,0,24,0,47,14,0,61,10,61,14,0,85,6,0,6,91
06/05/2009,GSN,MP,AWP,WE,Federal Contract Tower,10,15,0,0,25,0,71,18,0,89,10,86,18,0,114,0,0,0,114
06/06/2009,GSN,MP,AWP,WE,Federal Contract Tower,12,13,0,0,25,0,38,13,0,51,12,51,13,0,76,0,0,0,76
06/07/2009,GSN,MP,AWP,WE,Federal Contract Tower,8,15,0,1,24,0,48,5,0,53,8,63,5,1,77,0,0,0,77
06/08/2009,GSN,MP,AWP,WE,Federal Contract Tower,12,18,0,1,31,0,38,19,0,57,12,56,19,1,88,0,0,0,88
06/09/2009,GSN,MP,AWP,WE,Federal Contract Tower,7,14,0,0,21,0,54,10,4,68,7,68,10,4,89,0,0,0,89
06/10/2009,GSN,MP,AWP,WE,Federal Contract Tower,7,16,1,0,24,0,39,5,0,44,7,55,6,0,68,0,0,0,68
06/11/2009,GSN,MP,AWP,WE,Federal Contract Tower,12,16,0,0,28,0,45,10,0,55,12,61,10,0,83,0,0,0,83
06/12/2009,GSN,MP,AWP,WE,Federal Contract Tower,11,15,0,0,26,0,37,25,0,62,11,52,25,0,88,0,0,0,88
06/13/2009,GSN,MP,AWP,WE,Federal Contract Tower,10,11,0,0,21,0,36,51,0,87,10,47,51,0,108,0,0,0,108
06/14/2009,GSN,MP,AWP,WE,Federal Contract Tower,8,16,0,0,24,0,44,21,2,67,8,60,21,2,91,0,0,0,91
06/15/2009,GSN,MP,AWP,WE,Federal Contract Tower,14,15,0,0,29,0,68,29,0,97,14,83,29,0,126,0,0,0,126
06/16/2009,GSN,MP,AWP,WE,Federal Contract Tower,8,14,0,0,22,0,57,29,0,86,8,71,29,0,108,0,0,0,108
06/17/2009,GSN,MP,AWP,WE,Federal Contract Tower,8,14,0,0,22,0,46,12,0,58,8,60,12,0,80,0,0,0,80
06/18/2009,GSN,MP,AWP,WE,Federal Contract Tower,10,15,0,0,25,0,46,30,0,76,10,61,30,0,101,0,0,0,101
06/19/2009,GSN,MP,AWP,WE,Federal Contract Tower,11,15,0,0,26,0,68,20,0,88,11,83,20,0,114,0,0,0,114
06/20/2009,GSN,MP,AWP,WE,Federal Contract Tower,11,13,0,0,24,0,52,14,0,66,11,65,14,0,90,0,0,0,90
06/21/2009,GSN,MP,AWP,WE,Federal Contract Tower,8,15,0,0,23,0,38,19,0,57,8,53,19,0,80,0,0,0,80
06/22/2009,GSN,MP,AWP,WE,Federal Contract Tower,12,15,0,0,27,0,43,4,4,51,12,58,4,4,78,0,0,0,78
06/23/2009,GSN,MP,AWP,WE,Federal Contract Tower,8,13,0,0,21,0,42,5,4,51,8,55,5,4,72,0,0,0,72
06/24/2009,GSN,MP,AWP,WE,Federal Contract Tower,8,14,0,0,22,0,40,9,0,49,8,54,9,0,71,0,0,0,71
06/25/2009,GSN,MP,AWP,WE,Federal Contract Tower,10,12,0,0,22,0,49,15,0,64,10,61,15,0,86,13,0,13,99
06/26/2009,GSN,MP,AWP,WE,Federal Contract Tower,12,17,0,0,29,0,39,16,0,55,12,56,16,0,84,19,0,19,103
06/27/2009,GSN,MP,AWP,WE,Federal Contract Tower,12,12,0,0,24,0,44,23,0,67,12,56,23,0,91,6,0,6,97
06/28/2009,GSN,MP,AWP,WE,Federal Contract Tower,9,15,0,0,24,0,38,3,0,41,9,53,3,0,65,0,0,0,65
06/29/2009,GSN,MP,AWP,WE,Federal Contract Tower,13,14,0,0,27,0,51,9,0,60,13,65,9,0,87,0,0,0,87
06/30/2009,GSN,MP,AWP,WE,Federal Contract Tower,8,12,0,0,20,0,41,8,0,49,8,53,8,0,69,0,0,0,69
07/01/2009,GSN,MP,AWP,WE,Federal Contract Tower,8,13,0,0,21,0,42,11,0,53,8,55,11,0,74,0,0,0,74
07/02/2009,GSN,MP,AWP,WE,Federal Contract Tower,12,16,0,1,29,0,46,14,0,60,12,62,14,1,89,0,0,0,89
07/03/2009,GSN,MP,AWP,WE,Federal Contract Tower,11,16,0,1,28,0,65,13,0,78,11,81,13,1,106,0,0,0,106
07/04/2009,GSN,MP,AWP,WE,Federal Contract Tower,15,14,1,1,31,0,54,13,1,68,15,68,14,2,99,0,0,0,99
07/05/2009,GSN,MP,AWP,WE,Federal Contract Tower,10,16,0,1,27,0,33,4,0,37,10,49,4,1,64,0,0,0,64
07/06/2009,GSN,MP,AWP,WE,Federal Contract Tower,12,18,0,0,30,0,49,13,0,62,12,67,13,0,92,0,0,0,92
07/07/2009,GSN,MP,AWP,WE,Federal Contract Tower,12,14,0,0,26,0,33,21,0,54,12,47,21,0,80,0,0,0,80
07/08/2009,GSN,MP,AWP,WE,Federal Contract Tower,8,16,0,0,24,0,0,0,0,0,8,16,0,0,24,0,0,0,24
07/09/2009,GSN,MP,AWP,WE,Federal Contract Tower,12,16,0,0,28,0,42,17,0,59,12,58,17,0,87,0,0,0,87
07/10/2009,GSN,MP,AWP,WE,Federal Contract Tower,10,16,0,0,26,0,62,29,0,91,10,78,29,0,117,0,0,0,117
07/11/2009,GSN,MP,AWP,WE,Federal Contract Tower,14,11,1,0,26,0,66,47,0,113,14,77,48,0,139,0,0,0,139
07/12/2009,GSN,MP,AWP,WE,Federal Contract Tower,11,16,1,0,28,0,57,5,0,62,11,73,6,0,90,0,0,0,90
07/13/2009,GSN,MP,AWP,WE,Federal Contract Tower,13,15,0,0,28,0,59,33,0,92,13,74,33,0,120,0,0,0,120
07/14/2009,GSN,MP,AWP,WE,Federal Contract Tower,12,14,0,0,26,0,59,33,0,92,12,73,33,0,118,0,0,0,118
07/15/2009,GSN,MP,AWP,WE,Federal Contract Tower,8,14,0,0,22,0,38,17,0,55,8,52,17,0,77,0,0,0,77
07/16/2009,GSN,MP,AWP,WE,Federal Contract Tower,15,16,0,0,31,0,43,16,0,59,15,59,16,0,90,0,0,0,90
07/17/2009,GSN,MP,AWP,WE,Federal Contract Tower,11,17,0,0,28,0,58,7,0,65,11,75,7,0,93,0,0,0,93
07/18/2009,GSN,MP,AWP,WE,Federal Contract Tower,18,14,0,0,32,0,61,17,2,80,18,75,17,2,112,0,0,0,112
07/19/2009,GSN,MP,AWP,WE,Federal Contract Tower,16,16,0,0,32,0,41,10,0,51,16,57,10,0,83,6,0,6,89
07/20/2009,GSN,MP,AWP,WE,Federal Contract Tower,16,15,0,1,32,0,38,18,1,57,16,53,18,2,89,0,0,0,89
07/21/2009,GSN,MP,AWP,WE,Federal Contract Tower,17,14,0,0,31,0,37,32,4,73,17,51,32,4,104,0,0,0,104
07/22/2009,GSN,MP,AWP,WE,Federal Contract Tower,16,12,0,0,28,0,42,7,0,49,16,54,7,0,77,0,0,0,77
07/23/2009,GSN,MP,AWP,WE,Federal Contract Tower,18,16,0,2,36,0,37,10,5,52,18,53,10,7,88,0,0,0,88
07/24/2009,GSN,MP,AWP,WE,Federal Contract Tower,15,17,0,0,32,0,44,2,1,47,15,61,2,1,79,0,0,0,79
07/25/2009,GSN,MP,AWP,WE,Federal Contract Tower,22,14,2,0,38,0,47,7,0,54,22,61,9,0,92,0,0,0,92
07/26/2009,GSN,MP,AWP,WE,Federal Contract Tower,17,16,0,0,33,0,29,5,0,34,17,45,5,0,67,0,0,0,67
07/27/2009,GSN,MP,AWP,WE,Federal Contract Tower,16,16,0,0,32,0,30,12,0,42,16,46,12,0,74,0,0,0,74
07/28/2009,GSN,MP,AWP,WE,Federal Contract Tower,18,14,0,0,32,0,37,16,2,55,18,51,16,2,87,0,0,0,87
07/29/2009,GSN,MP,AWP,WE,Federal Contract Tower,14,14,0,0,28,0,33,5,0,38,14,47,5,0,66,0,0,0,66
07/30/2009,GSN,MP,AWP,WE,Federal Contract Tower,19,15,0,0,34,0,38,1,0,39,19,53,1,0,73,0,0,0,73
07/31/2009,GSN,MP,AWP,WE,Federal Contract Tower,14,15,2,0,31,0,47,6,0,53,14,62,8,0,84,0,0,0,84
08/01/2009,GSN,MP,AWP,WE,Federal Contract Tower,21,14,1,0,36,0,42,13,0,55,21,56,14,0,91,4,0,4,95
08/02/2009,GSN,MP,AWP,WE,Federal Contract Tower,18,14,0,0,32,0,40,13,0,53,18,54,13,0,85,0,0,0,85
08/03/2009,GSN,MP,AWP,WE,Federal Contract Tower,18,16,0,0,34,0,50,6,0,56,18,66,6,0,90,0,0,0,90
08/04/2009,GSN,MP,AWP,WE,Federal Contract Tower,20,13,0,1,34,0,37,16,0,53,20,50,16,1,87,0,0,0,87
08/05/2009,GSN,MP,AWP,WE,Federal Contract Tower,26,15,0,2,43,0,34,10,2,46,26,49,10,4,89,0,0,0,89
08/06/2009,GSN,MP,AWP,WE,Federal Contract Tower,18,16,0,0,34,0,37,16,0,53,18,53,16,0,87,0,0,0,87
08/07/2009,GSN,MP,AWP,WE,Federal Contract Tower,18,18,0,1,37,0,50,22,0,72,18,68,22,1,109,0,0,0,109
08/08/2009,GSN,MP,AWP,WE,Federal Contract Tower,20,16,0,1,37,0,42,26,0,68,20,58,26,1,105,10,0,10,115
08/09/2009,GSN,MP,AWP,WE,Federal Contract Tower,18,15,0,0,33,0,49,25,0,74,18,64,25,0,107,0,0,0,107
08/10/2009,GSN,MP,AWP,WE,Federal Contract Tower,16,16,0,1,33,0,44,21,0,65,16,60,21,1,98,6,0,6,104
08/11/2009,GSN,MP,AWP,WE,Federal Contract Tower,20,13,0,0,33,0,44,13,0,57,20,57,13,0,90,2,0,2,92
08/12/2009,GSN,MP,AWP,WE,Federal Contract Tower,12,16,0,8,36,0,41,16,0,57,12,57,16,8,93,0,0,0,93
08/13/2009,GSN,MP,AWP,WE,Federal Contract Tower,18,15,2,4,39,0,50,16,0,66,18,65,18,4,105,0,0,0,105
08/14/2009,GSN,MP,AWP,WE,Federal Contract Tower,18,18,2,0,38,0,53,27,2,82,18,71,29,2,120,8,0,8,128
08/15/2009,GSN,MP,AWP,WE,Federal Contract Tower,21,16,2,0,39,0,64,22,0,86,21,80,24,0,125,0,0,0,125
08/16/2009,GSN,MP,AWP,WE,Federal Contract Tower,19,16,0,0,35,0,43,9,0,52,19,59,9,0,87,0,0,0,87
08/17/2009,GSN,MP,AWP,WE,Federal Contract Tower,18,15,0,0,33,0,40,10,2,52,18,55,10,2,85,0,0,0,85
08/18/2009,GSN,MP,AWP,WE,Federal Contract Tower,20,14,0,0,34,0,58,12,0,70,20,72,12,0,104,0,0,0,104
08/19/2009,GSN,MP,AWP,WE,Federal Contract Tower,14,16,0,0,30,0,46,14,0,60,14,62,14,0,90,0,0,0,90
08/20/2009,GSN,MP,AWP,WE,Federal Contract Tower,18,15,0,0,33,0,49,23,0,72,18,64,23,0,105,4,0,4,109
08/21/2009,GSN,MP,AWP,WE,Federal Contract Tower,17,14,2,0,33,0,48,10,0,58,17,62,12,0,91,0,0,0,91
08/22/2009,GSN,MP,AWP,WE,Federal Contract Tower,21,14,3,0,38,0,37,21,0,58,21,51,24,0,96,0,0,0,96
08/23/2009,GSN,MP,AWP,WE,Federal Contract Tower,18,16,0,0,34,0,43,8,0,51,18,59,8,0,85,0,0,0,85
08/24/2009,GSN,MP,AWP,WE,Federal Contract Tower,16,17,0,2,35,0,39,23,2,64,16,56,23,4,99,0,0,0,99
08/25/2009,GSN,MP,AWP,WE,Federal Contract Tower,21,14,0,0,35,0,31,41,0,72,21,45,41,0,107,4,0,4,111
08/26/2009,GSN,MP,AWP,WE,Federal Contract Tower,15,17,0,0,32,0,35,13,0,48,15,52,13,0,80,7,0,7,87
08/27/2009,GSN,MP,AWP,WE,Federal Contract Tower,18,15,0,0,33,0,54,23,0,77,18,69,23,0,110,4,0,4,114
08/28/2009,GSN,MP,AWP,WE,Federal Contract Tower,17,17,2,0,36,0,56,13,0,69,17,73,15,0,105,0,0,0,105
08/29/2009,GSN,MP,AWP,WE,Federal Contract Tower,21,13,0,0,34,0,53,36,0,89,21,66,36,0,123,2,0,2,125
08/30/2009,GSN,MP,AWP,WE,Federal Contract Tower,18,16,1,0,35,0,37,14,0,51,18,53,15,0,86,0,0,0,86
08/31/2009,GSN,MP,AWP,WE,Federal Contract Tower,16,15,1,0,32,0,48,24,6,78,16,63,25,6,110,0,0,0,110
09/01/2009,GSN,MP,AWP,WE,Federal Contract Tower,22,13,0,0,35,0,48,13,0,61,22,61,13,0,96,0,0,0,96
09/02/2009,GSN,MP,AWP,WE,Federal Contract Tower,15,16,2,3,36,0,38,1,0,39,15,54,3,3,75,0,0,0,75
09/03/2009,GSN,MP,AWP,WE,Federal Contract Tower,18,16,0,3,37,0,45,9,0,54,18,61,9,3,91,0,0,0,91
09/04/2009,GSN,MP,AWP,WE,Federal Contract Tower,15,20,3,0,38,0,52,25,0,77,15,72,28,0,115,0,0,0,115
09/05/2009,GSN,MP,AWP,WE,Federal Contract Tower,18,12,0,0,30,0,54,14,0,68,18,66,14,0,98,0,0,0,98
09/06/2009,GSN,MP,AWP,WE,Federal Contract Tower,15,16,0,0,31,0,30,24,2,56,15,46,24,2,87,0,0,0,87
09/07/2009,GSN,MP,AWP,WE,Federal Contract Tower,17,20,2,0,39,0,31,22,12,65,17,51,24,12,104,0,0,0,104
09/08/2009,GSN,MP,AWP,WE,Federal Contract Tower,16,13,0,0,29,0,48,20,3,71,16,61,20,3,100,0,0,0,100
09/09/2009,GSN,MP,AWP,WE,Federal Contract Tower,14,13,1,0,28,0,49,18,0,67,14,62,19,0,95,6,0,6,101
09/10/2009,GSN,MP,AWP,WE,Federal Contract Tower,15,17,1,2,35,0,61,10,2,73,15,78,11,4,108,0,0,0,108
09/11/2009,GSN,MP,AWP,WE,Federal Contract Tower,16,20,1,0,37,0,82,12,0,94,16,102,13,0,131,0,0,0,131
09/12/2009,GSN,MP,AWP,WE,Federal Contract Tower,20,13,0,1,34,0,91,47,0,138,20,104,47,1,172,0,0,0,172
09/13/2009,GSN,MP,AWP,WE,Federal Contract Tower,14,15,0,5,34,0,43,39,0,82,14,58,39,5,116,0,0,0,116
09/14/2009,GSN,MP,AWP,WE,Federal Contract Tower,16,17,0,0,33,0,37,19,0,56,16,54,19,0,89,0,0,0,89
09/15/2009,GSN,MP,AWP,WE,Federal Contract Tower,12,10,0,0,22,0,41,33,4,78,12,51,33,4,100,0,0,0,100
09/16/2009,GSN,MP,AWP,WE,Federal Contract Tower,16,12,0,0,28,0,81,26,0,107,16,93,26,0,135,6,0,6,141
09/17/2009,GSN,MP,AWP,WE,Federal Contract Tower,16,16,0,0,32,0,77,46,4,127,16,93,46,4,159,0,0,0,159
09/18/2009,GSN,MP,AWP,WE,Federal Contract Tower,13,20,2,0,35,0,55,7,0,62,13,75,9,0,97,0,0,0,97
09/19/2009,GSN,MP,AWP,WE,Federal Contract Tower,19,14,0,0,33,0,51,26,0,77,19,65,26,0,110,0,0,0,110
09/20/2009,GSN,MP,AWP,WE,Federal Contract Tower,16,15,0,0,31,0,28,23,0,51,16,43,23,0,82,0,0,0,82
09/21/2009,GSN,MP,AWP,WE,Federal Contract Tower,20,15,0,2,37,0,48,29,0,77,20,63,29,2,114,4,0,4,118
09/22/2009,GSN,MP,AWP,WE,Federal Contract Tower,18,13,2,1,34,0,64,17,2,83,18,77,19,3,117,0,0,0,117
09/23/2009,GSN,MP,AWP,WE,Federal Contract Tower,16,14,1,1,32,0,64,24,0,88,16,78,25,1,120,0,0,0,120
09/24/2009,GSN,MP,AWP,WE,Federal Contract Tower,10,15,0,0,25,0,49,10,0,59,10,64,10,0,84,0,0,0,84
09/25/2009,GSN,MP,AWP,WE,Federal Contract Tower,12,16,0,0,28,0,71,22,0,93,12,87,22,0,121,0,0,0,121
09/26/2009,GSN,MP,AWP,WE,Federal Contract Tower,16,15,0,0,31,0,54,10,0,64,16,69,10,0,95,0,0,0,95
09/27/2009,GSN,MP,AWP,WE,Federal Contract Tower,11,17,0,0,28,0,31,9,0,40,11,48,9,0,68,0,0,0,68
09/28/2009,GSN,MP,AWP,WE,Federal Contract Tower,11,18,1,0,30,0,30,4,0,34,11,48,5,0,64,0,0,0,64
09/29/2009,GSN,MP,AWP,WE,Federal Contract Tower,10,14,2,0,26,0,48,18,0,66,10,62,20,0,92,0,0,0,92
09/30/2009,GSN,MP,AWP,WE,Federal Contract Tower,6,10,0,0,16,0,35,13,0,48,6,45,13,0,64,0,0,0,64
10/01/2009,GSN,MP,AWP,WE,Federal Contract Tower,10,14,2,0,26,0,61,4,0,65,10,75,6,0,91,0,0,0,91
10/02/2009,GSN,MP,AWP,WE,Federal Contract Tower,10,15,2,0,27,0,44,20,0,64,10,59,22,0,91,0,0,0,91
10/03/2009,GSN,MP,AWP,WE,Federal Contract Tower,0,0,0,0,0,0,0,0,0,0,0,0,0,0,0,0,0,0,0
10/04/2009,GSN,MP,AWP,WE,Federal Contract Tower,4,12,0,1,17,0,28,43,6,77,4,40,43,7,94,0,0,0,94
10/05/2009,GSN,MP,AWP,WE,Federal Contract Tower,16,15,0,0,31,0,61,23,0,84,16,76,23,0,115,0,0,0,115
10/06/2009,GSN,MP,AWP,WE,Federal Contract Tower,14,13,0,1,28,0,47,25,3,75,14,60,25,4,103,0,0,0,103
10/07/2009,GSN,MP,AWP,WE,Federal Contract Tower,4,14,0,0,18,0,31,17,0,48,4,45,17,0,66,0,0,0,66
10/08/2009,GSN,MP,AWP,WE,Federal Contract Tower,10,16,0,0,26,0,41,14,0,55,10,57,14,0,81,0,0,0,81
10/09/2009,GSN,MP,AWP,WE,Federal Contract Tower,10,20,1,0,31,0,63,23,0,86,10,83,24,0,117,0,0,0,117
10/10/2009,GSN,MP,AWP,WE,Federal Contract Tower,14,14,0,0,28,0,49,22,0,71,14,63,22,0,99,0,0,0,99
10/11/2009,GSN,MP,AWP,WE,Federal Contract Tower,6,15,0,0,21,0,40,20,0,60,6,55,20,0,81,0,0,0,81
10/12/2009,GSN,MP,AWP,WE,Federal Contract Tower,12,14,0,0,26,0,35,17,0,52,12,49,17,0,78,0,0,0,78
10/13/2009,GSN,MP,AWP,WE,Federal Contract Tower,12,14,0,0,26,0,45,12,0,57,12,59,12,0,83,0,4,4,87
10/14/2009,GSN,MP,AWP,WE,Federal Contract Tower,4,16,0,1,21,0,51,17,1,69,4,67,17,2,90,0,4,4,94
10/15/2009,GSN,MP,AWP,WE,Federal Contract Tower,6,15,0,0,21,0,45,6,0,51,6,60,6,0,72,0,0,0,72
10/16/2009,GSN,MP,AWP,WE,Federal Contract Tower,9,17,0,0,26,0,56,30,0,86,9,73,30,0,112,0,0,0,112
10/17/2009,GSN,MP,AWP,WE,Federal Contract Tower,13,13,0,0,26,0,58,27,0,85,13,71,27,0,111,0,0,0,111
10/18/2009,GSN,MP,AWP,WE,Federal Contract Tower,7,14,0,0,21,0,33,9,2,44,7,47,9,2,65,0,0,0,65
10/19/2009,GSN,MP,AWP,WE,Federal Contract Tower,13,15,0,0,28,0,54,28,2,84,13,69,28,2,112,0,0,0,112
10/20/2009,GSN,MP,AWP,WE,Federal Contract Tower,12,14,0,0,26,0,37,16,4,57,12,51,16,4,83,0,0,0,83
10/21/2009,GSN,MP,AWP,WE,Federal Contract Tower,7,15,0,0,22,0,44,7,4,55,7,59,7,4,77,0,0,0,77
10/22/2009,GSN,MP,AWP,WE,Federal Contract Tower,9,15,2,0,26,0,39,7,0,46,9,54,9,0,72,0,0,0,72
10/23/2009,GSN,MP,AWP,WE,Federal Contract Tower,10,18,1,0,29,0,46,17,0,63,10,64,18,0,92,7,0,7,99
10/24/2009,GSN,MP,AWP,WE,Federal Contract Tower,13,10,1,0,24,0,38,26,0,64,13,48,27,0,88,0,0,0,88
10/25/2009,GSN,MP,AWP,WE,Federal Contract Tower,8,16,1,0,25,0,33,20,0,53,8,49,21,0,78,2,0,2,80
10/26/2009,GSN,MP,AWP,WE,Federal Contract Tower,13,17,0,0,30,0,58,13,0,71,13,75,13,0,101,4,0,4,105
10/27/2009,GSN,MP,AWP,WE,Federal Contract Tower,11,12,0,0,23,0,31,20,0,51,11,43,20,0,74,0,0,0,74
10/28/2009,GSN,MP,AWP,WE,Federal Contract Tower,8,18,2,1,29,0,38,16,1,55,8,56,18,2,84,8,0,8,92
10/29/2009,GSN,MP,AWP,WE,Federal Contract Tower,8,16,2,0,26,0,43,22,0,65,8,59,24,0,91,0,0,0,91
10/30/2009,GSN,MP,AWP,WE,Federal Contract Tower,15,19,0,0,34,0,57,24,0,81,15,76,24,0,115,0,0,0,115
10/31/2009,GSN,MP,AWP,WE,Federal Contract Tower,13,13,0,0,26,0,50,12,0,62,13,63,12,0,88,6,0,6,94
11/01/2009,GSN,MP,AWP,WE,Federal Contract Tower,8,14,0,0,22,0,35,12,0,47,8,49,12,0,69,0,0,0,69
11/02/2009,GSN,MP,AWP,WE,Federal Contract Tower,8,12,0,0,20,0,55,14,0,69,8,67,14,0,89,6,0,6,95
11/03/2009,GSN,MP,AWP,WE,Federal Contract Tower,12,12,0,0,24,0,55,19,0,74,12,67,19,0,98,0,0,0,98
11/04/2009,GSN,MP,AWP,WE,Federal Contract Tower,6,16,0,0,22,0,36,6,0,42,6,52,6,0,64,20,0,20,84
11/05/2009,GSN,MP,AWP,WE,Federal Contract Tower,8,15,0,0,23,0,62,5,0,67,8,77,5,0,90,0,0,0,90
11/06/2009,GSN,MP,AWP,WE,Federal Contract Tower,8,17,0,1,26,0,62,12,8,82,8,79,12,9,108,0,0,0,108
11/07/2009,GSN,MP,AWP,WE,Federal Contract Tower,12,14,1,1,28,0,53,11,0,64,12,67,12,1,92,0,0,0,92
11/08/2009,GSN,MP,AWP,WE,Federal Contract Tower,8,16,1,0,25,0,42,6,0,48,8,58,7,0,73,0,0,0,73
11/09/2009,GSN,MP,AWP,WE,Federal Contract Tower,14,16,2,0,32,0,48,8,5,61,14,64,10,5,93,0,0,0,93
11/10/2009,GSN,MP,AWP,WE,Federal Contract Tower,12,14,2,1,29,0,51,18,5,74,12,65,20,6,103,0,6,6,109
11/11/2009,GSN,MP,AWP,WE,Federal Contract Tower,6,16,0,4,26,0,39,8,0,47,6,55,8,4,73,0,0,0,73
11/12/2009,GSN,MP,AWP,WE,Federal Contract Tower,8,17,0,0,25,0,50,6,2,58,8,67,6,2,83,0,0,0,83
11/13/2009,GSN,MP,AWP,WE,Federal Contract Tower,12,17,0,0,29,0,57,13,0,70,12,74,13,0,99,0,0,0,99
11/14/2009,GSN,MP,AWP,WE,Federal Contract Tower,13,14,1,0,28,0,65,21,0,86,13,79,22,0,114,0,0,0,114
11/15/2009,GSN,MP,AWP,WE,Federal Contract Tower,9,15,0,0,24,0,41,14,0,55,9,56,14,0,79,12,0,12,91
11/16/2009,GSN,MP,AWP,WE,Federal Contract Tower,15,17,1,0,33,0,41,19,0,60,15,58,20,0,93,0,0,0,93
11/17/2009,GSN,MP,AWP,WE,Federal Contract Tower,10,16,0,0,26,0,36,22,0,58,10,52,22,0,84,16,0,16,100
11/18/2009,GSN,MP,AWP,WE,Federal Contract Tower,6,17,2,0,25,0,56,15,4,75,6,73,17,4,100,2,0,2,102
11/19/2009,GSN,MP,AWP,WE,Federal Contract Tower,12,16,2,0,30,0,58,6,8,72,12,74,8,8,102,0,0,0,102
11/20/2009,GSN,MP,AWP,WE,Federal Contract Tower,12,17,0,0,29,0,59,11,2,72,12,76,11,2,101,0,0,0,101
11/21/2009,GSN,MP,AWP,WE,Federal Contract Tower,16,14,2,0,32,0,68,19,0,87,16,82,21,0,119,0,0,0,119
11/22/2009,GSN,MP,AWP,WE,Federal Contract Tower,9,14,1,0,24,0,48,17,0,65,9,62,18,0,89,0,0,0,89
11/23/2009,GSN,MP,AWP,WE,Federal Contract Tower,13,15,1,4,33,0,55,23,0,78,13,70,24,4,111,0,0,0,111
11/24/2009,GSN,MP,AWP,WE,Federal Contract Tower,16,13,0,0,29,0,48,28,0,76,16,61,28,0,105,4,0,4,109
11/25/2009,GSN,MP,AWP,WE,Federal Contract Tower,6,14,2,0,22,0,46,10,0,56,6,60,12,0,78,2,0,2,80
11/26/2009,GSN,MP,AWP,WE,Federal Contract Tower,10,16,0,0,26,0,45,23,0,68,10,61,23,0,94,0,0,0,94
11/27/2009,GSN,MP,AWP,WE,Federal Contract Tower,10,18,0,0,28,0,61,36,0,97,10,79,36,0,125,0,0,0,125
11/28/2009,GSN,MP,AWP,WE,Federal Contract Tower,12,13,0,0,25,0,54,21,0,75,12,67,21,0,100,0,0,0,100
11/29/2009,GSN,MP,AWP,WE,Federal Contract Tower,10,16,0,0,26,0,33,25,0,58,10,49,25,0,84,0,0,0,84
11/30/2009,GSN,MP,AWP,WE,Federal Contract Tower,10,16,0,0,26,0,66,28,0,94,10,82,28,0,120,0,0,0,120
12/01/2009,GSN,MP,AWP,WE,Federal Contract Tower,12,14,4,0,30,0,66,32,0,98,12,80,36,0,128,0,0,0,128
12/02/2009,GSN,MP,AWP,WE,Federal Contract Tower,6,14,1,0,21,0,43,15,0,58,6,57,16,0,79,0,0,0,79
12/03/2009,GSN,MP,AWP,WE,Federal Contract Tower,8,16,1,0,25,0,50,21,0,71,8,66,22,0,96,2,0,2,98
12/04/2009,GSN,MP,AWP,WE,Federal Contract Tower,8,20,0,0,28,0,65,23,0,88,8,85,23,0,116,0,0,0,116
12/05/2009,GSN,MP,AWP,WE,Federal Contract Tower,8,14,0,0,22,0,58,16,0,74,8,72,16,0,96,0,0,0,96
12/06/2009,GSN,MP,AWP,WE,Federal Contract Tower,8,16,0,0,24,0,37,23,0,60,8,53,23,0,84,0,0,0,84
12/07/2009,GSN,MP,AWP,WE,Federal Contract Tower,8,16,0,1,25,0,44,7,0,51,8,60,7,1,76,0,0,0,76
12/08/2009,GSN,MP,AWP,WE,Federal Contract Tower,8,14,0,1,23,0,31,23,0,54,8,45,23,1,77,0,0,0,77
12/09/2009,GSN,MP,AWP,WE,Federal Contract Tower,6,14,0,0,20,0,40,12,0,52,6,54,12,0,72,6,0,6,78
12/10/2009,GSN,MP,AWP,WE,Federal Contract Tower,8,16,0,0,24,0,65,14,0,79,8,81,14,0,103,4,0,4,107
12/11/2009,GSN,MP,AWP,WE,Federal Contract Tower,9,16,0,0,25,0,71,31,2,104,9,87,31,2,129,8,0,8,137
12/12/2009,GSN,MP,AWP,WE,Federal Contract Tower,9,13,0,0,22,0,56,30,0,86,9,69,30,0,108,6,0,6,114
12/13/2009,GSN,MP,AWP,WE,Federal Contract Tower,8,15,0,0,23,0,55,22,0,77,8,70,22,0,100,0,0,0,100
12/14/2009,GSN,MP,AWP,WE,Federal Contract Tower,8,15,0,0,23,0,62,33,0,95,8,77,33,0,118,0,0,0,118
12/15/2009,GSN,MP,AWP,WE,Federal Contract Tower,8,13,2,2,25,0,55,27,2,84,8,68,29,4,109,0,2,2,111
12/16/2009,GSN,MP,AWP,WE,Federal Contract Tower,6,14,2,2,24,0,53,12,2,67,6,67,14,4,91,0,0,0,91
12/17/2009,GSN,MP,AWP,WE,Federal Contract Tower,8,16,0,0,24,0,50,15,0,65,8,66,15,0,89,4,0,4,93
12/18/2009,GSN,MP,AWP,WE,Federal Contract Tower,9,18,0,1,28,0,64,16,1,81,9,82,16,2,109,0,0,0,109
12/19/2009,GSN,MP,AWP,WE,Federal Contract Tower,15,13,2,0,30,0,73,15,0,88,15,86,17,0,118,0,0,0,118
12/20/2009,GSN,MP,AWP,WE,Federal Contract Tower,12,13,0,0,25,0,63,12,0,75,12,76,12,0,100,0,0,0,100
12/21/2009,GSN,MP,AWP,WE,Federal Contract Tower,15,15,0,4,34,0,54,12,2,68,15,69,12,6,102,0,0,0,102
12/22/2009,GSN,MP,AWP,WE,Federal Contract Tower,17,14,0,0,31,0,52,25,0,77,17,66,25,0,108,0,0,0,108
12/23/2009,GSN,MP,AWP,WE,Federal Contract Tower,11,14,0,0,25,0,43,11,0,54,11,57,11,0,79,0,0,0,79
12/24/2009,GSN,MP,AWP,WE,Federal Contract Tower,15,20,0,0,35,0,64,16,0,80,15,84,16,0,115,0,0,0,115
12/25/2009,GSN,MP,AWP,WE,Federal Contract Tower,12,11,0,0,23,0,34,26,0,60,12,45,26,0,83,0,0,0,83
12/26/2009,GSN,MP,AWP,WE,Federal Contract Tower,18,14,4,0,36,0,63,12,0,75,18,77,16,0,111,0,0,0,111
12/27/2009,GSN,MP,AWP,WE,Federal Contract Tower,16,15,0,0,31,0,44,10,0,54,16,59,10,0,85,0,0,0,85
12/28/2009,GSN,MP,AWP,WE,Federal Contract Tower,14,16,0,0,30,0,72,7,0,79,14,88,7,0,109,0,0,0,109
12/29/2009,GSN,MP,AWP,WE,Federal Contract Tower,19,13,4,0,36,0,67,22,0,89,19,80,26,0,125,0,0,0,125
12/30/2009,GSN,MP,AWP,WE,Federal Contract Tower,18,13,0,0,31,0,60,16,0,76,18,73,16,0,107,2,0,2,109
12/31/2009,GSN,MP,AWP,WE,Federal Contract Tower,22,17,2,0,41,0,69,17,0,86,22,86,19,0,127,0,0,0,127
01/01/2010,GSN,MP,AWP,WE,Federal Contract Tower,16,12,0,0,28,0,71,15,0,86,16,83,15,0,114,0,0,0,114
01/02/2010,GSN,MP,AWP,WE,Federal Contract Tower,22,13,2,0,37,0,66,12,0,78,22,79,14,0,115,0,0,0,115
01/03/2010,GSN,MP,AWP,WE,Federal Contract Tower,24,15,0,0,39,0,68,12,0,80,24,83,12,0,119,0,0,0,119
01/04/2010,GSN,MP,AWP,WE,Federal Contract Tower,14,17,0,0,31,0,55,18,0,73,14,72,18,0,104,4,0,4,108
01/05/2010,GSN,MP,AWP,WE,Federal Contract Tower,18,13,0,0,31,0,56,19,3,78,18,69,19,3,109,0,0,0,109
01/06/2010,GSN,MP,AWP,WE,Federal Contract Tower,12,13,0,0,25,0,63,25,0,88,12,76,25,0,113,0,0,0,113
01/07/2010,GSN,MP,AWP,WE,Federal Contract Tower,16,12,0,0,28,0,53,25,0,78,16,65,25,0,106,2,0,2,108
01/08/2010,GSN,MP,AWP,WE,Federal Contract Tower,16,19,0,0,35,0,70,16,0,86,16,89,16,0,121,0,0,0,121
01/09/2010,GSN,MP,AWP,WE,Federal Contract Tower,18,14,0,0,32,0,68,17,0,85,18,82,17,0,117,0,0,0,117
01/10/2010,GSN,MP,AWP,WE,Federal Contract Tower,16,16,1,0,33,0,45,29,0,74,16,61,30,0,107,0,0,0,107
01/11/2010,GSN,MP,AWP,WE,Federal Contract Tower,14,12,0,0,26,0,68,13,0,81,14,80,13,0,107,0,0,0,107
01/12/2010,GSN,MP,AWP,WE,Federal Contract Tower,20,16,0,0,36,0,48,14,0,62,20,64,14,0,98,0,0,0,98
01/13/2010,GSN,MP,AWP,WE,Federal Contract Tower,10,14,1,0,25,0,66,22,0,88,10,80,23,0,113,0,0,0,113
01/14/2010,GSN,MP,AWP,WE,Federal Contract Tower,16,16,0,0,32,0,80,20,0,100,16,96,20,0,132,0,0,0,132
01/15/2010,GSN,MP,AWP,WE,Federal Contract Tower,12,17,0,0,29,0,95,26,0,121,12,112,26,0,150,4,0,4,154
01/16/2010,GSN,MP,AWP,WE,Federal Contract Tower,18,14,0,0,32,0,91,26,0,117,18,105,26,0,149,0,0,0,149
01/17/2010,GSN,MP,AWP,WE,Federal Contract Tower,14,16,0,0,30,0,41,6,0,47,14,57,6,0,77,0,0,0,77
01/18/2010,GSN,MP,AWP,WE,Federal Contract Tower,16,15,0,0,31,0,47,38,0,85,16,62,38,0,116,0,0,0,116
01/19/2010,GSN,MP,AWP,WE,Federal Contract Tower,18,12,0,6,36,0,42,26,0,68,18,54,26,6,104,0,0,0,104
01/20/2010,GSN,MP,AWP,WE,Federal Contract Tower,13,14,1,0,28,0,36,14,0,50,13,50,15,0,78,0,0,0,78
01/21/2010,GSN,MP,AWP,WE,Federal Contract Tower,16,16,0,0,32,0,41,26,0,67,16,57,26,0,99,0,0,0,99
01/22/2010,GSN,MP,AWP,WE,Federal Contract Tower,16,17,0,4,37,0,50,14,4,68,16,67,14,8,105,0,0,0,105
01/23/2010,GSN,MP,AWP,WE,Federal Contract Tower,20,14,0,0,34,0,45,18,0,63,20,59,18,0,97,0,0,0,97
01/24/2010,GSN,MP,AWP,WE,Federal Contract Tower,16,16,0,0,32,0,33,14,0,47,16,49,14,0,79,6,0,6,85
01/25/2010,GSN,MP,AWP,WE,Federal Contract Tower,14,15,1,4,34,0,36,17,4,57,14,51,18,8,91,0,0,0,91
01/26/2010,GSN,MP,AWP,WE,Federal Contract Tower,18,14,1,1,34,0,38,10,0,48,18,52,11,1,82,0,0,0,82
01/27/2010,GSN,MP,AWP,WE,Federal Contract Tower,12,14,0,0,26,0,44,17,0,61,12,58,17,0,87,4,0,4,91
01/28/2010,GSN,MP,AWP,WE,Federal Contract Tower,20,16,0,0,36,0,67,16,0,83,20,83,16,0,119,0,0,0,119
01/29/2010,GSN,MP,AWP,WE,Federal Contract Tower,19,14,0,2,35,0,78,22,0,100,19,92,22,2,135,0,2,2,137
01/30/2010,GSN,MP,AWP,WE,Federal Contract Tower,19,14,0,0,33,0,78,25,0,103,19,92,25,0,136,0,0,0,136
01/31/2010,GSN,MP,AWP,WE,Federal Contract Tower,17,16,0,0,33,0,60,23,0,83,17,76,23,0,116,0,0,0,116
02/01/2010,GSN,MP,AWP,WE,Federal Contract Tower,17,14,2,0,33,0,58,38,0,96,17,72,40,0,129,0,0,0,129
02/02/2010,GSN,MP,AWP,WE,Federal Contract Tower,18,14,0,0,32,0,45,32,0,77,18,59,32,0,109,12,0,12,121
02/03/2010,GSN,MP,AWP,WE,Federal Contract Tower,12,14,0,0,26,0,40,21,0,61,12,54,21,0,87,0,0,0,87
02/04/2010,GSN,MP,AWP,WE,Federal Contract Tower,16,16,0,0,32,0,57,18,0,75,16,73,18,0,107,0,0,0,107
02/05/2010,GSN,MP,AWP,WE,Federal Contract Tower,17,17,1,0,35,0,64,21,0,85,17,81,22,0,120,0,0,0,120
02/06/2010,GSN,MP,AWP,WE,Federal Contract Tower,19,14,1,0,34,0,46,13,0,59,19,60,14,0,93,6,0,6,99
02/07/2010,GSN,MP,AWP,WE,Federal Contract Tower,18,16,0,0,34,0,39,23,0,62,18,55,23,0,96,0,0,0,96
02/08/2010,GSN,MP,AWP,WE,Federal Contract Tower,17,12,2,16,47,0,54,16,0,70,17,66,18,16,117,0,0,0,117
02/09/2010,GSN,MP,AWP,WE,Federal Contract Tower,19,14,0,0,33,0,58,26,0,84,19,72,26,0,117,0,0,0,117
02/10/2010,GSN,MP,AWP,WE,Federal Contract Tower,12,14,0,0,26,0,63,24,0,87,12,77,24,0,113,0,0,0,113
02/11/2010,GSN,MP,AWP,WE,Federal Contract Tower,18,16,2,0,36,0,76,21,0,97,18,92,23,0,133,0,0,0,133
02/12/2010,GSN,MP,AWP,WE,Federal Contract Tower,16,16,0,0,32,0,102,10,0,112,16,118,10,0,144,0,0,0,144
02/13/2010,GSN,MP,AWP,WE,Federal Contract Tower,20,14,0,0,34,0,78,16,0,94,20,92,16,0,128,0,0,0,128
02/14/2010,GSN,MP,AWP,WE,Federal Contract Tower,18,15,0,0,33,0,83,14,0,97,18,98,14,0,130,0,0,0,130
02/15/2010,GSN,MP,AWP,WE,Federal Contract Tower,20,15,2,0,37,0,54,14,0,68,20,69,16,0,105,0,0,0,105
02/16/2010,GSN,MP,AWP,WE,Federal Contract Tower,18,13,0,2,33,0,50,24,0,74,18,63,24,2,107,0,0,0,107
02/17/2010,GSN,MP,AWP,WE,Federal Contract Tower,14,14,0,0,28,0,51,21,0,72,14,65,21,0,100,0,0,0,100
02/18/2010,GSN,MP,AWP,WE,Federal Contract Tower,18,15,0,0,33,0,67,28,0,95,18,82,28,0,128,0,0,0,128
02/19/2010,GSN,MP,AWP,WE,Federal Contract Tower,16,18,3,0,37,0,63,21,2,86,16,81,24,2,123,0,0,0,123
02/20/2010,GSN,MP,AWP,WE,Federal Contract Tower,18,14,3,0,35,0,63,28,0,91,18,77,31,0,126,2,0,2,128
02/21/2010,GSN,MP,AWP,WE,Federal Contract Tower,17,16,0,0,33,0,50,10,0,60,17,66,10,0,93,0,0,0,93
02/22/2010,GSN,MP,AWP,WE,Federal Contract Tower,18,15,0,0,33,0,57,24,0,81,18,72,24,0,114,0,0,0,114
02/23/2010,GSN,MP,AWP,WE,Federal Contract Tower,19,14,2,0,35,0,45,29,2,76,19,59,31,2,111,0,0,0,111
02/24/2010,GSN,MP,AWP,WE,Federal Contract Tower,12,14,1,0,27,0,56,9,0,65,12,70,10,0,92,0,0,0,92
02/25/2010,GSN,MP,AWP,WE,Federal Contract Tower,16,16,1,0,33,0,63,8,0,71,16,79,9,0,104,0,0,0,104
02/26/2010,GSN,MP,AWP,WE,Federal Contract Tower,14,19,0,0,33,0,69,12,0,81,14,88,12,0,114,0,0,0,114
02/27/2010,GSN,MP,AWP,WE,Federal Contract Tower,18,14,0,0,32,0,64,18,0,82,18,78,18,0,114,2,0,2,116
02/28/2010,GSN,MP,AWP,WE,Federal Contract Tower,16,16,0,0,32,0,63,26,0,89,16,79,26,0,121,0,0,0,121
03/01/2010,GSN,MP,AWP,WE,Federal Contract Tower,18,16,0,0,34,0,56,12,0,68,18,72,12,0,102,0,0,0,102
03/02/2010,GSN,MP,AWP,WE,Federal Contract Tower,16,14,2,0,32,0,49,27,0,76,16,63,29,0,108,0,0,0,108
03/03/2010,GSN,MP,AWP,WE,Federal Contract Tower,14,16,0,0,30,0,41,10,4,55,14,57,10,4,85,0,0,0,85
03/04/2010,GSN,MP,AWP,WE,Federal Contract Tower,15,16,0,0,31,0,60,29,1,90,15,76,29,1,121,0,0,0,121
03/05/2010,GSN,MP,AWP,WE,Federal Contract Tower,14,18,0,0,32,0,74,13,3,90,14,92,13,3,122,0,0,0,122
03/06/2010,GSN,MP,AWP,WE,Federal Contract Tower,18,14,0,0,32,0,40,18,0,58,18,54,18,0,90,0,0,0,90
03/07/2010,GSN,MP,AWP,WE,Federal Contract Tower,14,15,0,0,29,0,55,10,0,65,14,70,10,0,94,0,0,0,94
03/08/2010,GSN,MP,AWP,WE,Federal Contract Tower,14,16,0,0,30,0,76,31,2,109,14,92,31,2,139,0,0,0,139
03/09/2010,GSN,MP,AWP,WE,Federal Contract Tower,18,14,0,0,32,0,43,11,0,54,18,57,11,0,86,0,0,0,86
03/10/2010,GSN,MP,AWP,WE,Federal Contract Tower,12,13,0,0,25,0,76,21,0,97,12,89,21,0,122,0,0,0,122
03/11/2010,GSN,MP,AWP,WE,Federal Contract Tower,14,16,0,0,30,0,55,17,0,72,14,71,17,0,102,0,0,0,102
03/12/2010,GSN,MP,AWP,WE,Federal Contract Tower,14,20,0,0,34,0,72,33,0,105,14,92,33,0,139,0,0,0,139
03/13/2010,GSN,MP,AWP,WE,Federal Contract Tower,17,15,0,0,32,0,94,36,0,130,17,109,36,0,162,0,0,0,162
03/14/2010,GSN,MP,AWP,WE,Federal Contract Tower,14,16,2,0,32,0,58,15,0,73,14,74,17,0,105,0,0,0,105
03/15/2010,GSN,MP,AWP,WE,Federal Contract Tower,16,15,0,0,31,0,90,30,0,120,16,105,30,0,151,0,0,0,151
03/16/2010,GSN,MP,AWP,WE,Federal Contract Tower,15,13,0,2,30,0,58,28,0,86,15,71,28,2,116,0,0,0,116
03/17/2010,GSN,MP,AWP,WE,Federal Contract Tower,12,14,0,0,26,0,50,16,6,72,12,64,16,6,98,0,0,0,98
03/18/2010,GSN,MP,AWP,WE,Federal Contract Tower,14,16,0,0,30,0,73,24,0,97,14,89,24,0,127,0,0,0,127
03/19/2010,GSN,MP,AWP,WE,Federal Contract Tower,14,17,0,2,33,0,80,38,0,118,14,97,38,2,151,0,0,0,151
03/20/2010,GSN,MP,AWP,WE,Federal Contract Tower,18,14,0,0,32,0,97,52,0,149,18,111,52,0,181,0,0,0,181
03/21/2010,GSN,MP,AWP,WE,Federal Contract Tower,14,15,0,4,33,0,82,23,0,105,14,97,23,4,138,0,0,0,138
03/22/2010,GSN,MP,AWP,WE,Federal Contract Tower,14,16,0,0,30,0,109,46,0,155,14,125,46,0,185,0,0,0,185
03/23/2010,GSN,MP,AWP,WE,Federal Contract Tower,18,14,0,4,36,0,75,50,0,125,18,89,50,4,161,0,0,0,161
03/24/2010,GSN,MP,AWP,WE,Federal Contract Tower,12,16,0,0,28,0,77,32,0,109,12,93,32,0,137,16,0,16,153
03/25/2010,GSN,MP,AWP,WE,Federal Contract Tower,14,16,0,0,30,0,71,40,0,111,14,87,40,0,141,0,0,0,141
03/26/2010,GSN,MP,AWP,WE,Federal Contract Tower,14,20,0,1,35,0,79,22,1,102,14,99,22,2,137,0,0,0,137
03/27/2010,GSN,MP,AWP,WE,Federal Contract Tower,18,14,0,0,32,0,109,48,0,157,18,123,48,0,189,2,0,2,191
03/28/2010,GSN,MP,AWP,WE,Federal Contract Tower,14,15,0,0,29,0,77,24,0,101,14,92,24,0,130,0,2,2,132
03/29/2010,GSN,MP,AWP,WE,Federal Contract Tower,14,16,0,0,30,0,98,42,0,140,14,114,42,0,170,0,0,0,170
03/30/2010,GSN,MP,AWP,WE,Federal Contract Tower,18,14,0,0,32,0,80,66,0,146,18,94,66,0,178,8,0,8,186
03/31/2010,GSN,MP,AWP,WE,Federal Contract Tower,12,16,0,0,28,0,60,15,0,75,12,76,15,0,103,0,0,0,103
04/01/2010,GSN,MP,AWP,WE,Federal Contract Tower,14,14,0,0,28,0,80,46,0,126,14,94,46,0,154,2,0,2,156
04/02/2010,GSN,MP,AWP,WE,Federal Contract Tower,14,18,0,0,32,0,43,19,0,62,14,61,19,0,94,0,0,0,94
04/03/2010,GSN,MP,AWP,WE,Federal Contract Tower,16,13,0,0,29,0,68,26,0,94,16,81,26,0,123,0,0,0,123
04/04/2010,GSN,MP,AWP,WE,Federal Contract Tower,14,12,0,0,26,0,71,17,0,88,14,83,17,0,114,0,0,0,114
04/05/2010,GSN,MP,AWP,WE,Federal Contract Tower,12,16,0,0,28,0,111,25,0,136,12,127,25,0,164,0,0,0,164
04/06/2010,GSN,MP,AWP,WE,Federal Contract Tower,14,14,0,0,28,0,97,52,0,149,14,111,52,0,177,0,0,0,177
04/07/2010,GSN,MP,AWP,WE,Federal Contract Tower,8,16,0,0,24,0,63,23,0,86,8,79,23,0,110,5,0,5,115
04/08/2010,GSN,MP,AWP,WE,Federal Contract Tower,10,16,0,0,26,0,76,20,0,96,10,92,20,0,122,0,0,0,122
04/09/2010,GSN,MP,AWP,WE,Federal Contract Tower,8,18,0,0,26,0,71,17,0,88,8,89,17,0,114,0,0,0,114
04/10/2010,GSN,MP,AWP,WE,Federal Contract Tower,14,12,0,0,26,0,89,51,0,140,14,101,51,0,166,0,0,0,166
04/11/2010,GSN,MP,AWP,WE,Federal Contract Tower,10,15,0,0,25,0,72,17,0,89,10,87,17,0,114,0,0,0,114
04/12/2010,GSN,MP,AWP,WE,Federal Contract Tower,10,16,0,0,26,0,116,56,0,172,10,132,56,0,198,0,0,0,198
04/13/2010,GSN,MP,AWP,WE,Federal Contract Tower,14,14,0,0,28,0,76,53,0,129,14,90,53,0,157,0,0,0,157
04/14/2010,GSN,MP,AWP,WE,Federal Contract Tower,9,13,0,0,22,0,106,22,1,129,9,119,22,1,151,0,0,0,151
04/15/2010,GSN,MP,AWP,WE,Federal Contract Tower,12,16,0,1,29,0,80,33,1,114,12,96,33,2,143,0,0,0,143
04/16/2010,GSN,MP,AWP,WE,Federal Contract Tower,11,18,1,0,30,0,73,37,8,118,11,91,38,8,148,0,0,0,148
04/17/2010,GSN,MP,AWP,WE,Federal Contract Tower,16,19,0,1,36,0,83,36,0,119,16,102,36,1,155,0,0,0,155
04/18/2010,GSN,MP,AWP,WE,Federal Contract Tower,13,15,0,0,28,0,39,27,0,66,13,54,27,0,94,0,0,0,94
04/19/2010,GSN,MP,AWP,WE,Federal Contract Tower,12,16,0,0,28,0,136,67,0,203,12,152,67,0,231,9,0,9,240
04/20/2010,GSN,MP,AWP,WE,Federal Contract Tower,14,14,0,0,28,0,78,40,0,118,14,92,40,0,146,0,0,0,146
04/21/2010,GSN,MP,AWP,WE,Federal Contract Tower,8,14,0,0,22,0,73,6,0,79,8,87,6,0,101,12,0,12,113
04/22/2010,GSN,MP,AWP,WE,Federal Contract Tower,11,16,0,0,27,0,93,17,0,110,11,109,17,0,137,2,0,2,139
04/23/2010,GSN,MP,AWP,WE,Federal Contract Tower,11,18,0,0,29,0,98,26,0,124,11,116,26,0,153,0,0,0,153
04/24/2010,GSN,MP,AWP,WE,Federal Contract Tower,15,12,0,0,27,0,84,28,0,112,15,96,28,0,139,0,0,0,139
04/25/2010,GSN,MP,AWP,WE,Federal Contract Tower,12,16,0,0,28,0,65,11,0,76,12,81,11,0,104,0,0,0,104
04/26/2010,GSN,MP,AWP,WE,Federal Contract Tower,11,15,0,0,26,0,147,71,0,218,11,162,71,0,244,0,0,0,244
04/27/2010,GSN,MP,AWP,WE,Federal Contract Tower,14,14,0,0,28,0,119,44,0,163,14,133,44,0,191,0,0,0,191
04/28/2010,GSN,MP,AWP,WE,Federal Contract Tower,11,14,0,0,25,0,69,15,0,84,11,83,15,0,109,0,0,0,109
04/29/2010,GSN,MP,AWP,WE,Federal Contract Tower,14,12,0,0,26,0,99,16,0,115,14,111,16,0,141,0,0,0,141
04/30/2010,GSN,MP,AWP,WE,Federal Contract Tower,14,15,0,0,29,0,122,20,0,142,14,137,20,0,171,0,0,0,171
05/01/2010,GSN,MP,AWP,WE,Federal Contract Tower,20,14,0,0,34,0,114,25,0,139,20,128,25,0,173,0,0,0,173
05/02/2010,GSN,MP,AWP,WE,Federal Contract Tower,19,16,0,0,35,0,142,15,0,157,19,158,15,0,192,0,0,0,192
05/03/2010,GSN,MP,AWP,WE,Federal Contract Tower,16,16,2,0,34,0,111,29,0,140,16,127,31,0,174,0,0,0,174
05/04/2010,GSN,MP,AWP,WE,Federal Contract Tower,20,14,0,0,34,0,98,37,2,137,20,112,37,2,171,0,0,0,171
05/05/2010,GSN,MP,AWP,WE,Federal Contract Tower,15,16,0,0,31,0,95,9,0,104,15,111,9,0,135,0,0,0,135
05/06/2010,GSN,MP,AWP,WE,Federal Contract Tower,12,16,0,0,28,0,94,28,0,122,12,110,28,0,150,0,0,0,150
05/07/2010,GSN,MP,AWP,WE,Federal Contract Tower,10,18,0,0,28,0,77,16,0,93,10,95,16,0,121,0,0,0,121
05/08/2010,GSN,MP,AWP,WE,Federal Contract Tower,14,14,0,0,28,0,126,32,0,158,14,140,32,0,186,0,0,0,186
05/09/2010,GSN,MP,AWP,WE,Federal Contract Tower,10,15,0,0,25,0,71,16,0,87,10,86,16,0,112,0,0,0,112
05/10/2010,GSN,MP,AWP,WE,Federal Contract Tower,10,16,0,0,26,0,111,31,0,142,10,127,31,0,168,0,0,0,168
05/11/2010,GSN,MP,AWP,WE,Federal Contract Tower,14,13,0,0,27,0,108,57,0,165,14,121,57,0,192,0,0,0,192
05/12/2010,GSN,MP,AWP,WE,Federal Contract Tower,8,14,0,0,22,0,79,8,0,87,8,93,8,0,109,0,0,0,109
05/13/2010,GSN,MP,AWP,WE,Federal Contract Tower,10,15,0,0,25,0,92,22,0,114,10,107,22,0,139,0,0,0,139
05/14/2010,GSN,MP,AWP,WE,Federal Contract Tower,10,17,0,0,27,0,71,12,0,83,10,88,12,0,110,0,0,0,110
05/15/2010,GSN,MP,AWP,WE,Federal Contract Tower,15,14,0,0,29,0,124,57,0,181,15,138,57,0,210,0,0,0,210
05/16/2010,GSN,MP,AWP,WE,Federal Contract Tower,11,16,0,0,27,0,65,15,0,80,11,81,15,0,107,0,0,0,107
05/17/2010,GSN,MP,AWP,WE,Federal Contract Tower,11,17,0,0,28,0,116,21,0,137,11,133,21,0,165,0,0,0,165
05/18/2010,GSN,MP,AWP,WE,Federal Contract Tower,15,14,0,0,29,0,71,22,5,98,15,85,22,5,127,0,0,0,127
05/19/2010,GSN,MP,AWP,WE,Federal Contract Tower,9,14,0,0,23,0,67,18,0,85,9,81,18,0,108,0,0,0,108
05/20/2010,GSN,MP,AWP,WE,Federal Contract Tower,12,14,0,0,26,0,78,19,0,97,12,92,19,0,123,0,0,0,123
05/21/2010,GSN,MP,AWP,WE,Federal Contract Tower,14,18,0,0,32,0,87,20,0,107,14,105,20,0,139,0,0,0,139
05/22/2010,GSN,MP,AWP,WE,Federal Contract Tower,15,14,2,0,31,0,79,22,0,101,15,93,24,0,132,4,0,4,136
05/23/2010,GSN,MP,AWP,WE,Federal Contract Tower,12,16,0,0,28,0,61,24,0,85,12,77,24,0,113,0,0,0,113
05/24/2010,GSN,MP,AWP,WE,Federal Contract Tower,12,16,0,0,28,0,52,8,0,60,12,68,8,0,88,0,0,0,88
05/25/2010,GSN,MP,AWP,WE,Federal Contract Tower,12,13,0,0,25,0,66,14,0,80,12,79,14,0,105,0,0,0,105
05/26/2010,GSN,MP,AWP,WE,Federal Contract Tower,8,14,1,0,23,0,55,25,0,80,8,69,26,0,103,0,0,0,103
05/27/2010,GSN,MP,AWP,WE,Federal Contract Tower,10,16,1,0,27,0,79,7,0,86,10,95,8,0,113,0,0,0,113
05/28/2010,GSN,MP,AWP,WE,Federal Contract Tower,10,17,0,0,27,0,77,17,0,94,10,94,17,0,121,0,0,0,121
05/29/2010,GSN,MP,AWP,WE,Federal Contract Tower,12,13,0,0,25,0,101,39,0,140,12,114,39,0,165,0,0,0,165
05/30/2010,GSN,MP,AWP,WE,Federal Contract Tower,12,13,0,0,25,0,0,0,0,0,12,13,0,0,25,0,0,0,25
05/31/2010,GSN,MP,AWP,WE,Federal Contract Tower,11,16,0,0,27,0,62,12,0,74,11,78,12,0,101,0,0,0,101
06/01/2010,GSN,MP,AWP,WE,Federal Contract Tower,11,14,0,0,25,0,46,11,5,62,11,60,11,5,87,0,0,0,87
06/02/2010,GSN,MP,AWP,WE,Federal Contract Tower,8,13,0,0,21,0,59,3,0,62,8,72,3,0,83,0,0,0,83
06/03/2010,GSN,MP,AWP,WE,Federal Contract Tower,9,16,0,0,25,0,61,6,0,67,9,77,6,0,92,0,0,0,92
06/04/2010,GSN,MP,AWP,WE,Federal Contract Tower,7,16,0,0,23,0,95,10,0,105,7,111,10,0,128,0,1,1,129
06/05/2010,GSN,MP,AWP,WE,Federal Contract Tower,11,14,0,0,25,0,90,18,0,108,11,104,18,0,133,0,0,0,133
06/06/2010,GSN,MP,AWP,WE,Federal Contract Tower,10,13,0,0,23,0,83,13,0,96,10,96,13,0,119,0,0,0,119
06/07/2010,GSN,MP,AWP,WE,Federal Contract Tower,8,14,0,0,22,0,61,14,0,75,8,75,14,0,97,0,0,0,97
06/08/2010,GSN,MP,AWP,WE,Federal Contract Tower,10,14,0,0,24,0,78,19,0,97,10,92,19,0,121,0,0,0,121
06/09/2010,GSN,MP,AWP,WE,Federal Contract Tower,8,14,0,0,22,0,53,8,0,61,8,67,8,0,83,0,0,0,83
06/10/2010,GSN,MP,AWP,WE,Federal Contract Tower,10,15,0,1,26,0,96,5,3,104,10,111,5,4,130,0,0,0,130
06/11/2010,GSN,MP,AWP,WE,Federal Contract Tower,13,14,0,0,27,0,90,20,2,112,13,104,20,2,139,0,0,0,139
06/12/2010,GSN,MP,AWP,WE,Federal Contract Tower,15,14,0,0,29,0,93,35,0,128,15,107,35,0,157,0,0,0,157
06/13/2010,GSN,MP,AWP,WE,Federal Contract Tower,16,15,0,0,31,0,80,27,0,107,16,95,27,0,138,0,0,0,138
06/14/2010,GSN,MP,AWP,WE,Federal Contract Tower,13,16,0,1,30,0,79,29,0,108,13,95,29,1,138,0,0,0,138
06/15/2010,GSN,MP,AWP,WE,Federal Contract Tower,15,14,0,5,34,0,79,19,0,98,15,93,19,5,132,0,0,0,132
06/16/2010,GSN,MP,AWP,WE,Federal Contract Tower,10,14,0,1,25,0,75,21,1,97,10,89,21,2,122,0,0,0,122
06/17/2010,GSN,MP,AWP,WE,Federal Contract Tower,12,16,4,0,32,0,93,11,0,104,12,109,15,0,136,0,0,0,136
06/18/2010,GSN,MP,AWP,WE,Federal Contract Tower,12,17,0,0,29,0,90,20,0,110,12,107,20,0,139,0,0,0,139
06/19/2010,GSN,MP,AWP,WE,Federal Contract Tower,13,12,0,0,25,0,72,25,0,97,13,84,25,0,122,0,0,0,122
06/20/2010,GSN,MP,AWP,WE,Federal Contract Tower,13,16,0,0,29,0,120,27,0,147,13,136,27,0,176,0,0,0,176
06/21/2010,GSN,MP,AWP,WE,Federal Contract Tower,14,16,2,2,34,0,66,11,0,77,14,82,13,2,111,0,0,0,111
06/22/2010,GSN,MP,AWP,WE,Federal Contract Tower,15,12,0,0,27,0,66,8,0,74,15,78,8,0,101,0,0,0,101
06/23/2010,GSN,MP,AWP,WE,Federal Contract Tower,11,15,0,0,26,0,92,8,0,100,11,107,8,0,126,0,0,0,126
06/24/2010,GSN,MP,AWP,WE,Federal Contract Tower,12,17,3,0,32,0,70,3,0,73,12,87,6,0,105,0,0,0,105
06/25/2010,GSN,MP,AWP,WE,Federal Contract Tower,12,15,1,0,28,0,54,10,0,64,12,69,11,0,92,0,0,0,92
06/26/2010,GSN,MP,AWP,WE,Federal Contract Tower,15,10,1,0,26,0,79,24,0,103,15,89,25,0,129,0,0,0,129
06/27/2010,GSN,MP,AWP,WE,Federal Contract Tower,13,12,0,0,25,0,95,23,0,118,13,107,23,0,143,0,0,0,143
06/28/2010,GSN,MP,AWP,WE,Federal Contract Tower,12,14,0,0,26,0,54,22,0,76,12,68,22,0,102,0,0,0,102
06/29/2010,GSN,MP,AWP,WE,Federal Contract Tower,14,10,0,0,24,0,69,0,36,105,14,79,0,36,129,0,0,0,129
06/30/2010,GSN,MP,AWP,WE,Federal Contract Tower,8,12,0,0,20,0,61,14,0,75,8,73,14,0,95,0,0,0,95
07/01/2010,GSN,MP,AWP,WE,Federal Contract Tower,12,11,0,0,23,0,73,17,0,90,12,84,17,0,113,0,0,0,113
07/02/2010,GSN,MP,AWP,WE,Federal Contract Tower,12,14,1,0,27,0,76,11,0,87,12,90,12,0,114,0,0,0,114
07/03/2010,GSN,MP,AWP,WE,Federal Contract Tower,17,10,0,0,27,0,119,57,0,176,17,129,57,0,203,0,0,0,203
07/04/2010,GSN,MP,AWP,WE,Federal Contract Tower,13,12,2,0,27,0,78,23,0,101,13,90,25,0,128,0,0,0,128
07/05/2010,GSN,MP,AWP,WE,Federal Contract Tower,14,15,0,0,29,0,97,41,0,138,14,112,41,0,167,0,0,0,167
07/06/2010,GSN,MP,AWP,WE,Federal Contract Tower,15,11,0,0,26,0,114,53,0,167,15,125,53,0,193,0,0,0,193
07/07/2010,GSN,MP,AWP,WE,Federal Contract Tower,10,14,1,0,25,0,81,16,0,97,10,95,17,0,122,0,0,0,122
07/08/2010,GSN,MP,AWP,WE,Federal Contract Tower,12,16,0,0,28,0,74,19,0,93,12,90,19,0,121,0,0,0,121
07/09/2010,GSN,MP,AWP,WE,Federal Contract Tower,12,17,0,0,29,0,84,27,0,111,12,101,27,0,140,0,0,0,140
07/10/2010,GSN,MP,AWP,WE,Federal Contract Tower,15,13,1,0,29,0,152,72,0,224,15,165,73,0,253,0,0,0,253
07/11/2010,GSN,MP,AWP,WE,Federal Contract Tower,12,16,0,0,28,0,94,11,0,105,12,110,11,0,133,0,0,0,133
07/12/2010,GSN,MP,AWP,WE,Federal Contract Tower,12,16,0,0,28,0,96,61,0,157,12,112,61,0,185,0,0,0,185
07/13/2010,GSN,MP,AWP,WE,Federal Contract Tower,16,12,0,0,28,0,107,49,0,156,16,119,49,0,184,0,0,0,184
07/14/2010,GSN,MP,AWP,WE,Federal Contract Tower,10,14,0,0,24,0,68,27,0,95,10,82,27,0,119,0,0,0,119
07/15/2010,GSN,MP,AWP,WE,Federal Contract Tower,12,16,1,0,29,0,86,35,0,121,12,102,36,0,150,0,0,0,150
07/16/2010,GSN,MP,AWP,WE,Federal Contract Tower,17,17,0,0,34,0,103,47,0,150,17,120,47,0,184,0,0,0,184
07/17/2010,GSN,MP,AWP,WE,Federal Contract Tower,19,14,0,0,33,0,99,31,0,130,19,113,31,0,163,0,0,0,163
07/18/2010,GSN,MP,AWP,WE,Federal Contract Tower,14,16,0,0,30,0,103,34,0,137,14,119,34,0,167,0,0,0,167
07/19/2010,GSN,MP,AWP,WE,Federal Contract Tower,20,17,0,0,37,0,102,39,0,141,20,119,39,0,178,0,0,0,178
07/20/2010,GSN,MP,AWP,WE,Federal Contract Tower,16,12,2,0,30,0,64,18,0,82,16,76,20,0,112,2,0,2,114
07/21/2010,GSN,MP,AWP,WE,Federal Contract Tower,14,14,0,0,28,0,74,17,0,91,14,88,17,0,119,0,0,0,119
07/22/2010,GSN,MP,AWP,WE,Federal Contract Tower,14,16,0,0,30,0,80,13,0,93,14,96,13,0,123,0,0,0,123
07/23/2010,GSN,MP,AWP,WE,Federal Contract Tower,18,18,0,0,36,0,91,18,0,109,18,109,18,0,145,0,0,0,145
07/24/2010,GSN,MP,AWP,WE,Federal Contract Tower,17,14,0,0,31,0,76,16,0,92,17,90,16,0,123,0,0,0,123
07/25/2010,GSN,MP,AWP,WE,Federal Contract Tower,15,16,0,0,31,0,83,21,0,104,15,99,21,0,135,0,0,0,135
07/26/2010,GSN,MP,AWP,WE,Federal Contract Tower,18,16,0,0,34,0,64,26,0,90,18,80,26,0,124,0,0,0,124
07/27/2010,GSN,MP,AWP,WE,Federal Contract Tower,16,16,0,0,32,0,71,14,0,85,16,87,14,0,117,0,0,0,117
07/28/2010,GSN,MP,AWP,WE,Federal Contract Tower,14,14,0,0,28,0,79,5,3,87,14,93,5,3,115,0,0,0,115
07/29/2010,GSN,MP,AWP,WE,Federal Contract Tower,16,17,0,0,33,0,97,10,0,107,16,114,10,0,140,0,0,0,140
07/30/2010,GSN,MP,AWP,WE,Federal Contract Tower,18,16,0,0,34,0,88,16,0,104,18,104,16,0,138,0,0,0,138
07/31/2010,GSN,MP,AWP,WE,Federal Contract Tower,16,14,0,0,30,0,114,13,0,127,16,128,13,0,157,0,0,0,157
08/01/2010,GSN,MP,AWP,WE,Federal Contract Tower,19,16,0,0,35,0,96,16,0,112,19,112,16,0,147,0,0,0,147
08/02/2010,GSN,MP,AWP,WE,Federal Contract Tower,19,15,0,0,34,0,87,21,0,108,19,102,21,0,142,0,0,0,142
08/03/2010,GSN,MP,AWP,WE,Federal Contract Tower,16,14,0,2,32,0,81,14,0,95,16,95,14,2,127,0,0,0,127
08/04/2010,GSN,MP,AWP,WE,Federal Contract Tower,16,14,0,0,30,0,59,5,2,66,16,73,5,2,96,0,0,0,96
08/05/2010,GSN,MP,AWP,WE,Federal Contract Tower,16,16,0,0,32,0,83,15,0,98,16,99,15,0,130,0,0,0,130
08/06/2010,GSN,MP,AWP,WE,Federal Contract Tower,16,18,0,0,34,0,105,19,0,124,16,123,19,0,158,0,0,0,158
08/07/2010,GSN,MP,AWP,WE,Federal Contract Tower,16,14,0,0,30,0,101,21,0,122,16,115,21,0,152,0,0,0,152
08/08/2010,GSN,MP,AWP,WE,Federal Contract Tower,19,16,0,0,35,0,84,24,0,108,19,100,24,0,143,0,0,0,143
08/09/2010,GSN,MP,AWP,WE,Federal Contract Tower,21,15,0,0,36,0,102,30,0,132,21,117,30,0,168,0,0,0,168
08/10/2010,GSN,MP,AWP,WE,Federal Contract Tower,19,15,0,2,36,0,79,26,6,111,19,94,26,8,147,0,0,0,147
08/11/2010,GSN,MP,AWP,WE,Federal Contract Tower,20,14,0,1,35,0,97,13,6,116,20,111,13,7,151,0,0,0,151
08/12/2010,GSN,MP,AWP,WE,Federal Contract Tower,17,16,2,1,36,0,70,8,0,78,17,86,10,1,114,0,0,0,114
08/13/2010,GSN,MP,AWP,WE,Federal Contract Tower,22,18,0,0,40,0,110,36,0,146,22,128,36,0,186,0,0,0,186
08/14/2010,GSN,MP,AWP,WE,Federal Contract Tower,18,14,0,0,32,0,98,20,0,118,18,112,20,0,150,0,0,0,150
08/15/2010,GSN,MP,AWP,WE,Federal Contract Tower,14,15,0,0,29,0,100,34,0,134,14,115,34,0,163,0,0,0,163
08/16/2010,GSN,MP,AWP,WE,Federal Contract Tower,18,15,0,0,33,0,94,21,2,117,18,109,21,2,150,0,0,0,150
08/17/2010,GSN,MP,AWP,WE,Federal Contract Tower,16,14,0,0,30,0,71,21,0,92,16,85,21,0,122,0,0,0,122
08/18/2010,GSN,MP,AWP,WE,Federal Contract Tower,13,16,0,0,29,0,78,10,0,88,13,94,10,0,117,0,0,0,117
08/19/2010,GSN,MP,AWP,WE,Federal Contract Tower,17,14,0,0,31,0,67,13,1,81,17,81,13,1,112,0,0,0,112
08/20/2010,GSN,MP,AWP,WE,Federal Contract Tower,17,18,0,1,36,0,92,16,0,108,17,110,16,1,144,0,0,0,144
08/21/2010,GSN,MP,AWP,WE,Federal Contract Tower,16,13,0,0,29,0,95,37,0,132,16,108,37,0,161,0,0,0,161
08/22/2010,GSN,MP,AWP,WE,Federal Contract Tower,14,16,0,0,30,0,89,21,0,110,14,105,21,0,140,0,0,0,140
08/23/2010,GSN,MP,AWP,WE,Federal Contract Tower,16,16,0,0,32,0,71,23,0,94,16,87,23,0,126,0,0,0,126
08/24/2010,GSN,MP,AWP,WE,Federal Contract Tower,16,16,0,0,32,0,72,13,0,85,16,88,13,0,117,4,0,4,121
08/25/2010,GSN,MP,AWP,WE,Federal Contract Tower,14,14,0,0,28,0,62,10,0,72,14,76,10,0,100,0,0,0,100
08/26/2010,GSN,MP,AWP,WE,Federal Contract Tower,14,16,0,0,30,0,66,7,0,73,14,82,7,0,103,0,0,0,103
08/27/2010,GSN,MP,AWP,WE,Federal Contract Tower,16,21,0,0,37,0,119,36,0,155,16,140,36,0,192,0,0,0,192
08/28/2010,GSN,MP,AWP,WE,Federal Contract Tower,16,14,0,0,30,0,85,25,0,110,16,99,25,0,140,0,0,0,140
08/29/2010,GSN,MP,AWP,WE,Federal Contract Tower,15,20,0,0,35,0,116,47,0,163,15,136,47,0,198,0,0,0,198
08/30/2010,GSN,MP,AWP,WE,Federal Contract Tower,17,16,0,4,37,0,59,24,0,83,17,75,24,4,120,0,0,0,120
08/31/2010,GSN,MP,AWP,WE,Federal Contract Tower,16,14,0,1,31,0,85,19,1,105,16,99,19,2,136,0,0,0,136
09/01/2010,GSN,MP,AWP,WE,Federal Contract Tower,11,16,1,0,28,0,52,6,0,58,11,68,7,0,86,0,0,0,86
09/02/2010,GSN,MP,AWP,WE,Federal Contract Tower,14,16,0,0,30,0,64,19,0,83,14,80,19,0,113,0,0,0,113
09/03/2010,GSN,MP,AWP,WE,Federal Contract Tower,14,17,0,0,31,0,76,12,0,88,14,93,12,0,119,0,0,0,119
09/04/2010,GSN,MP,AWP,WE,Federal Contract Tower,14,14,0,0,28,0,88,15,0,103,14,102,15,0,131,0,0,0,131
09/05/2010,GSN,MP,AWP,WE,Federal Contract Tower,12,18,0,0,30,0,68,15,0,83,12,86,15,0,113,5,0,5,118
09/06/2010,GSN,MP,AWP,WE,Federal Contract Tower,11,16,0,0,27,0,57,8,0,65,11,73,8,0,92,0,0,0,92
09/07/2010,GSN,MP,AWP,WE,Federal Contract Tower,14,14,0,0,28,0,61,9,0,70,14,75,9,0,98,0,0,0,98
09/08/2010,GSN,MP,AWP,WE,Federal Contract Tower,10,12,0,0,22,0,43,14,0,57,10,55,14,0,79,5,0,5,84
09/09/2010,GSN,MP,AWP,WE,Federal Contract Tower,12,15,0,0,27,0,65,8,0,73,12,80,8,0,100,10,0,10,110
09/10/2010,GSN,MP,AWP,WE,Federal Contract Tower,14,17,0,0,31,0,64,16,0,80,14,81,16,0,111,0,0,0,111
09/11/2010,GSN,MP,AWP,WE,Federal Contract Tower,14,13,0,0,27,0,116,60,0,176,14,129,60,0,203,0,0,0,203
09/12/2010,GSN,MP,AWP,WE,Federal Contract Tower,12,16,0,0,28,0,84,34,4,122,12,100,34,4,150,0,0,0,150
09/13/2010,GSN,MP,AWP,WE,Federal Contract Tower,12,16,0,0,28,0,73,34,0,107,12,89,34,0,135,0,0,0,135
09/14/2010,GSN,MP,AWP,WE,Federal Contract Tower,14,14,0,0,28,0,69,16,0,85,14,83,16,0,113,0,0,0,113
09/15/2010,GSN,MP,AWP,WE,Federal Contract Tower,10,13,0,0,23,0,47,9,2,58,10,60,9,2,81,0,7,7,88
09/16/2010,GSN,MP,AWP,WE,Federal Contract Tower,12,16,0,0,28,0,69,9,0,78,12,85,9,0,106,0,0,0,106
09/17/2010,GSN,MP,AWP,WE,Federal Contract Tower,14,16,0,3,33,0,59,3,9,71,14,75,3,12,104,0,0,0,104
09/18/2010,GSN,MP,AWP,WE,Federal Contract Tower,15,13,2,4,34,0,89,19,0,108,15,102,21,4,142,8,22,30,172
09/19/2010,GSN,MP,AWP,WE,Federal Contract Tower,14,16,0,6,36,0,62,16,10,88,14,78,16,16,124,0,0,0,124
09/20/2010,GSN,MP,AWP,WE,Federal Contract Tower,13,15,0,0,28,0,55,15,0,70,13,70,15,0,98,0,0,0,98
09/21/2010,GSN,MP,AWP,WE,Federal Contract Tower,15,14,0,0,29,0,58,12,0,70,15,72,12,0,99,0,0,0,99
09/22/2010,GSN,MP,AWP,WE,Federal Contract Tower,14,14,0,0,28,0,56,20,0,76,14,70,20,0,104,0,0,0,104
09/23/2010,GSN,MP,AWP,WE,Federal Contract Tower,13,16,0,9,38,0,82,21,9,112,13,98,21,18,150,0,0,0,150
09/24/2010,GSN,MP,AWP,WE,Federal Contract Tower,11,15,0,0,26,0,92,14,0,106,11,107,14,0,132,0,0,0,132
09/25/2010,GSN,MP,AWP,WE,Federal Contract Tower,17,13,0,1,31,0,92,32,1,125,17,105,32,2,156,0,0,0,156
09/26/2010,GSN,MP,AWP,WE,Federal Contract Tower,13,16,2,0,31,0,54,13,0,67,13,70,15,0,98,0,0,0,98
09/27/2010,GSN,MP,AWP,WE,Federal Contract Tower,13,13,0,6,32,0,73,25,0,98,13,86,25,6,130,0,0,0,130
09/28/2010,GSN,MP,AWP,WE,Federal Contract Tower,14,14,0,0,28,0,63,25,4,92,14,77,25,4,120,6,0,6,126
09/29/2010,GSN,MP,AWP,WE,Federal Contract Tower,11,14,0,0,25,0,83,24,0,107,11,97,24,0,132,0,0,0,132
09/30/2010,GSN,MP,AWP,WE,Federal Contract Tower,12,16,0,0,28,0,62,10,0,72,12,78,10,0,100,0,0,0,100
10/01/2010,GSN,MP,AWP,WE,Federal Contract Tower,13,16,2,0,31,0,67,17,0,84,13,83,19,0,115,0,0,0,115
10/02/2010,GSN,MP,AWP,WE,Federal Contract Tower,12,14,0,0,26,0,83,26,0,109,12,97,26,0,135,0,0,0,135
10/03/2010,GSN,MP,AWP,WE,Federal Contract Tower,10,16,0,0,26,0,82,20,0,102,10,98,20,0,128,0,0,0,128
10/04/2010,GSN,MP,AWP,WE,Federal Contract Tower,12,16,0,0,28,0,87,31,0,118,12,103,31,0,146,0,0,0,146
10/05/2010,GSN,MP,AWP,WE,Federal Contract Tower,12,13,2,0,27,0,76,15,0,91,12,89,17,0,118,0,0,0,118
10/06/2010,GSN,MP,AWP,WE,Federal Contract Tower,8,12,0,0,20,0,77,13,10,100,8,89,13,10,120,0,0,0,120
10/07/2010,GSN,MP,AWP,WE,Federal Contract Tower,10,16,0,0,26,0,81,7,0,88,10,97,7,0,114,0,0,0,114
10/08/2010,GSN,MP,AWP,WE,Federal Contract Tower,13,13,0,0,26,0,81,15,0,96,13,94,15,0,122,4,0,4,126
10/09/2010,GSN,MP,AWP,WE,Federal Contract Tower,17,4,1,0,22,0,67,16,0,83,17,71,17,0,105,0,0,0,105
10/10/2010,GSN,MP,AWP,WE,Federal Contract Tower,16,4,3,0,23,0,49,13,0,62,16,53,16,0,85,4,0,4,89
10/11/2010,GSN,MP,AWP,WE,Federal Contract Tower,15,4,0,0,19,0,81,17,0,98,15,85,17,0,117,0,0,0,117
10/12/2010,GSN,MP,AWP,WE,Federal Contract Tower,17,4,0,0,21,0,66,12,0,78,17,70,12,0,99,0,0,0,99
10/13/2010,GSN,MP,AWP,WE,Federal Contract Tower,8,12,0,0,20,0,53,9,6,68,8,65,9,6,88,0,0,0,88
10/14/2010,GSN,MP,AWP,WE,Federal Contract Tower,10,16,0,1,27,0,97,17,0,114,10,113,17,1,141,0,0,0,141
10/15/2010,GSN,MP,AWP,WE,Federal Contract Tower,10,16,2,0,28,0,81,24,0,105,10,97,26,0,133,0,0,0,133
10/16/2010,GSN,MP,AWP,WE,Federal Contract Tower,12,12,0,1,25,0,93,38,0,131,12,105,38,1,156,0,0,0,156
10/17/2010,GSN,MP,AWP,WE,Federal Contract Tower,12,15,2,0,29,0,56,22,0,78,12,71,24,0,107,0,0,0,107
10/18/2010,GSN,MP,AWP,WE,Federal Contract Tower,11,16,0,0,27,0,77,28,0,105,11,93,28,0,132,0,0,0,132
10/19/2010,GSN,MP,AWP,WE,Federal Contract Tower,12,14,1,0,27,0,64,22,0,86,12,78,23,0,113,0,0,0,113
10/20/2010,GSN,MP,AWP,WE,Federal Contract Tower,8,12,1,0,21,0,54,12,0,66,8,66,13,0,87,0,0,0,87
10/21/2010,GSN,MP,AWP,WE,Federal Contract Tower,11,16,0,0,27,0,66,57,0,123,11,82,57,0,150,0,0,0,150
10/22/2010,GSN,MP,AWP,WE,Federal Contract Tower,11,16,2,0,29,0,77,14,0,91,11,93,16,0,120,0,0,0,120
10/23/2010,GSN,MP,AWP,WE,Federal Contract Tower,12,12,0,0,24,0,71,40,0,111,12,83,40,0,135,0,0,0,135
10/24/2010,GSN,MP,AWP,WE,Federal Contract Tower,10,16,0,0,26,0,68,4,0,72,10,84,4,0,98,0,0,0,98
10/25/2010,GSN,MP,AWP,WE,Federal Contract Tower,10,16,0,0,26,0,53,20,0,73,10,69,20,0,99,0,0,0,99
10/26/2010,GSN,MP,AWP,WE,Federal Contract Tower,12,12,0,0,24,0,62,11,0,73,12,74,11,0,97,0,0,0,97
10/27/2010,GSN,MP,AWP,WE,Federal Contract Tower,8,11,0,2,21,0,83,5,2,90,8,94,5,4,111,0,24,24,135
10/28/2010,GSN,MP,AWP,WE,Federal Contract Tower,10,15,0,1,26,0,78,16,15,109,10,93,16,16,135,0,29,29,164
10/29/2010,GSN,MP,AWP,WE,Federal Contract Tower,11,17,0,0,28,0,70,14,0,84,11,87,14,0,112,2,0,2,114
10/30/2010,GSN,MP,AWP,WE,Federal Contract Tower,14,12,0,3,29,0,67,23,0,90,14,79,23,3,119,0,0,0,119
10/31/2010,GSN,MP,AWP,WE,Federal Contract Tower,11,13,0,0,24,0,43,13,0,56,11,56,13,0,80,0,0,0,80
11/01/2010,GSN,MP,AWP,WE,Federal Contract Tower,11,12,0,0,23,0,48,11,0,59,11,60,11,0,82,0,0,0,82
11/02/2010,GSN,MP,AWP,WE,Federal Contract Tower,8,16,0,0,24,0,62,16,0,78,8,78,16,0,102,6,0,6,108
11/03/2010,GSN,MP,AWP,WE,Federal Contract Tower,8,12,0,0,20,0,58,9,0,67,8,70,9,0,87,0,0,0,87
11/04/2010,GSN,MP,AWP,WE,Federal Contract Tower,9,15,0,4,28,0,61,15,0,76,9,76,15,4,104,0,0,0,104
11/05/2010,GSN,MP,AWP,WE,Federal Contract Tower,9,16,0,1,26,0,77,14,1,92,9,93,14,2,118,0,0,0,118
11/06/2010,GSN,MP,AWP,WE,Federal Contract Tower,11,12,0,4,27,0,0,93,39,132,11,12,93,43,159,0,0,0,159
11/07/2010,GSN,MP,AWP,WE,Federal Contract Tower,10,16,0,0,26,0,68,30,0,98,10,84,30,0,124,0,0,0,124
11/08/2010,GSN,MP,AWP,WE,Federal Contract Tower,10,16,0,0,26,0,54,12,0,66,10,70,12,0,92,0,0,0,92
11/09/2010,GSN,MP,AWP,WE,Federal Contract Tower,14,7,2,0,23,0,60,13,0,73,14,67,15,0,96,0,0,0,96
11/10/2010,GSN,MP,AWP,WE,Federal Contract Tower,7,12,0,0,19,0,59,0,0,59,7,71,0,0,78,0,0,0,78
11/11/2010,GSN,MP,AWP,WE,Federal Contract Tower,9,16,0,0,25,0,72,13,0,85,9,88,13,0,110,0,0,0,110
11/12/2010,GSN,MP,AWP,WE,Federal Contract Tower,9,16,0,0,25,0,78,18,2,98,9,94,18,2,123,0,0,0,123
11/13/2010,GSN,MP,AWP,WE,Federal Contract Tower,11,12,0,0,23,0,80,26,6,112,11,92,26,6,135,0,0,0,135
11/14/2010,GSN,MP,AWP,WE,Federal Contract Tower,10,16,0,0,26,0,62,22,2,86,10,78,22,2,112,8,0,8,120
11/15/2010,GSN,MP,AWP,WE,Federal Contract Tower,10,15,0,0,25,0,52,6,0,58,10,67,6,0,83,0,0,0,83
11/16/2010,GSN,MP,AWP,WE,Federal Contract Tower,12,14,0,1,27,0,60,12,1,73,12,74,12,2,100,0,2,2,102
11/17/2010,GSN,MP,AWP,WE,Federal Contract Tower,7,12,0,0,19,0,50,5,0,55,7,62,5,0,74,0,0,0,74
11/18/2010,GSN,MP,AWP,WE,Federal Contract Tower,9,16,0,0,25,0,65,11,0,76,9,81,11,0,101,0,0,0,101
11/19/2010,GSN,MP,AWP,WE,Federal Contract Tower,9,16,0,0,25,0,77,12,0,89,9,93,12,0,114,0,0,0,114
11/20/2010,GSN,MP,AWP,WE,Federal Contract Tower,12,12,0,0,24,0,96,34,0,130,12,108,34,0,154,0,0,0,154
11/21/2010,GSN,MP,AWP,WE,Federal Contract Tower,10,16,0,0,26,0,91,34,0,125,10,107,34,0,151,0,0,0,151
11/22/2010,GSN,MP,AWP,WE,Federal Contract Tower,11,16,1,2,30,0,54,20,3,77,11,70,21,5,107,0,6,6,113
11/23/2010,GSN,MP,AWP,WE,Federal Contract Tower,11,14,1,0,26,0,61,18,6,85,11,75,19,6,111,0,18,18,129
11/24/2010,GSN,MP,AWP,WE,Federal Contract Tower,7,12,2,0,21,0,66,12,4,82,7,78,14,4,103,0,32,32,135
11/25/2010,GSN,MP,AWP,WE,Federal Contract Tower,9,16,0,0,25,0,65,8,0,73,9,81,8,0,98,0,0,0,98
11/26/2010,GSN,MP,AWP,WE,Federal Contract Tower,9,17,0,0,26,0,62,11,0,73,9,79,11,0,99,14,0,14,113
11/27/2010,GSN,MP,AWP,WE,Federal Contract Tower,12,12,0,0,24,0,66,10,0,76,12,78,10,0,100,0,0,0,100
11/28/2010,GSN,MP,AWP,WE,Federal Contract Tower,16,10,0,0,26,0,49,8,0,57,16,59,8,0,83,0,0,0,83
11/29/2010,GSN,MP,AWP,WE,Federal Contract Tower,12,17,0,0,29,0,48,9,0,57,12,65,9,0,86,0,0,0,86
11/30/2010,GSN,MP,AWP,WE,Federal Contract Tower,11,14,0,0,25,0,53,7,3,63,11,67,7,3,88,0,0,0,88
12/01/2010,GSN,MP,AWP,WE,Federal Contract Tower,6,12,0,1,19,0,50,7,2,59,6,62,7,3,78,0,0,0,78
12/02/2010,GSN,MP,AWP,WE,Federal Contract Tower,12,16,0,0,28,0,65,10,0,75,12,81,10,0,103,0,0,0,103
12/03/2010,GSN,MP,AWP,WE,Federal Contract Tower,8,16,0,0,24,0,58,5,0,63,8,74,5,0,87,0,0,0,87
12/04/2010,GSN,MP,AWP,WE,Federal Contract Tower,12,12,0,0,24,0,61,4,0,65,12,73,4,0,89,0,0,0,89
12/05/2010,GSN,MP,AWP,WE,Federal Contract Tower,10,16,0,0,26,0,50,19,0,69,10,66,19,0,95,0,0,0,95
12/06/2010,GSN,MP,AWP,WE,Federal Contract Tower,11,18,0,0,29,0,44,15,0,59,11,62,15,0,88,4,0,4,92
12/07/2010,GSN,MP,AWP,WE,Federal Contract Tower,11,14,0,0,25,0,62,18,0,80,11,76,18,0,105,0,0,0,105
12/08/2010,GSN,MP,AWP,WE,Federal Contract Tower,8,12,0,0,20,0,59,8,0,67,8,71,8,0,87,0,0,0,87
12/09/2010,GSN,MP,AWP,WE,Federal Contract Tower,12,16,0,8,36,0,67,11,0,78,12,83,11,8,114,0,0,0,114
12/10/2010,GSN,MP,AWP,WE,Federal Contract Tower,8,16,0,0,24,0,73,13,0,86,8,89,13,0,110,0,0,0,110
12/11/2010,GSN,MP,AWP,WE,Federal Contract Tower,12,12,3,0,27,0,97,21,0,118,12,109,24,0,145,0,0,0,145
12/12/2010,GSN,MP,AWP,WE,Federal Contract Tower,11,16,2,0,29,0,76,34,0,110,11,92,36,0,139,0,0,0,139
12/13/2010,GSN,MP,AWP,WE,Federal Contract Tower,11,17,1,0,29,0,85,34,0,119,11,102,35,0,148,0,0,0,148
12/14/2010,GSN,MP,AWP,WE,Federal Contract Tower,11,14,0,0,25,0,73,25,0,98,11,87,25,0,123,14,0,14,137
12/15/2010,GSN,MP,AWP,WE,Federal Contract Tower,7,14,1,2,24,0,49,8,0,57,7,63,9,2,81,0,68,68,149
12/16/2010,GSN,MP,AWP,WE,Federal Contract Tower,13,17,1,3,34,0,66,14,9,89,13,83,15,12,123,0,4,4,127
12/17/2010,GSN,MP,AWP,WE,Federal Contract Tower,15,17,0,2,34,0,66,12,0,78,15,83,12,2,112,0,0,0,112
12/18/2010,GSN,MP,AWP,WE,Federal Contract Tower,14,12,0,0,26,0,71,15,0,86,14,83,15,0,112,4,0,4,116
12/19/2010,GSN,MP,AWP,WE,Federal Contract Tower,13,16,0,0,29,0,70,12,0,82,13,86,12,0,111,0,0,0,111
12/20/2010,GSN,MP,AWP,WE,Federal Contract Tower,18,16,0,0,34,0,54,7,0,61,18,70,7,0,95,0,0,0,95
12/21/2010,GSN,MP,AWP,WE,Federal Contract Tower,12,14,0,0,26,0,59,16,0,75,12,73,16,0,101,0,0,0,101
12/22/2010,GSN,MP,AWP,WE,Federal Contract Tower,9,13,2,0,24,0,76,5,0,81,9,89,7,0,105,0,0,0,105
12/23/2010,GSN,MP,AWP,WE,Federal Contract Tower,15,15,0,0,30,0,106,0,0,106,15,121,0,0,136,0,0,0,136
12/24/2010,GSN,MP,AWP,WE,Federal Contract Tower,14,18,0,0,32,0,72,6,0,78,14,90,6,0,110,0,0,0,110
12/25/2010,GSN,MP,AWP,WE,Federal Contract Tower,18,12,0,0,30,0,53,11,0,64,18,65,11,0,94,0,0,0,94
12/26/2010,GSN,MP,AWP,WE,Federal Contract Tower,13,16,1,0,30,0,64,6,0,70,13,80,7,0,100,0,0,0,100
12/27/2010,GSN,MP,AWP,WE,Federal Contract Tower,14,16,1,0,31,0,53,16,0,69,14,69,17,0,100,2,0,2,102
12/28/2010,GSN,MP,AWP,WE,Federal Contract Tower,14,14,0,0,28,0,62,32,0,94,14,76,32,0,122,0,0,0,122
12/29/2010,GSN,MP,AWP,WE,Federal Contract Tower,10,14,0,0,24,0,68,3,0,71,10,82,3,0,95,0,0,0,95
12/30/2010,GSN,MP,AWP,WE,Federal Contract Tower,14,16,0,0,30,0,90,11,0,101,14,106,11,0,131,0,0,0,131
12/31/2010,GSN,MP,AWP,WE,Federal Contract Tower,18,17,0,0,35,0,85,20,0,105,18,102,20,0,140,0,0,0,140
01/01/2011,GSN,MP,AWP,WE,Federal Contract Tower,13,12,1,0,26,0,97,14,0,111,13,109,15,0,137,0,0,0,137
01/02/2011,GSN,MP,AWP,WE,Federal Contract Tower,16,16,0,0,32,0,104,11,0,115,16,120,11,0,147,0,0,0,147
01/03/2011,GSN,MP,AWP,WE,Federal Contract Tower,17,16,0,0,33,0,63,28,0,91,17,79,28,0,124,0,0,0,124
01/04/2011,GSN,MP,AWP,WE,Federal Contract Tower,13,13,0,1,27,0,55,7,1,63,13,68,7,2,90,0,0,0,90
01/05/2011,GSN,MP,AWP,WE,Federal Contract Tower,10,13,0,0,23,0,68,17,0,85,10,81,17,0,108,0,0,0,108
01/06/2011,GSN,MP,AWP,WE,Federal Contract Tower,15,17,1,0,33,0,92,12,0,104,15,109,13,0,137,0,0,0,137
01/07/2011,GSN,MP,AWP,WE,Federal Contract Tower,11,16,0,0,27,0,70,13,0,83,11,86,13,0,110,0,0,0,110
01/08/2011,GSN,MP,AWP,WE,Federal Contract Tower,14,12,0,0,26,0,62,23,0,85,14,74,23,0,111,0,0,0,111
01/09/2011,GSN,MP,AWP,WE,Federal Contract Tower,14,17,1,0,32,0,57,8,0,65,14,74,9,0,97,0,0,0,97
01/10/2011,GSN,MP,AWP,WE,Federal Contract Tower,12,13,2,0,27,0,56,16,0,72,12,69,18,0,99,0,0,0,99
01/11/2011,GSN,MP,AWP,WE,Federal Contract Tower,13,13,1,0,27,0,58,32,0,90,13,71,33,0,117,0,0,0,117
01/12/2011,GSN,MP,AWP,WE,Federal Contract Tower,10,14,0,0,24,0,55,4,0,59,10,69,4,0,83,0,0,0,83
01/13/2011,GSN,MP,AWP,WE,Federal Contract Tower,11,16,2,0,29,0,78,24,0,102,11,94,26,0,131,0,0,0,131
01/14/2011,GSN,MP,AWP,WE,Federal Contract Tower,11,16,0,0,27,0,96,15,0,111,11,112,15,0,138,0,0,0,138
01/15/2011,GSN,MP,AWP,WE,Federal Contract Tower,12,12,2,0,26,0,110,32,0,142,12,122,34,0,168,0,0,0,168
01/16/2011,GSN,MP,AWP,WE,Federal Contract Tower,14,15,0,0,29,0,66,17,0,83,14,81,17,0,112,0,0,0,112
01/17/2011,GSN,MP,AWP,WE,Federal Contract Tower,10,16,0,0,26,0,69,41,0,110,10,85,41,0,136,0,0,0,136
01/18/2011,GSN,MP,AWP,WE,Federal Contract Tower,12,8,0,0,20,0,89,38,6,133,12,97,38,6,153,0,0,0,153
01/19/2011,GSN,MP,AWP,WE,Federal Contract Tower,12,4,0,0,16,0,49,8,0,57,12,53,8,0,73,0,0,0,73
01/20/2011,GSN,MP,AWP,WE,Federal Contract Tower,14,14,0,0,28,0,79,38,0,117,14,93,38,0,145,0,0,0,145
01/21/2011,GSN,MP,AWP,WE,Federal Contract Tower,16,18,1,0,35,0,87,19,0,106,16,105,20,0,141,0,0,0,141
01/22/2011,GSN,MP,AWP,WE,Federal Contract Tower,15,12,1,0,28,0,78,49,0,127,15,90,50,0,155,8,0,8,163
01/23/2011,GSN,MP,AWP,WE,Federal Contract Tower,13,16,2,0,31,0,68,21,0,89,13,84,23,0,120,0,0,0,120
01/24/2011,GSN,MP,AWP,WE,Federal Contract Tower,12,18,1,0,31,0,74,38,0,112,12,92,39,0,143,0,0,0,143
01/25/2011,GSN,MP,AWP,WE,Federal Contract Tower,14,14,0,0,28,0,65,19,0,84,14,79,19,0,112,0,0,0,112
01/26/2011,GSN,MP,AWP,WE,Federal Contract Tower,8,11,2,0,21,0,70,11,0,81,8,81,13,0,102,0,0,0,102
01/27/2011,GSN,MP,AWP,WE,Federal Contract Tower,12,16,0,0,28,0,55,25,0,80,12,71,25,0,108,0,0,0,108
01/28/2011,GSN,MP,AWP,WE,Federal Contract Tower,12,17,0,0,29,0,70,18,0,88,12,87,18,0,117,0,0,0,117
01/29/2011,GSN,MP,AWP,WE,Federal Contract Tower,14,4,0,0,18,0,66,26,0,92,14,70,26,0,110,0,0,0,110
01/30/2011,GSN,MP,AWP,WE,Federal Contract Tower,16,4,0,0,20,0,45,9,0,54,16,49,9,0,74,0,0,0,74
01/31/2011,GSN,MP,AWP,WE,Federal Contract Tower,16,4,0,0,20,0,69,28,0,97,16,73,28,0,117,0,0,0,117
02/01/2011,GSN,MP,AWP,WE,Federal Contract Tower,14,6,0,0,20,0,56,9,0,65,14,62,9,0,85,0,0,0,85
02/02/2011,GSN,MP,AWP,WE,Federal Contract Tower,12,6,0,0,18,0,56,28,0,84,12,62,28,0,102,0,0,0,102
02/03/2011,GSN,MP,AWP,WE,Federal Contract Tower,17,4,0,0,21,0,62,19,4,85,17,66,19,4,106,0,0,0,106
02/04/2011,GSN,MP,AWP,WE,Federal Contract Tower,17,5,0,0,22,0,95,35,4,134,17,100,35,4,156,0,0,0,156
02/05/2011,GSN,MP,AWP,WE,Federal Contract Tower,26,4,0,0,30,0,80,35,0,115,26,84,35,0,145,0,0,0,145
02/06/2011,GSN,MP,AWP,WE,Federal Contract Tower,19,4,0,0,23,0,83,19,0,102,19,87,19,0,125,0,0,0,125
02/07/2011,GSN,MP,AWP,WE,Federal Contract Tower,17,16,0,0,33,0,56,13,0,69,17,72,13,0,102,0,0,0,102
02/08/2011,GSN,MP,AWP,WE,Federal Contract Tower,13,14,0,0,27,0,87,28,0,115,13,101,28,0,142,0,0,0,142
02/09/2011,GSN,MP,AWP,WE,Federal Contract Tower,9,15,1,0,25,0,70,28,0,98,9,85,29,0,123,0,0,0,123
02/10/2011,GSN,MP,AWP,WE,Federal Contract Tower,15,16,2,0,33,0,66,20,0,86,15,82,22,0,119,0,0,0,119
02/11/2011,GSN,MP,AWP,WE,Federal Contract Tower,13,16,1,0,30,0,106,38,0,144,13,122,39,0,174,0,0,0,174
02/12/2011,GSN,MP,AWP,WE,Federal Contract Tower,14,12,1,0,27,0,108,24,0,132,14,120,25,0,159,4,0,4,163
02/13/2011,GSN,MP,AWP,WE,Federal Contract Tower,15,16,1,0,32,0,76,9,0,85,15,92,10,0,117,0,0,0,117
02/14/2011,GSN,MP,AWP,WE,Federal Contract Tower,15,14,0,4,33,0,69,26,0,95,15,83,26,4,128,0,0,0,128
02/15/2011,GSN,MP,AWP,WE,Federal Contract Tower,12,8,1,0,21,0,57,27,8,92,12,65,28,8,113,0,0,0,113
02/16/2011,GSN,MP,AWP,WE,Federal Contract Tower,12,6,1,0,19,0,48,9,2,59,12,54,10,2,78,0,0,0,78
02/17/2011,GSN,MP,AWP,WE,Federal Contract Tower,18,3,0,0,21,0,72,16,0,88,18,75,16,0,109,0,0,0,109
02/18/2011,GSN,MP,AWP,WE,Federal Contract Tower,14,4,0,0,18,0,80,9,4,93,14,84,9,4,111,0,0,0,111
02/19/2011,GSN,MP,AWP,WE,Federal Contract Tower,18,4,0,0,22,0,110,20,0,130,18,114,20,0,152,0,0,0,152
02/20/2011,GSN,MP,AWP,WE,Federal Contract Tower,19,3,0,0,22,0,75,16,0,91,19,78,16,0,113,0,0,0,113
02/21/2011,GSN,MP,AWP,WE,Federal Contract Tower,15,4,0,6,25,0,86,27,13,126,15,90,27,19,151,0,10,10,161
02/22/2011,GSN,MP,AWP,WE,Federal Contract Tower,14,4,0,1,19,0,79,39,3,121,14,83,39,4,140,0,0,0,140
02/23/2011,GSN,MP,AWP,WE,Federal Contract Tower,13,4,0,0,17,0,54,8,4,66,13,58,8,4,83,0,0,0,83
02/24/2011,GSN,MP,AWP,WE,Federal Contract Tower,15,4,0,0,19,0,54,4,4,62,15,58,4,4,81,0,20,20,101
02/25/2011,GSN,MP,AWP,WE,Federal Contract Tower,14,5,1,0,20,0,74,19,2,95,14,79,20,2,115,0,0,0,115
02/26/2011,GSN,MP,AWP,WE,Federal Contract Tower,17,10,1,0,28,0,71,15,0,86,17,81,16,0,114,0,0,0,114
02/27/2011,GSN,MP,AWP,WE,Federal Contract Tower,17,14,2,0,33,0,48,11,0,59,17,62,13,0,92,0,0,0,92
02/28/2011,GSN,MP,AWP,WE,Federal Contract Tower,14,18,0,0,32,0,65,31,0,96,14,83,31,0,128,0,0,0,128
03/01/2011,GSN,MP,AWP,WE,Federal Contract Tower,13,13,0,1,27,0,72,34,1,107,13,85,34,2,134,0,0,0,134
03/02/2011,GSN,MP,AWP,WE,Federal Contract Tower,11,14,0,0,25,0,71,20,0,91,11,85,20,0,116,0,0,0,116
03/03/2011,GSN,MP,AWP,WE,Federal Contract Tower,16,14,2,0,32,0,94,31,0,125,16,108,33,0,157,0,0,0,157
03/04/2011,GSN,MP,AWP,WE,Federal Contract Tower,16,16,0,0,32,0,58,21,0,79,16,74,21,0,111,0,0,0,111
03/05/2011,GSN,MP,AWP,WE,Federal Contract Tower,18,12,0,0,30,0,85,50,0,135,18,97,50,0,165,0,0,0,165
03/06/2011,GSN,MP,AWP,WE,Federal Contract Tower,19,13,0,0,32,0,56,8,0,64,19,69,8,0,96,0,0,0,96
03/07/2011,GSN,MP,AWP,WE,Federal Contract Tower,14,17,0,0,31,0,62,37,0,99,14,79,37,0,130,0,0,0,130
03/08/2011,GSN,MP,AWP,WE,Federal Contract Tower,17,11,0,0,28,0,58,21,0,79,17,69,21,0,107,0,0,0,107
03/09/2011,GSN,MP,AWP,WE,Federal Contract Tower,13,13,2,0,28,0,56,6,4,66,13,69,8,4,94,0,0,0,94
03/10/2011,GSN,MP,AWP,WE,Federal Contract Tower,14,15,0,0,29,0,77,28,0,105,14,92,28,0,134,0,0,0,134
03/11/2011,GSN,MP,AWP,WE,Federal Contract Tower,18,16,0,0,34,0,87,22,0,109,18,103,22,0,143,0,0,0,143
03/12/2011,GSN,MP,AWP,WE,Federal Contract Tower,12,9,0,0,21,0,94,33,0,127,12,103,33,0,148,0,0,0,148
03/13/2011,GSN,MP,AWP,WE,Federal Contract Tower,16,14,3,0,33,0,77,36,0,113,16,91,39,0,146,0,0,0,146
03/14/2011,GSN,MP,AWP,WE,Federal Contract Tower,14,18,0,0,32,0,81,24,0,105,14,99,24,0,137,0,0,0,137
03/15/2011,GSN,MP,AWP,WE,Federal Contract Tower,19,14,1,0,34,0,49,23,0,72,19,63,24,0,106,0,0,0,106
03/16/2011,GSN,MP,AWP,WE,Federal Contract Tower,11,14,0,0,25,0,51,8,0,59,11,65,8,0,84,0,0,0,84
03/17/2011,GSN,MP,AWP,WE,Federal Contract Tower,14,12,0,0,26,0,52,9,0,61,14,64,9,0,87,0,0,0,87
03/18/2011,GSN,MP,AWP,WE,Federal Contract Tower,21,18,0,0,39,0,84,8,0,92,21,102,8,0,131,0,0,0,131
03/19/2011,GSN,MP,AWP,WE,Federal Contract Tower,16,12,0,0,28,0,47,13,0,60,16,59,13,0,88,0,0,0,88
03/20/2011,GSN,MP,AWP,WE,Federal Contract Tower,15,16,0,0,31,0,56,5,0,61,15,72,5,0,92,0,0,0,92
03/21/2011,GSN,MP,AWP,WE,Federal Contract Tower,17,17,0,0,34,0,45,28,0,73,17,62,28,0,107,0,0,0,107
03/22/2011,GSN,MP,AWP,WE,Federal Contract Tower,14,14,0,0,28,0,58,21,0,79,14,72,21,0,107,0,0,0,107
03/23/2011,GSN,MP,AWP,WE,Federal Contract Tower,11,12,0,2,25,0,45,8,2,55,11,57,8,4,80,4,0,4,84
03/24/2011,GSN,MP,AWP,WE,Federal Contract Tower,14,14,0,5,33,0,74,12,1,87,14,88,12,6,120,0,2,2,122
03/25/2011,GSN,MP,AWP,WE,Federal Contract Tower,16,17,2,0,35,0,72,9,0,81,16,89,11,0,116,0,0,0,116
03/26/2011,GSN,MP,AWP,WE,Federal Contract Tower,19,12,0,4,35,0,92,10,0,102,19,104,10,4,137,0,0,0,137
03/27/2011,GSN,MP,AWP,WE,Federal Contract Tower,17,16,2,0,35,0,57,12,0,69,17,73,14,0,104,0,0,0,104
03/28/2011,GSN,MP,AWP,WE,Federal Contract Tower,14,17,0,0,31,0,64,9,0,73,14,81,9,0,104,0,0,0,104
03/29/2011,GSN,MP,AWP,WE,Federal Contract Tower,16,14,0,0,30,0,78,11,0,89,16,92,11,0,119,0,0,0,119
03/30/2011,GSN,MP,AWP,WE,Federal Contract Tower,12,15,0,1,28,0,52,13,1,66,12,67,13,2,94,0,0,0,94
03/31/2011,GSN,MP,AWP,WE,Federal Contract Tower,14,17,0,0,31,0,66,21,0,87,14,83,21,0,118,0,0,0,118
04/01/2011,GSN,MP,AWP,WE,Federal Contract Tower,16,17,0,0,33,0,49,4,0,53,16,66,4,0,86,0,0,0,86
04/02/2011,GSN,MP,AWP,WE,Federal Contract Tower,15,12,0,2,29,0,47,13,0,60,15,59,13,2,89,0,0,0,89
04/03/2011,GSN,MP,AWP,WE,Federal Contract Tower,16,16,0,0,32,0,49,10,0,59,16,65,10,0,91,0,0,0,91
04/04/2011,GSN,MP,AWP,WE,Federal Contract Tower,16,18,0,0,34,0,33,8,0,41,16,51,8,0,75,0,0,0,75
04/05/2011,GSN,MP,AWP,WE,Federal Contract Tower,11,12,0,0,23,0,64,13,0,77,11,76,13,0,100,0,0,0,100
04/06/2011,GSN,MP,AWP,WE,Federal Contract Tower,6,14,0,0,20,0,51,5,2,58,6,65,5,2,78,0,0,0,78
04/07/2011,GSN,MP,AWP,WE,Federal Contract Tower,10,16,0,0,26,0,62,21,0,83,10,78,21,0,109,0,0,0,109
04/08/2011,GSN,MP,AWP,WE,Federal Contract Tower,10,17,0,0,27,0,62,6,0,68,10,79,6,0,95,0,0,0,95
04/09/2011,GSN,MP,AWP,WE,Federal Contract Tower,12,8,0,0,20,0,68,18,0,86,12,76,18,0,106,0,0,0,106
04/10/2011,GSN,MP,AWP,WE,Federal Contract Tower,10,11,0,0,21,0,58,22,0,80,10,69,22,0,101,0,0,0,101
04/11/2011,GSN,MP,AWP,WE,Federal Contract Tower,14,4,4,0,22,0,45,12,0,57,14,49,16,0,79,2,0,2,81
04/12/2011,GSN,MP,AWP,WE,Federal Contract Tower,14,6,0,2,22,0,67,15,0,82,14,73,15,2,104,2,0,2,106
04/13/2011,GSN,MP,AWP,WE,Federal Contract Tower,8,10,1,0,19,0,44,0,0,44,8,54,1,0,63,0,0,0,63
04/14/2011,GSN,MP,AWP,WE,Federal Contract Tower,11,14,1,0,26,0,65,8,0,73,11,79,9,0,99,0,0,0,99
04/15/2011,GSN,MP,AWP,WE,Federal Contract Tower,10,20,0,0,30,0,60,12,0,72,10,80,12,0,102,0,0,0,102
04/16/2011,GSN,MP,AWP,WE,Federal Contract Tower,13,12,0,0,25,0,75,21,2,98,13,87,21,2,123,0,0,0,123
04/17/2011,GSN,MP,AWP,WE,Federal Contract Tower,11,16,0,0,27,0,64,17,0,81,11,80,17,0,108,0,0,0,108
04/18/2011,GSN,MP,AWP,WE,Federal Contract Tower,11,16,0,2,29,0,72,7,2,81,11,88,7,4,110,6,0,6,116
04/19/2011,GSN,MP,AWP,WE,Federal Contract Tower,12,12,0,0,24,0,84,23,2,109,12,96,23,2,133,0,0,0,133
04/20/2011,GSN,MP,AWP,WE,Federal Contract Tower,5,16,0,0,21,0,62,17,0,79,5,78,17,0,100,0,0,0,100
04/21/2011,GSN,MP,AWP,WE,Federal Contract Tower,11,16,0,0,27,0,83,7,0,90,11,99,7,0,117,0,0,0,117
04/22/2011,GSN,MP,AWP,WE,Federal Contract Tower,11,18,1,0,30,0,40,12,0,52,11,58,13,0,82,0,0,0,82
04/23/2011,GSN,MP,AWP,WE,Federal Contract Tower,13,10,1,0,24,0,61,31,0,92,13,71,32,0,116,0,0,0,116
04/24/2011,GSN,MP,AWP,WE,Federal Contract Tower,12,14,0,0,26,0,50,6,0,56,12,64,6,0,82,0,0,0,82
04/25/2011,GSN,MP,AWP,WE,Federal Contract Tower,11,17,0,0,28,0,57,9,0,66,11,74,9,0,94,0,0,0,94
04/26/2011,GSN,MP,AWP,WE,Federal Contract Tower,12,14,0,0,26,0,76,20,2,98,12,90,20,2,124,0,0,0,124
04/27/2011,GSN,MP,AWP,WE,Federal Contract Tower,6,15,0,0,21,0,59,13,0,72,6,74,13,0,93,0,0,0,93
04/28/2011,GSN,MP,AWP,WE,Federal Contract Tower,10,16,1,0,27,0,84,22,0,106,10,100,23,0,133,0,0,0,133
04/29/2011,GSN,MP,AWP,WE,Federal Contract Tower,16,16,0,0,32,0,85,19,0,104,16,101,19,0,136,0,0,0,136
04/30/2011,GSN,MP,AWP,WE,Federal Contract Tower,14,12,0,0,26,0,69,18,0,87,14,81,18,0,113,0,0,0,113
05/01/2011,GSN,MP,AWP,WE,Federal Contract Tower,11,12,0,0,23,0,100,24,0,124,11,112,24,0,147,0,0,0,147
05/02/2011,GSN,MP,AWP,WE,Federal Contract Tower,18,12,0,0,30,0,75,21,0,96,18,87,21,0,126,0,0,0,126
05/03/2011,GSN,MP,AWP,WE,Federal Contract Tower,17,10,0,0,27,0,86,33,0,119,17,96,33,0,146,0,0,0,146
05/04/2011,GSN,MP,AWP,WE,Federal Contract Tower,6,8,0,0,14,0,56,21,0,77,6,64,21,0,91,2,0,2,93
05/05/2011,GSN,MP,AWP,WE,Federal Contract Tower,12,10,0,0,22,0,71,21,0,92,12,81,21,0,114,0,0,0,114
05/06/2011,GSN,MP,AWP,WE,Federal Contract Tower,10,12,0,0,22,0,70,10,0,80,10,82,10,0,102,0,0,0,102
05/07/2011,GSN,MP,AWP,WE,Federal Contract Tower,12,8,0,0,20,0,64,7,0,71,12,72,7,0,91,0,0,0,91
05/08/2011,GSN,MP,AWP,WE,Federal Contract Tower,10,12,0,0,22,0,62,14,0,76,10,74,14,0,98,0,0,0,98
05/09/2011,GSN,MP,AWP,WE,Federal Contract Tower,14,12,0,0,26,0,64,19,0,83,14,76,19,0,109,0,0,0,109
05/10/2011,GSN,MP,AWP,WE,Federal Contract Tower,14,14,1,4,33,0,76,38,0,114,14,90,39,4,147,0,0,0,147
05/11/2011,GSN,MP,AWP,WE,Federal Contract Tower,9,12,0,0,21,0,103,32,0,135,9,115,32,0,156,0,0,0,156
05/12/2011,GSN,MP,AWP,WE,Federal Contract Tower,8,15,2,1,26,0,94,26,0,120,8,109,28,1,146,0,0,0,146
05/13/2011,GSN,MP,AWP,WE,Federal Contract Tower,11,16,0,0,27,0,102,44,6,152,11,118,44,6,179,0,0,0,179
05/14/2011,GSN,MP,AWP,WE,Federal Contract Tower,13,12,2,0,27,0,136,52,1,189,13,148,54,1,216,0,0,0,216
05/15/2011,GSN,MP,AWP,WE,Federal Contract Tower,13,16,0,0,29,0,94,36,0,130,13,110,36,0,159,0,0,0,159
05/16/2011,GSN,MP,AWP,WE,Federal Contract Tower,15,12,0,1,28,0,112,26,0,138,15,124,26,1,166,0,0,0,166
05/17/2011,GSN,MP,AWP,WE,Federal Contract Tower,12,14,0,0,26,0,97,56,0,153,12,111,56,0,179,0,0,0,179
05/18/2011,GSN,MP,AWP,WE,Federal Contract Tower,6,14,0,0,20,0,80,11,0,91,6,94,11,0,111,0,0,0,111
05/19/2011,GSN,MP,AWP,WE,Federal Contract Tower,11,16,1,0,28,0,102,27,0,129,11,118,28,0,157,0,0,0,157
05/20/2011,GSN,MP,AWP,WE,Federal Contract Tower,13,14,1,1,29,0,91,15,0,106,13,105,16,1,135,0,0,0,135
05/21/2011,GSN,MP,AWP,WE,Federal Contract Tower,12,7,0,1,20,0,99,33,0,132,12,106,33,1,152,0,0,0,152
05/22/2011,GSN,MP,AWP,WE,Federal Contract Tower,12,15,0,0,27,0,101,25,0,126,12,116,25,0,153,0,0,0,153
05/23/2011,GSN,MP,AWP,WE,Federal Contract Tower,14,14,0,0,28,0,84,23,6,113,14,98,23,6,141,0,0,0,141
05/24/2011,GSN,MP,AWP,WE,Federal Contract Tower,12,11,0,0,23,0,129,54,0,183,12,140,54,0,206,6,0,6,212
05/25/2011,GSN,MP,AWP,WE,Federal Contract Tower,6,12,2,0,20,0,79,14,2,95,6,91,16,2,115,0,0,0,115
05/26/2011,GSN,MP,AWP,WE,Federal Contract Tower,11,16,0,0,27,0,105,30,0,135,11,121,30,0,162,0,0,0,162
05/27/2011,GSN,MP,AWP,WE,Federal Contract Tower,11,15,0,0,26,0,74,10,2,86,11,89,10,2,112,0,0,0,112
05/28/2011,GSN,MP,AWP,WE,Federal Contract Tower,15,14,0,0,29,0,102,42,0,144,15,116,42,0,173,0,0,0,173
05/29/2011,GSN,MP,AWP,WE,Federal Contract Tower,11,12,0,0,23,0,91,35,6,132,11,103,35,6,155,0,0,0,155
05/30/2011,GSN,MP,AWP,WE,Federal Contract Tower,13,19,0,0,32,0,90,28,0,118,13,109,28,0,150,0,0,0,150
05/31/2011,GSN,MP,AWP,WE,Federal Contract Tower,13,14,0,0,27,0,142,75,0,217,13,156,75,0,244,0,0,0,244
06/01/2011,GSN,MP,AWP,WE,Federal Contract Tower,7,12,0,0,19,0,77,16,0,93,7,89,16,0,112,0,0,0,112
06/02/2011,GSN,MP,AWP,WE,Federal Contract Tower,10,15,0,0,25,0,113,34,0,147,10,128,34,0,172,0,0,0,172
06/03/2011,GSN,MP,AWP,WE,Federal Contract Tower,12,15,0,0,27,0,98,24,0,122,12,113,24,0,149,0,0,0,149
06/04/2011,GSN,MP,AWP,WE,Federal Contract Tower,14,11,0,0,25,0,134,51,0,185,14,145,51,0,210,0,0,0,210
06/05/2011,GSN,MP,AWP,WE,Federal Contract Tower,11,15,0,0,26,0,117,15,0,132,11,132,15,0,158,0,0,0,158
06/06/2011,GSN,MP,AWP,WE,Federal Contract Tower,13,15,0,0,28,0,100,28,0,128,13,115,28,0,156,0,0,0,156
06/07/2011,GSN,MP,AWP,WE,Federal Contract Tower,14,12,1,1,28,0,115,34,1,150,14,127,35,2,178,0,0,0,178
06/08/2011,GSN,MP,AWP,WE,Federal Contract Tower,6,12,0,0,18,0,83,14,0,97,6,95,14,0,115,0,0,0,115
06/09/2011,GSN,MP,AWP,WE,Federal Contract Tower,10,16,1,0,27,0,74,17,0,91,10,90,18,0,118,0,0,0,118
06/10/2011,GSN,MP,AWP,WE,Federal Contract Tower,10,16,0,0,26,0,71,15,0,86,10,87,15,0,112,0,0,0,112
06/11/2011,GSN,MP,AWP,WE,Federal Contract Tower,12,10,0,0,22,0,110,36,2,148,12,120,36,2,170,0,0,0,170
06/12/2011,GSN,MP,AWP,WE,Federal Contract Tower,11,14,0,0,25,0,68,13,0,81,11,82,13,0,106,0,0,0,106
06/13/2011,GSN,MP,AWP,WE,Federal Contract Tower,12,16,0,0,28,0,103,48,0,151,12,119,48,0,179,0,0,0,179
06/14/2011,GSN,MP,AWP,WE,Federal Contract Tower,13,13,0,0,26,0,112,33,0,145,13,125,33,0,171,0,0,0,171
06/15/2011,GSN,MP,AWP,WE,Federal Contract Tower,7,14,0,0,21,0,94,26,0,120,7,108,26,0,141,0,0,0,141
06/16/2011,GSN,MP,AWP,WE,Federal Contract Tower,12,15,0,0,27,0,99,32,0,131,12,114,32,0,158,0,0,0,158
06/17/2011,GSN,MP,AWP,WE,Federal Contract Tower,11,16,0,0,27,0,79,7,0,86,11,95,7,0,113,0,0,0,113
06/18/2011,GSN,MP,AWP,WE,Federal Contract Tower,10,12,0,0,22,0,103,45,0,148,10,115,45,0,170,0,0,0,170
06/19/2011,GSN,MP,AWP,WE,Federal Contract Tower,10,16,0,0,26,0,69,11,0,80,10,85,11,0,106,0,0,0,106
06/20/2011,GSN,MP,AWP,WE,Federal Contract Tower,11,15,0,0,26,0,106,43,0,149,11,121,43,0,175,0,0,0,175
06/21/2011,GSN,MP,AWP,WE,Federal Contract Tower,10,14,0,0,24,0,79,20,0,99,10,93,20,0,123,0,0,0,123
06/22/2011,GSN,MP,AWP,WE,Federal Contract Tower,7,12,0,0,19,0,81,11,0,92,7,93,11,0,111,0,0,0,111
06/23/2011,GSN,MP,AWP,WE,Federal Contract Tower,11,18,0,0,29,0,93,21,0,114,11,111,21,0,143,0,0,0,143
06/24/2011,GSN,MP,AWP,WE,Federal Contract Tower,11,17,0,0,28,0,92,23,0,115,11,109,23,0,143,0,0,0,143
06/25/2011,GSN,MP,AWP,WE,Federal Contract Tower,11,12,0,0,23,0,88,48,0,136,11,100,48,0,159,0,0,0,159
06/26/2011,GSN,MP,AWP,WE,Federal Contract Tower,11,16,0,0,27,0,51,10,0,61,11,67,10,0,88,0,0,0,88
06/27/2011,GSN,MP,AWP,WE,Federal Contract Tower,11,17,0,0,28,0,80,35,0,115,11,97,35,0,143,0,0,0,143
06/28/2011,GSN,MP,AWP,WE,Federal Contract Tower,10,12,0,0,22,0,84,26,0,110,10,96,26,0,132,0,0,0,132
06/29/2011,GSN,MP,AWP,WE,Federal Contract Tower,6,12,0,6,24,0,66,19,0,85,6,78,19,6,109,0,0,0,109
06/30/2011,GSN,MP,AWP,WE,Federal Contract Tower,10,16,0,0,26,0,98,16,0,114,10,114,16,0,140,0,0,0,140
07/01/2011,GSN,MP,AWP,WE,Federal Contract Tower,10,16,0,0,26,0,82,16,0,98,10,98,16,0,124,0,0,0,124
07/02/2011,GSN,MP,AWP,WE,Federal Contract Tower,10,12,0,0,22,0,126,52,0,178,10,138,52,0,200,0,0,0,200
07/03/2011,GSN,MP,AWP,WE,Federal Contract Tower,10,15,0,0,25,0,59,10,0,69,10,74,10,0,94,0,0,0,94
07/04/2011,GSN,MP,AWP,WE,Federal Contract Tower,12,16,1,0,29,0,80,27,0,107,12,96,28,0,136,0,0,0,136
07/05/2011,GSN,MP,AWP,WE,Federal Contract Tower,10,13,0,0,23,0,115,33,0,148,10,128,33,0,171,0,0,0,171
07/06/2011,GSN,MP,AWP,WE,Federal Contract Tower,6,13,1,0,20,0,97,28,2,127,6,110,29,2,147,0,0,0,147
07/07/2011,GSN,MP,AWP,WE,Federal Contract Tower,10,15,0,0,25,0,94,20,0,114,10,109,20,0,139,0,0,0,139
07/08/2011,GSN,MP,AWP,WE,Federal Contract Tower,10,20,0,0,30,0,81,18,0,99,10,101,18,0,129,0,0,0,129
07/09/2011,GSN,MP,AWP,WE,Federal Contract Tower,12,12,0,0,24,0,127,69,0,196,12,139,69,0,220,0,0,0,220
07/10/2011,GSN,MP,AWP,WE,Federal Contract Tower,13,15,0,0,28,0,89,20,0,109,13,104,20,0,137,0,0,0,137
07/11/2011,GSN,MP,AWP,WE,Federal Contract Tower,13,17,0,0,30,0,109,41,0,150,13,126,41,0,180,0,0,0,180
07/12/2011,GSN,MP,AWP,WE,Federal Contract Tower,11,13,0,0,24,0,110,35,0,145,11,123,35,0,169,0,0,0,169
07/13/2011,GSN,MP,AWP,WE,Federal Contract Tower,13,14,1,0,28,0,106,18,0,124,13,120,19,0,152,0,0,0,152
07/14/2011,GSN,MP,AWP,WE,Federal Contract Tower,12,16,1,0,29,0,81,10,0,91,12,97,11,0,120,0,0,0,120
07/15/2011,GSN,MP,AWP,WE,Federal Contract Tower,9,18,0,0,27,1,71,22,0,94,10,89,22,0,121,0,0,0,121
07/16/2011,GSN,MP,AWP,WE,Federal Contract Tower,14,12,0,0,26,0,85,42,0,127,14,97,42,0,153,0,0,0,153
07/17/2011,GSN,MP,AWP,WE,Federal Contract Tower,16,16,0,0,32,0,52,26,0,78,16,68,26,0,110,0,0,0,110
07/18/2011,GSN,MP,AWP,WE,Federal Contract Tower,14,13,0,0,27,0,63,20,0,83,14,76,20,0,110,0,0,0,110
07/19/2011,GSN,MP,AWP,WE,Federal Contract Tower,14,14,0,0,28,0,87,37,0,124,14,101,37,0,152,0,0,0,152
07/20/2011,GSN,MP,AWP,WE,Federal Contract Tower,8,12,0,0,20,0,101,32,0,133,8,113,32,0,153,0,0,0,153
07/21/2011,GSN,MP,AWP,WE,Federal Contract Tower,12,13,0,0,25,0,68,17,0,85,12,81,17,0,110,0,0,0,110
07/22/2011,GSN,MP,AWP,WE,Federal Contract Tower,13,17,0,0,30,0,79,13,0,92,13,96,13,0,122,0,0,0,122
07/23/2011,GSN,MP,AWP,WE,Federal Contract Tower,16,12,0,0,28,0,123,54,0,177,16,135,54,0,205,0,0,0,205
07/24/2011,GSN,MP,AWP,WE,Federal Contract Tower,16,16,0,1,33,0,84,24,1,109,16,100,24,2,142,0,4,4,146
07/25/2011,GSN,MP,AWP,WE,Federal Contract Tower,15,16,2,0,33,0,102,52,0,154,15,118,54,0,187,0,0,0,187
07/26/2011,GSN,MP,AWP,WE,Federal Contract Tower,13,13,0,0,26,0,95,40,0,135,13,108,40,0,161,0,0,0,161
07/27/2011,GSN,MP,AWP,WE,Federal Contract Tower,8,13,2,0,23,0,101,21,0,122,8,114,23,0,145,0,0,0,145
07/28/2011,GSN,MP,AWP,WE,Federal Contract Tower,16,17,0,0,33,0,85,22,0,107,16,102,22,0,140,0,0,0,140
07/29/2011,GSN,MP,AWP,WE,Federal Contract Tower,13,19,0,0,32,0,70,14,0,84,13,89,14,0,116,0,0,0,116
07/30/2011,GSN,MP,AWP,WE,Federal Contract Tower,14,14,2,0,30,0,83,30,0,113,14,97,32,0,143,0,0,0,143
07/31/2011,GSN,MP,AWP,WE,Federal Contract Tower,14,20,0,0,34,0,93,35,0,128,14,113,35,0,162,0,0,0,162
08/01/2011,GSN,MP,AWP,WE,Federal Contract Tower,14,16,0,0,30,0,88,24,0,112,14,104,24,0,142,0,0,0,142
08/02/2011,GSN,MP,AWP,WE,Federal Contract Tower,14,14,0,0,28,0,104,46,2,152,14,118,46,2,180,0,0,0,180
08/03/2011,GSN,MP,AWP,WE,Federal Contract Tower,10,16,0,0,26,0,89,29,0,118,10,105,29,0,144,0,0,0,144
08/04/2011,GSN,MP,AWP,WE,Federal Contract Tower,12,15,4,0,31,0,69,23,0,92,12,84,27,0,123,0,0,0,123
08/05/2011,GSN,MP,AWP,WE,Federal Contract Tower,12,18,0,0,30,0,90,31,0,121,12,108,31,0,151,0,0,0,151
08/06/2011,GSN,MP,AWP,WE,Federal Contract Tower,16,10,0,0,26,0,91,39,0,130,16,101,39,0,156,0,0,0,156
08/07/2011,GSN,MP,AWP,WE,Federal Contract Tower,20,5,0,0,25,0,86,34,0,120,20,91,34,0,145,0,0,0,145
08/08/2011,GSN,MP,AWP,WE,Federal Contract Tower,12,6,0,0,18,0,73,34,0,107,12,79,34,0,125,0,0,0,125
08/09/2011,GSN,MP,AWP,WE,Federal Contract Tower,18,11,0,0,29,0,114,46,0,160,18,125,46,0,189,0,0,0,189
08/10/2011,GSN,MP,AWP,WE,Federal Contract Tower,9,14,0,0,23,0,77,9,0,86,9,91,9,0,109,0,0,0,109
08/11/2011,GSN,MP,AWP,WE,Federal Contract Tower,14,16,0,0,30,0,83,28,0,111,14,99,28,0,141,0,0,0,141
08/12/2011,GSN,MP,AWP,WE,Federal Contract Tower,18,17,0,0,35,0,71,24,0,95,18,88,24,0,130,0,0,0,130
08/13/2011,GSN,MP,AWP,WE,Federal Contract Tower,15,12,0,0,27,0,119,53,0,172,15,131,53,0,199,0,0,0,199
08/14/2011,GSN,MP,AWP,WE,Federal Contract Tower,16,16,0,0,32,0,105,19,0,124,16,121,19,0,156,0,0,0,156
08/15/2011,GSN,MP,AWP,WE,Federal Contract Tower,17,16,0,0,33,0,125,34,0,159,17,141,34,0,192,0,0,0,192
08/16/2011,GSN,MP,AWP,WE,Federal Contract Tower,14,14,0,0,28,0,111,35,0,146,14,125,35,0,174,0,0,0,174
08/17/2011,GSN,MP,AWP,WE,Federal Contract Tower,11,13,0,0,24,0,92,16,0,108,11,105,16,0,132,0,0,0,132
08/18/2011,GSN,MP,AWP,WE,Federal Contract Tower,15,15,0,0,30,0,75,24,7,106,15,90,24,7,136,2,0,2,138
08/19/2011,GSN,MP,AWP,WE,Federal Contract Tower,15,17,2,0,34,0,81,33,2,116,15,98,35,2,150,0,0,0,150
08/20/2011,GSN,MP,AWP,WE,Federal Contract Tower,15,12,0,0,27,0,100,71,2,173,15,112,71,2,200,0,0,0,200
08/21/2011,GSN,MP,AWP,WE,Federal Contract Tower,13,15,1,0,29,0,83,12,0,95,13,98,13,0,124,0,0,0,124
08/22/2011,GSN,MP,AWP,WE,Federal Contract Tower,15,16,2,0,33,0,105,33,0,138,15,121,35,0,171,0,0,0,171
08/23/2011,GSN,MP,AWP,WE,Federal Contract Tower,12,14,0,1,27,0,88,35,0,123,12,102,35,1,150,0,0,0,150
08/24/2011,GSN,MP,AWP,WE,Federal Contract Tower,10,15,0,0,25,0,84,11,0,95,10,99,11,0,120,0,0,0,120
08/25/2011,GSN,MP,AWP,WE,Federal Contract Tower,13,16,0,0,29,0,57,21,0,78,13,73,21,0,107,0,0,0,107
08/26/2011,GSN,MP,AWP,WE,Federal Contract Tower,15,28,0,0,43,0,72,36,0,108,15,100,36,0,151,0,0,0,151
08/27/2011,GSN,MP,AWP,WE,Federal Contract Tower,13,12,0,0,25,0,89,40,0,129,13,101,40,0,154,0,0,0,154
08/28/2011,GSN,MP,AWP,WE,Federal Contract Tower,14,16,0,0,30,0,81,16,2,99,14,97,16,2,129,0,0,0,129
08/29/2011,GSN,MP,AWP,WE,Federal Contract Tower,16,16,0,0,32,0,99,34,0,133,16,115,34,0,165,0,0,0,165
08/30/2011,GSN,MP,AWP,WE,Federal Contract Tower,11,14,1,0,26,0,95,35,0,130,11,109,36,0,156,0,0,0,156
08/31/2011,GSN,MP,AWP,WE,Federal Contract Tower,9,11,1,0,21,0,97,37,5,139,9,108,38,5,160,0,0,0,160
09/01/2011,GSN,MP,AWP,WE,Federal Contract Tower,11,14,0,0,25,0,75,23,0,98,11,89,23,0,123,0,0,0,123
09/02/2011,GSN,MP,AWP,WE,Federal Contract Tower,11,23,0,0,34,0,105,10,0,115,11,128,10,0,149,0,0,0,149
09/03/2011,GSN,MP,AWP,WE,Federal Contract Tower,13,4,0,0,17,0,143,54,0,197,13,147,54,0,214,0,0,0,214
09/04/2011,GSN,MP,AWP,WE,Federal Contract Tower,15,3,0,0,18,0,82,27,0,109,15,85,27,0,127,0,0,0,127
09/05/2011,GSN,MP,AWP,WE,Federal Contract Tower,12,16,0,0,28,0,133,59,0,192,12,149,59,0,220,0,0,0,220
09/06/2011,GSN,MP,AWP,WE,Federal Contract Tower,10,14,0,0,24,0,97,23,0,120,10,111,23,0,144,0,0,0,144
09/07/2011,GSN,MP,AWP,WE,Federal Contract Tower,6,13,2,0,21,0,72,18,0,90,6,85,20,0,111,0,0,0,111
09/08/2011,GSN,MP,AWP,WE,Federal Contract Tower,8,16,2,1,27,0,69,23,1,93,8,85,25,2,120,0,0,0,120
09/09/2011,GSN,MP,AWP,WE,Federal Contract Tower,8,18,0,0,26,0,84,18,0,102,8,102,18,0,128,0,0,0,128
09/10/2011,GSN,MP,AWP,WE,Federal Contract Tower,10,12,0,0,22,0,123,39,0,162,10,135,39,0,184,0,0,0,184
09/11/2011,GSN,MP,AWP,WE,Federal Contract Tower,11,16,0,0,27,0,82,14,0,96,11,98,14,0,123,0,0,0,123
09/12/2011,GSN,MP,AWP,WE,Federal Contract Tower,14,15,0,0,29,0,100,37,0,137,14,115,37,0,166,0,0,0,166
09/13/2011,GSN,MP,AWP,WE,Federal Contract Tower,10,14,0,2,26,0,96,36,6,138,10,110,36,8,164,0,0,0,164
09/14/2011,GSN,MP,AWP,WE,Federal Contract Tower,9,14,1,0,24,0,82,12,0,94,9,96,13,0,118,0,0,0,118
09/15/2011,GSN,MP,AWP,WE,Federal Contract Tower,11,16,0,0,27,0,66,17,0,83,11,82,17,0,110,0,0,0,110
09/16/2011,GSN,MP,AWP,WE,Federal Contract Tower,13,18,0,4,35,0,82,17,0,99,13,100,17,4,134,0,14,14,148
09/17/2011,GSN,MP,AWP,WE,Federal Contract Tower,13,12,0,0,25,0,97,41,0,138,13,109,41,0,163,0,0,0,163
09/18/2011,GSN,MP,AWP,WE,Federal Contract Tower,14,15,0,0,29,0,79,17,0,96,14,94,17,0,125,0,0,0,125
09/19/2011,GSN,MP,AWP,WE,Federal Contract Tower,16,16,0,0,32,0,114,42,0,156,16,130,42,0,188,0,0,0,188
09/20/2011,GSN,MP,AWP,WE,Federal Contract Tower,12,14,0,0,26,0,104,43,0,147,12,118,43,0,173,0,0,0,173
09/21/2011,GSN,MP,AWP,WE,Federal Contract Tower,9,13,0,0,22,0,87,27,0,114,9,100,27,0,136,2,0,2,138
09/22/2011,GSN,MP,AWP,WE,Federal Contract Tower,14,17,0,0,31,0,86,28,0,114,14,103,28,0,145,0,0,0,145
09/23/2011,GSN,MP,AWP,WE,Federal Contract Tower,17,18,0,0,35,0,78,26,0,104,17,96,26,0,139,0,0,0,139
09/24/2011,GSN,MP,AWP,WE,Federal Contract Tower,13,12,0,0,25,0,108,49,0,157,13,120,49,0,182,0,0,0,182
09/25/2011,GSN,MP,AWP,WE,Federal Contract Tower,15,15,0,0,30,0,84,23,0,107,15,99,23,0,137,0,0,0,137
09/26/2011,GSN,MP,AWP,WE,Federal Contract Tower,17,14,0,0,31,0,87,30,0,117,17,101,30,0,148,0,0,0,148
09/27/2011,GSN,MP,AWP,WE,Federal Contract Tower,11,14,0,1,26,0,100,28,0,128,11,114,28,1,154,0,0,0,154
09/28/2011,GSN,MP,AWP,WE,Federal Contract Tower,9,11,0,0,20,0,135,29,0,164,9,146,29,0,184,10,0,10,194
09/29/2011,GSN,MP,AWP,WE,Federal Contract Tower,11,16,0,0,27,0,87,31,0,118,11,103,31,0,145,0,0,0,145
09/30/2011,GSN,MP,AWP,WE,Federal Contract Tower,14,14,2,0,30,0,110,49,0,159,14,124,51,0,189,0,0,0,189
10/01/2011,GSN,MP,AWP,WE,Federal Contract Tower,14,10,0,0,24,0,110,27,0,137,14,120,27,0,161,0,0,0,161
10/02/2011,GSN,MP,AWP,WE,Federal Contract Tower,12,14,0,0,26,0,83,10,0,93,12,97,10,0,119,0,0,0,119
10/03/2011,GSN,MP,AWP,WE,Federal Contract Tower,16,16,0,0,32,0,81,18,0,99,16,97,18,0,131,0,0,0,131
10/04/2011,GSN,MP,AWP,WE,Federal Contract Tower,11,14,0,0,25,0,103,22,0,125,11,117,22,0,150,0,0,0,150
10/05/2011,GSN,MP,AWP,WE,Federal Contract Tower,8,12,0,0,20,0,74,20,0,94,8,86,20,0,114,0,0,0,114
10/06/2011,GSN,MP,AWP,WE,Federal Contract Tower,10,16,0,0,26,0,92,12,0,104,10,108,12,0,130,0,0,0,130
10/07/2011,GSN,MP,AWP,WE,Federal Contract Tower,12,19,0,0,31,0,110,43,0,153,12,129,43,0,184,0,0,0,184
10/08/2011,GSN,MP,AWP,WE,Federal Contract Tower,12,11,0,0,23,0,134,52,0,186,12,145,52,0,209,0,0,0,209
10/09/2011,GSN,MP,AWP,WE,Federal Contract Tower,10,16,0,7,33,0,64,25,7,96,10,80,25,14,129,0,0,0,129
10/10/2011,GSN,MP,AWP,WE,Federal Contract Tower,12,16,0,0,28,0,84,27,0,111,12,100,27,0,139,0,0,0,139
10/11/2011,GSN,MP,AWP,WE,Federal Contract Tower,14,13,0,0,27,0,95,8,0,103,14,108,8,0,130,0,0,0,130
10/12/2011,GSN,MP,AWP,WE,Federal Contract Tower,9,15,0,0,24,0,131,51,0,182,9,146,51,0,206,2,0,2,208
10/13/2011,GSN,MP,AWP,WE,Federal Contract Tower,9,12,0,8,29,0,67,7,0,74,9,79,7,8,103,0,0,0,103
10/14/2011,GSN,MP,AWP,WE,Federal Contract Tower,12,20,0,0,32,0,137,40,0,177,12,157,40,0,209,0,0,0,209
10/15/2011,GSN,MP,AWP,WE,Federal Contract Tower,12,10,0,0,22,0,129,54,0,183,12,139,54,0,205,0,0,0,205
10/16/2011,GSN,MP,AWP,WE,Federal Contract Tower,10,16,0,0,26,0,64,17,0,81,10,80,17,0,107,0,0,0,107
10/17/2011,GSN,MP,AWP,WE,Federal Contract Tower,16,17,0,0,33,0,112,46,0,158,16,129,46,0,191,2,0,2,193
10/18/2011,GSN,MP,AWP,WE,Federal Contract Tower,12,15,0,0,27,0,99,22,0,121,12,114,22,0,148,0,0,0,148
10/19/2011,GSN,MP,AWP,WE,Federal Contract Tower,8,16,0,0,24,0,147,29,0,176,8,163,29,0,200,0,0,0,200
10/20/2011,GSN,MP,AWP,WE,Federal Contract Tower,12,16,0,0,28,0,62,26,0,88,12,78,26,0,116,0,0,0,116
10/21/2011,GSN,MP,AWP,WE,Federal Contract Tower,12,18,0,0,30,0,108,58,0,166,12,126,58,0,196,0,0,0,196
10/22/2011,GSN,MP,AWP,WE,Federal Contract Tower,14,8,0,0,22,0,103,45,0,148,14,111,45,0,170,0,0,0,170
10/23/2011,GSN,MP,AWP,WE,Federal Contract Tower,10,13,0,8,31,0,64,15,0,79,10,77,15,8,110,0,0,0,110
10/24/2011,GSN,MP,AWP,WE,Federal Contract Tower,16,14,1,0,31,0,81,32,0,113,16,95,33,0,144,2,0,2,146
10/25/2011,GSN,MP,AWP,WE,Federal Contract Tower,12,14,1,1,28,0,93,34,1,128,12,107,35,2,156,0,0,0,156
10/26/2011,GSN,MP,AWP,WE,Federal Contract Tower,8,12,0,0,20,0,91,20,0,111,8,103,20,0,131,0,0,0,131
10/27/2011,GSN,MP,AWP,WE,Federal Contract Tower,10,16,0,0,26,0,66,16,0,82,10,82,16,0,108,0,0,0,108
10/28/2011,GSN,MP,AWP,WE,Federal Contract Tower,12,17,0,4,33,0,88,21,0,109,12,105,21,4,142,0,0,0,142
10/29/2011,GSN,MP,AWP,WE,Federal Contract Tower,14,11,0,0,25,0,90,40,0,130,14,101,40,0,155,0,0,0,155
10/30/2011,GSN,MP,AWP,WE,Federal Contract Tower,10,12,0,0,22,0,68,15,0,83,10,80,15,0,105,0,0,0,105
10/31/2011,GSN,MP,AWP,WE,Federal Contract Tower,16,9,0,0,25,0,98,30,0,128,16,107,30,0,153,0,0,0,153
11/01/2011,GSN,MP,AWP,WE,Federal Contract Tower,12,10,0,1,23,0,84,35,1,120,12,94,35,2,143,0,0,0,143
11/02/2011,GSN,MP,AWP,WE,Federal Contract Tower,10,4,0,1,15,0,90,14,1,105,10,94,14,2,120,0,0,0,120
11/03/2011,GSN,MP,AWP,WE,Federal Contract Tower,15,14,0,0,29,0,124,36,0,160,15,138,36,0,189,0,0,0,189
11/04/2011,GSN,MP,AWP,WE,Federal Contract Tower,12,14,0,4,30,0,92,24,0,116,12,106,24,4,146,0,0,0,146
11/05/2011,GSN,MP,AWP,WE,Federal Contract Tower,10,8,0,0,18,0,129,83,0,212,10,137,83,0,230,6,0,6,236
11/06/2011,GSN,MP,AWP,WE,Federal Contract Tower,12,12,0,0,24,98,35,0,0,133,110,47,0,0,157,0,0,0,157
11/07/2011,GSN,MP,AWP,WE,Federal Contract Tower,17,12,0,2,31,0,142,61,0,203,17,154,61,2,234,0,0,0,234
11/08/2011,GSN,MP,AWP,WE,Federal Contract Tower,10,10,0,0,20,1,114,49,0,164,11,124,49,0,184,2,0,2,186
11/09/2011,GSN,MP,AWP,WE,Federal Contract Tower,8,10,0,0,18,0,89,22,0,111,8,99,22,0,129,0,0,0,129
11/10/2011,GSN,MP,AWP,WE,Federal Contract Tower,12,11,0,0,23,0,134,43,0,177,12,145,43,0,200,0,0,0,200
11/11/2011,GSN,MP,AWP,WE,Federal Contract Tower,12,14,0,0,26,0,0,0,0,0,12,14,0,0,26,0,0,0,26
11/12/2011,GSN,MP,AWP,WE,Federal Contract Tower,10,10,0,0,20,0,88,30,0,118,10,98,30,0,138,0,0,0,138
11/13/2011,GSN,MP,AWP,WE,Federal Contract Tower,11,12,2,0,25,0,107,23,0,130,11,119,25,0,155,0,20,20,175
11/14/2011,GSN,MP,AWP,WE,Federal Contract Tower,13,12,0,0,25,0,101,31,0,132,13,113,31,0,157,0,0,0,157
11/15/2011,GSN,MP,AWP,WE,Federal Contract Tower,10,10,2,3,25,0,110,35,1,146,10,120,37,4,171,0,0,0,171
11/16/2011,GSN,MP,AWP,WE,Federal Contract Tower,8,10,0,2,20,0,100,13,2,115,8,110,13,4,135,2,0,2,137
11/17/2011,GSN,MP,AWP,WE,Federal Contract Tower,12,12,0,0,24,0,102,30,0,132,12,114,30,0,156,0,0,0,156
11/18/2011,GSN,MP,AWP,WE,Federal Contract Tower,11,14,0,0,25,0,91,20,0,111,11,105,20,0,136,16,0,16,152
11/19/2011,GSN,MP,AWP,WE,Federal Contract Tower,13,8,2,0,23,0,143,57,0,200,13,151,59,0,223,4,0,4,227
11/20/2011,GSN,MP,AWP,WE,Federal Contract Tower,13,12,0,0,25,0,95,16,0,111,13,107,16,0,136,0,0,0,136
11/21/2011,GSN,MP,AWP,WE,Federal Contract Tower,13,13,0,0,26,0,105,23,0,128,13,118,23,0,154,0,0,0,154
11/22/2011,GSN,MP,AWP,WE,Federal Contract Tower,10,10,0,0,20,0,125,41,0,166,10,135,41,0,186,0,0,0,186
11/23/2011,GSN,MP,AWP,WE,Federal Contract Tower,9,10,0,0,19,0,120,45,0,165,9,130,45,0,184,0,0,0,184
11/24/2011,GSN,MP,AWP,WE,Federal Contract Tower,13,13,1,0,27,0,99,37,0,136,13,112,38,0,163,11,0,11,174
11/25/2011,GSN,MP,AWP,WE,Federal Contract Tower,9,16,1,0,26,0,136,33,0,169,9,152,34,0,195,0,0,0,195
11/26/2011,GSN,MP,AWP,WE,Federal Contract Tower,11,8,0,0,19,0,121,69,0,190,11,129,69,0,209,0,0,0,209
11/27/2011,GSN,MP,AWP,WE,Federal Contract Tower,14,12,0,0,26,0,93,29,0,122,14,105,29,0,148,0,0,0,148
11/28/2011,GSN,MP,AWP,WE,Federal Contract Tower,14,13,0,0,27,0,112,31,1,144,14,125,31,1,171,0,0,0,171
11/29/2011,GSN,MP,AWP,WE,Federal Contract Tower,10,10,0,0,20,0,139,47,3,189,10,149,47,3,209,0,0,0,209
11/30/2011,GSN,MP,AWP,WE,Federal Contract Tower,8,10,0,0,18,0,81,22,0,103,8,91,22,0,121,0,0,0,121
12/01/2011,GSN,MP,AWP,WE,Federal Contract Tower,14,10,0,0,24,0,87,43,0,130,14,97,43,0,154,0,0,0,154
12/02/2011,GSN,MP,AWP,WE,Federal Contract Tower,10,12,0,0,22,0,80,21,0,101,10,92,21,0,123,0,0,0,123
12/03/2011,GSN,MP,AWP,WE,Federal Contract Tower,10,10,0,0,20,0,121,45,0,166,10,131,45,0,186,0,0,0,186
12/04/2011,GSN,MP,AWP,WE,Federal Contract Tower,13,12,0,0,25,0,96,29,0,125,13,108,29,0,150,0,0,0,150
12/05/2011,GSN,MP,AWP,WE,Federal Contract Tower,15,13,0,0,28,0,136,52,16,204,15,149,52,16,232,0,0,0,232
12/06/2011,GSN,MP,AWP,WE,Federal Contract Tower,10,10,0,0,20,0,106,41,4,151,10,116,41,4,171,0,0,0,171
12/07/2011,GSN,MP,AWP,WE,Federal Contract Tower,10,8,0,0,18,0,113,18,13,144,10,121,18,13,162,4,0,4,166
12/08/2011,GSN,MP,AWP,WE,Federal Contract Tower,14,12,0,0,26,0,94,33,3,130,14,106,33,3,156,5,0,5,161
12/09/2011,GSN,MP,AWP,WE,Federal Contract Tower,10,13,0,0,23,0,120,28,0,148,10,133,28,0,171,0,0,0,171
12/10/2011,GSN,MP,AWP,WE,Federal Contract Tower,10,8,0,0,18,0,123,59,0,182,10,131,59,0,200,0,0,0,200
12/11/2011,GSN,MP,AWP,WE,Federal Contract Tower,13,12,2,0,27,0,78,43,0,121,13,90,45,0,148,0,0,0,148
12/12/2011,GSN,MP,AWP,WE,Federal Contract Tower,13,12,0,0,25,0,137,80,0,217,13,149,80,0,242,0,0,0,242
12/13/2011,GSN,MP,AWP,WE,Federal Contract Tower,8,10,0,8,26,0,112,43,6,161,8,122,43,14,187,0,0,0,187
12/14/2011,GSN,MP,AWP,WE,Federal Contract Tower,8,8,0,0,16,0,94,38,8,140,8,102,38,8,156,2,10,12,168
12/15/2011,GSN,MP,AWP,WE,Federal Contract Tower,12,13,0,0,25,0,117,21,0,138,12,130,21,0,163,0,0,0,163
12/16/2011,GSN,MP,AWP,WE,Federal Contract Tower,11,11,0,1,23,0,131,34,0,165,11,142,34,1,188,2,0,2,190
12/17/2011,GSN,MP,AWP,WE,Federal Contract Tower,11,10,0,0,21,0,128,55,0,183,11,138,55,0,204,0,0,0,204
12/18/2011,GSN,MP,AWP,WE,Federal Contract Tower,12,12,0,0,24,0,122,31,0,153,12,134,31,0,177,0,0,0,177
12/19/2011,GSN,MP,AWP,WE,Federal Contract Tower,12,12,1,0,25,0,115,24,0,139,12,127,25,0,164,0,0,0,164
12/20/2011,GSN,MP,AWP,WE,Federal Contract Tower,10,11,1,0,22,0,124,44,2,170,10,135,45,2,192,0,0,0,192
12/21/2011,GSN,MP,AWP,WE,Federal Contract Tower,8,12,2,0,22,0,91,25,0,116,8,103,27,0,138,0,0,0,138
12/22/2011,GSN,MP,AWP,WE,Federal Contract Tower,12,13,0,0,25,0,121,25,2,148,12,134,25,2,173,0,0,0,173
12/23/2011,GSN,MP,AWP,WE,Federal Contract Tower,11,16,0,0,27,0,120,17,0,137,11,136,17,0,164,0,0,0,164
12/24/2011,GSN,MP,AWP,WE,Federal Contract Tower,13,8,0,0,21,0,135,25,0,160,13,143,25,0,181,0,0,0,181
12/25/2011,GSN,MP,AWP,WE,Federal Contract Tower,16,12,0,0,28,0,92,16,0,108,16,104,16,0,136,0,0,0,136
12/26/2011,GSN,MP,AWP,WE,Federal Contract Tower,14,13,0,0,27,0,105,28,0,133,14,118,28,0,160,0,0,0,160
12/27/2011,GSN,MP,AWP,WE,Federal Contract Tower,12,12,0,0,24,0,115,37,0,152,12,127,37,0,176,0,0,0,176
12/28/2011,GSN,MP,AWP,WE,Federal Contract Tower,12,10,1,0,23,0,109,24,4,137,12,119,25,4,160,0,0,0,160
12/29/2011,GSN,MP,AWP,WE,Federal Contract Tower,15,12,0,0,27,0,126,41,0,167,15,138,41,0,194,0,0,0,194
12/30/2011,GSN,MP,AWP,WE,Federal Contract Tower,16,16,0,0,32,0,111,25,0,136,16,127,25,0,168,0,0,0,168
12/31/2011,GSN,MP,AWP,WE,Federal Contract Tower,16,7,0,0,23,0,107,28,0,135,16,114,28,0,158,0,0,0,158
01/01/2012,GSN,MP,AWP,WE,Federal Contract Tower,16,12,0,0,28,0,109,14,0,123,16,121,14,0,151,0,0,0,151
01/02/2012,GSN,MP,AWP,WE,Federal Contract Tower,20,12,0,0,32,0,110,10,0,120,20,122,10,0,152,0,0,0,152
01/03/2012,GSN,MP,AWP,WE,Federal Contract Tower,17,12,1,0,30,0,149,15,0,164,17,161,16,0,194,2,0,2,196
01/04/2012,GSN,MP,AWP,WE,Federal Contract Tower,11,10,1,0,22,0,87,17,0,104,11,97,18,0,126,0,0,0,126
01/05/2012,GSN,MP,AWP,WE,Federal Contract Tower,16,13,2,0,31,0,134,26,0,160,16,147,28,0,191,0,0,0,191
01/06/2012,GSN,MP,AWP,WE,Federal Contract Tower,18,13,0,0,31,0,132,37,0,169,18,145,37,0,200,0,0,0,200
01/07/2012,GSN,MP,AWP,WE,Federal Contract Tower,13,8,0,0,21,0,137,49,0,186,13,145,49,0,207,0,0,0,207
01/08/2012,GSN,MP,AWP,WE,Federal Contract Tower,17,12,0,0,29,0,117,35,0,152,17,129,35,0,181,0,0,0,181
01/09/2012,GSN,MP,AWP,WE,Federal Contract Tower,20,12,0,0,32,0,108,16,0,124,20,120,16,0,156,0,0,0,156
01/10/2012,GSN,MP,AWP,WE,Federal Contract Tower,13,10,0,0,23,0,111,29,0,140,13,121,29,0,163,0,0,0,163
01/11/2012,GSN,MP,AWP,WE,Federal Contract Tower,11,9,0,1,21,0,99,40,1,140,11,108,40,2,161,0,0,0,161
01/12/2012,GSN,MP,AWP,WE,Federal Contract Tower,14,12,3,2,31,0,110,31,0,141,14,122,34,2,172,0,0,0,172
01/13/2012,GSN,MP,AWP,WE,Federal Contract Tower,14,12,0,0,26,0,123,34,0,157,14,135,34,0,183,0,0,0,183
01/14/2012,GSN,MP,AWP,WE,Federal Contract Tower,13,8,1,0,22,0,125,63,0,188,13,133,64,0,210,0,0,0,210
01/15/2012,GSN,MP,AWP,WE,Federal Contract Tower,16,12,2,0,30,0,111,0,19,130,16,123,2,19,160,0,0,0,160
01/16/2012,GSN,MP,AWP,WE,Federal Contract Tower,17,12,0,0,29,0,126,37,0,163,17,138,37,0,192,0,0,0,192
01/17/2012,GSN,MP,AWP,WE,Federal Contract Tower,13,10,0,0,23,0,129,68,0,197,13,139,68,0,220,0,0,0,220
01/18/2012,GSN,MP,AWP,WE,Federal Contract Tower,11,9,0,0,20,0,111,30,0,141,11,120,30,0,161,0,0,0,161
01/19/2012,GSN,MP,AWP,WE,Federal Contract Tower,13,11,0,0,24,0,117,43,4,164,13,128,43,4,188,0,0,0,188
01/20/2012,GSN,MP,AWP,WE,Federal Contract Tower,16,15,2,0,33,0,111,27,2,140,16,126,29,2,173,0,26,26,199
01/21/2012,GSN,MP,AWP,WE,Federal Contract Tower,17,8,0,0,25,0,110,56,0,166,17,118,56,0,191,0,0,0,191
01/22/2012,GSN,MP,AWP,WE,Federal Contract Tower,18,12,0,0,30,0,121,37,0,158,18,133,37,0,188,0,6,6,194
01/23/2012,GSN,MP,AWP,WE,Federal Contract Tower,18,12,1,0,31,0,80,26,0,106,18,92,27,0,137,0,0,0,137
01/24/2012,GSN,MP,AWP,WE,Federal Contract Tower,15,10,1,0,26,0,114,52,22,188,15,124,53,22,214,0,0,0,214
01/25/2012,GSN,MP,AWP,WE,Federal Contract Tower,11,12,0,0,23,0,91,41,0,132,11,103,41,0,155,0,0,0,155
01/26/2012,GSN,MP,AWP,WE,Federal Contract Tower,14,12,0,0,26,0,141,33,0,174,14,153,33,0,200,0,0,0,200
01/27/2012,GSN,MP,AWP,WE,Federal Contract Tower,16,14,0,0,30,0,175,49,0,224,16,189,49,0,254,0,0,0,254
01/28/2012,GSN,MP,AWP,WE,Federal Contract Tower,15,8,0,0,23,0,153,53,0,206,15,161,53,0,229,0,0,0,229
01/29/2012,GSN,MP,AWP,WE,Federal Contract Tower,16,12,2,0,30,0,158,47,0,205,16,170,49,0,235,0,0,0,235
01/30/2012,GSN,MP,AWP,WE,Federal Contract Tower,17,12,0,0,29,0,108,29,0,137,17,120,29,0,166,0,0,0,166
01/31/2012,GSN,MP,AWP,WE,Federal Contract Tower,14,10,0,0,24,0,111,44,0,155,14,121,44,0,179,0,0,0,179
02/01/2012,GSN,MP,AWP,WE,Federal Contract Tower,12,12,0,0,24,0,97,45,0,142,12,109,45,0,166,0,0,0,166
02/02/2012,GSN,MP,AWP,WE,Federal Contract Tower,15,10,0,0,25,0,122,26,0,148,15,132,26,0,173,0,0,0,173
02/03/2012,GSN,MP,AWP,WE,Federal Contract Tower,15,7,0,0,22,0,129,41,0,170,15,136,41,0,192,0,0,0,192
02/04/2012,GSN,MP,AWP,WE,Federal Contract Tower,14,2,0,0,16,0,109,55,0,164,14,111,55,0,180,2,0,2,182
02/05/2012,GSN,MP,AWP,WE,Federal Contract Tower,16,13,0,0,29,0,126,35,0,161,16,139,35,0,190,0,0,0,190
02/06/2012,GSN,MP,AWP,WE,Federal Contract Tower,18,11,0,0,29,0,92,29,0,121,18,103,29,0,150,0,0,0,150
02/07/2012,GSN,MP,AWP,WE,Federal Contract Tower,12,11,0,0,23,0,132,69,4,205,12,143,69,4,228,0,0,0,228
02/08/2012,GSN,MP,AWP,WE,Federal Contract Tower,12,9,0,16,37,0,108,30,0,138,12,117,30,16,175,0,0,0,175
02/09/2012,GSN,MP,AWP,WE,Federal Contract Tower,17,10,0,24,51,0,130,36,0,166,17,140,36,24,217,0,0,0,217
02/10/2012,GSN,MP,AWP,WE,Federal Contract Tower,15,12,0,0,27,0,116,28,0,144,15,128,28,0,171,0,0,0,171
02/11/2012,GSN,MP,AWP,WE,Federal Contract Tower,13,8,2,0,23,0,148,56,0,204,13,156,58,0,227,6,0,6,233
02/12/2012,GSN,MP,AWP,WE,Federal Contract Tower,18,12,0,0,30,0,148,32,0,180,18,160,32,0,210,0,0,0,210
02/13/2012,GSN,MP,AWP,WE,Federal Contract Tower,19,12,0,1,32,0,156,49,1,206,19,168,49,2,238,0,0,0,238
02/14/2012,GSN,MP,AWP,WE,Federal Contract Tower,12,10,0,2,24,0,141,30,4,175,12,151,30,6,199,0,0,0,199
02/15/2012,GSN,MP,AWP,WE,Federal Contract Tower,12,9,2,0,23,0,126,36,0,162,12,135,38,0,185,0,0,0,185
02/16/2012,GSN,MP,AWP,WE,Federal Contract Tower,14,12,0,0,26,0,102,59,2,163,14,114,59,2,189,0,8,8,197
02/17/2012,GSN,MP,AWP,WE,Federal Contract Tower,16,12,1,0,29,0,117,40,0,157,16,129,41,0,186,0,0,0,186
02/18/2012,GSN,MP,AWP,WE,Federal Contract Tower,12,8,0,0,20,0,161,52,0,213,12,169,52,0,233,0,0,0,233
02/19/2012,GSN,MP,AWP,WE,Federal Contract Tower,17,12,0,0,29,0,157,39,0,196,17,169,39,0,225,0,0,0,225
02/20/2012,GSN,MP,AWP,WE,Federal Contract Tower,18,12,0,0,30,0,136,41,0,177,18,148,41,0,207,0,0,0,207
02/21/2012,GSN,MP,AWP,WE,Federal Contract Tower,9,9,0,3,21,0,110,45,4,159,9,119,45,7,180,0,0,0,180
02/22/2012,GSN,MP,AWP,WE,Federal Contract Tower,16,10,0,0,26,0,108,38,3,149,16,118,38,3,175,0,0,0,175
02/23/2012,GSN,MP,AWP,WE,Federal Contract Tower,15,12,0,2,29,0,97,29,0,126,15,109,29,2,155,0,0,0,155
02/24/2012,GSN,MP,AWP,WE,Federal Contract Tower,17,12,1,1,31,0,120,31,0,151,17,132,32,1,182,0,0,0,182
02/25/2012,GSN,MP,AWP,WE,Federal Contract Tower,13,6,0,0,19,0,117,38,0,155,13,123,38,0,174,0,0,0,174
02/26/2012,GSN,MP,AWP,WE,Federal Contract Tower,15,12,0,2,29,0,129,43,0,172,15,141,43,2,201,0,0,0,201
02/27/2012,GSN,MP,AWP,WE,Federal Contract Tower,18,11,0,0,29,0,123,29,0,152,18,134,29,0,181,0,0,0,181
02/28/2012,GSN,MP,AWP,WE,Federal Contract Tower,13,10,0,0,23,0,140,53,1,194,13,150,53,1,217,0,0,0,217
02/29/2012,GSN,MP,AWP,WE,Federal Contract Tower,11,6,1,0,18,0,108,21,0,129,11,114,22,0,147,0,0,0,147
03/01/2012,GSN,MP,AWP,WE,Federal Contract Tower,14,14,0,0,28,0,114,30,0,144,14,128,30,0,172,0,0,0,172
03/02/2012,GSN,MP,AWP,WE,Federal Contract Tower,16,15,1,2,34,0,126,42,0,168,16,141,43,2,202,0,0,0,202
03/03/2012,GSN,MP,AWP,WE,Federal Contract Tower,13,8,1,0,22,0,136,54,0,190,13,144,55,0,212,0,0,0,212
03/04/2012,GSN,MP,AWP,WE,Federal Contract Tower,16,12,0,0,28,0,166,37,0,203,16,178,37,0,231,0,0,0,231
03/05/2012,GSN,MP,AWP,WE,Federal Contract Tower,15,12,0,0,27,0,103,49,0,152,15,115,49,0,179,0,0,0,179
03/06/2012,GSN,MP,AWP,WE,Federal Contract Tower,13,10,0,0,23,0,134,51,0,185,13,144,51,0,208,0,0,0,208
03/07/2012,GSN,MP,AWP,WE,Federal Contract Tower,9,10,0,0,19,0,89,32,0,121,9,99,32,0,140,0,0,0,140
03/08/2012,GSN,MP,AWP,WE,Federal Contract Tower,15,12,0,0,27,0,97,32,0,129,15,109,32,0,156,0,0,0,156
03/09/2012,GSN,MP,AWP,WE,Federal Contract Tower,11,14,0,0,25,0,130,33,0,163,11,144,33,0,188,0,0,0,188
03/10/2012,GSN,MP,AWP,WE,Federal Contract Tower,13,8,0,0,21,0,120,45,0,165,13,128,45,0,186,0,0,0,186
03/11/2012,GSN,MP,AWP,WE,Federal Contract Tower,15,13,1,0,29,0,157,43,0,200,15,170,44,0,229,0,0,0,229
03/12/2012,GSN,MP,AWP,WE,Federal Contract Tower,17,12,2,0,31,0,129,46,0,175,17,141,48,0,206,0,0,0,206
03/13/2012,GSN,MP,AWP,WE,Federal Contract Tower,12,10,0,0,22,0,128,67,0,195,12,138,67,0,217,0,0,0,217
03/14/2012,GSN,MP,AWP,WE,Federal Contract Tower,10,10,1,0,21,0,84,19,0,103,10,94,20,0,124,0,0,0,124
03/15/2012,GSN,MP,AWP,WE,Federal Contract Tower,16,14,3,0,33,0,128,37,0,165,16,142,40,0,198,0,0,0,198
03/16/2012,GSN,MP,AWP,WE,Federal Contract Tower,12,16,0,0,28,0,105,23,0,128,12,121,23,0,156,0,0,0,156
03/17/2012,GSN,MP,AWP,WE,Federal Contract Tower,13,8,2,0,23,0,140,43,0,183,13,148,45,0,206,4,0,4,210
03/18/2012,GSN,MP,AWP,WE,Federal Contract Tower,16,12,0,0,28,0,129,38,0,167,16,141,38,0,195,0,0,0,195
03/19/2012,GSN,MP,AWP,WE,Federal Contract Tower,17,12,0,0,29,0,124,47,0,171,17,136,47,0,200,2,0,2,202
03/20/2012,GSN,MP,AWP,WE,Federal Contract Tower,14,10,0,0,24,0,151,84,0,235,14,161,84,0,259,0,0,0,259
03/21/2012,GSN,MP,AWP,WE,Federal Contract Tower,9,10,0,0,19,0,108,37,0,145,9,118,37,0,164,0,0,0,164
03/22/2012,GSN,MP,AWP,WE,Federal Contract Tower,15,14,0,1,30,0,105,50,0,155,15,119,50,1,185,0,0,0,185
03/23/2012,GSN,MP,AWP,WE,Federal Contract Tower,11,13,0,0,24,0,117,33,0,150,11,130,33,0,174,0,0,0,174
03/24/2012,GSN,MP,AWP,WE,Federal Contract Tower,12,8,0,0,20,0,124,85,2,211,12,132,85,2,231,0,0,0,231
03/25/2012,GSN,MP,AWP,WE,Federal Contract Tower,16,12,0,2,30,0,141,37,0,178,16,153,37,2,208,0,0,0,208
03/26/2012,GSN,MP,AWP,WE,Federal Contract Tower,15,12,0,1,28,0,137,59,2,198,15,149,59,3,226,0,0,0,226
03/27/2012,GSN,MP,AWP,WE,Federal Contract Tower,14,10,2,0,26,0,142,60,1,203,14,152,62,1,229,0,0,0,229
03/28/2012,GSN,MP,AWP,WE,Federal Contract Tower,11,16,1,1,29,0,107,35,0,142,11,123,36,1,171,0,0,0,171
03/29/2012,GSN,MP,AWP,WE,Federal Contract Tower,15,16,1,0,32,0,113,56,0,169,15,129,57,0,201,0,0,0,201
03/30/2012,GSN,MP,AWP,WE,Federal Contract Tower,14,19,0,1,34,0,86,24,0,110,14,105,24,1,144,0,0,0,144
03/31/2012,GSN,MP,AWP,WE,Federal Contract Tower,13,16,0,4,33,0,120,50,0,170,13,136,50,4,203,0,0,0,203
04/01/2012,GSN,MP,AWP,WE,Federal Contract Tower,17,14,0,0,31,0,116,51,0,167,17,130,51,0,198,0,0,0,198
04/02/2012,GSN,MP,AWP,WE,Federal Contract Tower,15,16,0,0,31,0,127,51,0,178,15,143,51,0,209,0,0,0,209
04/03/2012,GSN,MP,AWP,WE,Federal Contract Tower,13,14,1,0,28,0,127,76,0,203,13,141,77,0,231,6,0,6,237
04/04/2012,GSN,MP,AWP,WE,Federal Contract Tower,9,17,1,0,27,0,109,33,0,142,9,126,34,0,169,0,0,0,169
04/05/2012,GSN,MP,AWP,WE,Federal Contract Tower,14,17,2,0,33,0,119,68,4,191,14,136,70,4,224,0,0,0,224
04/06/2012,GSN,MP,AWP,WE,Federal Contract Tower,12,16,0,0,28,0,98,31,0,129,12,114,31,0,157,0,0,0,157
04/07/2012,GSN,MP,AWP,WE,Federal Contract Tower,12,12,1,0,25,0,120,64,0,184,12,132,65,0,209,0,0,0,209
04/08/2012,GSN,MP,AWP,WE,Federal Contract Tower,15,14,0,0,29,0,116,35,0,151,15,130,35,0,180,0,0,0,180
04/09/2012,GSN,MP,AWP,WE,Federal Contract Tower,15,15,0,0,30,0,123,44,0,167,15,138,44,0,197,0,0,0,197
04/10/2012,GSN,MP,AWP,WE,Federal Contract Tower,12,13,1,0,26,0,150,56,0,206,12,163,57,0,232,0,0,0,232
04/11/2012,GSN,MP,AWP,WE,Federal Contract Tower,8,15,0,0,23,0,106,48,0,154,8,121,48,0,177,0,0,0,177
04/12/2012,GSN,MP,AWP,WE,Federal Contract Tower,12,15,0,0,27,0,122,38,0,160,12,137,38,0,187,0,0,0,187
04/13/2012,GSN,MP,AWP,WE,Federal Contract Tower,12,18,1,0,31,0,124,53,0,177,12,142,54,0,208,0,0,0,208
04/14/2012,GSN,MP,AWP,WE,Federal Contract Tower,10,13,0,0,23,0,123,57,0,180,10,136,57,0,203,0,0,0,203
04/15/2012,GSN,MP,AWP,WE,Federal Contract Tower,12,16,1,0,29,0,139,43,0,182,12,155,44,0,211,0,0,0,211
04/16/2012,GSN,MP,AWP,WE,Federal Contract Tower,12,16,1,0,29,0,99,38,0,137,12,115,39,0,166,0,0,0,166
04/17/2012,GSN,MP,AWP,WE,Federal Contract Tower,12,14,0,0,26,0,140,66,0,206,12,154,66,0,232,0,0,0,232
04/18/2012,GSN,MP,AWP,WE,Federal Contract Tower,8,16,1,0,25,0,98,18,0,116,8,114,19,0,141,0,0,0,141
04/19/2012,GSN,MP,AWP,WE,Federal Contract Tower,12,16,1,0,29,0,108,39,0,147,12,124,40,0,176,0,0,0,176
04/20/2012,GSN,MP,AWP,WE,Federal Contract Tower,13,18,0,0,31,0,119,27,0,146,13,137,27,0,177,0,0,0,177
04/21/2012,GSN,MP,AWP,WE,Federal Contract Tower,11,12,0,0,23,0,146,56,3,205,11,158,56,3,228,0,0,0,228
04/22/2012,GSN,MP,AWP,WE,Federal Contract Tower,13,14,0,0,27,0,132,41,0,173,13,146,41,0,200,0,0,0,200
04/23/2012,GSN,MP,AWP,WE,Federal Contract Tower,12,16,0,0,28,0,115,40,0,155,12,131,40,0,183,0,0,0,183
04/24/2012,GSN,MP,AWP,WE,Federal Contract Tower,10,13,0,0,23,0,123,77,0,200,10,136,77,0,223,0,0,0,223
04/25/2012,GSN,MP,AWP,WE,Federal Contract Tower,8,15,1,0,24,0,89,44,0,133,8,104,45,0,157,0,0,0,157
04/26/2012,GSN,MP,AWP,WE,Federal Contract Tower,12,16,0,0,28,0,95,17,0,112,12,111,17,0,140,0,0,0,140
04/27/2012,GSN,MP,AWP,WE,Federal Contract Tower,10,18,0,0,28,0,112,30,0,142,10,130,30,0,170,0,0,0,170
04/28/2012,GSN,MP,AWP,WE,Federal Contract Tower,14,13,0,0,27,0,142,72,0,214,14,155,72,0,241,0,0,0,241
04/29/2012,GSN,MP,AWP,WE,Federal Contract Tower,18,19,0,0,37,0,143,46,0,189,18,162,46,0,226,0,0,0,226
04/30/2012,GSN,MP,AWP,WE,Federal Contract Tower,19,15,2,0,36,0,116,57,0,173,19,131,59,0,209,0,0,0,209
05/01/2012,GSN,MP,AWP,WE,Federal Contract Tower,14,13,0,0,27,0,140,33,0,173,14,153,33,0,200,0,0,0,200
05/02/2012,GSN,MP,AWP,WE,Federal Contract Tower,12,16,3,0,31,0,111,36,0,147,12,127,39,0,178,0,0,0,178
05/03/2012,GSN,MP,AWP,WE,Federal Contract Tower,22,14,0,0,36,0,128,37,0,165,22,142,37,0,201,0,0,0,201
05/04/2012,GSN,MP,AWP,WE,Federal Contract Tower,15,18,0,0,33,0,152,48,0,200,15,170,48,0,233,0,0,0,233
05/05/2012,GSN,MP,AWP,WE,Federal Contract Tower,16,16,2,0,34,0,158,44,0,202,16,174,46,0,236,0,0,0,236
05/06/2012,GSN,MP,AWP,WE,Federal Contract Tower,21,16,1,0,38,0,146,31,0,177,21,162,32,0,215,0,0,0,215
05/07/2012,GSN,MP,AWP,WE,Federal Contract Tower,14,16,1,0,31,0,152,46,0,198,14,168,47,0,229,0,0,0,229
05/08/2012,GSN,MP,AWP,WE,Federal Contract Tower,10,12,0,0,22,0,127,53,0,180,10,139,53,0,202,0,0,0,202
05/09/2012,GSN,MP,AWP,WE,Federal Contract Tower,8,14,0,4,26,0,84,24,0,108,8,98,24,4,134,0,0,0,134
05/10/2012,GSN,MP,AWP,WE,Federal Contract Tower,8,15,0,0,23,0,116,32,0,148,8,131,32,0,171,0,0,0,171
05/11/2012,GSN,MP,AWP,WE,Federal Contract Tower,12,16,0,4,32,0,110,33,0,143,12,126,33,4,175,0,0,0,175
05/12/2012,GSN,MP,AWP,WE,Federal Contract Tower,10,13,0,0,23,0,106,61,0,167,10,119,61,0,190,0,0,0,190
05/13/2012,GSN,MP,AWP,WE,Federal Contract Tower,10,14,0,0,24,0,113,36,0,149,10,127,36,0,173,0,0,0,173
05/14/2012,GSN,MP,AWP,WE,Federal Contract Tower,12,14,2,0,28,0,107,22,0,129,12,121,24,0,157,0,0,0,157
05/15/2012,GSN,MP,AWP,WE,Federal Contract Tower,10,14,0,0,24,0,116,54,0,170,10,130,54,0,194,0,0,0,194
05/16/2012,GSN,MP,AWP,WE,Federal Contract Tower,8,14,2,0,24,0,119,40,0,159,8,133,42,0,183,0,0,0,183
05/17/2012,GSN,MP,AWP,WE,Federal Contract Tower,10,14,1,0,25,0,121,40,5,166,10,135,41,5,191,0,0,0,191
05/18/2012,GSN,MP,AWP,WE,Federal Contract Tower,10,25,0,1,36,0,142,46,1,189,10,167,46,2,225,0,0,0,225
05/19/2012,GSN,MP,AWP,WE,Federal Contract Tower,10,15,0,0,25,0,153,48,0,201,10,168,48,0,226,0,0,0,226
05/20/2012,GSN,MP,AWP,WE,Federal Contract Tower,10,16,0,0,26,0,150,32,0,182,10,166,32,0,208,0,0,0,208
05/21/2012,GSN,MP,AWP,WE,Federal Contract Tower,12,16,2,2,32,0,129,29,0,158,12,145,31,2,190,0,0,0,190
05/22/2012,GSN,MP,AWP,WE,Federal Contract Tower,10,12,0,0,22,0,128,54,2,184,10,140,54,2,206,0,0,0,206
05/23/2012,GSN,MP,AWP,WE,Federal Contract Tower,8,16,1,0,25,0,94,20,0,114,8,110,21,0,139,0,0,0,139
05/24/2012,GSN,MP,AWP,WE,Federal Contract Tower,10,16,0,0,26,0,104,34,0,138,10,120,34,0,164,0,0,0,164
05/25/2012,GSN,MP,AWP,WE,Federal Contract Tower,10,18,1,0,29,0,126,46,4,176,10,144,47,4,205,0,0,0,205
05/26/2012,GSN,MP,AWP,WE,Federal Contract Tower,10,14,0,0,24,0,149,67,0,216,10,163,67,0,240,0,0,0,240
05/27/2012,GSN,MP,AWP,WE,Federal Contract Tower,10,16,1,0,27,0,111,27,0,138,10,127,28,0,165,2,0,2,167
05/28/2012,GSN,MP,AWP,WE,Federal Contract Tower,9,16,0,2,27,0,125,40,2,167,9,141,40,4,194,0,21,21,215
05/29/2012,GSN,MP,AWP,WE,Federal Contract Tower,12,14,0,0,26,0,144,49,0,193,12,158,49,0,219,0,0,0,219
05/30/2012,GSN,MP,AWP,WE,Federal Contract Tower,8,15,0,0,23,0,136,36,0,172,8,151,36,0,195,2,0,2,197
05/31/2012,GSN,MP,AWP,WE,Federal Contract Tower,10,16,0,0,26,0,129,31,0,160,10,145,31,0,186,0,0,0,186
06/01/2012,GSN,MP,AWP,WE,Federal Contract Tower,10,18,0,0,28,0,147,51,2,200,10,165,51,2,228,0,0,0,228
06/02/2012,GSN,MP,AWP,WE,Federal Contract Tower,12,14,0,0,26,0,151,54,0,205,12,165,54,0,231,0,0,0,231
06/03/2012,GSN,MP,AWP,WE,Federal Contract Tower,10,14,0,0,24,0,122,52,0,174,10,136,52,0,198,0,0,0,198
06/04/2012,GSN,MP,AWP,WE,Federal Contract Tower,10,16,0,0,26,0,146,50,0,196,10,162,50,0,222,0,0,0,222
06/05/2012,GSN,MP,AWP,WE,Federal Contract Tower,8,15,0,0,23,0,139,55,0,194,8,154,55,0,217,0,0,0,217
06/06/2012,GSN,MP,AWP,WE,Federal Contract Tower,8,14,0,0,22,0,95,22,4,121,8,109,22,4,143,0,0,0,143
06/07/2012,GSN,MP,AWP,WE,Federal Contract Tower,10,16,0,0,26,0,102,36,0,138,10,118,36,0,164,0,0,0,164
06/08/2012,GSN,MP,AWP,WE,Federal Contract Tower,10,18,0,0,28,0,115,38,0,153,10,133,38,0,181,0,0,0,181
06/09/2012,GSN,MP,AWP,WE,Federal Contract Tower,12,14,0,0,26,0,128,45,0,173,12,142,45,0,199,0,0,0,199
06/10/2012,GSN,MP,AWP,WE,Federal Contract Tower,12,16,0,0,28,0,134,43,0,177,12,150,43,0,205,0,0,0,205
06/11/2012,GSN,MP,AWP,WE,Federal Contract Tower,10,16,0,0,26,0,123,33,0,156,10,139,33,0,182,0,0,0,182
06/12/2012,GSN,MP,AWP,WE,Federal Contract Tower,10,14,0,0,24,0,137,53,0,190,10,151,53,0,214,0,0,0,214
06/13/2012,GSN,MP,AWP,WE,Federal Contract Tower,8,16,0,0,24,0,112,27,0,139,8,128,27,0,163,0,0,0,163
06/14/2012,GSN,MP,AWP,WE,Federal Contract Tower,12,16,0,6,34,0,125,25,0,150,12,141,25,6,184,0,12,12,196
06/15/2012,GSN,MP,AWP,WE,Federal Contract Tower,10,16,1,0,27,0,139,42,0,181,10,155,43,0,208,0,0,0,208
06/16/2012,GSN,MP,AWP,WE,Federal Contract Tower,10,15,0,0,25,0,122,57,2,181,10,137,57,2,206,0,0,0,206
06/17/2012,GSN,MP,AWP,WE,Federal Contract Tower,12,15,0,0,27,0,170,54,0,224,12,185,54,0,251,0,6,6,257
06/18/2012,GSN,MP,AWP,WE,Federal Contract Tower,10,13,0,0,23,0,86,20,0,106,10,99,20,0,129,0,0,0,129
06/19/2012,GSN,MP,AWP,WE,Federal Contract Tower,10,14,0,0,24,0,123,51,0,174,10,137,51,0,198,0,0,0,198
06/20/2012,GSN,MP,AWP,WE,Federal Contract Tower,8,17,0,1,26,0,104,21,0,125,8,121,21,1,151,0,0,0,151
06/21/2012,GSN,MP,AWP,WE,Federal Contract Tower,12,15,0,0,27,0,96,26,0,122,12,111,26,0,149,0,0,0,149
06/22/2012,GSN,MP,AWP,WE,Federal Contract Tower,10,16,0,0,26,0,97,35,0,132,10,113,35,0,158,0,0,0,158
06/23/2012,GSN,MP,AWP,WE,Federal Contract Tower,10,12,0,0,22,0,129,61,0,190,10,141,61,0,212,0,0,0,212
06/24/2012,GSN,MP,AWP,WE,Federal Contract Tower,12,16,0,0,28,0,97,48,0,145,12,113,48,0,173,0,0,0,173
06/25/2012,GSN,MP,AWP,WE,Federal Contract Tower,10,16,0,0,26,0,135,44,0,179,10,151,44,0,205,0,0,0,205
06/26/2012,GSN,MP,AWP,WE,Federal Contract Tower,10,13,1,0,24,0,144,50,0,194,10,157,51,0,218,0,0,0,218
06/27/2012,GSN,MP,AWP,WE,Federal Contract Tower,8,16,0,0,24,0,102,41,0,143,8,118,41,0,167,0,0,0,167
06/28/2012,GSN,MP,AWP,WE,Federal Contract Tower,12,16,0,1,29,0,101,50,0,151,12,117,50,1,180,0,0,0,180
06/29/2012,GSN,MP,AWP,WE,Federal Contract Tower,10,18,1,1,30,0,119,16,0,135,10,137,17,1,165,0,0,0,165
06/30/2012,GSN,MP,AWP,WE,Federal Contract Tower,10,14,1,0,25,0,125,21,0,146,10,139,22,0,171,0,0,0,171
07/01/2012,GSN,MP,AWP,WE,Federal Contract Tower,12,13,0,0,25,0,126,27,0,153,12,139,27,0,178,0,0,0,178
07/02/2012,GSN,MP,AWP,WE,Federal Contract Tower,10,17,0,0,27,0,97,25,0,122,10,114,25,0,149,0,0,0,149
07/03/2012,GSN,MP,AWP,WE,Federal Contract Tower,9,15,0,0,24,0,144,66,0,210,9,159,66,0,234,0,0,0,234
07/04/2012,GSN,MP,AWP,WE,Federal Contract Tower,8,14,0,1,23,0,101,24,0,125,8,115,24,1,148,0,0,0,148
07/05/2012,GSN,MP,AWP,WE,Federal Contract Tower,12,16,0,0,28,0,110,42,0,152,12,126,42,0,180,0,0,0,180
07/06/2012,GSN,MP,AWP,WE,Federal Contract Tower,10,16,0,0,26,0,136,41,0,177,10,152,41,0,203,0,0,0,203
07/07/2012,GSN,MP,AWP,WE,Federal Contract Tower,10,12,0,0,22,0,164,62,0,226,10,176,62,0,248,0,0,0,248
07/08/2012,GSN,MP,AWP,WE,Federal Contract Tower,12,16,0,0,28,0,165,62,0,227,12,181,62,0,255,0,0,0,255
07/09/2012,GSN,MP,AWP,WE,Federal Contract Tower,10,18,0,0,28,0,121,44,0,165,10,139,44,0,193,0,0,0,193
07/10/2012,GSN,MP,AWP,WE,Federal Contract Tower,10,12,0,0,22,0,160,44,0,204,10,172,44,0,226,0,0,0,226
07/11/2012,GSN,MP,AWP,WE,Federal Contract Tower,8,15,0,0,23,0,115,40,0,155,8,130,40,0,178,0,0,0,178
07/12/2012,GSN,MP,AWP,WE,Federal Contract Tower,12,15,0,0,27,0,126,65,0,191,12,141,65,0,218,0,0,0,218
07/13/2012,GSN,MP,AWP,WE,Federal Contract Tower,10,18,0,0,28,0,143,52,0,195,10,161,52,0,223,0,0,0,223
07/14/2012,GSN,MP,AWP,WE,Federal Contract Tower,13,16,0,0,29,0,152,52,0,204,13,168,52,0,233,0,0,0,233
07/15/2012,GSN,MP,AWP,WE,Federal Contract Tower,16,14,0,0,30,0,164,36,0,200,16,178,36,0,230,0,0,0,230
07/16/2012,GSN,MP,AWP,WE,Federal Contract Tower,15,16,0,0,31,0,103,46,2,151,15,119,46,2,182,2,0,2,184
07/17/2012,GSN,MP,AWP,WE,Federal Contract Tower,13,14,0,0,27,0,151,47,8,206,13,165,47,8,233,0,0,0,233
07/18/2012,GSN,MP,AWP,WE,Federal Contract Tower,11,16,0,0,27,0,105,30,0,135,11,121,30,0,162,0,0,0,162
07/19/2012,GSN,MP,AWP,WE,Federal Contract Tower,15,11,0,0,26,1,118,43,0,162,16,129,43,0,188,0,0,0,188
07/20/2012,GSN,MP,AWP,WE,Federal Contract Tower,16,18,2,0,36,0,113,39,0,152,16,131,41,0,188,0,0,0,188
07/21/2012,GSN,MP,AWP,WE,Federal Contract Tower,13,10,0,0,23,0,138,70,0,208,13,148,70,0,231,0,0,0,231
07/22/2012,GSN,MP,AWP,WE,Federal Contract Tower,16,16,0,0,32,0,139,30,0,169,16,155,30,0,201,0,0,0,201
07/23/2012,GSN,MP,AWP,WE,Federal Contract Tower,14,16,0,0,30,0,95,37,1,133,14,111,37,1,163,0,0,0,163
07/24/2012,GSN,MP,AWP,WE,Federal Contract Tower,13,14,0,0,27,0,138,86,0,224,13,152,86,0,251,0,0,0,251
07/25/2012,GSN,MP,AWP,WE,Federal Contract Tower,12,17,0,0,29,0,95,32,1,128,12,112,32,1,157,0,0,0,157
07/26/2012,GSN,MP,AWP,WE,Federal Contract Tower,15,17,0,0,32,0,132,43,0,175,15,149,43,0,207,0,0,0,207
07/27/2012,GSN,MP,AWP,WE,Federal Contract Tower,14,18,0,0,32,0,129,38,0,167,14,147,38,0,199,0,0,0,199
07/28/2012,GSN,MP,AWP,WE,Federal Contract Tower,13,12,0,0,25,0,140,71,0,211,13,152,71,0,236,0,0,0,236
07/29/2012,GSN,MP,AWP,WE,Federal Contract Tower,17,13,0,0,30,0,139,37,0,176,17,152,37,0,206,0,0,0,206
07/30/2012,GSN,MP,AWP,WE,Federal Contract Tower,15,18,1,0,34,0,114,47,0,161,15,132,48,0,195,2,0,2,197
07/31/2012,GSN,MP,AWP,WE,Federal Contract Tower,14,10,2,0,26,0,127,48,0,175,14,137,50,0,201,0,0,0,201
08/01/2012,GSN,MP,AWP,WE,Federal Contract Tower,13,17,2,0,32,0,103,37,0,140,13,120,39,0,172,0,0,0,172
08/02/2012,GSN,MP,AWP,WE,Federal Contract Tower,17,12,1,0,30,0,140,41,0,181,17,152,42,0,211,0,0,0,211
08/03/2012,GSN,MP,AWP,WE,Federal Contract Tower,13,18,0,0,31,0,138,34,0,172,13,156,34,0,203,0,0,0,203
08/04/2012,GSN,MP,AWP,WE,Federal Contract Tower,13,12,0,0,25,0,151,52,0,203,13,163,52,0,228,0,0,0,228
08/05/2012,GSN,MP,AWP,WE,Federal Contract Tower,18,13,0,0,31,0,161,49,0,210,18,174,49,0,241,0,0,0,241
08/06/2012,GSN,MP,AWP,WE,Federal Contract Tower,13,14,1,0,28,0,110,38,0,148,13,124,39,0,176,0,0,0,176
08/07/2012,GSN,MP,AWP,WE,Federal Contract Tower,12,15,0,0,27,0,155,49,0,204,12,170,49,0,231,0,0,0,231
08/08/2012,GSN,MP,AWP,WE,Federal Contract Tower,14,13,0,0,27,0,108,34,0,142,14,121,34,0,169,0,0,0,169
08/09/2012,GSN,MP,AWP,WE,Federal Contract Tower,16,13,0,0,29,0,142,73,0,215,16,155,73,0,244,0,0,0,244
08/10/2012,GSN,MP,AWP,WE,Federal Contract Tower,14,20,0,0,34,0,131,29,0,160,14,151,29,0,194,0,0,0,194
08/11/2012,GSN,MP,AWP,WE,Federal Contract Tower,13,13,0,0,26,0,182,81,0,263,13,195,81,0,289,6,0,6,295
08/12/2012,GSN,MP,AWP,WE,Federal Contract Tower,21,13,0,0,34,0,136,24,0,160,21,149,24,0,194,0,0,0,194
08/13/2012,GSN,MP,AWP,WE,Federal Contract Tower,14,16,0,0,30,0,130,57,0,187,14,146,57,0,217,4,0,4,221
08/14/2012,GSN,MP,AWP,WE,Federal Contract Tower,14,13,0,1,28,0,129,57,0,186,14,142,57,1,214,0,0,0,214
08/15/2012,GSN,MP,AWP,WE,Federal Contract Tower,15,18,0,1,34,0,104,32,0,136,15,122,32,1,170,0,0,0,170
08/16/2012,GSN,MP,AWP,WE,Federal Contract Tower,16,15,0,0,31,0,121,60,0,181,16,136,60,0,212,4,0,4,216
08/17/2012,GSN,MP,AWP,WE,Federal Contract Tower,16,17,0,0,33,1,125,29,0,155,17,142,29,0,188,0,0,0,188
08/18/2012,GSN,MP,AWP,WE,Federal Contract Tower,14,12,0,0,26,0,168,88,0,256,14,180,88,0,282,0,0,0,282
08/19/2012,GSN,MP,AWP,WE,Federal Contract Tower,21,14,0,0,35,0,118,20,0,138,21,132,20,0,173,2,0,2,175
08/20/2012,GSN,MP,AWP,WE,Federal Contract Tower,17,15,0,0,32,0,109,26,0,135,17,124,26,0,167,2,0,2,169
08/21/2012,GSN,MP,AWP,WE,Federal Contract Tower,15,14,0,0,29,0,148,53,0,201,15,162,53,0,230,0,0,0,230
08/22/2012,GSN,MP,AWP,WE,Federal Contract Tower,13,16,0,0,29,0,132,38,0,170,13,148,38,0,199,0,0,0,199
08/23/2012,GSN,MP,AWP,WE,Federal Contract Tower,19,14,1,0,34,0,127,50,0,177,19,141,51,0,211,0,0,0,211
08/24/2012,GSN,MP,AWP,WE,Federal Contract Tower,17,17,0,0,34,0,136,50,0,186,17,153,50,0,220,0,0,0,220
08/25/2012,GSN,MP,AWP,WE,Federal Contract Tower,14,12,0,0,26,0,141,69,0,210,14,153,69,0,236,4,0,4,240
08/26/2012,GSN,MP,AWP,WE,Federal Contract Tower,22,14,1,0,37,0,160,50,0,210,22,174,51,0,247,0,0,0,247
08/27/2012,GSN,MP,AWP,WE,Federal Contract Tower,16,18,2,0,36,0,109,29,0,138,16,127,31,0,174,0,0,0,174
08/28/2012,GSN,MP,AWP,WE,Federal Contract Tower,11,16,0,0,27,0,128,46,0,174,11,144,46,0,201,4,0,4,205
08/29/2012,GSN,MP,AWP,WE,Federal Contract Tower,12,14,0,0,26,0,109,42,0,151,12,123,42,0,177,0,0,0,177
08/30/2012,GSN,MP,AWP,WE,Federal Contract Tower,14,16,0,0,30,0,134,39,0,173,14,150,39,0,203,0,0,0,203
08/31/2012,GSN,MP,AWP,WE,Federal Contract Tower,15,17,0,0,32,0,116,33,0,149,15,133,33,0,181,0,0,0,181
09/01/2012,GSN,MP,AWP,WE,Federal Contract Tower,13,10,0,0,23,0,162,57,0,219,13,172,57,0,242,0,0,0,242
09/02/2012,GSN,MP,AWP,WE,Federal Contract Tower,16,12,0,0,28,0,122,43,0,165,16,134,43,0,193,0,0,0,193
09/03/2012,GSN,MP,AWP,WE,Federal Contract Tower,16,12,0,0,28,0,102,26,0,128,16,114,26,0,156,0,0,0,156
09/04/2012,GSN,MP,AWP,WE,Federal Contract Tower,9,11,0,0,20,0,119,48,0,167,9,130,48,0,187,0,0,0,187
09/05/2012,GSN,MP,AWP,WE,Federal Contract Tower,12,10,2,2,26,0,93,62,0,155,12,103,64,2,181,2,0,2,183
09/06/2012,GSN,MP,AWP,WE,Federal Contract Tower,13,16,0,0,29,0,109,30,0,139,13,125,30,0,168,0,0,0,168
09/07/2012,GSN,MP,AWP,WE,Federal Contract Tower,11,12,0,2,25,0,89,20,2,111,11,101,20,4,136,0,2,2,138
09/08/2012,GSN,MP,AWP,WE,Federal Contract Tower,12,10,0,0,22,0,133,78,0,211,12,143,78,0,233,0,0,0,233
09/09/2012,GSN,MP,AWP,WE,Federal Contract Tower,14,12,0,0,26,0,121,44,0,165,14,133,44,0,191,0,0,0,191
09/10/2012,GSN,MP,AWP,WE,Federal Contract Tower,12,12,2,0,26,0,124,43,0,167,12,136,45,0,193,0,0,0,193
09/11/2012,GSN,MP,AWP,WE,Federal Contract Tower,10,10,0,0,20,0,131,64,0,195,10,141,64,0,215,0,0,0,215
09/12/2012,GSN,MP,AWP,WE,Federal Contract Tower,10,10,1,0,21,0,96,37,0,133,10,106,38,0,154,0,0,0,154
09/13/2012,GSN,MP,AWP,WE,Federal Contract Tower,12,13,3,0,28,0,101,40,0,141,12,114,43,0,169,0,0,0,169
09/14/2012,GSN,MP,AWP,WE,Federal Contract Tower,11,15,1,2,29,0,111,32,0,143,11,126,33,2,172,0,0,0,172
09/15/2012,GSN,MP,AWP,WE,Federal Contract Tower,16,13,1,0,30,0,136,65,2,203,16,149,66,2,233,0,4,4,237
09/16/2012,GSN,MP,AWP,WE,Federal Contract Tower,13,13,0,4,30,0,126,46,3,175,13,139,46,7,205,0,0,0,205
09/17/2012,GSN,MP,AWP,WE,Federal Contract Tower,14,14,0,7,35,0,114,34,4,152,14,128,34,11,187,0,0,0,187
09/18/2012,GSN,MP,AWP,WE,Federal Contract Tower,10,11,0,5,26,0,124,48,12,184,10,135,48,17,210,0,0,0,210
09/19/2012,GSN,MP,AWP,WE,Federal Contract Tower,12,10,1,0,23,0,92,23,12,127,12,102,24,12,150,0,0,0,150
09/20/2012,GSN,MP,AWP,WE,Federal Contract Tower,12,14,5,2,33,0,104,36,0,140,12,118,41,2,173,6,0,6,179
09/21/2012,GSN,MP,AWP,WE,Federal Contract Tower,12,13,0,1,26,0,94,36,3,133,12,107,36,4,159,0,0,0,159
09/22/2012,GSN,MP,AWP,WE,Federal Contract Tower,10,10,1,3,24,0,150,63,7,220,10,160,64,10,244,0,0,0,244
09/23/2012,GSN,MP,AWP,WE,Federal Contract Tower,14,12,0,0,26,0,81,15,11,107,14,93,15,11,133,0,4,4,137
09/24/2012,GSN,MP,AWP,WE,Federal Contract Tower,12,12,0,0,24,0,118,28,0,146,12,130,28,0,170,0,0,0,170
09/25/2012,GSN,MP,AWP,WE,Federal Contract Tower,10,12,0,0,22,0,121,61,2,184,10,133,61,2,206,0,0,0,206
09/26/2012,GSN,MP,AWP,WE,Federal Contract Tower,10,11,3,0,24,0,104,23,0,127,10,115,26,0,151,0,0,0,151
09/27/2012,GSN,MP,AWP,WE,Federal Contract Tower,14,14,1,4,33,0,104,38,5,147,14,118,39,9,180,0,0,0,180
09/28/2012,GSN,MP,AWP,WE,Federal Contract Tower,10,17,0,0,27,0,116,26,10,152,10,133,26,10,179,0,0,0,179
09/29/2012,GSN,MP,AWP,WE,Federal Contract Tower,10,10,0,0,20,0,135,50,17,202,10,145,50,17,222,0,0,0,222
09/30/2012,GSN,MP,AWP,WE,Federal Contract Tower,12,12,0,0,24,0,128,40,0,168,12,140,40,0,192,0,0,0,192
10/01/2012,GSN,MP,AWP,WE,Federal Contract Tower,10,12,0,4,26,0,107,41,0,148,10,119,41,4,174,0,0,0,174
10/02/2012,GSN,MP,AWP,WE,Federal Contract Tower,10,10,0,2,22,0,100,40,1,141,10,110,40,3,163,0,0,0,163
10/03/2012,GSN,MP,AWP,WE,Federal Contract Tower,8,13,0,2,23,0,132,62,0,194,8,145,62,2,217,0,0,0,217
10/04/2012,GSN,MP,AWP,WE,Federal Contract Tower,12,12,0,0,24,0,130,64,0,194,12,142,64,0,218,0,0,0,218
10/05/2012,GSN,MP,AWP,WE,Federal Contract Tower,10,17,0,0,27,0,135,35,0,170,10,152,35,0,197,0,0,0,197
10/06/2012,GSN,MP,AWP,WE,Federal Contract Tower,10,11,0,0,21,0,138,81,0,219,10,149,81,0,240,0,0,0,240
10/07/2012,GSN,MP,AWP,WE,Federal Contract Tower,12,14,2,0,28,0,116,17,0,133,12,130,19,0,161,0,0,0,161
10/08/2012,GSN,MP,AWP,WE,Federal Contract Tower,10,14,0,0,24,0,109,38,0,147,10,123,38,0,171,0,0,0,171
10/09/2012,GSN,MP,AWP,WE,Federal Contract Tower,10,10,0,2,22,0,135,68,9,212,10,145,68,11,234,0,0,0,234
10/10/2012,GSN,MP,AWP,WE,Federal Contract Tower,8,14,2,11,35,0,94,25,2,121,8,108,27,13,156,0,0,0,156
10/11/2012,GSN,MP,AWP,WE,Federal Contract Tower,11,12,2,0,25,0,98,32,0,130,11,110,34,0,155,6,0,6,161
10/12/2012,GSN,MP,AWP,WE,Federal Contract Tower,10,15,0,0,25,0,104,38,0,142,10,119,38,0,167,0,0,0,167
10/13/2012,GSN,MP,AWP,WE,Federal Contract Tower,10,9,6,0,25,0,127,55,0,182,10,136,61,0,207,0,0,0,207
10/14/2012,GSN,MP,AWP,WE,Federal Contract Tower,12,18,0,0,30,0,101,22,0,123,12,119,22,0,153,0,0,0,153
10/15/2012,GSN,MP,AWP,WE,Federal Contract Tower,10,13,5,10,38,0,118,39,0,157,10,131,44,10,195,0,0,0,195
10/16/2012,GSN,MP,AWP,WE,Federal Contract Tower,10,15,2,0,27,0,144,55,1,200,10,159,57,1,227,0,0,0,227
10/17/2012,GSN,MP,AWP,WE,Federal Contract Tower,8,12,0,0,20,0,120,35,2,157,8,132,35,2,177,0,0,0,177
10/18/2012,GSN,MP,AWP,WE,Federal Contract Tower,13,14,0,0,27,0,103,31,0,134,13,117,31,0,161,0,0,0,161
10/19/2012,GSN,MP,AWP,WE,Federal Contract Tower,12,18,2,2,34,0,113,35,0,148,12,131,37,2,182,6,0,6,188
10/20/2012,GSN,MP,AWP,WE,Federal Contract Tower,11,13,1,0,25,0,139,54,0,193,11,152,55,0,218,0,0,0,218
10/21/2012,GSN,MP,AWP,WE,Federal Contract Tower,12,12,4,0,28,0,99,34,0,133,12,111,38,0,161,0,0,0,161
10/22/2012,GSN,MP,AWP,WE,Federal Contract Tower,11,14,0,0,25,0,128,33,0,161,11,142,33,0,186,0,0,0,186
10/23/2012,GSN,MP,AWP,WE,Federal Contract Tower,11,15,0,0,26,0,151,68,0,219,11,166,68,0,245,0,0,0,245
10/24/2012,GSN,MP,AWP,WE,Federal Contract Tower,8,13,0,0,21,0,93,52,0,145,8,106,52,0,166,0,0,0,166
10/25/2012,GSN,MP,AWP,WE,Federal Contract Tower,12,13,1,0,26,0,110,67,0,177,12,123,68,0,203,0,0,0,203
10/26/2012,GSN,MP,AWP,WE,Federal Contract Tower,12,16,0,0,28,0,113,47,0,160,12,129,47,0,188,0,0,0,188
10/27/2012,GSN,MP,AWP,WE,Federal Contract Tower,10,11,3,0,24,0,139,59,0,198,10,150,62,0,222,0,0,0,222
10/28/2012,GSN,MP,AWP,WE,Federal Contract Tower,12,12,2,0,26,0,115,34,0,149,12,127,36,0,175,0,0,0,175
10/29/2012,GSN,MP,AWP,WE,Federal Contract Tower,10,13,1,2,26,0,107,43,0,150,10,120,44,2,176,0,0,0,176
10/30/2012,GSN,MP,AWP,WE,Federal Contract Tower,10,12,2,0,24,0,128,54,4,186,10,140,56,4,210,0,0,0,210
10/31/2012,GSN,MP,AWP,WE,Federal Contract Tower,8,11,0,0,19,0,131,36,2,169,8,142,36,2,188,0,0,0,188
11/01/2012,GSN,MP,AWP,WE,Federal Contract Tower,12,12,1,0,25,0,126,38,5,169,12,138,39,5,194,0,0,0,194
11/02/2012,GSN,MP,AWP,WE,Federal Contract Tower,12,13,2,2,29,0,116,47,0,163,12,129,49,2,192,0,0,0,192
11/03/2012,GSN,MP,AWP,WE,Federal Contract Tower,10,11,1,0,22,0,136,65,2,203,10,147,66,2,225,0,0,0,225
11/04/2012,GSN,MP,AWP,WE,Federal Contract Tower,12,12,0,0,24,0,97,39,0,136,12,109,39,0,160,2,0,2,162
11/05/2012,GSN,MP,AWP,WE,Federal Contract Tower,10,16,0,0,26,0,136,23,0,159,10,152,23,0,185,0,0,0,185
11/06/2012,GSN,MP,AWP,WE,Federal Contract Tower,10,12,0,0,22,0,127,52,2,181,10,139,52,2,203,0,0,0,203
11/07/2012,GSN,MP,AWP,WE,Federal Contract Tower,8,12,0,2,22,0,122,52,0,174,8,134,52,2,196,0,0,0,196
11/08/2012,GSN,MP,AWP,WE,Federal Contract Tower,12,10,0,0,22,0,96,40,2,138,12,106,40,2,160,0,0,0,160
11/09/2012,GSN,MP,AWP,WE,Federal Contract Tower,10,16,0,0,26,0,110,56,0,166,10,126,56,0,192,0,0,0,192
11/10/2012,GSN,MP,AWP,WE,Federal Contract Tower,10,10,2,0,22,0,170,92,0,262,10,180,94,0,284,0,0,0,284
11/11/2012,GSN,MP,AWP,WE,Federal Contract Tower,12,12,0,0,24,0,114,40,0,154,12,126,40,0,178,0,0,0,178
11/12/2012,GSN,MP,AWP,WE,Federal Contract Tower,10,13,0,0,23,0,146,47,0,193,10,159,47,0,216,0,0,0,216
11/13/2012,GSN,MP,AWP,WE,Federal Contract Tower,10,12,0,0,22,0,157,61,0,218,10,169,61,0,240,0,0,0,240
11/14/2012,GSN,MP,AWP,WE,Federal Contract Tower,8,12,0,0,20,0,93,34,0,127,8,105,34,0,147,0,0,0,147
11/15/2012,GSN,MP,AWP,WE,Federal Contract Tower,13,12,0,0,25,0,135,53,0,188,13,147,53,0,213,0,0,0,213
11/16/2012,GSN,MP,AWP,WE,Federal Contract Tower,13,16,1,0,30,0,163,64,0,227,13,179,65,0,257,0,0,0,257
11/17/2012,GSN,MP,AWP,WE,Federal Contract Tower,9,11,3,0,23,0,136,94,0,230,9,147,97,0,253,0,0,0,253
11/18/2012,GSN,MP,AWP,WE,Federal Contract Tower,13,10,0,0,23,0,95,44,0,139,13,105,44,0,162,0,0,0,162
11/19/2012,GSN,MP,AWP,WE,Federal Contract Tower,17,14,2,0,33,0,106,49,0,155,17,120,51,0,188,0,0,0,188
11/20/2012,GSN,MP,AWP,WE,Federal Contract Tower,10,11,2,0,23,0,107,58,0,165,10,118,60,0,188,0,0,0,188
11/21/2012,GSN,MP,AWP,WE,Federal Contract Tower,12,15,0,0,27,0,105,65,0,170,12,120,65,0,197,0,0,0,197
11/22/2012,GSN,MP,AWP,WE,Federal Contract Tower,12,14,0,0,26,0,78,35,0,113,12,92,35,0,139,0,0,0,139
11/23/2012,GSN,MP,AWP,WE,Federal Contract Tower,14,14,0,0,28,0,113,78,0,191,14,127,78,0,219,0,0,0,219
11/24/2012,GSN,MP,AWP,WE,Federal Contract Tower,12,10,1,0,23,0,140,84,0,224,12,150,85,0,247,0,0,0,247
11/25/2012,GSN,MP,AWP,WE,Federal Contract Tower,14,12,3,0,29,0,93,45,0,138,14,105,48,0,167,0,0,0,167
11/26/2012,GSN,MP,AWP,WE,Federal Contract Tower,11,15,1,0,27,0,124,60,0,184,11,139,61,0,211,0,0,0,211
11/27/2012,GSN,MP,AWP,WE,Federal Contract Tower,11,10,2,0,23,0,122,55,0,177,11,132,57,0,200,0,0,0,200
11/28/2012,GSN,MP,AWP,WE,Federal Contract Tower,12,15,0,0,27,0,99,44,0,143,12,114,44,0,170,0,0,0,170
11/29/2012,GSN,MP,AWP,WE,Federal Contract Tower,12,12,0,0,24,0,95,25,0,120,12,107,25,0,144,0,0,0,144
11/30/2012,GSN,MP,AWP,WE,Federal Contract Tower,14,15,2,0,31,0,119,24,0,143,14,134,26,0,174,0,0,0,174
12/01/2012,GSN,MP,AWP,WE,Federal Contract Tower,12,13,0,0,25,0,119,68,0,187,12,132,68,0,212,0,0,0,212
12/02/2012,GSN,MP,AWP,WE,Federal Contract Tower,13,13,5,0,31,0,96,44,0,140,13,109,49,0,171,0,0,0,171
12/03/2012,GSN,MP,AWP,WE,Federal Contract Tower,13,14,0,4,31,0,106,46,0,152,13,120,46,4,183,0,0,0,183
12/04/2012,GSN,MP,AWP,WE,Federal Contract Tower,10,13,0,0,23,0,105,46,0,151,10,118,46,0,174,0,0,0,174
12/05/2012,GSN,MP,AWP,WE,Federal Contract Tower,12,12,2,0,26,0,98,33,0,131,12,110,35,0,157,0,0,0,157
12/06/2012,GSN,MP,AWP,WE,Federal Contract Tower,12,14,0,0,26,0,113,40,0,153,12,127,40,0,179,0,0,0,179
12/07/2012,GSN,MP,AWP,WE,Federal Contract Tower,13,15,0,0,28,0,114,42,0,156,13,129,42,0,184,0,0,0,184
12/08/2012,GSN,MP,AWP,WE,Federal Contract Tower,13,9,0,0,22,0,131,65,0,196,13,140,65,0,218,0,0,0,218
12/09/2012,GSN,MP,AWP,WE,Federal Contract Tower,13,12,0,0,25,0,100,40,2,142,13,112,40,2,167,4,0,4,171
12/10/2012,GSN,MP,AWP,WE,Federal Contract Tower,13,15,0,0,28,0,107,50,2,159,13,122,50,2,187,0,0,0,187
12/11/2012,GSN,MP,AWP,WE,Federal Contract Tower,10,10,1,0,21,0,112,73,8,193,10,122,74,8,214,0,0,0,214
12/12/2012,GSN,MP,AWP,WE,Federal Contract Tower,12,17,1,0,30,0,107,27,0,134,12,124,28,0,164,0,0,0,164
12/13/2012,GSN,MP,AWP,WE,Federal Contract Tower,13,14,3,0,30,0,100,35,1,136,13,114,38,1,166,0,0,0,166
12/14/2012,GSN,MP,AWP,WE,Federal Contract Tower,14,12,1,0,27,0,111,25,2,138,14,123,26,2,165,0,0,0,165
12/15/2012,GSN,MP,AWP,WE,Federal Contract Tower,12,15,2,0,29,0,111,107,0,218,12,126,109,0,247,0,0,0,247
12/16/2012,GSN,MP,AWP,WE,Federal Contract Tower,12,14,1,0,27,0,121,56,0,177,12,135,57,0,204,0,0,0,204
12/17/2012,GSN,MP,AWP,WE,Federal Contract Tower,12,14,1,0,27,0,117,46,0,163,12,131,47,0,190,0,0,0,190
12/18/2012,GSN,MP,AWP,WE,Federal Contract Tower,10,12,1,0,23,0,126,59,0,185,10,138,60,0,208,0,0,0,208
12/19/2012,GSN,MP,AWP,WE,Federal Contract Tower,12,13,0,0,25,0,137,48,2,187,12,150,48,2,212,0,0,0,212
12/20/2012,GSN,MP,AWP,WE,Federal Contract Tower,12,15,0,0,27,0,95,30,0,125,12,110,30,0,152,0,0,0,152
12/21/2012,GSN,MP,AWP,WE,Federal Contract Tower,12,11,0,0,23,0,108,46,0,154,12,119,46,0,177,0,0,0,177
12/22/2012,GSN,MP,AWP,WE,Federal Contract Tower,16,15,0,0,31,0,129,66,0,195,16,144,66,0,226,0,0,0,226
12/23/2012,GSN,MP,AWP,WE,Federal Contract Tower,16,12,1,0,29,0,90,34,0,124,16,102,35,0,153,0,0,0,153
12/24/2012,GSN,MP,AWP,WE,Federal Contract Tower,16,13,2,0,31,0,116,60,0,176,16,129,62,0,207,0,0,0,207
12/25/2012,GSN,MP,AWP,WE,Federal Contract Tower,14,10,0,0,24,0,94,43,0,137,14,104,43,0,161,0,0,0,161
12/26/2012,GSN,MP,AWP,WE,Federal Contract Tower,16,11,4,0,31,0,131,62,0,193,16,142,66,0,224,0,0,0,224
12/27/2012,GSN,MP,AWP,WE,Federal Contract Tower,16,13,1,0,30,0,98,36,0,134,16,111,37,0,164,0,0,0,164
12/28/2012,GSN,MP,AWP,WE,Federal Contract Tower,18,13,3,0,34,0,133,53,0,186,18,146,56,0,220,0,0,0,220
12/29/2012,GSN,MP,AWP,WE,Federal Contract Tower,16,12,2,0,30,0,168,121,0,289,16,180,123,0,319,0,0,0,319
12/30/2012,GSN,MP,AWP,WE,Federal Contract Tower,21,11,0,0,32,0,169,69,0,238,21,180,69,0,270,0,0,0,270
12/31/2012,GSN,MP,AWP,WE,Federal Contract Tower,17,14,0,0,31,0,122,70,0,192,17,136,70,0,223,0,0,0,223
01/01/2013,GSN,MP,AWP,WE,Federal Contract Tower,17,10,2,0,29,0,166,108,0,274,17,176,110,0,303,0,0,0,303
01/02/2013,GSN,MP,AWP,WE,Federal Contract Tower,19,12,0,0,31,0,123,69,0,192,19,135,69,0,223,0,0,0,223
01/03/2013,GSN,MP,AWP,WE,Federal Contract Tower,17,12,2,0,31,0,127,69,0,196,17,139,71,0,227,0,0,0,227
01/04/2013,GSN,MP,AWP,WE,Federal Contract Tower,21,14,1,0,36,0,105,81,0,186,21,119,82,0,222,0,0,0,222
01/05/2013,GSN,MP,AWP,WE,Federal Contract Tower,16,12,0,0,28,0,134,51,0,185,16,146,51,0,213,0,0,0,213
01/06/2013,GSN,MP,AWP,WE,Federal Contract Tower,19,12,0,0,31,0,93,24,0,117,19,105,24,0,148,0,0,0,148
01/07/2013,GSN,MP,AWP,WE,Federal Contract Tower,14,12,2,0,28,0,97,30,0,127,14,109,32,0,155,0,0,0,155
01/08/2013,GSN,MP,AWP,WE,Federal Contract Tower,12,12,4,0,28,0,142,73,0,215,12,154,77,0,243,0,0,0,243
01/09/2013,GSN,MP,AWP,WE,Federal Contract Tower,14,9,2,0,25,0,107,50,2,159,14,116,52,2,184,0,0,0,184
01/10/2013,GSN,MP,AWP,WE,Federal Contract Tower,16,12,3,0,31,0,113,81,0,194,16,125,84,0,225,0,0,0,225
01/11/2013,GSN,MP,AWP,WE,Federal Contract Tower,18,14,1,0,33,0,108,47,0,155,18,122,48,0,188,0,0,0,188
01/12/2013,GSN,MP,AWP,WE,Federal Contract Tower,14,10,0,0,24,0,150,77,0,227,14,160,77,0,251,0,0,0,251
01/13/2013,GSN,MP,AWP,WE,Federal Contract Tower,17,12,0,0,29,0,107,44,0,151,17,119,44,0,180,0,0,0,180
01/14/2013,GSN,MP,AWP,WE,Federal Contract Tower,19,13,2,0,34,0,125,41,0,166,19,138,43,0,200,0,0,0,200
01/15/2013,GSN,MP,AWP,WE,Federal Contract Tower,12,9,5,0,26,0,129,73,0,202,12,138,78,0,228,0,0,0,228
01/16/2013,GSN,MP,AWP,WE,Federal Contract Tower,13,11,0,0,24,0,95,63,0,158,13,106,63,0,182,0,0,0,182
01/17/2013,GSN,MP,AWP,WE,Federal Contract Tower,14,14,1,0,29,0,125,40,0,165,14,139,41,0,194,0,0,0,194
01/18/2013,GSN,MP,AWP,WE,Federal Contract Tower,22,13,2,0,37,0,99,35,0,134,22,112,37,0,171,0,0,0,171
01/19/2013,GSN,MP,AWP,WE,Federal Contract Tower,16,10,0,0,26,0,138,74,0,212,16,148,74,0,238,0,0,0,238
01/20/2013,GSN,MP,AWP,WE,Federal Contract Tower,18,11,4,0,33,0,111,37,0,148,18,122,41,0,181,0,0,0,181
01/21/2013,GSN,MP,AWP,WE,Federal Contract Tower,18,15,0,0,33,0,113,59,0,172,18,128,59,0,205,0,0,0,205
01/22/2013,GSN,MP,AWP,WE,Federal Contract Tower,12,11,3,1,27,0,121,68,2,191,12,132,71,3,218,0,0,0,218
01/23/2013,GSN,MP,AWP,WE,Federal Contract Tower,12,13,0,0,25,0,97,34,0,131,12,110,34,0,156,0,0,0,156
01/24/2013,GSN,MP,AWP,WE,Federal Contract Tower,16,11,4,0,31,0,101,60,0,161,16,112,64,0,192,0,0,0,192
01/25/2013,GSN,MP,AWP,WE,Federal Contract Tower,18,17,1,0,36,0,91,42,0,133,18,108,43,0,169,0,0,0,169
01/26/2013,GSN,MP,AWP,WE,Federal Contract Tower,14,11,0,0,25,0,137,78,0,215,14,148,78,0,240,0,0,0,240
01/27/2013,GSN,MP,AWP,WE,Federal Contract Tower,16,12,0,0,28,0,116,56,0,172,16,128,56,0,200,0,0,0,200
01/28/2013,GSN,MP,AWP,WE,Federal Contract Tower,17,15,0,0,32,0,131,50,0,181,17,146,50,0,213,0,0,0,213
01/29/2013,GSN,MP,AWP,WE,Federal Contract Tower,12,13,1,0,26,0,126,58,0,184,12,139,59,0,210,0,0,0,210
01/30/2013,GSN,MP,AWP,WE,Federal Contract Tower,12,12,3,24,51,0,105,53,0,158,12,117,56,24,209,0,0,0,209
01/31/2013,GSN,MP,AWP,WE,Federal Contract Tower,15,11,3,18,47,0,116,40,2,158,15,127,43,20,205,0,0,0,205
02/01/2013,GSN,MP,AWP,WE,Federal Contract Tower,19,13,2,8,42,0,111,47,0,158,19,124,49,8,200,0,0,0,200
02/02/2013,GSN,MP,AWP,WE,Federal Contract Tower,15,11,0,0,26,0,151,92,0,243,15,162,92,0,269,0,0,0,269
02/03/2013,GSN,MP,AWP,WE,Federal Contract Tower,16,16,0,0,32,0,87,54,0,141,16,103,54,0,173,0,0,0,173
02/04/2013,GSN,MP,AWP,WE,Federal Contract Tower,19,11,0,0,30,0,114,50,4,168,19,125,50,4,198,0,0,0,198
02/05/2013,GSN,MP,AWP,WE,Federal Contract Tower,13,10,2,0,25,0,127,75,2,204,13,137,77,2,229,4,0,4,233
02/06/2013,GSN,MP,AWP,WE,Federal Contract Tower,13,11,3,1,28,0,126,53,5,184,13,137,56,6,212,0,0,0,212
02/07/2013,GSN,MP,AWP,WE,Federal Contract Tower,14,13,3,1,31,0,101,43,3,147,14,114,46,4,178,0,0,0,178
02/08/2013,GSN,MP,AWP,WE,Federal Contract Tower,20,14,0,1,35,0,146,57,3,206,20,160,57,4,241,0,0,0,241
02/09/2013,GSN,MP,AWP,WE,Federal Contract Tower,14,11,0,0,25,0,127,97,0,224,14,138,97,0,249,1,0,1,250
02/10/2013,GSN,MP,AWP,WE,Federal Contract Tower,17,12,3,0,32,0,119,71,0,190,17,131,74,0,222,0,0,0,222
02/11/2013,GSN,MP,AWP,WE,Federal Contract Tower,17,12,0,2,31,0,132,57,2,191,17,144,57,4,222,0,0,0,222
02/12/2013,GSN,MP,AWP,WE,Federal Contract Tower,13,10,3,0,26,0,111,78,0,189,13,121,81,0,215,0,0,0,215
02/13/2013,GSN,MP,AWP,WE,Federal Contract Tower,13,14,2,0,29,0,119,93,0,212,13,133,95,0,241,0,0,0,241
02/14/2013,GSN,MP,AWP,WE,Federal Contract Tower,15,13,1,0,29,0,150,69,0,219,15,163,70,0,248,0,0,0,248
02/15/2013,GSN,MP,AWP,WE,Federal Contract Tower,19,14,4,2,39,0,179,78,0,257,19,193,82,2,296,0,0,0,296
02/16/2013,GSN,MP,AWP,WE,Federal Contract Tower,14,12,4,0,30,0,178,75,0,253,14,190,79,0,283,0,0,0,283
02/17/2013,GSN,MP,AWP,WE,Federal Contract Tower,17,12,0,0,29,0,174,63,0,237,17,186,63,0,266,0,0,0,266
02/18/2013,GSN,MP,AWP,WE,Federal Contract Tower,17,14,0,0,31,0,130,58,2,190,17,144,58,2,221,0,0,0,221
02/19/2013,GSN,MP,AWP,WE,Federal Contract Tower,12,10,1,0,23,0,147,85,0,232,12,157,86,0,255,0,0,0,255
02/20/2013,GSN,MP,AWP,WE,Federal Contract Tower,13,12,2,0,27,0,114,73,0,187,13,126,75,0,214,0,0,0,214
02/21/2013,GSN,MP,AWP,WE,Federal Contract Tower,16,12,2,1,31,0,116,61,1,178,16,128,63,2,209,0,0,0,209
02/22/2013,GSN,MP,AWP,WE,Federal Contract Tower,18,12,2,0,32,0,134,65,0,199,18,146,67,0,231,0,0,0,231
02/23/2013,GSN,MP,AWP,WE,Federal Contract Tower,15,11,0,0,26,0,123,75,0,198,15,134,75,0,224,0,0,0,224
02/24/2013,GSN,MP,AWP,WE,Federal Contract Tower,16,12,0,0,28,0,117,42,0,159,16,129,42,0,187,0,0,0,187
02/25/2013,GSN,MP,AWP,WE,Federal Contract Tower,19,12,0,0,31,0,102,38,0,140,19,114,38,0,171,0,0,0,171
02/26/2013,GSN,MP,AWP,WE,Federal Contract Tower,13,10,0,0,23,0,123,82,2,207,13,133,82,2,230,0,0,0,230
02/27/2013,GSN,MP,AWP,WE,Federal Contract Tower,13,10,1,0,24,0,109,71,6,186,13,119,72,6,210,0,0,0,210
02/28/2013,GSN,MP,AWP,WE,Federal Contract Tower,15,12,2,0,29,0,115,59,0,174,15,127,61,0,203,0,0,0,203
03/01/2013,GSN,MP,AWP,WE,Federal Contract Tower,21,14,0,0,35,0,125,49,4,178,21,139,49,4,213,0,0,0,213
03/02/2013,GSN,MP,AWP,WE,Federal Contract Tower,15,12,2,2,31,0,130,75,0,205,15,142,77,2,236,0,0,0,236
03/03/2013,GSN,MP,AWP,WE,Federal Contract Tower,17,12,2,0,31,0,113,54,3,170,17,125,56,3,201,0,0,0,201
03/04/2013,GSN,MP,AWP,WE,Federal Contract Tower,17,14,2,0,33,0,131,40,9,180,17,145,42,9,213,6,0,6,219
03/05/2013,GSN,MP,AWP,WE,Federal Contract Tower,12,10,1,0,23,0,144,46,11,201,12,154,47,11,224,0,0,0,224
03/06/2013,GSN,MP,AWP,WE,Federal Contract Tower,12,10,0,0,22,0,108,68,18,194,12,118,68,18,216,0,0,0,216
03/07/2013,GSN,MP,AWP,WE,Federal Contract Tower,15,15,0,0,30,0,110,42,10,162,15,125,42,10,192,0,0,0,192
03/08/2013,GSN,MP,AWP,WE,Federal Contract Tower,21,15,4,0,40,0,154,53,9,216,21,169,57,9,256,4,0,4,260
03/09/2013,GSN,MP,AWP,WE,Federal Contract Tower,13,12,0,0,25,0,141,63,3,207,13,153,63,3,232,0,0,0,232
03/10/2013,GSN,MP,AWP,WE,Federal Contract Tower,16,12,1,2,31,0,146,46,0,192,16,158,47,2,223,0,0,0,223
03/11/2013,GSN,MP,AWP,WE,Federal Contract Tower,21,12,0,0,33,0,113,37,0,150,21,125,37,0,183,0,0,0,183
03/12/2013,GSN,MP,AWP,WE,Federal Contract Tower,13,8,1,0,22,0,122,76,0,198,13,130,77,0,220,4,0,4,224
03/13/2013,GSN,MP,AWP,WE,Federal Contract Tower,11,12,1,0,24,0,83,49,0,132,11,95,50,0,156,0,0,0,156
03/14/2013,GSN,MP,AWP,WE,Federal Contract Tower,15,14,2,0,31,0,109,54,0,163,15,123,56,0,194,0,0,0,194
03/15/2013,GSN,MP,AWP,WE,Federal Contract Tower,22,21,0,0,43,0,106,39,0,145,22,127,39,0,188,0,0,0,188
03/16/2013,GSN,MP,AWP,WE,Federal Contract Tower,13,12,6,0,31,0,142,75,0,217,13,154,81,0,248,0,0,0,248
03/17/2013,GSN,MP,AWP,WE,Federal Contract Tower,16,12,5,0,33,0,121,47,0,168,16,133,52,0,201,0,0,0,201
03/18/2013,GSN,MP,AWP,WE,Federal Contract Tower,19,10,1,2,32,0,127,63,0,190,19,137,64,2,222,0,0,0,222
03/19/2013,GSN,MP,AWP,WE,Federal Contract Tower,13,11,1,0,25,0,120,62,2,184,13,131,63,2,209,0,0,0,209
03/20/2013,GSN,MP,AWP,WE,Federal Contract Tower,12,16,1,8,37,0,93,37,0,130,12,109,38,8,167,0,0,0,167
03/21/2013,GSN,MP,AWP,WE,Federal Contract Tower,16,16,0,0,32,0,127,40,0,167,16,143,40,0,199,0,0,0,199
03/22/2013,GSN,MP,AWP,WE,Federal Contract Tower,22,14,1,0,37,0,155,89,0,244,22,169,90,0,281,0,0,0,281
03/23/2013,GSN,MP,AWP,WE,Federal Contract Tower,15,10,0,0,25,0,151,70,0,221,15,161,70,0,246,0,0,0,246
03/24/2013,GSN,MP,AWP,WE,Federal Contract Tower,15,12,1,0,28,0,145,49,0,194,15,157,50,0,222,0,0,0,222
03/25/2013,GSN,MP,AWP,WE,Federal Contract Tower,20,24,0,0,44,0,112,56,0,168,20,136,56,0,212,0,0,0,212
03/26/2013,GSN,MP,AWP,WE,Federal Contract Tower,15,12,0,0,27,0,137,92,0,229,15,149,92,0,256,0,0,0,256
03/27/2013,GSN,MP,AWP,WE,Federal Contract Tower,11,12,3,0,26,0,122,59,0,181,11,134,62,0,207,0,0,0,207
03/28/2013,GSN,MP,AWP,WE,Federal Contract Tower,15,12,2,1,30,0,129,61,2,192,15,141,63,3,222,0,0,0,222
03/29/2013,GSN,MP,AWP,WE,Federal Contract Tower,23,16,2,0,41,0,127,49,0,176,23,143,51,0,217,0,0,0,217
03/30/2013,GSN,MP,AWP,WE,Federal Contract Tower,13,12,0,0,25,0,138,85,0,223,13,150,85,0,248,8,0,8,256
03/31/2013,GSN,MP,AWP,WE,Federal Contract Tower,17,12,0,0,29,0,118,67,0,185,17,130,67,0,214,0,0,0,214
04/01/2013,GSN,MP,AWP,WE,Federal Contract Tower,20,16,0,0,36,0,106,36,0,142,20,122,36,0,178,0,0,0,178
04/02/2013,GSN,MP,AWP,WE,Federal Contract Tower,12,12,0,0,24,0,127,90,0,217,12,139,90,0,241,0,0,0,241
04/03/2013,GSN,MP,AWP,WE,Federal Contract Tower,10,13,0,0,23,0,93,47,2,142,10,106,47,2,165,0,0,0,165
04/04/2013,GSN,MP,AWP,WE,Federal Contract Tower,14,14,0,0,28,0,93,30,0,123,14,107,30,0,151,0,0,0,151
04/05/2013,GSN,MP,AWP,WE,Federal Contract Tower,16,16,7,0,39,0,105,50,0,155,16,121,57,0,194,0,0,0,194
04/06/2013,GSN,MP,AWP,WE,Federal Contract Tower,10,10,5,0,25,0,160,64,0,224,10,170,69,0,249,0,0,0,249
04/07/2013,GSN,MP,AWP,WE,Federal Contract Tower,14,14,5,0,33,0,99,45,0,144,14,113,50,0,177,0,0,0,177
04/08/2013,GSN,MP,AWP,WE,Federal Contract Tower,14,16,2,0,32,0,115,47,0,162,14,131,49,0,194,0,0,0,194
04/09/2013,GSN,MP,AWP,WE,Federal Contract Tower,10,10,0,0,20,0,111,58,0,169,10,121,58,0,189,0,0,0,189
04/10/2013,GSN,MP,AWP,WE,Federal Contract Tower,8,13,0,0,21,0,90,86,0,176,8,103,86,0,197,0,0,0,197
04/11/2013,GSN,MP,AWP,WE,Federal Contract Tower,12,14,1,0,27,0,116,52,0,168,12,130,53,0,195,0,0,0,195
04/12/2013,GSN,MP,AWP,WE,Federal Contract Tower,15,15,6,0,36,0,128,29,0,157,15,143,35,0,193,0,0,0,193
04/13/2013,GSN,MP,AWP,WE,Federal Contract Tower,11,10,5,0,26,0,159,96,0,255,11,169,101,0,281,0,0,0,281
04/14/2013,GSN,MP,AWP,WE,Federal Contract Tower,14,12,0,0,26,0,122,56,0,178,14,134,56,0,204,0,0,0,204
04/15/2013,GSN,MP,AWP,WE,Federal Contract Tower,15,12,0,0,27,0,98,58,0,156,15,110,58,0,183,0,0,0,183
04/16/2013,GSN,MP,AWP,WE,Federal Contract Tower,11,10,0,0,21,0,141,59,0,200,11,151,59,0,221,0,0,0,221
04/17/2013,GSN,MP,AWP,WE,Federal Contract Tower,8,12,0,0,20,0,115,52,0,167,8,127,52,0,187,0,0,0,187
04/18/2013,GSN,MP,AWP,WE,Federal Contract Tower,13,14,1,0,28,0,131,62,0,193,13,145,63,0,221,0,0,0,221
04/19/2013,GSN,MP,AWP,WE,Federal Contract Tower,15,18,0,0,33,0,141,34,0,175,15,159,34,0,208,0,0,0,208
04/20/2013,GSN,MP,AWP,WE,Federal Contract Tower,10,12,1,0,23,0,172,66,0,238,10,184,67,0,261,0,0,0,261
04/21/2013,GSN,MP,AWP,WE,Federal Contract Tower,15,14,2,0,31,0,165,80,0,245,15,179,82,0,276,0,0,0,276
04/22/2013,GSN,MP,AWP,WE,Federal Contract Tower,15,13,1,0,29,0,123,34,0,157,15,136,35,0,186,0,0,0,186
04/23/2013,GSN,MP,AWP,WE,Federal Contract Tower,10,10,0,0,20,0,133,57,0,190,10,143,57,0,210,0,0,0,210
04/24/2013,GSN,MP,AWP,WE,Federal Contract Tower,9,12,6,0,27,0,115,52,0,167,9,127,58,0,194,0,0,0,194
04/25/2013,GSN,MP,AWP,WE,Federal Contract Tower,14,15,2,0,31,0,135,45,0,180,14,150,47,0,211,0,0,0,211
04/26/2013,GSN,MP,AWP,WE,Federal Contract Tower,15,12,0,4,31,0,120,41,5,166,15,132,41,9,197,0,0,0,197
04/27/2013,GSN,MP,AWP,WE,Federal Contract Tower,19,10,0,0,29,0,167,76,0,243,19,177,76,0,272,0,0,0,272
04/28/2013,GSN,MP,AWP,WE,Federal Contract Tower,18,12,0,0,30,0,107,61,0,168,18,119,61,0,198,0,0,0,198
04/29/2013,GSN,MP,AWP,WE,Federal Contract Tower,18,12,4,0,34,0,104,34,0,138,18,116,38,0,172,0,0,0,172
04/30/2013,GSN,MP,AWP,WE,Federal Contract Tower,13,10,2,0,25,0,141,93,0,234,13,151,95,0,259,0,0,0,259
05/01/2013,GSN,MP,AWP,WE,Federal Contract Tower,12,11,2,0,25,0,112,72,0,184,12,123,74,0,209,0,0,0,209
05/02/2013,GSN,MP,AWP,WE,Federal Contract Tower,21,17,1,0,39,0,136,30,0,166,21,153,31,0,205,0,0,0,205
05/03/2013,GSN,MP,AWP,WE,Federal Contract Tower,21,18,6,0,45,0,188,62,0,250,21,206,68,0,295,0,0,0,295
05/04/2013,GSN,MP,AWP,WE,Federal Contract Tower,16,9,2,0,27,0,180,89,0,269,16,189,91,0,296,0,0,0,296
05/05/2013,GSN,MP,AWP,WE,Federal Contract Tower,23,12,2,0,37,0,124,47,0,171,23,136,49,0,208,0,0,0,208
05/06/2013,GSN,MP,AWP,WE,Federal Contract Tower,23,14,2,0,39,0,113,45,0,158,23,127,47,0,197,0,0,0,197
05/07/2013,GSN,MP,AWP,WE,Federal Contract Tower,10,10,0,0,20,0,126,67,0,193,10,136,67,0,213,0,0,0,213
05/08/2013,GSN,MP,AWP,WE,Federal Contract Tower,8,12,1,0,21,0,124,76,0,200,8,136,77,0,221,0,0,0,221
05/09/2013,GSN,MP,AWP,WE,Federal Contract Tower,13,13,7,0,33,0,114,48,0,162,13,127,55,0,195,0,0,0,195
05/10/2013,GSN,MP,AWP,WE,Federal Contract Tower,24,16,5,0,45,0,118,60,0,178,24,134,65,0,223,0,0,0,223
05/11/2013,GSN,MP,AWP,WE,Federal Contract Tower,10,10,0,0,20,0,158,60,0,218,10,168,60,0,238,0,0,0,238
05/12/2013,GSN,MP,AWP,WE,Federal Contract Tower,14,12,0,0,26,0,126,70,0,196,14,138,70,0,222,0,0,0,222
05/13/2013,GSN,MP,AWP,WE,Federal Contract Tower,14,14,0,0,28,0,112,84,0,196,14,126,84,0,224,0,0,0,224
05/14/2013,GSN,MP,AWP,WE,Federal Contract Tower,10,10,1,0,21,0,137,62,0,199,10,147,63,0,220,0,0,0,220
05/15/2013,GSN,MP,AWP,WE,Federal Contract Tower,8,12,0,0,20,0,91,42,0,133,8,103,42,0,153,0,0,0,153
05/16/2013,GSN,MP,AWP,WE,Federal Contract Tower,16,11,0,0,27,0,124,36,4,164,16,135,36,4,191,0,0,0,191
05/17/2013,GSN,MP,AWP,WE,Federal Contract Tower,15,17,0,0,32,0,101,32,0,133,15,118,32,0,165,0,0,0,165
05/18/2013,GSN,MP,AWP,WE,Federal Contract Tower,10,10,0,0,20,0,141,49,0,190,10,151,49,0,210,0,0,0,210
05/19/2013,GSN,MP,AWP,WE,Federal Contract Tower,14,11,0,0,25,0,101,62,0,163,14,112,62,0,188,0,0,0,188
05/20/2013,GSN,MP,AWP,WE,Federal Contract Tower,14,14,1,0,29,0,105,36,0,141,14,119,37,0,170,0,0,0,170
05/21/2013,GSN,MP,AWP,WE,Federal Contract Tower,11,10,3,0,24,0,128,70,12,210,11,138,73,12,234,0,0,0,234
05/22/2013,GSN,MP,AWP,WE,Federal Contract Tower,6,12,2,0,20,0,125,60,0,185,6,137,62,0,205,0,0,0,205
05/23/2013,GSN,MP,AWP,WE,Federal Contract Tower,15,14,1,0,30,0,89,28,0,117,15,103,29,0,147,0,0,0,147
05/24/2013,GSN,MP,AWP,WE,Federal Contract Tower,14,18,0,0,32,0,103,27,0,130,14,121,27,0,162,0,0,0,162
05/25/2013,GSN,MP,AWP,WE,Federal Contract Tower,10,10,0,0,20,0,110,53,0,163,10,120,53,0,183,0,0,0,183
05/26/2013,GSN,MP,AWP,WE,Federal Contract Tower,14,9,0,0,23,0,99,73,0,172,14,108,73,0,195,0,0,0,195
05/27/2013,GSN,MP,AWP,WE,Federal Contract Tower,16,15,0,0,31,0,105,36,0,141,16,120,36,0,172,0,0,0,172
05/28/2013,GSN,MP,AWP,WE,Federal Contract Tower,10,12,1,0,23,0,126,36,0,162,10,138,37,0,185,0,0,0,185
05/29/2013,GSN,MP,AWP,WE,Federal Contract Tower,8,12,2,0,22,0,120,44,0,164,8,132,46,0,186,0,0,0,186
05/30/2013,GSN,MP,AWP,WE,Federal Contract Tower,13,12,2,0,27,0,105,43,0,148,13,117,45,0,175,0,0,0,175
05/31/2013,GSN,MP,AWP,WE,Federal Contract Tower,15,15,0,0,30,0,109,45,0,154,15,124,45,0,184,0,0,0,184
06/01/2013,GSN,MP,AWP,WE,Federal Contract Tower,11,13,0,0,24,0,121,70,0,191,11,134,70,0,215,0,0,0,215
06/02/2013,GSN,MP,AWP,WE,Federal Contract Tower,14,14,0,0,28,0,103,38,0,141,14,117,38,0,169,0,0,0,169
06/03/2013,GSN,MP,AWP,WE,Federal Contract Tower,14,13,1,0,28,0,57,32,0,89,14,70,33,0,117,0,0,0,117
06/04/2013,GSN,MP,AWP,WE,Federal Contract Tower,10,10,2,0,22,0,132,69,0,201,10,142,71,0,223,0,0,0,223
06/05/2013,GSN,MP,AWP,WE,Federal Contract Tower,8,12,2,0,22,0,88,38,0,126,8,100,40,0,148,0,0,0,148
06/06/2013,GSN,MP,AWP,WE,Federal Contract Tower,13,13,2,0,28,0,125,74,0,199,13,138,76,0,227,0,0,0,227
06/07/2013,GSN,MP,AWP,WE,Federal Contract Tower,15,16,3,1,35,0,80,39,0,119,15,96,42,1,154,0,0,0,154
06/08/2013,GSN,MP,AWP,WE,Federal Contract Tower,10,13,0,0,23,0,147,68,6,221,10,160,68,6,244,0,0,0,244
06/09/2013,GSN,MP,AWP,WE,Federal Contract Tower,12,12,0,0,24,0,123,49,0,172,12,135,49,0,196,0,0,0,196
06/10/2013,GSN,MP,AWP,WE,Federal Contract Tower,14,14,0,0,28,0,108,54,0,162,14,122,54,0,190,0,0,0,190
06/11/2013,GSN,MP,AWP,WE,Federal Contract Tower,10,10,4,0,24,0,125,55,4,184,10,135,59,4,208,8,0,8,216
06/12/2013,GSN,MP,AWP,WE,Federal Contract Tower,8,10,3,0,21,0,130,44,0,174,8,140,47,0,195,0,0,0,195
06/13/2013,GSN,MP,AWP,WE,Federal Contract Tower,15,8,4,0,27,0,139,49,0,188,15,147,53,0,215,0,0,0,215
06/14/2013,GSN,MP,AWP,WE,Federal Contract Tower,16,17,2,0,35,0,126,54,0,180,16,143,56,0,215,0,0,0,215
06/15/2013,GSN,MP,AWP,WE,Federal Contract Tower,11,10,0,0,21,0,193,90,0,283,11,203,90,0,304,0,0,0,304
06/16/2013,GSN,MP,AWP,WE,Federal Contract Tower,15,12,0,0,27,0,128,61,0,189,15,140,61,0,216,0,0,0,216
06/17/2013,GSN,MP,AWP,WE,Federal Contract Tower,15,11,4,0,30,0,130,56,3,189,15,141,60,3,219,0,0,0,219
06/18/2013,GSN,MP,AWP,WE,Federal Contract Tower,10,9,3,0,22,0,130,74,0,204,10,139,77,0,226,0,0,0,226
06/19/2013,GSN,MP,AWP,WE,Federal Contract Tower,8,11,3,0,22,0,120,73,0,193,8,131,76,0,215,0,0,0,215
06/20/2013,GSN,MP,AWP,WE,Federal Contract Tower,13,12,2,1,28,0,110,56,0,166,13,122,58,1,194,0,0,0,194
06/21/2013,GSN,MP,AWP,WE,Federal Contract Tower,16,15,3,0,34,0,105,38,0,143,16,120,41,0,177,0,0,0,177
06/22/2013,GSN,MP,AWP,WE,Federal Contract Tower,11,12,3,0,26,0,134,83,0,217,11,146,86,0,243,0,0,0,243
06/23/2013,GSN,MP,AWP,WE,Federal Contract Tower,10,13,2,0,25,0,100,80,0,180,10,113,82,0,205,0,0,0,205
06/24/2013,GSN,MP,AWP,WE,Federal Contract Tower,14,15,5,0,34,0,123,37,0,160,14,138,42,0,194,0,0,0,194
06/25/2013,GSN,MP,AWP,WE,Federal Contract Tower,10,10,4,0,24,0,129,71,0,200,10,139,75,0,224,0,0,0,224
06/26/2013,GSN,MP,AWP,WE,Federal Contract Tower,8,11,2,0,21,0,134,62,2,198,8,145,64,2,219,0,0,0,219
06/27/2013,GSN,MP,AWP,WE,Federal Contract Tower,13,12,4,0,29,0,98,70,0,168,13,110,74,0,197,0,0,0,197
06/28/2013,GSN,MP,AWP,WE,Federal Contract Tower,15,16,4,0,35,0,136,57,0,193,15,152,61,0,228,0,0,0,228
06/29/2013,GSN,MP,AWP,WE,Federal Contract Tower,10,13,0,0,23,0,148,96,0,244,10,161,96,0,267,0,0,0,267
06/30/2013,GSN,MP,AWP,WE,Federal Contract Tower,12,12,1,0,25,0,137,46,0,183,12,149,47,0,208,0,0,0,208
07/01/2013,GSN,MP,AWP,WE,Federal Contract Tower,14,19,1,0,34,0,92,37,22,151,14,111,38,22,185,0,0,0,185
07/02/2013,GSN,MP,AWP,WE,Federal Contract Tower,10,10,3,0,23,0,138,56,0,194,10,148,59,0,217,0,0,0,217
07/03/2013,GSN,MP,AWP,WE,Federal Contract Tower,8,14,4,0,26,0,128,60,0,188,8,142,64,0,214,0,0,0,214
07/04/2013,GSN,MP,AWP,WE,Federal Contract Tower,11,11,2,0,24,0,82,44,0,126,11,93,46,0,150,0,0,0,150
07/05/2013,GSN,MP,AWP,WE,Federal Contract Tower,14,16,2,6,38,0,107,56,0,163,14,123,58,6,201,0,0,0,201
07/06/2013,GSN,MP,AWP,WE,Federal Contract Tower,10,12,4,0,26,0,149,73,2,224,10,161,77,2,250,0,0,0,250
07/07/2013,GSN,MP,AWP,WE,Federal Contract Tower,12,12,0,0,24,0,133,40,0,173,12,145,40,0,197,0,0,0,197
07/08/2013,GSN,MP,AWP,WE,Federal Contract Tower,14,14,4,0,32,0,117,48,0,165,14,131,52,0,197,0,0,0,197
07/09/2013,GSN,MP,AWP,WE,Federal Contract Tower,9,10,3,0,22,0,119,102,0,221,9,129,105,0,243,0,0,0,243
07/10/2013,GSN,MP,AWP,WE,Federal Contract Tower,11,14,0,0,25,0,133,78,0,211,11,147,78,0,236,0,0,0,236
07/11/2013,GSN,MP,AWP,WE,Federal Contract Tower,13,12,2,0,27,0,94,50,4,148,13,106,52,4,175,0,0,0,175
07/12/2013,GSN,MP,AWP,WE,Federal Contract Tower,16,16,1,14,47,0,145,92,0,237,16,161,93,14,284,0,0,0,284
07/13/2013,GSN,MP,AWP,WE,Federal Contract Tower,13,12,2,0,27,0,122,120,17,259,13,134,122,17,286,0,0,0,286
07/14/2013,GSN,MP,AWP,WE,Federal Contract Tower,17,12,0,1,30,0,179,106,6,291,17,191,106,7,321,0,0,0,321
07/15/2013,GSN,MP,AWP,WE,Federal Contract Tower,17,16,3,2,38,0,141,46,5,192,17,157,49,7,230,0,0,0,230
07/16/2013,GSN,MP,AWP,WE,Federal Contract Tower,14,10,6,2,32,0,171,104,6,281,14,181,110,8,313,0,0,0,313
07/17/2013,GSN,MP,AWP,WE,Federal Contract Tower,12,18,2,0,32,0,174,52,5,231,12,192,54,5,263,0,0,0,263
07/18/2013,GSN,MP,AWP,WE,Federal Contract Tower,16,12,8,2,38,0,122,77,9,208,16,134,85,11,246,0,0,0,246
07/19/2013,GSN,MP,AWP,WE,Federal Contract Tower,19,15,3,11,48,0,163,50,15,228,19,178,53,26,276,0,0,0,276
07/20/2013,GSN,MP,AWP,WE,Federal Contract Tower,14,10,0,6,30,0,156,72,9,237,14,166,72,15,267,0,0,0,267
07/21/2013,GSN,MP,AWP,WE,Federal Contract Tower,18,11,1,2,32,0,149,83,4,236,18,160,84,6,268,0,0,0,268
07/22/2013,GSN,MP,AWP,WE,Federal Contract Tower,19,14,5,2,40,0,106,56,2,164,19,120,61,4,204,2,0,2,206
07/23/2013,GSN,MP,AWP,WE,Federal Contract Tower,14,11,4,0,29,0,184,51,0,235,14,195,55,0,264,0,0,0,264
07/24/2013,GSN,MP,AWP,WE,Federal Contract Tower,12,12,5,0,29,0,144,36,3,183,12,156,41,3,212,0,0,0,212
07/25/2013,GSN,MP,AWP,WE,Federal Contract Tower,18,14,3,0,35,0,129,52,0,181,18,143,55,0,216,0,0,0,216
07/26/2013,GSN,MP,AWP,WE,Federal Contract Tower,22,16,2,0,40,0,165,54,0,219,22,181,56,0,259,0,0,0,259
07/27/2013,GSN,MP,AWP,WE,Federal Contract Tower,16,13,3,0,32,0,169,90,0,259,16,182,93,0,291,0,0,0,291
07/28/2013,GSN,MP,AWP,WE,Federal Contract Tower,20,12,0,0,32,0,195,63,1,259,20,207,63,1,291,0,0,0,291
07/29/2013,GSN,MP,AWP,WE,Federal Contract Tower,20,14,8,0,42,0,111,53,5,169,20,125,61,5,211,0,0,0,211
07/30/2013,GSN,MP,AWP,WE,Federal Contract Tower,14,10,7,2,33,0,177,90,0,267,14,187,97,2,300,0,0,0,300
07/31/2013,GSN,MP,AWP,WE,Federal Contract Tower,14,17,0,0,31,0,175,60,0,235,14,192,60,0,266,0,0,0,266
08/01/2013,GSN,MP,AWP,WE,Federal Contract Tower,19,12,3,0,34,0,133,75,1,209,19,145,78,1,243,0,0,0,243
08/02/2013,GSN,MP,AWP,WE,Federal Contract Tower,19,17,6,0,42,0,175,69,0,244,19,192,75,0,286,0,0,0,286
08/03/2013,GSN,MP,AWP,WE,Federal Contract Tower,18,13,4,1,36,0,160,70,0,230,18,173,74,1,266,0,0,0,266
08/04/2013,GSN,MP,AWP,WE,Federal Contract Tower,20,14,0,0,34,0,181,76,0,257,20,195,76,0,291,0,0,0,291
08/05/2013,GSN,MP,AWP,WE,Federal Contract Tower,20,16,0,0,36,0,128,40,0,168,20,144,40,0,204,0,0,0,204
08/06/2013,GSN,MP,AWP,WE,Federal Contract Tower,19,9,1,0,29,0,199,66,0,265,19,208,67,0,294,0,0,0,294
08/07/2013,GSN,MP,AWP,WE,Federal Contract Tower,16,17,6,0,39,0,174,100,0,274,16,191,106,0,313,0,0,0,313
08/08/2013,GSN,MP,AWP,WE,Federal Contract Tower,17,12,2,0,31,0,154,60,0,214,17,166,62,0,245,7,0,7,252
08/09/2013,GSN,MP,AWP,WE,Federal Contract Tower,21,15,4,0,40,0,175,66,0,241,21,190,70,0,281,0,0,0,281
08/10/2013,GSN,MP,AWP,WE,Federal Contract Tower,21,10,5,0,36,0,170,64,0,234,21,180,69,0,270,0,0,0,270
08/11/2013,GSN,MP,AWP,WE,Federal Contract Tower,21,12,1,0,34,0,169,70,0,239,21,181,71,0,273,0,0,0,273
08/12/2013,GSN,MP,AWP,WE,Federal Contract Tower,20,17,4,0,41,0,136,51,1,188,20,153,55,1,229,0,0,0,229
08/13/2013,GSN,MP,AWP,WE,Federal Contract Tower,20,10,7,0,37,0,183,52,0,235,20,193,59,0,272,0,0,0,272
08/14/2013,GSN,MP,AWP,WE,Federal Contract Tower,16,13,4,0,33,0,185,66,0,251,16,198,70,0,284,0,0,0,284
08/15/2013,GSN,MP,AWP,WE,Federal Contract Tower,18,17,6,0,41,0,167,101,0,268,18,184,107,0,309,0,0,0,309
08/16/2013,GSN,MP,AWP,WE,Federal Contract Tower,23,16,5,0,44,0,189,61,0,250,23,205,66,0,294,0,0,0,294
08/17/2013,GSN,MP,AWP,WE,Federal Contract Tower,18,10,4,0,32,0,191,74,0,265,18,201,78,0,297,0,0,0,297
08/18/2013,GSN,MP,AWP,WE,Federal Contract Tower,21,13,0,0,34,0,182,88,0,270,21,195,88,0,304,0,0,0,304
08/19/2013,GSN,MP,AWP,WE,Federal Contract Tower,22,15,7,0,44,0,128,57,0,185,22,143,64,0,229,0,0,0,229
08/20/2013,GSN,MP,AWP,WE,Federal Contract Tower,16,10,8,0,34,0,181,42,0,223,16,191,50,0,257,0,0,0,257
08/21/2013,GSN,MP,AWP,WE,Federal Contract Tower,16,14,9,0,39,0,163,37,0,200,16,177,46,0,239,0,0,0,239
08/22/2013,GSN,MP,AWP,WE,Federal Contract Tower,20,12,7,0,39,0,137,53,10,200,20,149,60,10,239,0,0,0,239
08/23/2013,GSN,MP,AWP,WE,Federal Contract Tower,18,15,3,0,36,0,173,60,0,233,18,188,63,0,269,0,0,0,269
08/24/2013,GSN,MP,AWP,WE,Federal Contract Tower,18,10,4,0,32,0,186,104,0,290,18,196,108,0,322,0,0,0,322
08/25/2013,GSN,MP,AWP,WE,Federal Contract Tower,22,14,2,0,38,0,147,66,0,213,22,161,68,0,251,0,0,0,251
08/26/2013,GSN,MP,AWP,WE,Federal Contract Tower,18,15,3,0,36,0,122,59,0,181,18,137,62,0,217,6,0,6,223
08/27/2013,GSN,MP,AWP,WE,Federal Contract Tower,16,10,2,0,28,0,163,116,0,279,16,173,118,0,307,0,0,0,307
08/28/2013,GSN,MP,AWP,WE,Federal Contract Tower,16,14,9,0,39,0,161,43,0,204,16,175,52,0,243,0,0,0,243
08/29/2013,GSN,MP,AWP,WE,Federal Contract Tower,15,13,5,0,33,0,105,69,0,174,15,118,74,0,207,0,0,0,207
08/30/2013,GSN,MP,AWP,WE,Federal Contract Tower,18,16,5,0,39,0,160,50,0,210,18,176,55,0,249,0,0,0,249
08/31/2013,GSN,MP,AWP,WE,Federal Contract Tower,15,10,4,0,29,0,209,90,4,303,15,219,94,4,332,0,0,0,332
09/01/2013,GSN,MP,AWP,WE,Federal Contract Tower,17,12,0,0,29,0,158,58,0,216,17,170,58,0,245,0,0,0,245
09/02/2013,GSN,MP,AWP,WE,Federal Contract Tower,17,14,4,0,35,0,120,64,0,184,17,134,68,0,219,0,0,0,219
09/03/2013,GSN,MP,AWP,WE,Federal Contract Tower,10,10,6,0,26,0,122,51,0,173,10,132,57,0,199,0,0,0,199
09/04/2013,GSN,MP,AWP,WE,Federal Contract Tower,8,12,5,0,25,0,120,62,0,182,8,132,67,0,207,0,0,0,207
09/05/2013,GSN,MP,AWP,WE,Federal Contract Tower,12,11,5,0,28,0,80,68,0,148,12,91,73,0,176,0,0,0,176
09/06/2013,GSN,MP,AWP,WE,Federal Contract Tower,14,15,2,0,31,0,127,31,0,158,14,142,33,0,189,0,0,0,189
09/07/2013,GSN,MP,AWP,WE,Federal Contract Tower,12,10,2,0,24,0,154,64,0,218,12,164,66,0,242,0,0,0,242
09/08/2013,GSN,MP,AWP,WE,Federal Contract Tower,15,12,3,0,30,0,149,78,0,227,15,161,81,0,257,0,0,0,257
09/09/2013,GSN,MP,AWP,WE,Federal Contract Tower,14,15,4,0,33,0,93,41,0,134,14,108,45,0,167,0,0,0,167
09/10/2013,GSN,MP,AWP,WE,Federal Contract Tower,10,13,2,0,25,0,148,71,0,219,10,161,73,0,244,0,0,0,244
09/11/2013,GSN,MP,AWP,WE,Federal Contract Tower,8,14,6,0,28,0,123,52,0,175,8,137,58,0,203,0,0,0,203
09/12/2013,GSN,MP,AWP,WE,Federal Contract Tower,13,10,6,0,29,0,115,59,0,174,13,125,65,0,203,0,0,0,203
09/13/2013,GSN,MP,AWP,WE,Federal Contract Tower,15,15,8,0,38,0,97,59,0,156,15,112,67,0,194,0,0,0,194
09/14/2013,GSN,MP,AWP,WE,Federal Contract Tower,12,10,4,0,26,0,120,61,0,181,12,130,65,0,207,0,0,0,207
09/15/2013,GSN,MP,AWP,WE,Federal Contract Tower,15,14,1,0,30,0,141,118,0,259,15,155,119,0,289,0,0,0,289
09/16/2013,GSN,MP,AWP,WE,Federal Contract Tower,18,13,4,0,35,0,85,36,0,121,18,98,40,0,156,0,0,0,156
09/17/2013,GSN,MP,AWP,WE,Federal Contract Tower,11,11,4,0,26,0,153,58,0,211,11,164,62,0,237,0,0,0,237
09/18/2013,GSN,MP,AWP,WE,Federal Contract Tower,8,14,6,0,28,0,139,49,0,188,8,153,55,0,216,0,0,0,216
09/19/2013,GSN,MP,AWP,WE,Federal Contract Tower,43,9,5,0,57,0,116,67,0,183,43,125,72,0,240,0,0,0,240
09/20/2013,GSN,MP,AWP,WE,Federal Contract Tower,15,14,9,5,43,0,145,47,1,193,15,159,56,6,236,0,0,0,236
09/21/2013,GSN,MP,AWP,WE,Federal Contract Tower,13,10,5,0,28,0,109,52,0,161,13,119,57,0,189,0,0,0,189
09/22/2013,GSN,MP,AWP,WE,Federal Contract Tower,14,12,2,0,28,0,135,74,1,210,14,147,76,1,238,0,0,0,238
09/23/2013,GSN,MP,AWP,WE,Federal Contract Tower,18,12,5,0,35,0,95,37,0,132,18,107,42,0,167,0,0,0,167
09/24/2013,GSN,MP,AWP,WE,Federal Contract Tower,10,10,5,0,25,0,173,66,0,239,10,183,71,0,264,0,0,0,264
09/25/2013,GSN,MP,AWP,WE,Federal Contract Tower,8,12,6,0,26,0,129,72,0,201,8,141,78,0,227,0,0,0,227
09/26/2013,GSN,MP,AWP,WE,Federal Contract Tower,12,10,8,2,32,0,103,54,2,159,12,113,62,4,191,0,0,0,191
09/27/2013,GSN,MP,AWP,WE,Federal Contract Tower,15,14,8,0,37,0,124,70,0,194,15,138,78,0,231,0,0,0,231
09/28/2013,GSN,MP,AWP,WE,Federal Contract Tower,11,6,3,0,20,0,142,54,0,196,11,148,57,0,216,0,0,0,216
09/29/2013,GSN,MP,AWP,WE,Federal Contract Tower,14,12,0,0,26,0,165,86,0,251,14,177,86,0,277,0,0,0,277
09/30/2013,GSN,MP,AWP,WE,Federal Contract Tower,14,18,1,0,33,0,109,68,2,179,14,127,69,2,212,0,0,0,212
10/01/2013,GSN,MP,AWP,WE,Federal Contract Tower,10,10,2,0,22,0,156,64,0,220,10,166,66,0,242,0,0,0,242
10/02/2013,GSN,MP,AWP,WE,Federal Contract Tower,6,12,5,0,23,0,170,48,0,218,6,182,53,0,241,0,0,0,241
10/03/2013,GSN,MP,AWP,WE,Federal Contract Tower,12,13,8,0,33,0,169,79,0,248,12,182,87,0,281,0,0,0,281
10/04/2013,GSN,MP,AWP,WE,Federal Contract Tower,14,16,6,0,36,0,189,68,0,257,14,205,74,0,293,0,0,0,293
10/05/2013,GSN,MP,AWP,WE,Federal Contract Tower,10,10,5,0,25,0,184,69,0,253,10,194,74,0,278,0,0,0,278
10/06/2013,GSN,MP,AWP,WE,Federal Contract Tower,10,12,1,0,23,0,142,78,12,232,10,154,79,12,255,0,0,0,255
10/07/2013,GSN,MP,AWP,WE,Federal Contract Tower,14,16,5,0,35,0,89,26,0,115,14,105,31,0,150,0,0,0,150
10/08/2013,GSN,MP,AWP,WE,Federal Contract Tower,10,10,5,0,25,0,106,34,0,140,10,116,39,0,165,0,0,0,165
10/09/2013,GSN,MP,AWP,WE,Federal Contract Tower,6,16,3,0,25,0,89,21,0,110,6,105,24,0,135,0,0,0,135
10/10/2013,GSN,MP,AWP,WE,Federal Contract Tower,14,13,4,0,31,0,77,30,0,107,14,90,34,0,138,0,0,0,138
10/11/2013,GSN,MP,AWP,WE,Federal Contract Tower,14,16,7,0,37,0,45,18,0,63,14,61,25,0,100,2,0,2,102
10/12/2013,GSN,MP,AWP,WE,Federal Contract Tower,10,10,8,2,30,0,88,30,0,118,10,98,38,2,148,0,0,0,148
10/13/2013,GSN,MP,AWP,WE,Federal Contract Tower,10,13,0,0,23,0,107,28,0,135,10,120,28,0,158,0,0,0,158
10/14/2013,GSN,MP,AWP,WE,Federal Contract Tower,14,14,8,0,36,0,80,29,0,109,14,94,37,0,145,0,0,0,145
10/15/2013,GSN,MP,AWP,WE,Federal Contract Tower,10,10,9,0,29,0,117,37,0,154,10,127,46,0,183,0,0,0,183
10/16/2013,GSN,MP,AWP,WE,Federal Contract Tower,5,10,7,0,22,0,75,28,0,103,5,85,35,0,125,0,0,0,125
10/17/2013,GSN,MP,AWP,WE,Federal Contract Tower,14,14,3,0,31,0,81,26,0,107,14,95,29,0,138,0,0,0,138
10/18/2013,GSN,MP,AWP,WE,Federal Contract Tower,15,0,0,0,15,0,23,11,0,34,15,23,11,0,49,0,0,0,49
10/19/2013,GSN,MP,AWP,WE,Federal Contract Tower,11,12,3,0,26,0,108,21,0,129,11,120,24,0,155,0,0,0,155
10/20/2013,GSN,MP,AWP,WE,Federal Contract Tower,11,13,0,0,24,0,73,32,0,105,11,86,32,0,129,0,0,0,129
10/21/2013,GSN,MP,AWP,WE,Federal Contract Tower,15,15,7,0,37,0,72,23,0,95,15,87,30,0,132,0,0,0,132
10/22/2013,GSN,MP,AWP,WE,Federal Contract Tower,11,11,6,0,28,0,122,57,0,179,11,133,63,0,207,0,0,0,207
10/23/2013,GSN,MP,AWP,WE,Federal Contract Tower,6,13,4,0,23,0,93,26,0,119,6,106,30,0,142,0,0,0,142
10/24/2013,GSN,MP,AWP,WE,Federal Contract Tower,12,13,3,0,28,0,90,25,0,115,12,103,28,0,143,0,0,0,143
10/25/2013,GSN,MP,AWP,WE,Federal Contract Tower,15,14,5,0,34,0,101,20,0,121,15,115,25,0,155,0,0,0,155
10/26/2013,GSN,MP,AWP,WE,Federal Contract Tower,12,10,6,0,28,0,116,28,0,144,12,126,34,0,172,0,0,0,172
10/27/2013,GSN,MP,AWP,WE,Federal Contract Tower,12,12,0,0,24,0,106,40,0,146,12,118,40,0,170,0,0,0,170
10/28/2013,GSN,MP,AWP,WE,Federal Contract Tower,15,14,4,0,33,0,70,24,0,94,15,84,28,0,127,0,0,0,127
10/29/2013,GSN,MP,AWP,WE,Federal Contract Tower,11,11,5,0,27,0,108,42,2,152,11,119,47,2,179,0,0,0,179
10/30/2013,GSN,MP,AWP,WE,Federal Contract Tower,8,12,8,0,28,0,114,30,0,144,8,126,38,0,172,0,0,0,172
10/31/2013,GSN,MP,AWP,WE,Federal Contract Tower,17,13,5,0,35,0,73,30,0,103,17,86,35,0,138,0,0,0,138
11/01/2013,GSN,MP,AWP,WE,Federal Contract Tower,15,12,7,0,34,0,102,27,2,131,15,114,34,2,165,0,0,0,165
11/02/2013,GSN,MP,AWP,WE,Federal Contract Tower,13,11,4,0,28,0,130,38,4,172,13,141,42,4,200,0,0,0,200
11/03/2013,GSN,MP,AWP,WE,Federal Contract Tower,13,10,0,0,23,0,79,26,0,105,13,89,26,0,128,0,0,0,128
11/04/2013,GSN,MP,AWP,WE,Federal Contract Tower,18,12,6,0,36,0,96,17,3,116,18,108,23,3,152,0,0,0,152
11/05/2013,GSN,MP,AWP,WE,Federal Contract Tower,11,11,7,0,29,0,97,44,0,141,11,108,51,0,170,0,0,0,170
11/06/2013,GSN,MP,AWP,WE,Federal Contract Tower,8,12,4,0,24,0,88,37,0,125,8,100,41,0,149,0,0,0,149
11/07/2013,GSN,MP,AWP,WE,Federal Contract Tower,14,10,4,0,28,0,94,27,0,121,14,104,31,0,149,0,0,0,149
11/08/2013,GSN,MP,AWP,WE,Federal Contract Tower,14,12,3,0,29,0,105,50,0,155,14,117,53,0,184,4,0,4,188
11/09/2013,GSN,MP,AWP,WE,Federal Contract Tower,11,10,4,0,25,0,128,37,0,165,11,138,41,0,190,0,0,0,190
11/10/2013,GSN,MP,AWP,WE,Federal Contract Tower,14,10,2,0,26,0,85,33,0,118,14,95,35,0,144,0,0,0,144
11/11/2013,GSN,MP,AWP,WE,Federal Contract Tower,18,12,7,0,37,0,108,28,0,136,18,120,35,0,173,0,0,0,173
11/12/2013,GSN,MP,AWP,WE,Federal Contract Tower,13,12,4,0,29,0,128,48,0,176,13,140,52,0,205,0,0,0,205
11/13/2013,GSN,MP,AWP,WE,Federal Contract Tower,8,13,3,0,24,0,137,34,0,171,8,150,37,0,195,0,0,0,195
11/14/2013,GSN,MP,AWP,WE,Federal Contract Tower,14,12,8,0,34,0,112,29,0,141,14,124,37,0,175,0,0,0,175
11/15/2013,GSN,MP,AWP,WE,Federal Contract Tower,13,12,7,0,32,0,107,39,0,146,13,119,46,0,178,0,0,0,178
11/16/2013,GSN,MP,AWP,WE,Federal Contract Tower,12,10,4,0,26,0,110,58,0,168,12,120,62,0,194,0,0,0,194
11/17/2013,GSN,MP,AWP,WE,Federal Contract Tower,14,10,1,0,25,0,80,48,0,128,14,90,49,0,153,0,0,0,153
11/18/2013,GSN,MP,AWP,WE,Federal Contract Tower,17,8,6,0,31,0,81,21,0,102,17,89,27,0,133,0,0,0,133
11/19/2013,GSN,MP,AWP,WE,Federal Contract Tower,12,10,7,1,30,0,125,57,0,182,12,135,64,1,212,0,0,0,212
11/20/2013,GSN,MP,AWP,WE,Federal Contract Tower,8,12,7,0,27,0,109,28,0,137,8,121,35,0,164,0,0,0,164
11/21/2013,GSN,MP,AWP,WE,Federal Contract Tower,14,11,3,0,28,0,107,38,0,145,14,118,41,0,173,0,0,0,173
11/22/2013,GSN,MP,AWP,WE,Federal Contract Tower,14,11,6,4,35,0,133,43,3,179,14,144,49,7,214,0,0,0,214
11/23/2013,GSN,MP,AWP,WE,Federal Contract Tower,12,10,5,0,27,0,149,68,0,217,12,159,73,0,244,0,0,0,244
11/24/2013,GSN,MP,AWP,WE,Federal Contract Tower,14,11,0,0,25,0,148,56,2,206,14,159,56,2,231,0,0,0,231
11/25/2013,GSN,MP,AWP,WE,Federal Contract Tower,16,8,5,0,29,0,79,22,0,101,16,87,27,0,130,0,0,0,130
11/26/2013,GSN,MP,AWP,WE,Federal Contract Tower,12,12,10,2,36,0,135,52,2,189,12,147,62,4,225,0,0,0,225
11/27/2013,GSN,MP,AWP,WE,Federal Contract Tower,7,12,11,0,30,0,113,24,2,139,7,125,35,2,169,0,0,0,169
11/28/2013,GSN,MP,AWP,WE,Federal Contract Tower,15,10,3,0,28,0,66,33,0,99,15,76,36,0,127,0,0,0,127
11/29/2013,GSN,MP,AWP,WE,Federal Contract Tower,16,11,3,0,30,0,101,33,0,134,16,112,36,0,164,0,0,0,164
11/30/2013,GSN,MP,AWP,WE,Federal Contract Tower,11,9,4,0,24,0,149,59,0,208,11,158,63,0,232,0,0,0,232
12/01/2013,GSN,MP,AWP,WE,Federal Contract Tower,13,12,0,0,25,0,131,25,0,156,13,143,25,0,181,0,0,0,181
12/02/2013,GSN,MP,AWP,WE,Federal Contract Tower,18,12,5,0,35,0,96,34,0,130,18,108,39,0,165,0,0,0,165
12/03/2013,GSN,MP,AWP,WE,Federal Contract Tower,12,10,3,0,25,0,112,50,3,165,12,122,53,3,190,0,0,0,190
12/04/2013,GSN,MP,AWP,WE,Federal Contract Tower,8,10,8,0,26,0,109,51,2,162,8,119,59,2,188,0,0,0,188
12/05/2013,GSN,MP,AWP,WE,Federal Contract Tower,15,10,6,4,35,0,102,34,4,140,15,112,40,8,175,0,0,0,175
12/06/2013,GSN,MP,AWP,WE,Federal Contract Tower,15,10,7,0,32,0,123,49,0,172,15,133,56,0,204,0,0,0,204
12/07/2013,GSN,MP,AWP,WE,Federal Contract Tower,11,10,2,2,25,0,146,54,9,209,11,156,56,11,234,0,0,0,234
12/08/2013,GSN,MP,AWP,WE,Federal Contract Tower,13,10,0,0,23,0,104,53,0,157,13,114,53,0,180,0,0,0,180
12/09/2013,GSN,MP,AWP,WE,Federal Contract Tower,16,10,7,0,33,0,90,24,0,114,16,100,31,0,147,0,0,0,147
12/10/2013,GSN,MP,AWP,WE,Federal Contract Tower,12,10,8,0,30,0,110,40,7,157,12,120,48,7,187,0,0,0,187
12/11/2013,GSN,MP,AWP,WE,Federal Contract Tower,8,13,6,0,27,0,119,53,6,178,8,132,59,6,205,0,0,0,205
12/12/2013,GSN,MP,AWP,WE,Federal Contract Tower,14,11,5,1,31,0,101,32,7,140,14,112,37,8,171,0,0,0,171
12/13/2013,GSN,MP,AWP,WE,Federal Contract Tower,14,10,5,4,33,0,139,52,0,191,14,149,57,4,224,0,0,0,224
12/14/2013,GSN,MP,AWP,WE,Federal Contract Tower,11,10,3,0,24,0,129,58,0,187,11,139,61,0,211,0,0,0,211
12/15/2013,GSN,MP,AWP,WE,Federal Contract Tower,14,11,1,0,26,0,121,47,0,168,14,132,48,0,194,2,0,2,196
12/16/2013,GSN,MP,AWP,WE,Federal Contract Tower,17,10,4,0,31,0,104,41,0,145,17,114,45,0,176,0,0,0,176
12/17/2013,GSN,MP,AWP,WE,Federal Contract Tower,12,10,4,0,26,0,110,47,0,157,12,120,51,0,183,0,0,0,183
12/18/2013,GSN,MP,AWP,WE,Federal Contract Tower,8,10,7,0,25,0,105,62,0,167,8,115,69,0,192,0,0,0,192
12/19/2013,GSN,MP,AWP,WE,Federal Contract Tower,15,9,7,0,31,0,99,35,0,134,15,108,42,0,165,0,0,0,165
12/20/2013,GSN,MP,AWP,WE,Federal Contract Tower,16,9,4,0,29,0,110,37,0,147,16,119,41,0,176,0,0,0,176
12/21/2013,GSN,MP,AWP,WE,Federal Contract Tower,13,12,5,0,30,0,150,55,0,205,13,162,60,0,235,0,0,0,235
12/22/2013,GSN,MP,AWP,WE,Federal Contract Tower,17,10,1,0,28,0,127,63,0,190,17,137,64,0,218,0,0,0,218
12/23/2013,GSN,MP,AWP,WE,Federal Contract Tower,20,12,4,0,36,0,135,49,0,184,20,147,53,0,220,0,0,0,220
12/24/2013,GSN,MP,AWP,WE,Federal Contract Tower,14,11,10,0,35,0,158,54,0,212,14,169,64,0,247,0,0,0,247
12/25/2013,GSN,MP,AWP,WE,Federal Contract Tower,10,12,3,0,25,0,120,45,0,165,10,132,48,0,190,0,0,0,190
12/26/2013,GSN,MP,AWP,WE,Federal Contract Tower,16,11,4,0,31,0,129,45,0,174,16,140,49,0,205,0,0,0,205
12/27/2013,GSN,MP,AWP,WE,Federal Contract Tower,16,11,6,0,33,0,153,69,0,222,16,164,75,0,255,0,0,0,255
12/28/2013,GSN,MP,AWP,WE,Federal Contract Tower,18,10,5,0,33,0,139,43,0,182,18,149,48,0,215,0,0,0,215
12/29/2013,GSN,MP,AWP,WE,Federal Contract Tower,18,12,0,0,30,0,152,65,0,217,18,164,65,0,247,0,0,0,247
12/30/2013,GSN,MP,AWP,WE,Federal Contract Tower,24,10,4,0,38,0,167,42,0,209,24,177,46,0,247,0,0,0,247
12/31/2013,GSN,MP,AWP,WE,Federal Contract Tower,22,11,7,0,40,0,174,47,0,221,22,185,54,0,261,0,0,0,261
01/01/2014,GSN,MP,AWP,WE,Federal Contract Tower,13,10,2,0,25,0,149,72,0,221,13,159,74,0,246,0,0,0,246
01/02/2014,GSN,MP,AWP,WE,Federal Contract Tower,24,10,4,0,38,0,147,88,0,235,24,157,92,0,273,0,0,0,273
01/03/2014,GSN,MP,AWP,WE,Federal Contract Tower,20,13,1,0,34,0,171,53,0,224,20,184,54,0,258,0,0,0,258
01/04/2014,GSN,MP,AWP,WE,Federal Contract Tower,16,9,2,0,27,0,117,36,0,153,16,126,38,0,180,0,0,0,180
01/05/2014,GSN,MP,AWP,WE,Federal Contract Tower,21,11,0,0,32,0,115,45,0,160,21,126,45,0,192,0,0,0,192
01/06/2014,GSN,MP,AWP,WE,Federal Contract Tower,20,12,8,0,40,0,88,45,0,133,20,100,53,0,173,0,0,0,173
01/07/2014,GSN,MP,AWP,WE,Federal Contract Tower,14,10,6,0,30,0,116,62,0,178,14,126,68,0,208,0,0,0,208
01/08/2014,GSN,MP,AWP,WE,Federal Contract Tower,12,10,4,0,26,0,144,23,2,169,12,154,27,2,195,0,0,0,195
01/09/2014,GSN,MP,AWP,WE,Federal Contract Tower,18,12,6,0,36,0,83,54,0,137,18,95,60,0,173,0,0,0,173
01/10/2014,GSN,MP,AWP,WE,Federal Contract Tower,16,10,4,0,30,0,129,44,0,173,16,139,48,0,203,0,0,0,203
01/11/2014,GSN,MP,AWP,WE,Federal Contract Tower,13,10,4,0,27,0,125,45,0,170,13,135,49,0,197,0,0,0,197
01/12/2014,GSN,MP,AWP,WE,Federal Contract Tower,18,10,2,0,30,0,120,41,0,161,18,130,43,0,191,0,0,0,191
01/13/2014,GSN,MP,AWP,WE,Federal Contract Tower,19,13,2,0,34,0,113,38,0,151,19,126,40,0,185,0,0,0,185
01/14/2014,GSN,MP,AWP,WE,Federal Contract Tower,13,10,3,0,26,0,149,54,0,203,13,159,57,0,229,0,0,0,229
01/15/2014,GSN,MP,AWP,WE,Federal Contract Tower,12,9,4,0,25,0,138,30,0,168,12,147,34,0,193,0,0,0,193
01/16/2014,GSN,MP,AWP,WE,Federal Contract Tower,19,14,5,0,38,0,117,32,0,149,19,131,37,0,187,0,0,0,187
01/17/2014,GSN,MP,AWP,WE,Federal Contract Tower,18,10,5,0,33,0,121,42,0,163,18,131,47,0,196,0,0,0,196
01/18/2014,GSN,MP,AWP,WE,Federal Contract Tower,14,10,4,0,28,0,135,70,0,205,14,145,74,0,233,0,0,0,233
01/19/2014,GSN,MP,AWP,WE,Federal Contract Tower,20,12,0,0,32,0,126,45,0,171,20,138,45,0,203,4,0,4,207
01/20/2014,GSN,MP,AWP,WE,Federal Contract Tower,19,10,4,0,33,0,127,29,0,156,19,137,33,0,189,0,0,0,189
01/21/2014,GSN,MP,AWP,WE,Federal Contract Tower,14,10,4,0,28,0,126,23,0,149,14,136,27,0,177,0,0,0,177
01/22/2014,GSN,MP,AWP,WE,Federal Contract Tower,12,10,7,0,29,0,106,21,0,127,12,116,28,0,156,0,0,0,156
01/23/2014,GSN,MP,AWP,WE,Federal Contract Tower,20,11,10,0,41,0,74,40,1,115,20,85,50,1,156,0,0,0,156
01/24/2014,GSN,MP,AWP,WE,Federal Contract Tower,18,8,3,0,29,0,146,77,0,223,18,154,80,0,252,2,0,2,254
01/25/2014,GSN,MP,AWP,WE,Federal Contract Tower,15,12,4,0,31,0,88,48,0,136,15,100,52,0,167,0,0,0,167
01/26/2014,GSN,MP,AWP,WE,Federal Contract Tower,19,12,0,0,31,0,105,32,0,137,19,117,32,0,168,0,0,0,168
01/27/2014,GSN,MP,AWP,WE,Federal Contract Tower,20,10,4,0,34,0,71,40,0,111,20,81,44,0,145,0,0,0,145
01/28/2014,GSN,MP,AWP,WE,Federal Contract Tower,15,10,3,0,28,0,118,58,0,176,15,128,61,0,204,0,0,0,204
01/29/2014,GSN,MP,AWP,WE,Federal Contract Tower,15,10,2,0,27,0,112,33,0,145,15,122,35,0,172,0,0,0,172
01/30/2014,GSN,MP,AWP,WE,Federal Contract Tower,21,19,2,0,42,0,119,56,0,175,21,138,58,0,217,0,0,0,217
01/31/2014,GSN,MP,AWP,WE,Federal Contract Tower,17,10,0,0,27,0,151,78,0,229,17,161,78,0,256,0,0,0,256
02/01/2014,GSN,MP,AWP,WE,Federal Contract Tower,15,12,0,0,27,0,160,86,0,246,15,172,86,0,273,0,0,0,273
02/02/2014,GSN,MP,AWP,WE,Federal Contract Tower,20,14,1,0,35,0,161,93,0,254,20,175,94,0,289,0,0,0,289
02/03/2014,GSN,MP,AWP,WE,Federal Contract Tower,21,10,6,0,37,0,113,86,0,199,21,123,92,0,236,0,0,0,236
02/04/2014,GSN,MP,AWP,WE,Federal Contract Tower,15,10,4,0,29,0,172,67,0,239,15,182,71,0,268,0,0,0,268
02/05/2014,GSN,MP,AWP,WE,Federal Contract Tower,11,11,5,0,27,0,144,45,0,189,11,155,50,0,216,0,0,0,216
02/06/2014,GSN,MP,AWP,WE,Federal Contract Tower,16,15,6,2,39,0,102,82,0,184,16,117,88,2,223,0,0,0,223
02/07/2014,GSN,MP,AWP,WE,Federal Contract Tower,18,10,2,0,30,0,130,86,0,216,18,140,88,0,246,0,0,0,246
02/08/2014,GSN,MP,AWP,WE,Federal Contract Tower,14,11,5,0,30,0,142,89,0,231,14,153,94,0,261,0,0,0,261
02/09/2014,GSN,MP,AWP,WE,Federal Contract Tower,17,12,3,0,32,0,140,89,0,229,17,152,92,0,261,0,0,0,261
02/10/2014,GSN,MP,AWP,WE,Federal Contract Tower,18,10,2,0,30,0,108,46,0,154,18,118,48,0,184,4,0,4,188
02/11/2014,GSN,MP,AWP,WE,Federal Contract Tower,14,11,3,0,28,0,155,87,0,242,14,166,90,0,270,0,0,0,270
02/12/2014,GSN,MP,AWP,WE,Federal Contract Tower,11,10,2,49,72,0,145,68,0,213,11,155,70,49,285,0,0,0,285
02/13/2014,GSN,MP,AWP,WE,Federal Contract Tower,20,10,8,22,60,0,110,44,0,154,20,120,52,22,214,0,0,0,214
02/14/2014,GSN,MP,AWP,WE,Federal Contract Tower,15,10,6,1,32,0,161,75,1,237,15,171,81,2,269,0,0,0,269
02/15/2014,GSN,MP,AWP,WE,Federal Contract Tower,16,10,4,12,42,0,149,84,0,233,16,159,88,12,275,0,0,0,275
02/16/2014,GSN,MP,AWP,WE,Federal Contract Tower,19,10,0,8,37,0,198,85,0,283,19,208,85,8,320,0,0,0,320
02/17/2014,GSN,MP,AWP,WE,Federal Contract Tower,20,10,7,5,42,0,160,93,23,276,20,170,100,28,318,0,0,0,318
02/18/2014,GSN,MP,AWP,WE,Federal Contract Tower,15,10,5,2,32,0,143,97,14,254,15,153,102,16,286,0,0,0,286
02/19/2014,GSN,MP,AWP,WE,Federal Contract Tower,12,10,4,0,26,0,148,89,8,245,12,158,93,8,271,0,0,0,271
02/20/2014,GSN,MP,AWP,WE,Federal Contract Tower,20,9,3,2,34,0,115,71,0,186,20,124,74,2,220,0,0,0,220
02/21/2014,GSN,MP,AWP,WE,Federal Contract Tower,17,10,3,0,30,0,142,79,0,221,17,152,82,0,251,0,0,0,251
02/22/2014,GSN,MP,AWP,WE,Federal Contract Tower,16,14,0,0,30,0,133,92,0,225,16,147,92,0,255,0,0,0,255
02/23/2014,GSN,MP,AWP,WE,Federal Contract Tower,19,10,3,0,32,0,145,100,0,245,19,155,103,0,277,0,0,0,277
02/24/2014,GSN,MP,AWP,WE,Federal Contract Tower,20,10,4,0,34,0,97,47,18,162,20,107,51,18,196,0,0,0,196
02/25/2014,GSN,MP,AWP,WE,Federal Contract Tower,15,10,8,0,33,0,136,60,10,206,15,146,68,10,239,0,0,0,239
02/26/2014,GSN,MP,AWP,WE,Federal Contract Tower,12,10,4,2,28,0,139,37,0,176,12,149,41,2,204,0,0,0,204
02/27/2014,GSN,MP,AWP,WE,Federal Contract Tower,19,10,7,2,38,0,88,35,0,123,19,98,42,2,161,0,0,0,161
02/28/2014,GSN,MP,AWP,WE,Federal Contract Tower,18,10,5,0,33,0,93,32,0,125,18,103,37,0,158,0,0,0,158
03/01/2014,GSN,MP,AWP,WE,Federal Contract Tower,16,8,4,0,28,0,104,96,0,200,16,112,100,0,228,0,0,0,228
03/02/2014,GSN,MP,AWP,WE,Federal Contract Tower,20,8,0,0,28,0,139,26,0,165,20,147,26,0,193,0,0,0,193
03/03/2014,GSN,MP,AWP,WE,Federal Contract Tower,19,8,4,0,31,0,93,46,0,139,19,101,50,0,170,0,0,0,170
03/04/2014,GSN,MP,AWP,WE,Federal Contract Tower,15,8,4,0,27,0,85,28,0,113,15,93,32,0,140,0,0,0,140
03/05/2014,GSN,MP,AWP,WE,Federal Contract Tower,15,6,4,0,25,0,142,57,0,199,15,148,61,0,224,0,0,0,224
03/06/2014,GSN,MP,AWP,WE,Federal Contract Tower,17,8,5,0,30,0,99,41,0,140,17,107,46,0,170,0,0,0,170
03/07/2014,GSN,MP,AWP,WE,Federal Contract Tower,17,6,5,0,28,0,129,32,0,161,17,135,37,0,189,0,0,0,189
03/08/2014,GSN,MP,AWP,WE,Federal Contract Tower,16,8,6,0,30,0,149,95,0,244,16,157,101,0,274,0,0,0,274
03/09/2014,GSN,MP,AWP,WE,Federal Contract Tower,16,8,0,0,24,0,134,50,0,184,16,142,50,0,208,0,0,0,208
03/10/2014,GSN,MP,AWP,WE,Federal Contract Tower,16,10,5,0,31,0,117,62,0,179,16,127,67,0,210,0,0,0,210
03/11/2014,GSN,MP,AWP,WE,Federal Contract Tower,14,8,4,0,26,0,135,55,0,190,14,143,59,0,216,0,0,0,216
03/12/2014,GSN,MP,AWP,WE,Federal Contract Tower,14,6,2,0,22,0,136,80,0,216,14,142,82,0,238,0,0,0,238
03/13/2014,GSN,MP,AWP,WE,Federal Contract Tower,16,8,5,0,29,0,71,34,0,105,16,79,39,0,134,2,0,2,136
03/14/2014,GSN,MP,AWP,WE,Federal Contract Tower,13,9,4,1,27,0,127,59,0,186,13,136,63,1,213,0,0,0,213
03/15/2014,GSN,MP,AWP,WE,Federal Contract Tower,15,11,3,0,29,0,124,51,0,175,15,135,54,0,204,0,0,0,204
03/16/2014,GSN,MP,AWP,WE,Federal Contract Tower,16,8,0,0,24,0,144,71,0,215,16,152,71,0,239,0,0,0,239
03/17/2014,GSN,MP,AWP,WE,Federal Contract Tower,17,8,2,0,27,0,100,52,0,152,17,108,54,0,179,0,0,0,179
03/18/2014,GSN,MP,AWP,WE,Federal Contract Tower,15,10,0,0,25,0,125,85,0,210,15,135,85,0,235,0,0,0,235
03/19/2014,GSN,MP,AWP,WE,Federal Contract Tower,14,6,5,2,27,0,113,47,0,160,14,119,52,2,187,0,0,0,187
03/20/2014,GSN,MP,AWP,WE,Federal Contract Tower,18,10,8,0,36,0,91,43,0,134,18,101,51,0,170,0,0,0,170
03/21/2014,GSN,MP,AWP,WE,Federal Contract Tower,15,7,5,0,27,0,117,61,0,178,15,124,66,0,205,0,0,0,205
03/22/2014,GSN,MP,AWP,WE,Federal Contract Tower,17,0,4,0,21,0,157,88,0,245,17,157,92,0,266,0,0,0,266
03/23/2014,GSN,MP,AWP,WE,Federal Contract Tower,22,0,0,0,22,0,115,54,0,169,22,115,54,0,191,0,0,0,191
03/24/2014,GSN,MP,AWP,WE,Federal Contract Tower,18,1,1,2,22,0,98,65,0,163,18,99,66,2,185,0,0,0,185
03/25/2014,GSN,MP,AWP,WE,Federal Contract Tower,16,0,2,0,18,0,163,49,0,212,16,163,51,0,230,0,0,0,230
03/26/2014,GSN,MP,AWP,WE,Federal Contract Tower,16,0,5,0,21,0,132,60,0,192,16,132,65,0,213,0,0,0,213
03/27/2014,GSN,MP,AWP,WE,Federal Contract Tower,18,0,3,0,21,0,68,57,0,125,18,68,60,0,146,0,0,0,146
03/28/2014,GSN,MP,AWP,WE,Federal Contract Tower,17,0,1,0,18,0,91,58,0,149,17,91,59,0,167,0,0,0,167
03/29/2014,GSN,MP,AWP,WE,Federal Contract Tower,18,0,2,2,22,0,127,62,2,191,18,127,64,4,213,0,0,0,213
03/30/2014,GSN,MP,AWP,WE,Federal Contract Tower,16,9,0,0,25,0,124,33,0,157,16,133,33,0,182,0,0,0,182
03/31/2014,GSN,MP,AWP,WE,Federal Contract Tower,16,8,6,0,30,0,76,46,0,122,16,84,52,0,152,0,0,0,152
04/01/2014,GSN,MP,AWP,WE,Federal Contract Tower,16,17,0,0,33,0,110,72,0,182,16,127,72,0,215,0,0,0,215
04/02/2014,GSN,MP,AWP,WE,Federal Contract Tower,8,6,2,1,17,0,100,62,3,165,8,106,64,4,182,0,0,0,182
04/03/2014,GSN,MP,AWP,WE,Federal Contract Tower,12,8,2,0,22,0,65,56,0,121,12,73,58,0,143,0,0,0,143
04/04/2014,GSN,MP,AWP,WE,Federal Contract Tower,14,8,5,0,27,0,88,39,0,127,14,96,44,0,154,0,0,0,154
04/05/2014,GSN,MP,AWP,WE,Federal Contract Tower,10,8,4,0,22,0,115,121,0,236,10,123,125,0,258,0,0,0,258
04/06/2014,GSN,MP,AWP,WE,Federal Contract Tower,10,8,0,0,18,0,103,68,0,171,10,111,68,0,189,0,0,0,189
04/07/2014,GSN,MP,AWP,WE,Federal Contract Tower,14,9,2,0,25,0,57,30,0,87,14,66,32,0,112,6,0,6,118
04/08/2014,GSN,MP,AWP,WE,Federal Contract Tower,12,8,3,0,23,0,112,105,0,217,12,120,108,0,240,0,0,0,240
04/09/2014,GSN,MP,AWP,WE,Federal Contract Tower,6,6,2,0,14,0,101,54,0,155,6,107,56,0,169,0,0,0,169
04/10/2014,GSN,MP,AWP,WE,Federal Contract Tower,12,8,5,0,25,0,60,47,0,107,12,68,52,0,132,0,0,0,132
04/11/2014,GSN,MP,AWP,WE,Federal Contract Tower,12,8,2,0,22,0,75,50,0,125,12,83,52,0,147,0,0,0,147
04/12/2014,GSN,MP,AWP,WE,Federal Contract Tower,10,8,5,0,23,0,124,119,0,243,10,132,124,0,266,0,0,0,266
04/13/2014,GSN,MP,AWP,WE,Federal Contract Tower,11,8,0,0,19,0,96,50,0,146,11,104,50,0,165,0,0,0,165
04/14/2014,GSN,MP,AWP,WE,Federal Contract Tower,16,8,4,0,28,0,59,25,0,84,16,67,29,0,112,0,0,0,112
04/15/2014,GSN,MP,AWP,WE,Federal Contract Tower,13,8,1,2,24,0,111,65,5,181,13,119,66,7,205,0,5,5,210
04/16/2014,GSN,MP,AWP,WE,Federal Contract Tower,6,6,4,2,18,0,104,75,0,179,6,110,79,2,197,0,0,0,197
04/17/2014,GSN,MP,AWP,WE,Federal Contract Tower,13,8,1,0,22,0,58,70,0,128,13,66,71,0,150,0,0,0,150
04/18/2014,GSN,MP,AWP,WE,Federal Contract Tower,23,8,2,0,33,0,53,49,0,102,23,61,51,0,135,0,0,0,135
04/19/2014,GSN,MP,AWP,WE,Federal Contract Tower,10,8,0,0,18,0,100,90,0,190,10,108,90,0,208,0,0,0,208
04/20/2014,GSN,MP,AWP,WE,Federal Contract Tower,14,8,0,0,22,0,96,53,2,151,14,104,53,2,173,0,0,0,173
04/21/2014,GSN,MP,AWP,WE,Federal Contract Tower,18,7,3,0,28,0,87,52,0,139,18,94,55,0,167,0,0,0,167
04/22/2014,GSN,MP,AWP,WE,Federal Contract Tower,12,8,5,0,25,0,138,81,4,223,12,146,86,4,248,0,0,0,248
04/23/2014,GSN,MP,AWP,WE,Federal Contract Tower,8,8,5,0,21,0,113,50,4,167,8,121,55,4,188,0,0,0,188
04/24/2014,GSN,MP,AWP,WE,Federal Contract Tower,12,8,2,0,22,0,65,63,0,128,12,73,65,0,150,0,0,0,150
04/25/2014,GSN,MP,AWP,WE,Federal Contract Tower,20,8,5,0,33,0,89,43,0,132,20,97,48,0,165,0,0,0,165
04/26/2014,GSN,MP,AWP,WE,Federal Contract Tower,11,8,6,0,25,0,110,79,0,189,11,118,85,0,214,0,0,0,214
04/27/2014,GSN,MP,AWP,WE,Federal Contract Tower,11,8,4,0,23,0,98,35,0,133,11,106,39,0,156,0,0,0,156
04/28/2014,GSN,MP,AWP,WE,Federal Contract Tower,16,8,7,0,31,0,77,51,0,128,16,85,58,0,159,0,0,0,159
04/29/2014,GSN,MP,AWP,WE,Federal Contract Tower,12,8,4,0,24,0,85,49,0,134,12,93,53,0,158,0,0,0,158
04/30/2014,GSN,MP,AWP,WE,Federal Contract Tower,8,4,3,0,15,0,122,69,2,193,8,126,72,2,208,0,0,0,208
05/01/2014,GSN,MP,AWP,WE,Federal Contract Tower,14,9,5,0,28,0,99,76,0,175,14,108,81,0,203,0,0,0,203
05/02/2014,GSN,MP,AWP,WE,Federal Contract Tower,17,10,3,0,30,0,137,58,0,195,17,147,61,0,225,0,0,0,225
05/03/2014,GSN,MP,AWP,WE,Federal Contract Tower,18,8,5,0,31,0,140,119,0,259,18,148,124,0,290,0,0,0,290
05/04/2014,GSN,MP,AWP,WE,Federal Contract Tower,15,8,0,0,23,0,136,94,0,230,15,144,94,0,253,0,0,0,253
05/05/2014,GSN,MP,AWP,WE,Federal Contract Tower,20,8,5,0,33,0,99,51,0,150,20,107,56,0,183,0,0,0,183
05/06/2014,GSN,MP,AWP,WE,Federal Contract Tower,19,8,3,0,30,0,116,81,0,197,19,124,84,0,227,0,0,0,227
05/07/2014,GSN,MP,AWP,WE,Federal Contract Tower,10,6,4,0,20,0,106,74,0,180,10,112,78,0,200,0,0,0,200
05/08/2014,GSN,MP,AWP,WE,Federal Contract Tower,14,8,5,0,27,0,77,49,0,126,14,85,54,0,153,0,0,0,153
05/09/2014,GSN,MP,AWP,WE,Federal Contract Tower,13,8,3,0,24,0,88,73,0,161,13,96,76,0,185,0,0,0,185
05/10/2014,GSN,MP,AWP,WE,Federal Contract Tower,10,8,2,0,20,0,112,76,0,188,10,120,78,0,208,0,0,0,208
05/11/2014,GSN,MP,AWP,WE,Federal Contract Tower,10,8,1,0,19,0,104,79,0,183,10,112,80,0,202,0,0,0,202
05/12/2014,GSN,MP,AWP,WE,Federal Contract Tower,14,8,3,0,25,0,56,52,0,108,14,64,55,0,133,0,0,0,133
05/13/2014,GSN,MP,AWP,WE,Federal Contract Tower,13,7,7,0,27,0,104,82,0,186,13,111,89,0,213,0,0,0,213
05/14/2014,GSN,MP,AWP,WE,Federal Contract Tower,8,6,5,0,19,0,93,67,0,160,8,99,72,0,179,0,0,0,179
05/15/2014,GSN,MP,AWP,WE,Federal Contract Tower,12,8,6,0,26,0,68,53,0,121,12,76,59,0,147,0,0,0,147
05/16/2014,GSN,MP,AWP,WE,Federal Contract Tower,12,8,1,0,21,0,86,68,0,154,12,94,69,0,175,0,0,0,175
05/17/2014,GSN,MP,AWP,WE,Federal Contract Tower,9,8,5,0,22,0,120,104,0,224,9,128,109,0,246,0,0,0,246
05/18/2014,GSN,MP,AWP,WE,Federal Contract Tower,11,8,1,0,20,0,83,42,0,125,11,91,43,0,145,0,0,0,145
05/19/2014,GSN,MP,AWP,WE,Federal Contract Tower,15,10,4,0,29,0,116,49,0,165,15,126,53,0,194,0,0,0,194
05/20/2014,GSN,MP,AWP,WE,Federal Contract Tower,10,8,3,0,21,0,104,75,0,179,10,112,78,0,200,0,0,0,200
05/21/2014,GSN,MP,AWP,WE,Federal Contract Tower,10,1,6,0,17,0,104,84,0,188,10,105,90,0,205,0,0,0,205
05/22/2014,GSN,MP,AWP,WE,Federal Contract Tower,14,0,3,0,17,0,60,75,0,135,14,60,78,0,152,0,0,0,152
05/23/2014,GSN,MP,AWP,WE,Federal Contract Tower,14,9,2,0,25,0,84,84,0,168,14,93,86,0,193,0,0,0,193
05/24/2014,GSN,MP,AWP,WE,Federal Contract Tower,8,8,6,0,22,0,78,91,0,169,8,86,97,0,191,0,0,0,191
05/25/2014,GSN,MP,AWP,WE,Federal Contract Tower,10,6,0,0,16,0,88,105,0,193,10,94,105,0,209,0,0,0,209
05/26/2014,GSN,MP,AWP,WE,Federal Contract Tower,14,10,7,0,31,0,66,39,0,105,14,76,46,0,136,0,0,0,136
05/27/2014,GSN,MP,AWP,WE,Federal Contract Tower,11,8,3,0,22,0,118,85,0,203,11,126,88,0,225,0,0,0,225
05/28/2014,GSN,MP,AWP,WE,Federal Contract Tower,9,6,4,0,19,0,104,103,0,207,9,110,107,0,226,0,0,0,226
05/29/2014,GSN,MP,AWP,WE,Federal Contract Tower,10,8,2,0,20,0,83,42,0,125,10,91,44,0,145,0,0,0,145
05/30/2014,GSN,MP,AWP,WE,Federal Contract Tower,12,10,4,0,26,0,84,82,0,166,12,94,86,0,192,0,0,0,192
05/31/2014,GSN,MP,AWP,WE,Federal Contract Tower,9,8,4,0,21,0,89,103,0,192,9,97,107,0,213,0,0,0,213
06/01/2014,GSN,MP,AWP,WE,Federal Contract Tower,11,8,0,0,19,0,91,106,0,197,11,99,106,0,216,0,0,0,216
06/02/2014,GSN,MP,AWP,WE,Federal Contract Tower,13,10,6,0,29,0,63,70,0,133,13,73,76,0,162,0,0,0,162
06/03/2014,GSN,MP,AWP,WE,Federal Contract Tower,10,8,2,0,20,0,87,110,0,197,10,95,112,0,217,0,0,0,217
06/04/2014,GSN,MP,AWP,WE,Federal Contract Tower,8,7,4,0,19,0,84,104,0,188,8,91,108,0,207,0,0,0,207
06/05/2014,GSN,MP,AWP,WE,Federal Contract Tower,13,8,1,0,22,0,58,65,0,123,13,66,66,0,145,0,0,0,145
06/06/2014,GSN,MP,AWP,WE,Federal Contract Tower,13,10,2,0,25,0,71,103,0,174,13,81,105,0,199,0,0,0,199
06/07/2014,GSN,MP,AWP,WE,Federal Contract Tower,11,8,4,0,23,0,101,89,0,190,11,109,93,0,213,0,0,0,213
06/08/2014,GSN,MP,AWP,WE,Federal Contract Tower,11,9,0,0,20,0,90,69,0,159,11,99,69,0,179,0,0,0,179
06/09/2014,GSN,MP,AWP,WE,Federal Contract Tower,14,12,6,0,32,0,67,67,0,134,14,79,73,0,166,0,0,0,166
06/10/2014,GSN,MP,AWP,WE,Federal Contract Tower,16,8,1,0,25,0,96,69,0,165,16,104,70,0,190,0,0,0,190
06/11/2014,GSN,MP,AWP,WE,Federal Contract Tower,9,6,4,0,19,0,113,63,0,176,9,119,67,0,195,0,0,0,195
06/12/2014,GSN,MP,AWP,WE,Federal Contract Tower,11,10,1,0,22,0,87,78,0,165,11,97,79,0,187,0,0,0,187
06/13/2014,GSN,MP,AWP,WE,Federal Contract Tower,13,13,5,0,31,0,115,60,0,175,13,128,65,0,206,0,0,0,206
06/14/2014,GSN,MP,AWP,WE,Federal Contract Tower,8,10,5,0,23,0,138,85,0,223,8,148,90,0,246,0,0,0,246
06/15/2014,GSN,MP,AWP,WE,Federal Contract Tower,11,8,0,0,19,0,98,65,0,163,11,106,65,0,182,0,0,0,182
06/16/2014,GSN,MP,AWP,WE,Federal Contract Tower,15,11,4,0,30,0,78,46,0,124,15,89,50,0,154,0,0,0,154
06/17/2014,GSN,MP,AWP,WE,Federal Contract Tower,6,8,8,0,22,0,112,72,0,184,6,120,80,0,206,0,0,0,206
06/18/2014,GSN,MP,AWP,WE,Federal Contract Tower,12,6,2,0,20,0,99,77,0,176,12,105,79,0,196,0,0,0,196
06/19/2014,GSN,MP,AWP,WE,Federal Contract Tower,11,8,2,0,21,0,62,48,2,112,11,70,50,2,133,0,0,0,133
06/20/2014,GSN,MP,AWP,WE,Federal Contract Tower,15,19,1,0,35,0,100,82,0,182,15,119,83,0,217,0,0,0,217
06/21/2014,GSN,MP,AWP,WE,Federal Contract Tower,9,9,3,0,21,0,98,66,2,166,9,107,69,2,187,0,0,0,187
06/22/2014,GSN,MP,AWP,WE,Federal Contract Tower,10,8,0,0,18,0,79,49,0,128,10,87,49,0,146,0,0,0,146
06/23/2014,GSN,MP,AWP,WE,Federal Contract Tower,14,14,6,0,34,0,95,69,0,164,14,109,75,0,198,0,0,0,198
06/24/2014,GSN,MP,AWP,WE,Federal Contract Tower,10,8,2,0,20,0,73,72,0,145,10,81,74,0,165,0,0,0,165
06/25/2014,GSN,MP,AWP,WE,Federal Contract Tower,8,6,5,0,19,0,0,0,0,0,8,6,5,0,19,0,0,0,19
06/26/2014,GSN,MP,AWP,WE,Federal Contract Tower,12,8,4,0,24,0,74,55,0,129,12,82,59,0,153,0,0,0,153
06/27/2014,GSN,MP,AWP,WE,Federal Contract Tower,12,10,4,0,26,0,103,71,0,174,12,113,75,0,200,0,0,0,200
06/28/2014,GSN,MP,AWP,WE,Federal Contract Tower,9,8,4,0,21,0,103,86,0,189,9,111,90,0,210,0,0,0,210
06/29/2014,GSN,MP,AWP,WE,Federal Contract Tower,11,8,2,0,21,0,132,68,0,200,11,140,70,0,221,0,0,0,221
06/30/2014,GSN,MP,AWP,WE,Federal Contract Tower,16,10,8,0,34,0,134,50,0,184,16,144,58,0,218,0,0,0,218
07/01/2014,GSN,MP,AWP,WE,Federal Contract Tower,11,8,2,0,21,0,118,57,6,181,11,126,59,6,202,0,0,0,202
07/02/2014,GSN,MP,AWP,WE,Federal Contract Tower,9,11,1,1,22,0,83,86,4,173,9,94,87,5,195,0,0,0,195
07/03/2014,GSN,MP,AWP,WE,Federal Contract Tower,11,7,8,0,26,0,87,61,0,148,11,94,69,0,174,0,0,0,174
07/04/2014,GSN,MP,AWP,WE,Federal Contract Tower,11,11,1,0,23,0,60,74,0,134,11,71,75,0,157,0,0,0,157
07/05/2014,GSN,MP,AWP,WE,Federal Contract Tower,10,8,6,0,24,0,91,121,0,212,10,99,127,0,236,0,0,0,236
07/06/2014,GSN,MP,AWP,WE,Federal Contract Tower,11,8,0,0,19,0,84,60,0,144,11,92,60,0,163,0,0,0,163
07/07/2014,GSN,MP,AWP,WE,Federal Contract Tower,14,16,3,0,33,0,70,65,0,135,14,86,68,0,168,0,0,0,168
07/08/2014,GSN,MP,AWP,WE,Federal Contract Tower,11,8,2,0,21,0,118,70,0,188,11,126,72,0,209,0,0,0,209
07/09/2014,GSN,MP,AWP,WE,Federal Contract Tower,10,9,1,0,20,0,109,75,0,184,10,118,76,0,204,0,0,0,204
07/10/2014,GSN,MP,AWP,WE,Federal Contract Tower,12,8,6,0,26,0,62,52,0,114,12,70,58,0,140,0,0,0,140
07/11/2014,GSN,MP,AWP,WE,Federal Contract Tower,13,10,2,0,25,0,81,62,0,143,13,91,64,0,168,0,0,0,168
07/12/2014,GSN,MP,AWP,WE,Federal Contract Tower,13,4,0,0,17,0,55,54,0,109,13,59,54,0,126,0,0,0,126
07/13/2014,GSN,MP,AWP,WE,Federal Contract Tower,11,8,0,0,19,0,97,43,0,140,11,105,43,0,159,0,0,0,159
07/14/2014,GSN,MP,AWP,WE,Federal Contract Tower,16,14,4,0,34,0,53,31,0,84,16,67,35,0,118,0,0,0,118
07/15/2014,GSN,MP,AWP,WE,Federal Contract Tower,11,8,3,0,22,0,101,81,0,182,11,109,84,0,204,0,0,0,204
07/16/2014,GSN,MP,AWP,WE,Federal Contract Tower,8,6,7,0,21,0,80,68,0,148,8,86,75,0,169,0,0,0,169
07/17/2014,GSN,MP,AWP,WE,Federal Contract Tower,14,8,2,0,24,0,55,35,0,90,14,63,37,0,114,0,0,0,114
07/18/2014,GSN,MP,AWP,WE,Federal Contract Tower,12,10,9,2,33,0,71,32,0,103,12,81,41,2,136,0,0,0,136
07/19/2014,GSN,MP,AWP,WE,Federal Contract Tower,11,9,2,0,22,0,101,97,0,198,11,110,99,0,220,0,0,0,220
07/20/2014,GSN,MP,AWP,WE,Federal Contract Tower,14,8,1,0,23,0,79,44,0,123,14,87,45,0,146,0,0,0,146
07/21/2014,GSN,MP,AWP,WE,Federal Contract Tower,16,13,5,1,35,0,95,71,0,166,16,108,76,1,201,0,0,0,201
07/22/2014,GSN,MP,AWP,WE,Federal Contract Tower,13,8,6,0,27,0,103,63,0,166,13,111,69,0,193,0,0,0,193
07/23/2014,GSN,MP,AWP,WE,Federal Contract Tower,9,9,3,0,21,0,76,58,0,134,9,85,61,0,155,0,0,0,155
07/24/2014,GSN,MP,AWP,WE,Federal Contract Tower,15,5,5,0,25,0,80,56,0,136,15,85,61,0,161,0,0,0,161
07/25/2014,GSN,MP,AWP,WE,Federal Contract Tower,15,3,2,0,20,0,91,69,0,160,15,94,71,0,180,0,0,0,180
07/26/2014,GSN,MP,AWP,WE,Federal Contract Tower,15,2,2,0,19,0,96,57,0,153,15,98,59,0,172,0,0,0,172
07/27/2014,GSN,MP,AWP,WE,Federal Contract Tower,19,2,0,0,21,0,88,60,0,148,19,90,60,0,169,0,0,0,169
07/28/2014,GSN,MP,AWP,WE,Federal Contract Tower,21,5,0,0,26,0,58,91,0,149,21,63,91,0,175,0,0,0,175
07/29/2014,GSN,MP,AWP,WE,Federal Contract Tower,18,0,7,0,25,0,78,91,0,169,18,78,98,0,194,0,0,0,194
07/30/2014,GSN,MP,AWP,WE,Federal Contract Tower,9,0,0,0,9,0,51,10,0,61,9,51,10,0,70,0,0,0,70
07/31/2014,GSN,MP,AWP,WE,Federal Contract Tower,18,0,10,0,28,0,73,64,2,139,18,73,74,2,167,0,0,0,167
08/01/2014,GSN,MP,AWP,WE,Federal Contract Tower,14,0,3,0,17,0,85,93,0,178,14,85,96,0,195,0,0,0,195
08/02/2014,GSN,MP,AWP,WE,Federal Contract Tower,16,1,0,0,17,0,119,74,0,193,16,120,74,0,210,0,0,0,210
08/03/2014,GSN,MP,AWP,WE,Federal Contract Tower,12,0,0,0,12,0,85,57,0,142,12,85,57,0,154,0,0,0,154
08/04/2014,GSN,MP,AWP,WE,Federal Contract Tower,18,1,6,0,25,0,62,62,4,128,18,63,68,4,153,0,0,0,153
08/05/2014,GSN,MP,AWP,WE,Federal Contract Tower,18,0,4,0,22,0,84,99,0,183,18,84,103,0,205,0,0,0,205
08/06/2014,GSN,MP,AWP,WE,Federal Contract Tower,11,0,3,0,14,0,94,54,0,148,11,94,57,0,162,0,0,0,162
08/07/2014,GSN,MP,AWP,WE,Federal Contract Tower,18,0,3,0,21,0,71,89,0,160,18,71,92,0,181,0,0,0,181
08/08/2014,GSN,MP,AWP,WE,Federal Contract Tower,15,0,1,1,17,0,95,66,0,161,15,95,67,1,178,0,0,0,178
08/09/2014,GSN,MP,AWP,WE,Federal Contract Tower,17,2,2,0,21,0,91,73,0,164,17,93,75,0,185,0,0,0,185
08/10/2014,GSN,MP,AWP,WE,Federal Contract Tower,19,1,0,1,21,0,64,50,0,114,19,65,50,1,135,0,0,0,135
08/11/2014,GSN,MP,AWP,WE,Federal Contract Tower,16,13,2,0,31,0,60,34,0,94,16,73,36,0,125,0,0,0,125
08/12/2014,GSN,MP,AWP,WE,Federal Contract Tower,16,4,2,0,22,0,67,60,0,127,16,71,62,0,149,0,0,0,149
08/13/2014,GSN,MP,AWP,WE,Federal Contract Tower,16,1,4,0,21,0,81,47,0,128,16,82,51,0,149,0,0,0,149
08/14/2014,GSN,MP,AWP,WE,Federal Contract Tower,20,8,6,0,34,0,63,55,0,118,20,71,61,0,152,0,0,0,152
08/15/2014,GSN,MP,AWP,WE,Federal Contract Tower,18,10,8,0,36,0,83,48,0,131,18,93,56,0,167,0,0,0,167
08/16/2014,GSN,MP,AWP,WE,Federal Contract Tower,19,8,7,0,34,0,103,91,0,194,19,111,98,0,228,0,0,0,228
08/17/2014,GSN,MP,AWP,WE,Federal Contract Tower,21,9,2,1,33,0,80,38,0,118,21,89,40,1,151,0,0,0,151
08/18/2014,GSN,MP,AWP,WE,Federal Contract Tower,18,12,4,1,35,0,48,81,2,131,18,60,85,3,166,0,0,0,166
08/19/2014,GSN,MP,AWP,WE,Federal Contract Tower,20,9,7,0,36,0,83,90,0,173,20,92,97,0,209,0,0,0,209
08/20/2014,GSN,MP,AWP,WE,Federal Contract Tower,10,6,5,0,21,0,102,78,0,180,10,108,83,0,201,0,0,0,201
08/21/2014,GSN,MP,AWP,WE,Federal Contract Tower,16,8,4,0,28,0,74,112,0,186,16,82,116,0,214,0,0,0,214
08/22/2014,GSN,MP,AWP,WE,Federal Contract Tower,16,10,5,0,31,0,70,108,0,178,16,80,113,0,209,0,0,0,209
08/23/2014,GSN,MP,AWP,WE,Federal Contract Tower,16,11,6,0,33,0,104,97,0,201,16,115,103,0,234,0,0,0,234
08/24/2014,GSN,MP,AWP,WE,Federal Contract Tower,18,8,1,0,27,0,69,51,0,120,18,77,52,0,147,0,0,0,147
08/25/2014,GSN,MP,AWP,WE,Federal Contract Tower,19,12,8,0,39,0,72,66,0,138,19,84,74,0,177,0,0,0,177
08/26/2014,GSN,MP,AWP,WE,Federal Contract Tower,15,11,6,0,32,0,66,82,0,148,15,77,88,0,180,0,0,0,180
08/27/2014,GSN,MP,AWP,WE,Federal Contract Tower,28,8,4,0,40,0,88,97,0,185,28,96,101,0,225,0,0,0,225
08/28/2014,GSN,MP,AWP,WE,Federal Contract Tower,16,8,4,0,28,0,80,72,2,154,16,88,76,2,182,0,0,0,182
08/29/2014,GSN,MP,AWP,WE,Federal Contract Tower,10,10,6,0,26,0,89,90,0,179,10,99,96,0,205,0,0,0,205
08/30/2014,GSN,MP,AWP,WE,Federal Contract Tower,14,8,6,0,28,0,90,94,0,184,14,98,100,0,212,0,0,0,212
08/31/2014,GSN,MP,AWP,WE,Federal Contract Tower,14,8,0,0,22,0,93,30,0,123,14,101,30,0,145,0,0,0,145
09/01/2014,GSN,MP,AWP,WE,Federal Contract Tower,12,10,7,0,29,0,63,50,0,113,12,73,57,0,142,0,0,0,142
09/02/2014,GSN,MP,AWP,WE,Federal Contract Tower,13,8,4,0,25,0,96,54,0,150,13,104,58,0,175,0,0,0,175
09/03/2014,GSN,MP,AWP,WE,Federal Contract Tower,8,6,6,0,20,0,72,65,0,137,8,78,71,0,157,0,0,0,157
09/04/2014,GSN,MP,AWP,WE,Federal Contract Tower,14,8,6,0,28,0,74,82,0,156,14,82,88,0,184,0,0,0,184
09/05/2014,GSN,MP,AWP,WE,Federal Contract Tower,11,14,3,0,28,0,86,81,0,167,11,100,84,0,195,0,0,0,195
09/06/2014,GSN,MP,AWP,WE,Federal Contract Tower,10,10,0,1,21,0,87,92,3,182,10,97,92,4,203,0,0,0,203
09/07/2014,GSN,MP,AWP,WE,Federal Contract Tower,14,7,0,0,21,0,77,64,0,141,14,84,64,0,162,0,0,0,162
09/08/2014,GSN,MP,AWP,WE,Federal Contract Tower,13,15,3,0,31,0,64,57,0,121,13,79,60,0,152,0,0,0,152
09/09/2014,GSN,MP,AWP,WE,Federal Contract Tower,10,12,1,0,23,0,63,81,1,145,10,75,82,1,168,0,0,0,168
09/10/2014,GSN,MP,AWP,WE,Federal Contract Tower,8,6,4,0,18,0,58,43,0,101,8,64,47,0,119,0,0,0,119
09/11/2014,GSN,MP,AWP,WE,Federal Contract Tower,15,12,7,0,34,0,76,67,0,143,15,88,74,0,177,0,0,0,177
09/12/2014,GSN,MP,AWP,WE,Federal Contract Tower,13,14,5,0,32,0,66,66,0,132,13,80,71,0,164,0,0,0,164
09/13/2014,GSN,MP,AWP,WE,Federal Contract Tower,10,8,5,0,23,0,84,77,0,161,10,92,82,0,184,0,0,0,184
09/14/2014,GSN,MP,AWP,WE,Federal Contract Tower,14,8,0,0,22,0,52,33,0,85,14,60,33,0,107,0,0,0,107
09/15/2014,GSN,MP,AWP,WE,Federal Contract Tower,13,12,7,0,32,0,72,82,0,154,13,84,89,0,186,0,0,0,186
09/16/2014,GSN,MP,AWP,WE,Federal Contract Tower,13,16,7,0,36,0,67,43,0,110,13,83,50,0,146,0,0,0,146
09/17/2014,GSN,MP,AWP,WE,Federal Contract Tower,8,8,4,0,20,0,87,60,0,147,8,95,64,0,167,0,0,0,167
09/18/2014,GSN,MP,AWP,WE,Federal Contract Tower,15,4,6,0,25,0,84,122,0,206,15,88,128,0,231,0,0,0,231
09/19/2014,GSN,MP,AWP,WE,Federal Contract Tower,17,7,1,0,25,0,97,60,0,157,17,104,61,0,182,0,0,0,182
09/20/2014,GSN,MP,AWP,WE,Federal Contract Tower,14,0,4,4,22,0,93,109,0,202,14,93,113,4,224,0,0,0,224
09/21/2014,GSN,MP,AWP,WE,Federal Contract Tower,16,1,7,1,25,0,115,79,1,195,16,116,86,2,220,0,0,0,220
09/22/2014,GSN,MP,AWP,WE,Federal Contract Tower,12,9,6,0,27,0,66,29,0,95,12,75,35,0,122,0,0,0,122
09/23/2014,GSN,MP,AWP,WE,Federal Contract Tower,11,8,8,0,27,0,87,83,0,170,11,95,91,0,197,0,0,0,197
09/24/2014,GSN,MP,AWP,WE,Federal Contract Tower,9,6,9,0,24,0,89,69,0,158,9,95,78,0,182,0,0,0,182
09/25/2014,GSN,MP,AWP,WE,Federal Contract Tower,14,9,9,0,32,0,77,60,0,137,14,86,69,0,169,0,0,0,169
09/26/2014,GSN,MP,AWP,WE,Federal Contract Tower,12,11,4,0,27,0,83,95,4,182,12,94,99,4,209,0,0,0,209
09/27/2014,GSN,MP,AWP,WE,Federal Contract Tower,10,8,4,1,23,0,98,70,7,175,10,106,74,8,198,0,0,0,198
09/28/2014,GSN,MP,AWP,WE,Federal Contract Tower,14,8,0,1,23,0,66,70,10,146,14,74,70,11,169,0,6,6,175
09/29/2014,GSN,MP,AWP,WE,Federal Contract Tower,12,11,6,0,29,0,99,69,1,169,12,110,75,1,198,0,0,0,198
09/30/2014,GSN,MP,AWP,WE,Federal Contract Tower,10,7,7,0,24,0,77,26,0,103,10,84,33,0,127,0,0,0,127
10/01/2014,GSN,MP,AWP,WE,Federal Contract Tower,8,7,9,0,24,0,48,18,0,66,8,55,27,0,90,0,0,0,90
10/02/2014,GSN,MP,AWP,WE,Federal Contract Tower,16,8,8,0,32,0,67,62,0,129,16,75,70,0,161,0,0,0,161
10/03/2014,GSN,MP,AWP,WE,Federal Contract Tower,14,10,3,2,29,0,90,115,0,205,14,100,118,2,234,0,0,0,234
10/04/2014,GSN,MP,AWP,WE,Federal Contract Tower,14,4,2,0,20,0,98,129,0,227,14,102,131,0,247,0,0,0,247
10/05/2014,GSN,MP,AWP,WE,Federal Contract Tower,15,4,6,0,25,0,79,75,0,154,15,83,81,0,179,0,0,0,179
10/06/2014,GSN,MP,AWP,WE,Federal Contract Tower,8,0,0,0,8,0,8,10,0,18,8,8,10,0,26,0,0,0,26
10/07/2014,GSN,MP,AWP,WE,Federal Contract Tower,14,9,4,2,29,0,73,85,0,158,14,82,89,2,187,0,0,0,187
10/08/2014,GSN,MP,AWP,WE,Federal Contract Tower,10,9,7,4,30,0,57,110,0,167,10,66,117,4,197,0,0,0,197
10/09/2014,GSN,MP,AWP,WE,Federal Contract Tower,16,12,0,0,28,0,75,105,0,180,16,87,105,0,208,0,0,0,208
10/10/2014,GSN,MP,AWP,WE,Federal Contract Tower,14,12,2,0,28,0,87,67,0,154,14,99,69,0,182,0,0,0,182
10/11/2014,GSN,MP,AWP,WE,Federal Contract Tower,12,10,4,0,26,0,75,75,0,150,12,85,79,0,176,0,0,0,176
10/12/2014,GSN,MP,AWP,WE,Federal Contract Tower,14,8,2,0,24,0,88,49,0,137,14,96,51,0,161,0,0,0,161
10/13/2014,GSN,MP,AWP,WE,Federal Contract Tower,14,12,1,0,27,0,68,65,0,133,14,80,66,0,160,0,0,0,160
10/14/2014,GSN,MP,AWP,WE,Federal Contract Tower,10,10,3,2,25,0,87,64,0,151,10,97,67,2,176,0,0,0,176
10/15/2014,GSN,MP,AWP,WE,Federal Contract Tower,4,8,2,0,14,0,95,65,0,160,4,103,67,0,174,0,0,0,174
10/16/2014,GSN,MP,AWP,WE,Federal Contract Tower,10,10,3,2,25,0,89,86,2,177,10,99,89,4,202,0,0,0,202
10/17/2014,GSN,MP,AWP,WE,Federal Contract Tower,10,10,3,0,23,0,106,73,0,179,10,116,76,0,202,0,0,0,202
10/18/2014,GSN,MP,AWP,WE,Federal Contract Tower,8,8,2,0,18,0,87,91,0,178,8,95,93,0,196,0,0,0,196
10/19/2014,GSN,MP,AWP,WE,Federal Contract Tower,8,8,0,0,16,0,91,49,0,140,8,99,49,0,156,0,0,0,156
10/20/2014,GSN,MP,AWP,WE,Federal Contract Tower,10,12,4,0,26,0,59,31,0,90,10,71,35,0,116,0,0,0,116
10/21/2014,GSN,MP,AWP,WE,Federal Contract Tower,10,8,4,0,22,0,115,51,0,166,10,123,55,0,188,0,0,0,188
10/22/2014,GSN,MP,AWP,WE,Federal Contract Tower,9,8,0,0,17,0,101,102,0,203,9,109,102,0,220,0,0,0,220
10/23/2014,GSN,MP,AWP,WE,Federal Contract Tower,18,10,6,0,34,0,73,84,0,157,18,83,90,0,191,0,0,0,191
10/24/2014,GSN,MP,AWP,WE,Federal Contract Tower,15,10,4,0,29,0,76,58,0,134,15,86,62,0,163,0,0,0,163
10/25/2014,GSN,MP,AWP,WE,Federal Contract Tower,12,6,4,0,22,0,98,53,0,151,12,104,57,0,173,0,0,0,173
10/26/2014,GSN,MP,AWP,WE,Federal Contract Tower,15,8,2,0,25,0,84,97,0,181,15,92,99,0,206,0,0,0,206
10/27/2014,GSN,MP,AWP,WE,Federal Contract Tower,15,12,4,0,31,0,79,69,0,148,15,91,73,0,179,0,0,0,179
10/28/2014,GSN,MP,AWP,WE,Federal Contract Tower,12,10,4,0,26,0,95,75,0,170,12,105,79,0,196,0,0,0,196
10/29/2014,GSN,MP,AWP,WE,Federal Contract Tower,9,11,10,0,30,0,93,65,0,158,9,104,75,0,188,0,0,0,188
10/30/2014,GSN,MP,AWP,WE,Federal Contract Tower,15,8,12,0,35,0,67,93,0,160,15,75,105,0,195,0,0,0,195
10/31/2014,GSN,MP,AWP,WE,Federal Contract Tower,14,12,10,0,36,0,61,40,0,101,14,73,50,0,137,0,0,0,137
11/01/2014,GSN,MP,AWP,WE,Federal Contract Tower,13,8,5,0,26,0,77,71,0,148,13,85,76,0,174,0,0,0,174
11/02/2014,GSN,MP,AWP,WE,Federal Contract Tower,13,11,1,0,25,0,72,75,0,147,13,83,76,0,172,0,0,0,172
11/03/2014,GSN,MP,AWP,WE,Federal Contract Tower,14,10,10,0,34,0,40,12,0,52,14,50,22,0,86,0,0,0,86
11/04/2014,GSN,MP,AWP,WE,Federal Contract Tower,10,8,4,0,22,0,79,45,0,124,10,87,49,0,146,0,0,0,146
11/05/2014,GSN,MP,AWP,WE,Federal Contract Tower,8,8,3,0,19,0,75,93,0,168,8,83,96,0,187,0,0,0,187
11/06/2014,GSN,MP,AWP,WE,Federal Contract Tower,16,8,4,0,28,0,66,78,0,144,16,74,82,0,172,0,0,0,172
11/07/2014,GSN,MP,AWP,WE,Federal Contract Tower,15,11,5,0,31,0,90,75,0,165,15,101,80,0,196,0,0,0,196
11/08/2014,GSN,MP,AWP,WE,Federal Contract Tower,14,8,2,0,24,0,91,70,0,161,14,99,72,0,185,0,0,0,185
11/09/2014,GSN,MP,AWP,WE,Federal Contract Tower,15,10,0,0,25,0,80,71,0,151,15,90,71,0,176,0,0,0,176
11/10/2014,GSN,MP,AWP,WE,Federal Contract Tower,17,12,4,0,33,0,103,82,0,185,17,115,86,0,218,0,0,0,218
11/11/2014,GSN,MP,AWP,WE,Federal Contract Tower,13,12,6,0,31,0,105,146,0,251,13,117,152,0,282,0,0,0,282
11/12/2014,GSN,MP,AWP,WE,Federal Contract Tower,9,7,4,0,20,0,80,69,0,149,9,87,73,0,169,0,0,0,169
11/13/2014,GSN,MP,AWP,WE,Federal Contract Tower,17,8,7,0,32,0,75,124,0,199,17,83,131,0,231,0,0,0,231
11/14/2014,GSN,MP,AWP,WE,Federal Contract Tower,15,12,4,0,31,0,88,77,0,165,15,100,81,0,196,0,0,0,196
11/15/2014,GSN,MP,AWP,WE,Federal Contract Tower,13,8,3,0,24,0,87,64,0,151,13,95,67,0,175,0,0,0,175
11/16/2014,GSN,MP,AWP,WE,Federal Contract Tower,13,8,2,0,23,0,94,68,0,162,13,102,70,0,185,0,0,0,185
11/17/2014,GSN,MP,AWP,WE,Federal Contract Tower,16,11,6,0,33,0,64,36,0,100,16,75,42,0,133,0,0,0,133
11/18/2014,GSN,MP,AWP,WE,Federal Contract Tower,12,8,4,0,24,0,84,98,0,182,12,92,102,0,206,0,0,0,206
11/19/2014,GSN,MP,AWP,WE,Federal Contract Tower,9,6,4,0,19,0,82,104,0,186,9,88,108,0,205,0,0,0,205
11/20/2014,GSN,MP,AWP,WE,Federal Contract Tower,16,10,3,0,29,0,75,72,0,147,16,85,75,0,176,0,0,0,176
11/21/2014,GSN,MP,AWP,WE,Federal Contract Tower,15,11,5,0,31,0,91,79,0,170,15,102,84,0,201,0,0,0,201
11/22/2014,GSN,MP,AWP,WE,Federal Contract Tower,13,6,3,0,22,0,103,65,0,168,13,109,68,0,190,0,0,0,190
11/23/2014,GSN,MP,AWP,WE,Federal Contract Tower,14,8,0,1,23,0,83,81,1,165,14,91,81,2,188,0,0,0,188
11/24/2014,GSN,MP,AWP,WE,Federal Contract Tower,13,9,5,0,27,0,98,106,0,204,13,107,111,0,231,0,0,0,231
11/25/2014,GSN,MP,AWP,WE,Federal Contract Tower,14,12,4,0,30,0,90,85,0,175,14,102,89,0,205,0,0,0,205
11/26/2014,GSN,MP,AWP,WE,Federal Contract Tower,9,8,5,0,22,0,105,135,0,240,9,113,140,0,262,0,0,0,262
11/27/2014,GSN,MP,AWP,WE,Federal Contract Tower,16,10,3,0,29,0,86,109,0,195,16,96,112,0,224,0,0,0,224
11/28/2014,GSN,MP,AWP,WE,Federal Contract Tower,16,8,1,0,25,0,82,75,2,159,16,90,76,2,184,0,0,0,184
11/29/2014,GSN,MP,AWP,WE,Federal Contract Tower,14,7,6,0,27,0,75,94,0,169,14,82,100,0,196,0,0,0,196
11/30/2014,GSN,MP,AWP,WE,Federal Contract Tower,13,8,0,0,21,0,93,98,0,191,13,101,98,0,212,0,0,0,212
12/01/2014,GSN,MP,AWP,WE,Federal Contract Tower,15,3,4,0,22,0,65,99,0,164,15,68,103,0,186,0,0,0,186
12/02/2014,GSN,MP,AWP,WE,Federal Contract Tower,12,9,5,0,26,0,76,122,0,198,12,85,127,0,224,0,0,0,224
12/03/2014,GSN,MP,AWP,WE,Federal Contract Tower,11,6,7,1,25,0,100,129,1,230,11,106,136,2,255,0,6,6,261
12/04/2014,GSN,MP,AWP,WE,Federal Contract Tower,17,8,8,0,33,0,54,103,4,161,17,62,111,4,194,0,0,0,194
12/05/2014,GSN,MP,AWP,WE,Federal Contract Tower,14,11,5,0,30,0,97,49,0,146,14,108,54,0,176,0,0,0,176
12/06/2014,GSN,MP,AWP,WE,Federal Contract Tower,16,9,4,2,31,0,105,91,0,196,16,114,95,2,227,0,0,0,227
12/07/2014,GSN,MP,AWP,WE,Federal Contract Tower,16,8,0,0,24,0,89,104,0,193,16,97,104,0,217,0,0,0,217
12/08/2014,GSN,MP,AWP,WE,Federal Contract Tower,14,15,3,0,32,0,55,75,0,130,14,70,78,0,162,0,0,0,162
12/09/2014,GSN,MP,AWP,WE,Federal Contract Tower,12,12,2,0,26,0,97,46,0,143,12,109,48,0,169,0,0,0,169
12/10/2014,GSN,MP,AWP,WE,Federal Contract Tower,10,12,3,4,29,0,77,113,0,190,10,89,116,4,219,0,0,0,219
12/11/2014,GSN,MP,AWP,WE,Federal Contract Tower,16,9,4,3,32,0,112,51,0,163,16,121,55,3,195,0,0,0,195
12/12/2014,GSN,MP,AWP,WE,Federal Contract Tower,15,10,3,4,32,0,105,68,0,173,15,115,71,4,205,0,0,0,205
12/13/2014,GSN,MP,AWP,WE,Federal Contract Tower,16,8,4,0,28,0,97,111,0,208,16,105,115,0,236,0,0,0,236
12/14/2014,GSN,MP,AWP,WE,Federal Contract Tower,15,8,1,0,24,0,71,128,0,199,15,79,129,0,223,0,0,0,223
12/15/2014,GSN,MP,AWP,WE,Federal Contract Tower,14,14,6,0,34,0,69,39,0,108,14,83,45,0,142,0,0,0,142
12/16/2014,GSN,MP,AWP,WE,Federal Contract Tower,10,11,3,0,24,0,104,84,0,188,10,115,87,0,212,0,0,0,212
12/17/2014,GSN,MP,AWP,WE,Federal Contract Tower,10,6,8,0,24,0,98,151,0,249,10,104,159,0,273,0,0,0,273
12/18/2014,GSN,MP,AWP,WE,Federal Contract Tower,19,10,2,0,31,0,86,68,0,154,19,96,70,0,185,0,0,0,185
12/19/2014,GSN,MP,AWP,WE,Federal Contract Tower,16,12,6,0,34,0,112,71,0,183,16,124,77,0,217,0,0,0,217
12/20/2014,GSN,MP,AWP,WE,Federal Contract Tower,6,9,7,0,22,0,77,87,0,164,6,86,94,0,186,0,0,0,186
12/21/2014,GSN,MP,AWP,WE,Federal Contract Tower,16,8,1,0,25,0,74,67,0,141,16,82,68,0,166,0,0,0,166
12/22/2014,GSN,MP,AWP,WE,Federal Contract Tower,13,17,8,0,38,0,86,85,0,171,13,103,93,0,209,0,0,0,209
12/23/2014,GSN,MP,AWP,WE,Federal Contract Tower,13,13,3,0,29,0,129,109,2,240,13,142,112,2,269,0,0,0,269
12/24/2014,GSN,MP,AWP,WE,Federal Contract Tower,10,8,5,0,23,0,107,121,0,228,10,115,126,0,251,0,0,0,251
12/25/2014,GSN,MP,AWP,WE,Federal Contract Tower,17,10,4,0,31,0,59,66,0,125,17,69,70,0,156,0,0,0,156
12/26/2014,GSN,MP,AWP,WE,Federal Contract Tower,13,12,6,0,31,0,100,71,0,171,13,112,77,0,202,0,0,0,202
12/27/2014,GSN,MP,AWP,WE,Federal Contract Tower,16,8,1,0,25,0,102,97,0,199,16,110,98,0,224,0,0,0,224
12/28/2014,GSN,MP,AWP,WE,Federal Contract Tower,21,9,2,0,32,0,81,67,0,148,21,90,69,0,180,0,0,0,180
12/29/2014,GSN,MP,AWP,WE,Federal Contract Tower,15,12,4,0,31,0,84,66,0,150,15,96,70,0,181,0,0,0,181
12/30/2014,GSN,MP,AWP,WE,Federal Contract Tower,18,10,2,0,30,0,131,112,0,243,18,141,114,0,273,0,0,0,273
12/31/2014,GSN,MP,AWP,WE,Federal Contract Tower,18,8,2,0,28,0,97,112,0,209,18,105,114,0,237,0,0,0,237
01/01/2015,GSN,MP,AWP,WE,Federal Contract Tower,21,10,2,0,33,0,101,118,0,219,21,111,120,0,252,0,0,0,252
01/02/2015,GSN,MP,AWP,WE,Federal Contract Tower,19,10,4,0,33,0,86,83,0,169,19,96,87,0,202,0,0,0,202
01/03/2015,GSN,MP,AWP,WE,Federal Contract Tower,23,8,6,0,37,0,83,90,0,173,23,91,96,0,210,0,0,0,210
01/04/2015,GSN,MP,AWP,WE,Federal Contract Tower,18,8,3,0,29,0,0,0,0,0,18,8,3,0,29,0,0,0,29
01/05/2015,GSN,MP,AWP,WE,Federal Contract Tower,13,10,6,0,29,0,70,65,0,135,13,80,71,0,164,0,0,0,164
01/06/2015,GSN,MP,AWP,WE,Federal Contract Tower,13,7,5,0,25,0,69,94,0,163,13,76,99,0,188,0,0,0,188
01/07/2015,GSN,MP,AWP,WE,Federal Contract Tower,10,7,7,0,24,0,76,96,0,172,10,83,103,0,196,0,0,0,196
01/08/2015,GSN,MP,AWP,WE,Federal Contract Tower,18,10,4,0,32,0,70,54,2,126,18,80,58,2,158,0,0,0,158
01/09/2015,GSN,MP,AWP,WE,Federal Contract Tower,13,13,6,2,34,0,65,80,13,158,13,78,86,15,192,0,0,0,192
01/10/2015,GSN,MP,AWP,WE,Federal Contract Tower,14,14,15,2,45,0,88,90,4,182,14,102,105,6,227,0,0,0,227
01/11/2015,GSN,MP,AWP,WE,Federal Contract Tower,18,0,8,2,28,0,90,73,0,163,18,90,81,2,191,0,0,0,191
01/12/2015,GSN,MP,AWP,WE,Federal Contract Tower,13,0,15,0,28,0,71,56,0,127,13,71,71,0,155,0,0,0,155
01/13/2015,GSN,MP,AWP,WE,Federal Contract Tower,13,12,11,0,36,0,74,20,0,94,13,86,31,0,130,0,0,0,130
01/14/2015,GSN,MP,AWP,WE,Federal Contract Tower,11,9,5,4,29,0,112,49,4,165,11,121,54,8,194,0,0,0,194
01/15/2015,GSN,MP,AWP,WE,Federal Contract Tower,20,11,6,0,37,0,77,88,0,165,20,88,94,0,202,0,0,0,202
01/16/2015,GSN,MP,AWP,WE,Federal Contract Tower,11,15,3,0,29,0,87,83,0,170,11,102,86,0,199,0,0,0,199
01/17/2015,GSN,MP,AWP,WE,Federal Contract Tower,16,13,2,0,31,0,85,92,0,177,16,98,94,0,208,0,0,0,208
01/18/2015,GSN,MP,AWP,WE,Federal Contract Tower,17,8,1,0,26,0,58,75,0,133,17,66,76,0,159,0,0,0,159
01/19/2015,GSN,MP,AWP,WE,Federal Contract Tower,13,10,7,0,30,0,93,105,0,198,13,103,112,0,228,0,0,0,228
01/20/2015,GSN,MP,AWP,WE,Federal Contract Tower,12,8,9,0,29,0,72,76,0,148,12,80,85,0,177,0,0,0,177
01/21/2015,GSN,MP,AWP,WE,Federal Contract Tower,11,8,11,0,30,0,82,90,0,172,11,90,101,0,202,0,0,0,202
01/22/2015,GSN,MP,AWP,WE,Federal Contract Tower,19,7,6,0,32,0,62,74,2,138,19,69,80,2,170,0,0,0,170
01/23/2015,GSN,MP,AWP,WE,Federal Contract Tower,15,15,6,0,36,0,84,56,0,140,15,99,62,0,176,0,0,0,176
01/24/2015,GSN,MP,AWP,WE,Federal Contract Tower,17,8,5,0,30,0,102,75,0,177,17,110,80,0,207,0,0,0,207
01/25/2015,GSN,MP,AWP,WE,Federal Contract Tower,16,8,3,0,27,0,74,98,0,172,16,82,101,0,199,0,0,0,199
01/26/2015,GSN,MP,AWP,WE,Federal Contract Tower,16,14,3,0,33,0,63,67,0,130,16,77,70,0,163,0,0,0,163
01/27/2015,GSN,MP,AWP,WE,Federal Contract Tower,15,2,5,1,23,0,109,86,1,196,15,111,91,2,219,0,0,0,219
01/28/2015,GSN,MP,AWP,WE,Federal Contract Tower,12,4,5,0,21,0,94,88,0,182,12,98,93,0,203,0,0,0,203
01/29/2015,GSN,MP,AWP,WE,Federal Contract Tower,18,10,0,0,28,0,105,80,0,185,18,115,80,0,213,0,0,0,213
01/30/2015,GSN,MP,AWP,WE,Federal Contract Tower,12,10,5,0,27,0,94,76,0,170,12,104,81,0,197,0,0,0,197
01/31/2015,GSN,MP,AWP,WE,Federal Contract Tower,16,12,0,0,28,0,117,105,0,222,16,129,105,0,250,0,0,0,250
02/01/2015,GSN,MP,AWP,WE,Federal Contract Tower,16,8,1,0,25,0,79,77,0,156,16,87,78,0,181,0,0,0,181
02/02/2015,GSN,MP,AWP,WE,Federal Contract Tower,14,14,9,0,37,0,56,112,0,168,14,70,121,0,205,0,0,0,205
02/03/2015,GSN,MP,AWP,WE,Federal Contract Tower,12,11,2,0,25,0,82,104,0,186,12,93,106,0,211,0,0,0,211
02/04/2015,GSN,MP,AWP,WE,Federal Contract Tower,10,10,0,0,20,0,106,79,0,185,10,116,79,0,205,0,0,0,205
02/05/2015,GSN,MP,AWP,WE,Federal Contract Tower,18,8,4,0,30,0,70,88,0,158,18,78,92,0,188,0,0,0,188
02/06/2015,GSN,MP,AWP,WE,Federal Contract Tower,14,10,4,0,28,0,88,71,0,159,14,98,75,0,187,0,0,0,187
02/07/2015,GSN,MP,AWP,WE,Federal Contract Tower,15,8,4,0,27,0,99,76,0,175,15,107,80,0,202,0,0,0,202
02/08/2015,GSN,MP,AWP,WE,Federal Contract Tower,19,8,0,2,29,0,84,64,0,148,19,92,64,2,177,0,0,0,177
02/09/2015,GSN,MP,AWP,WE,Federal Contract Tower,13,13,6,0,32,0,69,66,2,137,13,82,72,2,169,0,0,0,169
02/10/2015,GSN,MP,AWP,WE,Federal Contract Tower,12,12,3,0,27,0,101,116,0,217,12,113,119,0,244,0,0,0,244
02/11/2015,GSN,MP,AWP,WE,Federal Contract Tower,11,8,4,11,34,0,107,102,11,220,11,115,106,22,254,0,0,0,254
02/12/2015,GSN,MP,AWP,WE,Federal Contract Tower,20,12,1,22,55,0,94,80,24,198,20,106,81,46,253,0,0,0,253
02/13/2015,GSN,MP,AWP,WE,Federal Contract Tower,14,9,9,0,32,0,133,107,2,242,14,142,116,2,274,0,0,0,274
02/14/2015,GSN,MP,AWP,WE,Federal Contract Tower,16,9,6,6,37,0,116,89,4,209,16,125,95,10,246,0,0,0,246
02/15/2015,GSN,MP,AWP,WE,Federal Contract Tower,17,8,0,1,26,0,87,102,1,190,17,95,102,2,216,0,0,0,216
02/16/2015,GSN,MP,AWP,WE,Federal Contract Tower,17,10,7,0,34,0,116,110,0,226,17,126,117,0,260,0,0,0,260
02/17/2015,GSN,MP,AWP,WE,Federal Contract Tower,14,8,3,7,32,0,98,93,10,201,14,106,96,17,233,0,0,0,233
02/18/2015,GSN,MP,AWP,WE,Federal Contract Tower,10,10,4,2,26,0,100,117,0,217,10,110,121,2,243,0,0,0,243
02/19/2015,GSN,MP,AWP,WE,Federal Contract Tower,18,10,2,0,30,0,87,62,4,153,18,97,64,4,183,0,0,0,183
02/20/2015,GSN,MP,AWP,WE,Federal Contract Tower,14,15,3,0,32,0,109,61,0,170,14,124,64,0,202,0,0,0,202
02/21/2015,GSN,MP,AWP,WE,Federal Contract Tower,13,9,2,2,26,0,132,165,0,297,13,141,167,2,323,0,0,0,323
02/22/2015,GSN,MP,AWP,WE,Federal Contract Tower,17,8,0,1,26,0,147,121,0,268,17,155,121,1,294,0,0,0,294
02/23/2015,GSN,MP,AWP,WE,Federal Contract Tower,13,12,2,4,31,0,70,117,0,187,13,82,119,4,218,0,0,0,218
02/24/2015,GSN,MP,AWP,WE,Federal Contract Tower,14,6,2,2,24,0,130,138,10,278,14,136,140,12,302,0,0,0,302
02/25/2015,GSN,MP,AWP,WE,Federal Contract Tower,11,2,3,0,16,0,124,112,0,236,11,126,115,0,252,0,0,0,252
02/26/2015,GSN,MP,AWP,WE,Federal Contract Tower,23,4,1,0,28,0,81,137,0,218,23,85,138,0,246,6,0,6,252
02/27/2015,GSN,MP,AWP,WE,Federal Contract Tower,15,5,2,1,23,0,94,81,1,176,15,99,83,2,199,0,0,0,199
02/28/2015,GSN,MP,AWP,WE,Federal Contract Tower,16,2,2,0,20,0,118,143,0,261,16,120,145,0,281,0,0,0,281
03/01/2015,GSN,MP,AWP,WE,Federal Contract Tower,18,0,1,0,19,0,78,113,0,191,18,78,114,0,210,0,0,0,210
03/02/2015,GSN,MP,AWP,WE,Federal Contract Tower,20,2,2,0,24,0,69,95,0,164,20,71,97,0,188,0,0,0,188
03/03/2015,GSN,MP,AWP,WE,Federal Contract Tower,14,0,6,0,20,0,95,102,0,197,14,95,108,0,217,0,0,0,217
03/04/2015,GSN,MP,AWP,WE,Federal Contract Tower,10,0,7,0,17,0,98,107,0,205,10,98,114,0,222,0,0,0,222
03/05/2015,GSN,MP,AWP,WE,Federal Contract Tower,14,3,4,0,21,0,64,121,0,185,14,67,125,0,206,0,0,0,206
03/06/2015,GSN,MP,AWP,WE,Federal Contract Tower,17,2,5,0,24,0,91,83,0,174,17,93,88,0,198,0,0,0,198
03/07/2015,GSN,MP,AWP,WE,Federal Contract Tower,13,8,3,0,24,0,80,77,0,157,13,88,80,0,181,0,0,0,181
03/08/2015,GSN,MP,AWP,WE,Federal Contract Tower,14,8,0,0,22,0,74,126,0,200,14,82,126,0,222,0,0,0,222
03/09/2015,GSN,MP,AWP,WE,Federal Contract Tower,13,12,4,0,29,0,100,109,0,209,13,112,113,0,238,0,0,0,238
03/10/2015,GSN,MP,AWP,WE,Federal Contract Tower,12,10,2,0,24,0,84,92,0,176,12,94,94,0,200,0,0,0,200
03/11/2015,GSN,MP,AWP,WE,Federal Contract Tower,10,8,2,0,20,0,96,129,0,225,10,104,131,0,245,0,0,0,245
03/12/2015,GSN,MP,AWP,WE,Federal Contract Tower,16,11,2,0,29,0,70,56,0,126,16,81,58,0,155,0,0,0,155
03/13/2015,GSN,MP,AWP,WE,Federal Contract Tower,14,12,3,0,29,0,94,64,0,158,14,106,67,0,187,0,0,0,187
03/14/2015,GSN,MP,AWP,WE,Federal Contract Tower,12,8,1,0,21,0,75,40,0,115,12,83,41,0,136,0,0,0,136
03/15/2015,GSN,MP,AWP,WE,Federal Contract Tower,14,0,0,0,14,0,0,0,0,0,14,0,0,0,14,0,0,0,14
03/16/2015,GSN,MP,AWP,WE,Federal Contract Tower,17,5,0,0,22,0,39,6,0,45,17,44,6,0,67,0,0,0,67
03/17/2015,GSN,MP,AWP,WE,Federal Contract Tower,15,12,6,0,33,0,58,42,0,100,15,70,48,0,133,0,0,0,133
03/18/2015,GSN,MP,AWP,WE,Federal Contract Tower,9,11,4,0,24,0,93,117,0,210,9,104,121,0,234,0,0,0,234
03/19/2015,GSN,MP,AWP,WE,Federal Contract Tower,15,15,4,2,36,0,90,90,2,182,15,105,94,4,218,0,0,0,218
03/20/2015,GSN,MP,AWP,WE,Federal Contract Tower,14,12,3,0,29,0,113,107,0,220,14,125,110,0,249,0,0,0,249
03/21/2015,GSN,MP,AWP,WE,Federal Contract Tower,12,8,3,0,23,0,72,111,0,183,12,80,114,0,206,0,0,0,206
03/22/2015,GSN,MP,AWP,WE,Federal Contract Tower,18,0,0,0,18,0,77,90,0,167,18,77,90,0,185,0,0,0,185
03/23/2015,GSN,MP,AWP,WE,Federal Contract Tower,14,10,6,0,30,0,94,86,0,180,14,104,92,0,210,0,0,0,210
03/24/2015,GSN,MP,AWP,WE,Federal Contract Tower,12,10,3,0,25,0,91,78,0,169,12,101,81,0,194,0,0,0,194
03/25/2015,GSN,MP,AWP,WE,Federal Contract Tower,8,10,1,0,19,0,81,109,0,190,8,91,110,0,209,0,0,0,209
03/26/2015,GSN,MP,AWP,WE,Federal Contract Tower,21,2,4,0,27,0,83,72,0,155,21,85,76,0,182,0,0,0,182
03/27/2015,GSN,MP,AWP,WE,Federal Contract Tower,16,3,8,1,28,0,91,71,0,162,16,94,79,1,190,0,0,0,190
03/28/2015,GSN,MP,AWP,WE,Federal Contract Tower,16,8,5,0,29,0,72,46,0,118,16,80,51,0,147,0,0,0,147
03/29/2015,GSN,MP,AWP,WE,Federal Contract Tower,15,1,2,0,18,0,74,89,0,163,15,75,91,0,181,0,0,0,181
03/30/2015,GSN,MP,AWP,WE,Federal Contract Tower,14,12,4,0,30,0,77,68,0,145,14,89,72,0,175,0,0,0,175
03/31/2015,GSN,MP,AWP,WE,Federal Contract Tower,15,12,4,0,31,0,71,79,0,150,15,83,83,0,181,0,0,0,181
04/01/2015,GSN,MP,AWP,WE,Federal Contract Tower,11,6,5,0,22,0,78,78,0,156,11,84,83,0,178,0,0,0,178
04/02/2015,GSN,MP,AWP,WE,Federal Contract Tower,16,12,2,1,31,0,71,56,1,128,16,83,58,2,159,0,0,0,159
04/03/2015,GSN,MP,AWP,WE,Federal Contract Tower,16,12,2,0,30,0,66,53,0,119,16,78,55,0,149,0,0,0,149
04/04/2015,GSN,MP,AWP,WE,Federal Contract Tower,15,8,2,0,25,0,63,77,0,140,15,71,79,0,165,0,0,0,165
04/05/2015,GSN,MP,AWP,WE,Federal Contract Tower,15,9,0,0,24,0,70,90,0,160,15,79,90,0,184,0,0,0,184
04/06/2015,GSN,MP,AWP,WE,Federal Contract Tower,14,13,6,0,33,0,62,71,0,133,14,75,77,0,166,0,0,0,166
04/07/2015,GSN,MP,AWP,WE,Federal Contract Tower,14,10,1,0,25,0,107,100,0,207,14,117,101,0,232,0,0,0,232
04/08/2015,GSN,MP,AWP,WE,Federal Contract Tower,12,9,4,0,25,0,90,72,0,162,12,99,76,0,187,0,0,0,187
04/09/2015,GSN,MP,AWP,WE,Federal Contract Tower,16,9,6,0,31,0,89,84,0,173,16,98,90,0,204,0,0,0,204
04/10/2015,GSN,MP,AWP,WE,Federal Contract Tower,16,12,6,0,34,0,80,81,0,161,16,92,87,0,195,0,0,0,195
04/11/2015,GSN,MP,AWP,WE,Federal Contract Tower,14,10,7,0,31,0,60,95,0,155,14,70,102,0,186,0,0,0,186
04/12/2015,GSN,MP,AWP,WE,Federal Contract Tower,16,8,1,0,25,0,47,106,0,153,16,55,107,0,178,0,0,0,178
04/13/2015,GSN,MP,AWP,WE,Federal Contract Tower,14,12,1,0,27,0,75,90,0,165,14,87,91,0,192,0,0,0,192
04/14/2015,GSN,MP,AWP,WE,Federal Contract Tower,16,10,3,0,29,0,72,130,0,202,16,82,133,0,231,0,0,0,231
04/15/2015,GSN,MP,AWP,WE,Federal Contract Tower,13,9,3,0,25,0,80,74,0,154,13,89,77,0,179,0,0,0,179
04/16/2015,GSN,MP,AWP,WE,Federal Contract Tower,14,9,4,0,27,0,92,85,0,177,14,101,89,0,204,0,0,0,204
04/17/2015,GSN,MP,AWP,WE,Federal Contract Tower,16,12,3,0,31,0,99,75,0,174,16,111,78,0,205,0,0,0,205
04/18/2015,GSN,MP,AWP,WE,Federal Contract Tower,14,9,3,0,26,0,94,113,0,207,14,103,116,0,233,0,0,0,233
04/19/2015,GSN,MP,AWP,WE,Federal Contract Tower,17,8,0,0,25,0,75,70,0,145,17,83,70,0,170,0,0,0,170
04/20/2015,GSN,MP,AWP,WE,Federal Contract Tower,14,12,3,0,29,0,93,110,0,203,14,105,113,0,232,0,0,0,232
04/21/2015,GSN,MP,AWP,WE,Federal Contract Tower,14,12,4,0,30,0,92,81,0,173,14,104,85,0,203,0,0,0,203
04/22/2015,GSN,MP,AWP,WE,Federal Contract Tower,12,6,4,0,22,0,90,87,0,177,12,96,91,0,199,0,0,0,199
04/23/2015,GSN,MP,AWP,WE,Federal Contract Tower,17,10,2,0,29,0,64,87,0,151,17,74,89,0,180,0,0,0,180
04/24/2015,GSN,MP,AWP,WE,Federal Contract Tower,15,14,1,0,30,0,91,88,0,179,15,105,89,0,209,4,0,4,213
04/25/2015,GSN,MP,AWP,WE,Federal Contract Tower,14,8,8,0,30,0,88,91,0,179,14,96,99,0,209,0,0,0,209
04/26/2015,GSN,MP,AWP,WE,Federal Contract Tower,16,9,7,0,32,0,80,103,0,183,16,89,110,0,215,0,0,0,215
04/27/2015,GSN,MP,AWP,WE,Federal Contract Tower,15,10,6,2,33,0,69,83,0,152,15,79,89,2,185,0,0,0,185
04/28/2015,GSN,MP,AWP,WE,Federal Contract Tower,15,8,4,0,27,0,93,105,0,198,15,101,109,0,225,0,0,0,225
04/29/2015,GSN,MP,AWP,WE,Federal Contract Tower,12,6,14,0,32,0,86,111,0,197,12,92,125,0,229,0,0,0,229
04/30/2015,GSN,MP,AWP,WE,Federal Contract Tower,14,7,7,6,34,0,89,122,6,217,14,96,129,12,251,0,0,0,251
05/01/2015,GSN,MP,AWP,WE,Federal Contract Tower,16,9,11,0,36,0,120,128,0,248,16,129,139,0,284,0,0,0,284
05/02/2015,GSN,MP,AWP,WE,Federal Contract Tower,23,8,4,0,35,0,108,135,0,243,23,116,139,0,278,0,0,0,278
05/03/2015,GSN,MP,AWP,WE,Federal Contract Tower,21,9,1,0,31,0,106,120,0,226,21,115,121,0,257,0,0,0,257
05/04/2015,GSN,MP,AWP,WE,Federal Contract Tower,15,10,7,1,33,0,112,99,1,212,15,122,106,2,245,0,2,2,247
05/05/2015,GSN,MP,AWP,WE,Federal Contract Tower,22,9,9,0,40,0,77,85,0,162,22,86,94,0,202,0,0,0,202
05/06/2015,GSN,MP,AWP,WE,Federal Contract Tower,16,7,8,0,31,0,72,116,0,188,16,79,124,0,219,0,0,0,219
05/07/2015,GSN,MP,AWP,WE,Federal Contract Tower,17,8,6,7,38,0,71,112,1,184,17,79,118,8,222,0,0,0,222
05/08/2015,GSN,MP,AWP,WE,Federal Contract Tower,15,10,11,0,36,0,75,115,0,190,15,85,126,0,226,0,0,0,226
05/09/2015,GSN,MP,AWP,WE,Federal Contract Tower,16,8,4,0,28,0,90,89,0,179,16,98,93,0,207,0,0,0,207
05/10/2015,GSN,MP,AWP,WE,Federal Contract Tower,16,8,0,0,24,0,86,114,0,200,16,94,114,0,224,0,0,0,224
05/11/2015,GSN,MP,AWP,WE,Federal Contract Tower,14,10,5,0,29,0,57,124,0,181,14,67,129,0,210,0,0,0,210
05/12/2015,GSN,MP,AWP,WE,Federal Contract Tower,14,10,3,0,27,0,74,102,0,176,14,84,105,0,203,0,0,0,203
05/13/2015,GSN,MP,AWP,WE,Federal Contract Tower,12,6,4,0,22,0,86,108,0,194,12,92,112,0,216,0,0,0,216
05/14/2015,GSN,MP,AWP,WE,Federal Contract Tower,16,10,10,0,36,0,55,27,0,82,16,65,37,0,118,0,0,0,118
05/15/2015,GSN,MP,AWP,WE,Federal Contract Tower,10,0,0,0,10,0,0,0,0,0,10,0,0,0,10,0,0,0,10
05/16/2015,GSN,MP,AWP,WE,Federal Contract Tower,10,2,0,0,12,0,6,0,0,6,10,8,0,0,18,0,0,0,18
05/17/2015,GSN,MP,AWP,WE,Federal Contract Tower,16,8,7,0,31,0,54,15,2,71,16,62,22,2,102,2,0,2,104
05/18/2015,GSN,MP,AWP,WE,Federal Contract Tower,13,17,7,0,37,0,52,80,0,132,13,69,87,0,169,0,0,0,169
05/19/2015,GSN,MP,AWP,WE,Federal Contract Tower,17,10,3,0,30,0,90,77,0,167,17,100,80,0,197,0,0,0,197
05/20/2015,GSN,MP,AWP,WE,Federal Contract Tower,12,10,4,0,26,0,81,140,0,221,12,91,144,0,247,0,0,0,247
05/21/2015,GSN,MP,AWP,WE,Federal Contract Tower,16,8,6,0,30,0,86,123,0,209,16,94,129,0,239,0,0,0,239
05/22/2015,GSN,MP,AWP,WE,Federal Contract Tower,14,10,5,0,29,0,124,137,0,261,14,134,142,0,290,0,0,0,290
05/23/2015,GSN,MP,AWP,WE,Federal Contract Tower,14,11,2,0,27,0,110,125,0,235,14,121,127,0,262,0,0,0,262
05/24/2015,GSN,MP,AWP,WE,Federal Contract Tower,16,9,0,0,25,0,79,95,0,174,16,88,95,0,199,0,0,0,199
05/25/2015,GSN,MP,AWP,WE,Federal Contract Tower,14,12,5,0,31,0,83,85,0,168,14,95,90,0,199,0,0,0,199
05/26/2015,GSN,MP,AWP,WE,Federal Contract Tower,12,10,1,0,23,0,89,118,0,207,12,99,119,0,230,0,0,0,230
05/27/2015,GSN,MP,AWP,WE,Federal Contract Tower,12,10,3,0,25,0,103,105,0,208,12,113,108,0,233,0,0,0,233
05/28/2015,GSN,MP,AWP,WE,Federal Contract Tower,16,8,7,2,33,0,77,93,0,170,16,85,100,2,203,0,0,0,203
05/29/2015,GSN,MP,AWP,WE,Federal Contract Tower,14,10,7,0,31,0,79,117,2,198,14,89,124,2,229,0,0,0,229
05/30/2015,GSN,MP,AWP,WE,Federal Contract Tower,13,8,3,0,24,0,73,88,0,161,13,81,91,0,185,0,0,0,185
05/31/2015,GSN,MP,AWP,WE,Federal Contract Tower,16,8,0,0,24,0,70,89,0,159,16,78,89,0,183,0,0,0,183
06/01/2015,GSN,MP,AWP,WE,Federal Contract Tower,15,12,5,0,32,0,81,134,0,215,15,93,139,0,247,0,0,0,247
06/02/2015,GSN,MP,AWP,WE,Federal Contract Tower,12,10,3,0,25,0,62,102,0,164,12,72,105,0,189,0,0,0,189
06/03/2015,GSN,MP,AWP,WE,Federal Contract Tower,10,7,8,0,25,0,65,132,0,197,10,72,140,0,222,0,0,0,222
06/04/2015,GSN,MP,AWP,WE,Federal Contract Tower,14,9,10,0,33,0,68,84,0,152,14,77,94,0,185,0,0,0,185
06/05/2015,GSN,MP,AWP,WE,Federal Contract Tower,14,16,3,0,33,0,79,90,0,169,14,95,93,0,202,0,0,0,202
06/06/2015,GSN,MP,AWP,WE,Federal Contract Tower,12,10,2,0,24,0,74,118,0,192,12,84,120,0,216,0,0,0,216
06/07/2015,GSN,MP,AWP,WE,Federal Contract Tower,14,8,0,1,23,0,60,50,1,111,14,68,50,2,134,0,0,0,134
06/08/2015,GSN,MP,AWP,WE,Federal Contract Tower,13,14,4,0,31,0,94,89,4,187,13,108,93,4,218,0,8,8,226
06/09/2015,GSN,MP,AWP,WE,Federal Contract Tower,13,8,6,0,27,0,60,92,2,154,13,68,98,2,181,0,0,0,181
06/10/2015,GSN,MP,AWP,WE,Federal Contract Tower,10,6,8,0,24,0,73,93,0,166,10,79,101,0,190,0,0,0,190
06/11/2015,GSN,MP,AWP,WE,Federal Contract Tower,13,11,10,0,34,0,75,120,0,195,13,86,130,0,229,6,0,6,235
06/12/2015,GSN,MP,AWP,WE,Federal Contract Tower,15,10,7,0,32,0,83,128,0,211,15,93,135,0,243,0,0,0,243
06/13/2015,GSN,MP,AWP,WE,Federal Contract Tower,12,8,4,0,24,0,61,103,0,164,12,69,107,0,188,0,0,0,188
06/14/2015,GSN,MP,AWP,WE,Federal Contract Tower,14,8,0,0,22,0,73,90,0,163,14,81,90,0,185,0,0,0,185
06/15/2015,GSN,MP,AWP,WE,Federal Contract Tower,12,10,5,0,27,0,57,150,0,207,12,67,155,0,234,0,0,0,234
06/16/2015,GSN,MP,AWP,WE,Federal Contract Tower,12,7,4,0,23,0,81,124,0,205,12,88,128,0,228,0,0,0,228
06/17/2015,GSN,MP,AWP,WE,Federal Contract Tower,10,8,4,0,22,0,85,121,0,206,10,93,125,0,228,0,0,0,228
06/18/2015,GSN,MP,AWP,WE,Federal Contract Tower,12,12,2,0,26,0,72,113,6,191,12,84,115,6,217,0,0,0,217
06/19/2015,GSN,MP,AWP,WE,Federal Contract Tower,15,12,2,0,29,0,83,108,0,191,15,95,110,0,220,0,0,0,220
06/20/2015,GSN,MP,AWP,WE,Federal Contract Tower,13,10,7,0,30,0,78,95,0,173,13,88,102,0,203,0,0,0,203
06/21/2015,GSN,MP,AWP,WE,Federal Contract Tower,14,9,1,0,24,0,75,131,0,206,14,84,132,0,230,0,0,0,230
06/22/2015,GSN,MP,AWP,WE,Federal Contract Tower,13,14,3,0,30,0,76,108,0,184,13,90,111,0,214,10,0,10,224
06/23/2015,GSN,MP,AWP,WE,Federal Contract Tower,14,13,4,2,33,0,86,133,2,221,14,99,137,4,254,0,0,0,254
06/24/2015,GSN,MP,AWP,WE,Federal Contract Tower,9,10,1,0,20,0,99,121,0,220,9,109,122,0,240,0,0,0,240
06/25/2015,GSN,MP,AWP,WE,Federal Contract Tower,12,8,6,0,26,0,74,151,0,225,12,82,157,0,251,0,0,0,251
06/26/2015,GSN,MP,AWP,WE,Federal Contract Tower,14,14,2,0,30,0,105,111,0,216,14,119,113,0,246,0,0,0,246
06/27/2015,GSN,MP,AWP,WE,Federal Contract Tower,13,8,5,0,26,0,79,89,0,168,13,87,94,0,194,0,0,0,194
06/28/2015,GSN,MP,AWP,WE,Federal Contract Tower,15,5,2,0,22,0,75,92,0,167,15,80,94,0,189,0,0,0,189
06/29/2015,GSN,MP,AWP,WE,Federal Contract Tower,12,10,12,0,34,0,57,127,4,188,12,67,139,4,222,0,0,0,222
06/30/2015,GSN,MP,AWP,WE,Federal Contract Tower,13,11,2,0,26,0,65,119,9,193,13,76,121,9,219,0,0,0,219
07/01/2015,GSN,MP,AWP,WE,Federal Contract Tower,10,11,2,0,23,0,84,98,6,188,10,95,100,6,211,0,0,0,211
07/02/2015,GSN,MP,AWP,WE,Federal Contract Tower,14,11,4,0,29,0,79,94,0,173,14,90,98,0,202,0,0,0,202
07/03/2015,GSN,MP,AWP,WE,Federal Contract Tower,12,12,9,0,33,0,64,49,0,113,12,76,58,0,146,0,0,0,146
07/04/2015,GSN,MP,AWP,WE,Federal Contract Tower,12,8,4,0,24,0,18,4,0,22,12,26,8,0,46,0,0,0,46
07/05/2015,GSN,MP,AWP,WE,Federal Contract Tower,10,0,0,0,10,0,7,1,0,8,10,7,1,0,18,0,0,0,18
07/06/2015,GSN,MP,AWP,WE,Federal Contract Tower,16,15,5,0,36,0,37,2,0,39,16,52,7,0,75,0,0,0,75
07/07/2015,GSN,MP,AWP,WE,Federal Contract Tower,10,11,6,0,27,0,64,123,0,187,10,75,129,0,214,2,0,2,216
07/08/2015,GSN,MP,AWP,WE,Federal Contract Tower,8,2,4,0,14,0,72,104,0,176,8,74,108,0,190,0,0,0,190
07/09/2015,GSN,MP,AWP,WE,Federal Contract Tower,12,3,1,0,16,0,27,7,0,34,12,30,8,0,50,0,0,0,50
07/10/2015,GSN,MP,AWP,WE,Federal Contract Tower,16,3,0,0,19,0,28,0,0,28,16,31,0,0,47,0,0,0,47
07/11/2015,GSN,MP,AWP,WE,Federal Contract Tower,16,2,0,0,18,0,68,98,0,166,16,70,98,0,184,0,0,0,184
07/12/2015,GSN,MP,AWP,WE,Federal Contract Tower,17,2,0,0,19,0,57,57,0,114,17,59,57,0,133,0,0,0,133
07/13/2015,GSN,MP,AWP,WE,Federal Contract Tower,15,10,3,0,28,0,75,134,7,216,15,85,137,7,244,0,0,0,244
07/14/2015,GSN,MP,AWP,WE,Federal Contract Tower,14,5,3,0,22,0,71,127,4,202,14,76,130,4,224,3,21,24,248
07/15/2015,GSN,MP,AWP,WE,Federal Contract Tower,12,6,6,0,24,0,103,138,0,241,12,109,144,0,265,0,0,0,265
07/16/2015,GSN,MP,AWP,WE,Federal Contract Tower,14,8,4,0,26,0,99,96,0,195,14,107,100,0,221,0,0,0,221
07/17/2015,GSN,MP,AWP,WE,Federal Contract Tower,14,11,5,0,30,0,94,124,0,218,14,105,129,0,248,0,0,0,248
07/18/2015,GSN,MP,AWP,WE,Federal Contract Tower,14,11,6,0,31,0,69,84,0,153,14,80,90,0,184,0,0,0,184
07/19/2015,GSN,MP,AWP,WE,Federal Contract Tower,16,8,0,0,24,0,68,147,0,215,16,76,147,0,239,0,0,0,239
07/20/2015,GSN,MP,AWP,WE,Federal Contract Tower,13,14,2,0,29,0,63,94,0,157,13,77,96,0,186,0,0,0,186
07/21/2015,GSN,MP,AWP,WE,Federal Contract Tower,12,15,2,0,29,0,111,127,0,238,12,126,129,0,267,0,0,0,267
07/22/2015,GSN,MP,AWP,WE,Federal Contract Tower,12,7,6,0,25,0,97,129,2,228,12,104,135,2,253,0,0,0,253
07/23/2015,GSN,MP,AWP,WE,Federal Contract Tower,14,10,2,0,26,0,98,114,5,217,14,108,116,5,243,0,0,0,243
07/24/2015,GSN,MP,AWP,WE,Federal Contract Tower,14,15,2,0,31,0,94,120,3,217,14,109,122,3,248,0,0,0,248
07/25/2015,GSN,MP,AWP,WE,Federal Contract Tower,14,8,2,0,24,0,100,136,0,236,14,108,138,0,260,0,0,0,260
07/26/2015,GSN,MP,AWP,WE,Federal Contract Tower,18,8,0,0,26,0,79,110,0,189,18,87,110,0,215,0,0,0,215
07/27/2015,GSN,MP,AWP,WE,Federal Contract Tower,15,14,1,0,30,0,66,129,2,197,15,80,130,2,227,0,0,0,227
07/28/2015,GSN,MP,AWP,WE,Federal Contract Tower,13,10,0,2,25,0,117,102,0,219,13,127,102,2,244,0,0,0,244
07/29/2015,GSN,MP,AWP,WE,Federal Contract Tower,14,10,0,0,24,0,117,163,4,284,14,127,163,4,308,0,0,0,308
07/30/2015,GSN,MP,AWP,WE,Federal Contract Tower,17,10,3,0,30,0,93,127,2,222,17,103,130,2,252,0,0,0,252
07/31/2015,GSN,MP,AWP,WE,Federal Contract Tower,15,16,2,0,33,0,128,146,0,274,15,144,148,0,307,0,0,0,307
08/01/2015,GSN,MP,AWP,WE,Federal Contract Tower,16,10,1,0,27,0,97,113,0,210,16,107,114,0,237,0,0,0,237
08/02/2015,GSN,MP,AWP,WE,Federal Contract Tower,14,6,1,0,21,0,50,17,0,67,14,56,18,0,88,0,0,0,88
08/03/2015,GSN,MP,AWP,WE,Federal Contract Tower,0,0,0,0,0,0,0,0,5,5,0,0,0,5,5,0,0,0,5
08/04/2015,GSN,MP,AWP,WE,Federal Contract Tower,4,2,2,0,8,0,13,5,7,25,4,15,7,7,33,0,0,0,33
08/05/2015,GSN,MP,AWP,WE,Federal Contract Tower,20,6,7,0,33,0,54,75,4,133,20,60,82,4,166,0,0,0,166
08/06/2015,GSN,MP,AWP,WE,Federal Contract Tower,26,6,10,0,42,0,65,53,3,121,26,71,63,3,163,0,0,0,163
08/07/2015,GSN,MP,AWP,WE,Federal Contract Tower,16,9,6,0,31,0,48,36,4,88,16,57,42,4,119,0,0,0,119
08/08/2015,GSN,MP,AWP,WE,Federal Contract Tower,8,13,7,0,28,0,49,38,0,87,8,62,45,0,115,0,0,0,115
08/09/2015,GSN,MP,AWP,WE,Federal Contract Tower,9,5,4,3,21,0,34,67,4,105,9,39,71,7,126,0,0,0,126
08/10/2015,GSN,MP,AWP,WE,Federal Contract Tower,15,8,2,0,25,0,57,101,4,162,15,65,103,4,187,0,0,0,187
08/11/2015,GSN,MP,AWP,WE,Federal Contract Tower,11,12,4,0,27,0,61,83,2,146,11,73,87,2,173,0,0,0,173
08/12/2015,GSN,MP,AWP,WE,Federal Contract Tower,16,15,4,0,35,0,44,77,1,122,16,59,81,1,157,0,0,0,157
08/13/2015,GSN,MP,AWP,WE,Federal Contract Tower,14,6,6,0,26,0,45,60,4,109,14,51,66,4,135,0,0,0,135
08/14/2015,GSN,MP,AWP,WE,Federal Contract Tower,8,11,2,0,21,0,68,62,0,130,8,79,64,0,151,0,0,0,151
08/15/2015,GSN,MP,AWP,WE,Federal Contract Tower,20,4,12,0,36,0,46,19,0,65,20,50,31,0,101,0,0,0,101
08/16/2015,GSN,MP,AWP,WE,Federal Contract Tower,7,0,0,0,7,0,0,0,0,0,7,0,0,0,7,0,0,0,7
08/17/2015,GSN,MP,AWP,WE,Federal Contract Tower,18,14,4,0,36,0,53,29,2,84,18,67,33,2,120,0,0,0,120
08/18/2015,GSN,MP,AWP,WE,Federal Contract Tower,16,13,9,0,38,0,70,96,2,168,16,83,105,2,206,0,0,0,206
08/19/2015,GSN,MP,AWP,WE,Federal Contract Tower,15,6,7,0,28,0,132,131,0,263,15,138,138,0,291,0,0,0,291
08/20/2015,GSN,MP,AWP,WE,Federal Contract Tower,21,15,4,0,40,0,65,48,0,113,21,80,52,0,153,0,0,0,153
08/21/2015,GSN,MP,AWP,WE,Federal Contract Tower,17,18,5,0,40,0,129,43,0,172,17,147,48,0,212,0,0,0,212
08/22/2015,GSN,MP,AWP,WE,Federal Contract Tower,14,9,7,0,30,0,62,102,2,166,14,71,109,2,196,0,0,0,196
08/23/2015,GSN,MP,AWP,WE,Federal Contract Tower,15,7,0,0,22,0,48,45,0,93,15,55,45,0,115,0,0,0,115
08/24/2015,GSN,MP,AWP,WE,Federal Contract Tower,16,16,8,0,40,0,79,128,0,207,16,95,136,0,247,0,0,0,247
08/25/2015,GSN,MP,AWP,WE,Federal Contract Tower,16,12,4,0,32,0,73,70,0,143,16,85,74,0,175,0,0,0,175
08/26/2015,GSN,MP,AWP,WE,Federal Contract Tower,17,11,4,0,32,0,69,114,0,183,17,80,118,0,215,0,0,0,215
08/27/2015,GSN,MP,AWP,WE,Federal Contract Tower,18,13,7,0,38,0,54,89,0,143,18,67,96,0,181,0,0,0,181
08/28/2015,GSN,MP,AWP,WE,Federal Contract Tower,16,18,2,0,36,0,63,103,0,166,16,81,105,0,202,0,0,0,202
08/29/2015,GSN,MP,AWP,WE,Federal Contract Tower,14,14,1,0,29,0,78,110,0,188,14,92,111,0,217,0,0,0,217
08/30/2015,GSN,MP,AWP,WE,Federal Contract Tower,19,8,2,0,29,0,65,110,0,175,19,73,112,0,204,0,0,0,204
08/31/2015,GSN,MP,AWP,WE,Federal Contract Tower,12,10,6,0,28,0,80,100,2,182,12,90,106,2,210,0,0,0,210
09/01/2015,GSN,MP,AWP,WE,Federal Contract Tower,13,12,5,0,30,0,77,81,0,158,13,89,86,0,188,0,0,0,188
09/02/2015,GSN,MP,AWP,WE,Federal Contract Tower,12,10,4,0,26,0,69,124,0,193,12,79,128,0,219,0,0,0,219
09/03/2015,GSN,MP,AWP,WE,Federal Contract Tower,15,13,6,2,36,0,59,107,0,166,15,72,113,2,202,0,0,0,202
09/04/2015,GSN,MP,AWP,WE,Federal Contract Tower,14,16,5,0,35,0,89,118,0,207,14,105,123,0,242,0,0,0,242
09/05/2015,GSN,MP,AWP,WE,Federal Contract Tower,13,8,8,0,29,0,63,151,0,214,13,71,159,0,243,0,0,0,243
09/06/2015,GSN,MP,AWP,WE,Federal Contract Tower,19,8,0,0,27,0,78,114,0,192,19,86,114,0,219,0,0,0,219
09/07/2015,GSN,MP,AWP,WE,Federal Contract Tower,14,15,5,0,34,0,43,98,0,141,14,58,103,0,175,0,0,0,175
09/08/2015,GSN,MP,AWP,WE,Federal Contract Tower,13,8,8,0,29,0,70,98,0,168,13,78,106,0,197,0,0,0,197
09/09/2015,GSN,MP,AWP,WE,Federal Contract Tower,12,15,7,2,36,0,92,129,3,224,12,107,136,5,260,0,0,0,260
09/10/2015,GSN,MP,AWP,WE,Federal Contract Tower,16,8,11,0,35,0,57,103,0,160,16,65,114,0,195,0,0,0,195
09/11/2015,GSN,MP,AWP,WE,Federal Contract Tower,17,12,5,2,36,0,115,146,0,261,17,127,151,2,297,0,0,0,297
09/12/2015,GSN,MP,AWP,WE,Federal Contract Tower,14,9,8,0,31,0,49,111,2,162,14,58,119,2,193,0,0,0,193
09/13/2015,GSN,MP,AWP,WE,Federal Contract Tower,15,9,0,0,24,0,52,108,0,160,15,61,108,0,184,0,0,0,184
09/14/2015,GSN,MP,AWP,WE,Federal Contract Tower,12,10,4,0,26,0,81,133,0,214,12,91,137,0,240,0,0,0,240
09/15/2015,GSN,MP,AWP,WE,Federal Contract Tower,15,11,4,0,30,0,57,81,0,138,15,68,85,0,168,0,0,0,168
09/16/2015,GSN,MP,AWP,WE,Federal Contract Tower,14,14,5,0,33,0,72,139,0,211,14,86,144,0,244,0,0,0,244
09/17/2015,GSN,MP,AWP,WE,Federal Contract Tower,15,14,4,1,34,0,69,85,1,155,15,83,89,2,189,0,0,0,189
09/18/2015,GSN,MP,AWP,WE,Federal Contract Tower,14,16,2,0,32,0,74,116,0,190,14,90,118,0,222,0,0,0,222
09/19/2015,GSN,MP,AWP,WE,Federal Contract Tower,19,12,4,0,35,0,38,105,0,143,19,50,109,0,178,0,0,0,178
09/20/2015,GSN,MP,AWP,WE,Federal Contract Tower,33,8,0,0,41,0,64,108,0,172,33,72,108,0,213,0,0,0,213
09/21/2015,GSN,MP,AWP,WE,Federal Contract Tower,16,12,4,0,32,0,35,92,0,127,16,47,96,0,159,0,0,0,159
09/22/2015,GSN,MP,AWP,WE,Federal Contract Tower,19,8,7,0,34,0,56,22,0,78,19,64,29,0,112,0,53,53,165
09/23/2015,GSN,MP,AWP,WE,Federal Contract Tower,17,14,3,0,34,0,78,139,4,221,17,92,142,4,255,0,18,18,273
09/24/2015,GSN,MP,AWP,WE,Federal Contract Tower,16,12,2,0,30,0,63,151,0,214,16,75,153,0,244,0,0,0,244
09/25/2015,GSN,MP,AWP,WE,Federal Contract Tower,15,16,3,0,34,0,70,159,0,229,15,86,162,0,263,0,0,0,263
09/26/2015,GSN,MP,AWP,WE,Federal Contract Tower,20,9,1,0,30,0,44,114,7,165,20,53,115,7,195,0,0,0,195
09/27/2015,GSN,MP,AWP,WE,Federal Contract Tower,15,10,0,0,25,0,45,143,0,188,15,55,143,0,213,0,0,0,213
09/28/2015,GSN,MP,AWP,WE,Federal Contract Tower,12,14,4,0,30,0,70,143,0,213,12,84,147,0,243,0,0,0,243
09/29/2015,GSN,MP,AWP,WE,Federal Contract Tower,15,15,3,0,33,0,48,63,0,111,15,63,66,0,144,0,0,0,144
09/30/2015,GSN,MP,AWP,WE,Federal Contract Tower,12,14,2,1,29,0,71,175,1,247,12,85,177,2,276,0,0,0,276
10/01/2015,GSN,MP,AWP,WE,Federal Contract Tower,15,11,4,0,30,0,49,178,4,231,15,60,182,4,261,0,0,0,261
10/02/2015,GSN,MP,AWP,WE,Federal Contract Tower,13,12,5,0,30,0,104,193,0,297,13,116,198,0,327,0,0,0,327
10/03/2015,GSN,MP,AWP,WE,Federal Contract Tower,13,11,6,0,30,0,47,160,0,207,13,58,166,0,237,0,0,0,237
10/04/2015,GSN,MP,AWP,WE,Federal Contract Tower,15,10,0,0,25,0,85,181,0,266,15,95,181,0,291,0,0,0,291
10/05/2015,GSN,MP,AWP,WE,Federal Contract Tower,12,12,4,0,28,0,41,198,2,241,12,53,202,2,269,4,0,4,273
10/06/2015,GSN,MP,AWP,WE,Federal Contract Tower,12,12,1,0,25,0,42,142,0,184,12,54,143,0,209,0,0,0,209
10/07/2015,GSN,MP,AWP,WE,Federal Contract Tower,12,12,4,0,28,0,56,162,0,218,12,68,166,0,246,0,0,0,246
10/08/2015,GSN,MP,AWP,WE,Federal Contract Tower,15,13,2,0,30,0,74,124,0,198,15,87,126,0,228,0,0,0,228
10/09/2015,GSN,MP,AWP,WE,Federal Contract Tower,16,13,3,0,32,0,64,114,0,178,16,77,117,0,210,0,0,0,210
10/10/2015,GSN,MP,AWP,WE,Federal Contract Tower,14,12,3,0,29,0,43,62,0,105,14,55,65,0,134,0,0,0,134
10/11/2015,GSN,MP,AWP,WE,Federal Contract Tower,21,8,2,0,31,0,37,81,0,118,21,45,83,0,149,0,0,0,149
10/12/2015,GSN,MP,AWP,WE,Federal Contract Tower,14,14,4,0,32,0,36,49,0,85,14,50,53,0,117,0,0,0,117
10/13/2015,GSN,MP,AWP,WE,Federal Contract Tower,11,15,2,0,28,0,60,74,0,134,11,75,76,0,162,0,0,0,162
10/14/2015,GSN,MP,AWP,WE,Federal Contract Tower,12,12,2,0,26,0,44,93,0,137,12,56,95,0,163,0,0,0,163
10/15/2015,GSN,MP,AWP,WE,Federal Contract Tower,16,13,4,2,35,0,51,132,0,183,16,64,136,2,218,0,0,0,218
10/16/2015,GSN,MP,AWP,WE,Federal Contract Tower,6,0,0,0,6,0,0,0,0,0,6,0,0,0,6,0,0,0,6
10/17/2015,GSN,MP,AWP,WE,Federal Contract Tower,16,16,8,0,40,0,20,2,0,22,16,36,10,0,62,0,0,0,62
10/18/2015,GSN,MP,AWP,WE,Federal Contract Tower,17,11,0,0,28,0,31,112,2,145,17,42,112,2,173,0,0,0,173
10/19/2015,GSN,MP,AWP,WE,Federal Contract Tower,13,14,5,0,32,0,37,102,0,139,13,51,107,0,171,0,0,0,171
10/20/2015,GSN,MP,AWP,WE,Federal Contract Tower,17,14,7,0,38,0,40,30,0,70,17,54,37,0,108,0,0,0,108
10/21/2015,GSN,MP,AWP,WE,Federal Contract Tower,13,10,4,0,27,0,42,107,3,152,13,52,111,3,179,0,0,0,179
10/22/2015,GSN,MP,AWP,WE,Federal Contract Tower,14,12,4,0,30,0,54,135,0,189,14,66,139,0,219,0,0,0,219
10/23/2015,GSN,MP,AWP,WE,Federal Contract Tower,15,12,1,0,28,0,59,93,0,152,15,71,94,0,180,0,0,0,180
10/24/2015,GSN,MP,AWP,WE,Federal Contract Tower,14,14,2,0,30,0,37,114,0,151,14,51,116,0,181,0,0,0,181
10/25/2015,GSN,MP,AWP,WE,Federal Contract Tower,17,12,1,0,30,0,37,106,0,143,17,49,107,0,173,0,0,0,173
10/26/2015,GSN,MP,AWP,WE,Federal Contract Tower,13,14,5,0,32,0,44,118,0,162,13,58,123,0,194,0,0,0,194
10/27/2015,GSN,MP,AWP,WE,Federal Contract Tower,12,14,4,0,30,0,38,99,0,137,12,52,103,0,167,0,0,0,167
10/28/2015,GSN,MP,AWP,WE,Federal Contract Tower,15,12,3,0,30,0,53,134,0,187,15,65,137,0,217,0,0,0,217
10/29/2015,GSN,MP,AWP,WE,Federal Contract Tower,22,14,2,0,38,0,62,107,0,169,22,76,109,0,207,2,0,2,209
10/30/2015,GSN,MP,AWP,WE,Federal Contract Tower,20,15,2,0,37,0,55,98,0,153,20,70,100,0,190,0,0,0,190
10/31/2015,GSN,MP,AWP,WE,Federal Contract Tower,14,11,2,0,27,0,43,116,0,159,14,54,118,0,186,0,0,0,186
11/01/2015,GSN,MP,AWP,WE,Federal Contract Tower,17,13,0,0,30,0,40,81,0,121,17,53,81,0,151,0,0,0,151
11/02/2015,GSN,MP,AWP,WE,Federal Contract Tower,11,14,2,0,27,0,43,97,0,140,11,57,99,0,167,0,0,0,167
11/03/2015,GSN,MP,AWP,WE,Federal Contract Tower,12,14,3,0,29,0,42,62,0,104,12,56,65,0,133,0,0,0,133
11/04/2015,GSN,MP,AWP,WE,Federal Contract Tower,13,16,0,0,29,0,39,113,0,152,13,55,113,0,181,0,0,0,181
11/05/2015,GSN,MP,AWP,WE,Federal Contract Tower,15,13,3,0,31,0,66,121,0,187,15,79,124,0,218,0,0,0,218
11/06/2015,GSN,MP,AWP,WE,Federal Contract Tower,15,10,6,0,31,0,57,112,0,169,15,67,118,0,200,0,0,0,200
11/07/2015,GSN,MP,AWP,WE,Federal Contract Tower,15,13,3,0,31,0,56,55,0,111,15,69,58,0,142,0,0,0,142
11/08/2015,GSN,MP,AWP,WE,Federal Contract Tower,18,17,6,0,41,0,33,121,0,154,18,50,127,0,195,0,0,0,195
11/09/2015,GSN,MP,AWP,WE,Federal Contract Tower,14,12,1,0,27,0,45,95,3,143,14,57,96,3,170,0,0,0,170
11/10/2015,GSN,MP,AWP,WE,Federal Contract Tower,13,14,2,0,29,0,42,93,4,139,13,56,95,4,168,0,0,0,168
11/11/2015,GSN,MP,AWP,WE,Federal Contract Tower,12,13,6,0,31,0,32,118,0,150,12,45,124,0,181,0,0,0,181
11/12/2015,GSN,MP,AWP,WE,Federal Contract Tower,13,11,3,0,27,0,53,140,0,193,13,64,143,0,220,0,0,0,220
11/13/2015,GSN,MP,AWP,WE,Federal Contract Tower,13,14,2,0,29,0,63,125,0,188,13,77,127,0,217,0,0,0,217
11/14/2015,GSN,MP,AWP,WE,Federal Contract Tower,12,13,2,0,27,0,35,79,2,116,12,48,81,2,143,0,0,0,143
11/15/2015,GSN,MP,AWP,WE,Federal Contract Tower,18,12,0,0,30,0,45,142,0,187,18,57,142,0,217,0,0,0,217
11/16/2015,GSN,MP,AWP,WE,Federal Contract Tower,13,14,2,0,29,0,55,156,0,211,13,69,158,0,240,0,0,0,240
11/17/2015,GSN,MP,AWP,WE,Federal Contract Tower,13,17,2,0,32,0,42,126,0,168,13,59,128,0,200,0,0,0,200
11/18/2015,GSN,MP,AWP,WE,Federal Contract Tower,12,11,4,0,27,0,43,99,0,142,12,54,103,0,169,0,0,0,169
11/19/2015,GSN,MP,AWP,WE,Federal Contract Tower,14,15,5,0,34,0,69,95,0,164,14,84,100,0,198,0,0,0,198
11/20/2015,GSN,MP,AWP,WE,Federal Contract Tower,14,15,5,0,34,0,62,60,0,122,14,77,65,0,156,0,0,0,156
11/21/2015,GSN,MP,AWP,WE,Federal Contract Tower,12,13,1,0,26,0,30,107,0,137,12,43,108,0,163,0,0,0,163
11/22/2015,GSN,MP,AWP,WE,Federal Contract Tower,16,9,0,0,25,0,40,92,0,132,16,49,92,0,157,0,0,0,157
11/23/2015,GSN,MP,AWP,WE,Federal Contract Tower,12,16,3,0,31,0,52,73,0,125,12,68,76,0,156,0,0,0,156
11/24/2015,GSN,MP,AWP,WE,Federal Contract Tower,12,17,4,0,33,0,90,87,0,177,12,107,91,0,210,0,0,0,210
11/25/2015,GSN,MP,AWP,WE,Federal Contract Tower,12,15,10,0,37,0,67,113,0,180,12,82,123,0,217,0,0,0,217
11/26/2015,GSN,MP,AWP,WE,Federal Contract Tower,14,10,5,0,29,0,47,94,2,143,14,57,99,2,172,0,0,0,172
11/27/2015,GSN,MP,AWP,WE,Federal Contract Tower,14,11,2,0,27,0,61,71,0,132,14,72,73,0,159,0,0,0,159
11/28/2015,GSN,MP,AWP,WE,Federal Contract Tower,12,11,3,0,26,0,47,87,0,134,12,58,90,0,160,0,0,0,160
11/29/2015,GSN,MP,AWP,WE,Federal Contract Tower,16,11,0,0,27,0,41,91,0,132,16,52,91,0,159,0,0,0,159
11/30/2015,GSN,MP,AWP,WE,Federal Contract Tower,12,14,4,0,30,0,46,98,0,144,12,60,102,0,174,0,0,0,174
12/01/2015,GSN,MP,AWP,WE,Federal Contract Tower,12,11,6,0,29,0,38,30,0,68,12,49,36,0,97,0,0,0,97
12/02/2015,GSN,MP,AWP,WE,Federal Contract Tower,12,13,11,0,36,0,47,128,0,175,12,60,139,0,211,0,0,0,211
12/03/2015,GSN,MP,AWP,WE,Federal Contract Tower,14,16,5,10,45,0,59,65,0,124,14,75,70,10,169,0,0,0,169
12/04/2015,GSN,MP,AWP,WE,Federal Contract Tower,14,11,7,2,34,0,72,132,10,214,14,83,139,12,248,0,0,0,248
12/05/2015,GSN,MP,AWP,WE,Federal Contract Tower,11,10,9,2,32,0,48,44,2,94,11,58,53,4,126,0,0,0,126
12/06/2015,GSN,MP,AWP,WE,Federal Contract Tower,16,13,2,0,31,0,46,83,0,129,16,59,85,0,160,0,0,0,160
12/07/2015,GSN,MP,AWP,WE,Federal Contract Tower,14,15,5,0,34,0,71,104,5,180,14,86,109,5,214,0,0,0,214
12/08/2015,GSN,MP,AWP,WE,Federal Contract Tower,12,10,7,0,29,0,44,71,4,119,12,54,78,4,148,0,0,0,148
12/09/2015,GSN,MP,AWP,WE,Federal Contract Tower,12,12,9,0,33,0,46,104,6,156,12,58,113,6,189,0,0,0,189
12/10/2015,GSN,MP,AWP,WE,Federal Contract Tower,14,11,10,0,35,0,58,88,4,150,14,69,98,4,185,0,0,0,185
12/11/2015,GSN,MP,AWP,WE,Federal Contract Tower,14,12,14,2,42,0,54,50,10,114,14,66,64,12,156,0,0,0,156
12/12/2015,GSN,MP,AWP,WE,Federal Contract Tower,12,12,11,2,37,0,45,105,0,150,12,57,116,2,187,0,0,0,187
12/13/2015,GSN,MP,AWP,WE,Federal Contract Tower,16,10,1,0,27,0,44,115,0,159,16,54,116,0,186,0,0,0,186
12/14/2015,GSN,MP,AWP,WE,Federal Contract Tower,12,17,2,0,31,0,41,103,0,144,12,58,105,0,175,0,0,0,175
12/15/2015,GSN,MP,AWP,WE,Federal Contract Tower,12,14,4,0,30,0,53,114,0,167,12,67,118,0,197,0,0,0,197
12/16/2015,GSN,MP,AWP,WE,Federal Contract Tower,12,16,3,0,31,0,55,114,0,169,12,71,117,0,200,0,0,0,200
12/17/2015,GSN,MP,AWP,WE,Federal Contract Tower,15,15,5,0,35,0,53,153,0,206,15,68,158,0,241,0,0,0,241
12/18/2015,GSN,MP,AWP,WE,Federal Contract Tower,14,11,2,0,27,0,65,96,4,165,14,76,98,4,192,0,0,0,192
12/19/2015,GSN,MP,AWP,WE,Federal Contract Tower,12,11,6,0,29,0,62,69,0,131,12,73,75,0,160,0,0,0,160
12/20/2015,GSN,MP,AWP,WE,Federal Contract Tower,17,9,4,0,30,0,46,98,0,144,17,55,102,0,174,0,0,0,174
12/21/2015,GSN,MP,AWP,WE,Federal Contract Tower,12,18,5,0,35,0,38,85,0,123,12,56,90,0,158,0,0,0,158
12/22/2015,GSN,MP,AWP,WE,Federal Contract Tower,12,13,6,0,31,0,46,73,0,119,12,59,79,0,150,0,0,0,150
12/23/2015,GSN,MP,AWP,WE,Federal Contract Tower,12,13,7,0,32,0,67,139,0,206,12,80,146,0,238,0,0,0,238
12/24/2015,GSN,MP,AWP,WE,Federal Contract Tower,14,15,3,0,32,0,93,152,0,245,14,108,155,0,277,0,0,0,277
12/25/2015,GSN,MP,AWP,WE,Federal Contract Tower,14,10,2,0,26,0,61,106,0,167,14,71,108,0,193,0,0,0,193
12/26/2015,GSN,MP,AWP,WE,Federal Contract Tower,14,22,14,0,50,0,58,107,0,165,14,80,121,0,215,0,0,0,215
12/27/2015,GSN,MP,AWP,WE,Federal Contract Tower,19,10,0,0,29,0,57,172,0,229,19,67,172,0,258,0,0,0,258
12/28/2015,GSN,MP,AWP,WE,Federal Contract Tower,14,16,10,0,40,0,76,119,0,195,14,92,129,0,235,0,0,0,235
12/29/2015,GSN,MP,AWP,WE,Federal Contract Tower,14,13,4,0,31,0,59,107,0,166,14,72,111,0,197,0,0,0,197
12/30/2015,GSN,MP,AWP,WE,Federal Contract Tower,16,15,8,0,39,0,58,163,0,221,16,73,171,0,260,0,0,0,260
12/31/2015,GSN,MP,AWP,WE,Federal Contract Tower,19,14,1,0,34,0,70,94,0,164,19,84,95,0,198,0,0,0,198
01/01/2016,GSN,MP,AWP,WE,Federal Contract Tower,16,10,3,0,29,0,47,60,0,107,16,57,63,0,136,0,0,0,136
01/02/2016,GSN,MP,AWP,WE,Federal Contract Tower,15,10,7,0,32,0,64,85,0,149,15,74,92,0,181,0,0,0,181
01/03/2016,GSN,MP,AWP,WE,Federal Contract Tower,21,12,3,0,36,0,69,152,0,221,21,81,155,0,257,0,0,0,257
01/04/2016,GSN,MP,AWP,WE,Federal Contract Tower,13,11,7,0,31,0,59,110,0,169,13,70,117,0,200,2,0,2,202
01/05/2016,GSN,MP,AWP,WE,Federal Contract Tower,13,9,7,0,29,0,79,102,0,181,13,88,109,0,210,0,0,0,210
01/06/2016,GSN,MP,AWP,WE,Federal Contract Tower,13,16,3,0,32,0,59,131,0,190,13,75,134,0,222,0,0,0,222
01/07/2016,GSN,MP,AWP,WE,Federal Contract Tower,15,14,7,0,36,0,113,86,0,199,15,127,93,0,235,0,0,0,235
01/08/2016,GSN,MP,AWP,WE,Federal Contract Tower,16,15,7,0,38,0,45,145,0,190,16,60,152,0,228,0,0,0,228
01/09/2016,GSN,MP,AWP,WE,Federal Contract Tower,12,12,2,0,26,0,60,125,0,185,12,72,127,0,211,0,0,0,211
01/10/2016,GSN,MP,AWP,WE,Federal Contract Tower,17,8,3,0,28,0,119,135,0,254,17,127,138,0,282,0,0,0,282
01/11/2016,GSN,MP,AWP,WE,Federal Contract Tower,13,14,7,0,34,0,67,146,0,213,13,81,153,0,247,0,0,0,247
01/12/2016,GSN,MP,AWP,WE,Federal Contract Tower,14,12,1,0,27,0,120,159,0,279,14,132,160,0,306,4,0,4,310
01/13/2016,GSN,MP,AWP,WE,Federal Contract Tower,14,12,3,0,29,0,66,89,0,155,14,78,92,0,184,0,0,0,184
01/14/2016,GSN,MP,AWP,WE,Federal Contract Tower,15,8,6,0,29,0,74,94,0,168,15,82,100,0,197,0,0,0,197
01/15/2016,GSN,MP,AWP,WE,Federal Contract Tower,15,9,16,0,40,0,112,81,0,193,15,121,97,0,233,0,0,0,233
01/16/2016,GSN,MP,AWP,WE,Federal Contract Tower,14,13,3,0,30,0,74,165,0,239,14,87,168,0,269,0,0,0,269
01/17/2016,GSN,MP,AWP,WE,Federal Contract Tower,16,10,3,0,29,0,31,126,0,157,16,41,129,0,186,0,0,0,186
01/18/2016,GSN,MP,AWP,WE,Federal Contract Tower,15,14,3,0,32,0,117,122,0,239,15,131,125,0,271,4,0,4,275
01/19/2016,GSN,MP,AWP,WE,Federal Contract Tower,13,15,0,0,28,0,76,105,0,181,13,91,105,0,209,0,0,0,209
01/20/2016,GSN,MP,AWP,WE,Federal Contract Tower,13,14,6,0,33,0,131,148,0,279,13,145,154,0,312,0,0,0,312
01/21/2016,GSN,MP,AWP,WE,Federal Contract Tower,15,12,5,0,32,0,55,123,3,181,15,67,128,3,213,0,0,0,213
01/22/2016,GSN,MP,AWP,WE,Federal Contract Tower,15,12,6,0,33,0,76,118,0,194,15,88,124,0,227,0,0,0,227
01/23/2016,GSN,MP,AWP,WE,Federal Contract Tower,13,10,11,0,34,0,136,138,0,274,13,146,149,0,308,0,0,0,308
01/24/2016,GSN,MP,AWP,WE,Federal Contract Tower,18,10,1,0,29,0,35,127,0,162,18,45,128,0,191,0,0,0,191
01/25/2016,GSN,MP,AWP,WE,Federal Contract Tower,15,12,6,0,33,0,129,162,0,291,15,141,168,0,324,0,0,0,324
01/26/2016,GSN,MP,AWP,WE,Federal Contract Tower,15,18,3,0,36,0,42,90,0,132,15,60,93,0,168,0,0,0,168
01/27/2016,GSN,MP,AWP,WE,Federal Contract Tower,13,15,5,0,33,0,64,161,0,225,13,79,166,0,258,0,0,0,258
01/28/2016,GSN,MP,AWP,WE,Federal Contract Tower,16,11,10,0,37,0,103,57,0,160,16,114,67,0,197,0,0,0,197
01/29/2016,GSN,MP,AWP,WE,Federal Contract Tower,13,15,5,0,33,0,72,39,0,111,13,87,44,0,144,0,0,0,144
01/30/2016,GSN,MP,AWP,WE,Federal Contract Tower,16,9,9,0,34,0,151,106,0,257,16,160,115,0,291,0,0,0,291
01/31/2016,GSN,MP,AWP,WE,Federal Contract Tower,19,11,3,0,33,0,35,170,0,205,19,46,173,0,238,6,0,6,244
02/01/2016,GSN,MP,AWP,WE,Federal Contract Tower,16,15,3,0,34,0,94,165,0,259,16,109,168,0,293,0,0,0,293
02/02/2016,GSN,MP,AWP,WE,Federal Contract Tower,16,14,4,0,34,0,121,182,0,303,16,135,186,0,337,0,0,0,337
02/03/2016,GSN,MP,AWP,WE,Federal Contract Tower,14,14,10,0,38,0,87,35,0,122,14,101,45,0,160,0,0,0,160
02/04/2016,GSN,MP,AWP,WE,Federal Contract Tower,17,13,3,0,33,0,124,282,0,406,17,137,285,0,439,0,0,0,439
02/05/2016,GSN,MP,AWP,WE,Federal Contract Tower,20,14,6,0,40,0,84,190,0,274,20,98,196,0,314,0,0,0,314
02/06/2016,GSN,MP,AWP,WE,Federal Contract Tower,21,7,8,0,36,0,81,134,0,215,21,88,142,0,251,0,0,0,251
02/07/2016,GSN,MP,AWP,WE,Federal Contract Tower,21,13,3,0,37,0,129,179,0,308,21,142,182,0,345,0,0,0,345
02/08/2016,GSN,MP,AWP,WE,Federal Contract Tower,16,15,2,0,33,0,90,181,2,273,16,105,183,2,306,0,0,0,306
02/09/2016,GSN,MP,AWP,WE,Federal Contract Tower,18,13,1,1,33,0,132,183,1,316,18,145,184,2,349,0,0,0,349
02/10/2016,GSN,MP,AWP,WE,Federal Contract Tower,18,15,8,1,42,0,87,197,1,285,18,102,205,2,327,0,0,0,327
02/11/2016,GSN,MP,AWP,WE,Federal Contract Tower,19,13,7,18,57,0,89,227,13,329,19,102,234,31,386,0,0,0,386
02/12/2016,GSN,MP,AWP,WE,Federal Contract Tower,15,16,5,10,46,0,144,197,5,346,15,160,202,15,392,0,0,0,392
02/13/2016,GSN,MP,AWP,WE,Federal Contract Tower,18,10,4,0,32,0,96,152,0,248,18,106,156,0,280,0,0,0,280
02/14/2016,GSN,MP,AWP,WE,Federal Contract Tower,19,11,1,0,31,0,160,209,0,369,19,171,210,0,400,0,0,0,400
02/15/2016,GSN,MP,AWP,WE,Federal Contract Tower,16,17,3,1,37,0,72,221,1,294,16,89,224,2,331,0,0,0,331
02/16/2016,GSN,MP,AWP,WE,Federal Contract Tower,19,16,3,0,38,0,69,158,3,230,19,85,161,3,268,0,0,0,268
02/17/2016,GSN,MP,AWP,WE,Federal Contract Tower,16,17,6,2,41,0,123,182,6,311,16,140,188,8,352,0,0,0,352
02/18/2016,GSN,MP,AWP,WE,Federal Contract Tower,15,17,1,4,37,0,91,212,3,306,15,108,213,7,343,0,0,0,343
02/19/2016,GSN,MP,AWP,WE,Federal Contract Tower,16,13,12,2,43,0,151,193,2,346,16,164,205,4,389,0,0,0,389
02/20/2016,GSN,MP,AWP,WE,Federal Contract Tower,18,12,6,1,37,0,83,142,6,231,18,95,148,7,268,2,0,2,270
02/21/2016,GSN,MP,AWP,WE,Federal Contract Tower,18,12,2,0,32,0,68,168,0,236,18,80,170,0,268,0,0,0,268
02/22/2016,GSN,MP,AWP,WE,Federal Contract Tower,18,14,9,1,42,0,137,165,16,318,18,151,174,17,360,0,0,0,360
02/23/2016,GSN,MP,AWP,WE,Federal Contract Tower,15,14,4,0,33,0,51,125,0,176,15,65,129,0,209,0,0,0,209
02/24/2016,GSN,MP,AWP,WE,Federal Contract Tower,13,15,7,2,37,0,0,0,0,0,13,15,7,2,37,0,4,4,41
02/25/2016,GSN,MP,AWP,WE,Federal Contract Tower,16,14,7,0,37,0,48,181,0,229,16,62,188,0,266,0,0,0,266
02/26/2016,GSN,MP,AWP,WE,Federal Contract Tower,16,14,4,2,36,0,80,162,0,242,16,94,166,2,278,0,0,0,278
02/27/2016,GSN,MP,AWP,WE,Federal Contract Tower,14,12,11,0,37,0,126,137,2,265,14,138,148,2,302,0,0,0,302
02/28/2016,GSN,MP,AWP,WE,Federal Contract Tower,8,13,4,0,25,0,45,120,0,165,8,58,124,0,190,0,0,0,190
02/29/2016,GSN,MP,AWP,WE,Federal Contract Tower,16,15,6,0,37,0,135,149,0,284,16,150,155,0,321,0,0,0,321
03/01/2016,GSN,MP,AWP,WE,Federal Contract Tower,13,16,10,0,39,0,58,114,0,172,13,74,124,0,211,0,0,0,211
03/02/2016,GSN,MP,AWP,WE,Federal Contract Tower,14,15,6,0,35,0,75,191,0,266,14,90,197,0,301,0,0,0,301
03/03/2016,GSN,MP,AWP,WE,Federal Contract Tower,17,15,2,0,34,0,81,158,1,240,17,96,160,1,274,0,0,0,274
03/04/2016,GSN,MP,AWP,WE,Federal Contract Tower,13,15,3,0,31,0,51,86,2,139,13,66,89,2,170,0,0,0,170
03/05/2016,GSN,MP,AWP,WE,Federal Contract Tower,14,13,0,0,27,0,51,85,0,136,14,64,85,0,163,0,0,0,163
03/06/2016,GSN,MP,AWP,WE,Federal Contract Tower,16,10,0,0,26,0,58,126,0,184,16,68,126,0,210,0,0,0,210
03/07/2016,GSN,MP,AWP,WE,Federal Contract Tower,13,16,7,0,36,0,42,104,0,146,13,58,111,0,182,0,0,0,182
03/08/2016,GSN,MP,AWP,WE,Federal Contract Tower,15,16,4,0,35,0,38,75,0,113,15,54,79,0,148,0,0,0,148
03/09/2016,GSN,MP,AWP,WE,Federal Contract Tower,12,13,0,0,25,0,54,172,0,226,12,67,172,0,251,0,0,0,251
03/10/2016,GSN,MP,AWP,WE,Federal Contract Tower,14,12,4,0,30,0,55,171,0,226,14,67,175,0,256,0,0,0,256
03/11/2016,GSN,MP,AWP,WE,Federal Contract Tower,14,15,2,0,31,68,188,0,0,256,82,203,2,0,287,0,0,0,287
03/12/2016,GSN,MP,AWP,WE,Federal Contract Tower,13,11,2,0,26,0,45,137,0,182,13,56,139,0,208,0,0,0,208
03/13/2016,GSN,MP,AWP,WE,Federal Contract Tower,18,10,0,0,28,0,62,123,0,185,18,72,123,0,213,0,0,0,213
03/14/2016,GSN,MP,AWP,WE,Federal Contract Tower,14,12,5,0,31,0,45,123,0,168,14,57,128,0,199,0,0,0,199
03/15/2016,GSN,MP,AWP,WE,Federal Contract Tower,13,12,5,0,30,0,41,90,0,131,13,53,95,0,161,0,0,0,161
03/16/2016,GSN,MP,AWP,WE,Federal Contract Tower,13,13,4,0,30,0,67,207,0,274,13,80,211,0,304,0,0,0,304
03/17/2016,GSN,MP,AWP,WE,Federal Contract Tower,15,13,11,0,39,0,71,119,0,190,15,84,130,0,229,0,0,0,229
03/18/2016,GSN,MP,AWP,WE,Federal Contract Tower,16,16,6,0,38,0,64,94,0,158,16,80,100,0,196,0,0,0,196
03/19/2016,GSN,MP,AWP,WE,Federal Contract Tower,13,12,5,0,30,0,66,122,0,188,13,78,127,0,218,0,0,0,218
03/20/2016,GSN,MP,AWP,WE,Federal Contract Tower,18,10,2,0,30,0,40,132,0,172,18,50,134,0,202,4,0,4,206
03/21/2016,GSN,MP,AWP,WE,Federal Contract Tower,16,12,7,0,35,0,48,131,0,179,16,60,138,0,214,0,0,0,214
03/22/2016,GSN,MP,AWP,WE,Federal Contract Tower,12,15,6,0,33,0,40,101,1,142,12,55,107,1,175,0,0,0,175
03/23/2016,GSN,MP,AWP,WE,Federal Contract Tower,15,14,7,0,36,0,58,116,2,176,15,72,123,2,212,0,0,0,212
03/24/2016,GSN,MP,AWP,WE,Federal Contract Tower,16,10,10,2,38,0,41,179,0,220,16,51,189,2,258,0,0,0,258
03/25/2016,GSN,MP,AWP,WE,Federal Contract Tower,14,10,7,0,31,0,48,148,0,196,14,58,155,0,227,0,0,0,227
03/26/2016,GSN,MP,AWP,WE,Federal Contract Tower,14,11,2,0,27,0,34,126,0,160,14,45,128,0,187,0,0,0,187
03/27/2016,GSN,MP,AWP,WE,Federal Contract Tower,17,10,2,0,29,0,45,120,0,165,17,55,122,0,194,0,0,0,194
03/28/2016,GSN,MP,AWP,WE,Federal Contract Tower,10,14,9,2,35,0,55,106,0,161,10,69,115,2,196,0,0,0,196
03/29/2016,GSN,MP,AWP,WE,Federal Contract Tower,13,12,8,0,33,0,50,89,2,141,13,62,97,2,174,0,0,0,174
03/30/2016,GSN,MP,AWP,WE,Federal Contract Tower,10,15,6,0,31,0,58,102,0,160,10,73,108,0,191,0,0,0,191
03/31/2016,GSN,MP,AWP,WE,Federal Contract Tower,12,12,4,4,32,0,61,150,0,211,12,73,154,4,243,0,0,0,243
04/01/2016,GSN,MP,AWP,WE,Federal Contract Tower,14,12,6,1,33,0,67,137,0,204,14,79,143,1,237,0,0,0,237
04/02/2016,GSN,MP,AWP,WE,Federal Contract Tower,11,11,2,0,24,0,47,133,0,180,11,58,135,0,204,0,0,0,204
04/03/2016,GSN,MP,AWP,WE,Federal Contract Tower,14,10,2,0,26,0,43,153,0,196,14,53,155,0,222,0,0,0,222
04/04/2016,GSN,MP,AWP,WE,Federal Contract Tower,13,13,8,0,34,0,41,125,0,166,13,54,133,0,200,0,0,0,200
04/05/2016,GSN,MP,AWP,WE,Federal Contract Tower,12,14,3,0,29,0,53,98,0,151,12,67,101,0,180,0,0,0,180
04/06/2016,GSN,MP,AWP,WE,Federal Contract Tower,10,13,8,0,31,0,36,182,0,218,10,49,190,0,249,0,0,0,249
04/07/2016,GSN,MP,AWP,WE,Federal Contract Tower,13,10,6,0,29,0,45,100,0,145,13,55,106,0,174,0,0,0,174
04/08/2016,GSN,MP,AWP,WE,Federal Contract Tower,13,11,7,0,31,0,60,89,0,149,13,71,96,0,180,0,0,0,180
04/09/2016,GSN,MP,AWP,WE,Federal Contract Tower,10,11,3,0,24,0,44,108,0,152,10,55,111,0,176,0,0,0,176
04/10/2016,GSN,MP,AWP,WE,Federal Contract Tower,14,13,1,0,28,0,32,137,0,169,14,45,138,0,197,0,0,0,197
04/11/2016,GSN,MP,AWP,WE,Federal Contract Tower,11,10,8,0,29,0,43,148,0,191,11,53,156,0,220,0,0,0,220
04/12/2016,GSN,MP,AWP,WE,Federal Contract Tower,10,14,5,0,29,0,39,84,0,123,10,53,89,0,152,0,0,0,152
04/13/2016,GSN,MP,AWP,WE,Federal Contract Tower,10,10,10,0,30,0,51,125,0,176,10,61,135,0,206,0,0,0,206
04/14/2016,GSN,MP,AWP,WE,Federal Contract Tower,13,12,4,0,29,0,0,0,0,0,13,12,4,0,29,0,0,0,29
04/15/2016,GSN,MP,AWP,WE,Federal Contract Tower,12,14,5,0,31,0,63,96,0,159,12,77,101,0,190,0,0,0,190
04/16/2016,GSN,MP,AWP,WE,Federal Contract Tower,12,15,2,0,29,0,0,0,0,0,12,15,2,0,29,0,0,0,29
04/17/2016,GSN,MP,AWP,WE,Federal Contract Tower,16,10,1,0,27,0,45,153,0,198,16,55,154,0,225,0,0,0,225
04/18/2016,GSN,MP,AWP,WE,Federal Contract Tower,11,14,5,0,30,0,48,90,2,140,11,62,95,2,170,0,0,0,170
04/19/2016,GSN,MP,AWP,WE,Federal Contract Tower,9,16,3,0,28,0,39,101,0,140,9,55,104,0,168,0,0,0,168
04/20/2016,GSN,MP,AWP,WE,Federal Contract Tower,10,15,3,0,28,0,65,158,0,223,10,80,161,0,251,0,0,0,251
04/21/2016,GSN,MP,AWP,WE,Federal Contract Tower,8,13,9,1,31,0,37,162,1,200,8,50,171,2,231,0,0,0,231
04/22/2016,GSN,MP,AWP,WE,Federal Contract Tower,15,16,4,0,35,0,48,109,0,157,15,64,113,0,192,0,0,0,192
04/23/2016,GSN,MP,AWP,WE,Federal Contract Tower,10,12,0,1,23,0,37,110,0,147,10,49,110,1,170,0,0,0,170
04/24/2016,GSN,MP,AWP,WE,Federal Contract Tower,15,10,1,0,26,0,37,130,0,167,15,47,131,0,193,0,0,0,193
04/25/2016,GSN,MP,AWP,WE,Federal Contract Tower,10,15,5,0,30,0,41,104,0,145,10,56,109,0,175,0,0,0,175
04/26/2016,GSN,MP,AWP,WE,Federal Contract Tower,8,13,3,0,24,0,41,114,0,155,8,54,117,0,179,0,0,0,179
04/27/2016,GSN,MP,AWP,WE,Federal Contract Tower,10,18,2,0,30,0,46,197,0,243,10,64,199,0,273,0,0,0,273
04/28/2016,GSN,MP,AWP,WE,Federal Contract Tower,14,15,2,0,31,0,53,132,0,185,14,68,134,0,216,0,0,0,216
04/29/2016,GSN,MP,AWP,WE,Federal Contract Tower,14,13,2,0,29,0,84,145,0,229,14,97,147,0,258,0,0,0,258
04/30/2016,GSN,MP,AWP,WE,Federal Contract Tower,13,11,3,0,27,0,59,143,0,202,13,70,146,0,229,0,0,0,229
05/01/2016,GSN,MP,AWP,WE,Federal Contract Tower,15,12,0,0,27,0,68,222,0,290,15,80,222,0,317,0,0,0,317
05/02/2016,GSN,MP,AWP,WE,Federal Contract Tower,14,15,5,0,34,0,54,142,0,196,14,69,147,0,230,0,0,0,230
05/03/2016,GSN,MP,AWP,WE,Federal Contract Tower,13,18,5,0,36,0,52,179,0,231,13,70,184,0,267,0,0,0,267
05/04/2016,GSN,MP,AWP,WE,Federal Contract Tower,12,17,4,0,33,0,54,171,0,225,12,71,175,0,258,0,0,0,258
05/05/2016,GSN,MP,AWP,WE,Federal Contract Tower,16,12,4,0,32,0,46,140,2,188,16,58,144,2,220,0,0,0,220
05/06/2016,GSN,MP,AWP,WE,Federal Contract Tower,14,13,4,0,31,0,69,145,0,214,14,82,149,0,245,0,0,0,245
05/07/2016,GSN,MP,AWP,WE,Federal Contract Tower,12,12,1,0,25,0,60,91,0,151,12,72,92,0,176,0,0,0,176
05/08/2016,GSN,MP,AWP,WE,Federal Contract Tower,16,11,0,0,27,0,50,104,0,154,16,61,104,0,181,0,0,0,181
05/09/2016,GSN,MP,AWP,WE,Federal Contract Tower,10,16,7,0,33,0,32,104,0,136,10,48,111,0,169,0,0,0,169
05/10/2016,GSN,MP,AWP,WE,Federal Contract Tower,8,13,3,0,24,0,32,97,0,129,8,45,100,0,153,0,0,0,153
05/11/2016,GSN,MP,AWP,WE,Federal Contract Tower,10,12,6,0,28,0,60,157,0,217,10,72,163,0,245,0,0,0,245
05/12/2016,GSN,MP,AWP,WE,Federal Contract Tower,12,13,3,2,30,0,52,128,3,183,12,65,131,5,213,0,0,0,213
05/13/2016,GSN,MP,AWP,WE,Federal Contract Tower,11,12,6,0,29,0,72,163,2,237,11,84,169,2,266,0,0,0,266
05/14/2016,GSN,MP,AWP,WE,Federal Contract Tower,10,11,5,0,26,0,46,128,0,174,10,57,133,0,200,0,0,0,200
05/15/2016,GSN,MP,AWP,WE,Federal Contract Tower,14,13,1,0,28,0,66,181,0,247,14,79,182,0,275,0,0,0,275
05/16/2016,GSN,MP,AWP,WE,Federal Contract Tower,10,12,9,0,31,0,58,158,0,216,10,70,167,0,247,0,0,0,247
05/17/2016,GSN,MP,AWP,WE,Federal Contract Tower,8,11,4,2,25,0,60,169,0,229,8,71,173,2,254,0,0,0,254
05/18/2016,GSN,MP,AWP,WE,Federal Contract Tower,12,9,2,0,23,0,77,156,0,233,12,86,158,0,256,0,0,0,256
05/19/2016,GSN,MP,AWP,WE,Federal Contract Tower,12,10,8,0,30,0,40,154,0,194,12,50,162,0,224,0,0,0,224
05/20/2016,GSN,MP,AWP,WE,Federal Contract Tower,12,11,3,0,26,0,56,134,0,190,12,67,137,0,216,0,0,0,216
05/21/2016,GSN,MP,AWP,WE,Federal Contract Tower,10,13,3,0,26,0,55,122,0,177,10,68,125,0,203,0,0,0,203
05/22/2016,GSN,MP,AWP,WE,Federal Contract Tower,14,10,0,0,24,0,49,139,0,188,14,59,139,0,212,0,0,0,212
05/23/2016,GSN,MP,AWP,WE,Federal Contract Tower,10,10,7,0,27,0,45,167,0,212,10,55,174,0,239,0,0,0,239
05/24/2016,GSN,MP,AWP,WE,Federal Contract Tower,8,15,7,0,30,0,38,214,0,252,8,53,221,0,282,0,0,0,282
05/25/2016,GSN,MP,AWP,WE,Federal Contract Tower,10,15,10,0,35,0,63,199,8,270,10,78,209,8,305,0,0,0,305
05/26/2016,GSN,MP,AWP,WE,Federal Contract Tower,12,13,4,0,29,0,62,189,0,251,12,75,193,0,280,0,0,0,280
05/27/2016,GSN,MP,AWP,WE,Federal Contract Tower,12,13,7,0,32,0,71,141,0,212,12,84,148,0,244,0,0,0,244
05/28/2016,GSN,MP,AWP,WE,Federal Contract Tower,10,14,3,0,27,0,47,144,0,191,10,61,147,0,218,0,0,0,218
05/29/2016,GSN,MP,AWP,WE,Federal Contract Tower,15,13,4,0,32,0,31,146,0,177,15,44,150,0,209,0,0,0,209
05/30/2016,GSN,MP,AWP,WE,Federal Contract Tower,11,11,3,0,25,0,56,136,0,192,11,67,139,0,217,0,0,0,217
05/31/2016,GSN,MP,AWP,WE,Federal Contract Tower,8,13,2,0,23,0,51,82,0,133,8,64,84,0,156,0,0,0,156
06/01/2016,GSN,MP,AWP,WE,Federal Contract Tower,10,14,6,0,30,0,70,161,0,231,10,84,167,0,261,0,0,0,261
06/02/2016,GSN,MP,AWP,WE,Federal Contract Tower,13,12,3,0,28,0,53,143,0,196,13,65,146,0,224,0,0,0,224
06/03/2016,GSN,MP,AWP,WE,Federal Contract Tower,11,12,9,0,32,0,67,115,0,182,11,79,124,0,214,0,0,0,214
06/04/2016,GSN,MP,AWP,WE,Federal Contract Tower,10,14,3,0,27,0,52,149,0,201,10,66,152,0,228,0,0,0,228
06/05/2016,GSN,MP,AWP,WE,Federal Contract Tower,15,12,1,0,28,0,66,148,0,214,15,78,149,0,242,0,0,0,242
06/06/2016,GSN,MP,AWP,WE,Federal Contract Tower,10,13,7,4,34,0,43,183,0,226,10,56,190,4,260,0,0,0,260
06/07/2016,GSN,MP,AWP,WE,Federal Contract Tower,11,20,8,0,39,0,45,109,0,154,11,65,117,0,193,0,0,0,193
06/08/2016,GSN,MP,AWP,WE,Federal Contract Tower,9,14,13,0,36,0,58,157,0,215,9,72,170,0,251,0,0,0,251
06/09/2016,GSN,MP,AWP,WE,Federal Contract Tower,14,11,8,0,33,0,65,201,0,266,14,76,209,0,299,0,0,0,299
06/10/2016,GSN,MP,AWP,WE,Federal Contract Tower,15,17,6,0,38,0,87,136,0,223,15,104,142,0,261,0,0,0,261
06/11/2016,GSN,MP,AWP,WE,Federal Contract Tower,12,11,3,0,26,0,68,128,0,196,12,79,131,0,222,0,0,0,222
06/12/2016,GSN,MP,AWP,WE,Federal Contract Tower,17,13,5,0,35,0,50,126,0,176,17,63,131,0,211,0,0,0,211
06/13/2016,GSN,MP,AWP,WE,Federal Contract Tower,14,16,7,2,39,0,48,188,0,236,14,64,195,2,275,0,0,0,275
06/14/2016,GSN,MP,AWP,WE,Federal Contract Tower,12,13,6,0,31,0,44,147,0,191,12,57,153,0,222,0,0,0,222
06/15/2016,GSN,MP,AWP,WE,Federal Contract Tower,12,13,2,0,27,0,57,182,0,239,12,70,184,0,266,0,0,0,266
06/16/2016,GSN,MP,AWP,WE,Federal Contract Tower,16,12,4,0,32,0,60,168,0,228,16,72,172,0,260,0,0,0,260
06/17/2016,GSN,MP,AWP,WE,Federal Contract Tower,15,18,5,0,38,0,56,122,0,178,15,74,127,0,216,0,0,0,216
06/18/2016,GSN,MP,AWP,WE,Federal Contract Tower,12,15,3,0,30,0,50,94,0,144,12,65,97,0,174,0,0,0,174
06/19/2016,GSN,MP,AWP,WE,Federal Contract Tower,16,13,3,0,32,0,41,153,0,194,16,54,156,0,226,0,0,0,226
06/20/2016,GSN,MP,AWP,WE,Federal Contract Tower,13,17,5,0,35,0,37,151,0,188,13,54,156,0,223,0,0,0,223
06/21/2016,GSN,MP,AWP,WE,Federal Contract Tower,14,16,5,0,35,0,34,142,0,176,14,50,147,0,211,0,0,0,211
06/22/2016,GSN,MP,AWP,WE,Federal Contract Tower,12,19,9,0,40,0,55,165,0,220,12,74,174,0,260,0,0,0,260
06/23/2016,GSN,MP,AWP,WE,Federal Contract Tower,18,12,11,0,41,0,44,180,0,224,18,56,191,0,265,0,0,0,265
06/24/2016,GSN,MP,AWP,WE,Federal Contract Tower,16,15,7,0,38,0,61,181,0,242,16,76,188,0,280,0,0,0,280
06/25/2016,GSN,MP,AWP,WE,Federal Contract Tower,12,18,6,0,36,0,50,163,0,213,12,68,169,0,249,0,0,0,249
06/26/2016,GSN,MP,AWP,WE,Federal Contract Tower,17,13,3,0,33,0,57,159,0,216,17,70,162,0,249,0,0,0,249
06/27/2016,GSN,MP,AWP,WE,Federal Contract Tower,15,17,5,0,37,0,51,194,0,245,15,68,199,0,282,0,0,0,282
06/28/2016,GSN,MP,AWP,WE,Federal Contract Tower,13,16,4,0,33,0,101,181,0,282,13,117,185,0,315,0,0,0,315
06/29/2016,GSN,MP,AWP,WE,Federal Contract Tower,12,16,8,0,36,0,50,124,0,174,12,66,132,0,210,0,0,0,210
06/30/2016,GSN,MP,AWP,WE,Federal Contract Tower,17,11,6,0,34,0,68,172,0,240,17,79,178,0,274,0,0,0,274
07/01/2016,GSN,MP,AWP,WE,Federal Contract Tower,15,15,4,0,34,0,71,152,0,223,15,86,156,0,257,0,0,0,257
07/02/2016,GSN,MP,AWP,WE,Federal Contract Tower,12,14,4,0,30,0,47,95,0,142,12,61,99,0,172,0,0,0,172
07/03/2016,GSN,MP,AWP,WE,Federal Contract Tower,16,16,2,0,34,0,54,151,0,205,16,70,153,0,239,0,0,0,239
07/04/2016,GSN,MP,AWP,WE,Federal Contract Tower,13,17,9,0,39,0,41,120,0,161,13,58,129,0,200,0,0,0,200
07/05/2016,GSN,MP,AWP,WE,Federal Contract Tower,13,19,9,0,41,0,57,100,0,157,13,76,109,0,198,0,0,0,198
07/06/2016,GSN,MP,AWP,WE,Federal Contract Tower,13,18,7,0,38,0,53,174,0,227,13,71,181,0,265,0,0,0,265
07/07/2016,GSN,MP,AWP,WE,Federal Contract Tower,18,18,3,0,39,0,42,175,0,217,18,60,178,0,256,0,0,0,256
07/08/2016,GSN,MP,AWP,WE,Federal Contract Tower,14,15,14,0,43,0,61,156,0,217,14,76,170,0,260,0,0,0,260
07/09/2016,GSN,MP,AWP,WE,Federal Contract Tower,13,15,5,0,33,0,55,225,0,280,13,70,230,0,313,0,0,0,313
07/10/2016,GSN,MP,AWP,WE,Federal Contract Tower,16,15,1,0,32,0,46,185,0,231,16,61,186,0,263,0,0,0,263
07/11/2016,GSN,MP,AWP,WE,Federal Contract Tower,17,17,5,0,39,0,42,213,0,255,17,59,218,0,294,0,0,0,294
07/12/2016,GSN,MP,AWP,WE,Federal Contract Tower,12,16,3,0,31,0,48,163,0,211,12,64,166,0,242,0,0,0,242
07/13/2016,GSN,MP,AWP,WE,Federal Contract Tower,12,14,7,0,33,0,46,213,0,259,12,60,220,0,292,0,0,0,292
07/14/2016,GSN,MP,AWP,WE,Federal Contract Tower,19,17,6,0,42,0,46,136,0,182,19,63,142,0,224,0,0,0,224
07/15/2016,GSN,MP,AWP,WE,Federal Contract Tower,15,15,8,0,38,0,72,128,0,200,15,87,136,0,238,0,0,0,238
07/16/2016,GSN,MP,AWP,WE,Federal Contract Tower,15,12,3,0,30,0,43,175,0,218,15,55,178,0,248,0,0,0,248
07/17/2016,GSN,MP,AWP,WE,Federal Contract Tower,20,12,5,0,37,0,63,152,0,215,20,75,157,0,252,0,0,0,252
07/18/2016,GSN,MP,AWP,WE,Federal Contract Tower,18,13,8,0,39,0,46,173,0,219,18,59,181,0,258,0,0,0,258
07/19/2016,GSN,MP,AWP,WE,Federal Contract Tower,12,15,8,0,35,0,54,198,0,252,12,69,206,0,287,0,0,0,287
07/20/2016,GSN,MP,AWP,WE,Federal Contract Tower,11,11,7,0,29,0,51,239,0,290,11,62,246,0,319,0,0,0,319
07/21/2016,GSN,MP,AWP,WE,Federal Contract Tower,20,13,6,4,43,0,52,185,0,237,20,65,191,4,280,0,0,0,280
07/22/2016,GSN,MP,AWP,WE,Federal Contract Tower,16,13,7,0,36,0,61,107,0,168,16,74,114,0,204,0,0,0,204
07/23/2016,GSN,MP,AWP,WE,Federal Contract Tower,12,11,6,0,29,0,40,178,0,218,12,51,184,0,247,0,0,0,247
07/24/2016,GSN,MP,AWP,WE,Federal Contract Tower,17,15,6,0,38,0,61,163,0,224,17,76,169,0,262,0,0,0,262
07/25/2016,GSN,MP,AWP,WE,Federal Contract Tower,19,12,6,0,37,0,44,166,0,210,19,56,172,0,247,0,0,0,247
07/26/2016,GSN,MP,AWP,WE,Federal Contract Tower,14,17,8,0,39,0,38,160,0,198,14,55,168,0,237,0,0,0,237
07/27/2016,GSN,MP,AWP,WE,Federal Contract Tower,17,13,6,0,36,0,63,191,1,255,17,76,197,1,291,0,0,0,291
07/28/2016,GSN,MP,AWP,WE,Federal Contract Tower,19,14,5,2,40,0,53,162,2,217,19,67,167,4,257,0,0,0,257
07/29/2016,GSN,MP,AWP,WE,Federal Contract Tower,15,14,8,0,37,0,57,129,0,186,15,71,137,0,223,6,0,6,229
07/30/2016,GSN,MP,AWP,WE,Federal Contract Tower,16,15,0,0,31,0,53,162,0,215,16,68,162,0,246,0,0,0,246
07/31/2016,GSN,MP,AWP,WE,Federal Contract Tower,19,15,3,0,37,0,48,165,0,213,19,63,168,0,250,0,0,0,250
08/01/2016,GSN,MP,AWP,WE,Federal Contract Tower,20,19,5,0,44,0,56,116,0,172,20,75,121,0,216,0,0,0,216
08/02/2016,GSN,MP,AWP,WE,Federal Contract Tower,11,21,4,0,36,0,42,145,0,187,11,63,149,0,223,0,0,0,223
08/03/2016,GSN,MP,AWP,WE,Federal Contract Tower,16,18,7,0,41,0,36,68,0,104,16,54,75,0,145,0,0,0,145
08/04/2016,GSN,MP,AWP,WE,Federal Contract Tower,18,14,8,0,40,0,32,9,0,41,18,46,17,0,81,0,0,0,81
08/05/2016,GSN,MP,AWP,WE,Federal Contract Tower,16,17,8,0,41,0,20,1,0,21,16,37,9,0,62,0,0,0,62
08/06/2016,GSN,MP,AWP,WE,Federal Contract Tower,15,13,9,0,37,0,26,33,0,59,15,39,42,0,96,0,0,0,96
08/07/2016,GSN,MP,AWP,WE,Federal Contract Tower,19,16,2,0,37,0,32,140,0,172,19,48,142,0,209,0,0,0,209
08/08/2016,GSN,MP,AWP,WE,Federal Contract Tower,16,18,7,0,41,0,53,191,0,244,16,71,198,0,285,0,0,0,285
08/09/2016,GSN,MP,AWP,WE,Federal Contract Tower,15,16,4,0,35,0,54,154,0,208,15,70,158,0,243,0,0,0,243
08/10/2016,GSN,MP,AWP,WE,Federal Contract Tower,17,17,4,0,38,0,54,200,0,254,17,71,204,0,292,0,0,0,292
08/11/2016,GSN,MP,AWP,WE,Federal Contract Tower,24,14,3,0,41,0,53,141,0,194,24,67,144,0,235,0,0,0,235
08/12/2016,GSN,MP,AWP,WE,Federal Contract Tower,21,16,6,0,43,0,46,159,0,205,21,62,165,0,248,0,0,0,248
08/13/2016,GSN,MP,AWP,WE,Federal Contract Tower,16,12,0,0,28,0,38,186,0,224,16,50,186,0,252,0,0,0,252
08/14/2016,GSN,MP,AWP,WE,Federal Contract Tower,21,14,4,0,39,0,26,19,0,45,21,40,23,0,84,0,0,0,84
08/15/2016,GSN,MP,AWP,WE,Federal Contract Tower,23,15,9,0,47,0,37,175,0,212,23,52,184,0,259,0,0,0,259
08/16/2016,GSN,MP,AWP,WE,Federal Contract Tower,16,19,6,0,41,0,36,152,0,188,16,55,158,0,229,0,0,0,229
08/17/2016,GSN,MP,AWP,WE,Federal Contract Tower,19,16,11,0,46,0,29,10,0,39,19,45,21,0,85,0,0,0,85
08/18/2016,GSN,MP,AWP,WE,Federal Contract Tower,26,15,12,0,53,0,47,87,0,134,26,62,99,0,187,0,0,0,187
08/19/2016,GSN,MP,AWP,WE,Federal Contract Tower,14,11,12,0,37,0,44,102,0,146,14,55,114,0,183,0,0,0,183
08/20/2016,GSN,MP,AWP,WE,Federal Contract Tower,15,14,6,0,35,0,38,161,0,199,15,52,167,0,234,0,0,0,234
08/21/2016,GSN,MP,AWP,WE,Federal Contract Tower,20,17,2,0,39,0,32,131,0,163,20,49,133,0,202,0,0,0,202
08/22/2016,GSN,MP,AWP,WE,Federal Contract Tower,15,16,11,0,42,0,27,127,0,154,15,43,138,0,196,0,0,0,196
08/23/2016,GSN,MP,AWP,WE,Federal Contract Tower,12,14,12,0,38,0,38,130,0,168,12,52,142,0,206,0,0,0,206
08/24/2016,GSN,MP,AWP,WE,Federal Contract Tower,15,15,4,0,34,0,48,240,0,288,15,63,244,0,322,0,0,0,322
08/25/2016,GSN,MP,AWP,WE,Federal Contract Tower,21,10,7,0,38,0,51,157,0,208,21,61,164,0,246,0,0,0,246
08/26/2016,GSN,MP,AWP,WE,Federal Contract Tower,17,16,6,0,39,0,64,155,0,219,17,80,161,0,258,0,0,0,258
08/27/2016,GSN,MP,AWP,WE,Federal Contract Tower,16,11,7,0,34,0,55,152,0,207,16,66,159,0,241,6,0,6,247
08/28/2016,GSN,MP,AWP,WE,Federal Contract Tower,18,12,4,0,34,0,57,153,0,210,18,69,157,0,244,0,0,0,244
08/29/2016,GSN,MP,AWP,WE,Federal Contract Tower,16,14,11,0,41,0,62,140,0,202,16,76,151,0,243,0,0,0,243
08/30/2016,GSN,MP,AWP,WE,Federal Contract Tower,13,13,7,0,33,0,48,120,0,168,13,61,127,0,201,0,0,0,201
08/31/2016,GSN,MP,AWP,WE,Federal Contract Tower,13,16,10,0,39,0,64,175,0,239,13,80,185,0,278,0,0,0,278
09/01/2016,GSN,MP,AWP,WE,Federal Contract Tower,18,17,8,0,43,0,69,147,0,216,18,86,155,0,259,0,0,0,259
09/02/2016,GSN,MP,AWP,WE,Federal Contract Tower,15,14,10,0,39,0,63,130,0,193,15,77,140,0,232,0,0,0,232
09/03/2016,GSN,MP,AWP,WE,Federal Contract Tower,13,11,6,0,30,0,46,206,0,252,13,57,212,0,282,0,0,0,282
09/04/2016,GSN,MP,AWP,WE,Federal Contract Tower,17,11,4,0,32,0,39,194,0,233,17,50,198,0,265,0,0,0,265
09/05/2016,GSN,MP,AWP,WE,Federal Contract Tower,17,11,15,0,43,0,43,156,0,199,17,54,171,0,242,0,0,0,242
09/06/2016,GSN,MP,AWP,WE,Federal Contract Tower,13,14,4,0,31,0,49,165,0,214,13,63,169,0,245,0,0,0,245
09/07/2016,GSN,MP,AWP,WE,Federal Contract Tower,12,16,14,0,42,0,40,212,0,252,12,56,226,0,294,0,0,0,294
09/08/2016,GSN,MP,AWP,WE,Federal Contract Tower,18,15,8,0,41,0,48,199,0,247,18,63,207,0,288,0,0,0,288
09/09/2016,GSN,MP,AWP,WE,Federal Contract Tower,15,11,7,0,33,0,46,112,0,158,15,57,119,0,191,0,0,0,191
09/10/2016,GSN,MP,AWP,WE,Federal Contract Tower,14,12,3,0,29,0,21,137,0,158,14,33,140,0,187,0,0,0,187
09/11/2016,GSN,MP,AWP,WE,Federal Contract Tower,16,12,1,0,29,0,40,135,0,175,16,52,136,0,204,0,0,0,204
09/12/2016,GSN,MP,AWP,WE,Federal Contract Tower,16,14,12,0,42,0,45,106,0,151,16,59,118,0,193,0,0,0,193
09/13/2016,GSN,MP,AWP,WE,Federal Contract Tower,12,14,7,0,33,0,45,86,0,131,12,59,93,0,164,0,0,0,164
09/14/2016,GSN,MP,AWP,WE,Federal Contract Tower,12,13,12,0,37,0,51,86,0,137,12,64,98,0,174,0,0,0,174
09/15/2016,GSN,MP,AWP,WE,Federal Contract Tower,26,14,7,1,48,0,41,179,0,220,26,55,186,1,268,0,5,5,273
09/16/2016,GSN,MP,AWP,WE,Federal Contract Tower,15,11,5,2,33,0,73,145,1,219,15,84,150,3,252,0,0,0,252
09/17/2016,GSN,MP,AWP,WE,Federal Contract Tower,12,13,3,0,28,0,40,169,0,209,12,53,172,0,237,0,0,0,237
09/18/2016,GSN,MP,AWP,WE,Federal Contract Tower,22,13,1,0,36,0,38,151,0,189,22,51,152,0,225,0,0,0,225
09/19/2016,GSN,MP,AWP,WE,Federal Contract Tower,17,12,15,0,44,0,64,151,0,215,17,76,166,0,259,0,0,0,259
09/20/2016,GSN,MP,AWP,WE,Federal Contract Tower,12,11,9,2,34,0,53,181,4,238,12,64,190,6,272,0,0,0,272
09/21/2016,GSN,MP,AWP,WE,Federal Contract Tower,13,12,10,1,36,0,51,168,3,222,13,63,178,4,258,0,0,0,258
09/22/2016,GSN,MP,AWP,WE,Federal Contract Tower,19,12,8,0,39,0,25,50,0,75,19,37,58,0,114,0,0,0,114
09/23/2016,GSN,MP,AWP,WE,Federal Contract Tower,14,15,17,0,46,0,44,66,0,110,14,59,83,0,156,0,0,0,156
09/24/2016,GSN,MP,AWP,WE,Federal Contract Tower,12,10,3,0,25,0,54,174,0,228,12,64,177,0,253,0,0,0,253
09/25/2016,GSN,MP,AWP,WE,Federal Contract Tower,20,11,8,0,39,0,30,164,0,194,20,41,172,0,233,0,0,0,233
09/26/2016,GSN,MP,AWP,WE,Federal Contract Tower,18,12,11,0,41,0,54,147,0,201,18,66,158,0,242,0,0,0,242
09/27/2016,GSN,MP,AWP,WE,Federal Contract Tower,17,11,4,0,32,0,71,160,2,233,17,82,164,2,265,0,0,0,265
09/28/2016,GSN,MP,AWP,WE,Federal Contract Tower,12,18,16,0,46,0,53,89,0,142,12,71,105,0,188,0,0,0,188
09/29/2016,GSN,MP,AWP,WE,Federal Contract Tower,19,16,11,0,46,0,46,143,0,189,19,62,154,0,235,0,0,0,235
09/30/2016,GSN,MP,AWP,WE,Federal Contract Tower,17,14,9,4,44,0,61,165,0,226,17,75,174,4,270,0,0,0,270
10/01/2016,GSN,MP,AWP,WE,Federal Contract Tower,12,13,5,0,30,0,61,223,0,284,12,74,228,0,314,4,0,4,318
10/02/2016,GSN,MP,AWP,WE,Federal Contract Tower,16,12,6,0,34,0,36,190,0,226,16,48,196,0,260,0,0,0,260
10/03/2016,GSN,MP,AWP,WE,Federal Contract Tower,17,10,11,0,38,0,58,188,0,246,17,68,199,0,284,0,0,0,284
10/04/2016,GSN,MP,AWP,WE,Federal Contract Tower,13,13,4,0,30,0,62,274,0,336,13,75,278,0,366,0,0,0,366
10/05/2016,GSN,MP,AWP,WE,Federal Contract Tower,11,14,5,1,31,0,52,274,4,330,11,66,279,5,361,0,0,0,361
10/06/2016,GSN,MP,AWP,WE,Federal Contract Tower,18,12,5,0,35,0,52,263,0,315,18,64,268,0,350,0,0,0,350
10/07/2016,GSN,MP,AWP,WE,Federal Contract Tower,15,11,13,0,39,0,65,207,0,272,15,76,220,0,311,0,0,0,311
10/08/2016,GSN,MP,AWP,WE,Federal Contract Tower,13,13,4,0,30,0,48,161,0,209,13,61,165,0,239,0,0,0,239
10/09/2016,GSN,MP,AWP,WE,Federal Contract Tower,15,12,4,0,31,0,50,189,2,241,15,62,193,2,272,0,0,0,272
10/10/2016,GSN,MP,AWP,WE,Federal Contract Tower,16,12,8,0,36,0,67,138,0,205,16,79,146,0,241,0,0,0,241
10/11/2016,GSN,MP,AWP,WE,Federal Contract Tower,10,12,7,0,29,0,67,157,0,224,10,79,164,0,253,0,0,0,253
10/12/2016,GSN,MP,AWP,WE,Federal Contract Tower,14,8,7,0,29,0,79,216,0,295,14,87,223,0,324,0,0,0,324
10/13/2016,GSN,MP,AWP,WE,Federal Contract Tower,21,12,7,0,40,0,54,185,0,239,21,66,192,0,279,0,0,0,279
10/14/2016,GSN,MP,AWP,WE,Federal Contract Tower,17,12,8,0,37,0,51,126,0,177,17,63,134,0,214,0,0,0,214
10/15/2016,GSN,MP,AWP,WE,Federal Contract Tower,14,10,4,0,28,0,39,130,0,169,14,49,134,0,197,0,0,0,197
10/16/2016,GSN,MP,AWP,WE,Federal Contract Tower,16,13,3,0,32,0,41,144,0,185,16,54,147,0,217,0,0,0,217
10/17/2016,GSN,MP,AWP,WE,Federal Contract Tower,19,11,4,0,34,0,51,123,0,174,19,62,127,0,208,0,0,0,208
10/18/2016,GSN,MP,AWP,WE,Federal Contract Tower,10,12,7,0,29,0,67,159,0,226,10,79,166,0,255,0,0,0,255
10/19/2016,GSN,MP,AWP,WE,Federal Contract Tower,12,14,4,0,30,0,56,130,0,186,12,70,134,0,216,0,0,0,216
10/20/2016,GSN,MP,AWP,WE,Federal Contract Tower,18,8,8,0,34,0,45,159,0,204,18,53,167,0,238,0,0,0,238
10/21/2016,GSN,MP,AWP,WE,Federal Contract Tower,16,11,8,0,35,0,65,141,0,206,16,76,149,0,241,0,0,0,241
10/22/2016,GSN,MP,AWP,WE,Federal Contract Tower,12,8,4,0,24,0,57,207,0,264,12,65,211,0,288,4,0,4,292
10/23/2016,GSN,MP,AWP,WE,Federal Contract Tower,18,11,7,0,36,0,39,163,0,202,18,50,170,0,238,0,0,0,238
10/24/2016,GSN,MP,AWP,WE,Federal Contract Tower,17,13,12,0,42,0,51,212,0,263,17,64,224,0,305,0,0,0,305
10/25/2016,GSN,MP,AWP,WE,Federal Contract Tower,15,14,10,0,39,0,53,124,0,177,15,67,134,0,216,0,0,0,216
10/26/2016,GSN,MP,AWP,WE,Federal Contract Tower,12,10,10,0,32,0,48,184,0,232,12,58,194,0,264,0,0,0,264
10/27/2016,GSN,MP,AWP,WE,Federal Contract Tower,17,9,8,0,34,0,63,154,4,221,17,72,162,4,255,0,0,0,255
10/28/2016,GSN,MP,AWP,WE,Federal Contract Tower,17,12,11,0,40,0,64,156,0,220,17,76,167,0,260,0,0,0,260
10/29/2016,GSN,MP,AWP,WE,Federal Contract Tower,16,11,8,0,35,0,45,172,0,217,16,56,180,0,252,0,0,0,252
10/30/2016,GSN,MP,AWP,WE,Federal Contract Tower,20,12,3,0,35,0,42,131,0,173,20,54,134,0,208,0,0,0,208
10/31/2016,GSN,MP,AWP,WE,Federal Contract Tower,18,11,6,0,35,0,58,152,0,210,18,69,158,0,245,0,0,0,245
11/01/2016,GSN,MP,AWP,WE,Federal Contract Tower,16,10,9,8,43,0,46,204,0,250,16,56,213,8,293,0,0,0,293
11/02/2016,GSN,MP,AWP,WE,Federal Contract Tower,15,14,5,2,36,0,44,111,0,155,15,58,116,2,191,0,0,0,191
11/03/2016,GSN,MP,AWP,WE,Federal Contract Tower,22,13,12,0,47,0,54,114,0,168,22,67,126,0,215,0,0,0,215
11/04/2016,GSN,MP,AWP,WE,Federal Contract Tower,18,13,12,0,43,0,38,16,0,54,18,51,28,0,97,0,0,0,97
11/05/2016,GSN,MP,AWP,WE,Federal Contract Tower,16,10,3,0,29,0,44,13,0,57,16,54,16,0,86,0,0,0,86
11/06/2016,GSN,MP,AWP,WE,Federal Contract Tower,18,13,5,0,36,0,43,147,6,196,18,56,152,6,232,0,0,0,232
11/07/2016,GSN,MP,AWP,WE,Federal Contract Tower,19,13,6,0,38,0,57,141,0,198,19,70,147,0,236,0,0,0,236
11/08/2016,GSN,MP,AWP,WE,Federal Contract Tower,16,11,6,0,33,0,64,94,10,168,16,75,100,10,201,0,0,0,201
11/09/2016,GSN,MP,AWP,WE,Federal Contract Tower,14,12,3,1,30,0,56,188,4,248,14,68,191,5,278,0,0,0,278
11/10/2016,GSN,MP,AWP,WE,Federal Contract Tower,22,10,9,5,46,0,52,133,0,185,22,62,142,5,231,0,0,0,231
11/11/2016,GSN,MP,AWP,WE,Federal Contract Tower,18,12,5,1,36,0,45,120,0,165,18,57,125,1,201,0,0,0,201
11/12/2016,GSN,MP,AWP,WE,Federal Contract Tower,18,11,6,0,35,0,46,125,0,171,18,57,131,0,206,0,0,0,206
11/13/2016,GSN,MP,AWP,WE,Federal Contract Tower,20,10,2,0,32,0,39,174,0,213,20,49,176,0,245,0,0,0,245
11/14/2016,GSN,MP,AWP,WE,Federal Contract Tower,18,10,14,1,43,0,55,133,8,196,18,65,147,9,239,0,0,0,239
11/15/2016,GSN,MP,AWP,WE,Federal Contract Tower,18,10,9,4,41,0,55,147,0,202,18,65,156,4,243,0,0,0,243
11/16/2016,GSN,MP,AWP,WE,Federal Contract Tower,14,13,6,1,34,0,40,204,4,248,14,53,210,5,282,0,0,0,282
11/17/2016,GSN,MP,AWP,WE,Federal Contract Tower,20,12,18,0,50,0,35,186,0,221,20,47,204,0,271,0,0,0,271
11/18/2016,GSN,MP,AWP,WE,Federal Contract Tower,19,10,12,0,41,0,53,106,0,159,19,63,118,0,200,0,0,0,200
11/19/2016,GSN,MP,AWP,WE,Federal Contract Tower,16,12,8,0,36,0,54,156,0,210,16,66,164,0,246,0,0,0,246
11/20/2016,GSN,MP,AWP,WE,Federal Contract Tower,19,10,1,0,30,0,46,151,0,197,19,56,152,0,227,0,0,0,227
11/21/2016,GSN,MP,AWP,WE,Federal Contract Tower,19,10,9,0,38,0,53,143,0,196,19,63,152,0,234,0,0,0,234
11/22/2016,GSN,MP,AWP,WE,Federal Contract Tower,17,13,14,0,44,0,75,113,6,194,17,88,127,6,238,0,0,0,238
11/23/2016,GSN,MP,AWP,WE,Federal Contract Tower,14,11,9,0,34,0,56,207,0,263,14,67,216,0,297,0,0,0,297
11/24/2016,GSN,MP,AWP,WE,Federal Contract Tower,22,10,7,0,39,0,51,150,0,201,22,61,157,0,240,0,0,0,240
11/25/2016,GSN,MP,AWP,WE,Federal Contract Tower,19,10,6,0,35,0,67,146,0,213,19,77,152,0,248,0,0,0,248
11/26/2016,GSN,MP,AWP,WE,Federal Contract Tower,17,10,2,0,29,0,45,165,0,210,17,55,167,0,239,0,0,0,239
11/27/2016,GSN,MP,AWP,WE,Federal Contract Tower,20,10,6,0,36,0,60,126,0,186,20,70,132,0,222,0,0,0,222
11/28/2016,GSN,MP,AWP,WE,Federal Contract Tower,20,10,14,0,44,0,53,119,0,172,20,63,133,0,216,0,0,0,216
11/29/2016,GSN,MP,AWP,WE,Federal Contract Tower,14,13,10,0,37,0,44,142,9,195,14,57,152,9,232,0,0,0,232
11/30/2016,GSN,MP,AWP,WE,Federal Contract Tower,15,11,8,0,34,0,59,116,0,175,15,70,124,0,209,0,0,0,209
12/01/2016,GSN,MP,AWP,WE,Federal Contract Tower,24,13,6,0,43,0,44,98,0,142,24,57,104,0,185,0,0,0,185
12/02/2016,GSN,MP,AWP,WE,Federal Contract Tower,18,12,9,0,39,0,48,123,7,178,18,60,132,7,217,0,0,0,217
12/03/2016,GSN,MP,AWP,WE,Federal Contract Tower,16,13,9,0,38,0,47,142,0,189,16,60,151,0,227,0,0,0,227
12/04/2016,GSN,MP,AWP,WE,Federal Contract Tower,23,12,1,0,36,0,58,176,0,234,23,70,177,0,270,0,0,0,270
12/05/2016,GSN,MP,AWP,WE,Federal Contract Tower,19,10,15,0,44,0,41,158,0,199,19,51,173,0,243,2,0,2,245
12/06/2016,GSN,MP,AWP,WE,Federal Contract Tower,16,9,9,0,34,0,48,162,0,210,16,57,171,0,244,0,0,0,244
12/07/2016,GSN,MP,AWP,WE,Federal Contract Tower,16,12,10,0,38,0,46,172,0,218,16,58,182,0,256,0,0,0,256
12/08/2016,GSN,MP,AWP,WE,Federal Contract Tower,22,11,6,0,39,0,59,152,0,211,22,70,158,0,250,0,0,0,250
12/09/2016,GSN,MP,AWP,WE,Federal Contract Tower,18,12,11,0,41,0,76,136,0,212,18,88,147,0,253,0,0,0,253
12/10/2016,GSN,MP,AWP,WE,Federal Contract Tower,15,11,6,1,33,0,54,170,1,225,15,65,176,2,258,0,0,0,258
12/11/2016,GSN,MP,AWP,WE,Federal Contract Tower,23,10,2,0,35,0,44,184,0,228,23,54,186,0,263,0,0,0,263
12/12/2016,GSN,MP,AWP,WE,Federal Contract Tower,19,13,5,0,37,0,42,136,0,178,19,55,141,0,215,0,0,0,215
12/13/2016,GSN,MP,AWP,WE,Federal Contract Tower,15,11,8,0,34,0,62,193,0,255,15,73,201,0,289,0,0,0,289
12/14/2016,GSN,MP,AWP,WE,Federal Contract Tower,15,11,11,0,37,0,57,242,0,299,15,68,253,0,336,0,0,0,336
12/15/2016,GSN,MP,AWP,WE,Federal Contract Tower,31,10,4,0,45,0,54,142,0,196,31,64,146,0,241,0,0,0,241
12/16/2016,GSN,MP,AWP,WE,Federal Contract Tower,21,12,8,0,41,0,60,167,0,227,21,72,175,0,268,0,0,0,268
12/17/2016,GSN,MP,AWP,WE,Federal Contract Tower,17,15,6,0,38,0,67,116,0,183,17,82,122,0,221,0,0,0,221
12/18/2016,GSN,MP,AWP,WE,Federal Contract Tower,25,10,5,0,40,0,43,103,0,146,25,53,108,0,186,0,0,0,186
12/19/2016,GSN,MP,AWP,WE,Federal Contract Tower,20,13,8,0,41,0,49,150,0,199,20,62,158,0,240,0,0,0,240
12/20/2016,GSN,MP,AWP,WE,Federal Contract Tower,14,11,9,0,34,0,65,190,0,255,14,76,199,0,289,0,0,0,289
12/21/2016,GSN,MP,AWP,WE,Federal Contract Tower,15,13,7,0,35,0,48,49,0,97,15,61,56,0,132,0,0,0,132
12/22/2016,GSN,MP,AWP,WE,Federal Contract Tower,25,16,7,6,54,0,50,219,0,269,25,66,226,6,323,0,0,0,323
12/23/2016,GSN,MP,AWP,WE,Federal Contract Tower,20,16,6,0,42,0,55,111,10,176,20,71,117,10,218,0,0,0,218
12/24/2016,GSN,MP,AWP,WE,Federal Contract Tower,18,13,6,0,37,0,48,167,0,215,18,61,173,0,252,0,0,0,252
12/25/2016,GSN,MP,AWP,WE,Federal Contract Tower,27,10,0,0,37,0,43,128,0,171,27,53,128,0,208,0,0,0,208
12/26/2016,GSN,MP,AWP,WE,Federal Contract Tower,23,11,9,0,43,0,40,110,0,150,23,51,119,0,193,0,0,0,193
12/27/2016,GSN,MP,AWP,WE,Federal Contract Tower,20,15,3,0,38,0,51,132,0,183,20,66,135,0,221,0,0,0,221
12/28/2016,GSN,MP,AWP,WE,Federal Contract Tower,18,14,5,0,37,0,61,210,2,273,18,75,215,2,310,0,0,0,310
12/29/2016,GSN,MP,AWP,WE,Federal Contract Tower,28,12,4,0,44,0,50,166,2,218,28,62,170,2,262,0,0,0,262
12/30/2016,GSN,MP,AWP,WE,Federal Contract Tower,21,12,3,0,36,0,76,136,0,212,21,88,139,0,248,0,0,0,248
12/31/2016,GSN,MP,AWP,WE,Federal Contract Tower,22,14,4,0,40,0,42,164,2,208,22,56,168,2,248,0,0,0,248
01/01/2017,GSN,MP,AWP,WE,Federal Contract Tower,27,11,4,0,42,0,43,197,0,240,27,54,201,0,282,0,0,0,282
01/02/2017,GSN,MP,AWP,WE,Federal Contract Tower,24,16,5,0,45,0,54,137,0,191,24,70,142,0,236,0,0,0,236
01/03/2017,GSN,MP,AWP,WE,Federal Contract Tower,21,13,5,0,39,0,44,168,0,212,21,57,173,0,251,0,0,0,251
01/04/2017,GSN,MP,AWP,WE,Federal Contract Tower,19,14,8,0,41,0,49,159,0,208,19,63,167,0,249,0,0,0,249
01/05/2017,GSN,MP,AWP,WE,Federal Contract Tower,26,16,2,0,44,0,62,82,0,144,26,78,84,0,188,0,0,0,188
01/06/2017,GSN,MP,AWP,WE,Federal Contract Tower,23,15,6,0,44,0,54,77,0,131,23,69,83,0,175,0,0,0,175
01/07/2017,GSN,MP,AWP,WE,Federal Contract Tower,17,17,3,0,37,0,48,183,0,231,17,65,186,0,268,0,0,0,268
01/08/2017,GSN,MP,AWP,WE,Federal Contract Tower,28,11,4,0,43,0,49,109,0,158,28,60,113,0,201,0,0,0,201
01/09/2017,GSN,MP,AWP,WE,Federal Contract Tower,22,14,4,0,40,0,48,117,0,165,22,62,121,0,205,0,0,0,205
01/10/2017,GSN,MP,AWP,WE,Federal Contract Tower,19,15,3,0,37,0,46,175,0,221,19,61,178,0,258,0,0,0,258
01/11/2017,GSN,MP,AWP,WE,Federal Contract Tower,23,15,9,0,47,0,51,162,0,213,23,66,171,0,260,0,0,0,260
01/12/2017,GSN,MP,AWP,WE,Federal Contract Tower,26,17,8,0,51,0,63,188,7,258,26,80,196,7,309,0,0,0,309
01/13/2017,GSN,MP,AWP,WE,Federal Contract Tower,22,18,11,0,51,0,73,187,0,260,22,91,198,0,311,0,0,0,311
01/14/2017,GSN,MP,AWP,WE,Federal Contract Tower,18,14,2,0,34,0,57,127,0,184,18,71,129,0,218,0,0,0,218
01/15/2017,GSN,MP,AWP,WE,Federal Contract Tower,29,14,1,0,44,0,55,192,0,247,29,69,193,0,291,0,0,0,291
01/16/2017,GSN,MP,AWP,WE,Federal Contract Tower,23,20,11,0,54,0,34,50,0,84,23,54,61,0,138,0,0,0,138
01/17/2017,GSN,MP,AWP,WE,Federal Contract Tower,20,21,7,0,48,0,15,3,0,18,20,36,10,0,66,0,0,0,66
01/18/2017,GSN,MP,AWP,WE,Federal Contract Tower,24,19,2,2,47,0,54,194,8,256,24,73,196,10,303,0,0,0,303
01/19/2017,GSN,MP,AWP,WE,Federal Contract Tower,27,14,5,0,46,0,71,203,0,274,27,85,208,0,320,0,0,0,320
01/20/2017,GSN,MP,AWP,WE,Federal Contract Tower,27,14,6,0,47,0,54,122,0,176,27,68,128,0,223,0,0,0,223
01/21/2017,GSN,MP,AWP,WE,Federal Contract Tower,25,12,6,0,43,0,51,239,0,290,25,63,245,0,333,0,0,0,333
01/22/2017,GSN,MP,AWP,WE,Federal Contract Tower,31,13,2,0,46,0,39,209,0,248,31,52,211,0,294,0,0,0,294
01/23/2017,GSN,MP,AWP,WE,Federal Contract Tower,25,12,6,0,43,0,55,207,0,262,25,67,213,0,305,0,0,0,305
01/24/2017,GSN,MP,AWP,WE,Federal Contract Tower,23,18,2,0,43,0,90,186,0,276,23,108,188,0,319,0,0,0,319
01/25/2017,GSN,MP,AWP,WE,Federal Contract Tower,24,16,9,0,49,0,60,237,0,297,24,76,246,0,346,0,0,0,346
01/26/2017,GSN,MP,AWP,WE,Federal Contract Tower,29,16,5,0,50,0,50,217,0,267,29,66,222,0,317,0,0,0,317
01/27/2017,GSN,MP,AWP,WE,Federal Contract Tower,24,15,4,0,43,0,65,192,0,257,24,80,196,0,300,0,0,0,300
01/28/2017,GSN,MP,AWP,WE,Federal Contract Tower,21,19,8,0,48,0,49,100,0,149,21,68,108,0,197,0,0,0,197
01/29/2017,GSN,MP,AWP,WE,Federal Contract Tower,31,12,2,0,45,0,73,272,0,345,31,85,274,0,390,0,0,0,390
01/30/2017,GSN,MP,AWP,WE,Federal Contract Tower,28,14,13,0,55,0,65,253,0,318,28,79,266,0,373,0,0,0,373
01/31/2017,GSN,MP,AWP,WE,Federal Contract Tower,22,15,6,0,43,0,66,279,0,345,22,81,285,0,388,0,0,0,388
02/01/2017,GSN,MP,AWP,WE,Federal Contract Tower,22,15,5,0,42,0,88,284,0,372,22,103,289,0,414,0,0,0,414
02/02/2017,GSN,MP,AWP,WE,Federal Contract Tower,29,15,5,0,49,0,57,250,4,311,29,72,255,4,360,0,0,0,360
02/03/2017,GSN,MP,AWP,WE,Federal Contract Tower,25,14,8,0,47,0,76,267,4,347,25,90,275,4,394,0,0,0,394
02/04/2017,GSN,MP,AWP,WE,Federal Contract Tower,24,18,4,0,46,0,47,216,0,263,24,65,220,0,309,0,0,0,309
02/05/2017,GSN,MP,AWP,WE,Federal Contract Tower,32,13,1,0,46,0,34,245,0,279,32,47,246,0,325,0,0,0,325
02/06/2017,GSN,MP,AWP,WE,Federal Contract Tower,24,15,4,0,43,0,61,245,0,306,24,76,249,0,349,0,0,0,349
02/07/2017,GSN,MP,AWP,WE,Federal Contract Tower,19,11,10,0,40,0,77,284,0,361,19,88,294,0,401,0,0,0,401
02/08/2017,GSN,MP,AWP,WE,Federal Contract Tower,25,11,9,0,45,0,42,202,0,244,25,53,211,0,289,0,0,0,289
02/09/2017,GSN,MP,AWP,WE,Federal Contract Tower,32,11,7,0,50,0,56,258,6,320,32,67,265,6,370,0,0,0,370
02/10/2017,GSN,MP,AWP,WE,Federal Contract Tower,26,11,11,0,48,0,73,232,0,305,26,84,243,0,353,0,0,0,353
02/11/2017,GSN,MP,AWP,WE,Federal Contract Tower,20,11,8,0,39,0,58,191,0,249,20,69,199,0,288,0,0,0,288
02/12/2017,GSN,MP,AWP,WE,Federal Contract Tower,29,14,4,0,47,0,47,119,0,166,29,61,123,0,213,0,0,0,213
02/13/2017,GSN,MP,AWP,WE,Federal Contract Tower,23,19,7,0,49,0,39,101,0,140,23,58,108,0,189,0,0,0,189
02/14/2017,GSN,MP,AWP,WE,Federal Contract Tower,20,12,12,6,50,0,37,141,4,182,20,49,153,10,232,0,0,0,232
02/15/2017,GSN,MP,AWP,WE,Federal Contract Tower,22,11,14,0,47,0,80,191,0,271,22,91,205,0,318,0,0,0,318
02/16/2017,GSN,MP,AWP,WE,Federal Contract Tower,28,10,16,6,60,0,50,167,4,221,28,60,183,10,281,0,0,0,281
02/17/2017,GSN,MP,AWP,WE,Federal Contract Tower,24,13,9,0,46,0,91,132,0,223,24,104,141,0,269,0,0,0,269
02/18/2017,GSN,MP,AWP,WE,Federal Contract Tower,20,10,6,0,36,0,68,216,0,284,20,78,222,0,320,0,0,0,320
02/19/2017,GSN,MP,AWP,WE,Federal Contract Tower,29,13,3,0,45,0,74,159,0,233,29,87,162,0,278,0,0,0,278
02/20/2017,GSN,MP,AWP,WE,Federal Contract Tower,24,14,10,4,52,0,65,132,2,199,24,79,142,6,251,0,0,0,251
02/21/2017,GSN,MP,AWP,WE,Federal Contract Tower,18,13,10,6,47,0,63,168,4,235,18,76,178,10,282,0,0,0,282
02/22/2017,GSN,MP,AWP,WE,Federal Contract Tower,24,10,12,0,46,0,99,152,0,251,24,109,164,0,297,0,0,0,297
02/23/2017,GSN,MP,AWP,WE,Federal Contract Tower,28,10,4,0,42,0,72,133,2,207,28,82,137,2,249,0,0,0,249
02/24/2017,GSN,MP,AWP,WE,Federal Contract Tower,23,13,9,0,45,0,62,177,0,239,23,75,186,0,284,0,0,0,284
02/25/2017,GSN,MP,AWP,WE,Federal Contract Tower,19,14,4,0,37,0,44,209,2,255,19,58,213,2,292,0,0,0,292
02/26/2017,GSN,MP,AWP,WE,Federal Contract Tower,29,12,4,0,45,0,54,228,0,282,29,66,232,0,327,0,0,0,327
02/27/2017,GSN,MP,AWP,WE,Federal Contract Tower,23,14,11,2,50,0,60,131,4,195,23,74,142,6,245,0,0,0,245
02/28/2017,GSN,MP,AWP,WE,Federal Contract Tower,18,11,9,2,40,0,49,174,4,227,18,60,183,6,267,0,0,0,267
03/01/2017,GSN,MP,AWP,WE,Federal Contract Tower,21,10,10,0,41,0,44,179,0,223,21,54,189,0,264,0,0,0,264
03/02/2017,GSN,MP,AWP,WE,Federal Contract Tower,25,14,12,0,51,0,31,118,6,155,25,45,130,6,206,0,0,0,206
03/03/2017,GSN,MP,AWP,WE,Federal Contract Tower,22,12,10,2,46,0,53,194,0,247,22,65,204,2,293,0,0,0,293
03/04/2017,GSN,MP,AWP,WE,Federal Contract Tower,17,11,5,0,33,0,52,147,0,199,17,63,152,0,232,0,0,0,232
03/05/2017,GSN,MP,AWP,WE,Federal Contract Tower,24,12,1,0,37,0,37,157,0,194,24,49,158,0,231,0,0,0,231
03/06/2017,GSN,MP,AWP,WE,Federal Contract Tower,22,8,11,0,41,0,40,126,0,166,22,48,137,0,207,4,0,4,211
03/07/2017,GSN,MP,AWP,WE,Federal Contract Tower,16,12,8,0,36,0,41,170,0,211,16,53,178,0,247,0,0,0,247
03/08/2017,GSN,MP,AWP,WE,Federal Contract Tower,17,12,6,0,35,0,52,209,0,261,17,64,215,0,296,0,0,0,296
03/09/2017,GSN,MP,AWP,WE,Federal Contract Tower,25,11,10,0,46,0,45,171,0,216,25,56,181,0,262,0,0,0,262
03/10/2017,GSN,MP,AWP,WE,Federal Contract Tower,21,10,2,0,33,0,76,147,0,223,21,86,149,0,256,0,0,0,256
03/11/2017,GSN,MP,AWP,WE,Federal Contract Tower,18,13,5,0,36,0,45,142,0,187,18,58,147,0,223,6,0,6,229
03/12/2017,GSN,MP,AWP,WE,Federal Contract Tower,25,12,0,0,37,0,45,191,0,236,25,57,191,0,273,16,0,16,289
03/13/2017,GSN,MP,AWP,WE,Federal Contract Tower,21,15,8,0,44,0,46,154,0,200,21,61,162,0,244,0,0,0,244
03/14/2017,GSN,MP,AWP,WE,Federal Contract Tower,16,12,5,0,33,0,40,161,0,201,16,52,166,0,234,0,0,0,234
03/15/2017,GSN,MP,AWP,WE,Federal Contract Tower,18,14,2,0,34,0,74,187,0,261,18,88,189,0,295,0,0,0,295
03/16/2017,GSN,MP,AWP,WE,Federal Contract Tower,25,13,5,0,43,0,56,196,0,252,25,69,201,0,295,0,0,0,295
03/17/2017,GSN,MP,AWP,WE,Federal Contract Tower,22,15,8,0,45,0,65,145,0,210,22,80,153,0,255,0,0,0,255
03/18/2017,GSN,MP,AWP,WE,Federal Contract Tower,19,18,10,0,47,0,51,159,0,210,19,69,169,0,257,0,0,0,257
03/19/2017,GSN,MP,AWP,WE,Federal Contract Tower,25,10,2,0,37,0,37,145,0,182,25,47,147,0,219,2,0,2,221
03/20/2017,GSN,MP,AWP,WE,Federal Contract Tower,21,21,4,0,46,0,76,144,0,220,21,97,148,0,266,0,0,0,266
03/21/2017,GSN,MP,AWP,WE,Federal Contract Tower,17,16,11,0,44,0,55,178,0,233,17,71,189,0,277,0,0,0,277
03/22/2017,GSN,MP,AWP,WE,Federal Contract Tower,16,14,9,0,39,0,81,188,0,269,16,95,197,0,308,0,0,0,308
03/23/2017,GSN,MP,AWP,WE,Federal Contract Tower,25,15,8,0,48,0,63,186,0,249,25,78,194,0,297,0,0,0,297
03/24/2017,GSN,MP,AWP,WE,Federal Contract Tower,21,14,5,12,52,0,56,131,8,195,21,70,136,20,247,0,0,0,247
03/25/2017,GSN,MP,AWP,WE,Federal Contract Tower,18,12,2,0,32,0,52,165,0,217,18,64,167,0,249,0,0,0,249
03/26/2017,GSN,MP,AWP,WE,Federal Contract Tower,22,11,1,0,34,0,59,198,0,257,22,70,199,0,291,2,0,2,293
03/27/2017,GSN,MP,AWP,WE,Federal Contract Tower,22,16,6,0,44,0,54,141,0,195,22,70,147,0,239,0,0,0,239
03/28/2017,GSN,MP,AWP,WE,Federal Contract Tower,18,11,9,0,38,0,50,154,0,204,18,61,163,0,242,0,0,0,242
03/29/2017,GSN,MP,AWP,WE,Federal Contract Tower,18,16,9,0,43,0,41,195,0,236,18,57,204,0,279,0,0,0,279
03/30/2017,GSN,MP,AWP,WE,Federal Contract Tower,25,12,2,0,39,0,59,187,0,246,25,71,189,0,285,0,0,0,285
03/31/2017,GSN,MP,AWP,WE,Federal Contract Tower,18,16,6,0,40,0,63,176,0,239,18,79,182,0,279,0,0,0,279
04/01/2017,GSN,MP,AWP,WE,Federal Contract Tower,19,11,8,0,38,0,55,203,0,258,19,66,211,0,296,0,0,0,296
04/02/2017,GSN,MP,AWP,WE,Federal Contract Tower,20,13,2,0,35,0,52,208,0,260,20,65,210,0,295,0,0,0,295
04/03/2017,GSN,MP,AWP,WE,Federal Contract Tower,19,16,3,0,38,0,53,192,0,245,19,69,195,0,283,0,0,0,283
04/04/2017,GSN,MP,AWP,WE,Federal Contract Tower,18,14,1,0,33,0,57,191,0,248,18,71,192,0,281,0,0,0,281
04/05/2017,GSN,MP,AWP,WE,Federal Contract Tower,18,12,4,0,34,0,39,154,0,193,18,51,158,0,227,0,0,0,227
04/06/2017,GSN,MP,AWP,WE,Federal Contract Tower,21,20,4,0,45,0,46,232,6,284,21,66,236,6,329,0,0,0,329
04/07/2017,GSN,MP,AWP,WE,Federal Contract Tower,19,15,4,0,38,0,73,168,0,241,19,88,172,0,279,0,0,0,279
04/08/2017,GSN,MP,AWP,WE,Federal Contract Tower,18,11,3,0,32,0,41,198,0,239,18,52,201,0,271,14,0,14,285
04/09/2017,GSN,MP,AWP,WE,Federal Contract Tower,21,16,2,0,39,0,37,208,0,245,21,53,210,0,284,6,0,6,290
04/10/2017,GSN,MP,AWP,WE,Federal Contract Tower,19,12,9,0,40,0,49,190,0,239,19,61,199,0,279,0,0,0,279
04/11/2017,GSN,MP,AWP,WE,Federal Contract Tower,16,11,5,0,32,0,44,179,1,224,16,55,184,1,256,0,0,0,256
04/12/2017,GSN,MP,AWP,WE,Federal Contract Tower,18,14,2,0,34,0,68,239,0,307,18,82,241,0,341,0,0,0,341
04/13/2017,GSN,MP,AWP,WE,Federal Contract Tower,21,14,7,0,42,0,72,189,0,261,21,86,196,0,303,2,0,2,305
04/14/2017,GSN,MP,AWP,WE,Federal Contract Tower,19,15,7,0,41,0,44,152,0,196,19,59,159,0,237,0,0,0,237
04/15/2017,GSN,MP,AWP,WE,Federal Contract Tower,20,6,10,0,36,0,60,226,0,286,20,66,236,0,322,0,0,0,322
04/16/2017,GSN,MP,AWP,WE,Federal Contract Tower,18,12,3,0,33,0,59,224,0,283,18,71,227,0,316,0,0,0,316
04/17/2017,GSN,MP,AWP,WE,Federal Contract Tower,22,14,10,0,46,0,56,199,0,255,22,70,209,0,301,0,0,0,301
04/18/2017,GSN,MP,AWP,WE,Federal Contract Tower,18,13,6,0,37,0,59,168,0,227,18,72,174,0,264,0,0,0,264
04/19/2017,GSN,MP,AWP,WE,Federal Contract Tower,18,14,2,2,36,0,52,261,0,313,18,66,263,2,349,0,0,0,349
04/20/2017,GSN,MP,AWP,WE,Federal Contract Tower,20,6,7,0,33,0,60,182,0,242,20,66,189,0,275,0,0,0,275
04/21/2017,GSN,MP,AWP,WE,Federal Contract Tower,21,18,12,0,51,0,57,166,0,223,21,75,178,0,274,0,0,0,274
04/22/2017,GSN,MP,AWP,WE,Federal Contract Tower,19,14,6,0,39,0,51,211,12,274,19,65,217,12,313,0,0,0,313
04/23/2017,GSN,MP,AWP,WE,Federal Contract Tower,20,12,0,0,32,0,42,201,0,243,20,54,201,0,275,0,0,0,275
04/24/2017,GSN,MP,AWP,WE,Federal Contract Tower,20,12,6,0,38,0,56,206,2,264,20,68,212,2,302,0,0,0,302
04/25/2017,GSN,MP,AWP,WE,Federal Contract Tower,18,14,7,0,39,0,43,218,0,261,18,57,225,0,300,0,0,0,300
04/26/2017,GSN,MP,AWP,WE,Federal Contract Tower,18,17,3,0,38,0,56,228,2,286,18,73,231,2,324,0,0,0,324
04/27/2017,GSN,MP,AWP,WE,Federal Contract Tower,22,12,5,0,39,0,60,208,0,268,22,72,213,0,307,4,0,4,311
04/28/2017,GSN,MP,AWP,WE,Federal Contract Tower,21,11,8,0,40,0,91,197,0,288,21,102,205,0,328,0,0,0,328
04/29/2017,GSN,MP,AWP,WE,Federal Contract Tower,20,15,7,0,42,0,61,203,0,264,20,76,210,0,306,2,0,2,308
04/30/2017,GSN,MP,AWP,WE,Federal Contract Tower,21,11,4,0,36,0,61,225,0,286,21,72,229,0,322,2,0,2,324
05/01/2017,GSN,MP,AWP,WE,Federal Contract Tower,18,11,11,0,40,0,66,167,0,233,18,77,178,0,273,0,0,0,273
05/02/2017,GSN,MP,AWP,WE,Federal Contract Tower,20,11,7,0,38,0,54,229,0,283,20,65,236,0,321,8,0,8,329
05/03/2017,GSN,MP,AWP,WE,Federal Contract Tower,19,16,7,0,42,0,53,191,0,244,19,69,198,0,286,0,0,0,286
05/04/2017,GSN,MP,AWP,WE,Federal Contract Tower,25,13,10,0,48,0,61,183,0,244,25,74,193,0,292,2,0,2,294
05/05/2017,GSN,MP,AWP,WE,Federal Contract Tower,19,11,6,2,38,0,85,78,0,163,19,96,84,2,201,0,0,0,201
05/06/2017,GSN,MP,AWP,WE,Federal Contract Tower,21,11,8,0,40,0,58,204,0,262,21,69,212,0,302,6,0,6,308
05/07/2017,GSN,MP,AWP,WE,Federal Contract Tower,25,14,2,0,41,0,50,153,0,203,25,64,155,0,244,0,0,0,244
05/08/2017,GSN,MP,AWP,WE,Federal Contract Tower,21,11,15,0,47,0,56,147,0,203,21,67,162,0,250,0,0,0,250
05/09/2017,GSN,MP,AWP,WE,Federal Contract Tower,19,11,6,0,36,0,47,119,0,166,19,58,125,0,202,0,0,0,202
05/10/2017,GSN,MP,AWP,WE,Federal Contract Tower,19,10,7,0,36,0,70,211,0,281,19,80,218,0,317,0,0,0,317
05/11/2017,GSN,MP,AWP,WE,Federal Contract Tower,22,13,5,0,40,0,78,235,0,313,22,91,240,0,353,0,0,0,353
05/12/2017,GSN,MP,AWP,WE,Federal Contract Tower,18,13,7,0,38,0,65,164,0,229,18,78,171,0,267,0,0,0,267
05/13/2017,GSN,MP,AWP,WE,Federal Contract Tower,20,10,11,0,41,0,69,187,0,256,20,79,198,0,297,0,0,0,297
05/14/2017,GSN,MP,AWP,WE,Federal Contract Tower,23,10,1,0,34,0,64,161,0,225,23,74,162,0,259,0,0,0,259
05/15/2017,GSN,MP,AWP,WE,Federal Contract Tower,19,14,6,0,39,0,57,144,0,201,19,71,150,0,240,0,0,0,240
05/16/2017,GSN,MP,AWP,WE,Federal Contract Tower,20,15,3,0,38,0,69,206,0,275,20,84,209,0,313,0,0,0,313
05/17/2017,GSN,MP,AWP,WE,Federal Contract Tower,17,10,7,0,34,0,65,216,0,281,17,75,223,0,315,0,0,0,315
05/18/2017,GSN,MP,AWP,WE,Federal Contract Tower,22,19,2,2,45,0,79,137,2,218,22,98,139,4,263,0,0,0,263
05/19/2017,GSN,MP,AWP,WE,Federal Contract Tower,17,12,7,0,36,0,85,210,0,295,17,97,217,0,331,0,0,0,331
05/20/2017,GSN,MP,AWP,WE,Federal Contract Tower,18,14,10,0,42,0,50,201,0,251,18,64,211,0,293,0,0,0,293
05/21/2017,GSN,MP,AWP,WE,Federal Contract Tower,23,10,2,0,35,0,52,193,0,245,23,62,195,0,280,0,0,0,280
05/22/2017,GSN,MP,AWP,WE,Federal Contract Tower,17,16,9,0,42,0,82,160,0,242,17,98,169,0,284,0,0,0,284
05/23/2017,GSN,MP,AWP,WE,Federal Contract Tower,17,15,5,0,37,0,72,181,0,253,17,87,186,0,290,0,0,0,290
05/24/2017,GSN,MP,AWP,WE,Federal Contract Tower,18,15,4,0,37,0,57,246,0,303,18,72,250,0,340,0,0,0,340
05/25/2017,GSN,MP,AWP,WE,Federal Contract Tower,23,16,4,0,43,0,57,210,0,267,23,73,214,0,310,0,0,0,310
05/26/2017,GSN,MP,AWP,WE,Federal Contract Tower,17,15,8,0,40,0,78,168,0,246,17,93,176,0,286,0,0,0,286
05/27/2017,GSN,MP,AWP,WE,Federal Contract Tower,20,11,3,0,34,0,51,207,0,258,20,62,210,0,292,0,0,0,292
05/28/2017,GSN,MP,AWP,WE,Federal Contract Tower,20,7,4,0,31,0,62,270,0,332,20,69,274,0,363,0,0,0,363
05/29/2017,GSN,MP,AWP,WE,Federal Contract Tower,21,4,8,0,33,0,55,217,0,272,21,59,225,0,305,0,0,0,305
05/30/2017,GSN,MP,AWP,WE,Federal Contract Tower,18,15,8,0,41,0,56,234,0,290,18,71,242,0,331,0,0,0,331
05/31/2017,GSN,MP,AWP,WE,Federal Contract Tower,17,15,13,0,45,0,84,285,0,369,17,99,298,0,414,0,0,0,414
06/01/2017,GSN,MP,AWP,WE,Federal Contract Tower,24,13,4,0,41,0,59,261,0,320,24,72,265,0,361,0,0,0,361
06/02/2017,GSN,MP,AWP,WE,Federal Contract Tower,18,10,6,0,34,0,73,234,0,307,18,83,240,0,341,0,0,0,341
06/03/2017,GSN,MP,AWP,WE,Federal Contract Tower,18,13,5,0,36,0,35,221,0,256,18,48,226,0,292,2,0,2,294
06/04/2017,GSN,MP,AWP,WE,Federal Contract Tower,21,11,1,0,33,0,53,196,0,249,21,64,197,0,282,0,0,0,282
06/05/2017,GSN,MP,AWP,WE,Federal Contract Tower,18,14,11,0,43,0,58,230,0,288,18,72,241,0,331,0,0,0,331
06/06/2017,GSN,MP,AWP,WE,Federal Contract Tower,20,10,6,0,36,0,52,206,0,258,20,62,212,0,294,0,0,0,294
06/07/2017,GSN,MP,AWP,WE,Federal Contract Tower,17,17,8,0,42,0,45,224,0,269,17,62,232,0,311,0,0,0,311
06/08/2017,GSN,MP,AWP,WE,Federal Contract Tower,22,15,9,0,46,0,54,241,0,295,22,69,250,0,341,0,0,0,341
06/09/2017,GSN,MP,AWP,WE,Federal Contract Tower,20,12,7,0,39,0,64,231,0,295,20,76,238,0,334,0,0,0,334
06/10/2017,GSN,MP,AWP,WE,Federal Contract Tower,19,13,4,0,36,0,56,241,0,297,19,69,245,0,333,0,0,0,333
06/11/2017,GSN,MP,AWP,WE,Federal Contract Tower,24,16,0,0,40,0,63,160,0,223,24,79,160,0,263,12,0,12,275
06/12/2017,GSN,MP,AWP,WE,Federal Contract Tower,22,11,10,0,43,0,59,239,0,298,22,70,249,0,341,0,0,0,341
06/13/2017,GSN,MP,AWP,WE,Federal Contract Tower,14,12,7,0,33,0,67,226,0,293,14,79,233,0,326,0,0,0,326
06/14/2017,GSN,MP,AWP,WE,Federal Contract Tower,18,12,9,0,39,0,68,260,0,328,18,80,269,0,367,0,0,0,367
06/15/2017,GSN,MP,AWP,WE,Federal Contract Tower,28,15,9,0,52,0,53,211,0,264,28,68,220,0,316,0,0,0,316
06/16/2017,GSN,MP,AWP,WE,Federal Contract Tower,19,10,5,0,34,0,67,236,2,305,19,77,241,2,339,0,0,0,339
06/17/2017,GSN,MP,AWP,WE,Federal Contract Tower,15,10,4,0,29,0,38,225,0,263,15,48,229,0,292,0,0,0,292
06/18/2017,GSN,MP,AWP,WE,Federal Contract Tower,23,11,1,0,35,0,51,226,0,277,23,62,227,0,312,0,0,0,312
06/19/2017,GSN,MP,AWP,WE,Federal Contract Tower,22,16,7,0,45,0,58,170,0,228,22,74,177,0,273,0,0,0,273
06/20/2017,GSN,MP,AWP,WE,Federal Contract Tower,16,12,9,0,37,0,77,207,0,284,16,89,216,0,321,0,0,0,321
06/21/2017,GSN,MP,AWP,WE,Federal Contract Tower,18,15,10,0,43,0,58,256,0,314,18,73,266,0,357,0,0,0,357
06/22/2017,GSN,MP,AWP,WE,Federal Contract Tower,28,10,6,0,44,0,65,273,6,344,28,75,279,6,388,0,0,0,388
06/23/2017,GSN,MP,AWP,WE,Federal Contract Tower,20,12,5,0,37,0,63,244,0,307,20,75,249,0,344,0,0,0,344
06/24/2017,GSN,MP,AWP,WE,Federal Contract Tower,15,15,9,0,39,0,47,258,0,305,15,62,267,0,344,0,0,0,344
06/25/2017,GSN,MP,AWP,WE,Federal Contract Tower,25,14,7,0,46,0,60,76,0,136,25,74,83,0,182,0,0,0,182
06/26/2017,GSN,MP,AWP,WE,Federal Contract Tower,22,13,10,0,45,0,58,229,0,287,22,71,239,0,332,0,0,0,332
06/27/2017,GSN,MP,AWP,WE,Federal Contract Tower,17,16,5,0,38,0,56,235,0,291,17,72,240,0,329,2,0,2,331
06/28/2017,GSN,MP,AWP,WE,Federal Contract Tower,16,12,10,0,38,0,64,197,0,261,16,76,207,0,299,0,0,0,299
06/29/2017,GSN,MP,AWP,WE,Federal Contract Tower,26,16,12,0,54,0,51,181,4,236,26,67,193,4,290,0,0,0,290
06/30/2017,GSN,MP,AWP,WE,Federal Contract Tower,24,13,13,0,50,0,64,204,3,271,24,77,217,3,321,0,0,0,321
07/01/2017,GSN,MP,AWP,WE,Federal Contract Tower,13,15,3,0,31,0,54,241,1,296,13,69,244,1,327,0,0,0,327
07/02/2017,GSN,MP,AWP,WE,Federal Contract Tower,25,14,3,0,42,0,55,166,0,221,25,69,169,0,263,0,0,0,263
07/03/2017,GSN,MP,AWP,WE,Federal Contract Tower,25,14,11,0,50,0,69,212,0,281,25,83,223,0,331,0,0,0,331
07/04/2017,GSN,MP,AWP,WE,Federal Contract Tower,16,10,9,0,35,0,36,211,0,247,16,46,220,0,282,0,0,0,282
07/05/2017,GSN,MP,AWP,WE,Federal Contract Tower,16,16,8,0,40,0,60,257,0,317,16,76,265,0,357,0,0,0,357
07/06/2017,GSN,MP,AWP,WE,Federal Contract Tower,29,17,9,0,55,0,55,275,0,330,29,72,284,0,385,0,0,0,385
07/07/2017,GSN,MP,AWP,WE,Federal Contract Tower,21,15,9,0,45,0,81,187,0,268,21,96,196,0,313,0,0,0,313
07/08/2017,GSN,MP,AWP,WE,Federal Contract Tower,15,12,5,0,32,0,60,271,0,331,15,72,276,0,363,0,0,0,363
07/09/2017,GSN,MP,AWP,WE,Federal Contract Tower,23,16,2,0,41,0,54,234,0,288,23,70,236,0,329,2,0,2,331
07/10/2017,GSN,MP,AWP,WE,Federal Contract Tower,26,11,10,0,47,0,48,241,0,289,26,59,251,0,336,0,0,0,336
07/11/2017,GSN,MP,AWP,WE,Federal Contract Tower,16,11,8,0,35,0,63,231,0,294,16,74,239,0,329,0,0,0,329
07/12/2017,GSN,MP,AWP,WE,Federal Contract Tower,16,11,6,0,33,0,74,246,0,320,16,85,252,0,353,0,0,0,353
07/13/2017,GSN,MP,AWP,WE,Federal Contract Tower,28,16,10,0,54,0,52,233,0,285,28,68,243,0,339,0,0,0,339
07/14/2017,GSN,MP,AWP,WE,Federal Contract Tower,18,15,6,0,39,0,73,242,0,315,18,88,248,0,354,0,0,0,354
07/15/2017,GSN,MP,AWP,WE,Federal Contract Tower,17,12,7,0,36,0,78,304,0,382,17,90,311,0,418,4,0,4,422
07/16/2017,GSN,MP,AWP,WE,Federal Contract Tower,0,26,11,0,37,0,69,245,0,314,0,95,256,0,351,0,0,0,351
07/17/2017,GSN,MP,AWP,WE,Federal Contract Tower,27,15,8,0,50,0,62,179,0,241,27,77,187,0,291,0,0,0,291
07/18/2017,GSN,MP,AWP,WE,Federal Contract Tower,16,14,13,0,43,0,46,252,0,298,16,60,265,0,341,10,0,10,351
07/19/2017,GSN,MP,AWP,WE,Federal Contract Tower,16,10,10,0,36,0,65,269,0,334,16,75,279,0,370,8,0,8,378
07/20/2017,GSN,MP,AWP,WE,Federal Contract Tower,30,10,7,0,47,0,56,226,2,284,30,66,233,2,331,0,0,0,331
07/21/2017,GSN,MP,AWP,WE,Federal Contract Tower,22,14,7,0,43,0,58,230,0,288,22,72,237,0,331,0,0,0,331
07/22/2017,GSN,MP,AWP,WE,Federal Contract Tower,15,10,4,0,29,0,52,238,0,290,15,62,242,0,319,0,0,0,319
07/23/2017,GSN,MP,AWP,WE,Federal Contract Tower,24,14,0,0,38,0,68,274,0,342,24,82,274,0,380,2,0,2,382
07/24/2017,GSN,MP,AWP,WE,Federal Contract Tower,28,12,11,0,51,0,62,208,0,270,28,74,219,0,321,0,0,0,321
07/25/2017,GSN,MP,AWP,WE,Federal Contract Tower,20,14,8,0,42,0,43,265,0,308,20,57,273,0,350,0,0,0,350
07/26/2017,GSN,MP,AWP,WE,Federal Contract Tower,21,13,7,0,41,0,60,239,4,303,21,73,246,4,344,0,0,0,344
07/27/2017,GSN,MP,AWP,WE,Federal Contract Tower,27,13,13,0,53,0,61,261,0,322,27,74,274,0,375,0,0,0,375
07/28/2017,GSN,MP,AWP,WE,Federal Contract Tower,22,10,7,0,39,0,64,274,0,338,22,74,281,0,377,0,0,0,377
07/29/2017,GSN,MP,AWP,WE,Federal Contract Tower,19,18,8,0,45,0,60,215,0,275,19,78,223,0,320,4,0,4,324
07/30/2017,GSN,MP,AWP,WE,Federal Contract Tower,27,12,4,0,43,0,44,172,0,216,27,56,176,0,259,4,0,4,263
07/31/2017,GSN,MP,AWP,WE,Federal Contract Tower,29,12,11,0,52,0,62,183,0,245,29,74,194,0,297,0,0,0,297
08/01/2017,GSN,MP,AWP,WE,Federal Contract Tower,25,13,7,0,45,0,68,231,0,299,25,81,238,0,344,0,0,0,344
08/02/2017,GSN,MP,AWP,WE,Federal Contract Tower,18,12,8,0,38,0,52,300,0,352,18,64,308,0,390,0,0,0,390
08/03/2017,GSN,MP,AWP,WE,Federal Contract Tower,29,13,15,0,57,0,60,272,0,332,29,73,287,0,389,0,0,0,389
08/04/2017,GSN,MP,AWP,WE,Federal Contract Tower,24,11,6,0,41,0,76,175,44,295,24,87,181,44,336,0,0,0,336
08/05/2017,GSN,MP,AWP,WE,Federal Contract Tower,19,14,8,0,41,0,55,277,0,332,19,69,285,0,373,0,0,0,373
08/06/2017,GSN,MP,AWP,WE,Federal Contract Tower,26,14,2,0,42,0,61,237,0,298,26,75,239,0,340,0,0,0,340
08/07/2017,GSN,MP,AWP,WE,Federal Contract Tower,26,11,10,0,47,0,64,288,0,352,26,75,298,0,399,0,0,0,399
08/08/2017,GSN,MP,AWP,WE,Federal Contract Tower,22,12,9,0,43,0,69,293,0,362,22,81,302,0,405,0,0,0,405
08/09/2017,GSN,MP,AWP,WE,Federal Contract Tower,19,10,6,0,35,0,71,313,0,384,19,81,319,0,419,2,0,2,421
08/10/2017,GSN,MP,AWP,WE,Federal Contract Tower,35,13,9,0,57,0,53,246,0,299,35,66,255,0,356,0,0,0,356
08/12/2017,GSN,MP,AWP,WE,Federal Contract Tower,19,10,5,0,34,0,54,357,0,411,19,64,362,0,445,0,0,0,445
08/13/2017,GSN,MP,AWP,WE,Federal Contract Tower,26,10,4,0,40,0,59,343,0,402,26,69,347,0,442,0,0,0,442
08/14/2017,GSN,MP,AWP,WE,Federal Contract Tower,28,15,5,2,50,0,63,205,0,268,28,78,210,2,318,2,16,18,336
08/15/2017,GSN,MP,AWP,WE,Federal Contract Tower,21,12,7,0,40,0,75,231,0,306,21,87,238,0,346,0,0,0,346
08/16/2017,GSN,MP,AWP,WE,Federal Contract Tower,23,11,8,0,42,0,85,312,0,397,23,96,320,0,439,0,0,0,439
08/17/2017,GSN,MP,AWP,WE,Federal Contract Tower,30,11,0,0,41,0,76,261,0,337,30,87,261,0,378,0,0,0,378
08/18/2017,GSN,MP,AWP,WE,Federal Contract Tower,23,16,0,0,39,0,62,268,0,330,23,78,268,0,369,0,0,0,369
08/19/2017,GSN,MP,AWP,WE,Federal Contract Tower,18,10,0,0,28,0,60,267,0,327,18,70,267,0,355,0,0,0,355
08/20/2017,GSN,MP,AWP,WE,Federal Contract Tower,27,12,1,0,40,0,63,239,0,302,27,75,240,0,342,0,0,0,342
08/21/2017,GSN,MP,AWP,WE,Federal Contract Tower,25,11,7,0,43,0,67,179,0,246,25,78,186,0,289,0,0,0,289
08/22/2017,GSN,MP,AWP,WE,Federal Contract Tower,20,11,13,0,44,0,63,245,0,308,20,74,258,0,352,0,0,0,352
08/23/2017,GSN,MP,AWP,WE,Federal Contract Tower,16,14,8,0,38,0,73,333,6,412,16,87,341,6,450,0,0,0,450
08/24/2017,GSN,MP,AWP,WE,Federal Contract Tower,27,11,0,0,38,0,61,211,0,272,27,72,211,0,310,0,0,0,310
08/25/2017,GSN,MP,AWP,WE,Federal Contract Tower,22,10,0,0,32,0,55,170,0,225,22,65,170,0,257,0,0,0,257
08/26/2017,GSN,MP,AWP,WE,Federal Contract Tower,15,16,0,0,31,0,55,243,0,298,15,71,243,0,329,0,0,0,329
08/27/2017,GSN,MP,AWP,WE,Federal Contract Tower,24,13,2,0,39,0,41,194,0,235,24,54,196,0,274,0,0,0,274
08/28/2017,GSN,MP,AWP,WE,Federal Contract Tower,22,14,12,0,48,0,42,191,0,233,22,56,203,0,281,0,0,0,281
08/29/2017,GSN,MP,AWP,WE,Federal Contract Tower,18,12,5,0,35,0,46,222,0,268,18,58,227,0,303,0,0,0,303
08/30/2017,GSN,MP,AWP,WE,Federal Contract Tower,15,14,9,0,38,0,55,221,2,278,15,69,230,2,316,0,0,0,316
09/01/2017,GSN,MP,AWP,WE,Federal Contract Tower,22,11,0,0,33,0,66,223,0,289,22,77,223,0,322,0,0,0,322
09/02/2017,GSN,MP,AWP,WE,Federal Contract Tower,15,9,5,0,29,0,55,316,0,371,15,64,321,0,400,0,0,0,400
09/03/2017,GSN,MP,AWP,WE,Federal Contract Tower,24,16,0,0,40,0,29,272,0,301,24,45,272,0,341,0,0,0,341
09/04/2017,GSN,MP,AWP,WE,Federal Contract Tower,25,14,8,0,47,0,70,181,0,251,25,84,189,0,298,0,0,0,298
09/05/2017,GSN,MP,AWP,WE,Federal Contract Tower,18,10,5,0,33,0,60,311,0,371,18,70,316,0,404,0,0,0,404
09/06/2017,GSN,MP,AWP,WE,Federal Contract Tower,15,10,7,0,32,0,74,294,0,368,15,84,301,0,400,0,0,0,400
09/07/2017,GSN,MP,AWP,WE,Federal Contract Tower,26,16,8,0,50,0,52,166,0,218,26,68,174,0,268,2,0,2,270
09/08/2017,GSN,MP,AWP,WE,Federal Contract Tower,21,18,4,0,43,0,57,218,0,275,21,75,222,0,318,0,0,0,318
09/09/2017,GSN,MP,AWP,WE,Federal Contract Tower,15,11,0,0,26,0,45,27,2,74,15,56,27,2,100,0,0,0,100
09/10/2017,GSN,MP,AWP,WE,Federal Contract Tower,22,11,0,0,33,0,51,268,0,319,22,62,268,0,352,0,0,0,352
09/11/2017,GSN,MP,AWP,WE,Federal Contract Tower,22,6,6,0,34,0,78,300,0,378,22,84,306,0,412,0,0,0,412
09/12/2017,GSN,MP,AWP,WE,Federal Contract Tower,17,11,4,0,32,0,44,249,0,293,17,55,253,0,325,0,0,0,325
09/13/2017,GSN,MP,AWP,WE,Federal Contract Tower,15,12,7,0,34,0,75,315,0,390,15,87,322,0,424,0,0,0,424
09/14/2017,GSN,MP,AWP,WE,Federal Contract Tower,24,12,5,0,41,0,60,215,0,275,24,72,220,0,316,0,0,0,316
09/15/2017,GSN,MP,AWP,WE,Federal Contract Tower,22,10,6,0,38,0,93,212,0,305,22,103,218,0,343,0,0,0,343
09/16/2017,GSN,MP,AWP,WE,Federal Contract Tower,18,11,6,0,35,0,61,325,0,386,18,72,331,0,421,0,0,0,421
09/17/2017,GSN,MP,AWP,WE,Federal Contract Tower,22,12,5,0,39,0,53,244,0,297,22,65,249,0,336,0,0,0,336
09/18/2017,GSN,MP,AWP,WE,Federal Contract Tower,23,13,8,0,44,0,52,266,0,318,23,65,274,0,362,0,0,0,362
09/19/2017,GSN,MP,AWP,WE,Federal Contract Tower,17,11,5,0,33,0,67,249,0,316,17,78,254,0,349,0,0,0,349
09/20/2017,GSN,MP,AWP,WE,Federal Contract Tower,16,11,6,0,33,0,67,267,0,334,16,78,273,0,367,0,0,0,367
09/21/2017,GSN,MP,AWP,WE,Federal Contract Tower,22,16,0,0,38,0,57,197,0,254,22,73,197,0,292,4,0,4,296
09/22/2017,GSN,MP,AWP,WE,Federal Contract Tower,23,12,5,0,40,0,75,229,0,304,23,87,234,0,344,6,0,6,350
09/23/2017,GSN,MP,AWP,WE,Federal Contract Tower,15,13,7,0,35,0,35,297,0,332,15,48,304,0,367,0,0,0,367
09/24/2017,GSN,MP,AWP,WE,Federal Contract Tower,23,12,1,0,36,0,51,325,0,376,23,63,326,0,412,0,0,0,412
09/25/2017,GSN,MP,AWP,WE,Federal Contract Tower,23,12,15,0,50,0,52,209,1,262,23,64,224,1,312,0,0,0,312
09/26/2017,GSN,MP,AWP,WE,Federal Contract Tower,16,11,5,0,32,0,64,304,0,368,16,75,309,0,400,0,0,0,400
09/27/2017,GSN,MP,AWP,WE,Federal Contract Tower,16,13,11,0,40,0,81,340,0,421,16,94,351,0,461,0,0,0,461
09/28/2017,GSN,MP,AWP,WE,Federal Contract Tower,25,14,4,0,43,0,73,310,2,385,25,87,314,2,428,0,0,0,428
09/29/2017,GSN,MP,AWP,WE,Federal Contract Tower,23,13,10,0,46,0,80,307,0,387,23,93,317,0,433,0,0,0,433
09/30/2017,GSN,MP,AWP,WE,Federal Contract Tower,20,15,4,0,39,0,58,330,0,388,20,73,334,0,427,0,0,0,427
10/01/2017,GSN,MP,AWP,WE,Federal Contract Tower,23,16,0,0,39,0,56,345,0,401,23,72,345,0,440,0,0,0,440
10/02/2017,GSN,MP,AWP,WE,Federal Contract Tower,22,13,9,0,44,0,65,332,0,397,22,78,341,0,441,0,0,0,441
10/03/2017,GSN,MP,AWP,WE,Federal Contract Tower,19,14,11,0,44,0,52,281,0,333,19,66,292,0,377,0,0,0,377
10/04/2017,GSN,MP,AWP,WE,Federal Contract Tower,19,16,13,0,48,0,56,360,0,416,19,72,373,0,464,0,0,0,464
10/05/2017,GSN,MP,AWP,WE,Federal Contract Tower,28,14,14,4,60,0,53,295,6,354,28,67,309,10,414,0,0,0,414
10/06/2017,GSN,MP,AWP,WE,Federal Contract Tower,23,12,10,0,45,0,77,316,0,393,23,89,326,0,438,0,0,0,438
10/07/2017,GSN,MP,AWP,WE,Federal Contract Tower,18,14,0,0,32,0,65,325,0,390,18,79,325,0,422,0,0,0,422
10/08/2017,GSN,MP,AWP,WE,Federal Contract Tower,24,12,0,0,36,0,43,342,0,385,24,55,342,0,421,0,0,0,421
10/09/2017,GSN,MP,AWP,WE,Federal Contract Tower,25,17,4,1,47,0,48,283,0,331,25,65,287,1,378,0,0,0,378
10/10/2017,GSN,MP,AWP,WE,Federal Contract Tower,19,16,7,1,43,0,47,259,0,306,19,63,266,1,349,0,0,0,349
10/11/2017,GSN,MP,AWP,WE,Federal Contract Tower,17,13,2,0,32,0,72,298,0,370,17,85,300,0,402,0,0,0,402
10/12/2017,GSN,MP,AWP,WE,Federal Contract Tower,24,10,14,1,49,0,58,178,1,237,24,68,192,2,286,0,0,0,286
10/13/2017,GSN,MP,AWP,WE,Federal Contract Tower,21,12,10,0,43,0,66,188,0,254,21,78,198,0,297,0,0,0,297
10/14/2017,GSN,MP,AWP,WE,Federal Contract Tower,18,10,5,0,33,0,45,270,0,315,18,55,275,0,348,0,0,0,348
10/15/2017,GSN,MP,AWP,WE,Federal Contract Tower,22,7,0,0,29,0,36,163,0,199,22,43,163,0,228,0,0,0,228
10/16/2017,GSN,MP,AWP,WE,Federal Contract Tower,24,16,10,0,50,0,51,264,0,315,24,67,274,0,365,0,0,0,365
10/17/2017,GSN,MP,AWP,WE,Federal Contract Tower,18,15,4,0,37,0,45,198,4,247,18,60,202,4,284,0,0,0,284
10/18/2017,GSN,MP,AWP,WE,Federal Contract Tower,19,13,10,0,42,0,30,7,0,37,19,43,17,0,79,0,0,0,79
10/19/2017,GSN,MP,AWP,WE,Federal Contract Tower,29,9,5,0,43,0,60,278,0,338,29,69,283,0,381,0,0,0,381
10/20/2017,GSN,MP,AWP,WE,Federal Contract Tower,20,10,3,0,33,0,64,155,0,219,20,74,158,0,252,16,0,16,268
10/21/2017,GSN,MP,AWP,WE,Federal Contract Tower,17,16,5,0,38,0,66,280,0,346,17,82,285,0,384,8,0,8,392
10/22/2017,GSN,MP,AWP,WE,Federal Contract Tower,20,11,0,0,31,0,38,139,0,177,20,49,139,0,208,0,0,0,208
10/23/2017,GSN,MP,AWP,WE,Federal Contract Tower,26,15,6,0,47,0,54,138,0,192,26,69,144,0,239,0,0,0,239
10/24/2017,GSN,MP,AWP,WE,Federal Contract Tower,20,10,6,0,36,0,46,59,0,105,20,56,65,0,141,0,0,0,141
10/25/2017,GSN,MP,AWP,WE,Federal Contract Tower,18,13,4,0,35,0,49,177,0,226,18,62,181,0,261,0,0,0,261
10/26/2017,GSN,MP,AWP,WE,Federal Contract Tower,23,12,6,0,41,0,74,172,4,250,23,86,178,4,291,0,0,0,291
10/27/2017,GSN,MP,AWP,WE,Federal Contract Tower,20,11,9,0,40,0,65,171,0,236,20,76,180,0,276,0,0,0,276
10/28/2017,GSN,MP,AWP,WE,Federal Contract Tower,16,11,6,0,33,0,59,247,0,306,16,70,253,0,339,0,0,0,339
10/29/2017,GSN,MP,AWP,WE,Federal Contract Tower,21,12,2,0,35,0,41,174,4,219,21,53,176,4,254,10,0,10,264
10/30/2017,GSN,MP,AWP,WE,Federal Contract Tower,22,11,8,0,41,0,69,268,0,337,22,80,276,0,378,0,0,0,378
10/31/2017,GSN,MP,AWP,WE,Federal Contract Tower,17,13,7,0,37,0,64,191,2,257,17,77,198,2,294,0,0,0,294
11/01/2017,GSN,MP,AWP,WE,Federal Contract Tower,16,13,6,0,35,0,41,236,0,277,16,54,242,0,312,0,0,0,312
11/02/2017,GSN,MP,AWP,WE,Federal Contract Tower,22,14,6,0,42,0,48,177,0,225,22,62,183,0,267,4,0,4,271
11/03/2017,GSN,MP,AWP,WE,Federal Contract Tower,18,11,6,0,35,0,56,171,0,227,18,67,177,0,262,0,0,0,262
11/04/2017,GSN,MP,AWP,WE,Federal Contract Tower,12,14,2,0,28,0,46,202,2,250,12,60,204,2,278,0,0,0,278
11/05/2017,GSN,MP,AWP,WE,Federal Contract Tower,20,10,1,1,32,0,44,194,3,241,20,54,195,4,273,0,0,0,273
11/06/2017,GSN,MP,AWP,WE,Federal Contract Tower,23,15,1,0,39,0,44,207,6,257,23,59,208,6,296,0,0,0,296
11/07/2017,GSN,MP,AWP,WE,Federal Contract Tower,13,11,10,0,34,0,49,253,1,303,13,60,263,1,337,0,0,0,337
11/08/2017,GSN,MP,AWP,WE,Federal Contract Tower,14,12,9,2,37,0,55,253,0,308,14,67,262,2,345,0,0,0,345
11/09/2017,GSN,MP,AWP,WE,Federal Contract Tower,20,11,5,0,36,0,57,143,0,200,20,68,148,0,236,2,0,2,238
11/10/2017,GSN,MP,AWP,WE,Federal Contract Tower,18,15,5,0,38,0,81,217,0,298,18,96,222,0,336,0,0,0,336
11/11/2017,GSN,MP,AWP,WE,Federal Contract Tower,13,12,4,0,29,0,59,243,0,302,13,71,247,0,331,0,0,0,331
11/12/2017,GSN,MP,AWP,WE,Federal Contract Tower,20,12,0,0,32,0,56,109,0,165,20,68,109,0,197,0,0,0,197
11/13/2017,GSN,MP,AWP,WE,Federal Contract Tower,21,11,7,0,39,0,54,160,2,216,21,65,167,2,255,0,0,0,255
11/14/2017,GSN,MP,AWP,WE,Federal Contract Tower,12,15,8,0,35,0,48,226,0,274,12,63,234,0,309,0,0,0,309
11/15/2017,GSN,MP,AWP,WE,Federal Contract Tower,14,10,9,0,33,0,67,200,0,267,14,77,209,0,300,0,0,0,300
11/16/2017,GSN,MP,AWP,WE,Federal Contract Tower,21,10,10,0,41,0,46,174,0,220,21,56,184,0,261,0,0,0,261
11/17/2017,GSN,MP,AWP,WE,Federal Contract Tower,18,11,7,0,36,0,86,135,0,221,18,97,142,0,257,0,0,0,257
11/18/2017,GSN,MP,AWP,WE,Federal Contract Tower,13,14,7,0,34,0,37,238,0,275,13,51,245,0,309,2,0,2,311
11/19/2017,GSN,MP,AWP,WE,Federal Contract Tower,22,14,3,0,39,0,50,209,0,259,22,64,212,0,298,0,0,0,298
11/20/2017,GSN,MP,AWP,WE,Federal Contract Tower,20,11,9,0,40,0,87,194,0,281,20,98,203,0,321,0,0,0,321
11/21/2017,GSN,MP,AWP,WE,Federal Contract Tower,13,12,8,0,33,0,56,223,2,281,13,68,231,2,314,0,0,0,314
11/22/2017,GSN,MP,AWP,WE,Federal Contract Tower,16,15,9,0,40,0,86,308,0,394,16,101,317,0,434,0,0,0,434
11/23/2017,GSN,MP,AWP,WE,Federal Contract Tower,21,13,5,0,39,0,51,219,0,270,21,64,224,0,309,0,0,0,309
11/24/2017,GSN,MP,AWP,WE,Federal Contract Tower,17,10,5,0,32,0,52,149,0,201,17,62,154,0,233,0,0,0,233
11/25/2017,GSN,MP,AWP,WE,Federal Contract Tower,15,12,8,0,35,0,49,230,2,281,15,61,238,2,316,0,0,0,316
11/26/2017,GSN,MP,AWP,WE,Federal Contract Tower,21,13,4,0,38,0,54,252,0,306,21,67,256,0,344,0,0,0,344
11/27/2017,GSN,MP,AWP,WE,Federal Contract Tower,19,13,7,0,39,0,58,210,0,268,19,71,217,0,307,0,0,0,307
11/28/2017,GSN,MP,AWP,WE,Federal Contract Tower,11,11,6,0,28,0,71,229,0,300,11,82,235,0,328,0,0,0,328
11/29/2017,GSN,MP,AWP,WE,Federal Contract Tower,14,12,8,0,34,0,59,190,0,249,14,71,198,0,283,0,0,0,283
11/30/2017,GSN,MP,AWP,WE,Federal Contract Tower,22,16,7,0,45,0,67,213,0,280,22,83,220,0,325,18,0,18,343
12/01/2017,GSN,MP,AWP,WE,Federal Contract Tower,22,14,10,0,46,0,68,237,0,305,22,82,247,0,351,0,0,0,351
12/02/2017,GSN,MP,AWP,WE,Federal Contract Tower,14,10,9,0,33,0,51,264,0,315,14,61,273,0,348,0,0,0,348
12/03/2017,GSN,MP,AWP,WE,Federal Contract Tower,21,10,0,0,31,0,62,151,0,213,21,72,151,0,244,0,0,0,244
12/04/2017,GSN,MP,AWP,WE,Federal Contract Tower,20,14,9,0,43,0,47,173,0,220,20,61,182,0,263,0,0,0,263
12/05/2017,GSN,MP,AWP,WE,Federal Contract Tower,12,11,13,0,36,0,54,221,2,277,12,65,234,2,313,0,0,0,313
12/06/2017,GSN,MP,AWP,WE,Federal Contract Tower,14,12,9,0,35,0,69,301,2,372,14,81,310,2,407,0,0,0,407
12/07/2017,GSN,MP,AWP,WE,Federal Contract Tower,20,10,7,0,37,0,76,145,2,223,20,86,152,2,260,0,0,0,260
12/08/2017,GSN,MP,AWP,WE,Federal Contract Tower,17,13,14,0,44,0,73,150,8,231,17,86,164,8,275,0,0,0,275
12/09/2017,GSN,MP,AWP,WE,Federal Contract Tower,14,13,9,0,36,0,64,217,0,281,14,77,226,0,317,0,0,0,317
12/10/2017,GSN,MP,AWP,WE,Federal Contract Tower,21,13,0,0,34,0,51,248,0,299,21,64,248,0,333,0,0,0,333
12/11/2017,GSN,MP,AWP,WE,Federal Contract Tower,19,10,13,0,42,0,64,183,0,247,19,74,196,0,289,0,0,0,289
12/12/2017,GSN,MP,AWP,WE,Federal Contract Tower,11,15,3,0,29,0,64,214,0,278,11,79,217,0,307,0,0,0,307
12/13/2017,GSN,MP,AWP,WE,Federal Contract Tower,15,15,5,0,35,0,62,242,0,304,15,77,247,0,339,0,0,0,339
12/14/2017,GSN,MP,AWP,WE,Federal Contract Tower,18,11,8,0,37,0,60,171,0,231,18,71,179,0,268,0,0,0,268
12/15/2017,GSN,MP,AWP,WE,Federal Contract Tower,19,10,6,0,35,0,67,134,0,201,19,77,140,0,236,0,0,0,236
12/16/2017,GSN,MP,AWP,WE,Federal Contract Tower,16,10,9,2,37,0,66,263,0,329,16,76,272,2,366,0,0,0,366
12/17/2017,GSN,MP,AWP,WE,Federal Contract Tower,19,10,2,0,31,0,69,166,0,235,19,79,168,0,266,0,0,0,266
12/18/2017,GSN,MP,AWP,WE,Federal Contract Tower,23,14,14,2,53,0,50,198,0,248,23,64,212,2,301,0,0,0,301
12/19/2017,GSN,MP,AWP,WE,Federal Contract Tower,12,12,10,0,34,0,60,201,0,261,12,72,211,0,295,0,0,0,295
12/20/2017,GSN,MP,AWP,WE,Federal Contract Tower,16,11,6,0,33,0,89,223,0,312,16,100,229,0,345,0,0,0,345
12/21/2017,GSN,MP,AWP,WE,Federal Contract Tower,18,10,5,0,33,0,71,198,2,271,18,81,203,2,304,0,0,0,304
12/22/2017,GSN,MP,AWP,WE,Federal Contract Tower,20,13,3,0,36,0,70,149,0,219,20,83,152,0,255,0,0,0,255
12/23/2017,GSN,MP,AWP,WE,Federal Contract Tower,15,17,4,0,36,0,80,221,0,301,15,97,225,0,337,0,0,0,337
12/24/2017,GSN,MP,AWP,WE,Federal Contract Tower,21,10,0,0,31,0,77,249,0,326,21,87,249,0,357,0,0,0,357
12/25/2017,GSN,MP,AWP,WE,Federal Contract Tower,22,10,6,0,38,0,73,241,0,314,22,83,247,0,352,0,0,0,352
12/26/2017,GSN,MP,AWP,WE,Federal Contract Tower,19,13,8,0,40,0,68,237,0,305,19,81,245,0,345,0,0,0,345
12/27/2017,GSN,MP,AWP,WE,Federal Contract Tower,18,9,9,2,38,0,67,299,0,366,18,76,308,2,404,0,0,0,404
12/28/2017,GSN,MP,AWP,WE,Federal Contract Tower,20,11,6,0,37,0,55,182,0,237,20,66,188,0,274,0,0,0,274
12/29/2017,GSN,MP,AWP,WE,Federal Contract Tower,21,8,5,0,34,0,84,156,0,240,21,92,161,0,274,0,0,0,274
12/30/2017,GSN,MP,AWP,WE,Federal Contract Tower,20,10,8,0,38,0,63,218,0,281,20,73,226,0,319,0,0,0,319
12/31/2017,GSN,MP,AWP,WE,Federal Contract Tower,21,10,0,0,31,0,63,225,0,288,21,73,225,0,319,0,0,0,319
01/01/2018,GSN,MP,AWP,WE,Federal Contract Tower,21,10,10,0,41,0,67,235,0,302,21,77,245,0,343,0,0,0,343
01/02/2018,GSN,MP,AWP,WE,Federal Contract Tower,15,10,5,0,30,0,70,191,0,261,15,80,196,0,291,0,0,0,291
01/03/2018,GSN,MP,AWP,WE,Federal Contract Tower,16,10,6,0,32,0,60,232,0,292,16,70,238,0,324,0,0,0,324
01/04/2018,GSN,MP,AWP,WE,Federal Contract Tower,22,11,0,0,33,0,43,88,0,131,22,54,88,0,164,0,0,0,164
01/05/2018,GSN,MP,AWP,WE,Federal Contract Tower,19,12,6,2,39,0,58,192,2,252,19,70,198,4,291,0,0,0,291
01/06/2018,GSN,MP,AWP,WE,Federal Contract Tower,15,12,4,0,31,0,48,308,0,356,15,60,312,0,387,0,0,0,387
01/07/2018,GSN,MP,AWP,WE,Federal Contract Tower,21,14,2,0,37,0,47,201,0,248,21,61,203,0,285,0,0,0,285
01/08/2018,GSN,MP,AWP,WE,Federal Contract Tower,21,10,5,0,36,0,69,169,0,238,21,79,174,0,274,8,0,8,282
01/09/2018,GSN,MP,AWP,WE,Federal Contract Tower,14,11,14,0,39,0,51,191,0,242,14,62,205,0,281,0,0,0,281
01/10/2018,GSN,MP,AWP,WE,Federal Contract Tower,17,13,10,0,40,0,55,282,0,337,17,68,292,0,377,0,0,0,377
01/11/2018,GSN,MP,AWP,WE,Federal Contract Tower,18,12,0,0,30,0,63,163,0,226,18,75,163,0,256,0,0,0,256
01/12/2018,GSN,MP,AWP,WE,Federal Contract Tower,23,15,0,0,38,0,68,209,0,277,23,83,209,0,315,0,0,0,315
01/13/2018,GSN,MP,AWP,WE,Federal Contract Tower,12,12,9,0,33,0,59,239,2,300,12,71,248,2,333,0,0,0,333
01/14/2018,GSN,MP,AWP,WE,Federal Contract Tower,20,12,4,0,36,0,45,200,5,250,20,57,204,5,286,0,0,0,286
01/15/2018,GSN,MP,AWP,WE,Federal Contract Tower,21,16,10,0,47,0,57,117,4,178,21,73,127,4,225,0,0,0,225
01/16/2018,GSN,MP,AWP,WE,Federal Contract Tower,14,10,7,1,32,0,50,200,4,254,14,60,207,5,286,0,0,0,286
01/17/2018,GSN,MP,AWP,WE,Federal Contract Tower,19,10,7,0,36,0,80,231,6,317,19,90,238,6,353,0,0,0,353
01/18/2018,GSN,MP,AWP,WE,Federal Contract Tower,21,13,0,0,34,0,55,261,0,316,21,68,261,0,350,0,0,0,350
01/19/2018,GSN,MP,AWP,WE,Federal Contract Tower,19,10,0,0,29,0,80,197,0,277,19,90,197,0,306,0,0,0,306
01/20/2018,GSN,MP,AWP,WE,Federal Contract Tower,13,14,3,0,30,0,57,290,0,347,13,71,293,0,377,0,0,0,377
01/21/2018,GSN,MP,AWP,WE,Federal Contract Tower,20,11,5,0,36,0,63,221,0,284,20,74,226,0,320,0,0,0,320
01/22/2018,GSN,MP,AWP,WE,Federal Contract Tower,21,10,4,2,37,0,57,174,0,231,21,67,178,2,268,0,0,0,268
01/23/2018,GSN,MP,AWP,WE,Federal Contract Tower,14,8,7,0,29,0,59,203,0,262,14,67,210,0,291,0,0,0,291
01/24/2018,GSN,MP,AWP,WE,Federal Contract Tower,17,10,10,0,37,0,53,284,0,337,17,63,294,0,374,0,0,0,374
01/25/2018,GSN,MP,AWP,WE,Federal Contract Tower,20,15,0,0,35,0,53,151,0,204,20,68,151,0,239,0,0,0,239
01/26/2018,GSN,MP,AWP,WE,Federal Contract Tower,19,12,0,0,31,0,76,156,0,232,19,88,156,0,263,0,0,0,263
01/27/2018,GSN,MP,AWP,WE,Federal Contract Tower,13,10,6,2,31,0,49,315,0,364,13,59,321,2,395,0,0,0,395
01/28/2018,GSN,MP,AWP,WE,Federal Contract Tower,19,14,2,0,35,0,69,298,0,367,19,83,300,0,402,0,0,0,402
01/29/2018,GSN,MP,AWP,WE,Federal Contract Tower,23,15,4,2,44,0,42,314,1,357,23,57,318,3,401,0,0,0,401
01/30/2018,GSN,MP,AWP,WE,Federal Contract Tower,12,11,9,0,32,0,55,246,0,301,12,66,255,0,333,0,0,0,333
01/31/2018,GSN,MP,AWP,WE,Federal Contract Tower,16,11,6,0,33,0,97,327,0,424,16,108,333,0,457,0,0,0,457
02/01/2018,GSN,MP,AWP,WE,Federal Contract Tower,20,14,5,0,39,0,56,216,0,272,20,70,221,0,311,0,0,0,311
02/02/2018,GSN,MP,AWP,WE,Federal Contract Tower,18,14,10,0,42,0,61,221,0,282,18,75,231,0,324,0,0,0,324
02/03/2018,GSN,MP,AWP,WE,Federal Contract Tower,15,9,0,0,24,0,49,299,2,350,15,58,299,2,374,0,0,0,374
02/04/2018,GSN,MP,AWP,WE,Federal Contract Tower,21,12,4,0,37,0,54,269,0,323,21,66,273,0,360,0,0,0,360
02/05/2018,GSN,MP,AWP,WE,Federal Contract Tower,21,16,9,0,46,0,75,218,0,293,21,91,227,0,339,0,0,0,339
02/06/2018,GSN,MP,AWP,WE,Federal Contract Tower,14,11,8,0,33,0,55,249,0,304,14,66,257,0,337,0,0,0,337
02/08/2018,GSN,MP,AWP,WE,Federal Contract Tower,20,10,4,0,34,0,60,260,0,320,20,70,264,0,354,0,0,0,354
02/09/2018,GSN,MP,AWP,WE,Federal Contract Tower,19,10,10,0,39,0,70,276,0,346,19,80,286,0,385,0,0,0,385
02/10/2018,GSN,MP,AWP,WE,Federal Contract Tower,14,13,0,0,27,0,62,260,0,322,14,75,260,0,349,0,0,0,349
02/11/2018,GSN,MP,AWP,WE,Federal Contract Tower,21,11,0,0,32,0,48,339,0,387,21,59,339,0,419,0,0,0,419
02/12/2018,GSN,MP,AWP,WE,Federal Contract Tower,22,10,4,0,36,0,56,269,0,325,22,66,273,0,361,0,0,0,361
02/13/2018,GSN,MP,AWP,WE,Federal Contract Tower,14,10,10,4,38,0,68,262,0,330,14,78,272,4,368,0,0,0,368
02/14/2018,GSN,MP,AWP,WE,Federal Contract Tower,16,10,11,0,37,0,82,304,0,386,16,92,315,0,423,0,0,0,423
02/15/2018,GSN,MP,AWP,WE,Federal Contract Tower,20,11,11,7,49,0,88,293,3,384,20,99,304,10,433,0,0,0,433
02/16/2018,GSN,MP,AWP,WE,Federal Contract Tower,18,11,5,8,42,0,100,303,0,403,18,111,308,8,445,0,0,0,445
02/17/2018,GSN,MP,AWP,WE,Federal Contract Tower,16,11,0,0,27,0,109,362,0,471,16,120,362,0,498,0,0,0,498
02/18/2018,GSN,MP,AWP,WE,Federal Contract Tower,22,14,4,2,42,0,107,336,0,443,22,121,340,2,485,0,5,5,490
02/19/2018,GSN,MP,AWP,WE,Federal Contract Tower,21,9,8,6,44,0,110,265,2,377,21,119,273,8,421,4,0,4,425
02/20/2018,GSN,MP,AWP,WE,Federal Contract Tower,21,11,8,9,49,0,75,270,5,350,21,86,278,14,399,10,0,10,409
02/21/2018,GSN,MP,AWP,WE,Federal Contract Tower,14,11,6,0,31,0,86,324,4,414,14,97,330,4,445,4,0,4,449
02/22/2018,GSN,MP,AWP,WE,Federal Contract Tower,20,18,5,0,43,0,84,303,0,387,20,102,308,0,430,0,0,0,430
02/23/2018,GSN,MP,AWP,WE,Federal Contract Tower,17,14,8,0,39,0,102,283,4,389,17,116,291,4,428,0,0,0,428
02/24/2018,GSN,MP,AWP,WE,Federal Contract Tower,14,12,3,0,29,0,48,328,4,380,14,60,331,4,409,0,0,0,409
02/25/2018,GSN,MP,AWP,WE,Federal Contract Tower,20,11,0,0,31,0,92,261,0,353,20,103,261,0,384,0,0,0,384
02/26/2018,GSN,MP,AWP,WE,Federal Contract Tower,20,11,8,0,39,0,77,304,3,384,20,88,312,3,423,6,0,6,429
02/27/2018,GSN,MP,AWP,WE,Federal Contract Tower,16,10,7,0,33,0,67,275,0,342,16,77,282,0,375,10,0,10,385
02/28/2018,GSN,MP,AWP,WE,Federal Contract Tower,16,10,5,0,31,0,80,361,9,450,16,90,366,9,481,4,0,4,485
03/01/2018,GSN,MP,AWP,WE,Federal Contract Tower,18,13,4,0,35,0,65,316,6,387,18,78,320,6,422,0,0,0,422
03/02/2018,GSN,MP,AWP,WE,Federal Contract Tower,20,16,8,2,46,0,87,263,18,368,20,103,271,20,414,0,0,0,414
03/03/2018,GSN,MP,AWP,WE,Federal Contract Tower,15,10,6,0,31,0,67,269,0,336,15,77,275,0,367,0,0,0,367
03/04/2018,GSN,MP,AWP,WE,Federal Contract Tower,20,10,1,0,31,0,68,223,0,291,20,78,224,0,322,0,0,0,322
03/05/2018,GSN,MP,AWP,WE,Federal Contract Tower,21,16,7,0,44,0,60,196,0,256,21,76,203,0,300,0,0,0,300
03/06/2018,GSN,MP,AWP,WE,Federal Contract Tower,13,16,6,0,35,51,229,2,0,282,64,245,8,0,317,0,0,0,317
03/07/2018,GSN,MP,AWP,WE,Federal Contract Tower,17,14,9,8,48,0,57,314,0,371,17,71,323,8,419,0,0,0,419
03/08/2018,GSN,MP,AWP,WE,Federal Contract Tower,20,14,10,0,44,0,67,242,0,309,20,81,252,0,353,0,0,0,353
03/09/2018,GSN,MP,AWP,WE,Federal Contract Tower,19,11,6,0,36,0,99,237,0,336,19,110,243,0,372,0,0,0,372
03/10/2018,GSN,MP,AWP,WE,Federal Contract Tower,15,10,0,0,25,0,75,225,0,300,15,85,225,0,325,0,0,0,325
03/11/2018,GSN,MP,AWP,WE,Federal Contract Tower,20,11,0,0,31,0,70,197,0,267,20,81,197,0,298,0,0,0,298
03/12/2018,GSN,MP,AWP,WE,Federal Contract Tower,22,10,4,0,36,0,60,192,7,259,22,70,196,7,295,0,0,0,295
03/13/2018,GSN,MP,AWP,WE,Federal Contract Tower,15,12,9,0,36,0,59,161,4,224,15,71,170,4,260,4,0,4,264
03/14/2018,GSN,MP,AWP,WE,Federal Contract Tower,13,12,8,0,33,0,79,298,0,377,13,91,306,0,410,0,0,0,410
03/15/2018,GSN,MP,AWP,WE,Federal Contract Tower,20,10,6,0,36,0,69,226,4,299,20,79,232,4,335,2,0,2,337
03/16/2018,GSN,MP,AWP,WE,Federal Contract Tower,20,10,8,2,40,0,77,278,6,361,20,87,286,8,401,0,0,0,401
03/17/2018,GSN,MP,AWP,WE,Federal Contract Tower,13,12,9,0,34,0,59,213,0,272,13,71,222,0,306,0,0,0,306
03/18/2018,GSN,MP,AWP,WE,Federal Contract Tower,20,12,0,0,32,0,52,223,6,281,20,64,223,6,313,0,0,0,313
03/19/2018,GSN,MP,AWP,WE,Federal Contract Tower,23,26,7,0,56,0,94,132,0,226,23,120,139,0,282,0,0,0,282
03/20/2018,GSN,MP,AWP,WE,Federal Contract Tower,12,13,6,0,31,0,100,166,0,266,12,113,172,0,297,0,0,0,297
03/21/2018,GSN,MP,AWP,WE,Federal Contract Tower,17,10,4,0,31,0,105,325,0,430,17,115,329,0,461,0,0,0,461
03/22/2018,GSN,MP,AWP,WE,Federal Contract Tower,21,9,6,0,36,0,66,174,0,240,21,75,180,0,276,0,0,0,276
03/23/2018,GSN,MP,AWP,WE,Federal Contract Tower,18,14,10,0,42,0,72,141,0,213,18,86,151,0,255,0,0,0,255
03/24/2018,GSN,MP,AWP,WE,Federal Contract Tower,16,14,9,0,39,0,44,166,0,210,16,58,175,0,249,0,0,0,249
03/25/2018,GSN,MP,AWP,WE,Federal Contract Tower,23,15,0,0,38,0,63,192,2,257,23,78,192,2,295,0,0,0,295
03/26/2018,GSN,MP,AWP,WE,Federal Contract Tower,24,14,10,4,52,0,70,198,1,269,24,84,208,5,321,0,0,0,321
03/27/2018,GSN,MP,AWP,WE,Federal Contract Tower,15,10,8,0,33,0,55,183,8,246,15,65,191,8,279,0,0,0,279
03/28/2018,GSN,MP,AWP,WE,Federal Contract Tower,16,9,4,2,31,0,78,174,0,252,16,87,178,2,283,8,0,8,291
03/29/2018,GSN,MP,AWP,WE,Federal Contract Tower,20,12,7,0,39,0,70,121,0,191,20,82,128,0,230,4,0,4,234
03/30/2018,GSN,MP,AWP,WE,Federal Contract Tower,20,13,11,0,44,0,59,161,0,220,20,72,172,0,264,0,0,0,264
03/31/2018,GSN,MP,AWP,WE,Federal Contract Tower,16,11,3,0,30,0,55,149,0,204,16,66,152,0,234,28,0,28,262
04/01/2018,GSN,MP,AWP,WE,Federal Contract Tower,19,12,2,0,33,0,66,118,0,184,19,78,120,0,217,0,0,0,217
04/02/2018,GSN,MP,AWP,WE,Federal Contract Tower,19,14,0,0,33,0,75,214,0,289,19,89,214,0,322,0,0,0,322
04/03/2018,GSN,MP,AWP,WE,Federal Contract Tower,14,10,8,0,32,0,74,239,0,313,14,84,247,0,345,0,0,0,345
04/04/2018,GSN,MP,AWP,WE,Federal Contract Tower,17,10,1,0,28,0,80,241,0,321,17,90,242,0,349,0,0,0,349
04/05/2018,GSN,MP,AWP,WE,Federal Contract Tower,16,17,7,0,40,0,67,257,0,324,16,84,264,0,364,0,0,0,364
04/06/2018,GSN,MP,AWP,WE,Federal Contract Tower,18,17,10,0,45,0,97,161,0,258,18,114,171,0,303,0,0,0,303
04/07/2018,GSN,MP,AWP,WE,Federal Contract Tower,13,12,6,0,31,0,53,220,0,273,13,65,226,0,304,0,0,0,304
04/08/2018,GSN,MP,AWP,WE,Federal Contract Tower,15,10,1,0,26,0,53,228,0,281,15,63,229,0,307,0,0,0,307
04/09/2018,GSN,MP,AWP,WE,Federal Contract Tower,18,15,0,0,33,0,64,168,0,232,18,79,168,0,265,0,0,0,265
04/10/2018,GSN,MP,AWP,WE,Federal Contract Tower,14,13,9,2,38,0,46,229,0,275,14,59,238,2,313,0,0,0,313
04/11/2018,GSN,MP,AWP,WE,Federal Contract Tower,14,11,3,0,28,0,73,284,0,357,14,84,287,0,385,0,0,0,385
04/12/2018,GSN,MP,AWP,WE,Federal Contract Tower,17,10,4,0,31,0,69,180,0,249,17,79,184,0,280,0,0,0,280
04/13/2018,GSN,MP,AWP,WE,Federal Contract Tower,17,17,10,0,44,0,76,161,0,237,17,93,171,0,281,0,0,0,281
04/14/2018,GSN,MP,AWP,WE,Federal Contract Tower,13,13,8,0,34,0,60,176,0,236,13,73,184,0,270,0,0,0,270
04/15/2018,GSN,MP,AWP,WE,Federal Contract Tower,17,12,4,0,33,0,37,65,0,102,17,49,69,0,135,0,0,0,135
04/16/2018,GSN,MP,AWP,WE,Federal Contract Tower,18,10,0,0,28,0,64,250,0,314,18,74,250,0,342,0,0,0,342
04/17/2018,GSN,MP,AWP,WE,Federal Contract Tower,11,16,12,0,39,0,62,231,0,293,11,78,243,0,332,0,0,0,332
04/18/2018,GSN,MP,AWP,WE,Federal Contract Tower,14,14,8,0,36,0,64,139,0,203,14,78,147,0,239,0,0,0,239
04/19/2018,GSN,MP,AWP,WE,Federal Contract Tower,17,10,4,0,31,0,56,354,0,410,17,66,358,0,441,0,0,0,441
04/20/2018,GSN,MP,AWP,WE,Federal Contract Tower,18,16,8,0,42,0,81,278,0,359,18,97,286,0,401,0,0,0,401
04/21/2018,GSN,MP,AWP,WE,Federal Contract Tower,13,11,9,0,33,0,66,321,0,387,13,77,330,0,420,0,0,0,420
04/22/2018,GSN,MP,AWP,WE,Federal Contract Tower,17,13,0,0,30,0,66,276,0,342,17,79,276,0,372,0,0,0,372
04/23/2018,GSN,MP,AWP,WE,Federal Contract Tower,20,12,0,0,32,0,50,249,0,299,20,62,249,0,331,0,0,0,331
04/24/2018,GSN,MP,AWP,WE,Federal Contract Tower,11,10,6,0,27,0,98,221,0,319,11,108,227,0,346,0,0,0,346
04/25/2018,GSN,MP,AWP,WE,Federal Contract Tower,15,13,12,0,40,0,62,291,0,353,15,75,303,0,393,0,0,0,393
04/26/2018,GSN,MP,AWP,WE,Federal Contract Tower,18,11,6,0,35,0,58,234,0,292,18,69,240,0,327,0,0,0,327
04/27/2018,GSN,MP,AWP,WE,Federal Contract Tower,17,10,13,0,40,0,66,168,0,234,17,76,181,0,274,0,0,0,274
04/28/2018,GSN,MP,AWP,WE,Federal Contract Tower,13,11,5,0,29,0,60,329,0,389,13,71,334,0,418,0,0,0,418
04/29/2018,GSN,MP,AWP,WE,Federal Contract Tower,18,14,0,0,32,0,63,303,0,366,18,77,303,0,398,6,0,6,404
04/30/2018,GSN,MP,AWP,WE,Federal Contract Tower,21,15,8,0,44,0,55,313,0,368,21,70,321,0,412,0,0,0,412
05/01/2018,GSN,MP,AWP,WE,Federal Contract Tower,15,10,0,0,25,0,72,305,0,377,15,82,305,0,402,0,0,0,402
05/02/2018,GSN,MP,AWP,WE,Federal Contract Tower,14,10,6,0,30,0,72,290,0,362,14,82,296,0,392,0,0,0,392
05/03/2018,GSN,MP,AWP,WE,Federal Contract Tower,19,11,10,0,40,0,80,311,0,391,19,91,321,0,431,6,0,6,437
05/04/2018,GSN,MP,AWP,WE,Federal Contract Tower,17,12,13,0,42,0,98,235,0,333,17,110,248,0,375,8,0,8,383
05/05/2018,GSN,MP,AWP,WE,Federal Contract Tower,15,9,5,0,29,0,79,274,0,353,15,88,279,0,382,0,0,0,382
05/06/2018,GSN,MP,AWP,WE,Federal Contract Tower,19,10,1,0,30,0,83,291,0,374,19,93,292,0,404,0,0,0,404
05/07/2018,GSN,MP,AWP,WE,Federal Contract Tower,18,13,12,0,43,0,74,217,0,291,18,87,229,0,334,0,0,0,334
05/08/2018,GSN,MP,AWP,WE,Federal Contract Tower,13,16,0,0,29,0,75,266,0,341,13,91,266,0,370,0,0,0,370
05/09/2018,GSN,MP,AWP,WE,Federal Contract Tower,12,10,6,2,30,0,84,325,0,409,12,94,331,2,439,0,0,0,439
05/10/2018,GSN,MP,AWP,WE,Federal Contract Tower,18,12,4,0,34,0,61,203,0,264,18,73,207,0,298,0,0,0,298
05/11/2018,GSN,MP,AWP,WE,Federal Contract Tower,17,10,7,0,34,0,112,290,0,402,17,122,297,0,436,0,0,0,436
05/12/2018,GSN,MP,AWP,WE,Federal Contract Tower,12,10,9,0,31,0,96,259,0,355,12,106,268,0,386,0,0,0,386
05/13/2018,GSN,MP,AWP,WE,Federal Contract Tower,15,10,0,0,25,0,97,209,0,306,15,107,209,0,331,0,0,0,331
05/14/2018,GSN,MP,AWP,WE,Federal Contract Tower,19,10,0,0,29,0,57,254,0,311,19,67,254,0,340,0,0,0,340
05/15/2018,GSN,MP,AWP,WE,Federal Contract Tower,15,9,0,0,24,0,54,279,0,333,15,63,279,0,357,0,0,0,357
05/16/2018,GSN,MP,AWP,WE,Federal Contract Tower,11,10,6,0,27,0,78,329,0,407,11,88,335,0,434,0,0,0,434
05/17/2018,GSN,MP,AWP,WE,Federal Contract Tower,16,10,6,0,32,0,55,76,0,131,16,65,82,0,163,0,0,0,163
05/18/2018,GSN,MP,AWP,WE,Federal Contract Tower,16,10,5,0,31,0,74,283,0,357,16,84,288,0,388,2,0,2,390
05/19/2018,GSN,MP,AWP,WE,Federal Contract Tower,10,9,6,0,25,0,79,299,0,378,10,88,305,0,403,0,0,0,403
05/20/2018,GSN,MP,AWP,WE,Federal Contract Tower,17,10,2,0,29,0,58,254,0,312,17,68,256,0,341,0,0,0,341
05/21/2018,GSN,MP,AWP,WE,Federal Contract Tower,17,10,8,0,35,0,66,220,0,286,17,76,228,0,321,0,0,0,321
05/22/2018,GSN,MP,AWP,WE,Federal Contract Tower,12,10,0,0,22,0,87,249,0,336,12,97,249,0,358,0,0,0,358
05/23/2018,GSN,MP,AWP,WE,Federal Contract Tower,13,10,10,1,34,0,79,327,0,406,13,89,337,1,440,0,0,0,440
05/24/2018,GSN,MP,AWP,WE,Federal Contract Tower,21,13,3,0,37,0,63,274,0,337,21,76,277,0,374,28,0,28,402
05/25/2018,GSN,MP,AWP,WE,Federal Contract Tower,17,10,8,0,35,0,55,228,0,283,17,65,236,0,318,0,0,0,318
05/26/2018,GSN,MP,AWP,WE,Federal Contract Tower,11,10,3,0,24,0,72,304,0,376,11,82,307,0,400,0,0,0,400
05/27/2018,GSN,MP,AWP,WE,Federal Contract Tower,15,14,4,0,33,0,48,342,0,390,15,62,346,0,423,4,0,4,427
05/28/2018,GSN,MP,AWP,WE,Federal Contract Tower,18,14,8,0,40,0,58,311,0,369,18,72,319,0,409,0,0,0,409
05/29/2018,GSN,MP,AWP,WE,Federal Contract Tower,12,10,6,0,28,0,80,290,0,370,12,90,296,0,398,0,0,0,398
05/30/2018,GSN,MP,AWP,WE,Federal Contract Tower,15,10,0,0,25,0,77,300,0,377,15,87,300,0,402,0,0,0,402
05/31/2018,GSN,MP,AWP,WE,Federal Contract Tower,15,14,10,0,39,0,69,251,0,320,15,83,261,0,359,2,0,2,361
06/01/2018,GSN,MP,AWP,WE,Federal Contract Tower,18,2,7,0,27,0,81,267,0,348,18,83,274,0,375,0,0,0,375
06/02/2018,GSN,MP,AWP,WE,Federal Contract Tower,14,0,12,0,26,0,65,316,0,381,14,65,328,0,407,0,0,0,407
06/03/2018,GSN,MP,AWP,WE,Federal Contract Tower,19,2,1,0,22,0,63,236,0,299,19,65,237,0,321,0,0,0,321
06/04/2018,GSN,MP,AWP,WE,Federal Contract Tower,20,8,8,0,36,0,56,225,0,281,20,64,233,0,317,0,0,0,317
06/05/2018,GSN,MP,AWP,WE,Federal Contract Tower,15,2,14,0,31,0,66,224,2,292,15,68,238,2,323,0,0,0,323
06/06/2018,GSN,MP,AWP,WE,Federal Contract Tower,16,0,6,0,22,0,34,116,0,150,16,34,122,0,172,0,0,0,172
06/07/2018,GSN,MP,AWP,WE,Federal Contract Tower,18,1,16,0,35,0,64,245,0,309,18,65,261,0,344,8,0,8,352
06/08/2018,GSN,MP,AWP,WE,Federal Contract Tower,18,7,7,0,32,0,78,161,2,241,18,85,168,2,273,0,0,0,273
06/09/2018,GSN,MP,AWP,WE,Federal Contract Tower,15,5,5,0,25,0,61,344,0,405,15,66,349,0,430,2,0,2,432
06/10/2018,GSN,MP,AWP,WE,Federal Contract Tower,18,2,1,0,21,0,67,318,0,385,18,69,319,0,406,2,0,2,408
06/11/2018,GSN,MP,AWP,WE,Federal Contract Tower,21,1,6,0,28,0,79,276,0,355,21,80,282,0,383,0,0,0,383
06/12/2018,GSN,MP,AWP,WE,Federal Contract Tower,15,5,12,0,32,0,70,257,0,327,15,75,269,0,359,0,0,0,359
06/13/2018,GSN,MP,AWP,WE,Federal Contract Tower,17,4,8,0,29,0,64,307,0,371,17,68,315,0,400,6,0,6,406
06/14/2018,GSN,MP,AWP,WE,Federal Contract Tower,20,0,7,2,29,0,59,308,2,369,20,59,315,4,398,0,0,0,398
06/15/2018,GSN,MP,AWP,WE,Federal Contract Tower,19,1,8,0,28,0,79,206,0,285,19,80,214,0,313,0,0,0,313
06/16/2018,GSN,MP,AWP,WE,Federal Contract Tower,15,5,8,0,28,0,72,294,0,366,15,77,302,0,394,6,0,6,400
06/17/2018,GSN,MP,AWP,WE,Federal Contract Tower,17,5,3,0,25,0,59,323,2,384,17,64,326,2,409,6,0,6,415
06/18/2018,GSN,MP,AWP,WE,Federal Contract Tower,20,0,9,0,29,0,65,299,6,370,20,65,308,6,399,0,0,0,399
06/19/2018,GSN,MP,AWP,WE,Federal Contract Tower,14,1,7,0,22,0,64,330,3,397,14,65,337,3,419,0,0,0,419
06/20/2018,GSN,MP,AWP,WE,Federal Contract Tower,16,9,3,0,28,0,65,360,0,425,16,74,363,0,453,0,0,0,453
06/21/2018,GSN,MP,AWP,WE,Federal Contract Tower,19,6,3,0,28,0,62,366,0,428,19,68,369,0,456,0,0,0,456
06/22/2018,GSN,MP,AWP,WE,Federal Contract Tower,17,0,5,0,22,0,74,226,0,300,17,74,231,0,322,0,0,0,322
06/23/2018,GSN,MP,AWP,WE,Federal Contract Tower,14,1,7,0,22,0,58,326,0,384,14,59,333,0,406,14,0,14,420
06/24/2018,GSN,MP,AWP,WE,Federal Contract Tower,18,4,1,0,23,0,76,289,0,365,18,80,290,0,388,0,0,0,388
06/25/2018,GSN,MP,AWP,WE,Federal Contract Tower,20,5,7,0,32,0,64,254,0,318,20,69,261,0,350,0,0,0,350
06/26/2018,GSN,MP,AWP,WE,Federal Contract Tower,14,0,8,0,22,0,67,252,0,319,14,67,260,0,341,0,0,0,341
06/27/2018,GSN,MP,AWP,WE,Federal Contract Tower,16,11,0,0,27,0,76,336,0,412,16,87,336,0,439,0,0,0,439
06/28/2018,GSN,MP,AWP,WE,Federal Contract Tower,18,6,2,0,26,0,64,315,0,379,18,70,317,0,405,0,0,0,405
06/29/2018,GSN,MP,AWP,WE,Federal Contract Tower,19,4,10,0,33,0,82,217,0,299,19,86,227,0,332,8,0,8,340
06/30/2018,GSN,MP,AWP,WE,Federal Contract Tower,15,0,2,0,17,0,81,357,0,438,15,81,359,0,455,0,0,0,455
07/01/2018,GSN,MP,AWP,WE,Federal Contract Tower,19,0,0,4,23,0,78,300,0,378,19,78,300,4,401,2,0,2,403
07/02/2018,GSN,MP,AWP,WE,Federal Contract Tower,21,6,0,0,27,0,59,228,0,287,21,65,228,0,314,0,0,0,314
07/03/2018,GSN,MP,AWP,WE,Federal Contract Tower,16,6,3,0,25,0,59,252,0,311,16,65,255,0,336,0,0,0,336
07/04/2018,GSN,MP,AWP,WE,Federal Contract Tower,16,3,4,0,23,0,32,58,0,90,16,35,62,0,113,0,0,0,113
07/05/2018,GSN,MP,AWP,WE,Federal Contract Tower,12,0,0,0,12,0,0,0,0,0,12,0,0,0,12,0,0,0,12
07/06/2018,GSN,MP,AWP,WE,Federal Contract Tower,23,6,6,0,35,0,70,265,0,335,23,76,271,0,370,0,0,0,370
07/07/2018,GSN,MP,AWP,WE,Federal Contract Tower,15,2,4,0,21,0,62,274,0,336,15,64,278,0,357,0,0,0,357
07/08/2018,GSN,MP,AWP,WE,Federal Contract Tower,19,0,0,0,19,0,68,292,0,360,19,68,292,0,379,0,0,0,379
07/09/2018,GSN,MP,AWP,WE,Federal Contract Tower,19,8,2,0,29,0,70,267,0,337,19,78,269,0,366,0,0,0,366
07/10/2018,GSN,MP,AWP,WE,Federal Contract Tower,14,8,6,0,28,0,62,261,0,323,14,70,267,0,351,0,0,0,351
07/11/2018,GSN,MP,AWP,WE,Federal Contract Tower,16,0,4,0,20,0,80,293,0,373,16,80,297,0,393,0,0,0,393
07/12/2018,GSN,MP,AWP,WE,Federal Contract Tower,18,4,0,1,23,0,60,228,0,288,18,64,228,1,311,0,0,0,311
07/13/2018,GSN,MP,AWP,WE,Federal Contract Tower,18,4,5,0,27,0,88,249,0,337,18,92,254,0,364,0,0,0,364
07/14/2018,GSN,MP,AWP,WE,Federal Contract Tower,16,3,6,1,26,0,67,326,0,393,16,70,332,1,419,0,0,0,419
07/15/2018,GSN,MP,AWP,WE,Federal Contract Tower,18,0,0,0,18,0,60,275,0,335,18,60,275,0,353,0,0,0,353
07/16/2018,GSN,MP,AWP,WE,Federal Contract Tower,20,1,1,0,22,0,78,233,0,311,20,79,234,0,333,0,0,0,333
07/17/2018,GSN,MP,AWP,WE,Federal Contract Tower,16,5,3,0,24,0,47,271,0,318,16,52,274,0,342,0,0,0,342
07/18/2018,GSN,MP,AWP,WE,Federal Contract Tower,16,5,5,4,30,0,63,265,0,328,16,68,270,4,358,0,0,0,358
07/19/2018,GSN,MP,AWP,WE,Federal Contract Tower,18,1,3,0,22,0,79,225,0,304,18,80,228,0,326,0,0,0,326
07/20/2018,GSN,MP,AWP,WE,Federal Contract Tower,18,2,5,0,25,0,70,268,0,338,18,72,273,0,363,0,0,0,363
07/21/2018,GSN,MP,AWP,WE,Federal Contract Tower,14,3,6,0,23,0,70,342,4,416,14,73,348,4,439,0,0,0,439
07/22/2018,GSN,MP,AWP,WE,Federal Contract Tower,20,2,2,0,24,0,76,286,0,362,20,78,288,0,386,16,0,16,402
07/23/2018,GSN,MP,AWP,WE,Federal Contract Tower,21,2,2,0,25,0,89,232,0,321,21,91,234,0,346,0,0,0,346
07/24/2018,GSN,MP,AWP,WE,Federal Contract Tower,14,0,5,0,19,0,101,269,0,370,14,101,274,0,389,0,0,0,389
07/25/2018,GSN,MP,AWP,WE,Federal Contract Tower,18,5,6,0,29,0,93,336,0,429,18,98,342,0,458,0,0,0,458
07/26/2018,GSN,MP,AWP,WE,Federal Contract Tower,18,4,5,0,27,0,67,280,0,347,18,71,285,0,374,0,0,0,374
07/27/2018,GSN,MP,AWP,WE,Federal Contract Tower,18,0,0,0,18,0,74,238,0,312,18,74,238,0,330,0,0,0,330
07/28/2018,GSN,MP,AWP,WE,Federal Contract Tower,15,4,0,0,19,0,81,305,0,386,15,85,305,0,405,0,0,0,405
07/29/2018,GSN,MP,AWP,WE,Federal Contract Tower,19,1,1,0,21,0,73,261,0,334,19,74,262,0,355,0,0,0,355
07/30/2018,GSN,MP,AWP,WE,Federal Contract Tower,20,0,5,2,27,0,81,242,0,323,20,81,247,2,350,0,0,0,350
07/31/2018,GSN,MP,AWP,WE,Federal Contract Tower,17,0,0,0,17,0,68,270,0,338,17,68,270,0,355,0,0,0,355
08/01/2018,GSN,MP,AWP,WE,Federal Contract Tower,17,4,0,0,21,0,87,283,0,370,17,91,283,0,391,0,0,0,391
08/02/2018,GSN,MP,AWP,WE,Federal Contract Tower,20,2,5,0,27,0,67,244,0,311,20,69,249,0,338,0,0,0,338
08/03/2018,GSN,MP,AWP,WE,Federal Contract Tower,25,3,9,0,37,0,88,251,0,339,25,91,260,0,376,0,0,0,376
08/04/2018,GSN,MP,AWP,WE,Federal Contract Tower,18,3,5,0,26,0,54,258,0,312,18,57,263,0,338,0,0,0,338
08/05/2018,GSN,MP,AWP,WE,Federal Contract Tower,23,0,1,0,24,0,89,231,0,320,23,89,232,0,344,0,0,0,344
08/06/2018,GSN,MP,AWP,WE,Federal Contract Tower,27,3,9,0,39,0,59,226,2,287,27,62,235,2,326,2,0,2,328
08/07/2018,GSN,MP,AWP,WE,Federal Contract Tower,18,1,11,0,30,0,67,280,0,347,18,68,291,0,377,0,0,0,377
08/08/2018,GSN,MP,AWP,WE,Federal Contract Tower,22,0,10,0,32,0,84,333,0,417,22,84,343,0,449,0,0,0,449
08/09/2018,GSN,MP,AWP,WE,Federal Contract Tower,27,0,7,0,34,0,66,272,0,338,27,66,279,0,372,0,0,0,372
08/10/2018,GSN,MP,AWP,WE,Federal Contract Tower,23,5,12,0,40,0,89,201,0,290,23,94,213,0,330,0,0,0,330
08/11/2018,GSN,MP,AWP,WE,Federal Contract Tower,19,0,11,0,30,0,55,231,0,286,19,55,242,0,316,0,0,0,316
08/12/2018,GSN,MP,AWP,WE,Federal Contract Tower,24,0,0,0,24,0,76,281,0,357,24,76,281,0,381,0,0,0,381
08/13/2018,GSN,MP,AWP,WE,Federal Contract Tower,25,1,10,1,37,0,96,253,0,349,25,97,263,1,386,0,0,0,386
08/14/2018,GSN,MP,AWP,WE,Federal Contract Tower,18,3,10,0,31,0,77,287,1,365,18,80,297,1,396,2,0,2,398
08/15/2018,GSN,MP,AWP,WE,Federal Contract Tower,24,3,10,0,37,0,69,305,0,374,24,72,315,0,411,0,0,0,411
08/16/2018,GSN,MP,AWP,WE,Federal Contract Tower,28,1,5,0,34,0,47,53,0,100,28,48,58,0,134,0,0,0,134
08/17/2018,GSN,MP,AWP,WE,Federal Contract Tower,22,0,6,0,28,0,95,254,0,349,22,95,260,0,377,0,0,0,377
08/18/2018,GSN,MP,AWP,WE,Federal Contract Tower,23,0,10,0,33,0,78,341,0,419,23,78,351,0,452,0,0,0,452
08/19/2018,GSN,MP,AWP,WE,Federal Contract Tower,25,6,0,0,31,0,74,145,0,219,25,80,145,0,250,0,0,0,250
08/20/2018,GSN,MP,AWP,WE,Federal Contract Tower,26,2,0,0,28,0,15,6,0,21,26,17,6,0,49,0,0,0,49
08/21/2018,GSN,MP,AWP,WE,Federal Contract Tower,19,11,0,0,30,0,50,27,0,77,19,61,27,0,107,0,0,0,107
08/22/2018,GSN,MP,AWP,WE,Federal Contract Tower,22,3,12,0,37,0,47,326,0,373,22,50,338,0,410,4,0,4,414
08/23/2018,GSN,MP,AWP,WE,Federal Contract Tower,21,5,11,0,37,0,58,283,0,341,21,63,294,0,378,0,0,0,378
08/24/2018,GSN,MP,AWP,WE,Federal Contract Tower,28,0,7,0,35,0,72,283,0,355,28,72,290,0,390,0,0,0,390
08/25/2018,GSN,MP,AWP,WE,Federal Contract Tower,19,0,4,0,23,0,77,357,0,434,19,77,361,0,457,0,0,0,457
08/26/2018,GSN,MP,AWP,WE,Federal Contract Tower,22,4,4,0,30,0,67,277,0,344,22,71,281,0,374,0,0,0,374
08/27/2018,GSN,MP,AWP,WE,Federal Contract Tower,22,1,11,0,34,0,60,273,0,333,22,61,284,0,367,0,0,0,367
08/28/2018,GSN,MP,AWP,WE,Federal Contract Tower,16,1,9,0,26,0,51,299,0,350,16,52,308,0,376,0,0,0,376
08/29/2018,GSN,MP,AWP,WE,Federal Contract Tower,21,0,9,0,30,0,70,331,0,401,21,70,340,0,431,0,0,0,431
08/30/2018,GSN,MP,AWP,WE,Federal Contract Tower,21,4,5,0,30,0,55,319,0,374,21,59,324,0,404,0,0,0,404
08/31/2018,GSN,MP,AWP,WE,Federal Contract Tower,22,2,11,0,35,0,91,285,0,376,22,93,296,0,411,0,0,0,411
09/01/2018,GSN,MP,AWP,WE,Federal Contract Tower,16,0,2,0,18,0,53,287,0,340,16,53,289,0,358,0,0,0,358
09/02/2018,GSN,MP,AWP,WE,Federal Contract Tower,20,1,0,0,21,0,61,261,0,322,20,62,261,0,343,0,0,0,343
09/03/2018,GSN,MP,AWP,WE,Federal Contract Tower,24,1,9,0,34,0,53,259,0,312,24,54,268,0,346,0,0,0,346
09/04/2018,GSN,MP,AWP,WE,Federal Contract Tower,15,1,12,0,28,0,67,269,2,338,15,68,281,2,366,2,0,2,368
09/05/2018,GSN,MP,AWP,WE,Federal Contract Tower,19,0,9,0,28,0,82,133,0,215,19,82,142,0,243,0,0,0,243
09/06/2018,GSN,MP,AWP,WE,Federal Contract Tower,19,0,6,1,26,0,68,287,1,356,19,68,293,2,382,0,0,0,382
09/07/2018,GSN,MP,AWP,WE,Federal Contract Tower,19,0,3,0,22,0,70,181,0,251,19,70,184,0,273,0,0,0,273
09/08/2018,GSN,MP,AWP,WE,Federal Contract Tower,22,0,5,0,27,0,77,307,0,384,22,77,312,0,411,0,0,0,411
09/09/2018,GSN,MP,AWP,WE,Federal Contract Tower,20,2,3,0,25,0,76,336,3,415,20,78,339,3,440,0,0,0,440
09/10/2018,GSN,MP,AWP,WE,Federal Contract Tower,17,1,0,0,18,0,0,0,0,0,17,1,0,0,18,0,0,0,18
09/11/2018,GSN,MP,AWP,WE,Federal Contract Tower,10,9,0,0,19,0,42,11,11,64,10,51,11,11,83,0,0,0,83
09/12/2018,GSN,MP,AWP,WE,Federal Contract Tower,22,2,14,0,38,0,76,349,4,429,22,78,363,4,467,0,0,0,467
09/13/2018,GSN,MP,AWP,WE,Federal Contract Tower,18,0,2,0,20,0,56,273,9,338,18,56,275,9,358,0,0,0,358
09/14/2018,GSN,MP,AWP,WE,Federal Contract Tower,20,1,9,1,31,0,70,246,4,320,20,71,255,5,351,0,0,0,351
09/15/2018,GSN,MP,AWP,WE,Federal Contract Tower,14,0,4,1,19,0,59,271,0,330,14,59,275,1,349,0,0,0,349
09/16/2018,GSN,MP,AWP,WE,Federal Contract Tower,19,0,0,0,19,0,59,323,0,382,19,59,323,0,401,0,0,0,401
09/17/2018,GSN,MP,AWP,WE,Federal Contract Tower,18,0,9,0,27,0,75,260,0,335,18,75,269,0,362,0,0,0,362
09/18/2018,GSN,MP,AWP,WE,Federal Contract Tower,17,0,5,0,22,0,68,327,0,395,17,68,332,0,417,0,0,0,417
09/19/2018,GSN,MP,AWP,WE,Federal Contract Tower,19,0,13,0,32,0,90,302,0,392,19,90,315,0,424,0,0,0,424
09/20/2018,GSN,MP,AWP,WE,Federal Contract Tower,21,0,2,2,25,0,60,283,0,343,21,60,285,2,368,0,0,0,368
09/21/2018,GSN,MP,AWP,WE,Federal Contract Tower,23,0,6,0,29,0,3,1,0,4,23,3,7,0,33,0,0,0,33
09/22/2018,GSN,MP,AWP,WE,Federal Contract Tower,17,1,8,0,26,0,72,285,0,357,17,73,293,0,383,0,0,0,383
09/23/2018,GSN,MP,AWP,WE,Federal Contract Tower,26,1,0,0,27,0,48,311,0,359,26,49,311,0,386,0,0,0,386
09/24/2018,GSN,MP,AWP,WE,Federal Contract Tower,24,4,12,0,40,0,71,308,0,379,24,75,320,0,419,0,0,0,419
09/25/2018,GSN,MP,AWP,WE,Federal Contract Tower,20,0,7,0,27,0,79,286,10,375,20,79,293,10,402,0,0,0,402
09/26/2018,GSN,MP,AWP,WE,Federal Contract Tower,24,0,3,0,27,0,72,357,7,436,24,72,360,7,463,0,0,0,463
09/27/2018,GSN,MP,AWP,WE,Federal Contract Tower,20,2,10,0,32,0,54,301,0,355,20,56,311,0,387,0,0,0,387
09/28/2018,GSN,MP,AWP,WE,Federal Contract Tower,23,1,3,0,27,0,95,324,2,421,23,96,327,2,448,0,0,0,448
09/29/2018,GSN,MP,AWP,WE,Federal Contract Tower,15,2,10,3,30,0,60,143,0,203,15,62,153,3,233,0,0,0,233
09/30/2018,GSN,MP,AWP,WE,Federal Contract Tower,21,2,0,2,25,0,54,297,4,355,21,56,297,6,380,0,49,49,429
10/01/2018,GSN,MP,AWP,WE,Federal Contract Tower,23,0,17,1,41,0,62,324,0,386,23,62,341,1,427,0,0,0,427
10/02/2018,GSN,MP,AWP,WE,Federal Contract Tower,14,0,11,0,25,0,73,357,6,436,14,73,368,6,461,0,0,0,461
10/03/2018,GSN,MP,AWP,WE,Federal Contract Tower,19,0,10,4,33,0,90,366,0,456,19,90,376,4,489,0,0,0,489
10/04/2018,GSN,MP,AWP,WE,Federal Contract Tower,17,0,6,0,23,0,70,141,0,211,17,70,147,0,234,0,0,0,234
10/05/2018,GSN,MP,AWP,WE,Federal Contract Tower,20,4,5,0,29,0,94,402,0,496,20,98,407,0,525,0,0,0,525
10/06/2018,GSN,MP,AWP,WE,Federal Contract Tower,15,5,6,0,26,0,112,365,0,477,15,117,371,0,503,0,0,0,503
10/07/2018,GSN,MP,AWP,WE,Federal Contract Tower,19,0,0,0,19,0,70,359,0,429,19,70,359,0,448,0,0,0,448
10/08/2018,GSN,MP,AWP,WE,Federal Contract Tower,21,0,7,0,28,0,68,279,0,347,21,68,286,0,375,0,0,0,375
10/09/2018,GSN,MP,AWP,WE,Federal Contract Tower,15,5,15,0,35,0,72,301,0,373,15,77,316,0,408,0,0,0,408
10/10/2018,GSN,MP,AWP,WE,Federal Contract Tower,19,2,14,0,35,0,73,310,0,383,19,75,324,0,418,0,0,0,418
10/11/2018,GSN,MP,AWP,WE,Federal Contract Tower,17,1,4,0,22,0,69,260,0,329,17,70,264,0,351,8,0,8,359
10/12/2018,GSN,MP,AWP,WE,Federal Contract Tower,20,0,5,0,25,0,96,191,0,287,20,96,196,0,312,0,0,0,312
10/13/2018,GSN,MP,AWP,WE,Federal Contract Tower,14,4,6,0,24,0,95,294,0,389,14,99,300,0,413,0,0,0,413
10/14/2018,GSN,MP,AWP,WE,Federal Contract Tower,19,4,5,0,28,0,46,118,0,164,19,50,123,0,192,0,0,0,192
10/15/2018,GSN,MP,AWP,WE,Federal Contract Tower,18,2,2,0,22,0,71,292,0,363,18,73,294,0,385,0,0,0,385
10/16/2018,GSN,MP,AWP,WE,Federal Contract Tower,14,2,8,0,24,0,56,136,0,192,14,58,144,0,216,0,0,0,216
10/17/2018,GSN,MP,AWP,WE,Federal Contract Tower,19,5,5,0,29,0,85,277,0,362,19,90,282,0,391,0,0,0,391
10/18/2018,GSN,MP,AWP,WE,Federal Contract Tower,17,4,9,1,31,0,58,274,1,333,17,62,283,2,364,0,0,0,364
10/19/2018,GSN,MP,AWP,WE,Federal Contract Tower,19,0,7,0,26,0,70,260,0,330,19,70,267,0,356,0,0,0,356
10/20/2018,GSN,MP,AWP,WE,Federal Contract Tower,15,4,0,0,19,0,60,262,0,322,15,64,262,0,341,0,0,0,341
10/21/2018,GSN,MP,AWP,WE,Federal Contract Tower,21,5,1,0,27,0,68,158,0,226,21,73,159,0,253,0,0,0,253
10/22/2018,GSN,MP,AWP,WE,Federal Contract Tower,20,2,13,0,35,0,45,220,0,265,20,47,233,0,300,2,0,2,302
10/23/2018,GSN,MP,AWP,WE,Federal Contract Tower,14,0,7,0,21,0,87,263,2,352,14,87,270,2,373,0,0,0,373
10/24/2018,GSN,MP,AWP,WE,Federal Contract Tower,16,1,8,0,25,0,13,0,0,13,16,14,8,0,38,0,0,0,38
10/25/2018,GSN,MP,AWP,WE,Federal Contract Tower,0,0,0,0,0,0,0,0,0,0,0,0,0,0,0,0,0,0,0
10/26/2018,GSN,MP,AWP,WE,Federal Contract Tower,0,0,0,0,0,0,0,0,0,0,0,0,0,0,0,0,0,0,0
10/27/2018,GSN,MP,AWP,WE,Federal Contract Tower,0,0,0,0,0,0,0,0,0,0,0,0,0,0,0,0,0,0,0
10/28/2018,GSN,MP,AWP,WE,Federal Contract Tower,0,0,0,0,0,0,0,0,0,0,0,0,0,0,0,0,0,0,0
10/29/2018,GSN,MP,AWP,WE,Federal Contract Tower,20,2,4,4,30,0,22,19,25,66,20,24,23,29,96,0,0,0,96
10/30/2018,GSN,MP,AWP,WE,Federal Contract Tower,1,0,0,0,1,14,33,60,26,133,15,33,60,26,134,0,0,0,134
10/31/2018,GSN,MP,AWP,WE,Federal Contract Tower,0,0,0,0,0,18,40,38,30,126,18,40,38,30,126,0,0,0,126
11/01/2018,GSN,MP,AWP,WE,Federal Contract Tower,0,0,0,0,0,10,50,37,20,117,10,50,37,20,117,0,0,0,117
11/02/2018,GSN,MP,AWP,WE,Federal Contract Tower,4,0,7,0,11,7,49,25,16,97,11,49,32,16,108,0,0,0,108
11/03/2018,GSN,MP,AWP,WE,Federal Contract Tower,8,0,4,2,14,0,47,15,15,77,8,47,19,17,91,0,0,0,91
11/04/2018,GSN,MP,AWP,WE,Federal Contract Tower,2,1,0,1,4,0,41,6,11,58,2,42,6,12,62,0,0,0,62
11/05/2018,GSN,MP,AWP,WE,Federal Contract Tower,5,0,10,1,16,0,52,15,9,76,5,52,25,10,92,0,0,0,92
11/06/2018,GSN,MP,AWP,WE,Federal Contract Tower,7,3,14,2,26,0,49,23,19,91,7,52,37,21,117,0,0,0,117
11/07/2018,GSN,MP,AWP,WE,Federal Contract Tower,5,0,4,4,13,0,43,23,15,81,5,43,27,19,94,0,0,0,94
11/08/2018,GSN,MP,AWP,WE,Federal Contract Tower,0,1,9,7,17,0,50,27,7,84,0,51,36,14,101,0,0,0,101
11/09/2018,GSN,MP,AWP,WE,Federal Contract Tower,12,5,4,2,23,0,61,29,4,94,12,66,33,6,117,0,0,0,117
11/10/2018,GSN,MP,AWP,WE,Federal Contract Tower,11,1,12,1,25,0,77,20,3,100,11,78,32,4,125,0,0,0,125
11/11/2018,GSN,MP,AWP,WE,Federal Contract Tower,16,6,1,1,24,0,54,18,3,75,16,60,19,4,99,0,0,0,99
11/12/2018,GSN,MP,AWP,WE,Federal Contract Tower,16,0,3,1,20,0,49,36,4,89,16,49,39,5,109,0,0,0,109
11/13/2018,GSN,MP,AWP,WE,Federal Contract Tower,6,2,5,1,14,0,58,34,6,98,6,60,39,7,112,0,0,0,112
11/14/2018,GSN,MP,AWP,WE,Federal Contract Tower,8,4,7,2,21,0,73,36,12,121,8,77,43,14,142,0,0,0,142
11/15/2018,GSN,MP,AWP,WE,Federal Contract Tower,10,0,2,0,12,0,72,42,6,120,10,72,44,6,132,0,0,0,132
11/16/2018,GSN,MP,AWP,WE,Federal Contract Tower,2,1,6,4,13,0,79,26,2,107,2,80,32,6,120,0,0,0,120
11/17/2018,GSN,MP,AWP,WE,Federal Contract Tower,4,2,8,0,14,0,66,20,0,86,4,68,28,0,100,0,0,0,100
11/18/2018,GSN,MP,AWP,WE,Federal Contract Tower,8,1,2,0,11,1,54,24,2,81,9,55,26,2,92,0,0,0,92
11/19/2018,GSN,MP,AWP,WE,Federal Contract Tower,3,2,12,0,17,3,64,11,5,83,6,66,23,5,100,0,0,0,100
11/20/2018,GSN,MP,AWP,WE,Federal Contract Tower,10,0,7,0,17,1,71,33,9,114,11,71,40,9,131,0,0,0,131
11/21/2018,GSN,MP,AWP,WE,Federal Contract Tower,10,4,7,2,23,0,74,27,0,101,10,78,34,2,124,0,0,0,124
11/22/2018,GSN,MP,AWP,WE,Federal Contract Tower,6,1,3,0,10,0,26,6,0,32,6,27,9,0,42,0,0,0,42
11/23/2018,GSN,MP,AWP,WE,Federal Contract Tower,8,2,4,0,14,0,102,21,0,123,8,104,25,0,137,0,0,0,137
11/24/2018,GSN,MP,AWP,WE,Federal Contract Tower,4,0,6,0,10,0,74,32,1,107,4,74,38,1,117,0,0,0,117
11/25/2018,GSN,MP,AWP,WE,Federal Contract Tower,6,3,2,0,11,0,44,61,0,105,6,47,63,0,116,0,0,0,116
11/26/2018,GSN,MP,AWP,WE,Federal Contract Tower,9,2,1,2,14,0,74,36,2,112,9,76,37,4,126,0,0,0,126
11/27/2018,GSN,MP,AWP,WE,Federal Contract Tower,13,0,2,0,15,0,66,68,8,142,13,66,70,8,157,0,0,0,157
11/28/2018,GSN,MP,AWP,WE,Federal Contract Tower,10,0,6,0,16,0,70,57,2,129,10,70,63,2,145,0,0,0,145
11/29/2018,GSN,MP,AWP,WE,Federal Contract Tower,15,3,8,0,26,0,68,124,3,195,15,71,132,3,221,0,0,0,221
11/30/2018,GSN,MP,AWP,WE,Federal Contract Tower,10,3,10,0,23,0,72,101,0,173,10,75,111,0,196,0,0,0,196
12/01/2018,GSN,MP,AWP,WE,Federal Contract Tower,7,0,8,1,16,0,62,167,2,231,7,62,175,3,247,0,0,0,247
12/02/2018,GSN,MP,AWP,WE,Federal Contract Tower,13,0,2,1,16,0,59,176,0,235,13,59,178,1,251,20,0,20,271
12/03/2018,GSN,MP,AWP,WE,Federal Contract Tower,18,4,6,0,28,0,63,125,0,188,18,67,131,0,216,0,0,0,216
12/04/2018,GSN,MP,AWP,WE,Federal Contract Tower,10,3,10,0,23,0,54,185,0,239,10,57,195,0,262,0,0,0,262
12/05/2018,GSN,MP,AWP,WE,Federal Contract Tower,8,0,7,0,15,0,87,187,2,276,8,87,194,2,291,0,0,0,291
12/06/2018,GSN,MP,AWP,WE,Federal Contract Tower,15,4,0,0,19,0,80,169,0,249,15,84,169,0,268,0,0,0,268
12/07/2018,GSN,MP,AWP,WE,Federal Contract Tower,10,4,13,0,27,0,71,153,4,228,10,75,166,4,255,0,0,0,255
12/08/2018,GSN,MP,AWP,WE,Federal Contract Tower,6,5,9,1,21,0,41,164,3,208,6,46,173,4,229,0,0,0,229
12/09/2018,GSN,MP,AWP,WE,Federal Contract Tower,11,0,0,0,11,0,57,163,0,220,11,57,163,0,231,0,0,0,231
12/10/2018,GSN,MP,AWP,WE,Federal Contract Tower,13,2,6,4,25,0,62,74,0,136,13,64,80,4,161,0,0,0,161
12/11/2018,GSN,MP,AWP,WE,Federal Contract Tower,9,4,10,0,23,0,68,147,0,215,9,72,157,0,238,0,0,0,238
12/12/2018,GSN,MP,AWP,WE,Federal Contract Tower,9,4,7,0,20,0,66,178,8,252,9,70,185,8,272,0,0,0,272
12/14/2018,GSN,MP,AWP,WE,Federal Contract Tower,12,0,5,0,17,0,76,188,0,264,12,76,193,0,281,4,0,4,285
12/15/2018,GSN,MP,AWP,WE,Federal Contract Tower,7,3,8,0,18,0,85,172,0,257,7,88,180,0,275,0,0,0,275
12/16/2018,GSN,MP,AWP,WE,Federal Contract Tower,9,5,1,0,15,0,60,20,0,80,9,65,21,0,95,0,0,0,95
12/17/2018,GSN,MP,AWP,WE,Federal Contract Tower,12,3,6,0,21,0,75,116,0,191,12,78,122,0,212,0,0,0,212
12/18/2018,GSN,MP,AWP,WE,Federal Contract Tower,11,0,10,0,21,0,63,219,0,282,11,63,229,0,303,0,0,0,303
12/19/2018,GSN,MP,AWP,WE,Federal Contract Tower,11,4,13,0,28,0,77,227,0,304,11,81,240,0,332,0,0,0,332
12/22/2018,GSN,MP,AWP,WE,Federal Contract Tower,11,0,10,0,21,0,104,141,0,245,11,104,151,0,266,0,0,0,266
12/23/2018,GSN,MP,AWP,WE,Federal Contract Tower,19,4,2,0,25,0,69,233,0,302,19,73,235,0,327,0,0,0,327
12/24/2018,GSN,MP,AWP,WE,Federal Contract Tower,17,2,10,0,29,0,55,203,0,258,17,57,213,0,287,0,0,0,287
12/25/2018,GSN,MP,AWP,WE,Federal Contract Tower,14,0,0,0,14,0,53,196,0,249,14,53,196,0,263,0,0,0,263
12/26/2018,GSN,MP,AWP,WE,Federal Contract Tower,15,2,3,0,20,0,77,192,0,269,15,79,195,0,289,0,0,0,289
12/27/2018,GSN,MP,AWP,WE,Federal Contract Tower,16,10,0,0,26,0,80,181,0,261,16,90,181,0,287,0,0,0,287
12/28/2018,GSN,MP,AWP,WE,Federal Contract Tower,13,0,10,0,23,0,77,181,0,258,13,77,191,0,281,0,0,0,281
12/29/2018,GSN,MP,AWP,WE,Federal Contract Tower,11,2,2,0,15,0,91,232,0,323,11,93,234,0,338,2,0,2,340
12/30/2018,GSN,MP,AWP,WE,Federal Contract Tower,16,0,0,0,16,0,72,270,0,342,16,72,270,0,358,0,0,0,358
12/31/2018,GSN,MP,AWP,WE,Federal Contract Tower,15,5,5,0,25,0,74,155,0,229,15,79,160,0,254,0,0,0,254
01/01/2019,GSN,MP,AWP,WE,Federal Contract Tower,13,4,3,0,20,0,76,245,0,321,13,80,248,0,341,0,0,0,341
01/02/2019,GSN,MP,AWP,WE,Federal Contract Tower,15,0,1,0,16,0,83,248,0,331,15,83,249,0,347,4,0,4,351
01/03/2019,GSN,MP,AWP,WE,Federal Contract Tower,20,0,6,0,26,0,77,226,0,303,20,77,232,0,329,10,0,10,339
01/04/2019,GSN,MP,AWP,WE,Federal Contract Tower,15,3,4,0,22,0,87,207,0,294,15,90,211,0,316,0,0,0,316
01/05/2019,GSN,MP,AWP,WE,Federal Contract Tower,11,8,0,0,19,0,74,187,0,261,11,82,187,0,280,0,0,0,280
01/06/2019,GSN,MP,AWP,WE,Federal Contract Tower,18,0,0,2,20,0,53,158,0,211,18,53,158,2,231,0,0,0,231
01/07/2019,GSN,MP,AWP,WE,Federal Contract Tower,17,1,2,0,20,0,79,139,0,218,17,80,141,0,238,0,0,0,238
01/08/2019,GSN,MP,AWP,WE,Federal Contract Tower,12,1,7,0,20,0,63,155,0,218,12,64,162,0,238,0,0,0,238
01/09/2019,GSN,MP,AWP,WE,Federal Contract Tower,12,4,4,0,20,0,100,221,0,321,12,104,225,0,341,0,0,0,341
01/10/2019,GSN,MP,AWP,WE,Federal Contract Tower,17,0,2,0,19,0,101,199,0,300,17,101,201,0,319,4,0,4,323
01/11/2019,GSN,MP,AWP,WE,Federal Contract Tower,13,5,0,0,18,0,85,272,0,357,13,90,272,0,375,0,0,0,375
01/12/2019,GSN,MP,AWP,WE,Federal Contract Tower,12,5,5,0,22,0,69,223,0,292,12,74,228,0,314,0,0,0,314
01/13/2019,GSN,MP,AWP,WE,Federal Contract Tower,18,3,4,0,25,0,61,195,0,256,18,64,199,0,281,0,0,0,281
01/14/2019,GSN,MP,AWP,WE,Federal Contract Tower,16,2,6,0,24,0,82,158,0,240,16,84,164,0,264,0,0,0,264
01/15/2019,GSN,MP,AWP,WE,Federal Contract Tower,14,0,4,0,18,0,98,210,0,308,14,98,214,0,326,0,0,0,326
01/16/2019,GSN,MP,AWP,WE,Federal Contract Tower,12,5,4,0,21,0,113,268,0,381,12,118,272,0,402,0,0,0,402
01/17/2019,GSN,MP,AWP,WE,Federal Contract Tower,15,4,10,0,29,0,74,225,0,299,15,78,235,0,328,12,0,12,340
01/18/2019,GSN,MP,AWP,WE,Federal Contract Tower,15,11,0,0,26,0,100,134,0,234,15,111,134,0,260,0,0,0,260
01/19/2019,GSN,MP,AWP,WE,Federal Contract Tower,11,3,12,0,26,0,72,84,0,156,11,75,96,0,182,8,0,8,190
01/20/2019,GSN,MP,AWP,WE,Federal Contract Tower,17,6,0,0,23,0,97,274,0,371,17,103,274,0,394,0,0,0,394
01/21/2019,GSN,MP,AWP,WE,Federal Contract Tower,16,4,8,0,28,0,98,302,0,400,16,102,310,0,428,0,0,0,428
01/22/2019,GSN,MP,AWP,WE,Federal Contract Tower,15,1,3,0,19,0,95,212,2,309,15,96,215,2,328,0,0,0,328
01/23/2019,GSN,MP,AWP,WE,Federal Contract Tower,17,0,6,0,23,0,111,274,6,391,17,111,280,6,414,0,0,0,414
01/24/2019,GSN,MP,AWP,WE,Federal Contract Tower,18,4,2,0,24,0,102,203,0,305,18,106,205,0,329,2,0,2,331
01/25/2019,GSN,MP,AWP,WE,Federal Contract Tower,19,19,0,0,38,0,102,235,0,337,19,121,235,0,375,0,0,0,375
01/26/2019,GSN,MP,AWP,WE,Federal Contract Tower,12,4,0,0,16,0,103,252,0,355,12,107,252,0,371,0,0,0,371
01/27/2019,GSN,MP,AWP,WE,Federal Contract Tower,18,4,7,0,29,0,73,68,0,141,18,77,75,0,170,6,0,6,176
01/28/2019,GSN,MP,AWP,WE,Federal Contract Tower,17,2,10,0,29,0,85,225,0,310,17,87,235,0,339,0,0,0,339
01/29/2019,GSN,MP,AWP,WE,Federal Contract Tower,14,3,12,0,29,0,114,267,0,381,14,117,279,0,410,0,0,0,410
01/30/2019,GSN,MP,AWP,WE,Federal Contract Tower,15,1,4,0,20,0,135,270,0,405,15,136,274,0,425,8,0,8,433
01/31/2019,GSN,MP,AWP,WE,Federal Contract Tower,17,2,11,1,31,0,104,266,3,373,17,106,277,4,404,0,0,0,404
02/01/2019,GSN,MP,AWP,WE,Federal Contract Tower,16,2,4,0,22,0,145,277,0,422,16,147,281,0,444,0,0,0,444
02/02/2019,GSN,MP,AWP,WE,Federal Contract Tower,12,12,0,0,24,0,131,287,0,418,12,143,287,0,442,0,0,0,442
02/03/2019,GSN,MP,AWP,WE,Federal Contract Tower,17,0,0,0,17,0,126,266,0,392,17,126,266,0,409,0,0,0,409
02/04/2019,GSN,MP,AWP,WE,Federal Contract Tower,17,0,10,0,27,0,103,273,0,376,17,103,283,0,403,0,0,0,403
02/05/2019,GSN,MP,AWP,WE,Federal Contract Tower,14,3,11,0,28,0,75,229,0,304,14,78,240,0,332,0,0,0,332
02/06/2019,GSN,MP,AWP,WE,Federal Contract Tower,14,4,10,0,28,0,75,267,0,342,14,79,277,0,370,0,0,0,370
02/07/2019,GSN,MP,AWP,WE,Federal Contract Tower,17,0,5,0,22,0,97,292,0,389,17,97,297,0,411,0,0,0,411
02/08/2019,GSN,MP,AWP,WE,Federal Contract Tower,16,1,3,4,24,0,118,300,0,418,16,119,303,4,442,0,0,0,442
02/11/2019,GSN,MP,AWP,WE,Federal Contract Tower,17,0,4,0,21,0,104,341,0,445,17,104,345,0,466,0,0,0,466
02/12/2019,GSN,MP,AWP,WE,Federal Contract Tower,14,0,4,0,18,0,113,333,0,446,14,113,337,0,464,0,0,0,464
02/13/2019,GSN,MP,AWP,WE,Federal Contract Tower,14,2,8,0,24,0,87,362,4,453,14,89,370,4,477,0,0,0,477
02/14/2019,GSN,MP,AWP,WE,Federal Contract Tower,19,4,10,0,33,2,79,357,4,442,21,83,367,4,475,2,0,2,477
02/15/2019,GSN,MP,AWP,WE,Federal Contract Tower,16,1,4,0,21,0,130,303,0,433,16,131,307,0,454,0,0,0,454
02/16/2019,GSN,MP,AWP,WE,Federal Contract Tower,12,1,4,0,17,0,150,303,2,455,12,151,307,2,472,0,0,0,472
02/17/2019,GSN,MP,AWP,WE,Federal Contract Tower,17,6,5,1,29,0,138,312,1,451,17,144,317,2,480,0,0,0,480
02/18/2019,GSN,MP,AWP,WE,Federal Contract Tower,18,0,14,0,32,0,100,214,0,314,18,100,228,0,346,0,0,0,346
02/19/2019,GSN,MP,AWP,WE,Federal Contract Tower,14,2,11,9,36,0,115,207,20,342,14,117,218,29,378,0,0,0,378
02/20/2019,GSN,MP,AWP,WE,Federal Contract Tower,15,2,9,0,26,0,111,287,0,398,15,113,296,0,424,0,0,0,424
02/21/2019,GSN,MP,AWP,WE,Federal Contract Tower,17,4,10,15,46,0,89,223,3,315,17,93,233,18,361,2,12,14,375
02/22/2019,GSN,MP,AWP,WE,Federal Contract Tower,17,6,12,0,35,0,78,232,0,310,17,84,244,0,345,8,0,8,353
02/23/2019,GSN,MP,AWP,WE,Federal Contract Tower,10,0,0,0,10,0,64,22,0,86,10,64,22,0,96,0,0,0,96
02/25/2019,GSN,MP,AWP,WE,Federal Contract Tower,27,5,15,0,47,0,84,27,0,111,27,89,42,0,158,0,0,0,158
02/26/2019,GSN,MP,AWP,WE,Federal Contract Tower,15,4,9,0,28,0,73,148,0,221,15,77,157,0,249,0,0,0,249
02/27/2019,GSN,MP,AWP,WE,Federal Contract Tower,17,0,6,0,23,0,107,284,5,396,17,107,290,5,419,16,0,16,435
02/28/2019,GSN,MP,AWP,WE,Federal Contract Tower,20,1,9,0,30,0,70,142,0,212,20,71,151,0,242,0,0,0,242
03/01/2019,GSN,MP,AWP,WE,Federal Contract Tower,15,2,15,0,32,0,89,183,2,274,15,91,198,2,306,0,0,0,306
03/02/2019,GSN,MP,AWP,WE,Federal Contract Tower,13,6,12,0,31,0,120,151,0,271,13,126,163,0,302,0,0,0,302
03/03/2019,GSN,MP,AWP,WE,Federal Contract Tower,17,0,0,2,19,0,115,119,0,234,17,115,119,2,253,0,0,0,253
03/05/2019,GSN,MP,AWP,WE,Federal Contract Tower,12,3,10,0,25,0,56,185,2,243,12,59,195,2,268,10,0,10,278
03/06/2019,GSN,MP,AWP,WE,Federal Contract Tower,12,2,13,0,27,0,100,200,6,306,12,102,213,6,333,0,0,0,333
03/07/2019,GSN,MP,AWP,WE,Federal Contract Tower,19,0,6,0,25,0,85,208,0,293,19,85,214,0,318,0,0,0,318
03/08/2019,GSN,MP,AWP,WE,Federal Contract Tower,15,2,9,0,26,0,92,182,2,276,15,94,191,2,302,0,0,0,302
03/09/2019,GSN,MP,AWP,WE,Federal Contract Tower,9,5,9,0,23,0,109,202,0,311,9,114,211,0,334,0,0,0,334
03/10/2019,GSN,MP,AWP,WE,Federal Contract Tower,16,6,0,0,22,0,80,176,2,258,16,86,176,2,280,0,0,0,280
03/11/2019,GSN,MP,AWP,WE,Federal Contract Tower,18,2,12,0,32,0,100,196,2,298,18,102,208,2,330,0,0,0,330
03/12/2019,GSN,MP,AWP,WE,Federal Contract Tower,12,0,6,0,18,0,76,173,0,249,12,76,179,0,267,0,0,0,267
03/13/2019,GSN,MP,AWP,WE,Federal Contract Tower,14,14,0,0,28,0,102,192,2,296,14,116,192,2,324,0,0,0,324
03/14/2019,GSN,MP,AWP,WE,Federal Contract Tower,17,4,9,6,36,0,67,160,0,227,17,71,169,6,263,0,0,0,263
03/15/2019,GSN,MP,AWP,WE,Federal Contract Tower,16,0,5,0,21,0,113,117,2,232,16,113,122,2,253,0,0,0,253
03/16/2019,GSN,MP,AWP,WE,Federal Contract Tower,10,0,6,0,16,0,72,134,0,206,10,72,140,0,222,0,0,0,222
03/17/2019,GSN,MP,AWP,WE,Federal Contract Tower,17,7,4,0,28,0,68,175,0,243,17,75,179,0,271,0,0,0,271
03/19/2019,GSN,MP,AWP,WE,Federal Contract Tower,12,0,6,0,18,0,105,193,2,300,12,105,199,2,318,0,0,0,318
03/20/2019,GSN,MP,AWP,WE,Federal Contract Tower,11,0,6,0,17,0,146,209,0,355,11,146,215,0,372,0,0,0,372
03/21/2019,GSN,MP,AWP,WE,Federal Contract Tower,21,4,11,0,36,0,73,122,0,195,21,77,133,0,231,0,0,0,231
03/22/2019,GSN,MP,AWP,WE,Federal Contract Tower,18,4,6,0,28,0,121,133,0,254,18,125,139,0,282,4,0,4,286
03/23/2019,GSN,MP,AWP,WE,Federal Contract Tower,13,7,2,0,22,0,123,232,0,355,13,130,234,0,377,0,0,0,377
03/24/2019,GSN,MP,AWP,WE,Federal Contract Tower,18,3,0,0,21,0,87,136,0,223,18,90,136,0,244,0,0,0,244
03/25/2019,GSN,MP,AWP,WE,Federal Contract Tower,20,0,10,0,30,0,103,172,2,277,20,103,182,2,307,0,0,0,307
03/26/2019,GSN,MP,AWP,WE,Federal Contract Tower,14,2,12,0,28,0,91,302,2,395,14,93,314,2,423,0,0,0,423
03/27/2019,GSN,MP,AWP,WE,Federal Contract Tower,15,0,4,2,21,0,87,215,1,303,15,87,219,3,324,0,0,0,324
03/28/2019,GSN,MP,AWP,WE,Federal Contract Tower,19,3,6,3,31,0,104,172,1,277,19,107,178,4,308,0,0,0,308
03/29/2019,GSN,MP,AWP,WE,Federal Contract Tower,18,8,7,0,33,0,103,213,0,316,18,111,220,0,349,8,0,8,357
03/30/2019,GSN,MP,AWP,WE,Federal Contract Tower,12,7,8,0,27,0,118,220,0,338,12,125,228,0,365,0,0,0,365
03/31/2019,GSN,MP,AWP,WE,Federal Contract Tower,17,0,0,0,17,0,99,188,0,287,17,99,188,0,304,0,0,0,304
04/01/2019,GSN,MP,AWP,WE,Federal Contract Tower,17,1,10,2,30,0,70,187,0,257,17,71,197,2,287,0,0,0,287
04/02/2019,GSN,MP,AWP,WE,Federal Contract Tower,17,13,0,0,30,0,86,236,0,322,17,99,236,0,352,0,0,0,352
04/03/2019,GSN,MP,AWP,WE,Federal Contract Tower,16,2,15,0,33,0,101,212,0,313,16,103,227,0,346,16,0,16,362
04/04/2019,GSN,MP,AWP,WE,Federal Contract Tower,20,7,0,0,27,0,89,203,0,292,20,96,203,0,319,0,0,0,319
04/05/2019,GSN,MP,AWP,WE,Federal Contract Tower,16,0,8,0,24,0,102,208,0,310,16,102,216,0,334,0,0,0,334
04/07/2019,GSN,MP,AWP,WE,Federal Contract Tower,17,5,2,0,24,0,68,206,0,274,17,73,208,0,298,0,0,0,298
04/08/2019,GSN,MP,AWP,WE,Federal Contract Tower,18,0,12,0,30,0,86,220,0,306,18,86,232,0,336,0,0,0,336
04/09/2019,GSN,MP,AWP,WE,Federal Contract Tower,15,5,0,0,20,0,86,208,2,296,15,91,208,2,316,0,0,0,316
04/10/2019,GSN,MP,AWP,WE,Federal Contract Tower,16,1,17,0,34,0,88,214,0,302,16,89,231,0,336,24,0,24,360
04/11/2019,GSN,MP,AWP,WE,Federal Contract Tower,19,1,15,0,35,0,59,96,0,155,19,60,111,0,190,0,0,0,190
04/12/2019,GSN,MP,AWP,WE,Federal Contract Tower,16,0,7,0,23,0,114,129,0,243,16,114,136,0,266,0,0,0,266
04/13/2019,GSN,MP,AWP,WE,Federal Contract Tower,12,0,6,0,18,0,87,175,0,262,12,87,181,0,280,0,0,0,280
04/14/2019,GSN,MP,AWP,WE,Federal Contract Tower,20,4,9,0,33,0,84,201,0,285,20,88,210,0,318,0,0,0,318
04/15/2019,GSN,MP,AWP,WE,Federal Contract Tower,18,1,19,0,38,0,78,142,0,220,18,79,161,0,258,10,0,10,268
04/17/2019,GSN,MP,AWP,WE,Federal Contract Tower,18,0,3,0,21,0,146,284,0,430,18,146,287,0,451,2,0,2,453
04/18/2019,GSN,MP,AWP,WE,Federal Contract Tower,19,3,9,0,31,0,72,148,0,220,19,75,157,0,251,20,0,20,271
04/19/2019,GSN,MP,AWP,WE,Federal Contract Tower,16,3,13,0,32,0,73,157,0,230,16,76,170,0,262,0,0,0,262
04/20/2019,GSN,MP,AWP,WE,Federal Contract Tower,12,0,6,0,18,0,78,154,0,232,12,78,160,0,250,0,0,0,250
04/21/2019,GSN,MP,AWP,WE,Federal Contract Tower,18,4,2,0,24,0,76,137,0,213,18,80,139,0,237,0,0,0,237
04/22/2019,GSN,MP,AWP,WE,Federal Contract Tower,18,5,10,4,37,0,91,118,0,209,18,96,128,4,246,0,6,6,252
04/23/2019,GSN,MP,AWP,WE,Federal Contract Tower,14,23,0,0,37,0,115,165,9,289,14,138,165,9,326,0,4,4,330
04/24/2019,GSN,MP,AWP,WE,Federal Contract Tower,16,0,6,7,29,0,93,206,0,299,16,93,212,7,328,20,2,22,350
04/25/2019,GSN,MP,AWP,WE,Federal Contract Tower,20,2,14,2,38,0,88,152,0,240,20,90,166,2,278,0,0,0,278
04/26/2019,GSN,MP,AWP,WE,Federal Contract Tower,17,6,2,0,25,0,93,140,0,233,17,99,142,0,258,0,0,0,258
04/27/2019,GSN,MP,AWP,WE,Federal Contract Tower,15,4,9,0,28,0,79,194,0,273,15,83,203,0,301,0,0,0,301
04/28/2019,GSN,MP,AWP,WE,Federal Contract Tower,23,1,0,0,24,0,99,249,0,348,23,100,249,0,372,0,0,0,372
04/29/2019,GSN,MP,AWP,WE,Federal Contract Tower,20,2,6,0,28,0,111,206,0,317,20,113,212,0,345,0,0,0,345
04/30/2019,GSN,MP,AWP,WE,Federal Contract Tower,16,2,11,1,30,0,100,253,1,354,16,102,264,2,384,0,0,0,384
05/01/2019,GSN,MP,AWP,WE,Federal Contract Tower,19,2,10,0,31,0,109,373,0,482,19,111,383,0,513,0,0,0,513
05/02/2019,GSN,MP,AWP,WE,Federal Contract Tower,21,0,4,0,25,0,127,156,0,283,21,127,160,0,308,0,0,0,308
05/03/2019,GSN,MP,AWP,WE,Federal Contract Tower,18,0,7,0,25,0,147,329,0,476,18,147,336,0,501,0,0,0,501
05/04/2019,GSN,MP,AWP,WE,Federal Contract Tower,13,1,14,0,28,0,101,277,0,378,13,102,291,0,406,0,0,0,406
05/05/2019,GSN,MP,AWP,WE,Federal Contract Tower,19,3,6,0,28,0,99,255,0,354,19,102,261,0,382,0,0,0,382
05/06/2019,GSN,MP,AWP,WE,Federal Contract Tower,18,0,8,0,26,0,113,168,0,281,18,113,176,0,307,0,0,0,307
05/07/2019,GSN,MP,AWP,WE,Federal Contract Tower,17,7,0,0,24,0,90,161,0,251,17,97,161,0,275,0,0,0,275
05/09/2019,GSN,MP,AWP,WE,Federal Contract Tower,20,4,7,0,31,0,75,186,0,261,20,79,193,0,292,0,0,0,292
05/10/2019,GSN,MP,AWP,WE,Federal Contract Tower,18,0,9,0,27,0,94,265,0,359,18,94,274,0,386,0,0,0,386
05/11/2019,GSN,MP,AWP,WE,Federal Contract Tower,10,0,6,0,16,0,114,142,6,262,10,114,148,6,278,0,0,0,278
05/12/2019,GSN,MP,AWP,WE,Federal Contract Tower,19,5,4,0,28,0,102,154,0,256,19,107,158,0,284,0,0,0,284
05/13/2019,GSN,MP,AWP,WE,Federal Contract Tower,20,4,12,0,36,0,88,166,0,254,20,92,178,0,290,0,0,0,290
05/14/2019,GSN,MP,AWP,WE,Federal Contract Tower,15,7,0,0,22,0,83,198,0,281,15,90,198,0,303,0,0,0,303
05/15/2019,GSN,MP,AWP,WE,Federal Contract Tower,14,1,6,0,21,0,136,201,0,337,14,137,207,0,358,10,0,10,368
05/16/2019,GSN,MP,AWP,WE,Federal Contract Tower,25,6,6,0,37,0,55,204,0,259,25,61,210,0,296,0,0,0,296
05/17/2019,GSN,MP,AWP,WE,Federal Contract Tower,18,2,7,0,27,0,81,141,0,222,18,83,148,0,249,0,0,0,249
05/18/2019,GSN,MP,AWP,WE,Federal Contract Tower,10,1,11,0,22,0,106,201,0,307,10,107,212,0,329,0,0,0,329
05/19/2019,GSN,MP,AWP,WE,Federal Contract Tower,18,1,5,0,24,0,75,96,0,171,18,76,101,0,195,0,0,0,195
05/20/2019,GSN,MP,AWP,WE,Federal Contract Tower,20,4,12,0,36,0,80,140,0,220,20,84,152,0,256,0,0,0,256
05/21/2019,GSN,MP,AWP,WE,Federal Contract Tower,14,3,14,0,31,0,82,138,0,220,14,85,152,0,251,12,0,12,263
05/22/2019,GSN,MP,AWP,WE,Federal Contract Tower,15,13,0,0,28,0,96,200,0,296,15,109,200,0,324,0,0,0,324
05/23/2019,GSN,MP,AWP,WE,Federal Contract Tower,19,0,7,0,26,0,77,199,0,276,19,77,206,0,302,0,0,0,302
05/24/2019,GSN,MP,AWP,WE,Federal Contract Tower,18,1,9,0,28,0,93,185,0,278,18,94,194,0,306,0,0,0,306
05/25/2019,GSN,MP,AWP,WE,Federal Contract Tower,10,16,0,0,26,0,98,189,0,287,10,114,189,0,313,0,0,0,313
05/26/2019,GSN,MP,AWP,WE,Federal Contract Tower,19,0,2,0,21,0,113,159,0,272,19,113,161,0,293,0,0,0,293
05/27/2019,GSN,MP,AWP,WE,Federal Contract Tower,21,0,8,0,29,0,77,145,5,227,21,77,153,5,256,0,2,2,258
05/28/2019,GSN,MP,AWP,WE,Federal Contract Tower,15,3,13,0,31,0,91,203,0,294,15,94,216,0,325,0,0,0,325
05/29/2019,GSN,MP,AWP,WE,Federal Contract Tower,14,17,0,0,31,0,105,230,0,335,14,122,230,0,366,0,0,0,366
05/30/2019,GSN,MP,AWP,WE,Federal Contract Tower,20,0,7,0,27,0,73,143,2,218,20,73,150,2,245,0,0,0,245
05/31/2019,GSN,MP,AWP,WE,Federal Contract Tower,18,0,5,0,23,0,89,151,0,240,18,89,156,0,263,0,0,0,263
06/01/2019,GSN,MP,AWP,WE,Federal Contract Tower,10,4,6,0,20,0,86,195,0,281,10,90,201,0,301,0,0,0,301
06/02/2019,GSN,MP,AWP,WE,Federal Contract Tower,19,5,2,0,26,0,91,163,0,254,19,96,165,0,280,0,0,0,280
06/03/2019,GSN,MP,AWP,WE,Federal Contract Tower,20,0,6,0,26,0,72,134,4,210,20,72,140,4,236,0,0,0,236
06/04/2019,GSN,MP,AWP,WE,Federal Contract Tower,16,0,5,0,21,0,95,232,0,327,16,95,237,0,348,0,0,0,348
06/05/2019,GSN,MP,AWP,WE,Federal Contract Tower,18,4,10,0,32,0,97,167,0,264,18,101,177,0,296,0,0,0,296
06/06/2019,GSN,MP,AWP,WE,Federal Contract Tower,19,5,10,0,34,0,79,161,0,240,19,84,171,0,274,0,0,0,274
06/07/2019,GSN,MP,AWP,WE,Federal Contract Tower,20,1,7,0,28,0,117,190,0,307,20,118,197,0,335,0,0,0,335
06/08/2019,GSN,MP,AWP,WE,Federal Contract Tower,14,0,5,0,19,0,124,249,0,373,14,124,254,0,392,0,0,0,392
06/09/2019,GSN,MP,AWP,WE,Federal Contract Tower,20,6,0,0,26,0,106,166,0,272,20,112,166,0,298,0,0,0,298
06/11/2019,GSN,MP,AWP,WE,Federal Contract Tower,17,0,5,0,22,0,121,175,0,296,17,121,180,0,318,0,0,0,318
06/12/2019,GSN,MP,AWP,WE,Federal Contract Tower,16,0,9,0,25,0,68,155,0,223,16,68,164,0,248,8,0,8,256
06/13/2019,GSN,MP,AWP,WE,Federal Contract Tower,19,4,8,0,31,0,76,154,8,238,19,80,162,8,269,0,0,0,269
06/14/2019,GSN,MP,AWP,WE,Federal Contract Tower,18,4,9,1,32,0,89,166,0,255,18,93,175,1,287,0,0,0,287
06/15/2019,GSN,MP,AWP,WE,Federal Contract Tower,14,0,6,1,21,0,102,165,2,269,14,102,171,3,290,0,0,0,290
06/16/2019,GSN,MP,AWP,WE,Federal Contract Tower,18,0,0,0,18,0,93,164,0,257,18,93,164,0,275,0,0,0,275
06/17/2019,GSN,MP,AWP,WE,Federal Contract Tower,20,12,4,0,36,0,80,176,15,271,20,92,180,15,307,0,0,0,307
06/18/2019,GSN,MP,AWP,WE,Federal Contract Tower,16,3,6,0,25,0,111,200,0,311,16,114,206,0,336,0,0,0,336
06/19/2019,GSN,MP,AWP,WE,Federal Contract Tower,16,0,8,0,24,0,86,253,0,339,16,86,261,0,363,6,0,6,369
06/20/2019,GSN,MP,AWP,WE,Federal Contract Tower,21,0,8,0,29,0,121,197,0,318,21,121,205,0,347,0,0,0,347
06/21/2019,GSN,MP,AWP,WE,Federal Contract Tower,20,4,8,0,32,0,117,188,0,305,20,121,196,0,337,0,0,0,337
06/22/2019,GSN,MP,AWP,WE,Federal Contract Tower,14,3,7,0,24,0,96,174,0,270,14,99,181,0,294,0,0,0,294
06/23/2019,GSN,MP,AWP,WE,Federal Contract Tower,18,0,0,0,18,0,75,146,4,225,18,75,146,4,243,0,0,0,243
06/24/2019,GSN,MP,AWP,WE,Federal Contract Tower,20,0,10,0,30,0,89,146,2,237,20,89,156,2,267,0,0,0,267
06/25/2019,GSN,MP,AWP,WE,Federal Contract Tower,16,2,10,0,28,0,106,230,0,336,16,108,240,0,364,0,0,0,364
06/26/2019,GSN,MP,AWP,WE,Federal Contract Tower,16,3,12,0,31,0,102,264,0,366,16,105,276,0,397,0,0,0,397
06/27/2019,GSN,MP,AWP,WE,Federal Contract Tower,20,0,8,0,28,0,106,222,0,328,20,106,230,0,356,0,0,0,356
06/28/2019,GSN,MP,AWP,WE,Federal Contract Tower,19,0,7,0,26,0,76,179,2,257,19,76,186,2,283,4,0,4,287
06/29/2019,GSN,MP,AWP,WE,Federal Contract Tower,14,2,12,0,28,0,76,182,0,258,14,78,194,0,286,10,0,10,296
06/30/2019,GSN,MP,AWP,WE,Federal Contract Tower,18,3,5,0,26,0,110,213,0,323,18,113,218,0,349,0,0,0,349
07/01/2019,GSN,MP,AWP,WE,Federal Contract Tower,20,0,8,0,28,0,82,166,0,248,20,82,174,0,276,0,0,0,276
07/02/2019,GSN,MP,AWP,WE,Federal Contract Tower,16,0,4,0,20,0,87,99,0,186,16,87,103,0,206,0,0,0,206
07/03/2019,GSN,MP,AWP,WE,Federal Contract Tower,16,5,6,0,27,0,99,241,0,340,16,104,247,0,367,0,0,0,367
07/04/2019,GSN,MP,AWP,WE,Federal Contract Tower,20,5,5,0,30,0,80,209,0,289,20,85,214,0,319,0,0,0,319
07/05/2019,GSN,MP,AWP,WE,Federal Contract Tower,18,0,2,0,20,0,103,173,0,276,18,103,175,0,296,0,0,0,296
07/06/2019,GSN,MP,AWP,WE,Federal Contract Tower,14,0,6,0,20,0,85,202,0,287,14,85,208,0,307,0,0,0,307
07/07/2019,GSN,MP,AWP,WE,Federal Contract Tower,18,4,2,0,24,0,111,209,0,320,18,115,211,0,344,0,0,0,344
07/08/2019,GSN,MP,AWP,WE,Federal Contract Tower,20,18,0,0,38,0,72,194,0,266,20,90,194,0,304,0,0,0,304
07/09/2019,GSN,MP,AWP,WE,Federal Contract Tower,16,1,3,0,20,0,114,251,0,365,16,115,254,0,385,0,0,0,385
07/10/2019,GSN,MP,AWP,WE,Federal Contract Tower,16,0,6,0,22,0,154,174,2,330,16,154,180,2,352,0,0,0,352
07/11/2019,GSN,MP,AWP,WE,Federal Contract Tower,20,3,9,0,32,0,86,131,0,217,20,89,140,0,249,0,0,0,249
07/12/2019,GSN,MP,AWP,WE,Federal Contract Tower,18,5,6,0,29,0,65,196,0,261,18,70,202,0,290,0,0,0,290
07/13/2019,GSN,MP,AWP,WE,Federal Contract Tower,14,1,5,0,20,0,80,152,0,232,14,81,157,0,252,0,0,0,252
07/14/2019,GSN,MP,AWP,WE,Federal Contract Tower,18,0,0,0,18,0,62,210,0,272,18,62,210,0,290,0,0,0,290
07/15/2019,GSN,MP,AWP,WE,Federal Contract Tower,20,1,13,0,34,0,74,224,0,298,20,75,237,0,332,0,0,0,332
07/16/2019,GSN,MP,AWP,WE,Federal Contract Tower,16,9,10,0,35,0,106,145,0,251,16,115,155,0,286,0,0,0,286
07/17/2019,GSN,MP,AWP,WE,Federal Contract Tower,16,0,6,0,22,0,103,184,0,287,16,103,190,0,309,0,0,0,309
07/18/2019,GSN,MP,AWP,WE,Federal Contract Tower,20,0,4,2,26,0,105,159,0,264,20,105,163,2,290,0,0,0,290
07/19/2019,GSN,MP,AWP,WE,Federal Contract Tower,19,6,4,2,31,0,105,163,0,268,19,111,167,2,299,0,0,0,299
07/20/2019,GSN,MP,AWP,WE,Federal Contract Tower,14,5,7,0,26,0,57,96,0,153,14,62,103,0,179,0,0,0,179
07/21/2019,GSN,MP,AWP,WE,Federal Contract Tower,16,5,1,0,22,0,72,218,0,290,16,77,219,0,312,0,0,0,312
07/22/2019,GSN,MP,AWP,WE,Federal Contract Tower,20,0,10,0,30,0,84,169,0,253,20,84,179,0,283,0,0,0,283
07/23/2019,GSN,MP,AWP,WE,Federal Contract Tower,16,5,8,2,31,0,82,194,0,276,16,87,202,2,307,0,0,0,307
07/24/2019,GSN,MP,AWP,WE,Federal Contract Tower,16,5,14,0,35,0,82,99,0,181,16,87,113,0,216,0,0,0,216
07/25/2019,GSN,MP,AWP,WE,Federal Contract Tower,20,2,6,2,30,0,131,207,0,338,20,133,213,2,368,0,0,0,368
07/26/2019,GSN,MP,AWP,WE,Federal Contract Tower,18,0,6,0,24,0,87,172,0,259,18,87,178,0,283,0,0,0,283
07/27/2019,GSN,MP,AWP,WE,Federal Contract Tower,14,7,5,0,26,0,74,249,0,323,14,81,254,0,349,0,0,0,349
07/28/2019,GSN,MP,AWP,WE,Federal Contract Tower,20,8,0,0,28,0,44,91,0,135,20,52,91,0,163,0,0,0,163
07/29/2019,GSN,MP,AWP,WE,Federal Contract Tower,22,12,6,0,40,0,94,160,0,254,22,106,166,0,294,0,0,0,294
07/30/2019,GSN,MP,AWP,WE,Federal Contract Tower,17,2,5,0,24,0,98,164,0,262,17,100,169,0,286,0,0,0,286
07/31/2019,GSN,MP,AWP,WE,Federal Contract Tower,16,8,8,3,35,0,122,160,0,282,16,130,168,3,317,0,0,0,317
08/01/2019,GSN,MP,AWP,WE,Federal Contract Tower,22,7,6,0,35,0,117,150,2,269,22,124,156,2,304,0,0,0,304
08/02/2019,GSN,MP,AWP,WE,Federal Contract Tower,21,8,0,0,29,0,114,150,2,266,21,122,150,2,295,0,0,0,295
08/03/2019,GSN,MP,AWP,WE,Federal Contract Tower,14,2,6,0,22,0,87,215,0,302,14,89,221,0,324,0,0,0,324
08/04/2019,GSN,MP,AWP,WE,Federal Contract Tower,20,6,0,0,26,0,91,148,0,239,20,97,148,0,265,0,0,0,265
08/05/2019,GSN,MP,AWP,WE,Federal Contract Tower,22,6,8,0,36,0,51,29,0,80,22,57,37,0,116,0,0,0,116
08/06/2019,GSN,MP,AWP,WE,Federal Contract Tower,17,7,4,0,28,0,55,15,0,70,17,62,19,0,98,0,0,0,98
08/07/2019,GSN,MP,AWP,WE,Federal Contract Tower,16,3,8,0,27,0,125,216,0,341,16,128,224,0,368,0,0,0,368
08/08/2019,GSN,MP,AWP,WE,Federal Contract Tower,22,6,6,0,34,0,114,233,0,347,22,120,239,0,381,0,0,0,381
08/09/2019,GSN,MP,AWP,WE,Federal Contract Tower,22,7,7,0,36,0,98,206,0,304,22,105,213,0,340,16,0,16,356
08/10/2019,GSN,MP,AWP,WE,Federal Contract Tower,16,0,6,0,22,0,128,254,0,382,16,128,260,0,404,0,0,0,404
08/11/2019,GSN,MP,AWP,WE,Federal Contract Tower,22,1,1,0,24,0,80,146,0,226,22,81,147,0,250,0,0,0,250
08/12/2019,GSN,MP,AWP,WE,Federal Contract Tower,24,7,13,0,44,0,79,152,0,231,24,86,165,0,275,0,0,0,275
08/13/2019,GSN,MP,AWP,WE,Federal Contract Tower,18,8,11,0,37,0,116,193,0,309,18,124,204,0,346,0,0,0,346
08/14/2019,GSN,MP,AWP,WE,Federal Contract Tower,16,1,7,0,24,0,117,173,0,290,16,118,180,0,314,0,0,0,314
08/15/2019,GSN,MP,AWP,WE,Federal Contract Tower,24,3,8,0,35,0,62,147,0,209,24,65,155,0,244,0,0,0,244
08/16/2019,GSN,MP,AWP,WE,Federal Contract Tower,22,14,0,0,36,0,144,186,0,330,22,158,186,0,366,1,0,1,367
08/17/2019,GSN,MP,AWP,WE,Federal Contract Tower,14,2,6,0,22,0,92,226,0,318,14,94,232,0,340,0,0,0,340
08/18/2019,GSN,MP,AWP,WE,Federal Contract Tower,20,1,0,0,21,0,78,191,0,269,20,79,191,0,290,0,0,0,290
08/19/2019,GSN,MP,AWP,WE,Federal Contract Tower,22,2,10,0,34,0,118,112,0,230,22,120,122,0,264,0,0,0,264
08/20/2019,GSN,MP,AWP,WE,Federal Contract Tower,16,6,11,0,33,0,99,275,0,374,16,105,286,0,407,0,0,0,407
08/21/2019,GSN,MP,AWP,WE,Federal Contract Tower,16,7,11,0,34,0,95,222,0,317,16,102,233,0,351,0,0,0,351
08/22/2019,GSN,MP,AWP,WE,Federal Contract Tower,22,7,5,0,34,0,70,141,0,211,22,77,146,0,245,0,0,0,245
08/24/2019,GSN,MP,AWP,WE,Federal Contract Tower,16,0,4,0,20,0,109,168,0,277,16,109,172,0,297,0,0,0,297
08/25/2019,GSN,MP,AWP,WE,Federal Contract Tower,19,2,0,0,21,0,52,153,0,205,19,54,153,0,226,0,0,0,226
08/26/2019,GSN,MP,AWP,WE,Federal Contract Tower,22,3,12,0,37,0,81,109,0,190,22,84,121,0,227,0,0,0,227
08/27/2019,GSN,MP,AWP,WE,Federal Contract Tower,15,1,7,0,23,0,103,172,0,275,15,104,179,0,298,0,0,0,298
08/28/2019,GSN,MP,AWP,WE,Federal Contract Tower,16,0,2,0,18,0,156,209,0,365,16,156,211,0,383,0,0,0,383
08/29/2019,GSN,MP,AWP,WE,Federal Contract Tower,20,1,4,0,25,0,94,156,0,250,20,95,160,0,275,0,0,0,275
08/30/2019,GSN,MP,AWP,WE,Federal Contract Tower,22,1,3,0,26,0,97,161,0,258,22,98,164,0,284,0,0,0,284
09/01/2019,GSN,MP,AWP,WE,Federal Contract Tower,20,0,2,0,22,0,64,140,0,204,20,64,142,0,226,0,0,0,226
09/02/2019,GSN,MP,AWP,WE,Federal Contract Tower,16,1,10,0,27,0,85,139,0,224,16,86,149,0,251,0,0,0,251
09/03/2019,GSN,MP,AWP,WE,Federal Contract Tower,18,0,4,0,22,0,73,125,2,200,18,73,129,2,222,0,0,0,222
09/04/2019,GSN,MP,AWP,WE,Federal Contract Tower,17,4,8,0,29,0,63,120,2,185,17,67,128,2,214,0,0,0,214
09/05/2019,GSN,MP,AWP,WE,Federal Contract Tower,18,6,6,2,32,0,82,222,2,306,18,88,228,4,338,0,0,0,338
09/06/2019,GSN,MP,AWP,WE,Federal Contract Tower,18,5,5,0,28,0,76,122,0,198,18,81,127,0,226,0,0,0,226
09/08/2019,GSN,MP,AWP,WE,Federal Contract Tower,18,0,3,0,21,0,89,107,0,196,18,89,110,0,217,0,0,0,217
09/09/2019,GSN,MP,AWP,WE,Federal Contract Tower,18,6,10,0,34,0,91,120,0,211,18,97,130,0,245,0,0,0,245
09/10/2019,GSN,MP,AWP,WE,Federal Contract Tower,16,6,6,0,28,0,74,92,0,166,16,80,98,0,194,0,0,0,194
09/11/2019,GSN,MP,AWP,WE,Federal Contract Tower,16,3,9,0,28,0,50,37,0,87,16,53,46,0,115,0,0,0,115
09/12/2019,GSN,MP,AWP,WE,Federal Contract Tower,18,6,7,0,31,0,70,132,0,202,18,76,139,0,233,0,0,0,233
09/13/2019,GSN,MP,AWP,WE,Federal Contract Tower,20,7,3,0,30,0,90,139,0,229,20,97,142,0,259,0,0,0,259
09/15/2019,GSN,MP,AWP,WE,Federal Contract Tower,18,1,3,0,22,0,21,5,0,26,18,22,8,0,48,0,0,0,48
09/16/2019,GSN,MP,AWP,WE,Federal Contract Tower,18,3,12,0,33,0,64,212,0,276,18,67,224,0,309,0,0,0,309
09/17/2019,GSN,MP,AWP,WE,Federal Contract Tower,16,6,7,0,29,0,62,166,0,228,16,68,173,0,257,0,0,0,257
09/18/2019,GSN,MP,AWP,WE,Federal Contract Tower,16,10,6,0,32,0,81,117,0,198,16,91,123,0,230,0,0,0,230
09/19/2019,GSN,MP,AWP,WE,Federal Contract Tower,18,4,0,0,22,0,64,141,0,205,18,68,141,0,227,8,0,8,235
09/20/2019,GSN,MP,AWP,WE,Federal Contract Tower,20,0,5,0,25,0,85,132,0,217,20,85,137,0,242,0,0,0,242
09/22/2019,GSN,MP,AWP,WE,Federal Contract Tower,19,6,0,0,25,0,61,135,0,196,19,67,135,0,221,0,0,0,221
09/23/2019,GSN,MP,AWP,WE,Federal Contract Tower,17,7,10,0,34,0,72,96,0,168,17,79,106,0,202,0,0,0,202
09/24/2019,GSN,MP,AWP,WE,Federal Contract Tower,18,0,5,0,23,0,64,119,2,185,18,64,124,2,208,0,0,0,208
09/25/2019,GSN,MP,AWP,WE,Federal Contract Tower,18,5,4,0,27,0,107,137,1,245,18,112,141,1,272,0,2,2,274
09/26/2019,GSN,MP,AWP,WE,Federal Contract Tower,18,8,4,0,30,0,53,68,0,121,18,61,72,0,151,0,0,0,151
09/27/2019,GSN,MP,AWP,WE,Federal Contract Tower,18,1,3,0,22,0,105,166,0,271,18,106,169,0,293,0,0,0,293
09/28/2019,GSN,MP,AWP,WE,Federal Contract Tower,14,0,4,0,18,0,76,169,0,245,14,76,173,0,263,0,0,0,263
09/30/2019,GSN,MP,AWP,WE,Federal Contract Tower,20,7,8,0,35,0,136,191,2,329,20,143,199,2,364,0,0,0,364
10/01/2019,GSN,MP,AWP,WE,Federal Contract Tower,16,0,7,0,23,0,0,0,0,0,16,0,7,0,23,0,0,0,23
10/02/2019,GSN,MP,AWP,WE,Federal Contract Tower,16,0,6,0,22,0,119,361,0,480,16,119,367,0,502,0,0,0,502
10/03/2019,GSN,MP,AWP,WE,Federal Contract Tower,18,8,8,0,34,0,134,317,0,451,18,142,325,0,485,0,0,0,485
10/04/2019,GSN,MP,AWP,WE,Federal Contract Tower,18,8,7,0,33,0,160,322,0,482,18,168,329,0,515,0,0,0,515
10/05/2019,GSN,MP,AWP,WE,Federal Contract Tower,15,6,6,0,27,0,148,304,0,452,15,154,310,0,479,6,0,6,485
10/07/2019,GSN,MP,AWP,WE,Federal Contract Tower,18,6,12,0,36,0,20,14,0,34,18,26,26,0,70,0,0,0,70
10/08/2019,GSN,MP,AWP,WE,Federal Contract Tower,8,0,0,0,8,0,0,0,0,0,8,0,0,0,8,0,0,0,8
10/09/2019,GSN,MP,AWP,WE,Federal Contract Tower,18,9,13,0,40,0,60,53,0,113,18,69,66,0,153,0,0,0,153
10/10/2019,GSN,MP,AWP,WE,Federal Contract Tower,18,5,8,0,31,0,89,316,0,405,18,94,324,0,436,0,0,0,436
10/11/2019,GSN,MP,AWP,WE,Federal Contract Tower,18,5,3,0,26,0,57,109,0,166,18,62,112,0,192,0,0,0,192
10/12/2019,GSN,MP,AWP,WE,Federal Contract Tower,14,5,4,0,23,0,64,129,0,193,14,69,133,0,216,0,0,0,216
10/14/2019,GSN,MP,AWP,WE,Federal Contract Tower,18,7,5,0,30,0,66,144,0,210,18,73,149,0,240,0,0,0,240
10/15/2019,GSN,MP,AWP,WE,Federal Contract Tower,16,5,5,0,26,0,86,127,0,213,16,91,132,0,239,0,0,0,239
10/16/2019,GSN,MP,AWP,WE,Federal Contract Tower,16,6,8,0,30,0,63,123,0,186,16,69,131,0,216,0,0,0,216
10/17/2019,GSN,MP,AWP,WE,Federal Contract Tower,18,0,6,0,24,0,66,107,0,173,18,66,113,0,197,0,0,0,197
10/18/2019,GSN,MP,AWP,WE,Federal Contract Tower,17,3,3,0,23,0,104,146,0,250,17,107,149,0,273,0,0,0,273
10/19/2019,GSN,MP,AWP,WE,Federal Contract Tower,15,6,6,0,27,0,43,73,0,116,15,49,79,0,143,0,0,0,143
10/20/2019,GSN,MP,AWP,WE,Federal Contract Tower,18,6,0,0,24,0,56,139,0,195,18,62,139,0,219,0,0,0,219
10/21/2019,GSN,MP,AWP,WE,Federal Contract Tower,18,0,8,0,26,0,13,20,0,33,18,13,28,0,59,0,0,0,59
10/22/2019,GSN,MP,AWP,WE,Federal Contract Tower,16,1,5,0,22,0,14,15,0,29,16,15,20,0,51,0,0,0,51
10/23/2019,GSN,MP,AWP,WE,Federal Contract Tower,16,8,10,0,34,0,71,250,0,321,16,79,260,0,355,0,0,0,355
10/24/2019,GSN,MP,AWP,WE,Federal Contract Tower,18,8,4,0,30,0,53,101,0,154,18,61,105,0,184,0,0,0,184
10/25/2019,GSN,MP,AWP,WE,Federal Contract Tower,19,6,3,0,28,0,74,74,0,148,19,80,77,0,176,0,0,0,176
10/26/2019,GSN,MP,AWP,WE,Federal Contract Tower,16,7,1,0,24,0,75,106,0,181,16,82,107,0,205,0,0,0,205
10/27/2019,GSN,MP,AWP,WE,Federal Contract Tower,19,5,0,0,24,0,39,78,0,117,19,44,78,0,141,0,0,0,141
10/28/2019,GSN,MP,AWP,WE,Federal Contract Tower,21,13,0,0,34,0,60,120,4,184,21,73,120,4,218,0,0,0,218
10/29/2019,GSN,MP,AWP,WE,Federal Contract Tower,18,0,6,0,24,0,89,139,0,228,18,89,145,0,252,0,0,0,252
10/30/2019,GSN,MP,AWP,WE,Federal Contract Tower,18,0,5,0,23,0,61,106,0,167,18,61,111,0,190,0,0,0,190
10/31/2019,GSN,MP,AWP,WE,Federal Contract Tower,20,5,3,0,28,0,66,112,0,178,20,71,115,0,206,2,0,2,208
11/01/2019,GSN,MP,AWP,WE,Federal Contract Tower,20,6,3,4,33,0,76,98,0,174,20,82,101,4,207,0,0,0,207
11/02/2019,GSN,MP,AWP,WE,Federal Contract Tower,17,6,4,0,27,0,82,79,0,161,17,88,83,0,188,0,0,0,188
11/03/2019,GSN,MP,AWP,WE,Federal Contract Tower,19,5,0,0,24,0,50,103,0,153,19,55,103,0,177,0,0,0,177
11/04/2019,GSN,MP,AWP,WE,Federal Contract Tower,21,4,6,0,31,0,70,97,0,167,21,74,103,0,198,0,0,0,198
11/06/2019,GSN,MP,AWP,WE,Federal Contract Tower,17,6,5,0,28,0,89,127,0,216,17,95,132,0,244,0,0,0,244
11/07/2019,GSN,MP,AWP,WE,Federal Contract Tower,21,5,10,2,38,0,55,74,0,129,21,60,84,2,167,0,0,0,167
11/08/2019,GSN,MP,AWP,WE,Federal Contract Tower,21,8,6,0,35,0,87,105,0,192,21,95,111,0,227,0,0,0,227
11/09/2019,GSN,MP,AWP,WE,Federal Contract Tower,17,6,4,0,27,0,56,107,0,163,17,62,111,0,190,0,0,0,190
11/10/2019,GSN,MP,AWP,WE,Federal Contract Tower,19,0,0,0,19,0,61,95,0,156,19,61,95,0,175,0,0,0,175
11/11/2019,GSN,MP,AWP,WE,Federal Contract Tower,20,6,8,0,34,0,78,107,0,185,20,84,115,0,219,0,0,0,219
11/12/2019,GSN,MP,AWP,WE,Federal Contract Tower,19,11,0,0,30,0,61,188,0,249,19,72,188,0,279,0,0,0,279
11/13/2019,GSN,MP,AWP,WE,Federal Contract Tower,17,6,9,0,32,0,89,121,0,210,17,95,130,0,242,0,0,0,242
11/14/2019,GSN,MP,AWP,WE,Federal Contract Tower,21,0,7,0,28,0,66,67,0,133,21,66,74,0,161,0,0,0,161
11/15/2019,GSN,MP,AWP,WE,Federal Contract Tower,19,0,7,0,26,0,106,124,0,230,19,106,131,0,256,0,0,0,256
11/16/2019,GSN,MP,AWP,WE,Federal Contract Tower,16,6,4,0,26,0,47,100,0,147,16,53,104,0,173,0,0,0,173
11/17/2019,GSN,MP,AWP,WE,Federal Contract Tower,18,5,0,0,23,0,68,77,0,145,18,73,77,0,168,0,0,0,168
11/18/2019,GSN,MP,AWP,WE,Federal Contract Tower,20,12,0,0,32,0,67,75,0,142,20,79,75,0,174,0,0,0,174
11/19/2019,GSN,MP,AWP,WE,Federal Contract Tower,19,0,5,0,24,0,76,159,0,235,19,76,164,0,259,0,0,0,259
11/20/2019,GSN,MP,AWP,WE,Federal Contract Tower,17,6,4,0,27,0,92,128,0,220,17,98,132,0,247,0,0,0,247
11/21/2019,GSN,MP,AWP,WE,Federal Contract Tower,23,8,3,0,34,0,61,129,0,190,23,69,132,0,224,0,0,0,224
11/22/2019,GSN,MP,AWP,WE,Federal Contract Tower,21,0,5,0,26,0,109,90,0,199,21,109,95,0,225,0,0,0,225
11/23/2019,GSN,MP,AWP,WE,Federal Contract Tower,18,0,9,0,27,0,109,88,3,200,18,109,97,3,227,0,0,0,227
11/24/2019,GSN,MP,AWP,WE,Federal Contract Tower,21,6,0,0,27,0,56,86,0,142,21,62,86,0,169,0,0,0,169
11/26/2019,GSN,MP,AWP,WE,Federal Contract Tower,20,0,7,0,27,0,85,87,0,172,20,85,94,0,199,2,0,2,201
11/27/2019,GSN,MP,AWP,WE,Federal Contract Tower,16,0,8,0,24,0,26,8,0,34,16,26,16,0,58,0,0,0,58
11/28/2019,GSN,MP,AWP,WE,Federal Contract Tower,24,3,4,0,31,0,66,57,0,123,24,69,61,0,154,0,0,0,154
11/29/2019,GSN,MP,AWP,WE,Federal Contract Tower,24,3,7,0,34,0,76,98,0,174,24,79,105,0,208,0,0,0,208
11/30/2019,GSN,MP,AWP,WE,Federal Contract Tower,21,0,5,0,26,0,62,92,0,154,21,62,97,0,180,0,0,0,180
12/01/2019,GSN,MP,AWP,WE,Federal Contract Tower,22,0,0,0,22,0,64,89,0,153,22,64,89,0,175,0,0,0,175
12/02/2019,GSN,MP,AWP,WE,Federal Contract Tower,22,5,10,0,37,0,77,97,0,174,22,82,107,0,211,16,0,16,227
12/04/2019,GSN,MP,AWP,WE,Federal Contract Tower,22,4,11,0,37,0,72,79,0,151,22,76,90,0,188,0,0,0,188
12/05/2019,GSN,MP,AWP,WE,Federal Contract Tower,25,2,8,0,35,0,52,101,0,153,25,54,109,0,188,0,0,0,188
12/06/2019,GSN,MP,AWP,WE,Federal Contract Tower,21,2,11,0,34,0,97,78,0,175,21,99,89,0,209,0,0,0,209
12/07/2019,GSN,MP,AWP,WE,Federal Contract Tower,20,0,6,0,26,0,92,82,0,174,20,92,88,0,200,0,0,0,200
12/08/2019,GSN,MP,AWP,WE,Federal Contract Tower,24,1,0,0,25,0,81,80,0,161,24,82,80,0,186,0,0,0,186
12/09/2019,GSN,MP,AWP,WE,Federal Contract Tower,22,2,12,0,36,0,82,90,0,172,22,84,102,0,208,0,0,0,208
12/11/2019,GSN,MP,AWP,WE,Federal Contract Tower,22,5,12,2,41,0,93,101,2,196,22,98,113,4,237,0,0,0,237
12/12/2019,GSN,MP,AWP,WE,Federal Contract Tower,25,0,6,0,31,0,87,77,0,164,25,87,83,0,195,0,0,0,195
12/13/2019,GSN,MP,AWP,WE,Federal Contract Tower,21,0,7,0,28,0,103,89,0,192,21,103,96,0,220,0,0,0,220
12/14/2019,GSN,MP,AWP,WE,Federal Contract Tower,20,8,0,0,28,0,72,71,0,143,20,80,71,0,171,0,0,0,171
12/15/2019,GSN,MP,AWP,WE,Federal Contract Tower,24,4,0,0,28,0,85,106,0,191,24,89,106,0,219,0,0,0,219
12/16/2019,GSN,MP,AWP,WE,Federal Contract Tower,22,3,10,0,35,0,96,121,0,217,22,99,131,0,252,0,0,0,252
12/18/2019,GSN,MP,AWP,WE,Federal Contract Tower,21,6,4,0,31,0,94,116,0,210,21,100,120,0,241,0,0,0,241
12/19/2019,GSN,MP,AWP,WE,Federal Contract Tower,24,4,12,0,40,0,69,98,0,167,24,73,110,0,207,0,0,0,207
12/20/2019,GSN,MP,AWP,WE,Federal Contract Tower,22,4,3,0,29,0,100,124,0,224,22,104,127,0,253,0,0,0,253
12/21/2019,GSN,MP,AWP,WE,Federal Contract Tower,20,0,4,0,24,0,75,103,0,178,20,75,107,0,202,0,0,0,202
12/22/2019,GSN,MP,AWP,WE,Federal Contract Tower,24,5,0,0,29,0,68,104,0,172,24,73,104,0,201,0,0,0,201
12/23/2019,GSN,MP,AWP,WE,Federal Contract Tower,21,5,6,0,32,0,101,92,0,193,21,106,98,0,225,0,0,0,225
12/24/2019,GSN,MP,AWP,WE,Federal Contract Tower,21,9,0,0,30,0,108,179,0,287,21,117,179,0,317,0,0,0,317
12/25/2019,GSN,MP,AWP,WE,Federal Contract Tower,21,0,8,0,29,0,62,102,0,164,21,62,110,0,193,0,0,0,193
12/26/2019,GSN,MP,AWP,WE,Federal Contract Tower,26,4,4,0,34,0,74,101,0,175,26,78,105,0,209,2,0,2,211
12/27/2019,GSN,MP,AWP,WE,Federal Contract Tower,21,6,10,2,39,0,77,149,0,226,21,83,159,2,265,0,0,0,265
12/28/2019,GSN,MP,AWP,WE,Federal Contract Tower,21,0,5,0,26,0,71,153,0,224,21,71,158,0,250,0,0,0,250
12/29/2019,GSN,MP,AWP,WE,Federal Contract Tower,23,3,0,0,26,0,62,124,0,186,23,65,124,0,212,0,0,0,212
12/30/2019,GSN,MP,AWP,WE,Federal Contract Tower,23,9,11,0,43,0,80,60,0,140,23,89,71,0,183,0,0,0,183
01/02/2020,GSN,MP,AWP,WE,Federal Contract Tower,25,1,3,0,29,0,68,93,0,161,25,69,96,0,190,0,0,0,190
01/03/2020,GSN,MP,AWP,WE,Federal Contract Tower,21,5,3,0,29,0,105,153,0,258,21,110,156,0,287,0,0,0,287
01/04/2020,GSN,MP,AWP,WE,Federal Contract Tower,23,8,1,0,32,0,78,114,0,192,23,86,115,0,224,0,0,0,224
01/05/2020,GSN,MP,AWP,WE,Federal Contract Tower,23,0,0,0,23,0,62,173,0,235,23,62,173,0,258,0,0,0,258
01/06/2020,GSN,MP,AWP,WE,Federal Contract Tower,22,2,9,0,33,0,91,103,0,194,22,93,112,0,227,0,0,0,227
01/07/2020,GSN,MP,AWP,WE,Federal Contract Tower,23,8,7,0,38,0,72,145,0,217,23,80,152,0,255,0,0,0,255
01/09/2020,GSN,MP,AWP,WE,Federal Contract Tower,24,0,4,0,28,0,51,108,0,159,24,51,112,0,187,4,0,4,191
01/10/2020,GSN,MP,AWP,WE,Federal Contract Tower,22,3,8,0,33,0,98,90,0,188,22,101,98,0,221,0,0,0,221
01/11/2020,GSN,MP,AWP,WE,Federal Contract Tower,23,4,3,0,30,0,58,137,0,195,23,62,140,0,225,0,0,0,225
01/12/2020,GSN,MP,AWP,WE,Federal Contract Tower,22,6,0,0,28,0,86,159,0,245,22,92,159,0,273,0,0,0,273
01/13/2020,GSN,MP,AWP,WE,Federal Contract Tower,18,4,7,0,29,0,97,110,0,207,18,101,117,0,236,0,0,0,236
01/14/2020,GSN,MP,AWP,WE,Federal Contract Tower,26,3,5,0,34,0,87,159,0,246,26,90,164,0,280,10,0,10,290
01/16/2020,GSN,MP,AWP,WE,Federal Contract Tower,24,6,6,0,36,0,113,110,0,223,24,119,116,0,259,0,0,0,259
01/17/2020,GSN,MP,AWP,WE,Federal Contract Tower,22,4,5,0,31,0,115,201,0,316,22,119,206,0,347,0,0,0,347
01/18/2020,GSN,MP,AWP,WE,Federal Contract Tower,23,0,5,0,28,0,112,213,0,325,23,112,218,0,353,0,0,0,353
01/19/2020,GSN,MP,AWP,WE,Federal Contract Tower,24,8,0,0,32,0,82,154,0,236,24,90,154,0,268,0,0,0,268
01/20/2020,GSN,MP,AWP,WE,Federal Contract Tower,24,6,8,0,38,0,103,183,0,286,24,109,191,0,324,0,0,0,324
01/21/2020,GSN,MP,AWP,WE,Federal Contract Tower,22,0,2,0,24,0,130,130,0,260,22,130,132,0,284,0,0,0,284
01/23/2020,GSN,MP,AWP,WE,Federal Contract Tower,28,2,8,0,38,0,127,210,0,337,28,129,218,0,375,2,0,2,377
01/24/2020,GSN,MP,AWP,WE,Federal Contract Tower,26,8,5,0,39,0,151,241,0,392,26,159,246,0,431,0,0,0,431
01/25/2020,GSN,MP,AWP,WE,Federal Contract Tower,25,3,5,0,33,0,142,229,0,371,25,145,234,0,404,0,0,0,404
01/26/2020,GSN,MP,AWP,WE,Federal Contract Tower,24,3,1,0,28,0,176,190,0,366,24,179,191,0,394,0,0,0,394
01/27/2020,GSN,MP,AWP,WE,Federal Contract Tower,24,8,6,0,38,0,126,218,0,344,24,134,224,0,382,0,0,0,382
01/28/2020,GSN,MP,AWP,WE,Federal Contract Tower,25,8,8,0,41,0,146,170,0,316,25,154,178,0,357,4,0,4,361
01/30/2020,GSN,MP,AWP,WE,Federal Contract Tower,27,0,6,0,33,0,109,170,0,279,27,109,176,0,312,0,0,0,312
01/31/2020,GSN,MP,AWP,WE,Federal Contract Tower,24,5,5,0,34,0,72,99,0,171,24,77,104,0,205,0,0,0,205
02/01/2020,GSN,MP,AWP,WE,Federal Contract Tower,20,9,5,0,34,0,52,46,0,98,20,61,51,0,132,0,0,0,132
02/02/2020,GSN,MP,AWP,WE,Federal Contract Tower,20,7,0,0,27,0,24,7,0,31,20,31,7,0,58,0,0,0,58
02/03/2020,GSN,MP,AWP,WE,Federal Contract Tower,20,17,0,0,37,0,35,40,2,77,20,52,40,2,114,0,0,0,114
02/04/2020,GSN,MP,AWP,WE,Federal Contract Tower,20,9,5,0,34,0,54,43,0,97,20,63,48,0,131,0,0,0,131
02/05/2020,GSN,MP,AWP,WE,Federal Contract Tower,20,8,6,1,35,0,56,12,1,69,20,64,18,2,104,0,0,0,104
02/08/2020,GSN,MP,AWP,WE,Federal Contract Tower,22,6,2,0,30,0,32,29,0,61,22,38,31,0,91,0,0,0,91
02/09/2020,GSN,MP,AWP,WE,Federal Contract Tower,18,8,0,0,26,0,20,13,0,33,18,28,13,0,59,0,0,0,59
02/11/2020,GSN,MP,AWP,WE,Federal Contract Tower,20,0,5,4,29,0,54,25,2,81,20,54,30,6,110,0,0,0,110
02/12/2020,GSN,MP,AWP,WE,Federal Contract Tower,18,8,4,0,30,0,57,15,0,72,18,65,19,0,102,0,0,0,102
02/14/2020,GSN,MP,AWP,WE,Federal Contract Tower,18,4,4,1,27,0,102,27,2,131,18,106,31,3,158,0,0,0,158
02/15/2020,GSN,MP,AWP,WE,Federal Contract Tower,20,0,5,1,26,0,82,45,0,127,20,82,50,1,153,0,0,0,153
02/16/2020,GSN,MP,AWP,WE,Federal Contract Tower,18,5,1,1,25,0,63,43,0,106,18,68,44,1,131,0,0,0,131
02/17/2020,GSN,MP,AWP,WE,Federal Contract Tower,18,4,5,2,29,0,41,63,14,118,18,45,68,16,147,0,0,0,147
02/18/2020,GSN,MP,AWP,WE,Federal Contract Tower,18,0,6,0,24,0,42,24,10,76,18,42,30,10,100,0,0,0,100
02/19/2020,GSN,MP,AWP,WE,Federal Contract Tower,16,0,9,1,26,0,60,13,1,74,16,60,22,2,100,6,0,6,106
02/21/2020,GSN,MP,AWP,WE,Federal Contract Tower,18,2,2,3,25,0,54,12,5,71,18,56,14,8,96,0,0,0,96
02/22/2020,GSN,MP,AWP,WE,Federal Contract Tower,20,1,4,0,25,0,31,15,2,48,20,32,19,2,73,0,0,0,73
02/23/2020,GSN,MP,AWP,WE,Federal Contract Tower,18,4,0,2,24,0,26,7,0,33,18,30,7,2,57,0,0,0,57
02/24/2020,GSN,MP,AWP,WE,Federal Contract Tower,18,10,0,0,28,0,36,24,0,60,18,46,24,0,88,0,0,0,88
02/25/2020,GSN,MP,AWP,WE,Federal Contract Tower,20,3,6,0,29,0,46,7,2,55,20,49,13,2,84,0,0,0,84
02/26/2020,GSN,MP,AWP,WE,Federal Contract Tower,18,4,6,0,28,0,55,17,0,72,18,59,23,0,100,4,0,4,104
02/28/2020,GSN,MP,AWP,WE,Federal Contract Tower,16,3,4,0,23,0,61,15,1,77,16,64,19,1,100,2,0,2,102
02/29/2020,GSN,MP,AWP,WE,Federal Contract Tower,18,9,4,0,31,0,36,15,2,53,18,45,19,2,84,0,0,0,84
03/01/2020,GSN,MP,AWP,WE,Federal Contract Tower,14,11,0,0,25,0,25,11,0,36,14,36,11,0,61,0,0,0,61
03/02/2020,GSN,MP,AWP,WE,Federal Contract Tower,12,6,7,2,27,0,44,17,2,63,12,50,24,4,90,0,0,0,90
03/03/2020,GSN,MP,AWP,WE,Federal Contract Tower,10,4,3,1,18,0,38,19,14,71,10,42,22,15,89,0,0,0,89
03/04/2020,GSN,MP,AWP,WE,Federal Contract Tower,8,2,6,0,16,0,38,19,0,57,8,40,25,0,73,0,0,0,73
03/05/2020,GSN,MP,AWP,WE,Federal Contract Tower,10,6,6,1,23,0,45,17,1,63,10,51,23,2,86,0,6,6,92
03/07/2020,GSN,MP,AWP,WE,Federal Contract Tower,10,4,4,0,18,0,39,6,0,45,10,43,10,0,63,0,0,0,63
03/08/2020,GSN,MP,AWP,WE,Federal Contract Tower,10,4,0,0,14,0,35,32,0,67,10,39,32,0,81,0,0,0,81
03/09/2020,GSN,MP,AWP,WE,Federal Contract Tower,10,2,6,0,18,0,27,12,0,39,10,29,18,0,57,0,0,0,57
03/10/2020,GSN,MP,AWP,WE,Federal Contract Tower,10,2,0,0,12,0,39,25,0,64,10,41,25,0,76,0,0,0,76
03/11/2020,GSN,MP,AWP,WE,Federal Contract Tower,8,0,3,0,11,0,53,18,0,71,8,53,21,0,82,0,0,0,82
03/12/2020,GSN,MP,AWP,WE,Federal Contract Tower,10,6,4,0,20,0,51,2,0,53,10,57,6,0,73,0,0,0,73
03/14/2020,GSN,MP,AWP,WE,Federal Contract Tower,8,6,2,0,16,0,61,18,0,79,8,67,20,0,95,0,0,0,95
03/15/2020,GSN,MP,AWP,WE,Federal Contract Tower,10,5,0,0,15,0,24,16,0,40,10,29,16,0,55,0,0,0,55
03/16/2020,GSN,MP,AWP,WE,Federal Contract Tower,8,1,6,0,15,0,43,20,0,63,8,44,26,0,78,0,0,0,78
03/17/2020,GSN,MP,AWP,WE,Federal Contract Tower,6,0,5,0,11,0,25,18,0,43,6,25,23,0,54,0,0,0,54
03/18/2020,GSN,MP,AWP,WE,Federal Contract Tower,4,6,6,0,16,0,24,11,0,35,4,30,17,0,51,0,0,0,51
03/19/2020,GSN,MP,AWP,WE,Federal Contract Tower,12,4,2,0,18,0,17,18,0,35,12,21,20,0,53,0,0,0,53
03/20/2020,GSN,MP,AWP,WE,Federal Contract Tower,4,2,5,0,11,0,27,8,0,35,4,29,13,0,46,0,0,0,46
03/21/2020,GSN,MP,AWP,WE,Federal Contract Tower,6,2,4,0,12,0,16,3,0,19,6,18,7,0,31,0,0,0,31
03/22/2020,GSN,MP,AWP,WE,Federal Contract Tower,8,0,4,0,12,0,6,2,0,8,8,6,6,0,20,0,0,0,20
03/23/2020,GSN,MP,AWP,WE,Federal Contract Tower,4,0,3,0,7,0,10,4,0,14,4,10,7,0,21,0,0,0,21
03/24/2020,GSN,MP,AWP,WE,Federal Contract Tower,2,0,3,0,5,0,7,10,0,17,2,7,13,0,22,0,0,0,22
03/25/2020,GSN,MP,AWP,WE,Federal Contract Tower,2,0,6,2,10,0,6,2,0,8,2,6,8,2,18,0,0,0,18
03/26/2020,GSN,MP,AWP,WE,Federal Contract Tower,2,1,4,0,7,0,8,11,0,19,2,9,15,0,26,0,0,0,26
03/28/2020,GSN,MP,AWP,WE,Federal Contract Tower,0,0,2,0,2,0,15,6,0,21,0,15,8,0,23,0,0,0,23
03/29/2020,GSN,MP,AWP,WE,Federal Contract Tower,2,0,0,0,2,0,9,3,0,12,2,9,3,0,14,0,0,0,14
03/30/2020,GSN,MP,AWP,WE,Federal Contract Tower,0,0,10,0,10,0,12,7,0,19,0,12,17,0,29,0,0,0,29
03/31/2020,GSN,MP,AWP,WE,Federal Contract Tower,0,0,5,0,5,0,10,14,0,24,0,10,19,0,29,0,0,0,29
04/01/2020,GSN,MP,AWP,WE,Federal Contract Tower,0,0,4,0,4,0,11,7,0,18,0,11,11,0,22,0,0,0,22
04/02/2020,GSN,MP,AWP,WE,Federal Contract Tower,0,0,4,0,4,0,15,5,0,20,0,15,9,0,24,0,0,0,24
04/05/2020,GSN,MP,AWP,WE,Federal Contract Tower,2,0,0,0,2,0,0,3,0,3,2,0,3,0,5,0,0,0,5
04/06/2020,GSN,MP,AWP,WE,Federal Contract Tower,0,0,9,0,9,0,0,7,0,7,0,0,16,0,16,0,0,0,16
04/07/2020,GSN,MP,AWP,WE,Federal Contract Tower,0,0,3,0,3,0,1,11,0,12,0,1,14,0,15,0,0,0,15
04/08/2020,GSN,MP,AWP,WE,Federal Contract Tower,0,0,5,0,5,0,2,9,4,15,0,2,14,4,20,0,0,0,20
04/09/2020,GSN,MP,AWP,WE,Federal Contract Tower,4,0,0,0,4,0,6,7,0,13,4,6,7,0,17,0,0,0,17
04/10/2020,GSN,MP,AWP,WE,Federal Contract Tower,0,0,5,0,5,0,5,4,0,9,0,5,9,0,14,0,0,0,14
04/12/2020,GSN,MP,AWP,WE,Federal Contract Tower,0,0,0,0,0,0,0,2,0,2,0,0,2,0,2,0,0,0,2
04/13/2020,GSN,MP,AWP,WE,Federal Contract Tower,0,4,9,0,13,0,6,5,0,11,0,10,14,0,24,0,0,0,24
04/14/2020,GSN,MP,AWP,WE,Federal Contract Tower,2,0,4,0,6,0,6,11,0,17,2,6,15,0,23,0,0,0,23
04/15/2020,GSN,MP,AWP,WE,Federal Contract Tower,0,0,4,0,4,0,3,11,0,14,0,3,15,0,18,0,0,0,18
04/16/2020,GSN,MP,AWP,WE,Federal Contract Tower,0,0,6,0,6,0,0,10,0,10,0,0,16,0,16,0,0,0,16
04/17/2020,GSN,MP,AWP,WE,Federal Contract Tower,0,0,5,0,5,0,1,14,0,15,0,1,19,0,20,0,0,0,20
04/18/2020,GSN,MP,AWP,WE,Federal Contract Tower,2,4,0,0,6,0,2,12,0,14,2,6,12,0,20,0,0,0,20
04/19/2020,GSN,MP,AWP,WE,Federal Contract Tower,0,2,0,0,2,0,3,3,0,6,0,5,3,0,8,0,0,0,8
04/20/2020,GSN,MP,AWP,WE,Federal Contract Tower,4,0,4,0,8,0,4,4,0,8,4,4,8,0,16,0,0,0,16
04/21/2020,GSN,MP,AWP,WE,Federal Contract Tower,0,0,5,0,5,0,2,9,0,11,0,2,14,0,16,0,0,0,16
04/22/2020,GSN,MP,AWP,WE,Federal Contract Tower,2,0,5,0,7,0,1,4,0,5,2,1,9,0,12,0,0,0,12
04/23/2020,GSN,MP,AWP,WE,Federal Contract Tower,0,2,6,0,8,0,1,9,0,10,0,3,15,0,18,0,0,0,18
04/24/2020,GSN,MP,AWP,WE,Federal Contract Tower,2,0,9,0,11,0,0,21,0,21,2,0,30,0,32,0,0,0,32
04/26/2020,GSN,MP,AWP,WE,Federal Contract Tower,0,2,0,0,2,0,1,3,0,4,0,3,3,0,6,0,0,0,6
04/27/2020,GSN,MP,AWP,WE,Federal Contract Tower,0,2,10,0,12,0,0,2,0,2,0,2,12,0,14,0,0,0,14
04/28/2020,GSN,MP,AWP,WE,Federal Contract Tower,0,0,1,0,1,0,0,14,0,14,0,0,15,0,15,0,0,0,15
04/29/2020,GSN,MP,AWP,WE,Federal Contract Tower,2,0,8,0,10,0,5,5,0,10,2,5,13,0,20,0,0,0,20
04/30/2020,GSN,MP,AWP,WE,Federal Contract Tower,0,2,4,0,6,0,3,7,0,10,0,5,11,0,16,0,0,0,16
05/01/2020,GSN,MP,AWP,WE,Federal Contract Tower,2,0,9,0,11,0,7,12,0,19,2,7,21,0,30,0,0,0,30
05/02/2020,GSN,MP,AWP,WE,Federal Contract Tower,4,0,2,0,6,0,2,14,0,16,4,2,16,0,22,0,0,0,22
05/04/2020,GSN,MP,AWP,WE,Federal Contract Tower,2,0,8,0,10,0,2,6,0,8,2,2,14,0,18,0,0,0,18
05/05/2020,GSN,MP,AWP,WE,Federal Contract Tower,0,0,5,0,5,0,6,13,0,19,0,6,18,0,24,0,0,0,24
05/06/2020,GSN,MP,AWP,WE,Federal Contract Tower,0,0,8,0,8,0,1,12,0,13,0,1,20,0,21,0,0,0,21
05/07/2020,GSN,MP,AWP,WE,Federal Contract Tower,2,2,0,0,4,0,5,18,0,23,2,7,18,0,27,0,0,0,27
05/08/2020,GSN,MP,AWP,WE,Federal Contract Tower,0,3,7,1,11,0,3,15,2,20,0,6,22,3,31,0,0,0,31
05/09/2020,GSN,MP,AWP,WE,Federal Contract Tower,2,0,2,0,4,0,9,7,0,16,2,9,9,0,20,0,0,0,20
05/10/2020,GSN,MP,AWP,WE,Federal Contract Tower,0,1,0,0,1,0,1,4,0,5,0,2,4,0,6,0,0,0,6
05/11/2020,GSN,MP,AWP,WE,Federal Contract Tower,4,0,8,0,12,0,5,4,0,9,4,5,12,0,21,0,0,0,21
05/12/2020,GSN,MP,AWP,WE,Federal Contract Tower,2,0,5,0,7,0,1,8,0,9,2,1,13,0,16,0,0,0,16
05/13/2020,GSN,MP,AWP,WE,Federal Contract Tower,0,0,8,0,8,0,1,10,0,11,0,1,18,0,19,0,0,0,19
05/14/2020,GSN,MP,AWP,WE,Federal Contract Tower,2,0,2,0,4,0,0,10,0,10,2,0,12,0,14,0,0,0,14
05/15/2020,GSN,MP,AWP,WE,Federal Contract Tower,0,2,7,0,9,0,4,14,0,18,0,6,21,0,27,0,0,0,27
05/16/2020,GSN,MP,AWP,WE,Federal Contract Tower,2,1,2,0,5,0,4,7,4,15,2,5,9,4,20,0,0,0,20
05/17/2020,GSN,MP,AWP,WE,Federal Contract Tower,0,0,0,0,0,0,2,4,0,6,0,2,4,0,6,0,0,0,6
05/18/2020,GSN,MP,AWP,WE,Federal Contract Tower,2,2,7,0,11,0,0,8,0,8,2,2,15,0,19,0,0,0,19
05/19/2020,GSN,MP,AWP,WE,Federal Contract Tower,0,0,5,0,5,0,4,12,0,16,0,4,17,0,21,0,0,0,21
05/20/2020,GSN,MP,AWP,WE,Federal Contract Tower,0,0,8,0,8,0,5,14,0,19,0,5,22,0,27,0,0,0,27
05/21/2020,GSN,MP,AWP,WE,Federal Contract Tower,2,0,6,0,8,0,2,8,0,10,2,2,14,0,18,0,0,0,18
05/22/2020,GSN,MP,AWP,WE,Federal Contract Tower,4,0,9,3,16,0,17,22,0,39,4,17,31,3,55,0,0,0,55
05/23/2020,GSN,MP,AWP,WE,Federal Contract Tower,2,1,2,8,13,0,22,14,0,36,2,23,16,8,49,0,0,0,49
05/24/2020,GSN,MP,AWP,WE,Federal Contract Tower,0,3,0,0,3,0,8,6,0,14,0,11,6,0,17,0,0,0,17
05/25/2020,GSN,MP,AWP,WE,Federal Contract Tower,2,0,10,0,12,0,18,4,0,22,2,18,14,0,34,0,0,0,34
05/26/2020,GSN,MP,AWP,WE,Federal Contract Tower,1,1,3,0,5,0,8,15,0,23,1,9,18,0,28,0,0,0,28
05/27/2020,GSN,MP,AWP,WE,Federal Contract Tower,3,1,10,0,14,0,13,10,0,23,3,14,20,0,37,0,0,0,37
05/28/2020,GSN,MP,AWP,WE,Federal Contract Tower,2,0,3,0,5,0,14,16,0,30,2,14,19,0,35,0,0,0,35
05/29/2020,GSN,MP,AWP,WE,Federal Contract Tower,0,0,7,0,7,0,13,19,0,32,0,13,26,0,39,0,0,0,39
05/30/2020,GSN,MP,AWP,WE,Federal Contract Tower,2,0,4,0,6,0,15,16,0,31,2,15,20,0,37,0,0,0,37
05/31/2020,GSN,MP,AWP,WE,Federal Contract Tower,0,2,0,0,2,0,10,2,0,12,0,12,2,0,14,0,0,0,14
06/02/2020,GSN,MP,AWP,WE,Federal Contract Tower,0,0,3,0,3,0,13,12,0,25,0,13,15,0,28,0,0,0,28
06/03/2020,GSN,MP,AWP,WE,Federal Contract Tower,0,1,4,0,5,0,14,21,0,35,0,15,25,0,40,0,0,0,40
06/04/2020,GSN,MP,AWP,WE,Federal Contract Tower,4,0,6,0,10,0,25,12,0,37,4,25,18,0,47,0,0,0,47
06/05/2020,GSN,MP,AWP,WE,Federal Contract Tower,0,2,8,0,10,0,21,14,0,35,0,23,22,0,45,0,0,0,45
06/06/2020,GSN,MP,AWP,WE,Federal Contract Tower,4,0,2,0,6,0,23,17,0,40,4,23,19,0,46,0,0,0,46
06/07/2020,GSN,MP,AWP,WE,Federal Contract Tower,0,0,0,0,0,0,19,9,0,28,0,19,9,0,28,0,0,0,28
06/09/2020,GSN,MP,AWP,WE,Federal Contract Tower,0,0,9,0,9,0,33,16,0,49,0,33,25,0,58,12,0,12,70
06/10/2020,GSN,MP,AWP,WE,Federal Contract Tower,0,0,10,1,11,0,12,7,3,22,0,12,17,4,33,0,0,0,33
06/11/2020,GSN,MP,AWP,WE,Federal Contract Tower,2,1,6,2,11,0,19,8,1,28,2,20,14,3,39,0,0,0,39
06/12/2020,GSN,MP,AWP,WE,Federal Contract Tower,0,2,9,0,11,0,18,15,0,33,0,20,24,0,44,0,0,0,44
06/13/2020,GSN,MP,AWP,WE,Federal Contract Tower,2,1,6,0,9,0,25,2,0,27,2,26,8,0,36,0,0,0,36
06/14/2020,GSN,MP,AWP,WE,Federal Contract Tower,0,0,0,0,0,0,17,4,0,21,0,17,4,0,21,0,0,0,21
06/16/2020,GSN,MP,AWP,WE,Federal Contract Tower,0,3,3,0,6,0,20,9,0,29,0,23,12,0,35,0,0,0,35
06/17/2020,GSN,MP,AWP,WE,Federal Contract Tower,0,0,11,0,11,0,11,11,0,22,0,11,22,0,33,0,0,0,33
06/18/2020,GSN,MP,AWP,WE,Federal Contract Tower,4,2,6,0,12,0,21,18,0,39,4,23,24,0,51,0,0,0,51
06/19/2020,GSN,MP,AWP,WE,Federal Contract Tower,0,4,11,0,15,0,47,14,0,61,0,51,25,0,76,0,0,0,76
06/20/2020,GSN,MP,AWP,WE,Federal Contract Tower,2,0,2,0,4,0,22,8,0,30,2,22,10,0,34,0,0,0,34
06/21/2020,GSN,MP,AWP,WE,Federal Contract Tower,0,0,1,0,1,0,19,4,2,25,0,19,5,2,26,0,0,0,26
06/22/2020,GSN,MP,AWP,WE,Federal Contract Tower,2,12,0,0,14,0,21,21,2,44,2,33,21,2,58,0,2,2,60
06/23/2020,GSN,MP,AWP,WE,Federal Contract Tower,0,1,6,0,7,0,26,14,0,40,0,27,20,0,47,20,0,20,67
06/24/2020,GSN,MP,AWP,WE,Federal Contract Tower,0,0,8,0,8,0,8,26,4,38,0,8,34,4,46,0,0,0,46
06/25/2020,GSN,MP,AWP,WE,Federal Contract Tower,2,1,6,0,9,0,23,6,0,29,2,24,12,0,38,0,0,0,38
06/26/2020,GSN,MP,AWP,WE,Federal Contract Tower,0,1,4,0,5,0,30,26,4,60,0,31,30,4,65,0,0,0,65
06/27/2020,GSN,MP,AWP,WE,Federal Contract Tower,2,1,4,0,7,0,25,9,0,34,2,26,13,0,41,0,0,0,41
06/28/2020,GSN,MP,AWP,WE,Federal Contract Tower,0,0,0,0,0,0,14,9,0,23,0,14,9,0,23,0,0,0,23
06/29/2020,GSN,MP,AWP,WE,Federal Contract Tower,2,0,8,0,10,0,29,3,0,32,2,29,11,0,42,0,0,0,42
06/30/2020,GSN,MP,AWP,WE,Federal Contract Tower,0,5,0,0,5,0,20,11,0,31,0,25,11,0,36,0,0,0,36
07/01/2020,GSN,MP,AWP,WE,Federal Contract Tower,0,1,13,0,14,0,29,15,0,44,0,30,28,0,58,0,0,0,58
07/02/2020,GSN,MP,AWP,WE,Federal Contract Tower,2,2,8,0,12,0,13,31,0,44,2,15,39,0,56,0,0,0,56
07/03/2020,GSN,MP,AWP,WE,Federal Contract Tower,0,1,8,0,9,0,44,31,0,75,0,45,39,0,84,0,0,0,84
07/04/2020,GSN,MP,AWP,WE,Federal Contract Tower,2,0,7,0,9,0,55,12,0,67,2,55,19,0,76,0,0,0,76
07/05/2020,GSN,MP,AWP,WE,Federal Contract Tower,0,0,0,0,0,0,24,11,0,35,0,24,11,0,35,0,0,0,35
07/06/2020,GSN,MP,AWP,WE,Federal Contract Tower,4,0,11,1,16,0,35,7,5,47,4,35,18,6,63,0,0,0,63
07/08/2020,GSN,MP,AWP,WE,Federal Contract Tower,0,2,8,0,10,0,28,15,0,43,0,30,23,0,53,0,0,0,53
07/09/2020,GSN,MP,AWP,WE,Federal Contract Tower,2,3,3,0,8,0,16,17,0,33,2,19,20,0,41,0,0,0,41
07/10/2020,GSN,MP,AWP,WE,Federal Contract Tower,0,2,5,0,7,0,34,14,0,48,0,36,19,0,55,0,0,0,55
07/11/2020,GSN,MP,AWP,WE,Federal Contract Tower,2,2,4,0,8,0,18,19,0,37,2,20,23,0,45,0,0,0,45
07/12/2020,GSN,MP,AWP,WE,Federal Contract Tower,0,1,2,0,3,0,16,7,0,23,0,17,9,0,26,0,0,0,26
07/13/2020,GSN,MP,AWP,WE,Federal Contract Tower,2,0,8,0,10,0,30,11,0,41,2,30,19,0,51,0,0,0,51
07/15/2020,GSN,MP,AWP,WE,Federal Contract Tower,0,0,6,0,6,0,27,10,0,37,0,27,16,0,43,0,0,0,43
07/16/2020,GSN,MP,AWP,WE,Federal Contract Tower,2,3,3,0,8,0,13,10,0,23,2,16,13,0,31,0,0,0,31
07/17/2020,GSN,MP,AWP,WE,Federal Contract Tower,0,2,4,0,6,0,35,10,0,45,0,37,14,0,51,0,0,0,51
07/18/2020,GSN,MP,AWP,WE,Federal Contract Tower,2,0,4,0,6,0,19,19,0,38,2,19,23,0,44,0,0,0,44
07/19/2020,GSN,MP,AWP,WE,Federal Contract Tower,0,1,0,0,1,0,22,10,0,32,0,23,10,0,33,0,0,0,33
07/20/2020,GSN,MP,AWP,WE,Federal Contract Tower,2,0,11,0,13,0,33,13,0,46,2,33,24,0,59,0,0,0,59
07/22/2020,GSN,MP,AWP,WE,Federal Contract Tower,0,5,10,0,15,0,28,17,0,45,0,33,27,0,60,2,0,2,62
07/23/2020,GSN,MP,AWP,WE,Federal Contract Tower,2,3,8,0,13,0,29,11,0,40,2,32,19,0,53,0,0,0,53
07/24/2020,GSN,MP,AWP,WE,Federal Contract Tower,0,2,8,0,10,0,30,12,0,42,0,32,20,0,52,0,0,0,52
07/25/2020,GSN,MP,AWP,WE,Federal Contract Tower,2,0,4,0,6,0,31,10,0,41,2,31,14,0,47,0,0,0,47
07/26/2020,GSN,MP,AWP,WE,Federal Contract Tower,0,2,0,0,2,0,28,2,0,30,0,30,2,0,32,0,0,0,32
07/27/2020,GSN,MP,AWP,WE,Federal Contract Tower,3,0,12,0,15,0,31,8,4,43,3,31,20,4,58,0,0,0,58
07/29/2020,GSN,MP,AWP,WE,Federal Contract Tower,0,2,6,0,8,0,32,13,0,45,0,34,19,0,53,0,0,0,53
07/30/2020,GSN,MP,AWP,WE,Federal Contract Tower,2,0,4,0,6,0,24,14,0,38,2,24,18,0,44,0,0,0,44
07/31/2020,GSN,MP,AWP,WE,Federal Contract Tower,0,1,11,0,12,0,53,7,0,60,0,54,18,0,72,0,0,0,72
08/01/2020,GSN,MP,AWP,WE,Federal Contract Tower,2,0,2,0,4,0,29,5,0,34,2,29,7,0,38,0,0,0,38
08/02/2020,GSN,MP,AWP,WE,Federal Contract Tower,0,0,0,0,0,0,23,3,0,26,0,23,3,0,26,0,0,0,26
08/03/2020,GSN,MP,AWP,WE,Federal Contract Tower,2,0,10,0,12,0,38,4,0,42,2,38,14,0,54,0,0,0,54
08/04/2020,GSN,MP,AWP,WE,Federal Contract Tower,0,1,6,0,7,0,38,17,2,57,0,39,23,2,64,0,0,0,64
08/06/2020,GSN,MP,AWP,WE,Federal Contract Tower,2,0,6,0,8,0,45,14,0,59,2,45,20,0,67,0,0,0,67
08/07/2020,GSN,MP,AWP,WE,Federal Contract Tower,0,0,9,0,9,0,45,11,0,56,0,45,20,0,65,0,0,0,65
08/08/2020,GSN,MP,AWP,WE,Federal Contract Tower,2,0,4,0,6,0,33,20,0,53,2,33,24,0,59,0,0,0,59
08/09/2020,GSN,MP,AWP,WE,Federal Contract Tower,0,0,0,0,0,0,29,5,0,34,0,29,5,0,34,0,0,0,34
08/10/2020,GSN,MP,AWP,WE,Federal Contract Tower,4,14,0,0,18,0,42,13,0,55,4,56,13,0,73,0,0,0,73
08/11/2020,GSN,MP,AWP,WE,Federal Contract Tower,0,0,4,0,4,0,36,15,0,51,0,36,19,0,55,0,0,0,55
08/13/2020,GSN,MP,AWP,WE,Federal Contract Tower,2,0,4,3,9,0,32,22,0,54,2,32,26,3,63,4,0,4,67
08/14/2020,GSN,MP,AWP,WE,Federal Contract Tower,0,0,7,0,7,0,39,15,2,56,0,39,22,2,63,0,0,0,63
08/15/2020,GSN,MP,AWP,WE,Federal Contract Tower,2,0,4,0,6,0,43,11,0,54,2,43,15,0,60,0,0,0,60
08/16/2020,GSN,MP,AWP,WE,Federal Contract Tower,0,0,0,1,1,0,37,10,5,52,0,37,10,6,53,0,0,0,53
08/17/2020,GSN,MP,AWP,WE,Federal Contract Tower,2,0,11,0,13,0,36,17,0,53,2,36,28,0,66,0,0,0,66
08/18/2020,GSN,MP,AWP,WE,Federal Contract Tower,0,0,5,0,5,0,36,9,0,45,0,36,14,0,50,0,0,0,50
08/20/2020,GSN,MP,AWP,WE,Federal Contract Tower,2,0,5,0,7,0,28,14,0,42,2,28,19,0,49,0,0,0,49
08/21/2020,GSN,MP,AWP,WE,Federal Contract Tower,0,0,8,1,9,0,47,15,0,62,0,47,23,1,71,0,0,0,71
08/22/2020,GSN,MP,AWP,WE,Federal Contract Tower,2,0,4,0,6,0,24,21,0,45,2,24,25,0,51,0,0,0,51
08/23/2020,GSN,MP,AWP,WE,Federal Contract Tower,0,0,0,0,0,0,20,10,0,30,0,20,10,0,30,0,0,0,30
08/24/2020,GSN,MP,AWP,WE,Federal Contract Tower,2,2,14,0,18,0,28,7,4,39,2,30,21,4,57,0,0,0,57
08/25/2020,GSN,MP,AWP,WE,Federal Contract Tower,0,0,5,0,5,0,25,8,0,33,0,25,13,0,38,0,0,0,38
08/27/2020,GSN,MP,AWP,WE,Federal Contract Tower,4,7,8,0,19,0,24,12,0,36,4,31,20,0,55,0,0,0,55
08/28/2020,GSN,MP,AWP,WE,Federal Contract Tower,0,11,9,0,20,0,29,9,0,38,0,40,18,0,58,0,0,0,58
08/29/2020,GSN,MP,AWP,WE,Federal Contract Tower,2,1,6,0,9,0,45,11,0,56,2,46,17,0,65,0,0,0,65
08/30/2020,GSN,MP,AWP,WE,Federal Contract Tower,0,0,0,0,0,0,21,7,0,28,0,21,7,0,28,4,0,4,32
08/31/2020,GSN,MP,AWP,WE,Federal Contract Tower,2,1,14,0,17,0,30,10,0,40,2,31,24,0,57,0,0,0,57
09/01/2020,GSN,MP,AWP,WE,Federal Contract Tower,0,0,0,0,0,0,21,7,0,28,0,21,7,0,28,0,0,0,28
09/02/2020,GSN,MP,AWP,WE,Federal Contract Tower,0,0,10,0,10,0,35,16,0,51,0,35,26,0,61,0,0,0,61
09/03/2020,GSN,MP,AWP,WE,Federal Contract Tower,2,0,8,0,10,0,28,16,0,44,2,28,24,0,54,0,0,0,54
09/05/2020,GSN,MP,AWP,WE,Federal Contract Tower,2,0,6,0,8,0,29,12,0,41,2,29,18,0,49,0,0,0,49
09/06/2020,GSN,MP,AWP,WE,Federal Contract Tower,0,0,0,0,0,0,17,10,0,27,0,17,10,0,27,0,0,0,27
09/07/2020,GSN,MP,AWP,WE,Federal Contract Tower,2,3,12,0,17,0,24,13,0,37,2,27,25,0,54,0,0,0,54
09/08/2020,GSN,MP,AWP,WE,Federal Contract Tower,0,0,7,0,7,0,34,13,0,47,0,34,20,0,54,0,0,0,54
09/09/2020,GSN,MP,AWP,WE,Federal Contract Tower,2,0,12,0,14,0,35,13,0,48,2,35,25,0,62,0,0,0,62
09/10/2020,GSN,MP,AWP,WE,Federal Contract Tower,2,1,12,0,15,0,34,12,0,46,2,35,24,0,61,0,0,0,61
09/12/2020,GSN,MP,AWP,WE,Federal Contract Tower,2,0,5,0,7,0,35,25,0,60,2,35,30,0,67,0,0,0,67
09/13/2020,GSN,MP,AWP,WE,Federal Contract Tower,0,0,1,0,1,0,25,22,0,47,0,25,23,0,48,0,0,0,48
09/14/2020,GSN,MP,AWP,WE,Federal Contract Tower,4,3,12,0,19,0,27,9,0,36,4,30,21,0,55,0,0,0,55
09/15/2020,GSN,MP,AWP,WE,Federal Contract Tower,2,0,9,0,11,0,34,15,0,49,2,34,24,0,60,0,0,0,60
09/16/2020,GSN,MP,AWP,WE,Federal Contract Tower,0,1,8,2,11,0,32,16,0,48,0,33,24,2,59,0,0,0,59
09/17/2020,GSN,MP,AWP,WE,Federal Contract Tower,2,1,6,0,9,0,30,13,0,43,2,31,19,0,52,0,0,0,52
09/19/2020,GSN,MP,AWP,WE,Federal Contract Tower,2,0,6,0,8,0,47,24,0,71,2,47,30,0,79,0,0,0,79
09/20/2020,GSN,MP,AWP,WE,Federal Contract Tower,0,0,0,0,0,0,29,13,2,44,0,29,13,2,44,0,0,0,44
09/21/2020,GSN,MP,AWP,WE,Federal Contract Tower,2,4,10,0,16,0,26,9,0,35,2,30,19,0,51,0,0,0,51
09/22/2020,GSN,MP,AWP,WE,Federal Contract Tower,0,2,9,0,11,0,26,16,0,42,0,28,25,0,53,0,0,0,53
09/23/2020,GSN,MP,AWP,WE,Federal Contract Tower,0,0,11,0,11,0,38,16,0,54,0,38,27,0,65,0,0,0,65
09/24/2020,GSN,MP,AWP,WE,Federal Contract Tower,4,0,6,0,10,0,44,19,0,63,4,44,25,0,73,0,0,0,73
09/26/2020,GSN,MP,AWP,WE,Federal Contract Tower,2,0,6,3,11,0,35,23,0,58,2,35,29,3,69,2,0,2,71
09/27/2020,GSN,MP,AWP,WE,Federal Contract Tower,0,0,0,0,0,0,36,20,0,56,0,36,20,0,56,0,0,0,56
09/28/2020,GSN,MP,AWP,WE,Federal Contract Tower,2,3,12,0,17,0,26,20,0,46,2,29,32,0,63,0,0,0,63
09/29/2020,GSN,MP,AWP,WE,Federal Contract Tower,0,2,8,0,10,0,25,17,0,42,0,27,25,0,52,0,0,0,52
09/30/2020,GSN,MP,AWP,WE,Federal Contract Tower,0,1,9,0,10,0,40,11,0,51,0,41,20,0,61,0,0,0,61
10/01/2020,GSN,MP,AWP,WE,Federal Contract Tower,4,1,6,0,11,0,27,8,0,35,4,28,14,0,46,2,0,2,48
10/04/2020,GSN,MP,AWP,WE,Federal Contract Tower,0,0,0,0,0,0,28,11,0,39,0,28,11,0,39,0,0,0,39
10/05/2020,GSN,MP,AWP,WE,Federal Contract Tower,2,4,12,0,18,0,24,6,0,30,2,28,18,0,48,0,0,0,48
10/06/2020,GSN,MP,AWP,WE,Federal Contract Tower,0,4,7,0,11,0,30,17,0,47,0,34,24,0,58,0,0,0,58
10/07/2020,GSN,MP,AWP,WE,Federal Contract Tower,0,2,12,0,14,0,32,17,0,49,0,34,29,0,63,0,0,0,63
10/08/2020,GSN,MP,AWP,WE,Federal Contract Tower,4,7,8,0,19,0,22,20,0,42,4,29,28,0,61,0,0,0,61
10/09/2020,GSN,MP,AWP,WE,Federal Contract Tower,0,7,10,4,21,0,51,9,0,60,0,58,19,4,81,0,0,0,81
10/11/2020,GSN,MP,AWP,WE,Federal Contract Tower,0,0,1,0,1,0,29,7,0,36,0,29,8,0,37,0,0,0,37
10/12/2020,GSN,MP,AWP,WE,Federal Contract Tower,4,0,11,0,15,0,40,13,0,53,4,40,24,0,68,0,0,0,68
10/13/2020,GSN,MP,AWP,WE,Federal Contract Tower,0,2,7,0,9,0,37,8,0,45,0,39,15,0,54,0,0,0,54
10/14/2020,GSN,MP,AWP,WE,Federal Contract Tower,0,5,5,0,10,0,34,10,0,44,0,39,15,0,54,0,0,0,54
10/15/2020,GSN,MP,AWP,WE,Federal Contract Tower,2,3,8,0,13,0,33,16,0,49,2,36,24,0,62,2,0,2,64
10/16/2020,GSN,MP,AWP,WE,Federal Contract Tower,0,5,10,0,15,0,47,8,0,55,0,52,18,0,70,0,0,0,70
10/17/2020,GSN,MP,AWP,WE,Federal Contract Tower,2,8,0,0,10,0,28,15,0,43,2,36,15,0,53,2,0,2,55
10/18/2020,GSN,MP,AWP,WE,Federal Contract Tower,0,0,0,0,0,0,29,7,0,36,0,29,7,0,36,0,0,0,36
10/19/2020,GSN,MP,AWP,WE,Federal Contract Tower,2,2,17,0,21,0,30,24,0,54,2,32,41,0,75,0,0,0,75
10/20/2020,GSN,MP,AWP,WE,Federal Contract Tower,0,2,8,0,10,0,49,11,0,60,0,51,19,0,70,0,0,0,70
10/21/2020,GSN,MP,AWP,WE,Federal Contract Tower,0,5,10,0,15,0,34,10,0,44,0,39,20,0,59,0,0,0,59
10/22/2020,GSN,MP,AWP,WE,Federal Contract Tower,2,4,8,0,14,0,35,18,0,53,2,39,26,0,67,0,0,0,67
10/23/2020,GSN,MP,AWP,WE,Federal Contract Tower,0,5,7,0,12,0,47,22,0,69,0,52,29,0,81,2,0,2,83
10/24/2020,GSN,MP,AWP,WE,Federal Contract Tower,2,8,0,0,10,0,39,28,0,67,2,47,28,0,77,0,0,0,77
10/25/2020,GSN,MP,AWP,WE,Federal Contract Tower,0,2,1,0,3,0,27,6,0,33,0,29,7,0,36,0,0,0,36
10/26/2020,GSN,MP,AWP,WE,Federal Contract Tower,2,6,14,0,22,0,31,17,0,48,2,37,31,0,70,0,0,0,70
10/27/2020,GSN,MP,AWP,WE,Federal Contract Tower,2,5,11,0,18,0,25,15,0,40,2,30,26,0,58,0,0,0,58
10/28/2020,GSN,MP,AWP,WE,Federal Contract Tower,0,2,12,0,14,0,29,11,0,40,0,31,23,0,54,0,0,0,54
10/29/2020,GSN,MP,AWP,WE,Federal Contract Tower,2,1,8,0,11,0,32,11,0,43,2,33,19,0,54,0,0,0,54
10/30/2020,GSN,MP,AWP,WE,Federal Contract Tower,0,2,9,0,11,0,38,13,0,51,0,40,22,0,62,0,0,0,62
10/31/2020,GSN,MP,AWP,WE,Federal Contract Tower,2,1,12,0,15,0,29,11,0,40,2,30,23,0,55,0,0,0,55
11/02/2020,GSN,MP,AWP,WE,Federal Contract Tower,2,6,13,0,21,0,34,7,0,41,2,40,20,0,62,0,0,0,62
11/03/2020,GSN,MP,AWP,WE,Federal Contract Tower,0,3,9,0,12,0,30,17,0,47,0,33,26,0,59,0,0,0,59
11/04/2020,GSN,MP,AWP,WE,Federal Contract Tower,0,1,12,0,13,0,34,7,0,41,0,35,19,0,54,0,0,0,54
11/05/2020,GSN,MP,AWP,WE,Federal Contract Tower,2,1,6,0,9,0,26,9,0,35,2,27,15,0,44,0,0,0,44
11/06/2020,GSN,MP,AWP,WE,Federal Contract Tower,0,7,7,0,14,0,40,13,0,53,0,47,20,0,67,0,0,0,67
11/07/2020,GSN,MP,AWP,WE,Federal Contract Tower,2,2,8,0,12,0,27,16,0,43,2,29,24,0,55,0,0,0,55
11/09/2020,GSN,MP,AWP,WE,Federal Contract Tower,2,5,15,0,22,0,29,9,0,38,2,34,24,0,60,0,0,0,60
11/10/2020,GSN,MP,AWP,WE,Federal Contract Tower,0,0,3,0,3,0,33,13,0,46,0,33,16,0,49,0,0,0,49
11/11/2020,GSN,MP,AWP,WE,Federal Contract Tower,0,1,10,0,11,0,35,6,0,41,0,36,16,0,52,0,0,0,52
11/12/2020,GSN,MP,AWP,WE,Federal Contract Tower,2,0,6,1,9,0,35,12,0,47,2,35,18,1,56,0,0,0,56
11/13/2020,GSN,MP,AWP,WE,Federal Contract Tower,0,7,8,0,15,0,49,8,0,57,0,56,16,0,72,6,0,6,78
11/14/2020,GSN,MP,AWP,WE,Federal Contract Tower,2,0,12,0,14,0,26,2,0,28,2,26,14,0,42,0,0,0,42
11/15/2020,GSN,MP,AWP,WE,Federal Contract Tower,0,2,0,0,2,0,17,10,0,27,0,19,10,0,29,0,0,0,29
11/16/2020,GSN,MP,AWP,WE,Federal Contract Tower,2,6,8,0,16,0,33,11,0,44,2,39,19,0,60,0,0,0,60
11/17/2020,GSN,MP,AWP,WE,Federal Contract Tower,0,1,6,0,7,0,34,15,0,49,0,35,21,0,56,0,0,0,56
11/18/2020,GSN,MP,AWP,WE,Federal Contract Tower,0,5,6,0,11,0,34,18,2,54,0,39,24,2,65,0,0,0,65
11/19/2020,GSN,MP,AWP,WE,Federal Contract Tower,2,9,4,0,15,0,26,21,0,47,2,35,25,0,62,0,0,0,62
11/20/2020,GSN,MP,AWP,WE,Federal Contract Tower,0,8,8,0,16,0,34,25,0,59,0,42,33,0,75,0,0,0,75
11/21/2020,GSN,MP,AWP,WE,Federal Contract Tower,2,2,8,0,12,0,31,28,0,59,2,33,36,0,71,0,0,0,71
11/23/2020,GSN,MP,AWP,WE,Federal Contract Tower,2,3,10,2,17,0,36,13,0,49,2,39,23,2,66,0,0,0,66
11/24/2020,GSN,MP,AWP,WE,Federal Contract Tower,0,4,7,0,11,0,32,14,0,46,0,36,21,0,57,0,0,0,57
11/25/2020,GSN,MP,AWP,WE,Federal Contract Tower,0,7,6,0,13,0,44,15,0,59,0,51,21,0,72,0,0,0,72
11/26/2020,GSN,MP,AWP,WE,Federal Contract Tower,2,0,4,0,6,0,20,15,0,35,2,20,19,0,41,0,0,0,41
11/27/2020,GSN,MP,AWP,WE,Federal Contract Tower,0,5,9,0,14,0,39,14,2,55,0,44,23,2,69,0,0,0,69
11/28/2020,GSN,MP,AWP,WE,Federal Contract Tower,3,0,4,0,7,0,34,7,0,41,3,34,11,0,48,0,0,0,48
11/29/2020,GSN,MP,AWP,WE,Federal Contract Tower,1,0,0,0,1,0,34,8,0,42,1,34,8,0,43,0,0,0,43
11/30/2020,GSN,MP,AWP,WE,Federal Contract Tower,4,17,0,0,21,0,26,18,0,44,4,43,18,0,65,0,0,0,65
12/01/2020,GSN,MP,AWP,WE,Federal Contract Tower,0,4,3,0,7,0,28,16,0,44,0,32,19,0,51,0,0,0,51
12/02/2020,GSN,MP,AWP,WE,Federal Contract Tower,0,5,9,0,14,0,28,21,0,49,0,33,30,0,63,0,0,0,63
12/03/2020,GSN,MP,AWP,WE,Federal Contract Tower,2,5,8,0,15,0,20,5,0,25,2,25,13,0,40,0,0,0,40
12/04/2020,GSN,MP,AWP,WE,Federal Contract Tower,0,1,8,0,9,0,46,29,0,75,0,47,37,0,84,0,0,0,84
12/05/2020,GSN,MP,AWP,WE,Federal Contract Tower,2,2,8,0,12,0,36,23,0,59,2,38,31,0,71,0,0,0,71
12/06/2020,GSN,MP,AWP,WE,Federal Contract Tower,0,0,0,0,0,0,21,14,0,35,0,21,14,0,35,0,0,0,35
12/08/2020,GSN,MP,AWP,WE,Federal Contract Tower,0,2,7,0,9,0,44,18,0,62,0,46,25,0,71,0,0,0,71
12/09/2020,GSN,MP,AWP,WE,Federal Contract Tower,0,6,11,0,17,0,30,16,4,50,0,36,27,4,67,0,0,0,67
12/10/2020,GSN,MP,AWP,WE,Federal Contract Tower,2,1,8,1,12,0,35,18,0,53,2,36,26,1,65,0,0,0,65
12/11/2020,GSN,MP,AWP,WE,Federal Contract Tower,2,0,6,4,12,0,59,25,4,88,2,59,31,8,100,0,0,0,100
12/12/2020,GSN,MP,AWP,WE,Federal Contract Tower,2,0,3,0,5,0,31,11,0,42,2,31,14,0,47,0,0,0,47
12/13/2020,GSN,MP,AWP,WE,Federal Contract Tower,0,0,0,0,0,0,25,14,0,39,0,25,14,0,39,0,0,0,39
12/15/2020,GSN,MP,AWP,WE,Federal Contract Tower,0,5,7,0,12,0,31,12,0,43,0,36,19,0,55,0,0,0,55
12/16/2020,GSN,MP,AWP,WE,Federal Contract Tower,0,0,10,0,10,0,37,15,0,52,0,37,25,0,62,0,0,0,62
12/17/2020,GSN,MP,AWP,WE,Federal Contract Tower,2,0,6,2,10,0,50,13,0,63,2,50,19,2,73,0,8,8,81
12/18/2020,GSN,MP,AWP,WE,Federal Contract Tower,0,7,7,0,14,0,52,17,0,69,0,59,24,0,83,0,0,0,83
12/19/2020,GSN,MP,AWP,WE,Federal Contract Tower,2,2,5,0,9,0,41,38,0,79,2,43,43,0,88,0,0,0,88
12/20/2020,GSN,MP,AWP,WE,Federal Contract Tower,0,4,0,0,4,0,32,14,0,46,0,36,14,0,50,0,0,0,50
12/22/2020,GSN,MP,AWP,WE,Federal Contract Tower,3,9,2,0,14,0,45,16,0,61,3,54,18,0,75,0,0,0,75
12/23/2020,GSN,MP,AWP,WE,Federal Contract Tower,0,12,12,0,24,0,51,11,0,62,0,63,23,0,86,0,0,0,86
12/24/2020,GSN,MP,AWP,WE,Federal Contract Tower,2,4,7,0,13,0,38,27,0,65,2,42,34,0,78,0,0,0,78
12/25/2020,GSN,MP,AWP,WE,Federal Contract Tower,0,6,12,0,18,0,16,11,0,27,0,22,23,0,45,0,0,0,45
12/26/2020,GSN,MP,AWP,WE,Federal Contract Tower,2,0,6,0,8,0,28,11,0,39,2,28,17,0,47,0,0,0,47
12/27/2020,GSN,MP,AWP,WE,Federal Contract Tower,0,0,0,0,0,0,22,9,0,31,0,22,9,0,31,0,0,0,31
12/29/2020,GSN,MP,AWP,WE,Federal Contract Tower,0,0,10,0,10,0,32,20,0,52,0,32,30,0,62,0,0,0,62
12/30/2020,GSN,MP,AWP,WE,Federal Contract Tower,0,8,9,0,17,0,42,16,0,58,0,50,25,0,75,0,0,0,75
12/31/2020,GSN,MP,AWP,WE,Federal Contract Tower,2,6,3,0,11,0,60,17,0,77,2,66,20,0,88,0,0,0,88
01/01/2021,GSN,MP,AWP,WE,Federal Contract Tower,0,6,8,0,14,0,23,10,0,33,0,29,18,0,47,0,0,0,47
01/02/2021,GSN,MP,AWP,WE,Federal Contract Tower,2,0,3,0,5,0,33,25,0,58,2,33,28,0,63,0,0,0,63
01/03/2021,GSN,MP,AWP,WE,Federal Contract Tower,0,0,0,0,0,0,42,19,0,61,0,42,19,0,61,0,0,0,61
01/04/2021,GSN,MP,AWP,WE,Federal Contract Tower,2,0,11,0,13,0,34,21,0,55,2,34,32,0,68,0,0,0,68
01/05/2021,GSN,MP,AWP,WE,Federal Contract Tower,0,7,3,0,10,0,32,6,0,38,0,39,9,0,48,0,0,0,48
01/06/2021,GSN,MP,AWP,WE,Federal Contract Tower,0,6,8,0,14,0,31,12,0,43,0,37,20,0,57,0,0,0,57
01/07/2021,GSN,MP,AWP,WE,Federal Contract Tower,2,6,6,0,14,0,28,12,0,40,2,34,18,0,54,0,0,0,54
01/08/2021,GSN,MP,AWP,WE,Federal Contract Tower,0,6,6,0,12,0,33,19,0,52,0,39,25,0,64,0,0,0,64
01/09/2021,GSN,MP,AWP,WE,Federal Contract Tower,2,0,4,0,6,0,35,8,0,43,2,35,12,0,49,0,0,0,49
01/10/2021,GSN,MP,AWP,WE,Federal Contract Tower,0,0,0,0,0,0,32,11,0,43,0,32,11,0,43,0,0,0,43
01/11/2021,GSN,MP,AWP,WE,Federal Contract Tower,2,5,15,0,22,0,33,28,0,61,2,38,43,0,83,0,0,0,83
01/12/2021,GSN,MP,AWP,WE,Federal Contract Tower,0,11,0,0,11,0,40,12,0,52,0,51,12,0,63,0,0,0,63
01/13/2021,GSN,MP,AWP,WE,Federal Contract Tower,1,4,10,0,15,0,34,13,0,47,1,38,23,0,62,0,0,0,62
01/14/2021,GSN,MP,AWP,WE,Federal Contract Tower,2,6,3,3,14,0,31,8,6,45,2,37,11,9,59,0,10,10,69
01/15/2021,GSN,MP,AWP,WE,Federal Contract Tower,2,0,11,0,13,0,67,11,0,78,2,67,22,0,91,0,0,0,91
01/16/2021,GSN,MP,AWP,WE,Federal Contract Tower,2,0,5,0,7,0,46,11,0,57,2,46,16,0,64,0,0,0,64
01/17/2021,GSN,MP,AWP,WE,Federal Contract Tower,0,2,0,0,2,0,47,8,0,55,0,49,8,0,57,0,0,0,57
01/18/2021,GSN,MP,AWP,WE,Federal Contract Tower,2,6,7,0,15,0,36,11,0,47,2,42,18,0,62,0,0,0,62
01/20/2021,GSN,MP,AWP,WE,Federal Contract Tower,0,4,9,1,14,0,34,17,1,52,0,38,26,2,66,0,14,14,80
01/21/2021,GSN,MP,AWP,WE,Federal Contract Tower,2,0,6,0,8,0,40,11,0,51,2,40,17,0,59,0,0,0,59
01/22/2021,GSN,MP,AWP,WE,Federal Contract Tower,0,0,8,2,10,0,50,20,6,76,0,50,28,8,86,0,14,14,100
01/23/2021,GSN,MP,AWP,WE,Federal Contract Tower,2,4,11,8,25,0,27,10,0,37,2,31,21,8,62,0,0,0,62
01/24/2021,GSN,MP,AWP,WE,Federal Contract Tower,0,6,0,0,6,0,21,10,0,31,0,27,10,0,37,0,0,0,37
01/25/2021,GSN,MP,AWP,WE,Federal Contract Tower,2,2,16,0,20,0,38,21,0,59,2,40,37,0,79,0,0,0,79
01/27/2021,GSN,MP,AWP,WE,Federal Contract Tower,0,0,9,0,9,0,32,8,2,42,0,32,17,2,51,0,0,0,51
01/28/2021,GSN,MP,AWP,WE,Federal Contract Tower,2,0,6,0,8,0,29,12,0,41,2,29,18,0,49,0,0,0,49
01/29/2021,GSN,MP,AWP,WE,Federal Contract Tower,0,6,9,0,15,0,37,17,0,54,0,43,26,0,69,0,0,0,69
01/30/2021,GSN,MP,AWP,WE,Federal Contract Tower,2,2,6,0,10,0,31,14,0,45,2,33,20,0,55,0,0,0,55
01/31/2021,GSN,MP,AWP,WE,Federal Contract Tower,0,4,0,0,4,0,27,12,0,39,0,31,12,0,43,0,0,0,43
02/01/2021,GSN,MP,AWP,WE,Federal Contract Tower,2,6,10,0,18,0,24,12,0,36,2,30,22,0,54,0,0,0,54
02/02/2021,GSN,MP,AWP,WE,Federal Contract Tower,0,3,5,0,8,0,30,16,0,46,0,33,21,0,54,0,0,0,54
02/03/2021,GSN,MP,AWP,WE,Federal Contract Tower,0,15,0,0,15,0,28,15,0,43,0,43,15,0,58,0,0,0,58
02/04/2021,GSN,MP,AWP,WE,Federal Contract Tower,2,2,6,0,10,0,30,19,0,49,2,32,25,0,59,0,0,0,59
02/05/2021,GSN,MP,AWP,WE,Federal Contract Tower,0,6,3,0,9,0,49,12,0,61,0,55,15,0,70,0,0,0,70
02/06/2021,GSN,MP,AWP,WE,Federal Contract Tower,2,1,9,0,12,0,29,12,0,41,2,30,21,0,53,0,0,0,53
02/07/2021,GSN,MP,AWP,WE,Federal Contract Tower,0,0,0,0,0,0,38,17,0,55,0,38,17,0,55,0,0,0,55
02/08/2021,GSN,MP,AWP,WE,Federal Contract Tower,2,0,10,0,12,0,35,16,0,51,2,35,26,0,63,0,0,0,63
02/09/2021,GSN,MP,AWP,WE,Federal Contract Tower,0,1,7,0,8,0,42,12,0,54,0,43,19,0,62,0,0,0,62
02/10/2021,GSN,MP,AWP,WE,Federal Contract Tower,0,9,0,0,9,0,31,21,0,52,0,40,21,0,61,10,0,10,71
02/11/2021,GSN,MP,AWP,WE,Federal Contract Tower,2,6,11,1,20,0,52,16,0,68,2,58,27,1,88,10,0,10,98
02/12/2021,GSN,MP,AWP,WE,Federal Contract Tower,0,8,5,0,13,0,83,56,0,139,0,91,61,0,152,0,0,0,152
02/13/2021,GSN,MP,AWP,WE,Federal Contract Tower,2,4,7,0,13,0,96,38,0,134,2,100,45,0,147,0,0,0,147
02/14/2021,GSN,MP,AWP,WE,Federal Contract Tower,0,0,0,0,0,0,81,38,0,119,0,81,38,0,119,0,0,0,119
02/15/2021,GSN,MP,AWP,WE,Federal Contract Tower,2,0,12,0,14,0,80,25,0,105,2,80,37,0,119,0,0,0,119
02/16/2021,GSN,MP,AWP,WE,Federal Contract Tower,0,6,7,1,14,0,41,18,1,60,0,47,25,2,74,0,2,2,76
02/17/2021,GSN,MP,AWP,WE,Federal Contract Tower,0,12,0,0,12,0,40,10,0,50,0,52,10,0,62,0,0,0,62
02/18/2021,GSN,MP,AWP,WE,Federal Contract Tower,2,6,7,0,15,0,35,15,0,50,2,41,22,0,65,0,0,0,65
02/19/2021,GSN,MP,AWP,WE,Federal Contract Tower,0,1,7,1,9,0,49,18,4,71,0,50,25,5,80,0,0,0,80
02/20/2021,GSN,MP,AWP,WE,Federal Contract Tower,2,0,4,0,6,0,34,12,4,50,2,34,16,4,56,0,0,0,56
02/21/2021,GSN,MP,AWP,WE,Federal Contract Tower,0,0,0,0,0,0,25,17,0,42,0,25,17,0,42,0,0,0,42
02/22/2021,GSN,MP,AWP,WE,Federal Contract Tower,2,5,5,10,22,0,0,0,0,0,2,5,5,10,22,0,0,0,22
02/23/2021,GSN,MP,AWP,WE,Federal Contract Tower,0,0,7,0,7,0,28,17,0,45,0,28,24,0,52,0,0,0,52
02/24/2021,GSN,MP,AWP,WE,Federal Contract Tower,10,0,0,0,10,0,41,14,0,55,10,41,14,0,65,0,0,0,65
02/25/2021,GSN,MP,AWP,WE,Federal Contract Tower,2,4,6,0,12,0,34,14,0,48,2,38,20,0,60,0,0,0,60
02/26/2021,GSN,MP,AWP,WE,Federal Contract Tower,0,8,7,0,15,0,50,24,0,74,0,58,31,0,89,0,0,0,89
02/27/2021,GSN,MP,AWP,WE,Federal Contract Tower,2,4,4,0,10,0,43,8,2,53,2,47,12,2,63,0,2,2,65
02/28/2021,GSN,MP,AWP,WE,Federal Contract Tower,0,2,0,0,2,0,27,17,0,44,0,29,17,0,46,0,0,0,46
03/01/2021,GSN,MP,AWP,WE,Federal Contract Tower,2,6,12,0,20,0,32,11,0,43,2,38,23,0,63,0,0,0,63
03/02/2021,GSN,MP,AWP,WE,Federal Contract Tower,0,3,6,0,9,0,33,12,0,45,0,36,18,0,54,0,0,0,54
03/03/2021,GSN,MP,AWP,WE,Federal Contract Tower,0,0,6,0,6,0,51,15,0,66,0,51,21,0,72,0,0,0,72
03/04/2021,GSN,MP,AWP,WE,Federal Contract Tower,2,0,2,0,4,0,48,29,0,77,2,48,31,0,81,0,0,0,81
03/06/2021,GSN,MP,AWP,WE,Federal Contract Tower,2,0,7,0,9,0,38,19,0,57,2,38,26,0,66,0,0,0,66
03/07/2021,GSN,MP,AWP,WE,Federal Contract Tower,0,0,0,0,0,0,30,13,0,43,0,30,13,0,43,0,0,0,43
03/08/2021,GSN,MP,AWP,WE,Federal Contract Tower,2,6,10,0,18,0,31,7,0,38,2,37,17,0,56,0,0,0,56
03/09/2021,GSN,MP,AWP,WE,Federal Contract Tower,6,6,0,0,12,0,35,12,0,47,6,41,12,0,59,0,0,0,59
03/10/2021,GSN,MP,AWP,WE,Federal Contract Tower,0,5,7,0,12,0,39,11,8,58,0,44,18,8,70,0,0,0,70
03/11/2021,GSN,MP,AWP,WE,Federal Contract Tower,2,6,5,0,13,0,51,14,0,65,2,57,19,0,78,0,0,0,78
03/12/2021,GSN,MP,AWP,WE,Federal Contract Tower,0,16,2,0,18,0,73,25,0,98,0,89,27,0,116,0,0,0,116
03/13/2021,GSN,MP,AWP,WE,Federal Contract Tower,2,0,6,0,8,0,62,22,0,84,2,62,28,0,92,0,0,0,92
03/14/2021,GSN,MP,AWP,WE,Federal Contract Tower,0,0,0,0,0,0,40,16,0,56,0,40,16,0,56,0,0,0,56
03/15/2021,GSN,MP,AWP,WE,Federal Contract Tower,2,6,12,0,20,0,27,9,0,36,2,33,21,0,56,0,0,0,56
03/16/2021,GSN,MP,AWP,WE,Federal Contract Tower,0,6,9,0,15,0,36,17,0,53,0,42,26,0,68,0,0,0,68
03/17/2021,GSN,MP,AWP,WE,Federal Contract Tower,0,4,8,0,12,0,42,9,0,51,0,46,17,0,63,0,0,0,63
03/18/2021,GSN,MP,AWP,WE,Federal Contract Tower,2,9,1,10,22,0,48,16,0,64,2,57,17,10,86,0,0,0,86
03/19/2021,GSN,MP,AWP,WE,Federal Contract Tower,4,17,0,0,21,0,49,13,0,62,4,66,13,0,83,0,0,0,83
03/20/2021,GSN,MP,AWP,WE,Federal Contract Tower,2,0,6,0,8,0,33,8,0,41,2,33,14,0,49,0,0,0,49
03/21/2021,GSN,MP,AWP,WE,Federal Contract Tower,0,0,0,0,0,0,17,9,0,26,0,17,9,0,26,0,0,0,26
03/22/2021,GSN,MP,AWP,WE,Federal Contract Tower,3,6,14,0,23,0,26,6,0,32,3,32,20,0,55,0,0,0,55
03/23/2021,GSN,MP,AWP,WE,Federal Contract Tower,0,7,7,0,14,0,30,18,0,48,0,37,25,0,62,0,0,0,62
03/24/2021,GSN,MP,AWP,WE,Federal Contract Tower,0,7,9,0,16,0,29,6,0,35,0,36,15,0,51,0,0,0,51
03/25/2021,GSN,MP,AWP,WE,Federal Contract Tower,3,4,6,0,13,0,39,13,0,52,3,43,19,0,65,0,0,0,65
03/26/2021,GSN,MP,AWP,WE,Federal Contract Tower,2,11,0,0,13,0,36,16,0,52,2,47,16,0,65,0,0,0,65
03/27/2021,GSN,MP,AWP,WE,Federal Contract Tower,2,0,6,0,8,0,24,13,0,37,2,24,19,0,45,0,0,0,45
03/28/2021,GSN,MP,AWP,WE,Federal Contract Tower,0,1,0,0,1,0,25,7,0,32,0,26,7,0,33,0,0,0,33
03/29/2021,GSN,MP,AWP,WE,Federal Contract Tower,2,2,11,0,15,0,36,5,0,41,2,38,16,0,56,0,0,0,56
03/30/2021,GSN,MP,AWP,WE,Federal Contract Tower,0,4,5,0,9,0,35,14,0,49,0,39,19,0,58,0,0,0,58
03/31/2021,GSN,MP,AWP,WE,Federal Contract Tower,0,5,10,0,15,0,34,17,0,51,0,39,27,0,66,0,0,0,66
04/01/2021,GSN,MP,AWP,WE,Federal Contract Tower,2,9,0,0,11,0,32,10,0,42,2,41,10,0,53,0,0,0,53
04/02/2021,GSN,MP,AWP,WE,Federal Contract Tower,2,10,0,12,24,0,23,13,0,36,2,33,13,12,60,0,0,0,60
04/03/2021,GSN,MP,AWP,WE,Federal Contract Tower,2,0,6,0,8,0,31,6,0,37,2,31,12,0,45,0,0,0,45
04/04/2021,GSN,MP,AWP,WE,Federal Contract Tower,0,2,0,0,2,0,26,12,0,38,0,28,12,0,40,0,0,0,40
04/05/2021,GSN,MP,AWP,WE,Federal Contract Tower,2,2,12,0,16,0,37,17,0,54,2,39,29,0,70,0,0,0,70
04/06/2021,GSN,MP,AWP,WE,Federal Contract Tower,0,1,5,0,6,0,33,11,0,44,0,34,16,0,50,0,0,0,50
04/07/2021,GSN,MP,AWP,WE,Federal Contract Tower,0,0,9,0,9,0,41,16,0,57,0,41,25,0,66,0,0,0,66
04/08/2021,GSN,MP,AWP,WE,Federal Contract Tower,2,1,4,0,7,0,42,15,0,57,2,43,19,0,64,0,0,0,64
04/09/2021,GSN,MP,AWP,WE,Federal Contract Tower,2,12,0,0,14,0,70,13,0,83,2,82,13,0,97,0,0,0,97
04/10/2021,GSN,MP,AWP,WE,Federal Contract Tower,2,0,2,0,4,0,36,22,0,58,2,36,24,0,62,0,0,0,62
04/11/2021,GSN,MP,AWP,WE,Federal Contract Tower,0,0,0,0,0,0,40,8,0,48,0,40,8,0,48,0,0,0,48
04/12/2021,GSN,MP,AWP,WE,Federal Contract Tower,2,0,12,0,14,0,46,12,0,58,2,46,24,0,72,0,0,0,72
04/13/2021,GSN,MP,AWP,WE,Federal Contract Tower,0,0,9,0,9,0,32,12,0,44,0,32,21,0,53,0,0,0,53
04/14/2021,GSN,MP,AWP,WE,Federal Contract Tower,0,0,4,0,4,0,43,18,0,61,0,43,22,0,65,0,0,0,65
04/15/2021,GSN,MP,AWP,WE,Federal Contract Tower,2,4,0,0,6,0,47,18,0,65,2,51,18,0,71,0,0,0,71
04/16/2021,GSN,MP,AWP,WE,Federal Contract Tower,2,13,2,0,17,0,88,9,0,97,2,101,11,0,114,0,0,0,114
04/17/2021,GSN,MP,AWP,WE,Federal Contract Tower,2,0,6,0,8,0,56,13,0,69,2,56,19,0,77,0,0,0,77
04/18/2021,GSN,MP,AWP,WE,Federal Contract Tower,0,0,0,0,0,0,46,19,0,65,0,46,19,0,65,0,0,0,65
04/19/2021,GSN,MP,AWP,WE,Federal Contract Tower,2,0,14,0,16,0,54,16,0,70,2,54,30,0,86,0,0,0,86
04/20/2021,GSN,MP,AWP,WE,Federal Contract Tower,0,0,11,0,11,0,50,28,1,79,0,50,39,1,90,0,0,0,90
04/21/2021,GSN,MP,AWP,WE,Federal Contract Tower,0,0,12,1,13,0,48,14,1,63,0,48,26,2,76,0,0,0,76
04/22/2021,GSN,MP,AWP,WE,Federal Contract Tower,2,4,0,0,6,0,64,17,0,81,2,68,17,0,87,0,0,0,87
04/23/2021,GSN,MP,AWP,WE,Federal Contract Tower,2,5,0,0,7,0,75,19,2,96,2,80,19,2,103,4,0,4,107
04/24/2021,GSN,MP,AWP,WE,Federal Contract Tower,2,0,6,0,8,0,50,26,0,76,2,50,32,0,84,0,0,0,84
04/25/2021,GSN,MP,AWP,WE,Federal Contract Tower,0,0,0,0,0,0,44,11,0,55,0,44,11,0,55,0,0,0,55
04/26/2021,GSN,MP,AWP,WE,Federal Contract Tower,2,0,16,0,18,0,40,5,0,45,2,40,21,0,63,0,0,0,63
04/27/2021,GSN,MP,AWP,WE,Federal Contract Tower,2,0,11,0,13,0,35,25,0,60,2,35,36,0,73,0,0,0,73
04/28/2021,GSN,MP,AWP,WE,Federal Contract Tower,0,0,12,0,12,0,56,10,0,66,0,56,22,0,78,0,0,0,78
04/29/2021,GSN,MP,AWP,WE,Federal Contract Tower,2,6,0,0,8,0,47,13,0,60,2,53,13,0,68,10,0,10,78
04/30/2021,GSN,MP,AWP,WE,Federal Contract Tower,2,13,0,0,15,0,92,42,2,136,2,105,42,2,151,0,0,0,151
05/01/2021,GSN,MP,AWP,WE,Federal Contract Tower,4,2,0,0,6,0,58,23,0,81,4,60,23,0,87,2,0,2,89
05/02/2021,GSN,MP,AWP,WE,Federal Contract Tower,0,0,0,0,0,0,75,36,0,111,0,75,36,0,111,0,0,0,111
05/03/2021,GSN,MP,AWP,WE,Federal Contract Tower,2,0,7,0,9,0,55,40,0,95,2,55,47,0,104,0,0,0,104
05/04/2021,GSN,MP,AWP,WE,Federal Contract Tower,2,0,11,0,13,0,39,16,0,55,2,39,27,0,68,0,0,0,68
05/05/2021,GSN,MP,AWP,WE,Federal Contract Tower,0,2,8,0,10,0,41,16,0,57,0,43,24,0,67,0,0,0,67
05/06/2021,GSN,MP,AWP,WE,Federal Contract Tower,2,0,6,0,8,0,53,19,0,72,2,53,25,0,80,2,0,2,82
05/07/2021,GSN,MP,AWP,WE,Federal Contract Tower,2,0,7,0,9,0,86,25,0,111,2,86,32,0,120,0,0,0,120
05/08/2021,GSN,MP,AWP,WE,Federal Contract Tower,2,4,0,2,8,0,61,21,0,82,2,65,21,2,90,0,0,0,90
05/09/2021,GSN,MP,AWP,WE,Federal Contract Tower,0,0,0,0,0,0,48,28,0,76,0,48,28,0,76,0,0,0,76
05/10/2021,GSN,MP,AWP,WE,Federal Contract Tower,2,0,12,2,16,0,54,18,2,74,2,54,30,4,90,0,0,0,90
05/11/2021,GSN,MP,AWP,WE,Federal Contract Tower,0,0,9,0,9,0,55,22,0,77,0,55,31,0,86,0,0,0,86
05/12/2021,GSN,MP,AWP,WE,Federal Contract Tower,0,0,8,0,8,0,22,58,0,80,0,22,66,0,88,0,0,0,88
05/13/2021,GSN,MP,AWP,WE,Federal Contract Tower,2,3,0,0,5,0,42,14,0,56,2,45,14,0,61,0,0,0,61
05/14/2021,GSN,MP,AWP,WE,Federal Contract Tower,2,7,0,0,9,0,70,26,0,96,2,77,26,0,105,0,0,0,105
05/15/2021,GSN,MP,AWP,WE,Federal Contract Tower,2,10,1,0,13,0,53,14,0,67,2,63,15,0,80,0,0,0,80
05/16/2021,GSN,MP,AWP,WE,Federal Contract Tower,0,0,0,0,0,0,43,10,0,53,0,43,10,0,53,0,0,0,53
05/17/2021,GSN,MP,AWP,WE,Federal Contract Tower,2,0,11,2,15,0,39,25,0,64,2,39,36,2,79,0,0,0,79
05/18/2021,GSN,MP,AWP,WE,Federal Contract Tower,0,0,4,0,4,0,35,28,0,63,0,35,32,0,67,0,0,0,67
05/19/2021,GSN,MP,AWP,WE,Federal Contract Tower,0,0,6,0,6,0,53,24,0,77,0,53,30,0,83,0,0,0,83
05/20/2021,GSN,MP,AWP,WE,Federal Contract Tower,2,5,0,0,7,0,57,23,0,80,2,62,23,0,87,0,0,0,87
05/21/2021,GSN,MP,AWP,WE,Federal Contract Tower,2,7,0,0,9,0,64,22,0,86,2,71,22,0,95,0,0,0,95
05/22/2021,GSN,MP,AWP,WE,Federal Contract Tower,2,3,0,0,5,0,49,37,0,86,2,52,37,0,91,0,0,0,91
05/23/2021,GSN,MP,AWP,WE,Federal Contract Tower,0,0,0,0,0,0,37,15,0,52,0,37,15,0,52,0,0,0,52
05/24/2021,GSN,MP,AWP,WE,Federal Contract Tower,2,0,8,0,10,0,45,32,0,77,2,45,40,0,87,0,0,0,87
05/25/2021,GSN,MP,AWP,WE,Federal Contract Tower,2,6,6,0,14,0,37,16,2,55,2,43,22,2,69,0,0,0,69
05/26/2021,GSN,MP,AWP,WE,Federal Contract Tower,0,1,4,2,7,0,51,13,0,64,0,52,17,2,71,0,0,0,71
05/27/2021,GSN,MP,AWP,WE,Federal Contract Tower,2,0,4,4,10,0,53,11,2,66,2,53,15,6,76,0,0,0,76
05/28/2021,GSN,MP,AWP,WE,Federal Contract Tower,2,4,0,0,6,0,63,11,0,74,2,67,11,0,80,0,0,0,80
05/29/2021,GSN,MP,AWP,WE,Federal Contract Tower,2,3,0,0,5,0,56,22,0,78,2,59,22,0,83,0,0,0,83
05/30/2021,GSN,MP,AWP,WE,Federal Contract Tower,0,0,0,0,0,0,40,10,0,50,0,40,10,0,50,2,0,2,52
05/31/2021,GSN,MP,AWP,WE,Federal Contract Tower,2,1,8,6,17,0,49,18,2,69,2,50,26,8,86,0,0,0,86
06/01/2021,GSN,MP,AWP,WE,Federal Contract Tower,0,1,3,8,12,0,46,17,6,69,0,47,20,14,81,0,0,0,81
06/02/2021,GSN,MP,AWP,WE,Federal Contract Tower,0,0,7,0,7,0,39,17,0,56,0,39,24,0,63,0,0,0,63
06/03/2021,GSN,MP,AWP,WE,Federal Contract Tower,2,0,4,0,6,0,38,14,0,52,2,38,18,0,58,0,0,0,58
06/04/2021,GSN,MP,AWP,WE,Federal Contract Tower,2,1,3,0,6,0,60,20,0,80,2,61,23,0,86,0,0,0,86
06/05/2021,GSN,MP,AWP,WE,Federal Contract Tower,0,4,2,0,6,0,54,27,0,81,0,58,29,0,87,0,0,0,87
06/06/2021,GSN,MP,AWP,WE,Federal Contract Tower,0,0,0,0,0,0,42,17,0,59,0,42,17,0,59,0,0,0,59
06/07/2021,GSN,MP,AWP,WE,Federal Contract Tower,2,0,8,2,12,0,41,10,0,51,2,41,18,2,63,0,0,0,63
06/08/2021,GSN,MP,AWP,WE,Federal Contract Tower,2,0,3,2,7,0,42,18,0,60,2,42,21,2,67,0,0,0,67
06/09/2021,GSN,MP,AWP,WE,Federal Contract Tower,0,0,6,0,6,0,43,15,0,58,0,43,21,0,64,0,0,0,64
06/10/2021,GSN,MP,AWP,WE,Federal Contract Tower,2,0,4,0,6,0,41,15,0,56,2,41,19,0,62,0,0,0,62
06/11/2021,GSN,MP,AWP,WE,Federal Contract Tower,2,0,5,0,7,0,57,31,0,88,2,57,36,0,95,0,0,0,95
06/12/2021,GSN,MP,AWP,WE,Federal Contract Tower,2,4,0,0,6,0,44,15,0,59,2,48,15,0,65,0,0,0,65
06/13/2021,GSN,MP,AWP,WE,Federal Contract Tower,0,0,0,0,0,0,51,13,0,64,0,51,13,0,64,0,0,0,64
06/14/2021,GSN,MP,AWP,WE,Federal Contract Tower,0,2,9,0,11,0,45,17,0,62,0,47,26,0,73,0,0,0,73
06/15/2021,GSN,MP,AWP,WE,Federal Contract Tower,0,2,4,0,6,0,38,19,0,57,0,40,23,0,63,6,0,6,69
06/16/2021,GSN,MP,AWP,WE,Federal Contract Tower,0,0,6,0,6,0,51,19,0,70,0,51,25,0,76,0,0,0,76
06/17/2021,GSN,MP,AWP,WE,Federal Contract Tower,2,0,4,0,6,0,51,24,0,75,2,51,28,0,81,0,0,0,81
06/18/2021,GSN,MP,AWP,WE,Federal Contract Tower,2,0,6,0,8,0,74,33,0,107,2,74,39,0,115,0,0,0,115
06/19/2021,GSN,MP,AWP,WE,Federal Contract Tower,2,4,0,0,6,0,54,15,0,69,2,58,15,0,75,0,0,0,75
06/20/2021,GSN,MP,AWP,WE,Federal Contract Tower,0,2,0,0,2,0,60,26,0,86,0,62,26,0,88,0,0,0,88
06/21/2021,GSN,MP,AWP,WE,Federal Contract Tower,2,0,6,0,8,0,62,25,0,87,2,62,31,0,95,8,0,8,103
06/22/2021,GSN,MP,AWP,WE,Federal Contract Tower,0,9,7,0,16,0,29,6,0,35,0,38,13,0,51,0,0,0,51
06/23/2021,GSN,MP,AWP,WE,Federal Contract Tower,0,0,4,2,6,0,60,14,0,74,0,60,18,2,80,0,0,0,80
06/24/2021,GSN,MP,AWP,WE,Federal Contract Tower,2,0,2,0,4,0,59,27,0,86,2,59,29,0,90,0,0,0,90
06/25/2021,GSN,MP,AWP,WE,Federal Contract Tower,2,2,3,0,7,0,72,19,0,91,2,74,22,0,98,0,0,0,98
06/26/2021,GSN,MP,AWP,WE,Federal Contract Tower,2,10,0,0,12,0,65,15,4,84,2,75,15,4,96,0,0,0,96
06/27/2021,GSN,MP,AWP,WE,Federal Contract Tower,0,0,0,0,0,0,46,5,0,51,0,46,5,0,51,0,0,0,51
06/28/2021,GSN,MP,AWP,WE,Federal Contract Tower,3,0,10,0,13,0,55,12,0,67,3,55,22,0,80,0,0,0,80
06/29/2021,GSN,MP,AWP,WE,Federal Contract Tower,0,0,6,0,6,0,40,16,0,56,0,40,22,0,62,0,0,0,62
06/30/2021,GSN,MP,AWP,WE,Federal Contract Tower,0,0,2,2,4,0,44,25,4,73,0,44,27,6,77,0,0,0,77
07/01/2021,GSN,MP,AWP,WE,Federal Contract Tower,0,0,4,0,4,0,58,11,0,69,0,58,15,0,73,0,0,0,73
07/02/2021,GSN,MP,AWP,WE,Federal Contract Tower,2,0,7,0,9,0,85,11,0,96,2,85,18,0,105,0,0,0,105
07/03/2021,GSN,MP,AWP,WE,Federal Contract Tower,2,0,1,0,3,0,48,18,0,66,2,48,19,0,69,0,0,0,69
07/04/2021,GSN,MP,AWP,WE,Federal Contract Tower,2,6,0,0,8,0,45,8,0,53,2,51,8,0,61,0,0,0,61
07/05/2021,GSN,MP,AWP,WE,Federal Contract Tower,2,4,0,0,6,0,60,10,0,70,2,64,10,0,76,0,0,0,76
07/06/2021,GSN,MP,AWP,WE,Federal Contract Tower,0,0,0,0,0,0,70,12,0,82,0,70,12,0,82,0,0,0,82
07/07/2021,GSN,MP,AWP,WE,Federal Contract Tower,2,4,3,0,9,0,56,19,0,75,2,60,22,0,84,0,0,0,84
07/08/2021,GSN,MP,AWP,WE,Federal Contract Tower,0,0,2,0,2,0,72,17,0,89,0,72,19,0,91,0,0,0,91
07/09/2021,GSN,MP,AWP,WE,Federal Contract Tower,2,0,4,0,6,0,82,21,0,103,2,82,25,0,109,0,0,0,109
07/10/2021,GSN,MP,AWP,WE,Federal Contract Tower,2,0,4,0,6,0,48,8,0,56,2,48,12,0,62,0,0,0,62
07/11/2021,GSN,MP,AWP,WE,Federal Contract Tower,2,0,0,0,2,0,56,27,0,83,2,56,27,0,85,0,0,0,85
07/12/2021,GSN,MP,AWP,WE,Federal Contract Tower,2,6,0,0,8,0,57,18,0,75,2,63,18,0,83,0,0,0,83
07/13/2021,GSN,MP,AWP,WE,Federal Contract Tower,0,1,6,1,8,0,59,35,1,95,0,60,41,2,103,0,0,0,103
07/14/2021,GSN,MP,AWP,WE,Federal Contract Tower,2,3,6,0,11,0,53,16,0,69,2,56,22,0,80,0,0,0,80
07/15/2021,GSN,MP,AWP,WE,Federal Contract Tower,0,4,5,0,9,0,62,18,0,80,0,66,23,0,89,0,0,0,89
07/16/2021,GSN,MP,AWP,WE,Federal Contract Tower,2,0,3,0,5,0,75,18,0,93,2,75,21,0,98,0,0,0,98
07/17/2021,GSN,MP,AWP,WE,Federal Contract Tower,4,0,2,0,6,0,62,9,0,71,4,62,11,0,77,0,0,0,77
07/18/2021,GSN,MP,AWP,WE,Federal Contract Tower,2,0,0,0,2,0,69,17,4,90,2,69,17,4,92,0,0,0,92
07/19/2021,GSN,MP,AWP,WE,Federal Contract Tower,2,6,2,0,10,0,53,10,0,63,2,59,12,0,73,0,0,0,73
07/20/2021,GSN,MP,AWP,WE,Federal Contract Tower,0,7,6,0,13,0,29,7,0,36,0,36,13,0,49,0,0,0,49
07/21/2021,GSN,MP,AWP,WE,Federal Contract Tower,2,3,8,0,13,0,46,10,0,56,2,49,18,0,69,0,0,0,69
07/22/2021,GSN,MP,AWP,WE,Federal Contract Tower,0,1,1,0,2,0,46,15,0,61,0,47,16,0,63,0,0,0,63
07/23/2021,GSN,MP,AWP,WE,Federal Contract Tower,2,1,6,0,9,0,84,25,0,109,2,85,31,0,118,0,0,0,118
07/24/2021,GSN,MP,AWP,WE,Federal Contract Tower,6,0,5,0,11,0,49,6,0,55,6,49,11,0,66,0,0,0,66
07/25/2021,GSN,MP,AWP,WE,Federal Contract Tower,2,0,0,0,2,0,56,8,0,64,2,56,8,0,66,0,0,0,66
07/26/2021,GSN,MP,AWP,WE,Federal Contract Tower,2,6,0,1,9,0,58,4,3,65,2,64,4,4,74,0,0,0,74
07/27/2021,GSN,MP,AWP,WE,Federal Contract Tower,0,0,4,0,4,0,55,22,2,79,0,55,26,2,83,0,0,0,83
07/28/2021,GSN,MP,AWP,WE,Federal Contract Tower,2,0,4,0,6,0,52,22,0,74,2,52,26,0,80,0,0,0,80
07/29/2021,GSN,MP,AWP,WE,Federal Contract Tower,2,2,0,1,5,0,52,13,0,65,2,54,13,1,70,0,0,0,70
07/30/2021,GSN,MP,AWP,WE,Federal Contract Tower,2,0,4,0,6,0,71,28,0,99,2,71,32,0,105,0,0,0,105
07/31/2021,GSN,MP,AWP,WE,Federal Contract Tower,6,0,2,0,8,0,59,15,2,76,6,59,17,2,84,0,0,0,84
08/01/2021,GSN,MP,AWP,WE,Federal Contract Tower,2,0,0,0,2,0,62,13,2,77,2,62,13,2,79,0,0,0,79
08/02/2021,GSN,MP,AWP,WE,Federal Contract Tower,2,7,0,0,9,0,58,15,10,83,2,65,15,10,92,0,0,0,92
08/03/2021,GSN,MP,AWP,WE,Federal Contract Tower,2,3,0,1,6,0,56,8,5,69,2,59,8,6,75,0,0,0,75
08/04/2021,GSN,MP,AWP,WE,Federal Contract Tower,2,0,6,0,8,0,61,7,0,68,2,61,13,0,76,0,0,0,76
08/05/2021,GSN,MP,AWP,WE,Federal Contract Tower,4,0,4,0,8,0,54,12,0,66,4,54,16,0,74,0,0,0,74
08/06/2021,GSN,MP,AWP,WE,Federal Contract Tower,2,0,4,0,6,0,58,14,0,72,2,58,18,0,78,0,0,0,78
08/07/2021,GSN,MP,AWP,WE,Federal Contract Tower,6,1,4,0,11,0,56,9,0,65,6,57,13,0,76,0,0,0,76
08/08/2021,GSN,MP,AWP,WE,Federal Contract Tower,2,0,0,0,2,0,39,7,0,46,2,39,7,0,48,0,0,0,48
08/09/2021,GSN,MP,AWP,WE,Federal Contract Tower,2,6,0,0,8,0,60,15,0,75,2,66,15,0,83,0,2,2,85
08/10/2021,GSN,MP,AWP,WE,Federal Contract Tower,2,4,0,2,8,0,75,7,0,82,2,79,7,2,90,2,0,2,92
08/11/2021,GSN,MP,AWP,WE,Federal Contract Tower,2,2,8,2,14,0,53,16,2,71,2,55,24,4,85,2,0,2,87
08/12/2021,GSN,MP,AWP,WE,Federal Contract Tower,4,0,3,2,9,0,67,17,0,84,4,67,20,2,93,0,0,0,93
08/13/2021,GSN,MP,AWP,WE,Federal Contract Tower,2,0,4,2,8,0,110,32,0,142,2,110,36,2,150,0,0,0,150
08/14/2021,GSN,MP,AWP,WE,Federal Contract Tower,6,0,4,0,10,0,89,12,0,101,6,89,16,0,111,0,0,0,111
08/15/2021,GSN,MP,AWP,WE,Federal Contract Tower,2,3,0,0,5,0,91,26,0,117,2,94,26,0,122,0,0,0,122
08/16/2021,GSN,MP,AWP,WE,Federal Contract Tower,2,10,0,0,12,0,68,8,0,76,2,78,8,0,88,0,0,0,88
08/17/2021,GSN,MP,AWP,WE,Federal Contract Tower,2,9,0,0,11,0,36,6,0,42,2,45,6,0,53,0,0,0,53
08/18/2021,GSN,MP,AWP,WE,Federal Contract Tower,2,4,13,0,19,0,56,25,0,81,2,60,38,0,100,0,0,0,100
08/19/2021,GSN,MP,AWP,WE,Federal Contract Tower,4,1,1,0,6,0,52,14,0,66,4,53,15,0,72,0,0,0,72
08/20/2021,GSN,MP,AWP,WE,Federal Contract Tower,2,0,3,4,9,0,61,19,0,80,2,61,22,4,89,0,0,0,89
08/21/2021,GSN,MP,AWP,WE,Federal Contract Tower,6,3,3,0,12,0,41,17,0,58,6,44,20,0,70,0,0,0,70
08/22/2021,GSN,MP,AWP,WE,Federal Contract Tower,2,0,0,0,2,0,44,9,0,53,2,44,9,0,55,0,0,0,55
08/23/2021,GSN,MP,AWP,WE,Federal Contract Tower,2,8,0,0,10,0,43,15,0,58,2,51,15,0,68,0,4,4,72
08/24/2021,GSN,MP,AWP,WE,Federal Contract Tower,2,4,0,2,8,0,38,12,2,52,2,42,12,4,60,0,0,0,60
08/25/2021,GSN,MP,AWP,WE,Federal Contract Tower,2,1,0,0,3,0,41,22,0,63,2,42,22,0,66,0,0,0,66
08/26/2021,GSN,MP,AWP,WE,Federal Contract Tower,4,7,5,0,16,0,49,7,0,56,4,56,12,0,72,0,0,0,72
08/27/2021,GSN,MP,AWP,WE,Federal Contract Tower,2,1,4,0,7,0,63,14,0,77,2,64,18,0,84,0,0,0,84
08/28/2021,GSN,MP,AWP,WE,Federal Contract Tower,6,2,0,0,8,0,58,19,0,77,6,60,19,0,85,0,0,0,85
08/29/2021,GSN,MP,AWP,WE,Federal Contract Tower,2,1,0,0,3,0,45,18,0,63,2,46,18,0,66,0,0,0,66
08/30/2021,GSN,MP,AWP,WE,Federal Contract Tower,2,3,10,0,15,0,44,15,0,59,2,47,25,0,74,0,0,0,74
08/31/2021,GSN,MP,AWP,WE,Federal Contract Tower,2,4,0,0,6,0,45,12,0,57,2,49,12,0,63,4,0,4,67
09/01/2021,GSN,MP,AWP,WE,Federal Contract Tower,2,6,0,0,8,0,56,9,0,65,2,62,9,0,73,0,0,0,73
09/02/2021,GSN,MP,AWP,WE,Federal Contract Tower,4,1,4,0,9,0,38,19,0,57,4,39,23,0,66,0,0,0,66
09/03/2021,GSN,MP,AWP,WE,Federal Contract Tower,2,2,8,0,12,0,74,21,0,95,2,76,29,0,107,0,0,0,107
09/04/2021,GSN,MP,AWP,WE,Federal Contract Tower,6,2,2,0,10,0,72,18,0,90,6,74,20,0,100,0,0,0,100
09/05/2021,GSN,MP,AWP,WE,Federal Contract Tower,2,0,0,0,2,0,55,20,0,75,2,55,20,0,77,0,0,0,77
09/06/2021,GSN,MP,AWP,WE,Federal Contract Tower,2,0,7,0,9,0,57,20,0,77,2,57,27,0,86,0,0,0,86
09/07/2021,GSN,MP,AWP,WE,Federal Contract Tower,2,6,0,0,8,0,53,15,0,68,2,59,15,0,76,0,0,0,76
09/08/2021,GSN,MP,AWP,WE,Federal Contract Tower,2,6,0,0,8,0,62,13,0,75,2,68,13,0,83,0,0,0,83
09/09/2021,GSN,MP,AWP,WE,Federal Contract Tower,4,0,6,0,10,0,68,23,0,91,4,68,29,0,101,0,0,0,101
09/10/2021,GSN,MP,AWP,WE,Federal Contract Tower,2,0,6,0,8,0,75,16,0,91,2,75,22,0,99,0,0,0,99
09/11/2021,GSN,MP,AWP,WE,Federal Contract Tower,6,0,2,0,8,0,48,12,0,60,6,48,14,0,68,0,0,0,68
09/12/2021,GSN,MP,AWP,WE,Federal Contract Tower,2,0,0,0,2,0,44,13,0,57,2,44,13,0,59,0,0,0,59
09/13/2021,GSN,MP,AWP,WE,Federal Contract Tower,2,1,10,0,13,0,52,5,0,57,2,53,15,0,70,0,0,0,70
09/14/2021,GSN,MP,AWP,WE,Federal Contract Tower,2,9,0,0,11,0,44,12,0,56,2,53,12,0,67,0,0,0,67
09/15/2021,GSN,MP,AWP,WE,Federal Contract Tower,2,12,0,0,14,0,50,15,0,65,2,62,15,0,79,0,0,0,79
09/16/2021,GSN,MP,AWP,WE,Federal Contract Tower,4,1,2,0,7,0,43,26,0,69,4,44,28,0,76,0,0,0,76
09/17/2021,GSN,MP,AWP,WE,Federal Contract Tower,2,0,3,0,5,0,94,27,0,121,2,94,30,0,126,0,0,0,126
09/18/2021,GSN,MP,AWP,WE,Federal Contract Tower,6,0,2,0,8,0,58,13,0,71,6,58,15,0,79,0,0,0,79
09/19/2021,GSN,MP,AWP,WE,Federal Contract Tower,2,1,0,0,3,0,50,17,0,67,2,51,17,0,70,0,0,0,70
09/20/2021,GSN,MP,AWP,WE,Federal Contract Tower,2,1,8,0,11,0,57,6,0,63,2,58,14,0,74,18,0,18,92
09/21/2021,GSN,MP,AWP,WE,Federal Contract Tower,2,6,0,0,8,0,62,15,0,77,2,68,15,0,85,0,0,0,85
09/22/2021,GSN,MP,AWP,WE,Federal Contract Tower,2,9,0,0,11,0,62,17,0,79,2,71,17,0,90,0,0,0,90
09/23/2021,GSN,MP,AWP,WE,Federal Contract Tower,2,4,8,0,14,0,13,1,0,14,2,17,9,0,28,0,0,0,28
09/24/2021,GSN,MP,AWP,WE,Federal Contract Tower,4,1,5,0,10,0,87,24,0,111,4,88,29,0,121,0,0,0,121
09/25/2021,GSN,MP,AWP,WE,Federal Contract Tower,6,5,6,0,17,0,50,10,0,60,6,55,16,0,77,0,0,0,77
09/26/2021,GSN,MP,AWP,WE,Federal Contract Tower,2,7,0,0,9,0,40,9,0,49,2,47,9,0,58,0,0,0,58
09/27/2021,GSN,MP,AWP,WE,Federal Contract Tower,2,1,12,0,15,0,56,13,0,69,2,57,25,0,84,0,0,0,84
09/28/2021,GSN,MP,AWP,WE,Federal Contract Tower,2,7,0,0,9,0,53,3,0,56,2,60,3,0,65,0,0,0,65
09/29/2021,GSN,MP,AWP,WE,Federal Contract Tower,2,15,0,0,17,0,44,9,0,53,2,59,9,0,70,0,0,0,70
09/30/2021,GSN,MP,AWP,WE,Federal Contract Tower,4,0,4,0,8,0,65,16,0,81,4,65,20,0,89,0,0,0,89
10/02/2021,GSN,MP,AWP,WE,Federal Contract Tower,6,1,0,0,7,0,66,16,3,85,6,67,16,3,92,0,0,0,92
10/03/2021,GSN,MP,AWP,WE,Federal Contract Tower,2,6,0,0,8,0,46,9,0,55,2,52,9,0,63,0,0,0,63
10/04/2021,GSN,MP,AWP,WE,Federal Contract Tower,2,7,10,0,19,0,44,18,0,62,2,51,28,0,81,0,0,0,81
10/05/2021,GSN,MP,AWP,WE,Federal Contract Tower,2,1,7,1,11,0,43,12,0,55,2,44,19,1,66,0,0,0,66
10/06/2021,GSN,MP,AWP,WE,Federal Contract Tower,2,8,0,0,10,0,68,40,0,108,2,76,40,0,118,0,0,0,118
10/07/2021,GSN,MP,AWP,WE,Federal Contract Tower,4,14,0,0,18,0,48,14,0,62,4,62,14,0,80,0,0,0,80
10/08/2021,GSN,MP,AWP,WE,Federal Contract Tower,2,19,0,0,21,0,143,32,0,175,2,162,32,0,196,0,0,0,196
10/09/2021,GSN,MP,AWP,WE,Federal Contract Tower,6,0,6,0,12,0,66,15,0,81,6,66,21,0,93,0,0,0,93
10/10/2021,GSN,MP,AWP,WE,Federal Contract Tower,2,6,0,0,8,0,40,16,0,56,2,46,16,0,64,0,0,0,64
10/11/2021,GSN,MP,AWP,WE,Federal Contract Tower,2,2,9,0,13,0,68,15,0,83,2,70,24,0,96,0,0,0,96
10/12/2021,GSN,MP,AWP,WE,Federal Contract Tower,2,8,11,0,21,0,43,13,0,56,2,51,24,0,77,0,0,0,77
10/13/2021,GSN,MP,AWP,WE,Federal Contract Tower,2,10,0,0,12,0,84,37,0,121,2,94,37,0,133,0,0,0,133
10/14/2021,GSN,MP,AWP,WE,Federal Contract Tower,4,7,0,0,11,0,59,12,0,71,4,66,12,0,82,2,0,2,84
10/15/2021,GSN,MP,AWP,WE,Federal Contract Tower,2,7,0,0,9,0,137,38,0,175,2,144,38,0,184,0,0,0,184
10/16/2021,GSN,MP,AWP,WE,Federal Contract Tower,6,1,4,0,11,0,66,19,0,85,6,67,23,0,96,0,0,0,96
10/17/2021,GSN,MP,AWP,WE,Federal Contract Tower,2,0,0,0,2,0,56,11,0,67,2,56,11,0,69,0,0,0,69
10/18/2021,GSN,MP,AWP,WE,Federal Contract Tower,2,0,5,0,7,0,47,13,0,60,2,47,18,0,67,0,0,0,67
10/19/2021,GSN,MP,AWP,WE,Federal Contract Tower,2,7,9,1,19,0,44,16,1,61,2,51,25,2,80,0,0,0,80
10/20/2021,GSN,MP,AWP,WE,Federal Contract Tower,2,14,0,0,16,0,78,40,0,118,2,92,40,0,134,0,0,0,134
10/21/2021,GSN,MP,AWP,WE,Federal Contract Tower,4,10,0,0,14,0,65,7,0,72,4,75,7,0,86,0,0,0,86
10/22/2021,GSN,MP,AWP,WE,Federal Contract Tower,2,12,0,0,14,0,152,50,0,202,2,164,50,0,216,2,0,2,218
10/23/2021,GSN,MP,AWP,WE,Federal Contract Tower,6,0,6,0,12,0,57,16,0,73,6,57,22,0,85,0,0,0,85
10/24/2021,GSN,MP,AWP,WE,Federal Contract Tower,2,4,0,0,6,0,68,16,0,84,2,72,16,0,90,0,0,0,90
10/25/2021,GSN,MP,AWP,WE,Federal Contract Tower,4,8,0,0,12,0,57,22,0,79,4,65,22,0,91,0,0,0,91
10/26/2021,GSN,MP,AWP,WE,Federal Contract Tower,2,4,10,0,16,0,53,15,0,68,2,57,25,0,84,0,0,0,84
10/27/2021,GSN,MP,AWP,WE,Federal Contract Tower,2,9,0,0,11,0,84,45,0,129,2,93,45,0,140,0,0,0,140
10/28/2021,GSN,MP,AWP,WE,Federal Contract Tower,4,6,0,0,10,0,63,7,2,72,4,69,7,2,82,2,0,2,84
10/29/2021,GSN,MP,AWP,WE,Federal Contract Tower,2,10,0,0,12,0,117,38,4,159,2,127,38,4,171,0,0,0,171
10/30/2021,GSN,MP,AWP,WE,Federal Contract Tower,6,0,2,0,8,0,49,16,0,65,6,49,18,0,73,4,0,4,77
10/31/2021,GSN,MP,AWP,WE,Federal Contract Tower,2,0,0,0,2,0,40,4,0,44,2,40,4,0,46,0,0,0,46
11/01/2021,GSN,MP,AWP,WE,Federal Contract Tower,2,1,10,0,13,0,44,13,0,57,2,45,23,0,70,0,0,0,70
11/02/2021,GSN,MP,AWP,WE,Federal Contract Tower,2,6,7,0,15,0,44,9,0,53,2,50,16,0,68,0,0,0,68
11/03/2021,GSN,MP,AWP,WE,Federal Contract Tower,2,4,12,0,18,0,78,31,0,109,2,82,43,0,127,0,0,0,127
11/04/2021,GSN,MP,AWP,WE,Federal Contract Tower,4,0,4,0,8,0,48,12,0,60,4,48,16,0,68,0,0,0,68
11/05/2021,GSN,MP,AWP,WE,Federal Contract Tower,2,8,0,0,10,0,137,52,0,189,2,145,52,0,199,2,0,2,201
11/06/2021,GSN,MP,AWP,WE,Federal Contract Tower,6,6,2,0,14,0,52,10,0,62,6,58,12,0,76,0,0,0,76
11/07/2021,GSN,MP,AWP,WE,Federal Contract Tower,2,0,0,0,2,0,49,13,0,62,2,49,13,0,64,0,0,0,64
11/08/2021,GSN,MP,AWP,WE,Federal Contract Tower,2,0,9,0,11,0,54,12,0,66,2,54,21,0,77,0,0,0,77
11/09/2021,GSN,MP,AWP,WE,Federal Contract Tower,2,1,9,0,12,0,54,13,6,73,2,55,22,6,85,0,0,0,85
11/10/2021,GSN,MP,AWP,WE,Federal Contract Tower,2,0,8,0,10,0,82,38,0,120,2,82,46,0,130,0,0,0,130
11/11/2021,GSN,MP,AWP,WE,Federal Contract Tower,4,4,0,0,8,0,40,12,0,52,4,44,12,0,60,0,0,0,60
11/12/2021,GSN,MP,AWP,WE,Federal Contract Tower,4,10,0,0,14,0,65,11,0,76,4,75,11,0,90,0,0,0,90
11/14/2021,GSN,MP,AWP,WE,Federal Contract Tower,2,0,0,0,2,0,45,7,0,52,2,45,7,0,54,0,0,0,54
11/15/2021,GSN,MP,AWP,WE,Federal Contract Tower,2,0,8,0,10,0,48,8,0,56,2,48,16,0,66,0,0,0,66
11/16/2021,GSN,MP,AWP,WE,Federal Contract Tower,2,4,10,0,16,0,41,7,0,48,2,45,17,0,64,0,0,0,64
11/17/2021,GSN,MP,AWP,WE,Federal Contract Tower,2,0,6,0,8,0,83,36,0,119,2,83,42,0,127,0,0,0,127
11/18/2021,GSN,MP,AWP,WE,Federal Contract Tower,4,2,2,0,8,0,56,20,0,76,4,58,22,0,84,0,0,0,84
11/19/2021,GSN,MP,AWP,WE,Federal Contract Tower,4,5,0,0,9,0,139,42,0,181,4,144,42,0,190,0,0,0,190
11/20/2021,GSN,MP,AWP,WE,Federal Contract Tower,6,0,2,0,8,0,52,18,0,70,6,52,20,0,78,0,0,0,78
11/21/2021,GSN,MP,AWP,WE,Federal Contract Tower,2,0,0,0,2,0,41,12,0,53,2,41,12,0,55,0,0,0,55
11/22/2021,GSN,MP,AWP,WE,Federal Contract Tower,2,0,9,0,11,0,55,9,0,64,2,55,18,0,75,0,0,0,75
11/23/2021,GSN,MP,AWP,WE,Federal Contract Tower,2,0,3,0,5,0,51,18,0,69,2,51,21,0,74,0,0,0,74
11/24/2021,GSN,MP,AWP,WE,Federal Contract Tower,2,0,9,0,11,0,123,30,0,153,2,123,39,0,164,0,0,0,164
11/25/2021,GSN,MP,AWP,WE,Federal Contract Tower,4,11,0,0,15,0,42,16,0,58,4,53,16,0,73,0,0,0,73
11/26/2021,GSN,MP,AWP,WE,Federal Contract Tower,4,8,0,0,12,0,120,51,0,171,4,128,51,0,183,0,0,0,183
11/27/2021,GSN,MP,AWP,WE,Federal Contract Tower,6,0,6,0,12,0,57,19,0,76,6,57,25,0,88,0,0,0,88
11/28/2021,GSN,MP,AWP,WE,Federal Contract Tower,2,1,2,0,5,0,45,6,0,51,2,46,8,0,56,0,0,0,56
11/29/2021,GSN,MP,AWP,WE,Federal Contract Tower,2,0,15,0,17,0,34,13,0,47,2,34,28,0,64,0,0,0,64
11/30/2021,GSN,MP,AWP,WE,Federal Contract Tower,4,0,7,0,11,0,30,11,0,41,4,30,18,0,52,0,0,0,52
12/01/2021,GSN,MP,AWP,WE,Federal Contract Tower,2,0,7,0,9,0,56,32,0,88,2,56,39,0,97,0,0,0,97
12/02/2021,GSN,MP,AWP,WE,Federal Contract Tower,6,0,5,0,11,0,10,15,0,25,6,10,20,0,36,0,0,0,36
12/03/2021,GSN,MP,AWP,WE,Federal Contract Tower,4,0,4,0,8,0,0,8,0,8,4,0,12,0,16,0,0,0,16
12/04/2021,GSN,MP,AWP,WE,Federal Contract Tower,6,0,8,0,14,0,1,1,0,2,6,1,9,0,16,0,0,0,16
12/05/2021,GSN,MP,AWP,WE,Federal Contract Tower,2,0,2,0,4,0,0,0,0,0,2,0,2,0,4,0,0,0,4
12/06/2021,GSN,MP,AWP,WE,Federal Contract Tower,2,0,10,0,12,0,0,12,0,12,2,0,22,0,24,0,0,0,24
12/07/2021,GSN,MP,AWP,WE,Federal Contract Tower,2,0,11,0,13,0,0,8,0,8,2,0,19,0,21,0,0,0,21
12/08/2021,GSN,MP,AWP,WE,Federal Contract Tower,2,0,7,0,9,0,4,2,0,6,2,4,9,0,15,0,0,0,15
12/09/2021,GSN,MP,AWP,WE,Federal Contract Tower,4,0,9,0,13,0,3,2,0,5,4,3,11,0,18,0,0,0,18
12/10/2021,GSN,MP,AWP,WE,Federal Contract Tower,4,0,8,0,12,0,52,26,0,78,4,52,34,0,90,0,0,0,90
12/11/2021,GSN,MP,AWP,WE,Federal Contract Tower,6,12,0,0,18,0,15,2,0,17,6,27,2,0,35,0,0,0,35
12/12/2021,GSN,MP,AWP,WE,Federal Contract Tower,2,0,0,0,2,0,24,8,0,32,2,24,8,0,34,0,0,0,34
12/13/2021,GSN,MP,AWP,WE,Federal Contract Tower,2,0,10,0,12,0,16,20,0,36,2,16,30,0,48,0,0,0,48
12/14/2021,GSN,MP,AWP,WE,Federal Contract Tower,2,0,10,0,12,0,39,19,0,58,2,39,29,0,70,0,0,0,70
12/15/2021,GSN,MP,AWP,WE,Federal Contract Tower,2,0,11,0,13,0,51,29,0,80,2,51,40,0,93,0,0,0,93
12/16/2021,GSN,MP,AWP,WE,Federal Contract Tower,4,0,9,0,13,0,30,18,0,48,4,30,27,0,61,0,0,0,61
12/17/2021,GSN,MP,AWP,WE,Federal Contract Tower,4,0,7,0,11,0,70,28,0,98,4,70,35,0,109,0,0,0,109
12/18/2021,GSN,MP,AWP,WE,Federal Contract Tower,6,5,0,0,11,0,24,17,0,41,6,29,17,0,52,14,0,14,66
12/19/2021,GSN,MP,AWP,WE,Federal Contract Tower,2,0,0,0,2,0,37,8,0,45,2,37,8,0,47,0,0,0,47
12/20/2021,GSN,MP,AWP,WE,Federal Contract Tower,2,0,12,0,14,0,42,28,0,70,2,42,40,0,84,0,0,0,84
12/21/2021,GSN,MP,AWP,WE,Federal Contract Tower,2,0,13,0,15,0,60,42,0,102,2,60,55,0,117,0,0,0,117
12/22/2021,GSN,MP,AWP,WE,Federal Contract Tower,2,10,0,0,12,0,54,34,0,88,2,64,34,0,100,0,0,0,100
12/23/2021,GSN,MP,AWP,WE,Federal Contract Tower,4,0,13,0,17,0,72,20,0,92,4,72,33,0,109,0,0,0,109
12/24/2021,GSN,MP,AWP,WE,Federal Contract Tower,4,0,11,0,15,0,54,27,0,81,4,54,38,0,96,0,0,0,96
12/25/2021,GSN,MP,AWP,WE,Federal Contract Tower,6,0,0,0,6,0,25,6,0,31,6,25,6,0,37,0,0,0,37
12/26/2021,GSN,MP,AWP,WE,Federal Contract Tower,2,0,0,0,2,0,32,6,0,38,2,32,6,0,40,0,0,0,40
12/27/2021,GSN,MP,AWP,WE,Federal Contract Tower,2,0,10,0,12,0,27,23,0,50,2,27,33,0,62,0,0,0,62
12/28/2021,GSN,MP,AWP,WE,Federal Contract Tower,2,0,9,0,11,0,38,25,0,63,2,38,34,0,74,0,0,0,74
12/29/2021,GSN,MP,AWP,WE,Federal Contract Tower,4,0,7,0,11,0,36,19,0,55,4,36,26,0,66,0,0,0,66
12/30/2021,GSN,MP,AWP,WE,Federal Contract Tower,4,0,9,0,13,0,62,19,0,81,4,62,28,0,94,0,0,0,94
12/31/2021,GSN,MP,AWP,WE,Federal Contract Tower,4,0,7,0,11,0,49,14,0,63,4,49,21,0,74,0,0,0,74
01/01/2022,GSN,MP,AWP,WE,Federal Contract Tower,6,3,0,2,11,0,22,9,0,31,6,25,9,2,42,0,0,0,42
01/02/2022,GSN,MP,AWP,WE,Federal Contract Tower,2,5,0,2,9,0,34,5,0,39,2,39,5,2,48,0,0,0,48
01/03/2022,GSN,MP,AWP,WE,Federal Contract Tower,2,1,16,0,19,0,35,12,0,47,2,36,28,0,66,0,0,0,66
01/04/2022,GSN,MP,AWP,WE,Federal Contract Tower,2,0,8,0,10,0,48,20,0,68,2,48,28,0,78,0,0,0,78
01/05/2022,GSN,MP,AWP,WE,Federal Contract Tower,6,0,11,0,17,0,38,11,0,49,6,38,22,0,66,0,0,0,66
01/06/2022,GSN,MP,AWP,WE,Federal Contract Tower,4,0,7,0,11,0,42,9,0,51,4,42,16,0,62,0,0,0,62
01/07/2022,GSN,MP,AWP,WE,Federal Contract Tower,4,0,9,0,13,0,50,4,0,54,4,50,13,0,67,0,0,0,67
01/08/2022,GSN,MP,AWP,WE,Federal Contract Tower,4,4,0,0,8,0,44,15,0,59,4,48,15,0,67,0,0,0,67
01/09/2022,GSN,MP,AWP,WE,Federal Contract Tower,2,0,0,0,2,0,22,11,0,33,2,22,11,0,35,0,0,0,35
01/10/2022,GSN,MP,AWP,WE,Federal Contract Tower,2,6,9,0,17,0,36,14,0,50,2,42,23,0,67,2,0,2,69
01/11/2022,GSN,MP,AWP,WE,Federal Contract Tower,2,0,8,0,10,0,33,20,0,53,2,33,28,0,63,0,0,0,63
01/12/2022,GSN,MP,AWP,WE,Federal Contract Tower,6,0,6,0,12,0,47,23,0,70,6,47,29,0,82,0,0,0,82
01/13/2022,GSN,MP,AWP,WE,Federal Contract Tower,2,0,10,0,12,0,49,23,4,76,2,49,33,4,88,0,0,0,88
01/14/2022,GSN,MP,AWP,WE,Federal Contract Tower,2,0,7,0,9,0,52,14,0,66,2,52,21,0,75,0,0,0,75
01/15/2022,GSN,MP,AWP,WE,Federal Contract Tower,4,8,0,0,12,0,43,9,0,52,4,51,9,0,64,0,0,0,64
01/16/2022,GSN,MP,AWP,WE,Federal Contract Tower,2,0,0,0,2,0,27,11,0,38,2,27,11,0,40,0,0,0,40
01/17/2022,GSN,MP,AWP,WE,Federal Contract Tower,2,6,12,0,20,0,54,7,0,61,2,60,19,0,81,2,0,2,83
01/18/2022,GSN,MP,AWP,WE,Federal Contract Tower,2,0,12,0,14,0,41,11,0,52,2,41,23,0,66,0,0,0,66
01/19/2022,GSN,MP,AWP,WE,Federal Contract Tower,6,0,7,0,13,0,59,9,0,68,6,59,16,0,81,0,0,0,81
01/20/2022,GSN,MP,AWP,WE,Federal Contract Tower,4,10,0,0,14,0,40,10,0,50,4,50,10,0,64,0,0,0,64
01/21/2022,GSN,MP,AWP,WE,Federal Contract Tower,4,0,11,0,15,0,74,18,0,92,4,74,29,0,107,0,0,0,107
01/22/2022,GSN,MP,AWP,WE,Federal Contract Tower,4,6,0,0,10,0,39,7,0,46,4,45,7,0,56,0,0,0,56
01/23/2022,GSN,MP,AWP,WE,Federal Contract Tower,4,1,0,0,5,0,36,2,0,38,4,37,2,0,43,0,0,0,43
01/24/2022,GSN,MP,AWP,WE,Federal Contract Tower,2,6,9,0,17,0,29,13,0,42,2,35,22,0,59,0,0,0,59
01/25/2022,GSN,MP,AWP,WE,Federal Contract Tower,2,0,9,0,11,0,36,21,0,57,2,36,30,0,68,0,0,0,68
01/26/2022,GSN,MP,AWP,WE,Federal Contract Tower,4,0,7,0,11,0,45,16,0,61,4,45,23,0,72,0,0,0,72
01/27/2022,GSN,MP,AWP,WE,Federal Contract Tower,2,0,7,0,9,0,44,15,0,59,2,44,22,0,68,0,0,0,68
01/28/2022,GSN,MP,AWP,WE,Federal Contract Tower,2,11,0,0,13,0,0,0,0,0,2,11,0,0,13,0,0,0,13
01/29/2022,GSN,MP,AWP,WE,Federal Contract Tower,8,0,4,0,12,0,55,13,0,68,8,55,17,0,80,0,0,0,80
01/30/2022,GSN,MP,AWP,WE,Federal Contract Tower,4,0,0,0,4,0,37,12,0,49,4,37,12,0,53,0,0,0,53
01/31/2022,GSN,MP,AWP,WE,Federal Contract Tower,2,7,0,0,9,0,50,15,2,67,2,57,15,2,76,0,0,0,76
02/01/2022,GSN,MP,AWP,WE,Federal Contract Tower,2,0,4,0,6,0,31,25,6,62,2,31,29,6,68,0,0,0,68
02/02/2022,GSN,MP,AWP,WE,Federal Contract Tower,8,0,11,0,19,0,32,21,0,53,8,32,32,0,72,0,0,0,72
02/03/2022,GSN,MP,AWP,WE,Federal Contract Tower,2,7,0,4,13,0,47,16,12,75,2,54,16,16,88,0,0,0,88
02/04/2022,GSN,MP,AWP,WE,Federal Contract Tower,2,0,5,2,9,0,63,28,1,92,2,63,33,3,101,0,0,0,101
02/05/2022,GSN,MP,AWP,WE,Federal Contract Tower,4,0,1,0,5,0,35,23,6,64,4,35,24,6,69,0,0,0,69
02/06/2022,GSN,MP,AWP,WE,Federal Contract Tower,8,0,0,0,8,0,40,7,6,53,8,40,7,6,61,4,0,4,65
02/07/2022,GSN,MP,AWP,WE,Federal Contract Tower,2,3,0,0,5,0,53,7,5,65,2,56,7,5,70,0,0,0,70
02/08/2022,GSN,MP,AWP,WE,Federal Contract Tower,2,1,5,5,13,0,55,14,8,77,2,56,19,13,90,0,0,0,90
02/09/2022,GSN,MP,AWP,WE,Federal Contract Tower,4,0,2,1,7,0,50,33,16,99,4,50,35,17,106,0,0,0,106
02/10/2022,GSN,MP,AWP,WE,Federal Contract Tower,6,0,4,1,11,0,38,6,13,57,6,38,10,14,68,0,18,18,86
02/11/2022,GSN,MP,AWP,WE,Federal Contract Tower,2,0,4,3,9,0,45,20,5,70,2,45,24,8,79,0,0,0,79
02/12/2022,GSN,MP,AWP,WE,Federal Contract Tower,4,0,1,0,5,0,41,12,0,53,4,41,13,0,58,0,0,0,58
02/13/2022,GSN,MP,AWP,WE,Federal Contract Tower,6,0,0,0,6,0,27,5,0,32,6,27,5,0,38,0,0,0,38
02/14/2022,GSN,MP,AWP,WE,Federal Contract Tower,4,3,0,3,10,0,43,7,3,53,4,46,7,6,63,0,0,0,63
02/15/2022,GSN,MP,AWP,WE,Federal Contract Tower,2,0,4,1,7,0,40,21,4,65,2,40,25,5,72,0,0,0,72
02/16/2022,GSN,MP,AWP,WE,Federal Contract Tower,6,0,4,1,11,0,43,23,1,67,6,43,27,2,78,0,0,0,78
02/17/2022,GSN,MP,AWP,WE,Federal Contract Tower,4,0,5,1,10,0,50,8,1,59,4,50,13,2,69,0,0,0,69
02/18/2022,GSN,MP,AWP,WE,Federal Contract Tower,4,0,4,0,8,0,74,21,2,97,4,74,25,2,105,0,0,0,105
02/19/2022,GSN,MP,AWP,WE,Federal Contract Tower,4,5,0,0,9,0,56,8,0,64,4,61,8,0,73,0,0,0,73
02/20/2022,GSN,MP,AWP,WE,Federal Contract Tower,6,0,0,0,6,0,31,5,0,36,6,31,5,0,42,0,0,0,42
02/21/2022,GSN,MP,AWP,WE,Federal Contract Tower,2,6,0,0,8,0,43,9,0,52,2,49,9,0,60,0,0,0,60
02/22/2022,GSN,MP,AWP,WE,Federal Contract Tower,4,0,6,4,14,0,55,28,2,85,4,55,34,6,99,0,0,0,99
02/23/2022,GSN,MP,AWP,WE,Federal Contract Tower,4,0,8,0,12,0,58,13,0,71,4,58,21,0,83,0,0,0,83
02/24/2022,GSN,MP,AWP,WE,Federal Contract Tower,4,3,6,0,13,0,42,10,0,52,4,45,16,0,65,0,0,0,65
02/25/2022,GSN,MP,AWP,WE,Federal Contract Tower,2,0,3,0,5,0,71,27,0,98,2,71,30,0,103,0,0,0,103
02/26/2022,GSN,MP,AWP,WE,Federal Contract Tower,6,0,4,0,10,0,39,9,0,48,6,39,13,0,58,0,0,0,58
02/27/2022,GSN,MP,AWP,WE,Federal Contract Tower,6,0,0,0,6,0,44,6,0,50,6,44,6,0,56,0,0,0,56
02/28/2022,GSN,MP,AWP,WE,Federal Contract Tower,2,4,0,0,6,0,52,17,0,69,2,56,17,0,75,0,0,0,75
03/01/2022,GSN,MP,AWP,WE,Federal Contract Tower,2,7,0,0,9,0,59,12,0,71,2,66,12,0,80,0,0,0,80
03/02/2022,GSN,MP,AWP,WE,Federal Contract Tower,6,5,1,0,12,0,42,14,0,56,6,47,15,0,68,0,0,0,68
03/03/2022,GSN,MP,AWP,WE,Federal Contract Tower,4,6,2,2,14,0,53,12,0,65,4,59,14,2,79,0,0,0,79
03/04/2022,GSN,MP,AWP,WE,Federal Contract Tower,2,2,10,0,14,0,47,13,0,60,2,49,23,0,74,0,0,0,74
03/05/2022,GSN,MP,AWP,WE,Federal Contract Tower,4,1,4,0,9,0,52,16,2,70,4,53,20,2,79,0,8,8,87
03/06/2022,GSN,MP,AWP,WE,Federal Contract Tower,8,0,0,0,8,0,35,8,0,43,8,35,8,0,51,0,0,0,51
03/07/2022,GSN,MP,AWP,WE,Federal Contract Tower,2,2,0,0,4,0,39,15,0,54,2,41,15,0,58,0,0,0,58
03/08/2022,GSN,MP,AWP,WE,Federal Contract Tower,2,5,0,0,7,0,38,6,0,44,2,43,6,0,51,0,0,0,51
03/09/2022,GSN,MP,AWP,WE,Federal Contract Tower,4,0,4,0,8,0,49,13,0,62,4,49,17,0,70,0,0,0,70
03/10/2022,GSN,MP,AWP,WE,Federal Contract Tower,6,0,1,0,7,0,64,22,0,86,6,64,23,0,93,0,0,0,93
03/11/2022,GSN,MP,AWP,WE,Federal Contract Tower,2,5,7,4,18,0,79,20,4,103,2,84,27,8,121,0,0,0,121
03/12/2022,GSN,MP,AWP,WE,Federal Contract Tower,4,1,6,0,11,0,86,31,0,117,4,87,37,0,128,0,0,0,128
03/13/2022,GSN,MP,AWP,WE,Federal Contract Tower,6,0,0,0,6,0,96,39,0,135,6,96,39,0,141,0,0,0,141
03/14/2022,GSN,MP,AWP,WE,Federal Contract Tower,4,6,0,0,10,0,71,13,0,84,4,77,13,0,94,0,0,0,94
03/15/2022,GSN,MP,AWP,WE,Federal Contract Tower,2,3,0,8,13,0,66,11,0,77,2,69,11,8,90,0,0,0,90
03/16/2022,GSN,MP,AWP,WE,Federal Contract Tower,6,0,4,3,13,0,58,8,1,67,6,58,12,4,80,0,0,0,80
03/17/2022,GSN,MP,AWP,WE,Federal Contract Tower,4,0,3,4,11,0,60,15,2,77,4,60,18,6,88,0,0,0,88
03/18/2022,GSN,MP,AWP,WE,Federal Contract Tower,6,0,4,0,10,0,72,19,0,91,6,72,23,0,101,0,0,0,101
03/19/2022,GSN,MP,AWP,WE,Federal Contract Tower,6,0,1,0,7,0,49,22,0,71,6,49,23,0,78,6,0,6,84
03/20/2022,GSN,MP,AWP,WE,Federal Contract Tower,6,0,1,0,7,0,40,7,0,47,6,40,8,0,54,0,0,0,54
03/21/2022,GSN,MP,AWP,WE,Federal Contract Tower,2,2,0,0,4,0,61,12,0,73,2,63,12,0,77,0,0,0,77
03/22/2022,GSN,MP,AWP,WE,Federal Contract Tower,4,1,0,0,5,0,59,13,0,72,4,60,13,0,77,0,0,0,77
03/23/2022,GSN,MP,AWP,WE,Federal Contract Tower,6,0,4,0,10,0,54,11,4,69,6,54,15,4,79,0,0,0,79
03/24/2022,GSN,MP,AWP,WE,Federal Contract Tower,4,0,0,0,4,0,61,23,5,89,4,61,23,5,93,0,0,0,93
03/25/2022,GSN,MP,AWP,WE,Federal Contract Tower,2,0,4,0,6,0,85,17,0,102,2,85,21,0,108,0,0,0,108
03/26/2022,GSN,MP,AWP,WE,Federal Contract Tower,6,0,3,0,9,0,63,21,0,84,6,63,24,0,93,0,0,0,93
03/27/2022,GSN,MP,AWP,WE,Federal Contract Tower,6,0,0,0,6,0,48,6,0,54,6,48,6,0,60,0,0,0,60
03/28/2022,GSN,MP,AWP,WE,Federal Contract Tower,2,2,0,0,4,0,46,22,0,68,2,48,22,0,72,0,0,0,72
03/29/2022,GSN,MP,AWP,WE,Federal Contract Tower,2,1,0,0,3,0,66,15,0,81,2,67,15,0,84,0,0,0,84
03/30/2022,GSN,MP,AWP,WE,Federal Contract Tower,12,0,4,0,16,0,64,20,0,84,12,64,24,0,100,12,0,12,112
03/31/2022,GSN,MP,AWP,WE,Federal Contract Tower,4,0,2,0,6,0,89,25,0,114,4,89,27,0,120,0,0,0,120
04/01/2022,GSN,MP,AWP,WE,Federal Contract Tower,2,0,4,0,6,0,98,18,0,116,2,98,22,0,122,0,0,0,122
04/02/2022,GSN,MP,AWP,WE,Federal Contract Tower,8,0,4,0,12,0,77,12,0,89,8,77,16,0,101,0,0,0,101
04/03/2022,GSN,MP,AWP,WE,Federal Contract Tower,8,0,0,0,8,0,52,18,0,70,8,52,18,0,78,0,0,0,78
04/04/2022,GSN,MP,AWP,WE,Federal Contract Tower,2,1,3,0,6,0,54,4,0,58,2,55,7,0,64,0,0,0,64
04/05/2022,GSN,MP,AWP,WE,Federal Contract Tower,2,1,0,0,3,0,49,1,0,50,2,50,1,0,53,0,0,0,53
04/06/2022,GSN,MP,AWP,WE,Federal Contract Tower,12,4,0,0,16,0,56,10,0,66,12,60,10,0,82,0,0,0,82
04/07/2022,GSN,MP,AWP,WE,Federal Contract Tower,4,0,3,0,7,0,60,24,0,84,4,60,27,0,91,0,0,0,91
04/08/2022,GSN,MP,AWP,WE,Federal Contract Tower,2,0,5,0,7,0,69,35,0,104,2,69,40,0,111,4,0,4,115
04/09/2022,GSN,MP,AWP,WE,Federal Contract Tower,8,1,7,0,16,0,78,30,0,108,8,79,37,0,124,0,0,0,124
04/10/2022,GSN,MP,AWP,WE,Federal Contract Tower,8,2,0,0,10,0,36,16,0,52,8,38,16,0,62,0,0,0,62
04/11/2022,GSN,MP,AWP,WE,Federal Contract Tower,2,2,14,1,19,0,45,8,0,53,2,47,22,1,72,0,0,0,72
04/12/2022,GSN,MP,AWP,WE,Federal Contract Tower,2,10,0,0,12,0,49,16,0,65,2,59,16,0,77,0,0,0,77
04/13/2022,GSN,MP,AWP,WE,Federal Contract Tower,12,4,0,1,17,0,66,4,0,70,12,70,4,1,87,2,0,2,89
04/14/2022,GSN,MP,AWP,WE,Federal Contract Tower,4,0,1,0,5,0,49,22,0,71,4,49,23,0,76,4,0,4,80
04/15/2022,GSN,MP,AWP,WE,Federal Contract Tower,2,0,4,0,6,0,46,14,0,60,2,46,18,0,66,0,0,0,66
04/16/2022,GSN,MP,AWP,WE,Federal Contract Tower,8,0,4,0,12,0,41,19,0,60,8,41,23,0,72,0,0,0,72
04/17/2022,GSN,MP,AWP,WE,Federal Contract Tower,8,0,0,0,8,0,37,28,0,65,8,37,28,0,73,0,0,0,73
04/18/2022,GSN,MP,AWP,WE,Federal Contract Tower,2,0,4,0,6,0,64,16,0,80,2,64,20,0,86,0,0,0,86
04/19/2022,GSN,MP,AWP,WE,Federal Contract Tower,2,3,0,0,5,0,67,14,0,81,2,70,14,0,86,0,0,0,86
04/20/2022,GSN,MP,AWP,WE,Federal Contract Tower,10,3,0,0,13,0,77,14,0,91,10,80,14,0,104,0,0,0,104
04/21/2022,GSN,MP,AWP,WE,Federal Contract Tower,4,0,2,0,6,0,38,25,0,63,4,38,27,0,69,2,0,2,71
04/22/2022,GSN,MP,AWP,WE,Federal Contract Tower,2,0,5,0,7,0,85,23,0,108,2,85,28,0,115,0,0,0,115
04/23/2022,GSN,MP,AWP,WE,Federal Contract Tower,8,0,0,0,8,0,61,20,0,81,8,61,20,0,89,0,0,0,89
04/24/2022,GSN,MP,AWP,WE,Federal Contract Tower,6,0,0,0,6,0,52,10,0,62,6,52,10,0,68,0,0,0,68
04/25/2022,GSN,MP,AWP,WE,Federal Contract Tower,2,0,7,0,9,0,53,21,0,74,2,53,28,0,83,0,0,0,83
04/26/2022,GSN,MP,AWP,WE,Federal Contract Tower,2,3,0,0,5,0,56,24,0,80,2,59,24,0,85,2,0,2,87
04/27/2022,GSN,MP,AWP,WE,Federal Contract Tower,10,1,6,0,17,0,57,14,0,71,10,58,20,0,88,0,0,0,88
04/28/2022,GSN,MP,AWP,WE,Federal Contract Tower,4,0,6,0,10,0,62,11,0,73,4,62,17,0,83,2,0,2,85
04/29/2022,GSN,MP,AWP,WE,Federal Contract Tower,2,0,11,0,13,0,77,39,0,116,2,77,50,0,129,0,0,0,129
04/30/2022,GSN,MP,AWP,WE,Federal Contract Tower,10,0,0,0,10,0,77,29,0,106,10,77,29,0,116,0,0,0,116
05/01/2022,GSN,MP,AWP,WE,Federal Contract Tower,8,0,6,0,14,0,65,19,0,84,8,65,25,0,98,0,0,0,98
05/02/2022,GSN,MP,AWP,WE,Federal Contract Tower,2,0,0,0,2,0,74,22,0,96,2,74,22,0,98,0,0,0,98
05/03/2022,GSN,MP,AWP,WE,Federal Contract Tower,2,0,0,0,2,0,52,28,0,80,2,52,28,0,82,0,0,0,82
05/04/2022,GSN,MP,AWP,WE,Federal Contract Tower,10,3,0,0,13,0,56,30,0,86,10,59,30,0,99,0,0,0,99
05/05/2022,GSN,MP,AWP,WE,Federal Contract Tower,4,0,0,0,4,0,58,43,0,101,4,58,43,0,105,4,0,4,109
05/06/2022,GSN,MP,AWP,WE,Federal Contract Tower,2,0,4,0,6,0,60,35,0,95,2,60,39,0,101,0,0,0,101
05/07/2022,GSN,MP,AWP,WE,Federal Contract Tower,8,0,4,0,12,0,69,15,0,84,8,69,19,0,96,0,0,0,96
05/08/2022,GSN,MP,AWP,WE,Federal Contract Tower,6,0,0,0,6,0,82,21,0,103,6,82,21,0,109,0,0,0,109
05/09/2022,GSN,MP,AWP,WE,Federal Contract Tower,2,0,5,0,7,0,65,25,0,90,2,65,30,0,97,0,0,0,97
05/10/2022,GSN,MP,AWP,WE,Federal Contract Tower,2,0,2,0,4,0,49,33,0,82,2,49,35,0,86,0,0,0,86
05/11/2022,GSN,MP,AWP,WE,Federal Contract Tower,10,0,0,0,10,0,47,15,0,62,10,47,15,0,72,0,0,0,72
05/12/2022,GSN,MP,AWP,WE,Federal Contract Tower,4,0,2,0,6,0,60,19,0,79,4,60,21,0,85,0,0,0,85
05/13/2022,GSN,MP,AWP,WE,Federal Contract Tower,2,0,2,0,4,0,76,22,0,98,2,76,24,0,102,0,0,0,102
05/14/2022,GSN,MP,AWP,WE,Federal Contract Tower,8,0,0,0,8,0,65,34,0,99,8,65,34,0,107,0,0,0,107
05/15/2022,GSN,MP,AWP,WE,Federal Contract Tower,6,0,0,0,6,0,49,18,0,67,6,49,18,0,73,0,0,0,73
05/16/2022,GSN,MP,AWP,WE,Federal Contract Tower,2,0,6,0,8,0,42,28,0,70,2,42,34,0,78,42,0,42,120
05/17/2022,GSN,MP,AWP,WE,Federal Contract Tower,2,0,0,0,2,0,55,25,0,80,2,55,25,0,82,14,0,14,96
05/18/2022,GSN,MP,AWP,WE,Federal Contract Tower,10,0,0,0,10,0,68,18,0,86,10,68,18,0,96,19,0,19,115
05/19/2022,GSN,MP,AWP,WE,Federal Contract Tower,4,0,5,0,9,0,59,18,0,77,4,59,23,0,86,2,0,2,88
05/20/2022,GSN,MP,AWP,WE,Federal Contract Tower,4,1,0,0,5,0,93,29,0,122,4,94,29,0,127,0,0,0,127
05/21/2022,GSN,MP,AWP,WE,Federal Contract Tower,8,0,1,0,9,0,96,27,0,123,8,96,28,0,132,0,0,0,132
05/22/2022,GSN,MP,AWP,WE,Federal Contract Tower,6,0,0,0,6,0,74,20,0,94,6,74,20,0,100,0,0,0,100
05/23/2022,GSN,MP,AWP,WE,Federal Contract Tower,2,0,0,0,2,0,65,18,0,83,2,65,18,0,85,0,0,0,85
05/24/2022,GSN,MP,AWP,WE,Federal Contract Tower,2,0,0,0,2,0,48,29,0,77,2,48,29,0,79,0,0,0,79
05/25/2022,GSN,MP,AWP,WE,Federal Contract Tower,10,0,0,0,10,0,59,14,0,73,10,59,14,0,83,0,5,5,88
05/26/2022,GSN,MP,AWP,WE,Federal Contract Tower,4,0,0,0,4,0,83,23,0,106,4,83,23,0,110,0,0,0,110
05/27/2022,GSN,MP,AWP,WE,Federal Contract Tower,2,0,0,0,2,0,78,33,0,111,2,78,33,0,113,0,0,0,113
05/28/2022,GSN,MP,AWP,WE,Federal Contract Tower,10,0,0,0,10,0,79,36,0,115,10,79,36,0,125,0,0,0,125
05/29/2022,GSN,MP,AWP,WE,Federal Contract Tower,6,0,0,0,6,0,64,12,0,76,6,64,12,0,82,0,0,0,82
05/30/2022,GSN,MP,AWP,WE,Federal Contract Tower,2,0,0,0,2,0,66,38,2,106,2,66,38,2,108,0,0,0,108
05/31/2022,GSN,MP,AWP,WE,Federal Contract Tower,2,0,0,0,2,0,74,74,0,148,2,74,74,0,150,0,0,0,150
06/01/2022,GSN,MP,AWP,WE,Federal Contract Tower,14,0,0,0,14,0,63,25,1,89,14,63,25,1,103,0,0,0,103
06/02/2022,GSN,MP,AWP,WE,Federal Contract Tower,4,0,0,0,4,0,69,23,0,92,4,69,23,0,96,0,2,2,98
06/03/2022,GSN,MP,AWP,WE,Federal Contract Tower,2,0,0,2,4,0,104,34,0,138,2,104,34,2,142,2,0,2,144
06/04/2022,GSN,MP,AWP,WE,Federal Contract Tower,12,0,0,0,12,0,65,23,0,88,12,65,23,0,100,0,0,0,100
06/05/2022,GSN,MP,AWP,WE,Federal Contract Tower,8,2,0,0,10,0,66,17,0,83,8,68,17,0,93,0,0,0,93
06/06/2022,GSN,MP,AWP,WE,Federal Contract Tower,2,0,0,0,2,0,69,33,0,102,2,69,33,0,104,0,0,0,104
06/07/2022,GSN,MP,AWP,WE,Federal Contract Tower,2,0,0,0,2,0,63,33,6,102,2,63,33,6,104,0,0,0,104
06/08/2022,GSN,MP,AWP,WE,Federal Contract Tower,12,0,0,0,12,0,61,4,0,65,12,61,4,0,77,0,0,0,77
06/09/2022,GSN,MP,AWP,WE,Federal Contract Tower,4,1,0,0,5,0,74,6,0,80,4,75,6,0,85,0,0,0,85
06/10/2022,GSN,MP,AWP,WE,Federal Contract Tower,2,2,0,0,4,0,85,21,0,106,2,87,21,0,110,0,0,0,110
06/11/2022,GSN,MP,AWP,WE,Federal Contract Tower,12,0,1,0,13,0,77,24,0,101,12,77,25,0,114,2,0,2,116
06/12/2022,GSN,MP,AWP,WE,Federal Contract Tower,8,0,0,0,8,0,58,11,0,69,8,58,11,0,77,0,0,0,77
06/13/2022,GSN,MP,AWP,WE,Federal Contract Tower,3,0,0,0,3,0,50,35,0,85,3,50,35,0,88,0,0,0,88
06/14/2022,GSN,MP,AWP,WE,Federal Contract Tower,3,0,4,0,7,0,52,30,0,82,3,52,34,0,89,0,0,0,89
06/15/2022,GSN,MP,AWP,WE,Federal Contract Tower,16,0,1,0,17,0,74,18,0,92,16,74,19,0,109,0,0,0,109
06/16/2022,GSN,MP,AWP,WE,Federal Contract Tower,9,2,0,0,11,0,69,19,0,88,9,71,19,0,99,0,0,0,99
06/17/2022,GSN,MP,AWP,WE,Federal Contract Tower,2,3,0,0,5,0,85,27,0,112,2,88,27,0,117,0,0,0,117
06/18/2022,GSN,MP,AWP,WE,Federal Contract Tower,12,0,5,0,17,0,80,26,0,106,12,80,31,0,123,0,0,0,123
06/19/2022,GSN,MP,AWP,WE,Federal Contract Tower,6,0,0,0,6,0,59,20,0,79,6,59,20,0,85,0,0,0,85
06/20/2022,GSN,MP,AWP,WE,Federal Contract Tower,2,0,2,0,4,0,63,22,0,85,2,63,24,0,89,0,0,0,89
06/21/2022,GSN,MP,AWP,WE,Federal Contract Tower,2,0,3,0,5,0,70,27,0,97,2,70,30,0,102,0,0,0,102
06/22/2022,GSN,MP,AWP,WE,Federal Contract Tower,12,0,4,0,16,0,68,9,2,79,12,68,13,2,95,0,0,0,95
06/23/2022,GSN,MP,AWP,WE,Federal Contract Tower,4,12,0,0,16,0,71,27,0,98,4,83,27,0,114,0,0,0,114
06/24/2022,GSN,MP,AWP,WE,Federal Contract Tower,2,1,0,0,3,0,85,32,0,117,2,86,32,0,120,0,0,0,120
06/25/2022,GSN,MP,AWP,WE,Federal Contract Tower,13,0,1,0,14,0,71,19,0,90,13,71,20,0,104,0,0,0,104
06/26/2022,GSN,MP,AWP,WE,Federal Contract Tower,11,0,0,0,11,0,47,24,0,71,11,47,24,0,82,0,0,0,82
06/27/2022,GSN,MP,AWP,WE,Federal Contract Tower,6,0,7,0,13,0,67,52,0,119,6,67,59,0,132,0,0,0,132
06/28/2022,GSN,MP,AWP,WE,Federal Contract Tower,2,0,2,0,4,0,63,24,0,87,2,63,26,0,91,0,0,0,91
06/29/2022,GSN,MP,AWP,WE,Federal Contract Tower,12,0,4,0,16,0,62,16,2,80,12,62,20,2,96,0,0,0,96
06/30/2022,GSN,MP,AWP,WE,Federal Contract Tower,4,1,0,0,5,0,74,14,0,88,4,75,14,0,93,0,0,0,93
07/01/2022,GSN,MP,AWP,WE,Federal Contract Tower,2,3,0,1,6,0,94,26,7,127,2,97,26,8,133,0,0,0,133
07/02/2022,GSN,MP,AWP,WE,Federal Contract Tower,12,3,0,0,15,0,78,16,0,94,12,81,16,0,109,0,0,0,109
07/03/2022,GSN,MP,AWP,WE,Federal Contract Tower,8,1,1,0,10,0,59,8,0,67,8,60,9,0,77,0,0,0,77
07/04/2022,GSN,MP,AWP,WE,Federal Contract Tower,2,0,4,0,6,0,62,49,0,111,2,62,53,0,117,0,0,0,117
07/05/2022,GSN,MP,AWP,WE,Federal Contract Tower,2,0,0,0,2,0,65,38,0,103,2,65,38,0,105,0,0,0,105
07/06/2022,GSN,MP,AWP,WE,Federal Contract Tower,10,0,0,0,10,0,59,24,0,83,10,59,24,0,93,0,0,0,93
07/07/2022,GSN,MP,AWP,WE,Federal Contract Tower,6,0,4,0,10,0,63,14,0,77,6,63,18,0,87,0,0,0,87
07/08/2022,GSN,MP,AWP,WE,Federal Contract Tower,2,0,0,0,2,0,89,23,0,112,2,89,23,0,114,0,0,0,114
07/09/2022,GSN,MP,AWP,WE,Federal Contract Tower,10,4,0,0,14,0,48,19,0,67,10,52,19,0,81,0,0,0,81
07/10/2022,GSN,MP,AWP,WE,Federal Contract Tower,8,0,0,0,8,0,45,19,0,64,8,45,19,0,72,2,0,2,74
07/11/2022,GSN,MP,AWP,WE,Federal Contract Tower,2,0,2,0,4,0,64,33,0,97,2,64,35,0,101,0,0,0,101
07/12/2022,GSN,MP,AWP,WE,Federal Contract Tower,2,0,0,0,2,0,54,36,0,90,2,54,36,0,92,0,0,0,92
07/13/2022,GSN,MP,AWP,WE,Federal Contract Tower,10,0,4,0,14,0,65,13,0,78,10,65,17,0,92,0,0,0,92
07/14/2022,GSN,MP,AWP,WE,Federal Contract Tower,6,0,0,0,6,0,64,7,0,71,6,64,7,0,77,0,0,0,77
07/15/2022,GSN,MP,AWP,WE,Federal Contract Tower,2,0,2,0,4,0,66,30,0,96,2,66,32,0,100,10,0,10,110
07/16/2022,GSN,MP,AWP,WE,Federal Contract Tower,10,4,0,0,14,0,82,10,0,92,10,86,10,0,106,0,0,0,106
07/17/2022,GSN,MP,AWP,WE,Federal Contract Tower,8,0,0,0,8,0,48,29,0,77,8,48,29,0,85,0,0,0,85
07/18/2022,GSN,MP,AWP,WE,Federal Contract Tower,2,0,5,0,7,0,54,31,0,85,2,54,36,0,92,0,0,0,92
07/19/2022,GSN,MP,AWP,WE,Federal Contract Tower,2,0,2,0,4,0,46,20,0,66,2,46,22,0,70,0,0,0,70
07/20/2022,GSN,MP,AWP,WE,Federal Contract Tower,12,0,3,0,15,0,64,7,0,71,12,64,10,0,86,0,0,0,86
07/21/2022,GSN,MP,AWP,WE,Federal Contract Tower,6,0,1,0,7,0,74,16,0,90,6,74,17,0,97,0,0,0,97
07/22/2022,GSN,MP,AWP,WE,Federal Contract Tower,4,0,2,0,6,0,72,15,0,87,4,72,17,0,93,0,0,0,93
07/23/2022,GSN,MP,AWP,WE,Federal Contract Tower,10,2,0,0,12,0,64,24,0,88,10,66,24,0,100,0,0,0,100
07/24/2022,GSN,MP,AWP,WE,Federal Contract Tower,10,0,1,0,11,0,51,13,0,64,10,51,14,0,75,0,0,0,75
07/25/2022,GSN,MP,AWP,WE,Federal Contract Tower,4,0,7,0,11,0,61,20,0,81,4,61,27,0,92,0,0,0,92
07/26/2022,GSN,MP,AWP,WE,Federal Contract Tower,4,2,7,0,13,0,34,3,0,37,4,36,10,0,50,0,0,0,50
07/27/2022,GSN,MP,AWP,WE,Federal Contract Tower,12,2,7,0,21,0,52,23,0,75,12,54,30,0,96,0,0,0,96
07/28/2022,GSN,MP,AWP,WE,Federal Contract Tower,6,0,0,0,6,0,61,24,0,85,6,61,24,0,91,4,0,4,95
07/29/2022,GSN,MP,AWP,WE,Federal Contract Tower,6,0,3,0,9,0,76,11,0,87,6,76,14,0,96,0,0,0,96
07/30/2022,GSN,MP,AWP,WE,Federal Contract Tower,10,0,0,0,10,0,61,28,0,89,10,61,28,0,99,0,0,0,99
07/31/2022,GSN,MP,AWP,WE,Federal Contract Tower,10,0,0,0,10,0,53,17,0,70,10,53,17,0,80,0,0,0,80
08/01/2022,GSN,MP,AWP,WE,Federal Contract Tower,6,0,1,0,7,0,55,26,0,81,6,55,27,0,88,0,0,0,88
08/02/2022,GSN,MP,AWP,WE,Federal Contract Tower,6,0,0,0,6,0,52,29,6,87,6,52,29,6,93,0,0,0,93
08/03/2022,GSN,MP,AWP,WE,Federal Contract Tower,12,0,0,0,12,0,50,24,0,74,12,50,24,0,86,0,0,0,86
08/04/2022,GSN,MP,AWP,WE,Federal Contract Tower,6,0,0,1,7,0,69,11,0,80,6,69,11,1,87,0,0,0,87
08/05/2022,GSN,MP,AWP,WE,Federal Contract Tower,6,0,4,0,10,0,96,8,0,104,6,96,12,0,114,0,0,0,114
08/06/2022,GSN,MP,AWP,WE,Federal Contract Tower,11,3,0,0,14,0,64,24,0,88,11,67,24,0,102,0,2,2,104
08/07/2022,GSN,MP,AWP,WE,Federal Contract Tower,11,2,0,0,13,0,51,17,0,68,11,53,17,0,81,0,0,0,81
08/08/2022,GSN,MP,AWP,WE,Federal Contract Tower,6,1,0,0,7,0,72,16,0,88,6,73,16,0,95,0,0,0,95
08/09/2022,GSN,MP,AWP,WE,Federal Contract Tower,4,0,2,1,7,0,64,35,2,101,4,64,37,3,108,0,4,4,112
08/10/2022,GSN,MP,AWP,WE,Federal Contract Tower,12,0,3,0,15,0,62,23,0,85,12,62,26,0,100,0,0,0,100
08/11/2022,GSN,MP,AWP,WE,Federal Contract Tower,6,0,2,0,8,0,69,23,0,92,6,69,25,0,100,0,0,0,100
08/12/2022,GSN,MP,AWP,WE,Federal Contract Tower,6,0,0,0,6,0,105,48,0,153,6,105,48,0,159,0,0,0,159
08/13/2022,GSN,MP,AWP,WE,Federal Contract Tower,10,0,3,0,13,0,83,39,0,122,10,83,42,0,135,0,0,0,135
08/14/2022,GSN,MP,AWP,WE,Federal Contract Tower,10,1,0,0,11,0,103,44,0,147,10,104,44,0,158,0,0,0,158
08/15/2022,GSN,MP,AWP,WE,Federal Contract Tower,8,0,0,5,13,0,58,28,0,86,8,58,28,5,99,0,0,0,99
08/16/2022,GSN,MP,AWP,WE,Federal Contract Tower,4,1,9,0,14,0,77,50,4,131,4,78,59,4,145,0,0,0,145
08/17/2022,GSN,MP,AWP,WE,Federal Contract Tower,12,1,4,0,17,0,85,27,0,112,12,86,31,0,129,0,0,0,129
08/18/2022,GSN,MP,AWP,WE,Federal Contract Tower,6,0,1,0,7,0,61,37,1,99,6,61,38,1,106,0,0,0,106
08/19/2022,GSN,MP,AWP,WE,Federal Contract Tower,2,4,0,0,6,0,97,32,0,129,2,101,32,0,135,0,0,0,135
08/20/2022,GSN,MP,AWP,WE,Federal Contract Tower,10,4,4,0,18,0,55,33,0,88,10,59,37,0,106,0,0,0,106
08/21/2022,GSN,MP,AWP,WE,Federal Contract Tower,10,4,0,0,14,0,56,25,0,81,10,60,25,0,95,0,0,0,95
08/22/2022,GSN,MP,AWP,WE,Federal Contract Tower,2,5,3,0,10,0,61,11,0,72,2,66,14,0,82,2,0,2,84
08/23/2022,GSN,MP,AWP,WE,Federal Contract Tower,2,6,5,0,13,0,56,32,2,90,2,62,37,2,103,0,0,0,103
08/24/2022,GSN,MP,AWP,WE,Federal Contract Tower,12,3,0,0,15,0,68,48,2,118,12,71,48,2,133,0,0,0,133
08/25/2022,GSN,MP,AWP,WE,Federal Contract Tower,6,6,0,0,12,0,53,30,0,83,6,59,30,0,95,0,0,0,95
08/26/2022,GSN,MP,AWP,WE,Federal Contract Tower,2,7,0,0,9,0,76,14,0,90,2,83,14,0,99,0,0,0,99
08/27/2022,GSN,MP,AWP,WE,Federal Contract Tower,10,5,0,0,15,0,72,35,0,107,10,77,35,0,122,0,0,0,122
08/28/2022,GSN,MP,AWP,WE,Federal Contract Tower,10,3,0,0,13,0,58,15,0,73,10,61,15,0,86,0,0,0,86
08/29/2022,GSN,MP,AWP,WE,Federal Contract Tower,2,3,0,0,5,0,65,27,0,92,2,68,27,0,97,0,0,0,97
08/30/2022,GSN,MP,AWP,WE,Federal Contract Tower,2,4,1,0,7,0,50,23,0,73,2,54,24,0,80,0,0,0,80
08/31/2022,GSN,MP,AWP,WE,Federal Contract Tower,12,9,5,0,26,0,32,17,0,49,12,41,22,0,75,0,0,0,75
09/01/2022,GSN,MP,AWP,WE,Federal Contract Tower,6,11,0,0,17,0,37,22,0,59,6,48,22,0,76,0,0,0,76
09/02/2022,GSN,MP,AWP,WE,Federal Contract Tower,4,6,0,0,10,0,100,33,0,133,4,106,33,0,143,0,0,0,143
09/03/2022,GSN,MP,AWP,WE,Federal Contract Tower,10,0,0,0,10,0,92,19,0,111,10,92,19,0,121,0,0,0,121
09/04/2022,GSN,MP,AWP,WE,Federal Contract Tower,10,0,1,0,11,0,50,7,0,57,10,50,8,0,68,0,0,0,68
09/05/2022,GSN,MP,AWP,WE,Federal Contract Tower,4,1,0,0,5,0,76,35,0,111,4,77,35,0,116,2,4,6,122
09/06/2022,GSN,MP,AWP,WE,Federal Contract Tower,2,0,0,0,2,0,62,19,0,81,2,62,19,0,83,2,0,2,85
09/07/2022,GSN,MP,AWP,WE,Federal Contract Tower,14,0,0,0,14,0,53,27,0,80,14,53,27,0,94,2,0,2,96
09/08/2022,GSN,MP,AWP,WE,Federal Contract Tower,6,0,0,0,6,0,77,39,0,116,6,77,39,0,122,0,0,0,122
09/09/2022,GSN,MP,AWP,WE,Federal Contract Tower,8,0,0,0,8,0,76,38,0,114,8,76,38,0,122,0,0,0,122
09/10/2022,GSN,MP,AWP,WE,Federal Contract Tower,10,0,2,0,12,0,63,19,0,82,10,63,21,0,94,0,0,0,94
09/11/2022,GSN,MP,AWP,WE,Federal Contract Tower,10,0,0,0,10,0,51,21,0,72,10,51,21,0,82,2,0,2,84
09/12/2022,GSN,MP,AWP,WE,Federal Contract Tower,8,11,0,0,19,0,62,34,0,96,8,73,34,0,115,0,0,0,115
09/13/2022,GSN,MP,AWP,WE,Federal Contract Tower,2,14,0,0,16,0,64,17,0,81,2,78,17,0,97,0,0,0,97
09/14/2022,GSN,MP,AWP,WE,Federal Contract Tower,14,10,6,0,30,0,54,11,0,65,14,64,17,0,95,0,0,0,95
09/15/2022,GSN,MP,AWP,WE,Federal Contract Tower,4,13,4,0,21,0,58,25,0,83,4,71,29,0,104,0,0,0,104
09/16/2022,GSN,MP,AWP,WE,Federal Contract Tower,4,10,1,0,15,0,66,24,0,90,4,76,25,0,105,0,0,0,105
09/17/2022,GSN,MP,AWP,WE,Federal Contract Tower,8,6,6,0,20,0,63,14,0,77,8,69,20,0,97,0,0,0,97
09/18/2022,GSN,MP,AWP,WE,Federal Contract Tower,8,0,0,0,8,0,57,16,0,73,8,57,16,0,81,0,0,0,81
09/19/2022,GSN,MP,AWP,WE,Federal Contract Tower,6,15,0,0,21,0,36,5,0,41,6,51,5,0,62,0,0,0,62
09/20/2022,GSN,MP,AWP,WE,Federal Contract Tower,2,10,0,0,12,0,50,12,0,62,2,60,12,0,74,0,0,0,74
09/21/2022,GSN,MP,AWP,WE,Federal Contract Tower,12,0,0,0,12,0,76,26,0,102,12,76,26,0,114,0,0,0,114
09/22/2022,GSN,MP,AWP,WE,Federal Contract Tower,6,3,5,0,14,0,67,11,0,78,6,70,16,0,92,0,0,0,92
09/23/2022,GSN,MP,AWP,WE,Federal Contract Tower,4,8,3,0,15,0,101,19,0,120,4,109,22,0,135,0,0,0,135
09/24/2022,GSN,MP,AWP,WE,Federal Contract Tower,10,1,4,0,15,0,70,29,0,99,10,71,33,0,114,0,0,0,114
09/25/2022,GSN,MP,AWP,WE,Federal Contract Tower,8,3,1,2,14,0,64,21,0,85,8,67,22,2,99,0,0,0,99
09/26/2022,GSN,MP,AWP,WE,Federal Contract Tower,4,10,0,0,14,0,67,19,0,86,4,77,19,0,100,0,4,4,104
09/27/2022,GSN,MP,AWP,WE,Federal Contract Tower,2,8,0,0,10,0,59,21,0,80,2,67,21,0,90,0,0,0,90
09/28/2022,GSN,MP,AWP,WE,Federal Contract Tower,12,8,0,0,20,0,55,26,0,81,12,63,26,0,101,0,0,0,101
09/29/2022,GSN,MP,AWP,WE,Federal Contract Tower,6,6,0,0,12,0,54,22,0,76,6,60,22,0,88,2,0,2,90
09/30/2022,GSN,MP,AWP,WE,Federal Contract Tower,4,7,0,0,11,0,84,26,0,110,4,91,26,0,121,0,0,0,121
10/01/2022,GSN,MP,AWP,WE,Federal Contract Tower,10,7,0,0,17,0,59,20,0,79,10,66,20,0,96,0,0,0,96
10/02/2022,GSN,MP,AWP,WE,Federal Contract Tower,8,3,0,0,11,0,50,21,0,71,8,53,21,0,82,0,0,0,82
10/03/2022,GSN,MP,AWP,WE,Federal Contract Tower,6,3,2,0,11,0,53,22,0,75,6,56,24,0,86,0,0,0,86
10/04/2022,GSN,MP,AWP,WE,Federal Contract Tower,4,5,0,0,9,0,84,15,0,99,4,89,15,0,108,0,0,0,108
10/05/2022,GSN,MP,AWP,WE,Federal Contract Tower,12,0,0,0,12,0,72,10,0,82,12,72,10,0,94,0,0,0,94
10/06/2022,GSN,MP,AWP,WE,Federal Contract Tower,6,2,0,0,8,0,58,15,0,73,6,60,15,0,81,0,0,0,81
10/07/2022,GSN,MP,AWP,WE,Federal Contract Tower,6,12,0,0,18,0,62,30,0,92,6,74,30,0,110,0,0,0,110
10/08/2022,GSN,MP,AWP,WE,Federal Contract Tower,10,12,0,0,22,0,51,17,0,68,10,63,17,0,90,0,0,0,90
10/09/2022,GSN,MP,AWP,WE,Federal Contract Tower,8,8,0,0,16,0,53,26,0,79,8,61,26,0,95,0,0,0,95
10/10/2022,GSN,MP,AWP,WE,Federal Contract Tower,6,9,2,0,17,0,66,25,0,91,6,75,27,0,108,0,0,0,108
10/11/2022,GSN,MP,AWP,WE,Federal Contract Tower,6,12,0,0,18,0,79,6,0,85,6,91,6,0,103,0,0,0,103
10/12/2022,GSN,MP,AWP,WE,Federal Contract Tower,12,7,0,0,19,0,59,12,0,71,12,66,12,0,90,0,0,0,90
10/13/2022,GSN,MP,AWP,WE,Federal Contract Tower,7,1,5,0,13,0,59,18,0,77,7,60,23,0,90,0,0,0,90
10/14/2022,GSN,MP,AWP,WE,Federal Contract Tower,7,8,6,0,21,0,96,29,0,125,7,104,35,0,146,0,0,0,146
10/15/2022,GSN,MP,AWP,WE,Federal Contract Tower,9,17,0,0,26,0,55,11,0,66,9,72,11,0,92,0,0,0,92
10/16/2022,GSN,MP,AWP,WE,Federal Contract Tower,8,5,0,0,13,0,47,9,0,56,8,52,9,0,69,0,0,0,69
10/17/2022,GSN,MP,AWP,WE,Federal Contract Tower,6,6,0,0,12,0,61,21,0,82,6,67,21,0,94,0,0,0,94
10/18/2022,GSN,MP,AWP,WE,Federal Contract Tower,4,13,0,0,17,0,50,16,0,66,4,63,16,0,83,4,0,4,87
10/19/2022,GSN,MP,AWP,WE,Federal Contract Tower,12,11,0,0,23,0,60,14,0,74,12,71,14,0,97,0,0,0,97
10/20/2022,GSN,MP,AWP,WE,Federal Contract Tower,6,0,7,0,13,0,52,24,0,76,6,52,31,0,89,0,0,0,89
10/21/2022,GSN,MP,AWP,WE,Federal Contract Tower,6,7,3,0,16,0,81,18,0,99,6,88,21,0,115,0,0,0,115
10/22/2022,GSN,MP,AWP,WE,Federal Contract Tower,10,9,0,0,19,0,70,29,0,99,10,79,29,0,118,0,0,0,118
10/23/2022,GSN,MP,AWP,WE,Federal Contract Tower,8,8,0,0,16,0,81,16,0,97,8,89,16,0,113,0,0,0,113
10/24/2022,GSN,MP,AWP,WE,Federal Contract Tower,6,14,0,0,20,0,65,14,0,79,6,79,14,0,99,0,0,0,99
10/25/2022,GSN,MP,AWP,WE,Federal Contract Tower,4,3,0,0,7,0,63,7,0,70,4,66,7,0,77,2,0,2,79
10/26/2022,GSN,MP,AWP,WE,Federal Contract Tower,12,6,0,0,18,0,77,12,0,89,12,83,12,0,107,0,0,0,107
10/27/2022,GSN,MP,AWP,WE,Federal Contract Tower,6,0,0,0,6,0,59,23,2,84,6,59,23,2,90,20,0,20,110
10/28/2022,GSN,MP,AWP,WE,Federal Contract Tower,8,3,2,0,13,0,98,32,0,130,8,101,34,0,143,10,0,10,153
10/29/2022,GSN,MP,AWP,WE,Federal Contract Tower,10,4,4,0,18,0,74,37,0,111,10,78,41,0,129,0,0,0,129
10/30/2022,GSN,MP,AWP,WE,Federal Contract Tower,6,2,0,0,8,0,54,11,0,65,6,56,11,0,73,0,0,0,73
10/31/2022,GSN,MP,AWP,WE,Federal Contract Tower,6,4,5,2,17,0,53,17,0,70,6,57,22,2,87,0,0,0,87
11/01/2022,GSN,MP,AWP,WE,Federal Contract Tower,4,8,1,0,13,0,56,16,2,74,4,64,17,2,87,0,0,0,87
11/02/2022,GSN,MP,AWP,WE,Federal Contract Tower,10,11,0,0,21,0,56,19,0,75,10,67,19,0,96,13,0,13,109
11/03/2022,GSN,MP,AWP,WE,Federal Contract Tower,6,8,1,0,15,0,80,9,0,89,6,88,10,0,104,0,0,0,104
11/04/2022,GSN,MP,AWP,WE,Federal Contract Tower,6,3,0,0,9,0,77,33,0,110,6,80,33,0,119,0,0,0,119
11/05/2022,GSN,MP,AWP,WE,Federal Contract Tower,8,8,2,2,20,0,63,43,4,110,8,71,45,6,130,0,0,0,130
11/06/2022,GSN,MP,AWP,WE,Federal Contract Tower,5,9,0,0,14,0,44,8,0,52,5,53,8,0,66,4,0,4,70
11/07/2022,GSN,MP,AWP,WE,Federal Contract Tower,9,6,0,3,18,0,62,6,3,71,9,68,6,6,89,0,0,0,89
11/08/2022,GSN,MP,AWP,WE,Federal Contract Tower,4,10,0,3,17,0,62,16,1,79,4,72,16,4,96,0,0,0,96
11/09/2022,GSN,MP,AWP,WE,Federal Contract Tower,10,12,0,0,22,0,64,12,0,76,10,76,12,0,98,0,0,0,98
11/10/2022,GSN,MP,AWP,WE,Federal Contract Tower,6,8,2,0,16,0,62,21,0,83,6,70,23,0,99,10,0,10,109
11/11/2022,GSN,MP,AWP,WE,Federal Contract Tower,6,4,8,0,18,0,55,33,0,88,6,59,41,0,106,24,0,24,130
11/12/2022,GSN,MP,AWP,WE,Federal Contract Tower,8,2,1,4,15,0,50,41,0,91,8,52,42,4,106,0,0,0,106
11/13/2022,GSN,MP,AWP,WE,Federal Contract Tower,6,4,0,0,10,0,43,11,0,54,6,47,11,0,64,0,0,0,64
11/14/2022,GSN,MP,AWP,WE,Federal Contract Tower,6,0,0,0,6,0,87,17,0,104,6,87,17,0,110,0,0,0,110
11/15/2022,GSN,MP,AWP,WE,Federal Contract Tower,4,1,0,0,5,0,69,16,0,85,4,70,16,0,90,6,0,6,96
11/16/2022,GSN,MP,AWP,WE,Federal Contract Tower,10,8,0,0,18,0,62,7,0,69,10,70,7,0,87,2,0,2,89
11/17/2022,GSN,MP,AWP,WE,Federal Contract Tower,6,7,4,2,19,0,71,17,0,88,6,78,21,2,107,0,0,0,107
11/18/2022,GSN,MP,AWP,WE,Federal Contract Tower,6,8,0,0,14,0,72,28,0,100,6,80,28,0,114,0,0,0,114
11/19/2022,GSN,MP,AWP,WE,Federal Contract Tower,8,6,0,0,14,0,51,22,0,73,8,57,22,0,87,0,0,0,87
11/20/2022,GSN,MP,AWP,WE,Federal Contract Tower,6,7,0,0,13,0,52,12,0,64,6,59,12,0,77,2,0,2,79
11/21/2022,GSN,MP,AWP,WE,Federal Contract Tower,6,8,4,0,18,0,85,15,0,100,6,93,19,0,118,0,0,0,118
11/22/2022,GSN,MP,AWP,WE,Federal Contract Tower,4,9,0,0,13,0,94,17,0,111,4,103,17,0,124,0,0,0,124
11/23/2022,GSN,MP,AWP,WE,Federal Contract Tower,10,8,0,0,18,0,75,36,0,111,10,83,36,0,129,0,0,0,129
11/24/2022,GSN,MP,AWP,WE,Federal Contract Tower,6,8,0,0,14,0,58,25,0,83,6,66,25,0,97,0,0,0,97
11/25/2022,GSN,MP,AWP,WE,Federal Contract Tower,6,1,0,0,7,0,66,22,0,88,6,67,22,0,95,0,0,0,95
11/26/2022,GSN,MP,AWP,WE,Federal Contract Tower,8,11,2,0,21,0,42,47,0,89,8,53,49,0,110,0,0,0,110
11/27/2022,GSN,MP,AWP,WE,Federal Contract Tower,6,9,0,0,15,0,52,9,0,61,6,61,9,0,76,0,0,0,76
11/28/2022,GSN,MP,AWP,WE,Federal Contract Tower,6,10,0,0,16,0,72,14,0,86,6,82,14,0,102,0,0,0,102
11/29/2022,GSN,MP,AWP,WE,Federal Contract Tower,5,10,4,0,19,0,61,16,2,79,5,71,20,2,98,0,0,0,98
11/30/2022,GSN,MP,AWP,WE,Federal Contract Tower,10,6,0,0,16,0,65,15,0,80,10,71,15,0,96,4,0,4,100
12/01/2022,GSN,MP,AWP,WE,Federal Contract Tower,6,0,6,0,12,0,71,19,0,90,6,71,25,0,102,0,0,0,102
12/02/2022,GSN,MP,AWP,WE,Federal Contract Tower,6,2,6,0,14,0,75,22,0,97,6,77,28,0,111,0,0,0,111
12/03/2022,GSN,MP,AWP,WE,Federal Contract Tower,8,8,1,0,17,0,62,29,0,91,8,70,30,0,108,0,0,0,108
12/04/2022,GSN,MP,AWP,WE,Federal Contract Tower,6,8,0,0,14,0,46,21,0,67,6,54,21,0,81,0,0,0,81
12/05/2022,GSN,MP,AWP,WE,Federal Contract Tower,6,13,0,0,19,0,51,26,0,77,6,64,26,0,96,0,0,0,96
12/06/2022,GSN,MP,AWP,WE,Federal Contract Tower,4,8,3,0,15,0,53,28,0,81,4,61,31,0,96,0,0,0,96
12/07/2022,GSN,MP,AWP,WE,Federal Contract Tower,10,7,4,0,21,0,56,18,0,74,10,63,22,0,95,0,0,0,95
12/08/2022,GSN,MP,AWP,WE,Federal Contract Tower,9,8,5,0,22,0,46,28,0,74,9,54,33,0,96,2,0,2,98
12/09/2022,GSN,MP,AWP,WE,Federal Contract Tower,6,9,3,0,18,0,61,21,0,82,6,70,24,0,100,0,0,0,100
12/10/2022,GSN,MP,AWP,WE,Federal Contract Tower,8,0,4,0,12,0,78,38,0,116,8,78,42,0,128,0,0,0,128
12/11/2022,GSN,MP,AWP,WE,Federal Contract Tower,6,5,2,0,13,0,52,8,0,60,6,57,10,0,73,6,0,6,79
12/12/2022,GSN,MP,AWP,WE,Federal Contract Tower,6,4,0,0,10,0,58,20,0,78,6,62,20,0,88,6,0,6,94
12/13/2022,GSN,MP,AWP,WE,Federal Contract Tower,4,4,1,0,9,0,58,22,0,80,4,62,23,0,89,0,0,0,89
12/14/2022,GSN,MP,AWP,WE,Federal Contract Tower,11,9,5,1,26,0,72,16,0,88,11,81,21,1,114,0,0,0,114
12/15/2022,GSN,MP,AWP,WE,Federal Contract Tower,6,8,0,1,15,0,60,23,0,83,6,68,23,1,98,4,0,4,102
12/16/2022,GSN,MP,AWP,WE,Federal Contract Tower,6,10,6,0,22,0,70,18,0,88,6,80,24,0,110,0,0,0,110
12/17/2022,GSN,MP,AWP,WE,Federal Contract Tower,10,8,4,0,22,0,76,15,0,91,10,84,19,0,113,0,0,0,113
12/18/2022,GSN,MP,AWP,WE,Federal Contract Tower,6,2,0,0,8,0,73,10,0,83,6,75,10,0,91,0,0,0,91
12/19/2022,GSN,MP,AWP,WE,Federal Contract Tower,6,8,0,0,14,0,59,24,0,83,6,67,24,0,97,2,0,2,99
12/20/2022,GSN,MP,AWP,WE,Federal Contract Tower,4,3,2,0,9,0,70,14,0,84,4,73,16,0,93,0,0,0,93
12/21/2022,GSN,MP,AWP,WE,Federal Contract Tower,10,12,4,0,26,0,59,22,0,81,10,71,26,0,107,0,0,0,107
12/22/2022,GSN,MP,AWP,WE,Federal Contract Tower,6,13,0,0,19,0,67,15,0,82,6,80,15,0,101,0,0,0,101
12/23/2022,GSN,MP,AWP,WE,Federal Contract Tower,6,9,0,0,15,0,83,26,0,109,6,92,26,0,124,0,0,0,124
12/24/2022,GSN,MP,AWP,WE,Federal Contract Tower,8,7,1,0,16,0,49,26,0,75,8,56,27,0,91,0,0,0,91
12/25/2022,GSN,MP,AWP,WE,Federal Contract Tower,6,6,0,0,12,0,41,14,0,55,6,47,14,0,67,0,0,0,67
12/26/2022,GSN,MP,AWP,WE,Federal Contract Tower,6,22,0,0,28,0,50,8,0,58,6,72,8,0,86,0,0,0,86
12/27/2022,GSN,MP,AWP,WE,Federal Contract Tower,4,10,5,0,19,0,59,8,0,67,4,69,13,0,86,0,0,0,86
12/28/2022,GSN,MP,AWP,WE,Federal Contract Tower,10,5,5,0,20,0,62,5,0,67,10,67,10,0,87,0,0,0,87
12/29/2022,GSN,MP,AWP,WE,Federal Contract Tower,6,4,0,0,10,0,69,14,0,83,6,73,14,0,93,0,0,0,93
12/30/2022,GSN,MP,AWP,WE,Federal Contract Tower,6,5,0,0,11,0,87,24,0,111,6,92,24,0,122,4,0,4,126
12/31/2022,GSN,MP,AWP,WE,Federal Contract Tower,8,3,5,0,16,0,56,8,0,64,8,59,13,0,80,0,0,0,80
01/01/2023,GSN,MP,AWP,WE,Federal Contract Tower,6,4,0,0,10,0,43,19,0,62,6,47,19,0,72,0,0,0,72
01/02/2023,GSN,MP,AWP,WE,Federal Contract Tower,6,12,0,0,18,0,55,19,0,74,6,67,19,0,92,0,0,0,92
01/03/2023,GSN,MP,AWP,WE,Federal Contract Tower,4,3,1,0,8,0,64,30,0,94,4,67,31,0,102,0,0,0,102
01/04/2023,GSN,MP,AWP,WE,Federal Contract Tower,8,8,6,0,22,0,59,8,0,67,8,67,14,0,89,0,0,0,89
01/05/2023,GSN,MP,AWP,WE,Federal Contract Tower,6,10,1,0,17,0,61,11,0,72,6,71,12,0,89,0,0,0,89
01/06/2023,GSN,MP,AWP,WE,Federal Contract Tower,8,6,0,0,14,0,83,6,0,89,8,89,6,0,103,0,0,0,103
01/07/2023,GSN,MP,AWP,WE,Federal Contract Tower,6,4,0,0,10,0,51,21,0,72,6,55,21,0,82,0,0,0,82
01/08/2023,GSN,MP,AWP,WE,Federal Contract Tower,6,10,0,0,16,0,46,8,0,54,6,56,8,0,70,0,0,0,70
01/09/2023,GSN,MP,AWP,WE,Federal Contract Tower,0,8,19,0,27,0,36,20,0,56,0,44,39,0,83,0,0,0,83
01/10/2023,GSN,MP,AWP,WE,Federal Contract Tower,4,9,6,0,19,0,54,26,0,80,4,63,32,0,99,0,0,0,99
01/11/2023,GSN,MP,AWP,WE,Federal Contract Tower,8,12,3,0,23,0,51,7,0,58,8,63,10,0,81,0,0,0,81
01/12/2023,GSN,MP,AWP,WE,Federal Contract Tower,6,22,0,0,28,0,17,0,0,17,6,39,0,0,45,0,0,0,45
01/13/2023,GSN,MP,AWP,WE,Federal Contract Tower,8,27,0,0,35,0,35,3,0,38,8,62,3,0,73,0,0,0,73
01/14/2023,GSN,MP,AWP,WE,Federal Contract Tower,6,11,6,0,23,0,53,16,0,69,6,64,22,0,92,0,0,0,92
01/15/2023,GSN,MP,AWP,WE,Federal Contract Tower,6,12,0,0,18,0,40,12,0,52,6,52,12,0,70,12,0,12,82
01/16/2023,GSN,MP,AWP,WE,Federal Contract Tower,8,10,0,0,18,0,0,0,0,0,8,10,0,0,18,0,0,0,18
01/17/2023,GSN,MP,AWP,WE,Federal Contract Tower,4,8,3,0,15,0,60,34,2,96,4,68,37,2,111,0,0,0,111
01/18/2023,GSN,MP,AWP,WE,Federal Contract Tower,8,13,0,0,21,0,66,18,2,86,8,79,18,2,107,2,0,2,109
01/19/2023,GSN,MP,AWP,WE,Federal Contract Tower,6,11,6,0,23,0,56,23,0,79,6,67,29,0,102,4,0,4,106
01/20/2023,GSN,MP,AWP,WE,Federal Contract Tower,8,9,4,0,21,0,54,34,0,88,8,63,38,0,109,16,0,16,125
01/21/2023,GSN,MP,AWP,WE,Federal Contract Tower,10,14,4,0,28,0,52,39,0,91,10,66,43,0,119,0,0,0,119
01/22/2023,GSN,MP,AWP,WE,Federal Contract Tower,6,18,0,0,24,0,37,25,0,62,6,55,25,0,86,0,0,0,86
01/23/2023,GSN,MP,AWP,WE,Federal Contract Tower,8,10,0,0,18,0,54,28,0,82,8,64,28,0,100,0,0,0,100
01/24/2023,GSN,MP,AWP,WE,Federal Contract Tower,8,8,1,0,17,0,53,21,0,74,8,61,22,0,91,0,0,0,91
01/25/2023,GSN,MP,AWP,WE,Federal Contract Tower,8,12,0,0,20,0,50,20,0,70,8,62,20,0,90,0,0,0,90
01/26/2023,GSN,MP,AWP,WE,Federal Contract Tower,6,7,7,0,20,0,68,15,0,83,6,75,22,0,103,0,0,0,103
01/27/2023,GSN,MP,AWP,WE,Federal Contract Tower,8,11,0,0,19,0,99,9,0,108,8,110,9,0,127,0,0,0,127
01/28/2023,GSN,MP,AWP,WE,Federal Contract Tower,6,10,0,0,16,0,71,30,0,101,6,81,30,0,117,8,0,8,125
01/29/2023,GSN,MP,AWP,WE,Federal Contract Tower,6,8,1,0,15,0,49,23,0,72,6,57,24,0,87,0,0,0,87
01/30/2023,GSN,MP,AWP,WE,Federal Contract Tower,8,8,3,0,19,0,47,32,0,79,8,55,35,0,98,0,0,0,98
01/31/2023,GSN,MP,AWP,WE,Federal Contract Tower,4,9,0,0,13,0,42,23,0,65,4,51,23,0,78,2,0,2,80
02/01/2023,GSN,MP,AWP,WE,Federal Contract Tower,8,12,4,0,24,0,61,9,0,70,8,73,13,0,94,0,0,0,94
02/02/2023,GSN,MP,AWP,WE,Federal Contract Tower,8,10,4,0,22,0,50,7,0,57,8,60,11,0,79,0,0,0,79
02/03/2023,GSN,MP,AWP,WE,Federal Contract Tower,10,12,0,0,22,0,56,18,0,74,10,68,18,0,96,0,0,0,96
02/04/2023,GSN,MP,AWP,WE,Federal Contract Tower,6,13,0,1,20,0,52,19,1,72,6,65,19,2,92,0,14,14,106
02/05/2023,GSN,MP,AWP,WE,Federal Contract Tower,8,8,0,0,16,23,19,0,0,42,31,27,0,0,58,0,0,0,58
02/06/2023,GSN,MP,AWP,WE,Federal Contract Tower,10,10,5,0,25,0,51,36,0,87,10,61,41,0,112,0,0,0,112
02/07/2023,GSN,MP,AWP,WE,Federal Contract Tower,4,14,0,0,18,0,41,16,3,60,4,55,16,3,78,14,0,14,92
02/08/2023,GSN,MP,AWP,WE,Federal Contract Tower,8,9,4,1,22,0,61,39,2,102,8,70,43,3,124,0,0,0,124
02/09/2023,GSN,MP,AWP,WE,Federal Contract Tower,8,9,3,0,20,0,60,17,5,82,8,69,20,5,102,18,0,18,120
02/10/2023,GSN,MP,AWP,WE,Federal Contract Tower,10,15,0,3,28,0,77,17,0,94,10,92,17,3,122,10,12,22,144
02/11/2023,GSN,MP,AWP,WE,Federal Contract Tower,6,14,1,2,23,0,64,19,0,83,6,78,20,2,106,0,0,0,106
02/12/2023,GSN,MP,AWP,WE,Federal Contract Tower,8,8,1,5,22,0,47,31,1,79,8,55,32,6,101,0,0,0,101
02/13/2023,GSN,MP,AWP,WE,Federal Contract Tower,10,11,3,2,26,0,46,34,4,84,10,57,37,6,110,0,0,0,110
02/14/2023,GSN,MP,AWP,WE,Federal Contract Tower,4,7,0,4,15,0,54,28,6,88,4,61,28,10,103,2,8,10,113
02/15/2023,GSN,MP,AWP,WE,Federal Contract Tower,8,23,4,4,39,0,38,6,0,44,8,61,10,4,83,0,0,0,83
02/16/2023,GSN,MP,AWP,WE,Federal Contract Tower,8,12,10,2,32,0,62,22,2,86,8,74,32,4,118,12,0,12,130
02/17/2023,GSN,MP,AWP,WE,Federal Contract Tower,10,15,0,1,26,0,107,31,0,138,10,122,31,1,164,0,3,3,167
02/18/2023,GSN,MP,AWP,WE,Federal Contract Tower,6,14,0,2,22,0,93,36,8,137,6,107,36,10,159,0,0,0,159
02/19/2023,GSN,MP,AWP,WE,Federal Contract Tower,0,8,7,0,15,0,72,38,1,111,0,80,45,1,126,0,0,0,126
02/20/2023,GSN,MP,AWP,WE,Federal Contract Tower,10,12,9,0,31,0,62,44,0,106,10,74,53,0,137,20,0,20,157
02/21/2023,GSN,MP,AWP,WE,Federal Contract Tower,4,21,0,0,25,0,57,24,0,81,4,78,24,0,106,20,0,20,126
02/22/2023,GSN,MP,AWP,WE,Federal Contract Tower,10,12,4,0,26,0,53,14,0,67,10,65,18,0,93,28,0,28,121
02/23/2023,GSN,MP,AWP,WE,Federal Contract Tower,8,11,2,2,23,0,65,16,3,84,8,76,18,5,107,0,0,0,107
02/24/2023,GSN,MP,AWP,WE,Federal Contract Tower,10,10,0,0,20,0,82,21,0,103,10,92,21,0,123,0,4,4,127
02/25/2023,GSN,MP,AWP,WE,Federal Contract Tower,8,14,0,0,22,0,59,21,0,80,8,73,21,0,102,2,0,2,104
02/26/2023,GSN,MP,AWP,WE,Federal Contract Tower,8,8,0,4,20,0,69,9,0,78,8,77,9,4,98,0,0,0,98
02/27/2023,GSN,MP,AWP,WE,Federal Contract Tower,10,12,2,0,24,0,47,40,0,87,10,59,42,0,111,0,0,0,111
02/28/2023,GSN,MP,AWP,WE,Federal Contract Tower,6,13,5,0,24,0,37,14,0,51,6,50,19,0,75,0,0,0,75
03/01/2023,GSN,MP,AWP,WE,Federal Contract Tower,10,16,0,0,26,0,59,20,0,79,10,75,20,0,105,4,0,4,109
03/02/2023,GSN,MP,AWP,WE,Federal Contract Tower,8,15,0,0,23,0,62,37,0,99,8,77,37,0,122,20,0,20,142
03/03/2023,GSN,MP,AWP,WE,Federal Contract Tower,8,14,0,0,22,0,66,14,2,82,8,80,14,2,104,0,0,0,104
03/04/2023,GSN,MP,AWP,WE,Federal Contract Tower,4,10,0,0,14,0,56,27,0,83,4,66,27,0,97,0,0,0,97
03/05/2023,GSN,MP,AWP,WE,Federal Contract Tower,8,9,3,0,20,0,32,15,0,47,8,41,18,0,67,0,0,0,67
03/06/2023,GSN,MP,AWP,WE,Federal Contract Tower,8,11,8,0,27,0,47,12,2,61,8,58,20,2,88,0,0,0,88
03/07/2023,GSN,MP,AWP,WE,Federal Contract Tower,4,9,3,0,16,0,75,21,2,98,4,84,24,2,114,0,0,0,114
03/08/2023,GSN,MP,AWP,WE,Federal Contract Tower,6,7,6,0,19,0,60,11,0,71,6,67,17,0,90,0,0,0,90
03/09/2023,GSN,MP,AWP,WE,Federal Contract Tower,8,9,6,0,23,0,80,22,1,103,8,89,28,1,126,0,0,0,126
03/10/2023,GSN,MP,AWP,WE,Federal Contract Tower,8,10,1,0,19,0,75,17,0,92,8,85,18,0,111,0,0,0,111
03/11/2023,GSN,MP,AWP,WE,Federal Contract Tower,4,8,0,0,12,0,62,25,0,87,4,70,25,0,99,0,0,0,99
03/12/2023,GSN,MP,AWP,WE,Federal Contract Tower,8,7,0,0,15,0,50,4,0,54,8,57,4,0,69,0,0,0,69
03/13/2023,GSN,MP,AWP,WE,Federal Contract Tower,8,10,4,0,22,0,59,13,0,72,8,69,17,0,94,0,0,0,94
03/14/2023,GSN,MP,AWP,WE,Federal Contract Tower,4,7,7,2,20,0,57,22,0,79,4,64,29,2,99,0,0,0,99
03/15/2023,GSN,MP,AWP,WE,Federal Contract Tower,6,17,0,0,23,0,48,12,0,60,6,65,12,0,83,0,0,0,83
03/16/2023,GSN,MP,AWP,WE,Federal Contract Tower,8,8,0,0,16,0,73,17,2,92,8,81,17,2,108,0,0,0,108
03/17/2023,GSN,MP,AWP,WE,Federal Contract Tower,8,16,0,0,24,0,68,23,2,93,8,84,23,2,117,0,0,0,117
03/18/2023,GSN,MP,AWP,WE,Federal Contract Tower,4,10,0,0,14,0,87,18,0,105,4,97,18,0,119,0,0,0,119
03/19/2023,GSN,MP,AWP,WE,Federal Contract Tower,8,4,0,0,12,0,71,5,0,76,8,75,5,0,88,0,0,0,88
03/20/2023,GSN,MP,AWP,WE,Federal Contract Tower,10,9,7,0,26,0,49,15,0,64,10,58,22,0,90,0,0,0,90
03/21/2023,GSN,MP,AWP,WE,Federal Contract Tower,4,4,3,0,11,0,111,26,0,137,4,115,29,0,148,0,0,0,148
03/22/2023,GSN,MP,AWP,WE,Federal Contract Tower,6,9,0,0,15,0,89,45,0,134,6,98,45,0,149,0,0,0,149
03/23/2023,GSN,MP,AWP,WE,Federal Contract Tower,10,0,0,0,10,0,79,42,2,123,10,79,42,2,133,2,0,2,135
03/24/2023,GSN,MP,AWP,WE,Federal Contract Tower,7,11,1,0,19,0,76,4,0,80,7,87,5,0,99,0,0,0,99
03/25/2023,GSN,MP,AWP,WE,Federal Contract Tower,4,6,0,0,10,0,42,11,0,53,4,48,11,0,63,2,0,2,65
03/26/2023,GSN,MP,AWP,WE,Federal Contract Tower,8,3,0,0,11,0,68,13,0,81,8,71,13,0,92,0,0,0,92
03/27/2023,GSN,MP,AWP,WE,Federal Contract Tower,8,5,1,0,14,0,59,12,0,71,8,64,13,0,85,0,0,0,85
03/28/2023,GSN,MP,AWP,WE,Federal Contract Tower,4,4,2,0,10,0,59,38,0,97,4,63,40,0,107,0,0,0,107
03/29/2023,GSN,MP,AWP,WE,Federal Contract Tower,5,12,0,0,17,0,42,18,0,60,5,54,18,0,77,10,0,10,87
03/30/2023,GSN,MP,AWP,WE,Federal Contract Tower,8,1,6,0,15,0,58,26,0,84,8,59,32,0,99,0,0,0,99
03/31/2023,GSN,MP,AWP,WE,Federal Contract Tower,8,1,5,0,14,0,80,10,0,90,8,81,15,0,104,14,0,14,118
04/01/2023,GSN,MP,AWP,WE,Federal Contract Tower,4,3,0,0,7,0,72,25,0,97,4,75,25,0,104,0,0,0,104
04/02/2023,GSN,MP,AWP,WE,Federal Contract Tower,8,0,0,0,8,0,49,10,0,59,8,49,10,0,67,2,0,2,69
04/03/2023,GSN,MP,AWP,WE,Federal Contract Tower,8,12,0,0,20,0,46,8,0,54,8,58,8,0,74,0,0,0,74
04/04/2023,GSN,MP,AWP,WE,Federal Contract Tower,4,0,7,0,11,0,58,17,0,75,4,58,24,0,86,0,0,0,86
04/05/2023,GSN,MP,AWP,WE,Federal Contract Tower,6,0,6,0,12,0,64,18,0,82,6,64,24,0,94,0,0,0,94
04/06/2023,GSN,MP,AWP,WE,Federal Contract Tower,8,2,6,0,16,0,67,3,0,70,8,69,9,0,86,0,0,0,86
04/07/2023,GSN,MP,AWP,WE,Federal Contract Tower,8,1,4,0,13,0,62,8,0,70,8,63,12,0,83,0,0,0,83
04/08/2023,GSN,MP,AWP,WE,Federal Contract Tower,4,2,0,0,6,0,37,12,0,49,4,39,12,0,55,0,0,0,55
04/09/2023,GSN,MP,AWP,WE,Federal Contract Tower,8,0,0,0,8,0,33,14,0,47,8,33,14,0,55,2,0,2,57
04/10/2023,GSN,MP,AWP,WE,Federal Contract Tower,8,0,0,0,8,0,67,20,0,87,8,67,20,0,95,0,0,0,95
04/11/2023,GSN,MP,AWP,WE,Federal Contract Tower,4,0,6,0,10,0,60,21,0,81,4,60,27,0,91,0,0,0,91
04/12/2023,GSN,MP,AWP,WE,Federal Contract Tower,6,0,4,0,10,0,66,20,0,86,6,66,24,0,96,0,0,0,96
04/13/2023,GSN,MP,AWP,WE,Federal Contract Tower,10,0,0,0,10,0,52,26,0,78,10,52,26,0,88,0,0,0,88
04/14/2023,GSN,MP,AWP,WE,Federal Contract Tower,9,0,0,0,9,0,99,28,0,127,9,99,28,0,136,0,0,0,136
04/15/2023,GSN,MP,AWP,WE,Federal Contract Tower,6,4,0,0,10,0,75,40,0,115,6,79,40,0,125,0,0,0,125
04/16/2023,GSN,MP,AWP,WE,Federal Contract Tower,10,0,0,0,10,0,45,15,0,60,10,45,15,0,70,6,0,6,76
04/17/2023,GSN,MP,AWP,WE,Federal Contract Tower,10,8,0,0,18,0,47,16,0,63,10,55,16,0,81,0,0,0,81
04/18/2023,GSN,MP,AWP,WE,Federal Contract Tower,6,0,6,0,12,0,43,21,0,64,6,43,27,0,76,0,0,0,76
04/19/2023,GSN,MP,AWP,WE,Federal Contract Tower,8,1,3,0,12,0,46,35,0,81,8,47,38,0,93,0,0,0,93
04/20/2023,GSN,MP,AWP,WE,Federal Contract Tower,10,0,1,0,11,0,56,25,0,81,10,56,26,0,92,0,0,0,92
04/21/2023,GSN,MP,AWP,WE,Federal Contract Tower,10,0,2,0,12,0,76,22,0,98,10,76,24,0,110,0,0,0,110
04/22/2023,GSN,MP,AWP,WE,Federal Contract Tower,6,7,0,0,13,0,56,19,0,75,6,63,19,0,88,0,0,0,88
04/23/2023,GSN,MP,AWP,WE,Federal Contract Tower,10,2,0,0,12,0,41,16,0,57,10,43,16,0,69,0,0,0,69
04/24/2023,GSN,MP,AWP,WE,Federal Contract Tower,10,3,0,0,13,0,50,19,0,69,10,53,19,0,82,0,0,0,82
04/25/2023,GSN,MP,AWP,WE,Federal Contract Tower,6,0,4,0,10,0,55,21,2,78,6,55,25,2,88,0,0,0,88
04/26/2023,GSN,MP,AWP,WE,Federal Contract Tower,8,0,7,0,15,0,56,9,0,65,8,56,16,0,80,0,0,0,80
04/27/2023,GSN,MP,AWP,WE,Federal Contract Tower,10,2,4,0,16,0,58,18,0,76,10,60,22,0,92,0,0,0,92
04/28/2023,GSN,MP,AWP,WE,Federal Contract Tower,10,0,6,0,16,0,80,26,0,106,10,80,32,0,122,0,0,0,122
04/29/2023,GSN,MP,AWP,WE,Federal Contract Tower,8,0,3,0,11,0,85,32,2,119,8,85,35,2,130,0,0,0,130
04/30/2023,GSN,MP,AWP,WE,Federal Contract Tower,10,0,0,0,10,0,61,39,0,100,10,61,39,0,110,2,2,4,114
05/01/2023,GSN,MP,AWP,WE,Federal Contract Tower,12,5,0,0,17,0,54,51,0,105,12,59,51,0,122,2,0,2,124
05/02/2023,GSN,MP,AWP,WE,Federal Contract Tower,8,6,1,0,15,0,64,71,0,135,8,70,72,0,150,0,0,0,150
05/03/2023,GSN,MP,AWP,WE,Federal Contract Tower,10,0,4,0,14,0,55,43,0,98,10,55,47,0,112,0,0,0,112
05/04/2023,GSN,MP,AWP,WE,Federal Contract Tower,10,0,2,0,12,0,78,44,0,122,10,78,46,0,134,0,0,0,134
05/05/2023,GSN,MP,AWP,WE,Federal Contract Tower,12,0,0,0,12,0,118,40,0,158,12,118,40,0,170,2,0,2,172
05/06/2023,GSN,MP,AWP,WE,Federal Contract Tower,8,0,4,0,12,0,92,44,0,136,8,92,48,0,148,0,0,0,148
05/07/2023,GSN,MP,AWP,WE,Federal Contract Tower,10,0,1,0,11,0,44,30,0,74,10,44,31,0,85,0,0,0,85
05/08/2023,GSN,MP,AWP,WE,Federal Contract Tower,12,2,0,0,14,0,61,28,0,89,12,63,28,0,103,2,0,2,105
05/09/2023,GSN,MP,AWP,WE,Federal Contract Tower,8,2,0,0,10,0,63,23,0,86,8,65,23,0,96,0,0,0,96
05/10/2023,GSN,MP,AWP,WE,Federal Contract Tower,10,0,9,0,19,0,55,24,0,79,10,55,33,0,98,0,0,0,98
05/11/2023,GSN,MP,AWP,WE,Federal Contract Tower,10,0,4,0,14,0,69,31,0,100,10,69,35,0,114,0,0,0,114
05/12/2023,GSN,MP,AWP,WE,Federal Contract Tower,12,0,3,0,15,0,78,35,0,113,12,78,38,0,128,0,0,0,128
05/13/2023,GSN,MP,AWP,WE,Federal Contract Tower,8,0,3,0,11,0,67,30,0,97,8,67,33,0,108,0,0,0,108
05/14/2023,GSN,MP,AWP,WE,Federal Contract Tower,10,0,0,0,10,0,63,10,0,73,10,63,10,0,83,0,0,0,83
05/15/2023,GSN,MP,AWP,WE,Federal Contract Tower,21,2,0,0,23,0,0,0,0,0,21,2,0,0,23,0,0,0,23
05/16/2023,GSN,MP,AWP,WE,Federal Contract Tower,8,6,0,0,14,0,59,20,0,79,8,65,20,0,93,0,0,0,93
05/17/2023,GSN,MP,AWP,WE,Federal Contract Tower,10,0,3,0,13,0,56,21,0,77,10,56,24,0,90,0,0,0,90
05/18/2023,GSN,MP,AWP,WE,Federal Contract Tower,10,0,2,0,12,0,68,20,0,88,10,68,22,0,100,0,0,0,100
05/19/2023,GSN,MP,AWP,WE,Federal Contract Tower,12,0,4,0,16,0,80,30,0,110,12,80,34,0,126,0,0,0,126
05/20/2023,GSN,MP,AWP,WE,Federal Contract Tower,8,0,3,0,11,0,73,38,0,111,8,73,41,0,122,0,0,0,122
05/21/2023,GSN,MP,AWP,WE,Federal Contract Tower,10,0,0,0,10,0,50,13,0,63,10,50,13,0,73,0,0,0,73
05/22/2023,GSN,MP,AWP,WE,Federal Contract Tower,12,0,0,0,12,0,39,16,0,55,12,39,16,0,67,0,0,0,67
05/23/2023,GSN,MP,AWP,WE,Federal Contract Tower,6,0,0,0,6,0,2,0,0,2,6,2,0,0,8,0,0,0,8
05/24/2023,GSN,MP,AWP,WE,Federal Contract Tower,0,0,0,0,0,0,0,0,0,0,0,0,0,0,0,0,0,0,0
05/25/2023,GSN,MP,AWP,WE,Federal Contract Tower,0,0,0,3,3,0,0,0,0,0,0,0,0,3,3,0,0,0,3
05/26/2023,GSN,MP,AWP,WE,Federal Contract Tower,16,0,5,2,23,0,29,11,0,40,16,29,16,2,63,0,0,0,63
05/27/2023,GSN,MP,AWP,WE,Federal Contract Tower,6,0,3,2,11,0,67,26,4,97,6,67,29,6,108,0,0,0,108
05/28/2023,GSN,MP,AWP,WE,Federal Contract Tower,8,0,0,2,10,0,42,16,4,62,8,42,16,6,72,0,0,0,72
05/29/2023,GSN,MP,AWP,WE,Federal Contract Tower,8,0,7,0,15,0,61,19,2,82,8,61,26,2,97,0,0,0,97
05/30/2023,GSN,MP,AWP,WE,Federal Contract Tower,9,0,2,2,13,0,58,22,5,85,9,58,24,7,98,0,0,0,98
05/31/2023,GSN,MP,AWP,WE,Federal Contract Tower,6,0,4,3,13,0,62,37,0,99,6,62,41,3,112,0,0,0,112
06/01/2023,GSN,MP,AWP,WE,Federal Contract Tower,11,0,2,0,13,0,61,39,2,102,11,61,41,2,115,0,0,0,115
06/02/2023,GSN,MP,AWP,WE,Federal Contract Tower,15,0,1,0,16,0,90,36,1,127,15,90,37,1,143,0,0,0,143
06/03/2023,GSN,MP,AWP,WE,Federal Contract Tower,10,0,4,0,14,0,74,48,0,122,10,74,52,0,136,0,0,0,136
06/04/2023,GSN,MP,AWP,WE,Federal Contract Tower,12,0,0,3,15,0,0,0,0,0,12,0,0,3,15,0,0,0,15
06/06/2023,GSN,MP,AWP,WE,Federal Contract Tower,10,4,0,0,14,0,71,19,0,90,10,75,19,0,104,2,0,2,106
06/07/2023,GSN,MP,AWP,WE,Federal Contract Tower,12,5,1,0,18,0,74,23,0,97,12,79,24,0,115,0,0,0,115
06/08/2023,GSN,MP,AWP,WE,Federal Contract Tower,12,0,5,0,17,0,70,39,0,109,12,70,44,0,126,0,0,0,126
06/09/2023,GSN,MP,AWP,WE,Federal Contract Tower,13,0,3,0,16,0,82,32,0,114,13,82,35,0,130,0,0,0,130
06/10/2023,GSN,MP,AWP,WE,Federal Contract Tower,8,0,4,0,12,0,50,28,0,78,8,50,32,0,90,0,0,0,90
06/11/2023,GSN,MP,AWP,WE,Federal Contract Tower,10,0,0,0,10,0,61,12,0,73,10,61,12,0,83,0,0,0,83
06/12/2023,GSN,MP,AWP,WE,Federal Contract Tower,14,0,7,0,21,0,71,21,0,92,14,71,28,0,113,0,0,0,113
06/13/2023,GSN,MP,AWP,WE,Federal Contract Tower,8,6,0,0,14,0,79,28,0,107,8,85,28,0,121,2,0,2,123
06/14/2023,GSN,MP,AWP,WE,Federal Contract Tower,10,3,0,1,14,0,72,14,1,87,10,75,14,2,101,0,0,0,101
06/15/2023,GSN,MP,AWP,WE,Federal Contract Tower,12,0,2,0,14,0,73,30,0,103,12,73,32,0,117,0,0,0,117
06/16/2023,GSN,MP,AWP,WE,Federal Contract Tower,12,0,4,0,16,0,81,23,0,104,12,81,27,0,120,0,0,0,120
06/17/2023,GSN,MP,AWP,WE,Federal Contract Tower,8,0,6,0,14,0,74,28,0,102,8,74,34,0,116,0,0,0,116
06/18/2023,GSN,MP,AWP,WE,Federal Contract Tower,10,0,0,0,10,0,65,23,0,88,10,65,23,0,98,0,0,0,98
06/19/2023,GSN,MP,AWP,WE,Federal Contract Tower,14,0,4,0,18,0,66,42,0,108,14,66,46,0,126,0,0,0,126
06/20/2023,GSN,MP,AWP,WE,Federal Contract Tower,8,2,0,0,10,0,72,37,0,109,8,74,37,0,119,2,0,2,121
06/21/2023,GSN,MP,AWP,WE,Federal Contract Tower,10,0,1,0,11,0,62,21,0,83,10,62,22,0,94,0,0,0,94
06/22/2023,GSN,MP,AWP,WE,Federal Contract Tower,12,0,2,0,14,0,57,34,0,91,12,57,36,0,105,0,0,0,105
06/23/2023,GSN,MP,AWP,WE,Federal Contract Tower,12,0,3,0,15,0,74,34,0,108,12,74,37,0,123,0,0,0,123
06/24/2023,GSN,MP,AWP,WE,Federal Contract Tower,8,0,3,0,11,0,49,30,0,79,8,49,33,0,90,0,0,0,90
06/25/2023,GSN,MP,AWP,WE,Federal Contract Tower,10,0,0,0,10,0,47,7,0,54,10,47,7,0,64,0,0,0,64
06/26/2023,GSN,MP,AWP,WE,Federal Contract Tower,14,0,3,0,17,0,51,35,0,86,14,51,38,0,103,0,0,0,103
06/27/2023,GSN,MP,AWP,WE,Federal Contract Tower,8,1,0,0,9,0,56,46,0,102,8,57,46,0,111,0,0,0,111
06/28/2023,GSN,MP,AWP,WE,Federal Contract Tower,10,0,3,0,13,0,57,21,0,78,10,57,24,0,91,0,0,0,91
06/29/2023,GSN,MP,AWP,WE,Federal Contract Tower,12,0,1,0,13,0,66,43,0,109,12,66,44,0,122,0,0,0,122
06/30/2023,GSN,MP,AWP,WE,Federal Contract Tower,14,0,3,0,17,0,85,41,0,126,14,85,44,0,143,0,0,0,143
07/01/2023,GSN,MP,AWP,WE,Federal Contract Tower,10,0,0,0,10,0,52,82,2,136,10,52,82,2,146,0,0,0,146
07/02/2023,GSN,MP,AWP,WE,Federal Contract Tower,12,0,0,0,12,0,63,19,2,84,12,63,19,2,96,0,0,0,96
07/03/2023,GSN,MP,AWP,WE,Federal Contract Tower,16,0,2,0,18,0,59,41,6,106,16,59,43,6,124,0,0,0,124
07/04/2023,GSN,MP,AWP,WE,Federal Contract Tower,12,0,1,0,13,0,54,26,2,82,12,54,27,2,95,0,0,0,95
07/05/2023,GSN,MP,AWP,WE,Federal Contract Tower,14,0,0,0,14,0,77,48,0,125,14,77,48,0,139,2,0,2,141
07/06/2023,GSN,MP,AWP,WE,Federal Contract Tower,14,0,1,0,15,0,60,57,4,121,14,60,58,4,136,0,0,0,136
07/07/2023,GSN,MP,AWP,WE,Federal Contract Tower,14,0,4,0,18,0,66,31,0,97,14,66,35,0,115,0,0,0,115
07/08/2023,GSN,MP,AWP,WE,Federal Contract Tower,12,1,4,1,18,0,49,34,4,87,12,50,38,5,105,0,0,0,105
07/09/2023,GSN,MP,AWP,WE,Federal Contract Tower,12,0,0,4,16,0,51,23,8,82,12,51,23,12,98,0,0,0,98
07/10/2023,GSN,MP,AWP,WE,Federal Contract Tower,16,0,9,0,25,0,63,35,6,104,16,63,44,6,129,0,0,0,129
07/11/2023,GSN,MP,AWP,WE,Federal Contract Tower,12,2,5,2,21,0,64,21,0,85,12,66,26,2,106,0,0,0,106
07/12/2023,GSN,MP,AWP,WE,Federal Contract Tower,14,0,1,0,15,0,75,34,0,109,14,75,35,0,124,0,0,0,124
07/13/2023,GSN,MP,AWP,WE,Federal Contract Tower,14,0,1,0,15,0,81,41,0,122,14,81,42,0,137,0,0,0,137
07/14/2023,GSN,MP,AWP,WE,Federal Contract Tower,14,0,3,1,18,0,66,45,15,126,14,66,48,16,144,0,0,0,144
07/15/2023,GSN,MP,AWP,WE,Federal Contract Tower,12,0,3,0,15,0,59,34,0,93,12,59,37,0,108,0,0,0,108
07/16/2023,GSN,MP,AWP,WE,Federal Contract Tower,13,0,0,0,13,0,53,20,8,81,13,53,20,8,94,0,0,0,94
07/17/2023,GSN,MP,AWP,WE,Federal Contract Tower,16,0,2,0,18,0,61,45,8,114,16,61,47,8,132,0,0,0,132
07/18/2023,GSN,MP,AWP,WE,Federal Contract Tower,12,0,2,1,15,0,100,50,1,151,12,100,52,2,166,0,12,12,178
07/19/2023,GSN,MP,AWP,WE,Federal Contract Tower,14,0,0,0,14,0,77,15,2,94,14,77,15,2,108,0,0,0,108
07/20/2023,GSN,MP,AWP,WE,Federal Contract Tower,16,1,1,0,18,0,69,60,0,129,16,70,61,0,147,0,0,0,147
07/21/2023,GSN,MP,AWP,WE,Federal Contract Tower,14,0,2,0,16,0,89,25,0,114,14,89,27,0,130,0,0,0,130
07/22/2023,GSN,MP,AWP,WE,Federal Contract Tower,10,0,2,1,13,0,82,47,0,129,10,82,49,1,142,0,0,0,142
07/23/2023,GSN,MP,AWP,WE,Federal Contract Tower,12,0,0,2,14,0,63,20,0,83,12,63,20,2,97,0,0,0,97
07/24/2023,GSN,MP,AWP,WE,Federal Contract Tower,18,0,5,0,23,0,52,43,0,95,18,52,48,0,118,0,0,0,118
07/25/2023,GSN,MP,AWP,WE,Federal Contract Tower,10,0,8,0,18,0,69,26,2,97,10,69,34,2,115,0,0,0,115
07/27/2023,GSN,MP,AWP,WE,Federal Contract Tower,17,0,10,0,27,0,62,38,0,100,17,62,48,0,127,0,0,0,127
07/28/2023,GSN,MP,AWP,WE,Federal Contract Tower,16,0,8,0,24,0,80,52,0,132,16,80,60,0,156,0,0,0,156
07/29/2023,GSN,MP,AWP,WE,Federal Contract Tower,10,0,4,0,14,0,67,44,0,111,10,67,48,0,125,0,0,0,125
07/30/2023,GSN,MP,AWP,WE,Federal Contract Tower,12,0,2,0,14,0,57,18,0,75,12,57,20,0,89,0,0,0,89
07/31/2023,GSN,MP,AWP,WE,Federal Contract Tower,18,0,2,0,20,0,59,40,0,99,18,59,42,0,119,0,0,0,119
08/01/2023,GSN,MP,AWP,WE,Federal Contract Tower,10,0,3,2,15,0,55,19,2,76,10,55,22,4,91,0,0,0,91
08/02/2023,GSN,MP,AWP,WE,Federal Contract Tower,12,0,5,0,17,0,74,24,0,98,12,74,29,0,115,0,0,0,115
08/03/2023,GSN,MP,AWP,WE,Federal Contract Tower,14,2,0,0,16,0,64,34,0,98,14,66,34,0,114,0,0,0,114
08/04/2023,GSN,MP,AWP,WE,Federal Contract Tower,16,4,0,0,20,0,70,20,0,90,16,74,20,0,110,0,0,0,110
08/05/2023,GSN,MP,AWP,WE,Federal Contract Tower,10,0,3,0,13,0,52,32,0,84,10,52,35,0,97,0,0,0,97
08/06/2023,GSN,MP,AWP,WE,Federal Contract Tower,12,0,0,0,12,0,64,30,0,94,12,64,30,0,106,0,0,0,106
08/07/2023,GSN,MP,AWP,WE,Federal Contract Tower,18,0,4,0,22,0,75,58,0,133,18,75,62,0,155,0,0,0,155
08/08/2023,GSN,MP,AWP,WE,Federal Contract Tower,10,0,2,0,12,0,67,54,0,121,10,67,56,0,133,0,0,0,133
08/09/2023,GSN,MP,AWP,WE,Federal Contract Tower,12,6,0,0,18,0,89,14,0,103,12,95,14,0,121,0,0,0,121
08/10/2023,GSN,MP,AWP,WE,Federal Contract Tower,14,5,0,0,19,0,67,20,0,87,14,72,20,0,106,0,0,0,106
08/11/2023,GSN,MP,AWP,WE,Federal Contract Tower,18,7,0,0,25,0,0,0,0,0,18,7,0,0,25,0,0,0,25
08/12/2023,GSN,MP,AWP,WE,Federal Contract Tower,10,0,7,0,17,0,105,37,0,142,10,105,44,0,159,0,0,0,159
08/13/2023,GSN,MP,AWP,WE,Federal Contract Tower,12,0,0,0,12,0,78,26,0,104,12,78,26,0,116,0,0,0,116
08/14/2023,GSN,MP,AWP,WE,Federal Contract Tower,18,0,10,0,28,0,72,40,0,112,18,72,50,0,140,0,0,0,140
08/15/2023,GSN,MP,AWP,WE,Federal Contract Tower,10,0,4,0,14,0,89,54,0,143,10,89,58,0,157,0,0,0,157
08/16/2023,GSN,MP,AWP,WE,Federal Contract Tower,11,1,0,0,12,0,83,37,2,122,11,84,37,2,134,0,0,0,134
08/17/2023,GSN,MP,AWP,WE,Federal Contract Tower,14,2,2,0,18,0,79,62,2,143,14,81,64,2,161,14,0,14,175
08/18/2023,GSN,MP,AWP,WE,Federal Contract Tower,16,1,3,0,20,0,95,33,0,128,16,96,36,0,148,8,0,8,156
08/19/2023,GSN,MP,AWP,WE,Federal Contract Tower,10,0,9,0,19,0,75,59,0,134,10,75,68,0,153,0,0,0,153
08/20/2023,GSN,MP,AWP,WE,Federal Contract Tower,12,0,0,0,12,0,44,13,0,57,12,44,13,0,69,0,0,0,69
08/21/2023,GSN,MP,AWP,WE,Federal Contract Tower,18,0,4,0,22,0,0,0,0,0,18,0,4,0,22,0,0,0,22
08/22/2023,GSN,MP,AWP,WE,Federal Contract Tower,10,0,0,0,10,0,65,40,6,111,10,65,40,6,121,0,0,0,121
08/23/2023,GSN,MP,AWP,WE,Federal Contract Tower,12,0,2,0,14,0,54,39,0,93,12,54,41,0,107,0,0,0,107
08/24/2023,GSN,MP,AWP,WE,Federal Contract Tower,14,1,0,0,15,0,68,41,0,109,14,69,41,0,124,0,0,0,124
08/25/2023,GSN,MP,AWP,WE,Federal Contract Tower,14,3,0,0,17,0,77,38,0,115,14,80,38,0,132,0,0,0,132
08/26/2023,GSN,MP,AWP,WE,Federal Contract Tower,10,0,2,0,12,0,43,37,0,80,10,43,39,0,92,0,0,0,92
08/27/2023,GSN,MP,AWP,WE,Federal Contract Tower,12,0,0,0,12,0,38,12,0,50,12,38,12,0,62,0,0,0,62
08/28/2023,GSN,MP,AWP,WE,Federal Contract Tower,15,0,6,0,21,0,44,48,0,92,15,44,54,0,113,0,0,0,113
08/29/2023,GSN,MP,AWP,WE,Federal Contract Tower,11,0,1,0,12,0,41,15,0,56,11,41,16,0,68,0,0,0,68
08/30/2023,GSN,MP,AWP,WE,Federal Contract Tower,12,0,1,0,13,0,67,17,0,84,12,67,18,0,97,0,0,0,97
08/31/2023,GSN,MP,AWP,WE,Federal Contract Tower,14,5,0,0,19,0,67,29,0,96,14,72,29,0,115,0,0,0,115
