01/01/2000,GSO,NC,ASO,ES,Towers with Radar,72,39,30,0,141,3,1,28,0,32,75,40,58,0,173,33,0,33,206
01/02/2000,GSO,NC,ASO,ES,Towers with Radar,99,78,70,2,249,0,4,0,0,4,99,82,70,2,253,104,0,104,357
01/03/2000,GSO,NC,ASO,ES,Towers with Radar,99,78,70,0,247,0,4,0,0,4,99,82,70,0,251,104,0,104,355
01/04/2000,GSO,NC,ASO,ES,Towers with Radar,103,75,66,0,244,8,5,0,0,13,111,80,66,0,257,38,0,38,295
01/05/2000,GSO,NC,ASO,ES,Towers with Radar,116,74,84,0,274,0,0,64,0,64,116,74,148,0,338,41,0,41,379
01/06/2000,GSO,NC,ASO,ES,Towers with Radar,110,77,90,0,277,0,0,57,0,57,110,77,147,0,334,49,44,93,427
01/07/2000,GSO,NC,ASO,ES,Towers with Radar,117,81,87,0,285,0,0,63,0,63,117,81,150,0,348,40,0,40,388
01/08/2000,GSO,NC,ASO,ES,Towers with Radar,77,54,46,0,177,6,0,86,0,92,83,54,132,0,269,49,0,49,318
01/09/2000,GSO,NC,ASO,ES,Towers with Radar,90,49,54,0,193,6,0,0,0,6,96,49,54,0,199,27,0,27,226
01/10/2000,GSO,NC,ASO,ES,Towers with Radar,101,67,74,0,242,0,0,7,0,7,101,67,81,0,249,34,0,34,283
01/11/2000,GSO,NC,ASO,ES,Towers with Radar,113,78,80,0,271,2,0,38,0,40,115,78,118,0,311,83,0,83,394
01/12/2000,GSO,NC,ASO,ES,Towers with Radar,114,79,95,0,288,0,0,97,0,97,114,79,192,0,385,59,0,59,444
01/13/2000,GSO,NC,ASO,ES,Towers with Radar,114,83,94,0,291,0,0,49,0,49,114,83,143,0,340,36,0,36,376
01/14/2000,GSO,NC,ASO,ES,Towers with Radar,116,82,85,0,283,0,0,48,0,48,116,82,133,0,331,54,0,54,385
01/15/2000,GSO,NC,ASO,ES,Towers with Radar,84,52,51,0,187,5,1,90,0,96,89,53,141,0,283,66,0,66,349
01/16/2000,GSO,NC,ASO,ES,Towers with Radar,73,52,51,0,176,19,0,11,0,30,92,52,62,0,206,36,0,36,242
01/17/2000,GSO,NC,ASO,ES,Towers with Radar,101,71,85,0,257,4,2,54,0,60,105,73,139,0,317,80,0,80,397
01/18/2000,GSO,NC,ASO,ES,Towers with Radar,101,70,67,0,238,4,2,0,0,6,105,72,67,0,244,39,0,39,283
01/19/2000,GSO,NC,ASO,ES,Towers with Radar,121,81,87,0,289,0,0,34,0,34,121,81,121,0,323,52,0,52,375
01/20/2000,GSO,NC,ASO,ES,Towers with Radar,102,70,74,0,246,0,0,17,0,17,102,70,91,0,263,39,0,39,302
01/21/2000,GSO,NC,ASO,ES,Towers with Radar,109,76,76,0,261,8,3,21,0,32,117,79,97,0,293,51,2,53,346
01/22/2000,GSO,NC,ASO,ES,Towers with Radar,80,43,30,0,153,2,2,30,0,34,82,45,60,0,187,14,0,14,201
01/23/2000,GSO,NC,ASO,ES,Towers with Radar,62,39,19,0,120,4,0,0,0,4,66,39,19,0,124,16,0,16,140
01/24/2000,GSO,NC,ASO,ES,Towers with Radar,95,67,66,0,228,5,15,8,0,28,100,82,74,0,256,49,0,49,305
01/25/2000,GSO,NC,ASO,ES,Towers with Radar,61,23,41,0,125,4,1,11,0,16,65,24,52,0,141,10,0,10,151
01/26/2000,GSO,NC,ASO,ES,Towers with Radar,99,74,73,0,246,0,9,33,0,42,99,83,106,0,288,104,0,104,392
01/27/2000,GSO,NC,ASO,ES,Towers with Radar,121,86,84,0,291,1,18,65,0,84,122,104,149,0,375,37,0,37,412
01/28/2000,GSO,NC,ASO,ES,Towers with Radar,108,76,75,0,259,13,19,47,0,79,121,95,122,0,338,40,0,40,378
01/29/2000,GSO,NC,ASO,ES,Towers with Radar,60,48,13,0,121,4,1,21,0,26,64,49,34,0,147,43,0,43,190
01/30/2000,GSO,NC,ASO,ES,Towers with Radar,24,11,11,0,46,4,1,0,0,5,28,12,11,0,51,2,0,2,53
01/31/2000,GSO,NC,ASO,ES,Towers with Radar,91,63,85,0,239,4,1,28,0,33,95,64,113,0,272,29,0,29,301
02/01/2000,GSO,NC,ASO,ES,Towers with Radar,125,90,70,7,292,0,0,60,1,61,125,90,130,8,353,86,4,90,443
02/02/2000,GSO,NC,ASO,ES,Towers with Radar,121,88,81,1,291,0,0,88,4,92,121,88,169,5,383,111,0,111,494
02/03/2000,GSO,NC,ASO,ES,Towers with Radar,113,80,93,2,288,0,0,44,4,48,113,80,137,6,336,117,0,117,453
02/04/2000,GSO,NC,ASO,ES,Towers with Radar,119,88,84,2,293,0,0,54,1,55,119,88,138,3,348,126,0,126,474
02/05/2000,GSO,NC,ASO,ES,Towers with Radar,94,46,38,0,178,0,0,60,0,60,94,46,98,0,238,28,0,28,266
02/06/2000,GSO,NC,ASO,ES,Towers with Radar,91,53,49,5,198,0,0,72,1,73,91,53,121,6,271,78,0,78,349
02/07/2000,GSO,NC,ASO,ES,Towers with Radar,97,75,76,1,249,0,0,46,1,47,97,75,122,2,296,86,8,94,390
02/08/2000,GSO,NC,ASO,ES,Towers with Radar,117,87,92,3,299,0,0,69,0,69,117,87,161,3,368,45,28,73,441
02/09/2000,GSO,NC,ASO,ES,Towers with Radar,124,74,122,0,320,0,1,96,0,97,124,75,218,0,417,34,0,34,451
02/10/2000,GSO,NC,ASO,ES,Towers with Radar,109,110,72,9,300,0,0,74,0,74,109,110,146,9,374,152,0,152,526
02/11/2000,GSO,NC,ASO,ES,Towers with Radar,115,72,79,2,268,0,0,60,0,60,115,72,139,2,328,45,0,45,373
02/12/2000,GSO,NC,ASO,ES,Towers with Radar,89,51,24,0,164,0,0,1,0,1,89,51,25,0,165,21,0,21,186
02/13/2000,GSO,NC,ASO,ES,Towers with Radar,92,51,48,0,191,0,0,0,0,0,92,51,48,0,191,18,0,18,209
02/14/2000,GSO,NC,ASO,ES,Towers with Radar,109,68,83,0,260,0,0,17,0,17,109,68,100,0,277,33,0,33,310
02/15/2000,GSO,NC,ASO,ES,Towers with Radar,119,95,75,5,294,0,0,60,2,62,119,95,135,7,356,88,0,88,444
02/16/2000,GSO,NC,ASO,ES,Towers with Radar,114,83,92,2,291,0,2,77,0,79,114,85,169,2,370,43,2,45,415
02/17/2000,GSO,NC,ASO,ES,Towers with Radar,120,78,129,0,327,0,0,66,0,66,120,78,195,0,393,81,0,81,474
02/18/2000,GSO,NC,ASO,ES,Towers with Radar,103,82,91,0,276,0,0,1,0,1,103,82,92,0,277,35,0,35,312
02/19/2000,GSO,NC,ASO,ES,Towers with Radar,85,50,62,0,197,0,0,33,4,37,85,50,95,4,234,45,0,45,279
02/20/2000,GSO,NC,ASO,ES,Towers with Radar,103,61,51,0,215,0,3,113,0,116,103,64,164,0,331,37,0,37,368
02/21/2000,GSO,NC,ASO,ES,Towers with Radar,98,77,74,0,249,0,0,93,0,93,98,77,167,0,342,59,0,59,401
02/22/2000,GSO,NC,ASO,ES,Towers with Radar,119,83,107,0,309,0,0,90,1,91,119,83,197,1,400,89,0,89,489
02/23/2000,GSO,NC,ASO,ES,Towers with Radar,119,88,108,2,317,0,0,96,4,100,119,88,204,6,417,32,28,60,477
02/24/2000,GSO,NC,ASO,ES,Towers with Radar,120,97,116,0,333,0,7,61,0,68,120,104,177,0,401,98,0,98,499
02/25/2000,GSO,NC,ASO,ES,Towers with Radar,115,90,91,2,298,0,4,73,1,78,115,94,164,3,376,79,0,79,455
02/26/2000,GSO,NC,ASO,ES,Towers with Radar,87,62,64,0,213,0,3,78,0,81,87,65,142,0,294,32,0,32,326
02/27/2000,GSO,NC,ASO,ES,Towers with Radar,96,55,47,0,198,0,0,0,0,0,96,55,47,0,198,40,0,40,238
02/28/2000,GSO,NC,ASO,ES,Towers with Radar,102,81,81,0,264,0,2,66,0,68,102,83,147,0,332,62,0,62,394
02/29/2000,GSO,NC,ASO,ES,Towers with Radar,118,89,90,1,298,0,2,85,0,87,118,91,175,1,385,56,0,56,441
03/01/2000,GSO,NC,ASO,ES,Towers with Radar,122,92,101,1,316,0,0,60,2,62,122,92,161,3,378,42,3,45,423
03/02/2000,GSO,NC,ASO,ES,Towers with Radar,114,99,108,0,321,0,1,74,0,75,114,100,182,0,396,88,0,88,484
03/03/2000,GSO,NC,ASO,ES,Towers with Radar,120,90,94,0,304,0,1,63,0,64,120,91,157,0,368,56,2,58,426
03/04/2000,GSO,NC,ASO,ES,Towers with Radar,70,53,52,0,175,15,3,53,0,71,85,56,105,0,246,55,0,55,301
03/05/2000,GSO,NC,ASO,ES,Towers with Radar,95,59,47,0,201,0,0,76,0,76,95,59,123,0,277,34,0,34,311
03/06/2000,GSO,NC,ASO,ES,Towers with Radar,103,82,83,0,268,0,0,81,0,81,103,82,164,0,349,66,0,66,415
03/07/2000,GSO,NC,ASO,ES,Towers with Radar,115,102,89,0,306,0,0,63,0,63,115,102,152,0,369,146,0,146,515
03/08/2000,GSO,NC,ASO,ES,Towers with Radar,117,86,100,0,303,0,0,102,0,102,117,86,202,0,405,91,0,91,496
03/09/2000,GSO,NC,ASO,ES,Towers with Radar,129,90,125,0,344,0,4,61,0,65,129,94,186,0,409,45,0,45,454
03/10/2000,GSO,NC,ASO,ES,Towers with Radar,112,90,103,0,305,0,1,66,0,67,112,91,169,0,372,98,0,98,470
03/11/2000,GSO,NC,ASO,ES,Towers with Radar,91,51,26,0,168,0,0,15,0,15,91,51,41,0,183,11,0,11,194
03/12/2000,GSO,NC,ASO,ES,Towers with Radar,94,53,60,0,207,0,0,22,0,22,94,53,82,0,229,13,0,13,242
03/13/2000,GSO,NC,ASO,ES,Towers with Radar,103,76,70,0,249,0,2,55,0,57,103,78,125,0,306,47,0,47,353
03/14/2000,GSO,NC,ASO,ES,Towers with Radar,120,89,78,0,287,0,2,80,0,82,120,91,158,0,369,92,0,92,461
03/15/2000,GSO,NC,ASO,ES,Towers with Radar,126,108,92,0,326,0,0,92,0,92,126,108,184,0,418,40,0,40,458
03/16/2000,GSO,NC,ASO,ES,Towers with Radar,115,100,101,0,316,0,0,9,0,9,115,100,110,0,325,70,0,70,395
03/17/2000,GSO,NC,ASO,ES,Towers with Radar,123,101,119,0,343,0,1,12,0,13,123,102,131,0,356,100,0,100,456
03/18/2000,GSO,NC,ASO,ES,Towers with Radar,87,60,46,0,193,0,0,77,0,77,87,60,123,0,270,40,0,40,310
03/19/2000,GSO,NC,ASO,ES,Towers with Radar,93,61,75,0,229,0,0,11,0,11,93,61,86,0,240,25,0,25,265
03/20/2000,GSO,NC,ASO,ES,Towers with Radar,107,86,72,0,265,0,0,0,0,0,107,86,72,0,265,36,0,36,301
03/21/2000,GSO,NC,ASO,ES,Towers with Radar,107,97,128,0,332,0,0,0,0,0,107,97,128,0,332,61,0,61,393
03/22/2000,GSO,NC,ASO,ES,Towers with Radar,129,98,105,0,332,0,0,51,0,51,129,98,156,0,383,30,0,30,413
03/23/2000,GSO,NC,ASO,ES,Towers with Radar,124,92,113,0,329,0,0,74,0,74,124,92,187,0,403,57,0,57,460
03/24/2000,GSO,NC,ASO,ES,Towers with Radar,113,94,91,0,298,0,0,116,0,116,113,94,207,0,414,74,0,74,488
03/25/2000,GSO,NC,ASO,ES,Towers with Radar,102,59,37,0,198,0,0,95,0,95,102,59,132,0,293,36,0,36,329
03/26/2000,GSO,NC,ASO,ES,Towers with Radar,108,65,48,0,221,0,0,62,0,62,108,65,110,0,283,38,0,38,321
03/27/2000,GSO,NC,ASO,ES,Towers with Radar,108,85,94,0,287,1,0,19,0,20,109,85,113,0,307,54,0,54,361
03/28/2000,GSO,NC,ASO,ES,Towers with Radar,132,89,91,0,312,9,3,36,0,48,141,92,127,0,360,34,0,34,394
03/29/2000,GSO,NC,ASO,ES,Towers with Radar,115,102,100,0,317,0,0,71,0,71,115,102,171,0,388,52,0,52,440
03/30/2000,GSO,NC,ASO,ES,Towers with Radar,125,101,81,0,307,0,1,35,0,36,125,102,116,0,343,67,0,67,410
03/31/2000,GSO,NC,ASO,ES,Towers with Radar,130,105,100,0,335,0,1,122,0,123,130,106,222,0,458,108,0,108,566
04/01/2000,GSO,NC,ASO,ES,Towers with Radar,82,64,75,0,221,1,0,75,0,76,83,64,150,0,297,79,1,80,377
04/02/2000,GSO,NC,ASO,ES,Towers with Radar,104,66,86,2,258,0,0,1,0,1,104,66,87,2,259,19,0,19,278
04/03/2000,GSO,NC,ASO,ES,Towers with Radar,96,78,86,0,260,5,0,0,2,7,101,78,86,2,267,8,0,8,275
04/04/2000,GSO,NC,ASO,ES,Towers with Radar,119,111,95,0,325,0,0,6,0,6,119,111,101,0,331,45,0,45,376
04/05/2000,GSO,NC,ASO,ES,Towers with Radar,115,108,136,0,359,0,0,123,1,124,115,108,259,1,483,46,0,46,529
04/06/2000,GSO,NC,ASO,ES,Towers with Radar,124,101,175,0,400,0,0,69,0,69,124,101,244,0,469,32,0,32,501
04/07/2000,GSO,NC,ASO,ES,Towers with Radar,118,110,147,2,377,0,0,82,0,82,118,110,229,2,459,37,0,37,496
04/08/2000,GSO,NC,ASO,ES,Towers with Radar,78,64,78,0,220,15,10,21,0,46,93,74,99,0,266,25,0,25,291
04/09/2000,GSO,NC,ASO,ES,Towers with Radar,101,68,143,2,314,0,0,56,0,56,101,68,199,2,370,22,0,22,392
04/10/2000,GSO,NC,ASO,ES,Towers with Radar,108,91,160,0,359,0,0,115,0,115,108,91,275,0,474,55,0,55,529
04/11/2000,GSO,NC,ASO,ES,Towers with Radar,112,99,120,0,331,0,3,70,0,73,112,102,190,0,404,26,0,26,430
04/12/2000,GSO,NC,ASO,ES,Towers with Radar,118,101,136,0,355,0,0,51,1,52,118,101,187,1,407,57,0,57,464
04/13/2000,GSO,NC,ASO,ES,Towers with Radar,115,96,127,0,338,0,0,0,0,0,115,96,127,0,338,62,0,62,400
04/14/2000,GSO,NC,ASO,ES,Towers with Radar,115,100,94,0,309,0,0,0,0,0,115,100,94,0,309,3,2,5,314
04/15/2000,GSO,NC,ASO,ES,Towers with Radar,84,66,58,2,210,0,0,0,0,0,84,66,58,2,210,10,0,10,220
04/16/2000,GSO,NC,ASO,ES,Towers with Radar,100,71,95,0,266,0,1,36,0,37,100,72,131,0,303,51,0,51,354
04/17/2000,GSO,NC,ASO,ES,Towers with Radar,101,75,90,3,269,1,0,43,0,44,102,75,133,3,313,38,0,38,351
04/18/2000,GSO,NC,ASO,ES,Towers with Radar,122,102,106,2,332,1,0,4,0,5,123,102,110,2,337,30,10,40,377
04/19/2000,GSO,NC,ASO,ES,Towers with Radar,142,102,130,0,374,0,0,88,0,88,142,102,218,0,462,152,0,152,614
04/20/2000,GSO,NC,ASO,ES,Towers with Radar,107,91,105,0,303,1,0,89,1,91,108,91,194,1,394,124,0,124,518
04/21/2000,GSO,NC,ASO,ES,Towers with Radar,105,88,72,2,267,1,0,33,0,34,106,88,105,2,301,31,0,31,332
04/22/2000,GSO,NC,ASO,ES,Towers with Radar,89,73,62,0,224,0,0,15,1,16,89,73,77,1,240,53,0,53,293
04/23/2000,GSO,NC,ASO,ES,Towers with Radar,90,74,53,0,217,1,0,59,2,62,91,74,112,2,279,52,0,52,331
04/24/2000,GSO,NC,ASO,ES,Towers with Radar,105,77,129,0,311,1,0,25,0,26,106,77,154,0,337,110,0,110,447
04/25/2000,GSO,NC,ASO,ES,Towers with Radar,124,99,96,3,322,1,0,0,0,1,125,99,96,3,323,53,0,53,376
04/26/2000,GSO,NC,ASO,ES,Towers with Radar,119,95,119,0,333,1,0,19,1,21,120,95,138,1,354,103,0,103,457
04/27/2000,GSO,NC,ASO,ES,Towers with Radar,120,95,140,0,355,1,0,40,0,41,121,95,180,0,396,64,0,64,460
04/28/2000,GSO,NC,ASO,ES,Towers with Radar,128,94,102,0,324,0,0,0,0,0,128,94,102,0,324,50,0,50,374
04/29/2000,GSO,NC,ASO,ES,Towers with Radar,88,65,71,1,225,1,0,215,0,216,89,65,286,1,441,72,0,72,513
04/30/2000,GSO,NC,ASO,ES,Towers with Radar,101,67,60,1,229,0,0,258,0,258,101,67,318,1,487,42,0,42,529
05/01/2000,GSO,NC,ASO,ES,Towers with Radar,95,83,108,0,286,0,2,66,0,68,95,85,174,0,354,38,0,38,392
05/02/2000,GSO,NC,ASO,ES,Towers with Radar,116,110,94,0,320,0,2,30,0,32,116,112,124,0,352,57,0,57,409
05/03/2000,GSO,NC,ASO,ES,Towers with Radar,118,94,107,3,322,0,2,81,0,83,118,96,188,3,405,35,10,45,450
05/04/2000,GSO,NC,ASO,ES,Towers with Radar,122,94,109,0,325,0,0,74,3,77,122,94,183,3,402,168,1,169,571
05/05/2000,GSO,NC,ASO,ES,Towers with Radar,123,95,107,1,326,0,0,76,0,76,123,95,183,1,402,116,0,116,518
05/06/2000,GSO,NC,ASO,ES,Towers with Radar,89,66,58,2,215,0,1,61,0,62,89,67,119,2,277,46,0,46,323
05/07/2000,GSO,NC,ASO,ES,Towers with Radar,93,61,52,1,207,0,1,87,2,90,93,62,139,3,297,41,1,42,339
05/08/2000,GSO,NC,ASO,ES,Towers with Radar,102,81,118,4,305,0,1,74,2,77,102,82,192,6,382,63,0,63,445
05/09/2000,GSO,NC,ASO,ES,Towers with Radar,114,95,94,0,303,0,0,84,0,84,114,95,178,0,387,55,0,55,442
05/10/2000,GSO,NC,ASO,ES,Towers with Radar,114,93,100,1,308,0,5,48,0,53,114,98,148,1,361,38,0,38,399
05/11/2000,GSO,NC,ASO,ES,Towers with Radar,120,103,99,1,323,0,0,76,0,76,120,103,175,1,399,100,3,103,502
05/12/2000,GSO,NC,ASO,ES,Towers with Radar,123,99,102,1,325,0,0,90,1,91,123,99,192,2,416,96,0,96,512
05/13/2000,GSO,NC,ASO,ES,Towers with Radar,90,55,60,0,205,0,1,38,0,39,90,56,98,0,244,21,0,21,265
05/14/2000,GSO,NC,ASO,ES,Towers with Radar,98,66,43,2,209,0,2,95,0,97,98,68,138,2,306,23,4,27,333
05/15/2000,GSO,NC,ASO,ES,Towers with Radar,104,83,80,2,269,0,0,77,0,77,104,83,157,2,346,71,1,72,418
05/16/2000,GSO,NC,ASO,ES,Towers with Radar,118,99,81,0,298,0,2,74,1,77,118,101,155,1,375,26,0,26,401
05/17/2000,GSO,NC,ASO,ES,Towers with Radar,116,95,132,2,345,0,0,56,2,58,116,95,188,4,403,53,0,53,456
05/18/2000,GSO,NC,ASO,ES,Towers with Radar,111,92,92,4,299,0,0,46,0,46,111,92,138,4,345,49,4,53,398
05/19/2000,GSO,NC,ASO,ES,Towers with Radar,114,92,74,1,281,0,0,56,0,56,114,92,130,1,337,55,4,59,396
05/20/2000,GSO,NC,ASO,ES,Towers with Radar,87,70,45,0,202,0,3,52,0,55,87,73,97,0,257,48,0,48,305
05/21/2000,GSO,NC,ASO,ES,Towers with Radar,96,62,56,0,214,0,1,1,0,2,96,63,57,0,216,18,0,18,234
05/22/2000,GSO,NC,ASO,ES,Towers with Radar,103,75,85,1,264,0,0,42,2,44,103,75,127,3,308,60,2,62,370
05/23/2000,GSO,NC,ASO,ES,Towers with Radar,119,96,94,1,310,0,3,33,0,36,119,99,127,1,346,137,0,137,483
05/24/2000,GSO,NC,ASO,ES,Towers with Radar,114,102,87,1,304,0,0,72,0,72,114,102,159,1,376,68,0,68,444
05/25/2000,GSO,NC,ASO,ES,Towers with Radar,118,90,118,0,326,0,1,26,0,27,118,91,144,0,353,20,0,20,373
05/26/2000,GSO,NC,ASO,ES,Towers with Radar,118,99,72,2,291,0,2,90,0,92,118,101,162,2,383,27,1,28,411
05/27/2000,GSO,NC,ASO,ES,Towers with Radar,70,55,54,0,179,18,0,7,0,25,88,55,61,0,204,60,0,60,264
05/28/2000,GSO,NC,ASO,ES,Towers with Radar,84,58,20,0,162,0,1,0,0,1,84,59,20,0,163,67,0,67,230
05/29/2000,GSO,NC,ASO,ES,Towers with Radar,89,58,71,0,218,0,0,6,0,6,89,58,77,0,224,42,0,42,266
05/30/2000,GSO,NC,ASO,ES,Towers with Radar,98,83,96,1,278,0,0,67,0,67,98,83,163,1,345,28,0,28,373
05/31/2000,GSO,NC,ASO,ES,Towers with Radar,118,97,91,1,307,0,0,92,2,94,118,97,183,3,401,129,0,129,530
06/01/2000,GSO,NC,ASO,ES,Towers with Radar,122,94,108,0,324,0,0,110,0,110,122,94,218,0,434,56,0,56,490
06/02/2000,GSO,NC,ASO,ES,Towers with Radar,114,94,108,2,318,1,0,67,0,68,115,94,175,2,386,53,0,53,439
06/03/2000,GSO,NC,ASO,ES,Towers with Radar,77,60,66,2,205,19,6,24,4,53,96,66,90,6,258,44,32,76,334
06/04/2000,GSO,NC,ASO,ES,Towers with Radar,96,61,63,0,220,1,1,0,0,2,97,62,63,0,222,9,0,9,231
06/05/2000,GSO,NC,ASO,ES,Towers with Radar,124,79,100,0,303,1,0,0,0,1,125,79,100,0,304,42,0,42,346
06/06/2000,GSO,NC,ASO,ES,Towers with Radar,137,91,103,5,336,0,0,41,0,41,137,91,144,5,377,71,20,91,468
06/07/2000,GSO,NC,ASO,ES,Towers with Radar,117,98,113,0,328,0,0,94,0,94,117,98,207,0,422,122,0,122,544
06/08/2000,GSO,NC,ASO,ES,Towers with Radar,132,100,95,0,327,0,0,90,0,90,132,100,185,0,417,153,0,153,570
06/09/2000,GSO,NC,ASO,ES,Towers with Radar,124,102,84,1,311,1,0,83,4,88,125,102,167,5,399,74,0,74,473
06/10/2000,GSO,NC,ASO,ES,Towers with Radar,87,66,30,0,183,1,0,58,0,59,88,66,88,0,242,42,1,43,285
06/11/2000,GSO,NC,ASO,ES,Towers with Radar,90,68,66,0,224,1,1,67,0,69,91,69,133,0,293,29,1,30,323
06/12/2000,GSO,NC,ASO,ES,Towers with Radar,95,80,93,0,268,1,0,50,0,51,96,80,143,0,319,27,0,27,346
06/13/2000,GSO,NC,ASO,ES,Towers with Radar,115,104,93,0,312,1,1,45,1,48,116,105,138,1,360,28,0,28,388
06/14/2000,GSO,NC,ASO,ES,Towers with Radar,107,87,102,2,298,0,1,49,0,50,107,88,151,2,348,24,0,24,372
06/15/2000,GSO,NC,ASO,ES,Towers with Radar,114,93,112,2,321,0,0,25,1,26,114,93,137,3,347,53,1,54,401
06/16/2000,GSO,NC,ASO,ES,Towers with Radar,109,94,116,0,319,0,0,15,1,16,109,94,131,1,335,78,2,80,415
06/17/2000,GSO,NC,ASO,ES,Towers with Radar,90,59,45,0,194,0,2,23,1,26,90,61,68,1,220,35,0,35,255
06/18/2000,GSO,NC,ASO,ES,Towers with Radar,90,64,64,0,218,0,0,22,0,22,90,64,86,0,240,15,0,15,255
06/19/2000,GSO,NC,ASO,ES,Towers with Radar,102,84,100,2,288,0,0,42,6,48,102,84,142,8,336,63,0,63,399
06/20/2000,GSO,NC,ASO,ES,Towers with Radar,107,110,131,6,354,0,0,0,0,0,107,110,131,6,354,50,0,50,404
06/21/2000,GSO,NC,ASO,ES,Towers with Radar,104,96,113,2,315,0,0,36,0,36,104,96,149,2,351,8,2,10,361
06/22/2000,GSO,NC,ASO,ES,Towers with Radar,125,102,109,2,338,0,0,43,0,43,125,102,152,2,381,83,6,89,470
06/23/2000,GSO,NC,ASO,ES,Towers with Radar,117,97,103,3,320,0,16,137,4,157,117,113,240,7,477,47,0,47,524
06/24/2000,GSO,NC,ASO,ES,Towers with Radar,89,68,43,0,200,0,1,61,0,62,89,69,104,0,262,50,0,50,312
06/25/2000,GSO,NC,ASO,ES,Towers with Radar,95,62,56,0,213,0,0,37,0,37,95,62,93,0,250,49,0,49,299
06/26/2000,GSO,NC,ASO,ES,Towers with Radar,101,88,93,1,283,0,0,48,4,52,101,88,141,5,335,56,0,56,391
06/27/2000,GSO,NC,ASO,ES,Towers with Radar,116,90,129,1,336,0,0,53,0,53,116,90,182,1,389,51,6,57,446
06/28/2000,GSO,NC,ASO,ES,Towers with Radar,121,93,118,0,332,0,0,1,0,1,121,93,119,0,333,34,0,34,367
06/29/2000,GSO,NC,ASO,ES,Towers with Radar,105,90,123,1,319,0,2,24,2,28,105,92,147,3,347,30,1,31,378
06/30/2000,GSO,NC,ASO,ES,Towers with Radar,131,90,81,2,304,0,3,107,0,110,131,93,188,2,414,28,0,28,442
07/01/2000,GSO,NC,ASO,ES,Towers with Radar,102,51,52,0,205,0,1,73,1,75,102,52,125,1,280,53,0,53,333
07/02/2000,GSO,NC,ASO,ES,Towers with Radar,81,55,29,0,165,0,1,53,0,54,81,56,82,0,219,50,0,50,269
07/03/2000,GSO,NC,ASO,ES,Towers with Radar,77,58,54,0,189,4,11,54,0,69,81,69,108,0,258,53,0,53,311
07/04/2000,GSO,NC,ASO,ES,Towers with Radar,85,65,29,0,179,0,0,32,0,32,85,65,61,0,211,57,0,57,268
07/05/2000,GSO,NC,ASO,ES,Towers with Radar,101,79,76,0,256,0,0,34,0,34,101,79,110,0,290,35,0,35,325
07/06/2000,GSO,NC,ASO,ES,Towers with Radar,119,93,86,0,298,0,0,31,0,31,119,93,117,0,329,26,0,26,355
07/07/2000,GSO,NC,ASO,ES,Towers with Radar,110,97,93,0,300,0,0,30,0,30,110,97,123,0,330,53,0,53,383
07/08/2000,GSO,NC,ASO,ES,Towers with Radar,90,56,26,0,172,0,0,44,0,44,90,56,70,0,216,41,1,42,258
07/09/2000,GSO,NC,ASO,ES,Towers with Radar,92,58,67,0,217,8,0,24,6,38,100,58,91,6,255,68,0,68,323
07/10/2000,GSO,NC,ASO,ES,Towers with Radar,97,78,102,6,283,0,0,75,4,79,97,78,177,10,362,24,0,24,386
07/11/2000,GSO,NC,ASO,ES,Towers with Radar,114,100,93,0,307,0,0,46,0,46,114,100,139,0,353,44,0,44,397
07/12/2000,GSO,NC,ASO,ES,Towers with Radar,129,90,109,2,330,0,0,2,2,4,129,90,111,4,334,37,0,37,371
07/13/2000,GSO,NC,ASO,ES,Towers with Radar,118,97,112,2,329,0,0,6,1,7,118,97,118,3,336,52,0,52,388
07/14/2000,GSO,NC,ASO,ES,Towers with Radar,109,89,103,0,301,0,0,23,1,24,109,89,126,1,325,45,0,45,370
07/15/2000,GSO,NC,ASO,ES,Towers with Radar,94,62,55,3,214,0,0,51,0,51,94,62,106,3,265,52,0,52,317
07/16/2000,GSO,NC,ASO,ES,Towers with Radar,95,57,49,0,201,0,2,51,0,53,95,59,100,0,254,13,0,13,267
07/17/2000,GSO,NC,ASO,ES,Towers with Radar,105,80,93,4,282,0,0,66,2,68,105,80,159,6,350,11,0,11,361
07/18/2000,GSO,NC,ASO,ES,Towers with Radar,121,105,99,1,326,0,0,72,0,72,121,105,171,1,398,22,0,22,420
07/19/2000,GSO,NC,ASO,ES,Towers with Radar,120,86,95,2,303,0,0,35,0,35,120,86,130,2,338,20,0,20,358
07/20/2000,GSO,NC,ASO,ES,Towers with Radar,117,92,98,0,307,0,3,41,0,44,117,95,139,0,351,58,0,58,409
07/21/2000,GSO,NC,ASO,ES,Towers with Radar,112,89,85,2,288,0,0,42,0,42,112,89,127,2,330,50,2,52,382
07/22/2000,GSO,NC,ASO,ES,Towers with Radar,96,59,50,0,205,0,1,13,0,14,96,60,63,0,219,18,0,18,237
07/23/2000,GSO,NC,ASO,ES,Towers with Radar,95,58,57,2,212,0,0,0,0,0,95,58,57,2,212,18,0,18,230
07/24/2000,GSO,NC,ASO,ES,Towers with Radar,98,68,81,0,247,0,0,0,0,0,98,68,81,0,247,19,0,19,266
07/25/2000,GSO,NC,ASO,ES,Towers with Radar,116,101,106,0,323,0,0,0,0,0,116,101,106,0,323,14,0,14,337
07/26/2000,GSO,NC,ASO,ES,Towers with Radar,111,104,92,1,308,0,0,7,0,7,111,104,99,1,315,22,6,28,343
07/27/2000,GSO,NC,ASO,ES,Towers with Radar,120,98,118,0,336,0,0,35,0,35,120,98,153,0,371,44,0,44,415
07/28/2000,GSO,NC,ASO,ES,Towers with Radar,117,87,93,3,300,0,0,52,0,52,117,87,145,3,352,27,2,29,381
07/29/2000,GSO,NC,ASO,ES,Towers with Radar,83,63,31,0,177,0,0,45,0,45,83,63,76,0,222,53,0,53,275
07/30/2000,GSO,NC,ASO,ES,Towers with Radar,98,59,52,0,209,0,0,22,0,22,98,59,74,0,231,48,0,48,279
07/31/2000,GSO,NC,ASO,ES,Towers with Radar,85,75,96,1,257,0,0,3,0,3,85,75,99,1,260,56,0,56,316
08/01/2000,GSO,NC,ASO,ES,Towers with Radar,124,90,98,0,312,0,0,24,0,24,124,90,122,0,336,9,0,9,345
08/02/2000,GSO,NC,ASO,ES,Towers with Radar,118,98,90,0,306,0,0,15,0,15,118,98,105,0,321,35,0,35,356
08/03/2000,GSO,NC,ASO,ES,Towers with Radar,118,108,107,1,334,0,0,6,4,10,118,108,113,5,344,24,0,24,368
08/04/2000,GSO,NC,ASO,ES,Towers with Radar,64,53,51,0,168,21,12,10,0,43,85,65,61,0,211,57,0,57,268
08/05/2000,GSO,NC,ASO,ES,Towers with Radar,95,73,71,0,239,0,0,34,3,37,95,73,105,3,276,60,0,60,336
08/06/2000,GSO,NC,ASO,ES,Towers with Radar,86,64,45,0,195,0,0,19,2,21,86,64,64,2,216,40,1,41,257
08/07/2000,GSO,NC,ASO,ES,Towers with Radar,93,79,86,1,259,0,0,35,0,35,93,79,121,1,294,16,16,32,326
08/08/2000,GSO,NC,ASO,ES,Towers with Radar,119,100,95,1,315,4,4,73,1,82,123,104,168,2,397,38,0,38,435
08/09/2000,GSO,NC,ASO,ES,Towers with Radar,129,86,102,1,318,5,0,95,5,105,134,86,197,6,423,74,0,74,497
08/10/2000,GSO,NC,ASO,ES,Towers with Radar,111,113,131,0,355,0,0,65,0,65,111,113,196,0,420,46,0,46,466
08/11/2000,GSO,NC,ASO,ES,Towers with Radar,105,95,80,2,282,0,0,63,0,63,105,95,143,2,345,33,8,41,386
08/12/2000,GSO,NC,ASO,ES,Towers with Radar,83,68,32,0,183,0,0,65,1,66,83,68,97,1,249,59,2,61,310
08/13/2000,GSO,NC,ASO,ES,Towers with Radar,98,68,69,1,236,0,1,53,6,60,98,69,122,7,296,54,1,55,351
08/14/2000,GSO,NC,ASO,ES,Towers with Radar,107,93,84,6,290,0,0,82,0,82,107,93,166,6,372,44,12,56,428
08/15/2000,GSO,NC,ASO,ES,Towers with Radar,116,95,92,0,303,4,0,65,0,69,120,95,157,0,372,51,0,51,423
08/16/2000,GSO,NC,ASO,ES,Towers with Radar,119,97,90,0,306,0,0,69,0,69,119,97,159,0,375,38,0,38,413
08/17/2000,GSO,NC,ASO,ES,Towers with Radar,114,99,89,0,302,0,0,80,0,80,114,99,169,0,382,50,1,51,433
08/18/2000,GSO,NC,ASO,ES,Towers with Radar,119,97,92,0,308,0,0,21,0,21,119,97,113,0,329,16,0,16,345
08/19/2000,GSO,NC,ASO,ES,Towers with Radar,85,83,50,0,218,0,0,38,0,38,85,83,88,0,256,135,4,139,395
08/20/2000,GSO,NC,ASO,ES,Towers with Radar,97,76,70,2,245,0,0,27,2,29,97,76,97,4,274,33,0,33,307
08/21/2000,GSO,NC,ASO,ES,Towers with Radar,100,91,85,3,279,0,1,49,0,50,100,92,134,3,329,68,10,78,407
08/22/2000,GSO,NC,ASO,ES,Towers with Radar,114,108,101,0,323,0,9,102,0,111,114,117,203,0,434,40,2,42,476
08/23/2000,GSO,NC,ASO,ES,Towers with Radar,115,96,119,2,332,0,0,80,0,80,115,96,199,2,412,56,4,60,472
08/24/2000,GSO,NC,ASO,ES,Towers with Radar,112,106,79,0,297,0,0,24,0,24,112,106,103,0,321,54,0,54,375
08/25/2000,GSO,NC,ASO,ES,Towers with Radar,118,111,88,4,321,0,0,50,0,50,118,111,138,4,371,74,8,82,453
08/26/2000,GSO,NC,ASO,ES,Towers with Radar,91,70,43,0,204,0,0,51,0,51,91,70,94,0,255,1,0,1,256
08/27/2000,GSO,NC,ASO,ES,Towers with Radar,89,66,45,0,200,0,0,0,0,0,89,66,45,0,200,22,0,22,222
08/28/2000,GSO,NC,ASO,ES,Towers with Radar,98,84,124,1,307,0,0,27,0,27,98,84,151,1,334,44,36,80,414
08/29/2000,GSO,NC,ASO,ES,Towers with Radar,119,119,144,0,382,0,0,24,1,25,119,119,168,1,407,78,1,79,486
08/30/2000,GSO,NC,ASO,ES,Towers with Radar,117,96,129,0,342,0,0,7,0,7,117,96,136,0,349,16,1,17,366
08/31/2000,GSO,NC,ASO,ES,Towers with Radar,117,105,109,0,331,0,0,10,0,10,117,105,119,0,341,77,6,83,424
09/01/2000,GSO,NC,ASO,ES,Towers with Radar,117,106,101,0,324,0,0,7,0,7,117,106,108,0,331,91,0,91,422
09/02/2000,GSO,NC,ASO,ES,Towers with Radar,73,63,26,0,162,0,0,0,0,0,73,63,26,0,162,42,0,42,204
09/03/2000,GSO,NC,ASO,ES,Towers with Radar,59,48,25,0,132,29,8,0,0,37,88,56,25,0,169,16,0,16,185
09/04/2000,GSO,NC,ASO,ES,Towers with Radar,67,54,48,0,169,18,11,13,0,42,85,65,61,0,211,57,0,57,268
09/05/2000,GSO,NC,ASO,ES,Towers with Radar,106,92,122,0,320,0,0,0,0,0,106,92,122,0,320,21,14,35,355
09/06/2000,GSO,NC,ASO,ES,Towers with Radar,119,97,94,4,314,0,0,19,0,19,119,97,113,4,333,50,4,54,387
09/07/2000,GSO,NC,ASO,ES,Towers with Radar,125,122,114,1,362,0,0,34,0,34,125,122,148,1,396,86,8,94,490
09/08/2000,GSO,NC,ASO,ES,Towers with Radar,133,101,100,0,334,0,0,52,0,52,133,101,152,0,386,96,8,104,490
09/09/2000,GSO,NC,ASO,ES,Towers with Radar,77,62,55,0,194,13,4,73,0,90,90,66,128,0,284,47,0,47,331
09/10/2000,GSO,NC,ASO,ES,Towers with Radar,101,71,66,2,240,0,0,71,0,71,101,71,137,2,311,72,1,73,384
09/11/2000,GSO,NC,ASO,ES,Towers with Radar,108,91,81,1,281,0,0,72,0,72,108,91,153,1,353,72,0,72,425
09/12/2000,GSO,NC,ASO,ES,Towers with Radar,120,90,89,0,299,0,0,72,0,72,120,90,161,0,371,43,0,43,414
09/13/2000,GSO,NC,ASO,ES,Towers with Radar,121,100,75,0,296,0,2,77,0,79,121,102,152,0,375,8,0,8,383
09/14/2000,GSO,NC,ASO,ES,Towers with Radar,117,97,117,1,332,0,0,18,0,18,117,97,135,1,350,48,0,48,398
09/15/2000,GSO,NC,ASO,ES,Towers with Radar,132,100,103,0,335,0,0,73,0,73,132,100,176,0,408,54,0,54,462
09/16/2000,GSO,NC,ASO,ES,Towers with Radar,87,81,39,0,207,0,0,90,0,90,87,81,129,0,297,60,0,60,357
09/17/2000,GSO,NC,ASO,ES,Towers with Radar,102,77,54,0,233,0,0,108,0,108,102,77,162,0,341,98,0,98,439
09/18/2000,GSO,NC,ASO,ES,Towers with Radar,105,98,121,0,324,0,0,24,0,24,105,98,145,0,348,85,0,85,433
09/19/2000,GSO,NC,ASO,ES,Towers with Radar,119,99,89,0,307,0,3,96,0,99,119,102,185,0,406,86,0,86,492
09/20/2000,GSO,NC,ASO,ES,Towers with Radar,115,96,123,0,334,0,0,57,1,58,115,96,180,1,392,54,0,54,446
09/21/2000,GSO,NC,ASO,ES,Towers with Radar,131,114,115,2,362,0,0,38,0,38,131,114,153,2,400,120,6,126,526
09/22/2000,GSO,NC,ASO,ES,Towers with Radar,116,100,103,0,319,0,0,32,0,32,116,100,135,0,351,30,0,30,381
09/23/2000,GSO,NC,ASO,ES,Towers with Radar,88,72,37,0,197,0,0,0,0,0,88,72,37,0,197,32,0,32,229
09/24/2000,GSO,NC,ASO,ES,Towers with Radar,97,81,76,0,254,0,0,42,2,44,97,81,118,2,298,90,0,90,388
09/25/2000,GSO,NC,ASO,ES,Towers with Radar,106,94,69,0,269,0,0,0,0,0,106,94,69,0,269,5,0,5,274
09/26/2000,GSO,NC,ASO,ES,Towers with Radar,138,106,117,0,361,0,0,29,0,29,138,106,146,0,390,32,0,32,422
09/27/2000,GSO,NC,ASO,ES,Towers with Radar,115,103,121,0,339,0,0,86,0,86,115,103,207,0,425,18,0,18,443
09/28/2000,GSO,NC,ASO,ES,Towers with Radar,124,103,90,6,323,0,0,119,0,119,124,103,209,6,442,87,8,95,537
09/29/2000,GSO,NC,ASO,ES,Towers with Radar,127,106,115,0,348,0,0,36,2,38,127,106,151,2,386,69,0,69,455
09/30/2000,GSO,NC,ASO,ES,Towers with Radar,86,71,64,0,221,0,0,33,0,33,86,71,97,0,254,31,0,31,285
10/01/2000,GSO,NC,ASO,ES,Towers with Radar,107,75,69,4,255,2,0,40,0,42,109,75,109,4,297,72,4,76,373
10/02/2000,GSO,NC,ASO,ES,Towers with Radar,112,103,90,1,306,0,1,75,0,76,112,104,165,1,382,26,4,30,412
10/03/2000,GSO,NC,ASO,ES,Towers with Radar,123,117,103,0,343,0,7,108,0,115,123,124,211,0,458,38,0,38,496
10/04/2000,GSO,NC,ASO,ES,Towers with Radar,119,99,101,0,319,0,0,80,0,80,119,99,181,0,399,7,0,7,406
10/05/2000,GSO,NC,ASO,ES,Towers with Radar,131,110,93,2,336,0,1,59,0,60,131,111,152,2,396,25,0,25,421
10/06/2000,GSO,NC,ASO,ES,Towers with Radar,120,109,95,0,324,0,0,50,4,54,120,109,145,4,378,37,0,37,415
10/07/2000,GSO,NC,ASO,ES,Towers with Radar,75,69,60,0,204,13,13,45,0,71,88,82,105,0,275,29,0,29,304
10/08/2000,GSO,NC,ASO,ES,Towers with Radar,90,79,50,0,219,0,0,50,0,50,90,79,100,0,269,33,7,40,309
10/09/2000,GSO,NC,ASO,ES,Towers with Radar,117,107,93,1,318,5,2,58,0,65,122,109,151,1,383,14,2,16,399
10/10/2000,GSO,NC,ASO,ES,Towers with Radar,99,91,78,0,268,3,16,45,0,64,102,107,123,0,332,80,0,80,412
10/11/2000,GSO,NC,ASO,ES,Towers with Radar,131,117,104,3,355,0,0,80,0,80,131,117,184,3,435,43,12,55,490
10/12/2000,GSO,NC,ASO,ES,Towers with Radar,133,113,113,1,360,0,0,103,0,103,133,113,216,1,463,63,18,81,544
10/13/2000,GSO,NC,ASO,ES,Towers with Radar,128,133,89,1,351,0,0,89,0,89,128,133,178,1,440,50,0,50,490
10/14/2000,GSO,NC,ASO,ES,Towers with Radar,83,85,50,0,218,0,0,85,1,86,83,85,135,1,304,62,0,62,366
10/15/2000,GSO,NC,ASO,ES,Towers with Radar,104,87,67,0,258,0,0,82,0,82,104,87,149,0,340,16,0,16,356
10/16/2000,GSO,NC,ASO,ES,Towers with Radar,114,112,104,5,335,0,0,82,0,82,114,112,186,5,417,18,6,24,441
10/17/2000,GSO,NC,ASO,ES,Towers with Radar,119,120,106,0,345,0,7,73,0,80,119,127,179,0,425,22,0,22,447
10/18/2000,GSO,NC,ASO,ES,Towers with Radar,133,105,144,1,383,0,0,40,1,41,133,105,184,2,424,24,0,24,448
10/19/2000,GSO,NC,ASO,ES,Towers with Radar,141,99,164,0,404,0,0,94,0,94,141,99,258,0,498,33,0,33,531
10/20/2000,GSO,NC,ASO,ES,Towers with Radar,129,119,122,0,370,0,0,88,0,88,129,119,210,0,458,22,0,22,480
10/21/2000,GSO,NC,ASO,ES,Towers with Radar,92,91,79,0,262,0,0,60,0,60,92,91,139,0,322,11,0,11,333
10/22/2000,GSO,NC,ASO,ES,Towers with Radar,103,84,131,6,324,0,0,63,0,63,103,84,194,6,387,20,0,20,407
10/23/2000,GSO,NC,ASO,ES,Towers with Radar,106,110,122,0,338,0,0,52,2,54,106,110,174,2,392,49,0,49,441
10/24/2000,GSO,NC,ASO,ES,Towers with Radar,132,135,132,0,399,0,0,85,0,85,132,135,217,0,484,98,0,98,582
10/25/2000,GSO,NC,ASO,ES,Towers with Radar,130,127,114,0,371,0,1,50,0,51,130,128,164,0,422,75,0,75,497
10/26/2000,GSO,NC,ASO,ES,Towers with Radar,119,113,92,6,330,0,0,88,0,88,119,113,180,6,418,38,0,38,456
10/27/2000,GSO,NC,ASO,ES,Towers with Radar,122,114,104,5,345,0,1,62,1,64,122,115,166,6,409,38,0,38,447
10/28/2000,GSO,NC,ASO,ES,Towers with Radar,83,81,38,0,202,0,0,71,1,72,83,81,109,1,274,39,0,39,313
10/29/2000,GSO,NC,ASO,ES,Towers with Radar,96,76,45,0,217,0,0,73,0,73,96,76,118,0,290,12,0,12,302
10/30/2000,GSO,NC,ASO,ES,Towers with Radar,106,105,66,3,280,0,0,59,0,59,106,105,125,3,339,81,1,82,421
10/31/2000,GSO,NC,ASO,ES,Towers with Radar,110,98,65,0,273,0,0,92,0,92,110,98,157,0,365,46,0,46,411
11/01/2000,GSO,NC,ASO,ES,Towers with Radar,131,110,93,1,335,2,0,75,3,80,133,110,168,4,415,42,12,54,469
11/02/2000,GSO,NC,ASO,ES,Towers with Radar,125,100,110,6,341,0,0,75,0,75,125,100,185,6,416,50,0,50,466
11/03/2000,GSO,NC,ASO,ES,Towers with Radar,125,111,108,1,345,0,0,44,0,44,125,111,152,1,389,89,1,90,479
11/04/2000,GSO,NC,ASO,ES,Towers with Radar,89,82,68,0,239,0,1,13,0,14,89,83,81,0,253,27,0,27,280
11/05/2000,GSO,NC,ASO,ES,Towers with Radar,102,89,48,1,240,0,1,59,0,60,102,90,107,1,300,18,0,18,318
11/06/2000,GSO,NC,ASO,ES,Towers with Radar,100,98,82,3,283,0,0,55,0,55,100,98,137,3,338,44,0,44,382
11/07/2000,GSO,NC,ASO,ES,Towers with Radar,119,115,100,3,337,0,0,0,0,0,119,115,100,3,337,33,0,33,370
11/08/2000,GSO,NC,ASO,ES,Towers with Radar,119,122,92,0,333,0,0,18,0,18,119,122,110,0,351,10,0,10,361
11/09/2000,GSO,NC,ASO,ES,Towers with Radar,110,120,103,0,333,0,0,20,0,20,110,120,123,0,353,48,0,48,401
11/10/2000,GSO,NC,ASO,ES,Towers with Radar,134,105,69,0,308,0,1,53,0,54,134,106,122,0,362,18,0,18,380
11/11/2000,GSO,NC,ASO,ES,Towers with Radar,87,85,41,1,214,0,0,86,0,86,87,85,127,1,300,31,0,31,331
11/12/2000,GSO,NC,ASO,ES,Towers with Radar,101,81,39,0,221,0,2,69,0,71,101,83,108,0,292,40,0,40,332
11/13/2000,GSO,NC,ASO,ES,Towers with Radar,108,98,86,1,293,0,0,39,0,39,108,98,125,1,332,42,20,62,394
11/14/2000,GSO,NC,ASO,ES,Towers with Radar,127,110,89,1,327,8,0,47,2,57,135,110,136,3,384,65,6,71,455
11/15/2000,GSO,NC,ASO,ES,Towers with Radar,125,106,111,0,342,0,0,83,0,83,125,106,194,0,425,56,0,56,481
11/16/2000,GSO,NC,ASO,ES,Towers with Radar,117,118,126,0,361,0,0,54,0,54,117,118,180,0,415,43,0,43,458
11/17/2000,GSO,NC,ASO,ES,Towers with Radar,120,111,91,1,323,0,0,32,0,32,120,111,123,1,355,57,6,63,418
11/18/2000,GSO,NC,ASO,ES,Towers with Radar,91,83,54,0,228,0,0,66,0,66,91,83,120,0,294,103,0,103,397
11/19/2000,GSO,NC,ASO,ES,Towers with Radar,97,70,40,0,207,0,0,0,0,0,97,70,40,0,207,20,0,20,227
11/20/2000,GSO,NC,ASO,ES,Towers with Radar,111,97,81,3,292,0,2,24,0,26,111,99,105,3,318,12,0,12,330
11/21/2000,GSO,NC,ASO,ES,Towers with Radar,101,98,77,0,276,0,0,60,0,60,101,98,137,0,336,51,0,51,387
11/22/2000,GSO,NC,ASO,ES,Towers with Radar,125,119,65,0,309,0,0,75,0,75,125,119,140,0,384,6,0,6,390
11/23/2000,GSO,NC,ASO,ES,Towers with Radar,19,15,6,0,40,18,0,0,0,18,37,15,6,0,58,0,0,0,58
11/24/2000,GSO,NC,ASO,ES,Towers with Radar,79,72,36,0,187,0,0,79,0,79,79,72,115,0,266,66,0,66,332
11/25/2000,GSO,NC,ASO,ES,Towers with Radar,56,51,20,0,127,41,29,0,0,70,97,80,20,0,197,4,0,4,201
11/26/2000,GSO,NC,ASO,ES,Towers with Radar,107,89,66,2,264,0,0,4,0,4,107,89,70,2,268,10,0,10,278
11/27/2000,GSO,NC,ASO,ES,Towers with Radar,98,116,121,1,336,0,0,56,0,56,98,116,177,1,392,112,0,112,504
11/28/2000,GSO,NC,ASO,ES,Towers with Radar,132,116,92,2,342,0,0,89,1,90,132,116,181,3,432,186,0,186,618
11/29/2000,GSO,NC,ASO,ES,Towers with Radar,145,109,103,0,357,0,0,37,0,37,145,109,140,0,394,114,0,114,508
11/30/2000,GSO,NC,ASO,ES,Towers with Radar,121,110,114,2,347,0,2,48,0,50,121,112,162,2,397,81,6,87,484
12/01/2000,GSO,NC,ASO,ES,Towers with Radar,116,117,87,6,326,0,0,92,6,98,116,117,179,12,424,61,0,61,485
12/02/2000,GSO,NC,ASO,ES,Towers with Radar,84,83,51,0,218,1,0,11,0,12,85,83,62,0,230,26,0,26,256
12/03/2000,GSO,NC,ASO,ES,Towers with Radar,91,77,35,0,203,1,0,25,0,26,92,77,60,0,229,40,0,40,269
12/04/2000,GSO,NC,ASO,ES,Towers with Radar,103,93,78,2,276,1,1,46,4,52,104,94,124,6,328,26,2,28,356
12/05/2000,GSO,NC,ASO,ES,Towers with Radar,123,122,87,0,332,0,0,58,0,58,123,122,145,0,390,94,0,94,484
12/06/2000,GSO,NC,ASO,ES,Towers with Radar,116,113,96,0,325,1,1,47,1,50,117,114,143,1,375,22,0,22,397
12/07/2000,GSO,NC,ASO,ES,Towers with Radar,127,120,97,1,345,1,0,81,0,82,128,120,178,1,427,61,4,65,492
12/08/2000,GSO,NC,ASO,ES,Towers with Radar,122,113,82,0,317,0,0,73,0,73,122,113,155,0,390,50,0,50,440
12/09/2000,GSO,NC,ASO,ES,Towers with Radar,92,87,44,3,226,0,1,61,0,62,92,88,105,3,288,53,0,53,341
12/10/2000,GSO,NC,ASO,ES,Towers with Radar,105,83,50,0,238,0,1,0,0,1,105,84,50,0,239,20,0,20,259
12/11/2000,GSO,NC,ASO,ES,Towers with Radar,100,91,92,10,293,0,1,0,2,3,100,92,92,12,296,28,0,28,324
12/12/2000,GSO,NC,ASO,ES,Towers with Radar,111,103,70,0,284,0,1,40,1,42,111,104,110,1,326,40,0,40,366
12/13/2000,GSO,NC,ASO,ES,Towers with Radar,106,115,94,0,315,0,0,66,0,66,106,115,160,0,381,32,0,32,413
12/14/2000,GSO,NC,ASO,ES,Towers with Radar,110,84,104,0,298,0,0,0,0,0,110,84,104,0,298,22,0,22,320
12/15/2000,GSO,NC,ASO,ES,Towers with Radar,116,114,131,2,363,0,0,19,0,19,116,114,150,2,382,28,0,28,410
12/16/2000,GSO,NC,ASO,ES,Towers with Radar,74,61,19,0,154,0,0,1,0,1,74,61,20,0,155,1,0,1,156
12/17/2000,GSO,NC,ASO,ES,Towers with Radar,105,59,28,0,192,0,0,16,0,16,105,59,44,0,208,0,0,0,208
12/18/2000,GSO,NC,ASO,ES,Towers with Radar,99,87,85,0,271,0,0,73,0,73,99,87,158,0,344,83,0,83,427
12/19/2000,GSO,NC,ASO,ES,Towers with Radar,112,113,43,0,268,0,0,2,0,2,112,113,45,0,270,40,0,40,310
12/20/2000,GSO,NC,ASO,ES,Towers with Radar,128,111,110,0,349,0,1,113,0,114,128,112,223,0,463,10,0,10,473
12/21/2000,GSO,NC,ASO,ES,Towers with Radar,127,113,78,2,320,0,0,41,0,41,127,113,119,2,361,56,3,59,420
12/22/2000,GSO,NC,ASO,ES,Towers with Radar,124,109,47,2,282,0,1,43,0,44,124,110,90,2,326,51,0,51,377
12/23/2000,GSO,NC,ASO,ES,Towers with Radar,90,80,29,0,199,0,0,68,0,68,90,80,97,0,267,73,0,73,340
12/24/2000,GSO,NC,ASO,ES,Towers with Radar,71,64,11,0,146,0,0,28,0,28,71,64,39,0,174,69,0,69,243
12/25/2000,GSO,NC,ASO,ES,Towers with Radar,63,65,9,0,137,0,0,17,0,17,63,65,26,0,154,28,0,28,182
12/26/2000,GSO,NC,ASO,ES,Towers with Radar,92,87,59,0,238,0,0,73,0,73,92,87,132,0,311,67,0,67,378
12/27/2000,GSO,NC,ASO,ES,Towers with Radar,137,101,87,1,326,0,0,39,0,39,137,101,126,1,365,82,2,84,449
12/28/2000,GSO,NC,ASO,ES,Towers with Radar,111,115,33,2,261,0,0,47,0,47,111,115,80,2,308,48,0,48,356
12/29/2000,GSO,NC,ASO,ES,Towers with Radar,117,97,42,0,256,0,0,59,0,59,117,97,101,0,315,58,0,58,373
12/30/2000,GSO,NC,ASO,ES,Towers with Radar,76,63,16,0,155,0,0,8,0,8,76,63,24,0,163,21,0,21,184
12/31/2000,GSO,NC,ASO,ES,Towers with Radar,69,69,13,0,151,0,0,21,0,21,69,69,34,0,172,1,0,1,173
01/01/2001,GSO,NC,ASO,ES,Towers with Radar,71,73,24,0,168,0,1,39,0,40,71,74,63,0,208,4,0,4,212
01/02/2001,GSO,NC,ASO,ES,Towers with Radar,98,101,55,3,257,0,0,32,0,32,98,101,87,3,289,31,0,31,320
01/03/2001,GSO,NC,ASO,ES,Towers with Radar,112,104,69,1,286,0,0,68,0,68,112,104,137,1,354,35,0,35,389
01/04/2001,GSO,NC,ASO,ES,Towers with Radar,109,108,73,0,290,0,0,48,0,48,109,108,121,0,338,95,0,95,433
01/05/2001,GSO,NC,ASO,ES,Towers with Radar,117,98,85,0,300,0,0,43,0,43,117,98,128,0,343,75,0,75,418
01/06/2001,GSO,NC,ASO,ES,Towers with Radar,84,77,45,0,206,0,0,78,0,78,84,77,123,0,284,61,0,61,345
01/07/2001,GSO,NC,ASO,ES,Towers with Radar,86,86,44,1,217,0,0,46,0,46,86,86,90,1,263,63,0,63,326
01/08/2001,GSO,NC,ASO,ES,Towers with Radar,97,115,83,1,296,0,0,0,0,0,97,115,83,1,296,55,0,55,351
01/09/2001,GSO,NC,ASO,ES,Towers with Radar,102,102,91,5,300,0,6,38,0,44,102,108,129,5,344,83,8,91,435
01/10/2001,GSO,NC,ASO,ES,Towers with Radar,128,138,97,4,367,0,1,87,0,88,128,139,184,4,455,40,4,44,499
01/11/2001,GSO,NC,ASO,ES,Towers with Radar,115,120,100,1,336,0,0,74,0,74,115,120,174,1,410,58,0,58,468
01/12/2001,GSO,NC,ASO,ES,Towers with Radar,118,125,80,0,323,0,0,17,0,17,118,125,97,0,340,92,0,92,432
01/13/2001,GSO,NC,ASO,ES,Towers with Radar,94,81,67,1,243,0,0,99,1,100,94,81,166,2,343,134,0,134,477
01/14/2001,GSO,NC,ASO,ES,Towers with Radar,98,89,57,3,247,0,0,0,0,0,98,89,57,3,247,97,0,97,344
01/15/2001,GSO,NC,ASO,ES,Towers with Radar,96,95,87,0,278,0,1,14,0,15,96,96,101,0,293,140,0,140,433
01/16/2001,GSO,NC,ASO,ES,Towers with Radar,124,108,81,1,314,6,0,54,8,68,130,108,135,9,382,60,14,74,456
01/17/2001,GSO,NC,ASO,ES,Towers with Radar,110,114,77,0,301,0,0,48,1,49,110,114,125,1,350,66,10,76,426
01/18/2001,GSO,NC,ASO,ES,Towers with Radar,113,120,85,0,318,0,0,0,0,0,113,120,85,0,318,84,0,84,402
01/19/2001,GSO,NC,ASO,ES,Towers with Radar,114,109,51,0,274,0,0,0,0,0,114,109,51,0,274,7,0,7,281
01/20/2001,GSO,NC,ASO,ES,Towers with Radar,87,78,31,0,196,0,0,0,0,0,87,78,31,0,196,12,0,12,208
01/21/2001,GSO,NC,ASO,ES,Towers with Radar,99,78,46,0,223,0,0,92,0,92,99,78,138,0,315,64,0,64,379
01/22/2001,GSO,NC,ASO,ES,Towers with Radar,100,96,50,0,246,0,2,73,0,75,100,98,123,0,321,87,0,87,408
01/23/2001,GSO,NC,ASO,ES,Towers with Radar,111,110,83,3,307,0,1,73,0,74,111,111,156,3,381,39,0,39,420
01/24/2001,GSO,NC,ASO,ES,Towers with Radar,123,117,84,3,327,0,1,76,2,79,123,118,160,5,406,76,1,77,483
01/25/2001,GSO,NC,ASO,ES,Towers with Radar,114,112,83,2,311,0,2,60,1,63,114,114,143,3,374,39,0,39,413
01/26/2001,GSO,NC,ASO,ES,Towers with Radar,117,120,71,1,309,0,0,114,0,114,117,120,185,1,423,13,0,13,436
01/27/2001,GSO,NC,ASO,ES,Towers with Radar,84,81,35,0,200,0,0,51,0,51,84,81,86,0,251,51,0,51,302
01/28/2001,GSO,NC,ASO,ES,Towers with Radar,78,78,52,0,208,10,12,62,0,84,88,90,114,0,292,17,2,19,311
01/29/2001,GSO,NC,ASO,ES,Towers with Radar,98,106,72,0,276,0,0,73,0,73,98,106,145,0,349,60,4,64,413
01/30/2001,GSO,NC,ASO,ES,Towers with Radar,119,119,67,1,306,0,3,0,1,4,119,122,67,2,310,51,4,55,365
01/31/2001,GSO,NC,ASO,ES,Towers with Radar,121,130,87,4,342,0,0,61,1,62,121,130,148,5,404,46,8,54,458
02/01/2001,GSO,NC,ASO,ES,Towers with Radar,115,120,90,0,325,1,0,93,0,94,116,120,183,0,419,40,0,40,459
02/02/2001,GSO,NC,ASO,ES,Towers with Radar,119,116,85,2,322,1,0,71,0,72,120,116,156,2,394,67,0,67,461
02/03/2001,GSO,NC,ASO,ES,Towers with Radar,80,88,35,0,203,1,0,91,1,93,81,88,126,1,296,98,8,106,402
02/04/2001,GSO,NC,ASO,ES,Towers with Radar,92,96,55,1,244,1,0,29,3,33,93,96,84,4,277,35,0,35,312
02/05/2001,GSO,NC,ASO,ES,Towers with Radar,100,105,82,3,290,0,0,43,2,45,100,105,125,5,335,109,8,117,452
02/06/2001,GSO,NC,ASO,ES,Towers with Radar,117,112,97,0,326,0,0,131,0,131,117,112,228,0,457,60,4,64,521
02/07/2001,GSO,NC,ASO,ES,Towers with Radar,74,82,52,0,208,12,4,38,1,55,86,86,90,1,263,63,0,63,326
02/08/2001,GSO,NC,ASO,ES,Towers with Radar,97,111,73,1,282,0,4,10,0,14,97,115,83,1,296,55,0,55,351
02/09/2001,GSO,NC,ASO,ES,Towers with Radar,132,107,78,0,317,0,0,54,0,54,132,107,132,0,371,18,0,18,389
02/10/2001,GSO,NC,ASO,ES,Towers with Radar,85,84,35,0,204,1,0,58,0,59,86,84,93,0,263,39,0,39,302
02/11/2001,GSO,NC,ASO,ES,Towers with Radar,94,90,48,1,233,1,0,44,0,45,95,90,92,1,278,56,6,62,340
02/12/2001,GSO,NC,ASO,ES,Towers with Radar,84,106,44,0,234,1,0,0,0,1,85,106,44,0,235,0,0,0,235
02/13/2001,GSO,NC,ASO,ES,Towers with Radar,118,130,95,2,345,1,0,34,0,35,119,130,129,2,380,52,10,62,442
02/14/2001,GSO,NC,ASO,ES,Towers with Radar,115,120,93,1,329,1,0,0,0,1,116,120,93,1,330,11,0,11,341
02/15/2001,GSO,NC,ASO,ES,Towers with Radar,113,125,116,0,354,1,0,31,1,33,114,125,147,1,387,49,0,49,436
02/16/2001,GSO,NC,ASO,ES,Towers with Radar,112,126,80,0,318,1,0,0,0,1,113,126,80,0,319,25,0,25,344
02/17/2001,GSO,NC,ASO,ES,Towers with Radar,72,79,51,0,202,17,22,38,0,77,89,101,89,0,279,116,4,120,399
02/18/2001,GSO,NC,ASO,ES,Towers with Radar,88,96,62,0,246,9,1,75,0,85,97,97,137,0,331,44,4,48,379
02/19/2001,GSO,NC,ASO,ES,Towers with Radar,87,103,67,0,257,0,8,100,0,108,87,111,167,0,365,28,0,28,393
02/20/2001,GSO,NC,ASO,ES,Towers with Radar,99,124,68,3,294,1,0,55,0,56,100,124,123,3,350,39,8,47,397
02/21/2001,GSO,NC,ASO,ES,Towers with Radar,120,119,106,0,345,1,0,43,0,44,121,119,149,0,389,51,0,51,440
02/22/2001,GSO,NC,ASO,ES,Towers with Radar,108,102,68,0,278,0,0,0,0,0,108,102,68,0,278,4,0,4,282
02/23/2001,GSO,NC,ASO,ES,Towers with Radar,119,126,90,1,336,0,0,87,1,88,119,126,177,2,424,57,4,61,485
02/24/2001,GSO,NC,ASO,ES,Towers with Radar,79,97,36,1,213,0,0,78,0,78,79,97,114,1,291,109,10,119,410
02/25/2001,GSO,NC,ASO,ES,Towers with Radar,88,84,58,0,230,0,0,0,0,0,88,84,58,0,230,25,0,25,255
02/26/2001,GSO,NC,ASO,ES,Towers with Radar,103,121,78,1,303,0,1,62,1,64,103,122,140,2,367,41,22,63,430
02/27/2001,GSO,NC,ASO,ES,Towers with Radar,105,133,86,1,325,0,0,86,10,96,105,133,172,11,421,62,0,62,483
02/28/2001,GSO,NC,ASO,ES,Towers with Radar,113,127,89,0,329,0,0,46,0,46,113,127,135,0,375,141,0,141,516
03/01/2001,GSO,NC,ASO,ES,Towers with Radar,115,135,97,0,347,1,0,46,1,48,116,135,143,1,395,95,0,95,490
03/02/2001,GSO,NC,ASO,ES,Towers with Radar,120,118,103,0,341,0,0,43,0,43,120,118,146,0,384,92,0,92,476
03/03/2001,GSO,NC,ASO,ES,Towers with Radar,88,94,59,0,241,0,0,4,0,4,88,94,63,0,245,76,0,76,321
03/04/2001,GSO,NC,ASO,ES,Towers with Radar,89,83,34,0,206,0,0,0,0,0,89,83,34,0,206,4,0,4,210
03/05/2001,GSO,NC,ASO,ES,Towers with Radar,94,98,53,2,247,0,0,23,0,23,94,98,76,2,270,24,0,24,294
03/06/2001,GSO,NC,ASO,ES,Towers with Radar,117,103,65,0,285,1,0,12,0,13,118,103,77,0,298,2,0,2,300
03/07/2001,GSO,NC,ASO,ES,Towers with Radar,116,109,86,0,311,4,0,95,0,99,120,109,181,0,410,13,0,13,423
03/08/2001,GSO,NC,ASO,ES,Towers with Radar,121,132,98,3,354,0,0,131,0,131,121,132,229,3,485,68,20,88,573
03/09/2001,GSO,NC,ASO,ES,Towers with Radar,126,122,75,0,323,0,0,58,0,58,126,122,133,0,381,108,0,108,489
03/10/2001,GSO,NC,ASO,ES,Towers with Radar,77,94,61,1,233,1,0,59,0,60,78,94,120,1,293,28,1,29,322
03/11/2001,GSO,NC,ASO,ES,Towers with Radar,93,94,51,0,238,1,0,61,0,62,94,94,112,0,300,49,0,49,349
03/12/2001,GSO,NC,ASO,ES,Towers with Radar,96,111,90,4,301,1,0,29,0,30,97,111,119,4,331,43,38,81,412
03/13/2001,GSO,NC,ASO,ES,Towers with Radar,119,126,83,0,328,0,1,16,0,17,119,127,99,0,345,15,4,19,364
03/14/2001,GSO,NC,ASO,ES,Towers with Radar,120,122,103,1,346,3,4,88,0,95,123,126,191,1,441,85,26,111,552
03/15/2001,GSO,NC,ASO,ES,Towers with Radar,119,131,93,0,343,0,5,0,0,5,119,136,93,0,348,16,0,16,364
03/16/2001,GSO,NC,ASO,ES,Towers with Radar,106,125,87,0,318,1,0,0,0,1,107,125,87,0,319,10,0,10,329
03/17/2001,GSO,NC,ASO,ES,Towers with Radar,82,94,67,1,244,0,20,38,1,59,82,114,105,2,303,81,0,81,384
03/18/2001,GSO,NC,ASO,ES,Towers with Radar,99,101,45,2,247,1,0,61,0,62,100,101,106,2,309,36,0,36,345
03/19/2001,GSO,NC,ASO,ES,Towers with Radar,99,112,86,0,297,1,1,81,1,84,100,113,167,1,381,75,0,75,456
03/20/2001,GSO,NC,ASO,ES,Towers with Radar,114,120,54,0,288,1,0,6,0,7,115,120,60,0,295,25,0,25,320
03/21/2001,GSO,NC,ASO,ES,Towers with Radar,115,120,71,1,307,6,8,0,1,15,121,128,71,2,322,11,4,15,337
03/22/2001,GSO,NC,ASO,ES,Towers with Radar,112,129,93,2,336,0,0,99,6,105,112,129,192,8,441,51,1,52,493
03/23/2001,GSO,NC,ASO,ES,Towers with Radar,112,128,77,0,317,1,2,115,0,118,113,130,192,0,435,25,0,25,460
03/24/2001,GSO,NC,ASO,ES,Towers with Radar,89,98,89,0,276,0,0,141,0,141,89,98,230,0,417,104,0,104,521
03/25/2001,GSO,NC,ASO,ES,Towers with Radar,91,88,102,0,281,1,0,100,1,102,92,88,202,1,383,64,0,64,447
03/26/2001,GSO,NC,ASO,ES,Towers with Radar,94,96,88,6,284,1,0,74,0,75,95,96,162,6,359,44,0,44,403
03/27/2001,GSO,NC,ASO,ES,Towers with Radar,119,109,96,0,324,1,0,85,0,86,120,109,181,0,410,13,0,13,423
03/28/2001,GSO,NC,ASO,ES,Towers with Radar,119,103,89,1,312,3,0,84,1,88,122,103,173,2,400,23,8,31,431
03/29/2001,GSO,NC,ASO,ES,Towers with Radar,114,111,74,4,303,1,0,0,0,1,115,111,74,4,304,4,0,4,308
03/30/2001,GSO,NC,ASO,ES,Towers with Radar,126,100,87,0,313,0,0,42,0,42,126,100,129,0,355,24,0,24,379
03/31/2001,GSO,NC,ASO,ES,Towers with Radar,83,81,57,0,221,0,0,18,0,18,83,81,75,0,239,96,0,96,335
04/01/2001,GSO,NC,ASO,ES,Towers with Radar,80,81,40,0,201,2,0,5,0,7,82,81,45,0,208,9,0,9,217
04/02/2001,GSO,NC,ASO,ES,Towers with Radar,99,96,79,3,277,1,1,92,2,96,100,97,171,5,373,22,0,22,395
04/03/2001,GSO,NC,ASO,ES,Towers with Radar,117,111,94,0,322,0,1,2,0,3,117,112,96,0,325,106,0,106,431
04/04/2001,GSO,NC,ASO,ES,Towers with Radar,111,113,125,1,350,0,0,23,0,23,111,113,148,1,373,132,0,132,505
04/05/2001,GSO,NC,ASO,ES,Towers with Radar,102,116,159,0,377,0,0,82,0,82,102,116,241,0,459,132,0,132,591
04/06/2001,GSO,NC,ASO,ES,Towers with Radar,113,131,125,4,373,0,0,67,0,67,113,131,192,4,440,38,0,38,478
04/07/2001,GSO,NC,ASO,ES,Towers with Radar,112,107,101,1,321,2,0,101,4,107,114,107,202,5,428,78,0,78,506
04/08/2001,GSO,NC,ASO,ES,Towers with Radar,94,80,61,0,235,0,1,67,2,70,94,81,128,2,305,58,0,58,363
04/09/2001,GSO,NC,ASO,ES,Towers with Radar,94,89,70,0,253,0,0,64,0,64,94,89,134,0,317,40,0,40,357
04/10/2001,GSO,NC,ASO,ES,Towers with Radar,113,121,106,2,342,0,0,86,0,86,113,121,192,2,428,100,0,100,528
04/11/2001,GSO,NC,ASO,ES,Towers with Radar,116,112,135,0,363,0,0,23,0,23,116,112,158,0,386,24,0,24,410
04/12/2001,GSO,NC,ASO,ES,Towers with Radar,104,110,143,6,363,0,0,67,0,67,104,110,210,6,430,133,14,147,577
04/13/2001,GSO,NC,ASO,ES,Towers with Radar,110,108,59,2,279,0,1,25,0,26,110,109,84,2,305,80,1,81,386
04/14/2001,GSO,NC,ASO,ES,Towers with Radar,75,74,32,0,181,0,0,78,0,78,75,74,110,0,259,64,0,64,323
04/15/2001,GSO,NC,ASO,ES,Towers with Radar,86,87,50,0,223,0,0,9,0,9,86,87,59,0,232,22,0,22,254
04/16/2001,GSO,NC,ASO,ES,Towers with Radar,105,107,118,5,335,0,0,59,1,60,105,107,177,6,395,41,5,46,441
04/17/2001,GSO,NC,ASO,ES,Towers with Radar,124,115,98,0,337,0,0,30,0,30,124,115,128,0,367,15,0,15,382
04/18/2001,GSO,NC,ASO,ES,Towers with Radar,118,107,107,0,332,16,0,71,0,87,134,107,178,0,419,2,0,2,421
04/19/2001,GSO,NC,ASO,ES,Towers with Radar,114,124,106,0,344,0,3,104,0,107,114,127,210,0,451,29,0,29,480
04/20/2001,GSO,NC,ASO,ES,Towers with Radar,116,112,85,2,315,0,0,63,0,63,116,112,148,2,378,71,2,73,451
04/21/2001,GSO,NC,ASO,ES,Towers with Radar,86,79,81,1,247,0,0,71,0,71,86,79,152,1,318,75,0,75,393
04/22/2001,GSO,NC,ASO,ES,Towers with Radar,99,92,105,0,296,0,0,103,0,103,99,92,208,0,399,48,0,48,447
04/23/2001,GSO,NC,ASO,ES,Towers with Radar,100,103,124,2,329,0,0,89,2,91,100,103,213,4,420,40,0,40,460
04/24/2001,GSO,NC,ASO,ES,Towers with Radar,122,109,112,1,344,0,0,74,1,75,122,109,186,2,419,36,0,36,455
04/25/2001,GSO,NC,ASO,ES,Towers with Radar,116,137,130,1,384,0,0,37,0,37,116,137,167,1,421,39,0,39,460
04/26/2001,GSO,NC,ASO,ES,Towers with Radar,112,110,103,0,325,0,0,80,0,80,112,110,183,0,405,15,0,15,420
04/27/2001,GSO,NC,ASO,ES,Towers with Radar,111,107,101,1,320,3,0,101,4,108,114,107,202,5,428,78,0,78,506
04/28/2001,GSO,NC,ASO,ES,Towers with Radar,72,74,65,0,211,7,1,477,0,485,79,75,542,0,696,59,0,59,755
04/29/2001,GSO,NC,ASO,ES,Towers with Radar,79,81,73,0,233,18,20,183,0,221,97,101,256,0,454,22,0,22,476
04/30/2001,GSO,NC,ASO,ES,Towers with Radar,92,95,85,1,273,3,11,58,2,74,95,106,143,3,347,73,0,73,420
05/01/2001,GSO,NC,ASO,ES,Towers with Radar,107,103,81,1,292,5,0,78,0,83,112,103,159,1,375,36,14,50,425
05/02/2001,GSO,NC,ASO,ES,Towers with Radar,105,109,84,3,301,0,1,63,3,67,105,110,147,6,368,51,0,51,419
05/03/2001,GSO,NC,ASO,ES,Towers with Radar,107,115,99,3,324,0,0,90,2,92,107,115,189,5,416,116,6,122,538
05/04/2001,GSO,NC,ASO,ES,Towers with Radar,109,111,86,3,309,0,5,71,3,79,109,116,157,6,388,69,4,73,461
05/05/2001,GSO,NC,ASO,ES,Towers with Radar,67,65,51,0,183,18,0,56,0,74,85,65,107,0,257,57,0,57,314
05/06/2001,GSO,NC,ASO,ES,Towers with Radar,90,81,68,2,241,0,0,14,1,15,90,81,82,3,256,33,0,33,289
05/07/2001,GSO,NC,ASO,ES,Towers with Radar,61,61,46,0,168,17,12,21,0,50,78,73,67,0,218,57,0,57,275
05/08/2001,GSO,NC,ASO,ES,Towers with Radar,109,114,88,1,312,0,1,101,0,102,109,115,189,1,414,87,0,87,501
05/09/2001,GSO,NC,ASO,ES,Towers with Radar,106,112,90,2,310,0,0,75,0,75,106,112,165,2,385,89,0,89,474
05/10/2001,GSO,NC,ASO,ES,Towers with Radar,101,102,86,0,289,0,0,129,0,129,101,102,215,0,418,62,0,62,480
05/11/2001,GSO,NC,ASO,ES,Towers with Radar,117,112,91,0,320,0,0,73,0,73,117,112,164,0,393,47,0,47,440
05/12/2001,GSO,NC,ASO,ES,Towers with Radar,66,66,51,0,183,17,5,28,0,50,83,71,79,0,233,17,0,17,250
05/13/2001,GSO,NC,ASO,ES,Towers with Radar,69,69,53,1,192,23,18,51,0,92,92,87,104,1,284,34,0,34,318
05/14/2001,GSO,NC,ASO,ES,Towers with Radar,93,92,72,2,259,2,4,70,0,76,95,96,142,2,335,55,48,103,438
05/15/2001,GSO,NC,ASO,ES,Towers with Radar,114,110,86,2,312,1,0,68,0,69,115,110,154,2,381,70,0,70,451
05/16/2001,GSO,NC,ASO,ES,Towers with Radar,114,110,80,0,304,0,0,0,0,0,114,110,80,0,304,16,0,16,320
05/17/2001,GSO,NC,ASO,ES,Towers with Radar,108,113,98,0,319,0,0,18,0,18,108,113,116,0,337,4,0,4,341
05/18/2001,GSO,NC,ASO,ES,Towers with Radar,111,112,98,0,321,0,0,28,0,28,111,112,126,0,349,22,0,22,371
05/19/2001,GSO,NC,ASO,ES,Towers with Radar,78,75,59,0,212,6,2,25,0,33,84,77,84,0,245,25,0,25,270
05/20/2001,GSO,NC,ASO,ES,Towers with Radar,88,82,67,0,237,7,0,10,0,17,95,82,77,0,254,30,0,30,284
05/21/2001,GSO,NC,ASO,ES,Towers with Radar,100,106,74,2,282,0,3,0,0,3,100,109,74,2,285,26,0,26,311
05/22/2001,GSO,NC,ASO,ES,Towers with Radar,105,100,79,2,286,2,0,32,6,40,107,100,111,8,326,13,6,19,345
05/23/2001,GSO,NC,ASO,ES,Towers with Radar,117,107,95,0,319,0,0,165,0,165,117,107,260,0,484,42,0,42,526
05/24/2001,GSO,NC,ASO,ES,Towers with Radar,110,106,84,2,302,1,7,77,0,85,111,113,161,2,387,57,28,85,472
05/25/2001,GSO,NC,ASO,ES,Towers with Radar,109,106,83,1,299,1,1,29,0,31,110,107,112,1,330,23,0,23,353
05/26/2001,GSO,NC,ASO,ES,Towers with Radar,65,63,49,0,177,15,3,7,0,25,80,66,56,0,202,19,0,19,221
05/27/2001,GSO,NC,ASO,ES,Towers with Radar,62,60,47,0,169,16,13,20,0,49,78,73,67,0,218,57,0,57,275
05/28/2001,GSO,NC,ASO,ES,Towers with Radar,81,78,61,0,220,2,1,8,0,11,83,79,69,0,231,57,0,57,288
05/29/2001,GSO,NC,ASO,ES,Towers with Radar,97,101,82,2,282,0,0,57,0,57,97,101,139,2,339,52,8,60,399
05/30/2001,GSO,NC,ASO,ES,Towers with Radar,112,107,89,2,310,0,0,95,2,97,112,107,184,4,407,37,8,45,452
05/31/2001,GSO,NC,ASO,ES,Towers with Radar,107,107,89,2,305,0,0,65,0,65,107,107,154,2,370,46,0,46,416
06/01/2001,GSO,NC,ASO,ES,Towers with Radar,102,109,68,0,279,0,0,0,0,0,102,109,68,0,279,18,4,22,301
06/02/2001,GSO,NC,ASO,ES,Towers with Radar,77,74,35,2,188,1,2,24,0,27,78,76,59,2,215,37,0,37,252
06/03/2001,GSO,NC,ASO,ES,Towers with Radar,88,84,37,1,210,1,1,72,3,77,89,85,109,4,287,21,0,21,308
06/04/2001,GSO,NC,ASO,ES,Towers with Radar,99,89,61,0,249,1,1,43,0,45,100,90,104,0,294,11,0,11,305
06/05/2001,GSO,NC,ASO,ES,Towers with Radar,98,108,104,0,310,1,1,52,2,56,99,109,156,2,366,102,0,102,468
06/06/2001,GSO,NC,ASO,ES,Towers with Radar,116,110,82,0,308,1,1,62,0,64,117,111,144,0,372,29,2,31,403
06/07/2001,GSO,NC,ASO,ES,Towers with Radar,111,111,90,1,313,0,0,79,1,80,111,111,169,2,393,45,0,45,438
06/08/2001,GSO,NC,ASO,ES,Towers with Radar,102,117,87,1,307,0,3,47,0,50,102,120,134,1,357,35,0,35,392
06/09/2001,GSO,NC,ASO,ES,Towers with Radar,82,78,27,2,189,1,0,33,0,34,83,78,60,2,223,50,0,50,273
06/10/2001,GSO,NC,ASO,ES,Towers with Radar,97,83,54,0,234,1,0,53,0,54,98,83,107,0,288,32,0,32,320
06/11/2001,GSO,NC,ASO,ES,Towers with Radar,99,100,92,3,294,1,0,42,0,43,100,100,134,3,337,58,0,58,395
06/12/2001,GSO,NC,ASO,ES,Towers with Radar,109,112,99,0,320,1,0,44,0,45,110,112,143,0,365,54,0,54,419
06/13/2001,GSO,NC,ASO,ES,Towers with Radar,128,111,114,0,353,1,0,12,0,13,129,111,126,0,366,52,0,52,418
06/14/2001,GSO,NC,ASO,ES,Towers with Radar,110,115,112,1,338,1,0,24,0,25,111,115,136,1,363,56,6,62,425
06/15/2001,GSO,NC,ASO,ES,Towers with Radar,93,107,86,9,295,1,0,17,0,18,94,107,103,9,313,23,0,23,336
06/16/2001,GSO,NC,ASO,ES,Towers with Radar,86,71,37,0,194,0,0,63,0,63,86,71,100,0,257,72,0,72,329
06/17/2001,GSO,NC,ASO,ES,Towers with Radar,89,78,34,4,205,0,0,62,0,62,89,78,96,4,267,44,0,44,311
06/18/2001,GSO,NC,ASO,ES,Towers with Radar,100,107,78,3,288,1,0,67,0,68,101,107,145,3,356,26,0,26,382
06/19/2001,GSO,NC,ASO,ES,Towers with Radar,111,117,87,0,315,1,0,77,0,78,112,117,164,0,393,19,0,19,412
06/20/2001,GSO,NC,ASO,ES,Towers with Radar,113,108,94,0,315,1,0,75,1,77,114,108,169,1,392,25,0,25,417
06/21/2001,GSO,NC,ASO,ES,Towers with Radar,113,119,122,0,354,1,2,56,1,60,114,121,178,1,414,65,0,65,479
06/22/2001,GSO,NC,ASO,ES,Towers with Radar,101,94,72,3,270,1,0,32,0,33,102,94,104,3,303,55,0,55,358
06/23/2001,GSO,NC,ASO,ES,Towers with Radar,94,75,39,3,211,1,1,28,0,30,95,76,67,3,241,24,4,28,269
06/24/2001,GSO,NC,ASO,ES,Towers with Radar,97,81,50,2,230,1,0,30,2,33,98,81,80,4,263,23,0,23,286
06/25/2001,GSO,NC,ASO,ES,Towers with Radar,100,99,73,0,272,1,8,30,0,39,101,107,103,0,311,18,0,18,329
06/26/2001,GSO,NC,ASO,ES,Towers with Radar,113,108,90,0,311,1,0,41,2,44,114,108,131,2,355,32,0,32,387
06/27/2001,GSO,NC,ASO,ES,Towers with Radar,110,111,106,2,329,1,0,63,0,64,111,111,169,2,393,45,0,45,438
06/28/2001,GSO,NC,ASO,ES,Towers with Radar,112,127,93,4,336,0,0,75,1,76,112,127,168,5,412,28,0,28,440
06/29/2001,GSO,NC,ASO,ES,Towers with Radar,106,116,62,0,284,0,2,90,0,92,106,118,152,0,376,57,0,57,433
06/30/2001,GSO,NC,ASO,ES,Towers with Radar,85,89,41,0,215,0,0,54,0,54,85,89,95,0,269,41,0,41,310
07/01/2001,GSO,NC,ASO,ES,Towers with Radar,85,71,43,0,199,3,1,37,1,42,88,72,80,1,241,7,0,7,248
07/02/2001,GSO,NC,ASO,ES,Towers with Radar,84,107,87,0,278,3,2,45,0,50,87,109,132,0,328,58,0,58,386
07/03/2001,GSO,NC,ASO,ES,Towers with Radar,93,110,102,2,307,3,2,11,3,19,96,112,113,5,326,60,0,60,386
07/04/2001,GSO,NC,ASO,ES,Towers with Radar,96,80,41,2,219,3,1,0,0,4,99,81,41,2,223,36,0,36,259
07/05/2001,GSO,NC,ASO,ES,Towers with Radar,91,109,57,0,257,3,1,58,0,62,94,110,115,0,319,38,0,38,357
07/06/2001,GSO,NC,ASO,ES,Towers with Radar,102,109,88,5,304,3,2,60,0,65,105,111,148,5,369,53,6,59,428
07/07/2001,GSO,NC,ASO,ES,Towers with Radar,80,69,44,0,193,2,2,54,0,58,82,71,98,0,251,52,0,52,303
07/08/2001,GSO,NC,ASO,ES,Towers with Radar,94,78,62,0,234,2,2,8,0,12,96,80,70,0,246,14,0,14,260
07/09/2001,GSO,NC,ASO,ES,Towers with Radar,96,109,91,2,298,0,0,38,10,48,96,109,129,12,346,16,0,16,362
07/10/2001,GSO,NC,ASO,ES,Towers with Radar,98,106,92,0,296,0,0,94,0,94,98,106,186,0,390,16,0,16,406
07/11/2001,GSO,NC,ASO,ES,Towers with Radar,107,116,84,4,311,2,3,81,2,88,109,119,165,6,399,5,0,5,404
07/12/2001,GSO,NC,ASO,ES,Towers with Radar,111,115,95,6,327,2,3,88,0,93,113,118,183,6,420,33,32,65,485
07/13/2001,GSO,NC,ASO,ES,Towers with Radar,101,121,94,5,321,0,0,50,0,50,101,121,144,5,371,62,0,62,433
07/14/2001,GSO,NC,ASO,ES,Towers with Radar,80,78,48,0,206,2,2,70,0,74,82,80,118,0,280,68,0,68,348
07/15/2001,GSO,NC,ASO,ES,Towers with Radar,91,83,84,1,259,0,2,31,0,33,91,85,115,1,292,61,4,65,357
07/16/2001,GSO,NC,ASO,ES,Towers with Radar,89,106,94,0,289,2,3,82,0,87,91,109,176,0,376,31,1,32,408
07/17/2001,GSO,NC,ASO,ES,Towers with Radar,115,106,100,4,325,0,2,59,0,61,115,108,159,4,386,74,11,85,471
07/18/2001,GSO,NC,ASO,ES,Towers with Radar,111,123,135,4,373,0,2,23,0,25,111,125,158,4,398,106,0,106,504
07/19/2001,GSO,NC,ASO,ES,Towers with Radar,109,116,116,1,342,0,0,30,0,30,109,116,146,1,372,78,0,78,450
07/20/2001,GSO,NC,ASO,ES,Towers with Radar,92,115,86,1,294,2,2,42,0,46,94,117,128,1,340,30,0,30,370
07/21/2001,GSO,NC,ASO,ES,Towers with Radar,85,67,39,0,191,0,3,58,0,61,85,70,97,0,252,50,0,50,302
07/22/2001,GSO,NC,ASO,ES,Towers with Radar,87,85,48,0,220,2,1,50,3,56,89,86,98,3,276,38,0,38,314
07/23/2001,GSO,NC,ASO,ES,Towers with Radar,97,114,83,5,299,2,1,15,0,18,99,115,98,5,317,31,0,31,348
07/24/2001,GSO,NC,ASO,ES,Towers with Radar,106,124,97,0,327,0,1,0,0,1,106,125,97,0,328,74,0,74,402
07/25/2001,GSO,NC,ASO,ES,Towers with Radar,101,127,104,1,333,0,0,16,0,16,101,127,120,1,349,20,0,20,369
07/26/2001,GSO,NC,ASO,ES,Towers with Radar,97,132,127,3,359,4,5,0,0,9,101,137,127,3,368,77,0,77,445
07/27/2001,GSO,NC,ASO,ES,Towers with Radar,103,128,65,2,298,2,1,0,0,3,105,129,65,2,301,63,4,67,368
07/28/2001,GSO,NC,ASO,ES,Towers with Radar,87,79,52,0,218,2,1,17,0,20,89,80,69,0,238,49,0,49,287
07/29/2001,GSO,NC,ASO,ES,Towers with Radar,85,103,49,2,239,2,1,0,0,3,87,104,49,2,242,14,0,14,256
07/30/2001,GSO,NC,ASO,ES,Towers with Radar,94,116,107,0,317,2,0,30,0,32,96,116,137,0,349,61,1,62,411
07/31/2001,GSO,NC,ASO,ES,Towers with Radar,101,120,109,2,332,2,1,78,0,81,103,121,187,2,413,108,0,108,521
08/01/2001,GSO,NC,ASO,ES,Towers with Radar,119,123,136,2,380,0,0,30,0,30,119,123,166,2,410,36,0,36,446
08/02/2001,GSO,NC,ASO,ES,Towers with Radar,100,122,88,0,310,0,1,94,7,102,100,123,182,7,412,54,0,54,466
08/03/2001,GSO,NC,ASO,ES,Towers with Radar,95,117,77,0,289,0,0,77,0,77,95,117,154,0,366,17,0,17,383
08/04/2001,GSO,NC,ASO,ES,Towers with Radar,77,74,49,0,200,0,0,32,0,32,77,74,81,0,232,48,4,52,284
08/05/2001,GSO,NC,ASO,ES,Towers with Radar,92,93,56,0,241,0,0,37,1,38,92,93,93,1,279,20,0,20,299
08/06/2001,GSO,NC,ASO,ES,Towers with Radar,90,113,77,0,280,0,0,73,2,75,90,113,150,2,355,27,0,27,382
08/07/2001,GSO,NC,ASO,ES,Towers with Radar,100,112,87,1,300,0,1,59,0,60,100,113,146,1,360,34,4,38,398
08/08/2001,GSO,NC,ASO,ES,Towers with Radar,105,112,109,2,328,0,1,48,0,49,105,113,157,2,377,54,2,56,433
08/09/2001,GSO,NC,ASO,ES,Towers with Radar,106,118,89,0,313,0,0,22,0,22,106,118,111,0,335,64,0,64,399
08/10/2001,GSO,NC,ASO,ES,Towers with Radar,95,115,87,5,302,0,1,49,2,52,95,116,136,7,354,24,0,24,378
08/11/2001,GSO,NC,ASO,ES,Towers with Radar,88,70,55,0,213,0,0,21,0,21,88,70,76,0,234,6,0,6,240
08/12/2001,GSO,NC,ASO,ES,Towers with Radar,82,81,50,3,216,0,0,8,0,8,82,81,58,3,224,39,0,39,263
08/13/2001,GSO,NC,ASO,ES,Towers with Radar,95,109,79,0,283,0,0,11,0,11,95,109,90,0,294,83,0,83,377
08/14/2001,GSO,NC,ASO,ES,Towers with Radar,102,125,104,5,336,0,0,65,0,65,102,125,169,5,401,84,10,94,495
08/15/2001,GSO,NC,ASO,ES,Towers with Radar,101,126,128,0,355,0,0,84,0,84,101,126,212,0,439,41,0,41,480
08/16/2001,GSO,NC,ASO,ES,Towers with Radar,103,128,85,0,316,0,0,67,0,67,103,128,152,0,383,29,0,29,412
08/17/2001,GSO,NC,ASO,ES,Towers with Radar,94,119,90,0,303,0,2,21,1,24,94,121,111,1,327,32,0,32,359
08/18/2001,GSO,NC,ASO,ES,Towers with Radar,80,84,50,2,216,0,0,7,0,7,80,84,57,2,223,70,2,72,295
08/19/2001,GSO,NC,ASO,ES,Towers with Radar,78,89,68,1,236,24,6,3,3,36,102,95,71,4,272,19,0,19,291
08/20/2001,GSO,NC,ASO,ES,Towers with Radar,94,114,104,0,312,0,0,55,0,55,94,114,159,0,367,50,0,50,417
08/21/2001,GSO,NC,ASO,ES,Towers with Radar,103,127,73,0,303,0,0,71,0,71,103,127,144,0,374,52,0,52,426
08/22/2001,GSO,NC,ASO,ES,Towers with Radar,102,125,67,0,294,0,0,63,0,63,102,125,130,0,357,25,0,25,382
08/23/2001,GSO,NC,ASO,ES,Towers with Radar,104,118,89,3,314,0,1,67,0,68,104,119,156,3,382,49,0,49,431
08/24/2001,GSO,NC,ASO,ES,Towers with Radar,106,125,115,2,348,0,0,45,2,47,106,125,160,4,395,32,6,38,433
08/25/2001,GSO,NC,ASO,ES,Towers with Radar,78,78,51,0,207,0,0,53,0,53,78,78,104,0,260,34,0,34,294
08/26/2001,GSO,NC,ASO,ES,Towers with Radar,87,94,56,1,238,0,0,36,0,36,87,94,92,1,274,10,0,10,284
08/27/2001,GSO,NC,ASO,ES,Towers with Radar,86,114,93,0,293,0,0,25,0,25,86,114,118,0,318,21,0,21,339
08/28/2001,GSO,NC,ASO,ES,Towers with Radar,98,119,153,0,370,0,0,4,0,4,98,119,157,0,374,79,10,89,463
08/29/2001,GSO,NC,ASO,ES,Towers with Radar,111,129,120,0,360,0,0,40,0,40,111,129,160,0,400,25,0,25,425
08/30/2001,GSO,NC,ASO,ES,Towers with Radar,104,119,105,0,328,0,0,28,0,28,104,119,133,0,356,24,0,24,380
08/31/2001,GSO,NC,ASO,ES,Towers with Radar,96,122,78,2,298,0,0,43,0,43,96,122,121,2,341,8,0,8,349
09/01/2001,GSO,NC,ASO,ES,Towers with Radar,74,80,37,0,191,2,2,2,0,6,76,82,39,0,197,19,0,19,216
09/02/2001,GSO,NC,ASO,ES,Towers with Radar,63,82,35,0,180,1,1,16,0,18,64,83,51,0,198,30,0,30,228
09/03/2001,GSO,NC,ASO,ES,Towers with Radar,73,95,48,1,217,1,0,12,0,13,74,95,60,1,230,46,0,46,276
09/04/2001,GSO,NC,ASO,ES,Towers with Radar,91,109,84,7,291,0,2,2,0,4,91,111,86,7,295,56,0,56,351
09/05/2001,GSO,NC,ASO,ES,Towers with Radar,92,125,116,0,333,1,3,84,1,89,93,128,200,1,422,24,0,24,446
09/06/2001,GSO,NC,ASO,ES,Towers with Radar,102,116,95,2,315,4,7,76,1,88,106,123,171,3,403,39,12,51,454
09/07/2001,GSO,NC,ASO,ES,Towers with Radar,94,115,67,3,279,2,0,90,2,94,96,115,157,5,373,21,2,23,396
09/08/2001,GSO,NC,ASO,ES,Towers with Radar,78,88,58,1,225,2,2,51,0,55,80,90,109,1,280,106,4,110,390
09/09/2001,GSO,NC,ASO,ES,Towers with Radar,84,88,70,0,242,1,3,0,0,4,85,91,70,0,246,28,0,28,274
09/10/2001,GSO,NC,ASO,ES,Towers with Radar,88,118,90,5,301,1,0,18,1,20,89,118,108,6,321,31,0,31,352
09/11/2001,GSO,NC,ASO,ES,Towers with Radar,47,38,30,1,116,1,1,6,0,8,48,39,36,1,124,9,0,9,133
09/12/2001,GSO,NC,ASO,ES,Towers with Radar,0,0,2,0,2,0,2,0,0,2,0,2,2,0,4,0,0,0,4
09/13/2001,GSO,NC,ASO,ES,Towers with Radar,21,29,0,0,50,1,3,0,0,4,22,32,0,0,54,0,0,0,54
09/14/2001,GSO,NC,ASO,ES,Towers with Radar,52,87,17,5,161,1,3,0,2,6,53,90,17,7,167,0,0,0,167
09/15/2001,GSO,NC,ASO,ES,Towers with Radar,59,77,49,4,189,1,3,0,0,4,60,80,49,4,193,3,0,3,196
09/16/2001,GSO,NC,ASO,ES,Towers with Radar,69,72,40,0,181,1,0,0,0,1,70,72,40,0,182,18,0,18,200
09/17/2001,GSO,NC,ASO,ES,Towers with Radar,79,94,70,4,247,1,3,0,0,4,80,97,70,4,251,0,0,0,251
09/18/2001,GSO,NC,ASO,ES,Towers with Radar,95,105,111,0,311,1,3,0,0,4,96,108,111,0,315,4,0,4,319
09/19/2001,GSO,NC,ASO,ES,Towers with Radar,91,95,101,3,290,0,0,13,4,17,91,95,114,7,307,3,0,3,310
09/20/2001,GSO,NC,ASO,ES,Towers with Radar,94,99,121,0,314,1,3,0,0,4,95,102,121,0,318,1,0,1,319
09/21/2001,GSO,NC,ASO,ES,Towers with Radar,95,89,126,2,312,1,0,26,0,27,96,89,152,2,339,28,12,40,379
09/22/2001,GSO,NC,ASO,ES,Towers with Radar,67,63,63,1,194,0,0,24,1,25,67,63,87,2,219,26,0,26,245
09/23/2001,GSO,NC,ASO,ES,Towers with Radar,76,77,62,0,215,1,3,28,0,32,77,80,90,0,247,33,0,33,280
09/24/2001,GSO,NC,ASO,ES,Towers with Radar,77,83,71,0,231,1,3,0,0,4,78,86,71,0,235,26,0,26,261
09/25/2001,GSO,NC,ASO,ES,Towers with Radar,91,90,86,4,271,1,2,53,2,58,92,92,139,6,329,4,0,4,333
09/26/2001,GSO,NC,ASO,ES,Towers with Radar,82,94,86,2,264,0,0,95,1,96,82,94,181,3,360,40,0,40,400
09/27/2001,GSO,NC,ASO,ES,Towers with Radar,90,96,86,0,272,0,0,76,0,76,90,96,162,0,348,9,0,9,357
09/28/2001,GSO,NC,ASO,ES,Towers with Radar,89,100,77,2,268,1,4,62,0,67,90,104,139,2,335,51,14,65,400
09/29/2001,GSO,NC,ASO,ES,Towers with Radar,59,66,54,0,179,6,0,56,0,62,65,66,110,0,241,36,0,36,277
09/30/2001,GSO,NC,ASO,ES,Towers with Radar,78,69,77,2,226,1,4,42,0,47,79,73,119,2,273,42,0,42,315
10/01/2001,GSO,NC,ASO,ES,Towers with Radar,72,100,74,0,246,0,0,38,0,38,72,100,112,0,284,16,0,16,300
10/02/2001,GSO,NC,ASO,ES,Towers with Radar,80,107,102,1,290,0,0,67,1,68,80,107,169,2,358,19,0,19,377
10/03/2001,GSO,NC,ASO,ES,Towers with Radar,75,100,83,1,259,0,0,75,1,76,75,100,158,2,335,0,0,0,335
10/04/2001,GSO,NC,ASO,ES,Towers with Radar,86,108,114,0,308,0,0,92,0,92,86,108,206,0,400,5,0,5,405
10/05/2001,GSO,NC,ASO,ES,Towers with Radar,84,117,68,3,272,0,0,64,0,64,84,117,132,3,336,51,18,69,405
10/06/2001,GSO,NC,ASO,ES,Towers with Radar,66,74,41,0,181,0,0,1,0,1,66,74,42,0,182,40,0,40,222
10/07/2001,GSO,NC,ASO,ES,Towers with Radar,71,80,48,0,199,0,0,41,0,41,71,80,89,0,240,41,0,41,281
10/08/2001,GSO,NC,ASO,ES,Towers with Radar,67,101,69,0,237,0,0,39,1,40,67,101,108,1,277,15,0,15,292
10/09/2001,GSO,NC,ASO,ES,Towers with Radar,78,112,105,0,295,0,0,55,0,55,78,112,160,0,350,56,0,56,406
10/10/2001,GSO,NC,ASO,ES,Towers with Radar,84,112,104,2,302,0,0,71,0,71,84,112,175,2,373,7,0,7,380
10/11/2001,GSO,NC,ASO,ES,Towers with Radar,92,103,106,3,304,0,0,50,0,50,92,103,156,3,354,18,0,18,372
10/12/2001,GSO,NC,ASO,ES,Towers with Radar,90,114,99,0,303,0,0,42,0,42,90,114,141,0,345,21,0,21,366
10/13/2001,GSO,NC,ASO,ES,Towers with Radar,77,65,49,2,193,0,0,49,0,49,77,65,98,2,242,8,0,8,250
10/14/2001,GSO,NC,ASO,ES,Towers with Radar,73,88,64,10,235,0,0,1,0,1,73,88,65,10,236,5,0,5,241
10/15/2001,GSO,NC,ASO,ES,Towers with Radar,68,112,100,2,282,0,0,82,0,82,68,112,182,2,364,18,0,18,382
10/16/2001,GSO,NC,ASO,ES,Towers with Radar,87,110,97,1,295,0,0,60,0,60,87,110,157,1,355,20,0,20,375
10/17/2001,GSO,NC,ASO,ES,Towers with Radar,96,107,124,5,332,0,0,73,0,73,96,107,197,5,405,30,2,32,437
10/18/2001,GSO,NC,ASO,ES,Towers with Radar,91,111,129,3,334,0,3,70,1,74,91,114,199,4,408,7,2,9,417
10/19/2001,GSO,NC,ASO,ES,Towers with Radar,81,102,106,0,289,0,0,66,0,66,81,102,172,0,355,22,0,22,377
10/20/2001,GSO,NC,ASO,ES,Towers with Radar,73,81,66,0,220,0,0,63,0,63,73,81,129,0,283,29,0,29,312
10/21/2001,GSO,NC,ASO,ES,Towers with Radar,71,94,98,0,263,0,1,70,0,71,71,95,168,0,334,26,0,26,360
10/22/2001,GSO,NC,ASO,ES,Towers with Radar,75,96,123,3,297,0,1,67,0,68,75,97,190,3,365,6,0,6,371
10/23/2001,GSO,NC,ASO,ES,Towers with Radar,85,139,119,3,346,0,2,48,1,51,85,141,167,4,397,15,0,15,412
10/24/2001,GSO,NC,ASO,ES,Towers with Radar,80,114,95,0,289,0,0,54,1,55,80,114,149,1,344,34,0,34,378
10/25/2001,GSO,NC,ASO,ES,Towers with Radar,77,106,102,0,285,0,1,31,0,32,77,107,133,0,317,33,0,33,350
10/26/2001,GSO,NC,ASO,ES,Towers with Radar,89,98,70,1,258,0,0,30,0,30,89,98,100,1,288,14,0,14,302
10/27/2001,GSO,NC,ASO,ES,Towers with Radar,49,64,48,0,161,17,11,0,0,28,66,75,48,0,189,8,0,8,197
10/28/2001,GSO,NC,ASO,ES,Towers with Radar,56,74,62,0,192,12,14,7,0,33,68,88,69,0,225,30,0,30,255
10/29/2001,GSO,NC,ASO,ES,Towers with Radar,68,97,85,0,250,0,0,57,0,57,68,97,142,0,307,25,0,25,332
10/30/2001,GSO,NC,ASO,ES,Towers with Radar,70,118,90,3,281,0,1,86,0,87,70,119,176,3,368,16,6,22,390
10/31/2001,GSO,NC,ASO,ES,Towers with Radar,73,99,80,0,252,0,1,50,0,51,73,100,130,0,303,35,0,35,338
11/01/2001,GSO,NC,ASO,ES,Towers with Radar,89,137,111,1,338,0,0,73,1,74,89,137,184,2,412,74,4,78,490
11/02/2001,GSO,NC,ASO,ES,Towers with Radar,64,111,96,7,278,1,1,22,1,25,65,112,118,8,303,33,0,33,336
11/03/2001,GSO,NC,ASO,ES,Towers with Radar,66,75,42,1,184,1,0,45,0,46,67,75,87,1,230,141,0,141,371
11/04/2001,GSO,NC,ASO,ES,Towers with Radar,101,78,47,2,228,1,1,56,0,58,102,79,103,2,286,30,0,30,316
11/05/2001,GSO,NC,ASO,ES,Towers with Radar,64,103,63,1,231,1,1,47,1,50,65,104,110,2,281,33,0,33,314
11/06/2001,GSO,NC,ASO,ES,Towers with Radar,82,103,95,2,282,1,2,55,0,58,83,105,150,2,340,10,0,10,350
11/07/2001,GSO,NC,ASO,ES,Towers with Radar,78,110,115,0,303,1,1,96,2,100,79,111,211,2,403,10,0,10,413
11/08/2001,GSO,NC,ASO,ES,Towers with Radar,80,112,96,1,289,0,0,85,1,86,80,112,181,2,375,8,8,16,391
11/09/2001,GSO,NC,ASO,ES,Towers with Radar,80,112,74,3,269,1,0,69,0,70,81,112,143,3,339,50,0,50,389
11/10/2001,GSO,NC,ASO,ES,Towers with Radar,56,77,61,0,194,18,3,34,0,55,74,80,95,0,249,35,2,37,286
11/11/2001,GSO,NC,ASO,ES,Towers with Radar,70,91,54,0,215,1,0,46,0,47,71,91,100,0,262,40,0,40,302
11/12/2001,GSO,NC,ASO,ES,Towers with Radar,67,96,88,0,251,1,1,47,0,49,68,97,135,0,300,12,0,12,312
11/13/2001,GSO,NC,ASO,ES,Towers with Radar,76,118,85,0,279,1,0,67,0,68,77,118,152,0,347,14,0,14,361
11/14/2001,GSO,NC,ASO,ES,Towers with Radar,81,107,96,0,284,1,3,55,0,59,82,110,151,0,343,3,0,3,346
11/15/2001,GSO,NC,ASO,ES,Towers with Radar,81,111,91,0,283,0,0,83,0,83,81,111,174,0,366,28,4,32,398
11/16/2001,GSO,NC,ASO,ES,Towers with Radar,79,110,93,0,282,0,0,61,0,61,79,110,154,0,343,68,4,72,415
11/17/2001,GSO,NC,ASO,ES,Towers with Radar,54,73,57,0,184,18,10,56,0,84,72,83,113,0,268,27,0,27,295
11/18/2001,GSO,NC,ASO,ES,Towers with Radar,59,79,62,0,200,8,18,54,0,80,67,97,116,0,280,20,5,25,305
11/19/2001,GSO,NC,ASO,ES,Towers with Radar,71,96,75,2,244,2,16,40,0,58,73,112,115,2,302,73,0,73,375
11/20/2001,GSO,NC,ASO,ES,Towers with Radar,89,120,102,2,313,0,0,53,1,54,89,120,155,3,367,72,0,72,439
11/21/2001,GSO,NC,ASO,ES,Towers with Radar,95,117,99,0,311,0,0,75,0,75,95,117,174,0,386,40,0,40,426
11/22/2001,GSO,NC,ASO,ES,Towers with Radar,58,72,23,0,153,0,1,27,0,28,58,73,50,0,181,2,0,2,183
11/23/2001,GSO,NC,ASO,ES,Towers with Radar,59,85,67,0,211,0,5,23,0,28,59,90,90,0,239,33,0,33,272
11/24/2001,GSO,NC,ASO,ES,Towers with Radar,69,71,30,0,170,0,1,0,0,1,69,72,30,0,171,8,0,8,179
11/25/2001,GSO,NC,ASO,ES,Towers with Radar,73,85,87,0,245,0,1,2,0,3,73,86,89,0,248,8,0,8,256
11/26/2001,GSO,NC,ASO,ES,Towers with Radar,74,103,81,1,259,0,0,65,3,68,74,103,146,4,327,12,4,16,343
11/27/2001,GSO,NC,ASO,ES,Towers with Radar,81,119,109,2,311,0,0,31,0,31,81,119,140,2,342,59,0,59,401
11/28/2001,GSO,NC,ASO,ES,Towers with Radar,81,114,91,0,286,0,0,55,0,55,81,114,146,0,341,26,0,26,367
11/29/2001,GSO,NC,ASO,ES,Towers with Radar,87,114,103,3,307,0,0,18,0,18,87,114,121,3,325,39,10,49,374
11/30/2001,GSO,NC,ASO,ES,Towers with Radar,80,108,97,1,286,0,0,1,2,3,80,108,98,3,289,17,0,17,306
12/01/2001,GSO,NC,ASO,ES,Towers with Radar,63,88,57,0,208,0,0,38,0,38,63,88,95,0,246,42,0,42,288
12/02/2001,GSO,NC,ASO,ES,Towers with Radar,64,82,52,1,199,0,10,26,0,36,64,92,78,1,235,17,6,23,258
12/03/2001,GSO,NC,ASO,ES,Towers with Radar,68,107,70,1,246,0,1,62,3,66,68,108,132,4,312,54,0,54,366
12/04/2001,GSO,NC,ASO,ES,Towers with Radar,80,114,98,0,292,0,0,62,0,62,80,114,160,0,354,10,0,10,364
12/05/2001,GSO,NC,ASO,ES,Towers with Radar,85,109,85,0,279,0,0,69,0,69,85,109,154,0,348,14,0,14,362
12/06/2001,GSO,NC,ASO,ES,Towers with Radar,79,109,84,1,273,0,0,103,1,104,79,109,187,2,377,30,10,40,417
12/07/2001,GSO,NC,ASO,ES,Towers with Radar,77,113,80,3,273,0,0,42,0,42,77,113,122,3,315,25,6,31,346
12/08/2001,GSO,NC,ASO,ES,Towers with Radar,57,74,47,1,179,13,10,21,4,48,70,84,68,5,227,26,22,48,275
12/09/2001,GSO,NC,ASO,ES,Towers with Radar,71,87,51,3,212,0,0,40,0,40,71,87,91,3,252,23,6,29,281
12/10/2001,GSO,NC,ASO,ES,Towers with Radar,69,104,73,1,247,0,0,14,0,14,69,104,87,1,261,19,0,19,280
12/11/2001,GSO,NC,ASO,ES,Towers with Radar,87,105,90,0,282,0,0,0,0,0,87,105,90,0,282,6,0,6,288
12/12/2001,GSO,NC,ASO,ES,Towers with Radar,86,100,71,0,257,0,0,1,0,1,86,100,72,0,258,2,0,2,260
12/13/2001,GSO,NC,ASO,ES,Towers with Radar,84,110,71,0,265,1,7,15,0,23,85,117,86,0,288,8,0,8,296
12/14/2001,GSO,NC,ASO,ES,Towers with Radar,78,111,80,0,269,0,0,14,0,14,78,111,94,0,283,25,0,25,308
12/15/2001,GSO,NC,ASO,ES,Towers with Radar,57,75,47,0,179,17,1,67,0,85,74,76,114,0,264,34,0,34,298
12/16/2001,GSO,NC,ASO,ES,Towers with Radar,53,70,44,0,167,14,11,37,0,62,67,81,81,0,229,62,0,62,291
12/17/2001,GSO,NC,ASO,ES,Towers with Radar,70,99,75,1,245,0,0,32,7,39,70,99,107,8,284,27,0,27,311
12/18/2001,GSO,NC,ASO,ES,Towers with Radar,84,98,71,1,254,7,0,52,4,63,91,98,123,5,317,36,0,36,353
12/19/2001,GSO,NC,ASO,ES,Towers with Radar,90,114,86,0,290,0,0,120,0,120,90,114,206,0,410,42,0,42,452
12/20/2001,GSO,NC,ASO,ES,Towers with Radar,88,112,77,0,277,0,0,74,0,74,88,112,151,0,351,7,0,7,358
12/21/2001,GSO,NC,ASO,ES,Towers with Radar,74,111,73,1,259,0,5,86,0,91,74,116,159,1,350,41,2,43,393
12/22/2001,GSO,NC,ASO,ES,Towers with Radar,65,85,56,1,207,5,0,60,0,65,70,85,116,1,272,31,0,31,303
12/23/2001,GSO,NC,ASO,ES,Towers with Radar,50,66,38,0,154,17,16,0,0,33,67,82,38,0,187,5,0,5,192
12/24/2001,GSO,NC,ASO,ES,Towers with Radar,41,54,35,0,130,7,20,18,0,45,48,74,53,0,175,10,0,10,185
12/25/2001,GSO,NC,ASO,ES,Towers with Radar,38,50,32,0,120,14,20,13,0,47,52,70,45,0,167,2,0,2,169
12/26/2001,GSO,NC,ASO,ES,Towers with Radar,73,95,61,2,231,7,8,32,1,48,80,103,93,3,279,10,0,10,289
12/27/2001,GSO,NC,ASO,ES,Towers with Radar,78,102,66,0,246,0,2,54,0,56,78,104,120,0,302,29,0,29,331
12/28/2001,GSO,NC,ASO,ES,Towers with Radar,72,94,61,0,227,5,7,56,0,68,77,101,117,0,295,36,0,36,331
12/29/2001,GSO,NC,ASO,ES,Towers with Radar,57,74,48,1,180,15,2,30,0,47,72,76,78,1,227,23,0,23,250
12/30/2001,GSO,NC,ASO,ES,Towers with Radar,49,64,43,0,156,19,18,11,0,48,68,82,54,0,204,11,0,11,215
12/31/2001,GSO,NC,ASO,ES,Towers with Radar,47,61,39,0,147,9,17,18,0,44,56,78,57,0,191,14,0,14,205
01/01/2002,GSO,NC,ASO,ES,Towers with Radar,41,58,39,0,138,10,13,27,0,50,51,71,66,0,188,4,0,4,192
01/02/2002,GSO,NC,ASO,ES,Towers with Radar,65,92,63,0,220,3,7,48,0,58,68,99,111,0,278,20,0,20,298
01/03/2002,GSO,NC,ASO,ES,Towers with Radar,43,60,28,0,131,30,40,0,0,70,73,100,28,0,201,0,0,0,201
01/04/2002,GSO,NC,ASO,ES,Towers with Radar,66,93,64,2,225,13,22,61,0,96,79,115,125,2,321,13,0,13,334
01/05/2002,GSO,NC,ASO,ES,Towers with Radar,44,64,43,0,151,0,8,56,0,64,44,72,99,0,215,12,0,12,227
01/06/2002,GSO,NC,ASO,ES,Towers with Radar,35,50,24,0,109,26,24,0,0,50,61,74,24,0,159,6,0,6,165
01/07/2002,GSO,NC,ASO,ES,Towers with Radar,61,86,59,1,207,4,20,16,2,42,65,106,75,3,249,14,0,14,263
01/08/2002,GSO,NC,ASO,ES,Towers with Radar,82,104,79,0,265,0,0,64,0,64,82,104,143,0,329,27,0,27,356
01/09/2002,GSO,NC,ASO,ES,Towers with Radar,82,122,84,2,290,0,5,61,0,66,82,127,145,2,356,6,0,6,362
01/10/2002,GSO,NC,ASO,ES,Towers with Radar,79,115,83,1,278,0,0,71,0,71,79,115,154,1,349,14,0,14,363
01/11/2002,GSO,NC,ASO,ES,Towers with Radar,81,109,79,2,271,1,0,22,5,28,82,109,101,7,299,17,5,22,321
01/12/2002,GSO,NC,ASO,ES,Towers with Radar,52,73,51,0,176,11,8,49,0,68,63,81,100,0,244,28,0,28,272
01/13/2002,GSO,NC,ASO,ES,Towers with Radar,56,77,54,1,188,17,15,51,6,89,73,92,105,7,277,16,0,16,293
01/14/2002,GSO,NC,ASO,ES,Towers with Radar,70,99,70,0,239,0,0,55,0,55,70,99,125,0,294,28,8,36,330
01/15/2002,GSO,NC,ASO,ES,Towers with Radar,78,113,85,2,278,0,0,41,5,46,78,113,126,7,324,27,1,28,352
01/16/2002,GSO,NC,ASO,ES,Towers with Radar,79,116,90,2,287,0,0,74,0,74,79,116,164,2,361,15,0,15,376
01/17/2002,GSO,NC,ASO,ES,Towers with Radar,81,112,91,0,284,0,0,82,0,82,81,112,173,0,366,23,0,23,389
01/18/2002,GSO,NC,ASO,ES,Towers with Radar,82,121,85,0,288,0,10,18,0,28,82,131,103,0,316,35,0,35,351
01/19/2002,GSO,NC,ASO,ES,Towers with Radar,41,55,27,0,123,25,26,0,0,51,66,81,27,0,174,0,0,0,174
01/20/2002,GSO,NC,ASO,ES,Towers with Radar,61,83,58,0,202,14,13,51,0,78,75,96,109,0,280,18,0,18,298
01/21/2002,GSO,NC,ASO,ES,Towers with Radar,66,103,72,0,241,0,7,37,0,44,66,110,109,0,285,27,0,27,312
01/22/2002,GSO,NC,ASO,ES,Towers with Radar,79,116,95,1,291,0,0,105,2,107,79,116,200,3,398,27,0,27,425
01/23/2002,GSO,NC,ASO,ES,Towers with Radar,77,117,90,0,284,0,0,9,0,9,77,117,99,0,293,42,0,42,335
01/24/2002,GSO,NC,ASO,ES,Towers with Radar,79,105,80,1,265,0,0,9,1,10,79,105,89,2,275,0,0,0,275
01/25/2002,GSO,NC,ASO,ES,Towers with Radar,84,110,83,1,278,0,0,58,1,59,84,110,141,2,337,23,0,23,360
01/26/2002,GSO,NC,ASO,ES,Towers with Radar,56,77,54,0,187,11,0,38,0,49,67,77,92,0,236,36,12,48,284
01/27/2002,GSO,NC,ASO,ES,Towers with Radar,61,84,59,0,204,6,0,80,0,86,67,84,139,0,290,37,0,37,327
01/28/2002,GSO,NC,ASO,ES,Towers with Radar,67,103,85,1,256,0,0,47,1,48,67,103,132,2,304,21,2,23,327
01/29/2002,GSO,NC,ASO,ES,Towers with Radar,79,128,90,1,298,0,0,82,8,90,79,128,172,9,388,29,3,32,420
01/30/2002,GSO,NC,ASO,ES,Towers with Radar,90,110,86,1,287,1,0,48,1,50,91,110,134,2,337,14,0,14,351
01/31/2002,GSO,NC,ASO,ES,Towers with Radar,80,115,103,0,298,0,0,46,0,46,80,115,149,0,344,21,0,21,365
02/01/2002,GSO,NC,ASO,ES,Towers with Radar,82,107,76,3,268,6,0,0,0,6,88,107,76,3,274,5,0,5,279
02/02/2002,GSO,NC,ASO,ES,Towers with Radar,48,65,50,1,164,15,17,38,0,70,63,82,88,1,234,25,0,25,259
02/03/2002,GSO,NC,ASO,ES,Towers with Radar,57,78,59,2,196,13,6,18,0,37,70,84,77,2,233,11,0,11,244
02/04/2002,GSO,NC,ASO,ES,Towers with Radar,71,96,74,3,244,0,13,27,5,45,71,109,101,8,289,26,2,28,317
02/05/2002,GSO,NC,ASO,ES,Towers with Radar,86,101,90,3,280,1,0,93,4,98,87,101,183,7,378,26,4,30,408
02/06/2002,GSO,NC,ASO,ES,Towers with Radar,71,114,88,3,276,0,0,52,1,53,71,114,140,4,329,20,0,20,349
02/07/2002,GSO,NC,ASO,ES,Towers with Radar,92,109,89,0,290,0,0,0,0,0,92,109,89,0,290,12,0,12,302
02/08/2002,GSO,NC,ASO,ES,Towers with Radar,89,116,96,2,303,0,0,80,0,80,89,116,176,2,383,18,0,18,401
02/09/2002,GSO,NC,ASO,ES,Towers with Radar,54,74,57,2,187,3,6,88,1,98,57,80,145,3,285,52,0,52,337
02/10/2002,GSO,NC,ASO,ES,Towers with Radar,51,70,47,0,168,11,19,0,0,30,62,89,47,0,198,0,0,0,198
02/11/2002,GSO,NC,ASO,ES,Towers with Radar,75,102,79,3,259,3,4,47,4,58,78,106,126,7,317,61,2,63,380
02/12/2002,GSO,NC,ASO,ES,Towers with Radar,83,111,87,2,283,4,0,61,0,65,87,111,148,2,348,19,8,27,375
02/13/2002,GSO,NC,ASO,ES,Towers with Radar,77,114,96,3,290,0,0,84,0,84,77,114,180,3,374,30,0,30,404
02/14/2002,GSO,NC,ASO,ES,Towers with Radar,90,124,96,2,312,0,9,67,0,76,90,133,163,2,388,34,0,34,422
02/15/2002,GSO,NC,ASO,ES,Towers with Radar,84,113,93,2,292,0,0,62,0,62,84,113,155,2,354,8,0,8,362
02/16/2002,GSO,NC,ASO,ES,Towers with Radar,60,84,66,0,210,0,8,49,0,57,60,92,115,0,267,71,0,71,338
02/17/2002,GSO,NC,ASO,ES,Towers with Radar,55,73,58,0,186,14,26,15,0,55,69,99,73,0,241,31,0,31,272
02/18/2002,GSO,NC,ASO,ES,Towers with Radar,75,102,80,1,258,0,12,67,0,79,75,114,147,1,337,74,0,74,411
02/19/2002,GSO,NC,ASO,ES,Towers with Radar,84,109,95,3,291,0,0,64,2,66,84,109,159,5,357,55,2,57,414
02/20/2002,GSO,NC,ASO,ES,Towers with Radar,75,114,91,0,280,0,0,12,0,12,75,114,103,0,292,20,0,20,312
02/21/2002,GSO,NC,ASO,ES,Towers with Radar,86,121,105,3,315,0,0,62,1,63,86,121,167,4,378,12,0,12,390
02/22/2002,GSO,NC,ASO,ES,Towers with Radar,83,112,90,2,287,0,0,80,0,80,83,112,170,2,367,12,0,12,379
02/23/2002,GSO,NC,ASO,ES,Towers with Radar,61,80,63,1,205,2,13,60,0,75,63,93,123,1,280,20,0,20,300
02/24/2002,GSO,NC,ASO,ES,Towers with Radar,66,87,69,1,223,9,6,21,0,36,75,93,90,1,259,10,0,10,269
02/25/2002,GSO,NC,ASO,ES,Towers with Radar,64,92,73,2,231,0,7,45,0,52,64,99,118,2,283,31,0,31,314
02/26/2002,GSO,NC,ASO,ES,Towers with Radar,82,104,93,2,281,0,0,14,11,25,82,104,107,13,306,21,4,25,331
02/27/2002,GSO,NC,ASO,ES,Towers with Radar,85,113,89,0,287,6,8,51,0,65,91,121,140,0,352,24,0,24,376
02/28/2002,GSO,NC,ASO,ES,Towers with Radar,83,107,91,2,283,0,0,61,1,62,83,107,152,3,345,31,0,31,376
03/01/2002,GSO,NC,ASO,ES,Towers with Radar,86,113,88,1,288,2,5,45,0,52,88,118,133,1,340,36,0,36,376
03/02/2002,GSO,NC,ASO,ES,Towers with Radar,51,67,38,0,156,16,23,0,0,39,67,90,38,0,195,16,0,16,211
03/03/2002,GSO,NC,ASO,ES,Towers with Radar,62,83,60,2,207,8,8,0,1,17,70,91,60,3,224,32,0,32,256
03/04/2002,GSO,NC,ASO,ES,Towers with Radar,62,83,60,2,207,8,8,0,1,17,70,91,60,3,224,32,0,32,256
03/05/2002,GSO,NC,ASO,ES,Towers with Radar,79,100,80,2,261,7,0,38,0,45,86,100,118,2,306,42,2,44,350
03/06/2002,GSO,NC,ASO,ES,Towers with Radar,87,108,88,0,283,3,0,72,0,75,90,108,160,0,358,60,0,60,418
03/07/2002,GSO,NC,ASO,ES,Towers with Radar,96,127,98,3,324,1,0,47,0,48,97,127,145,3,372,15,0,15,387
03/08/2002,GSO,NC,ASO,ES,Towers with Radar,81,114,97,2,294,0,0,79,0,79,81,114,176,2,373,45,0,45,418
03/09/2002,GSO,NC,ASO,ES,Towers with Radar,63,84,49,0,196,3,11,0,0,14,66,95,49,0,210,25,0,25,235
03/10/2002,GSO,NC,ASO,ES,Towers with Radar,53,71,54,0,178,19,18,12,0,49,72,89,66,0,227,8,0,8,235
03/11/2002,GSO,NC,ASO,ES,Towers with Radar,71,99,76,2,248,0,11,83,4,98,71,110,159,6,346,19,0,19,365
03/12/2002,GSO,NC,ASO,ES,Towers with Radar,85,113,87,2,287,0,2,2,2,6,85,115,89,4,293,38,0,38,331
03/13/2002,GSO,NC,ASO,ES,Towers with Radar,87,98,81,0,266,0,0,0,0,0,87,98,81,0,266,12,0,12,278
03/14/2002,GSO,NC,ASO,ES,Towers with Radar,89,107,98,1,295,0,0,76,0,76,89,107,174,1,371,52,0,52,423
03/15/2002,GSO,NC,ASO,ES,Towers with Radar,79,113,87,1,280,0,0,41,3,44,79,113,128,4,324,38,2,40,364
03/16/2002,GSO,NC,ASO,ES,Towers with Radar,50,67,52,0,169,20,18,20,0,58,70,85,72,0,227,40,0,40,267
03/17/2002,GSO,NC,ASO,ES,Towers with Radar,61,81,48,0,190,4,8,0,0,12,65,89,48,0,202,0,0,0,202
03/18/2002,GSO,NC,ASO,ES,Towers with Radar,67,101,79,0,247,0,8,8,0,16,67,109,87,0,263,12,0,12,275
03/19/2002,GSO,NC,ASO,ES,Towers with Radar,77,116,109,1,303,0,0,20,0,20,77,116,129,1,323,45,0,45,368
03/20/2002,GSO,NC,ASO,ES,Towers with Radar,89,115,108,2,314,0,0,41,0,41,89,115,149,2,355,6,4,10,365
03/21/2002,GSO,NC,ASO,ES,Towers with Radar,94,120,109,0,323,0,0,60,0,60,94,120,169,0,383,22,0,22,405
03/22/2002,GSO,NC,ASO,ES,Towers with Radar,86,111,87,1,285,2,7,71,1,81,88,118,158,2,366,39,0,39,405
03/23/2002,GSO,NC,ASO,ES,Towers with Radar,70,90,71,0,231,3,0,151,0,154,73,90,222,0,385,32,0,32,417
03/24/2002,GSO,NC,ASO,ES,Towers with Radar,63,81,64,1,209,6,9,148,0,163,69,90,212,1,372,52,0,52,424
03/25/2002,GSO,NC,ASO,ES,Towers with Radar,70,92,72,1,235,0,15,54,2,71,70,107,126,3,306,7,0,7,313
03/26/2002,GSO,NC,ASO,ES,Towers with Radar,86,115,90,0,291,0,5,22,0,27,86,120,112,0,318,54,0,54,372
03/27/2002,GSO,NC,ASO,ES,Towers with Radar,85,101,98,2,286,0,0,57,3,60,85,101,155,5,346,13,10,23,369
03/28/2002,GSO,NC,ASO,ES,Towers with Radar,96,104,103,2,305,0,0,97,6,103,96,104,200,8,408,18,10,28,436
03/29/2002,GSO,NC,ASO,ES,Towers with Radar,81,111,88,0,280,0,0,46,0,46,81,111,134,0,326,28,0,28,354
03/30/2002,GSO,NC,ASO,ES,Towers with Radar,58,75,43,0,176,8,18,0,0,26,66,93,43,0,202,25,0,25,227
03/31/2002,GSO,NC,ASO,ES,Towers with Radar,47,60,24,0,131,12,29,0,0,41,59,89,24,0,172,2,0,2,174
04/01/2002,GSO,NC,ASO,ES,Towers with Radar,63,112,95,2,272,0,8,56,1,65,63,120,151,3,337,12,1,13,350
04/02/2002,GSO,NC,ASO,ES,Towers with Radar,73,107,91,0,271,8,7,64,0,79,81,114,155,0,350,8,0,8,358
04/03/2002,GSO,NC,ASO,ES,Towers with Radar,73,105,89,2,269,16,2,27,3,48,89,107,116,5,317,4,2,6,323
04/04/2002,GSO,NC,ASO,ES,Towers with Radar,83,117,104,2,306,0,0,50,3,53,83,117,154,5,359,45,2,47,406
04/05/2002,GSO,NC,ASO,ES,Towers with Radar,79,115,98,0,292,0,5,65,0,70,79,120,163,0,362,27,0,27,389
04/06/2002,GSO,NC,ASO,ES,Towers with Radar,55,79,67,0,201,8,6,39,0,53,63,85,106,0,254,5,0,5,259
04/07/2002,GSO,NC,ASO,ES,Towers with Radar,51,74,62,0,187,17,10,18,0,45,68,84,80,0,232,13,0,13,245
04/08/2002,GSO,NC,ASO,ES,Towers with Radar,68,103,87,2,260,0,11,29,2,42,68,114,116,4,302,34,6,40,342
04/09/2002,GSO,NC,ASO,ES,Towers with Radar,84,121,97,2,304,4,4,0,4,12,88,125,97,6,316,56,2,58,374
04/10/2002,GSO,NC,ASO,ES,Towers with Radar,73,110,110,2,295,0,0,47,3,50,73,110,157,5,345,33,2,35,380
04/11/2002,GSO,NC,ASO,ES,Towers with Radar,80,115,108,2,305,0,0,72,2,74,80,115,180,4,379,18,0,18,397
04/12/2002,GSO,NC,ASO,ES,Towers with Radar,89,127,123,2,341,0,0,1,0,1,89,127,124,2,342,44,0,44,386
04/13/2002,GSO,NC,ASO,ES,Towers with Radar,60,85,78,0,223,0,0,19,0,19,60,85,97,0,242,79,0,79,321
04/14/2002,GSO,NC,ASO,ES,Towers with Radar,69,96,85,1,251,1,0,40,0,41,70,96,125,1,292,34,0,34,326
04/15/2002,GSO,NC,ASO,ES,Towers with Radar,66,107,92,1,266,0,19,49,0,68,66,126,141,1,334,30,0,30,364
04/16/2002,GSO,NC,ASO,ES,Towers with Radar,84,115,103,2,304,0,0,78,1,79,84,115,181,3,383,6,0,6,389
04/17/2002,GSO,NC,ASO,ES,Towers with Radar,95,126,119,0,340,0,0,76,0,76,95,126,195,0,416,57,0,57,473
04/18/2002,GSO,NC,ASO,ES,Towers with Radar,84,113,111,1,309,0,0,100,3,103,84,113,211,4,412,48,0,48,460
04/19/2002,GSO,NC,ASO,ES,Towers with Radar,84,120,118,1,323,0,0,77,5,82,84,120,195,6,405,20,2,22,427
04/20/2002,GSO,NC,ASO,ES,Towers with Radar,62,88,76,1,227,16,15,69,0,100,78,103,145,1,327,9,0,9,336
04/21/2002,GSO,NC,ASO,ES,Towers with Radar,68,96,84,0,248,9,15,56,0,80,77,111,140,0,328,10,0,10,338
04/22/2002,GSO,NC,ASO,ES,Towers with Radar,82,117,101,0,300,0,0,75,0,75,82,117,176,0,375,26,0,26,401
04/23/2002,GSO,NC,ASO,ES,Towers with Radar,88,133,115,0,336,0,1,131,0,132,88,134,246,0,468,4,0,4,472
04/24/2002,GSO,NC,ASO,ES,Towers with Radar,85,115,105,1,306,1,0,85,2,88,86,115,190,3,394,12,0,12,406
04/25/2002,GSO,NC,ASO,ES,Towers with Radar,86,117,114,1,318,0,0,50,2,52,86,117,164,3,370,2,0,2,372
04/26/2002,GSO,NC,ASO,ES,Towers with Radar,74,113,98,1,286,0,0,60,0,60,74,113,158,1,346,16,0,16,362
04/27/2002,GSO,NC,ASO,ES,Towers with Radar,53,76,64,1,194,11,12,317,1,341,64,88,381,2,535,11,0,11,546
04/28/2002,GSO,NC,ASO,ES,Towers with Radar,61,87,73,1,222,6,9,8,3,26,67,96,81,4,248,2,0,2,250
04/29/2002,GSO,NC,ASO,ES,Towers with Radar,68,103,87,0,258,0,7,75,0,82,68,110,162,0,340,51,0,51,391
04/30/2002,GSO,NC,ASO,ES,Towers with Radar,76,108,92,0,276,15,14,42,0,71,91,122,134,0,347,17,0,17,364
05/01/2002,GSO,NC,ASO,ES,Towers with Radar,85,110,91,2,288,0,0,78,3,81,85,110,169,5,369,34,0,34,403
05/02/2002,GSO,NC,ASO,ES,Towers with Radar,77,99,88,0,264,0,0,10,0,10,77,99,98,0,274,24,0,24,298
05/03/2002,GSO,NC,ASO,ES,Towers with Radar,82,121,100,1,304,0,0,26,0,26,82,121,126,1,330,31,0,31,361
05/04/2002,GSO,NC,ASO,ES,Towers with Radar,53,73,50,2,178,15,10,0,0,25,68,83,50,2,203,12,0,12,215
05/05/2002,GSO,NC,ASO,ES,Towers with Radar,64,95,78,0,237,0,0,41,0,41,64,95,119,0,278,24,0,24,302
05/06/2002,GSO,NC,ASO,ES,Towers with Radar,69,98,76,2,245,0,9,64,1,74,69,107,140,3,319,50,12,62,381
05/07/2002,GSO,NC,ASO,ES,Towers with Radar,76,96,81,1,254,12,0,43,0,55,88,96,124,1,309,15,0,15,324
05/08/2002,GSO,NC,ASO,ES,Towers with Radar,95,109,102,2,308,0,0,82,3,85,95,109,184,5,393,67,14,81,474
05/09/2002,GSO,NC,ASO,ES,Towers with Radar,81,111,86,0,278,12,5,60,0,77,93,116,146,0,355,57,0,57,412
05/10/2002,GSO,NC,ASO,ES,Towers with Radar,83,116,91,0,290,0,1,69,0,70,83,117,160,0,360,25,0,25,385
05/11/2002,GSO,NC,ASO,ES,Towers with Radar,58,78,61,0,197,15,0,21,0,36,73,78,82,0,233,16,0,16,249
05/12/2002,GSO,NC,ASO,ES,Towers with Radar,58,72,62,2,194,0,0,30,0,30,58,72,92,2,224,14,0,14,238
05/13/2002,GSO,NC,ASO,ES,Towers with Radar,65,92,71,2,230,0,5,14,0,19,65,97,85,2,249,8,0,8,257
05/14/2002,GSO,NC,ASO,ES,Towers with Radar,80,116,90,0,286,0,4,48,0,52,80,120,138,0,338,24,0,24,362
05/15/2002,GSO,NC,ASO,ES,Towers with Radar,86,122,98,2,308,0,0,115,3,118,86,122,213,5,426,14,0,14,440
05/16/2002,GSO,NC,ASO,ES,Towers with Radar,85,108,93,0,286,0,0,137,0,137,85,108,230,0,423,22,0,22,445
05/17/2002,GSO,NC,ASO,ES,Towers with Radar,77,105,84,2,268,0,5,41,2,48,77,110,125,4,316,21,0,21,337
05/18/2002,GSO,NC,ASO,ES,Towers with Radar,50,66,53,1,170,17,21,9,0,47,67,87,62,1,217,3,0,3,220
05/19/2002,GSO,NC,ASO,ES,Towers with Radar,65,86,69,0,220,1,0,77,0,78,66,86,146,0,298,22,0,22,320
05/20/2002,GSO,NC,ASO,ES,Towers with Radar,80,96,85,1,262,0,0,68,0,68,80,96,153,1,330,22,0,22,352
05/21/2002,GSO,NC,ASO,ES,Towers with Radar,78,113,94,1,286,0,0,42,4,46,78,113,136,5,332,20,14,34,366
05/22/2002,GSO,NC,ASO,ES,Towers with Radar,82,121,96,1,300,0,5,94,10,109,82,126,190,11,409,41,0,41,450
05/23/2002,GSO,NC,ASO,ES,Towers with Radar,79,110,88,0,277,0,12,100,0,112,79,122,188,0,389,39,0,39,428
05/24/2002,GSO,NC,ASO,ES,Towers with Radar,81,125,99,0,305,0,1,92,0,93,81,126,191,0,398,40,0,40,438
05/25/2002,GSO,NC,ASO,ES,Towers with Radar,48,63,51,0,162,23,19,33,0,75,71,82,84,0,237,6,0,6,243
05/26/2002,GSO,NC,ASO,ES,Towers with Radar,47,62,49,0,158,12,20,35,0,67,59,82,84,0,225,18,0,18,243
05/27/2002,GSO,NC,ASO,ES,Towers with Radar,60,79,63,0,202,4,16,52,0,72,64,95,115,0,274,39,0,39,313
05/28/2002,GSO,NC,ASO,ES,Towers with Radar,62,99,79,1,241,0,23,62,3,88,62,122,141,4,329,25,0,25,354
05/29/2002,GSO,NC,ASO,ES,Towers with Radar,89,113,95,0,297,3,0,42,0,45,92,113,137,0,342,52,0,52,394
05/30/2002,GSO,NC,ASO,ES,Towers with Radar,85,108,99,1,293,0,0,14,1,15,85,108,113,2,308,8,0,8,316
05/31/2002,GSO,NC,ASO,ES,Towers with Radar,77,105,85,1,268,0,0,17,3,20,77,105,102,4,288,43,0,43,331
06/01/2002,GSO,NC,ASO,ES,Towers with Radar,49,65,52,0,166,16,18,25,0,59,65,83,77,0,225,5,1,6,231
06/02/2002,GSO,NC,ASO,ES,Towers with Radar,63,82,65,1,211,0,14,28,0,42,63,96,93,1,253,21,0,21,274
06/03/2002,GSO,NC,ASO,ES,Towers with Radar,66,87,70,1,224,0,25,55,3,83,66,112,125,4,307,25,0,25,332
06/04/2002,GSO,NC,ASO,ES,Towers with Radar,81,106,86,0,273,0,0,49,0,49,81,106,135,0,322,31,0,31,353
06/05/2002,GSO,NC,ASO,ES,Towers with Radar,71,110,88,2,271,0,4,83,1,88,71,114,171,3,359,13,0,13,372
06/06/2002,GSO,NC,ASO,ES,Towers with Radar,86,110,91,0,287,0,0,27,0,27,86,110,118,0,314,0,0,0,314
06/07/2002,GSO,NC,ASO,ES,Towers with Radar,86,110,92,0,288,0,0,23,0,23,86,110,115,0,311,23,0,23,334
06/08/2002,GSO,NC,ASO,ES,Towers with Radar,55,71,57,0,183,12,10,39,0,61,67,81,96,0,244,30,0,30,274
06/09/2002,GSO,NC,ASO,ES,Towers with Radar,65,83,67,0,215,4,16,62,0,82,69,99,129,0,297,16,0,16,313
06/10/2002,GSO,NC,ASO,ES,Towers with Radar,69,90,72,1,232,6,19,79,3,107,75,109,151,4,339,16,2,18,357
06/11/2002,GSO,NC,ASO,ES,Towers with Radar,81,103,83,1,268,6,8,50,3,67,87,111,133,4,335,37,0,37,372
06/12/2002,GSO,NC,ASO,ES,Towers with Radar,78,100,89,0,267,0,0,85,0,85,78,100,174,0,352,18,0,18,370
06/13/2002,GSO,NC,ASO,ES,Towers with Radar,81,102,83,1,267,12,18,28,0,58,93,120,111,1,325,3,0,3,328
06/14/2002,GSO,NC,ASO,ES,Towers with Radar,78,109,90,0,277,0,3,35,0,38,78,112,125,0,315,24,0,24,339
06/15/2002,GSO,NC,ASO,ES,Towers with Radar,53,66,54,0,173,22,9,42,0,73,75,75,96,0,246,8,0,8,254
06/16/2002,GSO,NC,ASO,ES,Towers with Radar,55,69,57,1,182,8,17,50,1,76,63,86,107,2,258,8,0,8,266
06/17/2002,GSO,NC,ASO,ES,Towers with Radar,71,93,77,0,241,0,5,77,0,82,71,98,154,0,323,23,1,24,347
06/18/2002,GSO,NC,ASO,ES,Towers with Radar,88,111,91,1,291,3,4,70,0,77,91,115,161,1,368,6,0,6,374
06/19/2002,GSO,NC,ASO,ES,Towers with Radar,84,108,98,0,290,0,0,76,0,76,84,108,174,0,366,28,0,28,394
06/20/2002,GSO,NC,ASO,ES,Towers with Radar,89,106,115,1,311,0,0,173,6,179,89,106,288,7,490,32,10,42,532
06/21/2002,GSO,NC,ASO,ES,Towers with Radar,84,102,86,0,272,6,0,82,0,88,90,102,168,0,360,50,0,50,410
06/22/2002,GSO,NC,ASO,ES,Towers with Radar,54,67,56,0,177,28,8,56,0,92,82,75,112,0,269,55,0,55,324
06/23/2002,GSO,NC,ASO,ES,Towers with Radar,68,79,72,0,219,0,0,33,0,33,68,79,105,0,252,58,0,58,310
06/24/2002,GSO,NC,ASO,ES,Towers with Radar,74,96,86,0,256,0,0,81,2,83,74,96,167,2,339,23,0,23,362
06/25/2002,GSO,NC,ASO,ES,Towers with Radar,80,102,93,1,276,0,0,73,3,76,80,102,166,4,352,39,1,40,392
06/26/2002,GSO,NC,ASO,ES,Towers with Radar,96,100,105,1,302,0,0,37,1,38,96,100,142,2,340,34,0,34,374
06/27/2002,GSO,NC,ASO,ES,Towers with Radar,80,95,111,1,287,0,0,34,3,37,80,95,145,4,324,24,0,24,348
06/28/2002,GSO,NC,ASO,ES,Towers with Radar,88,118,109,1,316,0,0,30,1,31,88,118,139,2,347,23,0,23,370
06/29/2002,GSO,NC,ASO,ES,Towers with Radar,50,64,51,0,165,23,15,45,0,83,73,79,96,0,248,8,2,10,258
06/30/2002,GSO,NC,ASO,ES,Towers with Radar,60,76,61,0,197,4,10,44,0,58,64,86,105,0,255,32,0,32,287
07/01/2002,GSO,NC,ASO,ES,Towers with Radar,70,95,76,0,241,0,7,44,0,51,70,102,120,0,292,30,0,30,322
07/02/2002,GSO,NC,ASO,ES,Towers with Radar,80,101,87,2,270,0,0,36,0,36,80,101,123,2,306,33,0,33,339
07/03/2002,GSO,NC,ASO,ES,Towers with Radar,83,99,87,0,269,2,0,21,0,23,85,99,108,0,292,16,0,16,308
07/04/2002,GSO,NC,ASO,ES,Towers with Radar,46,61,48,1,156,14,23,0,0,37,60,84,48,1,193,5,0,5,198
07/05/2002,GSO,NC,ASO,ES,Towers with Radar,59,78,62,2,201,6,18,15,2,41,65,96,77,4,242,31,2,33,275
07/06/2002,GSO,NC,ASO,ES,Towers with Radar,49,64,51,0,164,12,21,30,0,63,61,85,81,0,227,38,0,38,265
07/07/2002,GSO,NC,ASO,ES,Towers with Radar,63,94,75,0,232,0,3,59,0,62,63,97,134,0,294,33,0,33,327
07/08/2002,GSO,NC,ASO,ES,Towers with Radar,72,94,76,2,244,1,9,91,0,101,73,103,167,2,345,57,0,57,402
07/09/2002,GSO,NC,ASO,ES,Towers with Radar,83,110,88,3,284,0,1,105,0,106,83,111,193,3,390,110,8,118,508
07/10/2002,GSO,NC,ASO,ES,Towers with Radar,85,120,97,2,304,0,0,81,0,81,85,120,178,2,385,44,0,44,429
07/11/2002,GSO,NC,ASO,ES,Towers with Radar,82,110,90,1,283,0,0,23,0,23,82,110,113,1,306,15,0,15,321
07/12/2002,GSO,NC,ASO,ES,Towers with Radar,81,105,85,1,272,1,2,46,1,50,82,107,131,2,322,30,0,30,352
07/13/2002,GSO,NC,ASO,ES,Towers with Radar,51,67,54,1,173,12,16,53,0,81,63,83,107,1,254,44,0,44,298
07/14/2002,GSO,NC,ASO,ES,Towers with Radar,64,83,68,0,215,8,13,0,0,21,72,96,68,0,236,6,0,6,242
07/15/2002,GSO,NC,ASO,ES,Towers with Radar,66,99,91,2,258,0,0,44,9,53,66,99,135,11,311,18,0,18,329
07/16/2002,GSO,NC,ASO,ES,Towers with Radar,86,106,94,1,287,0,0,95,0,95,86,106,189,1,382,22,0,22,404
07/17/2002,GSO,NC,ASO,ES,Towers with Radar,88,108,97,1,294,0,0,71,0,71,88,108,168,1,365,22,0,22,387
07/18/2002,GSO,NC,ASO,ES,Towers with Radar,85,98,98,0,281,0,0,43,0,43,85,98,141,0,324,44,0,44,368
07/19/2002,GSO,NC,ASO,ES,Towers with Radar,86,99,95,0,280,0,0,43,0,43,86,99,138,0,323,18,0,18,341
07/20/2002,GSO,NC,ASO,ES,Towers with Radar,54,68,56,1,179,17,15,14,3,49,71,83,70,4,228,19,0,19,247
07/21/2002,GSO,NC,ASO,ES,Towers with Radar,68,88,72,1,229,0,4,15,1,20,68,92,87,2,249,22,0,22,271
07/22/2002,GSO,NC,ASO,ES,Towers with Radar,70,96,83,0,249,0,0,40,0,40,70,96,123,0,289,65,0,65,354
07/23/2002,GSO,NC,ASO,ES,Towers with Radar,87,98,91,2,278,0,0,17,4,21,87,98,108,6,299,24,0,24,323
07/24/2002,GSO,NC,ASO,ES,Towers with Radar,82,105,94,2,283,0,0,18,0,18,82,105,112,2,301,16,0,16,317
07/25/2002,GSO,NC,ASO,ES,Towers with Radar,97,100,103,2,302,0,0,23,1,24,97,100,126,3,326,20,0,20,346
07/26/2002,GSO,NC,ASO,ES,Towers with Radar,81,106,91,2,280,0,0,22,9,31,81,106,113,11,311,51,8,59,370
07/27/2002,GSO,NC,ASO,ES,Towers with Radar,58,74,61,0,193,14,12,36,0,62,72,86,97,0,255,36,0,36,291
07/28/2002,GSO,NC,ASO,ES,Towers with Radar,61,77,64,0,202,8,12,48,0,68,69,89,112,0,270,32,0,32,302
07/29/2002,GSO,NC,ASO,ES,Towers with Radar,71,100,83,1,255,0,2,97,8,107,71,102,180,9,362,40,0,40,402
07/30/2002,GSO,NC,ASO,ES,Towers with Radar,78,102,82,1,263,0,6,74,1,81,78,108,156,2,344,9,0,9,353
07/31/2002,GSO,NC,ASO,ES,Towers with Radar,86,99,88,2,275,14,0,94,2,110,100,99,182,4,385,26,4,30,415
08/01/2002,GSO,NC,ASO,ES,Towers with Radar,81,105,94,0,280,1,0,50,3,54,82,105,144,3,334,16,0,16,350
08/02/2002,GSO,NC,ASO,ES,Towers with Radar,92,103,97,3,295,0,0,56,4,60,92,103,153,7,355,20,2,22,377
08/03/2002,GSO,NC,ASO,ES,Towers with Radar,71,84,54,2,211,1,0,66,0,67,72,84,120,2,278,32,0,32,310
08/04/2002,GSO,NC,ASO,ES,Towers with Radar,65,88,48,2,203,1,4,60,0,65,66,92,108,2,268,60,0,60,328
08/05/2002,GSO,NC,ASO,ES,Towers with Radar,71,99,84,2,256,1,0,55,1,57,72,99,139,3,313,76,0,76,389
08/06/2002,GSO,NC,ASO,ES,Towers with Radar,82,102,85,1,270,0,0,82,5,87,82,102,167,6,357,20,0,20,377
08/07/2002,GSO,NC,ASO,ES,Towers with Radar,102,115,91,4,312,0,0,90,5,95,102,115,181,9,407,69,0,69,476
08/08/2002,GSO,NC,ASO,ES,Towers with Radar,84,110,94,2,290,0,0,101,2,103,84,110,195,4,393,24,0,24,417
08/09/2002,GSO,NC,ASO,ES,Towers with Radar,84,104,76,0,264,0,0,85,0,85,84,104,161,0,349,31,0,31,380
08/10/2002,GSO,NC,ASO,ES,Towers with Radar,70,74,39,0,183,0,0,60,0,60,70,74,99,0,243,9,0,9,252
08/11/2002,GSO,NC,ASO,ES,Towers with Radar,72,92,46,0,210,0,1,56,0,57,72,93,102,0,267,5,0,5,272
08/12/2002,GSO,NC,ASO,ES,Towers with Radar,69,100,86,0,255,0,0,65,0,65,69,100,151,0,320,40,0,40,360
08/13/2002,GSO,NC,ASO,ES,Towers with Radar,85,104,74,0,263,0,0,62,1,63,85,104,136,1,326,6,0,6,332
08/14/2002,GSO,NC,ASO,ES,Towers with Radar,83,109,98,0,290,0,0,45,1,46,83,109,143,1,336,4,0,4,340
08/15/2002,GSO,NC,ASO,ES,Towers with Radar,76,102,97,7,282,0,0,8,1,9,76,102,105,8,291,28,26,54,345
08/16/2002,GSO,NC,ASO,ES,Towers with Radar,81,103,77,2,263,0,0,24,1,25,81,103,101,3,288,19,0,19,307
08/17/2002,GSO,NC,ASO,ES,Towers with Radar,69,87,39,1,196,0,0,27,1,28,69,87,66,2,224,20,0,20,244
08/18/2002,GSO,NC,ASO,ES,Towers with Radar,70,88,59,2,219,0,0,39,0,39,70,88,98,2,258,48,0,48,306
08/19/2002,GSO,NC,ASO,ES,Towers with Radar,75,96,76,2,249,0,12,40,4,56,75,108,116,6,305,22,10,32,337
08/20/2002,GSO,NC,ASO,ES,Towers with Radar,86,111,94,5,296,0,0,65,1,66,86,111,159,6,362,54,0,54,416
08/21/2002,GSO,NC,ASO,ES,Towers with Radar,81,108,98,5,292,0,0,57,1,58,81,108,155,6,350,45,0,45,395
08/22/2002,GSO,NC,ASO,ES,Towers with Radar,89,105,119,0,313,0,0,31,3,34,89,105,150,3,347,48,0,48,395
08/23/2002,GSO,NC,ASO,ES,Towers with Radar,94,102,82,0,278,0,1,70,1,72,94,103,152,1,350,54,0,54,404
08/24/2002,GSO,NC,ASO,ES,Towers with Radar,68,90,36,0,194,0,0,51,0,51,68,90,87,0,245,43,0,43,288
08/25/2002,GSO,NC,ASO,ES,Towers with Radar,68,84,67,0,219,2,10,53,0,65,70,94,120,0,284,44,0,44,328
08/26/2002,GSO,NC,ASO,ES,Towers with Radar,68,96,104,0,268,0,0,3,0,3,68,96,107,0,271,10,0,10,281
08/27/2002,GSO,NC,ASO,ES,Towers with Radar,97,104,100,0,301,0,0,2,0,2,97,104,102,0,303,76,0,76,379
08/28/2002,GSO,NC,ASO,ES,Towers with Radar,110,123,87,3,323,0,0,0,0,0,110,123,87,3,323,83,0,83,406
08/29/2002,GSO,NC,ASO,ES,Towers with Radar,82,97,153,2,334,0,0,4,0,4,82,97,157,2,338,43,0,43,381
08/30/2002,GSO,NC,ASO,ES,Towers with Radar,87,104,72,0,263,0,0,0,0,0,87,104,72,0,263,8,4,12,275
08/31/2002,GSO,NC,ASO,ES,Towers with Radar,61,80,34,0,175,0,0,0,0,0,61,80,34,0,175,6,0,6,181
09/01/2002,GSO,NC,ASO,ES,Towers with Radar,51,77,24,0,152,1,0,0,0,1,52,77,24,0,153,12,0,12,165
09/02/2002,GSO,NC,ASO,ES,Towers with Radar,62,87,39,0,188,1,0,9,0,10,63,87,48,0,198,21,0,21,219
09/03/2002,GSO,NC,ASO,ES,Towers with Radar,67,93,79,0,239,1,0,46,0,47,68,93,125,0,286,50,0,50,336
09/04/2002,GSO,NC,ASO,ES,Towers with Radar,83,107,92,3,285,1,0,50,5,56,84,107,142,8,341,78,32,110,451
09/05/2002,GSO,NC,ASO,ES,Towers with Radar,90,108,122,0,320,1,1,75,5,82,91,109,197,5,402,37,0,37,439
09/06/2002,GSO,NC,ASO,ES,Towers with Radar,73,108,64,0,245,1,1,66,0,68,74,109,130,0,313,26,1,27,340
09/07/2002,GSO,NC,ASO,ES,Towers with Radar,71,83,55,0,209,1,0,68,0,69,72,83,123,0,278,62,0,62,340
09/08/2002,GSO,NC,ASO,ES,Towers with Radar,66,93,75,14,248,1,1,45,1,48,67,94,120,15,296,9,0,9,305
09/09/2002,GSO,NC,ASO,ES,Towers with Radar,64,98,97,9,268,1,0,60,0,61,65,98,157,9,329,35,17,52,381
09/10/2002,GSO,NC,ASO,ES,Towers with Radar,78,113,95,1,287,0,1,65,0,66,78,114,160,1,353,9,0,9,362
09/11/2002,GSO,NC,ASO,ES,Towers with Radar,80,107,90,2,279,0,7,41,0,48,80,114,131,2,327,17,0,17,344
09/12/2002,GSO,NC,ASO,ES,Towers with Radar,84,105,96,2,287,0,2,76,1,79,84,107,172,3,366,7,0,7,373
09/13/2002,GSO,NC,ASO,ES,Towers with Radar,83,101,69,0,253,0,1,69,0,70,83,102,138,0,323,29,0,29,352
09/14/2002,GSO,NC,ASO,ES,Towers with Radar,67,79,46,0,192,0,1,0,0,1,67,80,46,0,193,17,0,17,210
09/15/2002,GSO,NC,ASO,ES,Towers with Radar,67,77,40,0,184,0,1,0,0,1,67,78,40,0,185,19,0,19,204
09/16/2002,GSO,NC,ASO,ES,Towers with Radar,73,100,83,6,262,0,1,12,1,14,73,101,95,7,276,33,6,39,315
09/17/2002,GSO,NC,ASO,ES,Towers with Radar,82,99,97,7,285,0,1,40,0,41,82,100,137,7,326,10,8,18,344
09/18/2002,GSO,NC,ASO,ES,Towers with Radar,84,111,128,0,323,0,1,1,0,2,84,112,129,0,325,0,0,0,325
09/19/2002,GSO,NC,ASO,ES,Towers with Radar,81,115,148,6,350,0,1,16,0,17,81,116,164,6,367,52,0,52,419
09/20/2002,GSO,NC,ASO,ES,Towers with Radar,84,106,88,0,278,0,1,33,0,34,84,107,121,0,312,58,0,58,370
09/21/2002,GSO,NC,ASO,ES,Towers with Radar,73,89,65,0,227,0,1,59,0,60,73,90,124,0,287,28,0,28,315
09/22/2002,GSO,NC,ASO,ES,Towers with Radar,74,94,81,0,249,0,0,0,0,0,74,94,81,0,249,27,0,27,276
09/23/2002,GSO,NC,ASO,ES,Towers with Radar,69,94,90,6,259,0,1,39,0,40,69,95,129,6,299,78,0,78,377
09/24/2002,GSO,NC,ASO,ES,Towers with Radar,72,105,115,0,292,0,2,86,0,88,72,107,201,0,380,46,0,46,426
09/25/2002,GSO,NC,ASO,ES,Towers with Radar,96,110,104,3,313,1,0,56,4,61,97,110,160,7,374,30,14,44,418
09/26/2002,GSO,NC,ASO,ES,Towers with Radar,87,112,93,0,292,0,1,0,0,1,87,113,93,0,293,2,0,2,295
09/27/2002,GSO,NC,ASO,ES,Towers with Radar,91,116,63,1,271,0,1,6,0,7,91,117,69,1,278,16,0,16,294
09/28/2002,GSO,NC,ASO,ES,Towers with Radar,66,77,57,0,200,0,2,58,0,60,66,79,115,0,260,72,0,72,332
09/29/2002,GSO,NC,ASO,ES,Towers with Radar,74,92,56,4,226,0,1,58,0,59,74,93,114,4,285,13,0,13,298
09/30/2002,GSO,NC,ASO,ES,Towers with Radar,64,95,103,10,272,0,2,46,8,56,64,97,149,18,328,63,0,63,391
10/01/2002,GSO,NC,ASO,ES,Towers with Radar,88,107,83,0,278,1,0,67,2,70,89,107,150,2,348,51,0,51,399
10/02/2002,GSO,NC,ASO,ES,Towers with Radar,90,109,97,2,298,0,0,103,0,103,90,109,200,2,401,21,0,21,422
10/03/2002,GSO,NC,ASO,ES,Towers with Radar,83,108,100,8,299,0,0,84,0,84,83,108,184,8,383,16,0,16,399
10/04/2002,GSO,NC,ASO,ES,Towers with Radar,74,110,100,0,284,0,0,49,0,49,74,110,149,0,333,32,0,32,365
10/05/2002,GSO,NC,ASO,ES,Towers with Radar,76,76,56,0,208,0,0,30,0,30,76,76,86,0,238,2,0,2,240
10/06/2002,GSO,NC,ASO,ES,Towers with Radar,67,92,48,0,207,0,0,39,0,39,67,92,87,0,246,12,0,12,258
10/07/2002,GSO,NC,ASO,ES,Towers with Radar,65,102,85,0,252,0,0,55,0,55,65,102,140,0,307,50,0,50,357
10/08/2002,GSO,NC,ASO,ES,Towers with Radar,83,107,102,5,297,0,1,48,0,49,83,108,150,5,346,41,0,41,387
10/09/2002,GSO,NC,ASO,ES,Towers with Radar,81,121,118,0,320,0,0,22,0,22,81,121,140,0,342,31,0,31,373
10/10/2002,GSO,NC,ASO,ES,Towers with Radar,84,110,105,5,304,0,0,19,2,21,84,110,124,7,325,24,26,50,375
10/11/2002,GSO,NC,ASO,ES,Towers with Radar,81,102,104,0,287,0,0,2,0,2,81,102,106,0,289,10,0,10,299
10/12/2002,GSO,NC,ASO,ES,Towers with Radar,67,81,70,0,218,0,0,35,0,35,67,81,105,0,253,59,0,59,312
10/13/2002,GSO,NC,ASO,ES,Towers with Radar,60,80,61,0,201,10,0,0,0,10,70,80,61,0,211,10,0,10,221
10/14/2002,GSO,NC,ASO,ES,Towers with Radar,67,111,76,0,254,0,0,32,0,32,67,111,108,0,286,11,0,11,297
10/15/2002,GSO,NC,ASO,ES,Towers with Radar,85,119,108,2,314,0,0,0,0,0,85,119,108,2,314,6,0,6,320
10/16/2002,GSO,NC,ASO,ES,Towers with Radar,88,118,121,10,337,0,0,15,0,15,88,118,136,10,352,34,8,42,394
10/17/2002,GSO,NC,ASO,ES,Towers with Radar,87,118,145,0,350,0,4,78,1,83,87,122,223,1,433,15,0,15,448
10/18/2002,GSO,NC,ASO,ES,Towers with Radar,98,94,128,0,320,0,0,83,0,83,98,94,211,0,403,12,0,12,415
10/19/2002,GSO,NC,ASO,ES,Towers with Radar,54,71,67,0,192,10,17,65,0,92,64,88,132,0,284,31,0,31,315
10/20/2002,GSO,NC,ASO,ES,Towers with Radar,79,84,113,0,276,0,1,33,0,34,79,85,146,0,310,12,0,12,322
10/21/2002,GSO,NC,ASO,ES,Towers with Radar,76,127,148,6,357,0,8,7,1,16,76,135,155,7,373,20,0,20,393
10/22/2002,GSO,NC,ASO,ES,Towers with Radar,85,107,121,2,315,0,0,46,4,50,85,107,167,6,365,24,11,35,400
10/23/2002,GSO,NC,ASO,ES,Towers with Radar,86,117,105,4,312,0,1,61,0,62,86,118,166,4,374,36,2,38,412
10/24/2002,GSO,NC,ASO,ES,Towers with Radar,85,103,130,0,318,0,1,0,0,1,85,104,130,0,319,17,0,17,336
10/25/2002,GSO,NC,ASO,ES,Towers with Radar,80,101,84,0,265,0,1,0,0,1,80,102,84,0,266,14,0,14,280
10/26/2002,GSO,NC,ASO,ES,Towers with Radar,61,85,51,2,199,0,1,40,0,41,61,86,91,2,240,18,0,18,258
10/27/2002,GSO,NC,ASO,ES,Towers with Radar,60,93,82,0,235,0,1,39,0,40,60,94,121,0,275,27,0,27,302
10/28/2002,GSO,NC,ASO,ES,Towers with Radar,64,109,83,0,256,0,0,0,0,0,64,109,83,0,256,4,0,4,260
10/29/2002,GSO,NC,ASO,ES,Towers with Radar,76,119,84,3,282,0,0,0,0,0,76,119,84,3,282,8,0,8,290
10/30/2002,GSO,NC,ASO,ES,Towers with Radar,75,127,107,1,310,0,0,0,0,0,75,127,107,1,310,5,0,5,315
10/31/2002,GSO,NC,ASO,ES,Towers with Radar,88,122,91,0,301,0,0,69,0,69,88,122,160,0,370,80,0,80,450
11/01/2002,GSO,NC,ASO,ES,Towers with Radar,86,123,115,0,324,1,0,67,0,68,87,123,182,0,392,30,0,30,422
11/02/2002,GSO,NC,ASO,ES,Towers with Radar,63,89,26,0,178,0,0,72,0,72,63,89,98,0,250,33,0,33,283
11/03/2002,GSO,NC,ASO,ES,Towers with Radar,60,108,70,0,238,1,0,60,0,61,61,108,130,0,299,25,0,25,324
11/04/2002,GSO,NC,ASO,ES,Towers with Radar,60,101,84,2,247,1,0,35,0,36,61,101,119,2,283,24,6,30,313
11/05/2002,GSO,NC,ASO,ES,Towers with Radar,75,118,82,3,278,0,0,6,0,6,75,118,88,3,284,20,2,22,306
11/06/2002,GSO,NC,ASO,ES,Towers with Radar,78,127,88,0,293,0,0,13,0,13,78,127,101,0,306,11,0,11,317
11/07/2002,GSO,NC,ASO,ES,Towers with Radar,75,120,93,0,288,0,0,88,0,88,75,120,181,0,376,23,0,23,399
11/08/2002,GSO,NC,ASO,ES,Towers with Radar,78,119,103,4,304,0,0,74,0,74,78,119,177,4,378,22,4,26,404
11/09/2002,GSO,NC,ASO,ES,Towers with Radar,58,82,50,0,190,1,0,25,0,26,59,82,75,0,216,20,1,21,237
11/10/2002,GSO,NC,ASO,ES,Towers with Radar,55,93,52,0,200,0,0,15,0,15,55,93,67,0,215,18,0,18,233
11/11/2002,GSO,NC,ASO,ES,Towers with Radar,69,108,70,0,247,0,0,1,0,1,69,108,71,0,248,2,0,2,250
11/12/2002,GSO,NC,ASO,ES,Towers with Radar,75,115,77,2,269,0,0,1,0,1,75,115,78,2,270,14,0,14,284
11/13/2002,GSO,NC,ASO,ES,Towers with Radar,78,134,94,0,306,0,0,69,0,69,78,134,163,0,375,10,0,10,385
11/14/2002,GSO,NC,ASO,ES,Towers with Radar,82,124,86,0,292,0,0,105,1,106,82,124,191,1,398,33,0,33,431
11/15/2002,GSO,NC,ASO,ES,Towers with Radar,73,124,89,0,286,0,0,88,0,88,73,124,177,0,374,11,0,11,385
11/16/2002,GSO,NC,ASO,ES,Towers with Radar,76,98,57,0,231,0,0,1,0,1,76,98,58,0,232,18,0,18,250
11/17/2002,GSO,NC,ASO,ES,Towers with Radar,61,101,62,0,224,0,0,7,0,7,61,101,69,0,231,20,0,20,251
11/18/2002,GSO,NC,ASO,ES,Towers with Radar,59,115,91,0,265,0,1,70,0,71,59,116,161,0,336,65,0,65,401
11/19/2002,GSO,NC,ASO,ES,Towers with Radar,69,134,92,0,295,0,0,93,6,99,69,134,185,6,394,12,4,16,410
11/20/2002,GSO,NC,ASO,ES,Towers with Radar,84,109,92,0,285,0,3,106,0,109,84,112,198,0,394,51,0,51,445
11/21/2002,GSO,NC,ASO,ES,Towers with Radar,75,125,120,0,320,0,0,35,1,36,75,125,155,1,356,76,0,76,432
11/22/2002,GSO,NC,ASO,ES,Towers with Radar,73,131,90,0,294,0,0,40,0,40,73,131,130,0,334,3,0,3,337
11/23/2002,GSO,NC,ASO,ES,Towers with Radar,64,94,41,0,199,0,0,61,1,62,64,94,102,1,261,49,0,49,310
11/24/2002,GSO,NC,ASO,ES,Towers with Radar,60,99,48,1,208,0,0,79,0,79,60,99,127,1,287,22,0,22,309
11/25/2002,GSO,NC,ASO,ES,Towers with Radar,63,114,81,0,258,0,0,73,0,73,63,114,154,0,331,16,0,16,347
11/26/2002,GSO,NC,ASO,ES,Towers with Radar,68,122,94,3,287,0,0,89,0,89,68,122,183,3,376,34,4,38,414
11/27/2002,GSO,NC,ASO,ES,Towers with Radar,87,119,95,0,301,5,0,34,0,39,92,119,129,0,340,4,0,4,344
11/28/2002,GSO,NC,ASO,ES,Towers with Radar,43,82,22,0,147,0,0,34,0,34,43,82,56,0,181,17,0,17,198
11/29/2002,GSO,NC,ASO,ES,Towers with Radar,56,99,52,0,207,0,0,39,0,39,56,99,91,0,246,43,0,43,289
11/30/2002,GSO,NC,ASO,ES,Towers with Radar,43,69,47,0,159,10,28,18,0,56,53,97,65,0,215,25,0,25,240
12/01/2002,GSO,NC,ASO,ES,Towers with Radar,60,116,62,0,238,0,0,50,0,50,60,116,112,0,288,2,0,2,290
12/02/2002,GSO,NC,ASO,ES,Towers with Radar,68,123,78,3,272,0,0,51,1,52,68,123,129,4,324,13,0,13,337
12/03/2002,GSO,NC,ASO,ES,Towers with Radar,71,130,118,0,319,0,0,73,1,74,71,130,191,1,393,11,0,11,404
12/04/2002,GSO,NC,ASO,ES,Towers with Radar,55,103,48,0,206,0,0,9,2,11,55,103,57,2,217,17,0,17,234
12/05/2002,GSO,NC,ASO,ES,Towers with Radar,54,71,34,0,159,0,0,1,0,1,54,71,35,0,160,0,0,0,160
12/06/2002,GSO,NC,ASO,ES,Towers with Radar,83,131,81,0,295,0,0,26,0,26,83,131,107,0,321,4,0,4,325
12/07/2002,GSO,NC,ASO,ES,Towers with Radar,53,107,35,0,195,0,0,26,0,26,53,107,61,0,221,15,0,15,236
12/08/2002,GSO,NC,ASO,ES,Towers with Radar,64,93,41,3,201,0,0,36,0,36,64,93,77,3,237,12,0,12,249
12/09/2002,GSO,NC,ASO,ES,Towers with Radar,58,114,63,1,236,0,1,27,3,31,58,115,90,4,267,13,2,15,282
12/10/2002,GSO,NC,ASO,ES,Towers with Radar,72,131,72,0,275,0,1,8,0,9,72,132,80,0,284,24,0,24,308
12/11/2002,GSO,NC,ASO,ES,Towers with Radar,70,113,82,3,268,0,0,1,0,1,70,113,83,3,269,0,0,0,269
12/12/2002,GSO,NC,ASO,ES,Towers with Radar,82,128,121,10,341,0,0,39,1,40,82,128,160,11,381,48,10,58,439
12/13/2002,GSO,NC,ASO,ES,Towers with Radar,70,118,73,0,261,0,0,2,0,2,70,118,75,0,263,0,0,0,263
12/14/2002,GSO,NC,ASO,ES,Towers with Radar,58,91,38,2,189,0,0,34,0,34,58,91,72,2,223,33,0,33,256
12/15/2002,GSO,NC,ASO,ES,Towers with Radar,55,96,61,0,212,0,0,88,0,88,55,96,149,0,300,47,0,47,347
12/16/2002,GSO,NC,ASO,ES,Towers with Radar,56,119,76,1,252,0,0,70,0,70,56,119,146,1,322,63,0,63,385
12/17/2002,GSO,NC,ASO,ES,Towers with Radar,76,124,116,0,316,0,0,71,0,71,76,124,187,0,387,40,0,40,427
12/18/2002,GSO,NC,ASO,ES,Towers with Radar,72,120,92,0,284,0,0,54,0,54,72,120,146,0,338,21,0,21,359
12/19/2002,GSO,NC,ASO,ES,Towers with Radar,70,130,107,0,307,0,0,1,0,1,70,130,108,0,308,3,0,3,311
12/20/2002,GSO,NC,ASO,ES,Towers with Radar,86,118,76,6,286,0,0,33,0,33,86,118,109,6,319,14,0,14,333
12/21/2002,GSO,NC,ASO,ES,Towers with Radar,64,96,40,4,204,0,0,55,0,55,64,96,95,4,259,31,17,48,307
12/22/2002,GSO,NC,ASO,ES,Towers with Radar,62,99,42,0,203,0,0,48,0,48,62,99,90,0,251,17,0,17,268
12/23/2002,GSO,NC,ASO,ES,Towers with Radar,62,113,56,4,235,0,0,61,0,61,62,113,117,4,296,82,0,82,378
12/24/2002,GSO,NC,ASO,ES,Towers with Radar,66,87,10,0,163,0,0,1,0,1,66,87,11,0,164,3,0,3,167
12/25/2002,GSO,NC,ASO,ES,Towers with Radar,29,45,6,0,80,28,17,0,0,45,57,62,6,0,125,0,0,0,125
12/26/2002,GSO,NC,ASO,ES,Towers with Radar,61,100,57,0,218,0,5,19,0,24,61,105,76,0,242,13,0,13,255
12/27/2002,GSO,NC,ASO,ES,Towers with Radar,75,117,58,7,257,0,0,60,0,60,75,117,118,7,317,31,0,31,348
12/28/2002,GSO,NC,ASO,ES,Towers with Radar,57,95,48,0,200,0,0,75,0,75,57,95,123,0,275,41,0,41,316
12/29/2002,GSO,NC,ASO,ES,Towers with Radar,60,97,21,0,178,0,0,52,0,52,60,97,73,0,230,8,0,8,238
12/30/2002,GSO,NC,ASO,ES,Towers with Radar,55,100,52,6,213,0,0,59,0,59,55,100,111,6,272,24,14,38,310
12/31/2002,GSO,NC,ASO,ES,Towers with Radar,65,93,56,0,214,0,0,44,0,44,65,93,100,0,258,28,0,28,286
01/01/2003,GSO,NC,ASO,ES,Towers with Radar,41,76,40,0,157,9,12,0,0,21,50,88,40,0,178,3,0,3,181
01/02/2003,GSO,NC,ASO,ES,Towers with Radar,54,103,48,0,205,0,0,0,1,1,54,103,48,1,206,14,0,14,220
01/03/2003,GSO,NC,ASO,ES,Towers with Radar,64,120,65,0,249,4,9,0,0,13,68,129,65,0,262,19,0,19,281
01/04/2003,GSO,NC,ASO,ES,Towers with Radar,53,93,51,0,197,0,1,67,0,68,53,94,118,0,265,8,0,8,273
01/05/2003,GSO,NC,ASO,ES,Towers with Radar,45,92,32,0,169,0,4,29,0,33,45,96,61,0,202,113,0,113,315
01/06/2003,GSO,NC,ASO,ES,Towers with Radar,49,104,56,0,209,0,16,38,0,54,49,120,94,0,263,14,0,14,277
01/07/2003,GSO,NC,ASO,ES,Towers with Radar,66,122,74,0,262,0,0,53,11,64,66,122,127,11,326,24,4,28,354
01/08/2003,GSO,NC,ASO,ES,Towers with Radar,77,131,70,1,279,0,3,53,2,58,77,134,123,3,337,30,0,30,367
01/09/2003,GSO,NC,ASO,ES,Towers with Radar,71,105,95,0,271,0,1,63,0,64,71,106,158,0,335,14,0,14,349
01/10/2003,GSO,NC,ASO,ES,Towers with Radar,68,117,70,0,255,5,0,36,1,42,73,117,106,1,297,52,0,52,349
01/11/2003,GSO,NC,ASO,ES,Towers with Radar,45,91,35,0,171,0,1,48,0,49,45,92,83,0,220,24,2,26,246
01/12/2003,GSO,NC,ASO,ES,Towers with Radar,48,94,39,0,181,0,1,60,0,61,48,95,99,0,242,24,0,24,266
01/13/2003,GSO,NC,ASO,ES,Towers with Radar,46,116,50,0,212,0,1,49,0,50,46,117,99,0,262,19,0,19,281
01/14/2003,GSO,NC,ASO,ES,Towers with Radar,70,115,72,0,257,2,0,59,0,61,72,115,131,0,318,4,0,4,322
01/15/2003,GSO,NC,ASO,ES,Towers with Radar,65,124,97,4,290,0,1,59,0,60,65,125,156,4,350,15,2,17,367
01/16/2003,GSO,NC,ASO,ES,Towers with Radar,64,132,93,0,289,0,1,31,0,32,64,133,124,0,321,7,0,7,328
01/17/2003,GSO,NC,ASO,ES,Towers with Radar,71,119,36,0,226,0,1,30,0,31,71,120,66,0,257,6,0,6,263
01/18/2003,GSO,NC,ASO,ES,Towers with Radar,50,86,49,0,185,0,1,48,0,49,50,87,97,0,234,85,0,85,319
01/19/2003,GSO,NC,ASO,ES,Towers with Radar,45,92,32,0,169,0,1,29,0,30,45,93,61,0,199,33,0,33,232
01/20/2003,GSO,NC,ASO,ES,Towers with Radar,52,115,68,0,235,0,2,52,0,54,52,117,120,0,289,83,0,83,372
01/21/2003,GSO,NC,ASO,ES,Towers with Radar,61,126,72,0,259,0,0,6,0,6,61,126,78,0,265,7,0,7,272
01/22/2003,GSO,NC,ASO,ES,Towers with Radar,69,111,92,2,274,0,0,60,0,60,69,111,152,2,334,15,0,15,349
01/23/2003,GSO,NC,ASO,ES,Towers with Radar,63,126,50,0,239,0,0,7,2,9,63,126,57,2,248,3,0,3,251
01/24/2003,GSO,NC,ASO,ES,Towers with Radar,62,124,64,0,250,0,0,37,0,37,62,124,101,0,287,7,0,7,294
01/25/2003,GSO,NC,ASO,ES,Towers with Radar,38,102,36,0,176,0,0,64,0,64,38,102,100,0,240,8,0,8,248
01/26/2003,GSO,NC,ASO,ES,Towers with Radar,49,97,34,5,185,0,0,42,0,42,49,97,76,5,227,23,0,23,250
01/27/2003,GSO,NC,ASO,ES,Towers with Radar,51,124,64,0,239,0,0,36,0,36,51,124,100,0,275,0,0,0,275
01/28/2003,GSO,NC,ASO,ES,Towers with Radar,67,128,81,0,276,0,0,45,0,45,67,128,126,0,321,25,0,25,346
01/29/2003,GSO,NC,ASO,ES,Towers with Radar,64,135,93,0,292,0,0,7,0,7,64,135,100,0,299,10,0,10,309
01/30/2003,GSO,NC,ASO,ES,Towers with Radar,67,118,74,0,259,0,0,1,0,1,67,118,75,0,260,0,0,0,260
01/31/2003,GSO,NC,ASO,ES,Towers with Radar,61,131,74,2,268,0,0,1,0,1,61,131,75,2,269,0,0,0,269
02/01/2003,GSO,NC,ASO,ES,Towers with Radar,48,94,44,0,186,1,0,21,0,22,49,94,65,0,208,19,0,19,227
02/02/2003,GSO,NC,ASO,ES,Towers with Radar,43,95,49,0,187,0,0,55,0,55,43,95,104,0,242,41,0,41,283
02/03/2003,GSO,NC,ASO,ES,Towers with Radar,59,121,65,0,245,9,8,0,0,17,68,129,65,0,262,19,0,19,281
02/04/2003,GSO,NC,ASO,ES,Towers with Radar,53,131,67,0,251,0,0,15,0,15,53,131,82,0,266,3,0,3,269
02/05/2003,GSO,NC,ASO,ES,Towers with Radar,66,132,79,1,278,0,0,53,5,58,66,132,132,6,336,5,0,5,341
02/06/2003,GSO,NC,ASO,ES,Towers with Radar,57,125,70,2,254,1,0,17,0,18,58,125,87,2,272,9,0,9,281
02/07/2003,GSO,NC,ASO,ES,Towers with Radar,65,108,59,3,235,0,0,29,0,29,65,108,88,3,264,3,0,3,267
02/08/2003,GSO,NC,ASO,ES,Towers with Radar,44,91,45,2,182,0,1,73,0,74,44,92,118,2,256,49,0,49,305
02/09/2003,GSO,NC,ASO,ES,Towers with Radar,44,114,39,0,197,0,0,56,0,56,44,114,95,0,253,32,0,32,285
02/10/2003,GSO,NC,ASO,ES,Towers with Radar,50,120,59,5,234,0,0,0,0,0,50,120,59,5,234,15,6,21,255
02/11/2003,GSO,NC,ASO,ES,Towers with Radar,62,136,77,0,275,0,0,53,0,53,62,136,130,0,328,24,0,24,352
02/12/2003,GSO,NC,ASO,ES,Towers with Radar,67,143,81,0,291,0,0,30,0,30,67,143,111,0,321,10,0,10,331
02/13/2003,GSO,NC,ASO,ES,Towers with Radar,68,135,93,0,296,4,1,68,0,73,72,136,161,0,369,28,0,28,397
02/14/2003,GSO,NC,ASO,ES,Towers with Radar,62,141,71,0,274,0,0,23,0,23,62,141,94,0,297,36,0,36,333
02/15/2003,GSO,NC,ASO,ES,Towers with Radar,52,92,67,0,211,0,0,14,0,14,52,92,81,0,225,24,0,24,249
02/16/2003,GSO,NC,ASO,ES,Towers with Radar,20,37,11,0,68,0,0,0,0,0,20,37,11,0,68,0,0,0,68
02/17/2003,GSO,NC,ASO,ES,Towers with Radar,49,79,52,0,180,0,0,0,0,0,49,79,52,0,180,0,0,0,180
02/18/2003,GSO,NC,ASO,ES,Towers with Radar,67,122,79,0,268,0,0,29,0,29,67,122,108,0,297,28,0,28,325
02/19/2003,GSO,NC,ASO,ES,Towers with Radar,65,142,100,0,307,0,0,18,0,18,65,142,118,0,325,16,0,16,341
02/20/2003,GSO,NC,ASO,ES,Towers with Radar,77,148,117,3,345,0,1,30,0,31,77,149,147,3,376,30,22,52,428
02/21/2003,GSO,NC,ASO,ES,Towers with Radar,61,130,77,2,270,0,0,7,0,7,61,130,84,2,277,25,0,25,302
02/22/2003,GSO,NC,ASO,ES,Towers with Radar,46,86,25,0,157,0,0,0,0,0,46,86,25,0,157,4,0,4,161
02/23/2003,GSO,NC,ASO,ES,Towers with Radar,54,110,29,0,193,0,0,13,1,14,54,110,42,1,207,9,0,9,216
02/24/2003,GSO,NC,ASO,ES,Towers with Radar,56,128,84,2,270,1,0,40,1,42,57,128,124,3,312,7,0,7,319
02/25/2003,GSO,NC,ASO,ES,Towers with Radar,67,136,53,0,256,0,0,57,0,57,67,136,110,0,313,28,0,28,341
02/26/2003,GSO,NC,ASO,ES,Towers with Radar,51,105,49,0,205,6,27,0,1,34,57,132,49,1,239,0,0,0,239
02/27/2003,GSO,NC,ASO,ES,Towers with Radar,48,100,37,0,185,0,0,0,0,0,48,100,37,0,185,0,0,0,185
02/28/2003,GSO,NC,ASO,ES,Towers with Radar,64,130,62,1,257,0,0,0,0,0,64,130,62,1,257,1,2,3,260
03/01/2003,GSO,NC,ASO,ES,Towers with Radar,43,99,39,0,181,1,1,0,0,2,44,100,39,0,183,5,0,5,188
03/02/2003,GSO,NC,ASO,ES,Towers with Radar,47,114,71,0,232,0,1,20,0,21,47,115,91,0,253,30,0,30,283
03/03/2003,GSO,NC,ASO,ES,Towers with Radar,53,112,65,0,230,15,17,0,0,32,68,129,65,0,262,19,0,19,281
03/04/2003,GSO,NC,ASO,ES,Towers with Radar,76,131,110,0,317,1,1,56,0,58,77,132,166,0,375,30,0,30,405
03/05/2003,GSO,NC,ASO,ES,Towers with Radar,64,139,98,0,301,0,2,29,0,31,64,141,127,0,332,35,0,35,367
03/06/2003,GSO,NC,ASO,ES,Towers with Radar,76,120,88,0,284,0,3,13,0,16,76,123,101,0,300,10,0,10,310
03/07/2003,GSO,NC,ASO,ES,Towers with Radar,60,140,118,3,321,0,2,29,1,32,60,142,147,4,353,39,6,45,398
03/08/2003,GSO,NC,ASO,ES,Towers with Radar,41,99,58,1,199,0,2,59,1,62,41,101,117,2,261,18,0,18,279
03/09/2003,GSO,NC,ASO,ES,Towers with Radar,46,116,50,1,213,0,3,45,1,49,46,119,95,2,262,35,0,35,297
03/10/2003,GSO,NC,ASO,ES,Towers with Radar,49,122,57,9,237,0,3,54,0,57,49,125,111,9,294,12,2,14,308
03/11/2003,GSO,NC,ASO,ES,Towers with Radar,73,134,76,1,284,0,1,39,1,41,73,135,115,2,325,10,0,10,335
03/12/2003,GSO,NC,ASO,ES,Towers with Radar,68,130,73,0,271,0,1,65,0,66,68,131,138,0,337,28,0,28,365
03/13/2003,GSO,NC,ASO,ES,Towers with Radar,68,139,98,0,305,0,0,60,0,60,68,139,158,0,365,6,0,6,371
03/14/2003,GSO,NC,ASO,ES,Towers with Radar,64,159,129,2,354,0,2,62,0,64,64,161,191,2,418,10,0,10,428
03/15/2003,GSO,NC,ASO,ES,Towers with Radar,45,121,90,1,257,0,1,4,0,5,45,122,94,1,262,31,0,31,293
03/16/2003,GSO,NC,ASO,ES,Towers with Radar,43,125,86,0,254,0,1,0,0,1,43,126,86,0,255,18,0,18,273
03/17/2003,GSO,NC,ASO,ES,Towers with Radar,51,125,63,4,243,0,1,2,0,3,51,126,65,4,246,32,0,32,278
03/18/2003,GSO,NC,ASO,ES,Towers with Radar,70,121,102,0,293,0,0,9,0,9,70,121,111,0,302,38,0,38,340
03/19/2003,GSO,NC,ASO,ES,Towers with Radar,60,133,94,0,287,0,0,0,0,0,60,133,94,0,287,7,0,7,294
03/20/2003,GSO,NC,ASO,ES,Towers with Radar,68,138,61,0,267,0,1,0,0,1,68,139,61,0,268,0,0,0,268
03/21/2003,GSO,NC,ASO,ES,Towers with Radar,75,136,72,0,283,0,2,22,0,24,75,138,94,0,307,10,0,10,317
03/22/2003,GSO,NC,ASO,ES,Towers with Radar,43,97,47,0,187,0,1,52,0,53,43,98,99,0,240,16,0,16,256
03/23/2003,GSO,NC,ASO,ES,Towers with Radar,42,114,70,0,226,0,2,61,0,63,42,116,131,0,289,45,0,45,334
03/24/2003,GSO,NC,ASO,ES,Towers with Radar,56,134,89,0,279,0,1,84,2,87,56,135,173,2,366,30,0,30,396
03/25/2003,GSO,NC,ASO,ES,Towers with Radar,73,131,70,0,274,0,1,79,2,82,73,132,149,2,356,37,0,37,393
03/26/2003,GSO,NC,ASO,ES,Towers with Radar,68,127,84,2,281,1,1,33,0,35,69,128,117,2,316,0,0,0,316
03/27/2003,GSO,NC,ASO,ES,Towers with Radar,72,133,110,2,317,0,1,77,1,79,72,134,187,3,396,0,0,0,396
03/28/2003,GSO,NC,ASO,ES,Towers with Radar,74,132,112,0,318,0,1,47,1,49,74,133,159,1,367,31,0,31,398
03/29/2003,GSO,NC,ASO,ES,Towers with Radar,46,104,138,0,288,0,1,44,0,45,46,105,182,0,333,0,0,0,333
03/30/2003,GSO,NC,ASO,ES,Towers with Radar,45,109,74,0,228,0,1,2,0,3,45,110,76,0,231,0,0,0,231
03/31/2003,GSO,NC,ASO,ES,Towers with Radar,62,139,109,0,310,0,1,49,0,50,62,140,158,0,360,32,2,34,394
04/01/2003,GSO,NC,ASO,ES,Towers with Radar,77,134,105,0,316,1,1,37,5,44,78,135,142,5,360,22,0,22,382
04/02/2003,GSO,NC,ASO,ES,Towers with Radar,72,133,101,0,306,12,0,109,5,126,84,133,210,5,432,45,10,55,487
04/03/2003,GSO,NC,ASO,ES,Towers with Radar,52,109,71,0,232,23,35,116,0,174,75,144,187,0,406,20,0,20,426
04/04/2003,GSO,NC,ASO,ES,Towers with Radar,65,129,132,2,328,0,1,49,2,52,65,130,181,4,380,15,0,15,395
04/05/2003,GSO,NC,ASO,ES,Towers with Radar,47,112,69,0,228,0,1,9,0,10,47,113,78,0,238,8,0,8,246
04/06/2003,GSO,NC,ASO,ES,Towers with Radar,53,142,111,0,306,0,1,52,0,53,53,143,163,0,359,36,0,36,395
04/07/2003,GSO,NC,ASO,ES,Towers with Radar,61,113,102,0,276,0,1,0,0,1,61,114,102,0,277,14,0,14,291
04/08/2003,GSO,NC,ASO,ES,Towers with Radar,77,133,95,0,305,0,1,0,0,1,77,134,95,0,306,15,0,15,321
04/09/2003,GSO,NC,ASO,ES,Towers with Radar,72,150,111,0,333,0,1,0,0,1,72,151,111,0,334,10,0,10,344
04/10/2003,GSO,NC,ASO,ES,Towers with Radar,66,138,76,0,280,0,1,0,0,1,66,139,76,0,281,0,0,0,281
04/11/2003,GSO,NC,ASO,ES,Towers with Radar,63,140,97,0,300,0,1,11,0,12,63,141,108,0,312,6,0,6,318
04/12/2003,GSO,NC,ASO,ES,Towers with Radar,44,99,40,0,183,0,1,52,0,53,44,100,92,0,236,19,0,19,255
04/13/2003,GSO,NC,ASO,ES,Towers with Radar,53,119,58,0,230,0,2,68,0,70,53,121,126,0,300,54,0,54,354
04/14/2003,GSO,NC,ASO,ES,Towers with Radar,49,118,94,0,261,0,0,66,0,66,49,118,160,0,327,29,0,29,356
04/15/2003,GSO,NC,ASO,ES,Towers with Radar,64,132,77,0,273,0,0,70,0,70,64,132,147,0,343,18,0,18,361
04/16/2003,GSO,NC,ASO,ES,Towers with Radar,58,152,98,0,308,0,0,79,2,81,58,152,177,2,389,25,0,25,414
04/17/2003,GSO,NC,ASO,ES,Towers with Radar,68,143,101,0,312,0,0,47,0,47,68,143,148,0,359,18,0,18,377
04/18/2003,GSO,NC,ASO,ES,Towers with Radar,60,137,56,0,253,0,0,0,0,0,60,137,56,0,253,2,0,2,255
04/19/2003,GSO,NC,ASO,ES,Towers with Radar,38,104,25,0,167,0,0,0,0,0,38,104,25,0,167,0,0,0,167
04/20/2003,GSO,NC,ASO,ES,Towers with Radar,42,124,54,0,220,0,0,26,0,26,42,124,80,0,246,14,0,14,260
04/21/2003,GSO,NC,ASO,ES,Towers with Radar,52,136,91,0,279,0,0,0,0,0,52,136,91,0,279,8,0,8,287
04/22/2003,GSO,NC,ASO,ES,Towers with Radar,61,145,91,0,297,0,0,43,0,43,61,145,134,0,340,8,0,8,348
04/23/2003,GSO,NC,ASO,ES,Towers with Radar,61,143,100,3,307,0,2,71,0,73,61,145,171,3,380,20,0,20,400
04/24/2003,GSO,NC,ASO,ES,Towers with Radar,68,149,104,0,321,0,0,78,0,78,68,149,182,0,399,1,0,1,400
04/25/2003,GSO,NC,ASO,ES,Towers with Radar,59,143,71,2,275,0,0,0,0,0,59,143,71,2,275,3,0,3,278
04/26/2003,GSO,NC,ASO,ES,Towers with Radar,56,93,45,0,194,0,0,10,0,10,56,93,55,0,204,11,0,11,215
04/27/2003,GSO,NC,ASO,ES,Towers with Radar,56,117,64,1,238,0,0,66,2,68,56,117,130,3,306,9,4,13,319
04/28/2003,GSO,NC,ASO,ES,Towers with Radar,54,136,84,0,274,0,0,69,0,69,54,136,153,0,343,53,0,53,396
04/29/2003,GSO,NC,ASO,ES,Towers with Radar,64,138,95,0,297,0,0,42,4,46,64,138,137,4,343,22,0,22,365
04/30/2003,GSO,NC,ASO,ES,Towers with Radar,61,135,94,0,290,0,0,45,0,45,61,135,139,0,335,5,0,5,340
05/01/2003,GSO,NC,ASO,ES,Towers with Radar,71,148,111,2,332,0,0,41,1,42,71,148,152,3,374,31,0,31,405
05/02/2003,GSO,NC,ASO,ES,Towers with Radar,64,146,82,2,294,0,3,34,0,37,64,149,116,2,331,17,0,17,348
05/03/2003,GSO,NC,ASO,ES,Towers with Radar,44,104,66,1,215,0,9,3,0,12,44,113,69,1,227,10,0,10,237
05/04/2003,GSO,NC,ASO,ES,Towers with Radar,54,114,58,0,226,0,1,2,0,3,54,115,60,0,229,20,0,20,249
05/05/2003,GSO,NC,ASO,ES,Towers with Radar,55,133,67,0,255,0,1,0,0,1,55,134,67,0,256,23,0,23,279
05/06/2003,GSO,NC,ASO,ES,Towers with Radar,70,134,59,0,263,0,1,15,0,16,70,135,74,0,279,6,4,10,289
05/07/2003,GSO,NC,ASO,ES,Towers with Radar,71,146,83,0,300,0,1,15,0,16,71,147,98,0,316,21,0,21,337
05/08/2003,GSO,NC,ASO,ES,Towers with Radar,67,135,93,1,296,0,0,86,1,87,67,135,179,2,383,50,0,50,433
05/09/2003,GSO,NC,ASO,ES,Towers with Radar,67,145,103,2,317,0,2,38,0,40,67,147,141,2,357,32,0,32,389
05/10/2003,GSO,NC,ASO,ES,Towers with Radar,47,97,66,0,210,0,2,40,0,42,47,99,106,0,252,28,0,28,280
05/11/2003,GSO,NC,ASO,ES,Towers with Radar,48,112,56,0,216,0,1,17,0,18,48,113,73,0,234,11,0,11,245
05/12/2003,GSO,NC,ASO,ES,Towers with Radar,55,128,73,0,256,0,1,28,0,29,55,129,101,0,285,20,0,20,305
05/13/2003,GSO,NC,ASO,ES,Towers with Radar,74,139,71,4,288,0,1,55,0,56,74,140,126,4,344,26,2,28,372
05/14/2003,GSO,NC,ASO,ES,Towers with Radar,63,137,101,1,302,0,1,81,0,82,63,138,182,1,384,28,0,28,412
05/15/2003,GSO,NC,ASO,ES,Towers with Radar,71,144,110,2,327,0,1,14,0,15,71,145,124,2,342,2,0,2,344
05/16/2003,GSO,NC,ASO,ES,Towers with Radar,75,138,111,5,329,0,1,15,1,17,75,139,126,6,346,11,4,15,361
05/17/2003,GSO,NC,ASO,ES,Towers with Radar,47,107,65,4,223,0,1,0,0,1,47,108,65,4,224,22,0,22,246
05/18/2003,GSO,NC,ASO,ES,Towers with Radar,46,99,42,0,187,7,22,0,0,29,53,121,42,0,216,1,0,1,217
05/19/2003,GSO,NC,ASO,ES,Towers with Radar,60,126,93,0,279,0,1,3,0,4,60,127,96,0,283,18,0,18,301
05/20/2003,GSO,NC,ASO,ES,Towers with Radar,76,132,90,0,298,0,1,83,1,85,76,133,173,1,383,30,0,30,413
05/21/2003,GSO,NC,ASO,ES,Towers with Radar,62,147,109,2,320,0,1,4,0,5,62,148,113,2,325,30,0,30,355
05/22/2003,GSO,NC,ASO,ES,Towers with Radar,69,141,88,2,300,0,1,0,0,1,69,142,88,2,301,15,0,15,316
05/23/2003,GSO,NC,ASO,ES,Towers with Radar,66,143,69,2,280,0,1,0,0,1,66,144,69,2,281,8,0,8,289
05/24/2003,GSO,NC,ASO,ES,Towers with Radar,44,109,56,0,209,0,1,8,0,9,44,110,64,0,218,8,2,10,228
05/25/2003,GSO,NC,ASO,ES,Towers with Radar,50,110,25,3,188,0,1,2,0,3,50,111,27,3,191,1,0,1,192
05/26/2003,GSO,NC,ASO,ES,Towers with Radar,53,120,56,0,229,0,1,47,0,48,53,121,103,0,277,34,0,34,311
05/27/2003,GSO,NC,ASO,ES,Towers with Radar,55,136,102,6,299,0,1,10,0,11,55,137,112,6,310,18,0,18,328
05/28/2003,GSO,NC,ASO,ES,Towers with Radar,71,143,101,0,315,0,1,63,0,64,71,144,164,0,379,11,0,11,390
05/29/2003,GSO,NC,ASO,ES,Towers with Radar,69,128,97,0,294,0,0,46,0,46,69,128,143,0,340,8,0,8,348
05/30/2003,GSO,NC,ASO,ES,Towers with Radar,66,133,91,5,295,0,1,90,2,93,66,134,181,7,388,34,0,34,422
05/31/2003,GSO,NC,ASO,ES,Towers with Radar,57,100,19,0,176,0,1,11,0,12,57,101,30,0,188,10,0,10,198
06/01/2003,GSO,NC,ASO,ES,Towers with Radar,49,123,43,0,215,2,0,30,0,32,51,123,73,0,247,8,0,8,255
06/02/2003,GSO,NC,ASO,ES,Towers with Radar,61,136,75,0,272,0,0,86,2,88,61,136,161,2,360,18,2,20,380
06/03/2003,GSO,NC,ASO,ES,Towers with Radar,56,104,65,0,225,16,31,15,0,62,72,135,80,0,287,31,0,31,318
06/04/2003,GSO,NC,ASO,ES,Towers with Radar,78,136,75,0,289,0,0,15,8,23,78,136,90,8,312,18,8,26,338
06/05/2003,GSO,NC,ASO,ES,Towers with Radar,67,133,100,0,300,0,0,77,1,78,67,133,177,1,378,22,0,22,400
06/06/2003,GSO,NC,ASO,ES,Towers with Radar,72,134,107,0,313,4,0,83,0,87,76,134,190,0,400,64,0,64,464
06/07/2003,GSO,NC,ASO,ES,Towers with Radar,45,107,24,0,176,0,0,0,0,0,45,107,24,0,176,5,1,6,182
06/08/2003,GSO,NC,ASO,ES,Towers with Radar,58,119,77,0,254,0,0,13,0,13,58,119,90,0,267,18,0,18,285
06/09/2003,GSO,NC,ASO,ES,Towers with Radar,69,131,79,0,279,0,0,64,1,65,69,131,143,1,344,55,0,55,399
06/10/2003,GSO,NC,ASO,ES,Towers with Radar,78,138,108,0,324,0,0,70,0,70,78,138,178,0,394,38,0,38,432
06/11/2003,GSO,NC,ASO,ES,Towers with Radar,80,119,91,0,290,5,0,66,2,73,85,119,157,2,363,30,0,30,393
06/12/2003,GSO,NC,ASO,ES,Towers with Radar,78,124,74,0,276,0,0,10,0,10,78,124,84,0,286,8,0,8,294
06/13/2003,GSO,NC,ASO,ES,Towers with Radar,70,142,77,0,289,0,0,14,3,17,70,142,91,3,306,60,0,60,366
06/14/2003,GSO,NC,ASO,ES,Towers with Radar,55,110,41,0,206,0,0,27,0,27,55,110,68,0,233,20,0,20,253
06/15/2003,GSO,NC,ASO,ES,Towers with Radar,55,123,74,0,252,0,0,9,0,9,55,123,83,0,261,44,0,44,305
06/16/2003,GSO,NC,ASO,ES,Towers with Radar,65,120,76,0,261,0,0,0,1,1,65,120,76,1,262,4,0,4,266
06/17/2003,GSO,NC,ASO,ES,Towers with Radar,73,133,73,0,279,13,15,0,1,29,86,148,73,1,308,9,0,9,317
06/18/2003,GSO,NC,ASO,ES,Towers with Radar,68,114,111,0,293,0,0,5,0,5,68,114,116,0,298,40,0,40,338
06/19/2003,GSO,NC,ASO,ES,Towers with Radar,84,131,104,0,319,0,0,19,1,20,84,131,123,1,339,29,0,29,368
06/20/2003,GSO,NC,ASO,ES,Towers with Radar,78,130,105,0,313,0,0,48,3,51,78,130,153,3,364,18,6,24,388
06/21/2003,GSO,NC,ASO,ES,Towers with Radar,62,110,63,0,235,0,0,76,0,76,62,110,139,0,311,19,0,19,330
06/22/2003,GSO,NC,ASO,ES,Towers with Radar,57,118,2,0,177,0,2,92,0,94,57,120,94,0,271,39,0,39,310
06/23/2003,GSO,NC,ASO,ES,Towers with Radar,65,115,72,0,252,0,0,76,2,78,65,115,148,2,330,48,0,48,378
06/24/2003,GSO,NC,ASO,ES,Towers with Radar,81,137,67,0,285,0,2,57,0,59,81,139,124,0,344,41,14,55,399
06/25/2003,GSO,NC,ASO,ES,Towers with Radar,87,124,116,0,327,0,0,70,6,76,87,124,186,6,403,14,0,14,417
06/26/2003,GSO,NC,ASO,ES,Towers with Radar,74,135,93,0,302,0,0,54,3,57,74,135,147,3,359,10,0,10,369
06/27/2003,GSO,NC,ASO,ES,Towers with Radar,73,124,91,0,288,0,0,28,5,33,73,124,119,5,321,2,6,8,329
06/28/2003,GSO,NC,ASO,ES,Towers with Radar,53,109,48,0,210,0,0,0,3,3,53,109,48,3,213,0,0,0,213
06/29/2003,GSO,NC,ASO,ES,Towers with Radar,57,115,58,0,230,0,0,33,1,34,57,115,91,1,264,8,0,8,272
06/30/2003,GSO,NC,ASO,ES,Towers with Radar,77,131,87,0,295,0,0,32,2,34,77,131,119,2,329,22,0,22,351
07/01/2003,GSO,NC,ASO,ES,Towers with Radar,77,132,76,2,287,3,3,32,0,38,80,135,108,2,325,20,0,20,345
07/02/2003,GSO,NC,ASO,ES,Towers with Radar,83,137,53,0,273,0,0,0,0,0,83,137,53,0,273,15,0,15,288
07/03/2003,GSO,NC,ASO,ES,Towers with Radar,60,103,59,1,223,13,25,56,10,104,73,128,115,11,327,43,0,43,370
07/04/2003,GSO,NC,ASO,ES,Towers with Radar,42,72,40,1,155,1,17,16,1,35,43,89,56,2,190,9,0,9,199
07/05/2003,GSO,NC,ASO,ES,Towers with Radar,38,98,22,2,160,0,0,33,0,33,38,98,55,2,193,15,0,15,208
07/06/2003,GSO,NC,ASO,ES,Towers with Radar,48,106,41,1,196,0,0,21,0,21,48,106,62,1,217,7,0,7,224
07/07/2003,GSO,NC,ASO,ES,Towers with Radar,69,124,59,6,258,0,0,35,0,35,69,124,94,6,293,7,0,7,300
07/08/2003,GSO,NC,ASO,ES,Towers with Radar,74,120,76,5,275,0,0,70,1,71,74,120,146,6,346,13,6,19,365
07/09/2003,GSO,NC,ASO,ES,Towers with Radar,82,131,58,0,271,0,0,48,0,48,82,131,106,0,319,7,0,7,326
07/10/2003,GSO,NC,ASO,ES,Towers with Radar,85,113,99,0,297,0,0,35,0,35,85,113,134,0,332,5,0,5,337
07/11/2003,GSO,NC,ASO,ES,Towers with Radar,73,129,73,0,275,0,0,49,0,49,73,129,122,0,324,20,1,21,345
07/12/2003,GSO,NC,ASO,ES,Towers with Radar,55,110,63,0,228,0,0,70,0,70,55,110,133,0,298,52,0,52,350
07/13/2003,GSO,NC,ASO,ES,Towers with Radar,54,118,52,0,224,0,0,35,0,35,54,118,87,0,259,33,0,33,292
07/14/2003,GSO,NC,ASO,ES,Towers with Radar,65,128,102,4,299,0,0,18,0,18,65,128,120,4,317,29,0,29,346
07/15/2003,GSO,NC,ASO,ES,Towers with Radar,83,130,111,0,324,0,1,39,0,40,83,131,150,0,364,38,0,38,402
07/16/2003,GSO,NC,ASO,ES,Towers with Radar,85,134,96,1,316,0,0,39,1,40,85,134,135,2,356,11,0,11,367
07/17/2003,GSO,NC,ASO,ES,Towers with Radar,80,137,82,0,299,0,0,53,0,53,80,137,135,0,352,15,0,15,367
07/18/2003,GSO,NC,ASO,ES,Towers with Radar,81,117,84,4,286,0,0,24,0,24,81,117,108,4,310,28,4,32,342
07/19/2003,GSO,NC,ASO,ES,Towers with Radar,69,100,18,0,187,0,0,16,0,16,69,100,34,0,203,9,0,9,212
07/20/2003,GSO,NC,ASO,ES,Towers with Radar,58,119,56,4,237,0,0,39,0,39,58,119,95,4,276,8,1,9,285
07/21/2003,GSO,NC,ASO,ES,Towers with Radar,60,127,62,2,251,0,0,18,3,21,60,127,80,5,272,11,2,13,285
07/22/2003,GSO,NC,ASO,ES,Towers with Radar,80,130,81,0,291,3,0,6,0,9,83,130,87,0,300,81,0,81,381
07/23/2003,GSO,NC,ASO,ES,Towers with Radar,83,134,81,4,302,0,0,4,0,4,83,134,85,4,306,10,0,10,316
07/24/2003,GSO,NC,ASO,ES,Towers with Radar,80,134,108,5,327,0,0,70,0,70,80,134,178,5,397,42,0,42,439
07/25/2003,GSO,NC,ASO,ES,Towers with Radar,74,130,69,1,274,0,0,65,3,68,74,130,134,4,342,26,0,26,368
07/26/2003,GSO,NC,ASO,ES,Towers with Radar,68,102,57,0,227,0,0,40,0,40,68,102,97,0,267,24,0,24,291
07/27/2003,GSO,NC,ASO,ES,Towers with Radar,53,121,58,2,234,0,0,51,0,51,53,121,109,2,285,65,0,65,350
07/28/2003,GSO,NC,ASO,ES,Towers with Radar,68,119,69,2,258,0,0,55,0,55,68,119,124,2,313,50,0,50,363
07/29/2003,GSO,NC,ASO,ES,Towers with Radar,76,128,77,2,283,4,0,20,2,26,80,128,97,4,309,49,0,49,358
07/30/2003,GSO,NC,ASO,ES,Towers with Radar,78,139,96,1,314,0,0,0,0,0,78,139,96,1,314,14,0,14,328
07/31/2003,GSO,NC,ASO,ES,Towers with Radar,83,132,83,2,300,0,0,44,1,45,83,132,127,3,345,8,0,8,353
08/01/2003,GSO,NC,ASO,ES,Towers with Radar,81,124,99,10,314,0,0,4,0,4,81,124,103,10,318,19,10,29,347
08/02/2003,GSO,NC,ASO,ES,Towers with Radar,54,102,37,0,193,0,1,3,0,4,54,103,40,0,197,10,0,10,207
08/03/2003,GSO,NC,ASO,ES,Towers with Radar,54,104,62,1,221,8,5,15,1,29,62,109,77,2,250,12,0,12,262
08/04/2003,GSO,NC,ASO,ES,Towers with Radar,60,114,74,2,250,0,3,27,0,30,60,117,101,2,280,25,0,25,305
08/05/2003,GSO,NC,ASO,ES,Towers with Radar,79,151,94,3,327,0,0,30,0,30,79,151,124,3,357,45,6,51,408
08/06/2003,GSO,NC,ASO,ES,Towers with Radar,74,143,105,1,323,0,0,42,0,42,74,143,147,1,365,42,0,42,407
08/07/2003,GSO,NC,ASO,ES,Towers with Radar,77,139,76,3,295,0,4,22,0,26,77,143,98,3,321,40,0,40,361
08/08/2003,GSO,NC,ASO,ES,Towers with Radar,72,153,89,5,319,0,0,5,0,5,72,153,94,5,324,13,4,17,341
08/09/2003,GSO,NC,ASO,ES,Towers with Radar,58,112,58,0,228,0,1,17,0,18,58,113,75,0,246,38,0,38,284
08/10/2003,GSO,NC,ASO,ES,Towers with Radar,52,122,81,1,256,0,0,7,0,7,52,122,88,1,263,36,0,36,299
08/11/2003,GSO,NC,ASO,ES,Towers with Radar,61,136,82,0,279,0,0,36,0,36,61,136,118,0,315,34,0,34,349
08/12/2003,GSO,NC,ASO,ES,Towers with Radar,74,145,77,5,301,0,0,15,0,15,74,145,92,5,316,19,0,19,335
08/13/2003,GSO,NC,ASO,ES,Towers with Radar,78,128,90,1,297,0,0,33,2,35,78,128,123,3,332,7,14,21,353
08/14/2003,GSO,NC,ASO,ES,Towers with Radar,86,153,120,1,360,0,0,44,0,44,86,153,164,1,404,33,2,35,439
08/15/2003,GSO,NC,ASO,ES,Towers with Radar,80,125,92,0,297,0,0,42,1,43,80,125,134,1,340,29,0,29,369
08/16/2003,GSO,NC,ASO,ES,Towers with Radar,64,112,44,0,220,0,0,17,0,17,64,112,61,0,237,11,0,11,248
08/17/2003,GSO,NC,ASO,ES,Towers with Radar,54,136,71,0,261,0,0,38,0,38,54,136,109,0,299,47,0,47,346
08/18/2003,GSO,NC,ASO,ES,Towers with Radar,65,137,95,1,298,0,0,46,1,47,65,137,141,2,345,14,0,14,359
08/19/2003,GSO,NC,ASO,ES,Towers with Radar,82,162,100,0,344,0,0,16,0,16,82,162,116,0,360,43,0,43,403
08/20/2003,GSO,NC,ASO,ES,Towers with Radar,77,138,111,2,328,0,0,34,0,34,77,138,145,2,362,4,0,4,366
08/21/2003,GSO,NC,ASO,ES,Towers with Radar,78,145,96,4,323,0,0,54,0,54,78,145,150,4,377,68,10,78,455
08/22/2003,GSO,NC,ASO,ES,Towers with Radar,77,144,93,0,314,0,0,31,0,31,77,144,124,0,345,28,0,28,373
08/23/2003,GSO,NC,ASO,ES,Towers with Radar,53,118,39,0,210,0,0,49,0,49,53,118,88,0,259,19,0,19,278
08/24/2003,GSO,NC,ASO,ES,Towers with Radar,57,120,44,0,221,0,0,84,0,84,57,120,128,0,305,47,0,47,352
08/25/2003,GSO,NC,ASO,ES,Towers with Radar,62,137,68,0,267,0,0,72,2,74,62,137,140,2,341,36,0,36,377
08/26/2003,GSO,NC,ASO,ES,Towers with Radar,73,139,80,2,294,0,1,64,3,68,73,140,144,5,362,8,0,8,370
08/27/2003,GSO,NC,ASO,ES,Towers with Radar,80,131,86,6,303,0,0,54,1,55,80,131,140,7,358,3,0,3,361
08/28/2003,GSO,NC,ASO,ES,Towers with Radar,66,153,100,0,319,0,0,37,0,37,66,153,137,0,356,36,0,36,392
08/29/2003,GSO,NC,ASO,ES,Towers with Radar,74,136,95,2,307,0,0,32,0,32,74,136,127,2,339,21,0,21,360
08/30/2003,GSO,NC,ASO,ES,Towers with Radar,55,96,32,0,183,0,0,40,0,40,55,96,72,0,223,16,0,16,239
08/31/2003,GSO,NC,ASO,ES,Towers with Radar,42,107,31,0,180,0,0,8,0,8,42,107,39,0,188,28,0,28,216
09/01/2003,GSO,NC,ASO,ES,Towers with Radar,54,128,41,0,223,0,0,33,0,33,54,128,74,0,256,7,0,7,263
09/02/2003,GSO,NC,ASO,ES,Towers with Radar,58,139,76,1,274,0,0,46,1,47,58,139,122,2,321,23,12,35,356
09/03/2003,GSO,NC,ASO,ES,Towers with Radar,53,115,60,0,228,27,16,56,0,99,80,131,116,0,327,15,0,15,342
09/04/2003,GSO,NC,ASO,ES,Towers with Radar,68,156,82,3,309,0,0,0,0,0,68,156,82,3,309,1,0,1,310
09/05/2003,GSO,NC,ASO,ES,Towers with Radar,77,150,85,3,315,0,0,59,2,61,77,150,144,5,376,24,2,26,402
09/06/2003,GSO,NC,ASO,ES,Towers with Radar,52,116,45,0,213,0,0,46,0,46,52,116,91,0,259,15,0,15,274
09/07/2003,GSO,NC,ASO,ES,Towers with Radar,50,144,53,5,252,0,0,54,0,54,50,144,107,5,306,37,2,39,345
09/08/2003,GSO,NC,ASO,ES,Towers with Radar,57,152,77,0,286,0,0,44,0,44,57,152,121,0,330,52,0,52,382
09/09/2003,GSO,NC,ASO,ES,Towers with Radar,75,154,91,0,320,0,0,41,0,41,75,154,132,0,361,19,0,19,380
09/10/2003,GSO,NC,ASO,ES,Towers with Radar,75,164,90,2,331,0,0,38,0,38,75,164,128,2,369,14,0,14,383
09/11/2003,GSO,NC,ASO,ES,Towers with Radar,77,129,98,1,305,0,0,79,0,79,77,129,177,1,384,14,0,14,398
09/12/2003,GSO,NC,ASO,ES,Towers with Radar,77,154,95,0,326,0,0,13,0,13,77,154,108,0,339,16,0,16,355
09/13/2003,GSO,NC,ASO,ES,Towers with Radar,60,114,40,2,216,0,0,22,0,22,60,114,62,2,238,30,0,30,268
09/14/2003,GSO,NC,ASO,ES,Towers with Radar,54,143,76,2,275,0,0,18,0,18,54,143,94,2,293,25,0,25,318
09/15/2003,GSO,NC,ASO,ES,Towers with Radar,58,148,65,7,278,0,0,24,2,26,58,148,89,9,304,15,0,15,319
09/16/2003,GSO,NC,ASO,ES,Towers with Radar,69,151,131,1,352,0,0,79,15,94,69,151,210,16,446,15,0,15,461
09/17/2003,GSO,NC,ASO,ES,Towers with Radar,75,147,94,0,316,0,0,43,0,43,75,147,137,0,359,6,0,6,365
09/18/2003,GSO,NC,ASO,ES,Towers with Radar,62,100,38,0,200,0,0,1,0,1,62,100,39,0,201,28,0,28,229
09/19/2003,GSO,NC,ASO,ES,Towers with Radar,72,127,64,0,263,0,0,64,11,75,72,127,128,11,338,6,0,6,344
09/20/2003,GSO,NC,ASO,ES,Towers with Radar,56,110,49,0,215,0,0,75,0,75,56,110,124,0,290,0,0,0,290
09/21/2003,GSO,NC,ASO,ES,Towers with Radar,53,131,73,0,257,0,0,41,0,41,53,131,114,0,298,15,0,15,313
09/22/2003,GSO,NC,ASO,ES,Towers with Radar,57,151,85,2,295,0,0,4,2,6,57,151,89,4,301,37,0,37,338
09/23/2003,GSO,NC,ASO,ES,Towers with Radar,71,142,89,3,305,0,0,67,0,67,71,142,156,3,372,38,4,42,414
09/24/2003,GSO,NC,ASO,ES,Towers with Radar,78,165,88,0,331,0,0,71,2,73,78,165,159,2,404,19,1,20,424
09/25/2003,GSO,NC,ASO,ES,Towers with Radar,69,162,89,1,321,0,0,69,1,70,69,162,158,2,391,29,0,29,420
09/26/2003,GSO,NC,ASO,ES,Towers with Radar,65,152,94,3,314,0,0,51,2,53,65,152,145,5,367,5,0,5,372
09/27/2003,GSO,NC,ASO,ES,Towers with Radar,39,86,45,0,170,9,30,21,1,61,48,116,66,1,231,5,0,5,236
09/28/2003,GSO,NC,ASO,ES,Towers with Radar,46,136,65,0,247,0,0,40,0,40,46,136,105,0,287,19,0,19,306
09/29/2003,GSO,NC,ASO,ES,Towers with Radar,54,142,54,0,250,0,0,73,0,73,54,142,127,0,323,22,0,22,345
09/30/2003,GSO,NC,ASO,ES,Towers with Radar,66,158,83,3,310,0,0,84,0,84,66,158,167,3,394,40,0,40,434
10/01/2003,GSO,NC,ASO,ES,Towers with Radar,64,157,92,0,313,0,0,50,0,50,64,157,142,0,363,55,0,55,418
10/02/2003,GSO,NC,ASO,ES,Towers with Radar,60,155,89,0,304,0,8,84,0,92,60,163,173,0,396,6,0,6,402
10/03/2003,GSO,NC,ASO,ES,Towers with Radar,46,115,66,0,227,14,52,107,0,173,60,167,173,0,400,11,0,11,411
10/04/2003,GSO,NC,ASO,ES,Towers with Radar,40,99,57,0,196,17,19,40,0,76,57,118,97,0,272,8,0,8,280
10/05/2003,GSO,NC,ASO,ES,Towers with Radar,47,119,69,0,235,0,32,37,0,69,47,151,106,0,304,39,0,39,343
10/06/2003,GSO,NC,ASO,ES,Towers with Radar,52,144,83,2,281,0,4,55,1,60,52,148,138,3,341,65,6,71,412
10/07/2003,GSO,NC,ASO,ES,Towers with Radar,63,157,102,0,322,0,0,41,0,41,63,157,143,0,363,29,0,29,392
10/08/2003,GSO,NC,ASO,ES,Towers with Radar,70,158,106,2,336,0,0,4,0,4,70,158,110,2,340,6,0,6,346
10/09/2003,GSO,NC,ASO,ES,Towers with Radar,65,160,76,0,301,0,0,0,0,0,65,160,76,0,301,5,0,5,306
10/10/2003,GSO,NC,ASO,ES,Towers with Radar,70,162,101,0,333,0,0,14,0,14,70,162,115,0,347,25,0,25,372
10/11/2003,GSO,NC,ASO,ES,Towers with Radar,51,125,58,0,234,5,0,0,0,5,56,125,58,0,239,27,0,27,266
10/12/2003,GSO,NC,ASO,ES,Towers with Radar,52,126,73,0,251,2,19,47,0,68,54,145,120,0,319,13,0,13,332
10/13/2003,GSO,NC,ASO,ES,Towers with Radar,56,147,85,0,288,0,11,61,0,72,56,158,146,0,360,25,0,25,385
10/14/2003,GSO,NC,ASO,ES,Towers with Radar,68,179,103,0,350,0,2,21,0,23,68,181,124,0,373,9,0,9,382
10/15/2003,GSO,NC,ASO,ES,Towers with Radar,71,174,100,0,345,7,17,48,0,72,78,191,148,0,417,7,0,7,424
10/16/2003,GSO,NC,ASO,ES,Towers with Radar,77,169,108,0,354,0,0,128,0,128,77,169,236,0,482,17,1,18,500
10/17/2003,GSO,NC,ASO,ES,Towers with Radar,66,176,106,0,348,0,0,81,0,81,66,176,187,0,429,47,0,47,476
10/18/2003,GSO,NC,ASO,ES,Towers with Radar,49,129,80,1,259,0,0,41,0,41,49,129,121,1,300,6,0,6,306
10/19/2003,GSO,NC,ASO,ES,Towers with Radar,58,162,92,1,313,0,17,61,0,78,58,179,153,1,391,13,0,13,404
10/20/2003,GSO,NC,ASO,ES,Towers with Radar,61,153,86,1,301,0,4,103,4,111,61,157,189,5,412,25,0,25,437
10/21/2003,GSO,NC,ASO,ES,Towers with Radar,70,173,98,1,342,3,3,86,1,93,73,176,184,2,435,19,0,19,454
10/22/2003,GSO,NC,ASO,ES,Towers with Radar,70,169,98,1,338,3,0,49,12,64,73,169,147,13,402,63,14,77,479
10/23/2003,GSO,NC,ASO,ES,Towers with Radar,68,166,94,1,329,6,12,74,1,93,74,178,168,2,422,20,0,20,442
10/24/2003,GSO,NC,ASO,ES,Towers with Radar,68,155,95,1,319,3,0,67,4,74,71,155,162,5,393,11,0,11,404
10/25/2003,GSO,NC,ASO,ES,Towers with Radar,43,102,61,0,206,9,0,39,0,48,52,102,100,0,254,12,0,12,266
10/26/2003,GSO,NC,ASO,ES,Towers with Radar,49,123,59,1,232,0,8,0,1,9,49,131,59,2,241,6,0,6,247
10/27/2003,GSO,NC,ASO,ES,Towers with Radar,46,122,69,1,238,0,19,17,2,38,46,141,86,3,276,6,0,6,282
10/28/2003,GSO,NC,ASO,ES,Towers with Radar,63,161,94,1,319,0,0,0,1,1,63,161,94,2,320,2,0,2,322
10/29/2003,GSO,NC,ASO,ES,Towers with Radar,62,149,92,1,304,0,0,62,0,62,62,149,154,1,366,10,0,10,376
10/30/2003,GSO,NC,ASO,ES,Towers with Radar,66,159,92,1,318,1,0,75,0,76,67,159,167,1,394,13,0,13,407
10/31/2003,GSO,NC,ASO,ES,Towers with Radar,62,149,87,0,298,12,0,46,0,58,74,149,133,0,356,31,0,31,387
11/01/2003,GSO,NC,ASO,ES,Towers with Radar,51,85,56,0,192,41,0,67,0,108,92,85,123,0,300,18,0,18,318
11/02/2003,GSO,NC,ASO,ES,Towers with Radar,48,116,61,0,225,0,13,54,0,67,48,129,115,0,292,13,0,13,305
11/03/2003,GSO,NC,ASO,ES,Towers with Radar,51,119,62,2,234,0,16,53,4,73,51,135,115,6,307,40,10,50,357
11/04/2003,GSO,NC,ASO,ES,Towers with Radar,63,147,87,0,297,0,0,50,0,50,63,147,137,0,347,14,0,14,361
11/05/2003,GSO,NC,ASO,ES,Towers with Radar,70,145,88,3,306,0,0,14,8,22,70,145,102,11,328,27,14,41,369
11/06/2003,GSO,NC,ASO,ES,Towers with Radar,68,162,88,3,321,0,0,18,3,21,68,162,106,6,342,29,0,29,371
11/07/2003,GSO,NC,ASO,ES,Towers with Radar,63,159,90,3,315,0,0,39,0,39,63,159,129,3,354,0,0,0,354
11/08/2003,GSO,NC,ASO,ES,Towers with Radar,51,111,58,1,221,4,12,45,0,61,55,123,103,1,282,0,0,0,282
11/09/2003,GSO,NC,ASO,ES,Towers with Radar,46,101,53,0,200,1,17,47,0,65,47,118,100,0,265,6,0,6,271
11/10/2003,GSO,NC,ASO,ES,Towers with Radar,54,137,72,2,265,0,9,70,3,82,54,146,142,5,347,18,0,18,365
11/11/2003,GSO,NC,ASO,ES,Towers with Radar,65,147,82,2,296,0,0,88,0,88,65,147,170,2,384,19,0,19,403
11/12/2003,GSO,NC,ASO,ES,Towers with Radar,65,140,74,0,279,7,2,54,0,63,72,142,128,0,342,18,0,18,360
11/13/2003,GSO,NC,ASO,ES,Towers with Radar,67,143,75,0,285,12,1,27,0,40,79,144,102,0,325,0,0,0,325
11/14/2003,GSO,NC,ASO,ES,Towers with Radar,62,144,82,0,288,0,0,83,0,83,62,144,165,0,371,35,0,35,406
11/15/2003,GSO,NC,ASO,ES,Towers with Radar,40,87,46,0,173,8,27,29,0,64,48,114,75,0,237,69,0,69,306
11/16/2003,GSO,NC,ASO,ES,Towers with Radar,48,112,57,0,217,0,14,39,0,53,48,126,96,0,270,70,0,70,340
11/17/2003,GSO,NC,ASO,ES,Towers with Radar,51,136,73,1,261,0,0,53,2,55,51,136,126,3,316,48,1,49,365
11/18/2003,GSO,NC,ASO,ES,Towers with Radar,63,155,80,0,298,0,8,2,0,10,63,163,82,0,308,8,0,8,316
11/19/2003,GSO,NC,ASO,ES,Towers with Radar,63,137,48,0,248,20,12,0,0,32,83,149,48,0,280,0,0,0,280
11/20/2003,GSO,NC,ASO,ES,Towers with Radar,63,146,86,2,297,0,0,94,0,94,63,146,180,2,391,4,0,4,395
11/21/2003,GSO,NC,ASO,ES,Towers with Radar,67,148,85,2,302,0,0,83,2,85,67,148,168,4,387,14,6,20,407
11/22/2003,GSO,NC,ASO,ES,Towers with Radar,49,108,55,0,212,10,7,88,0,105,59,115,143,0,317,20,0,20,337
11/23/2003,GSO,NC,ASO,ES,Towers with Radar,49,107,55,1,212,0,13,74,0,87,49,120,129,1,299,65,0,65,364
11/24/2003,GSO,NC,ASO,ES,Towers with Radar,55,134,69,1,259,0,3,12,5,20,55,137,81,6,279,31,0,31,310
11/25/2003,GSO,NC,ASO,ES,Towers with Radar,69,142,81,2,294,0,0,69,1,70,69,142,150,3,364,12,0,12,376
11/26/2003,GSO,NC,ASO,ES,Towers with Radar,82,163,98,2,345,0,0,79,1,80,82,163,177,3,425,4,0,4,429
11/27/2003,GSO,NC,ASO,ES,Towers with Radar,40,88,40,0,168,2,35,0,0,37,42,123,40,0,205,5,0,5,210
11/28/2003,GSO,NC,ASO,ES,Towers with Radar,42,91,29,0,162,17,24,0,0,41,59,115,29,0,203,1,0,1,204
11/29/2003,GSO,NC,ASO,ES,Towers with Radar,46,93,50,0,189,30,0,0,0,30,76,93,50,0,219,16,0,16,235
11/30/2003,GSO,NC,ASO,ES,Towers with Radar,50,136,71,0,257,0,0,38,0,38,50,136,109,0,295,22,0,22,317
12/01/2003,GSO,NC,ASO,ES,Towers with Radar,55,131,66,1,253,0,0,42,7,49,55,131,108,8,302,36,20,56,358
12/02/2003,GSO,NC,ASO,ES,Towers with Radar,61,154,78,1,294,0,0,86,0,86,61,154,164,1,380,16,0,16,396
12/03/2003,GSO,NC,ASO,ES,Towers with Radar,70,175,91,0,336,0,0,85,0,85,70,175,176,0,421,20,8,28,449
12/04/2003,GSO,NC,ASO,ES,Towers with Radar,55,125,55,0,235,17,11,0,0,28,72,136,55,0,263,2,0,2,265
12/05/2003,GSO,NC,ASO,ES,Towers with Radar,62,124,64,0,250,4,0,18,0,22,66,124,82,0,272,0,0,0,272
12/06/2003,GSO,NC,ASO,ES,Towers with Radar,41,90,43,0,174,12,9,8,0,29,53,99,51,0,203,12,0,12,215
12/07/2003,GSO,NC,ASO,ES,Towers with Radar,47,101,48,0,196,4,9,49,0,62,51,110,97,0,258,24,0,24,282
12/08/2003,GSO,NC,ASO,ES,Towers with Radar,58,129,67,0,254,0,0,70,0,70,58,129,137,0,324,12,0,12,336
12/09/2003,GSO,NC,ASO,ES,Towers with Radar,69,165,83,1,318,0,0,104,0,104,69,165,187,1,422,42,0,42,464
12/10/2003,GSO,NC,ASO,ES,Towers with Radar,72,146,81,0,299,0,0,13,0,13,72,146,94,0,312,2,0,2,314
12/11/2003,GSO,NC,ASO,ES,Towers with Radar,78,156,80,1,315,6,0,60,2,68,84,156,140,3,383,10,0,10,393
12/12/2003,GSO,NC,ASO,ES,Towers with Radar,72,158,79,0,309,0,0,53,0,53,72,158,132,0,362,37,10,47,409
12/13/2003,GSO,NC,ASO,ES,Towers with Radar,45,97,46,0,188,7,14,48,0,69,52,111,94,0,257,7,0,7,264
12/14/2003,GSO,NC,ASO,ES,Towers with Radar,33,71,25,0,129,15,30,0,0,45,48,101,25,0,174,1,0,1,175
12/15/2003,GSO,NC,ASO,ES,Towers with Radar,58,138,69,0,265,0,0,45,0,45,58,138,114,0,310,5,0,5,315
12/16/2003,GSO,NC,ASO,ES,Towers with Radar,82,145,94,0,321,0,0,41,0,41,82,145,135,0,362,20,0,20,382
12/17/2003,GSO,NC,ASO,ES,Towers with Radar,74,155,76,1,306,2,0,19,1,22,76,155,95,2,328,4,0,4,332
12/18/2003,GSO,NC,ASO,ES,Towers with Radar,73,143,85,0,301,0,0,63,0,63,73,143,148,0,364,2,0,2,366
12/19/2003,GSO,NC,ASO,ES,Towers with Radar,68,148,71,1,288,0,0,39,1,40,68,148,110,2,328,10,0,10,338
12/20/2003,GSO,NC,ASO,ES,Towers with Radar,47,102,47,0,196,2,25,28,0,55,49,127,75,0,251,2,0,2,253
12/21/2003,GSO,NC,ASO,ES,Towers with Radar,46,105,48,0,199,0,35,33,1,69,46,140,81,1,268,16,0,16,284
12/22/2003,GSO,NC,ASO,ES,Towers with Radar,49,133,62,0,244,0,7,60,2,69,49,140,122,2,313,19,0,19,332
12/23/2003,GSO,NC,ASO,ES,Towers with Radar,69,139,70,0,278,5,0,59,0,64,74,139,129,0,342,21,0,21,363
12/24/2003,GSO,NC,ASO,ES,Towers with Radar,53,116,41,0,210,21,25,0,0,46,74,141,41,0,256,4,0,4,260
12/25/2003,GSO,NC,ASO,ES,Towers with Radar,31,70,29,0,130,6,36,0,0,42,37,106,29,0,172,8,0,8,180
12/26/2003,GSO,NC,ASO,ES,Towers with Radar,58,127,59,0,244,3,3,59,0,65,61,130,118,0,309,12,0,12,321
12/27/2003,GSO,NC,ASO,ES,Towers with Radar,48,115,55,0,218,0,0,55,0,55,48,115,110,0,273,23,0,23,296
12/28/2003,GSO,NC,ASO,ES,Towers with Radar,50,111,51,0,212,1,13,53,0,67,51,124,104,0,279,16,0,16,295
12/29/2003,GSO,NC,ASO,ES,Towers with Radar,55,121,56,0,232,1,18,35,0,54,56,139,91,0,286,19,0,19,305
12/30/2003,GSO,NC,ASO,ES,Towers with Radar,61,133,62,0,256,12,3,11,0,26,73,136,73,0,282,4,0,4,286
12/31/2003,GSO,NC,ASO,ES,Towers with Radar,54,119,55,0,228,2,13,36,0,51,56,132,91,0,279,9,0,9,288
01/01/2004,GSO,NC,ASO,ES,Towers with Radar,38,86,39,0,163,8,33,41,0,82,46,119,80,0,245,10,0,10,255
01/02/2004,GSO,NC,ASO,ES,Towers with Radar,52,122,55,0,229,0,18,35,0,53,52,140,90,0,282,4,2,6,288
01/03/2004,GSO,NC,ASO,ES,Towers with Radar,45,105,48,0,198,1,10,57,0,68,46,115,105,0,266,6,0,6,272
01/04/2004,GSO,NC,ASO,ES,Towers with Radar,50,112,51,0,213,13,1,15,0,29,63,113,66,0,242,60,0,60,302
01/05/2004,GSO,NC,ASO,ES,Towers with Radar,51,130,58,0,239,0,0,0,0,0,51,130,58,0,239,7,0,7,246
01/06/2004,GSO,NC,ASO,ES,Towers with Radar,64,149,72,2,287,0,0,44,1,45,64,149,116,3,332,9,8,17,349
01/07/2004,GSO,NC,ASO,ES,Towers with Radar,65,144,75,0,284,0,0,45,0,45,65,144,120,0,329,29,0,29,358
01/08/2004,GSO,NC,ASO,ES,Towers with Radar,66,141,73,0,280,0,0,54,0,54,66,141,127,0,334,19,0,19,353
01/09/2004,GSO,NC,ASO,ES,Towers with Radar,56,123,53,2,234,7,18,0,4,29,63,141,53,6,263,4,8,12,275
01/10/2004,GSO,NC,ASO,ES,Towers with Radar,41,92,42,2,177,14,0,22,0,36,55,92,64,2,213,9,0,9,222
01/11/2004,GSO,NC,ASO,ES,Towers with Radar,42,97,45,1,185,0,21,22,0,43,42,118,67,1,228,39,1,40,268
01/12/2004,GSO,NC,ASO,ES,Towers with Radar,55,134,63,2,254,0,0,50,3,53,55,134,113,5,307,7,2,9,316
01/13/2004,GSO,NC,ASO,ES,Towers with Radar,64,143,65,1,273,4,0,69,0,73,68,143,134,1,346,11,0,11,357
01/14/2004,GSO,NC,ASO,ES,Towers with Radar,59,154,74,2,289,0,0,72,2,74,59,154,146,4,363,8,10,18,381
01/15/2004,GSO,NC,ASO,ES,Towers with Radar,68,140,71,0,279,0,0,30,0,30,68,140,101,0,309,0,0,0,309
01/16/2004,GSO,NC,ASO,ES,Towers with Radar,64,152,74,2,292,0,0,71,1,72,64,152,145,3,364,12,0,12,376
01/17/2004,GSO,NC,ASO,ES,Towers with Radar,44,110,49,0,203,0,3,59,0,62,44,113,108,0,265,37,0,37,302
01/18/2004,GSO,NC,ASO,ES,Towers with Radar,41,92,41,0,174,7,24,6,0,37,48,116,47,0,211,20,0,20,231
01/19/2004,GSO,NC,ASO,ES,Towers with Radar,56,132,59,1,248,0,6,81,2,89,56,138,140,3,337,24,0,24,361
01/20/2004,GSO,NC,ASO,ES,Towers with Radar,64,151,68,1,284,0,0,44,0,44,64,151,112,1,328,14,0,14,342
01/21/2004,GSO,NC,ASO,ES,Towers with Radar,67,148,78,0,293,0,0,83,0,83,67,148,161,0,376,31,0,31,407
01/22/2004,GSO,NC,ASO,ES,Towers with Radar,73,130,73,1,277,9,0,55,1,65,82,130,128,2,342,31,0,31,373
01/23/2004,GSO,NC,ASO,ES,Towers with Radar,64,141,66,1,272,0,0,87,3,90,64,141,153,4,362,20,2,22,384
01/24/2004,GSO,NC,ASO,ES,Towers with Radar,47,107,48,0,202,4,2,35,0,41,51,109,83,0,243,21,0,21,264
01/25/2004,GSO,NC,ASO,ES,Towers with Radar,18,40,11,0,69,3,24,0,0,27,21,64,11,0,96,0,0,0,96
01/26/2004,GSO,NC,ASO,ES,Towers with Radar,23,53,23,0,99,17,25,4,0,46,40,78,27,0,145,4,0,4,149
01/27/2004,GSO,NC,ASO,ES,Towers with Radar,38,84,35,0,157,26,25,0,0,51,64,109,35,0,208,0,0,0,208
01/28/2004,GSO,NC,ASO,ES,Towers with Radar,68,148,71,1,288,0,0,33,1,34,68,148,104,2,322,8,4,12,334
01/29/2004,GSO,NC,ASO,ES,Towers with Radar,70,167,81,2,320,0,0,87,4,91,70,167,168,6,411,28,8,36,447
01/30/2004,GSO,NC,ASO,ES,Towers with Radar,73,148,75,1,297,0,0,68,4,72,73,148,143,5,369,26,8,34,403
01/31/2004,GSO,NC,ASO,ES,Towers with Radar,46,104,49,0,199,0,0,80,0,80,46,104,129,0,279,18,0,18,297
02/01/2004,GSO,NC,ASO,ES,Towers with Radar,40,103,51,1,195,6,24,64,0,94,46,127,115,1,289,22,0,22,311
02/02/2004,GSO,NC,ASO,ES,Towers with Radar,46,135,67,1,249,0,6,36,2,44,46,141,103,3,293,10,2,12,305
02/03/2004,GSO,NC,ASO,ES,Towers with Radar,56,136,71,1,264,13,0,8,3,24,69,136,79,4,288,20,0,20,308
02/04/2004,GSO,NC,ASO,ES,Towers with Radar,65,147,88,2,302,0,0,64,0,64,65,147,152,2,366,4,0,4,370
02/05/2004,GSO,NC,ASO,ES,Towers with Radar,56,141,77,0,274,0,0,60,0,60,56,141,137,0,334,31,0,31,365
02/06/2004,GSO,NC,ASO,ES,Towers with Radar,50,127,62,1,240,12,12,0,1,25,62,139,62,2,265,0,0,0,265
02/07/2004,GSO,NC,ASO,ES,Towers with Radar,39,99,49,0,187,16,6,17,0,39,55,105,66,0,226,13,0,13,239
02/08/2004,GSO,NC,ASO,ES,Towers with Radar,43,110,54,0,207,6,22,50,0,78,49,132,104,0,285,24,0,24,309
02/09/2004,GSO,NC,ASO,ES,Towers with Radar,46,145,78,1,270,0,0,44,0,44,46,145,122,1,314,28,0,28,342
02/10/2004,GSO,NC,ASO,ES,Towers with Radar,59,140,78,1,278,0,0,57,0,57,59,140,135,1,335,16,0,16,351
02/11/2004,GSO,NC,ASO,ES,Towers with Radar,68,137,87,0,292,0,0,77,0,77,68,137,164,0,369,33,0,33,402
02/12/2004,GSO,NC,ASO,ES,Towers with Radar,56,140,62,0,258,0,9,0,0,9,56,149,62,0,267,8,0,8,275
02/13/2004,GSO,NC,ASO,ES,Towers with Radar,64,158,86,0,308,0,0,59,0,59,64,158,145,0,367,41,0,41,408
02/14/2004,GSO,NC,ASO,ES,Towers with Radar,41,101,51,0,193,3,8,41,0,52,44,109,92,0,245,35,0,35,280
02/15/2004,GSO,NC,ASO,ES,Towers with Radar,38,93,41,0,172,6,34,0,0,40,44,127,41,0,212,6,0,6,218
02/16/2004,GSO,NC,ASO,ES,Towers with Radar,54,136,69,0,259,1,17,38,0,56,55,153,107,0,315,13,0,13,328
02/17/2004,GSO,NC,ASO,ES,Towers with Radar,55,137,69,0,261,9,12,9,0,30,64,149,78,0,291,12,0,12,303
02/18/2004,GSO,NC,ASO,ES,Towers with Radar,67,151,84,1,303,3,0,41,9,53,70,151,125,10,356,21,0,21,377
02/19/2004,GSO,NC,ASO,ES,Towers with Radar,59,145,86,1,291,0,0,88,0,88,59,145,174,1,379,10,0,10,389
02/20/2004,GSO,NC,ASO,ES,Towers with Radar,61,144,76,0,281,0,0,59,2,61,61,144,135,2,342,3,0,3,345
02/21/2004,GSO,NC,ASO,ES,Towers with Radar,36,92,47,0,175,0,23,18,2,43,36,115,65,2,218,11,0,11,229
02/22/2004,GSO,NC,ASO,ES,Towers with Radar,48,126,64,0,238,0,6,74,0,80,48,132,138,0,318,6,0,6,324
02/23/2004,GSO,NC,ASO,ES,Towers with Radar,50,139,74,0,263,0,0,56,0,56,50,139,130,0,319,10,0,10,329
02/24/2004,GSO,NC,ASO,ES,Towers with Radar,60,144,84,1,289,0,0,52,0,52,60,144,136,1,341,3,0,3,344
02/25/2004,GSO,NC,ASO,ES,Towers with Radar,58,148,82,0,288,0,0,59,0,59,58,148,141,0,347,16,0,16,363
02/26/2004,GSO,NC,ASO,ES,Towers with Radar,50,123,62,0,235,7,16,13,0,36,57,139,75,0,271,9,0,9,280
02/27/2004,GSO,NC,ASO,ES,Towers with Radar,46,122,57,0,225,0,22,0,0,22,46,144,57,0,247,1,0,1,248
02/28/2004,GSO,NC,ASO,ES,Towers with Radar,41,106,52,0,199,0,5,50,0,55,41,111,102,0,254,6,0,6,260
02/29/2004,GSO,NC,ASO,ES,Towers with Radar,49,121,60,0,230,0,9,58,0,67,49,130,118,0,297,48,0,48,345
03/01/2004,GSO,NC,ASO,ES,Towers with Radar,49,131,80,3,263,0,0,36,3,39,49,131,116,6,302,19,2,21,323
03/02/2004,GSO,NC,ASO,ES,Towers with Radar,64,156,96,0,316,8,0,7,0,15,72,156,103,0,331,11,0,11,342
03/03/2004,GSO,NC,ASO,ES,Towers with Radar,62,148,101,1,312,0,0,31,0,31,62,148,132,1,343,11,0,11,354
03/04/2004,GSO,NC,ASO,ES,Towers with Radar,66,143,97,2,308,7,0,75,0,82,73,143,172,2,390,7,0,7,397
03/05/2004,GSO,NC,ASO,ES,Towers with Radar,63,141,95,3,302,4,0,41,3,48,67,141,136,6,350,10,0,10,360
03/06/2004,GSO,NC,ASO,ES,Towers with Radar,35,83,41,0,159,11,28,0,0,39,46,111,41,0,198,9,0,9,207
03/07/2004,GSO,NC,ASO,ES,Towers with Radar,42,103,63,0,208,1,24,48,0,73,43,127,111,0,281,6,0,6,287
03/08/2004,GSO,NC,ASO,ES,Towers with Radar,50,124,76,3,253,4,27,37,3,71,54,151,113,6,324,49,2,51,375
03/09/2004,GSO,NC,ASO,ES,Towers with Radar,58,140,86,0,284,2,1,53,0,56,60,141,139,0,340,47,0,47,387
03/10/2004,GSO,NC,ASO,ES,Towers with Radar,61,149,92,3,305,4,0,35,3,42,65,149,127,6,347,9,10,19,366
03/11/2004,GSO,NC,ASO,ES,Towers with Radar,66,163,106,3,338,0,0,118,6,124,66,163,224,9,462,10,14,24,486
03/12/2004,GSO,NC,ASO,ES,Towers with Radar,61,160,98,3,322,0,7,88,0,95,61,167,186,3,417,2,2,4,421
03/13/2004,GSO,NC,ASO,ES,Towers with Radar,39,117,72,0,228,0,16,77,0,93,39,133,149,0,321,2,0,2,323
03/14/2004,GSO,NC,ASO,ES,Towers with Radar,47,136,83,1,267,0,21,99,0,120,47,157,182,1,387,60,0,60,447
03/15/2004,GSO,NC,ASO,ES,Towers with Radar,50,143,90,3,286,0,0,10,8,18,50,143,100,11,304,33,0,33,337
03/16/2004,GSO,NC,ASO,ES,Towers with Radar,41,83,56,0,180,0,0,0,0,0,41,83,56,0,180,10,0,10,190
03/17/2004,GSO,NC,ASO,ES,Towers with Radar,73,154,110,0,337,4,0,31,0,35,77,154,141,0,372,49,0,49,421
03/18/2004,GSO,NC,ASO,ES,Towers with Radar,59,137,101,3,300,0,0,24,0,24,59,137,125,3,324,5,0,5,329
03/19/2004,GSO,NC,ASO,ES,Towers with Radar,63,149,96,2,310,4,0,95,0,99,67,149,191,2,409,30,0,30,439
03/20/2004,GSO,NC,ASO,ES,Towers with Radar,47,114,72,0,233,7,0,105,0,112,54,114,177,0,345,54,0,54,399
03/21/2004,GSO,NC,ASO,ES,Towers with Radar,44,110,68,0,222,3,22,100,0,125,47,132,168,0,347,40,0,40,387
03/22/2004,GSO,NC,ASO,ES,Towers with Radar,54,131,79,0,264,9,7,44,0,60,63,138,123,0,324,15,0,15,339
03/23/2004,GSO,NC,ASO,ES,Towers with Radar,62,152,98,2,314,0,0,90,1,91,62,152,188,3,405,60,0,60,465
03/24/2004,GSO,NC,ASO,ES,Towers with Radar,61,149,99,2,311,0,0,45,2,47,61,149,144,4,358,13,4,17,375
03/25/2004,GSO,NC,ASO,ES,Towers with Radar,61,149,98,2,310,0,0,70,2,72,61,149,168,4,382,14,4,18,400
03/26/2004,GSO,NC,ASO,ES,Towers with Radar,63,148,93,2,306,3,0,84,6,93,66,148,177,8,399,18,4,22,421
03/27/2004,GSO,NC,ASO,ES,Towers with Radar,38,95,57,1,191,1,24,46,1,72,39,119,103,2,263,12,0,12,275
03/28/2004,GSO,NC,ASO,ES,Towers with Radar,47,120,72,1,240,0,18,31,1,50,47,138,103,2,290,14,2,16,306
03/29/2004,GSO,NC,ASO,ES,Towers with Radar,46,130,78,2,256,0,10,39,0,49,46,140,117,2,305,35,0,35,340
03/30/2004,GSO,NC,ASO,ES,Towers with Radar,66,152,96,0,314,0,0,0,0,0,66,152,96,0,314,18,0,18,332
03/31/2004,GSO,NC,ASO,ES,Towers with Radar,61,150,74,0,285,7,4,0,0,11,68,154,74,0,296,0,0,0,296
04/01/2004,GSO,NC,ASO,ES,Towers with Radar,60,146,89,3,298,11,0,8,4,23,71,146,97,7,321,23,10,33,354
04/02/2004,GSO,NC,ASO,ES,Towers with Radar,60,147,89,2,298,4,1,1,0,6,64,148,90,2,304,6,0,6,310
04/03/2004,GSO,NC,ASO,ES,Towers with Radar,40,98,60,0,198,1,22,21,0,44,41,120,81,0,242,51,10,61,303
04/04/2004,GSO,NC,ASO,ES,Towers with Radar,40,100,61,1,202,1,53,12,0,66,41,153,73,1,268,0,0,0,268
04/05/2004,GSO,NC,ASO,ES,Towers with Radar,53,142,87,0,282,0,14,42,0,56,53,156,129,0,338,54,0,54,392
04/06/2004,GSO,NC,ASO,ES,Towers with Radar,63,128,95,3,289,14,0,81,4,99,77,128,176,7,388,53,8,61,449
04/07/2004,GSO,NC,ASO,ES,Towers with Radar,60,160,104,1,325,0,0,77,0,77,60,160,181,1,402,16,0,16,418
04/08/2004,GSO,NC,ASO,ES,Towers with Radar,64,147,100,2,313,0,0,65,0,65,64,147,165,2,378,38,0,38,416
04/09/2004,GSO,NC,ASO,ES,Towers with Radar,56,140,85,0,281,2,15,36,0,53,58,155,121,0,334,6,0,6,340
04/10/2004,GSO,NC,ASO,ES,Towers with Radar,37,100,56,2,195,0,11,0,2,13,37,111,56,4,208,8,6,14,222
04/11/2004,GSO,NC,ASO,ES,Towers with Radar,40,99,57,1,197,2,22,0,0,24,42,121,57,1,221,6,0,6,227
04/12/2004,GSO,NC,ASO,ES,Towers with Radar,49,119,59,3,230,2,30,0,1,33,51,149,59,4,263,4,0,4,267
04/13/2004,GSO,NC,ASO,ES,Towers with Radar,50,123,62,3,238,13,18,0,3,34,63,141,62,6,272,22,0,22,294
04/14/2004,GSO,NC,ASO,ES,Towers with Radar,68,150,103,0,321,1,0,5,0,6,69,150,108,0,327,15,0,15,342
04/15/2004,GSO,NC,ASO,ES,Towers with Radar,68,161,103,4,336,3,0,55,2,60,71,161,158,6,396,15,6,21,417
04/16/2004,GSO,NC,ASO,ES,Towers with Radar,59,150,95,2,306,0,0,74,0,74,59,150,169,2,380,28,0,28,408
04/17/2004,GSO,NC,ASO,ES,Towers with Radar,43,118,71,2,234,0,7,36,1,44,43,125,107,3,278,27,0,27,305
04/18/2004,GSO,NC,ASO,ES,Towers with Radar,40,139,83,0,262,0,5,75,0,80,40,144,158,0,342,31,0,31,373
04/19/2004,GSO,NC,ASO,ES,Towers with Radar,50,147,88,2,287,0,22,75,6,103,50,169,163,8,390,37,14,51,441
04/20/2004,GSO,NC,ASO,ES,Towers with Radar,66,157,98,2,323,2,0,74,2,78,68,157,172,4,401,30,2,32,433
04/21/2004,GSO,NC,ASO,ES,Towers with Radar,70,175,105,3,353,7,0,88,3,98,77,175,193,6,451,2,8,10,461
04/22/2004,GSO,NC,ASO,ES,Towers with Radar,62,165,110,3,340,0,0,114,4,118,62,165,224,7,458,26,0,26,484
04/23/2004,GSO,NC,ASO,ES,Towers with Radar,72,137,107,3,319,15,0,96,0,111,87,137,203,3,430,30,0,30,460
04/24/2004,GSO,NC,ASO,ES,Towers with Radar,43,123,73,0,239,0,13,80,0,93,43,136,153,0,332,10,0,10,342
04/25/2004,GSO,NC,ASO,ES,Towers with Radar,54,134,80,2,270,0,8,47,1,56,54,142,127,3,326,16,4,20,346
04/26/2004,GSO,NC,ASO,ES,Towers with Radar,58,126,86,0,270,15,0,16,0,31,73,126,102,0,301,6,0,6,307
04/27/2004,GSO,NC,ASO,ES,Towers with Radar,63,147,101,2,313,0,0,108,0,108,63,147,209,2,421,14,0,14,435
04/28/2004,GSO,NC,ASO,ES,Towers with Radar,60,159,97,1,317,0,0,72,0,72,60,159,169,1,389,26,0,26,415
04/29/2004,GSO,NC,ASO,ES,Towers with Radar,64,152,101,1,318,0,0,73,0,73,64,152,174,1,391,66,0,66,457
04/30/2004,GSO,NC,ASO,ES,Towers with Radar,50,127,92,2,271,0,0,45,6,51,50,127,137,8,322,35,11,46,368
05/01/2004,GSO,NC,ASO,ES,Towers with Radar,37,101,33,2,173,0,26,0,0,26,37,127,33,2,199,0,0,0,199
05/02/2004,GSO,NC,ASO,ES,Towers with Radar,39,104,53,0,196,4,25,14,0,43,43,129,67,0,239,18,0,18,257
05/03/2004,GSO,NC,ASO,ES,Towers with Radar,52,140,72,0,264,0,8,19,0,27,52,148,91,0,291,0,0,0,291
05/04/2004,GSO,NC,ASO,ES,Towers with Radar,61,153,82,3,299,6,0,85,5,96,67,153,167,8,395,43,0,43,438
05/05/2004,GSO,NC,ASO,ES,Towers with Radar,62,148,85,0,295,0,0,45,0,45,62,148,130,0,340,14,0,14,354
05/06/2004,GSO,NC,ASO,ES,Towers with Radar,64,152,87,0,303,5,0,84,0,89,69,152,171,0,392,31,0,31,423
05/07/2004,GSO,NC,ASO,ES,Towers with Radar,64,158,91,3,316,0,0,72,3,75,64,158,163,6,391,18,0,18,409
05/08/2004,GSO,NC,ASO,ES,Towers with Radar,38,100,53,0,191,4,27,56,0,87,42,127,109,0,278,21,0,21,299
05/09/2004,GSO,NC,ASO,ES,Towers with Radar,42,115,60,0,217,0,12,28,0,40,42,127,88,0,257,44,0,44,301
05/10/2004,GSO,NC,ASO,ES,Towers with Radar,44,144,77,3,268,0,0,63,1,64,44,144,140,4,332,24,0,24,356
05/11/2004,GSO,NC,ASO,ES,Towers with Radar,54,145,76,0,275,7,8,42,0,57,61,153,118,0,332,13,0,13,345
05/12/2004,GSO,NC,ASO,ES,Towers with Radar,61,140,85,3,289,1,0,64,3,68,62,140,149,6,357,8,4,12,369
05/13/2004,GSO,NC,ASO,ES,Towers with Radar,75,148,100,3,326,1,0,34,3,38,76,148,134,6,364,21,20,41,405
05/14/2004,GSO,NC,ASO,ES,Towers with Radar,59,150,88,2,299,0,0,52,0,52,59,150,140,2,351,11,0,11,362
05/15/2004,GSO,NC,ASO,ES,Towers with Radar,45,113,60,1,219,2,15,32,0,49,47,128,92,1,268,22,0,22,290
05/16/2004,GSO,NC,ASO,ES,Towers with Radar,48,122,64,0,234,0,16,31,0,47,48,138,95,0,281,32,0,32,313
05/17/2004,GSO,NC,ASO,ES,Towers with Radar,50,144,76,2,272,0,7,41,6,54,50,151,117,8,326,17,0,17,343
05/18/2004,GSO,NC,ASO,ES,Towers with Radar,62,143,88,0,293,0,0,50,0,50,62,143,138,0,343,30,0,30,373
05/19/2004,GSO,NC,ASO,ES,Towers with Radar,60,151,82,2,295,2,0,41,0,43,62,151,123,2,338,35,0,35,373
05/20/2004,GSO,NC,ASO,ES,Towers with Radar,56,153,93,2,304,0,0,86,0,86,56,153,179,2,390,32,0,32,422
05/21/2004,GSO,NC,ASO,ES,Towers with Radar,60,147,82,2,291,1,0,52,7,60,61,147,134,9,351,55,0,55,406
05/22/2004,GSO,NC,ASO,ES,Towers with Radar,41,104,55,0,200,8,22,54,0,84,49,126,109,0,284,29,1,30,314
05/23/2004,GSO,NC,ASO,ES,Towers with Radar,43,111,57,0,211,1,9,23,0,33,44,120,80,0,244,9,0,9,253
05/24/2004,GSO,NC,ASO,ES,Towers with Radar,53,144,79,2,278,0,0,37,2,39,53,144,116,4,317,19,2,21,338
05/25/2004,GSO,NC,ASO,ES,Towers with Radar,58,150,80,0,288,0,0,44,0,44,58,150,124,0,332,25,0,25,357
05/26/2004,GSO,NC,ASO,ES,Towers with Radar,59,152,79,2,292,1,2,43,0,46,60,154,122,2,338,15,0,15,353
05/27/2004,GSO,NC,ASO,ES,Towers with Radar,60,139,80,2,281,5,0,47,5,57,65,139,127,7,338,44,0,44,382
05/28/2004,GSO,NC,ASO,ES,Towers with Radar,58,151,83,2,294,0,0,10,9,19,58,151,93,11,313,14,0,14,327
05/29/2004,GSO,NC,ASO,ES,Towers with Radar,40,102,53,0,195,5,17,16,0,38,45,119,69,0,233,12,0,12,245
05/30/2004,GSO,NC,ASO,ES,Towers with Radar,34,86,29,1,150,10,22,0,1,33,44,108,29,2,183,1,0,1,184
05/31/2004,GSO,NC,ASO,ES,Towers with Radar,37,95,49,0,181,0,26,2,0,28,37,121,51,0,209,37,0,37,246
06/01/2004,GSO,NC,ASO,ES,Towers with Radar,50,147,83,4,284,0,4,39,1,44,50,151,122,5,328,7,0,7,335
06/02/2004,GSO,NC,ASO,ES,Towers with Radar,60,145,85,1,291,7,0,50,0,57,67,145,135,1,348,41,0,41,389
06/03/2004,GSO,NC,ASO,ES,Towers with Radar,64,162,91,2,319,9,0,47,0,56,73,162,138,2,375,15,0,15,390
06/04/2004,GSO,NC,ASO,ES,Towers with Radar,56,144,70,0,270,14,7,0,0,21,70,151,70,0,291,1,0,1,292
06/05/2004,GSO,NC,ASO,ES,Towers with Radar,41,104,58,0,203,7,22,42,0,71,48,126,100,0,274,4,0,4,278
06/06/2004,GSO,NC,ASO,ES,Towers with Radar,40,127,72,0,239,0,20,8,0,28,40,147,80,0,267,22,0,22,289
06/07/2004,GSO,NC,ASO,ES,Towers with Radar,48,140,80,3,271,0,5,19,9,33,48,145,99,12,304,29,6,35,339
06/08/2004,GSO,NC,ASO,ES,Towers with Radar,63,144,88,2,297,11,0,5,0,16,74,144,93,2,313,15,0,15,328
06/09/2004,GSO,NC,ASO,ES,Towers with Radar,67,154,94,4,319,7,0,56,4,67,74,154,150,8,386,32,10,42,428
06/10/2004,GSO,NC,ASO,ES,Towers with Radar,63,151,90,2,306,10,0,26,0,36,73,151,116,2,342,21,0,21,363
06/11/2004,GSO,NC,ASO,ES,Towers with Radar,61,152,87,0,300,6,1,43,0,50,67,153,130,0,350,33,2,35,385
06/12/2004,GSO,NC,ASO,ES,Towers with Radar,45,113,58,0,216,0,6,0,0,6,45,119,58,0,222,0,0,0,222
06/13/2004,GSO,NC,ASO,ES,Towers with Radar,42,130,75,0,247,0,10,11,0,21,42,140,86,0,268,12,0,12,280
06/14/2004,GSO,NC,ASO,ES,Towers with Radar,45,141,81,2,269,0,5,18,13,36,45,146,99,15,305,23,0,23,328
06/15/2004,GSO,NC,ASO,ES,Towers with Radar,62,149,95,2,308,0,0,29,0,29,62,149,124,2,337,24,0,24,361
06/16/2004,GSO,NC,ASO,ES,Towers with Radar,64,151,102,1,318,0,0,45,0,45,64,151,147,1,363,18,0,18,381
06/17/2004,GSO,NC,ASO,ES,Towers with Radar,67,147,101,3,318,0,0,30,3,33,67,147,131,6,351,33,0,33,384
06/18/2004,GSO,NC,ASO,ES,Towers with Radar,64,158,92,3,317,0,0,40,7,47,64,158,132,10,364,20,12,32,396
06/19/2004,GSO,NC,ASO,ES,Towers with Radar,42,103,59,0,204,3,21,41,0,65,45,124,100,0,269,19,0,19,288
06/20/2004,GSO,NC,ASO,ES,Towers with Radar,41,114,65,2,222,0,28,47,0,75,41,142,112,2,297,24,0,24,321
06/21/2004,GSO,NC,ASO,ES,Towers with Radar,45,141,81,2,269,0,3,21,11,35,45,144,102,13,304,1,0,1,305
06/22/2004,GSO,NC,ASO,ES,Towers with Radar,59,146,83,0,288,12,0,40,0,52,71,146,123,0,340,18,0,18,358
06/23/2004,GSO,NC,ASO,ES,Towers with Radar,59,149,84,2,294,8,4,4,0,16,67,153,88,2,310,7,0,7,317
06/24/2004,GSO,NC,ASO,ES,Towers with Radar,71,153,98,0,322,6,0,54,0,60,77,153,152,0,382,57,0,57,439
06/25/2004,GSO,NC,ASO,ES,Towers with Radar,60,151,85,3,299,14,0,26,4,44,74,151,111,7,343,15,0,15,358
06/26/2004,GSO,NC,ASO,ES,Towers with Radar,40,99,55,0,194,14,15,27,0,56,54,114,82,0,250,4,0,4,254
06/27/2004,GSO,NC,ASO,ES,Towers with Radar,39,110,62,0,211,0,27,21,0,48,39,137,83,0,259,6,0,6,265
06/28/2004,GSO,NC,ASO,ES,Towers with Radar,47,152,90,3,292,0,0,12,2,14,47,152,102,5,306,16,4,20,326
06/29/2004,GSO,NC,ASO,ES,Towers with Radar,59,145,87,3,294,0,0,94,1,95,59,145,181,4,389,21,0,21,410
06/30/2004,GSO,NC,ASO,ES,Towers with Radar,60,154,101,1,316,0,0,70,0,70,60,154,171,1,386,35,2,37,423
07/01/2004,GSO,NC,ASO,ES,Towers with Radar,69,137,90,2,298,0,0,32,0,32,69,137,122,2,330,29,4,33,363
07/02/2004,GSO,NC,ASO,ES,Towers with Radar,64,145,78,0,287,3,2,8,0,13,67,147,86,0,300,37,0,37,337
07/03/2004,GSO,NC,ASO,ES,Towers with Radar,40,91,31,0,162,8,18,0,0,26,48,109,31,0,188,17,0,17,205
07/04/2004,GSO,NC,ASO,ES,Towers with Radar,34,78,30,0,142,12,25,0,0,37,46,103,30,0,179,4,0,4,183
07/05/2004,GSO,NC,ASO,ES,Towers with Radar,47,107,57,2,213,15,21,24,1,61,62,128,81,3,274,13,0,13,287
07/06/2004,GSO,NC,ASO,ES,Towers with Radar,58,137,73,2,270,0,2,66,0,68,58,139,139,2,338,58,0,58,396
07/07/2004,GSO,NC,ASO,ES,Towers with Radar,61,143,76,3,283,6,11,39,7,63,67,154,115,10,346,14,6,20,366
07/08/2004,GSO,NC,ASO,ES,Towers with Radar,69,147,91,3,310,0,0,65,5,70,69,147,156,8,380,29,6,35,415
07/09/2004,GSO,NC,ASO,ES,Towers with Radar,62,143,77,3,285,1,0,73,3,77,63,143,150,6,362,17,10,27,389
07/10/2004,GSO,NC,ASO,ES,Towers with Radar,44,100,53,2,199,3,15,36,0,54,47,115,89,2,253,14,4,18,271
07/11/2004,GSO,NC,ASO,ES,Towers with Radar,46,121,65,1,233,0,11,52,0,63,46,132,117,1,296,29,0,29,325
07/12/2004,GSO,NC,ASO,ES,Towers with Radar,57,142,76,3,278,0,26,25,1,52,57,168,101,4,330,38,0,38,368
07/13/2004,GSO,NC,ASO,ES,Towers with Radar,59,152,82,0,293,0,0,57,0,57,59,152,139,0,350,16,0,16,366
07/14/2004,GSO,NC,ASO,ES,Towers with Radar,63,129,78,2,272,10,0,47,0,57,73,129,125,2,329,21,0,21,350
07/15/2004,GSO,NC,ASO,ES,Towers with Radar,69,158,84,0,311,1,4,100,0,105,70,162,184,0,416,43,0,43,459
07/16/2004,GSO,NC,ASO,ES,Towers with Radar,68,152,84,2,306,2,0,49,1,52,70,152,133,3,358,49,0,49,407
07/17/2004,GSO,NC,ASO,ES,Towers with Radar,45,106,55,1,207,10,10,36,0,56,55,116,91,1,263,37,0,37,300
07/18/2004,GSO,NC,ASO,ES,Towers with Radar,53,121,63,0,237,1,17,12,0,30,54,138,75,0,267,11,0,11,278
07/19/2004,GSO,NC,ASO,ES,Towers with Radar,58,150,78,2,288,0,11,47,3,61,58,161,125,5,349,2,0,2,351
07/20/2004,GSO,NC,ASO,ES,Towers with Radar,71,157,86,2,316,3,0,54,3,60,74,157,140,5,376,14,8,22,398
07/21/2004,GSO,NC,ASO,ES,Towers with Radar,67,154,83,1,305,0,0,76,0,76,67,154,159,1,381,17,0,17,398
07/22/2004,GSO,NC,ASO,ES,Towers with Radar,70,146,101,0,317,0,0,74,0,74,70,146,175,0,391,73,0,73,464
07/23/2004,GSO,NC,ASO,ES,Towers with Radar,67,156,82,0,305,1,2,42,0,45,68,158,124,0,350,32,0,32,382
07/24/2004,GSO,NC,ASO,ES,Towers with Radar,47,110,57,0,214,9,2,19,0,30,56,112,76,0,244,0,0,0,244
07/25/2004,GSO,NC,ASO,ES,Towers with Radar,56,129,60,0,245,8,1,0,0,9,64,130,60,0,254,8,0,8,262
07/26/2004,GSO,NC,ASO,ES,Towers with Radar,54,153,80,2,289,0,6,2,1,9,54,159,82,3,298,20,0,20,318
07/27/2004,GSO,NC,ASO,ES,Towers with Radar,64,145,78,0,287,1,0,19,0,20,65,145,97,0,307,10,0,10,317
07/28/2004,GSO,NC,ASO,ES,Towers with Radar,64,155,90,0,309,0,0,26,0,26,64,155,116,0,335,4,0,4,339
07/29/2004,GSO,NC,ASO,ES,Towers with Radar,69,169,101,2,341,0,0,7,9,16,69,169,108,11,357,18,12,30,387
07/30/2004,GSO,NC,ASO,ES,Towers with Radar,63,157,83,2,305,0,5,35,1,41,63,162,118,3,346,22,0,22,368
07/31/2004,GSO,NC,ASO,ES,Towers with Radar,50,111,61,0,222,0,0,0,0,0,50,111,61,0,222,8,0,8,230
08/01/2004,GSO,NC,ASO,ES,Towers with Radar,48,156,67,0,271,0,1,0,0,1,48,157,67,0,272,9,0,9,281
08/02/2004,GSO,NC,ASO,ES,Towers with Radar,48,151,67,0,266,0,8,2,0,10,48,159,69,0,276,48,0,48,324
08/03/2004,GSO,NC,ASO,ES,Towers with Radar,68,167,87,1,323,4,0,51,0,55,72,167,138,1,378,19,0,19,397
08/04/2004,GSO,NC,ASO,ES,Towers with Radar,64,162,82,2,310,11,0,34,0,45,75,162,116,2,355,42,0,42,397
08/05/2004,GSO,NC,ASO,ES,Towers with Radar,65,179,85,2,331,0,0,29,0,29,65,179,114,2,360,21,0,21,381
08/06/2004,GSO,NC,ASO,ES,Towers with Radar,59,167,75,2,303,5,1,56,0,62,64,168,131,2,365,2,0,2,367
08/07/2004,GSO,NC,ASO,ES,Towers with Radar,37,104,47,2,190,7,30,47,0,84,44,134,94,2,274,16,0,16,290
08/08/2004,GSO,NC,ASO,ES,Towers with Radar,44,126,57,0,227,7,39,49,0,95,51,165,106,0,322,6,0,6,328
08/09/2004,GSO,NC,ASO,ES,Towers with Radar,48,165,76,2,291,0,0,74,3,77,48,165,150,5,368,24,6,30,398
08/10/2004,GSO,NC,ASO,ES,Towers with Radar,59,166,76,2,303,4,3,62,0,69,63,169,138,2,372,14,0,14,386
08/11/2004,GSO,NC,ASO,ES,Towers with Radar,65,146,84,2,297,0,0,44,0,44,65,146,128,2,341,49,0,49,390
08/12/2004,GSO,NC,ASO,ES,Towers with Radar,65,181,76,2,324,5,2,0,0,7,70,183,76,2,331,4,0,4,335
08/13/2004,GSO,NC,ASO,ES,Towers with Radar,64,177,81,0,322,0,7,14,0,21,64,184,95,0,343,18,0,18,361
08/14/2004,GSO,NC,ASO,ES,Towers with Radar,31,86,15,1,133,16,48,0,1,65,47,134,15,2,198,0,0,0,198
08/15/2004,GSO,NC,ASO,ES,Towers with Radar,44,153,64,1,262,0,16,0,0,16,44,169,64,1,278,30,0,30,308
08/16/2004,GSO,NC,ASO,ES,Towers with Radar,54,171,78,1,304,0,0,45,0,45,54,171,123,1,349,39,0,39,388
08/17/2004,GSO,NC,ASO,ES,Towers with Radar,62,178,84,2,326,0,0,38,1,39,62,178,122,3,365,21,0,21,386
08/18/2004,GSO,NC,ASO,ES,Towers with Radar,70,189,89,2,350,1,0,21,1,23,71,189,110,3,373,24,4,28,401
08/19/2004,GSO,NC,ASO,ES,Towers with Radar,67,172,90,0,329,0,0,93,0,93,67,172,183,0,422,17,0,17,439
08/20/2004,GSO,NC,ASO,ES,Towers with Radar,66,162,88,1,317,0,0,70,1,71,66,162,158,2,388,37,0,37,425
08/21/2004,GSO,NC,ASO,ES,Towers with Radar,40,113,40,0,193,22,27,0,0,49,62,140,40,0,242,28,0,28,270
08/22/2004,GSO,NC,ASO,ES,Towers with Radar,50,142,64,1,257,0,21,35,4,60,50,163,99,5,317,38,8,46,363
08/23/2004,GSO,NC,ASO,ES,Towers with Radar,50,160,72,1,283,0,18,42,2,62,50,178,114,3,345,32,0,32,377
08/24/2004,GSO,NC,ASO,ES,Towers with Radar,64,167,86,1,318,0,0,55,4,59,64,167,141,5,377,13,0,13,390
08/25/2004,GSO,NC,ASO,ES,Towers with Radar,57,184,89,2,332,0,0,71,1,72,57,184,160,3,404,33,0,33,437
08/26/2004,GSO,NC,ASO,ES,Towers with Radar,72,172,91,0,335,0,0,44,0,44,72,172,135,0,379,4,0,4,383
08/27/2004,GSO,NC,ASO,ES,Towers with Radar,61,167,84,1,313,0,0,89,0,89,61,167,173,1,402,53,2,55,457
08/28/2004,GSO,NC,ASO,ES,Towers with Radar,42,121,54,0,217,1,13,38,0,52,43,134,92,0,269,29,0,29,298
08/29/2004,GSO,NC,ASO,ES,Towers with Radar,48,135,60,1,244,11,19,2,1,33,59,154,62,2,277,8,0,8,285
08/30/2004,GSO,NC,ASO,ES,Towers with Radar,49,150,67,1,267,0,12,15,5,32,49,162,82,6,299,6,0,6,305
08/31/2004,GSO,NC,ASO,ES,Towers with Radar,65,177,82,1,325,0,0,67,0,67,65,177,149,1,392,26,0,26,418
09/01/2004,GSO,NC,ASO,ES,Towers with Radar,64,173,99,4,340,0,0,20,11,31,64,173,119,15,371,31,20,51,422
09/02/2004,GSO,NC,ASO,ES,Towers with Radar,66,175,90,4,335,4,0,89,0,93,70,175,179,4,428,16,0,16,444
09/03/2004,GSO,NC,ASO,ES,Towers with Radar,65,170,91,0,326,0,0,50,0,50,65,170,141,0,376,23,0,23,399
09/04/2004,GSO,NC,ASO,ES,Towers with Radar,34,107,47,0,188,16,22,1,0,39,50,129,48,0,227,0,0,0,227
09/05/2004,GSO,NC,ASO,ES,Towers with Radar,29,90,39,0,158,24,20,7,0,51,53,110,46,0,209,29,0,29,238
09/06/2004,GSO,NC,ASO,ES,Towers with Radar,39,120,42,0,201,5,35,0,0,40,44,155,42,0,241,0,0,0,241
09/07/2004,GSO,NC,ASO,ES,Towers with Radar,45,141,51,0,237,5,30,0,0,35,50,171,51,0,272,0,0,0,272
09/08/2004,GSO,NC,ASO,ES,Towers with Radar,53,163,64,0,280,6,22,0,0,28,59,185,64,0,308,16,0,16,324
09/09/2004,GSO,NC,ASO,ES,Towers with Radar,64,180,86,1,331,0,0,48,0,48,64,180,134,1,379,26,0,26,405
09/10/2004,GSO,NC,ASO,ES,Towers with Radar,62,172,86,2,322,0,0,98,0,98,62,172,184,2,420,26,4,30,450
09/11/2004,GSO,NC,ASO,ES,Towers with Radar,41,125,55,0,221,0,18,46,0,64,41,143,101,0,285,25,0,25,310
09/12/2004,GSO,NC,ASO,ES,Towers with Radar,43,153,68,0,264,0,0,47,0,47,43,153,115,0,311,28,0,28,339
09/13/2004,GSO,NC,ASO,ES,Towers with Radar,45,176,84,3,308,0,0,63,6,69,45,176,147,9,377,28,0,28,405
09/14/2004,GSO,NC,ASO,ES,Towers with Radar,64,181,91,3,339,0,0,31,0,31,64,181,122,3,370,11,4,15,385
09/15/2004,GSO,NC,ASO,ES,Towers with Radar,60,183,95,3,341,0,0,31,13,44,60,183,126,16,385,24,46,70,455
09/16/2004,GSO,NC,ASO,ES,Towers with Radar,60,184,82,2,328,0,15,6,1,22,60,199,88,3,350,15,0,15,365
09/17/2004,GSO,NC,ASO,ES,Towers with Radar,43,132,36,0,211,11,37,0,0,48,54,169,36,0,259,1,0,1,260
09/18/2004,GSO,NC,ASO,ES,Towers with Radar,35,105,32,0,172,10,42,0,0,52,45,147,32,0,224,6,0,6,230
09/19/2004,GSO,NC,ASO,ES,Towers with Radar,46,139,62,1,248,6,34,45,0,85,52,173,107,1,333,12,0,12,345
09/20/2004,GSO,NC,ASO,ES,Towers with Radar,49,163,72,2,286,0,13,50,4,67,49,176,122,6,353,23,10,33,386
09/21/2004,GSO,NC,ASO,ES,Towers with Radar,61,183,82,2,328,0,7,53,9,69,61,190,135,11,397,4,22,26,423
09/22/2004,GSO,NC,ASO,ES,Towers with Radar,62,176,85,2,325,0,0,106,0,106,62,176,191,2,431,66,0,66,497
09/23/2004,GSO,NC,ASO,ES,Towers with Radar,60,192,99,3,354,0,0,96,1,97,60,192,195,4,451,17,0,17,468
09/24/2004,GSO,NC,ASO,ES,Towers with Radar,64,185,92,0,341,0,0,64,0,64,64,185,156,0,405,48,0,48,453
09/25/2004,GSO,NC,ASO,ES,Towers with Radar,43,133,61,0,237,0,0,57,0,57,43,133,118,0,294,9,0,9,303
09/26/2004,GSO,NC,ASO,ES,Towers with Radar,45,160,72,0,277,0,0,31,0,31,45,160,103,0,308,9,0,9,317
09/27/2004,GSO,NC,ASO,ES,Towers with Radar,37,145,48,0,230,0,31,0,0,31,37,176,48,0,261,4,0,4,265
09/28/2004,GSO,NC,ASO,ES,Towers with Radar,46,140,54,2,242,24,40,0,0,64,70,180,54,2,306,12,0,12,318
09/29/2004,GSO,NC,ASO,ES,Towers with Radar,62,190,93,2,347,0,0,78,0,78,62,190,171,2,425,12,0,12,437
09/30/2004,GSO,NC,ASO,ES,Towers with Radar,67,190,96,3,356,0,0,64,2,66,67,190,160,5,422,20,4,24,446
10/01/2004,GSO,NC,ASO,ES,Towers with Radar,61,176,109,2,348,0,0,0,0,0,61,176,109,2,348,20,0,20,368
10/02/2004,GSO,NC,ASO,ES,Towers with Radar,40,137,32,0,209,0,0,4,0,4,40,137,36,0,213,14,0,14,227
10/03/2004,GSO,NC,ASO,ES,Towers with Radar,57,172,66,3,298,0,0,26,0,26,57,172,92,3,324,18,0,18,342
10/04/2004,GSO,NC,ASO,ES,Towers with Radar,55,180,86,0,321,0,0,60,0,60,55,180,146,0,381,39,0,39,420
10/05/2004,GSO,NC,ASO,ES,Towers with Radar,40,137,32,0,209,0,0,4,0,4,40,137,36,0,213,14,0,14,227
10/06/2004,GSO,NC,ASO,ES,Towers with Radar,66,190,112,0,368,0,0,77,0,77,66,190,189,0,445,13,0,13,458
10/07/2004,GSO,NC,ASO,ES,Towers with Radar,76,189,114,3,382,1,1,58,0,60,77,190,172,3,442,25,12,37,479
10/08/2004,GSO,NC,ASO,ES,Towers with Radar,63,174,84,10,331,0,0,66,0,66,63,174,150,10,397,50,0,50,447
10/09/2004,GSO,NC,ASO,ES,Towers with Radar,43,135,46,0,224,0,0,60,0,60,43,135,106,0,284,6,0,6,290
10/10/2004,GSO,NC,ASO,ES,Towers with Radar,52,176,59,0,287,0,0,46,0,46,52,176,105,0,333,26,0,26,359
10/11/2004,GSO,NC,ASO,ES,Towers with Radar,65,203,92,1,361,0,0,47,0,47,65,203,139,1,408,19,0,19,427
10/12/2004,GSO,NC,ASO,ES,Towers with Radar,80,206,98,0,384,0,0,47,0,47,80,206,145,0,431,25,2,27,458
10/13/2004,GSO,NC,ASO,ES,Towers with Radar,77,213,118,0,408,0,0,4,0,4,77,213,122,0,412,18,0,18,430
10/14/2004,GSO,NC,ASO,ES,Towers with Radar,82,220,125,0,427,0,2,52,0,54,82,222,177,0,481,48,1,49,530
10/15/2004,GSO,NC,ASO,ES,Towers with Radar,89,197,124,2,412,0,0,13,2,15,89,197,137,4,427,16,2,18,445
10/16/2004,GSO,NC,ASO,ES,Towers with Radar,44,156,64,0,264,0,0,26,0,26,44,156,90,0,290,1,0,1,291
10/17/2004,GSO,NC,ASO,ES,Towers with Radar,67,220,109,0,396,0,0,60,0,60,67,220,169,0,456,33,0,33,489
10/18/2004,GSO,NC,ASO,ES,Towers with Radar,74,194,123,1,392,0,0,39,2,41,74,194,162,3,433,50,0,50,483
10/19/2004,GSO,NC,ASO,ES,Towers with Radar,85,187,123,2,397,0,0,0,0,0,85,187,123,2,397,16,0,16,413
10/20/2004,GSO,NC,ASO,ES,Towers with Radar,82,203,117,2,404,0,0,0,0,0,82,203,117,2,404,9,0,9,413
10/21/2004,GSO,NC,ASO,ES,Towers with Radar,79,194,103,2,378,0,0,3,0,3,79,194,106,2,381,0,0,0,381
10/22/2004,GSO,NC,ASO,ES,Towers with Radar,69,182,117,0,368,0,0,10,0,10,69,182,127,0,378,25,0,25,403
10/23/2004,GSO,NC,ASO,ES,Towers with Radar,54,149,72,0,275,0,0,28,0,28,54,149,100,0,303,167,0,167,470
10/24/2004,GSO,NC,ASO,ES,Towers with Radar,52,162,97,0,311,0,0,5,0,5,52,162,102,0,316,28,0,28,344
10/25/2004,GSO,NC,ASO,ES,Towers with Radar,56,183,115,1,355,0,0,35,0,35,56,183,150,1,390,31,0,31,421
10/26/2004,GSO,NC,ASO,ES,Towers with Radar,69,187,115,5,376,0,0,55,0,55,69,187,170,5,431,51,0,51,482
10/27/2004,GSO,NC,ASO,ES,Towers with Radar,67,184,118,0,369,0,0,0,0,0,67,184,118,0,369,45,0,45,414
10/28/2004,GSO,NC,ASO,ES,Towers with Radar,68,180,99,0,347,0,0,0,0,0,68,180,99,0,347,0,0,0,347
10/29/2004,GSO,NC,ASO,ES,Towers with Radar,72,185,102,1,360,0,0,0,0,0,72,185,102,1,360,50,0,50,410
10/30/2004,GSO,NC,ASO,ES,Towers with Radar,38,143,36,0,217,0,0,8,0,8,38,143,44,0,225,59,0,59,284
10/31/2004,GSO,NC,ASO,ES,Towers with Radar,47,162,61,0,270,0,0,54,0,54,47,162,115,0,324,39,0,39,363
11/01/2004,GSO,NC,ASO,ES,Combined TRACON& Tower with Radar,55,201,91,0,347,0,1,75,0,76,55,202,166,0,423,50,0,50,473
11/02/2004,GSO,NC,ASO,ES,Combined TRACON& Tower with Radar,65,170,79,2,316,0,0,19,0,19,65,170,98,2,335,63,0,63,398
11/03/2004,GSO,NC,ASO,ES,Combined TRACON& Tower with Radar,60,186,105,0,351,0,0,28,0,28,60,186,133,0,379,44,0,44,423
11/04/2004,GSO,NC,ASO,ES,Combined TRACON& Tower with Radar,67,190,71,0,328,0,0,1,0,1,67,190,72,0,329,0,0,0,329
11/05/2004,GSO,NC,ASO,ES,Combined TRACON& Tower with Radar,78,196,66,0,340,0,0,57,0,57,78,196,123,0,397,59,0,59,456
11/06/2004,GSO,NC,ASO,ES,Combined TRACON& Tower with Radar,36,143,32,0,211,0,0,64,0,64,36,143,96,0,275,36,0,36,311
11/07/2004,GSO,NC,ASO,ES,Combined TRACON& Tower with Radar,47,146,45,0,238,0,0,60,0,60,47,146,105,0,298,52,0,52,350
11/08/2004,GSO,NC,ASO,ES,Combined TRACON& Tower with Radar,57,183,70,1,311,0,0,53,0,53,57,183,123,1,364,53,0,53,417
11/09/2004,GSO,NC,ASO,ES,Combined TRACON& Tower with Radar,60,167,93,2,322,0,0,62,0,62,60,167,155,2,384,29,1,30,414
11/10/2004,GSO,NC,ASO,ES,Combined TRACON& Tower with Radar,66,185,88,0,339,0,0,62,0,62,66,185,150,0,401,40,0,40,441
11/11/2004,GSO,NC,ASO,ES,Combined TRACON& Tower with Radar,72,184,96,0,352,0,0,37,0,37,72,184,133,0,389,46,0,46,435
11/12/2004,GSO,NC,ASO,ES,Combined TRACON& Tower with Radar,61,177,74,1,313,0,0,0,0,0,61,177,74,1,313,0,0,0,313
11/13/2004,GSO,NC,ASO,ES,Combined TRACON& Tower with Radar,44,155,36,0,235,0,0,33,0,33,44,155,69,0,268,16,0,16,284
11/14/2004,GSO,NC,ASO,ES,Combined TRACON& Tower with Radar,50,149,47,0,246,0,0,68,0,68,50,149,115,0,314,56,1,57,371
11/15/2004,GSO,NC,ASO,ES,Combined TRACON& Tower with Radar,52,176,62,0,290,0,0,54,0,54,52,176,116,0,344,45,0,45,389
11/16/2004,GSO,NC,ASO,ES,Combined TRACON& Tower with Radar,63,204,94,0,361,0,1,60,0,61,63,205,154,0,422,64,0,64,486
11/17/2004,GSO,NC,ASO,ES,Combined TRACON& Tower with Radar,59,184,98,2,343,0,0,78,1,79,59,184,176,3,422,70,0,70,492
11/18/2004,GSO,NC,ASO,ES,Combined TRACON& Tower with Radar,62,175,107,0,344,0,0,54,0,54,62,175,161,0,398,35,0,35,433
11/19/2004,GSO,NC,ASO,ES,Combined TRACON& Tower with Radar,61,191,80,1,333,0,0,42,1,43,61,191,122,2,376,57,2,59,435
11/20/2004,GSO,NC,ASO,ES,Combined TRACON& Tower with Radar,46,158,44,2,250,0,0,8,0,8,46,158,52,2,258,34,0,34,292
11/21/2004,GSO,NC,ASO,ES,Combined TRACON& Tower with Radar,46,154,53,5,258,0,0,40,0,40,46,154,93,5,298,84,0,84,382
11/22/2004,GSO,NC,ASO,ES,Combined TRACON& Tower with Radar,48,182,63,0,293,0,0,6,0,6,48,182,69,0,299,77,0,77,376
11/23/2004,GSO,NC,ASO,ES,Combined TRACON& Tower with Radar,71,177,73,0,321,0,0,0,0,0,71,177,73,0,321,4,0,4,325
11/24/2004,GSO,NC,ASO,ES,Combined TRACON& Tower with Radar,71,182,68,1,322,0,0,0,0,0,71,182,68,1,322,20,0,20,342
11/25/2004,GSO,NC,ASO,ES,Combined TRACON& Tower with Radar,38,148,32,0,218,0,0,5,0,5,38,148,37,0,223,12,0,12,235
11/26/2004,GSO,NC,ASO,ES,Combined TRACON& Tower with Radar,59,129,34,0,222,0,0,65,0,65,59,129,99,0,287,12,0,12,299
11/27/2004,GSO,NC,ASO,ES,Combined TRACON& Tower with Radar,41,154,25,0,220,0,0,29,0,29,41,154,54,0,249,12,0,12,261
11/28/2004,GSO,NC,ASO,ES,Combined TRACON& Tower with Radar,56,167,69,0,292,0,1,36,0,37,56,168,105,0,329,28,0,28,357
11/29/2004,GSO,NC,ASO,ES,Combined TRACON& Tower with Radar,51,172,75,4,302,0,0,44,0,44,51,172,119,4,346,48,11,59,405
11/30/2004,GSO,NC,ASO,ES,Combined TRACON& Tower with Radar,67,177,71,14,329,0,0,38,1,39,67,177,109,15,368,52,27,79,447
12/01/2004,GSO,NC,ASO,ES,Combined TRACON& Tower with Radar,65,173,51,0,289,0,0,26,0,26,65,173,77,0,315,14,0,14,329
12/02/2004,GSO,NC,ASO,ES,Combined TRACON& Tower with Radar,71,183,78,1,333,0,0,63,0,63,71,183,141,1,396,12,0,12,408
12/03/2004,GSO,NC,ASO,ES,Combined TRACON& Tower with Radar,72,177,79,1,329,0,0,76,1,77,72,177,155,2,406,60,0,60,466
12/04/2004,GSO,NC,ASO,ES,Combined TRACON& Tower with Radar,50,154,30,0,234,0,0,61,0,61,50,154,91,0,295,19,0,19,314
12/05/2004,GSO,NC,ASO,ES,Combined TRACON& Tower with Radar,51,161,41,0,253,0,0,50,0,50,51,161,91,0,303,8,0,8,311
12/06/2004,GSO,NC,ASO,ES,Combined TRACON& Tower with Radar,44,175,70,0,289,0,2,15,0,17,44,177,85,0,306,76,0,76,382
12/07/2004,GSO,NC,ASO,ES,Combined TRACON& Tower with Radar,74,194,71,0,339,0,0,0,0,0,74,194,71,0,339,32,0,32,371
12/08/2004,GSO,NC,ASO,ES,Combined TRACON& Tower with Radar,79,194,97,0,370,0,0,90,0,90,79,194,187,0,460,39,0,39,499
12/09/2004,GSO,NC,ASO,ES,Combined TRACON& Tower with Radar,69,181,81,0,331,0,0,4,0,4,69,181,85,0,335,4,0,4,339
12/10/2004,GSO,NC,ASO,ES,Combined TRACON& Tower with Radar,71,156,70,1,298,0,0,0,0,0,71,156,70,1,298,22,0,22,320
12/11/2004,GSO,NC,ASO,ES,Combined TRACON& Tower with Radar,48,148,44,0,240,0,0,27,0,27,48,148,71,0,267,28,0,28,295
12/12/2004,GSO,NC,ASO,ES,Combined TRACON& Tower with Radar,53,143,36,0,232,0,0,54,2,56,53,143,90,2,288,39,0,39,327
12/13/2004,GSO,NC,ASO,ES,Combined TRACON& Tower with Radar,51,174,71,2,298,0,0,37,3,40,51,174,108,5,338,37,0,37,375
12/14/2004,GSO,NC,ASO,ES,Combined TRACON& Tower with Radar,77,179,98,2,356,0,2,71,0,73,77,181,169,2,429,20,0,20,449
12/15/2004,GSO,NC,ASO,ES,Combined TRACON& Tower with Radar,63,177,101,2,343,0,2,60,1,63,63,179,161,3,406,38,0,38,444
12/16/2004,GSO,NC,ASO,ES,Combined TRACON& Tower with Radar,67,190,100,0,357,0,0,61,0,61,67,190,161,0,418,37,0,37,455
12/17/2004,GSO,NC,ASO,ES,Combined TRACON& Tower with Radar,57,190,81,2,330,0,0,76,0,76,57,190,157,2,406,38,0,38,444
12/18/2004,GSO,NC,ASO,ES,Combined TRACON& Tower with Radar,50,144,23,0,217,0,0,64,0,64,50,144,87,0,281,17,0,17,298
12/19/2004,GSO,NC,ASO,ES,Combined TRACON& Tower with Radar,49,154,33,0,236,0,0,13,0,13,49,154,46,0,249,10,0,10,259
12/20/2004,GSO,NC,ASO,ES,Combined TRACON& Tower with Radar,46,165,51,0,262,0,0,28,0,28,46,165,79,0,290,24,0,24,314
12/21/2004,GSO,NC,ASO,ES,Combined TRACON& Tower with Radar,66,185,87,0,338,0,0,45,0,45,66,185,132,0,383,32,0,32,415
12/22/2004,GSO,NC,ASO,ES,Combined TRACON& Tower with Radar,67,161,89,0,317,0,0,53,0,53,67,161,142,0,370,27,0,27,397
12/23/2004,GSO,NC,ASO,ES,Combined TRACON& Tower with Radar,57,139,52,0,248,0,0,2,0,2,57,139,54,0,250,2,0,2,252
12/24/2004,GSO,NC,ASO,ES,Combined TRACON& Tower with Radar,48,138,32,0,218,0,0,27,0,27,48,138,59,0,245,0,0,0,245
12/25/2004,GSO,NC,ASO,ES,Combined TRACON& Tower with Radar,44,90,9,0,143,0,0,6,0,6,44,90,15,0,149,0,0,0,149
12/26/2004,GSO,NC,ASO,ES,Combined TRACON& Tower with Radar,49,117,42,0,208,0,0,26,0,26,49,117,68,0,234,5,0,5,239
12/27/2004,GSO,NC,ASO,ES,Combined TRACON& Tower with Radar,61,151,47,0,259,0,1,53,0,54,61,152,100,0,313,15,0,15,328
12/28/2004,GSO,NC,ASO,ES,Combined TRACON& Tower with Radar,68,151,47,0,266,0,0,54,0,54,68,151,101,0,320,26,0,26,346
12/29/2004,GSO,NC,ASO,ES,Combined TRACON& Tower with Radar,63,167,51,0,281,0,0,71,0,71,63,167,122,0,352,31,0,31,383
12/30/2004,GSO,NC,ASO,ES,Combined TRACON& Tower with Radar,67,162,49,0,278,0,1,55,0,56,67,163,104,0,334,24,0,24,358
12/31/2004,GSO,NC,ASO,ES,Combined TRACON& Tower with Radar,51,146,32,3,232,0,0,49,0,49,51,146,81,3,281,30,0,30,311
01/01/2005,GSO,NC,ASO,ES,Combined TRACON& Tower with Radar,32,124,25,0,181,0,0,35,0,35,32,124,60,0,216,60,0,60,276
01/02/2005,GSO,NC,ASO,ES,Combined TRACON& Tower with Radar,47,149,34,0,230,0,0,46,0,46,47,149,80,0,276,20,0,20,296
01/03/2005,GSO,NC,ASO,ES,Combined TRACON& Tower with Radar,50,180,67,3,300,0,1,33,1,35,50,181,100,4,335,53,5,58,393
01/04/2005,GSO,NC,ASO,ES,Combined TRACON& Tower with Radar,67,196,57,1,321,0,0,44,0,44,67,196,101,1,365,29,0,29,394
01/05/2005,GSO,NC,ASO,ES,Combined TRACON& Tower with Radar,63,172,78,0,313,0,0,53,0,53,63,172,131,0,366,49,0,49,415
01/06/2005,GSO,NC,ASO,ES,Combined TRACON& Tower with Radar,58,183,56,10,307,0,0,10,0,10,58,183,66,10,317,33,0,33,350
01/07/2005,GSO,NC,ASO,ES,Combined TRACON& Tower with Radar,59,180,70,4,313,0,0,61,0,61,59,180,131,4,374,24,6,30,404
01/08/2005,GSO,NC,ASO,ES,Combined TRACON& Tower with Radar,44,134,14,0,192,0,0,3,0,3,44,134,17,0,195,9,0,9,204
01/09/2005,GSO,NC,ASO,ES,Combined TRACON& Tower with Radar,45,142,45,2,234,0,0,64,1,65,45,142,109,3,299,55,2,57,356
01/10/2005,GSO,NC,ASO,ES,Combined TRACON& Tower with Radar,45,142,45,2,234,0,0,64,1,65,45,142,109,3,299,55,2,57,356
01/11/2005,GSO,NC,ASO,ES,Combined TRACON& Tower with Radar,65,174,101,0,340,0,1,39,0,40,65,175,140,0,380,82,0,82,462
01/12/2005,GSO,NC,ASO,ES,Combined TRACON& Tower with Radar,61,173,122,0,356,0,0,18,0,18,61,173,140,0,374,35,0,35,409
01/13/2005,GSO,NC,ASO,ES,Combined TRACON& Tower with Radar,61,159,73,0,293,0,0,8,2,10,61,159,81,2,303,24,0,24,327
01/14/2005,GSO,NC,ASO,ES,Combined TRACON& Tower with Radar,62,174,85,0,321,0,0,21,0,21,62,174,106,0,342,13,0,13,355
01/15/2005,GSO,NC,ASO,ES,Combined TRACON& Tower with Radar,50,126,35,0,211,0,0,52,4,56,50,126,87,4,267,20,0,20,287
01/16/2005,GSO,NC,ASO,ES,Combined TRACON& Tower with Radar,49,162,27,0,238,0,0,43,0,43,49,162,70,0,281,2,0,2,283
01/17/2005,GSO,NC,ASO,ES,Combined TRACON& Tower with Radar,52,169,63,0,284,0,0,44,0,44,52,169,107,0,328,7,0,7,335
01/18/2005,GSO,NC,ASO,ES,Combined TRACON& Tower with Radar,58,171,103,0,332,0,0,52,0,52,58,171,155,0,384,6,0,6,390
01/19/2005,GSO,NC,ASO,ES,Combined TRACON& Tower with Radar,57,154,94,0,305,0,0,29,0,29,57,154,123,0,334,0,0,0,334
01/20/2005,GSO,NC,ASO,ES,Combined TRACON& Tower with Radar,63,185,97,3,348,0,0,55,0,55,63,185,152,3,403,37,4,41,444
01/21/2005,GSO,NC,ASO,ES,Combined TRACON& Tower with Radar,67,171,75,0,313,0,0,0,0,0,67,171,75,0,313,0,0,0,313
01/22/2005,GSO,NC,ASO,ES,Combined TRACON& Tower with Radar,34,112,15,0,161,0,0,0,0,0,34,112,15,0,161,0,0,0,161
01/23/2005,GSO,NC,ASO,ES,Combined TRACON& Tower with Radar,48,106,21,0,175,0,0,4,0,4,48,106,25,0,179,4,1,5,184
01/24/2005,GSO,NC,ASO,ES,Combined TRACON& Tower with Radar,52,160,68,0,280,0,0,55,4,59,52,160,123,4,339,49,0,49,388
01/25/2005,GSO,NC,ASO,ES,Combined TRACON& Tower with Radar,62,174,2,0,238,0,0,0,0,0,62,174,2,0,238,54,0,54,292
01/26/2005,GSO,NC,ASO,ES,Combined TRACON& Tower with Radar,64,170,64,0,298,0,0,56,0,56,64,170,120,0,354,15,0,15,369
01/27/2005,GSO,NC,ASO,ES,Combined TRACON& Tower with Radar,65,173,101,0,339,0,0,39,0,39,65,173,140,0,378,17,0,17,395
01/28/2005,GSO,NC,ASO,ES,Combined TRACON& Tower with Radar,69,181,93,0,343,0,0,56,0,56,69,181,149,0,399,100,0,100,499
01/29/2005,GSO,NC,ASO,ES,Combined TRACON& Tower with Radar,20,116,7,0,143,0,0,5,0,5,20,116,12,0,148,0,0,0,148
01/30/2005,GSO,NC,ASO,ES,Combined TRACON& Tower with Radar,43,137,27,0,207,0,0,10,0,10,43,137,37,0,217,0,0,0,217
01/31/2005,GSO,NC,ASO,ES,Combined TRACON& Tower with Radar,54,168,67,0,289,0,0,43,0,43,54,168,110,0,332,43,0,43,375
02/01/2005,GSO,NC,ASO,ES,Combined TRACON& Tower with Radar,68,162,85,2,317,0,0,34,0,34,68,162,119,2,351,42,0,42,393
02/02/2005,GSO,NC,ASO,ES,Combined TRACON& Tower with Radar,57,155,75,3,290,0,1,61,0,62,57,156,136,3,352,35,6,41,393
02/03/2005,GSO,NC,ASO,ES,Combined TRACON& Tower with Radar,68,168,64,0,300,0,0,0,0,0,68,168,64,0,300,9,0,9,309
02/04/2005,GSO,NC,ASO,ES,Combined TRACON& Tower with Radar,60,179,98,2,339,0,0,63,0,63,60,179,161,2,402,25,0,25,427
02/05/2005,GSO,NC,ASO,ES,Combined TRACON& Tower with Radar,46,144,57,1,248,0,1,76,0,77,46,145,133,1,325,52,0,52,377
02/06/2005,GSO,NC,ASO,ES,Combined TRACON& Tower with Radar,42,161,35,0,238,0,0,64,0,64,42,161,99,0,302,29,0,29,331
02/07/2005,GSO,NC,ASO,ES,Combined TRACON& Tower with Radar,60,175,61,1,297,0,0,66,0,66,60,175,127,1,363,19,0,19,382
02/08/2005,GSO,NC,ASO,ES,Combined TRACON& Tower with Radar,54,169,66,4,293,0,0,61,2,63,54,169,127,6,356,27,1,28,384
02/09/2005,GSO,NC,ASO,ES,Combined TRACON& Tower with Radar,59,168,71,0,298,0,0,12,0,12,59,168,83,0,310,18,0,18,328
02/10/2005,GSO,NC,ASO,ES,Combined TRACON& Tower with Radar,63,182,94,0,339,0,0,16,0,16,63,182,110,0,355,22,0,22,377
02/11/2005,GSO,NC,ASO,ES,Combined TRACON& Tower with Radar,67,181,82,0,330,0,0,69,0,69,67,181,151,0,399,36,0,36,435
02/12/2005,GSO,NC,ASO,ES,Combined TRACON& Tower with Radar,48,147,32,0,227,0,0,75,0,75,48,147,107,0,302,3,0,3,305
02/13/2005,GSO,NC,ASO,ES,Combined TRACON& Tower with Radar,50,141,44,0,235,0,0,31,0,31,50,141,75,0,266,21,0,21,287
02/14/2005,GSO,NC,ASO,ES,Combined TRACON& Tower with Radar,57,167,57,0,281,0,0,12,0,12,57,167,69,0,293,33,0,33,326
02/15/2005,GSO,NC,ASO,ES,Combined TRACON& Tower with Radar,73,167,88,3,331,0,0,34,1,35,73,167,122,4,366,16,0,16,382
02/16/2005,GSO,NC,ASO,ES,Combined TRACON& Tower with Radar,71,165,99,0,335,0,1,14,0,15,71,166,113,0,350,20,0,20,370
02/17/2005,GSO,NC,ASO,ES,Combined TRACON& Tower with Radar,64,182,89,2,337,0,1,61,0,62,64,183,150,2,399,16,0,16,415
02/18/2005,GSO,NC,ASO,ES,Combined TRACON& Tower with Radar,59,181,122,2,364,0,0,26,0,26,59,181,148,2,390,36,0,36,426
02/19/2005,GSO,NC,ASO,ES,Combined TRACON& Tower with Radar,35,150,45,0,230,0,0,71,0,71,35,150,116,0,301,4,0,4,305
02/20/2005,GSO,NC,ASO,ES,Combined TRACON& Tower with Radar,44,165,55,0,264,0,0,21,0,21,44,165,76,0,285,38,0,38,323
02/21/2005,GSO,NC,ASO,ES,Combined TRACON& Tower with Radar,54,153,58,0,265,0,0,2,0,2,54,153,60,0,267,22,0,22,289
02/22/2005,GSO,NC,ASO,ES,Combined TRACON& Tower with Radar,62,178,113,7,360,0,0,70,0,70,62,178,183,7,430,44,7,51,481
02/23/2005,GSO,NC,ASO,ES,Combined TRACON& Tower with Radar,69,172,79,0,320,0,0,49,0,49,69,172,128,0,369,21,0,21,390
02/24/2005,GSO,NC,ASO,ES,Combined TRACON& Tower with Radar,71,161,63,0,295,0,0,0,0,0,71,161,63,0,295,0,0,0,295
02/25/2005,GSO,NC,ASO,ES,Combined TRACON& Tower with Radar,61,171,102,5,339,0,0,61,1,62,61,171,163,6,401,19,4,23,424
02/26/2005,GSO,NC,ASO,ES,Combined TRACON& Tower with Radar,41,159,46,0,246,0,0,64,0,64,41,159,110,0,310,36,0,36,346
02/27/2005,GSO,NC,ASO,ES,Combined TRACON& Tower with Radar,44,162,52,3,261,0,0,30,0,30,44,162,82,3,291,39,0,39,330
02/28/2005,GSO,NC,ASO,ES,Combined TRACON& Tower with Radar,49,167,44,0,260,0,0,0,0,0,49,167,44,0,260,2,0,2,262
03/01/2005,GSO,NC,ASO,ES,Combined TRACON& Tower with Radar,78,174,64,2,318,0,0,20,0,20,78,174,84,2,338,25,0,25,363
03/02/2005,GSO,NC,ASO,ES,Combined TRACON& Tower with Radar,65,169,88,0,322,0,0,48,0,48,65,169,136,0,370,29,0,29,399
03/03/2005,GSO,NC,ASO,ES,Combined TRACON& Tower with Radar,75,185,71,2,333,0,0,56,0,56,75,185,127,2,389,41,2,43,432
03/04/2005,GSO,NC,ASO,ES,Combined TRACON& Tower with Radar,66,168,94,7,335,0,0,54,6,60,66,168,148,13,395,55,4,59,454
03/05/2005,GSO,NC,ASO,ES,Combined TRACON& Tower with Radar,35,157,23,0,215,0,0,7,0,7,35,157,30,0,222,10,0,10,232
03/06/2005,GSO,NC,ASO,ES,Combined TRACON& Tower with Radar,43,150,58,0,251,0,0,49,0,49,43,150,107,0,300,24,0,24,324
03/07/2005,GSO,NC,ASO,ES,Combined TRACON& Tower with Radar,44,162,73,0,279,0,0,39,0,39,44,162,112,0,318,31,0,31,349
03/08/2005,GSO,NC,ASO,ES,Combined TRACON& Tower with Radar,62,159,63,0,284,0,0,9,0,9,62,159,72,0,293,3,1,4,297
03/09/2005,GSO,NC,ASO,ES,Combined TRACON& Tower with Radar,60,176,100,0,336,0,0,58,0,58,60,176,158,0,394,2,0,2,396
03/10/2005,GSO,NC,ASO,ES,Combined TRACON& Tower with Radar,62,205,84,0,351,0,0,46,2,48,62,205,130,2,399,38,1,39,438
03/11/2005,GSO,NC,ASO,ES,Combined TRACON& Tower with Radar,59,168,72,0,299,0,0,18,0,18,59,168,90,0,317,22,0,22,339
03/12/2005,GSO,NC,ASO,ES,Combined TRACON& Tower with Radar,41,168,37,0,246,0,1,14,0,15,41,169,51,0,261,0,0,0,261
03/13/2005,GSO,NC,ASO,ES,Combined TRACON& Tower with Radar,45,156,63,0,264,0,0,71,0,71,45,156,134,0,335,101,0,101,436
03/14/2005,GSO,NC,ASO,ES,Combined TRACON& Tower with Radar,41,171,99,2,313,0,0,6,0,6,41,171,105,2,319,10,7,17,336
03/15/2005,GSO,NC,ASO,ES,Combined TRACON& Tower with Radar,66,169,101,5,341,0,0,106,0,106,66,169,207,5,447,71,8,79,526
03/16/2005,GSO,NC,ASO,ES,Combined TRACON& Tower with Radar,57,177,87,0,321,0,0,0,0,0,57,177,87,0,321,0,0,0,321
03/17/2005,GSO,NC,ASO,ES,Combined TRACON& Tower with Radar,58,183,73,1,315,0,0,2,0,2,58,183,75,1,317,0,0,0,317
03/18/2005,GSO,NC,ASO,ES,Combined TRACON& Tower with Radar,62,186,106,5,359,0,0,73,0,73,62,186,179,5,432,25,4,29,461
03/19/2005,GSO,NC,ASO,ES,Combined TRACON& Tower with Radar,41,150,50,0,241,0,2,53,0,55,41,152,103,0,296,34,0,34,330
03/20/2005,GSO,NC,ASO,ES,Combined TRACON& Tower with Radar,41,166,57,0,264,0,0,70,0,70,41,166,127,0,334,36,0,36,370
03/21/2005,GSO,NC,ASO,ES,Combined TRACON& Tower with Radar,47,179,66,2,294,0,0,65,0,65,47,179,131,2,359,27,0,27,386
03/22/2005,GSO,NC,ASO,ES,Combined TRACON& Tower with Radar,62,174,90,3,329,0,0,31,0,31,62,174,121,3,360,18,12,30,390
03/23/2005,GSO,NC,ASO,ES,Combined TRACON& Tower with Radar,61,173,86,3,323,0,0,6,0,6,61,173,92,3,329,10,0,10,339
03/24/2005,GSO,NC,ASO,ES,Combined TRACON& Tower with Radar,53,187,120,4,364,0,0,71,0,71,53,187,191,4,435,32,2,34,469
03/25/2005,GSO,NC,ASO,ES,Combined TRACON& Tower with Radar,48,160,90,1,299,0,0,18,0,18,48,160,108,1,317,10,1,11,328
03/26/2005,GSO,NC,ASO,ES,Combined TRACON& Tower with Radar,38,173,51,0,262,0,0,1,0,1,38,173,52,0,263,10,0,10,273
03/27/2005,GSO,NC,ASO,ES,Combined TRACON& Tower with Radar,33,140,29,0,202,0,0,0,0,0,33,140,29,0,202,4,0,4,206
03/28/2005,GSO,NC,ASO,ES,Combined TRACON& Tower with Radar,41,165,67,0,273,0,0,5,0,5,41,165,72,0,278,24,0,24,302
03/29/2005,GSO,NC,ASO,ES,Combined TRACON& Tower with Radar,58,181,91,0,330,0,0,64,0,64,58,181,155,0,394,38,0,38,432
03/30/2005,GSO,NC,ASO,ES,Combined TRACON& Tower with Radar,59,187,113,4,363,0,0,103,0,103,59,187,216,4,466,59,1,60,526
03/31/2005,GSO,NC,ASO,ES,Combined TRACON& Tower with Radar,54,173,125,3,355,0,0,26,0,26,54,173,151,3,381,37,0,37,418
04/01/2005,GSO,NC,ASO,ES,Combined TRACON& Tower with Radar,53,174,91,3,321,0,0,7,0,7,53,174,98,3,328,27,0,27,355
04/02/2005,GSO,NC,ASO,ES,Combined TRACON& Tower with Radar,48,153,112,0,313,0,0,27,0,27,48,153,139,0,340,56,0,56,396
04/03/2005,GSO,NC,ASO,ES,Combined TRACON& Tower with Radar,49,153,75,0,277,0,0,47,0,47,49,153,122,0,324,20,1,21,345
04/04/2005,GSO,NC,ASO,ES,Combined TRACON& Tower with Radar,55,180,92,0,327,0,0,68,0,68,55,180,160,0,395,29,0,29,424
04/05/2005,GSO,NC,ASO,ES,Combined TRACON& Tower with Radar,65,185,95,1,346,0,0,77,0,77,65,185,172,1,423,24,0,24,447
04/06/2005,GSO,NC,ASO,ES,Combined TRACON& Tower with Radar,61,185,102,0,348,0,0,71,0,71,61,185,173,0,419,48,0,48,467
04/07/2005,GSO,NC,ASO,ES,Combined TRACON& Tower with Radar,66,193,111,0,370,0,0,1,0,1,66,193,112,0,371,28,0,28,399
04/08/2005,GSO,NC,ASO,ES,Combined TRACON& Tower with Radar,60,200,117,0,377,0,0,5,0,5,60,200,122,0,382,16,0,16,398
04/09/2005,GSO,NC,ASO,ES,Combined TRACON& Tower with Radar,44,155,56,0,255,0,0,38,0,38,44,155,94,0,293,59,0,59,352
04/10/2005,GSO,NC,ASO,ES,Combined TRACON& Tower with Radar,52,180,70,2,304,0,0,94,0,94,52,180,164,2,398,40,0,40,438
04/11/2005,GSO,NC,ASO,ES,Combined TRACON& Tower with Radar,53,187,112,4,356,0,0,79,0,79,53,187,191,4,435,40,0,40,475
04/12/2005,GSO,NC,ASO,ES,Combined TRACON& Tower with Radar,76,190,124,3,393,0,0,23,0,23,76,190,147,3,416,14,0,14,430
04/13/2005,GSO,NC,ASO,ES,Combined TRACON& Tower with Radar,71,195,119,1,386,0,0,0,0,0,71,195,119,1,386,4,0,4,390
04/14/2005,GSO,NC,ASO,ES,Combined TRACON& Tower with Radar,69,199,151,2,421,0,0,45,0,45,69,199,196,2,466,9,0,9,475
04/15/2005,GSO,NC,ASO,ES,Combined TRACON& Tower with Radar,54,219,126,2,401,0,0,64,0,64,54,219,190,2,465,4,0,4,469
04/16/2005,GSO,NC,ASO,ES,Combined TRACON& Tower with Radar,51,172,67,2,292,0,0,30,0,30,51,172,97,2,322,41,0,41,363
04/17/2005,GSO,NC,ASO,ES,Combined TRACON& Tower with Radar,62,184,101,2,349,0,0,75,0,75,62,184,176,2,424,38,0,38,462
04/18/2005,GSO,NC,ASO,ES,Combined TRACON& Tower with Radar,53,183,106,6,348,0,0,71,0,71,53,183,177,6,419,30,0,30,449
04/19/2005,GSO,NC,ASO,ES,Combined TRACON& Tower with Radar,65,194,128,2,389,0,0,60,0,60,65,194,188,2,449,43,0,43,492
04/20/2005,GSO,NC,ASO,ES,Combined TRACON& Tower with Radar,65,193,104,0,362,0,0,62,0,62,65,193,166,0,424,43,0,43,467
04/21/2005,GSO,NC,ASO,ES,Combined TRACON& Tower with Radar,64,189,104,4,361,0,0,44,0,44,64,189,148,4,405,64,8,72,477
04/22/2005,GSO,NC,ASO,ES,Combined TRACON& Tower with Radar,57,195,101,1,354,0,0,34,0,34,57,195,135,1,388,20,0,20,408
04/23/2005,GSO,NC,ASO,ES,Combined TRACON& Tower with Radar,43,149,96,3,291,0,0,44,1,45,43,149,140,4,336,55,4,59,395
04/24/2005,GSO,NC,ASO,ES,Combined TRACON& Tower with Radar,40,172,77,1,290,0,0,117,1,118,40,172,194,2,408,42,0,42,450
04/25/2005,GSO,NC,ASO,ES,Combined TRACON& Tower with Radar,57,181,83,3,324,0,0,43,0,43,57,181,126,3,367,19,0,19,386
04/26/2005,GSO,NC,ASO,ES,Combined TRACON& Tower with Radar,63,176,95,0,334,0,0,29,0,29,63,176,124,0,363,33,0,33,396
04/27/2005,GSO,NC,ASO,ES,Combined TRACON& Tower with Radar,63,182,85,1,331,0,0,60,0,60,63,182,145,1,391,69,0,69,460
04/28/2005,GSO,NC,ASO,ES,Combined TRACON& Tower with Radar,70,181,107,0,358,0,1,71,0,72,70,182,178,0,430,45,1,46,476
04/29/2005,GSO,NC,ASO,ES,Combined TRACON& Tower with Radar,59,185,65,1,310,0,0,26,0,26,59,185,91,1,336,27,0,27,363
04/30/2005,GSO,NC,ASO,ES,Combined TRACON& Tower with Radar,42,154,28,0,224,0,0,0,0,0,42,154,28,0,224,7,2,9,233
05/01/2005,GSO,NC,ASO,ES,Combined TRACON& Tower with Radar,43,166,59,0,268,0,0,48,0,48,43,166,107,0,316,14,0,14,330
05/02/2005,GSO,NC,ASO,ES,Combined TRACON& Tower with Radar,46,178,90,0,314,0,0,37,0,37,46,178,127,0,351,33,1,34,385
05/03/2005,GSO,NC,ASO,ES,Combined TRACON& Tower with Radar,61,182,88,3,334,0,0,55,1,56,61,182,143,4,390,28,0,28,418
05/04/2005,GSO,NC,ASO,ES,Combined TRACON& Tower with Radar,57,189,68,0,314,0,1,59,0,60,57,190,127,0,374,8,1,9,383
05/05/2005,GSO,NC,ASO,ES,Combined TRACON& Tower with Radar,56,180,80,0,316,0,0,29,0,29,56,180,109,0,345,2,0,2,347
05/06/2005,GSO,NC,ASO,ES,Combined TRACON& Tower with Radar,66,185,60,2,313,0,0,24,2,26,66,185,84,4,339,17,0,17,356
05/07/2005,GSO,NC,ASO,ES,Combined TRACON& Tower with Radar,44,160,22,3,229,0,0,49,0,49,44,160,71,3,278,33,4,37,315
05/08/2005,GSO,NC,ASO,ES,Combined TRACON& Tower with Radar,48,160,30,0,238,0,0,55,1,56,48,160,85,1,294,9,0,9,303
05/09/2005,GSO,NC,ASO,ES,Combined TRACON& Tower with Radar,46,183,66,1,296,0,0,60,0,60,46,183,126,1,356,20,0,20,376
05/10/2005,GSO,NC,ASO,ES,Combined TRACON& Tower with Radar,51,187,88,0,326,0,0,40,3,43,51,187,128,3,369,32,1,33,402
05/11/2005,GSO,NC,ASO,ES,Combined TRACON& Tower with Radar,52,193,114,4,363,0,0,43,0,43,52,193,157,4,406,74,0,74,480
05/12/2005,GSO,NC,ASO,ES,Combined TRACON& Tower with Radar,64,182,103,0,349,0,0,48,0,48,64,182,151,0,397,28,0,28,425
05/13/2005,GSO,NC,ASO,ES,Combined TRACON& Tower with Radar,54,182,99,1,336,0,0,13,0,13,54,182,112,1,349,7,0,7,356
05/14/2005,GSO,NC,ASO,ES,Combined TRACON& Tower with Radar,42,146,40,2,230,0,0,17,0,17,42,146,57,2,247,21,0,21,268
05/15/2005,GSO,NC,ASO,ES,Combined TRACON& Tower with Radar,44,168,74,1,287,0,0,11,0,11,44,168,85,1,298,33,5,38,336
05/16/2005,GSO,NC,ASO,ES,Combined TRACON& Tower with Radar,43,175,63,3,284,0,0,42,0,42,43,175,105,3,326,23,20,43,369
05/17/2005,GSO,NC,ASO,ES,Combined TRACON& Tower with Radar,57,197,97,0,351,0,0,43,0,43,57,197,140,0,394,21,0,21,415
05/18/2005,GSO,NC,ASO,ES,Combined TRACON& Tower with Radar,57,180,108,0,345,0,0,45,0,45,57,180,153,0,390,29,0,29,419
05/19/2005,GSO,NC,ASO,ES,Combined TRACON& Tower with Radar,57,182,88,5,332,0,0,40,1,41,57,182,128,6,373,40,0,40,413
05/20/2005,GSO,NC,ASO,ES,Combined TRACON& Tower with Radar,60,173,91,0,324,0,0,15,0,15,60,173,106,0,339,25,0,25,364
05/21/2005,GSO,NC,ASO,ES,Combined TRACON& Tower with Radar,44,160,57,1,262,0,0,44,0,44,44,160,101,1,306,23,0,23,329
05/22/2005,GSO,NC,ASO,ES,Combined TRACON& Tower with Radar,49,165,42,0,256,0,0,56,0,56,49,165,98,0,312,25,0,25,337
05/23/2005,GSO,NC,ASO,ES,Combined TRACON& Tower with Radar,45,179,66,4,294,0,0,39,0,39,45,179,105,4,333,51,4,55,388
05/24/2005,GSO,NC,ASO,ES,Combined TRACON& Tower with Radar,58,177,107,1,343,0,0,39,0,39,58,177,146,1,382,29,0,29,411
05/25/2005,GSO,NC,ASO,ES,Combined TRACON& Tower with Radar,61,181,93,0,335,0,0,70,0,70,61,181,163,0,405,40,4,44,449
05/26/2005,GSO,NC,ASO,ES,Combined TRACON& Tower with Radar,60,184,97,0,341,0,0,67,1,68,60,184,164,1,409,4,0,4,413
05/27/2005,GSO,NC,ASO,ES,Combined TRACON& Tower with Radar,53,183,84,0,320,0,0,70,1,71,53,183,154,1,391,8,0,8,399
05/28/2005,GSO,NC,ASO,ES,Combined TRACON& Tower with Radar,45,154,32,0,231,0,0,42,0,42,45,154,74,0,273,22,0,22,295
05/29/2005,GSO,NC,ASO,ES,Combined TRACON& Tower with Radar,47,143,22,0,212,0,0,28,0,28,47,143,50,0,240,10,0,10,250
05/30/2005,GSO,NC,ASO,ES,Combined TRACON& Tower with Radar,40,158,39,0,237,0,0,34,0,34,40,158,73,0,271,17,0,17,288
05/31/2005,GSO,NC,ASO,ES,Combined TRACON& Tower with Radar,34,185,88,0,307,0,0,39,1,40,34,185,127,1,347,8,0,8,355
06/01/2005,GSO,NC,ASO,ES,Combined TRACON& Tower with Radar,60,195,116,0,371,0,0,12,0,12,60,195,128,0,383,6,0,6,389
06/02/2005,GSO,NC,ASO,ES,Combined TRACON& Tower with Radar,61,190,102,2,355,0,0,0,0,0,61,190,102,2,355,22,0,22,377
06/03/2005,GSO,NC,ASO,ES,Combined TRACON& Tower with Radar,50,189,107,1,347,0,0,1,0,1,50,189,108,1,348,29,0,29,377
06/04/2005,GSO,NC,ASO,ES,Combined TRACON& Tower with Radar,47,150,54,1,252,0,0,21,0,21,47,150,75,1,273,18,0,18,291
06/05/2005,GSO,NC,ASO,ES,Combined TRACON& Tower with Radar,35,163,66,1,265,0,0,38,0,38,35,163,104,1,303,34,0,34,337
06/06/2005,GSO,NC,ASO,ES,Combined TRACON& Tower with Radar,44,163,78,8,293,0,0,39,1,40,44,163,117,9,333,52,8,60,393
06/07/2005,GSO,NC,ASO,ES,Combined TRACON& Tower with Radar,68,209,86,1,364,0,0,18,0,18,68,209,104,1,382,35,2,37,419
06/08/2005,GSO,NC,ASO,ES,Combined TRACON& Tower with Radar,65,208,129,0,402,0,0,32,0,32,65,208,161,0,434,21,0,21,455
06/09/2005,GSO,NC,ASO,ES,Combined TRACON& Tower with Radar,59,163,132,0,354,0,0,13,0,13,59,163,145,0,367,25,0,25,392
06/10/2005,GSO,NC,ASO,ES,Combined TRACON& Tower with Radar,46,175,106,0,327,0,0,18,0,18,46,175,124,0,345,29,0,29,374
06/11/2005,GSO,NC,ASO,ES,Combined TRACON& Tower with Radar,44,155,37,2,238,0,0,45,0,45,44,155,82,2,283,33,0,33,316
06/12/2005,GSO,NC,ASO,ES,Combined TRACON& Tower with Radar,39,162,64,0,265,0,0,17,0,17,39,162,81,0,282,19,0,19,301
06/13/2005,GSO,NC,ASO,ES,Combined TRACON& Tower with Radar,45,187,85,3,320,0,0,12,1,13,45,187,97,4,333,28,0,28,361
06/14/2005,GSO,NC,ASO,ES,Combined TRACON& Tower with Radar,53,189,105,0,347,0,0,74,0,74,53,189,179,0,421,41,0,41,462
06/15/2005,GSO,NC,ASO,ES,Combined TRACON& Tower with Radar,54,194,88,0,336,0,0,71,0,71,54,194,159,0,407,44,0,44,451
06/16/2005,GSO,NC,ASO,ES,Combined TRACON& Tower with Radar,50,184,94,0,328,0,0,62,1,63,50,184,156,1,391,26,0,26,417
06/17/2005,GSO,NC,ASO,ES,Combined TRACON& Tower with Radar,52,200,89,0,341,1,0,48,2,51,53,200,137,2,392,35,0,35,427
06/18/2005,GSO,NC,ASO,ES,Combined TRACON& Tower with Radar,35,158,29,0,222,0,0,50,0,50,35,158,79,0,272,9,0,9,281
06/19/2005,GSO,NC,ASO,ES,Combined TRACON& Tower with Radar,64,168,59,2,293,0,0,35,0,35,64,168,94,2,328,24,4,28,356
06/20/2005,GSO,NC,ASO,ES,Combined TRACON& Tower with Radar,43,177,90,2,312,0,0,25,0,25,43,177,115,2,337,6,0,6,343
06/21/2005,GSO,NC,ASO,ES,Combined TRACON& Tower with Radar,39,210,87,2,338,0,0,56,1,57,39,210,143,3,395,11,4,15,410
06/22/2005,GSO,NC,ASO,ES,Combined TRACON& Tower with Radar,60,182,93,1,336,0,0,55,0,55,60,182,148,1,391,23,0,23,414
06/23/2005,GSO,NC,ASO,ES,Combined TRACON& Tower with Radar,51,187,85,3,326,0,0,50,0,50,51,187,135,3,376,16,0,16,392
06/24/2005,GSO,NC,ASO,ES,Combined TRACON& Tower with Radar,51,177,81,2,311,0,0,44,0,44,51,177,125,2,355,21,1,22,377
06/25/2005,GSO,NC,ASO,ES,Combined TRACON& Tower with Radar,37,158,37,2,234,0,0,38,0,38,37,158,75,2,272,12,4,16,288
06/26/2005,GSO,NC,ASO,ES,Combined TRACON& Tower with Radar,42,168,62,5,277,0,0,12,1,13,42,168,74,6,290,22,2,24,314
06/27/2005,GSO,NC,ASO,ES,Combined TRACON& Tower with Radar,53,173,93,1,320,0,0,9,0,9,53,173,102,1,329,0,0,0,329
06/28/2005,GSO,NC,ASO,ES,Combined TRACON& Tower with Radar,59,180,89,1,329,0,0,1,0,1,59,180,90,1,330,0,0,0,330
06/29/2005,GSO,NC,ASO,ES,Combined TRACON& Tower with Radar,67,167,121,3,358,0,0,8,0,8,67,167,129,3,366,28,2,30,396
06/30/2005,GSO,NC,ASO,ES,Combined TRACON& Tower with Radar,59,186,108,2,355,0,0,40,0,40,59,186,148,2,395,8,0,8,403
07/01/2005,GSO,NC,ASO,ES,Combined TRACON& Tower with Radar,53,169,75,1,298,0,0,36,0,36,53,169,111,1,334,0,0,0,334
07/02/2005,GSO,NC,ASO,ES,Combined TRACON& Tower with Radar,32,163,32,0,227,0,0,16,0,16,32,163,48,0,243,84,0,84,327
07/03/2005,GSO,NC,ASO,ES,Combined TRACON& Tower with Radar,40,124,39,0,203,0,0,2,0,2,40,124,41,0,205,15,0,15,220
07/04/2005,GSO,NC,ASO,ES,Combined TRACON& Tower with Radar,36,140,27,1,204,0,0,3,0,3,36,140,30,1,207,49,0,49,256
07/05/2005,GSO,NC,ASO,ES,Combined TRACON& Tower with Radar,54,179,66,2,301,0,0,19,0,19,54,179,85,2,320,21,0,21,341
07/06/2005,GSO,NC,ASO,ES,Combined TRACON& Tower with Radar,57,167,68,0,292,0,0,43,0,43,57,167,111,0,335,28,0,28,363
07/07/2005,GSO,NC,ASO,ES,Combined TRACON& Tower with Radar,54,165,72,0,291,0,0,13,0,13,54,165,85,0,304,8,0,8,312
07/08/2005,GSO,NC,ASO,ES,Combined TRACON& Tower with Radar,64,160,61,0,285,0,0,40,0,40,64,160,101,0,325,31,1,32,357
07/09/2005,GSO,NC,ASO,ES,Combined TRACON& Tower with Radar,37,150,29,0,216,0,0,48,0,48,37,150,77,0,264,32,0,32,296
07/10/2005,GSO,NC,ASO,ES,Combined TRACON& Tower with Radar,38,150,41,0,229,0,0,47,0,47,38,150,88,0,276,32,0,32,308
07/11/2005,GSO,NC,ASO,ES,Combined TRACON& Tower with Radar,42,164,69,4,279,0,0,13,0,13,42,164,82,4,292,12,0,12,304
07/12/2005,GSO,NC,ASO,ES,Combined TRACON& Tower with Radar,47,169,93,0,309,0,0,30,0,30,47,169,123,0,339,42,0,42,381
07/13/2005,GSO,NC,ASO,ES,Combined TRACON& Tower with Radar,49,164,67,0,280,0,0,26,0,26,49,164,93,0,306,16,0,16,322
07/14/2005,GSO,NC,ASO,ES,Combined TRACON& Tower with Radar,58,162,85,1,306,0,0,4,0,4,58,162,89,1,310,87,0,87,397
07/15/2005,GSO,NC,ASO,ES,Combined TRACON& Tower with Radar,43,176,77,3,299,0,0,21,0,21,43,176,98,3,320,40,0,40,360
07/16/2005,GSO,NC,ASO,ES,Combined TRACON& Tower with Radar,51,146,46,0,243,0,0,40,0,40,51,146,86,0,283,36,0,36,319
07/17/2005,GSO,NC,ASO,ES,Combined TRACON& Tower with Radar,41,150,36,0,227,0,0,31,0,31,41,150,67,0,258,19,0,19,277
07/18/2005,GSO,NC,ASO,ES,Combined TRACON& Tower with Radar,46,161,79,5,291,0,0,39,0,39,46,161,118,5,330,23,0,23,353
07/19/2005,GSO,NC,ASO,ES,Combined TRACON& Tower with Radar,54,179,70,2,305,0,0,37,1,38,54,179,107,3,343,36,0,36,379
07/20/2005,GSO,NC,ASO,ES,Combined TRACON& Tower with Radar,49,189,78,3,319,0,1,52,0,53,49,190,130,3,372,32,0,32,404
07/21/2005,GSO,NC,ASO,ES,Combined TRACON& Tower with Radar,51,169,90,5,315,0,0,48,4,52,51,169,138,9,367,52,6,58,425
07/22/2005,GSO,NC,ASO,ES,Combined TRACON& Tower with Radar,59,182,78,1,320,0,0,53,0,53,59,182,131,1,373,63,0,63,436
07/23/2005,GSO,NC,ASO,ES,Combined TRACON& Tower with Radar,38,151,29,4,222,0,0,55,0,55,38,151,84,4,277,35,8,43,320
07/24/2005,GSO,NC,ASO,ES,Combined TRACON& Tower with Radar,43,156,49,4,252,0,0,40,0,40,43,156,89,4,292,34,4,38,330
07/25/2005,GSO,NC,ASO,ES,Combined TRACON& Tower with Radar,34,160,86,5,285,0,0,43,1,44,34,160,129,6,329,52,0,52,381
07/26/2005,GSO,NC,ASO,ES,Combined TRACON& Tower with Radar,38,169,90,0,297,0,0,47,0,47,38,169,137,0,344,22,0,22,366
07/27/2005,GSO,NC,ASO,ES,Combined TRACON& Tower with Radar,49,157,93,5,304,0,1,44,1,46,49,158,137,6,350,23,4,27,377
07/28/2005,GSO,NC,ASO,ES,Combined TRACON& Tower with Radar,53,189,84,11,337,0,0,28,0,28,53,189,112,11,365,3,1,4,369
07/29/2005,GSO,NC,ASO,ES,Combined TRACON& Tower with Radar,56,173,97,5,331,0,0,3,0,3,56,173,100,5,334,48,4,52,386
07/30/2005,GSO,NC,ASO,ES,Combined TRACON& Tower with Radar,43,147,27,0,217,0,0,1,12,13,43,147,28,12,230,0,0,0,230
07/31/2005,GSO,NC,ASO,ES,Combined TRACON& Tower with Radar,43,149,76,0,268,0,0,4,0,4,43,149,80,0,272,13,0,13,285
08/01/2005,GSO,NC,ASO,ES,Combined TRACON& Tower with Radar,46,163,82,1,292,0,0,30,1,31,46,163,112,2,323,54,13,67,390
08/02/2005,GSO,NC,ASO,ES,Combined TRACON& Tower with Radar,55,165,80,0,300,0,0,59,0,59,55,165,139,0,359,12,1,13,372
08/03/2005,GSO,NC,ASO,ES,Combined TRACON& Tower with Radar,60,178,94,2,334,0,0,58,0,58,60,178,152,2,392,27,0,27,419
08/04/2005,GSO,NC,ASO,ES,Combined TRACON& Tower with Radar,48,170,92,0,310,0,0,62,1,63,48,170,154,1,373,12,0,12,385
08/05/2005,GSO,NC,ASO,ES,Combined TRACON& Tower with Radar,49,177,108,1,335,0,0,40,0,40,49,177,148,1,375,24,0,24,399
08/06/2005,GSO,NC,ASO,ES,Combined TRACON& Tower with Radar,48,155,42,0,245,0,0,32,1,33,48,155,74,1,278,29,0,29,307
08/07/2005,GSO,NC,ASO,ES,Combined TRACON& Tower with Radar,41,152,44,2,239,0,0,12,1,13,41,152,56,3,252,15,2,17,269
08/08/2005,GSO,NC,ASO,ES,Combined TRACON& Tower with Radar,49,163,86,0,298,0,0,15,0,15,49,163,101,0,313,15,0,15,328
08/09/2005,GSO,NC,ASO,ES,Combined TRACON& Tower with Radar,55,181,97,5,338,0,0,14,0,14,55,181,111,5,352,11,6,17,369
08/10/2005,GSO,NC,ASO,ES,Combined TRACON& Tower with Radar,47,183,105,0,335,0,0,19,0,19,47,183,124,0,354,42,0,42,396
08/11/2005,GSO,NC,ASO,ES,Combined TRACON& Tower with Radar,69,189,91,3,352,0,0,40,0,40,69,189,131,3,392,38,0,38,430
08/12/2005,GSO,NC,ASO,ES,Combined TRACON& Tower with Radar,64,176,88,6,334,0,0,48,2,50,64,176,136,8,384,32,0,32,416
08/13/2005,GSO,NC,ASO,ES,Combined TRACON& Tower with Radar,42,148,51,1,242,0,0,37,0,37,42,148,88,1,279,30,0,30,309
08/14/2005,GSO,NC,ASO,ES,Combined TRACON& Tower with Radar,40,145,53,0,238,0,0,30,0,30,40,145,83,0,268,50,0,50,318
08/15/2005,GSO,NC,ASO,ES,Combined TRACON& Tower with Radar,40,180,66,0,286,0,0,35,0,35,40,180,101,0,321,2,0,2,323
08/16/2005,GSO,NC,ASO,ES,Combined TRACON& Tower with Radar,52,179,81,0,312,0,0,38,4,42,52,179,119,4,354,29,0,29,383
08/17/2005,GSO,NC,ASO,ES,Combined TRACON& Tower with Radar,60,180,92,1,333,0,0,15,1,16,60,180,107,2,349,14,0,14,363
08/18/2005,GSO,NC,ASO,ES,Combined TRACON& Tower with Radar,55,177,80,0,312,0,0,11,0,11,55,177,91,0,323,19,0,19,342
08/19/2005,GSO,NC,ASO,ES,Combined TRACON& Tower with Radar,43,175,91,14,323,0,0,26,1,27,43,175,117,15,350,31,4,35,385
08/20/2005,GSO,NC,ASO,ES,Combined TRACON& Tower with Radar,46,150,51,0,247,0,0,38,3,41,46,150,89,3,288,35,1,36,324
08/21/2005,GSO,NC,ASO,ES,Combined TRACON& Tower with Radar,39,151,43,2,235,0,0,36,0,36,39,151,79,2,271,4,0,4,275
08/22/2005,GSO,NC,ASO,ES,Combined TRACON& Tower with Radar,42,160,75,0,277,0,0,36,0,36,42,160,111,0,313,10,0,10,323
08/23/2005,GSO,NC,ASO,ES,Combined TRACON& Tower with Radar,59,175,76,0,310,0,0,10,0,10,59,175,86,0,320,32,0,32,352
08/24/2005,GSO,NC,ASO,ES,Combined TRACON& Tower with Radar,51,173,97,0,321,0,0,24,0,24,51,173,121,0,345,23,0,23,368
08/25/2005,GSO,NC,ASO,ES,Combined TRACON& Tower with Radar,54,178,92,2,326,0,0,65,0,65,54,178,157,2,391,13,14,27,418
08/26/2005,GSO,NC,ASO,ES,Combined TRACON& Tower with Radar,57,170,78,12,317,0,0,55,0,55,57,170,133,12,372,12,4,16,388
08/27/2005,GSO,NC,ASO,ES,Combined TRACON& Tower with Radar,41,148,30,0,219,0,0,41,0,41,41,148,71,0,260,54,0,54,314
08/28/2005,GSO,NC,ASO,ES,Combined TRACON& Tower with Radar,48,150,56,5,259,0,0,27,0,27,48,150,83,5,286,39,0,39,325
08/29/2005,GSO,NC,ASO,ES,Combined TRACON& Tower with Radar,45,162,90,0,297,0,0,21,0,21,45,162,111,0,318,38,0,38,356
08/30/2005,GSO,NC,ASO,ES,Combined TRACON& Tower with Radar,56,171,69,0,296,0,1,10,0,11,56,172,79,0,307,41,0,41,348
08/31/2005,GSO,NC,ASO,ES,Combined TRACON& Tower with Radar,54,183,83,4,324,0,0,39,0,39,54,183,122,4,363,26,10,36,399
09/01/2005,GSO,NC,ASO,ES,Combined TRACON& Tower with Radar,53,168,97,2,320,0,0,46,0,46,53,168,143,2,366,40,0,40,406
09/02/2005,GSO,NC,ASO,ES,Combined TRACON& Tower with Radar,54,166,78,7,305,0,0,48,1,49,54,166,126,8,354,18,0,18,372
09/03/2005,GSO,NC,ASO,ES,Combined TRACON& Tower with Radar,35,127,37,1,200,0,0,43,7,50,35,127,80,8,250,34,0,34,284
09/04/2005,GSO,NC,ASO,ES,Combined TRACON& Tower with Radar,37,114,33,0,184,0,0,44,0,44,37,114,77,0,228,13,0,13,241
09/05/2005,GSO,NC,ASO,ES,Combined TRACON& Tower with Radar,42,139,50,0,231,0,0,46,0,46,42,139,96,0,277,20,0,20,297
09/06/2005,GSO,NC,ASO,ES,Combined TRACON& Tower with Radar,47,159,72,3,281,0,0,38,2,40,47,159,110,5,321,47,1,48,369
09/07/2005,GSO,NC,ASO,ES,Combined TRACON& Tower with Radar,63,180,67,11,321,0,0,36,0,36,63,180,103,11,357,19,26,45,402
09/08/2005,GSO,NC,ASO,ES,Combined TRACON& Tower with Radar,60,165,90,3,318,0,0,64,3,67,60,165,154,6,385,43,2,45,430
09/09/2005,GSO,NC,ASO,ES,Combined TRACON& Tower with Radar,55,162,68,6,291,0,0,59,0,59,55,162,127,6,350,57,0,57,407
09/10/2005,GSO,NC,ASO,ES,Combined TRACON& Tower with Radar,43,130,40,0,213,0,0,40,1,41,43,130,80,1,254,6,0,6,260
09/11/2005,GSO,NC,ASO,ES,Combined TRACON& Tower with Radar,45,134,61,4,244,0,0,51,0,51,45,134,112,4,295,18,6,24,319
09/12/2005,GSO,NC,ASO,ES,Combined TRACON& Tower with Radar,47,164,55,1,267,0,0,38,0,38,47,164,93,1,305,19,0,19,324
09/13/2005,GSO,NC,ASO,ES,Combined TRACON& Tower with Radar,61,171,73,1,306,0,0,29,0,29,61,171,102,1,335,62,0,62,397
09/14/2005,GSO,NC,ASO,ES,Combined TRACON& Tower with Radar,48,162,94,0,304,0,0,13,0,13,48,162,107,0,317,19,0,19,336
09/15/2005,GSO,NC,ASO,ES,Combined TRACON& Tower with Radar,54,163,82,0,299,0,1,53,0,54,54,164,135,0,353,19,0,19,372
09/16/2005,GSO,NC,ASO,ES,Combined TRACON& Tower with Radar,58,169,88,3,318,0,0,45,1,46,58,169,133,4,364,41,0,41,405
09/17/2005,GSO,NC,ASO,ES,Combined TRACON& Tower with Radar,42,135,48,0,225,0,0,47,0,47,42,135,95,0,272,26,0,26,298
09/18/2005,GSO,NC,ASO,ES,Combined TRACON& Tower with Radar,39,158,64,1,262,0,0,50,0,50,39,158,114,1,312,24,0,24,336
09/19/2005,GSO,NC,ASO,ES,Combined TRACON& Tower with Radar,50,164,81,0,295,0,0,23,2,25,50,164,104,2,320,46,0,46,366
09/20/2005,GSO,NC,ASO,ES,Combined TRACON& Tower with Radar,57,170,77,2,306,0,0,13,0,13,57,170,90,2,319,33,0,33,352
09/21/2005,GSO,NC,ASO,ES,Combined TRACON& Tower with Radar,58,163,105,2,328,0,0,57,1,58,58,163,162,3,386,34,0,34,420
09/22/2005,GSO,NC,ASO,ES,Combined TRACON& Tower with Radar,56,167,118,4,345,0,0,41,0,41,56,167,159,4,386,39,1,40,426
09/23/2005,GSO,NC,ASO,ES,Combined TRACON& Tower with Radar,58,159,80,12,309,0,0,53,0,53,58,159,133,12,362,39,49,88,450
09/24/2005,GSO,NC,ASO,ES,Combined TRACON& Tower with Radar,42,130,26,1,199,0,0,18,2,20,42,130,44,3,219,0,0,0,219
09/25/2005,GSO,NC,ASO,ES,Combined TRACON& Tower with Radar,41,155,83,12,291,0,0,16,0,16,41,155,99,12,307,34,2,36,343
09/26/2005,GSO,NC,ASO,ES,Combined TRACON& Tower with Radar,51,173,83,0,307,0,0,5,0,5,51,173,88,0,312,35,0,35,347
09/27/2005,GSO,NC,ASO,ES,Combined TRACON& Tower with Radar,54,177,93,6,330,0,1,67,1,69,54,178,160,7,399,34,0,34,433
09/28/2005,GSO,NC,ASO,ES,Combined TRACON& Tower with Radar,57,167,104,2,330,0,0,55,3,58,57,167,159,5,388,30,17,47,435
09/29/2005,GSO,NC,ASO,ES,Combined TRACON& Tower with Radar,66,163,114,2,345,3,0,42,2,47,69,163,156,4,392,53,0,53,445
09/30/2005,GSO,NC,ASO,ES,Combined TRACON& Tower with Radar,60,169,86,3,318,0,0,47,1,48,60,169,133,4,366,19,4,23,389
10/01/2005,GSO,NC,ASO,ES,Combined TRACON& Tower with Radar,43,143,46,0,232,0,1,43,0,44,43,144,89,0,276,10,0,10,286
10/02/2005,GSO,NC,ASO,ES,Combined TRACON& Tower with Radar,38,184,65,7,294,0,0,44,1,45,38,184,109,8,339,12,6,18,357
10/03/2005,GSO,NC,ASO,ES,Combined TRACON& Tower with Radar,40,157,58,0,255,0,2,63,0,65,40,159,121,0,320,15,0,15,335
10/04/2005,GSO,NC,ASO,ES,Combined TRACON& Tower with Radar,55,159,79,0,293,0,0,40,0,40,55,159,119,0,333,15,0,15,348
10/05/2005,GSO,NC,ASO,ES,Combined TRACON& Tower with Radar,46,161,86,0,293,0,0,3,0,3,46,161,89,0,296,8,1,9,305
10/06/2005,GSO,NC,ASO,ES,Combined TRACON& Tower with Radar,53,169,89,6,317,0,0,2,0,2,53,169,91,6,319,10,0,10,329
10/07/2005,GSO,NC,ASO,ES,Combined TRACON& Tower with Radar,53,164,91,7,315,0,0,0,0,0,53,164,91,7,315,2,0,2,317
10/08/2005,GSO,NC,ASO,ES,Combined TRACON& Tower with Radar,39,136,44,0,219,0,0,2,0,2,39,136,46,0,221,14,0,14,235
10/09/2005,GSO,NC,ASO,ES,Combined TRACON& Tower with Radar,36,149,71,0,256,0,0,5,0,5,36,149,76,0,261,13,0,13,274
10/10/2005,GSO,NC,ASO,ES,Combined TRACON& Tower with Radar,44,167,77,1,289,0,0,0,0,0,44,167,77,1,289,14,0,14,303
10/11/2005,GSO,NC,ASO,ES,Combined TRACON& Tower with Radar,53,153,88,0,294,0,0,0,0,0,53,153,88,0,294,7,0,7,301
10/12/2005,GSO,NC,ASO,ES,Combined TRACON& Tower with Radar,50,173,101,0,324,0,0,2,0,2,50,173,103,0,326,2,0,2,328
10/13/2005,GSO,NC,ASO,ES,Combined TRACON& Tower with Radar,58,161,112,3,334,0,1,35,0,36,58,162,147,3,370,32,4,36,406
10/14/2005,GSO,NC,ASO,ES,Combined TRACON& Tower with Radar,57,158,107,1,323,0,0,49,0,49,57,158,156,1,372,18,2,20,392
10/15/2005,GSO,NC,ASO,ES,Combined TRACON& Tower with Radar,45,137,36,1,219,0,1,58,0,59,45,138,94,1,278,0,0,0,278
10/16/2005,GSO,NC,ASO,ES,Combined TRACON& Tower with Radar,10,139,50,0,199,0,0,55,0,55,10,139,105,0,254,2,0,2,256
10/17/2005,GSO,NC,ASO,ES,Combined TRACON& Tower with Radar,49,154,96,18,317,0,0,55,0,55,49,154,151,18,372,38,15,53,425
10/18/2005,GSO,NC,ASO,ES,Combined TRACON& Tower with Radar,72,173,142,0,387,0,0,56,0,56,72,173,198,0,443,32,22,54,497
10/19/2005,GSO,NC,ASO,ES,Combined TRACON& Tower with Radar,69,159,113,1,342,0,0,67,2,69,69,159,180,3,411,20,0,20,431
10/20/2005,GSO,NC,ASO,ES,Combined TRACON& Tower with Radar,71,186,123,2,382,0,0,52,0,52,71,186,175,2,434,37,0,37,471
10/21/2005,GSO,NC,ASO,ES,Combined TRACON& Tower with Radar,62,173,159,0,394,0,0,4,0,4,62,173,163,0,398,1,0,1,399
10/22/2005,GSO,NC,ASO,ES,Combined TRACON& Tower with Radar,61,147,82,2,292,0,0,8,0,8,61,147,90,2,300,24,0,24,324
10/23/2005,GSO,NC,ASO,ES,Combined TRACON& Tower with Radar,63,156,106,0,325,0,0,64,1,65,63,156,170,1,390,28,0,28,418
10/24/2005,GSO,NC,ASO,ES,Combined TRACON& Tower with Radar,65,146,102,9,322,0,0,28,1,29,65,146,130,10,351,21,28,49,400
10/25/2005,GSO,NC,ASO,ES,Combined TRACON& Tower with Radar,74,158,77,0,309,0,0,43,0,43,74,158,120,0,352,30,0,30,382
10/26/2005,GSO,NC,ASO,ES,Combined TRACON& Tower with Radar,56,160,111,1,328,0,0,56,1,57,56,160,167,2,385,23,0,23,408
10/27/2005,GSO,NC,ASO,ES,Combined TRACON& Tower with Radar,55,176,84,1,316,1,1,62,1,65,56,177,146,2,381,51,0,51,432
10/28/2005,GSO,NC,ASO,ES,Combined TRACON& Tower with Radar,57,161,79,1,298,0,0,46,1,47,57,161,125,2,345,21,2,23,368
10/29/2005,GSO,NC,ASO,ES,Combined TRACON& Tower with Radar,39,141,42,4,226,0,0,38,0,38,39,141,80,4,264,43,0,43,307
10/30/2005,GSO,NC,ASO,ES,Combined TRACON& Tower with Radar,36,134,66,0,236,0,0,43,1,44,36,134,109,1,280,24,6,30,310
10/31/2005,GSO,NC,ASO,ES,Combined TRACON& Tower with Radar,42,155,72,8,277,0,0,40,0,40,42,155,112,8,317,27,0,27,344
11/01/2005,GSO,NC,ASO,ES,Combined TRACON& Tower with Radar,53,158,84,2,297,0,0,54,0,54,53,158,138,2,351,18,0,18,369
11/02/2005,GSO,NC,ASO,ES,Combined TRACON& Tower with Radar,56,173,96,2,327,0,0,42,0,42,56,173,138,2,369,106,8,114,483
11/03/2005,GSO,NC,ASO,ES,Combined TRACON& Tower with Radar,63,177,91,3,334,0,0,57,1,58,63,177,148,4,392,52,0,52,444
11/04/2005,GSO,NC,ASO,ES,Combined TRACON& Tower with Radar,55,174,64,7,300,0,0,53,1,54,55,174,117,8,354,27,18,45,399
11/05/2005,GSO,NC,ASO,ES,Combined TRACON& Tower with Radar,37,138,43,1,219,0,0,31,0,31,37,138,74,1,250,18,0,18,268
11/06/2005,GSO,NC,ASO,ES,Combined TRACON& Tower with Radar,45,154,62,2,263,0,0,27,0,27,45,154,89,2,290,52,4,56,346
11/07/2005,GSO,NC,ASO,ES,Combined TRACON& Tower with Radar,40,173,62,3,278,0,0,44,0,44,40,173,106,3,322,44,26,70,392
11/08/2005,GSO,NC,ASO,ES,Combined TRACON& Tower with Radar,49,171,92,7,319,0,0,38,0,38,49,171,130,7,357,42,20,62,419
11/09/2005,GSO,NC,ASO,ES,Combined TRACON& Tower with Radar,61,171,86,1,319,0,0,62,0,62,61,171,148,1,381,31,0,31,412
11/10/2005,GSO,NC,ASO,ES,Combined TRACON& Tower with Radar,60,176,82,4,322,0,1,28,2,31,60,177,110,6,353,5,1,6,359
11/11/2005,GSO,NC,ASO,ES,Combined TRACON& Tower with Radar,45,181,83,2,311,0,0,56,0,56,45,181,139,2,367,31,0,31,398
11/12/2005,GSO,NC,ASO,ES,Combined TRACON& Tower with Radar,41,142,33,0,216,0,0,54,0,54,41,142,87,0,270,94,0,94,364
11/13/2005,GSO,NC,ASO,ES,Combined TRACON& Tower with Radar,41,153,51,5,250,0,0,40,0,40,41,153,91,5,290,12,8,20,310
11/14/2005,GSO,NC,ASO,ES,Combined TRACON& Tower with Radar,51,170,77,7,305,0,0,30,0,30,51,170,107,7,335,26,4,30,365
11/15/2005,GSO,NC,ASO,ES,Combined TRACON& Tower with Radar,49,139,91,2,281,0,0,18,0,18,49,139,109,2,299,27,0,27,326
11/16/2005,GSO,NC,ASO,ES,Combined TRACON& Tower with Radar,53,169,89,4,315,0,0,3,0,3,53,169,92,4,318,15,0,15,333
11/17/2005,GSO,NC,ASO,ES,Combined TRACON& Tower with Radar,54,167,118,1,340,0,2,50,0,52,54,169,168,1,392,4,0,4,396
11/18/2005,GSO,NC,ASO,ES,Combined TRACON& Tower with Radar,46,169,99,4,318,0,1,57,0,58,46,170,156,4,376,2,0,2,378
11/19/2005,GSO,NC,ASO,ES,Combined TRACON& Tower with Radar,32,139,41,2,214,0,0,44,0,44,32,139,85,2,258,43,0,43,301
11/20/2005,GSO,NC,ASO,ES,Combined TRACON& Tower with Radar,41,142,47,0,230,0,0,21,0,21,41,142,68,0,251,46,0,46,297
11/21/2005,GSO,NC,ASO,ES,Combined TRACON& Tower with Radar,36,164,74,0,274,0,0,0,0,0,36,164,74,0,274,4,0,4,278
11/22/2005,GSO,NC,ASO,ES,Combined TRACON& Tower with Radar,49,171,67,4,291,0,0,18,0,18,49,171,85,4,309,25,0,25,334
11/23/2005,GSO,NC,ASO,ES,Combined TRACON& Tower with Radar,49,177,77,5,308,0,1,53,0,54,49,178,130,5,362,45,0,45,407
11/24/2005,GSO,NC,ASO,ES,Combined TRACON& Tower with Radar,27,123,8,0,158,0,0,6,0,6,27,123,14,0,164,0,0,0,164
11/25/2005,GSO,NC,ASO,ES,Combined TRACON& Tower with Radar,37,137,38,0,212,0,0,39,0,39,37,137,77,0,251,14,0,14,265
11/26/2005,GSO,NC,ASO,ES,Combined TRACON& Tower with Radar,31,139,44,0,214,0,0,28,0,28,31,139,72,0,242,27,0,27,269
11/27/2005,GSO,NC,ASO,ES,Combined TRACON& Tower with Radar,38,161,57,0,256,0,0,5,0,5,38,161,62,0,261,6,0,6,267
11/28/2005,GSO,NC,ASO,ES,Combined TRACON& Tower with Radar,35,142,49,0,226,0,0,0,0,0,35,142,49,0,226,0,0,0,226
11/29/2005,GSO,NC,ASO,ES,Combined TRACON& Tower with Radar,65,168,68,3,304,0,0,4,0,4,65,168,72,3,308,3,0,3,311
11/30/2005,GSO,NC,ASO,ES,Combined TRACON& Tower with Radar,44,176,96,2,318,0,2,76,4,82,44,178,172,6,400,2,0,2,402
12/01/2005,GSO,NC,ASO,ES,Combined TRACON& Tower with Radar,47,157,94,8,306,0,0,37,0,37,47,157,131,8,343,34,8,42,385
12/02/2005,GSO,NC,ASO,ES,Combined TRACON& Tower with Radar,52,136,93,4,285,0,0,35,1,36,52,136,128,5,321,42,0,42,363
12/03/2005,GSO,NC,ASO,ES,Combined TRACON& Tower with Radar,33,108,35,0,176,0,0,38,0,38,33,108,73,0,214,33,0,33,247
12/04/2005,GSO,NC,ASO,ES,Combined TRACON& Tower with Radar,39,127,56,5,227,0,0,10,0,10,39,127,66,5,237,26,0,26,263
12/05/2005,GSO,NC,ASO,ES,Combined TRACON& Tower with Radar,37,149,51,4,241,0,0,0,0,0,37,149,51,4,241,0,0,0,241
12/06/2005,GSO,NC,ASO,ES,Combined TRACON& Tower with Radar,59,141,87,3,290,0,0,35,1,36,59,141,122,4,326,24,0,24,350
12/07/2005,GSO,NC,ASO,ES,Combined TRACON& Tower with Radar,45,153,86,2,286,0,0,56,0,56,45,153,142,2,342,39,2,41,383
12/08/2005,GSO,NC,ASO,ES,Combined TRACON& Tower with Radar,55,144,64,2,265,0,1,35,0,36,55,145,99,2,301,2,0,2,303
12/09/2005,GSO,NC,ASO,ES,Combined TRACON& Tower with Radar,49,137,65,4,255,0,0,29,0,29,49,137,94,4,284,14,3,17,301
12/10/2005,GSO,NC,ASO,ES,Combined TRACON& Tower with Radar,32,121,30,0,183,0,0,35,0,35,32,121,65,0,218,21,0,21,239
12/11/2005,GSO,NC,ASO,ES,Combined TRACON& Tower with Radar,46,133,48,0,227,0,0,31,0,31,46,133,79,0,258,45,0,45,303
12/12/2005,GSO,NC,ASO,ES,Combined TRACON& Tower with Radar,58,139,64,3,264,0,0,41,2,43,58,139,105,5,307,24,2,26,333
12/13/2005,GSO,NC,ASO,ES,Combined TRACON& Tower with Radar,48,155,89,0,292,0,0,66,1,67,48,155,155,1,359,27,0,27,386
12/14/2005,GSO,NC,ASO,ES,Combined TRACON& Tower with Radar,46,151,76,0,273,0,1,36,0,37,46,152,112,0,310,2,0,2,312
12/15/2005,GSO,NC,ASO,ES,Combined TRACON& Tower with Radar,41,131,42,0,214,0,0,0,0,0,41,131,42,0,214,0,0,0,214
12/16/2005,GSO,NC,ASO,ES,Combined TRACON& Tower with Radar,37,150,93,9,289,0,0,51,3,54,37,150,144,12,343,17,44,61,404
12/17/2005,GSO,NC,ASO,ES,Combined TRACON& Tower with Radar,37,123,45,7,212,0,0,54,0,54,37,123,99,7,266,26,0,26,292
12/18/2005,GSO,NC,ASO,ES,Combined TRACON& Tower with Radar,31,135,27,0,193,0,0,23,0,23,31,135,50,0,216,0,0,0,216
12/19/2005,GSO,NC,ASO,ES,Combined TRACON& Tower with Radar,33,144,72,0,249,0,0,43,0,43,33,144,115,0,292,23,0,23,315
12/20/2005,GSO,NC,ASO,ES,Combined TRACON& Tower with Radar,44,152,93,2,291,0,0,58,0,58,44,152,151,2,349,24,6,30,379
12/21/2005,GSO,NC,ASO,ES,Combined TRACON& Tower with Radar,49,148,72,0,269,0,0,41,0,41,49,148,113,0,310,14,0,14,324
12/22/2005,GSO,NC,ASO,ES,Combined TRACON& Tower with Radar,47,151,65,4,267,0,0,52,0,52,47,151,117,4,319,27,0,27,346
12/23/2005,GSO,NC,ASO,ES,Combined TRACON& Tower with Radar,44,153,43,0,240,0,0,41,0,41,44,153,84,0,281,2,0,2,283
12/24/2005,GSO,NC,ASO,ES,Combined TRACON& Tower with Radar,36,117,20,0,173,0,1,35,0,36,36,118,55,0,209,10,0,10,219
12/25/2005,GSO,NC,ASO,ES,Combined TRACON& Tower with Radar,19,116,3,0,138,0,0,0,0,0,19,116,3,0,138,0,0,0,138
12/26/2005,GSO,NC,ASO,ES,Combined TRACON& Tower with Radar,31,120,41,0,192,0,0,7,0,7,31,120,48,0,199,4,0,4,203
12/27/2005,GSO,NC,ASO,ES,Combined TRACON& Tower with Radar,60,130,45,0,235,0,0,33,0,33,60,130,78,0,268,28,0,28,296
12/28/2005,GSO,NC,ASO,ES,Combined TRACON& Tower with Radar,37,137,43,3,220,0,0,28,0,28,37,137,71,3,248,23,2,25,273
12/29/2005,GSO,NC,ASO,ES,Combined TRACON& Tower with Radar,51,137,51,2,241,0,0,16,0,16,51,137,67,2,257,18,2,20,277
12/30/2005,GSO,NC,ASO,ES,Combined TRACON& Tower with Radar,41,138,53,0,232,0,1,66,0,67,41,139,119,0,299,2,0,2,301
12/31/2005,GSO,NC,ASO,ES,Combined TRACON& Tower with Radar,36,116,19,0,171,0,0,15,0,15,36,116,34,0,186,4,0,4,190
01/01/2006,GSO,NC,ASO,ES,Combined TRACON& Tower with Radar,22,111,37,0,170,0,0,28,0,28,22,111,65,0,198,20,0,20,218
01/02/2006,GSO,NC,ASO,ES,Combined TRACON& Tower with Radar,28,139,26,0,193,0,0,0,0,0,28,139,26,0,193,4,0,4,197
01/03/2006,GSO,NC,ASO,ES,Combined TRACON& Tower with Radar,34,133,49,1,217,0,0,14,0,14,34,133,63,1,231,5,0,5,236
01/04/2006,GSO,NC,ASO,ES,Combined TRACON& Tower with Radar,52,148,63,0,263,0,0,0,0,0,52,148,63,0,263,10,1,11,274
01/05/2006,GSO,NC,ASO,ES,Combined TRACON& Tower with Radar,46,148,62,6,262,0,0,32,0,32,46,148,94,6,294,35,12,47,341
01/06/2006,GSO,NC,ASO,ES,Combined TRACON& Tower with Radar,47,142,57,0,246,0,0,28,0,28,47,142,85,0,274,6,0,6,280
01/07/2006,GSO,NC,ASO,ES,Combined TRACON& Tower with Radar,34,107,43,0,184,0,1,32,0,33,34,108,75,0,217,4,0,4,221
01/08/2006,GSO,NC,ASO,ES,Combined TRACON& Tower with Radar,37,124,38,2,201,0,0,33,0,33,37,124,71,2,234,8,4,12,246
01/09/2006,GSO,NC,ASO,ES,Combined TRACON& Tower with Radar,36,122,51,1,210,0,0,35,0,35,36,122,86,1,245,8,0,8,253
01/10/2006,GSO,NC,ASO,ES,Combined TRACON& Tower with Radar,47,130,82,0,259,0,0,45,0,45,47,130,127,0,304,30,0,30,334
01/11/2006,GSO,NC,ASO,ES,Combined TRACON& Tower with Radar,50,151,77,0,278,0,0,3,0,3,50,151,80,0,281,0,0,0,281
01/12/2006,GSO,NC,ASO,ES,Combined TRACON& Tower with Radar,48,142,87,2,279,0,0,44,0,44,48,142,131,2,323,26,0,26,349
01/13/2006,GSO,NC,ASO,ES,Combined TRACON& Tower with Radar,36,140,65,0,241,0,0,6,0,6,36,140,71,0,247,11,0,11,258
01/14/2006,GSO,NC,ASO,ES,Combined TRACON& Tower with Radar,40,107,39,1,187,0,0,7,0,7,40,107,46,1,194,1,0,1,195
01/15/2006,GSO,NC,ASO,ES,Combined TRACON& Tower with Radar,38,111,37,0,186,0,0,38,0,38,38,111,75,0,224,18,0,18,242
01/16/2006,GSO,NC,ASO,ES,Combined TRACON& Tower with Radar,46,120,69,1,236,0,0,44,0,44,46,120,113,1,280,50,0,50,330
01/17/2006,GSO,NC,ASO,ES,Combined TRACON& Tower with Radar,41,150,87,3,281,0,0,11,0,11,41,150,98,3,292,20,4,24,316
01/18/2006,GSO,NC,ASO,ES,Combined TRACON& Tower with Radar,50,124,59,3,236,0,0,0,0,0,50,124,59,3,236,17,0,17,253
01/19/2006,GSO,NC,ASO,ES,Combined TRACON& Tower with Radar,51,127,99,2,279,0,0,70,1,71,51,127,169,3,350,46,0,46,396
01/20/2006,GSO,NC,ASO,ES,Combined TRACON& Tower with Radar,45,131,102,2,280,0,1,63,0,64,45,132,165,2,344,19,0,19,363
01/21/2006,GSO,NC,ASO,ES,Combined TRACON& Tower with Radar,32,105,31,0,168,0,0,0,0,0,32,105,31,0,168,8,0,8,176
01/22/2006,GSO,NC,ASO,ES,Combined TRACON& Tower with Radar,35,107,56,0,198,0,0,2,0,2,35,107,58,0,200,2,0,2,202
01/23/2006,GSO,NC,ASO,ES,Combined TRACON& Tower with Radar,32,130,49,2,213,0,0,0,0,0,32,130,49,2,213,4,0,4,217
01/24/2006,GSO,NC,ASO,ES,Combined TRACON& Tower with Radar,51,137,91,4,283,0,0,34,0,34,51,137,125,4,317,24,4,28,345
01/25/2006,GSO,NC,ASO,ES,Combined TRACON& Tower with Radar,50,123,93,0,266,0,0,19,0,19,50,123,112,0,285,0,0,0,285
01/26/2006,GSO,NC,ASO,ES,Combined TRACON& Tower with Radar,47,151,71,0,269,0,0,32,0,32,47,151,103,0,301,26,0,26,327
01/27/2006,GSO,NC,ASO,ES,Combined TRACON& Tower with Radar,52,141,89,0,282,0,0,76,0,76,52,141,165,0,358,65,0,65,423
01/28/2006,GSO,NC,ASO,ES,Combined TRACON& Tower with Radar,33,108,37,0,178,0,1,59,0,60,33,109,96,0,238,32,0,32,270
01/29/2006,GSO,NC,ASO,ES,Combined TRACON& Tower with Radar,39,123,53,2,217,0,0,2,2,4,39,123,55,4,221,12,0,12,233
01/30/2006,GSO,NC,ASO,ES,Combined TRACON& Tower with Radar,37,128,64,1,230,0,0,28,0,28,37,128,92,1,258,37,0,37,295
01/31/2006,GSO,NC,ASO,ES,Combined TRACON& Tower with Radar,47,125,67,0,239,0,0,27,0,27,47,125,94,0,266,9,0,9,275
02/01/2006,GSO,NC,ASO,ES,Combined TRACON& Tower with Radar,53,130,86,4,273,0,0,57,0,57,53,130,143,4,330,27,0,27,357
02/02/2006,GSO,NC,ASO,ES,Combined TRACON& Tower with Radar,47,125,73,0,245,0,0,29,0,29,47,125,102,0,274,18,0,18,292
02/03/2006,GSO,NC,ASO,ES,Combined TRACON& Tower with Radar,47,147,84,7,285,0,0,26,0,26,47,147,110,7,311,40,10,50,361
02/04/2006,GSO,NC,ASO,ES,Combined TRACON& Tower with Radar,40,109,24,0,173,0,0,1,0,1,40,109,25,0,174,4,0,4,178
02/05/2006,GSO,NC,ASO,ES,Combined TRACON& Tower with Radar,45,103,30,0,178,0,0,19,0,19,45,103,49,0,197,29,0,29,226
02/06/2006,GSO,NC,ASO,ES,Combined TRACON& Tower with Radar,39,116,54,8,217,0,0,36,0,36,39,116,90,8,253,32,0,32,285
02/07/2006,GSO,NC,ASO,ES,Combined TRACON& Tower with Radar,44,133,83,0,260,0,0,56,2,58,44,133,139,2,318,27,0,27,345
02/08/2006,GSO,NC,ASO,ES,Combined TRACON& Tower with Radar,44,133,87,0,264,0,0,34,1,35,44,133,121,1,299,22,0,22,321
02/09/2006,GSO,NC,ASO,ES,Combined TRACON& Tower with Radar,50,137,97,0,284,0,0,45,0,45,50,137,142,0,329,13,0,13,342
02/10/2006,GSO,NC,ASO,ES,Combined TRACON& Tower with Radar,50,135,68,0,253,0,0,38,0,38,50,135,106,0,291,33,0,33,324
02/11/2006,GSO,NC,ASO,ES,Combined TRACON& Tower with Radar,41,99,18,0,158,0,0,0,0,0,41,99,18,0,158,4,0,4,162
02/12/2006,GSO,NC,ASO,ES,Combined TRACON& Tower with Radar,40,83,37,0,160,0,0,12,0,12,40,83,49,0,172,15,0,15,187
02/13/2006,GSO,NC,ASO,ES,Combined TRACON& Tower with Radar,51,124,73,6,254,0,0,38,0,38,51,124,111,6,292,65,0,65,357
02/14/2006,GSO,NC,ASO,ES,Combined TRACON& Tower with Radar,54,145,58,8,265,0,0,55,0,55,54,145,113,8,320,89,4,93,413
02/15/2006,GSO,NC,ASO,ES,Combined TRACON& Tower with Radar,58,134,90,3,285,0,0,67,1,68,58,134,157,4,353,64,1,65,418
02/16/2006,GSO,NC,ASO,ES,Combined TRACON& Tower with Radar,51,139,80,6,276,0,0,42,0,42,51,139,122,6,318,48,0,48,366
02/17/2006,GSO,NC,ASO,ES,Combined TRACON& Tower with Radar,53,130,89,0,272,1,0,35,0,36,54,130,124,0,308,33,0,33,341
02/18/2006,GSO,NC,ASO,ES,Combined TRACON& Tower with Radar,32,106,21,0,159,0,0,0,0,0,32,106,21,0,159,0,0,0,159
02/19/2006,GSO,NC,ASO,ES,Combined TRACON& Tower with Radar,35,116,47,0,198,0,0,29,0,29,35,116,76,0,227,14,0,14,241
02/20/2006,GSO,NC,ASO,ES,Combined TRACON& Tower with Radar,38,134,44,0,216,0,0,25,0,25,38,134,69,0,241,32,0,32,273
02/21/2006,GSO,NC,ASO,ES,Combined TRACON& Tower with Radar,44,136,84,0,264,0,0,43,0,43,44,136,127,0,307,48,0,48,355
02/22/2006,GSO,NC,ASO,ES,Combined TRACON& Tower with Radar,44,136,93,0,273,0,0,1,0,1,44,136,94,0,274,10,0,10,284
02/23/2006,GSO,NC,ASO,ES,Combined TRACON& Tower with Radar,45,151,93,1,290,0,0,40,0,40,45,151,133,1,330,23,0,23,353
02/24/2006,GSO,NC,ASO,ES,Combined TRACON& Tower with Radar,51,137,77,2,267,0,0,63,0,63,51,137,140,2,330,22,0,22,352
02/25/2006,GSO,NC,ASO,ES,Combined TRACON& Tower with Radar,35,114,42,3,194,0,0,16,0,16,35,114,58,3,210,18,0,18,228
02/26/2006,GSO,NC,ASO,ES,Combined TRACON& Tower with Radar,40,127,48,4,219,0,0,18,0,18,40,127,66,4,237,5,0,5,242
02/27/2006,GSO,NC,ASO,ES,Combined TRACON& Tower with Radar,39,132,81,1,253,0,0,49,0,49,39,132,130,1,302,44,1,45,347
02/28/2006,GSO,NC,ASO,ES,Combined TRACON& Tower with Radar,37,146,102,2,287,0,0,40,0,40,37,146,142,2,327,51,0,51,378
03/01/2006,GSO,NC,ASO,ES,Combined TRACON& Tower with Radar,57,138,70,3,268,0,1,39,0,40,57,139,109,3,308,41,4,45,353
03/02/2006,GSO,NC,ASO,ES,Combined TRACON& Tower with Radar,53,132,85,5,275,1,0,18,0,19,54,132,103,5,294,25,0,25,319
03/03/2006,GSO,NC,ASO,ES,Combined TRACON& Tower with Radar,51,149,81,4,285,0,0,45,0,45,51,149,126,4,330,15,0,15,345
03/04/2006,GSO,NC,ASO,ES,Combined TRACON& Tower with Radar,32,129,41,0,202,0,0,34,0,34,32,129,75,0,236,27,0,27,263
03/05/2006,GSO,NC,ASO,ES,Combined TRACON& Tower with Radar,31,140,35,0,206,0,0,52,0,52,31,140,87,0,258,48,0,48,306
03/06/2006,GSO,NC,ASO,ES,Combined TRACON& Tower with Radar,42,139,70,3,254,0,0,16,0,16,42,139,86,3,270,46,2,48,318
03/07/2006,GSO,NC,ASO,ES,Combined TRACON& Tower with Radar,51,129,73,1,254,0,0,53,0,53,51,129,126,1,307,7,0,7,314
03/08/2006,GSO,NC,ASO,ES,Combined TRACON& Tower with Radar,52,136,92,2,282,0,0,55,0,55,52,136,147,2,337,0,0,0,337
03/09/2006,GSO,NC,ASO,ES,Combined TRACON& Tower with Radar,45,164,124,3,336,0,0,23,0,23,45,164,147,3,359,49,0,49,408
03/10/2006,GSO,NC,ASO,ES,Combined TRACON& Tower with Radar,40,164,104,2,310,0,0,23,0,23,40,164,127,2,333,23,0,23,356
03/11/2006,GSO,NC,ASO,ES,Combined TRACON& Tower with Radar,54,141,72,0,267,0,0,46,0,46,54,141,118,0,313,25,0,25,338
03/12/2006,GSO,NC,ASO,ES,Combined TRACON& Tower with Radar,39,157,89,0,285,0,0,28,0,28,39,157,117,0,313,33,0,33,346
03/13/2006,GSO,NC,ASO,ES,Combined TRACON& Tower with Radar,49,132,65,2,248,0,0,21,0,21,49,132,86,2,269,20,0,20,289
03/14/2006,GSO,NC,ASO,ES,Combined TRACON& Tower with Radar,51,152,69,7,279,0,1,17,1,19,51,153,86,8,298,5,0,5,303
03/15/2006,GSO,NC,ASO,ES,Combined TRACON& Tower with Radar,49,156,83,1,289,0,0,39,0,39,49,156,122,1,328,18,0,18,346
03/16/2006,GSO,NC,ASO,ES,Combined TRACON& Tower with Radar,74,162,141,0,377,0,0,89,2,91,74,162,230,2,468,48,1,49,517
03/17/2006,GSO,NC,ASO,ES,Combined TRACON& Tower with Radar,48,149,84,5,286,432,0,49,0,481,480,149,133,5,767,26,10,36,803
03/18/2006,GSO,NC,ASO,ES,Combined TRACON& Tower with Radar,42,120,79,2,243,0,1,59,0,60,42,121,138,2,303,27,0,27,330
03/19/2006,GSO,NC,ASO,ES,Combined TRACON& Tower with Radar,38,131,46,0,215,0,0,47,5,52,38,131,93,5,267,21,0,21,288
03/20/2006,GSO,NC,ASO,ES,Combined TRACON& Tower with Radar,33,146,92,3,274,0,0,22,0,22,33,146,114,3,296,22,0,22,318
03/21/2006,GSO,NC,ASO,ES,Combined TRACON& Tower with Radar,50,140,85,0,275,0,0,0,0,0,50,140,85,0,275,1,0,1,276
03/22/2006,GSO,NC,ASO,ES,Combined TRACON& Tower with Radar,41,149,102,0,292,0,0,65,0,65,41,149,167,0,357,21,0,21,378
03/23/2006,GSO,NC,ASO,ES,Combined TRACON& Tower with Radar,47,143,113,2,305,0,0,64,0,64,47,143,177,2,369,29,0,29,398
03/24/2006,GSO,NC,ASO,ES,Combined TRACON& Tower with Radar,40,167,104,0,311,0,0,28,0,28,40,167,132,0,339,23,0,23,362
03/25/2006,GSO,NC,ASO,ES,Combined TRACON& Tower with Radar,30,120,82,0,232,0,0,71,1,72,30,120,153,1,304,97,0,97,401
03/26/2006,GSO,NC,ASO,ES,Combined TRACON& Tower with Radar,40,124,93,1,258,0,0,59,0,59,40,124,152,1,317,36,0,36,353
03/27/2006,GSO,NC,ASO,ES,Combined TRACON& Tower with Radar,35,147,76,3,261,0,0,63,0,63,35,147,139,3,324,35,7,42,366
03/28/2006,GSO,NC,ASO,ES,Combined TRACON& Tower with Radar,42,154,59,1,256,0,0,26,1,27,42,154,85,2,283,34,0,34,317
03/29/2006,GSO,NC,ASO,ES,Combined TRACON& Tower with Radar,46,134,107,5,292,0,1,38,0,39,46,135,145,5,331,22,5,27,358
03/30/2006,GSO,NC,ASO,ES,Combined TRACON& Tower with Radar,46,130,84,0,260,0,0,51,0,51,46,130,135,0,311,10,0,10,321
03/31/2006,GSO,NC,ASO,ES,Combined TRACON& Tower with Radar,49,144,100,0,293,0,1,37,0,38,49,145,137,0,331,25,0,25,356
04/01/2006,GSO,NC,ASO,ES,Combined TRACON& Tower with Radar,36,114,37,0,187,0,0,29,0,29,36,114,66,0,216,37,0,37,253
04/02/2006,GSO,NC,ASO,ES,Combined TRACON& Tower with Radar,34,128,60,0,222,0,0,55,0,55,34,128,115,0,277,10,0,10,287
04/03/2006,GSO,NC,ASO,ES,Combined TRACON& Tower with Radar,50,145,45,0,240,0,0,19,0,19,50,145,64,0,259,0,0,0,259
04/04/2006,GSO,NC,ASO,ES,Combined TRACON& Tower with Radar,42,138,63,0,243,0,0,47,0,47,42,138,110,0,290,32,1,33,323
04/05/2006,GSO,NC,ASO,ES,Combined TRACON& Tower with Radar,45,153,78,0,276,0,0,33,0,33,45,153,111,0,309,21,0,21,330
04/06/2006,GSO,NC,ASO,ES,Combined TRACON& Tower with Radar,49,143,88,6,286,0,0,60,0,60,49,143,148,6,346,28,0,28,374
04/07/2006,GSO,NC,ASO,ES,Combined TRACON& Tower with Radar,38,161,79,9,287,0,0,30,0,30,38,161,109,9,317,11,0,11,328
04/08/2006,GSO,NC,ASO,ES,Combined TRACON& Tower with Radar,35,122,33,0,190,0,0,4,0,4,35,122,37,0,194,18,28,46,240
04/09/2006,GSO,NC,ASO,ES,Combined TRACON& Tower with Radar,35,139,59,6,239,0,0,51,0,51,35,139,110,6,290,2,0,2,292
04/10/2006,GSO,NC,ASO,ES,Combined TRACON& Tower with Radar,31,144,93,5,273,0,0,67,0,67,31,144,160,5,340,48,1,49,389
04/11/2006,GSO,NC,ASO,ES,Combined TRACON& Tower with Radar,40,134,92,1,267,0,0,53,0,53,40,134,145,1,320,17,0,17,337
04/12/2006,GSO,NC,ASO,ES,Combined TRACON& Tower with Radar,48,153,90,1,292,0,0,75,0,75,48,153,165,1,367,19,1,20,387
04/13/2006,GSO,NC,ASO,ES,Combined TRACON& Tower with Radar,46,143,117,0,306,0,0,67,0,67,46,143,184,0,373,27,3,30,403
04/14/2006,GSO,NC,ASO,ES,Combined TRACON& Tower with Radar,45,141,60,0,246,405,0,28,0,433,450,141,88,0,679,22,0,22,701
04/15/2006,GSO,NC,ASO,ES,Combined TRACON& Tower with Radar,31,113,18,0,162,0,0,28,0,28,31,113,46,0,190,10,0,10,200
04/16/2006,GSO,NC,ASO,ES,Combined TRACON& Tower with Radar,31,125,43,2,201,0,0,31,0,31,31,125,74,2,232,0,0,0,232
04/17/2006,GSO,NC,ASO,ES,Combined TRACON& Tower with Radar,40,156,94,3,293,0,0,33,0,33,40,156,127,3,326,17,4,21,347
04/18/2006,GSO,NC,ASO,ES,Combined TRACON& Tower with Radar,58,144,96,0,298,0,0,72,0,72,58,144,168,0,370,14,0,14,384
04/19/2006,GSO,NC,ASO,ES,Combined TRACON& Tower with Radar,56,143,82,5,286,0,0,29,1,30,56,143,111,6,316,39,0,39,355
04/20/2006,GSO,NC,ASO,ES,Combined TRACON& Tower with Radar,51,142,110,0,303,0,1,47,0,48,51,143,157,0,351,43,0,43,394
04/21/2006,GSO,NC,ASO,ES,Combined TRACON& Tower with Radar,43,147,85,0,275,0,0,30,1,31,43,147,115,1,306,13,0,13,319
04/22/2006,GSO,NC,ASO,ES,Combined TRACON& Tower with Radar,43,103,75,0,221,0,0,3,0,3,43,103,78,0,224,68,0,68,292
04/23/2006,GSO,NC,ASO,ES,Combined TRACON& Tower with Radar,44,134,127,0,305,0,0,131,0,131,44,134,258,0,436,46,0,46,482
04/24/2006,GSO,NC,ASO,ES,Combined TRACON& Tower with Radar,52,140,120,0,312,0,0,44,0,44,52,140,164,0,356,29,0,29,385
04/25/2006,GSO,NC,ASO,ES,Combined TRACON& Tower with Radar,70,141,109,1,321,0,0,54,0,54,70,141,163,1,375,54,0,54,429
04/26/2006,GSO,NC,ASO,ES,Combined TRACON& Tower with Radar,68,139,125,14,346,0,0,14,0,14,68,139,139,14,360,6,0,6,366
04/27/2006,GSO,NC,ASO,ES,Combined TRACON& Tower with Radar,65,156,124,1,346,0,0,20,1,21,65,156,144,2,367,30,0,30,397
04/28/2006,GSO,NC,ASO,ES,Combined TRACON& Tower with Radar,57,159,123,5,344,0,0,90,2,92,57,159,213,7,436,19,0,19,455
04/29/2006,GSO,NC,ASO,ES,Combined TRACON& Tower with Radar,43,112,73,0,228,0,0,64,0,64,43,112,137,0,292,14,0,14,306
04/30/2006,GSO,NC,ASO,ES,Combined TRACON& Tower with Radar,44,147,104,5,300,0,0,51,0,51,44,147,155,5,351,16,0,16,367
05/01/2006,GSO,NC,ASO,ES,Combined TRACON& Tower with Radar,46,152,107,5,310,0,0,58,0,58,46,152,165,5,368,20,8,28,396
05/02/2006,GSO,NC,ASO,ES,Combined TRACON& Tower with Radar,68,167,81,0,316,0,0,60,0,60,68,167,141,0,376,25,0,25,401
05/03/2006,GSO,NC,ASO,ES,Combined TRACON& Tower with Radar,61,145,79,0,285,0,0,37,1,38,61,145,116,1,323,39,1,40,363
05/04/2006,GSO,NC,ASO,ES,Combined TRACON& Tower with Radar,51,143,95,2,291,0,0,61,1,62,51,143,156,3,353,37,0,37,390
05/05/2006,GSO,NC,ASO,ES,Combined TRACON& Tower with Radar,61,151,87,6,305,0,0,25,0,25,61,151,112,6,330,15,0,15,345
05/06/2006,GSO,NC,ASO,ES,Combined TRACON& Tower with Radar,32,118,56,3,209,0,0,43,0,43,32,118,99,3,252,29,2,31,283
05/07/2006,GSO,NC,ASO,ES,Combined TRACON& Tower with Radar,40,126,55,2,223,0,0,6,0,6,40,126,61,2,229,17,0,17,246
05/08/2006,GSO,NC,ASO,ES,Combined TRACON& Tower with Radar,40,136,100,3,279,0,0,7,0,7,40,136,107,3,286,14,0,14,300
05/09/2006,GSO,NC,ASO,ES,Combined TRACON& Tower with Radar,52,148,98,0,298,0,1,9,0,10,52,149,107,0,308,10,0,10,318
05/10/2006,GSO,NC,ASO,ES,Combined TRACON& Tower with Radar,53,143,103,2,301,0,0,5,1,6,53,143,108,3,307,23,0,23,330
05/11/2006,GSO,NC,ASO,ES,Combined TRACON& Tower with Radar,48,149,88,5,290,0,0,7,0,7,48,149,95,5,297,62,0,62,359
05/12/2006,GSO,NC,ASO,ES,Combined TRACON& Tower with Radar,45,157,89,4,295,0,0,47,2,49,45,157,136,6,344,28,0,28,372
05/13/2006,GSO,NC,ASO,ES,Combined TRACON& Tower with Radar,33,129,24,2,188,0,1,54,0,55,33,130,78,2,243,20,2,22,265
05/14/2006,GSO,NC,ASO,ES,Combined TRACON& Tower with Radar,37,133,41,0,211,0,0,12,0,12,37,133,53,0,223,4,0,4,227
05/15/2006,GSO,NC,ASO,ES,Combined TRACON& Tower with Radar,36,141,83,0,260,0,0,43,1,44,36,141,126,1,304,38,0,38,342
05/16/2006,GSO,NC,ASO,ES,Combined TRACON& Tower with Radar,43,147,95,3,288,0,0,45,0,45,43,147,140,3,333,44,2,46,379
05/17/2006,GSO,NC,ASO,ES,Combined TRACON& Tower with Radar,51,143,75,2,271,0,0,40,0,40,51,143,115,2,311,25,0,25,336
05/18/2006,GSO,NC,ASO,ES,Combined TRACON& Tower with Radar,62,165,91,0,318,0,0,0,0,0,62,165,91,0,318,25,2,27,345
05/19/2006,GSO,NC,ASO,ES,Combined TRACON& Tower with Radar,48,152,86,8,294,0,0,66,2,68,48,152,152,10,362,38,9,47,409
05/20/2006,GSO,NC,ASO,ES,Combined TRACON& Tower with Radar,42,133,44,0,219,0,0,31,0,31,42,133,75,0,250,28,0,28,278
05/21/2006,GSO,NC,ASO,ES,Combined TRACON& Tower with Radar,42,123,51,2,218,0,0,38,0,38,42,123,89,2,256,16,0,16,272
05/22/2006,GSO,NC,ASO,ES,Combined TRACON& Tower with Radar,35,136,91,0,262,0,0,51,0,51,35,136,142,0,313,25,0,25,338
05/23/2006,GSO,NC,ASO,ES,Combined TRACON& Tower with Radar,42,132,78,5,257,0,0,46,1,47,42,132,124,6,304,11,0,11,315
05/24/2006,GSO,NC,ASO,ES,Combined TRACON& Tower with Radar,51,145,76,0,272,0,1,67,2,70,51,146,143,2,342,2,0,2,344
05/25/2006,GSO,NC,ASO,ES,Combined TRACON& Tower with Radar,56,147,112,0,315,0,2,35,0,37,56,149,147,0,352,37,0,37,389
05/26/2006,GSO,NC,ASO,ES,Combined TRACON& Tower with Radar,48,147,75,0,270,0,0,29,0,29,48,147,104,0,299,22,0,22,321
05/27/2006,GSO,NC,ASO,ES,Combined TRACON& Tower with Radar,37,111,47,0,195,0,0,37,0,37,37,111,84,0,232,11,0,11,243
05/28/2006,GSO,NC,ASO,ES,Combined TRACON& Tower with Radar,36,103,31,0,170,0,0,41,0,41,36,103,72,0,211,0,0,0,211
05/29/2006,GSO,NC,ASO,ES,Combined TRACON& Tower with Radar,33,119,39,9,200,0,0,48,0,48,33,119,87,9,248,30,14,44,292
05/30/2006,GSO,NC,ASO,ES,Combined TRACON& Tower with Radar,27,137,94,0,258,0,3,45,1,49,27,140,139,1,307,31,0,31,338
05/31/2006,GSO,NC,ASO,ES,Combined TRACON& Tower with Radar,53,137,110,1,301,0,0,52,0,52,53,137,162,1,353,23,0,23,376
06/01/2006,GSO,NC,ASO,ES,Combined TRACON& Tower with Radar,59,134,68,1,262,0,0,18,0,18,59,134,86,1,280,20,0,20,300
06/02/2006,GSO,NC,ASO,ES,Combined TRACON& Tower with Radar,48,135,80,5,268,0,0,14,0,14,48,135,94,5,282,19,0,19,301
06/03/2006,GSO,NC,ASO,ES,Combined TRACON& Tower with Radar,41,114,20,0,175,0,0,14,0,14,41,114,34,0,189,4,0,4,193
06/04/2006,GSO,NC,ASO,ES,Combined TRACON& Tower with Radar,36,134,62,0,232,0,0,40,0,40,36,134,102,0,272,24,0,24,296
06/05/2006,GSO,NC,ASO,ES,Combined TRACON& Tower with Radar,39,141,81,2,263,0,0,18,0,18,39,141,99,2,281,8,0,8,289
06/06/2006,GSO,NC,ASO,ES,Combined TRACON& Tower with Radar,39,145,93,2,279,0,1,44,0,45,39,146,137,2,324,25,16,41,365
06/07/2006,GSO,NC,ASO,ES,Combined TRACON& Tower with Radar,46,141,97,0,284,0,0,44,0,44,46,141,141,0,328,26,0,26,354
06/08/2006,GSO,NC,ASO,ES,Combined TRACON& Tower with Radar,49,140,109,1,299,0,0,37,1,38,49,140,146,2,337,15,0,15,352
06/09/2006,GSO,NC,ASO,ES,Combined TRACON& Tower with Radar,46,154,81,2,283,0,0,62,2,64,46,154,143,4,347,22,1,23,370
06/10/2006,GSO,NC,ASO,ES,Combined TRACON& Tower with Radar,44,128,48,0,220,0,0,31,0,31,44,128,79,0,251,35,0,35,286
06/11/2006,GSO,NC,ASO,ES,Combined TRACON& Tower with Radar,36,133,57,3,229,0,0,23,0,23,36,133,80,3,252,33,0,33,285
06/12/2006,GSO,NC,ASO,ES,Combined TRACON& Tower with Radar,31,145,88,2,266,0,0,9,1,10,31,145,97,3,276,30,0,30,306
06/13/2006,GSO,NC,ASO,ES,Combined TRACON& Tower with Radar,45,132,94,0,271,0,0,43,2,45,45,132,137,2,316,8,0,8,324
06/14/2006,GSO,NC,ASO,ES,Combined TRACON& Tower with Radar,54,133,77,5,269,0,0,9,0,9,54,133,86,5,278,18,0,18,296
06/15/2006,GSO,NC,ASO,ES,Combined TRACON& Tower with Radar,47,147,89,0,283,0,0,59,0,59,47,147,148,0,342,14,0,14,356
06/16/2006,GSO,NC,ASO,ES,Combined TRACON& Tower with Radar,43,134,83,0,260,0,0,68,0,68,43,134,151,0,328,26,1,27,355
06/17/2006,GSO,NC,ASO,ES,Combined TRACON& Tower with Radar,33,117,31,0,181,0,1,50,0,51,33,118,81,0,232,9,0,9,241
06/18/2006,GSO,NC,ASO,ES,Combined TRACON& Tower with Radar,33,139,44,5,221,0,0,34,0,34,33,139,78,5,255,21,16,37,292
06/19/2006,GSO,NC,ASO,ES,Combined TRACON& Tower with Radar,35,127,74,6,242,0,0,35,0,35,35,127,109,6,277,42,4,46,323
06/20/2006,GSO,NC,ASO,ES,Combined TRACON& Tower with Radar,46,151,65,2,264,0,1,50,0,51,46,152,115,2,315,25,0,25,340
06/21/2006,GSO,NC,ASO,ES,Combined TRACON& Tower with Radar,40,166,74,0,280,0,2,53,0,55,40,168,127,0,335,79,0,79,414
06/22/2006,GSO,NC,ASO,ES,Combined TRACON& Tower with Radar,46,154,81,2,283,0,0,38,0,38,46,154,119,2,321,17,1,18,339
06/23/2006,GSO,NC,ASO,ES,Combined TRACON& Tower with Radar,50,149,101,3,303,0,0,21,1,22,50,149,122,4,325,4,0,4,329
06/24/2006,GSO,NC,ASO,ES,Combined TRACON& Tower with Radar,38,127,45,0,210,0,0,8,0,8,38,127,53,0,218,32,0,32,250
06/25/2006,GSO,NC,ASO,ES,Combined TRACON& Tower with Radar,33,119,37,0,189,0,0,2,0,2,33,119,39,0,191,20,0,20,211
06/26/2006,GSO,NC,ASO,ES,Combined TRACON& Tower with Radar,31,122,58,2,213,0,0,5,0,5,31,122,63,2,218,0,0,0,218
06/27/2006,GSO,NC,ASO,ES,Combined TRACON& Tower with Radar,47,137,114,1,299,0,0,1,0,1,47,137,115,1,300,8,0,8,308
06/28/2006,GSO,NC,ASO,ES,Combined TRACON& Tower with Radar,39,147,79,5,270,0,0,56,0,56,39,147,135,5,326,23,0,23,349
06/29/2006,GSO,NC,ASO,ES,Combined TRACON& Tower with Radar,50,149,78,1,278,0,0,50,0,50,50,149,128,1,328,10,2,12,340
06/30/2006,GSO,NC,ASO,ES,Combined TRACON& Tower with Radar,60,141,75,0,276,0,0,33,0,33,60,141,108,0,309,26,0,26,335
07/01/2006,GSO,NC,ASO,ES,Combined TRACON& Tower with Radar,34,132,56,0,222,0,0,42,0,42,34,132,98,0,264,15,0,15,279
07/02/2006,GSO,NC,ASO,ES,Combined TRACON& Tower with Radar,38,111,35,0,184,0,0,32,0,32,38,111,67,0,216,15,0,15,231
07/03/2006,GSO,NC,ASO,ES,Combined TRACON& Tower with Radar,42,105,44,1,192,0,0,29,0,29,42,105,73,1,221,42,0,42,263
07/04/2006,GSO,NC,ASO,ES,Combined TRACON& Tower with Radar,27,109,19,1,156,0,0,18,0,18,27,109,37,1,174,7,0,7,181
07/05/2006,GSO,NC,ASO,ES,Combined TRACON& Tower with Radar,40,125,72,1,238,0,0,9,1,10,40,125,81,2,248,18,3,21,269
07/06/2006,GSO,NC,ASO,ES,Combined TRACON& Tower with Radar,49,132,86,0,267,0,0,7,0,7,49,132,93,0,274,5,0,5,279
07/07/2006,GSO,NC,ASO,ES,Combined TRACON& Tower with Radar,50,138,93,2,283,0,0,31,0,31,50,138,124,2,314,32,0,32,346
07/08/2006,GSO,NC,ASO,ES,Combined TRACON& Tower with Radar,34,113,42,0,189,0,1,44,0,45,34,114,86,0,234,4,0,4,238
07/09/2006,GSO,NC,ASO,ES,Combined TRACON& Tower with Radar,34,134,41,0,209,0,0,41,0,41,34,134,82,0,250,21,0,21,271
07/10/2006,GSO,NC,ASO,ES,Combined TRACON& Tower with Radar,43,128,77,0,248,0,0,33,0,33,43,128,110,0,281,33,1,34,315
07/11/2006,GSO,NC,ASO,ES,Combined TRACON& Tower with Radar,41,140,50,0,231,0,1,26,0,27,41,141,76,0,258,12,1,13,271
07/12/2006,GSO,NC,ASO,ES,Combined TRACON& Tower with Radar,42,143,74,5,264,0,1,60,2,63,42,144,134,7,327,21,2,23,350
07/13/2006,GSO,NC,ASO,ES,Combined TRACON& Tower with Radar,47,137,61,2,247,0,0,26,0,26,47,137,87,2,273,16,1,17,290
07/14/2006,GSO,NC,ASO,ES,Combined TRACON& Tower with Radar,55,139,73,0,267,0,0,30,0,30,55,139,103,0,297,9,0,9,306
07/15/2006,GSO,NC,ASO,ES,Combined TRACON& Tower with Radar,41,115,30,0,186,0,0,37,0,37,41,115,67,0,223,26,0,26,249
07/16/2006,GSO,NC,ASO,ES,Combined TRACON& Tower with Radar,35,127,57,0,219,0,0,40,0,40,35,127,97,0,259,6,1,7,266
07/17/2006,GSO,NC,ASO,ES,Combined TRACON& Tower with Radar,31,137,71,2,241,0,0,58,0,58,31,137,129,2,299,21,0,21,320
07/18/2006,GSO,NC,ASO,ES,Combined TRACON& Tower with Radar,41,140,67,0,248,0,0,50,0,50,41,140,117,0,298,18,0,18,316
07/19/2006,GSO,NC,ASO,ES,Combined TRACON& Tower with Radar,50,158,106,0,314,0,0,54,1,55,50,158,160,1,369,16,0,16,385
07/20/2006,GSO,NC,ASO,ES,Combined TRACON& Tower with Radar,52,145,96,0,293,0,0,39,0,39,52,145,135,0,332,12,0,12,344
07/21/2006,GSO,NC,ASO,ES,Combined TRACON& Tower with Radar,44,133,86,3,266,0,0,33,0,33,44,133,119,3,299,7,0,7,306
07/22/2006,GSO,NC,ASO,ES,Combined TRACON& Tower with Radar,36,127,37,0,200,0,0,7,0,7,36,127,44,0,207,36,0,36,243
07/23/2006,GSO,NC,ASO,ES,Combined TRACON& Tower with Radar,36,134,63,0,233,0,1,15,0,16,36,135,78,0,249,8,0,8,257
07/24/2006,GSO,NC,ASO,ES,Combined TRACON& Tower with Radar,37,134,91,10,272,0,1,24,0,25,37,135,115,10,297,27,6,33,330
07/25/2006,GSO,NC,ASO,ES,Combined TRACON& Tower with Radar,48,141,82,0,271,0,0,5,0,5,48,141,87,0,276,9,0,9,285
07/26/2006,GSO,NC,ASO,ES,Combined TRACON& Tower with Radar,47,146,81,1,275,0,0,23,0,23,47,146,104,1,298,23,0,23,321
07/27/2006,GSO,NC,ASO,ES,Combined TRACON& Tower with Radar,43,132,96,3,274,0,0,28,0,28,43,132,124,3,302,27,7,34,336
07/28/2006,GSO,NC,ASO,ES,Combined TRACON& Tower with Radar,55,133,56,0,244,0,0,43,1,44,55,133,99,1,288,12,0,12,300
07/29/2006,GSO,NC,ASO,ES,Combined TRACON& Tower with Radar,36,131,20,0,187,0,0,29,0,29,36,131,49,0,216,14,0,14,230
07/30/2006,GSO,NC,ASO,ES,Combined TRACON& Tower with Radar,36,120,44,0,200,0,0,37,0,37,36,120,81,0,237,13,0,13,250
07/31/2006,GSO,NC,ASO,ES,Combined TRACON& Tower with Radar,44,141,83,9,277,1,0,26,0,27,45,141,109,9,304,20,6,26,330
08/01/2006,GSO,NC,ASO,ES,Combined TRACON& Tower with Radar,46,131,66,6,249,0,0,31,0,31,46,131,97,6,280,30,2,32,312
08/02/2006,GSO,NC,ASO,ES,Combined TRACON& Tower with Radar,52,141,77,0,270,0,0,25,0,25,52,141,102,0,295,16,0,16,311
08/03/2006,GSO,NC,ASO,ES,Combined TRACON& Tower with Radar,45,137,72,0,254,0,0,31,0,31,45,137,103,0,285,22,0,22,307
08/04/2006,GSO,NC,ASO,ES,Combined TRACON& Tower with Radar,49,154,97,5,305,0,0,45,0,45,49,154,142,5,350,13,0,13,363
08/05/2006,GSO,NC,ASO,ES,Combined TRACON& Tower with Radar,32,114,34,0,180,0,0,29,0,29,32,114,63,0,209,14,0,14,223
08/06/2006,GSO,NC,ASO,ES,Combined TRACON& Tower with Radar,41,133,63,0,237,0,0,13,0,13,41,133,76,0,250,0,0,0,250
08/07/2006,GSO,NC,ASO,ES,Combined TRACON& Tower with Radar,33,140,82,0,255,0,0,30,0,30,33,140,112,0,285,25,0,25,310
08/08/2006,GSO,NC,ASO,ES,Combined TRACON& Tower with Radar,49,134,85,2,270,0,0,35,0,35,49,134,120,2,305,15,0,15,320
08/09/2006,GSO,NC,ASO,ES,Combined TRACON& Tower with Radar,44,147,114,0,305,0,0,20,0,20,44,147,134,0,325,11,0,11,336
08/10/2006,GSO,NC,ASO,ES,Combined TRACON& Tower with Radar,49,135,84,1,269,0,0,21,0,21,49,135,105,1,290,45,0,45,335
08/11/2006,GSO,NC,ASO,ES,Combined TRACON& Tower with Radar,45,140,104,0,289,0,1,14,0,15,45,141,118,0,304,8,0,8,312
08/12/2006,GSO,NC,ASO,ES,Combined TRACON& Tower with Radar,25,123,46,0,194,0,0,11,0,11,25,123,57,0,205,4,0,4,209
08/13/2006,GSO,NC,ASO,ES,Combined TRACON& Tower with Radar,39,129,52,0,220,0,0,48,0,48,39,129,100,0,268,12,0,12,280
08/14/2006,GSO,NC,ASO,ES,Combined TRACON& Tower with Radar,39,120,62,5,226,0,1,57,0,58,39,121,119,5,284,43,3,46,330
08/15/2006,GSO,NC,ASO,ES,Combined TRACON& Tower with Radar,36,132,82,15,265,0,0,30,0,30,36,132,112,15,295,12,4,16,311
08/16/2006,GSO,NC,ASO,ES,Combined TRACON& Tower with Radar,43,144,109,0,296,0,0,26,0,26,43,144,135,0,322,13,0,13,335
08/17/2006,GSO,NC,ASO,ES,Combined TRACON& Tower with Radar,48,144,83,0,275,0,0,65,0,65,48,144,148,0,340,19,0,19,359
08/18/2006,GSO,NC,ASO,ES,Combined TRACON& Tower with Radar,56,145,108,1,310,0,0,27,0,27,56,145,135,1,337,42,0,42,379
08/19/2006,GSO,NC,ASO,ES,Combined TRACON& Tower with Radar,39,116,41,0,196,9,0,17,0,26,48,116,58,0,222,6,0,6,228
08/20/2006,GSO,NC,ASO,ES,Combined TRACON& Tower with Radar,35,135,47,6,223,0,0,13,0,13,35,135,60,6,236,30,9,39,275
08/21/2006,GSO,NC,ASO,ES,Combined TRACON& Tower with Radar,43,131,74,3,251,0,0,31,1,32,43,131,105,4,283,37,4,41,324
08/22/2006,GSO,NC,ASO,ES,Combined TRACON& Tower with Radar,59,133,93,0,285,0,0,7,0,7,59,133,100,0,292,2,0,2,294
08/23/2006,GSO,NC,ASO,ES,Combined TRACON& Tower with Radar,46,141,89,0,276,0,0,26,0,26,46,141,115,0,302,37,0,37,339
08/24/2006,GSO,NC,ASO,ES,Combined TRACON& Tower with Radar,40,132,88,0,260,0,1,37,0,38,40,133,125,0,298,24,2,26,324
08/25/2006,GSO,NC,ASO,ES,Combined TRACON& Tower with Radar,50,155,88,3,296,0,0,32,0,32,50,155,120,3,328,38,0,38,366
08/26/2006,GSO,NC,ASO,ES,Combined TRACON& Tower with Radar,31,126,40,0,197,0,0,32,0,32,31,126,72,0,229,22,0,22,251
08/27/2006,GSO,NC,ASO,ES,Combined TRACON& Tower with Radar,38,127,47,1,213,0,0,31,0,31,38,127,78,1,244,17,0,17,261
08/28/2006,GSO,NC,ASO,ES,Combined TRACON& Tower with Radar,42,132,86,12,272,0,0,65,0,65,42,132,151,12,337,60,0,60,397
08/29/2006,GSO,NC,ASO,ES,Combined TRACON& Tower with Radar,50,136,99,3,288,0,0,62,0,62,50,136,161,3,350,25,0,25,375
08/30/2006,GSO,NC,ASO,ES,Combined TRACON& Tower with Radar,44,135,73,2,254,0,0,14,0,14,44,135,87,2,268,8,0,8,276
08/31/2006,GSO,NC,ASO,ES,Combined TRACON& Tower with Radar,51,139,86,2,278,0,0,0,0,0,51,139,86,2,278,6,0,6,284
09/01/2006,GSO,NC,ASO,ES,Combined TRACON& Tower with Radar,34,146,54,0,234,0,0,1,0,1,34,146,55,0,235,0,0,0,235
09/02/2006,GSO,NC,ASO,ES,Combined TRACON& Tower with Radar,35,122,39,0,196,0,0,18,0,18,35,122,57,0,214,29,0,29,243
09/03/2006,GSO,NC,ASO,ES,Combined TRACON& Tower with Radar,32,92,19,0,143,0,0,14,0,14,32,92,33,0,157,4,0,4,161
09/04/2006,GSO,NC,ASO,ES,Combined TRACON& Tower with Radar,35,111,30,0,176,0,0,5,0,5,35,111,35,0,181,6,0,6,187
09/05/2006,GSO,NC,ASO,ES,Combined TRACON& Tower with Radar,45,128,62,4,239,0,0,7,0,7,45,128,69,4,246,14,4,18,264
09/06/2006,GSO,NC,ASO,ES,Combined TRACON& Tower with Radar,37,149,109,1,296,0,0,18,2,20,37,149,127,3,316,31,0,31,347
09/07/2006,GSO,NC,ASO,ES,Combined TRACON& Tower with Radar,46,146,114,3,309,0,0,37,0,37,46,146,151,3,346,22,0,22,368
09/08/2006,GSO,NC,ASO,ES,Combined TRACON& Tower with Radar,47,145,107,0,299,0,0,20,1,21,47,145,127,1,320,52,1,53,373
09/09/2006,GSO,NC,ASO,ES,Combined TRACON& Tower with Radar,37,114,47,0,198,0,0,24,1,25,37,114,71,1,223,23,0,23,246
09/10/2006,GSO,NC,ASO,ES,Combined TRACON& Tower with Radar,42,129,61,0,232,0,0,33,0,33,42,129,94,0,265,8,0,8,273
09/11/2006,GSO,NC,ASO,ES,Combined TRACON& Tower with Radar,30,134,80,13,257,0,0,10,0,10,30,134,90,13,267,8,0,8,275
09/12/2006,GSO,NC,ASO,ES,Combined TRACON& Tower with Radar,53,134,74,1,262,0,0,19,0,19,53,134,93,1,281,0,0,0,281
09/13/2006,GSO,NC,ASO,ES,Combined TRACON& Tower with Radar,49,146,95,1,291,0,0,0,1,1,49,146,95,2,292,16,0,16,308
09/14/2006,GSO,NC,ASO,ES,Combined TRACON& Tower with Radar,53,145,116,5,319,0,0,22,0,22,53,145,138,5,341,27,0,27,368
09/15/2006,GSO,NC,ASO,ES,Combined TRACON& Tower with Radar,48,139,100,5,292,0,0,56,0,56,48,139,156,5,348,18,0,18,366
09/16/2006,GSO,NC,ASO,ES,Combined TRACON& Tower with Radar,43,102,34,0,179,0,0,30,0,30,43,102,64,0,209,14,0,14,223
09/17/2006,GSO,NC,ASO,ES,Combined TRACON& Tower with Radar,36,137,75,3,251,0,0,37,0,37,36,137,112,3,288,23,4,27,315
09/18/2006,GSO,NC,ASO,ES,Combined TRACON& Tower with Radar,47,142,88,15,292,0,0,26,0,26,47,142,114,15,318,45,18,63,381
09/19/2006,GSO,NC,ASO,ES,Combined TRACON& Tower with Radar,56,150,108,0,314,0,0,9,0,9,56,150,117,0,323,24,0,24,347
09/20/2006,GSO,NC,ASO,ES,Combined TRACON& Tower with Radar,56,152,112,2,322,0,0,65,0,65,56,152,177,2,387,23,0,23,410
09/21/2006,GSO,NC,ASO,ES,Combined TRACON& Tower with Radar,57,140,99,0,296,0,2,60,0,62,57,142,159,0,358,25,0,25,383
09/22/2006,GSO,NC,ASO,ES,Combined TRACON& Tower with Radar,38,144,74,7,263,0,0,16,2,18,38,144,90,9,281,19,1,20,301
09/23/2006,GSO,NC,ASO,ES,Combined TRACON& Tower with Radar,43,106,44,1,194,0,0,14,1,15,43,106,58,2,209,12,0,12,221
09/24/2006,GSO,NC,ASO,ES,Combined TRACON& Tower with Radar,40,134,52,0,226,0,0,7,0,7,40,134,59,0,233,6,0,6,239
09/25/2006,GSO,NC,ASO,ES,Combined TRACON& Tower with Radar,40,134,83,2,259,0,0,45,0,45,40,134,128,2,304,28,0,28,332
09/26/2006,GSO,NC,ASO,ES,Combined TRACON& Tower with Radar,68,142,82,0,292,0,0,46,0,46,68,142,128,0,338,12,0,12,350
09/27/2006,GSO,NC,ASO,ES,Combined TRACON& Tower with Radar,53,147,79,0,279,0,0,39,0,39,53,147,118,0,318,18,0,18,336
09/28/2006,GSO,NC,ASO,ES,Combined TRACON& Tower with Radar,50,144,97,0,291,0,0,37,0,37,50,144,134,0,328,28,0,28,356
09/29/2006,GSO,NC,ASO,ES,Combined TRACON& Tower with Radar,56,153,97,0,306,0,0,43,2,45,56,153,140,2,351,15,1,16,367
09/30/2006,GSO,NC,ASO,ES,Combined TRACON& Tower with Radar,44,111,33,0,188,0,0,26,0,26,44,111,59,0,214,9,0,9,223
10/01/2006,GSO,NC,ASO,ES,Combined TRACON& Tower with Radar,43,139,43,0,225,0,0,26,0,26,43,139,69,0,251,34,0,34,285
10/02/2006,GSO,NC,ASO,ES,Combined TRACON& Tower with Radar,42,135,91,2,270,0,0,35,1,36,42,135,126,3,306,20,0,20,326
10/03/2006,GSO,NC,ASO,ES,Combined TRACON& Tower with Radar,65,150,71,2,288,0,0,41,2,43,65,150,112,4,331,34,2,36,367
10/04/2006,GSO,NC,ASO,ES,Combined TRACON& Tower with Radar,62,139,75,0,276,0,0,40,0,40,62,139,115,0,316,30,0,30,346
10/05/2006,GSO,NC,ASO,ES,Combined TRACON& Tower with Radar,64,146,92,0,302,0,0,40,0,40,64,146,132,0,342,28,0,28,370
10/06/2006,GSO,NC,ASO,ES,Combined TRACON& Tower with Radar,55,145,90,2,292,0,0,5,0,5,55,145,95,2,297,0,0,0,297
10/07/2006,GSO,NC,ASO,ES,Combined TRACON& Tower with Radar,45,122,36,0,203,0,0,0,0,0,45,122,36,0,203,2,0,2,205
10/08/2006,GSO,NC,ASO,ES,Combined TRACON& Tower with Radar,52,154,84,0,290,0,0,0,0,0,52,154,84,0,290,4,0,4,294
10/09/2006,GSO,NC,ASO,ES,Combined TRACON& Tower with Radar,36,131,79,0,246,0,0,39,0,39,36,131,118,0,285,2,1,3,288
10/10/2006,GSO,NC,ASO,ES,Combined TRACON& Tower with Radar,56,129,94,0,279,0,0,71,1,72,56,129,165,1,351,26,0,26,377
10/11/2006,GSO,NC,ASO,ES,Combined TRACON& Tower with Radar,57,144,90,6,297,0,0,27,0,27,57,144,117,6,324,18,0,18,342
10/12/2006,GSO,NC,ASO,ES,Combined TRACON& Tower with Radar,57,147,115,0,319,0,0,33,0,33,57,147,148,0,352,21,0,21,373
10/13/2006,GSO,NC,ASO,ES,Combined TRACON& Tower with Radar,65,137,114,0,316,0,0,72,0,72,65,137,186,0,388,14,1,15,403
10/14/2006,GSO,NC,ASO,ES,Combined TRACON& Tower with Radar,49,113,47,0,209,0,0,43,0,43,49,113,90,0,252,19,0,19,271
10/15/2006,GSO,NC,ASO,ES,Combined TRACON& Tower with Radar,60,125,76,0,261,0,0,44,0,44,60,125,120,0,305,14,0,14,319
10/16/2006,GSO,NC,ASO,ES,Combined TRACON& Tower with Radar,50,134,120,2,306,0,0,36,3,39,50,134,156,5,345,27,0,27,372
10/17/2006,GSO,NC,ASO,ES,Combined TRACON& Tower with Radar,57,136,85,1,279,0,0,0,0,0,57,136,85,1,279,10,0,10,289
10/18/2006,GSO,NC,ASO,ES,Combined TRACON& Tower with Radar,62,142,134,4,342,0,0,7,0,7,62,142,141,4,349,13,0,13,362
10/19/2006,GSO,NC,ASO,ES,Combined TRACON& Tower with Radar,58,156,168,4,386,0,0,12,0,12,58,156,180,4,398,41,2,43,441
10/20/2006,GSO,NC,ASO,ES,Combined TRACON& Tower with Radar,62,141,126,3,332,0,0,38,0,38,62,141,164,3,370,4,0,4,374
10/21/2006,GSO,NC,ASO,ES,Combined TRACON& Tower with Radar,49,114,59,0,222,0,0,41,0,41,49,114,100,0,263,7,0,7,270
10/22/2006,GSO,NC,ASO,ES,Combined TRACON& Tower with Radar,70,108,86,0,264,0,0,5,0,5,70,108,91,0,269,14,0,14,283
10/23/2006,GSO,NC,ASO,ES,Combined TRACON& Tower with Radar,57,129,103,0,289,0,0,38,2,40,57,129,141,2,329,22,0,22,351
10/24/2006,GSO,NC,ASO,ES,Combined TRACON& Tower with Radar,62,128,90,2,282,0,0,34,0,34,62,128,124,2,316,10,0,10,326
10/25/2006,GSO,NC,ASO,ES,Combined TRACON& Tower with Radar,55,148,74,6,283,0,0,50,3,53,55,148,124,9,336,30,10,40,376
10/26/2006,GSO,NC,ASO,ES,Combined TRACON& Tower with Radar,51,140,101,2,294,0,0,50,0,50,51,140,151,2,344,28,0,28,372
10/27/2006,GSO,NC,ASO,ES,Combined TRACON& Tower with Radar,51,150,112,0,313,0,0,2,0,2,51,150,114,0,315,15,0,15,330
10/28/2006,GSO,NC,ASO,ES,Combined TRACON& Tower with Radar,39,108,30,0,177,0,0,5,0,5,39,108,35,0,182,8,0,8,190
10/29/2006,GSO,NC,ASO,ES,Combined TRACON& Tower with Radar,40,123,54,0,217,0,0,24,0,24,40,123,78,0,241,9,1,10,251
10/30/2006,GSO,NC,ASO,ES,Combined TRACON& Tower with Radar,45,144,72,0,261,0,0,60,0,60,45,144,132,0,321,20,0,20,341
10/31/2006,GSO,NC,ASO,ES,Combined TRACON& Tower with Radar,59,137,70,0,266,0,0,61,0,61,59,137,131,0,327,10,0,10,337
11/01/2006,GSO,NC,ASO,ES,Combined TRACON& Tower with Radar,56,140,93,1,290,0,1,39,1,41,56,141,132,2,331,4,0,4,335
11/02/2006,GSO,NC,ASO,ES,Combined TRACON& Tower with Radar,54,145,83,0,282,0,0,36,0,36,54,145,119,0,318,29,0,29,347
11/03/2006,GSO,NC,ASO,ES,Combined TRACON& Tower with Radar,55,147,94,0,296,0,0,59,1,60,55,147,153,1,356,18,0,18,374
11/04/2006,GSO,NC,ASO,ES,Combined TRACON& Tower with Radar,37,111,41,0,189,0,0,48,0,48,37,111,89,0,237,18,0,18,255
11/05/2006,GSO,NC,ASO,ES,Combined TRACON& Tower with Radar,51,126,51,0,228,0,0,48,0,48,51,126,99,0,276,5,0,5,281
11/06/2006,GSO,NC,ASO,ES,Combined TRACON& Tower with Radar,46,136,70,5,257,0,0,37,0,37,46,136,107,5,294,15,0,15,309
11/07/2006,GSO,NC,ASO,ES,Combined TRACON& Tower with Radar,62,141,77,2,282,0,0,0,0,0,62,141,77,2,282,4,0,4,286
11/08/2006,GSO,NC,ASO,ES,Combined TRACON& Tower with Radar,49,130,99,1,279,0,0,13,0,13,49,130,112,1,292,8,0,8,300
11/09/2006,GSO,NC,ASO,ES,Combined TRACON& Tower with Radar,58,145,92,1,296,0,0,49,0,49,58,145,141,1,345,21,0,21,366
11/10/2006,GSO,NC,ASO,ES,Combined TRACON& Tower with Radar,52,149,88,0,289,0,0,38,0,38,52,149,126,0,327,18,0,18,345
11/11/2006,GSO,NC,ASO,ES,Combined TRACON& Tower with Radar,37,119,44,0,200,0,0,36,0,36,37,119,80,0,236,23,0,23,259
11/12/2006,GSO,NC,ASO,ES,Combined TRACON& Tower with Radar,38,128,51,0,217,0,0,14,0,14,38,128,65,0,231,3,0,3,234
11/13/2006,GSO,NC,ASO,ES,Combined TRACON& Tower with Radar,37,133,85,2,257,0,0,44,1,45,37,133,129,3,302,47,3,50,352
11/14/2006,GSO,NC,ASO,ES,Combined TRACON& Tower with Radar,57,134,92,2,285,0,0,44,0,44,57,134,136,2,329,32,2,34,363
11/15/2006,GSO,NC,ASO,ES,Combined TRACON& Tower with Radar,60,137,111,9,317,0,0,21,0,21,60,137,132,9,338,12,0,12,350
11/16/2006,GSO,NC,ASO,ES,Combined TRACON& Tower with Radar,52,144,85,1,282,0,0,5,0,5,52,144,90,1,287,10,0,10,297
11/17/2006,GSO,NC,ASO,ES,Combined TRACON& Tower with Radar,58,149,91,0,298,0,2,36,1,39,58,151,127,1,337,48,0,48,385
11/18/2006,GSO,NC,ASO,ES,Combined TRACON& Tower with Radar,43,120,35,0,198,0,0,39,0,39,43,120,74,0,237,28,0,28,265
11/19/2006,GSO,NC,ASO,ES,Combined TRACON& Tower with Radar,50,127,45,11,233,0,0,26,0,26,50,127,71,11,259,14,0,14,273
11/20/2006,GSO,NC,ASO,ES,Combined TRACON& Tower with Radar,57,129,75,0,261,0,0,25,2,27,57,129,100,2,288,7,0,7,295
11/21/2006,GSO,NC,ASO,ES,Combined TRACON& Tower with Radar,70,144,88,2,304,0,0,12,2,14,70,144,100,4,318,12,0,12,330
11/22/2006,GSO,NC,ASO,ES,Combined TRACON& Tower with Radar,58,145,51,1,255,0,0,0,0,0,58,145,51,1,255,0,0,0,255
11/23/2006,GSO,NC,ASO,ES,Combined TRACON& Tower with Radar,35,92,27,0,154,0,0,11,0,11,35,92,38,0,165,0,0,0,165
11/24/2006,GSO,NC,ASO,ES,Combined TRACON& Tower with Radar,38,107,45,0,190,0,0,49,0,49,38,107,94,0,239,19,0,19,258
11/25/2006,GSO,NC,ASO,ES,Combined TRACON& Tower with Radar,44,126,27,0,197,0,0,25,0,25,44,126,52,0,222,17,0,17,239
11/26/2006,GSO,NC,ASO,ES,Combined TRACON& Tower with Radar,50,134,59,0,243,0,0,38,0,38,50,134,97,0,281,43,0,43,324
11/27/2006,GSO,NC,ASO,ES,Combined TRACON& Tower with Radar,47,148,82,0,277,0,0,46,1,47,47,148,128,1,324,24,0,24,348
11/28/2006,GSO,NC,ASO,ES,Combined TRACON& Tower with Radar,60,144,106,7,317,0,0,61,0,61,60,144,167,7,378,0,0,0,378
11/29/2006,GSO,NC,ASO,ES,Combined TRACON& Tower with Radar,52,137,91,0,280,0,0,17,0,17,52,137,108,0,297,23,0,23,320
11/30/2006,GSO,NC,ASO,ES,Combined TRACON& Tower with Radar,56,129,85,0,270,0,0,9,0,9,56,129,94,0,279,24,0,24,303
12/01/2006,GSO,NC,ASO,ES,Combined TRACON& Tower with Radar,54,129,65,5,253,0,0,2,0,2,54,129,67,5,255,6,6,12,267
12/02/2006,GSO,NC,ASO,ES,Combined TRACON& Tower with Radar,40,118,37,0,195,0,0,27,0,27,40,118,64,0,222,0,0,0,222
12/03/2006,GSO,NC,ASO,ES,Combined TRACON& Tower with Radar,43,129,39,0,211,0,0,27,0,27,43,129,66,0,238,0,0,0,238
12/04/2006,GSO,NC,ASO,ES,Combined TRACON& Tower with Radar,45,131,60,2,238,0,0,48,3,51,45,131,108,5,289,17,0,17,306
12/05/2006,GSO,NC,ASO,ES,Combined TRACON& Tower with Radar,64,143,92,1,300,0,2,52,0,54,64,145,144,1,354,14,0,14,368
12/06/2006,GSO,NC,ASO,ES,Combined TRACON& Tower with Radar,63,138,101,1,303,0,0,56,1,57,63,138,157,2,360,55,0,55,415
12/07/2006,GSO,NC,ASO,ES,Combined TRACON& Tower with Radar,64,139,100,0,303,0,0,27,0,27,64,139,127,0,330,16,0,16,346
12/08/2006,GSO,NC,ASO,ES,Combined TRACON& Tower with Radar,49,139,63,3,254,0,0,43,0,43,49,139,106,3,297,14,0,14,311
12/09/2006,GSO,NC,ASO,ES,Combined TRACON& Tower with Radar,41,114,38,0,193,0,0,24,0,24,41,114,62,0,217,1,0,1,218
12/10/2006,GSO,NC,ASO,ES,Combined TRACON& Tower with Radar,44,125,43,0,212,0,0,21,0,21,44,125,64,0,233,18,0,18,251
12/11/2006,GSO,NC,ASO,ES,Combined TRACON& Tower with Radar,52,134,74,6,266,0,0,49,0,49,52,134,123,6,315,43,8,51,366
12/12/2006,GSO,NC,ASO,ES,Combined TRACON& Tower with Radar,62,142,126,2,332,0,0,68,0,68,62,142,194,2,400,15,0,15,415
12/13/2006,GSO,NC,ASO,ES,Combined TRACON& Tower with Radar,59,137,101,2,299,0,0,32,2,34,59,137,133,4,333,23,0,23,356
12/14/2006,GSO,NC,ASO,ES,Combined TRACON& Tower with Radar,48,157,83,4,292,0,0,48,2,50,48,157,131,6,342,16,0,16,358
12/15/2006,GSO,NC,ASO,ES,Combined TRACON& Tower with Radar,39,157,89,0,285,0,0,29,0,29,39,157,118,0,314,28,0,28,342
12/16/2006,GSO,NC,ASO,ES,Combined TRACON& Tower with Radar,35,122,33,1,191,0,0,40,0,40,35,122,73,1,231,41,0,41,272
12/17/2006,GSO,NC,ASO,ES,Combined TRACON& Tower with Radar,34,132,39,0,205,0,0,23,0,23,34,132,62,0,228,20,0,20,248
12/18/2006,GSO,NC,ASO,ES,Combined TRACON& Tower with Radar,36,154,89,1,280,0,0,43,0,43,36,154,132,1,323,43,0,43,366
12/19/2006,GSO,NC,ASO,ES,Combined TRACON& Tower with Radar,50,158,96,0,304,0,0,42,0,42,50,158,138,0,346,21,0,21,367
12/20/2006,GSO,NC,ASO,ES,Combined TRACON& Tower with Radar,46,156,90,2,294,0,0,41,0,41,46,156,131,2,335,41,1,42,377
12/21/2006,GSO,NC,ASO,ES,Combined TRACON& Tower with Radar,55,147,79,0,281,0,0,20,0,20,55,147,99,0,301,22,0,22,323
12/22/2006,GSO,NC,ASO,ES,Combined TRACON& Tower with Radar,45,152,62,0,259,0,0,0,0,0,45,152,62,0,259,20,0,20,279
12/23/2006,GSO,NC,ASO,ES,Combined TRACON& Tower with Radar,33,132,37,0,202,0,0,21,0,21,33,132,58,0,223,18,0,18,241
12/24/2006,GSO,NC,ASO,ES,Combined TRACON& Tower with Radar,26,109,12,0,147,0,0,13,0,13,26,109,25,0,160,11,0,11,171
12/25/2006,GSO,NC,ASO,ES,Combined TRACON& Tower with Radar,22,111,3,0,136,0,0,0,0,0,22,111,3,0,136,0,0,0,136
12/26/2006,GSO,NC,ASO,ES,Combined TRACON& Tower with Radar,32,120,49,0,201,0,0,7,0,7,32,120,56,0,208,5,0,5,213
12/27/2006,GSO,NC,ASO,ES,Combined TRACON& Tower with Radar,36,148,55,1,240,0,0,39,0,39,36,148,94,1,279,8,0,8,287
12/28/2006,GSO,NC,ASO,ES,Combined TRACON& Tower with Radar,41,147,47,0,235,0,0,48,0,48,41,147,95,0,283,38,0,38,321
12/29/2006,GSO,NC,ASO,ES,Combined TRACON& Tower with Radar,48,129,43,0,220,0,0,49,0,49,48,129,92,0,269,13,0,13,282
12/30/2006,GSO,NC,ASO,ES,Combined TRACON& Tower with Radar,31,123,27,0,181,0,0,15,0,15,31,123,42,0,196,7,0,7,203
12/31/2006,GSO,NC,ASO,ES,Combined TRACON& Tower with Radar,30,124,19,0,173,0,0,0,0,0,30,124,19,0,173,12,0,12,185
01/01/2007,GSO,NC,ASO,ES,Combined TRACON& Tower with Radar,19,124,30,0,173,0,0,4,0,4,19,124,34,0,177,0,0,0,177
01/02/2007,GSO,NC,ASO,ES,Combined TRACON& Tower with Radar,4,15,1,0,20,0,0,23,0,23,4,15,24,0,43,20,0,20,63
01/03/2007,GSO,NC,ASO,ES,Combined TRACON& Tower with Radar,48,161,57,0,266,0,0,42,0,42,48,161,99,0,308,22,4,26,334
01/04/2007,GSO,NC,ASO,ES,Combined TRACON& Tower with Radar,37,153,71,1,262,0,0,8,0,8,37,153,79,1,270,23,0,23,293
01/05/2007,GSO,NC,ASO,ES,Combined TRACON& Tower with Radar,39,143,67,0,249,0,0,0,0,0,39,143,67,0,249,3,0,3,252
01/06/2007,GSO,NC,ASO,ES,Combined TRACON& Tower with Radar,27,122,24,2,175,0,0,27,0,27,27,122,51,2,202,12,0,12,214
01/07/2007,GSO,NC,ASO,ES,Combined TRACON& Tower with Radar,42,127,38,2,209,0,0,5,0,5,42,127,43,2,214,15,0,15,229
01/08/2007,GSO,NC,ASO,ES,Combined TRACON& Tower with Radar,42,147,58,0,247,0,1,25,2,28,42,148,83,2,275,4,0,4,279
01/09/2007,GSO,NC,ASO,ES,Combined TRACON& Tower with Radar,49,153,58,0,260,0,0,29,0,29,49,153,87,0,289,42,0,42,331
01/10/2007,GSO,NC,ASO,ES,Combined TRACON& Tower with Radar,44,146,69,6,265,0,0,50,0,50,44,146,119,6,315,47,0,47,362
01/11/2007,GSO,NC,ASO,ES,Combined TRACON& Tower with Radar,45,153,80,0,278,0,0,49,2,51,45,153,129,2,329,38,0,38,367
01/12/2007,GSO,NC,ASO,ES,Combined TRACON& Tower with Radar,37,161,79,0,277,0,0,24,0,24,37,161,103,0,301,27,0,27,328
01/13/2007,GSO,NC,ASO,ES,Combined TRACON& Tower with Radar,26,122,41,0,189,0,0,10,0,10,26,122,51,0,199,23,0,23,222
01/14/2007,GSO,NC,ASO,ES,Combined TRACON& Tower with Radar,31,118,34,0,183,0,0,16,0,16,31,118,50,0,199,0,0,0,199
01/15/2007,GSO,NC,ASO,ES,Combined TRACON& Tower with Radar,37,122,80,0,239,0,0,9,0,9,37,122,89,0,248,23,0,23,271
01/16/2007,GSO,NC,ASO,ES,Combined TRACON& Tower with Radar,44,139,70,0,253,0,0,9,0,9,44,139,79,0,262,5,0,5,267
01/17/2007,GSO,NC,ASO,ES,Combined TRACON& Tower with Radar,44,141,92,14,291,0,3,48,7,58,44,144,140,21,349,22,0,22,371
01/18/2007,GSO,NC,ASO,ES,Combined TRACON& Tower with Radar,45,140,58,0,243,0,0,1,0,1,45,140,59,0,244,4,0,4,248
01/19/2007,GSO,NC,ASO,ES,Combined TRACON& Tower with Radar,45,153,73,1,272,0,0,26,0,26,45,153,99,1,298,26,2,28,326
01/20/2007,GSO,NC,ASO,ES,Combined TRACON& Tower with Radar,22,125,31,0,178,0,0,35,0,35,22,125,66,0,213,6,0,6,219
01/21/2007,GSO,NC,ASO,ES,Combined TRACON& Tower with Radar,36,110,25,0,171,0,0,0,0,0,36,110,25,0,171,0,0,0,171
01/22/2007,GSO,NC,ASO,ES,Combined TRACON& Tower with Radar,36,133,83,0,252,0,0,0,0,0,36,133,83,0,252,23,0,23,275
01/23/2007,GSO,NC,ASO,ES,Combined TRACON& Tower with Radar,41,147,95,4,287,0,0,44,1,45,41,147,139,5,332,12,0,12,344
01/24/2007,GSO,NC,ASO,ES,Combined TRACON& Tower with Radar,43,156,77,0,276,0,0,58,1,59,43,156,135,1,335,12,1,13,348
01/25/2007,GSO,NC,ASO,ES,Combined TRACON& Tower with Radar,47,144,70,0,261,0,0,23,0,23,47,144,93,0,284,28,0,28,312
01/26/2007,GSO,NC,ASO,ES,Combined TRACON& Tower with Radar,46,139,98,0,283,0,0,35,0,35,46,139,133,0,318,29,2,31,349
01/27/2007,GSO,NC,ASO,ES,Combined TRACON& Tower with Radar,20,133,37,0,190,0,0,25,0,25,20,133,62,0,215,18,0,18,233
01/28/2007,GSO,NC,ASO,ES,Combined TRACON& Tower with Radar,32,135,29,0,196,0,0,12,0,12,32,135,41,0,208,0,0,0,208
01/29/2007,GSO,NC,ASO,ES,Combined TRACON& Tower with Radar,35,151,57,0,243,0,0,34,1,35,35,151,91,1,278,21,0,21,299
01/30/2007,GSO,NC,ASO,ES,Combined TRACON& Tower with Radar,42,154,65,0,261,0,0,23,1,24,42,154,88,1,285,22,0,22,307
01/31/2007,GSO,NC,ASO,ES,Combined TRACON& Tower with Radar,45,149,70,0,264,0,0,40,0,40,45,149,110,0,304,31,0,31,335
02/01/2007,GSO,NC,ASO,ES,Combined TRACON& Tower with Radar,36,114,27,0,177,0,0,0,0,0,36,114,27,0,177,4,0,4,181
02/02/2007,GSO,NC,ASO,ES,Combined TRACON& Tower with Radar,41,141,87,4,273,0,0,0,0,0,41,141,87,4,273,14,5,19,292
02/03/2007,GSO,NC,ASO,ES,Combined TRACON& Tower with Radar,26,127,20,0,173,0,0,20,0,20,26,127,40,0,193,15,0,15,208
02/04/2007,GSO,NC,ASO,ES,Combined TRACON& Tower with Radar,26,121,37,0,184,0,0,4,0,4,26,121,41,0,188,7,0,7,195
02/05/2007,GSO,NC,ASO,ES,Combined TRACON& Tower with Radar,32,137,60,1,230,0,0,14,0,14,32,137,74,1,244,6,0,6,250
02/06/2007,GSO,NC,ASO,ES,Combined TRACON& Tower with Radar,48,147,79,0,274,0,0,30,1,31,48,147,109,1,305,37,0,37,342
02/07/2007,GSO,NC,ASO,ES,Combined TRACON& Tower with Radar,46,139,81,2,268,0,0,32,0,32,46,139,113,2,300,8,0,8,308
02/08/2007,GSO,NC,ASO,ES,Combined TRACON& Tower with Radar,42,153,88,1,284,0,0,39,0,39,42,153,127,1,323,25,2,27,350
02/09/2007,GSO,NC,ASO,ES,Combined TRACON& Tower with Radar,49,157,68,0,274,0,0,38,0,38,49,157,106,0,312,9,0,9,321
02/10/2007,GSO,NC,ASO,ES,Combined TRACON& Tower with Radar,30,123,34,0,187,0,0,31,0,31,30,123,65,0,218,13,0,13,231
02/11/2007,GSO,NC,ASO,ES,Combined TRACON& Tower with Radar,35,132,38,0,205,0,0,37,0,37,35,132,75,0,242,15,0,15,257
02/12/2007,GSO,NC,ASO,ES,Combined TRACON& Tower with Radar,36,144,91,1,272,0,0,36,2,38,36,144,127,3,310,7,0,7,317
02/13/2007,GSO,NC,ASO,ES,Combined TRACON& Tower with Radar,37,121,75,0,233,0,0,0,0,0,37,121,75,0,233,10,0,10,243
02/14/2007,GSO,NC,ASO,ES,Combined TRACON& Tower with Radar,38,112,74,0,224,0,0,7,0,7,38,112,81,0,231,18,0,18,249
02/15/2007,GSO,NC,ASO,ES,Combined TRACON& Tower with Radar,48,128,83,8,267,0,0,66,1,67,48,128,149,9,334,20,6,26,360
02/16/2007,GSO,NC,ASO,ES,Combined TRACON& Tower with Radar,47,145,72,0,264,0,0,33,0,33,47,145,105,0,297,11,1,12,309
02/17/2007,GSO,NC,ASO,ES,Combined TRACON& Tower with Radar,29,121,31,0,181,0,0,25,0,25,29,121,56,0,206,16,0,16,222
02/18/2007,GSO,NC,ASO,ES,Combined TRACON& Tower with Radar,34,122,39,0,195,0,0,13,0,13,34,122,52,0,208,11,0,11,219
02/19/2007,GSO,NC,ASO,ES,Combined TRACON& Tower with Radar,35,131,56,0,222,0,0,48,0,48,35,131,104,0,270,24,0,24,294
02/20/2007,GSO,NC,ASO,ES,Combined TRACON& Tower with Radar,59,140,77,0,276,0,0,24,0,24,59,140,101,0,300,51,2,53,353
02/21/2007,GSO,NC,ASO,ES,Combined TRACON& Tower with Radar,53,148,94,0,295,0,0,21,0,21,53,148,115,0,316,39,0,39,355
02/22/2007,GSO,NC,ASO,ES,Combined TRACON& Tower with Radar,49,152,91,1,293,0,0,23,0,23,49,152,114,1,316,2,2,4,320
02/23/2007,GSO,NC,ASO,ES,Combined TRACON& Tower with Radar,48,152,62,0,262,0,0,34,0,34,48,152,96,0,296,26,0,26,322
02/24/2007,GSO,NC,ASO,ES,Combined TRACON& Tower with Radar,23,117,41,0,181,0,0,45,0,45,23,117,86,0,226,15,0,15,241
02/25/2007,GSO,NC,ASO,ES,Combined TRACON& Tower with Radar,27,119,41,0,187,0,0,1,0,1,27,119,42,0,188,16,0,16,204
02/26/2007,GSO,NC,ASO,ES,Combined TRACON& Tower with Radar,37,132,70,3,242,0,0,22,0,22,37,132,92,3,264,9,0,9,273
02/27/2007,GSO,NC,ASO,ES,Combined TRACON& Tower with Radar,48,132,76,0,256,0,0,35,0,35,48,132,111,0,291,17,0,17,308
02/28/2007,GSO,NC,ASO,ES,Combined TRACON& Tower with Radar,48,144,85,1,278,0,0,47,0,47,48,144,132,1,325,36,0,36,361
03/01/2007,GSO,NC,ASO,ES,Combined TRACON& Tower with Radar,45,142,66,0,253,0,0,4,0,4,45,142,70,0,257,13,0,13,270
03/02/2007,GSO,NC,ASO,ES,Combined TRACON& Tower with Radar,43,143,69,2,257,0,0,32,0,32,43,143,101,2,289,30,0,30,319
03/03/2007,GSO,NC,ASO,ES,Combined TRACON& Tower with Radar,41,106,35,0,182,0,0,29,0,29,41,106,64,0,211,19,0,19,230
03/04/2007,GSO,NC,ASO,ES,Combined TRACON& Tower with Radar,39,115,33,0,187,0,0,28,0,28,39,115,61,0,215,12,0,12,227
03/05/2007,GSO,NC,ASO,ES,Combined TRACON& Tower with Radar,37,133,52,0,222,0,0,40,0,40,37,133,92,0,262,47,0,47,309
03/06/2007,GSO,NC,ASO,ES,Combined TRACON& Tower with Radar,48,155,72,2,277,0,1,56,0,57,48,156,128,2,334,48,4,52,386
03/07/2007,GSO,NC,ASO,ES,Combined TRACON& Tower with Radar,43,143,84,2,272,0,0,35,0,35,43,143,119,2,307,21,1,22,329
03/08/2007,GSO,NC,ASO,ES,Combined TRACON& Tower with Radar,50,145,94,0,289,0,0,71,0,71,50,145,165,0,360,39,0,39,399
03/09/2007,GSO,NC,ASO,ES,Combined TRACON& Tower with Radar,46,147,57,2,252,0,0,49,1,50,46,147,106,3,302,40,0,40,342
03/10/2007,GSO,NC,ASO,ES,Combined TRACON& Tower with Radar,36,120,28,0,184,0,0,28,0,28,36,120,56,0,212,18,0,18,230
03/11/2007,GSO,NC,ASO,ES,Combined TRACON& Tower with Radar,39,124,55,0,218,0,0,26,0,26,39,124,81,0,244,8,0,8,252
03/12/2007,GSO,NC,ASO,ES,Combined TRACON& Tower with Radar,39,136,74,0,249,0,0,40,0,40,39,136,114,0,289,12,0,12,301
03/13/2007,GSO,NC,ASO,ES,Combined TRACON& Tower with Radar,45,146,88,0,279,0,0,53,1,54,45,146,141,1,333,14,0,14,347
03/14/2007,GSO,NC,ASO,ES,Combined TRACON& Tower with Radar,52,132,95,9,288,0,0,57,0,57,52,132,152,9,345,102,19,121,466
03/15/2007,GSO,NC,ASO,ES,Combined TRACON& Tower with Radar,48,138,140,0,326,0,0,44,2,46,48,138,184,2,372,23,0,23,395
03/16/2007,GSO,NC,ASO,ES,Combined TRACON& Tower with Radar,43,113,74,4,234,0,0,0,0,0,43,113,74,4,234,21,4,25,259
03/17/2007,GSO,NC,ASO,ES,Combined TRACON& Tower with Radar,0,0,0,0,0,36,93,151,0,280,36,93,151,0,280,16,0,16,296
03/18/2007,GSO,NC,ASO,ES,Combined TRACON& Tower with Radar,43,120,69,2,234,0,0,95,1,96,43,120,164,3,330,16,0,16,346
03/19/2007,GSO,NC,ASO,ES,Combined TRACON& Tower with Radar,41,129,52,0,222,0,0,40,0,40,41,129,92,0,262,21,0,21,283
03/20/2007,GSO,NC,ASO,ES,Combined TRACON& Tower with Radar,43,148,77,0,268,0,0,41,0,41,43,148,118,0,309,24,0,24,333
03/21/2007,GSO,NC,ASO,ES,Combined TRACON& Tower with Radar,51,148,105,2,306,0,0,15,0,15,51,148,120,2,321,8,0,8,329
03/22/2007,GSO,NC,ASO,ES,Combined TRACON& Tower with Radar,54,138,101,0,293,0,1,22,0,23,54,139,123,0,316,24,0,24,340
03/23/2007,GSO,NC,ASO,ES,Combined TRACON& Tower with Radar,55,141,85,2,283,0,0,47,0,47,55,141,132,2,330,37,0,37,367
03/24/2007,GSO,NC,ASO,ES,Combined TRACON& Tower with Radar,45,130,51,0,226,0,1,13,0,14,45,131,64,0,240,7,0,7,247
03/25/2007,GSO,NC,ASO,ES,Combined TRACON& Tower with Radar,45,148,78,0,271,0,0,29,0,29,45,148,107,0,300,7,18,25,325
03/26/2007,GSO,NC,ASO,ES,Combined TRACON& Tower with Radar,43,153,122,0,318,0,0,29,0,29,43,153,151,0,347,18,0,18,365
03/27/2007,GSO,NC,ASO,ES,Combined TRACON& Tower with Radar,52,153,125,0,330,0,0,30,0,30,52,153,155,0,360,45,0,45,405
03/28/2007,GSO,NC,ASO,ES,Combined TRACON& Tower with Radar,0,0,0,0,0,44,144,143,0,331,44,144,143,0,331,2,0,2,333
03/29/2007,GSO,NC,ASO,ES,Combined TRACON& Tower with Radar,50,150,161,1,362,0,0,9,0,9,50,150,170,1,371,4,0,4,375
03/30/2007,GSO,NC,ASO,ES,Combined TRACON& Tower with Radar,47,140,127,0,314,0,0,74,0,74,47,140,201,0,388,15,0,15,403
03/31/2007,GSO,NC,ASO,ES,Combined TRACON& Tower with Radar,44,111,64,2,221,0,0,26,0,26,44,111,90,2,247,27,0,27,274
04/01/2007,GSO,NC,ASO,ES,Combined TRACON& Tower with Radar,50,115,51,0,216,0,0,12,0,12,50,115,63,0,228,19,0,19,247
04/02/2007,GSO,NC,ASO,ES,Combined TRACON& Tower with Radar,48,138,61,3,250,0,0,24,0,24,48,138,85,3,274,27,0,27,301
04/03/2007,GSO,NC,ASO,ES,Combined TRACON& Tower with Radar,43,145,90,0,278,0,0,38,1,39,43,145,128,1,317,48,1,49,366
04/04/2007,GSO,NC,ASO,ES,Combined TRACON& Tower with Radar,47,143,124,12,326,0,0,28,1,29,47,143,152,13,355,6,4,10,365
04/05/2007,GSO,NC,ASO,ES,Combined TRACON& Tower with Radar,42,152,98,0,292,0,0,28,0,28,42,152,126,0,320,44,0,44,364
04/06/2007,GSO,NC,ASO,ES,Combined TRACON& Tower with Radar,40,159,69,0,268,0,0,22,0,22,40,159,91,0,290,16,0,16,306
04/07/2007,GSO,NC,ASO,ES,Combined TRACON& Tower with Radar,38,132,28,2,200,0,0,10,0,10,38,132,38,2,210,4,0,4,214
04/08/2007,GSO,NC,ASO,ES,Combined TRACON& Tower with Radar,38,135,36,0,209,0,0,14,0,14,38,135,50,0,223,41,0,41,264
04/09/2007,GSO,NC,ASO,ES,Combined TRACON& Tower with Radar,40,137,70,4,251,0,0,40,2,42,40,137,110,6,293,34,0,34,327
04/10/2007,GSO,NC,ASO,ES,Combined TRACON& Tower with Radar,49,127,58,0,234,0,0,45,0,45,49,127,103,0,279,38,0,38,317
04/11/2007,GSO,NC,ASO,ES,Combined TRACON& Tower with Radar,47,145,101,0,293,0,0,0,0,0,47,145,101,0,293,4,0,4,297
04/12/2007,GSO,NC,ASO,ES,Combined TRACON& Tower with Radar,47,143,94,1,285,0,0,27,0,27,47,143,121,1,312,11,0,11,323
04/13/2007,GSO,NC,ASO,ES,Combined TRACON& Tower with Radar,40,148,58,1,247,0,0,49,0,49,40,148,107,1,296,0,0,0,296
04/14/2007,GSO,NC,ASO,ES,Combined TRACON& Tower with Radar,29,131,31,0,191,0,0,23,1,24,29,131,54,1,215,10,2,12,227
04/15/2007,GSO,NC,ASO,ES,Combined TRACON& Tower with Radar,39,106,28,0,173,0,0,2,0,2,39,106,30,0,175,0,0,0,175
04/16/2007,GSO,NC,ASO,ES,Combined TRACON& Tower with Radar,48,145,54,0,247,0,0,21,0,21,48,145,75,0,268,0,0,0,268
04/17/2007,GSO,NC,ASO,ES,Combined TRACON& Tower with Radar,47,129,67,1,244,0,0,30,1,31,47,129,97,2,275,7,2,9,284
04/18/2007,GSO,NC,ASO,ES,Combined TRACON& Tower with Radar,0,0,0,0,0,50,136,80,0,266,50,136,80,0,266,36,0,36,302
04/19/2007,GSO,NC,ASO,ES,Combined TRACON& Tower with Radar,50,141,71,0,262,0,0,11,0,11,50,141,82,0,273,3,0,3,276
04/20/2007,GSO,NC,ASO,ES,Combined TRACON& Tower with Radar,38,143,64,0,245,0,0,54,0,54,38,143,118,0,299,18,0,18,317
04/21/2007,GSO,NC,ASO,ES,Combined TRACON& Tower with Radar,36,115,34,0,185,0,1,37,0,38,36,116,71,0,223,31,0,31,254
04/22/2007,GSO,NC,ASO,ES,Combined TRACON& Tower with Radar,45,115,39,0,199,0,0,38,0,38,45,115,77,0,237,11,0,11,248
04/23/2007,GSO,NC,ASO,ES,Combined TRACON& Tower with Radar,46,122,110,7,285,0,0,36,0,36,46,122,146,7,321,84,5,89,410
04/24/2007,GSO,NC,ASO,ES,Combined TRACON& Tower with Radar,42,148,102,1,293,0,0,54,0,54,42,148,156,1,347,31,0,31,378
04/25/2007,GSO,NC,ASO,ES,Combined TRACON& Tower with Radar,45,146,81,3,275,0,0,39,1,40,45,146,120,4,315,14,0,14,329
04/26/2007,GSO,NC,ASO,ES,Combined TRACON& Tower with Radar,53,139,82,0,274,0,0,34,0,34,53,139,116,0,308,24,0,24,332
04/27/2007,GSO,NC,ASO,ES,Combined TRACON& Tower with Radar,43,144,115,5,307,0,0,24,0,24,43,144,139,5,331,8,0,8,339
04/28/2007,GSO,NC,ASO,ES,Combined TRACON& Tower with Radar,25,121,51,0,197,0,0,147,0,147,25,121,198,0,344,26,0,26,370
04/29/2007,GSO,NC,ASO,ES,Combined TRACON& Tower with Radar,33,135,51,1,220,0,2,98,0,100,33,137,149,1,320,7,0,7,327
04/30/2007,GSO,NC,ASO,ES,Combined TRACON& Tower with Radar,41,132,86,2,261,0,0,44,0,44,41,132,130,2,305,89,0,89,394
05/01/2007,GSO,NC,ASO,ES,Combined TRACON& Tower with Radar,48,142,90,0,280,0,0,42,0,42,48,142,132,0,322,22,2,24,346
05/02/2007,GSO,NC,ASO,ES,Combined TRACON& Tower with Radar,51,141,93,0,285,0,0,38,3,41,51,141,131,3,326,18,0,18,344
05/03/2007,GSO,NC,ASO,ES,Combined TRACON& Tower with Radar,50,125,104,0,279,0,0,4,0,4,50,125,108,0,283,2,0,2,285
05/04/2007,GSO,NC,ASO,ES,Combined TRACON& Tower with Radar,41,139,81,3,264,0,0,0,0,0,41,139,81,3,264,0,0,0,264
05/05/2007,GSO,NC,ASO,ES,Combined TRACON& Tower with Radar,31,119,35,0,185,0,0,0,0,0,31,119,35,0,185,24,0,24,209
05/06/2007,GSO,NC,ASO,ES,Combined TRACON& Tower with Radar,40,127,25,4,196,0,0,15,4,19,40,127,40,8,215,10,4,14,229
05/07/2007,GSO,NC,ASO,ES,Combined TRACON& Tower with Radar,34,138,68,0,240,0,0,37,0,37,34,138,105,0,277,21,0,21,298
05/08/2007,GSO,NC,ASO,ES,Combined TRACON& Tower with Radar,51,142,90,0,283,0,0,25,1,26,51,142,115,1,309,7,0,7,316
05/09/2007,GSO,NC,ASO,ES,Combined TRACON& Tower with Radar,50,138,87,0,275,0,0,9,0,9,50,138,96,0,284,0,0,0,284
05/10/2007,GSO,NC,ASO,ES,Combined TRACON& Tower with Radar,48,141,112,0,301,0,0,27,0,27,48,141,139,0,328,26,0,26,354
05/11/2007,GSO,NC,ASO,ES,Combined TRACON& Tower with Radar,48,144,80,3,275,0,0,35,0,35,48,144,115,3,310,37,0,37,347
05/12/2007,GSO,NC,ASO,ES,Combined TRACON& Tower with Radar,28,125,25,0,178,0,0,7,0,7,28,125,32,0,185,4,0,4,189
05/13/2007,GSO,NC,ASO,ES,Combined TRACON& Tower with Radar,38,124,48,3,213,0,0,21,2,23,38,124,69,5,236,2,0,2,238
05/14/2007,GSO,NC,ASO,ES,Combined TRACON& Tower with Radar,44,125,59,0,228,0,0,55,1,56,44,125,114,1,284,16,0,16,300
05/15/2007,GSO,NC,ASO,ES,Combined TRACON& Tower with Radar,52,134,72,0,258,0,0,54,0,54,52,134,126,0,312,34,0,34,346
05/16/2007,GSO,NC,ASO,ES,Combined TRACON& Tower with Radar,43,147,60,2,252,0,0,22,0,22,43,147,82,2,274,23,0,23,297
05/17/2007,GSO,NC,ASO,ES,Combined TRACON& Tower with Radar,50,144,118,5,317,0,0,35,0,35,50,144,153,5,352,33,4,37,389
05/18/2007,GSO,NC,ASO,ES,Combined TRACON& Tower with Radar,55,141,87,0,283,0,0,29,0,29,55,141,116,0,312,30,0,30,342
05/19/2007,GSO,NC,ASO,ES,Combined TRACON& Tower with Radar,31,115,42,0,188,0,0,29,0,29,31,115,71,0,217,16,0,16,233
05/20/2007,GSO,NC,ASO,ES,Combined TRACON& Tower with Radar,43,117,51,0,211,0,0,39,0,39,43,117,90,0,250,14,0,14,264
05/21/2007,GSO,NC,ASO,ES,Combined TRACON& Tower with Radar,40,129,93,0,262,0,0,40,0,40,40,129,133,0,302,33,0,33,335
05/22/2007,GSO,NC,ASO,ES,Combined TRACON& Tower with Radar,44,131,88,0,263,0,1,25,0,26,44,132,113,0,289,26,1,27,316
05/23/2007,GSO,NC,ASO,ES,Combined TRACON& Tower with Radar,49,140,93,2,284,0,0,25,0,25,49,140,118,2,309,2,0,2,311
05/24/2007,GSO,NC,ASO,ES,Combined TRACON& Tower with Radar,54,141,93,0,288,0,0,50,0,50,54,141,143,0,338,42,0,42,380
05/25/2007,GSO,NC,ASO,ES,Combined TRACON& Tower with Radar,49,154,75,0,278,0,0,45,0,45,49,154,120,0,323,37,0,37,360
05/26/2007,GSO,NC,ASO,ES,Combined TRACON& Tower with Radar,25,112,40,0,177,0,0,18,0,18,25,112,58,0,195,1,0,1,196
05/27/2007,GSO,NC,ASO,ES,Combined TRACON& Tower with Radar,41,102,21,0,164,0,1,17,0,18,41,103,38,0,182,11,0,11,193
05/28/2007,GSO,NC,ASO,ES,Combined TRACON& Tower with Radar,39,116,48,1,204,0,0,32,0,32,39,116,80,1,236,31,0,31,267
05/29/2007,GSO,NC,ASO,ES,Combined TRACON& Tower with Radar,37,128,71,0,236,0,0,39,0,39,37,128,110,0,275,57,0,57,332
05/30/2007,GSO,NC,ASO,ES,Combined TRACON& Tower with Radar,59,134,105,0,298,0,0,29,0,29,59,134,134,0,327,19,0,19,346
05/31/2007,GSO,NC,ASO,ES,Combined TRACON& Tower with Radar,58,129,108,9,304,0,0,41,0,41,58,129,149,9,345,49,8,57,402
06/01/2007,GSO,NC,ASO,ES,Combined TRACON& Tower with Radar,44,149,98,4,295,0,0,31,0,31,44,149,129,4,326,21,2,23,349
06/02/2007,GSO,NC,ASO,ES,Combined TRACON& Tower with Radar,31,107,37,0,175,0,0,28,0,28,31,107,65,0,203,11,0,11,214
06/03/2007,GSO,NC,ASO,ES,Combined TRACON& Tower with Radar,43,118,32,0,193,0,0,1,0,1,43,118,33,0,194,5,0,5,199
06/04/2007,GSO,NC,ASO,ES,Combined TRACON& Tower with Radar,47,139,74,0,260,0,0,29,2,31,47,139,103,2,291,26,0,26,317
06/05/2007,GSO,NC,ASO,ES,Combined TRACON& Tower with Radar,51,144,68,0,263,0,0,32,0,32,51,144,100,0,295,13,0,13,308
06/06/2007,GSO,NC,ASO,ES,Combined TRACON& Tower with Radar,51,146,78,0,275,0,0,45,0,45,51,146,123,0,320,12,0,12,332
06/07/2007,GSO,NC,ASO,ES,Combined TRACON& Tower with Radar,50,141,102,1,294,0,0,46,0,46,50,141,148,1,340,14,0,14,354
06/08/2007,GSO,NC,ASO,ES,Combined TRACON& Tower with Radar,43,134,86,0,263,0,0,36,0,36,43,134,122,0,299,10,0,10,309
06/09/2007,GSO,NC,ASO,ES,Combined TRACON& Tower with Radar,30,140,35,0,205,0,0,18,0,18,30,140,53,0,223,2,0,2,225
06/10/2007,GSO,NC,ASO,ES,Combined TRACON& Tower with Radar,38,128,54,0,220,0,0,24,0,24,38,128,78,0,244,1,0,1,245
06/11/2007,GSO,NC,ASO,ES,Combined TRACON& Tower with Radar,38,138,75,0,251,0,0,7,0,7,38,138,82,0,258,17,0,17,275
06/12/2007,GSO,NC,ASO,ES,Combined TRACON& Tower with Radar,47,122,96,0,265,0,0,25,0,25,47,122,121,0,290,16,0,16,306
06/13/2007,GSO,NC,ASO,ES,Combined TRACON& Tower with Radar,0,0,0,0,0,45,145,95,0,285,45,145,95,0,285,4,0,4,289
06/14/2007,GSO,NC,ASO,ES,Combined TRACON& Tower with Radar,49,158,137,0,344,0,0,0,0,0,49,158,137,0,344,7,0,7,351
06/15/2007,GSO,NC,ASO,ES,Combined TRACON& Tower with Radar,54,143,77,2,276,0,0,10,0,10,54,143,87,2,286,28,0,28,314
06/16/2007,GSO,NC,ASO,ES,Combined TRACON& Tower with Radar,31,116,62,0,209,0,0,10,0,10,31,116,72,0,219,17,0,17,236
06/17/2007,GSO,NC,ASO,ES,Combined TRACON& Tower with Radar,47,124,44,2,217,0,0,31,0,31,47,124,75,2,248,11,0,11,259
06/18/2007,GSO,NC,ASO,ES,Combined TRACON& Tower with Radar,35,135,61,0,231,0,0,49,0,49,35,135,110,0,280,24,0,24,304
06/19/2007,GSO,NC,ASO,ES,Combined TRACON& Tower with Radar,51,142,66,1,260,0,0,35,0,35,51,142,101,1,295,35,0,35,330
06/20/2007,GSO,NC,ASO,ES,Combined TRACON& Tower with Radar,0,0,0,0,0,56,149,82,2,289,56,149,82,2,289,12,0,12,301
06/21/2007,GSO,NC,ASO,ES,Combined TRACON& Tower with Radar,54,137,86,0,277,0,0,46,0,46,54,137,132,0,323,26,0,26,349
06/22/2007,GSO,NC,ASO,ES,Combined TRACON& Tower with Radar,49,150,67,3,269,0,0,23,0,23,49,150,90,3,292,20,0,20,312
06/23/2007,GSO,NC,ASO,ES,Combined TRACON& Tower with Radar,38,134,32,0,204,0,0,38,0,38,38,134,70,0,242,13,0,13,255
06/24/2007,GSO,NC,ASO,ES,Combined TRACON& Tower with Radar,42,121,50,0,213,0,0,21,2,23,42,121,71,2,236,15,0,15,251
06/25/2007,GSO,NC,ASO,ES,Combined TRACON& Tower with Radar,38,129,82,3,252,0,0,28,1,29,38,129,110,4,281,20,2,22,303
06/26/2007,GSO,NC,ASO,ES,Combined TRACON& Tower with Radar,56,142,81,0,279,0,0,36,0,36,56,142,117,0,315,29,0,29,344
06/27/2007,GSO,NC,ASO,ES,Combined TRACON& Tower with Radar,0,0,0,0,0,48,139,98,1,286,48,139,98,1,286,24,8,32,318
06/28/2007,GSO,NC,ASO,ES,Combined TRACON& Tower with Radar,49,135,92,0,276,0,0,29,0,29,49,135,121,0,305,31,0,31,336
06/29/2007,GSO,NC,ASO,ES,Combined TRACON& Tower with Radar,49,145,73,2,269,0,0,21,2,23,49,145,94,4,292,10,0,10,302
06/30/2007,GSO,NC,ASO,ES,Combined TRACON& Tower with Radar,29,130,28,0,187,0,0,11,0,11,29,130,39,0,198,0,0,0,198
07/01/2007,GSO,NC,ASO,ES,Combined TRACON& Tower with Radar,40,131,47,0,218,0,0,27,1,28,40,131,74,1,246,4,0,4,250
07/02/2007,GSO,NC,ASO,ES,Combined TRACON& Tower with Radar,45,127,71,3,246,0,0,30,2,32,45,127,101,5,278,16,0,16,294
07/03/2007,GSO,NC,ASO,ES,Combined TRACON& Tower with Radar,57,109,69,0,235,0,1,39,0,40,57,110,108,0,275,30,0,30,305
07/04/2007,GSO,NC,ASO,ES,Combined TRACON& Tower with Radar,0,0,0,0,0,36,83,44,0,163,36,83,44,0,163,6,0,6,169
07/05/2007,GSO,NC,ASO,ES,Combined TRACON& Tower with Radar,42,112,61,0,215,0,1,43,0,44,42,113,104,0,259,15,0,15,274
07/06/2007,GSO,NC,ASO,ES,Combined TRACON& Tower with Radar,46,125,52,2,225,0,0,39,0,39,46,125,91,2,264,10,0,10,274
07/07/2007,GSO,NC,ASO,ES,Combined TRACON& Tower with Radar,29,118,41,0,188,0,0,25,0,25,29,118,66,0,213,12,0,12,225
07/08/2007,GSO,NC,ASO,ES,Combined TRACON& Tower with Radar,41,122,56,0,219,0,0,14,0,14,41,122,70,0,233,11,0,11,244
07/09/2007,GSO,NC,ASO,ES,Combined TRACON& Tower with Radar,83,107,57,3,250,0,0,20,0,20,83,107,77,3,270,20,5,25,295
07/10/2007,GSO,NC,ASO,ES,Combined TRACON& Tower with Radar,46,139,86,0,271,0,0,26,0,26,46,139,112,0,297,0,0,0,297
07/11/2007,GSO,NC,ASO,ES,Combined TRACON& Tower with Radar,45,154,67,0,266,0,1,39,0,40,45,155,106,0,306,38,0,38,344
07/12/2007,GSO,NC,ASO,ES,Combined TRACON& Tower with Radar,53,140,92,0,285,0,3,30,0,33,53,143,122,0,318,24,0,24,342
07/13/2007,GSO,NC,ASO,ES,Combined TRACON& Tower with Radar,33,160,71,14,278,0,1,42,0,43,33,161,113,14,321,28,8,36,357
07/14/2007,GSO,NC,ASO,ES,Combined TRACON& Tower with Radar,35,133,51,0,219,0,0,48,0,48,35,133,99,0,267,21,0,21,288
07/15/2007,GSO,NC,ASO,ES,Combined TRACON& Tower with Radar,39,133,61,4,237,0,0,10,0,10,39,133,71,4,247,7,0,7,254
07/16/2007,GSO,NC,ASO,ES,Combined TRACON& Tower with Radar,26,145,84,0,255,0,0,16,0,16,26,145,100,0,271,15,0,15,286
07/17/2007,GSO,NC,ASO,ES,Combined TRACON& Tower with Radar,56,146,86,0,288,0,0,21,0,21,56,146,107,0,309,13,1,14,323
07/18/2007,GSO,NC,ASO,ES,Combined TRACON& Tower with Radar,50,146,100,2,298,0,0,23,0,23,50,146,123,2,321,33,0,33,354
07/19/2007,GSO,NC,ASO,ES,Combined TRACON& Tower with Radar,46,140,82,0,268,0,0,38,0,38,46,140,120,0,306,21,0,21,327
07/20/2007,GSO,NC,ASO,ES,Combined TRACON& Tower with Radar,50,153,89,2,294,0,0,36,0,36,50,153,125,2,330,26,4,30,360
07/21/2007,GSO,NC,ASO,ES,Combined TRACON& Tower with Radar,34,118,43,1,196,0,0,23,0,23,34,118,66,1,219,4,0,4,223
07/22/2007,GSO,NC,ASO,ES,Combined TRACON& Tower with Radar,37,130,43,1,211,0,0,28,0,28,37,130,71,1,239,29,0,29,268
07/23/2007,GSO,NC,ASO,ES,Combined TRACON& Tower with Radar,42,141,68,1,252,0,0,39,0,39,42,141,107,1,291,5,0,5,296
07/24/2007,GSO,NC,ASO,ES,Combined TRACON& Tower with Radar,47,146,66,0,259,0,1,25,1,27,47,147,91,1,286,13,0,13,299
07/25/2007,GSO,NC,ASO,ES,Combined TRACON& Tower with Radar,44,147,90,8,289,0,1,18,0,19,44,148,108,8,308,8,4,12,320
07/26/2007,GSO,NC,ASO,ES,Combined TRACON& Tower with Radar,47,150,74,2,273,0,2,24,0,26,47,152,98,2,299,17,16,33,332
07/27/2007,GSO,NC,ASO,ES,Combined TRACON& Tower with Radar,59,146,86,2,293,0,1,26,0,27,59,147,112,2,320,36,0,36,356
07/28/2007,GSO,NC,ASO,ES,Combined TRACON& Tower with Radar,40,129,36,0,205,0,0,9,0,9,40,129,45,0,214,8,0,8,222
07/29/2007,GSO,NC,ASO,ES,Combined TRACON& Tower with Radar,49,109,62,0,220,0,0,9,0,9,49,109,71,0,229,11,0,11,240
07/30/2007,GSO,NC,ASO,ES,Combined TRACON& Tower with Radar,38,130,93,11,272,0,0,10,1,11,38,130,103,12,283,14,0,14,297
07/31/2007,GSO,NC,ASO,ES,Combined TRACON& Tower with Radar,46,147,103,5,301,0,0,51,0,51,46,147,154,5,352,39,2,41,393
08/01/2007,GSO,NC,ASO,ES,Combined TRACON& Tower with Radar,46,148,82,5,281,0,0,28,1,29,46,148,110,6,310,6,2,8,318
08/02/2007,GSO,NC,ASO,ES,Combined TRACON& Tower with Radar,60,145,65,0,270,0,0,22,0,22,60,145,87,0,292,26,0,26,318
08/03/2007,GSO,NC,ASO,ES,Combined TRACON& Tower with Radar,42,144,65,9,260,0,0,23,0,23,42,144,88,9,283,4,4,8,291
08/04/2007,GSO,NC,ASO,ES,Combined TRACON& Tower with Radar,34,118,33,0,185,0,0,25,0,25,34,118,58,0,210,17,7,24,234
08/05/2007,GSO,NC,ASO,ES,Combined TRACON& Tower with Radar,39,118,48,3,208,0,0,12,0,12,39,118,60,3,220,9,0,9,229
08/06/2007,GSO,NC,ASO,ES,Combined TRACON& Tower with Radar,38,141,71,4,254,0,0,17,0,17,38,141,88,4,271,20,0,20,291
08/07/2007,GSO,NC,ASO,ES,Combined TRACON& Tower with Radar,49,136,92,0,277,0,0,18,0,18,49,136,110,0,295,41,0,41,336
08/08/2007,GSO,NC,ASO,ES,Combined TRACON& Tower with Radar,41,146,82,0,269,0,0,34,2,36,41,146,116,2,305,0,0,0,305
08/09/2007,GSO,NC,ASO,ES,Combined TRACON& Tower with Radar,50,132,83,0,265,0,0,28,4,32,50,132,111,4,297,13,1,14,311
08/10/2007,GSO,NC,ASO,ES,Combined TRACON& Tower with Radar,47,145,50,0,242,0,0,18,1,19,47,145,68,1,261,9,1,10,271
08/11/2007,GSO,NC,ASO,ES,Combined TRACON& Tower with Radar,28,123,25,0,176,0,0,11,0,11,28,123,36,0,187,2,0,2,189
08/12/2007,GSO,NC,ASO,ES,Combined TRACON& Tower with Radar,41,135,60,0,236,0,0,32,0,32,41,135,92,0,268,15,0,15,283
08/13/2007,GSO,NC,ASO,ES,Combined TRACON& Tower with Radar,35,131,37,0,203,0,0,43,0,43,35,131,80,0,246,12,0,12,258
08/14/2007,GSO,NC,ASO,ES,Combined TRACON& Tower with Radar,46,141,77,1,265,0,0,47,0,47,46,141,124,1,312,6,2,8,320
08/15/2007,GSO,NC,ASO,ES,Combined TRACON& Tower with Radar,49,144,79,0,272,0,0,40,0,40,49,144,119,0,312,19,0,19,331
08/16/2007,GSO,NC,ASO,ES,Combined TRACON& Tower with Radar,49,129,106,2,286,0,0,31,0,31,49,129,137,2,317,45,3,48,365
08/17/2007,GSO,NC,ASO,ES,Combined TRACON& Tower with Radar,57,145,69,0,271,0,0,25,0,25,57,145,94,0,296,17,0,17,313
08/18/2007,GSO,NC,ASO,ES,Combined TRACON& Tower with Radar,32,120,29,0,181,0,0,25,0,25,32,120,54,0,206,6,0,6,212
08/19/2007,GSO,NC,ASO,ES,Combined TRACON& Tower with Radar,45,118,60,0,223,0,0,9,0,9,45,118,69,0,232,12,0,12,244
08/20/2007,GSO,NC,ASO,ES,Combined TRACON& Tower with Radar,41,138,103,0,282,0,0,31,0,31,41,138,134,0,313,29,0,29,342
08/21/2007,GSO,NC,ASO,ES,Combined TRACON& Tower with Radar,45,153,71,7,276,0,0,44,0,44,45,153,115,7,320,23,1,24,344
08/22/2007,GSO,NC,ASO,ES,Combined TRACON& Tower with Radar,49,149,80,0,278,0,0,33,0,33,49,149,113,0,311,58,0,58,369
08/23/2007,GSO,NC,ASO,ES,Combined TRACON& Tower with Radar,48,143,93,3,287,0,0,14,0,14,48,143,107,3,301,16,0,16,317
08/24/2007,GSO,NC,ASO,ES,Combined TRACON& Tower with Radar,40,139,88,4,271,0,0,27,0,27,40,139,115,4,298,59,0,59,357
08/25/2007,GSO,NC,ASO,ES,Combined TRACON& Tower with Radar,30,116,29,2,177,0,0,26,0,26,30,116,55,2,203,14,0,14,217
08/26/2007,GSO,NC,ASO,ES,Combined TRACON& Tower with Radar,42,114,50,0,206,0,0,24,0,24,42,114,74,0,230,0,0,0,230
08/27/2007,GSO,NC,ASO,ES,Combined TRACON& Tower with Radar,37,133,87,1,258,0,0,8,0,8,37,133,95,1,266,21,0,21,287
08/28/2007,GSO,NC,ASO,ES,Combined TRACON& Tower with Radar,53,137,83,0,273,0,0,18,0,18,53,137,101,0,291,17,0,17,308
08/29/2007,GSO,NC,ASO,ES,Combined TRACON& Tower with Radar,47,142,90,0,279,0,0,36,0,36,47,142,126,0,315,18,0,18,333
08/30/2007,GSO,NC,ASO,ES,Combined TRACON& Tower with Radar,50,145,111,0,306,0,0,22,0,22,50,145,133,0,328,11,0,11,339
08/31/2007,GSO,NC,ASO,ES,Combined TRACON& Tower with Radar,59,136,74,1,270,0,0,24,0,24,59,136,98,1,294,22,0,22,316
09/01/2007,GSO,NC,ASO,ES,Combined TRACON& Tower with Radar,26,93,37,1,157,0,0,14,0,14,26,93,51,1,171,2,0,2,173
09/02/2007,GSO,NC,ASO,ES,Combined TRACON& Tower with Radar,39,85,14,0,138,0,0,18,0,18,39,85,32,0,156,22,0,22,178
09/03/2007,GSO,NC,ASO,ES,Combined TRACON& Tower with Radar,34,118,36,2,190,0,1,38,0,39,34,119,74,2,229,22,0,22,251
09/04/2007,GSO,NC,ASO,ES,Combined TRACON& Tower with Radar,34,131,57,0,222,0,0,33,0,33,34,131,90,0,255,18,1,19,274
09/05/2007,GSO,NC,ASO,ES,Combined TRACON& Tower with Radar,50,136,73,0,259,0,0,24,0,24,50,136,97,0,283,33,1,34,317
09/06/2007,GSO,NC,ASO,ES,Combined TRACON& Tower with Radar,55,142,86,0,283,0,0,25,0,25,55,142,111,0,308,10,0,10,318
09/07/2007,GSO,NC,ASO,ES,Combined TRACON& Tower with Radar,44,144,72,1,261,0,0,33,1,34,44,144,105,2,295,27,18,45,340
09/08/2007,GSO,NC,ASO,ES,Combined TRACON& Tower with Radar,33,119,33,0,185,0,0,31,0,31,33,119,64,0,216,7,0,7,223
09/09/2007,GSO,NC,ASO,ES,Combined TRACON& Tower with Radar,41,130,51,4,226,0,1,18,0,19,41,131,69,4,245,10,6,16,261
09/10/2007,GSO,NC,ASO,ES,Combined TRACON& Tower with Radar,36,134,59,6,235,0,1,31,3,35,36,135,90,9,270,7,2,9,279
09/11/2007,GSO,NC,ASO,ES,Combined TRACON& Tower with Radar,42,149,69,2,262,0,3,25,1,29,42,152,94,3,291,48,0,48,339
09/12/2007,GSO,NC,ASO,ES,Combined TRACON& Tower with Radar,45,150,71,0,266,0,4,32,0,36,45,154,103,0,302,32,0,32,334
09/13/2007,GSO,NC,ASO,ES,Combined TRACON& Tower with Radar,44,153,122,0,319,0,2,20,0,22,44,155,142,0,341,28,0,28,369
09/14/2007,GSO,NC,ASO,ES,Combined TRACON& Tower with Radar,47,147,70,0,264,0,0,1,0,1,47,147,71,0,265,20,0,20,285
09/15/2007,GSO,NC,ASO,ES,Combined TRACON& Tower with Radar,34,115,23,0,172,0,0,31,2,33,34,115,54,2,205,15,0,15,220
09/16/2007,GSO,NC,ASO,ES,Combined TRACON& Tower with Radar,41,131,49,0,221,0,0,36,0,36,41,131,85,0,257,8,0,8,265
09/17/2007,GSO,NC,ASO,ES,Combined TRACON& Tower with Radar,38,136,78,6,258,0,0,50,9,59,38,136,128,15,317,23,2,25,342
09/18/2007,GSO,NC,ASO,ES,Combined TRACON& Tower with Radar,37,139,78,0,254,0,1,55,1,57,37,140,133,1,311,32,0,32,343
09/19/2007,GSO,NC,ASO,ES,Combined TRACON& Tower with Radar,48,144,79,0,271,0,0,35,0,35,48,144,114,0,306,7,0,7,313
09/20/2007,GSO,NC,ASO,ES,Combined TRACON& Tower with Radar,52,154,115,0,321,0,0,27,0,27,52,154,142,0,348,5,0,5,353
09/21/2007,GSO,NC,ASO,ES,Combined TRACON& Tower with Radar,54,151,99,7,311,0,0,5,0,5,54,151,104,7,316,2,0,2,318
09/22/2007,GSO,NC,ASO,ES,Combined TRACON& Tower with Radar,27,113,36,1,177,0,0,21,0,21,27,113,57,1,198,4,0,4,202
09/23/2007,GSO,NC,ASO,ES,Combined TRACON& Tower with Radar,43,130,53,2,228,0,0,34,0,34,43,130,87,2,262,12,0,12,274
09/24/2007,GSO,NC,ASO,ES,Combined TRACON& Tower with Radar,30,142,86,5,263,0,0,31,0,31,30,142,117,5,294,6,6,12,306
09/25/2007,GSO,NC,ASO,ES,Combined TRACON& Tower with Radar,45,144,67,12,268,0,0,33,0,33,45,144,100,12,301,48,19,67,368
09/26/2007,GSO,NC,ASO,ES,Combined TRACON& Tower with Radar,42,137,91,0,270,0,0,30,0,30,42,137,121,0,300,21,0,21,321
09/27/2007,GSO,NC,ASO,ES,Combined TRACON& Tower with Radar,46,144,105,11,306,0,0,44,0,44,46,144,149,11,350,51,23,74,424
09/28/2007,GSO,NC,ASO,ES,Combined TRACON& Tower with Radar,51,154,65,6,276,0,0,29,0,29,51,154,94,6,305,16,10,26,331
09/29/2007,GSO,NC,ASO,ES,Combined TRACON& Tower with Radar,33,123,50,0,206,0,0,37,0,37,33,123,87,0,243,5,0,5,248
09/30/2007,GSO,NC,ASO,ES,Combined TRACON& Tower with Radar,59,133,71,0,263,0,0,42,0,42,59,133,113,0,305,12,0,12,317
10/01/2007,GSO,NC,ASO,ES,Combined TRACON& Tower with Radar,40,149,96,14,299,0,0,44,0,44,40,149,140,14,343,15,40,55,398
10/02/2007,GSO,NC,ASO,ES,Combined TRACON& Tower with Radar,44,146,111,0,301,0,0,13,0,13,44,146,124,0,314,0,0,0,314
10/03/2007,GSO,NC,ASO,ES,Combined TRACON& Tower with Radar,49,153,135,0,337,0,0,24,0,24,49,153,159,0,361,3,0,3,364
10/04/2007,GSO,NC,ASO,ES,Combined TRACON& Tower with Radar,59,168,146,10,383,0,0,19,0,19,59,168,165,10,402,29,28,57,459
10/05/2007,GSO,NC,ASO,ES,Combined TRACON& Tower with Radar,52,147,101,0,300,0,0,13,0,13,52,147,114,0,313,11,0,11,324
10/06/2007,GSO,NC,ASO,ES,Combined TRACON& Tower with Radar,40,118,58,0,216,0,0,12,0,12,40,118,70,0,228,6,0,6,234
10/07/2007,GSO,NC,ASO,ES,Combined TRACON& Tower with Radar,56,128,58,0,242,0,0,35,0,35,56,128,93,0,277,37,0,37,314
10/08/2007,GSO,NC,ASO,ES,Combined TRACON& Tower with Radar,36,147,79,2,264,0,0,29,0,29,36,147,108,2,293,19,0,19,312
10/09/2007,GSO,NC,ASO,ES,Combined TRACON& Tower with Radar,42,127,74,6,249,0,0,33,0,33,42,127,107,6,282,43,4,47,329
10/10/2007,GSO,NC,ASO,ES,Combined TRACON& Tower with Radar,46,142,90,0,278,0,0,27,1,28,46,142,117,1,306,18,0,18,324
10/11/2007,GSO,NC,ASO,ES,Combined TRACON& Tower with Radar,55,139,96,0,290,0,0,36,1,37,55,139,132,1,327,15,0,15,342
10/12/2007,GSO,NC,ASO,ES,Combined TRACON& Tower with Radar,55,137,76,2,270,0,0,38,2,40,55,137,114,4,310,7,0,7,317
10/13/2007,GSO,NC,ASO,ES,Combined TRACON& Tower with Radar,31,114,34,0,179,0,0,35,0,35,31,114,69,0,214,5,0,5,219
10/14/2007,GSO,NC,ASO,ES,Combined TRACON& Tower with Radar,52,100,51,0,203,0,0,34,0,34,52,100,85,0,237,4,0,4,241
10/15/2007,GSO,NC,ASO,ES,Combined TRACON& Tower with Radar,35,147,75,0,257,0,0,48,0,48,35,147,123,0,305,13,0,13,318
10/16/2007,GSO,NC,ASO,ES,Combined TRACON& Tower with Radar,46,161,65,4,276,0,0,27,2,29,46,161,92,6,305,19,4,23,328
10/17/2007,GSO,NC,ASO,ES,Combined TRACON& Tower with Radar,38,145,80,0,263,0,0,34,1,35,38,145,114,1,298,25,1,26,324
10/18/2007,GSO,NC,ASO,ES,Combined TRACON& Tower with Radar,48,147,90,2,287,0,0,10,0,10,48,147,100,2,297,37,2,39,336
10/19/2007,GSO,NC,ASO,ES,Combined TRACON& Tower with Radar,50,147,60,8,265,0,0,2,0,2,50,147,62,8,267,11,0,11,278
10/20/2007,GSO,NC,ASO,ES,Combined TRACON& Tower with Radar,30,113,44,1,188,0,0,45,0,45,30,113,89,1,233,44,0,44,277
10/21/2007,GSO,NC,ASO,ES,Combined TRACON& Tower with Radar,40,120,46,0,206,0,0,42,3,45,40,120,88,3,251,12,0,12,263
10/22/2007,GSO,NC,ASO,ES,Combined TRACON& Tower with Radar,30,134,74,0,238,0,0,20,0,20,30,134,94,0,258,11,0,11,269
10/23/2007,GSO,NC,ASO,ES,Combined TRACON& Tower with Radar,35,143,84,0,262,0,0,2,0,2,35,143,86,0,264,49,1,50,314
10/24/2007,GSO,NC,ASO,ES,Combined TRACON& Tower with Radar,41,139,84,2,266,0,0,0,0,0,41,139,84,2,266,28,0,28,294
10/25/2007,GSO,NC,ASO,ES,Combined TRACON& Tower with Radar,47,139,68,0,254,0,0,0,0,0,47,139,68,0,254,0,0,0,254
10/26/2007,GSO,NC,ASO,ES,Combined TRACON& Tower with Radar,44,152,59,0,255,0,0,0,0,0,44,152,59,0,255,0,0,0,255
10/27/2007,GSO,NC,ASO,ES,Combined TRACON& Tower with Radar,25,114,52,0,191,0,0,26,0,26,25,114,78,0,217,28,2,30,247
10/28/2007,GSO,NC,ASO,ES,Combined TRACON& Tower with Radar,40,128,46,0,214,0,0,18,0,18,40,128,64,0,232,1,1,2,234
10/29/2007,GSO,NC,ASO,ES,Combined TRACON& Tower with Radar,34,142,63,1,240,0,0,56,0,56,34,142,119,1,296,31,2,33,329
10/30/2007,GSO,NC,ASO,ES,Combined TRACON& Tower with Radar,40,162,88,0,290,0,0,60,0,60,40,162,148,0,350,53,0,53,403
10/31/2007,GSO,NC,ASO,ES,Combined TRACON& Tower with Radar,42,138,72,0,252,0,0,45,0,45,42,138,117,0,297,14,0,14,311
11/01/2007,GSO,NC,ASO,ES,Combined TRACON& Tower with Radar,48,149,111,0,308,0,1,55,2,58,48,150,166,2,366,20,0,20,386
11/02/2007,GSO,NC,ASO,ES,Combined TRACON& Tower with Radar,47,147,75,0,269,0,0,52,0,52,47,147,127,0,321,2,0,2,323
11/03/2007,GSO,NC,ASO,ES,Combined TRACON& Tower with Radar,34,110,30,2,176,0,0,29,0,29,34,110,59,2,205,9,0,9,214
11/04/2007,GSO,NC,ASO,ES,Combined TRACON& Tower with Radar,50,120,46,2,218,0,0,41,0,41,50,120,87,2,259,18,0,18,277
11/05/2007,GSO,NC,ASO,ES,Combined TRACON& Tower with Radar,49,125,72,0,246,0,0,42,0,42,49,125,114,0,288,15,0,15,303
11/06/2007,GSO,NC,ASO,ES,Combined TRACON& Tower with Radar,43,148,58,0,249,0,0,20,3,23,43,148,78,3,272,41,0,41,313
11/07/2007,GSO,NC,ASO,ES,Combined TRACON& Tower with Radar,48,134,89,5,276,0,0,54,0,54,48,134,143,5,330,23,5,28,358
11/08/2007,GSO,NC,ASO,ES,Combined TRACON& Tower with Radar,51,136,88,5,280,0,0,20,0,20,51,136,108,5,300,8,3,11,311
11/09/2007,GSO,NC,ASO,ES,Combined TRACON& Tower with Radar,40,162,83,0,285,0,0,29,0,29,40,162,112,0,314,0,0,0,314
11/10/2007,GSO,NC,ASO,ES,Combined TRACON& Tower with Radar,40,110,42,0,192,0,0,44,0,44,40,110,86,0,236,10,0,10,246
11/11/2007,GSO,NC,ASO,ES,Combined TRACON& Tower with Radar,48,124,41,0,213,0,0,24,0,24,48,124,65,0,237,29,0,29,266
11/12/2007,GSO,NC,ASO,ES,Combined TRACON& Tower with Radar,32,140,68,0,240,0,0,20,0,20,32,140,88,0,260,15,1,16,276
11/13/2007,GSO,NC,ASO,ES,Combined TRACON& Tower with Radar,49,149,73,0,271,0,0,29,1,30,49,149,102,1,301,20,0,20,321
11/14/2007,GSO,NC,ASO,ES,Combined TRACON& Tower with Radar,50,142,84,2,278,0,0,29,0,29,50,142,113,2,307,27,4,31,338
11/15/2007,GSO,NC,ASO,ES,Combined TRACON& Tower with Radar,55,141,85,0,281,0,0,11,0,11,55,141,96,0,292,4,0,4,296
11/16/2007,GSO,NC,ASO,ES,Combined TRACON& Tower with Radar,57,147,93,2,299,0,0,36,0,36,57,147,129,2,335,16,0,16,351
11/17/2007,GSO,NC,ASO,ES,Combined TRACON& Tower with Radar,36,116,46,2,200,0,0,22,0,22,36,116,68,2,222,24,0,24,246
11/18/2007,GSO,NC,ASO,ES,Combined TRACON& Tower with Radar,47,119,53,2,221,0,0,38,0,38,47,119,91,2,259,15,0,15,274
11/19/2007,GSO,NC,ASO,ES,Combined TRACON& Tower with Radar,33,131,70,2,236,0,1,48,0,49,33,132,118,2,285,9,0,9,294
11/20/2007,GSO,NC,ASO,ES,Combined TRACON& Tower with Radar,52,146,103,0,301,0,0,39,0,39,52,146,142,0,340,4,0,4,344
11/21/2007,GSO,NC,ASO,ES,Combined TRACON& Tower with Radar,47,144,89,0,280,0,0,49,0,49,47,144,138,0,329,23,0,23,352
11/22/2007,GSO,NC,ASO,ES,Combined TRACON& Tower with Radar,31,86,9,1,127,0,0,2,0,2,31,86,11,1,129,0,0,0,129
11/23/2007,GSO,NC,ASO,ES,Combined TRACON& Tower with Radar,41,94,39,0,174,0,0,24,0,24,41,94,63,0,198,28,0,28,226
11/24/2007,GSO,NC,ASO,ES,Combined TRACON& Tower with Radar,35,114,20,0,169,0,0,29,0,29,35,114,49,0,198,3,0,3,201
11/25/2007,GSO,NC,ASO,ES,Combined TRACON& Tower with Radar,45,121,85,3,254,0,0,9,0,9,45,121,94,3,263,4,4,8,271
11/26/2007,GSO,NC,ASO,ES,Combined TRACON& Tower with Radar,45,115,41,0,201,0,0,0,0,0,45,115,41,0,201,1,0,1,202
11/27/2007,GSO,NC,ASO,ES,Combined TRACON& Tower with Radar,46,151,82,0,279,0,0,27,0,27,46,151,109,0,306,12,0,12,318
11/28/2007,GSO,NC,ASO,ES,Combined TRACON& Tower with Radar,41,135,74,3,253,0,1,36,3,40,41,136,110,6,293,0,0,0,293
11/29/2007,GSO,NC,ASO,ES,Combined TRACON& Tower with Radar,47,159,91,0,297,0,0,51,0,51,47,159,142,0,348,6,0,6,354
11/30/2007,GSO,NC,ASO,ES,Combined TRACON& Tower with Radar,49,144,71,0,264,0,0,44,0,44,49,144,115,0,308,4,0,4,312
12/01/2007,GSO,NC,ASO,ES,Combined TRACON& Tower with Radar,33,110,42,0,185,0,0,28,0,28,33,110,70,0,213,21,0,21,234
12/02/2007,GSO,NC,ASO,ES,Combined TRACON& Tower with Radar,40,112,54,0,206,0,0,3,0,3,40,112,57,0,209,11,0,11,220
12/03/2007,GSO,NC,ASO,ES,Combined TRACON& Tower with Radar,33,135,84,0,252,0,0,13,0,13,33,135,97,0,265,20,0,20,285
12/04/2007,GSO,NC,ASO,ES,Combined TRACON& Tower with Radar,41,138,96,5,280,0,0,35,0,35,41,138,131,5,315,13,0,13,328
12/05/2007,GSO,NC,ASO,ES,Combined TRACON& Tower with Radar,43,142,71,3,259,0,0,29,0,29,43,142,100,3,288,7,11,18,306
12/06/2007,GSO,NC,ASO,ES,Combined TRACON& Tower with Radar,62,150,83,6,301,0,0,61,1,62,62,150,144,7,363,13,6,19,382
12/07/2007,GSO,NC,ASO,ES,Combined TRACON& Tower with Radar,45,132,86,2,265,0,0,24,0,24,45,132,110,2,289,18,0,18,307
12/08/2007,GSO,NC,ASO,ES,Combined TRACON& Tower with Radar,32,107,42,0,181,0,0,28,0,28,32,107,70,0,209,17,0,17,226
12/09/2007,GSO,NC,ASO,ES,Combined TRACON& Tower with Radar,42,120,45,0,207,0,0,13,1,14,42,120,58,1,221,19,0,19,240
12/10/2007,GSO,NC,ASO,ES,Combined TRACON& Tower with Radar,36,129,67,0,232,0,0,29,0,29,36,129,96,0,261,24,0,24,285
12/11/2007,GSO,NC,ASO,ES,Combined TRACON& Tower with Radar,46,135,67,2,250,0,0,36,0,36,46,135,103,2,286,25,0,25,311
12/12/2007,GSO,NC,ASO,ES,Combined TRACON& Tower with Radar,48,142,70,2,262,0,0,34,0,34,48,142,104,2,296,14,2,16,312
12/13/2007,GSO,NC,ASO,ES,Combined TRACON& Tower with Radar,52,151,87,0,290,0,0,15,0,15,52,151,102,0,305,10,0,10,315
12/14/2007,GSO,NC,ASO,ES,Combined TRACON& Tower with Radar,47,140,70,0,257,0,1,50,2,53,47,141,120,2,310,4,0,4,314
12/15/2007,GSO,NC,ASO,ES,Combined TRACON& Tower with Radar,42,104,29,0,175,0,0,0,0,0,42,104,29,0,175,8,0,8,183
12/16/2007,GSO,NC,ASO,ES,Combined TRACON& Tower with Radar,32,106,13,0,151,0,0,6,3,9,32,106,19,3,160,4,0,4,164
12/17/2007,GSO,NC,ASO,ES,Combined TRACON& Tower with Radar,29,130,57,0,216,0,0,29,0,29,29,130,86,0,245,0,0,0,245
12/18/2007,GSO,NC,ASO,ES,Combined TRACON& Tower with Radar,54,144,77,2,277,0,0,23,0,23,54,144,100,2,300,14,0,14,314
12/19/2007,GSO,NC,ASO,ES,Combined TRACON& Tower with Radar,49,143,72,1,265,0,0,25,0,25,49,143,97,1,290,13,0,13,303
12/20/2007,GSO,NC,ASO,ES,Combined TRACON& Tower with Radar,48,145,87,3,283,0,0,48,0,48,48,145,135,3,331,4,0,4,335
12/21/2007,GSO,NC,ASO,ES,Combined TRACON& Tower with Radar,40,141,54,0,235,0,0,2,0,2,40,141,56,0,237,4,0,4,241
12/22/2007,GSO,NC,ASO,ES,Combined TRACON& Tower with Radar,35,132,30,0,197,0,0,0,0,0,35,132,30,0,197,0,0,0,197
12/23/2007,GSO,NC,ASO,ES,Combined TRACON& Tower with Radar,33,100,17,0,150,0,0,2,0,2,33,100,19,0,152,5,0,5,157
12/24/2007,GSO,NC,ASO,ES,Combined TRACON& Tower with Radar,0,0,0,0,0,0,0,0,0,0,0,0,0,0,0,0,0,0,0
12/25/2007,GSO,NC,ASO,ES,Combined TRACON& Tower with Radar,29,78,5,0,112,0,0,10,0,10,29,78,15,0,122,4,0,4,126
12/26/2007,GSO,NC,ASO,ES,Combined TRACON& Tower with Radar,40,121,58,0,219,0,0,10,0,10,40,121,68,0,229,9,0,9,238
12/27/2007,GSO,NC,ASO,ES,Combined TRACON& Tower with Radar,41,141,51,0,233,0,0,35,0,35,41,141,86,0,268,14,0,14,282
12/28/2007,GSO,NC,ASO,ES,Combined TRACON& Tower with Radar,37,135,48,0,220,0,0,1,0,1,37,135,49,0,221,17,0,17,238
12/29/2007,GSO,NC,ASO,ES,Combined TRACON& Tower with Radar,33,125,23,0,181,0,0,1,0,1,33,125,24,0,182,2,0,2,184
12/30/2007,GSO,NC,ASO,ES,Combined TRACON& Tower with Radar,32,110,17,0,159,0,0,0,0,0,32,110,17,0,159,0,0,0,159
12/31/2007,GSO,NC,ASO,ES,Combined TRACON& Tower with Radar,29,99,30,0,158,0,0,20,0,20,29,99,50,0,178,4,0,4,182
01/01/2008,GSO,NC,ASO,ES,Combined TRACON& Tower with Radar,36,107,17,0,160,0,0,14,0,14,36,107,31,0,174,9,0,9,183
01/02/2008,GSO,NC,ASO,ES,Combined TRACON& Tower with Radar,41,110,20,0,171,0,0,16,0,16,41,110,36,0,187,12,0,12,199
01/03/2008,GSO,NC,ASO,ES,Combined TRACON& Tower with Radar,54,129,60,2,245,0,0,32,1,33,54,129,92,3,278,13,0,13,291
01/04/2008,GSO,NC,ASO,ES,Combined TRACON& Tower with Radar,35,137,55,0,227,0,0,46,0,46,35,137,101,0,273,16,0,16,289
01/05/2008,GSO,NC,ASO,ES,Combined TRACON& Tower with Radar,36,106,36,0,178,0,0,31,0,31,36,106,67,0,209,13,0,13,222
01/06/2008,GSO,NC,ASO,ES,Combined TRACON& Tower with Radar,38,114,36,2,190,0,0,21,0,21,38,114,57,2,211,17,0,17,228
01/07/2008,GSO,NC,ASO,ES,Combined TRACON& Tower with Radar,34,126,44,6,210,0,0,46,0,46,34,126,90,6,256,5,0,5,261
01/08/2008,GSO,NC,ASO,ES,Combined TRACON& Tower with Radar,59,156,59,0,274,0,0,7,0,7,59,156,66,0,281,17,0,17,298
01/09/2008,GSO,NC,ASO,ES,Combined TRACON& Tower with Radar,46,137,69,0,252,0,0,14,0,14,46,137,83,0,266,7,0,7,273
01/10/2008,GSO,NC,ASO,ES,Combined TRACON& Tower with Radar,45,141,92,2,280,0,0,2,0,2,45,141,94,2,282,8,0,8,290
01/11/2008,GSO,NC,ASO,ES,Combined TRACON& Tower with Radar,43,141,56,0,240,0,0,11,2,13,43,141,67,2,253,20,0,20,273
01/12/2008,GSO,NC,ASO,ES,Combined TRACON& Tower with Radar,38,104,25,0,167,0,0,36,0,36,38,104,61,0,203,0,0,0,203
01/13/2008,GSO,NC,ASO,ES,Combined TRACON& Tower with Radar,36,107,39,0,182,0,0,5,0,5,36,107,44,0,187,6,0,6,193
01/14/2008,GSO,NC,ASO,ES,Combined TRACON& Tower with Radar,29,123,69,0,221,0,0,17,0,17,29,123,86,0,238,13,0,13,251
01/15/2008,GSO,NC,ASO,ES,Combined TRACON& Tower with Radar,58,125,57,0,240,0,0,29,0,29,58,125,86,0,269,10,0,10,279
01/16/2008,GSO,NC,ASO,ES,Combined TRACON& Tower with Radar,49,133,97,0,279,0,0,30,0,30,49,133,127,0,309,0,0,0,309
01/17/2008,GSO,NC,ASO,ES,Combined TRACON& Tower with Radar,59,113,43,0,215,0,0,0,0,0,59,113,43,0,215,0,0,0,215
01/18/2008,GSO,NC,ASO,ES,Combined TRACON& Tower with Radar,64,136,92,0,292,0,0,3,0,3,64,136,95,0,295,4,0,4,299
01/19/2008,GSO,NC,ASO,ES,Combined TRACON& Tower with Radar,44,104,18,0,166,0,0,2,0,2,44,104,20,0,168,2,0,2,170
01/20/2008,GSO,NC,ASO,ES,Combined TRACON& Tower with Radar,54,117,36,0,207,0,0,5,0,5,54,117,41,0,212,0,0,0,212
01/21/2008,GSO,NC,ASO,ES,Combined TRACON& Tower with Radar,51,138,62,0,251,0,0,21,0,21,51,138,83,0,272,5,0,5,277
01/22/2008,GSO,NC,ASO,ES,Combined TRACON& Tower with Radar,70,118,65,2,255,0,0,0,0,0,70,118,65,2,255,23,0,23,278
01/23/2008,GSO,NC,ASO,ES,Combined TRACON& Tower with Radar,58,135,106,1,300,0,0,36,1,37,58,135,142,2,337,12,0,12,349
01/24/2008,GSO,NC,ASO,ES,Combined TRACON& Tower with Radar,62,144,75,0,281,0,0,14,1,15,62,144,89,1,296,6,0,6,302
01/25/2008,GSO,NC,ASO,ES,Combined TRACON& Tower with Radar,60,149,67,0,276,0,0,44,2,46,60,149,111,2,322,8,0,8,330
01/26/2008,GSO,NC,ASO,ES,Combined TRACON& Tower with Radar,49,94,42,0,185,0,0,25,1,26,49,94,67,1,211,2,0,2,213
01/27/2008,GSO,NC,ASO,ES,Combined TRACON& Tower with Radar,51,108,49,0,208,0,2,23,0,25,51,110,72,0,233,12,0,12,245
01/28/2008,GSO,NC,ASO,ES,Combined TRACON& Tower with Radar,42,129,66,0,237,0,0,44,0,44,42,129,110,0,281,0,0,0,281
01/29/2008,GSO,NC,ASO,ES,Combined TRACON& Tower with Radar,62,127,61,2,252,0,0,21,1,22,62,127,82,3,274,21,0,21,295
01/30/2008,GSO,NC,ASO,ES,Combined TRACON& Tower with Radar,56,132,72,0,260,0,0,17,0,17,56,132,89,0,277,11,1,12,289
01/31/2008,GSO,NC,ASO,ES,Combined TRACON& Tower with Radar,65,123,83,4,275,0,0,28,0,28,65,123,111,4,303,6,2,8,311
02/01/2008,GSO,NC,ASO,ES,Combined TRACON& Tower with Radar,54,126,38,3,221,0,0,2,0,2,54,126,40,3,223,6,0,6,229
02/02/2008,GSO,NC,ASO,ES,Combined TRACON& Tower with Radar,52,108,24,0,184,0,0,37,0,37,52,108,61,0,221,0,0,0,221
02/03/2008,GSO,NC,ASO,ES,Combined TRACON& Tower with Radar,47,116,27,5,195,0,0,23,0,23,47,116,50,5,218,4,4,8,226
02/04/2008,GSO,NC,ASO,ES,Combined TRACON& Tower with Radar,44,131,61,0,236,0,0,19,0,19,44,131,80,0,255,25,0,25,280
02/05/2008,GSO,NC,ASO,ES,Combined TRACON& Tower with Radar,62,150,99,0,311,0,0,18,0,18,62,150,117,0,329,20,0,20,349
02/06/2008,GSO,NC,ASO,ES,Combined TRACON& Tower with Radar,54,128,48,0,230,0,0,1,0,1,54,128,49,0,231,17,1,18,249
02/07/2008,GSO,NC,ASO,ES,Combined TRACON& Tower with Radar,52,147,84,3,286,0,1,57,2,60,52,148,141,5,346,25,0,25,371
02/08/2008,GSO,NC,ASO,ES,Combined TRACON& Tower with Radar,57,144,65,0,266,0,0,40,0,40,57,144,105,0,306,19,0,19,325
02/09/2008,GSO,NC,ASO,ES,Combined TRACON& Tower with Radar,52,103,33,0,188,0,0,23,0,23,52,103,56,0,211,6,0,6,217
02/10/2008,GSO,NC,ASO,ES,Combined TRACON& Tower with Radar,58,125,30,0,213,0,0,7,0,7,58,125,37,0,220,7,0,7,227
02/11/2008,GSO,NC,ASO,ES,Combined TRACON& Tower with Radar,43,132,68,2,245,0,0,51,1,52,43,132,119,3,297,23,0,23,320
02/12/2008,GSO,NC,ASO,ES,Combined TRACON& Tower with Radar,59,123,66,2,250,0,0,0,0,0,59,123,66,2,250,0,0,0,250
02/13/2008,GSO,NC,ASO,ES,Combined TRACON& Tower with Radar,60,125,66,0,251,0,0,4,0,4,60,125,70,0,255,18,0,18,273
02/14/2008,GSO,NC,ASO,ES,Combined TRACON& Tower with Radar,58,153,68,0,279,0,0,35,0,35,58,153,103,0,314,17,0,17,331
02/15/2008,GSO,NC,ASO,ES,Combined TRACON& Tower with Radar,62,134,65,2,263,0,0,49,0,49,62,134,114,2,312,0,0,0,312
02/16/2008,GSO,NC,ASO,ES,Combined TRACON& Tower with Radar,54,106,59,1,220,0,0,45,1,46,54,106,104,2,266,18,0,18,284
02/17/2008,GSO,NC,ASO,ES,Combined TRACON& Tower with Radar,44,116,63,0,223,0,0,3,0,3,44,116,66,0,226,40,0,40,266
02/18/2008,GSO,NC,ASO,ES,Combined TRACON& Tower with Radar,46,117,51,0,214,0,0,9,0,9,46,117,60,0,223,16,0,16,239
02/19/2008,GSO,NC,ASO,ES,Combined TRACON& Tower with Radar,60,143,88,2,293,0,0,25,0,25,60,143,113,2,318,17,0,17,335
02/20/2008,GSO,NC,ASO,ES,Combined TRACON& Tower with Radar,61,140,63,0,264,0,0,32,0,32,61,140,95,0,296,52,0,52,348
02/21/2008,GSO,NC,ASO,ES,Combined TRACON& Tower with Radar,63,144,72,3,282,0,0,24,0,24,63,144,96,3,306,17,0,17,323
02/22/2008,GSO,NC,ASO,ES,Combined TRACON& Tower with Radar,55,106,33,0,194,0,0,0,0,0,55,106,33,0,194,0,0,0,194
02/23/2008,GSO,NC,ASO,ES,Combined TRACON& Tower with Radar,57,113,31,0,201,0,0,12,0,12,57,113,43,0,213,0,0,0,213
02/24/2008,GSO,NC,ASO,ES,Combined TRACON& Tower with Radar,56,111,56,0,223,0,0,5,0,5,56,111,61,0,228,7,0,7,235
02/25/2008,GSO,NC,ASO,ES,Combined TRACON& Tower with Radar,61,136,71,4,272,0,0,33,0,33,61,136,104,4,305,58,4,62,367
02/26/2008,GSO,NC,ASO,ES,Combined TRACON& Tower with Radar,68,131,77,0,276,0,0,1,0,1,68,131,78,0,277,27,0,27,304
02/27/2008,GSO,NC,ASO,ES,Combined TRACON& Tower with Radar,64,154,60,5,283,0,0,19,0,19,64,154,79,5,302,0,0,0,302
02/28/2008,GSO,NC,ASO,ES,Combined TRACON& Tower with Radar,78,141,81,8,308,0,0,45,0,45,78,141,126,8,353,21,0,21,374
02/29/2008,GSO,NC,ASO,ES,Combined TRACON& Tower with Radar,55,142,83,1,281,0,0,40,1,41,55,142,123,2,322,11,0,11,333
03/01/2008,GSO,NC,ASO,ES,Combined TRACON& Tower with Radar,52,105,23,0,180,0,0,31,0,31,52,105,54,0,211,9,0,9,220
03/02/2008,GSO,NC,ASO,ES,Combined TRACON& Tower with Radar,63,117,50,0,230,0,0,52,0,52,63,117,102,0,282,42,0,42,324
03/03/2008,GSO,NC,ASO,ES,Combined TRACON& Tower with Radar,64,125,52,0,241,0,0,25,0,25,64,125,77,0,266,9,0,9,275
03/04/2008,GSO,NC,ASO,ES,Combined TRACON& Tower with Radar,62,133,39,0,234,0,0,3,1,4,62,133,42,1,238,0,0,0,238
03/05/2008,GSO,NC,ASO,ES,Combined TRACON& Tower with Radar,87,144,77,0,308,0,1,39,2,42,87,145,116,2,350,36,2,38,388
03/06/2008,GSO,NC,ASO,ES,Combined TRACON& Tower with Radar,78,147,119,5,349,0,1,57,0,58,78,148,176,5,407,36,10,46,453
03/07/2008,GSO,NC,ASO,ES,Combined TRACON& Tower with Radar,72,129,56,0,257,0,0,0,0,0,72,129,56,0,257,0,0,0,257
03/08/2008,GSO,NC,ASO,ES,Combined TRACON& Tower with Radar,58,102,57,0,217,0,0,20,0,20,58,102,77,0,237,13,0,13,250
03/09/2008,GSO,NC,ASO,ES,Combined TRACON& Tower with Radar,62,123,106,0,291,0,0,94,0,94,62,123,200,0,385,33,0,33,418
03/10/2008,GSO,NC,ASO,ES,Combined TRACON& Tower with Radar,57,132,48,0,237,0,0,54,0,54,57,132,102,0,291,32,0,32,323
03/11/2008,GSO,NC,ASO,ES,Combined TRACON& Tower with Radar,79,143,81,2,305,0,0,33,0,33,79,143,114,2,338,20,0,20,358
03/12/2008,GSO,NC,ASO,ES,Combined TRACON& Tower with Radar,78,145,86,6,315,0,1,37,0,38,78,146,123,6,353,24,4,28,381
03/13/2008,GSO,NC,ASO,ES,Combined TRACON& Tower with Radar,96,150,73,2,321,0,0,33,1,34,96,150,106,3,355,16,0,16,371
03/14/2008,GSO,NC,ASO,ES,Combined TRACON& Tower with Radar,80,140,72,0,292,0,0,12,2,14,80,140,84,2,306,0,0,0,306
03/15/2008,GSO,NC,ASO,ES,Combined TRACON& Tower with Radar,71,113,33,1,218,0,0,7,0,7,71,113,40,1,225,0,0,0,225
03/16/2008,GSO,NC,ASO,ES,Combined TRACON& Tower with Radar,81,129,56,1,267,0,0,12,0,12,81,129,68,1,279,9,0,9,288
03/17/2008,GSO,NC,ASO,ES,Combined TRACON& Tower with Radar,68,129,59,1,257,0,0,31,0,31,68,129,90,1,288,12,0,12,300
03/18/2008,GSO,NC,ASO,ES,Combined TRACON& Tower with Radar,88,125,83,0,296,0,0,23,0,23,88,125,106,0,319,25,0,25,344
03/19/2008,GSO,NC,ASO,ES,Combined TRACON& Tower with Radar,84,134,61,0,279,0,0,1,0,1,84,134,62,0,280,23,0,23,303
03/20/2008,GSO,NC,ASO,ES,Combined TRACON& Tower with Radar,89,151,76,2,318,0,0,23,0,23,89,151,99,2,341,9,0,9,350
03/21/2008,GSO,NC,ASO,ES,Combined TRACON& Tower with Radar,74,131,69,0,274,0,0,47,1,48,74,131,116,1,322,15,0,15,337
03/22/2008,GSO,NC,ASO,ES,Combined TRACON& Tower with Radar,60,106,32,0,198,0,0,21,0,21,60,106,53,0,219,0,0,0,219
03/23/2008,GSO,NC,ASO,ES,Combined TRACON& Tower with Radar,66,123,26,0,215,0,0,17,0,17,66,123,43,0,232,4,0,4,236
03/24/2008,GSO,NC,ASO,ES,Combined TRACON& Tower with Radar,63,136,66,1,266,0,0,11,1,12,63,136,77,2,278,10,0,10,288
03/25/2008,GSO,NC,ASO,ES,Combined TRACON& Tower with Radar,83,148,71,2,304,0,0,28,0,28,83,148,99,2,332,6,0,6,338
03/26/2008,GSO,NC,ASO,ES,Combined TRACON& Tower with Radar,85,153,79,0,317,0,1,37,0,38,85,154,116,0,355,23,0,23,378
03/27/2008,GSO,NC,ASO,ES,Combined TRACON& Tower with Radar,68,148,71,0,287,0,0,35,0,35,68,148,106,0,322,38,0,38,360
03/28/2008,GSO,NC,ASO,ES,Combined TRACON& Tower with Radar,89,135,69,1,294,0,0,24,0,24,89,135,93,1,318,24,0,24,342
03/29/2008,GSO,NC,ASO,ES,Combined TRACON& Tower with Radar,65,106,27,2,200,0,0,8,0,8,65,106,35,2,208,0,0,0,208
03/30/2008,GSO,NC,ASO,ES,Combined TRACON& Tower with Radar,69,128,57,0,254,0,0,2,0,2,69,128,59,0,256,1,0,1,257
03/31/2008,GSO,NC,ASO,ES,Combined TRACON& Tower with Radar,69,135,56,0,260,0,0,0,0,0,69,135,56,0,260,0,0,0,260
04/01/2008,GSO,NC,ASO,ES,Combined TRACON& Tower with Radar,91,140,49,0,280,0,0,6,0,6,91,140,55,0,286,18,0,18,304
04/02/2008,GSO,NC,ASO,ES,Combined TRACON& Tower with Radar,90,159,71,1,321,0,0,48,0,48,90,159,119,1,369,17,0,17,386
04/03/2008,GSO,NC,ASO,ES,Combined TRACON& Tower with Radar,78,152,97,0,327,0,0,9,0,9,78,152,106,0,336,8,0,8,344
04/04/2008,GSO,NC,ASO,ES,Combined TRACON& Tower with Radar,81,154,80,0,315,0,0,0,0,0,81,154,80,0,315,0,0,0,315
04/05/2008,GSO,NC,ASO,ES,Combined TRACON& Tower with Radar,29,120,36,0,185,0,0,0,0,0,29,120,36,0,185,2,0,2,187
04/06/2008,GSO,NC,ASO,ES,Combined TRACON& Tower with Radar,60,127,98,0,285,0,0,0,0,0,60,127,98,0,285,4,0,4,289
04/07/2008,GSO,NC,ASO,ES,Combined TRACON& Tower with Radar,37,154,135,0,326,0,0,2,0,2,37,154,137,0,328,3,0,3,331
04/08/2008,GSO,NC,ASO,ES,Combined TRACON& Tower with Radar,52,149,106,4,311,0,0,14,2,16,52,149,120,6,327,5,1,6,333
04/09/2008,GSO,NC,ASO,ES,Combined TRACON& Tower with Radar,46,155,129,4,334,0,0,24,2,26,46,155,153,6,360,16,2,18,378
04/10/2008,GSO,NC,ASO,ES,Combined TRACON& Tower with Radar,53,154,133,3,343,0,1,50,0,51,53,155,183,3,394,17,0,17,411
04/11/2008,GSO,NC,ASO,ES,Combined TRACON& Tower with Radar,48,139,88,3,278,0,0,20,0,20,48,139,108,3,298,18,0,18,316
04/12/2008,GSO,NC,ASO,ES,Combined TRACON& Tower with Radar,30,114,48,0,192,0,0,6,0,6,30,114,54,0,198,0,0,0,198
04/13/2008,GSO,NC,ASO,ES,Combined TRACON& Tower with Radar,41,128,52,0,221,0,0,25,0,25,41,128,77,0,246,2,0,2,248
04/14/2008,GSO,NC,ASO,ES,Combined TRACON& Tower with Radar,40,131,62,4,237,0,0,13,0,13,40,131,75,4,250,9,0,9,259
04/15/2008,GSO,NC,ASO,ES,Combined TRACON& Tower with Radar,58,133,72,6,269,0,0,27,0,27,58,133,99,6,296,14,0,14,310
04/16/2008,GSO,NC,ASO,ES,Combined TRACON& Tower with Radar,48,134,95,0,277,0,0,45,0,45,48,134,140,0,322,29,0,29,351
04/17/2008,GSO,NC,ASO,ES,Combined TRACON& Tower with Radar,54,137,86,2,279,0,3,41,0,44,54,140,127,2,323,16,0,16,339
04/18/2008,GSO,NC,ASO,ES,Combined TRACON& Tower with Radar,58,136,50,2,246,0,1,32,1,34,58,137,82,3,280,8,0,8,288
04/19/2008,GSO,NC,ASO,ES,Combined TRACON& Tower with Radar,28,96,45,0,169,0,0,21,0,21,28,96,66,0,190,0,0,0,190
04/20/2008,GSO,NC,ASO,ES,Combined TRACON& Tower with Radar,48,120,58,0,226,0,0,10,0,10,48,120,68,0,236,49,0,49,285
04/21/2008,GSO,NC,ASO,ES,Combined TRACON& Tower with Radar,35,125,90,0,250,0,0,1,1,2,35,125,91,1,252,2,0,2,254
04/22/2008,GSO,NC,ASO,ES,Combined TRACON& Tower with Radar,53,135,95,1,284,0,0,8,0,8,53,135,103,1,292,0,0,0,292
04/23/2008,GSO,NC,ASO,ES,Combined TRACON& Tower with Radar,45,147,93,0,285,0,0,10,0,10,45,147,103,0,295,4,0,4,299
04/24/2008,GSO,NC,ASO,ES,Combined TRACON& Tower with Radar,46,152,101,0,299,0,0,50,0,50,46,152,151,0,349,15,0,15,364
04/25/2008,GSO,NC,ASO,ES,Combined TRACON& Tower with Radar,42,142,82,0,266,0,0,17,2,19,42,142,99,2,285,10,0,10,295
04/26/2008,GSO,NC,ASO,ES,Combined TRACON& Tower with Radar,32,104,37,0,173,0,0,18,0,18,32,104,55,0,191,12,0,12,203
04/27/2008,GSO,NC,ASO,ES,Combined TRACON& Tower with Radar,48,110,70,0,228,0,0,8,0,8,48,110,78,0,236,2,0,2,238
04/28/2008,GSO,NC,ASO,ES,Combined TRACON& Tower with Radar,35,128,53,0,216,0,0,2,0,2,35,128,55,0,218,0,0,0,218
04/29/2008,GSO,NC,ASO,ES,Combined TRACON& Tower with Radar,49,142,80,0,271,0,0,21,0,21,49,142,101,0,292,29,0,29,321
04/30/2008,GSO,NC,ASO,ES,Combined TRACON& Tower with Radar,42,142,84,0,268,0,0,31,0,31,42,142,115,0,299,30,0,30,329
05/01/2008,GSO,NC,ASO,ES,Combined TRACON& Tower with Radar,56,139,86,2,283,0,0,40,0,40,56,139,126,2,323,4,0,4,327
05/02/2008,GSO,NC,ASO,ES,Combined TRACON& Tower with Radar,56,117,61,0,234,0,0,40,0,40,56,117,101,0,274,21,0,21,295
05/03/2008,GSO,NC,ASO,ES,Combined TRACON& Tower with Radar,39,106,28,0,173,0,0,14,0,14,39,106,42,0,187,0,0,0,187
05/04/2008,GSO,NC,ASO,ES,Combined TRACON& Tower with Radar,51,105,55,0,211,1,1,30,0,32,52,106,85,0,243,12,0,12,255
05/05/2008,GSO,NC,ASO,ES,Combined TRACON& Tower with Radar,48,130,58,0,236,0,0,33,0,33,48,130,91,0,269,5,0,5,274
05/06/2008,GSO,NC,ASO,ES,Combined TRACON& Tower with Radar,61,129,84,0,274,0,0,35,0,35,61,129,119,0,309,16,0,16,325
05/07/2008,GSO,NC,ASO,ES,Combined TRACON& Tower with Radar,49,141,79,1,270,0,0,56,0,56,49,141,135,1,326,21,0,21,347
05/08/2008,GSO,NC,ASO,ES,Combined TRACON& Tower with Radar,52,138,84,2,276,0,0,18,0,18,52,138,102,2,294,6,0,6,300
05/09/2008,GSO,NC,ASO,ES,Combined TRACON& Tower with Radar,56,133,78,8,275,0,0,19,0,19,56,133,97,8,294,36,4,40,334
05/10/2008,GSO,NC,ASO,ES,Combined TRACON& Tower with Radar,29,107,34,0,170,0,0,21,0,21,29,107,55,0,191,1,0,1,192
05/11/2008,GSO,NC,ASO,ES,Combined TRACON& Tower with Radar,48,128,42,0,218,0,0,1,0,1,48,128,43,0,219,0,0,0,219
05/12/2008,GSO,NC,ASO,ES,Combined TRACON& Tower with Radar,41,132,75,0,248,0,0,39,0,39,41,132,114,0,287,19,0,19,306
05/13/2008,GSO,NC,ASO,ES,Combined TRACON& Tower with Radar,60,137,78,0,275,0,0,45,1,46,60,137,123,1,321,7,0,7,328
05/14/2008,GSO,NC,ASO,ES,Combined TRACON& Tower with Radar,49,143,66,2,260,0,0,41,2,43,49,143,107,4,303,21,0,21,324
05/15/2008,GSO,NC,ASO,ES,Combined TRACON& Tower with Radar,56,129,65,11,261,0,0,6,2,8,56,129,71,13,269,20,4,24,293
05/16/2008,GSO,NC,ASO,ES,Combined TRACON& Tower with Radar,54,138,62,0,254,0,0,7,0,7,54,138,69,0,261,16,0,16,277
05/17/2008,GSO,NC,ASO,ES,Combined TRACON& Tower with Radar,31,115,45,0,191,0,1,26,2,29,31,116,71,2,220,6,0,6,226
05/18/2008,GSO,NC,ASO,ES,Combined TRACON& Tower with Radar,49,118,54,1,222,0,0,17,0,17,49,118,71,1,239,20,0,20,259
05/19/2008,GSO,NC,ASO,ES,Combined TRACON& Tower with Radar,38,132,74,0,244,0,0,40,1,41,38,132,114,1,285,13,0,13,298
05/20/2008,GSO,NC,ASO,ES,Combined TRACON& Tower with Radar,58,128,67,2,255,0,1,15,1,17,58,129,82,3,272,6,0,6,278
05/21/2008,GSO,NC,ASO,ES,Combined TRACON& Tower with Radar,49,144,69,9,271,0,0,36,0,36,49,144,105,9,307,7,6,13,320
05/22/2008,GSO,NC,ASO,ES,Combined TRACON& Tower with Radar,53,145,74,1,273,0,0,49,0,49,53,145,123,1,322,29,6,35,357
05/23/2008,GSO,NC,ASO,ES,Combined TRACON& Tower with Radar,56,136,75,0,267,0,0,41,0,41,56,136,116,0,308,11,0,11,319
05/24/2008,GSO,NC,ASO,ES,Combined TRACON& Tower with Radar,37,93,34,0,164,0,0,20,1,21,37,93,54,1,185,0,0,0,185
05/25/2008,GSO,NC,ASO,ES,Combined TRACON& Tower with Radar,38,89,28,1,156,0,0,27,0,27,38,89,55,1,183,9,0,9,192
05/26/2008,GSO,NC,ASO,ES,Combined TRACON& Tower with Radar,32,114,44,0,190,0,0,31,2,33,32,114,75,2,223,16,0,16,239
05/27/2008,GSO,NC,ASO,ES,Combined TRACON& Tower with Radar,41,111,61,0,213,0,0,30,0,30,41,111,91,0,243,4,0,4,247
05/28/2008,GSO,NC,ASO,ES,Combined TRACON& Tower with Radar,49,143,65,8,265,0,0,5,1,6,49,143,70,9,271,10,18,28,299
05/29/2008,GSO,NC,ASO,ES,Combined TRACON& Tower with Radar,64,142,91,1,298,0,0,41,0,41,64,142,132,1,339,0,0,0,339
05/30/2008,GSO,NC,ASO,ES,Combined TRACON& Tower with Radar,54,134,78,6,272,0,0,31,2,33,54,134,109,8,305,6,0,6,311
05/31/2008,GSO,NC,ASO,ES,Combined TRACON& Tower with Radar,31,97,26,0,154,0,0,9,0,9,31,97,35,0,163,3,0,3,166
06/01/2008,GSO,NC,ASO,ES,Combined TRACON& Tower with Radar,47,112,41,0,200,0,0,31,0,31,47,112,72,0,231,28,0,28,259
06/02/2008,GSO,NC,ASO,ES,Combined TRACON& Tower with Radar,41,132,50,0,223,0,0,39,0,39,41,132,89,0,262,14,0,14,276
06/03/2008,GSO,NC,ASO,ES,Combined TRACON& Tower with Radar,53,117,68,2,240,0,0,26,0,26,53,117,94,2,266,15,4,19,285
06/04/2008,GSO,NC,ASO,ES,Combined TRACON& Tower with Radar,61,125,100,3,289,0,1,31,0,32,61,126,131,3,321,19,0,19,340
06/05/2008,GSO,NC,ASO,ES,Combined TRACON& Tower with Radar,56,157,81,2,296,0,0,28,1,29,56,157,109,3,325,16,2,18,343
06/06/2008,GSO,NC,ASO,ES,Combined TRACON& Tower with Radar,50,125,76,0,251,0,0,27,0,27,50,125,103,0,278,12,0,12,290
06/07/2008,GSO,NC,ASO,ES,Combined TRACON& Tower with Radar,40,105,22,0,167,0,0,28,0,28,40,105,50,0,195,7,0,7,202
06/08/2008,GSO,NC,ASO,ES,Combined TRACON& Tower with Radar,37,114,52,0,203,0,0,34,0,34,37,114,86,0,237,13,0,13,250
06/09/2008,GSO,NC,ASO,ES,Combined TRACON& Tower with Radar,41,120,58,2,221,0,0,43,0,43,41,120,101,2,264,12,2,14,278
06/10/2008,GSO,NC,ASO,ES,Combined TRACON& Tower with Radar,65,128,86,0,279,0,0,24,1,25,65,128,110,1,304,19,0,19,323
06/11/2008,GSO,NC,ASO,ES,Combined TRACON& Tower with Radar,69,139,88,5,301,0,0,38,3,41,69,139,126,8,342,17,5,22,364
06/12/2008,GSO,NC,ASO,ES,Combined TRACON& Tower with Radar,53,134,86,3,276,0,0,17,1,18,53,134,103,4,294,14,6,20,314
06/13/2008,GSO,NC,ASO,ES,Combined TRACON& Tower with Radar,48,142,70,0,260,0,0,10,0,10,48,142,80,0,270,7,0,7,277
06/14/2008,GSO,NC,ASO,ES,Combined TRACON& Tower with Radar,33,114,27,0,174,0,0,30,0,30,33,114,57,0,204,27,0,27,231
06/15/2008,GSO,NC,ASO,ES,Combined TRACON& Tower with Radar,41,120,59,0,220,0,0,23,0,23,41,120,82,0,243,21,0,21,264
06/16/2008,GSO,NC,ASO,ES,Combined TRACON& Tower with Radar,45,130,65,15,255,0,0,33,3,36,45,130,98,18,291,18,8,26,317
06/17/2008,GSO,NC,ASO,ES,Combined TRACON& Tower with Radar,53,141,75,1,270,0,0,41,0,41,53,141,116,1,311,26,7,33,344
06/18/2008,GSO,NC,ASO,ES,Combined TRACON& Tower with Radar,55,135,73,4,267,0,0,41,0,41,55,135,114,4,308,14,0,14,322
06/19/2008,GSO,NC,ASO,ES,Combined TRACON& Tower with Radar,54,145,77,2,278,0,0,44,0,44,54,145,121,2,322,7,6,13,335
06/20/2008,GSO,NC,ASO,ES,Combined TRACON& Tower with Radar,56,139,81,2,278,0,0,29,0,29,56,139,110,2,307,29,0,29,336
06/21/2008,GSO,NC,ASO,ES,Combined TRACON& Tower with Radar,42,122,26,0,190,0,0,14,1,15,42,122,40,1,205,6,0,6,211
06/22/2008,GSO,NC,ASO,ES,Combined TRACON& Tower with Radar,38,112,28,0,178,0,0,10,0,10,38,112,38,0,188,3,0,3,191
06/23/2008,GSO,NC,ASO,ES,Combined TRACON& Tower with Radar,46,134,67,5,252,0,0,13,0,13,46,134,80,5,265,11,8,19,284
06/24/2008,GSO,NC,ASO,ES,Combined TRACON& Tower with Radar,51,137,71,0,259,0,0,24,0,24,51,137,95,0,283,25,0,25,308
06/25/2008,GSO,NC,ASO,ES,Combined TRACON& Tower with Radar,60,135,84,10,289,0,0,51,0,51,60,135,135,10,340,29,15,44,384
06/26/2008,GSO,NC,ASO,ES,Combined TRACON& Tower with Radar,66,135,78,10,289,0,1,55,2,58,66,136,133,12,347,106,8,114,461
06/27/2008,GSO,NC,ASO,ES,Combined TRACON& Tower with Radar,59,132,59,0,250,0,0,31,1,32,59,132,90,1,282,15,0,15,297
06/28/2008,GSO,NC,ASO,ES,Combined TRACON& Tower with Radar,45,111,28,0,184,0,1,27,2,30,45,112,55,2,214,3,0,3,217
06/29/2008,GSO,NC,ASO,ES,Combined TRACON& Tower with Radar,36,115,36,4,191,0,0,19,0,19,36,115,55,4,210,6,6,12,222
06/30/2008,GSO,NC,ASO,ES,Combined TRACON& Tower with Radar,43,128,51,2,224,0,0,20,0,20,43,128,71,2,244,0,0,0,244
07/01/2008,GSO,NC,ASO,ES,Combined TRACON& Tower with Radar,55,126,49,2,232,0,0,49,0,49,55,126,98,2,281,16,0,16,297
07/02/2008,GSO,NC,ASO,ES,Combined TRACON& Tower with Radar,60,127,50,0,237,0,0,55,0,55,60,127,105,0,292,2,0,2,294
07/03/2008,GSO,NC,ASO,ES,Combined TRACON& Tower with Radar,48,121,48,0,217,0,0,43,0,43,48,121,91,0,260,6,0,6,266
07/04/2008,GSO,NC,ASO,ES,Combined TRACON& Tower with Radar,33,93,8,0,134,0,0,5,0,5,33,93,13,0,139,0,0,0,139
07/05/2008,GSO,NC,ASO,ES,Combined TRACON& Tower with Radar,32,94,14,1,141,0,0,0,0,0,32,94,14,1,141,0,0,0,141
07/06/2008,GSO,NC,ASO,ES,Combined TRACON& Tower with Radar,33,111,34,0,178,0,0,5,0,5,33,111,39,0,183,0,0,0,183
07/07/2008,GSO,NC,ASO,ES,Combined TRACON& Tower with Radar,48,124,48,1,221,0,0,6,1,7,48,124,54,2,228,0,0,0,228
07/08/2008,GSO,NC,ASO,ES,Combined TRACON& Tower with Radar,64,150,48,1,263,0,0,13,1,14,64,150,61,2,277,6,0,6,283
07/09/2008,GSO,NC,ASO,ES,Combined TRACON& Tower with Radar,66,127,62,0,255,0,0,5,0,5,66,127,67,0,260,0,0,0,260
07/10/2008,GSO,NC,ASO,ES,Combined TRACON& Tower with Radar,52,135,73,7,267,0,0,23,0,23,52,135,96,7,290,1,0,1,291
07/11/2008,GSO,NC,ASO,ES,Combined TRACON& Tower with Radar,54,133,74,0,261,0,0,18,0,18,54,133,92,0,279,8,0,8,287
07/12/2008,GSO,NC,ASO,ES,Combined TRACON& Tower with Radar,38,107,24,2,171,0,0,30,0,30,38,107,54,2,201,22,0,22,223
07/13/2008,GSO,NC,ASO,ES,Combined TRACON& Tower with Radar,35,114,44,0,193,0,0,22,0,22,35,114,66,0,215,18,0,18,233
07/14/2008,GSO,NC,ASO,ES,Combined TRACON& Tower with Radar,43,133,79,0,255,0,0,19,1,20,43,133,98,1,275,0,0,0,275
07/15/2008,GSO,NC,ASO,ES,Combined TRACON& Tower with Radar,46,138,79,0,263,0,0,21,0,21,46,138,100,0,284,8,0,8,292
07/16/2008,GSO,NC,ASO,ES,Combined TRACON& Tower with Radar,60,128,66,3,257,0,0,40,0,40,60,128,106,3,297,0,0,0,297
07/17/2008,GSO,NC,ASO,ES,Combined TRACON& Tower with Radar,59,134,77,1,271,0,0,41,0,41,59,134,118,1,312,0,0,0,312
07/18/2008,GSO,NC,ASO,ES,Combined TRACON& Tower with Radar,55,127,47,0,229,0,1,32,0,33,55,128,79,0,262,2,0,2,264
07/19/2008,GSO,NC,ASO,ES,Combined TRACON& Tower with Radar,48,104,27,0,179,0,0,16,0,16,48,104,43,0,195,8,0,8,203
07/20/2008,GSO,NC,ASO,ES,Combined TRACON& Tower with Radar,41,121,46,0,208,0,0,31,0,31,41,121,77,0,239,1,0,1,240
07/21/2008,GSO,NC,ASO,ES,Combined TRACON& Tower with Radar,44,135,51,4,234,0,0,19,2,21,44,135,70,6,255,7,1,8,263
07/22/2008,GSO,NC,ASO,ES,Combined TRACON& Tower with Radar,63,136,62,0,261,0,0,18,0,18,63,136,80,0,279,0,0,0,279
07/23/2008,GSO,NC,ASO,ES,Combined TRACON& Tower with Radar,55,132,60,0,247,0,0,16,0,16,55,132,76,0,263,4,0,4,267
07/24/2008,GSO,NC,ASO,ES,Combined TRACON& Tower with Radar,42,150,87,1,280,0,0,42,0,42,42,150,129,1,322,0,0,0,322
07/25/2008,GSO,NC,ASO,ES,Combined TRACON& Tower with Radar,47,143,63,2,255,0,0,28,0,28,47,143,91,2,283,0,0,0,283
07/26/2008,GSO,NC,ASO,ES,Combined TRACON& Tower with Radar,35,107,28,1,171,0,0,23,0,23,35,107,51,1,194,0,0,0,194
07/27/2008,GSO,NC,ASO,ES,Combined TRACON& Tower with Radar,36,116,46,0,198,0,1,27,0,28,36,117,73,0,226,1,0,1,227
07/28/2008,GSO,NC,ASO,ES,Combined TRACON& Tower with Radar,48,123,57,1,229,0,0,44,1,45,48,123,101,2,274,0,0,0,274
07/29/2008,GSO,NC,ASO,ES,Combined TRACON& Tower with Radar,48,132,70,4,254,0,0,36,0,36,48,132,106,4,290,3,1,4,294
07/30/2008,GSO,NC,ASO,ES,Combined TRACON& Tower with Radar,54,146,73,2,275,0,1,19,0,20,54,147,92,2,295,1,0,1,296
07/31/2008,GSO,NC,ASO,ES,Combined TRACON& Tower with Radar,46,150,70,2,268,0,0,18,0,18,46,150,88,2,286,7,0,7,293
08/01/2008,GSO,NC,ASO,ES,Combined TRACON& Tower with Radar,58,139,57,0,254,0,0,31,0,31,58,139,88,0,285,0,0,0,285
08/02/2008,GSO,NC,ASO,ES,Combined TRACON& Tower with Radar,23,111,19,0,153,0,0,22,0,22,23,111,41,0,175,0,0,0,175
08/03/2008,GSO,NC,ASO,ES,Combined TRACON& Tower with Radar,38,125,37,0,200,0,0,40,0,40,38,125,77,0,240,0,0,0,240
08/04/2008,GSO,NC,ASO,ES,Combined TRACON& Tower with Radar,37,125,52,2,216,0,0,34,0,34,37,125,86,2,250,0,0,0,250
08/05/2008,GSO,NC,ASO,ES,Combined TRACON& Tower with Radar,50,132,61,1,244,0,0,35,1,36,50,132,96,2,280,3,0,3,283
08/06/2008,GSO,NC,ASO,ES,Combined TRACON& Tower with Radar,49,144,73,0,266,0,0,31,0,31,49,144,104,0,297,5,0,5,302
08/07/2008,GSO,NC,ASO,ES,Combined TRACON& Tower with Radar,39,118,47,5,209,0,0,25,0,25,39,118,72,5,234,6,16,22,256
08/08/2008,GSO,NC,ASO,ES,Combined TRACON& Tower with Radar,49,142,67,0,258,0,0,34,0,34,49,142,101,0,292,26,0,26,318
08/09/2008,GSO,NC,ASO,ES,Combined TRACON& Tower with Radar,38,109,42,0,189,0,0,31,0,31,38,109,73,0,220,4,0,4,224
08/10/2008,GSO,NC,ASO,ES,Combined TRACON& Tower with Radar,30,126,54,0,210,0,0,14,0,14,30,126,68,0,224,0,0,0,224
08/11/2008,GSO,NC,ASO,ES,Combined TRACON& Tower with Radar,47,134,66,2,249,0,0,35,0,35,47,134,101,2,284,13,0,13,297
08/12/2008,GSO,NC,ASO,ES,Combined TRACON& Tower with Radar,42,146,78,1,267,0,0,25,2,27,42,146,103,3,294,0,0,0,294
08/13/2008,GSO,NC,ASO,ES,Combined TRACON& Tower with Radar,48,133,59,0,240,0,0,1,0,1,48,133,60,0,241,0,0,0,241
08/14/2008,GSO,NC,ASO,ES,Combined TRACON& Tower with Radar,49,133,94,3,279,0,1,40,0,41,49,134,134,3,320,15,2,17,337
08/15/2008,GSO,NC,ASO,ES,Combined TRACON& Tower with Radar,48,132,68,4,252,0,0,18,0,18,48,132,86,4,270,38,1,39,309
08/16/2008,GSO,NC,ASO,ES,Combined TRACON& Tower with Radar,39,106,38,0,183,0,0,26,0,26,39,106,64,0,209,0,0,0,209
08/17/2008,GSO,NC,ASO,ES,Combined TRACON& Tower with Radar,40,135,52,1,228,0,0,9,0,9,40,135,61,1,237,0,2,2,239
08/18/2008,GSO,NC,ASO,ES,Combined TRACON& Tower with Radar,40,136,63,5,244,0,0,30,1,31,40,136,93,6,275,8,8,16,291
08/19/2008,GSO,NC,ASO,ES,Combined TRACON& Tower with Radar,45,128,78,2,253,0,0,45,0,45,45,128,123,2,298,0,0,0,298
08/20/2008,GSO,NC,ASO,ES,Combined TRACON& Tower with Radar,51,129,68,1,249,0,0,28,1,29,51,129,96,2,278,0,0,0,278
08/21/2008,GSO,NC,ASO,ES,Combined TRACON& Tower with Radar,51,151,77,2,281,0,0,14,0,14,51,151,91,2,295,18,3,21,316
08/22/2008,GSO,NC,ASO,ES,Combined TRACON& Tower with Radar,48,133,56,0,237,0,0,10,0,10,48,133,66,0,247,10,0,10,257
08/23/2008,GSO,NC,ASO,ES,Combined TRACON& Tower with Radar,37,103,28,0,168,0,0,13,0,13,37,103,41,0,181,0,0,0,181
08/24/2008,GSO,NC,ASO,ES,Combined TRACON& Tower with Radar,37,112,32,0,181,0,0,27,1,28,37,112,59,1,209,14,0,14,223
08/25/2008,GSO,NC,ASO,ES,Combined TRACON& Tower with Radar,38,125,55,0,218,1,3,25,1,30,39,128,80,1,248,0,0,0,248
08/26/2008,GSO,NC,ASO,ES,Combined TRACON& Tower with Radar,39,124,45,1,209,0,0,1,0,1,39,124,46,1,210,0,0,0,210
08/27/2008,GSO,NC,ASO,ES,Combined TRACON& Tower with Radar,46,133,49,0,228,0,0,0,0,0,46,133,49,0,228,0,0,0,228
08/28/2008,GSO,NC,ASO,ES,Combined TRACON& Tower with Radar,46,127,72,1,246,0,0,3,1,4,46,127,75,2,250,0,0,0,250
08/29/2008,GSO,NC,ASO,ES,Combined TRACON& Tower with Radar,46,139,76,0,261,0,0,15,0,15,46,139,91,0,276,0,0,0,276
08/30/2008,GSO,NC,ASO,ES,Combined TRACON& Tower with Radar,25,86,35,0,146,0,1,16,0,17,25,87,51,0,163,0,0,0,163
08/31/2008,GSO,NC,ASO,ES,Combined TRACON& Tower with Radar,34,75,20,0,129,0,0,6,0,6,34,75,26,0,135,0,0,0,135
09/01/2008,GSO,NC,ASO,ES,Combined TRACON& Tower with Radar,30,115,42,0,187,0,0,27,0,27,30,115,69,0,214,0,0,0,214
09/02/2008,GSO,NC,ASO,ES,Combined TRACON& Tower with Radar,34,119,62,2,217,0,0,28,0,28,34,119,90,2,245,0,0,0,245
09/03/2008,GSO,NC,ASO,ES,Combined TRACON& Tower with Radar,142,33,77,2,254,0,0,33,0,33,142,33,110,2,287,7,1,8,295
09/04/2008,GSO,NC,ASO,ES,Combined TRACON& Tower with Radar,60,109,78,5,252,0,1,30,0,31,60,110,108,5,283,5,0,5,288
09/05/2008,GSO,NC,ASO,ES,Combined TRACON& Tower with Radar,62,116,55,0,233,0,1,18,0,19,62,117,73,0,252,0,0,0,252
09/06/2008,GSO,NC,ASO,ES,Combined TRACON& Tower with Radar,38,83,19,2,142,0,0,7,0,7,38,83,26,2,149,12,0,12,161
09/07/2008,GSO,NC,ASO,ES,Combined TRACON& Tower with Radar,42,94,42,0,178,0,0,20,0,20,42,94,62,0,198,0,0,0,198
09/08/2008,GSO,NC,ASO,ES,Combined TRACON& Tower with Radar,40,109,54,0,203,0,0,16,0,16,40,109,70,0,219,2,0,2,221
09/09/2008,GSO,NC,ASO,ES,Combined TRACON& Tower with Radar,54,106,62,7,229,0,0,8,0,8,54,106,70,7,237,0,0,0,237
09/10/2008,GSO,NC,ASO,ES,Combined TRACON& Tower with Radar,52,122,69,0,243,0,0,0,0,0,52,122,69,0,243,0,0,0,243
09/11/2008,GSO,NC,ASO,ES,Combined TRACON& Tower with Radar,53,122,83,5,263,0,0,0,0,0,53,122,83,5,263,0,0,0,263
09/12/2008,GSO,NC,ASO,ES,Combined TRACON& Tower with Radar,80,106,79,0,265,0,0,6,0,6,80,106,85,0,271,0,0,0,271
09/13/2008,GSO,NC,ASO,ES,Combined TRACON& Tower with Radar,39,78,41,0,158,1,0,19,0,20,40,78,60,0,178,0,0,0,178
09/14/2008,GSO,NC,ASO,ES,Combined TRACON& Tower with Radar,35,90,39,0,164,0,1,24,0,25,35,91,63,0,189,6,0,6,195
09/15/2008,GSO,NC,ASO,ES,Combined TRACON& Tower with Radar,39,116,56,0,211,0,0,38,0,38,39,116,94,0,249,0,0,0,249
09/16/2008,GSO,NC,ASO,ES,Combined TRACON& Tower with Radar,54,107,55,2,218,0,0,0,0,0,54,107,55,2,218,0,0,0,218
09/17/2008,GSO,NC,ASO,ES,Combined TRACON& Tower with Radar,52,121,82,0,255,0,2,34,0,36,52,123,116,0,291,0,0,0,291
09/18/2008,GSO,NC,ASO,ES,Combined TRACON& Tower with Radar,49,125,94,1,269,0,0,33,3,36,49,125,127,4,305,1,0,1,306
09/19/2008,GSO,NC,ASO,ES,Combined TRACON& Tower with Radar,55,120,70,3,248,0,0,10,0,10,55,120,80,3,258,6,0,6,264
09/20/2008,GSO,NC,ASO,ES,Combined TRACON& Tower with Radar,32,89,27,0,148,0,0,28,0,28,32,89,55,0,176,0,0,0,176
09/21/2008,GSO,NC,ASO,ES,Combined TRACON& Tower with Radar,45,91,39,1,176,0,0,24,0,24,45,91,63,1,200,0,0,0,200
09/22/2008,GSO,NC,ASO,ES,Combined TRACON& Tower with Radar,42,120,54,2,218,0,0,41,2,43,42,120,95,4,261,0,0,0,261
09/23/2008,GSO,NC,ASO,ES,Combined TRACON& Tower with Radar,55,109,76,0,240,0,0,15,0,15,55,109,91,0,255,12,0,12,267
09/24/2008,GSO,NC,ASO,ES,Combined TRACON& Tower with Radar,46,123,60,0,229,0,0,32,0,32,46,123,92,0,261,0,0,0,261
09/25/2008,GSO,NC,ASO,ES,Combined TRACON& Tower with Radar,50,112,66,3,231,0,0,5,1,6,50,112,71,4,237,5,0,5,242
09/26/2008,GSO,NC,ASO,ES,Combined TRACON& Tower with Radar,52,113,53,0,218,0,0,0,0,0,52,113,53,0,218,0,0,0,218
09/27/2008,GSO,NC,ASO,ES,Combined TRACON& Tower with Radar,40,92,34,1,167,0,0,0,0,0,40,92,34,1,167,0,0,0,167
09/28/2008,GSO,NC,ASO,ES,Combined TRACON& Tower with Radar,40,105,55,0,200,0,0,14,0,14,40,105,69,0,214,0,0,0,214
09/29/2008,GSO,NC,ASO,ES,Combined TRACON& Tower with Radar,44,109,57,0,210,0,0,38,0,38,44,109,95,0,248,3,0,3,251
09/30/2008,GSO,NC,ASO,ES,Combined TRACON& Tower with Radar,47,106,73,1,227,0,0,15,1,16,47,106,88,2,243,0,0,0,243
10/01/2008,GSO,NC,ASO,ES,Combined TRACON& Tower with Radar,52,115,81,0,248,0,0,10,0,10,52,115,91,0,258,3,0,3,261
10/02/2008,GSO,NC,ASO,ES,Combined TRACON& Tower with Radar,55,119,63,1,238,0,0,44,0,44,55,119,107,1,282,12,0,12,294
10/03/2008,GSO,NC,ASO,ES,Combined TRACON& Tower with Radar,59,118,56,0,233,0,0,29,2,31,59,118,85,2,264,10,0,10,274
10/04/2008,GSO,NC,ASO,ES,Combined TRACON& Tower with Radar,42,99,21,0,162,0,0,30,0,30,42,99,51,0,192,0,0,0,192
10/05/2008,GSO,NC,ASO,ES,Combined TRACON& Tower with Radar,47,95,50,1,193,0,0,41,1,42,47,95,91,2,235,7,0,7,242
10/06/2008,GSO,NC,ASO,ES,Combined TRACON& Tower with Radar,40,122,52,4,218,0,0,26,0,26,40,122,78,4,244,0,0,0,244
10/07/2008,GSO,NC,ASO,ES,Combined TRACON& Tower with Radar,63,121,67,1,252,0,0,12,0,12,63,121,79,1,264,6,0,6,270
10/08/2008,GSO,NC,ASO,ES,Combined TRACON& Tower with Radar,54,120,69,2,245,0,0,10,0,10,54,120,79,2,255,5,0,5,260
10/09/2008,GSO,NC,ASO,ES,Combined TRACON& Tower with Radar,52,123,46,2,223,0,0,0,0,0,52,123,46,2,223,0,0,0,223
10/10/2008,GSO,NC,ASO,ES,Combined TRACON& Tower with Radar,53,117,73,0,243,0,0,4,0,4,53,117,77,0,247,0,0,0,247
10/11/2008,GSO,NC,ASO,ES,Combined TRACON& Tower with Radar,30,94,30,0,154,0,0,21,0,21,30,94,51,0,175,12,0,12,187
10/12/2008,GSO,NC,ASO,ES,Combined TRACON& Tower with Radar,39,102,47,0,188,0,0,27,0,27,39,102,74,0,215,4,1,5,220
10/13/2008,GSO,NC,ASO,ES,Combined TRACON& Tower with Radar,45,126,55,0,226,0,0,32,0,32,45,126,87,0,258,9,0,9,267
10/14/2008,GSO,NC,ASO,ES,Combined TRACON& Tower with Radar,50,111,72,0,233,0,0,28,0,28,50,111,100,0,261,18,0,18,279
10/15/2008,GSO,NC,ASO,ES,Combined TRACON& Tower with Radar,46,127,65,0,238,0,1,30,0,31,46,128,95,0,269,8,0,8,277
10/16/2008,GSO,NC,ASO,ES,Combined TRACON& Tower with Radar,51,122,70,10,253,0,0,42,0,42,51,122,112,10,295,0,0,0,295
10/17/2008,GSO,NC,ASO,ES,Combined TRACON& Tower with Radar,65,108,68,0,241,0,0,0,0,0,65,108,68,0,241,0,0,0,241
10/18/2008,GSO,NC,ASO,ES,Combined TRACON& Tower with Radar,42,90,37,2,171,0,0,14,0,14,42,90,51,2,185,73,0,73,258
10/19/2008,GSO,NC,ASO,ES,Combined TRACON& Tower with Radar,57,92,64,2,215,0,0,26,0,26,57,92,90,2,241,2,0,2,243
10/20/2008,GSO,NC,ASO,ES,Combined TRACON& Tower with Radar,51,114,78,2,245,0,0,30,0,30,51,114,108,2,275,0,0,0,275
10/21/2008,GSO,NC,ASO,ES,Combined TRACON& Tower with Radar,55,114,79,0,248,0,0,44,0,44,55,114,123,0,292,0,0,0,292
10/22/2008,GSO,NC,ASO,ES,Combined TRACON& Tower with Radar,60,128,104,0,292,0,0,56,0,56,60,128,160,0,348,0,0,0,348
10/23/2008,GSO,NC,ASO,ES,Combined TRACON& Tower with Radar,64,138,119,1,322,0,0,58,0,58,64,138,177,1,380,0,0,0,380
10/24/2008,GSO,NC,ASO,ES,Combined TRACON& Tower with Radar,56,127,67,0,250,0,0,10,0,10,56,127,77,0,260,0,0,0,260
10/25/2008,GSO,NC,ASO,ES,Combined TRACON& Tower with Radar,37,93,34,0,164,0,0,6,0,6,37,93,40,0,170,0,0,0,170
10/26/2008,GSO,NC,ASO,ES,Combined TRACON& Tower with Radar,41,99,48,0,188,0,0,43,0,43,41,99,91,0,231,16,0,16,247
10/27/2008,GSO,NC,ASO,ES,Combined TRACON& Tower with Radar,50,117,51,2,220,0,13,0,0,13,50,130,51,2,233,4,0,4,237
10/28/2008,GSO,NC,ASO,ES,Combined TRACON& Tower with Radar,48,115,61,2,226,0,0,18,0,18,48,115,79,2,244,0,0,0,244
10/29/2008,GSO,NC,ASO,ES,Combined TRACON& Tower with Radar,51,119,78,2,250,0,0,35,0,35,51,119,113,2,285,23,0,23,308
10/30/2008,GSO,NC,ASO,ES,Combined TRACON& Tower with Radar,49,124,85,1,259,0,0,40,0,40,49,124,125,1,299,11,1,12,311
10/31/2008,GSO,NC,ASO,ES,Combined TRACON& Tower with Radar,46,120,55,0,221,0,0,51,0,51,46,120,106,0,272,3,0,3,275
11/01/2008,GSO,NC,ASO,ES,Combined TRACON& Tower with Radar,45,86,24,1,156,0,0,37,0,37,45,86,61,1,193,0,0,0,193
11/02/2008,GSO,NC,ASO,ES,Combined TRACON& Tower with Radar,41,95,45,1,182,0,0,33,0,33,41,95,78,1,215,0,4,4,219
11/03/2008,GSO,NC,ASO,ES,Combined TRACON& Tower with Radar,40,109,71,0,220,0,0,2,0,2,40,109,73,0,222,0,0,0,222
11/04/2008,GSO,NC,ASO,ES,Combined TRACON& Tower with Radar,53,122,39,2,216,0,0,0,0,0,53,122,39,2,216,0,0,0,216
11/05/2008,GSO,NC,ASO,ES,Combined TRACON& Tower with Radar,45,115,81,0,241,0,0,9,0,9,45,115,90,0,250,6,0,6,256
11/06/2008,GSO,NC,ASO,ES,Combined TRACON& Tower with Radar,50,119,53,0,222,0,0,33,0,33,50,119,86,0,255,5,0,5,260
11/07/2008,GSO,NC,ASO,ES,Combined TRACON& Tower with Radar,51,144,58,1,254,0,0,27,0,27,51,144,85,1,281,4,0,4,285
11/08/2008,GSO,NC,ASO,ES,Combined TRACON& Tower with Radar,27,95,34,0,156,0,0,28,0,28,27,95,62,0,184,0,0,0,184
11/09/2008,GSO,NC,ASO,ES,Combined TRACON& Tower with Radar,39,97,36,1,173,0,0,27,0,27,39,97,63,1,200,2,0,2,202
11/10/2008,GSO,NC,ASO,ES,Combined TRACON& Tower with Radar,38,107,50,0,195,0,0,25,0,25,38,107,75,0,220,0,0,0,220
11/11/2008,GSO,NC,ASO,ES,Combined TRACON& Tower with Radar,49,107,38,0,194,0,0,26,0,26,49,107,64,0,220,0,0,0,220
11/12/2008,GSO,NC,ASO,ES,Combined TRACON& Tower with Radar,50,122,59,0,231,0,0,16,0,16,50,122,75,0,247,0,0,0,247
11/13/2008,GSO,NC,ASO,ES,Combined TRACON& Tower with Radar,43,125,62,0,230,0,0,0,0,0,43,125,62,0,230,0,0,0,230
11/14/2008,GSO,NC,ASO,ES,Combined TRACON& Tower with Radar,49,114,39,0,202,0,0,0,0,0,49,114,39,0,202,0,0,0,202
11/15/2008,GSO,NC,ASO,ES,Combined TRACON& Tower with Radar,26,102,23,0,151,0,0,1,0,1,26,102,24,0,152,0,0,0,152
11/16/2008,GSO,NC,ASO,ES,Combined TRACON& Tower with Radar,37,88,30,3,158,0,0,21,0,21,37,88,51,3,179,4,0,4,183
11/17/2008,GSO,NC,ASO,ES,Combined TRACON& Tower with Radar,47,121,67,0,235,0,0,24,1,25,47,121,91,1,260,6,0,6,266
11/18/2008,GSO,NC,ASO,ES,Combined TRACON& Tower with Radar,33,102,57,0,192,0,0,15,0,15,33,102,72,0,207,12,0,12,219
11/19/2008,GSO,NC,ASO,ES,Combined TRACON& Tower with Radar,46,132,52,0,230,0,0,34,3,37,46,132,86,3,267,0,0,0,267
11/20/2008,GSO,NC,ASO,ES,Combined TRACON& Tower with Radar,52,132,59,1,244,0,0,32,0,32,52,132,91,1,276,19,3,22,298
11/21/2008,GSO,NC,ASO,ES,Combined TRACON& Tower with Radar,52,130,56,1,239,0,0,11,0,11,52,130,67,1,250,0,0,0,250
11/22/2008,GSO,NC,ASO,ES,Combined TRACON& Tower with Radar,26,97,20,1,144,0,0,32,2,34,26,97,52,3,178,4,0,4,182
11/23/2008,GSO,NC,ASO,ES,Combined TRACON& Tower with Radar,30,99,31,1,161,0,0,40,0,40,30,99,71,1,201,0,0,0,201
11/24/2008,GSO,NC,ASO,ES,Combined TRACON& Tower with Radar,41,115,37,0,193,0,0,5,0,5,41,115,42,0,198,0,0,0,198
11/25/2008,GSO,NC,ASO,ES,Combined TRACON& Tower with Radar,37,134,66,1,238,0,0,24,1,25,37,134,90,2,263,0,0,0,263
11/26/2008,GSO,NC,ASO,ES,Combined TRACON& Tower with Radar,44,137,51,0,232,0,0,39,0,39,44,137,90,0,271,6,0,6,277
11/27/2008,GSO,NC,ASO,ES,Combined TRACON& Tower with Radar,17,79,12,0,108,0,0,12,0,12,17,79,24,0,120,0,0,0,120
11/28/2008,GSO,NC,ASO,ES,Combined TRACON& Tower with Radar,33,71,22,0,126,0,0,16,0,16,33,71,38,0,142,0,0,0,142
11/29/2008,GSO,NC,ASO,ES,Combined TRACON& Tower with Radar,31,103,37,0,171,0,0,5,0,5,31,103,42,0,176,4,0,4,180
11/30/2008,GSO,NC,ASO,ES,Combined TRACON& Tower with Radar,38,121,44,3,206,0,0,0,0,0,38,121,44,3,206,2,0,2,208
12/01/2008,GSO,NC,ASO,ES,Combined TRACON& Tower with Radar,41,136,30,1,208,0,0,8,1,9,41,136,38,2,217,2,0,2,219
12/02/2008,GSO,NC,ASO,ES,Combined TRACON& Tower with Radar,40,112,52,6,210,0,0,25,1,26,40,112,77,7,236,4,9,13,249
12/03/2008,GSO,NC,ASO,ES,Combined TRACON& Tower with Radar,46,128,68,1,243,0,4,46,0,50,46,132,114,1,293,3,0,3,296
12/04/2008,GSO,NC,ASO,ES,Combined TRACON& Tower with Radar,46,134,58,0,238,0,0,28,0,28,46,134,86,0,266,1,0,1,267
12/05/2008,GSO,NC,ASO,ES,Combined TRACON& Tower with Radar,44,129,55,0,228,0,0,25,0,25,44,129,80,0,253,0,0,0,253
12/06/2008,GSO,NC,ASO,ES,Combined TRACON& Tower with Radar,31,89,22,0,142,0,0,17,0,17,31,89,39,0,159,0,0,0,159
12/07/2008,GSO,NC,ASO,ES,Combined TRACON& Tower with Radar,38,96,22,2,158,0,0,18,0,18,38,96,40,2,176,0,0,0,176
12/08/2008,GSO,NC,ASO,ES,Combined TRACON& Tower with Radar,37,126,40,0,203,0,0,23,0,23,37,126,63,0,226,0,0,0,226
12/09/2008,GSO,NC,ASO,ES,Combined TRACON& Tower with Radar,42,118,74,0,234,0,0,7,0,7,42,118,81,0,241,0,0,0,241
12/10/2008,GSO,NC,ASO,ES,Combined TRACON& Tower with Radar,44,121,57,0,222,0,0,1,0,1,44,121,58,0,223,0,0,0,223
12/11/2008,GSO,NC,ASO,ES,Combined TRACON& Tower with Radar,56,116,54,0,226,0,0,0,0,0,56,116,54,0,226,0,0,0,226
12/12/2008,GSO,NC,ASO,ES,Combined TRACON& Tower with Radar,47,124,42,1,214,0,0,23,0,23,47,124,65,1,237,0,0,0,237
12/13/2008,GSO,NC,ASO,ES,Combined TRACON& Tower with Radar,31,91,36,1,159,0,0,32,0,32,31,91,68,1,191,2,0,2,193
12/14/2008,GSO,NC,ASO,ES,Combined TRACON& Tower with Radar,32,100,33,0,165,1,0,12,0,13,33,100,45,0,178,28,0,28,206
12/15/2008,GSO,NC,ASO,ES,Combined TRACON& Tower with Radar,41,114,59,0,214,0,0,11,0,11,41,114,70,0,225,0,0,0,225
12/16/2008,GSO,NC,ASO,ES,Combined TRACON& Tower with Radar,50,112,38,0,200,0,0,0,0,0,50,112,38,0,200,0,0,0,200
12/17/2008,GSO,NC,ASO,ES,Combined TRACON& Tower with Radar,43,125,63,0,231,0,0,0,0,0,43,125,63,0,231,12,0,12,243
12/18/2008,GSO,NC,ASO,ES,Combined TRACON& Tower with Radar,33,131,70,5,239,0,0,3,0,3,33,131,73,5,242,8,0,8,250
12/19/2008,GSO,NC,ASO,ES,Combined TRACON& Tower with Radar,59,98,45,1,203,0,0,4,0,4,59,98,49,1,207,0,0,0,207
12/20/2008,GSO,NC,ASO,ES,Combined TRACON& Tower with Radar,34,112,31,0,177,0,0,7,0,7,34,112,38,0,184,0,0,0,184
12/21/2008,GSO,NC,ASO,ES,Combined TRACON& Tower with Radar,33,84,19,1,137,0,0,9,0,9,33,84,28,1,146,0,0,0,146
12/22/2008,GSO,NC,ASO,ES,Combined TRACON& Tower with Radar,32,116,36,3,187,0,0,28,0,28,32,116,64,3,215,0,0,0,215
12/23/2008,GSO,NC,ASO,ES,Combined TRACON& Tower with Radar,43,113,32,0,188,0,0,44,0,44,43,113,76,0,232,0,0,0,232
12/24/2008,GSO,NC,ASO,ES,Combined TRACON& Tower with Radar,37,87,22,0,146,0,0,4,0,4,37,87,26,0,150,0,0,0,150
12/25/2008,GSO,NC,ASO,ES,Combined TRACON& Tower with Radar,22,68,10,0,100,0,1,9,0,10,22,69,19,0,110,0,0,0,110
12/26/2008,GSO,NC,ASO,ES,Combined TRACON& Tower with Radar,28,102,34,0,164,0,0,9,0,9,28,102,43,0,173,0,0,0,173
12/27/2008,GSO,NC,ASO,ES,Combined TRACON& Tower with Radar,24,94,27,0,145,0,0,0,0,0,24,94,27,0,145,0,0,0,145
12/28/2008,GSO,NC,ASO,ES,Combined TRACON& Tower with Radar,24,98,19,0,141,0,0,0,0,0,24,98,19,0,141,0,0,0,141
12/29/2008,GSO,NC,ASO,ES,Combined TRACON& Tower with Radar,31,102,38,0,171,0,0,39,0,39,31,102,77,0,210,6,0,6,216
12/30/2008,GSO,NC,ASO,ES,Combined TRACON& Tower with Radar,38,115,54,0,207,0,0,55,0,55,38,115,109,0,262,24,0,24,286
12/31/2008,GSO,NC,ASO,ES,Combined TRACON& Tower with Radar,37,80,26,0,143,0,0,14,0,14,37,80,40,0,157,3,0,3,160
01/01/2009,GSO,NC,ASO,ES,Combined TRACON& Tower with Radar,20,85,14,0,119,0,0,22,0,22,20,85,36,0,141,0,0,0,141
01/02/2009,GSO,NC,ASO,ES,Combined TRACON& Tower with Radar,42,98,21,0,161,0,0,6,0,6,42,98,27,0,167,0,0,0,167
01/03/2009,GSO,NC,ASO,ES,Combined TRACON& Tower with Radar,22,100,44,5,171,0,0,55,0,55,22,100,99,5,226,0,0,0,226
01/04/2009,GSO,NC,ASO,ES,Combined TRACON& Tower with Radar,30,99,20,0,149,0,0,0,0,0,30,99,20,0,149,0,0,0,149
01/05/2009,GSO,NC,ASO,ES,Combined TRACON& Tower with Radar,38,100,29,2,169,0,0,2,0,2,38,100,31,2,171,0,0,0,171
01/06/2009,GSO,NC,ASO,ES,Combined TRACON& Tower with Radar,40,103,23,0,166,0,0,0,0,0,40,103,23,0,166,0,0,0,166
01/07/2009,GSO,NC,ASO,ES,Combined TRACON& Tower with Radar,34,115,33,0,182,0,0,4,0,4,34,115,37,0,186,8,0,8,194
01/08/2009,GSO,NC,ASO,ES,Combined TRACON& Tower with Radar,43,110,55,0,208,0,0,33,0,33,43,110,88,0,241,0,0,0,241
01/09/2009,GSO,NC,ASO,ES,Combined TRACON& Tower with Radar,43,119,54,0,216,0,0,62,0,62,43,119,116,0,278,6,0,6,284
01/10/2009,GSO,NC,ASO,ES,Combined TRACON& Tower with Radar,21,76,7,0,104,0,0,25,0,25,21,76,32,0,129,7,0,7,136
01/11/2009,GSO,NC,ASO,ES,Combined TRACON& Tower with Radar,29,98,31,0,158,0,0,30,0,30,29,98,61,0,188,2,0,2,190
01/12/2009,GSO,NC,ASO,ES,Combined TRACON& Tower with Radar,30,118,47,4,199,0,2,30,0,32,30,120,77,4,231,8,0,8,239
01/13/2009,GSO,NC,ASO,ES,Combined TRACON& Tower with Radar,42,116,46,1,205,0,2,28,1,31,42,118,74,2,236,0,0,0,236
01/14/2009,GSO,NC,ASO,ES,Combined TRACON& Tower with Radar,40,118,60,0,218,0,0,20,0,20,40,118,80,0,238,0,0,0,238
01/15/2009,GSO,NC,ASO,ES,Combined TRACON& Tower with Radar,33,118,55,2,208,0,0,22,0,22,33,118,77,2,230,0,0,0,230
01/16/2009,GSO,NC,ASO,ES,Combined TRACON& Tower with Radar,40,129,62,0,231,0,4,27,0,31,40,133,89,0,262,6,0,6,268
01/17/2009,GSO,NC,ASO,ES,Combined TRACON& Tower with Radar,19,74,20,0,113,0,1,22,2,25,19,75,42,2,138,16,2,18,156
01/18/2009,GSO,NC,ASO,ES,Combined TRACON& Tower with Radar,22,95,33,0,150,0,0,5,0,5,22,95,38,0,155,0,0,0,155
01/19/2009,GSO,NC,ASO,ES,Combined TRACON& Tower with Radar,37,109,33,0,179,0,0,6,0,6,37,109,39,0,185,1,0,1,186
01/20/2009,GSO,NC,ASO,ES,Combined TRACON& Tower with Radar,49,123,31,0,203,2,1,10,1,14,51,124,41,1,217,2,0,2,219
01/21/2009,GSO,NC,ASO,ES,Combined TRACON& Tower with Radar,44,122,42,0,208,0,0,44,0,44,44,122,86,0,252,11,0,11,263
01/22/2009,GSO,NC,ASO,ES,Combined TRACON& Tower with Radar,42,110,56,0,208,0,0,45,0,45,42,110,101,0,253,0,0,0,253
01/23/2009,GSO,NC,ASO,ES,Combined TRACON& Tower with Radar,44,116,31,0,191,0,0,33,0,33,44,116,64,0,224,2,0,2,226
01/24/2009,GSO,NC,ASO,ES,Combined TRACON& Tower with Radar,23,75,31,6,135,0,0,22,0,22,23,75,53,6,157,6,0,6,163
01/25/2009,GSO,NC,ASO,ES,Combined TRACON& Tower with Radar,28,93,19,2,142,0,0,22,0,22,28,93,41,2,164,5,0,5,169
01/26/2009,GSO,NC,ASO,ES,Combined TRACON& Tower with Radar,35,109,41,0,185,0,0,25,0,25,35,109,66,0,210,0,0,0,210
01/27/2009,GSO,NC,ASO,ES,Combined TRACON& Tower with Radar,44,104,54,5,207,0,0,0,0,0,44,104,54,5,207,12,0,12,219
01/28/2009,GSO,NC,ASO,ES,Combined TRACON& Tower with Radar,43,99,35,0,177,0,0,0,0,0,43,99,35,0,177,0,0,0,177
01/29/2009,GSO,NC,ASO,ES,Combined TRACON& Tower with Radar,46,128,67,3,244,0,0,45,0,45,46,128,112,3,289,2,0,2,291
01/30/2009,GSO,NC,ASO,ES,Combined TRACON& Tower with Radar,44,130,45,0,219,2,0,29,0,31,46,130,74,0,250,7,0,7,257
01/31/2009,GSO,NC,ASO,ES,Combined TRACON& Tower with Radar,21,82,27,0,130,0,0,25,0,25,21,82,52,0,155,6,0,6,161
02/01/2009,GSO,NC,ASO,ES,Combined TRACON& Tower with Radar,28,97,15,4,144,0,0,32,0,32,28,97,47,4,176,0,0,0,176
02/02/2009,GSO,NC,ASO,ES,Combined TRACON& Tower with Radar,37,105,41,3,186,0,0,13,0,13,37,105,54,3,199,3,0,3,202
02/03/2009,GSO,NC,ASO,ES,Combined TRACON& Tower with Radar,41,108,38,7,194,0,0,12,0,12,41,108,50,7,206,3,0,3,209
02/04/2009,GSO,NC,ASO,ES,Combined TRACON& Tower with Radar,39,116,39,1,195,0,1,16,0,17,39,117,55,1,212,5,0,5,217
02/05/2009,GSO,NC,ASO,ES,Combined TRACON& Tower with Radar,49,116,55,0,220,0,0,41,0,41,49,116,96,0,261,0,0,0,261
02/06/2009,GSO,NC,ASO,ES,Combined TRACON& Tower with Radar,45,115,57,0,217,0,0,31,0,31,45,115,88,0,248,0,0,0,248
02/07/2009,GSO,NC,ASO,ES,Combined TRACON& Tower with Radar,22,77,23,2,124,0,0,30,0,30,22,77,53,2,154,8,0,8,162
02/08/2009,GSO,NC,ASO,ES,Combined TRACON& Tower with Radar,35,93,20,0,148,0,0,36,0,36,35,93,56,0,184,8,0,8,192
02/09/2009,GSO,NC,ASO,ES,Combined TRACON& Tower with Radar,36,104,40,0,180,0,1,39,1,41,36,105,79,1,221,26,0,26,247
02/10/2009,GSO,NC,ASO,ES,Combined TRACON& Tower with Radar,41,115,63,3,222,0,0,25,0,25,41,115,88,3,247,0,0,0,247
02/11/2009,GSO,NC,ASO,ES,Combined TRACON& Tower with Radar,54,113,52,2,221,0,0,11,0,11,54,113,63,2,232,12,13,25,257
02/12/2009,GSO,NC,ASO,ES,Combined TRACON& Tower with Radar,45,115,50,2,212,0,0,23,0,23,45,115,73,2,235,6,0,6,241
02/13/2009,GSO,NC,ASO,ES,Combined TRACON& Tower with Radar,48,132,68,2,250,0,2,42,0,44,48,134,110,2,294,3,0,3,297
02/14/2009,GSO,NC,ASO,ES,Combined TRACON& Tower with Radar,28,80,10,0,118,0,2,17,0,19,28,82,27,0,137,2,0,2,139
02/15/2009,GSO,NC,ASO,ES,Combined TRACON& Tower with Radar,33,100,18,0,151,0,0,35,0,35,33,100,53,0,186,0,0,0,186
02/16/2009,GSO,NC,ASO,ES,Combined TRACON& Tower with Radar,36,124,52,0,212,0,0,29,0,29,36,124,81,0,241,0,0,0,241
02/17/2009,GSO,NC,ASO,ES,Combined TRACON& Tower with Radar,43,120,29,0,192,0,0,27,2,29,43,120,56,2,221,17,0,17,238
02/18/2009,GSO,NC,ASO,ES,Combined TRACON& Tower with Radar,49,105,36,2,192,0,0,0,0,0,49,105,36,2,192,0,0,0,192
02/19/2009,GSO,NC,ASO,ES,Combined TRACON& Tower with Radar,49,127,64,0,240,0,0,13,0,13,49,127,77,0,253,0,0,0,253
02/20/2009,GSO,NC,ASO,ES,Combined TRACON& Tower with Radar,42,121,60,5,228,0,0,35,2,37,42,121,95,7,265,0,0,0,265
02/21/2009,GSO,NC,ASO,ES,Combined TRACON& Tower with Radar,27,74,20,0,121,0,0,39,0,39,27,74,59,0,160,0,0,0,160
02/22/2009,GSO,NC,ASO,ES,Combined TRACON& Tower with Radar,30,109,22,0,161,0,0,7,0,7,30,109,29,0,168,0,0,0,168
02/23/2009,GSO,NC,ASO,ES,Combined TRACON& Tower with Radar,25,121,34,0,180,0,0,17,0,17,25,121,51,0,197,18,0,18,215
02/24/2009,GSO,NC,ASO,ES,Combined TRACON& Tower with Radar,42,114,45,3,204,0,0,45,0,45,42,114,90,3,249,13,0,13,262
02/25/2009,GSO,NC,ASO,ES,Combined TRACON& Tower with Radar,48,112,46,0,206,0,0,32,0,32,48,112,78,0,238,10,0,10,248
02/26/2009,GSO,NC,ASO,ES,Combined TRACON& Tower with Radar,41,121,54,11,227,0,0,13,0,13,41,121,67,11,240,0,14,14,254
02/27/2009,GSO,NC,ASO,ES,Combined TRACON& Tower with Radar,43,119,66,2,230,0,0,3,0,3,43,119,69,2,233,1,0,1,234
02/28/2009,GSO,NC,ASO,ES,Combined TRACON& Tower with Radar,25,87,29,0,141,0,0,1,0,1,25,87,30,0,142,2,0,2,144
03/01/2009,GSO,NC,ASO,ES,Combined TRACON& Tower with Radar,29,96,17,0,142,0,0,0,0,0,29,96,17,0,142,0,0,0,142
03/02/2009,GSO,NC,ASO,ES,Combined TRACON& Tower with Radar,39,78,33,0,150,0,0,2,0,2,39,78,35,0,152,0,0,0,152
03/03/2009,GSO,NC,ASO,ES,Combined TRACON& Tower with Radar,42,106,36,4,188,0,0,33,2,35,42,106,69,6,223,6,0,6,229
03/04/2009,GSO,NC,ASO,ES,Combined TRACON& Tower with Radar,50,111,61,5,227,0,0,31,1,32,50,111,92,6,259,0,0,0,259
03/05/2009,GSO,NC,ASO,ES,Combined TRACON& Tower with Radar,48,124,72,2,246,0,2,55,0,57,48,126,127,2,303,0,0,0,303
03/06/2009,GSO,NC,ASO,ES,Combined TRACON& Tower with Radar,55,120,47,3,225,0,0,33,0,33,55,120,80,3,258,20,0,20,278
03/07/2009,GSO,NC,ASO,ES,Combined TRACON& Tower with Radar,27,80,35,0,142,0,0,86,0,86,27,80,121,0,228,6,0,6,234
03/08/2009,GSO,NC,ASO,ES,Combined TRACON& Tower with Radar,36,103,35,0,174,0,0,50,0,50,36,103,85,0,224,20,0,20,244
03/09/2009,GSO,NC,ASO,ES,Combined TRACON& Tower with Radar,39,100,47,0,186,0,0,25,0,25,39,100,72,0,211,20,0,20,231
03/10/2009,GSO,NC,ASO,ES,Combined TRACON& Tower with Radar,47,110,46,0,203,0,0,37,0,37,47,110,83,0,240,8,0,8,248
03/11/2009,GSO,NC,ASO,ES,Combined TRACON& Tower with Radar,46,103,59,0,208,0,0,22,0,22,46,103,81,0,230,0,0,0,230
03/12/2009,GSO,NC,ASO,ES,Combined TRACON& Tower with Radar,43,119,79,3,244,0,0,19,0,19,43,119,98,3,263,0,0,0,263
03/13/2009,GSO,NC,ASO,ES,Combined TRACON& Tower with Radar,44,117,22,0,183,0,0,0,0,0,44,117,22,0,183,0,0,0,183
03/14/2009,GSO,NC,ASO,ES,Combined TRACON& Tower with Radar,37,74,10,2,123,0,0,0,0,0,37,74,10,2,123,0,0,0,123
03/15/2009,GSO,NC,ASO,ES,Combined TRACON& Tower with Radar,37,95,36,0,168,0,0,0,0,0,37,95,36,0,168,0,0,0,168
03/16/2009,GSO,NC,ASO,ES,Combined TRACON& Tower with Radar,35,110,36,0,181,0,0,0,0,0,35,110,36,0,181,0,0,0,181
03/17/2009,GSO,NC,ASO,ES,Combined TRACON& Tower with Radar,62,107,52,0,221,0,0,8,0,8,62,107,60,0,229,0,0,0,229
03/18/2009,GSO,NC,ASO,ES,Combined TRACON& Tower with Radar,66,134,61,5,266,0,0,56,0,56,66,134,117,5,322,0,0,0,322
03/19/2009,GSO,NC,ASO,ES,Combined TRACON& Tower with Radar,50,123,72,1,246,0,0,40,0,40,50,123,112,1,286,5,4,9,295
03/20/2009,GSO,NC,ASO,ES,Combined TRACON& Tower with Radar,61,126,68,0,255,0,0,40,0,40,61,126,108,0,295,3,0,3,298
03/21/2009,GSO,NC,ASO,ES,Combined TRACON& Tower with Radar,25,91,42,1,159,0,0,45,0,45,25,91,87,1,204,0,0,0,204
03/22/2009,GSO,NC,ASO,ES,Combined TRACON& Tower with Radar,42,98,34,0,174,0,0,30,0,30,42,98,64,0,204,20,0,20,224
03/23/2009,GSO,NC,ASO,ES,Combined TRACON& Tower with Radar,33,110,38,0,181,0,1,43,0,44,33,111,81,0,225,0,0,0,225
03/24/2009,GSO,NC,ASO,ES,Combined TRACON& Tower with Radar,46,112,68,7,233,0,0,30,0,30,46,112,98,7,263,12,0,12,275
03/25/2009,GSO,NC,ASO,ES,Combined TRACON& Tower with Radar,51,122,59,0,232,0,0,2,1,3,51,122,61,1,235,0,0,0,235
03/26/2009,GSO,NC,ASO,ES,Combined TRACON& Tower with Radar,57,97,51,0,205,0,5,0,0,5,57,102,51,0,210,0,0,0,210
03/27/2009,GSO,NC,ASO,ES,Combined TRACON& Tower with Radar,49,123,41,3,216,0,0,1,0,1,49,123,42,3,217,4,0,4,221
03/28/2009,GSO,NC,ASO,ES,Combined TRACON& Tower with Radar,25,87,6,0,118,0,0,0,0,0,25,87,6,0,118,0,0,0,118
03/29/2009,GSO,NC,ASO,ES,Combined TRACON& Tower with Radar,27,109,34,0,170,0,0,7,1,8,27,109,41,1,178,0,0,0,178
03/30/2009,GSO,NC,ASO,ES,Combined TRACON& Tower with Radar,37,116,63,3,219,0,0,59,0,59,37,116,122,3,278,7,2,9,287
03/31/2009,GSO,NC,ASO,ES,Combined TRACON& Tower with Radar,46,116,55,5,222,0,0,56,0,56,46,116,111,5,278,16,0,16,294
04/01/2009,GSO,NC,ASO,ES,Combined TRACON& Tower with Radar,48,109,54,0,211,0,0,0,0,0,48,109,54,0,211,0,0,0,211
04/02/2009,GSO,NC,ASO,ES,Combined TRACON& Tower with Radar,52,116,54,5,227,0,0,0,0,0,52,116,54,5,227,0,0,0,227
04/03/2009,GSO,NC,ASO,ES,Combined TRACON& Tower with Radar,49,118,49,4,220,0,0,14,1,15,49,118,63,5,235,0,0,0,235
04/04/2009,GSO,NC,ASO,ES,Combined TRACON& Tower with Radar,23,93,31,0,147,0,0,39,0,39,23,93,70,0,186,0,0,0,186
04/05/2009,GSO,NC,ASO,ES,Combined TRACON& Tower with Radar,34,95,41,0,170,0,0,40,0,40,34,95,81,0,210,18,0,18,228
04/06/2009,GSO,NC,ASO,ES,Combined TRACON& Tower with Radar,33,97,35,3,168,0,0,8,0,8,33,97,43,3,176,1,0,1,177
04/07/2009,GSO,NC,ASO,ES,Combined TRACON& Tower with Radar,47,114,53,0,214,0,0,13,0,13,47,114,66,0,227,0,0,0,227
04/08/2009,GSO,NC,ASO,ES,Combined TRACON& Tower with Radar,47,111,52,3,213,0,0,28,1,29,47,111,80,4,242,1,0,1,243
04/09/2009,GSO,NC,ASO,ES,Combined TRACON& Tower with Radar,46,125,56,3,230,0,2,47,0,49,46,127,103,3,279,5,0,5,284
04/10/2009,GSO,NC,ASO,ES,Combined TRACON& Tower with Radar,56,116,31,0,203,0,0,5,0,5,56,116,36,0,208,10,0,10,218
04/11/2009,GSO,NC,ASO,ES,Combined TRACON& Tower with Radar,27,82,20,0,129,0,0,11,0,11,27,82,31,0,140,6,0,6,146
04/12/2009,GSO,NC,ASO,ES,Combined TRACON& Tower with Radar,38,96,18,0,152,0,0,36,0,36,38,96,54,0,188,28,0,28,216
04/13/2009,GSO,NC,ASO,ES,Combined TRACON& Tower with Radar,36,111,42,0,189,0,0,18,0,18,36,111,60,0,207,12,0,12,219
04/14/2009,GSO,NC,ASO,ES,Combined TRACON& Tower with Radar,47,107,47,1,202,0,0,1,0,1,47,107,48,1,203,0,0,0,203
04/15/2009,GSO,NC,ASO,ES,Combined TRACON& Tower with Radar,49,107,91,4,251,0,0,17,0,17,49,107,108,4,268,2,12,14,282
04/16/2009,GSO,NC,ASO,ES,Combined TRACON& Tower with Radar,48,116,69,0,233,0,0,38,0,38,48,116,107,0,271,1,0,1,272
04/17/2009,GSO,NC,ASO,ES,Combined TRACON& Tower with Radar,55,128,65,1,249,0,0,54,0,54,55,128,119,1,303,4,0,4,307
04/18/2009,GSO,NC,ASO,ES,Combined TRACON& Tower with Radar,45,75,29,0,149,0,0,58,0,58,45,75,87,0,207,8,0,8,215
04/19/2009,GSO,NC,ASO,ES,Combined TRACON& Tower with Radar,38,93,46,0,177,0,0,21,0,21,38,93,67,0,198,12,0,12,210
04/20/2009,GSO,NC,ASO,ES,Combined TRACON& Tower with Radar,43,103,52,0,198,0,0,3,0,3,43,103,55,0,201,2,0,2,203
04/21/2009,GSO,NC,ASO,ES,Combined TRACON& Tower with Radar,54,111,71,1,237,0,0,9,0,9,54,111,80,1,246,2,0,2,248
04/22/2009,GSO,NC,ASO,ES,Combined TRACON& Tower with Radar,48,119,53,8,228,0,1,12,0,13,48,120,65,8,241,0,3,3,244
04/23/2009,GSO,NC,ASO,ES,Combined TRACON& Tower with Radar,47,129,78,3,257,0,1,38,0,39,47,130,116,3,296,8,0,8,304
04/24/2009,GSO,NC,ASO,ES,Combined TRACON& Tower with Radar,57,104,82,4,247,0,1,46,0,47,57,105,128,4,294,16,2,18,312
04/25/2009,GSO,NC,ASO,ES,Combined TRACON& Tower with Radar,23,100,54,0,177,0,0,25,0,25,23,100,79,0,202,20,0,20,222
04/26/2009,GSO,NC,ASO,ES,Combined TRACON& Tower with Radar,37,104,73,2,216,0,0,29,0,29,37,104,102,2,245,0,0,0,245
04/27/2009,GSO,NC,ASO,ES,Combined TRACON& Tower with Radar,49,113,99,0,261,0,0,41,0,41,49,113,140,0,302,7,0,7,309
04/28/2009,GSO,NC,ASO,ES,Combined TRACON& Tower with Radar,60,111,105,0,276,0,0,51,0,51,60,111,156,0,327,7,0,7,334
04/29/2009,GSO,NC,ASO,ES,Combined TRACON& Tower with Radar,52,112,59,0,223,0,0,49,0,49,52,112,108,0,272,10,0,10,282
04/30/2009,GSO,NC,ASO,ES,Combined TRACON& Tower with Radar,56,116,83,2,257,0,0,8,0,8,56,116,91,2,265,0,0,0,265
05/01/2009,GSO,NC,ASO,ES,Combined TRACON& Tower with Radar,47,121,63,3,234,0,0,6,0,6,47,121,69,3,240,2,0,2,242
05/02/2009,GSO,NC,ASO,ES,Combined TRACON& Tower with Radar,29,92,23,0,144,0,1,7,0,8,29,93,30,0,152,0,0,0,152
05/03/2009,GSO,NC,ASO,ES,Combined TRACON& Tower with Radar,38,91,32,0,161,0,0,7,0,7,38,91,39,0,168,0,0,0,168
05/04/2009,GSO,NC,ASO,ES,Combined TRACON& Tower with Radar,43,117,39,0,199,0,0,17,0,17,43,117,56,0,216,0,0,0,216
05/05/2009,GSO,NC,ASO,ES,Combined TRACON& Tower with Radar,46,113,80,3,242,0,0,0,0,0,46,113,80,3,242,0,0,0,242
05/06/2009,GSO,NC,ASO,ES,Combined TRACON& Tower with Radar,44,112,58,3,217,0,0,1,0,1,44,112,59,3,218,0,0,0,218
05/07/2009,GSO,NC,ASO,ES,Combined TRACON& Tower with Radar,45,112,68,0,225,0,0,14,0,14,45,112,82,0,239,4,0,4,243
05/08/2009,GSO,NC,ASO,ES,Combined TRACON& Tower with Radar,53,117,50,0,220,0,0,21,0,21,53,117,71,0,241,0,0,0,241
05/09/2009,GSO,NC,ASO,ES,Combined TRACON& Tower with Radar,23,97,20,0,140,0,0,24,0,24,23,97,44,0,164,0,0,0,164
05/10/2009,GSO,NC,ASO,ES,Combined TRACON& Tower with Radar,33,106,39,0,178,0,0,30,0,30,33,106,69,0,208,0,0,0,208
05/11/2009,GSO,NC,ASO,ES,Combined TRACON& Tower with Radar,40,103,65,0,208,0,0,5,0,5,40,103,70,0,213,0,0,0,213
05/12/2009,GSO,NC,ASO,ES,Combined TRACON& Tower with Radar,47,126,75,0,248,0,0,67,0,67,47,126,142,0,315,6,0,6,321
05/13/2009,GSO,NC,ASO,ES,Combined TRACON& Tower with Radar,46,119,69,0,234,0,2,52,0,54,46,121,121,0,288,3,0,3,291
05/14/2009,GSO,NC,ASO,ES,Combined TRACON& Tower with Radar,56,114,103,3,276,0,0,27,0,27,56,114,130,3,303,10,0,10,313
05/15/2009,GSO,NC,ASO,ES,Combined TRACON& Tower with Radar,50,104,92,2,248,0,0,11,0,11,50,104,103,2,259,1,0,1,260
05/16/2009,GSO,NC,ASO,ES,Combined TRACON& Tower with Radar,25,89,28,0,142,0,0,4,0,4,25,89,32,0,146,0,0,0,146
05/17/2009,GSO,NC,ASO,ES,Combined TRACON& Tower with Radar,37,99,42,1,179,0,0,0,0,0,37,99,42,1,179,0,0,0,179
05/18/2009,GSO,NC,ASO,ES,Combined TRACON& Tower with Radar,42,102,68,1,213,0,0,29,0,29,42,102,97,1,242,17,0,17,259
05/19/2009,GSO,NC,ASO,ES,Combined TRACON& Tower with Radar,44,105,70,0,219,0,0,49,0,49,44,105,119,0,268,0,0,0,268
05/20/2009,GSO,NC,ASO,ES,Combined TRACON& Tower with Radar,47,99,55,2,203,0,0,61,0,61,47,99,116,2,264,15,0,15,279
05/21/2009,GSO,NC,ASO,ES,Combined TRACON& Tower with Radar,49,125,79,0,253,0,1,26,0,27,49,126,105,0,280,0,0,0,280
05/22/2009,GSO,NC,ASO,ES,Combined TRACON& Tower with Radar,56,115,71,0,242,0,0,40,0,40,56,115,111,0,282,0,0,0,282
05/23/2009,GSO,NC,ASO,ES,Combined TRACON& Tower with Radar,32,84,15,0,131,0,0,26,0,26,32,84,41,0,157,0,0,0,157
05/24/2009,GSO,NC,ASO,ES,Combined TRACON& Tower with Radar,33,74,30,0,137,0,0,2,0,2,33,74,32,0,139,0,0,0,139
05/25/2009,GSO,NC,ASO,ES,Combined TRACON& Tower with Radar,31,104,39,0,174,0,0,5,0,5,31,104,44,0,179,0,0,0,179
05/26/2009,GSO,NC,ASO,ES,Combined TRACON& Tower with Radar,35,100,36,0,171,0,0,4,0,4,35,100,40,0,175,0,0,0,175
05/27/2009,GSO,NC,ASO,ES,Combined TRACON& Tower with Radar,48,104,64,3,219,0,0,13,0,13,48,104,77,3,232,16,0,16,248
05/28/2009,GSO,NC,ASO,ES,Combined TRACON& Tower with Radar,50,108,65,2,225,0,0,9,5,14,50,108,74,7,239,0,0,0,239
05/29/2009,GSO,NC,ASO,ES,Combined TRACON& Tower with Radar,46,114,69,2,231,0,0,18,2,20,46,114,87,4,251,12,0,12,263
05/30/2009,GSO,NC,ASO,ES,Combined TRACON& Tower with Radar,24,87,29,0,140,0,0,62,0,62,24,87,91,0,202,18,0,18,220
05/31/2009,GSO,NC,ASO,ES,Combined TRACON& Tower with Radar,43,97,33,5,178,0,0,43,1,44,43,97,76,6,222,0,0,0,222
06/01/2009,GSO,NC,ASO,ES,Combined TRACON& Tower with Radar,42,107,51,0,200,0,0,40,0,40,42,107,91,0,240,0,0,0,240
06/02/2009,GSO,NC,ASO,ES,Combined TRACON& Tower with Radar,51,98,65,0,214,0,0,40,0,40,51,98,105,0,254,12,0,12,266
06/03/2009,GSO,NC,ASO,ES,Combined TRACON& Tower with Radar,54,105,53,2,214,0,0,18,0,18,54,105,71,2,232,8,0,8,240
06/04/2009,GSO,NC,ASO,ES,Combined TRACON& Tower with Radar,55,121,54,0,230,0,0,11,0,11,55,121,65,0,241,0,0,0,241
06/05/2009,GSO,NC,ASO,ES,Combined TRACON& Tower with Radar,50,109,61,5,225,0,0,2,0,2,50,109,63,5,227,0,0,0,227
06/06/2009,GSO,NC,ASO,ES,Combined TRACON& Tower with Radar,32,83,24,2,141,0,0,28,0,28,32,83,52,2,169,0,0,0,169
06/07/2009,GSO,NC,ASO,ES,Combined TRACON& Tower with Radar,35,100,35,0,170,0,0,29,2,31,35,100,64,2,201,32,0,32,233
06/08/2009,GSO,NC,ASO,ES,Combined TRACON& Tower with Radar,39,113,66,2,220,0,0,31,0,31,39,113,97,2,251,0,0,0,251
06/09/2009,GSO,NC,ASO,ES,Combined TRACON& Tower with Radar,45,92,51,0,188,0,0,20,0,20,45,92,71,0,208,0,0,0,208
06/10/2009,GSO,NC,ASO,ES,Combined TRACON& Tower with Radar,50,110,43,2,205,0,0,33,0,33,50,110,76,2,238,0,0,0,238
06/11/2009,GSO,NC,ASO,ES,Combined TRACON& Tower with Radar,48,116,52,0,216,0,0,9,0,9,48,116,61,0,225,0,0,0,225
06/12/2009,GSO,NC,ASO,ES,Combined TRACON& Tower with Radar,54,113,62,0,229,0,0,28,0,28,54,113,90,0,257,0,0,0,257
06/13/2009,GSO,NC,ASO,ES,Combined TRACON& Tower with Radar,27,81,24,0,132,0,0,32,0,32,27,81,56,0,164,0,0,0,164
06/14/2009,GSO,NC,ASO,ES,Combined TRACON& Tower with Radar,40,98,34,0,172,0,1,19,0,20,40,99,53,0,192,0,0,0,192
06/15/2009,GSO,NC,ASO,ES,Combined TRACON& Tower with Radar,41,100,39,5,185,0,0,20,0,20,41,100,59,5,205,16,0,16,221
06/16/2009,GSO,NC,ASO,ES,Combined TRACON& Tower with Radar,48,104,59,0,211,0,0,1,0,1,48,104,60,0,212,0,0,0,212
06/17/2009,GSO,NC,ASO,ES,Combined TRACON& Tower with Radar,51,115,72,0,238,0,0,2,0,2,51,115,74,0,240,0,0,0,240
06/18/2009,GSO,NC,ASO,ES,Combined TRACON& Tower with Radar,50,107,73,4,234,0,0,20,0,20,50,107,93,4,254,0,0,0,254
06/19/2009,GSO,NC,ASO,ES,Combined TRACON& Tower with Radar,46,114,53,2,215,0,0,32,1,33,46,114,85,3,248,32,0,32,280
06/20/2009,GSO,NC,ASO,ES,Combined TRACON& Tower with Radar,30,79,15,0,124,0,0,22,0,22,30,79,37,0,146,0,0,0,146
06/21/2009,GSO,NC,ASO,ES,Combined TRACON& Tower with Radar,37,99,28,0,164,0,0,23,0,23,37,99,51,0,187,22,0,22,209
06/22/2009,GSO,NC,ASO,ES,Combined TRACON& Tower with Radar,38,107,53,2,200,0,0,22,1,23,38,107,75,3,223,18,0,18,241
06/23/2009,GSO,NC,ASO,ES,Combined TRACON& Tower with Radar,53,109,62,5,229,0,0,59,0,59,53,109,121,5,288,0,0,0,288
06/24/2009,GSO,NC,ASO,ES,Combined TRACON& Tower with Radar,51,107,61,0,219,0,0,46,0,46,51,107,107,0,265,19,0,19,284
06/25/2009,GSO,NC,ASO,ES,Combined TRACON& Tower with Radar,50,109,53,0,212,0,0,49,0,49,50,109,102,0,261,32,0,32,293
06/26/2009,GSO,NC,ASO,ES,Combined TRACON& Tower with Radar,45,112,61,5,223,0,0,31,2,33,45,112,92,7,256,0,0,0,256
06/27/2009,GSO,NC,ASO,ES,Combined TRACON& Tower with Radar,36,90,31,0,157,0,0,37,0,37,36,90,68,0,194,10,0,10,204
06/28/2009,GSO,NC,ASO,ES,Combined TRACON& Tower with Radar,34,105,32,0,171,0,0,40,0,40,34,105,72,0,211,2,0,2,213
06/29/2009,GSO,NC,ASO,ES,Combined TRACON& Tower with Radar,40,102,44,1,187,0,0,32,0,32,40,102,76,1,219,0,0,0,219
06/30/2009,GSO,NC,ASO,ES,Combined TRACON& Tower with Radar,47,106,63,6,222,0,0,41,0,41,47,106,104,6,263,0,0,0,263
07/01/2009,GSO,NC,ASO,ES,Combined TRACON& Tower with Radar,46,127,55,2,230,0,0,21,0,21,46,127,76,2,251,36,0,36,287
07/02/2009,GSO,NC,ASO,ES,Combined TRACON& Tower with Radar,47,111,67,0,225,0,0,42,0,42,47,111,109,0,267,15,0,15,282
07/03/2009,GSO,NC,ASO,ES,Combined TRACON& Tower with Radar,38,92,27,0,157,0,0,40,0,40,38,92,67,0,197,27,0,27,224
07/04/2009,GSO,NC,ASO,ES,Combined TRACON& Tower with Radar,17,69,20,0,106,0,0,22,0,22,17,69,42,0,128,36,0,36,164
07/05/2009,GSO,NC,ASO,ES,Combined TRACON& Tower with Radar,36,97,29,0,162,0,0,20,0,20,36,97,49,0,182,0,0,0,182
07/06/2009,GSO,NC,ASO,ES,Combined TRACON& Tower with Radar,40,104,37,2,183,0,0,10,0,10,40,104,47,2,193,0,0,0,193
07/07/2009,GSO,NC,ASO,ES,Combined TRACON& Tower with Radar,42,109,51,0,202,0,0,36,0,36,42,109,87,0,238,0,0,0,238
07/08/2009,GSO,NC,ASO,ES,Combined TRACON& Tower with Radar,49,116,68,0,233,0,2,40,0,42,49,118,108,0,275,18,0,18,293
07/09/2009,GSO,NC,ASO,ES,Combined TRACON& Tower with Radar,42,112,58,0,212,0,0,16,0,16,42,112,74,0,228,0,0,0,228
07/10/2009,GSO,NC,ASO,ES,Combined TRACON& Tower with Radar,39,119,43,2,203,0,0,42,0,42,39,119,85,2,245,0,0,0,245
07/11/2009,GSO,NC,ASO,ES,Combined TRACON& Tower with Radar,31,81,21,0,133,0,0,19,0,19,31,81,40,0,152,10,0,10,162
07/12/2009,GSO,NC,ASO,ES,Combined TRACON& Tower with Radar,34,100,37,0,171,0,0,39,0,39,34,100,76,0,210,0,0,0,210
07/13/2009,GSO,NC,ASO,ES,Combined TRACON& Tower with Radar,40,114,43,1,198,0,0,15,0,15,40,114,58,1,213,0,0,0,213
07/14/2009,GSO,NC,ASO,ES,Combined TRACON& Tower with Radar,47,119,64,0,230,0,0,45,2,47,47,119,109,2,277,4,0,4,281
07/15/2009,GSO,NC,ASO,ES,Combined TRACON& Tower with Radar,49,120,57,0,226,0,0,40,2,42,49,120,97,2,268,24,0,24,292
07/16/2009,GSO,NC,ASO,ES,Combined TRACON& Tower with Radar,43,122,49,0,214,0,0,26,0,26,43,122,75,0,240,3,0,3,243
07/17/2009,GSO,NC,ASO,ES,Combined TRACON& Tower with Radar,42,125,62,3,232,0,0,10,0,10,42,125,72,3,242,0,0,0,242
07/18/2009,GSO,NC,ASO,ES,Combined TRACON& Tower with Radar,29,85,20,0,134,0,0,30,0,30,29,85,50,0,164,0,0,0,164
07/19/2009,GSO,NC,ASO,ES,Combined TRACON& Tower with Radar,38,103,22,5,168,0,0,24,0,24,38,103,46,5,192,11,0,11,203
07/20/2009,GSO,NC,ASO,ES,Combined TRACON& Tower with Radar,42,104,46,1,193,0,0,4,1,5,42,104,50,2,198,0,0,0,198
07/21/2009,GSO,NC,ASO,ES,Combined TRACON& Tower with Radar,44,118,79,5,246,0,0,11,0,11,44,118,90,5,257,18,0,18,275
07/22/2009,GSO,NC,ASO,ES,Combined TRACON& Tower with Radar,44,119,65,4,232,0,0,46,0,46,44,119,111,4,278,41,0,41,319
07/23/2009,GSO,NC,ASO,ES,Combined TRACON& Tower with Radar,49,118,77,4,248,0,0,7,0,7,49,118,84,4,255,0,0,0,255
07/24/2009,GSO,NC,ASO,ES,Combined TRACON& Tower with Radar,46,124,61,0,231,0,0,41,0,41,46,124,102,0,272,10,0,10,282
07/25/2009,GSO,NC,ASO,ES,Combined TRACON& Tower with Radar,26,87,18,0,131,0,0,35,0,35,26,87,53,0,166,0,0,0,166
07/26/2009,GSO,NC,ASO,ES,Combined TRACON& Tower with Radar,32,95,46,0,173,0,0,34,1,35,32,95,80,1,208,0,0,0,208
07/27/2009,GSO,NC,ASO,ES,Combined TRACON& Tower with Radar,37,115,53,0,205,0,0,22,0,22,37,115,75,0,227,20,0,20,247
07/28/2009,GSO,NC,ASO,ES,Combined TRACON& Tower with Radar,46,116,64,8,234,0,0,27,0,27,46,116,91,8,261,4,0,4,265
07/29/2009,GSO,NC,ASO,ES,Combined TRACON& Tower with Radar,41,109,73,0,223,0,0,4,0,4,41,109,77,0,227,0,0,0,227
07/30/2009,GSO,NC,ASO,ES,Combined TRACON& Tower with Radar,45,120,61,1,227,0,2,17,1,20,45,122,78,2,247,9,0,9,256
07/31/2009,GSO,NC,ASO,ES,Combined TRACON& Tower with Radar,43,119,61,4,227,0,0,3,0,3,43,119,64,4,230,0,0,0,230
08/01/2009,GSO,NC,ASO,ES,Combined TRACON& Tower with Radar,26,82,38,0,146,0,0,2,0,2,26,82,40,0,148,0,0,0,148
08/02/2009,GSO,NC,ASO,ES,Combined TRACON& Tower with Radar,35,97,33,0,165,0,0,4,0,4,35,97,37,0,169,0,0,0,169
08/03/2009,GSO,NC,ASO,ES,Combined TRACON& Tower with Radar,39,112,50,0,201,0,0,35,0,35,39,112,85,0,236,4,0,4,240
08/04/2009,GSO,NC,ASO,ES,Combined TRACON& Tower with Radar,42,110,70,8,230,0,0,49,0,49,42,110,119,8,279,2,0,2,281
08/05/2009,GSO,NC,ASO,ES,Combined TRACON& Tower with Radar,47,111,78,0,236,0,0,44,0,44,47,111,122,0,280,0,0,0,280
08/06/2009,GSO,NC,ASO,ES,Combined TRACON& Tower with Radar,45,122,66,2,235,0,0,6,0,6,45,122,72,2,241,21,14,35,276
08/07/2009,GSO,NC,ASO,ES,Combined TRACON& Tower with Radar,42,112,62,18,234,0,0,27,0,27,42,112,89,18,261,0,0,0,261
08/08/2009,GSO,NC,ASO,ES,Combined TRACON& Tower with Radar,29,79,35,0,143,0,0,17,0,17,29,79,52,0,160,18,0,18,178
08/09/2009,GSO,NC,ASO,ES,Combined TRACON& Tower with Radar,33,100,23,2,158,0,0,29,3,32,33,100,52,5,190,0,0,0,190
08/10/2009,GSO,NC,ASO,ES,Combined TRACON& Tower with Radar,39,102,67,8,216,0,0,20,2,22,39,102,87,10,238,3,13,16,254
08/11/2009,GSO,NC,ASO,ES,Combined TRACON& Tower with Radar,40,125,59,0,224,0,1,23,0,24,40,126,82,0,248,4,0,4,252
08/12/2009,GSO,NC,ASO,ES,Combined TRACON& Tower with Radar,43,110,67,0,220,0,0,22,0,22,43,110,89,0,242,16,0,16,258
08/13/2009,GSO,NC,ASO,ES,Combined TRACON& Tower with Radar,50,113,103,0,266,3,1,27,0,31,53,114,130,0,297,29,0,29,326
08/14/2009,GSO,NC,ASO,ES,Combined TRACON& Tower with Radar,43,116,55,4,218,0,0,12,0,12,43,116,67,4,230,0,0,0,230
08/15/2009,GSO,NC,ASO,ES,Combined TRACON& Tower with Radar,32,87,24,0,143,0,0,13,0,13,32,87,37,0,156,0,0,0,156
08/16/2009,GSO,NC,ASO,ES,Combined TRACON& Tower with Radar,32,106,33,0,171,0,0,19,3,22,32,106,52,3,193,0,0,0,193
08/17/2009,GSO,NC,ASO,ES,Combined TRACON& Tower with Radar,37,115,41,9,202,0,0,15,2,17,37,115,56,11,219,8,8,16,235
08/18/2009,GSO,NC,ASO,ES,Combined TRACON& Tower with Radar,46,129,85,0,260,0,2,34,0,36,46,131,119,0,296,0,0,0,296
08/19/2009,GSO,NC,ASO,ES,Combined TRACON& Tower with Radar,47,115,69,2,233,0,0,16,0,16,47,115,85,2,249,0,0,0,249
08/20/2009,GSO,NC,ASO,ES,Combined TRACON& Tower with Radar,45,123,68,0,236,0,0,9,0,9,45,123,77,0,245,0,0,0,245
08/21/2009,GSO,NC,ASO,ES,Combined TRACON& Tower with Radar,50,104,61,9,224,0,0,17,0,17,50,104,78,9,241,16,0,16,257
08/22/2009,GSO,NC,ASO,ES,Combined TRACON& Tower with Radar,35,86,34,0,155,0,0,10,0,10,35,86,44,0,165,10,0,10,175
08/23/2009,GSO,NC,ASO,ES,Combined TRACON& Tower with Radar,38,103,42,0,183,0,0,32,1,33,38,103,74,1,216,10,2,12,228
08/24/2009,GSO,NC,ASO,ES,Combined TRACON& Tower with Radar,38,113,58,0,209,0,0,19,0,19,38,113,77,0,228,0,0,0,228
08/25/2009,GSO,NC,ASO,ES,Combined TRACON& Tower with Radar,48,109,76,0,233,0,0,36,0,36,48,109,112,0,269,0,0,0,269
08/26/2009,GSO,NC,ASO,ES,Combined TRACON& Tower with Radar,52,112,85,2,251,0,0,36,0,36,52,112,121,2,287,0,0,0,287
08/27/2009,GSO,NC,ASO,ES,Combined TRACON& Tower with Radar,46,105,64,0,215,0,0,51,0,51,46,105,115,0,266,13,0,13,279
08/28/2009,GSO,NC,ASO,ES,Combined TRACON& Tower with Radar,45,106,47,0,198,0,0,8,1,9,45,106,55,1,207,9,0,9,216
08/29/2009,GSO,NC,ASO,ES,Combined TRACON& Tower with Radar,24,78,15,0,117,0,0,16,1,17,24,78,31,1,134,5,0,5,139
08/30/2009,GSO,NC,ASO,ES,Combined TRACON& Tower with Radar,34,96,20,0,150,0,0,19,0,19,34,96,39,0,169,0,0,0,169
08/31/2009,GSO,NC,ASO,ES,Combined TRACON& Tower with Radar,43,108,46,4,201,0,0,6,0,6,43,108,52,4,207,0,0,0,207
09/01/2009,GSO,NC,ASO,ES,Combined TRACON& Tower with Radar,42,98,67,0,207,0,0,36,0,36,42,98,103,0,243,0,0,0,243
09/02/2009,GSO,NC,ASO,ES,Combined TRACON& Tower with Radar,44,104,48,0,196,0,0,36,0,36,44,104,84,0,232,29,0,29,261
09/03/2009,GSO,NC,ASO,ES,Combined TRACON& Tower with Radar,47,95,55,0,197,0,0,43,0,43,47,95,98,0,240,2,0,2,242
09/04/2009,GSO,NC,ASO,ES,Combined TRACON& Tower with Radar,45,111,63,0,219,0,0,54,0,54,45,111,117,0,273,6,0,6,279
09/05/2009,GSO,NC,ASO,ES,Combined TRACON& Tower with Radar,21,74,33,0,128,0,0,40,0,40,21,74,73,0,168,14,0,14,182
09/06/2009,GSO,NC,ASO,ES,Combined TRACON& Tower with Radar,29,67,22,0,118,0,0,29,0,29,29,67,51,0,147,2,0,2,149
09/07/2009,GSO,NC,ASO,ES,Combined TRACON& Tower with Radar,30,91,44,0,165,0,0,3,0,3,30,91,47,0,168,0,0,0,168
09/08/2009,GSO,NC,ASO,ES,Combined TRACON& Tower with Radar,34,105,52,0,191,0,0,17,0,17,34,105,69,0,208,14,0,14,222
09/09/2009,GSO,NC,ASO,ES,Combined TRACON& Tower with Radar,42,111,64,0,217,0,0,23,0,23,42,111,87,0,240,23,0,23,263
09/10/2009,GSO,NC,ASO,ES,Combined TRACON& Tower with Radar,43,118,75,2,238,0,0,12,0,12,43,118,87,2,250,0,0,0,250
09/11/2009,GSO,NC,ASO,ES,Combined TRACON& Tower with Radar,45,102,57,2,206,0,0,46,1,47,45,102,103,3,253,24,0,24,277
09/12/2009,GSO,NC,ASO,ES,Combined TRACON& Tower with Radar,20,82,30,3,135,0,0,40,9,49,20,82,70,12,184,2,10,12,196
09/13/2009,GSO,NC,ASO,ES,Combined TRACON& Tower with Radar,34,97,29,0,160,0,0,28,4,32,34,97,57,4,192,0,0,0,192
09/14/2009,GSO,NC,ASO,ES,Combined TRACON& Tower with Radar,32,108,48,2,190,0,1,26,0,27,32,109,74,2,217,0,0,0,217
09/15/2009,GSO,NC,ASO,ES,Combined TRACON& Tower with Radar,43,102,59,4,208,0,1,33,0,34,43,103,92,4,242,4,0,4,246
09/16/2009,GSO,NC,ASO,ES,Combined TRACON& Tower with Radar,41,98,76,2,217,0,0,8,1,9,41,98,84,3,226,0,0,0,226
09/17/2009,GSO,NC,ASO,ES,Combined TRACON& Tower with Radar,41,122,63,0,226,0,0,0,0,0,41,122,63,0,226,0,0,0,226
09/18/2009,GSO,NC,ASO,ES,Combined TRACON& Tower with Radar,49,112,68,2,231,0,0,0,0,0,49,112,68,2,231,0,0,0,231
09/19/2009,GSO,NC,ASO,ES,Combined TRACON& Tower with Radar,24,71,25,0,120,0,0,0,0,0,24,71,25,0,120,0,0,0,120
09/20/2009,GSO,NC,ASO,ES,Combined TRACON& Tower with Radar,33,96,28,0,157,0,0,19,0,19,33,96,47,0,176,0,0,0,176
09/21/2009,GSO,NC,ASO,ES,Combined TRACON& Tower with Radar,31,101,66,0,198,0,0,33,0,33,31,101,99,0,231,18,0,18,249
09/22/2009,GSO,NC,ASO,ES,Combined TRACON& Tower with Radar,42,107,66,0,215,0,0,1,0,1,42,107,67,0,216,0,0,0,216
09/23/2009,GSO,NC,ASO,ES,Combined TRACON& Tower with Radar,43,117,81,0,241,0,0,15,0,15,43,117,96,0,256,11,0,11,267
09/24/2009,GSO,NC,ASO,ES,Combined TRACON& Tower with Radar,44,117,78,16,255,0,0,18,0,18,44,117,96,16,273,14,0,14,287
09/25/2009,GSO,NC,ASO,ES,Combined TRACON& Tower with Radar,48,109,66,6,229,0,0,1,0,1,48,109,67,6,230,0,0,0,230
09/26/2009,GSO,NC,ASO,ES,Combined TRACON& Tower with Radar,29,81,18,0,128,0,0,0,0,0,29,81,18,0,128,11,0,11,139
09/27/2009,GSO,NC,ASO,ES,Combined TRACON& Tower with Radar,33,91,52,0,176,0,0,30,0,30,33,91,82,0,206,0,0,0,206
09/28/2009,GSO,NC,ASO,ES,Combined TRACON& Tower with Radar,32,105,50,1,188,0,0,21,0,21,32,105,71,1,209,6,0,6,215
09/29/2009,GSO,NC,ASO,ES,Combined TRACON& Tower with Radar,40,104,75,4,223,0,0,41,2,43,40,104,116,6,266,0,0,0,266
09/30/2009,GSO,NC,ASO,ES,Combined TRACON& Tower with Radar,42,105,70,0,217,0,0,70,0,70,42,105,140,0,287,16,0,16,303
10/01/2009,GSO,NC,ASO,ES,Combined TRACON& Tower with Radar,44,99,69,2,214,0,0,64,0,64,44,99,133,2,278,0,0,0,278
10/02/2009,GSO,NC,ASO,ES,Combined TRACON& Tower with Radar,46,104,70,1,221,0,1,33,1,35,46,105,103,2,256,0,0,0,256
10/03/2009,GSO,NC,ASO,ES,Combined TRACON& Tower with Radar,24,74,32,4,134,0,0,33,5,38,24,74,65,9,172,0,0,0,172
10/04/2009,GSO,NC,ASO,ES,Combined TRACON& Tower with Radar,32,96,41,6,175,0,0,32,2,34,32,96,73,8,209,2,0,2,211
10/05/2009,GSO,NC,ASO,ES,Combined TRACON& Tower with Radar,35,98,62,1,196,0,0,4,0,4,35,98,66,1,200,2,0,2,202
10/06/2009,GSO,NC,ASO,ES,Combined TRACON& Tower with Radar,45,101,70,2,218,0,0,0,0,0,45,101,70,2,218,0,0,0,218
10/07/2009,GSO,NC,ASO,ES,Combined TRACON& Tower with Radar,44,101,56,11,212,0,1,16,0,17,44,102,72,11,229,8,0,8,237
10/08/2009,GSO,NC,ASO,ES,Combined TRACON& Tower with Radar,44,109,53,0,206,0,0,37,0,37,44,109,90,0,243,0,0,0,243
10/09/2009,GSO,NC,ASO,ES,Combined TRACON& Tower with Radar,45,111,60,0,216,0,0,16,0,16,45,111,76,0,232,8,0,8,240
10/10/2009,GSO,NC,ASO,ES,Combined TRACON& Tower with Radar,20,77,23,0,120,0,0,15,0,15,20,77,38,0,135,0,0,0,135
10/11/2009,GSO,NC,ASO,ES,Combined TRACON& Tower with Radar,33,93,30,0,156,0,0,18,0,18,33,93,48,0,174,0,0,0,174
10/12/2009,GSO,NC,ASO,ES,Combined TRACON& Tower with Radar,36,102,74,2,214,0,0,6,0,6,36,102,80,2,220,0,0,0,220
10/13/2009,GSO,NC,ASO,ES,Combined TRACON& Tower with Radar,48,96,74,14,232,0,0,38,0,38,48,96,112,14,270,0,0,0,270
10/14/2009,GSO,NC,ASO,ES,Combined TRACON& Tower with Radar,42,102,64,0,208,0,0,5,0,5,42,102,69,0,213,0,0,0,213
10/15/2009,GSO,NC,ASO,ES,Combined TRACON& Tower with Radar,60,107,61,6,234,0,0,0,0,0,60,107,61,6,234,0,0,0,234
10/16/2009,GSO,NC,ASO,ES,Combined TRACON& Tower with Radar,64,98,94,2,258,0,0,3,0,3,64,98,97,2,261,0,0,0,261
10/17/2009,GSO,NC,ASO,ES,Combined TRACON& Tower with Radar,30,85,35,2,152,0,0,25,0,25,30,85,60,2,177,40,0,40,217
10/18/2009,GSO,NC,ASO,ES,Combined TRACON& Tower with Radar,37,107,69,0,213,0,1,24,0,25,37,108,93,0,238,21,0,21,259
10/19/2009,GSO,NC,ASO,ES,Combined TRACON& Tower with Radar,51,102,80,1,234,0,0,47,1,48,51,102,127,2,282,4,0,4,286
10/20/2009,GSO,NC,ASO,ES,Combined TRACON& Tower with Radar,58,102,97,3,260,2,0,49,1,52,60,102,146,4,312,0,0,0,312
10/21/2009,GSO,NC,ASO,ES,Combined TRACON& Tower with Radar,63,105,96,1,265,0,0,78,1,79,63,105,174,2,344,0,0,0,344
10/22/2009,GSO,NC,ASO,ES,Combined TRACON& Tower with Radar,58,114,72,0,244,0,1,37,0,38,58,115,109,0,282,0,0,0,282
10/23/2009,GSO,NC,ASO,ES,Combined TRACON& Tower with Radar,57,104,61,2,224,0,0,4,1,5,57,104,65,3,229,0,0,0,229
10/24/2009,GSO,NC,ASO,ES,Combined TRACON& Tower with Radar,21,78,16,2,117,0,0,16,0,16,21,78,32,2,133,108,0,108,241
10/25/2009,GSO,NC,ASO,ES,Combined TRACON& Tower with Radar,34,94,35,2,165,0,0,33,2,35,34,94,68,4,200,32,0,32,232
10/26/2009,GSO,NC,ASO,ES,Combined TRACON& Tower with Radar,39,103,59,9,210,0,0,34,0,34,39,103,93,9,244,10,0,10,254
10/27/2009,GSO,NC,ASO,ES,Combined TRACON& Tower with Radar,44,105,49,4,202,0,0,0,0,0,44,105,49,4,202,0,0,0,202
10/28/2009,GSO,NC,ASO,ES,Combined TRACON& Tower with Radar,40,94,48,0,182,0,0,39,0,39,40,94,87,0,221,0,0,0,221
10/29/2009,GSO,NC,ASO,ES,Combined TRACON& Tower with Radar,44,113,84,0,241,0,0,44,1,45,44,113,128,1,286,0,0,0,286
10/30/2009,GSO,NC,ASO,ES,Combined TRACON& Tower with Radar,46,109,70,0,225,0,0,5,0,5,46,109,75,0,230,0,15,15,245
10/31/2009,GSO,NC,ASO,ES,Combined TRACON& Tower with Radar,26,82,14,0,122,0,0,0,0,0,26,82,14,0,122,0,0,0,122
11/01/2009,GSO,NC,ASO,ES,Combined TRACON& Tower with Radar,33,98,39,0,170,0,0,1,0,1,33,98,40,0,171,0,0,0,171
11/02/2009,GSO,NC,ASO,ES,Combined TRACON& Tower with Radar,39,99,69,1,208,0,0,28,1,29,39,99,97,2,237,23,0,23,260
11/03/2009,GSO,NC,ASO,ES,Combined TRACON& Tower with Radar,47,96,72,4,219,0,0,71,9,80,47,96,143,13,299,0,0,0,299
11/04/2009,GSO,NC,ASO,ES,Combined TRACON& Tower with Radar,46,97,73,0,216,0,0,47,0,47,46,97,120,0,263,28,0,28,291
11/05/2009,GSO,NC,ASO,ES,Combined TRACON& Tower with Radar,49,94,59,2,204,0,0,52,0,52,49,94,111,2,256,9,0,9,265
11/06/2009,GSO,NC,ASO,ES,Combined TRACON& Tower with Radar,55,102,48,0,205,0,0,44,0,44,55,102,92,0,249,16,0,16,265
11/07/2009,GSO,NC,ASO,ES,Combined TRACON& Tower with Radar,24,66,30,1,121,0,0,48,2,50,24,66,78,3,171,26,0,26,197
11/08/2009,GSO,NC,ASO,ES,Combined TRACON& Tower with Radar,38,87,41,0,166,0,0,57,0,57,38,87,98,0,223,26,0,26,249
11/09/2009,GSO,NC,ASO,ES,Combined TRACON& Tower with Radar,38,100,60,0,198,0,0,26,0,26,38,100,86,0,224,22,0,22,246
11/10/2009,GSO,NC,ASO,ES,Combined TRACON& Tower with Radar,44,95,49,0,188,0,0,6,0,6,44,95,55,0,194,0,0,0,194
11/11/2009,GSO,NC,ASO,ES,Combined TRACON& Tower with Radar,45,97,54,0,196,0,0,0,0,0,45,97,54,0,196,0,0,0,196
11/12/2009,GSO,NC,ASO,ES,Combined TRACON& Tower with Radar,53,105,45,0,203,0,1,0,0,1,53,106,45,0,204,0,0,0,204
11/13/2009,GSO,NC,ASO,ES,Combined TRACON& Tower with Radar,49,105,52,4,210,0,0,4,0,4,49,105,56,4,214,0,0,0,214
11/14/2009,GSO,NC,ASO,ES,Combined TRACON& Tower with Radar,25,67,30,0,122,0,0,33,0,33,25,67,63,0,155,0,0,0,155
11/15/2009,GSO,NC,ASO,ES,Combined TRACON& Tower with Radar,39,102,37,0,178,0,0,45,0,45,39,102,82,0,223,33,0,33,256
11/16/2009,GSO,NC,ASO,ES,Combined TRACON& Tower with Radar,33,104,55,8,200,0,1,51,0,52,33,105,106,8,252,6,0,6,258
11/17/2009,GSO,NC,ASO,ES,Combined TRACON& Tower with Radar,42,99,56,0,197,0,0,12,0,12,42,99,68,0,209,0,0,0,209
11/18/2009,GSO,NC,ASO,ES,Combined TRACON& Tower with Radar,44,97,51,0,192,0,0,0,0,0,44,97,51,0,192,0,0,0,192
11/19/2009,GSO,NC,ASO,ES,Combined TRACON& Tower with Radar,54,112,91,0,257,0,0,0,0,0,54,112,91,0,257,0,0,0,257
11/20/2009,GSO,NC,ASO,ES,Combined TRACON& Tower with Radar,48,99,68,2,217,0,0,48,0,48,48,99,116,2,265,14,0,14,279
11/21/2009,GSO,NC,ASO,ES,Combined TRACON& Tower with Radar,26,68,31,3,128,0,0,41,0,41,26,68,72,3,169,0,0,0,169
11/22/2009,GSO,NC,ASO,ES,Combined TRACON& Tower with Radar,34,91,55,1,181,0,0,16,0,16,34,91,71,1,197,0,0,0,197
11/23/2009,GSO,NC,ASO,ES,Combined TRACON& Tower with Radar,36,96,47,0,179,0,0,0,0,0,36,96,47,0,179,0,0,0,179
11/24/2009,GSO,NC,ASO,ES,Combined TRACON& Tower with Radar,52,117,91,0,260,0,0,18,0,18,52,117,109,0,278,7,0,7,285
11/25/2009,GSO,NC,ASO,ES,Combined TRACON& Tower with Radar,48,106,69,19,242,0,0,25,0,25,48,106,94,19,267,33,0,33,300
11/26/2009,GSO,NC,ASO,ES,Combined TRACON& Tower with Radar,21,60,14,0,95,0,1,2,0,3,21,61,16,0,98,0,0,0,98
11/27/2009,GSO,NC,ASO,ES,Combined TRACON& Tower with Radar,41,72,23,0,136,0,1,17,0,18,41,73,40,0,154,5,0,5,159
11/28/2009,GSO,NC,ASO,ES,Combined TRACON& Tower with Radar,23,89,32,0,144,0,0,38,0,38,23,89,70,0,182,34,0,34,216
11/29/2009,GSO,NC,ASO,ES,Combined TRACON& Tower with Radar,41,109,39,0,189,0,1,44,0,45,41,110,83,0,234,0,0,0,234
11/30/2009,GSO,NC,ASO,ES,Combined TRACON& Tower with Radar,39,104,55,0,198,0,0,5,0,5,39,104,60,0,203,0,0,0,203
12/01/2009,GSO,NC,ASO,ES,Combined TRACON& Tower with Radar,44,102,59,0,205,0,0,37,0,37,44,102,96,0,242,0,0,0,242
12/02/2009,GSO,NC,ASO,ES,Combined TRACON& Tower with Radar,45,103,48,0,196,0,0,2,0,2,45,103,50,0,198,0,0,0,198
12/03/2009,GSO,NC,ASO,ES,Combined TRACON& Tower with Radar,51,107,65,10,233,0,0,26,0,26,51,107,91,10,259,0,0,0,259
12/04/2009,GSO,NC,ASO,ES,Combined TRACON& Tower with Radar,45,94,43,0,182,0,0,33,0,33,45,94,76,0,215,30,0,30,245
12/05/2009,GSO,NC,ASO,ES,Combined TRACON& Tower with Radar,27,72,12,0,111,0,0,1,0,1,27,72,13,0,112,0,0,0,112
12/06/2009,GSO,NC,ASO,ES,Combined TRACON& Tower with Radar,35,95,26,0,156,0,0,34,0,34,35,95,60,0,190,32,0,32,222
12/07/2009,GSO,NC,ASO,ES,Combined TRACON& Tower with Radar,38,100,59,3,200,0,0,29,0,29,38,100,88,3,229,0,0,0,229
12/08/2009,GSO,NC,ASO,ES,Combined TRACON& Tower with Radar,41,99,73,9,222,0,0,21,0,21,41,99,94,9,243,0,0,0,243
12/09/2009,GSO,NC,ASO,ES,Combined TRACON& Tower with Radar,49,102,52,0,203,0,0,4,0,4,49,102,56,0,207,0,0,0,207
12/10/2009,GSO,NC,ASO,ES,Combined TRACON& Tower with Radar,56,102,47,0,205,0,0,68,0,68,56,102,115,0,273,0,0,0,273
12/11/2009,GSO,NC,ASO,ES,Combined TRACON& Tower with Radar,49,105,40,0,194,0,0,39,0,39,49,105,79,0,233,0,0,0,233
12/12/2009,GSO,NC,ASO,ES,Combined TRACON& Tower with Radar,25,82,28,0,135,0,0,34,0,34,25,82,62,0,169,32,0,32,201
12/13/2009,GSO,NC,ASO,ES,Combined TRACON& Tower with Radar,33,87,27,0,147,0,0,0,0,0,33,87,27,0,147,0,0,0,147
12/14/2009,GSO,NC,ASO,ES,Combined TRACON& Tower with Radar,29,123,70,3,225,0,0,2,0,2,29,123,72,3,227,20,0,20,247
12/15/2009,GSO,NC,ASO,ES,Combined TRACON& Tower with Radar,44,107,51,7,209,0,0,20,0,20,44,107,71,7,229,0,0,0,229
12/16/2009,GSO,NC,ASO,ES,Combined TRACON& Tower with Radar,49,105,65,3,222,0,0,49,0,49,49,105,114,3,271,30,0,30,301
12/17/2009,GSO,NC,ASO,ES,Combined TRACON& Tower with Radar,44,105,52,0,201,0,0,45,0,45,44,105,97,0,246,19,0,19,265
12/18/2009,GSO,NC,ASO,ES,Combined TRACON& Tower with Radar,31,97,40,0,168,0,0,6,0,6,31,97,46,0,174,0,0,0,174
12/19/2009,GSO,NC,ASO,ES,Combined TRACON& Tower with Radar,21,74,15,0,110,0,0,0,0,0,21,74,15,0,110,0,0,0,110
12/20/2009,GSO,NC,ASO,ES,Combined TRACON& Tower with Radar,28,84,17,0,129,1,0,12,0,13,29,84,29,0,142,0,0,0,142
12/21/2009,GSO,NC,ASO,ES,Combined TRACON& Tower with Radar,32,111,54,0,197,0,0,33,0,33,32,111,87,0,230,29,0,29,259
12/22/2009,GSO,NC,ASO,ES,Combined TRACON& Tower with Radar,36,106,54,0,196,0,0,40,2,42,36,106,94,2,238,66,0,66,304
12/23/2009,GSO,NC,ASO,ES,Combined TRACON& Tower with Radar,45,116,49,0,210,0,0,52,0,52,45,116,101,0,262,18,0,18,280
12/24/2009,GSO,NC,ASO,ES,Combined TRACON& Tower with Radar,43,75,13,0,131,0,0,20,0,20,43,75,33,0,151,0,0,0,151
12/25/2009,GSO,NC,ASO,ES,Combined TRACON& Tower with Radar,26,59,4,0,89,0,0,0,0,0,26,59,4,0,89,0,0,0,89
12/26/2009,GSO,NC,ASO,ES,Combined TRACON& Tower with Radar,26,77,27,0,130,0,0,18,0,18,26,77,45,0,148,24,0,24,172
12/27/2009,GSO,NC,ASO,ES,Combined TRACON& Tower with Radar,33,98,31,0,162,0,0,34,0,34,33,98,65,0,196,4,0,4,200
12/28/2009,GSO,NC,ASO,ES,Combined TRACON& Tower with Radar,35,98,39,0,172,0,0,9,0,9,35,98,48,0,181,18,0,18,199
12/29/2009,GSO,NC,ASO,ES,Combined TRACON& Tower with Radar,38,95,37,1,171,0,0,39,0,39,38,95,76,1,210,16,0,16,226
12/30/2009,GSO,NC,ASO,ES,Combined TRACON& Tower with Radar,46,96,48,0,190,0,2,33,0,35,46,98,81,0,225,0,0,0,225
12/31/2009,GSO,NC,ASO,ES,Combined TRACON& Tower with Radar,40,67,22,0,129,0,0,2,0,2,40,67,24,0,131,0,0,0,131
01/01/2010,GSO,NC,ASO,ES,Combined TRACON& Tower with Radar,25,63,14,0,102,0,0,15,0,15,25,63,29,0,117,3,0,3,120
01/02/2010,GSO,NC,ASO,ES,Combined TRACON& Tower with Radar,30,87,20,0,137,0,0,3,0,3,30,87,23,0,140,0,0,0,140
01/03/2010,GSO,NC,ASO,ES,Combined TRACON& Tower with Radar,25,92,23,0,140,0,0,20,0,20,25,92,43,0,160,0,0,0,160
01/04/2010,GSO,NC,ASO,ES,Combined TRACON& Tower with Radar,34,108,51,1,194,0,0,35,0,35,34,108,86,1,229,7,0,7,236
01/05/2010,GSO,NC,ASO,ES,Combined TRACON& Tower with Radar,36,108,51,0,195,0,0,12,0,12,36,108,63,0,207,0,0,0,207
01/06/2010,GSO,NC,ASO,ES,Combined TRACON& Tower with Radar,37,105,59,2,203,0,0,25,0,25,37,105,84,2,228,0,0,0,228
01/07/2010,GSO,NC,ASO,ES,Combined TRACON& Tower with Radar,48,103,57,0,208,0,2,30,1,33,48,105,87,1,241,0,0,0,241
01/08/2010,GSO,NC,ASO,ES,Combined TRACON& Tower with Radar,39,98,34,3,174,0,0,16,0,16,39,98,50,3,190,0,0,0,190
01/09/2010,GSO,NC,ASO,ES,Combined TRACON& Tower with Radar,19,69,18,0,106,0,0,27,0,27,19,69,45,0,133,0,0,0,133
01/10/2010,GSO,NC,ASO,ES,Combined TRACON& Tower with Radar,31,90,29,0,150,0,0,30,0,30,31,90,59,0,180,6,0,6,186
01/11/2010,GSO,NC,ASO,ES,Combined TRACON& Tower with Radar,30,102,50,0,182,0,0,17,0,17,30,102,67,0,199,10,0,10,209
01/12/2010,GSO,NC,ASO,ES,Combined TRACON& Tower with Radar,38,101,43,0,182,0,0,29,0,29,38,101,72,0,211,0,0,0,211
01/13/2010,GSO,NC,ASO,ES,Combined TRACON& Tower with Radar,41,96,69,4,210,0,0,44,0,44,41,96,113,4,254,0,0,0,254
01/14/2010,GSO,NC,ASO,ES,Combined TRACON& Tower with Radar,41,111,59,0,211,0,0,39,0,39,41,111,98,0,250,0,0,0,250
01/15/2010,GSO,NC,ASO,ES,Combined TRACON& Tower with Radar,40,109,53,0,202,0,0,60,0,60,40,109,113,0,262,0,0,0,262
01/16/2010,GSO,NC,ASO,ES,Combined TRACON& Tower with Radar,22,65,16,0,103,0,0,42,0,42,22,65,58,0,145,0,0,0,145
01/17/2010,GSO,NC,ASO,ES,Combined TRACON& Tower with Radar,35,78,13,0,126,0,0,0,0,0,35,78,13,0,126,0,0,0,126
01/18/2010,GSO,NC,ASO,ES,Combined TRACON& Tower with Radar,28,101,46,0,175,0,0,43,0,43,28,101,89,0,218,59,0,59,277
01/19/2010,GSO,NC,ASO,ES,Combined TRACON& Tower with Radar,36,107,57,11,211,0,0,34,0,34,36,107,91,11,245,45,0,45,290
01/20/2010,GSO,NC,ASO,ES,Combined TRACON& Tower with Radar,40,103,50,0,193,0,0,27,0,27,40,103,77,0,220,0,0,0,220
01/21/2010,GSO,NC,ASO,ES,Combined TRACON& Tower with Radar,43,108,36,1,188,0,0,0,0,0,43,108,36,1,188,0,0,0,188
01/22/2010,GSO,NC,ASO,ES,Combined TRACON& Tower with Radar,42,114,36,0,192,0,0,0,0,0,42,114,36,0,192,0,0,0,192
01/23/2010,GSO,NC,ASO,ES,Combined TRACON& Tower with Radar,18,65,26,0,109,0,0,37,0,37,18,65,63,0,146,30,0,30,176
01/24/2010,GSO,NC,ASO,ES,Combined TRACON& Tower with Radar,36,94,15,0,145,0,0,0,0,0,36,94,15,0,145,30,0,30,175
01/25/2010,GSO,NC,ASO,ES,Combined TRACON& Tower with Radar,27,95,35,3,160,0,0,6,3,9,27,95,41,6,169,0,0,0,169
01/26/2010,GSO,NC,ASO,ES,Combined TRACON& Tower with Radar,46,103,59,4,212,0,1,31,3,35,46,104,90,7,247,0,0,0,247
01/27/2010,GSO,NC,ASO,ES,Combined TRACON& Tower with Radar,44,103,61,0,208,0,0,77,0,77,44,103,138,0,285,0,0,0,285
01/28/2010,GSO,NC,ASO,ES,Combined TRACON& Tower with Radar,40,107,54,6,207,0,0,37,0,37,40,107,91,6,244,0,0,0,244
01/29/2010,GSO,NC,ASO,ES,Combined TRACON& Tower with Radar,35,100,37,0,172,0,0,11,0,11,35,100,48,0,183,0,0,0,183
01/30/2010,GSO,NC,ASO,ES,Combined TRACON& Tower with Radar,10,20,4,0,34,0,0,0,0,0,10,20,4,0,34,0,0,0,34
01/31/2010,GSO,NC,ASO,ES,Combined TRACON& Tower with Radar,34,76,30,2,142,0,0,8,0,8,34,76,38,2,150,0,0,0,150
02/01/2010,GSO,NC,ASO,ES,Combined TRACON& Tower with Radar,28,99,38,0,165,0,0,28,0,28,28,99,66,0,193,4,0,4,197
02/02/2010,GSO,NC,ASO,ES,Combined TRACON& Tower with Radar,39,96,23,0,158,0,0,0,0,0,39,96,23,0,158,0,0,0,158
02/03/2010,GSO,NC,ASO,ES,Combined TRACON& Tower with Radar,45,104,60,2,211,0,0,31,0,31,45,104,91,2,242,30,0,30,272
02/04/2010,GSO,NC,ASO,ES,Combined TRACON& Tower with Radar,43,104,73,5,225,0,0,46,0,46,43,104,119,5,271,40,0,40,311
02/05/2010,GSO,NC,ASO,ES,Combined TRACON& Tower with Radar,35,59,17,0,111,0,0,0,0,0,35,59,17,0,111,0,0,0,111
02/06/2010,GSO,NC,ASO,ES,Combined TRACON& Tower with Radar,21,53,10,0,84,0,0,0,0,0,21,53,10,0,84,0,0,0,84
02/07/2010,GSO,NC,ASO,ES,Combined TRACON& Tower with Radar,33,92,19,2,146,0,0,32,0,32,33,92,51,2,178,48,0,48,226
02/08/2010,GSO,NC,ASO,ES,Combined TRACON& Tower with Radar,27,106,56,0,189,0,1,39,0,40,27,107,95,0,229,4,0,4,233
02/09/2010,GSO,NC,ASO,ES,Combined TRACON& Tower with Radar,37,107,53,0,197,0,0,2,0,2,37,107,55,0,199,7,0,7,206
02/10/2010,GSO,NC,ASO,ES,Combined TRACON& Tower with Radar,40,79,27,0,146,0,0,7,0,7,40,79,34,0,153,5,0,5,158
02/11/2010,GSO,NC,ASO,ES,Combined TRACON& Tower with Radar,39,100,52,0,191,0,0,28,0,28,39,100,80,0,219,17,0,17,236
02/12/2010,GSO,NC,ASO,ES,Combined TRACON& Tower with Radar,34,96,44,1,175,0,0,30,0,30,34,96,74,1,205,30,0,30,235
02/13/2010,GSO,NC,ASO,ES,Combined TRACON& Tower with Radar,18,76,12,0,106,0,0,8,0,8,18,76,20,0,114,0,0,0,114
02/14/2010,GSO,NC,ASO,ES,Combined TRACON& Tower with Radar,36,96,38,0,170,0,0,41,0,41,36,96,79,0,211,13,0,13,224
02/15/2010,GSO,NC,ASO,ES,Combined TRACON& Tower with Radar,29,100,36,1,166,0,0,1,0,1,29,100,37,1,167,2,0,2,169
02/16/2010,GSO,NC,ASO,ES,Combined TRACON& Tower with Radar,41,98,39,0,178,0,0,22,0,22,41,98,61,0,200,23,4,27,227
02/17/2010,GSO,NC,ASO,ES,Combined TRACON& Tower with Radar,37,104,57,2,200,0,0,28,2,30,37,104,85,4,230,0,0,0,230
02/18/2010,GSO,NC,ASO,ES,Combined TRACON& Tower with Radar,40,116,55,2,213,0,0,23,0,23,40,116,78,2,236,14,0,14,250
02/19/2010,GSO,NC,ASO,ES,Combined TRACON& Tower with Radar,41,113,45,4,203,0,0,58,0,58,41,113,103,4,261,45,0,45,306
02/20/2010,GSO,NC,ASO,ES,Combined TRACON& Tower with Radar,19,88,33,0,140,0,0,58,0,58,19,88,91,0,198,0,0,0,198
02/21/2010,GSO,NC,ASO,ES,Combined TRACON& Tower with Radar,30,92,28,1,151,0,0,55,0,55,30,92,83,1,206,30,0,30,236
02/22/2010,GSO,NC,ASO,ES,Combined TRACON& Tower with Radar,27,106,32,0,165,0,0,0,0,0,27,106,32,0,165,0,0,0,165
02/23/2010,GSO,NC,ASO,ES,Combined TRACON& Tower with Radar,37,101,77,2,217,0,0,24,0,24,37,101,101,2,241,47,0,47,288
02/24/2010,GSO,NC,ASO,ES,Combined TRACON& Tower with Radar,38,94,27,0,159,0,0,1,0,1,38,94,28,0,160,0,0,0,160
02/25/2010,GSO,NC,ASO,ES,Combined TRACON& Tower with Radar,39,104,55,0,198,0,0,12,0,12,39,104,67,0,210,0,0,0,210
02/26/2010,GSO,NC,ASO,ES,Combined TRACON& Tower with Radar,36,99,45,4,184,0,0,13,0,13,36,99,58,4,197,18,0,18,215
02/27/2010,GSO,NC,ASO,ES,Combined TRACON& Tower with Radar,18,79,26,3,126,0,0,20,0,20,18,79,46,3,146,52,0,52,198
02/28/2010,GSO,NC,ASO,ES,Combined TRACON& Tower with Radar,29,97,25,0,151,0,0,19,1,20,29,97,44,1,171,13,0,13,184
03/01/2010,GSO,NC,ASO,ES,Combined TRACON& Tower with Radar,30,112,37,4,183,0,0,44,0,44,30,112,81,4,227,68,0,68,295
03/02/2010,GSO,NC,ASO,ES,Combined TRACON& Tower with Radar,36,98,33,2,169,0,0,3,0,3,36,98,36,2,172,0,0,0,172
03/03/2010,GSO,NC,ASO,ES,Combined TRACON& Tower with Radar,36,102,55,2,195,0,0,10,0,10,36,102,65,2,205,31,0,31,236
03/04/2010,GSO,NC,ASO,ES,Combined TRACON& Tower with Radar,37,107,65,0,209,0,0,43,1,44,37,107,108,1,253,12,0,12,265
03/05/2010,GSO,NC,ASO,ES,Combined TRACON& Tower with Radar,37,116,65,0,218,0,0,31,1,32,37,116,96,1,250,0,0,0,250
03/06/2010,GSO,NC,ASO,ES,Combined TRACON& Tower with Radar,17,85,29,0,131,0,0,64,0,64,17,85,93,0,195,74,0,74,269
03/07/2010,GSO,NC,ASO,ES,Combined TRACON& Tower with Radar,31,93,29,0,153,0,0,49,0,49,31,93,78,0,202,60,0,60,262
03/08/2010,GSO,NC,ASO,ES,Combined TRACON& Tower with Radar,30,101,49,3,183,0,0,45,1,46,30,101,94,4,229,10,0,10,239
03/09/2010,GSO,NC,ASO,ES,Combined TRACON& Tower with Radar,39,114,51,7,211,0,0,46,0,46,39,114,97,7,257,71,0,71,328
03/10/2010,GSO,NC,ASO,ES,Combined TRACON& Tower with Radar,38,107,63,2,210,0,0,24,2,26,38,107,87,4,236,0,0,0,236
03/11/2010,GSO,NC,ASO,ES,Combined TRACON& Tower with Radar,41,115,95,4,255,0,0,4,0,4,41,115,99,4,259,10,0,10,269
03/12/2010,GSO,NC,ASO,ES,Combined TRACON& Tower with Radar,41,102,76,5,224,0,0,1,0,1,41,102,77,5,225,0,0,0,225
03/13/2010,GSO,NC,ASO,ES,Combined TRACON& Tower with Radar,17,83,58,0,158,0,0,8,0,8,17,83,66,0,166,14,0,14,180
03/14/2010,GSO,NC,ASO,ES,Combined TRACON& Tower with Radar,29,103,54,0,186,0,0,18,0,18,29,103,72,0,204,80,0,80,284
03/15/2010,GSO,NC,ASO,ES,Combined TRACON& Tower with Radar,26,98,51,1,176,0,0,25,0,25,26,98,76,1,201,47,0,47,248
03/16/2010,GSO,NC,ASO,ES,Combined TRACON& Tower with Radar,43,110,55,8,216,0,0,38,0,38,43,110,93,8,254,26,0,26,280
03/17/2010,GSO,NC,ASO,ES,Combined TRACON& Tower with Radar,36,111,69,10,226,0,0,44,0,44,36,111,113,10,270,37,0,37,307
03/18/2010,GSO,NC,ASO,ES,Combined TRACON& Tower with Radar,39,107,71,2,219,0,0,36,0,36,39,107,107,2,255,20,0,20,275
03/19/2010,GSO,NC,ASO,ES,Combined TRACON& Tower with Radar,41,109,55,0,205,0,0,70,4,74,41,109,125,4,279,60,0,60,339
03/20/2010,GSO,NC,ASO,ES,Combined TRACON& Tower with Radar,19,77,26,0,122,0,0,65,0,65,19,77,91,0,187,14,0,14,201
03/21/2010,GSO,NC,ASO,ES,Combined TRACON& Tower with Radar,34,98,33,0,165,0,0,22,0,22,34,98,55,0,187,18,0,18,205
03/22/2010,GSO,NC,ASO,ES,Combined TRACON& Tower with Radar,33,91,38,0,162,0,0,2,0,2,33,91,40,0,164,0,0,0,164
03/23/2010,GSO,NC,ASO,ES,Combined TRACON& Tower with Radar,41,94,49,0,184,0,0,34,0,34,41,94,83,0,218,0,0,0,218
03/24/2010,GSO,NC,ASO,ES,Combined TRACON& Tower with Radar,38,110,60,0,208,0,0,70,2,72,38,110,130,2,280,0,0,0,280
03/25/2010,GSO,NC,ASO,ES,Combined TRACON& Tower with Radar,37,126,63,7,233,0,2,16,1,19,37,128,79,8,252,12,34,46,298
03/26/2010,GSO,NC,ASO,ES,Combined TRACON& Tower with Radar,40,106,52,3,201,0,0,12,1,13,40,106,64,4,214,24,0,24,238
03/27/2010,GSO,NC,ASO,ES,Combined TRACON& Tower with Radar,18,78,23,9,128,0,0,66,0,66,18,78,89,9,194,106,9,115,309
03/28/2010,GSO,NC,ASO,ES,Combined TRACON& Tower with Radar,31,86,32,2,151,0,0,3,0,3,31,86,35,2,154,0,0,0,154
03/29/2010,GSO,NC,ASO,ES,Combined TRACON& Tower with Radar,32,100,58,2,192,0,0,7,1,8,32,100,65,3,200,0,0,0,200
03/30/2010,GSO,NC,ASO,ES,Combined TRACON& Tower with Radar,40,97,58,6,201,0,0,33,0,33,40,97,91,6,234,8,16,24,258
03/31/2010,GSO,NC,ASO,ES,Combined TRACON& Tower with Radar,40,100,66,0,206,0,1,63,2,66,40,101,129,2,272,40,0,40,312
04/01/2010,GSO,NC,ASO,ES,Combined TRACON& Tower with Radar,38,113,52,0,203,0,0,52,0,52,38,113,104,0,255,48,0,48,303
04/02/2010,GSO,NC,ASO,ES,Combined TRACON& Tower with Radar,45,101,48,2,196,0,0,51,0,51,45,101,99,2,247,46,0,46,293
04/03/2010,GSO,NC,ASO,ES,Combined TRACON& Tower with Radar,21,77,20,0,118,0,0,24,0,24,21,77,44,0,142,39,0,39,181
04/04/2010,GSO,NC,ASO,ES,Combined TRACON& Tower with Radar,30,89,22,0,141,0,0,23,0,23,30,89,45,0,164,70,0,70,234
04/05/2010,GSO,NC,ASO,ES,Combined TRACON& Tower with Radar,24,106,53,6,189,0,0,34,0,34,24,106,87,6,223,0,0,0,223
04/06/2010,GSO,NC,ASO,ES,Combined TRACON& Tower with Radar,48,90,85,0,223,0,0,51,0,51,48,90,136,0,274,22,0,22,296
04/07/2010,GSO,NC,ASO,ES,Combined TRACON& Tower with Radar,51,97,69,0,217,0,2,36,0,38,51,99,105,0,255,0,0,0,255
04/08/2010,GSO,NC,ASO,ES,Combined TRACON& Tower with Radar,42,105,78,0,225,0,0,22,0,22,42,105,100,0,247,11,0,11,258
04/09/2010,GSO,NC,ASO,ES,Combined TRACON& Tower with Radar,44,110,84,0,238,0,0,44,0,44,44,110,128,0,282,0,0,0,282
04/10/2010,GSO,NC,ASO,ES,Combined TRACON& Tower with Radar,23,90,41,0,154,0,0,112,0,112,23,90,153,0,266,102,0,102,368
04/11/2010,GSO,NC,ASO,ES,Combined TRACON& Tower with Radar,35,95,63,2,195,0,0,79,0,79,35,95,142,2,274,38,0,38,312
04/12/2010,GSO,NC,ASO,ES,Combined TRACON& Tower with Radar,44,99,55,2,200,0,0,29,0,29,44,99,84,2,229,0,0,0,229
04/13/2010,GSO,NC,ASO,ES,Combined TRACON& Tower with Radar,56,93,54,5,208,0,0,23,2,25,56,93,77,7,233,16,0,16,249
04/14/2010,GSO,NC,ASO,ES,Combined TRACON& Tower with Radar,51,103,70,0,224,0,0,13,0,13,51,103,83,0,237,14,0,14,251
04/15/2010,GSO,NC,ASO,ES,Combined TRACON& Tower with Radar,53,109,93,15,270,0,0,52,0,52,53,109,145,15,322,15,9,24,346
04/16/2010,GSO,NC,ASO,ES,Combined TRACON& Tower with Radar,48,103,84,0,235,0,0,41,0,41,48,103,125,0,276,0,0,0,276
04/17/2010,GSO,NC,ASO,ES,Combined TRACON& Tower with Radar,28,89,35,0,152,0,0,12,0,12,28,89,47,0,164,43,0,43,207
04/18/2010,GSO,NC,ASO,ES,Combined TRACON& Tower with Radar,32,96,65,0,193,0,2,34,0,36,32,98,99,0,229,90,0,90,319
04/19/2010,GSO,NC,ASO,ES,Combined TRACON& Tower with Radar,49,94,90,0,233,0,0,53,0,53,49,94,143,0,286,11,0,11,297
04/20/2010,GSO,NC,ASO,ES,Combined TRACON& Tower with Radar,46,86,121,2,255,0,0,38,0,38,46,86,159,2,293,42,0,42,335
04/21/2010,GSO,NC,ASO,ES,Combined TRACON& Tower with Radar,58,105,104,0,267,0,0,5,0,5,58,105,109,0,272,30,0,30,302
04/22/2010,GSO,NC,ASO,ES,Combined TRACON& Tower with Radar,54,100,100,9,263,0,0,58,0,58,54,100,158,9,321,11,0,11,332
04/23/2010,GSO,NC,ASO,ES,Combined TRACON& Tower with Radar,54,89,61,3,207,0,0,38,0,38,54,89,99,3,245,64,0,64,309
04/24/2010,GSO,NC,ASO,ES,Combined TRACON& Tower with Radar,24,76,20,0,120,0,0,20,0,20,24,76,40,0,140,30,0,30,170
04/25/2010,GSO,NC,ASO,ES,Combined TRACON& Tower with Radar,39,82,28,0,149,0,0,4,0,4,39,82,32,0,153,56,0,56,209
04/26/2010,GSO,NC,ASO,ES,Combined TRACON& Tower with Radar,46,89,53,10,198,0,0,19,0,19,46,89,72,10,217,0,19,19,236
04/27/2010,GSO,NC,ASO,ES,Combined TRACON& Tower with Radar,53,96,53,0,202,0,0,25,0,25,53,96,78,0,227,0,0,0,227
04/28/2010,GSO,NC,ASO,ES,Combined TRACON& Tower with Radar,48,105,71,0,224,0,0,55,0,55,48,105,126,0,279,0,0,0,279
04/29/2010,GSO,NC,ASO,ES,Combined TRACON& Tower with Radar,52,98,80,0,230,0,0,65,0,65,52,98,145,0,295,16,0,16,311
04/30/2010,GSO,NC,ASO,ES,Combined TRACON& Tower with Radar,45,98,59,0,202,0,0,43,0,43,45,98,102,0,245,30,0,30,275
05/01/2010,GSO,NC,ASO,ES,Combined TRACON& Tower with Radar,24,70,46,1,141,0,2,23,3,28,24,72,69,4,169,47,0,47,216
05/02/2010,GSO,NC,ASO,ES,Combined TRACON& Tower with Radar,30,95,36,0,161,0,0,9,0,9,30,95,45,0,170,18,0,18,188
05/03/2010,GSO,NC,ASO,ES,Combined TRACON& Tower with Radar,34,89,41,6,170,0,0,1,0,1,34,89,42,6,171,0,0,0,171
05/04/2010,GSO,NC,ASO,ES,Combined TRACON& Tower with Radar,44,92,51,15,202,0,0,46,2,48,44,92,97,17,250,41,0,41,291
05/05/2010,GSO,NC,ASO,ES,Combined TRACON& Tower with Radar,56,100,66,4,226,1,0,61,1,63,57,100,127,5,289,62,0,62,351
05/06/2010,GSO,NC,ASO,ES,Combined TRACON& Tower with Radar,51,97,52,4,204,0,0,35,0,35,51,97,87,4,239,34,28,62,301
05/07/2010,GSO,NC,ASO,ES,Combined TRACON& Tower with Radar,45,99,58,10,212,0,0,35,0,35,45,99,93,10,247,35,9,44,291
05/08/2010,GSO,NC,ASO,ES,Combined TRACON& Tower with Radar,26,81,29,0,136,0,0,18,0,18,26,81,47,0,154,6,0,6,160
05/09/2010,GSO,NC,ASO,ES,Combined TRACON& Tower with Radar,31,95,29,1,156,0,0,25,0,25,31,95,54,1,181,0,0,0,181
05/10/2010,GSO,NC,ASO,ES,Combined TRACON& Tower with Radar,36,102,50,0,188,0,0,28,0,28,36,102,78,0,216,17,1,18,234
05/11/2010,GSO,NC,ASO,ES,Combined TRACON& Tower with Radar,47,97,58,0,202,0,0,11,0,11,47,97,69,0,213,12,0,12,225
05/12/2010,GSO,NC,ASO,ES,Combined TRACON& Tower with Radar,46,100,89,0,235,0,1,12,0,13,46,101,101,0,248,0,0,0,248
05/13/2010,GSO,NC,ASO,ES,Combined TRACON& Tower with Radar,51,106,74,2,233,0,0,17,1,18,51,106,91,3,251,65,0,65,316
05/14/2010,GSO,NC,ASO,ES,Combined TRACON& Tower with Radar,44,109,71,0,224,0,0,24,0,24,44,109,95,0,248,32,0,32,280
05/15/2010,GSO,NC,ASO,ES,Combined TRACON& Tower with Radar,26,86,21,0,133,0,0,28,0,28,26,86,49,0,161,12,0,12,173
05/16/2010,GSO,NC,ASO,ES,Combined TRACON& Tower with Radar,28,106,43,0,177,0,0,6,0,6,28,106,49,0,183,0,0,0,183
05/17/2010,GSO,NC,ASO,ES,Combined TRACON& Tower with Radar,35,95,41,0,171,0,0,0,0,0,35,95,41,0,171,0,0,0,171
05/18/2010,GSO,NC,ASO,ES,Combined TRACON& Tower with Radar,44,104,81,0,229,0,0,3,0,3,44,104,84,0,232,0,0,0,232
05/19/2010,GSO,NC,ASO,ES,Combined TRACON& Tower with Radar,46,100,90,4,240,0,0,4,0,4,46,100,94,4,244,62,0,62,306
05/20/2010,GSO,NC,ASO,ES,Combined TRACON& Tower with Radar,44,101,72,0,217,0,0,50,1,51,44,101,122,1,268,38,0,38,306
05/21/2010,GSO,NC,ASO,ES,Combined TRACON& Tower with Radar,48,100,51,0,199,0,0,46,0,46,48,100,97,0,245,82,0,82,327
05/22/2010,GSO,NC,ASO,ES,Combined TRACON& Tower with Radar,26,87,37,0,150,0,0,6,0,6,26,87,43,0,156,4,0,4,160
05/23/2010,GSO,NC,ASO,ES,Combined TRACON& Tower with Radar,42,98,46,1,187,0,0,11,0,11,42,98,57,1,198,18,0,18,216
05/24/2010,GSO,NC,ASO,ES,Combined TRACON& Tower with Radar,34,96,52,0,182,0,0,4,0,4,34,96,56,0,186,0,0,0,186
05/25/2010,GSO,NC,ASO,ES,Combined TRACON& Tower with Radar,42,107,73,3,225,0,1,4,1,6,42,108,77,4,231,31,0,31,262
05/26/2010,GSO,NC,ASO,ES,Combined TRACON& Tower with Radar,52,97,58,7,214,0,2,53,0,55,52,99,111,7,269,0,0,0,269
05/27/2010,GSO,NC,ASO,ES,Combined TRACON& Tower with Radar,40,99,51,1,191,0,0,54,1,55,40,99,105,2,246,0,0,0,246
05/28/2010,GSO,NC,ASO,ES,Combined TRACON& Tower with Radar,42,110,57,1,210,0,17,25,2,44,42,127,82,3,254,0,0,0,254
05/29/2010,GSO,NC,ASO,ES,Combined TRACON& Tower with Radar,26,87,32,0,145,0,0,17,0,17,26,87,49,0,162,41,0,41,203
05/30/2010,GSO,NC,ASO,ES,Combined TRACON& Tower with Radar,21,88,24,0,133,0,1,28,0,29,21,89,52,0,162,18,0,18,180
05/31/2010,GSO,NC,ASO,ES,Combined TRACON& Tower with Radar,22,93,37,0,152,0,0,4,0,4,22,93,41,0,156,8,0,8,164
06/01/2010,GSO,NC,ASO,ES,Combined TRACON& Tower with Radar,36,95,53,2,186,0,0,12,0,12,36,95,65,2,198,22,0,22,220
06/02/2010,GSO,NC,ASO,ES,Combined TRACON& Tower with Radar,46,112,69,0,227,0,0,16,0,16,46,112,85,0,243,0,0,0,243
06/03/2010,GSO,NC,ASO,ES,Combined TRACON& Tower with Radar,43,108,66,0,217,0,0,15,0,15,43,108,81,0,232,5,0,5,237
06/04/2010,GSO,NC,ASO,ES,Combined TRACON& Tower with Radar,41,101,58,23,223,0,0,36,1,37,41,101,94,24,260,69,18,87,347
06/05/2010,GSO,NC,ASO,ES,Combined TRACON& Tower with Radar,19,87,18,0,124,0,1,32,0,33,19,88,50,0,157,25,0,25,182
06/06/2010,GSO,NC,ASO,ES,Combined TRACON& Tower with Radar,36,84,23,1,144,0,1,20,1,22,36,85,43,2,166,0,0,0,166
06/07/2010,GSO,NC,ASO,ES,Combined TRACON& Tower with Radar,36,98,52,9,195,0,0,46,0,46,36,98,98,9,241,0,0,0,241
06/08/2010,GSO,NC,ASO,ES,Combined TRACON& Tower with Radar,44,101,63,0,208,0,0,71,0,71,44,101,134,0,279,68,0,68,347
06/09/2010,GSO,NC,ASO,ES,Combined TRACON& Tower with Radar,44,115,55,6,220,0,0,28,0,28,44,115,83,6,248,0,0,0,248
06/10/2010,GSO,NC,ASO,ES,Combined TRACON& Tower with Radar,50,109,56,5,220,0,0,35,2,37,50,109,91,7,257,51,0,51,308
06/11/2010,GSO,NC,ASO,ES,Combined TRACON& Tower with Radar,40,104,46,0,190,0,0,32,0,32,40,104,78,0,222,56,0,56,278
06/12/2010,GSO,NC,ASO,ES,Combined TRACON& Tower with Radar,23,80,21,4,128,0,0,23,4,27,23,80,44,8,155,10,0,10,165
06/13/2010,GSO,NC,ASO,ES,Combined TRACON& Tower with Radar,33,105,31,0,169,0,1,20,0,21,33,106,51,0,190,4,0,4,194
06/14/2010,GSO,NC,ASO,ES,Combined TRACON& Tower with Radar,40,100,42,3,185,0,0,23,2,25,40,100,65,5,210,0,0,0,210
06/15/2010,GSO,NC,ASO,ES,Combined TRACON& Tower with Radar,45,114,50,3,212,0,0,31,2,33,45,114,81,5,245,0,0,0,245
06/16/2010,GSO,NC,ASO,ES,Combined TRACON& Tower with Radar,51,119,60,0,230,0,0,18,0,18,51,119,78,0,248,0,0,0,248
06/17/2010,GSO,NC,ASO,ES,Combined TRACON& Tower with Radar,53,125,44,11,233,0,0,31,0,31,53,125,75,11,264,31,10,41,305
06/18/2010,GSO,NC,ASO,ES,Combined TRACON& Tower with Radar,42,114,63,0,219,0,2,51,0,53,42,116,114,0,272,38,0,38,310
06/19/2010,GSO,NC,ASO,ES,Combined TRACON& Tower with Radar,25,93,31,0,149,0,0,32,0,32,25,93,63,0,181,30,0,30,211
06/20/2010,GSO,NC,ASO,ES,Combined TRACON& Tower with Radar,43,107,27,0,177,0,0,21,0,21,43,107,48,0,198,5,0,5,203
06/21/2010,GSO,NC,ASO,ES,Combined TRACON& Tower with Radar,36,100,62,7,205,0,1,32,2,35,36,101,94,9,240,11,0,11,251
06/22/2010,GSO,NC,ASO,ES,Combined TRACON& Tower with Radar,60,116,58,1,235,0,0,47,1,48,60,116,105,2,283,2,0,2,285
06/23/2010,GSO,NC,ASO,ES,Combined TRACON& Tower with Radar,51,112,62,0,225,0,0,38,1,39,51,112,100,1,264,0,0,0,264
06/24/2010,GSO,NC,ASO,ES,Combined TRACON& Tower with Radar,55,116,68,0,239,0,0,37,5,42,55,116,105,5,281,0,0,0,281
06/25/2010,GSO,NC,ASO,ES,Combined TRACON& Tower with Radar,48,118,47,9,222,0,0,40,0,40,48,118,87,9,262,59,0,59,321
06/26/2010,GSO,NC,ASO,ES,Combined TRACON& Tower with Radar,24,81,25,0,130,0,0,27,0,27,24,81,52,0,157,25,0,25,182
06/27/2010,GSO,NC,ASO,ES,Combined TRACON& Tower with Radar,36,89,30,1,156,0,0,24,0,24,36,89,54,1,180,40,0,40,220
06/28/2010,GSO,NC,ASO,ES,Combined TRACON& Tower with Radar,44,99,40,0,183,0,1,31,0,32,44,100,71,0,215,38,0,38,253
06/29/2010,GSO,NC,ASO,ES,Combined TRACON& Tower with Radar,56,107,47,4,214,0,1,36,2,39,56,108,83,6,253,22,2,24,277
06/30/2010,GSO,NC,ASO,ES,Combined TRACON& Tower with Radar,49,107,71,0,227,0,0,36,6,42,49,107,107,6,269,0,0,0,269
07/01/2010,GSO,NC,ASO,ES,Combined TRACON& Tower with Radar,52,106,61,0,219,0,0,28,0,28,52,106,89,0,247,0,0,0,247
07/02/2010,GSO,NC,ASO,ES,Combined TRACON& Tower with Radar,43,109,42,0,194,0,1,84,1,86,43,110,126,1,280,0,0,0,280
07/03/2010,GSO,NC,ASO,ES,Combined TRACON& Tower with Radar,26,81,13,0,120,0,0,20,0,20,26,81,33,0,140,0,0,0,140
07/04/2010,GSO,NC,ASO,ES,Combined TRACON& Tower with Radar,31,68,14,0,113,0,0,11,2,13,31,68,25,2,126,0,0,0,126
07/05/2010,GSO,NC,ASO,ES,Combined TRACON& Tower with Radar,27,96,26,0,149,0,0,32,0,32,27,96,58,0,181,25,0,25,206
07/06/2010,GSO,NC,ASO,ES,Combined TRACON& Tower with Radar,41,101,46,0,188,0,0,50,0,50,41,101,96,0,238,30,0,30,268
07/07/2010,GSO,NC,ASO,ES,Combined TRACON& Tower with Radar,46,106,53,23,228,0,0,38,3,41,46,106,91,26,269,0,0,0,269
07/08/2010,GSO,NC,ASO,ES,Combined TRACON& Tower with Radar,48,106,57,6,217,0,0,33,10,43,48,106,90,16,260,59,23,82,342
07/09/2010,GSO,NC,ASO,ES,Combined TRACON& Tower with Radar,54,117,56,1,228,0,0,14,4,18,54,117,70,5,246,36,2,38,284
07/10/2010,GSO,NC,ASO,ES,Combined TRACON& Tower with Radar,25,84,24,0,133,0,0,17,0,17,25,84,41,0,150,52,0,52,202
07/11/2010,GSO,NC,ASO,ES,Combined TRACON& Tower with Radar,37,96,41,0,174,0,0,34,0,34,37,96,75,0,208,30,0,30,238
07/12/2010,GSO,NC,ASO,ES,Combined TRACON& Tower with Radar,36,103,39,2,180,0,0,4,0,4,36,103,43,2,184,29,0,29,213
07/13/2010,GSO,NC,ASO,ES,Combined TRACON& Tower with Radar,51,102,61,14,228,0,0,3,0,3,51,102,64,14,231,22,0,22,253
07/14/2010,GSO,NC,ASO,ES,Combined TRACON& Tower with Radar,48,104,65,3,220,0,0,30,0,30,48,104,95,3,250,66,0,66,316
07/15/2010,GSO,NC,ASO,ES,Combined TRACON& Tower with Radar,51,109,71,0,231,0,2,46,2,50,51,111,117,2,281,57,0,57,338
07/16/2010,GSO,NC,ASO,ES,Combined TRACON& Tower with Radar,44,105,49,4,202,0,1,28,6,35,44,106,77,10,237,26,0,26,263
07/17/2010,GSO,NC,ASO,ES,Combined TRACON& Tower with Radar,31,81,13,1,126,0,0,10,0,10,31,81,23,1,136,4,0,4,140
07/18/2010,GSO,NC,ASO,ES,Combined TRACON& Tower with Radar,42,96,36,0,174,0,0,22,0,22,42,96,58,0,196,45,0,45,241
07/19/2010,GSO,NC,ASO,ES,Combined TRACON& Tower with Radar,36,89,57,0,182,0,0,19,3,22,36,89,76,3,204,49,0,49,253
07/20/2010,GSO,NC,ASO,ES,Combined TRACON& Tower with Radar,55,114,52,10,231,0,1,30,0,31,55,115,82,10,262,62,16,78,340
07/21/2010,GSO,NC,ASO,ES,Combined TRACON& Tower with Radar,47,98,57,10,212,0,1,41,2,44,47,99,98,12,256,17,0,17,273
07/22/2010,GSO,NC,ASO,ES,Combined TRACON& Tower with Radar,55,109,48,1,213,0,0,40,0,40,55,109,88,1,253,46,0,46,299
07/23/2010,GSO,NC,ASO,ES,Combined TRACON& Tower with Radar,52,92,62,1,207,0,0,43,0,43,52,92,105,1,250,61,0,61,311
07/24/2010,GSO,NC,ASO,ES,Combined TRACON& Tower with Radar,32,93,25,2,152,0,0,66,2,68,32,93,91,4,220,40,0,40,260
07/25/2010,GSO,NC,ASO,ES,Combined TRACON& Tower with Radar,45,97,41,0,183,0,0,18,0,18,45,97,59,0,201,0,0,0,201
07/26/2010,GSO,NC,ASO,ES,Combined TRACON& Tower with Radar,39,100,68,9,216,0,0,12,3,15,39,100,80,12,231,0,0,0,231
07/27/2010,GSO,NC,ASO,ES,Combined TRACON& Tower with Radar,62,102,50,12,226,0,1,8,4,13,62,103,58,16,239,0,0,0,239
07/28/2010,GSO,NC,ASO,ES,Combined TRACON& Tower with Radar,54,110,56,3,223,0,0,5,2,7,54,110,61,5,230,0,0,0,230
07/29/2010,GSO,NC,ASO,ES,Combined TRACON& Tower with Radar,54,94,67,1,216,0,0,39,4,43,54,94,106,5,259,0,0,0,259
07/30/2010,GSO,NC,ASO,ES,Combined TRACON& Tower with Radar,52,102,40,0,194,0,0,26,2,28,52,102,66,2,222,55,0,55,277
07/31/2010,GSO,NC,ASO,ES,Combined TRACON& Tower with Radar,26,82,30,0,138,0,0,24,0,24,26,82,54,0,162,0,0,0,162
08/01/2010,GSO,NC,ASO,ES,Combined TRACON& Tower with Radar,39,100,39,0,178,0,0,1,0,1,39,100,40,0,179,0,0,0,179
08/02/2010,GSO,NC,ASO,ES,Combined TRACON& Tower with Radar,42,108,41,16,207,0,0,9,0,9,42,108,50,16,216,0,0,0,216
08/03/2010,GSO,NC,ASO,ES,Combined TRACON& Tower with Radar,52,108,53,14,227,0,0,32,0,32,52,108,85,14,259,51,0,51,310
08/04/2010,GSO,NC,ASO,ES,Combined TRACON& Tower with Radar,48,99,46,20,213,0,0,17,2,19,48,99,63,22,232,86,0,86,318
08/05/2010,GSO,NC,ASO,ES,Combined TRACON& Tower with Radar,55,105,54,13,227,0,2,22,2,26,55,107,76,15,253,0,0,0,253
08/06/2010,GSO,NC,ASO,ES,Combined TRACON& Tower with Radar,48,103,46,6,203,0,0,24,2,26,48,103,70,8,229,29,10,39,268
08/07/2010,GSO,NC,ASO,ES,Combined TRACON& Tower with Radar,27,82,24,0,133,0,0,43,0,43,27,82,67,0,176,18,0,18,194
08/08/2010,GSO,NC,ASO,ES,Combined TRACON& Tower with Radar,40,96,31,0,167,0,0,27,0,27,40,96,58,0,194,0,0,0,194
08/09/2010,GSO,NC,ASO,ES,Combined TRACON& Tower with Radar,40,103,44,9,196,0,0,36,3,39,40,103,80,12,235,61,14,75,310
08/10/2010,GSO,NC,ASO,ES,Combined TRACON& Tower with Radar,54,125,50,0,229,0,0,50,0,50,54,125,100,0,279,86,0,86,365
08/11/2010,GSO,NC,ASO,ES,Combined TRACON& Tower with Radar,47,92,53,9,201,0,0,43,4,47,47,92,96,13,248,46,10,56,304
08/12/2010,GSO,NC,ASO,ES,Combined TRACON& Tower with Radar,61,103,53,0,217,0,0,43,6,49,61,103,96,6,266,42,0,42,308
08/13/2010,GSO,NC,ASO,ES,Combined TRACON& Tower with Radar,50,98,41,4,193,0,0,17,0,17,50,98,58,4,210,27,0,27,237
08/14/2010,GSO,NC,ASO,ES,Combined TRACON& Tower with Radar,33,97,22,0,152,0,0,7,0,7,33,97,29,0,159,17,0,17,176
08/15/2010,GSO,NC,ASO,ES,Combined TRACON& Tower with Radar,44,98,30,0,172,0,0,27,0,27,44,98,57,0,199,0,0,0,199
08/16/2010,GSO,NC,ASO,ES,Combined TRACON& Tower with Radar,39,94,54,0,187,0,0,30,2,32,39,94,84,2,219,96,0,96,315
08/17/2010,GSO,NC,ASO,ES,Combined TRACON& Tower with Radar,56,100,55,6,217,0,0,27,2,29,56,100,82,8,246,42,0,42,288
08/18/2010,GSO,NC,ASO,ES,Combined TRACON& Tower with Radar,57,95,69,0,221,0,0,8,0,8,57,95,77,0,229,18,0,18,247
08/19/2010,GSO,NC,ASO,ES,Combined TRACON& Tower with Radar,63,100,70,0,233,0,0,0,0,0,63,100,70,0,233,0,0,0,233
08/20/2010,GSO,NC,ASO,ES,Combined TRACON& Tower with Radar,46,105,62,3,216,0,0,40,4,44,46,105,102,7,260,105,0,105,365
08/21/2010,GSO,NC,ASO,ES,Combined TRACON& Tower with Radar,23,85,26,0,134,0,0,47,2,49,23,85,73,2,183,88,10,98,281
08/22/2010,GSO,NC,ASO,ES,Combined TRACON& Tower with Radar,36,105,52,1,194,0,0,17,0,17,36,105,69,1,211,76,0,76,287
08/23/2010,GSO,NC,ASO,ES,Combined TRACON& Tower with Radar,43,91,61,19,214,0,0,45,2,47,43,91,106,21,261,46,26,72,333
08/24/2010,GSO,NC,ASO,ES,Combined TRACON& Tower with Radar,57,90,74,5,226,0,0,1,0,1,57,90,75,5,227,6,0,6,233
08/25/2010,GSO,NC,ASO,ES,Combined TRACON& Tower with Radar,55,92,89,22,258,0,0,11,0,11,55,92,100,22,269,37,0,37,306
08/26/2010,GSO,NC,ASO,ES,Combined TRACON& Tower with Radar,58,103,68,12,241,0,0,51,6,57,58,103,119,18,298,74,4,78,376
08/27/2010,GSO,NC,ASO,ES,Combined TRACON& Tower with Radar,48,98,60,0,206,0,0,34,2,36,48,98,94,2,242,77,0,77,319
08/28/2010,GSO,NC,ASO,ES,Combined TRACON& Tower with Radar,25,85,32,0,142,0,0,37,0,37,25,85,69,0,179,36,0,36,215
08/29/2010,GSO,NC,ASO,ES,Combined TRACON& Tower with Radar,43,83,39,0,165,0,0,54,0,54,43,83,93,0,219,73,0,73,292
08/30/2010,GSO,NC,ASO,ES,Combined TRACON& Tower with Radar,42,97,46,14,199,0,0,51,0,51,42,97,97,14,250,49,6,55,305
08/31/2010,GSO,NC,ASO,ES,Combined TRACON& Tower with Radar,53,106,56,6,221,0,0,52,2,54,53,106,108,8,275,69,0,69,344
09/01/2010,GSO,NC,ASO,ES,Combined TRACON& Tower with Radar,55,104,48,3,210,0,3,44,4,51,55,107,92,7,261,43,0,43,304
09/02/2010,GSO,NC,ASO,ES,Combined TRACON& Tower with Radar,56,105,64,4,229,0,0,31,0,31,56,105,95,4,260,56,0,56,316
09/03/2010,GSO,NC,ASO,ES,Combined TRACON& Tower with Radar,54,100,46,0,200,0,0,43,5,48,54,100,89,5,248,27,0,27,275
09/04/2010,GSO,NC,ASO,ES,Combined TRACON& Tower with Radar,32,83,20,2,137,0,0,37,0,37,32,83,57,2,174,46,0,46,220
09/05/2010,GSO,NC,ASO,ES,Combined TRACON& Tower with Radar,39,71,17,0,127,0,0,25,0,25,39,71,42,0,152,0,0,0,152
09/06/2010,GSO,NC,ASO,ES,Combined TRACON& Tower with Radar,33,96,37,0,166,0,0,50,0,50,33,96,87,0,216,14,0,14,230
09/07/2010,GSO,NC,ASO,ES,Combined TRACON& Tower with Radar,44,92,45,22,203,0,0,30,5,35,44,92,75,27,238,10,16,26,264
09/08/2010,GSO,NC,ASO,ES,Combined TRACON& Tower with Radar,52,98,52,3,205,0,0,14,2,16,52,98,66,5,221,47,0,47,268
09/09/2010,GSO,NC,ASO,ES,Combined TRACON& Tower with Radar,53,112,40,6,211,0,0,62,0,62,53,112,102,6,273,53,0,53,326
09/10/2010,GSO,NC,ASO,ES,Combined TRACON& Tower with Radar,49,105,63,10,227,0,2,56,8,66,49,107,119,18,293,0,0,0,293
09/11/2010,GSO,NC,ASO,ES,Combined TRACON& Tower with Radar,25,83,21,0,129,0,0,14,1,15,25,83,35,1,144,0,0,0,144
09/12/2010,GSO,NC,ASO,ES,Combined TRACON& Tower with Radar,48,93,41,3,185,0,0,20,3,23,48,93,61,6,208,12,0,12,220
09/13/2010,GSO,NC,ASO,ES,Combined TRACON& Tower with Radar,40,97,50,4,191,0,0,49,0,49,40,97,99,4,240,108,0,108,348
09/14/2010,GSO,NC,ASO,ES,Combined TRACON& Tower with Radar,47,107,53,2,209,0,0,57,0,57,47,107,110,2,266,12,0,12,278
09/15/2010,GSO,NC,ASO,ES,Combined TRACON& Tower with Radar,54,108,48,14,224,0,0,63,2,65,54,108,111,16,289,79,15,94,383
09/16/2010,GSO,NC,ASO,ES,Combined TRACON& Tower with Radar,53,107,66,9,235,0,0,44,4,48,53,107,110,13,283,52,0,52,335
09/17/2010,GSO,NC,ASO,ES,Combined TRACON& Tower with Radar,44,111,56,2,213,0,1,36,0,37,44,112,92,2,250,37,0,37,287
09/18/2010,GSO,NC,ASO,ES,Combined TRACON& Tower with Radar,31,80,14,0,125,0,0,39,0,39,31,80,53,0,164,0,0,0,164
09/19/2010,GSO,NC,ASO,ES,Combined TRACON& Tower with Radar,43,101,44,1,189,0,0,38,1,39,43,101,82,2,228,34,0,34,262
09/20/2010,GSO,NC,ASO,ES,Combined TRACON& Tower with Radar,36,100,58,0,194,0,0,44,2,46,36,100,102,2,240,81,0,81,321
09/21/2010,GSO,NC,ASO,ES,Combined TRACON& Tower with Radar,47,108,78,0,233,0,0,58,0,58,47,108,136,0,291,54,0,54,345
09/22/2010,GSO,NC,ASO,ES,Combined TRACON& Tower with Radar,47,104,71,0,222,0,0,36,2,38,47,104,107,2,260,0,0,0,260
09/23/2010,GSO,NC,ASO,ES,Combined TRACON& Tower with Radar,54,111,88,1,254,0,0,63,0,63,54,111,151,1,317,55,0,55,372
09/24/2010,GSO,NC,ASO,ES,Combined TRACON& Tower with Radar,46,107,59,0,212,0,0,42,2,44,46,107,101,2,256,48,0,48,304
09/25/2010,GSO,NC,ASO,ES,Combined TRACON& Tower with Radar,30,83,19,2,134,0,0,33,0,33,30,83,52,2,167,0,0,0,167
09/26/2010,GSO,NC,ASO,ES,Combined TRACON& Tower with Radar,40,93,35,0,168,0,0,2,0,2,40,93,37,0,170,12,0,12,182
09/27/2010,GSO,NC,ASO,ES,Combined TRACON& Tower with Radar,40,90,49,7,186,0,0,0,0,0,40,90,49,7,186,0,0,0,186
09/28/2010,GSO,NC,ASO,ES,Combined TRACON& Tower with Radar,48,102,73,0,223,0,2,33,0,35,48,104,106,0,258,74,0,74,332
09/29/2010,GSO,NC,ASO,ES,Combined TRACON& Tower with Radar,48,97,54,0,199,0,0,0,0,0,48,97,54,0,199,0,0,0,199
09/30/2010,GSO,NC,ASO,ES,Combined TRACON& Tower with Radar,51,96,49,0,196,0,0,3,0,3,51,96,52,0,199,35,0,35,234
10/01/2010,GSO,NC,ASO,ES,Combined TRACON& Tower with Radar,50,107,60,1,218,0,0,36,0,36,50,107,96,1,254,0,0,0,254
10/02/2010,GSO,NC,ASO,ES,Combined TRACON& Tower with Radar,24,86,22,0,132,0,0,51,0,51,24,86,73,0,183,20,0,20,203
10/03/2010,GSO,NC,ASO,ES,Combined TRACON& Tower with Radar,36,95,44,8,183,0,0,22,0,22,36,95,66,8,205,56,0,56,261
10/04/2010,GSO,NC,ASO,ES,Combined TRACON& Tower with Radar,36,99,70,1,206,0,0,27,0,27,36,99,97,1,233,86,0,86,319
10/05/2010,GSO,NC,ASO,ES,Combined TRACON& Tower with Radar,48,107,65,0,220,0,0,50,2,52,48,107,115,2,272,20,0,20,292
10/06/2010,GSO,NC,ASO,ES,Combined TRACON& Tower with Radar,46,110,58,0,214,0,0,44,0,44,46,110,102,0,258,28,0,28,286
10/07/2010,GSO,NC,ASO,ES,Combined TRACON& Tower with Radar,46,113,57,0,216,0,0,73,2,75,46,113,130,2,291,12,0,12,303
10/08/2010,GSO,NC,ASO,ES,Combined TRACON& Tower with Radar,44,106,65,4,219,0,0,67,1,68,44,106,132,5,287,23,0,23,310
10/09/2010,GSO,NC,ASO,ES,Combined TRACON& Tower with Radar,27,74,28,0,129,0,0,46,2,48,27,74,74,2,177,63,0,63,240
10/10/2010,GSO,NC,ASO,ES,Combined TRACON& Tower with Radar,36,94,20,0,150,0,0,46,0,46,36,94,66,0,196,46,0,46,242
10/11/2010,GSO,NC,ASO,ES,Combined TRACON& Tower with Radar,37,109,49,1,196,0,0,51,2,53,37,109,100,3,249,61,0,61,310
10/12/2010,GSO,NC,ASO,ES,Combined TRACON& Tower with Radar,43,111,72,5,231,0,0,44,0,44,43,111,116,5,275,52,0,52,327
10/13/2010,GSO,NC,ASO,ES,Combined TRACON& Tower with Radar,44,112,80,1,237,0,0,32,2,34,44,112,112,3,271,75,0,75,346
10/14/2010,GSO,NC,ASO,ES,Combined TRACON& Tower with Radar,44,106,87,1,238,0,0,10,0,10,44,106,97,1,248,37,0,37,285
10/15/2010,GSO,NC,ASO,ES,Combined TRACON& Tower with Radar,53,112,76,0,241,0,0,31,2,33,53,112,107,2,274,0,0,0,274
10/16/2010,GSO,NC,ASO,ES,Combined TRACON& Tower with Radar,34,83,31,0,148,0,0,68,0,68,34,83,99,0,216,25,0,25,241
10/17/2010,GSO,NC,ASO,ES,Combined TRACON& Tower with Radar,35,118,65,0,218,0,0,53,0,53,35,118,118,0,271,38,3,41,312
10/18/2010,GSO,NC,ASO,ES,Combined TRACON& Tower with Radar,51,113,80,3,247,0,0,58,4,62,51,113,138,7,309,60,0,60,369
10/19/2010,GSO,NC,ASO,ES,Combined TRACON& Tower with Radar,55,118,76,13,262,0,0,53,4,57,55,118,129,17,319,90,0,90,409
10/20/2010,GSO,NC,ASO,ES,Combined TRACON& Tower with Radar,55,107,85,2,249,0,0,3,0,3,55,107,88,2,252,11,0,11,263
10/21/2010,GSO,NC,ASO,ES,Combined TRACON& Tower with Radar,65,120,61,14,260,0,1,51,0,52,65,121,112,14,312,62,22,84,396
10/22/2010,GSO,NC,ASO,ES,Combined TRACON& Tower with Radar,45,120,50,1,216,0,0,72,2,74,45,120,122,3,290,50,0,50,340
10/23/2010,GSO,NC,ASO,ES,Combined TRACON& Tower with Radar,27,80,32,0,139,0,0,38,0,38,27,80,70,0,177,73,0,73,250
10/24/2010,GSO,NC,ASO,ES,Combined TRACON& Tower with Radar,32,102,37,1,172,0,0,31,2,33,32,102,68,3,205,60,0,60,265
10/25/2010,GSO,NC,ASO,ES,Combined TRACON& Tower with Radar,34,108,57,6,205,0,0,3,0,3,34,108,60,6,208,2,0,2,210
10/26/2010,GSO,NC,ASO,ES,Combined TRACON& Tower with Radar,39,111,48,1,199,0,0,4,0,4,39,111,52,1,203,0,0,0,203
10/27/2010,GSO,NC,ASO,ES,Combined TRACON& Tower with Radar,44,114,55,0,213,0,0,1,0,1,44,114,56,0,214,0,0,0,214
10/28/2010,GSO,NC,ASO,ES,Combined TRACON& Tower with Radar,50,118,83,6,257,0,0,27,1,28,50,118,110,7,285,41,0,41,326
10/29/2010,GSO,NC,ASO,ES,Combined TRACON& Tower with Radar,49,122,75,6,252,0,0,63,3,66,49,122,138,9,318,0,0,0,318
10/30/2010,GSO,NC,ASO,ES,Combined TRACON& Tower with Radar,35,69,17,1,122,0,0,41,2,43,35,69,58,3,165,0,0,0,165
10/31/2010,GSO,NC,ASO,ES,Combined TRACON& Tower with Radar,40,105,37,4,186,0,1,42,0,43,40,106,79,4,229,10,2,12,241
11/01/2010,GSO,NC,ASO,ES,Combined TRACON& Tower with Radar,45,103,51,0,199,2,0,42,2,46,47,103,93,2,245,88,0,88,333
11/02/2010,GSO,NC,ASO,ES,Combined TRACON& Tower with Radar,45,96,66,0,207,0,0,42,2,44,45,96,108,2,251,24,0,24,275
11/03/2010,GSO,NC,ASO,ES,Combined TRACON& Tower with Radar,43,105,68,0,216,0,0,22,0,22,43,105,90,0,238,38,0,38,276
11/04/2010,GSO,NC,ASO,ES,Combined TRACON& Tower with Radar,48,104,64,0,216,0,0,3,0,3,48,104,67,0,219,0,0,0,219
11/05/2010,GSO,NC,ASO,ES,Combined TRACON& Tower with Radar,40,113,70,1,224,0,0,36,2,38,40,113,106,3,262,0,0,0,262
11/06/2010,GSO,NC,ASO,ES,Combined TRACON& Tower with Radar,33,76,26,0,135,0,0,49,4,53,33,76,75,4,188,0,0,0,188
11/07/2010,GSO,NC,ASO,ES,Combined TRACON& Tower with Radar,35,101,46,0,182,0,0,35,0,35,35,101,81,0,217,26,0,26,243
11/08/2010,GSO,NC,ASO,ES,Combined TRACON& Tower with Radar,33,98,57,2,190,0,1,27,1,29,33,99,84,3,219,24,0,24,243
11/09/2010,GSO,NC,ASO,ES,Combined TRACON& Tower with Radar,38,117,61,3,219,0,0,46,2,48,38,117,107,5,267,45,0,45,312
11/10/2010,GSO,NC,ASO,ES,Combined TRACON& Tower with Radar,42,108,75,0,225,0,0,54,0,54,42,108,129,0,279,0,0,0,279
11/11/2010,GSO,NC,ASO,ES,Combined TRACON& Tower with Radar,43,122,51,0,216,0,0,62,0,62,43,122,113,0,278,32,0,32,310
11/12/2010,GSO,NC,ASO,ES,Combined TRACON& Tower with Radar,40,109,55,0,204,0,0,60,0,60,40,109,115,0,264,92,0,92,356
11/13/2010,GSO,NC,ASO,ES,Combined TRACON& Tower with Radar,27,76,17,0,120,0,0,41,0,41,27,76,58,0,161,58,2,60,221
11/14/2010,GSO,NC,ASO,ES,Combined TRACON& Tower with Radar,35,94,37,2,168,0,0,39,0,39,35,94,76,2,207,8,0,8,215
11/15/2010,GSO,NC,ASO,ES,Combined TRACON& Tower with Radar,35,96,58,2,191,0,0,18,0,18,35,96,76,2,209,32,0,32,241
11/16/2010,GSO,NC,ASO,ES,Combined TRACON& Tower with Radar,40,103,69,3,215,0,0,0,0,0,40,103,69,3,215,0,0,0,215
11/17/2010,GSO,NC,ASO,ES,Combined TRACON& Tower with Radar,45,110,44,2,201,0,0,24,0,24,45,110,68,2,225,60,0,60,285
11/18/2010,GSO,NC,ASO,ES,Combined TRACON& Tower with Radar,50,120,71,2,243,0,0,57,2,59,50,120,128,4,302,18,0,18,320
11/19/2010,GSO,NC,ASO,ES,Combined TRACON& Tower with Radar,39,118,42,11,210,0,2,40,2,44,39,120,82,13,254,37,0,37,291
11/20/2010,GSO,NC,ASO,ES,Combined TRACON& Tower with Radar,27,79,25,1,132,0,0,55,3,58,27,79,80,4,190,48,2,50,240
11/21/2010,GSO,NC,ASO,ES,Combined TRACON& Tower with Radar,37,95,20,1,153,0,0,33,0,33,37,95,53,1,186,20,0,20,206
11/22/2010,GSO,NC,ASO,ES,Combined TRACON& Tower with Radar,34,103,34,8,179,0,0,49,4,53,34,103,83,12,232,30,20,50,282
11/23/2010,GSO,NC,ASO,ES,Combined TRACON& Tower with Radar,40,113,75,2,230,0,0,8,0,8,40,113,83,2,238,14,0,14,252
11/24/2010,GSO,NC,ASO,ES,Combined TRACON& Tower with Radar,39,117,65,1,222,0,0,51,0,51,39,117,116,1,273,0,0,0,273
11/25/2010,GSO,NC,ASO,ES,Combined TRACON& Tower with Radar,28,56,7,0,91,0,0,0,0,0,28,56,7,0,91,0,0,0,91
11/26/2010,GSO,NC,ASO,ES,Combined TRACON& Tower with Radar,41,74,20,0,135,0,0,1,0,1,41,74,21,0,136,0,0,0,136
11/27/2010,GSO,NC,ASO,ES,Combined TRACON& Tower with Radar,21,93,22,0,136,0,0,34,0,34,21,93,56,0,170,0,0,0,170
11/28/2010,GSO,NC,ASO,ES,Combined TRACON& Tower with Radar,41,108,45,0,194,0,0,46,0,46,41,108,91,0,240,34,0,34,274
11/29/2010,GSO,NC,ASO,ES,Combined TRACON& Tower with Radar,34,115,63,1,213,0,0,15,1,16,34,115,78,2,229,31,0,31,260
11/30/2010,GSO,NC,ASO,ES,Combined TRACON& Tower with Radar,41,112,48,0,201,0,0,0,0,0,41,112,48,0,201,0,0,0,201
12/01/2010,GSO,NC,ASO,ES,Combined TRACON& Tower with Radar,41,104,57,4,206,0,0,18,0,18,41,104,75,4,224,26,14,40,264
12/02/2010,GSO,NC,ASO,ES,Combined TRACON& Tower with Radar,49,111,53,3,216,0,0,37,2,39,49,111,90,5,255,69,0,69,324
12/03/2010,GSO,NC,ASO,ES,Combined TRACON& Tower with Radar,38,108,31,7,184,0,0,55,2,57,38,108,86,9,241,0,0,0,241
12/04/2010,GSO,NC,ASO,ES,Combined TRACON& Tower with Radar,24,76,12,0,112,0,0,13,0,13,24,76,25,0,125,19,0,19,144
12/05/2010,GSO,NC,ASO,ES,Combined TRACON& Tower with Radar,44,104,21,1,170,0,0,22,0,22,44,104,43,1,192,29,0,29,221
12/06/2010,GSO,NC,ASO,ES,Combined TRACON& Tower with Radar,33,93,44,7,177,0,0,17,1,18,33,93,61,8,195,8,0,8,203
12/07/2010,GSO,NC,ASO,ES,Combined TRACON& Tower with Radar,43,98,44,0,185,0,0,13,0,13,43,98,57,0,198,0,0,0,198
12/08/2010,GSO,NC,ASO,ES,Combined TRACON& Tower with Radar,44,109,57,0,210,0,1,38,1,40,44,110,95,1,250,0,0,0,250
12/09/2010,GSO,NC,ASO,ES,Combined TRACON& Tower with Radar,49,108,49,0,206,0,0,47,2,49,49,108,96,2,255,4,0,4,259
12/10/2010,GSO,NC,ASO,ES,Combined TRACON& Tower with Radar,40,113,55,0,208,0,0,42,2,44,40,113,97,2,252,0,0,0,252
12/11/2010,GSO,NC,ASO,ES,Combined TRACON& Tower with Radar,23,80,27,1,131,0,0,28,0,28,23,80,55,1,159,23,0,23,182
12/12/2010,GSO,NC,ASO,ES,Combined TRACON& Tower with Radar,35,84,23,6,148,0,0,0,0,0,35,84,23,6,148,0,0,0,148
12/13/2010,GSO,NC,ASO,ES,Combined TRACON& Tower with Radar,34,95,48,5,182,0,0,17,0,17,34,95,65,5,199,0,0,0,199
12/14/2010,GSO,NC,ASO,ES,Combined TRACON& Tower with Radar,45,106,52,1,204,0,0,20,0,20,45,106,72,1,224,0,0,0,224
12/15/2010,GSO,NC,ASO,ES,Combined TRACON& Tower with Radar,45,112,96,8,261,0,0,68,4,72,45,112,164,12,333,30,30,60,393
12/16/2010,GSO,NC,ASO,ES,Combined TRACON& Tower with Radar,46,96,37,0,179,0,0,0,0,0,46,96,37,0,179,0,0,0,179
12/17/2010,GSO,NC,ASO,ES,Combined TRACON& Tower with Radar,38,102,55,1,196,0,0,3,0,3,38,102,58,1,199,4,0,4,203
12/18/2010,GSO,NC,ASO,ES,Combined TRACON& Tower with Radar,28,88,14,0,130,0,0,3,0,3,28,88,17,0,133,0,0,0,133
12/19/2010,GSO,NC,ASO,ES,Combined TRACON& Tower with Radar,36,97,24,0,157,0,0,56,0,56,36,97,80,0,213,60,0,60,273
12/20/2010,GSO,NC,ASO,ES,Combined TRACON& Tower with Radar,32,105,66,0,203,0,0,40,0,40,32,105,106,0,243,34,0,34,277
12/21/2010,GSO,NC,ASO,ES,Combined TRACON& Tower with Radar,43,108,47,0,198,0,0,63,0,63,43,108,110,0,261,18,0,18,279
12/22/2010,GSO,NC,ASO,ES,Combined TRACON& Tower with Radar,59,117,66,0,242,0,2,22,2,26,59,119,88,2,268,26,0,26,294
12/23/2010,GSO,NC,ASO,ES,Combined TRACON& Tower with Radar,54,111,47,0,212,0,0,39,0,39,54,111,86,0,251,22,0,22,273
12/24/2010,GSO,NC,ASO,ES,Combined TRACON& Tower with Radar,31,87,22,0,140,0,0,44,0,44,31,87,66,0,184,0,0,0,184
12/25/2010,GSO,NC,ASO,ES,Combined TRACON& Tower with Radar,12,62,7,0,81,0,0,2,0,2,12,62,9,0,83,0,0,0,83
12/26/2010,GSO,NC,ASO,ES,Combined TRACON& Tower with Radar,28,76,17,0,121,0,0,0,0,0,28,76,17,0,121,0,0,0,121
12/27/2010,GSO,NC,ASO,ES,Combined TRACON& Tower with Radar,28,61,39,0,128,0,0,8,0,8,28,61,47,0,136,4,0,4,140
12/28/2010,GSO,NC,ASO,ES,Combined TRACON& Tower with Radar,43,86,42,0,171,0,0,40,0,40,43,86,82,0,211,0,0,0,211
12/29/2010,GSO,NC,ASO,ES,Combined TRACON& Tower with Radar,38,91,47,0,176,0,0,39,2,41,38,91,86,2,217,0,0,0,217
12/30/2010,GSO,NC,ASO,ES,Combined TRACON& Tower with Radar,42,90,44,0,176,0,0,38,0,38,42,90,82,0,214,59,0,59,273
12/31/2010,GSO,NC,ASO,ES,Combined TRACON& Tower with Radar,31,81,37,0,149,0,0,52,2,54,31,81,89,2,203,0,0,0,203
01/01/2011,GSO,NC,ASO,ES,Combined TRACON& Tower with Radar,13,67,20,0,100,0,0,0,0,0,13,67,20,0,100,0,0,0,100
01/02/2011,GSO,NC,ASO,ES,Combined TRACON& Tower with Radar,32,100,37,0,169,0,0,2,0,2,32,100,39,0,171,0,0,0,171
01/03/2011,GSO,NC,ASO,ES,Combined TRACON& Tower with Radar,31,102,58,0,191,0,0,41,0,41,31,102,99,0,232,28,0,28,260
01/04/2011,GSO,NC,ASO,ES,Combined TRACON& Tower with Radar,45,101,54,1,201,0,0,34,0,34,45,101,88,1,235,0,0,0,235
01/05/2011,GSO,NC,ASO,ES,Combined TRACON& Tower with Radar,38,102,43,0,183,0,1,43,0,44,38,103,86,0,227,0,0,0,227
01/06/2011,GSO,NC,ASO,ES,Combined TRACON& Tower with Radar,45,104,65,4,218,0,0,39,0,39,45,104,104,4,257,0,0,0,257
01/07/2011,GSO,NC,ASO,ES,Combined TRACON& Tower with Radar,37,93,46,0,176,0,0,29,0,29,37,93,75,0,205,50,0,50,255
01/08/2011,GSO,NC,ASO,ES,Combined TRACON& Tower with Radar,23,71,18,0,112,0,0,11,0,11,23,71,29,0,123,20,0,20,143
01/09/2011,GSO,NC,ASO,ES,Combined TRACON& Tower with Radar,35,84,26,0,145,0,0,39,0,39,35,84,65,0,184,31,0,31,215
01/10/2011,GSO,NC,ASO,ES,Combined TRACON& Tower with Radar,18,72,17,0,107,0,1,1,0,2,18,73,18,0,109,0,0,0,109
01/11/2011,GSO,NC,ASO,ES,Combined TRACON& Tower with Radar,26,71,22,0,119,0,0,0,0,0,26,71,22,0,119,0,0,0,119
01/12/2011,GSO,NC,ASO,ES,Combined TRACON& Tower with Radar,39,86,62,0,187,0,1,8,0,9,39,87,70,0,196,14,0,14,210
01/13/2011,GSO,NC,ASO,ES,Combined TRACON& Tower with Radar,46,100,44,3,193,0,0,46,1,47,46,100,90,4,240,28,0,28,268
01/14/2011,GSO,NC,ASO,ES,Combined TRACON& Tower with Radar,39,107,56,1,203,0,0,57,1,58,39,107,113,2,261,14,0,14,275
01/15/2011,GSO,NC,ASO,ES,Combined TRACON& Tower with Radar,22,63,22,0,107,0,0,49,0,49,22,63,71,0,156,0,0,0,156
01/16/2011,GSO,NC,ASO,ES,Combined TRACON& Tower with Radar,35,82,17,0,134,0,0,61,1,62,35,82,78,1,196,17,0,17,213
01/17/2011,GSO,NC,ASO,ES,Combined TRACON& Tower with Radar,28,99,41,0,168,0,0,0,0,0,28,99,41,0,168,0,0,0,168
01/18/2011,GSO,NC,ASO,ES,Combined TRACON& Tower with Radar,44,94,54,0,192,0,0,1,0,1,44,94,55,0,193,0,0,0,193
01/19/2011,GSO,NC,ASO,ES,Combined TRACON& Tower with Radar,37,98,57,2,194,0,0,46,0,46,37,98,103,2,240,0,0,0,240
01/20/2011,GSO,NC,ASO,ES,Combined TRACON& Tower with Radar,47,98,64,0,209,0,0,49,0,49,47,98,113,0,258,0,0,0,258
01/21/2011,GSO,NC,ASO,ES,Combined TRACON& Tower with Radar,47,105,41,1,194,0,0,29,0,29,47,105,70,1,223,21,0,21,244
01/22/2011,GSO,NC,ASO,ES,Combined TRACON& Tower with Radar,25,68,20,0,113,0,0,34,0,34,25,68,54,0,147,17,0,17,164
01/23/2011,GSO,NC,ASO,ES,Combined TRACON& Tower with Radar,37,81,26,0,144,0,0,43,0,43,37,81,69,0,187,20,0,20,207
01/24/2011,GSO,NC,ASO,ES,Combined TRACON& Tower with Radar,34,98,61,0,193,0,0,24,0,24,34,98,85,0,217,0,0,0,217
01/25/2011,GSO,NC,ASO,ES,Combined TRACON& Tower with Radar,39,103,36,6,184,0,0,17,0,17,39,103,53,6,201,0,0,0,201
01/26/2011,GSO,NC,ASO,ES,Combined TRACON& Tower with Radar,41,81,38,0,160,0,0,0,0,0,41,81,38,0,160,72,0,72,232
01/27/2011,GSO,NC,ASO,ES,Combined TRACON& Tower with Radar,47,94,65,0,206,0,0,41,0,41,47,94,106,0,247,0,0,0,247
01/28/2011,GSO,NC,ASO,ES,Combined TRACON& Tower with Radar,38,103,51,0,192,0,0,45,0,45,38,103,96,0,237,0,0,0,237
01/29/2011,GSO,NC,ASO,ES,Combined TRACON& Tower with Radar,22,72,14,0,108,0,1,51,2,54,22,73,65,2,162,27,0,27,189
01/30/2011,GSO,NC,ASO,ES,Combined TRACON& Tower with Radar,35,94,29,0,158,0,0,70,2,72,35,94,99,2,230,89,0,89,319
01/31/2011,GSO,NC,ASO,ES,Combined TRACON& Tower with Radar,32,94,55,0,181,0,0,2,2,4,32,94,57,2,185,0,0,0,185
02/01/2011,GSO,NC,ASO,ES,Combined TRACON& Tower with Radar,38,76,56,0,170,0,0,1,0,1,38,76,57,0,171,0,0,0,171
02/02/2011,GSO,NC,ASO,ES,Combined TRACON& Tower with Radar,45,87,49,0,181,0,0,6,0,6,45,87,55,0,187,0,0,0,187
02/03/2011,GSO,NC,ASO,ES,Combined TRACON& Tower with Radar,43,101,58,0,202,0,0,58,0,58,43,101,116,0,260,22,0,22,282
02/04/2011,GSO,NC,ASO,ES,Combined TRACON& Tower with Radar,38,98,45,0,181,0,0,0,0,0,38,98,45,0,181,0,0,0,181
02/05/2011,GSO,NC,ASO,ES,Combined TRACON& Tower with Radar,26,67,28,0,121,0,0,2,0,2,26,67,30,0,123,0,0,0,123
02/06/2011,GSO,NC,ASO,ES,Combined TRACON& Tower with Radar,33,82,26,0,141,0,0,52,0,52,33,82,78,0,193,30,0,30,223
02/07/2011,GSO,NC,ASO,ES,Combined TRACON& Tower with Radar,31,100,56,0,187,0,0,36,0,36,31,100,92,0,223,26,0,26,249
02/08/2011,GSO,NC,ASO,ES,Combined TRACON& Tower with Radar,44,98,62,0,204,0,0,24,2,26,44,98,86,2,230,10,0,10,240
02/09/2011,GSO,NC,ASO,ES,Combined TRACON& Tower with Radar,38,104,44,6,192,0,0,45,0,45,38,104,89,6,237,24,0,24,261
02/10/2011,GSO,NC,ASO,ES,Combined TRACON& Tower with Radar,48,102,47,0,197,0,0,35,0,35,48,102,82,0,232,0,0,0,232
02/11/2011,GSO,NC,ASO,ES,Combined TRACON& Tower with Radar,41,100,53,0,194,0,3,51,0,54,41,103,104,0,248,15,0,15,263
02/12/2011,GSO,NC,ASO,ES,Combined TRACON& Tower with Radar,22,69,32,1,124,0,0,23,0,23,22,69,55,1,147,10,0,10,157
02/13/2011,GSO,NC,ASO,ES,Combined TRACON& Tower with Radar,41,83,24,0,148,0,0,19,0,19,41,83,43,0,167,12,0,12,179
02/14/2011,GSO,NC,ASO,ES,Combined TRACON& Tower with Radar,31,102,45,3,181,0,0,19,6,25,31,102,64,9,206,7,0,7,213
02/15/2011,GSO,NC,ASO,ES,Combined TRACON& Tower with Radar,49,105,46,5,205,0,0,43,0,43,49,105,89,5,248,0,0,0,248
02/16/2011,GSO,NC,ASO,ES,Combined TRACON& Tower with Radar,47,119,48,15,229,0,0,54,0,54,47,119,102,15,283,12,0,12,295
02/17/2011,GSO,NC,ASO,ES,Combined TRACON& Tower with Radar,51,116,102,20,289,0,0,23,0,23,51,116,125,20,312,11,20,31,343
02/18/2011,GSO,NC,ASO,ES,Combined TRACON& Tower with Radar,37,116,87,1,241,0,0,77,0,77,37,116,164,1,318,18,0,18,336
02/19/2011,GSO,NC,ASO,ES,Combined TRACON& Tower with Radar,20,79,19,0,118,0,0,20,0,20,20,79,39,0,138,0,0,0,138
02/20/2011,GSO,NC,ASO,ES,Combined TRACON& Tower with Radar,35,84,49,0,168,0,1,42,0,43,35,85,91,0,211,48,0,48,259
02/21/2011,GSO,NC,ASO,ES,Combined TRACON& Tower with Radar,27,97,53,0,177,0,0,36,0,36,27,97,89,0,213,13,0,13,226
02/22/2011,GSO,NC,ASO,ES,Combined TRACON& Tower with Radar,43,115,65,0,223,0,5,16,0,21,43,120,81,0,244,0,0,0,244
02/23/2011,GSO,NC,ASO,ES,Combined TRACON& Tower with Radar,38,105,64,1,208,0,2,65,1,68,38,107,129,2,276,35,0,35,311
02/24/2011,GSO,NC,ASO,ES,Combined TRACON& Tower with Radar,42,105,77,0,224,0,0,22,0,22,42,105,99,0,246,0,0,0,246
02/25/2011,GSO,NC,ASO,ES,Combined TRACON& Tower with Radar,34,108,30,1,173,0,0,6,0,6,34,108,36,1,179,3,0,3,182
02/26/2011,GSO,NC,ASO,ES,Combined TRACON& Tower with Radar,25,79,23,1,128,0,0,60,1,61,25,79,83,2,189,43,0,43,232
02/27/2011,GSO,NC,ASO,ES,Combined TRACON& Tower with Radar,34,91,33,0,158,0,0,46,2,48,34,91,79,2,206,46,0,46,252
02/28/2011,GSO,NC,ASO,ES,Combined TRACON& Tower with Radar,27,97,38,0,162,0,0,9,0,9,27,97,47,0,171,0,0,0,171
03/01/2011,GSO,NC,ASO,ES,Combined TRACON& Tower with Radar,39,106,48,0,193,0,2,54,1,57,39,108,102,1,250,0,0,0,250
03/02/2011,GSO,NC,ASO,ES,Combined TRACON& Tower with Radar,39,108,75,30,252,0,0,67,0,67,39,108,142,30,319,20,0,20,339
03/03/2011,GSO,NC,ASO,ES,Combined TRACON& Tower with Radar,43,104,78,0,225,0,2,45,0,47,43,106,123,0,272,60,12,72,344
03/04/2011,GSO,NC,ASO,ES,Combined TRACON& Tower with Radar,48,99,87,10,244,0,2,54,1,57,48,101,141,11,301,34,6,40,341
03/05/2011,GSO,NC,ASO,ES,Combined TRACON& Tower with Radar,25,77,22,0,124,0,0,26,0,26,25,77,48,0,150,22,0,22,172
03/06/2011,GSO,NC,ASO,ES,Combined TRACON& Tower with Radar,36,80,39,0,155,0,0,3,0,3,36,80,42,0,158,0,0,0,158
03/07/2011,GSO,NC,ASO,ES,Combined TRACON& Tower with Radar,32,101,58,1,192,0,0,55,1,56,32,101,113,2,248,14,0,14,262
03/08/2011,GSO,NC,ASO,ES,Combined TRACON& Tower with Radar,41,106,54,2,203,0,1,61,0,62,41,107,115,2,265,54,0,54,319
03/09/2011,GSO,NC,ASO,ES,Combined TRACON& Tower with Radar,36,104,86,3,229,0,0,3,0,3,36,104,89,3,232,0,0,0,232
03/10/2011,GSO,NC,ASO,ES,Combined TRACON& Tower with Radar,49,99,83,7,238,0,1,10,0,11,49,100,93,7,249,0,0,0,249
03/11/2011,GSO,NC,ASO,ES,Combined TRACON& Tower with Radar,43,108,91,0,242,0,2,47,2,51,43,110,138,2,293,26,0,26,319
03/12/2011,GSO,NC,ASO,ES,Combined TRACON& Tower with Radar,26,74,35,0,135,0,0,53,0,53,26,74,88,0,188,55,0,55,243
03/13/2011,GSO,NC,ASO,ES,Combined TRACON& Tower with Radar,36,93,80,0,209,0,0,72,3,75,36,93,152,3,284,55,0,55,339
03/14/2011,GSO,NC,ASO,ES,Combined TRACON& Tower with Radar,30,96,54,0,180,0,0,43,0,43,30,96,97,0,223,66,0,66,289
03/15/2011,GSO,NC,ASO,ES,Combined TRACON& Tower with Radar,38,100,84,0,222,0,0,3,0,3,38,100,87,0,225,36,0,36,261
03/16/2011,GSO,NC,ASO,ES,Combined TRACON& Tower with Radar,43,105,64,1,213,0,0,21,1,22,43,105,85,2,235,0,0,0,235
03/17/2011,GSO,NC,ASO,ES,Combined TRACON& Tower with Radar,46,105,77,1,229,0,2,73,0,75,46,107,150,1,304,16,0,16,320
03/18/2011,GSO,NC,ASO,ES,Combined TRACON& Tower with Radar,45,105,42,0,192,0,0,55,0,55,45,105,97,0,247,21,0,21,268
03/19/2011,GSO,NC,ASO,ES,Combined TRACON& Tower with Radar,24,75,33,0,132,0,0,64,0,64,24,75,97,0,196,55,0,55,251
03/20/2011,GSO,NC,ASO,ES,Combined TRACON& Tower with Radar,40,89,35,0,164,0,0,31,0,31,40,89,66,0,195,62,0,62,257
03/21/2011,GSO,NC,ASO,ES,Combined TRACON& Tower with Radar,33,96,42,0,171,0,2,15,2,19,33,98,57,2,190,0,0,0,190
03/22/2011,GSO,NC,ASO,ES,Combined TRACON& Tower with Radar,41,102,56,0,199,0,0,81,1,82,41,102,137,1,281,41,0,41,322
03/23/2011,GSO,NC,ASO,ES,Combined TRACON& Tower with Radar,36,101,44,2,183,0,0,35,0,35,36,101,79,2,218,1,3,4,222
03/24/2011,GSO,NC,ASO,ES,Combined TRACON& Tower with Radar,54,119,63,0,236,0,0,33,0,33,54,119,96,0,269,0,0,0,269
03/25/2011,GSO,NC,ASO,ES,Combined TRACON& Tower with Radar,44,103,51,4,202,0,0,64,0,64,44,103,115,4,266,20,0,20,286
03/26/2011,GSO,NC,ASO,ES,Combined TRACON& Tower with Radar,19,79,38,0,136,0,0,23,0,23,19,79,61,0,159,31,0,31,190
03/27/2011,GSO,NC,ASO,ES,Combined TRACON& Tower with Radar,47,82,42,0,171,0,0,1,0,1,47,82,43,0,172,0,0,0,172
03/28/2011,GSO,NC,ASO,ES,Combined TRACON& Tower with Radar,30,88,41,6,165,0,0,1,0,1,30,88,42,6,166,6,0,6,172
03/29/2011,GSO,NC,ASO,ES,Combined TRACON& Tower with Radar,47,103,36,0,186,0,0,60,2,62,47,103,96,2,248,0,0,0,248
03/30/2011,GSO,NC,ASO,ES,Combined TRACON& Tower with Radar,43,100,71,0,214,0,0,0,0,0,43,100,71,0,214,0,0,0,214
03/31/2011,GSO,NC,ASO,ES,Combined TRACON& Tower with Radar,50,92,86,0,228,0,0,0,0,0,50,92,86,0,228,0,0,0,228
04/01/2011,GSO,NC,ASO,ES,Combined TRACON& Tower with Radar,50,105,89,3,247,0,3,31,0,34,50,108,120,3,281,14,2,16,297
04/02/2011,GSO,NC,ASO,ES,Combined TRACON& Tower with Radar,25,75,48,0,148,0,0,16,2,18,25,75,64,2,166,19,0,19,185
04/03/2011,GSO,NC,ASO,ES,Combined TRACON& Tower with Radar,39,95,70,1,205,0,0,74,1,75,39,95,144,2,280,74,0,74,354
04/04/2011,GSO,NC,ASO,ES,Combined TRACON& Tower with Radar,36,98,64,1,199,0,0,24,0,24,36,98,88,1,223,0,0,0,223
04/05/2011,GSO,NC,ASO,ES,Combined TRACON& Tower with Radar,50,100,71,2,223,0,0,11,0,11,50,100,82,2,234,0,0,0,234
04/06/2011,GSO,NC,ASO,ES,Combined TRACON& Tower with Radar,47,101,77,4,229,0,0,66,0,66,47,101,143,4,295,83,0,83,378
04/07/2011,GSO,NC,ASO,ES,Combined TRACON& Tower with Radar,58,105,102,0,265,0,0,95,0,95,58,105,197,0,360,82,0,82,442
04/08/2011,GSO,NC,ASO,ES,Combined TRACON& Tower with Radar,42,104,46,0,192,0,8,51,0,59,42,112,97,0,251,47,0,47,298
04/09/2011,GSO,NC,ASO,ES,Combined TRACON& Tower with Radar,26,79,49,0,154,0,0,0,0,0,26,79,49,0,154,0,0,0,154
04/10/2011,GSO,NC,ASO,ES,Combined TRACON& Tower with Radar,41,92,88,1,222,0,0,32,0,32,41,92,120,1,254,12,0,12,266
04/11/2011,GSO,NC,ASO,ES,Combined TRACON& Tower with Radar,36,92,58,11,197,0,2,9,2,13,36,94,67,13,210,22,20,42,252
04/12/2011,GSO,NC,ASO,ES,Combined TRACON& Tower with Radar,45,93,36,0,174,0,2,3,0,5,45,95,39,0,179,0,0,0,179
04/13/2011,GSO,NC,ASO,ES,Combined TRACON& Tower with Radar,43,107,70,4,224,0,0,65,0,65,43,107,135,4,289,0,0,0,289
04/14/2011,GSO,NC,ASO,ES,Combined TRACON& Tower with Radar,56,100,57,2,215,0,1,78,0,79,56,101,135,2,294,106,0,106,400
04/15/2011,GSO,NC,ASO,ES,Combined TRACON& Tower with Radar,42,99,59,0,200,0,0,54,0,54,42,99,113,0,254,15,0,15,269
04/16/2011,GSO,NC,ASO,ES,Combined TRACON& Tower with Radar,36,87,11,0,134,0,0,2,0,2,36,87,13,0,136,0,0,0,136
04/17/2011,GSO,NC,ASO,ES,Combined TRACON& Tower with Radar,41,83,36,0,160,0,0,53,0,53,41,83,89,0,213,46,0,46,259
04/18/2011,GSO,NC,ASO,ES,Combined TRACON& Tower with Radar,35,95,51,0,181,0,0,41,0,41,35,95,92,0,222,0,0,0,222
04/19/2011,GSO,NC,ASO,ES,Combined TRACON& Tower with Radar,44,94,49,1,188,0,0,72,2,74,44,94,121,3,262,55,0,55,317
04/20/2011,GSO,NC,ASO,ES,Combined TRACON& Tower with Radar,52,111,84,7,254,0,0,29,0,29,52,111,113,7,283,10,0,10,293
04/21/2011,GSO,NC,ASO,ES,Combined TRACON& Tower with Radar,53,99,70,0,222,0,0,52,0,52,53,99,122,0,274,39,0,39,313
04/22/2011,GSO,NC,ASO,ES,Combined TRACON& Tower with Radar,42,95,43,0,180,0,0,11,0,11,42,95,54,0,191,0,0,0,191
04/23/2011,GSO,NC,ASO,ES,Combined TRACON& Tower with Radar,27,71,40,0,138,0,0,18,0,18,27,71,58,0,156,46,0,46,202
04/24/2011,GSO,NC,ASO,ES,Combined TRACON& Tower with Radar,41,81,35,0,157,0,0,35,0,35,41,81,70,0,192,48,0,48,240
04/25/2011,GSO,NC,ASO,ES,Combined TRACON& Tower with Radar,34,106,95,2,237,0,0,24,0,24,34,106,119,2,261,10,0,10,271
04/26/2011,GSO,NC,ASO,ES,Combined TRACON& Tower with Radar,50,108,80,2,240,0,0,20,0,20,50,108,100,2,260,34,0,34,294
04/27/2011,GSO,NC,ASO,ES,Combined TRACON& Tower with Radar,48,113,56,2,219,0,0,4,0,4,48,113,60,2,223,0,0,0,223
04/28/2011,GSO,NC,ASO,ES,Combined TRACON& Tower with Radar,58,90,56,1,205,0,0,8,0,8,58,90,64,1,213,0,0,0,213
04/29/2011,GSO,NC,ASO,ES,Combined TRACON& Tower with Radar,44,101,86,0,231,0,0,57,2,59,44,101,143,2,290,47,0,47,337
04/30/2011,GSO,NC,ASO,ES,Combined TRACON& Tower with Radar,22,73,20,0,115,0,0,68,0,68,22,73,88,0,183,50,0,50,233
05/01/2011,GSO,NC,ASO,ES,Combined TRACON& Tower with Radar,40,81,55,0,176,0,0,32,0,32,40,81,87,0,208,0,0,0,208
05/02/2011,GSO,NC,ASO,ES,Combined TRACON& Tower with Radar,40,84,59,0,183,0,2,48,0,50,40,86,107,0,233,40,0,40,273
05/03/2011,GSO,NC,ASO,ES,Combined TRACON& Tower with Radar,42,90,87,0,219,0,5,20,0,25,42,95,107,0,244,20,0,20,264
05/04/2011,GSO,NC,ASO,ES,Combined TRACON& Tower with Radar,48,98,65,5,216,0,0,29,1,30,48,98,94,6,246,0,0,0,246
05/05/2011,GSO,NC,ASO,ES,Combined TRACON& Tower with Radar,48,102,80,2,232,0,0,35,0,35,48,102,115,2,267,19,0,19,286
05/06/2011,GSO,NC,ASO,ES,Combined TRACON& Tower with Radar,42,99,61,9,211,0,0,41,1,42,42,99,102,10,253,0,0,0,253
05/07/2011,GSO,NC,ASO,ES,Combined TRACON& Tower with Radar,31,83,16,0,130,0,0,54,0,54,31,83,70,0,184,13,0,13,197
05/08/2011,GSO,NC,ASO,ES,Combined TRACON& Tower with Radar,38,82,37,0,157,0,1,14,0,15,38,83,51,0,172,6,0,6,178
05/09/2011,GSO,NC,ASO,ES,Combined TRACON& Tower with Radar,39,95,53,0,187,0,0,42,1,43,39,95,95,1,230,32,0,32,262
05/10/2011,GSO,NC,ASO,ES,Combined TRACON& Tower with Radar,45,95,59,0,199,0,0,31,0,31,45,95,90,0,230,20,0,20,250
05/11/2011,GSO,NC,ASO,ES,Combined TRACON& Tower with Radar,48,92,78,1,219,0,0,18,0,18,48,92,96,1,237,138,2,140,377
05/12/2011,GSO,NC,ASO,ES,Combined TRACON& Tower with Radar,52,99,94,0,245,0,0,1,0,1,52,99,95,0,246,0,0,0,246
05/13/2011,GSO,NC,ASO,ES,Combined TRACON& Tower with Radar,47,99,46,9,201,0,0,1,0,1,47,99,47,9,202,0,0,0,202
05/14/2011,GSO,NC,ASO,ES,Combined TRACON& Tower with Radar,21,77,22,13,133,0,0,0,0,0,21,77,22,13,133,10,0,10,143
05/15/2011,GSO,NC,ASO,ES,Combined TRACON& Tower with Radar,42,78,44,5,169,0,0,15,0,15,42,78,59,5,184,22,0,22,206
05/16/2011,GSO,NC,ASO,ES,Combined TRACON& Tower with Radar,31,92,54,0,177,0,0,31,0,31,31,92,85,0,208,0,0,0,208
05/17/2011,GSO,NC,ASO,ES,Combined TRACON& Tower with Radar,46,89,44,4,183,0,0,0,0,0,46,89,44,4,183,0,0,0,183
05/18/2011,GSO,NC,ASO,ES,Combined TRACON& Tower with Radar,53,100,77,5,235,0,1,24,1,26,53,101,101,6,261,59,0,59,320
05/19/2011,GSO,NC,ASO,ES,Combined TRACON& Tower with Radar,55,89,62,0,206,0,0,58,0,58,55,89,120,0,264,41,0,41,305
05/20/2011,GSO,NC,ASO,ES,Combined TRACON& Tower with Radar,41,94,39,5,179,0,0,41,1,42,41,94,80,6,221,17,0,17,238
05/21/2011,GSO,NC,ASO,ES,Combined TRACON& Tower with Radar,19,75,24,0,118,0,0,66,0,66,19,75,90,0,184,21,0,21,205
05/22/2011,GSO,NC,ASO,ES,Combined TRACON& Tower with Radar,42,79,28,0,149,0,0,40,1,41,42,79,68,1,190,28,0,28,218
05/23/2011,GSO,NC,ASO,ES,Combined TRACON& Tower with Radar,33,95,66,2,196,0,0,17,5,22,33,95,83,7,218,14,0,14,232
05/24/2011,GSO,NC,ASO,ES,Combined TRACON& Tower with Radar,46,112,58,0,216,0,0,40,0,40,46,112,98,0,256,0,0,0,256
05/25/2011,GSO,NC,ASO,ES,Combined TRACON& Tower with Radar,43,93,61,0,197,0,2,53,0,55,43,95,114,0,252,0,0,0,252
05/26/2011,GSO,NC,ASO,ES,Combined TRACON& Tower with Radar,51,101,91,1,244,0,0,42,0,42,51,101,133,1,286,6,0,6,292
05/27/2011,GSO,NC,ASO,ES,Combined TRACON& Tower with Radar,50,101,63,0,214,0,0,26,0,26,50,101,89,0,240,36,0,36,276
05/28/2011,GSO,NC,ASO,ES,Combined TRACON& Tower with Radar,22,82,34,0,138,0,0,15,0,15,22,82,49,0,153,24,0,24,177
05/29/2011,GSO,NC,ASO,ES,Combined TRACON& Tower with Radar,33,63,25,2,123,0,1,20,0,21,33,64,45,2,144,26,0,26,170
05/30/2011,GSO,NC,ASO,ES,Combined TRACON& Tower with Radar,25,89,25,0,139,0,0,55,0,55,25,89,80,0,194,27,0,27,221
05/31/2011,GSO,NC,ASO,ES,Combined TRACON& Tower with Radar,38,96,52,0,186,0,0,41,0,41,38,96,93,0,227,22,0,22,249
06/01/2011,GSO,NC,ASO,ES,Combined TRACON& Tower with Radar,51,92,77,8,228,0,0,61,0,61,51,92,138,8,289,35,4,39,328
06/02/2011,GSO,NC,ASO,ES,Combined TRACON& Tower with Radar,49,90,66,0,205,0,0,55,4,59,49,90,121,4,264,14,0,14,278
06/03/2011,GSO,NC,ASO,ES,Combined TRACON& Tower with Radar,42,94,45,1,182,0,2,38,1,41,42,96,83,2,223,31,0,31,254
06/04/2011,GSO,NC,ASO,ES,Combined TRACON& Tower with Radar,20,75,18,0,113,0,0,38,0,38,20,75,56,0,151,27,0,27,178
06/05/2011,GSO,NC,ASO,ES,Combined TRACON& Tower with Radar,57,80,30,1,168,0,0,34,2,36,57,80,64,3,204,20,0,20,224
06/06/2011,GSO,NC,ASO,ES,Combined TRACON& Tower with Radar,40,97,51,4,192,0,0,50,0,50,40,97,101,4,242,33,0,33,275
06/07/2011,GSO,NC,ASO,ES,Combined TRACON& Tower with Radar,45,91,58,0,194,0,0,69,0,69,45,91,127,0,263,0,0,0,263
06/08/2011,GSO,NC,ASO,ES,Combined TRACON& Tower with Radar,45,102,64,8,219,0,0,66,0,66,45,102,130,8,285,51,0,51,336
06/09/2011,GSO,NC,ASO,ES,Combined TRACON& Tower with Radar,55,107,69,0,231,0,2,25,0,27,55,109,94,0,258,42,0,42,300
06/10/2011,GSO,NC,ASO,ES,Combined TRACON& Tower with Radar,43,102,45,0,190,0,0,42,0,42,43,102,87,0,232,0,0,0,232
06/11/2011,GSO,NC,ASO,ES,Combined TRACON& Tower with Radar,27,80,42,0,149,0,0,34,3,37,27,80,76,3,186,13,0,13,199
06/12/2011,GSO,NC,ASO,ES,Combined TRACON& Tower with Radar,46,91,37,0,174,0,0,39,0,39,46,91,76,0,213,28,0,28,241
06/13/2011,GSO,NC,ASO,ES,Combined TRACON& Tower with Radar,43,107,46,0,196,0,0,39,0,39,43,107,85,0,235,57,0,57,292
06/14/2011,GSO,NC,ASO,ES,Combined TRACON& Tower with Radar,48,107,49,1,205,0,0,39,0,39,48,107,88,1,244,38,0,38,282
06/15/2011,GSO,NC,ASO,ES,Combined TRACON& Tower with Radar,49,106,68,2,225,0,0,44,0,44,49,106,112,2,269,40,0,40,309
06/16/2011,GSO,NC,ASO,ES,Combined TRACON& Tower with Radar,59,104,75,0,238,0,0,35,0,35,59,104,110,0,273,114,0,114,387
06/17/2011,GSO,NC,ASO,ES,Combined TRACON& Tower with Radar,39,108,56,0,203,0,16,54,0,70,39,124,110,0,273,49,0,49,322
06/18/2011,GSO,NC,ASO,ES,Combined TRACON& Tower with Radar,16,77,21,0,114,0,0,39,0,39,16,77,60,0,153,37,0,37,190
06/19/2011,GSO,NC,ASO,ES,Combined TRACON& Tower with Radar,41,88,40,0,169,0,8,32,0,40,41,96,72,0,209,44,0,44,253
06/20/2011,GSO,NC,ASO,ES,Combined TRACON& Tower with Radar,36,99,40,4,179,0,0,24,0,24,36,99,64,4,203,52,20,72,275
06/21/2011,GSO,NC,ASO,ES,Combined TRACON& Tower with Radar,50,97,42,0,189,0,0,29,1,30,50,97,71,1,219,52,0,52,271
06/22/2011,GSO,NC,ASO,ES,Combined TRACON& Tower with Radar,47,103,60,2,212,0,0,25,0,25,47,103,85,2,237,40,0,40,277
06/23/2011,GSO,NC,ASO,ES,Combined TRACON& Tower with Radar,46,107,68,2,223,0,0,43,3,46,46,107,111,5,269,26,0,26,295
06/24/2011,GSO,NC,ASO,ES,Combined TRACON& Tower with Radar,44,107,58,2,211,0,0,35,0,35,44,107,93,2,246,0,0,0,246
06/25/2011,GSO,NC,ASO,ES,Combined TRACON& Tower with Radar,18,78,13,0,109,0,2,53,0,55,18,80,66,0,164,24,0,24,188
06/26/2011,GSO,NC,ASO,ES,Combined TRACON& Tower with Radar,45,83,23,0,151,0,0,41,0,41,45,83,64,0,192,42,0,42,234
06/27/2011,GSO,NC,ASO,ES,Combined TRACON& Tower with Radar,36,96,56,0,188,0,0,34,0,34,36,96,90,0,222,0,0,0,222
06/28/2011,GSO,NC,ASO,ES,Combined TRACON& Tower with Radar,44,99,63,2,208,0,0,30,0,30,44,99,93,2,238,0,0,0,238
06/29/2011,GSO,NC,ASO,ES,Combined TRACON& Tower with Radar,49,110,78,9,246,0,1,39,0,40,49,111,117,9,286,33,12,45,331
06/30/2011,GSO,NC,ASO,ES,Combined TRACON& Tower with Radar,50,117,57,6,230,0,0,62,1,63,50,117,119,7,293,66,0,66,359
07/01/2011,GSO,NC,ASO,ES,Combined TRACON& Tower with Radar,39,106,63,0,208,0,2,62,0,64,39,108,125,0,272,31,0,31,303
07/02/2011,GSO,NC,ASO,ES,Combined TRACON& Tower with Radar,16,77,18,0,111,0,0,44,0,44,16,77,62,0,155,22,0,22,177
07/03/2011,GSO,NC,ASO,ES,Combined TRACON& Tower with Radar,35,59,18,0,112,0,0,27,1,28,35,59,45,1,140,12,2,14,154
07/04/2011,GSO,NC,ASO,ES,Combined TRACON& Tower with Radar,22,72,19,0,113,0,0,18,0,18,22,72,37,0,131,6,0,6,137
07/05/2011,GSO,NC,ASO,ES,Combined TRACON& Tower with Radar,29,90,65,0,184,0,0,20,0,20,29,90,85,0,204,0,0,0,204
07/06/2011,GSO,NC,ASO,ES,Combined TRACON& Tower with Radar,43,102,71,12,228,0,0,10,0,10,43,102,81,12,238,0,0,0,238
07/07/2011,GSO,NC,ASO,ES,Combined TRACON& Tower with Radar,47,104,69,0,220,0,4,21,0,25,47,108,90,0,245,64,0,64,309
07/08/2011,GSO,NC,ASO,ES,Combined TRACON& Tower with Radar,47,91,47,14,199,0,4,10,0,14,47,95,57,14,213,66,26,92,305
07/09/2011,GSO,NC,ASO,ES,Combined TRACON& Tower with Radar,18,93,29,0,140,0,0,29,0,29,18,93,58,0,169,41,0,41,210
07/10/2011,GSO,NC,ASO,ES,Combined TRACON& Tower with Radar,38,87,36,0,161,0,0,38,0,38,38,87,74,0,199,0,0,0,199
07/11/2011,GSO,NC,ASO,ES,Combined TRACON& Tower with Radar,28,93,57,8,186,0,4,29,0,33,28,97,86,8,219,116,0,116,335
07/12/2011,GSO,NC,ASO,ES,Combined TRACON& Tower with Radar,44,102,52,2,200,0,0,35,0,35,44,102,87,2,235,85,0,85,320
07/13/2011,GSO,NC,ASO,ES,Combined TRACON& Tower with Radar,40,102,51,0,193,0,0,25,0,25,40,102,76,0,218,6,0,6,224
07/14/2011,GSO,NC,ASO,ES,Combined TRACON& Tower with Radar,49,99,59,0,207,0,0,42,1,43,49,99,101,1,250,56,0,56,306
07/15/2011,GSO,NC,ASO,ES,Combined TRACON& Tower with Radar,42,98,48,0,188,0,4,46,0,50,42,102,94,0,238,0,0,0,238
07/16/2011,GSO,NC,ASO,ES,Combined TRACON& Tower with Radar,17,79,31,2,129,0,0,30,0,30,17,79,61,2,159,0,0,0,159
07/17/2011,GSO,NC,ASO,ES,Combined TRACON& Tower with Radar,37,85,34,0,156,0,0,40,0,40,37,85,74,0,196,27,0,27,223
07/18/2011,GSO,NC,ASO,ES,Combined TRACON& Tower with Radar,32,93,33,1,159,0,0,53,2,55,32,93,86,3,214,38,0,38,252
07/19/2011,GSO,NC,ASO,ES,Combined TRACON& Tower with Radar,38,108,59,0,205,0,0,27,2,29,38,108,86,2,234,35,0,35,269
07/20/2011,GSO,NC,ASO,ES,Combined TRACON& Tower with Radar,42,92,52,7,193,0,0,44,0,44,42,92,96,7,237,41,5,46,283
07/21/2011,GSO,NC,ASO,ES,Combined TRACON& Tower with Radar,44,109,47,11,211,0,2,33,0,35,44,111,80,11,246,0,0,0,246
07/22/2011,GSO,NC,ASO,ES,Combined TRACON& Tower with Radar,38,111,53,2,204,2,9,55,2,68,40,120,108,4,272,0,0,0,272
07/23/2011,GSO,NC,ASO,ES,Combined TRACON& Tower with Radar,16,81,23,0,120,0,0,40,0,40,16,81,63,0,160,42,0,42,202
07/24/2011,GSO,NC,ASO,ES,Combined TRACON& Tower with Radar,39,86,41,1,167,0,0,25,2,27,39,86,66,3,194,14,0,14,208
07/25/2011,GSO,NC,ASO,ES,Combined TRACON& Tower with Radar,33,89,51,1,174,0,0,19,0,19,33,89,70,1,193,52,0,52,245
07/26/2011,GSO,NC,ASO,ES,Combined TRACON& Tower with Radar,45,109,77,0,231,0,0,48,0,48,45,109,125,0,279,48,0,48,327
07/27/2011,GSO,NC,ASO,ES,Combined TRACON& Tower with Radar,43,102,76,12,233,0,0,44,6,50,43,102,120,18,283,47,22,69,352
07/28/2011,GSO,NC,ASO,ES,Combined TRACON& Tower with Radar,45,106,69,0,220,0,0,46,0,46,45,106,115,0,266,50,0,50,316
07/29/2011,GSO,NC,ASO,ES,Combined TRACON& Tower with Radar,35,98,47,2,182,0,0,51,0,51,35,98,98,2,233,0,0,0,233
07/30/2011,GSO,NC,ASO,ES,Combined TRACON& Tower with Radar,20,86,14,0,120,0,0,30,0,30,20,86,44,0,150,10,0,10,160
07/31/2011,GSO,NC,ASO,ES,Combined TRACON& Tower with Radar,43,85,22,4,154,0,0,18,0,18,43,85,40,4,172,24,0,24,196
08/01/2011,GSO,NC,ASO,ES,Combined TRACON& Tower with Radar,32,89,49,0,170,0,0,33,0,33,32,89,82,0,203,30,0,30,233
08/02/2011,GSO,NC,ASO,ES,Combined TRACON& Tower with Radar,45,110,52,0,207,0,2,59,0,61,45,112,111,0,268,42,0,42,310
08/03/2011,GSO,NC,ASO,ES,Combined TRACON& Tower with Radar,44,107,62,4,217,0,0,40,4,44,44,107,102,8,261,84,0,84,345
08/04/2011,GSO,NC,ASO,ES,Combined TRACON& Tower with Radar,49,105,52,0,206,0,1,66,0,67,49,106,118,0,273,58,0,58,331
08/05/2011,GSO,NC,ASO,ES,Combined TRACON& Tower with Radar,46,111,53,2,212,0,0,7,0,7,46,111,60,2,219,10,0,10,229
08/06/2011,GSO,NC,ASO,ES,Combined TRACON& Tower with Radar,13,83,34,0,130,0,0,3,0,3,13,83,37,0,133,2,0,2,135
08/07/2011,GSO,NC,ASO,ES,Combined TRACON& Tower with Radar,38,88,20,6,152,0,0,36,0,36,38,88,56,6,188,31,0,31,219
08/08/2011,GSO,NC,ASO,ES,Combined TRACON& Tower with Radar,33,101,44,1,179,0,0,36,0,36,33,101,80,1,215,78,0,78,293
08/09/2011,GSO,NC,ASO,ES,Combined TRACON& Tower with Radar,37,94,42,0,173,0,0,47,0,47,37,94,89,0,220,52,0,52,272
08/10/2011,GSO,NC,ASO,ES,Combined TRACON& Tower with Radar,46,107,41,5,199,0,0,66,3,69,46,107,107,8,268,101,0,101,369
08/11/2011,GSO,NC,ASO,ES,Combined TRACON& Tower with Radar,56,115,46,1,218,0,6,62,0,68,56,121,108,1,286,31,0,31,317
08/12/2011,GSO,NC,ASO,ES,Combined TRACON& Tower with Radar,41,107,46,0,194,0,2,57,0,59,41,109,103,0,253,42,0,42,295
08/13/2011,GSO,NC,ASO,ES,Combined TRACON& Tower with Radar,15,80,23,0,118,0,0,3,0,3,15,80,26,0,121,36,0,36,157
08/14/2011,GSO,NC,ASO,ES,Combined TRACON& Tower with Radar,43,80,19,0,142,0,0,23,0,23,43,80,42,0,165,28,0,28,193
08/15/2011,GSO,NC,ASO,ES,Combined TRACON& Tower with Radar,37,98,46,0,181,0,1,37,0,38,37,99,83,0,219,41,0,41,260
08/16/2011,GSO,NC,ASO,ES,Combined TRACON& Tower with Radar,40,97,56,8,201,0,2,57,0,59,40,99,113,8,260,17,0,17,277
08/17/2011,GSO,NC,ASO,ES,Combined TRACON& Tower with Radar,43,102,60,0,205,0,2,67,0,69,43,104,127,0,274,8,0,8,282
08/18/2011,GSO,NC,ASO,ES,Combined TRACON& Tower with Radar,52,100,63,1,216,0,2,45,0,47,52,102,108,1,263,22,8,30,293
08/19/2011,GSO,NC,ASO,ES,Combined TRACON& Tower with Radar,44,100,50,0,194,0,8,39,0,47,44,108,89,0,241,56,0,56,297
08/20/2011,GSO,NC,ASO,ES,Combined TRACON& Tower with Radar,23,65,31,0,119,0,0,23,0,23,23,65,54,0,142,53,0,53,195
08/21/2011,GSO,NC,ASO,ES,Combined TRACON& Tower with Radar,42,97,53,0,192,0,0,34,0,34,42,97,87,0,226,48,0,48,274
08/22/2011,GSO,NC,ASO,ES,Combined TRACON& Tower with Radar,33,93,47,0,173,0,6,40,0,46,33,99,87,0,219,28,0,28,247
08/23/2011,GSO,NC,ASO,ES,Combined TRACON& Tower with Radar,43,93,43,5,184,0,0,71,0,71,43,93,114,5,255,83,0,83,338
08/24/2011,GSO,NC,ASO,ES,Combined TRACON& Tower with Radar,44,102,74,2,222,0,0,53,0,53,44,102,127,2,275,60,0,60,335
08/25/2011,GSO,NC,ASO,ES,Combined TRACON& Tower with Radar,47,99,49,11,206,0,1,46,0,47,47,100,95,11,253,33,4,37,290
08/26/2011,GSO,NC,ASO,ES,Combined TRACON& Tower with Radar,46,106,73,4,229,0,0,12,3,15,46,106,85,7,244,22,0,22,266
08/27/2011,GSO,NC,ASO,ES,Combined TRACON& Tower with Radar,23,59,12,0,94,0,0,1,0,1,23,59,13,0,95,0,0,0,95
08/28/2011,GSO,NC,ASO,ES,Combined TRACON& Tower with Radar,38,48,21,6,113,0,2,33,4,39,38,50,54,10,152,0,0,0,152
08/29/2011,GSO,NC,ASO,ES,Combined TRACON& Tower with Radar,37,109,61,0,207,0,2,42,2,46,37,111,103,2,253,17,0,17,270
08/30/2011,GSO,NC,ASO,ES,Combined TRACON& Tower with Radar,46,99,57,5,207,0,4,67,1,72,46,103,124,6,279,24,0,24,303
08/31/2011,GSO,NC,ASO,ES,Combined TRACON& Tower with Radar,51,95,48,0,194,0,0,59,0,59,51,95,107,0,253,0,0,0,253
09/01/2011,GSO,NC,ASO,ES,Combined TRACON& Tower with Radar,50,103,43,5,201,0,12,62,4,78,50,115,105,9,279,72,0,72,351
09/02/2011,GSO,NC,ASO,ES,Combined TRACON& Tower with Radar,48,106,69,0,223,0,2,37,0,39,48,108,106,0,262,16,0,16,278
09/03/2011,GSO,NC,ASO,ES,Combined TRACON& Tower with Radar,27,63,28,0,118,0,0,30,0,30,27,63,58,0,148,41,0,41,189
09/04/2011,GSO,NC,ASO,ES,Combined TRACON& Tower with Radar,31,48,21,1,101,0,0,22,0,22,31,48,43,1,123,34,0,34,157
09/05/2011,GSO,NC,ASO,ES,Combined TRACON& Tower with Radar,32,76,32,0,140,0,0,5,0,5,32,76,37,0,145,0,0,0,145
09/06/2011,GSO,NC,ASO,ES,Combined TRACON& Tower with Radar,36,97,60,3,196,0,0,0,0,0,36,97,60,3,196,0,0,0,196
09/07/2011,GSO,NC,ASO,ES,Combined TRACON& Tower with Radar,58,87,55,3,203,0,2,21,0,23,58,89,76,3,226,18,0,18,244
09/08/2011,GSO,NC,ASO,ES,Combined TRACON& Tower with Radar,56,86,74,3,219,0,2,37,3,42,56,88,111,6,261,38,0,38,299
09/09/2011,GSO,NC,ASO,ES,Combined TRACON& Tower with Radar,53,115,60,6,234,0,7,52,2,61,53,122,112,8,295,12,0,12,307
09/10/2011,GSO,NC,ASO,ES,Combined TRACON& Tower with Radar,20,74,36,0,130,0,0,38,1,39,20,74,74,1,169,6,0,6,175
09/11/2011,GSO,NC,ASO,ES,Combined TRACON& Tower with Radar,38,81,33,2,154,0,1,33,0,34,38,82,66,2,188,14,0,14,202
09/12/2011,GSO,NC,ASO,ES,Combined TRACON& Tower with Radar,38,93,51,6,188,0,0,62,0,62,38,93,113,6,250,24,0,24,274
09/13/2011,GSO,NC,ASO,ES,Combined TRACON& Tower with Radar,47,97,65,0,209,0,0,62,0,62,47,97,127,0,271,6,0,6,277
09/14/2011,GSO,NC,ASO,ES,Combined TRACON& Tower with Radar,47,103,56,1,207,0,0,62,2,64,47,103,118,3,271,42,0,42,313
09/15/2011,GSO,NC,ASO,ES,Combined TRACON& Tower with Radar,54,104,60,0,218,0,0,23,2,25,54,104,83,2,243,42,0,42,285
09/16/2011,GSO,NC,ASO,ES,Combined TRACON& Tower with Radar,50,101,72,11,234,0,0,26,0,26,50,101,98,11,260,22,0,22,282
09/17/2011,GSO,NC,ASO,ES,Combined TRACON& Tower with Radar,28,76,43,0,147,0,0,2,0,2,28,76,45,0,149,0,0,0,149
09/18/2011,GSO,NC,ASO,ES,Combined TRACON& Tower with Radar,45,75,42,0,162,0,0,24,0,24,45,75,66,0,186,66,0,66,252
09/19/2011,GSO,NC,ASO,ES,Combined TRACON& Tower with Radar,40,93,76,0,209,0,0,13,0,13,40,93,89,0,222,44,0,44,266
09/20/2011,GSO,NC,ASO,ES,Combined TRACON& Tower with Radar,48,111,61,5,225,0,3,41,3,47,48,114,102,8,272,0,0,0,272
09/21/2011,GSO,NC,ASO,ES,Combined TRACON& Tower with Radar,47,100,51,3,201,0,0,0,0,0,47,100,51,3,201,0,0,0,201
09/22/2011,GSO,NC,ASO,ES,Combined TRACON& Tower with Radar,52,103,62,1,218,0,0,4,0,4,52,103,66,1,222,45,0,45,267
09/23/2011,GSO,NC,ASO,ES,Combined TRACON& Tower with Radar,53,101,43,3,200,0,0,7,0,7,53,101,50,3,207,5,0,5,212
09/24/2011,GSO,NC,ASO,ES,Combined TRACON& Tower with Radar,23,84,25,0,132,0,0,4,1,5,23,84,29,1,137,2,0,2,139
09/25/2011,GSO,NC,ASO,ES,Combined TRACON& Tower with Radar,41,93,32,1,167,0,0,5,1,6,41,93,37,2,173,33,0,33,206
09/26/2011,GSO,NC,ASO,ES,Combined TRACON& Tower with Radar,38,94,58,3,193,0,0,46,0,46,38,94,104,3,239,0,0,0,239
09/27/2011,GSO,NC,ASO,ES,Combined TRACON& Tower with Radar,46,103,52,0,201,0,3,28,0,31,46,106,80,0,232,4,0,4,236
09/28/2011,GSO,NC,ASO,ES,Combined TRACON& Tower with Radar,47,92,71,3,213,0,0,45,1,46,47,92,116,4,259,0,0,0,259
09/29/2011,GSO,NC,ASO,ES,Combined TRACON& Tower with Radar,57,97,69,1,224,0,0,63,1,64,57,97,132,2,288,29,0,29,317
09/30/2011,GSO,NC,ASO,ES,Combined TRACON& Tower with Radar,55,96,65,16,232,0,0,44,0,44,55,96,109,16,276,0,6,6,282
10/01/2011,GSO,NC,ASO,ES,Combined TRACON& Tower with Radar,25,69,25,1,120,0,0,41,0,41,25,69,66,1,161,12,0,12,173
10/02/2011,GSO,NC,ASO,ES,Combined TRACON& Tower with Radar,41,73,52,1,167,0,0,36,3,39,41,73,88,4,206,58,6,64,270
10/03/2011,GSO,NC,ASO,ES,Combined TRACON& Tower with Radar,38,96,40,0,174,0,7,34,0,41,38,103,74,0,215,6,0,6,221
10/04/2011,GSO,NC,ASO,ES,Combined TRACON& Tower with Radar,42,99,54,0,195,0,9,56,0,65,42,108,110,0,260,56,0,56,316
10/05/2011,GSO,NC,ASO,ES,Combined TRACON& Tower with Radar,48,104,57,10,219,0,6,81,5,92,48,110,138,15,311,24,24,48,359
10/06/2011,GSO,NC,ASO,ES,Combined TRACON& Tower with Radar,52,103,76,2,233,0,1,67,0,68,52,104,143,2,301,13,0,13,314
10/07/2011,GSO,NC,ASO,ES,Combined TRACON& Tower with Radar,50,99,58,3,210,0,0,69,2,71,50,99,127,5,281,58,0,58,339
10/08/2011,GSO,NC,ASO,ES,Combined TRACON& Tower with Radar,24,70,21,0,115,0,0,57,0,57,24,70,78,0,172,25,0,25,197
10/09/2011,GSO,NC,ASO,ES,Combined TRACON& Tower with Radar,41,85,37,8,171,0,0,47,0,47,41,85,84,8,218,6,0,6,224
10/10/2011,GSO,NC,ASO,ES,Combined TRACON& Tower with Radar,43,87,71,0,201,0,0,36,0,36,43,87,107,0,237,26,0,26,263
10/11/2011,GSO,NC,ASO,ES,Combined TRACON& Tower with Radar,47,91,62,6,206,0,0,2,0,2,47,91,64,6,208,0,0,0,208
10/12/2011,GSO,NC,ASO,ES,Combined TRACON& Tower with Radar,56,101,72,0,229,0,0,0,0,0,56,101,72,0,229,0,0,0,229
10/13/2011,GSO,NC,ASO,ES,Combined TRACON& Tower with Radar,53,102,60,0,215,0,0,3,0,3,53,102,63,0,218,13,0,13,231
10/14/2011,GSO,NC,ASO,ES,Combined TRACON& Tower with Radar,46,102,79,0,227,0,0,30,4,34,46,102,109,4,261,14,0,14,275
10/15/2011,GSO,NC,ASO,ES,Combined TRACON& Tower with Radar,30,75,13,0,118,0,0,48,1,49,30,75,61,1,167,54,0,54,221
10/16/2011,GSO,NC,ASO,ES,Combined TRACON& Tower with Radar,37,75,31,2,145,0,1,56,1,58,37,76,87,3,203,60,1,61,264
10/17/2011,GSO,NC,ASO,ES,Combined TRACON& Tower with Radar,38,100,42,6,186,0,0,35,2,37,38,100,77,8,223,18,0,18,241
10/18/2011,GSO,NC,ASO,ES,Combined TRACON& Tower with Radar,45,96,45,4,190,0,0,11,3,14,45,96,56,7,204,22,0,22,226
10/19/2011,GSO,NC,ASO,ES,Combined TRACON& Tower with Radar,52,96,68,1,217,0,0,0,0,0,52,96,68,1,217,21,0,21,238
10/20/2011,GSO,NC,ASO,ES,Combined TRACON& Tower with Radar,56,115,74,18,263,0,0,42,2,44,56,115,116,20,307,24,0,24,331
10/21/2011,GSO,NC,ASO,ES,Combined TRACON& Tower with Radar,60,106,85,8,259,0,0,80,0,80,60,106,165,8,339,19,16,35,374
10/22/2011,GSO,NC,ASO,ES,Combined TRACON& Tower with Radar,27,71,50,1,149,0,0,60,0,60,27,71,110,1,209,40,0,40,249
10/23/2011,GSO,NC,ASO,ES,Combined TRACON& Tower with Radar,41,100,72,0,213,0,0,37,0,37,41,100,109,0,250,0,0,0,250
10/24/2011,GSO,NC,ASO,ES,Combined TRACON& Tower with Radar,45,102,98,2,247,0,0,56,0,56,45,102,154,2,303,15,0,15,318
10/25/2011,GSO,NC,ASO,ES,Combined TRACON& Tower with Radar,60,100,96,4,260,0,6,59,0,65,60,106,155,4,325,31,12,43,368
10/26/2011,GSO,NC,ASO,ES,Combined TRACON& Tower with Radar,63,108,83,1,255,0,0,57,1,58,63,108,140,2,313,20,0,20,333
10/27/2011,GSO,NC,ASO,ES,Combined TRACON& Tower with Radar,66,99,72,38,275,0,4,46,0,50,66,103,118,38,325,31,21,52,377
10/28/2011,GSO,NC,ASO,ES,Combined TRACON& Tower with Radar,50,102,68,0,220,0,0,2,0,2,50,102,70,0,222,12,0,12,234
10/29/2011,GSO,NC,ASO,ES,Combined TRACON& Tower with Radar,22,64,26,0,112,0,0,18,2,20,22,64,44,2,132,8,0,8,140
10/30/2011,GSO,NC,ASO,ES,Combined TRACON& Tower with Radar,52,76,56,0,184,0,0,53,0,53,52,76,109,0,237,33,0,33,270
10/31/2011,GSO,NC,ASO,ES,Combined TRACON& Tower with Radar,43,87,49,0,179,0,3,38,0,41,43,90,87,0,220,0,0,0,220
11/01/2011,GSO,NC,ASO,ES,Combined TRACON& Tower with Radar,54,88,57,2,201,0,0,61,0,61,54,88,118,2,262,65,0,65,327
11/02/2011,GSO,NC,ASO,ES,Combined TRACON& Tower with Radar,57,85,63,3,208,0,0,56,0,56,57,85,119,3,264,4,0,4,268
11/03/2011,GSO,NC,ASO,ES,Combined TRACON& Tower with Radar,58,92,67,3,220,0,0,49,1,50,58,92,116,4,270,30,0,30,300
11/04/2011,GSO,NC,ASO,ES,Combined TRACON& Tower with Radar,52,96,60,0,208,0,0,6,1,7,52,96,66,1,215,0,0,0,215
11/05/2011,GSO,NC,ASO,ES,Combined TRACON& Tower with Radar,23,70,24,0,117,0,0,42,0,42,23,70,66,0,159,0,0,0,159
11/06/2011,GSO,NC,ASO,ES,Combined TRACON& Tower with Radar,46,78,37,0,161,0,0,37,0,37,46,78,74,0,198,23,0,23,221
11/07/2011,GSO,NC,ASO,ES,Combined TRACON& Tower with Radar,39,89,41,12,181,0,0,39,0,39,39,89,80,12,220,47,10,57,277
11/08/2011,GSO,NC,ASO,ES,Combined TRACON& Tower with Radar,55,85,67,2,209,0,2,58,0,60,55,87,125,2,269,14,0,14,283
11/09/2011,GSO,NC,ASO,ES,Combined TRACON& Tower with Radar,47,96,46,3,192,0,0,35,0,35,47,96,81,3,227,57,0,57,284
11/10/2011,GSO,NC,ASO,ES,Combined TRACON& Tower with Radar,55,98,68,1,222,0,0,9,0,9,55,98,77,1,231,10,0,10,241
11/11/2011,GSO,NC,ASO,ES,Combined TRACON& Tower with Radar,54,96,51,1,202,0,0,30,0,30,54,96,81,1,232,28,0,28,260
11/12/2011,GSO,NC,ASO,ES,Combined TRACON& Tower with Radar,25,63,21,0,109,0,0,40,0,40,25,63,61,0,149,66,0,66,215
11/13/2011,GSO,NC,ASO,ES,Combined TRACON& Tower with Radar,47,74,29,3,153,0,1,38,0,39,47,75,67,3,192,0,0,0,192
11/14/2011,GSO,NC,ASO,ES,Combined TRACON& Tower with Radar,39,100,43,0,182,0,2,20,0,22,39,102,63,0,204,0,0,0,204
11/15/2011,GSO,NC,ASO,ES,Combined TRACON& Tower with Radar,60,87,52,17,216,0,0,28,4,32,60,87,80,21,248,22,14,36,284
11/16/2011,GSO,NC,ASO,ES,Combined TRACON& Tower with Radar,48,99,61,2,210,0,0,0,0,0,48,99,61,2,210,0,0,0,210
11/17/2011,GSO,NC,ASO,ES,Combined TRACON& Tower with Radar,55,110,73,1,239,0,2,11,0,13,55,112,84,1,252,0,0,0,252
11/18/2011,GSO,NC,ASO,ES,Combined TRACON& Tower with Radar,55,91,59,11,216,0,2,46,1,49,55,93,105,12,265,35,0,35,300
11/19/2011,GSO,NC,ASO,ES,Combined TRACON& Tower with Radar,25,71,28,1,125,0,0,60,0,60,25,71,88,1,185,67,0,67,252
11/20/2011,GSO,NC,ASO,ES,Combined TRACON& Tower with Radar,39,80,47,0,166,0,0,26,0,26,39,80,73,0,192,22,0,22,214
11/21/2011,GSO,NC,ASO,ES,Combined TRACON& Tower with Radar,41,93,59,0,193,0,4,23,0,27,41,97,82,0,220,36,0,36,256
11/22/2011,GSO,NC,ASO,ES,Combined TRACON& Tower with Radar,60,111,68,0,239,0,1,18,2,21,60,112,86,2,260,36,0,36,296
11/23/2011,GSO,NC,ASO,ES,Combined TRACON& Tower with Radar,59,108,49,5,221,0,0,13,0,13,59,108,62,5,234,33,0,33,267
11/24/2011,GSO,NC,ASO,ES,Combined TRACON& Tower with Radar,27,43,17,0,87,0,0,10,0,10,27,43,27,0,97,0,0,0,97
11/25/2011,GSO,NC,ASO,ES,Combined TRACON& Tower with Radar,38,54,17,0,109,0,0,59,0,59,38,54,76,0,168,18,0,18,186
11/26/2011,GSO,NC,ASO,ES,Combined TRACON& Tower with Radar,39,78,22,0,139,0,0,33,0,33,39,78,55,0,172,18,0,18,190
11/27/2011,GSO,NC,ASO,ES,Combined TRACON& Tower with Radar,40,85,52,0,177,0,0,12,0,12,40,85,64,0,189,0,0,0,189
11/28/2011,GSO,NC,ASO,ES,Combined TRACON& Tower with Radar,40,103,61,0,204,0,2,8,2,12,40,105,69,2,216,33,0,33,249
11/29/2011,GSO,NC,ASO,ES,Combined TRACON& Tower with Radar,56,100,51,5,212,0,2,6,0,8,56,102,57,5,220,50,0,50,270
11/30/2011,GSO,NC,ASO,ES,Combined TRACON& Tower with Radar,46,95,58,0,199,0,1,34,0,35,46,96,92,0,234,25,0,25,259
12/01/2011,GSO,NC,ASO,ES,Combined TRACON& Tower with Radar,59,98,64,0,221,0,7,54,5,66,59,105,118,5,287,30,0,30,317
12/02/2011,GSO,NC,ASO,ES,Combined TRACON& Tower with Radar,50,97,42,6,195,0,4,45,0,49,50,101,87,6,244,26,4,30,274
12/03/2011,GSO,NC,ASO,ES,Combined TRACON& Tower with Radar,23,74,17,4,118,0,2,50,2,54,23,76,67,6,172,91,0,91,263
12/04/2011,GSO,NC,ASO,ES,Combined TRACON& Tower with Radar,39,77,32,3,151,0,0,32,0,32,39,77,64,3,183,20,0,20,203
12/05/2011,GSO,NC,ASO,ES,Combined TRACON& Tower with Radar,42,89,49,6,186,0,4,28,0,32,42,93,77,6,218,37,0,37,255
12/06/2011,GSO,NC,ASO,ES,Combined TRACON& Tower with Radar,54,97,69,0,220,0,0,0,0,0,54,97,69,0,220,2,0,2,222
12/07/2011,GSO,NC,ASO,ES,Combined TRACON& Tower with Radar,49,86,46,2,183,0,0,1,0,1,49,86,47,2,184,0,0,0,184
12/08/2011,GSO,NC,ASO,ES,Combined TRACON& Tower with Radar,49,104,58,2,213,0,5,54,2,61,49,109,112,4,274,2,0,2,276
12/09/2011,GSO,NC,ASO,ES,Combined TRACON& Tower with Radar,48,99,49,2,198,0,14,44,1,59,48,113,93,3,257,24,8,32,289
12/10/2011,GSO,NC,ASO,ES,Combined TRACON& Tower with Radar,23,73,15,0,111,0,2,39,0,41,23,75,54,0,152,55,0,55,207
12/11/2011,GSO,NC,ASO,ES,Combined TRACON& Tower with Radar,39,85,25,0,149,0,0,36,0,36,39,85,61,0,185,48,0,48,233
12/12/2011,GSO,NC,ASO,ES,Combined TRACON& Tower with Radar,37,92,45,0,174,0,3,26,0,29,37,95,71,0,203,29,0,29,232
12/13/2011,GSO,NC,ASO,ES,Combined TRACON& Tower with Radar,48,98,61,1,208,0,1,56,0,57,48,99,117,1,265,28,0,28,293
12/14/2011,GSO,NC,ASO,ES,Combined TRACON& Tower with Radar,48,99,68,0,215,0,3,43,1,47,48,102,111,1,262,18,0,18,280
12/15/2011,GSO,NC,ASO,ES,Combined TRACON& Tower with Radar,51,100,53,0,204,0,1,33,0,34,51,101,86,0,238,0,0,0,238
12/16/2011,GSO,NC,ASO,ES,Combined TRACON& Tower with Radar,41,110,44,0,195,0,0,9,2,11,41,110,53,2,206,9,0,9,215
12/17/2011,GSO,NC,ASO,ES,Combined TRACON& Tower with Radar,25,84,27,0,136,0,1,35,0,36,25,85,62,0,172,0,0,0,172
12/18/2011,GSO,NC,ASO,ES,Combined TRACON& Tower with Radar,36,77,19,0,132,0,0,30,0,30,36,77,49,0,162,12,0,12,174
12/19/2011,GSO,NC,ASO,ES,Combined TRACON& Tower with Radar,36,88,59,8,191,0,2,38,0,40,36,90,97,8,231,37,14,51,282
12/20/2011,GSO,NC,ASO,ES,Combined TRACON& Tower with Radar,48,100,44,0,192,0,2,18,0,20,48,102,62,0,212,12,0,12,224
12/21/2011,GSO,NC,ASO,ES,Combined TRACON& Tower with Radar,47,102,36,0,185,0,0,0,0,0,47,102,36,0,185,0,0,0,185
12/22/2011,GSO,NC,ASO,ES,Combined TRACON& Tower with Radar,52,96,51,1,200,0,0,2,0,2,52,96,53,1,202,0,0,0,202
12/23/2011,GSO,NC,ASO,ES,Combined TRACON& Tower with Radar,44,106,34,4,188,0,0,58,0,58,44,106,92,4,246,0,0,0,246
12/24/2011,GSO,NC,ASO,ES,Combined TRACON& Tower with Radar,22,72,10,0,104,0,0,19,1,20,22,72,29,1,124,33,0,33,157
12/25/2011,GSO,NC,ASO,ES,Combined TRACON& Tower with Radar,14,56,1,0,71,0,0,3,0,3,14,56,4,0,74,0,0,0,74
12/26/2011,GSO,NC,ASO,ES,Combined TRACON& Tower with Radar,31,80,31,1,143,0,0,32,0,32,31,80,63,1,175,44,0,44,219
12/27/2011,GSO,NC,ASO,ES,Combined TRACON& Tower with Radar,47,77,39,0,163,0,0,4,0,4,47,77,43,0,167,0,0,0,167
12/28/2011,GSO,NC,ASO,ES,Combined TRACON& Tower with Radar,42,93,61,0,196,0,4,32,0,36,42,97,93,0,232,0,0,0,232
12/29/2011,GSO,NC,ASO,ES,Combined TRACON& Tower with Radar,46,98,29,0,173,0,0,61,0,61,46,98,90,0,234,10,0,10,244
12/30/2011,GSO,NC,ASO,ES,Combined TRACON& Tower with Radar,44,100,49,0,193,0,0,25,0,25,44,100,74,0,218,28,0,28,246
12/31/2011,GSO,NC,ASO,ES,Combined TRACON& Tower with Radar,23,71,17,1,112,0,0,83,0,83,23,71,100,1,195,0,0,0,195
01/01/2012,GSO,NC,ASO,ES,Combined TRACON& Tower with Radar,22,65,17,0,104,0,0,8,0,8,22,65,25,0,112,0,0,0,112
01/02/2012,GSO,NC,ASO,ES,Combined TRACON& Tower with Radar,28,77,37,0,142,0,0,29,0,29,28,77,66,0,171,32,0,32,203
01/03/2012,GSO,NC,ASO,ES,Combined TRACON& Tower with Radar,40,91,36,2,169,0,0,15,0,15,40,91,51,2,184,0,0,0,184
01/04/2012,GSO,NC,ASO,ES,Combined TRACON& Tower with Radar,53,86,35,2,176,0,4,37,0,41,53,90,72,2,217,12,0,12,229
01/05/2012,GSO,NC,ASO,ES,Combined TRACON& Tower with Radar,55,90,60,0,205,0,4,34,2,40,55,94,94,2,245,0,0,0,245
01/06/2012,GSO,NC,ASO,ES,Combined TRACON& Tower with Radar,53,89,56,4,202,0,3,63,0,66,53,92,119,4,268,53,0,53,321
01/07/2012,GSO,NC,ASO,ES,Combined TRACON& Tower with Radar,25,61,15,0,101,0,0,62,0,62,25,61,77,0,163,23,0,23,186
01/08/2012,GSO,NC,ASO,ES,Combined TRACON& Tower with Radar,42,67,32,2,143,0,0,16,0,16,42,67,48,2,159,18,0,18,177
01/09/2012,GSO,NC,ASO,ES,Combined TRACON& Tower with Radar,40,73,27,1,141,0,0,0,0,0,40,73,27,1,141,0,0,0,141
01/10/2012,GSO,NC,ASO,ES,Combined TRACON& Tower with Radar,48,78,51,0,177,0,2,45,0,47,48,80,96,0,224,61,0,61,285
01/11/2012,GSO,NC,ASO,ES,Combined TRACON& Tower with Radar,53,87,30,0,170,0,0,0,0,0,53,87,30,0,170,0,0,0,170
01/12/2012,GSO,NC,ASO,ES,Combined TRACON& Tower with Radar,54,87,47,4,192,0,0,21,1,22,54,87,68,5,214,0,0,0,214
01/13/2012,GSO,NC,ASO,ES,Combined TRACON& Tower with Radar,48,89,45,0,182,0,3,26,0,29,48,92,71,0,211,10,0,10,221
01/14/2012,GSO,NC,ASO,ES,Combined TRACON& Tower with Radar,27,66,20,0,113,0,0,55,0,55,27,66,75,0,168,17,0,17,185
01/15/2012,GSO,NC,ASO,ES,Combined TRACON& Tower with Radar,42,65,22,0,129,0,0,41,0,41,42,65,63,0,170,32,0,32,202
01/16/2012,GSO,NC,ASO,ES,Combined TRACON& Tower with Radar,42,81,39,0,162,0,0,23,0,23,42,81,62,0,185,0,0,0,185
01/17/2012,GSO,NC,ASO,ES,Combined TRACON& Tower with Radar,46,85,51,8,190,0,0,19,0,19,46,85,70,8,209,4,0,4,213
01/18/2012,GSO,NC,ASO,ES,Combined TRACON& Tower with Radar,51,87,37,8,183,0,0,22,1,23,51,87,59,9,206,24,0,24,230
01/19/2012,GSO,NC,ASO,ES,Combined TRACON& Tower with Radar,54,92,44,30,220,0,2,38,0,40,54,94,82,30,260,38,8,46,306
01/20/2012,GSO,NC,ASO,ES,Combined TRACON& Tower with Radar,51,84,38,6,179,0,6,46,0,52,51,90,84,6,231,56,0,56,287
01/21/2012,GSO,NC,ASO,ES,Combined TRACON& Tower with Radar,16,70,22,0,108,0,0,0,0,0,16,70,22,0,108,0,0,0,108
01/22/2012,GSO,NC,ASO,ES,Combined TRACON& Tower with Radar,46,76,20,4,146,0,0,0,0,0,46,76,20,4,146,0,0,0,146
01/23/2012,GSO,NC,ASO,ES,Combined TRACON& Tower with Radar,41,75,33,2,151,0,0,0,0,0,41,75,33,2,151,0,0,0,151
01/24/2012,GSO,NC,ASO,ES,Combined TRACON& Tower with Radar,46,88,44,18,196,0,2,39,0,41,46,90,83,18,237,43,0,43,280
01/25/2012,GSO,NC,ASO,ES,Combined TRACON& Tower with Radar,53,87,49,8,197,0,9,67,0,76,53,96,116,8,273,35,33,68,341
01/26/2012,GSO,NC,ASO,ES,Combined TRACON& Tower with Radar,52,96,58,1,207,0,1,9,1,11,52,97,67,2,218,32,0,32,250
01/27/2012,GSO,NC,ASO,ES,Combined TRACON& Tower with Radar,49,92,56,2,199,0,1,14,1,16,49,93,70,3,215,0,0,0,215
01/28/2012,GSO,NC,ASO,ES,Combined TRACON& Tower with Radar,28,70,26,0,124,0,1,62,1,64,28,71,88,1,188,55,0,55,243
01/29/2012,GSO,NC,ASO,ES,Combined TRACON& Tower with Radar,41,72,21,1,135,0,0,47,0,47,41,72,68,1,182,13,0,13,195
01/30/2012,GSO,NC,ASO,ES,Combined TRACON& Tower with Radar,40,87,40,1,168,0,2,46,0,48,40,89,86,1,216,40,0,40,256
01/31/2012,GSO,NC,ASO,ES,Combined TRACON& Tower with Radar,47,91,61,37,236,0,1,69,0,70,47,92,130,37,306,29,18,47,353
02/01/2012,GSO,NC,ASO,ES,Combined TRACON& Tower with Radar,49,90,54,1,194,0,0,40,0,40,49,90,94,1,234,27,0,27,261
02/02/2012,GSO,NC,ASO,ES,Combined TRACON& Tower with Radar,57,92,54,3,206,0,7,28,1,36,57,99,82,4,242,22,0,22,264
02/03/2012,GSO,NC,ASO,ES,Combined TRACON& Tower with Radar,53,99,53,0,205,0,0,77,1,78,53,99,130,1,283,7,0,7,290
02/04/2012,GSO,NC,ASO,ES,Combined TRACON& Tower with Radar,27,67,19,0,113,0,0,3,0,3,27,67,22,0,116,14,0,14,130
02/05/2012,GSO,NC,ASO,ES,Combined TRACON& Tower with Radar,41,74,24,1,140,0,0,0,0,0,41,74,24,1,140,0,0,0,140
02/06/2012,GSO,NC,ASO,ES,Combined TRACON& Tower with Radar,43,89,38,1,171,0,2,18,0,20,43,91,56,1,191,28,0,28,219
02/07/2012,GSO,NC,ASO,ES,Combined TRACON& Tower with Radar,89,84,53,12,238,0,4,38,6,48,89,88,91,18,286,0,0,0,286
02/08/2012,GSO,NC,ASO,ES,Combined TRACON& Tower with Radar,53,87,41,2,183,0,5,32,2,39,53,92,73,4,222,32,0,32,254
02/09/2012,GSO,NC,ASO,ES,Combined TRACON& Tower with Radar,52,94,68,0,214,0,6,42,2,50,52,100,110,2,264,15,0,15,279
02/10/2012,GSO,NC,ASO,ES,Combined TRACON& Tower with Radar,50,83,39,5,177,0,2,28,1,31,50,85,67,6,208,8,0,8,216
02/11/2012,GSO,NC,ASO,ES,Combined TRACON& Tower with Radar,31,71,11,0,113,0,0,5,0,5,31,71,16,0,118,0,0,0,118
02/12/2012,GSO,NC,ASO,ES,Combined TRACON& Tower with Radar,43,70,19,1,133,0,0,20,0,20,43,70,39,1,153,8,0,8,161
02/13/2012,GSO,NC,ASO,ES,Combined TRACON& Tower with Radar,49,85,48,2,184,0,0,78,0,78,49,85,126,2,262,30,0,30,292
02/14/2012,GSO,NC,ASO,ES,Combined TRACON& Tower with Radar,53,98,42,6,199,0,0,15,0,15,53,98,57,6,214,16,0,16,230
02/15/2012,GSO,NC,ASO,ES,Combined TRACON& Tower with Radar,50,89,34,6,179,0,0,54,2,56,50,89,88,8,235,42,4,46,281
02/16/2012,GSO,NC,ASO,ES,Combined TRACON& Tower with Radar,50,101,51,4,206,0,0,1,0,1,50,101,52,4,207,10,0,10,217
02/17/2012,GSO,NC,ASO,ES,Combined TRACON& Tower with Radar,45,110,74,2,231,0,0,71,0,71,45,110,145,2,302,19,0,19,321
02/18/2012,GSO,NC,ASO,ES,Combined TRACON& Tower with Radar,26,67,39,0,132,0,1,65,0,66,26,68,104,0,198,35,0,35,233
02/19/2012,GSO,NC,ASO,ES,Combined TRACON& Tower with Radar,35,76,12,0,123,0,0,0,0,0,35,76,12,0,123,0,0,0,123
02/20/2012,GSO,NC,ASO,ES,Combined TRACON& Tower with Radar,39,89,43,0,171,0,2,52,0,54,39,91,95,0,225,12,0,12,237
02/21/2012,GSO,NC,ASO,ES,Combined TRACON& Tower with Radar,46,84,46,6,182,0,2,40,0,42,46,86,86,6,224,9,0,9,233
02/22/2012,GSO,NC,ASO,ES,Combined TRACON& Tower with Radar,45,98,36,14,193,0,5,47,0,52,45,103,83,14,245,19,0,19,264
02/23/2012,GSO,NC,ASO,ES,Combined TRACON& Tower with Radar,51,93,80,1,225,0,4,18,1,23,51,97,98,2,248,7,0,7,255
02/24/2012,GSO,NC,ASO,ES,Combined TRACON& Tower with Radar,47,94,50,3,194,0,6,4,0,10,47,100,54,3,204,0,0,0,204
02/25/2012,GSO,NC,ASO,ES,Combined TRACON& Tower with Radar,24,74,23,2,123,0,0,3,0,3,24,74,26,2,126,0,0,0,126
02/26/2012,GSO,NC,ASO,ES,Combined TRACON& Tower with Radar,38,73,34,1,146,0,0,73,0,73,38,73,107,1,219,76,0,76,295
02/27/2012,GSO,NC,ASO,ES,Combined TRACON& Tower with Radar,43,90,52,0,185,0,2,9,0,11,43,92,61,0,196,4,0,4,200
02/28/2012,GSO,NC,ASO,ES,Combined TRACON& Tower with Radar,47,93,67,6,213,0,8,71,0,79,47,101,138,6,292,90,0,90,382
02/29/2012,GSO,NC,ASO,ES,Combined TRACON& Tower with Radar,50,91,51,7,199,0,0,2,0,2,50,91,53,7,201,0,0,0,201
03/01/2012,GSO,NC,ASO,ES,Combined TRACON& Tower with Radar,48,98,73,1,220,0,3,44,0,47,48,101,117,1,267,6,0,6,273
03/02/2012,GSO,NC,ASO,ES,Combined TRACON& Tower with Radar,45,105,50,2,202,0,2,5,0,7,45,107,55,2,209,24,0,24,233
03/03/2012,GSO,NC,ASO,ES,Combined TRACON& Tower with Radar,24,83,30,22,159,0,0,30,0,30,24,83,60,22,189,32,15,47,236
03/04/2012,GSO,NC,ASO,ES,Combined TRACON& Tower with Radar,36,79,29,2,146,0,0,32,0,32,36,79,61,2,178,35,1,36,214
03/05/2012,GSO,NC,ASO,ES,Combined TRACON& Tower with Radar,36,94,41,0,171,0,0,12,0,12,36,94,53,0,183,0,0,0,183
03/06/2012,GSO,NC,ASO,ES,Combined TRACON& Tower with Radar,44,98,52,1,195,0,2,51,3,56,44,100,103,4,251,17,0,17,268
03/07/2012,GSO,NC,ASO,ES,Combined TRACON& Tower with Radar,42,100,57,0,199,0,3,31,0,34,42,103,88,0,233,68,0,68,301
03/08/2012,GSO,NC,ASO,ES,Combined TRACON& Tower with Radar,46,99,61,27,233,0,0,29,0,29,46,99,90,27,262,12,19,31,293
03/09/2012,GSO,NC,ASO,ES,Combined TRACON& Tower with Radar,45,103,38,10,196,0,5,21,0,26,45,108,59,10,222,29,22,51,273
03/10/2012,GSO,NC,ASO,ES,Combined TRACON& Tower with Radar,26,68,22,2,118,0,0,81,0,81,26,68,103,2,199,66,0,66,265
03/11/2012,GSO,NC,ASO,ES,Combined TRACON& Tower with Radar,34,78,32,0,144,0,0,52,2,54,34,78,84,2,198,49,0,49,247
03/12/2012,GSO,NC,ASO,ES,Combined TRACON& Tower with Radar,35,90,45,0,170,0,4,32,0,36,35,94,77,0,206,10,0,10,216
03/13/2012,GSO,NC,ASO,ES,Combined TRACON& Tower with Radar,46,99,50,0,195,0,5,35,2,42,46,104,85,2,237,24,0,24,261
03/14/2012,GSO,NC,ASO,ES,Combined TRACON& Tower with Radar,60,104,49,18,231,0,2,37,4,43,60,106,86,22,274,12,21,33,307
03/15/2012,GSO,NC,ASO,ES,Combined TRACON& Tower with Radar,46,101,59,13,219,0,2,31,0,33,46,103,90,13,252,19,0,19,271
03/16/2012,GSO,NC,ASO,ES,Combined TRACON& Tower with Radar,54,118,55,1,228,0,2,39,0,41,54,120,94,1,269,11,0,11,280
03/17/2012,GSO,NC,ASO,ES,Combined TRACON& Tower with Radar,31,74,27,3,135,0,3,48,1,52,31,77,75,4,187,0,0,0,187
03/18/2012,GSO,NC,ASO,ES,Combined TRACON& Tower with Radar,43,96,55,1,195,0,0,8,0,8,43,96,63,1,203,26,0,26,229
03/19/2012,GSO,NC,ASO,ES,Combined TRACON& Tower with Radar,40,97,61,0,198,0,2,17,0,19,40,99,78,0,217,14,0,14,231
03/20/2012,GSO,NC,ASO,ES,Combined TRACON& Tower with Radar,45,88,49,8,190,0,1,30,0,31,45,89,79,8,221,50,0,50,271
03/21/2012,GSO,NC,ASO,ES,Combined TRACON& Tower with Radar,47,107,49,0,203,0,2,15,2,19,47,109,64,2,222,22,0,22,244
03/22/2012,GSO,NC,ASO,ES,Combined TRACON& Tower with Radar,46,112,52,2,212,0,1,12,1,14,46,113,64,3,226,20,0,20,246
03/23/2012,GSO,NC,ASO,ES,Combined TRACON& Tower with Radar,49,94,50,5,198,0,5,39,2,46,49,99,89,7,244,63,1,64,308
03/24/2012,GSO,NC,ASO,ES,Combined TRACON& Tower with Radar,25,65,34,0,124,0,0,1,0,1,25,65,35,0,125,11,0,11,136
03/25/2012,GSO,NC,ASO,ES,Combined TRACON& Tower with Radar,34,87,36,0,157,0,0,3,0,3,34,87,39,0,160,20,0,20,180
03/26/2012,GSO,NC,ASO,ES,Combined TRACON& Tower with Radar,35,99,46,0,180,0,7,43,4,54,35,106,89,4,234,28,0,28,262
03/27/2012,GSO,NC,ASO,ES,Combined TRACON& Tower with Radar,41,102,50,1,194,0,4,62,3,69,41,106,112,4,263,57,0,57,320
03/28/2012,GSO,NC,ASO,ES,Combined TRACON& Tower with Radar,45,101,69,13,228,0,5,31,0,36,45,106,100,13,264,14,6,20,284
03/29/2012,GSO,NC,ASO,ES,Combined TRACON& Tower with Radar,46,106,79,3,234,0,0,51,0,51,46,106,130,3,285,8,0,8,293
03/30/2012,GSO,NC,ASO,ES,Combined TRACON& Tower with Radar,46,109,51,2,208,0,0,47,0,47,46,109,98,2,255,67,0,67,322
03/31/2012,GSO,NC,ASO,ES,Combined TRACON& Tower with Radar,24,73,40,0,137,0,0,6,0,6,24,73,46,0,143,26,0,26,169
04/01/2012,GSO,NC,ASO,ES,Combined TRACON& Tower with Radar,33,88,46,0,167,0,0,38,1,39,33,88,84,1,206,9,2,11,217
04/02/2012,GSO,NC,ASO,ES,Combined TRACON& Tower with Radar,31,114,61,2,208,0,1,31,0,32,31,115,92,2,240,26,0,26,266
04/03/2012,GSO,NC,ASO,ES,Combined TRACON& Tower with Radar,41,92,67,0,200,0,0,42,2,44,41,92,109,2,244,0,0,0,244
04/04/2012,GSO,NC,ASO,ES,Combined TRACON& Tower with Radar,47,98,66,2,213,0,0,32,0,32,47,98,98,2,245,11,0,11,256
04/05/2012,GSO,NC,ASO,ES,Combined TRACON& Tower with Radar,43,103,76,5,227,0,2,14,0,16,43,105,90,5,243,27,0,27,270
04/06/2012,GSO,NC,ASO,ES,Combined TRACON& Tower with Radar,42,106,56,2,206,0,0,45,0,45,42,106,101,2,251,86,0,86,337
04/07/2012,GSO,NC,ASO,ES,Combined TRACON& Tower with Radar,24,64,30,0,118,0,0,55,0,55,24,64,85,0,173,48,0,48,221
04/08/2012,GSO,NC,ASO,ES,Combined TRACON& Tower with Radar,28,82,25,0,135,0,0,27,0,27,28,82,52,0,162,13,0,13,175
04/09/2012,GSO,NC,ASO,ES,Combined TRACON& Tower with Radar,34,103,40,2,179,0,0,31,2,33,34,103,71,4,212,38,0,38,250
04/10/2012,GSO,NC,ASO,ES,Combined TRACON& Tower with Radar,49,103,67,2,221,0,0,31,0,31,49,103,98,2,252,11,0,11,263
04/11/2012,GSO,NC,ASO,ES,Combined TRACON& Tower with Radar,48,93,51,4,196,0,2,28,1,31,48,95,79,5,227,15,0,15,242
04/12/2012,GSO,NC,ASO,ES,Combined TRACON& Tower with Radar,48,105,88,1,242,0,3,51,0,54,48,108,139,1,296,43,0,43,339
04/13/2012,GSO,NC,ASO,ES,Combined TRACON& Tower with Radar,47,107,65,0,219,0,2,66,6,74,47,109,131,6,293,53,0,53,346
04/14/2012,GSO,NC,ASO,ES,Combined TRACON& Tower with Radar,24,67,49,1,141,0,0,111,0,111,24,67,160,1,252,34,0,34,286
04/15/2012,GSO,NC,ASO,ES,Combined TRACON& Tower with Radar,37,72,82,4,195,0,0,61,0,61,37,72,143,4,256,22,0,22,278
04/16/2012,GSO,NC,ASO,ES,Combined TRACON& Tower with Radar,39,99,43,2,183,0,0,37,0,37,39,99,80,2,220,36,0,36,256
04/17/2012,GSO,NC,ASO,ES,Combined TRACON& Tower with Radar,47,95,50,0,192,0,1,35,3,39,47,96,85,3,231,50,0,50,281
04/18/2012,GSO,NC,ASO,ES,Combined TRACON& Tower with Radar,49,101,72,2,224,0,0,2,0,2,49,101,74,2,226,11,0,11,237
04/19/2012,GSO,NC,ASO,ES,Combined TRACON& Tower with Radar,48,102,101,1,252,0,0,10,1,11,48,102,111,2,263,54,0,54,317
04/20/2012,GSO,NC,ASO,ES,Combined TRACON& Tower with Radar,49,98,81,3,231,0,2,21,1,24,49,100,102,4,255,52,0,52,307
04/21/2012,GSO,NC,ASO,ES,Combined TRACON& Tower with Radar,27,66,24,0,117,0,0,18,0,18,27,66,42,0,135,40,0,40,175
04/22/2012,GSO,NC,ASO,ES,Combined TRACON& Tower with Radar,36,93,59,0,188,0,0,1,0,1,36,93,60,0,189,0,0,0,189
04/23/2012,GSO,NC,ASO,ES,Combined TRACON& Tower with Radar,39,104,104,0,247,0,1,8,0,9,39,105,112,0,256,9,0,9,265
04/24/2012,GSO,NC,ASO,ES,Combined TRACON& Tower with Radar,45,109,101,1,256,0,0,42,0,42,45,109,143,1,298,20,0,20,318
04/25/2012,GSO,NC,ASO,ES,Combined TRACON& Tower with Radar,49,105,70,4,228,0,0,37,2,39,49,105,107,6,267,38,0,38,305
04/26/2012,GSO,NC,ASO,ES,Combined TRACON& Tower with Radar,48,104,52,1,205,0,0,21,0,21,48,104,73,1,226,0,0,0,226
04/27/2012,GSO,NC,ASO,ES,Combined TRACON& Tower with Radar,47,98,70,2,217,0,0,72,0,72,47,98,142,2,289,63,0,63,352
04/28/2012,GSO,NC,ASO,ES,Combined TRACON& Tower with Radar,26,63,38,0,127,0,0,11,2,13,26,63,49,2,140,32,0,32,172
04/29/2012,GSO,NC,ASO,ES,Combined TRACON& Tower with Radar,36,79,35,0,150,0,0,55,0,55,36,79,90,0,205,27,0,27,232
04/30/2012,GSO,NC,ASO,ES,Combined TRACON& Tower with Radar,39,103,73,16,231,0,0,11,1,12,39,103,84,17,243,35,0,35,278
05/01/2012,GSO,NC,ASO,ES,Combined TRACON& Tower with Radar,50,103,67,14,234,0,0,49,0,49,50,103,116,14,283,46,2,48,331
05/02/2012,GSO,NC,ASO,ES,Combined TRACON& Tower with Radar,49,105,47,7,208,0,1,34,5,40,49,106,81,12,248,37,6,43,291
05/03/2012,GSO,NC,ASO,ES,Combined TRACON& Tower with Radar,54,96,60,2,212,0,2,66,2,70,54,98,126,4,282,0,0,0,282
05/04/2012,GSO,NC,ASO,ES,Combined TRACON& Tower with Radar,46,104,65,0,215,0,2,33,0,35,46,106,98,0,250,24,0,24,274
05/05/2012,GSO,NC,ASO,ES,Combined TRACON& Tower with Radar,30,68,28,0,126,0,0,29,0,29,30,68,57,0,155,10,0,10,165
05/06/2012,GSO,NC,ASO,ES,Combined TRACON& Tower with Radar,38,79,49,0,166,0,0,15,0,15,38,79,64,0,181,4,0,4,185
05/07/2012,GSO,NC,ASO,ES,Combined TRACON& Tower with Radar,40,89,47,0,176,0,0,25,4,29,40,89,72,4,205,37,0,37,242
05/08/2012,GSO,NC,ASO,ES,Combined TRACON& Tower with Radar,49,102,60,8,219,0,0,6,2,8,49,102,66,10,227,13,0,13,240
05/09/2012,GSO,NC,ASO,ES,Combined TRACON& Tower with Radar,50,99,49,1,199,0,0,4,0,4,50,99,53,1,203,0,0,0,203
05/10/2012,GSO,NC,ASO,ES,Combined TRACON& Tower with Radar,50,112,71,27,260,0,2,73,0,75,50,114,144,27,335,8,22,30,365
05/11/2012,GSO,NC,ASO,ES,Combined TRACON& Tower with Radar,52,109,45,1,207,0,4,53,3,60,52,113,98,4,267,66,0,66,333
05/12/2012,GSO,NC,ASO,ES,Combined TRACON& Tower with Radar,24,66,30,2,122,0,0,42,0,42,24,66,72,2,164,46,0,46,210
05/13/2012,GSO,NC,ASO,ES,Combined TRACON& Tower with Radar,39,74,33,1,147,0,0,22,0,22,39,74,55,1,169,3,0,3,172
05/14/2012,GSO,NC,ASO,ES,Combined TRACON& Tower with Radar,36,88,56,0,180,0,0,0,0,0,36,88,56,0,180,0,0,0,180
05/15/2012,GSO,NC,ASO,ES,Combined TRACON& Tower with Radar,48,105,77,0,230,0,0,10,0,10,48,105,87,0,240,12,0,12,252
05/16/2012,GSO,NC,ASO,ES,Combined TRACON& Tower with Radar,46,100,45,1,192,0,0,32,0,32,46,100,77,1,224,62,0,62,286
05/17/2012,GSO,NC,ASO,ES,Combined TRACON& Tower with Radar,52,101,68,9,230,0,0,55,0,55,52,101,123,9,285,49,42,91,376
05/18/2012,GSO,NC,ASO,ES,Combined TRACON& Tower with Radar,48,110,59,1,218,0,0,31,0,31,48,110,90,1,249,56,0,56,305
05/19/2012,GSO,NC,ASO,ES,Combined TRACON& Tower with Radar,28,68,19,0,115,0,1,54,0,55,28,69,73,0,170,0,0,0,170
05/20/2012,GSO,NC,ASO,ES,Combined TRACON& Tower with Radar,36,88,39,0,163,0,0,30,3,33,36,88,69,3,196,23,0,23,219
05/21/2012,GSO,NC,ASO,ES,Combined TRACON& Tower with Radar,37,89,79,0,205,0,0,14,0,14,37,89,93,0,219,24,0,24,243
05/22/2012,GSO,NC,ASO,ES,Combined TRACON& Tower with Radar,49,100,49,0,198,0,3,21,2,26,49,103,70,2,224,74,0,74,298
05/23/2012,GSO,NC,ASO,ES,Combined TRACON& Tower with Radar,49,93,82,14,238,0,2,8,0,10,49,95,90,14,248,33,0,33,281
05/24/2012,GSO,NC,ASO,ES,Combined TRACON& Tower with Radar,58,95,76,0,229,0,1,14,0,15,58,96,90,0,244,42,0,42,286
05/25/2012,GSO,NC,ASO,ES,Combined TRACON& Tower with Radar,46,94,59,0,199,0,0,52,0,52,46,94,111,0,251,21,0,21,272
05/26/2012,GSO,NC,ASO,ES,Combined TRACON& Tower with Radar,29,59,24,1,113,0,0,45,0,45,29,59,69,1,158,12,0,12,170
05/27/2012,GSO,NC,ASO,ES,Combined TRACON& Tower with Radar,38,54,16,2,110,0,0,38,0,38,38,54,54,2,148,28,0,28,176
05/28/2012,GSO,NC,ASO,ES,Combined TRACON& Tower with Radar,32,72,56,6,166,0,0,27,0,27,32,72,83,6,193,0,0,0,193
05/29/2012,GSO,NC,ASO,ES,Combined TRACON& Tower with Radar,39,85,63,0,187,0,0,13,0,13,39,85,76,0,200,13,0,13,213
05/30/2012,GSO,NC,ASO,ES,Combined TRACON& Tower with Radar,48,98,63,10,219,0,2,17,0,19,48,100,80,10,238,54,10,64,302
05/31/2012,GSO,NC,ASO,ES,Combined TRACON& Tower with Radar,54,103,73,1,231,0,1,53,1,55,54,104,126,2,286,13,0,13,299
06/01/2012,GSO,NC,ASO,ES,Combined TRACON& Tower with Radar,51,91,63,3,208,0,0,9,0,9,51,91,72,3,217,17,0,17,234
06/02/2012,GSO,NC,ASO,ES,Combined TRACON& Tower with Radar,24,68,36,2,130,0,1,78,0,79,24,69,114,2,209,0,0,0,209
06/03/2012,GSO,NC,ASO,ES,Combined TRACON& Tower with Radar,43,79,32,1,155,0,2,41,4,47,43,81,73,5,202,23,0,23,225
06/04/2012,GSO,NC,ASO,ES,Combined TRACON& Tower with Radar,41,95,52,0,188,0,0,36,0,36,41,95,88,0,224,13,0,13,237
06/05/2012,GSO,NC,ASO,ES,Combined TRACON& Tower with Radar,53,94,69,4,220,0,4,32,4,40,53,98,101,8,260,26,0,26,286
06/06/2012,GSO,NC,ASO,ES,Combined TRACON& Tower with Radar,48,99,82,2,231,0,0,9,0,9,48,99,91,2,240,0,0,0,240
06/07/2012,GSO,NC,ASO,ES,Combined TRACON& Tower with Radar,51,111,60,12,234,0,3,47,2,52,51,114,107,14,286,23,0,23,309
06/08/2012,GSO,NC,ASO,ES,Combined TRACON& Tower with Radar,50,103,53,0,206,0,6,52,3,61,50,109,105,3,267,44,0,44,311
06/09/2012,GSO,NC,ASO,ES,Combined TRACON& Tower with Radar,27,70,36,0,133,0,1,51,0,52,27,71,87,0,185,54,0,54,239
06/10/2012,GSO,NC,ASO,ES,Combined TRACON& Tower with Radar,40,92,30,1,163,0,0,29,0,29,40,92,59,1,192,61,0,61,253
06/11/2012,GSO,NC,ASO,ES,Combined TRACON& Tower with Radar,37,102,60,0,199,0,0,0,0,0,37,102,60,0,199,0,0,0,199
06/12/2012,GSO,NC,ASO,ES,Combined TRACON& Tower with Radar,52,98,55,0,205,0,4,1,0,5,52,102,56,0,210,0,0,0,210
06/13/2012,GSO,NC,ASO,ES,Combined TRACON& Tower with Radar,53,99,53,0,205,0,3,29,2,34,53,102,82,2,239,13,0,13,252
06/14/2012,GSO,NC,ASO,ES,Combined TRACON& Tower with Radar,55,105,52,1,213,0,0,23,2,25,55,105,75,3,238,13,0,13,251
06/15/2012,GSO,NC,ASO,ES,Combined TRACON& Tower with Radar,47,103,68,4,222,0,8,35,0,43,47,111,103,4,265,83,0,83,348
06/16/2012,GSO,NC,ASO,ES,Combined TRACON& Tower with Radar,29,65,26,0,120,0,4,47,0,51,29,69,73,0,171,52,0,52,223
06/17/2012,GSO,NC,ASO,ES,Combined TRACON& Tower with Radar,43,82,34,2,161,0,0,51,0,51,43,82,85,2,212,65,0,65,277
06/18/2012,GSO,NC,ASO,ES,Combined TRACON& Tower with Radar,37,83,65,6,191,0,10,33,2,45,37,93,98,8,236,0,0,0,236
06/19/2012,GSO,NC,ASO,ES,Combined TRACON& Tower with Radar,55,102,65,2,224,0,5,37,2,44,55,107,102,4,268,23,0,23,291
06/20/2012,GSO,NC,ASO,ES,Combined TRACON& Tower with Radar,50,95,69,2,216,0,0,45,0,45,50,95,114,2,261,26,0,26,287
06/21/2012,GSO,NC,ASO,ES,Combined TRACON& Tower with Radar,58,103,77,12,250,0,0,29,0,29,58,103,106,12,279,17,8,25,304
06/22/2012,GSO,NC,ASO,ES,Combined TRACON& Tower with Radar,51,93,62,0,206,0,0,29,0,29,51,93,91,0,235,14,0,14,249
06/23/2012,GSO,NC,ASO,ES,Combined TRACON& Tower with Radar,29,70,33,0,132,0,2,32,0,34,29,72,65,0,166,49,0,49,215
06/24/2012,GSO,NC,ASO,ES,Combined TRACON& Tower with Radar,42,87,31,0,160,0,1,43,0,44,42,88,74,0,204,36,0,36,240
06/25/2012,GSO,NC,ASO,ES,Combined TRACON& Tower with Radar,38,79,44,2,163,0,0,30,1,31,38,79,74,3,194,54,0,54,248
06/26/2012,GSO,NC,ASO,ES,Combined TRACON& Tower with Radar,49,99,33,0,181,0,1,44,1,46,49,100,77,1,227,25,6,31,258
06/27/2012,GSO,NC,ASO,ES,Combined TRACON& Tower with Radar,47,108,44,11,210,0,0,57,2,59,47,108,101,13,269,32,0,32,301
06/28/2012,GSO,NC,ASO,ES,Combined TRACON& Tower with Radar,52,99,47,1,199,0,2,30,0,32,52,101,77,1,231,28,0,28,259
06/29/2012,GSO,NC,ASO,ES,Combined TRACON& Tower with Radar,51,91,63,1,206,0,0,37,0,37,51,91,100,1,243,10,0,10,253
06/30/2012,GSO,NC,ASO,ES,Combined TRACON& Tower with Radar,29,73,24,0,126,0,2,23,0,25,29,75,47,0,151,44,0,44,195
07/01/2012,GSO,NC,ASO,ES,Combined TRACON& Tower with Radar,42,83,34,2,161,0,0,22,0,22,42,83,56,2,183,51,0,51,234
07/02/2012,GSO,NC,ASO,ES,Combined TRACON& Tower with Radar,42,76,32,7,157,0,0,29,2,31,42,76,61,9,188,0,0,0,188
07/03/2012,GSO,NC,ASO,ES,Combined TRACON& Tower with Radar,54,81,32,0,167,0,0,24,0,24,54,81,56,0,191,84,0,84,275
07/04/2012,GSO,NC,ASO,ES,Combined TRACON& Tower with Radar,36,56,12,1,105,0,0,29,0,29,36,56,41,1,134,17,0,17,151
07/05/2012,GSO,NC,ASO,ES,Combined TRACON& Tower with Radar,50,75,61,2,188,0,0,37,0,37,50,75,98,2,225,16,0,16,241
07/06/2012,GSO,NC,ASO,ES,Combined TRACON& Tower with Radar,49,87,33,0,169,0,2,21,0,23,49,89,54,0,192,100,0,100,292
07/07/2012,GSO,NC,ASO,ES,Combined TRACON& Tower with Radar,24,66,31,0,121,0,1,53,0,54,24,67,84,0,175,12,0,12,187
07/08/2012,GSO,NC,ASO,ES,Combined TRACON& Tower with Radar,38,85,37,6,166,0,0,24,4,28,38,85,61,10,194,45,31,76,270
07/09/2012,GSO,NC,ASO,ES,Combined TRACON& Tower with Radar,41,85,53,0,179,0,0,18,0,18,41,85,71,0,197,31,0,31,228
07/10/2012,GSO,NC,ASO,ES,Combined TRACON& Tower with Radar,47,112,74,0,233,0,0,7,0,7,47,112,81,0,240,36,0,36,276
07/11/2012,GSO,NC,ASO,ES,Combined TRACON& Tower with Radar,49,102,48,3,202,0,0,0,1,1,49,102,48,4,203,0,0,0,203
07/12/2012,GSO,NC,ASO,ES,Combined TRACON& Tower with Radar,53,91,50,0,194,0,1,19,2,22,53,92,69,2,216,39,0,39,255
07/13/2012,GSO,NC,ASO,ES,Combined TRACON& Tower with Radar,56,92,56,1,205,0,0,10,0,10,56,92,66,1,215,50,0,50,265
07/14/2012,GSO,NC,ASO,ES,Combined TRACON& Tower with Radar,31,77,16,0,124,0,0,2,0,2,31,77,18,0,126,36,0,36,162
07/15/2012,GSO,NC,ASO,ES,Combined TRACON& Tower with Radar,47,71,45,2,165,0,0,25,0,25,47,71,70,2,190,6,0,6,196
07/16/2012,GSO,NC,ASO,ES,Combined TRACON& Tower with Radar,48,91,55,5,199,0,3,30,7,40,48,94,85,12,239,54,0,54,293
07/17/2012,GSO,NC,ASO,ES,Combined TRACON& Tower with Radar,46,97,58,26,227,0,6,58,4,68,46,103,116,30,295,44,26,70,365
07/18/2012,GSO,NC,ASO,ES,Combined TRACON& Tower with Radar,47,90,46,4,187,0,2,45,6,53,47,92,91,10,240,72,8,80,320
07/19/2012,GSO,NC,ASO,ES,Combined TRACON& Tower with Radar,59,82,64,3,208,0,5,40,1,46,59,87,104,4,254,55,0,55,309
07/20/2012,GSO,NC,ASO,ES,Combined TRACON& Tower with Radar,52,85,61,5,203,0,2,21,0,23,52,87,82,5,226,22,0,22,248
07/21/2012,GSO,NC,ASO,ES,Combined TRACON& Tower with Radar,34,69,33,0,136,0,2,10,0,12,34,71,43,0,148,0,0,0,148
07/22/2012,GSO,NC,ASO,ES,Combined TRACON& Tower with Radar,38,79,39,0,156,0,0,5,2,7,38,79,44,2,163,38,0,38,201
07/23/2012,GSO,NC,ASO,ES,Combined TRACON& Tower with Radar,37,81,43,11,172,0,1,37,3,41,37,82,80,14,213,7,14,21,234
07/24/2012,GSO,NC,ASO,ES,Combined TRACON& Tower with Radar,52,96,48,0,196,0,0,28,0,28,52,96,76,0,224,12,0,12,236
07/25/2012,GSO,NC,ASO,ES,Combined TRACON& Tower with Radar,45,98,59,3,205,0,6,44,0,50,45,104,103,3,255,39,0,39,294
07/26/2012,GSO,NC,ASO,ES,Combined TRACON& Tower with Radar,53,79,49,0,181,0,10,59,0,69,53,89,108,0,250,7,0,7,257
07/27/2012,GSO,NC,ASO,ES,Combined TRACON& Tower with Radar,53,89,50,6,198,0,4,29,0,33,53,93,79,6,231,27,0,27,258
07/28/2012,GSO,NC,ASO,ES,Combined TRACON& Tower with Radar,40,67,20,1,128,0,0,49,2,51,40,67,69,3,179,71,0,71,250
07/29/2012,GSO,NC,ASO,ES,Combined TRACON& Tower with Radar,46,81,35,0,162,0,0,32,0,32,46,81,67,0,194,14,0,14,208
07/30/2012,GSO,NC,ASO,ES,Combined TRACON& Tower with Radar,42,90,43,5,180,0,3,21,3,27,42,93,64,8,207,43,0,43,250
07/31/2012,GSO,NC,ASO,ES,Combined TRACON& Tower with Radar,47,89,74,6,216,0,2,16,1,19,47,91,90,7,235,22,0,22,257
08/01/2012,GSO,NC,ASO,ES,Combined TRACON& Tower with Radar,51,89,67,4,211,0,5,34,2,41,51,94,101,6,252,40,0,40,292
08/02/2012,GSO,NC,ASO,ES,Combined TRACON& Tower with Radar,56,83,53,6,198,0,10,41,5,56,56,93,94,11,254,31,0,31,285
08/03/2012,GSO,NC,ASO,ES,Combined TRACON& Tower with Radar,49,104,57,3,213,0,2,23,0,25,49,106,80,3,238,40,0,40,278
08/04/2012,GSO,NC,ASO,ES,Combined TRACON& Tower with Radar,25,74,25,0,124,0,1,17,0,18,25,75,42,0,142,18,0,18,160
08/05/2012,GSO,NC,ASO,ES,Combined TRACON& Tower with Radar,41,69,48,0,158,0,0,32,0,32,41,69,80,0,190,28,0,28,218
08/06/2012,GSO,NC,ASO,ES,Combined TRACON& Tower with Radar,42,84,65,2,193,0,6,15,2,23,42,90,80,4,216,0,0,0,216
08/07/2012,GSO,NC,ASO,ES,Combined TRACON& Tower with Radar,54,94,56,7,211,0,1,10,0,11,54,95,66,7,222,36,10,46,268
08/08/2012,GSO,NC,ASO,ES,Combined TRACON& Tower with Radar,52,94,81,0,227,0,9,19,1,29,52,103,100,1,256,26,10,36,292
08/09/2012,GSO,NC,ASO,ES,Combined TRACON& Tower with Radar,55,72,55,14,196,0,10,42,1,53,55,82,97,15,249,22,20,42,291
08/10/2012,GSO,NC,ASO,ES,Combined TRACON& Tower with Radar,53,80,48,4,185,0,6,16,0,22,53,86,64,4,207,20,0,20,227
08/11/2012,GSO,NC,ASO,ES,Combined TRACON& Tower with Radar,31,69,26,0,126,0,0,0,0,0,31,69,26,0,126,13,0,13,139
08/12/2012,GSO,NC,ASO,ES,Combined TRACON& Tower with Radar,45,82,22,2,151,0,0,47,0,47,45,82,69,2,198,31,0,31,229
08/13/2012,GSO,NC,ASO,ES,Combined TRACON& Tower with Radar,43,101,81,6,231,0,2,38,0,40,43,103,119,6,271,0,0,0,271
08/14/2012,GSO,NC,ASO,ES,Combined TRACON& Tower with Radar,49,101,57,7,214,0,1,29,2,32,49,102,86,9,246,37,0,37,283
08/15/2012,GSO,NC,ASO,ES,Combined TRACON& Tower with Radar,51,90,81,3,225,0,0,43,0,43,51,90,124,3,268,16,0,16,284
08/16/2012,GSO,NC,ASO,ES,Combined TRACON& Tower with Radar,58,95,75,3,231,0,3,58,2,63,58,98,133,5,294,14,0,14,308
08/17/2012,GSO,NC,ASO,ES,Combined TRACON& Tower with Radar,61,100,53,2,216,0,2,19,2,23,61,102,72,4,239,9,0,9,248
08/18/2012,GSO,NC,ASO,ES,Combined TRACON& Tower with Radar,28,73,23,0,124,0,2,21,0,23,28,75,44,0,147,14,0,14,161
08/19/2012,GSO,NC,ASO,ES,Combined TRACON& Tower with Radar,49,88,46,3,186,0,0,0,0,0,49,88,46,3,186,0,0,0,186
08/20/2012,GSO,NC,ASO,ES,Combined TRACON& Tower with Radar,44,89,78,0,211,0,4,4,0,8,44,93,82,0,219,0,0,0,219
08/21/2012,GSO,NC,ASO,ES,Combined TRACON& Tower with Radar,54,97,53,2,206,0,10,46,0,56,54,107,99,2,262,10,0,10,272
08/22/2012,GSO,NC,ASO,ES,Combined TRACON& Tower with Radar,54,90,81,0,225,0,0,8,0,8,54,90,89,0,233,0,0,0,233
08/23/2012,GSO,NC,ASO,ES,Combined TRACON& Tower with Radar,50,94,68,1,213,0,4,29,2,35,50,98,97,3,248,17,0,17,265
08/24/2012,GSO,NC,ASO,ES,Combined TRACON& Tower with Radar,47,97,50,6,200,0,3,51,3,57,47,100,101,9,257,0,0,0,257
08/25/2012,GSO,NC,ASO,ES,Combined TRACON& Tower with Radar,28,69,36,2,135,0,5,23,0,28,28,74,59,2,163,22,0,22,185
08/26/2012,GSO,NC,ASO,ES,Combined TRACON& Tower with Radar,34,86,55,0,175,0,0,32,0,32,34,86,87,0,207,0,0,0,207
08/27/2012,GSO,NC,ASO,ES,Combined TRACON& Tower with Radar,37,83,50,2,172,0,3,49,0,52,37,86,99,2,224,14,0,14,238
08/28/2012,GSO,NC,ASO,ES,Combined TRACON& Tower with Radar,52,99,57,6,214,0,1,28,2,31,52,100,85,8,245,3,0,3,248
08/29/2012,GSO,NC,ASO,ES,Combined TRACON& Tower with Radar,50,96,76,0,222,0,0,19,4,23,50,96,95,4,245,14,0,14,259
08/30/2012,GSO,NC,ASO,ES,Combined TRACON& Tower with Radar,52,100,64,1,217,0,0,21,1,22,52,100,85,2,239,21,0,21,260
08/31/2012,GSO,NC,ASO,ES,Combined TRACON& Tower with Radar,49,90,76,2,217,0,0,39,0,39,49,90,115,2,256,4,0,4,260
09/01/2012,GSO,NC,ASO,ES,Combined TRACON& Tower with Radar,25,59,18,0,102,0,0,20,0,20,25,59,38,0,122,34,0,34,156
09/02/2012,GSO,NC,ASO,ES,Combined TRACON& Tower with Radar,25,49,25,0,99,0,0,17,2,19,25,49,42,2,118,20,0,20,138
09/03/2012,GSO,NC,ASO,ES,Combined TRACON& Tower with Radar,33,67,36,1,137,0,0,6,0,6,33,67,42,1,143,32,0,32,175
09/04/2012,GSO,NC,ASO,ES,Combined TRACON& Tower with Radar,46,77,47,0,170,0,0,0,0,0,46,77,47,0,170,0,0,0,170
09/05/2012,GSO,NC,ASO,ES,Combined TRACON& Tower with Radar,59,82,53,6,200,0,0,7,0,7,59,82,60,6,207,17,0,17,224
09/06/2012,GSO,NC,ASO,ES,Combined TRACON& Tower with Radar,60,109,91,5,265,0,0,18,4,22,60,109,109,9,287,20,0,20,307
09/07/2012,GSO,NC,ASO,ES,Combined TRACON& Tower with Radar,66,91,64,0,221,0,0,35,2,37,66,91,99,2,258,0,0,0,258
09/08/2012,GSO,NC,ASO,ES,Combined TRACON& Tower with Radar,35,51,31,0,117,0,2,12,0,14,35,53,43,0,131,21,0,21,152
09/09/2012,GSO,NC,ASO,ES,Combined TRACON& Tower with Radar,44,71,34,0,149,0,0,43,0,43,44,71,77,0,192,26,0,26,218
09/10/2012,GSO,NC,ASO,ES,Combined TRACON& Tower with Radar,47,75,53,2,177,0,3,43,0,46,47,78,96,2,223,58,0,58,281
09/11/2012,GSO,NC,ASO,ES,Combined TRACON& Tower with Radar,53,82,48,2,185,0,4,48,2,54,53,86,96,4,239,70,0,70,309
09/12/2012,GSO,NC,ASO,ES,Combined TRACON& Tower with Radar,59,81,70,2,212,0,3,52,2,57,59,84,122,4,269,40,0,40,309
09/13/2012,GSO,NC,ASO,ES,Combined TRACON& Tower with Radar,60,83,61,9,213,0,4,55,3,62,60,87,116,12,275,15,0,15,290
09/14/2012,GSO,NC,ASO,ES,Combined TRACON& Tower with Radar,60,80,43,2,185,0,2,29,0,31,60,82,72,2,216,19,0,19,235
09/15/2012,GSO,NC,ASO,ES,Combined TRACON& Tower with Radar,42,52,24,0,118,0,0,36,0,36,42,52,60,0,154,43,0,43,197
09/16/2012,GSO,NC,ASO,ES,Combined TRACON& Tower with Radar,50,74,34,3,161,0,0,2,0,2,50,74,36,3,163,0,0,0,163
09/17/2012,GSO,NC,ASO,ES,Combined TRACON& Tower with Radar,44,72,64,0,180,0,0,0,0,0,44,72,64,0,180,0,0,0,180
09/18/2012,GSO,NC,ASO,ES,Combined TRACON& Tower with Radar,52,83,42,0,177,0,0,2,0,2,52,83,44,0,179,0,0,0,179
09/19/2012,GSO,NC,ASO,ES,Combined TRACON& Tower with Radar,63,83,78,0,224,0,1,43,0,44,63,84,121,0,268,78,0,78,346
09/20/2012,GSO,NC,ASO,ES,Combined TRACON& Tower with Radar,59,85,56,0,200,0,6,45,4,55,59,91,101,4,255,37,0,37,292
09/21/2012,GSO,NC,ASO,ES,Combined TRACON& Tower with Radar,62,74,64,0,200,0,8,32,4,44,62,82,96,4,244,22,0,22,266
09/22/2012,GSO,NC,ASO,ES,Combined TRACON& Tower with Radar,38,56,15,0,109,0,4,38,1,43,38,60,53,1,152,42,0,42,194
09/23/2012,GSO,NC,ASO,ES,Combined TRACON& Tower with Radar,46,70,38,0,154,0,0,42,0,42,46,70,80,0,196,2,0,2,198
09/24/2012,GSO,NC,ASO,ES,Combined TRACON& Tower with Radar,45,71,42,1,159,0,4,33,0,37,45,75,75,1,196,47,0,47,243
09/25/2012,GSO,NC,ASO,ES,Combined TRACON& Tower with Radar,54,83,57,0,194,0,17,50,2,69,54,100,107,2,263,28,0,28,291
09/26/2012,GSO,NC,ASO,ES,Combined TRACON& Tower with Radar,61,88,43,37,229,0,9,62,2,73,61,97,105,39,302,74,12,86,388
09/27/2012,GSO,NC,ASO,ES,Combined TRACON& Tower with Radar,74,96,60,0,230,0,4,44,0,48,74,100,104,0,278,26,0,26,304
09/28/2012,GSO,NC,ASO,ES,Combined TRACON& Tower with Radar,57,86,61,3,207,0,0,50,1,51,57,86,111,4,258,17,0,17,275
09/29/2012,GSO,NC,ASO,ES,Combined TRACON& Tower with Radar,41,55,26,0,122,0,0,0,0,0,41,55,26,0,122,2,0,2,124
09/30/2012,GSO,NC,ASO,ES,Combined TRACON& Tower with Radar,50,83,39,0,172,0,0,31,0,31,50,83,70,0,203,24,0,24,227
10/01/2012,GSO,NC,ASO,ES,Combined TRACON& Tower with Radar,45,72,49,0,166,0,0,0,0,0,45,72,49,0,166,0,0,0,166
10/02/2012,GSO,NC,ASO,ES,Combined TRACON& Tower with Radar,56,90,51,1,198,0,0,7,0,7,56,90,58,1,205,40,0,40,245
10/03/2012,GSO,NC,ASO,ES,Combined TRACON& Tower with Radar,55,95,73,3,226,0,7,35,0,42,55,102,108,3,268,41,0,41,309
10/04/2012,GSO,NC,ASO,ES,Combined TRACON& Tower with Radar,63,90,62,0,215,0,2,40,0,42,63,92,102,0,257,36,0,36,293
10/05/2012,GSO,NC,ASO,ES,Combined TRACON& Tower with Radar,60,91,64,11,226,0,1,55,0,56,60,92,119,11,282,48,12,60,342
10/06/2012,GSO,NC,ASO,ES,Combined TRACON& Tower with Radar,31,62,31,1,125,0,0,54,2,56,31,62,85,3,181,44,0,44,225
10/07/2012,GSO,NC,ASO,ES,Combined TRACON& Tower with Radar,52,81,44,0,177,0,0,1,0,1,52,81,45,0,178,0,0,0,178
10/08/2012,GSO,NC,ASO,ES,Combined TRACON& Tower with Radar,45,85,46,0,176,0,0,3,0,3,45,85,49,0,179,0,0,0,179
10/09/2012,GSO,NC,ASO,ES,Combined TRACON& Tower with Radar,51,84,51,2,188,0,0,4,0,4,51,84,55,2,192,43,0,43,235
10/10/2012,GSO,NC,ASO,ES,Combined TRACON& Tower with Radar,55,85,86,0,226,0,7,36,0,43,55,92,122,0,269,45,0,45,314
10/11/2012,GSO,NC,ASO,ES,Combined TRACON& Tower with Radar,64,90,53,0,207,0,4,51,0,55,64,94,104,0,262,51,0,51,313
10/12/2012,GSO,NC,ASO,ES,Combined TRACON& Tower with Radar,53,91,87,8,239,0,4,60,4,68,53,95,147,12,307,28,7,35,342
10/13/2012,GSO,NC,ASO,ES,Combined TRACON& Tower with Radar,27,74,37,0,138,0,0,54,0,54,27,74,91,0,192,0,0,0,192
10/14/2012,GSO,NC,ASO,ES,Combined TRACON& Tower with Radar,42,80,76,1,199,0,0,37,0,37,42,80,113,1,236,43,0,43,279
10/15/2012,GSO,NC,ASO,ES,Combined TRACON& Tower with Radar,46,90,101,1,238,0,0,13,0,13,46,90,114,1,251,0,0,0,251
10/16/2012,GSO,NC,ASO,ES,Combined TRACON& Tower with Radar,54,102,94,1,251,0,0,39,3,42,54,102,133,4,293,12,0,12,305
10/17/2012,GSO,NC,ASO,ES,Combined TRACON& Tower with Radar,55,93,88,8,244,0,1,36,2,39,55,94,124,10,283,55,0,55,338
10/18/2012,GSO,NC,ASO,ES,Combined TRACON& Tower with Radar,60,84,71,1,216,0,2,8,0,10,60,86,79,1,226,46,0,46,272
10/19/2012,GSO,NC,ASO,ES,Combined TRACON& Tower with Radar,64,86,59,0,209,0,0,29,0,29,64,86,88,0,238,4,6,10,248
10/20/2012,GSO,NC,ASO,ES,Combined TRACON& Tower with Radar,29,68,27,0,124,0,0,59,0,59,29,68,86,0,183,45,0,45,228
10/21/2012,GSO,NC,ASO,ES,Combined TRACON& Tower with Radar,48,77,46,1,172,0,0,43,0,43,48,77,89,1,215,16,0,16,231
10/22/2012,GSO,NC,ASO,ES,Combined TRACON& Tower with Radar,49,82,52,1,184,0,2,44,0,46,49,84,96,1,230,60,0,60,290
10/23/2012,GSO,NC,ASO,ES,Combined TRACON& Tower with Radar,52,87,64,0,203,0,9,44,2,55,52,96,108,2,258,100,0,100,358
10/24/2012,GSO,NC,ASO,ES,Combined TRACON& Tower with Radar,56,79,68,3,206,0,8,38,1,47,56,87,106,4,253,78,0,78,331
10/25/2012,GSO,NC,ASO,ES,Combined TRACON& Tower with Radar,63,84,55,8,210,0,6,54,0,60,63,90,109,8,270,61,0,61,331
10/26/2012,GSO,NC,ASO,ES,Combined TRACON& Tower with Radar,53,92,61,0,206,0,0,1,0,1,53,92,62,0,207,6,0,6,213
10/27/2012,GSO,NC,ASO,ES,Combined TRACON& Tower with Radar,28,65,28,0,121,0,0,2,1,3,28,65,30,1,124,27,0,27,151
10/28/2012,GSO,NC,ASO,ES,Combined TRACON& Tower with Radar,44,68,43,1,156,0,0,6,1,7,44,68,49,2,163,4,0,4,167
10/29/2012,GSO,NC,ASO,ES,Combined TRACON& Tower with Radar,37,34,43,2,116,0,0,4,0,4,37,34,47,2,120,6,0,6,126
10/30/2012,GSO,NC,ASO,ES,Combined TRACON& Tower with Radar,52,59,34,0,145,0,0,5,0,5,52,59,39,0,150,0,0,0,150
10/31/2012,GSO,NC,ASO,ES,Combined TRACON& Tower with Radar,49,61,43,3,156,0,4,19,0,23,49,65,62,3,179,64,0,64,243
11/01/2012,GSO,NC,ASO,ES,Combined TRACON& Tower with Radar,61,79,50,2,192,0,6,19,0,25,61,85,69,2,217,50,0,50,267
11/02/2012,GSO,NC,ASO,ES,Combined TRACON& Tower with Radar,59,86,57,1,203,0,1,45,5,51,59,87,102,6,254,0,0,0,254
11/03/2012,GSO,NC,ASO,ES,Combined TRACON& Tower with Radar,36,67,28,0,131,0,0,49,0,49,36,67,77,0,180,56,0,56,236
11/04/2012,GSO,NC,ASO,ES,Combined TRACON& Tower with Radar,45,71,41,0,157,0,0,21,0,21,45,71,62,0,178,30,0,30,208
11/05/2012,GSO,NC,ASO,ES,Combined TRACON& Tower with Radar,42,78,49,2,171,0,3,35,2,40,42,81,84,4,211,4,0,4,215
11/06/2012,GSO,NC,ASO,ES,Combined TRACON& Tower with Radar,51,76,58,0,185,0,4,18,2,24,51,80,76,2,209,94,0,94,303
11/07/2012,GSO,NC,ASO,ES,Combined TRACON& Tower with Radar,60,63,49,17,189,0,2,32,3,37,60,65,81,20,226,39,0,39,265
11/08/2012,GSO,NC,ASO,ES,Combined TRACON& Tower with Radar,61,84,72,7,224,0,2,37,3,42,61,86,109,10,266,68,0,68,334
11/09/2012,GSO,NC,ASO,ES,Combined TRACON& Tower with Radar,59,81,56,0,196,0,2,44,3,49,59,83,100,3,245,29,0,29,274
11/10/2012,GSO,NC,ASO,ES,Combined TRACON& Tower with Radar,40,53,16,0,109,0,2,80,0,82,40,55,96,0,191,36,0,36,227
11/11/2012,GSO,NC,ASO,ES,Combined TRACON& Tower with Radar,53,66,24,0,143,0,0,47,0,47,53,66,71,0,190,22,0,22,212
11/12/2012,GSO,NC,ASO,ES,Combined TRACON& Tower with Radar,43,86,69,1,199,0,4,5,0,9,43,90,74,1,208,8,0,8,216
11/13/2012,GSO,NC,ASO,ES,Combined TRACON& Tower with Radar,55,79,55,2,191,0,2,25,2,29,55,81,80,4,220,7,0,7,227
11/14/2012,GSO,NC,ASO,ES,Combined TRACON& Tower with Radar,56,85,79,2,222,0,5,34,0,39,56,90,113,2,261,32,0,32,293
11/15/2012,GSO,NC,ASO,ES,Combined TRACON& Tower with Radar,62,92,81,1,236,0,6,23,1,30,62,98,104,2,266,33,0,33,299
11/16/2012,GSO,NC,ASO,ES,Combined TRACON& Tower with Radar,63,92,55,1,211,0,6,51,2,59,63,98,106,3,270,40,0,40,310
11/17/2012,GSO,NC,ASO,ES,Combined TRACON& Tower with Radar,43,62,22,0,127,0,0,34,0,34,43,62,56,0,161,0,0,0,161
11/18/2012,GSO,NC,ASO,ES,Combined TRACON& Tower with Radar,45,65,36,1,147,0,0,6,0,6,45,65,42,1,153,8,0,8,161
11/19/2012,GSO,NC,ASO,ES,Combined TRACON& Tower with Radar,44,74,39,2,159,0,0,9,0,9,44,74,48,2,168,4,0,4,172
11/20/2012,GSO,NC,ASO,ES,Combined TRACON& Tower with Radar,58,96,77,0,231,0,7,38,1,46,58,103,115,1,277,39,0,39,316
11/21/2012,GSO,NC,ASO,ES,Combined TRACON& Tower with Radar,65,89,45,0,199,0,12,29,2,43,65,101,74,2,242,45,0,45,287
11/22/2012,GSO,NC,ASO,ES,Combined TRACON& Tower with Radar,34,42,13,0,89,0,0,16,0,16,34,42,29,0,105,0,0,0,105
11/23/2012,GSO,NC,ASO,ES,Combined TRACON& Tower with Radar,45,46,27,0,118,0,0,18,0,18,45,46,45,0,136,4,0,4,140
11/24/2012,GSO,NC,ASO,ES,Combined TRACON& Tower with Radar,42,72,21,0,135,0,0,11,0,11,42,72,32,0,146,0,0,0,146
11/25/2012,GSO,NC,ASO,ES,Combined TRACON& Tower with Radar,54,77,52,0,183,0,0,31,0,31,54,77,83,0,214,11,0,11,225
11/26/2012,GSO,NC,ASO,ES,Combined TRACON& Tower with Radar,46,84,47,2,179,0,9,36,0,45,46,93,83,2,224,41,0,41,265
11/27/2012,GSO,NC,ASO,ES,Combined TRACON& Tower with Radar,54,82,47,3,186,0,0,7,0,7,54,82,54,3,193,8,0,8,201
11/28/2012,GSO,NC,ASO,ES,Combined TRACON& Tower with Radar,63,98,52,0,213,0,13,41,0,54,63,111,93,0,267,47,0,47,314
11/29/2012,GSO,NC,ASO,ES,Combined TRACON& Tower with Radar,65,90,71,0,226,0,17,54,2,73,65,107,125,2,299,20,0,20,319
11/30/2012,GSO,NC,ASO,ES,Combined TRACON& Tower with Radar,61,86,36,0,183,0,4,34,0,38,61,90,70,0,221,6,0,6,227
12/01/2012,GSO,NC,ASO,ES,Combined TRACON& Tower with Radar,36,51,26,16,129,0,0,38,0,38,36,51,64,16,167,45,12,57,224
12/02/2012,GSO,NC,ASO,ES,Combined TRACON& Tower with Radar,50,54,32,0,136,0,0,16,0,16,50,54,48,0,152,28,0,28,180
12/03/2012,GSO,NC,ASO,ES,Combined TRACON& Tower with Radar,50,74,56,0,180,0,3,25,0,28,50,77,81,0,208,50,0,50,258
12/04/2012,GSO,NC,ASO,ES,Combined TRACON& Tower with Radar,55,91,47,0,193,0,0,37,0,37,55,91,84,0,230,69,0,69,299
12/05/2012,GSO,NC,ASO,ES,Combined TRACON& Tower with Radar,67,79,68,0,214,0,0,4,0,4,67,79,72,0,218,0,0,0,218
12/06/2012,GSO,NC,ASO,ES,Combined TRACON& Tower with Radar,66,87,55,8,216,0,2,24,0,26,66,89,79,8,242,62,0,62,304
12/07/2012,GSO,NC,ASO,ES,Combined TRACON& Tower with Radar,61,74,43,1,179,0,0,0,0,0,61,74,43,1,179,0,0,0,179
12/08/2012,GSO,NC,ASO,ES,Combined TRACON& Tower with Radar,41,68,36,0,145,0,0,14,0,14,41,68,50,0,159,11,0,11,170
12/09/2012,GSO,NC,ASO,ES,Combined TRACON& Tower with Radar,51,62,43,0,156,0,0,2,0,2,51,62,45,0,158,14,0,14,172
12/10/2012,GSO,NC,ASO,ES,Combined TRACON& Tower with Radar,46,70,40,2,158,0,0,1,0,1,46,70,41,2,159,17,0,17,176
12/11/2012,GSO,NC,ASO,ES,Combined TRACON& Tower with Radar,54,91,63,12,220,0,10,29,2,41,54,101,92,14,261,16,0,16,277
12/12/2012,GSO,NC,ASO,ES,Combined TRACON& Tower with Radar,60,82,45,0,187,0,2,26,2,30,60,84,71,2,217,32,0,32,249
12/13/2012,GSO,NC,ASO,ES,Combined TRACON& Tower with Radar,68,91,64,4,227,0,4,49,4,57,68,95,113,8,284,45,2,47,331
12/14/2012,GSO,NC,ASO,ES,Combined TRACON& Tower with Radar,64,88,45,0,197,0,4,42,2,48,64,92,87,2,245,60,0,60,305
12/15/2012,GSO,NC,ASO,ES,Combined TRACON& Tower with Radar,34,63,30,0,127,0,0,39,0,39,34,63,69,0,166,75,0,75,241
12/16/2012,GSO,NC,ASO,ES,Combined TRACON& Tower with Radar,46,50,23,0,119,0,0,2,0,2,46,50,25,0,121,2,0,2,123
12/17/2012,GSO,NC,ASO,ES,Combined TRACON& Tower with Radar,44,71,32,0,147,0,0,0,0,0,44,71,32,0,147,0,0,0,147
12/18/2012,GSO,NC,ASO,ES,Combined TRACON& Tower with Radar,53,78,43,1,175,0,1,27,0,28,53,79,70,1,203,0,0,0,203
12/19/2012,GSO,NC,ASO,ES,Combined TRACON& Tower with Radar,61,78,59,9,207,0,8,59,0,67,61,86,118,9,274,63,10,73,347
12/20/2012,GSO,NC,ASO,ES,Combined TRACON& Tower with Radar,62,86,33,4,185,0,1,13,0,14,62,87,46,4,199,14,0,14,213
12/21/2012,GSO,NC,ASO,ES,Combined TRACON& Tower with Radar,63,74,40,0,177,0,0,9,0,9,63,74,49,0,186,0,0,0,186
12/22/2012,GSO,NC,ASO,ES,Combined TRACON& Tower with Radar,38,60,16,0,114,0,0,7,0,7,38,60,23,0,121,0,0,0,121
12/23/2012,GSO,NC,ASO,ES,Combined TRACON& Tower with Radar,46,49,10,0,105,0,0,29,0,29,46,49,39,0,134,21,0,21,155
12/24/2012,GSO,NC,ASO,ES,Combined TRACON& Tower with Radar,32,54,11,0,97,0,0,0,0,0,32,54,11,0,97,0,0,0,97
12/25/2012,GSO,NC,ASO,ES,Combined TRACON& Tower with Radar,29,41,7,0,77,0,0,3,0,3,29,41,10,0,80,0,0,0,80
12/26/2012,GSO,NC,ASO,ES,Combined TRACON& Tower with Radar,52,62,13,1,128,0,0,0,0,0,52,62,13,1,128,0,0,0,128
12/27/2012,GSO,NC,ASO,ES,Combined TRACON& Tower with Radar,59,69,36,12,176,0,0,20,0,20,59,69,56,12,196,0,20,20,216
12/28/2012,GSO,NC,ASO,ES,Combined TRACON& Tower with Radar,61,83,32,0,176,0,0,30,0,30,61,83,62,0,206,9,0,9,215
12/29/2012,GSO,NC,ASO,ES,Combined TRACON& Tower with Radar,29,61,11,0,101,0,0,6,0,6,29,61,17,0,107,0,0,0,107
12/30/2012,GSO,NC,ASO,ES,Combined TRACON& Tower with Radar,45,53,25,0,123,0,0,31,0,31,45,53,56,0,154,27,0,27,181
12/31/2012,GSO,NC,ASO,ES,Combined TRACON& Tower with Radar,35,51,35,0,121,0,0,27,2,29,35,51,62,2,150,0,0,0,150
01/01/2013,GSO,NC,ASO,ES,Combined TRACON& Tower with Radar,32,45,23,1,101,0,0,10,0,10,32,45,33,1,111,0,0,0,111
01/02/2013,GSO,NC,ASO,ES,Combined TRACON& Tower with Radar,57,69,30,0,156,0,0,19,0,19,57,69,49,0,175,0,0,0,175
01/03/2013,GSO,NC,ASO,ES,Combined TRACON& Tower with Radar,57,83,31,0,171,0,0,7,0,7,57,83,38,0,178,0,0,0,178
01/04/2013,GSO,NC,ASO,ES,Combined TRACON& Tower with Radar,45,85,39,2,171,0,3,31,2,36,45,88,70,4,207,10,0,10,217
01/05/2013,GSO,NC,ASO,ES,Combined TRACON& Tower with Radar,33,51,16,0,100,0,2,40,0,42,33,53,56,0,142,36,0,36,178
01/06/2013,GSO,NC,ASO,ES,Combined TRACON& Tower with Radar,41,64,28,0,133,0,0,14,0,14,41,64,42,0,147,14,0,14,161
01/07/2013,GSO,NC,ASO,ES,Combined TRACON& Tower with Radar,47,75,22,2,146,0,0,29,1,30,47,75,51,3,176,4,0,4,180
01/08/2013,GSO,NC,ASO,ES,Combined TRACON& Tower with Radar,45,81,46,2,174,0,3,17,0,20,45,84,63,2,194,56,0,56,250
01/09/2013,GSO,NC,ASO,ES,Combined TRACON& Tower with Radar,61,88,43,1,193,0,6,43,2,51,61,94,86,3,244,25,0,25,269
01/10/2013,GSO,NC,ASO,ES,Combined TRACON& Tower with Radar,61,81,39,8,189,0,0,26,4,30,61,81,65,12,219,28,0,28,247
01/11/2013,GSO,NC,ASO,ES,Combined TRACON& Tower with Radar,44,56,30,2,132,0,0,0,0,0,44,56,30,2,132,0,0,0,132
01/12/2013,GSO,NC,ASO,ES,Combined TRACON& Tower with Radar,32,47,33,0,112,0,0,15,0,15,32,47,48,0,127,26,0,26,153
01/13/2013,GSO,NC,ASO,ES,Combined TRACON& Tower with Radar,42,52,17,4,115,0,0,24,2,26,42,52,41,6,141,34,0,34,175
01/14/2013,GSO,NC,ASO,ES,Combined TRACON& Tower with Radar,43,83,42,0,168,0,0,1,0,1,43,83,43,0,169,0,0,0,169
01/15/2013,GSO,NC,ASO,ES,Combined TRACON& Tower with Radar,50,78,26,0,154,0,0,0,0,0,50,78,26,0,154,0,0,0,154
01/16/2013,GSO,NC,ASO,ES,Combined TRACON& Tower with Radar,60,77,33,0,170,0,0,0,0,0,60,77,33,0,170,0,0,0,170
01/17/2013,GSO,NC,ASO,ES,Combined TRACON& Tower with Radar,51,75,31,3,160,0,0,0,0,0,51,75,31,3,160,0,0,0,160
01/18/2013,GSO,NC,ASO,ES,Combined TRACON& Tower with Radar,56,82,48,6,192,0,4,42,0,46,56,86,90,6,238,15,0,15,253
01/19/2013,GSO,NC,ASO,ES,Combined TRACON& Tower with Radar,36,54,10,0,100,0,1,52,0,53,36,55,62,0,153,63,0,63,216
01/20/2013,GSO,NC,ASO,ES,Combined TRACON& Tower with Radar,41,50,28,0,119,0,0,40,0,40,41,50,68,0,159,47,0,47,206
01/21/2013,GSO,NC,ASO,ES,Combined TRACON& Tower with Radar,45,80,29,0,154,0,4,32,0,36,45,84,61,0,190,68,0,68,258
01/22/2013,GSO,NC,ASO,ES,Combined TRACON& Tower with Radar,53,92,38,2,185,0,4,32,1,37,53,96,70,3,222,2,0,2,224
01/23/2013,GSO,NC,ASO,ES,Combined TRACON& Tower with Radar,56,80,39,0,175,0,3,41,1,45,56,83,80,1,220,10,0,10,230
01/24/2013,GSO,NC,ASO,ES,Combined TRACON& Tower with Radar,59,67,40,0,166,0,2,13,0,15,59,69,53,0,181,4,0,4,185
01/25/2013,GSO,NC,ASO,ES,Combined TRACON& Tower with Radar,44,70,18,0,132,0,1,2,0,3,44,71,20,0,135,0,0,0,135
01/26/2013,GSO,NC,ASO,ES,Combined TRACON& Tower with Radar,36,51,17,10,114,0,0,14,2,16,36,51,31,12,130,0,0,0,130
01/27/2013,GSO,NC,ASO,ES,Combined TRACON& Tower with Radar,36,47,21,0,104,0,0,19,0,19,36,47,40,0,123,32,0,32,155
01/28/2013,GSO,NC,ASO,ES,Combined TRACON& Tower with Radar,45,65,32,1,143,0,0,8,0,8,45,65,40,1,151,56,0,56,207
01/29/2013,GSO,NC,ASO,ES,Combined TRACON& Tower with Radar,51,83,36,2,172,0,1,33,9,43,51,84,69,11,215,14,0,14,229
01/30/2013,GSO,NC,ASO,ES,Combined TRACON& Tower with Radar,54,77,38,0,169,0,0,0,0,0,54,77,38,0,169,0,0,0,169
01/31/2013,GSO,NC,ASO,ES,Combined TRACON& Tower with Radar,62,89,49,4,204,0,0,16,5,21,62,89,65,9,225,0,0,0,225
02/01/2013,GSO,NC,ASO,ES,Combined TRACON& Tower with Radar,55,79,39,0,173,0,0,24,0,24,55,79,63,0,197,11,0,11,208
02/02/2013,GSO,NC,ASO,ES,Combined TRACON& Tower with Radar,32,56,21,5,114,0,0,34,0,34,32,56,55,5,148,36,0,36,184
02/03/2013,GSO,NC,ASO,ES,Combined TRACON& Tower with Radar,45,49,21,1,116,0,0,18,0,18,45,49,39,1,134,18,0,18,152
02/04/2013,GSO,NC,ASO,ES,Combined TRACON& Tower with Radar,46,67,39,0,152,0,6,30,0,36,46,73,69,0,188,34,0,34,222
02/05/2013,GSO,NC,ASO,ES,Combined TRACON& Tower with Radar,56,85,41,8,190,0,0,43,1,44,56,85,84,9,234,40,0,40,274
02/06/2013,GSO,NC,ASO,ES,Combined TRACON& Tower with Radar,62,82,44,0,188,0,7,52,2,61,62,89,96,2,249,0,0,0,249
02/07/2013,GSO,NC,ASO,ES,Combined TRACON& Tower with Radar,60,85,39,0,184,0,0,4,0,4,60,85,43,0,188,0,0,0,188
02/08/2013,GSO,NC,ASO,ES,Combined TRACON& Tower with Radar,56,73,35,7,171,0,5,7,0,12,56,78,42,7,183,11,4,15,198
02/09/2013,GSO,NC,ASO,ES,Combined TRACON& Tower with Radar,31,49,29,1,110,0,0,56,0,56,31,49,85,1,166,60,0,60,226
02/10/2013,GSO,NC,ASO,ES,Combined TRACON& Tower with Radar,45,57,25,2,129,0,0,34,0,34,45,57,59,2,163,34,0,34,197
02/11/2013,GSO,NC,ASO,ES,Combined TRACON& Tower with Radar,44,65,19,0,128,0,0,1,0,1,44,65,20,0,129,0,0,0,129
02/12/2013,GSO,NC,ASO,ES,Combined TRACON& Tower with Radar,52,84,56,1,193,0,2,44,1,47,52,86,100,2,240,24,0,24,264
02/13/2013,GSO,NC,ASO,ES,Combined TRACON& Tower with Radar,57,80,43,2,182,0,1,0,0,1,57,81,43,2,183,0,0,0,183
02/14/2013,GSO,NC,ASO,ES,Combined TRACON& Tower with Radar,60,90,50,2,202,0,2,46,0,48,60,92,96,2,250,95,0,95,345
02/15/2013,GSO,NC,ASO,ES,Combined TRACON& Tower with Radar,59,85,36,1,181,0,0,52,2,54,59,85,88,3,235,26,0,26,261
02/16/2013,GSO,NC,ASO,ES,Combined TRACON& Tower with Radar,31,57,8,0,96,0,0,1,0,1,31,57,9,0,97,0,0,0,97
02/17/2013,GSO,NC,ASO,ES,Combined TRACON& Tower with Radar,48,47,11,1,107,0,0,20,0,20,48,47,31,1,127,0,0,0,127
02/18/2013,GSO,NC,ASO,ES,Combined TRACON& Tower with Radar,50,64,58,0,172,0,0,45,4,49,50,64,103,4,221,89,0,89,310
02/19/2013,GSO,NC,ASO,ES,Combined TRACON& Tower with Radar,58,79,51,8,196,0,0,7,10,17,58,79,58,18,213,0,24,24,237
02/20/2013,GSO,NC,ASO,ES,Combined TRACON& Tower with Radar,71,81,51,13,216,0,0,60,2,62,71,81,111,15,278,43,27,70,348
02/21/2013,GSO,NC,ASO,ES,Combined TRACON& Tower with Radar,66,83,42,18,209,0,2,57,2,61,66,85,99,20,270,28,16,44,314
02/22/2013,GSO,NC,ASO,ES,Combined TRACON& Tower with Radar,60,81,19,2,162,0,0,0,0,0,60,81,19,2,162,0,0,0,162
02/23/2013,GSO,NC,ASO,ES,Combined TRACON& Tower with Radar,33,60,19,2,114,0,0,0,0,0,33,60,19,2,114,0,0,0,114
02/24/2013,GSO,NC,ASO,ES,Combined TRACON& Tower with Radar,49,60,39,1,149,0,0,61,0,61,49,60,100,1,210,51,0,51,261
02/25/2013,GSO,NC,ASO,ES,Combined TRACON& Tower with Radar,53,71,41,5,170,0,0,31,2,33,53,71,72,7,203,49,0,49,252
02/26/2013,GSO,NC,ASO,ES,Combined TRACON& Tower with Radar,57,76,39,0,172,0,0,0,0,0,57,76,39,0,172,0,0,0,172
02/27/2013,GSO,NC,ASO,ES,Combined TRACON& Tower with Radar,58,82,59,0,199,0,2,24,0,26,58,84,83,0,225,49,0,49,274
02/28/2013,GSO,NC,ASO,ES,Combined TRACON& Tower with Radar,63,87,47,2,199,0,0,29,0,29,63,87,76,2,228,18,0,18,246
03/01/2013,GSO,NC,ASO,ES,Combined TRACON& Tower with Radar,56,86,36,1,179,0,6,35,1,42,56,92,71,2,221,0,0,0,221
03/02/2013,GSO,NC,ASO,ES,Combined TRACON& Tower with Radar,36,55,9,0,100,0,1,19,1,21,36,56,28,1,121,43,0,43,164
03/03/2013,GSO,NC,ASO,ES,Combined TRACON& Tower with Radar,54,55,35,0,144,0,0,41,0,41,54,55,76,0,185,14,0,14,199
03/04/2013,GSO,NC,ASO,ES,Combined TRACON& Tower with Radar,50,75,39,10,174,0,1,52,0,53,50,76,91,10,227,10,0,10,237
03/05/2013,GSO,NC,ASO,ES,Combined TRACON& Tower with Radar,58,79,34,0,171,0,0,8,0,8,58,79,42,0,179,0,0,0,179
03/06/2013,GSO,NC,ASO,ES,Combined TRACON& Tower with Radar,65,65,35,6,171,0,0,3,0,3,65,65,38,6,174,0,0,0,174
03/07/2013,GSO,NC,ASO,ES,Combined TRACON& Tower with Radar,64,73,57,4,198,0,3,35,0,38,64,76,92,4,236,7,0,7,243
03/08/2013,GSO,NC,ASO,ES,Combined TRACON& Tower with Radar,62,68,45,6,181,0,3,34,0,37,62,71,79,6,218,0,0,0,218
03/09/2013,GSO,NC,ASO,ES,Combined TRACON& Tower with Radar,38,56,20,0,114,0,2,56,0,58,38,58,76,0,172,101,0,101,273
03/10/2013,GSO,NC,ASO,ES,Combined TRACON& Tower with Radar,49,55,37,1,142,0,0,49,0,49,49,55,86,1,191,36,0,36,227
03/11/2013,GSO,NC,ASO,ES,Combined TRACON& Tower with Radar,61,72,52,6,191,0,4,8,0,12,61,76,60,6,203,16,0,16,219
03/12/2013,GSO,NC,ASO,ES,Combined TRACON& Tower with Radar,64,78,53,12,207,0,5,20,4,29,64,83,73,16,236,28,0,28,264
03/13/2013,GSO,NC,ASO,ES,Combined TRACON& Tower with Radar,69,71,49,7,196,0,4,24,0,28,69,75,73,7,224,16,0,16,240
03/14/2013,GSO,NC,ASO,ES,Combined TRACON& Tower with Radar,68,82,69,6,225,0,4,44,8,56,68,86,113,14,281,26,0,26,307
03/15/2013,GSO,NC,ASO,ES,Combined TRACON& Tower with Radar,60,88,53,3,204,0,4,48,2,54,60,92,101,5,258,45,0,45,303
03/16/2013,GSO,NC,ASO,ES,Combined TRACON& Tower with Radar,35,66,20,2,123,0,0,30,0,30,35,66,50,2,153,43,0,43,196
03/17/2013,GSO,NC,ASO,ES,Combined TRACON& Tower with Radar,52,65,64,0,181,0,0,3,0,3,52,65,67,0,184,19,0,19,203
03/18/2013,GSO,NC,ASO,ES,Combined TRACON& Tower with Radar,57,59,23,0,139,0,1,0,0,1,57,60,23,0,140,0,0,0,140
03/19/2013,GSO,NC,ASO,ES,Combined TRACON& Tower with Radar,66,81,43,4,194,0,0,27,0,27,66,81,70,4,221,0,0,0,221
03/20/2013,GSO,NC,ASO,ES,Combined TRACON& Tower with Radar,69,87,46,1,203,0,4,39,3,46,69,91,85,4,249,11,0,11,260
03/21/2013,GSO,NC,ASO,ES,Combined TRACON& Tower with Radar,68,91,53,2,214,0,4,28,2,34,68,95,81,4,248,19,0,19,267
03/22/2013,GSO,NC,ASO,ES,Combined TRACON& Tower with Radar,60,80,41,8,189,0,4,40,6,50,60,84,81,14,239,38,4,42,281
03/23/2013,GSO,NC,ASO,ES,Combined TRACON& Tower with Radar,28,64,21,0,113,0,0,38,0,38,28,64,59,0,151,81,0,81,232
03/24/2013,GSO,NC,ASO,ES,Combined TRACON& Tower with Radar,50,48,19,0,117,0,0,0,0,0,50,48,19,0,117,0,0,0,117
03/25/2013,GSO,NC,ASO,ES,Combined TRACON& Tower with Radar,52,58,23,0,133,0,0,5,0,5,52,58,28,0,138,0,0,0,138
03/26/2013,GSO,NC,ASO,ES,Combined TRACON& Tower with Radar,64,77,30,12,183,0,0,23,0,23,64,77,53,12,206,50,0,50,256
03/27/2013,GSO,NC,ASO,ES,Combined TRACON& Tower with Radar,69,82,72,0,223,0,2,38,2,42,69,84,110,2,265,20,0,20,285
03/28/2013,GSO,NC,ASO,ES,Combined TRACON& Tower with Radar,66,83,66,1,216,0,0,42,2,44,66,83,108,3,260,56,0,56,316
03/29/2013,GSO,NC,ASO,ES,Combined TRACON& Tower with Radar,59,76,37,9,181,0,0,65,0,65,59,76,102,9,246,86,8,94,340
03/30/2013,GSO,NC,ASO,ES,Combined TRACON& Tower with Radar,28,55,18,0,101,0,0,41,0,41,28,55,59,0,142,42,0,42,184
03/31/2013,GSO,NC,ASO,ES,Combined TRACON& Tower with Radar,48,62,22,2,134,0,0,0,0,0,48,62,22,2,134,0,0,0,134
04/01/2013,GSO,NC,ASO,ES,Combined TRACON& Tower with Radar,56,68,50,0,174,0,2,20,0,22,56,70,70,0,196,44,0,44,240
04/02/2013,GSO,NC,ASO,ES,Combined TRACON& Tower with Radar,66,81,28,2,177,0,0,50,4,54,66,81,78,6,231,35,0,35,266
04/03/2013,GSO,NC,ASO,ES,Combined TRACON& Tower with Radar,65,77,27,2,171,0,2,42,0,44,65,79,69,2,215,37,0,37,252
04/04/2013,GSO,NC,ASO,ES,Combined TRACON& Tower with Radar,66,81,37,7,191,0,0,8,1,9,66,81,45,8,200,0,0,0,200
04/05/2013,GSO,NC,ASO,ES,Combined TRACON& Tower with Radar,58,80,48,2,188,0,3,31,0,34,58,83,79,2,222,62,14,76,298
04/06/2013,GSO,NC,ASO,ES,Combined TRACON& Tower with Radar,32,61,32,18,143,0,0,64,0,64,32,61,96,18,207,62,16,78,285
04/07/2013,GSO,NC,ASO,ES,Combined TRACON& Tower with Radar,51,67,32,0,150,0,0,44,0,44,51,67,76,0,194,0,0,0,194
04/08/2013,GSO,NC,ASO,ES,Combined TRACON& Tower with Radar,53,78,33,6,170,0,1,35,0,36,53,79,68,6,206,0,0,0,206
04/09/2013,GSO,NC,ASO,ES,Combined TRACON& Tower with Radar,70,89,56,10,225,0,0,37,10,47,70,89,93,20,272,0,10,10,282
04/10/2013,GSO,NC,ASO,ES,Combined TRACON& Tower with Radar,64,68,58,6,196,0,0,42,0,42,64,68,100,6,238,31,0,31,269
04/11/2013,GSO,NC,ASO,ES,Combined TRACON& Tower with Radar,63,76,69,3,211,0,0,22,0,22,63,76,91,3,233,0,0,0,233
04/12/2013,GSO,NC,ASO,ES,Combined TRACON& Tower with Radar,72,74,41,3,190,0,1,32,15,48,72,75,73,18,238,0,0,0,238
04/13/2013,GSO,NC,ASO,ES,Combined TRACON& Tower with Radar,32,48,38,0,118,0,1,119,0,120,32,49,157,0,238,22,0,22,260
04/14/2013,GSO,NC,ASO,ES,Combined TRACON& Tower with Radar,50,63,52,1,166,0,4,65,0,69,50,67,117,1,235,41,0,41,276
04/15/2013,GSO,NC,ASO,ES,Combined TRACON& Tower with Radar,54,63,49,8,174,0,0,2,0,2,54,63,51,8,176,12,2,14,190
04/16/2013,GSO,NC,ASO,ES,Combined TRACON& Tower with Radar,67,73,75,30,245,0,1,10,0,11,67,74,85,30,256,44,26,70,326
04/17/2013,GSO,NC,ASO,ES,Combined TRACON& Tower with Radar,68,70,83,2,223,0,0,34,2,36,68,70,117,4,259,18,0,18,277
04/18/2013,GSO,NC,ASO,ES,Combined TRACON& Tower with Radar,71,97,80,7,255,0,3,47,0,50,71,100,127,7,305,18,0,18,323
04/19/2013,GSO,NC,ASO,ES,Combined TRACON& Tower with Radar,68,92,68,0,228,0,0,1,0,1,68,92,69,0,229,0,0,0,229
04/20/2013,GSO,NC,ASO,ES,Combined TRACON& Tower with Radar,33,65,38,0,136,0,1,46,0,47,33,66,84,0,183,28,0,28,211
04/21/2013,GSO,NC,ASO,ES,Combined TRACON& Tower with Radar,52,77,77,1,207,0,1,32,0,33,52,78,109,1,240,38,0,38,278
04/22/2013,GSO,NC,ASO,ES,Combined TRACON& Tower with Radar,64,76,80,1,221,0,0,38,0,38,64,76,118,1,259,0,0,0,259
04/23/2013,GSO,NC,ASO,ES,Combined TRACON& Tower with Radar,73,83,97,16,269,0,0,40,4,44,73,83,137,20,313,62,20,82,395
04/24/2013,GSO,NC,ASO,ES,Combined TRACON& Tower with Radar,71,76,91,0,238,0,0,29,0,29,71,76,120,0,267,0,0,0,267
04/25/2013,GSO,NC,ASO,ES,Combined TRACON& Tower with Radar,74,85,52,1,212,0,2,37,1,40,74,87,89,2,252,32,0,32,284
04/26/2013,GSO,NC,ASO,ES,Combined TRACON& Tower with Radar,70,80,51,7,208,0,3,34,0,37,70,83,85,7,245,28,0,28,273
04/27/2013,GSO,NC,ASO,ES,Combined TRACON& Tower with Radar,34,56,22,0,112,0,0,37,4,41,34,56,59,4,153,37,0,37,190
04/28/2013,GSO,NC,ASO,ES,Combined TRACON& Tower with Radar,50,50,39,0,139,0,0,3,0,3,50,50,42,0,142,12,0,12,154
04/29/2013,GSO,NC,ASO,ES,Combined TRACON& Tower with Radar,65,58,50,0,173,0,0,2,4,6,65,58,52,4,179,8,0,8,187
04/30/2013,GSO,NC,ASO,ES,Combined TRACON& Tower with Radar,74,67,59,2,202,0,0,3,0,3,74,67,62,2,205,18,0,18,223
05/01/2013,GSO,NC,ASO,ES,Combined TRACON& Tower with Radar,69,69,60,2,200,0,0,1,0,1,69,69,61,2,201,0,0,0,201
05/02/2013,GSO,NC,ASO,ES,Combined TRACON& Tower with Radar,75,83,59,11,228,0,0,2,0,2,75,83,61,11,230,0,0,0,230
05/03/2013,GSO,NC,ASO,ES,Combined TRACON& Tower with Radar,67,83,63,1,214,0,0,7,1,8,67,83,70,2,222,12,0,12,234
05/04/2013,GSO,NC,ASO,ES,Combined TRACON& Tower with Radar,31,48,20,0,99,0,0,13,0,13,31,48,33,0,112,0,0,0,112
05/05/2013,GSO,NC,ASO,ES,Combined TRACON& Tower with Radar,54,56,30,1,141,0,0,0,0,0,54,56,30,1,141,0,0,0,141
05/06/2013,GSO,NC,ASO,ES,Combined TRACON& Tower with Radar,56,71,28,0,155,0,0,2,0,2,56,71,30,0,157,14,0,14,171
05/07/2013,GSO,NC,ASO,ES,Combined TRACON& Tower with Radar,66,84,33,0,183,0,0,10,0,10,66,84,43,0,193,0,0,0,193
05/08/2013,GSO,NC,ASO,ES,Combined TRACON& Tower with Radar,72,73,47,0,192,0,3,10,0,13,72,76,57,0,205,0,0,0,205
05/09/2013,GSO,NC,ASO,ES,Combined TRACON& Tower with Radar,74,82,60,4,220,0,6,46,2,54,74,88,106,6,274,28,0,28,302
05/10/2013,GSO,NC,ASO,ES,Combined TRACON& Tower with Radar,69,71,41,1,182,0,4,59,0,63,69,75,100,1,245,91,0,91,336
05/11/2013,GSO,NC,ASO,ES,Combined TRACON& Tower with Radar,31,49,21,0,101,0,0,32,0,32,31,49,53,0,133,18,0,18,151
05/12/2013,GSO,NC,ASO,ES,Combined TRACON& Tower with Radar,46,51,25,0,122,0,0,29,0,29,46,51,54,0,151,0,0,0,151
05/13/2013,GSO,NC,ASO,ES,Combined TRACON& Tower with Radar,62,70,51,4,187,0,1,44,2,47,62,71,95,6,234,10,0,10,244
05/14/2013,GSO,NC,ASO,ES,Combined TRACON& Tower with Radar,63,77,51,0,191,0,2,54,4,60,63,79,105,4,251,23,1,24,275
05/15/2013,GSO,NC,ASO,ES,Combined TRACON& Tower with Radar,66,72,40,6,184,0,3,61,2,66,66,75,101,8,250,5,12,17,267
05/16/2013,GSO,NC,ASO,ES,Combined TRACON& Tower with Radar,74,69,61,2,206,0,3,32,2,37,74,72,93,4,243,12,0,12,255
05/17/2013,GSO,NC,ASO,ES,Combined TRACON& Tower with Radar,65,75,40,0,180,0,6,35,2,43,65,81,75,2,223,31,0,31,254
05/18/2013,GSO,NC,ASO,ES,Combined TRACON& Tower with Radar,29,60,16,2,107,0,1,15,0,16,29,61,31,2,123,0,0,0,123
05/19/2013,GSO,NC,ASO,ES,Combined TRACON& Tower with Radar,56,58,32,1,147,0,0,1,0,1,56,58,33,1,148,0,0,0,148
05/20/2013,GSO,NC,ASO,ES,Combined TRACON& Tower with Radar,52,74,36,4,166,0,0,3,0,3,52,74,39,4,169,0,0,0,169
05/21/2013,GSO,NC,ASO,ES,Combined TRACON& Tower with Radar,69,77,52,4,202,0,0,18,0,18,69,77,70,4,220,60,14,74,294
05/22/2013,GSO,NC,ASO,ES,Combined TRACON& Tower with Radar,64,79,58,0,201,0,0,39,0,39,64,79,97,0,240,12,0,12,252
05/23/2013,GSO,NC,ASO,ES,Combined TRACON& Tower with Radar,68,73,63,8,212,0,2,10,0,12,68,75,73,8,224,32,4,36,260
05/24/2013,GSO,NC,ASO,ES,Combined TRACON& Tower with Radar,69,70,66,1,206,0,6,16,1,23,69,76,82,2,229,16,0,16,245
05/25/2013,GSO,NC,ASO,ES,Combined TRACON& Tower with Radar,31,54,11,0,96,0,0,58,0,58,31,54,69,0,154,0,0,0,154
05/26/2013,GSO,NC,ASO,ES,Combined TRACON& Tower with Radar,49,42,17,0,108,0,0,37,0,37,49,42,54,0,145,4,0,4,149
05/27/2013,GSO,NC,ASO,ES,Combined TRACON& Tower with Radar,49,47,39,0,135,0,0,31,0,31,49,47,70,0,166,0,0,0,166
05/28/2013,GSO,NC,ASO,ES,Combined TRACON& Tower with Radar,63,65,47,11,186,0,9,53,2,64,63,74,100,13,250,45,0,45,295
05/29/2013,GSO,NC,ASO,ES,Combined TRACON& Tower with Radar,70,75,58,1,204,0,8,66,2,76,70,83,124,3,280,39,6,45,325
05/30/2013,GSO,NC,ASO,ES,Combined TRACON& Tower with Radar,77,79,44,3,203,0,5,48,4,57,77,84,92,7,260,38,0,38,298
05/31/2013,GSO,NC,ASO,ES,Combined TRACON& Tower with Radar,68,82,56,21,227,0,9,35,0,44,68,91,91,21,271,35,0,35,306
06/01/2013,GSO,NC,ASO,ES,Combined TRACON& Tower with Radar,35,54,9,5,103,0,5,33,0,38,35,59,42,5,141,14,0,14,155
06/02/2013,GSO,NC,ASO,ES,Combined TRACON& Tower with Radar,63,56,24,1,144,0,1,26,0,27,63,57,50,1,171,0,0,0,171
06/03/2013,GSO,NC,ASO,ES,Combined TRACON& Tower with Radar,55,61,45,6,167,0,1,1,0,2,55,62,46,6,169,0,18,18,187
06/04/2013,GSO,NC,ASO,ES,Combined TRACON& Tower with Radar,67,75,51,10,203,0,7,26,5,38,67,82,77,15,241,91,0,91,332
06/05/2013,GSO,NC,ASO,ES,Combined TRACON& Tower with Radar,75,72,78,3,228,0,0,9,1,10,75,72,87,4,238,16,0,16,254
06/06/2013,GSO,NC,ASO,ES,Combined TRACON& Tower with Radar,73,76,39,6,194,0,0,0,0,0,73,76,39,6,194,0,0,0,194
06/07/2013,GSO,NC,ASO,ES,Combined TRACON& Tower with Radar,68,72,25,1,166,0,0,2,0,2,68,72,27,1,168,0,0,0,168
06/08/2013,GSO,NC,ASO,ES,Combined TRACON& Tower with Radar,35,58,24,0,117,0,1,39,0,40,35,59,63,0,157,62,0,62,219
06/09/2013,GSO,NC,ASO,ES,Combined TRACON& Tower with Radar,55,52,37,1,145,0,0,27,0,27,55,52,64,1,172,0,0,0,172
06/10/2013,GSO,NC,ASO,ES,Combined TRACON& Tower with Radar,53,70,32,2,157,0,0,2,0,2,53,70,34,2,159,0,0,0,159
06/11/2013,GSO,NC,ASO,ES,Combined TRACON& Tower with Radar,74,77,72,3,226,0,8,39,0,47,74,85,111,3,273,32,0,32,305
06/12/2013,GSO,NC,ASO,ES,Combined TRACON& Tower with Radar,66,76,76,6,224,0,9,53,4,66,66,85,129,10,290,25,2,27,317
06/13/2013,GSO,NC,ASO,ES,Combined TRACON& Tower with Radar,68,74,43,1,186,0,1,22,0,23,68,75,65,1,209,8,0,8,217
06/14/2013,GSO,NC,ASO,ES,Combined TRACON& Tower with Radar,71,69,49,3,192,0,23,31,3,57,71,92,80,6,249,49,0,49,298
06/15/2013,GSO,NC,ASO,ES,Combined TRACON& Tower with Radar,30,56,30,1,117,0,1,58,1,60,30,57,88,2,177,31,0,31,208
06/16/2013,GSO,NC,ASO,ES,Combined TRACON& Tower with Radar,57,52,37,1,147,0,0,29,0,29,57,52,66,1,176,0,0,0,176
06/17/2013,GSO,NC,ASO,ES,Combined TRACON& Tower with Radar,51,62,56,0,169,0,2,10,0,12,51,64,66,0,181,43,0,43,224
06/18/2013,GSO,NC,ASO,ES,Combined TRACON& Tower with Radar,65,81,36,0,182,0,0,5,0,5,65,81,41,0,187,0,0,0,187
06/19/2013,GSO,NC,ASO,ES,Combined TRACON& Tower with Radar,67,74,58,6,205,0,4,45,3,52,67,78,103,9,257,37,20,57,314
06/20/2013,GSO,NC,ASO,ES,Combined TRACON& Tower with Radar,73,74,63,4,214,0,4,26,1,31,73,78,89,5,245,31,0,31,276
06/21/2013,GSO,NC,ASO,ES,Combined TRACON& Tower with Radar,64,69,39,1,173,0,10,51,2,63,64,79,90,3,236,16,0,16,252
06/22/2013,GSO,NC,ASO,ES,Combined TRACON& Tower with Radar,33,63,33,0,129,0,0,17,0,17,33,63,50,0,146,44,0,44,190
06/23/2013,GSO,NC,ASO,ES,Combined TRACON& Tower with Radar,59,55,31,0,145,0,1,16,2,19,59,56,47,2,164,4,0,4,168
06/24/2013,GSO,NC,ASO,ES,Combined TRACON& Tower with Radar,51,61,54,0,166,0,4,14,0,18,51,65,68,0,184,0,0,0,184
06/25/2013,GSO,NC,ASO,ES,Combined TRACON& Tower with Radar,67,75,36,2,180,0,2,16,0,18,67,77,52,2,198,11,0,11,209
06/26/2013,GSO,NC,ASO,ES,Combined TRACON& Tower with Radar,65,70,40,0,175,0,2,24,2,28,65,72,64,2,203,0,0,0,203
06/27/2013,GSO,NC,ASO,ES,Combined TRACON& Tower with Radar,81,79,65,1,226,0,4,17,2,23,81,83,82,3,249,57,0,57,306
06/28/2013,GSO,NC,ASO,ES,Combined TRACON& Tower with Radar,65,70,58,0,193,0,2,41,2,45,65,72,99,2,238,12,0,12,250
06/29/2013,GSO,NC,ASO,ES,Combined TRACON& Tower with Radar,32,59,31,0,122,0,6,27,0,33,32,65,58,0,155,0,0,0,155
06/30/2013,GSO,NC,ASO,ES,Combined TRACON& Tower with Radar,55,56,27,0,138,0,0,7,0,7,55,56,34,0,145,0,0,0,145
07/01/2013,GSO,NC,ASO,ES,Combined TRACON& Tower with Radar,47,57,50,12,166,0,4,7,0,11,47,61,57,12,177,10,2,12,189
07/02/2013,GSO,NC,ASO,ES,Combined TRACON& Tower with Radar,64,60,54,0,178,0,0,2,0,2,64,60,56,0,180,0,0,0,180
07/03/2013,GSO,NC,ASO,ES,Combined TRACON& Tower with Radar,68,63,47,0,178,0,0,2,0,2,68,63,49,0,180,8,0,8,188
07/04/2013,GSO,NC,ASO,ES,Combined TRACON& Tower with Radar,44,30,15,1,90,0,0,7,0,7,44,30,22,1,97,26,0,26,123
07/05/2013,GSO,NC,ASO,ES,Combined TRACON& Tower with Radar,52,52,28,0,132,0,5,16,0,21,52,57,44,0,153,22,0,22,175
07/06/2013,GSO,NC,ASO,ES,Combined TRACON& Tower with Radar,30,56,28,0,114,0,0,18,0,18,30,56,46,0,132,41,0,41,173
07/07/2013,GSO,NC,ASO,ES,Combined TRACON& Tower with Radar,54,64,49,1,168,0,0,9,0,9,54,64,58,1,177,19,0,19,196
07/08/2013,GSO,NC,ASO,ES,Combined TRACON& Tower with Radar,53,59,49,2,163,0,1,23,0,24,53,60,72,2,187,29,0,29,216
07/09/2013,GSO,NC,ASO,ES,Combined TRACON& Tower with Radar,67,77,52,1,197,0,3,17,0,20,67,80,69,1,217,31,0,31,248
07/10/2013,GSO,NC,ASO,ES,Combined TRACON& Tower with Radar,63,68,45,1,177,0,3,19,2,24,63,71,64,3,201,36,0,36,237
07/11/2013,GSO,NC,ASO,ES,Combined TRACON& Tower with Radar,73,75,55,3,206,0,2,3,0,5,73,77,58,3,211,25,0,25,236
07/12/2013,GSO,NC,ASO,ES,Combined TRACON& Tower with Radar,59,87,53,3,202,0,0,8,1,9,59,87,61,4,211,12,0,12,223
07/13/2013,GSO,NC,ASO,ES,Combined TRACON& Tower with Radar,30,69,25,0,124,0,0,2,0,2,30,69,27,0,126,4,0,4,130
07/14/2013,GSO,NC,ASO,ES,Combined TRACON& Tower with Radar,63,54,33,2,152,0,0,20,0,20,63,54,53,2,172,26,0,26,198
07/15/2013,GSO,NC,ASO,ES,Combined TRACON& Tower with Radar,56,68,41,2,167,0,1,38,3,42,56,69,79,5,209,36,0,36,245
07/16/2013,GSO,NC,ASO,ES,Combined TRACON& Tower with Radar,66,74,49,11,200,0,2,43,4,49,66,76,92,15,249,46,20,66,315
07/17/2013,GSO,NC,ASO,ES,Combined TRACON& Tower with Radar,64,72,55,2,193,0,1,34,4,39,64,73,89,6,232,55,0,55,287
07/18/2013,GSO,NC,ASO,ES,Combined TRACON& Tower with Radar,76,73,47,25,221,0,1,41,3,45,76,74,88,28,266,48,0,48,314
07/19/2013,GSO,NC,ASO,ES,Combined TRACON& Tower with Radar,64,67,38,0,169,0,8,35,0,43,64,75,73,0,212,17,0,17,229
07/20/2013,GSO,NC,ASO,ES,Combined TRACON& Tower with Radar,33,60,28,0,121,0,0,8,0,8,33,60,36,0,129,0,0,0,129
07/21/2013,GSO,NC,ASO,ES,Combined TRACON& Tower with Radar,61,52,31,0,144,0,0,17,0,17,61,52,48,0,161,49,0,49,210
07/22/2013,GSO,NC,ASO,ES,Combined TRACON& Tower with Radar,56,69,45,2,172,0,2,11,0,13,56,71,56,2,185,0,0,0,185
07/23/2013,GSO,NC,ASO,ES,Combined TRACON& Tower with Radar,68,71,54,0,193,0,2,53,0,55,68,73,107,0,248,46,0,46,294
07/24/2013,GSO,NC,ASO,ES,Combined TRACON& Tower with Radar,67,69,41,14,191,0,4,48,2,54,67,73,89,16,245,86,6,92,337
07/25/2013,GSO,NC,ASO,ES,Combined TRACON& Tower with Radar,76,76,49,1,202,0,5,16,0,21,76,81,65,1,223,0,0,0,223
07/26/2013,GSO,NC,ASO,ES,Combined TRACON& Tower with Radar,60,75,44,0,179,0,4,41,2,47,60,79,85,2,226,38,0,38,264
07/27/2013,GSO,NC,ASO,ES,Combined TRACON& Tower with Radar,27,64,22,0,113,0,0,2,0,2,27,64,24,0,115,44,0,44,159
07/28/2013,GSO,NC,ASO,ES,Combined TRACON& Tower with Radar,57,57,39,21,174,0,0,24,0,24,57,57,63,21,198,2,0,2,200
07/29/2013,GSO,NC,ASO,ES,Combined TRACON& Tower with Radar,61,63,25,0,149,0,3,51,1,55,61,66,76,1,204,15,0,15,219
07/30/2013,GSO,NC,ASO,ES,Combined TRACON& Tower with Radar,67,81,37,2,187,0,0,51,2,53,67,81,88,4,240,32,0,32,272
07/31/2013,GSO,NC,ASO,ES,Combined TRACON& Tower with Radar,64,69,29,1,163,0,0,12,3,15,64,69,41,4,178,14,0,14,192
08/01/2013,GSO,NC,ASO,ES,Combined TRACON& Tower with Radar,73,82,37,5,197,0,4,20,3,27,73,86,57,8,224,27,11,38,262
08/02/2013,GSO,NC,ASO,ES,Combined TRACON& Tower with Radar,59,74,55,3,191,0,5,45,2,52,59,79,100,5,243,24,0,24,267
08/03/2013,GSO,NC,ASO,ES,Combined TRACON& Tower with Radar,37,69,15,0,121,0,0,47,0,47,37,69,62,0,168,46,0,46,214
08/04/2013,GSO,NC,ASO,ES,Combined TRACON& Tower with Radar,61,58,25,3,147,0,0,30,0,30,61,58,55,3,177,0,0,0,177
08/05/2013,GSO,NC,ASO,ES,Combined TRACON& Tower with Radar,51,59,37,10,157,0,1,34,1,36,51,60,71,11,193,8,0,8,201
08/06/2013,GSO,NC,ASO,ES,Combined TRACON& Tower with Radar,59,80,44,6,189,0,0,17,2,19,59,80,61,8,208,16,45,61,269
08/07/2013,GSO,NC,ASO,ES,Combined TRACON& Tower with Radar,64,85,53,6,208,0,0,31,1,32,64,85,84,7,240,107,0,107,347
08/08/2013,GSO,NC,ASO,ES,Combined TRACON& Tower with Radar,65,74,49,7,195,0,0,25,0,25,65,74,74,7,220,0,0,0,220
08/09/2013,GSO,NC,ASO,ES,Combined TRACON& Tower with Radar,64,71,39,0,174,0,0,17,0,17,64,71,56,0,191,33,0,33,224
08/10/2013,GSO,NC,ASO,ES,Combined TRACON& Tower with Radar,31,68,27,0,126,0,0,55,0,55,31,68,82,0,181,44,0,44,225
08/11/2013,GSO,NC,ASO,ES,Combined TRACON& Tower with Radar,59,55,37,1,152,0,0,31,0,31,59,55,68,1,183,19,0,19,202
08/12/2013,GSO,NC,ASO,ES,Combined TRACON& Tower with Radar,52,70,46,13,181,0,4,31,0,35,52,74,77,13,216,63,0,63,279
08/13/2013,GSO,NC,ASO,ES,Combined TRACON& Tower with Radar,60,82,45,2,189,0,1,5,2,8,60,83,50,4,197,33,0,33,230
08/14/2013,GSO,NC,ASO,ES,Combined TRACON& Tower with Radar,63,89,40,1,193,0,2,68,0,70,63,91,108,1,263,46,0,46,309
08/15/2013,GSO,NC,ASO,ES,Combined TRACON& Tower with Radar,70,75,53,1,199,0,6,68,0,74,70,81,121,1,273,53,2,55,328
08/16/2013,GSO,NC,ASO,ES,Combined TRACON& Tower with Radar,58,93,46,1,198,0,8,28,0,36,58,101,74,1,234,45,0,45,279
08/17/2013,GSO,NC,ASO,ES,Combined TRACON& Tower with Radar,32,62,34,0,128,0,0,0,0,0,32,62,34,0,128,8,0,8,136
08/18/2013,GSO,NC,ASO,ES,Combined TRACON& Tower with Radar,51,74,47,1,173,0,0,3,0,3,51,74,50,1,176,0,0,0,176
08/19/2013,GSO,NC,ASO,ES,Combined TRACON& Tower with Radar,56,70,56,0,182,0,0,2,0,2,56,70,58,0,184,0,0,0,184
08/20/2013,GSO,NC,ASO,ES,Combined TRACON& Tower with Radar,59,83,73,4,219,0,3,9,3,15,59,86,82,7,234,0,25,25,259
08/21/2013,GSO,NC,ASO,ES,Combined TRACON& Tower with Radar,57,83,42,3,185,0,0,15,0,15,57,83,57,3,200,72,0,72,272
08/22/2013,GSO,NC,ASO,ES,Combined TRACON& Tower with Radar,66,88,51,11,216,0,2,25,0,27,66,90,76,11,243,18,24,42,285
08/23/2013,GSO,NC,ASO,ES,Combined TRACON& Tower with Radar,61,77,49,1,188,0,6,15,0,21,61,83,64,1,209,6,0,6,215
08/24/2013,GSO,NC,ASO,ES,Combined TRACON& Tower with Radar,29,75,30,0,134,0,0,48,0,48,29,75,78,0,182,56,0,56,238
08/25/2013,GSO,NC,ASO,ES,Combined TRACON& Tower with Radar,51,53,30,0,134,0,0,49,0,49,51,53,79,0,183,33,0,33,216
08/26/2013,GSO,NC,ASO,ES,Combined TRACON& Tower with Radar,53,66,34,9,162,0,3,48,0,51,53,69,82,9,213,38,0,38,251
08/27/2013,GSO,NC,ASO,ES,Combined TRACON& Tower with Radar,64,81,50,16,211,0,2,34,0,36,64,83,84,16,247,0,0,0,247
08/28/2013,GSO,NC,ASO,ES,Combined TRACON& Tower with Radar,62,74,59,0,195,0,0,35,1,36,62,74,94,1,231,50,0,50,281
08/29/2013,GSO,NC,ASO,ES,Combined TRACON& Tower with Radar,65,68,66,4,203,0,2,21,2,25,65,70,87,6,228,37,0,37,265
08/30/2013,GSO,NC,ASO,ES,Combined TRACON& Tower with Radar,64,63,50,0,177,0,2,26,1,29,64,65,76,1,206,26,0,26,232
08/31/2013,GSO,NC,ASO,ES,Combined TRACON& Tower with Radar,29,48,20,1,98,0,0,20,1,21,29,48,40,2,119,10,0,10,129
09/01/2013,GSO,NC,ASO,ES,Combined TRACON& Tower with Radar,40,37,17,0,94,0,0,6,0,6,40,37,23,0,100,0,0,0,100
09/02/2013,GSO,NC,ASO,ES,Combined TRACON& Tower with Radar,45,56,34,1,136,0,0,21,0,21,45,56,55,1,157,0,0,0,157
09/03/2013,GSO,NC,ASO,ES,Combined TRACON& Tower with Radar,58,59,38,8,163,0,2,19,1,22,58,61,57,9,185,52,12,64,249
09/04/2013,GSO,NC,ASO,ES,Combined TRACON& Tower with Radar,67,77,58,0,202,0,4,49,2,55,67,81,107,2,257,47,0,47,304
09/05/2013,GSO,NC,ASO,ES,Combined TRACON& Tower with Radar,71,71,46,14,202,0,0,48,0,48,71,71,94,14,250,88,0,88,338
09/06/2013,GSO,NC,ASO,ES,Combined TRACON& Tower with Radar,55,74,56,0,185,0,1,36,1,38,55,75,92,1,223,0,0,0,223
09/07/2013,GSO,NC,ASO,ES,Combined TRACON& Tower with Radar,29,53,26,2,110,0,0,46,0,46,29,53,72,2,156,22,0,22,178
09/08/2013,GSO,NC,ASO,ES,Combined TRACON& Tower with Radar,54,46,38,0,138,0,2,36,0,38,54,48,74,0,176,16,0,16,192
09/09/2013,GSO,NC,ASO,ES,Combined TRACON& Tower with Radar,51,69,47,6,173,0,6,20,2,28,51,75,67,8,201,10,0,10,211
09/10/2013,GSO,NC,ASO,ES,Combined TRACON& Tower with Radar,64,80,36,10,190,0,3,31,0,34,64,83,67,10,224,0,0,0,224
09/11/2013,GSO,NC,ASO,ES,Combined TRACON& Tower with Radar,61,70,49,10,190,0,2,30,2,34,61,72,79,12,224,16,0,16,240
09/12/2013,GSO,NC,ASO,ES,Combined TRACON& Tower with Radar,67,69,47,5,188,0,0,21,1,22,67,69,68,6,210,16,0,16,226
09/13/2013,GSO,NC,ASO,ES,Combined TRACON& Tower with Radar,63,78,40,16,197,0,6,36,4,46,63,84,76,20,243,23,0,23,266
09/14/2013,GSO,NC,ASO,ES,Combined TRACON& Tower with Radar,27,54,26,0,107,0,6,43,0,49,27,60,69,0,156,24,0,24,180
09/15/2013,GSO,NC,ASO,ES,Combined TRACON& Tower with Radar,54,53,30,1,138,0,5,25,5,35,54,58,55,6,173,83,0,83,256
09/16/2013,GSO,NC,ASO,ES,Combined TRACON& Tower with Radar,55,75,56,0,186,0,3,37,4,44,55,78,93,4,230,0,0,0,230
09/17/2013,GSO,NC,ASO,ES,Combined TRACON& Tower with Radar,61,84,46,0,191,0,9,32,6,47,61,93,78,6,238,48,4,52,290
09/18/2013,GSO,NC,ASO,ES,Combined TRACON& Tower with Radar,65,80,51,23,219,0,2,42,4,48,65,82,93,27,267,48,32,80,347
09/19/2013,GSO,NC,ASO,ES,Combined TRACON& Tower with Radar,66,74,66,11,217,0,0,26,0,26,66,74,92,11,243,32,0,32,275
09/20/2013,GSO,NC,ASO,ES,Combined TRACON& Tower with Radar,62,82,48,4,196,0,0,8,0,8,62,82,56,4,204,4,0,4,208
09/21/2013,GSO,NC,ASO,ES,Combined TRACON& Tower with Radar,27,52,21,0,100,0,0,2,0,2,27,52,23,0,102,0,0,0,102
09/22/2013,GSO,NC,ASO,ES,Combined TRACON& Tower with Radar,48,50,29,3,130,0,4,33,0,37,48,54,62,3,167,38,0,38,205
09/23/2013,GSO,NC,ASO,ES,Combined TRACON& Tower with Radar,53,60,43,0,156,0,3,31,2,36,53,63,74,2,192,19,0,19,211
09/24/2013,GSO,NC,ASO,ES,Combined TRACON& Tower with Radar,64,89,35,8,196,0,0,43,6,49,64,89,78,14,245,0,0,0,245
09/25/2013,GSO,NC,ASO,ES,Combined TRACON& Tower with Radar,69,77,60,6,212,0,4,22,2,28,69,81,82,8,240,37,0,37,277
09/26/2013,GSO,NC,ASO,ES,Combined TRACON& Tower with Radar,76,78,45,15,214,0,2,48,4,54,76,80,93,19,268,67,12,79,347
09/27/2013,GSO,NC,ASO,ES,Combined TRACON& Tower with Radar,69,84,56,2,211,0,4,42,2,48,69,88,98,4,259,16,0,16,275
09/28/2013,GSO,NC,ASO,ES,Combined TRACON& Tower with Radar,30,54,30,0,114,0,0,35,0,35,30,54,65,0,149,51,0,51,200
09/29/2013,GSO,NC,ASO,ES,Combined TRACON& Tower with Radar,58,64,40,1,163,0,0,51,0,51,58,64,91,1,214,65,0,65,279
09/30/2013,GSO,NC,ASO,ES,Combined TRACON& Tower with Radar,65,67,32,0,164,0,4,49,0,53,65,71,81,0,217,3,0,3,220
10/01/2013,GSO,NC,ASO,ES,Combined TRACON& Tower with Radar,66,85,53,7,211,0,6,49,2,57,66,91,102,9,268,66,0,66,334
10/02/2013,GSO,NC,ASO,ES,Combined TRACON& Tower with Radar,73,68,49,0,190,0,1,53,2,56,73,69,102,2,246,51,0,51,297
10/03/2013,GSO,NC,ASO,ES,Combined TRACON& Tower with Radar,72,68,41,8,189,0,0,45,4,49,72,68,86,12,238,56,0,56,294
10/04/2013,GSO,NC,ASO,ES,Combined TRACON& Tower with Radar,67,67,51,0,185,0,4,44,2,50,67,71,95,2,235,20,0,20,255
10/05/2013,GSO,NC,ASO,ES,Combined TRACON& Tower with Radar,33,52,30,11,126,0,1,42,0,43,33,53,72,11,169,22,0,22,191
10/06/2013,GSO,NC,ASO,ES,Combined TRACON& Tower with Radar,60,53,44,1,158,0,0,54,0,54,60,53,98,1,212,20,0,20,232
10/07/2013,GSO,NC,ASO,ES,Combined TRACON& Tower with Radar,59,67,37,4,167,0,0,1,0,1,59,67,38,4,168,0,0,0,168
10/08/2013,GSO,NC,ASO,ES,Combined TRACON& Tower with Radar,76,72,41,15,204,0,2,28,2,32,76,74,69,17,236,36,18,54,290
10/09/2013,GSO,NC,ASO,ES,Combined TRACON& Tower with Radar,74,68,52,0,194,0,2,26,0,28,74,70,78,0,222,11,0,11,233
10/10/2013,GSO,NC,ASO,ES,Combined TRACON& Tower with Radar,74,69,71,6,220,0,0,0,0,0,74,69,71,6,220,21,0,21,241
10/11/2013,GSO,NC,ASO,ES,Combined TRACON& Tower with Radar,62,71,67,0,200,0,0,42,2,44,62,71,109,2,244,70,0,70,314
10/12/2013,GSO,NC,ASO,ES,Combined TRACON& Tower with Radar,32,45,31,0,108,0,0,9,0,9,32,45,40,0,117,30,0,30,147
10/13/2013,GSO,NC,ASO,ES,Combined TRACON& Tower with Radar,60,50,26,1,137,0,0,0,0,0,60,50,26,1,137,0,0,0,137
10/14/2013,GSO,NC,ASO,ES,Combined TRACON& Tower with Radar,62,61,39,0,162,0,0,0,0,0,62,61,39,0,162,0,0,0,162
10/15/2013,GSO,NC,ASO,ES,Combined TRACON& Tower with Radar,67,77,72,16,232,0,3,43,0,46,67,80,115,16,278,75,30,105,383
10/16/2013,GSO,NC,ASO,ES,Combined TRACON& Tower with Radar,69,78,70,1,218,0,4,20,2,26,69,82,90,3,244,60,0,60,304
10/17/2013,GSO,NC,ASO,ES,Combined TRACON& Tower with Radar,82,75,59,0,216,0,6,12,0,18,82,81,71,0,234,16,0,16,250
10/18/2013,GSO,NC,ASO,ES,Combined TRACON& Tower with Radar,72,73,64,12,221,16,0,50,4,70,88,73,114,16,291,22,0,22,313
10/19/2013,GSO,NC,ASO,ES,Combined TRACON& Tower with Radar,46,57,42,0,145,0,0,2,0,2,46,57,44,0,147,0,0,0,147
10/20/2013,GSO,NC,ASO,ES,Combined TRACON& Tower with Radar,61,64,51,1,177,0,0,55,3,58,61,64,106,4,235,21,8,29,264
10/21/2013,GSO,NC,ASO,ES,Combined TRACON& Tower with Radar,60,75,75,9,219,0,1,47,2,50,60,76,122,11,269,41,8,49,318
10/22/2013,GSO,NC,ASO,ES,Combined TRACON& Tower with Radar,72,76,59,0,207,0,0,48,2,50,72,76,107,2,257,26,0,26,283
10/23/2013,GSO,NC,ASO,ES,Combined TRACON& Tower with Radar,71,79,63,6,219,0,1,23,0,24,71,80,86,6,243,37,0,37,280
10/24/2013,GSO,NC,ASO,ES,Combined TRACON& Tower with Radar,79,74,60,8,221,0,0,25,4,29,79,74,85,12,250,18,23,41,291
10/25/2013,GSO,NC,ASO,ES,Combined TRACON& Tower with Radar,73,71,42,6,192,0,3,37,1,41,73,74,79,7,233,47,0,47,280
10/26/2013,GSO,NC,ASO,ES,Combined TRACON& Tower with Radar,31,59,20,2,112,0,2,45,2,49,31,61,65,4,161,51,0,51,212
10/27/2013,GSO,NC,ASO,ES,Combined TRACON& Tower with Radar,62,61,30,0,153,0,6,40,0,46,62,67,70,0,199,40,0,40,239
10/28/2013,GSO,NC,ASO,ES,Combined TRACON& Tower with Radar,58,65,49,9,181,0,2,28,5,35,58,67,77,14,216,0,0,0,216
10/29/2013,GSO,NC,ASO,ES,Combined TRACON& Tower with Radar,69,71,50,0,190,0,3,52,1,56,69,74,102,1,246,68,12,80,326
10/30/2013,GSO,NC,ASO,ES,Combined TRACON& Tower with Radar,70,77,53,0,200,0,8,55,1,64,70,85,108,1,264,36,0,36,300
10/31/2013,GSO,NC,ASO,ES,Combined TRACON& Tower with Radar,71,73,30,2,176,0,0,53,1,54,71,73,83,3,230,21,0,21,251
11/01/2013,GSO,NC,ASO,ES,Combined TRACON& Tower with Radar,69,75,46,1,191,0,0,12,0,12,69,75,58,1,203,10,2,12,215
11/02/2013,GSO,NC,ASO,ES,Combined TRACON& Tower with Radar,37,57,21,2,117,0,2,20,2,24,37,59,41,4,141,0,0,0,141
11/03/2013,GSO,NC,ASO,ES,Combined TRACON& Tower with Radar,52,53,26,0,131,0,1,33,0,34,52,54,59,0,165,20,0,20,185
11/04/2013,GSO,NC,ASO,ES,Combined TRACON& Tower with Radar,57,60,33,1,151,0,5,40,1,46,57,65,73,2,197,0,0,0,197
11/05/2013,GSO,NC,ASO,ES,Combined TRACON& Tower with Radar,66,81,48,14,209,0,0,7,0,7,66,81,55,14,216,43,6,49,265
11/06/2013,GSO,NC,ASO,ES,Combined TRACON& Tower with Radar,67,83,55,0,205,0,1,46,3,50,67,84,101,3,255,8,0,8,263
11/07/2013,GSO,NC,ASO,ES,Combined TRACON& Tower with Radar,76,82,43,0,201,0,0,28,1,29,76,82,71,1,230,39,0,39,269
11/08/2013,GSO,NC,ASO,ES,Combined TRACON& Tower with Radar,68,71,54,2,195,0,2,41,0,43,68,73,95,2,238,11,0,11,249
11/09/2013,GSO,NC,ASO,ES,Combined TRACON& Tower with Radar,31,49,19,1,100,0,2,52,0,54,31,51,71,1,154,62,0,62,216
11/10/2013,GSO,NC,ASO,ES,Combined TRACON& Tower with Radar,54,62,38,1,155,0,0,36,0,36,54,62,74,1,191,0,0,0,191
11/11/2013,GSO,NC,ASO,ES,Combined TRACON& Tower with Radar,55,70,50,0,175,0,7,51,0,58,55,77,101,0,233,4,0,4,237
11/12/2013,GSO,NC,ASO,ES,Combined TRACON& Tower with Radar,66,83,70,0,219,0,2,16,0,18,66,85,86,0,237,6,0,6,243
11/13/2013,GSO,NC,ASO,ES,Combined TRACON& Tower with Radar,71,89,53,7,220,0,0,67,1,68,71,89,120,8,288,0,0,0,288
11/14/2013,GSO,NC,ASO,ES,Combined TRACON& Tower with Radar,76,82,61,25,244,0,6,37,2,45,76,88,98,27,289,14,0,14,303
11/15/2013,GSO,NC,ASO,ES,Combined TRACON& Tower with Radar,64,74,51,24,213,0,0,43,0,43,64,74,94,24,256,24,0,24,280
11/16/2013,GSO,NC,ASO,ES,Combined TRACON& Tower with Radar,32,49,36,0,117,0,0,1,0,1,32,49,37,0,118,0,0,0,118
11/17/2013,GSO,NC,ASO,ES,Combined TRACON& Tower with Radar,53,44,38,5,140,0,0,3,0,3,53,44,41,5,143,18,0,18,161
11/18/2013,GSO,NC,ASO,ES,Combined TRACON& Tower with Radar,54,82,36,2,174,0,6,27,0,33,54,88,63,2,207,97,0,97,304
11/19/2013,GSO,NC,ASO,ES,Combined TRACON& Tower with Radar,64,88,52,0,204,0,2,38,0,40,64,90,90,0,244,38,0,38,282
11/20/2013,GSO,NC,ASO,ES,Combined TRACON& Tower with Radar,68,80,46,12,206,0,6,61,0,67,68,86,107,12,273,0,0,0,273
11/21/2013,GSO,NC,ASO,ES,Combined TRACON& Tower with Radar,65,91,60,6,222,0,5,15,1,21,65,96,75,7,243,26,20,46,289
11/22/2013,GSO,NC,ASO,ES,Combined TRACON& Tower with Radar,61,81,44,2,188,0,0,7,0,7,61,81,51,2,195,0,0,0,195
11/23/2013,GSO,NC,ASO,ES,Combined TRACON& Tower with Radar,49,81,14,2,146,0,0,28,0,28,49,81,42,2,174,52,0,52,226
11/24/2013,GSO,NC,ASO,ES,Combined TRACON& Tower with Radar,53,52,12,2,119,0,0,23,0,23,53,52,35,2,142,44,0,44,186
11/25/2013,GSO,NC,ASO,ES,Combined TRACON& Tower with Radar,54,69,37,14,174,1,2,76,3,82,55,71,113,17,256,42,0,42,298
11/26/2013,GSO,NC,ASO,ES,Combined TRACON& Tower with Radar,73,83,24,0,180,0,0,0,0,0,73,83,24,0,180,0,0,0,180
11/27/2013,GSO,NC,ASO,ES,Combined TRACON& Tower with Radar,75,78,30,0,183,0,0,2,0,2,75,78,32,0,185,0,0,0,185
11/28/2013,GSO,NC,ASO,ES,Combined TRACON& Tower with Radar,31,34,13,0,78,0,0,4,0,4,31,34,17,0,82,0,0,0,82
11/29/2013,GSO,NC,ASO,ES,Combined TRACON& Tower with Radar,40,46,25,0,111,0,0,49,0,49,40,46,74,0,160,0,0,0,160
11/30/2013,GSO,NC,ASO,ES,Combined TRACON& Tower with Radar,48,61,21,0,130,0,0,31,0,31,48,61,52,0,161,42,0,42,203
12/01/2013,GSO,NC,ASO,ES,Combined TRACON& Tower with Radar,64,70,43,0,177,0,0,21,0,21,64,70,64,0,198,9,0,9,207
12/02/2013,GSO,NC,ASO,ES,Combined TRACON& Tower with Radar,59,80,22,2,163,0,6,35,2,43,59,86,57,4,206,0,0,0,206
12/03/2013,GSO,NC,ASO,ES,Combined TRACON& Tower with Radar,61,87,47,0,195,0,0,9,0,9,61,87,56,0,204,20,0,20,224
12/04/2013,GSO,NC,ASO,ES,Combined TRACON& Tower with Radar,62,74,50,4,190,0,1,0,0,1,62,75,50,4,191,0,0,0,191
12/05/2013,GSO,NC,ASO,ES,Combined TRACON& Tower with Radar,67,66,77,6,216,0,0,0,0,0,67,66,77,6,216,0,0,0,216
12/06/2013,GSO,NC,ASO,ES,Combined TRACON& Tower with Radar,65,63,43,3,174,0,2,7,0,9,65,65,50,3,183,0,0,0,183
12/07/2013,GSO,NC,ASO,ES,Combined TRACON& Tower with Radar,29,50,25,0,104,0,0,7,0,7,29,50,32,0,111,20,0,20,131
12/08/2013,GSO,NC,ASO,ES,Combined TRACON& Tower with Radar,45,36,16,0,97,0,0,0,0,0,45,36,16,0,97,0,0,0,97
12/09/2013,GSO,NC,ASO,ES,Combined TRACON& Tower with Radar,53,53,39,0,145,0,0,0,0,0,53,53,39,0,145,0,0,0,145
12/10/2013,GSO,NC,ASO,ES,Combined TRACON& Tower with Radar,68,73,49,0,190,0,2,5,0,7,68,75,54,0,197,0,0,0,197
12/11/2013,GSO,NC,ASO,ES,Combined TRACON& Tower with Radar,67,80,44,0,191,0,8,44,2,54,67,88,88,2,245,34,0,34,279
12/12/2013,GSO,NC,ASO,ES,Combined TRACON& Tower with Radar,72,79,42,7,200,0,3,49,0,52,72,82,91,7,252,16,0,16,268
12/13/2013,GSO,NC,ASO,ES,Combined TRACON& Tower with Radar,68,72,26,2,168,0,2,41,2,45,68,74,67,4,213,39,0,39,252
12/14/2013,GSO,NC,ASO,ES,Combined TRACON& Tower with Radar,29,52,8,0,89,0,0,1,0,1,29,52,9,0,90,0,0,0,90
12/15/2013,GSO,NC,ASO,ES,Combined TRACON& Tower with Radar,55,55,18,0,128,0,0,13,0,13,55,55,31,0,141,16,0,16,157
12/16/2013,GSO,NC,ASO,ES,Combined TRACON& Tower with Radar,61,59,37,15,172,0,0,35,2,37,61,59,72,17,209,22,0,22,231
12/17/2013,GSO,NC,ASO,ES,Combined TRACON& Tower with Radar,65,75,39,10,189,0,2,33,2,37,65,77,72,12,226,34,2,36,262
12/18/2013,GSO,NC,ASO,ES,Combined TRACON& Tower with Radar,69,80,53,2,204,0,10,42,2,54,69,90,95,4,258,41,0,41,299
12/19/2013,GSO,NC,ASO,ES,Combined TRACON& Tower with Radar,65,82,47,2,196,0,8,34,2,44,65,90,81,4,240,21,0,21,261
12/20/2013,GSO,NC,ASO,ES,Combined TRACON& Tower with Radar,64,73,42,5,184,0,2,32,4,38,64,75,74,9,222,19,0,19,241
12/21/2013,GSO,NC,ASO,ES,Combined TRACON& Tower with Radar,36,59,17,0,112,0,0,29,0,29,36,59,46,0,141,0,0,0,141
12/22/2013,GSO,NC,ASO,ES,Combined TRACON& Tower with Radar,57,40,11,0,108,0,0,0,0,0,57,40,11,0,108,0,0,0,108
12/23/2013,GSO,NC,ASO,ES,Combined TRACON& Tower with Radar,48,56,26,0,130,0,0,0,0,0,48,56,26,0,130,0,0,0,130
12/24/2013,GSO,NC,ASO,ES,Combined TRACON& Tower with Radar,48,55,17,0,120,0,1,19,1,21,48,56,36,1,141,0,0,0,141
12/25/2013,GSO,NC,ASO,ES,Combined TRACON& Tower with Radar,31,38,4,0,73,0,0,7,0,7,31,38,11,0,80,0,0,0,80
12/26/2013,GSO,NC,ASO,ES,Combined TRACON& Tower with Radar,65,65,40,3,173,0,0,41,0,41,65,65,81,3,214,40,0,40,254
12/27/2013,GSO,NC,ASO,ES,Combined TRACON& Tower with Radar,58,65,41,3,167,0,7,35,4,46,58,72,76,7,213,36,0,36,249
12/28/2013,GSO,NC,ASO,ES,Combined TRACON& Tower with Radar,29,56,39,0,124,0,0,47,0,47,29,56,86,0,171,27,0,27,198
12/29/2013,GSO,NC,ASO,ES,Combined TRACON& Tower with Radar,43,49,8,0,100,0,0,10,0,10,43,49,18,0,110,12,0,12,122
12/30/2013,GSO,NC,ASO,ES,Combined TRACON& Tower with Radar,46,64,42,13,165,0,0,28,3,31,46,64,70,16,196,74,0,74,270
12/31/2013,GSO,NC,ASO,ES,Combined TRACON& Tower with Radar,50,47,18,1,116,0,3,25,0,28,50,50,43,1,144,12,0,12,156
01/01/2014,GSO,NC,ASO,ES,Combined TRACON& Tower with Radar,29,44,14,0,87,0,1,28,0,29,29,45,42,0,116,24,0,24,140
01/02/2014,GSO,NC,ASO,ES,Combined TRACON& Tower with Radar,57,60,28,12,157,0,0,4,0,4,57,60,32,12,161,0,0,0,161
01/03/2014,GSO,NC,ASO,ES,Combined TRACON& Tower with Radar,53,58,25,7,143,0,0,13,0,13,53,58,38,7,156,20,0,20,176
01/04/2014,GSO,NC,ASO,ES,Combined TRACON& Tower with Radar,24,56,37,0,117,0,0,40,0,40,24,56,77,0,157,45,0,45,202
01/05/2014,GSO,NC,ASO,ES,Combined TRACON& Tower with Radar,38,44,42,0,124,0,0,0,0,0,38,44,42,0,124,0,0,0,124
01/06/2014,GSO,NC,ASO,ES,Combined TRACON& Tower with Radar,55,50,26,2,133,0,0,10,3,13,55,50,36,5,146,0,0,0,146
01/07/2014,GSO,NC,ASO,ES,Combined TRACON& Tower with Radar,51,59,25,18,153,0,1,16,8,25,51,60,41,26,178,0,0,0,178
01/08/2014,GSO,NC,ASO,ES,Combined TRACON& Tower with Radar,57,74,27,19,177,0,7,48,9,64,57,81,75,28,241,0,0,0,241
01/09/2014,GSO,NC,ASO,ES,Combined TRACON& Tower with Radar,66,77,38,17,198,0,9,34,1,44,66,86,72,18,242,0,0,0,242
01/10/2014,GSO,NC,ASO,ES,Combined TRACON& Tower with Radar,65,68,30,2,165,0,0,0,0,0,65,68,30,2,165,0,0,0,165
01/11/2014,GSO,NC,ASO,ES,Combined TRACON& Tower with Radar,29,39,11,0,79,0,0,0,0,0,29,39,11,0,79,5,0,5,84
01/12/2014,GSO,NC,ASO,ES,Combined TRACON& Tower with Radar,49,47,20,18,134,0,0,34,8,42,49,47,54,26,176,45,26,71,247
01/13/2014,GSO,NC,ASO,ES,Combined TRACON& Tower with Radar,48,58,40,4,150,0,3,27,0,30,48,61,67,4,180,19,0,19,199
01/14/2014,GSO,NC,ASO,ES,Combined TRACON& Tower with Radar,53,78,24,1,156,0,4,11,2,17,53,82,35,3,173,27,0,27,200
01/15/2014,GSO,NC,ASO,ES,Combined TRACON& Tower with Radar,60,70,43,6,179,0,4,17,0,21,60,74,60,6,200,0,0,0,200
01/16/2014,GSO,NC,ASO,ES,Combined TRACON& Tower with Radar,70,82,44,2,198,0,3,55,2,60,70,85,99,4,258,22,0,22,280
01/17/2014,GSO,NC,ASO,ES,Combined TRACON& Tower with Radar,58,76,33,0,167,0,0,37,4,41,58,76,70,4,208,40,0,40,248
01/18/2014,GSO,NC,ASO,ES,Combined TRACON& Tower with Radar,31,51,20,0,102,0,1,18,0,19,31,52,38,0,121,23,0,23,144
01/19/2014,GSO,NC,ASO,ES,Combined TRACON& Tower with Radar,47,47,14,0,108,0,0,32,0,32,47,47,46,0,140,12,0,12,152
01/20/2014,GSO,NC,ASO,ES,Combined TRACON& Tower with Radar,43,60,32,0,135,0,2,46,0,48,43,62,78,0,183,58,0,58,241
01/21/2014,GSO,NC,ASO,ES,Combined TRACON& Tower with Radar,53,58,24,2,137,0,5,13,0,18,53,63,37,2,155,0,0,0,155
01/22/2014,GSO,NC,ASO,ES,Combined TRACON& Tower with Radar,65,70,43,3,181,0,6,45,0,51,65,76,88,3,232,6,0,6,238
01/23/2014,GSO,NC,ASO,ES,Combined TRACON& Tower with Radar,68,65,29,2,164,0,7,35,0,42,68,72,64,2,206,22,0,22,228
01/24/2014,GSO,NC,ASO,ES,Combined TRACON& Tower with Radar,60,70,50,3,183,0,7,42,2,51,60,77,92,5,234,26,0,26,260
01/25/2014,GSO,NC,ASO,ES,Combined TRACON& Tower with Radar,32,39,10,0,81,0,0,8,0,8,32,39,18,0,89,0,0,0,89
01/26/2014,GSO,NC,ASO,ES,Combined TRACON& Tower with Radar,50,57,26,0,133,0,0,33,0,33,50,57,59,0,166,34,0,34,200
01/27/2014,GSO,NC,ASO,ES,Combined TRACON& Tower with Radar,46,63,37,6,152,0,0,22,0,22,46,63,59,6,174,19,1,20,194
01/28/2014,GSO,NC,ASO,ES,Combined TRACON& Tower with Radar,48,70,35,2,155,0,0,3,0,3,48,70,38,2,158,0,0,0,158
01/29/2014,GSO,NC,ASO,ES,Combined TRACON& Tower with Radar,49,66,29,6,150,0,2,8,0,10,49,68,37,6,160,25,0,25,185
01/30/2014,GSO,NC,ASO,ES,Combined TRACON& Tower with Radar,58,72,50,0,180,0,4,32,2,38,58,76,82,2,218,24,0,24,242
01/31/2014,GSO,NC,ASO,ES,Combined TRACON& Tower with Radar,66,72,52,9,199,0,0,43,5,48,66,72,95,14,247,24,13,37,284
02/01/2014,GSO,NC,ASO,ES,Combined TRACON& Tower with Radar,29,49,25,29,132,0,2,36,3,41,29,51,61,32,173,19,26,45,218
02/02/2014,GSO,NC,ASO,ES,Combined TRACON& Tower with Radar,45,38,29,0,112,0,0,30,0,30,45,38,59,0,142,0,0,0,142
02/03/2014,GSO,NC,ASO,ES,Combined TRACON& Tower with Radar,44,53,33,0,130,0,0,0,0,0,44,53,33,0,130,0,0,0,130
02/04/2014,GSO,NC,ASO,ES,Combined TRACON& Tower with Radar,51,66,19,6,142,0,0,2,2,4,51,66,21,8,146,0,0,0,146
02/05/2014,GSO,NC,ASO,ES,Combined TRACON& Tower with Radar,60,63,21,2,146,0,2,9,0,11,60,65,30,2,157,11,0,11,168
02/06/2014,GSO,NC,ASO,ES,Combined TRACON& Tower with Radar,35,52,21,1,109,0,1,35,3,39,35,53,56,4,148,58,0,58,206
02/07/2014,GSO,NC,ASO,ES,Combined TRACON& Tower with Radar,40,52,38,1,131,0,2,36,0,38,40,54,74,1,169,26,0,26,195
02/08/2014,GSO,NC,ASO,ES,Combined TRACON& Tower with Radar,22,27,12,0,61,0,0,33,2,35,22,27,45,2,96,0,0,0,96
02/09/2014,GSO,NC,ASO,ES,Combined TRACON& Tower with Radar,32,33,21,0,86,0,0,21,0,21,32,33,42,0,107,0,0,0,107
02/10/2014,GSO,NC,ASO,ES,Combined TRACON& Tower with Radar,29,30,17,0,76,0,2,1,0,3,29,32,18,0,79,12,0,12,91
02/11/2014,GSO,NC,ASO,ES,Combined TRACON& Tower with Radar,36,43,17,1,97,0,4,6,1,11,36,47,23,2,108,14,0,14,122
02/12/2014,GSO,NC,ASO,ES,Combined TRACON& Tower with Radar,10,24,11,0,45,0,0,0,0,0,10,24,11,0,45,0,0,0,45
02/13/2014,GSO,NC,ASO,ES,Combined TRACON& Tower with Radar,9,23,11,0,43,0,0,1,0,1,9,23,12,0,44,0,0,0,44
02/14/2014,GSO,NC,ASO,ES,Combined TRACON& Tower with Radar,37,40,19,1,97,0,5,8,0,13,37,45,27,1,110,0,0,0,110
02/15/2014,GSO,NC,ASO,ES,Combined TRACON& Tower with Radar,13,24,4,0,41,0,0,14,0,14,13,24,18,0,55,0,0,0,55
02/16/2014,GSO,NC,ASO,ES,Combined TRACON& Tower with Radar,28,26,21,1,76,0,0,37,0,37,28,26,58,1,113,64,0,64,177
02/17/2014,GSO,NC,ASO,ES,Combined TRACON& Tower with Radar,38,31,18,1,88,0,0,13,1,14,38,31,31,2,102,14,0,14,116
02/18/2014,GSO,NC,ASO,ES,Combined TRACON& Tower with Radar,36,45,42,3,126,0,0,42,3,45,36,45,84,6,171,68,0,68,239
02/19/2014,GSO,NC,ASO,ES,Combined TRACON& Tower with Radar,37,49,32,0,118,0,0,10,0,10,37,49,42,0,128,0,0,0,128
02/20/2014,GSO,NC,ASO,ES,Combined TRACON& Tower with Radar,44,55,40,4,143,0,6,17,0,23,44,61,57,4,166,56,0,56,222
02/21/2014,GSO,NC,ASO,ES,Combined TRACON& Tower with Radar,28,40,21,1,90,0,0,5,0,5,28,40,26,1,95,38,0,38,133
02/22/2014,GSO,NC,ASO,ES,Combined TRACON& Tower with Radar,19,26,11,0,56,0,0,19,0,19,19,26,30,0,75,53,0,53,128
02/23/2014,GSO,NC,ASO,ES,Combined TRACON& Tower with Radar,27,35,29,1,92,0,0,28,0,28,27,35,57,1,120,35,0,35,155
02/24/2014,GSO,NC,ASO,ES,Combined TRACON& Tower with Radar,42,44,29,0,115,0,1,28,0,29,42,45,57,0,144,0,0,0,144
02/25/2014,GSO,NC,ASO,ES,Combined TRACON& Tower with Radar,43,41,40,0,124,0,1,26,0,27,43,42,66,0,151,0,0,0,151
02/26/2014,GSO,NC,ASO,ES,Combined TRACON& Tower with Radar,39,46,29,0,114,0,2,17,0,19,39,48,46,0,133,64,0,64,197
02/27/2014,GSO,NC,ASO,ES,Combined TRACON& Tower with Radar,41,37,35,1,114,0,3,24,0,27,41,40,59,1,141,0,0,0,141
02/28/2014,GSO,NC,ASO,ES,Combined TRACON& Tower with Radar,39,55,23,1,118,0,8,38,0,46,39,63,61,1,164,23,0,23,187
03/01/2014,GSO,NC,ASO,ES,Combined TRACON& Tower with Radar,16,27,14,0,57,0,2,18,0,20,16,29,32,0,77,41,0,41,118
03/02/2014,GSO,NC,ASO,ES,Combined TRACON& Tower with Radar,30,33,30,0,93,0,0,20,0,20,30,33,50,0,113,3,0,3,116
03/03/2014,GSO,NC,ASO,ES,Combined TRACON& Tower with Radar,27,29,12,0,68,0,0,0,0,0,27,29,12,0,68,0,0,0,68
03/04/2014,GSO,NC,ASO,ES,Combined TRACON& Tower with Radar,60,76,53,1,190,0,5,16,3,24,60,81,69,4,214,21,0,21,235
03/05/2014,GSO,NC,ASO,ES,Combined TRACON& Tower with Radar,67,73,62,12,214,0,0,36,0,36,67,73,98,12,250,56,8,64,314
03/06/2014,GSO,NC,ASO,ES,Combined TRACON& Tower with Radar,60,70,80,5,215,0,4,4,1,9,60,74,84,6,224,0,0,0,224
03/07/2014,GSO,NC,ASO,ES,Combined TRACON& Tower with Radar,41,40,28,5,114,0,0,3,0,3,41,40,31,5,117,0,0,0,117
03/08/2014,GSO,NC,ASO,ES,Combined TRACON& Tower with Radar,31,47,22,0,100,0,2,39,0,41,31,49,61,0,141,13,0,13,154
03/09/2014,GSO,NC,ASO,ES,Combined TRACON& Tower with Radar,51,67,25,0,143,0,0,37,3,40,51,67,62,3,183,30,0,30,213
03/10/2014,GSO,NC,ASO,ES,Combined TRACON& Tower with Radar,51,69,34,17,171,0,0,43,1,44,51,69,77,18,215,0,0,0,215
03/11/2014,GSO,NC,ASO,ES,Combined TRACON& Tower with Radar,65,74,50,12,201,0,2,51,0,53,65,76,101,12,254,0,0,0,254
03/12/2014,GSO,NC,ASO,ES,Combined TRACON& Tower with Radar,60,82,24,0,166,0,0,2,0,2,60,82,26,0,168,0,0,0,168
03/13/2014,GSO,NC,ASO,ES,Combined TRACON& Tower with Radar,69,95,65,4,233,0,10,11,0,21,69,105,76,4,254,10,0,10,264
03/14/2014,GSO,NC,ASO,ES,Combined TRACON& Tower with Radar,63,89,61,3,216,0,1,31,0,32,63,90,92,3,248,35,0,35,283
03/15/2014,GSO,NC,ASO,ES,Combined TRACON& Tower with Radar,28,48,37,0,113,0,14,46,1,61,28,62,83,1,174,0,0,0,174
03/16/2014,GSO,NC,ASO,ES,Combined TRACON& Tower with Radar,57,69,62,0,188,0,0,9,1,10,57,69,71,1,198,0,0,0,198
03/17/2014,GSO,NC,ASO,ES,Combined TRACON& Tower with Radar,48,49,29,1,127,0,0,0,0,0,48,49,29,1,127,0,0,0,127
03/18/2014,GSO,NC,ASO,ES,Combined TRACON& Tower with Radar,65,72,33,0,170,0,0,0,0,0,65,72,33,0,170,0,0,0,170
03/19/2014,GSO,NC,ASO,ES,Combined TRACON& Tower with Radar,60,79,45,1,185,0,0,0,0,0,60,79,45,1,185,0,0,0,185
03/20/2014,GSO,NC,ASO,ES,Combined TRACON& Tower with Radar,60,80,53,3,196,0,2,61,2,65,60,82,114,5,261,43,0,43,304
03/21/2014,GSO,NC,ASO,ES,Combined TRACON& Tower with Radar,66,72,45,3,186,0,2,78,2,82,66,74,123,5,268,30,0,30,298
03/22/2014,GSO,NC,ASO,ES,Combined TRACON& Tower with Radar,30,54,22,0,106,0,6,43,0,49,30,60,65,0,155,0,0,0,155
03/23/2014,GSO,NC,ASO,ES,Combined TRACON& Tower with Radar,51,53,36,0,140,0,0,6,0,6,51,53,42,0,146,0,0,0,146
03/24/2014,GSO,NC,ASO,ES,Combined TRACON& Tower with Radar,57,72,33,8,170,0,2,41,0,43,57,74,74,8,213,21,0,21,234
03/25/2014,GSO,NC,ASO,ES,Combined TRACON& Tower with Radar,62,78,45,1,186,0,0,1,0,1,62,78,46,1,187,0,0,0,187
03/26/2014,GSO,NC,ASO,ES,Combined TRACON& Tower with Radar,61,84,45,14,204,0,6,28,1,35,61,90,73,15,239,4,33,37,276
03/27/2014,GSO,NC,ASO,ES,Combined TRACON& Tower with Radar,70,90,48,8,216,0,16,59,6,81,70,106,107,14,297,13,3,16,313
03/28/2014,GSO,NC,ASO,ES,Combined TRACON& Tower with Radar,55,63,58,1,177,0,0,2,0,2,55,63,60,1,179,2,0,2,181
03/29/2014,GSO,NC,ASO,ES,Combined TRACON& Tower with Radar,30,50,11,0,91,0,0,0,0,0,30,50,11,0,91,0,0,0,91
03/30/2014,GSO,NC,ASO,ES,Combined TRACON& Tower with Radar,52,55,29,6,142,0,0,7,0,7,52,55,36,6,149,0,0,0,149
03/31/2014,GSO,NC,ASO,ES,Combined TRACON& Tower with Radar,52,73,39,2,166,0,4,43,0,47,52,77,82,2,213,28,0,28,241
04/01/2014,GSO,NC,ASO,ES,Combined TRACON& Tower with Radar,60,89,48,15,212,0,2,41,0,43,60,91,89,15,255,16,10,26,281
04/02/2014,GSO,NC,ASO,ES,Combined TRACON& Tower with Radar,62,82,76,0,220,0,8,54,3,65,62,90,130,3,285,40,0,40,325
04/03/2014,GSO,NC,ASO,ES,Combined TRACON& Tower with Radar,67,94,76,0,237,0,6,38,2,46,67,100,114,2,283,47,0,47,330
04/04/2014,GSO,NC,ASO,ES,Combined TRACON& Tower with Radar,60,83,53,4,200,0,1,12,0,13,60,84,65,4,213,7,0,7,220
04/05/2014,GSO,NC,ASO,ES,Combined TRACON& Tower with Radar,30,64,39,0,133,0,0,67,0,67,30,64,106,0,200,0,0,0,200
04/06/2014,GSO,NC,ASO,ES,Combined TRACON& Tower with Radar,46,86,64,0,196,0,0,22,0,22,46,86,86,0,218,0,0,0,218
04/07/2014,GSO,NC,ASO,ES,Combined TRACON& Tower with Radar,54,85,63,0,202,0,0,0,0,0,54,85,63,0,202,0,0,0,202
04/08/2014,GSO,NC,ASO,ES,Combined TRACON& Tower with Radar,63,98,94,15,270,0,3,14,3,20,63,101,108,18,290,34,0,34,324
04/09/2014,GSO,NC,ASO,ES,Combined TRACON& Tower with Radar,67,86,79,1,233,0,3,35,2,40,67,89,114,3,273,0,0,0,273
04/10/2014,GSO,NC,ASO,ES,Combined TRACON& Tower with Radar,66,86,78,21,251,0,2,46,3,51,66,88,124,24,302,0,15,15,317
04/11/2014,GSO,NC,ASO,ES,Combined TRACON& Tower with Radar,56,84,63,8,211,0,4,51,0,55,56,88,114,8,266,14,0,14,280
04/12/2014,GSO,NC,ASO,ES,Combined TRACON& Tower with Radar,31,53,30,0,114,0,6,108,0,114,31,59,138,0,228,24,0,24,252
04/13/2014,GSO,NC,ASO,ES,Combined TRACON& Tower with Radar,45,70,41,0,156,0,1,57,1,59,45,71,98,1,215,12,0,12,227
04/14/2014,GSO,NC,ASO,ES,Combined TRACON& Tower with Radar,52,97,36,1,186,0,0,7,1,8,52,97,43,2,194,6,0,6,200
04/15/2014,GSO,NC,ASO,ES,Combined TRACON& Tower with Radar,69,76,34,8,187,0,1,1,0,2,69,77,35,8,189,0,0,0,189
04/16/2014,GSO,NC,ASO,ES,Combined TRACON& Tower with Radar,67,101,60,0,228,0,4,40,3,47,67,105,100,3,275,18,0,18,293
04/17/2014,GSO,NC,ASO,ES,Combined TRACON& Tower with Radar,68,107,66,14,255,0,3,51,0,54,68,110,117,14,309,10,0,10,319
04/18/2014,GSO,NC,ASO,ES,Combined TRACON& Tower with Radar,61,93,37,3,194,0,1,32,0,33,61,94,69,3,227,20,0,20,247
04/19/2014,GSO,NC,ASO,ES,Combined TRACON& Tower with Radar,23,55,25,0,103,0,0,4,0,4,23,55,29,0,107,0,0,0,107
04/20/2014,GSO,NC,ASO,ES,Combined TRACON& Tower with Radar,52,64,21,0,137,0,1,8,0,9,52,65,29,0,146,0,0,0,146
04/21/2014,GSO,NC,ASO,ES,Combined TRACON& Tower with Radar,56,77,52,2,187,0,2,43,3,48,56,79,95,5,235,0,0,0,235
04/22/2014,GSO,NC,ASO,ES,Combined TRACON& Tower with Radar,57,86,41,0,184,0,0,25,0,25,57,86,66,0,209,0,0,0,209
04/23/2014,GSO,NC,ASO,ES,Combined TRACON& Tower with Radar,58,86,43,0,187,0,0,29,0,29,58,86,72,0,216,0,0,0,216
04/24/2014,GSO,NC,ASO,ES,Combined TRACON& Tower with Radar,71,91,47,1,210,0,0,45,0,45,71,91,92,1,255,35,0,35,290
04/25/2014,GSO,NC,ASO,ES,Combined TRACON& Tower with Radar,55,89,44,3,191,0,0,5,0,5,55,89,49,3,196,0,0,0,196
04/26/2014,GSO,NC,ASO,ES,Combined TRACON& Tower with Radar,28,62,23,0,113,0,2,37,2,41,28,64,60,2,154,0,0,0,154
04/27/2014,GSO,NC,ASO,ES,Combined TRACON& Tower with Radar,50,66,27,4,147,0,0,38,0,38,50,66,65,4,185,35,0,35,220
04/28/2014,GSO,NC,ASO,ES,Combined TRACON& Tower with Radar,50,80,43,3,176,0,2,3,0,5,50,82,46,3,181,12,0,12,193
04/29/2014,GSO,NC,ASO,ES,Combined TRACON& Tower with Radar,62,88,36,0,186,0,0,0,0,0,62,88,36,0,186,0,0,0,186
04/30/2014,GSO,NC,ASO,ES,Combined TRACON& Tower with Radar,60,85,42,0,187,0,2,1,0,3,60,87,43,0,190,0,0,0,190
05/01/2014,GSO,NC,ASO,ES,Combined TRACON& Tower with Radar,59,92,53,7,211,0,3,17,0,20,59,95,70,7,231,6,8,14,245
05/02/2014,GSO,NC,ASO,ES,Combined TRACON& Tower with Radar,61,87,46,16,210,0,0,48,2,50,61,87,94,18,260,8,0,8,268
05/03/2014,GSO,NC,ASO,ES,Combined TRACON& Tower with Radar,29,56,20,0,105,0,0,50,0,50,29,56,70,0,155,14,0,14,169
05/04/2014,GSO,NC,ASO,ES,Combined TRACON& Tower with Radar,52,71,34,10,167,0,0,31,0,31,52,71,65,10,198,10,0,10,208
05/05/2014,GSO,NC,ASO,ES,Combined TRACON& Tower with Radar,53,80,45,2,180,0,0,29,2,31,53,80,74,4,211,62,0,62,273
05/06/2014,GSO,NC,ASO,ES,Combined TRACON& Tower with Radar,67,82,48,0,197,0,0,41,0,41,67,82,89,0,238,12,0,12,250
05/07/2014,GSO,NC,ASO,ES,Combined TRACON& Tower with Radar,67,82,63,0,212,0,2,14,0,16,67,84,77,0,228,0,0,0,228
05/08/2014,GSO,NC,ASO,ES,Combined TRACON& Tower with Radar,68,80,57,12,217,0,3,43,1,47,68,83,100,13,264,45,0,45,309
05/09/2014,GSO,NC,ASO,ES,Combined TRACON& Tower with Radar,58,91,55,4,208,0,0,30,0,30,58,91,85,4,238,0,0,0,238
05/10/2014,GSO,NC,ASO,ES,Combined TRACON& Tower with Radar,31,51,26,10,118,0,2,10,0,12,31,53,36,10,130,14,8,22,152
05/11/2014,GSO,NC,ASO,ES,Combined TRACON& Tower with Radar,54,57,22,1,134,0,0,29,0,29,54,57,51,1,163,17,0,17,180
05/12/2014,GSO,NC,ASO,ES,Combined TRACON& Tower with Radar,51,76,44,32,203,0,8,43,0,51,51,84,87,32,254,30,19,49,303
05/13/2014,GSO,NC,ASO,ES,Combined TRACON& Tower with Radar,58,75,36,0,169,0,7,40,3,50,58,82,76,3,219,32,0,32,251
05/14/2014,GSO,NC,ASO,ES,Combined TRACON& Tower with Radar,62,96,54,2,214,0,4,31,0,35,62,100,85,2,249,18,0,18,267
05/15/2014,GSO,NC,ASO,ES,Combined TRACON& Tower with Radar,68,80,38,2,188,0,0,0,0,0,68,80,38,2,188,0,0,0,188
05/16/2014,GSO,NC,ASO,ES,Combined TRACON& Tower with Radar,60,86,30,2,178,0,0,29,0,29,60,86,59,2,207,0,0,0,207
05/17/2014,GSO,NC,ASO,ES,Combined TRACON& Tower with Radar,29,48,28,1,106,0,0,45,2,47,29,48,73,3,153,14,0,14,167
05/18/2014,GSO,NC,ASO,ES,Combined TRACON& Tower with Radar,56,60,29,0,145,0,0,27,0,27,56,60,56,0,172,0,0,0,172
05/19/2014,GSO,NC,ASO,ES,Combined TRACON& Tower with Radar,52,74,35,2,163,0,0,33,6,39,52,74,68,8,202,58,0,58,260
05/20/2014,GSO,NC,ASO,ES,Combined TRACON& Tower with Radar,67,77,44,0,188,0,4,43,0,47,67,81,87,0,235,0,0,0,235
05/21/2014,GSO,NC,ASO,ES,Combined TRACON& Tower with Radar,61,69,53,14,197,0,0,23,0,23,61,69,76,14,220,20,18,38,258
05/22/2014,GSO,NC,ASO,ES,Combined TRACON& Tower with Radar,74,79,53,18,224,0,3,42,1,46,74,82,95,19,270,0,10,10,280
05/23/2014,GSO,NC,ASO,ES,Combined TRACON& Tower with Radar,57,82,50,19,208,0,3,36,4,43,57,85,86,23,251,6,28,34,285
05/24/2014,GSO,NC,ASO,ES,Combined TRACON& Tower with Radar,24,45,18,0,87,0,3,35,0,38,24,48,53,0,125,26,4,30,155
05/25/2014,GSO,NC,ASO,ES,Combined TRACON& Tower with Radar,38,53,14,0,105,0,8,37,0,45,38,61,51,0,150,31,0,31,181
05/26/2014,GSO,NC,ASO,ES,Combined TRACON& Tower with Radar,44,53,43,0,140,0,4,34,0,38,44,57,77,0,178,0,0,0,178
05/27/2014,GSO,NC,ASO,ES,Combined TRACON& Tower with Radar,61,70,44,0,175,0,7,23,0,30,61,77,67,0,205,0,0,0,205
05/28/2014,GSO,NC,ASO,ES,Combined TRACON& Tower with Radar,62,81,51,13,207,0,11,39,0,50,62,92,90,13,257,0,0,0,257
05/29/2014,GSO,NC,ASO,ES,Combined TRACON& Tower with Radar,77,105,47,0,229,0,1,12,0,13,77,106,59,0,242,26,0,26,268
05/30/2014,GSO,NC,ASO,ES,Combined TRACON& Tower with Radar,66,91,49,1,207,0,4,10,0,14,66,95,59,1,221,0,0,0,221
05/31/2014,GSO,NC,ASO,ES,Combined TRACON& Tower with Radar,28,50,21,1,100,0,0,34,3,37,28,50,55,4,137,28,0,28,165
06/01/2014,GSO,NC,ASO,ES,Combined TRACON& Tower with Radar,68,63,37,2,170,1,0,41,0,42,69,63,78,2,212,0,0,0,212
06/02/2014,GSO,NC,ASO,ES,Combined TRACON& Tower with Radar,53,71,34,3,161,0,0,39,0,39,53,71,73,3,200,24,0,24,224
06/03/2014,GSO,NC,ASO,ES,Combined TRACON& Tower with Radar,61,84,55,0,200,0,4,42,2,48,61,88,97,2,248,0,0,0,248
06/04/2014,GSO,NC,ASO,ES,Combined TRACON& Tower with Radar,62,74,36,5,177,0,0,30,1,31,62,74,66,6,208,0,0,0,208
06/05/2014,GSO,NC,ASO,ES,Combined TRACON& Tower with Radar,76,70,44,11,201,0,1,28,0,29,76,71,72,11,230,22,0,22,252
06/06/2014,GSO,NC,ASO,ES,Combined TRACON& Tower with Radar,68,74,46,5,193,0,2,38,2,42,68,76,84,7,235,2,0,2,237
06/07/2014,GSO,NC,ASO,ES,Combined TRACON& Tower with Radar,29,46,29,2,106,0,0,30,1,31,29,46,59,3,137,19,0,19,156
06/08/2014,GSO,NC,ASO,ES,Combined TRACON& Tower with Radar,65,61,38,3,167,0,0,14,2,16,65,61,52,5,183,15,0,15,198
06/09/2014,GSO,NC,ASO,ES,Combined TRACON& Tower with Radar,59,55,44,0,158,0,0,9,0,9,59,55,53,0,167,0,0,0,167
06/10/2014,GSO,NC,ASO,ES,Combined TRACON& Tower with Radar,64,67,49,10,190,0,2,39,5,46,64,69,88,15,236,30,12,42,278
06/11/2014,GSO,NC,ASO,ES,Combined TRACON& Tower with Radar,75,62,34,1,172,0,1,23,5,29,75,63,57,6,201,60,0,60,261
06/12/2014,GSO,NC,ASO,ES,Combined TRACON& Tower with Radar,79,71,59,3,212,0,0,12,0,12,79,71,71,3,224,38,0,38,262
06/13/2014,GSO,NC,ASO,ES,Combined TRACON& Tower with Radar,63,64,50,6,183,0,0,21,2,23,63,64,71,8,206,0,0,0,206
06/14/2014,GSO,NC,ASO,ES,Combined TRACON& Tower with Radar,40,52,33,2,127,0,0,55,0,55,40,52,88,2,182,34,0,34,216
06/15/2014,GSO,NC,ASO,ES,Combined TRACON& Tower with Radar,57,54,34,2,147,0,0,35,0,35,57,54,69,2,182,12,0,12,194
06/16/2014,GSO,NC,ASO,ES,Combined TRACON& Tower with Radar,59,70,35,0,164,0,0,20,2,22,59,70,55,2,186,52,0,52,238
06/17/2014,GSO,NC,ASO,ES,Combined TRACON& Tower with Radar,75,73,36,10,194,0,2,30,2,34,75,75,66,12,228,16,0,16,244
06/18/2014,GSO,NC,ASO,ES,Combined TRACON& Tower with Radar,68,90,66,6,230,0,3,37,2,42,68,93,103,8,272,22,0,22,294
06/19/2014,GSO,NC,ASO,ES,Combined TRACON& Tower with Radar,75,74,75,1,225,0,2,31,5,38,75,76,106,6,263,6,0,6,269
06/20/2014,GSO,NC,ASO,ES,Combined TRACON& Tower with Radar,70,85,50,4,209,0,2,32,0,34,70,87,82,4,243,52,0,52,295
06/21/2014,GSO,NC,ASO,ES,Combined TRACON& Tower with Radar,29,47,38,2,116,0,0,21,0,21,29,47,59,2,137,20,0,20,157
06/22/2014,GSO,NC,ASO,ES,Combined TRACON& Tower with Radar,61,57,31,16,165,0,0,13,4,17,61,57,44,20,182,12,0,12,194
06/23/2014,GSO,NC,ASO,ES,Combined TRACON& Tower with Radar,60,74,38,2,174,0,6,19,0,25,60,80,57,2,199,0,0,0,199
06/24/2014,GSO,NC,ASO,ES,Combined TRACON& Tower with Radar,69,72,41,30,212,0,4,15,0,19,69,76,56,30,231,15,24,39,270
06/25/2014,GSO,NC,ASO,ES,Combined TRACON& Tower with Radar,68,71,45,2,186,0,0,22,0,22,68,71,67,2,208,0,0,0,208
06/26/2014,GSO,NC,ASO,ES,Combined TRACON& Tower with Radar,76,79,50,4,209,0,1,56,3,60,76,80,106,7,269,14,0,14,283
06/27/2014,GSO,NC,ASO,ES,Combined TRACON& Tower with Radar,70,70,57,0,197,0,2,23,0,25,70,72,80,0,222,50,0,50,272
06/28/2014,GSO,NC,ASO,ES,Combined TRACON& Tower with Radar,35,51,31,0,117,0,0,12,0,12,35,51,43,0,129,7,0,7,136
06/29/2014,GSO,NC,ASO,ES,Combined TRACON& Tower with Radar,59,53,39,0,151,0,0,26,0,26,59,53,65,0,177,26,0,26,203
06/30/2014,GSO,NC,ASO,ES,Combined TRACON& Tower with Radar,60,67,31,0,158,0,5,35,0,40,60,72,66,0,198,16,0,16,214
07/01/2014,GSO,NC,ASO,ES,Combined TRACON& Tower with Radar,66,79,39,5,189,0,0,34,0,34,66,79,73,5,223,16,0,16,239
07/02/2014,GSO,NC,ASO,ES,Combined TRACON& Tower with Radar,61,71,37,1,170,0,0,30,3,33,61,71,67,4,203,0,0,0,203
07/03/2014,GSO,NC,ASO,ES,Combined TRACON& Tower with Radar,67,62,35,1,165,0,0,16,0,16,67,62,51,1,181,6,0,6,187
07/04/2014,GSO,NC,ASO,ES,Combined TRACON& Tower with Radar,40,35,17,0,92,0,0,22,0,22,40,35,39,0,114,29,0,29,143
07/05/2014,GSO,NC,ASO,ES,Combined TRACON& Tower with Radar,28,46,12,0,86,0,0,28,0,28,28,46,40,0,114,6,0,6,120
07/06/2014,GSO,NC,ASO,ES,Combined TRACON& Tower with Radar,59,68,40,3,170,0,0,38,0,38,59,68,78,3,208,14,0,14,222
07/07/2014,GSO,NC,ASO,ES,Combined TRACON& Tower with Radar,54,71,37,0,162,0,1,49,0,50,54,72,86,0,212,0,0,0,212
07/08/2014,GSO,NC,ASO,ES,Combined TRACON& Tower with Radar,62,80,37,2,181,0,8,33,0,41,62,88,70,2,222,11,0,11,233
07/09/2014,GSO,NC,ASO,ES,Combined TRACON& Tower with Radar,68,81,50,0,199,0,4,32,0,36,68,85,82,0,235,0,0,0,235
07/10/2014,GSO,NC,ASO,ES,Combined TRACON& Tower with Radar,71,92,38,1,202,0,5,8,0,13,71,97,46,1,215,7,0,7,222
07/11/2014,GSO,NC,ASO,ES,Combined TRACON& Tower with Radar,62,87,48,13,210,0,3,13,0,16,62,90,61,13,226,5,0,5,231
07/12/2014,GSO,NC,ASO,ES,Combined TRACON& Tower with Radar,26,59,40,0,125,0,0,30,0,30,26,59,70,0,155,33,0,33,188
07/13/2014,GSO,NC,ASO,ES,Combined TRACON& Tower with Radar,54,70,35,1,160,0,0,33,0,33,54,70,68,1,193,38,0,38,231
07/14/2014,GSO,NC,ASO,ES,Combined TRACON& Tower with Radar,57,68,36,2,163,0,4,27,2,33,57,72,63,4,196,0,0,0,196
07/15/2014,GSO,NC,ASO,ES,Combined TRACON& Tower with Radar,71,75,44,14,204,0,11,30,2,43,71,86,74,16,247,57,18,75,322
07/16/2014,GSO,NC,ASO,ES,Combined TRACON& Tower with Radar,66,82,31,12,191,0,13,66,2,81,66,95,97,14,272,29,0,29,301
07/17/2014,GSO,NC,ASO,ES,Combined TRACON& Tower with Radar,74,91,53,5,223,0,3,54,0,57,74,94,107,5,280,0,4,4,284
07/18/2014,GSO,NC,ASO,ES,Combined TRACON& Tower with Radar,62,79,31,9,181,0,5,52,3,60,62,84,83,12,241,34,30,64,305
07/19/2014,GSO,NC,ASO,ES,Combined TRACON& Tower with Radar,31,47,18,0,96,0,2,54,0,56,31,49,72,0,152,0,0,0,152
07/20/2014,GSO,NC,ASO,ES,Combined TRACON& Tower with Radar,56,53,48,0,157,0,0,8,0,8,56,53,56,0,165,27,0,27,192
07/21/2014,GSO,NC,ASO,ES,Combined TRACON& Tower with Radar,60,79,52,0,191,0,0,1,0,1,60,79,53,0,192,15,0,15,207
07/22/2014,GSO,NC,ASO,ES,Combined TRACON& Tower with Radar,66,84,44,6,200,0,5,25,0,30,66,89,69,6,230,20,0,20,250
07/23/2014,GSO,NC,ASO,ES,Combined TRACON& Tower with Radar,65,77,50,29,221,0,5,47,1,53,65,82,97,30,274,48,26,74,348
07/24/2014,GSO,NC,ASO,ES,Combined TRACON& Tower with Radar,72,76,50,4,202,0,2,12,0,14,72,78,62,4,216,6,25,31,247
07/25/2014,GSO,NC,ASO,ES,Combined TRACON& Tower with Radar,66,81,53,2,202,0,1,24,0,25,66,82,77,2,227,33,0,33,260
07/26/2014,GSO,NC,ASO,ES,Combined TRACON& Tower with Radar,34,53,38,0,125,0,4,29,0,33,34,57,67,0,158,52,0,52,210
07/27/2014,GSO,NC,ASO,ES,Combined TRACON& Tower with Radar,54,53,31,2,140,0,0,19,0,19,54,53,50,2,159,14,0,14,173
07/28/2014,GSO,NC,ASO,ES,Combined TRACON& Tower with Radar,53,78,37,4,172,0,3,33,1,37,53,81,70,5,209,2,11,13,222
07/29/2014,GSO,NC,ASO,ES,Combined TRACON& Tower with Radar,70,67,50,0,187,0,2,55,0,57,70,69,105,0,244,0,0,0,244
07/30/2014,GSO,NC,ASO,ES,Combined TRACON& Tower with Radar,67,78,54,2,201,0,11,40,0,51,67,89,94,2,252,12,0,12,264
07/31/2014,GSO,NC,ASO,ES,Combined TRACON& Tower with Radar,74,90,54,1,219,0,4,28,2,34,74,94,82,3,253,10,0,10,263
08/01/2014,GSO,NC,ASO,ES,Combined TRACON& Tower with Radar,65,73,38,0,176,0,0,0,0,0,65,73,38,0,176,0,0,0,176
08/02/2014,GSO,NC,ASO,ES,Combined TRACON& Tower with Radar,30,51,31,0,112,0,0,2,0,2,30,51,33,0,114,0,0,0,114
08/03/2014,GSO,NC,ASO,ES,Combined TRACON& Tower with Radar,54,54,26,3,137,0,1,21,0,22,54,55,47,3,159,0,0,0,159
08/04/2014,GSO,NC,ASO,ES,Combined TRACON& Tower with Radar,54,65,32,13,164,0,3,34,2,39,54,68,66,15,203,5,8,13,216
08/05/2014,GSO,NC,ASO,ES,Combined TRACON& Tower with Radar,66,74,38,2,180,0,0,38,2,40,66,74,76,4,220,0,0,0,220
08/06/2014,GSO,NC,ASO,ES,Combined TRACON& Tower with Radar,67,77,59,0,203,0,4,42,0,46,67,81,101,0,249,0,0,0,249
08/07/2014,GSO,NC,ASO,ES,Combined TRACON& Tower with Radar,63,79,67,1,210,0,4,49,1,54,63,83,116,2,264,6,0,6,270
08/08/2014,GSO,NC,ASO,ES,Combined TRACON& Tower with Radar,62,80,30,4,176,0,0,6,0,6,62,80,36,4,182,23,0,23,205
08/09/2014,GSO,NC,ASO,ES,Combined TRACON& Tower with Radar,33,52,19,1,105,0,0,0,0,0,33,52,19,1,105,0,0,0,105
08/10/2014,GSO,NC,ASO,ES,Combined TRACON& Tower with Radar,52,62,37,6,157,0,0,0,0,0,52,62,37,6,157,0,0,0,157
08/11/2014,GSO,NC,ASO,ES,Combined TRACON& Tower with Radar,54,80,70,4,208,0,0,2,0,2,54,80,72,4,210,0,0,0,210
08/12/2014,GSO,NC,ASO,ES,Combined TRACON& Tower with Radar,66,85,47,1,199,0,2,4,2,8,66,87,51,3,207,8,0,8,215
08/13/2014,GSO,NC,ASO,ES,Combined TRACON& Tower with Radar,62,79,42,0,183,0,8,57,3,68,62,87,99,3,251,8,4,12,263
08/14/2014,GSO,NC,ASO,ES,Combined TRACON& Tower with Radar,72,83,59,4,218,0,2,47,0,49,72,85,106,4,267,0,0,0,267
08/15/2014,GSO,NC,ASO,ES,Combined TRACON& Tower with Radar,62,76,38,1,177,0,10,45,0,55,62,86,83,1,232,8,0,8,240
08/16/2014,GSO,NC,ASO,ES,Combined TRACON& Tower with Radar,28,53,32,0,113,0,2,47,0,49,28,55,79,0,162,0,0,0,162
08/17/2014,GSO,NC,ASO,ES,Combined TRACON& Tower with Radar,56,70,49,9,184,0,0,29,0,29,56,70,78,9,213,0,0,0,213
08/18/2014,GSO,NC,ASO,ES,Combined TRACON& Tower with Radar,54,74,51,1,180,0,0,7,0,7,54,74,58,1,187,0,0,0,187
08/19/2014,GSO,NC,ASO,ES,Combined TRACON& Tower with Radar,64,77,51,0,192,0,12,25,3,40,64,89,76,3,232,12,2,14,246
08/20/2014,GSO,NC,ASO,ES,Combined TRACON& Tower with Radar,65,83,47,10,205,0,6,19,4,29,65,89,66,14,234,20,0,20,254
08/21/2014,GSO,NC,ASO,ES,Combined TRACON& Tower with Radar,69,86,59,0,214,0,0,33,2,35,69,86,92,2,249,26,0,26,275
08/22/2014,GSO,NC,ASO,ES,Combined TRACON& Tower with Radar,61,80,39,0,180,0,0,30,2,32,61,80,69,2,212,6,0,6,218
08/23/2014,GSO,NC,ASO,ES,Combined TRACON& Tower with Radar,29,55,22,0,106,0,4,16,0,20,29,59,38,0,126,4,2,6,132
08/24/2014,GSO,NC,ASO,ES,Combined TRACON& Tower with Radar,52,62,33,0,147,0,0,8,0,8,52,62,41,0,155,0,0,0,155
08/25/2014,GSO,NC,ASO,ES,Combined TRACON& Tower with Radar,58,72,27,8,165,0,2,30,7,39,58,74,57,15,204,0,0,0,204
08/26/2014,GSO,NC,ASO,ES,Combined TRACON& Tower with Radar,66,84,39,1,190,0,0,45,2,47,66,84,84,3,237,52,0,52,289
08/27/2014,GSO,NC,ASO,ES,Combined TRACON& Tower with Radar,70,74,50,2,196,0,14,53,2,69,70,88,103,4,265,33,0,33,298
08/28/2014,GSO,NC,ASO,ES,Combined TRACON& Tower with Radar,70,86,41,5,202,0,10,37,0,47,70,96,78,5,249,10,0,10,259
08/29/2014,GSO,NC,ASO,ES,Combined TRACON& Tower with Radar,66,93,66,1,226,0,4,14,0,18,66,97,80,1,244,0,0,0,244
08/30/2014,GSO,NC,ASO,ES,Combined TRACON& Tower with Radar,26,47,28,0,101,0,0,23,0,23,26,47,51,0,124,31,0,31,155
08/31/2014,GSO,NC,ASO,ES,Combined TRACON& Tower with Radar,36,44,15,1,96,0,0,21,0,21,36,44,36,1,117,9,0,9,126
09/01/2014,GSO,NC,ASO,ES,Combined TRACON& Tower with Radar,40,47,38,1,126,0,2,39,0,41,40,49,77,1,167,35,0,35,202
09/02/2014,GSO,NC,ASO,ES,Combined TRACON& Tower with Radar,55,73,31,1,160,0,9,40,2,51,55,82,71,3,211,30,0,30,241
09/03/2014,GSO,NC,ASO,ES,Combined TRACON& Tower with Radar,55,77,51,3,186,0,3,38,2,43,55,80,89,5,229,0,0,0,229
09/04/2014,GSO,NC,ASO,ES,Combined TRACON& Tower with Radar,60,84,55,0,199,0,0,18,0,18,60,84,73,0,217,0,0,0,217
09/05/2014,GSO,NC,ASO,ES,Combined TRACON& Tower with Radar,61,80,42,3,186,0,1,21,0,22,61,81,63,3,208,0,0,0,208
09/06/2014,GSO,NC,ASO,ES,Combined TRACON& Tower with Radar,29,40,14,10,93,0,7,34,0,41,29,47,48,10,134,0,0,0,134
09/07/2014,GSO,NC,ASO,ES,Combined TRACON& Tower with Radar,59,59,32,10,160,0,0,8,0,8,59,59,40,10,168,25,0,25,193
09/08/2014,GSO,NC,ASO,ES,Combined TRACON& Tower with Radar,56,71,28,0,155,0,0,0,0,0,56,71,28,0,155,0,0,0,155
09/09/2014,GSO,NC,ASO,ES,Combined TRACON& Tower with Radar,57,78,62,1,198,0,0,5,0,5,57,78,67,1,203,10,0,10,213
09/10/2014,GSO,NC,ASO,ES,Combined TRACON& Tower with Radar,60,79,61,1,201,0,1,12,0,13,60,80,73,1,214,18,0,18,232
09/11/2014,GSO,NC,ASO,ES,Combined TRACON& Tower with Radar,75,86,48,2,211,0,5,43,0,48,75,91,91,2,259,18,0,18,277
09/12/2014,GSO,NC,ASO,ES,Combined TRACON& Tower with Radar,65,85,54,0,204,0,0,8,0,8,65,85,62,0,212,0,0,0,212
09/13/2014,GSO,NC,ASO,ES,Combined TRACON& Tower with Radar,33,53,18,0,104,0,0,5,0,5,33,53,23,0,109,6,0,6,115
09/14/2014,GSO,NC,ASO,ES,Combined TRACON& Tower with Radar,56,63,41,1,161,0,2,30,0,32,56,65,71,1,193,0,0,0,193
09/15/2014,GSO,NC,ASO,ES,Combined TRACON& Tower with Radar,54,68,53,4,179,0,0,7,2,9,54,68,60,6,188,18,10,28,216
09/16/2014,GSO,NC,ASO,ES,Combined TRACON& Tower with Radar,59,88,44,2,193,0,1,27,2,30,59,89,71,4,223,21,10,31,254
09/17/2014,GSO,NC,ASO,ES,Combined TRACON& Tower with Radar,62,85,49,0,196,0,0,18,0,18,62,85,67,0,214,49,0,49,263
09/18/2014,GSO,NC,ASO,ES,Combined TRACON& Tower with Radar,65,87,42,9,203,0,0,17,0,17,65,87,59,9,220,39,2,41,261
09/19/2014,GSO,NC,ASO,ES,Combined TRACON& Tower with Radar,64,91,69,6,230,0,0,36,0,36,64,91,105,6,266,17,0,17,283
09/20/2014,GSO,NC,ASO,ES,Combined TRACON& Tower with Radar,36,56,30,0,122,0,4,71,0,75,36,60,101,0,197,56,0,56,253
09/21/2014,GSO,NC,ASO,ES,Combined TRACON& Tower with Radar,59,58,39,0,156,0,1,30,0,31,59,59,69,0,187,29,0,29,216
09/22/2014,GSO,NC,ASO,ES,Combined TRACON& Tower with Radar,65,77,36,0,178,0,0,52,2,54,65,77,88,2,232,27,0,27,259
09/23/2014,GSO,NC,ASO,ES,Combined TRACON& Tower with Radar,70,84,38,20,212,0,5,58,0,63,70,89,96,20,275,37,4,41,316
09/24/2014,GSO,NC,ASO,ES,Combined TRACON& Tower with Radar,63,89,54,9,215,0,0,6,0,6,63,89,60,9,221,0,9,9,230
09/25/2014,GSO,NC,ASO,ES,Combined TRACON& Tower with Radar,76,88,43,3,210,0,0,6,0,6,76,88,49,3,216,0,0,0,216
09/26/2014,GSO,NC,ASO,ES,Combined TRACON& Tower with Radar,67,99,52,0,218,0,0,10,0,10,67,99,62,0,228,0,0,0,228
09/27/2014,GSO,NC,ASO,ES,Combined TRACON& Tower with Radar,37,50,21,0,108,0,4,45,0,49,37,54,66,0,157,71,0,71,228
09/28/2014,GSO,NC,ASO,ES,Combined TRACON& Tower with Radar,60,75,37,2,174,0,0,38,0,38,60,75,75,2,212,10,0,10,222
09/29/2014,GSO,NC,ASO,ES,Combined TRACON& Tower with Radar,61,73,58,1,193,0,0,16,0,16,61,73,74,1,209,15,0,15,224
09/30/2014,GSO,NC,ASO,ES,Combined TRACON& Tower with Radar,75,87,43,1,206,0,5,22,0,27,75,92,65,1,233,32,0,32,265
10/01/2014,GSO,NC,ASO,ES,Combined TRACON& Tower with Radar,66,77,72,0,215,0,2,29,0,31,66,79,101,0,246,26,0,26,272
10/02/2014,GSO,NC,ASO,ES,Combined TRACON& Tower with Radar,72,88,67,2,229,0,2,19,0,21,72,90,86,2,250,64,0,64,314
10/03/2014,GSO,NC,ASO,ES,Combined TRACON& Tower with Radar,68,87,50,3,208,0,0,21,4,25,68,87,71,7,233,8,3,11,244
10/04/2014,GSO,NC,ASO,ES,Combined TRACON& Tower with Radar,35,50,25,0,110,0,0,30,3,33,35,50,55,3,143,22,0,22,165
10/05/2014,GSO,NC,ASO,ES,Combined TRACON& Tower with Radar,56,62,33,4,155,0,0,43,2,45,56,62,76,6,200,54,0,54,254
10/06/2014,GSO,NC,ASO,ES,Combined TRACON& Tower with Radar,57,79,28,3,167,0,3,35,2,40,57,82,63,5,207,4,0,4,211
10/07/2014,GSO,NC,ASO,ES,Combined TRACON& Tower with Radar,64,88,40,0,192,0,6,28,0,34,64,94,68,0,226,4,0,4,230
10/08/2014,GSO,NC,ASO,ES,Combined TRACON& Tower with Radar,67,80,59,0,206,0,1,39,4,44,67,81,98,4,250,12,0,12,262
10/09/2014,GSO,NC,ASO,ES,Combined TRACON& Tower with Radar,73,81,44,7,205,0,6,52,4,62,73,87,96,11,267,20,0,20,287
10/10/2014,GSO,NC,ASO,ES,Combined TRACON& Tower with Radar,63,80,58,5,206,0,4,18,1,23,63,84,76,6,229,3,0,3,232
10/11/2014,GSO,NC,ASO,ES,Combined TRACON& Tower with Radar,43,62,24,1,130,1,2,13,0,16,44,64,37,1,146,13,0,13,159
10/12/2014,GSO,NC,ASO,ES,Combined TRACON& Tower with Radar,56,58,24,0,138,0,0,1,0,1,56,58,25,0,139,0,0,0,139
10/13/2014,GSO,NC,ASO,ES,Combined TRACON& Tower with Radar,56,77,50,2,185,0,0,3,0,3,56,77,53,2,188,0,0,0,188
10/14/2014,GSO,NC,ASO,ES,Combined TRACON& Tower with Radar,70,80,40,0,190,0,3,6,0,9,70,83,46,0,199,0,0,0,199
10/15/2014,GSO,NC,ASO,ES,Combined TRACON& Tower with Radar,66,87,54,8,215,0,5,11,0,16,66,92,65,8,231,22,2,24,255
10/16/2014,GSO,NC,ASO,ES,Combined TRACON& Tower with Radar,74,95,87,11,267,0,4,28,2,34,74,99,115,13,301,54,19,73,374
10/17/2014,GSO,NC,ASO,ES,Combined TRACON& Tower with Radar,71,90,64,1,226,0,7,67,2,76,71,97,131,3,302,69,0,69,371
10/18/2014,GSO,NC,ASO,ES,Combined TRACON& Tower with Radar,37,51,50,0,138,0,2,47,0,49,37,53,97,0,187,30,0,30,217
10/19/2014,GSO,NC,ASO,ES,Combined TRACON& Tower with Radar,57,66,67,1,191,0,0,63,0,63,57,66,130,1,254,4,0,4,258
10/20/2014,GSO,NC,ASO,ES,Combined TRACON& Tower with Radar,58,80,79,0,217,0,0,30,0,30,58,80,109,0,247,31,0,31,278
10/21/2014,GSO,NC,ASO,ES,Combined TRACON& Tower with Radar,64,85,84,1,234,0,6,38,1,45,64,91,122,2,279,40,0,40,319
10/22/2014,GSO,NC,ASO,ES,Combined TRACON& Tower with Radar,69,88,73,7,237,5,2,25,6,38,74,90,98,13,275,0,0,0,275
10/23/2014,GSO,NC,ASO,ES,Combined TRACON& Tower with Radar,72,89,58,2,221,0,13,39,1,53,72,102,97,3,274,24,0,24,298
10/24/2014,GSO,NC,ASO,ES,Combined TRACON& Tower with Radar,69,87,35,16,207,0,4,51,5,60,69,91,86,21,267,50,14,64,331
10/25/2014,GSO,NC,ASO,ES,Combined TRACON& Tower with Radar,35,51,15,0,101,0,4,48,0,52,35,55,63,0,153,67,0,67,220
10/26/2014,GSO,NC,ASO,ES,Combined TRACON& Tower with Radar,55,62,44,6,167,0,0,18,2,20,55,62,62,8,187,0,0,0,187
10/27/2014,GSO,NC,ASO,ES,Combined TRACON& Tower with Radar,53,71,39,5,168,0,2,41,5,48,53,73,80,10,216,10,0,10,226
10/28/2014,GSO,NC,ASO,ES,Combined TRACON& Tower with Radar,59,88,42,14,203,0,2,51,4,57,59,90,93,18,260,17,11,28,288
10/29/2014,GSO,NC,ASO,ES,Combined TRACON& Tower with Radar,61,76,49,0,186,0,1,34,3,38,61,77,83,3,224,42,2,44,268
10/30/2014,GSO,NC,ASO,ES,Combined TRACON& Tower with Radar,67,79,46,20,212,0,3,28,5,36,67,82,74,25,248,12,0,12,260
10/31/2014,GSO,NC,ASO,ES,Combined TRACON& Tower with Radar,69,78,40,4,191,0,1,24,0,25,69,79,64,4,216,0,0,0,216
11/01/2014,GSO,NC,ASO,ES,Combined TRACON& Tower with Radar,29,45,15,0,89,0,0,0,0,0,29,45,15,0,89,0,0,0,89
11/02/2014,GSO,NC,ASO,ES,Combined TRACON& Tower with Radar,54,58,36,7,155,0,0,27,5,32,54,58,63,12,187,0,0,0,187
11/03/2014,GSO,NC,ASO,ES,Combined TRACON& Tower with Radar,58,68,35,0,161,0,1,36,1,38,58,69,71,1,199,20,0,20,219
11/04/2014,GSO,NC,ASO,ES,Combined TRACON& Tower with Radar,63,77,35,0,175,0,6,31,4,41,63,83,66,4,216,11,0,11,227
11/05/2014,GSO,NC,ASO,ES,Combined TRACON& Tower with Radar,68,85,33,11,197,0,2,32,0,34,68,87,65,11,231,0,0,0,231
11/06/2014,GSO,NC,ASO,ES,Combined TRACON& Tower with Radar,73,83,63,0,219,0,1,6,0,7,73,84,69,0,226,0,0,0,226
11/07/2014,GSO,NC,ASO,ES,Combined TRACON& Tower with Radar,64,82,44,0,190,0,1,29,0,30,64,83,73,0,220,14,0,14,234
11/08/2014,GSO,NC,ASO,ES,Combined TRACON& Tower with Radar,32,55,33,0,120,0,0,48,0,48,32,55,81,0,168,0,0,0,168
11/09/2014,GSO,NC,ASO,ES,Combined TRACON& Tower with Radar,49,68,37,0,154,0,0,38,0,38,49,68,75,0,192,12,0,12,204
11/10/2014,GSO,NC,ASO,ES,Combined TRACON& Tower with Radar,59,70,48,1,178,0,3,41,0,44,59,73,89,1,222,25,0,25,247
11/11/2014,GSO,NC,ASO,ES,Combined TRACON& Tower with Radar,69,79,43,0,191,0,8,30,0,38,69,87,73,0,229,70,0,70,299
11/12/2014,GSO,NC,ASO,ES,Combined TRACON& Tower with Radar,67,84,62,16,229,0,12,39,0,51,67,96,101,16,280,38,18,56,336
11/13/2014,GSO,NC,ASO,ES,Combined TRACON& Tower with Radar,67,84,47,12,210,0,6,12,0,18,67,90,59,12,228,36,0,36,264
11/14/2014,GSO,NC,ASO,ES,Combined TRACON& Tower with Radar,64,82,42,2,190,0,2,32,0,34,64,84,74,2,224,8,0,8,232
11/15/2014,GSO,NC,ASO,ES,Combined TRACON& Tower with Radar,30,49,21,1,101,0,2,43,1,46,30,51,64,2,147,53,0,53,200
11/16/2014,GSO,NC,ASO,ES,Combined TRACON& Tower with Radar,46,59,20,2,127,0,0,30,0,30,46,59,50,2,157,32,0,32,189
11/17/2014,GSO,NC,ASO,ES,Combined TRACON& Tower with Radar,53,62,40,0,155,0,0,2,0,2,53,62,42,0,157,0,0,0,157
11/18/2014,GSO,NC,ASO,ES,Combined TRACON& Tower with Radar,61,84,44,2,191,0,12,27,2,41,61,96,71,4,232,18,0,18,250
11/19/2014,GSO,NC,ASO,ES,Combined TRACON& Tower with Radar,62,85,61,0,208,0,12,39,3,54,62,97,100,3,262,0,0,0,262
11/20/2014,GSO,NC,ASO,ES,Combined TRACON& Tower with Radar,66,94,50,1,211,0,7,46,4,57,66,101,96,5,268,23,0,23,291
11/21/2014,GSO,NC,ASO,ES,Combined TRACON& Tower with Radar,70,85,49,1,205,0,6,55,3,64,70,91,104,4,269,47,0,47,316
11/22/2014,GSO,NC,ASO,ES,Combined TRACON& Tower with Radar,29,48,18,0,95,0,4,37,0,41,29,52,55,0,136,42,0,42,178
11/23/2014,GSO,NC,ASO,ES,Combined TRACON& Tower with Radar,47,58,23,0,128,0,0,4,0,4,47,58,27,0,132,51,0,51,183
11/24/2014,GSO,NC,ASO,ES,Combined TRACON& Tower with Radar,47,62,44,4,157,0,2,12,0,14,47,64,56,4,171,3,0,3,174
11/25/2014,GSO,NC,ASO,ES,Combined TRACON& Tower with Radar,61,98,80,12,251,0,3,34,2,39,61,101,114,14,290,67,11,78,368
11/26/2014,GSO,NC,ASO,ES,Combined TRACON& Tower with Radar,63,84,24,0,171,0,0,1,0,1,63,84,25,0,172,0,0,0,172
11/27/2014,GSO,NC,ASO,ES,Combined TRACON& Tower with Radar,27,44,9,0,80,0,0,5,0,5,27,44,14,0,85,0,0,0,85
11/28/2014,GSO,NC,ASO,ES,Combined TRACON& Tower with Radar,40,47,29,0,116,0,0,36,2,38,40,47,65,2,154,10,0,10,164
11/29/2014,GSO,NC,ASO,ES,Combined TRACON& Tower with Radar,44,58,23,0,125,0,13,36,4,53,44,71,59,4,178,28,0,28,206
11/30/2014,GSO,NC,ASO,ES,Combined TRACON& Tower with Radar,60,66,50,0,176,0,0,52,1,53,60,66,102,1,229,30,0,30,259
12/01/2014,GSO,NC,ASO,ES,Combined TRACON& Tower with Radar,56,78,23,5,162,0,4,32,0,36,56,82,55,5,198,42,5,47,245
12/02/2014,GSO,NC,ASO,ES,Combined TRACON& Tower with Radar,55,95,38,2,190,0,0,1,0,1,55,95,39,2,191,0,0,0,191
12/03/2014,GSO,NC,ASO,ES,Combined TRACON& Tower with Radar,62,92,41,2,197,0,0,5,0,5,62,92,46,2,202,0,0,0,202
12/04/2014,GSO,NC,ASO,ES,Combined TRACON& Tower with Radar,69,89,48,1,207,0,8,47,0,55,69,97,95,1,262,70,0,70,332
12/05/2014,GSO,NC,ASO,ES,Combined TRACON& Tower with Radar,56,84,37,0,177,0,0,7,0,7,56,84,44,0,184,30,0,30,214
12/06/2014,GSO,NC,ASO,ES,Combined TRACON& Tower with Radar,28,49,31,0,108,0,0,0,0,0,28,49,31,0,108,0,0,0,108
12/07/2014,GSO,NC,ASO,ES,Combined TRACON& Tower with Radar,50,61,25,0,136,0,0,16,0,16,50,61,41,0,152,6,0,6,158
12/08/2014,GSO,NC,ASO,ES,Combined TRACON& Tower with Radar,48,77,52,3,180,0,0,9,2,11,48,77,61,5,191,12,0,12,203
12/09/2014,GSO,NC,ASO,ES,Combined TRACON& Tower with Radar,54,93,33,7,187,0,4,20,0,24,54,97,53,7,211,38,0,38,249
12/10/2014,GSO,NC,ASO,ES,Combined TRACON& Tower with Radar,56,90,48,0,194,0,4,28,1,33,56,94,76,1,227,0,0,0,227
12/11/2014,GSO,NC,ASO,ES,Combined TRACON& Tower with Radar,60,79,34,0,173,0,3,39,0,42,60,82,73,0,215,4,0,4,219
12/12/2014,GSO,NC,ASO,ES,Combined TRACON& Tower with Radar,53,81,39,6,179,0,0,34,0,34,53,81,73,6,213,70,0,70,283
12/13/2014,GSO,NC,ASO,ES,Combined TRACON& Tower with Radar,28,58,14,1,101,0,2,60,0,62,28,60,74,1,163,33,0,33,196
12/14/2014,GSO,NC,ASO,ES,Combined TRACON& Tower with Radar,49,50,21,0,120,0,0,32,0,32,49,50,53,0,152,138,0,138,290
12/15/2014,GSO,NC,ASO,ES,Combined TRACON& Tower with Radar,50,70,46,4,170,0,0,34,2,36,50,70,80,6,206,93,0,93,299
12/16/2014,GSO,NC,ASO,ES,Combined TRACON& Tower with Radar,54,88,40,2,184,0,0,2,0,2,54,88,42,2,186,15,0,15,201
12/17/2014,GSO,NC,ASO,ES,Combined TRACON& Tower with Radar,58,98,50,0,206,0,1,50,1,52,58,99,100,1,258,20,0,20,278
12/18/2014,GSO,NC,ASO,ES,Combined TRACON& Tower with Radar,67,87,48,2,204,0,5,35,2,42,67,92,83,4,246,31,2,33,279
12/19/2014,GSO,NC,ASO,ES,Combined TRACON& Tower with Radar,59,79,42,1,181,0,0,54,0,54,59,79,96,1,235,53,0,53,288
12/20/2014,GSO,NC,ASO,ES,Combined TRACON& Tower with Radar,41,56,11,0,108,0,0,12,1,13,41,56,23,1,121,36,0,36,157
12/21/2014,GSO,NC,ASO,ES,Combined TRACON& Tower with Radar,37,57,27,2,123,0,0,7,0,7,37,57,34,2,130,10,0,10,140
12/22/2014,GSO,NC,ASO,ES,Combined TRACON& Tower with Radar,50,60,27,6,143,0,0,0,0,0,50,60,27,6,143,0,0,0,143
12/23/2014,GSO,NC,ASO,ES,Combined TRACON& Tower with Radar,54,77,23,1,155,0,0,0,0,0,54,77,23,1,155,0,0,0,155
12/24/2014,GSO,NC,ASO,ES,Combined TRACON& Tower with Radar,43,56,8,0,107,0,0,0,0,0,43,56,8,0,107,0,0,0,107
12/25/2014,GSO,NC,ASO,ES,Combined TRACON& Tower with Radar,29,40,7,0,76,0,0,5,2,7,29,40,12,2,83,0,0,0,83
12/26/2014,GSO,NC,ASO,ES,Combined TRACON& Tower with Radar,51,69,30,0,150,0,0,41,1,42,51,69,71,1,192,25,0,25,217
12/27/2014,GSO,NC,ASO,ES,Combined TRACON& Tower with Radar,34,61,26,0,121,0,0,37,0,37,34,61,63,0,158,26,0,26,184
12/28/2014,GSO,NC,ASO,ES,Combined TRACON& Tower with Radar,42,57,29,0,128,0,0,1,0,1,42,57,30,0,129,2,0,2,131
12/29/2014,GSO,NC,ASO,ES,Combined TRACON& Tower with Radar,51,65,10,0,126,0,0,0,0,0,51,65,10,0,126,0,0,0,126
12/30/2014,GSO,NC,ASO,ES,Combined TRACON& Tower with Radar,54,74,31,0,159,0,0,2,0,2,54,74,33,0,161,16,0,16,177
12/31/2014,GSO,NC,ASO,ES,Combined TRACON& Tower with Radar,47,48,14,0,109,0,0,48,0,48,47,48,62,0,157,0,0,0,157
01/01/2015,GSO,NC,ASO,ES,Combined TRACON& Tower with Radar,30,44,10,0,84,0,0,23,0,23,30,44,33,0,107,16,0,16,123
01/02/2015,GSO,NC,ASO,ES,Combined TRACON& Tower with Radar,50,68,24,0,142,0,0,52,0,52,50,68,76,0,194,13,0,13,207
01/03/2015,GSO,NC,ASO,ES,Combined TRACON& Tower with Radar,34,56,31,0,121,0,0,0,0,0,34,56,31,0,121,0,0,0,121
01/04/2015,GSO,NC,ASO,ES,Combined TRACON& Tower with Radar,43,56,19,2,120,0,0,0,0,0,43,56,19,2,120,0,0,0,120
01/05/2015,GSO,NC,ASO,ES,Combined TRACON& Tower with Radar,54,69,37,0,160,0,2,30,0,32,54,71,67,0,192,16,0,16,208
01/06/2015,GSO,NC,ASO,ES,Combined TRACON& Tower with Radar,51,68,28,4,151,0,9,27,0,36,51,77,55,4,187,2,14,16,203
01/07/2015,GSO,NC,ASO,ES,Combined TRACON& Tower with Radar,57,85,32,11,185,0,16,15,1,32,57,101,47,12,217,8,2,10,227
01/08/2015,GSO,NC,ASO,ES,Combined TRACON& Tower with Radar,51,84,58,7,200,0,13,33,0,46,51,97,91,7,246,10,0,10,256
01/09/2015,GSO,NC,ASO,ES,Combined TRACON& Tower with Radar,55,78,43,20,196,0,0,35,0,35,55,78,78,20,231,9,0,9,240
01/10/2015,GSO,NC,ASO,ES,Combined TRACON& Tower with Radar,26,44,21,0,91,0,0,31,0,31,26,44,52,0,122,42,0,42,164
01/11/2015,GSO,NC,ASO,ES,Combined TRACON& Tower with Radar,47,51,28,0,126,0,2,20,0,22,47,53,48,0,148,50,0,50,198
01/12/2015,GSO,NC,ASO,ES,Combined TRACON& Tower with Radar,44,69,22,2,137,0,0,0,0,0,44,69,22,2,137,0,0,0,137
01/13/2015,GSO,NC,ASO,ES,Combined TRACON& Tower with Radar,57,67,33,0,157,0,0,0,0,0,57,67,33,0,157,42,0,42,199
01/14/2015,GSO,NC,ASO,ES,Combined TRACON& Tower with Radar,61,91,27,2,181,0,0,0,0,0,61,91,27,2,181,0,0,0,181
01/15/2015,GSO,NC,ASO,ES,Combined TRACON& Tower with Radar,60,84,50,0,194,0,0,6,0,6,60,84,56,0,200,0,0,0,200
01/16/2015,GSO,NC,ASO,ES,Combined TRACON& Tower with Radar,55,88,40,6,189,0,1,47,5,53,55,89,87,11,242,14,0,14,256
01/17/2015,GSO,NC,ASO,ES,Combined TRACON& Tower with Radar,25,45,16,0,86,0,3,52,0,55,25,48,68,0,141,0,0,0,141
01/18/2015,GSO,NC,ASO,ES,Combined TRACON& Tower with Radar,42,55,11,0,108,0,0,11,0,11,42,55,22,0,119,15,0,15,134
01/19/2015,GSO,NC,ASO,ES,Combined TRACON& Tower with Radar,50,67,30,8,155,0,4,41,0,45,50,71,71,8,200,0,0,0,200
01/20/2015,GSO,NC,ASO,ES,Combined TRACON& Tower with Radar,58,77,33,18,186,0,10,46,2,58,58,87,79,20,244,6,0,6,250
01/21/2015,GSO,NC,ASO,ES,Combined TRACON& Tower with Radar,60,81,34,3,178,0,5,32,3,40,60,86,66,6,218,16,0,16,234
01/22/2015,GSO,NC,ASO,ES,Combined TRACON& Tower with Radar,62,75,36,20,193,0,4,36,0,40,62,79,72,20,233,35,0,35,268
01/23/2015,GSO,NC,ASO,ES,Combined TRACON& Tower with Radar,58,78,15,1,152,0,0,4,0,4,58,78,19,1,156,8,0,8,164
01/24/2015,GSO,NC,ASO,ES,Combined TRACON& Tower with Radar,30,44,12,0,86,0,1,6,1,8,30,45,18,1,94,8,0,8,102
01/25/2015,GSO,NC,ASO,ES,Combined TRACON& Tower with Radar,45,53,29,0,127,0,0,35,1,36,45,53,64,1,163,9,0,9,172
01/26/2015,GSO,NC,ASO,ES,Combined TRACON& Tower with Radar,42,59,28,2,131,0,1,7,0,8,42,60,35,2,139,11,10,21,160
01/27/2015,GSO,NC,ASO,ES,Combined TRACON& Tower with Radar,58,65,36,2,161,0,10,26,0,36,58,75,62,2,197,2,0,2,199
01/28/2015,GSO,NC,ASO,ES,Combined TRACON& Tower with Radar,59,79,32,10,180,0,7,42,2,51,59,86,74,12,231,0,0,0,231
01/29/2015,GSO,NC,ASO,ES,Combined TRACON& Tower with Radar,64,78,32,2,176,0,3,31,7,41,64,81,63,9,217,0,0,0,217
01/30/2015,GSO,NC,ASO,ES,Combined TRACON& Tower with Radar,56,81,27,2,166,0,1,9,4,14,56,82,36,6,180,12,0,12,192
01/31/2015,GSO,NC,ASO,ES,Combined TRACON& Tower with Radar,28,41,19,8,96,0,4,72,0,76,28,45,91,8,172,0,0,0,172
02/01/2015,GSO,NC,ASO,ES,Combined TRACON& Tower with Radar,36,45,10,0,91,0,0,25,0,25,36,45,35,0,116,32,0,32,148
02/02/2015,GSO,NC,ASO,ES,Combined TRACON& Tower with Radar,44,63,22,0,129,0,0,2,1,3,44,63,24,1,132,0,0,0,132
02/03/2015,GSO,NC,ASO,ES,Combined TRACON& Tower with Radar,58,77,36,1,172,0,5,62,1,68,58,82,98,2,240,17,0,17,257
02/04/2015,GSO,NC,ASO,ES,Combined TRACON& Tower with Radar,69,73,40,0,182,0,3,51,0,54,69,76,91,0,236,11,0,11,247
02/05/2015,GSO,NC,ASO,ES,Combined TRACON& Tower with Radar,65,72,26,0,163,0,12,37,0,49,65,84,63,0,212,0,0,0,212
02/06/2015,GSO,NC,ASO,ES,Combined TRACON& Tower with Radar,60,81,38,0,179,0,10,53,0,63,60,91,91,0,242,46,0,46,288
02/07/2015,GSO,NC,ASO,ES,Combined TRACON& Tower with Radar,25,44,26,0,95,0,5,47,2,54,25,49,73,2,149,0,0,0,149
02/08/2015,GSO,NC,ASO,ES,Combined TRACON& Tower with Radar,42,54,28,2,126,0,2,41,0,43,42,56,69,2,169,14,0,14,183
02/09/2015,GSO,NC,ASO,ES,Combined TRACON& Tower with Radar,50,55,31,6,142,0,0,4,1,5,50,55,35,7,147,6,8,14,161
02/10/2015,GSO,NC,ASO,ES,Combined TRACON& Tower with Radar,65,74,31,2,172,0,0,15,0,15,65,74,46,2,187,16,0,16,203
02/11/2015,GSO,NC,ASO,ES,Combined TRACON& Tower with Radar,65,72,38,17,192,0,14,44,1,59,65,86,82,18,251,42,0,42,293
02/12/2015,GSO,NC,ASO,ES,Combined TRACON& Tower with Radar,59,80,54,2,195,0,2,26,0,28,59,82,80,2,223,10,0,10,233
02/13/2015,GSO,NC,ASO,ES,Combined TRACON& Tower with Radar,53,87,44,1,185,0,1,38,0,39,53,88,82,1,224,7,0,7,231
02/14/2015,GSO,NC,ASO,ES,Combined TRACON& Tower with Radar,24,48,16,1,89,0,0,21,0,21,24,48,37,1,110,0,0,0,110
02/15/2015,GSO,NC,ASO,ES,Combined TRACON& Tower with Radar,41,43,20,0,104,0,0,11,0,11,41,43,31,0,115,16,0,16,131
02/16/2015,GSO,NC,ASO,ES,Combined TRACON& Tower with Radar,38,50,20,0,108,0,0,7,0,7,38,50,27,0,115,0,0,0,115
02/17/2015,GSO,NC,ASO,ES,Combined TRACON& Tower with Radar,44,71,21,1,137,0,0,2,0,2,44,71,23,1,139,0,0,0,139
02/18/2015,GSO,NC,ASO,ES,Combined TRACON& Tower with Radar,45,74,47,7,173,4,6,10,0,20,49,80,57,7,193,0,0,0,193
02/19/2015,GSO,NC,ASO,ES,Combined TRACON& Tower with Radar,54,90,40,7,191,0,8,23,0,31,54,98,63,7,222,0,0,0,222
02/20/2015,GSO,NC,ASO,ES,Combined TRACON& Tower with Radar,54,85,27,0,166,0,3,37,0,40,54,88,64,0,206,14,0,14,220
02/21/2015,GSO,NC,ASO,ES,Combined TRACON& Tower with Radar,25,48,15,0,88,0,0,5,0,5,25,48,20,0,93,0,0,0,93
02/22/2015,GSO,NC,ASO,ES,Combined TRACON& Tower with Radar,38,51,34,0,123,0,0,6,0,6,38,51,40,0,129,23,0,23,152
02/23/2015,GSO,NC,ASO,ES,Combined TRACON& Tower with Radar,51,78,45,4,178,0,0,14,0,14,51,78,59,4,192,4,0,4,196
02/24/2015,GSO,NC,ASO,ES,Combined TRACON& Tower with Radar,51,92,41,0,184,0,0,0,0,0,51,92,41,0,184,2,0,2,186
02/25/2015,GSO,NC,ASO,ES,Combined TRACON& Tower with Radar,43,101,27,0,171,0,9,36,2,47,43,110,63,2,218,56,0,56,274
02/26/2015,GSO,NC,ASO,ES,Combined TRACON& Tower with Radar,47,67,25,0,139,0,5,1,0,6,47,72,26,0,145,0,0,0,145
02/27/2015,GSO,NC,ASO,ES,Combined TRACON& Tower with Radar,54,82,38,0,174,0,5,40,1,46,54,87,78,1,220,36,0,36,256
02/28/2015,GSO,NC,ASO,ES,Combined TRACON& Tower with Radar,25,59,13,0,97,0,15,29,0,44,25,74,42,0,141,0,0,0,141
03/01/2015,GSO,NC,ASO,ES,Combined TRACON& Tower with Radar,48,41,14,0,103,0,0,0,0,0,48,41,14,0,103,0,0,0,103
03/02/2015,GSO,NC,ASO,ES,Combined TRACON& Tower with Radar,47,69,45,8,169,0,10,22,0,32,47,79,67,8,201,10,7,17,218
03/03/2015,GSO,NC,ASO,ES,Combined TRACON& Tower with Radar,63,77,26,0,166,0,0,0,0,0,63,77,26,0,166,0,0,0,166
03/04/2015,GSO,NC,ASO,ES,Combined TRACON& Tower with Radar,59,78,28,7,172,0,4,3,3,10,59,82,31,10,182,0,0,0,182
03/05/2015,GSO,NC,ASO,ES,Combined TRACON& Tower with Radar,54,54,20,0,128,0,0,0,0,0,54,54,20,0,128,0,0,0,128
03/06/2015,GSO,NC,ASO,ES,Combined TRACON& Tower with Radar,63,72,35,0,170,0,7,35,0,42,63,79,70,0,212,4,0,4,216
03/07/2015,GSO,NC,ASO,ES,Combined TRACON& Tower with Radar,34,48,16,0,98,0,4,70,0,74,34,52,86,0,172,36,0,36,208
03/08/2015,GSO,NC,ASO,ES,Combined TRACON& Tower with Radar,46,71,27,8,152,0,1,51,1,53,46,72,78,9,205,16,0,16,221
03/09/2015,GSO,NC,ASO,ES,Combined TRACON& Tower with Radar,56,81,36,24,197,0,4,26,0,30,56,85,62,24,227,13,17,30,257
03/10/2015,GSO,NC,ASO,ES,Combined TRACON& Tower with Radar,64,71,48,30,213,0,0,12,0,12,64,71,60,30,225,19,10,29,254
03/11/2015,GSO,NC,ASO,ES,Combined TRACON& Tower with Radar,68,91,78,17,254,0,2,16,0,18,68,93,94,17,272,0,0,0,272
03/12/2015,GSO,NC,ASO,ES,Combined TRACON& Tower with Radar,64,98,90,18,270,0,1,38,2,41,64,99,128,20,311,5,14,19,330
03/13/2015,GSO,NC,ASO,ES,Combined TRACON& Tower with Radar,64,97,72,0,233,0,0,15,0,15,64,97,87,0,248,42,0,42,290
03/14/2015,GSO,NC,ASO,ES,Combined TRACON& Tower with Radar,35,60,38,0,133,0,0,0,0,0,35,60,38,0,133,0,0,0,133
03/15/2015,GSO,NC,ASO,ES,Combined TRACON& Tower with Radar,55,60,30,0,145,0,0,38,0,38,55,60,68,0,183,0,0,0,183
03/16/2015,GSO,NC,ASO,ES,Combined TRACON& Tower with Radar,54,70,38,0,162,0,1,39,2,42,54,71,77,2,204,24,0,24,228
03/17/2015,GSO,NC,ASO,ES,Combined TRACON& Tower with Radar,62,88,48,18,216,0,0,33,0,33,62,88,81,18,249,0,0,0,249
03/18/2015,GSO,NC,ASO,ES,Combined TRACON& Tower with Radar,62,75,42,3,182,0,2,57,6,65,62,77,99,9,247,0,0,0,247
03/19/2015,GSO,NC,ASO,ES,Combined TRACON& Tower with Radar,58,89,40,2,189,0,4,13,0,17,58,93,53,2,206,0,0,0,206
03/20/2015,GSO,NC,ASO,ES,Combined TRACON& Tower with Radar,59,73,37,8,177,0,0,2,0,2,59,73,39,8,179,16,0,16,195
03/21/2015,GSO,NC,ASO,ES,Combined TRACON& Tower with Radar,28,57,28,1,114,0,2,39,0,41,28,59,67,1,155,15,0,15,170
03/22/2015,GSO,NC,ASO,ES,Combined TRACON& Tower with Radar,53,60,27,16,156,0,7,37,4,48,53,67,64,20,204,22,28,50,254
03/23/2015,GSO,NC,ASO,ES,Combined TRACON& Tower with Radar,54,74,50,2,180,0,5,26,0,31,54,79,76,2,211,12,0,12,223
03/24/2015,GSO,NC,ASO,ES,Combined TRACON& Tower with Radar,61,77,44,4,186,0,3,40,2,45,61,80,84,6,231,0,0,0,231
03/25/2015,GSO,NC,ASO,ES,Combined TRACON& Tower with Radar,67,86,68,0,221,0,0,3,0,3,67,86,71,0,224,0,0,0,224
03/26/2015,GSO,NC,ASO,ES,Combined TRACON& Tower with Radar,59,79,50,0,188,0,2,10,0,12,59,81,60,0,200,0,0,0,200
03/27/2015,GSO,NC,ASO,ES,Combined TRACON& Tower with Radar,64,83,42,0,189,0,0,0,0,0,64,83,42,0,189,0,0,0,189
03/28/2015,GSO,NC,ASO,ES,Combined TRACON& Tower with Radar,34,51,27,0,112,0,0,47,0,47,34,51,74,0,159,0,0,0,159
03/29/2015,GSO,NC,ASO,ES,Combined TRACON& Tower with Radar,53,60,25,0,138,0,0,52,1,53,53,60,77,1,191,3,0,3,194
03/30/2015,GSO,NC,ASO,ES,Combined TRACON& Tower with Radar,60,74,27,11,172,0,2,19,2,23,60,76,46,13,195,17,0,17,212
03/31/2015,GSO,NC,ASO,ES,Combined TRACON& Tower with Radar,63,84,25,0,172,0,11,46,0,57,63,95,71,0,229,0,0,0,229
04/01/2015,GSO,NC,ASO,ES,Combined TRACON& Tower with Radar,62,90,45,2,199,0,3,42,4,49,62,93,87,6,248,0,0,0,248
04/02/2015,GSO,NC,ASO,ES,Combined TRACON& Tower with Radar,57,103,48,1,209,0,1,30,0,31,57,104,78,1,240,5,0,5,245
04/03/2015,GSO,NC,ASO,ES,Combined TRACON& Tower with Radar,54,83,35,0,172,0,0,4,0,4,54,83,39,0,176,0,0,0,176
04/04/2015,GSO,NC,ASO,ES,Combined TRACON& Tower with Radar,33,47,12,0,92,0,0,12,0,12,33,47,24,0,104,0,0,0,104
04/05/2015,GSO,NC,ASO,ES,Combined TRACON& Tower with Radar,44,48,18,4,114,0,0,17,0,17,44,48,35,4,131,0,0,0,131
04/06/2015,GSO,NC,ASO,ES,Combined TRACON& Tower with Radar,46,90,46,0,182,0,0,32,0,32,46,90,78,0,214,0,0,0,214
04/07/2015,GSO,NC,ASO,ES,Combined TRACON& Tower with Radar,58,92,48,3,201,0,0,4,0,4,58,92,52,3,205,0,0,0,205
04/08/2015,GSO,NC,ASO,ES,Combined TRACON& Tower with Radar,60,97,50,0,207,0,3,42,0,45,60,100,92,0,252,2,0,2,254
04/09/2015,GSO,NC,ASO,ES,Combined TRACON& Tower with Radar,70,106,33,2,211,0,1,3,0,4,70,107,36,2,215,0,0,0,215
04/10/2015,GSO,NC,ASO,ES,Combined TRACON& Tower with Radar,64,92,39,1,196,0,0,7,0,7,64,92,46,1,203,0,0,0,203
04/11/2015,GSO,NC,ASO,ES,Combined TRACON& Tower with Radar,34,59,29,3,125,0,0,63,0,63,34,59,92,3,188,0,0,0,188
04/12/2015,GSO,NC,ASO,ES,Combined TRACON& Tower with Radar,47,71,42,0,160,0,2,64,0,66,47,73,106,0,226,10,0,10,236
04/13/2015,GSO,NC,ASO,ES,Combined TRACON& Tower with Radar,57,80,37,0,174,0,4,29,0,33,57,84,66,0,207,0,0,0,207
04/14/2015,GSO,NC,ASO,ES,Combined TRACON& Tower with Radar,70,84,47,0,201,0,0,0,0,0,70,84,47,0,201,0,0,0,201
04/15/2015,GSO,NC,ASO,ES,Combined TRACON& Tower with Radar,63,95,56,0,214,0,0,3,0,3,63,95,59,0,217,0,0,0,217
04/16/2015,GSO,NC,ASO,ES,Combined TRACON& Tower with Radar,59,103,86,6,254,0,0,0,0,0,59,103,86,6,254,0,0,0,254
04/17/2015,GSO,NC,ASO,ES,Combined TRACON& Tower with Radar,61,92,82,0,235,0,0,11,0,11,61,92,93,0,246,13,0,13,259
04/18/2015,GSO,NC,ASO,ES,Combined TRACON& Tower with Radar,30,56,59,0,145,0,5,61,0,66,30,61,120,0,211,0,0,0,211
04/19/2015,GSO,NC,ASO,ES,Combined TRACON& Tower with Radar,47,65,55,0,167,0,0,0,0,0,47,65,55,0,167,0,0,0,167
04/20/2015,GSO,NC,ASO,ES,Combined TRACON& Tower with Radar,58,87,81,0,226,0,0,4,0,4,58,87,85,0,230,0,0,0,230
04/21/2015,GSO,NC,ASO,ES,Combined TRACON& Tower with Radar,59,95,111,17,282,0,3,48,0,51,59,98,159,17,333,27,2,29,362
04/22/2015,GSO,NC,ASO,ES,Combined TRACON& Tower with Radar,66,94,78,0,238,0,0,34,0,34,66,94,112,0,272,30,0,30,302
04/23/2015,GSO,NC,ASO,ES,Combined TRACON& Tower with Radar,63,93,57,2,215,0,0,36,2,38,63,93,93,4,253,11,0,11,264
04/24/2015,GSO,NC,ASO,ES,Combined TRACON& Tower with Radar,62,87,36,7,192,0,0,41,3,44,62,87,77,10,236,0,0,0,236
04/25/2015,GSO,NC,ASO,ES,Combined TRACON& Tower with Radar,30,56,40,4,130,0,0,3,0,3,30,56,43,4,133,0,0,0,133
04/26/2015,GSO,NC,ASO,ES,Combined TRACON& Tower with Radar,52,57,33,0,142,0,0,2,0,2,52,57,35,0,144,0,0,0,144
04/27/2015,GSO,NC,ASO,ES,Combined TRACON& Tower with Radar,57,78,42,1,178,0,1,35,0,36,57,79,77,1,214,27,0,27,241
04/28/2015,GSO,NC,ASO,ES,Combined TRACON& Tower with Radar,62,88,48,12,210,0,1,57,2,60,62,89,105,14,270,8,0,8,278
04/29/2015,GSO,NC,ASO,ES,Combined TRACON& Tower with Radar,62,94,54,4,214,0,1,27,0,28,62,95,81,4,242,0,0,0,242
04/30/2015,GSO,NC,ASO,ES,Combined TRACON& Tower with Radar,68,88,52,2,210,0,1,18,1,20,68,89,70,3,230,0,2,2,232
05/01/2015,GSO,NC,ASO,ES,Combined TRACON& Tower with Radar,61,95,39,10,205,0,0,4,0,4,61,95,43,10,209,0,0,0,209
05/02/2015,GSO,NC,ASO,ES,Combined TRACON& Tower with Radar,30,53,25,0,108,0,3,46,0,49,30,56,71,0,157,28,0,28,185
05/03/2015,GSO,NC,ASO,ES,Combined TRACON& Tower with Radar,48,64,32,0,144,0,4,61,0,65,48,68,93,0,209,28,0,28,237
05/04/2015,GSO,NC,ASO,ES,Combined TRACON& Tower with Radar,53,88,47,12,200,0,2,41,2,45,53,90,88,14,245,32,18,50,295
05/05/2015,GSO,NC,ASO,ES,Combined TRACON& Tower with Radar,58,96,50,7,211,0,0,44,5,49,58,96,94,12,260,10,14,24,284
05/06/2015,GSO,NC,ASO,ES,Combined TRACON& Tower with Radar,58,81,46,0,185,0,1,47,0,48,58,82,93,0,233,27,0,27,260
05/07/2015,GSO,NC,ASO,ES,Combined TRACON& Tower with Radar,59,82,45,6,192,0,9,28,2,39,59,91,73,8,231,49,1,50,281
05/08/2015,GSO,NC,ASO,ES,Combined TRACON& Tower with Radar,54,91,38,19,202,0,0,33,4,37,54,91,71,23,239,16,8,24,263
05/09/2015,GSO,NC,ASO,ES,Combined TRACON& Tower with Radar,37,41,22,0,100,0,0,5,0,5,37,41,27,0,105,0,0,0,105
05/10/2015,GSO,NC,ASO,ES,Combined TRACON& Tower with Radar,51,55,19,3,128,0,0,2,0,2,51,55,21,3,130,0,0,0,130
05/11/2015,GSO,NC,ASO,ES,Combined TRACON& Tower with Radar,56,69,50,2,177,0,2,17,0,19,56,71,67,2,196,10,0,10,206
05/12/2015,GSO,NC,ASO,ES,Combined TRACON& Tower with Radar,64,82,48,15,209,0,0,25,2,27,64,82,73,17,236,21,23,44,280
05/13/2015,GSO,NC,ASO,ES,Combined TRACON& Tower with Radar,68,84,53,2,207,0,0,38,0,38,68,84,91,2,245,0,0,0,245
05/14/2015,GSO,NC,ASO,ES,Combined TRACON& Tower with Radar,63,90,49,5,207,0,0,33,3,36,63,90,82,8,243,16,0,16,259
05/15/2015,GSO,NC,ASO,ES,Combined TRACON& Tower with Radar,59,90,36,8,193,0,0,19,0,19,59,90,55,8,212,5,0,5,217
05/16/2015,GSO,NC,ASO,ES,Combined TRACON& Tower with Radar,41,43,28,0,112,0,0,24,0,24,41,43,52,0,136,0,0,0,136
05/17/2015,GSO,NC,ASO,ES,Combined TRACON& Tower with Radar,50,52,28,2,132,0,0,58,0,58,50,52,86,2,190,0,0,0,190
05/18/2015,GSO,NC,ASO,ES,Combined TRACON& Tower with Radar,54,72,33,12,171,0,0,22,0,22,54,72,55,12,193,0,0,0,193
05/19/2015,GSO,NC,ASO,ES,Combined TRACON& Tower with Radar,64,81,47,1,193,0,0,39,0,39,64,81,86,1,232,6,0,6,238
05/20/2015,GSO,NC,ASO,ES,Combined TRACON& Tower with Radar,68,75,53,0,196,1,0,63,1,65,69,75,116,1,261,52,0,52,313
05/21/2015,GSO,NC,ASO,ES,Combined TRACON& Tower with Radar,65,82,43,8,198,0,1,7,0,8,65,83,50,8,206,12,6,18,224
05/22/2015,GSO,NC,ASO,ES,Combined TRACON& Tower with Radar,69,83,48,1,201,0,0,38,0,38,69,83,86,1,239,33,0,33,272
05/23/2015,GSO,NC,ASO,ES,Combined TRACON& Tower with Radar,36,43,16,7,102,0,0,44,0,44,36,43,60,7,146,47,0,47,193
05/24/2015,GSO,NC,ASO,ES,Combined TRACON& Tower with Radar,45,41,13,0,99,0,0,23,0,23,45,41,36,0,122,57,0,57,179
05/25/2015,GSO,NC,ASO,ES,Combined TRACON& Tower with Radar,53,48,23,0,124,0,0,40,0,40,53,48,63,0,164,0,0,0,164
05/26/2015,GSO,NC,ASO,ES,Combined TRACON& Tower with Radar,65,74,56,4,199,0,3,12,0,15,65,77,68,4,214,22,0,22,236
05/27/2015,GSO,NC,ASO,ES,Combined TRACON& Tower with Radar,64,78,56,2,200,0,0,22,0,22,64,78,78,2,222,17,0,17,239
05/28/2015,GSO,NC,ASO,ES,Combined TRACON& Tower with Radar,66,78,45,0,189,0,2,8,1,11,66,80,53,1,200,12,0,12,212
05/29/2015,GSO,NC,ASO,ES,Combined TRACON& Tower with Radar,65,81,41,0,187,0,0,27,1,28,65,81,68,1,215,2,0,2,217
05/30/2015,GSO,NC,ASO,ES,Combined TRACON& Tower with Radar,39,42,26,13,120,0,0,32,0,32,39,42,58,13,152,6,0,6,158
05/31/2015,GSO,NC,ASO,ES,Combined TRACON& Tower with Radar,54,42,34,0,130,0,0,22,0,22,54,42,56,0,152,22,0,22,174
06/01/2015,GSO,NC,ASO,ES,Combined TRACON& Tower with Radar,60,64,28,1,153,0,0,20,0,20,60,64,48,1,173,11,0,11,184
06/02/2015,GSO,NC,ASO,ES,Combined TRACON& Tower with Radar,62,84,38,1,185,0,3,17,0,20,62,87,55,1,205,0,0,0,205
06/03/2015,GSO,NC,ASO,ES,Combined TRACON& Tower with Radar,67,95,46,1,209,0,0,0,0,0,67,95,46,1,209,0,0,0,209
06/04/2015,GSO,NC,ASO,ES,Combined TRACON& Tower with Radar,74,76,57,1,208,0,0,6,0,6,74,76,63,1,214,0,0,0,214
06/05/2015,GSO,NC,ASO,ES,Combined TRACON& Tower with Radar,74,77,62,0,213,0,2,28,0,30,74,79,90,0,243,0,0,0,243
06/06/2015,GSO,NC,ASO,ES,Combined TRACON& Tower with Radar,39,47,20,2,108,0,0,32,1,33,39,47,52,3,141,0,0,0,141
06/07/2015,GSO,NC,ASO,ES,Combined TRACON& Tower with Radar,50,60,28,0,138,0,0,20,0,20,50,60,48,0,158,46,0,46,204
06/08/2015,GSO,NC,ASO,ES,Combined TRACON& Tower with Radar,56,69,37,0,162,0,5,4,0,9,56,74,41,0,171,0,0,0,171
06/09/2015,GSO,NC,ASO,ES,Combined TRACON& Tower with Radar,70,91,38,2,201,0,2,28,0,30,70,93,66,2,231,10,0,10,241
06/10/2015,GSO,NC,ASO,ES,Combined TRACON& Tower with Radar,62,78,51,0,191,0,4,37,0,41,62,82,88,0,232,0,0,0,232
06/11/2015,GSO,NC,ASO,ES,Combined TRACON& Tower with Radar,65,78,49,2,194,0,3,44,0,47,65,81,93,2,241,6,0,6,247
06/12/2015,GSO,NC,ASO,ES,Combined TRACON& Tower with Radar,68,74,40,0,182,0,0,18,1,19,68,74,58,1,201,36,0,36,237
06/13/2015,GSO,NC,ASO,ES,Combined TRACON& Tower with Radar,37,43,13,2,95,0,2,50,2,54,37,45,63,4,149,13,0,13,162
06/14/2015,GSO,NC,ASO,ES,Combined TRACON& Tower with Radar,51,58,28,2,139,0,0,40,0,40,51,58,68,2,179,22,0,22,201
06/15/2015,GSO,NC,ASO,ES,Combined TRACON& Tower with Radar,50,73,32,3,158,0,0,42,0,42,50,73,74,3,200,53,0,53,253
06/16/2015,GSO,NC,ASO,ES,Combined TRACON& Tower with Radar,61,68,30,0,159,0,1,48,0,49,61,69,78,0,208,0,0,0,208
06/17/2015,GSO,NC,ASO,ES,Combined TRACON& Tower with Radar,65,79,47,7,198,0,0,53,0,53,65,79,100,7,251,0,0,0,251
06/18/2015,GSO,NC,ASO,ES,Combined TRACON& Tower with Radar,71,84,63,12,230,0,0,41,0,41,71,84,104,12,271,34,0,34,305
06/19/2015,GSO,NC,ASO,ES,Combined TRACON& Tower with Radar,67,76,41,0,184,0,3,34,0,37,67,79,75,0,221,35,0,35,256
06/20/2015,GSO,NC,ASO,ES,Combined TRACON& Tower with Radar,37,37,19,0,93,0,0,26,0,26,37,37,45,0,119,41,0,41,160
06/21/2015,GSO,NC,ASO,ES,Combined TRACON& Tower with Radar,49,58,27,0,134,0,1,37,0,38,49,59,64,0,172,56,0,56,228
06/22/2015,GSO,NC,ASO,ES,Combined TRACON& Tower with Radar,61,73,51,1,186,0,4,49,0,53,61,77,100,1,239,0,0,0,239
06/23/2015,GSO,NC,ASO,ES,Combined TRACON& Tower with Radar,63,85,65,9,222,0,3,39,2,44,63,88,104,11,266,39,8,47,313
06/24/2015,GSO,NC,ASO,ES,Combined TRACON& Tower with Radar,67,75,48,2,192,0,9,41,1,51,67,84,89,3,243,18,0,18,261
06/25/2015,GSO,NC,ASO,ES,Combined TRACON& Tower with Radar,66,79,45,7,197,0,1,52,2,55,66,80,97,9,252,14,0,14,266
06/26/2015,GSO,NC,ASO,ES,Combined TRACON& Tower with Radar,72,77,38,0,187,0,0,38,0,38,72,77,76,0,225,28,0,28,253
06/27/2015,GSO,NC,ASO,ES,Combined TRACON& Tower with Radar,41,42,26,2,111,0,0,1,0,1,41,42,27,2,112,0,0,0,112
06/28/2015,GSO,NC,ASO,ES,Combined TRACON& Tower with Radar,51,48,28,0,127,0,2,44,0,46,51,50,72,0,173,0,0,0,173
06/29/2015,GSO,NC,ASO,ES,Combined TRACON& Tower with Radar,59,62,54,19,194,0,2,40,1,43,59,64,94,20,237,16,12,28,265
06/30/2015,GSO,NC,ASO,ES,Combined TRACON& Tower with Radar,64,73,44,13,194,0,1,35,0,36,64,74,79,13,230,0,14,14,244
07/01/2015,GSO,NC,ASO,ES,Combined TRACON& Tower with Radar,65,84,53,3,205,0,2,48,0,50,65,86,101,3,255,24,0,24,279
07/02/2015,GSO,NC,ASO,ES,Combined TRACON& Tower with Radar,61,82,42,1,186,0,0,13,0,13,61,82,55,1,199,15,0,15,214
07/03/2015,GSO,NC,ASO,ES,Combined TRACON& Tower with Radar,53,57,38,0,148,0,0,0,0,0,53,57,38,0,148,5,0,5,153
07/04/2015,GSO,NC,ASO,ES,Combined TRACON& Tower with Radar,24,38,6,0,68,0,0,6,0,6,24,38,12,0,74,0,0,0,74
07/05/2015,GSO,NC,ASO,ES,Combined TRACON& Tower with Radar,48,53,38,0,139,0,0,13,0,13,48,53,51,0,152,0,0,0,152
07/06/2015,GSO,NC,ASO,ES,Combined TRACON& Tower with Radar,61,56,35,0,152,0,0,12,1,13,61,56,47,1,165,32,0,32,197
07/07/2015,GSO,NC,ASO,ES,Combined TRACON& Tower with Radar,64,74,30,16,184,0,2,62,0,64,64,76,92,16,248,34,18,52,300
07/08/2015,GSO,NC,ASO,ES,Combined TRACON& Tower with Radar,77,78,43,0,198,0,8,40,0,48,77,86,83,0,246,70,0,70,316
07/09/2015,GSO,NC,ASO,ES,Combined TRACON& Tower with Radar,73,76,42,0,191,0,2,45,2,49,73,78,87,2,240,22,0,22,262
07/10/2015,GSO,NC,ASO,ES,Combined TRACON& Tower with Radar,70,74,48,2,194,0,0,56,0,56,70,74,104,2,250,12,0,12,262
07/11/2015,GSO,NC,ASO,ES,Combined TRACON& Tower with Radar,44,38,19,0,101,0,0,42,0,42,44,38,61,0,143,0,0,0,143
07/12/2015,GSO,NC,ASO,ES,Combined TRACON& Tower with Radar,60,48,33,9,150,0,1,49,1,51,60,49,82,10,201,24,0,24,225
07/13/2015,GSO,NC,ASO,ES,Combined TRACON& Tower with Radar,58,59,41,2,160,0,1,24,0,25,58,60,65,2,185,28,0,28,213
07/14/2015,GSO,NC,ASO,ES,Combined TRACON& Tower with Radar,64,64,27,0,155,0,3,30,0,33,64,67,57,0,188,22,0,22,210
07/15/2015,GSO,NC,ASO,ES,Combined TRACON& Tower with Radar,69,78,54,8,209,0,1,44,0,45,69,79,98,8,254,30,4,34,288
07/16/2015,GSO,NC,ASO,ES,Combined TRACON& Tower with Radar,69,78,38,2,187,0,5,58,0,63,69,83,96,2,250,27,0,27,277
07/17/2015,GSO,NC,ASO,ES,Combined TRACON& Tower with Radar,67,75,52,2,196,0,0,18,1,19,67,75,70,3,215,5,0,5,220
07/18/2015,GSO,NC,ASO,ES,Combined TRACON& Tower with Radar,45,44,17,0,106,0,2,44,2,48,45,46,61,2,154,0,0,0,154
07/19/2015,GSO,NC,ASO,ES,Combined TRACON& Tower with Radar,60,47,28,0,135,0,0,29,0,29,60,47,57,0,164,8,0,8,172
07/20/2015,GSO,NC,ASO,ES,Combined TRACON& Tower with Radar,66,59,22,0,147,0,0,20,0,20,66,59,42,0,167,23,0,23,190
07/21/2015,GSO,NC,ASO,ES,Combined TRACON& Tower with Radar,62,71,38,1,172,0,6,30,1,37,62,77,68,2,209,26,0,26,235
07/22/2015,GSO,NC,ASO,ES,Combined TRACON& Tower with Radar,75,77,22,0,174,0,1,41,0,42,75,78,63,0,216,8,0,8,224
07/23/2015,GSO,NC,ASO,ES,Combined TRACON& Tower with Radar,61,82,39,9,191,0,0,3,0,3,61,82,42,9,194,0,0,0,194
07/24/2015,GSO,NC,ASO,ES,Combined TRACON& Tower with Radar,69,77,51,4,201,0,1,23,0,24,69,78,74,4,225,0,15,15,240
07/25/2015,GSO,NC,ASO,ES,Combined TRACON& Tower with Radar,42,43,12,0,97,0,0,31,0,31,42,43,43,0,128,40,0,40,168
07/26/2015,GSO,NC,ASO,ES,Combined TRACON& Tower with Radar,55,47,26,4,132,0,0,27,0,27,55,47,53,4,159,0,0,0,159
07/27/2015,GSO,NC,ASO,ES,Combined TRACON& Tower with Radar,71,63,25,0,159,0,4,18,0,22,71,67,43,0,181,0,0,0,181
07/28/2015,GSO,NC,ASO,ES,Combined TRACON& Tower with Radar,67,78,46,2,193,0,2,18,0,20,67,80,64,2,213,26,0,26,239
07/29/2015,GSO,NC,ASO,ES,Combined TRACON& Tower with Radar,69,76,49,1,195,0,1,20,3,24,69,77,69,4,219,8,0,8,227
07/30/2015,GSO,NC,ASO,ES,Combined TRACON& Tower with Radar,69,75,51,0,195,0,0,45,2,47,69,75,96,2,242,0,0,0,242
07/31/2015,GSO,NC,ASO,ES,Combined TRACON& Tower with Radar,68,90,45,22,225,0,0,62,0,62,68,90,107,22,287,0,0,0,287
08/01/2015,GSO,NC,ASO,ES,Combined TRACON& Tower with Radar,45,41,17,0,103,0,0,42,0,42,45,41,59,0,145,0,0,0,145
08/02/2015,GSO,NC,ASO,ES,Combined TRACON& Tower with Radar,57,46,31,18,152,0,0,41,0,41,57,46,72,18,193,14,0,14,207
08/03/2015,GSO,NC,ASO,ES,Combined TRACON& Tower with Radar,68,61,45,4,178,0,1,43,0,44,68,62,88,4,222,33,3,36,258
08/04/2015,GSO,NC,ASO,ES,Combined TRACON& Tower with Radar,66,73,46,18,203,0,1,39,0,40,66,74,85,18,243,18,0,18,261
08/05/2015,GSO,NC,ASO,ES,Combined TRACON& Tower with Radar,69,73,49,25,216,0,7,58,1,66,69,80,107,26,282,6,16,22,304
08/06/2015,GSO,NC,ASO,ES,Combined TRACON& Tower with Radar,62,75,48,12,197,0,1,21,0,22,62,76,69,12,219,9,3,12,231
08/07/2015,GSO,NC,ASO,ES,Combined TRACON& Tower with Radar,74,76,51,0,201,0,0,1,0,1,74,76,52,0,202,0,0,0,202
08/08/2015,GSO,NC,ASO,ES,Combined TRACON& Tower with Radar,39,51,26,0,116,0,8,27,0,35,39,59,53,0,151,0,0,0,151
08/09/2015,GSO,NC,ASO,ES,Combined TRACON& Tower with Radar,54,46,26,2,128,0,0,26,0,26,54,46,52,2,154,22,0,22,176
08/10/2015,GSO,NC,ASO,ES,Combined TRACON& Tower with Radar,62,65,53,4,184,0,0,11,0,11,62,65,64,4,195,14,0,14,209
08/11/2015,GSO,NC,ASO,ES,Combined TRACON& Tower with Radar,76,70,28,1,175,0,2,11,0,13,76,72,39,1,188,14,0,14,202
08/12/2015,GSO,NC,ASO,ES,Combined TRACON& Tower with Radar,73,85,47,6,211,0,0,74,2,76,73,85,121,8,287,30,6,36,323
08/13/2015,GSO,NC,ASO,ES,Combined TRACON& Tower with Radar,70,77,34,11,192,0,1,52,0,53,70,78,86,11,245,0,0,0,245
08/14/2015,GSO,NC,ASO,ES,Combined TRACON& Tower with Radar,68,68,42,21,199,0,0,39,2,41,68,68,81,23,240,31,18,49,289
08/15/2015,GSO,NC,ASO,ES,Combined TRACON& Tower with Radar,42,45,12,0,99,0,1,33,0,34,42,46,45,0,133,0,0,0,133
08/16/2015,GSO,NC,ASO,ES,Combined TRACON& Tower with Radar,57,61,14,1,133,0,1,36,1,38,57,62,50,2,171,0,0,0,171
08/17/2015,GSO,NC,ASO,ES,Combined TRACON& Tower with Radar,64,73,38,2,177,0,0,18,0,18,64,73,56,2,195,0,0,0,195
08/18/2015,GSO,NC,ASO,ES,Combined TRACON& Tower with Radar,75,78,60,12,225,0,1,8,0,9,75,79,68,12,234,41,0,41,275
08/19/2015,GSO,NC,ASO,ES,Combined TRACON& Tower with Radar,75,75,64,0,214,0,0,7,0,7,75,75,71,0,221,0,0,0,221
08/20/2015,GSO,NC,ASO,ES,Combined TRACON& Tower with Radar,70,72,70,0,212,0,0,24,2,26,70,72,94,2,238,47,0,47,285
08/21/2015,GSO,NC,ASO,ES,Combined TRACON& Tower with Radar,68,79,57,10,214,0,0,33,0,33,68,79,90,10,247,6,0,6,253
08/22/2015,GSO,NC,ASO,ES,Combined TRACON& Tower with Radar,38,48,23,0,109,0,7,23,0,30,38,55,46,0,139,0,0,0,139
08/23/2015,GSO,NC,ASO,ES,Combined TRACON& Tower with Radar,50,71,46,2,169,0,0,23,0,23,50,71,69,2,192,0,0,0,192
08/24/2015,GSO,NC,ASO,ES,Combined TRACON& Tower with Radar,60,61,45,2,168,0,1,23,1,25,60,62,68,3,193,6,5,11,204
08/25/2015,GSO,NC,ASO,ES,Combined TRACON& Tower with Radar,69,73,49,13,204,0,3,32,1,36,69,76,81,14,240,6,8,14,254
08/26/2015,GSO,NC,ASO,ES,Combined TRACON& Tower with Radar,66,70,36,8,180,0,0,26,0,26,66,70,62,8,206,16,0,16,222
08/27/2015,GSO,NC,ASO,ES,Combined TRACON& Tower with Radar,67,70,54,0,191,0,0,47,0,47,67,70,101,0,238,0,0,0,238
08/28/2015,GSO,NC,ASO,ES,Combined TRACON& Tower with Radar,74,68,49,14,205,0,8,27,0,35,74,76,76,14,240,11,0,11,251
08/29/2015,GSO,NC,ASO,ES,Combined TRACON& Tower with Radar,39,47,18,0,104,0,2,51,3,56,39,49,69,3,160,0,0,0,160
08/30/2015,GSO,NC,ASO,ES,Combined TRACON& Tower with Radar,52,38,21,6,117,0,0,30,1,31,52,38,51,7,148,22,0,22,170
08/31/2015,GSO,NC,ASO,ES,Combined TRACON& Tower with Radar,64,59,47,0,170,0,0,6,0,6,64,59,53,0,176,0,0,0,176
09/01/2015,GSO,NC,ASO,ES,Combined TRACON& Tower with Radar,64,86,42,10,202,0,6,36,1,43,64,92,78,11,245,57,8,65,310
09/02/2015,GSO,NC,ASO,ES,Combined TRACON& Tower with Radar,71,77,32,6,186,0,3,30,2,35,71,80,62,8,221,21,0,21,242
09/03/2015,GSO,NC,ASO,ES,Combined TRACON& Tower with Radar,65,69,49,1,184,0,8,23,1,32,65,77,72,2,216,37,0,37,253
09/04/2015,GSO,NC,ASO,ES,Combined TRACON& Tower with Radar,67,67,56,2,192,0,0,23,2,25,67,67,79,4,217,2,0,2,219
09/05/2015,GSO,NC,ASO,ES,Combined TRACON& Tower with Radar,50,35,24,0,109,0,1,22,0,23,50,36,46,0,132,0,0,0,132
09/06/2015,GSO,NC,ASO,ES,Combined TRACON& Tower with Radar,43,27,17,0,87,0,0,29,0,29,43,27,46,0,116,0,0,0,116
09/07/2015,GSO,NC,ASO,ES,Combined TRACON& Tower with Radar,50,52,44,0,146,0,2,13,0,15,50,54,57,0,161,0,0,0,161
09/08/2015,GSO,NC,ASO,ES,Combined TRACON& Tower with Radar,59,57,48,0,164,0,0,29,0,29,59,57,77,0,193,23,0,23,216
09/09/2015,GSO,NC,ASO,ES,Combined TRACON& Tower with Radar,59,74,50,0,183,0,4,29,1,34,59,78,79,1,217,28,0,28,245
09/10/2015,GSO,NC,ASO,ES,Combined TRACON& Tower with Radar,59,57,51,1,168,0,2,7,0,9,59,59,58,1,177,0,0,0,177
09/11/2015,GSO,NC,ASO,ES,Combined TRACON& Tower with Radar,66,59,54,0,179,0,5,40,6,51,66,64,94,6,230,16,0,16,246
09/12/2015,GSO,NC,ASO,ES,Combined TRACON& Tower with Radar,46,36,16,0,98,0,0,3,0,3,46,36,19,0,101,0,0,0,101
09/13/2015,GSO,NC,ASO,ES,Combined TRACON& Tower with Radar,55,55,37,4,151,0,0,43,0,43,55,55,80,4,194,6,0,6,200
09/14/2015,GSO,NC,ASO,ES,Combined TRACON& Tower with Radar,59,65,28,4,156,0,3,41,0,44,59,68,69,4,200,0,0,0,200
09/15/2015,GSO,NC,ASO,ES,Combined TRACON& Tower with Radar,63,66,39,0,168,0,3,57,0,60,63,69,96,0,228,18,0,18,246
09/16/2015,GSO,NC,ASO,ES,Combined TRACON& Tower with Radar,66,71,60,1,198,0,2,39,0,41,66,73,99,1,239,14,0,14,253
09/17/2015,GSO,NC,ASO,ES,Combined TRACON& Tower with Radar,71,80,65,0,216,0,14,30,0,44,71,94,95,0,260,20,0,20,280
09/18/2015,GSO,NC,ASO,ES,Combined TRACON& Tower with Radar,74,74,61,2,211,0,7,47,0,54,74,81,108,2,265,25,0,25,290
09/19/2015,GSO,NC,ASO,ES,Combined TRACON& Tower with Radar,47,47,33,0,127,0,1,38,0,39,47,48,71,0,166,6,0,6,172
09/20/2015,GSO,NC,ASO,ES,Combined TRACON& Tower with Radar,57,43,41,0,141,0,2,25,2,29,57,45,66,2,170,23,0,23,193
09/21/2015,GSO,NC,ASO,ES,Combined TRACON& Tower with Radar,61,57,44,0,162,0,0,0,0,0,61,57,44,0,162,0,0,0,162
09/22/2015,GSO,NC,ASO,ES,Combined TRACON& Tower with Radar,62,64,42,0,168,0,3,11,0,14,62,67,53,0,182,0,0,0,182
09/23/2015,GSO,NC,ASO,ES,Combined TRACON& Tower with Radar,62,83,52,8,205,0,8,18,0,26,62,91,70,8,231,12,0,12,243
09/24/2015,GSO,NC,ASO,ES,Combined TRACON& Tower with Radar,76,78,52,8,214,0,10,20,1,31,76,88,72,9,245,0,0,0,245
09/25/2015,GSO,NC,ASO,ES,Combined TRACON& Tower with Radar,74,75,38,0,187,0,0,0,0,0,74,75,38,0,187,0,0,0,187
09/26/2015,GSO,NC,ASO,ES,Combined TRACON& Tower with Radar,42,35,16,2,95,0,0,0,0,0,42,35,16,2,95,0,0,0,95
09/27/2015,GSO,NC,ASO,ES,Combined TRACON& Tower with Radar,57,57,30,0,144,0,0,0,0,0,57,57,30,0,144,0,0,0,144
09/28/2015,GSO,NC,ASO,ES,Combined TRACON& Tower with Radar,66,59,37,8,170,0,0,0,0,0,66,59,37,8,170,0,0,0,170
09/29/2015,GSO,NC,ASO,ES,Combined TRACON& Tower with Radar,70,81,41,0,192,0,0,0,0,0,70,81,41,0,192,16,0,16,208
09/30/2015,GSO,NC,ASO,ES,Combined TRACON& Tower with Radar,73,77,52,10,212,0,2,16,0,18,73,79,68,10,230,0,10,10,240
10/01/2015,GSO,NC,ASO,ES,Combined TRACON& Tower with Radar,73,66,44,6,189,0,0,0,0,0,73,66,44,6,189,0,0,0,189
10/02/2015,GSO,NC,ASO,ES,Combined TRACON& Tower with Radar,70,77,46,1,194,0,0,0,0,0,70,77,46,1,194,0,0,0,194
10/03/2015,GSO,NC,ASO,ES,Combined TRACON& Tower with Radar,40,50,18,0,108,0,0,0,0,0,40,50,18,0,108,0,0,0,108
10/04/2015,GSO,NC,ASO,ES,Combined TRACON& Tower with Radar,56,57,33,0,146,0,0,0,0,0,56,57,33,0,146,0,0,0,146
10/05/2015,GSO,NC,ASO,ES,Combined TRACON& Tower with Radar,63,62,28,13,166,0,0,5,0,5,63,62,33,13,171,5,14,19,190
10/06/2015,GSO,NC,ASO,ES,Combined TRACON& Tower with Radar,65,69,54,10,198,0,1,40,0,41,65,70,94,10,239,40,0,40,279
10/07/2015,GSO,NC,ASO,ES,Combined TRACON& Tower with Radar,71,79,62,23,235,0,1,59,2,62,71,80,121,25,297,8,18,26,323
10/08/2015,GSO,NC,ASO,ES,Combined TRACON& Tower with Radar,67,75,51,24,217,0,2,56,3,61,67,77,107,27,278,38,32,70,348
10/09/2015,GSO,NC,ASO,ES,Combined TRACON& Tower with Radar,72,78,51,10,211,0,5,32,2,39,72,83,83,12,250,17,0,17,267
10/10/2015,GSO,NC,ASO,ES,Combined TRACON& Tower with Radar,47,43,27,0,117,0,0,4,0,4,47,43,31,0,121,2,0,2,123
10/11/2015,GSO,NC,ASO,ES,Combined TRACON& Tower with Radar,53,58,32,0,143,0,0,49,0,49,53,58,81,0,192,22,0,22,214
10/12/2015,GSO,NC,ASO,ES,Combined TRACON& Tower with Radar,60,66,30,0,156,0,5,34,3,42,60,71,64,3,198,5,0,5,203
10/13/2015,GSO,NC,ASO,ES,Combined TRACON& Tower with Radar,67,69,69,6,211,0,2,18,0,20,67,71,87,6,231,12,6,18,249
10/14/2015,GSO,NC,ASO,ES,Combined TRACON& Tower with Radar,79,70,67,1,217,0,6,47,5,58,79,76,114,6,275,0,0,0,275
10/15/2015,GSO,NC,ASO,ES,Combined TRACON& Tower with Radar,81,73,70,0,224,0,0,33,2,35,81,73,103,2,259,0,0,0,259
10/16/2015,GSO,NC,ASO,ES,Combined TRACON& Tower with Radar,80,72,78,2,232,0,7,34,2,43,80,79,112,4,275,9,0,9,284
10/17/2015,GSO,NC,ASO,ES,Combined TRACON& Tower with Radar,46,47,39,0,132,0,11,40,4,55,46,58,79,4,187,0,0,0,187
10/18/2015,GSO,NC,ASO,ES,Combined TRACON& Tower with Radar,58,64,67,2,191,0,10,25,0,35,58,74,92,2,226,6,0,6,232
10/19/2015,GSO,NC,ASO,ES,Combined TRACON& Tower with Radar,75,63,69,2,209,0,17,27,0,44,75,80,96,2,253,22,0,22,275
10/20/2015,GSO,NC,ASO,ES,Combined TRACON& Tower with Radar,88,71,83,7,249,0,5,35,2,42,88,76,118,9,291,6,6,12,303
10/21/2015,GSO,NC,ASO,ES,Combined TRACON& Tower with Radar,94,73,68,2,237,0,18,46,2,66,94,91,114,4,303,38,0,38,341
10/22/2015,GSO,NC,ASO,ES,Combined TRACON& Tower with Radar,79,78,50,1,208,0,14,40,1,55,79,92,90,2,263,21,0,21,284
10/23/2015,GSO,NC,ASO,ES,Combined TRACON& Tower with Radar,73,69,72,7,221,0,6,51,0,57,73,75,123,7,278,0,0,0,278
10/24/2015,GSO,NC,ASO,ES,Combined TRACON& Tower with Radar,44,36,18,0,98,0,0,26,0,26,44,36,44,0,124,0,0,0,124
10/25/2015,GSO,NC,ASO,ES,Combined TRACON& Tower with Radar,60,51,41,0,152,0,0,25,0,25,60,51,66,0,177,0,0,0,177
10/26/2015,GSO,NC,ASO,ES,Combined TRACON& Tower with Radar,67,60,47,2,176,0,0,13,0,13,67,60,60,2,189,0,0,0,189
10/27/2015,GSO,NC,ASO,ES,Combined TRACON& Tower with Radar,67,71,36,4,178,0,0,1,0,1,67,71,37,4,179,0,0,0,179
10/28/2015,GSO,NC,ASO,ES,Combined TRACON& Tower with Radar,66,58,52,4,180,0,0,1,0,1,66,58,53,4,181,0,0,0,181
10/29/2015,GSO,NC,ASO,ES,Combined TRACON& Tower with Radar,74,71,68,0,213,0,6,29,2,37,74,77,97,2,250,20,0,20,270
10/30/2015,GSO,NC,ASO,ES,Combined TRACON& Tower with Radar,72,71,42,1,186,0,3,49,4,56,72,74,91,5,242,27,8,35,277
10/31/2015,GSO,NC,ASO,ES,Combined TRACON& Tower with Radar,39,40,24,0,103,0,0,40,0,40,39,40,64,0,143,32,0,32,175
11/01/2015,GSO,NC,ASO,ES,Combined TRACON& Tower with Radar,53,48,38,0,139,0,0,0,0,0,53,48,38,0,139,0,0,0,139
11/02/2015,GSO,NC,ASO,ES,Combined TRACON& Tower with Radar,65,60,42,4,171,0,0,0,0,0,65,60,42,4,171,0,0,0,171
11/03/2015,GSO,NC,ASO,ES,Combined TRACON& Tower with Radar,66,66,59,2,193,0,0,0,0,0,66,66,59,2,193,0,0,0,193
11/04/2015,GSO,NC,ASO,ES,Combined TRACON& Tower with Radar,69,73,59,5,206,0,0,3,0,3,69,73,62,5,209,5,0,5,214
11/05/2015,GSO,NC,ASO,ES,Combined TRACON& Tower with Radar,70,80,49,22,221,0,1,12,0,13,70,81,61,22,234,25,0,25,259
11/06/2015,GSO,NC,ASO,ES,Combined TRACON& Tower with Radar,69,89,81,0,239,0,0,2,0,2,69,89,83,0,241,0,0,0,241
11/07/2015,GSO,NC,ASO,ES,Combined TRACON& Tower with Radar,36,47,18,0,101,0,0,0,0,0,36,47,18,0,101,0,0,0,101
11/08/2015,GSO,NC,ASO,ES,Combined TRACON& Tower with Radar,52,50,31,0,133,0,0,45,0,45,52,50,76,0,178,21,0,21,199
11/09/2015,GSO,NC,ASO,ES,Combined TRACON& Tower with Radar,67,66,35,0,168,0,0,0,0,0,67,66,35,0,168,0,0,0,168
11/10/2015,GSO,NC,ASO,ES,Combined TRACON& Tower with Radar,78,67,43,6,194,0,3,20,0,23,78,70,63,6,217,10,20,30,247
11/11/2015,GSO,NC,ASO,ES,Combined TRACON& Tower with Radar,71,74,73,0,218,0,2,44,2,48,71,76,117,2,266,26,0,26,292
11/12/2015,GSO,NC,ASO,ES,Combined TRACON& Tower with Radar,70,89,46,4,209,0,5,28,0,33,70,94,74,4,242,18,2,20,262
11/13/2015,GSO,NC,ASO,ES,Combined TRACON& Tower with Radar,66,73,35,8,182,0,5,11,0,16,66,78,46,8,198,0,0,0,198
11/14/2015,GSO,NC,ASO,ES,Combined TRACON& Tower with Radar,50,47,24,0,121,0,2,37,0,39,50,49,61,0,160,0,0,0,160
11/15/2015,GSO,NC,ASO,ES,Combined TRACON& Tower with Radar,51,54,27,0,132,0,4,49,0,53,51,58,76,0,185,28,0,28,213
11/16/2015,GSO,NC,ASO,ES,Combined TRACON& Tower with Radar,59,65,25,0,149,0,2,38,0,40,59,67,63,0,189,0,0,0,189
11/17/2015,GSO,NC,ASO,ES,Combined TRACON& Tower with Radar,72,76,36,12,196,0,5,38,2,45,72,81,74,14,241,22,0,22,263
11/18/2015,GSO,NC,ASO,ES,Combined TRACON& Tower with Radar,66,90,36,1,193,0,2,9,0,11,66,92,45,1,204,6,0,6,210
11/19/2015,GSO,NC,ASO,ES,Combined TRACON& Tower with Radar,69,87,41,4,201,0,7,4,0,11,69,94,45,4,212,2,0,2,214
11/20/2015,GSO,NC,ASO,ES,Combined TRACON& Tower with Radar,66,85,45,0,196,0,6,30,3,39,66,91,75,3,235,11,0,11,246
11/21/2015,GSO,NC,ASO,ES,Combined TRACON& Tower with Radar,36,47,31,0,114,0,2,46,0,48,36,49,77,0,162,6,0,6,168
11/22/2015,GSO,NC,ASO,ES,Combined TRACON& Tower with Radar,47,48,26,0,121,0,0,19,0,19,47,48,45,0,140,11,0,11,151
11/23/2015,GSO,NC,ASO,ES,Combined TRACON& Tower with Radar,54,65,26,18,163,0,3,32,6,41,54,68,58,24,204,0,10,10,214
11/24/2015,GSO,NC,ASO,ES,Combined TRACON& Tower with Radar,68,83,70,2,223,0,4,42,4,50,68,87,112,6,273,15,0,15,288
11/25/2015,GSO,NC,ASO,ES,Combined TRACON& Tower with Radar,71,83,49,2,205,0,3,47,0,50,71,86,96,2,255,50,0,50,305
11/26/2015,GSO,NC,ASO,ES,Combined TRACON& Tower with Radar,24,33,11,0,68,0,0,10,0,10,24,33,21,0,78,18,0,18,96
11/27/2015,GSO,NC,ASO,ES,Combined TRACON& Tower with Radar,49,42,21,0,112,0,0,32,0,32,49,42,53,0,144,0,0,0,144
11/28/2015,GSO,NC,ASO,ES,Combined TRACON& Tower with Radar,55,53,17,0,125,0,0,29,0,29,55,53,46,0,154,5,0,5,159
11/29/2015,GSO,NC,ASO,ES,Combined TRACON& Tower with Radar,60,64,52,0,176,0,2,26,0,28,60,66,78,0,204,38,0,38,242
11/30/2015,GSO,NC,ASO,ES,Combined TRACON& Tower with Radar,57,79,46,1,183,0,0,0,0,0,57,79,46,1,183,0,0,0,183
12/01/2015,GSO,NC,ASO,ES,Combined TRACON& Tower with Radar,59,69,30,0,158,0,0,0,0,0,59,69,30,0,158,0,0,0,158
12/02/2015,GSO,NC,ASO,ES,Combined TRACON& Tower with Radar,65,72,29,0,166,0,0,1,0,1,65,72,30,0,167,0,0,0,167
12/03/2015,GSO,NC,ASO,ES,Combined TRACON& Tower with Radar,58,87,44,20,209,0,10,32,0,42,58,97,76,20,251,22,10,32,283
12/04/2015,GSO,NC,ASO,ES,Combined TRACON& Tower with Radar,71,88,46,0,205,0,2,57,0,59,71,90,103,0,264,36,0,36,300
12/05/2015,GSO,NC,ASO,ES,Combined TRACON& Tower with Radar,36,46,19,0,101,0,0,51,0,51,36,46,70,0,152,28,0,28,180
12/06/2015,GSO,NC,ASO,ES,Combined TRACON& Tower with Radar,51,53,26,0,130,0,0,47,0,47,51,53,73,0,177,16,0,16,193
12/07/2015,GSO,NC,ASO,ES,Combined TRACON& Tower with Radar,51,64,32,0,147,0,1,19,1,21,51,65,51,1,168,0,0,0,168
12/08/2015,GSO,NC,ASO,ES,Combined TRACON& Tower with Radar,61,78,53,0,192,0,3,45,0,48,61,81,98,0,240,17,0,17,257
12/09/2015,GSO,NC,ASO,ES,Combined TRACON& Tower with Radar,69,78,54,0,201,0,2,19,0,21,69,80,73,0,222,2,0,2,224
12/10/2015,GSO,NC,ASO,ES,Combined TRACON& Tower with Radar,62,87,59,0,208,0,4,35,0,39,62,91,94,0,247,0,0,0,247
12/11/2015,GSO,NC,ASO,ES,Combined TRACON& Tower with Radar,64,76,39,4,183,0,9,32,0,41,64,85,71,4,224,64,0,64,288
12/12/2015,GSO,NC,ASO,ES,Combined TRACON& Tower with Radar,36,45,32,0,113,0,6,24,0,30,36,51,56,0,143,0,0,0,143
12/13/2015,GSO,NC,ASO,ES,Combined TRACON& Tower with Radar,50,47,27,6,130,0,1,20,0,21,50,48,47,6,151,0,0,0,151
12/14/2015,GSO,NC,ASO,ES,Combined TRACON& Tower with Radar,52,57,37,4,150,0,0,5,0,5,52,57,42,4,155,18,0,18,173
12/15/2015,GSO,NC,ASO,ES,Combined TRACON& Tower with Radar,60,82,35,4,181,0,4,48,0,52,60,86,83,4,233,6,0,6,239
12/16/2015,GSO,NC,ASO,ES,Combined TRACON& Tower with Radar,61,90,46,13,210,0,4,25,5,34,61,94,71,18,244,34,10,44,288
12/17/2015,GSO,NC,ASO,ES,Combined TRACON& Tower with Radar,66,72,29,0,167,0,0,0,0,0,66,72,29,0,167,0,0,0,167
12/18/2015,GSO,NC,ASO,ES,Combined TRACON& Tower with Radar,72,77,38,5,192,0,2,19,3,24,72,79,57,8,216,8,0,8,224
12/19/2015,GSO,NC,ASO,ES,Combined TRACON& Tower with Radar,34,55,23,0,112,0,2,41,0,43,34,57,64,0,155,0,0,0,155
12/20/2015,GSO,NC,ASO,ES,Combined TRACON& Tower with Radar,32,55,22,0,109,0,0,28,0,28,32,55,50,0,137,31,0,31,168
12/21/2015,GSO,NC,ASO,ES,Combined TRACON& Tower with Radar,47,64,28,4,143,0,2,13,0,15,47,66,41,4,158,30,0,30,188
12/22/2015,GSO,NC,ASO,ES,Combined TRACON& Tower with Radar,47,72,33,0,152,0,0,0,0,0,47,72,33,0,152,0,0,0,152
12/23/2015,GSO,NC,ASO,ES,Combined TRACON& Tower with Radar,49,75,13,0,137,0,0,0,0,0,49,75,13,0,137,0,0,0,137
12/24/2015,GSO,NC,ASO,ES,Combined TRACON& Tower with Radar,40,49,9,0,98,0,0,0,0,0,40,49,9,0,98,0,0,0,98
12/25/2015,GSO,NC,ASO,ES,Combined TRACON& Tower with Radar,37,29,6,0,72,0,0,0,0,0,37,29,6,0,72,0,0,0,72
12/26/2015,GSO,NC,ASO,ES,Combined TRACON& Tower with Radar,32,55,26,0,113,0,0,12,0,12,32,55,38,0,125,0,0,0,125
12/27/2015,GSO,NC,ASO,ES,Combined TRACON& Tower with Radar,34,54,18,0,106,0,0,4,0,4,34,54,22,0,110,20,0,20,130
12/28/2015,GSO,NC,ASO,ES,Combined TRACON& Tower with Radar,33,47,13,3,96,0,0,0,0,0,33,47,13,3,96,0,0,0,96
12/29/2015,GSO,NC,ASO,ES,Combined TRACON& Tower with Radar,48,54,30,0,132,0,0,0,0,0,48,54,30,0,132,0,0,0,132
12/30/2015,GSO,NC,ASO,ES,Combined TRACON& Tower with Radar,47,73,24,0,144,0,0,0,0,0,47,73,24,0,144,0,0,0,144
12/31/2015,GSO,NC,ASO,ES,Combined TRACON& Tower with Radar,47,41,23,1,112,0,0,3,0,3,47,41,26,1,115,6,0,6,121
01/01/2016,GSO,NC,ASO,ES,Combined TRACON& Tower with Radar,38,26,14,0,78,0,1,24,0,25,38,27,38,0,103,6,0,6,109
01/02/2016,GSO,NC,ASO,ES,Combined TRACON& Tower with Radar,33,52,25,0,110,0,2,47,0,49,33,54,72,0,159,12,0,12,171
01/03/2016,GSO,NC,ASO,ES,Combined TRACON& Tower with Radar,35,60,31,0,126,0,1,47,0,48,35,61,78,0,174,30,0,30,204
01/04/2016,GSO,NC,ASO,ES,Combined TRACON& Tower with Radar,45,57,17,0,119,0,0,14,0,14,45,57,31,0,133,0,0,0,133
01/05/2016,GSO,NC,ASO,ES,Combined TRACON& Tower with Radar,56,69,20,2,147,0,4,45,0,49,56,73,65,2,196,36,0,36,232
01/06/2016,GSO,NC,ASO,ES,Combined TRACON& Tower with Radar,60,66,36,0,162,0,4,27,1,32,60,70,63,1,194,30,0,30,224
01/07/2016,GSO,NC,ASO,ES,Combined TRACON& Tower with Radar,60,79,30,0,169,0,3,4,0,7,60,82,34,0,176,20,0,20,196
01/08/2016,GSO,NC,ASO,ES,Combined TRACON& Tower with Radar,58,65,29,0,152,0,0,0,0,0,58,65,29,0,152,0,0,0,152
01/09/2016,GSO,NC,ASO,ES,Combined TRACON& Tower with Radar,33,42,16,0,91,0,0,0,0,0,33,42,16,0,91,0,0,0,91
01/10/2016,GSO,NC,ASO,ES,Combined TRACON& Tower with Radar,43,47,20,0,110,0,2,12,0,14,43,49,32,0,124,0,0,0,124
01/11/2016,GSO,NC,ASO,ES,Combined TRACON& Tower with Radar,52,64,25,3,144,0,4,20,1,25,52,68,45,4,169,39,9,48,217
01/12/2016,GSO,NC,ASO,ES,Combined TRACON& Tower with Radar,62,74,28,7,171,0,7,6,10,23,62,81,34,17,194,0,0,0,194
01/13/2016,GSO,NC,ASO,ES,Combined TRACON& Tower with Radar,61,66,36,13,176,0,15,76,7,98,61,81,112,20,274,0,0,0,274
01/14/2016,GSO,NC,ASO,ES,Combined TRACON& Tower with Radar,64,71,43,2,180,0,10,42,1,53,64,81,85,3,233,0,0,0,233
01/15/2016,GSO,NC,ASO,ES,Combined TRACON& Tower with Radar,63,66,23,2,154,0,2,5,0,7,63,68,28,2,161,0,0,0,161
01/16/2016,GSO,NC,ASO,ES,Combined TRACON& Tower with Radar,32,45,36,1,114,0,1,27,0,28,32,46,63,1,142,24,0,24,166
01/17/2016,GSO,NC,ASO,ES,Combined TRACON& Tower with Radar,39,48,20,0,107,0,2,1,0,3,39,50,21,0,110,28,0,28,138
01/18/2016,GSO,NC,ASO,ES,Combined TRACON& Tower with Radar,53,62,37,0,152,0,4,21,0,25,53,66,58,0,177,5,0,5,182
01/19/2016,GSO,NC,ASO,ES,Combined TRACON& Tower with Radar,57,70,34,3,164,0,4,22,1,27,57,74,56,4,191,0,0,0,191
01/20/2016,GSO,NC,ASO,ES,Combined TRACON& Tower with Radar,58,66,30,2,156,0,4,38,0,42,58,70,68,2,198,24,0,24,222
01/21/2016,GSO,NC,ASO,ES,Combined TRACON& Tower with Radar,66,70,57,6,199,0,3,27,2,32,66,73,84,8,231,20,6,26,257
01/22/2016,GSO,NC,ASO,ES,Combined TRACON& Tower with Radar,15,19,8,0,42,0,0,0,0,0,15,19,8,0,42,0,0,0,42
01/23/2016,GSO,NC,ASO,ES,Combined TRACON& Tower with Radar,18,14,8,0,40,0,0,0,0,0,18,14,8,0,40,0,0,0,40
01/24/2016,GSO,NC,ASO,ES,Combined TRACON& Tower with Radar,36,34,23,0,93,0,4,11,0,15,36,38,34,0,108,0,0,0,108
01/25/2016,GSO,NC,ASO,ES,Combined TRACON& Tower with Radar,53,52,27,11,143,0,4,20,0,24,53,56,47,11,167,0,0,0,167
01/26/2016,GSO,NC,ASO,ES,Combined TRACON& Tower with Radar,55,64,38,1,158,0,2,38,2,42,55,66,76,3,200,0,0,0,200
01/27/2016,GSO,NC,ASO,ES,Combined TRACON& Tower with Radar,64,65,39,7,175,0,4,20,6,30,64,69,59,13,205,25,0,25,230
01/28/2016,GSO,NC,ASO,ES,Combined TRACON& Tower with Radar,63,75,52,4,194,0,7,44,4,55,63,82,96,8,249,64,0,64,313
01/29/2016,GSO,NC,ASO,ES,Combined TRACON& Tower with Radar,60,76,44,0,180,0,9,24,2,35,60,85,68,2,215,12,0,12,227
01/30/2016,GSO,NC,ASO,ES,Combined TRACON& Tower with Radar,38,37,14,0,89,0,4,81,2,87,38,41,95,2,176,64,0,64,240
01/31/2016,GSO,NC,ASO,ES,Combined TRACON& Tower with Radar,45,44,19,0,108,0,0,37,3,40,45,44,56,3,148,36,0,36,184
02/01/2016,GSO,NC,ASO,ES,Combined TRACON& Tower with Radar,55,57,22,8,142,0,6,10,0,16,55,63,32,8,158,0,0,0,158
02/02/2016,GSO,NC,ASO,ES,Combined TRACON& Tower with Radar,51,84,53,8,196,0,0,7,0,7,51,84,60,8,203,10,20,30,233
02/03/2016,GSO,NC,ASO,ES,Combined TRACON& Tower with Radar,58,71,39,2,170,0,0,0,0,0,58,71,39,2,170,0,0,0,170
02/04/2016,GSO,NC,ASO,ES,Combined TRACON& Tower with Radar,59,68,47,10,184,0,6,22,12,40,59,74,69,22,224,59,30,89,313
02/05/2016,GSO,NC,ASO,ES,Combined TRACON& Tower with Radar,56,78,32,6,172,0,2,36,0,38,56,80,68,6,210,14,0,14,224
02/06/2016,GSO,NC,ASO,ES,Combined TRACON& Tower with Radar,28,38,25,1,92,0,5,41,0,46,28,43,66,1,138,27,0,27,165
02/07/2016,GSO,NC,ASO,ES,Combined TRACON& Tower with Radar,35,53,14,0,102,0,0,25,0,25,35,53,39,0,127,14,0,14,141
02/08/2016,GSO,NC,ASO,ES,Combined TRACON& Tower with Radar,51,60,42,0,153,0,4,10,0,14,51,64,52,0,167,14,0,14,181
02/09/2016,GSO,NC,ASO,ES,Combined TRACON& Tower with Radar,57,68,47,18,190,0,2,4,3,9,57,70,51,21,199,0,0,0,199
02/10/2016,GSO,NC,ASO,ES,Combined TRACON& Tower with Radar,57,62,36,32,187,0,2,18,0,20,57,64,54,32,207,4,24,28,235
02/11/2016,GSO,NC,ASO,ES,Combined TRACON& Tower with Radar,62,69,48,0,179,0,6,34,0,40,62,75,82,0,219,26,0,26,245
02/12/2016,GSO,NC,ASO,ES,Combined TRACON& Tower with Radar,64,73,42,3,182,0,1,10,0,11,64,74,52,3,193,60,0,60,253
02/13/2016,GSO,NC,ASO,ES,Combined TRACON& Tower with Radar,33,36,23,0,92,0,0,20,0,20,33,36,43,0,112,2,0,2,114
02/14/2016,GSO,NC,ASO,ES,Combined TRACON& Tower with Radar,37,39,28,0,104,0,0,18,0,18,37,39,46,0,122,72,0,72,194
02/15/2016,GSO,NC,ASO,ES,Combined TRACON& Tower with Radar,29,24,10,0,63,0,0,0,0,0,29,24,10,0,63,0,0,0,63
02/16/2016,GSO,NC,ASO,ES,Combined TRACON& Tower with Radar,52,62,43,8,165,0,2,15,3,20,52,64,58,11,185,0,0,0,185
02/17/2016,GSO,NC,ASO,ES,Combined TRACON& Tower with Radar,63,67,45,2,177,0,6,49,2,57,63,73,94,4,234,0,0,0,234
02/18/2016,GSO,NC,ASO,ES,Combined TRACON& Tower with Radar,62,61,58,3,184,0,4,53,0,57,62,65,111,3,241,56,0,56,297
02/19/2016,GSO,NC,ASO,ES,Combined TRACON& Tower with Radar,61,74,37,0,172,0,1,50,2,53,61,75,87,2,225,34,0,34,259
02/20/2016,GSO,NC,ASO,ES,Combined TRACON& Tower with Radar,36,39,16,0,91,0,0,43,0,43,36,39,59,0,134,0,0,0,134
02/21/2016,GSO,NC,ASO,ES,Combined TRACON& Tower with Radar,42,51,29,2,124,0,0,29,0,29,42,51,58,2,153,37,0,37,190
02/22/2016,GSO,NC,ASO,ES,Combined TRACON& Tower with Radar,51,59,38,0,148,0,0,0,1,1,51,59,38,1,149,0,0,0,149
02/23/2016,GSO,NC,ASO,ES,Combined TRACON& Tower with Radar,62,71,25,3,161,0,0,0,0,0,62,71,25,3,161,0,0,0,161
02/24/2016,GSO,NC,ASO,ES,Combined TRACON& Tower with Radar,66,56,20,0,142,0,0,1,0,1,66,56,21,0,143,0,0,0,143
02/25/2016,GSO,NC,ASO,ES,Combined TRACON& Tower with Radar,67,68,51,0,186,0,2,8,0,10,67,70,59,0,196,2,0,2,198
02/26/2016,GSO,NC,ASO,ES,Combined TRACON& Tower with Radar,57,60,37,4,158,0,2,35,0,37,57,62,72,4,195,8,0,8,203
02/27/2016,GSO,NC,ASO,ES,Combined TRACON& Tower with Radar,35,41,30,0,106,0,6,64,0,70,35,47,94,0,176,78,0,78,254
02/28/2016,GSO,NC,ASO,ES,Combined TRACON& Tower with Radar,41,50,18,0,109,0,0,51,0,51,41,50,69,0,160,82,0,82,242
02/29/2016,GSO,NC,ASO,ES,Combined TRACON& Tower with Radar,53,61,34,4,152,0,1,37,0,38,53,62,71,4,190,0,0,0,190
03/01/2016,GSO,NC,ASO,ES,Combined TRACON& Tower with Radar,63,60,26,8,157,0,0,37,2,39,63,60,63,10,196,0,0,0,196
03/02/2016,GSO,NC,ASO,ES,Combined TRACON& Tower with Radar,62,72,36,0,170,0,2,29,1,32,62,74,65,1,202,28,0,28,230
03/03/2016,GSO,NC,ASO,ES,Combined TRACON& Tower with Radar,63,74,45,3,185,0,8,42,2,52,63,82,87,5,237,30,5,35,272
03/04/2016,GSO,NC,ASO,ES,Combined TRACON& Tower with Radar,67,78,40,1,186,0,7,31,0,38,67,85,71,1,224,6,0,6,230
03/05/2016,GSO,NC,ASO,ES,Combined TRACON& Tower with Radar,40,54,20,2,116,0,3,42,0,45,40,57,62,2,161,28,0,28,189
03/06/2016,GSO,NC,ASO,ES,Combined TRACON& Tower with Radar,53,53,19,0,125,0,1,36,0,37,53,54,55,0,162,34,0,34,196
03/07/2016,GSO,NC,ASO,ES,Combined TRACON& Tower with Radar,63,64,37,10,174,0,4,43,1,48,63,68,80,11,222,26,12,38,260
03/08/2016,GSO,NC,ASO,ES,Combined TRACON& Tower with Radar,63,66,39,0,168,0,1,52,6,59,63,67,91,6,227,2,0,2,229
03/09/2016,GSO,NC,ASO,ES,Combined TRACON& Tower with Radar,62,63,36,10,171,0,0,28,0,28,62,63,64,10,199,49,9,58,257
03/10/2016,GSO,NC,ASO,ES,Combined TRACON& Tower with Radar,66,69,41,14,190,0,1,9,0,10,66,70,50,14,200,11,6,17,217
03/11/2016,GSO,NC,ASO,ES,Combined TRACON& Tower with Radar,66,67,23,0,156,0,8,33,0,41,66,75,56,0,197,47,0,47,244
03/12/2016,GSO,NC,ASO,ES,Combined TRACON& Tower with Radar,40,42,33,0,115,0,0,16,2,18,40,42,49,2,133,27,0,27,160
03/13/2016,GSO,NC,ASO,ES,Combined TRACON& Tower with Radar,46,52,33,0,131,0,0,1,0,1,46,52,34,0,132,0,0,0,132
03/14/2016,GSO,NC,ASO,ES,Combined TRACON& Tower with Radar,60,63,33,0,156,0,3,3,0,6,60,66,36,0,162,7,0,7,169
03/15/2016,GSO,NC,ASO,ES,Combined TRACON& Tower with Radar,68,77,52,0,197,0,4,74,0,78,68,81,126,0,275,21,0,21,296
03/16/2016,GSO,NC,ASO,ES,Combined TRACON& Tower with Radar,70,86,49,13,218,0,1,43,1,45,70,87,92,14,263,8,4,12,275
03/17/2016,GSO,NC,ASO,ES,Combined TRACON& Tower with Radar,73,80,34,2,189,0,3,39,0,42,73,83,73,2,231,22,0,22,253
03/18/2016,GSO,NC,ASO,ES,Combined TRACON& Tower with Radar,64,72,43,10,189,0,4,57,2,63,64,76,100,12,252,0,0,0,252
03/19/2016,GSO,NC,ASO,ES,Combined TRACON& Tower with Radar,40,53,15,0,108,0,0,6,0,6,40,53,21,0,114,24,0,24,138
03/20/2016,GSO,NC,ASO,ES,Combined TRACON& Tower with Radar,50,49,20,1,120,0,0,0,0,0,50,49,20,1,120,0,0,0,120
03/21/2016,GSO,NC,ASO,ES,Combined TRACON& Tower with Radar,56,65,33,1,155,0,6,26,0,32,56,71,59,1,187,0,0,0,187
03/22/2016,GSO,NC,ASO,ES,Combined TRACON& Tower with Radar,70,84,34,1,189,0,6,34,2,42,70,90,68,3,231,0,0,0,231
03/23/2016,GSO,NC,ASO,ES,Combined TRACON& Tower with Radar,66,67,62,2,197,0,10,31,0,41,66,77,93,2,238,0,12,12,250
03/24/2016,GSO,NC,ASO,ES,Combined TRACON& Tower with Radar,69,73,52,0,194,0,11,14,0,25,69,84,66,0,219,6,0,6,225
03/25/2016,GSO,NC,ASO,ES,Combined TRACON& Tower with Radar,68,70,30,1,169,0,0,10,0,10,68,70,40,1,179,25,0,25,204
03/26/2016,GSO,NC,ASO,ES,Combined TRACON& Tower with Radar,42,41,14,0,97,0,0,30,0,30,42,41,44,0,127,36,2,38,165
03/27/2016,GSO,NC,ASO,ES,Combined TRACON& Tower with Radar,47,51,11,0,109,0,0,0,0,0,47,51,11,0,109,0,0,0,109
03/28/2016,GSO,NC,ASO,ES,Combined TRACON& Tower with Radar,60,63,56,1,180,0,6,8,0,14,60,69,64,1,194,0,0,0,194
03/29/2016,GSO,NC,ASO,ES,Combined TRACON& Tower with Radar,64,67,51,1,183,0,7,63,2,72,64,74,114,3,255,30,0,30,285
03/30/2016,GSO,NC,ASO,ES,Combined TRACON& Tower with Radar,66,76,44,0,186,0,6,47,0,53,66,82,91,0,239,38,0,38,277
03/31/2016,GSO,NC,ASO,ES,Combined TRACON& Tower with Radar,68,69,52,14,203,0,2,9,2,13,68,71,61,16,216,4,4,8,224
04/01/2016,GSO,NC,ASO,ES,Combined TRACON& Tower with Radar,63,68,23,2,156,0,0,1,0,1,63,68,24,2,157,0,0,0,157
04/02/2016,GSO,NC,ASO,ES,Combined TRACON& Tower with Radar,41,55,28,0,124,0,2,18,0,20,41,57,46,0,144,23,0,23,167
04/03/2016,GSO,NC,ASO,ES,Combined TRACON& Tower with Radar,44,49,27,7,127,0,0,33,19,52,44,49,60,26,179,0,17,17,196
04/04/2016,GSO,NC,ASO,ES,Combined TRACON& Tower with Radar,52,55,34,29,170,0,1,35,0,36,52,56,69,29,206,0,0,0,206
04/05/2016,GSO,NC,ASO,ES,Combined TRACON& Tower with Radar,62,82,68,5,217,0,7,33,1,41,62,89,101,6,258,20,0,20,278
04/06/2016,GSO,NC,ASO,ES,Combined TRACON& Tower with Radar,62,81,53,3,199,0,8,35,0,43,62,89,88,3,242,42,0,42,284
04/07/2016,GSO,NC,ASO,ES,Combined TRACON& Tower with Radar,68,79,51,6,204,0,3,5,0,8,68,82,56,6,212,0,0,0,212
04/08/2016,GSO,NC,ASO,ES,Combined TRACON& Tower with Radar,63,86,37,4,190,0,8,42,0,50,63,94,79,4,240,4,0,4,244
04/09/2016,GSO,NC,ASO,ES,Combined TRACON& Tower with Radar,40,57,13,0,110,0,1,6,0,7,40,58,19,0,117,0,0,0,117
04/10/2016,GSO,NC,ASO,ES,Combined TRACON& Tower with Radar,41,56,27,2,126,0,1,51,0,52,41,57,78,2,178,28,0,28,206
04/11/2016,GSO,NC,ASO,ES,Combined TRACON& Tower with Radar,55,79,27,16,177,0,1,14,0,15,55,80,41,16,192,19,16,35,227
04/12/2016,GSO,NC,ASO,ES,Combined TRACON& Tower with Radar,62,75,46,4,187,0,0,1,0,1,62,75,47,4,188,2,0,2,190
04/13/2016,GSO,NC,ASO,ES,Combined TRACON& Tower with Radar,62,83,64,0,209,0,6,29,0,35,62,89,93,0,244,10,0,10,254
04/14/2016,GSO,NC,ASO,ES,Combined TRACON& Tower with Radar,64,84,57,2,207,0,1,46,2,49,64,85,103,4,256,42,0,42,298
04/15/2016,GSO,NC,ASO,ES,Combined TRACON& Tower with Radar,66,92,58,8,224,0,1,39,0,40,66,93,97,8,264,39,0,39,303
04/16/2016,GSO,NC,ASO,ES,Combined TRACON& Tower with Radar,38,59,54,0,151,0,4,69,0,73,38,63,123,0,224,39,0,39,263
04/17/2016,GSO,NC,ASO,ES,Combined TRACON& Tower with Radar,42,78,60,0,180,0,0,41,0,41,42,78,101,0,221,72,0,72,293
04/18/2016,GSO,NC,ASO,ES,Combined TRACON& Tower with Radar,59,86,75,0,220,0,5,37,0,42,59,91,112,0,262,0,0,0,262
04/19/2016,GSO,NC,ASO,ES,Combined TRACON& Tower with Radar,68,80,68,0,216,0,3,53,0,56,68,83,121,0,272,30,0,30,302
04/20/2016,GSO,NC,ASO,ES,Combined TRACON& Tower with Radar,67,84,59,8,218,0,0,24,2,26,67,84,83,10,244,0,18,18,262
04/21/2016,GSO,NC,ASO,ES,Combined TRACON& Tower with Radar,69,86,68,0,223,0,2,24,0,26,69,88,92,0,249,10,0,10,259
04/22/2016,GSO,NC,ASO,ES,Combined TRACON& Tower with Radar,65,77,29,4,175,1,0,1,0,2,66,77,30,4,177,0,0,0,177
04/23/2016,GSO,NC,ASO,ES,Combined TRACON& Tower with Radar,39,58,34,2,133,0,3,26,0,29,39,61,60,2,162,20,0,20,182
04/24/2016,GSO,NC,ASO,ES,Combined TRACON& Tower with Radar,48,61,35,1,145,0,2,34,1,37,48,63,69,2,182,25,0,25,207
04/25/2016,GSO,NC,ASO,ES,Combined TRACON& Tower with Radar,52,69,41,1,163,0,5,34,1,40,52,74,75,2,203,0,0,0,203
04/26/2016,GSO,NC,ASO,ES,Combined TRACON& Tower with Radar,62,95,48,2,207,0,1,35,0,36,62,96,83,2,243,10,0,10,253
04/27/2016,GSO,NC,ASO,ES,Combined TRACON& Tower with Radar,60,79,42,1,182,0,3,34,0,37,60,82,76,1,219,4,0,4,223
04/28/2016,GSO,NC,ASO,ES,Combined TRACON& Tower with Radar,66,92,60,0,218,0,0,3,0,3,66,92,63,0,221,0,0,0,221
04/29/2016,GSO,NC,ASO,ES,Combined TRACON& Tower with Radar,59,93,58,1,211,0,2,31,2,35,59,95,89,3,246,34,0,34,280
04/30/2016,GSO,NC,ASO,ES,Combined TRACON& Tower with Radar,41,67,17,0,125,0,0,0,0,0,41,67,17,0,125,0,0,0,125
05/01/2016,GSO,NC,ASO,ES,Combined TRACON& Tower with Radar,53,67,20,0,140,0,0,3,0,3,53,67,23,0,143,6,0,6,149
05/02/2016,GSO,NC,ASO,ES,Combined TRACON& Tower with Radar,64,67,34,26,191,0,0,9,1,10,64,67,43,27,201,1,13,14,215
05/03/2016,GSO,NC,ASO,ES,Combined TRACON& Tower with Radar,65,81,59,0,205,0,0,9,0,9,65,81,68,0,214,0,0,0,214
05/04/2016,GSO,NC,ASO,ES,Combined TRACON& Tower with Radar,68,81,50,4,203,0,2,28,0,30,68,83,78,4,233,52,4,56,289
05/05/2016,GSO,NC,ASO,ES,Combined TRACON& Tower with Radar,75,82,51,0,208,0,0,1,0,1,75,82,52,0,209,0,0,0,209
05/06/2016,GSO,NC,ASO,ES,Combined TRACON& Tower with Radar,62,79,61,1,203,0,2,16,0,18,62,81,77,1,221,0,0,0,221
05/07/2016,GSO,NC,ASO,ES,Combined TRACON& Tower with Radar,39,56,43,0,138,0,3,45,3,51,39,59,88,3,189,32,0,32,221
05/08/2016,GSO,NC,ASO,ES,Combined TRACON& Tower with Radar,47,63,35,0,145,0,2,13,0,15,47,65,48,0,160,6,0,6,166
05/09/2016,GSO,NC,ASO,ES,Combined TRACON& Tower with Radar,64,67,47,3,181,0,0,32,8,40,64,67,79,11,221,34,2,36,257
05/10/2016,GSO,NC,ASO,ES,Combined TRACON& Tower with Radar,69,90,40,2,201,0,7,38,4,49,69,97,78,6,250,53,0,53,303
05/11/2016,GSO,NC,ASO,ES,Combined TRACON& Tower with Radar,62,79,48,2,191,0,1,22,0,23,62,80,70,2,214,34,0,34,248
05/12/2016,GSO,NC,ASO,ES,Combined TRACON& Tower with Radar,70,93,49,0,212,0,1,13,0,14,70,94,62,0,226,2,0,2,228
05/13/2016,GSO,NC,ASO,ES,Combined TRACON& Tower with Radar,73,87,38,6,204,0,0,18,0,18,73,87,56,6,222,0,0,0,222
05/14/2016,GSO,NC,ASO,ES,Combined TRACON& Tower with Radar,36,61,17,0,114,0,0,82,0,82,36,61,99,0,196,0,0,0,196
05/15/2016,GSO,NC,ASO,ES,Combined TRACON& Tower with Radar,45,55,27,2,129,0,3,23,0,26,45,58,50,2,155,3,0,3,158
05/16/2016,GSO,NC,ASO,ES,Combined TRACON& Tower with Radar,54,66,48,15,183,0,2,57,4,63,54,68,105,19,246,26,0,26,272
05/17/2016,GSO,NC,ASO,ES,Combined TRACON& Tower with Radar,70,76,47,0,193,31,0,4,0,35,101,76,51,0,228,0,0,0,228
05/18/2016,GSO,NC,ASO,ES,Combined TRACON& Tower with Radar,62,76,54,1,193,0,0,0,1,1,62,76,54,2,194,0,0,0,194
05/19/2016,GSO,NC,ASO,ES,Combined TRACON& Tower with Radar,67,94,38,0,199,0,2,1,0,3,67,96,39,0,202,14,0,14,216
05/20/2016,GSO,NC,ASO,ES,Combined TRACON& Tower with Radar,69,78,49,6,202,0,2,4,1,7,69,80,53,7,209,45,2,47,256
05/21/2016,GSO,NC,ASO,ES,Combined TRACON& Tower with Radar,41,56,38,4,139,0,0,5,0,5,41,56,43,4,144,0,0,0,144
05/22/2016,GSO,NC,ASO,ES,Combined TRACON& Tower with Radar,49,54,20,0,123,0,0,12,0,12,49,54,32,0,135,26,0,26,161
05/23/2016,GSO,NC,ASO,ES,Combined TRACON& Tower with Radar,57,63,43,14,177,0,1,27,2,30,57,64,70,16,207,36,6,42,249
05/24/2016,GSO,NC,ASO,ES,Combined TRACON& Tower with Radar,70,81,46,1,198,0,5,43,2,50,70,86,89,3,248,74,0,74,322
05/25/2016,GSO,NC,ASO,ES,Combined TRACON& Tower with Radar,67,77,51,3,198,0,0,57,4,61,67,77,108,7,259,34,0,34,293
05/26/2016,GSO,NC,ASO,ES,Combined TRACON& Tower with Radar,70,80,47,0,197,0,0,63,2,65,70,80,110,2,262,6,0,6,268
05/27/2016,GSO,NC,ASO,ES,Combined TRACON& Tower with Radar,82,77,46,0,205,0,0,37,0,37,82,77,83,0,242,22,0,22,264
05/28/2016,GSO,NC,ASO,ES,Combined TRACON& Tower with Radar,36,50,19,0,105,0,0,38,1,39,36,50,57,1,144,46,0,46,190
05/29/2016,GSO,NC,ASO,ES,Combined TRACON& Tower with Radar,41,36,17,0,94,0,0,1,0,1,41,36,18,0,95,50,0,50,145
05/30/2016,GSO,NC,ASO,ES,Combined TRACON& Tower with Radar,50,50,39,0,139,0,0,4,2,6,50,50,43,2,145,42,0,42,187
05/31/2016,GSO,NC,ASO,ES,Combined TRACON& Tower with Radar,76,71,49,3,199,0,0,32,0,32,76,71,81,3,231,20,0,20,251
06/01/2016,GSO,NC,ASO,ES,Combined TRACON& Tower with Radar,62,87,47,0,196,0,3,37,0,40,62,90,84,0,236,29,0,29,265
06/02/2016,GSO,NC,ASO,ES,Combined TRACON& Tower with Radar,74,75,39,1,189,0,0,15,0,15,74,75,54,1,204,32,0,32,236
06/03/2016,GSO,NC,ASO,ES,Combined TRACON& Tower with Radar,68,88,33,2,191,0,2,35,3,40,68,90,68,5,231,57,0,57,288
06/04/2016,GSO,NC,ASO,ES,Combined TRACON& Tower with Radar,43,57,19,2,121,0,0,24,0,24,43,57,43,2,145,38,0,38,183
06/05/2016,GSO,NC,ASO,ES,Combined TRACON& Tower with Radar,50,53,24,0,127,0,0,7,0,7,50,53,31,0,134,45,0,45,179
06/06/2016,GSO,NC,ASO,ES,Combined TRACON& Tower with Radar,61,60,43,0,164,0,0,35,0,35,61,60,78,0,199,30,0,30,229
06/07/2016,GSO,NC,ASO,ES,Combined TRACON& Tower with Radar,68,77,37,6,188,0,3,29,0,32,68,80,66,6,220,26,0,26,246
06/08/2016,GSO,NC,ASO,ES,Combined TRACON& Tower with Radar,65,67,43,2,177,0,2,32,0,34,65,69,75,2,211,21,0,21,232
06/09/2016,GSO,NC,ASO,ES,Combined TRACON& Tower with Radar,72,73,45,2,192,0,5,57,3,65,72,78,102,5,257,68,0,68,325
06/10/2016,GSO,NC,ASO,ES,Combined TRACON& Tower with Radar,68,73,42,5,188,0,10,33,1,44,68,83,75,6,232,32,0,32,264
06/11/2016,GSO,NC,ASO,ES,Combined TRACON& Tower with Radar,40,45,7,12,104,0,1,33,1,35,40,46,40,13,139,24,10,34,173
06/12/2016,GSO,NC,ASO,ES,Combined TRACON& Tower with Radar,47,60,23,0,130,0,0,19,2,21,47,60,42,2,151,0,0,0,151
06/13/2016,GSO,NC,ASO,ES,Combined TRACON& Tower with Radar,64,59,38,12,173,0,5,60,0,65,64,64,98,12,238,55,6,61,299
06/14/2016,GSO,NC,ASO,ES,Combined TRACON& Tower with Radar,74,72,47,3,196,0,7,48,2,57,74,79,95,5,253,58,0,58,311
06/15/2016,GSO,NC,ASO,ES,Combined TRACON& Tower with Radar,70,81,55,0,206,0,3,18,0,21,70,84,73,0,227,32,0,32,259
06/16/2016,GSO,NC,ASO,ES,Combined TRACON& Tower with Radar,73,73,55,0,201,0,2,39,0,41,73,75,94,0,242,38,0,38,280
06/17/2016,GSO,NC,ASO,ES,Combined TRACON& Tower with Radar,70,72,40,0,182,0,2,14,0,16,70,74,54,0,198,0,0,0,198
06/18/2016,GSO,NC,ASO,ES,Combined TRACON& Tower with Radar,35,43,27,0,105,0,2,31,0,33,35,45,58,0,138,16,0,16,154
06/19/2016,GSO,NC,ASO,ES,Combined TRACON& Tower with Radar,49,54,18,0,121,0,3,41,0,44,49,57,59,0,165,27,0,27,192
06/20/2016,GSO,NC,ASO,ES,Combined TRACON& Tower with Radar,63,56,48,1,168,0,6,48,0,54,63,62,96,1,222,40,0,40,262
06/21/2016,GSO,NC,ASO,ES,Combined TRACON& Tower with Radar,69,57,32,0,158,0,5,30,2,37,69,62,62,2,195,51,0,51,246
06/22/2016,GSO,NC,ASO,ES,Combined TRACON& Tower with Radar,67,68,44,0,179,0,6,63,2,71,67,74,107,2,250,0,0,0,250
06/23/2016,GSO,NC,ASO,ES,Combined TRACON& Tower with Radar,68,60,35,0,163,0,0,35,5,40,68,60,70,5,203,52,0,52,255
06/24/2016,GSO,NC,ASO,ES,Combined TRACON& Tower with Radar,66,66,53,0,185,0,4,29,0,33,66,70,82,0,218,30,0,30,248
06/25/2016,GSO,NC,ASO,ES,Combined TRACON& Tower with Radar,38,47,37,0,122,0,0,7,0,7,38,47,44,0,129,6,0,6,135
06/26/2016,GSO,NC,ASO,ES,Combined TRACON& Tower with Radar,46,53,28,0,127,0,1,28,0,29,46,54,56,0,156,42,0,42,198
06/27/2016,GSO,NC,ASO,ES,Combined TRACON& Tower with Radar,62,64,32,10,168,0,0,27,1,28,62,64,59,11,196,28,0,28,224
06/28/2016,GSO,NC,ASO,ES,Combined TRACON& Tower with Radar,74,69,66,4,213,0,0,20,2,22,74,69,86,6,235,17,0,17,252
06/29/2016,GSO,NC,ASO,ES,Combined TRACON& Tower with Radar,83,68,54,0,205,3,0,56,4,63,86,68,110,4,268,18,0,18,286
06/30/2016,GSO,NC,ASO,ES,Combined TRACON& Tower with Radar,75,76,66,0,217,0,0,13,0,13,75,76,79,0,230,14,0,14,244
07/01/2016,GSO,NC,ASO,ES,Combined TRACON& Tower with Radar,60,63,43,0,166,0,1,34,0,35,60,64,77,0,201,54,0,54,255
07/02/2016,GSO,NC,ASO,ES,Combined TRACON& Tower with Radar,42,46,22,0,110,0,2,29,0,31,42,48,51,0,141,12,0,12,153
07/03/2016,GSO,NC,ASO,ES,Combined TRACON& Tower with Radar,45,33,25,0,103,0,0,0,0,0,45,33,25,0,103,0,0,0,103
07/04/2016,GSO,NC,ASO,ES,Combined TRACON& Tower with Radar,43,38,11,0,92,0,0,2,0,2,43,38,13,0,94,0,0,0,94
07/05/2016,GSO,NC,ASO,ES,Combined TRACON& Tower with Radar,72,56,33,0,161,0,1,13,2,16,72,57,46,2,177,30,0,30,207
07/06/2016,GSO,NC,ASO,ES,Combined TRACON& Tower with Radar,61,74,40,0,175,0,0,25,1,26,61,74,65,1,201,24,4,28,229
07/07/2016,GSO,NC,ASO,ES,Combined TRACON& Tower with Radar,73,76,29,2,180,0,1,25,2,28,73,77,54,4,208,54,0,54,262
07/08/2016,GSO,NC,ASO,ES,Combined TRACON& Tower with Radar,59,69,30,16,174,0,2,35,3,40,59,71,65,19,214,10,0,10,224
07/09/2016,GSO,NC,ASO,ES,Combined TRACON& Tower with Radar,34,44,25,10,113,0,1,38,0,39,34,45,63,10,152,18,0,18,170
07/10/2016,GSO,NC,ASO,ES,Combined TRACON& Tower with Radar,46,52,24,3,125,0,1,45,0,46,46,53,69,3,171,16,0,16,187
07/11/2016,GSO,NC,ASO,ES,Combined TRACON& Tower with Radar,60,63,42,0,165,0,0,30,0,30,60,63,72,0,195,14,0,14,209
07/12/2016,GSO,NC,ASO,ES,Combined TRACON& Tower with Radar,62,73,35,0,170,0,0,15,2,17,62,73,50,2,187,50,8,58,245
07/13/2016,GSO,NC,ASO,ES,Combined TRACON& Tower with Radar,58,74,42,24,198,0,0,37,0,37,58,74,79,24,235,41,8,49,284
07/14/2016,GSO,NC,ASO,ES,Combined TRACON& Tower with Radar,65,83,46,6,200,0,1,54,5,60,65,84,100,11,260,16,0,16,276
07/15/2016,GSO,NC,ASO,ES,Combined TRACON& Tower with Radar,63,79,45,24,211,0,5,39,0,44,63,84,84,24,255,14,0,14,269
07/16/2016,GSO,NC,ASO,ES,Combined TRACON& Tower with Radar,46,53,22,0,121,0,0,2,0,2,46,53,24,0,123,18,0,18,141
07/17/2016,GSO,NC,ASO,ES,Combined TRACON& Tower with Radar,47,65,37,0,149,0,1,23,0,24,47,66,60,0,173,44,0,44,217
07/18/2016,GSO,NC,ASO,ES,Combined TRACON& Tower with Radar,56,62,35,0,153,0,6,22,0,28,56,68,57,0,181,54,0,54,235
07/19/2016,GSO,NC,ASO,ES,Combined TRACON& Tower with Radar,62,73,42,3,180,0,0,48,0,48,62,73,90,3,228,13,26,39,267
07/20/2016,GSO,NC,ASO,ES,Combined TRACON& Tower with Radar,58,84,56,4,202,0,7,28,4,39,58,91,84,8,241,38,10,48,289
07/21/2016,GSO,NC,ASO,ES,Combined TRACON& Tower with Radar,69,84,53,0,206,0,4,37,1,42,69,88,90,1,248,27,0,27,275
07/22/2016,GSO,NC,ASO,ES,Combined TRACON& Tower with Radar,66,74,39,4,183,0,2,48,0,50,66,76,87,4,233,22,0,22,255
07/23/2016,GSO,NC,ASO,ES,Combined TRACON& Tower with Radar,36,51,10,2,99,0,0,41,0,41,36,51,51,2,140,27,0,27,167
07/24/2016,GSO,NC,ASO,ES,Combined TRACON& Tower with Radar,47,50,32,0,129,0,0,29,0,29,47,50,61,0,158,46,0,46,204
07/25/2016,GSO,NC,ASO,ES,Combined TRACON& Tower with Radar,58,63,34,7,162,0,1,32,1,34,58,64,66,8,196,0,0,0,196
07/26/2016,GSO,NC,ASO,ES,Combined TRACON& Tower with Radar,63,80,44,12,199,0,2,27,4,33,63,82,71,16,232,29,14,43,275
07/27/2016,GSO,NC,ASO,ES,Combined TRACON& Tower with Radar,59,74,48,0,181,0,2,30,0,32,59,76,78,0,213,19,0,19,232
07/28/2016,GSO,NC,ASO,ES,Combined TRACON& Tower with Radar,63,63,41,4,171,0,5,52,1,58,63,68,93,5,229,23,1,24,253
07/29/2016,GSO,NC,ASO,ES,Combined TRACON& Tower with Radar,58,80,33,11,182,0,7,40,2,49,58,87,73,13,231,14,0,14,245
07/30/2016,GSO,NC,ASO,ES,Combined TRACON& Tower with Radar,37,54,18,0,109,0,2,26,0,28,37,56,44,0,137,12,0,12,149
07/31/2016,GSO,NC,ASO,ES,Combined TRACON& Tower with Radar,39,62,41,2,144,0,2,27,1,30,39,64,68,3,174,42,0,42,216
08/01/2016,GSO,NC,ASO,ES,Combined TRACON& Tower with Radar,57,68,46,0,171,0,1,25,0,26,57,69,71,0,197,4,0,4,201
08/02/2016,GSO,NC,ASO,ES,Combined TRACON& Tower with Radar,62,78,42,0,182,0,1,23,0,24,62,79,65,0,206,23,0,23,229
08/03/2016,GSO,NC,ASO,ES,Combined TRACON& Tower with Radar,67,74,58,0,199,0,0,1,0,1,67,74,59,0,200,3,0,3,203
08/04/2016,GSO,NC,ASO,ES,Combined TRACON& Tower with Radar,65,74,51,4,194,0,1,8,0,9,65,75,59,4,203,18,0,18,221
08/05/2016,GSO,NC,ASO,ES,Combined TRACON& Tower with Radar,62,79,37,2,180,0,0,3,0,3,62,79,40,2,183,20,0,20,203
08/06/2016,GSO,NC,ASO,ES,Combined TRACON& Tower with Radar,36,55,30,0,121,0,1,29,6,36,36,56,59,6,157,6,0,6,163
08/07/2016,GSO,NC,ASO,ES,Combined TRACON& Tower with Radar,53,54,42,4,153,0,0,12,0,12,53,54,54,4,165,0,0,0,165
08/08/2016,GSO,NC,ASO,ES,Combined TRACON& Tower with Radar,51,67,52,0,170,0,0,0,0,0,51,67,52,0,170,11,0,11,181
08/09/2016,GSO,NC,ASO,ES,Combined TRACON& Tower with Radar,61,67,40,3,171,0,0,8,0,8,61,67,48,3,179,0,0,0,179
08/10/2016,GSO,NC,ASO,ES,Combined TRACON& Tower with Radar,54,81,42,1,178,0,3,17,1,21,54,84,59,2,199,58,0,58,257
08/11/2016,GSO,NC,ASO,ES,Combined TRACON& Tower with Radar,66,78,51,0,195,0,3,30,1,34,66,81,81,1,229,10,0,10,239
08/12/2016,GSO,NC,ASO,ES,Combined TRACON& Tower with Radar,60,75,27,18,180,0,5,36,3,44,60,80,63,21,224,48,30,78,302
08/13/2016,GSO,NC,ASO,ES,Combined TRACON& Tower with Radar,41,47,27,0,115,0,0,34,0,34,41,47,61,0,149,0,0,0,149
08/14/2016,GSO,NC,ASO,ES,Combined TRACON& Tower with Radar,44,56,32,6,138,0,1,33,0,34,44,57,65,6,172,18,0,18,190
08/15/2016,GSO,NC,ASO,ES,Combined TRACON& Tower with Radar,68,76,40,2,186,0,1,29,0,30,68,77,69,2,216,5,0,5,221
08/16/2016,GSO,NC,ASO,ES,Combined TRACON& Tower with Radar,66,84,37,23,210,0,0,28,1,29,66,84,65,24,239,4,0,4,243
08/17/2016,GSO,NC,ASO,ES,Combined TRACON& Tower with Radar,63,81,47,11,202,0,2,31,2,35,63,83,78,13,237,25,0,25,262
08/18/2016,GSO,NC,ASO,ES,Combined TRACON& Tower with Radar,66,80,51,0,197,0,0,38,0,38,66,80,89,0,235,8,0,8,243
08/19/2016,GSO,NC,ASO,ES,Combined TRACON& Tower with Radar,56,90,61,2,209,0,1,18,4,23,56,91,79,6,232,48,0,48,280
08/20/2016,GSO,NC,ASO,ES,Combined TRACON& Tower with Radar,40,61,35,0,136,0,0,27,4,31,40,61,62,4,167,0,0,0,167
08/21/2016,GSO,NC,ASO,ES,Combined TRACON& Tower with Radar,48,108,35,0,191,0,2,11,2,15,48,110,46,2,206,14,0,14,220
08/22/2016,GSO,NC,ASO,ES,Combined TRACON& Tower with Radar,58,60,46,0,164,0,1,38,0,39,58,61,84,0,203,10,0,10,213
08/23/2016,GSO,NC,ASO,ES,Combined TRACON& Tower with Radar,65,79,34,13,191,0,4,59,1,64,65,83,93,14,255,0,10,10,265
08/24/2016,GSO,NC,ASO,ES,Combined TRACON& Tower with Radar,62,92,72,15,241,0,1,59,3,63,62,93,131,18,304,8,0,8,312
08/25/2016,GSO,NC,ASO,ES,Combined TRACON& Tower with Radar,74,76,65,15,230,0,3,54,4,61,74,79,119,19,291,32,0,32,323
08/26/2016,GSO,NC,ASO,ES,Combined TRACON& Tower with Radar,64,66,47,28,205,0,3,47,2,52,64,69,94,30,257,14,10,24,281
08/27/2016,GSO,NC,ASO,ES,Combined TRACON& Tower with Radar,38,48,22,0,108,0,0,35,0,35,38,48,57,0,143,26,0,26,169
08/28/2016,GSO,NC,ASO,ES,Combined TRACON& Tower with Radar,51,48,31,0,130,0,0,49,2,51,51,48,80,2,181,0,0,0,181
08/29/2016,GSO,NC,ASO,ES,Combined TRACON& Tower with Radar,60,63,43,2,168,0,3,24,4,31,60,66,67,6,199,6,10,16,215
08/30/2016,GSO,NC,ASO,ES,Combined TRACON& Tower with Radar,73,76,37,0,186,0,4,38,4,46,73,80,75,4,232,0,0,0,232
08/31/2016,GSO,NC,ASO,ES,Combined TRACON& Tower with Radar,71,71,50,0,192,0,2,29,2,33,71,73,79,2,225,58,0,58,283
09/01/2016,GSO,NC,ASO,ES,Combined TRACON& Tower with Radar,69,78,36,6,189,0,3,15,2,20,69,81,51,8,209,44,0,44,253
09/02/2016,GSO,NC,ASO,ES,Combined TRACON& Tower with Radar,70,72,30,0,172,0,0,1,0,1,70,72,31,0,173,6,0,6,179
09/03/2016,GSO,NC,ASO,ES,Combined TRACON& Tower with Radar,32,51,23,0,106,0,2,19,0,21,32,53,42,0,127,12,0,12,139
09/04/2016,GSO,NC,ASO,ES,Combined TRACON& Tower with Radar,41,35,17,0,93,0,0,32,0,32,41,35,49,0,125,16,0,16,141
09/05/2016,GSO,NC,ASO,ES,Combined TRACON& Tower with Radar,50,40,23,0,113,0,1,54,0,55,50,41,77,0,168,29,0,29,197
09/06/2016,GSO,NC,ASO,ES,Combined TRACON& Tower with Radar,64,63,43,5,175,0,2,43,3,48,64,65,86,8,223,39,0,39,262
09/07/2016,GSO,NC,ASO,ES,Combined TRACON& Tower with Radar,62,73,50,0,185,0,0,47,4,51,62,73,97,4,236,46,0,46,282
09/08/2016,GSO,NC,ASO,ES,Combined TRACON& Tower with Radar,64,78,40,7,189,0,1,40,3,44,64,79,80,10,233,11,0,11,244
09/09/2016,GSO,NC,ASO,ES,Combined TRACON& Tower with Radar,63,80,47,2,192,0,1,33,4,38,63,81,80,6,230,13,0,13,243
09/10/2016,GSO,NC,ASO,ES,Combined TRACON& Tower with Radar,36,41,18,0,95,0,1,28,0,29,36,42,46,0,124,11,0,11,135
09/11/2016,GSO,NC,ASO,ES,Combined TRACON& Tower with Radar,56,50,25,0,131,0,0,18,0,18,56,50,43,0,149,4,0,4,153
09/12/2016,GSO,NC,ASO,ES,Combined TRACON& Tower with Radar,63,74,34,1,172,0,1,11,0,12,63,75,45,1,184,6,0,6,190
09/13/2016,GSO,NC,ASO,ES,Combined TRACON& Tower with Radar,65,82,51,2,200,0,1,35,1,37,65,83,86,3,237,0,0,0,237
09/14/2016,GSO,NC,ASO,ES,Combined TRACON& Tower with Radar,67,75,44,15,201,0,1,39,2,42,67,76,83,17,243,23,4,27,270
09/15/2016,GSO,NC,ASO,ES,Combined TRACON& Tower with Radar,73,82,40,7,202,0,0,35,3,38,73,82,75,10,240,6,15,21,261
09/16/2016,GSO,NC,ASO,ES,Combined TRACON& Tower with Radar,68,80,51,1,200,0,0,25,3,28,68,80,76,4,228,12,0,12,240
09/17/2016,GSO,NC,ASO,ES,Combined TRACON& Tower with Radar,40,42,40,2,124,0,0,13,0,13,40,42,53,2,137,22,0,22,159
09/18/2016,GSO,NC,ASO,ES,Combined TRACON& Tower with Radar,54,55,21,0,130,0,0,15,0,15,54,55,36,0,145,65,0,65,210
09/19/2016,GSO,NC,ASO,ES,Combined TRACON& Tower with Radar,60,63,39,0,162,0,0,3,0,3,60,63,42,0,165,0,0,0,165
09/20/2016,GSO,NC,ASO,ES,Combined TRACON& Tower with Radar,70,74,65,9,218,0,0,14,0,14,70,74,79,9,232,16,5,21,253
09/21/2016,GSO,NC,ASO,ES,Combined TRACON& Tower with Radar,68,83,53,0,204,0,0,2,0,2,68,83,55,0,206,0,0,0,206
09/22/2016,GSO,NC,ASO,ES,Combined TRACON& Tower with Radar,70,89,44,2,205,0,0,1,0,1,70,89,45,2,206,0,0,0,206
09/23/2016,GSO,NC,ASO,ES,Combined TRACON& Tower with Radar,75,94,57,2,228,0,0,23,0,23,75,94,80,2,251,37,0,37,288
09/24/2016,GSO,NC,ASO,ES,Combined TRACON& Tower with Radar,39,39,27,1,106,0,1,45,2,48,39,40,72,3,154,0,0,0,154
09/25/2016,GSO,NC,ASO,ES,Combined TRACON& Tower with Radar,55,67,39,0,161,0,0,1,0,1,55,67,40,0,162,60,0,60,222
09/26/2016,GSO,NC,ASO,ES,Combined TRACON& Tower with Radar,66,72,42,0,180,0,0,4,0,4,66,72,46,0,184,0,0,0,184
09/27/2016,GSO,NC,ASO,ES,Combined TRACON& Tower with Radar,74,75,43,0,192,0,0,13,0,13,74,75,56,0,205,4,0,4,209
09/28/2016,GSO,NC,ASO,ES,Combined TRACON& Tower with Radar,66,78,38,0,182,0,0,6,0,6,66,78,44,0,188,11,0,11,199
09/29/2016,GSO,NC,ASO,ES,Combined TRACON& Tower with Radar,70,94,33,3,200,0,2,1,0,3,70,96,34,3,203,44,0,44,247
09/30/2016,GSO,NC,ASO,ES,Combined TRACON& Tower with Radar,66,88,47,1,202,0,1,15,1,17,66,89,62,2,219,28,0,28,247
10/01/2016,GSO,NC,ASO,ES,Combined TRACON& Tower with Radar,40,45,24,0,109,0,0,36,1,37,40,45,60,1,146,0,0,0,146
10/02/2016,GSO,NC,ASO,ES,Combined TRACON& Tower with Radar,55,58,33,0,146,0,1,38,0,39,55,59,71,0,185,8,0,8,193
10/03/2016,GSO,NC,ASO,ES,Combined TRACON& Tower with Radar,61,67,36,0,164,0,10,52,2,64,61,77,88,2,228,32,0,32,260
10/04/2016,GSO,NC,ASO,ES,Combined TRACON& Tower with Radar,64,91,50,2,207,0,6,36,4,46,64,97,86,6,253,18,0,18,271
10/05/2016,GSO,NC,ASO,ES,Combined TRACON& Tower with Radar,68,84,56,0,208,0,1,7,0,8,68,85,63,0,216,25,0,25,241
10/06/2016,GSO,NC,ASO,ES,Combined TRACON& Tower with Radar,80,80,42,2,204,0,0,13,0,13,80,80,55,2,217,26,0,26,243
10/07/2016,GSO,NC,ASO,ES,Combined TRACON& Tower with Radar,76,79,27,0,182,0,0,0,0,0,76,79,27,0,182,0,0,0,182
10/08/2016,GSO,NC,ASO,ES,Combined TRACON& Tower with Radar,46,53,6,2,107,0,0,0,0,0,46,53,6,2,107,0,0,0,107
10/09/2016,GSO,NC,ASO,ES,Combined TRACON& Tower with Radar,57,49,17,1,124,0,3,12,1,16,57,52,29,2,140,0,0,0,140
10/10/2016,GSO,NC,ASO,ES,Combined TRACON& Tower with Radar,70,74,51,1,196,0,2,43,0,45,70,76,94,1,241,12,0,12,253
10/11/2016,GSO,NC,ASO,ES,Combined TRACON& Tower with Radar,75,72,28,3,178,0,1,26,0,27,75,73,54,3,205,0,0,0,205
10/12/2016,GSO,NC,ASO,ES,Combined TRACON& Tower with Radar,70,77,69,14,230,0,3,43,1,47,70,80,112,15,277,12,0,12,289
10/13/2016,GSO,NC,ASO,ES,Combined TRACON& Tower with Radar,77,85,68,0,230,0,0,37,0,37,77,85,105,0,267,10,0,10,277
10/14/2016,GSO,NC,ASO,ES,Combined TRACON& Tower with Radar,74,85,58,12,229,0,0,33,0,33,74,85,91,12,262,48,0,48,310
10/15/2016,GSO,NC,ASO,ES,Combined TRACON& Tower with Radar,39,55,40,2,136,0,1,43,0,44,39,56,83,2,180,12,0,12,192
10/16/2016,GSO,NC,ASO,ES,Combined TRACON& Tower with Radar,60,64,42,0,166,0,0,42,0,42,60,64,84,0,208,0,0,0,208
10/17/2016,GSO,NC,ASO,ES,Combined TRACON& Tower with Radar,68,63,40,4,175,0,1,56,1,58,68,64,96,5,233,4,0,4,237
10/18/2016,GSO,NC,ASO,ES,Combined TRACON& Tower with Radar,66,79,59,6,210,0,0,45,0,45,66,79,104,6,255,10,0,10,265
10/19/2016,GSO,NC,ASO,ES,Combined TRACON& Tower with Radar,72,84,80,1,237,0,1,54,0,55,72,85,134,1,292,24,0,24,316
10/20/2016,GSO,NC,ASO,ES,Combined TRACON& Tower with Radar,81,81,76,0,238,0,2,47,2,51,81,83,123,2,289,0,0,0,289
10/21/2016,GSO,NC,ASO,ES,Combined TRACON& Tower with Radar,77,88,69,4,238,0,2,13,0,15,77,90,82,4,253,0,0,0,253
10/22/2016,GSO,NC,ASO,ES,Combined TRACON& Tower with Radar,41,62,29,4,136,0,0,28,0,28,41,62,57,4,164,2,0,2,166
10/23/2016,GSO,NC,ASO,ES,Combined TRACON& Tower with Radar,60,55,76,8,199,0,2,36,0,38,60,57,112,8,237,20,0,20,257
10/24/2016,GSO,NC,ASO,ES,Combined TRACON& Tower with Radar,73,82,79,4,238,0,2,47,0,49,73,84,126,4,287,0,0,0,287
10/25/2016,GSO,NC,ASO,ES,Combined TRACON& Tower with Radar,80,85,75,2,242,0,2,48,8,58,80,87,123,10,300,0,0,0,300
10/26/2016,GSO,NC,ASO,ES,Combined TRACON& Tower with Radar,75,81,61,0,217,0,1,57,0,58,75,82,118,0,275,27,0,27,302
10/27/2016,GSO,NC,ASO,ES,Combined TRACON& Tower with Radar,80,88,42,0,210,0,1,21,0,22,80,89,63,0,232,0,0,0,232
10/28/2016,GSO,NC,ASO,ES,Combined TRACON& Tower with Radar,73,86,57,2,218,0,1,38,0,39,73,87,95,2,257,17,0,17,274
10/29/2016,GSO,NC,ASO,ES,Combined TRACON& Tower with Radar,39,58,26,0,123,0,3,44,0,47,39,61,70,0,170,20,0,20,190
10/30/2016,GSO,NC,ASO,ES,Combined TRACON& Tower with Radar,51,53,39,0,143,0,4,46,2,52,51,57,85,2,195,42,0,42,237
10/31/2016,GSO,NC,ASO,ES,Combined TRACON& Tower with Radar,49,67,52,5,173,0,2,29,0,31,49,69,81,5,204,10,0,10,214
11/01/2016,GSO,NC,ASO,ES,Combined TRACON& Tower with Radar,64,86,56,2,208,0,0,0,0,0,64,86,56,2,208,20,0,20,228
11/02/2016,GSO,NC,ASO,ES,Combined TRACON& Tower with Radar,64,83,46,2,195,0,1,38,0,39,64,84,84,2,234,0,0,0,234
11/03/2016,GSO,NC,ASO,ES,Combined TRACON& Tower with Radar,70,77,54,5,206,0,0,44,3,47,70,77,98,8,253,20,0,20,273
11/04/2016,GSO,NC,ASO,ES,Combined TRACON& Tower with Radar,67,80,57,4,208,0,3,34,0,37,67,83,91,4,245,17,0,17,262
11/05/2016,GSO,NC,ASO,ES,Combined TRACON& Tower with Radar,40,43,21,3,107,0,0,43,2,45,40,43,64,5,152,14,12,26,178
11/06/2016,GSO,NC,ASO,ES,Combined TRACON& Tower with Radar,51,55,29,0,135,0,0,43,0,43,51,55,72,0,178,8,0,8,186
11/07/2016,GSO,NC,ASO,ES,Combined TRACON& Tower with Radar,49,69,45,16,179,0,0,28,2,30,49,69,73,18,209,0,0,0,209
11/08/2016,GSO,NC,ASO,ES,Combined TRACON& Tower with Radar,63,77,54,9,203,0,0,43,1,44,63,77,97,10,247,10,6,16,263
11/09/2016,GSO,NC,ASO,ES,Combined TRACON& Tower with Radar,65,83,46,2,196,0,0,11,0,11,65,83,57,2,207,6,0,6,213
11/10/2016,GSO,NC,ASO,ES,Combined TRACON& Tower with Radar,66,80,57,0,203,0,5,35,0,40,66,85,92,0,243,6,0,6,249
11/11/2016,GSO,NC,ASO,ES,Combined TRACON& Tower with Radar,68,82,43,0,193,0,2,35,0,37,68,84,78,0,230,6,0,6,236
11/12/2016,GSO,NC,ASO,ES,Combined TRACON& Tower with Radar,43,46,19,0,108,0,0,32,0,32,43,46,51,0,140,0,0,0,140
11/13/2016,GSO,NC,ASO,ES,Combined TRACON& Tower with Radar,49,53,31,4,137,0,1,32,0,33,49,54,63,4,170,42,0,42,212
11/14/2016,GSO,NC,ASO,ES,Combined TRACON& Tower with Radar,59,81,37,13,190,0,0,18,7,25,59,81,55,20,215,0,0,0,215
11/15/2016,GSO,NC,ASO,ES,Combined TRACON& Tower with Radar,64,80,32,9,185,0,8,43,0,51,64,88,75,9,236,13,4,17,253
11/16/2016,GSO,NC,ASO,ES,Combined TRACON& Tower with Radar,60,87,44,8,199,0,1,45,0,46,60,88,89,8,245,39,4,43,288
11/17/2016,GSO,NC,ASO,ES,Combined TRACON& Tower with Radar,68,84,45,1,198,0,2,41,3,46,68,86,86,4,244,0,0,0,244
11/18/2016,GSO,NC,ASO,ES,Combined TRACON& Tower with Radar,70,90,54,4,218,0,7,50,0,57,70,97,104,4,275,16,0,16,291
11/19/2016,GSO,NC,ASO,ES,Combined TRACON& Tower with Radar,41,41,13,0,95,0,2,10,0,12,41,43,23,0,107,33,0,33,140
11/20/2016,GSO,NC,ASO,ES,Combined TRACON& Tower with Radar,50,53,17,1,121,0,0,24,0,24,50,53,41,1,145,0,0,0,145
11/21/2016,GSO,NC,ASO,ES,Combined TRACON& Tower with Radar,50,71,40,12,173,0,4,30,3,37,50,75,70,15,210,14,0,14,224
11/22/2016,GSO,NC,ASO,ES,Combined TRACON& Tower with Radar,60,90,49,5,204,0,4,35,0,39,60,94,84,5,243,22,0,22,265
11/23/2016,GSO,NC,ASO,ES,Combined TRACON& Tower with Radar,64,92,42,0,198,0,0,43,0,43,64,92,85,0,241,12,0,12,253
11/24/2016,GSO,NC,ASO,ES,Combined TRACON& Tower with Radar,30,33,13,0,76,0,0,3,0,3,30,33,16,0,79,0,0,0,79
11/25/2016,GSO,NC,ASO,ES,Combined TRACON& Tower with Radar,47,51,16,0,114,0,1,21,0,22,47,52,37,0,136,16,0,16,152
11/26/2016,GSO,NC,ASO,ES,Combined TRACON& Tower with Radar,55,65,15,0,135,0,2,23,0,25,55,67,38,0,160,30,0,30,190
11/27/2016,GSO,NC,ASO,ES,Combined TRACON& Tower with Radar,61,67,39,0,167,0,2,40,0,42,61,69,79,0,209,42,0,42,251
11/28/2016,GSO,NC,ASO,ES,Combined TRACON& Tower with Radar,57,75,42,0,174,0,3,22,0,25,57,78,64,0,199,25,0,25,224
11/29/2016,GSO,NC,ASO,ES,Combined TRACON& Tower with Radar,74,72,18,0,164,0,0,1,0,1,74,72,19,0,165,0,0,0,165
11/30/2016,GSO,NC,ASO,ES,Combined TRACON& Tower with Radar,71,82,38,10,201,0,0,1,0,1,71,82,39,10,202,0,0,0,202
12/01/2016,GSO,NC,ASO,ES,Combined TRACON& Tower with Radar,74,79,45,0,198,0,2,39,0,41,74,81,84,0,239,50,0,50,289
12/02/2016,GSO,NC,ASO,ES,Combined TRACON& Tower with Radar,67,74,57,0,198,0,1,36,2,39,67,75,93,2,237,27,0,27,264
12/03/2016,GSO,NC,ASO,ES,Combined TRACON& Tower with Radar,38,45,24,0,107,0,0,32,0,32,38,45,56,0,139,27,0,27,166
12/04/2016,GSO,NC,ASO,ES,Combined TRACON& Tower with Radar,52,41,30,0,123,0,0,3,0,3,52,41,33,0,126,2,0,2,128
12/05/2016,GSO,NC,ASO,ES,Combined TRACON& Tower with Radar,62,67,39,8,176,0,1,22,0,23,62,68,61,8,199,14,0,14,213
12/06/2016,GSO,NC,ASO,ES,Combined TRACON& Tower with Radar,70,74,35,4,183,0,0,0,0,0,70,74,35,4,183,0,0,0,183
12/07/2016,GSO,NC,ASO,ES,Combined TRACON& Tower with Radar,69,84,59,7,219,0,0,45,2,47,69,84,104,9,266,51,0,51,317
12/08/2016,GSO,NC,ASO,ES,Combined TRACON& Tower with Radar,77,78,60,12,227,0,1,19,3,23,77,79,79,15,250,0,14,14,264
12/09/2016,GSO,NC,ASO,ES,Combined TRACON& Tower with Radar,70,72,64,4,210,0,3,30,0,33,70,75,94,4,243,36,0,36,279
12/10/2016,GSO,NC,ASO,ES,Combined TRACON& Tower with Radar,35,38,9,0,82,0,1,42,0,43,35,39,51,0,125,57,0,57,182
12/11/2016,GSO,NC,ASO,ES,Combined TRACON& Tower with Radar,48,43,35,0,126,0,2,26,0,28,48,45,61,0,154,11,0,11,165
12/12/2016,GSO,NC,ASO,ES,Combined TRACON& Tower with Radar,60,66,36,4,166,0,2,9,0,11,60,68,45,4,177,0,0,0,177
12/13/2016,GSO,NC,ASO,ES,Combined TRACON& Tower with Radar,64,89,52,4,209,0,0,21,1,22,64,89,73,5,231,0,0,0,231
12/14/2016,GSO,NC,ASO,ES,Combined TRACON& Tower with Radar,70,79,60,0,209,0,2,38,1,41,70,81,98,1,250,9,0,9,259
12/15/2016,GSO,NC,ASO,ES,Combined TRACON& Tower with Radar,67,68,34,11,180,0,3,18,1,22,67,71,52,12,202,0,0,0,202
12/16/2016,GSO,NC,ASO,ES,Combined TRACON& Tower with Radar,60,63,51,2,176,0,1,29,1,31,60,64,80,3,207,24,0,24,231
12/17/2016,GSO,NC,ASO,ES,Combined TRACON& Tower with Radar,38,36,14,0,88,0,0,0,0,0,38,36,14,0,88,0,0,0,88
12/18/2016,GSO,NC,ASO,ES,Combined TRACON& Tower with Radar,39,37,15,0,91,0,0,0,0,0,39,37,15,0,91,0,0,0,91
12/19/2016,GSO,NC,ASO,ES,Combined TRACON& Tower with Radar,53,71,49,6,179,0,0,13,0,13,53,71,62,6,192,14,0,14,206
12/20/2016,GSO,NC,ASO,ES,Combined TRACON& Tower with Radar,49,89,62,0,200,0,0,27,0,27,49,89,89,0,227,44,0,44,271
12/21/2016,GSO,NC,ASO,ES,Combined TRACON& Tower with Radar,53,85,37,0,175,0,0,57,0,57,53,85,94,0,232,38,0,38,270
12/22/2016,GSO,NC,ASO,ES,Combined TRACON& Tower with Radar,49,79,41,10,179,0,2,24,0,26,49,81,65,10,205,7,0,7,212
12/23/2016,GSO,NC,ASO,ES,Combined TRACON& Tower with Radar,55,64,28,0,147,0,4,53,0,57,55,68,81,0,204,0,0,0,204
12/24/2016,GSO,NC,ASO,ES,Combined TRACON& Tower with Radar,37,33,3,0,73,0,0,1,0,1,37,33,4,0,74,6,0,6,80
12/25/2016,GSO,NC,ASO,ES,Combined TRACON& Tower with Radar,26,28,7,0,61,0,0,3,0,3,26,28,10,0,64,0,0,0,64
12/26/2016,GSO,NC,ASO,ES,Combined TRACON& Tower with Radar,30,53,32,0,115,0,0,9,0,9,30,53,41,0,124,0,0,0,124
12/27/2016,GSO,NC,ASO,ES,Combined TRACON& Tower with Radar,53,54,49,0,156,0,2,3,0,5,53,56,52,0,161,0,0,0,161
12/28/2016,GSO,NC,ASO,ES,Combined TRACON& Tower with Radar,45,65,48,10,168,0,1,85,2,88,45,66,133,12,256,8,0,8,264
12/29/2016,GSO,NC,ASO,ES,Combined TRACON& Tower with Radar,47,63,30,6,146,0,1,10,0,11,47,64,40,6,157,0,26,26,183
12/30/2016,GSO,NC,ASO,ES,Combined TRACON& Tower with Radar,42,64,38,1,145,0,2,17,0,19,42,66,55,1,164,14,0,14,178
12/31/2016,GSO,NC,ASO,ES,Combined TRACON& Tower with Radar,32,40,19,0,91,0,0,20,0,20,32,40,39,0,111,22,0,22,133
01/01/2017,GSO,NC,ASO,ES,Combined TRACON& Tower with Radar,27,38,19,0,84,0,0,2,0,2,27,38,21,0,86,20,0,20,106
01/02/2017,GSO,NC,ASO,ES,Combined TRACON& Tower with Radar,33,42,19,0,94,0,0,0,0,0,33,42,19,0,94,0,0,0,94
01/03/2017,GSO,NC,ASO,ES,Combined TRACON& Tower with Radar,58,45,20,0,123,0,0,0,0,0,58,45,20,0,123,0,0,0,123
01/04/2017,GSO,NC,ASO,ES,Combined TRACON& Tower with Radar,54,64,48,1,167,0,3,21,0,24,54,67,69,1,191,0,0,0,191
01/05/2017,GSO,NC,ASO,ES,Combined TRACON& Tower with Radar,51,67,50,1,169,0,8,36,3,47,51,75,86,4,216,71,0,71,287
01/06/2017,GSO,NC,ASO,ES,Combined TRACON& Tower with Radar,45,54,37,19,155,0,3,19,0,22,45,57,56,19,177,13,7,20,197
01/07/2017,GSO,NC,ASO,ES,Combined TRACON& Tower with Radar,26,29,10,0,65,0,0,0,0,0,26,29,10,0,65,13,7,20,85
01/08/2017,GSO,NC,ASO,ES,Combined TRACON& Tower with Radar,41,45,24,0,110,0,1,12,0,13,41,46,36,0,123,6,0,6,129
01/09/2017,GSO,NC,ASO,ES,Combined TRACON& Tower with Radar,57,57,35,1,150,0,2,6,1,9,57,59,41,2,159,0,0,0,159
01/10/2017,GSO,NC,ASO,ES,Combined TRACON& Tower with Radar,59,72,33,0,164,0,1,26,0,27,59,73,59,0,191,2,0,2,193
01/11/2017,GSO,NC,ASO,ES,Combined TRACON& Tower with Radar,61,70,26,0,157,0,1,7,1,9,61,71,33,1,166,16,0,16,182
01/12/2017,GSO,NC,ASO,ES,Combined TRACON& Tower with Radar,67,65,36,10,178,0,5,23,0,28,67,70,59,10,206,18,6,24,230
01/13/2017,GSO,NC,ASO,ES,Combined TRACON& Tower with Radar,64,70,50,8,192,0,0,36,0,36,64,70,86,8,228,41,0,41,269
01/14/2017,GSO,NC,ASO,ES,Combined TRACON& Tower with Radar,32,36,30,0,98,0,0,10,0,10,32,36,40,0,108,0,0,0,108
01/15/2017,GSO,NC,ASO,ES,Combined TRACON& Tower with Radar,38,41,37,11,127,0,0,34,0,34,38,41,71,11,161,18,4,22,183
01/16/2017,GSO,NC,ASO,ES,Combined TRACON& Tower with Radar,52,54,39,0,145,0,0,3,0,3,52,54,42,0,148,0,0,0,148
01/17/2017,GSO,NC,ASO,ES,Combined TRACON& Tower with Radar,56,64,43,2,165,0,0,2,1,3,56,64,45,3,168,0,4,4,172
01/18/2017,GSO,NC,ASO,ES,Combined TRACON& Tower with Radar,62,62,33,7,164,0,6,33,0,39,62,68,66,7,203,26,0,26,229
01/19/2017,GSO,NC,ASO,ES,Combined TRACON& Tower with Radar,66,67,38,0,171,0,0,50,0,50,66,67,88,0,221,30,0,30,251
01/20/2017,GSO,NC,ASO,ES,Combined TRACON& Tower with Radar,68,70,30,2,170,0,0,0,0,0,68,70,30,2,170,0,0,0,170
01/21/2017,GSO,NC,ASO,ES,Combined TRACON& Tower with Radar,36,33,22,2,93,0,0,0,0,0,36,33,22,2,93,0,0,0,93
01/22/2017,GSO,NC,ASO,ES,Combined TRACON& Tower with Radar,41,45,5,1,92,0,0,0,0,0,41,45,5,1,92,0,0,0,92
01/23/2017,GSO,NC,ASO,ES,Combined TRACON& Tower with Radar,59,58,26,0,143,0,2,1,0,3,59,60,27,0,146,0,0,0,146
01/24/2017,GSO,NC,ASO,ES,Combined TRACON& Tower with Radar,60,85,53,8,206,0,0,25,0,25,60,85,78,8,231,33,0,33,264
01/25/2017,GSO,NC,ASO,ES,Combined TRACON& Tower with Radar,60,104,40,15,219,0,22,54,0,76,60,126,94,15,295,68,0,68,363
01/26/2017,GSO,NC,ASO,ES,Combined TRACON& Tower with Radar,67,82,47,3,199,0,8,16,0,24,67,90,63,3,223,4,0,4,227
01/27/2017,GSO,NC,ASO,ES,Combined TRACON& Tower with Radar,67,81,52,9,209,0,6,37,0,43,67,87,89,9,252,0,8,8,260
01/28/2017,GSO,NC,ASO,ES,Combined TRACON& Tower with Radar,37,34,13,0,84,0,0,24,0,24,37,34,37,0,108,47,0,47,155
01/29/2017,GSO,NC,ASO,ES,Combined TRACON& Tower with Radar,37,46,21,1,105,0,0,21,1,22,37,46,42,2,127,24,0,24,151
01/30/2017,GSO,NC,ASO,ES,Combined TRACON& Tower with Radar,57,64,27,9,157,0,8,21,3,32,57,72,48,12,189,8,0,8,197
01/31/2017,GSO,NC,ASO,ES,Combined TRACON& Tower with Radar,58,64,43,0,165,0,0,14,0,14,58,64,57,0,179,0,2,2,181
02/01/2017,GSO,NC,ASO,ES,Combined TRACON& Tower with Radar,63,92,42,9,206,0,20,32,6,58,63,112,74,15,264,41,8,49,313
02/02/2017,GSO,NC,ASO,ES,Combined TRACON& Tower with Radar,71,79,34,1,185,0,0,54,7,61,71,79,88,8,246,88,0,88,334
02/03/2017,GSO,NC,ASO,ES,Combined TRACON& Tower with Radar,61,71,40,0,172,0,0,8,0,8,61,71,48,0,180,8,0,8,188
02/04/2017,GSO,NC,ASO,ES,Combined TRACON& Tower with Radar,35,40,33,0,108,0,0,49,2,51,35,40,82,2,159,14,0,14,173
02/05/2017,GSO,NC,ASO,ES,Combined TRACON& Tower with Radar,36,42,22,2,102,0,0,39,0,39,36,42,61,2,141,24,0,24,165
02/06/2017,GSO,NC,ASO,ES,Combined TRACON& Tower with Radar,52,72,36,0,160,0,1,33,4,38,52,73,69,4,198,15,0,15,213
02/07/2017,GSO,NC,ASO,ES,Combined TRACON& Tower with Radar,58,77,37,8,180,0,10,25,2,37,58,87,62,10,217,0,0,0,217
02/08/2017,GSO,NC,ASO,ES,Combined TRACON& Tower with Radar,69,76,25,4,174,0,4,22,2,28,69,80,47,6,202,40,0,40,242
02/09/2017,GSO,NC,ASO,ES,Combined TRACON& Tower with Radar,65,61,56,4,186,0,1,11,0,12,65,62,67,4,198,0,0,0,198
02/10/2017,GSO,NC,ASO,ES,Combined TRACON& Tower with Radar,74,70,40,16,200,0,3,35,4,42,74,73,75,20,242,44,0,44,286
02/11/2017,GSO,NC,ASO,ES,Combined TRACON& Tower with Radar,38,34,19,2,93,0,0,41,0,41,38,34,60,2,134,0,0,0,134
02/12/2017,GSO,NC,ASO,ES,Combined TRACON& Tower with Radar,49,39,27,0,115,0,0,22,1,23,49,39,49,1,138,0,0,0,138
02/13/2017,GSO,NC,ASO,ES,Combined TRACON& Tower with Radar,54,66,33,19,172,0,0,25,1,26,54,66,58,20,198,0,12,12,210
02/14/2017,GSO,NC,ASO,ES,Combined TRACON& Tower with Radar,61,81,37,5,184,0,3,40,0,43,61,84,77,5,227,30,0,30,257
02/15/2017,GSO,NC,ASO,ES,Combined TRACON& Tower with Radar,66,68,52,1,187,0,0,8,0,8,66,68,60,1,195,0,0,0,195
02/16/2017,GSO,NC,ASO,ES,Combined TRACON& Tower with Radar,71,61,49,2,183,0,3,32,0,35,71,64,81,2,218,6,0,6,224
02/17/2017,GSO,NC,ASO,ES,Combined TRACON& Tower with Radar,70,80,55,0,205,0,3,50,2,55,70,83,105,2,260,22,0,22,282
02/18/2017,GSO,NC,ASO,ES,Combined TRACON& Tower with Radar,37,40,23,0,100,0,0,41,2,43,37,40,64,2,143,0,0,0,143
02/19/2017,GSO,NC,ASO,ES,Combined TRACON& Tower with Radar,44,36,22,0,102,0,0,32,0,32,44,36,54,0,134,47,0,47,181
02/20/2017,GSO,NC,ASO,ES,Combined TRACON& Tower with Radar,59,65,61,0,185,0,0,52,2,54,59,65,113,2,239,9,0,9,248
02/21/2017,GSO,NC,ASO,ES,Combined TRACON& Tower with Radar,69,61,47,2,179,0,0,20,0,20,69,61,67,2,199,46,0,46,245
02/22/2017,GSO,NC,ASO,ES,Combined TRACON& Tower with Radar,73,76,38,2,189,0,0,4,0,4,73,76,42,2,193,0,0,0,193
02/23/2017,GSO,NC,ASO,ES,Combined TRACON& Tower with Radar,68,79,73,1,221,0,2,49,0,51,68,81,122,1,272,14,0,14,286
02/24/2017,GSO,NC,ASO,ES,Combined TRACON& Tower with Radar,70,73,57,0,200,0,3,39,4,46,70,76,96,4,246,58,0,58,304
02/25/2017,GSO,NC,ASO,ES,Combined TRACON& Tower with Radar,39,47,15,0,101,0,1,7,0,8,39,48,22,0,109,0,0,0,109
02/26/2017,GSO,NC,ASO,ES,Combined TRACON& Tower with Radar,50,61,36,2,149,0,2,46,0,48,50,63,82,2,197,0,0,0,197
02/27/2017,GSO,NC,ASO,ES,Combined TRACON& Tower with Radar,65,66,32,1,164,0,1,22,0,23,65,67,54,1,187,17,0,17,204
02/28/2017,GSO,NC,ASO,ES,Combined TRACON& Tower with Radar,72,70,48,3,193,0,2,26,2,30,72,72,74,5,223,22,0,22,245
03/01/2017,GSO,NC,ASO,ES,Combined TRACON& Tower with Radar,77,60,26,0,163,0,1,4,0,5,77,61,30,0,168,0,0,0,168
03/02/2017,GSO,NC,ASO,ES,Combined TRACON& Tower with Radar,79,70,31,2,182,0,1,22,0,23,79,71,53,2,205,46,10,56,261
03/03/2017,GSO,NC,ASO,ES,Combined TRACON& Tower with Radar,64,70,52,0,186,0,0,20,0,20,64,70,72,0,206,2,0,2,208
03/04/2017,GSO,NC,ASO,ES,Combined TRACON& Tower with Radar,38,39,25,0,102,0,0,59,2,61,38,39,84,2,163,6,0,6,169
03/05/2017,GSO,NC,ASO,ES,Combined TRACON& Tower with Radar,48,56,18,0,122,0,0,42,0,42,48,56,60,0,164,58,0,58,222
03/06/2017,GSO,NC,ASO,ES,Combined TRACON& Tower with Radar,60,56,29,2,147,0,2,36,6,44,60,58,65,8,191,21,0,21,212
03/07/2017,GSO,NC,ASO,ES,Combined TRACON& Tower with Radar,66,72,31,24,193,0,0,4,7,11,66,72,35,31,204,6,30,36,240
03/08/2017,GSO,NC,ASO,ES,Combined TRACON& Tower with Radar,70,76,47,0,193,0,0,17,0,17,70,76,64,0,210,72,0,72,282
03/09/2017,GSO,NC,ASO,ES,Combined TRACON& Tower with Radar,66,71,57,4,198,0,1,37,0,38,66,72,94,4,236,26,0,26,262
03/10/2017,GSO,NC,ASO,ES,Combined TRACON& Tower with Radar,61,54,33,0,148,0,1,15,0,16,61,55,48,0,164,0,0,0,164
03/11/2017,GSO,NC,ASO,ES,Combined TRACON& Tower with Radar,40,44,19,4,107,0,0,52,0,52,40,44,71,4,159,0,0,0,159
03/12/2017,GSO,NC,ASO,ES,Combined TRACON& Tower with Radar,40,49,36,0,125,0,0,29,0,29,40,49,65,0,154,0,0,0,154
03/13/2017,GSO,NC,ASO,ES,Combined TRACON& Tower with Radar,61,55,37,0,153,0,0,16,2,18,61,55,53,2,171,38,0,38,209
03/14/2017,GSO,NC,ASO,ES,Combined TRACON& Tower with Radar,62,46,19,2,129,0,0,4,0,4,62,46,23,2,133,0,0,0,133
03/15/2017,GSO,NC,ASO,ES,Combined TRACON& Tower with Radar,72,65,23,4,164,0,0,10,0,10,72,65,33,4,174,0,0,0,174
03/16/2017,GSO,NC,ASO,ES,Combined TRACON& Tower with Radar,71,82,34,0,187,0,5,24,0,29,71,87,58,0,216,0,0,0,216
03/17/2017,GSO,NC,ASO,ES,Combined TRACON& Tower with Radar,70,62,45,1,178,0,2,36,0,38,70,64,81,1,216,19,2,21,237
03/18/2017,GSO,NC,ASO,ES,Combined TRACON& Tower with Radar,43,37,17,2,99,0,0,11,0,11,43,37,28,2,110,18,0,18,128
03/19/2017,GSO,NC,ASO,ES,Combined TRACON& Tower with Radar,43,53,29,0,125,0,0,23,0,23,43,53,52,0,148,0,0,0,148
03/20/2017,GSO,NC,ASO,ES,Combined TRACON& Tower with Radar,62,63,45,0,170,0,2,42,2,46,62,65,87,2,216,31,0,31,247
03/21/2017,GSO,NC,ASO,ES,Combined TRACON& Tower with Radar,72,73,46,4,195,0,2,23,2,27,72,75,69,6,222,0,0,0,222
03/22/2017,GSO,NC,ASO,ES,Combined TRACON& Tower with Radar,67,70,37,2,176,0,1,19,2,22,67,71,56,4,198,28,0,28,226
03/23/2017,GSO,NC,ASO,ES,Combined TRACON& Tower with Radar,69,74,55,0,198,0,2,68,2,72,69,76,123,2,270,6,0,6,276
03/24/2017,GSO,NC,ASO,ES,Combined TRACON& Tower with Radar,67,63,40,1,171,0,0,20,0,20,67,63,60,1,191,10,0,10,201
03/25/2017,GSO,NC,ASO,ES,Combined TRACON& Tower with Radar,42,45,24,0,111,0,0,34,0,34,42,45,58,0,145,0,0,0,145
03/26/2017,GSO,NC,ASO,ES,Combined TRACON& Tower with Radar,35,51,25,0,111,0,0,12,0,12,35,51,37,0,123,28,0,28,151
03/27/2017,GSO,NC,ASO,ES,Combined TRACON& Tower with Radar,59,60,58,1,178,0,2,10,0,12,59,62,68,1,190,16,0,16,206
03/28/2017,GSO,NC,ASO,ES,Combined TRACON& Tower with Radar,68,70,49,18,205,0,4,12,2,18,68,74,61,20,223,16,6,22,245
03/29/2017,GSO,NC,ASO,ES,Combined TRACON& Tower with Radar,68,78,54,2,202,0,3,36,4,43,68,81,90,6,245,0,0,0,245
03/30/2017,GSO,NC,ASO,ES,Combined TRACON& Tower with Radar,71,74,53,2,200,0,0,15,0,15,71,74,68,2,215,0,0,0,215
03/31/2017,GSO,NC,ASO,ES,Combined TRACON& Tower with Radar,66,66,36,0,168,0,0,5,0,5,66,66,41,0,173,12,0,12,185
04/01/2017,GSO,NC,ASO,ES,Combined TRACON& Tower with Radar,44,46,38,16,144,0,0,38,0,38,44,46,76,16,182,0,8,8,190
04/02/2017,GSO,NC,ASO,ES,Combined TRACON& Tower with Radar,45,50,57,0,152,0,0,73,0,73,45,50,130,0,225,24,0,24,249
04/03/2017,GSO,NC,ASO,ES,Combined TRACON& Tower with Radar,57,58,38,0,153,0,0,0,0,0,57,58,38,0,153,0,0,0,153
04/04/2017,GSO,NC,ASO,ES,Combined TRACON& Tower with Radar,66,71,59,0,196,0,4,21,0,25,66,75,80,0,221,6,0,6,227
04/05/2017,GSO,NC,ASO,ES,Combined TRACON& Tower with Radar,51,86,48,1,186,0,0,17,2,19,51,86,65,3,205,15,0,15,220
04/06/2017,GSO,NC,ASO,ES,Combined TRACON& Tower with Radar,50,73,42,0,165,0,0,4,0,4,50,73,46,0,169,4,0,4,173
04/07/2017,GSO,NC,ASO,ES,Combined TRACON& Tower with Radar,58,85,47,0,190,0,2,11,0,13,58,87,58,0,203,0,0,0,203
04/08/2017,GSO,NC,ASO,ES,Combined TRACON& Tower with Radar,36,46,28,0,110,0,0,58,0,58,36,46,86,0,168,16,0,16,184
04/09/2017,GSO,NC,ASO,ES,Combined TRACON& Tower with Radar,53,54,33,0,140,0,0,44,0,44,53,54,77,0,184,0,0,0,184
04/10/2017,GSO,NC,ASO,ES,Combined TRACON& Tower with Radar,56,69,40,2,167,0,1,22,7,30,56,70,62,9,197,0,0,0,197
04/11/2017,GSO,NC,ASO,ES,Combined TRACON& Tower with Radar,71,83,34,3,191,0,5,49,5,59,71,88,83,8,250,4,0,4,254
04/12/2017,GSO,NC,ASO,ES,Combined TRACON& Tower with Radar,74,85,49,20,228,0,0,59,0,59,74,85,108,20,287,24,14,38,325
04/13/2017,GSO,NC,ASO,ES,Combined TRACON& Tower with Radar,74,81,63,0,218,0,1,37,0,38,74,82,100,0,256,14,0,14,270
04/14/2017,GSO,NC,ASO,ES,Combined TRACON& Tower with Radar,70,73,39,0,182,0,0,38,2,40,70,73,77,2,222,20,0,20,242
04/15/2017,GSO,NC,ASO,ES,Combined TRACON& Tower with Radar,36,37,21,0,94,0,0,36,0,36,36,37,57,0,130,0,0,0,130
04/16/2017,GSO,NC,ASO,ES,Combined TRACON& Tower with Radar,52,53,32,0,137,0,0,17,0,17,52,53,49,0,154,6,0,6,160
04/17/2017,GSO,NC,ASO,ES,Combined TRACON& Tower with Radar,57,74,54,2,187,0,1,21,2,24,57,75,75,4,211,18,0,18,229
04/18/2017,GSO,NC,ASO,ES,Combined TRACON& Tower with Radar,76,81,54,10,221,0,3,17,1,21,76,84,71,11,242,25,0,25,267
04/19/2017,GSO,NC,ASO,ES,Combined TRACON& Tower with Radar,70,81,73,2,226,0,0,4,0,4,70,81,77,2,230,4,0,4,234
04/20/2017,GSO,NC,ASO,ES,Combined TRACON& Tower with Radar,75,79,59,0,213,0,1,29,0,30,75,80,88,0,243,4,0,4,247
04/21/2017,GSO,NC,ASO,ES,Combined TRACON& Tower with Radar,79,65,66,2,212,0,1,22,6,29,79,66,88,8,241,0,0,0,241
04/22/2017,GSO,NC,ASO,ES,Combined TRACON& Tower with Radar,39,52,46,0,137,0,0,11,0,11,39,52,57,0,148,29,0,29,177
04/23/2017,GSO,NC,ASO,ES,Combined TRACON& Tower with Radar,54,58,72,0,184,0,0,0,0,0,54,58,72,0,184,0,0,0,184
04/24/2017,GSO,NC,ASO,ES,Combined TRACON& Tower with Radar,70,66,72,0,208,0,0,0,0,0,70,66,72,0,208,0,0,0,208
04/25/2017,GSO,NC,ASO,ES,Combined TRACON& Tower with Radar,82,89,98,2,271,0,0,1,0,1,82,89,99,2,272,0,0,0,272
04/26/2017,GSO,NC,ASO,ES,Combined TRACON& Tower with Radar,78,81,78,16,253,0,2,52,2,56,78,83,130,18,309,36,10,46,355
04/27/2017,GSO,NC,ASO,ES,Combined TRACON& Tower with Radar,77,87,50,4,218,0,1,23,1,25,77,88,73,5,243,0,0,0,243
04/28/2017,GSO,NC,ASO,ES,Combined TRACON& Tower with Radar,70,90,42,4,206,0,0,22,0,22,70,90,64,4,228,34,0,34,262
04/29/2017,GSO,NC,ASO,ES,Combined TRACON& Tower with Radar,40,52,21,0,113,0,1,28,0,29,40,53,49,0,142,0,0,0,142
04/30/2017,GSO,NC,ASO,ES,Combined TRACON& Tower with Radar,51,59,29,11,150,0,0,10,0,10,51,59,39,11,160,20,16,36,196
05/01/2017,GSO,NC,ASO,ES,Combined TRACON& Tower with Radar,61,48,26,0,135,0,0,0,0,0,61,48,26,0,135,0,0,0,135
05/02/2017,GSO,NC,ASO,ES,Combined TRACON& Tower with Radar,73,94,45,10,222,0,1,20,0,21,73,95,65,10,243,8,0,8,251
05/03/2017,GSO,NC,ASO,ES,Combined TRACON& Tower with Radar,73,84,62,7,226,0,1,72,1,74,73,85,134,8,300,28,0,28,328
05/04/2017,GSO,NC,ASO,ES,Combined TRACON& Tower with Radar,69,91,52,0,212,0,2,7,0,9,69,93,59,0,221,6,0,6,227
05/05/2017,GSO,NC,ASO,ES,Combined TRACON& Tower with Radar,58,85,56,2,201,0,2,7,0,9,58,87,63,2,210,0,0,0,210
05/06/2017,GSO,NC,ASO,ES,Combined TRACON& Tower with Radar,42,46,21,0,109,0,0,13,0,13,42,46,34,0,122,2,0,2,124
05/07/2017,GSO,NC,ASO,ES,Combined TRACON& Tower with Radar,47,67,47,0,161,0,0,41,0,41,47,67,88,0,202,13,0,13,215
05/08/2017,GSO,NC,ASO,ES,Combined TRACON& Tower with Radar,52,75,44,0,171,0,3,25,0,28,52,78,69,0,199,5,0,5,204
05/09/2017,GSO,NC,ASO,ES,Combined TRACON& Tower with Radar,65,95,43,0,203,0,1,11,0,12,65,96,54,0,215,0,0,0,215
05/10/2017,GSO,NC,ASO,ES,Combined TRACON& Tower with Radar,64,100,56,0,220,0,3,45,4,52,64,103,101,4,272,0,0,0,272
05/11/2017,GSO,NC,ASO,ES,Combined TRACON& Tower with Radar,70,108,44,20,242,0,2,12,19,33,70,110,56,39,275,41,26,67,342
05/12/2017,GSO,NC,ASO,ES,Combined TRACON& Tower with Radar,59,81,50,11,201,0,0,0,0,0,59,81,50,11,201,0,0,0,201
05/13/2017,GSO,NC,ASO,ES,Combined TRACON& Tower with Radar,42,38,41,1,122,0,0,18,0,18,42,38,59,1,140,46,0,46,186
05/14/2017,GSO,NC,ASO,ES,Combined TRACON& Tower with Radar,44,61,30,0,135,0,0,39,0,39,44,61,69,0,174,26,0,26,200
05/15/2017,GSO,NC,ASO,ES,Combined TRACON& Tower with Radar,60,73,52,1,186,0,2,39,1,42,60,75,91,2,228,18,0,18,246
05/16/2017,GSO,NC,ASO,ES,Combined TRACON& Tower with Radar,59,88,54,7,208,0,6,63,4,73,59,94,117,11,281,29,0,29,310
05/17/2017,GSO,NC,ASO,ES,Combined TRACON& Tower with Radar,62,92,67,8,229,0,9,46,4,59,62,101,113,12,288,32,0,32,320
05/18/2017,GSO,NC,ASO,ES,Combined TRACON& Tower with Radar,65,90,52,0,207,0,3,24,0,27,65,93,76,0,234,17,0,17,251
05/19/2017,GSO,NC,ASO,ES,Combined TRACON& Tower with Radar,57,74,43,2,176,0,0,26,2,28,57,74,69,4,204,4,0,4,208
05/20/2017,GSO,NC,ASO,ES,Combined TRACON& Tower with Radar,38,41,25,7,111,0,4,47,0,51,38,45,72,7,162,2,6,8,170
05/21/2017,GSO,NC,ASO,ES,Combined TRACON& Tower with Radar,54,61,22,1,138,0,0,0,0,0,54,61,22,1,138,0,0,0,138
05/22/2017,GSO,NC,ASO,ES,Combined TRACON& Tower with Radar,54,73,36,16,179,0,0,11,1,12,54,73,47,17,191,42,0,42,233
05/23/2017,GSO,NC,ASO,ES,Combined TRACON& Tower with Radar,60,85,38,1,184,0,0,0,0,0,60,85,38,1,184,0,0,0,184
05/24/2017,GSO,NC,ASO,ES,Combined TRACON& Tower with Radar,59,88,33,6,186,0,0,0,0,0,59,88,33,6,186,0,0,0,186
05/25/2017,GSO,NC,ASO,ES,Combined TRACON& Tower with Radar,69,87,36,1,193,0,6,12,0,18,69,93,48,1,211,4,0,4,215
05/26/2017,GSO,NC,ASO,ES,Combined TRACON& Tower with Radar,59,74,44,2,179,0,0,40,2,42,59,74,84,4,221,14,8,22,243
05/27/2017,GSO,NC,ASO,ES,Combined TRACON& Tower with Radar,39,46,27,0,112,0,2,40,0,42,39,48,67,0,154,0,0,0,154
05/28/2017,GSO,NC,ASO,ES,Combined TRACON& Tower with Radar,38,44,13,0,95,0,0,12,0,12,38,44,25,0,107,12,0,12,119
05/29/2017,GSO,NC,ASO,ES,Combined TRACON& Tower with Radar,44,64,33,1,142,0,0,36,0,36,44,64,69,1,178,23,0,23,201
05/30/2017,GSO,NC,ASO,ES,Combined TRACON& Tower with Radar,51,71,42,12,176,0,3,34,0,37,51,74,76,12,213,20,0,20,233
05/31/2017,GSO,NC,ASO,ES,Combined TRACON& Tower with Radar,70,91,56,3,220,0,2,32,4,38,70,93,88,7,258,45,0,45,303
06/01/2017,GSO,NC,ASO,ES,Combined TRACON& Tower with Radar,61,98,43,12,214,0,1,54,0,55,61,99,97,12,269,6,0,6,275
06/02/2017,GSO,NC,ASO,ES,Combined TRACON& Tower with Radar,58,94,45,18,215,0,2,54,0,56,58,96,99,18,271,2,0,2,273
06/03/2017,GSO,NC,ASO,ES,Combined TRACON& Tower with Radar,39,38,22,6,105,0,0,32,0,32,39,38,54,6,137,2,0,2,139
06/04/2017,GSO,NC,ASO,ES,Combined TRACON& Tower with Radar,47,53,32,0,132,0,0,31,0,31,47,53,63,0,163,14,0,14,177
06/05/2017,GSO,NC,ASO,ES,Combined TRACON& Tower with Radar,55,65,32,4,156,0,0,1,0,1,55,65,33,4,157,0,0,0,157
06/06/2017,GSO,NC,ASO,ES,Combined TRACON& Tower with Radar,71,94,54,17,236,0,12,49,0,61,71,106,103,17,297,8,12,20,317
06/07/2017,GSO,NC,ASO,ES,Combined TRACON& Tower with Radar,62,87,50,9,208,0,1,48,2,51,62,88,98,11,259,14,22,36,295
06/08/2017,GSO,NC,ASO,ES,Combined TRACON& Tower with Radar,66,78,61,22,227,0,2,28,0,30,66,80,89,22,257,7,46,53,310
06/09/2017,GSO,NC,ASO,ES,Combined TRACON& Tower with Radar,57,82,43,1,183,0,3,49,1,53,57,85,92,2,236,18,0,18,254
06/10/2017,GSO,NC,ASO,ES,Combined TRACON& Tower with Radar,42,44,17,2,105,0,2,37,1,40,42,46,54,3,145,19,0,19,164
06/11/2017,GSO,NC,ASO,ES,Combined TRACON& Tower with Radar,46,49,41,1,137,0,0,38,1,39,46,49,79,2,176,18,0,18,194
06/12/2017,GSO,NC,ASO,ES,Combined TRACON& Tower with Radar,56,75,36,8,175,0,0,29,3,32,56,75,65,11,207,5,0,5,212
06/13/2017,GSO,NC,ASO,ES,Combined TRACON& Tower with Radar,61,88,33,1,183,0,1,22,1,24,61,89,55,2,207,0,0,0,207
06/14/2017,GSO,NC,ASO,ES,Combined TRACON& Tower with Radar,57,85,37,12,191,0,3,44,1,48,57,88,81,13,239,22,0,22,261
06/15/2017,GSO,NC,ASO,ES,Combined TRACON& Tower with Radar,65,85,62,9,221,0,2,33,0,35,65,87,95,9,256,12,0,12,268
06/16/2017,GSO,NC,ASO,ES,Combined TRACON& Tower with Radar,65,68,42,3,178,0,1,8,0,9,65,69,50,3,187,18,0,18,205
06/17/2017,GSO,NC,ASO,ES,Combined TRACON& Tower with Radar,41,47,15,5,108,0,0,4,0,4,41,47,19,5,112,12,0,12,124
06/18/2017,GSO,NC,ASO,ES,Combined TRACON& Tower with Radar,43,48,23,0,114,0,0,13,0,13,43,48,36,0,127,0,0,0,127
06/19/2017,GSO,NC,ASO,ES,Combined TRACON& Tower with Radar,52,63,33,15,163,0,1,14,14,29,52,64,47,29,192,25,14,39,231
06/20/2017,GSO,NC,ASO,ES,Combined TRACON& Tower with Radar,65,91,34,29,219,0,7,29,3,39,65,98,63,32,258,43,35,78,336
06/21/2017,GSO,NC,ASO,ES,Combined TRACON& Tower with Radar,58,93,31,4,186,0,2,26,0,28,58,95,57,4,214,16,3,19,233
06/22/2017,GSO,NC,ASO,ES,Combined TRACON& Tower with Radar,63,91,60,0,214,0,2,15,0,17,63,93,75,0,231,22,0,22,253
06/23/2017,GSO,NC,ASO,ES,Combined TRACON& Tower with Radar,58,78,41,9,186,0,0,13,0,13,58,78,54,9,199,1,14,15,214
06/24/2017,GSO,NC,ASO,ES,Combined TRACON& Tower with Radar,38,43,37,6,124,0,0,20,0,20,38,43,57,6,144,0,0,0,144
06/25/2017,GSO,NC,ASO,ES,Combined TRACON& Tower with Radar,46,55,24,1,126,0,1,55,0,56,46,56,79,1,182,28,0,28,210
06/26/2017,GSO,NC,ASO,ES,Combined TRACON& Tower with Radar,55,65,46,1,167,0,1,54,0,55,55,66,100,1,222,23,1,24,246
06/27/2017,GSO,NC,ASO,ES,Combined TRACON& Tower with Radar,63,96,38,10,207,0,1,68,0,69,63,97,106,10,276,0,0,0,276
06/28/2017,GSO,NC,ASO,ES,Combined TRACON& Tower with Radar,60,80,54,22,216,0,2,62,0,64,60,82,116,22,280,30,0,30,310
06/29/2017,GSO,NC,ASO,ES,Combined TRACON& Tower with Radar,65,91,48,16,220,0,5,41,2,48,65,96,89,18,268,0,3,3,271
06/30/2017,GSO,NC,ASO,ES,Combined TRACON& Tower with Radar,63,73,50,7,193,0,1,11,1,13,63,74,61,8,206,24,10,34,240
07/01/2017,GSO,NC,ASO,ES,Combined TRACON& Tower with Radar,38,53,29,0,120,0,1,8,0,9,38,54,37,0,129,42,0,42,171
07/02/2017,GSO,NC,ASO,ES,Combined TRACON& Tower with Radar,42,41,17,0,100,0,1,25,0,26,42,42,42,0,126,0,0,0,126
07/03/2017,GSO,NC,ASO,ES,Combined TRACON& Tower with Radar,43,37,21,0,101,0,3,37,0,40,43,40,58,0,141,34,0,34,175
07/04/2017,GSO,NC,ASO,ES,Combined TRACON& Tower with Radar,38,45,9,0,92,0,0,9,0,9,38,45,18,0,101,0,0,0,101
07/05/2017,GSO,NC,ASO,ES,Combined TRACON& Tower with Radar,54,67,39,0,160,0,1,21,0,22,54,68,60,0,182,16,0,16,198
07/06/2017,GSO,NC,ASO,ES,Combined TRACON& Tower with Radar,62,73,39,10,184,0,1,37,2,40,62,74,76,12,224,26,28,54,278
07/07/2017,GSO,NC,ASO,ES,Combined TRACON& Tower with Radar,56,72,40,9,177,0,0,35,1,36,56,72,75,10,213,24,6,30,243
07/08/2017,GSO,NC,ASO,ES,Combined TRACON& Tower with Radar,43,50,41,7,141,0,0,52,7,59,43,50,93,14,200,20,33,53,253
07/09/2017,GSO,NC,ASO,ES,Combined TRACON& Tower with Radar,46,59,40,10,155,0,0,41,0,41,46,59,81,10,196,16,18,34,230
07/10/2017,GSO,NC,ASO,ES,Combined TRACON& Tower with Radar,57,65,42,4,168,0,0,36,0,36,57,65,78,4,204,35,0,35,239
07/11/2017,GSO,NC,ASO,ES,Combined TRACON& Tower with Radar,64,96,55,6,221,0,2,45,2,49,64,98,100,8,270,40,0,40,310
07/12/2017,GSO,NC,ASO,ES,Combined TRACON& Tower with Radar,59,75,79,32,245,0,1,50,2,53,59,76,129,34,298,40,0,40,338
07/13/2017,GSO,NC,ASO,ES,Combined TRACON& Tower with Radar,62,78,56,0,196,0,0,43,0,43,62,78,99,0,239,12,0,12,251
07/14/2017,GSO,NC,ASO,ES,Combined TRACON& Tower with Radar,63,79,33,8,183,0,0,26,0,26,63,79,59,8,209,20,0,20,229
07/15/2017,GSO,NC,ASO,ES,Combined TRACON& Tower with Radar,48,48,20,0,116,0,1,38,0,39,48,49,58,0,155,21,0,21,176
07/16/2017,GSO,NC,ASO,ES,Combined TRACON& Tower with Radar,44,59,31,0,134,0,1,36,0,37,44,60,67,0,171,40,0,40,211
07/17/2017,GSO,NC,ASO,ES,Combined TRACON& Tower with Radar,68,69,38,1,176,5,1,10,0,16,73,70,48,1,192,28,0,28,220
07/18/2017,GSO,NC,ASO,ES,Combined TRACON& Tower with Radar,73,89,41,5,208,0,2,21,2,25,73,91,62,7,233,2,10,12,245
07/19/2017,GSO,NC,ASO,ES,Combined TRACON& Tower with Radar,62,100,38,2,202,0,1,54,0,55,62,101,92,2,257,28,0,28,285
07/20/2017,GSO,NC,ASO,ES,Combined TRACON& Tower with Radar,68,96,57,8,229,0,2,50,0,52,68,98,107,8,281,29,10,39,320
07/21/2017,GSO,NC,ASO,ES,Combined TRACON& Tower with Radar,60,89,42,16,207,0,3,49,0,52,60,92,91,16,259,32,6,38,297
07/22/2017,GSO,NC,ASO,ES,Combined TRACON& Tower with Radar,41,55,27,2,125,0,2,33,0,35,41,57,60,2,160,0,0,0,160
07/23/2017,GSO,NC,ASO,ES,Combined TRACON& Tower with Radar,45,47,17,10,119,0,0,22,0,22,45,47,39,10,141,17,12,29,170
07/24/2017,GSO,NC,ASO,ES,Combined TRACON& Tower with Radar,54,76,49,41,220,0,1,29,7,37,54,77,78,48,257,18,53,71,328
07/25/2017,GSO,NC,ASO,ES,Combined TRACON& Tower with Radar,64,89,34,18,205,0,4,26,4,34,64,93,60,22,239,50,0,50,289
07/26/2017,GSO,NC,ASO,ES,Combined TRACON& Tower with Radar,61,88,44,2,195,0,1,32,4,37,61,89,76,6,232,16,0,16,248
07/27/2017,GSO,NC,ASO,ES,Combined TRACON& Tower with Radar,66,90,66,38,260,0,0,12,4,16,66,90,78,42,276,72,33,105,381
07/28/2017,GSO,NC,ASO,ES,Combined TRACON& Tower with Radar,58,82,37,1,178,0,0,11,0,11,58,82,48,1,189,31,0,31,220
07/29/2017,GSO,NC,ASO,ES,Combined TRACON& Tower with Radar,33,63,28,0,124,0,0,24,0,24,33,63,52,0,148,10,0,10,158
07/30/2017,GSO,NC,ASO,ES,Combined TRACON& Tower with Radar,46,63,22,0,131,0,0,45,0,45,46,63,67,0,176,19,0,19,195
07/31/2017,GSO,NC,ASO,ES,Combined TRACON& Tower with Radar,57,78,31,2,168,0,0,58,0,58,57,78,89,2,226,0,0,0,226
08/01/2017,GSO,NC,ASO,ES,Combined TRACON& Tower with Radar,66,91,37,1,195,0,1,37,3,41,66,92,74,4,236,28,0,28,264
08/02/2017,GSO,NC,ASO,ES,Combined TRACON& Tower with Radar,58,83,46,4,191,0,2,37,4,43,58,85,83,8,234,41,0,41,275
08/03/2017,GSO,NC,ASO,ES,Combined TRACON& Tower with Radar,63,86,48,12,209,0,1,35,0,36,63,87,83,12,245,58,0,58,303
08/04/2017,GSO,NC,ASO,ES,Combined TRACON& Tower with Radar,57,74,47,0,178,0,4,40,1,45,57,78,87,1,223,49,0,49,272
08/05/2017,GSO,NC,ASO,ES,Combined TRACON& Tower with Radar,34,53,34,0,121,0,0,46,0,46,34,53,80,0,167,57,0,57,224
08/06/2017,GSO,NC,ASO,ES,Combined TRACON& Tower with Radar,45,59,32,0,136,0,0,26,0,26,45,59,58,0,162,0,0,0,162
08/07/2017,GSO,NC,ASO,ES,Combined TRACON& Tower with Radar,54,67,33,0,154,0,0,0,0,0,54,67,33,0,154,0,0,0,154
08/08/2017,GSO,NC,ASO,ES,Combined TRACON& Tower with Radar,62,85,43,0,190,0,0,11,0,11,62,85,54,0,201,0,28,28,229
08/09/2017,GSO,NC,ASO,ES,Combined TRACON& Tower with Radar,64,86,46,7,203,0,9,35,1,45,64,95,81,8,248,126,8,134,382
08/10/2017,GSO,NC,ASO,ES,Combined TRACON& Tower with Radar,66,100,40,20,226,0,3,48,0,51,66,103,88,20,277,91,0,91,368
08/11/2017,GSO,NC,ASO,ES,Combined TRACON& Tower with Radar,68,82,23,12,185,0,2,31,0,33,68,84,54,12,218,30,8,38,256
08/12/2017,GSO,NC,ASO,ES,Combined TRACON& Tower with Radar,38,68,26,0,132,0,2,1,0,3,38,70,27,0,135,50,0,50,185
08/13/2017,GSO,NC,ASO,ES,Combined TRACON& Tower with Radar,46,60,35,0,141,0,0,5,0,5,46,60,40,0,146,49,0,49,195
08/14/2017,GSO,NC,ASO,ES,Combined TRACON& Tower with Radar,69,74,48,5,196,0,0,4,0,4,69,74,52,5,200,10,8,18,218
08/15/2017,GSO,NC,ASO,ES,Combined TRACON& Tower with Radar,69,113,44,14,240,0,0,10,0,10,69,113,54,14,250,41,0,41,291
08/16/2017,GSO,NC,ASO,ES,Combined TRACON& Tower with Radar,65,96,45,35,241,0,3,22,3,28,65,99,67,38,269,30,18,48,317
08/17/2017,GSO,NC,ASO,ES,Combined TRACON& Tower with Radar,65,101,42,0,208,0,3,37,0,40,65,104,79,0,248,18,0,18,266
08/18/2017,GSO,NC,ASO,ES,Combined TRACON& Tower with Radar,61,93,39,0,193,0,0,23,0,23,61,93,62,0,216,0,0,0,216
08/19/2017,GSO,NC,ASO,ES,Combined TRACON& Tower with Radar,35,62,42,0,139,0,1,42,0,43,35,63,84,0,182,27,0,27,209
08/20/2017,GSO,NC,ASO,ES,Combined TRACON& Tower with Radar,44,84,34,0,162,0,0,39,0,39,44,84,73,0,201,40,0,40,241
08/21/2017,GSO,NC,ASO,ES,Combined TRACON& Tower with Radar,57,72,53,0,182,0,0,52,0,52,57,72,105,0,234,10,0,10,244
08/22/2017,GSO,NC,ASO,ES,Combined TRACON& Tower with Radar,68,86,55,8,217,0,0,50,0,50,68,86,105,8,267,42,14,56,323
08/23/2017,GSO,NC,ASO,ES,Combined TRACON& Tower with Radar,67,86,59,20,232,0,2,25,0,27,67,88,84,20,259,32,0,32,291
08/24/2017,GSO,NC,ASO,ES,Combined TRACON& Tower with Radar,68,80,48,6,202,0,1,12,1,14,68,81,60,7,216,38,0,38,254
08/25/2017,GSO,NC,ASO,ES,Combined TRACON& Tower with Radar,63,103,53,23,242,0,0,59,0,59,63,103,112,23,301,32,11,43,344
08/26/2017,GSO,NC,ASO,ES,Combined TRACON& Tower with Radar,41,58,23,2,124,0,2,30,2,34,41,60,53,4,158,29,0,29,187
08/27/2017,GSO,NC,ASO,ES,Combined TRACON& Tower with Radar,42,64,43,0,149,0,3,23,0,26,42,67,66,0,175,0,0,0,175
08/28/2017,GSO,NC,ASO,ES,Combined TRACON& Tower with Radar,57,74,31,20,182,0,0,27,0,27,57,74,58,20,209,18,0,18,227
08/29/2017,GSO,NC,ASO,ES,Combined TRACON& Tower with Radar,64,88,38,19,209,0,0,0,1,1,64,88,38,20,210,0,0,0,210
08/30/2017,GSO,NC,ASO,ES,Combined TRACON& Tower with Radar,68,97,55,1,221,0,0,31,2,33,68,97,86,3,254,27,0,27,281
08/31/2017,GSO,NC,ASO,ES,Combined TRACON& Tower with Radar,71,90,35,3,199,0,0,15,0,15,71,90,50,3,214,34,0,34,248
09/01/2017,GSO,NC,ASO,ES,Combined TRACON& Tower with Radar,72,85,23,0,180,0,0,0,0,0,72,85,23,0,180,0,0,0,180
09/02/2017,GSO,NC,ASO,ES,Combined TRACON& Tower with Radar,39,60,26,0,125,0,0,0,0,0,39,60,26,0,125,0,0,0,125
09/03/2017,GSO,NC,ASO,ES,Combined TRACON& Tower with Radar,36,52,14,0,102,0,0,22,1,23,36,52,36,1,125,5,0,5,130
09/04/2017,GSO,NC,ASO,ES,Combined TRACON& Tower with Radar,50,66,31,0,147,0,2,45,0,47,50,68,76,0,194,32,0,32,226
09/05/2017,GSO,NC,ASO,ES,Combined TRACON& Tower with Radar,54,71,38,0,163,0,1,38,0,39,54,72,76,0,202,18,0,18,220
09/06/2017,GSO,NC,ASO,ES,Combined TRACON& Tower with Radar,60,92,68,0,220,0,0,1,0,1,60,92,69,0,221,0,0,0,221
09/07/2017,GSO,NC,ASO,ES,Combined TRACON& Tower with Radar,69,83,64,1,217,0,5,45,1,51,69,88,109,2,268,16,0,16,284
09/08/2017,GSO,NC,ASO,ES,Combined TRACON& Tower with Radar,70,93,47,8,218,0,5,74,2,81,70,98,121,10,299,26,0,26,325
09/09/2017,GSO,NC,ASO,ES,Combined TRACON& Tower with Radar,43,69,32,1,145,0,1,42,0,43,43,70,74,1,188,51,0,51,239
09/10/2017,GSO,NC,ASO,ES,Combined TRACON& Tower with Radar,53,70,26,0,149,0,1,17,2,20,53,71,43,2,169,0,0,0,169
09/11/2017,GSO,NC,ASO,ES,Combined TRACON& Tower with Radar,47,76,20,0,143,0,0,5,0,5,47,76,25,0,148,0,0,0,148
09/12/2017,GSO,NC,ASO,ES,Combined TRACON& Tower with Radar,73,74,20,0,167,0,0,0,0,0,73,74,20,0,167,0,0,0,167
09/13/2017,GSO,NC,ASO,ES,Combined TRACON& Tower with Radar,74,87,59,1,221,0,3,33,1,37,74,90,92,2,258,0,0,0,258
09/14/2017,GSO,NC,ASO,ES,Combined TRACON& Tower with Radar,85,86,64,3,238,0,0,34,2,36,85,86,98,5,274,64,0,64,338
09/15/2017,GSO,NC,ASO,ES,Combined TRACON& Tower with Radar,71,94,56,16,237,0,7,44,2,53,71,101,100,18,290,32,20,52,342
09/16/2017,GSO,NC,ASO,ES,Combined TRACON& Tower with Radar,38,50,41,4,133,0,0,42,0,42,38,50,83,4,175,33,0,33,208
09/17/2017,GSO,NC,ASO,ES,Combined TRACON& Tower with Radar,54,68,46,16,184,0,0,31,2,33,54,68,77,18,217,64,0,64,281
09/18/2017,GSO,NC,ASO,ES,Combined TRACON& Tower with Radar,67,76,51,0,194,0,4,28,0,32,67,80,79,0,226,4,0,4,230
09/19/2017,GSO,NC,ASO,ES,Combined TRACON& Tower with Radar,78,89,43,0,210,0,1,35,0,36,78,90,78,0,246,67,0,67,313
09/20/2017,GSO,NC,ASO,ES,Combined TRACON& Tower with Radar,70,85,48,14,217,0,5,37,2,44,70,90,85,16,261,3,6,9,270
09/21/2017,GSO,NC,ASO,ES,Combined TRACON& Tower with Radar,74,83,40,1,198,0,1,52,0,53,74,84,92,1,251,18,0,18,269
09/22/2017,GSO,NC,ASO,ES,Combined TRACON& Tower with Radar,69,92,49,10,220,0,2,45,0,47,69,94,94,10,267,43,12,55,322
09/23/2017,GSO,NC,ASO,ES,Combined TRACON& Tower with Radar,43,56,29,1,129,0,0,41,0,41,43,56,70,1,170,20,0,20,190
09/24/2017,GSO,NC,ASO,ES,Combined TRACON& Tower with Radar,54,61,37,6,158,0,0,31,0,31,54,61,68,6,189,32,0,32,221
09/25/2017,GSO,NC,ASO,ES,Combined TRACON& Tower with Radar,67,72,44,5,188,0,7,34,0,41,67,79,78,5,229,2,0,2,231
09/26/2017,GSO,NC,ASO,ES,Combined TRACON& Tower with Radar,69,92,44,10,215,0,5,27,0,32,69,97,71,10,247,50,6,56,303
09/27/2017,GSO,NC,ASO,ES,Combined TRACON& Tower with Radar,72,89,47,0,208,0,4,39,0,43,72,93,86,0,251,0,0,0,251
09/28/2017,GSO,NC,ASO,ES,Combined TRACON& Tower with Radar,77,95,52,4,228,0,2,51,0,53,77,97,103,4,281,32,0,32,313
09/29/2017,GSO,NC,ASO,ES,Combined TRACON& Tower with Radar,69,93,44,3,209,0,2,51,0,53,69,95,95,3,262,14,0,14,276
09/30/2017,GSO,NC,ASO,ES,Combined TRACON& Tower with Radar,39,60,26,0,125,0,0,32,1,33,39,60,58,1,158,30,0,30,188
10/01/2017,GSO,NC,ASO,ES,Combined TRACON& Tower with Radar,52,67,31,0,150,0,3,45,0,48,52,70,76,0,198,24,0,24,222
10/02/2017,GSO,NC,ASO,ES,Combined TRACON& Tower with Radar,66,80,55,2,203,0,5,32,1,38,66,85,87,3,241,42,0,42,283
10/03/2017,GSO,NC,ASO,ES,Combined TRACON& Tower with Radar,72,87,54,4,217,0,0,57,0,57,72,87,111,4,274,47,0,47,321
10/04/2017,GSO,NC,ASO,ES,Combined TRACON& Tower with Radar,78,83,53,2,216,0,0,47,1,48,78,83,100,3,264,52,0,52,316
10/05/2017,GSO,NC,ASO,ES,Combined TRACON& Tower with Radar,72,89,62,26,249,0,1,45,0,46,72,90,107,26,295,104,0,104,399
10/06/2017,GSO,NC,ASO,ES,Combined TRACON& Tower with Radar,64,94,54,2,214,0,4,34,0,38,64,98,88,2,252,54,0,54,306
10/07/2017,GSO,NC,ASO,ES,Combined TRACON& Tower with Radar,32,62,23,4,121,0,1,0,0,1,32,63,23,4,122,0,0,0,122
10/08/2017,GSO,NC,ASO,ES,Combined TRACON& Tower with Radar,46,69,27,3,145,0,0,0,0,0,46,69,27,3,145,0,0,0,145
10/09/2017,GSO,NC,ASO,ES,Combined TRACON& Tower with Radar,52,77,47,2,178,0,0,7,0,7,52,77,54,2,185,0,0,0,185
10/10/2017,GSO,NC,ASO,ES,Combined TRACON& Tower with Radar,69,91,45,2,207,0,3,9,0,12,69,94,54,2,219,15,0,15,234
10/11/2017,GSO,NC,ASO,ES,Combined TRACON& Tower with Radar,66,113,74,18,271,0,2,15,0,17,66,115,89,18,288,26,0,26,314
10/12/2017,GSO,NC,ASO,ES,Combined TRACON& Tower with Radar,77,100,76,2,255,0,0,6,0,6,77,100,82,2,261,56,0,56,317
10/13/2017,GSO,NC,ASO,ES,Combined TRACON& Tower with Radar,71,97,58,18,244,0,0,0,0,0,71,97,58,18,244,0,0,0,244
10/14/2017,GSO,NC,ASO,ES,Combined TRACON& Tower with Radar,36,72,52,1,161,0,2,10,1,13,36,74,62,2,174,0,0,0,174
10/15/2017,GSO,NC,ASO,ES,Combined TRACON& Tower with Radar,48,94,85,0,227,0,0,19,1,20,48,94,104,1,247,50,0,50,297
10/16/2017,GSO,NC,ASO,ES,Combined TRACON& Tower with Radar,65,71,69,10,215,0,2,7,0,9,65,73,76,10,224,0,0,0,224
10/17/2017,GSO,NC,ASO,ES,Combined TRACON& Tower with Radar,79,104,100,6,289,0,7,68,2,77,79,111,168,8,366,39,0,39,405
10/18/2017,GSO,NC,ASO,ES,Combined TRACON& Tower with Radar,72,95,69,4,240,0,4,60,2,66,72,99,129,6,306,21,18,39,345
10/19/2017,GSO,NC,ASO,ES,Combined TRACON& Tower with Radar,67,92,60,4,223,0,4,57,2,63,67,96,117,6,286,64,18,82,368
10/20/2017,GSO,NC,ASO,ES,Combined TRACON& Tower with Radar,69,90,47,1,207,0,1,39,0,40,69,91,86,1,247,28,0,28,275
10/21/2017,GSO,NC,ASO,ES,Combined TRACON& Tower with Radar,36,61,36,0,133,0,0,49,0,49,36,61,85,0,182,12,0,12,194
10/22/2017,GSO,NC,ASO,ES,Combined TRACON& Tower with Radar,58,70,48,0,176,0,0,37,0,37,58,70,85,0,213,35,0,35,248
10/23/2017,GSO,NC,ASO,ES,Combined TRACON& Tower with Radar,57,77,40,2,176,0,0,1,0,1,57,77,41,2,177,0,0,0,177
10/24/2017,GSO,NC,ASO,ES,Combined TRACON& Tower with Radar,63,87,62,17,229,0,1,34,0,35,63,88,96,17,264,0,0,0,264
10/25/2017,GSO,NC,ASO,ES,Combined TRACON& Tower with Radar,60,96,56,0,212,0,1,40,2,43,60,97,96,2,255,69,0,69,324
10/26/2017,GSO,NC,ASO,ES,Combined TRACON& Tower with Radar,67,96,56,0,219,0,7,47,0,54,67,103,103,0,273,62,0,62,335
10/27/2017,GSO,NC,ASO,ES,Combined TRACON& Tower with Radar,68,88,46,16,218,0,2,53,0,55,68,90,99,16,273,54,0,54,327
10/28/2017,GSO,NC,ASO,ES,Combined TRACON& Tower with Radar,32,60,33,2,127,0,0,41,1,42,32,60,74,3,169,16,0,16,185
10/29/2017,GSO,NC,ASO,ES,Combined TRACON& Tower with Radar,41,57,22,0,120,0,0,2,0,2,41,57,24,0,122,4,0,4,126
10/30/2017,GSO,NC,ASO,ES,Combined TRACON& Tower with Radar,54,70,72,19,215,0,1,38,14,53,54,71,110,33,268,18,20,38,306
10/31/2017,GSO,NC,ASO,ES,Combined TRACON& Tower with Radar,65,87,33,0,185,0,3,50,0,53,65,90,83,0,238,16,0,16,254
11/01/2017,GSO,NC,ASO,ES,Combined TRACON& Tower with Radar,65,88,65,0,218,0,0,43,0,43,65,88,108,0,261,40,0,40,301
11/02/2017,GSO,NC,ASO,ES,Combined TRACON& Tower with Radar,61,106,48,0,215,0,2,46,3,51,61,108,94,3,266,76,0,76,342
11/03/2017,GSO,NC,ASO,ES,Combined TRACON& Tower with Radar,62,96,46,0,204,0,7,23,2,32,62,103,69,2,236,24,0,24,260
11/04/2017,GSO,NC,ASO,ES,Combined TRACON& Tower with Radar,38,68,21,0,127,0,0,0,0,0,38,68,21,0,127,0,0,0,127
11/05/2017,GSO,NC,ASO,ES,Combined TRACON& Tower with Radar,39,68,38,0,145,0,0,3,0,3,39,68,41,0,148,38,0,38,186
11/06/2017,GSO,NC,ASO,ES,Combined TRACON& Tower with Radar,50,84,39,9,182,0,0,9,0,9,50,84,48,9,191,30,0,30,221
11/07/2017,GSO,NC,ASO,ES,Combined TRACON& Tower with Radar,53,88,40,0,181,0,0,0,0,0,53,88,40,0,181,0,0,0,181
11/08/2017,GSO,NC,ASO,ES,Combined TRACON& Tower with Radar,61,102,35,4,202,0,0,0,0,0,61,102,35,4,202,0,0,0,202
11/09/2017,GSO,NC,ASO,ES,Combined TRACON& Tower with Radar,69,101,39,4,213,0,0,0,0,0,69,101,39,4,213,0,0,0,213
11/10/2017,GSO,NC,ASO,ES,Combined TRACON& Tower with Radar,66,88,51,0,205,0,5,47,0,52,66,93,98,0,257,55,0,55,312
11/11/2017,GSO,NC,ASO,ES,Combined TRACON& Tower with Radar,37,68,28,0,133,0,2,59,0,61,37,70,87,0,194,8,0,8,202
11/12/2017,GSO,NC,ASO,ES,Combined TRACON& Tower with Radar,49,74,37,2,162,0,0,14,0,14,49,74,51,2,176,8,0,8,184
11/13/2017,GSO,NC,ASO,ES,Combined TRACON& Tower with Radar,49,90,22,8,169,0,2,7,0,9,49,92,29,8,178,10,0,10,188
11/14/2017,GSO,NC,ASO,ES,Combined TRACON& Tower with Radar,64,97,43,2,206,0,2,9,0,11,64,99,52,2,217,20,0,20,237
11/15/2017,GSO,NC,ASO,ES,Combined TRACON& Tower with Radar,67,100,46,9,222,0,1,48,2,51,67,101,94,11,273,14,0,14,287
11/16/2017,GSO,NC,ASO,ES,Combined TRACON& Tower with Radar,67,99,48,0,214,0,2,42,5,49,67,101,90,5,263,5,0,5,268
11/17/2017,GSO,NC,ASO,ES,Combined TRACON& Tower with Radar,65,95,41,7,208,0,3,48,4,55,65,98,89,11,263,38,0,38,301
11/18/2017,GSO,NC,ASO,ES,Combined TRACON& Tower with Radar,33,66,26,7,132,0,2,27,1,30,33,68,53,8,162,0,10,10,172
11/19/2017,GSO,NC,ASO,ES,Combined TRACON& Tower with Radar,49,70,18,0,137,0,1,6,0,7,49,71,24,0,144,22,0,22,166
11/20/2017,GSO,NC,ASO,ES,Combined TRACON& Tower with Radar,57,86,39,10,192,0,2,42,0,44,57,88,81,10,236,37,0,37,273
11/21/2017,GSO,NC,ASO,ES,Combined TRACON& Tower with Radar,65,94,45,4,208,0,4,29,0,33,65,98,74,4,241,46,0,46,287
11/22/2017,GSO,NC,ASO,ES,Combined TRACON& Tower with Radar,63,107,53,6,229,0,2,41,0,43,63,109,94,6,272,22,13,35,307
11/23/2017,GSO,NC,ASO,ES,Combined TRACON& Tower with Radar,28,40,5,0,73,0,0,21,0,21,28,40,26,0,94,0,0,0,94
11/24/2017,GSO,NC,ASO,ES,Combined TRACON& Tower with Radar,43,50,28,0,121,0,0,49,0,49,43,50,77,0,170,2,0,2,172
11/25/2017,GSO,NC,ASO,ES,Combined TRACON& Tower with Radar,43,67,21,0,131,0,2,50,2,54,43,69,71,2,185,0,0,0,185
11/26/2017,GSO,NC,ASO,ES,Combined TRACON& Tower with Radar,56,74,46,0,176,0,3,41,0,44,56,77,87,0,220,12,0,12,232
11/27/2017,GSO,NC,ASO,ES,Combined TRACON& Tower with Radar,62,77,42,0,181,0,2,40,0,42,62,79,82,0,223,8,0,8,231
11/28/2017,GSO,NC,ASO,ES,Combined TRACON& Tower with Radar,67,98,48,0,213,0,1,45,0,46,67,99,93,0,259,0,0,0,259
11/29/2017,GSO,NC,ASO,ES,Combined TRACON& Tower with Radar,69,98,40,6,213,0,1,38,4,43,69,99,78,10,256,26,12,38,294
11/30/2017,GSO,NC,ASO,ES,Combined TRACON& Tower with Radar,72,98,38,7,215,0,2,45,2,49,72,100,83,9,264,56,0,56,320
12/01/2017,GSO,NC,ASO,ES,Combined TRACON& Tower with Radar,70,101,40,1,212,0,2,40,1,43,70,103,80,2,255,14,0,14,269
12/02/2017,GSO,NC,ASO,ES,Combined TRACON& Tower with Radar,37,63,22,0,122,0,0,12,0,12,37,63,34,0,134,28,0,28,162
12/03/2017,GSO,NC,ASO,ES,Combined TRACON& Tower with Radar,53,70,27,0,150,0,2,40,0,42,53,72,67,0,192,38,0,38,230
12/04/2017,GSO,NC,ASO,ES,Combined TRACON& Tower with Radar,59,69,36,9,173,0,0,33,0,33,59,69,69,9,206,6,4,10,216
12/05/2017,GSO,NC,ASO,ES,Combined TRACON& Tower with Radar,65,87,47,1,200,0,0,6,0,6,65,87,53,1,206,18,0,18,224
12/06/2017,GSO,NC,ASO,ES,Combined TRACON& Tower with Radar,71,87,48,0,206,0,0,29,0,29,71,87,77,0,235,30,0,30,265
12/07/2017,GSO,NC,ASO,ES,Combined TRACON& Tower with Radar,71,93,59,4,227,0,4,44,0,48,71,97,103,4,275,82,0,82,357
12/08/2017,GSO,NC,ASO,ES,Combined TRACON& Tower with Radar,47,70,21,0,138,0,0,0,0,0,47,70,21,0,138,0,0,0,138
12/09/2017,GSO,NC,ASO,ES,Combined TRACON& Tower with Radar,33,46,6,0,85,0,0,0,0,0,33,46,6,0,85,0,0,0,85
12/10/2017,GSO,NC,ASO,ES,Combined TRACON& Tower with Radar,57,65,30,1,153,0,0,28,0,28,57,65,58,1,181,0,0,0,181
12/11/2017,GSO,NC,ASO,ES,Combined TRACON& Tower with Radar,55,84,53,0,192,0,2,39,0,41,55,86,92,0,233,0,0,0,233
12/12/2017,GSO,NC,ASO,ES,Combined TRACON& Tower with Radar,69,88,42,8,207,0,1,17,0,18,69,89,59,8,225,0,0,0,225
12/13/2017,GSO,NC,ASO,ES,Combined TRACON& Tower with Radar,69,99,27,0,195,0,11,39,0,50,69,110,66,0,245,18,0,18,263
12/14/2017,GSO,NC,ASO,ES,Combined TRACON& Tower with Radar,70,104,49,2,225,0,6,46,0,52,70,110,95,2,277,32,0,32,309
12/15/2017,GSO,NC,ASO,ES,Combined TRACON& Tower with Radar,76,81,61,2,220,0,7,47,0,54,76,88,108,2,274,40,0,40,314
12/16/2017,GSO,NC,ASO,ES,Combined TRACON& Tower with Radar,45,59,25,2,131,0,0,57,0,57,45,59,82,2,188,32,0,32,220
12/17/2017,GSO,NC,ASO,ES,Combined TRACON& Tower with Radar,54,58,29,0,141,0,1,24,0,25,54,59,53,0,166,83,0,83,249
12/18/2017,GSO,NC,ASO,ES,Combined TRACON& Tower with Radar,61,66,53,13,193,0,24,41,1,66,61,90,94,14,259,25,0,25,284
12/19/2017,GSO,NC,ASO,ES,Combined TRACON& Tower with Radar,70,94,38,0,202,0,5,46,0,51,70,99,84,0,253,33,0,33,286
12/20/2017,GSO,NC,ASO,ES,Combined TRACON& Tower with Radar,67,75,47,0,189,0,1,5,0,6,67,76,52,0,195,0,0,0,195
12/21/2017,GSO,NC,ASO,ES,Combined TRACON& Tower with Radar,59,98,44,14,215,0,7,40,2,49,59,105,84,16,264,43,6,49,313
12/22/2017,GSO,NC,ASO,ES,Combined TRACON& Tower with Radar,60,79,50,4,193,0,3,40,0,43,60,82,90,4,236,9,0,9,245
12/23/2017,GSO,NC,ASO,ES,Combined TRACON& Tower with Radar,44,62,7,7,120,0,0,0,3,3,44,62,7,10,123,0,4,4,127
12/24/2017,GSO,NC,ASO,ES,Combined TRACON& Tower with Radar,38,34,7,0,79,0,0,3,0,3,38,34,10,0,82,0,0,0,82
12/25/2017,GSO,NC,ASO,ES,Combined TRACON& Tower with Radar,28,34,5,0,67,0,0,2,0,2,28,34,7,0,69,0,0,0,69
12/26/2017,GSO,NC,ASO,ES,Combined TRACON& Tower with Radar,49,61,53,0,163,0,1,52,0,53,49,62,105,0,216,4,0,4,220
12/27/2017,GSO,NC,ASO,ES,Combined TRACON& Tower with Radar,53,80,34,8,175,0,0,47,3,50,53,80,81,11,225,35,16,51,276
12/28/2017,GSO,NC,ASO,ES,Combined TRACON& Tower with Radar,48,70,32,0,150,0,0,35,2,37,48,70,67,2,187,22,0,22,209
12/29/2017,GSO,NC,ASO,ES,Combined TRACON& Tower with Radar,56,73,17,5,151,0,2,23,0,25,56,75,40,5,176,24,0,24,200
12/30/2017,GSO,NC,ASO,ES,Combined TRACON& Tower with Radar,36,59,24,0,119,0,0,33,0,33,36,59,57,0,152,0,0,0,152
12/31/2017,GSO,NC,ASO,ES,Combined TRACON& Tower with Radar,38,34,12,0,84,0,2,11,0,13,38,36,23,0,97,22,0,22,119
01/01/2018,GSO,NC,ASO,ES,Combined TRACON& Tower with Radar,31,41,9,0,81,0,0,18,0,18,31,41,27,0,99,6,0,6,105
01/02/2018,GSO,NC,ASO,ES,Combined TRACON& Tower with Radar,48,77,35,0,160,0,3,41,2,46,48,80,76,2,206,20,0,20,226
01/03/2018,GSO,NC,ASO,ES,Combined TRACON& Tower with Radar,55,67,28,6,156,0,2,21,1,24,55,69,49,7,180,1,7,8,188
01/04/2018,GSO,NC,ASO,ES,Combined TRACON& Tower with Radar,64,51,12,0,127,0,1,3,0,4,64,52,15,0,131,0,0,0,131
01/05/2018,GSO,NC,ASO,ES,Combined TRACON& Tower with Radar,56,70,33,0,159,0,0,35,4,39,56,70,68,4,198,0,0,0,198
01/06/2018,GSO,NC,ASO,ES,Combined TRACON& Tower with Radar,41,53,18,0,112,0,0,31,0,31,41,53,49,0,143,0,0,0,143
01/07/2018,GSO,NC,ASO,ES,Combined TRACON& Tower with Radar,50,45,20,0,115,0,1,22,0,23,50,46,42,0,138,4,0,4,142
01/08/2018,GSO,NC,ASO,ES,Combined TRACON& Tower with Radar,53,59,33,0,145,0,0,8,0,8,53,59,41,0,153,4,0,4,157
01/09/2018,GSO,NC,ASO,ES,Combined TRACON& Tower with Radar,63,77,37,15,192,0,2,57,0,59,63,79,94,15,251,31,0,31,282
01/10/2018,GSO,NC,ASO,ES,Combined TRACON& Tower with Radar,62,87,39,11,199,0,1,38,0,39,62,88,77,11,238,0,13,13,251
01/11/2018,GSO,NC,ASO,ES,Combined TRACON& Tower with Radar,64,69,34,0,167,0,0,0,0,0,64,69,34,0,167,0,0,0,167
01/12/2018,GSO,NC,ASO,ES,Combined TRACON& Tower with Radar,48,88,29,4,169,0,0,0,0,0,48,88,29,4,169,0,0,0,169
01/13/2018,GSO,NC,ASO,ES,Combined TRACON& Tower with Radar,37,48,25,0,110,0,0,14,0,14,37,48,39,0,124,20,0,20,144
01/14/2018,GSO,NC,ASO,ES,Combined TRACON& Tower with Radar,45,58,15,1,119,0,0,40,1,41,45,58,55,2,160,12,0,12,172
01/15/2018,GSO,NC,ASO,ES,Combined TRACON& Tower with Radar,61,59,58,0,178,0,1,56,0,57,61,60,114,0,235,42,0,42,277
01/16/2018,GSO,NC,ASO,ES,Combined TRACON& Tower with Radar,68,80,33,12,193,0,3,49,0,52,68,83,82,12,245,34,0,34,279
01/17/2018,GSO,NC,ASO,ES,Combined TRACON& Tower with Radar,36,56,9,0,101,0,0,0,0,0,36,56,9,0,101,0,0,0,101
01/18/2018,GSO,NC,ASO,ES,Combined TRACON& Tower with Radar,57,70,40,1,168,0,2,4,0,6,57,72,44,1,174,0,0,0,174
01/19/2018,GSO,NC,ASO,ES,Combined TRACON& Tower with Radar,64,84,26,0,174,0,3,38,0,41,64,87,64,0,215,24,0,24,239
01/20/2018,GSO,NC,ASO,ES,Combined TRACON& Tower with Radar,36,46,22,1,105,0,0,58,0,58,36,46,80,1,163,14,0,14,177
01/21/2018,GSO,NC,ASO,ES,Combined TRACON& Tower with Radar,48,52,22,0,122,0,2,52,0,54,48,54,74,0,176,38,0,38,214
01/22/2018,GSO,NC,ASO,ES,Combined TRACON& Tower with Radar,58,64,34,0,156,0,3,33,0,36,58,67,67,0,192,27,0,27,219
01/23/2018,GSO,NC,ASO,ES,Combined TRACON& Tower with Radar,56,75,37,4,172,0,0,10,0,10,56,75,47,4,182,6,0,6,188
01/24/2018,GSO,NC,ASO,ES,Combined TRACON& Tower with Radar,61,78,41,5,185,0,3,38,1,42,61,81,79,6,227,41,0,41,268
01/25/2018,GSO,NC,ASO,ES,Combined TRACON& Tower with Radar,62,81,44,4,191,0,0,52,0,52,62,81,96,4,243,16,0,16,259
01/26/2018,GSO,NC,ASO,ES,Combined TRACON& Tower with Radar,62,85,37,3,187,0,2,55,2,59,62,87,92,5,246,18,20,38,284
01/27/2018,GSO,NC,ASO,ES,Combined TRACON& Tower with Radar,36,39,18,0,93,0,4,20,0,24,36,43,38,0,117,30,0,30,147
01/28/2018,GSO,NC,ASO,ES,Combined TRACON& Tower with Radar,49,51,17,0,117,0,0,0,0,0,49,51,17,0,117,0,0,0,117
01/29/2018,GSO,NC,ASO,ES,Combined TRACON& Tower with Radar,55,64,40,1,160,0,0,7,1,8,55,64,47,2,168,28,0,28,196
01/30/2018,GSO,NC,ASO,ES,Combined TRACON& Tower with Radar,57,90,35,0,182,0,2,19,0,21,57,92,54,0,203,0,0,0,203
01/31/2018,GSO,NC,ASO,ES,Combined TRACON& Tower with Radar,66,95,54,0,215,0,10,48,0,58,66,105,102,0,273,58,0,58,331
02/01/2018,GSO,NC,ASO,ES,Combined TRACON& Tower with Radar,64,74,43,2,183,0,0,35,2,37,64,74,78,4,220,6,1,7,227
02/02/2018,GSO,NC,ASO,ES,Combined TRACON& Tower with Radar,55,78,31,4,168,0,3,15,0,18,55,81,46,4,186,2,0,2,188
02/03/2018,GSO,NC,ASO,ES,Combined TRACON& Tower with Radar,76,46,21,0,143,0,4,50,0,54,76,50,71,0,197,0,0,0,197
02/04/2018,GSO,NC,ASO,ES,Combined TRACON& Tower with Radar,37,34,20,0,91,0,0,0,0,0,37,34,20,0,91,0,0,0,91
02/05/2018,GSO,NC,ASO,ES,Combined TRACON& Tower with Radar,58,75,39,12,184,0,2,40,1,43,58,77,79,13,227,18,0,18,245
02/06/2018,GSO,NC,ASO,ES,Combined TRACON& Tower with Radar,60,79,47,9,195,0,0,50,1,51,60,79,97,10,246,14,4,18,264
02/07/2018,GSO,NC,ASO,ES,Combined TRACON& Tower with Radar,60,70,25,0,155,0,0,1,0,1,60,70,26,0,156,0,0,0,156
02/08/2018,GSO,NC,ASO,ES,Combined TRACON& Tower with Radar,62,73,46,16,197,0,3,52,4,59,62,76,98,20,256,42,6,48,304
02/09/2018,GSO,NC,ASO,ES,Combined TRACON& Tower with Radar,59,72,31,7,169,0,5,56,2,63,59,77,87,9,232,90,6,96,328
02/10/2018,GSO,NC,ASO,ES,Combined TRACON& Tower with Radar,34,41,5,0,80,0,0,0,0,0,34,41,5,0,80,0,0,0,80
02/11/2018,GSO,NC,ASO,ES,Combined TRACON& Tower with Radar,48,59,16,0,123,0,0,1,0,1,48,59,17,0,124,0,0,0,124
02/12/2018,GSO,NC,ASO,ES,Combined TRACON& Tower with Radar,53,70,35,0,158,0,0,0,0,0,53,70,35,0,158,29,0,29,187
02/13/2018,GSO,NC,ASO,ES,Combined TRACON& Tower with Radar,60,88,56,18,222,0,0,14,0,14,60,88,70,18,236,43,13,56,292
02/14/2018,GSO,NC,ASO,ES,Combined TRACON& Tower with Radar,59,79,31,12,181,0,4,26,2,32,59,83,57,14,213,27,16,43,256
02/15/2018,GSO,NC,ASO,ES,Combined TRACON& Tower with Radar,62,89,42,4,197,0,2,18,0,20,62,91,60,4,217,23,0,23,240
02/16/2018,GSO,NC,ASO,ES,Combined TRACON& Tower with Radar,59,91,57,4,211,0,0,19,0,19,59,91,76,4,230,12,0,12,242
02/17/2018,GSO,NC,ASO,ES,Combined TRACON& Tower with Radar,34,43,24,0,101,0,2,0,0,2,34,45,24,0,103,22,0,22,125
02/18/2018,GSO,NC,ASO,ES,Combined TRACON& Tower with Radar,48,58,29,0,135,0,0,49,0,49,48,58,78,0,184,97,0,97,281
02/19/2018,GSO,NC,ASO,ES,Combined TRACON& Tower with Radar,52,63,48,0,163,0,0,0,0,0,52,63,48,0,163,0,0,0,163
02/20/2018,GSO,NC,ASO,ES,Combined TRACON& Tower with Radar,55,80,38,0,173,0,0,4,0,4,55,80,42,0,177,20,0,20,197
02/21/2018,GSO,NC,ASO,ES,Combined TRACON& Tower with Radar,60,98,58,0,216,0,0,13,0,13,60,98,71,0,229,28,0,28,257
02/22/2018,GSO,NC,ASO,ES,Combined TRACON& Tower with Radar,66,77,64,28,235,0,0,13,0,13,66,77,77,28,248,10,0,10,258
02/23/2018,GSO,NC,ASO,ES,Combined TRACON& Tower with Radar,58,90,50,4,202,0,0,13,0,13,58,90,63,4,215,14,0,14,229
02/24/2018,GSO,NC,ASO,ES,Combined TRACON& Tower with Radar,37,59,38,0,134,0,0,34,0,34,37,59,72,0,168,52,0,52,220
02/25/2018,GSO,NC,ASO,ES,Combined TRACON& Tower with Radar,43,64,15,0,122,0,0,8,0,8,43,64,23,0,130,44,0,44,174
02/26/2018,GSO,NC,ASO,ES,Combined TRACON& Tower with Radar,72,74,43,2,191,0,0,15,2,17,72,74,58,4,208,0,0,0,208
02/27/2018,GSO,NC,ASO,ES,Combined TRACON& Tower with Radar,61,92,49,0,202,0,2,71,0,73,61,94,120,0,275,91,0,91,366
02/28/2018,GSO,NC,ASO,ES,Combined TRACON& Tower with Radar,65,88,35,9,197,0,1,10,17,28,65,89,45,26,225,0,0,0,225
03/01/2018,GSO,NC,ASO,ES,Combined TRACON& Tower with Radar,61,90,36,0,187,0,0,0,0,0,61,90,36,0,187,0,0,0,187
03/02/2018,GSO,NC,ASO,ES,Combined TRACON& Tower with Radar,61,69,26,4,160,0,1,8,0,9,61,70,34,4,169,2,0,2,171
03/03/2018,GSO,NC,ASO,ES,Combined TRACON& Tower with Radar,47,61,20,0,128,0,2,14,2,18,47,63,34,2,146,0,0,0,146
03/04/2018,GSO,NC,ASO,ES,Combined TRACON& Tower with Radar,42,53,26,0,121,0,2,38,0,40,42,55,64,0,161,49,0,49,210
03/05/2018,GSO,NC,ASO,ES,Combined TRACON& Tower with Radar,54,76,38,0,168,0,2,68,0,70,54,78,106,0,238,0,0,0,238
03/06/2018,GSO,NC,ASO,ES,Combined TRACON& Tower with Radar,58,82,36,4,180,0,0,5,0,5,58,82,41,4,185,0,0,0,185
03/07/2018,GSO,NC,ASO,ES,Combined TRACON& Tower with Radar,50,80,42,2,174,0,4,14,4,22,50,84,56,6,196,4,2,6,202
03/08/2018,GSO,NC,ASO,ES,Combined TRACON& Tower with Radar,62,95,39,4,200,0,2,33,4,39,62,97,72,8,239,18,11,29,268
03/09/2018,GSO,NC,ASO,ES,Combined TRACON& Tower with Radar,59,83,47,2,191,0,0,46,0,46,59,83,93,2,237,41,0,41,278
03/10/2018,GSO,NC,ASO,ES,Combined TRACON& Tower with Radar,37,59,27,0,123,0,0,30,0,30,37,59,57,0,153,80,0,80,233
03/11/2018,GSO,NC,ASO,ES,Combined TRACON& Tower with Radar,49,67,31,0,147,0,0,2,0,2,49,67,33,0,149,0,0,0,149
03/12/2018,GSO,NC,ASO,ES,Combined TRACON& Tower with Radar,53,74,18,0,145,0,0,2,0,2,53,74,20,0,147,0,0,0,147
03/13/2018,GSO,NC,ASO,ES,Combined TRACON& Tower with Radar,55,97,38,4,194,0,1,34,0,35,55,98,72,4,229,2,0,2,231
03/14/2018,GSO,NC,ASO,ES,Combined TRACON& Tower with Radar,57,87,45,6,195,0,1,16,5,22,57,88,61,11,217,0,26,26,243
03/15/2018,GSO,NC,ASO,ES,Combined TRACON& Tower with Radar,59,89,47,0,195,0,0,27,0,27,59,89,74,0,222,0,0,0,222
03/16/2018,GSO,NC,ASO,ES,Combined TRACON& Tower with Radar,59,89,46,3,197,0,0,39,5,44,59,89,85,8,241,26,0,26,267
03/17/2018,GSO,NC,ASO,ES,Combined TRACON& Tower with Radar,38,56,12,0,106,0,0,38,0,38,38,56,50,0,144,49,0,49,193
03/18/2018,GSO,NC,ASO,ES,Combined TRACON& Tower with Radar,43,71,44,0,158,0,1,49,0,50,43,72,93,0,208,32,0,32,240
03/19/2018,GSO,NC,ASO,ES,Combined TRACON& Tower with Radar,53,80,34,1,168,0,2,19,0,21,53,82,53,1,189,20,0,20,209
03/20/2018,GSO,NC,ASO,ES,Combined TRACON& Tower with Radar,64,86,20,1,171,0,0,0,0,0,64,86,20,1,171,0,0,0,171
03/21/2018,GSO,NC,ASO,ES,Combined TRACON& Tower with Radar,56,68,17,1,142,0,1,0,4,5,56,69,17,5,147,0,0,0,147
03/22/2018,GSO,NC,ASO,ES,Combined TRACON& Tower with Radar,61,93,46,1,201,0,5,35,1,41,61,98,81,2,242,0,0,0,242
03/23/2018,GSO,NC,ASO,ES,Combined TRACON& Tower with Radar,60,75,50,12,197,0,2,55,0,57,60,77,105,12,254,16,0,16,270
03/24/2018,GSO,NC,ASO,ES,Combined TRACON& Tower with Radar,38,55,26,1,120,0,0,11,0,11,38,55,37,1,131,0,0,0,131
03/25/2018,GSO,NC,ASO,ES,Combined TRACON& Tower with Radar,47,65,14,0,126,0,1,17,0,18,47,66,31,0,144,10,0,10,154
03/26/2018,GSO,NC,ASO,ES,Combined TRACON& Tower with Radar,57,74,36,2,169,0,1,46,1,48,57,75,82,3,217,57,0,57,274
03/27/2018,GSO,NC,ASO,ES,Combined TRACON& Tower with Radar,57,83,46,8,194,0,1,11,2,14,57,84,57,10,208,18,8,26,234
03/28/2018,GSO,NC,ASO,ES,Combined TRACON& Tower with Radar,62,84,72,0,218,0,0,21,0,21,62,84,93,0,239,0,0,0,239
03/29/2018,GSO,NC,ASO,ES,Combined TRACON& Tower with Radar,61,97,48,25,231,0,5,36,3,44,61,102,84,28,275,43,0,43,318
03/30/2018,GSO,NC,ASO,ES,Combined TRACON& Tower with Radar,57,85,32,3,177,0,0,11,1,12,57,85,43,4,189,0,0,0,189
03/31/2018,GSO,NC,ASO,ES,Combined TRACON& Tower with Radar,37,54,29,0,120,0,0,92,2,94,37,54,121,2,214,99,0,99,313
04/01/2018,GSO,NC,ASO,ES,Combined TRACON& Tower with Radar,42,52,36,0,130,0,0,28,0,28,42,52,64,0,158,0,0,0,158
04/02/2018,GSO,NC,ASO,ES,Combined TRACON& Tower with Radar,49,90,44,2,185,0,2,46,0,48,49,92,90,2,233,38,0,38,271
04/03/2018,GSO,NC,ASO,ES,Combined TRACON& Tower with Radar,62,83,44,4,193,0,2,19,1,22,62,85,63,5,215,44,0,44,259
04/04/2018,GSO,NC,ASO,ES,Combined TRACON& Tower with Radar,60,82,28,15,185,0,0,11,1,12,60,82,39,16,197,0,0,0,197
04/05/2018,GSO,NC,ASO,ES,Combined TRACON& Tower with Radar,66,83,42,4,195,0,4,65,2,71,66,87,107,6,266,40,0,40,306
04/06/2018,GSO,NC,ASO,ES,Combined TRACON& Tower with Radar,65,89,36,5,195,0,1,24,3,28,65,90,60,8,223,12,2,14,237
04/07/2018,GSO,NC,ASO,ES,Combined TRACON& Tower with Radar,39,56,19,1,115,0,0,0,0,0,39,56,19,1,115,0,0,0,115
04/08/2018,GSO,NC,ASO,ES,Combined TRACON& Tower with Radar,53,54,38,0,145,0,1,63,2,66,53,55,101,2,211,43,0,43,254
04/09/2018,GSO,NC,ASO,ES,Combined TRACON& Tower with Radar,60,83,56,6,205,0,0,24,1,25,60,83,80,7,230,16,0,16,246
04/10/2018,GSO,NC,ASO,ES,Combined TRACON& Tower with Radar,63,81,41,20,205,0,2,43,1,46,63,83,84,21,251,5,6,11,262
04/11/2018,GSO,NC,ASO,ES,Combined TRACON& Tower with Radar,64,91,46,14,215,0,1,46,0,47,64,92,92,14,262,20,0,20,282
04/12/2018,GSO,NC,ASO,ES,Combined TRACON& Tower with Radar,71,80,90,3,244,0,6,28,7,41,71,86,118,10,285,0,20,20,305
04/13/2018,GSO,NC,ASO,ES,Combined TRACON& Tower with Radar,63,98,71,1,233,0,2,34,1,37,63,100,105,2,270,15,1,16,286
04/14/2018,GSO,NC,ASO,ES,Combined TRACON& Tower with Radar,40,71,64,0,175,0,1,12,0,13,40,72,76,0,188,8,0,8,196
04/15/2018,GSO,NC,ASO,ES,Combined TRACON& Tower with Radar,54,74,48,0,176,0,0,1,0,1,54,74,49,0,177,0,0,0,177
04/16/2018,GSO,NC,ASO,ES,Combined TRACON& Tower with Radar,64,73,78,4,219,0,0,18,0,18,64,73,96,4,237,27,0,27,264
04/17/2018,GSO,NC,ASO,ES,Combined TRACON& Tower with Radar,66,90,77,4,237,0,3,31,5,39,66,93,108,9,276,8,6,14,290
04/18/2018,GSO,NC,ASO,ES,Combined TRACON& Tower with Radar,66,104,59,0,229,0,1,44,0,45,66,105,103,0,274,28,0,28,302
04/19/2018,GSO,NC,ASO,ES,Combined TRACON& Tower with Radar,71,98,42,1,212,0,2,20,0,22,71,100,62,1,234,0,0,0,234
04/20/2018,GSO,NC,ASO,ES,Combined TRACON& Tower with Radar,59,91,41,3,194,0,0,54,1,55,59,91,95,4,249,8,0,8,257
04/21/2018,GSO,NC,ASO,ES,Combined TRACON& Tower with Radar,38,54,21,2,115,0,0,70,0,70,38,54,91,2,185,0,0,0,185
04/22/2018,GSO,NC,ASO,ES,Combined TRACON& Tower with Radar,56,69,31,0,156,0,0,37,0,37,56,69,68,0,193,0,0,0,193
04/23/2018,GSO,NC,ASO,ES,Combined TRACON& Tower with Radar,57,67,34,2,160,0,0,1,0,1,57,67,35,2,161,0,0,0,161
04/24/2018,GSO,NC,ASO,ES,Combined TRACON& Tower with Radar,67,89,60,0,216,0,0,0,0,0,67,89,60,0,216,0,0,0,216
04/25/2018,GSO,NC,ASO,ES,Combined TRACON& Tower with Radar,65,76,72,6,219,0,0,10,0,10,65,76,82,6,229,34,0,34,263
04/26/2018,GSO,NC,ASO,ES,Combined TRACON& Tower with Radar,76,85,59,9,229,0,2,65,0,67,76,87,124,9,296,31,0,31,327
04/27/2018,GSO,NC,ASO,ES,Combined TRACON& Tower with Radar,63,81,45,3,192,0,0,26,0,26,63,81,71,3,218,26,0,26,244
04/28/2018,GSO,NC,ASO,ES,Combined TRACON& Tower with Radar,37,62,41,1,141,0,1,50,0,51,37,63,91,1,192,19,0,19,211
04/29/2018,GSO,NC,ASO,ES,Combined TRACON& Tower with Radar,55,65,31,0,151,0,1,27,0,28,55,66,58,0,179,24,0,24,203
04/30/2018,GSO,NC,ASO,ES,Combined TRACON& Tower with Radar,61,79,44,0,184,0,3,68,4,75,61,82,112,4,259,10,0,10,269
05/01/2018,GSO,NC,ASO,ES,Combined TRACON& Tower with Radar,62,87,50,7,206,0,3,63,2,68,62,90,113,9,274,9,0,9,283
05/02/2018,GSO,NC,ASO,ES,Combined TRACON& Tower with Radar,64,89,54,12,219,0,6,49,6,61,64,95,103,18,280,0,0,0,280
05/03/2018,GSO,NC,ASO,ES,Combined TRACON& Tower with Radar,66,92,57,1,216,0,3,35,8,46,66,95,92,9,262,59,0,59,321
05/04/2018,GSO,NC,ASO,ES,Combined TRACON& Tower with Radar,67,103,42,5,217,0,2,50,1,53,67,105,92,6,270,48,0,48,318
05/05/2018,GSO,NC,ASO,ES,Combined TRACON& Tower with Radar,37,69,28,2,136,0,0,32,0,32,37,69,60,2,168,30,0,30,198
05/06/2018,GSO,NC,ASO,ES,Combined TRACON& Tower with Radar,42,70,46,2,160,0,0,15,0,15,42,70,61,2,175,10,0,10,185
05/07/2018,GSO,NC,ASO,ES,Combined TRACON& Tower with Radar,54,83,34,2,173,0,1,34,4,39,54,84,68,6,212,0,0,0,212
05/08/2018,GSO,NC,ASO,ES,Combined TRACON& Tower with Radar,60,86,48,0,194,0,0,59,1,60,60,86,107,1,254,17,0,17,271
05/09/2018,GSO,NC,ASO,ES,Combined TRACON& Tower with Radar,61,83,46,0,190,0,0,50,0,50,61,83,96,0,240,26,0,26,266
05/10/2018,GSO,NC,ASO,ES,Combined TRACON& Tower with Radar,66,89,46,2,203,0,2,23,0,25,66,91,69,2,228,25,6,31,259
05/11/2018,GSO,NC,ASO,ES,Combined TRACON& Tower with Radar,61,86,45,5,197,0,2,34,0,36,61,88,79,5,233,10,0,10,243
05/12/2018,GSO,NC,ASO,ES,Combined TRACON& Tower with Radar,33,46,13,0,92,0,1,48,1,50,33,47,61,1,142,77,0,77,219
05/13/2018,GSO,NC,ASO,ES,Combined TRACON& Tower with Radar,52,62,25,1,140,0,0,34,0,34,52,62,59,1,174,16,0,16,190
05/14/2018,GSO,NC,ASO,ES,Combined TRACON& Tower with Radar,62,83,55,7,207,0,0,56,1,57,62,83,111,8,264,8,0,8,272
05/15/2018,GSO,NC,ASO,ES,Combined TRACON& Tower with Radar,66,81,56,8,211,0,2,41,2,45,66,83,97,10,256,18,12,30,286
05/16/2018,GSO,NC,ASO,ES,Combined TRACON& Tower with Radar,59,93,57,0,209,0,0,3,0,3,59,93,60,0,212,0,0,0,212
05/17/2018,GSO,NC,ASO,ES,Combined TRACON& Tower with Radar,66,102,58,0,226,0,0,0,0,0,66,102,58,0,226,0,0,0,226
05/18/2018,GSO,NC,ASO,ES,Combined TRACON& Tower with Radar,64,92,31,2,189,0,0,0,0,0,64,92,31,2,189,0,0,0,189
05/19/2018,GSO,NC,ASO,ES,Combined TRACON& Tower with Radar,32,63,25,1,121,0,0,3,0,3,32,63,28,1,124,26,0,26,150
05/20/2018,GSO,NC,ASO,ES,Combined TRACON& Tower with Radar,60,72,25,2,159,0,0,6,0,6,60,72,31,2,165,17,0,17,182
05/21/2018,GSO,NC,ASO,ES,Combined TRACON& Tower with Radar,57,80,44,1,182,0,4,27,0,31,57,84,71,1,213,0,0,0,213
05/22/2018,GSO,NC,ASO,ES,Combined TRACON& Tower with Radar,64,79,56,40,239,0,2,34,1,37,64,81,90,41,276,4,0,4,280
05/23/2018,GSO,NC,ASO,ES,Combined TRACON& Tower with Radar,59,89,53,0,201,0,0,35,0,35,59,89,88,0,236,12,0,12,248
05/24/2018,GSO,NC,ASO,ES,Combined TRACON& Tower with Radar,64,85,49,3,201,0,2,35,1,38,64,87,84,4,239,0,8,8,247
05/25/2018,GSO,NC,ASO,ES,Combined TRACON& Tower with Radar,58,84,39,0,181,0,1,15,0,16,58,85,54,0,197,10,0,10,207
05/26/2018,GSO,NC,ASO,ES,Combined TRACON& Tower with Radar,34,45,18,0,97,0,0,0,0,0,34,45,18,0,97,0,0,0,97
05/27/2018,GSO,NC,ASO,ES,Combined TRACON& Tower with Radar,33,50,22,0,105,0,0,10,0,10,33,50,32,0,115,0,0,0,115
05/28/2018,GSO,NC,ASO,ES,Combined TRACON& Tower with Radar,43,56,23,0,122,0,2,0,0,2,43,58,23,0,124,24,0,24,148
05/29/2018,GSO,NC,ASO,ES,Combined TRACON& Tower with Radar,58,83,34,7,182,0,0,4,0,4,58,83,38,7,186,16,16,32,218
05/30/2018,GSO,NC,ASO,ES,Combined TRACON& Tower with Radar,61,97,41,3,202,0,0,16,1,17,61,97,57,4,219,28,0,28,247
05/31/2018,GSO,NC,ASO,ES,Combined TRACON& Tower with Radar,69,98,40,12,219,0,0,13,0,13,69,98,53,12,232,16,0,16,248
06/01/2018,GSO,NC,ASO,ES,Combined TRACON& Tower with Radar,59,94,42,10,205,0,8,43,0,51,59,102,85,10,256,26,12,38,294
06/02/2018,GSO,NC,ASO,ES,Combined TRACON& Tower with Radar,36,47,18,0,101,0,0,37,0,37,36,47,55,0,138,2,0,2,140
06/03/2018,GSO,NC,ASO,ES,Combined TRACON& Tower with Radar,47,65,29,0,141,0,0,36,0,36,47,65,65,0,177,0,0,0,177
06/04/2018,GSO,NC,ASO,ES,Combined TRACON& Tower with Radar,54,66,57,2,179,0,2,70,4,76,54,68,127,6,255,35,0,35,290
06/05/2018,GSO,NC,ASO,ES,Combined TRACON& Tower with Radar,60,83,38,4,185,0,0,62,2,64,60,83,100,6,249,21,0,21,270
06/06/2018,GSO,NC,ASO,ES,Combined TRACON& Tower with Radar,65,84,35,2,186,0,0,50,3,53,65,84,85,5,239,16,0,16,255
06/07/2018,GSO,NC,ASO,ES,Combined TRACON& Tower with Radar,74,81,54,0,209,0,1,43,0,44,74,82,97,0,253,35,0,35,288
06/08/2018,GSO,NC,ASO,ES,Combined TRACON& Tower with Radar,66,90,54,0,210,0,2,49,0,51,66,92,103,0,261,22,0,22,283
06/09/2018,GSO,NC,ASO,ES,Combined TRACON& Tower with Radar,41,45,21,0,107,0,0,57,1,58,41,45,78,1,165,28,0,28,193
06/10/2018,GSO,NC,ASO,ES,Combined TRACON& Tower with Radar,48,55,29,1,133,0,0,33,1,34,48,55,62,2,167,24,0,24,191
06/11/2018,GSO,NC,ASO,ES,Combined TRACON& Tower with Radar,55,78,57,3,193,0,1,29,3,33,55,79,86,6,226,0,0,0,226
06/12/2018,GSO,NC,ASO,ES,Combined TRACON& Tower with Radar,71,87,42,0,200,0,0,0,0,0,71,87,42,0,200,26,0,26,226
06/13/2018,GSO,NC,ASO,ES,Combined TRACON& Tower with Radar,64,91,65,4,224,0,1,36,0,37,64,92,101,4,261,58,0,58,319
06/14/2018,GSO,NC,ASO,ES,Combined TRACON& Tower with Radar,61,75,45,0,181,0,3,56,0,59,61,78,101,0,240,31,0,31,271
06/15/2018,GSO,NC,ASO,ES,Combined TRACON& Tower with Radar,55,76,57,2,190,0,5,61,0,66,55,81,118,2,256,24,0,24,280
06/16/2018,GSO,NC,ASO,ES,Combined TRACON& Tower with Radar,40,57,24,0,121,0,0,16,1,17,40,57,40,1,138,24,0,24,162
06/17/2018,GSO,NC,ASO,ES,Combined TRACON& Tower with Radar,47,56,36,0,139,0,2,25,0,27,47,58,61,0,166,8,0,8,174
06/18/2018,GSO,NC,ASO,ES,Combined TRACON& Tower with Radar,49,55,58,6,168,0,17,40,0,57,49,72,98,6,225,0,0,0,225
06/19/2018,GSO,NC,ASO,ES,Combined TRACON& Tower with Radar,59,73,38,8,178,22,22,41,1,86,81,95,79,9,264,78,0,78,342
06/20/2018,GSO,NC,ASO,ES,Combined TRACON& Tower with Radar,59,95,51,4,209,0,0,44,0,44,59,95,95,4,253,32,0,32,285
06/21/2018,GSO,NC,ASO,ES,Combined TRACON& Tower with Radar,71,79,64,0,214,0,0,67,0,67,71,79,131,0,281,10,0,10,291
06/22/2018,GSO,NC,ASO,ES,Combined TRACON& Tower with Radar,57,97,50,9,213,0,0,22,3,25,57,97,72,12,238,14,0,14,252
06/23/2018,GSO,NC,ASO,ES,Combined TRACON& Tower with Radar,44,50,35,0,129,0,1,32,0,33,44,51,67,0,162,23,0,23,185
06/24/2018,GSO,NC,ASO,ES,Combined TRACON& Tower with Radar,50,69,31,1,151,0,0,38,0,38,50,69,69,1,189,40,0,40,229
06/25/2018,GSO,NC,ASO,ES,Combined TRACON& Tower with Radar,61,81,33,1,176,0,0,46,2,48,61,81,79,3,224,0,0,0,224
06/26/2018,GSO,NC,ASO,ES,Combined TRACON& Tower with Radar,70,82,39,2,193,0,0,3,0,3,70,82,42,2,196,0,0,0,196
06/27/2018,GSO,NC,ASO,ES,Combined TRACON& Tower with Radar,64,84,46,0,194,0,0,14,0,14,64,84,60,0,208,10,0,10,218
06/28/2018,GSO,NC,ASO,ES,Combined TRACON& Tower with Radar,60,87,59,4,210,0,6,53,2,61,60,93,112,6,271,30,0,30,301
06/29/2018,GSO,NC,ASO,ES,Combined TRACON& Tower with Radar,67,94,33,5,199,0,3,40,1,44,67,97,73,6,243,51,0,51,294
06/30/2018,GSO,NC,ASO,ES,Combined TRACON& Tower with Radar,44,51,18,1,114,0,0,45,0,45,44,51,63,1,159,10,0,10,169
07/01/2018,GSO,NC,ASO,ES,Combined TRACON& Tower with Radar,49,56,23,2,130,0,3,46,0,49,49,59,69,2,179,26,0,26,205
07/02/2018,GSO,NC,ASO,ES,Combined TRACON& Tower with Radar,50,51,50,2,153,0,0,59,0,59,50,51,109,2,212,15,0,15,227
07/03/2018,GSO,NC,ASO,ES,Combined TRACON& Tower with Radar,52,64,33,5,154,0,2,49,0,51,52,66,82,5,205,4,0,4,209
07/04/2018,GSO,NC,ASO,ES,Combined TRACON& Tower with Radar,41,48,17,0,106,0,0,38,0,38,41,48,55,0,144,18,0,18,162
07/05/2018,GSO,NC,ASO,ES,Combined TRACON& Tower with Radar,53,71,38,1,163,0,0,20,0,20,53,71,58,1,183,2,0,2,185
07/06/2018,GSO,NC,ASO,ES,Combined TRACON& Tower with Radar,58,69,23,7,157,0,1,39,1,41,58,70,62,8,198,0,0,0,198
07/07/2018,GSO,NC,ASO,ES,Combined TRACON& Tower with Radar,32,60,23,0,115,0,0,14,0,14,32,60,37,0,129,12,0,12,141
07/08/2018,GSO,NC,ASO,ES,Combined TRACON& Tower with Radar,43,75,31,0,149,0,0,31,0,31,43,75,62,0,180,15,0,15,195
07/09/2018,GSO,NC,ASO,ES,Combined TRACON& Tower with Radar,52,73,31,6,162,0,0,54,4,58,52,73,85,10,220,0,0,0,220
07/10/2018,GSO,NC,ASO,ES,Combined TRACON& Tower with Radar,60,90,46,1,197,0,0,47,4,51,60,90,93,5,248,10,0,10,258
07/11/2018,GSO,NC,ASO,ES,Combined TRACON& Tower with Radar,56,99,35,1,191,0,0,38,1,39,56,99,73,2,230,14,0,14,244
07/12/2018,GSO,NC,ASO,ES,Combined TRACON& Tower with Radar,60,97,53,4,214,0,1,32,0,33,60,98,85,4,247,20,0,20,267
07/13/2018,GSO,NC,ASO,ES,Combined TRACON& Tower with Radar,58,80,45,1,184,0,0,13,0,13,58,80,58,1,197,26,0,26,223
07/14/2018,GSO,NC,ASO,ES,Combined TRACON& Tower with Radar,38,57,16,0,111,0,1,55,0,56,38,58,71,0,167,46,0,46,213
07/15/2018,GSO,NC,ASO,ES,Combined TRACON& Tower with Radar,42,57,27,1,127,0,0,35,0,35,42,57,62,1,162,18,0,18,180
07/16/2018,GSO,NC,ASO,ES,Combined TRACON& Tower with Radar,51,73,46,0,170,0,2,42,2,46,51,75,88,2,216,4,0,4,220
07/17/2018,GSO,NC,ASO,ES,Combined TRACON& Tower with Radar,59,91,37,0,187,0,6,30,0,36,59,97,67,0,223,0,0,0,223
07/18/2018,GSO,NC,ASO,ES,Combined TRACON& Tower with Radar,57,101,44,1,203,0,4,56,0,60,57,105,100,1,263,34,0,34,297
07/19/2018,GSO,NC,ASO,ES,Combined TRACON& Tower with Radar,63,100,45,0,208,0,0,49,3,52,63,100,94,3,260,41,0,41,301
07/20/2018,GSO,NC,ASO,ES,Combined TRACON& Tower with Radar,61,90,46,5,202,0,0,40,5,45,61,90,86,10,247,50,10,60,307
07/21/2018,GSO,NC,ASO,ES,Combined TRACON& Tower with Radar,34,57,38,3,132,0,0,13,1,14,34,57,51,4,146,0,0,0,146
07/22/2018,GSO,NC,ASO,ES,Combined TRACON& Tower with Radar,48,58,35,0,141,0,0,1,0,1,48,58,36,0,142,0,0,0,142
07/23/2018,GSO,NC,ASO,ES,Combined TRACON& Tower with Radar,69,75,36,2,182,0,0,0,0,0,69,75,36,2,182,0,0,0,182
07/24/2018,GSO,NC,ASO,ES,Combined TRACON& Tower with Radar,64,81,29,0,174,0,0,4,0,4,64,81,33,0,178,0,0,0,178
07/25/2018,GSO,NC,ASO,ES,Combined TRACON& Tower with Radar,56,75,44,0,175,0,0,12,0,12,56,75,56,0,187,36,0,36,223
07/26/2018,GSO,NC,ASO,ES,Combined TRACON& Tower with Radar,64,84,33,24,205,0,1,72,8,81,64,85,105,32,286,25,31,56,342
07/27/2018,GSO,NC,ASO,ES,Combined TRACON& Tower with Radar,57,80,40,10,187,0,1,49,4,54,57,81,89,14,241,8,0,8,249
07/28/2018,GSO,NC,ASO,ES,Combined TRACON& Tower with Radar,36,71,26,0,133,0,0,52,0,52,36,71,78,0,185,14,0,14,199
07/29/2018,GSO,NC,ASO,ES,Combined TRACON& Tower with Radar,46,63,29,0,138,0,0,6,0,6,46,63,35,0,144,0,0,0,144
07/30/2018,GSO,NC,ASO,ES,Combined TRACON& Tower with Radar,51,77,36,18,182,0,0,6,0,6,51,77,42,18,188,12,0,12,200
07/31/2018,GSO,NC,ASO,ES,Combined TRACON& Tower with Radar,58,84,37,1,180,0,0,4,0,4,58,84,41,1,184,32,0,32,216
08/01/2018,GSO,NC,ASO,ES,Combined TRACON& Tower with Radar,53,92,43,0,188,0,8,3,0,11,53,100,46,0,199,9,0,9,208
08/02/2018,GSO,NC,ASO,ES,Combined TRACON& Tower with Radar,58,89,21,0,168,0,0,2,0,2,58,89,23,0,170,0,0,0,170
08/03/2018,GSO,NC,ASO,ES,Combined TRACON& Tower with Radar,49,92,50,1,192,0,0,1,0,1,49,92,51,1,193,10,0,10,203
08/04/2018,GSO,NC,ASO,ES,Combined TRACON& Tower with Radar,35,55,23,0,113,0,0,9,0,9,35,55,32,0,122,0,0,0,122
08/05/2018,GSO,NC,ASO,ES,Combined TRACON& Tower with Radar,41,65,38,0,144,0,0,39,2,41,41,65,77,2,185,26,0,26,211
08/06/2018,GSO,NC,ASO,ES,Combined TRACON& Tower with Radar,59,77,46,0,182,0,1,36,0,37,59,78,82,0,219,51,0,51,270
08/07/2018,GSO,NC,ASO,ES,Combined TRACON& Tower with Radar,56,76,37,2,171,0,2,101,0,103,56,78,138,2,274,0,0,0,274
08/08/2018,GSO,NC,ASO,ES,Combined TRACON& Tower with Radar,68,94,54,0,216,0,0,67,0,67,68,94,121,0,283,20,0,20,303
08/09/2018,GSO,NC,ASO,ES,Combined TRACON& Tower with Radar,64,82,50,2,198,0,0,58,2,60,64,82,108,4,258,3,0,3,261
08/10/2018,GSO,NC,ASO,ES,Combined TRACON& Tower with Radar,60,87,33,4,184,0,0,39,0,39,60,87,72,4,223,4,0,4,227
08/11/2018,GSO,NC,ASO,ES,Combined TRACON& Tower with Radar,38,60,24,1,123,0,0,16,0,16,38,60,40,1,139,0,0,0,139
08/12/2018,GSO,NC,ASO,ES,Combined TRACON& Tower with Radar,42,67,27,8,144,0,0,22,0,22,42,67,49,8,166,4,0,4,170
08/13/2018,GSO,NC,ASO,ES,Combined TRACON& Tower with Radar,49,78,52,11,190,0,0,47,0,47,49,78,99,11,237,0,0,0,237
08/14/2018,GSO,NC,ASO,ES,Combined TRACON& Tower with Radar,61,101,29,0,191,0,1,67,2,70,61,102,96,2,261,32,0,32,293
08/15/2018,GSO,NC,ASO,ES,Combined TRACON& Tower with Radar,64,89,41,3,197,0,3,49,1,53,64,92,90,4,250,21,0,21,271
08/16/2018,GSO,NC,ASO,ES,Combined TRACON& Tower with Radar,60,85,37,0,182,0,1,42,0,43,60,86,79,0,225,24,0,24,249
08/17/2018,GSO,NC,ASO,ES,Combined TRACON& Tower with Radar,64,86,58,2,210,0,1,30,2,33,64,87,88,4,243,20,0,20,263
08/18/2018,GSO,NC,ASO,ES,Combined TRACON& Tower with Radar,36,65,40,4,145,0,0,2,0,2,36,65,42,4,147,0,0,0,147
08/19/2018,GSO,NC,ASO,ES,Combined TRACON& Tower with Radar,45,83,64,0,192,0,0,10,0,10,45,83,74,0,202,16,0,16,218
08/20/2018,GSO,NC,ASO,ES,Combined TRACON& Tower with Radar,60,76,51,0,187,0,0,2,0,2,60,76,53,0,189,0,0,0,189
08/21/2018,GSO,NC,ASO,ES,Combined TRACON& Tower with Radar,60,83,42,1,186,0,0,4,0,4,60,83,46,1,190,0,0,0,190
08/22/2018,GSO,NC,ASO,ES,Combined TRACON& Tower with Radar,59,102,55,14,230,0,1,45,0,46,59,103,100,14,276,0,0,0,276
08/23/2018,GSO,NC,ASO,ES,Combined TRACON& Tower with Radar,60,100,48,8,216,0,2,77,1,80,60,102,125,9,296,34,0,34,330
08/24/2018,GSO,NC,ASO,ES,Combined TRACON& Tower with Radar,59,95,42,2,198,0,0,39,0,39,59,95,81,2,237,34,0,34,271
08/25/2018,GSO,NC,ASO,ES,Combined TRACON& Tower with Radar,37,56,25,2,120,0,1,53,0,54,37,57,78,2,174,28,0,28,202
08/26/2018,GSO,NC,ASO,ES,Combined TRACON& Tower with Radar,44,69,41,2,156,0,0,48,0,48,44,69,89,2,204,6,0,6,210
08/27/2018,GSO,NC,ASO,ES,Combined TRACON& Tower with Radar,63,81,38,11,193,0,0,36,0,36,63,81,74,11,229,0,0,0,229
08/28/2018,GSO,NC,ASO,ES,Combined TRACON& Tower with Radar,60,88,37,1,186,0,0,47,2,49,60,88,84,3,235,28,0,28,263
08/29/2018,GSO,NC,ASO,ES,Combined TRACON& Tower with Radar,57,99,46,2,204,0,0,35,1,36,57,99,81,3,240,28,0,28,268
08/30/2018,GSO,NC,ASO,ES,Combined TRACON& Tower with Radar,56,87,59,0,202,0,2,35,0,37,56,89,94,0,239,24,0,24,263
08/31/2018,GSO,NC,ASO,ES,Combined TRACON& Tower with Radar,79,85,52,0,216,0,0,32,0,32,79,85,84,0,248,62,0,62,310
09/01/2018,GSO,NC,ASO,ES,Combined TRACON& Tower with Radar,38,47,18,0,103,0,1,25,0,26,38,48,43,0,129,20,0,20,149
09/02/2018,GSO,NC,ASO,ES,Combined TRACON& Tower with Radar,43,45,26,0,114,0,0,6,0,6,43,45,32,0,120,4,0,4,124
09/03/2018,GSO,NC,ASO,ES,Combined TRACON& Tower with Radar,41,58,39,0,138,0,1,41,0,42,41,59,80,0,180,30,0,30,210
09/04/2018,GSO,NC,ASO,ES,Combined TRACON& Tower with Radar,51,70,46,2,169,0,2,36,0,38,51,72,82,2,207,12,0,12,219
09/05/2018,GSO,NC,ASO,ES,Combined TRACON& Tower with Radar,65,76,34,2,177,0,0,25,2,27,65,76,59,4,204,23,0,23,227
09/06/2018,GSO,NC,ASO,ES,Combined TRACON& Tower with Radar,76,83,59,7,225,0,0,39,3,42,76,83,98,10,267,40,7,47,314
09/07/2018,GSO,NC,ASO,ES,Combined TRACON& Tower with Radar,73,77,42,14,206,0,0,25,3,28,73,77,67,17,234,26,0,26,260
09/08/2018,GSO,NC,ASO,ES,Combined TRACON& Tower with Radar,38,59,20,0,117,0,0,12,0,12,38,59,32,0,129,34,0,34,163
09/09/2018,GSO,NC,ASO,ES,Combined TRACON& Tower with Radar,54,66,26,0,146,0,0,0,0,0,54,66,26,0,146,0,0,0,146
09/10/2018,GSO,NC,ASO,ES,Combined TRACON& Tower with Radar,66,68,32,0,166,0,0,2,0,2,66,68,34,0,168,12,0,12,180
09/11/2018,GSO,NC,ASO,ES,Combined TRACON& Tower with Radar,81,86,58,3,228,0,1,8,5,14,81,87,66,8,242,14,2,16,258
09/12/2018,GSO,NC,ASO,ES,Combined TRACON& Tower with Radar,79,83,60,0,222,0,0,5,1,6,79,83,65,1,228,50,0,50,278
09/13/2018,GSO,NC,ASO,ES,Combined TRACON& Tower with Radar,85,69,12,11,177,0,0,2,4,6,85,69,14,15,183,0,0,0,183
09/14/2018,GSO,NC,ASO,ES,Combined TRACON& Tower with Radar,79,63,5,6,153,0,0,0,0,0,79,63,5,6,153,7,0,7,160
09/15/2018,GSO,NC,ASO,ES,Combined TRACON& Tower with Radar,41,35,0,2,78,0,0,0,0,0,41,35,0,2,78,0,0,0,78
09/16/2018,GSO,NC,ASO,ES,Combined TRACON& Tower with Radar,48,46,9,3,106,0,0,0,0,0,48,46,9,3,106,0,0,0,106
09/17/2018,GSO,NC,ASO,ES,Combined TRACON& Tower with Radar,69,70,34,0,173,0,0,9,2,11,69,70,43,2,184,0,0,0,184
09/18/2018,GSO,NC,ASO,ES,Combined TRACON& Tower with Radar,78,73,48,0,199,0,1,57,0,58,78,74,105,0,257,26,0,26,283
09/19/2018,GSO,NC,ASO,ES,Combined TRACON& Tower with Radar,78,104,53,0,235,0,1,59,1,61,78,105,112,1,296,28,0,28,324
09/20/2018,GSO,NC,ASO,ES,Combined TRACON& Tower with Radar,87,86,51,3,227,0,4,64,1,69,87,90,115,4,296,0,0,0,296
09/21/2018,GSO,NC,ASO,ES,Combined TRACON& Tower with Radar,79,87,53,1,220,0,0,28,0,28,79,87,81,1,248,12,0,12,260
09/22/2018,GSO,NC,ASO,ES,Combined TRACON& Tower with Radar,42,53,33,0,128,0,0,39,0,39,42,53,72,0,167,22,0,22,189
09/23/2018,GSO,NC,ASO,ES,Combined TRACON& Tower with Radar,55,63,41,0,159,0,0,0,0,0,55,63,41,0,159,0,0,0,159
09/24/2018,GSO,NC,ASO,ES,Combined TRACON& Tower with Radar,70,73,27,2,172,0,0,0,0,0,70,73,27,2,172,0,0,0,172
09/25/2018,GSO,NC,ASO,ES,Combined TRACON& Tower with Radar,78,80,50,2,210,0,0,17,0,17,78,80,67,2,227,0,0,0,227
09/26/2018,GSO,NC,ASO,ES,Combined TRACON& Tower with Radar,86,79,40,0,205,0,0,32,0,32,86,79,72,0,237,0,0,0,237
09/27/2018,GSO,NC,ASO,ES,Combined TRACON& Tower with Radar,83,92,39,2,216,0,0,3,1,4,83,92,42,3,220,20,0,20,240
09/28/2018,GSO,NC,ASO,ES,Combined TRACON& Tower with Radar,84,98,45,0,227,0,3,26,0,29,84,101,71,0,256,0,0,0,256
09/29/2018,GSO,NC,ASO,ES,Combined TRACON& Tower with Radar,42,62,21,0,125,0,2,27,0,29,42,64,48,0,154,30,0,30,184
09/30/2018,GSO,NC,ASO,ES,Combined TRACON& Tower with Radar,52,71,47,0,170,0,0,21,0,21,52,71,68,0,191,23,0,23,214
10/01/2018,GSO,NC,ASO,ES,Combined TRACON& Tower with Radar,67,68,51,16,202,0,0,45,0,45,67,68,96,16,247,49,11,60,307
10/02/2018,GSO,NC,ASO,ES,Combined TRACON& Tower with Radar,82,75,37,3,197,0,0,66,0,66,82,75,103,3,263,0,0,0,263
10/03/2018,GSO,NC,ASO,ES,Combined TRACON& Tower with Radar,86,88,53,4,231,1,2,48,7,58,87,90,101,11,289,76,14,90,379
10/04/2018,GSO,NC,ASO,ES,Combined TRACON& Tower with Radar,89,81,56,10,236,0,0,52,1,53,89,81,108,11,289,25,2,27,316
10/05/2018,GSO,NC,ASO,ES,Combined TRACON& Tower with Radar,89,82,45,1,217,0,0,44,0,44,89,82,89,1,261,24,0,24,285
10/06/2018,GSO,NC,ASO,ES,Combined TRACON& Tower with Radar,48,52,22,7,129,0,0,7,0,7,48,52,29,7,136,35,0,35,171
10/07/2018,GSO,NC,ASO,ES,Combined TRACON& Tower with Radar,64,65,39,0,168,0,0,21,0,21,64,65,60,0,189,15,0,15,204
10/08/2018,GSO,NC,ASO,ES,Combined TRACON& Tower with Radar,74,68,61,0,203,0,0,12,0,12,74,68,73,0,215,29,0,29,244
10/09/2018,GSO,NC,ASO,ES,Combined TRACON& Tower with Radar,81,84,58,5,228,0,0,7,2,9,81,84,65,7,237,0,0,0,237
10/10/2018,GSO,NC,ASO,ES,Combined TRACON& Tower with Radar,89,82,61,2,234,0,0,0,0,0,89,82,61,2,234,0,0,0,234
10/11/2018,GSO,NC,ASO,ES,Combined TRACON& Tower with Radar,81,59,24,0,164,0,0,0,0,0,81,59,24,0,164,0,0,0,164
10/12/2018,GSO,NC,ASO,ES,Combined TRACON& Tower with Radar,82,97,86,1,266,0,0,45,0,45,82,97,131,1,311,20,0,20,331
10/13/2018,GSO,NC,ASO,ES,Combined TRACON& Tower with Radar,43,64,32,2,141,0,0,43,0,43,43,64,75,2,184,29,5,34,218
10/14/2018,GSO,NC,ASO,ES,Combined TRACON& Tower with Radar,63,84,83,0,230,0,0,7,0,7,63,84,90,0,237,18,0,18,255
10/15/2018,GSO,NC,ASO,ES,Combined TRACON& Tower with Radar,72,90,71,2,235,0,0,23,1,24,72,90,94,3,259,4,0,4,263
10/16/2018,GSO,NC,ASO,ES,Combined TRACON& Tower with Radar,87,93,75,19,274,0,2,29,2,33,87,95,104,21,307,0,0,0,307
10/17/2018,GSO,NC,ASO,ES,Combined TRACON& Tower with Radar,87,96,81,2,266,0,0,40,2,42,87,96,121,4,308,9,0,9,317
10/18/2018,GSO,NC,ASO,ES,Combined TRACON& Tower with Radar,91,83,66,8,248,0,1,43,0,44,91,84,109,8,292,40,0,40,332
10/19/2018,GSO,NC,ASO,ES,Combined TRACON& Tower with Radar,91,85,35,6,217,0,0,59,0,59,91,85,94,6,276,44,0,44,320
10/20/2018,GSO,NC,ASO,ES,Combined TRACON& Tower with Radar,47,50,29,0,126,0,0,7,1,8,47,50,36,1,134,0,0,0,134
10/21/2018,GSO,NC,ASO,ES,Combined TRACON& Tower with Radar,64,58,35,0,157,0,0,31,0,31,64,58,66,0,188,0,0,0,188
10/22/2018,GSO,NC,ASO,ES,Combined TRACON& Tower with Radar,66,70,52,0,188,0,3,38,0,41,66,73,90,0,229,46,0,46,275
10/23/2018,GSO,NC,ASO,ES,Combined TRACON& Tower with Radar,103,79,57,0,239,0,0,59,1,60,103,79,116,1,299,26,0,26,325
10/24/2018,GSO,NC,ASO,ES,Combined TRACON& Tower with Radar,90,74,80,5,249,0,0,52,3,55,90,74,132,8,304,19,17,36,340
10/25/2018,GSO,NC,ASO,ES,Combined TRACON& Tower with Radar,96,80,57,3,236,0,0,50,1,51,96,80,107,4,287,2,0,2,289
10/26/2018,GSO,NC,ASO,ES,Combined TRACON& Tower with Radar,85,81,41,2,209,0,0,0,0,0,85,81,41,2,209,0,0,0,209
10/27/2018,GSO,NC,ASO,ES,Combined TRACON& Tower with Radar,45,54,19,0,118,0,0,11,0,11,45,54,30,0,129,4,0,4,133
10/28/2018,GSO,NC,ASO,ES,Combined TRACON& Tower with Radar,50,63,35,2,150,0,3,24,0,27,50,66,59,2,177,0,0,0,177
10/29/2018,GSO,NC,ASO,ES,Combined TRACON& Tower with Radar,63,76,33,0,172,0,3,29,0,32,63,79,62,0,204,0,0,0,204
10/30/2018,GSO,NC,ASO,ES,Combined TRACON& Tower with Radar,76,92,50,3,221,0,0,72,6,78,76,92,122,9,299,0,0,0,299
10/31/2018,GSO,NC,ASO,ES,Combined TRACON& Tower with Radar,71,79,43,4,197,0,0,37,3,40,71,79,80,7,237,2,0,2,239
11/01/2018,GSO,NC,ASO,ES,Combined TRACON& Tower with Radar,82,76,46,2,206,0,0,0,0,0,82,76,46,2,206,6,0,6,212
11/02/2018,GSO,NC,ASO,ES,Combined TRACON& Tower with Radar,78,75,51,4,208,0,0,0,0,0,78,75,51,4,208,0,0,0,208
11/03/2018,GSO,NC,ASO,ES,Combined TRACON& Tower with Radar,52,70,24,2,148,0,0,33,0,33,52,70,57,2,181,0,0,0,181
11/04/2018,GSO,NC,ASO,ES,Combined TRACON& Tower with Radar,57,54,39,0,150,0,0,42,0,42,57,54,81,0,192,22,0,22,214
11/05/2018,GSO,NC,ASO,ES,Combined TRACON& Tower with Radar,69,70,43,0,182,0,0,0,0,0,69,70,43,0,182,0,0,0,182
11/06/2018,GSO,NC,ASO,ES,Combined TRACON& Tower with Radar,83,80,29,12,204,0,0,9,0,9,83,80,38,12,213,0,0,0,213
11/07/2018,GSO,NC,ASO,ES,Combined TRACON& Tower with Radar,82,93,49,0,224,0,0,29,2,31,82,93,78,2,255,0,0,0,255
11/08/2018,GSO,NC,ASO,ES,Combined TRACON& Tower with Radar,95,89,57,5,246,0,0,35,0,35,95,89,92,5,281,24,0,24,305
11/09/2018,GSO,NC,ASO,ES,Combined TRACON& Tower with Radar,87,73,38,6,204,0,0,0,0,0,87,73,38,6,204,0,0,0,204
11/10/2018,GSO,NC,ASO,ES,Combined TRACON& Tower with Radar,49,56,13,0,118,1,0,25,4,30,50,56,38,4,148,6,0,6,154
11/11/2018,GSO,NC,ASO,ES,Combined TRACON& Tower with Radar,56,68,36,0,160,0,1,58,0,59,56,69,94,0,219,16,0,16,235
11/12/2018,GSO,NC,ASO,ES,Combined TRACON& Tower with Radar,72,71,29,0,172,0,0,9,0,9,72,71,38,0,181,8,0,8,189
11/13/2018,GSO,NC,ASO,ES,Combined TRACON& Tower with Radar,92,87,44,19,242,0,0,0,0,0,92,87,44,19,242,0,0,0,242
11/14/2018,GSO,NC,ASO,ES,Combined TRACON& Tower with Radar,86,88,55,1,230,0,0,14,0,14,86,88,69,1,244,27,0,27,271
11/15/2018,GSO,NC,ASO,ES,Combined TRACON& Tower with Radar,86,69,18,0,173,0,0,0,0,0,86,69,18,0,173,0,0,0,173
11/16/2018,GSO,NC,ASO,ES,Combined TRACON& Tower with Radar,95,86,46,6,233,0,0,64,0,64,95,86,110,6,297,20,6,26,323
11/17/2018,GSO,NC,ASO,ES,Combined TRACON& Tower with Radar,52,64,30,1,147,0,0,45,0,45,52,64,75,1,192,36,0,36,228
11/18/2018,GSO,NC,ASO,ES,Combined TRACON& Tower with Radar,55,67,36,0,158,0,1,49,0,50,55,68,85,0,208,4,0,4,212
11/19/2018,GSO,NC,ASO,ES,Combined TRACON& Tower with Radar,64,64,21,2,151,0,2,46,0,48,64,66,67,2,199,6,0,6,205
11/20/2018,GSO,NC,ASO,ES,Combined TRACON& Tower with Radar,90,90,54,13,247,0,0,36,7,43,90,90,90,20,290,0,0,0,290
11/21/2018,GSO,NC,ASO,ES,Combined TRACON& Tower with Radar,95,82,42,2,221,0,0,65,0,65,95,82,107,2,286,0,0,0,286
11/22/2018,GSO,NC,ASO,ES,Combined TRACON& Tower with Radar,38,40,3,0,81,0,0,14,0,14,38,40,17,0,95,16,0,16,111
11/23/2018,GSO,NC,ASO,ES,Combined TRACON& Tower with Radar,49,39,24,0,112,0,0,14,0,14,49,39,38,0,126,30,0,30,156
11/24/2018,GSO,NC,ASO,ES,Combined TRACON& Tower with Radar,73,56,18,0,147,0,0,0,0,0,73,56,18,0,147,0,0,0,147
11/25/2018,GSO,NC,ASO,ES,Combined TRACON& Tower with Radar,72,65,48,0,185,0,0,34,0,34,72,65,82,0,219,19,0,19,238
11/26/2018,GSO,NC,ASO,ES,Combined TRACON& Tower with Radar,72,56,45,18,191,0,0,4,0,4,72,56,49,18,195,4,0,4,199
11/27/2018,GSO,NC,ASO,ES,Combined TRACON& Tower with Radar,83,91,40,18,232,0,2,35,0,37,83,93,75,18,269,0,0,0,269
11/28/2018,GSO,NC,ASO,ES,Combined TRACON& Tower with Radar,87,79,33,1,200,0,3,40,0,43,87,82,73,1,243,0,0,0,243
11/29/2018,GSO,NC,ASO,ES,Combined TRACON& Tower with Radar,98,79,47,0,224,0,2,41,0,43,98,81,88,0,267,23,0,23,290
11/30/2018,GSO,NC,ASO,ES,Combined TRACON& Tower with Radar,89,79,41,6,215,0,0,26,0,26,89,79,67,6,241,0,0,0,241
12/01/2018,GSO,NC,ASO,ES,Combined TRACON& Tower with Radar,50,52,29,3,134,0,0,4,0,4,50,52,33,3,138,0,0,0,138
12/02/2018,GSO,NC,ASO,ES,Combined TRACON& Tower with Radar,56,59,30,0,145,0,0,1,0,1,56,59,31,0,146,0,0,0,146
12/03/2018,GSO,NC,ASO,ES,Combined TRACON& Tower with Radar,65,76,28,2,171,0,1,30,0,31,65,77,58,2,202,22,0,22,224
12/04/2018,GSO,NC,ASO,ES,Combined TRACON& Tower with Radar,91,73,48,0,212,0,0,44,0,44,91,73,92,0,256,0,0,0,256
12/05/2018,GSO,NC,ASO,ES,Combined TRACON& Tower with Radar,84,86,45,0,215,0,4,43,0,47,84,90,88,0,262,0,0,0,262
12/06/2018,GSO,NC,ASO,ES,Combined TRACON& Tower with Radar,92,86,46,16,240,0,3,44,0,47,92,89,90,16,287,30,0,30,317
12/07/2018,GSO,NC,ASO,ES,Combined TRACON& Tower with Radar,84,85,43,9,221,0,2,51,1,54,84,87,94,10,275,12,10,22,297
12/08/2018,GSO,NC,ASO,ES,Combined TRACON& Tower with Radar,51,48,24,0,123,0,0,19,0,19,51,48,43,0,142,0,0,0,142
12/09/2018,GSO,NC,ASO,ES,Combined TRACON& Tower with Radar,9,0,2,0,11,0,0,0,0,0,9,0,2,0,11,0,0,0,11
12/10/2018,GSO,NC,ASO,ES,Combined TRACON& Tower with Radar,45,42,14,0,101,0,0,0,0,0,45,42,14,0,101,0,0,0,101
12/11/2018,GSO,NC,ASO,ES,Combined TRACON& Tower with Radar,74,75,34,0,183,1,0,25,2,28,75,75,59,2,211,0,0,0,211
12/12/2018,GSO,NC,ASO,ES,Combined TRACON& Tower with Radar,85,92,46,13,236,0,0,28,8,36,85,92,74,21,272,0,12,12,284
12/13/2018,GSO,NC,ASO,ES,Combined TRACON& Tower with Radar,91,81,67,5,244,0,0,30,0,30,91,81,97,5,274,14,0,14,288
12/14/2018,GSO,NC,ASO,ES,Combined TRACON& Tower with Radar,81,82,30,0,193,0,0,0,0,0,81,82,30,0,193,0,0,0,193
12/15/2018,GSO,NC,ASO,ES,Combined TRACON& Tower with Radar,50,50,7,0,107,0,0,0,0,0,50,50,7,0,107,0,0,0,107
12/16/2018,GSO,NC,ASO,ES,Combined TRACON& Tower with Radar,53,58,21,0,132,0,2,17,0,19,53,60,38,0,151,9,0,9,160
12/17/2018,GSO,NC,ASO,ES,Combined TRACON& Tower with Radar,63,71,57,2,193,0,0,40,0,40,63,71,97,2,233,26,0,26,259
12/18/2018,GSO,NC,ASO,ES,Combined TRACON& Tower with Radar,87,83,44,40,254,0,1,58,0,59,87,84,102,40,313,32,18,50,363
12/19/2018,GSO,NC,ASO,ES,Combined TRACON& Tower with Radar,88,82,50,18,238,0,0,48,3,51,88,82,98,21,289,0,8,8,297
12/20/2018,GSO,NC,ASO,ES,Combined TRACON& Tower with Radar,85,72,47,1,205,0,0,0,0,0,85,72,47,1,205,0,0,0,205
12/21/2018,GSO,NC,ASO,ES,Combined TRACON& Tower with Radar,87,83,38,0,208,0,0,0,0,0,87,83,38,0,208,4,0,4,212
12/22/2018,GSO,NC,ASO,ES,Combined TRACON& Tower with Radar,59,64,39,0,162,0,0,27,0,27,59,64,66,0,189,0,0,0,189
12/23/2018,GSO,NC,ASO,ES,Combined TRACON& Tower with Radar,54,61,20,0,135,0,0,33,0,33,54,61,53,0,168,10,0,10,178
12/24/2018,GSO,NC,ASO,ES,Combined TRACON& Tower with Radar,42,46,12,0,100,0,0,34,0,34,42,46,46,0,134,6,0,6,140
12/25/2018,GSO,NC,ASO,ES,Combined TRACON& Tower with Radar,34,40,14,0,88,0,0,7,0,7,34,40,21,0,95,0,0,0,95
12/26/2018,GSO,NC,ASO,ES,Combined TRACON& Tower with Radar,64,68,40,4,176,0,0,48,0,48,64,68,88,4,224,30,0,30,254
12/27/2018,GSO,NC,ASO,ES,Combined TRACON& Tower with Radar,83,72,49,4,208,0,0,14,0,14,83,72,63,4,222,26,8,34,256
12/28/2018,GSO,NC,ASO,ES,Combined TRACON& Tower with Radar,75,66,9,2,152,0,0,0,0,0,75,66,9,2,152,0,0,0,152
12/29/2018,GSO,NC,ASO,ES,Combined TRACON& Tower with Radar,47,61,25,1,134,0,0,42,0,42,47,61,67,1,176,43,0,43,219
12/30/2018,GSO,NC,ASO,ES,Combined TRACON& Tower with Radar,55,63,41,0,159,0,0,21,0,21,55,63,62,0,180,6,0,6,186
12/31/2018,GSO,NC,ASO,ES,Combined TRACON& Tower with Radar,44,54,3,0,101,0,0,0,0,0,44,54,3,0,101,0,0,0,101
01/01/2019,GSO,NC,ASO,ES,Combined TRACON& Tower with Radar,35,67,24,0,126,0,0,13,0,13,35,67,37,0,139,23,0,23,162
01/02/2019,GSO,NC,ASO,ES,Combined TRACON& Tower with Radar,65,62,28,2,157,0,2,32,0,34,65,64,60,2,191,0,0,0,191
01/03/2019,GSO,NC,ASO,ES,Combined TRACON& Tower with Radar,85,68,25,1,179,0,0,2,0,2,85,68,27,1,181,12,0,12,193
01/04/2019,GSO,NC,ASO,ES,Combined TRACON& Tower with Radar,73,59,27,3,162,0,0,0,0,0,73,59,27,3,162,0,0,0,162
01/05/2019,GSO,NC,ASO,ES,Combined TRACON& Tower with Radar,41,57,28,1,127,0,0,29,0,29,41,57,57,1,156,0,0,0,156
01/06/2019,GSO,NC,ASO,ES,Combined TRACON& Tower with Radar,54,65,20,0,139,0,1,42,0,43,54,66,62,0,182,0,0,0,182
01/07/2019,GSO,NC,ASO,ES,Combined TRACON& Tower with Radar,67,67,27,11,172,0,0,40,0,40,67,67,67,11,212,22,16,38,250
01/08/2019,GSO,NC,ASO,ES,Combined TRACON& Tower with Radar,90,69,33,12,204,0,0,12,12,24,90,69,45,24,228,12,16,28,256
01/09/2019,GSO,NC,ASO,ES,Combined TRACON& Tower with Radar,80,72,42,12,206,0,0,17,0,17,80,72,59,12,223,16,0,16,239
01/10/2019,GSO,NC,ASO,ES,Combined TRACON& Tower with Radar,87,70,38,0,195,0,0,34,3,37,87,70,72,3,232,0,0,0,232
01/11/2019,GSO,NC,ASO,ES,Combined TRACON& Tower with Radar,83,75,45,3,206,0,4,66,0,70,83,79,111,3,276,34,0,34,310
01/12/2019,GSO,NC,ASO,ES,Combined TRACON& Tower with Radar,42,40,14,0,96,0,0,17,0,17,42,40,31,0,113,68,0,68,181
01/13/2019,GSO,NC,ASO,ES,Combined TRACON& Tower with Radar,56,51,18,1,126,0,0,0,0,0,56,51,18,1,126,0,0,0,126
01/14/2019,GSO,NC,ASO,ES,Combined TRACON& Tower with Radar,73,62,34,0,169,0,0,4,1,5,73,62,38,1,174,0,0,0,174
01/15/2019,GSO,NC,ASO,ES,Combined TRACON& Tower with Radar,82,78,23,2,185,0,0,34,1,35,82,78,57,3,220,14,0,14,234
01/16/2019,GSO,NC,ASO,ES,Combined TRACON& Tower with Radar,84,68,44,18,214,0,0,57,12,69,84,68,101,30,283,0,0,0,283
01/17/2019,GSO,NC,ASO,ES,Combined TRACON& Tower with Radar,88,76,33,18,215,0,0,2,0,2,88,76,35,18,217,18,0,18,235
01/18/2019,GSO,NC,ASO,ES,Combined TRACON& Tower with Radar,85,72,51,5,213,0,0,36,0,36,85,72,87,5,249,2,0,2,251
01/19/2019,GSO,NC,ASO,ES,Combined TRACON& Tower with Radar,39,40,9,0,88,0,0,0,0,0,39,40,9,0,88,0,0,0,88
01/20/2019,GSO,NC,ASO,ES,Combined TRACON& Tower with Radar,46,47,20,0,113,0,0,1,0,1,46,47,21,0,114,0,0,0,114
01/21/2019,GSO,NC,ASO,ES,Combined TRACON& Tower with Radar,68,60,36,1,165,0,0,39,0,39,68,60,75,1,204,72,0,72,276
01/22/2019,GSO,NC,ASO,ES,Combined TRACON& Tower with Radar,84,67,41,0,192,0,0,55,0,55,84,67,96,0,247,30,0,30,277
01/23/2019,GSO,NC,ASO,ES,Combined TRACON& Tower with Radar,76,63,28,1,168,0,0,1,0,1,76,63,29,1,169,0,0,0,169
01/24/2019,GSO,NC,ASO,ES,Combined TRACON& Tower with Radar,89,77,15,24,205,0,2,5,5,12,89,79,20,29,217,8,10,18,235
01/25/2019,GSO,NC,ASO,ES,Combined TRACON& Tower with Radar,81,72,34,5,192,0,2,20,0,22,81,74,54,5,214,0,0,0,214
01/26/2019,GSO,NC,ASO,ES,Combined TRACON& Tower with Radar,39,53,30,2,124,0,0,48,0,48,39,53,78,2,172,36,0,36,208
01/27/2019,GSO,NC,ASO,ES,Combined TRACON& Tower with Radar,53,60,28,1,142,0,0,59,0,59,53,60,87,1,201,13,0,13,214
01/28/2019,GSO,NC,ASO,ES,Combined TRACON& Tower with Radar,65,61,32,1,159,0,0,45,0,45,65,61,77,1,204,56,0,56,260
01/29/2019,GSO,NC,ASO,ES,Combined TRACON& Tower with Radar,81,68,39,7,195,0,0,12,0,12,81,68,51,7,207,14,0,14,221
01/30/2019,GSO,NC,ASO,ES,Combined TRACON& Tower with Radar,81,63,27,0,171,0,0,4,2,6,81,63,31,2,177,6,0,6,183
01/31/2019,GSO,NC,ASO,ES,Combined TRACON& Tower with Radar,90,68,36,2,196,0,0,48,1,49,90,68,84,3,245,56,0,56,301
02/01/2019,GSO,NC,ASO,ES,Combined TRACON& Tower with Radar,89,64,39,6,198,0,0,49,0,49,89,64,88,6,247,0,0,0,247
02/02/2019,GSO,NC,ASO,ES,Combined TRACON& Tower with Radar,43,51,22,0,116,0,0,48,0,48,43,51,70,0,164,14,0,14,178
02/03/2019,GSO,NC,ASO,ES,Combined TRACON& Tower with Radar,48,44,33,6,131,0,0,43,0,43,48,44,76,6,174,34,0,34,208
02/04/2019,GSO,NC,ASO,ES,Combined TRACON& Tower with Radar,71,58,45,6,180,0,0,52,3,55,71,58,97,9,235,20,0,20,255
02/05/2019,GSO,NC,ASO,ES,Combined TRACON& Tower with Radar,81,73,26,11,191,0,0,58,2,60,81,73,84,13,251,25,0,25,276
02/06/2019,GSO,NC,ASO,ES,Combined TRACON& Tower with Radar,86,81,52,13,232,0,0,20,1,21,86,81,72,14,253,24,0,24,277
02/07/2019,GSO,NC,ASO,ES,Combined TRACON& Tower with Radar,89,82,59,0,230,0,2,25,1,28,89,84,84,1,258,0,0,0,258
02/08/2019,GSO,NC,ASO,ES,Combined TRACON& Tower with Radar,81,81,56,5,223,0,1,20,1,22,81,82,76,6,245,12,0,12,257
02/09/2019,GSO,NC,ASO,ES,Combined TRACON& Tower with Radar,41,62,29,0,132,0,0,60,4,64,41,62,89,4,196,0,0,0,196
02/10/2019,GSO,NC,ASO,ES,Combined TRACON& Tower with Radar,50,58,36,4,148,0,0,31,1,32,50,58,67,5,180,20,6,26,206
02/11/2019,GSO,NC,ASO,ES,Combined TRACON& Tower with Radar,68,68,32,11,179,0,0,0,0,0,68,68,32,11,179,0,0,0,179
02/12/2019,GSO,NC,ASO,ES,Combined TRACON& Tower with Radar,76,61,27,1,165,0,0,0,0,0,76,61,27,1,165,0,0,0,165
02/13/2019,GSO,NC,ASO,ES,Combined TRACON& Tower with Radar,85,69,33,13,200,0,2,15,1,18,85,71,48,14,218,0,18,18,236
02/14/2019,GSO,NC,ASO,ES,Combined TRACON& Tower with Radar,87,79,52,0,218,0,1,65,0,66,87,80,117,0,284,22,0,22,306
02/15/2019,GSO,NC,ASO,ES,Combined TRACON& Tower with Radar,78,78,39,6,201,0,2,30,0,32,78,80,69,6,233,29,0,29,262
02/16/2019,GSO,NC,ASO,ES,Combined TRACON& Tower with Radar,39,59,16,0,114,0,0,0,0,0,39,59,16,0,114,0,0,0,114
02/17/2019,GSO,NC,ASO,ES,Combined TRACON& Tower with Radar,40,55,21,2,118,0,0,2,0,2,40,55,23,2,120,8,0,8,128
02/18/2019,GSO,NC,ASO,ES,Combined TRACON& Tower with Radar,64,74,33,2,173,0,1,25,0,26,64,75,58,2,199,8,0,8,207
02/19/2019,GSO,NC,ASO,ES,Combined TRACON& Tower with Radar,80,81,46,8,215,0,2,32,6,40,80,83,78,14,255,59,8,67,322
02/20/2019,GSO,NC,ASO,ES,Combined TRACON& Tower with Radar,88,62,16,0,166,0,0,0,0,0,88,62,16,0,166,0,0,0,166
02/21/2019,GSO,NC,ASO,ES,Combined TRACON& Tower with Radar,82,95,43,1,221,0,0,4,2,6,82,95,47,3,227,41,10,51,278
02/22/2019,GSO,NC,ASO,ES,Combined TRACON& Tower with Radar,80,86,32,4,202,0,0,0,0,0,80,86,32,4,202,0,0,0,202
02/23/2019,GSO,NC,ASO,ES,Combined TRACON& Tower with Radar,38,62,21,1,122,0,0,0,0,0,38,62,21,1,122,0,0,0,122
02/24/2019,GSO,NC,ASO,ES,Combined TRACON& Tower with Radar,50,61,19,0,130,0,3,2,0,5,50,64,21,0,135,0,0,0,135
02/25/2019,GSO,NC,ASO,ES,Combined TRACON& Tower with Radar,63,72,31,3,169,0,0,17,0,17,63,72,48,3,186,5,0,5,191
02/26/2019,GSO,NC,ASO,ES,Combined TRACON& Tower with Radar,87,90,49,9,235,0,2,64,0,66,87,92,113,9,301,68,0,68,369
02/27/2019,GSO,NC,ASO,ES,Combined TRACON& Tower with Radar,83,84,52,0,219,0,0,11,0,11,83,84,63,0,230,0,0,0,230
02/28/2019,GSO,NC,ASO,ES,Combined TRACON& Tower with Radar,88,107,50,8,253,0,4,38,0,42,88,111,88,8,295,32,0,32,327
03/01/2019,GSO,NC,ASO,ES,Combined TRACON& Tower with Radar,79,74,35,0,188,0,0,0,0,0,79,74,35,0,188,0,0,0,188
03/02/2019,GSO,NC,ASO,ES,Combined TRACON& Tower with Radar,48,62,23,0,133,0,2,45,1,48,48,64,68,1,181,108,0,108,289
03/03/2019,GSO,NC,ASO,ES,Combined TRACON& Tower with Radar,51,65,29,1,146,0,0,0,0,0,51,65,29,1,146,0,0,0,146
03/04/2019,GSO,NC,ASO,ES,Combined TRACON& Tower with Radar,68,62,21,5,156,2,0,23,4,29,70,62,44,9,185,58,6,64,249
03/05/2019,GSO,NC,ASO,ES,Combined TRACON& Tower with Radar,93,91,48,14,246,0,2,53,1,56,93,93,101,15,302,28,0,28,330
03/06/2019,GSO,NC,ASO,ES,Combined TRACON& Tower with Radar,84,75,48,9,216,0,1,45,2,48,84,76,93,11,264,18,0,18,282
03/07/2019,GSO,NC,ASO,ES,Combined TRACON& Tower with Radar,89,80,44,22,235,0,1,57,3,61,89,81,101,25,296,129,21,150,446
03/08/2019,GSO,NC,ASO,ES,Combined TRACON& Tower with Radar,84,74,38,4,200,0,0,2,0,2,84,74,40,4,202,4,0,4,206
03/09/2019,GSO,NC,ASO,ES,Combined TRACON& Tower with Radar,49,53,20,0,122,0,0,0,0,0,49,53,20,0,122,4,0,4,126
03/10/2019,GSO,NC,ASO,ES,Combined TRACON& Tower with Radar,64,62,44,0,170,0,0,14,0,14,64,62,58,0,184,22,0,22,206
03/11/2019,GSO,NC,ASO,ES,Combined TRACON& Tower with Radar,69,67,36,0,172,0,0,36,0,36,69,67,72,0,208,115,0,115,323
03/12/2019,GSO,NC,ASO,ES,Combined TRACON& Tower with Radar,99,73,49,4,225,0,4,67,2,73,99,77,116,6,298,56,0,56,354
03/13/2019,GSO,NC,ASO,ES,Combined TRACON& Tower with Radar,89,80,52,0,221,0,0,60,0,60,89,80,112,0,281,57,0,57,338
03/14/2019,GSO,NC,ASO,ES,Combined TRACON& Tower with Radar,93,96,54,0,243,0,0,32,0,32,93,96,86,0,275,39,0,39,314
03/15/2019,GSO,NC,ASO,ES,Combined TRACON& Tower with Radar,90,80,18,3,191,0,0,0,0,0,90,80,18,3,191,0,0,0,191
03/16/2019,GSO,NC,ASO,ES,Combined TRACON& Tower with Radar,48,58,35,3,144,0,1,48,0,49,48,59,83,3,193,16,0,16,209
03/17/2019,GSO,NC,ASO,ES,Combined TRACON& Tower with Radar,61,60,31,0,152,0,0,65,0,65,61,60,96,0,217,24,0,24,241
03/18/2019,GSO,NC,ASO,ES,Combined TRACON& Tower with Radar,77,70,31,1,179,0,1,65,0,66,77,71,96,1,245,32,0,32,277
03/19/2019,GSO,NC,ASO,ES,Combined TRACON& Tower with Radar,103,66,39,7,215,0,0,64,1,65,103,66,103,8,280,54,0,54,334
03/20/2019,GSO,NC,ASO,ES,Combined TRACON& Tower with Radar,90,84,54,0,228,0,10,33,0,43,90,94,87,0,271,48,0,48,319
03/21/2019,GSO,NC,ASO,ES,Combined TRACON& Tower with Radar,94,70,44,0,208,0,0,3,0,3,94,70,47,0,211,34,0,34,245
03/22/2019,GSO,NC,ASO,ES,Combined TRACON& Tower with Radar,86,76,40,2,204,0,5,17,2,24,86,81,57,4,228,0,0,0,228
03/23/2019,GSO,NC,ASO,ES,Combined TRACON& Tower with Radar,48,57,18,3,126,0,0,46,3,49,48,57,64,6,175,10,0,10,185
03/24/2019,GSO,NC,ASO,ES,Combined TRACON& Tower with Radar,57,64,41,4,166,0,0,34,0,34,57,64,75,4,200,35,0,35,235
03/25/2019,GSO,NC,ASO,ES,Combined TRACON& Tower with Radar,65,72,27,0,164,0,0,37,0,37,65,72,64,0,201,15,0,15,216
03/26/2019,GSO,NC,ASO,ES,Combined TRACON& Tower with Radar,93,71,40,5,209,0,0,20,0,20,93,71,60,5,229,36,16,52,281
03/27/2019,GSO,NC,ASO,ES,Combined TRACON& Tower with Radar,88,78,58,3,227,0,0,56,2,58,88,78,114,5,285,10,32,42,327
03/28/2019,GSO,NC,ASO,ES,Combined TRACON& Tower with Radar,98,82,44,1,225,1,2,72,0,75,99,84,116,1,300,35,0,35,335
03/29/2019,GSO,NC,ASO,ES,Combined TRACON& Tower with Radar,83,77,51,6,217,0,0,65,0,65,83,77,116,6,282,0,0,0,282
03/30/2019,GSO,NC,ASO,ES,Combined TRACON& Tower with Radar,46,58,27,6,137,0,1,42,0,43,46,59,69,6,180,8,0,8,188
03/31/2019,GSO,NC,ASO,ES,Combined TRACON& Tower with Radar,63,63,31,1,158,0,1,8,1,10,63,64,39,2,168,24,0,24,192
04/01/2019,GSO,NC,ASO,ES,Combined TRACON& Tower with Radar,70,72,46,11,199,0,0,59,1,60,70,72,105,12,259,36,18,54,313
04/02/2019,GSO,NC,ASO,ES,Combined TRACON& Tower with Radar,98,81,44,10,233,0,0,6,1,7,98,81,50,11,240,66,2,68,308
04/03/2019,GSO,NC,ASO,ES,Combined TRACON& Tower with Radar,90,100,58,8,256,0,0,73,0,73,90,100,131,8,329,40,6,46,375
04/04/2019,GSO,NC,ASO,ES,Combined TRACON& Tower with Radar,99,94,82,8,283,0,2,58,6,66,99,96,140,14,349,48,20,68,417
04/05/2019,GSO,NC,ASO,ES,Combined TRACON& Tower with Radar,94,75,59,0,228,0,0,1,0,1,94,75,60,0,229,0,0,0,229
04/06/2019,GSO,NC,ASO,ES,Combined TRACON& Tower with Radar,51,56,43,4,154,0,0,12,0,12,51,56,55,4,166,0,0,0,166
04/07/2019,GSO,NC,ASO,ES,Combined TRACON& Tower with Radar,59,75,67,4,205,0,0,5,0,5,59,75,72,4,210,24,0,24,234
04/08/2019,GSO,NC,ASO,ES,Combined TRACON& Tower with Radar,69,77,62,0,208,0,0,4,0,4,69,77,66,0,212,0,0,0,212
04/09/2019,GSO,NC,ASO,ES,Combined TRACON& Tower with Radar,111,88,58,23,280,0,0,24,0,24,111,88,82,23,304,53,12,65,369
04/10/2019,GSO,NC,ASO,ES,Combined TRACON& Tower with Radar,102,63,54,2,221,0,0,55,0,55,102,63,109,2,276,46,0,46,322
04/11/2019,GSO,NC,ASO,ES,Combined TRACON& Tower with Radar,99,75,47,0,221,0,3,60,1,64,99,78,107,1,285,22,0,22,307
04/12/2019,GSO,NC,ASO,ES,Combined TRACON& Tower with Radar,92,82,38,7,219,0,0,0,0,0,92,82,38,7,219,0,0,0,219
04/13/2019,GSO,NC,ASO,ES,Combined TRACON& Tower with Radar,43,46,23,0,112,0,0,0,0,0,43,46,23,0,112,0,0,0,112
04/14/2019,GSO,NC,ASO,ES,Combined TRACON& Tower with Radar,64,51,26,1,142,0,0,0,0,0,64,51,26,1,142,0,0,0,142
04/15/2019,GSO,NC,ASO,ES,Combined TRACON& Tower with Radar,71,74,41,0,186,0,2,12,0,14,71,76,53,0,200,16,0,16,216
04/16/2019,GSO,NC,ASO,ES,Combined TRACON& Tower with Radar,100,77,50,4,231,0,0,73,2,75,100,77,123,6,306,90,0,90,396
04/17/2019,GSO,NC,ASO,ES,Combined TRACON& Tower with Radar,92,84,50,1,227,0,0,54,2,56,92,84,104,3,283,92,0,92,375
04/18/2019,GSO,NC,ASO,ES,Combined TRACON& Tower with Radar,97,93,57,2,249,0,3,50,0,53,97,96,107,2,302,41,0,41,343
04/19/2019,GSO,NC,ASO,ES,Combined TRACON& Tower with Radar,85,62,19,1,167,0,0,0,0,0,85,62,19,1,167,0,0,0,167
04/20/2019,GSO,NC,ASO,ES,Combined TRACON& Tower with Radar,49,48,28,0,125,0,1,9,0,10,49,49,37,0,135,0,0,0,135
04/21/2019,GSO,NC,ASO,ES,Combined TRACON& Tower with Radar,56,57,24,0,137,0,3,29,0,32,56,60,53,0,169,32,0,32,201
04/22/2019,GSO,NC,ASO,ES,Combined TRACON& Tower with Radar,74,92,68,1,235,0,0,67,0,67,74,92,135,1,302,78,0,78,380
04/23/2019,GSO,NC,ASO,ES,Combined TRACON& Tower with Radar,92,78,57,20,247,0,1,60,3,64,92,79,117,23,311,86,0,86,397
04/24/2019,GSO,NC,ASO,ES,Combined TRACON& Tower with Radar,95,78,53,0,226,0,0,57,0,57,95,78,110,0,283,0,0,0,283
04/25/2019,GSO,NC,ASO,ES,Combined TRACON& Tower with Radar,94,77,64,10,245,0,0,47,2,49,94,77,111,12,294,94,24,118,412
04/26/2019,GSO,NC,ASO,ES,Combined TRACON& Tower with Radar,94,59,28,1,182,0,0,3,0,3,94,59,31,1,185,4,0,4,189
04/27/2019,GSO,NC,ASO,ES,Combined TRACON& Tower with Radar,44,50,37,1,132,0,1,48,0,49,44,51,85,1,181,28,0,28,209
04/28/2019,GSO,NC,ASO,ES,Combined TRACON& Tower with Radar,60,60,40,0,160,0,2,27,0,29,60,62,67,0,189,68,0,68,257
04/29/2019,GSO,NC,ASO,ES,Combined TRACON& Tower with Radar,73,71,71,1,216,0,0,8,1,9,73,71,79,2,225,0,0,0,225
04/30/2019,GSO,NC,ASO,ES,Combined TRACON& Tower with Radar,91,77,51,4,223,0,0,52,0,52,91,77,103,4,275,96,0,96,371
05/01/2019,GSO,NC,ASO,ES,Combined TRACON& Tower with Radar,90,83,48,2,223,0,0,43,0,43,90,83,91,2,266,49,0,49,315
05/02/2019,GSO,NC,ASO,ES,Combined TRACON& Tower with Radar,93,86,66,5,250,0,0,44,0,44,93,86,110,5,294,78,0,78,372
05/03/2019,GSO,NC,ASO,ES,Combined TRACON& Tower with Radar,94,82,56,10,242,0,0,7,3,10,94,82,63,13,252,15,0,15,267
05/04/2019,GSO,NC,ASO,ES,Combined TRACON& Tower with Radar,44,68,35,2,149,0,1,15,0,16,44,69,50,2,165,26,0,26,191
05/05/2019,GSO,NC,ASO,ES,Combined TRACON& Tower with Radar,67,75,40,0,182,0,0,3,0,3,67,75,43,0,185,0,0,0,185
05/06/2019,GSO,NC,ASO,ES,Combined TRACON& Tower with Radar,76,72,25,0,173,0,0,52,0,52,76,72,77,0,225,52,0,52,277
05/07/2019,GSO,NC,ASO,ES,Combined TRACON& Tower with Radar,98,83,54,0,235,0,0,26,0,26,98,83,80,0,261,0,0,0,261
05/08/2019,GSO,NC,ASO,ES,Combined TRACON& Tower with Radar,97,84,34,12,227,0,0,24,0,24,97,84,58,12,251,71,0,71,322
05/09/2019,GSO,NC,ASO,ES,Combined TRACON& Tower with Radar,96,84,70,8,258,0,3,43,0,46,96,87,113,8,304,65,0,65,369
05/10/2019,GSO,NC,ASO,ES,Combined TRACON& Tower with Radar,94,76,79,3,252,0,0,23,0,23,94,76,102,3,275,46,0,46,321
05/11/2019,GSO,NC,ASO,ES,Combined TRACON& Tower with Radar,37,57,32,0,126,0,0,10,0,10,37,57,42,0,136,4,0,4,140
05/12/2019,GSO,NC,ASO,ES,Combined TRACON& Tower with Radar,59,62,63,1,185,0,0,4,0,4,59,62,67,1,189,14,0,14,203
05/13/2019,GSO,NC,ASO,ES,Combined TRACON& Tower with Radar,81,64,53,4,202,0,0,29,0,29,81,64,82,4,231,12,0,12,243
05/14/2019,GSO,NC,ASO,ES,Combined TRACON& Tower with Radar,95,88,60,2,245,0,4,69,1,74,95,92,129,3,319,62,0,62,381
05/15/2019,GSO,NC,ASO,ES,Combined TRACON& Tower with Radar,98,85,53,11,247,0,1,79,0,80,98,86,132,11,327,41,0,41,368
05/16/2019,GSO,NC,ASO,ES,Combined TRACON& Tower with Radar,105,89,32,19,245,0,3,78,0,81,105,92,110,19,326,45,0,45,371
05/17/2019,GSO,NC,ASO,ES,Combined TRACON& Tower with Radar,86,85,47,3,221,0,1,48,0,49,86,86,95,3,270,63,0,63,333
05/18/2019,GSO,NC,ASO,ES,Combined TRACON& Tower with Radar,40,62,29,0,131,0,4,61,0,65,40,66,90,0,196,0,0,0,196
05/19/2019,GSO,NC,ASO,ES,Combined TRACON& Tower with Radar,66,72,28,1,167,0,0,30,0,30,66,72,58,1,197,25,0,25,222
05/20/2019,GSO,NC,ASO,ES,Combined TRACON& Tower with Radar,71,81,38,2,192,0,1,18,0,19,71,82,56,2,211,0,0,0,211
05/21/2019,GSO,NC,ASO,ES,Combined TRACON& Tower with Radar,89,85,52,3,229,0,3,48,0,51,89,88,100,3,280,53,0,53,333
05/22/2019,GSO,NC,ASO,ES,Combined TRACON& Tower with Radar,95,79,57,5,236,0,0,24,0,24,95,79,81,5,260,69,0,69,329
05/23/2019,GSO,NC,ASO,ES,Combined TRACON& Tower with Radar,98,71,62,1,232,0,2,16,0,18,98,73,78,1,250,48,0,48,298
05/24/2019,GSO,NC,ASO,ES,Combined TRACON& Tower with Radar,85,73,42,0,200,0,5,54,0,59,85,78,96,0,259,58,0,58,317
05/25/2019,GSO,NC,ASO,ES,Combined TRACON& Tower with Radar,41,65,24,0,130,0,1,47,0,48,41,66,71,0,178,0,0,0,178
05/26/2019,GSO,NC,ASO,ES,Combined TRACON& Tower with Radar,48,46,9,0,103,0,0,31,0,31,48,46,40,0,134,0,0,0,134
05/27/2019,GSO,NC,ASO,ES,Combined TRACON& Tower with Radar,61,59,27,0,147,0,0,51,0,51,61,59,78,0,198,30,0,30,228
05/28/2019,GSO,NC,ASO,ES,Combined TRACON& Tower with Radar,79,64,51,5,199,0,2,64,2,68,79,66,115,7,267,49,6,55,322
05/29/2019,GSO,NC,ASO,ES,Combined TRACON& Tower with Radar,90,60,34,9,193,0,0,49,1,50,90,60,83,10,243,30,6,36,279
05/30/2019,GSO,NC,ASO,ES,Combined TRACON& Tower with Radar,107,81,62,0,250,0,0,45,0,45,107,81,107,0,295,0,0,0,295
05/31/2019,GSO,NC,ASO,ES,Combined TRACON& Tower with Radar,91,79,46,6,222,0,0,32,0,32,91,79,78,6,254,40,0,40,294
06/01/2019,GSO,NC,ASO,ES,Combined TRACON& Tower with Radar,50,61,21,0,132,0,0,34,0,34,50,61,55,0,166,58,0,58,224
06/02/2019,GSO,NC,ASO,ES,Combined TRACON& Tower with Radar,67,61,29,0,157,0,0,52,0,52,67,61,81,0,209,2,0,2,211
06/03/2019,GSO,NC,ASO,ES,Combined TRACON& Tower with Radar,76,72,39,10,197,0,0,41,0,41,76,72,80,10,238,62,0,62,300
06/04/2019,GSO,NC,ASO,ES,Combined TRACON& Tower with Radar,90,81,52,2,225,0,0,69,0,69,90,81,121,2,294,46,0,46,340
06/05/2019,GSO,NC,ASO,ES,Combined TRACON& Tower with Radar,103,87,51,1,242,0,0,4,0,4,103,87,55,1,246,22,0,22,268
06/06/2019,GSO,NC,ASO,ES,Combined TRACON& Tower with Radar,98,72,63,0,233,0,0,46,0,46,98,72,109,0,279,85,0,85,364
06/07/2019,GSO,NC,ASO,ES,Combined TRACON& Tower with Radar,86,72,35,2,195,0,0,0,0,0,86,72,35,2,195,0,0,0,195
06/08/2019,GSO,NC,ASO,ES,Combined TRACON& Tower with Radar,42,67,16,1,126,0,0,0,0,0,42,67,16,1,126,0,0,0,126
06/09/2019,GSO,NC,ASO,ES,Combined TRACON& Tower with Radar,60,60,25,0,145,0,0,0,0,0,60,60,25,0,145,0,0,0,145
06/10/2019,GSO,NC,ASO,ES,Combined TRACON& Tower with Radar,61,73,34,1,169,0,0,6,0,6,61,73,40,1,175,0,0,0,175
06/11/2019,GSO,NC,ASO,ES,Combined TRACON& Tower with Radar,94,72,42,0,208,0,0,72,0,72,94,72,114,0,280,40,0,40,320
06/12/2019,GSO,NC,ASO,ES,Combined TRACON& Tower with Radar,88,87,34,2,211,0,2,19,0,21,88,89,53,2,232,0,0,0,232
06/13/2019,GSO,NC,ASO,ES,Combined TRACON& Tower with Radar,105,89,40,0,234,0,0,23,0,23,105,89,63,0,257,21,0,21,278
06/14/2019,GSO,NC,ASO,ES,Combined TRACON& Tower with Radar,89,80,48,8,225,0,0,63,2,65,89,80,111,10,290,42,0,42,332
06/15/2019,GSO,NC,ASO,ES,Combined TRACON& Tower with Radar,48,63,20,0,131,0,0,70,0,70,48,63,90,0,201,0,0,0,201
06/16/2019,GSO,NC,ASO,ES,Combined TRACON& Tower with Radar,66,62,39,0,167,0,0,43,0,43,66,62,82,0,210,18,0,18,228
06/17/2019,GSO,NC,ASO,ES,Combined TRACON& Tower with Radar,72,69,80,6,227,0,0,42,2,44,72,69,122,8,271,0,0,0,271
06/18/2019,GSO,NC,ASO,ES,Combined TRACON& Tower with Radar,93,76,46,2,217,0,0,21,0,21,93,76,67,2,238,4,0,4,242
06/19/2019,GSO,NC,ASO,ES,Combined TRACON& Tower with Radar,90,78,57,3,228,0,0,6,0,6,90,78,63,3,234,50,0,50,284
06/20/2019,GSO,NC,ASO,ES,Combined TRACON& Tower with Radar,106,77,40,0,223,0,0,23,0,23,106,77,63,0,246,63,0,63,309
06/21/2019,GSO,NC,ASO,ES,Combined TRACON& Tower with Radar,96,83,38,4,221,0,0,28,0,28,96,83,66,4,249,0,0,0,249
06/22/2019,GSO,NC,ASO,ES,Combined TRACON& Tower with Radar,44,64,23,0,131,0,0,39,0,39,44,64,62,0,170,0,0,0,170
06/23/2019,GSO,NC,ASO,ES,Combined TRACON& Tower with Radar,65,53,29,1,148,0,0,28,0,28,65,53,57,1,176,70,0,70,246
06/24/2019,GSO,NC,ASO,ES,Combined TRACON& Tower with Radar,80,64,34,0,178,0,1,43,0,44,80,65,77,0,222,38,0,38,260
06/25/2019,GSO,NC,ASO,ES,Combined TRACON& Tower with Radar,93,82,51,0,226,0,1,48,0,49,93,83,99,0,275,52,0,52,327
06/26/2019,GSO,NC,ASO,ES,Combined TRACON& Tower with Radar,94,78,25,1,198,0,0,51,0,51,94,78,76,1,249,53,0,53,302
06/27/2019,GSO,NC,ASO,ES,Combined TRACON& Tower with Radar,103,73,60,2,238,0,3,55,2,60,103,76,115,4,298,41,0,41,339
06/28/2019,GSO,NC,ASO,ES,Combined TRACON& Tower with Radar,97,73,46,0,216,0,0,53,0,53,97,73,99,0,269,6,0,6,275
06/29/2019,GSO,NC,ASO,ES,Combined TRACON& Tower with Radar,45,52,29,0,126,0,0,47,0,47,45,52,76,0,173,34,0,34,207
06/30/2019,GSO,NC,ASO,ES,Combined TRACON& Tower with Radar,61,49,33,0,143,0,0,33,0,33,61,49,66,0,176,28,0,28,204
07/01/2019,GSO,NC,ASO,ES,Combined TRACON& Tower with Radar,55,62,34,4,155,0,0,59,0,59,55,62,93,4,214,29,0,29,243
07/02/2019,GSO,NC,ASO,ES,Combined TRACON& Tower with Radar,80,67,40,9,196,0,0,49,2,51,80,67,89,11,247,38,0,38,285
07/03/2019,GSO,NC,ASO,ES,Combined TRACON& Tower with Radar,73,63,40,2,178,0,0,53,0,53,73,63,93,2,231,20,0,20,251
07/04/2019,GSO,NC,ASO,ES,Combined TRACON& Tower with Radar,50,41,13,0,104,0,0,14,0,14,50,41,27,0,118,4,0,4,122
07/05/2019,GSO,NC,ASO,ES,Combined TRACON& Tower with Radar,55,49,22,0,126,0,0,10,0,10,55,49,32,0,136,0,0,0,136
07/06/2019,GSO,NC,ASO,ES,Combined TRACON& Tower with Radar,41,65,27,0,133,0,0,9,0,9,41,65,36,0,142,54,0,54,196
07/07/2019,GSO,NC,ASO,ES,Combined TRACON& Tower with Radar,70,57,41,0,168,0,0,15,0,15,70,57,56,0,183,22,0,22,205
07/08/2019,GSO,NC,ASO,ES,Combined TRACON& Tower with Radar,74,75,51,0,200,0,0,48,0,48,74,75,99,0,248,96,0,96,344
07/09/2019,GSO,NC,ASO,ES,Combined TRACON& Tower with Radar,96,72,33,3,204,0,0,19,0,19,96,72,52,3,223,38,0,38,261
07/10/2019,GSO,NC,ASO,ES,Combined TRACON& Tower with Radar,87,73,53,0,213,0,1,30,0,31,87,74,83,0,244,58,0,58,302
07/11/2019,GSO,NC,ASO,ES,Combined TRACON& Tower with Radar,89,62,45,13,209,0,0,19,0,19,89,62,64,13,228,14,0,14,242
07/12/2019,GSO,NC,ASO,ES,Combined TRACON& Tower with Radar,89,74,41,0,204,0,0,44,0,44,89,74,85,0,248,34,0,34,282
07/13/2019,GSO,NC,ASO,ES,Combined TRACON& Tower with Radar,52,58,38,0,148,0,0,49,0,49,52,58,87,0,197,28,0,28,225
07/14/2019,GSO,NC,ASO,ES,Combined TRACON& Tower with Radar,65,55,24,0,144,0,0,39,0,39,65,55,63,0,183,13,0,13,196
07/15/2019,GSO,NC,ASO,ES,Combined TRACON& Tower with Radar,74,65,59,3,201,0,3,41,2,46,74,68,100,5,247,10,2,12,259
07/16/2019,GSO,NC,ASO,ES,Combined TRACON& Tower with Radar,98,70,36,0,204,0,1,52,0,53,98,71,88,0,257,58,0,58,315
07/17/2019,GSO,NC,ASO,ES,Combined TRACON& Tower with Radar,83,70,54,11,218,0,0,31,1,32,83,70,85,12,250,16,0,16,266
07/18/2019,GSO,NC,ASO,ES,Combined TRACON& Tower with Radar,94,73,61,12,240,0,0,36,0,36,94,73,97,12,276,62,0,62,338
07/19/2019,GSO,NC,ASO,ES,Combined TRACON& Tower with Radar,86,79,49,1,215,0,2,53,0,55,86,81,102,1,270,18,0,18,288
07/20/2019,GSO,NC,ASO,ES,Combined TRACON& Tower with Radar,53,61,22,0,136,0,0,28,0,28,53,61,50,0,164,10,0,10,174
07/21/2019,GSO,NC,ASO,ES,Combined TRACON& Tower with Radar,62,55,34,0,151,0,0,23,0,23,62,55,57,0,174,40,0,40,214
07/22/2019,GSO,NC,ASO,ES,Combined TRACON& Tower with Radar,71,60,28,0,159,0,4,41,0,45,71,64,69,0,204,4,0,4,208
07/23/2019,GSO,NC,ASO,ES,Combined TRACON& Tower with Radar,93,68,25,9,195,0,0,2,3,5,93,68,27,12,200,0,0,0,200
07/24/2019,GSO,NC,ASO,ES,Combined TRACON& Tower with Radar,87,83,58,0,228,0,2,54,2,58,87,85,112,2,286,12,0,12,298
07/25/2019,GSO,NC,ASO,ES,Combined TRACON& Tower with Radar,93,81,54,5,233,0,0,73,1,74,93,81,127,6,307,22,0,22,329
07/26/2019,GSO,NC,ASO,ES,Combined TRACON& Tower with Radar,87,82,38,7,214,0,0,50,1,51,87,82,88,8,265,52,0,52,317
07/27/2019,GSO,NC,ASO,ES,Combined TRACON& Tower with Radar,54,63,19,0,136,0,1,52,0,53,54,64,71,0,189,0,0,0,189
07/28/2019,GSO,NC,ASO,ES,Combined TRACON& Tower with Radar,68,64,42,0,174,0,0,38,0,38,68,64,80,0,212,20,0,20,232
07/29/2019,GSO,NC,ASO,ES,Combined TRACON& Tower with Radar,69,73,45,0,187,0,1,42,2,45,69,74,87,2,232,23,0,23,255
07/30/2019,GSO,NC,ASO,ES,Combined TRACON& Tower with Radar,88,79,46,9,222,0,4,22,4,30,88,83,68,13,252,22,0,22,274
07/31/2019,GSO,NC,ASO,ES,Combined TRACON& Tower with Radar,86,74,46,1,207,0,1,25,1,27,86,75,71,2,234,0,0,0,234
08/01/2019,GSO,NC,ASO,ES,Combined TRACON& Tower with Radar,110,79,62,16,267,0,0,25,1,26,110,79,87,17,293,0,0,0,293
08/02/2019,GSO,NC,ASO,ES,Combined TRACON& Tower with Radar,93,84,47,4,228,0,2,19,0,21,93,86,66,4,249,2,0,2,251
08/03/2019,GSO,NC,ASO,ES,Combined TRACON& Tower with Radar,47,61,38,0,146,0,0,13,0,13,47,61,51,0,159,0,0,0,159
08/04/2019,GSO,NC,ASO,ES,Combined TRACON& Tower with Radar,67,77,40,3,187,0,0,21,0,21,67,77,61,3,208,2,0,2,210
08/05/2019,GSO,NC,ASO,ES,Combined TRACON& Tower with Radar,69,79,57,2,207,0,2,40,0,42,69,81,97,2,249,0,0,0,249
08/06/2019,GSO,NC,ASO,ES,Combined TRACON& Tower with Radar,93,82,43,17,235,0,0,46,9,55,93,82,89,26,290,18,12,30,320
08/07/2019,GSO,NC,ASO,ES,Combined TRACON& Tower with Radar,90,73,52,0,215,0,2,37,0,39,90,75,89,0,254,23,0,23,277
08/08/2019,GSO,NC,ASO,ES,Combined TRACON& Tower with Radar,94,77,56,0,227,0,4,38,0,42,94,81,94,0,269,18,0,18,287
08/09/2019,GSO,NC,ASO,ES,Combined TRACON& Tower with Radar,85,81,31,4,201,0,0,38,0,38,85,81,69,4,239,18,0,18,257
08/10/2019,GSO,NC,ASO,ES,Combined TRACON& Tower with Radar,48,58,19,0,125,0,0,44,0,44,48,58,63,0,169,12,0,12,181
08/11/2019,GSO,NC,ASO,ES,Combined TRACON& Tower with Radar,64,53,30,0,147,0,0,35,0,35,64,53,65,0,182,29,0,29,211
08/12/2019,GSO,NC,ASO,ES,Combined TRACON& Tower with Radar,65,67,42,11,185,0,0,21,5,26,65,67,63,16,211,4,0,4,215
08/13/2019,GSO,NC,ASO,ES,Combined TRACON& Tower with Radar,98,64,45,0,207,0,0,45,0,45,98,64,90,0,252,26,0,26,278
08/14/2019,GSO,NC,ASO,ES,Combined TRACON& Tower with Radar,85,82,45,0,212,0,0,29,0,29,85,82,74,0,241,27,0,27,268
08/15/2019,GSO,NC,ASO,ES,Combined TRACON& Tower with Radar,88,77,54,1,220,0,0,23,0,23,88,77,77,1,243,34,0,34,277
08/16/2019,GSO,NC,ASO,ES,Combined TRACON& Tower with Radar,86,83,43,14,226,0,1,12,0,13,86,84,55,14,239,36,0,36,275
08/17/2019,GSO,NC,ASO,ES,Combined TRACON& Tower with Radar,44,62,39,0,145,0,0,13,0,13,44,62,52,0,158,8,0,8,166
08/18/2019,GSO,NC,ASO,ES,Combined TRACON& Tower with Radar,59,48,36,0,143,0,0,31,0,31,59,48,67,0,174,22,0,22,196
08/19/2019,GSO,NC,ASO,ES,Combined TRACON& Tower with Radar,80,67,29,0,176,0,0,38,0,38,80,67,67,0,214,17,0,17,231
08/20/2019,GSO,NC,ASO,ES,Combined TRACON& Tower with Radar,91,66,43,0,200,0,0,28,0,28,91,66,71,0,228,29,0,29,257
08/21/2019,GSO,NC,ASO,ES,Combined TRACON& Tower with Radar,84,69,68,3,224,0,1,15,0,16,84,70,83,3,240,32,0,32,272
08/22/2019,GSO,NC,ASO,ES,Combined TRACON& Tower with Radar,93,70,43,21,227,0,0,22,1,23,93,70,65,22,250,16,0,16,266
08/23/2019,GSO,NC,ASO,ES,Combined TRACON& Tower with Radar,88,67,32,4,191,0,0,24,0,24,88,67,56,4,215,11,0,11,226
08/24/2019,GSO,NC,ASO,ES,Combined TRACON& Tower with Radar,43,61,31,0,135,0,0,1,0,1,43,61,32,0,136,0,0,0,136
08/25/2019,GSO,NC,ASO,ES,Combined TRACON& Tower with Radar,64,58,36,0,158,0,0,25,0,25,64,58,61,0,183,42,0,42,225
08/26/2019,GSO,NC,ASO,ES,Combined TRACON& Tower with Radar,71,67,52,3,193,0,0,18,0,18,71,67,70,3,211,14,0,14,225
08/27/2019,GSO,NC,ASO,ES,Combined TRACON& Tower with Radar,88,75,69,24,256,0,0,3,0,3,88,75,72,24,259,18,0,18,277
08/28/2019,GSO,NC,ASO,ES,Combined TRACON& Tower with Radar,88,79,60,0,227,0,0,18,0,18,88,79,78,0,245,28,0,28,273
08/29/2019,GSO,NC,ASO,ES,Combined TRACON& Tower with Radar,91,85,47,0,223,0,4,73,0,77,91,89,120,0,300,24,0,24,324
08/30/2019,GSO,NC,ASO,ES,Combined TRACON& Tower with Radar,80,80,58,0,218,0,0,65,1,66,80,80,123,1,284,16,0,16,300
08/31/2019,GSO,NC,ASO,ES,Combined TRACON& Tower with Radar,36,53,24,0,113,0,2,61,0,63,36,55,85,0,176,27,0,27,203
09/01/2019,GSO,NC,ASO,ES,Combined TRACON& Tower with Radar,48,41,22,0,111,0,0,19,0,19,48,41,41,0,130,52,0,52,182
09/02/2019,GSO,NC,ASO,ES,Combined TRACON& Tower with Radar,51,53,39,0,143,0,0,62,0,62,51,53,101,0,205,92,0,92,297
09/03/2019,GSO,NC,ASO,ES,Combined TRACON& Tower with Radar,65,66,35,0,166,0,0,43,0,43,65,66,78,0,209,58,0,58,267
09/04/2019,GSO,NC,ASO,ES,Combined TRACON& Tower with Radar,81,83,49,5,218,0,0,48,2,50,81,83,97,7,268,10,0,10,278
09/05/2019,GSO,NC,ASO,ES,Combined TRACON& Tower with Radar,89,81,30,0,200,0,0,10,4,14,89,81,40,4,214,19,0,19,233
09/06/2019,GSO,NC,ASO,ES,Combined TRACON& Tower with Radar,87,73,31,0,191,0,2,24,0,26,87,75,55,0,217,14,0,14,231
09/07/2019,GSO,NC,ASO,ES,Combined TRACON& Tower with Radar,46,69,18,6,139,0,1,41,7,49,46,70,59,13,188,60,0,60,248
09/08/2019,GSO,NC,ASO,ES,Combined TRACON& Tower with Radar,62,66,28,0,156,0,0,32,6,38,62,66,60,6,194,0,0,0,194
09/09/2019,GSO,NC,ASO,ES,Combined TRACON& Tower with Radar,69,71,54,1,195,0,2,31,0,33,69,73,85,1,228,32,0,32,260
09/10/2019,GSO,NC,ASO,ES,Combined TRACON& Tower with Radar,84,85,50,0,219,0,1,12,0,13,84,86,62,0,232,43,0,43,275
09/11/2019,GSO,NC,ASO,ES,Combined TRACON& Tower with Radar,85,77,44,5,211,0,0,26,0,26,85,77,70,5,237,42,0,42,279
09/12/2019,GSO,NC,ASO,ES,Combined TRACON& Tower with Radar,90,77,46,1,214,0,0,47,0,47,90,77,93,1,261,0,0,0,261
09/13/2019,GSO,NC,ASO,ES,Combined TRACON& Tower with Radar,91,82,47,13,233,0,0,5,0,5,91,82,52,13,238,0,0,0,238
09/14/2019,GSO,NC,ASO,ES,Combined TRACON& Tower with Radar,43,64,26,2,135,0,0,8,0,8,43,64,34,2,143,20,0,20,163
09/15/2019,GSO,NC,ASO,ES,Combined TRACON& Tower with Radar,65,64,38,3,170,0,0,19,0,19,65,64,57,3,189,20,0,20,209
09/16/2019,GSO,NC,ASO,ES,Combined TRACON& Tower with Radar,70,82,30,2,184,0,3,40,0,43,70,85,70,2,227,15,0,15,242
09/17/2019,GSO,NC,ASO,ES,Combined TRACON& Tower with Radar,79,79,38,1,197,0,2,43,1,46,79,81,81,2,243,12,0,12,255
09/18/2019,GSO,NC,ASO,ES,Combined TRACON& Tower with Radar,85,79,50,0,214,0,0,55,0,55,85,79,105,0,269,51,0,51,320
09/19/2019,GSO,NC,ASO,ES,Combined TRACON& Tower with Radar,91,86,38,3,218,0,2,34,0,36,91,88,72,3,254,60,0,60,314
09/20/2019,GSO,NC,ASO,ES,Combined TRACON& Tower with Radar,84,91,71,2,248,0,2,63,0,65,84,93,134,2,313,18,0,18,331
09/21/2019,GSO,NC,ASO,ES,Combined TRACON& Tower with Radar,45,63,26,0,134,0,0,36,0,36,45,63,62,0,170,22,0,22,192
09/22/2019,GSO,NC,ASO,ES,Combined TRACON& Tower with Radar,65,75,51,0,191,0,0,35,0,35,65,75,86,0,226,15,0,15,241
09/23/2019,GSO,NC,ASO,ES,Combined TRACON& Tower with Radar,69,72,49,19,209,0,10,63,10,83,69,82,112,29,292,28,20,48,340
09/24/2019,GSO,NC,ASO,ES,Combined TRACON& Tower with Radar,89,79,42,12,222,0,3,60,2,65,89,82,102,14,287,18,0,18,305
09/25/2019,GSO,NC,ASO,ES,Combined TRACON& Tower with Radar,81,76,44,0,201,0,2,31,0,33,81,78,75,0,234,64,0,64,298
09/26/2019,GSO,NC,ASO,ES,Combined TRACON& Tower with Radar,91,78,40,5,214,0,3,75,1,79,91,81,115,6,293,60,0,60,353
09/27/2019,GSO,NC,ASO,ES,Combined TRACON& Tower with Radar,92,70,57,6,225,0,1,51,0,52,92,71,108,6,277,10,0,10,287
09/28/2019,GSO,NC,ASO,ES,Combined TRACON& Tower with Radar,44,69,26,0,139,0,0,21,1,22,44,69,47,1,161,65,0,65,226
09/29/2019,GSO,NC,ASO,ES,Combined TRACON& Tower with Radar,65,62,41,0,168,0,0,23,0,23,65,62,64,0,191,31,0,31,222
09/30/2019,GSO,NC,ASO,ES,Combined TRACON& Tower with Radar,67,76,39,4,186,0,0,6,2,8,67,76,45,6,194,0,0,0,194
10/01/2019,GSO,NC,ASO,ES,Combined TRACON& Tower with Radar,89,85,62,4,240,0,0,35,0,35,89,85,97,4,275,15,6,21,296
10/02/2019,GSO,NC,ASO,ES,Combined TRACON& Tower with Radar,87,79,63,0,229,0,0,48,2,50,87,79,111,2,279,52,0,52,331
10/03/2019,GSO,NC,ASO,ES,Combined TRACON& Tower with Radar,94,83,55,5,237,0,2,49,1,52,94,85,104,6,289,30,0,30,319
10/04/2019,GSO,NC,ASO,ES,Combined TRACON& Tower with Radar,91,101,61,18,271,0,3,41,2,46,91,104,102,20,317,8,0,8,325
10/05/2019,GSO,NC,ASO,ES,Combined TRACON& Tower with Radar,47,58,20,0,125,0,0,21,0,21,47,58,41,0,146,37,0,37,183
10/06/2019,GSO,NC,ASO,ES,Combined TRACON& Tower with Radar,67,59,57,0,183,0,0,12,0,12,67,59,69,0,195,8,0,8,203
10/07/2019,GSO,NC,ASO,ES,Combined TRACON& Tower with Radar,71,72,43,30,216,0,0,41,1,42,71,72,84,31,258,66,28,94,352
10/08/2019,GSO,NC,ASO,ES,Combined TRACON& Tower with Radar,83,80,59,6,228,0,0,2,1,3,83,80,61,7,231,0,0,0,231
10/09/2019,GSO,NC,ASO,ES,Combined TRACON& Tower with Radar,87,73,43,6,209,0,0,37,2,39,87,73,80,8,248,49,0,49,297
10/10/2019,GSO,NC,ASO,ES,Combined TRACON& Tower with Radar,91,80,54,0,225,0,2,38,2,42,91,82,92,2,267,94,0,94,361
10/11/2019,GSO,NC,ASO,ES,Combined TRACON& Tower with Radar,91,73,58,5,227,0,0,48,0,48,91,73,106,5,275,14,4,18,293
10/12/2019,GSO,NC,ASO,ES,Combined TRACON& Tower with Radar,50,55,22,0,127,0,0,51,0,51,50,55,73,0,178,0,0,0,178
10/13/2019,GSO,NC,ASO,ES,Combined TRACON& Tower with Radar,73,60,40,1,174,0,0,0,0,0,73,60,40,1,174,12,0,12,186
10/14/2019,GSO,NC,ASO,ES,Combined TRACON& Tower with Radar,73,69,38,1,181,0,0,44,0,44,73,69,82,1,225,30,0,30,255
10/15/2019,GSO,NC,ASO,ES,Combined TRACON& Tower with Radar,85,83,49,11,228,0,0,56,8,64,85,83,105,19,292,58,10,68,360
10/16/2019,GSO,NC,ASO,ES,Combined TRACON& Tower with Radar,81,85,79,16,261,0,0,10,0,10,81,85,89,16,271,8,0,8,279
10/17/2019,GSO,NC,ASO,ES,Combined TRACON& Tower with Radar,92,89,79,12,272,0,0,39,2,41,92,89,118,14,313,14,0,14,327
10/18/2019,GSO,NC,ASO,ES,Combined TRACON& Tower with Radar,95,94,70,4,263,0,1,42,0,43,95,95,112,4,306,26,8,34,340
10/19/2019,GSO,NC,ASO,ES,Combined TRACON& Tower with Radar,51,74,36,0,161,0,0,22,0,22,51,74,58,0,183,0,0,0,183
10/20/2019,GSO,NC,ASO,ES,Combined TRACON& Tower with Radar,79,81,98,2,260,0,0,2,0,2,79,81,100,2,262,0,0,0,262
10/21/2019,GSO,NC,ASO,ES,Combined TRACON& Tower with Radar,72,87,58,8,225,0,0,13,0,13,72,87,71,8,238,26,0,26,264
10/22/2019,GSO,NC,ASO,ES,Combined TRACON& Tower with Radar,86,79,52,0,217,0,0,2,0,2,86,79,54,0,219,0,0,0,219
10/23/2019,GSO,NC,ASO,ES,Combined TRACON& Tower with Radar,85,93,52,19,249,0,0,50,6,56,85,93,102,25,305,44,8,52,357
10/24/2019,GSO,NC,ASO,ES,Combined TRACON& Tower with Radar,90,85,43,0,218,0,1,60,2,63,90,86,103,2,281,84,0,84,365
10/25/2019,GSO,NC,ASO,ES,Combined TRACON& Tower with Radar,86,83,76,1,246,0,2,56,0,58,86,85,132,1,304,44,0,44,348
10/26/2019,GSO,NC,ASO,ES,Combined TRACON& Tower with Radar,44,64,30,0,138,0,0,55,0,55,44,64,85,0,193,42,0,42,235
10/27/2019,GSO,NC,ASO,ES,Combined TRACON& Tower with Radar,61,61,32,0,154,0,0,8,0,8,61,61,40,0,162,0,0,0,162
10/28/2019,GSO,NC,ASO,ES,Combined TRACON& Tower with Radar,70,72,39,19,200,0,1,38,1,40,70,73,77,20,240,0,0,0,240
10/29/2019,GSO,NC,ASO,ES,Combined TRACON& Tower with Radar,84,85,61,6,236,0,0,2,0,2,84,85,63,6,238,20,0,20,258
10/30/2019,GSO,NC,ASO,ES,Combined TRACON& Tower with Radar,78,68,31,0,177,0,0,0,0,0,78,68,31,0,177,0,0,0,177
10/31/2019,GSO,NC,ASO,ES,Combined TRACON& Tower with Radar,76,70,31,2,179,0,0,0,0,0,76,70,31,2,179,0,0,0,179
11/01/2019,GSO,NC,ASO,ES,Combined TRACON& Tower with Radar,83,84,49,2,218,0,1,52,0,53,83,85,101,2,271,42,0,42,313
11/02/2019,GSO,NC,ASO,ES,Combined TRACON& Tower with Radar,49,62,28,0,139,0,2,57,0,59,49,64,85,0,198,64,0,64,262
11/03/2019,GSO,NC,ASO,ES,Combined TRACON& Tower with Radar,69,60,35,0,164,0,2,45,0,47,69,62,80,0,211,28,0,28,239
11/04/2019,GSO,NC,ASO,ES,Combined TRACON& Tower with Radar,77,77,37,14,205,0,5,44,6,55,77,82,81,20,260,17,5,22,282
11/05/2019,GSO,NC,ASO,ES,Combined TRACON& Tower with Radar,83,90,59,14,246,0,2,48,0,50,83,92,107,14,296,14,0,14,310
11/06/2019,GSO,NC,ASO,ES,Combined TRACON& Tower with Radar,79,80,54,8,221,0,2,65,0,67,79,82,119,8,288,51,0,51,339
11/07/2019,GSO,NC,ASO,ES,Combined TRACON& Tower with Radar,97,81,47,1,226,0,0,13,0,13,97,81,60,1,239,19,0,19,258
11/08/2019,GSO,NC,ASO,ES,Combined TRACON& Tower with Radar,89,84,49,1,223,0,0,16,0,16,89,84,65,1,239,6,2,8,247
11/09/2019,GSO,NC,ASO,ES,Combined TRACON& Tower with Radar,52,61,31,0,144,0,0,38,0,38,52,61,69,0,182,12,0,12,194
11/10/2019,GSO,NC,ASO,ES,Combined TRACON& Tower with Radar,72,51,49,0,172,0,0,40,0,40,72,51,89,0,212,10,0,10,222
11/11/2019,GSO,NC,ASO,ES,Combined TRACON& Tower with Radar,75,69,33,0,177,0,4,46,0,50,75,73,79,0,227,28,0,28,255
11/12/2019,GSO,NC,ASO,ES,Combined TRACON& Tower with Radar,88,83,26,0,197,0,0,6,0,6,88,83,32,0,203,0,0,0,203
11/13/2019,GSO,NC,ASO,ES,Combined TRACON& Tower with Radar,88,77,49,7,221,0,5,49,1,55,88,82,98,8,276,49,4,53,329
11/14/2019,GSO,NC,ASO,ES,Combined TRACON& Tower with Radar,94,80,38,4,216,0,1,19,0,20,94,81,57,4,236,62,0,62,298
11/15/2019,GSO,NC,ASO,ES,Combined TRACON& Tower with Radar,92,79,48,2,221,0,3,34,0,37,92,82,82,2,258,56,0,56,314
11/16/2019,GSO,NC,ASO,ES,Combined TRACON& Tower with Radar,55,57,16,0,128,0,2,9,0,11,55,59,25,0,139,18,0,18,157
11/17/2019,GSO,NC,ASO,ES,Combined TRACON& Tower with Radar,69,65,35,1,170,0,0,16,1,17,69,65,51,2,187,0,0,0,187
11/18/2019,GSO,NC,ASO,ES,Combined TRACON& Tower with Radar,76,67,41,8,192,0,0,0,0,0,76,67,41,8,192,0,0,0,192
11/19/2019,GSO,NC,ASO,ES,Combined TRACON& Tower with Radar,91,82,38,0,211,0,0,18,0,18,91,82,56,0,229,36,0,36,265
11/20/2019,GSO,NC,ASO,ES,Combined TRACON& Tower with Radar,88,83,60,0,231,0,0,50,0,50,88,83,110,0,281,46,0,46,327
11/21/2019,GSO,NC,ASO,ES,Combined TRACON& Tower with Radar,98,80,55,7,240,0,0,47,7,54,98,80,102,14,294,27,6,33,327
11/22/2019,GSO,NC,ASO,ES,Combined TRACON& Tower with Radar,95,70,43,2,210,0,0,34,0,34,95,70,77,2,244,36,0,36,280
11/23/2019,GSO,NC,ASO,ES,Combined TRACON& Tower with Radar,64,52,7,0,123,0,0,0,0,0,64,52,7,0,123,0,0,0,123
11/24/2019,GSO,NC,ASO,ES,Combined TRACON& Tower with Radar,65,40,40,0,145,0,0,47,0,47,65,40,87,0,192,26,0,26,218
11/25/2019,GSO,NC,ASO,ES,Combined TRACON& Tower with Radar,68,69,31,19,187,0,0,42,3,45,68,69,73,22,232,40,0,40,272
11/26/2019,GSO,NC,ASO,ES,Combined TRACON& Tower with Radar,95,68,58,18,239,0,2,49,3,54,95,70,107,21,293,4,0,4,297
11/27/2019,GSO,NC,ASO,ES,Combined TRACON& Tower with Radar,103,83,40,0,226,0,0,1,0,1,103,83,41,0,227,0,0,0,227
11/28/2019,GSO,NC,ASO,ES,Combined TRACON& Tower with Radar,41,42,8,0,91,0,0,13,0,13,41,42,21,0,104,24,0,24,128
11/29/2019,GSO,NC,ASO,ES,Combined TRACON& Tower with Radar,58,41,15,0,114,0,0,35,0,35,58,41,50,0,149,30,0,30,179
11/30/2019,GSO,NC,ASO,ES,Combined TRACON& Tower with Radar,77,65,26,0,168,0,0,2,0,2,77,65,28,0,170,0,0,0,170
12/01/2019,GSO,NC,ASO,ES,Combined TRACON& Tower with Radar,81,64,53,0,198,0,0,2,0,2,81,64,55,0,200,0,0,0,200
12/02/2019,GSO,NC,ASO,ES,Combined TRACON& Tower with Radar,85,50,43,0,178,0,0,14,0,14,85,50,57,0,192,8,0,8,200
12/03/2019,GSO,NC,ASO,ES,Combined TRACON& Tower with Radar,100,91,55,2,248,0,0,39,1,40,100,91,94,3,288,12,0,12,300
12/04/2019,GSO,NC,ASO,ES,Combined TRACON& Tower with Radar,103,78,41,4,226,0,0,32,2,34,103,78,73,6,260,16,0,16,276
12/05/2019,GSO,NC,ASO,ES,Combined TRACON& Tower with Radar,108,81,47,8,244,0,0,42,2,44,108,81,89,10,288,24,8,32,320
12/06/2019,GSO,NC,ASO,ES,Combined TRACON& Tower with Radar,90,77,29,0,196,0,0,37,0,37,90,77,66,0,233,20,0,20,253
12/07/2019,GSO,NC,ASO,ES,Combined TRACON& Tower with Radar,57,50,17,20,144,0,0,37,0,37,57,50,54,20,181,24,0,24,205
12/08/2019,GSO,NC,ASO,ES,Combined TRACON& Tower with Radar,67,59,33,0,159,0,0,37,2,39,67,59,70,2,198,25,8,33,231
12/09/2019,GSO,NC,ASO,ES,Combined TRACON& Tower with Radar,74,66,27,1,168,0,0,0,0,0,74,66,27,1,168,0,0,0,168
12/10/2019,GSO,NC,ASO,ES,Combined TRACON& Tower with Radar,87,78,51,0,216,0,0,0,0,0,87,78,51,0,216,0,0,0,216
12/11/2019,GSO,NC,ASO,ES,Combined TRACON& Tower with Radar,98,99,57,2,256,0,2,47,2,51,98,101,104,4,307,14,0,14,321
12/12/2019,GSO,NC,ASO,ES,Combined TRACON& Tower with Radar,96,86,44,15,241,0,0,47,3,50,96,86,91,18,291,50,24,74,365
12/13/2019,GSO,NC,ASO,ES,Combined TRACON& Tower with Radar,86,73,20,0,179,0,0,0,0,0,86,73,20,0,179,0,0,0,179
12/14/2019,GSO,NC,ASO,ES,Combined TRACON& Tower with Radar,52,49,22,0,123,0,0,7,0,7,52,49,29,0,130,5,0,5,135
12/15/2019,GSO,NC,ASO,ES,Combined TRACON& Tower with Radar,61,61,30,0,152,0,1,31,0,32,61,62,61,0,184,26,0,26,210
12/16/2019,GSO,NC,ASO,ES,Combined TRACON& Tower with Radar,70,78,33,0,181,0,2,22,0,24,70,80,55,0,205,65,0,65,270
12/17/2019,GSO,NC,ASO,ES,Combined TRACON& Tower with Radar,85,75,24,0,184,0,0,1,0,1,85,75,25,0,185,0,0,0,185
12/18/2019,GSO,NC,ASO,ES,Combined TRACON& Tower with Radar,81,75,49,0,205,0,0,51,0,51,81,75,100,0,256,29,0,29,285
12/19/2019,GSO,NC,ASO,ES,Combined TRACON& Tower with Radar,95,71,44,4,214,0,1,57,0,58,95,72,101,4,272,26,0,26,298
12/20/2019,GSO,NC,ASO,ES,Combined TRACON& Tower with Radar,82,73,54,8,217,0,2,44,1,47,82,75,98,9,264,84,0,84,348
12/21/2019,GSO,NC,ASO,ES,Combined TRACON& Tower with Radar,60,57,19,0,136,0,2,51,0,53,60,59,70,0,189,37,0,37,226
12/22/2019,GSO,NC,ASO,ES,Combined TRACON& Tower with Radar,61,62,19,0,142,0,3,21,0,24,61,65,40,0,166,20,0,20,186
12/23/2019,GSO,NC,ASO,ES,Combined TRACON& Tower with Radar,74,52,22,0,148,0,0,0,0,0,74,52,22,0,148,20,0,20,168
12/24/2019,GSO,NC,ASO,ES,Combined TRACON& Tower with Radar,63,51,11,0,125,0,0,16,0,16,63,51,27,0,141,12,0,12,153
12/25/2019,GSO,NC,ASO,ES,Combined TRACON& Tower with Radar,36,44,9,0,89,0,0,9,0,9,36,44,18,0,98,0,0,0,98
12/26/2019,GSO,NC,ASO,ES,Combined TRACON& Tower with Radar,73,49,24,0,146,0,0,40,0,40,73,49,64,0,186,16,0,16,202
12/27/2019,GSO,NC,ASO,ES,Combined TRACON& Tower with Radar,82,59,26,1,168,0,0,37,1,38,82,59,63,2,206,6,0,6,212
12/28/2019,GSO,NC,ASO,ES,Combined TRACON& Tower with Radar,62,50,25,0,137,0,0,39,0,39,62,50,64,0,176,45,0,45,221
12/29/2019,GSO,NC,ASO,ES,Combined TRACON& Tower with Radar,60,49,19,0,128,0,0,0,0,0,60,49,19,0,128,0,0,0,128
12/30/2019,GSO,NC,ASO,ES,Combined TRACON& Tower with Radar,66,57,29,2,154,0,0,17,0,17,66,57,46,2,171,0,0,0,171
12/31/2019,GSO,NC,ASO,ES,Combined TRACON& Tower with Radar,70,59,35,0,164,0,0,33,0,33,70,59,68,0,197,12,0,12,209
01/01/2020,GSO,NC,ASO,ES,Combined TRACON& Tower with Radar,39,48,18,0,105,0,0,19,0,19,39,48,37,0,124,2,0,2,126
01/02/2020,GSO,NC,ASO,ES,Combined TRACON& Tower with Radar,67,53,32,0,152,0,0,22,0,22,67,53,54,0,174,36,0,36,210
01/03/2020,GSO,NC,ASO,ES,Combined TRACON& Tower with Radar,81,63,25,5,174,0,0,0,0,0,81,63,25,5,174,0,0,0,174
01/04/2020,GSO,NC,ASO,ES,Combined TRACON& Tower with Radar,53,48,26,1,128,0,0,1,2,3,53,48,27,3,131,15,0,15,146
01/05/2020,GSO,NC,ASO,ES,Combined TRACON& Tower with Radar,60,49,22,0,131,0,4,32,0,36,60,53,54,0,167,10,0,10,177
01/06/2020,GSO,NC,ASO,ES,Combined TRACON& Tower with Radar,66,64,30,6,166,0,2,47,2,51,66,66,77,8,217,0,0,0,217
01/07/2020,GSO,NC,ASO,ES,Combined TRACON& Tower with Radar,85,73,47,0,205,2,0,8,0,10,87,73,55,0,215,0,0,0,215
01/08/2020,GSO,NC,ASO,ES,Combined TRACON& Tower with Radar,89,72,35,2,198,0,2,31,0,33,89,74,66,2,231,10,0,10,241
01/09/2020,GSO,NC,ASO,ES,Combined TRACON& Tower with Radar,85,75,40,1,201,0,0,46,2,48,85,75,86,3,249,38,0,38,287
01/10/2020,GSO,NC,ASO,ES,Combined TRACON& Tower with Radar,84,73,33,10,200,0,0,11,0,11,84,73,44,10,211,14,0,14,225
01/11/2020,GSO,NC,ASO,ES,Combined TRACON& Tower with Radar,37,47,10,0,94,0,0,0,0,0,37,47,10,0,94,0,0,0,94
01/12/2020,GSO,NC,ASO,ES,Combined TRACON& Tower with Radar,67,61,28,3,159,0,0,17,1,18,67,61,45,4,177,9,8,17,194
01/13/2020,GSO,NC,ASO,ES,Combined TRACON& Tower with Radar,65,66,20,0,151,0,0,0,0,0,65,66,20,0,151,0,0,0,151
01/14/2020,GSO,NC,ASO,ES,Combined TRACON& Tower with Radar,82,82,27,1,192,0,0,0,0,0,82,82,27,1,192,0,0,0,192
01/15/2020,GSO,NC,ASO,ES,Combined TRACON& Tower with Radar,84,89,29,0,202,0,0,28,0,28,84,89,57,0,230,38,0,38,268
01/16/2020,GSO,NC,ASO,ES,Combined TRACON& Tower with Radar,85,72,50,11,218,0,2,27,0,29,85,74,77,11,247,4,0,4,251
01/17/2020,GSO,NC,ASO,ES,Combined TRACON& Tower with Radar,81,75,60,0,216,0,2,44,0,46,81,77,104,0,262,15,0,15,277
01/18/2020,GSO,NC,ASO,ES,Combined TRACON& Tower with Radar,38,39,17,1,95,0,0,10,3,13,38,39,27,4,108,34,0,34,142
01/19/2020,GSO,NC,ASO,ES,Combined TRACON& Tower with Radar,50,49,20,0,119,0,0,17,0,17,50,49,37,0,136,0,0,0,136
01/20/2020,GSO,NC,ASO,ES,Combined TRACON& Tower with Radar,68,63,49,1,181,0,0,52,0,52,68,63,101,1,233,43,0,43,276
01/21/2020,GSO,NC,ASO,ES,Combined TRACON& Tower with Radar,69,66,40,4,179,0,0,41,0,41,69,66,81,4,220,44,0,44,264
01/22/2020,GSO,NC,ASO,ES,Combined TRACON& Tower with Radar,83,74,39,0,196,0,0,39,0,39,83,74,78,0,235,4,0,4,239
01/23/2020,GSO,NC,ASO,ES,Combined TRACON& Tower with Radar,85,89,57,10,241,0,0,40,0,40,85,89,97,10,281,33,6,39,320
01/24/2020,GSO,NC,ASO,ES,Combined TRACON& Tower with Radar,84,84,32,0,200,0,0,0,0,0,84,84,32,0,200,0,0,0,200
01/25/2020,GSO,NC,ASO,ES,Combined TRACON& Tower with Radar,47,49,34,10,140,0,2,26,0,28,47,51,60,10,168,32,0,32,200
01/26/2020,GSO,NC,ASO,ES,Combined TRACON& Tower with Radar,62,47,28,0,137,0,3,41,0,44,62,50,69,0,181,18,0,18,199
01/27/2020,GSO,NC,ASO,ES,Combined TRACON& Tower with Radar,67,65,37,0,169,0,0,23,0,23,67,65,60,0,192,15,0,15,207
01/28/2020,GSO,NC,ASO,ES,Combined TRACON& Tower with Radar,80,90,59,2,231,0,4,54,2,60,80,94,113,4,291,18,0,18,309
01/29/2020,GSO,NC,ASO,ES,Combined TRACON& Tower with Radar,80,81,38,16,215,0,0,42,2,44,80,81,80,18,259,18,0,18,277
01/30/2020,GSO,NC,ASO,ES,Combined TRACON& Tower with Radar,86,86,49,4,225,0,0,36,0,36,86,86,85,4,261,35,0,35,296
01/31/2020,GSO,NC,ASO,ES,Combined TRACON& Tower with Radar,82,73,50,1,206,0,0,13,0,13,82,73,63,1,219,2,0,2,221
02/01/2020,GSO,NC,ASO,ES,Combined TRACON& Tower with Radar,44,42,26,2,114,0,0,7,0,7,44,42,33,2,121,18,0,18,139
02/02/2020,GSO,NC,ASO,ES,Combined TRACON& Tower with Radar,50,54,15,0,119,0,0,12,0,12,50,54,27,0,131,0,0,0,131
02/03/2020,GSO,NC,ASO,ES,Combined TRACON& Tower with Radar,66,70,38,0,174,0,0,37,0,37,66,70,75,0,211,14,0,14,225
02/04/2020,GSO,NC,ASO,ES,Combined TRACON& Tower with Radar,83,70,37,1,191,0,1,28,1,30,83,71,65,2,221,60,0,60,281
02/05/2020,GSO,NC,ASO,ES,Combined TRACON& Tower with Radar,84,71,42,0,197,0,0,0,0,0,84,71,42,0,197,2,0,2,199
02/06/2020,GSO,NC,ASO,ES,Combined TRACON& Tower with Radar,74,50,13,0,137,0,0,0,0,0,74,50,13,0,137,0,0,0,137
02/07/2020,GSO,NC,ASO,ES,Combined TRACON& Tower with Radar,86,66,35,2,189,0,0,2,0,2,86,66,37,2,191,28,4,32,223
02/08/2020,GSO,NC,ASO,ES,Combined TRACON& Tower with Radar,44,52,31,5,132,0,0,34,1,35,44,52,65,6,167,96,0,96,263
02/09/2020,GSO,NC,ASO,ES,Combined TRACON& Tower with Radar,57,62,38,13,170,0,2,52,1,55,57,64,90,14,225,18,0,18,243
02/10/2020,GSO,NC,ASO,ES,Combined TRACON& Tower with Radar,65,75,54,8,202,0,0,9,0,9,65,75,63,8,211,10,0,10,221
02/11/2020,GSO,NC,ASO,ES,Combined TRACON& Tower with Radar,82,71,17,2,172,0,0,7,0,7,82,71,24,2,179,0,0,0,179
02/12/2020,GSO,NC,ASO,ES,Combined TRACON& Tower with Radar,82,86,49,4,221,0,0,16,0,16,82,86,65,4,237,0,0,0,237
02/13/2020,GSO,NC,ASO,ES,Combined TRACON& Tower with Radar,87,61,35,1,184,0,0,5,0,5,87,61,40,1,189,2,0,2,191
02/14/2020,GSO,NC,ASO,ES,Combined TRACON& Tower with Radar,90,75,55,2,222,0,2,50,0,52,90,77,105,2,274,28,0,28,302
02/15/2020,GSO,NC,ASO,ES,Combined TRACON& Tower with Radar,56,53,16,1,126,0,2,49,0,51,56,55,65,1,177,50,0,50,227
02/16/2020,GSO,NC,ASO,ES,Combined TRACON& Tower with Radar,51,50,35,0,136,0,0,44,0,44,51,50,79,0,180,2,0,2,182
02/17/2020,GSO,NC,ASO,ES,Combined TRACON& Tower with Radar,69,62,52,0,183,0,0,57,0,57,69,62,109,0,240,26,0,26,266
02/18/2020,GSO,NC,ASO,ES,Combined TRACON& Tower with Radar,80,58,59,15,212,0,0,3,0,3,80,58,62,15,215,33,0,33,248
02/19/2020,GSO,NC,ASO,ES,Combined TRACON& Tower with Radar,94,64,69,6,233,0,0,30,4,34,94,64,99,10,267,0,0,0,267
02/20/2020,GSO,NC,ASO,ES,Combined TRACON& Tower with Radar,88,60,34,0,182,0,0,9,1,10,88,60,43,1,192,16,12,28,220
02/21/2020,GSO,NC,ASO,ES,Combined TRACON& Tower with Radar,89,62,39,3,193,0,1,38,1,40,89,63,77,4,233,16,2,18,251
02/22/2020,GSO,NC,ASO,ES,Combined TRACON& Tower with Radar,54,53,41,0,148,0,0,39,0,39,54,53,80,0,187,44,0,44,231
02/23/2020,GSO,NC,ASO,ES,Combined TRACON& Tower with Radar,69,66,25,0,160,0,0,46,0,46,69,66,71,0,206,30,0,30,236
02/24/2020,GSO,NC,ASO,ES,Combined TRACON& Tower with Radar,73,53,34,0,160,0,0,8,0,8,73,53,42,0,168,0,0,0,168
02/25/2020,GSO,NC,ASO,ES,Combined TRACON& Tower with Radar,93,69,36,0,198,0,0,2,0,2,93,69,38,0,200,2,0,2,202
02/26/2020,GSO,NC,ASO,ES,Combined TRACON& Tower with Radar,101,72,56,24,253,0,0,22,5,27,101,72,78,29,280,14,16,30,310
02/27/2020,GSO,NC,ASO,ES,Combined TRACON& Tower with Radar,99,74,49,1,223,0,0,21,1,22,99,74,70,2,245,28,0,28,273
02/28/2020,GSO,NC,ASO,ES,Combined TRACON& Tower with Radar,90,76,39,8,213,0,0,38,0,38,90,76,77,8,251,25,0,25,276
02/29/2020,GSO,NC,ASO,ES,Combined TRACON& Tower with Radar,68,47,26,0,141,0,0,19,0,19,68,47,45,0,160,18,0,18,178
03/01/2020,GSO,NC,ASO,ES,Combined TRACON& Tower with Radar,70,50,31,0,151,0,3,62,0,65,70,53,93,0,216,39,0,39,255
03/02/2020,GSO,NC,ASO,ES,Combined TRACON& Tower with Radar,72,65,25,10,172,0,1,20,0,21,72,66,45,10,193,2,0,2,195
03/03/2020,GSO,NC,ASO,ES,Combined TRACON& Tower with Radar,100,79,26,0,205,0,0,5,0,5,100,79,31,0,210,2,0,2,212
03/04/2020,GSO,NC,ASO,ES,Combined TRACON& Tower with Radar,97,68,39,7,211,0,1,54,13,68,97,69,93,20,279,70,16,86,365
03/05/2020,GSO,NC,ASO,ES,Combined TRACON& Tower with Radar,94,75,38,4,211,0,0,38,2,40,94,75,76,6,251,68,30,98,349
03/06/2020,GSO,NC,ASO,ES,Combined TRACON& Tower with Radar,93,76,40,0,209,0,0,15,0,15,93,76,55,0,224,18,0,18,242
03/07/2020,GSO,NC,ASO,ES,Combined TRACON& Tower with Radar,57,52,29,2,140,0,0,30,0,30,57,52,59,2,170,44,0,44,214
03/08/2020,GSO,NC,ASO,ES,Combined TRACON& Tower with Radar,74,58,23,0,155,0,0,68,0,68,74,58,91,0,223,85,0,85,308
03/09/2020,GSO,NC,ASO,ES,Combined TRACON& Tower with Radar,81,61,30,27,199,0,0,48,0,48,81,61,78,27,247,0,0,0,247
03/10/2020,GSO,NC,ASO,ES,Combined TRACON& Tower with Radar,98,60,47,0,205,0,0,9,3,12,98,60,56,3,217,10,8,18,235
03/11/2020,GSO,NC,ASO,ES,Combined TRACON& Tower with Radar,92,75,45,6,218,0,0,34,6,40,92,75,79,12,258,88,22,110,368
03/12/2020,GSO,NC,ASO,ES,Combined TRACON& Tower with Radar,101,86,53,6,246,0,3,50,2,55,101,89,103,8,301,18,18,36,337
03/13/2020,GSO,NC,ASO,ES,Combined TRACON& Tower with Radar,90,67,43,2,202,0,0,21,0,21,90,67,64,2,223,16,0,16,239
03/14/2020,GSO,NC,ASO,ES,Combined TRACON& Tower with Radar,50,51,31,0,132,0,2,53,0,55,50,53,84,0,187,42,0,42,229
03/15/2020,GSO,NC,ASO,ES,Combined TRACON& Tower with Radar,65,54,37,0,156,0,0,7,0,7,65,54,44,0,163,72,0,72,235
03/16/2020,GSO,NC,ASO,ES,Combined TRACON& Tower with Radar,81,59,63,0,203,0,0,24,0,24,81,59,87,0,227,34,0,34,261
03/17/2020,GSO,NC,ASO,ES,Combined TRACON& Tower with Radar,96,60,39,5,200,0,0,7,13,20,96,60,46,18,220,50,0,50,270
03/18/2020,GSO,NC,ASO,ES,Combined TRACON& Tower with Radar,92,76,22,5,195,0,1,25,2,28,92,77,47,7,223,84,0,84,307
03/19/2020,GSO,NC,ASO,ES,Combined TRACON& Tower with Radar,85,71,17,10,183,0,0,16,0,16,85,71,33,10,199,40,12,52,251
03/20/2020,GSO,NC,ASO,ES,Combined TRACON& Tower with Radar,70,62,32,0,164,0,3,19,0,22,70,65,51,0,186,20,0,20,206
03/21/2020,GSO,NC,ASO,ES,Combined TRACON& Tower with Radar,56,47,14,0,117,0,0,24,0,24,56,47,38,0,141,45,0,45,186
03/22/2020,GSO,NC,ASO,ES,Combined TRACON& Tower with Radar,53,43,17,4,117,0,0,27,0,27,53,43,44,4,144,6,0,6,150
03/23/2020,GSO,NC,ASO,ES,Combined TRACON& Tower with Radar,59,46,7,0,112,0,0,0,0,0,59,46,7,0,112,0,0,0,112
03/24/2020,GSO,NC,ASO,ES,Combined TRACON& Tower with Radar,61,48,9,7,125,0,0,7,2,9,61,48,16,9,134,52,0,52,186
03/25/2020,GSO,NC,ASO,ES,Combined TRACON& Tower with Radar,57,46,14,6,123,0,1,7,0,8,57,47,21,6,131,20,0,20,151
03/26/2020,GSO,NC,ASO,ES,Combined TRACON& Tower with Radar,57,39,22,10,128,0,0,28,0,28,57,39,50,10,156,142,0,142,298
03/27/2020,GSO,NC,ASO,ES,Combined TRACON& Tower with Radar,59,30,23,3,115,0,0,56,0,56,59,30,79,3,171,28,0,28,199
03/28/2020,GSO,NC,ASO,ES,Combined TRACON& Tower with Radar,37,30,10,1,78,0,0,30,0,30,37,30,40,1,108,42,0,42,150
03/29/2020,GSO,NC,ASO,ES,Combined TRACON& Tower with Radar,34,32,4,0,70,0,0,13,0,13,34,32,17,0,83,0,0,0,83
03/30/2020,GSO,NC,ASO,ES,Combined TRACON& Tower with Radar,39,27,17,0,83,0,2,29,0,31,39,29,46,0,114,0,0,0,114
03/31/2020,GSO,NC,ASO,ES,Combined TRACON& Tower with Radar,40,29,10,0,79,0,0,5,0,5,40,29,15,0,84,46,0,46,130
04/01/2020,GSO,NC,ASO,ES,Combined TRACON& Tower with Radar,42,31,29,0,102,1,0,23,0,24,43,31,52,0,126,75,0,75,201
04/02/2020,GSO,NC,ASO,ES,Combined TRACON& Tower with Radar,27,37,25,0,89,0,6,24,0,30,27,43,49,0,119,0,0,0,119
04/03/2020,GSO,NC,ASO,ES,Combined TRACON& Tower with Radar,27,26,12,5,70,0,0,29,0,29,27,26,41,5,99,0,0,0,99
04/04/2020,GSO,NC,ASO,ES,Combined TRACON& Tower with Radar,19,20,11,0,50,0,2,59,0,61,19,22,70,0,111,24,0,24,135
04/05/2020,GSO,NC,ASO,ES,Combined TRACON& Tower with Radar,23,18,13,0,54,0,0,24,0,24,23,18,37,0,78,2,0,2,80
04/06/2020,GSO,NC,ASO,ES,Combined TRACON& Tower with Radar,25,23,13,6,67,0,0,32,1,33,25,23,45,7,100,0,0,0,100
04/07/2020,GSO,NC,ASO,ES,Combined TRACON& Tower with Radar,32,24,19,2,77,0,0,21,0,21,32,24,40,2,98,18,0,18,116
04/08/2020,GSO,NC,ASO,ES,Combined TRACON& Tower with Radar,27,23,23,0,73,0,0,34,2,36,27,23,57,2,109,22,0,22,131
04/09/2020,GSO,NC,ASO,ES,Combined TRACON& Tower with Radar,32,19,17,2,70,0,0,3,1,4,32,19,20,3,74,10,0,10,84
04/10/2020,GSO,NC,ASO,ES,Combined TRACON& Tower with Radar,26,19,13,0,58,0,0,1,0,1,26,19,14,0,59,0,0,0,59
04/11/2020,GSO,NC,ASO,ES,Combined TRACON& Tower with Radar,16,18,25,0,59,0,0,53,0,53,16,18,78,0,112,18,0,18,130
04/12/2020,GSO,NC,ASO,ES,Combined TRACON& Tower with Radar,21,16,4,0,41,0,0,0,0,0,21,16,4,0,41,4,0,4,45
04/13/2020,GSO,NC,ASO,ES,Combined TRACON& Tower with Radar,25,16,7,0,48,0,0,5,0,5,25,16,12,0,53,0,0,0,53
04/14/2020,GSO,NC,ASO,ES,Combined TRACON& Tower with Radar,24,18,21,0,63,0,0,51,0,51,24,18,72,0,114,0,0,0,114
04/15/2020,GSO,NC,ASO,ES,Combined TRACON& Tower with Radar,29,27,22,4,82,0,2,26,0,28,29,29,48,4,110,20,0,20,130
04/16/2020,GSO,NC,ASO,ES,Combined TRACON& Tower with Radar,23,18,17,6,64,0,1,45,0,46,23,19,62,6,110,49,0,49,159
04/17/2020,GSO,NC,ASO,ES,Combined TRACON& Tower with Radar,24,24,11,0,59,0,1,31,0,32,24,25,42,0,91,0,0,0,91
04/18/2020,GSO,NC,ASO,ES,Combined TRACON& Tower with Radar,15,12,8,0,35,0,0,6,0,6,15,12,14,0,41,4,0,4,45
04/19/2020,GSO,NC,ASO,ES,Combined TRACON& Tower with Radar,16,12,10,0,38,0,0,35,0,35,16,12,45,0,73,6,0,6,79
04/20/2020,GSO,NC,ASO,ES,Combined TRACON& Tower with Radar,21,16,10,2,49,0,0,15,1,16,21,16,25,3,65,0,0,0,65
04/21/2020,GSO,NC,ASO,ES,Combined TRACON& Tower with Radar,25,17,26,0,68,0,0,23,0,23,25,17,49,0,91,14,0,14,105
04/22/2020,GSO,NC,ASO,ES,Combined TRACON& Tower with Radar,29,11,30,8,78,0,0,62,0,62,29,11,92,8,140,10,10,20,160
04/23/2020,GSO,NC,ASO,ES,Combined TRACON& Tower with Radar,29,11,14,0,54,0,0,0,0,0,29,11,14,0,54,0,0,0,54
04/24/2020,GSO,NC,ASO,ES,Combined TRACON& Tower with Radar,18,10,35,2,65,0,0,27,0,27,18,10,62,2,92,22,0,22,114
04/25/2020,GSO,NC,ASO,ES,Combined TRACON& Tower with Radar,19,9,22,0,50,0,0,0,0,0,19,9,22,0,50,34,0,34,84
04/26/2020,GSO,NC,ASO,ES,Combined TRACON& Tower with Radar,14,11,10,0,35,0,0,6,0,6,14,11,16,0,41,0,0,0,41
04/27/2020,GSO,NC,ASO,ES,Combined TRACON& Tower with Radar,19,9,21,0,49,0,0,45,0,45,19,9,66,0,94,4,0,4,98
04/28/2020,GSO,NC,ASO,ES,Combined TRACON& Tower with Radar,26,15,37,0,78,0,1,75,0,76,26,16,112,0,154,0,0,0,154
04/29/2020,GSO,NC,ASO,ES,Combined TRACON& Tower with Radar,27,22,25,0,74,0,0,21,0,21,27,22,46,0,95,18,0,18,113
04/30/2020,GSO,NC,ASO,ES,Combined TRACON& Tower with Radar,28,21,33,7,89,0,0,8,0,8,28,21,41,7,97,24,4,28,125
05/01/2020,GSO,NC,ASO,ES,Combined TRACON& Tower with Radar,25,23,28,2,78,0,2,31,0,33,25,25,59,2,111,0,0,0,111
05/02/2020,GSO,NC,ASO,ES,Combined TRACON& Tower with Radar,15,17,26,0,58,0,0,47,0,47,15,17,73,0,105,16,0,16,121
05/03/2020,GSO,NC,ASO,ES,Combined TRACON& Tower with Radar,16,9,9,0,34,0,0,24,0,24,16,9,33,0,58,16,0,16,74
05/04/2020,GSO,NC,ASO,ES,Combined TRACON& Tower with Radar,21,17,23,20,81,0,0,45,0,45,21,17,68,20,126,4,4,8,134
05/05/2020,GSO,NC,ASO,ES,Combined TRACON& Tower with Radar,29,17,21,2,69,0,0,5,0,5,29,17,26,2,74,34,0,34,108
05/06/2020,GSO,NC,ASO,ES,Combined TRACON& Tower with Radar,31,22,33,2,88,0,0,16,0,16,31,22,49,2,104,20,0,20,124
05/07/2020,GSO,NC,ASO,ES,Combined TRACON& Tower with Radar,22,22,51,4,99,0,0,49,0,49,22,22,100,4,148,12,0,12,160
05/08/2020,GSO,NC,ASO,ES,Combined TRACON& Tower with Radar,25,26,14,4,69,0,0,7,0,7,25,26,21,4,76,18,0,18,94
05/09/2020,GSO,NC,ASO,ES,Combined TRACON& Tower with Radar,11,19,17,0,47,0,0,34,0,34,11,19,51,0,81,0,0,0,81
05/10/2020,GSO,NC,ASO,ES,Combined TRACON& Tower with Radar,14,19,15,0,48,0,0,40,0,40,14,19,55,0,88,0,0,0,88
05/11/2020,GSO,NC,ASO,ES,Combined TRACON& Tower with Radar,17,27,31,0,75,0,1,15,0,16,17,28,46,0,91,0,0,0,91
05/12/2020,GSO,NC,ASO,ES,Combined TRACON& Tower with Radar,22,20,27,2,71,0,0,53,0,53,22,20,80,2,124,52,0,52,176
05/13/2020,GSO,NC,ASO,ES,Combined TRACON& Tower with Radar,22,24,35,34,115,0,0,34,0,34,22,24,69,34,149,14,29,43,192
05/14/2020,GSO,NC,ASO,ES,Combined TRACON& Tower with Radar,24,30,33,0,87,0,2,32,2,36,24,32,65,2,123,32,0,32,155
05/15/2020,GSO,NC,ASO,ES,Combined TRACON& Tower with Radar,20,26,37,9,92,0,0,49,4,53,20,26,86,13,145,48,10,58,203
05/16/2020,GSO,NC,ASO,ES,Combined TRACON& Tower with Radar,13,14,29,0,56,0,0,55,0,55,13,14,84,0,111,76,0,76,187
05/17/2020,GSO,NC,ASO,ES,Combined TRACON& Tower with Radar,14,19,37,0,70,0,0,24,2,26,14,19,61,2,96,7,0,7,103
05/18/2020,GSO,NC,ASO,ES,Combined TRACON& Tower with Radar,18,25,22,4,69,0,0,0,0,0,18,25,22,4,69,0,0,0,69
05/19/2020,GSO,NC,ASO,ES,Combined TRACON& Tower with Radar,22,30,23,0,75,0,0,0,0,0,22,30,23,0,75,0,0,0,75
05/20/2020,GSO,NC,ASO,ES,Combined TRACON& Tower with Radar,22,25,17,0,64,0,0,0,0,0,22,25,17,0,64,0,0,0,64
05/21/2020,GSO,NC,ASO,ES,Combined TRACON& Tower with Radar,25,28,31,2,86,0,0,0,0,0,25,28,31,2,86,0,0,0,86
05/22/2020,GSO,NC,ASO,ES,Combined TRACON& Tower with Radar,19,24,38,4,85,0,0,25,1,26,19,24,63,5,111,46,0,46,157
05/23/2020,GSO,NC,ASO,ES,Combined TRACON& Tower with Radar,14,13,22,0,49,0,0,26,0,26,14,13,48,0,75,28,0,28,103
05/24/2020,GSO,NC,ASO,ES,Combined TRACON& Tower with Radar,18,12,18,0,48,0,0,26,0,26,18,12,44,0,74,0,0,0,74
05/25/2020,GSO,NC,ASO,ES,Combined TRACON& Tower with Radar,12,15,30,0,57,0,0,0,0,0,12,15,30,0,57,0,0,0,57
05/26/2020,GSO,NC,ASO,ES,Combined TRACON& Tower with Radar,19,28,59,2,108,0,0,27,0,27,19,28,86,2,135,76,0,76,211
05/27/2020,GSO,NC,ASO,ES,Combined TRACON& Tower with Radar,26,30,42,0,98,0,0,0,0,0,26,30,42,0,98,0,0,0,98
05/28/2020,GSO,NC,ASO,ES,Combined TRACON& Tower with Radar,24,37,51,0,112,0,0,8,0,8,24,37,59,0,120,0,0,0,120
05/29/2020,GSO,NC,ASO,ES,Combined TRACON& Tower with Radar,23,41,47,0,111,0,0,7,0,7,23,41,54,0,118,8,0,8,126
05/30/2020,GSO,NC,ASO,ES,Combined TRACON& Tower with Radar,12,20,37,0,69,0,0,56,0,56,12,20,93,0,125,31,0,31,156
05/31/2020,GSO,NC,ASO,ES,Combined TRACON& Tower with Radar,15,16,44,0,75,0,0,35,0,35,15,16,79,0,110,45,0,45,155
06/01/2020,GSO,NC,ASO,ES,Combined TRACON& Tower with Radar,23,21,31,3,78,0,0,56,0,56,23,21,87,3,134,55,0,55,189
06/02/2020,GSO,NC,ASO,ES,Combined TRACON& Tower with Radar,25,20,34,0,79,0,0,45,0,45,25,20,79,0,124,0,0,0,124
06/03/2020,GSO,NC,ASO,ES,Combined TRACON& Tower with Radar,33,20,46,14,113,0,0,45,0,45,33,20,91,14,158,61,7,68,226
06/04/2020,GSO,NC,ASO,ES,Combined TRACON& Tower with Radar,34,35,36,38,143,0,0,38,0,38,34,35,74,38,181,52,10,62,243
06/05/2020,GSO,NC,ASO,ES,Combined TRACON& Tower with Radar,28,29,35,2,94,0,0,14,0,14,28,29,49,2,108,26,0,26,134
06/06/2020,GSO,NC,ASO,ES,Combined TRACON& Tower with Radar,24,19,24,0,67,0,0,20,0,20,24,19,44,0,87,48,0,48,135
06/07/2020,GSO,NC,ASO,ES,Combined TRACON& Tower with Radar,20,19,33,0,72,0,0,35,0,35,20,19,68,0,107,66,0,66,173
06/08/2020,GSO,NC,ASO,ES,Combined TRACON& Tower with Radar,26,16,40,17,99,0,0,23,0,23,26,16,63,17,122,26,0,26,148
06/09/2020,GSO,NC,ASO,ES,Combined TRACON& Tower with Radar,33,18,32,2,85,0,0,7,0,7,33,18,39,2,92,30,0,30,122
06/10/2020,GSO,NC,ASO,ES,Combined TRACON& Tower with Radar,33,20,31,8,92,0,0,10,0,10,33,20,41,8,102,26,16,42,144
06/11/2020,GSO,NC,ASO,ES,Combined TRACON& Tower with Radar,33,26,29,10,98,0,0,29,0,29,33,26,58,10,127,64,3,67,194
06/12/2020,GSO,NC,ASO,ES,Combined TRACON& Tower with Radar,31,28,52,8,119,0,3,60,2,65,31,31,112,10,184,40,6,46,230
06/13/2020,GSO,NC,ASO,ES,Combined TRACON& Tower with Radar,24,16,21,2,63,0,1,59,0,60,24,17,80,2,123,43,0,43,166
06/14/2020,GSO,NC,ASO,ES,Combined TRACON& Tower with Radar,19,22,19,0,60,0,1,37,0,38,19,23,56,0,98,100,0,100,198
06/15/2020,GSO,NC,ASO,ES,Combined TRACON& Tower with Radar,24,22,46,4,96,0,0,1,0,1,24,22,47,4,97,0,0,0,97
06/16/2020,GSO,NC,ASO,ES,Combined TRACON& Tower with Radar,36,27,27,6,96,0,0,0,0,0,36,27,27,6,96,0,0,0,96
06/17/2020,GSO,NC,ASO,ES,Combined TRACON& Tower with Radar,31,32,44,0,107,0,0,0,0,0,31,32,44,0,107,18,0,18,125
06/18/2020,GSO,NC,ASO,ES,Combined TRACON& Tower with Radar,32,47,51,12,142,0,0,11,2,13,32,47,62,14,155,26,10,36,191
06/19/2020,GSO,NC,ASO,ES,Combined TRACON& Tower with Radar,35,36,46,2,119,0,0,24,0,24,35,36,70,2,143,94,0,94,237
06/20/2020,GSO,NC,ASO,ES,Combined TRACON& Tower with Radar,23,18,20,0,61,0,0,28,0,28,23,18,48,0,89,145,0,145,234
06/21/2020,GSO,NC,ASO,ES,Combined TRACON& Tower with Radar,19,23,40,0,82,0,0,30,0,30,19,23,70,0,112,36,0,36,148
06/22/2020,GSO,NC,ASO,ES,Combined TRACON& Tower with Radar,33,39,44,9,125,0,2,58,0,60,33,41,102,9,185,70,0,70,255
06/23/2020,GSO,NC,ASO,ES,Combined TRACON& Tower with Radar,32,30,37,2,101,0,3,38,0,41,32,33,75,2,142,40,0,40,182
06/24/2020,GSO,NC,ASO,ES,Combined TRACON& Tower with Radar,29,26,49,2,106,0,0,71,2,73,29,26,120,4,179,94,9,103,282
06/25/2020,GSO,NC,ASO,ES,Combined TRACON& Tower with Radar,35,42,45,2,124,0,2,29,0,31,35,44,74,2,155,150,0,150,305
06/26/2020,GSO,NC,ASO,ES,Combined TRACON& Tower with Radar,29,37,46,3,115,0,0,67,0,67,29,37,113,3,182,56,0,56,238
06/27/2020,GSO,NC,ASO,ES,Combined TRACON& Tower with Radar,27,20,24,0,71,0,0,55,0,55,27,20,79,0,126,80,0,80,206
06/28/2020,GSO,NC,ASO,ES,Combined TRACON& Tower with Radar,19,33,34,0,86,0,0,26,0,26,19,33,60,0,112,60,0,60,172
06/29/2020,GSO,NC,ASO,ES,Combined TRACON& Tower with Radar,30,27,50,16,123,0,0,57,0,57,30,27,107,16,180,66,0,66,246
06/30/2020,GSO,NC,ASO,ES,Combined TRACON& Tower with Radar,37,29,36,4,106,0,0,29,0,29,37,29,65,4,135,28,0,28,163
07/01/2020,GSO,NC,ASO,ES,Combined TRACON& Tower with Radar,35,24,36,5,100,0,0,38,0,38,35,24,74,5,138,60,0,60,198
07/02/2020,GSO,NC,ASO,ES,Combined TRACON& Tower with Radar,41,25,43,0,109,0,0,51,0,51,41,25,94,0,160,68,0,68,228
07/03/2020,GSO,NC,ASO,ES,Combined TRACON& Tower with Radar,40,33,34,0,107,0,0,42,0,42,40,33,76,0,149,96,0,96,245
07/04/2020,GSO,NC,ASO,ES,Combined TRACON& Tower with Radar,26,12,13,0,51,0,0,31,0,31,26,12,44,0,82,118,0,118,200
07/05/2020,GSO,NC,ASO,ES,Combined TRACON& Tower with Radar,26,25,29,0,80,0,0,23,0,23,26,25,52,0,103,16,0,16,119
07/06/2020,GSO,NC,ASO,ES,Combined TRACON& Tower with Radar,32,20,34,6,92,0,0,65,1,66,32,20,99,7,158,6,0,6,164
07/07/2020,GSO,NC,ASO,ES,Combined TRACON& Tower with Radar,51,28,38,21,138,0,0,8,3,11,51,28,46,24,149,28,22,50,199
07/08/2020,GSO,NC,ASO,ES,Combined TRACON& Tower with Radar,49,28,39,4,120,0,0,6,1,7,49,28,45,5,127,47,0,47,174
07/09/2020,GSO,NC,ASO,ES,Combined TRACON& Tower with Radar,54,32,41,0,127,0,0,23,0,23,54,32,64,0,150,52,0,52,202
07/10/2020,GSO,NC,ASO,ES,Combined TRACON& Tower with Radar,49,27,23,0,99,0,1,47,1,49,49,28,70,1,148,13,0,13,161
07/11/2020,GSO,NC,ASO,ES,Combined TRACON& Tower with Radar,43,29,28,0,100,0,0,53,0,53,43,29,81,0,153,63,0,63,216
07/12/2020,GSO,NC,ASO,ES,Combined TRACON& Tower with Radar,40,25,23,0,88,0,0,32,2,34,40,25,55,2,122,45,0,45,167
07/13/2020,GSO,NC,ASO,ES,Combined TRACON& Tower with Radar,45,26,52,2,125,0,2,58,0,60,45,28,110,2,185,17,0,17,202
07/14/2020,GSO,NC,ASO,ES,Combined TRACON& Tower with Radar,48,28,35,2,113,0,0,56,1,57,48,28,91,3,170,44,0,44,214
07/15/2020,GSO,NC,ASO,ES,Combined TRACON& Tower with Radar,47,38,46,8,139,0,2,57,0,59,47,40,103,8,198,10,0,10,208
07/16/2020,GSO,NC,ASO,ES,Combined TRACON& Tower with Radar,57,39,41,4,141,0,2,30,0,32,57,41,71,4,173,93,0,93,266
07/17/2020,GSO,NC,ASO,ES,Combined TRACON& Tower with Radar,49,44,44,4,141,0,0,48,6,54,49,44,92,10,195,100,0,100,295
07/18/2020,GSO,NC,ASO,ES,Combined TRACON& Tower with Radar,39,24,17,0,80,0,0,24,0,24,39,24,41,0,104,61,0,61,165
07/19/2020,GSO,NC,ASO,ES,Combined TRACON& Tower with Radar,39,21,33,0,93,0,0,29,0,29,39,21,62,0,122,108,0,108,230
07/20/2020,GSO,NC,ASO,ES,Combined TRACON& Tower with Radar,47,29,18,0,94,0,0,41,3,44,47,29,59,3,138,49,0,49,187
07/21/2020,GSO,NC,ASO,ES,Combined TRACON& Tower with Radar,55,20,35,0,110,0,0,48,0,48,55,20,83,0,158,12,0,12,170
07/22/2020,GSO,NC,ASO,ES,Combined TRACON& Tower with Radar,46,38,39,1,124,0,3,42,0,45,46,41,81,1,169,6,0,6,175
07/23/2020,GSO,NC,ASO,ES,Combined TRACON& Tower with Radar,59,34,26,2,121,12,0,34,1,47,71,34,60,3,168,52,0,52,220
07/24/2020,GSO,NC,ASO,ES,Combined TRACON& Tower with Radar,56,36,35,0,127,0,0,19,0,19,56,36,54,0,146,62,0,62,208
07/25/2020,GSO,NC,ASO,ES,Combined TRACON& Tower with Radar,46,25,21,0,92,0,0,40,0,40,46,25,61,0,132,62,0,62,194
07/26/2020,GSO,NC,ASO,ES,Combined TRACON& Tower with Radar,40,30,32,0,102,0,0,49,0,49,40,30,81,0,151,26,0,26,177
07/27/2020,GSO,NC,ASO,ES,Combined TRACON& Tower with Radar,42,28,31,0,101,0,0,38,0,38,42,28,69,0,139,31,0,31,170
07/28/2020,GSO,NC,ASO,ES,Combined TRACON& Tower with Radar,47,35,33,3,118,0,0,31,0,31,47,35,64,3,149,115,0,115,264
07/29/2020,GSO,NC,ASO,ES,Combined TRACON& Tower with Radar,45,35,54,2,136,0,2,24,0,26,45,37,78,2,162,30,0,30,192
07/30/2020,GSO,NC,ASO,ES,Combined TRACON& Tower with Radar,48,19,50,7,124,0,2,21,0,23,48,21,71,7,147,56,14,70,217
07/31/2020,GSO,NC,ASO,ES,Combined TRACON& Tower with Radar,50,28,59,0,137,0,0,27,0,27,50,28,86,0,164,28,0,28,192
08/01/2020,GSO,NC,ASO,ES,Combined TRACON& Tower with Radar,44,25,10,0,79,0,0,27,0,27,44,25,37,0,106,35,0,35,141
08/02/2020,GSO,NC,ASO,ES,Combined TRACON& Tower with Radar,46,26,29,0,101,0,0,39,0,39,46,26,68,0,140,0,0,0,140
08/03/2020,GSO,NC,ASO,ES,Combined TRACON& Tower with Radar,53,20,24,0,97,0,0,4,0,4,53,20,28,0,101,34,0,34,135
08/04/2020,GSO,NC,ASO,ES,Combined TRACON& Tower with Radar,48,36,19,0,103,0,1,44,1,46,48,37,63,1,149,40,0,40,189
08/05/2020,GSO,NC,ASO,ES,Combined TRACON& Tower with Radar,48,28,48,2,126,0,0,40,3,43,48,28,88,5,169,50,0,50,219
08/06/2020,GSO,NC,ASO,ES,Combined TRACON& Tower with Radar,54,41,47,7,149,0,1,12,1,14,54,42,59,8,163,52,0,52,215
08/07/2020,GSO,NC,ASO,ES,Combined TRACON& Tower with Radar,58,36,26,17,137,0,1,16,0,17,58,37,42,17,154,72,26,98,252
08/08/2020,GSO,NC,ASO,ES,Combined TRACON& Tower with Radar,46,24,40,0,110,0,0,22,0,22,46,24,62,0,132,0,0,0,132
08/09/2020,GSO,NC,ASO,ES,Combined TRACON& Tower with Radar,41,14,38,0,93,0,0,45,1,46,41,14,83,1,139,56,0,56,195
08/10/2020,GSO,NC,ASO,ES,Combined TRACON& Tower with Radar,54,29,48,0,131,0,3,32,0,35,54,32,80,0,166,86,0,86,252
08/11/2020,GSO,NC,ASO,ES,Combined TRACON& Tower with Radar,53,38,44,18,153,0,2,39,6,47,53,40,83,24,200,125,16,141,341
08/12/2020,GSO,NC,ASO,ES,Combined TRACON& Tower with Radar,53,42,47,0,142,0,0,40,0,40,53,42,87,0,182,66,0,66,248
08/13/2020,GSO,NC,ASO,ES,Combined TRACON& Tower with Radar,57,38,53,0,148,0,0,4,0,4,57,38,57,0,152,21,0,21,173
08/14/2020,GSO,NC,ASO,ES,Combined TRACON& Tower with Radar,58,30,49,1,138,0,0,3,1,4,58,30,52,2,142,46,0,46,188
08/15/2020,GSO,NC,ASO,ES,Combined TRACON& Tower with Radar,46,32,26,0,104,0,0,1,0,1,46,32,27,0,105,2,0,2,107
08/16/2020,GSO,NC,ASO,ES,Combined TRACON& Tower with Radar,38,45,62,0,145,0,0,5,0,5,38,45,67,0,150,18,0,18,168
08/17/2020,GSO,NC,ASO,ES,Combined TRACON& Tower with Radar,53,27,63,11,154,0,0,30,0,30,53,27,93,11,184,67,0,67,251
08/18/2020,GSO,NC,ASO,ES,Combined TRACON& Tower with Radar,52,32,47,0,131,0,0,68,0,68,52,32,115,0,199,6,0,6,205
08/19/2020,GSO,NC,ASO,ES,Combined TRACON& Tower with Radar,51,38,54,17,160,0,0,50,1,51,51,38,104,18,211,48,18,66,277
08/20/2020,GSO,NC,ASO,ES,Combined TRACON& Tower with Radar,51,32,33,0,116,0,0,18,0,18,51,32,51,0,134,22,0,22,156
08/21/2020,GSO,NC,ASO,ES,Combined TRACON& Tower with Radar,59,28,33,2,122,0,0,5,0,5,59,28,38,2,127,0,0,0,127
08/22/2020,GSO,NC,ASO,ES,Combined TRACON& Tower with Radar,46,18,53,0,117,0,0,21,0,21,46,18,74,0,138,24,0,24,162
08/23/2020,GSO,NC,ASO,ES,Combined TRACON& Tower with Radar,46,22,46,0,114,1,0,26,0,27,47,22,72,0,141,36,0,36,177
08/24/2020,GSO,NC,ASO,ES,Combined TRACON& Tower with Radar,49,20,37,0,106,0,0,55,2,57,49,20,92,2,163,66,0,66,229
08/25/2020,GSO,NC,ASO,ES,Combined TRACON& Tower with Radar,51,31,42,8,132,0,0,60,0,60,51,31,102,8,192,32,0,32,224
08/26/2020,GSO,NC,ASO,ES,Combined TRACON& Tower with Radar,58,24,36,19,137,0,0,72,2,74,58,24,108,21,211,0,0,0,211
08/27/2020,GSO,NC,ASO,ES,Combined TRACON& Tower with Radar,52,27,41,0,120,0,0,45,0,45,52,27,86,0,165,50,24,74,239
08/28/2020,GSO,NC,ASO,ES,Combined TRACON& Tower with Radar,51,27,32,0,110,0,2,35,0,37,51,29,67,0,147,80,0,80,227
08/29/2020,GSO,NC,ASO,ES,Combined TRACON& Tower with Radar,39,19,12,2,72,0,0,5,0,5,39,19,17,2,77,2,0,2,79
08/30/2020,GSO,NC,ASO,ES,Combined TRACON& Tower with Radar,37,24,35,0,96,0,0,38,0,38,37,24,73,0,134,30,0,30,164
08/31/2020,GSO,NC,ASO,ES,Combined TRACON& Tower with Radar,46,37,27,1,111,0,0,1,0,1,46,37,28,1,112,0,0,0,112
09/01/2020,GSO,NC,ASO,ES,Combined TRACON& Tower with Radar,49,26,48,3,126,0,0,1,0,1,49,26,49,3,127,0,0,0,127
09/02/2020,GSO,NC,ASO,ES,Combined TRACON& Tower with Radar,60,43,52,21,176,0,0,28,0,28,60,43,80,21,204,48,17,65,269
09/03/2020,GSO,NC,ASO,ES,Combined TRACON& Tower with Radar,58,38,49,12,157,0,16,69,2,87,58,54,118,14,244,46,8,54,298
09/04/2020,GSO,NC,ASO,ES,Combined TRACON& Tower with Radar,55,27,45,2,129,0,0,67,0,67,55,27,112,2,196,22,0,22,218
09/05/2020,GSO,NC,ASO,ES,Combined TRACON& Tower with Radar,42,21,31,0,94,0,0,46,0,46,42,21,77,0,140,66,0,66,206
09/06/2020,GSO,NC,ASO,ES,Combined TRACON& Tower with Radar,36,13,18,0,67,0,0,46,0,46,36,13,64,0,113,48,0,48,161
09/07/2020,GSO,NC,ASO,ES,Combined TRACON& Tower with Radar,36,14,39,0,89,0,0,57,0,57,36,14,96,0,146,0,0,0,146
09/08/2020,GSO,NC,ASO,ES,Combined TRACON& Tower with Radar,46,29,42,11,128,0,0,41,2,43,46,29,83,13,171,0,0,0,171
09/09/2020,GSO,NC,ASO,ES,Combined TRACON& Tower with Radar,45,40,49,2,136,0,0,0,0,0,45,40,49,2,136,6,0,6,142
09/10/2020,GSO,NC,ASO,ES,Combined TRACON& Tower with Radar,50,44,59,8,161,0,0,19,2,21,50,44,78,10,182,57,0,57,239
09/11/2020,GSO,NC,ASO,ES,Combined TRACON& Tower with Radar,57,35,51,2,145,0,0,21,0,21,57,35,72,2,166,90,10,100,266
09/12/2020,GSO,NC,ASO,ES,Combined TRACON& Tower with Radar,45,25,38,0,108,0,0,2,0,2,45,25,40,0,110,0,0,0,110
09/13/2020,GSO,NC,ASO,ES,Combined TRACON& Tower with Radar,37,23,47,2,109,0,0,42,0,42,37,23,89,2,151,73,0,73,224
09/14/2020,GSO,NC,ASO,ES,Combined TRACON& Tower with Radar,53,28,53,0,134,0,0,30,0,30,53,28,83,0,164,32,0,32,196
09/15/2020,GSO,NC,ASO,ES,Combined TRACON& Tower with Radar,45,31,48,15,139,0,0,63,1,64,45,31,111,16,203,68,0,68,271
09/16/2020,GSO,NC,ASO,ES,Combined TRACON& Tower with Radar,46,42,63,23,174,0,0,50,0,50,46,42,113,23,224,54,18,72,296
09/17/2020,GSO,NC,ASO,ES,Combined TRACON& Tower with Radar,53,31,22,0,106,0,0,0,0,0,53,31,22,0,106,0,0,0,106
09/18/2020,GSO,NC,ASO,ES,Combined TRACON& Tower with Radar,51,39,37,12,139,0,0,16,0,16,51,39,53,12,155,56,0,56,211
09/19/2020,GSO,NC,ASO,ES,Combined TRACON& Tower with Radar,49,36,27,1,113,0,0,47,0,47,49,36,74,1,160,32,0,32,192
09/20/2020,GSO,NC,ASO,ES,Combined TRACON& Tower with Radar,34,24,28,0,86,0,0,59,0,59,34,24,87,0,145,82,0,82,227
09/21/2020,GSO,NC,ASO,ES,Combined TRACON& Tower with Radar,41,37,37,22,137,0,1,53,0,54,41,38,90,22,191,30,36,66,257
09/22/2020,GSO,NC,ASO,ES,Combined TRACON& Tower with Radar,45,27,49,11,132,0,4,76,2,82,45,31,125,13,214,32,0,32,246
09/23/2020,GSO,NC,ASO,ES,Combined TRACON& Tower with Radar,49,45,31,14,139,0,1,42,2,45,49,46,73,16,184,73,0,73,257
09/24/2020,GSO,NC,ASO,ES,Combined TRACON& Tower with Radar,65,48,59,4,176,0,0,22,8,30,65,48,81,12,206,72,22,94,300
09/25/2020,GSO,NC,ASO,ES,Combined TRACON& Tower with Radar,56,33,16,0,105,0,0,0,0,0,56,33,16,0,105,0,0,0,105
09/26/2020,GSO,NC,ASO,ES,Combined TRACON& Tower with Radar,36,27,38,0,101,0,0,10,0,10,36,27,48,0,111,6,0,6,117
09/27/2020,GSO,NC,ASO,ES,Combined TRACON& Tower with Radar,33,32,34,0,99,0,0,25,1,26,33,32,59,1,125,40,0,40,165
09/28/2020,GSO,NC,ASO,ES,Combined TRACON& Tower with Radar,40,38,57,0,135,0,0,7,0,7,40,38,64,0,142,0,0,0,142
09/29/2020,GSO,NC,ASO,ES,Combined TRACON& Tower with Radar,68,35,40,4,147,0,0,0,2,2,68,35,40,6,149,0,0,0,149
09/30/2020,GSO,NC,ASO,ES,Combined TRACON& Tower with Radar,69,48,51,0,168,0,1,82,0,83,69,49,133,0,251,49,0,49,300
10/01/2020,GSO,NC,ASO,ES,Combined TRACON& Tower with Radar,77,55,59,6,197,0,2,70,4,76,77,57,129,10,273,24,0,24,297
10/02/2020,GSO,NC,ASO,ES,Combined TRACON& Tower with Radar,68,52,37,25,182,0,0,55,1,56,68,52,92,26,238,30,16,46,284
10/03/2020,GSO,NC,ASO,ES,Combined TRACON& Tower with Radar,33,27,42,3,105,0,2,63,2,67,33,29,105,5,172,56,0,56,228
10/04/2020,GSO,NC,ASO,ES,Combined TRACON& Tower with Radar,41,32,37,0,110,0,0,54,0,54,41,32,91,0,164,52,0,52,216
10/05/2020,GSO,NC,ASO,ES,Combined TRACON& Tower with Radar,42,32,24,2,100,0,1,40,0,41,42,33,64,2,141,18,0,18,159
10/06/2020,GSO,NC,ASO,ES,Combined TRACON& Tower with Radar,66,36,37,12,151,0,0,68,0,68,66,36,105,12,219,127,2,129,348
10/07/2020,GSO,NC,ASO,ES,Combined TRACON& Tower with Radar,60,32,49,2,143,0,2,49,3,54,60,34,98,5,197,28,12,40,237
10/08/2020,GSO,NC,ASO,ES,Combined TRACON& Tower with Radar,75,32,37,0,144,0,1,70,0,71,75,33,107,0,215,8,0,8,223
10/09/2020,GSO,NC,ASO,ES,Combined TRACON& Tower with Radar,62,35,55,2,154,0,2,25,0,27,62,37,80,2,181,75,0,75,256
10/10/2020,GSO,NC,ASO,ES,Combined TRACON& Tower with Radar,43,27,15,0,85,0,0,0,0,0,43,27,15,0,85,0,0,0,85
10/11/2020,GSO,NC,ASO,ES,Combined TRACON& Tower with Radar,40,22,20,0,82,0,0,0,0,0,40,22,20,0,82,0,0,0,82
10/12/2020,GSO,NC,ASO,ES,Combined TRACON& Tower with Radar,41,40,44,0,125,0,0,0,0,0,41,40,44,0,125,0,0,0,125
10/13/2020,GSO,NC,ASO,ES,Combined TRACON& Tower with Radar,60,45,63,6,174,0,1,45,0,46,60,46,108,6,220,135,0,135,355
10/14/2020,GSO,NC,ASO,ES,Combined TRACON& Tower with Radar,64,36,60,16,176,0,5,55,3,63,64,41,115,19,239,61,16,77,316
10/15/2020,GSO,NC,ASO,ES,Combined TRACON& Tower with Radar,77,42,77,1,197,5,0,12,0,17,82,42,89,1,214,106,0,106,320
10/16/2020,GSO,NC,ASO,ES,Combined TRACON& Tower with Radar,61,31,53,0,145,0,0,25,0,25,61,31,78,0,170,72,0,72,242
10/17/2020,GSO,NC,ASO,ES,Combined TRACON& Tower with Radar,39,30,43,0,112,0,0,55,0,55,39,30,98,0,167,38,0,38,205
10/18/2020,GSO,NC,ASO,ES,Combined TRACON& Tower with Radar,37,35,45,0,117,0,2,79,0,81,37,37,124,0,198,76,0,76,274
10/19/2020,GSO,NC,ASO,ES,Combined TRACON& Tower with Radar,40,34,58,6,138,0,0,52,0,52,40,34,110,6,190,47,0,47,237
10/20/2020,GSO,NC,ASO,ES,Combined TRACON& Tower with Radar,62,39,52,11,164,0,0,46,4,50,62,39,98,15,214,48,8,56,270
10/21/2020,GSO,NC,ASO,ES,Combined TRACON& Tower with Radar,64,38,60,1,163,0,0,37,0,37,64,38,97,1,200,30,0,30,230
10/22/2020,GSO,NC,ASO,ES,Combined TRACON& Tower with Radar,69,43,63,0,175,2,3,33,2,40,71,46,96,2,215,69,0,69,284
10/23/2020,GSO,NC,ASO,ES,Combined TRACON& Tower with Radar,64,43,45,14,166,0,0,36,4,40,64,43,81,18,206,2,12,14,220
10/24/2020,GSO,NC,ASO,ES,Combined TRACON& Tower with Radar,36,28,21,0,85,0,0,47,0,47,36,28,68,0,132,54,0,54,186
10/25/2020,GSO,NC,ASO,ES,Combined TRACON& Tower with Radar,31,36,27,1,95,0,0,1,0,1,31,36,28,1,96,0,0,0,96
10/26/2020,GSO,NC,ASO,ES,Combined TRACON& Tower with Radar,36,33,39,8,116,0,0,9,0,9,36,33,48,8,125,56,0,56,181
10/27/2020,GSO,NC,ASO,ES,Combined TRACON& Tower with Radar,60,28,41,4,133,0,0,15,0,15,60,28,56,4,148,32,0,32,180
10/28/2020,GSO,NC,ASO,ES,Combined TRACON& Tower with Radar,63,34,45,3,145,0,0,1,0,1,63,34,46,3,146,10,0,10,156
10/29/2020,GSO,NC,ASO,ES,Combined TRACON& Tower with Radar,78,36,19,0,133,0,1,0,0,1,78,37,19,0,134,6,0,6,140
10/30/2020,GSO,NC,ASO,ES,Combined TRACON& Tower with Radar,60,38,41,4,143,0,5,32,2,39,60,43,73,6,182,28,6,34,216
10/31/2020,GSO,NC,ASO,ES,Combined TRACON& Tower with Radar,32,23,25,0,80,0,0,50,0,50,32,23,75,0,130,32,0,32,162
11/01/2020,GSO,NC,ASO,ES,Combined TRACON& Tower with Radar,28,27,26,10,91,0,1,13,0,14,28,28,39,10,105,24,0,24,129
11/02/2020,GSO,NC,ASO,ES,Combined TRACON& Tower with Radar,37,23,31,11,102,0,1,37,0,38,37,24,68,11,140,0,12,12,152
11/03/2020,GSO,NC,ASO,ES,Combined TRACON& Tower with Radar,58,25,36,0,119,0,0,64,0,64,58,25,100,0,183,42,0,42,225
11/04/2020,GSO,NC,ASO,ES,Combined TRACON& Tower with Radar,56,30,40,0,126,0,4,44,0,48,56,34,84,0,174,83,0,83,257
11/05/2020,GSO,NC,ASO,ES,Combined TRACON& Tower with Radar,69,37,49,0,155,0,1,71,2,74,69,38,120,2,229,44,0,44,273
11/06/2020,GSO,NC,ASO,ES,Combined TRACON& Tower with Radar,57,51,43,0,151,0,9,36,2,47,57,60,79,2,198,82,0,82,280
11/07/2020,GSO,NC,ASO,ES,Combined TRACON& Tower with Radar,39,36,43,0,118,0,0,35,0,35,39,36,78,0,153,0,0,0,153
11/08/2020,GSO,NC,ASO,ES,Combined TRACON& Tower with Radar,34,32,20,0,86,0,0,25,0,25,34,32,45,0,111,0,0,0,111
11/09/2020,GSO,NC,ASO,ES,Combined TRACON& Tower with Radar,42,38,47,5,132,0,0,31,1,32,42,38,78,6,164,86,4,90,254
11/10/2020,GSO,NC,ASO,ES,Combined TRACON& Tower with Radar,60,36,42,4,142,0,0,13,0,13,60,36,55,4,155,38,0,38,193
11/11/2020,GSO,NC,ASO,ES,Combined TRACON& Tower with Radar,63,33,18,0,114,0,0,0,0,0,63,33,18,0,114,4,0,4,118
11/12/2020,GSO,NC,ASO,ES,Combined TRACON& Tower with Radar,74,32,18,0,124,0,0,1,0,1,74,32,19,0,125,0,0,0,125
11/13/2020,GSO,NC,ASO,ES,Combined TRACON& Tower with Radar,62,48,44,0,154,0,1,29,2,32,62,49,73,2,186,0,0,0,186
11/14/2020,GSO,NC,ASO,ES,Combined TRACON& Tower with Radar,38,35,18,2,93,0,1,52,0,53,38,36,70,2,146,37,0,37,183
11/15/2020,GSO,NC,ASO,ES,Combined TRACON& Tower with Radar,38,34,32,0,104,0,0,1,0,1,38,34,33,0,105,0,0,0,105
11/16/2020,GSO,NC,ASO,ES,Combined TRACON& Tower with Radar,42,23,26,0,91,0,2,48,0,50,42,25,74,0,141,68,0,68,209
11/17/2020,GSO,NC,ASO,ES,Combined TRACON& Tower with Radar,64,20,39,0,123,0,0,20,0,20,64,20,59,0,143,18,0,18,161
11/18/2020,GSO,NC,ASO,ES,Combined TRACON& Tower with Radar,63,32,59,0,154,0,0,56,2,58,63,32,115,2,212,63,0,63,275
11/19/2020,GSO,NC,ASO,ES,Combined TRACON& Tower with Radar,76,43,52,1,172,0,0,54,3,57,76,43,106,4,229,30,0,30,259
11/20/2020,GSO,NC,ASO,ES,Combined TRACON& Tower with Radar,67,41,51,6,165,0,0,61,0,61,67,41,112,6,226,34,2,36,262
11/21/2020,GSO,NC,ASO,ES,Combined TRACON& Tower with Radar,41,27,42,0,110,0,0,63,0,63,41,27,105,0,173,48,0,48,221
11/22/2020,GSO,NC,ASO,ES,Combined TRACON& Tower with Radar,39,35,28,0,102,0,0,37,0,37,39,35,65,0,139,12,0,12,151
11/23/2020,GSO,NC,ASO,ES,Combined TRACON& Tower with Radar,37,23,36,0,96,0,1,47,2,50,37,24,83,2,146,40,0,40,186
11/24/2020,GSO,NC,ASO,ES,Combined TRACON& Tower with Radar,75,53,56,12,196,0,3,55,2,60,75,56,111,14,256,48,8,56,312
11/25/2020,GSO,NC,ASO,ES,Combined TRACON& Tower with Radar,70,34,37,8,149,0,0,13,3,16,70,34,50,11,165,10,8,18,183
11/26/2020,GSO,NC,ASO,ES,Combined TRACON& Tower with Radar,22,14,4,0,40,0,0,0,0,0,22,14,4,0,40,0,0,0,40
11/27/2020,GSO,NC,ASO,ES,Combined TRACON& Tower with Radar,42,21,16,0,79,0,0,25,0,25,42,21,41,0,104,28,0,28,132
11/28/2020,GSO,NC,ASO,ES,Combined TRACON& Tower with Radar,42,32,34,0,108,0,0,34,0,34,42,32,68,0,142,14,0,14,156
11/29/2020,GSO,NC,ASO,ES,Combined TRACON& Tower with Radar,42,40,36,0,118,0,0,24,0,24,42,40,60,0,142,16,0,16,158
11/30/2020,GSO,NC,ASO,ES,Combined TRACON& Tower with Radar,45,37,14,0,96,0,1,2,0,3,45,38,16,0,99,0,0,0,99
12/01/2020,GSO,NC,ASO,ES,Combined TRACON& Tower with Radar,77,28,41,5,151,0,0,25,0,25,77,28,66,5,176,10,0,10,186
12/02/2020,GSO,NC,ASO,ES,Combined TRACON& Tower with Radar,74,38,37,2,151,0,7,38,2,47,74,45,75,4,198,12,0,12,210
12/03/2020,GSO,NC,ASO,ES,Combined TRACON& Tower with Radar,73,48,46,24,191,0,1,64,0,65,73,49,110,24,256,57,0,57,313
12/04/2020,GSO,NC,ASO,ES,Combined TRACON& Tower with Radar,64,35,23,0,122,0,1,11,0,12,64,36,34,0,134,36,0,36,170
12/05/2020,GSO,NC,ASO,ES,Combined TRACON& Tower with Radar,50,27,19,0,96,0,0,34,0,34,50,27,53,0,130,24,0,24,154
12/06/2020,GSO,NC,ASO,ES,Combined TRACON& Tower with Radar,36,32,47,0,115,0,0,57,0,57,36,32,104,0,172,28,0,28,200
12/07/2020,GSO,NC,ASO,ES,Combined TRACON& Tower with Radar,41,37,28,4,110,0,0,1,0,1,41,37,29,4,111,38,12,50,161
12/08/2020,GSO,NC,ASO,ES,Combined TRACON& Tower with Radar,70,42,32,8,152,0,2,43,10,55,70,44,75,18,207,14,10,24,231
12/09/2020,GSO,NC,ASO,ES,Combined TRACON& Tower with Radar,67,38,27,2,134,0,1,39,1,41,67,39,66,3,175,0,0,0,175
12/10/2020,GSO,NC,ASO,ES,Combined TRACON& Tower with Radar,78,41,42,8,169,0,0,53,6,59,78,41,95,14,228,86,0,86,314
12/11/2020,GSO,NC,ASO,ES,Combined TRACON& Tower with Radar,66,43,40,0,149,0,0,52,0,52,66,43,92,0,201,32,0,32,233
12/12/2020,GSO,NC,ASO,ES,Combined TRACON& Tower with Radar,55,24,29,0,108,0,0,76,0,76,55,24,105,0,184,0,0,0,184
12/13/2020,GSO,NC,ASO,ES,Combined TRACON& Tower with Radar,40,25,23,0,88,0,0,33,2,35,40,25,56,2,123,69,0,69,192
12/14/2020,GSO,NC,ASO,ES,Combined TRACON& Tower with Radar,43,41,23,6,113,0,0,1,4,5,43,41,24,10,118,0,34,34,152
12/15/2020,GSO,NC,ASO,ES,Combined TRACON& Tower with Radar,73,29,46,3,151,0,0,75,0,75,73,29,121,3,226,31,0,31,257
12/16/2020,GSO,NC,ASO,ES,Combined TRACON& Tower with Radar,69,29,22,0,120,0,0,0,0,0,69,29,22,0,120,0,0,0,120
12/17/2020,GSO,NC,ASO,ES,Combined TRACON& Tower with Radar,64,44,40,7,155,0,0,18,0,18,64,44,58,7,173,44,12,56,229
12/18/2020,GSO,NC,ASO,ES,Combined TRACON& Tower with Radar,66,51,54,10,181,0,0,49,4,53,66,51,103,14,234,24,8,32,266
12/19/2020,GSO,NC,ASO,ES,Combined TRACON& Tower with Radar,60,39,36,8,143,0,0,41,0,41,60,39,77,8,184,2,6,8,192
12/20/2020,GSO,NC,ASO,ES,Combined TRACON& Tower with Radar,43,30,26,0,99,0,0,0,0,0,43,30,26,0,99,0,0,0,99
12/21/2020,GSO,NC,ASO,ES,Combined TRACON& Tower with Radar,44,32,37,37,150,0,0,38,6,44,44,32,75,43,194,48,43,91,285
12/22/2020,GSO,NC,ASO,ES,Combined TRACON& Tower with Radar,72,44,39,0,155,20,0,34,0,54,92,44,73,0,209,0,0,0,209
12/23/2020,GSO,NC,ASO,ES,Combined TRACON& Tower with Radar,70,41,42,1,154,0,1,43,0,44,70,42,85,1,198,6,0,6,204
12/24/2020,GSO,NC,ASO,ES,Combined TRACON& Tower with Radar,61,29,4,0,94,0,0,0,0,0,61,29,4,0,94,0,0,0,94
12/25/2020,GSO,NC,ASO,ES,Combined TRACON& Tower with Radar,20,29,2,0,51,0,0,2,0,2,20,29,4,0,53,0,0,0,53
12/26/2020,GSO,NC,ASO,ES,Combined TRACON& Tower with Radar,39,28,32,0,99,0,0,47,0,47,39,28,79,0,146,66,0,66,212
12/27/2020,GSO,NC,ASO,ES,Combined TRACON& Tower with Radar,36,35,40,0,111,0,0,34,0,34,36,35,74,0,145,50,0,50,195
12/28/2020,GSO,NC,ASO,ES,Combined TRACON& Tower with Radar,41,46,38,12,137,0,0,44,0,44,41,46,82,12,181,0,0,0,181
12/29/2020,GSO,NC,ASO,ES,Combined TRACON& Tower with Radar,74,49,34,10,167,0,0,54,0,54,74,49,88,10,221,28,0,28,249
12/30/2020,GSO,NC,ASO,ES,Combined TRACON& Tower with Radar,71,44,39,0,154,0,0,20,0,20,71,44,59,0,174,32,0,32,206
12/31/2020,GSO,NC,ASO,ES,Combined TRACON& Tower with Radar,63,37,28,0,128,0,0,0,0,0,63,37,28,0,128,0,0,0,128
01/01/2021,GSO,NC,ASO,ES,Combined TRACON& Tower with Radar,18,21,8,0,47,0,0,0,0,0,18,21,8,0,47,0,0,0,47
01/02/2021,GSO,NC,ASO,ES,Combined TRACON& Tower with Radar,31,23,18,0,72,0,0,1,0,1,31,23,19,0,73,0,0,0,73
01/03/2021,GSO,NC,ASO,ES,Combined TRACON& Tower with Radar,38,38,45,0,121,0,0,2,0,2,38,38,47,0,123,0,0,0,123
01/04/2021,GSO,NC,ASO,ES,Combined TRACON& Tower with Radar,32,36,40,3,111,0,0,38,0,38,32,36,78,3,149,32,0,32,181
01/05/2021,GSO,NC,ASO,ES,Combined TRACON& Tower with Radar,66,34,36,0,136,0,0,25,0,25,66,34,61,0,161,98,0,98,259
01/06/2021,GSO,NC,ASO,ES,Combined TRACON& Tower with Radar,65,33,46,12,156,0,3,44,2,49,65,36,90,14,205,0,0,0,205
01/07/2021,GSO,NC,ASO,ES,Combined TRACON& Tower with Radar,69,40,45,5,159,0,0,47,0,47,69,40,92,5,206,101,0,101,307
01/08/2021,GSO,NC,ASO,ES,Combined TRACON& Tower with Radar,55,25,19,0,99,0,0,0,0,0,55,25,19,0,99,0,0,0,99
01/09/2021,GSO,NC,ASO,ES,Combined TRACON& Tower with Radar,29,38,30,6,103,0,0,47,0,47,29,38,77,6,150,34,0,34,184
01/10/2021,GSO,NC,ASO,ES,Combined TRACON& Tower with Radar,33,31,37,2,103,0,0,61,0,61,33,31,98,2,164,34,0,34,198
01/11/2021,GSO,NC,ASO,ES,Combined TRACON& Tower with Radar,38,32,29,4,103,0,0,27,1,28,38,32,56,5,131,50,0,50,181
01/12/2021,GSO,NC,ASO,ES,Combined TRACON& Tower with Radar,66,30,24,13,133,0,0,56,0,56,66,30,80,13,189,59,14,73,262
01/13/2021,GSO,NC,ASO,ES,Combined TRACON& Tower with Radar,70,36,42,10,158,0,0,49,4,53,70,36,91,14,211,78,0,78,289
01/14/2021,GSO,NC,ASO,ES,Combined TRACON& Tower with Radar,72,46,47,6,171,0,0,27,4,31,72,46,74,10,202,36,16,52,254
01/15/2021,GSO,NC,ASO,ES,Combined TRACON& Tower with Radar,58,38,34,1,131,0,0,7,1,8,58,38,41,2,139,28,0,28,167
01/16/2021,GSO,NC,ASO,ES,Combined TRACON& Tower with Radar,27,36,17,0,80,0,0,26,0,26,27,36,43,0,106,0,0,0,106
01/17/2021,GSO,NC,ASO,ES,Combined TRACON& Tower with Radar,27,28,19,0,74,0,0,35,0,35,27,28,54,0,109,46,0,46,155
01/18/2021,GSO,NC,ASO,ES,Combined TRACON& Tower with Radar,37,32,29,0,98,0,0,29,0,29,37,32,58,0,127,24,0,24,151
01/19/2021,GSO,NC,ASO,ES,Combined TRACON& Tower with Radar,62,33,23,2,120,0,0,47,1,48,62,33,70,3,168,50,0,50,218
01/20/2021,GSO,NC,ASO,ES,Combined TRACON& Tower with Radar,65,40,29,0,134,0,0,23,1,24,65,40,52,1,158,0,0,0,158
01/21/2021,GSO,NC,ASO,ES,Combined TRACON& Tower with Radar,79,37,30,7,153,11,0,40,15,66,90,37,70,22,219,42,22,64,283
01/22/2021,GSO,NC,ASO,ES,Combined TRACON& Tower with Radar,54,31,23,8,116,0,0,33,3,36,54,31,56,11,152,56,18,74,226
01/23/2021,GSO,NC,ASO,ES,Combined TRACON& Tower with Radar,23,27,17,6,73,0,0,60,0,60,23,27,77,6,133,57,0,57,190
01/24/2021,GSO,NC,ASO,ES,Combined TRACON& Tower with Radar,30,27,42,1,100,0,0,35,0,35,30,27,77,1,135,73,4,77,212
01/25/2021,GSO,NC,ASO,ES,Combined TRACON& Tower with Radar,36,30,30,0,96,0,0,0,0,0,36,30,30,0,96,0,0,0,96
01/26/2021,GSO,NC,ASO,ES,Combined TRACON& Tower with Radar,62,34,30,16,142,0,0,0,0,0,62,34,30,16,142,0,0,0,142
01/27/2021,GSO,NC,ASO,ES,Combined TRACON& Tower with Radar,65,31,17,5,118,0,0,25,0,25,65,31,42,5,143,10,18,28,171
01/28/2021,GSO,NC,ASO,ES,Combined TRACON& Tower with Radar,66,36,26,5,133,0,0,13,3,16,66,36,39,8,149,42,8,50,199
01/29/2021,GSO,NC,ASO,ES,Combined TRACON& Tower with Radar,57,39,30,2,128,0,0,44,0,44,57,39,74,2,172,57,0,57,229
01/30/2021,GSO,NC,ASO,ES,Combined TRACON& Tower with Radar,23,33,31,1,88,0,0,68,1,69,23,33,99,2,157,34,0,34,191
01/31/2021,GSO,NC,ASO,ES,Combined TRACON& Tower with Radar,32,29,16,0,77,0,0,0,0,0,32,29,16,0,77,0,0,0,77
02/01/2021,GSO,NC,ASO,ES,Combined TRACON& Tower with Radar,40,36,28,4,108,0,0,11,0,11,40,36,39,4,119,6,20,26,145
02/02/2021,GSO,NC,ASO,ES,Combined TRACON& Tower with Radar,63,44,33,0,140,0,0,7,0,7,63,44,40,0,147,0,0,0,147
02/03/2021,GSO,NC,ASO,ES,Combined TRACON& Tower with Radar,63,41,51,0,155,0,1,33,0,34,63,42,84,0,189,20,0,20,209
02/04/2021,GSO,NC,ASO,ES,Combined TRACON& Tower with Radar,72,39,36,2,149,0,0,44,2,46,72,39,80,4,195,32,0,32,227
02/05/2021,GSO,NC,ASO,ES,Combined TRACON& Tower with Radar,55,38,25,19,137,0,0,22,5,27,55,38,47,24,164,14,0,14,178
02/06/2021,GSO,NC,ASO,ES,Combined TRACON& Tower with Radar,31,27,27,0,85,0,0,49,0,49,31,27,76,0,134,0,0,0,134
02/07/2021,GSO,NC,ASO,ES,Combined TRACON& Tower with Radar,28,27,17,0,72,0,0,7,0,7,28,27,24,0,79,6,0,6,85
02/08/2021,GSO,NC,ASO,ES,Combined TRACON& Tower with Radar,35,31,28,1,95,0,0,41,2,43,35,31,69,3,138,12,0,12,150
02/09/2021,GSO,NC,ASO,ES,Combined TRACON& Tower with Radar,66,35,31,34,166,0,0,40,5,45,66,35,71,39,211,14,58,72,283
02/10/2021,GSO,NC,ASO,ES,Combined TRACON& Tower with Radar,65,40,41,2,148,0,0,4,0,4,65,40,45,2,152,40,0,40,192
02/11/2021,GSO,NC,ASO,ES,Combined TRACON& Tower with Radar,64,35,21,0,120,0,0,0,0,0,64,35,21,0,120,0,0,0,120
02/12/2021,GSO,NC,ASO,ES,Combined TRACON& Tower with Radar,59,30,21,0,110,0,0,0,0,0,59,30,21,0,110,0,0,0,110
02/13/2021,GSO,NC,ASO,ES,Combined TRACON& Tower with Radar,26,26,7,0,59,0,0,0,0,0,26,26,7,0,59,0,0,0,59
02/14/2021,GSO,NC,ASO,ES,Combined TRACON& Tower with Radar,26,20,15,0,61,0,0,0,0,0,26,20,15,0,61,0,0,0,61
02/15/2021,GSO,NC,ASO,ES,Combined TRACON& Tower with Radar,29,20,16,2,67,0,0,0,0,0,29,20,16,2,67,0,0,0,67
02/16/2021,GSO,NC,ASO,ES,Combined TRACON& Tower with Radar,44,34,28,4,110,0,0,10,3,13,44,34,38,7,123,6,11,17,140
02/17/2021,GSO,NC,ASO,ES,Combined TRACON& Tower with Radar,47,32,54,2,135,0,0,49,0,49,47,32,103,2,184,30,0,30,214
02/18/2021,GSO,NC,ASO,ES,Combined TRACON& Tower with Radar,41,17,5,0,63,0,0,0,0,0,41,17,5,0,63,0,0,0,63
02/19/2021,GSO,NC,ASO,ES,Combined TRACON& Tower with Radar,52,33,30,0,115,0,0,19,0,19,52,33,49,0,134,44,0,44,178
02/20/2021,GSO,NC,ASO,ES,Combined TRACON& Tower with Radar,30,28,25,0,83,0,0,34,1,35,30,28,59,1,118,38,0,38,156
02/21/2021,GSO,NC,ASO,ES,Combined TRACON& Tower with Radar,31,27,50,0,108,0,0,49,2,51,31,27,99,2,159,18,0,18,177
02/22/2021,GSO,NC,ASO,ES,Combined TRACON& Tower with Radar,41,34,21,0,96,0,0,6,0,6,41,34,27,0,102,22,0,22,124
02/23/2021,GSO,NC,ASO,ES,Combined TRACON& Tower with Radar,68,32,41,35,176,0,0,46,1,47,68,32,87,36,223,26,32,58,281
02/24/2021,GSO,NC,ASO,ES,Combined TRACON& Tower with Radar,64,33,68,10,175,0,0,37,3,40,64,33,105,13,215,32,10,42,257
02/25/2021,GSO,NC,ASO,ES,Combined TRACON& Tower with Radar,67,45,49,0,161,0,0,57,2,59,67,45,106,2,220,16,0,16,236
02/26/2021,GSO,NC,ASO,ES,Combined TRACON& Tower with Radar,64,49,44,5,162,0,0,9,0,9,64,49,53,5,171,34,0,34,205
02/27/2021,GSO,NC,ASO,ES,Combined TRACON& Tower with Radar,31,23,31,7,92,0,0,1,0,1,31,23,32,7,93,0,0,0,93
02/28/2021,GSO,NC,ASO,ES,Combined TRACON& Tower with Radar,45,41,43,1,130,0,0,5,0,5,45,41,48,1,135,0,0,0,135
03/01/2021,GSO,NC,ASO,ES,Combined TRACON& Tower with Radar,42,37,35,3,117,0,0,11,0,11,42,37,46,3,128,2,0,2,130
03/02/2021,GSO,NC,ASO,ES,Combined TRACON& Tower with Radar,70,32,41,3,146,0,0,76,3,79,70,32,117,6,225,36,0,36,261
03/03/2021,GSO,NC,ASO,ES,Combined TRACON& Tower with Radar,80,36,40,4,160,0,0,44,1,45,80,36,84,5,205,40,8,48,253
03/04/2021,GSO,NC,ASO,ES,Combined TRACON& Tower with Radar,79,44,52,0,175,0,1,37,0,38,79,45,89,0,213,0,0,0,213
03/05/2021,GSO,NC,ASO,ES,Combined TRACON& Tower with Radar,66,37,48,6,157,0,0,41,0,41,66,37,89,6,198,44,10,54,252
03/06/2021,GSO,NC,ASO,ES,Combined TRACON& Tower with Radar,47,30,20,0,97,0,0,56,0,56,47,30,76,0,153,0,0,0,153
03/07/2021,GSO,NC,ASO,ES,Combined TRACON& Tower with Radar,43,29,41,0,113,0,0,46,0,46,43,29,87,0,159,65,0,65,224
03/08/2021,GSO,NC,ASO,ES,Combined TRACON& Tower with Radar,51,45,48,3,147,0,1,45,0,46,51,46,93,3,193,67,0,67,260
03/09/2021,GSO,NC,ASO,ES,Combined TRACON& Tower with Radar,75,34,30,0,139,0,0,49,6,55,75,34,79,6,194,52,0,52,246
03/10/2021,GSO,NC,ASO,ES,Combined TRACON& Tower with Radar,82,44,45,2,173,0,0,49,4,53,82,44,94,6,226,28,0,28,254
03/11/2021,GSO,NC,ASO,ES,Combined TRACON& Tower with Radar,82,56,56,0,194,0,1,43,2,46,82,57,99,2,240,65,0,65,305
03/12/2021,GSO,NC,ASO,ES,Combined TRACON& Tower with Radar,65,49,48,26,188,0,2,62,6,70,65,51,110,32,258,92,36,128,386
03/13/2021,GSO,NC,ASO,ES,Combined TRACON& Tower with Radar,40,38,40,0,118,0,0,52,2,54,40,38,92,2,172,40,0,40,212
03/14/2021,GSO,NC,ASO,ES,Combined TRACON& Tower with Radar,42,40,49,0,131,0,0,36,0,36,42,40,85,0,167,0,0,0,167
03/15/2021,GSO,NC,ASO,ES,Combined TRACON& Tower with Radar,47,45,31,0,123,0,0,36,0,36,47,45,67,0,159,82,0,82,241
03/16/2021,GSO,NC,ASO,ES,Combined TRACON& Tower with Radar,73,36,40,0,149,0,0,1,0,1,73,36,41,0,150,0,0,0,150
03/17/2021,GSO,NC,ASO,ES,Combined TRACON& Tower with Radar,73,42,49,5,169,0,0,0,1,1,73,42,49,6,170,16,0,16,186
03/18/2021,GSO,NC,ASO,ES,Combined TRACON& Tower with Radar,75,39,16,0,130,0,0,0,0,0,75,39,16,0,130,0,0,0,130
03/19/2021,GSO,NC,ASO,ES,Combined TRACON& Tower with Radar,64,40,35,2,141,0,0,8,1,9,64,40,43,3,150,18,0,18,168
03/20/2021,GSO,NC,ASO,ES,Combined TRACON& Tower with Radar,37,36,28,13,114,0,3,52,4,59,37,39,80,17,173,34,18,52,225
03/21/2021,GSO,NC,ASO,ES,Combined TRACON& Tower with Radar,37,33,26,3,99,0,0,40,2,42,37,33,66,5,141,40,12,52,193
03/22/2021,GSO,NC,ASO,ES,Combined TRACON& Tower with Radar,52,30,28,5,115,0,0,25,1,26,52,30,53,6,141,36,0,36,177
03/23/2021,GSO,NC,ASO,ES,Combined TRACON& Tower with Radar,77,41,54,36,208,0,0,0,0,0,77,41,54,36,208,22,16,38,246
03/24/2021,GSO,NC,ASO,ES,Combined TRACON& Tower with Radar,79,48,41,0,168,0,0,2,0,2,79,48,43,0,170,46,0,46,216
03/25/2021,GSO,NC,ASO,ES,Combined TRACON& Tower with Radar,77,50,50,0,177,0,0,6,2,8,77,50,56,2,185,0,0,0,185
03/26/2021,GSO,NC,ASO,ES,Combined TRACON& Tower with Radar,66,46,46,0,158,0,0,16,0,16,66,46,62,0,174,44,0,44,218
03/27/2021,GSO,NC,ASO,ES,Combined TRACON& Tower with Radar,40,40,47,4,131,0,0,33,0,33,40,40,80,4,164,48,0,48,212
03/28/2021,GSO,NC,ASO,ES,Combined TRACON& Tower with Radar,43,42,24,0,109,0,0,0,0,0,43,42,24,0,109,0,0,0,109
03/29/2021,GSO,NC,ASO,ES,Combined TRACON& Tower with Radar,47,39,60,0,146,0,0,62,1,63,47,39,122,1,209,115,0,115,324
03/30/2021,GSO,NC,ASO,ES,Combined TRACON& Tower with Radar,71,42,49,8,170,0,0,60,0,60,71,42,109,8,230,87,8,95,325
03/31/2021,GSO,NC,ASO,ES,Combined TRACON& Tower with Radar,69,45,14,4,132,0,1,0,0,1,69,46,14,4,133,0,0,0,133
04/01/2021,GSO,NC,ASO,ES,Combined TRACON& Tower with Radar,77,49,43,8,177,0,1,11,0,12,77,50,54,8,189,10,0,10,199
04/02/2021,GSO,NC,ASO,ES,Combined TRACON& Tower with Radar,67,43,34,1,145,0,1,48,0,49,67,44,82,1,194,18,0,18,212
04/03/2021,GSO,NC,ASO,ES,Combined TRACON& Tower with Radar,41,37,32,0,110,0,1,43,2,46,41,38,75,2,156,32,0,32,188
04/04/2021,GSO,NC,ASO,ES,Combined TRACON& Tower with Radar,36,30,28,1,95,0,0,44,0,44,36,30,72,1,139,36,0,36,175
04/05/2021,GSO,NC,ASO,ES,Combined TRACON& Tower with Radar,52,49,70,0,171,0,0,54,0,54,52,49,124,0,225,20,0,20,245
04/06/2021,GSO,NC,ASO,ES,Combined TRACON& Tower with Radar,75,30,42,20,167,2,0,60,2,64,77,30,102,22,231,49,12,61,292
04/07/2021,GSO,NC,ASO,ES,Combined TRACON& Tower with Radar,75,44,41,20,180,0,2,47,4,53,75,46,88,24,233,42,10,52,285
04/08/2021,GSO,NC,ASO,ES,Combined TRACON& Tower with Radar,76,43,44,28,191,0,0,31,0,31,76,43,75,28,222,0,0,0,222
04/09/2021,GSO,NC,ASO,ES,Combined TRACON& Tower with Radar,65,45,42,0,152,0,0,38,2,40,65,45,80,2,192,34,0,34,226
04/10/2021,GSO,NC,ASO,ES,Combined TRACON& Tower with Radar,42,35,17,0,94,0,0,11,0,11,42,35,28,0,105,48,0,48,153
04/11/2021,GSO,NC,ASO,ES,Combined TRACON& Tower with Radar,36,37,36,4,113,0,0,24,0,24,36,37,60,4,137,20,0,20,157
04/12/2021,GSO,NC,ASO,ES,Combined TRACON& Tower with Radar,46,48,38,28,160,0,2,41,8,51,46,50,79,36,211,24,47,71,282
04/13/2021,GSO,NC,ASO,ES,Combined TRACON& Tower with Radar,88,43,35,4,170,0,0,54,0,54,88,43,89,4,224,82,0,82,306
04/14/2021,GSO,NC,ASO,ES,Combined TRACON& Tower with Radar,73,44,43,10,170,0,1,28,5,34,73,45,71,15,204,40,12,52,256
04/15/2021,GSO,NC,ASO,ES,Combined TRACON& Tower with Radar,76,55,48,11,190,0,0,40,0,40,76,55,88,11,230,20,16,36,266
04/16/2021,GSO,NC,ASO,ES,Combined TRACON& Tower with Radar,67,52,20,5,144,0,3,53,0,56,67,55,73,5,200,36,12,48,248
04/17/2021,GSO,NC,ASO,ES,Combined TRACON& Tower with Radar,43,34,13,4,94,0,0,36,3,39,43,34,49,7,133,143,16,159,292
04/18/2021,GSO,NC,ASO,ES,Combined TRACON& Tower with Radar,39,33,35,3,110,0,0,46,0,46,39,33,81,3,156,50,0,50,206
04/19/2021,GSO,NC,ASO,ES,Combined TRACON& Tower with Radar,44,43,29,3,119,0,1,23,6,30,44,44,52,9,149,0,0,0,149
04/20/2021,GSO,NC,ASO,ES,Combined TRACON& Tower with Radar,73,44,46,2,165,0,0,49,0,49,73,44,95,2,214,44,0,44,258
04/21/2021,GSO,NC,ASO,ES,Combined TRACON& Tower with Radar,71,76,45,6,198,0,2,22,2,26,71,78,67,8,224,6,0,6,230
04/22/2021,GSO,NC,ASO,ES,Combined TRACON& Tower with Radar,77,61,48,8,194,0,0,22,2,24,77,61,70,10,218,24,2,26,244
04/23/2021,GSO,NC,ASO,ES,Combined TRACON& Tower with Radar,61,60,61,1,183,0,0,51,0,51,61,60,112,1,234,36,0,36,270
04/24/2021,GSO,NC,ASO,ES,Combined TRACON& Tower with Radar,40,41,23,2,106,0,0,5,0,5,40,41,28,2,111,20,0,20,131
04/25/2021,GSO,NC,ASO,ES,Combined TRACON& Tower with Radar,38,43,69,0,150,0,0,25,0,25,38,43,94,0,175,8,0,8,183
04/26/2021,GSO,NC,ASO,ES,Combined TRACON& Tower with Radar,46,40,65,8,159,0,6,44,0,50,46,46,109,8,209,60,10,70,279
04/27/2021,GSO,NC,ASO,ES,Combined TRACON& Tower with Radar,77,53,51,14,195,0,1,49,2,52,77,54,100,16,247,70,4,74,321
04/28/2021,GSO,NC,ASO,ES,Combined TRACON& Tower with Radar,75,55,53,3,186,0,1,51,3,55,75,56,104,6,241,32,4,36,277
04/29/2021,GSO,NC,ASO,ES,Combined TRACON& Tower with Radar,77,57,39,25,198,0,0,19,0,19,77,57,58,25,217,10,10,20,237
04/30/2021,GSO,NC,ASO,ES,Combined TRACON& Tower with Radar,69,56,32,0,157,1,0,23,0,24,70,56,55,0,181,10,0,10,191
05/01/2021,GSO,NC,ASO,ES,Combined TRACON& Tower with Radar,38,37,26,15,116,0,0,72,3,75,38,37,98,18,191,67,0,67,258
05/02/2021,GSO,NC,ASO,ES,Combined TRACON& Tower with Radar,36,40,43,2,121,0,0,21,0,21,36,40,64,2,142,0,0,0,142
05/03/2021,GSO,NC,ASO,ES,Combined TRACON& Tower with Radar,42,48,31,3,124,0,0,3,0,3,42,48,34,3,127,0,0,0,127
05/04/2021,GSO,NC,ASO,ES,Combined TRACON& Tower with Radar,70,36,42,0,148,0,0,14,0,14,70,36,56,0,162,54,0,54,216
05/05/2021,GSO,NC,ASO,ES,Combined TRACON& Tower with Radar,80,58,38,2,178,0,1,46,0,47,80,59,84,2,225,38,0,38,263
05/06/2021,GSO,NC,ASO,ES,Combined TRACON& Tower with Radar,80,53,61,0,194,0,0,59,0,59,80,53,120,0,253,82,0,82,335
05/07/2021,GSO,NC,ASO,ES,Combined TRACON& Tower with Radar,72,61,50,0,183,0,0,35,2,37,72,61,85,2,220,72,0,72,292
05/08/2021,GSO,NC,ASO,ES,Combined TRACON& Tower with Radar,52,49,31,0,132,0,0,50,0,50,52,49,81,0,182,21,0,21,203
05/09/2021,GSO,NC,ASO,ES,Combined TRACON& Tower with Radar,43,50,36,0,129,0,0,28,2,30,43,50,64,2,159,0,0,0,159
05/10/2021,GSO,NC,ASO,ES,Combined TRACON& Tower with Radar,60,46,36,0,142,0,0,14,0,14,60,46,50,0,156,36,0,36,192
05/11/2021,GSO,NC,ASO,ES,Combined TRACON& Tower with Radar,71,60,51,18,200,0,6,47,9,62,71,66,98,27,262,59,76,135,397
05/12/2021,GSO,NC,ASO,ES,Combined TRACON& Tower with Radar,69,48,44,7,168,0,0,18,4,22,69,48,62,11,190,52,14,66,256
05/13/2021,GSO,NC,ASO,ES,Combined TRACON& Tower with Radar,84,57,43,17,201,0,3,50,2,55,84,60,93,19,256,50,26,76,332
05/14/2021,GSO,NC,ASO,ES,Combined TRACON& Tower with Radar,71,49,44,5,169,0,0,49,0,49,71,49,93,5,218,68,0,68,286
05/15/2021,GSO,NC,ASO,ES,Combined TRACON& Tower with Radar,38,42,19,7,106,1,0,66,9,76,39,42,85,16,182,59,0,59,241
05/16/2021,GSO,NC,ASO,ES,Combined TRACON& Tower with Radar,45,35,34,1,115,0,0,35,0,35,45,35,69,1,150,42,0,42,192
05/17/2021,GSO,NC,ASO,ES,Combined TRACON& Tower with Radar,52,40,30,12,134,0,0,29,0,29,52,40,59,12,163,44,16,60,223
05/18/2021,GSO,NC,ASO,ES,Combined TRACON& Tower with Radar,71,47,39,9,166,0,2,33,3,38,71,49,72,12,204,100,12,112,316
05/19/2021,GSO,NC,ASO,ES,Combined TRACON& Tower with Radar,73,46,51,0,170,0,0,75,0,75,73,46,126,0,245,58,0,58,303
05/20/2021,GSO,NC,ASO,ES,Combined TRACON& Tower with Radar,81,71,58,6,216,0,7,61,2,70,81,78,119,8,286,62,0,62,348
05/21/2021,GSO,NC,ASO,ES,Combined TRACON& Tower with Radar,71,54,37,3,165,0,0,45,2,47,71,54,82,5,212,96,0,96,308
05/22/2021,GSO,NC,ASO,ES,Combined TRACON& Tower with Radar,44,42,21,2,109,0,0,62,1,63,44,42,83,3,172,50,2,52,224
05/23/2021,GSO,NC,ASO,ES,Combined TRACON& Tower with Radar,42,36,38,0,116,0,0,36,1,37,42,36,74,1,153,52,0,52,205
05/24/2021,GSO,NC,ASO,ES,Combined TRACON& Tower with Radar,49,50,51,10,160,0,5,29,0,34,49,55,80,10,194,80,12,92,286
05/25/2021,GSO,NC,ASO,ES,Combined TRACON& Tower with Radar,83,50,48,22,203,0,7,22,4,33,83,57,70,26,236,72,33,105,341
05/26/2021,GSO,NC,ASO,ES,Combined TRACON& Tower with Radar,77,44,52,1,174,0,0,50,0,50,77,44,102,1,224,76,0,76,300
05/27/2021,GSO,NC,ASO,ES,Combined TRACON& Tower with Radar,81,45,60,9,195,0,0,71,6,77,81,45,131,15,272,42,0,42,314
05/28/2021,GSO,NC,ASO,ES,Combined TRACON& Tower with Radar,69,43,33,0,145,0,0,30,0,30,69,43,63,0,175,0,0,0,175
05/29/2021,GSO,NC,ASO,ES,Combined TRACON& Tower with Radar,45,47,18,0,110,0,0,3,0,3,45,47,21,0,113,35,0,35,148
05/30/2021,GSO,NC,ASO,ES,Combined TRACON& Tower with Radar,39,22,14,0,75,0,0,5,0,5,39,22,19,0,80,38,0,38,118
05/31/2021,GSO,NC,ASO,ES,Combined TRACON& Tower with Radar,43,37,38,2,120,0,0,38,0,38,43,37,76,2,158,60,0,60,218
06/01/2021,GSO,NC,ASO,ES,Combined TRACON& Tower with Radar,48,38,58,31,175,0,0,42,16,58,48,38,100,47,233,88,34,122,355
06/02/2021,GSO,NC,ASO,ES,Combined TRACON& Tower with Radar,75,50,65,23,213,0,0,31,2,33,75,50,96,25,246,72,0,72,318
06/03/2021,GSO,NC,ASO,ES,Combined TRACON& Tower with Radar,88,43,53,26,210,0,0,0,0,0,88,43,53,26,210,46,30,76,286
06/04/2021,GSO,NC,ASO,ES,Combined TRACON& Tower with Radar,90,41,80,0,211,0,0,24,0,24,90,41,104,0,235,52,0,52,287
06/05/2021,GSO,NC,ASO,ES,Combined TRACON& Tower with Radar,48,37,50,0,135,0,0,60,0,60,48,37,110,0,195,27,0,27,222
06/06/2021,GSO,NC,ASO,ES,Combined TRACON& Tower with Radar,58,46,60,4,168,0,0,27,2,29,58,46,87,6,197,34,0,34,231
06/07/2021,GSO,NC,ASO,ES,Combined TRACON& Tower with Radar,80,43,69,0,192,0,0,12,0,12,80,43,81,0,204,52,0,52,256
06/08/2021,GSO,NC,ASO,ES,Combined TRACON& Tower with Radar,98,48,70,10,226,0,0,19,0,19,98,48,89,10,245,28,0,28,273
06/09/2021,GSO,NC,ASO,ES,Combined TRACON& Tower with Radar,90,35,68,0,193,0,0,28,0,28,90,35,96,0,221,126,2,128,349
06/10/2021,GSO,NC,ASO,ES,Combined TRACON& Tower with Radar,98,40,35,0,173,0,0,8,4,12,98,40,43,4,185,50,12,62,247
06/11/2021,GSO,NC,ASO,ES,Combined TRACON& Tower with Radar,87,40,42,2,171,0,0,2,0,2,87,40,44,2,173,25,0,25,198
06/12/2021,GSO,NC,ASO,ES,Combined TRACON& Tower with Radar,56,35,22,0,113,0,0,7,0,7,56,35,29,0,120,26,0,26,146
06/13/2021,GSO,NC,ASO,ES,Combined TRACON& Tower with Radar,60,30,49,2,141,0,0,31,0,31,60,30,80,2,172,62,6,68,240
06/14/2021,GSO,NC,ASO,ES,Combined TRACON& Tower with Radar,66,26,43,1,136,0,0,51,0,51,66,26,94,1,187,53,0,53,240
06/15/2021,GSO,NC,ASO,ES,Combined TRACON& Tower with Radar,97,37,54,8,196,0,1,59,1,61,97,38,113,9,257,71,0,71,328
06/16/2021,GSO,NC,ASO,ES,Combined TRACON& Tower with Radar,100,39,48,4,191,0,0,64,0,64,100,39,112,4,255,106,0,106,361
06/17/2021,GSO,NC,ASO,ES,Combined TRACON& Tower with Radar,104,52,29,10,195,0,0,63,2,65,104,52,92,12,260,26,0,26,286
06/18/2021,GSO,NC,ASO,ES,Combined TRACON& Tower with Radar,93,44,50,14,201,0,2,65,5,72,93,46,115,19,273,28,6,34,307
06/19/2021,GSO,NC,ASO,ES,Combined TRACON& Tower with Radar,45,40,26,0,111,0,0,57,0,57,45,40,83,0,168,20,0,20,188
06/20/2021,GSO,NC,ASO,ES,Combined TRACON& Tower with Radar,66,26,21,0,113,0,0,5,0,5,66,26,26,0,118,6,0,6,124
06/21/2021,GSO,NC,ASO,ES,Combined TRACON& Tower with Radar,64,37,36,36,173,0,0,38,4,42,64,37,74,40,215,31,13,44,259
06/22/2021,GSO,NC,ASO,ES,Combined TRACON& Tower with Radar,97,40,33,5,175,0,0,7,1,8,97,40,40,6,183,0,4,4,187
06/23/2021,GSO,NC,ASO,ES,Combined TRACON& Tower with Radar,99,42,67,0,208,0,2,51,3,56,99,44,118,3,264,64,0,64,328
06/24/2021,GSO,NC,ASO,ES,Combined TRACON& Tower with Radar,98,39,63,0,200,0,2,38,2,42,98,41,101,2,242,38,0,38,280
06/25/2021,GSO,NC,ASO,ES,Combined TRACON& Tower with Radar,90,40,63,21,214,0,0,24,3,27,90,40,87,24,241,62,4,66,307
06/26/2021,GSO,NC,ASO,ES,Combined TRACON& Tower with Radar,47,42,53,0,142,0,0,21,0,21,47,42,74,0,163,68,0,68,231
06/27/2021,GSO,NC,ASO,ES,Combined TRACON& Tower with Radar,66,33,31,2,132,0,0,30,0,30,66,33,61,2,162,42,0,42,204
06/28/2021,GSO,NC,ASO,ES,Combined TRACON& Tower with Radar,72,34,48,18,172,0,0,42,1,43,72,34,90,19,215,32,22,54,269
06/29/2021,GSO,NC,ASO,ES,Combined TRACON& Tower with Radar,100,38,52,16,206,0,0,51,0,51,100,38,103,16,257,26,12,38,295
06/30/2021,GSO,NC,ASO,ES,Combined TRACON& Tower with Radar,90,39,45,22,196,0,0,60,6,66,90,39,105,28,262,72,32,104,366
07/01/2021,GSO,NC,ASO,ES,Combined TRACON& Tower with Radar,96,37,55,4,192,0,0,24,4,28,96,37,79,8,220,80,0,80,300
07/02/2021,GSO,NC,ASO,ES,Combined TRACON& Tower with Radar,81,45,35,0,161,0,1,31,0,32,81,46,66,0,193,90,0,90,283
07/03/2021,GSO,NC,ASO,ES,Combined TRACON& Tower with Radar,49,39,33,0,121,0,0,42,0,42,49,39,75,0,163,6,0,6,169
07/04/2021,GSO,NC,ASO,ES,Combined TRACON& Tower with Radar,50,31,6,0,87,0,1,23,0,24,50,32,29,0,111,0,0,0,111
07/05/2021,GSO,NC,ASO,ES,Combined TRACON& Tower with Radar,49,33,46,0,128,0,0,48,0,48,49,33,94,0,176,60,0,60,236
07/06/2021,GSO,NC,ASO,ES,Combined TRACON& Tower with Radar,64,35,43,10,152,0,0,52,2,54,64,35,95,12,206,66,6,72,278
07/07/2021,GSO,NC,ASO,ES,Combined TRACON& Tower with Radar,97,51,33,2,183,0,0,47,4,51,97,51,80,6,234,42,6,48,282
07/08/2021,GSO,NC,ASO,ES,Combined TRACON& Tower with Radar,106,46,14,3,169,0,0,3,0,3,106,46,17,3,172,0,0,0,172
07/09/2021,GSO,NC,ASO,ES,Combined TRACON& Tower with Radar,94,47,47,18,206,0,0,27,0,27,94,47,74,18,233,0,0,0,233
07/10/2021,GSO,NC,ASO,ES,Combined TRACON& Tower with Radar,51,38,29,2,120,0,1,31,0,32,51,39,60,2,152,89,0,89,241
07/11/2021,GSO,NC,ASO,ES,Combined TRACON& Tower with Radar,60,35,37,0,132,0,0,27,0,27,60,35,64,0,159,38,0,38,197
07/12/2021,GSO,NC,ASO,ES,Combined TRACON& Tower with Radar,70,34,57,11,172,0,0,19,2,21,70,34,76,13,193,44,0,44,237
07/13/2021,GSO,NC,ASO,ES,Combined TRACON& Tower with Radar,99,52,56,2,209,0,0,54,0,54,99,52,110,2,263,50,0,50,313
07/14/2021,GSO,NC,ASO,ES,Combined TRACON& Tower with Radar,98,49,49,14,210,0,0,40,0,40,98,49,89,14,250,46,0,46,296
07/15/2021,GSO,NC,ASO,ES,Combined TRACON& Tower with Radar,97,46,46,1,190,0,2,43,2,47,97,48,89,3,237,60,0,60,297
07/16/2021,GSO,NC,ASO,ES,Combined TRACON& Tower with Radar,85,47,35,3,170,0,0,29,0,29,85,47,64,3,199,34,0,34,233
07/17/2021,GSO,NC,ASO,ES,Combined TRACON& Tower with Radar,49,45,30,0,124,0,0,47,0,47,49,45,77,0,171,30,0,30,201
07/18/2021,GSO,NC,ASO,ES,Combined TRACON& Tower with Radar,60,34,29,0,123,0,0,15,0,15,60,34,44,0,138,34,0,34,172
07/19/2021,GSO,NC,ASO,ES,Combined TRACON& Tower with Radar,66,51,46,1,164,0,0,3,0,3,66,51,49,1,167,29,0,29,196
07/20/2021,GSO,NC,ASO,ES,Combined TRACON& Tower with Radar,101,52,47,2,202,0,0,46,6,52,101,52,93,8,254,62,0,62,316
07/21/2021,GSO,NC,ASO,ES,Combined TRACON& Tower with Radar,96,44,58,7,205,0,0,42,2,44,96,44,100,9,249,26,0,26,275
07/22/2021,GSO,NC,ASO,ES,Combined TRACON& Tower with Radar,106,36,55,23,220,0,2,43,2,47,106,38,98,25,267,14,22,36,303
07/23/2021,GSO,NC,ASO,ES,Combined TRACON& Tower with Radar,91,48,61,11,211,0,0,25,1,26,91,48,86,12,237,86,22,108,345
07/24/2021,GSO,NC,ASO,ES,Combined TRACON& Tower with Radar,59,39,39,2,139,0,1,29,0,30,59,40,68,2,169,105,0,105,274
07/25/2021,GSO,NC,ASO,ES,Combined TRACON& Tower with Radar,60,41,39,6,146,0,0,35,0,35,60,41,74,6,181,38,0,38,219
07/26/2021,GSO,NC,ASO,ES,Combined TRACON& Tower with Radar,79,41,29,14,163,0,0,20,0,20,79,41,49,14,183,0,58,58,241
07/27/2021,GSO,NC,ASO,ES,Combined TRACON& Tower with Radar,105,52,46,14,217,0,3,30,3,36,105,55,76,17,253,11,0,11,264
07/28/2021,GSO,NC,ASO,ES,Combined TRACON& Tower with Radar,107,54,70,1,232,0,0,55,2,57,107,54,125,3,289,86,0,86,375
07/29/2021,GSO,NC,ASO,ES,Combined TRACON& Tower with Radar,103,46,54,10,213,1,2,64,9,76,104,48,118,19,289,0,0,0,289
07/30/2021,GSO,NC,ASO,ES,Combined TRACON& Tower with Radar,93,44,25,44,206,0,0,56,11,67,93,44,81,55,273,35,6,41,314
07/31/2021,GSO,NC,ASO,ES,Combined TRACON& Tower with Radar,52,38,24,19,133,0,1,46,1,48,52,39,70,20,181,46,14,60,241
08/01/2021,GSO,NC,ASO,ES,Combined TRACON& Tower with Radar,59,32,36,0,127,0,0,28,0,28,59,32,64,0,155,18,0,18,173
08/02/2021,GSO,NC,ASO,ES,Combined TRACON& Tower with Radar,62,38,37,3,140,0,0,52,2,54,62,38,89,5,194,67,0,67,261
08/03/2021,GSO,NC,ASO,ES,Combined TRACON& Tower with Radar,97,45,35,36,213,0,0,25,0,25,97,45,60,36,238,40,16,56,294
08/04/2021,GSO,NC,ASO,ES,Combined TRACON& Tower with Radar,92,42,57,28,219,0,0,40,7,47,92,42,97,35,266,106,8,114,380
08/05/2021,GSO,NC,ASO,ES,Combined TRACON& Tower with Radar,97,49,37,9,192,0,1,60,3,64,97,50,97,12,256,66,16,82,338
08/06/2021,GSO,NC,ASO,ES,Combined TRACON& Tower with Radar,84,57,44,10,195,0,1,51,4,56,84,58,95,14,251,40,0,40,291
08/07/2021,GSO,NC,ASO,ES,Combined TRACON& Tower with Radar,53,42,34,0,129,0,0,6,0,6,53,42,40,0,135,14,0,14,149
08/08/2021,GSO,NC,ASO,ES,Combined TRACON& Tower with Radar,68,44,47,0,159,0,0,54,0,54,68,44,101,0,213,64,0,64,277
08/09/2021,GSO,NC,ASO,ES,Combined TRACON& Tower with Radar,69,42,54,3,168,0,0,40,0,40,69,42,94,3,208,52,0,52,260
08/10/2021,GSO,NC,ASO,ES,Combined TRACON& Tower with Radar,97,48,51,4,200,0,1,26,6,33,97,49,77,10,233,72,0,72,305
08/11/2021,GSO,NC,ASO,ES,Combined TRACON& Tower with Radar,97,60,57,2,216,0,0,45,2,47,97,60,102,4,263,71,0,71,334
08/12/2021,GSO,NC,ASO,ES,Combined TRACON& Tower with Radar,93,57,33,6,189,0,0,46,2,48,93,57,79,8,237,48,14,62,299
08/13/2021,GSO,NC,ASO,ES,Combined TRACON& Tower with Radar,99,58,39,0,196,0,0,47,0,47,99,58,86,0,243,0,0,0,243
08/14/2021,GSO,NC,ASO,ES,Combined TRACON& Tower with Radar,46,45,28,0,119,0,0,45,0,45,46,45,73,0,164,54,0,54,218
08/15/2021,GSO,NC,ASO,ES,Combined TRACON& Tower with Radar,51,66,36,2,155,0,0,7,0,7,51,66,43,2,162,6,0,6,168
08/16/2021,GSO,NC,ASO,ES,Combined TRACON& Tower with Radar,67,41,35,0,143,0,1,1,0,2,67,42,36,0,145,28,0,28,173
08/17/2021,GSO,NC,ASO,ES,Combined TRACON& Tower with Radar,83,53,24,0,160,0,0,0,0,0,83,53,24,0,160,0,0,0,160
08/18/2021,GSO,NC,ASO,ES,Combined TRACON& Tower with Radar,83,63,39,9,194,0,1,25,0,26,83,64,64,9,220,66,0,66,286
08/19/2021,GSO,NC,ASO,ES,Combined TRACON& Tower with Radar,97,66,59,7,229,0,3,55,2,60,97,69,114,9,289,50,0,50,339
08/20/2021,GSO,NC,ASO,ES,Combined TRACON& Tower with Radar,77,61,53,17,208,0,0,39,0,39,77,61,92,17,247,0,0,0,247
08/21/2021,GSO,NC,ASO,ES,Combined TRACON& Tower with Radar,47,45,25,0,117,0,2,53,0,55,47,47,78,0,172,98,0,98,270
08/22/2021,GSO,NC,ASO,ES,Combined TRACON& Tower with Radar,59,43,32,0,134,0,0,34,0,34,59,43,66,0,168,46,0,46,214
08/23/2021,GSO,NC,ASO,ES,Combined TRACON& Tower with Radar,57,54,23,4,138,0,1,52,0,53,57,55,75,4,191,75,8,83,274
08/24/2021,GSO,NC,ASO,ES,Combined TRACON& Tower with Radar,73,50,52,11,186,0,1,52,9,62,73,51,104,20,248,49,8,57,305
08/25/2021,GSO,NC,ASO,ES,Combined TRACON& Tower with Radar,88,49,41,0,178,0,0,51,0,51,88,49,92,0,229,34,0,34,263
08/26/2021,GSO,NC,ASO,ES,Combined TRACON& Tower with Radar,91,60,50,22,223,0,0,42,2,44,91,60,92,24,267,0,24,24,291
08/27/2021,GSO,NC,ASO,ES,Combined TRACON& Tower with Radar,87,49,33,0,169,0,0,60,0,60,87,49,93,0,229,102,0,102,331
08/28/2021,GSO,NC,ASO,ES,Combined TRACON& Tower with Radar,49,37,22,0,108,0,0,66,2,68,49,37,88,2,176,71,20,91,267
08/29/2021,GSO,NC,ASO,ES,Combined TRACON& Tower with Radar,63,45,31,0,139,0,0,29,2,31,63,45,60,2,170,72,0,72,242
08/30/2021,GSO,NC,ASO,ES,Combined TRACON& Tower with Radar,63,39,36,15,153,5,0,37,1,43,68,39,73,16,196,35,24,59,255
08/31/2021,GSO,NC,ASO,ES,Combined TRACON& Tower with Radar,76,48,19,14,157,0,0,32,1,33,76,48,51,15,190,52,7,59,249
09/01/2021,GSO,NC,ASO,ES,Combined TRACON& Tower with Radar,79,43,16,0,138,0,0,0,0,0,79,43,16,0,138,0,0,0,138
09/02/2021,GSO,NC,ASO,ES,Combined TRACON& Tower with Radar,97,63,42,4,206,0,1,64,1,66,97,64,106,5,272,20,0,20,292
09/03/2021,GSO,NC,ASO,ES,Combined TRACON& Tower with Radar,79,50,55,2,186,0,2,68,0,70,79,52,123,2,256,84,0,84,340
09/04/2021,GSO,NC,ASO,ES,Combined TRACON& Tower with Radar,44,40,29,0,113,0,0,55,0,55,44,40,84,0,168,54,0,54,222
09/05/2021,GSO,NC,ASO,ES,Combined TRACON& Tower with Radar,45,28,29,0,102,0,0,23,0,23,45,28,52,0,125,77,0,77,202
09/06/2021,GSO,NC,ASO,ES,Combined TRACON& Tower with Radar,41,44,39,0,124,0,0,33,0,33,41,44,72,0,157,110,0,110,267
09/07/2021,GSO,NC,ASO,ES,Combined TRACON& Tower with Radar,52,46,49,8,155,0,1,55,0,56,52,47,104,8,211,59,6,65,276
09/08/2021,GSO,NC,ASO,ES,Combined TRACON& Tower with Radar,83,49,45,1,178,0,2,16,0,18,83,51,61,1,196,0,0,0,196
09/09/2021,GSO,NC,ASO,ES,Combined TRACON& Tower with Radar,94,41,62,1,198,0,0,56,0,56,94,41,118,1,254,16,0,16,270
09/10/2021,GSO,NC,ASO,ES,Combined TRACON& Tower with Radar,83,53,58,2,196,0,1,61,0,62,83,54,119,2,258,0,0,0,258
09/11/2021,GSO,NC,ASO,ES,Combined TRACON& Tower with Radar,55,39,29,3,126,0,0,57,1,58,55,39,86,4,184,0,0,0,184
09/12/2021,GSO,NC,ASO,ES,Combined TRACON& Tower with Radar,60,48,45,1,154,0,0,55,1,56,60,48,100,2,210,91,0,91,301
09/13/2021,GSO,NC,ASO,ES,Combined TRACON& Tower with Radar,69,31,29,0,129,0,2,54,0,56,69,33,83,0,185,92,0,92,277
09/14/2021,GSO,NC,ASO,ES,Combined TRACON& Tower with Radar,85,57,40,0,182,0,0,59,4,63,85,57,99,4,245,108,0,108,353
09/15/2021,GSO,NC,ASO,ES,Combined TRACON& Tower with Radar,91,56,38,79,264,0,0,26,19,45,91,56,64,98,309,98,38,136,445
09/16/2021,GSO,NC,ASO,ES,Combined TRACON& Tower with Radar,99,52,50,4,205,0,1,19,0,20,99,53,69,4,225,20,0,20,245
09/17/2021,GSO,NC,ASO,ES,Combined TRACON& Tower with Radar,88,43,55,7,193,0,0,15,0,15,88,43,70,7,208,0,0,0,208
09/18/2021,GSO,NC,ASO,ES,Combined TRACON& Tower with Radar,49,25,30,0,104,0,0,33,0,33,49,25,63,0,137,64,0,64,201
09/19/2021,GSO,NC,ASO,ES,Combined TRACON& Tower with Radar,62,40,32,0,134,0,0,47,0,47,62,40,79,0,181,44,0,44,225
09/20/2021,GSO,NC,ASO,ES,Combined TRACON& Tower with Radar,67,39,67,3,176,0,0,22,1,23,67,39,89,4,199,45,0,45,244
09/21/2021,GSO,NC,ASO,ES,Combined TRACON& Tower with Radar,84,37,37,0,158,0,0,0,0,0,84,37,37,0,158,0,0,0,158
09/22/2021,GSO,NC,ASO,ES,Combined TRACON& Tower with Radar,89,45,21,0,155,0,0,1,0,1,89,45,22,0,156,0,0,0,156
09/23/2021,GSO,NC,ASO,ES,Combined TRACON& Tower with Radar,96,47,62,16,221,0,0,83,0,83,96,47,145,16,304,86,12,98,402
09/24/2021,GSO,NC,ASO,ES,Combined TRACON& Tower with Radar,92,70,48,0,210,0,0,74,0,74,92,70,122,0,284,164,0,164,448
09/25/2021,GSO,NC,ASO,ES,Combined TRACON& Tower with Radar,51,47,18,2,118,1,0,68,0,69,52,47,86,2,187,31,0,31,218
09/26/2021,GSO,NC,ASO,ES,Combined TRACON& Tower with Radar,64,62,49,1,176,0,0,51,0,51,64,62,100,1,227,16,0,16,243
09/27/2021,GSO,NC,ASO,ES,Combined TRACON& Tower with Radar,68,35,39,1,143,0,0,51,0,51,68,35,90,1,194,92,0,92,286
09/28/2021,GSO,NC,ASO,ES,Combined TRACON& Tower with Radar,90,55,52,35,232,0,0,78,1,79,90,55,130,36,311,36,31,67,378
09/29/2021,GSO,NC,ASO,ES,Combined TRACON& Tower with Radar,90,54,61,14,219,0,0,60,4,64,90,54,121,18,283,70,0,70,353
09/30/2021,GSO,NC,ASO,ES,Combined TRACON& Tower with Radar,102,64,63,4,233,0,1,30,2,33,102,65,93,6,266,12,0,12,278
10/01/2021,GSO,NC,ASO,ES,Combined TRACON& Tower with Radar,86,52,49,0,187,0,0,63,2,65,86,52,112,2,252,114,0,114,366
10/02/2021,GSO,NC,ASO,ES,Combined TRACON& Tower with Radar,54,38,43,0,135,0,0,43,0,43,54,38,86,0,178,10,0,10,188
10/03/2021,GSO,NC,ASO,ES,Combined TRACON& Tower with Radar,69,34,36,2,141,0,0,48,0,48,69,34,84,2,189,78,0,78,267
10/04/2021,GSO,NC,ASO,ES,Combined TRACON& Tower with Radar,67,53,43,2,165,0,1,9,0,10,67,54,52,2,175,0,0,0,175
10/05/2021,GSO,NC,ASO,ES,Combined TRACON& Tower with Radar,88,45,35,4,172,0,0,16,0,16,88,45,51,4,188,70,0,70,258
10/06/2021,GSO,NC,ASO,ES,Combined TRACON& Tower with Radar,103,49,45,1,198,0,0,6,1,7,103,49,51,2,205,34,0,34,239
10/07/2021,GSO,NC,ASO,ES,Combined TRACON& Tower with Radar,95,56,49,0,200,0,0,0,3,3,95,56,49,3,203,0,0,0,203
10/08/2021,GSO,NC,ASO,ES,Combined TRACON& Tower with Radar,87,50,37,1,175,0,0,0,0,0,87,50,37,1,175,0,0,0,175
10/09/2021,GSO,NC,ASO,ES,Combined TRACON& Tower with Radar,59,35,26,2,122,0,0,2,6,8,59,35,28,8,130,16,0,16,146
10/10/2021,GSO,NC,ASO,ES,Combined TRACON& Tower with Radar,68,40,35,1,144,0,0,21,0,21,68,40,56,1,165,0,0,0,165
10/11/2021,GSO,NC,ASO,ES,Combined TRACON& Tower with Radar,68,47,69,0,184,0,0,2,0,2,68,47,71,0,186,80,0,80,266
10/12/2021,GSO,NC,ASO,ES,Combined TRACON& Tower with Radar,83,49,52,2,186,0,0,37,0,37,83,49,89,2,223,10,0,10,233
10/13/2021,GSO,NC,ASO,ES,Combined TRACON& Tower with Radar,94,48,65,14,221,0,0,66,1,67,94,48,131,15,288,92,6,98,386
10/14/2021,GSO,NC,ASO,ES,Combined TRACON& Tower with Radar,94,69,64,0,227,0,1,75,0,76,94,70,139,0,303,8,0,8,311
10/15/2021,GSO,NC,ASO,ES,Combined TRACON& Tower with Radar,84,67,77,0,228,0,0,88,0,88,84,67,165,0,316,24,2,26,342
10/16/2021,GSO,NC,ASO,ES,Combined TRACON& Tower with Radar,60,55,32,0,147,0,0,24,0,24,60,55,56,0,171,22,0,22,193
10/17/2021,GSO,NC,ASO,ES,Combined TRACON& Tower with Radar,65,58,77,0,200,0,1,52,0,53,65,59,129,0,253,0,0,0,253
10/18/2021,GSO,NC,ASO,ES,Combined TRACON& Tower with Radar,64,63,71,0,198,0,0,53,0,53,64,63,124,0,251,22,0,22,273
10/19/2021,GSO,NC,ASO,ES,Combined TRACON& Tower with Radar,93,55,70,11,229,0,1,80,0,81,93,56,150,11,310,66,6,72,382
10/20/2021,GSO,NC,ASO,ES,Combined TRACON& Tower with Radar,99,50,64,0,213,0,0,70,2,72,99,50,134,2,285,46,0,46,331
10/21/2021,GSO,NC,ASO,ES,Combined TRACON& Tower with Radar,101,57,61,17,236,0,0,65,2,67,101,57,126,19,303,44,0,44,347
10/22/2021,GSO,NC,ASO,ES,Combined TRACON& Tower with Radar,90,55,65,9,219,0,0,34,0,34,90,55,99,9,253,12,4,16,269
10/23/2021,GSO,NC,ASO,ES,Combined TRACON& Tower with Radar,54,40,30,0,124,0,0,61,0,61,54,40,91,0,185,0,0,0,185
10/24/2021,GSO,NC,ASO,ES,Combined TRACON& Tower with Radar,65,41,53,2,161,0,0,40,0,40,65,41,93,2,201,0,0,0,201
10/25/2021,GSO,NC,ASO,ES,Combined TRACON& Tower with Radar,66,41,46,3,156,0,0,14,0,14,66,41,60,3,170,0,0,0,170
10/26/2021,GSO,NC,ASO,ES,Combined TRACON& Tower with Radar,88,44,42,0,174,0,0,15,0,15,88,44,57,0,189,6,0,6,195
10/27/2021,GSO,NC,ASO,ES,Combined TRACON& Tower with Radar,97,52,61,0,210,0,3,75,2,80,97,55,136,2,290,53,0,53,343
10/28/2021,GSO,NC,ASO,ES,Combined TRACON& Tower with Radar,93,45,52,1,191,0,0,26,0,26,93,45,78,1,217,0,0,0,217
10/29/2021,GSO,NC,ASO,ES,Combined TRACON& Tower with Radar,104,58,48,0,210,0,0,21,2,23,104,58,69,2,233,0,0,0,233
10/30/2021,GSO,NC,ASO,ES,Combined TRACON& Tower with Radar,55,37,45,2,139,0,1,7,1,9,55,38,52,3,148,0,0,0,148
10/31/2021,GSO,NC,ASO,ES,Combined TRACON& Tower with Radar,53,50,43,1,147,0,0,35,0,35,53,50,78,1,182,14,0,14,196
11/01/2021,GSO,NC,ASO,ES,Combined TRACON& Tower with Radar,74,41,45,9,169,0,1,40,0,41,74,42,85,9,210,28,2,30,240
11/02/2021,GSO,NC,ASO,ES,Combined TRACON& Tower with Radar,99,44,47,0,190,0,1,43,0,44,99,45,90,0,234,36,0,36,270
11/03/2021,GSO,NC,ASO,ES,Combined TRACON& Tower with Radar,105,45,41,10,201,0,1,74,2,77,105,46,115,12,278,68,0,68,346
11/04/2021,GSO,NC,ASO,ES,Combined TRACON& Tower with Radar,107,58,45,12,222,0,0,24,0,24,107,58,69,12,246,0,0,0,246
11/05/2021,GSO,NC,ASO,ES,Combined TRACON& Tower with Radar,101,46,72,0,219,0,6,65,0,71,101,52,137,0,290,77,0,77,367
11/06/2021,GSO,NC,ASO,ES,Combined TRACON& Tower with Radar,56,53,46,2,157,0,0,37,0,37,56,53,83,2,194,26,0,26,220
11/07/2021,GSO,NC,ASO,ES,Combined TRACON& Tower with Radar,67,34,30,2,133,0,0,22,0,22,67,34,52,2,155,32,0,32,187
11/08/2021,GSO,NC,ASO,ES,Combined TRACON& Tower with Radar,81,40,63,8,192,0,0,54,0,54,81,40,117,8,246,0,0,0,246
11/09/2021,GSO,NC,ASO,ES,Combined TRACON& Tower with Radar,104,40,42,20,206,0,0,68,0,68,104,40,110,20,274,49,8,57,331
11/10/2021,GSO,NC,ASO,ES,Combined TRACON& Tower with Radar,101,52,58,4,215,0,1,69,0,70,101,53,127,4,285,0,0,0,285
11/11/2021,GSO,NC,ASO,ES,Combined TRACON& Tower with Radar,114,56,52,0,222,0,0,44,0,44,114,56,96,0,266,22,0,22,288
11/12/2021,GSO,NC,ASO,ES,Combined TRACON& Tower with Radar,93,51,54,1,199,0,2,51,0,53,93,53,105,1,252,84,0,84,336
11/13/2021,GSO,NC,ASO,ES,Combined TRACON& Tower with Radar,56,38,35,0,129,0,0,39,0,39,56,38,74,0,168,28,0,28,196
11/14/2021,GSO,NC,ASO,ES,Combined TRACON& Tower with Radar,70,40,47,0,157,0,0,41,0,41,70,40,88,0,198,30,0,30,228
11/15/2021,GSO,NC,ASO,ES,Combined TRACON& Tower with Radar,79,57,46,0,182,0,0,35,0,35,79,57,81,0,217,16,0,16,233
11/16/2021,GSO,NC,ASO,ES,Combined TRACON& Tower with Radar,103,49,46,13,211,0,3,67,1,71,103,52,113,14,282,76,14,90,372
11/17/2021,GSO,NC,ASO,ES,Combined TRACON& Tower with Radar,124,52,43,4,223,0,0,40,0,40,124,52,83,4,263,86,0,86,349
11/18/2021,GSO,NC,ASO,ES,Combined TRACON& Tower with Radar,108,38,53,8,207,0,2,32,5,39,108,40,85,13,246,24,20,44,290
11/19/2021,GSO,NC,ASO,ES,Combined TRACON& Tower with Radar,100,54,52,3,209,0,2,36,4,42,100,56,88,7,251,0,0,0,251
11/20/2021,GSO,NC,ASO,ES,Combined TRACON& Tower with Radar,68,47,35,4,154,0,0,72,0,72,68,47,107,4,226,78,0,78,304
11/21/2021,GSO,NC,ASO,ES,Combined TRACON& Tower with Radar,66,43,41,0,150,0,0,37,0,37,66,43,78,0,187,38,0,38,225
11/22/2021,GSO,NC,ASO,ES,Combined TRACON& Tower with Radar,84,51,76,24,235,0,0,18,6,24,84,51,94,30,259,0,0,0,259
11/23/2021,GSO,NC,ASO,ES,Combined TRACON& Tower with Radar,104,50,56,6,216,0,0,57,2,59,104,50,113,8,275,104,4,108,383
11/24/2021,GSO,NC,ASO,ES,Combined TRACON& Tower with Radar,115,54,37,0,206,0,0,52,0,52,115,54,89,0,258,62,0,62,320
11/25/2021,GSO,NC,ASO,ES,Combined TRACON& Tower with Radar,45,18,11,0,74,0,0,9,0,9,45,18,20,0,83,0,0,0,83
11/26/2021,GSO,NC,ASO,ES,Combined TRACON& Tower with Radar,64,27,35,4,130,0,0,17,0,17,64,27,52,4,147,42,0,42,189
11/27/2021,GSO,NC,ASO,ES,Combined TRACON& Tower with Radar,69,49,26,0,144,0,0,49,0,49,69,49,75,0,193,42,0,42,235
11/28/2021,GSO,NC,ASO,ES,Combined TRACON& Tower with Radar,75,45,62,0,182,0,0,57,0,57,75,45,119,0,239,0,0,0,239
11/29/2021,GSO,NC,ASO,ES,Combined TRACON& Tower with Radar,87,46,36,13,182,0,0,29,3,32,87,46,65,16,214,66,0,66,280
11/30/2021,GSO,NC,ASO,ES,Combined TRACON& Tower with Radar,108,46,47,2,203,0,0,55,0,55,108,46,102,2,258,61,0,61,319
12/01/2021,GSO,NC,ASO,ES,Combined TRACON& Tower with Radar,106,54,51,8,219,0,0,51,0,51,106,54,102,8,270,70,10,80,350
12/02/2021,GSO,NC,ASO,ES,Combined TRACON& Tower with Radar,111,66,39,10,226,0,0,45,0,45,111,66,84,10,271,10,4,14,285
12/03/2021,GSO,NC,ASO,ES,Combined TRACON& Tower with Radar,106,56,55,14,231,0,0,61,4,65,106,56,116,18,296,28,0,28,324
12/04/2021,GSO,NC,ASO,ES,Combined TRACON& Tower with Radar,70,46,43,15,174,0,0,74,2,76,70,46,117,17,250,120,2,122,372
12/05/2021,GSO,NC,ASO,ES,Combined TRACON& Tower with Radar,67,54,56,0,177,0,0,45,0,45,67,54,101,0,222,78,0,78,300
12/06/2021,GSO,NC,ASO,ES,Combined TRACON& Tower with Radar,73,54,38,12,177,0,1,18,1,20,73,55,56,13,197,18,0,18,215
12/07/2021,GSO,NC,ASO,ES,Combined TRACON& Tower with Radar,109,48,84,16,257,0,0,56,2,58,109,48,140,18,315,94,24,118,433
12/08/2021,GSO,NC,ASO,ES,Combined TRACON& Tower with Radar,108,53,70,9,240,0,0,36,4,40,108,53,106,13,280,36,22,58,338
12/09/2021,GSO,NC,ASO,ES,Combined TRACON& Tower with Radar,108,71,91,6,276,0,0,71,2,73,108,71,162,8,349,0,0,0,349
12/10/2021,GSO,NC,ASO,ES,Combined TRACON& Tower with Radar,119,66,51,0,236,0,0,1,0,1,119,66,52,0,237,0,0,0,237
12/11/2021,GSO,NC,ASO,ES,Combined TRACON& Tower with Radar,74,39,15,0,128,0,0,0,0,0,74,39,15,0,128,0,0,0,128
12/12/2021,GSO,NC,ASO,ES,Combined TRACON& Tower with Radar,66,37,44,0,147,0,0,53,0,53,66,37,97,0,200,0,0,0,200
12/13/2021,GSO,NC,ASO,ES,Combined TRACON& Tower with Radar,85,35,64,2,186,0,4,62,0,66,85,39,126,2,252,12,0,12,264
12/14/2021,GSO,NC,ASO,ES,Combined TRACON& Tower with Radar,99,47,65,11,222,0,2,63,1,66,99,49,128,12,288,63,0,63,351
12/15/2021,GSO,NC,ASO,ES,Combined TRACON& Tower with Radar,111,44,60,2,217,0,0,49,5,54,111,44,109,7,271,30,16,46,317
12/16/2021,GSO,NC,ASO,ES,Combined TRACON& Tower with Radar,109,52,56,6,223,0,0,44,2,46,109,52,100,8,269,22,0,22,291
12/17/2021,GSO,NC,ASO,ES,Combined TRACON& Tower with Radar,100,58,59,4,221,0,0,26,0,26,100,58,85,4,247,48,8,56,303
12/18/2021,GSO,NC,ASO,ES,Combined TRACON& Tower with Radar,73,44,25,0,142,0,0,0,0,0,73,44,25,0,142,0,0,0,142
12/19/2021,GSO,NC,ASO,ES,Combined TRACON& Tower with Radar,65,32,45,0,142,0,0,5,0,5,65,32,50,0,147,0,0,0,147
12/20/2021,GSO,NC,ASO,ES,Combined TRACON& Tower with Radar,76,29,42,16,163,0,2,44,2,48,76,31,86,18,211,58,6,64,275
12/21/2021,GSO,NC,ASO,ES,Combined TRACON& Tower with Radar,106,43,42,8,199,0,0,16,5,21,106,43,58,13,220,12,8,20,240
12/22/2021,GSO,NC,ASO,ES,Combined TRACON& Tower with Radar,110,53,36,2,201,0,0,45,1,46,110,53,81,3,247,12,0,12,259
12/23/2021,GSO,NC,ASO,ES,Combined TRACON& Tower with Radar,105,48,43,0,196,0,0,60,0,60,105,48,103,0,256,0,0,0,256
12/24/2021,GSO,NC,ASO,ES,Combined TRACON& Tower with Radar,74,25,17,0,116,0,0,21,0,21,74,25,38,0,137,50,0,50,187
12/25/2021,GSO,NC,ASO,ES,Combined TRACON& Tower with Radar,42,30,3,0,75,0,0,3,0,3,42,30,6,0,78,0,0,0,78
12/26/2021,GSO,NC,ASO,ES,Combined TRACON& Tower with Radar,59,39,30,0,128,0,0,36,0,36,59,39,66,0,164,0,0,0,164
12/27/2021,GSO,NC,ASO,ES,Combined TRACON& Tower with Radar,62,45,42,0,149,0,0,11,0,11,62,45,53,0,160,50,0,50,210
12/28/2021,GSO,NC,ASO,ES,Combined TRACON& Tower with Radar,91,37,49,0,177,0,0,40,0,40,91,37,89,0,217,26,0,26,243
12/29/2021,GSO,NC,ASO,ES,Combined TRACON& Tower with Radar,88,44,39,0,171,0,0,4,0,4,88,44,43,0,175,40,0,40,215
12/30/2021,GSO,NC,ASO,ES,Combined TRACON& Tower with Radar,96,34,34,12,176,0,0,0,0,0,96,34,34,12,176,16,0,16,192
12/31/2021,GSO,NC,ASO,ES,Combined TRACON& Tower with Radar,68,33,25,0,126,0,0,21,0,21,68,33,46,0,147,70,0,70,217
01/01/2022,GSO,NC,ASO,ES,Combined TRACON& Tower with Radar,44,28,21,0,93,0,0,1,0,1,44,28,22,0,94,22,0,22,116
01/02/2022,GSO,NC,ASO,ES,Combined TRACON& Tower with Radar,69,34,23,0,126,0,0,0,0,0,69,34,23,0,126,0,0,0,126
01/03/2022,GSO,NC,ASO,ES,Combined TRACON& Tower with Radar,65,40,28,1,134,0,0,5,1,6,65,40,33,2,140,0,0,0,140
01/04/2022,GSO,NC,ASO,ES,Combined TRACON& Tower with Radar,92,32,31,2,157,0,0,58,0,58,92,32,89,2,215,0,0,0,215
01/05/2022,GSO,NC,ASO,ES,Combined TRACON& Tower with Radar,95,40,49,17,201,0,1,24,2,27,95,41,73,19,228,0,0,0,228
01/06/2022,GSO,NC,ASO,ES,Combined TRACON& Tower with Radar,96,37,38,21,192,0,0,51,2,53,96,37,89,23,245,48,0,48,293
01/07/2022,GSO,NC,ASO,ES,Combined TRACON& Tower with Radar,79,36,42,9,166,0,0,49,0,49,79,36,91,9,215,19,8,27,242
01/08/2022,GSO,NC,ASO,ES,Combined TRACON& Tower with Radar,51,36,29,2,118,0,2,65,2,69,51,38,94,4,187,52,10,62,249
01/09/2022,GSO,NC,ASO,ES,Combined TRACON& Tower with Radar,64,28,29,0,121,0,0,2,0,2,64,28,31,0,123,6,0,6,129
01/10/2022,GSO,NC,ASO,ES,Combined TRACON& Tower with Radar,71,39,31,3,144,0,0,45,0,45,71,39,76,3,189,16,0,16,205
01/11/2022,GSO,NC,ASO,ES,Combined TRACON& Tower with Radar,96,44,42,4,186,0,0,61,0,61,96,44,103,4,247,38,0,38,285
01/12/2022,GSO,NC,ASO,ES,Combined TRACON& Tower with Radar,95,36,50,20,201,0,0,52,0,52,95,36,102,20,253,126,8,134,387
01/13/2022,GSO,NC,ASO,ES,Combined TRACON& Tower with Radar,100,47,77,11,235,0,1,51,0,52,100,48,128,11,287,68,0,68,355
01/14/2022,GSO,NC,ASO,ES,Combined TRACON& Tower with Radar,90,41,74,0,205,0,2,37,0,39,90,43,111,0,244,26,0,26,270
01/15/2022,GSO,NC,ASO,ES,Combined TRACON& Tower with Radar,46,43,44,0,133,0,2,58,0,60,46,45,102,0,193,52,0,52,245
01/16/2022,GSO,NC,ASO,ES,Combined TRACON& Tower with Radar,7,6,0,0,13,0,0,0,0,0,7,6,0,0,13,0,0,0,13
01/17/2022,GSO,NC,ASO,ES,Combined TRACON& Tower with Radar,54,32,10,0,96,0,0,4,0,4,54,32,14,0,100,0,0,0,100
01/18/2022,GSO,NC,ASO,ES,Combined TRACON& Tower with Radar,82,40,33,4,159,0,0,21,0,21,82,40,54,4,180,24,0,24,204
01/19/2022,GSO,NC,ASO,ES,Combined TRACON& Tower with Radar,96,49,43,11,199,0,0,60,1,61,96,49,103,12,260,86,0,86,346
01/20/2022,GSO,NC,ASO,ES,Combined TRACON& Tower with Radar,92,45,24,2,163,0,0,1,0,1,92,45,25,2,164,12,0,12,176
01/21/2022,GSO,NC,ASO,ES,Combined TRACON& Tower with Radar,92,32,17,0,141,0,0,5,0,5,92,32,22,0,146,0,0,0,146
01/22/2022,GSO,NC,ASO,ES,Combined TRACON& Tower with Radar,44,33,25,1,103,0,2,48,0,50,44,35,73,1,153,24,0,24,177
01/23/2022,GSO,NC,ASO,ES,Combined TRACON& Tower with Radar,65,33,20,1,119,0,0,57,0,57,65,33,77,1,176,0,0,0,176
01/24/2022,GSO,NC,ASO,ES,Combined TRACON& Tower with Radar,70,34,42,37,183,16,0,63,13,92,86,34,105,50,275,58,12,70,345
01/25/2022,GSO,NC,ASO,ES,Combined TRACON& Tower with Radar,93,29,58,0,180,0,0,74,2,76,93,29,132,2,256,0,0,0,256
01/26/2022,GSO,NC,ASO,ES,Combined TRACON& Tower with Radar,97,36,66,7,206,0,0,52,2,54,97,36,118,9,260,74,16,90,350
01/27/2022,GSO,NC,ASO,ES,Combined TRACON& Tower with Radar,103,39,58,2,202,0,0,65,1,66,103,39,123,3,268,98,0,98,366
01/28/2022,GSO,NC,ASO,ES,Combined TRACON& Tower with Radar,89,47,44,3,183,0,0,29,4,33,89,47,73,7,216,0,0,0,216
01/29/2022,GSO,NC,ASO,ES,Combined TRACON& Tower with Radar,40,33,9,0,82,0,0,13,0,13,40,33,22,0,95,0,0,0,95
01/30/2022,GSO,NC,ASO,ES,Combined TRACON& Tower with Radar,61,39,42,0,142,0,0,49,0,49,61,39,91,0,191,70,0,70,261
01/31/2022,GSO,NC,ASO,ES,Combined TRACON& Tower with Radar,64,45,38,0,147,0,1,50,2,53,64,46,88,2,200,53,0,53,253
02/01/2022,GSO,NC,ASO,ES,Combined TRACON& Tower with Radar,95,41,60,6,202,0,0,64,0,64,95,41,124,6,266,46,0,46,312
02/02/2022,GSO,NC,ASO,ES,Combined TRACON& Tower with Radar,100,30,42,23,195,0,2,53,9,64,100,32,95,32,259,84,32,116,375
02/03/2022,GSO,NC,ASO,ES,Combined TRACON& Tower with Radar,83,43,49,8,183,0,0,0,0,0,83,43,49,8,183,0,0,0,183
02/04/2022,GSO,NC,ASO,ES,Combined TRACON& Tower with Radar,72,53,21,0,146,0,0,0,0,0,72,53,21,0,146,0,0,0,146
02/05/2022,GSO,NC,ASO,ES,Combined TRACON& Tower with Radar,43,36,21,0,100,0,0,53,0,53,43,36,74,0,153,92,0,92,245
02/06/2022,GSO,NC,ASO,ES,Combined TRACON& Tower with Radar,62,43,48,0,153,0,0,57,0,57,62,43,105,0,210,83,0,83,293
02/07/2022,GSO,NC,ASO,ES,Combined TRACON& Tower with Radar,69,45,27,0,141,0,0,0,0,0,69,45,27,0,141,0,0,0,141
02/08/2022,GSO,NC,ASO,ES,Combined TRACON& Tower with Radar,92,53,58,2,205,0,0,58,4,62,92,53,116,6,267,64,0,64,331
02/09/2022,GSO,NC,ASO,ES,Combined TRACON& Tower with Radar,98,53,41,7,199,0,0,83,0,83,98,53,124,7,282,90,0,90,372
02/10/2022,GSO,NC,ASO,ES,Combined TRACON& Tower with Radar,99,46,71,26,242,0,0,74,4,78,99,46,145,30,320,66,0,66,386
02/11/2022,GSO,NC,ASO,ES,Combined TRACON& Tower with Radar,90,47,39,46,222,0,0,66,9,75,90,47,105,55,297,36,54,90,387
02/12/2022,GSO,NC,ASO,ES,Combined TRACON& Tower with Radar,49,38,24,8,119,0,0,64,2,66,49,38,88,10,185,106,6,112,297
02/13/2022,GSO,NC,ASO,ES,Combined TRACON& Tower with Radar,57,41,27,0,125,0,0,2,0,2,57,41,29,0,127,0,0,0,127
02/14/2022,GSO,NC,ASO,ES,Combined TRACON& Tower with Radar,72,41,54,2,169,0,0,37,0,37,72,41,91,2,206,0,0,0,206
02/15/2022,GSO,NC,ASO,ES,Combined TRACON& Tower with Radar,94,48,58,11,211,0,0,76,3,79,94,48,134,14,290,100,0,100,390
02/16/2022,GSO,NC,ASO,ES,Combined TRACON& Tower with Radar,96,51,60,26,233,0,0,52,2,54,96,51,112,28,287,19,8,27,314
02/17/2022,GSO,NC,ASO,ES,Combined TRACON& Tower with Radar,94,52,49,0,195,0,0,7,0,7,94,52,56,0,202,10,0,10,212
02/18/2022,GSO,NC,ASO,ES,Combined TRACON& Tower with Radar,95,40,48,0,183,0,0,29,0,29,95,40,77,0,212,14,0,14,226
02/19/2022,GSO,NC,ASO,ES,Combined TRACON& Tower with Radar,50,45,10,0,105,0,1,34,0,35,50,46,44,0,140,0,0,0,140
02/20/2022,GSO,NC,ASO,ES,Combined TRACON& Tower with Radar,53,48,41,1,143,0,2,63,1,66,53,50,104,2,209,80,0,80,289
02/21/2022,GSO,NC,ASO,ES,Combined TRACON& Tower with Radar,74,38,74,0,186,0,1,69,0,70,74,39,143,0,256,50,0,50,306
02/22/2022,GSO,NC,ASO,ES,Combined TRACON& Tower with Radar,86,51,47,0,184,0,0,8,0,8,86,51,55,0,192,0,0,0,192
02/23/2022,GSO,NC,ASO,ES,Combined TRACON& Tower with Radar,94,53,60,9,216,0,0,6,0,6,94,53,66,9,222,61,0,61,283
02/24/2022,GSO,NC,ASO,ES,Combined TRACON& Tower with Radar,89,51,42,3,185,0,0,0,0,0,89,51,42,3,185,0,0,0,185
02/25/2022,GSO,NC,ASO,ES,Combined TRACON& Tower with Radar,86,41,48,0,175,0,0,15,0,15,86,41,63,0,190,0,0,0,190
02/26/2022,GSO,NC,ASO,ES,Combined TRACON& Tower with Radar,49,34,42,0,125,0,2,74,0,76,49,36,116,0,201,0,0,0,201
02/27/2022,GSO,NC,ASO,ES,Combined TRACON& Tower with Radar,59,38,33,0,130,0,0,10,0,10,59,38,43,0,140,0,0,0,140
02/28/2022,GSO,NC,ASO,ES,Combined TRACON& Tower with Radar,72,41,64,6,183,0,1,78,1,80,72,42,142,7,263,0,0,0,263
03/01/2022,GSO,NC,ASO,ES,Combined TRACON& Tower with Radar,99,50,93,7,249,0,1,67,3,71,99,51,160,10,320,116,8,124,444
03/02/2022,GSO,NC,ASO,ES,Combined TRACON& Tower with Radar,105,46,65,7,223,0,4,70,0,74,105,50,135,7,297,86,0,86,383
03/03/2022,GSO,NC,ASO,ES,Combined TRACON& Tower with Radar,97,56,41,0,194,0,0,62,2,64,97,56,103,2,258,36,0,36,294
03/04/2022,GSO,NC,ASO,ES,Combined TRACON& Tower with Radar,91,47,64,2,204,0,0,75,6,81,91,47,139,8,285,88,4,92,377
03/05/2022,GSO,NC,ASO,ES,Combined TRACON& Tower with Radar,56,32,29,0,117,0,0,58,0,58,56,32,87,0,175,0,0,0,175
03/06/2022,GSO,NC,ASO,ES,Combined TRACON& Tower with Radar,64,30,35,0,129,0,0,10,0,10,64,30,45,0,139,0,0,0,139
03/07/2022,GSO,NC,ASO,ES,Combined TRACON& Tower with Radar,72,36,37,2,147,0,0,8,0,8,72,36,45,2,155,0,0,0,155
03/08/2022,GSO,NC,ASO,ES,Combined TRACON& Tower with Radar,97,44,36,7,184,0,1,62,4,67,97,45,98,11,251,18,18,36,287
03/09/2022,GSO,NC,ASO,ES,Combined TRACON& Tower with Radar,89,41,34,3,167,0,0,0,0,0,89,41,34,3,167,20,0,20,187
03/10/2022,GSO,NC,ASO,ES,Combined TRACON& Tower with Radar,102,39,53,43,237,0,0,19,5,24,102,39,72,48,261,88,52,140,401
03/11/2022,GSO,NC,ASO,ES,Combined TRACON& Tower with Radar,87,39,47,24,197,0,2,41,4,47,87,41,88,28,244,48,16,64,308
03/12/2022,GSO,NC,ASO,ES,Combined TRACON& Tower with Radar,51,28,20,0,99,0,0,1,0,1,51,28,21,0,100,0,0,0,100
03/13/2022,GSO,NC,ASO,ES,Combined TRACON& Tower with Radar,57,35,43,0,135,0,0,68,0,68,57,35,111,0,203,79,0,79,282
03/14/2022,GSO,NC,ASO,ES,Combined TRACON& Tower with Radar,64,25,49,7,145,0,0,51,6,57,64,25,100,13,202,22,12,34,236
03/15/2022,GSO,NC,ASO,ES,Combined TRACON& Tower with Radar,90,35,40,5,170,1,0,87,0,88,91,35,127,5,258,75,0,75,333
03/16/2022,GSO,NC,ASO,ES,Combined TRACON& Tower with Radar,90,46,46,3,185,0,2,24,1,27,90,48,70,4,212,63,0,63,275
03/17/2022,GSO,NC,ASO,ES,Combined TRACON& Tower with Radar,88,46,69,0,203,0,0,19,0,19,88,46,88,0,222,34,0,34,256
03/18/2022,GSO,NC,ASO,ES,Combined TRACON& Tower with Radar,77,45,57,15,194,0,3,59,1,63,77,48,116,16,257,32,2,34,291
03/19/2022,GSO,NC,ASO,ES,Combined TRACON& Tower with Radar,55,31,33,1,120,0,0,2,1,3,55,31,35,2,123,0,0,0,123
03/20/2022,GSO,NC,ASO,ES,Combined TRACON& Tower with Radar,61,35,37,1,134,0,0,36,0,36,61,35,73,1,170,0,0,0,170
03/21/2022,GSO,NC,ASO,ES,Combined TRACON& Tower with Radar,68,49,77,0,194,8,1,79,0,88,76,50,156,0,282,43,0,43,325
03/22/2022,GSO,NC,ASO,ES,Combined TRACON& Tower with Radar,97,54,56,0,207,0,3,60,2,65,97,57,116,2,272,56,0,56,328
03/23/2022,GSO,NC,ASO,ES,Combined TRACON& Tower with Radar,96,44,24,0,164,0,0,0,0,0,96,44,24,0,164,0,0,0,164
03/24/2022,GSO,NC,ASO,ES,Combined TRACON& Tower with Radar,97,55,60,32,244,0,2,44,4,50,97,57,104,36,294,34,41,75,369
03/25/2022,GSO,NC,ASO,ES,Combined TRACON& Tower with Radar,89,61,59,20,229,0,0,53,4,57,89,61,112,24,286,44,0,44,330
03/26/2022,GSO,NC,ASO,ES,Combined TRACON& Tower with Radar,54,42,26,0,122,0,3,10,0,13,54,45,36,0,135,4,0,4,139
03/27/2022,GSO,NC,ASO,ES,Combined TRACON& Tower with Radar,61,37,44,0,142,0,2,55,0,57,61,39,99,0,199,0,0,0,199
03/28/2022,GSO,NC,ASO,ES,Combined TRACON& Tower with Radar,69,49,37,0,155,0,2,43,0,45,69,51,80,0,200,10,0,10,210
03/29/2022,GSO,NC,ASO,ES,Combined TRACON& Tower with Radar,88,47,55,7,197,0,0,97,8,105,88,47,152,15,302,32,16,48,350
03/30/2022,GSO,NC,ASO,ES,Combined TRACON& Tower with Radar,89,48,58,0,195,0,0,11,0,11,89,48,69,0,206,42,0,42,248
03/31/2022,GSO,NC,ASO,ES,Combined TRACON& Tower with Radar,92,51,31,7,181,0,0,0,1,1,92,51,31,8,182,0,0,0,182
04/01/2022,GSO,NC,ASO,ES,Combined TRACON& Tower with Radar,87,63,76,13,239,0,0,41,1,42,87,63,117,14,281,0,0,0,281
04/02/2022,GSO,NC,ASO,ES,Combined TRACON& Tower with Radar,58,41,74,0,173,0,1,81,0,82,58,42,155,0,255,0,0,0,255
04/03/2022,GSO,NC,ASO,ES,Combined TRACON& Tower with Radar,65,63,76,10,214,0,1,45,0,46,65,64,121,10,260,0,0,0,260
04/04/2022,GSO,NC,ASO,ES,Combined TRACON& Tower with Radar,72,47,85,0,204,0,1,55,0,56,72,48,140,0,260,20,0,20,280
04/05/2022,GSO,NC,ASO,ES,Combined TRACON& Tower with Radar,93,72,87,6,258,0,0,15,0,15,93,72,102,6,273,0,0,0,273
04/06/2022,GSO,NC,ASO,ES,Combined TRACON& Tower with Radar,102,58,69,20,249,0,4,53,0,57,102,62,122,20,306,51,10,61,367
04/07/2022,GSO,NC,ASO,ES,Combined TRACON& Tower with Radar,102,39,56,8,205,0,0,5,0,5,102,39,61,8,210,51,0,51,261
04/08/2022,GSO,NC,ASO,ES,Combined TRACON& Tower with Radar,82,53,56,0,191,0,0,39,4,43,82,53,95,4,234,14,0,14,248
04/09/2022,GSO,NC,ASO,ES,Combined TRACON& Tower with Radar,56,43,47,1,147,0,0,43,1,44,56,43,90,2,191,0,0,0,191
04/10/2022,GSO,NC,ASO,ES,Combined TRACON& Tower with Radar,62,36,51,0,149,0,0,34,0,34,62,36,85,0,183,28,0,28,211
04/11/2022,GSO,NC,ASO,ES,Combined TRACON& Tower with Radar,67,42,59,2,170,0,2,53,7,62,67,44,112,9,232,0,0,0,232
04/12/2022,GSO,NC,ASO,ES,Combined TRACON& Tower with Radar,91,38,45,1,175,0,4,74,3,81,91,42,119,4,256,24,0,24,280
04/13/2022,GSO,NC,ASO,ES,Combined TRACON& Tower with Radar,96,42,49,8,195,0,1,53,2,56,96,43,102,10,251,8,0,8,259
04/14/2022,GSO,NC,ASO,ES,Combined TRACON& Tower with Radar,93,50,34,4,181,0,0,13,3,16,93,50,47,7,197,8,0,8,205
04/15/2022,GSO,NC,ASO,ES,Combined TRACON& Tower with Radar,87,39,48,2,176,0,0,87,2,89,87,39,135,4,265,6,0,6,271
04/16/2022,GSO,NC,ASO,ES,Combined TRACON& Tower with Radar,56,27,21,0,104,0,0,18,0,18,56,27,39,0,122,0,0,0,122
04/17/2022,GSO,NC,ASO,ES,Combined TRACON& Tower with Radar,60,36,13,0,109,0,0,28,0,28,60,36,41,0,137,0,0,0,137
04/18/2022,GSO,NC,ASO,ES,Combined TRACON& Tower with Radar,67,40,41,2,150,0,0,1,0,1,67,40,42,2,151,0,0,0,151
04/19/2022,GSO,NC,ASO,ES,Combined TRACON& Tower with Radar,94,57,34,7,192,0,0,36,3,39,94,57,70,10,231,15,8,23,254
04/20/2022,GSO,NC,ASO,ES,Combined TRACON& Tower with Radar,97,46,53,2,198,0,4,84,0,88,97,50,137,2,286,46,0,46,332
04/21/2022,GSO,NC,ASO,ES,Combined TRACON& Tower with Radar,95,35,50,7,187,0,0,49,1,50,95,35,99,8,237,18,0,18,255
04/22/2022,GSO,NC,ASO,ES,Combined TRACON& Tower with Radar,88,32,43,5,168,0,0,70,5,75,88,32,113,10,243,30,8,38,281
04/23/2022,GSO,NC,ASO,ES,Combined TRACON& Tower with Radar,52,27,27,6,112,0,0,53,0,53,52,27,80,6,165,8,0,8,173
04/24/2022,GSO,NC,ASO,ES,Combined TRACON& Tower with Radar,58,32,32,0,122,0,0,44,0,44,58,32,76,0,166,0,0,0,166
04/25/2022,GSO,NC,ASO,ES,Combined TRACON& Tower with Radar,70,34,44,0,148,0,0,48,0,48,70,34,92,0,196,14,0,14,210
04/26/2022,GSO,NC,ASO,ES,Combined TRACON& Tower with Radar,96,39,24,0,159,0,0,25,0,25,96,39,49,0,184,12,0,12,196
04/27/2022,GSO,NC,ASO,ES,Combined TRACON& Tower with Radar,103,51,43,0,197,0,0,37,0,37,103,51,80,0,234,16,0,16,250
04/28/2022,GSO,NC,ASO,ES,Combined TRACON& Tower with Radar,95,55,41,0,191,0,0,56,2,58,95,55,97,2,249,54,0,54,303
04/29/2022,GSO,NC,ASO,ES,Combined TRACON& Tower with Radar,86,41,48,2,177,0,1,64,3,68,86,42,112,5,245,58,0,58,303
04/30/2022,GSO,NC,ASO,ES,Combined TRACON& Tower with Radar,57,26,21,2,106,0,0,62,0,62,57,26,83,2,168,0,0,0,168
05/01/2022,GSO,NC,ASO,ES,Combined TRACON& Tower with Radar,59,36,28,0,123,0,1,15,0,16,59,37,43,0,139,0,0,0,139
05/02/2022,GSO,NC,ASO,ES,Combined TRACON& Tower with Radar,72,29,68,0,169,0,0,52,1,53,72,29,120,1,222,44,1,45,267
05/03/2022,GSO,NC,ASO,ES,Combined TRACON& Tower with Radar,95,35,44,2,176,0,0,38,2,40,95,35,82,4,216,22,0,22,238
05/04/2022,GSO,NC,ASO,ES,Combined TRACON& Tower with Radar,106,45,26,0,177,0,0,52,2,54,106,45,78,2,231,40,0,40,271
05/05/2022,GSO,NC,ASO,ES,Combined TRACON& Tower with Radar,107,52,55,2,216,0,0,74,1,75,107,52,129,3,291,4,0,4,295
05/06/2022,GSO,NC,ASO,ES,Combined TRACON& Tower with Radar,90,44,38,0,172,0,0,1,0,1,90,44,39,0,173,18,0,18,191
05/07/2022,GSO,NC,ASO,ES,Combined TRACON& Tower with Radar,52,33,34,1,120,0,0,13,0,13,52,33,47,1,133,0,0,0,133
05/08/2022,GSO,NC,ASO,ES,Combined TRACON& Tower with Radar,63,39,60,5,167,0,0,5,2,7,63,39,65,7,174,14,0,14,188
05/09/2022,GSO,NC,ASO,ES,Combined TRACON& Tower with Radar,78,29,52,0,159,0,2,32,4,38,78,31,84,4,197,74,0,74,271
05/10/2022,GSO,NC,ASO,ES,Combined TRACON& Tower with Radar,99,48,56,0,203,0,1,65,4,70,99,49,121,4,273,93,0,93,366
05/11/2022,GSO,NC,ASO,ES,Combined TRACON& Tower with Radar,97,68,61,2,228,0,0,44,2,46,97,68,105,4,274,50,0,50,324
05/12/2022,GSO,NC,ASO,ES,Combined TRACON& Tower with Radar,98,55,78,0,231,0,0,8,0,8,98,55,86,0,239,22,0,22,261
05/13/2022,GSO,NC,ASO,ES,Combined TRACON& Tower with Radar,89,34,27,0,150,0,0,5,0,5,89,34,32,0,155,0,0,0,155
05/14/2022,GSO,NC,ASO,ES,Combined TRACON& Tower with Radar,57,25,31,0,113,0,0,11,0,11,57,25,42,0,124,0,0,0,124
05/15/2022,GSO,NC,ASO,ES,Combined TRACON& Tower with Radar,58,25,41,0,124,0,0,49,0,49,58,25,90,0,173,16,0,16,189
05/16/2022,GSO,NC,ASO,ES,Combined TRACON& Tower with Radar,68,30,50,0,148,0,0,36,0,36,68,30,86,0,184,0,0,0,184
05/17/2022,GSO,NC,ASO,ES,Combined TRACON& Tower with Radar,98,43,54,0,195,0,0,62,2,64,98,43,116,2,259,45,0,45,304
05/18/2022,GSO,NC,ASO,ES,Combined TRACON& Tower with Radar,102,45,47,4,198,0,1,67,0,68,102,46,114,4,266,38,0,38,304
05/19/2022,GSO,NC,ASO,ES,Combined TRACON& Tower with Radar,96,38,53,2,189,0,0,46,0,46,96,38,99,2,235,42,0,42,277
05/20/2022,GSO,NC,ASO,ES,Combined TRACON& Tower with Radar,85,39,46,5,175,0,1,54,0,55,85,40,100,5,230,22,0,22,252
05/21/2022,GSO,NC,ASO,ES,Combined TRACON& Tower with Radar,57,32,24,0,113,0,1,58,0,59,57,33,82,0,172,32,0,32,204
05/22/2022,GSO,NC,ASO,ES,Combined TRACON& Tower with Radar,58,26,45,0,129,0,0,15,0,15,58,26,60,0,144,0,0,0,144
05/23/2022,GSO,NC,ASO,ES,Combined TRACON& Tower with Radar,71,29,29,2,131,0,0,3,2,5,71,29,32,4,136,46,0,46,182
05/24/2022,GSO,NC,ASO,ES,Combined TRACON& Tower with Radar,96,35,36,0,167,0,0,0,0,0,96,35,36,0,167,0,0,0,167
05/25/2022,GSO,NC,ASO,ES,Combined TRACON& Tower with Radar,100,37,72,2,211,0,0,1,0,1,100,37,73,2,212,32,0,32,244
05/26/2022,GSO,NC,ASO,ES,Combined TRACON& Tower with Radar,101,32,72,8,213,0,0,6,0,6,101,32,78,8,219,60,0,60,279
05/27/2022,GSO,NC,ASO,ES,Combined TRACON& Tower with Radar,90,35,44,0,169,0,0,5,2,7,90,35,49,2,176,0,0,0,176
05/28/2022,GSO,NC,ASO,ES,Combined TRACON& Tower with Radar,51,24,23,0,98,0,0,56,0,56,51,24,79,0,154,69,0,69,223
05/29/2022,GSO,NC,ASO,ES,Combined TRACON& Tower with Radar,57,20,29,0,106,0,0,47,0,47,57,20,76,0,153,21,0,21,174
05/30/2022,GSO,NC,ASO,ES,Combined TRACON& Tower with Radar,63,26,33,0,122,0,0,48,0,48,63,26,81,0,170,20,0,20,190
05/31/2022,GSO,NC,ASO,ES,Combined TRACON& Tower with Radar,74,29,50,9,162,0,0,56,5,61,74,29,106,14,223,24,10,34,257
06/01/2022,GSO,NC,ASO,ES,Combined TRACON& Tower with Radar,96,42,50,1,189,0,4,76,5,85,96,46,126,6,274,80,0,80,354
06/02/2022,GSO,NC,ASO,ES,Combined TRACON& Tower with Radar,96,37,49,1,183,0,2,57,1,60,96,39,106,2,243,28,0,28,271
06/03/2022,GSO,NC,ASO,ES,Combined TRACON& Tower with Radar,93,59,42,7,201,0,4,62,7,73,93,63,104,14,274,51,0,51,325
06/04/2022,GSO,NC,ASO,ES,Combined TRACON& Tower with Radar,59,31,34,1,125,0,0,49,0,49,59,31,83,1,174,20,0,20,194
06/05/2022,GSO,NC,ASO,ES,Combined TRACON& Tower with Radar,67,29,39,0,135,0,0,34,0,34,67,29,73,0,169,44,0,44,213
06/06/2022,GSO,NC,ASO,ES,Combined TRACON& Tower with Radar,75,45,51,1,172,0,3,80,1,84,75,48,131,2,256,45,0,45,301
06/07/2022,GSO,NC,ASO,ES,Combined TRACON& Tower with Radar,101,44,59,8,212,0,6,38,0,44,101,50,97,8,256,60,0,60,316
06/08/2022,GSO,NC,ASO,ES,Combined TRACON& Tower with Radar,100,48,44,0,192,0,0,42,0,42,100,48,86,0,234,44,0,44,278
06/09/2022,GSO,NC,ASO,ES,Combined TRACON& Tower with Radar,99,38,55,0,192,0,0,56,2,58,99,38,111,2,250,48,0,48,298
06/10/2022,GSO,NC,ASO,ES,Combined TRACON& Tower with Radar,90,41,49,2,182,0,0,63,1,64,90,41,112,3,246,10,0,10,256
06/11/2022,GSO,NC,ASO,ES,Combined TRACON& Tower with Radar,60,39,34,0,133,0,0,49,4,53,60,39,83,4,186,28,0,28,214
06/12/2022,GSO,NC,ASO,ES,Combined TRACON& Tower with Radar,59,27,45,13,144,0,0,46,0,46,59,27,91,13,190,0,0,0,190
06/13/2022,GSO,NC,ASO,ES,Combined TRACON& Tower with Radar,73,33,62,2,170,0,0,57,0,57,73,33,119,2,227,0,0,0,227
06/14/2022,GSO,NC,ASO,ES,Combined TRACON& Tower with Radar,108,49,43,1,201,0,2,28,3,33,108,51,71,4,234,8,2,10,244
06/15/2022,GSO,NC,ASO,ES,Combined TRACON& Tower with Radar,99,41,45,6,191,0,1,57,6,64,99,42,102,12,255,42,10,52,307
06/16/2022,GSO,NC,ASO,ES,Combined TRACON& Tower with Radar,89,30,58,12,189,0,4,44,4,52,89,34,102,16,241,0,0,0,241
06/17/2022,GSO,NC,ASO,ES,Combined TRACON& Tower with Radar,92,43,45,0,180,0,3,43,2,48,92,46,88,2,228,94,0,94,322
06/18/2022,GSO,NC,ASO,ES,Combined TRACON& Tower with Radar,55,35,28,0,118,1,0,22,0,23,56,35,50,0,141,18,0,18,159
06/19/2022,GSO,NC,ASO,ES,Combined TRACON& Tower with Radar,53,34,40,0,127,0,0,34,0,34,53,34,74,0,161,26,0,26,187
06/20/2022,GSO,NC,ASO,ES,Combined TRACON& Tower with Radar,73,45,35,0,153,0,1,48,0,49,73,46,83,0,202,16,0,16,218
06/21/2022,GSO,NC,ASO,ES,Combined TRACON& Tower with Radar,99,35,47,8,189,0,0,46,4,50,99,35,93,12,239,50,19,69,308
06/22/2022,GSO,NC,ASO,ES,Combined TRACON& Tower with Radar,91,49,63,5,208,0,0,42,1,43,91,49,105,6,251,42,12,54,305
06/23/2022,GSO,NC,ASO,ES,Combined TRACON& Tower with Radar,100,40,55,5,200,0,0,61,4,65,100,40,116,9,265,53,0,53,318
06/24/2022,GSO,NC,ASO,ES,Combined TRACON& Tower with Radar,85,42,63,6,196,0,0,40,0,40,85,42,103,6,236,54,0,54,290
06/25/2022,GSO,NC,ASO,ES,Combined TRACON& Tower with Radar,55,38,42,0,135,0,1,42,0,43,55,39,84,0,178,0,0,0,178
06/26/2022,GSO,NC,ASO,ES,Combined TRACON& Tower with Radar,57,36,48,2,143,0,0,27,0,27,57,36,75,2,170,0,0,0,170
06/27/2022,GSO,NC,ASO,ES,Combined TRACON& Tower with Radar,93,43,50,11,197,0,0,29,4,33,93,43,79,15,230,56,6,62,292
06/28/2022,GSO,NC,ASO,ES,Combined TRACON& Tower with Radar,105,53,56,9,223,0,0,59,0,59,105,53,115,9,282,70,0,70,352
06/29/2022,GSO,NC,ASO,ES,Combined TRACON& Tower with Radar,99,40,56,9,204,0,2,40,0,42,99,42,96,9,246,70,6,76,322
06/30/2022,GSO,NC,ASO,ES,Combined TRACON& Tower with Radar,94,44,50,0,188,0,0,48,0,48,94,44,98,0,236,84,0,84,320
07/01/2022,GSO,NC,ASO,ES,Combined TRACON& Tower with Radar,90,40,31,0,161,0,0,45,0,45,90,40,76,0,206,8,0,8,214
07/02/2022,GSO,NC,ASO,ES,Combined TRACON& Tower with Radar,51,31,20,0,102,0,0,33,0,33,51,31,53,0,135,28,0,28,163
07/03/2022,GSO,NC,ASO,ES,Combined TRACON& Tower with Radar,41,21,13,0,75,0,0,16,0,16,41,21,29,0,91,2,0,2,93
07/04/2022,GSO,NC,ASO,ES,Combined TRACON& Tower with Radar,55,24,20,0,99,0,0,23,0,23,55,24,43,0,122,10,0,10,132
07/05/2022,GSO,NC,ASO,ES,Combined TRACON& Tower with Radar,72,29,37,4,142,0,0,23,0,23,72,29,60,4,165,36,2,38,203
07/06/2022,GSO,NC,ASO,ES,Combined TRACON& Tower with Radar,89,31,40,3,163,0,0,38,0,38,89,31,78,3,201,48,0,48,249
07/07/2022,GSO,NC,ASO,ES,Combined TRACON& Tower with Radar,102,29,43,2,176,0,0,41,0,41,102,29,84,2,217,8,4,12,229
07/08/2022,GSO,NC,ASO,ES,Combined TRACON& Tower with Radar,81,42,56,2,181,0,0,8,2,10,81,42,64,4,191,97,0,97,288
07/09/2022,GSO,NC,ASO,ES,Combined TRACON& Tower with Radar,58,30,22,0,110,0,0,24,0,24,58,30,46,0,134,30,0,30,164
07/10/2022,GSO,NC,ASO,ES,Combined TRACON& Tower with Radar,56,23,34,0,113,0,0,0,0,0,56,23,34,0,113,0,0,0,113
07/11/2022,GSO,NC,ASO,ES,Combined TRACON& Tower with Radar,71,29,55,0,155,0,0,49,1,50,71,29,104,1,205,0,0,0,205
07/12/2022,GSO,NC,ASO,ES,Combined TRACON& Tower with Radar,98,40,41,35,214,0,0,87,0,87,98,40,128,35,301,70,39,109,410
07/13/2022,GSO,NC,ASO,ES,Combined TRACON& Tower with Radar,93,42,31,7,173,0,4,52,0,56,93,46,83,7,229,0,0,0,229
07/14/2022,GSO,NC,ASO,ES,Combined TRACON& Tower with Radar,102,38,48,6,194,0,0,64,2,66,102,38,112,8,260,78,6,84,344
07/15/2022,GSO,NC,ASO,ES,Combined TRACON& Tower with Radar,97,38,44,0,179,0,2,47,3,52,97,40,91,3,231,35,0,35,266
07/16/2022,GSO,NC,ASO,ES,Combined TRACON& Tower with Radar,52,37,17,0,106,0,2,33,0,35,52,39,50,0,141,0,0,0,141
07/17/2022,GSO,NC,ASO,ES,Combined TRACON& Tower with Radar,60,36,29,0,125,0,1,38,0,39,60,37,67,0,164,32,0,32,196
07/18/2022,GSO,NC,ASO,ES,Combined TRACON& Tower with Radar,63,41,60,18,182,0,0,29,0,29,63,41,89,18,211,51,20,71,282
07/19/2022,GSO,NC,ASO,ES,Combined TRACON& Tower with Radar,95,44,39,14,192,0,0,58,2,60,95,44,97,16,252,36,30,66,318
07/20/2022,GSO,NC,ASO,ES,Combined TRACON& Tower with Radar,101,51,43,1,196,0,0,70,0,70,101,51,113,1,266,72,0,72,338
07/21/2022,GSO,NC,ASO,ES,Combined TRACON& Tower with Radar,93,39,56,2,190,0,0,37,0,37,93,39,93,2,227,68,0,68,295
07/22/2022,GSO,NC,ASO,ES,Combined TRACON& Tower with Radar,86,42,50,0,178,0,0,76,1,77,86,42,126,1,255,94,0,94,349
07/23/2022,GSO,NC,ASO,ES,Combined TRACON& Tower with Radar,53,34,32,0,119,0,0,60,0,60,53,34,92,0,179,0,0,0,179
07/24/2022,GSO,NC,ASO,ES,Combined TRACON& Tower with Radar,54,30,35,0,119,0,0,55,1,56,54,30,90,1,175,16,0,16,191
07/25/2022,GSO,NC,ASO,ES,Combined TRACON& Tower with Radar,75,34,43,6,158,0,1,32,2,35,75,35,75,8,193,50,0,50,243
07/26/2022,GSO,NC,ASO,ES,Combined TRACON& Tower with Radar,89,47,47,0,183,0,0,13,0,13,89,47,60,0,196,44,0,44,240
07/27/2022,GSO,NC,ASO,ES,Combined TRACON& Tower with Radar,96,40,78,9,223,0,0,47,1,48,96,40,125,10,271,48,12,60,331
07/28/2022,GSO,NC,ASO,ES,Combined TRACON& Tower with Radar,93,45,66,8,212,0,2,70,2,74,93,47,136,10,286,36,0,36,322
07/29/2022,GSO,NC,ASO,ES,Combined TRACON& Tower with Radar,92,40,60,5,197,0,0,48,3,51,92,40,108,8,248,151,0,151,399
07/30/2022,GSO,NC,ASO,ES,Combined TRACON& Tower with Radar,54,36,29,0,119,0,0,50,0,50,54,36,79,0,169,80,0,80,249
07/31/2022,GSO,NC,ASO,ES,Combined TRACON& Tower with Radar,55,38,37,1,131,0,0,12,0,12,55,38,49,1,143,24,0,24,167
08/01/2022,GSO,NC,ASO,ES,Combined TRACON& Tower with Radar,69,49,39,0,157,0,0,33,2,35,69,49,72,2,192,20,0,20,212
08/02/2022,GSO,NC,ASO,ES,Combined TRACON& Tower with Radar,92,47,64,6,209,0,0,69,5,74,92,47,133,11,283,86,16,102,385
08/03/2022,GSO,NC,ASO,ES,Combined TRACON& Tower with Radar,92,38,40,1,171,0,0,69,4,73,92,38,109,5,244,38,0,38,282
08/04/2022,GSO,NC,ASO,ES,Combined TRACON& Tower with Radar,101,49,57,14,221,0,0,76,0,76,101,49,133,14,297,36,0,36,333
08/05/2022,GSO,NC,ASO,ES,Combined TRACON& Tower with Radar,76,52,57,0,185,0,2,40,0,42,76,54,97,0,227,14,0,14,241
08/06/2022,GSO,NC,ASO,ES,Combined TRACON& Tower with Radar,53,40,16,0,109,0,0,15,0,15,53,40,31,0,124,112,0,112,236
08/07/2022,GSO,NC,ASO,ES,Combined TRACON& Tower with Radar,57,44,43,3,147,0,0,50,1,51,57,44,93,4,198,0,0,0,198
08/08/2022,GSO,NC,ASO,ES,Combined TRACON& Tower with Radar,64,35,57,0,156,0,0,46,2,48,64,35,103,2,204,8,0,8,212
08/09/2022,GSO,NC,ASO,ES,Combined TRACON& Tower with Radar,87,43,30,14,174,0,1,56,0,57,87,44,86,14,231,0,0,0,231
08/10/2022,GSO,NC,ASO,ES,Combined TRACON& Tower with Radar,89,46,41,1,177,0,4,49,3,56,89,50,90,4,233,66,12,78,311
08/11/2022,GSO,NC,ASO,ES,Combined TRACON& Tower with Radar,94,44,39,0,177,0,0,52,0,52,94,44,91,0,229,64,0,64,293
08/12/2022,GSO,NC,ASO,ES,Combined TRACON& Tower with Radar,86,41,56,10,193,0,0,68,2,70,86,41,124,12,263,97,12,109,372
08/13/2022,GSO,NC,ASO,ES,Combined TRACON& Tower with Radar,53,36,18,2,109,0,0,59,0,59,53,36,77,2,168,0,0,0,168
08/14/2022,GSO,NC,ASO,ES,Combined TRACON& Tower with Radar,55,32,44,12,143,0,0,39,3,42,55,32,83,15,185,67,0,67,252
08/15/2022,GSO,NC,ASO,ES,Combined TRACON& Tower with Radar,65,43,60,0,168,0,0,11,0,11,65,43,71,0,179,0,0,0,179
08/16/2022,GSO,NC,ASO,ES,Combined TRACON& Tower with Radar,104,39,65,15,223,0,0,12,1,13,104,39,77,16,236,60,14,74,310
08/17/2022,GSO,NC,ASO,ES,Combined TRACON& Tower with Radar,98,46,55,8,207,0,1,88,0,89,98,47,143,8,296,114,0,114,410
08/18/2022,GSO,NC,ASO,ES,Combined TRACON& Tower with Radar,100,43,67,2,212,0,0,79,0,79,100,43,146,2,291,70,0,70,361
08/19/2022,GSO,NC,ASO,ES,Combined TRACON& Tower with Radar,92,56,45,26,219,0,0,70,6,76,92,56,115,32,295,52,49,101,396
08/20/2022,GSO,NC,ASO,ES,Combined TRACON& Tower with Radar,55,35,36,0,126,0,0,62,0,62,55,35,98,0,188,122,0,122,310
08/21/2022,GSO,NC,ASO,ES,Combined TRACON& Tower with Radar,58,38,32,0,128,0,0,9,0,9,58,38,41,0,137,82,0,82,219
08/22/2022,GSO,NC,ASO,ES,Combined TRACON& Tower with Radar,61,45,45,0,151,0,0,18,0,18,61,45,63,0,169,31,0,31,200
08/23/2022,GSO,NC,ASO,ES,Combined TRACON& Tower with Radar,98,40,42,3,183,0,0,82,0,82,98,40,124,3,265,54,4,58,323
08/24/2022,GSO,NC,ASO,ES,Combined TRACON& Tower with Radar,96,49,56,2,203,0,1,91,0,92,96,50,147,2,295,163,8,171,466
08/25/2022,GSO,NC,ASO,ES,Combined TRACON& Tower with Radar,97,41,52,4,194,0,0,71,1,72,97,41,123,5,266,87,0,87,353
08/26/2022,GSO,NC,ASO,ES,Combined TRACON& Tower with Radar,86,41,47,0,174,0,1,34,1,36,86,42,81,1,210,39,0,39,249
08/27/2022,GSO,NC,ASO,ES,Combined TRACON& Tower with Radar,58,24,31,0,113,0,0,60,2,62,58,24,91,2,175,39,0,39,214
08/28/2022,GSO,NC,ASO,ES,Combined TRACON& Tower with Radar,71,29,40,11,151,0,0,54,0,54,71,29,94,11,205,39,0,39,244
08/29/2022,GSO,NC,ASO,ES,Combined TRACON& Tower with Radar,70,33,54,11,168,0,3,62,2,67,70,36,116,13,235,34,0,34,269
08/30/2022,GSO,NC,ASO,ES,Combined TRACON& Tower with Radar,95,35,52,0,182,0,0,34,0,34,95,35,86,0,216,16,0,16,232
08/31/2022,GSO,NC,ASO,ES,Combined TRACON& Tower with Radar,97,33,39,18,187,0,0,75,8,83,97,33,114,26,270,68,16,84,354
09/01/2022,GSO,NC,ASO,ES,Combined TRACON& Tower with Radar,105,45,51,1,202,0,0,78,2,80,105,45,129,3,282,38,20,58,340
09/02/2022,GSO,NC,ASO,ES,Combined TRACON& Tower with Radar,93,56,70,0,219,0,0,78,1,79,93,56,148,1,298,40,0,40,338
09/03/2022,GSO,NC,ASO,ES,Combined TRACON& Tower with Radar,49,27,27,2,105,0,0,45,4,49,49,27,72,6,154,64,0,64,218
09/04/2022,GSO,NC,ASO,ES,Combined TRACON& Tower with Radar,48,13,11,0,72,0,0,11,0,11,48,13,22,0,83,62,0,62,145
09/05/2022,GSO,NC,ASO,ES,Combined TRACON& Tower with Radar,65,32,49,0,146,0,0,2,0,2,65,32,51,0,148,0,0,0,148
09/06/2022,GSO,NC,ASO,ES,Combined TRACON& Tower with Radar,71,26,48,1,146,0,0,34,0,34,71,26,82,1,180,60,0,60,240
09/07/2022,GSO,NC,ASO,ES,Combined TRACON& Tower with Radar,89,37,54,16,196,0,0,30,0,30,89,37,84,16,226,74,6,80,306
09/08/2022,GSO,NC,ASO,ES,Combined TRACON& Tower with Radar,99,42,54,4,199,0,0,34,0,34,99,42,88,4,233,55,0,55,288
09/09/2022,GSO,NC,ASO,ES,Combined TRACON& Tower with Radar,98,39,40,2,179,0,0,45,2,47,98,39,85,4,226,74,0,74,300
09/10/2022,GSO,NC,ASO,ES,Combined TRACON& Tower with Radar,58,30,14,0,102,0,0,0,0,0,58,30,14,0,102,0,0,0,102
09/11/2022,GSO,NC,ASO,ES,Combined TRACON& Tower with Radar,58,31,52,6,147,0,0,2,0,2,58,31,54,6,149,20,0,20,169
09/12/2022,GSO,NC,ASO,ES,Combined TRACON& Tower with Radar,78,37,58,4,177,0,1,16,0,17,78,38,74,4,194,56,0,56,250
09/13/2022,GSO,NC,ASO,ES,Combined TRACON& Tower with Radar,90,48,35,9,182,0,1,88,0,89,90,49,123,9,271,72,0,72,343
09/14/2022,GSO,NC,ASO,ES,Combined TRACON& Tower with Radar,92,39,55,10,196,0,2,63,0,65,92,41,118,10,261,84,10,94,355
09/15/2022,GSO,NC,ASO,ES,Combined TRACON& Tower with Radar,96,41,54,0,191,0,0,82,0,82,96,41,136,0,273,74,0,74,347
09/16/2022,GSO,NC,ASO,ES,Combined TRACON& Tower with Radar,91,44,48,12,195,0,0,76,2,78,91,44,124,14,273,52,0,52,325
09/17/2022,GSO,NC,ASO,ES,Combined TRACON& Tower with Radar,52,25,24,0,101,0,0,66,0,66,52,25,90,0,167,20,0,20,187
09/18/2022,GSO,NC,ASO,ES,Combined TRACON& Tower with Radar,57,35,42,19,153,0,0,50,3,53,57,35,92,22,206,42,0,42,248
09/19/2022,GSO,NC,ASO,ES,Combined TRACON& Tower with Radar,69,37,57,2,165,0,2,66,0,68,69,39,123,2,233,62,0,62,295
09/20/2022,GSO,NC,ASO,ES,Combined TRACON& Tower with Radar,91,38,53,1,183,0,1,76,1,78,91,39,129,2,261,86,0,86,347
09/21/2022,GSO,NC,ASO,ES,Combined TRACON& Tower with Radar,91,39,51,4,185,0,4,87,0,91,91,43,138,4,276,30,0,30,306
09/22/2022,GSO,NC,ASO,ES,Combined TRACON& Tower with Radar,94,53,39,15,201,0,0,42,11,53,94,53,81,26,254,40,24,64,318
09/23/2022,GSO,NC,ASO,ES,Combined TRACON& Tower with Radar,93,43,43,2,181,0,0,76,2,78,93,43,119,4,259,102,0,102,361
09/24/2022,GSO,NC,ASO,ES,Combined TRACON& Tower with Radar,51,27,30,0,108,0,0,74,4,78,51,27,104,4,186,0,0,0,186
09/25/2022,GSO,NC,ASO,ES,Combined TRACON& Tower with Radar,54,38,49,0,141,0,0,42,0,42,54,38,91,0,183,6,0,6,189
09/26/2022,GSO,NC,ASO,ES,Combined TRACON& Tower with Radar,75,37,37,2,151,0,0,52,0,52,75,37,89,2,203,0,0,0,203
09/27/2022,GSO,NC,ASO,ES,Combined TRACON& Tower with Radar,95,51,23,0,169,0,2,60,0,62,95,53,83,0,231,0,0,0,231
09/28/2022,GSO,NC,ASO,ES,Combined TRACON& Tower with Radar,93,40,47,9,189,0,3,89,0,92,93,43,136,9,281,0,0,0,281
09/29/2022,GSO,NC,ASO,ES,Combined TRACON& Tower with Radar,105,48,31,0,184,0,0,6,0,6,105,48,37,0,190,0,0,0,190
09/30/2022,GSO,NC,ASO,ES,Combined TRACON& Tower with Radar,69,25,7,0,101,0,0,0,0,0,69,25,7,0,101,0,0,0,101
10/01/2022,GSO,NC,ASO,ES,Combined TRACON& Tower with Radar,49,22,22,0,93,0,0,1,0,1,49,22,23,0,94,0,0,0,94
10/02/2022,GSO,NC,ASO,ES,Combined TRACON& Tower with Radar,61,24,59,0,144,0,0,4,0,4,61,24,63,0,148,0,0,0,148
10/03/2022,GSO,NC,ASO,ES,Combined TRACON& Tower with Radar,73,36,50,0,159,0,0,29,0,29,73,36,79,0,188,0,0,0,188
10/04/2022,GSO,NC,ASO,ES,Combined TRACON& Tower with Radar,94,41,49,5,189,0,1,84,2,87,94,42,133,7,276,0,0,0,276
10/05/2022,GSO,NC,ASO,ES,Combined TRACON& Tower with Radar,94,50,42,14,200,0,3,81,0,84,94,53,123,14,284,66,28,94,378
10/06/2022,GSO,NC,ASO,ES,Combined TRACON& Tower with Radar,103,70,55,2,230,0,1,79,0,80,103,71,134,2,310,62,0,62,372
10/07/2022,GSO,NC,ASO,ES,Combined TRACON& Tower with Radar,94,81,67,0,242,0,1,81,0,82,94,82,148,0,324,36,0,36,360
10/08/2022,GSO,NC,ASO,ES,Combined TRACON& Tower with Radar,58,36,15,0,109,0,0,58,0,58,58,36,73,0,167,85,0,85,252
10/09/2022,GSO,NC,ASO,ES,Combined TRACON& Tower with Radar,61,38,47,0,146,0,1,44,1,46,61,39,91,1,192,58,0,58,250
10/10/2022,GSO,NC,ASO,ES,Combined TRACON& Tower with Radar,73,39,36,0,148,0,1,59,5,65,73,40,95,5,213,80,0,80,293
10/11/2022,GSO,NC,ASO,ES,Combined TRACON& Tower with Radar,91,47,37,15,190,0,1,72,2,75,91,48,109,17,265,71,18,89,354
10/12/2022,GSO,NC,ASO,ES,Combined TRACON& Tower with Radar,98,58,55,4,215,0,0,49,0,49,98,58,104,4,264,107,0,107,371
10/13/2022,GSO,NC,ASO,ES,Combined TRACON& Tower with Radar,106,43,63,2,214,0,0,22,0,22,106,43,85,2,236,16,0,16,252
10/14/2022,GSO,NC,ASO,ES,Combined TRACON& Tower with Radar,94,48,65,4,211,0,1,80,0,81,94,49,145,4,292,0,0,0,292
10/15/2022,GSO,NC,ASO,ES,Combined TRACON& Tower with Radar,54,25,33,0,112,0,0,53,0,53,54,25,86,0,165,86,0,86,251
10/16/2022,GSO,NC,ASO,ES,Combined TRACON& Tower with Radar,53,46,46,0,145,0,0,62,0,62,53,46,108,0,207,14,0,14,221
10/17/2022,GSO,NC,ASO,ES,Combined TRACON& Tower with Radar,70,37,66,0,173,0,0,49,0,49,70,37,115,0,222,76,0,76,298
10/18/2022,GSO,NC,ASO,ES,Combined TRACON& Tower with Radar,92,61,33,6,192,0,0,49,2,51,92,61,82,8,243,25,4,29,272
10/19/2022,GSO,NC,ASO,ES,Combined TRACON& Tower with Radar,91,69,61,24,245,0,0,51,3,54,91,69,112,27,299,80,12,92,391
10/20/2022,GSO,NC,ASO,ES,Combined TRACON& Tower with Radar,106,69,57,0,232,0,0,78,0,78,106,69,135,0,310,74,0,74,384
10/21/2022,GSO,NC,ASO,ES,Combined TRACON& Tower with Radar,97,45,52,6,200,0,0,86,3,89,97,45,138,9,289,40,12,52,341
10/22/2022,GSO,NC,ASO,ES,Combined TRACON& Tower with Radar,66,42,38,0,146,0,0,64,0,64,66,42,102,0,210,80,0,80,290
10/23/2022,GSO,NC,ASO,ES,Combined TRACON& Tower with Radar,61,50,72,4,187,0,0,46,2,48,61,50,118,6,235,64,0,64,299
10/24/2022,GSO,NC,ASO,ES,Combined TRACON& Tower with Radar,78,58,68,26,230,0,0,64,0,64,78,58,132,26,294,95,18,113,407
10/25/2022,GSO,NC,ASO,ES,Combined TRACON& Tower with Radar,86,60,48,25,219,0,0,78,4,82,86,60,126,29,301,20,26,46,347
10/26/2022,GSO,NC,ASO,ES,Combined TRACON& Tower with Radar,91,65,78,2,236,0,0,12,0,12,91,65,90,2,248,16,0,16,264
10/27/2022,GSO,NC,ASO,ES,Combined TRACON& Tower with Radar,99,42,44,4,189,0,0,87,2,89,99,42,131,6,278,22,0,22,300
10/28/2022,GSO,NC,ASO,ES,Combined TRACON& Tower with Radar,89,39,69,5,202,0,0,47,0,47,89,39,116,5,249,71,0,71,320
10/29/2022,GSO,NC,ASO,ES,Combined TRACON& Tower with Radar,54,53,40,0,147,0,0,50,0,50,54,53,90,0,197,78,0,78,275
10/30/2022,GSO,NC,ASO,ES,Combined TRACON& Tower with Radar,55,36,44,1,136,0,0,19,0,19,55,36,63,1,155,44,0,44,199
10/31/2022,GSO,NC,ASO,ES,Combined TRACON& Tower with Radar,66,30,40,0,136,0,0,5,0,5,66,30,45,0,141,0,0,0,141
11/01/2022,GSO,NC,ASO,ES,Combined TRACON& Tower with Radar,92,44,43,17,196,0,1,67,0,68,92,45,110,17,264,96,16,112,376
11/02/2022,GSO,NC,ASO,ES,Combined TRACON& Tower with Radar,93,48,45,3,189,0,0,66,5,71,93,48,111,8,260,42,0,42,302
11/03/2022,GSO,NC,ASO,ES,Combined TRACON& Tower with Radar,94,39,56,10,199,0,1,84,2,87,94,40,140,12,286,68,42,110,396
11/04/2022,GSO,NC,ASO,ES,Combined TRACON& Tower with Radar,85,33,45,0,163,0,1,63,3,67,85,34,108,3,230,101,0,101,331
11/05/2022,GSO,NC,ASO,ES,Combined TRACON& Tower with Radar,59,28,30,0,117,0,0,7,2,9,59,28,37,2,126,0,0,0,126
11/06/2022,GSO,NC,ASO,ES,Combined TRACON& Tower with Radar,52,29,55,0,136,0,0,4,0,4,52,29,59,0,140,24,0,24,164
11/07/2022,GSO,NC,ASO,ES,Combined TRACON& Tower with Radar,68,42,50,1,161,0,1,55,0,56,68,43,105,1,217,0,0,0,217
11/08/2022,GSO,NC,ASO,ES,Combined TRACON& Tower with Radar,87,39,42,0,168,0,0,39,3,42,87,39,81,3,210,92,0,92,302
11/09/2022,GSO,NC,ASO,ES,Combined TRACON& Tower with Radar,99,46,55,0,200,0,2,66,0,68,99,48,121,0,268,92,0,92,360
11/10/2022,GSO,NC,ASO,ES,Combined TRACON& Tower with Radar,91,45,44,5,185,0,0,25,1,26,91,45,69,6,211,68,0,68,279
11/11/2022,GSO,NC,ASO,ES,Combined TRACON& Tower with Radar,84,38,17,0,139,0,0,0,0,0,84,38,17,0,139,0,0,0,139
11/12/2022,GSO,NC,ASO,ES,Combined TRACON& Tower with Radar,51,32,44,2,129,0,0,35,0,35,51,32,79,2,164,0,0,0,164
11/13/2022,GSO,NC,ASO,ES,Combined TRACON& Tower with Radar,51,31,40,0,122,0,0,46,0,46,51,31,86,0,168,50,0,50,218
11/14/2022,GSO,NC,ASO,ES,Combined TRACON& Tower with Radar,69,32,43,0,144,0,0,60,0,60,69,32,103,0,204,43,0,43,247
11/15/2022,GSO,NC,ASO,ES,Combined TRACON& Tower with Radar,99,47,35,1,182,0,0,1,0,1,99,47,36,1,183,5,0,5,188
11/16/2022,GSO,NC,ASO,ES,Combined TRACON& Tower with Radar,95,47,50,22,214,0,0,87,10,97,95,47,137,32,311,0,0,0,311
11/17/2022,GSO,NC,ASO,ES,Combined TRACON& Tower with Radar,93,48,45,1,187,0,0,78,4,82,93,48,123,5,269,87,0,87,356
11/18/2022,GSO,NC,ASO,ES,Combined TRACON& Tower with Radar,84,45,38,3,170,0,0,72,0,72,84,45,110,3,242,112,0,112,354
11/19/2022,GSO,NC,ASO,ES,Combined TRACON& Tower with Radar,55,43,28,0,126,0,0,68,0,68,55,43,96,0,194,62,0,62,256
11/20/2022,GSO,NC,ASO,ES,Combined TRACON& Tower with Radar,53,35,37,0,125,0,1,29,0,30,53,36,66,0,155,22,0,22,177
11/21/2022,GSO,NC,ASO,ES,Combined TRACON& Tower with Radar,68,36,33,4,141,0,0,45,0,45,68,36,78,4,186,46,8,54,240
11/22/2022,GSO,NC,ASO,ES,Combined TRACON& Tower with Radar,91,43,47,12,193,0,0,70,2,72,91,43,117,14,265,78,0,78,343
11/23/2022,GSO,NC,ASO,ES,Combined TRACON& Tower with Radar,99,42,41,6,188,0,0,79,4,83,99,42,120,10,271,26,6,32,303
11/24/2022,GSO,NC,ASO,ES,Combined TRACON& Tower with Radar,40,23,2,0,65,0,0,16,0,16,40,23,18,0,81,6,0,6,87
11/25/2022,GSO,NC,ASO,ES,Combined TRACON& Tower with Radar,63,25,16,0,104,0,0,13,0,13,63,25,29,0,117,10,0,10,127
11/26/2022,GSO,NC,ASO,ES,Combined TRACON& Tower with Radar,58,35,27,0,120,0,0,63,0,63,58,35,90,0,183,56,0,56,239
11/27/2022,GSO,NC,ASO,ES,Combined TRACON& Tower with Radar,59,27,29,0,115,0,0,6,0,6,59,27,35,0,121,0,0,0,121
11/28/2022,GSO,NC,ASO,ES,Combined TRACON& Tower with Radar,69,43,49,16,177,0,0,71,0,71,69,43,120,16,248,60,7,67,315
11/29/2022,GSO,NC,ASO,ES,Combined TRACON& Tower with Radar,93,48,38,4,183,0,0,98,0,98,93,48,136,4,281,31,8,39,320
11/30/2022,GSO,NC,ASO,ES,Combined TRACON& Tower with Radar,91,41,38,0,170,0,0,7,0,7,91,41,45,0,177,0,0,0,177
12/01/2022,GSO,NC,ASO,ES,Combined TRACON& Tower with Radar,100,40,47,4,191,0,0,66,0,66,100,40,113,4,257,38,0,38,295
12/02/2022,GSO,NC,ASO,ES,Combined TRACON& Tower with Radar,88,51,56,1,196,0,0,74,0,74,88,51,130,1,270,68,0,68,338
12/03/2022,GSO,NC,ASO,ES,Combined TRACON& Tower with Radar,54,22,15,0,91,0,0,0,0,0,54,22,15,0,91,0,0,0,91
12/04/2022,GSO,NC,ASO,ES,Combined TRACON& Tower with Radar,55,25,49,0,129,0,0,73,0,73,55,25,122,0,202,40,0,40,242
12/05/2022,GSO,NC,ASO,ES,Combined TRACON& Tower with Radar,70,39,56,0,165,0,0,68,0,68,70,39,124,0,233,26,0,26,259
12/06/2022,GSO,NC,ASO,ES,Combined TRACON& Tower with Radar,88,32,34,1,155,0,0,0,0,0,88,32,34,1,155,0,0,0,155
12/07/2022,GSO,NC,ASO,ES,Combined TRACON& Tower with Radar,90,32,35,1,158,0,0,0,0,0,90,32,35,1,158,0,0,0,158
12/08/2022,GSO,NC,ASO,ES,Combined TRACON& Tower with Radar,95,33,51,24,203,0,0,4,0,4,95,33,55,24,207,0,10,10,217
12/09/2022,GSO,NC,ASO,ES,Combined TRACON& Tower with Radar,89,46,58,0,193,0,0,2,0,2,89,46,60,0,195,16,0,16,211
12/10/2022,GSO,NC,ASO,ES,Combined TRACON& Tower with Radar,52,25,49,0,126,0,0,17,0,17,52,25,66,0,143,0,0,0,143
12/11/2022,GSO,NC,ASO,ES,Combined TRACON& Tower with Radar,60,44,21,0,125,0,0,44,0,44,60,44,65,0,169,24,0,24,193
12/12/2022,GSO,NC,ASO,ES,Combined TRACON& Tower with Radar,68,22,50,0,140,0,0,70,3,73,68,22,120,3,213,34,0,34,247
12/13/2022,GSO,NC,ASO,ES,Combined TRACON& Tower with Radar,91,55,45,0,191,0,0,49,0,49,91,55,94,0,240,32,0,32,272
12/14/2022,GSO,NC,ASO,ES,Combined TRACON& Tower with Radar,90,44,47,0,181,0,0,26,0,26,90,44,73,0,207,25,0,25,232
12/15/2022,GSO,NC,ASO,ES,Combined TRACON& Tower with Radar,92,36,29,0,157,0,0,0,0,0,92,36,29,0,157,0,0,0,157
12/16/2022,GSO,NC,ASO,ES,Combined TRACON& Tower with Radar,80,40,41,6,167,0,0,67,1,68,80,40,108,7,235,28,0,28,263
12/17/2022,GSO,NC,ASO,ES,Combined TRACON& Tower with Radar,63,29,30,0,122,0,0,68,1,69,63,29,98,1,191,52,0,52,243
12/18/2022,GSO,NC,ASO,ES,Combined TRACON& Tower with Radar,53,32,48,0,133,0,0,41,0,41,53,32,89,0,174,0,0,0,174
12/19/2022,GSO,NC,ASO,ES,Combined TRACON& Tower with Radar,65,30,43,6,144,0,0,71,6,77,65,30,114,12,221,46,4,50,271
12/20/2022,GSO,NC,ASO,ES,Combined TRACON& Tower with Radar,93,33,26,1,153,0,0,64,1,65,93,33,90,2,218,12,0,12,230
12/21/2022,GSO,NC,ASO,ES,Combined TRACON& Tower with Radar,93,46,74,11,224,0,0,71,0,71,93,46,145,11,295,26,0,26,321
12/22/2022,GSO,NC,ASO,ES,Combined TRACON& Tower with Radar,85,45,10,1,141,0,0,0,0,0,85,45,10,1,141,0,0,0,141
12/23/2022,GSO,NC,ASO,ES,Combined TRACON& Tower with Radar,68,38,12,0,118,0,1,1,0,2,68,39,13,0,120,0,0,0,120
12/24/2022,GSO,NC,ASO,ES,Combined TRACON& Tower with Radar,42,16,10,0,68,0,0,10,0,10,42,16,20,0,78,0,0,0,78
12/25/2022,GSO,NC,ASO,ES,Combined TRACON& Tower with Radar,30,14,5,0,49,0,0,8,0,8,30,14,13,0,57,0,0,0,57
12/26/2022,GSO,NC,ASO,ES,Combined TRACON& Tower with Radar,47,25,49,0,121,0,0,56,0,56,47,25,105,0,177,36,0,36,213
12/27/2022,GSO,NC,ASO,ES,Combined TRACON& Tower with Radar,71,38,41,3,153,0,0,76,2,78,71,38,117,5,231,13,0,13,244
12/28/2022,GSO,NC,ASO,ES,Combined TRACON& Tower with Radar,78,34,53,2,167,0,0,74,0,74,78,34,127,2,241,40,0,40,281
12/29/2022,GSO,NC,ASO,ES,Combined TRACON& Tower with Radar,80,33,38,0,151,0,0,55,2,57,80,33,93,2,208,40,0,40,248
12/30/2022,GSO,NC,ASO,ES,Combined TRACON& Tower with Radar,74,41,43,0,158,0,0,46,2,48,74,41,89,2,206,10,0,10,216
12/31/2022,GSO,NC,ASO,ES,Combined TRACON& Tower with Radar,41,25,8,0,74,0,0,0,0,0,41,25,8,0,74,0,0,0,74
01/01/2023,GSO,NC,ASO,ES,Combined TRACON& Tower with Radar,33,26,27,0,86,0,0,11,0,11,33,26,38,0,97,12,0,12,109
01/02/2023,GSO,NC,ASO,ES,Combined TRACON& Tower with Radar,46,33,37,0,116,0,0,34,0,34,46,33,71,0,150,2,0,2,152
01/03/2023,GSO,NC,ASO,ES,Combined TRACON& Tower with Radar,64,30,43,8,145,0,1,15,2,18,64,31,58,10,163,16,0,16,179
01/04/2023,GSO,NC,ASO,ES,Combined TRACON& Tower with Radar,68,30,34,0,132,0,0,0,0,0,68,30,34,0,132,0,0,0,132
01/05/2023,GSO,NC,ASO,ES,Combined TRACON& Tower with Radar,72,35,37,13,157,0,1,68,2,71,72,36,105,15,228,24,0,24,252
01/06/2023,GSO,NC,ASO,ES,Combined TRACON& Tower with Radar,63,29,28,2,122,0,0,98,4,102,63,29,126,6,224,94,0,94,318
01/07/2023,GSO,NC,ASO,ES,Combined TRACON& Tower with Radar,53,21,35,5,114,0,0,97,2,99,53,21,132,7,213,49,1,50,263
01/08/2023,GSO,NC,ASO,ES,Combined TRACON& Tower with Radar,47,32,36,0,115,0,0,6,0,6,47,32,42,0,121,0,0,0,121
01/09/2023,GSO,NC,ASO,ES,Combined TRACON& Tower with Radar,73,25,38,2,138,0,0,62,0,62,73,25,100,2,200,44,0,44,244
01/10/2023,GSO,NC,ASO,ES,Combined TRACON& Tower with Radar,80,39,44,12,175,0,2,96,6,104,80,41,140,18,279,22,0,22,301
01/11/2023,GSO,NC,ASO,ES,Combined TRACON& Tower with Radar,86,36,57,16,195,0,0,73,5,78,86,36,130,21,273,46,0,46,319
01/12/2023,GSO,NC,ASO,ES,Combined TRACON& Tower with Radar,80,47,33,0,160,0,0,1,2,3,80,47,34,2,163,18,0,18,181
01/13/2023,GSO,NC,ASO,ES,Combined TRACON& Tower with Radar,84,41,31,0,156,0,0,43,0,43,84,41,74,0,199,22,0,22,221
01/14/2023,GSO,NC,ASO,ES,Combined TRACON& Tower with Radar,49,25,22,0,96,0,0,40,0,40,49,25,62,0,136,23,0,23,159
01/15/2023,GSO,NC,ASO,ES,Combined TRACON& Tower with Radar,50,20,24,0,94,0,0,76,0,76,50,20,100,0,170,0,0,0,170
01/16/2023,GSO,NC,ASO,ES,Combined TRACON& Tower with Radar,73,36,40,0,149,0,0,98,0,98,73,36,138,0,247,12,0,12,259
01/17/2023,GSO,NC,ASO,ES,Combined TRACON& Tower with Radar,84,29,38,0,151,0,0,6,0,6,84,29,44,0,157,14,0,14,171
01/18/2023,GSO,NC,ASO,ES,Combined TRACON& Tower with Radar,94,51,48,10,203,0,0,54,2,56,94,51,102,12,259,42,0,42,301
01/19/2023,GSO,NC,ASO,ES,Combined TRACON& Tower with Radar,93,53,38,3,187,0,0,0,1,1,93,53,38,4,188,0,0,0,188
01/20/2023,GSO,NC,ASO,ES,Combined TRACON& Tower with Radar,93,45,69,8,215,0,0,73,2,75,93,45,142,10,290,86,0,86,376
01/21/2023,GSO,NC,ASO,ES,Combined TRACON& Tower with Radar,56,22,47,0,125,0,0,100,0,100,56,22,147,0,225,64,0,64,289
01/22/2023,GSO,NC,ASO,ES,Combined TRACON& Tower with Radar,58,23,11,0,92,0,0,2,0,2,58,23,13,0,94,0,0,0,94
01/23/2023,GSO,NC,ASO,ES,Combined TRACON& Tower with Radar,71,35,47,12,165,0,0,33,2,35,71,35,80,14,200,56,10,66,266
01/24/2023,GSO,NC,ASO,ES,Combined TRACON& Tower with Radar,88,44,54,8,194,0,3,94,2,99,88,47,148,10,293,6,0,6,299
01/25/2023,GSO,NC,ASO,ES,Combined TRACON& Tower with Radar,96,42,24,0,162,0,0,0,0,0,96,42,24,0,162,0,0,0,162
01/26/2023,GSO,NC,ASO,ES,Combined TRACON& Tower with Radar,92,43,50,2,187,0,0,65,0,65,92,43,115,2,252,4,0,4,256
01/27/2023,GSO,NC,ASO,ES,Combined TRACON& Tower with Radar,93,38,50,0,181,0,1,93,0,94,93,39,143,0,275,94,0,94,369
01/28/2023,GSO,NC,ASO,ES,Combined TRACON& Tower with Radar,55,33,24,1,113,0,0,88,1,89,55,33,112,2,202,66,0,66,268
01/29/2023,GSO,NC,ASO,ES,Combined TRACON& Tower with Radar,63,23,30,0,116,0,0,21,0,21,63,23,51,0,137,62,0,62,199
01/30/2023,GSO,NC,ASO,ES,Combined TRACON& Tower with Radar,67,35,42,30,174,0,0,40,2,42,67,35,82,32,216,28,17,45,261
01/31/2023,GSO,NC,ASO,ES,Combined TRACON& Tower with Radar,78,39,15,1,133,0,0,0,0,0,78,39,15,1,133,0,0,0,133
02/01/2023,GSO,NC,ASO,ES,Combined TRACON& Tower with Radar,78,43,29,14,164,0,0,1,0,1,78,43,30,14,165,0,0,0,165
02/02/2023,GSO,NC,ASO,ES,Combined TRACON& Tower with Radar,80,49,24,14,167,0,0,0,0,0,80,49,24,14,167,0,0,0,167
02/03/2023,GSO,NC,ASO,ES,Combined TRACON& Tower with Radar,79,45,51,2,177,0,1,38,2,41,79,46,89,4,218,4,0,4,222
02/04/2023,GSO,NC,ASO,ES,Combined TRACON& Tower with Radar,52,44,35,0,131,0,0,100,2,102,52,44,135,2,233,0,0,0,233
02/05/2023,GSO,NC,ASO,ES,Combined TRACON& Tower with Radar,57,44,38,0,139,0,0,60,2,62,57,44,98,2,201,0,0,0,201
02/06/2023,GSO,NC,ASO,ES,Combined TRACON& Tower with Radar,69,27,42,0,138,0,0,74,4,78,69,27,116,4,216,90,0,90,306
02/07/2023,GSO,NC,ASO,ES,Combined TRACON& Tower with Radar,85,50,49,2,186,0,0,101,8,109,85,50,150,10,295,103,0,103,398
02/08/2023,GSO,NC,ASO,ES,Combined TRACON& Tower with Radar,84,53,27,50,214,0,1,84,7,92,84,54,111,57,306,120,38,158,464
02/09/2023,GSO,NC,ASO,ES,Combined TRACON& Tower with Radar,85,50,39,37,211,0,0,25,29,54,85,50,64,66,265,27,53,80,345
02/10/2023,GSO,NC,ASO,ES,Combined TRACON& Tower with Radar,80,58,46,0,184,0,0,64,2,66,80,58,110,2,250,72,0,72,322
02/11/2023,GSO,NC,ASO,ES,Combined TRACON& Tower with Radar,52,37,34,0,123,0,0,94,0,94,52,37,128,0,217,0,0,0,217
02/12/2023,GSO,NC,ASO,ES,Combined TRACON& Tower with Radar,56,32,23,0,111,0,0,0,0,0,56,32,23,0,111,0,0,0,111
02/13/2023,GSO,NC,ASO,ES,Combined TRACON& Tower with Radar,79,33,50,4,166,0,4,119,4,127,79,37,169,8,293,92,0,92,385
02/14/2023,GSO,NC,ASO,ES,Combined TRACON& Tower with Radar,88,45,48,34,215,3,2,87,2,94,91,47,135,36,309,158,0,158,467
02/15/2023,GSO,NC,ASO,ES,Combined TRACON& Tower with Radar,83,42,39,22,186,3,1,62,0,66,86,43,101,22,252,44,6,50,302
02/16/2023,GSO,NC,ASO,ES,Combined TRACON& Tower with Radar,86,38,43,3,170,1,0,23,2,26,87,38,66,5,196,16,0,16,212
02/17/2023,GSO,NC,ASO,ES,Combined TRACON& Tower with Radar,77,41,40,0,158,0,0,8,0,8,77,41,48,0,166,0,0,0,166
02/18/2023,GSO,NC,ASO,ES,Combined TRACON& Tower with Radar,51,28,39,1,119,0,1,104,0,105,51,29,143,1,224,107,0,107,331
02/19/2023,GSO,NC,ASO,ES,Combined TRACON& Tower with Radar,54,31,37,2,124,0,0,56,0,56,54,31,93,2,180,72,0,72,252
02/20/2023,GSO,NC,ASO,ES,Combined TRACON& Tower with Radar,69,40,62,1,172,0,0,90,2,92,69,40,152,3,264,118,0,118,382
02/21/2023,GSO,NC,ASO,ES,Combined TRACON& Tower with Radar,88,51,56,17,212,0,1,57,3,61,88,52,113,20,273,66,10,76,349
02/22/2023,GSO,NC,ASO,ES,Combined TRACON& Tower with Radar,89,72,47,16,224,0,3,45,9,57,89,75,92,25,281,172,16,188,469
02/23/2023,GSO,NC,ASO,ES,Combined TRACON& Tower with Radar,83,44,59,0,186,0,0,59,2,61,83,44,118,2,247,95,0,95,342
02/24/2023,GSO,NC,ASO,ES,Combined TRACON& Tower with Radar,86,49,48,14,197,0,0,74,0,74,86,49,122,14,271,162,0,162,433
02/25/2023,GSO,NC,ASO,ES,Combined TRACON& Tower with Radar,57,29,19,2,107,0,0,5,0,5,57,29,24,2,112,42,0,42,154
02/26/2023,GSO,NC,ASO,ES,Combined TRACON& Tower with Radar,59,47,65,0,171,0,0,23,0,23,59,47,88,0,194,0,0,0,194
02/27/2023,GSO,NC,ASO,ES,Combined TRACON& Tower with Radar,69,46,31,0,146,0,0,31,0,31,69,46,62,0,177,88,0,88,265
02/28/2023,GSO,NC,ASO,ES,Combined TRACON& Tower with Radar,90,54,33,13,190,1,0,101,10,112,91,54,134,23,302,54,20,74,376
03/01/2023,GSO,NC,ASO,ES,Combined TRACON& Tower with Radar,89,39,75,2,205,0,0,42,0,42,89,39,117,2,247,236,50,286,533
03/02/2023,GSO,NC,ASO,ES,Combined TRACON& Tower with Radar,87,44,42,0,173,0,0,50,6,56,87,44,92,6,229,213,0,213,442
03/03/2023,GSO,NC,ASO,ES,Combined TRACON& Tower with Radar,76,46,23,4,149,0,0,0,0,0,76,46,23,4,149,0,0,0,149
03/04/2023,GSO,NC,ASO,ES,Combined TRACON& Tower with Radar,58,34,29,1,122,0,0,49,0,49,58,34,78,1,171,16,0,16,187
03/05/2023,GSO,NC,ASO,ES,Combined TRACON& Tower with Radar,63,33,50,0,146,0,0,90,0,90,63,33,140,0,236,134,0,134,370
03/06/2023,GSO,NC,ASO,ES,Combined TRACON& Tower with Radar,81,43,52,16,192,0,0,94,3,97,81,43,146,19,289,21,6,27,316
03/07/2023,GSO,NC,ASO,ES,Combined TRACON& Tower with Radar,83,36,33,4,156,0,0,41,2,43,83,36,74,6,199,34,0,34,233
03/08/2023,GSO,NC,ASO,ES,Combined TRACON& Tower with Radar,88,38,58,0,184,0,1,94,2,97,88,39,152,2,281,49,0,49,330
03/09/2023,GSO,NC,ASO,ES,Combined TRACON& Tower with Radar,94,47,59,25,225,0,0,88,7,95,94,47,147,32,320,0,0,0,320
03/10/2023,GSO,NC,ASO,ES,Combined TRACON& Tower with Radar,82,71,56,0,209,0,0,12,0,12,82,71,68,0,221,0,0,0,221
03/11/2023,GSO,NC,ASO,ES,Combined TRACON& Tower with Radar,54,38,46,0,138,0,2,53,0,55,54,40,99,0,193,104,0,104,297
03/12/2023,GSO,NC,ASO,ES,Combined TRACON& Tower with Radar,60,44,21,0,125,0,0,0,0,0,60,44,21,0,125,0,0,0,125
03/13/2023,GSO,NC,ASO,ES,Combined TRACON& Tower with Radar,76,48,42,4,170,3,0,39,0,42,79,48,81,4,212,80,6,86,298
03/14/2023,GSO,NC,ASO,ES,Combined TRACON& Tower with Radar,80,46,41,1,168,0,0,31,4,35,80,46,72,5,203,18,5,23,226
03/15/2023,GSO,NC,ASO,ES,Combined TRACON& Tower with Radar,92,54,43,0,189,0,0,83,0,83,92,54,126,0,272,70,0,70,342
03/16/2023,GSO,NC,ASO,ES,Combined TRACON& Tower with Radar,96,49,59,0,204,1,0,100,2,103,97,49,159,2,307,70,0,70,377
03/17/2023,GSO,NC,ASO,ES,Combined TRACON& Tower with Radar,86,50,56,0,192,0,0,7,0,7,86,50,63,0,199,0,0,0,199
03/18/2023,GSO,NC,ASO,ES,Combined TRACON& Tower with Radar,57,29,35,2,123,0,0,88,0,88,57,29,123,2,211,90,0,90,301
03/19/2023,GSO,NC,ASO,ES,Combined TRACON& Tower with Radar,68,41,57,0,166,0,0,87,0,87,68,41,144,0,253,47,0,47,300
03/20/2023,GSO,NC,ASO,ES,Combined TRACON& Tower with Radar,69,39,37,0,145,0,0,89,2,91,69,39,126,2,236,52,0,52,288
03/21/2023,GSO,NC,ASO,ES,Combined TRACON& Tower with Radar,81,50,55,16,202,0,2,94,5,101,81,52,149,21,303,66,17,83,386
03/22/2023,GSO,NC,ASO,ES,Combined TRACON& Tower with Radar,79,41,54,0,174,0,0,28,2,30,79,41,82,2,204,138,0,138,342
03/23/2023,GSO,NC,ASO,ES,Combined TRACON& Tower with Radar,87,50,54,22,213,0,1,34,5,40,87,51,88,27,253,12,12,24,277
03/24/2023,GSO,NC,ASO,ES,Combined TRACON& Tower with Radar,85,49,39,2,175,0,0,90,0,90,85,49,129,2,265,26,0,26,291
03/25/2023,GSO,NC,ASO,ES,Combined TRACON& Tower with Radar,48,40,19,0,107,0,0,12,0,12,48,40,31,0,119,0,0,0,119
03/26/2023,GSO,NC,ASO,ES,Combined TRACON& Tower with Radar,63,36,42,0,141,0,2,62,2,66,63,38,104,2,207,53,0,53,260
03/27/2023,GSO,NC,ASO,ES,Combined TRACON& Tower with Radar,69,40,49,5,163,0,0,22,0,22,69,40,71,5,185,74,0,74,259
03/28/2023,GSO,NC,ASO,ES,Combined TRACON& Tower with Radar,85,41,44,1,171,0,0,82,1,83,85,41,126,2,254,20,0,20,274
03/29/2023,GSO,NC,ASO,ES,Combined TRACON& Tower with Radar,86,33,54,12,185,0,0,52,5,57,86,33,106,17,242,32,8,40,282
03/30/2023,GSO,NC,ASO,ES,Combined TRACON& Tower with Radar,94,35,58,8,195,0,0,103,8,111,94,35,161,16,306,53,6,59,365
03/31/2023,GSO,NC,ASO,ES,Combined TRACON& Tower with Radar,83,30,58,1,172,0,1,47,3,51,83,31,105,4,223,56,0,56,279
04/01/2023,GSO,NC,ASO,ES,Combined TRACON& Tower with Radar,49,36,22,0,107,0,0,1,2,3,49,36,23,2,110,0,0,0,110
04/02/2023,GSO,NC,ASO,ES,Combined TRACON& Tower with Radar,58,26,43,0,127,0,0,77,2,79,58,26,120,2,206,38,0,38,244
04/03/2023,GSO,NC,ASO,ES,Combined TRACON& Tower with Radar,68,54,48,1,171,0,2,41,3,46,68,56,89,4,217,58,0,58,275
04/04/2023,GSO,NC,ASO,ES,Combined TRACON& Tower with Radar,80,54,53,9,196,0,2,118,5,125,80,56,171,14,321,82,0,82,403
04/05/2023,GSO,NC,ASO,ES,Combined TRACON& Tower with Radar,91,50,60,5,206,0,0,61,2,63,91,50,121,7,269,64,0,64,333
04/06/2023,GSO,NC,ASO,ES,Combined TRACON& Tower with Radar,91,57,51,10,209,0,0,37,5,42,91,57,88,15,251,66,10,76,327
04/07/2023,GSO,NC,ASO,ES,Combined TRACON& Tower with Radar,93,48,40,0,181,0,0,0,0,0,93,48,40,0,181,0,0,0,181
04/08/2023,GSO,NC,ASO,ES,Combined TRACON& Tower with Radar,50,31,15,0,96,0,0,1,0,1,50,31,16,0,97,0,0,0,97
04/09/2023,GSO,NC,ASO,ES,Combined TRACON& Tower with Radar,58,36,24,0,118,0,0,28,0,28,58,36,52,0,146,28,0,28,174
04/10/2023,GSO,NC,ASO,ES,Combined TRACON& Tower with Radar,74,43,60,0,177,4,1,80,0,85,78,44,140,0,262,72,0,72,334
04/11/2023,GSO,NC,ASO,ES,Combined TRACON& Tower with Radar,91,40,69,9,209,8,0,104,1,113,99,40,173,10,322,40,0,40,362
04/12/2023,GSO,NC,ASO,ES,Combined TRACON& Tower with Radar,87,32,53,11,183,0,3,60,3,66,87,35,113,14,249,54,8,62,311
04/13/2023,GSO,NC,ASO,ES,Combined TRACON& Tower with Radar,92,45,52,0,189,0,0,111,2,113,92,45,163,2,302,2,0,2,304
04/14/2023,GSO,NC,ASO,ES,Combined TRACON& Tower with Radar,88,31,34,7,160,0,0,2,3,5,88,31,36,10,165,0,0,0,165
04/15/2023,GSO,NC,ASO,ES,Combined TRACON& Tower with Radar,49,32,63,0,144,0,0,58,0,58,49,32,121,0,202,68,0,68,270
04/16/2023,GSO,NC,ASO,ES,Combined TRACON& Tower with Radar,63,34,55,2,154,0,0,46,0,46,63,34,101,2,200,6,0,6,206
04/17/2023,GSO,NC,ASO,ES,Combined TRACON& Tower with Radar,79,27,61,6,173,0,2,56,3,61,79,29,117,9,234,0,0,0,234
04/18/2023,GSO,NC,ASO,ES,Combined TRACON& Tower with Radar,87,43,43,7,180,0,0,59,0,59,87,43,102,7,239,18,6,24,263
04/19/2023,GSO,NC,ASO,ES,Combined TRACON& Tower with Radar,89,50,75,10,224,0,0,86,4,90,89,50,161,14,314,36,0,36,350
04/20/2023,GSO,NC,ASO,ES,Combined TRACON& Tower with Radar,92,63,78,5,238,0,0,93,3,96,92,63,171,8,334,95,4,99,433
04/21/2023,GSO,NC,ASO,ES,Combined TRACON& Tower with Radar,91,59,71,30,251,0,1,76,2,79,91,60,147,32,330,110,12,122,452
04/22/2023,GSO,NC,ASO,ES,Combined TRACON& Tower with Radar,59,47,26,0,132,0,0,7,0,7,59,47,33,0,139,47,0,47,186
04/23/2023,GSO,NC,ASO,ES,Combined TRACON& Tower with Radar,65,59,52,19,195,0,1,59,0,60,65,60,111,19,255,28,0,28,283
04/24/2023,GSO,NC,ASO,ES,Combined TRACON& Tower with Radar,72,49,77,2,200,0,0,79,2,81,72,49,156,4,281,18,0,18,299
04/25/2023,GSO,NC,ASO,ES,Combined TRACON& Tower with Radar,90,47,69,0,206,0,0,77,0,77,90,47,146,0,283,98,0,98,381
04/26/2023,GSO,NC,ASO,ES,Combined TRACON& Tower with Radar,86,57,58,14,215,0,1,84,2,87,86,58,142,16,302,94,8,102,404
04/27/2023,GSO,NC,ASO,ES,Combined TRACON& Tower with Radar,97,47,73,0,217,0,0,1,0,1,97,47,74,0,218,4,0,4,222
04/28/2023,GSO,NC,ASO,ES,Combined TRACON& Tower with Radar,93,45,28,4,170,0,0,3,0,3,93,45,31,4,173,12,0,12,185
04/29/2023,GSO,NC,ASO,ES,Combined TRACON& Tower with Radar,47,33,42,0,122,0,0,18,0,18,47,33,60,0,140,74,0,74,214
04/30/2023,GSO,NC,ASO,ES,Combined TRACON& Tower with Radar,64,30,38,0,132,0,0,13,0,13,64,30,51,0,145,10,0,10,155
05/01/2023,GSO,NC,ASO,ES,Combined TRACON& Tower with Radar,75,40,43,18,176,0,1,38,1,40,75,41,81,19,216,0,0,0,216
05/02/2023,GSO,NC,ASO,ES,Combined TRACON& Tower with Radar,90,41,50,2,183,0,0,31,2,33,90,41,81,4,216,10,0,10,226
05/03/2023,GSO,NC,ASO,ES,Combined TRACON& Tower with Radar,94,59,57,4,214,0,0,30,0,30,94,59,87,4,244,2,0,2,246
05/04/2023,GSO,NC,ASO,ES,Combined TRACON& Tower with Radar,92,48,67,2,209,0,0,92,4,96,92,48,159,6,305,118,4,122,427
05/05/2023,GSO,NC,ASO,ES,Combined TRACON& Tower with Radar,87,50,50,59,246,0,0,79,0,79,87,50,129,59,325,62,30,92,417
05/06/2023,GSO,NC,ASO,ES,Combined TRACON& Tower with Radar,51,38,20,0,109,0,0,91,0,91,51,38,111,0,200,100,0,100,300
05/07/2023,GSO,NC,ASO,ES,Combined TRACON& Tower with Radar,58,40,53,0,151,0,0,57,0,57,58,40,110,0,208,0,0,0,208
05/08/2023,GSO,NC,ASO,ES,Combined TRACON& Tower with Radar,79,29,52,11,171,0,1,73,3,77,79,30,125,14,248,52,6,58,306
05/09/2023,GSO,NC,ASO,ES,Combined TRACON& Tower with Radar,84,39,38,6,167,0,0,68,4,72,84,39,106,10,239,88,0,88,327
05/10/2023,GSO,NC,ASO,ES,Combined TRACON& Tower with Radar,89,41,63,16,209,0,0,83,4,87,89,41,146,20,296,30,0,30,326
05/11/2023,GSO,NC,ASO,ES,Combined TRACON& Tower with Radar,89,48,61,3,201,0,3,87,1,91,89,51,148,4,292,122,0,122,414
05/12/2023,GSO,NC,ASO,ES,Combined TRACON& Tower with Radar,93,32,50,29,204,0,0,53,0,53,93,32,103,29,257,114,8,122,379
05/13/2023,GSO,NC,ASO,ES,Combined TRACON& Tower with Radar,65,22,28,0,115,0,0,12,0,12,65,22,40,0,127,77,0,77,204
05/14/2023,GSO,NC,ASO,ES,Combined TRACON& Tower with Radar,58,25,27,0,110,0,0,16,0,16,58,25,43,0,126,78,0,78,204
05/15/2023,GSO,NC,ASO,ES,Combined TRACON& Tower with Radar,74,31,70,4,179,0,0,76,0,76,74,31,146,4,255,69,10,79,334
05/16/2023,GSO,NC,ASO,ES,Combined TRACON& Tower with Radar,91,37,30,37,195,0,0,51,7,58,91,37,81,44,253,71,25,96,349
05/17/2023,GSO,NC,ASO,ES,Combined TRACON& Tower with Radar,90,40,55,0,185,0,0,91,4,95,90,40,146,4,280,100,0,100,380
05/18/2023,GSO,NC,ASO,ES,Combined TRACON& Tower with Radar,89,54,65,2,210,0,1,70,4,75,89,55,135,6,285,22,0,22,307
05/19/2023,GSO,NC,ASO,ES,Combined TRACON& Tower with Radar,93,40,70,24,227,0,0,4,0,4,93,40,74,24,231,20,4,24,255
05/20/2023,GSO,NC,ASO,ES,Combined TRACON& Tower with Radar,60,27,31,0,118,0,0,17,0,17,60,27,48,0,135,120,0,120,255
05/21/2023,GSO,NC,ASO,ES,Combined TRACON& Tower with Radar,61,29,23,4,117,0,1,73,0,74,61,30,96,4,191,0,0,0,191
05/22/2023,GSO,NC,ASO,ES,Combined TRACON& Tower with Radar,74,26,36,0,136,0,0,74,0,74,74,26,110,0,210,16,0,16,226
05/23/2023,GSO,NC,ASO,ES,Combined TRACON& Tower with Radar,89,30,40,4,163,0,0,73,0,73,89,30,113,4,236,40,0,40,276
05/24/2023,GSO,NC,ASO,ES,Combined TRACON& Tower with Radar,88,44,36,3,171,0,2,73,2,77,88,46,109,5,248,90,0,90,338
05/25/2023,GSO,NC,ASO,ES,Combined TRACON& Tower with Radar,94,49,65,7,215,0,3,74,7,84,94,52,139,14,299,40,24,64,363
05/26/2023,GSO,NC,ASO,ES,Combined TRACON& Tower with Radar,86,30,54,14,184,0,2,55,0,57,86,32,109,14,241,98,0,98,339
05/27/2023,GSO,NC,ASO,ES,Combined TRACON& Tower with Radar,57,24,12,0,93,0,0,10,0,10,57,24,22,0,103,14,0,14,117
05/28/2023,GSO,NC,ASO,ES,Combined TRACON& Tower with Radar,51,20,5,0,76,0,0,0,0,0,51,20,5,0,76,0,0,0,76
05/29/2023,GSO,NC,ASO,ES,Combined TRACON& Tower with Radar,68,27,24,0,119,0,0,1,0,1,68,27,25,0,120,0,0,0,120
05/30/2023,GSO,NC,ASO,ES,Combined TRACON& Tower with Radar,71,43,59,0,173,0,0,3,0,3,71,43,62,0,176,26,0,26,202
05/31/2023,GSO,NC,ASO,ES,Combined TRACON& Tower with Radar,96,41,63,17,217,0,0,18,1,19,96,41,81,18,236,67,28,95,331
06/01/2023,GSO,NC,ASO,ES,Combined TRACON& Tower with Radar,93,35,52,12,192,0,1,74,4,79,93,36,126,16,271,176,12,188,459
06/02/2023,GSO,NC,ASO,ES,Combined TRACON& Tower with Radar,89,35,50,8,182,0,0,99,2,101,89,35,149,10,283,164,4,168,451
06/03/2023,GSO,NC,ASO,ES,Combined TRACON& Tower with Radar,58,21,12,6,97,0,0,67,0,67,58,21,79,6,164,78,0,78,242
06/04/2023,GSO,NC,ASO,ES,Combined TRACON& Tower with Radar,67,22,46,0,135,0,0,5,0,5,67,22,51,0,140,46,0,46,186
06/05/2023,GSO,NC,ASO,ES,Combined TRACON& Tower with Radar,91,21,54,0,166,0,0,50,0,50,91,21,104,0,216,176,0,176,392
06/06/2023,GSO,NC,ASO,ES,Combined TRACON& Tower with Radar,91,34,38,5,168,0,0,56,3,59,91,34,94,8,227,61,0,61,288
06/07/2023,GSO,NC,ASO,ES,Combined TRACON& Tower with Radar,89,38,66,0,193,0,0,22,3,25,89,38,88,3,218,16,0,16,234
06/08/2023,GSO,NC,ASO,ES,Combined TRACON& Tower with Radar,94,35,53,14,196,0,2,82,4,88,94,37,135,18,284,142,20,162,446
06/09/2023,GSO,NC,ASO,ES,Combined TRACON& Tower with Radar,96,34,60,8,198,0,2,79,0,81,96,36,139,8,279,82,0,82,361
06/10/2023,GSO,NC,ASO,ES,Combined TRACON& Tower with Radar,62,21,35,2,120,0,0,70,1,71,62,21,105,3,191,39,0,39,230
06/11/2023,GSO,NC,ASO,ES,Combined TRACON& Tower with Radar,68,21,35,0,124,0,0,41,0,41,68,21,76,0,165,0,0,0,165
06/12/2023,GSO,NC,ASO,ES,Combined TRACON& Tower with Radar,70,37,60,12,179,0,0,15,1,16,70,37,75,13,195,20,4,24,219
06/13/2023,GSO,NC,ASO,ES,Combined TRACON& Tower with Radar,95,37,48,26,206,0,2,114,4,120,95,39,162,30,326,62,18,80,406
06/14/2023,GSO,NC,ASO,ES,Combined TRACON& Tower with Radar,83,34,39,37,193,0,0,50,9,59,83,34,89,46,252,29,24,53,305
06/15/2023,GSO,NC,ASO,ES,Combined TRACON& Tower with Radar,93,37,47,18,195,0,2,67,4,73,93,39,114,22,268,95,5,100,368
06/16/2023,GSO,NC,ASO,ES,Combined TRACON& Tower with Radar,89,38,67,10,204,0,2,64,5,71,89,40,131,15,275,158,20,178,453
06/17/2023,GSO,NC,ASO,ES,Combined TRACON& Tower with Radar,64,26,29,0,119,0,1,84,0,85,64,27,113,0,204,57,0,57,261
06/18/2023,GSO,NC,ASO,ES,Combined TRACON& Tower with Radar,57,21,40,0,118,0,0,56,0,56,57,21,96,0,174,60,0,60,234
06/19/2023,GSO,NC,ASO,ES,Combined TRACON& Tower with Radar,82,29,45,0,156,0,0,1,0,1,82,29,46,0,157,8,0,8,165
06/20/2023,GSO,NC,ASO,ES,Combined TRACON& Tower with Radar,91,24,34,5,154,0,0,2,1,3,91,24,36,6,157,0,8,8,165
06/21/2023,GSO,NC,ASO,ES,Combined TRACON& Tower with Radar,98,30,46,2,176,0,0,0,0,0,98,30,46,2,176,0,0,0,176
06/22/2023,GSO,NC,ASO,ES,Combined TRACON& Tower with Radar,92,29,32,0,153,0,0,0,0,0,92,29,32,0,153,0,0,0,153
06/23/2023,GSO,NC,ASO,ES,Combined TRACON& Tower with Radar,97,32,52,0,181,0,0,5,0,5,97,32,57,0,186,0,0,0,186
06/24/2023,GSO,NC,ASO,ES,Combined TRACON& Tower with Radar,64,30,39,0,133,0,0,47,0,47,64,30,86,0,180,94,0,94,274
06/25/2023,GSO,NC,ASO,ES,Combined TRACON& Tower with Radar,46,24,52,1,123,0,0,57,1,58,46,24,109,2,181,24,0,24,205
06/26/2023,GSO,NC,ASO,ES,Combined TRACON& Tower with Radar,67,38,43,4,152,0,5,42,0,47,67,43,85,4,199,60,0,60,259
06/27/2023,GSO,NC,ASO,ES,Combined TRACON& Tower with Radar,77,38,51,10,176,0,5,94,0,99,77,43,145,10,275,99,0,99,374
06/28/2023,GSO,NC,ASO,ES,Combined TRACON& Tower with Radar,89,37,63,2,191,0,0,96,11,107,89,37,159,13,298,54,18,72,370
06/29/2023,GSO,NC,ASO,ES,Combined TRACON& Tower with Radar,95,41,65,7,208,0,0,37,5,42,95,41,102,12,250,98,0,98,348
06/30/2023,GSO,NC,ASO,ES,Combined TRACON& Tower with Radar,92,33,59,0,184,0,0,39,0,39,92,33,98,0,223,122,0,122,345
07/01/2023,GSO,NC,ASO,ES,Combined TRACON& Tower with Radar,58,20,36,0,114,0,0,42,0,42,58,20,78,0,156,62,0,62,218
07/02/2023,GSO,NC,ASO,ES,Combined TRACON& Tower with Radar,52,25,31,0,108,0,0,33,0,33,52,25,64,0,141,104,0,104,245
07/03/2023,GSO,NC,ASO,ES,Combined TRACON& Tower with Radar,57,10,28,0,95,0,1,62,0,63,57,11,90,0,158,92,0,92,250
07/04/2023,GSO,NC,ASO,ES,Combined TRACON& Tower with Radar,50,16,15,0,81,0,0,40,0,40,50,16,55,0,121,32,0,32,153
07/05/2023,GSO,NC,ASO,ES,Combined TRACON& Tower with Radar,75,19,52,0,146,0,2,48,2,52,75,21,100,2,198,8,0,8,206
07/06/2023,GSO,NC,ASO,ES,Combined TRACON& Tower with Radar,100,26,33,26,185,0,0,58,10,68,100,26,91,36,253,44,22,66,319
07/07/2023,GSO,NC,ASO,ES,Combined TRACON& Tower with Radar,82,30,48,6,166,0,0,64,4,68,82,30,112,10,234,52,6,58,292
07/08/2023,GSO,NC,ASO,ES,Combined TRACON& Tower with Radar,63,18,33,0,114,0,2,62,0,64,63,20,95,0,178,132,0,132,310
07/09/2023,GSO,NC,ASO,ES,Combined TRACON& Tower with Radar,52,14,34,0,100,0,0,17,0,17,52,14,51,0,117,16,0,16,133
07/10/2023,GSO,NC,ASO,ES,Combined TRACON& Tower with Radar,81,30,54,2,167,0,0,88,4,92,81,30,142,6,259,96,0,96,355
07/11/2023,GSO,NC,ASO,ES,Combined TRACON& Tower with Radar,96,26,40,8,170,0,1,111,0,112,96,27,151,8,282,70,0,70,352
07/12/2023,GSO,NC,ASO,ES,Combined TRACON& Tower with Radar,105,29,57,10,201,0,2,75,2,79,105,31,132,12,280,44,0,44,324
07/13/2023,GSO,NC,ASO,ES,Combined TRACON& Tower with Radar,92,45,48,4,189,0,8,84,2,94,92,53,132,6,283,85,0,85,368
07/14/2023,GSO,NC,ASO,ES,Combined TRACON& Tower with Radar,90,30,45,0,165,0,0,14,0,14,90,30,59,0,179,42,0,42,221
07/15/2023,GSO,NC,ASO,ES,Combined TRACON& Tower with Radar,64,20,39,14,137,0,0,25,0,25,64,20,64,14,162,111,0,111,273
07/16/2023,GSO,NC,ASO,ES,Combined TRACON& Tower with Radar,61,18,34,8,121,0,2,39,0,41,61,20,73,8,162,18,0,18,180
07/17/2023,GSO,NC,ASO,ES,Combined TRACON& Tower with Radar,83,34,59,2,178,0,3,61,0,64,83,37,120,2,242,129,0,129,371
07/18/2023,GSO,NC,ASO,ES,Combined TRACON& Tower with Radar,82,40,61,17,200,0,0,80,1,81,82,40,141,18,281,70,16,86,367
07/19/2023,GSO,NC,ASO,ES,Combined TRACON& Tower with Radar,92,37,48,2,179,0,0,91,3,94,92,37,139,5,273,55,0,55,328
07/20/2023,GSO,NC,ASO,ES,Combined TRACON& Tower with Radar,97,32,45,0,174,0,1,85,4,90,97,33,130,4,264,42,0,42,306
07/21/2023,GSO,NC,ASO,ES,Combined TRACON& Tower with Radar,99,52,40,4,195,0,20,50,0,70,99,72,90,4,265,72,0,72,337
07/22/2023,GSO,NC,ASO,ES,Combined TRACON& Tower with Radar,65,22,24,6,117,0,2,77,0,79,65,24,101,6,196,44,0,44,240
07/23/2023,GSO,NC,ASO,ES,Combined TRACON& Tower with Radar,65,19,39,8,131,0,1,41,0,42,65,20,80,8,173,0,0,0,173
07/24/2023,GSO,NC,ASO,ES,Combined TRACON& Tower with Radar,86,23,50,0,159,0,0,31,0,31,86,23,81,0,190,44,0,44,234
07/25/2023,GSO,NC,ASO,ES,Combined TRACON& Tower with Radar,91,28,59,10,188,0,0,72,3,75,91,28,131,13,263,46,0,46,309
07/26/2023,GSO,NC,ASO,ES,Combined TRACON& Tower with Radar,90,38,47,1,176,0,2,66,5,73,90,40,113,6,249,42,0,42,291
07/27/2023,GSO,NC,ASO,ES,Combined TRACON& Tower with Radar,89,33,61,14,197,0,1,77,3,81,89,34,138,17,278,34,10,44,322
07/28/2023,GSO,NC,ASO,ES,Combined TRACON& Tower with Radar,92,46,40,15,193,0,2,50,10,62,92,48,90,25,255,22,16,38,293
07/29/2023,GSO,NC,ASO,ES,Combined TRACON& Tower with Radar,63,24,21,0,108,0,0,48,0,48,63,24,69,0,156,112,0,112,268
07/30/2023,GSO,NC,ASO,ES,Combined TRACON& Tower with Radar,65,37,30,7,139,0,1,51,0,52,65,38,81,7,191,12,0,12,203
07/31/2023,GSO,NC,ASO,ES,Combined TRACON& Tower with Radar,86,42,52,16,196,0,2,42,1,45,86,44,94,17,241,67,0,67,308
08/01/2023,GSO,NC,ASO,ES,Combined TRACON& Tower with Radar,96,55,64,4,219,0,2,89,2,93,96,57,153,6,312,134,0,134,446
08/02/2023,GSO,NC,ASO,ES,Combined TRACON& Tower with Radar,92,44,52,9,197,0,2,82,1,85,92,46,134,10,282,74,24,98,380
08/03/2023,GSO,NC,ASO,ES,Combined TRACON& Tower with Radar,99,39,71,0,209,0,0,0,0,0,99,39,71,0,209,0,0,0,209
08/04/2023,GSO,NC,ASO,ES,Combined TRACON& Tower with Radar,98,39,49,15,201,0,0,15,0,15,98,39,64,15,216,78,2,80,296
08/05/2023,GSO,NC,ASO,ES,Combined TRACON& Tower with Radar,63,30,27,10,130,0,3,66,1,70,63,33,93,11,200,60,0,60,260
08/06/2023,GSO,NC,ASO,ES,Combined TRACON& Tower with Radar,57,39,42,7,145,0,2,55,0,57,57,41,97,7,202,17,0,17,219
08/07/2023,GSO,NC,ASO,ES,Combined TRACON& Tower with Radar,72,52,84,3,211,0,5,2,0,7,72,57,86,3,218,40,0,40,258
08/08/2023,GSO,NC,ASO,ES,Combined TRACON& Tower with Radar,97,64,58,5,224,0,2,96,1,99,97,66,154,6,323,155,4,159,482
08/09/2023,GSO,NC,ASO,ES,Combined TRACON& Tower with Radar,96,55,51,11,213,0,3,114,3,120,96,58,165,14,333,37,0,37,370
08/10/2023,GSO,NC,ASO,ES,Combined TRACON& Tower with Radar,92,65,42,2,201,0,2,25,0,27,92,67,67,2,228,62,0,62,290
08/11/2023,GSO,NC,ASO,ES,Combined TRACON& Tower with Radar,98,64,48,0,210,0,2,108,0,110,98,66,156,0,320,70,0,70,390
08/12/2023,GSO,NC,ASO,ES,Combined TRACON& Tower with Radar,61,52,30,0,143,0,1,76,0,77,61,53,106,0,220,76,0,76,296
08/13/2023,GSO,NC,ASO,ES,Combined TRACON& Tower with Radar,64,24,41,6,135,0,3,79,2,84,64,27,120,8,219,70,0,70,289
08/14/2023,GSO,NC,ASO,ES,Combined TRACON& Tower with Radar,81,42,53,0,176,0,5,66,0,71,81,47,119,0,247,114,0,114,361
08/15/2023,GSO,NC,ASO,ES,Combined TRACON& Tower with Radar,92,83,38,10,223,0,8,58,0,66,92,91,96,10,289,95,8,103,392
08/16/2023,GSO,NC,ASO,ES,Combined TRACON& Tower with Radar,89,69,58,22,238,0,5,105,0,110,89,74,163,22,348,86,56,142,490
08/17/2023,GSO,NC,ASO,ES,Combined TRACON& Tower with Radar,90,78,62,2,232,0,2,77,0,79,90,80,139,2,311,58,0,58,369
08/18/2023,GSO,NC,ASO,ES,Combined TRACON& Tower with Radar,95,75,56,4,230,0,0,78,0,78,95,75,134,4,308,78,0,78,386
08/19/2023,GSO,NC,ASO,ES,Combined TRACON& Tower with Radar,57,61,36,0,154,0,4,97,0,101,57,65,133,0,255,66,0,66,321
08/20/2023,GSO,NC,ASO,ES,Combined TRACON& Tower with Radar,58,34,45,0,137,0,4,71,0,75,58,38,116,0,212,52,0,52,264
08/21/2023,GSO,NC,ASO,ES,Combined TRACON& Tower with Radar,78,43,47,0,168,3,2,81,0,86,81,45,128,0,254,48,0,48,302
08/22/2023,GSO,NC,ASO,ES,Combined TRACON& Tower with Radar,97,70,76,16,259,0,2,85,2,89,97,72,161,18,348,69,20,89,437
08/23/2023,GSO,NC,ASO,ES,Combined TRACON& Tower with Radar,89,60,47,6,202,0,2,99,0,101,89,62,146,6,303,66,0,66,369
08/24/2023,GSO,NC,ASO,ES,Combined TRACON& Tower with Radar,92,59,56,6,213,0,2,59,0,61,92,61,115,6,274,106,0,106,380
08/25/2023,GSO,NC,ASO,ES,Combined TRACON& Tower with Radar,90,64,52,15,221,0,2,64,1,67,90,66,116,16,288,166,18,184,472
08/26/2023,GSO,NC,ASO,ES,Combined TRACON& Tower with Radar,55,41,20,0,116,0,1,82,0,83,55,42,102,0,199,52,0,52,251
08/27/2023,GSO,NC,ASO,ES,Combined TRACON& Tower with Radar,54,36,39,0,129,0,1,4,0,5,54,37,43,0,134,0,0,0,134
08/28/2023,GSO,NC,ASO,ES,Combined TRACON& Tower with Radar,75,43,39,0,157,0,0,3,0,3,75,43,42,0,160,107,0,107,267
08/29/2023,GSO,NC,ASO,ES,Combined TRACON& Tower with Radar,93,68,46,1,208,0,0,8,0,8,93,68,54,1,216,34,0,34,250
08/30/2023,GSO,NC,ASO,ES,Combined TRACON& Tower with Radar,91,58,52,7,208,0,0,29,2,31,91,58,81,9,239,197,20,217,456
08/31/2023,GSO,NC,ASO,ES,Combined TRACON& Tower with Radar,93,62,42,0,197,0,7,54,0,61,93,69,96,0,258,46,0,46,304
