01/01/2000,GSP,SC,ASO,ES,Towers with Radar,26,28,12,0,66,12,0,3,0,15,38,28,15,0,81,0,0,0,81
01/02/2000,GSP,SC,ASO,ES,Towers with Radar,34,61,22,0,117,0,5,0,0,5,34,66,22,0,122,0,0,0,122
01/03/2000,GSP,SC,ASO,ES,Towers with Radar,44,69,16,3,132,0,17,0,0,17,44,86,16,3,149,4,6,10,159
01/04/2000,GSP,SC,ASO,ES,Towers with Radar,50,64,12,2,128,6,4,0,0,10,56,68,12,2,138,0,0,0,138
01/05/2000,GSP,SC,ASO,ES,Towers with Radar,74,55,33,2,164,7,0,15,0,22,81,55,48,2,186,10,0,10,196
01/06/2000,GSP,SC,ASO,ES,Towers with Radar,60,78,29,0,167,0,0,14,0,14,60,78,43,0,181,10,0,10,191
01/07/2000,GSP,SC,ASO,ES,Towers with Radar,62,63,28,4,157,4,0,11,0,15,66,63,39,4,172,0,0,0,172
01/08/2000,GSP,SC,ASO,ES,Towers with Radar,39,46,17,0,102,12,0,20,0,32,51,46,37,0,134,4,0,4,138
01/09/2000,GSP,SC,ASO,ES,Towers with Radar,36,52,12,3,103,0,10,0,5,15,36,62,12,8,118,0,0,0,118
01/10/2000,GSP,SC,ASO,ES,Towers with Radar,46,62,22,3,133,0,20,18,4,42,46,82,40,7,175,6,0,6,181
01/11/2000,GSP,SC,ASO,ES,Towers with Radar,62,72,28,4,166,5,0,19,5,29,67,72,47,9,195,2,10,12,207
01/12/2000,GSP,SC,ASO,ES,Towers with Radar,68,71,30,4,173,4,0,30,2,36,72,71,60,6,209,16,4,20,229
01/13/2000,GSP,SC,ASO,ES,Towers with Radar,75,61,34,4,174,4,0,3,2,9,79,61,37,6,183,0,0,0,183
01/14/2000,GSP,SC,ASO,ES,Towers with Radar,65,69,29,4,167,6,0,4,7,17,71,69,33,11,184,6,2,8,192
01/15/2000,GSP,SC,ASO,ES,Towers with Radar,38,47,18,1,104,14,0,27,0,41,52,47,45,1,145,0,0,0,145
01/16/2000,GSP,SC,ASO,ES,Towers with Radar,36,54,20,0,110,0,13,17,0,30,36,67,37,0,140,0,0,0,140
01/17/2000,GSP,SC,ASO,ES,Towers with Radar,46,70,26,0,142,0,10,0,0,10,46,80,26,0,152,6,0,6,158
01/18/2000,GSP,SC,ASO,ES,Towers with Radar,46,56,21,0,123,19,7,18,0,44,65,63,39,0,167,0,0,0,167
01/19/2000,GSP,SC,ASO,ES,Towers with Radar,70,62,34,3,169,0,0,13,1,14,70,62,47,4,183,2,0,2,185
01/20/2000,GSP,SC,ASO,ES,Towers with Radar,50,76,28,3,157,0,7,23,7,37,50,83,51,10,194,6,24,30,224
01/21/2000,GSP,SC,ASO,ES,Towers with Radar,58,68,27,2,155,0,0,13,3,16,58,68,40,5,171,10,0,10,181
01/22/2000,GSP,SC,ASO,ES,Towers with Radar,29,36,14,0,79,10,7,2,0,19,39,43,16,0,98,0,0,0,98
01/23/2000,GSP,SC,ASO,ES,Towers with Radar,20,23,8,0,51,5,25,0,2,32,25,48,8,2,83,0,0,0,83
01/24/2000,GSP,SC,ASO,ES,Towers with Radar,37,64,23,1,125,0,25,3,0,28,37,89,26,1,153,0,0,0,153
01/25/2000,GSP,SC,ASO,ES,Towers with Radar,49,53,22,1,125,1,0,26,0,27,50,53,48,1,152,8,0,8,160
01/26/2000,GSP,SC,ASO,ES,Towers with Radar,58,58,26,0,142,8,0,19,0,27,66,58,45,0,169,12,0,12,181
01/27/2000,GSP,SC,ASO,ES,Towers with Radar,63,64,29,3,159,2,0,23,8,33,65,64,52,11,192,2,18,20,212
01/28/2000,GSP,SC,ASO,ES,Towers with Radar,37,64,24,0,125,0,21,16,0,37,37,85,40,0,162,1,0,1,163
01/29/2000,GSP,SC,ASO,ES,Towers with Radar,12,14,2,0,28,1,21,0,0,22,13,35,2,0,50,0,0,0,50
01/30/2000,GSP,SC,ASO,ES,Towers with Radar,10,11,4,0,25,3,2,0,0,5,13,13,4,0,30,0,0,0,30
01/31/2000,GSP,SC,ASO,ES,Towers with Radar,40,67,25,0,132,0,14,6,0,20,40,81,31,0,152,12,0,12,164
02/01/2000,GSP,SC,ASO,ES,Towers with Radar,51,96,32,2,181,0,0,23,3,26,51,96,55,5,207,12,6,18,225
02/02/2000,GSP,SC,ASO,ES,Towers with Radar,48,87,28,0,163,2,5,26,0,33,50,92,54,0,196,21,0,21,217
02/03/2000,GSP,SC,ASO,ES,Towers with Radar,48,88,29,0,165,2,4,17,0,23,50,92,46,0,188,10,0,10,198
02/04/2000,GSP,SC,ASO,ES,Towers with Radar,43,87,29,2,161,0,5,35,7,47,43,92,64,9,208,30,8,38,246
02/05/2000,GSP,SC,ASO,ES,Towers with Radar,31,57,19,2,109,4,12,4,1,21,35,69,23,3,130,4,0,4,134
02/06/2000,GSP,SC,ASO,ES,Towers with Radar,32,59,19,2,112,4,14,26,4,48,36,73,45,6,160,2,0,2,162
02/07/2000,GSP,SC,ASO,ES,Towers with Radar,42,82,27,0,151,0,9,29,0,38,42,91,56,0,189,24,0,24,213
02/08/2000,GSP,SC,ASO,ES,Towers with Radar,53,90,32,0,175,2,0,32,0,34,55,90,64,0,209,4,0,4,213
02/09/2000,GSP,SC,ASO,ES,Towers with Radar,47,95,32,2,176,0,6,6,3,15,47,101,38,5,191,22,10,32,223
02/10/2000,GSP,SC,ASO,ES,Towers with Radar,47,87,32,0,166,0,0,15,0,15,47,87,47,0,181,5,0,5,186
02/11/2000,GSP,SC,ASO,ES,Towers with Radar,42,85,28,2,157,0,11,8,0,19,42,96,36,2,176,2,0,2,178
02/12/2000,GSP,SC,ASO,ES,Towers with Radar,34,54,22,0,110,14,0,2,0,16,48,54,24,0,126,0,0,0,126
02/13/2000,GSP,SC,ASO,ES,Towers with Radar,28,52,14,0,94,6,4,0,0,10,34,56,14,0,104,0,0,0,104
02/14/2000,GSP,SC,ASO,ES,Towers with Radar,40,76,27,2,145,0,6,1,4,11,40,82,28,6,156,0,0,0,156
02/15/2000,GSP,SC,ASO,ES,Towers with Radar,53,85,36,0,174,0,0,25,0,25,53,85,61,0,199,0,0,0,199
02/16/2000,GSP,SC,ASO,ES,Towers with Radar,50,86,32,0,168,0,0,42,0,42,50,86,74,0,210,20,0,20,230
02/17/2000,GSP,SC,ASO,ES,Towers with Radar,47,91,33,0,171,0,0,23,0,23,47,91,56,0,194,2,0,2,196
02/18/2000,GSP,SC,ASO,ES,Towers with Radar,48,74,31,0,153,0,0,11,0,11,48,74,42,0,164,0,0,0,164
02/19/2000,GSP,SC,ASO,ES,Towers with Radar,36,57,22,0,115,2,0,18,0,20,38,57,40,0,135,8,0,8,143
02/20/2000,GSP,SC,ASO,ES,Towers with Radar,38,61,23,0,122,0,0,12,0,12,38,61,35,0,134,0,0,0,134
02/21/2000,GSP,SC,ASO,ES,Towers with Radar,46,81,28,0,155,2,6,25,0,33,48,87,53,0,188,0,0,0,188
02/22/2000,GSP,SC,ASO,ES,Towers with Radar,55,66,34,2,157,17,0,16,2,35,72,66,50,4,192,10,0,10,202
02/23/2000,GSP,SC,ASO,ES,Towers with Radar,54,89,33,1,177,0,0,29,0,29,54,89,62,1,206,10,0,10,216
02/24/2000,GSP,SC,ASO,ES,Towers with Radar,51,90,30,1,172,3,1,0,4,8,54,91,30,5,180,0,8,8,188
02/25/2000,GSP,SC,ASO,ES,Towers with Radar,46,89,31,1,167,0,13,35,3,51,46,102,66,4,218,0,0,0,218
02/26/2000,GSP,SC,ASO,ES,Towers with Radar,32,57,20,1,110,2,15,5,1,23,34,72,25,2,133,0,0,0,133
02/27/2000,GSP,SC,ASO,ES,Towers with Radar,35,64,19,1,119,0,0,0,1,1,35,64,19,2,120,0,0,0,120
02/28/2000,GSP,SC,ASO,ES,Towers with Radar,46,89,31,1,167,0,11,2,5,18,46,100,33,6,185,8,0,8,193
02/29/2000,GSP,SC,ASO,ES,Towers with Radar,49,89,30,0,168,0,8,16,0,24,49,97,46,0,192,4,0,4,196
03/01/2000,GSP,SC,ASO,ES,Towers with Radar,50,98,30,5,183,0,5,34,3,42,50,103,64,8,225,6,18,24,249
03/02/2000,GSP,SC,ASO,ES,Towers with Radar,55,98,31,3,187,0,0,24,0,24,55,98,55,3,211,0,0,0,211
03/03/2000,GSP,SC,ASO,ES,Towers with Radar,44,96,27,5,172,0,4,0,2,6,44,100,27,7,178,0,0,0,178
03/04/2000,GSP,SC,ASO,ES,Towers with Radar,36,58,19,1,114,12,0,3,0,15,48,58,22,1,129,0,0,0,129
03/05/2000,GSP,SC,ASO,ES,Towers with Radar,36,65,20,3,124,0,11,7,2,20,36,76,27,5,144,0,0,0,144
03/06/2000,GSP,SC,ASO,ES,Towers with Radar,44,85,26,0,155,0,14,5,0,19,44,99,31,0,174,0,0,0,174
03/07/2000,GSP,SC,ASO,ES,Towers with Radar,51,91,28,4,174,14,2,25,1,42,65,93,53,5,216,6,0,6,222
03/08/2000,GSP,SC,ASO,ES,Towers with Radar,49,90,27,2,168,0,12,35,0,47,49,102,62,2,215,24,0,24,239
03/09/2000,GSP,SC,ASO,ES,Towers with Radar,46,91,28,4,169,0,18,14,6,38,46,109,42,10,207,8,0,8,215
03/10/2000,GSP,SC,ASO,ES,Towers with Radar,52,81,29,5,167,2,0,30,8,40,54,81,59,13,207,24,16,40,247
03/11/2000,GSP,SC,ASO,ES,Towers with Radar,22,43,8,2,75,12,21,0,0,33,34,64,8,2,108,2,0,2,110
03/12/2000,GSP,SC,ASO,ES,Towers with Radar,36,75,17,3,131,0,2,0,4,6,36,77,17,7,137,12,0,12,149
03/13/2000,GSP,SC,ASO,ES,Towers with Radar,41,96,28,2,167,0,10,16,0,26,41,106,44,2,193,6,0,6,199
03/14/2000,GSP,SC,ASO,ES,Towers with Radar,49,99,31,2,181,0,0,39,0,39,49,99,70,2,220,22,0,22,242
03/15/2000,GSP,SC,ASO,ES,Towers with Radar,21,43,13,0,77,0,0,14,0,14,21,43,27,0,91,10,0,10,101
03/16/2000,GSP,SC,ASO,ES,Towers with Radar,49,95,42,1,187,0,0,3,0,3,49,95,45,1,190,0,0,0,190
03/17/2000,GSP,SC,ASO,ES,Towers with Radar,43,94,28,0,165,0,0,17,0,17,43,94,45,0,182,4,0,4,186
03/18/2000,GSP,SC,ASO,ES,Towers with Radar,34,72,10,0,116,0,0,12,0,12,34,72,22,0,128,5,0,5,133
03/19/2000,GSP,SC,ASO,ES,Towers with Radar,41,73,22,0,136,0,0,1,0,1,41,73,23,0,137,0,0,0,137
03/20/2000,GSP,SC,ASO,ES,Towers with Radar,43,92,33,1,169,0,0,3,0,3,43,92,36,1,172,0,0,0,172
03/21/2000,GSP,SC,ASO,ES,Towers with Radar,47,96,24,2,169,0,0,18,0,18,47,96,42,2,187,20,0,20,207
03/22/2000,GSP,SC,ASO,ES,Towers with Radar,73,71,53,5,202,0,0,28,0,28,73,71,81,5,230,24,4,28,258
03/23/2000,GSP,SC,ASO,ES,Towers with Radar,79,69,40,8,196,0,0,13,1,14,79,69,53,9,210,2,6,8,218
03/24/2000,GSP,SC,ASO,ES,Towers with Radar,56,91,39,12,198,0,0,16,0,16,56,91,55,12,214,0,12,12,226
03/25/2000,GSP,SC,ASO,ES,Towers with Radar,32,59,9,2,102,6,13,0,0,19,38,72,9,2,121,0,0,0,121
03/26/2000,GSP,SC,ASO,ES,Towers with Radar,32,75,16,0,123,0,0,21,0,21,32,75,37,0,144,0,0,0,144
03/27/2000,GSP,SC,ASO,ES,Towers with Radar,45,93,26,5,169,0,0,16,0,16,45,93,42,5,185,6,14,20,205
03/28/2000,GSP,SC,ASO,ES,Towers with Radar,51,96,32,10,189,0,0,8,0,8,51,96,40,10,197,10,6,16,213
03/29/2000,GSP,SC,ASO,ES,Towers with Radar,66,77,35,3,181,0,0,26,1,27,66,77,61,4,208,16,2,18,226
03/30/2000,GSP,SC,ASO,ES,Towers with Radar,49,99,34,5,187,0,0,12,3,15,49,99,46,8,202,12,10,22,224
03/31/2000,GSP,SC,ASO,ES,Towers with Radar,51,72,30,5,158,15,0,11,1,27,66,72,41,6,185,6,0,6,191
04/01/2000,GSP,SC,ASO,ES,Towers with Radar,33,66,25,4,128,1,2,20,0,23,34,68,45,4,151,4,10,14,165
04/02/2000,GSP,SC,ASO,ES,Towers with Radar,34,74,28,2,138,1,2,0,0,3,35,76,28,2,141,0,0,0,141
04/03/2000,GSP,SC,ASO,ES,Towers with Radar,44,78,34,0,156,0,8,11,0,19,44,86,45,0,175,0,0,0,175
04/04/2000,GSP,SC,ASO,ES,Towers with Radar,77,67,31,9,184,0,2,3,0,5,77,69,34,9,189,0,8,8,197
04/05/2000,GSP,SC,ASO,ES,Towers with Radar,50,99,44,1,194,0,2,34,0,36,50,101,78,1,230,16,0,16,246
04/06/2000,GSP,SC,ASO,ES,Towers with Radar,56,97,49,8,210,1,2,28,1,32,57,99,77,9,242,10,12,22,264
04/07/2000,GSP,SC,ASO,ES,Towers with Radar,59,85,31,4,179,1,2,22,0,25,60,87,53,4,204,0,0,0,204
04/08/2000,GSP,SC,ASO,ES,Towers with Radar,36,58,10,0,104,1,2,1,0,4,37,60,11,0,108,0,0,0,108
04/09/2000,GSP,SC,ASO,ES,Towers with Radar,34,63,28,2,127,0,4,25,0,29,34,67,53,2,156,0,0,0,156
04/10/2000,GSP,SC,ASO,ES,Towers with Radar,43,98,44,3,188,1,2,22,0,25,44,100,66,3,213,5,0,5,218
04/11/2000,GSP,SC,ASO,ES,Towers with Radar,69,80,48,3,200,1,1,23,0,25,70,81,71,3,225,4,20,24,249
04/12/2000,GSP,SC,ASO,ES,Towers with Radar,49,98,51,10,208,1,1,19,0,21,50,99,70,10,229,4,16,20,249
04/13/2000,GSP,SC,ASO,ES,Towers with Radar,67,76,41,0,184,7,0,0,0,7,74,76,41,0,191,0,0,0,191
04/14/2000,GSP,SC,ASO,ES,Towers with Radar,67,68,50,4,189,1,1,0,0,2,68,69,50,4,191,0,0,0,191
04/15/2000,GSP,SC,ASO,ES,Towers with Radar,56,54,29,3,142,1,1,1,0,3,57,55,30,3,145,2,0,2,147
04/16/2000,GSP,SC,ASO,ES,Towers with Radar,32,63,26,2,123,0,8,14,5,27,32,71,40,7,150,6,0,6,156
04/17/2000,GSP,SC,ASO,ES,Towers with Radar,44,93,36,4,177,1,1,1,0,3,45,94,37,4,180,6,0,6,186
04/18/2000,GSP,SC,ASO,ES,Towers with Radar,69,73,34,0,176,1,1,10,0,12,70,74,44,0,188,2,0,2,190
04/19/2000,GSP,SC,ASO,ES,Towers with Radar,57,91,37,2,187,1,1,22,0,24,58,92,59,2,211,8,18,26,237
04/20/2000,GSP,SC,ASO,ES,Towers with Radar,43,90,37,3,173,0,7,18,3,28,43,97,55,6,201,12,0,12,213
04/21/2000,GSP,SC,ASO,ES,Towers with Radar,36,90,14,0,140,1,1,10,0,12,37,91,24,0,152,4,0,4,156
04/22/2000,GSP,SC,ASO,ES,Towers with Radar,46,54,10,0,110,1,6,17,1,25,47,60,27,1,135,0,0,0,135
04/23/2000,GSP,SC,ASO,ES,Towers with Radar,34,76,18,8,136,1,1,7,0,9,35,77,25,8,145,4,0,4,149
04/24/2000,GSP,SC,ASO,ES,Towers with Radar,44,101,28,1,174,1,1,10,0,12,45,102,38,1,186,18,0,18,204
04/25/2000,GSP,SC,ASO,ES,Towers with Radar,56,86,56,5,203,1,1,5,0,7,57,87,61,5,210,2,0,2,212
04/26/2000,GSP,SC,ASO,ES,Towers with Radar,68,88,40,0,196,1,1,10,0,12,69,89,50,0,208,0,0,0,208
04/27/2000,GSP,SC,ASO,ES,Towers with Radar,68,75,43,4,190,11,0,34,12,57,79,75,77,16,247,14,26,40,287
04/28/2000,GSP,SC,ASO,ES,Towers with Radar,72,77,30,4,183,1,2,21,0,24,73,79,51,4,207,7,0,7,214
04/29/2000,GSP,SC,ASO,ES,Towers with Radar,49,49,13,0,111,1,1,5,0,7,50,50,18,0,118,2,0,2,120
04/30/2000,GSP,SC,ASO,ES,Towers with Radar,32,80,15,2,129,1,1,28,1,31,33,81,43,3,160,0,6,6,166
05/01/2000,GSP,SC,ASO,ES,Towers with Radar,48,95,39,4,186,1,0,15,0,16,49,95,54,4,202,6,0,6,208
05/02/2000,GSP,SC,ASO,ES,Towers with Radar,49,89,47,20,205,1,0,11,0,12,50,89,58,20,217,8,8,16,233
05/03/2000,GSP,SC,ASO,ES,Towers with Radar,48,111,51,0,210,1,0,6,0,7,49,111,57,0,217,6,0,6,223
05/04/2000,GSP,SC,ASO,ES,Towers with Radar,68,83,35,4,190,1,0,23,1,25,69,83,58,5,215,15,0,15,230
05/05/2000,GSP,SC,ASO,ES,Towers with Radar,62,88,39,7,196,1,0,37,15,53,63,88,76,22,249,6,0,6,255
05/06/2000,GSP,SC,ASO,ES,Towers with Radar,55,49,6,0,110,1,0,10,1,12,56,49,16,1,122,24,0,24,146
05/07/2000,GSP,SC,ASO,ES,Towers with Radar,35,69,24,1,129,0,11,16,5,32,35,80,40,6,161,0,0,0,161
05/08/2000,GSP,SC,ASO,ES,Towers with Radar,41,77,26,1,145,0,25,23,0,48,41,102,49,1,193,0,0,0,193
05/09/2000,GSP,SC,ASO,ES,Towers with Radar,63,84,31,6,184,2,0,40,1,43,65,84,71,7,227,11,12,23,250
05/10/2000,GSP,SC,ASO,ES,Towers with Radar,54,86,27,1,168,1,0,20,3,24,55,86,47,4,192,10,0,10,202
05/11/2000,GSP,SC,ASO,ES,Towers with Radar,47,102,44,2,195,1,0,41,0,42,48,102,85,2,237,8,0,8,245
05/12/2000,GSP,SC,ASO,ES,Towers with Radar,69,79,29,0,177,1,0,21,0,22,70,79,50,0,199,4,0,4,203
05/13/2000,GSP,SC,ASO,ES,Towers with Radar,44,51,3,0,98,1,1,6,0,8,45,52,9,0,106,0,0,0,106
05/14/2000,GSP,SC,ASO,ES,Towers with Radar,38,84,17,0,139,1,0,15,0,16,39,84,32,0,155,7,0,7,162
05/15/2000,GSP,SC,ASO,ES,Towers with Radar,36,109,28,2,175,1,0,20,0,21,37,109,48,2,196,10,0,10,206
05/16/2000,GSP,SC,ASO,ES,Towers with Radar,60,89,34,2,185,1,0,27,0,28,61,89,61,2,213,18,0,18,231
05/17/2000,GSP,SC,ASO,ES,Towers with Radar,67,83,32,0,182,0,0,12,2,14,67,83,44,2,196,8,0,8,204
05/18/2000,GSP,SC,ASO,ES,Towers with Radar,64,80,33,0,177,0,0,22,0,22,64,80,55,0,199,14,0,14,213
05/19/2000,GSP,SC,ASO,ES,Towers with Radar,55,81,37,12,185,0,0,26,2,28,55,81,63,14,213,4,6,10,223
05/20/2000,GSP,SC,ASO,ES,Towers with Radar,47,71,22,0,140,0,2,21,0,23,47,73,43,0,163,16,0,16,179
05/21/2000,GSP,SC,ASO,ES,Towers with Radar,39,81,18,2,140,0,0,6,0,6,39,81,24,2,146,0,0,0,146
05/22/2000,GSP,SC,ASO,ES,Towers with Radar,41,100,28,0,169,0,0,15,0,15,41,100,43,0,184,10,0,10,194
05/23/2000,GSP,SC,ASO,ES,Towers with Radar,58,93,39,0,190,0,0,6,0,6,58,93,45,0,196,0,0,0,196
05/24/2000,GSP,SC,ASO,ES,Towers with Radar,60,86,33,2,181,0,0,4,0,4,60,86,37,2,185,4,0,4,189
05/25/2000,GSP,SC,ASO,ES,Towers with Radar,63,76,24,0,163,0,0,14,1,15,63,76,38,1,178,10,0,10,188
05/26/2000,GSP,SC,ASO,ES,Towers with Radar,62,83,48,1,194,0,0,25,2,27,62,83,73,3,221,12,0,12,233
05/27/2000,GSP,SC,ASO,ES,Towers with Radar,32,67,8,0,107,0,0,6,6,12,32,67,14,6,119,0,0,0,119
05/28/2000,GSP,SC,ASO,ES,Towers with Radar,31,64,5,0,100,0,0,2,0,2,31,64,7,0,102,0,0,0,102
05/29/2000,GSP,SC,ASO,ES,Towers with Radar,37,80,18,0,135,0,0,15,0,15,37,80,33,0,150,0,0,0,150
05/30/2000,GSP,SC,ASO,ES,Towers with Radar,77,69,34,1,181,1,0,22,0,23,78,69,56,1,204,4,0,4,208
05/31/2000,GSP,SC,ASO,ES,Towers with Radar,69,79,43,2,193,0,0,24,1,25,69,79,67,3,218,26,0,26,244
06/01/2000,GSP,SC,ASO,ES,Towers with Radar,55,101,38,0,194,0,0,26,0,26,55,101,64,0,220,8,0,8,228
06/02/2000,GSP,SC,ASO,ES,Towers with Radar,45,96,46,0,187,1,1,18,3,23,46,97,64,3,210,6,0,6,216
06/03/2000,GSP,SC,ASO,ES,Towers with Radar,34,67,15,0,116,0,0,12,0,12,34,67,27,0,128,10,0,10,138
06/04/2000,GSP,SC,ASO,ES,Towers with Radar,35,81,15,1,132,0,0,2,1,3,35,81,17,2,135,0,0,0,135
06/05/2000,GSP,SC,ASO,ES,Towers with Radar,43,99,44,4,190,0,0,3,0,3,43,99,47,4,193,0,0,0,193
06/06/2000,GSP,SC,ASO,ES,Towers with Radar,49,92,28,3,172,0,0,13,2,15,49,92,41,5,187,12,10,22,209
06/07/2000,GSP,SC,ASO,ES,Towers with Radar,53,104,41,0,198,0,0,29,1,30,53,104,70,1,228,10,2,12,240
06/08/2000,GSP,SC,ASO,ES,Towers with Radar,44,107,48,1,200,0,0,23,1,24,44,107,71,2,224,0,0,0,224
06/09/2000,GSP,SC,ASO,ES,Towers with Radar,45,108,32,8,193,0,0,25,0,25,45,108,57,8,218,14,0,14,232
06/10/2000,GSP,SC,ASO,ES,Towers with Radar,36,69,11,0,116,0,0,23,0,23,36,69,34,0,139,0,0,0,139
06/11/2000,GSP,SC,ASO,ES,Towers with Radar,36,77,17,6,136,0,0,20,0,20,36,77,37,6,156,2,0,2,158
06/12/2000,GSP,SC,ASO,ES,Towers with Radar,47,98,20,3,168,0,1,9,0,10,47,99,29,3,178,6,0,6,184
06/13/2000,GSP,SC,ASO,ES,Towers with Radar,41,104,29,0,174,0,0,24,1,25,41,104,53,1,199,14,0,14,213
06/14/2000,GSP,SC,ASO,ES,Towers with Radar,47,102,35,2,186,0,0,16,2,18,47,102,51,4,204,2,0,2,206
06/15/2000,GSP,SC,ASO,ES,Towers with Radar,46,107,35,2,190,0,1,21,2,24,46,108,56,4,214,8,0,8,222
06/16/2000,GSP,SC,ASO,ES,Towers with Radar,46,94,50,2,192,0,0,8,0,8,46,94,58,2,200,8,0,8,208
06/17/2000,GSP,SC,ASO,ES,Towers with Radar,32,55,9,0,96,0,3,6,0,9,32,58,15,0,105,0,0,0,105
06/18/2000,GSP,SC,ASO,ES,Towers with Radar,37,77,16,5,135,0,0,5,0,5,37,77,21,5,140,0,0,0,140
06/19/2000,GSP,SC,ASO,ES,Towers with Radar,39,95,36,5,175,0,0,20,0,20,39,95,56,5,195,0,0,0,195
06/20/2000,GSP,SC,ASO,ES,Towers with Radar,53,95,57,0,205,0,0,7,0,7,53,95,64,0,212,0,0,0,212
06/21/2000,GSP,SC,ASO,ES,Towers with Radar,50,98,42,3,193,0,0,10,0,10,50,98,52,3,203,6,0,6,209
06/22/2000,GSP,SC,ASO,ES,Towers with Radar,55,112,50,21,238,0,1,11,0,12,55,113,61,21,250,4,18,22,272
06/23/2000,GSP,SC,ASO,ES,Towers with Radar,45,103,42,2,192,0,0,13,2,15,45,103,55,4,207,2,0,2,209
06/24/2000,GSP,SC,ASO,ES,Towers with Radar,37,73,10,0,120,0,0,7,0,7,37,73,17,0,127,8,0,8,135
06/25/2000,GSP,SC,ASO,ES,Towers with Radar,36,76,20,2,134,0,0,18,0,18,36,76,38,2,152,0,0,0,152
06/26/2000,GSP,SC,ASO,ES,Towers with Radar,44,90,32,4,170,0,0,20,2,22,44,90,52,6,192,14,6,20,212
06/27/2000,GSP,SC,ASO,ES,Towers with Radar,42,107,45,2,196,0,1,21,0,22,42,108,66,2,218,4,0,4,222
06/28/2000,GSP,SC,ASO,ES,Towers with Radar,50,106,41,4,201,0,0,7,0,7,50,106,48,4,208,12,2,14,222
06/29/2000,GSP,SC,ASO,ES,Towers with Radar,49,104,34,1,188,0,0,7,0,7,49,104,41,1,195,1,0,1,196
06/30/2000,GSP,SC,ASO,ES,Towers with Radar,42,103,23,4,172,0,0,5,0,5,42,103,28,4,177,0,0,0,177
07/01/2000,GSP,SC,ASO,ES,Towers with Radar,35,72,6,0,113,0,0,12,0,12,35,72,18,0,125,4,0,4,129
07/02/2000,GSP,SC,ASO,ES,Towers with Radar,35,65,7,4,111,0,0,9,1,10,35,65,16,5,121,0,6,6,127
07/03/2000,GSP,SC,ASO,ES,Towers with Radar,30,60,17,0,107,9,6,8,0,23,39,66,25,0,130,3,0,3,133
07/04/2000,GSP,SC,ASO,ES,Towers with Radar,32,75,10,0,117,0,0,5,0,5,32,75,15,0,122,6,0,6,128
07/05/2000,GSP,SC,ASO,ES,Towers with Radar,40,96,28,0,164,0,0,9,2,11,40,96,37,2,175,4,0,4,179
07/06/2000,GSP,SC,ASO,ES,Towers with Radar,47,111,26,4,188,0,1,21,5,27,47,112,47,9,215,4,8,12,227
07/07/2000,GSP,SC,ASO,ES,Towers with Radar,45,99,33,7,184,0,9,10,0,19,45,108,43,7,203,16,0,16,219
07/08/2000,GSP,SC,ASO,ES,Towers with Radar,38,70,8,0,116,0,0,21,0,21,38,70,29,0,137,0,0,0,137
07/09/2000,GSP,SC,ASO,ES,Towers with Radar,41,74,8,6,129,0,0,21,0,21,41,74,29,6,150,0,0,0,150
07/10/2000,GSP,SC,ASO,ES,Towers with Radar,40,93,33,0,166,0,0,15,0,15,40,93,48,0,181,0,0,0,181
07/11/2000,GSP,SC,ASO,ES,Towers with Radar,61,86,24,4,175,0,0,23,0,23,61,86,47,4,198,32,2,34,232
07/12/2000,GSP,SC,ASO,ES,Towers with Radar,49,109,41,3,202,0,0,15,3,18,49,109,56,6,220,0,0,0,220
07/13/2000,GSP,SC,ASO,ES,Towers with Radar,48,109,30,3,190,0,0,1,1,2,48,109,31,4,192,0,0,0,192
07/14/2000,GSP,SC,ASO,ES,Towers with Radar,39,102,30,6,177,0,0,19,4,23,39,102,49,10,200,5,0,5,205
07/15/2000,GSP,SC,ASO,ES,Towers with Radar,32,79,6,2,119,0,0,13,0,13,32,79,19,2,132,6,0,6,138
07/16/2000,GSP,SC,ASO,ES,Towers with Radar,39,73,9,2,123,0,0,11,0,11,39,73,20,2,134,8,0,8,142
07/17/2000,GSP,SC,ASO,ES,Towers with Radar,43,105,32,3,183,0,0,14,0,14,43,105,46,3,197,8,0,8,205
07/18/2000,GSP,SC,ASO,ES,Towers with Radar,47,97,27,2,173,14,8,23,7,52,61,105,50,9,225,4,18,22,247
07/19/2000,GSP,SC,ASO,ES,Towers with Radar,51,109,50,0,210,0,0,15,0,15,51,109,65,0,225,22,0,22,247
07/20/2000,GSP,SC,ASO,ES,Towers with Radar,46,111,45,0,202,0,0,24,0,24,46,111,69,0,226,0,0,0,226
07/21/2000,GSP,SC,ASO,ES,Towers with Radar,49,111,43,2,205,0,0,11,0,11,49,111,54,2,216,8,0,8,224
07/22/2000,GSP,SC,ASO,ES,Towers with Radar,35,68,16,0,119,0,0,10,0,10,35,68,26,0,129,4,0,4,133
07/23/2000,GSP,SC,ASO,ES,Towers with Radar,41,90,21,0,152,0,0,3,0,3,41,90,24,0,155,0,0,0,155
07/24/2000,GSP,SC,ASO,ES,Towers with Radar,46,103,37,3,189,0,0,0,0,0,46,103,37,3,189,0,0,0,189
07/25/2000,GSP,SC,ASO,ES,Towers with Radar,56,113,49,0,218,0,0,2,0,2,56,113,51,0,220,0,0,0,220
07/26/2000,GSP,SC,ASO,ES,Towers with Radar,51,111,33,0,195,0,0,13,0,13,51,111,46,0,208,0,0,0,208
07/27/2000,GSP,SC,ASO,ES,Towers with Radar,49,106,44,2,201,0,0,19,0,19,49,106,63,2,220,20,0,20,240
07/28/2000,GSP,SC,ASO,ES,Towers with Radar,39,89,29,7,164,0,0,11,0,11,39,89,40,7,175,0,0,0,175
07/29/2000,GSP,SC,ASO,ES,Towers with Radar,47,70,14,1,132,0,10,9,0,19,47,80,23,1,151,5,1,6,157
07/30/2000,GSP,SC,ASO,ES,Towers with Radar,38,79,9,4,130,0,0,7,0,7,38,79,16,4,137,0,0,0,137
07/31/2000,GSP,SC,ASO,ES,Towers with Radar,40,102,33,0,175,0,0,8,0,8,40,102,41,0,183,4,0,4,187
08/01/2000,GSP,SC,ASO,ES,Towers with Radar,50,106,20,4,180,0,0,11,1,12,50,106,31,5,192,4,0,4,196
08/02/2000,GSP,SC,ASO,ES,Towers with Radar,44,109,29,0,182,0,1,4,0,5,44,110,33,0,187,2,0,2,189
08/03/2000,GSP,SC,ASO,ES,Towers with Radar,49,101,47,29,226,0,0,5,1,6,49,101,52,30,232,8,30,38,270
08/04/2000,GSP,SC,ASO,ES,Towers with Radar,44,100,29,12,185,0,0,7,1,8,44,100,36,13,193,0,0,0,193
08/05/2000,GSP,SC,ASO,ES,Towers with Radar,37,65,15,2,119,0,0,8,0,8,37,65,23,2,127,18,0,18,145
08/06/2000,GSP,SC,ASO,ES,Towers with Radar,40,80,25,4,149,0,0,9,1,10,40,80,34,5,159,0,0,0,159
08/07/2000,GSP,SC,ASO,ES,Towers with Radar,41,105,31,0,177,0,0,4,0,4,41,105,35,0,181,6,0,6,187
08/08/2000,GSP,SC,ASO,ES,Towers with Radar,68,101,37,4,210,0,0,15,0,15,68,101,52,4,225,0,0,0,225
08/09/2000,GSP,SC,ASO,ES,Towers with Radar,47,104,45,7,203,0,0,16,0,16,47,104,61,7,219,16,4,20,239
08/10/2000,GSP,SC,ASO,ES,Towers with Radar,51,102,29,1,183,0,0,11,2,13,51,102,40,3,196,0,0,0,196
08/11/2000,GSP,SC,ASO,ES,Towers with Radar,52,103,33,10,198,0,0,9,2,11,52,103,42,12,209,0,0,0,209
08/12/2000,GSP,SC,ASO,ES,Towers with Radar,31,73,5,3,112,0,0,12,0,12,31,73,17,3,124,0,0,0,124
08/13/2000,GSP,SC,ASO,ES,Towers with Radar,38,81,19,4,142,0,0,21,0,21,38,81,40,4,163,0,0,0,163
08/14/2000,GSP,SC,ASO,ES,Towers with Radar,47,108,15,8,178,0,0,11,2,13,47,108,26,10,191,3,8,11,202
08/15/2000,GSP,SC,ASO,ES,Towers with Radar,46,102,29,2,179,2,2,19,0,23,48,104,48,2,202,12,0,12,214
08/16/2000,GSP,SC,ASO,ES,Towers with Radar,61,100,23,7,191,0,0,25,0,25,61,100,48,7,216,8,14,22,238
08/17/2000,GSP,SC,ASO,ES,Towers with Radar,43,116,29,7,195,0,0,29,0,29,43,116,58,7,224,6,4,10,234
08/18/2000,GSP,SC,ASO,ES,Towers with Radar,46,109,33,11,199,0,0,15,3,18,46,109,48,14,217,18,7,25,242
08/19/2000,GSP,SC,ASO,ES,Towers with Radar,35,74,14,0,123,0,0,17,0,17,35,74,31,0,140,13,0,13,153
08/20/2000,GSP,SC,ASO,ES,Towers with Radar,39,83,13,0,135,0,0,16,1,17,39,83,29,1,152,0,0,0,152
08/21/2000,GSP,SC,ASO,ES,Towers with Radar,44,112,19,2,177,0,0,14,2,16,44,112,33,4,193,0,0,0,193
08/22/2000,GSP,SC,ASO,ES,Towers with Radar,53,131,39,2,225,0,0,18,2,20,53,131,57,4,245,8,0,8,253
08/23/2000,GSP,SC,ASO,ES,Towers with Radar,46,128,57,0,231,0,0,28,2,30,46,128,85,2,261,0,0,0,261
08/24/2000,GSP,SC,ASO,ES,Towers with Radar,53,118,40,0,211,0,0,19,0,19,53,118,59,0,230,2,0,2,232
08/25/2000,GSP,SC,ASO,ES,Towers with Radar,47,110,32,13,202,0,0,14,3,17,47,110,46,16,219,0,6,6,225
08/26/2000,GSP,SC,ASO,ES,Towers with Radar,35,84,32,1,152,0,0,11,0,11,35,84,43,1,163,14,0,14,177
08/27/2000,GSP,SC,ASO,ES,Towers with Radar,37,81,12,0,130,0,0,6,0,6,37,81,18,0,136,4,0,4,140
08/28/2000,GSP,SC,ASO,ES,Towers with Radar,45,104,28,0,177,0,0,17,1,18,45,104,45,1,195,8,0,8,203
08/29/2000,GSP,SC,ASO,ES,Towers with Radar,52,123,31,18,224,0,0,7,2,9,52,123,38,20,233,4,48,52,285
08/30/2000,GSP,SC,ASO,ES,Towers with Radar,48,110,45,2,205,0,0,9,0,9,48,110,54,2,214,10,0,10,224
08/31/2000,GSP,SC,ASO,ES,Towers with Radar,47,119,43,0,209,0,2,5,0,7,47,121,48,0,216,4,0,4,220
09/01/2000,GSP,SC,ASO,ES,Towers with Radar,43,116,29,6,194,0,0,14,0,14,43,116,43,6,208,6,0,6,214
09/02/2000,GSP,SC,ASO,ES,Towers with Radar,31,73,12,2,118,0,0,7,0,7,31,73,19,2,125,6,0,6,131
09/03/2000,GSP,SC,ASO,ES,Towers with Radar,29,70,11,0,110,0,0,3,0,3,29,70,14,0,113,0,0,0,113
09/04/2000,GSP,SC,ASO,ES,Towers with Radar,35,86,16,0,137,3,5,0,0,8,38,91,16,0,145,0,0,0,145
09/05/2000,GSP,SC,ASO,ES,Towers with Radar,45,125,43,10,223,0,0,5,0,5,45,125,48,10,228,26,20,46,274
09/06/2000,GSP,SC,ASO,ES,Towers with Radar,50,124,32,2,208,0,0,5,0,5,50,124,37,2,213,4,0,4,217
09/07/2000,GSP,SC,ASO,ES,Towers with Radar,46,128,44,1,219,0,0,4,1,5,46,128,48,2,224,7,0,7,231
09/08/2000,GSP,SC,ASO,ES,Towers with Radar,50,123,41,11,225,0,0,7,3,10,50,123,48,14,235,0,0,0,235
09/09/2000,GSP,SC,ASO,ES,Towers with Radar,38,95,18,0,151,0,2,19,1,22,38,97,37,1,173,16,2,18,191
09/10/2000,GSP,SC,ASO,ES,Towers with Radar,37,94,28,5,164,0,0,12,4,16,37,94,40,9,180,4,0,4,184
09/11/2000,GSP,SC,ASO,ES,Towers with Radar,47,110,36,0,193,0,0,16,2,18,47,110,52,2,211,2,0,2,213
09/12/2000,GSP,SC,ASO,ES,Towers with Radar,47,124,31,16,218,0,2,14,2,18,47,126,45,18,236,8,28,36,272
09/13/2000,GSP,SC,ASO,ES,Towers with Radar,47,129,38,10,224,0,0,22,0,22,47,129,60,10,246,0,0,0,246
09/14/2000,GSP,SC,ASO,ES,Towers with Radar,51,122,26,9,208,0,0,21,0,21,51,122,47,9,229,0,6,6,235
09/15/2000,GSP,SC,ASO,ES,Towers with Radar,48,120,26,4,198,0,0,21,0,21,48,120,47,4,219,3,0,3,222
09/16/2000,GSP,SC,ASO,ES,Towers with Radar,36,94,9,0,139,0,0,13,0,13,36,94,22,0,152,0,0,0,152
09/17/2000,GSP,SC,ASO,ES,Towers with Radar,36,93,9,6,144,0,0,30,0,30,36,93,39,6,174,0,0,0,174
09/18/2000,GSP,SC,ASO,ES,Towers with Radar,45,132,27,0,204,0,0,2,0,2,45,132,29,0,206,0,0,0,206
09/19/2000,GSP,SC,ASO,ES,Towers with Radar,42,123,55,4,224,0,0,17,0,17,42,123,72,4,241,8,14,22,263
09/20/2000,GSP,SC,ASO,ES,Towers with Radar,50,121,45,8,224,0,0,18,0,18,50,121,63,8,242,6,14,20,262
09/21/2000,GSP,SC,ASO,ES,Towers with Radar,45,121,39,13,218,0,0,5,0,5,45,121,44,13,223,0,16,16,239
09/22/2000,GSP,SC,ASO,ES,Towers with Radar,48,122,35,0,205,0,0,5,0,5,48,122,40,0,210,6,0,6,216
09/23/2000,GSP,SC,ASO,ES,Towers with Radar,35,85,14,5,139,0,0,13,0,13,35,85,27,5,152,0,0,0,152
09/24/2000,GSP,SC,ASO,ES,Towers with Radar,36,91,18,0,145,0,0,8,0,8,36,91,26,0,153,0,0,0,153
09/25/2000,GSP,SC,ASO,ES,Towers with Radar,47,115,32,1,195,0,0,2,0,2,47,115,34,1,197,0,0,0,197
09/26/2000,GSP,SC,ASO,ES,Towers with Radar,51,127,36,4,218,0,0,17,1,18,51,127,53,5,236,14,14,28,264
09/27/2000,GSP,SC,ASO,ES,Towers with Radar,47,133,32,0,212,0,0,23,0,23,47,133,55,0,235,16,0,16,251
09/28/2000,GSP,SC,ASO,ES,Towers with Radar,51,130,18,5,204,0,0,31,5,36,51,130,49,10,240,0,16,16,256
09/29/2000,GSP,SC,ASO,ES,Towers with Radar,52,133,37,0,222,0,0,23,3,26,52,133,60,3,248,18,0,18,266
09/30/2000,GSP,SC,ASO,ES,Towers with Radar,39,83,13,2,137,0,0,18,0,18,39,83,31,2,155,1,0,1,156
10/01/2000,GSP,SC,ASO,ES,Towers with Radar,35,93,19,0,147,1,0,14,1,16,36,93,33,1,163,0,0,0,163
10/02/2000,GSP,SC,ASO,ES,Towers with Radar,42,118,31,1,192,0,0,24,1,25,42,118,55,2,217,8,0,8,225
10/03/2000,GSP,SC,ASO,ES,Towers with Radar,50,127,34,0,211,1,0,36,1,38,51,127,70,1,249,22,0,22,271
10/04/2000,GSP,SC,ASO,ES,Towers with Radar,56,124,36,8,224,0,0,13,1,14,56,124,49,9,238,0,20,20,258
10/05/2000,GSP,SC,ASO,ES,Towers with Radar,47,145,38,18,248,0,0,18,1,19,47,145,56,19,267,14,12,26,293
10/06/2000,GSP,SC,ASO,ES,Towers with Radar,46,119,43,1,209,0,0,36,1,37,46,119,79,2,246,8,0,8,254
10/07/2000,GSP,SC,ASO,ES,Towers with Radar,38,96,16,0,150,0,0,10,0,10,38,96,26,0,160,0,0,0,160
10/08/2000,GSP,SC,ASO,ES,Towers with Radar,38,89,11,0,138,0,0,10,0,10,38,89,21,0,148,4,0,4,152
10/09/2000,GSP,SC,ASO,ES,Towers with Radar,41,100,24,1,166,4,8,0,0,12,45,108,24,1,178,0,0,0,178
10/10/2000,GSP,SC,ASO,ES,Towers with Radar,48,123,32,12,215,0,0,15,1,16,48,123,47,13,231,3,18,21,252
10/11/2000,GSP,SC,ASO,ES,Towers with Radar,54,121,36,5,216,0,0,25,4,29,54,121,61,9,245,10,24,34,279
10/12/2000,GSP,SC,ASO,ES,Towers with Radar,48,135,20,0,203,0,0,16,0,16,48,135,36,0,219,6,0,6,225
10/13/2000,GSP,SC,ASO,ES,Towers with Radar,50,121,43,9,223,0,0,16,1,17,50,121,59,10,240,2,2,4,244
10/14/2000,GSP,SC,ASO,ES,Towers with Radar,39,85,8,2,134,0,0,14,0,14,39,85,22,2,148,0,0,0,148
10/15/2000,GSP,SC,ASO,ES,Towers with Radar,41,98,18,1,158,0,0,14,0,14,41,98,32,1,172,0,0,0,172
10/16/2000,GSP,SC,ASO,ES,Towers with Radar,43,110,21,4,178,0,0,10,0,10,43,110,31,4,188,1,0,1,189
10/17/2000,GSP,SC,ASO,ES,Towers with Radar,55,122,32,0,209,0,0,20,0,20,55,122,52,0,229,10,0,10,239
10/18/2000,GSP,SC,ASO,ES,Towers with Radar,48,131,32,2,213,0,0,24,0,24,48,131,56,2,237,6,0,6,243
10/19/2000,GSP,SC,ASO,ES,Towers with Radar,51,129,31,4,215,0,0,15,0,15,51,129,46,4,230,18,0,18,248
10/20/2000,GSP,SC,ASO,ES,Towers with Radar,55,126,29,11,221,0,0,13,2,15,55,126,42,13,236,6,0,6,242
10/21/2000,GSP,SC,ASO,ES,Towers with Radar,33,83,5,0,121,0,0,16,0,16,33,83,21,0,137,4,0,4,141
10/22/2000,GSP,SC,ASO,ES,Towers with Radar,37,96,22,11,166,0,0,10,0,10,37,96,32,11,176,0,0,0,176
10/23/2000,GSP,SC,ASO,ES,Towers with Radar,47,117,26,8,198,0,0,23,1,24,47,117,49,9,222,12,10,22,244
10/24/2000,GSP,SC,ASO,ES,Towers with Radar,46,125,29,0,200,0,0,22,0,22,46,125,51,0,222,0,0,0,222
10/25/2000,GSP,SC,ASO,ES,Towers with Radar,54,119,35,0,208,0,0,6,0,6,54,119,41,0,214,3,0,3,217
10/26/2000,GSP,SC,ASO,ES,Towers with Radar,47,133,31,0,211,0,0,15,0,15,47,133,46,0,226,4,0,4,230
10/27/2000,GSP,SC,ASO,ES,Towers with Radar,48,118,31,4,201,0,0,11,0,11,48,118,42,4,212,0,0,0,212
10/28/2000,GSP,SC,ASO,ES,Towers with Radar,33,82,14,5,134,0,0,12,0,12,33,82,26,5,146,0,0,0,146
10/29/2000,GSP,SC,ASO,ES,Towers with Radar,41,100,26,4,171,0,0,17,2,19,41,100,43,6,190,0,6,6,196
10/30/2000,GSP,SC,ASO,ES,Towers with Radar,49,120,43,0,212,0,0,15,0,15,49,120,58,0,227,0,0,0,227
10/31/2000,GSP,SC,ASO,ES,Towers with Radar,45,115,32,0,192,0,0,11,0,11,45,115,43,0,203,0,0,0,203
11/01/2000,GSP,SC,ASO,ES,Towers with Radar,54,127,53,2,236,0,0,30,2,32,54,127,83,4,268,16,0,16,284
11/02/2000,GSP,SC,ASO,ES,Towers with Radar,48,123,54,0,225,0,0,21,1,22,48,123,75,1,247,10,4,14,261
11/03/2000,GSP,SC,ASO,ES,Towers with Radar,55,107,31,9,202,0,0,10,1,11,55,107,41,10,213,0,0,0,213
11/04/2000,GSP,SC,ASO,ES,Towers with Radar,37,82,22,0,141,0,0,1,1,2,37,82,23,1,143,0,0,0,143
11/05/2000,GSP,SC,ASO,ES,Towers with Radar,35,94,15,2,146,0,0,8,0,8,35,94,23,2,154,0,0,0,154
11/06/2000,GSP,SC,ASO,ES,Towers with Radar,45,108,30,4,187,0,0,7,0,7,45,108,37,4,194,2,0,2,196
11/07/2000,GSP,SC,ASO,ES,Towers with Radar,65,112,51,2,230,0,0,0,0,0,65,112,51,2,230,0,0,0,230
11/08/2000,GSP,SC,ASO,ES,Towers with Radar,42,123,39,3,207,0,0,2,0,2,42,123,41,3,209,0,0,0,209
11/09/2000,GSP,SC,ASO,ES,Towers with Radar,41,101,27,1,170,5,17,17,0,39,46,118,44,1,209,0,0,0,209
11/10/2000,GSP,SC,ASO,ES,Towers with Radar,48,114,38,2,202,0,0,19,0,19,48,114,57,2,221,20,0,20,241
11/11/2000,GSP,SC,ASO,ES,Towers with Radar,36,91,17,0,144,0,3,13,0,16,36,94,30,0,160,0,0,0,160
11/12/2000,GSP,SC,ASO,ES,Towers with Radar,37,99,15,2,153,0,0,17,0,17,37,99,32,2,170,0,0,0,170
11/13/2000,GSP,SC,ASO,ES,Towers with Radar,43,110,29,2,184,0,7,7,0,14,43,117,36,2,198,10,0,10,208
11/14/2000,GSP,SC,ASO,ES,Towers with Radar,50,126,24,10,210,0,0,4,1,5,50,126,28,11,215,0,30,30,245
11/15/2000,GSP,SC,ASO,ES,Towers with Radar,49,132,48,4,233,0,0,16,1,17,49,132,64,5,250,8,0,8,258
11/16/2000,GSP,SC,ASO,ES,Towers with Radar,49,122,38,8,217,0,0,6,0,6,49,122,44,8,223,0,2,2,225
11/17/2000,GSP,SC,ASO,ES,Towers with Radar,46,122,28,4,200,0,0,9,2,11,46,122,37,6,211,8,0,8,219
11/18/2000,GSP,SC,ASO,ES,Towers with Radar,38,93,7,0,138,0,0,14,4,18,38,93,21,4,156,0,0,0,156
11/19/2000,GSP,SC,ASO,ES,Towers with Radar,33,98,10,1,142,0,0,0,0,0,33,98,10,1,142,0,0,0,142
11/20/2000,GSP,SC,ASO,ES,Towers with Radar,43,124,33,10,210,0,0,15,0,15,43,124,48,10,225,0,0,0,225
11/21/2000,GSP,SC,ASO,ES,Towers with Radar,47,120,30,0,197,0,0,16,2,18,47,120,46,2,215,0,0,0,215
11/22/2000,GSP,SC,ASO,ES,Towers with Radar,46,127,26,8,207,0,0,11,4,15,46,127,37,12,222,0,0,0,222
11/23/2000,GSP,SC,ASO,ES,Towers with Radar,38,85,7,1,131,0,0,8,0,8,38,85,15,1,139,0,0,0,139
11/24/2000,GSP,SC,ASO,ES,Towers with Radar,34,71,13,0,118,0,0,7,0,7,34,71,20,0,125,3,0,3,128
11/25/2000,GSP,SC,ASO,ES,Towers with Radar,34,96,12,0,142,0,0,0,0,0,34,96,12,0,142,0,0,0,142
11/26/2000,GSP,SC,ASO,ES,Towers with Radar,35,106,32,1,174,0,0,0,0,0,35,106,32,1,174,0,0,0,174
11/27/2000,GSP,SC,ASO,ES,Towers with Radar,41,103,28,3,175,4,24,12,9,49,45,127,40,12,224,2,10,12,236
11/28/2000,GSP,SC,ASO,ES,Towers with Radar,48,122,47,2,219,0,0,15,1,16,48,122,62,3,235,0,0,0,235
11/29/2000,GSP,SC,ASO,ES,Towers with Radar,51,116,22,13,202,0,0,7,0,7,51,116,29,13,209,0,0,0,209
11/30/2000,GSP,SC,ASO,ES,Towers with Radar,49,120,45,22,236,0,0,13,0,13,49,120,58,22,249,0,0,0,249
12/01/2000,GSP,SC,ASO,ES,Towers with Radar,50,119,31,20,220,0,1,13,2,16,50,120,44,22,236,6,26,32,268
12/02/2000,GSP,SC,ASO,ES,Towers with Radar,32,88,9,0,129,0,1,5,1,7,32,89,14,1,136,0,0,0,136
12/03/2000,GSP,SC,ASO,ES,Towers with Radar,27,94,15,2,138,0,1,4,1,6,27,95,19,3,144,4,0,4,148
12/04/2000,GSP,SC,ASO,ES,Towers with Radar,47,132,28,0,207,0,0,16,0,16,47,132,44,0,223,2,0,2,225
12/05/2000,GSP,SC,ASO,ES,Towers with Radar,50,112,27,3,192,6,0,19,0,25,56,112,46,3,217,0,0,0,217
12/06/2000,GSP,SC,ASO,ES,Towers with Radar,50,125,27,9,211,0,1,12,0,13,50,126,39,9,224,0,10,10,234
12/07/2000,GSP,SC,ASO,ES,Towers with Radar,53,125,40,17,235,3,1,19,1,24,56,126,59,18,259,28,24,52,311
12/08/2000,GSP,SC,ASO,ES,Towers with Radar,51,119,17,5,192,0,1,12,0,13,51,120,29,5,205,0,0,0,205
12/09/2000,GSP,SC,ASO,ES,Towers with Radar,33,86,12,0,131,0,1,19,0,20,33,87,31,0,151,8,0,8,159
12/10/2000,GSP,SC,ASO,ES,Towers with Radar,32,99,12,4,147,0,1,2,0,3,32,100,14,4,150,0,0,0,150
12/11/2000,GSP,SC,ASO,ES,Towers with Radar,35,111,43,8,197,0,1,10,1,12,35,112,53,9,209,14,0,14,223
12/12/2000,GSP,SC,ASO,ES,Towers with Radar,46,119,32,7,204,0,1,10,3,14,46,120,42,10,218,0,4,4,222
12/13/2000,GSP,SC,ASO,ES,Towers with Radar,45,90,42,10,187,1,1,12,1,15,46,91,54,11,202,16,4,20,222
12/14/2000,GSP,SC,ASO,ES,Towers with Radar,44,117,43,6,210,0,1,4,0,5,44,118,47,6,215,12,0,12,227
12/15/2000,GSP,SC,ASO,ES,Towers with Radar,50,111,37,5,203,0,1,8,2,11,50,112,45,7,214,0,0,0,214
12/16/2000,GSP,SC,ASO,ES,Towers with Radar,33,73,6,0,112,0,1,0,0,1,33,74,6,0,113,0,0,0,113
12/17/2000,GSP,SC,ASO,ES,Towers with Radar,31,82,6,0,119,0,1,5,0,6,31,83,11,0,125,0,0,0,125
12/18/2000,GSP,SC,ASO,ES,Towers with Radar,39,110,21,12,182,0,1,26,1,28,39,111,47,13,210,6,14,20,230
12/19/2000,GSP,SC,ASO,ES,Towers with Radar,43,117,23,0,183,0,1,5,0,6,43,118,28,0,189,0,0,0,189
12/20/2000,GSP,SC,ASO,ES,Towers with Radar,57,115,21,0,193,0,1,16,0,17,57,116,37,0,210,0,0,0,210
12/21/2000,GSP,SC,ASO,ES,Towers with Radar,38,124,19,0,181,0,1,7,0,8,38,125,26,0,189,0,0,0,189
12/22/2000,GSP,SC,ASO,ES,Towers with Radar,43,96,22,0,161,0,1,18,0,19,43,97,40,0,180,1,0,1,181
12/23/2000,GSP,SC,ASO,ES,Towers with Radar,35,83,7,5,130,0,1,8,0,9,35,84,15,5,139,0,6,6,145
12/24/2000,GSP,SC,ASO,ES,Towers with Radar,25,76,5,0,106,0,1,8,0,9,25,77,13,0,115,0,0,0,115
12/25/2000,GSP,SC,ASO,ES,Towers with Radar,26,84,2,0,112,0,0,4,0,4,26,84,6,0,116,0,0,0,116
12/26/2000,GSP,SC,ASO,ES,Towers with Radar,30,112,25,0,167,0,0,5,0,5,30,112,30,0,172,0,0,0,172
12/27/2000,GSP,SC,ASO,ES,Towers with Radar,38,116,20,0,174,0,0,0,0,0,38,116,20,0,174,0,0,0,174
12/28/2000,GSP,SC,ASO,ES,Towers with Radar,42,119,15,0,176,0,0,13,0,13,42,119,28,0,189,2,0,2,191
12/29/2000,GSP,SC,ASO,ES,Towers with Radar,34,119,11,0,164,0,0,14,0,14,34,119,25,0,178,0,0,0,178
12/30/2000,GSP,SC,ASO,ES,Towers with Radar,30,69,13,0,112,0,0,7,0,7,30,69,20,0,119,0,0,0,119
12/31/2000,GSP,SC,ASO,ES,Towers with Radar,22,75,9,0,106,0,0,10,1,11,22,75,19,1,117,0,4,4,121
01/01/2001,GSP,SC,ASO,ES,Towers with Radar,26,88,10,0,124,0,0,4,0,4,26,88,14,0,128,0,0,0,128
01/02/2001,GSP,SC,ASO,ES,Towers with Radar,31,111,29,0,171,0,1,7,0,8,31,112,36,0,179,0,0,0,179
01/03/2001,GSP,SC,ASO,ES,Towers with Radar,41,113,17,12,183,0,3,8,0,11,41,116,25,12,194,0,0,0,194
01/04/2001,GSP,SC,ASO,ES,Towers with Radar,39,114,35,1,189,0,0,11,1,12,39,114,46,2,201,2,0,2,203
01/05/2001,GSP,SC,ASO,ES,Towers with Radar,44,113,27,5,189,0,6,5,0,11,44,119,32,5,200,6,0,6,206
01/06/2001,GSP,SC,ASO,ES,Towers with Radar,36,88,18,0,142,0,0,25,0,25,36,88,43,0,167,0,0,0,167
01/07/2001,GSP,SC,ASO,ES,Towers with Radar,30,97,13,5,145,0,0,15,0,15,30,97,28,5,160,26,0,26,186
01/08/2001,GSP,SC,ASO,ES,Towers with Radar,36,123,17,1,177,0,0,5,0,5,36,123,22,1,182,0,0,0,182
01/09/2001,GSP,SC,ASO,ES,Towers with Radar,42,128,24,0,194,0,0,12,0,12,42,128,36,0,206,2,0,2,208
01/10/2001,GSP,SC,ASO,ES,Towers with Radar,43,127,24,11,205,0,1,20,3,24,43,128,44,14,229,12,18,30,259
01/11/2001,GSP,SC,ASO,ES,Towers with Radar,41,126,33,0,200,0,0,9,0,9,41,126,42,0,209,6,0,6,215
01/12/2001,GSP,SC,ASO,ES,Towers with Radar,43,130,41,1,215,0,0,5,0,5,43,130,46,1,220,4,0,4,224
01/13/2001,GSP,SC,ASO,ES,Towers with Radar,36,93,10,0,139,0,0,8,0,8,36,93,18,0,147,4,0,4,151
01/14/2001,GSP,SC,ASO,ES,Towers with Radar,34,98,10,2,144,0,0,6,0,6,34,98,16,2,150,0,0,0,150
01/15/2001,GSP,SC,ASO,ES,Towers with Radar,38,118,21,0,177,0,0,7,1,8,38,118,28,1,185,2,0,2,187
01/16/2001,GSP,SC,ASO,ES,Towers with Radar,40,134,28,0,202,0,0,16,1,17,40,134,44,1,219,12,0,12,231
01/17/2001,GSP,SC,ASO,ES,Towers with Radar,39,125,26,4,194,0,0,9,0,9,39,125,35,4,203,0,14,14,217
01/18/2001,GSP,SC,ASO,ES,Towers with Radar,53,144,22,5,224,0,0,0,0,0,53,144,22,5,224,0,0,0,224
01/19/2001,GSP,SC,ASO,ES,Towers with Radar,47,112,27,4,190,0,0,0,0,0,47,112,27,4,190,0,0,0,190
01/20/2001,GSP,SC,ASO,ES,Towers with Radar,31,87,10,1,129,0,0,0,0,0,31,87,10,1,129,0,0,0,129
01/21/2001,GSP,SC,ASO,ES,Towers with Radar,32,87,7,2,128,0,0,12,2,14,32,87,19,4,142,14,0,14,156
01/22/2001,GSP,SC,ASO,ES,Towers with Radar,40,128,19,0,187,0,0,8,0,8,40,128,27,0,195,0,0,0,195
01/23/2001,GSP,SC,ASO,ES,Towers with Radar,40,132,33,0,205,0,0,26,1,27,40,132,59,1,232,22,14,36,268
01/24/2001,GSP,SC,ASO,ES,Towers with Radar,44,142,42,3,231,0,0,6,0,6,44,142,48,3,237,0,0,0,237
01/25/2001,GSP,SC,ASO,ES,Towers with Radar,49,135,31,0,215,0,4,13,0,17,49,139,44,0,232,2,0,2,234
01/26/2001,GSP,SC,ASO,ES,Towers with Radar,37,128,23,2,190,0,0,19,1,20,37,128,42,3,210,11,0,11,221
01/27/2001,GSP,SC,ASO,ES,Towers with Radar,36,92,10,0,138,0,0,6,0,6,36,92,16,0,144,1,0,1,145
01/28/2001,GSP,SC,ASO,ES,Towers with Radar,35,101,9,1,146,0,0,23,1,24,35,101,32,2,170,0,0,0,170
01/29/2001,GSP,SC,ASO,ES,Towers with Radar,36,123,18,0,177,0,0,1,1,2,36,123,19,1,179,0,0,0,179
01/30/2001,GSP,SC,ASO,ES,Towers with Radar,45,123,30,10,208,0,0,11,0,11,45,123,41,10,219,0,16,16,235
01/31/2001,GSP,SC,ASO,ES,Towers with Radar,40,125,33,6,204,0,0,10,0,10,40,125,43,6,214,2,0,2,216
02/01/2001,GSP,SC,ASO,ES,Towers with Radar,41,139,34,2,216,0,0,14,0,14,41,139,48,2,230,0,0,0,230
02/02/2001,GSP,SC,ASO,ES,Towers with Radar,38,123,26,6,193,0,0,12,0,12,38,123,38,6,205,0,6,6,211
02/03/2001,GSP,SC,ASO,ES,Towers with Radar,28,88,5,0,121,0,0,17,1,18,28,88,22,1,139,0,0,0,139
02/04/2001,GSP,SC,ASO,ES,Towers with Radar,25,96,17,4,142,0,0,10,6,16,25,96,27,10,158,8,0,8,166
02/05/2001,GSP,SC,ASO,ES,Towers with Radar,34,127,20,0,181,0,0,17,0,17,34,127,37,0,198,8,0,8,206
02/06/2001,GSP,SC,ASO,ES,Towers with Radar,34,110,38,0,182,0,0,21,0,21,34,110,59,0,203,3,0,3,206
02/07/2001,GSP,SC,ASO,ES,Towers with Radar,36,129,41,4,210,0,0,20,0,20,36,129,61,4,230,8,4,12,242
02/08/2001,GSP,SC,ASO,ES,Towers with Radar,38,126,42,0,206,0,0,33,0,33,38,126,75,0,239,15,0,15,254
02/09/2001,GSP,SC,ASO,ES,Towers with Radar,32,125,25,4,186,0,0,7,0,7,32,125,32,4,193,0,0,0,193
02/10/2001,GSP,SC,ASO,ES,Towers with Radar,31,85,12,0,128,0,0,17,2,19,31,85,29,2,147,2,0,2,149
02/11/2001,GSP,SC,ASO,ES,Towers with Radar,25,95,16,4,140,0,0,4,0,4,25,95,20,4,144,0,0,0,144
02/12/2001,GSP,SC,ASO,ES,Towers with Radar,27,125,29,0,181,0,0,0,0,0,27,125,29,0,181,0,0,0,181
02/13/2001,GSP,SC,ASO,ES,Towers with Radar,37,121,27,0,185,0,0,4,0,4,37,121,31,0,189,4,0,4,193
02/14/2001,GSP,SC,ASO,ES,Towers with Radar,37,130,32,7,206,0,0,0,0,0,37,130,32,7,206,0,12,12,218
02/15/2001,GSP,SC,ASO,ES,Towers with Radar,39,123,48,9,219,0,0,2,2,4,39,123,50,11,223,6,14,20,243
02/16/2001,GSP,SC,ASO,ES,Towers with Radar,31,127,25,0,183,0,0,7,2,9,31,127,32,2,192,0,0,0,192
02/17/2001,GSP,SC,ASO,ES,Towers with Radar,28,93,14,1,136,0,0,5,0,5,28,93,19,1,141,0,0,0,141
02/18/2001,GSP,SC,ASO,ES,Towers with Radar,25,106,19,0,150,0,0,12,0,12,25,106,31,0,162,0,0,0,162
02/19/2001,GSP,SC,ASO,ES,Towers with Radar,38,115,24,1,178,0,0,16,0,16,38,115,40,1,194,6,0,6,200
02/20/2001,GSP,SC,ASO,ES,Towers with Radar,29,123,50,11,213,0,0,21,0,21,29,123,71,11,234,22,8,30,264
02/21/2001,GSP,SC,ASO,ES,Towers with Radar,39,134,40,0,213,0,2,11,4,17,39,136,51,4,230,0,0,0,230
02/22/2001,GSP,SC,ASO,ES,Towers with Radar,38,120,40,0,198,0,4,0,0,4,38,124,40,0,202,0,0,0,202
02/23/2001,GSP,SC,ASO,ES,Towers with Radar,35,131,28,0,194,0,0,15,0,15,35,131,43,0,209,0,0,0,209
02/24/2001,GSP,SC,ASO,ES,Towers with Radar,28,87,22,0,137,0,0,7,0,7,28,87,29,0,144,0,0,0,144
02/25/2001,GSP,SC,ASO,ES,Towers with Radar,25,92,13,0,130,0,0,0,0,0,25,92,13,0,130,0,0,0,130
02/26/2001,GSP,SC,ASO,ES,Towers with Radar,29,130,22,12,193,0,0,14,0,14,29,130,36,12,207,4,30,34,241
02/27/2001,GSP,SC,ASO,ES,Towers with Radar,36,130,43,5,214,0,1,20,3,24,36,131,63,8,238,0,16,16,254
02/28/2001,GSP,SC,ASO,ES,Towers with Radar,36,131,38,0,205,0,0,17,0,17,36,131,55,0,222,2,0,2,224
03/01/2001,GSP,SC,ASO,ES,Towers with Radar,41,135,29,9,214,0,2,15,1,18,41,137,44,10,232,4,18,22,254
03/02/2001,GSP,SC,ASO,ES,Towers with Radar,32,121,31,7,191,0,2,16,2,20,32,123,47,9,211,0,0,0,211
03/03/2001,GSP,SC,ASO,ES,Towers with Radar,31,80,15,0,126,0,2,0,0,2,31,82,15,0,128,0,0,0,128
03/04/2001,GSP,SC,ASO,ES,Towers with Radar,23,92,6,6,127,0,2,0,0,2,23,94,6,6,129,0,0,0,129
03/05/2001,GSP,SC,ASO,ES,Towers with Radar,29,113,17,2,161,0,2,2,0,4,29,115,19,2,165,0,0,0,165
03/06/2001,GSP,SC,ASO,ES,Towers with Radar,39,112,33,0,184,0,2,7,1,10,39,114,40,1,194,2,0,2,196
03/07/2001,GSP,SC,ASO,ES,Towers with Radar,40,112,30,4,186,0,2,7,5,14,40,114,37,9,200,0,18,18,218
03/08/2001,GSP,SC,ASO,ES,Towers with Radar,37,131,33,0,201,0,2,14,0,16,37,133,47,0,217,18,0,18,235
03/09/2001,GSP,SC,ASO,ES,Towers with Radar,36,134,32,6,208,0,2,17,0,19,36,136,49,6,227,22,4,26,253
03/10/2001,GSP,SC,ASO,ES,Towers with Radar,32,92,11,0,135,0,2,13,0,15,32,94,24,0,150,4,0,4,154
03/11/2001,GSP,SC,ASO,ES,Towers with Radar,28,94,16,4,142,0,2,9,0,11,28,96,25,4,153,0,0,0,153
03/12/2001,GSP,SC,ASO,ES,Towers with Radar,38,114,25,3,180,0,2,6,0,8,38,116,31,3,188,0,0,0,188
03/13/2001,GSP,SC,ASO,ES,Towers with Radar,35,129,28,1,193,0,6,7,0,13,35,135,35,1,206,0,0,0,206
03/14/2001,GSP,SC,ASO,ES,Towers with Radar,36,132,42,0,210,0,3,18,0,21,36,135,60,0,231,8,0,8,239
03/15/2001,GSP,SC,ASO,ES,Towers with Radar,39,130,31,0,200,4,3,6,0,13,43,133,37,0,213,4,0,4,217
03/16/2001,GSP,SC,ASO,ES,Towers with Radar,34,126,43,15,218,0,3,8,0,11,34,129,51,15,229,0,0,0,229
03/17/2001,GSP,SC,ASO,ES,Towers with Radar,29,99,6,4,138,0,6,9,0,15,29,105,15,4,153,1,0,1,154
03/18/2001,GSP,SC,ASO,ES,Towers with Radar,24,94,14,5,137,0,6,14,0,20,24,100,28,5,157,6,0,6,163
03/19/2001,GSP,SC,ASO,ES,Towers with Radar,29,126,38,0,193,0,2,12,0,14,29,128,50,0,207,14,0,14,221
03/20/2001,GSP,SC,ASO,ES,Towers with Radar,28,119,30,0,177,0,2,0,0,2,28,121,30,0,179,0,0,0,179
03/21/2001,GSP,SC,ASO,ES,Towers with Radar,37,129,39,0,205,0,3,5,1,9,37,132,44,1,214,0,0,0,214
03/22/2001,GSP,SC,ASO,ES,Towers with Radar,36,131,22,4,193,0,3,11,1,15,36,134,33,5,208,0,0,0,208
03/23/2001,GSP,SC,ASO,ES,Towers with Radar,32,131,20,2,185,0,3,9,0,12,32,134,29,2,197,4,2,6,203
03/24/2001,GSP,SC,ASO,ES,Towers with Radar,30,82,8,0,120,0,2,14,0,16,30,84,22,0,136,3,0,3,139
03/25/2001,GSP,SC,ASO,ES,Towers with Radar,26,94,13,4,137,0,2,17,0,19,26,96,30,4,156,0,0,0,156
03/26/2001,GSP,SC,ASO,ES,Towers with Radar,31,13,27,8,79,0,0,23,2,25,31,13,50,10,104,6,0,6,110
03/27/2001,GSP,SC,ASO,ES,Towers with Radar,37,121,44,0,202,0,2,33,0,35,37,123,77,0,237,6,0,6,243
03/28/2001,GSP,SC,ASO,ES,Towers with Radar,36,130,26,4,196,0,2,24,8,34,36,132,50,12,230,14,0,14,244
03/29/2001,GSP,SC,ASO,ES,Towers with Radar,34,106,26,3,169,1,0,13,6,20,35,106,39,9,189,6,10,16,205
03/30/2001,GSP,SC,ASO,ES,Towers with Radar,37,99,32,4,172,0,0,20,3,23,37,99,52,7,195,15,4,19,214
03/31/2001,GSP,SC,ASO,ES,Towers with Radar,27,83,21,2,133,4,0,3,7,14,31,83,24,9,147,12,6,18,165
04/01/2001,GSP,SC,ASO,ES,Towers with Radar,31,82,16,2,131,1,1,4,2,8,32,83,20,4,139,0,0,0,139
04/02/2001,GSP,SC,ASO,ES,Towers with Radar,32,113,28,12,185,0,1,18,2,21,32,114,46,14,206,20,8,28,234
04/03/2001,GSP,SC,ASO,ES,Towers with Radar,38,108,31,22,199,0,1,11,0,12,38,109,42,22,211,0,26,26,237
04/04/2001,GSP,SC,ASO,ES,Towers with Radar,39,112,37,0,188,0,1,12,1,14,39,113,49,1,202,0,0,0,202
04/05/2001,GSP,SC,ASO,ES,Towers with Radar,39,119,38,7,203,0,0,19,3,22,39,119,57,10,225,16,1,17,242
04/06/2001,GSP,SC,ASO,ES,Towers with Radar,38,105,33,6,182,0,0,25,0,25,38,105,58,6,207,0,0,0,207
04/07/2001,GSP,SC,ASO,ES,Towers with Radar,27,79,21,3,130,0,0,8,0,8,27,79,29,3,138,0,0,0,138
04/08/2001,GSP,SC,ASO,ES,Towers with Radar,30,87,22,4,143,0,1,9,10,20,30,88,31,14,163,0,0,0,163
04/09/2001,GSP,SC,ASO,ES,Towers with Radar,36,105,17,25,183,0,1,16,0,17,36,106,33,25,200,0,20,20,220
04/10/2001,GSP,SC,ASO,ES,Towers with Radar,41,106,31,2,180,0,1,12,0,13,41,107,43,2,193,0,0,0,193
04/11/2001,GSP,SC,ASO,ES,Towers with Radar,39,117,38,2,196,0,1,25,0,26,39,118,63,2,222,0,0,0,222
04/12/2001,GSP,SC,ASO,ES,Towers with Radar,38,104,38,11,191,0,5,16,1,22,38,109,54,12,213,0,14,14,227
04/13/2001,GSP,SC,ASO,ES,Towers with Radar,38,106,18,5,167,0,3,8,4,15,38,109,26,9,182,0,0,0,182
04/14/2001,GSP,SC,ASO,ES,Towers with Radar,24,88,26,2,140,0,1,13,0,14,24,89,39,2,154,0,0,0,154
04/15/2001,GSP,SC,ASO,ES,Towers with Radar,22,64,5,0,91,6,24,0,0,30,28,88,5,0,121,0,0,0,121
04/16/2001,GSP,SC,ASO,ES,Towers with Radar,33,104,21,2,160,1,0,12,2,15,34,104,33,4,175,0,0,0,175
04/17/2001,GSP,SC,ASO,ES,Towers with Radar,39,114,37,7,197,1,0,5,0,6,40,114,42,7,203,0,10,10,213
04/18/2001,GSP,SC,ASO,ES,Towers with Radar,40,125,31,0,196,1,0,16,0,17,41,125,47,0,213,0,0,0,213
04/19/2001,GSP,SC,ASO,ES,Towers with Radar,36,118,32,4,190,1,0,23,2,26,37,118,55,6,216,4,4,8,224
04/20/2001,GSP,SC,ASO,ES,Towers with Radar,37,123,25,2,187,1,0,10,0,11,38,123,35,2,198,0,0,0,198
04/21/2001,GSP,SC,ASO,ES,Towers with Radar,27,85,15,15,142,1,0,7,0,8,28,85,22,15,150,2,8,10,160
04/22/2001,GSP,SC,ASO,ES,Towers with Radar,30,93,23,4,150,0,0,22,7,29,30,93,45,11,179,6,0,6,185
04/23/2001,GSP,SC,ASO,ES,Towers with Radar,33,102,17,1,153,0,1,11,0,12,33,103,28,1,165,0,0,0,165
04/24/2001,GSP,SC,ASO,ES,Towers with Radar,37,110,27,0,174,4,8,20,0,32,41,118,47,0,206,2,0,2,208
04/25/2001,GSP,SC,ASO,ES,Towers with Radar,39,114,33,0,186,0,1,16,0,17,39,115,49,0,203,0,0,0,203
04/26/2001,GSP,SC,ASO,ES,Towers with Radar,41,109,32,0,182,0,1,25,2,28,41,110,57,2,210,4,0,4,214
04/27/2001,GSP,SC,ASO,ES,Towers with Radar,39,106,37,6,188,0,1,30,0,31,39,107,67,6,219,12,0,12,231
04/28/2001,GSP,SC,ASO,ES,Towers with Radar,27,82,8,0,117,0,1,14,0,15,27,83,22,0,132,2,0,2,134
04/29/2001,GSP,SC,ASO,ES,Towers with Radar,29,85,21,3,138,1,8,0,0,9,30,93,21,3,147,0,0,0,147
04/30/2001,GSP,SC,ASO,ES,Towers with Radar,34,114,22,2,172,0,1,9,1,11,34,115,31,3,183,1,0,1,184
05/01/2001,GSP,SC,ASO,ES,Towers with Radar,41,113,36,5,195,0,0,24,1,25,41,113,60,6,220,0,0,0,220
05/02/2001,GSP,SC,ASO,ES,Towers with Radar,42,129,20,0,191,0,0,20,0,20,42,129,40,0,211,0,0,0,211
05/03/2001,GSP,SC,ASO,ES,Towers with Radar,42,122,31,8,203,0,0,18,0,18,42,122,49,8,221,10,0,10,231
05/04/2001,GSP,SC,ASO,ES,Towers with Radar,38,122,39,9,208,0,0,20,0,20,38,122,59,9,228,0,0,0,228
05/05/2001,GSP,SC,ASO,ES,Towers with Radar,24,85,13,0,122,0,0,8,0,8,24,85,21,0,130,0,0,0,130
05/06/2001,GSP,SC,ASO,ES,Towers with Radar,29,93,21,8,151,0,0,6,0,6,29,93,27,8,157,0,0,0,157
05/07/2001,GSP,SC,ASO,ES,Towers with Radar,36,105,22,0,163,0,0,12,0,12,36,105,34,0,175,6,0,6,181
05/08/2001,GSP,SC,ASO,ES,Towers with Radar,43,119,36,8,206,0,0,11,1,12,43,119,47,9,218,6,0,6,224
05/09/2001,GSP,SC,ASO,ES,Towers with Radar,38,124,36,3,201,0,0,17,0,17,38,124,53,3,218,2,0,2,220
05/10/2001,GSP,SC,ASO,ES,Towers with Radar,39,117,29,1,186,0,0,21,0,21,39,117,50,1,207,10,0,10,217
05/11/2001,GSP,SC,ASO,ES,Towers with Radar,42,108,29,4,183,0,0,14,13,27,42,108,43,17,210,12,0,12,222
05/12/2001,GSP,SC,ASO,ES,Towers with Radar,28,85,10,0,123,0,0,12,0,12,28,85,22,0,135,0,0,0,135
05/13/2001,GSP,SC,ASO,ES,Towers with Radar,29,83,19,3,134,1,11,15,7,34,30,94,34,10,168,0,0,0,168
05/14/2001,GSP,SC,ASO,ES,Towers with Radar,35,107,26,1,169,0,4,14,0,18,35,111,40,1,187,0,0,0,187
05/15/2001,GSP,SC,ASO,ES,Towers with Radar,39,116,30,9,194,0,1,23,0,24,39,117,53,9,218,2,0,2,220
05/16/2001,GSP,SC,ASO,ES,Towers with Radar,42,121,26,0,189,0,0,11,0,11,42,121,37,0,200,4,0,4,204
05/17/2001,GSP,SC,ASO,ES,Towers with Radar,41,117,31,0,189,0,0,6,0,6,41,117,37,0,195,4,0,4,199
05/18/2001,GSP,SC,ASO,ES,Towers with Radar,40,115,40,4,199,0,0,12,0,12,40,115,52,4,211,0,0,0,211
05/19/2001,GSP,SC,ASO,ES,Towers with Radar,25,78,13,1,117,0,0,4,3,7,25,78,17,4,124,2,0,2,126
05/20/2001,GSP,SC,ASO,ES,Towers with Radar,26,78,19,0,123,4,7,1,0,12,30,85,20,0,135,2,0,2,137
05/21/2001,GSP,SC,ASO,ES,Towers with Radar,37,116,37,0,190,0,0,0,0,0,37,116,37,0,190,0,0,0,190
05/22/2001,GSP,SC,ASO,ES,Towers with Radar,36,105,31,1,173,0,0,3,1,4,36,105,34,2,177,2,0,2,179
05/23/2001,GSP,SC,ASO,ES,Towers with Radar,40,118,42,0,200,0,0,32,1,33,40,118,74,1,233,12,0,12,245
05/24/2001,GSP,SC,ASO,ES,Towers with Radar,41,121,39,0,201,0,0,21,1,22,41,121,60,1,223,0,0,0,223
05/25/2001,GSP,SC,ASO,ES,Towers with Radar,38,109,32,2,181,0,0,8,2,10,38,109,40,4,191,0,0,0,191
05/26/2001,GSP,SC,ASO,ES,Towers with Radar,26,80,11,2,119,0,0,7,0,7,26,80,18,2,126,0,0,0,126
05/27/2001,GSP,SC,ASO,ES,Towers with Radar,18,55,14,0,87,8,13,8,0,29,26,68,22,0,116,0,0,0,116
05/28/2001,GSP,SC,ASO,ES,Towers with Radar,32,85,9,1,127,0,0,2,0,2,32,85,11,1,129,0,0,0,129
05/29/2001,GSP,SC,ASO,ES,Towers with Radar,35,105,23,3,166,0,0,6,0,6,35,105,29,3,172,0,0,0,172
05/30/2001,GSP,SC,ASO,ES,Towers with Radar,38,124,32,0,194,0,0,20,0,20,38,124,52,0,214,14,0,14,228
05/31/2001,GSP,SC,ASO,ES,Towers with Radar,39,128,21,2,190,0,0,6,0,6,39,128,27,2,196,0,0,0,196
06/01/2001,GSP,SC,ASO,ES,Towers with Radar,41,99,32,8,180,0,0,1,0,1,41,99,33,8,181,0,0,0,181
06/02/2001,GSP,SC,ASO,ES,Towers with Radar,28,77,3,3,111,0,0,7,2,9,28,77,10,5,120,0,0,0,120
06/03/2001,GSP,SC,ASO,ES,Towers with Radar,28,81,20,3,132,7,3,16,3,29,35,84,36,6,161,0,0,0,161
06/04/2001,GSP,SC,ASO,ES,Towers with Radar,35,110,27,4,176,0,3,4,3,10,35,113,31,7,186,0,18,18,204
06/05/2001,GSP,SC,ASO,ES,Towers with Radar,38,109,45,0,192,0,0,18,0,18,38,109,63,0,210,10,0,10,220
06/06/2001,GSP,SC,ASO,ES,Towers with Radar,37,104,32,0,173,0,0,12,0,12,37,104,44,0,185,4,0,4,189
06/07/2001,GSP,SC,ASO,ES,Towers with Radar,43,124,20,11,198,0,0,18,0,18,43,124,38,11,216,8,8,16,232
06/08/2001,GSP,SC,ASO,ES,Towers with Radar,40,118,31,7,196,0,0,8,0,8,40,118,39,7,204,0,0,0,204
06/09/2001,GSP,SC,ASO,ES,Towers with Radar,28,86,9,1,124,0,0,6,0,6,28,86,15,1,130,0,0,0,130
06/10/2001,GSP,SC,ASO,ES,Towers with Radar,29,86,11,2,128,0,0,0,4,4,29,86,11,6,132,0,0,0,132
06/11/2001,GSP,SC,ASO,ES,Towers with Radar,35,105,25,3,168,3,0,30,2,35,38,105,55,5,203,6,0,6,209
06/12/2001,GSP,SC,ASO,ES,Towers with Radar,39,112,35,4,190,0,0,7,1,8,39,112,42,5,198,2,0,2,200
06/13/2001,GSP,SC,ASO,ES,Towers with Radar,42,119,22,4,187,0,0,12,4,16,42,119,34,8,203,16,4,20,223
06/14/2001,GSP,SC,ASO,ES,Towers with Radar,38,118,38,0,194,0,0,6,0,6,38,118,44,0,200,0,0,0,200
06/15/2001,GSP,SC,ASO,ES,Towers with Radar,36,108,33,2,179,0,0,25,0,25,36,108,58,2,204,14,0,14,218
06/16/2001,GSP,SC,ASO,ES,Towers with Radar,26,84,5,0,115,0,0,16,0,16,26,84,21,0,131,0,0,0,131
06/17/2001,GSP,SC,ASO,ES,Towers with Radar,29,88,20,2,139,1,1,0,3,5,30,89,20,5,144,0,0,0,144
06/18/2001,GSP,SC,ASO,ES,Towers with Radar,34,126,27,4,191,0,0,23,0,23,34,126,50,4,214,0,0,0,214
06/19/2001,GSP,SC,ASO,ES,Towers with Radar,33,135,40,0,208,0,0,21,0,21,33,135,61,0,229,0,0,0,229
06/20/2001,GSP,SC,ASO,ES,Towers with Radar,38,121,31,9,199,0,0,21,0,21,38,121,52,9,220,0,16,16,236
06/21/2001,GSP,SC,ASO,ES,Towers with Radar,42,129,29,4,204,0,0,18,0,18,42,129,47,4,222,10,0,10,232
06/22/2001,GSP,SC,ASO,ES,Towers with Radar,36,113,39,6,194,0,0,4,0,4,36,113,43,6,198,0,0,0,198
06/23/2001,GSP,SC,ASO,ES,Towers with Radar,28,89,20,0,137,0,0,12,0,12,28,89,32,0,149,4,0,4,153
06/24/2001,GSP,SC,ASO,ES,Towers with Radar,28,86,21,2,137,0,2,10,0,12,28,88,31,2,149,4,0,4,153
06/25/2001,GSP,SC,ASO,ES,Towers with Radar,32,136,40,3,211,0,0,5,0,5,32,136,45,3,216,1,0,1,217
06/26/2001,GSP,SC,ASO,ES,Towers with Radar,38,125,31,2,196,0,12,4,0,16,38,137,35,2,212,0,0,0,212
06/27/2001,GSP,SC,ASO,ES,Towers with Radar,35,137,31,1,204,0,0,10,0,10,35,137,41,1,214,0,0,0,214
06/28/2001,GSP,SC,ASO,ES,Towers with Radar,43,126,39,5,213,0,0,26,0,26,43,126,65,5,239,0,0,0,239
06/29/2001,GSP,SC,ASO,ES,Towers with Radar,40,119,37,3,199,0,0,26,0,26,40,119,63,3,225,0,0,0,225
06/30/2001,GSP,SC,ASO,ES,Towers with Radar,34,75,16,1,126,0,0,14,0,14,34,75,30,1,140,2,0,2,142
07/01/2001,GSP,SC,ASO,ES,Towers with Radar,21,62,13,2,98,8,0,6,3,17,29,62,19,5,115,2,0,2,117
07/02/2001,GSP,SC,ASO,ES,Towers with Radar,34,105,16,0,155,0,0,10,0,10,34,105,26,0,165,4,0,4,169
07/03/2001,GSP,SC,ASO,ES,Towers with Radar,34,116,16,7,173,0,0,6,0,6,34,116,22,7,179,0,16,16,195
07/04/2001,GSP,SC,ASO,ES,Towers with Radar,26,87,3,0,116,0,0,4,0,4,26,87,7,0,120,0,0,0,120
07/05/2001,GSP,SC,ASO,ES,Towers with Radar,31,98,27,0,156,0,0,8,0,8,31,98,35,0,164,12,0,12,176
07/06/2001,GSP,SC,ASO,ES,Towers with Radar,38,105,27,7,177,0,0,19,0,19,38,105,46,7,196,12,0,12,208
07/07/2001,GSP,SC,ASO,ES,Towers with Radar,27,83,9,0,119,0,0,17,0,17,27,83,26,0,136,0,0,0,136
07/08/2001,GSP,SC,ASO,ES,Towers with Radar,30,93,13,3,139,2,0,0,1,3,32,93,13,4,142,0,0,0,142
07/09/2001,GSP,SC,ASO,ES,Towers with Radar,29,115,21,5,170,0,1,10,0,11,29,116,31,5,181,0,0,0,181
07/10/2001,GSP,SC,ASO,ES,Towers with Radar,37,126,29,9,201,0,0,28,0,28,37,126,57,9,229,24,28,52,281
07/11/2001,GSP,SC,ASO,ES,Towers with Radar,34,123,22,0,179,0,0,12,0,12,34,123,34,0,191,0,0,0,191
07/12/2001,GSP,SC,ASO,ES,Towers with Radar,38,130,34,16,218,0,0,22,3,25,38,130,56,19,243,0,15,15,258
07/13/2001,GSP,SC,ASO,ES,Towers with Radar,36,120,34,15,205,0,0,10,0,10,36,120,44,15,215,0,10,10,225
07/14/2001,GSP,SC,ASO,ES,Towers with Radar,26,89,13,0,128,0,0,18,0,18,26,89,31,0,146,6,0,6,152
07/15/2001,GSP,SC,ASO,ES,Towers with Radar,29,92,18,4,143,1,6,6,2,15,30,98,24,6,158,0,0,0,158
07/16/2001,GSP,SC,ASO,ES,Towers with Radar,33,118,20,2,173,0,0,14,0,14,33,118,34,2,187,0,0,0,187
07/17/2001,GSP,SC,ASO,ES,Towers with Radar,40,119,20,19,198,0,0,9,0,9,40,119,29,19,207,1,30,31,238
07/18/2001,GSP,SC,ASO,ES,Towers with Radar,38,124,20,2,184,0,0,10,0,10,38,124,30,2,194,0,26,26,220
07/19/2001,GSP,SC,ASO,ES,Towers with Radar,48,116,26,2,192,0,0,5,0,5,48,116,31,2,197,0,0,0,197
07/20/2001,GSP,SC,ASO,ES,Towers with Radar,36,125,24,4,189,0,0,8,0,8,36,125,32,4,197,0,0,0,197
07/21/2001,GSP,SC,ASO,ES,Towers with Radar,25,87,20,2,134,0,0,10,0,10,25,87,30,2,144,0,2,2,146
07/22/2001,GSP,SC,ASO,ES,Towers with Radar,29,93,8,4,134,0,0,4,0,4,29,93,12,4,138,0,0,0,138
07/23/2001,GSP,SC,ASO,ES,Towers with Radar,35,119,33,2,189,0,0,13,0,13,35,119,46,2,202,0,0,0,202
07/24/2001,GSP,SC,ASO,ES,Towers with Radar,42,127,31,1,201,0,0,5,0,5,42,127,36,1,206,2,1,3,209
07/25/2001,GSP,SC,ASO,ES,Towers with Radar,39,123,43,1,206,0,0,1,0,1,39,123,44,1,207,0,0,0,207
07/26/2001,GSP,SC,ASO,ES,Towers with Radar,40,118,25,4,187,0,0,8,0,8,40,118,33,4,195,10,6,16,211
07/27/2001,GSP,SC,ASO,ES,Towers with Radar,30,133,29,3,195,0,0,7,0,7,30,133,36,3,202,0,0,0,202
07/28/2001,GSP,SC,ASO,ES,Towers with Radar,28,85,19,1,133,0,0,2,0,2,28,85,21,1,135,0,0,0,135
07/29/2001,GSP,SC,ASO,ES,Towers with Radar,24,81,16,3,124,0,17,3,2,22,24,98,19,5,146,0,0,0,146
07/30/2001,GSP,SC,ASO,ES,Towers with Radar,37,119,30,2,188,0,0,24,0,24,37,119,54,2,212,6,0,6,218
07/31/2001,GSP,SC,ASO,ES,Towers with Radar,39,129,29,6,203,0,0,13,4,17,39,129,42,10,220,0,20,20,240
08/01/2001,GSP,SC,ASO,ES,Towers with Radar,36,139,37,4,216,0,1,14,0,15,36,140,51,4,231,8,0,8,239
08/02/2001,GSP,SC,ASO,ES,Towers with Radar,42,127,34,0,203,0,2,13,0,15,42,129,47,0,218,0,0,0,218
08/03/2001,GSP,SC,ASO,ES,Towers with Radar,37,124,31,6,198,0,1,11,0,12,37,125,42,6,210,0,0,0,210
08/04/2001,GSP,SC,ASO,ES,Towers with Radar,28,92,22,0,142,0,1,1,0,2,28,93,23,0,144,0,0,0,144
08/05/2001,GSP,SC,ASO,ES,Towers with Radar,27,106,11,6,150,0,1,12,2,15,27,107,23,8,165,2,0,2,167
08/06/2001,GSP,SC,ASO,ES,Towers with Radar,29,126,36,3,194,0,1,14,0,15,29,127,50,3,209,0,0,0,209
08/07/2001,GSP,SC,ASO,ES,Towers with Radar,39,146,37,0,222,0,2,28,1,31,39,148,65,1,253,8,0,8,261
08/08/2001,GSP,SC,ASO,ES,Towers with Radar,37,136,47,0,220,0,1,10,0,11,37,137,57,0,231,2,0,2,233
08/09/2001,GSP,SC,ASO,ES,Towers with Radar,42,131,43,3,219,0,1,15,0,16,42,132,58,3,235,10,0,10,245
08/10/2001,GSP,SC,ASO,ES,Towers with Radar,31,118,32,3,184,0,1,14,2,17,31,119,46,5,201,4,0,4,205
08/11/2001,GSP,SC,ASO,ES,Towers with Radar,26,91,14,0,131,0,1,15,0,16,26,92,29,0,147,5,0,5,152
08/12/2001,GSP,SC,ASO,ES,Towers with Radar,24,80,18,1,123,1,11,4,0,16,25,91,22,1,139,0,0,0,139
08/13/2001,GSP,SC,ASO,ES,Towers with Radar,28,119,22,1,170,0,1,5,0,6,28,120,27,1,176,8,0,8,184
08/14/2001,GSP,SC,ASO,ES,Towers with Radar,36,126,27,15,204,0,1,11,0,12,36,127,38,15,216,4,10,14,230
08/15/2001,GSP,SC,ASO,ES,Towers with Radar,37,138,29,2,206,0,0,19,0,19,37,138,48,2,225,4,0,4,229
08/16/2001,GSP,SC,ASO,ES,Towers with Radar,35,126,40,1,202,0,0,13,1,14,35,126,53,2,216,0,0,0,216
08/17/2001,GSP,SC,ASO,ES,Towers with Radar,34,121,30,3,188,0,1,16,1,18,34,122,46,4,206,6,0,6,212
08/18/2001,GSP,SC,ASO,ES,Towers with Radar,26,79,22,3,130,0,0,11,2,13,26,79,33,5,143,3,0,3,146
08/19/2001,GSP,SC,ASO,ES,Towers with Radar,25,85,15,1,126,2,11,0,2,15,27,96,15,3,141,0,0,0,141
08/20/2001,GSP,SC,ASO,ES,Towers with Radar,34,120,26,0,180,0,0,7,1,8,34,120,33,1,188,0,0,0,188
08/21/2001,GSP,SC,ASO,ES,Towers with Radar,40,130,25,0,195,0,0,16,0,16,40,130,41,0,211,4,0,4,215
08/22/2001,GSP,SC,ASO,ES,Towers with Radar,39,116,32,0,187,2,0,32,0,34,41,116,64,0,221,2,0,2,223
08/23/2001,GSP,SC,ASO,ES,Towers with Radar,43,123,33,0,199,0,0,19,1,20,43,123,52,1,219,2,0,2,221
08/24/2001,GSP,SC,ASO,ES,Towers with Radar,40,127,33,2,202,2,0,10,16,28,42,127,43,18,230,0,20,20,250
08/25/2001,GSP,SC,ASO,ES,Towers with Radar,23,78,19,0,120,3,5,0,0,8,26,83,19,0,128,0,0,0,128
08/26/2001,GSP,SC,ASO,ES,Towers with Radar,28,92,22,1,143,1,0,2,3,6,29,92,24,4,149,0,0,0,149
08/27/2001,GSP,SC,ASO,ES,Towers with Radar,30,104,24,0,158,1,15,0,0,16,31,119,24,0,174,8,0,8,182
08/28/2001,GSP,SC,ASO,ES,Towers with Radar,36,118,29,0,183,3,0,24,0,27,39,118,53,0,210,12,0,12,222
08/29/2001,GSP,SC,ASO,ES,Towers with Radar,35,136,32,2,205,0,0,12,2,14,35,136,44,4,219,10,0,10,229
08/30/2001,GSP,SC,ASO,ES,Towers with Radar,38,126,32,1,197,0,0,7,0,7,38,126,39,1,204,0,0,0,204
08/31/2001,GSP,SC,ASO,ES,Towers with Radar,39,123,29,1,192,3,0,0,0,3,42,123,29,1,195,0,0,0,195
09/01/2001,GSP,SC,ASO,ES,Towers with Radar,23,78,14,0,115,1,0,0,0,1,24,78,14,0,116,0,0,0,116
09/02/2001,GSP,SC,ASO,ES,Towers with Radar,19,65,14,0,98,3,13,0,0,16,22,78,14,0,114,0,0,0,114
09/03/2001,GSP,SC,ASO,ES,Towers with Radar,28,103,13,0,144,1,0,0,0,1,29,103,13,0,145,0,0,0,145
09/04/2001,GSP,SC,ASO,ES,Towers with Radar,32,119,27,9,187,0,1,3,1,5,32,120,30,10,192,0,32,32,224
09/05/2001,GSP,SC,ASO,ES,Towers with Radar,41,123,21,17,202,0,1,13,1,15,41,124,34,18,217,16,32,48,265
09/06/2001,GSP,SC,ASO,ES,Towers with Radar,41,121,31,0,193,0,1,4,1,6,41,122,35,1,199,0,0,0,199
09/07/2001,GSP,SC,ASO,ES,Towers with Radar,38,117,37,16,208,0,1,2,2,5,38,118,39,18,213,30,12,42,255
09/08/2001,GSP,SC,ASO,ES,Towers with Radar,28,78,7,0,113,0,1,8,0,9,28,79,15,0,122,6,0,6,128
09/09/2001,GSP,SC,ASO,ES,Towers with Radar,29,98,10,10,147,0,1,9,1,11,29,99,19,11,158,4,2,6,164
09/10/2001,GSP,SC,ASO,ES,Towers with Radar,45,108,26,1,180,0,1,5,1,7,45,109,31,2,187,0,0,0,187
09/11/2001,GSP,SC,ASO,ES,Towers with Radar,14,21,8,0,43,0,1,1,0,2,14,22,9,0,45,0,0,0,45
09/12/2001,GSP,SC,ASO,ES,Towers with Radar,0,0,2,0,2,0,0,0,0,0,0,0,2,0,2,0,0,0,2
09/13/2001,GSP,SC,ASO,ES,Towers with Radar,3,10,10,0,23,0,1,0,0,1,3,11,10,0,24,0,0,0,24
09/14/2001,GSP,SC,ASO,ES,Towers with Radar,23,79,19,3,124,0,1,1,1,3,23,80,20,4,127,0,4,4,131
09/15/2001,GSP,SC,ASO,ES,Towers with Radar,22,63,24,0,109,0,0,1,0,1,22,63,25,0,110,0,0,0,110
09/16/2001,GSP,SC,ASO,ES,Towers with Radar,25,72,20,2,119,1,0,0,0,1,26,72,20,2,120,0,0,0,120
09/17/2001,GSP,SC,ASO,ES,Towers with Radar,23,114,33,9,179,0,0,0,1,1,23,114,33,10,180,0,4,4,184
09/18/2001,GSP,SC,ASO,ES,Towers with Radar,26,120,21,11,178,0,0,0,4,4,26,120,21,15,182,0,0,0,182
09/19/2001,GSP,SC,ASO,ES,Towers with Radar,23,110,36,6,175,0,0,0,1,1,23,110,36,7,176,0,34,34,210
09/20/2001,GSP,SC,ASO,ES,Towers with Radar,28,107,26,19,180,0,0,2,0,2,28,107,28,19,182,0,24,24,206
09/21/2001,GSP,SC,ASO,ES,Towers with Radar,27,114,44,9,194,0,0,10,0,10,27,114,54,9,204,0,10,10,214
09/22/2001,GSP,SC,ASO,ES,Towers with Radar,17,75,12,2,106,0,0,6,1,7,17,75,18,3,113,0,0,0,113
09/23/2001,GSP,SC,ASO,ES,Towers with Radar,20,90,18,0,128,0,0,0,0,0,20,90,18,0,128,0,0,0,128
09/24/2001,GSP,SC,ASO,ES,Towers with Radar,24,108,21,0,153,0,0,0,0,0,24,108,21,0,153,6,0,6,159
09/25/2001,GSP,SC,ASO,ES,Towers with Radar,28,116,20,0,164,0,0,7,2,9,28,116,27,2,173,10,0,10,183
09/26/2001,GSP,SC,ASO,ES,Towers with Radar,29,122,23,0,174,0,0,9,0,9,29,122,32,0,183,8,0,8,191
09/27/2001,GSP,SC,ASO,ES,Towers with Radar,29,110,42,0,181,0,0,7,1,8,29,110,49,1,189,8,0,8,197
09/28/2001,GSP,SC,ASO,ES,Towers with Radar,35,107,28,2,172,16,0,26,0,42,51,107,54,2,214,0,0,0,214
09/29/2001,GSP,SC,ASO,ES,Towers with Radar,15,73,9,0,97,0,0,9,0,9,15,73,18,0,106,0,0,0,106
09/30/2001,GSP,SC,ASO,ES,Towers with Radar,18,84,20,1,123,0,3,12,0,15,18,87,32,1,138,8,0,8,146
10/01/2001,GSP,SC,ASO,ES,Towers with Radar,25,115,20,0,160,1,0,13,0,14,26,115,33,0,174,12,0,12,186
10/02/2001,GSP,SC,ASO,ES,Towers with Radar,28,127,22,13,190,1,0,10,0,11,29,127,32,13,201,0,20,20,221
10/03/2001,GSP,SC,ASO,ES,Towers with Radar,31,121,49,10,211,1,0,11,0,12,32,121,60,10,223,4,10,14,237
10/04/2001,GSP,SC,ASO,ES,Towers with Radar,28,118,46,0,192,1,0,15,0,16,29,118,61,0,208,2,0,2,210
10/05/2001,GSP,SC,ASO,ES,Towers with Radar,32,111,25,4,172,1,0,6,3,10,33,111,31,7,182,0,24,24,206
10/06/2001,GSP,SC,ASO,ES,Towers with Radar,15,77,11,0,103,0,0,6,0,6,15,77,17,0,109,0,0,0,109
10/07/2001,GSP,SC,ASO,ES,Towers with Radar,13,96,21,0,130,0,7,4,0,11,13,103,25,0,141,0,0,0,141
10/08/2001,GSP,SC,ASO,ES,Towers with Radar,19,127,10,9,165,0,0,9,0,9,19,127,19,9,174,0,4,4,178
10/09/2001,GSP,SC,ASO,ES,Towers with Radar,22,131,41,8,202,0,0,15,0,15,22,131,56,8,217,12,16,28,245
10/10/2001,GSP,SC,ASO,ES,Towers with Radar,24,130,30,0,184,0,0,17,0,17,24,130,47,0,201,20,0,20,221
10/11/2001,GSP,SC,ASO,ES,Towers with Radar,23,123,22,4,172,0,0,12,1,13,23,123,34,5,185,0,0,0,185
10/12/2001,GSP,SC,ASO,ES,Towers with Radar,27,124,47,6,204,0,0,7,0,7,27,124,54,6,211,4,0,4,215
10/13/2001,GSP,SC,ASO,ES,Towers with Radar,15,77,12,0,104,1,13,0,0,14,16,90,12,0,118,0,0,0,118
10/14/2001,GSP,SC,ASO,ES,Towers with Radar,13,75,16,2,106,0,20,3,4,27,13,95,19,6,133,16,0,16,149
10/15/2001,GSP,SC,ASO,ES,Towers with Radar,16,116,37,1,170,0,0,13,0,13,16,116,50,1,183,14,0,14,197
10/16/2001,GSP,SC,ASO,ES,Towers with Radar,26,118,37,1,182,0,0,5,2,7,26,118,42,3,189,2,0,2,191
10/17/2001,GSP,SC,ASO,ES,Towers with Radar,24,122,31,6,183,0,0,10,0,10,24,122,41,6,193,0,8,8,201
10/18/2001,GSP,SC,ASO,ES,Towers with Radar,24,126,25,0,175,0,0,12,0,12,24,126,37,0,187,0,0,0,187
10/19/2001,GSP,SC,ASO,ES,Towers with Radar,24,128,31,3,186,0,0,0,9,9,24,128,31,12,195,0,10,10,205
10/20/2001,GSP,SC,ASO,ES,Towers with Radar,15,90,5,0,110,0,0,15,0,15,15,90,20,0,125,0,0,0,125
10/21/2001,GSP,SC,ASO,ES,Towers with Radar,13,106,17,2,138,0,0,10,0,10,13,106,27,2,148,0,0,0,148
10/22/2001,GSP,SC,ASO,ES,Towers with Radar,22,121,34,1,178,0,0,12,1,13,22,121,46,2,191,34,0,34,225
10/23/2001,GSP,SC,ASO,ES,Towers with Radar,25,122,46,0,193,0,0,4,0,4,25,122,50,0,197,4,0,4,201
10/24/2001,GSP,SC,ASO,ES,Towers with Radar,23,126,18,1,168,0,0,8,1,9,23,126,26,2,177,0,0,0,177
10/25/2001,GSP,SC,ASO,ES,Towers with Radar,22,113,26,0,161,2,0,21,0,23,24,113,47,0,184,0,0,0,184
10/26/2001,GSP,SC,ASO,ES,Towers with Radar,20,122,23,1,166,0,0,8,1,9,20,122,31,2,175,0,0,0,175
10/27/2001,GSP,SC,ASO,ES,Towers with Radar,14,87,10,0,111,0,0,6,0,6,14,87,16,0,117,0,0,0,117
10/28/2001,GSP,SC,ASO,ES,Towers with Radar,13,94,20,1,128,0,0,15,0,15,13,94,35,1,143,0,0,0,143
10/29/2001,GSP,SC,ASO,ES,Towers with Radar,17,129,27,2,175,0,0,7,0,7,17,129,34,2,182,1,1,2,184
10/30/2001,GSP,SC,ASO,ES,Towers with Radar,19,129,25,5,178,0,0,15,2,17,19,129,40,7,195,6,4,10,205
10/31/2001,GSP,SC,ASO,ES,Towers with Radar,25,127,30,9,191,0,0,2,0,2,25,127,32,9,193,6,18,24,217
11/01/2001,GSP,SC,ASO,ES,Towers with Radar,19,132,35,2,188,1,0,9,0,10,20,132,44,2,198,2,0,2,200
11/02/2001,GSP,SC,ASO,ES,Towers with Radar,21,126,33,3,183,0,0,18,3,21,21,126,51,6,204,0,0,0,204
11/03/2001,GSP,SC,ASO,ES,Towers with Radar,13,100,18,0,131,1,0,7,0,8,14,100,25,0,139,0,0,0,139
11/04/2001,GSP,SC,ASO,ES,Towers with Radar,12,107,24,2,145,0,0,14,1,15,12,107,38,3,160,0,0,0,160
11/05/2001,GSP,SC,ASO,ES,Towers with Radar,28,120,28,2,178,0,0,14,2,16,28,120,42,4,194,8,0,8,202
11/06/2001,GSP,SC,ASO,ES,Towers with Radar,18,132,34,33,217,0,0,14,1,15,18,132,48,34,232,36,34,70,302
11/07/2001,GSP,SC,ASO,ES,Towers with Radar,17,129,36,2,184,0,0,13,0,13,17,129,49,2,197,18,0,18,215
11/08/2001,GSP,SC,ASO,ES,Towers with Radar,16,140,41,21,218,0,0,8,3,11,16,140,49,24,229,0,34,34,263
11/09/2001,GSP,SC,ASO,ES,Towers with Radar,21,134,24,2,181,0,0,19,1,20,21,134,43,3,201,12,0,12,213
11/10/2001,GSP,SC,ASO,ES,Towers with Radar,12,92,16,0,120,0,0,8,0,8,12,92,24,0,128,0,0,0,128
11/11/2001,GSP,SC,ASO,ES,Towers with Radar,12,102,23,5,142,0,2,16,2,20,12,104,39,7,162,22,0,22,184
11/12/2001,GSP,SC,ASO,ES,Towers with Radar,15,120,25,1,161,0,0,5,2,7,15,120,30,3,168,0,2,2,170
11/13/2001,GSP,SC,ASO,ES,Towers with Radar,18,138,30,3,189,0,2,5,0,7,18,140,35,3,196,0,0,0,196
11/14/2001,GSP,SC,ASO,ES,Towers with Radar,21,127,37,2,187,0,0,14,2,16,21,127,51,4,203,2,12,14,217
11/15/2001,GSP,SC,ASO,ES,Towers with Radar,27,129,28,19,203,0,0,21,1,22,27,129,49,20,225,0,18,18,243
11/16/2001,GSP,SC,ASO,ES,Towers with Radar,16,124,26,17,183,0,0,10,3,13,16,124,36,20,196,0,22,22,218
11/17/2001,GSP,SC,ASO,ES,Towers with Radar,12,93,9,0,114,0,0,6,0,6,12,93,15,0,120,26,0,26,146
11/18/2001,GSP,SC,ASO,ES,Towers with Radar,12,108,6,1,127,0,0,13,4,17,12,108,19,5,144,0,0,0,144
11/19/2001,GSP,SC,ASO,ES,Towers with Radar,15,131,30,2,178,0,0,6,0,6,15,131,36,2,184,8,8,16,200
11/20/2001,GSP,SC,ASO,ES,Towers with Radar,17,134,28,2,181,0,0,19,0,19,17,134,47,2,200,0,0,0,200
11/21/2001,GSP,SC,ASO,ES,Towers with Radar,21,130,16,0,167,0,0,12,1,13,21,130,28,1,180,0,0,0,180
11/22/2001,GSP,SC,ASO,ES,Towers with Radar,12,85,8,0,105,0,0,0,0,0,12,85,8,0,105,0,0,0,105
11/23/2001,GSP,SC,ASO,ES,Towers with Radar,13,83,7,0,103,0,0,2,0,2,13,83,9,0,105,0,0,0,105
11/24/2001,GSP,SC,ASO,ES,Towers with Radar,11,89,11,0,111,0,0,0,0,0,11,89,11,0,111,0,0,0,111
11/25/2001,GSP,SC,ASO,ES,Towers with Radar,14,118,14,0,146,0,0,3,2,5,14,118,17,2,151,0,0,0,151
11/26/2001,GSP,SC,ASO,ES,Towers with Radar,19,127,46,0,192,0,0,9,2,11,19,127,55,2,203,0,0,0,203
11/27/2001,GSP,SC,ASO,ES,Towers with Radar,27,119,34,2,182,0,0,3,0,3,27,119,37,2,185,1,5,6,191
11/28/2001,GSP,SC,ASO,ES,Towers with Radar,22,131,35,0,188,0,0,10,0,10,22,131,45,0,198,0,0,0,198
11/29/2001,GSP,SC,ASO,ES,Towers with Radar,22,124,41,0,187,0,0,0,0,0,22,124,41,0,187,0,0,0,187
11/30/2001,GSP,SC,ASO,ES,Towers with Radar,20,121,25,8,174,0,0,7,0,7,20,121,32,8,181,0,4,4,185
12/01/2001,GSP,SC,ASO,ES,Towers with Radar,17,95,12,0,124,0,0,19,4,23,17,95,31,4,147,0,0,0,147
12/02/2001,GSP,SC,ASO,ES,Towers with Radar,12,112,18,4,146,0,0,18,0,18,12,112,36,4,164,8,6,14,178
12/03/2001,GSP,SC,ASO,ES,Towers with Radar,17,125,48,0,190,0,0,17,4,21,17,125,65,4,211,4,0,4,215
12/04/2001,GSP,SC,ASO,ES,Towers with Radar,20,126,48,5,199,0,0,13,0,13,20,126,61,5,212,12,16,28,240
12/05/2001,GSP,SC,ASO,ES,Towers with Radar,19,127,55,0,201,0,0,6,0,6,19,127,61,0,207,8,0,8,215
12/06/2001,GSP,SC,ASO,ES,Towers with Radar,19,124,40,3,186,0,0,16,1,17,19,124,56,4,203,4,0,4,207
12/07/2001,GSP,SC,ASO,ES,Towers with Radar,21,124,34,0,179,0,0,12,0,12,21,124,46,0,191,5,0,5,196
12/08/2001,GSP,SC,ASO,ES,Towers with Radar,16,97,7,0,120,0,0,8,0,8,16,97,15,0,128,2,0,2,130
12/09/2001,GSP,SC,ASO,ES,Towers with Radar,12,100,11,0,123,0,0,8,0,8,12,100,19,0,131,16,0,16,147
12/10/2001,GSP,SC,ASO,ES,Towers with Radar,17,128,28,2,175,0,0,2,0,2,17,128,30,2,177,0,0,0,177
12/11/2001,GSP,SC,ASO,ES,Towers with Radar,18,132,28,0,178,0,0,9,0,9,18,132,37,0,187,4,0,4,191
12/12/2001,GSP,SC,ASO,ES,Towers with Radar,19,122,68,0,209,0,0,1,0,1,19,122,69,0,210,0,0,0,210
12/13/2001,GSP,SC,ASO,ES,Towers with Radar,19,121,65,0,205,0,0,0,0,0,19,121,65,0,205,0,0,0,205
12/14/2001,GSP,SC,ASO,ES,Towers with Radar,22,131,31,1,185,0,0,4,0,4,22,131,35,1,189,2,0,2,191
12/15/2001,GSP,SC,ASO,ES,Towers with Radar,16,97,12,7,132,0,0,18,2,20,16,97,30,9,152,10,2,12,164
12/16/2001,GSP,SC,ASO,ES,Towers with Radar,19,101,15,0,135,0,0,16,0,16,19,101,31,0,151,21,0,21,172
12/17/2001,GSP,SC,ASO,ES,Towers with Radar,17,127,30,7,181,0,0,0,0,0,17,127,30,7,181,0,0,0,181
12/18/2001,GSP,SC,ASO,ES,Towers with Radar,22,128,25,0,175,0,1,19,1,21,22,129,44,1,196,14,0,14,210
12/19/2001,GSP,SC,ASO,ES,Towers with Radar,18,133,40,0,191,0,0,16,1,17,18,133,56,1,208,6,0,6,214
12/20/2001,GSP,SC,ASO,ES,Towers with Radar,17,123,25,3,168,0,1,10,1,12,17,124,35,4,180,2,0,2,182
12/21/2001,GSP,SC,ASO,ES,Towers with Radar,20,122,28,1,171,0,0,9,1,10,20,122,37,2,181,0,0,0,181
12/22/2001,GSP,SC,ASO,ES,Towers with Radar,19,93,12,0,124,0,0,19,0,19,19,93,31,0,143,0,0,0,143
12/23/2001,GSP,SC,ASO,ES,Towers with Radar,12,90,12,0,114,0,0,2,0,2,12,90,14,0,116,0,0,0,116
12/24/2001,GSP,SC,ASO,ES,Towers with Radar,10,94,4,0,108,0,0,5,0,5,10,94,9,0,113,5,0,5,118
12/25/2001,GSP,SC,ASO,ES,Towers with Radar,9,82,2,0,93,0,0,1,0,1,9,82,3,0,94,0,0,0,94
12/26/2001,GSP,SC,ASO,ES,Towers with Radar,15,118,12,0,145,0,0,8,0,8,15,118,20,0,153,0,0,0,153
12/27/2001,GSP,SC,ASO,ES,Towers with Radar,17,117,13,0,147,0,0,14,0,14,17,117,27,0,161,0,0,0,161
12/28/2001,GSP,SC,ASO,ES,Towers with Radar,20,116,14,1,151,0,0,9,0,9,20,116,23,1,160,0,0,0,160
12/29/2001,GSP,SC,ASO,ES,Towers with Radar,16,94,6,0,116,0,0,5,0,5,16,94,11,0,121,2,0,2,123
12/30/2001,GSP,SC,ASO,ES,Towers with Radar,14,94,5,0,113,0,0,13,0,13,14,94,18,0,126,2,0,2,128
12/31/2001,GSP,SC,ASO,ES,Towers with Radar,18,98,18,0,134,0,0,10,0,10,18,98,28,0,144,28,0,28,172
01/01/2002,GSP,SC,ASO,ES,Towers with Radar,24,87,8,0,119,1,0,5,0,6,25,87,13,0,125,0,0,0,125
01/02/2002,GSP,SC,ASO,ES,Towers with Radar,9,120,18,0,147,1,0,2,0,3,10,120,20,0,150,12,0,12,162
01/03/2002,GSP,SC,ASO,ES,Towers with Radar,8,107,20,0,135,1,0,2,0,3,9,107,22,0,138,0,0,0,138
01/04/2002,GSP,SC,ASO,ES,Towers with Radar,17,122,14,5,158,0,0,9,0,9,17,122,23,5,167,0,0,0,167
01/05/2002,GSP,SC,ASO,ES,Towers with Radar,17,87,23,2,129,0,0,21,0,21,17,87,44,2,150,3,0,3,153
01/06/2002,GSP,SC,ASO,ES,Towers with Radar,19,84,11,4,118,0,0,0,0,0,19,84,11,4,118,0,0,0,118
01/07/2002,GSP,SC,ASO,ES,Towers with Radar,17,133,17,6,173,0,0,9,3,12,17,133,26,9,185,4,4,8,193
01/08/2002,GSP,SC,ASO,ES,Towers with Radar,21,142,31,0,194,0,0,12,0,12,21,142,43,0,206,0,0,0,206
01/09/2002,GSP,SC,ASO,ES,Towers with Radar,23,139,41,0,203,0,0,19,0,19,23,139,60,0,222,14,0,14,236
01/10/2002,GSP,SC,ASO,ES,Towers with Radar,23,132,34,2,191,0,0,11,2,13,23,132,45,4,204,0,0,0,204
01/11/2002,GSP,SC,ASO,ES,Towers with Radar,22,126,18,6,172,0,0,9,2,11,22,126,27,8,183,0,2,2,185
01/12/2002,GSP,SC,ASO,ES,Towers with Radar,12,96,20,1,129,0,0,14,3,17,12,96,34,4,146,0,1,1,147
01/13/2002,GSP,SC,ASO,ES,Towers with Radar,14,103,7,2,126,0,0,11,0,11,14,103,18,2,137,0,0,0,137
01/14/2002,GSP,SC,ASO,ES,Towers with Radar,16,134,24,2,176,0,0,6,2,8,16,134,30,4,184,0,0,0,184
01/15/2002,GSP,SC,ASO,ES,Towers with Radar,18,137,28,0,183,0,0,15,0,15,18,137,43,0,198,48,0,48,246
01/16/2002,GSP,SC,ASO,ES,Towers with Radar,29,121,13,0,163,0,0,21,2,23,29,121,34,2,186,0,0,0,186
01/17/2002,GSP,SC,ASO,ES,Towers with Radar,20,133,38,0,191,0,0,19,0,19,20,133,57,0,210,6,0,6,216
01/18/2002,GSP,SC,ASO,ES,Towers with Radar,20,118,35,7,180,0,0,12,0,12,20,118,47,7,192,0,0,0,192
01/19/2002,GSP,SC,ASO,ES,Towers with Radar,15,97,19,0,131,0,0,1,0,1,15,97,20,0,132,6,0,6,138
01/20/2002,GSP,SC,ASO,ES,Towers with Radar,13,108,30,0,151,0,0,18,0,18,13,108,48,0,169,0,0,0,169
01/21/2002,GSP,SC,ASO,ES,Towers with Radar,17,136,18,0,171,0,0,10,0,10,17,136,28,0,181,10,0,10,191
01/22/2002,GSP,SC,ASO,ES,Towers with Radar,24,125,37,0,186,0,0,7,0,7,24,125,44,0,193,0,0,0,193
01/23/2002,GSP,SC,ASO,ES,Towers with Radar,21,122,15,0,158,0,0,0,0,0,21,122,15,0,158,0,0,0,158
01/24/2002,GSP,SC,ASO,ES,Towers with Radar,23,133,47,0,203,0,0,0,0,0,23,133,47,0,203,0,0,0,203
01/25/2002,GSP,SC,ASO,ES,Towers with Radar,20,140,35,1,196,0,0,10,4,14,20,140,45,5,210,0,0,0,210
01/26/2002,GSP,SC,ASO,ES,Towers with Radar,11,101,14,0,126,0,0,23,0,23,11,101,37,0,149,12,0,12,161
01/27/2002,GSP,SC,ASO,ES,Towers with Radar,16,102,13,0,131,0,0,7,0,7,16,102,20,0,138,0,0,0,138
01/28/2002,GSP,SC,ASO,ES,Towers with Radar,17,127,38,3,185,0,0,8,1,9,17,127,46,4,194,1,0,1,195
01/29/2002,GSP,SC,ASO,ES,Towers with Radar,19,136,30,2,187,0,0,5,1,6,19,136,35,3,193,0,0,0,193
01/30/2002,GSP,SC,ASO,ES,Towers with Radar,22,131,27,0,180,0,0,11,0,11,22,131,38,0,191,4,0,4,195
01/31/2002,GSP,SC,ASO,ES,Towers with Radar,19,121,32,2,174,0,0,5,0,5,19,121,37,2,179,0,0,0,179
02/01/2002,GSP,SC,ASO,ES,Towers with Radar,20,123,13,3,159,0,1,2,0,3,20,124,15,3,162,0,6,6,168
02/02/2002,GSP,SC,ASO,ES,Towers with Radar,17,97,5,0,119,0,1,9,0,10,17,98,14,0,129,0,0,0,129
02/03/2002,GSP,SC,ASO,ES,Towers with Radar,13,99,17,5,134,0,1,5,0,6,13,100,22,5,140,0,0,0,140
02/04/2002,GSP,SC,ASO,ES,Towers with Radar,18,131,17,0,166,0,1,5,0,6,18,132,22,0,172,0,0,0,172
02/05/2002,GSP,SC,ASO,ES,Towers with Radar,21,124,41,0,186,0,2,8,0,10,21,126,49,0,196,0,0,0,196
02/06/2002,GSP,SC,ASO,ES,Towers with Radar,18,120,29,0,167,0,1,0,0,1,18,121,29,0,168,0,0,0,168
02/07/2002,GSP,SC,ASO,ES,Towers with Radar,24,127,27,2,180,0,1,0,0,1,24,128,27,2,181,0,0,0,181
02/08/2002,GSP,SC,ASO,ES,Towers with Radar,18,124,33,4,179,0,1,14,5,20,18,125,47,9,199,10,0,10,209
02/09/2002,GSP,SC,ASO,ES,Towers with Radar,17,92,10,0,119,0,1,15,0,16,17,93,25,0,135,8,0,8,143
02/10/2002,GSP,SC,ASO,ES,Towers with Radar,16,97,16,5,134,0,1,0,0,1,16,98,16,5,135,0,0,0,135
02/11/2002,GSP,SC,ASO,ES,Towers with Radar,17,138,17,0,172,0,1,30,0,31,17,139,47,0,203,2,0,2,205
02/12/2002,GSP,SC,ASO,ES,Towers with Radar,22,123,26,0,171,0,1,20,0,21,22,124,46,0,192,44,0,44,236
02/13/2002,GSP,SC,ASO,ES,Towers with Radar,19,133,29,0,181,0,1,16,0,17,19,134,45,0,198,4,0,4,202
02/14/2002,GSP,SC,ASO,ES,Towers with Radar,19,127,21,0,167,0,0,12,2,14,19,127,33,2,181,1,2,3,184
02/15/2002,GSP,SC,ASO,ES,Towers with Radar,19,127,19,3,168,0,0,9,4,13,19,127,28,7,181,0,0,0,181
02/16/2002,GSP,SC,ASO,ES,Towers with Radar,15,98,12,1,126,0,0,8,0,8,15,98,20,1,134,0,18,18,152
02/17/2002,GSP,SC,ASO,ES,Towers with Radar,14,106,18,0,138,0,0,10,0,10,14,106,28,0,148,0,0,0,148
02/18/2002,GSP,SC,ASO,ES,Towers with Radar,19,126,17,0,162,0,0,17,5,22,19,126,34,5,184,4,0,4,188
02/19/2002,GSP,SC,ASO,ES,Towers with Radar,24,129,36,0,189,0,0,15,2,17,24,129,51,2,206,0,0,0,206
02/20/2002,GSP,SC,ASO,ES,Towers with Radar,22,124,42,5,193,0,0,0,0,0,22,124,42,5,193,0,0,0,193
02/21/2002,GSP,SC,ASO,ES,Towers with Radar,21,133,43,0,197,0,0,9,1,10,21,133,52,1,207,3,0,3,210
02/22/2002,GSP,SC,ASO,ES,Towers with Radar,21,130,27,2,180,0,0,18,12,30,21,130,45,14,210,6,8,14,224
02/23/2002,GSP,SC,ASO,ES,Towers with Radar,15,95,14,0,124,0,0,7,0,7,15,95,21,0,131,0,0,0,131
02/24/2002,GSP,SC,ASO,ES,Towers with Radar,14,101,14,0,129,0,0,17,0,17,14,101,31,0,146,20,0,20,166
02/25/2002,GSP,SC,ASO,ES,Towers with Radar,17,120,14,4,155,0,0,5,0,5,17,120,19,4,160,6,4,10,170
02/26/2002,GSP,SC,ASO,ES,Towers with Radar,23,124,17,0,164,0,0,17,0,17,23,124,34,0,181,0,0,0,181
02/27/2002,GSP,SC,ASO,ES,Towers with Radar,21,128,24,1,174,2,1,9,3,15,23,129,33,4,189,0,0,0,189
02/28/2002,GSP,SC,ASO,ES,Towers with Radar,22,132,26,4,184,0,1,13,0,14,22,133,39,4,198,1,0,1,199
03/01/2002,GSP,SC,ASO,ES,Towers with Radar,20,124,17,4,165,1,0,18,0,19,21,124,35,4,184,0,0,0,184
03/02/2002,GSP,SC,ASO,ES,Towers with Radar,17,83,6,2,108,0,0,1,0,1,17,83,7,2,109,0,0,0,109
03/03/2002,GSP,SC,ASO,ES,Towers with Radar,14,95,11,7,127,0,0,2,0,2,14,95,13,7,129,0,0,0,129
03/04/2002,GSP,SC,ASO,ES,Towers with Radar,15,123,15,4,157,0,0,5,0,5,15,123,20,4,162,0,0,0,162
03/05/2002,GSP,SC,ASO,ES,Towers with Radar,22,131,17,0,170,0,0,7,0,7,22,131,24,0,177,3,0,3,180
03/06/2002,GSP,SC,ASO,ES,Towers with Radar,22,138,20,3,183,0,0,12,3,15,22,138,32,6,198,0,0,0,198
03/07/2002,GSP,SC,ASO,ES,Towers with Radar,24,135,19,0,178,0,0,6,0,6,24,135,25,0,184,0,0,0,184
03/08/2002,GSP,SC,ASO,ES,Towers with Radar,17,122,28,0,167,0,0,26,0,26,17,122,54,0,193,0,0,0,193
03/09/2002,GSP,SC,ASO,ES,Towers with Radar,15,81,3,2,101,0,0,2,0,2,15,81,5,2,103,0,0,0,103
03/10/2002,GSP,SC,ASO,ES,Towers with Radar,16,100,16,0,132,0,0,3,0,3,16,100,19,0,135,16,0,16,151
03/11/2002,GSP,SC,ASO,ES,Towers with Radar,17,132,31,0,180,0,0,14,0,14,17,132,45,0,194,6,0,6,200
03/12/2002,GSP,SC,ASO,ES,Towers with Radar,22,130,38,7,197,0,0,1,0,1,22,130,39,7,198,0,0,0,198
03/13/2002,GSP,SC,ASO,ES,Towers with Radar,28,143,38,1,210,0,0,3,1,4,28,143,41,2,214,2,0,2,216
03/14/2002,GSP,SC,ASO,ES,Towers with Radar,21,134,31,3,189,0,0,12,1,13,21,134,43,4,202,0,0,0,202
03/15/2002,GSP,SC,ASO,ES,Towers with Radar,22,132,25,5,184,0,0,8,5,13,22,132,33,10,197,0,0,0,197
03/16/2002,GSP,SC,ASO,ES,Towers with Radar,24,95,9,0,128,0,0,2,0,2,24,95,11,0,130,0,0,0,130
03/17/2002,GSP,SC,ASO,ES,Towers with Radar,14,107,19,3,143,0,0,1,0,1,14,107,20,3,144,0,0,0,144
03/18/2002,GSP,SC,ASO,ES,Towers with Radar,18,134,19,0,171,0,0,2,0,2,18,134,21,0,173,8,0,8,181
03/19/2002,GSP,SC,ASO,ES,Towers with Radar,21,125,30,2,178,0,0,1,0,1,21,125,31,2,179,0,0,0,179
03/20/2002,GSP,SC,ASO,ES,Towers with Radar,24,127,32,0,183,0,0,2,0,2,24,127,34,0,185,0,0,0,185
03/21/2002,GSP,SC,ASO,ES,Towers with Radar,24,143,28,1,196,0,0,5,2,7,24,143,33,3,203,0,0,0,203
03/22/2002,GSP,SC,ASO,ES,Towers with Radar,21,128,28,2,179,0,0,14,2,16,21,128,42,4,195,0,0,0,195
03/23/2002,GSP,SC,ASO,ES,Towers with Radar,17,95,8,1,121,0,0,8,0,8,17,95,16,1,129,0,0,0,129
03/24/2002,GSP,SC,ASO,ES,Towers with Radar,14,106,19,6,145,0,0,15,1,16,14,106,34,7,161,2,0,2,163
03/25/2002,GSP,SC,ASO,ES,Towers with Radar,17,118,20,4,159,0,0,7,2,9,17,118,27,6,168,0,2,2,170
03/26/2002,GSP,SC,ASO,ES,Towers with Radar,19,111,18,2,150,3,10,0,4,17,22,121,18,6,167,0,0,0,167
03/27/2002,GSP,SC,ASO,ES,Towers with Radar,24,132,17,2,175,0,0,12,0,12,24,132,29,2,187,0,0,0,187
03/28/2002,GSP,SC,ASO,ES,Towers with Radar,24,131,21,4,180,0,0,12,1,13,24,131,33,5,193,0,0,0,193
03/29/2002,GSP,SC,ASO,ES,Towers with Radar,22,125,15,0,162,0,0,7,0,7,22,125,22,0,169,0,0,0,169
03/30/2002,GSP,SC,ASO,ES,Towers with Radar,13,97,11,0,121,0,0,0,0,0,13,97,11,0,121,0,0,0,121
03/31/2002,GSP,SC,ASO,ES,Towers with Radar,14,103,7,1,125,0,0,0,0,0,14,103,7,1,125,0,0,0,125
04/01/2002,GSP,SC,ASO,ES,Towers with Radar,17,118,15,1,151,0,1,12,0,13,17,119,27,1,164,6,1,7,171
04/02/2002,GSP,SC,ASO,ES,Towers with Radar,27,130,25,0,182,0,1,10,0,11,27,131,35,0,193,10,0,10,203
04/03/2002,GSP,SC,ASO,ES,Towers with Radar,26,127,20,1,174,0,1,8,0,9,26,128,28,1,183,4,0,4,187
04/04/2002,GSP,SC,ASO,ES,Towers with Radar,23,126,19,0,168,0,1,16,0,17,23,127,35,0,185,0,0,0,185
04/05/2002,GSP,SC,ASO,ES,Towers with Radar,19,125,17,3,164,0,1,15,0,16,19,126,32,3,180,4,0,4,184
04/06/2002,GSP,SC,ASO,ES,Towers with Radar,15,101,20,2,138,0,0,14,2,16,15,101,34,4,154,0,0,0,154
04/07/2002,GSP,SC,ASO,ES,Towers with Radar,16,101,22,2,141,0,5,5,0,10,16,106,27,2,151,7,0,7,158
04/08/2002,GSP,SC,ASO,ES,Towers with Radar,20,129,22,0,171,0,1,5,0,6,20,130,27,0,177,0,0,0,177
04/09/2002,GSP,SC,ASO,ES,Towers with Radar,22,130,27,4,183,0,1,2,1,4,22,131,29,5,187,0,0,0,187
04/10/2002,GSP,SC,ASO,ES,Towers with Radar,25,132,43,6,206,0,1,12,1,14,25,133,55,7,220,6,0,6,226
04/11/2002,GSP,SC,ASO,ES,Towers with Radar,21,127,32,2,182,0,1,7,0,8,21,128,39,2,190,0,0,0,190
04/12/2002,GSP,SC,ASO,ES,Towers with Radar,20,124,35,7,186,0,1,1,0,2,20,125,36,7,188,0,0,0,188
04/13/2002,GSP,SC,ASO,ES,Towers with Radar,16,109,29,3,157,0,0,6,5,11,16,109,35,8,168,0,4,4,172
04/14/2002,GSP,SC,ASO,ES,Towers with Radar,16,104,21,7,148,0,1,4,1,6,16,105,25,8,154,0,4,4,158
04/15/2002,GSP,SC,ASO,ES,Towers with Radar,17,110,24,2,153,0,19,3,2,24,17,129,27,4,177,2,0,2,179
04/16/2002,GSP,SC,ASO,ES,Towers with Radar,20,127,47,2,196,1,3,12,0,16,21,130,59,2,212,12,0,12,224
04/17/2002,GSP,SC,ASO,ES,Towers with Radar,15,129,43,4,191,1,1,15,0,17,16,130,58,4,208,12,0,12,220
04/18/2002,GSP,SC,ASO,ES,Towers with Radar,16,132,29,3,180,1,0,16,0,17,17,132,45,3,197,10,14,24,221
04/19/2002,GSP,SC,ASO,ES,Towers with Radar,19,124,25,12,180,1,0,19,5,25,20,124,44,17,205,0,4,4,209
04/20/2002,GSP,SC,ASO,ES,Towers with Radar,16,99,7,4,126,1,1,15,0,17,17,100,22,4,143,3,0,3,146
04/21/2002,GSP,SC,ASO,ES,Towers with Radar,13,103,11,4,131,1,0,18,0,19,14,103,29,4,150,4,0,4,154
04/22/2002,GSP,SC,ASO,ES,Towers with Radar,17,129,11,0,157,0,0,11,0,11,17,129,22,0,168,3,0,3,171
04/23/2002,GSP,SC,ASO,ES,Towers with Radar,20,129,43,2,194,0,0,18,0,18,20,129,61,2,212,6,0,6,218
04/24/2002,GSP,SC,ASO,ES,Towers with Radar,24,125,33,0,182,0,0,7,1,8,24,125,40,1,190,0,0,0,190
04/25/2002,GSP,SC,ASO,ES,Towers with Radar,25,128,25,0,178,0,0,9,1,10,25,128,34,1,188,12,0,12,200
04/26/2002,GSP,SC,ASO,ES,Towers with Radar,19,131,34,1,185,0,0,24,0,24,19,131,58,1,209,4,0,4,213
04/27/2002,GSP,SC,ASO,ES,Towers with Radar,16,102,23,1,142,1,0,12,0,13,17,102,35,1,155,4,0,4,159
04/28/2002,GSP,SC,ASO,ES,Towers with Radar,14,102,18,1,135,0,0,5,0,5,14,102,23,1,140,4,0,4,144
04/29/2002,GSP,SC,ASO,ES,Towers with Radar,17,132,27,0,176,0,0,9,2,11,17,132,36,2,187,0,0,0,187
04/30/2002,GSP,SC,ASO,ES,Towers with Radar,19,138,29,0,186,0,0,11,0,11,19,138,40,0,197,0,0,0,197
05/01/2002,GSP,SC,ASO,ES,Towers with Radar,21,135,17,2,175,1,0,4,2,7,22,135,21,4,182,0,0,0,182
05/02/2002,GSP,SC,ASO,ES,Towers with Radar,23,113,18,4,158,0,0,3,0,3,23,113,21,4,161,0,0,0,161
05/03/2002,GSP,SC,ASO,ES,Towers with Radar,20,117,39,5,181,0,0,1,0,1,20,117,40,5,182,0,0,0,182
05/04/2002,GSP,SC,ASO,ES,Towers with Radar,13,77,9,1,100,4,24,0,3,31,17,101,9,4,131,0,0,0,131
05/05/2002,GSP,SC,ASO,ES,Towers with Radar,14,101,23,2,140,0,0,5,11,16,14,101,28,13,156,0,0,0,156
05/06/2002,GSP,SC,ASO,ES,Towers with Radar,17,131,22,3,173,0,0,18,0,18,17,131,40,3,191,0,0,0,191
05/07/2002,GSP,SC,ASO,ES,Towers with Radar,24,133,24,0,181,0,0,10,6,16,24,133,34,6,197,0,0,0,197
05/08/2002,GSP,SC,ASO,ES,Towers with Radar,22,130,31,0,183,0,0,17,2,19,22,130,48,2,202,6,0,6,208
05/09/2002,GSP,SC,ASO,ES,Towers with Radar,20,127,26,2,175,2,0,17,0,19,22,127,43,2,194,16,0,16,210
05/10/2002,GSP,SC,ASO,ES,Towers with Radar,20,132,20,2,174,0,0,5,0,5,20,132,25,2,179,0,0,0,179
05/11/2002,GSP,SC,ASO,ES,Towers with Radar,16,95,13,0,124,0,0,1,0,1,16,95,14,0,125,0,0,0,125
05/12/2002,GSP,SC,ASO,ES,Towers with Radar,14,95,8,0,117,0,0,7,0,7,14,95,15,0,124,0,0,0,124
05/13/2002,GSP,SC,ASO,ES,Towers with Radar,17,120,25,0,162,0,0,11,0,11,17,120,36,0,173,0,0,0,173
05/14/2002,GSP,SC,ASO,ES,Towers with Radar,22,140,34,3,199,0,1,22,0,23,22,141,56,3,222,10,0,10,232
05/15/2002,GSP,SC,ASO,ES,Towers with Radar,19,141,34,0,194,0,0,18,0,18,19,141,52,0,212,12,0,12,224
05/16/2002,GSP,SC,ASO,ES,Towers with Radar,21,137,28,2,188,0,0,24,0,24,21,137,52,2,212,9,0,9,221
05/17/2002,GSP,SC,ASO,ES,Towers with Radar,20,130,27,3,180,0,1,8,2,11,20,131,35,5,191,0,0,0,191
05/18/2002,GSP,SC,ASO,ES,Towers with Radar,17,98,17,0,132,0,0,6,0,6,17,98,23,0,138,0,0,0,138
05/19/2002,GSP,SC,ASO,ES,Towers with Radar,14,102,18,5,139,0,0,17,1,18,14,102,35,6,157,4,0,4,161
05/20/2002,GSP,SC,ASO,ES,Towers with Radar,17,135,26,1,179,0,0,15,2,17,17,135,41,3,196,2,0,2,198
05/21/2002,GSP,SC,ASO,ES,Towers with Radar,32,121,28,2,183,0,0,10,0,10,32,121,38,2,193,8,6,14,207
05/22/2002,GSP,SC,ASO,ES,Towers with Radar,22,127,36,7,192,0,0,6,2,8,22,127,42,9,200,0,6,6,206
05/23/2002,GSP,SC,ASO,ES,Towers with Radar,19,132,26,0,177,0,0,9,0,9,19,132,35,0,186,0,0,0,186
05/24/2002,GSP,SC,ASO,ES,Towers with Radar,23,121,25,0,169,0,0,10,0,10,23,121,35,0,179,7,0,7,186
05/25/2002,GSP,SC,ASO,ES,Towers with Radar,16,94,5,0,115,0,0,5,0,5,16,94,10,0,120,0,0,0,120
05/26/2002,GSP,SC,ASO,ES,Towers with Radar,23,79,5,0,107,0,0,20,0,20,23,79,25,0,127,0,0,0,127
05/27/2002,GSP,SC,ASO,ES,Towers with Radar,13,112,18,2,145,0,0,6,0,6,13,112,24,2,151,0,10,10,161
05/28/2002,GSP,SC,ASO,ES,Towers with Radar,17,130,30,1,178,0,0,5,0,5,17,130,35,1,183,0,0,0,183
05/29/2002,GSP,SC,ASO,ES,Towers with Radar,20,138,38,0,196,0,0,7,2,9,20,138,45,2,205,0,0,0,205
05/30/2002,GSP,SC,ASO,ES,Towers with Radar,26,145,37,0,208,0,0,14,0,14,26,145,51,0,222,4,0,4,226
05/31/2002,GSP,SC,ASO,ES,Towers with Radar,17,124,39,8,188,0,0,16,4,20,17,124,55,12,208,16,0,16,224
06/01/2002,GSP,SC,ASO,ES,Towers with Radar,23,99,21,2,145,18,0,12,6,36,41,99,33,8,181,0,0,0,181
06/02/2002,GSP,SC,ASO,ES,Towers with Radar,18,76,10,1,105,10,1,0,4,15,28,77,10,5,120,0,0,0,120
06/03/2002,GSP,SC,ASO,ES,Towers with Radar,19,84,17,1,121,16,0,19,5,40,35,84,36,6,161,0,0,0,161
06/04/2002,GSP,SC,ASO,ES,Towers with Radar,24,113,23,2,162,11,0,8,5,24,35,113,31,7,186,0,18,18,204
06/05/2002,GSP,SC,ASO,ES,Towers with Radar,18,121,31,2,172,0,0,6,0,6,18,121,37,2,178,12,0,12,190
06/06/2002,GSP,SC,ASO,ES,Towers with Radar,27,127,25,2,181,0,0,2,0,2,27,127,27,2,183,0,0,0,183
06/07/2002,GSP,SC,ASO,ES,Towers with Radar,18,127,35,9,189,0,0,21,0,21,18,127,56,9,210,2,3,5,215
06/08/2002,GSP,SC,ASO,ES,Towers with Radar,15,98,16,2,131,0,0,7,0,7,15,98,23,2,138,0,3,3,141
06/09/2002,GSP,SC,ASO,ES,Towers with Radar,14,107,18,5,144,0,0,12,0,12,14,107,30,5,156,0,14,14,170
06/10/2002,GSP,SC,ASO,ES,Towers with Radar,17,132,19,3,171,0,0,7,0,7,17,132,26,3,178,31,0,31,209
06/11/2002,GSP,SC,ASO,ES,Towers with Radar,21,136,29,3,189,0,0,19,0,19,21,136,48,3,208,0,8,8,216
06/12/2002,GSP,SC,ASO,ES,Towers with Radar,21,135,25,1,182,0,0,17,0,17,21,135,42,1,199,5,0,5,204
06/13/2002,GSP,SC,ASO,ES,Towers with Radar,20,123,31,0,174,0,0,7,0,7,20,123,38,0,181,0,0,0,181
06/14/2002,GSP,SC,ASO,ES,Towers with Radar,20,123,24,0,167,0,7,16,0,23,20,130,40,0,190,0,0,0,190
06/15/2002,GSP,SC,ASO,ES,Towers with Radar,15,89,8,2,114,0,0,16,1,17,15,89,24,3,131,0,0,0,131
06/16/2002,GSP,SC,ASO,ES,Towers with Radar,15,90,11,0,116,0,11,0,0,11,15,101,11,0,127,0,0,0,127
06/17/2002,GSP,SC,ASO,ES,Towers with Radar,16,133,23,2,174,0,0,20,0,20,16,133,43,2,194,8,0,8,202
06/18/2002,GSP,SC,ASO,ES,Towers with Radar,32,128,35,0,195,0,0,20,0,20,32,128,55,0,215,14,0,14,229
06/19/2002,GSP,SC,ASO,ES,Towers with Radar,21,133,19,5,178,0,0,14,0,14,21,133,33,5,192,10,0,10,202
06/20/2002,GSP,SC,ASO,ES,Towers with Radar,22,132,30,0,184,0,0,3,0,3,22,132,33,0,187,0,0,0,187
06/21/2002,GSP,SC,ASO,ES,Towers with Radar,17,131,28,3,179,0,0,10,6,16,17,131,38,9,195,0,0,0,195
06/22/2002,GSP,SC,ASO,ES,Towers with Radar,14,99,15,3,131,0,0,7,0,7,14,99,22,3,138,0,0,0,138
06/23/2002,GSP,SC,ASO,ES,Towers with Radar,15,106,14,4,139,0,0,6,1,7,15,106,20,5,146,0,0,0,146
06/24/2002,GSP,SC,ASO,ES,Towers with Radar,15,131,21,6,173,0,0,8,0,8,15,131,29,6,181,0,0,0,181
06/25/2002,GSP,SC,ASO,ES,Towers with Radar,20,125,46,0,191,0,0,8,0,8,20,125,54,0,199,3,0,3,202
06/26/2002,GSP,SC,ASO,ES,Towers with Radar,20,142,27,2,191,0,0,4,0,4,20,142,31,2,195,18,0,18,213
06/27/2002,GSP,SC,ASO,ES,Towers with Radar,24,139,19,1,183,0,0,11,1,12,24,139,30,2,195,0,0,0,195
06/28/2002,GSP,SC,ASO,ES,Towers with Radar,22,137,22,0,181,0,0,8,0,8,22,137,30,0,189,6,0,6,195
06/29/2002,GSP,SC,ASO,ES,Towers with Radar,16,89,6,0,111,0,0,12,0,12,16,89,18,0,123,0,0,0,123
06/30/2002,GSP,SC,ASO,ES,Towers with Radar,14,105,5,1,125,0,0,7,0,7,14,105,12,1,132,0,0,0,132
07/01/2002,GSP,SC,ASO,ES,Towers with Radar,16,122,22,2,162,1,3,4,0,8,17,125,26,2,170,4,0,4,174
07/02/2002,GSP,SC,ASO,ES,Towers with Radar,26,130,28,1,185,0,3,3,2,8,26,133,31,3,193,0,12,12,205
07/03/2002,GSP,SC,ASO,ES,Towers with Radar,22,131,16,4,173,0,0,1,1,2,22,131,17,5,175,0,0,0,175
07/04/2002,GSP,SC,ASO,ES,Towers with Radar,16,95,7,1,119,1,3,3,0,7,17,98,10,1,126,0,0,0,126
07/05/2002,GSP,SC,ASO,ES,Towers with Radar,13,83,17,0,113,0,11,10,0,21,13,94,27,0,134,2,0,2,136
07/06/2002,GSP,SC,ASO,ES,Towers with Radar,14,84,6,0,104,1,3,4,0,8,15,87,10,0,112,12,0,12,124
07/07/2002,GSP,SC,ASO,ES,Towers with Radar,17,104,20,0,141,1,3,16,0,20,18,107,36,0,161,0,0,0,161
07/08/2002,GSP,SC,ASO,ES,Towers with Radar,25,116,17,0,158,0,3,4,0,7,25,119,21,0,165,0,0,0,165
07/09/2002,GSP,SC,ASO,ES,Towers with Radar,21,127,36,2,186,0,2,20,3,25,21,129,56,5,211,4,0,4,215
07/10/2002,GSP,SC,ASO,ES,Towers with Radar,23,118,36,0,177,0,3,19,0,22,23,121,55,0,199,0,0,0,199
07/11/2002,GSP,SC,ASO,ES,Towers with Radar,31,119,26,6,182,1,2,7,0,10,32,121,33,6,192,2,0,2,194
07/12/2002,GSP,SC,ASO,ES,Towers with Radar,25,115,20,8,168,1,1,8,1,11,26,116,28,9,179,4,0,4,183
07/13/2002,GSP,SC,ASO,ES,Towers with Radar,16,86,22,2,126,1,2,3,0,6,17,88,25,2,132,0,0,0,132
07/14/2002,GSP,SC,ASO,ES,Towers with Radar,10,99,8,9,126,1,0,1,1,3,11,99,9,10,129,0,0,0,129
07/15/2002,GSP,SC,ASO,ES,Towers with Radar,16,118,28,1,163,1,0,10,1,12,17,118,38,2,175,0,0,0,175
07/16/2002,GSP,SC,ASO,ES,Towers with Radar,19,133,18,0,170,1,0,16,0,17,20,133,34,0,187,6,0,6,193
07/17/2002,GSP,SC,ASO,ES,Towers with Radar,21,128,27,0,176,0,0,14,0,14,21,128,41,0,190,4,0,4,194
07/18/2002,GSP,SC,ASO,ES,Towers with Radar,21,124,32,0,177,0,0,13,0,13,21,124,45,0,190,10,0,10,200
07/19/2002,GSP,SC,ASO,ES,Towers with Radar,18,127,26,2,173,0,0,6,0,6,18,127,32,2,179,0,0,0,179
07/20/2002,GSP,SC,ASO,ES,Towers with Radar,16,97,8,0,121,0,0,4,2,6,16,97,12,2,127,0,0,0,127
07/21/2002,GSP,SC,ASO,ES,Towers with Radar,14,105,11,1,131,0,0,6,0,6,14,105,17,1,137,0,0,0,137
07/22/2002,GSP,SC,ASO,ES,Towers with Radar,17,126,24,0,167,0,1,6,0,7,17,127,30,0,174,4,0,4,178
07/23/2002,GSP,SC,ASO,ES,Towers with Radar,34,123,28,2,187,0,1,7,0,8,34,124,35,2,195,0,0,0,195
07/24/2002,GSP,SC,ASO,ES,Towers with Radar,21,135,23,0,179,0,0,1,0,1,21,135,24,0,180,8,0,8,188
07/25/2002,GSP,SC,ASO,ES,Towers with Radar,21,139,29,2,191,0,1,3,0,4,21,140,32,2,195,0,0,0,195
07/26/2002,GSP,SC,ASO,ES,Towers with Radar,19,131,25,1,176,0,0,7,0,7,19,131,32,1,183,6,0,6,189
07/27/2002,GSP,SC,ASO,ES,Towers with Radar,17,95,13,1,126,0,3,5,0,8,17,98,18,1,134,0,0,0,134
07/28/2002,GSP,SC,ASO,ES,Towers with Radar,15,101,7,0,123,0,3,8,0,11,15,104,15,0,134,0,0,0,134
07/29/2002,GSP,SC,ASO,ES,Towers with Radar,14,122,24,0,160,0,2,10,0,12,14,124,34,0,172,1,0,1,173
07/30/2002,GSP,SC,ASO,ES,Towers with Radar,21,133,30,0,184,0,0,17,0,17,21,133,47,0,201,1,0,1,202
07/31/2002,GSP,SC,ASO,ES,Towers with Radar,21,135,25,0,181,0,2,30,0,32,21,137,55,0,213,10,0,10,223
08/01/2002,GSP,SC,ASO,ES,Towers with Radar,23,126,17,2,168,0,0,17,0,17,23,126,34,2,185,6,0,6,191
08/02/2002,GSP,SC,ASO,ES,Towers with Radar,21,135,20,5,181,0,0,11,0,11,21,135,31,5,192,0,0,0,192
08/03/2002,GSP,SC,ASO,ES,Towers with Radar,17,92,4,1,114,0,0,13,0,13,17,92,17,1,127,6,0,6,133
08/04/2002,GSP,SC,ASO,ES,Towers with Radar,14,92,15,2,123,0,13,0,1,14,14,105,15,3,137,2,0,2,139
08/05/2002,GSP,SC,ASO,ES,Towers with Radar,15,115,22,8,160,0,0,16,1,17,15,115,38,9,177,0,5,5,182
08/06/2002,GSP,SC,ASO,ES,Towers with Radar,21,129,24,1,175,0,0,15,0,15,21,129,39,1,190,0,0,0,190
08/07/2002,GSP,SC,ASO,ES,Towers with Radar,23,136,31,3,193,0,0,15,0,15,23,136,46,3,208,0,0,0,208
08/08/2002,GSP,SC,ASO,ES,Towers with Radar,22,130,34,0,186,0,0,26,0,26,22,130,60,0,212,8,0,8,220
08/09/2002,GSP,SC,ASO,ES,Towers with Radar,20,127,16,4,167,0,0,17,2,19,20,127,33,6,186,0,0,0,186
08/10/2002,GSP,SC,ASO,ES,Towers with Radar,17,94,5,0,116,0,0,19,0,19,17,94,24,0,135,4,0,4,139
08/11/2002,GSP,SC,ASO,ES,Towers with Radar,15,103,11,2,131,0,0,11,0,11,15,103,22,2,142,5,0,5,147
08/12/2002,GSP,SC,ASO,ES,Towers with Radar,17,131,21,1,170,0,0,8,5,13,17,131,29,6,183,0,0,0,183
08/13/2002,GSP,SC,ASO,ES,Towers with Radar,22,130,26,11,189,0,0,15,1,16,22,130,41,12,205,23,0,23,228
08/14/2002,GSP,SC,ASO,ES,Towers with Radar,23,138,32,9,202,0,0,19,1,20,23,138,51,10,222,2,0,2,224
08/15/2002,GSP,SC,ASO,ES,Towers with Radar,20,123,31,0,174,0,0,13,1,14,20,123,44,1,188,16,0,16,204
08/16/2002,GSP,SC,ASO,ES,Towers with Radar,20,127,21,2,170,0,0,6,2,8,20,127,27,4,178,0,0,0,178
08/17/2002,GSP,SC,ASO,ES,Towers with Radar,15,88,7,0,110,0,0,1,0,1,15,88,8,0,111,0,0,0,111
08/18/2002,GSP,SC,ASO,ES,Towers with Radar,12,97,14,1,124,0,0,10,0,10,12,97,24,1,134,0,0,0,134
08/19/2002,GSP,SC,ASO,ES,Towers with Radar,15,129,28,5,177,0,0,10,2,12,15,129,38,7,189,0,0,0,189
08/20/2002,GSP,SC,ASO,ES,Towers with Radar,22,137,25,1,185,0,0,4,0,4,22,137,29,1,189,2,0,2,191
08/21/2002,GSP,SC,ASO,ES,Towers with Radar,17,126,33,0,176,0,0,11,0,11,17,126,44,0,187,8,0,8,195
08/22/2002,GSP,SC,ASO,ES,Towers with Radar,21,128,22,2,173,0,0,14,0,14,21,128,36,2,187,10,0,10,197
08/23/2002,GSP,SC,ASO,ES,Towers with Radar,21,131,28,0,180,0,0,25,0,25,21,131,53,0,205,4,0,4,209
08/24/2002,GSP,SC,ASO,ES,Towers with Radar,13,86,17,2,118,4,1,13,0,18,17,87,30,2,136,3,0,3,139
08/25/2002,GSP,SC,ASO,ES,Towers with Radar,14,101,19,0,134,0,0,8,0,8,14,101,27,0,142,20,0,20,162
08/26/2002,GSP,SC,ASO,ES,Towers with Radar,17,134,28,1,180,0,0,4,0,4,17,134,32,1,184,0,0,0,184
08/27/2002,GSP,SC,ASO,ES,Towers with Radar,19,137,39,19,214,0,0,4,0,4,19,137,43,19,218,0,24,24,242
08/28/2002,GSP,SC,ASO,ES,Towers with Radar,19,141,36,4,200,0,0,5,0,5,19,141,41,4,205,0,0,0,205
08/29/2002,GSP,SC,ASO,ES,Towers with Radar,24,133,52,0,209,0,0,2,0,2,24,133,54,0,211,0,0,0,211
08/30/2002,GSP,SC,ASO,ES,Towers with Radar,20,131,36,2,189,0,0,0,0,0,20,131,36,2,189,0,0,0,189
08/31/2002,GSP,SC,ASO,ES,Towers with Radar,9,88,19,0,116,0,0,0,0,0,9,88,19,0,116,0,0,0,116
09/01/2002,GSP,SC,ASO,ES,Towers with Radar,9,79,20,0,108,0,0,2,0,2,9,79,22,0,110,0,0,0,110
09/02/2002,GSP,SC,ASO,ES,Towers with Radar,14,100,26,0,140,0,0,15,0,15,14,100,41,0,155,16,0,16,171
09/03/2002,GSP,SC,ASO,ES,Towers with Radar,15,139,14,0,168,0,0,22,0,22,15,139,36,0,190,4,0,4,194
09/04/2002,GSP,SC,ASO,ES,Towers with Radar,16,130,17,1,164,0,1,17,1,19,16,131,34,2,183,0,0,0,183
09/05/2002,GSP,SC,ASO,ES,Towers with Radar,17,136,42,5,200,0,0,13,3,16,17,136,55,8,216,14,13,27,243
09/06/2002,GSP,SC,ASO,ES,Towers with Radar,17,132,29,6,184,0,0,15,4,19,17,132,44,10,203,0,0,0,203
09/07/2002,GSP,SC,ASO,ES,Towers with Radar,13,93,16,18,140,0,0,9,4,13,13,93,25,22,153,8,2,10,163
09/08/2002,GSP,SC,ASO,ES,Towers with Radar,13,103,19,0,135,0,0,13,0,13,13,103,32,0,148,0,0,0,148
09/09/2002,GSP,SC,ASO,ES,Towers with Radar,21,130,25,2,178,0,0,15,1,16,21,130,40,3,194,24,0,24,218
09/10/2002,GSP,SC,ASO,ES,Towers with Radar,14,129,28,10,181,0,0,17,1,18,14,129,45,11,199,6,14,20,219
09/11/2002,GSP,SC,ASO,ES,Towers with Radar,12,131,28,6,177,0,0,9,3,12,12,131,37,9,189,4,2,6,195
09/12/2002,GSP,SC,ASO,ES,Towers with Radar,15,140,28,12,195,0,1,23,4,28,15,141,51,16,223,2,4,6,229
09/13/2002,GSP,SC,ASO,ES,Towers with Radar,17,127,26,5,175,0,1,3,0,4,17,128,29,5,179,0,0,0,179
09/14/2002,GSP,SC,ASO,ES,Towers with Radar,14,96,11,0,121,0,0,0,0,0,14,96,11,0,121,0,0,0,121
09/15/2002,GSP,SC,ASO,ES,Towers with Radar,11,104,13,3,131,0,0,0,0,0,11,104,13,3,131,0,0,0,131
09/16/2002,GSP,SC,ASO,ES,Towers with Radar,16,134,29,1,180,0,0,7,3,10,16,134,36,4,190,0,0,0,190
09/17/2002,GSP,SC,ASO,ES,Towers with Radar,20,128,43,3,194,0,0,9,2,11,20,128,52,5,205,2,12,14,219
09/18/2002,GSP,SC,ASO,ES,Towers with Radar,16,134,36,0,186,0,0,2,2,4,16,134,38,2,190,0,58,58,248
09/19/2002,GSP,SC,ASO,ES,Towers with Radar,19,139,25,1,184,0,1,4,2,7,19,140,29,3,191,0,1,1,192
09/20/2002,GSP,SC,ASO,ES,Towers with Radar,19,125,32,4,180,0,0,4,0,4,19,125,36,4,184,0,0,0,184
09/21/2002,GSP,SC,ASO,ES,Towers with Radar,20,102,8,0,130,0,0,3,0,3,20,102,11,0,133,0,0,0,133
09/22/2002,GSP,SC,ASO,ES,Towers with Radar,17,102,14,3,136,0,0,1,0,1,17,102,15,3,137,0,0,0,137
09/23/2002,GSP,SC,ASO,ES,Towers with Radar,16,130,32,5,183,0,0,10,0,10,16,130,42,5,193,4,8,12,205
09/24/2002,GSP,SC,ASO,ES,Towers with Radar,17,133,32,0,182,0,0,11,5,16,17,133,43,5,198,0,6,6,204
09/25/2002,GSP,SC,ASO,ES,Towers with Radar,22,141,31,1,195,0,1,4,1,6,22,142,35,2,201,0,0,0,201
09/26/2002,GSP,SC,ASO,ES,Towers with Radar,19,134,38,0,191,0,0,0,0,0,19,134,38,0,191,0,0,0,191
09/27/2002,GSP,SC,ASO,ES,Towers with Radar,23,132,26,0,181,0,0,5,2,7,23,132,31,2,188,0,0,0,188
09/28/2002,GSP,SC,ASO,ES,Towers with Radar,16,100,17,0,133,0,0,13,0,13,16,100,30,0,146,8,0,8,154
09/29/2002,GSP,SC,ASO,ES,Towers with Radar,11,105,26,7,149,0,0,18,0,18,11,105,44,7,167,2,0,2,169
09/30/2002,GSP,SC,ASO,ES,Towers with Radar,20,140,24,4,188,0,0,10,0,10,20,140,34,4,198,4,8,12,210
10/01/2002,GSP,SC,ASO,ES,Towers with Radar,21,139,56,6,222,0,0,14,2,16,21,139,70,8,238,14,0,14,252
10/02/2002,GSP,SC,ASO,ES,Towers with Radar,22,139,34,0,195,0,1,21,0,22,22,140,55,0,217,6,0,6,223
10/03/2002,GSP,SC,ASO,ES,Towers with Radar,20,131,37,0,188,0,0,21,0,21,20,131,58,0,209,12,0,12,221
10/04/2002,GSP,SC,ASO,ES,Towers with Radar,18,125,28,2,173,0,0,8,0,8,18,125,36,2,181,4,0,4,185
10/05/2002,GSP,SC,ASO,ES,Towers with Radar,16,97,10,0,123,0,0,5,2,7,16,97,15,2,130,0,0,0,130
10/06/2002,GSP,SC,ASO,ES,Towers with Radar,13,104,30,4,151,0,0,14,0,14,13,104,44,4,165,0,0,0,165
10/07/2002,GSP,SC,ASO,ES,Towers with Radar,16,125,42,0,183,0,0,10,0,10,16,125,52,0,193,8,0,8,201
10/08/2002,GSP,SC,ASO,ES,Towers with Radar,24,124,47,4,199,0,0,6,0,6,24,124,53,4,205,10,10,20,225
10/09/2002,GSP,SC,ASO,ES,Towers with Radar,17,141,59,0,217,0,0,0,0,0,17,141,59,0,217,0,0,0,217
10/10/2002,GSP,SC,ASO,ES,Towers with Radar,22,141,54,2,219,0,0,3,0,3,22,141,57,2,222,1,0,1,223
10/11/2002,GSP,SC,ASO,ES,Towers with Radar,24,123,37,2,186,0,0,6,0,6,24,123,43,2,192,7,0,7,199
10/12/2002,GSP,SC,ASO,ES,Towers with Radar,18,96,14,0,128,0,0,20,0,20,18,96,34,0,148,0,0,0,148
10/13/2002,GSP,SC,ASO,ES,Towers with Radar,14,110,23,0,147,0,0,7,0,7,14,110,30,0,154,2,0,2,156
10/14/2002,GSP,SC,ASO,ES,Towers with Radar,15,128,31,2,176,0,0,3,0,3,15,128,34,2,179,0,0,0,179
10/15/2002,GSP,SC,ASO,ES,Towers with Radar,15,137,39,2,193,0,0,0,0,0,15,137,39,2,193,0,0,0,193
10/16/2002,GSP,SC,ASO,ES,Towers with Radar,22,129,47,0,198,0,1,14,0,15,22,130,61,0,213,8,0,8,221
10/17/2002,GSP,SC,ASO,ES,Towers with Radar,20,132,55,5,212,0,0,23,1,24,20,132,78,6,236,2,0,2,238
10/18/2002,GSP,SC,ASO,ES,Towers with Radar,20,132,46,2,200,0,0,19,0,19,20,132,65,2,219,3,0,3,222
10/19/2002,GSP,SC,ASO,ES,Towers with Radar,16,102,9,3,130,0,0,22,1,23,16,102,31,4,153,6,0,6,159
10/20/2002,GSP,SC,ASO,ES,Towers with Radar,16,106,33,6,161,0,0,8,0,8,16,106,41,6,169,0,0,0,169
10/21/2002,GSP,SC,ASO,ES,Towers with Radar,16,137,58,4,215,0,0,4,1,5,16,137,62,5,220,0,0,0,220
10/22/2002,GSP,SC,ASO,ES,Towers with Radar,17,127,70,8,222,0,0,12,0,12,17,127,82,8,234,0,0,0,234
10/23/2002,GSP,SC,ASO,ES,Towers with Radar,23,136,48,2,209,0,0,8,0,8,23,136,56,2,217,2,0,2,219
10/24/2002,GSP,SC,ASO,ES,Towers with Radar,22,137,46,6,211,0,0,2,0,2,22,137,48,6,213,0,0,0,213
10/25/2002,GSP,SC,ASO,ES,Towers with Radar,21,129,59,1,210,0,0,0,0,0,21,129,59,1,210,0,0,0,210
10/26/2002,GSP,SC,ASO,ES,Towers with Radar,19,101,18,3,141,0,0,1,11,12,19,101,19,14,153,0,0,0,153
10/27/2002,GSP,SC,ASO,ES,Towers with Radar,14,110,29,2,155,0,0,1,2,3,14,110,30,4,158,0,0,0,158
10/28/2002,GSP,SC,ASO,ES,Towers with Radar,17,129,38,2,186,0,0,0,0,0,17,129,38,2,186,0,0,0,186
10/29/2002,GSP,SC,ASO,ES,Towers with Radar,19,130,59,14,222,0,0,0,0,0,19,130,59,14,222,0,6,6,228
10/30/2002,GSP,SC,ASO,ES,Towers with Radar,19,139,82,0,240,0,0,0,0,0,19,139,82,0,240,0,0,0,240
10/31/2002,GSP,SC,ASO,ES,Towers with Radar,22,127,45,0,194,0,0,30,0,30,22,127,75,0,224,1,0,1,225
11/01/2002,GSP,SC,ASO,ES,Towers with Radar,21,133,36,4,194,0,0,25,0,25,21,133,61,4,219,7,0,7,226
11/02/2002,GSP,SC,ASO,ES,Towers with Radar,17,99,13,0,129,0,0,9,4,13,17,99,22,4,142,0,0,0,142
11/03/2002,GSP,SC,ASO,ES,Towers with Radar,14,108,19,4,145,0,0,6,0,6,14,108,25,4,151,0,0,0,151
11/04/2002,GSP,SC,ASO,ES,Towers with Radar,19,130,53,6,208,0,0,7,0,7,19,130,60,6,215,36,6,42,257
11/05/2002,GSP,SC,ASO,ES,Towers with Radar,21,120,50,0,191,0,0,0,0,0,21,120,50,0,191,0,0,0,191
11/06/2002,GSP,SC,ASO,ES,Towers with Radar,20,147,49,9,225,0,0,10,0,10,20,147,59,9,235,32,18,50,285
11/07/2002,GSP,SC,ASO,ES,Towers with Radar,24,132,50,0,206,0,0,36,0,36,24,132,86,0,242,12,0,12,254
11/08/2002,GSP,SC,ASO,ES,Towers with Radar,22,122,45,1,190,0,0,31,0,31,22,122,76,1,221,0,0,0,221
11/09/2002,GSP,SC,ASO,ES,Towers with Radar,20,104,27,0,151,0,0,23,6,29,20,104,50,6,180,6,0,6,186
11/10/2002,GSP,SC,ASO,ES,Towers with Radar,12,90,23,0,125,0,0,3,0,3,12,90,26,0,128,14,0,14,142
11/11/2002,GSP,SC,ASO,ES,Towers with Radar,19,123,36,0,178,0,0,1,0,1,19,123,37,0,179,12,0,12,191
11/12/2002,GSP,SC,ASO,ES,Towers with Radar,21,132,59,0,212,0,0,0,0,0,21,132,59,0,212,14,0,14,226
11/13/2002,GSP,SC,ASO,ES,Towers with Radar,21,129,52,5,207,0,0,29,1,30,21,129,81,6,237,0,0,0,237
11/14/2002,GSP,SC,ASO,ES,Towers with Radar,21,139,65,0,225,0,2,49,2,53,21,141,114,2,278,9,4,13,291
11/15/2002,GSP,SC,ASO,ES,Towers with Radar,20,131,76,11,238,0,0,20,1,21,20,131,96,12,259,10,6,16,275
11/16/2002,GSP,SC,ASO,ES,Towers with Radar,16,98,22,0,136,0,0,0,0,0,16,98,22,0,136,0,0,0,136
11/17/2002,GSP,SC,ASO,ES,Towers with Radar,15,104,48,4,171,0,0,10,0,10,15,104,58,4,181,3,0,3,184
11/18/2002,GSP,SC,ASO,ES,Towers with Radar,16,134,55,2,207,0,0,24,2,26,16,134,79,4,233,0,8,8,241
11/19/2002,GSP,SC,ASO,ES,Towers with Radar,21,123,73,4,221,0,0,23,0,23,21,123,96,4,244,2,0,2,246
11/20/2002,GSP,SC,ASO,ES,Towers with Radar,19,145,96,2,262,0,0,18,0,18,19,145,114,2,280,5,0,5,285
11/21/2002,GSP,SC,ASO,ES,Towers with Radar,20,132,79,8,239,0,0,16,1,17,20,132,95,9,256,6,0,6,262
11/22/2002,GSP,SC,ASO,ES,Towers with Radar,19,131,61,2,213,0,0,21,2,23,19,131,82,4,236,6,0,6,242
11/23/2002,GSP,SC,ASO,ES,Towers with Radar,16,100,33,4,153,0,0,11,1,12,16,100,44,5,165,0,0,0,165
11/24/2002,GSP,SC,ASO,ES,Towers with Radar,14,107,28,0,149,0,0,20,0,20,14,107,48,0,169,0,0,0,169
11/25/2002,GSP,SC,ASO,ES,Towers with Radar,18,131,38,1,188,0,0,23,1,24,18,131,61,2,212,6,0,6,218
11/26/2002,GSP,SC,ASO,ES,Towers with Radar,18,126,53,0,197,0,0,20,2,22,18,126,73,2,219,0,0,0,219
11/27/2002,GSP,SC,ASO,ES,Towers with Radar,25,131,45,0,201,0,0,17,0,17,25,131,62,0,218,0,0,0,218
11/28/2002,GSP,SC,ASO,ES,Towers with Radar,13,100,7,0,120,0,0,9,2,11,13,100,16,2,131,0,0,0,131
11/29/2002,GSP,SC,ASO,ES,Towers with Radar,15,90,17,0,122,0,0,9,0,9,15,90,26,0,131,0,0,0,131
11/30/2002,GSP,SC,ASO,ES,Towers with Radar,16,99,9,0,124,0,0,11,0,11,16,99,20,0,135,0,0,0,135
12/01/2002,GSP,SC,ASO,ES,Towers with Radar,17,107,25,1,150,0,0,23,0,23,17,107,48,1,173,0,0,0,173
12/02/2002,GSP,SC,ASO,ES,Towers with Radar,20,122,40,33,215,0,0,10,1,11,20,122,50,34,226,0,4,4,230
12/03/2002,GSP,SC,ASO,ES,Towers with Radar,22,121,34,11,188,0,0,22,0,22,22,121,56,11,210,12,0,12,222
12/04/2002,GSP,SC,ASO,ES,Towers with Radar,7,66,27,0,100,0,0,1,0,1,7,66,28,0,101,0,0,0,101
12/05/2002,GSP,SC,ASO,ES,Towers with Radar,25,77,36,3,141,0,0,0,0,0,25,77,36,3,141,0,0,0,141
12/06/2002,GSP,SC,ASO,ES,Towers with Radar,30,120,43,5,198,0,0,13,0,13,30,120,56,5,211,6,0,6,217
12/07/2002,GSP,SC,ASO,ES,Towers with Radar,18,96,10,3,127,0,0,9,0,9,18,96,19,3,136,6,0,6,142
12/08/2002,GSP,SC,ASO,ES,Towers with Radar,18,102,22,2,144,0,0,20,2,22,18,102,42,4,166,0,0,0,166
12/09/2002,GSP,SC,ASO,ES,Towers with Radar,20,130,33,4,187,0,0,8,0,8,20,130,41,4,195,0,2,2,197
12/10/2002,GSP,SC,ASO,ES,Towers with Radar,21,134,35,0,190,0,0,0,0,0,21,134,35,0,190,0,0,0,190
12/11/2002,GSP,SC,ASO,ES,Towers with Radar,24,124,49,4,201,0,0,2,0,2,24,124,51,4,203,0,0,0,203
12/12/2002,GSP,SC,ASO,ES,Towers with Radar,30,118,46,3,197,0,0,4,0,4,30,118,50,3,201,2,2,4,205
12/13/2002,GSP,SC,ASO,ES,Towers with Radar,22,125,31,2,180,0,0,0,0,0,22,125,31,2,180,0,0,0,180
12/14/2002,GSP,SC,ASO,ES,Towers with Radar,18,96,9,6,129,0,0,2,1,3,18,96,11,7,132,6,6,12,144
12/15/2002,GSP,SC,ASO,ES,Towers with Radar,16,105,17,2,140,0,0,22,0,22,16,105,39,2,162,0,0,0,162
12/16/2002,GSP,SC,ASO,ES,Towers with Radar,21,120,23,0,164,0,0,11,0,11,21,120,34,0,175,0,0,0,175
12/17/2002,GSP,SC,ASO,ES,Towers with Radar,21,124,41,0,186,0,0,16,0,16,21,124,57,0,202,0,0,0,202
12/18/2002,GSP,SC,ASO,ES,Towers with Radar,22,132,38,2,194,0,0,11,0,11,22,132,49,2,205,0,6,6,211
12/19/2002,GSP,SC,ASO,ES,Towers with Radar,22,124,56,0,202,0,0,0,0,0,22,124,56,0,202,0,0,0,202
12/20/2002,GSP,SC,ASO,ES,Towers with Radar,20,115,29,0,164,0,0,10,0,10,20,115,39,0,174,4,0,4,178
12/21/2002,GSP,SC,ASO,ES,Towers with Radar,15,105,14,2,136,0,0,25,0,25,15,105,39,2,161,3,0,3,164
12/22/2002,GSP,SC,ASO,ES,Towers with Radar,14,107,8,0,129,0,0,9,0,9,14,107,17,0,138,0,0,0,138
12/23/2002,GSP,SC,ASO,ES,Towers with Radar,15,124,21,2,162,0,0,13,0,13,15,124,34,2,175,4,0,4,179
12/24/2002,GSP,SC,ASO,ES,Towers with Radar,15,107,13,0,135,0,0,1,0,1,15,107,14,0,136,0,0,0,136
12/25/2002,GSP,SC,ASO,ES,Towers with Radar,13,92,4,0,109,0,0,4,0,4,13,92,8,0,113,0,0,0,113
12/26/2002,GSP,SC,ASO,ES,Towers with Radar,19,117,14,0,150,0,0,6,0,6,19,117,20,0,156,4,0,4,160
12/27/2002,GSP,SC,ASO,ES,Towers with Radar,24,111,21,11,167,0,0,9,0,9,24,111,30,11,176,0,9,9,185
12/28/2002,GSP,SC,ASO,ES,Towers with Radar,15,97,5,0,117,0,0,7,0,7,15,97,12,0,124,0,0,0,124
12/29/2002,GSP,SC,ASO,ES,Towers with Radar,14,108,12,2,136,0,0,22,0,22,14,108,34,2,158,0,0,0,158
12/30/2002,GSP,SC,ASO,ES,Towers with Radar,17,110,11,0,138,0,0,19,4,23,17,110,30,4,161,2,0,2,163
12/31/2002,GSP,SC,ASO,ES,Towers with Radar,17,105,8,0,130,0,0,7,0,7,17,105,15,0,137,0,0,0,137
01/01/2003,GSP,SC,ASO,ES,Towers with Radar,11,97,0,0,108,1,0,0,0,1,12,97,0,0,109,0,0,0,109
01/02/2003,GSP,SC,ASO,ES,Towers with Radar,18,124,28,2,172,0,0,1,0,1,18,124,29,2,173,0,0,0,173
01/03/2003,GSP,SC,ASO,ES,Towers with Radar,21,123,16,5,165,0,0,8,3,11,21,123,24,8,176,0,0,0,176
01/04/2003,GSP,SC,ASO,ES,Towers with Radar,14,96,13,3,126,0,0,17,0,17,14,96,30,3,143,3,0,3,146
01/05/2003,GSP,SC,ASO,ES,Towers with Radar,13,89,14,6,122,0,0,14,0,14,13,89,28,6,136,3,0,3,139
01/06/2003,GSP,SC,ASO,ES,Towers with Radar,15,119,14,2,150,0,0,4,0,4,15,119,18,2,154,0,2,2,156
01/07/2003,GSP,SC,ASO,ES,Towers with Radar,20,121,18,4,163,0,0,3,1,4,20,121,21,5,167,0,6,6,173
01/08/2003,GSP,SC,ASO,ES,Towers with Radar,23,119,31,0,173,0,0,8,2,10,23,119,39,2,183,2,0,2,185
01/09/2003,GSP,SC,ASO,ES,Towers with Radar,23,116,26,2,167,0,0,13,0,13,23,116,39,2,180,10,0,10,190
01/10/2003,GSP,SC,ASO,ES,Towers with Radar,20,115,27,10,172,0,0,16,1,17,20,115,43,11,189,0,4,4,193
01/11/2003,GSP,SC,ASO,ES,Towers with Radar,17,88,10,0,115,0,0,14,1,15,17,88,24,1,130,8,0,8,138
01/12/2003,GSP,SC,ASO,ES,Towers with Radar,16,95,8,4,123,0,0,12,0,12,16,95,20,4,135,0,0,0,135
01/13/2003,GSP,SC,ASO,ES,Towers with Radar,20,116,37,8,181,0,0,15,0,15,20,116,52,8,196,6,52,58,254
01/14/2003,GSP,SC,ASO,ES,Towers with Radar,24,116,34,0,174,0,0,14,0,14,24,116,48,0,188,0,0,0,188
01/15/2003,GSP,SC,ASO,ES,Towers with Radar,25,121,24,0,170,0,0,10,0,10,25,121,34,0,180,2,0,2,182
01/16/2003,GSP,SC,ASO,ES,Towers with Radar,25,122,51,0,198,0,0,7,0,7,25,122,58,0,205,0,0,0,205
01/17/2003,GSP,SC,ASO,ES,Towers with Radar,23,124,24,0,171,0,0,9,1,10,23,124,33,1,181,0,0,0,181
01/18/2003,GSP,SC,ASO,ES,Towers with Radar,14,78,17,2,111,2,6,10,0,18,16,84,27,2,129,0,0,0,129
01/19/2003,GSP,SC,ASO,ES,Towers with Radar,15,100,9,4,128,0,0,10,0,10,15,100,19,4,138,2,0,2,140
01/20/2003,GSP,SC,ASO,ES,Towers with Radar,17,115,24,0,156,0,0,14,0,14,17,115,38,0,170,8,0,8,178
01/21/2003,GSP,SC,ASO,ES,Towers with Radar,21,121,31,0,173,0,0,0,0,0,21,121,31,0,173,0,0,0,173
01/22/2003,GSP,SC,ASO,ES,Towers with Radar,23,119,38,5,185,0,0,10,0,10,23,119,48,5,195,0,10,10,205
01/23/2003,GSP,SC,ASO,ES,Towers with Radar,21,113,21,0,155,0,0,3,2,5,21,113,24,2,160,0,0,0,160
01/24/2003,GSP,SC,ASO,ES,Towers with Radar,22,119,42,3,186,0,1,14,0,15,22,120,56,3,201,8,0,8,209
01/25/2003,GSP,SC,ASO,ES,Towers with Radar,16,90,13,0,119,0,0,11,0,11,16,90,24,0,130,9,0,9,139
01/26/2003,GSP,SC,ASO,ES,Towers with Radar,16,92,13,2,123,0,0,3,0,3,16,92,16,2,126,6,0,6,132
01/27/2003,GSP,SC,ASO,ES,Towers with Radar,19,112,20,0,151,0,0,2,0,2,19,112,22,0,153,0,0,0,153
01/28/2003,GSP,SC,ASO,ES,Towers with Radar,23,118,31,0,172,0,0,7,0,7,23,118,38,0,179,0,0,0,179
01/29/2003,GSP,SC,ASO,ES,Towers with Radar,25,116,27,6,174,0,0,3,0,3,25,116,30,6,177,0,0,0,177
01/30/2003,GSP,SC,ASO,ES,Towers with Radar,24,125,23,22,194,0,0,0,0,0,24,125,23,22,194,0,11,11,205
01/31/2003,GSP,SC,ASO,ES,Towers with Radar,21,115,29,26,191,0,0,1,1,2,21,115,30,27,193,0,12,12,205
02/01/2003,GSP,SC,ASO,ES,Towers with Radar,16,84,8,3,111,0,0,14,1,15,16,84,22,4,126,5,0,5,131
02/02/2003,GSP,SC,ASO,ES,Towers with Radar,16,98,12,5,131,0,0,18,2,20,16,98,30,7,151,3,0,3,154
02/03/2003,GSP,SC,ASO,ES,Towers with Radar,17,109,18,0,144,0,0,10,0,10,17,109,28,0,154,10,0,10,164
02/04/2003,GSP,SC,ASO,ES,Towers with Radar,21,118,23,2,164,0,0,5,0,5,21,118,28,2,169,6,0,6,175
02/05/2003,GSP,SC,ASO,ES,Towers with Radar,23,120,34,3,180,0,0,27,2,29,23,120,61,5,209,10,0,10,219
02/06/2003,GSP,SC,ASO,ES,Towers with Radar,23,120,20,2,165,0,0,0,0,0,23,120,20,2,165,0,0,0,165
02/07/2003,GSP,SC,ASO,ES,Towers with Radar,22,113,24,3,162,0,0,1,0,1,22,113,25,3,163,0,0,0,163
02/08/2003,GSP,SC,ASO,ES,Towers with Radar,15,90,14,0,119,0,0,19,3,22,15,90,33,3,141,0,0,0,141
02/09/2003,GSP,SC,ASO,ES,Towers with Radar,15,98,20,4,137,0,0,12,5,17,15,98,32,9,154,0,0,0,154
02/10/2003,GSP,SC,ASO,ES,Towers with Radar,16,113,20,4,153,0,0,0,0,0,16,113,20,4,153,4,20,24,177
02/11/2003,GSP,SC,ASO,ES,Towers with Radar,20,119,38,0,177,0,0,7,0,7,20,119,45,0,184,2,0,2,186
02/12/2003,GSP,SC,ASO,ES,Towers with Radar,23,131,40,0,194,0,0,10,0,10,23,131,50,0,204,8,0,8,212
02/13/2003,GSP,SC,ASO,ES,Towers with Radar,25,128,29,2,184,0,0,11,3,14,25,128,40,5,198,0,0,0,198
02/14/2003,GSP,SC,ASO,ES,Towers with Radar,23,113,20,0,156,0,0,3,0,3,23,113,23,0,159,0,0,0,159
02/15/2003,GSP,SC,ASO,ES,Towers with Radar,17,82,13,0,112,0,0,0,0,0,17,82,13,0,112,0,0,0,112
02/16/2003,GSP,SC,ASO,ES,Towers with Radar,2,24,4,0,30,0,0,0,0,0,2,24,4,0,30,0,0,0,30
02/17/2003,GSP,SC,ASO,ES,Towers with Radar,14,64,20,0,98,0,0,1,0,1,14,64,21,0,99,0,0,0,99
02/18/2003,GSP,SC,ASO,ES,Towers with Radar,20,101,30,4,155,0,0,3,4,7,20,101,33,8,162,0,0,0,162
02/19/2003,GSP,SC,ASO,ES,Towers with Radar,24,123,32,4,183,0,0,11,2,13,24,123,43,6,196,6,0,6,202
02/20/2003,GSP,SC,ASO,ES,Towers with Radar,24,130,27,0,181,0,0,11,2,13,24,130,38,2,194,1,0,1,195
02/21/2003,GSP,SC,ASO,ES,Towers with Radar,18,110,38,2,168,0,0,2,0,2,18,110,40,2,170,4,0,4,174
02/22/2003,GSP,SC,ASO,ES,Towers with Radar,13,82,1,0,96,0,0,0,0,0,13,82,1,0,96,0,0,0,96
02/23/2003,GSP,SC,ASO,ES,Towers with Radar,14,88,15,2,119,0,0,6,0,6,14,88,21,2,125,8,0,8,133
02/24/2003,GSP,SC,ASO,ES,Towers with Radar,18,108,20,12,158,0,0,13,4,17,18,108,33,16,175,0,0,0,175
02/25/2003,GSP,SC,ASO,ES,Towers with Radar,22,110,25,0,157,0,0,7,0,7,22,110,32,0,164,0,0,0,164
02/26/2003,GSP,SC,ASO,ES,Towers with Radar,20,117,32,0,169,0,0,0,0,0,20,117,32,0,169,0,0,0,169
02/27/2003,GSP,SC,ASO,ES,Towers with Radar,25,125,43,0,193,0,0,0,0,0,25,125,43,0,193,7,0,7,200
02/28/2003,GSP,SC,ASO,ES,Towers with Radar,23,121,34,3,181,0,0,0,2,2,23,121,34,5,183,0,0,0,183
03/01/2003,GSP,SC,ASO,ES,Towers with Radar,15,85,14,0,114,1,0,0,1,2,16,85,14,1,116,0,0,0,116
03/02/2003,GSP,SC,ASO,ES,Towers with Radar,14,94,5,0,113,0,0,8,1,9,14,94,13,1,122,0,0,0,122
03/03/2003,GSP,SC,ASO,ES,Towers with Radar,18,115,33,0,166,1,0,15,0,16,19,115,48,0,182,0,0,0,182
03/04/2003,GSP,SC,ASO,ES,Towers with Radar,25,114,44,5,188,0,0,16,1,17,25,114,60,6,205,4,0,4,209
03/05/2003,GSP,SC,ASO,ES,Towers with Radar,23,124,33,9,189,0,0,12,3,15,23,124,45,12,204,8,12,20,224
03/06/2003,GSP,SC,ASO,ES,Towers with Radar,22,114,50,0,186,1,0,7,0,8,23,114,57,0,194,0,0,0,194
03/07/2003,GSP,SC,ASO,ES,Towers with Radar,18,125,27,14,184,1,0,5,0,6,19,125,32,14,190,0,18,18,208
03/08/2003,GSP,SC,ASO,ES,Towers with Radar,17,85,15,0,117,1,0,4,0,5,18,85,19,0,122,0,0,0,122
03/09/2003,GSP,SC,ASO,ES,Towers with Radar,16,85,9,4,114,0,1,18,0,19,16,86,27,4,133,0,0,0,133
03/10/2003,GSP,SC,ASO,ES,Towers with Radar,18,108,20,12,158,0,1,9,0,10,18,109,29,12,168,2,8,10,178
03/11/2003,GSP,SC,ASO,ES,Towers with Radar,20,123,30,4,177,0,1,13,1,15,20,124,43,5,192,0,0,0,192
03/12/2003,GSP,SC,ASO,ES,Towers with Radar,20,128,30,0,178,0,1,15,2,18,20,129,45,2,196,8,0,8,204
03/13/2003,GSP,SC,ASO,ES,Towers with Radar,26,123,33,6,188,0,1,4,0,5,26,124,37,6,193,0,0,0,193
03/14/2003,GSP,SC,ASO,ES,Towers with Radar,21,116,20,0,157,0,1,4,0,5,21,117,24,0,162,0,0,0,162
03/15/2003,GSP,SC,ASO,ES,Towers with Radar,15,88,16,2,121,2,7,0,0,9,17,95,16,2,130,2,0,2,132
03/16/2003,GSP,SC,ASO,ES,Towers with Radar,12,90,25,0,127,0,0,2,0,2,12,90,27,0,129,0,0,0,129
03/17/2003,GSP,SC,ASO,ES,Towers with Radar,17,115,27,2,161,0,1,1,0,2,17,116,28,2,163,0,0,0,163
03/18/2003,GSP,SC,ASO,ES,Towers with Radar,25,123,29,2,179,0,1,0,0,1,25,124,29,2,180,0,0,0,180
03/19/2003,GSP,SC,ASO,ES,Towers with Radar,21,114,35,4,174,0,1,0,0,1,21,115,35,4,175,0,4,4,179
03/20/2003,GSP,SC,ASO,ES,Towers with Radar,28,112,29,7,176,0,1,0,0,1,28,113,29,7,177,8,0,8,185
03/21/2003,GSP,SC,ASO,ES,Towers with Radar,21,125,38,4,188,0,0,14,2,16,21,125,52,6,204,9,0,9,213
03/22/2003,GSP,SC,ASO,ES,Towers with Radar,15,85,15,0,115,0,0,14,0,14,15,85,29,0,129,0,0,0,129
03/23/2003,GSP,SC,ASO,ES,Towers with Radar,13,91,13,0,117,0,0,15,0,15,13,91,28,0,132,1,0,1,133
03/24/2003,GSP,SC,ASO,ES,Towers with Radar,17,117,33,4,171,0,0,14,1,15,17,117,47,5,186,0,0,0,186
03/25/2003,GSP,SC,ASO,ES,Towers with Radar,18,121,33,2,174,0,0,12,0,12,18,121,45,2,186,6,0,6,192
03/26/2003,GSP,SC,ASO,ES,Towers with Radar,25,124,26,2,177,0,0,7,1,8,25,124,33,3,185,2,0,2,187
03/27/2003,GSP,SC,ASO,ES,Towers with Radar,19,122,24,0,165,0,0,20,2,22,19,122,44,2,187,0,0,0,187
03/28/2003,GSP,SC,ASO,ES,Towers with Radar,21,122,23,0,166,0,0,6,0,6,21,122,29,0,172,0,0,0,172
03/29/2003,GSP,SC,ASO,ES,Towers with Radar,16,86,3,2,107,0,0,3,0,3,16,86,6,2,110,2,0,2,112
03/30/2003,GSP,SC,ASO,ES,Towers with Radar,11,105,14,0,130,0,0,4,0,4,11,105,18,0,134,2,0,2,136
03/31/2003,GSP,SC,ASO,ES,Towers with Radar,16,127,22,0,165,0,1,16,0,17,16,128,38,0,182,0,0,0,182
04/01/2003,GSP,SC,ASO,ES,Towers with Radar,22,126,21,6,175,0,0,9,3,12,22,126,30,9,187,0,18,18,205
04/02/2003,GSP,SC,ASO,ES,Towers with Radar,24,122,34,2,182,0,0,16,0,16,24,122,50,2,198,6,0,6,204
04/03/2003,GSP,SC,ASO,ES,Towers with Radar,22,116,42,4,184,0,0,14,0,14,22,116,56,4,198,0,0,0,198
04/04/2003,GSP,SC,ASO,ES,Towers with Radar,19,117,34,2,172,0,0,9,0,9,19,117,43,2,181,0,0,0,181
04/05/2003,GSP,SC,ASO,ES,Towers with Radar,17,75,19,0,111,0,0,5,0,5,17,75,24,0,116,0,0,0,116
04/06/2003,GSP,SC,ASO,ES,Towers with Radar,13,94,12,2,121,0,0,8,0,8,13,94,20,2,129,0,0,0,129
04/07/2003,GSP,SC,ASO,ES,Towers with Radar,15,117,20,0,152,0,0,0,0,0,15,117,20,0,152,0,0,0,152
04/08/2003,GSP,SC,ASO,ES,Towers with Radar,20,122,39,0,181,0,0,0,0,0,20,122,39,0,181,0,0,0,181
04/09/2003,GSP,SC,ASO,ES,Towers with Radar,27,124,40,3,194,0,0,0,0,0,27,124,40,3,194,0,10,10,204
04/10/2003,GSP,SC,ASO,ES,Towers with Radar,25,122,38,0,185,0,0,2,0,2,25,122,40,0,187,0,0,0,187
04/11/2003,GSP,SC,ASO,ES,Towers with Radar,20,125,31,8,184,0,0,6,2,8,20,125,37,10,192,10,0,10,202
04/12/2003,GSP,SC,ASO,ES,Towers with Radar,14,88,7,2,111,0,0,21,1,22,14,88,28,3,133,6,0,6,139
04/13/2003,GSP,SC,ASO,ES,Towers with Radar,14,98,22,0,134,0,0,31,1,32,14,98,53,1,166,0,0,0,166
04/14/2003,GSP,SC,ASO,ES,Towers with Radar,18,106,24,2,150,17,1,18,5,41,35,107,42,7,191,0,18,18,209
04/15/2003,GSP,SC,ASO,ES,Towers with Radar,16,128,24,9,177,0,0,13,0,13,16,128,37,9,190,0,0,0,190
04/16/2003,GSP,SC,ASO,ES,Towers with Radar,17,121,36,0,174,0,0,17,0,17,17,121,53,0,191,0,0,0,191
04/17/2003,GSP,SC,ASO,ES,Towers with Radar,20,121,28,1,170,0,2,22,0,24,20,123,50,1,194,0,0,0,194
04/18/2003,GSP,SC,ASO,ES,Towers with Radar,22,122,6,1,151,0,0,0,0,0,22,122,6,1,151,0,0,0,151
04/19/2003,GSP,SC,ASO,ES,Towers with Radar,14,91,19,0,124,0,0,0,0,0,14,91,19,0,124,0,0,0,124
04/20/2003,GSP,SC,ASO,ES,Towers with Radar,15,102,11,0,128,0,0,1,0,1,15,102,12,0,129,0,0,0,129
04/21/2003,GSP,SC,ASO,ES,Towers with Radar,15,119,21,0,155,0,0,0,0,0,15,119,21,0,155,0,0,0,155
04/22/2003,GSP,SC,ASO,ES,Towers with Radar,22,121,37,0,180,0,0,11,0,11,22,121,48,0,191,0,0,0,191
04/23/2003,GSP,SC,ASO,ES,Towers with Radar,22,119,34,4,179,0,0,18,1,19,22,119,52,5,198,18,26,44,242
04/24/2003,GSP,SC,ASO,ES,Towers with Radar,18,117,28,2,165,0,0,21,0,21,18,117,49,2,186,14,0,14,200
04/25/2003,GSP,SC,ASO,ES,Towers with Radar,20,121,36,6,183,0,0,0,0,0,20,121,36,6,183,0,0,0,183
04/26/2003,GSP,SC,ASO,ES,Towers with Radar,17,95,7,1,120,0,0,9,3,12,17,95,16,4,132,0,0,0,132
04/27/2003,GSP,SC,ASO,ES,Towers with Radar,16,98,22,1,137,0,0,17,0,17,16,98,39,1,154,0,0,0,154
04/28/2003,GSP,SC,ASO,ES,Towers with Radar,16,122,24,3,165,0,0,14,0,14,16,122,38,3,179,0,0,0,179
04/29/2003,GSP,SC,ASO,ES,Towers with Radar,18,121,33,0,172,0,1,10,0,11,18,122,43,0,183,0,0,0,183
04/30/2003,GSP,SC,ASO,ES,Towers with Radar,24,110,32,5,171,0,1,30,2,33,24,111,62,7,204,5,14,19,223
05/01/2003,GSP,SC,ASO,ES,Towers with Radar,23,115,46,2,186,0,0,12,0,12,23,115,58,2,198,4,0,4,202
05/02/2003,GSP,SC,ASO,ES,Towers with Radar,21,121,47,4,193,0,0,14,0,14,21,121,61,4,207,11,3,14,221
05/03/2003,GSP,SC,ASO,ES,Towers with Radar,18,95,18,2,133,0,0,5,0,5,18,95,23,2,138,0,0,0,138
05/04/2003,GSP,SC,ASO,ES,Towers with Radar,16,107,27,13,163,0,0,7,1,8,16,107,34,14,171,0,0,0,171
05/05/2003,GSP,SC,ASO,ES,Towers with Radar,16,122,26,2,166,0,0,0,0,0,16,122,26,2,166,0,0,0,166
05/06/2003,GSP,SC,ASO,ES,Towers with Radar,16,130,38,0,184,0,0,3,0,3,16,130,41,0,187,0,0,0,187
05/07/2003,GSP,SC,ASO,ES,Towers with Radar,24,128,35,3,190,0,0,5,0,5,24,128,40,3,195,3,0,3,198
05/08/2003,GSP,SC,ASO,ES,Towers with Radar,19,137,40,0,196,0,0,14,0,14,19,137,54,0,210,0,0,0,210
05/09/2003,GSP,SC,ASO,ES,Towers with Radar,23,136,46,1,206,0,1,15,1,17,23,137,61,2,223,0,2,2,225
05/10/2003,GSP,SC,ASO,ES,Towers with Radar,20,91,25,0,136,0,0,16,0,16,20,91,41,0,152,14,0,14,166
05/11/2003,GSP,SC,ASO,ES,Towers with Radar,18,90,17,0,125,0,0,5,0,5,18,90,22,0,130,0,0,0,130
05/12/2003,GSP,SC,ASO,ES,Towers with Radar,17,120,32,2,171,0,0,15,0,15,17,120,47,2,186,0,0,0,186
05/13/2003,GSP,SC,ASO,ES,Towers with Radar,18,134,30,2,184,0,0,24,2,26,18,134,54,4,210,0,0,0,210
05/14/2003,GSP,SC,ASO,ES,Towers with Radar,23,127,38,0,188,0,0,21,0,21,23,127,59,0,209,0,0,0,209
05/15/2003,GSP,SC,ASO,ES,Towers with Radar,30,130,19,2,181,0,0,3,0,3,30,130,22,2,184,0,5,5,189
05/16/2003,GSP,SC,ASO,ES,Towers with Radar,19,130,42,2,193,0,0,11,0,11,19,130,53,2,204,2,0,2,206
05/17/2003,GSP,SC,ASO,ES,Towers with Radar,16,95,13,2,126,0,0,0,0,0,16,95,13,2,126,0,0,0,126
05/18/2003,GSP,SC,ASO,ES,Towers with Radar,12,104,7,0,123,0,0,0,0,0,12,104,7,0,123,0,0,0,123
05/19/2003,GSP,SC,ASO,ES,Towers with Radar,18,132,20,4,174,0,0,2,0,2,18,132,22,4,176,0,0,0,176
05/20/2003,GSP,SC,ASO,ES,Towers with Radar,19,130,21,0,170,0,0,13,2,15,19,130,34,2,185,6,0,6,191
05/21/2003,GSP,SC,ASO,ES,Towers with Radar,22,138,30,4,194,0,0,4,0,4,22,138,34,4,198,0,0,0,198
05/22/2003,GSP,SC,ASO,ES,Towers with Radar,19,132,32,0,183,0,0,0,0,0,19,132,32,0,183,0,0,0,183
05/23/2003,GSP,SC,ASO,ES,Towers with Radar,20,126,39,2,187,0,0,7,0,7,20,126,46,2,194,35,0,35,229
05/24/2003,GSP,SC,ASO,ES,Towers with Radar,14,87,11,0,112,0,0,5,0,5,14,87,16,0,117,2,0,2,119
05/25/2003,GSP,SC,ASO,ES,Towers with Radar,13,91,18,0,122,0,0,7,0,7,13,91,25,0,129,4,10,14,143
05/26/2003,GSP,SC,ASO,ES,Towers with Radar,14,110,13,0,137,0,0,6,0,6,14,110,19,0,143,0,0,0,143
05/27/2003,GSP,SC,ASO,ES,Towers with Radar,18,121,26,0,165,0,0,13,0,13,18,121,39,0,178,2,0,2,180
05/28/2003,GSP,SC,ASO,ES,Towers with Radar,22,125,36,0,183,0,0,14,2,16,22,125,50,2,199,2,0,2,201
05/29/2003,GSP,SC,ASO,ES,Towers with Radar,20,133,30,3,186,0,0,4,0,4,20,133,34,3,190,2,5,7,197
05/30/2003,GSP,SC,ASO,ES,Towers with Radar,34,119,40,0,193,0,0,18,0,18,34,119,58,0,211,2,0,2,213
05/31/2003,GSP,SC,ASO,ES,Towers with Radar,20,96,22,3,141,0,0,5,0,5,20,96,27,3,146,6,0,6,152
06/01/2003,GSP,SC,ASO,ES,Towers with Radar,20,107,23,0,150,0,0,14,0,14,20,107,37,0,164,0,0,0,164
06/02/2003,GSP,SC,ASO,ES,Towers with Radar,19,123,38,2,182,0,0,23,0,23,19,123,61,2,205,24,0,24,229
06/03/2003,GSP,SC,ASO,ES,Towers with Radar,20,127,29,8,184,0,0,4,0,4,20,127,33,8,188,0,0,0,188
06/04/2003,GSP,SC,ASO,ES,Towers with Radar,24,128,13,0,165,0,0,6,1,7,24,128,19,1,172,2,0,2,174
06/05/2003,GSP,SC,ASO,ES,Towers with Radar,21,123,14,2,160,0,0,15,0,15,21,123,29,2,175,4,0,4,179
06/06/2003,GSP,SC,ASO,ES,Towers with Radar,21,128,23,3,175,0,0,7,0,7,21,128,30,3,182,0,0,0,182
06/07/2003,GSP,SC,ASO,ES,Towers with Radar,15,94,8,2,119,0,0,0,0,0,15,94,8,2,119,6,0,6,125
06/08/2003,GSP,SC,ASO,ES,Towers with Radar,13,101,8,5,127,0,0,6,0,6,13,101,14,5,133,0,0,0,133
06/09/2003,GSP,SC,ASO,ES,Towers with Radar,19,124,22,0,165,0,0,6,0,6,19,124,28,0,171,0,0,0,171
06/10/2003,GSP,SC,ASO,ES,Towers with Radar,22,125,32,1,180,0,0,13,4,17,22,125,45,5,197,0,0,0,197
06/11/2003,GSP,SC,ASO,ES,Towers with Radar,24,113,51,4,192,0,0,12,0,12,24,113,63,4,204,0,0,0,204
06/12/2003,GSP,SC,ASO,ES,Towers with Radar,23,121,21,0,165,0,0,6,0,6,23,121,27,0,171,0,0,0,171
06/13/2003,GSP,SC,ASO,ES,Towers with Radar,24,119,31,3,177,0,0,5,0,5,24,119,36,3,182,0,0,0,182
06/14/2003,GSP,SC,ASO,ES,Towers with Radar,14,93,16,0,123,0,0,1,0,1,14,93,17,0,124,0,0,0,124
06/15/2003,GSP,SC,ASO,ES,Towers with Radar,15,107,8,0,130,0,0,7,0,7,15,107,15,0,137,0,0,0,137
06/16/2003,GSP,SC,ASO,ES,Towers with Radar,21,121,20,2,164,7,1,0,6,14,28,122,20,8,178,0,4,4,182
06/17/2003,GSP,SC,ASO,ES,Towers with Radar,19,123,32,1,175,0,0,3,0,3,19,123,35,1,178,0,0,0,178
06/18/2003,GSP,SC,ASO,ES,Towers with Radar,22,124,27,18,191,0,0,2,0,2,22,124,29,18,193,0,0,0,193
06/19/2003,GSP,SC,ASO,ES,Towers with Radar,24,130,17,2,173,0,0,7,3,10,24,130,24,5,183,0,0,0,183
06/20/2003,GSP,SC,ASO,ES,Towers with Radar,22,133,23,4,182,0,0,18,2,20,22,133,41,6,202,4,14,18,220
06/21/2003,GSP,SC,ASO,ES,Towers with Radar,13,96,15,4,128,0,0,10,0,10,13,96,25,4,138,0,0,0,138
06/22/2003,GSP,SC,ASO,ES,Towers with Radar,23,99,9,6,137,0,0,14,2,16,23,99,23,8,153,0,0,0,153
06/23/2003,GSP,SC,ASO,ES,Towers with Radar,19,125,12,3,159,0,0,11,3,14,19,125,23,6,173,12,16,28,201
06/24/2003,GSP,SC,ASO,ES,Towers with Radar,22,129,18,0,169,0,0,24,0,24,22,129,42,0,193,6,0,6,199
06/25/2003,GSP,SC,ASO,ES,Towers with Radar,25,135,43,0,203,0,0,14,0,14,25,135,57,0,217,0,0,0,217
06/26/2003,GSP,SC,ASO,ES,Towers with Radar,20,125,43,2,190,0,0,15,0,15,20,125,58,2,205,0,6,6,211
06/27/2003,GSP,SC,ASO,ES,Towers with Radar,22,129,27,2,180,0,0,3,0,3,22,129,30,2,183,0,0,0,183
06/28/2003,GSP,SC,ASO,ES,Towers with Radar,15,91,17,4,127,0,0,0,0,0,15,91,17,4,127,0,0,0,127
06/29/2003,GSP,SC,ASO,ES,Towers with Radar,14,101,18,2,135,0,0,2,2,4,14,101,20,4,139,0,0,0,139
06/30/2003,GSP,SC,ASO,ES,Towers with Radar,18,124,24,0,166,0,0,8,0,8,18,124,32,0,174,0,0,0,174
07/01/2003,GSP,SC,ASO,ES,Towers with Radar,24,119,27,0,170,1,1,0,0,2,25,120,27,0,172,0,0,0,172
07/02/2003,GSP,SC,ASO,ES,Towers with Radar,22,131,10,0,163,0,1,5,0,6,22,132,15,0,169,0,0,0,169
07/03/2003,GSP,SC,ASO,ES,Towers with Radar,23,119,9,4,155,0,1,16,0,17,23,120,25,4,172,0,14,14,186
07/04/2003,GSP,SC,ASO,ES,Towers with Radar,13,85,3,0,101,1,1,10,0,12,14,86,13,0,113,8,0,8,121
07/05/2003,GSP,SC,ASO,ES,Towers with Radar,11,83,4,0,98,1,1,6,0,8,12,84,10,0,106,0,0,0,106
07/06/2003,GSP,SC,ASO,ES,Towers with Radar,15,96,7,0,118,1,1,10,0,12,16,97,17,0,130,0,0,0,130
07/07/2003,GSP,SC,ASO,ES,Towers with Radar,18,116,19,2,155,1,1,5,0,7,19,117,24,2,162,0,0,0,162
07/08/2003,GSP,SC,ASO,ES,Towers with Radar,24,122,24,0,170,0,0,14,0,14,24,122,38,0,184,0,0,0,184
07/09/2003,GSP,SC,ASO,ES,Towers with Radar,21,127,37,2,187,0,1,9,2,12,21,128,46,4,199,6,0,6,205
07/10/2003,GSP,SC,ASO,ES,Towers with Radar,21,119,18,12,170,1,1,14,0,16,22,120,32,12,186,0,3,3,189
07/11/2003,GSP,SC,ASO,ES,Towers with Radar,36,129,22,2,189,0,1,16,0,17,36,130,38,2,206,2,0,2,208
07/12/2003,GSP,SC,ASO,ES,Towers with Radar,11,93,4,2,110,0,1,14,0,15,11,94,18,2,125,2,0,2,127
07/13/2003,GSP,SC,ASO,ES,Towers with Radar,18,91,16,6,131,1,1,2,0,4,19,92,18,6,135,0,20,20,155
07/14/2003,GSP,SC,ASO,ES,Towers with Radar,22,119,39,1,181,0,0,6,0,6,22,119,45,1,187,0,0,0,187
07/15/2003,GSP,SC,ASO,ES,Towers with Radar,21,123,27,0,171,1,1,4,0,6,22,124,31,0,177,0,0,0,177
07/16/2003,GSP,SC,ASO,ES,Towers with Radar,23,127,27,5,182,0,1,6,0,7,23,128,33,5,189,0,10,10,199
07/17/2003,GSP,SC,ASO,ES,Towers with Radar,33,115,23,3,174,0,0,12,0,12,33,115,35,3,186,0,6,6,192
07/18/2003,GSP,SC,ASO,ES,Towers with Radar,21,131,24,0,176,0,0,3,0,3,21,131,27,0,179,0,0,0,179
07/19/2003,GSP,SC,ASO,ES,Towers with Radar,15,90,26,0,131,0,0,9,0,9,15,90,35,0,140,0,0,0,140
07/20/2003,GSP,SC,ASO,ES,Towers with Radar,16,105,14,1,136,0,0,1,2,3,16,105,15,3,139,0,0,0,139
07/21/2003,GSP,SC,ASO,ES,Towers with Radar,16,119,30,3,168,0,0,6,0,6,16,119,36,3,174,0,0,0,174
07/22/2003,GSP,SC,ASO,ES,Towers with Radar,25,116,20,2,163,0,0,1,0,1,25,116,21,2,164,0,0,0,164
07/23/2003,GSP,SC,ASO,ES,Towers with Radar,23,126,22,8,179,0,0,5,0,5,23,126,27,8,184,0,32,32,216
07/24/2003,GSP,SC,ASO,ES,Towers with Radar,20,126,23,2,171,0,0,13,0,13,20,126,36,2,184,8,0,8,192
07/25/2003,GSP,SC,ASO,ES,Towers with Radar,27,126,18,3,174,0,0,7,0,7,27,126,25,3,181,10,0,10,191
07/26/2003,GSP,SC,ASO,ES,Towers with Radar,15,95,13,4,127,0,1,8,0,9,15,96,21,4,136,0,0,0,136
07/27/2003,GSP,SC,ASO,ES,Towers with Radar,15,98,3,4,120,0,1,2,0,3,15,99,5,4,123,0,0,0,123
07/28/2003,GSP,SC,ASO,ES,Towers with Radar,20,117,19,1,157,0,1,7,0,8,20,118,26,1,165,0,0,0,165
07/29/2003,GSP,SC,ASO,ES,Towers with Radar,18,128,31,0,177,0,1,4,0,5,18,129,35,0,182,2,0,2,184
07/30/2003,GSP,SC,ASO,ES,Towers with Radar,24,126,19,0,169,0,1,4,0,5,24,127,23,0,174,0,0,0,174
07/31/2003,GSP,SC,ASO,ES,Towers with Radar,28,125,13,4,170,0,1,5,0,6,28,126,18,4,176,0,0,0,176
08/01/2003,GSP,SC,ASO,ES,Towers with Radar,20,117,28,3,168,0,0,4,1,5,20,117,32,4,173,0,0,0,173
08/02/2003,GSP,SC,ASO,ES,Towers with Radar,16,91,13,2,122,0,0,7,0,7,16,91,20,2,129,0,0,0,129
08/03/2003,GSP,SC,ASO,ES,Towers with Radar,19,102,11,0,132,0,0,2,0,2,19,102,13,0,134,0,0,0,134
08/04/2003,GSP,SC,ASO,ES,Towers with Radar,18,109,24,0,151,0,0,2,1,3,18,109,26,1,154,0,0,0,154
08/05/2003,GSP,SC,ASO,ES,Towers with Radar,24,127,38,1,190,0,0,4,1,5,24,127,42,2,195,0,0,0,195
08/06/2003,GSP,SC,ASO,ES,Towers with Radar,26,126,24,10,186,0,0,4,0,4,26,126,28,10,190,0,16,16,206
08/07/2003,GSP,SC,ASO,ES,Towers with Radar,23,126,29,3,181,0,0,2,0,2,23,126,31,3,183,0,0,0,183
08/08/2003,GSP,SC,ASO,ES,Towers with Radar,21,122,20,6,169,0,0,10,2,12,21,122,30,8,181,0,0,0,181
08/09/2003,GSP,SC,ASO,ES,Towers with Radar,16,95,17,0,128,0,0,13,0,13,16,95,30,0,141,0,0,0,141
08/10/2003,GSP,SC,ASO,ES,Towers with Radar,17,100,14,3,134,0,0,6,0,6,17,100,20,3,140,6,4,10,150
08/11/2003,GSP,SC,ASO,ES,Towers with Radar,18,122,26,2,168,0,0,7,2,9,18,122,33,4,177,0,0,0,177
08/12/2003,GSP,SC,ASO,ES,Towers with Radar,21,131,27,3,182,0,0,6,0,6,21,131,33,3,188,6,6,12,200
08/13/2003,GSP,SC,ASO,ES,Towers with Radar,28,136,33,0,197,0,0,3,0,3,28,136,36,0,200,0,0,0,200
08/14/2003,GSP,SC,ASO,ES,Towers with Radar,31,141,29,1,202,0,0,11,1,12,31,141,40,2,214,0,0,0,214
08/15/2003,GSP,SC,ASO,ES,Towers with Radar,23,116,23,1,163,0,0,8,1,9,23,116,31,2,172,0,0,0,172
08/16/2003,GSP,SC,ASO,ES,Towers with Radar,12,96,24,0,132,0,0,2,0,2,12,96,26,0,134,4,0,4,138
08/17/2003,GSP,SC,ASO,ES,Towers with Radar,16,101,5,0,122,0,0,4,0,4,16,101,9,0,126,2,0,2,128
08/18/2003,GSP,SC,ASO,ES,Towers with Radar,22,126,27,0,175,0,0,5,0,5,22,126,32,0,180,0,0,0,180
08/19/2003,GSP,SC,ASO,ES,Towers with Radar,23,134,27,2,186,0,0,2,0,2,23,134,29,2,188,0,0,0,188
08/20/2003,GSP,SC,ASO,ES,Towers with Radar,22,134,25,3,184,0,0,8,1,9,22,134,33,4,193,6,0,6,199
08/21/2003,GSP,SC,ASO,ES,Towers with Radar,24,129,32,3,188,0,1,9,0,10,24,130,41,3,198,2,2,4,202
08/22/2003,GSP,SC,ASO,ES,Towers with Radar,22,123,22,0,167,0,0,5,0,5,22,123,27,0,172,0,0,0,172
08/23/2003,GSP,SC,ASO,ES,Towers with Radar,15,100,11,1,127,0,0,9,1,10,15,100,20,2,137,4,0,4,141
08/24/2003,GSP,SC,ASO,ES,Towers with Radar,16,96,43,2,157,0,0,7,0,7,16,96,50,2,164,0,0,0,164
08/25/2003,GSP,SC,ASO,ES,Towers with Radar,18,122,17,7,164,0,0,3,0,3,18,122,20,7,167,10,13,23,190
08/26/2003,GSP,SC,ASO,ES,Towers with Radar,18,126,29,12,185,0,0,11,2,13,18,126,40,14,198,24,22,46,244
08/27/2003,GSP,SC,ASO,ES,Towers with Radar,27,126,24,1,178,0,0,7,1,8,27,126,31,2,186,0,0,0,186
08/28/2003,GSP,SC,ASO,ES,Towers with Radar,21,123,37,0,181,0,0,11,0,11,21,123,48,0,192,3,0,3,195
08/29/2003,GSP,SC,ASO,ES,Towers with Radar,21,130,22,6,179,0,2,8,0,10,21,132,30,6,189,0,0,0,189
08/30/2003,GSP,SC,ASO,ES,Towers with Radar,14,91,9,0,114,0,0,13,0,13,14,91,22,0,127,0,0,0,127
08/31/2003,GSP,SC,ASO,ES,Towers with Radar,15,81,10,2,108,0,0,4,0,4,15,81,14,2,112,0,0,0,112
09/01/2003,GSP,SC,ASO,ES,Towers with Radar,18,111,15,3,147,0,0,5,0,5,18,111,20,3,152,1,0,1,153
09/02/2003,GSP,SC,ASO,ES,Towers with Radar,18,123,37,0,178,0,0,6,0,6,18,123,43,0,184,0,0,0,184
09/03/2003,GSP,SC,ASO,ES,Towers with Radar,34,119,18,8,179,0,0,8,0,8,34,119,26,8,187,0,0,0,187
09/04/2003,GSP,SC,ASO,ES,Towers with Radar,23,126,27,3,179,0,0,6,1,7,23,126,33,4,186,0,0,0,186
09/05/2003,GSP,SC,ASO,ES,Towers with Radar,21,129,29,4,183,0,0,4,0,4,21,129,33,4,187,0,0,0,187
09/06/2003,GSP,SC,ASO,ES,Towers with Radar,15,90,11,0,116,0,0,7,0,7,15,90,18,0,123,0,0,0,123
09/07/2003,GSP,SC,ASO,ES,Towers with Radar,16,101,24,4,145,0,0,9,0,9,16,101,33,4,154,0,0,0,154
09/08/2003,GSP,SC,ASO,ES,Towers with Radar,21,117,26,4,168,0,0,9,0,9,21,117,35,4,177,0,0,0,177
09/09/2003,GSP,SC,ASO,ES,Towers with Radar,21,118,33,0,172,0,1,10,0,11,21,119,43,0,183,0,0,0,183
09/10/2003,GSP,SC,ASO,ES,Towers with Radar,24,122,17,3,166,0,0,9,2,11,24,122,26,5,177,0,0,0,177
09/11/2003,GSP,SC,ASO,ES,Towers with Radar,21,102,36,11,170,0,0,10,0,10,21,102,46,11,180,2,19,21,201
09/12/2003,GSP,SC,ASO,ES,Towers with Radar,21,128,24,5,178,0,0,11,0,11,21,128,35,5,189,0,6,6,195
09/13/2003,GSP,SC,ASO,ES,Towers with Radar,16,87,12,5,120,0,0,11,0,11,16,87,23,5,131,0,0,0,131
09/14/2003,GSP,SC,ASO,ES,Towers with Radar,21,102,9,12,144,0,0,13,1,14,21,102,22,13,158,0,0,0,158
09/15/2003,GSP,SC,ASO,ES,Towers with Radar,20,114,23,16,173,0,0,2,0,2,20,114,25,16,175,10,24,34,209
09/16/2003,GSP,SC,ASO,ES,Towers with Radar,26,131,31,1,189,0,0,7,1,8,26,131,38,2,197,0,0,0,197
09/17/2003,GSP,SC,ASO,ES,Towers with Radar,22,129,45,5,201,0,0,16,1,17,22,129,61,6,218,2,0,2,220
09/18/2003,GSP,SC,ASO,ES,Towers with Radar,22,119,9,5,155,0,0,7,0,7,22,119,16,5,162,0,0,0,162
09/19/2003,GSP,SC,ASO,ES,Towers with Radar,22,118,21,4,165,0,0,8,1,9,22,118,29,5,174,2,0,2,176
09/20/2003,GSP,SC,ASO,ES,Towers with Radar,15,91,7,2,115,0,0,12,0,12,15,91,19,2,127,0,10,10,137
09/21/2003,GSP,SC,ASO,ES,Towers with Radar,18,104,22,1,145,0,0,14,0,14,18,104,36,1,159,0,0,0,159
09/22/2003,GSP,SC,ASO,ES,Towers with Radar,17,124,25,0,166,0,0,7,0,7,17,124,32,0,173,0,0,0,173
09/23/2003,GSP,SC,ASO,ES,Towers with Radar,22,127,37,2,188,0,0,20,1,21,22,127,57,3,209,0,0,0,209
09/24/2003,GSP,SC,ASO,ES,Towers with Radar,28,124,30,6,188,0,0,8,0,8,28,124,38,6,196,0,6,6,202
09/25/2003,GSP,SC,ASO,ES,Towers with Radar,25,127,23,2,177,0,0,13,0,13,25,127,36,2,190,0,0,0,190
09/26/2003,GSP,SC,ASO,ES,Towers with Radar,26,128,42,4,200,0,0,17,1,18,26,128,59,5,218,12,0,12,230
09/27/2003,GSP,SC,ASO,ES,Towers with Radar,15,81,23,0,119,0,0,6,0,6,15,81,29,0,125,0,0,0,125
09/28/2003,GSP,SC,ASO,ES,Towers with Radar,17,103,8,0,128,0,0,9,0,9,17,103,17,0,137,0,0,0,137
09/29/2003,GSP,SC,ASO,ES,Towers with Radar,21,116,30,0,167,0,0,4,0,4,21,116,34,0,171,6,0,6,177
09/30/2003,GSP,SC,ASO,ES,Towers with Radar,19,127,32,1,179,0,0,5,1,6,19,127,37,2,185,14,0,14,199
10/01/2003,GSP,SC,ASO,ES,Towers with Radar,23,125,25,0,173,0,0,26,0,26,23,125,51,0,199,14,0,14,213
10/02/2003,GSP,SC,ASO,ES,Towers with Radar,22,129,26,2,179,0,0,20,8,28,22,129,46,10,207,20,0,20,227
10/03/2003,GSP,SC,ASO,ES,Towers with Radar,25,123,27,2,177,0,0,38,4,42,25,123,65,6,219,0,0,0,219
10/04/2003,GSP,SC,ASO,ES,Towers with Radar,14,75,11,1,101,3,14,0,4,21,17,89,11,5,122,0,0,0,122
10/05/2003,GSP,SC,ASO,ES,Towers with Radar,17,102,16,2,137,0,5,0,6,11,17,107,16,8,148,3,0,3,151
10/06/2003,GSP,SC,ASO,ES,Towers with Radar,20,111,22,2,155,0,14,5,6,25,20,125,27,8,180,0,14,14,194
10/07/2003,GSP,SC,ASO,ES,Towers with Radar,22,126,25,0,173,0,6,3,0,9,22,132,28,0,182,0,0,0,182
10/08/2003,GSP,SC,ASO,ES,Towers with Radar,25,130,27,0,182,4,0,0,0,4,29,130,27,0,186,0,0,0,186
10/09/2003,GSP,SC,ASO,ES,Towers with Radar,24,137,31,2,194,0,0,22,0,22,24,137,53,2,216,0,0,0,216
10/10/2003,GSP,SC,ASO,ES,Towers with Radar,25,123,29,2,179,0,0,12,0,12,25,123,41,2,191,4,0,4,195
10/11/2003,GSP,SC,ASO,ES,Towers with Radar,15,88,13,1,117,0,1,0,1,2,15,89,13,2,119,0,0,0,119
10/12/2003,GSP,SC,ASO,ES,Towers with Radar,17,98,20,2,137,0,10,1,0,11,17,108,21,2,148,0,0,0,148
10/13/2003,GSP,SC,ASO,ES,Towers with Radar,19,112,22,3,156,0,12,8,0,20,19,124,30,3,176,0,0,0,176
10/14/2003,GSP,SC,ASO,ES,Towers with Radar,20,123,25,3,171,0,0,20,1,21,20,123,45,4,192,0,14,14,206
10/15/2003,GSP,SC,ASO,ES,Towers with Radar,21,118,23,0,162,2,8,7,0,17,23,126,30,0,179,4,0,4,183
10/16/2003,GSP,SC,ASO,ES,Towers with Radar,21,123,25,0,169,0,3,9,0,12,21,126,34,0,181,0,0,0,181
10/17/2003,GSP,SC,ASO,ES,Towers with Radar,24,127,16,3,170,0,0,0,3,3,24,127,16,6,173,0,0,0,173
10/18/2003,GSP,SC,ASO,ES,Towers with Radar,13,81,14,0,108,0,5,4,0,9,13,86,18,0,117,0,0,0,117
10/19/2003,GSP,SC,ASO,ES,Towers with Radar,16,104,20,2,142,0,0,1,0,1,16,104,21,2,143,0,0,0,143
10/20/2003,GSP,SC,ASO,ES,Towers with Radar,20,115,22,0,157,1,9,0,0,10,21,124,22,0,167,0,0,0,167
10/21/2003,GSP,SC,ASO,ES,Towers with Radar,21,116,22,3,162,7,1,12,0,20,28,117,34,3,182,0,6,6,188
10/22/2003,GSP,SC,ASO,ES,Towers with Radar,22,125,24,1,172,3,5,13,0,21,25,130,37,1,193,6,0,6,199
10/23/2003,GSP,SC,ASO,ES,Towers with Radar,23,129,25,3,180,0,1,1,1,3,23,130,26,4,183,4,0,4,187
10/24/2003,GSP,SC,ASO,ES,Towers with Radar,24,123,27,2,176,0,0,13,0,13,24,123,40,2,189,0,0,0,189
10/25/2003,GSP,SC,ASO,ES,Towers with Radar,17,92,18,0,127,1,0,6,0,7,18,92,24,0,134,12,0,12,146
10/26/2003,GSP,SC,ASO,ES,Towers with Radar,17,105,9,3,134,0,0,0,1,1,17,105,9,4,135,0,0,0,135
10/27/2003,GSP,SC,ASO,ES,Towers with Radar,21,120,23,2,166,8,0,15,2,25,29,120,38,4,191,0,0,0,191
10/28/2003,GSP,SC,ASO,ES,Towers with Radar,19,129,27,2,177,0,0,7,1,8,19,129,34,3,185,0,0,0,185
10/29/2003,GSP,SC,ASO,ES,Towers with Radar,23,130,25,2,180,2,0,8,1,11,25,130,33,3,191,10,0,10,201
10/30/2003,GSP,SC,ASO,ES,Towers with Radar,21,121,24,2,168,3,4,17,1,25,24,125,41,3,193,0,0,0,193
10/31/2003,GSP,SC,ASO,ES,Towers with Radar,20,115,22,2,159,0,9,11,4,24,20,124,33,6,183,2,0,2,185
11/01/2003,GSP,SC,ASO,ES,Towers with Radar,15,79,16,1,111,0,9,4,3,16,15,88,20,4,127,2,0,2,129
11/02/2003,GSP,SC,ASO,ES,Towers with Radar,16,86,18,2,122,1,18,4,0,23,17,104,22,2,145,2,0,2,147
11/03/2003,GSP,SC,ASO,ES,Towers with Radar,21,112,23,2,158,1,3,8,4,16,22,115,31,6,174,1,0,1,175
11/04/2003,GSP,SC,ASO,ES,Towers with Radar,18,131,26,3,178,0,0,12,1,13,18,131,38,4,191,8,4,12,203
11/05/2003,GSP,SC,ASO,ES,Towers with Radar,21,124,29,3,177,0,0,19,4,23,21,124,48,7,200,2,0,2,202
11/06/2003,GSP,SC,ASO,ES,Towers with Radar,23,127,26,2,178,2,0,5,0,7,25,127,31,2,185,0,0,0,185
11/07/2003,GSP,SC,ASO,ES,Towers with Radar,25,132,30,0,187,0,0,9,0,9,25,132,39,0,196,3,0,3,199
11/08/2003,GSP,SC,ASO,ES,Towers with Radar,15,92,20,0,127,0,0,4,0,4,15,92,24,0,131,0,0,0,131
11/09/2003,GSP,SC,ASO,ES,Towers with Radar,17,105,22,3,147,0,0,6,0,6,17,105,28,3,153,0,0,0,153
11/10/2003,GSP,SC,ASO,ES,Towers with Radar,20,128,26,3,177,0,2,14,0,16,20,130,40,3,193,0,0,0,193
11/11/2003,GSP,SC,ASO,ES,Towers with Radar,22,124,25,4,175,1,0,26,1,28,23,124,51,5,203,0,2,2,205
11/12/2003,GSP,SC,ASO,ES,Towers with Radar,23,122,26,4,175,1,0,11,15,27,24,122,37,19,202,2,16,18,220
11/13/2003,GSP,SC,ASO,ES,Towers with Radar,21,116,24,3,164,1,19,4,1,25,22,135,28,4,189,0,0,0,189
11/14/2003,GSP,SC,ASO,ES,Towers with Radar,24,123,27,2,176,1,0,13,0,14,25,123,40,2,190,4,6,10,200
11/15/2003,GSP,SC,ASO,ES,Towers with Radar,14,78,15,2,109,1,13,4,0,18,15,91,19,2,127,0,0,0,127
11/16/2003,GSP,SC,ASO,ES,Towers with Radar,19,105,21,3,148,3,0,14,1,18,22,105,35,4,166,0,0,0,166
11/17/2003,GSP,SC,ASO,ES,Towers with Radar,20,108,25,4,157,0,0,15,0,15,20,108,40,4,172,0,0,0,172
11/18/2003,GSP,SC,ASO,ES,Towers with Radar,21,114,22,0,157,0,7,13,0,20,21,121,35,0,177,0,0,0,177
11/19/2003,GSP,SC,ASO,ES,Towers with Radar,21,114,22,3,160,6,10,5,10,31,27,124,27,13,191,10,10,20,211
11/20/2003,GSP,SC,ASO,ES,Towers with Radar,21,122,24,2,169,0,0,11,0,11,21,122,35,2,180,0,0,0,180
11/21/2003,GSP,SC,ASO,ES,Towers with Radar,23,124,26,2,175,0,0,6,0,6,23,124,32,2,181,0,0,0,181
11/22/2003,GSP,SC,ASO,ES,Towers with Radar,13,76,15,0,104,1,10,11,0,22,14,86,26,0,126,4,0,4,130
11/23/2003,GSP,SC,ASO,ES,Towers with Radar,15,89,17,0,121,0,18,20,0,38,15,107,37,0,159,6,0,6,165
11/24/2003,GSP,SC,ASO,ES,Towers with Radar,17,109,16,2,144,0,4,0,0,4,17,113,16,2,148,0,24,24,172
11/25/2003,GSP,SC,ASO,ES,Towers with Radar,26,122,29,3,180,1,0,22,3,26,27,122,51,6,206,0,0,0,206
11/26/2003,GSP,SC,ASO,ES,Towers with Radar,25,116,29,0,170,0,0,15,0,15,25,116,44,0,185,0,0,0,185
11/27/2003,GSP,SC,ASO,ES,Towers with Radar,9,57,7,0,73,3,27,0,0,30,12,84,7,0,103,0,0,0,103
11/28/2003,GSP,SC,ASO,ES,Towers with Radar,10,62,10,0,82,8,19,0,0,27,18,81,10,0,109,0,0,0,109
11/29/2003,GSP,SC,ASO,ES,Towers with Radar,15,86,18,0,119,2,16,2,0,20,17,102,20,0,139,0,0,0,139
11/30/2003,GSP,SC,ASO,ES,Towers with Radar,15,108,25,0,148,0,0,0,0,0,15,108,25,0,148,0,0,0,148
12/01/2003,GSP,SC,ASO,ES,Towers with Radar,20,123,22,2,167,0,0,9,10,19,20,123,31,12,186,10,10,20,206
12/02/2003,GSP,SC,ASO,ES,Towers with Radar,23,129,21,0,173,0,3,0,0,3,23,132,21,0,176,0,0,0,176
12/03/2003,GSP,SC,ASO,ES,Towers with Radar,25,125,27,3,180,0,0,16,1,17,25,125,43,4,197,4,0,4,201
12/04/2003,GSP,SC,ASO,ES,Towers with Radar,17,96,16,0,129,4,22,5,0,31,21,118,21,0,160,0,0,0,160
12/05/2003,GSP,SC,ASO,ES,Towers with Radar,20,112,20,2,154,6,0,16,0,22,26,112,36,2,176,0,0,0,176
12/06/2003,GSP,SC,ASO,ES,Towers with Radar,15,86,15,2,118,5,0,3,2,10,20,86,18,4,128,0,4,4,132
12/07/2003,GSP,SC,ASO,ES,Towers with Radar,16,97,17,2,132,1,4,13,2,20,17,101,30,4,152,0,0,0,152
12/08/2003,GSP,SC,ASO,ES,Towers with Radar,21,117,20,2,160,0,0,14,0,14,21,117,34,2,174,0,0,0,174
12/09/2003,GSP,SC,ASO,ES,Towers with Radar,19,126,22,2,169,0,0,18,0,18,19,126,40,2,187,0,0,0,187
12/10/2003,GSP,SC,ASO,ES,Towers with Radar,22,111,20,3,156,5,0,2,6,13,27,111,22,9,169,0,0,0,169
12/11/2003,GSP,SC,ASO,ES,Towers with Radar,23,121,22,1,167,0,0,25,0,25,23,121,47,1,192,12,0,12,204
12/12/2003,GSP,SC,ASO,ES,Towers with Radar,27,123,24,4,178,1,0,8,0,9,28,123,32,4,187,6,2,8,195
12/13/2003,GSP,SC,ASO,ES,Towers with Radar,16,82,14,0,112,6,10,7,0,23,22,92,21,0,135,0,0,0,135
12/14/2003,GSP,SC,ASO,ES,Towers with Radar,13,66,11,2,92,6,20,3,0,29,19,86,14,2,121,0,0,0,121
12/15/2003,GSP,SC,ASO,ES,Towers with Radar,24,109,21,3,157,1,0,14,7,22,25,109,35,10,179,0,3,3,182
12/16/2003,GSP,SC,ASO,ES,Towers with Radar,26,134,26,4,190,0,0,6,7,13,26,134,32,11,203,0,6,6,209
12/17/2003,GSP,SC,ASO,ES,Towers with Radar,19,126,22,4,171,0,0,13,2,15,19,126,35,6,186,0,0,0,186
12/18/2003,GSP,SC,ASO,ES,Towers with Radar,23,128,26,3,180,0,0,7,0,7,23,128,33,3,187,0,7,7,194
12/19/2003,GSP,SC,ASO,ES,Towers with Radar,22,118,22,4,166,0,0,16,0,16,22,118,38,4,182,0,0,0,182
12/20/2003,GSP,SC,ASO,ES,Towers with Radar,17,92,16,3,128,1,0,2,2,5,18,92,18,5,133,3,0,3,136
12/21/2003,GSP,SC,ASO,ES,Towers with Radar,13,80,12,2,107,0,24,0,0,24,13,104,12,2,131,0,3,3,134
12/22/2003,GSP,SC,ASO,ES,Towers with Radar,17,101,16,3,137,0,18,7,0,25,17,119,23,3,162,4,0,4,166
12/23/2003,GSP,SC,ASO,ES,Towers with Radar,19,123,18,0,160,0,0,0,0,0,19,123,18,0,160,0,0,0,160
12/24/2003,GSP,SC,ASO,ES,Towers with Radar,16,82,8,0,106,9,19,0,0,28,25,101,8,0,134,0,0,0,134
12/25/2003,GSP,SC,ASO,ES,Towers with Radar,11,64,10,0,85,0,37,1,0,38,11,101,11,0,123,0,0,0,123
12/26/2003,GSP,SC,ASO,ES,Towers with Radar,12,104,18,0,134,0,0,4,0,4,12,104,22,0,138,0,0,0,138
12/27/2003,GSP,SC,ASO,ES,Towers with Radar,11,94,15,0,120,0,0,0,0,0,11,94,15,0,120,0,0,0,120
12/28/2003,GSP,SC,ASO,ES,Towers with Radar,14,92,15,0,121,0,4,3,0,7,14,96,18,0,128,0,0,0,128
12/29/2003,GSP,SC,ASO,ES,Towers with Radar,18,101,16,0,135,0,16,3,0,19,18,117,19,0,154,0,0,0,154
12/30/2003,GSP,SC,ASO,ES,Towers with Radar,19,104,16,0,139,1,9,0,0,10,20,113,16,0,149,4,0,4,153
12/31/2003,GSP,SC,ASO,ES,Towers with Radar,17,97,6,0,120,7,12,0,0,19,24,109,6,0,139,0,0,0,139
01/01/2004,GSP,SC,ASO,ES,Towers with Radar,12,70,12,0,94,0,26,0,0,26,12,96,12,0,120,0,0,0,120
01/02/2004,GSP,SC,ASO,ES,Towers with Radar,17,84,13,1,115,4,28,0,1,33,21,112,13,2,148,0,0,0,148
01/03/2004,GSP,SC,ASO,ES,Towers with Radar,15,89,20,0,124,0,0,15,0,15,15,89,35,0,139,0,0,0,139
01/04/2004,GSP,SC,ASO,ES,Towers with Radar,15,104,21,2,142,0,0,0,0,0,15,104,21,2,142,0,0,0,142
01/05/2004,GSP,SC,ASO,ES,Towers with Radar,17,110,12,2,141,0,8,0,12,20,17,118,12,14,161,0,20,20,181
01/06/2004,GSP,SC,ASO,ES,Towers with Radar,17,109,26,3,155,0,0,8,4,12,17,109,34,7,167,0,6,6,173
01/07/2004,GSP,SC,ASO,ES,Towers with Radar,23,121,25,3,172,4,0,15,4,23,27,121,40,7,195,6,0,6,201
01/08/2004,GSP,SC,ASO,ES,Towers with Radar,21,121,27,0,169,0,0,9,0,9,21,121,36,0,178,0,0,0,178
01/09/2004,GSP,SC,ASO,ES,Towers with Radar,17,92,14,0,123,3,26,0,0,29,20,118,14,0,152,0,0,0,152
01/10/2004,GSP,SC,ASO,ES,Towers with Radar,15,80,15,2,112,0,6,0,0,6,15,86,15,2,118,0,0,0,118
01/11/2004,GSP,SC,ASO,ES,Towers with Radar,16,90,19,2,127,1,15,7,1,24,17,105,26,3,151,0,0,0,151
01/12/2004,GSP,SC,ASO,ES,Towers with Radar,20,106,13,2,141,4,9,0,0,13,24,115,13,2,154,0,28,28,182
01/13/2004,GSP,SC,ASO,ES,Towers with Radar,23,121,27,3,174,0,0,25,1,26,23,121,52,4,200,10,0,10,210
01/14/2004,GSP,SC,ASO,ES,Towers with Radar,22,122,27,2,173,0,0,22,0,22,22,122,49,2,195,2,0,2,197
01/15/2004,GSP,SC,ASO,ES,Towers with Radar,24,131,27,3,185,0,2,7,5,14,24,133,34,8,199,0,0,0,199
01/16/2004,GSP,SC,ASO,ES,Towers with Radar,24,118,31,3,176,0,0,15,1,16,24,118,46,4,192,0,0,0,192
01/17/2004,GSP,SC,ASO,ES,Towers with Radar,13,72,11,0,96,4,13,0,0,17,17,85,11,0,113,0,0,0,113
01/18/2004,GSP,SC,ASO,ES,Towers with Radar,14,77,9,1,101,2,24,0,1,27,16,101,9,2,128,0,0,0,128
01/19/2004,GSP,SC,ASO,ES,Towers with Radar,20,121,26,0,167,0,0,9,0,9,20,121,35,0,176,0,0,0,176
01/20/2004,GSP,SC,ASO,ES,Towers with Radar,24,121,26,2,173,0,0,5,2,7,24,121,31,4,180,2,0,2,182
01/21/2004,GSP,SC,ASO,ES,Towers with Radar,23,120,25,0,168,0,0,0,0,0,23,120,25,0,168,6,0,6,174
01/22/2004,GSP,SC,ASO,ES,Towers with Radar,21,125,27,0,173,0,0,5,0,5,21,125,32,0,178,2,0,2,180
01/23/2004,GSP,SC,ASO,ES,Towers with Radar,23,120,27,2,172,0,0,22,6,28,23,120,49,8,200,2,3,5,205
01/24/2004,GSP,SC,ASO,ES,Towers with Radar,15,84,17,0,116,6,1,3,0,10,21,85,20,0,126,0,0,0,126
01/25/2004,GSP,SC,ASO,ES,Towers with Radar,3,36,6,0,45,0,18,4,0,22,3,54,10,0,67,0,0,0,67
01/26/2004,GSP,SC,ASO,ES,Towers with Radar,3,12,4,0,19,6,0,9,0,15,9,12,13,0,34,0,0,0,34
01/27/2004,GSP,SC,ASO,ES,Towers with Radar,10,53,10,0,73,14,3,18,0,35,24,56,28,0,108,2,0,2,110
01/28/2004,GSP,SC,ASO,ES,Towers with Radar,21,105,23,0,149,6,0,22,0,28,27,105,45,0,177,0,0,0,177
01/29/2004,GSP,SC,ASO,ES,Towers with Radar,22,125,30,2,179,0,0,36,2,38,22,125,66,4,217,2,0,2,219
01/30/2004,GSP,SC,ASO,ES,Towers with Radar,24,124,27,2,177,1,0,17,2,20,25,124,44,4,197,0,0,0,197
01/31/2004,GSP,SC,ASO,ES,Towers with Radar,16,83,17,1,117,1,3,15,2,21,17,86,32,3,138,0,0,0,138
02/01/2004,GSP,SC,ASO,ES,Towers with Radar,16,94,18,2,130,3,10,5,0,18,19,104,23,2,148,0,0,0,148
02/02/2004,GSP,SC,ASO,ES,Towers with Radar,18,97,19,0,134,0,12,1,0,13,18,109,20,0,147,5,0,5,152
02/03/2004,GSP,SC,ASO,ES,Towers with Radar,21,117,23,0,161,4,0,5,0,9,25,117,28,0,170,4,0,4,174
02/04/2004,GSP,SC,ASO,ES,Towers with Radar,24,120,28,2,174,0,0,12,0,12,24,120,40,2,186,0,20,20,206
02/05/2004,GSP,SC,ASO,ES,Towers with Radar,22,119,24,3,168,0,0,6,1,7,22,119,30,4,175,0,0,0,175
02/06/2004,GSP,SC,ASO,ES,Towers with Radar,18,96,19,2,135,2,20,4,0,26,20,116,23,2,161,0,0,0,161
02/07/2004,GSP,SC,ASO,ES,Towers with Radar,14,79,15,0,108,6,9,9,0,24,20,88,24,0,132,0,0,0,132
02/08/2004,GSP,SC,ASO,ES,Towers with Radar,16,85,17,2,120,2,16,13,1,32,18,101,30,3,152,0,0,0,152
02/09/2004,GSP,SC,ASO,ES,Towers with Radar,19,128,22,1,170,0,0,0,0,0,19,128,22,1,170,2,0,2,172
02/10/2004,GSP,SC,ASO,ES,Towers with Radar,21,113,22,0,156,1,6,14,0,21,22,119,36,0,177,0,0,0,177
02/11/2004,GSP,SC,ASO,ES,Towers with Radar,22,123,29,3,177,0,0,8,1,9,22,123,37,4,186,0,0,0,186
02/12/2004,GSP,SC,ASO,ES,Towers with Radar,22,118,17,3,160,7,0,0,2,9,29,118,17,5,169,1,0,1,170
02/13/2004,GSP,SC,ASO,ES,Towers with Radar,22,127,30,3,182,0,0,15,7,22,22,127,45,10,204,4,0,4,208
02/14/2004,GSP,SC,ASO,ES,Towers with Radar,15,87,11,0,113,0,0,0,0,0,15,87,11,0,113,0,0,0,113
02/15/2004,GSP,SC,ASO,ES,Towers with Radar,14,78,15,0,107,2,25,3,0,30,16,103,18,0,137,0,0,0,137
02/16/2004,GSP,SC,ASO,ES,Towers with Radar,19,117,26,0,162,0,0,4,0,4,19,117,30,0,166,0,0,0,166
02/17/2004,GSP,SC,ASO,ES,Towers with Radar,21,121,22,2,166,2,1,14,9,26,23,122,36,11,192,0,8,8,200
02/18/2004,GSP,SC,ASO,ES,Towers with Radar,24,124,28,2,178,0,0,25,1,26,24,124,53,3,204,6,0,6,210
02/19/2004,GSP,SC,ASO,ES,Towers with Radar,25,122,25,2,174,0,0,43,0,43,25,122,68,2,217,6,0,6,223
02/20/2004,GSP,SC,ASO,ES,Towers with Radar,23,114,19,2,158,0,0,0,3,3,23,114,19,5,161,0,0,0,161
02/21/2004,GSP,SC,ASO,ES,Towers with Radar,15,81,15,1,112,7,8,1,3,19,22,89,16,4,131,0,0,0,131
02/22/2004,GSP,SC,ASO,ES,Towers with Radar,16,100,18,1,135,0,0,19,1,20,16,100,37,2,155,0,0,0,155
02/23/2004,GSP,SC,ASO,ES,Towers with Radar,18,121,22,0,161,0,1,15,0,16,18,122,37,0,177,0,0,0,177
02/24/2004,GSP,SC,ASO,ES,Towers with Radar,16,112,21,2,151,0,19,0,7,26,16,131,21,9,177,0,6,6,183
02/25/2004,GSP,SC,ASO,ES,Towers with Radar,24,130,24,0,178,0,0,5,0,5,24,130,29,0,183,2,0,2,185
02/26/2004,GSP,SC,ASO,ES,Towers with Radar,10,59,11,0,80,1,36,1,0,38,11,95,12,0,118,0,0,0,118
02/27/2004,GSP,SC,ASO,ES,Towers with Radar,19,100,18,0,137,3,9,19,0,31,22,109,37,0,168,0,0,0,168
02/28/2004,GSP,SC,ASO,ES,Towers with Radar,18,88,18,0,124,1,0,4,0,5,19,88,22,0,129,6,0,6,135
02/29/2004,GSP,SC,ASO,ES,Towers with Radar,18,103,20,0,141,0,2,8,0,10,18,105,28,0,151,0,0,0,151
03/01/2004,GSP,SC,ASO,ES,Towers with Radar,19,108,25,2,154,0,8,3,0,11,19,116,28,2,165,0,0,0,165
03/02/2004,GSP,SC,ASO,ES,Towers with Radar,21,122,25,4,172,0,9,0,1,10,21,131,25,5,182,0,0,0,182
03/03/2004,GSP,SC,ASO,ES,Towers with Radar,25,123,29,4,181,0,0,0,5,5,25,123,29,9,186,0,0,0,186
03/04/2004,GSP,SC,ASO,ES,Towers with Radar,22,119,28,1,170,0,0,2,0,2,22,119,30,1,172,0,0,0,172
03/05/2004,GSP,SC,ASO,ES,Towers with Radar,23,112,28,4,167,3,0,0,6,9,26,112,28,10,176,0,3,3,179
03/06/2004,GSP,SC,ASO,ES,Towers with Radar,11,64,15,0,90,7,25,2,0,34,18,89,17,0,124,0,0,0,124
03/07/2004,GSP,SC,ASO,ES,Towers with Radar,15,81,19,3,118,3,10,15,4,32,18,91,34,7,150,0,0,0,150
03/08/2004,GSP,SC,ASO,ES,Towers with Radar,19,114,26,5,164,0,9,9,0,18,19,123,35,5,182,0,4,4,186
03/09/2004,GSP,SC,ASO,ES,Towers with Radar,21,116,27,5,169,0,14,3,21,38,21,130,30,26,207,12,8,20,227
03/10/2004,GSP,SC,ASO,ES,Towers with Radar,25,122,31,4,182,2,0,9,0,11,27,122,40,4,193,16,4,20,213
03/11/2004,GSP,SC,ASO,ES,Towers with Radar,22,123,31,3,179,0,0,23,0,23,22,123,54,3,202,6,14,20,222
03/12/2004,GSP,SC,ASO,ES,Towers with Radar,20,118,29,5,172,0,0,18,1,19,20,118,47,6,191,0,0,0,191
03/13/2004,GSP,SC,ASO,ES,Towers with Radar,15,82,20,2,119,3,5,6,0,14,18,87,26,2,133,15,0,15,148
03/14/2004,GSP,SC,ASO,ES,Towers with Radar,16,92,21,2,131,0,4,5,0,9,16,96,26,2,140,0,0,0,140
03/15/2004,GSP,SC,ASO,ES,Towers with Radar,18,122,30,0,170,0,0,1,0,1,18,122,31,0,171,0,0,0,171
03/16/2004,GSP,SC,ASO,ES,Towers with Radar,20,112,25,5,162,4,5,4,5,18,24,117,29,10,180,6,0,6,186
03/17/2004,GSP,SC,ASO,ES,Towers with Radar,24,128,30,5,187,5,0,0,4,9,29,128,30,9,196,0,0,0,196
03/18/2004,GSP,SC,ASO,ES,Towers with Radar,23,118,26,0,167,0,0,0,0,0,23,118,26,0,167,2,0,2,169
03/19/2004,GSP,SC,ASO,ES,Towers with Radar,23,117,28,5,173,0,0,15,5,20,23,117,43,10,193,0,4,4,197
03/20/2004,GSP,SC,ASO,ES,Towers with Radar,15,79,17,0,111,2,4,15,0,21,17,83,32,0,132,8,0,8,140
03/21/2004,GSP,SC,ASO,ES,Towers with Radar,17,94,21,0,132,3,13,6,0,22,20,107,27,0,154,0,0,0,154
03/22/2004,GSP,SC,ASO,ES,Towers with Radar,17,116,26,4,163,0,4,24,0,28,17,120,50,4,191,0,0,0,191
03/23/2004,GSP,SC,ASO,ES,Towers with Radar,21,118,26,1,166,4,14,8,0,26,25,132,34,1,192,0,0,0,192
03/24/2004,GSP,SC,ASO,ES,Towers with Radar,22,130,29,3,184,0,1,26,0,27,22,131,55,3,211,0,10,10,221
03/25/2004,GSP,SC,ASO,ES,Towers with Radar,23,126,28,4,181,0,0,20,1,21,23,126,48,5,202,4,0,4,206
03/26/2004,GSP,SC,ASO,ES,Towers with Radar,21,116,26,2,165,3,6,0,0,9,24,122,26,2,174,0,0,0,174
03/27/2004,GSP,SC,ASO,ES,Towers with Radar,17,88,21,2,128,0,0,16,0,16,17,88,37,2,144,0,0,0,144
03/28/2004,GSP,SC,ASO,ES,Towers with Radar,18,101,26,3,148,0,0,11,1,12,18,101,37,4,160,2,0,2,162
03/29/2004,GSP,SC,ASO,ES,Towers with Radar,19,120,29,4,172,0,0,26,8,34,19,120,55,12,206,4,0,4,210
03/30/2004,GSP,SC,ASO,ES,Towers with Radar,24,119,30,0,173,1,0,0,0,1,25,119,30,0,174,0,0,0,174
03/31/2004,GSP,SC,ASO,ES,Towers with Radar,21,122,31,4,178,0,0,10,1,11,21,122,41,5,189,0,0,0,189
04/01/2004,GSP,SC,ASO,ES,Towers with Radar,21,123,23,0,167,0,0,0,0,0,21,123,23,0,167,0,0,0,167
04/02/2004,GSP,SC,ASO,ES,Towers with Radar,18,121,26,3,168,0,0,15,1,16,18,121,41,4,184,0,0,0,184
04/03/2004,GSP,SC,ASO,ES,Towers with Radar,14,87,19,1,121,4,7,20,0,31,18,94,39,1,152,0,0,0,152
04/04/2004,GSP,SC,ASO,ES,Towers with Radar,14,90,20,3,127,0,17,2,1,20,14,107,22,4,147,0,0,0,147
04/05/2004,GSP,SC,ASO,ES,Towers with Radar,19,110,24,2,155,0,15,20,0,35,19,125,44,2,190,0,0,0,190
04/06/2004,GSP,SC,ASO,ES,Towers with Radar,20,123,27,1,171,6,6,12,0,24,26,129,39,1,195,2,0,2,197
04/07/2004,GSP,SC,ASO,ES,Towers with Radar,24,123,32,4,183,1,0,22,1,24,25,123,54,5,207,0,12,12,219
04/08/2004,GSP,SC,ASO,ES,Towers with Radar,24,124,33,4,185,0,0,12,1,13,24,124,45,5,198,0,0,0,198
04/09/2004,GSP,SC,ASO,ES,Towers with Radar,25,129,32,2,188,0,0,12,0,12,25,129,44,2,200,0,3,3,203
04/10/2004,GSP,SC,ASO,ES,Towers with Radar,16,88,24,0,128,0,0,9,0,9,16,88,33,0,137,0,0,0,137
04/11/2004,GSP,SC,ASO,ES,Towers with Radar,16,96,16,0,128,0,7,0,0,7,16,103,16,0,135,0,0,0,135
04/12/2004,GSP,SC,ASO,ES,Towers with Radar,18,118,22,0,158,0,6,0,0,6,18,124,22,0,164,0,0,0,164
04/13/2004,GSP,SC,ASO,ES,Towers with Radar,18,107,22,0,147,13,18,6,0,37,31,125,28,0,184,0,0,0,184
04/14/2004,GSP,SC,ASO,ES,Towers with Radar,24,133,30,4,191,0,0,19,0,19,24,133,49,4,210,0,0,0,210
04/15/2004,GSP,SC,ASO,ES,Towers with Radar,18,131,29,4,182,0,0,14,6,20,18,131,43,10,202,0,16,16,218
04/16/2004,GSP,SC,ASO,ES,Towers with Radar,20,134,29,2,185,0,0,11,0,11,20,134,40,2,196,0,0,0,196
04/17/2004,GSP,SC,ASO,ES,Towers with Radar,13,80,16,0,109,3,13,24,0,40,16,93,40,0,149,0,0,0,149
04/18/2004,GSP,SC,ASO,ES,Towers with Radar,16,107,23,3,149,0,0,7,6,13,16,107,30,9,162,0,0,0,162
04/19/2004,GSP,SC,ASO,ES,Towers with Radar,19,108,19,2,148,0,18,0,0,18,19,126,19,2,166,30,9,39,205
04/20/2004,GSP,SC,ASO,ES,Towers with Radar,20,122,25,0,167,3,7,10,0,20,23,129,35,0,187,0,0,0,187
04/21/2004,GSP,SC,ASO,ES,Towers with Radar,22,131,30,3,186,0,0,10,11,21,22,131,40,14,207,16,8,24,231
04/22/2004,GSP,SC,ASO,ES,Towers with Radar,21,124,27,2,174,0,4,8,1,13,21,128,35,3,187,0,18,18,205
04/23/2004,GSP,SC,ASO,ES,Towers with Radar,21,123,27,2,173,3,2,4,5,14,24,125,31,7,187,0,0,0,187
04/24/2004,GSP,SC,ASO,ES,Towers with Radar,14,81,18,1,114,5,13,0,2,20,19,94,18,3,134,0,0,0,134
04/25/2004,GSP,SC,ASO,ES,Towers with Radar,16,96,17,0,129,1,13,0,0,14,17,109,17,0,143,13,0,13,156
04/26/2004,GSP,SC,ASO,ES,Towers with Radar,17,112,25,0,154,0,9,2,0,11,17,121,27,0,165,0,0,0,165
04/27/2004,GSP,SC,ASO,ES,Towers with Radar,21,129,28,0,178,0,0,18,0,18,21,129,46,0,196,0,0,0,196
04/28/2004,GSP,SC,ASO,ES,Towers with Radar,23,124,30,3,180,2,0,57,5,64,25,124,87,8,244,0,4,4,248
04/29/2004,GSP,SC,ASO,ES,Towers with Radar,20,130,28,3,181,0,0,12,3,15,20,130,40,6,196,0,8,8,204
04/30/2004,GSP,SC,ASO,ES,Towers with Radar,18,128,32,3,181,0,0,13,9,22,18,128,45,12,203,5,0,5,208
05/01/2004,GSP,SC,ASO,ES,Towers with Radar,14,95,13,0,122,0,0,0,0,0,14,95,13,0,122,0,0,0,122
05/02/2004,GSP,SC,ASO,ES,Towers with Radar,18,123,27,2,170,0,0,1,2,3,18,123,28,4,173,0,0,0,173
05/03/2004,GSP,SC,ASO,ES,Towers with Radar,21,130,27,0,178,0,0,12,0,12,21,130,39,0,190,0,0,0,190
05/04/2004,GSP,SC,ASO,ES,Towers with Radar,23,128,26,2,179,0,1,11,5,17,23,129,37,7,196,0,0,0,196
05/05/2004,GSP,SC,ASO,ES,Towers with Radar,22,130,27,2,181,4,0,10,0,14,26,130,37,2,195,10,0,10,205
05/06/2004,GSP,SC,ASO,ES,Towers with Radar,23,131,30,3,187,0,0,15,1,16,23,131,45,4,203,8,0,8,211
05/07/2004,GSP,SC,ASO,ES,Towers with Radar,21,124,25,0,170,2,1,17,0,20,23,125,42,0,190,6,0,6,196
05/08/2004,GSP,SC,ASO,ES,Towers with Radar,14,84,18,0,116,5,12,16,0,33,19,96,34,0,149,10,0,10,159
05/09/2004,GSP,SC,ASO,ES,Towers with Radar,18,103,21,0,142,0,15,4,0,19,18,118,25,0,161,0,0,0,161
05/10/2004,GSP,SC,ASO,ES,Towers with Radar,17,116,24,0,157,0,9,19,0,28,17,125,43,0,185,12,0,12,197
05/11/2004,GSP,SC,ASO,ES,Towers with Radar,20,123,26,1,170,5,8,14,0,27,25,131,40,1,197,0,0,0,197
05/12/2004,GSP,SC,ASO,ES,Towers with Radar,22,134,28,3,187,0,0,6,1,7,22,134,34,4,194,0,0,0,194
05/13/2004,GSP,SC,ASO,ES,Towers with Radar,21,118,31,3,173,0,0,14,0,14,21,118,45,3,187,0,0,0,187
05/14/2004,GSP,SC,ASO,ES,Towers with Radar,23,117,29,3,172,3,0,3,1,7,26,117,32,4,179,0,0,0,179
05/15/2004,GSP,SC,ASO,ES,Towers with Radar,15,88,18,1,122,4,8,11,0,23,19,96,29,1,145,2,0,2,147
05/16/2004,GSP,SC,ASO,ES,Towers with Radar,15,103,21,2,141,0,12,9,0,21,15,115,30,2,162,0,0,0,162
05/17/2004,GSP,SC,ASO,ES,Towers with Radar,21,116,26,2,165,0,0,1,0,1,21,116,27,2,166,0,0,0,166
05/18/2004,GSP,SC,ASO,ES,Towers with Radar,19,122,25,0,166,0,0,17,0,17,19,122,42,0,183,0,0,0,183
05/19/2004,GSP,SC,ASO,ES,Towers with Radar,24,146,29,0,199,0,0,33,0,33,24,146,62,0,232,22,0,22,254
05/20/2004,GSP,SC,ASO,ES,Towers with Radar,21,128,28,0,177,0,0,8,0,8,21,128,36,0,185,0,0,0,185
05/21/2004,GSP,SC,ASO,ES,Towers with Radar,21,111,25,2,159,2,0,31,0,33,23,111,56,2,192,16,0,16,208
05/22/2004,GSP,SC,ASO,ES,Towers with Radar,14,84,16,0,114,3,10,11,0,24,17,94,27,0,138,8,0,8,146
05/23/2004,GSP,SC,ASO,ES,Towers with Radar,16,97,19,0,132,1,10,0,0,11,17,107,19,0,143,0,0,0,143
05/24/2004,GSP,SC,ASO,ES,Towers with Radar,17,111,19,2,149,0,10,0,17,27,17,121,19,19,176,0,28,28,204
05/25/2004,GSP,SC,ASO,ES,Towers with Radar,18,103,20,1,142,5,21,10,3,39,23,124,30,4,181,4,0,4,185
05/26/2004,GSP,SC,ASO,ES,Towers with Radar,18,116,23,2,159,0,3,3,13,19,18,119,26,15,178,0,10,10,188
05/27/2004,GSP,SC,ASO,ES,Towers with Radar,21,132,26,0,179,0,0,11,0,11,21,132,37,0,190,0,0,0,190
05/28/2004,GSP,SC,ASO,ES,Towers with Radar,20,129,26,2,177,0,2,4,0,6,20,131,30,2,183,6,0,6,189
05/29/2004,GSP,SC,ASO,ES,Towers with Radar,13,80,7,1,101,2,11,0,0,13,15,91,7,1,114,8,0,8,122
05/30/2004,GSP,SC,ASO,ES,Towers with Radar,11,68,11,0,90,3,12,0,0,15,14,80,11,0,105,0,0,0,105
05/31/2004,GSP,SC,ASO,ES,Towers with Radar,14,85,15,0,114,1,18,0,0,19,15,103,15,0,133,0,0,0,133
06/01/2004,GSP,SC,ASO,ES,Towers with Radar,19,121,26,3,169,0,1,7,1,9,19,122,33,4,178,0,0,0,178
06/02/2004,GSP,SC,ASO,ES,Towers with Radar,19,117,24,3,163,7,7,9,1,24,26,124,33,4,187,0,0,0,187
06/03/2004,GSP,SC,ASO,ES,Towers with Radar,18,122,21,0,161,0,8,0,0,8,18,130,21,0,169,0,0,0,169
06/04/2004,GSP,SC,ASO,ES,Towers with Radar,22,120,27,0,169,1,0,9,0,10,23,120,36,0,179,0,0,0,179
06/05/2004,GSP,SC,ASO,ES,Towers with Radar,13,80,16,0,109,4,19,6,0,29,17,99,22,0,138,6,0,6,144
06/06/2004,GSP,SC,ASO,ES,Towers with Radar,16,108,23,3,150,0,5,0,7,12,16,113,23,10,162,0,10,10,172
06/07/2004,GSP,SC,ASO,ES,Towers with Radar,17,115,24,0,156,0,13,16,0,29,17,128,40,0,185,0,0,0,185
06/08/2004,GSP,SC,ASO,ES,Towers with Radar,21,130,27,2,180,0,5,18,0,23,21,135,45,2,203,0,0,0,203
06/09/2004,GSP,SC,ASO,ES,Towers with Radar,21,123,27,0,171,3,0,14,0,17,24,123,41,0,188,0,0,0,188
06/10/2004,GSP,SC,ASO,ES,Towers with Radar,21,142,31,4,198,0,0,20,10,30,21,142,51,14,228,4,0,4,232
06/11/2004,GSP,SC,ASO,ES,Towers with Radar,18,122,26,3,169,0,5,3,0,8,18,127,29,3,177,0,0,0,177
06/12/2004,GSP,SC,ASO,ES,Towers with Radar,13,78,10,0,101,5,12,0,0,17,18,90,10,0,118,6,0,6,124
06/13/2004,GSP,SC,ASO,ES,Towers with Radar,18,113,12,3,146,0,0,0,0,0,18,113,12,3,146,0,0,0,146
06/14/2004,GSP,SC,ASO,ES,Towers with Radar,18,123,27,4,172,0,0,5,0,5,18,123,32,4,177,0,0,0,177
06/15/2004,GSP,SC,ASO,ES,Towers with Radar,19,117,24,2,162,0,12,3,1,16,19,129,27,3,178,0,0,0,178
06/16/2004,GSP,SC,ASO,ES,Towers with Radar,23,117,28,3,171,1,0,15,2,18,24,117,43,5,189,0,10,10,199
06/17/2004,GSP,SC,ASO,ES,Towers with Radar,19,117,25,3,164,0,0,14,0,14,19,117,39,3,178,6,0,6,184
06/18/2004,GSP,SC,ASO,ES,Towers with Radar,20,125,27,0,172,0,0,19,0,19,20,125,46,0,191,0,0,0,191
06/19/2004,GSP,SC,ASO,ES,Towers with Radar,16,94,19,2,131,2,0,11,8,21,18,94,30,10,152,0,0,0,152
06/20/2004,GSP,SC,ASO,ES,Towers with Radar,15,110,23,2,150,0,7,0,2,9,15,117,23,4,159,0,0,0,159
06/21/2004,GSP,SC,ASO,ES,Towers with Radar,18,115,23,2,158,0,12,0,0,12,18,127,23,2,170,0,0,0,170
06/22/2004,GSP,SC,ASO,ES,Towers with Radar,22,121,27,0,170,9,0,10,0,19,31,121,37,0,189,0,0,0,189
06/23/2004,GSP,SC,ASO,ES,Towers with Radar,24,146,29,0,199,8,6,0,0,14,32,152,29,0,213,0,0,0,213
06/24/2004,GSP,SC,ASO,ES,Towers with Radar,18,142,28,2,190,0,0,0,0,0,18,142,28,2,190,0,0,0,190
06/25/2004,GSP,SC,ASO,ES,Towers with Radar,20,128,28,3,179,0,0,2,11,13,20,128,30,14,192,0,0,0,192
06/26/2004,GSP,SC,ASO,ES,Towers with Radar,15,92,19,0,126,3,0,0,0,3,18,92,19,0,129,0,0,0,129
06/27/2004,GSP,SC,ASO,ES,Towers with Radar,20,115,25,3,163,1,0,0,1,2,21,115,25,4,165,0,0,0,165
06/28/2004,GSP,SC,ASO,ES,Towers with Radar,16,134,14,3,167,0,0,0,1,1,16,134,14,4,168,0,0,0,168
06/29/2004,GSP,SC,ASO,ES,Towers with Radar,21,124,26,3,174,4,9,21,2,36,25,133,47,5,210,0,0,0,210
06/30/2004,GSP,SC,ASO,ES,Towers with Radar,23,130,28,3,184,0,0,1,5,6,23,130,29,8,190,0,0,0,190
07/01/2004,GSP,SC,ASO,ES,Towers with Radar,26,130,20,1,177,0,0,0,0,0,26,130,20,1,177,12,0,12,189
07/02/2004,GSP,SC,ASO,ES,Towers with Radar,19,128,26,0,173,0,0,0,0,0,19,128,26,0,173,2,0,2,175
07/03/2004,GSP,SC,ASO,ES,Towers with Radar,16,84,8,0,108,3,5,0,0,8,19,89,8,0,116,0,0,0,116
07/04/2004,GSP,SC,ASO,ES,Towers with Radar,11,64,12,0,87,1,21,2,0,24,12,85,14,0,111,0,0,0,111
07/05/2004,GSP,SC,ASO,ES,Towers with Radar,15,98,19,0,132,0,0,23,0,23,15,98,42,0,155,0,0,0,155
07/06/2004,GSP,SC,ASO,ES,Towers with Radar,17,111,20,2,150,0,16,36,5,57,17,127,56,7,207,0,16,16,223
07/07/2004,GSP,SC,ASO,ES,Towers with Radar,21,119,20,2,162,4,0,25,0,29,25,119,45,2,191,10,0,10,201
07/08/2004,GSP,SC,ASO,ES,Towers with Radar,18,131,23,1,173,0,5,2,0,7,18,136,25,1,180,0,0,0,180
07/09/2004,GSP,SC,ASO,ES,Towers with Radar,20,124,22,2,168,0,8,13,6,27,20,132,35,8,195,0,4,4,199
07/10/2004,GSP,SC,ASO,ES,Towers with Radar,14,81,15,2,112,5,0,8,5,18,19,81,23,7,130,6,0,6,136
07/11/2004,GSP,SC,ASO,ES,Towers with Radar,16,109,16,3,144,0,3,0,3,6,16,112,16,6,150,0,0,0,150
07/12/2004,GSP,SC,ASO,ES,Towers with Radar,17,105,19,3,144,1,3,1,0,5,18,108,20,3,149,0,0,0,149
07/13/2004,GSP,SC,ASO,ES,Towers with Radar,20,119,20,2,161,5,7,24,0,36,25,126,44,2,197,0,0,0,197
07/14/2004,GSP,SC,ASO,ES,Towers with Radar,21,115,23,0,159,0,0,9,0,9,21,115,32,0,168,0,0,0,168
07/15/2004,GSP,SC,ASO,ES,Towers with Radar,21,122,23,0,166,1,0,16,0,17,22,122,39,0,183,4,0,4,187
07/16/2004,GSP,SC,ASO,ES,Towers with Radar,22,116,25,4,167,0,0,15,1,16,22,116,40,5,183,0,8,8,191
07/17/2004,GSP,SC,ASO,ES,Towers with Radar,15,92,16,0,123,5,6,19,0,30,20,98,35,0,153,4,0,4,157
07/18/2004,GSP,SC,ASO,ES,Towers with Radar,15,110,18,3,146,0,11,4,0,15,15,121,22,3,161,0,0,0,161
07/19/2004,GSP,SC,ASO,ES,Towers with Radar,19,137,23,3,182,0,2,9,12,23,19,139,32,15,205,6,0,6,211
07/20/2004,GSP,SC,ASO,ES,Towers with Radar,23,140,22,4,189,0,1,15,2,18,23,141,37,6,207,0,5,5,212
07/21/2004,GSP,SC,ASO,ES,Towers with Radar,23,139,24,2,188,1,0,8,0,9,24,139,32,2,197,0,0,0,197
07/22/2004,GSP,SC,ASO,ES,Towers with Radar,19,137,23,2,181,0,2,8,0,10,19,139,31,2,191,0,0,0,191
07/23/2004,GSP,SC,ASO,ES,Towers with Radar,23,120,22,2,167,6,0,8,8,22,29,120,30,10,189,0,0,0,189
07/24/2004,GSP,SC,ASO,ES,Towers with Radar,15,94,11,0,120,2,7,0,0,9,17,101,11,0,129,10,0,10,139
07/25/2004,GSP,SC,ASO,ES,Towers with Radar,18,121,20,2,161,0,8,6,0,14,18,129,26,2,175,0,0,0,175
07/26/2004,GSP,SC,ASO,ES,Towers with Radar,23,139,22,0,184,3,27,13,0,43,26,166,35,0,227,0,0,0,227
07/27/2004,GSP,SC,ASO,ES,Towers with Radar,25,138,23,0,186,5,0,0,0,5,30,138,23,0,191,8,0,8,199
07/28/2004,GSP,SC,ASO,ES,Towers with Radar,24,140,23,3,190,1,0,7,8,16,25,140,30,11,206,0,6,6,212
07/29/2004,GSP,SC,ASO,ES,Towers with Radar,20,143,22,0,185,0,1,0,0,1,20,144,22,0,186,0,0,0,186
07/30/2004,GSP,SC,ASO,ES,Towers with Radar,21,141,25,3,190,0,0,3,2,5,21,141,28,5,195,0,0,0,195
07/31/2004,GSP,SC,ASO,ES,Towers with Radar,16,101,14,0,131,0,2,0,0,2,16,103,14,0,133,0,0,0,133
08/01/2004,GSP,SC,ASO,ES,Towers with Radar,16,115,9,2,142,0,0,1,0,1,16,115,10,2,143,0,0,0,143
08/02/2004,GSP,SC,ASO,ES,Towers with Radar,17,118,28,8,171,0,0,2,0,2,17,118,30,8,173,0,0,0,173
08/03/2004,GSP,SC,ASO,ES,Towers with Radar,25,132,38,3,198,0,4,9,1,14,25,136,47,4,212,0,0,0,212
08/04/2004,GSP,SC,ASO,ES,Towers with Radar,25,146,29,2,202,0,1,19,0,20,25,147,48,2,222,0,0,0,222
08/05/2004,GSP,SC,ASO,ES,Towers with Radar,23,139,28,6,196,0,0,4,0,4,23,139,32,6,200,0,0,0,200
08/06/2004,GSP,SC,ASO,ES,Towers with Radar,21,139,26,22,208,0,5,17,0,22,21,144,43,22,230,4,23,27,257
08/07/2004,GSP,SC,ASO,ES,Towers with Radar,19,109,21,0,149,0,0,13,0,13,19,109,34,0,162,0,0,0,162
08/08/2004,GSP,SC,ASO,ES,Towers with Radar,17,130,8,7,162,0,0,9,2,11,17,130,17,9,173,0,0,0,173
08/09/2004,GSP,SC,ASO,ES,Towers with Radar,19,138,17,12,186,0,0,8,0,8,19,138,25,12,194,0,0,0,194
08/10/2004,GSP,SC,ASO,ES,Towers with Radar,21,141,23,3,188,0,0,12,0,12,21,141,35,3,200,2,0,2,202
08/11/2004,GSP,SC,ASO,ES,Towers with Radar,24,130,24,0,178,0,0,7,0,7,24,130,31,0,185,0,0,0,185
08/12/2004,GSP,SC,ASO,ES,Towers with Radar,21,153,18,0,192,0,0,0,0,0,21,153,18,0,192,0,0,0,192
08/13/2004,GSP,SC,ASO,ES,Towers with Radar,18,145,18,1,182,0,0,9,0,9,18,145,27,1,191,0,0,0,191
08/14/2004,GSP,SC,ASO,ES,Towers with Radar,20,105,15,4,144,0,0,7,0,7,20,105,22,4,151,4,0,4,155
08/15/2004,GSP,SC,ASO,ES,Towers with Radar,15,127,24,0,166,0,0,1,0,1,15,127,25,0,167,0,0,0,167
08/16/2004,GSP,SC,ASO,ES,Towers with Radar,17,147,14,4,182,0,0,0,0,0,17,147,14,4,182,0,10,10,192
08/17/2004,GSP,SC,ASO,ES,Towers with Radar,26,140,33,10,209,0,0,3,0,3,26,140,36,10,212,0,0,0,212
08/18/2004,GSP,SC,ASO,ES,Towers with Radar,23,139,22,0,184,0,0,2,0,2,23,139,24,0,186,0,0,0,186
08/19/2004,GSP,SC,ASO,ES,Towers with Radar,22,137,19,0,178,0,0,7,0,7,22,137,26,0,185,0,0,0,185
08/20/2004,GSP,SC,ASO,ES,Towers with Radar,32,137,23,0,192,0,0,7,0,7,32,137,30,0,199,6,0,6,205
08/21/2004,GSP,SC,ASO,ES,Towers with Radar,15,99,13,8,135,0,0,5,0,5,15,99,18,8,140,0,0,0,140
08/22/2004,GSP,SC,ASO,ES,Towers with Radar,15,127,9,0,151,0,0,4,0,4,15,127,13,0,155,0,0,0,155
08/23/2004,GSP,SC,ASO,ES,Towers with Radar,15,139,23,7,184,0,0,14,0,14,15,139,37,7,198,0,12,12,210
08/24/2004,GSP,SC,ASO,ES,Towers with Radar,23,146,27,0,196,0,0,3,0,3,23,146,30,0,199,0,0,0,199
08/25/2004,GSP,SC,ASO,ES,Towers with Radar,26,137,36,0,199,0,0,9,1,10,26,137,45,1,209,12,0,12,221
08/26/2004,GSP,SC,ASO,ES,Towers with Radar,27,147,18,0,192,0,1,7,0,8,27,148,25,0,200,6,0,6,206
08/27/2004,GSP,SC,ASO,ES,Towers with Radar,22,139,29,1,191,0,1,21,3,25,22,140,50,4,216,6,0,6,222
08/28/2004,GSP,SC,ASO,ES,Towers with Radar,17,100,18,2,137,0,0,16,0,16,17,100,34,2,153,26,0,26,179
08/29/2004,GSP,SC,ASO,ES,Towers with Radar,16,137,18,1,172,0,0,2,1,3,16,137,20,2,175,0,0,0,175
08/30/2004,GSP,SC,ASO,ES,Towers with Radar,19,127,23,0,169,0,0,10,2,12,19,127,33,2,181,6,0,6,187
08/31/2004,GSP,SC,ASO,ES,Towers with Radar,25,135,37,2,199,0,0,2,0,2,25,135,39,2,201,0,0,0,201
09/01/2004,GSP,SC,ASO,ES,Towers with Radar,20,143,20,0,183,0,0,0,0,0,20,143,20,0,183,0,0,0,183
09/02/2004,GSP,SC,ASO,ES,Towers with Radar,22,147,32,2,203,0,0,10,12,22,22,147,42,14,225,0,0,0,225
09/03/2004,GSP,SC,ASO,ES,Towers with Radar,21,140,27,0,188,0,0,6,0,6,21,140,33,0,194,6,0,6,200
09/04/2004,GSP,SC,ASO,ES,Towers with Radar,14,95,16,0,125,3,7,10,0,20,17,102,26,0,145,8,0,8,153
09/05/2004,GSP,SC,ASO,ES,Towers with Radar,12,78,11,0,101,1,18,0,0,19,13,96,11,0,120,0,0,0,120
09/06/2004,GSP,SC,ASO,ES,Towers with Radar,13,86,6,0,105,6,41,0,0,47,19,127,6,0,152,0,0,0,152
09/07/2004,GSP,SC,ASO,ES,Towers with Radar,12,84,9,0,105,4,60,0,0,64,16,144,9,0,169,0,0,0,169
09/08/2004,GSP,SC,ASO,ES,Towers with Radar,18,128,22,0,168,5,25,5,0,35,23,153,27,0,203,0,0,0,203
09/09/2004,GSP,SC,ASO,ES,Towers with Radar,21,146,27,0,194,0,0,15,0,15,21,146,42,0,209,0,0,0,209
09/10/2004,GSP,SC,ASO,ES,Towers with Radar,21,156,28,2,207,0,0,6,0,6,21,156,34,2,213,5,0,5,218
09/11/2004,GSP,SC,ASO,ES,Towers with Radar,17,106,20,0,143,0,0,22,0,22,17,106,42,0,165,18,0,18,183
09/12/2004,GSP,SC,ASO,ES,Towers with Radar,15,131,19,1,166,0,0,0,9,9,15,131,19,10,175,0,0,0,175
09/13/2004,GSP,SC,ASO,ES,Towers with Radar,17,138,26,1,182,0,0,9,0,9,17,138,35,1,191,0,0,0,191
09/14/2004,GSP,SC,ASO,ES,Towers with Radar,25,145,26,1,197,0,0,0,0,0,25,145,26,1,197,0,0,0,197
09/15/2004,GSP,SC,ASO,ES,Towers with Radar,21,127,28,2,178,0,0,33,2,35,21,127,61,4,213,0,0,0,213
09/16/2004,GSP,SC,ASO,ES,Towers with Radar,18,121,20,0,159,8,20,4,0,32,26,141,24,0,191,0,0,0,191
09/17/2004,GSP,SC,ASO,ES,Towers with Radar,14,94,15,0,123,9,43,1,0,53,23,137,16,0,176,0,0,0,176
09/18/2004,GSP,SC,ASO,ES,Towers with Radar,13,83,13,0,109,4,27,0,0,31,17,110,13,0,140,0,0,0,140
09/19/2004,GSP,SC,ASO,ES,Towers with Radar,14,105,17,0,136,0,19,4,2,25,14,124,21,2,161,0,0,0,161
09/20/2004,GSP,SC,ASO,ES,Towers with Radar,18,139,22,0,179,0,0,18,0,18,18,139,40,0,197,0,0,0,197
09/21/2004,GSP,SC,ASO,ES,Towers with Radar,21,139,23,0,183,3,10,10,0,23,24,149,33,0,206,12,0,12,218
09/22/2004,GSP,SC,ASO,ES,Towers with Radar,23,137,25,0,185,0,0,15,0,15,23,137,40,0,200,2,0,2,202
09/23/2004,GSP,SC,ASO,ES,Towers with Radar,20,153,30,0,203,0,0,21,0,21,20,153,51,0,224,4,0,4,228
09/24/2004,GSP,SC,ASO,ES,Towers with Radar,22,153,26,1,202,0,0,0,0,0,22,153,26,1,202,0,0,0,202
09/25/2004,GSP,SC,ASO,ES,Towers with Radar,17,102,16,0,135,7,0,0,0,7,24,102,16,0,142,10,0,10,152
09/26/2004,GSP,SC,ASO,ES,Towers with Radar,15,121,21,0,157,0,0,1,0,1,15,121,22,0,158,0,0,0,158
09/27/2004,GSP,SC,ASO,ES,Towers with Radar,13,98,15,0,126,0,41,1,0,42,13,139,16,0,168,0,0,0,168
09/28/2004,GSP,SC,ASO,ES,Towers with Radar,18,128,22,0,168,6,11,11,0,28,24,139,33,0,196,18,0,18,214
09/29/2004,GSP,SC,ASO,ES,Towers with Radar,26,149,29,1,205,0,0,6,3,9,26,149,35,4,214,0,0,0,214
09/30/2004,GSP,SC,ASO,ES,Towers with Radar,19,166,32,1,218,0,0,18,1,19,19,166,50,2,237,0,0,0,237
10/01/2004,GSP,SC,ASO,ES,Towers with Radar,26,153,28,2,209,0,0,6,0,6,26,153,34,2,215,0,0,0,215
10/02/2004,GSP,SC,ASO,ES,Towers with Radar,16,110,8,1,135,0,0,2,0,2,16,110,10,1,137,0,0,0,137
10/03/2004,GSP,SC,ASO,ES,Towers with Radar,15,126,4,2,147,0,0,4,0,4,15,126,8,2,151,6,0,6,157
10/04/2004,GSP,SC,ASO,ES,Towers with Radar,20,146,33,8,207,0,0,7,0,7,20,146,40,8,214,0,8,8,222
10/05/2004,GSP,SC,ASO,ES,Towers with Radar,23,138,28,1,190,0,0,3,0,3,23,138,31,1,193,0,0,0,193
10/06/2004,GSP,SC,ASO,ES,Towers with Radar,29,144,37,2,212,0,0,1,0,1,29,144,38,2,213,0,0,0,213
10/07/2004,GSP,SC,ASO,ES,Towers with Radar,23,160,28,2,213,0,0,7,0,7,23,160,35,2,220,4,0,4,224
10/08/2004,GSP,SC,ASO,ES,Towers with Radar,23,151,15,0,189,0,0,17,0,17,23,151,32,0,206,0,0,0,206
10/09/2004,GSP,SC,ASO,ES,Towers with Radar,17,113,17,0,147,0,0,3,2,5,17,113,20,2,152,0,0,0,152
10/10/2004,GSP,SC,ASO,ES,Towers with Radar,15,137,11,0,163,0,1,6,0,7,15,138,17,0,170,2,0,2,172
10/11/2004,GSP,SC,ASO,ES,Towers with Radar,18,145,20,0,183,0,0,6,0,6,18,145,26,0,189,6,0,6,195
10/12/2004,GSP,SC,ASO,ES,Towers with Radar,24,149,29,3,205,0,0,5,0,5,24,149,34,3,210,46,2,48,258
10/13/2004,GSP,SC,ASO,ES,Towers with Radar,25,149,23,11,208,0,0,5,0,5,25,149,28,11,213,0,39,39,252
10/14/2004,GSP,SC,ASO,ES,Towers with Radar,25,148,24,4,201,0,0,7,0,7,25,148,31,4,208,10,4,14,222
10/15/2004,GSP,SC,ASO,ES,Towers with Radar,24,145,16,2,187,0,0,9,0,9,24,145,25,2,196,0,0,0,196
10/16/2004,GSP,SC,ASO,ES,Towers with Radar,17,117,12,4,150,0,0,9,0,9,17,117,21,4,159,0,5,5,164
10/17/2004,GSP,SC,ASO,ES,Towers with Radar,14,132,21,0,167,0,0,25,2,27,14,132,46,2,194,0,0,0,194
10/18/2004,GSP,SC,ASO,ES,Towers with Radar,21,141,25,2,189,0,0,4,0,4,21,141,29,2,193,0,0,0,193
10/19/2004,GSP,SC,ASO,ES,Towers with Radar,18,149,24,2,193,0,0,0,0,0,18,149,24,2,193,0,0,0,193
10/20/2004,GSP,SC,ASO,ES,Towers with Radar,24,157,36,2,219,0,0,7,0,7,24,157,43,2,226,16,0,16,242
10/21/2004,GSP,SC,ASO,ES,Towers with Radar,22,155,49,19,245,0,0,0,0,0,22,155,49,19,245,0,0,0,245
10/22/2004,GSP,SC,ASO,ES,Towers with Radar,24,152,28,13,217,0,0,7,1,8,24,152,35,14,225,6,0,6,231
10/23/2004,GSP,SC,ASO,ES,Towers with Radar,21,111,6,0,138,0,0,4,0,4,21,111,10,0,142,0,0,0,142
10/24/2004,GSP,SC,ASO,ES,Towers with Radar,15,133,15,2,165,0,0,0,0,0,15,133,15,2,165,0,0,0,165
10/25/2004,GSP,SC,ASO,ES,Towers with Radar,24,151,22,8,205,0,0,8,0,8,24,151,30,8,213,0,0,0,213
10/26/2004,GSP,SC,ASO,ES,Towers with Radar,26,153,34,25,238,0,1,0,0,1,26,154,34,25,239,0,0,0,239
10/27/2004,GSP,SC,ASO,ES,Towers with Radar,19,150,27,4,200,0,0,1,0,1,19,150,28,4,201,0,0,0,201
10/28/2004,GSP,SC,ASO,ES,Towers with Radar,21,148,34,6,209,0,0,1,0,1,21,148,35,6,210,0,0,0,210
10/29/2004,GSP,SC,ASO,ES,Towers with Radar,23,157,22,0,202,0,0,0,0,0,23,157,22,0,202,0,0,0,202
10/30/2004,GSP,SC,ASO,ES,Towers with Radar,21,112,15,2,150,0,3,9,0,12,21,115,24,2,162,0,0,0,162
10/31/2004,GSP,SC,ASO,ES,Towers with Radar,14,131,16,2,163,0,0,8,0,8,14,131,24,2,171,5,0,5,176
11/01/2004,GSP,SC,ASO,ES,Combined TRACON& Tower with Radar,21,139,21,2,183,0,0,14,0,14,21,139,35,2,197,36,0,36,233
11/02/2004,GSP,SC,ASO,ES,Combined TRACON& Tower with Radar,22,146,24,2,194,0,0,0,0,0,22,146,24,2,194,0,0,0,194
11/03/2004,GSP,SC,ASO,ES,Combined TRACON& Tower with Radar,25,155,28,0,208,0,0,1,0,1,25,155,29,0,209,6,0,6,215
11/04/2004,GSP,SC,ASO,ES,Combined TRACON& Tower with Radar,21,168,42,2,233,0,0,0,0,0,21,168,42,2,233,0,0,0,233
11/05/2004,GSP,SC,ASO,ES,Combined TRACON& Tower with Radar,24,166,26,8,224,0,0,18,0,18,24,166,44,8,242,0,0,0,242
11/06/2004,GSP,SC,ASO,ES,Combined TRACON& Tower with Radar,18,118,20,3,159,0,0,14,0,14,18,118,34,3,173,0,8,8,181
11/07/2004,GSP,SC,ASO,ES,Combined TRACON& Tower with Radar,19,134,12,4,169,0,0,9,0,9,19,134,21,4,178,0,0,0,178
11/08/2004,GSP,SC,ASO,ES,Combined TRACON& Tower with Radar,19,155,18,3,195,0,0,13,0,13,19,155,31,3,208,0,0,0,208
11/09/2004,GSP,SC,ASO,ES,Combined TRACON& Tower with Radar,27,163,39,4,233,0,1,9,0,10,27,164,48,4,243,0,0,0,243
11/10/2004,GSP,SC,ASO,ES,Combined TRACON& Tower with Radar,22,157,39,17,235,0,0,12,2,14,22,157,51,19,249,0,0,0,249
11/11/2004,GSP,SC,ASO,ES,Combined TRACON& Tower with Radar,23,158,29,6,216,0,0,1,0,1,23,158,30,6,217,0,0,0,217
11/12/2004,GSP,SC,ASO,ES,Combined TRACON& Tower with Radar,27,153,27,4,211,0,0,0,0,0,27,153,27,4,211,0,0,0,211
11/13/2004,GSP,SC,ASO,ES,Combined TRACON& Tower with Radar,17,116,1,9,143,0,0,9,0,9,17,116,10,9,152,0,0,0,152
11/14/2004,GSP,SC,ASO,ES,Combined TRACON& Tower with Radar,14,144,11,2,171,0,0,11,2,13,14,144,22,4,184,0,0,0,184
11/15/2004,GSP,SC,ASO,ES,Combined TRACON& Tower with Radar,21,157,18,0,196,0,0,3,4,7,21,157,21,4,203,0,0,0,203
11/16/2004,GSP,SC,ASO,ES,Combined TRACON& Tower with Radar,24,155,33,0,212,0,0,15,0,15,24,155,48,0,227,0,0,0,227
11/17/2004,GSP,SC,ASO,ES,Combined TRACON& Tower with Radar,27,154,25,0,206,0,1,15,0,16,27,155,40,0,222,6,0,6,228
11/18/2004,GSP,SC,ASO,ES,Combined TRACON& Tower with Radar,19,159,13,0,191,0,0,19,0,19,19,159,32,0,210,0,0,0,210
11/19/2004,GSP,SC,ASO,ES,Combined TRACON& Tower with Radar,30,152,21,0,203,0,0,7,0,7,30,152,28,0,210,4,0,4,214
11/20/2004,GSP,SC,ASO,ES,Combined TRACON& Tower with Radar,27,120,23,0,170,0,0,3,0,3,27,120,26,0,173,0,0,0,173
11/21/2004,GSP,SC,ASO,ES,Combined TRACON& Tower with Radar,14,131,15,1,161,0,0,9,1,10,14,131,24,2,171,0,0,0,171
11/22/2004,GSP,SC,ASO,ES,Combined TRACON& Tower with Radar,16,157,24,0,197,0,0,2,0,2,16,157,26,0,199,0,0,0,199
11/23/2004,GSP,SC,ASO,ES,Combined TRACON& Tower with Radar,30,156,30,2,218,0,0,0,0,0,30,156,30,2,218,0,0,0,218
11/24/2004,GSP,SC,ASO,ES,Combined TRACON& Tower with Radar,26,161,20,0,207,0,2,2,0,4,26,163,22,0,211,0,0,0,211
11/25/2004,GSP,SC,ASO,ES,Combined TRACON& Tower with Radar,14,116,6,0,136,0,0,10,1,11,14,116,16,1,147,0,0,0,147
11/26/2004,GSP,SC,ASO,ES,Combined TRACON& Tower with Radar,17,120,4,0,141,0,0,17,0,17,17,120,21,0,158,0,0,0,158
11/27/2004,GSP,SC,ASO,ES,Combined TRACON& Tower with Radar,14,133,10,1,158,0,0,5,1,6,14,133,15,2,164,10,0,10,174
11/28/2004,GSP,SC,ASO,ES,Combined TRACON& Tower with Radar,15,151,19,2,187,0,0,14,0,14,15,151,33,2,201,0,0,0,201
11/29/2004,GSP,SC,ASO,ES,Combined TRACON& Tower with Radar,24,150,22,0,196,0,0,7,0,7,24,150,29,0,203,0,0,0,203
11/30/2004,GSP,SC,ASO,ES,Combined TRACON& Tower with Radar,22,157,38,1,218,0,0,5,0,5,22,157,43,1,223,0,0,0,223
12/01/2004,GSP,SC,ASO,ES,Combined TRACON& Tower with Radar,30,150,34,2,216,0,0,6,0,6,30,150,40,2,222,0,0,0,222
12/02/2004,GSP,SC,ASO,ES,Combined TRACON& Tower with Radar,23,160,25,0,208,0,2,13,0,15,23,162,38,0,223,0,0,0,223
12/03/2004,GSP,SC,ASO,ES,Combined TRACON& Tower with Radar,25,157,28,2,212,0,0,14,0,14,25,157,42,2,226,5,0,5,231
12/04/2004,GSP,SC,ASO,ES,Combined TRACON& Tower with Radar,22,125,4,2,153,0,0,8,0,8,22,125,12,2,161,0,0,0,161
12/05/2004,GSP,SC,ASO,ES,Combined TRACON& Tower with Radar,19,135,3,9,166,0,0,8,1,9,19,135,11,10,175,0,8,8,183
12/06/2004,GSP,SC,ASO,ES,Combined TRACON& Tower with Radar,21,141,17,0,179,0,0,0,0,0,21,141,17,0,179,0,0,0,179
12/07/2004,GSP,SC,ASO,ES,Combined TRACON& Tower with Radar,26,158,14,0,198,0,0,0,0,0,26,158,14,0,198,0,0,0,198
12/08/2004,GSP,SC,ASO,ES,Combined TRACON& Tower with Radar,32,147,26,0,205,0,0,10,0,10,32,147,36,0,215,8,0,8,223
12/09/2004,GSP,SC,ASO,ES,Combined TRACON& Tower with Radar,20,147,28,0,195,0,0,0,0,0,20,147,28,0,195,0,0,0,195
12/10/2004,GSP,SC,ASO,ES,Combined TRACON& Tower with Radar,24,156,16,1,197,0,0,6,1,7,24,156,22,2,204,0,0,0,204
12/11/2004,GSP,SC,ASO,ES,Combined TRACON& Tower with Radar,18,131,5,1,155,0,0,11,0,11,18,131,16,1,166,4,0,4,170
12/12/2004,GSP,SC,ASO,ES,Combined TRACON& Tower with Radar,16,132,8,1,157,0,0,11,0,11,16,132,19,1,168,0,0,0,168
12/13/2004,GSP,SC,ASO,ES,Combined TRACON& Tower with Radar,22,158,25,0,205,0,0,7,0,7,22,158,32,0,212,0,0,0,212
12/14/2004,GSP,SC,ASO,ES,Combined TRACON& Tower with Radar,29,149,37,0,215,0,0,11,0,11,29,149,48,0,226,0,0,0,226
12/15/2004,GSP,SC,ASO,ES,Combined TRACON& Tower with Radar,26,152,34,3,215,0,0,6,0,6,26,152,40,3,221,0,0,0,221
12/16/2004,GSP,SC,ASO,ES,Combined TRACON& Tower with Radar,18,159,46,6,229,0,0,13,1,14,18,159,59,7,243,0,0,0,243
12/17/2004,GSP,SC,ASO,ES,Combined TRACON& Tower with Radar,19,167,17,0,203,0,0,13,0,13,19,167,30,0,216,0,0,0,216
12/18/2004,GSP,SC,ASO,ES,Combined TRACON& Tower with Radar,17,127,6,0,150,0,0,7,1,8,17,127,13,1,158,0,0,0,158
12/19/2004,GSP,SC,ASO,ES,Combined TRACON& Tower with Radar,13,131,10,0,154,0,0,1,0,1,13,131,11,0,155,2,0,2,157
12/20/2004,GSP,SC,ASO,ES,Combined TRACON& Tower with Radar,21,151,13,0,185,0,0,8,0,8,21,151,21,0,193,0,0,0,193
12/21/2004,GSP,SC,ASO,ES,Combined TRACON& Tower with Radar,25,159,41,0,225,0,0,8,0,8,25,159,49,0,233,0,0,0,233
12/22/2004,GSP,SC,ASO,ES,Combined TRACON& Tower with Radar,24,150,26,0,200,0,0,4,0,4,24,150,30,0,204,0,0,0,204
12/23/2004,GSP,SC,ASO,ES,Combined TRACON& Tower with Radar,25,109,20,2,156,0,0,6,0,6,25,109,26,2,162,0,0,0,162
12/24/2004,GSP,SC,ASO,ES,Combined TRACON& Tower with Radar,19,120,7,0,146,0,9,3,0,12,19,129,10,0,158,0,0,0,158
12/25/2004,GSP,SC,ASO,ES,Combined TRACON& Tower with Radar,14,97,3,0,114,0,0,2,0,2,14,97,5,0,116,0,0,0,116
12/26/2004,GSP,SC,ASO,ES,Combined TRACON& Tower with Radar,17,120,16,0,153,0,0,3,0,3,17,120,19,0,156,0,0,0,156
12/27/2004,GSP,SC,ASO,ES,Combined TRACON& Tower with Radar,20,129,13,0,162,0,0,14,0,14,20,129,27,0,176,4,0,4,180
12/28/2004,GSP,SC,ASO,ES,Combined TRACON& Tower with Radar,27,139,10,0,176,0,0,15,0,15,27,139,25,0,191,0,0,0,191
12/29/2004,GSP,SC,ASO,ES,Combined TRACON& Tower with Radar,20,145,14,2,181,0,0,8,0,8,20,145,22,2,189,8,0,8,197
12/30/2004,GSP,SC,ASO,ES,Combined TRACON& Tower with Radar,23,147,19,0,189,0,0,15,0,15,23,147,34,0,204,0,0,0,204
12/31/2004,GSP,SC,ASO,ES,Combined TRACON& Tower with Radar,14,117,2,0,133,0,0,9,0,9,14,117,11,0,142,0,0,0,142
01/01/2005,GSP,SC,ASO,ES,Combined TRACON& Tower with Radar,12,109,11,0,132,0,0,3,0,3,12,109,14,0,135,0,0,0,135
01/02/2005,GSP,SC,ASO,ES,Combined TRACON& Tower with Radar,15,137,16,0,168,0,0,15,0,15,15,137,31,0,183,0,0,0,183
01/03/2005,GSP,SC,ASO,ES,Combined TRACON& Tower with Radar,21,147,8,14,190,0,0,5,0,5,21,147,13,14,195,0,4,4,199
01/04/2005,GSP,SC,ASO,ES,Combined TRACON& Tower with Radar,22,146,20,0,188,0,0,8,0,8,22,146,28,0,196,0,0,0,196
01/05/2005,GSP,SC,ASO,ES,Combined TRACON& Tower with Radar,25,151,16,0,192,0,0,9,2,11,25,151,25,2,203,0,0,0,203
01/06/2005,GSP,SC,ASO,ES,Combined TRACON& Tower with Radar,23,144,26,0,193,0,0,2,0,2,23,144,28,0,195,0,0,0,195
01/07/2005,GSP,SC,ASO,ES,Combined TRACON& Tower with Radar,18,154,29,5,206,0,0,9,1,10,18,154,38,6,216,0,0,0,216
01/08/2005,GSP,SC,ASO,ES,Combined TRACON& Tower with Radar,15,119,9,4,147,0,0,5,1,6,15,119,14,5,153,0,0,0,153
01/09/2005,GSP,SC,ASO,ES,Combined TRACON& Tower with Radar,15,132,11,4,162,0,0,5,0,5,15,132,16,4,167,0,0,0,167
01/10/2005,GSP,SC,ASO,ES,Combined TRACON& Tower with Radar,24,142,47,5,218,0,1,4,1,6,24,143,51,6,224,0,0,0,224
01/11/2005,GSP,SC,ASO,ES,Combined TRACON& Tower with Radar,22,144,38,3,207,0,0,11,1,12,22,144,49,4,219,4,0,4,223
01/12/2005,GSP,SC,ASO,ES,Combined TRACON& Tower with Radar,27,149,43,0,219,0,0,2,0,2,27,149,45,0,221,0,0,0,221
01/13/2005,GSP,SC,ASO,ES,Combined TRACON& Tower with Radar,24,140,27,9,200,0,2,0,2,4,24,142,27,11,204,0,22,22,226
01/14/2005,GSP,SC,ASO,ES,Combined TRACON& Tower with Radar,20,151,35,0,206,0,0,9,0,9,20,151,44,0,215,0,0,0,215
01/15/2005,GSP,SC,ASO,ES,Combined TRACON& Tower with Radar,20,115,9,2,146,0,0,11,2,13,20,115,20,4,159,0,0,0,159
01/16/2005,GSP,SC,ASO,ES,Combined TRACON& Tower with Radar,17,131,6,0,154,0,0,10,0,10,17,131,16,0,164,2,0,2,166
01/17/2005,GSP,SC,ASO,ES,Combined TRACON& Tower with Radar,21,140,17,0,178,0,0,9,0,9,21,140,26,0,187,6,0,6,193
01/18/2005,GSP,SC,ASO,ES,Combined TRACON& Tower with Radar,28,146,31,6,211,0,0,3,0,3,28,146,34,6,214,0,12,12,226
01/19/2005,GSP,SC,ASO,ES,Combined TRACON& Tower with Radar,29,149,27,0,205,0,0,5,2,7,29,149,32,2,212,8,0,8,220
01/20/2005,GSP,SC,ASO,ES,Combined TRACON& Tower with Radar,29,145,15,0,189,0,0,2,0,2,29,145,17,0,191,0,0,0,191
01/21/2005,GSP,SC,ASO,ES,Combined TRACON& Tower with Radar,22,149,31,2,204,0,0,15,2,17,22,149,46,4,221,17,8,25,246
01/22/2005,GSP,SC,ASO,ES,Combined TRACON& Tower with Radar,14,94,10,0,118,0,0,0,0,0,14,94,10,0,118,0,0,0,118
01/23/2005,GSP,SC,ASO,ES,Combined TRACON& Tower with Radar,17,113,7,2,139,0,0,3,2,5,17,113,10,4,144,0,0,0,144
01/24/2005,GSP,SC,ASO,ES,Combined TRACON& Tower with Radar,16,144,15,0,175,0,0,6,0,6,16,144,21,0,181,0,0,0,181
01/25/2005,GSP,SC,ASO,ES,Combined TRACON& Tower with Radar,26,150,35,0,211,0,0,7,0,7,26,150,42,0,218,0,0,0,218
01/26/2005,GSP,SC,ASO,ES,Combined TRACON& Tower with Radar,24,148,22,2,196,0,0,8,0,8,24,148,30,2,204,8,0,8,212
01/27/2005,GSP,SC,ASO,ES,Combined TRACON& Tower with Radar,24,145,25,4,198,0,0,5,1,6,24,145,30,5,204,0,0,0,204
01/28/2005,GSP,SC,ASO,ES,Combined TRACON& Tower with Radar,19,146,18,5,188,0,0,4,5,9,19,146,22,10,197,4,0,4,201
01/29/2005,GSP,SC,ASO,ES,Combined TRACON& Tower with Radar,3,53,4,0,60,0,0,0,0,0,3,53,4,0,60,0,0,0,60
01/30/2005,GSP,SC,ASO,ES,Combined TRACON& Tower with Radar,13,102,16,0,131,0,0,0,0,0,13,102,16,0,131,0,0,0,131
01/31/2005,GSP,SC,ASO,ES,Combined TRACON& Tower with Radar,20,128,18,3,169,0,0,17,0,17,20,128,35,3,186,0,0,0,186
02/01/2005,GSP,SC,ASO,ES,Combined TRACON& Tower with Radar,21,138,23,0,182,0,0,5,0,5,21,138,28,0,187,2,0,2,189
02/02/2005,GSP,SC,ASO,ES,Combined TRACON& Tower with Radar,24,141,19,0,184,0,0,4,0,4,24,141,23,0,188,0,0,0,188
02/03/2005,GSP,SC,ASO,ES,Combined TRACON& Tower with Radar,28,141,32,2,203,0,1,2,1,4,28,142,34,3,207,0,14,14,221
02/04/2005,GSP,SC,ASO,ES,Combined TRACON& Tower with Radar,27,146,30,0,203,0,0,16,2,18,27,146,46,2,221,0,0,0,221
02/05/2005,GSP,SC,ASO,ES,Combined TRACON& Tower with Radar,19,99,12,0,130,0,0,14,0,14,19,99,26,0,144,4,0,4,148
02/06/2005,GSP,SC,ASO,ES,Combined TRACON& Tower with Radar,17,119,17,0,153,0,0,10,0,10,17,119,27,0,163,0,0,0,163
02/07/2005,GSP,SC,ASO,ES,Combined TRACON& Tower with Radar,23,131,21,4,179,0,0,13,2,15,23,131,34,6,194,2,0,2,196
02/08/2005,GSP,SC,ASO,ES,Combined TRACON& Tower with Radar,24,134,33,7,198,0,0,4,1,5,24,134,37,8,203,0,12,12,215
02/09/2005,GSP,SC,ASO,ES,Combined TRACON& Tower with Radar,30,136,51,7,224,0,0,0,0,0,30,136,51,7,224,0,0,0,224
02/10/2005,GSP,SC,ASO,ES,Combined TRACON& Tower with Radar,26,143,47,5,221,0,0,19,0,19,26,143,66,5,240,0,10,10,250
02/11/2005,GSP,SC,ASO,ES,Combined TRACON& Tower with Radar,24,129,21,5,179,0,0,14,1,15,24,129,35,6,194,5,0,5,199
02/12/2005,GSP,SC,ASO,ES,Combined TRACON& Tower with Radar,18,93,8,0,119,0,0,11,0,11,18,93,19,0,130,0,0,0,130
02/13/2005,GSP,SC,ASO,ES,Combined TRACON& Tower with Radar,21,109,26,5,161,0,0,3,0,3,21,109,29,5,164,0,0,0,164
02/14/2005,GSP,SC,ASO,ES,Combined TRACON& Tower with Radar,20,146,25,0,191,0,0,1,0,1,20,146,26,0,192,0,0,0,192
02/15/2005,GSP,SC,ASO,ES,Combined TRACON& Tower with Radar,26,130,22,0,178,0,0,3,0,3,26,130,25,0,181,0,0,0,181
02/16/2005,GSP,SC,ASO,ES,Combined TRACON& Tower with Radar,26,139,27,8,200,0,0,7,3,10,26,139,34,11,210,6,0,6,216
02/17/2005,GSP,SC,ASO,ES,Combined TRACON& Tower with Radar,29,145,27,0,201,0,0,9,5,14,29,145,36,5,215,0,0,0,215
02/18/2005,GSP,SC,ASO,ES,Combined TRACON& Tower with Radar,23,126,47,2,198,0,2,16,0,18,23,128,63,2,216,0,0,0,216
02/19/2005,GSP,SC,ASO,ES,Combined TRACON& Tower with Radar,19,105,13,0,137,0,0,7,0,7,19,105,20,0,144,2,0,2,146
02/20/2005,GSP,SC,ASO,ES,Combined TRACON& Tower with Radar,17,120,3,0,140,0,0,0,0,0,17,120,3,0,140,0,0,0,140
02/21/2005,GSP,SC,ASO,ES,Combined TRACON& Tower with Radar,19,135,16,0,170,0,0,1,0,1,19,135,17,0,171,0,0,0,171
02/22/2005,GSP,SC,ASO,ES,Combined TRACON& Tower with Radar,26,136,30,1,193,0,0,14,0,14,26,136,44,1,207,0,0,0,207
02/23/2005,GSP,SC,ASO,ES,Combined TRACON& Tower with Radar,26,151,19,0,196,0,0,12,0,12,26,151,31,0,208,8,0,8,216
02/24/2005,GSP,SC,ASO,ES,Combined TRACON& Tower with Radar,21,140,44,0,205,0,0,3,0,3,21,140,47,0,208,0,0,0,208
02/25/2005,GSP,SC,ASO,ES,Combined TRACON& Tower with Radar,20,127,35,15,197,0,0,3,2,5,20,127,38,17,202,4,10,14,216
02/26/2005,GSP,SC,ASO,ES,Combined TRACON& Tower with Radar,20,103,14,2,139,0,0,14,0,14,20,103,28,2,153,0,0,0,153
02/27/2005,GSP,SC,ASO,ES,Combined TRACON& Tower with Radar,12,124,9,1,146,0,0,3,1,4,12,124,12,2,150,0,0,0,150
02/28/2005,GSP,SC,ASO,ES,Combined TRACON& Tower with Radar,20,122,26,2,170,0,0,0,0,0,20,122,26,2,170,0,0,0,170
03/01/2005,GSP,SC,ASO,ES,Combined TRACON& Tower with Radar,31,139,27,4,201,0,0,2,0,2,31,139,29,4,203,0,0,0,203
03/02/2005,GSP,SC,ASO,ES,Combined TRACON& Tower with Radar,27,136,32,2,197,0,0,4,0,4,27,136,36,2,201,4,0,4,205
03/03/2005,GSP,SC,ASO,ES,Combined TRACON& Tower with Radar,27,139,25,14,205,0,0,10,10,20,27,139,35,24,225,1,4,5,230
03/04/2005,GSP,SC,ASO,ES,Combined TRACON& Tower with Radar,30,135,20,4,189,0,0,6,3,9,30,135,26,7,198,0,0,0,198
03/05/2005,GSP,SC,ASO,ES,Combined TRACON& Tower with Radar,18,104,10,0,132,0,0,5,0,5,18,104,15,0,137,0,0,0,137
03/06/2005,GSP,SC,ASO,ES,Combined TRACON& Tower with Radar,16,129,8,2,155,0,0,6,2,8,16,129,14,4,163,0,0,0,163
03/07/2005,GSP,SC,ASO,ES,Combined TRACON& Tower with Radar,21,137,21,2,181,0,0,7,0,7,21,137,28,2,188,2,0,2,190
03/08/2005,GSP,SC,ASO,ES,Combined TRACON& Tower with Radar,25,131,17,1,174,0,0,5,0,5,25,131,22,1,179,14,14,28,207
03/09/2005,GSP,SC,ASO,ES,Combined TRACON& Tower with Radar,25,133,23,21,202,0,0,7,3,10,25,133,30,24,212,0,64,64,276
03/10/2005,GSP,SC,ASO,ES,Combined TRACON& Tower with Radar,25,133,25,3,186,0,0,22,2,24,25,133,47,5,210,4,2,6,216
03/11/2005,GSP,SC,ASO,ES,Combined TRACON& Tower with Radar,24,126,27,1,178,0,0,8,0,8,24,126,35,1,186,2,0,2,188
03/12/2005,GSP,SC,ASO,ES,Combined TRACON& Tower with Radar,20,104,9,2,135,0,0,6,1,7,20,104,15,3,142,2,0,2,144
03/13/2005,GSP,SC,ASO,ES,Combined TRACON& Tower with Radar,17,126,17,0,160,0,0,8,2,10,17,126,25,2,170,0,0,0,170
03/14/2005,GSP,SC,ASO,ES,Combined TRACON& Tower with Radar,18,134,41,1,194,0,0,2,4,6,18,134,43,5,200,0,0,0,200
03/15/2005,GSP,SC,ASO,ES,Combined TRACON& Tower with Radar,23,144,41,0,208,0,0,21,0,21,23,144,62,0,229,18,0,18,247
03/16/2005,GSP,SC,ASO,ES,Combined TRACON& Tower with Radar,20,137,35,0,192,0,0,0,0,0,20,137,35,0,192,0,0,0,192
03/17/2005,GSP,SC,ASO,ES,Combined TRACON& Tower with Radar,23,137,19,0,179,0,0,0,0,0,23,137,19,0,179,0,0,0,179
03/18/2005,GSP,SC,ASO,ES,Combined TRACON& Tower with Radar,24,131,27,4,186,0,0,17,1,18,24,131,44,5,204,34,4,38,242
03/19/2005,GSP,SC,ASO,ES,Combined TRACON& Tower with Radar,19,102,13,0,134,0,0,11,5,16,19,102,24,5,150,4,0,4,154
03/20/2005,GSP,SC,ASO,ES,Combined TRACON& Tower with Radar,15,126,11,3,155,0,0,4,0,4,15,126,15,3,159,0,4,4,163
03/21/2005,GSP,SC,ASO,ES,Combined TRACON& Tower with Radar,17,147,31,0,195,0,0,5,0,5,17,147,36,0,200,0,0,0,200
03/22/2005,GSP,SC,ASO,ES,Combined TRACON& Tower with Radar,23,141,29,0,193,0,0,3,0,3,23,141,32,0,196,16,0,16,212
03/23/2005,GSP,SC,ASO,ES,Combined TRACON& Tower with Radar,23,139,37,2,201,0,0,3,0,3,23,139,40,2,204,0,0,0,204
03/24/2005,GSP,SC,ASO,ES,Combined TRACON& Tower with Radar,24,143,21,0,188,0,0,6,0,6,24,143,27,0,194,12,0,12,206
03/25/2005,GSP,SC,ASO,ES,Combined TRACON& Tower with Radar,19,127,24,3,173,0,0,13,0,13,19,127,37,3,186,0,0,0,186
03/26/2005,GSP,SC,ASO,ES,Combined TRACON& Tower with Radar,16,105,23,1,145,0,0,9,0,9,16,105,32,1,154,0,0,0,154
03/27/2005,GSP,SC,ASO,ES,Combined TRACON& Tower with Radar,12,123,7,0,142,0,0,0,0,0,12,123,7,0,142,0,0,0,142
03/28/2005,GSP,SC,ASO,ES,Combined TRACON& Tower with Radar,15,131,24,3,173,0,0,1,2,3,15,131,25,5,176,0,0,0,176
03/29/2005,GSP,SC,ASO,ES,Combined TRACON& Tower with Radar,19,137,25,0,181,0,0,14,2,16,19,137,39,2,197,6,0,6,203
03/30/2005,GSP,SC,ASO,ES,Combined TRACON& Tower with Radar,22,145,36,2,205,0,0,19,0,19,22,145,55,2,224,24,0,24,248
03/31/2005,GSP,SC,ASO,ES,Combined TRACON& Tower with Radar,19,130,29,0,178,0,0,6,0,6,19,130,35,0,184,25,0,25,209
04/01/2005,GSP,SC,ASO,ES,Combined TRACON& Tower with Radar,22,137,45,0,204,0,0,0,0,0,22,137,45,0,204,0,0,0,204
04/02/2005,GSP,SC,ASO,ES,Combined TRACON& Tower with Radar,18,101,10,0,129,0,0,0,0,0,18,101,10,0,129,0,0,0,129
04/03/2005,GSP,SC,ASO,ES,Combined TRACON& Tower with Radar,17,123,21,1,162,0,0,2,3,5,17,123,23,4,167,0,0,0,167
04/04/2005,GSP,SC,ASO,ES,Combined TRACON& Tower with Radar,22,139,17,2,180,0,0,20,4,24,22,139,37,6,204,24,0,24,228
04/05/2005,GSP,SC,ASO,ES,Combined TRACON& Tower with Radar,22,139,36,2,199,0,0,16,0,16,22,139,52,2,215,0,0,0,215
04/06/2005,GSP,SC,ASO,ES,Combined TRACON& Tower with Radar,24,134,40,0,198,0,0,14,4,18,24,134,54,4,216,4,6,10,226
04/07/2005,GSP,SC,ASO,ES,Combined TRACON& Tower with Radar,33,143,30,0,206,0,0,0,0,0,33,143,30,0,206,0,0,0,206
04/08/2005,GSP,SC,ASO,ES,Combined TRACON& Tower with Radar,24,136,30,2,192,0,0,1,0,1,24,136,31,2,193,6,0,6,199
04/09/2005,GSP,SC,ASO,ES,Combined TRACON& Tower with Radar,18,108,2,0,128,0,0,5,1,6,18,108,7,1,134,0,0,0,134
04/10/2005,GSP,SC,ASO,ES,Combined TRACON& Tower with Radar,18,127,23,2,170,0,0,8,0,8,18,127,31,2,178,0,0,0,178
04/11/2005,GSP,SC,ASO,ES,Combined TRACON& Tower with Radar,20,139,25,2,186,0,0,16,0,16,20,139,41,2,202,12,0,12,214
04/12/2005,GSP,SC,ASO,ES,Combined TRACON& Tower with Radar,19,142,44,0,205,0,0,5,0,5,19,142,49,0,210,0,0,0,210
04/13/2005,GSP,SC,ASO,ES,Combined TRACON& Tower with Radar,25,147,29,19,220,0,0,1,0,1,25,147,30,19,221,26,0,26,247
04/14/2005,GSP,SC,ASO,ES,Combined TRACON& Tower with Radar,25,143,18,0,186,0,0,15,3,18,25,143,33,3,204,0,0,0,204
04/15/2005,GSP,SC,ASO,ES,Combined TRACON& Tower with Radar,25,143,23,0,191,0,0,26,0,26,25,143,49,0,217,0,0,0,217
04/16/2005,GSP,SC,ASO,ES,Combined TRACON& Tower with Radar,19,109,11,1,140,0,0,3,0,3,19,109,14,1,143,0,0,0,143
04/17/2005,GSP,SC,ASO,ES,Combined TRACON& Tower with Radar,17,131,15,3,166,0,0,10,1,11,17,131,25,4,177,0,0,0,177
04/18/2005,GSP,SC,ASO,ES,Combined TRACON& Tower with Radar,20,139,28,5,192,0,0,21,2,23,20,139,49,7,215,0,0,0,215
04/19/2005,GSP,SC,ASO,ES,Combined TRACON& Tower with Radar,22,142,41,7,212,0,0,9,6,15,22,142,50,13,227,0,0,0,227
04/20/2005,GSP,SC,ASO,ES,Combined TRACON& Tower with Radar,22,146,35,5,208,0,0,8,1,9,22,146,43,6,217,4,2,6,223
04/21/2005,GSP,SC,ASO,ES,Combined TRACON& Tower with Radar,24,145,17,3,189,0,0,17,0,17,24,145,34,3,206,4,0,4,210
04/22/2005,GSP,SC,ASO,ES,Combined TRACON& Tower with Radar,28,125,21,0,174,0,0,7,0,7,28,125,28,0,181,0,0,0,181
04/23/2005,GSP,SC,ASO,ES,Combined TRACON& Tower with Radar,18,103,20,0,141,0,0,3,0,3,18,103,23,0,144,0,0,0,144
04/24/2005,GSP,SC,ASO,ES,Combined TRACON& Tower with Radar,17,126,10,2,155,0,0,3,1,4,17,126,13,3,159,0,0,0,159
04/25/2005,GSP,SC,ASO,ES,Combined TRACON& Tower with Radar,17,144,14,4,179,0,0,3,0,3,17,144,17,4,182,0,0,0,182
04/26/2005,GSP,SC,ASO,ES,Combined TRACON& Tower with Radar,22,144,39,0,205,0,0,0,0,0,22,144,39,0,205,0,0,0,205
04/27/2005,GSP,SC,ASO,ES,Combined TRACON& Tower with Radar,25,143,32,0,200,0,0,11,2,13,25,143,43,2,213,0,0,0,213
04/28/2005,GSP,SC,ASO,ES,Combined TRACON& Tower with Radar,24,146,39,0,209,0,0,12,0,12,24,146,51,0,221,4,0,4,225
04/29/2005,GSP,SC,ASO,ES,Combined TRACON& Tower with Radar,23,135,26,2,186,0,0,9,0,9,23,135,35,2,195,0,0,0,195
04/30/2005,GSP,SC,ASO,ES,Combined TRACON& Tower with Radar,20,106,10,0,136,0,0,0,0,0,20,106,10,0,136,0,0,0,136
05/01/2005,GSP,SC,ASO,ES,Combined TRACON& Tower with Radar,20,127,23,3,173,0,0,20,3,23,20,127,43,6,196,0,0,0,196
05/02/2005,GSP,SC,ASO,ES,Combined TRACON& Tower with Radar,18,138,28,3,187,0,0,6,5,11,18,138,34,8,198,0,0,0,198
05/03/2005,GSP,SC,ASO,ES,Combined TRACON& Tower with Radar,25,139,23,2,189,0,0,13,0,13,25,139,36,2,202,0,0,0,202
05/04/2005,GSP,SC,ASO,ES,Combined TRACON& Tower with Radar,26,136,26,1,189,0,0,15,2,17,26,136,41,3,206,0,0,0,206
05/05/2005,GSP,SC,ASO,ES,Combined TRACON& Tower with Radar,24,139,24,0,187,0,0,3,0,3,24,139,27,0,190,0,0,0,190
05/06/2005,GSP,SC,ASO,ES,Combined TRACON& Tower with Radar,23,138,16,3,180,0,0,9,6,15,23,138,25,9,195,0,3,3,198
05/07/2005,GSP,SC,ASO,ES,Combined TRACON& Tower with Radar,22,103,10,0,135,0,0,15,2,17,22,103,25,2,152,1,0,1,153
05/08/2005,GSP,SC,ASO,ES,Combined TRACON& Tower with Radar,18,117,11,1,147,0,0,4,1,5,18,117,15,2,152,0,0,0,152
05/09/2005,GSP,SC,ASO,ES,Combined TRACON& Tower with Radar,14,126,23,4,167,0,0,0,0,0,14,126,23,4,167,0,0,0,167
05/10/2005,GSP,SC,ASO,ES,Combined TRACON& Tower with Radar,25,129,32,2,188,0,0,8,1,9,25,129,40,3,197,0,0,0,197
05/11/2005,GSP,SC,ASO,ES,Combined TRACON& Tower with Radar,25,145,29,5,204,0,6,9,0,15,25,151,38,5,219,13,0,13,232
05/12/2005,GSP,SC,ASO,ES,Combined TRACON& Tower with Radar,23,131,25,5,184,0,0,9,2,11,23,131,34,7,195,8,8,16,211
05/13/2005,GSP,SC,ASO,ES,Combined TRACON& Tower with Radar,22,129,37,4,192,0,0,17,0,17,22,129,54,4,209,3,0,3,212
05/14/2005,GSP,SC,ASO,ES,Combined TRACON& Tower with Radar,16,103,14,0,133,0,0,5,0,5,16,103,19,0,138,4,0,4,142
05/15/2005,GSP,SC,ASO,ES,Combined TRACON& Tower with Radar,16,115,19,4,154,0,0,2,0,2,16,115,21,4,156,6,0,6,162
05/16/2005,GSP,SC,ASO,ES,Combined TRACON& Tower with Radar,18,130,24,0,172,0,0,10,0,10,18,130,34,0,182,0,0,0,182
05/17/2005,GSP,SC,ASO,ES,Combined TRACON& Tower with Radar,23,126,31,0,180,0,2,12,0,14,23,128,43,0,194,0,0,0,194
05/18/2005,GSP,SC,ASO,ES,Combined TRACON& Tower with Radar,21,144,34,4,203,0,1,5,8,14,21,145,39,12,217,0,6,6,223
05/19/2005,GSP,SC,ASO,ES,Combined TRACON& Tower with Radar,23,132,54,0,209,0,1,13,2,16,23,133,67,2,225,4,0,4,229
05/20/2005,GSP,SC,ASO,ES,Combined TRACON& Tower with Radar,27,132,20,0,179,0,0,1,0,1,27,132,21,0,180,0,0,0,180
05/21/2005,GSP,SC,ASO,ES,Combined TRACON& Tower with Radar,11,112,7,0,130,0,0,4,0,4,11,112,11,0,134,0,0,0,134
05/22/2005,GSP,SC,ASO,ES,Combined TRACON& Tower with Radar,16,117,12,2,147,0,0,12,1,13,16,117,24,3,160,0,0,0,160
05/23/2005,GSP,SC,ASO,ES,Combined TRACON& Tower with Radar,19,126,22,12,179,0,0,7,0,7,19,126,29,12,186,0,12,12,198
05/24/2005,GSP,SC,ASO,ES,Combined TRACON& Tower with Radar,25,147,36,0,208,0,0,10,0,10,25,147,46,0,218,2,0,2,220
05/25/2005,GSP,SC,ASO,ES,Combined TRACON& Tower with Radar,25,125,32,2,184,0,0,9,1,10,25,125,41,3,194,14,0,14,208
05/26/2005,GSP,SC,ASO,ES,Combined TRACON& Tower with Radar,22,127,41,7,197,0,0,15,2,17,22,127,56,9,214,0,0,0,214
05/27/2005,GSP,SC,ASO,ES,Combined TRACON& Tower with Radar,0,0,0,0,0,20,127,21,0,168,20,127,21,0,168,0,0,0,168
05/28/2005,GSP,SC,ASO,ES,Combined TRACON& Tower with Radar,16,102,4,1,123,0,0,7,0,7,16,102,11,1,130,0,0,0,130
05/29/2005,GSP,SC,ASO,ES,Combined TRACON& Tower with Radar,16,110,8,0,134,0,0,8,1,9,16,110,16,1,143,2,0,2,145
05/30/2005,GSP,SC,ASO,ES,Combined TRACON& Tower with Radar,15,129,18,17,179,0,0,1,0,1,15,129,19,17,180,0,0,0,180
05/31/2005,GSP,SC,ASO,ES,Combined TRACON& Tower with Radar,21,129,38,2,190,0,0,3,0,3,21,129,41,2,193,6,0,6,199
06/01/2005,GSP,SC,ASO,ES,Combined TRACON& Tower with Radar,22,133,19,3,177,0,0,0,0,0,22,133,19,3,177,0,0,0,177
06/02/2005,GSP,SC,ASO,ES,Combined TRACON& Tower with Radar,21,139,19,3,182,0,0,0,0,0,21,139,19,3,182,0,0,0,182
06/03/2005,GSP,SC,ASO,ES,Combined TRACON& Tower with Radar,21,137,24,4,186,0,0,0,0,0,21,137,24,4,186,0,0,0,186
06/04/2005,GSP,SC,ASO,ES,Combined TRACON& Tower with Radar,14,102,8,2,126,0,0,10,0,10,14,102,18,2,136,0,0,0,136
06/05/2005,GSP,SC,ASO,ES,Combined TRACON& Tower with Radar,14,121,24,6,165,0,0,6,0,6,14,121,30,6,171,0,0,0,171
06/06/2005,GSP,SC,ASO,ES,Combined TRACON& Tower with Radar,16,112,34,2,164,0,0,5,0,5,16,112,39,2,169,0,0,0,169
06/07/2005,GSP,SC,ASO,ES,Combined TRACON& Tower with Radar,23,124,49,10,206,0,0,8,2,10,23,124,57,12,216,0,6,6,222
06/08/2005,GSP,SC,ASO,ES,Combined TRACON& Tower with Radar,22,132,39,0,193,0,0,4,0,4,22,132,43,0,197,0,0,0,197
06/09/2005,GSP,SC,ASO,ES,Combined TRACON& Tower with Radar,19,136,27,1,183,0,0,1,1,2,19,136,28,2,185,0,0,0,185
06/10/2005,GSP,SC,ASO,ES,Combined TRACON& Tower with Radar,21,131,22,3,177,0,0,0,1,1,21,131,22,4,178,0,0,0,178
06/11/2005,GSP,SC,ASO,ES,Combined TRACON& Tower with Radar,16,101,12,2,131,0,0,6,0,6,16,101,18,2,137,0,0,0,137
06/12/2005,GSP,SC,ASO,ES,Combined TRACON& Tower with Radar,17,118,20,5,160,0,0,0,1,1,17,118,20,6,161,0,0,0,161
06/13/2005,GSP,SC,ASO,ES,Combined TRACON& Tower with Radar,17,124,34,2,177,0,0,9,0,9,17,124,43,2,186,0,0,0,186
06/14/2005,GSP,SC,ASO,ES,Combined TRACON& Tower with Radar,22,146,35,7,210,0,0,12,1,13,22,146,47,8,223,8,6,14,237
06/15/2005,GSP,SC,ASO,ES,Combined TRACON& Tower with Radar,18,129,21,0,168,0,0,29,0,29,18,129,50,0,197,0,0,0,197
06/16/2005,GSP,SC,ASO,ES,Combined TRACON& Tower with Radar,21,129,25,13,188,0,0,13,1,14,21,129,38,14,202,0,0,0,202
06/17/2005,GSP,SC,ASO,ES,Combined TRACON& Tower with Radar,19,127,16,0,162,0,0,10,0,10,19,127,26,0,172,14,0,14,186
06/18/2005,GSP,SC,ASO,ES,Combined TRACON& Tower with Radar,17,100,15,0,132,0,0,5,0,5,17,100,20,0,137,0,0,0,137
06/19/2005,GSP,SC,ASO,ES,Combined TRACON& Tower with Radar,24,127,17,0,168,0,0,12,0,12,24,127,29,0,180,0,0,0,180
06/20/2005,GSP,SC,ASO,ES,Combined TRACON& Tower with Radar,14,135,17,1,167,0,0,3,0,3,14,135,20,1,170,0,0,0,170
06/21/2005,GSP,SC,ASO,ES,Combined TRACON& Tower with Radar,21,138,35,12,206,0,0,11,1,12,21,138,46,13,218,6,8,14,232
06/22/2005,GSP,SC,ASO,ES,Combined TRACON& Tower with Radar,20,128,28,9,185,0,3,4,7,14,20,131,32,16,199,6,20,26,225
06/23/2005,GSP,SC,ASO,ES,Combined TRACON& Tower with Radar,23,136,17,11,187,0,0,13,0,13,23,136,30,11,200,10,10,20,220
06/24/2005,GSP,SC,ASO,ES,Combined TRACON& Tower with Radar,17,131,18,7,173,0,0,7,0,7,17,131,25,7,180,0,0,0,180
06/25/2005,GSP,SC,ASO,ES,Combined TRACON& Tower with Radar,17,108,16,8,149,0,0,4,1,5,17,108,20,9,154,2,2,4,158
06/26/2005,GSP,SC,ASO,ES,Combined TRACON& Tower with Radar,13,123,19,2,157,0,0,6,0,6,13,123,25,2,163,0,0,0,163
06/27/2005,GSP,SC,ASO,ES,Combined TRACON& Tower with Radar,17,127,22,0,166,0,0,0,0,0,17,127,22,0,166,0,0,0,166
06/28/2005,GSP,SC,ASO,ES,Combined TRACON& Tower with Radar,23,129,26,4,182,0,0,1,0,1,23,129,27,4,183,0,8,8,191
06/29/2005,GSP,SC,ASO,ES,Combined TRACON& Tower with Radar,19,121,38,2,180,0,3,6,0,9,19,124,44,2,189,0,0,0,189
06/30/2005,GSP,SC,ASO,ES,Combined TRACON& Tower with Radar,21,133,21,1,176,0,0,10,1,11,21,133,31,2,187,0,0,0,187
07/01/2005,GSP,SC,ASO,ES,Combined TRACON& Tower with Radar,23,131,22,2,178,0,0,4,2,6,23,131,26,4,184,0,0,0,184
07/02/2005,GSP,SC,ASO,ES,Combined TRACON& Tower with Radar,13,99,11,0,123,0,0,8,0,8,13,99,19,0,131,0,0,0,131
07/03/2005,GSP,SC,ASO,ES,Combined TRACON& Tower with Radar,14,98,5,0,117,0,0,1,0,1,14,98,6,0,118,0,0,0,118
07/04/2005,GSP,SC,ASO,ES,Combined TRACON& Tower with Radar,20,107,17,2,146,0,0,4,0,4,20,107,21,2,150,0,0,0,150
07/05/2005,GSP,SC,ASO,ES,Combined TRACON& Tower with Radar,16,120,18,2,156,0,0,6,0,6,16,120,24,2,162,0,0,0,162
07/06/2005,GSP,SC,ASO,ES,Combined TRACON& Tower with Radar,26,135,28,0,189,0,0,5,0,5,26,135,33,0,194,0,0,0,194
07/07/2005,GSP,SC,ASO,ES,Combined TRACON& Tower with Radar,27,138,20,5,190,0,1,3,0,4,27,139,23,5,194,0,0,0,194
07/08/2005,GSP,SC,ASO,ES,Combined TRACON& Tower with Radar,22,126,18,12,178,0,0,16,0,16,22,126,34,12,194,0,0,0,194
07/09/2005,GSP,SC,ASO,ES,Combined TRACON& Tower with Radar,14,105,5,0,124,0,0,4,0,4,14,105,9,0,128,8,0,8,136
07/10/2005,GSP,SC,ASO,ES,Combined TRACON& Tower with Radar,14,121,9,3,147,0,0,12,0,12,14,121,21,3,159,0,0,0,159
07/11/2005,GSP,SC,ASO,ES,Combined TRACON& Tower with Radar,20,131,28,4,183,0,0,6,1,7,20,131,34,5,190,0,0,0,190
07/12/2005,GSP,SC,ASO,ES,Combined TRACON& Tower with Radar,23,124,19,0,166,0,0,8,0,8,23,124,27,0,174,0,14,14,188
07/13/2005,GSP,SC,ASO,ES,Combined TRACON& Tower with Radar,18,126,25,5,174,0,0,3,2,5,18,126,28,7,179,0,0,0,179
07/14/2005,GSP,SC,ASO,ES,Combined TRACON& Tower with Radar,18,124,34,11,187,0,0,0,1,1,18,124,34,12,188,0,10,10,198
07/15/2005,GSP,SC,ASO,ES,Combined TRACON& Tower with Radar,24,126,22,2,174,0,0,3,2,5,24,126,25,4,179,0,0,0,179
07/16/2005,GSP,SC,ASO,ES,Combined TRACON& Tower with Radar,16,101,13,1,131,0,0,3,0,3,16,101,16,1,134,0,0,0,134
07/17/2005,GSP,SC,ASO,ES,Combined TRACON& Tower with Radar,14,101,11,2,128,0,0,11,0,11,14,101,22,2,139,0,0,0,139
07/18/2005,GSP,SC,ASO,ES,Combined TRACON& Tower with Radar,17,124,20,1,162,0,0,8,1,9,17,124,28,2,171,0,0,0,171
07/19/2005,GSP,SC,ASO,ES,Combined TRACON& Tower with Radar,37,127,39,1,204,0,0,8,0,8,37,127,47,1,212,4,6,10,222
07/20/2005,GSP,SC,ASO,ES,Combined TRACON& Tower with Radar,20,146,32,3,201,0,0,9,1,10,20,146,41,4,211,0,0,0,211
07/21/2005,GSP,SC,ASO,ES,Combined TRACON& Tower with Radar,27,129,30,0,186,0,0,3,0,3,27,129,33,0,189,0,0,0,189
07/22/2005,GSP,SC,ASO,ES,Combined TRACON& Tower with Radar,18,123,35,0,176,0,0,8,0,8,18,123,43,0,184,11,2,13,197
07/23/2005,GSP,SC,ASO,ES,Combined TRACON& Tower with Radar,19,109,12,0,140,0,0,12,0,12,19,109,24,0,152,0,0,0,152
07/24/2005,GSP,SC,ASO,ES,Combined TRACON& Tower with Radar,17,118,18,1,154,0,0,6,0,6,17,118,24,1,160,0,0,0,160
07/25/2005,GSP,SC,ASO,ES,Combined TRACON& Tower with Radar,13,129,25,0,167,0,0,4,3,7,13,129,29,3,174,0,0,0,174
07/26/2005,GSP,SC,ASO,ES,Combined TRACON& Tower with Radar,16,129,18,0,163,0,0,6,0,6,16,129,24,0,169,0,0,0,169
07/27/2005,GSP,SC,ASO,ES,Combined TRACON& Tower with Radar,29,113,12,0,154,0,0,6,0,6,29,113,18,0,160,8,0,8,168
07/28/2005,GSP,SC,ASO,ES,Combined TRACON& Tower with Radar,20,140,38,3,201,0,0,10,1,11,20,140,48,4,212,0,0,0,212
07/29/2005,GSP,SC,ASO,ES,Combined TRACON& Tower with Radar,20,145,17,0,182,0,0,0,0,0,20,145,17,0,182,0,0,0,182
07/30/2005,GSP,SC,ASO,ES,Combined TRACON& Tower with Radar,18,101,16,0,135,0,0,2,0,2,18,101,18,0,137,0,0,0,137
07/31/2005,GSP,SC,ASO,ES,Combined TRACON& Tower with Radar,17,126,4,0,147,0,0,0,0,0,17,126,4,0,147,0,0,0,147
08/01/2005,GSP,SC,ASO,ES,Combined TRACON& Tower with Radar,19,120,10,14,163,0,0,5,1,6,19,120,15,15,169,0,6,6,175
08/02/2005,GSP,SC,ASO,ES,Combined TRACON& Tower with Radar,21,136,35,8,200,0,0,4,0,4,21,136,39,8,204,0,2,2,206
08/03/2005,GSP,SC,ASO,ES,Combined TRACON& Tower with Radar,23,142,35,1,201,0,1,5,0,6,23,143,40,1,207,0,0,0,207
08/04/2005,GSP,SC,ASO,ES,Combined TRACON& Tower with Radar,21,130,22,0,173,0,0,9,0,9,21,130,31,0,182,0,0,0,182
08/05/2005,GSP,SC,ASO,ES,Combined TRACON& Tower with Radar,17,129,27,2,175,0,0,2,0,2,17,129,29,2,177,0,0,0,177
08/06/2005,GSP,SC,ASO,ES,Combined TRACON& Tower with Radar,18,100,7,0,125,0,0,3,0,3,18,100,10,0,128,0,0,0,128
08/07/2005,GSP,SC,ASO,ES,Combined TRACON& Tower with Radar,13,116,13,5,147,0,0,0,0,0,13,116,13,5,147,0,0,0,147
08/08/2005,GSP,SC,ASO,ES,Combined TRACON& Tower with Radar,18,106,11,0,135,0,0,3,0,3,18,106,14,0,138,0,0,0,138
08/09/2005,GSP,SC,ASO,ES,Combined TRACON& Tower with Radar,26,133,27,2,188,0,1,1,0,2,26,134,28,2,190,0,12,12,202
08/10/2005,GSP,SC,ASO,ES,Combined TRACON& Tower with Radar,19,133,28,8,188,0,0,3,0,3,19,133,31,8,191,0,42,42,233
08/11/2005,GSP,SC,ASO,ES,Combined TRACON& Tower with Radar,17,140,27,0,184,0,0,6,0,6,17,140,33,0,190,6,0,6,196
08/12/2005,GSP,SC,ASO,ES,Combined TRACON& Tower with Radar,18,135,23,1,177,0,0,4,6,10,18,135,27,7,187,0,0,0,187
08/13/2005,GSP,SC,ASO,ES,Combined TRACON& Tower with Radar,16,105,4,4,129,0,0,6,1,7,16,105,10,5,136,2,2,4,140
08/14/2005,GSP,SC,ASO,ES,Combined TRACON& Tower with Radar,29,115,16,0,160,0,0,1,0,1,29,115,17,0,161,0,0,0,161
08/15/2005,GSP,SC,ASO,ES,Combined TRACON& Tower with Radar,20,121,24,3,168,0,0,5,3,8,20,121,29,6,176,0,12,12,188
08/16/2005,GSP,SC,ASO,ES,Combined TRACON& Tower with Radar,25,129,28,0,182,0,0,5,1,6,25,129,33,1,188,0,0,0,188
08/17/2005,GSP,SC,ASO,ES,Combined TRACON& Tower with Radar,22,132,27,0,181,0,0,4,2,6,22,132,31,2,187,0,0,0,187
08/18/2005,GSP,SC,ASO,ES,Combined TRACON& Tower with Radar,17,139,30,4,190,0,0,0,2,2,17,139,30,6,192,0,0,0,192
08/19/2005,GSP,SC,ASO,ES,Combined TRACON& Tower with Radar,20,139,22,3,184,0,0,3,0,3,20,139,25,3,187,0,0,0,187
08/20/2005,GSP,SC,ASO,ES,Combined TRACON& Tower with Radar,16,105,19,0,140,0,1,9,0,10,16,106,28,0,150,6,0,6,156
08/21/2005,GSP,SC,ASO,ES,Combined TRACON& Tower with Radar,16,112,15,7,150,0,0,5,0,5,16,112,20,7,155,0,0,0,155
08/22/2005,GSP,SC,ASO,ES,Combined TRACON& Tower with Radar,17,139,18,9,183,0,0,4,2,6,17,139,22,11,189,6,64,70,259
08/23/2005,GSP,SC,ASO,ES,Combined TRACON& Tower with Radar,26,134,31,7,198,0,0,0,0,0,26,134,31,7,198,0,0,0,198
08/24/2005,GSP,SC,ASO,ES,Combined TRACON& Tower with Radar,20,127,44,0,191,0,0,4,0,4,20,127,48,0,195,0,0,0,195
08/25/2005,GSP,SC,ASO,ES,Combined TRACON& Tower with Radar,18,134,43,5,200,0,0,5,0,5,18,134,48,5,205,0,0,0,205
08/26/2005,GSP,SC,ASO,ES,Combined TRACON& Tower with Radar,17,137,31,4,189,0,0,9,12,21,17,137,40,16,210,0,0,0,210
08/27/2005,GSP,SC,ASO,ES,Combined TRACON& Tower with Radar,17,110,19,1,147,0,0,9,0,9,17,110,28,1,156,30,0,30,186
08/28/2005,GSP,SC,ASO,ES,Combined TRACON& Tower with Radar,15,109,8,0,132,0,0,8,0,8,15,109,16,0,140,0,0,0,140
08/29/2005,GSP,SC,ASO,ES,Combined TRACON& Tower with Radar,13,133,25,0,171,0,0,0,1,1,13,133,25,1,172,0,0,0,172
08/30/2005,GSP,SC,ASO,ES,Combined TRACON& Tower with Radar,20,131,14,0,165,0,0,0,0,0,20,131,14,0,165,0,0,0,165
08/31/2005,GSP,SC,ASO,ES,Combined TRACON& Tower with Radar,19,132,24,1,176,0,0,13,0,13,19,132,37,1,189,0,0,0,189
09/01/2005,GSP,SC,ASO,ES,Combined TRACON& Tower with Radar,18,137,7,3,165,0,0,4,1,5,18,137,11,4,170,6,0,6,176
09/02/2005,GSP,SC,ASO,ES,Combined TRACON& Tower with Radar,17,139,28,1,185,0,0,10,0,10,17,139,38,1,195,0,0,0,195
09/03/2005,GSP,SC,ASO,ES,Combined TRACON& Tower with Radar,13,103,18,2,136,0,0,8,1,9,13,103,26,3,145,0,0,0,145
09/04/2005,GSP,SC,ASO,ES,Combined TRACON& Tower with Radar,9,93,13,0,115,0,0,8,0,8,9,93,21,0,123,0,0,0,123
09/05/2005,GSP,SC,ASO,ES,Combined TRACON& Tower with Radar,13,118,9,0,140,0,0,10,0,10,13,118,19,0,150,0,0,0,150
09/06/2005,GSP,SC,ASO,ES,Combined TRACON& Tower with Radar,17,135,13,2,167,0,0,3,0,3,17,135,16,2,170,0,14,14,184
09/07/2005,GSP,SC,ASO,ES,Combined TRACON& Tower with Radar,19,140,20,1,180,0,0,8,1,9,19,140,28,2,189,0,0,0,189
09/08/2005,GSP,SC,ASO,ES,Combined TRACON& Tower with Radar,17,137,22,10,186,0,0,7,0,7,17,137,29,10,193,0,0,0,193
09/09/2005,GSP,SC,ASO,ES,Combined TRACON& Tower with Radar,21,130,24,10,185,0,0,7,2,9,21,130,31,12,194,0,0,0,194
09/10/2005,GSP,SC,ASO,ES,Combined TRACON& Tower with Radar,14,108,11,4,137,0,0,9,0,9,14,108,20,4,146,0,0,0,146
09/11/2005,GSP,SC,ASO,ES,Combined TRACON& Tower with Radar,14,118,26,2,160,0,0,11,2,13,14,118,37,4,173,0,0,0,173
09/12/2005,GSP,SC,ASO,ES,Combined TRACON& Tower with Radar,15,128,19,6,168,0,1,7,0,8,15,129,26,6,176,0,0,0,176
09/13/2005,GSP,SC,ASO,ES,Combined TRACON& Tower with Radar,15,138,24,13,190,0,0,15,3,18,15,138,39,16,208,0,12,12,220
09/14/2005,GSP,SC,ASO,ES,Combined TRACON& Tower with Radar,20,145,27,15,207,0,0,4,2,6,20,145,31,17,213,0,22,22,235
09/15/2005,GSP,SC,ASO,ES,Combined TRACON& Tower with Radar,16,139,24,4,183,0,0,8,5,13,16,139,32,9,196,0,0,0,196
09/16/2005,GSP,SC,ASO,ES,Combined TRACON& Tower with Radar,21,136,39,4,200,0,0,0,0,0,21,136,39,4,200,0,0,0,200
09/17/2005,GSP,SC,ASO,ES,Combined TRACON& Tower with Radar,10,115,21,15,161,0,0,4,0,4,10,115,25,15,165,4,0,4,169
09/18/2005,GSP,SC,ASO,ES,Combined TRACON& Tower with Radar,13,123,23,4,163,0,0,13,0,13,13,123,36,4,176,4,0,4,180
09/19/2005,GSP,SC,ASO,ES,Combined TRACON& Tower with Radar,14,136,21,0,171,0,0,14,0,14,14,136,35,0,185,0,0,0,185
09/20/2005,GSP,SC,ASO,ES,Combined TRACON& Tower with Radar,20,146,36,1,203,0,0,10,4,14,20,146,46,5,217,16,0,16,233
09/21/2005,GSP,SC,ASO,ES,Combined TRACON& Tower with Radar,14,141,30,2,187,0,0,14,4,18,14,141,44,6,205,4,2,6,211
09/22/2005,GSP,SC,ASO,ES,Combined TRACON& Tower with Radar,21,129,32,27,209,0,0,15,2,17,21,129,47,29,226,0,44,44,270
09/23/2005,GSP,SC,ASO,ES,Combined TRACON& Tower with Radar,22,127,23,0,172,0,1,12,2,15,22,128,35,2,187,13,0,13,200
09/24/2005,GSP,SC,ASO,ES,Combined TRACON& Tower with Radar,17,116,15,0,148,0,0,9,0,9,17,116,24,0,157,0,0,0,157
09/25/2005,GSP,SC,ASO,ES,Combined TRACON& Tower with Radar,13,116,17,0,146,0,0,3,2,5,13,116,20,2,151,0,0,0,151
09/26/2005,GSP,SC,ASO,ES,Combined TRACON& Tower with Radar,10,129,21,0,160,0,0,0,0,0,10,129,21,0,160,0,0,0,160
09/27/2005,GSP,SC,ASO,ES,Combined TRACON& Tower with Radar,21,140,27,0,188,0,0,8,0,8,21,140,35,0,196,12,0,12,208
09/28/2005,GSP,SC,ASO,ES,Combined TRACON& Tower with Radar,20,138,32,5,195,0,0,4,0,4,20,138,36,5,199,10,6,16,215
09/29/2005,GSP,SC,ASO,ES,Combined TRACON& Tower with Radar,16,130,30,7,183,0,0,7,0,7,16,130,37,7,190,0,24,24,214
09/30/2005,GSP,SC,ASO,ES,Combined TRACON& Tower with Radar,20,125,26,6,177,0,0,14,0,14,20,125,40,6,191,0,0,0,191
10/01/2005,GSP,SC,ASO,ES,Combined TRACON& Tower with Radar,12,110,10,0,132,0,0,4,0,4,12,110,14,0,136,1,0,1,137
10/02/2005,GSP,SC,ASO,ES,Combined TRACON& Tower with Radar,11,114,21,5,151,0,0,7,0,7,11,114,28,5,158,0,0,0,158
10/03/2005,GSP,SC,ASO,ES,Combined TRACON& Tower with Radar,8,137,26,2,173,0,0,9,6,15,8,137,35,8,188,0,0,0,188
10/04/2005,GSP,SC,ASO,ES,Combined TRACON& Tower with Radar,17,137,29,2,185,0,0,14,0,14,17,137,43,2,199,0,10,10,209
10/05/2005,GSP,SC,ASO,ES,Combined TRACON& Tower with Radar,14,134,33,0,181,0,0,9,0,9,14,134,42,0,190,2,0,2,192
10/06/2005,GSP,SC,ASO,ES,Combined TRACON& Tower with Radar,24,129,34,0,187,0,0,0,0,0,24,129,34,0,187,0,0,0,187
10/07/2005,GSP,SC,ASO,ES,Combined TRACON& Tower with Radar,15,134,25,0,174,0,0,0,0,0,15,134,25,0,174,0,0,0,174
10/08/2005,GSP,SC,ASO,ES,Combined TRACON& Tower with Radar,11,104,10,1,126,0,0,2,0,2,11,104,12,1,128,0,10,10,138
10/09/2005,GSP,SC,ASO,ES,Combined TRACON& Tower with Radar,14,107,13,3,137,0,0,3,0,3,14,107,16,3,140,0,0,0,140
10/10/2005,GSP,SC,ASO,ES,Combined TRACON& Tower with Radar,9,129,20,0,158,0,0,2,0,2,9,129,22,0,160,0,0,0,160
10/11/2005,GSP,SC,ASO,ES,Combined TRACON& Tower with Radar,14,137,28,9,188,0,0,1,0,1,14,137,29,9,189,0,28,28,217
10/12/2005,GSP,SC,ASO,ES,Combined TRACON& Tower with Radar,17,132,26,0,175,0,0,3,0,3,17,132,29,0,178,0,0,0,178
10/13/2005,GSP,SC,ASO,ES,Combined TRACON& Tower with Radar,15,136,23,0,174,0,0,5,0,5,15,136,28,0,179,0,0,0,179
10/14/2005,GSP,SC,ASO,ES,Combined TRACON& Tower with Radar,16,132,25,5,178,0,0,17,0,17,16,132,42,5,195,0,0,0,195
10/15/2005,GSP,SC,ASO,ES,Combined TRACON& Tower with Radar,8,108,7,2,125,0,0,4,4,8,8,108,11,6,133,0,0,0,133
10/16/2005,GSP,SC,ASO,ES,Combined TRACON& Tower with Radar,8,115,13,1,137,0,0,13,0,13,8,115,26,1,150,0,0,0,150
10/17/2005,GSP,SC,ASO,ES,Combined TRACON& Tower with Radar,11,129,18,0,158,0,0,17,0,17,11,129,35,0,175,0,0,0,175
10/18/2005,GSP,SC,ASO,ES,Combined TRACON& Tower with Radar,16,136,37,0,189,0,0,16,0,16,16,136,53,0,205,0,0,0,205
10/19/2005,GSP,SC,ASO,ES,Combined TRACON& Tower with Radar,12,133,29,2,176,0,0,15,0,15,12,133,44,2,191,0,0,0,191
10/20/2005,GSP,SC,ASO,ES,Combined TRACON& Tower with Radar,18,138,27,0,183,0,0,11,0,11,18,138,38,0,194,0,0,0,194
10/21/2005,GSP,SC,ASO,ES,Combined TRACON& Tower with Radar,15,135,22,1,173,0,0,12,0,12,15,135,34,1,185,0,0,0,185
10/22/2005,GSP,SC,ASO,ES,Combined TRACON& Tower with Radar,11,102,9,3,125,0,0,1,0,1,11,102,10,3,126,0,0,0,126
10/23/2005,GSP,SC,ASO,ES,Combined TRACON& Tower with Radar,11,119,9,0,139,0,0,16,0,16,11,119,25,0,155,0,0,0,155
10/24/2005,GSP,SC,ASO,ES,Combined TRACON& Tower with Radar,11,133,25,5,174,0,0,6,6,12,11,133,31,11,186,0,0,0,186
10/25/2005,GSP,SC,ASO,ES,Combined TRACON& Tower with Radar,16,126,20,4,166,0,0,7,0,7,16,126,27,4,173,0,0,0,173
10/26/2005,GSP,SC,ASO,ES,Combined TRACON& Tower with Radar,16,140,23,1,180,0,0,7,1,8,16,140,30,2,188,2,0,2,190
10/27/2005,GSP,SC,ASO,ES,Combined TRACON& Tower with Radar,13,139,25,11,188,0,0,18,2,20,13,139,43,13,208,4,12,16,224
10/28/2005,GSP,SC,ASO,ES,Combined TRACON& Tower with Radar,11,138,18,4,171,0,0,0,0,0,11,138,18,4,171,0,0,0,171
10/29/2005,GSP,SC,ASO,ES,Combined TRACON& Tower with Radar,8,106,4,1,119,0,0,10,1,11,8,106,14,2,130,0,0,0,130
10/30/2005,GSP,SC,ASO,ES,Combined TRACON& Tower with Radar,8,112,6,1,127,0,0,9,0,9,8,112,15,1,136,0,0,0,136
10/31/2005,GSP,SC,ASO,ES,Combined TRACON& Tower with Radar,10,124,15,0,149,0,0,10,0,10,10,124,25,0,159,0,0,0,159
11/01/2005,GSP,SC,ASO,ES,Combined TRACON& Tower with Radar,17,122,20,1,160,0,0,6,2,8,17,122,26,3,168,0,0,0,168
11/02/2005,GSP,SC,ASO,ES,Combined TRACON& Tower with Radar,15,127,15,2,159,0,0,13,1,14,15,127,28,3,173,1,17,18,191
11/03/2005,GSP,SC,ASO,ES,Combined TRACON& Tower with Radar,16,127,29,1,173,0,0,6,1,7,16,127,35,2,180,2,0,2,182
11/04/2005,GSP,SC,ASO,ES,Combined TRACON& Tower with Radar,12,124,23,7,166,0,0,17,0,17,12,124,40,7,183,0,0,0,183
11/05/2005,GSP,SC,ASO,ES,Combined TRACON& Tower with Radar,10,97,15,0,122,0,0,11,0,11,10,97,26,0,133,0,0,0,133
11/06/2005,GSP,SC,ASO,ES,Combined TRACON& Tower with Radar,9,104,10,11,134,0,0,10,2,12,9,104,20,13,146,0,0,0,146
11/07/2005,GSP,SC,ASO,ES,Combined TRACON& Tower with Radar,8,137,23,0,168,0,0,14,2,16,8,137,37,2,184,0,0,0,184
11/08/2005,GSP,SC,ASO,ES,Combined TRACON& Tower with Radar,20,122,24,2,168,0,0,10,2,12,20,122,34,4,180,0,0,0,180
11/09/2005,GSP,SC,ASO,ES,Combined TRACON& Tower with Radar,15,134,30,0,179,0,0,13,3,16,15,134,43,3,195,0,0,0,195
11/10/2005,GSP,SC,ASO,ES,Combined TRACON& Tower with Radar,20,126,26,2,174,0,1,4,0,5,20,127,30,2,179,0,0,0,179
11/11/2005,GSP,SC,ASO,ES,Combined TRACON& Tower with Radar,14,112,47,3,176,0,0,14,0,14,14,112,61,3,190,0,0,0,190
11/12/2005,GSP,SC,ASO,ES,Combined TRACON& Tower with Radar,11,96,24,0,131,0,0,4,0,4,11,96,28,0,135,6,0,6,141
11/13/2005,GSP,SC,ASO,ES,Combined TRACON& Tower with Radar,8,116,14,0,138,0,0,5,0,5,8,116,19,0,143,10,0,10,153
11/14/2005,GSP,SC,ASO,ES,Combined TRACON& Tower with Radar,9,114,31,7,161,0,0,7,0,7,9,114,38,7,168,0,6,6,174
11/15/2005,GSP,SC,ASO,ES,Combined TRACON& Tower with Radar,11,114,30,0,155,0,0,5,0,5,11,114,35,0,160,0,0,0,160
11/16/2005,GSP,SC,ASO,ES,Combined TRACON& Tower with Radar,18,122,33,0,173,0,0,10,0,10,18,122,43,0,183,0,0,0,183
11/17/2005,GSP,SC,ASO,ES,Combined TRACON& Tower with Radar,14,127,32,0,173,0,0,19,0,19,14,127,51,0,192,10,0,10,202
11/18/2005,GSP,SC,ASO,ES,Combined TRACON& Tower with Radar,16,122,24,24,186,0,2,25,2,29,16,124,49,26,215,6,14,20,235
11/19/2005,GSP,SC,ASO,ES,Combined TRACON& Tower with Radar,13,97,7,0,117,0,0,5,0,5,13,97,12,0,122,0,0,0,122
11/20/2005,GSP,SC,ASO,ES,Combined TRACON& Tower with Radar,7,108,11,2,128,0,0,8,0,8,7,108,19,2,136,0,0,0,136
11/21/2005,GSP,SC,ASO,ES,Combined TRACON& Tower with Radar,9,116,15,2,142,0,0,0,0,0,9,116,15,2,142,0,0,0,142
11/22/2005,GSP,SC,ASO,ES,Combined TRACON& Tower with Radar,15,149,23,0,187,0,0,8,1,9,15,149,31,1,196,0,0,0,196
11/23/2005,GSP,SC,ASO,ES,Combined TRACON& Tower with Radar,20,121,27,0,168,0,3,3,0,6,20,124,30,0,174,0,0,0,174
11/24/2005,GSP,SC,ASO,ES,Combined TRACON& Tower with Radar,9,93,7,0,109,0,0,3,0,3,9,93,10,0,112,0,0,0,112
11/25/2005,GSP,SC,ASO,ES,Combined TRACON& Tower with Radar,16,93,5,0,114,0,0,5,0,5,16,93,10,0,119,0,0,0,119
11/26/2005,GSP,SC,ASO,ES,Combined TRACON& Tower with Radar,14,108,17,0,139,0,0,9,0,9,14,108,26,0,148,0,0,0,148
11/27/2005,GSP,SC,ASO,ES,Combined TRACON& Tower with Radar,10,113,25,1,149,0,0,3,0,3,10,113,28,1,152,0,0,0,152
11/28/2005,GSP,SC,ASO,ES,Combined TRACON& Tower with Radar,13,126,27,2,168,0,0,0,0,0,13,126,27,2,168,0,0,0,168
11/29/2005,GSP,SC,ASO,ES,Combined TRACON& Tower with Radar,19,131,50,15,215,0,0,8,1,9,19,131,58,16,224,0,4,4,228
11/30/2005,GSP,SC,ASO,ES,Combined TRACON& Tower with Radar,19,128,43,9,199,0,0,8,1,9,19,128,51,10,208,0,0,0,208
12/01/2005,GSP,SC,ASO,ES,Combined TRACON& Tower with Radar,21,119,28,16,184,0,1,12,3,16,21,120,40,19,200,0,9,9,209
12/02/2005,GSP,SC,ASO,ES,Combined TRACON& Tower with Radar,20,122,24,6,172,0,0,16,0,16,20,122,40,6,188,0,0,0,188
12/03/2005,GSP,SC,ASO,ES,Combined TRACON& Tower with Radar,12,95,8,2,117,0,0,0,0,0,12,95,8,2,117,0,0,0,117
12/04/2005,GSP,SC,ASO,ES,Combined TRACON& Tower with Radar,8,107,13,2,130,0,0,0,0,0,8,107,13,2,130,0,0,0,130
12/05/2005,GSP,SC,ASO,ES,Combined TRACON& Tower with Radar,11,114,11,2,138,0,0,0,0,0,11,114,11,2,138,0,0,0,138
12/06/2005,GSP,SC,ASO,ES,Combined TRACON& Tower with Radar,13,130,23,10,176,0,0,10,0,10,13,130,33,10,186,0,0,0,186
12/07/2005,GSP,SC,ASO,ES,Combined TRACON& Tower with Radar,19,121,34,5,179,0,0,11,0,11,19,121,45,5,190,0,7,7,197
12/08/2005,GSP,SC,ASO,ES,Combined TRACON& Tower with Radar,19,119,25,0,163,0,0,1,0,1,19,119,26,0,164,0,0,0,164
12/09/2005,GSP,SC,ASO,ES,Combined TRACON& Tower with Radar,19,129,27,2,177,0,0,7,0,7,19,129,34,2,184,0,0,0,184
12/10/2005,GSP,SC,ASO,ES,Combined TRACON& Tower with Radar,11,94,12,6,123,0,0,9,0,9,11,94,21,6,132,0,0,0,132
12/11/2005,GSP,SC,ASO,ES,Combined TRACON& Tower with Radar,6,103,15,2,126,0,0,5,0,5,6,103,20,2,131,0,0,0,131
12/12/2005,GSP,SC,ASO,ES,Combined TRACON& Tower with Radar,12,122,11,4,149,0,0,14,8,22,12,122,25,12,171,16,0,16,187
12/13/2005,GSP,SC,ASO,ES,Combined TRACON& Tower with Radar,18,116,32,3,169,0,0,18,1,19,18,116,50,4,188,0,0,0,188
12/14/2005,GSP,SC,ASO,ES,Combined TRACON& Tower with Radar,20,117,23,3,163,0,0,7,3,10,20,117,30,6,173,0,0,0,173
12/15/2005,GSP,SC,ASO,ES,Combined TRACON& Tower with Radar,18,92,38,0,148,0,0,0,0,0,18,92,38,0,148,0,0,0,148
12/16/2005,GSP,SC,ASO,ES,Combined TRACON& Tower with Radar,20,117,31,4,172,0,0,11,0,11,20,117,42,4,183,0,0,0,183
12/17/2005,GSP,SC,ASO,ES,Combined TRACON& Tower with Radar,26,93,3,0,122,0,0,6,0,6,26,93,9,0,128,0,0,0,128
12/18/2005,GSP,SC,ASO,ES,Combined TRACON& Tower with Radar,6,114,8,2,130,0,0,3,0,3,6,114,11,2,133,0,0,0,133
12/19/2005,GSP,SC,ASO,ES,Combined TRACON& Tower with Radar,9,114,29,6,158,0,0,14,2,16,9,114,43,8,174,0,0,0,174
12/20/2005,GSP,SC,ASO,ES,Combined TRACON& Tower with Radar,19,110,15,0,144,0,0,13,2,15,19,110,28,2,159,0,0,0,159
12/21/2005,GSP,SC,ASO,ES,Combined TRACON& Tower with Radar,21,127,18,0,166,0,0,15,0,15,21,127,33,0,181,0,0,0,181
12/22/2005,GSP,SC,ASO,ES,Combined TRACON& Tower with Radar,13,127,26,0,166,0,1,13,0,14,13,128,39,0,180,0,0,0,180
12/23/2005,GSP,SC,ASO,ES,Combined TRACON& Tower with Radar,19,114,22,0,155,0,0,9,0,9,19,114,31,0,164,0,0,0,164
12/24/2005,GSP,SC,ASO,ES,Combined TRACON& Tower with Radar,14,98,10,0,122,0,0,0,0,0,14,98,10,0,122,0,0,0,122
12/25/2005,GSP,SC,ASO,ES,Combined TRACON& Tower with Radar,7,90,3,0,100,0,0,1,0,1,7,90,4,0,101,0,0,0,101
12/26/2005,GSP,SC,ASO,ES,Combined TRACON& Tower with Radar,8,112,6,0,126,0,0,8,0,8,8,112,14,0,134,0,0,0,134
12/27/2005,GSP,SC,ASO,ES,Combined TRACON& Tower with Radar,11,113,20,0,144,0,0,12,0,12,11,113,32,0,156,0,0,0,156
12/28/2005,GSP,SC,ASO,ES,Combined TRACON& Tower with Radar,15,113,17,0,145,0,0,3,0,3,15,113,20,0,148,0,0,0,148
12/29/2005,GSP,SC,ASO,ES,Combined TRACON& Tower with Radar,13,120,14,0,147,0,0,8,1,9,13,120,22,1,156,0,0,0,156
12/30/2005,GSP,SC,ASO,ES,Combined TRACON& Tower with Radar,13,113,8,0,134,0,0,12,0,12,13,113,20,0,146,0,0,0,146
12/31/2005,GSP,SC,ASO,ES,Combined TRACON& Tower with Radar,10,88,7,0,105,0,0,13,0,13,10,88,20,0,118,2,0,2,120
01/01/2006,GSP,SC,ASO,ES,Combined TRACON& Tower with Radar,6,94,10,0,110,0,0,7,0,7,6,94,17,0,117,0,0,0,117
01/02/2006,GSP,SC,ASO,ES,Combined TRACON& Tower with Radar,4,93,11,0,108,0,0,0,0,0,4,93,11,0,108,0,0,0,108
01/03/2006,GSP,SC,ASO,ES,Combined TRACON& Tower with Radar,10,110,18,2,140,0,1,11,5,17,10,111,29,7,157,0,0,0,157
01/04/2006,GSP,SC,ASO,ES,Combined TRACON& Tower with Radar,21,115,27,8,171,0,0,17,2,19,21,115,44,10,190,0,10,10,200
01/05/2006,GSP,SC,ASO,ES,Combined TRACON& Tower with Radar,19,110,16,4,149,0,0,10,0,10,19,110,26,4,159,0,0,0,159
01/06/2006,GSP,SC,ASO,ES,Combined TRACON& Tower with Radar,16,103,15,6,140,0,2,14,0,16,16,105,29,6,156,0,0,0,156
01/07/2006,GSP,SC,ASO,ES,Combined TRACON& Tower with Radar,12,82,20,0,114,0,0,10,0,10,12,82,30,0,124,0,0,0,124
01/08/2006,GSP,SC,ASO,ES,Combined TRACON& Tower with Radar,9,92,6,4,111,0,0,9,4,13,9,92,15,8,124,0,0,0,124
01/09/2006,GSP,SC,ASO,ES,Combined TRACON& Tower with Radar,13,103,11,2,129,0,0,11,0,11,13,103,22,2,140,0,0,0,140
01/10/2006,GSP,SC,ASO,ES,Combined TRACON& Tower with Radar,28,108,14,0,150,0,0,10,6,16,28,108,24,6,166,0,0,0,166
01/11/2006,GSP,SC,ASO,ES,Combined TRACON& Tower with Radar,18,108,28,2,156,0,0,2,1,3,18,108,30,3,159,0,0,0,159
01/12/2006,GSP,SC,ASO,ES,Combined TRACON& Tower with Radar,18,119,14,2,153,0,0,12,2,14,18,119,26,4,167,0,0,0,167
01/13/2006,GSP,SC,ASO,ES,Combined TRACON& Tower with Radar,18,96,24,0,138,0,0,1,0,1,18,96,25,0,139,0,0,0,139
01/14/2006,GSP,SC,ASO,ES,Combined TRACON& Tower with Radar,12,91,2,0,105,0,0,2,0,2,12,91,4,0,107,0,0,0,107
01/15/2006,GSP,SC,ASO,ES,Combined TRACON& Tower with Radar,8,94,13,0,115,0,0,4,0,4,8,94,17,0,119,0,0,0,119
01/16/2006,GSP,SC,ASO,ES,Combined TRACON& Tower with Radar,14,109,21,0,144,0,0,6,0,6,14,109,27,0,150,0,0,0,150
01/17/2006,GSP,SC,ASO,ES,Combined TRACON& Tower with Radar,15,107,31,3,156,0,2,3,0,5,15,109,34,3,161,10,0,10,171
01/18/2006,GSP,SC,ASO,ES,Combined TRACON& Tower with Radar,15,115,28,0,158,0,1,13,0,14,15,116,41,0,172,8,0,8,180
01/19/2006,GSP,SC,ASO,ES,Combined TRACON& Tower with Radar,18,104,31,2,155,0,0,12,37,49,18,104,43,39,204,0,0,0,204
01/20/2006,GSP,SC,ASO,ES,Combined TRACON& Tower with Radar,13,111,34,12,170,0,2,19,0,21,13,113,53,12,191,0,0,0,191
01/21/2006,GSP,SC,ASO,ES,Combined TRACON& Tower with Radar,11,78,23,0,112,0,0,0,0,0,11,78,23,0,112,0,0,0,112
01/22/2006,GSP,SC,ASO,ES,Combined TRACON& Tower with Radar,7,85,12,2,106,0,0,0,0,0,7,85,12,2,106,0,0,0,106
01/23/2006,GSP,SC,ASO,ES,Combined TRACON& Tower with Radar,13,101,14,1,129,0,0,0,0,0,13,101,14,1,129,0,0,0,129
01/24/2006,GSP,SC,ASO,ES,Combined TRACON& Tower with Radar,15,104,28,0,147,0,0,9,1,10,15,104,37,1,157,4,0,4,161
01/25/2006,GSP,SC,ASO,ES,Combined TRACON& Tower with Radar,18,101,29,3,151,0,0,12,0,12,18,101,41,3,163,6,0,6,169
01/26/2006,GSP,SC,ASO,ES,Combined TRACON& Tower with Radar,17,107,27,0,151,0,0,26,0,26,17,107,53,0,177,0,0,0,177
01/27/2006,GSP,SC,ASO,ES,Combined TRACON& Tower with Radar,15,115,21,2,153,0,0,18,0,18,15,115,39,2,171,16,28,44,215
01/28/2006,GSP,SC,ASO,ES,Combined TRACON& Tower with Radar,11,79,9,0,99,0,0,10,0,10,11,79,19,0,109,0,0,0,109
01/29/2006,GSP,SC,ASO,ES,Combined TRACON& Tower with Radar,7,88,19,1,115,0,0,1,2,3,7,88,20,3,118,0,0,0,118
01/30/2006,GSP,SC,ASO,ES,Combined TRACON& Tower with Radar,13,105,18,22,158,0,0,4,2,6,13,105,22,24,164,0,14,14,178
01/31/2006,GSP,SC,ASO,ES,Combined TRACON& Tower with Radar,18,104,51,2,175,0,0,10,1,11,18,104,61,3,186,0,0,0,186
02/01/2006,GSP,SC,ASO,ES,Combined TRACON& Tower with Radar,21,105,36,3,165,0,0,4,1,5,21,105,40,4,170,0,0,0,170
02/02/2006,GSP,SC,ASO,ES,Combined TRACON& Tower with Radar,21,102,41,17,181,0,0,5,6,11,21,102,46,23,192,2,0,2,194
02/03/2006,GSP,SC,ASO,ES,Combined TRACON& Tower with Radar,17,105,25,2,149,0,0,12,2,14,17,105,37,4,163,4,0,4,167
02/04/2006,GSP,SC,ASO,ES,Combined TRACON& Tower with Radar,14,81,10,0,105,0,0,3,2,5,14,81,13,2,110,0,0,0,110
02/05/2006,GSP,SC,ASO,ES,Combined TRACON& Tower with Radar,12,90,11,2,115,0,0,3,2,5,12,90,14,4,120,0,0,0,120
02/06/2006,GSP,SC,ASO,ES,Combined TRACON& Tower with Radar,17,103,7,2,129,0,0,3,0,3,17,103,10,2,132,0,0,0,132
02/07/2006,GSP,SC,ASO,ES,Combined TRACON& Tower with Radar,21,108,33,5,167,0,0,18,1,19,21,108,51,6,186,2,0,2,188
02/08/2006,GSP,SC,ASO,ES,Combined TRACON& Tower with Radar,17,98,25,1,141,0,0,4,1,5,17,98,29,2,146,0,0,0,146
02/09/2006,GSP,SC,ASO,ES,Combined TRACON& Tower with Radar,22,105,16,9,152,0,0,15,0,15,22,105,31,9,167,10,56,66,233
02/10/2006,GSP,SC,ASO,ES,Combined TRACON& Tower with Radar,16,102,20,7,145,0,0,10,0,10,16,102,30,7,155,0,14,14,169
02/11/2006,GSP,SC,ASO,ES,Combined TRACON& Tower with Radar,13,79,9,2,103,0,0,0,0,0,13,79,9,2,103,0,0,0,103
02/12/2006,GSP,SC,ASO,ES,Combined TRACON& Tower with Radar,8,84,6,4,102,0,0,2,0,2,8,84,8,4,104,0,0,0,104
02/13/2006,GSP,SC,ASO,ES,Combined TRACON& Tower with Radar,15,100,13,3,131,0,0,9,0,9,15,100,22,3,140,6,12,18,158
02/14/2006,GSP,SC,ASO,ES,Combined TRACON& Tower with Radar,17,105,26,0,148,0,0,15,0,15,17,105,41,0,163,0,0,0,163
02/15/2006,GSP,SC,ASO,ES,Combined TRACON& Tower with Radar,22,102,21,7,152,0,0,14,0,14,22,102,35,7,166,2,0,2,168
02/16/2006,GSP,SC,ASO,ES,Combined TRACON& Tower with Radar,15,109,26,0,150,0,0,10,0,10,15,109,36,0,160,2,0,2,162
02/17/2006,GSP,SC,ASO,ES,Combined TRACON& Tower with Radar,14,116,31,1,162,0,0,5,1,6,14,116,36,2,168,0,0,0,168
02/18/2006,GSP,SC,ASO,ES,Combined TRACON& Tower with Radar,9,81,7,0,97,0,0,0,0,0,9,81,7,0,97,0,0,0,97
02/19/2006,GSP,SC,ASO,ES,Combined TRACON& Tower with Radar,9,92,13,0,114,0,0,5,0,5,9,92,18,0,119,0,0,0,119
02/20/2006,GSP,SC,ASO,ES,Combined TRACON& Tower with Radar,16,112,17,0,145,0,0,0,0,0,16,112,17,0,145,0,0,0,145
02/21/2006,GSP,SC,ASO,ES,Combined TRACON& Tower with Radar,17,116,20,2,155,0,0,0,0,0,17,116,20,2,155,0,0,0,155
02/22/2006,GSP,SC,ASO,ES,Combined TRACON& Tower with Radar,14,111,38,0,163,0,0,1,0,1,14,111,39,0,164,0,0,0,164
02/23/2006,GSP,SC,ASO,ES,Combined TRACON& Tower with Radar,18,108,24,3,153,0,0,9,0,9,18,108,33,3,162,0,0,0,162
02/24/2006,GSP,SC,ASO,ES,Combined TRACON& Tower with Radar,15,108,31,17,171,0,0,11,27,38,15,108,42,44,209,1,0,1,210
02/25/2006,GSP,SC,ASO,ES,Combined TRACON& Tower with Radar,12,88,8,0,108,0,0,1,0,1,12,88,9,0,109,0,0,0,109
02/26/2006,GSP,SC,ASO,ES,Combined TRACON& Tower with Radar,11,92,10,0,113,0,0,9,0,9,11,92,19,0,122,0,0,0,122
02/27/2006,GSP,SC,ASO,ES,Combined TRACON& Tower with Radar,11,116,17,0,144,0,0,17,1,18,11,116,34,1,162,0,0,0,162
02/28/2006,GSP,SC,ASO,ES,Combined TRACON& Tower with Radar,18,111,31,4,164,0,0,8,3,11,18,111,39,7,175,0,4,4,179
03/01/2006,GSP,SC,ASO,ES,Combined TRACON& Tower with Radar,19,111,26,2,158,0,0,6,0,6,19,111,32,2,164,0,0,0,164
03/02/2006,GSP,SC,ASO,ES,Combined TRACON& Tower with Radar,15,109,36,3,163,0,0,13,0,13,15,109,49,3,176,0,0,0,176
03/03/2006,GSP,SC,ASO,ES,Combined TRACON& Tower with Radar,11,116,24,3,154,0,0,16,0,16,11,116,40,3,170,0,0,0,170
03/04/2006,GSP,SC,ASO,ES,Combined TRACON& Tower with Radar,7,84,13,0,104,0,0,9,0,9,7,84,22,0,113,0,0,0,113
03/05/2006,GSP,SC,ASO,ES,Combined TRACON& Tower with Radar,6,96,16,2,120,0,0,10,0,10,6,96,26,2,130,6,0,6,136
03/06/2006,GSP,SC,ASO,ES,Combined TRACON& Tower with Radar,13,110,17,5,145,0,0,2,1,3,13,110,19,6,148,0,0,0,148
03/07/2006,GSP,SC,ASO,ES,Combined TRACON& Tower with Radar,11,110,20,2,143,0,0,15,0,15,11,110,35,2,158,0,12,12,170
03/08/2006,GSP,SC,ASO,ES,Combined TRACON& Tower with Radar,15,108,33,1,157,0,0,8,0,8,15,108,41,1,165,6,1,7,172
03/09/2006,GSP,SC,ASO,ES,Combined TRACON& Tower with Radar,14,119,32,0,165,0,0,4,0,4,14,119,36,0,169,0,0,0,169
03/10/2006,GSP,SC,ASO,ES,Combined TRACON& Tower with Radar,18,114,27,2,161,0,0,13,0,13,18,114,40,2,174,2,0,2,176
03/11/2006,GSP,SC,ASO,ES,Combined TRACON& Tower with Radar,10,82,17,10,119,0,0,0,5,5,10,82,17,15,124,0,0,0,124
03/12/2006,GSP,SC,ASO,ES,Combined TRACON& Tower with Radar,7,95,8,3,113,0,0,6,0,6,7,95,14,3,119,0,0,0,119
03/13/2006,GSP,SC,ASO,ES,Combined TRACON& Tower with Radar,12,106,27,3,148,0,0,13,0,13,12,106,40,3,161,0,0,0,161
03/14/2006,GSP,SC,ASO,ES,Combined TRACON& Tower with Radar,15,116,18,6,155,0,0,4,0,4,15,116,22,6,159,0,0,0,159
03/15/2006,GSP,SC,ASO,ES,Combined TRACON& Tower with Radar,13,121,37,5,176,0,0,13,0,13,13,121,50,5,189,0,0,0,189
03/16/2006,GSP,SC,ASO,ES,Combined TRACON& Tower with Radar,12,109,20,5,146,0,0,51,0,51,12,109,71,5,197,6,4,10,207
03/17/2006,GSP,SC,ASO,ES,Combined TRACON& Tower with Radar,11,117,27,9,164,0,0,16,2,18,11,117,43,11,182,0,0,0,182
03/18/2006,GSP,SC,ASO,ES,Combined TRACON& Tower with Radar,10,83,13,0,106,0,0,5,0,5,10,83,18,0,111,4,0,4,115
03/19/2006,GSP,SC,ASO,ES,Combined TRACON& Tower with Radar,8,99,15,2,124,0,0,3,0,3,8,99,18,2,127,0,0,0,127
03/20/2006,GSP,SC,ASO,ES,Combined TRACON& Tower with Radar,7,108,20,0,135,0,0,1,0,1,7,108,21,0,136,0,0,0,136
03/21/2006,GSP,SC,ASO,ES,Combined TRACON& Tower with Radar,16,117,39,9,181,0,0,1,0,1,16,117,40,9,182,12,0,12,194
03/22/2006,GSP,SC,ASO,ES,Combined TRACON& Tower with Radar,15,104,22,6,147,0,0,9,3,12,15,104,31,9,159,0,0,0,159
03/23/2006,GSP,SC,ASO,ES,Combined TRACON& Tower with Radar,13,114,41,0,168,0,0,3,1,4,13,114,44,1,172,0,0,0,172
03/24/2006,GSP,SC,ASO,ES,Combined TRACON& Tower with Radar,11,127,45,6,189,0,0,10,2,12,11,127,55,8,201,2,22,24,225
03/25/2006,GSP,SC,ASO,ES,Combined TRACON& Tower with Radar,10,91,10,0,111,0,0,4,0,4,10,91,14,0,115,0,0,0,115
03/26/2006,GSP,SC,ASO,ES,Combined TRACON& Tower with Radar,6,98,22,0,126,0,0,9,0,9,6,98,31,0,135,0,0,0,135
03/27/2006,GSP,SC,ASO,ES,Combined TRACON& Tower with Radar,10,113,15,0,138,0,0,3,4,7,10,113,18,4,145,0,0,0,145
03/28/2006,GSP,SC,ASO,ES,Combined TRACON& Tower with Radar,16,104,30,3,153,0,0,9,1,10,16,104,39,4,163,0,0,0,163
03/29/2006,GSP,SC,ASO,ES,Combined TRACON& Tower with Radar,15,111,33,4,163,0,0,13,2,15,15,111,46,6,178,0,0,0,178
03/30/2006,GSP,SC,ASO,ES,Combined TRACON& Tower with Radar,13,111,21,0,145,0,0,10,2,12,13,111,31,2,157,0,0,0,157
03/31/2006,GSP,SC,ASO,ES,Combined TRACON& Tower with Radar,12,107,39,2,160,0,0,16,2,18,12,107,55,4,178,2,0,2,180
04/01/2006,GSP,SC,ASO,ES,Combined TRACON& Tower with Radar,9,89,23,0,121,0,2,7,0,9,9,91,30,0,130,0,0,0,130
04/02/2006,GSP,SC,ASO,ES,Combined TRACON& Tower with Radar,6,97,18,5,126,0,0,10,2,12,6,97,28,7,138,0,0,0,138
04/03/2006,GSP,SC,ASO,ES,Combined TRACON& Tower with Radar,9,116,24,5,154,0,0,6,0,6,9,116,30,5,160,0,16,16,176
04/04/2006,GSP,SC,ASO,ES,Combined TRACON& Tower with Radar,15,117,25,0,157,0,0,15,0,15,15,117,40,0,172,0,0,0,172
04/05/2006,GSP,SC,ASO,ES,Combined TRACON& Tower with Radar,15,121,27,10,173,0,0,19,1,20,15,121,46,11,193,6,18,24,217
04/06/2006,GSP,SC,ASO,ES,Combined TRACON& Tower with Radar,16,125,45,2,188,0,0,18,0,18,16,125,63,2,206,0,0,0,206
04/07/2006,GSP,SC,ASO,ES,Combined TRACON& Tower with Radar,11,120,32,1,164,0,0,7,4,11,11,120,39,5,175,0,0,0,175
04/08/2006,GSP,SC,ASO,ES,Combined TRACON& Tower with Radar,8,95,19,2,124,0,0,2,0,2,8,95,21,2,126,0,0,0,126
04/09/2006,GSP,SC,ASO,ES,Combined TRACON& Tower with Radar,6,106,26,2,140,0,0,12,0,12,6,106,38,2,152,0,0,0,152
04/10/2006,GSP,SC,ASO,ES,Combined TRACON& Tower with Radar,11,121,28,0,160,0,0,10,1,11,11,121,38,1,171,0,0,0,171
04/11/2006,GSP,SC,ASO,ES,Combined TRACON& Tower with Radar,13,116,35,4,168,0,0,14,2,16,13,116,49,6,184,0,0,0,184
04/12/2006,GSP,SC,ASO,ES,Combined TRACON& Tower with Radar,15,125,38,2,180,0,0,18,1,19,15,125,56,3,199,0,0,0,199
04/13/2006,GSP,SC,ASO,ES,Combined TRACON& Tower with Radar,14,117,38,4,173,0,0,35,1,36,14,117,73,5,209,0,0,0,209
04/14/2006,GSP,SC,ASO,ES,Combined TRACON& Tower with Radar,11,119,20,2,152,0,0,13,3,16,11,119,33,5,168,0,2,2,170
04/15/2006,GSP,SC,ASO,ES,Combined TRACON& Tower with Radar,9,85,9,1,104,0,0,17,7,24,9,85,26,8,128,4,0,4,132
04/16/2006,GSP,SC,ASO,ES,Combined TRACON& Tower with Radar,6,102,10,0,118,0,0,0,0,0,6,102,10,0,118,0,0,0,118
04/17/2006,GSP,SC,ASO,ES,Combined TRACON& Tower with Radar,17,128,21,3,169,0,0,14,1,15,17,128,35,4,184,0,0,0,184
04/18/2006,GSP,SC,ASO,ES,Combined TRACON& Tower with Radar,16,125,35,0,176,0,0,19,0,19,16,125,54,0,195,4,0,4,199
04/19/2006,GSP,SC,ASO,ES,Combined TRACON& Tower with Radar,14,119,44,5,182,0,0,7,1,8,14,119,51,6,190,0,0,0,190
04/20/2006,GSP,SC,ASO,ES,Combined TRACON& Tower with Radar,21,120,42,4,187,0,0,13,0,13,21,120,55,4,200,0,0,0,200
04/21/2006,GSP,SC,ASO,ES,Combined TRACON& Tower with Radar,11,124,26,2,163,0,0,12,0,12,11,124,38,2,175,0,0,0,175
04/22/2006,GSP,SC,ASO,ES,Combined TRACON& Tower with Radar,7,89,8,0,104,0,0,0,0,0,7,89,8,0,104,0,0,0,104
04/23/2006,GSP,SC,ASO,ES,Combined TRACON& Tower with Radar,7,102,12,3,124,0,0,7,1,8,7,102,19,4,132,0,0,0,132
04/24/2006,GSP,SC,ASO,ES,Combined TRACON& Tower with Radar,9,110,20,0,139,0,0,11,0,11,9,110,31,0,150,0,0,0,150
04/25/2006,GSP,SC,ASO,ES,Combined TRACON& Tower with Radar,18,113,25,5,161,0,0,13,2,15,18,113,38,7,176,4,2,6,182
04/26/2006,GSP,SC,ASO,ES,Combined TRACON& Tower with Radar,16,122,26,6,170,0,0,4,0,4,16,122,30,6,174,8,0,8,182
04/27/2006,GSP,SC,ASO,ES,Combined TRACON& Tower with Radar,15,120,34,2,171,0,0,5,3,8,15,120,39,5,179,0,0,0,179
04/28/2006,GSP,SC,ASO,ES,Combined TRACON& Tower with Radar,13,125,25,0,163,0,0,16,6,22,13,125,41,6,185,0,0,0,185
04/29/2006,GSP,SC,ASO,ES,Combined TRACON& Tower with Radar,9,89,7,5,110,0,0,4,1,5,9,89,11,6,115,0,4,4,119
04/30/2006,GSP,SC,ASO,ES,Combined TRACON& Tower with Radar,6,99,21,2,128,0,0,0,0,0,6,99,21,2,128,6,0,6,134
05/01/2006,GSP,SC,ASO,ES,Combined TRACON& Tower with Radar,12,116,34,0,162,0,0,9,0,9,12,116,43,0,171,0,0,0,171
05/02/2006,GSP,SC,ASO,ES,Combined TRACON& Tower with Radar,16,109,38,2,165,0,0,17,1,18,16,109,55,3,183,6,26,32,215
05/03/2006,GSP,SC,ASO,ES,Combined TRACON& Tower with Radar,14,115,30,1,160,0,0,8,5,13,14,115,38,6,173,4,0,4,177
05/04/2006,GSP,SC,ASO,ES,Combined TRACON& Tower with Radar,13,115,32,4,164,0,0,14,1,15,13,115,46,5,179,0,0,0,179
05/05/2006,GSP,SC,ASO,ES,Combined TRACON& Tower with Radar,13,121,37,6,177,0,0,1,0,1,13,121,38,6,178,0,0,0,178
05/06/2006,GSP,SC,ASO,ES,Combined TRACON& Tower with Radar,9,87,12,2,110,0,0,1,0,1,9,87,13,2,111,0,0,0,111
05/07/2006,GSP,SC,ASO,ES,Combined TRACON& Tower with Radar,5,96,14,3,118,0,0,0,0,0,5,96,14,3,118,0,0,0,118
05/08/2006,GSP,SC,ASO,ES,Combined TRACON& Tower with Radar,13,115,30,0,158,0,0,7,1,8,13,115,37,1,166,0,0,0,166
05/09/2006,GSP,SC,ASO,ES,Combined TRACON& Tower with Radar,16,120,36,22,194,0,0,3,0,3,16,120,39,22,197,0,0,0,197
05/10/2006,GSP,SC,ASO,ES,Combined TRACON& Tower with Radar,12,121,30,0,163,0,0,2,0,2,12,121,32,0,165,0,0,0,165
05/11/2006,GSP,SC,ASO,ES,Combined TRACON& Tower with Radar,15,111,30,1,157,0,0,15,1,16,15,111,45,2,173,6,0,6,179
05/12/2006,GSP,SC,ASO,ES,Combined TRACON& Tower with Radar,13,114,32,0,159,0,0,13,0,13,13,114,45,0,172,0,0,0,172
05/13/2006,GSP,SC,ASO,ES,Combined TRACON& Tower with Radar,10,88,4,2,104,0,0,2,0,2,10,88,6,2,106,0,0,0,106
05/14/2006,GSP,SC,ASO,ES,Combined TRACON& Tower with Radar,6,94,16,2,118,0,0,7,0,7,6,94,23,2,125,0,0,0,125
05/15/2006,GSP,SC,ASO,ES,Combined TRACON& Tower with Radar,14,112,18,1,145,0,0,13,0,13,14,112,31,1,158,0,0,0,158
05/16/2006,GSP,SC,ASO,ES,Combined TRACON& Tower with Radar,12,114,22,2,150,0,0,11,0,11,12,114,33,2,161,8,0,8,169
05/17/2006,GSP,SC,ASO,ES,Combined TRACON& Tower with Radar,13,120,29,0,162,0,0,13,0,13,13,120,42,0,175,6,0,6,181
05/18/2006,GSP,SC,ASO,ES,Combined TRACON& Tower with Radar,16,119,28,12,175,0,0,7,16,23,16,119,35,28,198,0,14,14,212
05/19/2006,GSP,SC,ASO,ES,Combined TRACON& Tower with Radar,12,124,30,5,171,0,0,11,2,13,12,124,41,7,184,0,0,0,184
05/20/2006,GSP,SC,ASO,ES,Combined TRACON& Tower with Radar,18,84,14,1,117,0,0,4,0,4,18,84,18,1,121,0,0,0,121
05/21/2006,GSP,SC,ASO,ES,Combined TRACON& Tower with Radar,8,101,6,4,119,0,0,3,0,3,8,101,9,4,122,0,0,0,122
05/22/2006,GSP,SC,ASO,ES,Combined TRACON& Tower with Radar,11,113,22,5,151,0,0,5,2,7,11,113,27,7,158,0,0,0,158
05/23/2006,GSP,SC,ASO,ES,Combined TRACON& Tower with Radar,16,115,20,6,157,0,0,20,1,21,16,115,40,7,178,8,10,18,196
05/24/2006,GSP,SC,ASO,ES,Combined TRACON& Tower with Radar,13,120,27,7,167,0,0,10,0,10,13,120,37,7,177,0,0,0,177
05/25/2006,GSP,SC,ASO,ES,Combined TRACON& Tower with Radar,14,116,37,0,167,0,0,10,0,10,14,116,47,0,177,0,0,0,177
05/26/2006,GSP,SC,ASO,ES,Combined TRACON& Tower with Radar,15,116,23,0,154,0,0,10,0,10,15,116,33,0,164,0,0,0,164
05/27/2006,GSP,SC,ASO,ES,Combined TRACON& Tower with Radar,11,87,8,0,106,0,0,7,0,7,11,87,15,0,113,0,0,0,113
05/28/2006,GSP,SC,ASO,ES,Combined TRACON& Tower with Radar,6,82,7,0,95,0,0,4,0,4,6,82,11,0,99,10,0,10,109
05/29/2006,GSP,SC,ASO,ES,Combined TRACON& Tower with Radar,6,97,14,0,117,0,0,8,0,8,6,97,22,0,125,0,0,0,125
05/30/2006,GSP,SC,ASO,ES,Combined TRACON& Tower with Radar,11,114,19,1,145,0,0,7,1,8,11,114,26,2,153,0,0,0,153
05/31/2006,GSP,SC,ASO,ES,Combined TRACON& Tower with Radar,14,116,18,1,149,0,0,15,3,18,14,116,33,4,167,4,0,4,171
06/01/2006,GSP,SC,ASO,ES,Combined TRACON& Tower with Radar,15,112,16,12,155,0,0,12,1,13,15,112,28,13,168,0,8,8,176
06/02/2006,GSP,SC,ASO,ES,Combined TRACON& Tower with Radar,12,107,29,6,154,0,0,4,1,5,12,107,33,7,159,0,0,0,159
06/03/2006,GSP,SC,ASO,ES,Combined TRACON& Tower with Radar,9,90,23,2,124,0,0,8,2,10,9,90,31,4,134,0,0,0,134
06/04/2006,GSP,SC,ASO,ES,Combined TRACON& Tower with Radar,8,99,11,2,120,0,0,0,0,0,8,99,11,2,120,0,0,0,120
06/05/2006,GSP,SC,ASO,ES,Combined TRACON& Tower with Radar,10,119,24,8,161,0,0,7,0,7,10,119,31,8,168,0,0,0,168
06/06/2006,GSP,SC,ASO,ES,Combined TRACON& Tower with Radar,18,117,38,2,175,0,0,6,0,6,18,117,44,2,181,0,2,2,183
06/07/2006,GSP,SC,ASO,ES,Combined TRACON& Tower with Radar,15,121,26,6,168,0,0,10,2,12,15,121,36,8,180,0,20,20,200
06/08/2006,GSP,SC,ASO,ES,Combined TRACON& Tower with Radar,15,124,35,12,186,0,2,5,6,13,15,126,40,18,199,6,0,6,205
06/09/2006,GSP,SC,ASO,ES,Combined TRACON& Tower with Radar,16,115,23,6,160,0,2,10,2,14,16,117,33,8,174,0,12,12,186
06/10/2006,GSP,SC,ASO,ES,Combined TRACON& Tower with Radar,14,100,13,0,127,0,0,4,2,6,14,100,17,2,133,4,0,4,137
06/11/2006,GSP,SC,ASO,ES,Combined TRACON& Tower with Radar,7,108,27,2,144,0,0,2,0,2,7,108,29,2,146,0,0,0,146
06/12/2006,GSP,SC,ASO,ES,Combined TRACON& Tower with Radar,10,132,25,6,173,0,0,4,0,4,10,132,29,6,177,0,0,0,177
06/13/2006,GSP,SC,ASO,ES,Combined TRACON& Tower with Radar,15,129,28,2,174,0,0,3,1,4,15,129,31,3,178,0,0,0,178
06/14/2006,GSP,SC,ASO,ES,Combined TRACON& Tower with Radar,15,123,30,6,174,0,0,11,0,11,15,123,41,6,185,12,24,36,221
06/15/2006,GSP,SC,ASO,ES,Combined TRACON& Tower with Radar,13,114,33,0,160,0,1,16,0,17,13,115,49,0,177,22,0,22,199
06/16/2006,GSP,SC,ASO,ES,Combined TRACON& Tower with Radar,13,123,32,4,172,0,2,15,0,17,13,125,47,4,189,0,0,0,189
06/17/2006,GSP,SC,ASO,ES,Combined TRACON& Tower with Radar,10,90,14,0,114,0,0,18,0,18,10,90,32,0,132,4,0,4,136
06/18/2006,GSP,SC,ASO,ES,Combined TRACON& Tower with Radar,9,105,11,0,125,0,0,12,0,12,9,105,23,0,137,0,0,0,137
06/19/2006,GSP,SC,ASO,ES,Combined TRACON& Tower with Radar,10,109,21,0,140,0,0,5,0,5,10,109,26,0,145,0,0,0,145
06/20/2006,GSP,SC,ASO,ES,Combined TRACON& Tower with Radar,16,106,28,5,155,0,1,18,0,19,16,107,46,5,174,0,0,0,174
06/21/2006,GSP,SC,ASO,ES,Combined TRACON& Tower with Radar,15,124,28,0,167,0,0,13,0,13,15,124,41,0,180,4,0,4,184
06/22/2006,GSP,SC,ASO,ES,Combined TRACON& Tower with Radar,22,110,28,5,165,0,0,7,5,12,22,110,35,10,177,0,10,10,187
06/23/2006,GSP,SC,ASO,ES,Combined TRACON& Tower with Radar,16,114,22,2,154,0,1,6,0,7,16,115,28,2,161,0,0,0,161
06/24/2006,GSP,SC,ASO,ES,Combined TRACON& Tower with Radar,11,98,6,0,115,0,0,2,0,2,11,98,8,0,117,0,0,0,117
06/25/2006,GSP,SC,ASO,ES,Combined TRACON& Tower with Radar,10,102,25,3,140,0,0,3,0,3,10,102,28,3,143,0,0,0,143
06/26/2006,GSP,SC,ASO,ES,Combined TRACON& Tower with Radar,11,104,14,0,129,0,0,0,0,0,11,104,14,0,129,0,0,0,129
06/27/2006,GSP,SC,ASO,ES,Combined TRACON& Tower with Radar,12,120,30,2,164,0,0,4,0,4,12,120,34,2,168,0,0,0,168
06/28/2006,GSP,SC,ASO,ES,Combined TRACON& Tower with Radar,20,113,26,9,168,0,0,18,6,24,20,113,44,15,192,4,0,4,196
06/29/2006,GSP,SC,ASO,ES,Combined TRACON& Tower with Radar,15,125,37,0,177,0,0,15,0,15,15,125,52,0,192,6,0,6,198
06/30/2006,GSP,SC,ASO,ES,Combined TRACON& Tower with Radar,16,130,17,0,163,0,0,21,1,22,16,130,38,1,185,2,0,2,187
07/01/2006,GSP,SC,ASO,ES,Combined TRACON& Tower with Radar,10,97,8,0,115,0,0,17,3,20,10,97,25,3,135,0,0,0,135
07/02/2006,GSP,SC,ASO,ES,Combined TRACON& Tower with Radar,10,106,10,0,126,0,0,4,0,4,10,106,14,0,130,0,0,0,130
07/03/2006,GSP,SC,ASO,ES,Combined TRACON& Tower with Radar,12,102,17,0,131,0,0,5,0,5,12,102,22,0,136,0,0,0,136
07/04/2006,GSP,SC,ASO,ES,Combined TRACON& Tower with Radar,13,102,11,0,126,0,0,2,0,2,13,102,13,0,128,0,0,0,128
07/05/2006,GSP,SC,ASO,ES,Combined TRACON& Tower with Radar,13,114,22,2,151,0,0,3,2,5,13,114,25,4,156,10,0,10,166
07/06/2006,GSP,SC,ASO,ES,Combined TRACON& Tower with Radar,14,118,17,2,151,0,0,3,0,3,14,118,20,2,154,0,0,0,154
07/07/2006,GSP,SC,ASO,ES,Combined TRACON& Tower with Radar,12,121,18,4,155,0,0,15,0,15,12,121,33,4,170,4,0,4,174
07/08/2006,GSP,SC,ASO,ES,Combined TRACON& Tower with Radar,12,109,13,2,136,0,0,4,0,4,12,109,17,2,140,0,0,0,140
07/09/2006,GSP,SC,ASO,ES,Combined TRACON& Tower with Radar,8,111,14,7,140,0,0,10,0,10,8,111,24,7,150,0,0,0,150
07/10/2006,GSP,SC,ASO,ES,Combined TRACON& Tower with Radar,12,111,25,0,148,0,3,3,0,6,12,114,28,0,154,0,0,0,154
07/11/2006,GSP,SC,ASO,ES,Combined TRACON& Tower with Radar,16,118,26,0,160,0,0,5,0,5,16,118,31,0,165,0,0,0,165
07/12/2006,GSP,SC,ASO,ES,Combined TRACON& Tower with Radar,14,123,43,5,185,0,0,9,1,10,14,123,52,6,195,0,0,0,195
07/13/2006,GSP,SC,ASO,ES,Combined TRACON& Tower with Radar,18,112,33,0,163,0,0,7,0,7,18,112,40,0,170,0,0,0,170
07/14/2006,GSP,SC,ASO,ES,Combined TRACON& Tower with Radar,13,120,25,6,164,0,0,8,0,8,13,120,33,6,172,0,8,8,180
07/15/2006,GSP,SC,ASO,ES,Combined TRACON& Tower with Radar,15,98,13,7,133,0,0,8,4,12,15,98,21,11,145,0,0,0,145
07/16/2006,GSP,SC,ASO,ES,Combined TRACON& Tower with Radar,8,109,14,5,136,0,0,11,1,12,8,109,25,6,148,0,0,0,148
07/17/2006,GSP,SC,ASO,ES,Combined TRACON& Tower with Radar,11,112,22,0,145,0,0,12,1,13,11,112,34,1,158,0,0,0,158
07/18/2006,GSP,SC,ASO,ES,Combined TRACON& Tower with Radar,13,118,29,7,167,0,0,11,0,11,13,118,40,7,178,0,12,12,190
07/19/2006,GSP,SC,ASO,ES,Combined TRACON& Tower with Radar,17,116,30,6,169,0,0,18,2,20,17,116,48,8,189,0,20,20,209
07/20/2006,GSP,SC,ASO,ES,Combined TRACON& Tower with Radar,18,115,26,2,161,0,0,6,0,6,18,115,32,2,167,0,0,0,167
07/21/2006,GSP,SC,ASO,ES,Combined TRACON& Tower with Radar,15,127,31,2,175,0,0,6,0,6,15,127,37,2,181,0,0,0,181
07/22/2006,GSP,SC,ASO,ES,Combined TRACON& Tower with Radar,10,87,5,0,102,0,0,3,0,3,10,87,8,0,105,0,0,0,105
07/23/2006,GSP,SC,ASO,ES,Combined TRACON& Tower with Radar,9,109,5,0,123,118,0,87,0,205,127,109,92,0,328,127,0,127,455
07/24/2006,GSP,SC,ASO,ES,Combined TRACON& Tower with Radar,7,114,25,4,150,0,0,0,0,0,7,114,25,4,150,0,0,0,150
07/25/2006,GSP,SC,ASO,ES,Combined TRACON& Tower with Radar,15,121,32,2,170,0,0,3,0,3,15,121,35,2,173,0,8,8,181
07/26/2006,GSP,SC,ASO,ES,Combined TRACON& Tower with Radar,12,129,29,4,174,0,0,12,0,12,12,129,41,4,186,0,28,28,214
07/27/2006,GSP,SC,ASO,ES,Combined TRACON& Tower with Radar,14,106,29,0,149,0,0,9,0,9,14,106,38,0,158,0,0,0,158
07/28/2006,GSP,SC,ASO,ES,Combined TRACON& Tower with Radar,16,112,19,2,149,0,0,10,1,11,16,112,29,3,160,0,12,12,172
07/29/2006,GSP,SC,ASO,ES,Combined TRACON& Tower with Radar,10,102,6,1,119,0,0,7,0,7,10,102,13,1,126,0,0,0,126
07/30/2006,GSP,SC,ASO,ES,Combined TRACON& Tower with Radar,8,104,20,0,132,0,0,5,0,5,8,104,25,0,137,0,0,0,137
07/31/2006,GSP,SC,ASO,ES,Combined TRACON& Tower with Radar,11,109,26,0,146,0,0,23,0,23,11,109,49,0,169,0,0,0,169
08/01/2006,GSP,SC,ASO,ES,Combined TRACON& Tower with Radar,17,120,18,0,155,0,0,9,0,9,17,120,27,0,164,8,0,8,172
08/02/2006,GSP,SC,ASO,ES,Combined TRACON& Tower with Radar,16,127,29,10,182,0,0,9,1,10,16,127,38,11,192,0,12,12,204
08/03/2006,GSP,SC,ASO,ES,Combined TRACON& Tower with Radar,14,121,31,4,170,0,0,3,0,3,14,121,34,4,173,0,18,18,191
08/04/2006,GSP,SC,ASO,ES,Combined TRACON& Tower with Radar,11,121,28,9,169,0,0,10,0,10,11,121,38,9,179,2,18,20,199
08/05/2006,GSP,SC,ASO,ES,Combined TRACON& Tower with Radar,11,90,19,0,120,0,0,5,0,5,11,90,24,0,125,0,0,0,125
08/06/2006,GSP,SC,ASO,ES,Combined TRACON& Tower with Radar,11,108,8,2,129,0,0,0,0,0,11,108,8,2,129,4,0,4,133
08/07/2006,GSP,SC,ASO,ES,Combined TRACON& Tower with Radar,10,116,26,0,152,0,0,2,0,2,10,116,28,0,154,0,0,0,154
08/08/2006,GSP,SC,ASO,ES,Combined TRACON& Tower with Radar,16,123,29,2,170,0,0,8,0,8,16,123,37,2,178,0,10,10,188
08/09/2006,GSP,SC,ASO,ES,Combined TRACON& Tower with Radar,21,126,25,1,173,0,0,11,0,11,21,126,36,1,184,0,0,0,184
08/10/2006,GSP,SC,ASO,ES,Combined TRACON& Tower with Radar,30,135,27,22,214,0,0,5,0,5,30,135,32,22,219,2,16,18,237
08/11/2006,GSP,SC,ASO,ES,Combined TRACON& Tower with Radar,11,120,25,4,160,0,0,7,0,7,11,120,32,4,167,0,0,0,167
08/12/2006,GSP,SC,ASO,ES,Combined TRACON& Tower with Radar,12,101,5,2,120,0,0,2,0,2,12,101,7,2,122,0,0,0,122
08/13/2006,GSP,SC,ASO,ES,Combined TRACON& Tower with Radar,8,108,13,2,131,0,0,11,0,11,8,108,24,2,142,0,0,0,142
08/14/2006,GSP,SC,ASO,ES,Combined TRACON& Tower with Radar,10,115,31,0,156,0,0,12,0,12,10,115,43,0,168,0,0,0,168
08/15/2006,GSP,SC,ASO,ES,Combined TRACON& Tower with Radar,15,119,34,4,172,0,0,16,2,18,15,119,50,6,190,0,0,0,190
08/16/2006,GSP,SC,ASO,ES,Combined TRACON& Tower with Radar,16,135,21,0,172,0,0,2,0,2,16,135,23,0,174,0,0,0,174
08/17/2006,GSP,SC,ASO,ES,Combined TRACON& Tower with Radar,10,132,21,0,163,0,0,10,0,10,10,132,31,0,173,0,0,0,173
08/18/2006,GSP,SC,ASO,ES,Combined TRACON& Tower with Radar,10,143,22,6,181,0,0,20,1,21,10,143,42,7,202,36,0,36,238
08/19/2006,GSP,SC,ASO,ES,Combined TRACON& Tower with Radar,12,96,11,3,122,0,0,8,0,8,12,96,19,3,130,0,2,2,132
08/20/2006,GSP,SC,ASO,ES,Combined TRACON& Tower with Radar,7,109,11,7,134,0,0,0,0,0,7,109,11,7,134,0,0,0,134
08/21/2006,GSP,SC,ASO,ES,Combined TRACON& Tower with Radar,9,115,32,0,156,0,0,6,2,8,9,115,38,2,164,0,0,0,164
08/22/2006,GSP,SC,ASO,ES,Combined TRACON& Tower with Radar,18,122,31,0,171,0,0,3,1,4,18,122,34,1,175,0,0,0,175
08/23/2006,GSP,SC,ASO,ES,Combined TRACON& Tower with Radar,16,122,33,9,180,0,0,11,0,11,16,122,44,9,191,10,0,10,201
08/24/2006,GSP,SC,ASO,ES,Combined TRACON& Tower with Radar,18,117,37,19,191,0,0,15,4,19,18,117,52,23,210,0,0,0,210
08/25/2006,GSP,SC,ASO,ES,Combined TRACON& Tower with Radar,11,126,16,2,155,0,0,18,0,18,11,126,34,2,173,0,0,0,173
08/26/2006,GSP,SC,ASO,ES,Combined TRACON& Tower with Radar,11,93,12,3,119,0,0,3,5,8,11,93,15,8,127,0,4,4,131
08/27/2006,GSP,SC,ASO,ES,Combined TRACON& Tower with Radar,10,103,14,12,139,0,0,0,2,2,10,103,14,14,141,0,0,0,141
08/28/2006,GSP,SC,ASO,ES,Combined TRACON& Tower with Radar,10,113,31,1,155,0,0,12,1,13,10,113,43,2,168,0,14,14,182
08/29/2006,GSP,SC,ASO,ES,Combined TRACON& Tower with Radar,16,123,25,18,182,0,0,4,3,7,16,123,29,21,189,0,18,18,207
08/30/2006,GSP,SC,ASO,ES,Combined TRACON& Tower with Radar,15,118,41,9,183,0,0,1,0,1,15,118,42,9,184,0,0,0,184
08/31/2006,GSP,SC,ASO,ES,Combined TRACON& Tower with Radar,15,120,21,0,156,0,0,2,0,2,15,120,23,0,158,0,0,0,158
09/01/2006,GSP,SC,ASO,ES,Combined TRACON& Tower with Radar,13,109,31,27,180,0,0,1,0,1,13,109,32,27,181,0,0,0,181
09/02/2006,GSP,SC,ASO,ES,Combined TRACON& Tower with Radar,11,93,14,2,120,0,0,7,0,7,11,93,21,2,127,8,0,8,135
09/03/2006,GSP,SC,ASO,ES,Combined TRACON& Tower with Radar,9,97,5,1,112,0,0,7,0,7,9,97,12,1,119,0,0,0,119
09/04/2006,GSP,SC,ASO,ES,Combined TRACON& Tower with Radar,4,106,20,0,130,0,0,0,0,0,4,106,20,0,130,0,0,0,130
09/05/2006,GSP,SC,ASO,ES,Combined TRACON& Tower with Radar,12,127,28,0,167,0,0,2,0,2,12,127,30,0,169,0,0,0,169
09/06/2006,GSP,SC,ASO,ES,Combined TRACON& Tower with Radar,15,117,34,2,168,0,0,8,5,13,15,117,42,7,181,0,0,0,181
09/07/2006,GSP,SC,ASO,ES,Combined TRACON& Tower with Radar,14,123,23,2,162,0,0,9,0,9,14,123,32,2,171,0,0,0,171
09/08/2006,GSP,SC,ASO,ES,Combined TRACON& Tower with Radar,11,130,24,5,170,0,0,10,1,11,11,130,34,6,181,0,0,0,181
09/09/2006,GSP,SC,ASO,ES,Combined TRACON& Tower with Radar,7,99,7,3,116,0,0,1,3,4,7,99,8,6,120,0,4,4,124
09/10/2006,GSP,SC,ASO,ES,Combined TRACON& Tower with Radar,7,112,17,3,139,0,0,0,0,0,7,112,17,3,139,6,6,12,151
09/11/2006,GSP,SC,ASO,ES,Combined TRACON& Tower with Radar,6,117,32,0,155,0,0,0,0,0,6,117,32,0,155,0,0,0,155
09/12/2006,GSP,SC,ASO,ES,Combined TRACON& Tower with Radar,10,120,46,5,181,0,0,5,2,7,10,120,51,7,188,0,0,0,188
09/13/2006,GSP,SC,ASO,ES,Combined TRACON& Tower with Radar,13,121,23,0,157,0,0,0,0,0,13,121,23,0,157,0,0,0,157
09/14/2006,GSP,SC,ASO,ES,Combined TRACON& Tower with Radar,13,121,40,24,198,0,0,17,5,22,13,121,57,29,220,0,10,10,230
09/15/2006,GSP,SC,ASO,ES,Combined TRACON& Tower with Radar,15,123,20,2,160,0,0,20,1,21,15,123,40,3,181,0,0,0,181
09/16/2006,GSP,SC,ASO,ES,Combined TRACON& Tower with Radar,10,86,13,2,111,0,0,8,1,9,10,86,21,3,120,0,0,0,120
09/17/2006,GSP,SC,ASO,ES,Combined TRACON& Tower with Radar,8,101,10,5,124,0,0,12,1,13,8,101,22,6,137,0,0,0,137
09/18/2006,GSP,SC,ASO,ES,Combined TRACON& Tower with Radar,10,118,32,6,166,0,0,12,1,13,10,118,44,7,179,0,0,0,179
09/19/2006,GSP,SC,ASO,ES,Combined TRACON& Tower with Radar,17,126,19,9,171,0,0,4,0,4,17,126,23,9,175,0,0,0,175
09/20/2006,GSP,SC,ASO,ES,Combined TRACON& Tower with Radar,13,124,27,10,174,0,0,10,2,12,13,124,37,12,186,0,0,0,186
09/21/2006,GSP,SC,ASO,ES,Combined TRACON& Tower with Radar,14,138,25,0,177,0,0,16,0,16,14,138,41,0,193,6,0,6,199
09/22/2006,GSP,SC,ASO,ES,Combined TRACON& Tower with Radar,10,121,30,2,163,0,0,9,6,15,10,121,39,8,178,14,0,14,192
09/23/2006,GSP,SC,ASO,ES,Combined TRACON& Tower with Radar,9,90,11,1,111,0,0,5,4,9,9,90,16,5,120,0,0,0,120
09/24/2006,GSP,SC,ASO,ES,Combined TRACON& Tower with Radar,7,108,19,0,134,0,0,0,0,0,7,108,19,0,134,0,0,0,134
09/25/2006,GSP,SC,ASO,ES,Combined TRACON& Tower with Radar,8,110,24,0,142,0,0,17,0,17,8,110,41,0,159,10,0,10,169
09/26/2006,GSP,SC,ASO,ES,Combined TRACON& Tower with Radar,12,130,22,8,172,1,3,11,0,15,13,133,33,8,187,0,4,4,191
09/27/2006,GSP,SC,ASO,ES,Combined TRACON& Tower with Radar,11,124,22,2,159,0,0,12,2,14,11,124,34,4,173,8,4,12,185
09/28/2006,GSP,SC,ASO,ES,Combined TRACON& Tower with Radar,14,118,21,0,153,0,0,7,0,7,14,118,28,0,160,0,0,0,160
09/29/2006,GSP,SC,ASO,ES,Combined TRACON& Tower with Radar,14,115,35,4,168,0,0,14,0,14,14,115,49,4,182,0,0,0,182
09/30/2006,GSP,SC,ASO,ES,Combined TRACON& Tower with Radar,8,89,15,0,112,0,0,12,0,12,8,89,27,0,124,0,0,0,124
10/01/2006,GSP,SC,ASO,ES,Combined TRACON& Tower with Radar,7,98,23,0,128,0,0,14,0,14,7,98,37,0,142,0,0,0,142
10/02/2006,GSP,SC,ASO,ES,Combined TRACON& Tower with Radar,10,115,23,3,151,0,0,10,8,18,10,115,33,11,169,0,0,0,169
10/03/2006,GSP,SC,ASO,ES,Combined TRACON& Tower with Radar,19,109,59,1,188,0,0,30,3,33,19,109,89,4,221,0,0,0,221
10/04/2006,GSP,SC,ASO,ES,Combined TRACON& Tower with Radar,12,119,57,4,192,0,0,14,0,14,12,119,71,4,206,0,0,0,206
10/05/2006,GSP,SC,ASO,ES,Combined TRACON& Tower with Radar,20,123,32,3,178,0,1,9,1,11,20,124,41,4,189,0,46,46,235
10/06/2006,GSP,SC,ASO,ES,Combined TRACON& Tower with Radar,11,115,33,6,165,0,0,7,2,9,11,115,40,8,174,0,0,0,174
10/07/2006,GSP,SC,ASO,ES,Combined TRACON& Tower with Radar,10,92,8,1,111,0,0,6,2,8,10,92,14,3,119,0,0,0,119
10/08/2006,GSP,SC,ASO,ES,Combined TRACON& Tower with Radar,8,102,18,4,132,0,0,0,0,0,8,102,18,4,132,0,0,0,132
10/09/2006,GSP,SC,ASO,ES,Combined TRACON& Tower with Radar,12,115,17,3,147,0,0,6,3,9,12,115,23,6,156,0,0,0,156
10/10/2006,GSP,SC,ASO,ES,Combined TRACON& Tower with Radar,13,117,45,2,177,0,0,16,0,16,13,117,61,2,193,18,4,22,215
10/11/2006,GSP,SC,ASO,ES,Combined TRACON& Tower with Radar,20,123,36,17,196,0,1,6,0,7,20,124,42,17,203,0,20,20,223
10/12/2006,GSP,SC,ASO,ES,Combined TRACON& Tower with Radar,18,118,23,4,163,0,0,16,3,19,18,118,39,7,182,4,0,4,186
10/13/2006,GSP,SC,ASO,ES,Combined TRACON& Tower with Radar,14,117,23,12,166,0,0,16,2,18,14,117,39,14,184,2,0,2,186
10/14/2006,GSP,SC,ASO,ES,Combined TRACON& Tower with Radar,12,89,18,5,124,0,0,6,0,6,12,89,24,5,130,0,0,0,130
10/15/2006,GSP,SC,ASO,ES,Combined TRACON& Tower with Radar,8,109,13,5,135,0,0,8,1,9,8,109,21,6,144,0,0,0,144
10/16/2006,GSP,SC,ASO,ES,Combined TRACON& Tower with Radar,11,120,34,2,167,0,0,3,2,5,11,120,37,4,172,0,24,24,196
10/17/2006,GSP,SC,ASO,ES,Combined TRACON& Tower with Radar,16,117,32,0,165,0,0,0,0,0,16,117,32,0,165,0,0,0,165
10/18/2006,GSP,SC,ASO,ES,Combined TRACON& Tower with Radar,23,115,21,0,159,0,0,7,1,8,23,115,28,1,167,0,0,0,167
10/19/2006,GSP,SC,ASO,ES,Combined TRACON& Tower with Radar,16,119,31,0,166,0,0,1,0,1,16,119,32,0,167,0,0,0,167
10/20/2006,GSP,SC,ASO,ES,Combined TRACON& Tower with Radar,17,120,34,6,177,0,0,8,2,10,17,120,42,8,187,6,0,6,193
10/21/2006,GSP,SC,ASO,ES,Combined TRACON& Tower with Radar,10,95,12,1,118,0,0,6,1,7,10,95,18,2,125,0,0,0,125
10/22/2006,GSP,SC,ASO,ES,Combined TRACON& Tower with Radar,11,106,17,3,137,0,0,3,0,3,11,106,20,3,140,0,0,0,140
10/23/2006,GSP,SC,ASO,ES,Combined TRACON& Tower with Radar,14,118,39,2,173,0,0,13,0,13,14,118,52,2,186,0,0,0,186
10/24/2006,GSP,SC,ASO,ES,Combined TRACON& Tower with Radar,12,132,34,1,179,0,0,8,0,8,12,132,42,1,187,12,0,12,199
10/25/2006,GSP,SC,ASO,ES,Combined TRACON& Tower with Radar,19,123,33,6,181,0,0,10,1,11,19,123,43,7,192,4,12,16,208
10/26/2006,GSP,SC,ASO,ES,Combined TRACON& Tower with Radar,15,118,23,3,159,0,0,5,5,10,15,118,28,8,169,0,0,0,169
10/27/2006,GSP,SC,ASO,ES,Combined TRACON& Tower with Radar,12,129,30,0,171,0,0,0,0,0,12,129,30,0,171,0,0,0,171
10/28/2006,GSP,SC,ASO,ES,Combined TRACON& Tower with Radar,8,96,13,3,120,0,0,0,0,0,8,96,13,3,120,0,0,0,120
10/29/2006,GSP,SC,ASO,ES,Combined TRACON& Tower with Radar,9,106,15,0,130,0,0,9,0,9,9,106,24,0,139,0,0,0,139
10/30/2006,GSP,SC,ASO,ES,Combined TRACON& Tower with Radar,9,118,30,0,157,0,0,15,0,15,9,118,45,0,172,0,0,0,172
10/31/2006,GSP,SC,ASO,ES,Combined TRACON& Tower with Radar,10,126,16,0,152,0,0,8,0,8,10,126,24,0,160,12,0,12,172
11/01/2006,GSP,SC,ASO,ES,Combined TRACON& Tower with Radar,15,124,30,2,171,0,0,12,2,14,15,124,42,4,185,0,0,0,185
11/02/2006,GSP,SC,ASO,ES,Combined TRACON& Tower with Radar,14,127,28,0,169,0,0,8,4,12,14,127,36,4,181,0,0,0,181
11/03/2006,GSP,SC,ASO,ES,Combined TRACON& Tower with Radar,16,122,37,14,189,0,0,15,0,15,16,122,52,14,204,10,0,10,214
11/04/2006,GSP,SC,ASO,ES,Combined TRACON& Tower with Radar,11,93,9,1,114,0,0,9,0,9,11,93,18,1,123,0,0,0,123
11/05/2006,GSP,SC,ASO,ES,Combined TRACON& Tower with Radar,6,109,19,3,137,0,0,10,0,10,6,109,29,3,147,0,0,0,147
11/06/2006,GSP,SC,ASO,ES,Combined TRACON& Tower with Radar,10,120,34,2,166,0,0,13,0,13,10,120,47,2,179,0,0,0,179
11/07/2006,GSP,SC,ASO,ES,Combined TRACON& Tower with Radar,12,121,39,0,172,0,0,0,0,0,12,121,39,0,172,0,0,0,172
11/08/2006,GSP,SC,ASO,ES,Combined TRACON& Tower with Radar,19,129,38,7,193,0,0,7,3,10,19,129,45,10,203,0,0,0,203
11/09/2006,GSP,SC,ASO,ES,Combined TRACON& Tower with Radar,25,113,31,5,174,0,0,23,0,23,25,113,54,5,197,0,0,0,197
11/10/2006,GSP,SC,ASO,ES,Combined TRACON& Tower with Radar,15,126,32,2,175,0,0,17,0,17,15,126,49,2,192,10,0,10,202
11/11/2006,GSP,SC,ASO,ES,Combined TRACON& Tower with Radar,21,98,12,1,132,0,0,7,0,7,21,98,19,1,139,0,0,0,139
11/12/2006,GSP,SC,ASO,ES,Combined TRACON& Tower with Radar,7,108,8,4,127,0,0,8,0,8,7,108,16,4,135,4,0,4,139
11/13/2006,GSP,SC,ASO,ES,Combined TRACON& Tower with Radar,13,118,23,8,162,0,0,4,0,4,13,118,27,8,166,0,0,0,166
11/14/2006,GSP,SC,ASO,ES,Combined TRACON& Tower with Radar,25,117,44,1,187,0,0,17,1,18,25,117,61,2,205,0,0,0,205
11/15/2006,GSP,SC,ASO,ES,Combined TRACON& Tower with Radar,22,119,43,6,190,0,0,0,2,2,22,119,43,8,192,0,0,0,192
11/16/2006,GSP,SC,ASO,ES,Combined TRACON& Tower with Radar,28,125,32,6,191,0,1,6,1,8,28,126,38,7,199,0,4,4,203
11/17/2006,GSP,SC,ASO,ES,Combined TRACON& Tower with Radar,18,123,33,16,190,0,1,8,2,11,18,124,41,18,201,0,0,0,201
11/18/2006,GSP,SC,ASO,ES,Combined TRACON& Tower with Radar,12,86,23,2,123,0,0,13,1,14,12,86,36,3,137,4,0,4,141
11/19/2006,GSP,SC,ASO,ES,Combined TRACON& Tower with Radar,12,107,9,5,133,0,0,8,5,13,12,107,17,10,146,0,0,0,146
11/20/2006,GSP,SC,ASO,ES,Combined TRACON& Tower with Radar,11,110,27,1,149,0,0,4,0,4,11,110,31,1,153,0,0,0,153
11/21/2006,GSP,SC,ASO,ES,Combined TRACON& Tower with Radar,17,130,46,5,198,0,0,14,4,18,17,130,60,9,216,0,4,4,220
11/22/2006,GSP,SC,ASO,ES,Combined TRACON& Tower with Radar,22,115,30,0,167,0,0,6,0,6,22,115,36,0,173,8,0,8,181
11/23/2006,GSP,SC,ASO,ES,Combined TRACON& Tower with Radar,6,86,7,0,99,0,1,6,0,7,6,87,13,0,106,0,0,0,106
11/24/2006,GSP,SC,ASO,ES,Combined TRACON& Tower with Radar,11,92,15,0,118,0,0,20,0,20,11,92,35,0,138,0,0,0,138
11/25/2006,GSP,SC,ASO,ES,Combined TRACON& Tower with Radar,14,107,5,0,126,0,0,7,0,7,14,107,12,0,133,0,0,0,133
11/26/2006,GSP,SC,ASO,ES,Combined TRACON& Tower with Radar,11,117,37,0,165,0,0,10,0,10,11,117,47,0,175,0,0,0,175
11/27/2006,GSP,SC,ASO,ES,Combined TRACON& Tower with Radar,11,124,22,5,162,0,0,8,0,8,11,124,30,5,170,0,0,0,170
11/28/2006,GSP,SC,ASO,ES,Combined TRACON& Tower with Radar,18,124,43,9,194,0,1,10,2,13,18,125,53,11,207,12,12,24,231
11/29/2006,GSP,SC,ASO,ES,Combined TRACON& Tower with Radar,16,127,32,6,181,0,0,9,0,9,16,127,41,6,190,0,0,0,190
11/30/2006,GSP,SC,ASO,ES,Combined TRACON& Tower with Radar,23,122,37,1,183,0,1,0,0,1,23,123,37,1,184,0,0,0,184
12/01/2006,GSP,SC,ASO,ES,Combined TRACON& Tower with Radar,22,111,27,2,162,0,0,3,0,3,22,111,30,2,165,0,0,0,165
12/02/2006,GSP,SC,ASO,ES,Combined TRACON& Tower with Radar,14,95,16,3,128,0,0,10,4,14,14,95,26,7,142,0,0,0,142
12/03/2006,GSP,SC,ASO,ES,Combined TRACON& Tower with Radar,10,105,12,2,129,0,2,10,0,12,10,107,22,2,141,0,0,0,141
12/04/2006,GSP,SC,ASO,ES,Combined TRACON& Tower with Radar,13,116,36,5,170,0,0,10,1,11,13,116,46,6,181,0,0,0,181
12/05/2006,GSP,SC,ASO,ES,Combined TRACON& Tower with Radar,31,119,28,0,178,0,0,20,3,23,31,119,48,3,201,0,0,0,201
12/06/2006,GSP,SC,ASO,ES,Combined TRACON& Tower with Radar,23,117,22,3,165,0,0,21,1,22,23,117,43,4,187,6,0,6,193
12/07/2006,GSP,SC,ASO,ES,Combined TRACON& Tower with Radar,26,117,31,0,174,0,0,10,0,10,26,117,41,0,184,2,0,2,186
12/08/2006,GSP,SC,ASO,ES,Combined TRACON& Tower with Radar,15,121,29,2,167,0,0,16,0,16,15,121,45,2,183,10,0,10,193
12/09/2006,GSP,SC,ASO,ES,Combined TRACON& Tower with Radar,18,88,10,2,118,0,0,11,2,13,18,88,21,4,131,3,0,3,134
12/10/2006,GSP,SC,ASO,ES,Combined TRACON& Tower with Radar,14,104,18,2,138,0,0,5,0,5,14,104,23,2,143,2,0,2,145
12/11/2006,GSP,SC,ASO,ES,Combined TRACON& Tower with Radar,10,126,34,0,170,0,0,20,0,20,10,126,54,0,190,0,0,0,190
12/12/2006,GSP,SC,ASO,ES,Combined TRACON& Tower with Radar,20,116,32,0,168,0,0,14,0,14,20,116,46,0,182,0,0,0,182
12/13/2006,GSP,SC,ASO,ES,Combined TRACON& Tower with Radar,20,120,43,4,187,0,0,10,0,10,20,120,53,4,197,0,0,0,197
12/14/2006,GSP,SC,ASO,ES,Combined TRACON& Tower with Radar,23,111,57,0,191,0,0,16,1,17,23,111,73,1,208,8,0,8,216
12/15/2006,GSP,SC,ASO,ES,Combined TRACON& Tower with Radar,19,124,33,0,176,0,0,16,0,16,19,124,49,0,192,0,0,0,192
12/16/2006,GSP,SC,ASO,ES,Combined TRACON& Tower with Radar,9,99,15,0,123,0,0,7,0,7,9,99,22,0,130,0,0,0,130
12/17/2006,GSP,SC,ASO,ES,Combined TRACON& Tower with Radar,9,103,14,2,128,0,0,6,0,6,9,103,20,2,134,0,0,0,134
12/18/2006,GSP,SC,ASO,ES,Combined TRACON& Tower with Radar,14,128,34,5,181,0,0,18,0,18,14,128,52,5,199,0,0,0,199
12/19/2006,GSP,SC,ASO,ES,Combined TRACON& Tower with Radar,19,126,29,5,179,0,0,10,0,10,19,126,39,5,189,0,6,6,195
12/20/2006,GSP,SC,ASO,ES,Combined TRACON& Tower with Radar,20,120,34,2,176,0,0,11,2,13,20,120,45,4,189,0,0,0,189
12/21/2006,GSP,SC,ASO,ES,Combined TRACON& Tower with Radar,22,134,49,10,215,0,0,1,0,1,22,134,50,10,216,0,0,0,216
12/22/2006,GSP,SC,ASO,ES,Combined TRACON& Tower with Radar,22,126,22,0,170,0,0,0,0,0,22,126,22,0,170,0,0,0,170
12/23/2006,GSP,SC,ASO,ES,Combined TRACON& Tower with Radar,19,96,14,0,129,0,3,9,0,12,19,99,23,0,141,0,0,0,141
12/24/2006,GSP,SC,ASO,ES,Combined TRACON& Tower with Radar,15,85,4,0,104,0,0,4,0,4,15,85,8,0,108,0,0,0,108
12/25/2006,GSP,SC,ASO,ES,Combined TRACON& Tower with Radar,7,93,4,0,104,0,0,0,0,0,7,93,4,0,104,0,0,0,104
12/26/2006,GSP,SC,ASO,ES,Combined TRACON& Tower with Radar,13,115,19,0,147,0,0,5,0,5,13,115,24,0,152,0,0,0,152
12/27/2006,GSP,SC,ASO,ES,Combined TRACON& Tower with Radar,16,109,15,0,140,0,0,20,0,20,16,109,35,0,160,0,0,0,160
12/28/2006,GSP,SC,ASO,ES,Combined TRACON& Tower with Radar,17,117,17,2,153,0,0,8,0,8,17,117,25,2,161,0,0,0,161
12/29/2006,GSP,SC,ASO,ES,Combined TRACON& Tower with Radar,15,112,10,1,138,0,1,12,0,13,15,113,22,1,151,0,0,0,151
12/30/2006,GSP,SC,ASO,ES,Combined TRACON& Tower with Radar,14,100,15,0,129,0,0,1,0,1,14,100,16,0,130,8,0,8,138
12/31/2006,GSP,SC,ASO,ES,Combined TRACON& Tower with Radar,15,97,11,0,123,0,0,0,0,0,15,97,11,0,123,0,0,0,123
01/01/2007,GSP,SC,ASO,ES,Combined TRACON& Tower with Radar,11,90,11,0,112,0,0,2,0,2,11,90,13,0,114,0,0,0,114
01/02/2007,GSP,SC,ASO,ES,Combined TRACON& Tower with Radar,14,123,25,0,162,0,0,15,0,15,14,123,40,0,177,6,0,6,183
01/03/2007,GSP,SC,ASO,ES,Combined TRACON& Tower with Radar,15,119,25,0,159,0,0,7,2,9,15,119,32,2,168,0,0,0,168
01/04/2007,GSP,SC,ASO,ES,Combined TRACON& Tower with Radar,14,116,31,4,165,0,0,6,0,6,14,116,37,4,171,2,0,2,173
01/05/2007,GSP,SC,ASO,ES,Combined TRACON& Tower with Radar,17,119,20,6,162,0,0,0,0,0,17,119,20,6,162,0,0,0,162
01/06/2007,GSP,SC,ASO,ES,Combined TRACON& Tower with Radar,14,95,35,4,148,0,0,12,2,14,14,95,47,6,162,0,0,0,162
01/07/2007,GSP,SC,ASO,ES,Combined TRACON& Tower with Radar,5,97,12,7,121,0,0,0,0,0,5,97,12,7,121,0,0,0,121
01/08/2007,GSP,SC,ASO,ES,Combined TRACON& Tower with Radar,14,107,34,7,162,0,0,12,0,12,14,107,46,7,174,0,0,0,174
01/09/2007,GSP,SC,ASO,ES,Combined TRACON& Tower with Radar,18,120,39,2,179,0,0,7,3,10,18,120,46,5,189,0,12,12,201
01/10/2007,GSP,SC,ASO,ES,Combined TRACON& Tower with Radar,11,121,44,5,181,0,0,20,1,21,11,121,64,6,202,0,12,12,214
01/11/2007,GSP,SC,ASO,ES,Combined TRACON& Tower with Radar,19,118,45,0,182,0,0,13,0,13,19,118,58,0,195,0,0,0,195
01/12/2007,GSP,SC,ASO,ES,Combined TRACON& Tower with Radar,12,112,28,0,152,0,0,9,0,9,12,112,37,0,161,0,0,0,161
01/13/2007,GSP,SC,ASO,ES,Combined TRACON& Tower with Radar,11,87,11,3,112,0,0,7,0,7,11,87,18,3,119,0,0,0,119
01/14/2007,GSP,SC,ASO,ES,Combined TRACON& Tower with Radar,11,88,8,5,112,0,0,5,0,5,11,88,13,5,117,0,6,6,123
01/15/2007,GSP,SC,ASO,ES,Combined TRACON& Tower with Radar,12,107,30,0,149,0,0,4,0,4,12,107,34,0,153,0,0,0,153
01/16/2007,GSP,SC,ASO,ES,Combined TRACON& Tower with Radar,17,109,32,0,158,0,0,9,0,9,17,109,41,0,167,0,0,0,167
01/17/2007,GSP,SC,ASO,ES,Combined TRACON& Tower with Radar,19,115,56,10,200,0,0,14,0,14,19,115,70,10,214,2,0,2,216
01/18/2007,GSP,SC,ASO,ES,Combined TRACON& Tower with Radar,17,93,18,0,128,0,0,0,0,0,17,93,18,0,128,0,0,0,128
01/19/2007,GSP,SC,ASO,ES,Combined TRACON& Tower with Radar,17,113,42,2,174,0,0,7,0,7,17,113,49,2,181,0,0,0,181
01/20/2007,GSP,SC,ASO,ES,Combined TRACON& Tower with Radar,9,98,17,2,126,0,0,19,0,19,9,98,36,2,145,2,0,2,147
01/21/2007,GSP,SC,ASO,ES,Combined TRACON& Tower with Radar,8,89,9,2,108,0,0,0,0,0,8,89,9,2,108,0,0,0,108
01/22/2007,GSP,SC,ASO,ES,Combined TRACON& Tower with Radar,14,116,36,5,171,0,0,1,0,1,14,116,37,5,172,0,0,0,172
01/23/2007,GSP,SC,ASO,ES,Combined TRACON& Tower with Radar,17,122,32,12,183,0,1,17,2,20,17,123,49,14,203,0,16,16,219
01/24/2007,GSP,SC,ASO,ES,Combined TRACON& Tower with Radar,18,117,29,8,172,0,0,16,5,21,18,117,45,13,193,0,6,6,199
01/25/2007,GSP,SC,ASO,ES,Combined TRACON& Tower with Radar,14,111,43,2,170,0,2,16,0,18,14,113,59,2,188,6,0,6,194
01/26/2007,GSP,SC,ASO,ES,Combined TRACON& Tower with Radar,15,111,35,2,163,0,0,11,2,13,15,111,46,4,176,2,0,2,178
01/27/2007,GSP,SC,ASO,ES,Combined TRACON& Tower with Radar,13,88,17,7,125,0,0,12,0,12,13,88,29,7,137,0,2,2,139
01/28/2007,GSP,SC,ASO,ES,Combined TRACON& Tower with Radar,11,94,19,4,128,0,2,5,0,7,11,96,24,4,135,0,0,0,135
01/29/2007,GSP,SC,ASO,ES,Combined TRACON& Tower with Radar,11,106,23,0,140,0,0,0,0,0,11,106,23,0,140,4,0,4,144
01/30/2007,GSP,SC,ASO,ES,Combined TRACON& Tower with Radar,20,109,24,0,153,0,1,15,0,16,20,110,39,0,169,0,0,0,169
01/31/2007,GSP,SC,ASO,ES,Combined TRACON& Tower with Radar,19,116,46,2,183,0,0,22,0,22,19,116,68,2,205,4,0,4,209
02/01/2007,GSP,SC,ASO,ES,Combined TRACON& Tower with Radar,19,62,22,0,103,0,0,0,0,0,19,62,22,0,103,0,0,0,103
02/02/2007,GSP,SC,ASO,ES,Combined TRACON& Tower with Radar,18,103,37,3,161,0,0,0,0,0,18,103,37,3,161,0,0,0,161
02/03/2007,GSP,SC,ASO,ES,Combined TRACON& Tower with Radar,10,90,11,2,113,0,0,5,2,7,10,90,16,4,120,0,0,0,120
02/04/2007,GSP,SC,ASO,ES,Combined TRACON& Tower with Radar,12,101,19,2,134,0,0,6,0,6,12,101,25,2,140,0,0,0,140
02/05/2007,GSP,SC,ASO,ES,Combined TRACON& Tower with Radar,13,111,25,2,151,0,0,9,0,9,13,111,34,2,160,0,0,0,160
02/06/2007,GSP,SC,ASO,ES,Combined TRACON& Tower with Radar,20,108,38,5,171,0,0,14,1,15,20,108,52,6,186,10,0,10,196
02/07/2007,GSP,SC,ASO,ES,Combined TRACON& Tower with Radar,14,116,25,5,160,0,2,10,2,14,14,118,35,7,174,2,8,10,184
02/08/2007,GSP,SC,ASO,ES,Combined TRACON& Tower with Radar,17,115,39,0,171,0,0,20,0,20,17,115,59,0,191,0,0,0,191
02/09/2007,GSP,SC,ASO,ES,Combined TRACON& Tower with Radar,27,103,30,5,165,0,0,16,0,16,27,103,46,5,181,0,0,0,181
02/10/2007,GSP,SC,ASO,ES,Combined TRACON& Tower with Radar,10,94,2,0,106,0,0,8,0,8,10,94,10,0,114,4,0,4,118
02/11/2007,GSP,SC,ASO,ES,Combined TRACON& Tower with Radar,13,98,11,5,127,0,0,4,0,4,13,98,15,5,131,0,0,0,131
02/12/2007,GSP,SC,ASO,ES,Combined TRACON& Tower with Radar,10,107,27,0,144,0,1,14,0,15,10,108,41,0,159,2,0,2,161
02/13/2007,GSP,SC,ASO,ES,Combined TRACON& Tower with Radar,22,86,28,2,138,0,0,2,0,2,22,86,30,2,140,0,0,0,140
02/14/2007,GSP,SC,ASO,ES,Combined TRACON& Tower with Radar,20,84,32,2,138,0,0,8,0,8,20,84,40,2,146,12,0,12,158
02/15/2007,GSP,SC,ASO,ES,Combined TRACON& Tower with Radar,20,104,26,3,153,0,2,12,2,16,20,106,38,5,169,0,4,4,173
02/16/2007,GSP,SC,ASO,ES,Combined TRACON& Tower with Radar,13,107,26,2,148,0,1,18,0,19,13,108,44,2,167,0,0,0,167
02/17/2007,GSP,SC,ASO,ES,Combined TRACON& Tower with Radar,8,82,7,0,97,0,0,4,0,4,8,82,11,0,101,0,0,0,101
02/18/2007,GSP,SC,ASO,ES,Combined TRACON& Tower with Radar,8,102,10,0,120,0,0,2,0,2,8,102,12,0,122,0,0,0,122
02/19/2007,GSP,SC,ASO,ES,Combined TRACON& Tower with Radar,10,113,27,0,150,0,0,20,0,20,10,113,47,0,170,6,0,6,176
02/20/2007,GSP,SC,ASO,ES,Combined TRACON& Tower with Radar,17,117,37,3,174,0,0,8,0,8,17,117,45,3,182,0,0,0,182
02/21/2007,GSP,SC,ASO,ES,Combined TRACON& Tower with Radar,14,121,31,3,169,0,0,3,0,3,14,121,34,3,172,0,22,22,194
02/22/2007,GSP,SC,ASO,ES,Combined TRACON& Tower with Radar,17,117,33,0,167,0,0,14,0,14,17,117,47,0,181,0,12,12,193
02/23/2007,GSP,SC,ASO,ES,Combined TRACON& Tower with Radar,15,121,38,0,174,0,0,17,0,17,15,121,55,0,191,0,0,0,191
02/24/2007,GSP,SC,ASO,ES,Combined TRACON& Tower with Radar,13,84,3,4,104,0,0,10,3,13,13,84,13,7,117,0,0,0,117
02/25/2007,GSP,SC,ASO,ES,Combined TRACON& Tower with Radar,10,82,16,0,108,0,0,0,0,0,10,82,16,0,108,0,0,0,108
02/26/2007,GSP,SC,ASO,ES,Combined TRACON& Tower with Radar,9,112,24,0,145,0,0,18,3,21,9,112,42,3,166,0,0,0,166
02/27/2007,GSP,SC,ASO,ES,Combined TRACON& Tower with Radar,19,114,37,8,178,0,0,13,0,13,19,114,50,8,191,0,8,8,199
02/28/2007,GSP,SC,ASO,ES,Combined TRACON& Tower with Radar,16,113,44,0,173,0,0,22,0,22,16,113,66,0,195,0,0,0,195
03/01/2007,GSP,SC,ASO,ES,Combined TRACON& Tower with Radar,16,120,28,0,164,0,0,0,0,0,16,120,28,0,164,0,0,0,164
03/02/2007,GSP,SC,ASO,ES,Combined TRACON& Tower with Radar,14,117,24,2,157,0,0,7,2,9,14,117,31,4,166,0,0,0,166
03/03/2007,GSP,SC,ASO,ES,Combined TRACON& Tower with Radar,12,93,21,3,129,0,0,8,0,8,12,93,29,3,137,0,0,0,137
03/04/2007,GSP,SC,ASO,ES,Combined TRACON& Tower with Radar,7,100,13,1,121,0,0,7,0,7,7,100,20,1,128,0,0,0,128
03/05/2007,GSP,SC,ASO,ES,Combined TRACON& Tower with Radar,9,113,29,0,151,0,0,10,8,18,9,113,39,8,169,0,0,0,169
03/06/2007,GSP,SC,ASO,ES,Combined TRACON& Tower with Radar,14,133,24,0,171,0,0,24,2,26,14,133,48,2,197,0,0,0,197
03/07/2007,GSP,SC,ASO,ES,Combined TRACON& Tower with Radar,14,116,28,3,161,0,0,11,5,16,14,116,39,8,177,0,0,0,177
03/08/2007,GSP,SC,ASO,ES,Combined TRACON& Tower with Radar,21,121,32,5,179,0,1,11,0,12,21,122,43,5,191,0,0,0,191
03/09/2007,GSP,SC,ASO,ES,Combined TRACON& Tower with Radar,14,125,46,0,185,0,1,18,0,19,14,126,64,0,204,0,0,0,204
03/10/2007,GSP,SC,ASO,ES,Combined TRACON& Tower with Radar,16,85,10,0,111,0,0,5,0,5,16,85,15,0,116,6,0,6,122
03/11/2007,GSP,SC,ASO,ES,Combined TRACON& Tower with Radar,12,100,12,7,131,0,0,5,3,8,12,100,17,10,139,0,8,8,147
03/12/2007,GSP,SC,ASO,ES,Combined TRACON& Tower with Radar,11,115,31,3,160,0,0,18,0,18,11,115,49,3,178,4,0,4,182
03/13/2007,GSP,SC,ASO,ES,Combined TRACON& Tower with Radar,15,126,37,2,180,0,1,18,0,19,15,127,55,2,199,10,0,10,209
03/14/2007,GSP,SC,ASO,ES,Combined TRACON& Tower with Radar,16,126,28,0,170,0,0,10,6,16,16,126,38,6,186,4,6,10,196
03/15/2007,GSP,SC,ASO,ES,Combined TRACON& Tower with Radar,23,118,32,0,173,0,0,6,0,6,23,118,38,0,179,0,0,0,179
03/16/2007,GSP,SC,ASO,ES,Combined TRACON& Tower with Radar,13,105,26,4,148,0,0,0,0,0,13,105,26,4,148,0,0,0,148
03/17/2007,GSP,SC,ASO,ES,Combined TRACON& Tower with Radar,12,80,10,0,102,0,0,10,0,10,12,80,20,0,112,0,0,0,112
03/18/2007,GSP,SC,ASO,ES,Combined TRACON& Tower with Radar,8,98,23,4,133,0,0,11,0,11,8,98,34,4,144,0,0,0,144
03/19/2007,GSP,SC,ASO,ES,Combined TRACON& Tower with Radar,9,117,34,0,160,0,0,12,0,12,9,117,46,0,172,24,0,24,196
03/20/2007,GSP,SC,ASO,ES,Combined TRACON& Tower with Radar,17,125,45,4,191,0,0,12,0,12,17,125,57,4,203,6,0,6,209
03/21/2007,GSP,SC,ASO,ES,Combined TRACON& Tower with Radar,12,119,37,0,168,0,0,11,0,11,12,119,48,0,179,0,0,0,179
03/22/2007,GSP,SC,ASO,ES,Combined TRACON& Tower with Radar,17,122,29,0,168,0,0,9,0,9,17,122,38,0,177,0,0,0,177
03/23/2007,GSP,SC,ASO,ES,Combined TRACON& Tower with Radar,9,112,45,4,170,0,0,22,4,26,9,112,67,8,196,0,4,4,200
03/24/2007,GSP,SC,ASO,ES,Combined TRACON& Tower with Radar,15,83,6,1,105,0,0,10,1,11,15,83,16,2,116,0,0,0,116
03/25/2007,GSP,SC,ASO,ES,Combined TRACON& Tower with Radar,10,103,25,0,138,0,0,0,0,0,10,103,25,0,138,10,0,10,148
03/26/2007,GSP,SC,ASO,ES,Combined TRACON& Tower with Radar,9,110,37,0,156,0,0,17,0,17,9,110,54,0,173,0,0,0,173
03/27/2007,GSP,SC,ASO,ES,Combined TRACON& Tower with Radar,16,122,35,2,175,0,0,18,2,20,16,122,53,4,195,0,0,0,195
03/28/2007,GSP,SC,ASO,ES,Combined TRACON& Tower with Radar,16,114,24,0,154,0,0,11,4,15,16,114,35,4,169,2,0,2,171
03/29/2007,GSP,SC,ASO,ES,Combined TRACON& Tower with Radar,23,125,34,9,191,0,0,0,2,2,23,125,34,11,193,0,0,0,193
03/30/2007,GSP,SC,ASO,ES,Combined TRACON& Tower with Radar,13,120,50,3,186,0,0,12,1,13,13,120,62,4,199,0,0,0,199
03/31/2007,GSP,SC,ASO,ES,Combined TRACON& Tower with Radar,16,93,16,4,129,0,0,14,2,16,16,93,30,6,145,0,0,0,145
04/01/2007,GSP,SC,ASO,ES,Combined TRACON& Tower with Radar,11,96,17,3,127,0,0,1,2,3,11,96,18,5,130,0,0,0,130
04/02/2007,GSP,SC,ASO,ES,Combined TRACON& Tower with Radar,12,113,24,4,153,0,0,15,0,15,12,113,39,4,168,0,16,16,184
04/03/2007,GSP,SC,ASO,ES,Combined TRACON& Tower with Radar,21,118,35,0,174,0,0,10,0,10,21,118,45,0,184,2,0,2,186
04/04/2007,GSP,SC,ASO,ES,Combined TRACON& Tower with Radar,14,122,19,0,155,0,0,10,0,10,14,122,29,0,165,0,0,0,165
04/05/2007,GSP,SC,ASO,ES,Combined TRACON& Tower with Radar,20,114,31,2,167,0,1,13,1,15,20,115,44,3,182,6,0,6,188
04/06/2007,GSP,SC,ASO,ES,Combined TRACON& Tower with Radar,10,117,32,0,159,0,0,13,0,13,10,117,45,0,172,2,0,2,174
04/07/2007,GSP,SC,ASO,ES,Combined TRACON& Tower with Radar,12,98,10,0,120,0,0,7,0,7,12,98,17,0,127,0,0,0,127
04/08/2007,GSP,SC,ASO,ES,Combined TRACON& Tower with Radar,9,96,15,0,120,0,0,9,2,11,9,96,24,2,131,2,0,2,133
04/09/2007,GSP,SC,ASO,ES,Combined TRACON& Tower with Radar,9,115,35,0,159,0,0,17,0,17,9,115,52,0,176,0,0,0,176
04/10/2007,GSP,SC,ASO,ES,Combined TRACON& Tower with Radar,19,121,34,0,174,0,0,16,0,16,19,121,50,0,190,0,0,0,190
04/11/2007,GSP,SC,ASO,ES,Combined TRACON& Tower with Radar,14,124,55,0,193,0,0,0,0,0,14,124,55,0,193,0,0,0,193
04/12/2007,GSP,SC,ASO,ES,Combined TRACON& Tower with Radar,20,112,40,0,172,0,0,14,0,14,20,112,54,0,186,0,0,0,186
04/13/2007,GSP,SC,ASO,ES,Combined TRACON& Tower with Radar,11,116,39,12,178,0,0,21,4,25,11,116,60,16,203,0,4,4,207
04/14/2007,GSP,SC,ASO,ES,Combined TRACON& Tower with Radar,12,99,17,0,128,0,0,17,0,17,12,99,34,0,145,12,0,12,157
04/15/2007,GSP,SC,ASO,ES,Combined TRACON& Tower with Radar,8,95,17,6,126,0,0,1,0,1,8,95,18,6,127,0,0,0,127
04/16/2007,GSP,SC,ASO,ES,Combined TRACON& Tower with Radar,12,110,24,0,146,0,0,8,1,9,12,110,32,1,155,0,0,0,155
04/17/2007,GSP,SC,ASO,ES,Combined TRACON& Tower with Radar,16,124,32,1,173,0,4,22,1,27,16,128,54,2,200,0,0,0,200
04/18/2007,GSP,SC,ASO,ES,Combined TRACON& Tower with Radar,12,118,48,1,179,0,1,9,0,10,12,119,57,1,189,0,0,0,189
04/19/2007,GSP,SC,ASO,ES,Combined TRACON& Tower with Radar,21,121,29,3,174,0,0,5,1,6,21,121,34,4,180,0,0,0,180
04/20/2007,GSP,SC,ASO,ES,Combined TRACON& Tower with Radar,20,122,17,2,161,0,0,17,1,18,20,122,34,3,179,0,0,0,179
04/21/2007,GSP,SC,ASO,ES,Combined TRACON& Tower with Radar,17,86,12,0,115,0,0,1,0,1,17,86,13,0,116,0,0,0,116
04/22/2007,GSP,SC,ASO,ES,Combined TRACON& Tower with Radar,11,107,26,4,148,0,0,15,0,15,11,107,41,4,163,6,0,6,169
04/23/2007,GSP,SC,ASO,ES,Combined TRACON& Tower with Radar,11,114,23,0,148,0,0,14,0,14,11,114,37,0,162,0,0,0,162
04/24/2007,GSP,SC,ASO,ES,Combined TRACON& Tower with Radar,16,131,38,0,185,0,0,18,0,18,16,131,56,0,203,24,0,24,227
04/25/2007,GSP,SC,ASO,ES,Combined TRACON& Tower with Radar,24,121,33,0,178,0,4,13,0,17,24,125,46,0,195,0,0,0,195
04/26/2007,GSP,SC,ASO,ES,Combined TRACON& Tower with Radar,18,112,33,1,164,0,2,17,1,20,18,114,50,2,184,4,0,4,188
04/27/2007,GSP,SC,ASO,ES,Combined TRACON& Tower with Radar,23,121,42,1,187,0,0,18,0,18,23,121,60,1,205,6,2,8,213
04/28/2007,GSP,SC,ASO,ES,Combined TRACON& Tower with Radar,14,94,17,23,148,0,0,16,1,17,14,94,33,24,165,0,0,0,165
04/29/2007,GSP,SC,ASO,ES,Combined TRACON& Tower with Radar,13,96,20,0,129,0,0,11,0,11,13,96,31,0,140,0,0,0,140
04/30/2007,GSP,SC,ASO,ES,Combined TRACON& Tower with Radar,11,108,17,4,140,0,0,25,2,27,11,108,42,6,167,0,0,0,167
05/01/2007,GSP,SC,ASO,ES,Combined TRACON& Tower with Radar,24,116,24,5,169,0,1,23,2,26,24,117,47,7,195,0,8,8,203
05/02/2007,GSP,SC,ASO,ES,Combined TRACON& Tower with Radar,12,114,37,0,163,0,0,15,1,16,12,114,52,1,179,0,22,22,201
05/03/2007,GSP,SC,ASO,ES,Combined TRACON& Tower with Radar,20,114,35,0,169,0,0,8,0,8,20,114,43,0,177,0,0,0,177
05/04/2007,GSP,SC,ASO,ES,Combined TRACON& Tower with Radar,13,120,42,4,179,0,0,0,0,0,13,120,42,4,179,0,0,0,179
05/05/2007,GSP,SC,ASO,ES,Combined TRACON& Tower with Radar,16,87,12,0,115,0,0,0,0,0,16,87,12,0,115,0,0,0,115
05/06/2007,GSP,SC,ASO,ES,Combined TRACON& Tower with Radar,9,100,12,6,127,0,0,6,2,8,9,100,18,8,135,0,0,0,135
05/07/2007,GSP,SC,ASO,ES,Combined TRACON& Tower with Radar,12,114,16,6,148,0,0,12,2,14,12,114,28,8,162,0,0,0,162
05/08/2007,GSP,SC,ASO,ES,Combined TRACON& Tower with Radar,16,120,23,12,171,0,1,18,2,21,16,121,41,14,192,0,14,14,206
05/09/2007,GSP,SC,ASO,ES,Combined TRACON& Tower with Radar,16,116,27,17,176,0,0,10,0,10,16,116,37,17,186,0,12,12,198
05/10/2007,GSP,SC,ASO,ES,Combined TRACON& Tower with Radar,31,116,24,0,171,0,0,11,2,13,31,116,35,2,184,0,0,0,184
05/11/2007,GSP,SC,ASO,ES,Combined TRACON& Tower with Radar,22,131,27,1,181,0,0,8,1,9,22,131,35,2,190,0,0,0,190
05/12/2007,GSP,SC,ASO,ES,Combined TRACON& Tower with Radar,18,94,17,0,129,0,0,2,1,3,18,94,19,1,132,0,0,0,132
05/13/2007,GSP,SC,ASO,ES,Combined TRACON& Tower with Radar,8,95,19,0,122,0,0,0,0,0,8,95,19,0,122,2,0,2,124
05/14/2007,GSP,SC,ASO,ES,Combined TRACON& Tower with Radar,11,119,33,0,163,0,0,12,0,12,11,119,45,0,175,0,0,0,175
05/15/2007,GSP,SC,ASO,ES,Combined TRACON& Tower with Radar,22,102,45,1,170,0,1,16,3,20,22,103,61,4,190,0,0,0,190
05/16/2007,GSP,SC,ASO,ES,Combined TRACON& Tower with Radar,14,122,49,10,195,0,0,9,0,9,14,122,58,10,204,0,8,8,212
05/17/2007,GSP,SC,ASO,ES,Combined TRACON& Tower with Radar,18,123,36,0,177,0,0,22,4,26,18,123,58,4,203,0,0,0,203
05/18/2007,GSP,SC,ASO,ES,Combined TRACON& Tower with Radar,11,124,32,13,180,0,0,17,3,20,11,124,49,16,200,0,0,0,200
05/19/2007,GSP,SC,ASO,ES,Combined TRACON& Tower with Radar,16,95,20,1,132,0,0,23,1,24,16,95,43,2,156,0,0,0,156
05/20/2007,GSP,SC,ASO,ES,Combined TRACON& Tower with Radar,10,99,24,4,137,0,2,19,0,21,10,101,43,4,158,0,0,0,158
05/21/2007,GSP,SC,ASO,ES,Combined TRACON& Tower with Radar,11,125,32,4,172,0,0,24,0,24,11,125,56,4,196,0,0,0,196
05/22/2007,GSP,SC,ASO,ES,Combined TRACON& Tower with Radar,12,116,33,2,163,0,0,16,1,17,12,116,49,3,180,0,0,0,180
05/23/2007,GSP,SC,ASO,ES,Combined TRACON& Tower with Radar,16,122,48,0,186,0,0,20,1,21,16,122,68,1,207,0,0,0,207
05/24/2007,GSP,SC,ASO,ES,Combined TRACON& Tower with Radar,17,112,24,0,153,0,1,16,0,17,17,113,40,0,170,0,0,0,170
05/25/2007,GSP,SC,ASO,ES,Combined TRACON& Tower with Radar,14,114,7,4,139,0,0,8,1,9,14,114,15,5,148,0,0,0,148
05/26/2007,GSP,SC,ASO,ES,Combined TRACON& Tower with Radar,15,90,4,1,110,0,0,7,0,7,15,90,11,1,117,0,0,0,117
05/27/2007,GSP,SC,ASO,ES,Combined TRACON& Tower with Radar,5,81,6,0,92,0,0,0,0,0,5,81,6,0,92,0,0,0,92
05/28/2007,GSP,SC,ASO,ES,Combined TRACON& Tower with Radar,9,98,18,0,125,0,0,17,0,17,9,98,35,0,142,0,0,0,142
05/29/2007,GSP,SC,ASO,ES,Combined TRACON& Tower with Radar,17,118,36,0,171,0,0,18,0,18,17,118,54,0,189,0,0,0,189
05/30/2007,GSP,SC,ASO,ES,Combined TRACON& Tower with Radar,11,130,48,0,189,0,0,29,0,29,11,130,77,0,218,0,0,0,218
05/31/2007,GSP,SC,ASO,ES,Combined TRACON& Tower with Radar,16,131,20,0,167,0,0,13,0,13,16,131,33,0,180,0,0,0,180
06/01/2007,GSP,SC,ASO,ES,Combined TRACON& Tower with Radar,13,113,18,3,147,0,0,15,1,16,13,113,33,4,163,0,0,0,163
06/02/2007,GSP,SC,ASO,ES,Combined TRACON& Tower with Radar,15,96,7,0,118,0,1,3,0,4,15,97,10,0,122,0,0,0,122
06/03/2007,GSP,SC,ASO,ES,Combined TRACON& Tower with Radar,11,88,22,9,130,0,0,8,0,8,11,88,30,9,138,0,0,0,138
06/04/2007,GSP,SC,ASO,ES,Combined TRACON& Tower with Radar,11,113,23,2,149,0,0,10,2,12,11,113,33,4,161,0,0,0,161
06/05/2007,GSP,SC,ASO,ES,Combined TRACON& Tower with Radar,16,123,37,0,176,0,0,12,2,14,16,123,49,2,190,0,0,0,190
06/06/2007,GSP,SC,ASO,ES,Combined TRACON& Tower with Radar,15,122,37,3,177,0,0,12,4,16,15,122,49,7,193,0,0,0,193
06/07/2007,GSP,SC,ASO,ES,Combined TRACON& Tower with Radar,19,112,20,3,154,0,0,16,1,17,19,112,36,4,171,0,0,0,171
06/08/2007,GSP,SC,ASO,ES,Combined TRACON& Tower with Radar,12,105,26,2,145,0,0,18,0,18,12,105,44,2,163,0,0,0,163
06/09/2007,GSP,SC,ASO,ES,Combined TRACON& Tower with Radar,14,94,19,4,131,0,0,9,2,11,14,94,28,6,142,0,0,0,142
06/10/2007,GSP,SC,ASO,ES,Combined TRACON& Tower with Radar,8,98,18,7,131,0,0,0,0,0,8,98,18,7,131,0,0,0,131
06/11/2007,GSP,SC,ASO,ES,Combined TRACON& Tower with Radar,11,121,36,0,168,0,0,4,0,4,11,121,40,0,172,0,0,0,172
06/12/2007,GSP,SC,ASO,ES,Combined TRACON& Tower with Radar,18,109,48,0,175,0,0,7,0,7,18,109,55,0,182,20,0,20,202
06/13/2007,GSP,SC,ASO,ES,Combined TRACON& Tower with Radar,13,114,32,0,159,0,1,10,0,11,13,115,42,0,170,0,0,0,170
06/14/2007,GSP,SC,ASO,ES,Combined TRACON& Tower with Radar,23,123,35,3,184,0,0,16,0,16,23,123,51,3,200,0,0,0,200
06/15/2007,GSP,SC,ASO,ES,Combined TRACON& Tower with Radar,22,112,56,1,191,0,0,2,0,2,22,112,58,1,193,0,0,0,193
06/16/2007,GSP,SC,ASO,ES,Combined TRACON& Tower with Radar,11,98,13,0,122,0,0,7,0,7,11,98,20,0,129,0,0,0,129
06/17/2007,GSP,SC,ASO,ES,Combined TRACON& Tower with Radar,7,102,15,0,124,0,0,9,0,9,7,102,24,0,133,0,0,0,133
06/18/2007,GSP,SC,ASO,ES,Combined TRACON& Tower with Radar,9,113,24,0,146,0,0,14,3,17,9,113,38,3,163,6,0,6,169
06/19/2007,GSP,SC,ASO,ES,Combined TRACON& Tower with Radar,15,109,37,4,165,0,0,11,0,11,15,109,48,4,176,0,18,18,194
06/20/2007,GSP,SC,ASO,ES,Combined TRACON& Tower with Radar,12,112,29,0,153,0,0,15,0,15,12,112,44,0,168,0,0,0,168
06/21/2007,GSP,SC,ASO,ES,Combined TRACON& Tower with Radar,16,125,20,5,166,0,0,23,2,25,16,125,43,7,191,0,0,0,191
06/22/2007,GSP,SC,ASO,ES,Combined TRACON& Tower with Radar,9,118,30,4,161,0,0,12,0,12,9,118,42,4,173,0,0,0,173
06/23/2007,GSP,SC,ASO,ES,Combined TRACON& Tower with Radar,11,98,4,0,113,0,0,3,0,3,11,98,7,0,116,6,0,6,122
06/24/2007,GSP,SC,ASO,ES,Combined TRACON& Tower with Radar,7,100,14,3,124,0,0,3,0,3,7,100,17,3,127,0,0,0,127
06/25/2007,GSP,SC,ASO,ES,Combined TRACON& Tower with Radar,17,115,45,1,178,0,0,6,0,6,17,115,51,1,184,0,0,0,184
06/26/2007,GSP,SC,ASO,ES,Combined TRACON& Tower with Radar,16,116,27,2,161,0,0,8,0,8,16,116,35,2,169,0,2,2,171
06/27/2007,GSP,SC,ASO,ES,Combined TRACON& Tower with Radar,14,115,29,2,160,0,0,10,0,10,14,115,39,2,170,12,0,12,182
06/28/2007,GSP,SC,ASO,ES,Combined TRACON& Tower with Radar,16,111,27,2,156,0,0,14,2,16,16,111,41,4,172,0,0,0,172
06/29/2007,GSP,SC,ASO,ES,Combined TRACON& Tower with Radar,11,108,27,1,147,0,0,17,0,17,11,108,44,1,164,2,0,2,166
06/30/2007,GSP,SC,ASO,ES,Combined TRACON& Tower with Radar,15,88,2,0,105,0,0,8,0,8,15,88,10,0,113,2,1,3,116
07/01/2007,GSP,SC,ASO,ES,Combined TRACON& Tower with Radar,11,97,15,0,123,0,0,0,0,0,11,97,15,0,123,0,0,0,123
07/02/2007,GSP,SC,ASO,ES,Combined TRACON& Tower with Radar,6,111,40,11,168,0,0,12,2,14,6,111,52,13,182,0,4,4,186
07/03/2007,GSP,SC,ASO,ES,Combined TRACON& Tower with Radar,14,95,25,4,138,0,0,10,0,10,14,95,35,4,148,0,0,0,148
07/04/2007,GSP,SC,ASO,ES,Combined TRACON& Tower with Radar,5,78,3,0,86,0,1,4,0,5,5,79,7,0,91,0,0,0,91
07/05/2007,GSP,SC,ASO,ES,Combined TRACON& Tower with Radar,15,101,16,2,134,0,0,15,0,15,15,101,31,2,149,0,0,0,149
07/06/2007,GSP,SC,ASO,ES,Combined TRACON& Tower with Radar,11,100,28,10,149,0,0,14,0,14,11,100,42,10,163,0,0,0,163
07/07/2007,GSP,SC,ASO,ES,Combined TRACON& Tower with Radar,18,94,7,0,119,0,1,7,0,8,18,95,14,0,127,2,0,2,129
07/08/2007,GSP,SC,ASO,ES,Combined TRACON& Tower with Radar,8,97,14,2,121,0,0,4,0,4,8,97,18,2,125,0,0,0,125
07/09/2007,GSP,SC,ASO,ES,Combined TRACON& Tower with Radar,10,117,23,0,150,0,0,13,1,14,10,117,36,1,164,0,0,0,164
07/10/2007,GSP,SC,ASO,ES,Combined TRACON& Tower with Radar,20,117,44,11,192,0,2,5,1,8,20,119,49,12,200,2,0,2,202
07/11/2007,GSP,SC,ASO,ES,Combined TRACON& Tower with Radar,12,115,28,2,157,0,0,7,1,8,12,115,35,3,165,0,0,0,165
07/12/2007,GSP,SC,ASO,ES,Combined TRACON& Tower with Radar,16,115,28,2,161,0,0,18,6,24,16,115,46,8,185,0,0,0,185
07/13/2007,GSP,SC,ASO,ES,Combined TRACON& Tower with Radar,14,128,37,7,186,0,0,21,1,22,14,128,58,8,208,0,0,0,208
07/14/2007,GSP,SC,ASO,ES,Combined TRACON& Tower with Radar,11,97,6,1,115,0,0,12,1,13,11,97,18,2,128,4,0,4,132
07/15/2007,GSP,SC,ASO,ES,Combined TRACON& Tower with Radar,8,92,16,7,123,0,0,3,0,3,8,92,19,7,126,0,0,0,126
07/16/2007,GSP,SC,ASO,ES,Combined TRACON& Tower with Radar,9,112,31,8,160,0,0,9,0,9,9,112,40,8,169,0,26,26,195
07/17/2007,GSP,SC,ASO,ES,Combined TRACON& Tower with Radar,18,115,49,0,182,0,0,8,0,8,18,115,57,0,190,0,0,0,190
07/18/2007,GSP,SC,ASO,ES,Combined TRACON& Tower with Radar,15,114,41,1,171,0,1,9,0,10,15,115,50,1,181,0,0,0,181
07/19/2007,GSP,SC,ASO,ES,Combined TRACON& Tower with Radar,23,112,39,0,174,0,0,14,0,14,23,112,53,0,188,0,0,0,188
07/20/2007,GSP,SC,ASO,ES,Combined TRACON& Tower with Radar,15,122,29,4,170,0,0,9,0,9,15,122,38,4,179,0,0,0,179
07/21/2007,GSP,SC,ASO,ES,Combined TRACON& Tower with Radar,11,91,4,1,107,0,0,11,0,11,11,91,15,1,118,0,0,0,118
07/22/2007,GSP,SC,ASO,ES,Combined TRACON& Tower with Radar,8,99,8,7,122,0,0,12,1,13,8,99,20,8,135,0,0,0,135
07/23/2007,GSP,SC,ASO,ES,Combined TRACON& Tower with Radar,10,114,30,0,154,0,0,22,0,22,10,114,52,0,176,6,0,6,182
07/24/2007,GSP,SC,ASO,ES,Combined TRACON& Tower with Radar,16,127,32,6,181,0,0,8,1,9,16,127,40,7,190,0,6,6,196
07/25/2007,GSP,SC,ASO,ES,Combined TRACON& Tower with Radar,13,119,28,2,162,0,0,22,2,24,13,119,50,4,186,0,0,0,186
07/26/2007,GSP,SC,ASO,ES,Combined TRACON& Tower with Radar,14,122,39,6,181,0,0,13,9,22,14,122,52,15,203,0,0,0,203
07/27/2007,GSP,SC,ASO,ES,Combined TRACON& Tower with Radar,13,119,28,5,165,0,0,8,2,10,13,119,36,7,175,0,2,2,177
07/28/2007,GSP,SC,ASO,ES,Combined TRACON& Tower with Radar,12,93,9,0,114,0,0,2,0,2,12,93,11,0,116,10,0,10,126
07/29/2007,GSP,SC,ASO,ES,Combined TRACON& Tower with Radar,16,91,19,1,127,0,0,0,0,0,16,91,19,1,127,0,0,0,127
07/30/2007,GSP,SC,ASO,ES,Combined TRACON& Tower with Radar,7,113,27,4,151,0,0,0,1,1,7,113,27,5,152,0,0,0,152
07/31/2007,GSP,SC,ASO,ES,Combined TRACON& Tower with Radar,21,109,32,4,166,0,0,11,0,11,21,109,43,4,177,0,0,0,177
08/01/2007,GSP,SC,ASO,ES,Combined TRACON& Tower with Radar,12,121,40,12,185,0,2,14,12,28,12,123,54,24,213,0,0,0,213
08/02/2007,GSP,SC,ASO,ES,Combined TRACON& Tower with Radar,19,121,47,1,188,0,0,23,0,23,19,121,70,1,211,0,0,0,211
08/03/2007,GSP,SC,ASO,ES,Combined TRACON& Tower with Radar,12,110,41,4,167,0,0,24,4,28,12,110,65,8,195,0,0,0,195
08/04/2007,GSP,SC,ASO,ES,Combined TRACON& Tower with Radar,11,89,7,0,107,0,0,5,0,5,11,89,12,0,112,0,0,0,112
08/05/2007,GSP,SC,ASO,ES,Combined TRACON& Tower with Radar,8,92,9,12,121,0,0,6,0,6,8,92,15,12,127,0,4,4,131
08/06/2007,GSP,SC,ASO,ES,Combined TRACON& Tower with Radar,13,109,25,2,149,0,0,14,2,16,13,109,39,4,165,0,0,0,165
08/07/2007,GSP,SC,ASO,ES,Combined TRACON& Tower with Radar,20,116,30,0,166,0,0,15,0,15,20,116,45,0,181,0,0,0,181
08/08/2007,GSP,SC,ASO,ES,Combined TRACON& Tower with Radar,15,115,29,0,159,0,1,15,2,18,15,116,44,2,177,2,0,2,179
08/09/2007,GSP,SC,ASO,ES,Combined TRACON& Tower with Radar,18,104,23,5,150,0,0,14,2,16,18,104,37,7,166,2,0,2,168
08/10/2007,GSP,SC,ASO,ES,Combined TRACON& Tower with Radar,14,114,26,2,156,0,0,17,2,19,14,114,43,4,175,0,0,0,175
08/11/2007,GSP,SC,ASO,ES,Combined TRACON& Tower with Radar,12,96,9,1,118,0,0,6,1,7,12,96,15,2,125,0,0,0,125
08/12/2007,GSP,SC,ASO,ES,Combined TRACON& Tower with Radar,0,0,0,0,0,8,97,25,2,132,8,97,25,2,132,0,0,0,132
08/13/2007,GSP,SC,ASO,ES,Combined TRACON& Tower with Radar,9,115,39,0,163,0,0,20,2,22,9,115,59,2,185,4,0,4,189
08/14/2007,GSP,SC,ASO,ES,Combined TRACON& Tower with Radar,19,120,57,0,196,0,0,18,0,18,19,120,75,0,214,0,0,0,214
08/15/2007,GSP,SC,ASO,ES,Combined TRACON& Tower with Radar,14,119,35,0,168,0,0,15,1,16,14,119,50,1,184,0,0,0,184
08/16/2007,GSP,SC,ASO,ES,Combined TRACON& Tower with Radar,19,110,28,0,157,0,0,10,0,10,19,110,38,0,167,0,0,0,167
08/17/2007,GSP,SC,ASO,ES,Combined TRACON& Tower with Radar,12,105,30,8,155,0,0,10,0,10,12,105,40,8,165,0,0,0,165
08/18/2007,GSP,SC,ASO,ES,Combined TRACON& Tower with Radar,8,97,9,1,115,0,0,13,0,13,8,97,22,1,128,18,0,18,146
08/19/2007,GSP,SC,ASO,ES,Combined TRACON& Tower with Radar,6,92,20,4,122,0,1,4,0,5,6,93,24,4,127,12,2,14,141
08/20/2007,GSP,SC,ASO,ES,Combined TRACON& Tower with Radar,9,112,23,0,144,0,0,10,0,10,9,112,33,0,154,20,0,20,174
08/21/2007,GSP,SC,ASO,ES,Combined TRACON& Tower with Radar,29,113,30,0,172,0,1,11,0,12,29,114,41,0,184,0,0,0,184
08/22/2007,GSP,SC,ASO,ES,Combined TRACON& Tower with Radar,17,114,36,0,167,0,0,16,0,16,17,114,52,0,183,0,2,2,185
08/23/2007,GSP,SC,ASO,ES,Combined TRACON& Tower with Radar,32,108,39,1,180,0,0,13,1,14,32,108,52,2,194,0,0,0,194
08/24/2007,GSP,SC,ASO,ES,Combined TRACON& Tower with Radar,17,114,39,4,174,0,0,18,6,24,17,114,57,10,198,8,0,8,206
08/25/2007,GSP,SC,ASO,ES,Combined TRACON& Tower with Radar,9,86,15,4,114,0,0,9,0,9,9,86,24,4,123,0,0,0,123
08/26/2007,GSP,SC,ASO,ES,Combined TRACON& Tower with Radar,10,93,15,5,123,0,0,2,0,2,10,93,17,5,125,0,0,0,125
08/27/2007,GSP,SC,ASO,ES,Combined TRACON& Tower with Radar,12,113,27,0,152,0,0,6,0,6,12,113,33,0,158,0,0,0,158
08/28/2007,GSP,SC,ASO,ES,Combined TRACON& Tower with Radar,17,112,33,6,168,0,0,13,2,15,17,112,46,8,183,0,2,2,185
08/29/2007,GSP,SC,ASO,ES,Combined TRACON& Tower with Radar,21,122,34,0,177,0,0,11,0,11,21,122,45,0,188,0,0,0,188
08/30/2007,GSP,SC,ASO,ES,Combined TRACON& Tower with Radar,17,113,47,10,187,0,0,11,1,12,17,113,58,11,199,0,0,0,199
08/31/2007,GSP,SC,ASO,ES,Combined TRACON& Tower with Radar,13,108,24,5,150,0,0,9,1,10,13,108,33,6,160,0,0,0,160
09/01/2007,GSP,SC,ASO,ES,Combined TRACON& Tower with Radar,10,84,13,0,107,0,0,0,0,0,10,84,13,0,107,0,0,0,107
09/02/2007,GSP,SC,ASO,ES,Combined TRACON& Tower with Radar,8,87,8,6,109,0,0,2,0,2,8,87,10,6,111,4,0,4,115
09/03/2007,GSP,SC,ASO,ES,Combined TRACON& Tower with Radar,8,111,14,0,133,0,0,7,0,7,8,111,21,0,140,0,0,0,140
09/04/2007,GSP,SC,ASO,ES,Combined TRACON& Tower with Radar,17,117,19,3,156,0,2,9,5,16,17,119,28,8,172,0,0,0,172
09/05/2007,GSP,SC,ASO,ES,Combined TRACON& Tower with Radar,13,121,26,7,167,0,0,9,0,9,13,121,35,7,176,2,24,26,202
09/06/2007,GSP,SC,ASO,ES,Combined TRACON& Tower with Radar,21,115,30,5,171,0,0,11,1,12,21,115,41,6,183,0,0,0,183
09/07/2007,GSP,SC,ASO,ES,Combined TRACON& Tower with Radar,21,119,31,15,186,0,0,21,0,21,21,119,52,15,207,0,14,14,221
09/08/2007,GSP,SC,ASO,ES,Combined TRACON& Tower with Radar,13,82,4,2,101,0,0,16,0,16,13,82,20,2,117,8,0,8,125
09/09/2007,GSP,SC,ASO,ES,Combined TRACON& Tower with Radar,11,99,18,2,130,0,0,8,0,8,11,99,26,2,138,14,0,14,152
09/10/2007,GSP,SC,ASO,ES,Combined TRACON& Tower with Radar,14,107,28,0,149,0,0,12,0,12,14,107,40,0,161,0,0,0,161
09/11/2007,GSP,SC,ASO,ES,Combined TRACON& Tower with Radar,21,104,34,3,162,0,0,16,1,17,21,104,50,4,179,0,0,0,179
09/12/2007,GSP,SC,ASO,ES,Combined TRACON& Tower with Radar,17,126,44,12,199,0,0,11,2,13,17,126,55,14,212,0,12,12,224
09/13/2007,GSP,SC,ASO,ES,Combined TRACON& Tower with Radar,25,114,29,2,170,0,0,0,0,0,25,114,29,2,170,0,0,0,170
09/14/2007,GSP,SC,ASO,ES,Combined TRACON& Tower with Radar,19,113,28,2,162,0,0,0,0,0,19,113,28,2,162,0,0,0,162
09/15/2007,GSP,SC,ASO,ES,Combined TRACON& Tower with Radar,11,88,14,3,116,0,0,4,2,6,11,88,18,5,122,0,0,0,122
09/16/2007,GSP,SC,ASO,ES,Combined TRACON& Tower with Radar,12,92,17,0,121,0,1,3,2,6,12,93,20,2,127,0,0,0,127
09/17/2007,GSP,SC,ASO,ES,Combined TRACON& Tower with Radar,13,122,23,3,161,0,0,19,0,19,13,122,42,3,180,0,0,0,180
09/18/2007,GSP,SC,ASO,ES,Combined TRACON& Tower with Radar,17,118,32,1,168,0,0,21,0,21,17,118,53,1,189,2,0,2,191
09/19/2007,GSP,SC,ASO,ES,Combined TRACON& Tower with Radar,26,110,27,7,170,0,0,18,2,20,26,110,45,9,190,0,4,4,194
09/20/2007,GSP,SC,ASO,ES,Combined TRACON& Tower with Radar,25,117,48,7,197,0,0,12,0,12,25,117,60,7,209,0,10,10,219
09/21/2007,GSP,SC,ASO,ES,Combined TRACON& Tower with Radar,19,117,35,6,177,0,1,9,0,10,19,118,44,6,187,0,0,0,187
09/22/2007,GSP,SC,ASO,ES,Combined TRACON& Tower with Radar,13,88,4,1,106,0,1,3,0,4,13,89,7,1,110,0,0,0,110
09/23/2007,GSP,SC,ASO,ES,Combined TRACON& Tower with Radar,11,95,14,2,122,0,0,3,0,3,11,95,17,2,125,2,0,2,127
09/24/2007,GSP,SC,ASO,ES,Combined TRACON& Tower with Radar,13,111,23,3,150,0,0,17,3,20,13,111,40,6,170,4,10,14,184
09/25/2007,GSP,SC,ASO,ES,Combined TRACON& Tower with Radar,17,102,48,5,172,0,0,11,0,11,17,102,59,5,183,0,8,8,191
09/26/2007,GSP,SC,ASO,ES,Combined TRACON& Tower with Radar,18,118,33,0,169,0,0,13,0,13,18,118,46,0,182,8,0,8,190
09/27/2007,GSP,SC,ASO,ES,Combined TRACON& Tower with Radar,22,120,30,3,175,0,1,22,0,23,22,121,52,3,198,12,0,12,210
09/28/2007,GSP,SC,ASO,ES,Combined TRACON& Tower with Radar,17,114,26,4,161,0,0,21,1,22,17,114,47,5,183,10,0,10,193
09/29/2007,GSP,SC,ASO,ES,Combined TRACON& Tower with Radar,13,83,16,2,114,0,0,13,0,13,13,83,29,2,127,6,0,6,133
09/30/2007,GSP,SC,ASO,ES,Combined TRACON& Tower with Radar,13,94,16,3,126,0,0,5,2,7,13,94,21,5,133,0,0,0,133
10/01/2007,GSP,SC,ASO,ES,Combined TRACON& Tower with Radar,13,111,22,0,146,0,0,24,0,24,13,111,46,0,170,0,0,0,170
10/02/2007,GSP,SC,ASO,ES,Combined TRACON& Tower with Radar,20,115,43,5,183,0,0,18,2,20,20,115,61,7,203,0,4,4,207
10/03/2007,GSP,SC,ASO,ES,Combined TRACON& Tower with Radar,16,110,39,16,181,0,0,14,1,15,16,110,53,17,196,0,0,0,196
10/04/2007,GSP,SC,ASO,ES,Combined TRACON& Tower with Radar,16,121,38,0,175,0,0,1,1,2,16,121,39,1,177,0,0,0,177
10/05/2007,GSP,SC,ASO,ES,Combined TRACON& Tower with Radar,18,119,40,2,179,0,0,12,0,12,18,119,52,2,191,0,0,0,191
10/06/2007,GSP,SC,ASO,ES,Combined TRACON& Tower with Radar,14,74,18,0,106,0,0,6,0,6,14,74,24,0,112,0,0,0,112
10/07/2007,GSP,SC,ASO,ES,Combined TRACON& Tower with Radar,10,99,15,1,125,0,0,5,0,5,10,99,20,1,130,0,0,0,130
10/08/2007,GSP,SC,ASO,ES,Combined TRACON& Tower with Radar,12,126,28,3,169,0,0,0,0,0,12,126,28,3,169,0,0,0,169
10/09/2007,GSP,SC,ASO,ES,Combined TRACON& Tower with Radar,24,112,41,3,180,0,0,15,1,16,24,112,56,4,196,0,0,0,196
10/10/2007,GSP,SC,ASO,ES,Combined TRACON& Tower with Radar,19,115,18,2,154,0,0,16,1,17,19,115,34,3,171,0,0,0,171
10/11/2007,GSP,SC,ASO,ES,Combined TRACON& Tower with Radar,26,113,23,8,170,0,0,13,1,14,26,113,36,9,184,0,10,10,194
10/12/2007,GSP,SC,ASO,ES,Combined TRACON& Tower with Radar,17,107,46,0,170,0,1,31,0,32,17,108,77,0,202,0,0,0,202
10/13/2007,GSP,SC,ASO,ES,Combined TRACON& Tower with Radar,14,93,14,1,122,0,0,7,1,8,14,93,21,2,130,8,0,8,138
10/14/2007,GSP,SC,ASO,ES,Combined TRACON& Tower with Radar,6,106,20,4,136,0,0,0,0,0,6,106,20,4,136,0,0,0,136
10/15/2007,GSP,SC,ASO,ES,Combined TRACON& Tower with Radar,13,113,25,3,154,0,0,10,1,11,13,113,35,4,165,0,20,20,185
10/16/2007,GSP,SC,ASO,ES,Combined TRACON& Tower with Radar,26,103,44,18,191,0,0,7,0,7,26,103,51,18,198,0,0,0,198
10/17/2007,GSP,SC,ASO,ES,Combined TRACON& Tower with Radar,19,124,35,0,178,0,0,6,0,6,19,124,41,0,184,8,0,8,192
10/18/2007,GSP,SC,ASO,ES,Combined TRACON& Tower with Radar,24,109,26,0,159,0,0,9,0,9,24,109,35,0,168,0,0,0,168
10/19/2007,GSP,SC,ASO,ES,Combined TRACON& Tower with Radar,21,110,38,0,169,0,0,5,0,5,21,110,43,0,174,2,0,2,176
10/20/2007,GSP,SC,ASO,ES,Combined TRACON& Tower with Radar,14,89,15,0,118,0,0,14,0,14,14,89,29,0,132,4,0,4,136
10/21/2007,GSP,SC,ASO,ES,Combined TRACON& Tower with Radar,11,97,26,1,135,0,1,7,1,9,11,98,33,2,144,0,0,0,144
10/22/2007,GSP,SC,ASO,ES,Combined TRACON& Tower with Radar,13,114,40,8,175,0,0,2,0,2,13,114,42,8,177,0,0,0,177
10/23/2007,GSP,SC,ASO,ES,Combined TRACON& Tower with Radar,48,111,37,2,198,0,0,0,0,0,48,111,37,2,198,0,0,0,198
10/24/2007,GSP,SC,ASO,ES,Combined TRACON& Tower with Radar,19,118,44,3,184,0,0,1,0,1,19,118,45,3,185,0,0,0,185
10/25/2007,GSP,SC,ASO,ES,Combined TRACON& Tower with Radar,21,106,32,2,161,0,0,5,0,5,21,106,37,2,166,0,0,0,166
10/26/2007,GSP,SC,ASO,ES,Combined TRACON& Tower with Radar,22,113,38,0,173,0,0,3,0,3,22,113,41,0,176,0,0,0,176
10/27/2007,GSP,SC,ASO,ES,Combined TRACON& Tower with Radar,9,85,23,2,119,0,0,8,0,8,9,85,31,2,127,0,0,0,127
10/28/2007,GSP,SC,ASO,ES,Combined TRACON& Tower with Radar,11,95,11,0,117,0,0,9,0,9,11,95,20,0,126,0,0,0,126
10/29/2007,GSP,SC,ASO,ES,Combined TRACON& Tower with Radar,12,113,29,0,154,0,0,24,0,24,12,113,53,0,178,0,0,0,178
10/30/2007,GSP,SC,ASO,ES,Combined TRACON& Tower with Radar,24,110,36,0,170,0,0,18,0,18,24,110,54,0,188,0,0,0,188
10/31/2007,GSP,SC,ASO,ES,Combined TRACON& Tower with Radar,15,108,25,0,148,0,1,13,0,14,15,109,38,0,162,6,0,6,168
11/01/2007,GSP,SC,ASO,ES,Combined TRACON& Tower with Radar,15,119,51,4,189,0,0,15,0,15,15,119,66,4,204,0,0,0,204
11/02/2007,GSP,SC,ASO,ES,Combined TRACON& Tower with Radar,16,123,22,2,163,0,0,8,0,8,16,123,30,2,171,0,0,0,171
11/03/2007,GSP,SC,ASO,ES,Combined TRACON& Tower with Radar,14,88,10,7,119,0,0,10,0,10,14,88,20,7,129,0,2,2,131
11/04/2007,GSP,SC,ASO,ES,Combined TRACON& Tower with Radar,14,97,17,8,136,0,1,12,2,15,14,98,29,10,151,0,0,0,151
11/05/2007,GSP,SC,ASO,ES,Combined TRACON& Tower with Radar,14,107,37,5,163,0,0,7,0,7,14,107,44,5,170,0,0,0,170
11/06/2007,GSP,SC,ASO,ES,Combined TRACON& Tower with Radar,19,109,27,4,159,0,0,13,1,14,19,109,40,5,173,2,24,26,199
11/07/2007,GSP,SC,ASO,ES,Combined TRACON& Tower with Radar,23,119,26,7,175,0,0,15,0,15,23,119,41,7,190,6,14,20,210
11/08/2007,GSP,SC,ASO,ES,Combined TRACON& Tower with Radar,17,118,24,3,162,0,0,8,1,9,17,118,32,4,171,0,0,0,171
11/09/2007,GSP,SC,ASO,ES,Combined TRACON& Tower with Radar,21,115,32,1,169,0,0,15,1,16,21,115,47,2,185,2,0,2,187
11/10/2007,GSP,SC,ASO,ES,Combined TRACON& Tower with Radar,9,79,12,0,100,0,0,7,2,9,9,79,19,2,109,8,0,8,117
11/11/2007,GSP,SC,ASO,ES,Combined TRACON& Tower with Radar,13,94,10,0,117,0,0,0,0,0,13,94,10,0,117,0,0,0,117
11/12/2007,GSP,SC,ASO,ES,Combined TRACON& Tower with Radar,18,112,40,3,173,0,0,7,0,7,18,112,47,3,180,0,0,0,180
11/13/2007,GSP,SC,ASO,ES,Combined TRACON& Tower with Radar,19,107,32,3,161,0,0,16,0,16,19,107,48,3,177,2,0,2,179
11/14/2007,GSP,SC,ASO,ES,Combined TRACON& Tower with Radar,15,119,32,2,168,0,0,11,0,11,15,119,43,2,179,2,0,2,181
11/15/2007,GSP,SC,ASO,ES,Combined TRACON& Tower with Radar,19,110,34,13,176,0,1,2,1,4,19,111,36,14,180,0,10,10,190
11/16/2007,GSP,SC,ASO,ES,Combined TRACON& Tower with Radar,24,115,31,2,172,0,0,20,3,23,24,115,51,5,195,0,0,0,195
11/17/2007,GSP,SC,ASO,ES,Combined TRACON& Tower with Radar,14,82,4,0,100,0,0,17,0,17,14,82,21,0,117,28,0,28,145
11/18/2007,GSP,SC,ASO,ES,Combined TRACON& Tower with Radar,13,100,16,0,129,0,0,6,0,6,13,100,22,0,135,0,0,0,135
11/19/2007,GSP,SC,ASO,ES,Combined TRACON& Tower with Radar,17,112,35,0,164,0,2,11,0,13,17,114,46,0,177,0,0,0,177
11/20/2007,GSP,SC,ASO,ES,Combined TRACON& Tower with Radar,27,114,41,0,182,0,0,16,0,16,27,114,57,0,198,0,0,0,198
11/21/2007,GSP,SC,ASO,ES,Combined TRACON& Tower with Radar,24,115,40,2,181,0,0,19,0,19,24,115,59,2,200,0,0,0,200
11/22/2007,GSP,SC,ASO,ES,Combined TRACON& Tower with Radar,11,72,5,0,88,0,0,0,0,0,11,72,5,0,88,0,0,0,88
11/23/2007,GSP,SC,ASO,ES,Combined TRACON& Tower with Radar,15,74,7,0,96,0,0,12,0,12,15,74,19,0,108,0,0,0,108
11/24/2007,GSP,SC,ASO,ES,Combined TRACON& Tower with Radar,11,93,5,0,109,0,0,7,0,7,11,93,12,0,116,0,0,0,116
11/25/2007,GSP,SC,ASO,ES,Combined TRACON& Tower with Radar,7,112,11,0,130,0,0,0,0,0,7,112,11,0,130,0,0,0,130
11/26/2007,GSP,SC,ASO,ES,Combined TRACON& Tower with Radar,15,109,36,0,160,0,0,0,0,0,15,109,36,0,160,0,0,0,160
11/27/2007,GSP,SC,ASO,ES,Combined TRACON& Tower with Radar,24,116,35,3,178,0,0,16,6,22,24,116,51,9,200,0,0,0,200
11/28/2007,GSP,SC,ASO,ES,Combined TRACON& Tower with Radar,25,116,27,1,169,0,0,22,4,26,25,116,49,5,195,0,0,0,195
11/29/2007,GSP,SC,ASO,ES,Combined TRACON& Tower with Radar,21,114,36,0,171,0,0,12,0,12,21,114,48,0,183,0,0,0,183
11/30/2007,GSP,SC,ASO,ES,Combined TRACON& Tower with Radar,25,119,25,1,170,0,1,10,2,13,25,120,35,3,183,0,0,0,183
12/01/2007,GSP,SC,ASO,ES,Combined TRACON& Tower with Radar,11,85,10,0,106,0,0,1,0,1,11,85,11,0,107,2,0,2,109
12/02/2007,GSP,SC,ASO,ES,Combined TRACON& Tower with Radar,15,90,10,3,118,0,0,4,0,4,15,90,14,3,122,2,0,2,124
12/03/2007,GSP,SC,ASO,ES,Combined TRACON& Tower with Radar,18,112,23,0,153,0,0,10,0,10,18,112,33,0,163,0,0,0,163
12/04/2007,GSP,SC,ASO,ES,Combined TRACON& Tower with Radar,14,114,30,0,158,0,0,15,4,19,14,114,45,4,177,12,0,12,189
12/05/2007,GSP,SC,ASO,ES,Combined TRACON& Tower with Radar,24,105,21,3,153,0,0,17,3,20,24,105,38,6,173,6,24,30,203
12/06/2007,GSP,SC,ASO,ES,Combined TRACON& Tower with Radar,24,116,37,7,184,0,0,11,0,11,24,116,48,7,195,0,4,4,199
12/07/2007,GSP,SC,ASO,ES,Combined TRACON& Tower with Radar,20,117,26,16,179,0,0,14,2,16,20,117,40,18,195,0,0,0,195
12/08/2007,GSP,SC,ASO,ES,Combined TRACON& Tower with Radar,10,82,14,0,106,0,0,4,0,4,10,82,18,0,110,0,0,0,110
12/09/2007,GSP,SC,ASO,ES,Combined TRACON& Tower with Radar,7,85,16,3,111,0,0,0,0,0,7,85,16,3,111,0,0,0,111
12/10/2007,GSP,SC,ASO,ES,Combined TRACON& Tower with Radar,14,116,17,7,154,0,0,6,0,6,14,116,23,7,160,2,0,2,162
12/11/2007,GSP,SC,ASO,ES,Combined TRACON& Tower with Radar,25,108,25,3,161,0,0,9,5,14,25,108,34,8,175,0,10,10,185
12/12/2007,GSP,SC,ASO,ES,Combined TRACON& Tower with Radar,27,114,26,5,172,0,0,11,4,15,27,114,37,9,187,2,0,2,189
12/13/2007,GSP,SC,ASO,ES,Combined TRACON& Tower with Radar,23,111,32,8,174,0,0,9,4,13,23,111,41,12,187,4,6,10,197
12/14/2007,GSP,SC,ASO,ES,Combined TRACON& Tower with Radar,21,118,26,4,169,0,0,26,1,27,21,118,52,5,196,0,0,0,196
12/15/2007,GSP,SC,ASO,ES,Combined TRACON& Tower with Radar,13,83,9,0,105,0,0,0,0,0,13,83,9,0,105,0,0,0,105
12/16/2007,GSP,SC,ASO,ES,Combined TRACON& Tower with Radar,14,82,13,0,109,0,0,7,2,9,14,82,20,2,118,0,0,0,118
12/17/2007,GSP,SC,ASO,ES,Combined TRACON& Tower with Radar,25,107,28,5,165,0,2,13,1,16,25,109,41,6,181,0,0,0,181
12/18/2007,GSP,SC,ASO,ES,Combined TRACON& Tower with Radar,22,123,40,7,192,0,0,14,1,15,22,123,54,8,207,0,2,2,209
12/19/2007,GSP,SC,ASO,ES,Combined TRACON& Tower with Radar,30,107,41,10,188,0,0,9,0,9,30,107,50,10,197,0,0,0,197
12/20/2007,GSP,SC,ASO,ES,Combined TRACON& Tower with Radar,28,112,44,2,186,0,2,3,2,7,28,114,47,4,193,0,0,0,193
12/21/2007,GSP,SC,ASO,ES,Combined TRACON& Tower with Radar,25,116,25,0,166,0,0,1,0,1,25,116,26,0,167,0,0,0,167
12/22/2007,GSP,SC,ASO,ES,Combined TRACON& Tower with Radar,12,97,9,2,120,0,0,2,0,2,12,97,11,2,122,0,0,0,122
12/23/2007,GSP,SC,ASO,ES,Combined TRACON& Tower with Radar,9,92,17,0,118,0,0,0,0,0,9,92,17,0,118,0,0,0,118
12/24/2007,GSP,SC,ASO,ES,Combined TRACON& Tower with Radar,13,80,15,0,108,0,0,6,0,6,13,80,21,0,114,0,0,0,114
12/25/2007,GSP,SC,ASO,ES,Combined TRACON& Tower with Radar,8,71,1,0,80,0,0,0,0,0,8,71,1,0,80,0,0,0,80
12/26/2007,GSP,SC,ASO,ES,Combined TRACON& Tower with Radar,14,109,19,0,142,0,0,5,0,5,14,109,24,0,147,0,0,0,147
12/27/2007,GSP,SC,ASO,ES,Combined TRACON& Tower with Radar,18,104,21,0,143,0,0,7,0,7,18,104,28,0,150,0,0,0,150
12/28/2007,GSP,SC,ASO,ES,Combined TRACON& Tower with Radar,18,113,15,0,146,0,0,0,0,0,18,113,15,0,146,0,0,0,146
12/29/2007,GSP,SC,ASO,ES,Combined TRACON& Tower with Radar,12,97,16,6,131,0,0,4,0,4,12,97,20,6,135,0,0,0,135
12/30/2007,GSP,SC,ASO,ES,Combined TRACON& Tower with Radar,15,93,7,0,115,0,0,0,0,0,15,93,7,0,115,0,0,0,115
12/31/2007,GSP,SC,ASO,ES,Combined TRACON& Tower with Radar,12,90,8,1,111,0,0,7,0,7,12,90,15,1,118,0,0,0,118
01/01/2008,GSP,SC,ASO,ES,Combined TRACON& Tower with Radar,9,90,8,0,107,0,0,1,0,1,9,90,9,0,108,0,0,0,108
01/02/2008,GSP,SC,ASO,ES,Combined TRACON& Tower with Radar,17,110,15,0,142,0,0,10,0,10,17,110,25,0,152,2,0,2,154
01/03/2008,GSP,SC,ASO,ES,Combined TRACON& Tower with Radar,33,92,26,2,153,0,1,18,3,22,33,93,44,5,175,18,0,18,193
01/04/2008,GSP,SC,ASO,ES,Combined TRACON& Tower with Radar,20,107,21,7,155,0,0,18,1,19,20,107,39,8,174,0,0,0,174
01/05/2008,GSP,SC,ASO,ES,Combined TRACON& Tower with Radar,6,86,13,2,107,0,0,18,0,18,6,86,31,2,125,6,0,6,131
01/06/2008,GSP,SC,ASO,ES,Combined TRACON& Tower with Radar,8,92,22,5,127,0,0,0,0,0,8,92,22,5,127,0,0,0,127
01/07/2008,GSP,SC,ASO,ES,Combined TRACON& Tower with Radar,15,97,17,5,134,0,0,12,1,13,15,97,29,6,147,0,0,0,147
01/08/2008,GSP,SC,ASO,ES,Combined TRACON& Tower with Radar,14,110,43,0,167,0,0,8,0,8,14,110,51,0,175,0,0,0,175
01/09/2008,GSP,SC,ASO,ES,Combined TRACON& Tower with Radar,29,107,25,5,166,0,0,7,0,7,29,107,32,5,173,0,0,0,173
01/10/2008,GSP,SC,ASO,ES,Combined TRACON& Tower with Radar,21,99,24,3,147,0,0,0,0,0,21,99,24,3,147,0,0,0,147
01/11/2008,GSP,SC,ASO,ES,Combined TRACON& Tower with Radar,19,96,41,2,158,0,0,17,0,17,19,96,58,2,175,0,0,0,175
01/12/2008,GSP,SC,ASO,ES,Combined TRACON& Tower with Radar,7,87,9,3,106,0,0,6,0,6,7,87,15,3,112,2,2,4,116
01/13/2008,GSP,SC,ASO,ES,Combined TRACON& Tower with Radar,14,90,10,6,120,0,0,0,3,3,14,90,10,9,123,0,0,0,123
01/14/2008,GSP,SC,ASO,ES,Combined TRACON& Tower with Radar,12,102,25,9,148,0,0,9,3,12,12,102,34,12,160,0,4,4,164
01/15/2008,GSP,SC,ASO,ES,Combined TRACON& Tower with Radar,14,104,24,5,147,0,0,14,0,14,14,104,38,5,161,0,16,16,177
01/16/2008,GSP,SC,ASO,ES,Combined TRACON& Tower with Radar,27,89,51,3,170,0,0,6,1,7,27,89,57,4,177,0,0,0,177
01/17/2008,GSP,SC,ASO,ES,Combined TRACON& Tower with Radar,17,92,34,14,157,0,0,0,0,0,17,92,34,14,157,0,0,0,157
01/18/2008,GSP,SC,ASO,ES,Combined TRACON& Tower with Radar,23,102,53,4,182,0,0,5,0,5,23,102,58,4,187,0,0,0,187
01/19/2008,GSP,SC,ASO,ES,Combined TRACON& Tower with Radar,4,75,6,0,85,0,1,1,0,2,4,76,7,0,87,0,0,0,87
01/20/2008,GSP,SC,ASO,ES,Combined TRACON& Tower with Radar,9,94,8,0,111,0,0,0,0,0,9,94,8,0,111,0,0,0,111
01/21/2008,GSP,SC,ASO,ES,Combined TRACON& Tower with Radar,15,105,28,0,148,0,0,8,0,8,15,105,36,0,156,0,0,0,156
01/22/2008,GSP,SC,ASO,ES,Combined TRACON& Tower with Radar,13,92,43,0,148,0,0,1,0,1,13,92,44,0,149,0,0,0,149
01/23/2008,GSP,SC,ASO,ES,Combined TRACON& Tower with Radar,24,80,46,0,150,0,0,3,0,3,24,80,49,0,153,0,0,0,153
01/24/2008,GSP,SC,ASO,ES,Combined TRACON& Tower with Radar,22,95,26,9,152,0,2,10,5,17,22,97,36,14,169,0,0,0,169
01/25/2008,GSP,SC,ASO,ES,Combined TRACON& Tower with Radar,21,104,28,2,155,0,0,19,3,22,21,104,47,5,177,10,0,10,187
01/26/2008,GSP,SC,ASO,ES,Combined TRACON& Tower with Radar,8,78,7,0,93,0,0,9,0,9,8,78,16,0,102,0,0,0,102
01/27/2008,GSP,SC,ASO,ES,Combined TRACON& Tower with Radar,14,81,19,3,117,0,0,9,0,9,14,81,28,3,126,0,0,0,126
01/28/2008,GSP,SC,ASO,ES,Combined TRACON& Tower with Radar,13,101,32,9,155,0,0,16,1,17,13,101,48,10,172,0,0,0,172
01/29/2008,GSP,SC,ASO,ES,Combined TRACON& Tower with Radar,17,94,19,5,135,0,0,5,1,6,17,94,24,6,141,0,0,0,141
01/30/2008,GSP,SC,ASO,ES,Combined TRACON& Tower with Radar,13,105,31,4,153,0,0,11,1,12,13,105,42,5,165,0,16,16,181
01/31/2008,GSP,SC,ASO,ES,Combined TRACON& Tower with Radar,19,103,35,2,159,0,0,9,1,10,19,103,44,3,169,0,0,0,169
02/01/2008,GSP,SC,ASO,ES,Combined TRACON& Tower with Radar,15,102,21,2,140,0,0,9,0,9,15,102,30,2,149,0,0,0,149
02/02/2008,GSP,SC,ASO,ES,Combined TRACON& Tower with Radar,9,69,7,2,87,0,0,7,0,7,9,69,14,2,94,0,0,0,94
02/03/2008,GSP,SC,ASO,ES,Combined TRACON& Tower with Radar,13,82,9,4,108,0,0,8,0,8,13,82,17,4,116,0,0,0,116
02/04/2008,GSP,SC,ASO,ES,Combined TRACON& Tower with Radar,16,94,21,2,133,0,0,4,0,4,16,94,25,2,137,0,0,0,137
02/05/2008,GSP,SC,ASO,ES,Combined TRACON& Tower with Radar,29,97,30,4,160,0,0,9,2,11,29,97,39,6,171,0,32,32,203
02/06/2008,GSP,SC,ASO,ES,Combined TRACON& Tower with Radar,20,93,27,10,150,0,0,0,0,0,20,93,27,10,150,0,40,40,190
02/07/2008,GSP,SC,ASO,ES,Combined TRACON& Tower with Radar,19,88,27,1,135,0,0,30,1,31,19,88,57,2,166,4,0,4,170
02/08/2008,GSP,SC,ASO,ES,Combined TRACON& Tower with Radar,21,100,31,7,159,0,0,16,3,19,21,100,47,10,178,4,0,4,182
02/09/2008,GSP,SC,ASO,ES,Combined TRACON& Tower with Radar,9,76,8,0,93,0,0,2,0,2,9,76,10,0,95,6,0,6,101
02/10/2008,GSP,SC,ASO,ES,Combined TRACON& Tower with Radar,15,81,21,4,121,0,0,6,1,7,15,81,27,5,128,0,0,0,128
02/11/2008,GSP,SC,ASO,ES,Combined TRACON& Tower with Radar,15,95,29,4,143,0,0,10,2,12,15,95,39,6,155,4,0,4,159
02/12/2008,GSP,SC,ASO,ES,Combined TRACON& Tower with Radar,18,79,27,5,129,0,0,3,0,3,18,79,30,5,132,0,12,12,144
02/13/2008,GSP,SC,ASO,ES,Combined TRACON& Tower with Radar,16,99,20,15,150,0,0,3,0,3,16,99,23,15,153,0,12,12,165
02/14/2008,GSP,SC,ASO,ES,Combined TRACON& Tower with Radar,24,96,31,6,157,0,0,15,0,15,24,96,46,6,172,0,4,4,176
02/15/2008,GSP,SC,ASO,ES,Combined TRACON& Tower with Radar,21,102,43,3,169,0,2,21,1,24,21,104,64,4,193,0,0,0,193
02/16/2008,GSP,SC,ASO,ES,Combined TRACON& Tower with Radar,10,81,9,0,100,0,0,9,0,9,10,81,18,0,109,10,0,10,119
02/17/2008,GSP,SC,ASO,ES,Combined TRACON& Tower with Radar,18,87,16,0,121,0,0,0,0,0,18,87,16,0,121,0,0,0,121
02/18/2008,GSP,SC,ASO,ES,Combined TRACON& Tower with Radar,17,98,25,1,141,0,0,21,1,22,17,98,46,2,163,10,0,10,173
02/19/2008,GSP,SC,ASO,ES,Combined TRACON& Tower with Radar,21,104,39,5,169,0,0,6,3,9,21,104,45,8,178,2,0,2,180
02/20/2008,GSP,SC,ASO,ES,Combined TRACON& Tower with Radar,20,103,24,5,152,0,0,10,1,11,20,103,34,6,163,0,0,0,163
02/21/2008,GSP,SC,ASO,ES,Combined TRACON& Tower with Radar,21,108,24,4,157,0,0,6,0,6,21,108,30,4,163,0,0,0,163
02/22/2008,GSP,SC,ASO,ES,Combined TRACON& Tower with Radar,18,86,28,0,132,0,0,0,0,0,18,86,28,0,132,0,0,0,132
02/23/2008,GSP,SC,ASO,ES,Combined TRACON& Tower with Radar,10,84,35,1,130,0,0,7,0,7,10,84,42,1,137,0,0,0,137
02/24/2008,GSP,SC,ASO,ES,Combined TRACON& Tower with Radar,8,102,12,1,123,0,0,9,1,10,8,102,21,2,133,0,0,0,133
02/25/2008,GSP,SC,ASO,ES,Combined TRACON& Tower with Radar,17,110,23,4,154,0,0,20,3,23,17,110,43,7,177,0,0,0,177
02/26/2008,GSP,SC,ASO,ES,Combined TRACON& Tower with Radar,17,98,30,0,145,0,0,4,0,4,17,98,34,0,149,0,0,0,149
02/27/2008,GSP,SC,ASO,ES,Combined TRACON& Tower with Radar,24,107,33,1,165,0,0,14,0,14,24,107,47,1,179,4,0,4,183
02/28/2008,GSP,SC,ASO,ES,Combined TRACON& Tower with Radar,20,109,35,0,164,0,0,19,2,21,20,109,54,2,185,0,0,0,185
02/29/2008,GSP,SC,ASO,ES,Combined TRACON& Tower with Radar,14,117,15,5,151,0,0,11,1,12,14,117,26,6,163,0,0,0,163
03/01/2008,GSP,SC,ASO,ES,Combined TRACON& Tower with Radar,7,93,14,4,118,0,0,6,1,7,7,93,20,5,125,0,0,0,125
03/02/2008,GSP,SC,ASO,ES,Combined TRACON& Tower with Radar,13,93,5,4,115,0,0,7,1,8,13,93,12,5,123,0,0,0,123
03/03/2008,GSP,SC,ASO,ES,Combined TRACON& Tower with Radar,12,114,29,1,156,0,0,6,0,6,12,114,35,1,162,2,0,2,164
03/04/2008,GSP,SC,ASO,ES,Combined TRACON& Tower with Radar,21,123,13,8,165,0,0,0,0,0,21,123,13,8,165,0,0,0,165
03/05/2008,GSP,SC,ASO,ES,Combined TRACON& Tower with Radar,19,105,28,1,153,0,0,15,3,18,19,105,43,4,171,0,0,0,171
03/06/2008,GSP,SC,ASO,ES,Combined TRACON& Tower with Radar,18,110,37,0,165,0,0,17,2,19,18,110,54,2,184,10,0,10,194
03/07/2008,GSP,SC,ASO,ES,Combined TRACON& Tower with Radar,14,108,28,0,150,0,0,0,0,0,14,108,28,0,150,0,0,0,150
03/08/2008,GSP,SC,ASO,ES,Combined TRACON& Tower with Radar,8,80,13,0,101,0,0,0,0,0,8,80,13,0,101,0,0,0,101
03/09/2008,GSP,SC,ASO,ES,Combined TRACON& Tower with Radar,9,91,15,10,125,0,0,12,2,14,9,91,27,12,139,4,10,14,153
03/10/2008,GSP,SC,ASO,ES,Combined TRACON& Tower with Radar,15,114,24,5,158,0,1,7,0,8,15,115,31,5,166,0,0,0,166
03/11/2008,GSP,SC,ASO,ES,Combined TRACON& Tower with Radar,21,103,45,4,173,0,0,13,1,14,21,103,58,5,187,0,20,20,207
03/12/2008,GSP,SC,ASO,ES,Combined TRACON& Tower with Radar,11,117,27,1,156,0,0,20,3,23,11,117,47,4,179,0,18,18,197
03/13/2008,GSP,SC,ASO,ES,Combined TRACON& Tower with Radar,22,107,36,4,169,0,0,18,2,20,22,107,54,6,189,0,4,4,193
03/14/2008,GSP,SC,ASO,ES,Combined TRACON& Tower with Radar,18,120,32,7,177,0,0,2,2,4,18,120,34,9,181,0,0,0,181
03/15/2008,GSP,SC,ASO,ES,Combined TRACON& Tower with Radar,9,81,5,0,95,0,0,0,0,0,9,81,5,0,95,0,0,0,95
03/16/2008,GSP,SC,ASO,ES,Combined TRACON& Tower with Radar,7,98,6,6,117,0,0,2,2,4,7,98,8,8,121,0,0,0,121
03/17/2008,GSP,SC,ASO,ES,Combined TRACON& Tower with Radar,12,111,21,0,144,0,0,14,0,14,12,111,35,0,158,0,0,0,158
03/18/2008,GSP,SC,ASO,ES,Combined TRACON& Tower with Radar,10,107,37,2,156,0,0,6,0,6,10,107,43,2,162,2,0,2,164
03/19/2008,GSP,SC,ASO,ES,Combined TRACON& Tower with Radar,15,110,25,4,154,0,0,0,0,0,15,110,25,4,154,0,0,0,154
03/20/2008,GSP,SC,ASO,ES,Combined TRACON& Tower with Radar,18,112,32,2,164,0,0,22,0,22,18,112,54,2,186,0,0,0,186
03/21/2008,GSP,SC,ASO,ES,Combined TRACON& Tower with Radar,17,108,18,2,145,0,0,16,0,16,17,108,34,2,161,0,0,0,161
03/22/2008,GSP,SC,ASO,ES,Combined TRACON& Tower with Radar,7,84,9,0,100,0,1,5,0,6,7,85,14,0,106,0,0,0,106
03/23/2008,GSP,SC,ASO,ES,Combined TRACON& Tower with Radar,16,88,6,0,110,0,0,7,0,7,16,88,13,0,117,26,0,26,143
03/24/2008,GSP,SC,ASO,ES,Combined TRACON& Tower with Radar,11,119,27,2,159,0,0,10,0,10,11,119,37,2,169,6,0,6,175
03/25/2008,GSP,SC,ASO,ES,Combined TRACON& Tower with Radar,17,107,42,2,168,0,0,26,2,28,17,107,68,4,196,22,0,22,218
03/26/2008,GSP,SC,ASO,ES,Combined TRACON& Tower with Radar,20,113,18,2,153,0,0,15,2,17,20,113,33,4,170,8,0,8,178
03/27/2008,GSP,SC,ASO,ES,Combined TRACON& Tower with Radar,15,109,26,6,156,0,0,22,0,22,15,109,48,6,178,0,0,0,178
03/28/2008,GSP,SC,ASO,ES,Combined TRACON& Tower with Radar,16,107,24,3,150,0,0,7,1,8,16,107,31,4,158,0,0,0,158
03/29/2008,GSP,SC,ASO,ES,Combined TRACON& Tower with Radar,5,94,9,0,108,0,1,2,0,3,5,95,11,0,111,0,0,0,111
03/30/2008,GSP,SC,ASO,ES,Combined TRACON& Tower with Radar,16,89,9,0,114,0,0,3,0,3,16,89,12,0,117,0,0,0,117
03/31/2008,GSP,SC,ASO,ES,Combined TRACON& Tower with Radar,9,117,26,0,152,0,0,0,0,0,9,117,26,0,152,0,0,0,152
04/01/2008,GSP,SC,ASO,ES,Combined TRACON& Tower with Radar,17,95,32,0,144,0,0,8,0,8,17,95,40,0,152,4,0,4,156
04/02/2008,GSP,SC,ASO,ES,Combined TRACON& Tower with Radar,14,107,25,4,150,0,0,11,0,11,14,107,36,4,161,0,0,0,161
04/03/2008,GSP,SC,ASO,ES,Combined TRACON& Tower with Radar,16,108,32,3,159,0,0,1,0,1,16,108,33,3,160,0,0,0,160
04/04/2008,GSP,SC,ASO,ES,Combined TRACON& Tower with Radar,15,111,22,0,148,0,0,0,0,0,15,111,22,0,148,0,0,0,148
04/05/2008,GSP,SC,ASO,ES,Combined TRACON& Tower with Radar,8,85,11,0,104,0,0,0,0,0,8,85,11,0,104,0,0,0,104
04/06/2008,GSP,SC,ASO,ES,Combined TRACON& Tower with Radar,12,94,9,6,121,0,0,9,0,9,12,94,18,6,130,0,10,10,140
04/07/2008,GSP,SC,ASO,ES,Combined TRACON& Tower with Radar,9,109,25,0,143,0,0,9,0,9,9,109,34,0,152,0,0,0,152
04/08/2008,GSP,SC,ASO,ES,Combined TRACON& Tower with Radar,18,109,52,0,179,0,1,9,0,10,18,110,61,0,189,0,0,0,189
04/09/2008,GSP,SC,ASO,ES,Combined TRACON& Tower with Radar,22,110,28,2,162,0,0,13,2,15,22,110,41,4,177,0,8,8,185
04/10/2008,GSP,SC,ASO,ES,Combined TRACON& Tower with Radar,22,101,23,0,146,0,0,24,0,24,22,101,47,0,170,0,0,0,170
04/11/2008,GSP,SC,ASO,ES,Combined TRACON& Tower with Radar,20,101,34,4,159,0,0,8,7,15,20,101,42,11,174,0,0,0,174
04/12/2008,GSP,SC,ASO,ES,Combined TRACON& Tower with Radar,10,76,11,1,98,0,0,0,0,0,10,76,11,1,98,0,0,0,98
04/13/2008,GSP,SC,ASO,ES,Combined TRACON& Tower with Radar,9,94,18,4,125,0,0,2,1,3,9,94,20,5,128,0,0,0,128
04/14/2008,GSP,SC,ASO,ES,Combined TRACON& Tower with Radar,13,106,26,3,148,0,0,3,3,6,13,106,29,6,154,0,0,0,154
04/15/2008,GSP,SC,ASO,ES,Combined TRACON& Tower with Radar,26,105,19,9,159,0,0,19,0,19,26,105,38,9,178,0,10,10,188
04/16/2008,GSP,SC,ASO,ES,Combined TRACON& Tower with Radar,13,121,42,2,178,0,0,19,0,19,13,121,61,2,197,0,0,0,197
04/17/2008,GSP,SC,ASO,ES,Combined TRACON& Tower with Radar,23,108,32,7,170,0,2,29,1,32,23,110,61,8,202,22,0,22,224
04/18/2008,GSP,SC,ASO,ES,Combined TRACON& Tower with Radar,19,104,25,9,157,0,0,10,0,10,19,104,35,9,167,0,2,2,169
04/19/2008,GSP,SC,ASO,ES,Combined TRACON& Tower with Radar,8,83,17,1,109,0,0,0,0,0,8,83,17,1,109,0,0,0,109
04/20/2008,GSP,SC,ASO,ES,Combined TRACON& Tower with Radar,11,99,16,5,131,0,0,6,0,6,11,99,22,5,137,8,0,8,145
04/21/2008,GSP,SC,ASO,ES,Combined TRACON& Tower with Radar,16,109,26,0,151,0,0,12,5,17,16,109,38,5,168,8,0,8,176
04/22/2008,GSP,SC,ASO,ES,Combined TRACON& Tower with Radar,17,109,28,0,154,0,0,6,1,7,17,109,34,1,161,0,0,0,161
04/23/2008,GSP,SC,ASO,ES,Combined TRACON& Tower with Radar,20,118,24,0,162,0,0,10,1,11,20,118,34,1,173,0,0,0,173
04/24/2008,GSP,SC,ASO,ES,Combined TRACON& Tower with Radar,22,111,43,0,176,0,0,16,0,16,22,111,59,0,192,0,0,0,192
04/25/2008,GSP,SC,ASO,ES,Combined TRACON& Tower with Radar,17,105,31,4,157,0,0,7,2,9,17,105,38,6,166,0,0,0,166
04/26/2008,GSP,SC,ASO,ES,Combined TRACON& Tower with Radar,12,74,13,0,99,0,0,11,0,11,12,74,24,0,110,2,0,2,112
04/27/2008,GSP,SC,ASO,ES,Combined TRACON& Tower with Radar,8,101,10,0,119,0,0,0,0,0,8,101,10,0,119,0,0,0,119
04/28/2008,GSP,SC,ASO,ES,Combined TRACON& Tower with Radar,22,107,23,2,154,0,0,5,1,6,22,107,28,3,160,0,0,0,160
04/29/2008,GSP,SC,ASO,ES,Combined TRACON& Tower with Radar,19,107,42,5,173,0,1,18,1,20,19,108,60,6,193,0,0,0,193
04/30/2008,GSP,SC,ASO,ES,Combined TRACON& Tower with Radar,15,119,25,5,164,0,0,15,3,18,15,119,40,8,182,0,0,0,182
05/01/2008,GSP,SC,ASO,ES,Combined TRACON& Tower with Radar,22,117,25,1,165,0,0,16,1,17,22,117,41,2,182,0,0,0,182
05/02/2008,GSP,SC,ASO,ES,Combined TRACON& Tower with Radar,21,103,18,5,147,0,0,12,0,12,21,103,30,5,159,0,0,0,159
05/03/2008,GSP,SC,ASO,ES,Combined TRACON& Tower with Radar,12,79,2,0,93,0,0,4,0,4,12,79,6,0,97,0,0,0,97
05/04/2008,GSP,SC,ASO,ES,Combined TRACON& Tower with Radar,12,98,9,2,121,0,0,5,4,9,12,98,14,6,130,0,0,0,130
05/05/2008,GSP,SC,ASO,ES,Combined TRACON& Tower with Radar,16,113,28,4,161,0,0,17,2,19,16,113,45,6,180,7,0,7,187
05/06/2008,GSP,SC,ASO,ES,Combined TRACON& Tower with Radar,16,113,20,2,151,0,1,12,0,13,16,114,32,2,164,12,0,12,176
05/07/2008,GSP,SC,ASO,ES,Combined TRACON& Tower with Radar,29,109,33,2,173,0,0,21,0,21,29,109,54,2,194,26,0,26,220
05/08/2008,GSP,SC,ASO,ES,Combined TRACON& Tower with Radar,17,118,26,8,169,0,0,11,0,11,17,118,37,8,180,8,8,16,196
05/09/2008,GSP,SC,ASO,ES,Combined TRACON& Tower with Radar,24,106,35,2,167,0,1,6,1,8,24,107,41,3,175,1,0,1,176
05/10/2008,GSP,SC,ASO,ES,Combined TRACON& Tower with Radar,7,91,7,2,107,0,0,4,7,11,7,91,11,9,118,0,0,0,118
05/11/2008,GSP,SC,ASO,ES,Combined TRACON& Tower with Radar,10,93,11,8,122,0,0,1,0,1,10,93,12,8,123,0,0,0,123
05/12/2008,GSP,SC,ASO,ES,Combined TRACON& Tower with Radar,14,101,16,2,133,0,0,4,0,4,14,101,20,2,137,0,0,0,137
05/13/2008,GSP,SC,ASO,ES,Combined TRACON& Tower with Radar,18,114,22,3,157,0,0,18,0,18,18,114,40,3,175,0,17,17,192
05/14/2008,GSP,SC,ASO,ES,Combined TRACON& Tower with Radar,24,120,19,2,165,0,1,13,0,14,24,121,32,2,179,0,0,0,179
05/15/2008,GSP,SC,ASO,ES,Combined TRACON& Tower with Radar,14,120,24,2,160,0,1,3,0,4,14,121,27,2,164,3,0,3,167
05/16/2008,GSP,SC,ASO,ES,Combined TRACON& Tower with Radar,17,115,33,4,169,0,0,11,1,12,17,115,44,5,181,4,0,4,185
05/17/2008,GSP,SC,ASO,ES,Combined TRACON& Tower with Radar,9,84,17,0,110,0,0,11,0,11,9,84,28,0,121,0,0,0,121
05/18/2008,GSP,SC,ASO,ES,Combined TRACON& Tower with Radar,11,99,8,5,123,0,0,2,0,2,11,99,10,5,125,0,0,0,125
05/19/2008,GSP,SC,ASO,ES,Combined TRACON& Tower with Radar,14,111,22,7,154,0,0,13,0,13,14,111,35,7,167,4,0,4,171
05/20/2008,GSP,SC,ASO,ES,Combined TRACON& Tower with Radar,27,103,28,0,158,0,0,2,0,2,27,103,30,0,160,0,0,0,160
05/21/2008,GSP,SC,ASO,ES,Combined TRACON& Tower with Radar,21,111,29,0,161,0,1,30,2,33,21,112,59,2,194,0,0,0,194
05/22/2008,GSP,SC,ASO,ES,Combined TRACON& Tower with Radar,17,114,31,0,162,0,0,15,7,22,17,114,46,7,184,0,0,0,184
05/23/2008,GSP,SC,ASO,ES,Combined TRACON& Tower with Radar,16,115,17,0,148,0,0,14,2,16,16,115,31,2,164,0,0,0,164
05/24/2008,GSP,SC,ASO,ES,Combined TRACON& Tower with Radar,8,75,4,1,88,0,0,5,1,6,8,75,9,2,94,0,0,0,94
05/25/2008,GSP,SC,ASO,ES,Combined TRACON& Tower with Radar,9,74,6,0,89,0,0,7,2,9,9,74,13,2,98,0,0,0,98
05/26/2008,GSP,SC,ASO,ES,Combined TRACON& Tower with Radar,6,106,18,0,130,0,0,9,0,9,6,106,27,0,139,0,0,0,139
05/27/2008,GSP,SC,ASO,ES,Combined TRACON& Tower with Radar,23,106,34,0,163,0,0,9,0,9,23,106,43,0,172,0,0,0,172
05/28/2008,GSP,SC,ASO,ES,Combined TRACON& Tower with Radar,19,110,41,2,172,0,0,2,1,3,19,110,43,3,175,0,0,0,175
05/29/2008,GSP,SC,ASO,ES,Combined TRACON& Tower with Radar,16,120,29,3,168,0,0,12,1,13,16,120,41,4,181,0,0,0,181
05/30/2008,GSP,SC,ASO,ES,Combined TRACON& Tower with Radar,19,109,23,1,152,0,1,7,0,8,19,110,30,1,160,0,0,0,160
05/31/2008,GSP,SC,ASO,ES,Combined TRACON& Tower with Radar,13,76,8,4,101,0,0,1,0,1,13,76,9,4,102,3,0,3,105
06/01/2008,GSP,SC,ASO,ES,Combined TRACON& Tower with Radar,11,98,8,0,117,0,0,3,0,3,11,98,11,0,120,0,0,0,120
06/02/2008,GSP,SC,ASO,ES,Combined TRACON& Tower with Radar,18,118,31,2,169,0,1,10,0,11,18,119,41,2,180,0,0,0,180
06/03/2008,GSP,SC,ASO,ES,Combined TRACON& Tower with Radar,17,108,34,0,159,0,1,8,2,11,17,109,42,2,170,0,0,0,170
06/04/2008,GSP,SC,ASO,ES,Combined TRACON& Tower with Radar,22,98,19,2,141,0,0,13,2,15,22,98,32,4,156,0,4,4,160
06/05/2008,GSP,SC,ASO,ES,Combined TRACON& Tower with Radar,19,93,27,7,146,0,0,12,0,12,19,93,39,7,158,0,0,0,158
06/06/2008,GSP,SC,ASO,ES,Combined TRACON& Tower with Radar,18,107,19,4,148,0,0,26,2,28,18,107,45,6,176,0,0,0,176
06/07/2008,GSP,SC,ASO,ES,Combined TRACON& Tower with Radar,11,86,11,0,108,0,0,14,2,16,11,86,25,2,124,0,0,0,124
06/08/2008,GSP,SC,ASO,ES,Combined TRACON& Tower with Radar,10,91,25,5,131,0,0,6,2,8,10,91,31,7,139,0,0,0,139
06/09/2008,GSP,SC,ASO,ES,Combined TRACON& Tower with Radar,14,105,25,3,147,0,1,18,2,21,14,106,43,5,168,0,0,0,168
06/10/2008,GSP,SC,ASO,ES,Combined TRACON& Tower with Radar,19,104,21,3,147,0,0,9,1,10,19,104,30,4,157,0,0,0,157
06/11/2008,GSP,SC,ASO,ES,Combined TRACON& Tower with Radar,31,114,15,4,164,0,0,4,0,4,31,114,19,4,168,0,0,0,168
06/12/2008,GSP,SC,ASO,ES,Combined TRACON& Tower with Radar,21,121,30,0,172,0,0,12,0,12,21,121,42,0,184,0,0,0,184
06/13/2008,GSP,SC,ASO,ES,Combined TRACON& Tower with Radar,18,110,20,13,161,0,0,11,0,11,18,110,31,13,172,0,0,0,172
06/14/2008,GSP,SC,ASO,ES,Combined TRACON& Tower with Radar,9,96,9,0,114,0,0,6,0,6,9,96,15,0,120,0,0,0,120
06/15/2008,GSP,SC,ASO,ES,Combined TRACON& Tower with Radar,17,98,6,4,125,0,0,6,2,8,17,98,12,6,133,0,0,0,133
06/16/2008,GSP,SC,ASO,ES,Combined TRACON& Tower with Radar,21,111,16,7,155,0,0,12,3,15,21,111,28,10,170,0,34,34,204
06/17/2008,GSP,SC,ASO,ES,Combined TRACON& Tower with Radar,15,113,11,2,141,0,0,13,0,13,15,113,24,2,154,12,12,24,178
06/18/2008,GSP,SC,ASO,ES,Combined TRACON& Tower with Radar,19,120,23,3,165,0,0,22,2,24,19,120,45,5,189,4,0,4,193
06/19/2008,GSP,SC,ASO,ES,Combined TRACON& Tower with Radar,22,108,26,2,158,0,0,15,0,15,22,108,41,2,173,0,0,0,173
06/20/2008,GSP,SC,ASO,ES,Combined TRACON& Tower with Radar,18,115,15,2,150,0,0,8,0,8,18,115,23,2,158,4,0,4,162
06/21/2008,GSP,SC,ASO,ES,Combined TRACON& Tower with Radar,6,91,11,1,109,0,0,5,3,8,6,91,16,4,117,0,0,0,117
06/22/2008,GSP,SC,ASO,ES,Combined TRACON& Tower with Radar,21,96,17,3,137,0,0,7,0,7,21,96,24,3,144,0,0,0,144
06/23/2008,GSP,SC,ASO,ES,Combined TRACON& Tower with Radar,28,113,39,2,182,0,0,10,0,10,28,113,49,2,192,0,0,0,192
06/24/2008,GSP,SC,ASO,ES,Combined TRACON& Tower with Radar,17,112,27,0,156,0,0,13,0,13,17,112,40,0,169,0,0,0,169
06/25/2008,GSP,SC,ASO,ES,Combined TRACON& Tower with Radar,22,118,22,2,164,0,0,15,0,15,22,118,37,2,179,0,0,0,179
06/26/2008,GSP,SC,ASO,ES,Combined TRACON& Tower with Radar,29,123,30,3,185,0,0,9,0,9,29,123,39,3,194,2,0,2,196
06/27/2008,GSP,SC,ASO,ES,Combined TRACON& Tower with Radar,23,126,24,2,175,0,0,16,0,16,23,126,40,2,191,0,0,0,191
06/28/2008,GSP,SC,ASO,ES,Combined TRACON& Tower with Radar,8,85,6,0,99,0,0,9,0,9,8,85,15,0,108,6,0,6,114
06/29/2008,GSP,SC,ASO,ES,Combined TRACON& Tower with Radar,15,107,15,2,139,0,2,0,0,2,15,109,15,2,141,0,0,0,141
06/30/2008,GSP,SC,ASO,ES,Combined TRACON& Tower with Radar,19,107,15,5,146,0,0,11,0,11,19,107,26,5,157,0,10,10,167
07/01/2008,GSP,SC,ASO,ES,Combined TRACON& Tower with Radar,16,112,31,5,164,0,0,9,1,10,16,112,40,6,174,2,0,2,176
07/02/2008,GSP,SC,ASO,ES,Combined TRACON& Tower with Radar,16,112,42,4,174,0,0,0,0,0,16,112,42,4,174,0,0,0,174
07/03/2008,GSP,SC,ASO,ES,Combined TRACON& Tower with Radar,21,110,14,0,145,0,0,14,0,14,21,110,28,0,159,6,0,6,165
07/04/2008,GSP,SC,ASO,ES,Combined TRACON& Tower with Radar,18,76,12,0,106,0,0,8,0,8,18,76,20,0,114,0,0,0,114
07/05/2008,GSP,SC,ASO,ES,Combined TRACON& Tower with Radar,18,77,56,0,151,0,0,24,0,24,18,77,80,0,175,0,0,0,175
07/06/2008,GSP,SC,ASO,ES,Combined TRACON& Tower with Radar,24,105,9,2,140,0,0,0,0,0,24,105,9,2,140,0,0,0,140
07/07/2008,GSP,SC,ASO,ES,Combined TRACON& Tower with Radar,16,104,38,1,159,0,0,6,0,6,16,104,44,1,165,0,0,0,165
07/08/2008,GSP,SC,ASO,ES,Combined TRACON& Tower with Radar,23,105,27,7,162,0,0,12,1,13,23,105,39,8,175,0,6,6,181
07/09/2008,GSP,SC,ASO,ES,Combined TRACON& Tower with Radar,17,125,33,5,180,0,1,3,0,4,17,126,36,5,184,0,0,0,184
07/10/2008,GSP,SC,ASO,ES,Combined TRACON& Tower with Radar,39,121,28,3,191,0,0,0,0,0,39,121,28,3,191,0,0,0,191
07/11/2008,GSP,SC,ASO,ES,Combined TRACON& Tower with Radar,19,114,47,0,180,0,0,0,0,0,19,114,47,0,180,4,0,4,184
07/12/2008,GSP,SC,ASO,ES,Combined TRACON& Tower with Radar,21,92,13,0,126,0,0,0,0,0,21,92,13,0,126,6,0,6,132
07/13/2008,GSP,SC,ASO,ES,Combined TRACON& Tower with Radar,29,92,12,4,137,0,0,2,1,3,29,92,14,5,140,4,0,4,144
07/14/2008,GSP,SC,ASO,ES,Combined TRACON& Tower with Radar,19,107,9,2,137,0,0,11,2,13,19,107,20,4,150,4,0,4,154
07/15/2008,GSP,SC,ASO,ES,Combined TRACON& Tower with Radar,18,115,31,4,168,0,0,11,0,11,18,115,42,4,179,0,0,0,179
07/16/2008,GSP,SC,ASO,ES,Combined TRACON& Tower with Radar,20,122,52,2,196,0,0,0,0,0,20,122,52,2,196,0,0,0,196
07/17/2008,GSP,SC,ASO,ES,Combined TRACON& Tower with Radar,22,114,43,0,179,0,0,0,0,0,22,114,43,0,179,2,10,12,191
07/18/2008,GSP,SC,ASO,ES,Combined TRACON& Tower with Radar,22,107,51,4,184,0,0,0,0,0,22,107,51,4,184,10,0,10,194
07/19/2008,GSP,SC,ASO,ES,Combined TRACON& Tower with Radar,13,85,5,0,103,0,0,2,0,2,13,85,7,0,105,0,0,0,105
07/20/2008,GSP,SC,ASO,ES,Combined TRACON& Tower with Radar,15,93,11,0,119,0,0,0,0,0,15,93,11,0,119,0,0,0,119
07/21/2008,GSP,SC,ASO,ES,Combined TRACON& Tower with Radar,14,116,29,3,162,0,0,0,0,0,14,116,29,3,162,0,0,0,162
07/22/2008,GSP,SC,ASO,ES,Combined TRACON& Tower with Radar,39,125,20,0,184,0,1,9,3,13,39,126,29,3,197,0,0,0,197
07/23/2008,GSP,SC,ASO,ES,Combined TRACON& Tower with Radar,20,122,26,2,170,0,0,6,0,6,20,122,32,2,176,0,0,0,176
07/24/2008,GSP,SC,ASO,ES,Combined TRACON& Tower with Radar,20,117,47,0,184,0,0,0,0,0,20,117,47,0,184,0,0,0,184
07/25/2008,GSP,SC,ASO,ES,Combined TRACON& Tower with Radar,23,118,38,6,185,0,0,0,0,0,23,118,38,6,185,0,0,0,185
07/26/2008,GSP,SC,ASO,ES,Combined TRACON& Tower with Radar,28,77,8,3,116,0,0,0,0,0,28,77,8,3,116,0,0,0,116
07/27/2008,GSP,SC,ASO,ES,Combined TRACON& Tower with Radar,16,86,10,4,116,0,0,0,0,0,16,86,10,4,116,0,0,0,116
07/28/2008,GSP,SC,ASO,ES,Combined TRACON& Tower with Radar,15,113,29,4,161,0,0,0,0,0,15,113,29,4,161,0,0,0,161
07/29/2008,GSP,SC,ASO,ES,Combined TRACON& Tower with Radar,26,112,32,1,171,0,0,5,0,5,26,112,37,1,176,0,0,0,176
07/30/2008,GSP,SC,ASO,ES,Combined TRACON& Tower with Radar,23,115,19,0,157,0,0,7,0,7,23,115,26,0,164,0,0,0,164
07/31/2008,GSP,SC,ASO,ES,Combined TRACON& Tower with Radar,28,113,20,0,161,0,0,0,0,0,28,113,20,0,161,2,0,2,163
08/01/2008,GSP,SC,ASO,ES,Combined TRACON& Tower with Radar,21,109,16,1,147,0,0,13,2,15,21,109,29,3,162,2,0,2,164
08/02/2008,GSP,SC,ASO,ES,Combined TRACON& Tower with Radar,10,86,8,1,105,0,0,3,0,3,10,86,11,1,108,4,0,4,112
08/03/2008,GSP,SC,ASO,ES,Combined TRACON& Tower with Radar,10,99,11,20,140,0,0,7,3,10,10,99,18,23,150,6,0,6,156
08/04/2008,GSP,SC,ASO,ES,Combined TRACON& Tower with Radar,13,108,20,5,146,0,0,8,0,8,13,108,28,5,154,0,0,0,154
08/05/2008,GSP,SC,ASO,ES,Combined TRACON& Tower with Radar,18,112,25,2,157,0,0,7,0,7,18,112,32,2,164,0,0,0,164
08/06/2008,GSP,SC,ASO,ES,Combined TRACON& Tower with Radar,19,118,42,2,181,0,0,10,0,10,19,118,52,2,191,0,0,0,191
08/07/2008,GSP,SC,ASO,ES,Combined TRACON& Tower with Radar,32,105,23,0,160,0,0,11,0,11,32,105,34,0,171,4,0,4,175
08/08/2008,GSP,SC,ASO,ES,Combined TRACON& Tower with Radar,23,113,18,7,161,0,0,20,5,25,23,113,38,12,186,0,0,0,186
08/09/2008,GSP,SC,ASO,ES,Combined TRACON& Tower with Radar,8,87,10,4,109,0,0,7,1,8,8,87,17,5,117,0,0,0,117
08/10/2008,GSP,SC,ASO,ES,Combined TRACON& Tower with Radar,18,87,18,7,130,0,0,3,1,4,18,87,21,8,134,0,0,0,134
08/11/2008,GSP,SC,ASO,ES,Combined TRACON& Tower with Radar,16,104,20,1,141,0,0,6,1,7,16,104,26,2,148,0,0,0,148
08/12/2008,GSP,SC,ASO,ES,Combined TRACON& Tower with Radar,17,114,15,0,146,0,0,11,0,11,17,114,26,0,157,0,0,0,157
08/13/2008,GSP,SC,ASO,ES,Combined TRACON& Tower with Radar,15,132,30,5,182,0,0,5,0,5,15,132,35,5,187,4,12,16,203
08/14/2008,GSP,SC,ASO,ES,Combined TRACON& Tower with Radar,20,108,29,0,157,0,0,12,0,12,20,108,41,0,169,6,0,6,175
08/15/2008,GSP,SC,ASO,ES,Combined TRACON& Tower with Radar,17,110,34,5,166,0,0,14,1,15,17,110,48,6,181,0,0,0,181
08/16/2008,GSP,SC,ASO,ES,Combined TRACON& Tower with Radar,5,90,9,0,104,0,0,2,2,4,5,90,11,2,108,0,0,0,108
08/17/2008,GSP,SC,ASO,ES,Combined TRACON& Tower with Radar,14,100,11,6,131,0,0,7,3,10,14,100,18,9,141,6,0,6,147
08/18/2008,GSP,SC,ASO,ES,Combined TRACON& Tower with Radar,30,106,39,1,176,0,0,6,2,8,30,106,45,3,184,0,0,0,184
08/19/2008,GSP,SC,ASO,ES,Combined TRACON& Tower with Radar,16,111,26,0,153,0,1,19,2,22,16,112,45,2,175,0,0,0,175
08/20/2008,GSP,SC,ASO,ES,Combined TRACON& Tower with Radar,21,118,27,2,168,0,1,18,0,19,21,119,45,2,187,16,0,16,203
08/21/2008,GSP,SC,ASO,ES,Combined TRACON& Tower with Radar,20,114,18,0,152,0,0,4,0,4,20,114,22,0,156,0,0,0,156
08/22/2008,GSP,SC,ASO,ES,Combined TRACON& Tower with Radar,18,117,30,8,173,0,1,7,2,10,18,118,37,10,183,0,0,0,183
08/23/2008,GSP,SC,ASO,ES,Combined TRACON& Tower with Radar,7,78,8,0,93,0,0,0,1,1,7,78,8,1,94,4,0,4,98
08/24/2008,GSP,SC,ASO,ES,Combined TRACON& Tower with Radar,13,92,9,2,116,0,0,2,0,2,13,92,11,2,118,6,0,6,124
08/25/2008,GSP,SC,ASO,ES,Combined TRACON& Tower with Radar,15,114,26,0,155,0,0,2,0,2,15,114,28,0,157,0,0,0,157
08/26/2008,GSP,SC,ASO,ES,Combined TRACON& Tower with Radar,15,108,31,0,154,0,0,0,0,0,15,108,31,0,154,0,0,0,154
08/27/2008,GSP,SC,ASO,ES,Combined TRACON& Tower with Radar,23,121,41,2,187,0,0,0,0,0,23,121,41,2,187,0,0,0,187
08/28/2008,GSP,SC,ASO,ES,Combined TRACON& Tower with Radar,30,106,39,1,176,0,0,6,2,8,30,106,45,3,184,0,0,0,184
08/29/2008,GSP,SC,ASO,ES,Combined TRACON& Tower with Radar,23,106,30,3,162,0,0,7,1,8,23,106,37,4,170,0,22,22,192
08/30/2008,GSP,SC,ASO,ES,Combined TRACON& Tower with Radar,9,73,13,1,96,0,0,6,0,6,9,73,19,1,102,4,0,4,106
08/31/2008,GSP,SC,ASO,ES,Combined TRACON& Tower with Radar,8,76,5,0,89,0,0,1,1,2,8,76,6,1,91,0,0,0,91
09/01/2008,GSP,SC,ASO,ES,Combined TRACON& Tower with Radar,9,104,11,0,124,0,1,6,0,7,9,105,17,0,131,0,0,0,131
09/02/2008,GSP,SC,ASO,ES,Combined TRACON& Tower with Radar,18,107,21,0,146,0,0,12,0,12,18,107,33,0,158,0,0,0,158
09/03/2008,GSP,SC,ASO,ES,Combined TRACON& Tower with Radar,25,103,31,8,167,0,0,21,0,21,25,103,52,8,188,20,12,32,220
09/04/2008,GSP,SC,ASO,ES,Combined TRACON& Tower with Radar,17,111,38,0,166,0,0,16,0,16,17,111,54,0,182,6,0,6,188
09/05/2008,GSP,SC,ASO,ES,Combined TRACON& Tower with Radar,25,112,21,1,159,0,0,7,0,7,25,112,28,1,166,0,0,0,166
09/06/2008,GSP,SC,ASO,ES,Combined TRACON& Tower with Radar,10,81,4,1,96,0,0,1,0,1,10,81,5,1,97,0,0,0,97
09/07/2008,GSP,SC,ASO,ES,Combined TRACON& Tower with Radar,15,88,4,3,110,0,0,3,0,3,15,88,7,3,113,0,0,0,113
09/08/2008,GSP,SC,ASO,ES,Combined TRACON& Tower with Radar,20,115,36,6,177,0,0,14,3,17,20,115,50,9,194,6,0,6,200
09/09/2008,GSP,SC,ASO,ES,Combined TRACON& Tower with Radar,19,98,32,0,149,0,0,5,0,5,19,98,37,0,154,0,0,0,154
09/10/2008,GSP,SC,ASO,ES,Combined TRACON& Tower with Radar,19,103,27,11,160,0,0,12,0,12,19,103,39,11,172,0,36,36,208
09/11/2008,GSP,SC,ASO,ES,Combined TRACON& Tower with Radar,19,111,31,2,163,0,0,0,0,0,19,111,31,2,163,0,0,0,163
09/12/2008,GSP,SC,ASO,ES,Combined TRACON& Tower with Radar,20,113,24,3,160,0,0,10,3,13,20,113,34,6,173,0,0,0,173
09/13/2008,GSP,SC,ASO,ES,Combined TRACON& Tower with Radar,10,86,6,1,103,0,0,4,2,6,10,86,10,3,109,0,0,0,109
09/14/2008,GSP,SC,ASO,ES,Combined TRACON& Tower with Radar,12,78,3,0,93,0,0,4,1,5,12,78,7,1,98,0,0,0,98
09/15/2008,GSP,SC,ASO,ES,Combined TRACON& Tower with Radar,13,108,25,0,146,0,0,5,1,6,13,108,30,1,152,10,0,10,162
09/16/2008,GSP,SC,ASO,ES,Combined TRACON& Tower with Radar,21,104,30,7,162,0,0,0,0,0,21,104,30,7,162,0,8,8,170
09/17/2008,GSP,SC,ASO,ES,Combined TRACON& Tower with Radar,21,106,26,2,155,0,0,11,0,11,21,106,37,2,166,0,0,0,166
09/18/2008,GSP,SC,ASO,ES,Combined TRACON& Tower with Radar,15,111,27,3,156,0,2,13,0,15,15,113,40,3,171,0,16,16,187
09/19/2008,GSP,SC,ASO,ES,Combined TRACON& Tower with Radar,25,107,24,5,161,0,0,7,1,8,25,107,31,6,169,0,0,0,169
09/20/2008,GSP,SC,ASO,ES,Combined TRACON& Tower with Radar,12,78,13,2,105,0,0,7,2,9,12,78,20,4,114,6,0,6,120
09/21/2008,GSP,SC,ASO,ES,Combined TRACON& Tower with Radar,17,84,17,4,122,0,0,4,0,4,17,84,21,4,126,0,0,0,126
09/22/2008,GSP,SC,ASO,ES,Combined TRACON& Tower with Radar,16,108,16,0,140,0,0,21,0,21,16,108,37,0,161,0,0,0,161
09/23/2008,GSP,SC,ASO,ES,Combined TRACON& Tower with Radar,22,97,27,2,148,0,0,13,2,15,22,97,40,4,163,2,0,2,165
09/24/2008,GSP,SC,ASO,ES,Combined TRACON& Tower with Radar,15,102,24,5,146,0,2,11,0,13,15,104,35,5,159,10,0,10,169
09/25/2008,GSP,SC,ASO,ES,Combined TRACON& Tower with Radar,27,106,27,4,164,0,3,2,1,6,27,109,29,5,170,0,4,4,174
09/26/2008,GSP,SC,ASO,ES,Combined TRACON& Tower with Radar,22,111,19,1,153,0,0,0,1,1,22,111,19,2,154,0,0,0,154
09/27/2008,GSP,SC,ASO,ES,Combined TRACON& Tower with Radar,13,80,20,1,114,0,0,2,0,2,13,80,22,1,116,0,0,0,116
09/28/2008,GSP,SC,ASO,ES,Combined TRACON& Tower with Radar,11,91,15,0,117,0,0,7,0,7,11,91,22,0,124,0,0,0,124
09/29/2008,GSP,SC,ASO,ES,Combined TRACON& Tower with Radar,14,108,25,8,155,0,0,12,0,12,14,108,37,8,167,0,0,0,167
09/30/2008,GSP,SC,ASO,ES,Combined TRACON& Tower with Radar,25,99,28,2,154,0,0,9,0,9,25,99,37,2,163,0,6,6,169
10/01/2008,GSP,SC,ASO,ES,Combined TRACON& Tower with Radar,25,101,33,5,164,0,0,13,0,13,25,101,46,5,177,0,14,14,191
10/02/2008,GSP,SC,ASO,ES,Combined TRACON& Tower with Radar,24,109,32,0,165,0,0,15,0,15,24,109,47,0,180,14,0,14,194
10/03/2008,GSP,SC,ASO,ES,Combined TRACON& Tower with Radar,18,102,27,2,149,0,2,24,2,28,18,104,51,4,177,8,0,8,185
10/04/2008,GSP,SC,ASO,ES,Combined TRACON& Tower with Radar,9,80,1,0,90,0,0,10,0,10,9,80,11,0,100,0,0,0,100
10/05/2008,GSP,SC,ASO,ES,Combined TRACON& Tower with Radar,15,81,18,2,116,0,0,6,0,6,15,81,24,2,122,0,0,0,122
10/06/2008,GSP,SC,ASO,ES,Combined TRACON& Tower with Radar,17,100,13,0,130,0,0,19,0,19,17,100,32,0,149,0,0,0,149
10/07/2008,GSP,SC,ASO,ES,Combined TRACON& Tower with Radar,19,97,28,10,154,0,1,9,0,10,19,98,37,10,164,0,0,0,164
10/08/2008,GSP,SC,ASO,ES,Combined TRACON& Tower with Radar,17,100,32,2,151,0,0,0,0,0,17,100,32,2,151,0,0,0,151
10/09/2008,GSP,SC,ASO,ES,Combined TRACON& Tower with Radar,20,109,44,5,178,0,0,4,4,8,20,109,48,9,186,0,8,8,194
10/10/2008,GSP,SC,ASO,ES,Combined TRACON& Tower with Radar,23,102,21,1,147,0,1,11,0,12,23,103,32,1,159,0,0,0,159
10/11/2008,GSP,SC,ASO,ES,Combined TRACON& Tower with Radar,7,75,10,0,92,0,0,2,0,2,7,75,12,0,94,0,0,0,94
10/12/2008,GSP,SC,ASO,ES,Combined TRACON& Tower with Radar,13,83,11,0,107,0,0,7,0,7,13,83,18,0,114,0,0,0,114
10/13/2008,GSP,SC,ASO,ES,Combined TRACON& Tower with Radar,27,101,24,0,152,0,0,14,0,14,27,101,38,0,166,18,0,18,184
10/14/2008,GSP,SC,ASO,ES,Combined TRACON& Tower with Radar,17,98,30,0,145,0,0,14,0,14,17,98,44,0,159,0,0,0,159
10/15/2008,GSP,SC,ASO,ES,Combined TRACON& Tower with Radar,16,98,22,0,136,0,1,29,0,30,16,99,51,0,166,8,0,8,174
10/16/2008,GSP,SC,ASO,ES,Combined TRACON& Tower with Radar,25,99,13,0,137,0,0,20,4,24,25,99,33,4,161,2,0,2,163
10/17/2008,GSP,SC,ASO,ES,Combined TRACON& Tower with Radar,30,106,25,0,161,0,0,5,0,5,30,106,30,0,166,0,0,0,166
10/18/2008,GSP,SC,ASO,ES,Combined TRACON& Tower with Radar,12,73,7,0,92,0,0,1,0,1,12,73,8,0,93,0,0,0,93
10/19/2008,GSP,SC,ASO,ES,Combined TRACON& Tower with Radar,12,86,7,4,109,0,0,14,0,14,12,86,21,4,123,0,0,0,123
10/20/2008,GSP,SC,ASO,ES,Combined TRACON& Tower with Radar,22,97,20,6,145,0,0,11,1,12,22,97,31,7,157,0,70,70,227
10/21/2008,GSP,SC,ASO,ES,Combined TRACON& Tower with Radar,23,91,24,0,138,0,0,7,10,17,23,91,31,10,155,0,0,0,155
10/22/2008,GSP,SC,ASO,ES,Combined TRACON& Tower with Radar,19,94,12,2,127,0,1,19,0,20,19,95,31,2,147,4,0,4,151
10/23/2008,GSP,SC,ASO,ES,Combined TRACON& Tower with Radar,24,99,15,1,139,0,0,8,2,10,24,99,23,3,149,0,0,0,149
10/24/2008,GSP,SC,ASO,ES,Combined TRACON& Tower with Radar,20,101,16,0,137,0,2,1,0,3,20,103,17,0,140,0,0,0,140
10/25/2008,GSP,SC,ASO,ES,Combined TRACON& Tower with Radar,9,76,8,0,93,0,0,0,0,0,9,76,8,0,93,0,0,0,93
10/26/2008,GSP,SC,ASO,ES,Combined TRACON& Tower with Radar,10,85,12,2,109,0,0,9,2,11,10,85,21,4,120,2,0,2,122
10/27/2008,GSP,SC,ASO,ES,Combined TRACON& Tower with Radar,20,94,25,0,139,0,0,19,3,22,20,94,44,3,161,0,0,0,161
10/28/2008,GSP,SC,ASO,ES,Combined TRACON& Tower with Radar,14,99,23,2,138,0,0,12,1,13,14,99,35,3,151,0,0,0,151
10/29/2008,GSP,SC,ASO,ES,Combined TRACON& Tower with Radar,21,97,27,0,145,0,2,14,2,18,21,99,41,2,163,10,0,10,173
10/30/2008,GSP,SC,ASO,ES,Combined TRACON& Tower with Radar,20,104,27,0,151,0,1,15,0,16,20,105,42,0,167,22,0,22,189
10/31/2008,GSP,SC,ASO,ES,Combined TRACON& Tower with Radar,24,102,11,6,143,0,0,20,3,23,24,102,31,9,166,2,12,14,180
11/01/2008,GSP,SC,ASO,ES,Combined TRACON& Tower with Radar,11,75,12,0,98,0,0,10,0,10,11,75,22,0,108,0,0,0,108
11/02/2008,GSP,SC,ASO,ES,Combined TRACON& Tower with Radar,8,84,14,0,106,0,0,13,0,13,8,84,27,0,119,0,0,0,119
11/03/2008,GSP,SC,ASO,ES,Combined TRACON& Tower with Radar,14,104,28,0,146,0,0,5,0,5,14,104,33,0,151,0,0,0,151
11/04/2008,GSP,SC,ASO,ES,Combined TRACON& Tower with Radar,13,92,18,22,145,0,0,6,1,7,13,92,24,23,152,0,56,56,208
11/05/2008,GSP,SC,ASO,ES,Combined TRACON& Tower with Radar,21,89,25,1,136,0,0,16,0,16,21,89,41,1,152,0,0,0,152
11/06/2008,GSP,SC,ASO,ES,Combined TRACON& Tower with Radar,20,97,23,3,143,0,0,21,2,23,20,97,44,5,166,8,0,8,174
11/07/2008,GSP,SC,ASO,ES,Combined TRACON& Tower with Radar,24,100,10,0,134,0,1,19,0,20,24,101,29,0,154,6,0,6,160
11/08/2008,GSP,SC,ASO,ES,Combined TRACON& Tower with Radar,9,79,8,0,96,0,0,16,0,16,9,79,24,0,112,4,0,4,116
11/09/2008,GSP,SC,ASO,ES,Combined TRACON& Tower with Radar,15,85,9,0,109,0,0,8,0,8,15,85,17,0,117,0,0,0,117
11/10/2008,GSP,SC,ASO,ES,Combined TRACON& Tower with Radar,13,105,21,0,139,0,0,12,0,12,13,105,33,0,151,0,0,0,151
11/11/2008,GSP,SC,ASO,ES,Combined TRACON& Tower with Radar,19,86,16,4,125,0,0,9,0,9,19,86,25,4,134,0,0,0,134
11/12/2008,GSP,SC,ASO,ES,Combined TRACON& Tower with Radar,19,93,34,4,150,0,0,2,0,2,19,93,36,4,152,0,0,0,152
11/13/2008,GSP,SC,ASO,ES,Combined TRACON& Tower with Radar,20,104,30,5,159,0,0,0,0,0,20,104,30,5,159,0,0,0,159
11/14/2008,GSP,SC,ASO,ES,Combined TRACON& Tower with Radar,21,98,24,0,143,0,0,0,0,0,21,98,24,0,143,0,0,0,143
11/15/2008,GSP,SC,ASO,ES,Combined TRACON& Tower with Radar,10,71,8,4,93,0,0,2,2,4,10,71,10,6,97,0,0,0,97
11/16/2008,GSP,SC,ASO,ES,Combined TRACON& Tower with Radar,9,84,9,2,104,0,1,4,2,7,9,85,13,4,111,0,0,0,111
11/17/2008,GSP,SC,ASO,ES,Combined TRACON& Tower with Radar,15,100,26,0,141,0,0,17,2,19,15,100,43,2,160,0,0,0,160
11/18/2008,GSP,SC,ASO,ES,Combined TRACON& Tower with Radar,12,96,18,1,127,0,0,13,1,14,12,96,31,2,141,0,0,0,141
11/19/2008,GSP,SC,ASO,ES,Combined TRACON& Tower with Radar,21,95,21,0,137,0,0,15,1,16,21,95,36,1,153,0,0,0,153
11/20/2008,GSP,SC,ASO,ES,Combined TRACON& Tower with Radar,21,100,37,3,161,0,0,14,1,15,21,100,51,4,176,0,0,0,176
11/21/2008,GSP,SC,ASO,ES,Combined TRACON& Tower with Radar,22,102,22,2,148,0,0,10,2,12,22,102,32,4,160,0,0,0,160
11/22/2008,GSP,SC,ASO,ES,Combined TRACON& Tower with Radar,10,73,14,2,99,0,0,3,2,5,10,73,17,4,104,0,0,0,104
11/23/2008,GSP,SC,ASO,ES,Combined TRACON& Tower with Radar,10,85,4,14,113,0,0,6,0,6,10,85,10,14,119,0,6,6,125
11/24/2008,GSP,SC,ASO,ES,Combined TRACON& Tower with Radar,17,90,20,4,131,0,0,6,0,6,17,90,26,4,137,0,0,0,137
11/25/2008,GSP,SC,ASO,ES,Combined TRACON& Tower with Radar,14,103,18,5,140,0,0,12,0,12,14,103,30,5,152,0,0,0,152
11/26/2008,GSP,SC,ASO,ES,Combined TRACON& Tower with Radar,31,103,17,0,151,0,0,14,0,14,31,103,31,0,165,0,0,0,165
11/27/2008,GSP,SC,ASO,ES,Combined TRACON& Tower with Radar,8,55,4,0,67,0,0,1,2,3,8,55,5,2,70,0,0,0,70
11/28/2008,GSP,SC,ASO,ES,Combined TRACON& Tower with Radar,12,70,5,0,87,0,0,2,0,2,12,70,7,0,89,0,0,0,89
11/29/2008,GSP,SC,ASO,ES,Combined TRACON& Tower with Radar,15,87,19,0,121,0,0,0,0,0,15,87,19,0,121,0,0,0,121
11/30/2008,GSP,SC,ASO,ES,Combined TRACON& Tower with Radar,13,97,17,0,127,0,0,0,0,0,13,97,17,0,127,0,0,0,127
12/01/2008,GSP,SC,ASO,ES,Combined TRACON& Tower with Radar,13,107,27,4,151,0,0,4,0,4,13,107,31,4,155,0,0,0,155
12/02/2008,GSP,SC,ASO,ES,Combined TRACON& Tower with Radar,14,102,23,0,139,0,0,25,0,25,14,102,48,0,164,22,4,26,190
12/03/2008,GSP,SC,ASO,ES,Combined TRACON& Tower with Radar,22,96,16,0,134,0,0,19,0,19,22,96,35,0,153,0,0,0,153
12/04/2008,GSP,SC,ASO,ES,Combined TRACON& Tower with Radar,15,109,20,0,144,0,0,4,0,4,15,109,24,0,148,0,0,0,148
12/05/2008,GSP,SC,ASO,ES,Combined TRACON& Tower with Radar,14,101,19,2,136,0,0,20,0,20,14,101,39,2,156,10,20,30,186
12/06/2008,GSP,SC,ASO,ES,Combined TRACON& Tower with Radar,9,74,10,0,93,0,0,3,0,3,9,74,13,0,96,14,0,14,110
12/07/2008,GSP,SC,ASO,ES,Combined TRACON& Tower with Radar,12,77,6,0,95,0,0,3,0,3,12,77,9,0,98,0,0,0,98
12/08/2008,GSP,SC,ASO,ES,Combined TRACON& Tower with Radar,12,103,17,2,134,0,0,9,0,9,12,103,26,2,143,0,0,0,143
12/09/2008,GSP,SC,ASO,ES,Combined TRACON& Tower with Radar,11,92,25,9,137,0,0,9,2,11,11,92,34,11,148,0,0,0,148
12/10/2008,GSP,SC,ASO,ES,Combined TRACON& Tower with Radar,17,101,16,0,134,0,0,0,0,0,17,101,16,0,134,0,0,0,134
12/11/2008,GSP,SC,ASO,ES,Combined TRACON& Tower with Radar,18,97,23,0,138,0,0,2,0,2,18,97,25,0,140,0,0,0,140
12/12/2008,GSP,SC,ASO,ES,Combined TRACON& Tower with Radar,20,110,18,2,150,0,0,19,0,19,20,110,37,2,169,6,0,6,175
12/13/2008,GSP,SC,ASO,ES,Combined TRACON& Tower with Radar,7,71,5,1,84,0,0,6,0,6,7,71,11,1,90,0,0,0,90
12/14/2008,GSP,SC,ASO,ES,Combined TRACON& Tower with Radar,13,84,19,3,119,0,0,1,4,5,13,84,20,7,124,0,0,0,124
12/15/2008,GSP,SC,ASO,ES,Combined TRACON& Tower with Radar,10,103,24,7,144,0,0,1,0,1,10,103,25,7,145,0,0,0,145
12/16/2008,GSP,SC,ASO,ES,Combined TRACON& Tower with Radar,24,97,37,6,164,0,0,2,0,2,24,97,39,6,166,4,0,4,170
12/17/2008,GSP,SC,ASO,ES,Combined TRACON& Tower with Radar,21,89,27,4,141,0,0,0,0,0,21,89,27,4,141,0,0,0,141
12/18/2008,GSP,SC,ASO,ES,Combined TRACON& Tower with Radar,17,128,31,2,178,0,0,8,0,8,17,128,39,2,186,16,6,22,208
12/19/2008,GSP,SC,ASO,ES,Combined TRACON& Tower with Radar,18,121,16,1,156,0,0,3,1,4,18,121,19,2,160,0,0,0,160
12/20/2008,GSP,SC,ASO,ES,Combined TRACON& Tower with Radar,17,86,20,1,124,0,0,0,2,2,17,86,20,3,126,0,0,0,126
12/21/2008,GSP,SC,ASO,ES,Combined TRACON& Tower with Radar,7,83,6,0,96,0,0,5,0,5,7,83,11,0,101,0,0,0,101
12/22/2008,GSP,SC,ASO,ES,Combined TRACON& Tower with Radar,17,96,13,0,126,0,0,10,0,10,17,96,23,0,136,2,0,2,138
12/23/2008,GSP,SC,ASO,ES,Combined TRACON& Tower with Radar,19,107,23,3,152,0,0,12,0,12,19,107,35,3,164,0,0,0,164
12/24/2008,GSP,SC,ASO,ES,Combined TRACON& Tower with Radar,10,86,18,0,114,0,0,4,0,4,10,86,22,0,118,0,0,0,118
12/25/2008,GSP,SC,ASO,ES,Combined TRACON& Tower with Radar,5,70,2,0,77,0,0,1,0,1,5,70,3,0,78,0,0,0,78
12/26/2008,GSP,SC,ASO,ES,Combined TRACON& Tower with Radar,12,92,29,0,133,0,0,0,0,0,12,92,29,0,133,8,0,8,141
12/27/2008,GSP,SC,ASO,ES,Combined TRACON& Tower with Radar,15,59,11,0,85,0,0,0,0,0,15,59,11,0,85,0,0,0,85
12/28/2008,GSP,SC,ASO,ES,Combined TRACON& Tower with Radar,18,75,12,0,105,0,0,0,0,0,18,75,12,0,105,0,0,0,105
12/29/2008,GSP,SC,ASO,ES,Combined TRACON& Tower with Radar,11,100,13,0,124,0,0,21,1,22,11,100,34,1,146,2,0,2,148
12/30/2008,GSP,SC,ASO,ES,Combined TRACON& Tower with Radar,18,97,22,0,137,0,0,16,1,17,18,97,38,1,154,4,0,4,158
12/31/2008,GSP,SC,ASO,ES,Combined TRACON& Tower with Radar,18,78,10,0,106,0,0,12,0,12,18,78,22,0,118,4,0,4,122
01/01/2009,GSP,SC,ASO,ES,Combined TRACON& Tower with Radar,6,79,5,0,90,0,0,5,0,5,6,79,10,0,95,0,0,0,95
01/02/2009,GSP,SC,ASO,ES,Combined TRACON& Tower with Radar,12,98,9,0,119,0,0,0,0,0,12,98,9,0,119,0,0,0,119
01/03/2009,GSP,SC,ASO,ES,Combined TRACON& Tower with Radar,10,74,12,0,96,0,0,0,0,0,10,74,12,0,96,0,0,0,96
01/04/2009,GSP,SC,ASO,ES,Combined TRACON& Tower with Radar,14,79,16,0,109,0,0,2,0,2,14,79,18,0,111,0,0,0,111
01/05/2009,GSP,SC,ASO,ES,Combined TRACON& Tower with Radar,13,90,23,0,126,0,0,3,1,4,13,90,26,1,130,0,0,0,130
01/06/2009,GSP,SC,ASO,ES,Combined TRACON& Tower with Radar,14,89,19,7,129,0,0,0,0,0,14,89,19,7,129,0,8,8,137
01/07/2009,GSP,SC,ASO,ES,Combined TRACON& Tower with Radar,17,89,10,0,116,0,0,8,3,11,17,89,18,3,127,4,0,4,131
01/08/2009,GSP,SC,ASO,ES,Combined TRACON& Tower with Radar,15,95,15,0,125,0,0,17,3,20,15,95,32,3,145,6,0,6,151
01/09/2009,GSP,SC,ASO,ES,Combined TRACON& Tower with Radar,16,92,13,2,123,0,0,17,1,18,16,92,30,3,141,6,0,6,147
01/10/2009,GSP,SC,ASO,ES,Combined TRACON& Tower with Radar,12,62,9,0,83,0,0,4,0,4,12,62,13,0,87,0,0,0,87
01/11/2009,GSP,SC,ASO,ES,Combined TRACON& Tower with Radar,11,79,9,2,101,0,0,5,0,5,11,79,14,2,106,0,0,0,106
01/12/2009,GSP,SC,ASO,ES,Combined TRACON& Tower with Radar,13,86,12,2,113,0,0,17,2,19,13,86,29,4,132,0,0,0,132
01/13/2009,GSP,SC,ASO,ES,Combined TRACON& Tower with Radar,10,87,19,0,116,0,0,9,0,9,10,87,28,0,125,6,0,6,131
01/14/2009,GSP,SC,ASO,ES,Combined TRACON& Tower with Radar,17,83,15,0,115,0,0,11,0,11,17,83,26,0,126,0,0,0,126
01/15/2009,GSP,SC,ASO,ES,Combined TRACON& Tower with Radar,13,90,12,4,119,0,0,14,0,14,13,90,26,4,133,24,2,26,159
01/16/2009,GSP,SC,ASO,ES,Combined TRACON& Tower with Radar,16,93,16,0,125,0,0,12,2,14,16,93,28,2,139,0,0,0,139
01/17/2009,GSP,SC,ASO,ES,Combined TRACON& Tower with Radar,8,62,4,0,74,0,0,7,3,10,8,62,11,3,84,0,0,0,84
01/18/2009,GSP,SC,ASO,ES,Combined TRACON& Tower with Radar,15,73,9,0,97,0,0,1,0,1,15,73,10,0,98,0,0,0,98
01/19/2009,GSP,SC,ASO,ES,Combined TRACON& Tower with Radar,13,90,7,0,110,0,0,7,0,7,13,90,14,0,117,0,0,0,117
01/20/2009,GSP,SC,ASO,ES,Combined TRACON& Tower with Radar,12,89,19,0,120,0,0,2,0,2,12,89,21,0,122,8,0,8,130
01/21/2009,GSP,SC,ASO,ES,Combined TRACON& Tower with Radar,13,95,19,2,129,0,0,15,0,15,13,95,34,2,144,6,0,6,150
01/22/2009,GSP,SC,ASO,ES,Combined TRACON& Tower with Radar,11,91,27,1,130,0,0,21,4,25,11,91,48,5,155,0,6,6,161
01/23/2009,GSP,SC,ASO,ES,Combined TRACON& Tower with Radar,11,98,17,6,132,0,0,12,1,13,11,98,29,7,145,8,0,8,153
01/24/2009,GSP,SC,ASO,ES,Combined TRACON& Tower with Radar,6,66,6,0,78,0,0,6,0,6,6,66,12,0,84,0,0,0,84
01/25/2009,GSP,SC,ASO,ES,Combined TRACON& Tower with Radar,11,79,12,0,102,0,0,3,0,3,11,79,15,0,105,0,0,0,105
01/26/2009,GSP,SC,ASO,ES,Combined TRACON& Tower with Radar,11,92,15,7,125,0,0,6,0,6,11,92,21,7,131,0,14,14,145
01/27/2009,GSP,SC,ASO,ES,Combined TRACON& Tower with Radar,9,83,21,0,113,0,0,0,0,0,9,83,21,0,113,0,0,0,113
01/28/2009,GSP,SC,ASO,ES,Combined TRACON& Tower with Radar,16,69,21,0,106,0,0,3,0,3,16,69,24,0,109,0,0,0,109
01/29/2009,GSP,SC,ASO,ES,Combined TRACON& Tower with Radar,17,94,37,5,153,0,0,14,8,22,17,94,51,13,175,18,0,18,193
01/30/2009,GSP,SC,ASO,ES,Combined TRACON& Tower with Radar,14,88,18,0,120,0,0,6,0,6,14,88,24,0,126,0,0,0,126
01/31/2009,GSP,SC,ASO,ES,Combined TRACON& Tower with Radar,6,72,12,0,90,0,0,10,0,10,6,72,22,0,100,4,0,4,104
02/01/2009,GSP,SC,ASO,ES,Combined TRACON& Tower with Radar,5,82,7,0,94,0,0,8,5,13,5,82,15,5,107,0,0,0,107
02/02/2009,GSP,SC,ASO,ES,Combined TRACON& Tower with Radar,17,89,21,0,127,0,0,7,0,7,17,89,28,0,134,1,0,1,135
02/03/2009,GSP,SC,ASO,ES,Combined TRACON& Tower with Radar,11,90,19,1,121,0,0,12,1,13,11,90,31,2,134,0,0,0,134
02/04/2009,GSP,SC,ASO,ES,Combined TRACON& Tower with Radar,17,77,25,0,119,0,1,9,0,10,17,78,34,0,129,0,0,0,129
02/05/2009,GSP,SC,ASO,ES,Combined TRACON& Tower with Radar,13,91,20,1,125,0,0,13,3,16,13,91,33,4,141,0,0,0,141
02/06/2009,GSP,SC,ASO,ES,Combined TRACON& Tower with Radar,16,91,15,0,122,0,0,23,3,26,16,91,38,3,148,4,0,4,152
02/07/2009,GSP,SC,ASO,ES,Combined TRACON& Tower with Radar,9,62,2,0,73,0,0,15,0,15,9,62,17,0,88,0,0,0,88
02/08/2009,GSP,SC,ASO,ES,Combined TRACON& Tower with Radar,12,78,6,3,99,0,0,5,0,5,12,78,11,3,104,0,0,0,104
02/09/2009,GSP,SC,ASO,ES,Combined TRACON& Tower with Radar,15,96,17,0,128,0,0,10,2,12,15,96,27,2,140,0,0,0,140
02/10/2009,GSP,SC,ASO,ES,Combined TRACON& Tower with Radar,12,90,11,6,119,0,0,11,0,11,12,90,22,6,130,6,0,6,136
02/11/2009,GSP,SC,ASO,ES,Combined TRACON& Tower with Radar,18,88,16,0,122,0,0,6,1,7,18,88,22,1,129,0,0,0,129
02/12/2009,GSP,SC,ASO,ES,Combined TRACON& Tower with Radar,14,88,23,0,125,0,0,17,5,22,14,88,40,5,147,0,0,0,147
02/13/2009,GSP,SC,ASO,ES,Combined TRACON& Tower with Radar,15,95,11,1,122,0,1,23,2,26,15,96,34,3,148,0,0,0,148
02/14/2009,GSP,SC,ASO,ES,Combined TRACON& Tower with Radar,11,58,3,0,72,0,0,7,0,7,11,58,10,0,79,40,0,40,119
02/15/2009,GSP,SC,ASO,ES,Combined TRACON& Tower with Radar,12,97,71,0,180,0,4,76,0,80,12,101,147,0,260,0,0,0,260
02/16/2009,GSP,SC,ASO,ES,Combined TRACON& Tower with Radar,20,91,31,0,142,0,0,9,0,9,20,91,40,0,151,6,0,6,157
02/17/2009,GSP,SC,ASO,ES,Combined TRACON& Tower with Radar,13,92,17,0,122,0,0,7,4,11,13,92,24,4,133,0,0,0,133
02/18/2009,GSP,SC,ASO,ES,Combined TRACON& Tower with Radar,17,96,17,0,130,0,0,0,0,0,17,96,17,0,130,0,0,0,130
02/19/2009,GSP,SC,ASO,ES,Combined TRACON& Tower with Radar,16,98,22,0,136,0,0,6,5,11,16,98,28,5,147,0,0,0,147
02/20/2009,GSP,SC,ASO,ES,Combined TRACON& Tower with Radar,13,91,20,1,125,0,0,23,2,25,13,91,43,3,150,3,0,3,153
02/21/2009,GSP,SC,ASO,ES,Combined TRACON& Tower with Radar,8,64,2,2,76,0,0,7,0,7,8,64,9,2,83,2,0,2,85
02/22/2009,GSP,SC,ASO,ES,Combined TRACON& Tower with Radar,11,80,10,2,103,0,0,5,0,5,11,80,15,2,108,0,0,0,108
02/23/2009,GSP,SC,ASO,ES,Combined TRACON& Tower with Radar,17,94,16,0,127,0,0,8,0,8,17,94,24,0,135,4,0,4,139
02/24/2009,GSP,SC,ASO,ES,Combined TRACON& Tower with Radar,11,90,15,0,116,0,0,18,0,18,11,90,33,0,134,12,0,12,146
02/25/2009,GSP,SC,ASO,ES,Combined TRACON& Tower with Radar,21,92,26,2,141,0,0,11,0,11,21,92,37,2,152,0,0,0,152
02/26/2009,GSP,SC,ASO,ES,Combined TRACON& Tower with Radar,10,100,23,0,133,0,0,1,0,1,10,100,24,0,134,0,0,0,134
02/27/2009,GSP,SC,ASO,ES,Combined TRACON& Tower with Radar,10,93,22,0,125,0,0,1,0,1,10,93,23,0,126,0,0,0,126
02/28/2009,GSP,SC,ASO,ES,Combined TRACON& Tower with Radar,6,65,7,1,79,0,0,0,0,0,6,65,7,1,79,0,0,0,79
03/01/2009,GSP,SC,ASO,ES,Combined TRACON& Tower with Radar,5,58,8,0,71,0,0,0,1,1,5,58,8,1,72,0,0,0,72
03/02/2009,GSP,SC,ASO,ES,Combined TRACON& Tower with Radar,17,78,18,0,113,0,0,19,0,19,17,78,37,0,132,0,0,0,132
03/03/2009,GSP,SC,ASO,ES,Combined TRACON& Tower with Radar,16,80,28,8,132,0,0,12,0,12,16,80,40,8,144,0,0,0,144
03/04/2009,GSP,SC,ASO,ES,Combined TRACON& Tower with Radar,19,89,38,0,146,0,0,20,0,20,19,89,58,0,166,2,0,2,168
03/05/2009,GSP,SC,ASO,ES,Combined TRACON& Tower with Radar,20,97,27,3,147,0,0,19,2,21,20,97,46,5,168,0,0,0,168
03/06/2009,GSP,SC,ASO,ES,Combined TRACON& Tower with Radar,15,90,21,2,128,0,1,16,1,18,15,91,37,3,146,0,0,0,146
03/07/2009,GSP,SC,ASO,ES,Combined TRACON& Tower with Radar,12,54,6,0,72,0,0,9,0,9,12,54,15,0,81,0,0,0,81
03/08/2009,GSP,SC,ASO,ES,Combined TRACON& Tower with Radar,16,79,13,2,110,0,0,6,0,6,16,79,19,2,116,0,0,0,116
03/09/2009,GSP,SC,ASO,ES,Combined TRACON& Tower with Radar,19,95,19,4,137,0,0,12,0,12,19,95,31,4,149,4,0,4,153
03/10/2009,GSP,SC,ASO,ES,Combined TRACON& Tower with Radar,21,86,28,3,138,0,0,12,4,16,21,86,40,7,154,0,0,0,154
03/11/2009,GSP,SC,ASO,ES,Combined TRACON& Tower with Radar,20,86,19,1,126,0,0,11,0,11,20,86,30,1,137,0,0,0,137
03/12/2009,GSP,SC,ASO,ES,Combined TRACON& Tower with Radar,20,90,26,1,137,0,0,9,1,10,20,90,35,2,147,0,0,0,147
03/13/2009,GSP,SC,ASO,ES,Combined TRACON& Tower with Radar,14,94,18,1,127,0,0,0,2,2,14,94,18,3,129,0,0,0,129
03/14/2009,GSP,SC,ASO,ES,Combined TRACON& Tower with Radar,9,58,9,1,77,0,0,0,0,0,9,58,9,1,77,0,0,0,77
03/15/2009,GSP,SC,ASO,ES,Combined TRACON& Tower with Radar,11,82,9,0,102,0,0,0,0,0,11,82,9,0,102,0,0,0,102
03/16/2009,GSP,SC,ASO,ES,Combined TRACON& Tower with Radar,19,95,33,0,147,0,0,0,0,0,19,95,33,0,147,0,0,0,147
03/17/2009,GSP,SC,ASO,ES,Combined TRACON& Tower with Radar,20,89,26,0,135,0,0,13,5,18,20,89,39,5,153,0,0,0,153
03/18/2009,GSP,SC,ASO,ES,Combined TRACON& Tower with Radar,28,103,35,2,168,0,0,25,0,25,28,103,60,2,193,4,0,4,197
03/19/2009,GSP,SC,ASO,ES,Combined TRACON& Tower with Radar,18,88,23,0,129,0,0,11,0,11,18,88,34,0,140,0,0,0,140
03/20/2009,GSP,SC,ASO,ES,Combined TRACON& Tower with Radar,15,94,19,2,130,0,0,12,0,12,15,94,31,2,142,0,0,0,142
03/21/2009,GSP,SC,ASO,ES,Combined TRACON& Tower with Radar,10,60,7,0,77,0,0,14,0,14,10,60,21,0,91,0,0,0,91
03/22/2009,GSP,SC,ASO,ES,Combined TRACON& Tower with Radar,13,84,10,0,107,0,0,7,0,7,13,84,17,0,114,0,0,0,114
03/23/2009,GSP,SC,ASO,ES,Combined TRACON& Tower with Radar,19,90,21,6,136,0,0,12,4,16,19,90,33,10,152,0,24,24,176
03/24/2009,GSP,SC,ASO,ES,Combined TRACON& Tower with Radar,18,93,25,0,136,0,0,11,0,11,18,93,36,0,147,0,0,0,147
03/25/2009,GSP,SC,ASO,ES,Combined TRACON& Tower with Radar,20,93,32,0,145,0,0,0,0,0,20,93,32,0,145,0,0,0,145
03/26/2009,GSP,SC,ASO,ES,Combined TRACON& Tower with Radar,18,88,14,0,120,0,0,0,0,0,18,88,14,0,120,0,0,0,120
03/27/2009,GSP,SC,ASO,ES,Combined TRACON& Tower with Radar,15,88,23,2,128,0,0,0,0,0,15,88,23,2,128,0,0,0,128
03/28/2009,GSP,SC,ASO,ES,Combined TRACON& Tower with Radar,15,54,4,0,73,0,0,0,0,0,15,54,4,0,73,0,0,0,73
03/29/2009,GSP,SC,ASO,ES,Combined TRACON& Tower with Radar,13,84,15,0,112,0,0,5,0,5,13,84,20,0,117,0,0,0,117
03/30/2009,GSP,SC,ASO,ES,Combined TRACON& Tower with Radar,19,88,18,2,127,0,0,16,0,16,19,88,34,2,143,6,0,6,149
03/31/2009,GSP,SC,ASO,ES,Combined TRACON& Tower with Radar,17,86,30,0,133,0,0,15,1,16,17,86,45,1,149,0,0,0,149
04/01/2009,GSP,SC,ASO,ES,Combined TRACON& Tower with Radar,23,93,33,1,150,0,0,3,3,6,23,93,36,4,156,0,0,0,156
04/02/2009,GSP,SC,ASO,ES,Combined TRACON& Tower with Radar,27,89,33,6,155,0,0,1,1,2,27,89,34,7,157,2,0,2,159
04/03/2009,GSP,SC,ASO,ES,Combined TRACON& Tower with Radar,17,88,26,2,133,0,2,13,0,15,17,90,39,2,148,0,0,0,148
04/04/2009,GSP,SC,ASO,ES,Combined TRACON& Tower with Radar,20,54,16,0,90,0,0,8,0,8,20,54,24,0,98,0,0,0,98
04/05/2009,GSP,SC,ASO,ES,Combined TRACON& Tower with Radar,16,81,12,2,111,0,2,7,0,9,16,83,19,2,120,0,0,0,120
04/06/2009,GSP,SC,ASO,ES,Combined TRACON& Tower with Radar,22,82,8,0,112,0,0,5,0,5,22,82,13,0,117,0,0,0,117
04/07/2009,GSP,SC,ASO,ES,Combined TRACON& Tower with Radar,19,91,24,8,142,0,1,10,3,14,19,92,34,11,156,0,0,0,156
04/08/2009,GSP,SC,ASO,ES,Combined TRACON& Tower with Radar,22,97,26,9,154,0,0,8,3,11,22,97,34,12,165,10,10,20,185
04/09/2009,GSP,SC,ASO,ES,Combined TRACON& Tower with Radar,23,88,15,3,129,0,0,15,2,17,23,88,30,5,146,0,0,0,146
04/10/2009,GSP,SC,ASO,ES,Combined TRACON& Tower with Radar,18,88,15,0,121,0,0,0,0,0,18,88,15,0,121,0,0,0,121
04/11/2009,GSP,SC,ASO,ES,Combined TRACON& Tower with Radar,15,55,5,0,75,0,0,5,0,5,15,55,10,0,80,0,0,0,80
04/12/2009,GSP,SC,ASO,ES,Combined TRACON& Tower with Radar,15,83,3,0,101,0,0,8,0,8,15,83,11,0,109,0,0,0,109
04/13/2009,GSP,SC,ASO,ES,Combined TRACON& Tower with Radar,25,87,19,0,131,0,0,2,0,2,25,87,21,0,133,0,0,0,133
04/14/2009,GSP,SC,ASO,ES,Combined TRACON& Tower with Radar,23,88,26,7,144,0,0,3,3,6,23,88,29,10,150,0,30,30,180
04/15/2009,GSP,SC,ASO,ES,Combined TRACON& Tower with Radar,25,83,21,2,131,0,1,10,0,11,25,84,31,2,142,0,0,0,142
04/16/2009,GSP,SC,ASO,ES,Combined TRACON& Tower with Radar,22,92,34,4,152,0,0,20,2,22,22,92,54,6,174,2,0,2,176
04/17/2009,GSP,SC,ASO,ES,Combined TRACON& Tower with Radar,20,92,13,3,128,0,0,18,1,19,20,92,31,4,147,0,0,0,147
04/18/2009,GSP,SC,ASO,ES,Combined TRACON& Tower with Radar,20,52,5,1,78,0,0,17,2,19,20,52,22,3,97,0,0,0,97
04/19/2009,GSP,SC,ASO,ES,Combined TRACON& Tower with Radar,15,82,12,3,112,0,1,4,0,5,15,83,16,3,117,0,2,2,119
04/20/2009,GSP,SC,ASO,ES,Combined TRACON& Tower with Radar,22,85,28,8,143,0,1,10,0,11,22,86,38,8,154,0,0,0,154
04/21/2009,GSP,SC,ASO,ES,Combined TRACON& Tower with Radar,23,87,15,3,128,0,1,8,2,11,23,88,23,5,139,0,0,0,139
04/22/2009,GSP,SC,ASO,ES,Combined TRACON& Tower with Radar,26,86,25,4,141,0,0,23,2,25,26,86,48,6,166,0,0,0,166
04/23/2009,GSP,SC,ASO,ES,Combined TRACON& Tower with Radar,38,91,29,11,169,0,1,16,5,22,38,92,45,16,191,0,0,0,191
04/24/2009,GSP,SC,ASO,ES,Combined TRACON& Tower with Radar,18,90,21,10,139,0,0,20,0,20,18,90,41,10,159,14,0,14,173
04/25/2009,GSP,SC,ASO,ES,Combined TRACON& Tower with Radar,17,54,6,0,77,0,0,0,0,0,17,54,6,0,77,0,0,0,77
04/26/2009,GSP,SC,ASO,ES,Combined TRACON& Tower with Radar,21,82,13,7,123,0,0,13,2,15,21,82,26,9,138,6,0,6,144
04/27/2009,GSP,SC,ASO,ES,Combined TRACON& Tower with Radar,24,88,23,3,138,0,0,14,3,17,24,88,37,6,155,0,0,0,155
04/28/2009,GSP,SC,ASO,ES,Combined TRACON& Tower with Radar,24,87,16,0,127,0,0,17,0,17,24,87,33,0,144,10,0,10,154
04/29/2009,GSP,SC,ASO,ES,Combined TRACON& Tower with Radar,24,86,20,4,134,0,0,16,1,17,24,86,36,5,151,0,0,0,151
04/30/2009,GSP,SC,ASO,ES,Combined TRACON& Tower with Radar,23,87,37,0,147,0,0,7,0,7,23,87,44,0,154,0,0,0,154
05/01/2009,GSP,SC,ASO,ES,Combined TRACON& Tower with Radar,21,89,13,4,127,0,0,10,2,12,21,89,23,6,139,8,0,8,147
05/02/2009,GSP,SC,ASO,ES,Combined TRACON& Tower with Radar,19,51,6,2,78,0,1,7,0,8,19,52,13,2,86,0,0,0,86
05/03/2009,GSP,SC,ASO,ES,Combined TRACON& Tower with Radar,21,85,6,2,114,0,0,2,0,2,21,85,8,2,116,0,0,0,116
05/04/2009,GSP,SC,ASO,ES,Combined TRACON& Tower with Radar,24,82,26,2,134,0,0,4,1,5,24,82,30,3,139,0,0,0,139
05/05/2009,GSP,SC,ASO,ES,Combined TRACON& Tower with Radar,37,90,29,12,168,0,0,7,0,7,37,90,36,12,175,0,0,0,175
05/06/2009,GSP,SC,ASO,ES,Combined TRACON& Tower with Radar,19,89,29,2,139,0,0,1,0,1,19,89,30,2,140,0,0,0,140
05/07/2009,GSP,SC,ASO,ES,Combined TRACON& Tower with Radar,24,87,33,0,144,0,2,15,1,18,24,89,48,1,162,0,0,0,162
05/08/2009,GSP,SC,ASO,ES,Combined TRACON& Tower with Radar,31,91,32,0,154,0,0,3,0,3,31,91,35,0,157,0,0,0,157
05/09/2009,GSP,SC,ASO,ES,Combined TRACON& Tower with Radar,16,52,11,0,79,0,0,5,1,6,16,52,16,1,85,6,0,6,91
05/10/2009,GSP,SC,ASO,ES,Combined TRACON& Tower with Radar,16,82,7,2,107,0,0,6,0,6,16,82,13,2,113,0,0,0,113
05/11/2009,GSP,SC,ASO,ES,Combined TRACON& Tower with Radar,23,88,28,0,139,0,0,5,0,5,23,88,33,0,144,0,0,0,144
05/12/2009,GSP,SC,ASO,ES,Combined TRACON& Tower with Radar,21,87,17,5,130,0,2,25,0,27,21,89,42,5,157,0,4,4,161
05/13/2009,GSP,SC,ASO,ES,Combined TRACON& Tower with Radar,18,86,21,0,125,0,0,12,4,16,18,86,33,4,141,2,0,2,143
05/14/2009,GSP,SC,ASO,ES,Combined TRACON& Tower with Radar,22,91,19,4,136,0,2,8,5,15,22,93,27,9,151,0,0,0,151
05/15/2009,GSP,SC,ASO,ES,Combined TRACON& Tower with Radar,20,88,30,6,144,0,0,8,0,8,20,88,38,6,152,6,0,6,158
05/16/2009,GSP,SC,ASO,ES,Combined TRACON& Tower with Radar,17,50,14,0,81,0,0,0,0,0,17,50,14,0,81,0,0,0,81
05/17/2009,GSP,SC,ASO,ES,Combined TRACON& Tower with Radar,14,84,12,0,110,0,0,2,0,2,14,84,14,0,112,0,0,0,112
05/18/2009,GSP,SC,ASO,ES,Combined TRACON& Tower with Radar,24,87,24,0,135,0,0,16,3,19,24,87,40,3,154,0,0,0,154
05/19/2009,GSP,SC,ASO,ES,Combined TRACON& Tower with Radar,21,87,17,0,125,0,1,13,2,16,21,88,30,2,141,0,0,0,141
05/20/2009,GSP,SC,ASO,ES,Combined TRACON& Tower with Radar,17,87,22,0,126,0,0,19,1,20,17,87,41,1,146,0,0,0,146
05/21/2009,GSP,SC,ASO,ES,Combined TRACON& Tower with Radar,21,93,36,0,150,0,1,16,1,18,21,94,52,1,168,0,0,0,168
05/22/2009,GSP,SC,ASO,ES,Combined TRACON& Tower with Radar,18,85,13,15,131,0,0,7,1,8,18,85,20,16,139,0,0,0,139
05/23/2009,GSP,SC,ASO,ES,Combined TRACON& Tower with Radar,17,50,8,0,75,0,0,3,0,3,17,50,11,0,78,0,0,0,78
05/24/2009,GSP,SC,ASO,ES,Combined TRACON& Tower with Radar,14,54,15,1,84,0,0,0,0,0,14,54,15,1,84,0,0,0,84
05/25/2009,GSP,SC,ASO,ES,Combined TRACON& Tower with Radar,16,78,10,0,104,0,2,2,0,4,16,80,12,0,108,0,0,0,108
05/26/2009,GSP,SC,ASO,ES,Combined TRACON& Tower with Radar,19,91,19,0,129,0,0,4,0,4,19,91,23,0,133,0,0,0,133
05/27/2009,GSP,SC,ASO,ES,Combined TRACON& Tower with Radar,21,91,20,0,132,0,0,5,0,5,21,91,25,0,137,0,0,0,137
05/28/2009,GSP,SC,ASO,ES,Combined TRACON& Tower with Radar,23,91,15,3,132,0,0,2,2,4,23,91,17,5,136,0,0,0,136
05/29/2009,GSP,SC,ASO,ES,Combined TRACON& Tower with Radar,20,89,27,8,144,0,0,13,2,15,20,89,40,10,159,0,0,0,159
05/30/2009,GSP,SC,ASO,ES,Combined TRACON& Tower with Radar,17,50,6,0,73,0,0,8,2,10,17,50,14,2,83,0,0,0,83
05/31/2009,GSP,SC,ASO,ES,Combined TRACON& Tower with Radar,15,83,12,2,112,0,0,6,0,6,15,83,18,2,118,2,0,2,120
06/01/2009,GSP,SC,ASO,ES,Combined TRACON& Tower with Radar,23,90,26,0,139,0,0,12,1,13,23,90,38,1,152,0,0,0,152
06/02/2009,GSP,SC,ASO,ES,Combined TRACON& Tower with Radar,22,83,11,0,116,0,0,12,0,12,22,83,23,0,128,0,0,0,128
06/03/2009,GSP,SC,ASO,ES,Combined TRACON& Tower with Radar,17,82,29,2,130,0,0,20,6,26,17,82,49,8,156,0,14,14,170
06/04/2009,GSP,SC,ASO,ES,Combined TRACON& Tower with Radar,17,97,21,0,135,0,0,0,0,0,17,97,21,0,135,0,0,0,135
06/05/2009,GSP,SC,ASO,ES,Combined TRACON& Tower with Radar,13,91,18,0,122,0,4,2,2,8,13,95,20,2,130,14,0,14,144
06/06/2009,GSP,SC,ASO,ES,Combined TRACON& Tower with Radar,11,52,8,0,71,0,0,4,0,4,11,52,12,0,75,0,0,0,75
06/07/2009,GSP,SC,ASO,ES,Combined TRACON& Tower with Radar,10,80,6,0,96,0,0,2,2,4,10,80,8,2,100,0,0,0,100
06/08/2009,GSP,SC,ASO,ES,Combined TRACON& Tower with Radar,17,97,12,2,128,0,4,18,4,26,17,101,30,6,154,8,0,8,162
06/09/2009,GSP,SC,ASO,ES,Combined TRACON& Tower with Radar,16,88,24,1,129,0,1,11,3,15,16,89,35,4,144,12,0,12,156
06/10/2009,GSP,SC,ASO,ES,Combined TRACON& Tower with Radar,24,96,21,5,146,0,0,10,5,15,24,96,31,10,161,0,0,0,161
06/11/2009,GSP,SC,ASO,ES,Combined TRACON& Tower with Radar,21,85,23,1,130,0,0,18,3,21,21,85,41,4,151,6,0,6,157
06/12/2009,GSP,SC,ASO,ES,Combined TRACON& Tower with Radar,28,93,22,5,148,0,0,11,4,15,28,93,33,9,163,0,0,0,163
06/13/2009,GSP,SC,ASO,ES,Combined TRACON& Tower with Radar,14,60,10,1,85,0,0,4,3,7,14,60,14,4,92,0,0,0,92
06/14/2009,GSP,SC,ASO,ES,Combined TRACON& Tower with Radar,13,87,14,2,116,0,2,5,2,9,13,89,19,4,125,2,0,2,127
06/15/2009,GSP,SC,ASO,ES,Combined TRACON& Tower with Radar,17,90,19,0,126,0,0,6,0,6,17,90,25,0,132,0,0,0,132
06/16/2009,GSP,SC,ASO,ES,Combined TRACON& Tower with Radar,15,96,28,13,152,0,0,4,1,5,15,96,32,14,157,0,0,0,157
06/17/2009,GSP,SC,ASO,ES,Combined TRACON& Tower with Radar,12,101,33,1,147,0,0,1,0,1,12,101,34,1,148,0,0,0,148
06/18/2009,GSP,SC,ASO,ES,Combined TRACON& Tower with Radar,18,98,26,0,142,0,0,14,0,14,18,98,40,0,156,0,0,0,156
06/19/2009,GSP,SC,ASO,ES,Combined TRACON& Tower with Radar,13,92,24,1,130,0,0,24,1,25,13,92,48,2,155,0,0,0,155
06/20/2009,GSP,SC,ASO,ES,Combined TRACON& Tower with Radar,11,59,8,0,78,0,0,10,0,10,11,59,18,0,88,0,0,0,88
06/21/2009,GSP,SC,ASO,ES,Combined TRACON& Tower with Radar,11,84,9,0,104,0,0,4,0,4,11,84,13,0,108,0,0,0,108
06/22/2009,GSP,SC,ASO,ES,Combined TRACON& Tower with Radar,20,92,22,0,134,0,0,15,0,15,20,92,37,0,149,6,0,6,155
06/23/2009,GSP,SC,ASO,ES,Combined TRACON& Tower with Radar,17,88,28,4,137,0,0,9,0,9,17,88,37,4,146,0,0,0,146
06/24/2009,GSP,SC,ASO,ES,Combined TRACON& Tower with Radar,12,95,17,4,128,0,0,18,0,18,12,95,35,4,146,0,0,0,146
06/25/2009,GSP,SC,ASO,ES,Combined TRACON& Tower with Radar,17,98,23,5,143,0,0,17,4,21,17,98,40,9,164,0,10,10,174
06/26/2009,GSP,SC,ASO,ES,Combined TRACON& Tower with Radar,14,93,21,8,136,0,0,13,0,13,14,93,34,8,149,0,0,0,149
06/27/2009,GSP,SC,ASO,ES,Combined TRACON& Tower with Radar,10,66,13,2,91,0,0,9,3,12,10,66,22,5,103,0,0,0,103
06/28/2009,GSP,SC,ASO,ES,Combined TRACON& Tower with Radar,11,91,15,7,124,0,2,5,3,10,11,93,20,10,134,0,0,0,134
06/29/2009,GSP,SC,ASO,ES,Combined TRACON& Tower with Radar,15,93,11,2,121,0,0,20,5,25,15,93,31,7,146,6,0,6,152
06/30/2009,GSP,SC,ASO,ES,Combined TRACON& Tower with Radar,16,88,17,1,122,0,0,18,9,27,16,88,35,10,149,0,0,0,149
07/01/2009,GSP,SC,ASO,ES,Combined TRACON& Tower with Radar,13,89,11,4,117,0,0,14,7,21,13,89,25,11,138,2,0,2,140
07/02/2009,GSP,SC,ASO,ES,Combined TRACON& Tower with Radar,16,90,24,11,141,0,0,19,1,20,16,90,43,12,161,4,0,4,165
07/03/2009,GSP,SC,ASO,ES,Combined TRACON& Tower with Radar,8,81,2,2,93,0,0,8,0,8,8,81,10,2,101,0,0,0,101
07/04/2009,GSP,SC,ASO,ES,Combined TRACON& Tower with Radar,10,59,6,0,75,0,0,9,0,9,10,59,15,0,84,0,0,0,84
07/05/2009,GSP,SC,ASO,ES,Combined TRACON& Tower with Radar,13,86,10,1,110,0,2,2,0,4,13,88,12,1,114,0,0,0,114
07/06/2009,GSP,SC,ASO,ES,Combined TRACON& Tower with Radar,15,100,15,7,137,0,1,2,3,6,15,101,17,10,143,0,8,8,151
07/07/2009,GSP,SC,ASO,ES,Combined TRACON& Tower with Radar,20,98,32,7,157,0,1,15,3,19,20,99,47,10,176,0,10,10,186
07/08/2009,GSP,SC,ASO,ES,Combined TRACON& Tower with Radar,13,101,18,2,134,0,0,9,2,11,13,101,27,4,145,0,0,0,145
07/09/2009,GSP,SC,ASO,ES,Combined TRACON& Tower with Radar,17,98,26,4,145,0,0,2,0,2,17,98,28,4,147,0,0,0,147
07/10/2009,GSP,SC,ASO,ES,Combined TRACON& Tower with Radar,15,103,21,14,153,0,2,8,0,10,15,105,29,14,163,0,0,0,163
07/11/2009,GSP,SC,ASO,ES,Combined TRACON& Tower with Radar,10,63,13,2,88,0,0,2,0,2,10,63,15,2,90,0,0,0,90
07/12/2009,GSP,SC,ASO,ES,Combined TRACON& Tower with Radar,20,93,10,7,130,0,0,5,1,6,20,93,15,8,136,0,0,0,136
07/13/2009,GSP,SC,ASO,ES,Combined TRACON& Tower with Radar,17,96,20,0,133,0,0,3,0,3,17,96,23,0,136,0,0,0,136
07/14/2009,GSP,SC,ASO,ES,Combined TRACON& Tower with Radar,12,93,19,0,124,0,0,7,0,7,12,93,26,0,131,0,0,0,131
07/15/2009,GSP,SC,ASO,ES,Combined TRACON& Tower with Radar,10,96,26,0,132,0,0,7,0,7,10,96,33,0,139,0,0,0,139
07/16/2009,GSP,SC,ASO,ES,Combined TRACON& Tower with Radar,17,100,17,0,134,0,0,10,0,10,17,100,27,0,144,0,0,0,144
07/17/2009,GSP,SC,ASO,ES,Combined TRACON& Tower with Radar,11,97,20,5,133,0,1,8,0,9,11,98,28,5,142,0,0,0,142
07/18/2009,GSP,SC,ASO,ES,Combined TRACON& Tower with Radar,9,65,13,1,88,0,0,10,8,18,9,65,23,9,106,0,0,0,106
07/19/2009,GSP,SC,ASO,ES,Combined TRACON& Tower with Radar,11,92,6,0,109,0,0,1,0,1,11,92,7,0,110,0,0,0,110
07/20/2009,GSP,SC,ASO,ES,Combined TRACON& Tower with Radar,15,99,21,5,140,0,1,10,0,11,15,100,31,5,151,0,0,0,151
07/21/2009,GSP,SC,ASO,ES,Combined TRACON& Tower with Radar,12,95,29,6,142,0,0,16,2,18,12,95,45,8,160,12,0,12,172
07/22/2009,GSP,SC,ASO,ES,Combined TRACON& Tower with Radar,14,97,24,0,135,0,0,9,0,9,14,97,33,0,144,0,0,0,144
07/23/2009,GSP,SC,ASO,ES,Combined TRACON& Tower with Radar,16,101,34,0,151,0,0,12,0,12,16,101,46,0,163,0,0,0,163
07/24/2009,GSP,SC,ASO,ES,Combined TRACON& Tower with Radar,12,96,18,0,126,0,0,19,4,23,12,96,37,4,149,0,0,0,149
07/25/2009,GSP,SC,ASO,ES,Combined TRACON& Tower with Radar,9,64,13,0,86,0,2,14,0,16,9,66,27,0,102,0,0,0,102
07/26/2009,GSP,SC,ASO,ES,Combined TRACON& Tower with Radar,10,88,21,1,120,0,0,13,2,15,10,88,34,3,135,0,0,0,135
07/27/2009,GSP,SC,ASO,ES,Combined TRACON& Tower with Radar,15,91,21,4,131,0,1,14,0,15,15,92,35,4,146,0,20,20,166
07/28/2009,GSP,SC,ASO,ES,Combined TRACON& Tower with Radar,11,100,18,2,131,0,0,6,0,6,11,100,24,2,137,0,0,0,137
07/29/2009,GSP,SC,ASO,ES,Combined TRACON& Tower with Radar,11,90,15,2,118,0,0,4,0,4,11,90,19,2,122,4,0,4,126
07/30/2009,GSP,SC,ASO,ES,Combined TRACON& Tower with Radar,18,98,22,17,155,0,0,9,2,11,18,98,31,19,166,0,0,0,166
07/31/2009,GSP,SC,ASO,ES,Combined TRACON& Tower with Radar,18,105,22,2,147,0,0,4,0,4,18,105,26,2,151,0,0,0,151
08/01/2009,GSP,SC,ASO,ES,Combined TRACON& Tower with Radar,10,66,7,0,83,0,0,5,0,5,10,66,12,0,88,0,0,0,88
08/02/2009,GSP,SC,ASO,ES,Combined TRACON& Tower with Radar,13,86,14,0,113,0,0,4,0,4,13,86,18,0,117,6,0,6,123
08/03/2009,GSP,SC,ASO,ES,Combined TRACON& Tower with Radar,16,101,16,2,135,0,0,14,0,14,16,101,30,2,149,0,0,0,149
08/04/2009,GSP,SC,ASO,ES,Combined TRACON& Tower with Radar,13,96,16,1,126,0,0,13,1,14,13,96,29,2,140,0,0,0,140
08/05/2009,GSP,SC,ASO,ES,Combined TRACON& Tower with Radar,16,100,29,0,145,0,0,12,1,13,16,100,41,1,158,0,0,0,158
08/06/2009,GSP,SC,ASO,ES,Combined TRACON& Tower with Radar,15,95,18,3,131,0,0,7,3,10,15,95,25,6,141,0,0,0,141
08/07/2009,GSP,SC,ASO,ES,Combined TRACON& Tower with Radar,12,95,21,9,137,0,3,11,3,17,12,98,32,12,154,0,0,0,154
08/08/2009,GSP,SC,ASO,ES,Combined TRACON& Tower with Radar,13,64,4,0,81,0,0,7,0,7,13,64,11,0,88,0,0,0,88
08/09/2009,GSP,SC,ASO,ES,Combined TRACON& Tower with Radar,11,83,4,3,101,0,0,5,5,10,11,83,9,8,111,0,0,0,111
08/10/2009,GSP,SC,ASO,ES,Combined TRACON& Tower with Radar,14,96,24,2,136,0,1,7,4,12,14,97,31,6,148,0,28,28,176
08/11/2009,GSP,SC,ASO,ES,Combined TRACON& Tower with Radar,17,92,20,0,129,0,0,9,2,11,17,92,29,2,140,0,0,0,140
08/12/2009,GSP,SC,ASO,ES,Combined TRACON& Tower with Radar,12,90,22,1,125,0,0,5,1,6,12,90,27,2,131,0,0,0,131
08/13/2009,GSP,SC,ASO,ES,Combined TRACON& Tower with Radar,20,99,20,8,147,0,2,10,8,20,20,101,30,16,167,0,0,0,167
08/14/2009,GSP,SC,ASO,ES,Combined TRACON& Tower with Radar,11,102,17,6,136,0,0,4,0,4,11,102,21,6,140,0,0,0,140
08/15/2009,GSP,SC,ASO,ES,Combined TRACON& Tower with Radar,9,62,6,8,85,0,0,2,0,2,9,62,8,8,87,0,0,0,87
08/16/2009,GSP,SC,ASO,ES,Combined TRACON& Tower with Radar,8,90,10,6,114,0,0,1,0,1,8,90,11,6,115,0,0,0,115
08/17/2009,GSP,SC,ASO,ES,Combined TRACON& Tower with Radar,15,99,23,5,142,0,0,12,2,14,15,99,35,7,156,0,0,0,156
08/18/2009,GSP,SC,ASO,ES,Combined TRACON& Tower with Radar,11,85,10,3,109,0,0,7,0,7,11,85,17,3,116,0,0,0,116
08/19/2009,GSP,SC,ASO,ES,Combined TRACON& Tower with Radar,9,95,20,9,133,0,0,21,4,25,9,95,41,13,158,0,0,0,158
08/20/2009,GSP,SC,ASO,ES,Combined TRACON& Tower with Radar,15,93,18,4,130,0,1,5,4,10,15,94,23,8,140,0,0,0,140
08/21/2009,GSP,SC,ASO,ES,Combined TRACON& Tower with Radar,12,87,16,0,115,0,0,5,0,5,12,87,21,0,120,0,0,0,120
08/22/2009,GSP,SC,ASO,ES,Combined TRACON& Tower with Radar,7,55,3,0,65,0,0,7,2,9,7,55,10,2,74,8,0,8,82
08/23/2009,GSP,SC,ASO,ES,Combined TRACON& Tower with Radar,10,79,4,0,93,0,0,8,0,8,10,79,12,0,101,0,0,0,101
08/24/2009,GSP,SC,ASO,ES,Combined TRACON& Tower with Radar,13,86,24,1,124,0,0,11,0,11,13,86,35,1,135,0,0,0,135
08/25/2009,GSP,SC,ASO,ES,Combined TRACON& Tower with Radar,11,87,20,5,123,0,0,9,0,9,11,87,29,5,132,0,0,0,132
08/26/2009,GSP,SC,ASO,ES,Combined TRACON& Tower with Radar,10,92,14,0,116,0,0,15,1,16,10,92,29,1,132,0,0,0,132
08/27/2009,GSP,SC,ASO,ES,Combined TRACON& Tower with Radar,16,91,23,4,134,0,0,9,2,11,16,91,32,6,145,0,0,0,145
08/28/2009,GSP,SC,ASO,ES,Combined TRACON& Tower with Radar,12,90,22,0,124,0,0,6,0,6,12,90,28,0,130,0,0,0,130
08/29/2009,GSP,SC,ASO,ES,Combined TRACON& Tower with Radar,5,58,7,0,70,0,0,9,0,9,5,58,16,0,79,0,0,0,79
08/30/2009,GSP,SC,ASO,ES,Combined TRACON& Tower with Radar,14,87,6,0,107,0,0,10,0,10,14,87,16,0,117,0,0,0,117
08/31/2009,GSP,SC,ASO,ES,Combined TRACON& Tower with Radar,13,93,20,7,133,0,0,0,1,1,13,93,20,8,134,0,10,10,144
09/01/2009,GSP,SC,ASO,ES,Combined TRACON& Tower with Radar,12,84,14,3,113,0,0,12,4,16,12,84,26,7,129,0,0,0,129
09/02/2009,GSP,SC,ASO,ES,Combined TRACON& Tower with Radar,17,80,17,0,114,0,1,17,4,22,17,81,34,4,136,0,0,0,136
09/03/2009,GSP,SC,ASO,ES,Combined TRACON& Tower with Radar,18,90,21,2,131,0,0,19,8,27,18,90,40,10,158,0,0,0,158
09/04/2009,GSP,SC,ASO,ES,Combined TRACON& Tower with Radar,17,85,10,3,115,0,0,10,0,10,17,85,20,3,125,8,0,8,133
09/05/2009,GSP,SC,ASO,ES,Combined TRACON& Tower with Radar,6,52,8,0,66,0,0,11,0,11,6,52,19,0,77,0,0,0,77
09/06/2009,GSP,SC,ASO,ES,Combined TRACON& Tower with Radar,9,53,8,0,70,0,0,9,0,9,9,53,17,0,79,0,0,0,79
09/07/2009,GSP,SC,ASO,ES,Combined TRACON& Tower with Radar,17,73,12,1,103,0,0,3,1,4,17,73,15,2,107,0,0,0,107
09/08/2009,GSP,SC,ASO,ES,Combined TRACON& Tower with Radar,14,91,23,2,130,0,2,7,2,11,14,93,30,4,141,0,0,0,141
09/09/2009,GSP,SC,ASO,ES,Combined TRACON& Tower with Radar,22,85,15,2,124,0,0,3,0,3,22,85,18,2,127,0,0,0,127
09/10/2009,GSP,SC,ASO,ES,Combined TRACON& Tower with Radar,22,82,23,4,131,0,0,2,0,2,22,82,25,4,133,0,0,0,133
09/11/2009,GSP,SC,ASO,ES,Combined TRACON& Tower with Radar,14,79,11,13,117,0,0,12,1,13,14,79,23,14,130,4,0,4,134
09/12/2009,GSP,SC,ASO,ES,Combined TRACON& Tower with Radar,7,52,3,0,62,0,0,5,0,5,7,52,8,0,67,0,0,0,67
09/13/2009,GSP,SC,ASO,ES,Combined TRACON& Tower with Radar,13,81,12,3,109,0,0,8,1,9,13,81,20,4,118,0,0,0,118
09/14/2009,GSP,SC,ASO,ES,Combined TRACON& Tower with Radar,15,82,12,2,111,0,0,11,0,11,15,82,23,2,122,0,0,0,122
09/15/2009,GSP,SC,ASO,ES,Combined TRACON& Tower with Radar,11,84,22,0,117,0,0,7,0,7,11,84,29,0,124,0,0,0,124
09/16/2009,GSP,SC,ASO,ES,Combined TRACON& Tower with Radar,30,87,34,2,153,0,0,8,0,8,30,87,42,2,161,0,0,0,161
09/17/2009,GSP,SC,ASO,ES,Combined TRACON& Tower with Radar,20,83,27,0,130,0,0,1,0,1,20,83,28,0,131,0,0,0,131
09/18/2009,GSP,SC,ASO,ES,Combined TRACON& Tower with Radar,21,84,24,8,137,0,0,0,0,0,21,84,24,8,137,0,0,0,137
09/19/2009,GSP,SC,ASO,ES,Combined TRACON& Tower with Radar,10,53,16,7,86,0,0,0,1,1,10,53,16,8,87,0,0,0,87
09/20/2009,GSP,SC,ASO,ES,Combined TRACON& Tower with Radar,12,77,15,3,107,0,0,0,0,0,12,77,15,3,107,0,0,0,107
09/21/2009,GSP,SC,ASO,ES,Combined TRACON& Tower with Radar,21,83,26,2,132,0,0,1,0,1,21,83,27,2,133,0,0,0,133
09/22/2009,GSP,SC,ASO,ES,Combined TRACON& Tower with Radar,11,83,18,4,116,0,0,5,3,8,11,83,23,7,124,0,2,2,126
09/23/2009,GSP,SC,ASO,ES,Combined TRACON& Tower with Radar,14,81,20,0,115,0,0,15,0,15,14,81,35,0,130,0,0,0,130
09/24/2009,GSP,SC,ASO,ES,Combined TRACON& Tower with Radar,20,85,26,0,131,0,2,6,0,8,20,87,32,0,139,0,0,0,139
09/25/2009,GSP,SC,ASO,ES,Combined TRACON& Tower with Radar,16,86,27,8,137,0,0,18,2,20,16,86,45,10,157,0,0,0,157
09/26/2009,GSP,SC,ASO,ES,Combined TRACON& Tower with Radar,7,57,8,0,72,0,0,0,0,0,7,57,8,0,72,0,0,0,72
09/27/2009,GSP,SC,ASO,ES,Combined TRACON& Tower with Radar,13,79,10,12,114,0,1,9,0,10,13,80,19,12,124,0,0,0,124
09/28/2009,GSP,SC,ASO,ES,Combined TRACON& Tower with Radar,19,88,23,6,136,0,0,12,2,14,19,88,35,8,150,0,24,24,174
09/29/2009,GSP,SC,ASO,ES,Combined TRACON& Tower with Radar,12,83,28,0,123,0,0,25,0,25,12,83,53,0,148,0,0,0,148
09/30/2009,GSP,SC,ASO,ES,Combined TRACON& Tower with Radar,16,83,23,2,124,0,3,11,2,16,16,86,34,4,140,0,0,0,140
10/01/2009,GSP,SC,ASO,ES,Combined TRACON& Tower with Radar,25,85,40,0,150,0,0,10,0,10,25,85,50,0,160,0,0,0,160
10/02/2009,GSP,SC,ASO,ES,Combined TRACON& Tower with Radar,14,85,21,4,124,0,0,20,0,20,14,85,41,4,144,10,0,10,154
10/03/2009,GSP,SC,ASO,ES,Combined TRACON& Tower with Radar,12,53,6,0,71,0,2,4,0,6,12,55,10,0,77,0,0,0,77
10/04/2009,GSP,SC,ASO,ES,Combined TRACON& Tower with Radar,14,77,15,4,110,0,0,8,2,10,14,77,23,6,120,0,0,0,120
10/05/2009,GSP,SC,ASO,ES,Combined TRACON& Tower with Radar,15,82,19,0,116,0,0,0,0,0,15,82,19,0,116,0,0,0,116
10/06/2009,GSP,SC,ASO,ES,Combined TRACON& Tower with Radar,13,81,29,3,126,0,0,4,0,4,13,81,33,3,130,0,0,0,130
10/07/2009,GSP,SC,ASO,ES,Combined TRACON& Tower with Radar,17,84,17,2,120,0,0,10,2,12,17,84,27,4,132,0,0,0,132
10/08/2009,GSP,SC,ASO,ES,Combined TRACON& Tower with Radar,19,85,21,6,131,0,0,11,2,13,19,85,32,8,144,0,0,0,144
10/09/2009,GSP,SC,ASO,ES,Combined TRACON& Tower with Radar,11,82,20,0,113,0,0,3,0,3,11,82,23,0,116,0,0,0,116
10/10/2009,GSP,SC,ASO,ES,Combined TRACON& Tower with Radar,9,55,4,2,70,0,0,1,0,1,9,55,5,2,71,0,0,0,71
10/11/2009,GSP,SC,ASO,ES,Combined TRACON& Tower with Radar,15,78,7,0,100,0,0,1,0,1,15,78,8,0,101,0,0,0,101
10/12/2009,GSP,SC,ASO,ES,Combined TRACON& Tower with Radar,15,86,21,0,122,0,0,1,0,1,15,86,22,0,123,0,0,0,123
10/13/2009,GSP,SC,ASO,ES,Combined TRACON& Tower with Radar,15,80,30,2,127,0,0,9,0,9,15,80,39,2,136,0,0,0,136
10/14/2009,GSP,SC,ASO,ES,Combined TRACON& Tower with Radar,19,83,23,2,127,0,0,0,0,0,19,83,23,2,127,0,0,0,127
10/15/2009,GSP,SC,ASO,ES,Combined TRACON& Tower with Radar,17,83,32,2,134,0,0,0,0,0,17,83,32,2,134,0,0,0,134
10/16/2009,GSP,SC,ASO,ES,Combined TRACON& Tower with Radar,10,76,24,0,110,0,0,4,0,4,10,76,28,0,114,0,0,0,114
10/17/2009,GSP,SC,ASO,ES,Combined TRACON& Tower with Radar,9,55,3,3,70,0,0,0,0,0,9,55,3,3,70,0,0,0,70
10/18/2009,GSP,SC,ASO,ES,Combined TRACON& Tower with Radar,9,80,16,0,105,0,2,9,0,11,9,82,25,0,116,0,0,0,116
10/19/2009,GSP,SC,ASO,ES,Combined TRACON& Tower with Radar,15,84,18,12,129,0,0,14,0,14,15,84,32,12,143,0,24,24,167
10/20/2009,GSP,SC,ASO,ES,Combined TRACON& Tower with Radar,14,86,9,2,111,0,0,17,0,17,14,86,26,2,128,0,0,0,128
10/21/2009,GSP,SC,ASO,ES,Combined TRACON& Tower with Radar,17,89,28,1,135,0,0,21,1,22,17,89,49,2,157,0,0,0,157
10/22/2009,GSP,SC,ASO,ES,Combined TRACON& Tower with Radar,19,90,18,3,130,0,0,19,3,22,19,90,37,6,152,0,0,0,152
10/23/2009,GSP,SC,ASO,ES,Combined TRACON& Tower with Radar,13,89,27,2,131,0,2,3,0,5,13,91,30,2,136,8,0,8,144
10/24/2009,GSP,SC,ASO,ES,Combined TRACON& Tower with Radar,10,57,7,2,76,0,2,5,0,7,10,59,12,2,83,4,0,4,87
10/25/2009,GSP,SC,ASO,ES,Combined TRACON& Tower with Radar,11,80,10,6,107,0,0,8,3,11,11,80,18,9,118,0,0,0,118
10/26/2009,GSP,SC,ASO,ES,Combined TRACON& Tower with Radar,15,84,24,4,127,0,0,9,0,9,15,84,33,4,136,8,0,8,144
10/27/2009,GSP,SC,ASO,ES,Combined TRACON& Tower with Radar,13,80,35,10,138,0,0,0,0,0,13,80,35,10,138,0,0,0,138
10/28/2009,GSP,SC,ASO,ES,Combined TRACON& Tower with Radar,17,81,24,14,136,0,0,5,5,10,17,81,29,19,146,0,6,6,152
10/29/2009,GSP,SC,ASO,ES,Combined TRACON& Tower with Radar,17,86,36,4,143,0,0,14,2,16,17,86,50,6,159,0,0,0,159
10/30/2009,GSP,SC,ASO,ES,Combined TRACON& Tower with Radar,12,83,34,16,145,0,0,1,2,3,12,83,35,18,148,0,0,0,148
10/31/2009,GSP,SC,ASO,ES,Combined TRACON& Tower with Radar,11,54,4,0,69,0,0,0,0,0,11,54,4,0,69,0,0,0,69
11/01/2009,GSP,SC,ASO,ES,Combined TRACON& Tower with Radar,9,82,16,1,108,0,0,6,3,9,9,82,22,4,117,0,2,2,119
11/02/2009,GSP,SC,ASO,ES,Combined TRACON& Tower with Radar,10,91,21,4,126,0,0,12,6,18,10,91,33,10,144,0,32,32,176
11/03/2009,GSP,SC,ASO,ES,Combined TRACON& Tower with Radar,10,88,21,0,119,0,2,14,0,16,10,90,35,0,135,0,0,0,135
11/04/2009,GSP,SC,ASO,ES,Combined TRACON& Tower with Radar,16,93,28,2,139,0,2,15,0,17,16,95,43,2,156,0,0,0,156
11/05/2009,GSP,SC,ASO,ES,Combined TRACON& Tower with Radar,14,92,17,0,123,0,0,11,2,13,14,92,28,2,136,8,0,8,144
11/06/2009,GSP,SC,ASO,ES,Combined TRACON& Tower with Radar,12,89,11,7,119,0,0,17,0,17,12,89,28,7,136,0,0,0,136
11/07/2009,GSP,SC,ASO,ES,Combined TRACON& Tower with Radar,9,56,6,0,71,0,0,6,0,6,9,56,12,0,77,0,0,0,77
11/08/2009,GSP,SC,ASO,ES,Combined TRACON& Tower with Radar,9,81,10,2,102,0,0,6,0,6,9,81,16,2,108,0,0,0,108
11/09/2009,GSP,SC,ASO,ES,Combined TRACON& Tower with Radar,10,92,28,0,130,0,2,14,2,18,10,94,42,2,148,10,0,10,158
11/10/2009,GSP,SC,ASO,ES,Combined TRACON& Tower with Radar,9,87,19,0,115,0,0,0,0,0,9,87,19,0,115,0,0,0,115
11/11/2009,GSP,SC,ASO,ES,Combined TRACON& Tower with Radar,13,90,13,1,117,0,0,0,1,1,13,90,13,2,118,0,0,0,118
11/12/2009,GSP,SC,ASO,ES,Combined TRACON& Tower with Radar,17,93,30,0,140,0,0,7,0,7,17,93,37,0,147,0,0,0,147
11/13/2009,GSP,SC,ASO,ES,Combined TRACON& Tower with Radar,8,87,17,3,115,0,0,8,0,8,8,87,25,3,123,0,0,0,123
11/14/2009,GSP,SC,ASO,ES,Combined TRACON& Tower with Radar,10,59,5,1,75,0,0,5,0,5,10,59,10,1,80,0,0,0,80
11/15/2009,GSP,SC,ASO,ES,Combined TRACON& Tower with Radar,9,82,14,2,107,0,0,8,2,10,9,82,22,4,117,0,0,0,117
11/16/2009,GSP,SC,ASO,ES,Combined TRACON& Tower with Radar,10,95,22,0,127,0,0,22,0,22,10,95,44,0,149,6,0,6,155
11/17/2009,GSP,SC,ASO,ES,Combined TRACON& Tower with Radar,9,88,11,3,111,0,0,7,0,7,9,88,18,3,118,0,0,0,118
11/18/2009,GSP,SC,ASO,ES,Combined TRACON& Tower with Radar,13,97,23,0,133,0,0,0,0,0,13,97,23,0,133,0,0,0,133
11/19/2009,GSP,SC,ASO,ES,Combined TRACON& Tower with Radar,14,93,39,3,149,0,0,3,0,3,14,93,42,3,152,0,0,0,152
11/20/2009,GSP,SC,ASO,ES,Combined TRACON& Tower with Radar,14,92,22,2,130,0,0,16,0,16,14,92,38,2,146,0,0,0,146
11/21/2009,GSP,SC,ASO,ES,Combined TRACON& Tower with Radar,14,59,13,2,88,0,0,8,0,8,14,59,21,2,96,0,0,0,96
11/22/2009,GSP,SC,ASO,ES,Combined TRACON& Tower with Radar,9,82,12,2,105,0,0,1,0,1,9,82,13,2,106,0,0,0,106
11/23/2009,GSP,SC,ASO,ES,Combined TRACON& Tower with Radar,14,85,19,7,125,0,0,0,0,0,14,85,19,7,125,0,24,24,149
11/24/2009,GSP,SC,ASO,ES,Combined TRACON& Tower with Radar,16,92,26,10,144,0,0,3,2,5,16,92,29,12,149,0,10,10,159
11/25/2009,GSP,SC,ASO,ES,Combined TRACON& Tower with Radar,16,94,22,4,136,0,0,6,0,6,16,94,28,4,142,0,0,0,142
11/26/2009,GSP,SC,ASO,ES,Combined TRACON& Tower with Radar,21,41,1,0,63,0,0,5,0,5,21,41,6,0,68,0,0,0,68
11/27/2009,GSP,SC,ASO,ES,Combined TRACON& Tower with Radar,11,60,8,0,79,0,0,4,0,4,11,60,12,0,83,0,0,0,83
11/28/2009,GSP,SC,ASO,ES,Combined TRACON& Tower with Radar,14,76,7,0,97,0,0,17,0,17,14,76,24,0,114,4,0,4,118
11/29/2009,GSP,SC,ASO,ES,Combined TRACON& Tower with Radar,10,90,10,0,110,0,0,5,0,5,10,90,15,0,115,0,0,0,115
11/30/2009,GSP,SC,ASO,ES,Combined TRACON& Tower with Radar,14,92,35,0,141,0,0,6,0,6,14,92,41,0,147,0,0,0,147
12/01/2009,GSP,SC,ASO,ES,Combined TRACON& Tower with Radar,11,82,14,3,110,0,0,15,0,15,11,82,29,3,125,6,0,6,131
12/02/2009,GSP,SC,ASO,ES,Combined TRACON& Tower with Radar,14,81,26,4,125,0,0,0,0,0,14,81,26,4,125,0,0,0,125
12/03/2009,GSP,SC,ASO,ES,Combined TRACON& Tower with Radar,16,95,28,4,143,0,0,5,0,5,16,95,33,4,148,0,0,0,148
12/04/2009,GSP,SC,ASO,ES,Combined TRACON& Tower with Radar,15,85,21,2,123,0,0,10,0,10,15,85,31,2,133,0,0,0,133
12/05/2009,GSP,SC,ASO,ES,Combined TRACON& Tower with Radar,11,57,11,0,79,0,0,1,0,1,11,57,12,0,80,0,0,0,80
12/06/2009,GSP,SC,ASO,ES,Combined TRACON& Tower with Radar,14,83,19,2,118,0,0,12,0,12,14,83,31,2,130,0,0,0,130
12/07/2009,GSP,SC,ASO,ES,Combined TRACON& Tower with Radar,12,88,16,0,116,0,0,5,0,5,12,88,21,0,121,0,0,0,121
12/08/2009,GSP,SC,ASO,ES,Combined TRACON& Tower with Radar,6,79,19,0,104,0,0,0,0,0,6,79,19,0,104,0,0,0,104
12/09/2009,GSP,SC,ASO,ES,Combined TRACON& Tower with Radar,16,80,22,2,120,0,0,2,0,2,16,80,24,2,122,0,0,0,122
12/10/2009,GSP,SC,ASO,ES,Combined TRACON& Tower with Radar,18,83,14,2,117,0,0,8,4,12,18,83,22,6,129,0,0,0,129
12/11/2009,GSP,SC,ASO,ES,Combined TRACON& Tower with Radar,7,92,14,1,114,0,0,10,0,10,7,92,24,1,124,0,0,0,124
12/12/2009,GSP,SC,ASO,ES,Combined TRACON& Tower with Radar,6,57,3,0,66,0,0,2,2,4,6,57,5,2,70,0,0,0,70
12/13/2009,GSP,SC,ASO,ES,Combined TRACON& Tower with Radar,8,72,3,2,85,0,0,0,0,0,8,72,3,2,85,0,0,0,85
12/14/2009,GSP,SC,ASO,ES,Combined TRACON& Tower with Radar,9,65,26,4,104,0,0,0,0,0,9,65,26,4,104,0,0,0,104
12/15/2009,GSP,SC,ASO,ES,Combined TRACON& Tower with Radar,11,78,30,3,122,0,0,6,0,6,11,78,36,3,128,0,0,0,128
12/16/2009,GSP,SC,ASO,ES,Combined TRACON& Tower with Radar,12,85,22,2,121,0,0,9,0,9,12,85,31,2,130,0,0,0,130
12/17/2009,GSP,SC,ASO,ES,Combined TRACON& Tower with Radar,11,89,18,8,126,0,0,21,1,22,11,89,39,9,148,0,0,0,148
12/18/2009,GSP,SC,ASO,ES,Combined TRACON& Tower with Radar,9,68,21,4,102,0,0,1,0,1,9,68,22,4,103,0,0,0,103
12/19/2009,GSP,SC,ASO,ES,Combined TRACON& Tower with Radar,6,49,4,4,63,0,1,2,1,4,6,50,6,5,67,0,0,0,67
12/20/2009,GSP,SC,ASO,ES,Combined TRACON& Tower with Radar,8,71,8,0,87,0,0,11,2,13,8,71,19,2,100,0,0,0,100
12/21/2009,GSP,SC,ASO,ES,Combined TRACON& Tower with Radar,9,82,31,0,122,0,0,10,0,10,9,82,41,0,132,0,0,0,132
12/22/2009,GSP,SC,ASO,ES,Combined TRACON& Tower with Radar,19,88,16,0,123,0,0,12,0,12,19,88,28,0,135,0,0,0,135
12/23/2009,GSP,SC,ASO,ES,Combined TRACON& Tower with Radar,21,84,24,2,131,0,0,14,2,16,21,84,38,4,147,0,0,0,147
12/24/2009,GSP,SC,ASO,ES,Combined TRACON& Tower with Radar,13,65,6,0,84,0,0,8,0,8,13,65,14,0,92,8,0,8,100
12/25/2009,GSP,SC,ASO,ES,Combined TRACON& Tower with Radar,8,62,4,0,74,0,0,0,0,0,8,62,4,0,74,0,0,0,74
12/26/2009,GSP,SC,ASO,ES,Combined TRACON& Tower with Radar,6,60,19,0,85,0,0,5,0,5,6,60,24,0,90,0,0,0,90
12/27/2009,GSP,SC,ASO,ES,Combined TRACON& Tower with Radar,9,82,11,2,104,0,0,5,0,5,9,82,16,2,109,0,0,0,109
12/28/2009,GSP,SC,ASO,ES,Combined TRACON& Tower with Radar,11,86,6,0,103,0,0,10,0,10,11,86,16,0,113,0,0,0,113
12/29/2009,GSP,SC,ASO,ES,Combined TRACON& Tower with Radar,13,79,14,3,109,0,0,11,5,16,13,79,25,8,125,0,0,0,125
12/30/2009,GSP,SC,ASO,ES,Combined TRACON& Tower with Radar,16,85,13,0,114,0,0,10,0,10,16,85,23,0,124,0,0,0,124
12/31/2009,GSP,SC,ASO,ES,Combined TRACON& Tower with Radar,9,67,6,0,82,0,0,0,0,0,9,67,6,0,82,0,0,0,82
01/01/2010,GSP,SC,ASO,ES,Combined TRACON& Tower with Radar,10,62,2,0,74,0,0,1,0,1,10,62,3,0,75,0,0,0,75
01/02/2010,GSP,SC,ASO,ES,Combined TRACON& Tower with Radar,6,70,11,0,87,0,0,5,0,5,6,70,16,0,92,0,0,0,92
01/03/2010,GSP,SC,ASO,ES,Combined TRACON& Tower with Radar,9,84,15,0,108,0,2,5,0,7,9,86,20,0,115,0,0,0,115
01/04/2010,GSP,SC,ASO,ES,Combined TRACON& Tower with Radar,10,86,16,6,118,0,0,12,2,14,10,86,28,8,132,0,0,0,132
01/05/2010,GSP,SC,ASO,ES,Combined TRACON& Tower with Radar,9,82,19,2,112,0,0,9,0,9,9,82,28,2,121,0,0,0,121
01/06/2010,GSP,SC,ASO,ES,Combined TRACON& Tower with Radar,12,91,15,0,118,0,0,6,4,10,12,91,21,4,128,0,0,0,128
01/07/2010,GSP,SC,ASO,ES,Combined TRACON& Tower with Radar,12,85,19,2,118,0,0,6,0,6,12,85,25,2,124,0,0,0,124
01/08/2010,GSP,SC,ASO,ES,Combined TRACON& Tower with Radar,7,80,20,4,111,0,0,6,0,6,7,80,26,4,117,0,0,0,117
01/09/2010,GSP,SC,ASO,ES,Combined TRACON& Tower with Radar,7,53,2,2,64,0,0,4,0,4,7,53,6,2,68,0,0,0,68
01/10/2010,GSP,SC,ASO,ES,Combined TRACON& Tower with Radar,7,79,7,4,97,0,0,5,0,5,7,79,12,4,102,0,0,0,102
01/11/2010,GSP,SC,ASO,ES,Combined TRACON& Tower with Radar,13,85,20,4,122,0,0,7,0,7,13,85,27,4,129,0,0,0,129
01/12/2010,GSP,SC,ASO,ES,Combined TRACON& Tower with Radar,10,81,8,0,99,0,0,4,2,6,10,81,12,2,105,0,0,0,105
01/13/2010,GSP,SC,ASO,ES,Combined TRACON& Tower with Radar,13,88,17,6,124,0,0,9,0,9,13,88,26,6,133,0,14,14,147
01/14/2010,GSP,SC,ASO,ES,Combined TRACON& Tower with Radar,14,92,15,4,125,0,0,16,0,16,14,92,31,4,141,0,0,0,141
01/15/2010,GSP,SC,ASO,ES,Combined TRACON& Tower with Radar,8,85,19,4,116,0,0,12,6,18,8,85,31,10,134,0,0,0,134
01/16/2010,GSP,SC,ASO,ES,Combined TRACON& Tower with Radar,7,52,6,0,65,0,0,7,0,7,7,52,13,0,72,18,0,18,90
01/17/2010,GSP,SC,ASO,ES,Combined TRACON& Tower with Radar,8,71,2,0,81,0,0,0,0,0,8,71,2,0,81,0,0,0,81
01/18/2010,GSP,SC,ASO,ES,Combined TRACON& Tower with Radar,12,85,26,0,123,0,0,14,0,14,12,85,40,0,137,20,0,20,157
01/19/2010,GSP,SC,ASO,ES,Combined TRACON& Tower with Radar,8,86,28,17,139,0,0,17,0,17,8,86,45,17,156,0,14,14,170
01/20/2010,GSP,SC,ASO,ES,Combined TRACON& Tower with Radar,14,94,25,2,135,0,0,19,3,22,14,94,44,5,157,0,14,14,171
01/21/2010,GSP,SC,ASO,ES,Combined TRACON& Tower with Radar,13,92,15,0,120,0,0,0,0,0,13,92,15,0,120,0,0,0,120
01/22/2010,GSP,SC,ASO,ES,Combined TRACON& Tower with Radar,13,88,14,0,115,0,0,5,0,5,13,88,19,0,120,0,0,0,120
01/23/2010,GSP,SC,ASO,ES,Combined TRACON& Tower with Radar,8,57,10,0,75,0,0,0,0,0,8,57,10,0,75,0,0,0,75
01/24/2010,GSP,SC,ASO,ES,Combined TRACON& Tower with Radar,6,75,5,0,86,0,0,0,0,0,6,75,5,0,86,0,0,0,86
01/25/2010,GSP,SC,ASO,ES,Combined TRACON& Tower with Radar,15,75,7,0,97,0,0,9,0,9,15,75,16,0,106,0,0,0,106
01/26/2010,GSP,SC,ASO,ES,Combined TRACON& Tower with Radar,10,83,19,22,134,0,0,10,13,23,10,83,29,35,157,0,52,52,209
01/27/2010,GSP,SC,ASO,ES,Combined TRACON& Tower with Radar,15,93,24,0,132,0,0,20,2,22,15,93,44,2,154,6,0,6,160
01/28/2010,GSP,SC,ASO,ES,Combined TRACON& Tower with Radar,15,88,26,8,137,0,0,27,2,29,15,88,53,10,166,0,0,0,166
01/29/2010,GSP,SC,ASO,ES,Combined TRACON& Tower with Radar,5,76,21,0,102,0,0,5,2,7,5,76,26,2,109,0,0,0,109
01/30/2010,GSP,SC,ASO,ES,Combined TRACON& Tower with Radar,5,14,3,0,22,0,0,0,0,0,5,14,3,0,22,0,0,0,22
01/31/2010,GSP,SC,ASO,ES,Combined TRACON& Tower with Radar,5,75,12,0,92,0,1,10,1,12,5,76,22,1,104,0,0,0,104
02/01/2010,GSP,SC,ASO,ES,Combined TRACON& Tower with Radar,10,83,17,3,113,0,0,10,0,10,10,83,27,3,123,0,0,0,123
02/02/2010,GSP,SC,ASO,ES,Combined TRACON& Tower with Radar,11,78,28,2,119,0,0,0,0,0,11,78,28,2,119,0,0,0,119
02/03/2010,GSP,SC,ASO,ES,Combined TRACON& Tower with Radar,19,92,13,4,128,0,0,13,2,15,19,92,26,6,143,0,0,0,143
02/04/2010,GSP,SC,ASO,ES,Combined TRACON& Tower with Radar,15,94,17,4,130,0,0,0,0,0,15,94,17,4,130,0,0,0,130
02/05/2010,GSP,SC,ASO,ES,Combined TRACON& Tower with Radar,9,84,16,0,109,0,0,0,0,0,9,84,16,0,109,0,0,0,109
02/06/2010,GSP,SC,ASO,ES,Combined TRACON& Tower with Radar,6,42,6,0,54,0,0,1,0,1,6,42,7,0,55,0,0,0,55
02/07/2010,GSP,SC,ASO,ES,Combined TRACON& Tower with Radar,5,75,12,0,92,0,1,10,1,12,5,76,22,1,104,74,0,74,178
02/08/2010,GSP,SC,ASO,ES,Combined TRACON& Tower with Radar,12,78,22,2,114,0,0,13,0,13,12,78,35,2,127,30,0,30,157
02/09/2010,GSP,SC,ASO,ES,Combined TRACON& Tower with Radar,11,73,11,0,95,0,1,0,2,3,11,74,11,2,98,10,0,10,108
02/10/2010,GSP,SC,ASO,ES,Combined TRACON& Tower with Radar,16,66,15,0,97,0,0,8,0,8,16,66,23,0,105,0,0,0,105
02/11/2010,GSP,SC,ASO,ES,Combined TRACON& Tower with Radar,11,75,23,0,109,0,0,8,0,8,11,75,31,0,117,0,0,0,117
02/12/2010,GSP,SC,ASO,ES,Combined TRACON& Tower with Radar,6,67,26,0,99,0,0,3,1,4,6,67,29,1,103,0,0,0,103
02/13/2010,GSP,SC,ASO,ES,Combined TRACON& Tower with Radar,9,48,8,0,65,0,0,9,2,11,9,48,17,2,76,0,0,0,76
02/14/2010,GSP,SC,ASO,ES,Combined TRACON& Tower with Radar,5,72,12,0,89,0,0,14,0,14,5,72,26,0,103,14,0,14,117
02/15/2010,GSP,SC,ASO,ES,Combined TRACON& Tower with Radar,8,80,24,0,112,0,0,3,2,5,8,80,27,2,117,0,0,0,117
02/16/2010,GSP,SC,ASO,ES,Combined TRACON& Tower with Radar,9,78,16,0,103,0,0,3,2,5,9,78,19,2,108,0,0,0,108
02/17/2010,GSP,SC,ASO,ES,Combined TRACON& Tower with Radar,11,90,15,0,116,0,1,7,0,8,11,91,22,0,124,0,0,0,124
02/18/2010,GSP,SC,ASO,ES,Combined TRACON& Tower with Radar,11,95,17,0,123,0,0,12,0,12,11,95,29,0,135,0,0,0,135
02/19/2010,GSP,SC,ASO,ES,Combined TRACON& Tower with Radar,6,87,17,8,118,0,0,20,0,20,6,87,37,8,138,14,0,14,152
02/20/2010,GSP,SC,ASO,ES,Combined TRACON& Tower with Radar,9,56,4,0,69,0,0,12,0,12,9,56,16,0,81,0,0,0,81
02/21/2010,GSP,SC,ASO,ES,Combined TRACON& Tower with Radar,8,78,10,2,98,0,0,6,0,6,8,78,16,2,104,26,0,26,130
02/22/2010,GSP,SC,ASO,ES,Combined TRACON& Tower with Radar,8,83,23,10,124,0,0,2,2,4,8,83,25,12,128,0,34,34,162
02/23/2010,GSP,SC,ASO,ES,Combined TRACON& Tower with Radar,10,68,15,6,99,0,0,11,0,11,10,68,26,6,110,0,10,10,120
02/24/2010,GSP,SC,ASO,ES,Combined TRACON& Tower with Radar,13,85,25,14,137,0,0,0,0,0,13,85,25,14,137,0,8,8,145
02/25/2010,GSP,SC,ASO,ES,Combined TRACON& Tower with Radar,13,82,24,0,119,0,0,12,0,12,13,82,36,0,131,0,0,0,131
02/26/2010,GSP,SC,ASO,ES,Combined TRACON& Tower with Radar,6,79,19,4,108,0,0,9,0,9,6,79,28,4,117,0,0,0,117
02/27/2010,GSP,SC,ASO,ES,Combined TRACON& Tower with Radar,9,53,6,2,70,0,0,8,2,10,9,53,14,4,80,0,0,0,80
02/28/2010,GSP,SC,ASO,ES,Combined TRACON& Tower with Radar,8,78,10,2,98,0,0,6,0,6,8,78,16,2,104,0,0,0,104
03/01/2010,GSP,SC,ASO,ES,Combined TRACON& Tower with Radar,7,72,12,0,91,0,1,13,2,16,7,73,25,2,107,8,0,8,115
03/02/2010,GSP,SC,ASO,ES,Combined TRACON& Tower with Radar,9,75,16,0,100,0,0,0,0,0,9,75,16,0,100,0,0,0,100
03/03/2010,GSP,SC,ASO,ES,Combined TRACON& Tower with Radar,12,86,19,0,117,0,0,5,0,5,12,86,24,0,122,0,0,0,122
03/04/2010,GSP,SC,ASO,ES,Combined TRACON& Tower with Radar,12,99,19,6,136,0,0,9,0,9,12,99,28,6,145,6,6,12,157
03/05/2010,GSP,SC,ASO,ES,Combined TRACON& Tower with Radar,8,90,22,12,132,0,0,13,6,19,8,90,35,18,151,0,12,12,163
03/06/2010,GSP,SC,ASO,ES,Combined TRACON& Tower with Radar,9,58,6,0,73,0,0,10,0,10,9,58,16,0,83,10,0,10,93
03/07/2010,GSP,SC,ASO,ES,Combined TRACON& Tower with Radar,8,77,11,4,100,0,0,7,0,7,8,77,18,4,107,6,0,6,113
03/08/2010,GSP,SC,ASO,ES,Combined TRACON& Tower with Radar,8,89,17,5,119,0,2,6,0,8,8,91,23,5,127,0,4,4,131
03/09/2010,GSP,SC,ASO,ES,Combined TRACON& Tower with Radar,11,87,15,4,117,0,0,10,4,14,11,87,25,8,131,10,0,10,141
03/10/2010,GSP,SC,ASO,ES,Combined TRACON& Tower with Radar,13,95,19,2,129,0,2,7,0,9,13,97,26,2,138,0,0,0,138
03/11/2010,GSP,SC,ASO,ES,Combined TRACON& Tower with Radar,13,86,23,2,124,0,0,0,0,0,13,86,23,2,124,0,0,0,124
03/12/2010,GSP,SC,ASO,ES,Combined TRACON& Tower with Radar,7,83,15,5,110,0,0,0,0,0,7,83,15,5,110,0,0,0,110
03/13/2010,GSP,SC,ASO,ES,Combined TRACON& Tower with Radar,9,52,7,0,68,0,0,3,0,3,9,52,10,0,71,0,0,0,71
03/14/2010,GSP,SC,ASO,ES,Combined TRACON& Tower with Radar,9,73,10,0,92,0,0,3,0,3,9,73,13,0,95,0,0,0,95
03/15/2010,GSP,SC,ASO,ES,Combined TRACON& Tower with Radar,8,92,9,2,111,0,0,10,0,10,8,92,19,2,121,0,0,0,121
03/16/2010,GSP,SC,ASO,ES,Combined TRACON& Tower with Radar,14,92,22,2,130,0,0,10,0,10,14,92,32,2,140,0,0,0,140
03/17/2010,GSP,SC,ASO,ES,Combined TRACON& Tower with Radar,12,95,24,0,131,0,2,4,1,7,12,97,28,1,138,0,0,0,138
03/18/2010,GSP,SC,ASO,ES,Combined TRACON& Tower with Radar,13,93,22,4,132,0,2,12,2,16,13,95,34,6,148,0,18,18,166
03/19/2010,GSP,SC,ASO,ES,Combined TRACON& Tower with Radar,8,93,18,0,119,0,0,15,0,15,8,93,33,0,134,6,0,6,140
03/20/2010,GSP,SC,ASO,ES,Combined TRACON& Tower with Radar,13,56,7,0,76,0,0,8,0,8,13,56,15,0,84,22,0,22,106
03/21/2010,GSP,SC,ASO,ES,Combined TRACON& Tower with Radar,9,83,2,0,94,0,0,3,0,3,9,83,5,0,97,0,0,0,97
03/22/2010,GSP,SC,ASO,ES,Combined TRACON& Tower with Radar,8,96,19,0,123,0,0,9,0,9,8,96,28,0,132,2,0,2,134
03/23/2010,GSP,SC,ASO,ES,Combined TRACON& Tower with Radar,13,92,18,0,123,0,0,15,0,15,13,92,33,0,138,20,0,20,158
03/24/2010,GSP,SC,ASO,ES,Combined TRACON& Tower with Radar,14,92,11,0,117,0,0,16,0,16,14,92,27,0,133,4,0,4,137
03/25/2010,GSP,SC,ASO,ES,Combined TRACON& Tower with Radar,14,101,30,6,151,0,0,11,0,11,14,101,41,6,162,0,0,0,162
03/26/2010,GSP,SC,ASO,ES,Combined TRACON& Tower with Radar,8,90,22,3,123,0,0,12,3,15,8,90,34,6,138,0,0,0,138
03/27/2010,GSP,SC,ASO,ES,Combined TRACON& Tower with Radar,9,59,14,1,83,0,2,26,2,30,9,61,40,3,113,12,0,12,125
03/28/2010,GSP,SC,ASO,ES,Combined TRACON& Tower with Radar,19,79,6,0,104,0,0,2,0,2,19,79,8,0,106,0,0,0,106
03/29/2010,GSP,SC,ASO,ES,Combined TRACON& Tower with Radar,10,95,16,2,123,0,0,15,0,15,10,95,31,2,138,0,0,0,138
03/30/2010,GSP,SC,ASO,ES,Combined TRACON& Tower with Radar,13,86,12,1,112,0,0,22,0,22,13,86,34,1,134,0,0,0,134
03/31/2010,GSP,SC,ASO,ES,Combined TRACON& Tower with Radar,11,93,23,2,129,0,0,30,2,32,11,93,53,4,161,24,0,24,185
04/01/2010,GSP,SC,ASO,ES,Combined TRACON& Tower with Radar,13,94,13,2,122,0,0,9,2,11,13,94,22,4,133,0,0,0,133
04/02/2010,GSP,SC,ASO,ES,Combined TRACON& Tower with Radar,8,95,17,0,120,0,0,17,0,17,8,95,34,0,137,0,0,0,137
04/03/2010,GSP,SC,ASO,ES,Combined TRACON& Tower with Radar,11,57,1,0,69,0,0,12,0,12,11,57,13,0,81,0,0,0,81
04/04/2010,GSP,SC,ASO,ES,Combined TRACON& Tower with Radar,5,80,1,0,86,0,0,11,0,11,5,80,12,0,97,0,0,0,97
04/05/2010,GSP,SC,ASO,ES,Combined TRACON& Tower with Radar,11,88,20,4,123,0,0,11,0,11,11,88,31,4,134,2,0,2,136
04/06/2010,GSP,SC,ASO,ES,Combined TRACON& Tower with Radar,14,80,26,3,123,0,1,10,0,11,14,81,36,3,134,0,0,0,134
04/07/2010,GSP,SC,ASO,ES,Combined TRACON& Tower with Radar,14,84,23,1,122,0,0,6,0,6,14,84,29,1,128,0,0,0,128
04/08/2010,GSP,SC,ASO,ES,Combined TRACON& Tower with Radar,25,81,17,0,123,0,0,1,0,1,25,81,18,0,124,0,0,0,124
04/09/2010,GSP,SC,ASO,ES,Combined TRACON& Tower with Radar,11,84,18,0,113,0,0,10,0,10,11,84,28,0,123,0,0,0,123
04/10/2010,GSP,SC,ASO,ES,Combined TRACON& Tower with Radar,11,60,11,0,82,0,0,15,0,15,11,60,26,0,97,0,0,0,97
04/11/2010,GSP,SC,ASO,ES,Combined TRACON& Tower with Radar,9,79,9,0,97,0,1,8,0,9,9,80,17,0,106,0,0,0,106
04/12/2010,GSP,SC,ASO,ES,Combined TRACON& Tower with Radar,9,85,25,0,119,0,0,14,0,14,9,85,39,0,133,0,0,0,133
04/13/2010,GSP,SC,ASO,ES,Combined TRACON& Tower with Radar,21,83,18,0,122,0,0,11,0,11,21,83,29,0,133,0,0,0,133
04/14/2010,GSP,SC,ASO,ES,Combined TRACON& Tower with Radar,17,89,34,0,140,0,3,12,5,20,17,92,46,5,160,12,0,12,172
04/15/2010,GSP,SC,ASO,ES,Combined TRACON& Tower with Radar,19,86,26,0,131,0,0,16,0,16,19,86,42,0,147,0,0,0,147
04/16/2010,GSP,SC,ASO,ES,Combined TRACON& Tower with Radar,15,86,20,2,123,0,0,13,0,13,15,86,33,2,136,0,0,0,136
04/17/2010,GSP,SC,ASO,ES,Combined TRACON& Tower with Radar,12,56,11,0,79,0,0,8,2,10,12,56,19,2,89,0,0,0,89
04/18/2010,GSP,SC,ASO,ES,Combined TRACON& Tower with Radar,15,74,9,2,100,0,2,6,0,8,15,76,15,2,108,32,2,34,142
04/19/2010,GSP,SC,ASO,ES,Combined TRACON& Tower with Radar,17,87,10,0,114,0,0,16,2,18,17,87,26,2,132,10,0,10,142
04/20/2010,GSP,SC,ASO,ES,Combined TRACON& Tower with Radar,22,81,21,2,126,0,0,12,1,13,22,81,33,3,139,0,0,0,139
04/21/2010,GSP,SC,ASO,ES,Combined TRACON& Tower with Radar,18,83,18,0,119,0,0,15,0,15,18,83,33,0,134,14,0,14,148
04/22/2010,GSP,SC,ASO,ES,Combined TRACON& Tower with Radar,16,85,15,4,120,0,0,11,0,11,16,85,26,4,131,0,0,0,131
04/23/2010,GSP,SC,ASO,ES,Combined TRACON& Tower with Radar,15,82,17,3,117,0,0,8,3,11,15,82,25,6,128,0,0,0,128
04/24/2010,GSP,SC,ASO,ES,Combined TRACON& Tower with Radar,27,60,2,0,89,0,0,1,0,1,27,60,3,0,90,0,0,0,90
04/25/2010,GSP,SC,ASO,ES,Combined TRACON& Tower with Radar,12,82,14,1,109,0,0,6,0,6,12,82,20,1,115,0,0,0,115
04/26/2010,GSP,SC,ASO,ES,Combined TRACON& Tower with Radar,17,81,16,0,114,0,0,8,0,8,17,81,24,0,122,0,0,0,122
04/27/2010,GSP,SC,ASO,ES,Combined TRACON& Tower with Radar,19,85,19,3,126,0,0,5,0,5,19,85,24,3,131,0,0,0,131
04/28/2010,GSP,SC,ASO,ES,Combined TRACON& Tower with Radar,18,87,25,3,133,0,0,21,1,22,18,87,46,4,155,0,0,0,155
04/29/2010,GSP,SC,ASO,ES,Combined TRACON& Tower with Radar,15,88,26,3,132,0,0,13,3,16,15,88,39,6,148,10,0,10,158
04/30/2010,GSP,SC,ASO,ES,Combined TRACON& Tower with Radar,13,78,32,8,131,0,0,22,0,22,13,78,54,8,153,0,2,2,155
05/01/2010,GSP,SC,ASO,ES,Combined TRACON& Tower with Radar,9,55,9,0,73,0,0,1,4,5,9,55,10,4,78,0,0,0,78
05/02/2010,GSP,SC,ASO,ES,Combined TRACON& Tower with Radar,12,75,18,0,105,0,0,6,0,6,12,75,24,0,111,0,0,0,111
05/03/2010,GSP,SC,ASO,ES,Combined TRACON& Tower with Radar,15,81,19,0,115,0,0,0,0,0,15,81,19,0,115,0,0,0,115
05/04/2010,GSP,SC,ASO,ES,Combined TRACON& Tower with Radar,11,86,21,1,119,0,0,14,0,14,11,86,35,1,133,0,0,0,133
05/05/2010,GSP,SC,ASO,ES,Combined TRACON& Tower with Radar,21,87,17,1,126,0,4,14,2,20,21,91,31,3,146,0,0,0,146
05/06/2010,GSP,SC,ASO,ES,Combined TRACON& Tower with Radar,11,98,27,0,136,0,0,10,0,10,11,98,37,0,146,0,0,0,146
05/07/2010,GSP,SC,ASO,ES,Combined TRACON& Tower with Radar,10,85,21,4,120,0,0,17,0,17,10,85,38,4,137,10,0,10,147
05/08/2010,GSP,SC,ASO,ES,Combined TRACON& Tower with Radar,11,58,6,0,75,0,0,6,0,6,11,58,12,0,81,0,0,0,81
05/09/2010,GSP,SC,ASO,ES,Combined TRACON& Tower with Radar,8,79,5,0,92,0,2,5,2,9,8,81,10,2,101,0,0,0,101
05/10/2010,GSP,SC,ASO,ES,Combined TRACON& Tower with Radar,14,85,22,8,129,0,0,15,0,15,14,85,37,8,144,0,0,0,144
05/11/2010,GSP,SC,ASO,ES,Combined TRACON& Tower with Radar,13,90,18,0,121,0,0,2,0,2,13,90,20,0,123,0,0,0,123
05/12/2010,GSP,SC,ASO,ES,Combined TRACON& Tower with Radar,12,91,22,2,127,0,0,5,0,5,12,91,27,2,132,0,0,0,132
05/13/2010,GSP,SC,ASO,ES,Combined TRACON& Tower with Radar,15,91,16,2,124,0,0,10,0,10,15,91,26,2,134,10,0,10,144
05/14/2010,GSP,SC,ASO,ES,Combined TRACON& Tower with Radar,15,83,20,0,118,0,0,17,0,17,15,83,37,0,135,6,0,6,141
05/15/2010,GSP,SC,ASO,ES,Combined TRACON& Tower with Radar,11,59,9,0,79,0,0,5,0,5,11,59,14,0,84,0,0,0,84
05/16/2010,GSP,SC,ASO,ES,Combined TRACON& Tower with Radar,8,86,8,0,102,0,0,4,0,4,8,86,12,0,106,0,0,0,106
05/17/2010,GSP,SC,ASO,ES,Combined TRACON& Tower with Radar,15,85,31,9,140,0,1,1,6,8,15,86,32,15,148,0,26,26,174
05/18/2010,GSP,SC,ASO,ES,Combined TRACON& Tower with Radar,12,94,18,0,124,0,0,0,2,2,12,94,18,2,126,0,0,0,126
05/19/2010,GSP,SC,ASO,ES,Combined TRACON& Tower with Radar,13,91,24,0,128,0,0,6,1,7,13,91,30,1,135,0,0,0,135
05/20/2010,GSP,SC,ASO,ES,Combined TRACON& Tower with Radar,15,90,14,2,121,0,0,12,0,12,15,90,26,2,133,0,0,0,133
05/21/2010,GSP,SC,ASO,ES,Combined TRACON& Tower with Radar,21,89,16,0,126,0,0,2,0,2,21,89,18,0,128,0,0,0,128
05/22/2010,GSP,SC,ASO,ES,Combined TRACON& Tower with Radar,8,60,17,2,87,0,0,4,0,4,8,60,21,2,91,0,0,0,91
05/23/2010,GSP,SC,ASO,ES,Combined TRACON& Tower with Radar,8,80,12,0,100,0,2,6,0,8,8,82,18,0,108,0,0,0,108
05/24/2010,GSP,SC,ASO,ES,Combined TRACON& Tower with Radar,16,87,17,2,122,0,0,3,0,3,16,87,20,2,125,0,0,0,125
05/25/2010,GSP,SC,ASO,ES,Combined TRACON& Tower with Radar,14,88,24,4,130,0,2,3,2,7,14,90,27,6,137,0,0,0,137
05/26/2010,GSP,SC,ASO,ES,Combined TRACON& Tower with Radar,13,90,19,0,122,0,0,8,0,8,13,90,27,0,130,0,0,0,130
05/27/2010,GSP,SC,ASO,ES,Combined TRACON& Tower with Radar,17,84,26,0,127,0,0,11,0,11,17,84,37,0,138,0,0,0,138
05/28/2010,GSP,SC,ASO,ES,Combined TRACON& Tower with Radar,17,82,20,0,119,0,0,7,2,9,17,82,27,2,128,0,0,0,128
05/29/2010,GSP,SC,ASO,ES,Combined TRACON& Tower with Radar,12,52,7,0,71,0,0,8,2,10,12,52,15,2,81,0,0,0,81
05/30/2010,GSP,SC,ASO,ES,Combined TRACON& Tower with Radar,5,59,7,0,71,0,0,0,0,0,5,59,7,0,71,0,0,0,71
05/31/2010,GSP,SC,ASO,ES,Combined TRACON& Tower with Radar,8,72,16,0,96,0,0,0,0,0,8,72,16,0,96,0,0,0,96
06/01/2010,GSP,SC,ASO,ES,Combined TRACON& Tower with Radar,11,85,17,7,120,0,0,0,2,2,11,85,17,9,122,0,0,0,122
06/02/2010,GSP,SC,ASO,ES,Combined TRACON& Tower with Radar,21,79,23,2,125,0,0,3,0,3,21,79,26,2,128,0,0,0,128
06/03/2010,GSP,SC,ASO,ES,Combined TRACON& Tower with Radar,12,96,29,2,139,0,0,8,3,11,12,96,37,5,150,0,0,0,150
06/04/2010,GSP,SC,ASO,ES,Combined TRACON& Tower with Radar,18,88,24,0,130,0,0,5,3,8,18,88,29,3,138,0,0,0,138
06/05/2010,GSP,SC,ASO,ES,Combined TRACON& Tower with Radar,9,58,11,0,78,0,2,4,3,9,9,60,15,3,87,0,0,0,87
06/06/2010,GSP,SC,ASO,ES,Combined TRACON& Tower with Radar,9,79,7,1,96,0,1,0,7,8,9,80,7,8,104,0,0,0,104
06/07/2010,GSP,SC,ASO,ES,Combined TRACON& Tower with Radar,15,88,21,0,124,0,0,25,1,26,15,88,46,1,150,0,0,0,150
06/08/2010,GSP,SC,ASO,ES,Combined TRACON& Tower with Radar,13,91,29,0,133,0,1,14,0,15,13,92,43,0,148,30,0,30,178
06/09/2010,GSP,SC,ASO,ES,Combined TRACON& Tower with Radar,16,85,15,3,119,0,0,9,0,9,16,85,24,3,128,0,0,0,128
06/10/2010,GSP,SC,ASO,ES,Combined TRACON& Tower with Radar,20,88,22,1,131,0,0,9,1,10,20,88,31,2,141,0,0,0,141
06/11/2010,GSP,SC,ASO,ES,Combined TRACON& Tower with Radar,13,91,16,0,120,0,0,8,2,10,13,91,24,2,130,0,0,0,130
06/12/2010,GSP,SC,ASO,ES,Combined TRACON& Tower with Radar,12,60,10,0,82,0,0,6,2,8,12,60,16,2,90,0,0,0,90
06/13/2010,GSP,SC,ASO,ES,Combined TRACON& Tower with Radar,22,88,11,1,122,0,1,4,3,8,22,89,15,4,130,0,0,0,130
06/14/2010,GSP,SC,ASO,ES,Combined TRACON& Tower with Radar,13,94,27,0,134,0,0,12,0,12,13,94,39,0,146,0,0,0,146
06/15/2010,GSP,SC,ASO,ES,Combined TRACON& Tower with Radar,29,88,23,0,140,0,0,13,2,15,29,88,36,2,155,0,0,0,155
06/16/2010,GSP,SC,ASO,ES,Combined TRACON& Tower with Radar,22,84,22,2,130,0,1,9,0,10,22,85,31,2,140,0,18,18,158
06/17/2010,GSP,SC,ASO,ES,Combined TRACON& Tower with Radar,22,90,23,0,135,0,2,10,0,12,22,92,33,0,147,0,0,0,147
06/18/2010,GSP,SC,ASO,ES,Combined TRACON& Tower with Radar,12,85,22,9,128,0,2,8,2,12,12,87,30,11,140,0,0,0,140
06/19/2010,GSP,SC,ASO,ES,Combined TRACON& Tower with Radar,14,55,19,0,88,0,0,5,0,5,14,55,24,0,93,0,0,0,93
06/20/2010,GSP,SC,ASO,ES,Combined TRACON& Tower with Radar,16,79,2,8,105,0,0,5,0,5,16,79,7,8,110,0,0,0,110
06/21/2010,GSP,SC,ASO,ES,Combined TRACON& Tower with Radar,15,87,24,1,127,0,0,44,0,44,15,87,68,1,171,0,0,0,171
06/22/2010,GSP,SC,ASO,ES,Combined TRACON& Tower with Radar,19,82,16,0,117,0,0,10,0,10,19,82,26,0,127,0,0,0,127
06/23/2010,GSP,SC,ASO,ES,Combined TRACON& Tower with Radar,18,81,36,0,135,0,2,12,0,14,18,83,48,0,149,0,0,0,149
06/24/2010,GSP,SC,ASO,ES,Combined TRACON& Tower with Radar,22,81,25,2,130,0,0,15,2,17,22,81,40,4,147,0,0,0,147
06/25/2010,GSP,SC,ASO,ES,Combined TRACON& Tower with Radar,13,85,22,3,123,0,0,19,1,20,13,85,41,4,143,0,0,0,143
06/26/2010,GSP,SC,ASO,ES,Combined TRACON& Tower with Radar,13,63,8,0,84,0,0,17,0,17,13,63,25,0,101,0,0,0,101
06/27/2010,GSP,SC,ASO,ES,Combined TRACON& Tower with Radar,16,76,11,2,105,0,0,3,0,3,16,76,14,2,108,0,0,0,108
06/28/2010,GSP,SC,ASO,ES,Combined TRACON& Tower with Radar,15,83,20,4,122,0,0,11,1,12,15,83,31,5,134,0,0,0,134
06/29/2010,GSP,SC,ASO,ES,Combined TRACON& Tower with Radar,29,84,12,2,127,0,0,14,0,14,29,84,26,2,141,0,0,0,141
06/30/2010,GSP,SC,ASO,ES,Combined TRACON& Tower with Radar,18,88,33,0,139,0,0,7,0,7,18,88,40,0,146,0,0,0,146
07/01/2010,GSP,SC,ASO,ES,Combined TRACON& Tower with Radar,23,82,17,0,122,0,3,16,4,23,23,85,33,4,145,0,0,0,145
07/02/2010,GSP,SC,ASO,ES,Combined TRACON& Tower with Radar,17,79,13,0,109,0,0,10,0,10,17,79,23,0,119,0,0,0,119
07/03/2010,GSP,SC,ASO,ES,Combined TRACON& Tower with Radar,17,55,5,0,77,0,0,0,0,0,17,55,5,0,77,0,0,0,77
07/04/2010,GSP,SC,ASO,ES,Combined TRACON& Tower with Radar,20,46,4,0,70,0,0,9,0,9,20,46,13,0,79,0,0,0,79
07/05/2010,GSP,SC,ASO,ES,Combined TRACON& Tower with Radar,17,84,17,0,118,0,0,16,0,16,17,84,33,0,134,0,0,0,134
07/06/2010,GSP,SC,ASO,ES,Combined TRACON& Tower with Radar,19,80,7,2,108,0,0,17,6,23,19,80,24,8,131,12,0,12,143
07/07/2010,GSP,SC,ASO,ES,Combined TRACON& Tower with Radar,18,89,15,0,122,0,0,19,0,19,18,89,34,0,141,0,0,0,141
07/08/2010,GSP,SC,ASO,ES,Combined TRACON& Tower with Radar,25,81,30,4,140,0,0,5,2,7,25,81,35,6,147,0,0,0,147
07/09/2010,GSP,SC,ASO,ES,Combined TRACON& Tower with Radar,23,81,17,5,126,0,0,4,3,7,23,81,21,8,133,0,0,0,133
07/10/2010,GSP,SC,ASO,ES,Combined TRACON& Tower with Radar,17,57,5,2,81,0,0,6,0,6,17,57,11,2,87,0,0,0,87
07/11/2010,GSP,SC,ASO,ES,Combined TRACON& Tower with Radar,17,77,16,2,112,0,0,4,2,6,17,77,20,4,118,0,0,0,118
07/12/2010,GSP,SC,ASO,ES,Combined TRACON& Tower with Radar,32,89,17,0,138,0,2,4,0,6,32,91,21,0,144,6,0,6,150
07/13/2010,GSP,SC,ASO,ES,Combined TRACON& Tower with Radar,22,69,29,0,120,0,0,5,2,7,22,69,34,2,127,0,0,0,127
07/14/2010,GSP,SC,ASO,ES,Combined TRACON& Tower with Radar,21,84,24,0,129,0,0,17,0,17,21,84,41,0,146,0,0,0,146
07/15/2010,GSP,SC,ASO,ES,Combined TRACON& Tower with Radar,27,92,26,0,145,0,0,6,1,7,27,92,32,1,152,0,0,0,152
07/16/2010,GSP,SC,ASO,ES,Combined TRACON& Tower with Radar,20,84,17,4,125,0,0,14,0,14,20,84,31,4,139,0,0,0,139
07/17/2010,GSP,SC,ASO,ES,Combined TRACON& Tower with Radar,18,65,15,0,98,0,0,8,0,8,18,65,23,0,106,0,0,0,106
07/18/2010,GSP,SC,ASO,ES,Combined TRACON& Tower with Radar,18,73,12,0,103,0,0,6,0,6,18,73,18,0,109,0,0,0,109
07/19/2010,GSP,SC,ASO,ES,Combined TRACON& Tower with Radar,22,85,23,2,132,0,0,11,0,11,22,85,34,2,143,0,0,0,143
07/20/2010,GSP,SC,ASO,ES,Combined TRACON& Tower with Radar,28,81,29,2,140,0,0,11,3,14,28,81,40,5,154,10,0,10,164
07/21/2010,GSP,SC,ASO,ES,Combined TRACON& Tower with Radar,24,80,32,1,137,0,2,4,0,6,24,82,36,1,143,0,0,0,143
07/22/2010,GSP,SC,ASO,ES,Combined TRACON& Tower with Radar,23,86,24,1,134,0,0,9,0,9,23,86,33,1,143,4,0,4,147
07/23/2010,GSP,SC,ASO,ES,Combined TRACON& Tower with Radar,21,80,23,5,129,0,0,14,5,19,21,80,37,10,148,0,0,0,148
07/24/2010,GSP,SC,ASO,ES,Combined TRACON& Tower with Radar,15,55,7,0,77,0,0,7,2,9,15,55,14,2,86,0,0,0,86
07/25/2010,GSP,SC,ASO,ES,Combined TRACON& Tower with Radar,17,69,6,0,92,0,0,7,2,9,17,69,13,2,101,0,0,0,101
07/26/2010,GSP,SC,ASO,ES,Combined TRACON& Tower with Radar,20,88,11,0,119,0,0,8,4,12,20,88,19,4,131,0,0,0,131
07/27/2010,GSP,SC,ASO,ES,Combined TRACON& Tower with Radar,22,81,15,0,118,0,0,1,0,1,22,81,16,0,119,0,0,0,119
07/28/2010,GSP,SC,ASO,ES,Combined TRACON& Tower with Radar,22,86,10,0,118,0,0,13,2,15,22,86,23,2,133,0,0,0,133
07/29/2010,GSP,SC,ASO,ES,Combined TRACON& Tower with Radar,26,77,25,0,128,0,0,14,0,14,26,77,39,0,142,0,0,0,142
07/30/2010,GSP,SC,ASO,ES,Combined TRACON& Tower with Radar,18,83,20,3,124,0,0,15,0,15,18,83,35,3,139,0,0,0,139
07/31/2010,GSP,SC,ASO,ES,Combined TRACON& Tower with Radar,15,58,13,0,86,0,0,0,2,2,15,58,13,2,88,0,0,0,88
08/01/2010,GSP,SC,ASO,ES,Combined TRACON& Tower with Radar,23,82,13,3,121,0,0,1,0,1,23,82,14,3,122,0,0,0,122
08/02/2010,GSP,SC,ASO,ES,Combined TRACON& Tower with Radar,19,83,23,2,127,0,0,4,1,5,19,83,27,3,132,0,0,0,132
08/03/2010,GSP,SC,ASO,ES,Combined TRACON& Tower with Radar,25,78,31,0,134,0,0,2,2,4,25,78,33,2,138,0,0,0,138
08/04/2010,GSP,SC,ASO,ES,Combined TRACON& Tower with Radar,19,84,27,6,136,0,0,7,0,7,19,84,34,6,143,8,0,8,151
08/05/2010,GSP,SC,ASO,ES,Combined TRACON& Tower with Radar,35,82,28,2,147,0,0,16,0,16,35,82,44,2,163,0,0,0,163
08/06/2010,GSP,SC,ASO,ES,Combined TRACON& Tower with Radar,36,80,17,0,133,0,1,6,0,7,36,81,23,0,140,0,0,0,140
08/07/2010,GSP,SC,ASO,ES,Combined TRACON& Tower with Radar,16,60,9,1,86,0,0,11,1,12,16,60,20,2,98,0,0,0,98
08/08/2010,GSP,SC,ASO,ES,Combined TRACON& Tower with Radar,15,76,3,0,94,0,0,4,2,6,15,76,7,2,100,0,0,0,100
08/09/2010,GSP,SC,ASO,ES,Combined TRACON& Tower with Radar,13,89,24,2,128,0,0,12,5,17,13,89,36,7,145,0,0,0,145
08/10/2010,GSP,SC,ASO,ES,Combined TRACON& Tower with Radar,23,77,15,0,115,0,0,13,2,15,23,77,28,2,130,0,0,0,130
08/11/2010,GSP,SC,ASO,ES,Combined TRACON& Tower with Radar,22,83,20,0,125,0,0,9,0,9,22,83,29,0,134,0,0,0,134
08/12/2010,GSP,SC,ASO,ES,Combined TRACON& Tower with Radar,22,93,25,4,144,0,2,9,5,16,22,95,34,9,160,0,0,0,160
08/13/2010,GSP,SC,ASO,ES,Combined TRACON& Tower with Radar,22,79,15,3,119,0,0,9,1,10,22,79,24,4,129,0,0,0,129
08/14/2010,GSP,SC,ASO,ES,Combined TRACON& Tower with Radar,18,57,14,0,89,0,0,1,0,1,18,57,15,0,90,0,0,0,90
08/15/2010,GSP,SC,ASO,ES,Combined TRACON& Tower with Radar,15,74,3,4,96,0,0,6,2,8,15,74,9,6,104,6,0,6,110
08/16/2010,GSP,SC,ASO,ES,Combined TRACON& Tower with Radar,20,83,20,7,130,0,0,6,2,8,20,83,26,9,138,0,14,14,152
08/17/2010,GSP,SC,ASO,ES,Combined TRACON& Tower with Radar,24,81,28,1,134,0,0,7,1,8,24,81,35,2,142,0,0,0,142
08/18/2010,GSP,SC,ASO,ES,Combined TRACON& Tower with Radar,26,88,27,0,141,0,0,9,0,9,26,88,36,0,150,0,0,0,150
08/19/2010,GSP,SC,ASO,ES,Combined TRACON& Tower with Radar,21,96,18,7,142,0,1,1,0,2,21,97,19,7,144,0,12,12,156
08/20/2010,GSP,SC,ASO,ES,Combined TRACON& Tower with Radar,19,83,11,0,113,0,0,4,1,5,19,83,15,1,118,0,0,0,118
08/21/2010,GSP,SC,ASO,ES,Combined TRACON& Tower with Radar,15,56,17,0,88,0,0,4,2,6,15,56,21,2,94,0,0,0,94
08/22/2010,GSP,SC,ASO,ES,Combined TRACON& Tower with Radar,15,74,10,2,101,0,0,6,0,6,15,74,16,2,107,0,0,0,107
08/23/2010,GSP,SC,ASO,ES,Combined TRACON& Tower with Radar,17,91,15,3,126,0,0,18,1,19,17,91,33,4,145,0,10,10,155
08/24/2010,GSP,SC,ASO,ES,Combined TRACON& Tower with Radar,22,85,21,2,130,0,0,10,2,12,22,85,31,4,142,6,0,6,148
08/25/2010,GSP,SC,ASO,ES,Combined TRACON& Tower with Radar,22,89,25,0,136,0,0,8,2,10,22,89,33,2,146,0,0,0,146
08/26/2010,GSP,SC,ASO,ES,Combined TRACON& Tower with Radar,23,108,16,2,149,0,1,5,0,6,23,109,21,2,155,0,0,0,155
08/27/2010,GSP,SC,ASO,ES,Combined TRACON& Tower with Radar,18,88,24,1,131,0,0,15,0,15,18,88,39,1,146,4,0,4,150
08/28/2010,GSP,SC,ASO,ES,Combined TRACON& Tower with Radar,12,62,12,6,92,0,0,3,1,4,12,62,15,7,96,0,12,12,108
08/29/2010,GSP,SC,ASO,ES,Combined TRACON& Tower with Radar,14,77,13,0,104,0,2,3,0,5,14,79,16,0,109,0,0,0,109
08/30/2010,GSP,SC,ASO,ES,Combined TRACON& Tower with Radar,16,91,15,7,129,0,2,6,0,8,16,93,21,7,137,0,0,0,137
08/31/2010,GSP,SC,ASO,ES,Combined TRACON& Tower with Radar,16,90,30,0,136,0,0,9,3,12,16,90,39,3,148,0,0,0,148
09/01/2010,GSP,SC,ASO,ES,Combined TRACON& Tower with Radar,23,84,19,0,126,0,0,16,2,18,23,84,35,2,144,0,0,0,144
09/02/2010,GSP,SC,ASO,ES,Combined TRACON& Tower with Radar,20,91,9,1,121,0,0,5,5,10,20,91,14,6,131,0,0,0,131
09/03/2010,GSP,SC,ASO,ES,Combined TRACON& Tower with Radar,19,86,13,4,122,0,0,14,2,16,19,86,27,6,138,0,0,0,138
09/04/2010,GSP,SC,ASO,ES,Combined TRACON& Tower with Radar,16,54,1,0,71,0,0,8,0,8,16,54,9,0,79,0,0,0,79
09/05/2010,GSP,SC,ASO,ES,Combined TRACON& Tower with Radar,13,48,2,0,63,0,0,5,0,5,13,48,7,0,68,2,0,2,70
09/06/2010,GSP,SC,ASO,ES,Combined TRACON& Tower with Radar,12,78,7,0,97,0,1,9,0,10,12,79,16,0,107,0,0,0,107
09/07/2010,GSP,SC,ASO,ES,Combined TRACON& Tower with Radar,13,89,11,2,115,0,0,9,2,11,13,89,20,4,126,0,0,0,126
09/08/2010,GSP,SC,ASO,ES,Combined TRACON& Tower with Radar,24,85,32,2,143,0,0,8,0,8,24,85,40,2,151,0,0,0,151
09/09/2010,GSP,SC,ASO,ES,Combined TRACON& Tower with Radar,21,89,24,7,141,0,0,6,5,11,21,89,30,12,152,0,0,0,152
09/10/2010,GSP,SC,ASO,ES,Combined TRACON& Tower with Radar,17,84,15,5,121,0,0,13,5,18,17,84,28,10,139,0,0,0,139
09/11/2010,GSP,SC,ASO,ES,Combined TRACON& Tower with Radar,12,56,2,0,70,0,0,5,2,7,12,56,7,2,77,0,0,0,77
09/12/2010,GSP,SC,ASO,ES,Combined TRACON& Tower with Radar,10,73,8,5,96,0,0,2,3,5,10,73,10,8,101,0,0,0,101
09/13/2010,GSP,SC,ASO,ES,Combined TRACON& Tower with Radar,18,84,19,0,121,0,0,10,0,10,18,84,29,0,131,0,0,0,131
09/14/2010,GSP,SC,ASO,ES,Combined TRACON& Tower with Radar,19,84,11,0,114,0,0,8,0,8,19,84,19,0,122,0,0,0,122
09/15/2010,GSP,SC,ASO,ES,Combined TRACON& Tower with Radar,22,84,14,2,122,0,0,17,0,17,22,84,31,2,139,0,0,0,139
09/16/2010,GSP,SC,ASO,ES,Combined TRACON& Tower with Radar,20,90,31,0,141,0,0,12,0,12,20,90,43,0,153,0,0,0,153
09/17/2010,GSP,SC,ASO,ES,Combined TRACON& Tower with Radar,22,82,25,0,129,0,0,8,0,8,22,82,33,0,137,4,0,4,141
09/18/2010,GSP,SC,ASO,ES,Combined TRACON& Tower with Radar,13,61,6,2,82,0,0,5,0,5,13,61,11,2,87,0,0,0,87
09/19/2010,GSP,SC,ASO,ES,Combined TRACON& Tower with Radar,12,76,6,0,94,0,2,8,0,10,12,78,14,0,104,14,0,14,118
09/20/2010,GSP,SC,ASO,ES,Combined TRACON& Tower with Radar,18,90,35,0,143,0,1,9,0,10,18,91,44,0,153,0,0,0,153
09/21/2010,GSP,SC,ASO,ES,Combined TRACON& Tower with Radar,17,85,20,0,122,0,2,17,0,19,17,87,37,0,141,0,0,0,141
09/22/2010,GSP,SC,ASO,ES,Combined TRACON& Tower with Radar,22,85,19,4,130,0,0,21,0,21,22,85,40,4,151,8,0,8,159
09/23/2010,GSP,SC,ASO,ES,Combined TRACON& Tower with Radar,22,89,27,0,138,0,0,13,0,13,22,89,40,0,151,0,0,0,151
09/24/2010,GSP,SC,ASO,ES,Combined TRACON& Tower with Radar,18,82,16,0,116,0,0,18,0,18,18,82,34,0,134,0,0,0,134
09/25/2010,GSP,SC,ASO,ES,Combined TRACON& Tower with Radar,13,57,5,0,75,0,0,3,0,3,13,57,8,0,78,0,0,0,78
09/26/2010,GSP,SC,ASO,ES,Combined TRACON& Tower with Radar,17,78,5,1,101,0,0,0,0,0,17,78,5,1,101,0,0,0,101
09/27/2010,GSP,SC,ASO,ES,Combined TRACON& Tower with Radar,22,84,42,0,148,0,0,0,0,0,22,84,42,0,148,0,0,0,148
09/28/2010,GSP,SC,ASO,ES,Combined TRACON& Tower with Radar,20,86,38,1,145,0,0,5,0,5,20,86,43,1,150,0,0,0,150
09/29/2010,GSP,SC,ASO,ES,Combined TRACON& Tower with Radar,0,0,0,0,0,0,0,0,0,0,0,0,0,0,0,0,0,0,0
09/30/2010,GSP,SC,ASO,ES,Combined TRACON& Tower with Radar,18,56,20,12,106,0,0,10,4,14,18,56,30,16,120,0,0,0,120
10/01/2010,GSP,SC,ASO,ES,Combined TRACON& Tower with Radar,16,91,22,1,130,0,0,15,3,18,16,91,37,4,148,0,0,0,148
10/02/2010,GSP,SC,ASO,ES,Combined TRACON& Tower with Radar,11,60,6,0,77,0,0,9,0,9,11,60,15,0,86,4,0,4,90
10/03/2010,GSP,SC,ASO,ES,Combined TRACON& Tower with Radar,10,80,12,0,102,0,0,6,0,6,10,80,18,0,108,0,0,0,108
10/04/2010,GSP,SC,ASO,ES,Combined TRACON& Tower with Radar,16,89,15,0,120,0,0,7,0,7,16,89,22,0,127,0,0,0,127
10/05/2010,GSP,SC,ASO,ES,Combined TRACON& Tower with Radar,14,89,19,0,122,0,0,4,0,4,14,89,23,0,126,0,0,0,126
10/06/2010,GSP,SC,ASO,ES,Combined TRACON& Tower with Radar,16,94,32,0,142,0,0,11,0,11,16,94,43,0,153,0,0,0,153
10/07/2010,GSP,SC,ASO,ES,Combined TRACON& Tower with Radar,14,92,12,0,118,0,2,6,1,9,14,94,18,1,127,0,0,0,127
10/08/2010,GSP,SC,ASO,ES,Combined TRACON& Tower with Radar,15,91,16,6,128,0,2,20,0,22,15,93,36,6,150,9,3,12,162
10/09/2010,GSP,SC,ASO,ES,Combined TRACON& Tower with Radar,11,59,9,0,79,0,0,4,0,4,11,59,13,0,83,18,0,18,101
10/10/2010,GSP,SC,ASO,ES,Combined TRACON& Tower with Radar,10,75,11,0,96,0,0,9,2,11,10,75,20,2,107,0,0,0,107
10/11/2010,GSP,SC,ASO,ES,Combined TRACON& Tower with Radar,16,99,9,0,124,0,0,5,0,5,16,99,14,0,129,0,0,0,129
10/12/2010,GSP,SC,ASO,ES,Combined TRACON& Tower with Radar,15,97,23,0,135,0,1,18,0,19,15,98,41,0,154,4,0,4,158
10/13/2010,GSP,SC,ASO,ES,Combined TRACON& Tower with Radar,15,104,25,4,148,0,0,11,2,13,15,104,36,6,161,0,0,0,161
10/14/2010,GSP,SC,ASO,ES,Combined TRACON& Tower with Radar,16,99,27,0,142,0,0,6,4,10,16,99,33,4,152,2,0,2,154
10/15/2010,GSP,SC,ASO,ES,Combined TRACON& Tower with Radar,15,92,12,8,127,0,0,9,0,9,15,92,21,8,136,0,0,0,136
10/16/2010,GSP,SC,ASO,ES,Combined TRACON& Tower with Radar,11,62,9,0,82,0,0,8,0,8,11,62,17,0,90,0,0,0,90
10/17/2010,GSP,SC,ASO,ES,Combined TRACON& Tower with Radar,10,77,14,2,103,0,0,9,2,11,10,77,23,4,114,0,0,0,114
10/18/2010,GSP,SC,ASO,ES,Combined TRACON& Tower with Radar,13,93,19,0,125,0,0,15,0,15,13,93,34,0,140,4,0,4,144
10/19/2010,GSP,SC,ASO,ES,Combined TRACON& Tower with Radar,13,92,19,2,126,0,1,12,2,15,13,93,31,4,141,0,0,0,141
10/20/2010,GSP,SC,ASO,ES,Combined TRACON& Tower with Radar,18,99,21,0,138,0,0,15,0,15,18,99,36,0,153,0,0,0,153
10/21/2010,GSP,SC,ASO,ES,Combined TRACON& Tower with Radar,16,96,26,4,142,0,0,10,1,11,16,96,36,5,153,0,6,6,159
10/22/2010,GSP,SC,ASO,ES,Combined TRACON& Tower with Radar,13,94,28,1,136,0,0,7,0,7,13,94,35,1,143,0,0,0,143
10/23/2010,GSP,SC,ASO,ES,Combined TRACON& Tower with Radar,9,60,8,0,77,0,0,8,0,8,9,60,16,0,85,0,0,0,85
10/24/2010,GSP,SC,ASO,ES,Combined TRACON& Tower with Radar,11,77,12,1,101,0,2,11,0,13,11,79,23,1,114,0,0,0,114
10/25/2010,GSP,SC,ASO,ES,Combined TRACON& Tower with Radar,15,94,18,9,136,0,0,3,2,5,15,94,21,11,141,0,32,32,173
10/26/2010,GSP,SC,ASO,ES,Combined TRACON& Tower with Radar,15,89,31,0,135,0,0,5,2,7,15,89,36,2,142,0,0,0,142
10/27/2010,GSP,SC,ASO,ES,Combined TRACON& Tower with Radar,14,86,28,0,128,0,0,4,0,4,14,86,32,0,132,0,0,0,132
10/28/2010,GSP,SC,ASO,ES,Combined TRACON& Tower with Radar,11,92,19,1,123,0,0,7,4,11,11,92,26,5,134,0,0,0,134
10/29/2010,GSP,SC,ASO,ES,Combined TRACON& Tower with Radar,17,89,18,0,124,0,0,14,0,14,17,89,32,0,138,0,0,0,138
10/30/2010,GSP,SC,ASO,ES,Combined TRACON& Tower with Radar,11,55,11,0,77,0,0,4,8,12,11,55,15,8,89,6,0,6,95
10/31/2010,GSP,SC,ASO,ES,Combined TRACON& Tower with Radar,6,77,6,0,89,0,0,6,1,7,6,77,12,1,96,0,0,0,96
11/01/2010,GSP,SC,ASO,ES,Combined TRACON& Tower with Radar,16,91,29,2,138,0,0,18,1,19,16,91,47,3,157,0,0,0,157
11/02/2010,GSP,SC,ASO,ES,Combined TRACON& Tower with Radar,10,87,28,0,125,0,0,15,2,17,10,87,43,2,142,0,0,0,142
11/03/2010,GSP,SC,ASO,ES,Combined TRACON& Tower with Radar,16,87,21,2,126,0,0,3,0,3,16,87,24,2,129,0,0,0,129
11/04/2010,GSP,SC,ASO,ES,Combined TRACON& Tower with Radar,16,87,24,8,135,0,0,1,4,5,16,87,25,12,140,0,40,40,180
11/05/2010,GSP,SC,ASO,ES,Combined TRACON& Tower with Radar,17,86,22,4,129,0,0,12,2,14,17,86,34,6,143,0,0,0,143
11/06/2010,GSP,SC,ASO,ES,Combined TRACON& Tower with Radar,12,56,3,0,71,0,0,5,0,5,12,56,8,0,76,0,0,0,76
11/07/2010,GSP,SC,ASO,ES,Combined TRACON& Tower with Radar,8,72,8,2,90,0,0,5,0,5,8,72,13,2,95,0,0,0,95
11/08/2010,GSP,SC,ASO,ES,Combined TRACON& Tower with Radar,14,98,14,0,126,0,0,16,0,16,14,98,30,0,142,10,0,10,152
11/09/2010,GSP,SC,ASO,ES,Combined TRACON& Tower with Radar,13,90,16,1,120,0,0,15,0,15,13,90,31,1,135,8,0,8,143
11/10/2010,GSP,SC,ASO,ES,Combined TRACON& Tower with Radar,16,87,33,3,139,0,0,32,0,32,16,87,65,3,171,0,0,0,171
11/11/2010,GSP,SC,ASO,ES,Combined TRACON& Tower with Radar,14,94,21,4,133,0,0,7,0,7,14,94,28,4,140,0,0,0,140
11/12/2010,GSP,SC,ASO,ES,Combined TRACON& Tower with Radar,17,89,32,1,139,0,0,15,1,16,17,89,47,2,155,0,0,0,155
11/13/2010,GSP,SC,ASO,ES,Combined TRACON& Tower with Radar,9,61,8,0,78,0,0,12,1,13,9,61,20,1,91,0,0,0,91
11/14/2010,GSP,SC,ASO,ES,Combined TRACON& Tower with Radar,8,78,13,7,106,0,0,7,1,8,8,78,20,8,114,0,0,0,114
11/15/2010,GSP,SC,ASO,ES,Combined TRACON& Tower with Radar,14,96,29,1,140,0,0,1,2,3,14,96,30,3,143,0,0,0,143
11/16/2010,GSP,SC,ASO,ES,Combined TRACON& Tower with Radar,15,84,22,2,123,0,0,0,0,0,15,84,22,2,123,0,0,0,123
11/17/2010,GSP,SC,ASO,ES,Combined TRACON& Tower with Radar,17,84,17,0,118,0,0,11,3,14,17,84,28,3,132,0,0,0,132
11/18/2010,GSP,SC,ASO,ES,Combined TRACON& Tower with Radar,12,92,21,4,129,0,0,12,2,14,12,92,33,6,143,10,0,10,153
11/19/2010,GSP,SC,ASO,ES,Combined TRACON& Tower with Radar,18,90,20,4,132,0,0,18,0,18,18,90,38,4,150,0,0,0,150
11/20/2010,GSP,SC,ASO,ES,Combined TRACON& Tower with Radar,9,57,6,6,78,0,2,13,0,15,9,59,19,6,93,0,0,0,93
11/21/2010,GSP,SC,ASO,ES,Combined TRACON& Tower with Radar,6,71,7,0,84,0,0,13,0,13,6,71,20,0,97,8,0,8,105
11/22/2010,GSP,SC,ASO,ES,Combined TRACON& Tower with Radar,19,83,13,0,115,0,1,6,0,7,19,84,19,0,122,0,0,0,122
11/23/2010,GSP,SC,ASO,ES,Combined TRACON& Tower with Radar,19,94,20,1,134,0,1,1,1,3,19,95,21,2,137,0,0,0,137
11/24/2010,GSP,SC,ASO,ES,Combined TRACON& Tower with Radar,21,90,12,7,130,0,0,11,0,11,21,90,23,7,141,8,0,8,149
11/25/2010,GSP,SC,ASO,ES,Combined TRACON& Tower with Radar,7,45,5,0,57,0,0,0,2,2,7,45,5,2,59,0,0,0,59
11/26/2010,GSP,SC,ASO,ES,Combined TRACON& Tower with Radar,12,61,8,0,81,0,1,1,0,2,12,62,9,0,83,0,0,0,83
11/27/2010,GSP,SC,ASO,ES,Combined TRACON& Tower with Radar,12,72,6,0,90,0,0,12,1,13,12,72,18,1,103,0,0,0,103
11/28/2010,GSP,SC,ASO,ES,Combined TRACON& Tower with Radar,10,90,13,0,113,0,0,1,2,3,10,90,14,2,116,0,0,0,116
11/29/2010,GSP,SC,ASO,ES,Combined TRACON& Tower with Radar,21,95,26,2,144,0,2,6,0,8,21,97,32,2,152,0,0,0,152
11/30/2010,GSP,SC,ASO,ES,Combined TRACON& Tower with Radar,15,84,15,0,114,0,0,0,0,0,15,84,15,0,114,0,0,0,114
12/01/2010,GSP,SC,ASO,ES,Combined TRACON& Tower with Radar,16,86,11,0,113,0,2,7,0,9,16,88,18,0,122,0,0,0,122
12/02/2010,GSP,SC,ASO,ES,Combined TRACON& Tower with Radar,14,96,25,2,137,0,0,5,0,5,14,96,30,2,142,0,0,0,142
12/03/2010,GSP,SC,ASO,ES,Combined TRACON& Tower with Radar,16,90,23,2,131,0,0,17,0,17,16,90,40,2,148,0,0,0,148
12/04/2010,GSP,SC,ASO,ES,Combined TRACON& Tower with Radar,7,56,5,0,68,0,0,2,0,2,7,56,7,0,70,0,0,0,70
12/05/2010,GSP,SC,ASO,ES,Combined TRACON& Tower with Radar,6,76,11,4,97,0,0,1,0,1,6,76,12,4,98,0,0,0,98
12/06/2010,GSP,SC,ASO,ES,Combined TRACON& Tower with Radar,16,89,15,6,126,0,0,10,1,11,16,89,25,7,137,0,0,0,137
12/07/2010,GSP,SC,ASO,ES,Combined TRACON& Tower with Radar,14,83,24,0,121,0,0,8,1,9,14,83,32,1,130,0,0,0,130
12/08/2010,GSP,SC,ASO,ES,Combined TRACON& Tower with Radar,15,84,21,0,120,0,0,11,2,13,15,84,32,2,133,0,0,0,133
12/09/2010,GSP,SC,ASO,ES,Combined TRACON& Tower with Radar,17,96,29,0,142,0,0,18,4,22,17,96,47,4,164,22,0,22,186
12/10/2010,GSP,SC,ASO,ES,Combined TRACON& Tower with Radar,20,90,22,2,134,0,2,12,0,14,20,92,34,2,148,0,0,0,148
12/11/2010,GSP,SC,ASO,ES,Combined TRACON& Tower with Radar,8,56,5,0,69,0,0,6,0,6,8,56,11,0,75,0,0,0,75
12/12/2010,GSP,SC,ASO,ES,Combined TRACON& Tower with Radar,7,63,10,3,83,0,0,1,0,1,7,63,11,3,84,0,0,0,84
12/13/2010,GSP,SC,ASO,ES,Combined TRACON& Tower with Radar,15,79,18,2,114,0,0,5,2,7,15,79,23,4,121,0,0,0,121
12/14/2010,GSP,SC,ASO,ES,Combined TRACON& Tower with Radar,14,78,31,2,125,0,0,8,3,11,14,78,39,5,136,0,0,0,136
12/15/2010,GSP,SC,ASO,ES,Combined TRACON& Tower with Radar,11,78,33,0,122,0,1,18,1,20,11,79,51,1,142,4,0,4,146
12/16/2010,GSP,SC,ASO,ES,Combined TRACON& Tower with Radar,12,80,23,0,115,0,0,0,0,0,12,80,23,0,115,0,0,0,115
12/17/2010,GSP,SC,ASO,ES,Combined TRACON& Tower with Radar,17,84,24,0,125,0,0,5,0,5,17,84,29,0,130,0,0,0,130
12/18/2010,GSP,SC,ASO,ES,Combined TRACON& Tower with Radar,9,55,7,0,71,0,0,0,0,0,9,55,7,0,71,0,0,0,71
12/19/2010,GSP,SC,ASO,ES,Combined TRACON& Tower with Radar,4,77,9,0,90,0,0,2,0,2,4,77,11,0,92,0,0,0,92
12/20/2010,GSP,SC,ASO,ES,Combined TRACON& Tower with Radar,16,79,21,2,118,0,0,11,2,13,16,79,32,4,131,4,0,4,135
12/21/2010,GSP,SC,ASO,ES,Combined TRACON& Tower with Radar,17,77,20,0,114,0,0,4,0,4,17,77,24,0,118,0,0,0,118
12/22/2010,GSP,SC,ASO,ES,Combined TRACON& Tower with Radar,20,80,15,0,115,0,0,5,0,5,20,80,20,0,120,0,0,0,120
12/23/2010,GSP,SC,ASO,ES,Combined TRACON& Tower with Radar,10,81,5,0,96,0,0,6,0,6,10,81,11,0,102,0,0,0,102
12/24/2010,GSP,SC,ASO,ES,Combined TRACON& Tower with Radar,17,62,6,0,85,0,0,8,2,10,17,62,14,2,95,0,0,0,95
12/25/2010,GSP,SC,ASO,ES,Combined TRACON& Tower with Radar,5,42,1,0,48,0,0,0,0,0,5,42,1,0,48,0,0,0,48
12/26/2010,GSP,SC,ASO,ES,Combined TRACON& Tower with Radar,6,64,10,0,80,0,0,0,0,0,6,64,10,0,80,0,0,0,80
12/27/2010,GSP,SC,ASO,ES,Combined TRACON& Tower with Radar,16,69,12,0,97,0,1,6,0,7,16,70,18,0,104,0,0,0,104
12/28/2010,GSP,SC,ASO,ES,Combined TRACON& Tower with Radar,15,74,18,0,107,0,0,15,0,15,15,74,33,0,122,4,0,4,126
12/29/2010,GSP,SC,ASO,ES,Combined TRACON& Tower with Radar,19,77,16,0,112,0,0,8,0,8,19,77,24,0,120,0,0,0,120
12/30/2010,GSP,SC,ASO,ES,Combined TRACON& Tower with Radar,11,74,11,0,96,0,0,6,2,8,11,74,17,2,104,0,0,0,104
12/31/2010,GSP,SC,ASO,ES,Combined TRACON& Tower with Radar,11,69,6,0,86,0,0,9,0,9,11,69,15,0,95,0,0,0,95
01/01/2011,GSP,SC,ASO,ES,Combined TRACON& Tower with Radar,6,52,1,0,59,0,0,0,0,0,6,52,1,0,59,0,0,0,59
01/02/2011,GSP,SC,ASO,ES,Combined TRACON& Tower with Radar,3,72,16,0,91,0,1,6,0,7,3,73,22,0,98,0,0,0,98
01/03/2011,GSP,SC,ASO,ES,Combined TRACON& Tower with Radar,13,85,26,0,124,0,0,9,0,9,13,85,35,0,133,16,0,16,149
01/04/2011,GSP,SC,ASO,ES,Combined TRACON& Tower with Radar,17,88,7,8,120,0,0,5,1,6,17,88,12,9,126,0,0,0,126
01/05/2011,GSP,SC,ASO,ES,Combined TRACON& Tower with Radar,13,86,12,0,111,0,0,2,0,2,13,86,14,0,113,2,0,2,115
01/06/2011,GSP,SC,ASO,ES,Combined TRACON& Tower with Radar,8,90,15,0,113,0,0,13,2,15,8,90,28,2,128,0,0,0,128
01/07/2011,GSP,SC,ASO,ES,Combined TRACON& Tower with Radar,11,84,15,1,111,0,0,5,1,6,11,84,20,2,117,0,0,0,117
01/08/2011,GSP,SC,ASO,ES,Combined TRACON& Tower with Radar,5,50,2,0,57,0,0,5,0,5,5,50,7,0,62,0,0,0,62
01/09/2011,GSP,SC,ASO,ES,Combined TRACON& Tower with Radar,2,68,20,2,92,0,1,9,0,10,2,69,29,2,102,12,0,12,114
01/10/2011,GSP,SC,ASO,ES,Combined TRACON& Tower with Radar,2,22,3,0,27,0,0,0,0,0,2,22,3,0,27,0,0,0,27
01/11/2011,GSP,SC,ASO,ES,Combined TRACON& Tower with Radar,10,48,11,0,69,0,0,0,0,0,10,48,11,0,69,0,0,0,69
01/12/2011,GSP,SC,ASO,ES,Combined TRACON& Tower with Radar,12,74,21,2,109,0,1,10,8,19,12,75,31,10,128,0,0,0,128
01/13/2011,GSP,SC,ASO,ES,Combined TRACON& Tower with Radar,8,89,21,2,120,0,0,12,4,16,8,89,33,6,136,0,18,18,154
01/14/2011,GSP,SC,ASO,ES,Combined TRACON& Tower with Radar,11,88,19,2,120,0,0,13,2,15,11,88,32,4,135,2,0,2,137
01/15/2011,GSP,SC,ASO,ES,Combined TRACON& Tower with Radar,5,52,9,2,68,0,0,10,0,10,5,52,19,2,78,10,0,10,88
01/16/2011,GSP,SC,ASO,ES,Combined TRACON& Tower with Radar,2,72,2,2,78,0,0,0,2,2,2,72,2,4,80,0,0,0,80
01/17/2011,GSP,SC,ASO,ES,Combined TRACON& Tower with Radar,12,86,22,0,120,0,0,1,0,1,12,86,23,0,121,0,0,0,121
01/18/2011,GSP,SC,ASO,ES,Combined TRACON& Tower with Radar,9,79,22,8,118,0,0,0,0,0,9,79,22,8,118,0,0,0,118
01/19/2011,GSP,SC,ASO,ES,Combined TRACON& Tower with Radar,13,81,28,4,126,0,0,19,0,19,13,81,47,4,145,4,0,4,149
01/20/2011,GSP,SC,ASO,ES,Combined TRACON& Tower with Radar,9,94,23,4,130,0,1,14,4,19,9,95,37,8,149,0,0,0,149
01/21/2011,GSP,SC,ASO,ES,Combined TRACON& Tower with Radar,12,86,16,0,114,0,0,14,0,14,12,86,30,0,128,0,0,0,128
01/22/2011,GSP,SC,ASO,ES,Combined TRACON& Tower with Radar,5,54,11,4,74,0,0,8,0,8,5,54,19,4,82,14,0,14,96
01/23/2011,GSP,SC,ASO,ES,Combined TRACON& Tower with Radar,1,76,11,2,90,0,0,14,0,14,1,76,25,2,104,12,0,12,116
01/24/2011,GSP,SC,ASO,ES,Combined TRACON& Tower with Radar,13,90,22,1,126,0,2,20,0,22,13,92,42,1,148,50,0,50,198
01/25/2011,GSP,SC,ASO,ES,Combined TRACON& Tower with Radar,8,82,13,0,103,0,0,4,0,4,8,82,17,0,107,0,0,0,107
01/26/2011,GSP,SC,ASO,ES,Combined TRACON& Tower with Radar,13,75,20,0,108,0,0,2,2,4,13,75,22,2,112,0,0,0,112
01/27/2011,GSP,SC,ASO,ES,Combined TRACON& Tower with Radar,8,83,18,0,109,0,0,19,4,23,8,83,37,4,132,26,0,26,158
01/28/2011,GSP,SC,ASO,ES,Combined TRACON& Tower with Radar,13,89,29,2,133,0,0,11,0,11,13,89,40,2,144,0,0,0,144
01/29/2011,GSP,SC,ASO,ES,Combined TRACON& Tower with Radar,5,48,6,14,73,0,0,8,0,8,5,48,14,14,81,0,0,0,81
01/30/2011,GSP,SC,ASO,ES,Combined TRACON& Tower with Radar,2,79,6,3,90,0,0,9,2,11,2,79,15,5,101,0,0,0,101
01/31/2011,GSP,SC,ASO,ES,Combined TRACON& Tower with Radar,12,93,19,1,125,0,0,2,0,2,12,93,21,1,127,0,0,0,127
02/01/2011,GSP,SC,ASO,ES,Combined TRACON& Tower with Radar,13,64,25,0,102,0,0,0,0,0,13,64,25,0,102,0,0,0,102
02/02/2011,GSP,SC,ASO,ES,Combined TRACON& Tower with Radar,13,68,15,5,101,0,0,5,2,7,13,68,20,7,108,6,16,22,130
02/03/2011,GSP,SC,ASO,ES,Combined TRACON& Tower with Radar,15,82,17,4,118,0,0,8,1,9,15,82,25,5,127,0,0,0,127
02/04/2011,GSP,SC,ASO,ES,Combined TRACON& Tower with Radar,7,85,12,0,104,0,0,0,0,0,7,85,12,0,104,0,0,0,104
02/05/2011,GSP,SC,ASO,ES,Combined TRACON& Tower with Radar,7,51,4,0,62,0,0,0,0,0,7,51,4,0,62,0,0,0,62
02/06/2011,GSP,SC,ASO,ES,Combined TRACON& Tower with Radar,8,69,4,0,81,0,0,6,0,6,8,69,10,0,87,0,0,0,87
02/07/2011,GSP,SC,ASO,ES,Combined TRACON& Tower with Radar,7,83,10,0,100,0,0,11,0,11,7,83,21,0,111,0,0,0,111
02/08/2011,GSP,SC,ASO,ES,Combined TRACON& Tower with Radar,13,85,14,0,112,0,1,11,2,14,13,86,25,2,126,0,0,0,126
02/09/2011,GSP,SC,ASO,ES,Combined TRACON& Tower with Radar,13,86,21,0,120,0,0,20,2,22,13,86,41,2,142,10,0,10,152
02/10/2011,GSP,SC,ASO,ES,Combined TRACON& Tower with Radar,14,87,25,0,126,0,0,5,0,5,14,87,30,0,131,0,0,0,131
02/11/2011,GSP,SC,ASO,ES,Combined TRACON& Tower with Radar,13,87,20,2,122,0,2,17,1,20,13,89,37,3,142,10,0,10,152
02/12/2011,GSP,SC,ASO,ES,Combined TRACON& Tower with Radar,7,56,5,0,68,0,0,2,0,2,7,56,7,0,70,0,0,0,70
02/13/2011,GSP,SC,ASO,ES,Combined TRACON& Tower with Radar,10,78,8,0,96,0,0,5,2,7,10,78,13,2,103,0,0,0,103
02/14/2011,GSP,SC,ASO,ES,Combined TRACON& Tower with Radar,6,90,7,2,105,0,0,7,2,9,6,90,14,4,114,8,0,8,122
02/15/2011,GSP,SC,ASO,ES,Combined TRACON& Tower with Radar,11,87,24,12,134,0,0,8,2,10,11,87,32,14,144,0,0,0,144
02/16/2011,GSP,SC,ASO,ES,Combined TRACON& Tower with Radar,15,88,19,2,124,0,0,9,4,13,15,88,28,6,137,0,0,0,137
02/17/2011,GSP,SC,ASO,ES,Combined TRACON& Tower with Radar,14,93,41,0,148,0,0,3,0,3,14,93,44,0,151,0,0,0,151
02/18/2011,GSP,SC,ASO,ES,Combined TRACON& Tower with Radar,8,89,16,5,118,0,0,8,5,13,8,89,24,10,131,0,0,0,131
02/19/2011,GSP,SC,ASO,ES,Combined TRACON& Tower with Radar,9,50,4,0,63,0,0,8,0,8,9,50,12,0,71,0,0,0,71
02/20/2011,GSP,SC,ASO,ES,Combined TRACON& Tower with Radar,9,59,11,2,81,0,0,5,0,5,9,59,16,2,86,0,0,0,86
02/21/2011,GSP,SC,ASO,ES,Combined TRACON& Tower with Radar,13,79,21,0,113,0,1,4,2,7,13,80,25,2,120,0,0,0,120
02/22/2011,GSP,SC,ASO,ES,Combined TRACON& Tower with Radar,16,89,27,4,136,0,1,12,5,18,16,90,39,9,154,0,46,46,200
02/23/2011,GSP,SC,ASO,ES,Combined TRACON& Tower with Radar,14,92,21,0,127,0,0,9,2,11,14,92,30,2,138,0,0,0,138
02/24/2011,GSP,SC,ASO,ES,Combined TRACON& Tower with Radar,16,94,21,0,131,0,1,12,2,15,16,95,33,2,146,0,0,0,146
02/25/2011,GSP,SC,ASO,ES,Combined TRACON& Tower with Radar,8,90,22,1,121,0,1,5,6,12,8,91,27,7,133,0,0,0,133
02/26/2011,GSP,SC,ASO,ES,Combined TRACON& Tower with Radar,7,56,9,0,72,0,0,12,0,12,7,56,21,0,84,0,0,0,84
02/27/2011,GSP,SC,ASO,ES,Combined TRACON& Tower with Radar,6,76,8,0,90,0,0,2,1,3,6,76,10,1,93,0,0,0,93
02/28/2011,GSP,SC,ASO,ES,Combined TRACON& Tower with Radar,9,89,15,0,113,0,0,2,0,2,9,89,17,0,115,0,0,0,115
03/01/2011,GSP,SC,ASO,ES,Combined TRACON& Tower with Radar,12,84,20,2,118,0,0,13,2,15,12,84,33,4,133,32,0,32,165
03/02/2011,GSP,SC,ASO,ES,Combined TRACON& Tower with Radar,18,90,25,4,137,0,1,12,5,18,18,91,37,9,155,0,0,0,155
03/03/2011,GSP,SC,ASO,ES,Combined TRACON& Tower with Radar,16,83,24,2,125,0,0,16,4,20,16,83,40,6,145,0,4,4,149
03/04/2011,GSP,SC,ASO,ES,Combined TRACON& Tower with Radar,12,91,13,2,118,0,0,6,3,9,12,91,19,5,127,0,0,0,127
03/05/2011,GSP,SC,ASO,ES,Combined TRACON& Tower with Radar,10,53,4,0,67,0,0,0,0,0,10,53,4,0,67,0,0,0,67
03/06/2011,GSP,SC,ASO,ES,Combined TRACON& Tower with Radar,9,71,9,0,89,0,0,0,0,0,9,71,9,0,89,0,0,0,89
03/07/2011,GSP,SC,ASO,ES,Combined TRACON& Tower with Radar,12,90,14,0,116,0,0,15,0,15,12,90,29,0,131,4,0,4,135
03/08/2011,GSP,SC,ASO,ES,Combined TRACON& Tower with Radar,18,83,18,0,119,0,1,11,3,15,18,84,29,3,134,0,0,0,134
03/09/2011,GSP,SC,ASO,ES,Combined TRACON& Tower with Radar,20,88,14,0,122,0,0,0,0,0,20,88,14,0,122,0,0,0,122
03/10/2011,GSP,SC,ASO,ES,Combined TRACON& Tower with Radar,18,91,20,0,129,0,0,4,0,4,18,91,24,0,133,0,0,0,133
03/11/2011,GSP,SC,ASO,ES,Combined TRACON& Tower with Radar,11,80,17,8,116,0,0,21,1,22,11,80,38,9,138,6,0,6,144
03/12/2011,GSP,SC,ASO,ES,Combined TRACON& Tower with Radar,12,53,16,0,81,0,0,11,0,11,12,53,27,0,92,20,0,20,112
03/13/2011,GSP,SC,ASO,ES,Combined TRACON& Tower with Radar,24,74,21,0,119,0,0,11,0,11,24,74,32,0,130,0,0,0,130
03/14/2011,GSP,SC,ASO,ES,Combined TRACON& Tower with Radar,28,88,20,1,137,0,0,10,1,11,28,88,30,2,148,0,0,0,148
03/15/2011,GSP,SC,ASO,ES,Combined TRACON& Tower with Radar,34,87,30,0,151,0,0,0,0,0,34,87,30,0,151,0,0,0,151
03/16/2011,GSP,SC,ASO,ES,Combined TRACON& Tower with Radar,33,89,13,0,135,0,1,9,0,10,33,90,22,0,145,0,0,0,145
03/17/2011,GSP,SC,ASO,ES,Combined TRACON& Tower with Radar,32,95,25,0,152,0,0,11,4,15,32,95,36,4,167,8,0,8,175
03/18/2011,GSP,SC,ASO,ES,Combined TRACON& Tower with Radar,30,96,23,1,150,0,1,20,3,24,30,97,43,4,174,4,0,4,178
03/19/2011,GSP,SC,ASO,ES,Combined TRACON& Tower with Radar,23,56,5,0,84,0,0,9,4,13,23,56,14,4,97,0,0,0,97
03/20/2011,GSP,SC,ASO,ES,Combined TRACON& Tower with Radar,25,77,3,2,107,0,0,11,3,14,25,77,14,5,121,4,0,4,125
03/21/2011,GSP,SC,ASO,ES,Combined TRACON& Tower with Radar,26,90,15,0,131,0,2,11,2,15,26,92,26,2,146,24,0,24,170
03/22/2011,GSP,SC,ASO,ES,Combined TRACON& Tower with Radar,32,83,17,0,132,0,0,12,0,12,32,83,29,0,144,0,0,0,144
03/23/2011,GSP,SC,ASO,ES,Combined TRACON& Tower with Radar,33,80,19,1,133,0,0,12,3,15,33,80,31,4,148,0,0,0,148
03/24/2011,GSP,SC,ASO,ES,Combined TRACON& Tower with Radar,32,87,31,2,152,0,0,13,2,15,32,87,44,4,167,0,0,0,167
03/25/2011,GSP,SC,ASO,ES,Combined TRACON& Tower with Radar,27,87,23,2,139,0,0,16,0,16,27,87,39,2,155,0,0,0,155
03/26/2011,GSP,SC,ASO,ES,Combined TRACON& Tower with Radar,24,51,6,0,81,0,0,0,0,0,24,51,6,0,81,0,0,0,81
03/27/2011,GSP,SC,ASO,ES,Combined TRACON& Tower with Radar,27,73,14,0,114,0,0,0,0,0,27,73,14,0,114,0,0,0,114
03/28/2011,GSP,SC,ASO,ES,Combined TRACON& Tower with Radar,28,90,26,0,144,0,0,0,0,0,28,90,26,0,144,0,0,0,144
03/29/2011,GSP,SC,ASO,ES,Combined TRACON& Tower with Radar,33,92,23,3,151,0,0,10,4,14,33,92,33,7,165,0,0,0,165
03/30/2011,GSP,SC,ASO,ES,Combined TRACON& Tower with Radar,33,90,20,0,143,0,0,0,0,0,33,90,20,0,143,0,0,0,143
03/31/2011,GSP,SC,ASO,ES,Combined TRACON& Tower with Radar,33,88,19,10,150,0,0,0,0,0,33,88,19,10,150,0,0,0,150
04/01/2011,GSP,SC,ASO,ES,Combined TRACON& Tower with Radar,34,86,23,1,144,0,0,10,5,15,34,86,33,6,159,0,0,0,159
04/02/2011,GSP,SC,ASO,ES,Combined TRACON& Tower with Radar,23,44,9,0,76,0,0,6,0,6,23,44,15,0,82,0,0,0,82
04/03/2011,GSP,SC,ASO,ES,Combined TRACON& Tower with Radar,26,73,7,0,106,0,0,9,0,9,26,73,16,0,115,6,0,6,121
04/04/2011,GSP,SC,ASO,ES,Combined TRACON& Tower with Radar,27,88,15,0,130,0,0,5,0,5,27,88,20,0,135,0,0,0,135
04/05/2011,GSP,SC,ASO,ES,Combined TRACON& Tower with Radar,37,86,16,4,143,0,2,8,2,12,37,88,24,6,155,0,8,8,163
04/06/2011,GSP,SC,ASO,ES,Combined TRACON& Tower with Radar,32,90,23,3,148,0,0,13,6,19,32,90,36,9,167,0,0,0,167
04/07/2011,GSP,SC,ASO,ES,Combined TRACON& Tower with Radar,38,91,25,2,156,0,1,16,2,19,38,92,41,4,175,0,0,0,175
04/08/2011,GSP,SC,ASO,ES,Combined TRACON& Tower with Radar,28,87,23,2,140,0,3,14,4,21,28,90,37,6,161,0,0,0,161
04/09/2011,GSP,SC,ASO,ES,Combined TRACON& Tower with Radar,38,55,11,0,104,0,0,15,4,19,38,55,26,4,123,2,0,2,125
04/10/2011,GSP,SC,ASO,ES,Combined TRACON& Tower with Radar,31,79,7,0,117,0,0,7,0,7,31,79,14,0,124,0,0,0,124
04/11/2011,GSP,SC,ASO,ES,Combined TRACON& Tower with Radar,30,85,30,6,151,0,1,9,0,10,30,86,39,6,161,0,0,0,161
04/12/2011,GSP,SC,ASO,ES,Combined TRACON& Tower with Radar,38,86,17,1,142,0,2,23,1,26,38,88,40,2,168,0,0,0,168
04/13/2011,GSP,SC,ASO,ES,Combined TRACON& Tower with Radar,39,89,29,9,166,0,1,12,2,15,39,90,41,11,181,6,24,30,211
04/14/2011,GSP,SC,ASO,ES,Combined TRACON& Tower with Radar,34,86,32,4,156,0,0,19,0,19,34,86,51,4,175,0,0,0,175
04/15/2011,GSP,SC,ASO,ES,Combined TRACON& Tower with Radar,27,82,13,1,123,0,0,6,0,6,27,82,19,1,129,0,0,0,129
04/16/2011,GSP,SC,ASO,ES,Combined TRACON& Tower with Radar,27,54,3,1,85,0,0,3,0,3,27,54,6,1,88,0,0,0,88
04/17/2011,GSP,SC,ASO,ES,Combined TRACON& Tower with Radar,26,81,10,0,117,0,0,17,0,17,26,81,27,0,134,0,0,0,134
04/18/2011,GSP,SC,ASO,ES,Combined TRACON& Tower with Radar,28,90,20,0,138,0,4,7,0,11,28,94,27,0,149,0,0,0,149
04/19/2011,GSP,SC,ASO,ES,Combined TRACON& Tower with Radar,32,80,17,0,129,0,0,10,0,10,32,80,27,0,139,2,0,2,141
04/20/2011,GSP,SC,ASO,ES,Combined TRACON& Tower with Radar,40,89,12,4,145,0,4,14,5,23,40,93,26,9,168,0,0,0,168
04/21/2011,GSP,SC,ASO,ES,Combined TRACON& Tower with Radar,36,87,30,0,153,0,0,7,0,7,36,87,37,0,160,1,0,1,161
04/22/2011,GSP,SC,ASO,ES,Combined TRACON& Tower with Radar,32,83,22,0,137,0,0,0,0,0,32,83,22,0,137,0,0,0,137
04/23/2011,GSP,SC,ASO,ES,Combined TRACON& Tower with Radar,25,48,3,2,78,0,0,8,2,10,25,48,11,4,88,0,0,0,88
04/24/2011,GSP,SC,ASO,ES,Combined TRACON& Tower with Radar,31,75,8,0,114,0,2,10,0,12,31,77,18,0,126,0,0,0,126
04/25/2011,GSP,SC,ASO,ES,Combined TRACON& Tower with Radar,34,81,13,0,128,0,0,6,0,6,34,81,19,0,134,0,0,0,134
04/26/2011,GSP,SC,ASO,ES,Combined TRACON& Tower with Radar,33,83,17,4,137,0,0,3,0,3,33,83,20,4,140,0,0,0,140
04/27/2011,GSP,SC,ASO,ES,Combined TRACON& Tower with Radar,46,86,19,1,152,0,0,7,2,9,46,86,26,3,161,8,0,8,169
04/28/2011,GSP,SC,ASO,ES,Combined TRACON& Tower with Radar,37,86,19,7,149,0,1,5,4,10,37,87,24,11,159,0,14,14,173
04/29/2011,GSP,SC,ASO,ES,Combined TRACON& Tower with Radar,30,88,15,4,137,0,0,18,0,18,30,88,33,4,155,0,0,0,155
04/30/2011,GSP,SC,ASO,ES,Combined TRACON& Tower with Radar,25,46,4,4,79,0,0,8,0,8,25,46,12,4,87,0,0,0,87
05/01/2011,GSP,SC,ASO,ES,Combined TRACON& Tower with Radar,24,79,15,0,118,0,0,6,0,6,24,79,21,0,124,0,0,0,124
05/02/2011,GSP,SC,ASO,ES,Combined TRACON& Tower with Radar,28,84,23,7,142,0,0,17,2,19,28,84,40,9,161,28,0,28,189
05/03/2011,GSP,SC,ASO,ES,Combined TRACON& Tower with Radar,36,86,13,0,135,0,0,2,0,2,36,86,15,0,137,0,0,0,137
05/04/2011,GSP,SC,ASO,ES,Combined TRACON& Tower with Radar,42,83,36,0,161,0,1,7,4,12,42,84,43,4,173,0,0,0,173
05/05/2011,GSP,SC,ASO,ES,Combined TRACON& Tower with Radar,28,92,27,2,149,0,0,10,3,13,28,92,37,5,162,0,0,0,162
05/06/2011,GSP,SC,ASO,ES,Combined TRACON& Tower with Radar,34,89,20,5,148,0,0,16,5,21,34,89,36,10,169,0,0,0,169
05/07/2011,GSP,SC,ASO,ES,Combined TRACON& Tower with Radar,30,59,15,2,106,0,0,8,4,12,30,59,23,6,118,1,0,1,119
05/08/2011,GSP,SC,ASO,ES,Combined TRACON& Tower with Radar,27,72,4,1,104,0,0,1,3,4,27,72,5,4,108,0,0,0,108
05/09/2011,GSP,SC,ASO,ES,Combined TRACON& Tower with Radar,33,94,17,7,151,0,0,10,5,15,33,94,27,12,166,8,0,8,174
05/10/2011,GSP,SC,ASO,ES,Combined TRACON& Tower with Radar,29,88,17,2,136,0,1,12,0,13,29,89,29,2,149,0,0,0,149
05/11/2011,GSP,SC,ASO,ES,Combined TRACON& Tower with Radar,34,90,24,0,148,0,3,3,2,8,34,93,27,2,156,0,0,0,156
05/12/2011,GSP,SC,ASO,ES,Combined TRACON& Tower with Radar,30,96,30,0,156,0,3,8,0,11,30,99,38,0,167,0,0,0,167
05/13/2011,GSP,SC,ASO,ES,Combined TRACON& Tower with Radar,29,95,30,1,155,0,2,5,1,8,29,97,35,2,163,0,0,0,163
05/14/2011,GSP,SC,ASO,ES,Combined TRACON& Tower with Radar,27,44,5,0,76,0,0,7,2,9,27,44,12,2,85,0,0,0,85
05/15/2011,GSP,SC,ASO,ES,Combined TRACON& Tower with Radar,26,72,19,2,119,0,1,4,4,9,26,73,23,6,128,2,0,2,130
05/16/2011,GSP,SC,ASO,ES,Combined TRACON& Tower with Radar,31,95,16,2,144,0,0,8,1,9,31,95,24,3,153,0,0,0,153
05/17/2011,GSP,SC,ASO,ES,Combined TRACON& Tower with Radar,29,90,25,5,149,0,0,3,3,6,29,90,28,8,155,0,24,24,179
05/18/2011,GSP,SC,ASO,ES,Combined TRACON& Tower with Radar,32,87,25,1,145,0,0,11,5,16,32,87,36,6,161,10,0,10,171
05/19/2011,GSP,SC,ASO,ES,Combined TRACON& Tower with Radar,35,85,21,5,146,0,0,7,6,13,35,85,28,11,159,0,0,0,159
05/20/2011,GSP,SC,ASO,ES,Combined TRACON& Tower with Radar,27,88,15,0,130,0,2,9,0,11,27,90,24,0,141,0,0,0,141
05/21/2011,GSP,SC,ASO,ES,Combined TRACON& Tower with Radar,23,43,6,0,72,0,0,9,2,11,23,43,15,2,83,4,0,4,87
05/22/2011,GSP,SC,ASO,ES,Combined TRACON& Tower with Radar,30,70,18,0,118,0,0,5,0,5,30,70,23,0,123,20,0,20,143
05/23/2011,GSP,SC,ASO,ES,Combined TRACON& Tower with Radar,28,88,13,2,131,0,1,19,3,23,28,89,32,5,154,22,0,22,176
05/24/2011,GSP,SC,ASO,ES,Combined TRACON& Tower with Radar,30,88,24,2,144,0,0,11,1,12,30,88,35,3,156,0,0,0,156
05/25/2011,GSP,SC,ASO,ES,Combined TRACON& Tower with Radar,30,87,11,4,132,0,6,11,5,22,30,93,22,9,154,4,0,4,158
05/26/2011,GSP,SC,ASO,ES,Combined TRACON& Tower with Radar,45,87,31,2,165,0,6,7,3,16,45,93,38,5,181,4,0,4,185
05/27/2011,GSP,SC,ASO,ES,Combined TRACON& Tower with Radar,42,93,28,2,165,0,0,1,1,2,42,93,29,3,167,0,0,0,167
05/28/2011,GSP,SC,ASO,ES,Combined TRACON& Tower with Radar,25,42,5,0,72,0,2,6,0,8,25,44,11,0,80,0,0,0,80
05/29/2011,GSP,SC,ASO,ES,Combined TRACON& Tower with Radar,29,51,3,0,83,0,0,3,0,3,29,51,6,0,86,0,0,0,86
05/30/2011,GSP,SC,ASO,ES,Combined TRACON& Tower with Radar,23,82,17,6,128,0,2,15,0,17,23,84,32,6,145,0,0,0,145
05/31/2011,GSP,SC,ASO,ES,Combined TRACON& Tower with Radar,29,92,19,2,142,0,0,12,0,12,29,92,31,2,154,0,0,0,154
06/01/2011,GSP,SC,ASO,ES,Combined TRACON& Tower with Radar,34,87,20,0,141,0,1,12,4,17,34,88,32,4,158,0,0,0,158
06/02/2011,GSP,SC,ASO,ES,Combined TRACON& Tower with Radar,35,87,17,2,141,0,0,5,2,7,35,87,22,4,148,0,0,0,148
06/03/2011,GSP,SC,ASO,ES,Combined TRACON& Tower with Radar,28,84,21,0,133,0,4,6,3,13,28,88,27,3,146,0,0,0,146
06/04/2011,GSP,SC,ASO,ES,Combined TRACON& Tower with Radar,24,43,5,0,72,0,0,12,0,12,24,43,17,0,84,8,0,8,92
06/05/2011,GSP,SC,ASO,ES,Combined TRACON& Tower with Radar,29,51,3,0,83,0,0,3,0,3,29,51,6,0,86,0,0,0,86
06/06/2011,GSP,SC,ASO,ES,Combined TRACON& Tower with Radar,23,76,13,0,112,0,1,8,2,11,23,77,21,2,123,0,0,0,123
06/07/2011,GSP,SC,ASO,ES,Combined TRACON& Tower with Radar,17,48,15,0,80,0,2,8,0,10,17,50,23,0,90,0,0,0,90
06/08/2011,GSP,SC,ASO,ES,Combined TRACON& Tower with Radar,34,94,24,1,153,0,0,11,1,12,34,94,35,2,165,6,0,6,171
06/09/2011,GSP,SC,ASO,ES,Combined TRACON& Tower with Radar,37,77,26,4,144,0,0,10,3,13,37,77,36,7,157,0,0,0,157
06/10/2011,GSP,SC,ASO,ES,Combined TRACON& Tower with Radar,33,75,31,1,140,0,0,11,2,13,33,75,42,3,153,4,0,4,157
06/11/2011,GSP,SC,ASO,ES,Combined TRACON& Tower with Radar,36,54,10,4,104,0,0,7,0,7,36,54,17,4,111,4,0,4,115
06/12/2011,GSP,SC,ASO,ES,Combined TRACON& Tower with Radar,32,76,12,0,120,0,0,8,2,10,32,76,20,2,130,0,0,0,130
06/13/2011,GSP,SC,ASO,ES,Combined TRACON& Tower with Radar,30,93,20,0,143,0,2,8,0,10,30,95,28,0,153,0,0,0,153
06/14/2011,GSP,SC,ASO,ES,Combined TRACON& Tower with Radar,40,86,30,2,158,0,0,16,0,16,40,86,46,2,174,0,0,0,174
06/15/2011,GSP,SC,ASO,ES,Combined TRACON& Tower with Radar,31,81,17,2,131,0,2,6,1,9,31,83,23,3,140,12,0,12,152
06/16/2011,GSP,SC,ASO,ES,Combined TRACON& Tower with Radar,34,94,13,4,145,0,1,7,0,8,34,95,20,4,153,0,0,0,153
06/17/2011,GSP,SC,ASO,ES,Combined TRACON& Tower with Radar,38,78,18,0,134,0,0,12,2,14,38,78,30,2,148,8,0,8,156
06/18/2011,GSP,SC,ASO,ES,Combined TRACON& Tower with Radar,29,49,10,0,88,0,0,13,0,13,29,49,23,0,101,0,0,0,101
06/19/2011,GSP,SC,ASO,ES,Combined TRACON& Tower with Radar,32,73,5,0,110,0,0,2,0,2,32,73,7,0,112,0,0,0,112
06/20/2011,GSP,SC,ASO,ES,Combined TRACON& Tower with Radar,30,84,14,5,133,0,0,16,0,16,30,84,30,5,149,0,0,0,149
06/21/2011,GSP,SC,ASO,ES,Combined TRACON& Tower with Radar,41,82,17,4,144,0,0,8,0,8,41,82,25,4,152,0,20,20,172
06/22/2011,GSP,SC,ASO,ES,Combined TRACON& Tower with Radar,46,67,25,6,144,0,0,8,3,11,46,67,33,9,155,0,0,0,155
06/23/2011,GSP,SC,ASO,ES,Combined TRACON& Tower with Radar,37,79,10,1,127,0,1,7,1,9,37,80,17,2,136,0,0,0,136
06/24/2011,GSP,SC,ASO,ES,Combined TRACON& Tower with Radar,32,79,15,5,131,0,1,6,0,7,32,80,21,5,138,0,0,0,138
06/25/2011,GSP,SC,ASO,ES,Combined TRACON& Tower with Radar,26,47,4,0,77,0,1,2,1,4,26,48,6,1,81,0,0,0,81
06/26/2011,GSP,SC,ASO,ES,Combined TRACON& Tower with Radar,37,75,18,1,131,0,0,2,1,3,37,75,20,2,134,0,0,0,134
06/27/2011,GSP,SC,ASO,ES,Combined TRACON& Tower with Radar,29,86,13,0,128,0,0,10,0,10,29,86,23,0,138,0,0,0,138
06/28/2011,GSP,SC,ASO,ES,Combined TRACON& Tower with Radar,46,91,24,8,169,0,0,8,2,10,46,91,32,10,179,0,0,0,179
06/29/2011,GSP,SC,ASO,ES,Combined TRACON& Tower with Radar,33,81,36,3,153,0,0,11,8,19,33,81,47,11,172,0,0,0,172
06/30/2011,GSP,SC,ASO,ES,Combined TRACON& Tower with Radar,37,80,29,3,149,0,1,7,1,9,37,81,36,4,158,0,0,0,158
07/01/2011,GSP,SC,ASO,ES,Combined TRACON& Tower with Radar,34,79,10,2,125,0,0,9,0,9,34,79,19,2,134,0,0,0,134
07/02/2011,GSP,SC,ASO,ES,Combined TRACON& Tower with Radar,33,45,9,0,87,0,0,5,2,7,33,45,14,2,94,0,0,0,94
07/03/2011,GSP,SC,ASO,ES,Combined TRACON& Tower with Radar,30,53,0,0,83,0,0,3,0,3,30,53,3,0,86,0,0,0,86
07/04/2011,GSP,SC,ASO,ES,Combined TRACON& Tower with Radar,25,69,7,0,101,0,0,6,0,6,25,69,13,0,107,0,0,0,107
07/05/2011,GSP,SC,ASO,ES,Combined TRACON& Tower with Radar,36,79,17,0,132,0,0,4,0,4,36,79,21,0,136,0,0,0,136
07/06/2011,GSP,SC,ASO,ES,Combined TRACON& Tower with Radar,36,77,18,2,133,0,0,8,0,8,36,77,26,2,141,8,0,8,149
07/07/2011,GSP,SC,ASO,ES,Combined TRACON& Tower with Radar,36,80,22,11,149,0,0,6,1,7,36,80,28,12,156,0,6,6,162
07/08/2011,GSP,SC,ASO,ES,Combined TRACON& Tower with Radar,45,81,31,0,157,0,2,7,1,10,45,83,38,1,167,0,0,0,167
07/09/2011,GSP,SC,ASO,ES,Combined TRACON& Tower with Radar,28,51,12,2,93,0,0,3,4,7,28,51,15,6,100,0,0,0,100
07/10/2011,GSP,SC,ASO,ES,Combined TRACON& Tower with Radar,34,70,16,0,120,0,0,2,1,3,34,70,18,1,123,0,0,0,123
07/11/2011,GSP,SC,ASO,ES,Combined TRACON& Tower with Radar,33,81,19,5,138,0,0,9,0,9,33,81,28,5,147,0,0,0,147
07/12/2011,GSP,SC,ASO,ES,Combined TRACON& Tower with Radar,48,83,20,1,152,0,0,12,1,13,48,83,32,2,165,16,0,16,181
07/13/2011,GSP,SC,ASO,ES,Combined TRACON& Tower with Radar,46,86,20,4,156,0,1,8,1,10,46,87,28,5,166,0,0,0,166
07/14/2011,GSP,SC,ASO,ES,Combined TRACON& Tower with Radar,36,79,22,1,138,0,0,7,0,7,36,79,29,1,145,32,0,32,177
07/15/2011,GSP,SC,ASO,ES,Combined TRACON& Tower with Radar,33,74,22,3,132,0,0,3,0,3,33,74,25,3,135,0,0,0,135
07/16/2011,GSP,SC,ASO,ES,Combined TRACON& Tower with Radar,27,49,14,0,90,0,0,1,0,1,27,49,15,0,91,0,0,0,91
07/17/2011,GSP,SC,ASO,ES,Combined TRACON& Tower with Radar,31,68,16,1,116,0,0,7,3,10,31,68,23,4,126,2,0,2,128
07/18/2011,GSP,SC,ASO,ES,Combined TRACON& Tower with Radar,30,86,9,2,127,0,0,13,4,17,30,86,22,6,144,0,0,0,144
07/19/2011,GSP,SC,ASO,ES,Combined TRACON& Tower with Radar,35,80,15,0,130,0,0,8,0,8,35,80,23,0,138,0,0,0,138
07/20/2011,GSP,SC,ASO,ES,Combined TRACON& Tower with Radar,35,84,26,2,147,0,0,6,0,6,35,84,32,2,153,0,0,0,153
07/21/2011,GSP,SC,ASO,ES,Combined TRACON& Tower with Radar,36,89,18,4,147,0,0,8,2,10,36,89,26,6,157,0,0,0,157
07/22/2011,GSP,SC,ASO,ES,Combined TRACON& Tower with Radar,31,81,18,2,132,0,0,9,0,9,31,81,27,2,141,4,0,4,145
07/23/2011,GSP,SC,ASO,ES,Combined TRACON& Tower with Radar,25,51,5,0,81,0,0,4,0,4,25,51,9,0,85,0,0,0,85
07/24/2011,GSP,SC,ASO,ES,Combined TRACON& Tower with Radar,26,72,8,0,106,0,0,7,2,9,26,72,15,2,115,0,0,0,115
07/25/2011,GSP,SC,ASO,ES,Combined TRACON& Tower with Radar,29,82,17,2,130,0,0,4,2,6,29,82,21,4,136,6,0,6,142
07/26/2011,GSP,SC,ASO,ES,Combined TRACON& Tower with Radar,36,79,18,4,137,0,2,2,4,8,36,81,20,8,145,0,0,0,145
07/27/2011,GSP,SC,ASO,ES,Combined TRACON& Tower with Radar,32,83,20,0,135,0,0,11,0,11,32,83,31,0,146,0,0,0,146
07/28/2011,GSP,SC,ASO,ES,Combined TRACON& Tower with Radar,36,84,13,0,133,0,0,15,2,17,36,84,28,2,150,0,0,0,150
07/29/2011,GSP,SC,ASO,ES,Combined TRACON& Tower with Radar,31,80,20,0,131,0,0,8,0,8,31,80,28,0,139,0,0,0,139
07/30/2011,GSP,SC,ASO,ES,Combined TRACON& Tower with Radar,24,50,9,0,83,0,2,2,1,5,24,52,11,1,88,0,0,0,88
07/31/2011,GSP,SC,ASO,ES,Combined TRACON& Tower with Radar,32,74,5,0,111,0,3,1,2,6,32,77,6,2,117,0,1,1,118
08/01/2011,GSP,SC,ASO,ES,Combined TRACON& Tower with Radar,29,85,20,1,135,0,0,4,1,5,29,85,24,2,140,0,0,0,140
08/02/2011,GSP,SC,ASO,ES,Combined TRACON& Tower with Radar,36,83,18,5,142,0,0,8,1,9,36,83,26,6,151,0,0,0,151
08/03/2011,GSP,SC,ASO,ES,Combined TRACON& Tower with Radar,27,77,16,0,120,0,0,6,0,6,27,77,22,0,126,0,0,0,126
08/04/2011,GSP,SC,ASO,ES,Combined TRACON& Tower with Radar,37,83,21,6,147,0,0,7,0,7,37,83,28,6,154,0,0,0,154
08/05/2011,GSP,SC,ASO,ES,Combined TRACON& Tower with Radar,39,82,31,0,152,0,0,5,0,5,39,82,36,0,157,0,0,0,157
08/06/2011,GSP,SC,ASO,ES,Combined TRACON& Tower with Radar,23,51,10,0,84,0,0,1,0,1,23,51,11,0,85,0,0,0,85
08/07/2011,GSP,SC,ASO,ES,Combined TRACON& Tower with Radar,28,74,9,0,111,0,0,5,0,5,28,74,14,0,116,8,0,8,124
08/08/2011,GSP,SC,ASO,ES,Combined TRACON& Tower with Radar,42,90,12,0,144,0,0,11,3,14,42,90,23,3,158,24,0,24,182
08/09/2011,GSP,SC,ASO,ES,Combined TRACON& Tower with Radar,39,80,15,0,134,0,0,11,0,11,39,80,26,0,145,0,0,0,145
08/10/2011,GSP,SC,ASO,ES,Combined TRACON& Tower with Radar,32,86,16,3,137,0,0,13,1,14,32,86,29,4,151,8,0,8,159
08/11/2011,GSP,SC,ASO,ES,Combined TRACON& Tower with Radar,44,84,14,0,142,0,0,5,2,7,44,84,19,2,149,0,0,0,149
08/12/2011,GSP,SC,ASO,ES,Combined TRACON& Tower with Radar,29,81,14,4,128,0,2,3,2,7,29,83,17,6,135,0,0,0,135
08/13/2011,GSP,SC,ASO,ES,Combined TRACON& Tower with Radar,23,50,5,3,81,0,0,0,1,1,23,50,5,4,82,0,0,0,82
08/14/2011,GSP,SC,ASO,ES,Combined TRACON& Tower with Radar,28,74,11,1,114,0,0,2,0,2,28,74,13,1,116,0,0,0,116
08/15/2011,GSP,SC,ASO,ES,Combined TRACON& Tower with Radar,29,81,16,0,126,0,0,7,4,11,29,81,23,4,137,0,0,0,137
08/16/2011,GSP,SC,ASO,ES,Combined TRACON& Tower with Radar,38,80,17,2,137,0,0,20,2,22,38,80,37,4,159,0,0,0,159
08/17/2011,GSP,SC,ASO,ES,Combined TRACON& Tower with Radar,36,77,20,2,135,0,0,13,0,13,36,77,33,2,148,0,0,0,148
08/18/2011,GSP,SC,ASO,ES,Combined TRACON& Tower with Radar,40,79,17,0,136,0,0,11,0,11,40,79,28,0,147,0,0,0,147
08/19/2011,GSP,SC,ASO,ES,Combined TRACON& Tower with Radar,33,81,16,2,132,0,0,12,2,14,33,81,28,4,146,0,0,0,146
08/20/2011,GSP,SC,ASO,ES,Combined TRACON& Tower with Radar,39,46,3,2,90,0,0,6,0,6,39,46,9,2,96,0,0,0,96
08/21/2011,GSP,SC,ASO,ES,Combined TRACON& Tower with Radar,36,67,4,2,109,0,0,5,3,8,36,67,9,5,117,0,0,0,117
08/22/2011,GSP,SC,ASO,ES,Combined TRACON& Tower with Radar,36,79,16,9,140,0,0,12,3,15,36,79,28,12,155,2,16,18,173
08/23/2011,GSP,SC,ASO,ES,Combined TRACON& Tower with Radar,36,77,25,18,156,0,0,8,3,11,36,77,33,21,167,0,0,0,167
08/24/2011,GSP,SC,ASO,ES,Combined TRACON& Tower with Radar,34,83,30,2,149,0,0,8,0,8,34,83,38,2,157,0,0,0,157
08/25/2011,GSP,SC,ASO,ES,Combined TRACON& Tower with Radar,38,77,10,0,125,0,0,9,0,9,38,77,19,0,134,0,0,0,134
08/26/2011,GSP,SC,ASO,ES,Combined TRACON& Tower with Radar,34,78,20,0,132,0,0,7,0,7,34,78,27,0,139,0,0,0,139
08/27/2011,GSP,SC,ASO,ES,Combined TRACON& Tower with Radar,30,41,6,0,77,0,0,7,2,9,30,41,13,2,86,0,0,0,86
08/28/2011,GSP,SC,ASO,ES,Combined TRACON& Tower with Radar,29,60,3,0,92,0,0,6,3,9,29,60,9,3,101,0,0,0,101
08/29/2011,GSP,SC,ASO,ES,Combined TRACON& Tower with Radar,38,77,12,4,131,0,0,9,0,9,38,77,21,4,140,0,0,0,140
08/30/2011,GSP,SC,ASO,ES,Combined TRACON& Tower with Radar,35,82,17,0,134,0,0,12,0,12,35,82,29,0,146,4,0,4,150
08/31/2011,GSP,SC,ASO,ES,Combined TRACON& Tower with Radar,38,76,25,0,139,0,0,11,1,12,38,76,36,1,151,0,0,0,151
09/01/2011,GSP,SC,ASO,ES,Combined TRACON& Tower with Radar,36,84,18,2,140,0,1,10,1,12,36,85,28,3,152,4,0,4,156
09/02/2011,GSP,SC,ASO,ES,Combined TRACON& Tower with Radar,42,79,17,6,144,0,0,20,2,22,42,79,37,8,166,20,14,34,200
09/03/2011,GSP,SC,ASO,ES,Combined TRACON& Tower with Radar,28,40,4,0,72,0,0,4,0,4,28,40,8,0,76,0,0,0,76
09/04/2011,GSP,SC,ASO,ES,Combined TRACON& Tower with Radar,26,48,7,0,81,0,0,6,2,8,26,48,13,2,89,10,0,10,99
09/05/2011,GSP,SC,ASO,ES,Combined TRACON& Tower with Radar,39,68,11,0,118,0,0,0,0,0,39,68,11,0,118,0,0,0,118
09/06/2011,GSP,SC,ASO,ES,Combined TRACON& Tower with Radar,38,81,12,1,132,0,2,1,0,3,38,83,13,1,135,0,0,0,135
09/07/2011,GSP,SC,ASO,ES,Combined TRACON& Tower with Radar,35,83,29,4,151,0,1,6,2,9,35,84,35,6,160,10,0,10,170
09/08/2011,GSP,SC,ASO,ES,Combined TRACON& Tower with Radar,36,82,14,5,137,0,0,11,1,12,36,82,25,6,149,4,0,4,153
09/09/2011,GSP,SC,ASO,ES,Combined TRACON& Tower with Radar,31,87,14,0,132,0,2,11,6,19,31,89,25,6,151,0,0,0,151
09/10/2011,GSP,SC,ASO,ES,Combined TRACON& Tower with Radar,25,50,6,0,81,0,0,8,6,14,25,50,14,6,95,0,0,0,95
09/11/2011,GSP,SC,ASO,ES,Combined TRACON& Tower with Radar,24,72,10,2,108,0,0,8,2,10,24,72,18,4,118,0,0,0,118
09/12/2011,GSP,SC,ASO,ES,Combined TRACON& Tower with Radar,32,87,14,3,136,0,0,8,6,14,32,87,22,9,150,0,0,0,150
09/13/2011,GSP,SC,ASO,ES,Combined TRACON& Tower with Radar,33,86,17,4,140,1,0,12,3,16,34,86,29,7,156,0,0,0,156
09/14/2011,GSP,SC,ASO,ES,Combined TRACON& Tower with Radar,32,84,15,0,131,0,1,7,4,12,32,85,22,4,143,0,0,0,143
09/15/2011,GSP,SC,ASO,ES,Combined TRACON& Tower with Radar,35,88,18,0,141,0,0,6,2,8,35,88,24,2,149,2,0,2,151
09/16/2011,GSP,SC,ASO,ES,Combined TRACON& Tower with Radar,33,90,26,4,153,0,0,5,2,7,33,90,31,6,160,0,0,0,160
09/17/2011,GSP,SC,ASO,ES,Combined TRACON& Tower with Radar,23,52,12,2,89,0,0,7,0,7,23,52,19,2,96,12,0,12,108
09/18/2011,GSP,SC,ASO,ES,Combined TRACON& Tower with Radar,23,79,10,8,120,0,0,2,4,6,23,79,12,12,126,0,48,48,174
09/19/2011,GSP,SC,ASO,ES,Combined TRACON& Tower with Radar,32,90,22,0,144,0,2,7,2,11,32,92,29,2,155,0,0,0,155
09/20/2011,GSP,SC,ASO,ES,Combined TRACON& Tower with Radar,37,91,27,0,155,0,1,2,2,5,37,92,29,2,160,0,0,0,160
09/21/2011,GSP,SC,ASO,ES,Combined TRACON& Tower with Radar,35,79,18,2,134,0,0,1,0,1,35,79,19,2,135,0,0,0,135
09/22/2011,GSP,SC,ASO,ES,Combined TRACON& Tower with Radar,33,86,28,0,147,0,0,0,0,0,33,86,28,0,147,0,0,0,147
09/23/2011,GSP,SC,ASO,ES,Combined TRACON& Tower with Radar,33,88,22,6,149,0,0,7,0,7,33,88,29,6,156,0,0,0,156
09/24/2011,GSP,SC,ASO,ES,Combined TRACON& Tower with Radar,23,54,9,1,87,0,0,4,0,4,23,54,13,1,91,0,0,0,91
09/25/2011,GSP,SC,ASO,ES,Combined TRACON& Tower with Radar,28,69,15,2,114,0,0,1,0,1,28,69,16,2,115,0,0,0,115
09/26/2011,GSP,SC,ASO,ES,Combined TRACON& Tower with Radar,34,90,18,1,143,0,0,1,0,1,34,90,19,1,144,0,0,0,144
09/27/2011,GSP,SC,ASO,ES,Combined TRACON& Tower with Radar,33,84,32,0,149,0,0,4,4,8,33,84,36,4,157,0,0,0,157
09/28/2011,GSP,SC,ASO,ES,Combined TRACON& Tower with Radar,35,82,18,1,136,0,0,5,2,7,35,82,23,3,143,0,0,0,143
09/29/2011,GSP,SC,ASO,ES,Combined TRACON& Tower with Radar,35,85,21,0,141,0,1,14,1,16,35,86,35,1,157,4,0,4,161
09/30/2011,GSP,SC,ASO,ES,Combined TRACON& Tower with Radar,31,80,20,1,132,0,0,21,3,24,31,80,41,4,156,0,0,0,156
10/01/2011,GSP,SC,ASO,ES,Combined TRACON& Tower with Radar,20,54,8,0,82,0,0,14,0,14,20,54,22,0,96,0,0,0,96
10/02/2011,GSP,SC,ASO,ES,Combined TRACON& Tower with Radar,25,77,10,3,115,0,0,8,0,8,25,77,18,3,123,0,0,0,123
10/03/2011,GSP,SC,ASO,ES,Combined TRACON& Tower with Radar,34,91,18,0,143,0,0,22,0,22,34,91,40,0,165,0,0,0,165
10/04/2011,GSP,SC,ASO,ES,Combined TRACON& Tower with Radar,32,82,31,9,154,0,0,11,2,13,32,82,42,11,167,0,20,20,187
10/05/2011,GSP,SC,ASO,ES,Combined TRACON& Tower with Radar,32,82,24,2,140,0,0,16,0,16,32,82,40,2,156,0,0,0,156
10/06/2011,GSP,SC,ASO,ES,Combined TRACON& Tower with Radar,34,88,25,0,147,0,0,10,4,14,34,88,35,4,161,0,0,0,161
10/07/2011,GSP,SC,ASO,ES,Combined TRACON& Tower with Radar,36,90,19,0,145,0,2,24,0,26,36,92,43,0,171,4,0,4,175
10/08/2011,GSP,SC,ASO,ES,Combined TRACON& Tower with Radar,23,50,8,0,81,0,0,11,2,13,23,50,19,2,94,28,0,28,122
10/09/2011,GSP,SC,ASO,ES,Combined TRACON& Tower with Radar,27,79,9,0,115,0,0,3,0,3,27,79,12,0,118,0,0,0,118
10/10/2011,GSP,SC,ASO,ES,Combined TRACON& Tower with Radar,32,89,24,0,145,0,0,5,0,5,32,89,29,0,150,0,0,0,150
10/11/2011,GSP,SC,ASO,ES,Combined TRACON& Tower with Radar,34,82,19,0,135,0,0,0,0,0,34,82,19,0,135,0,0,0,135
10/12/2011,GSP,SC,ASO,ES,Combined TRACON& Tower with Radar,36,85,19,2,142,1,0,0,0,1,37,85,19,2,143,0,0,0,143
10/13/2011,GSP,SC,ASO,ES,Combined TRACON& Tower with Radar,35,86,22,0,143,0,0,5,0,5,35,86,27,0,148,0,0,0,148
10/14/2011,GSP,SC,ASO,ES,Combined TRACON& Tower with Radar,32,82,14,2,130,0,1,11,3,15,32,83,25,5,145,0,0,0,145
10/15/2011,GSP,SC,ASO,ES,Combined TRACON& Tower with Radar,19,55,10,1,85,0,0,10,2,12,19,55,20,3,97,10,0,10,107
10/16/2011,GSP,SC,ASO,ES,Combined TRACON& Tower with Radar,27,79,9,0,115,0,2,10,0,12,27,81,19,0,127,0,0,0,127
10/17/2011,GSP,SC,ASO,ES,Combined TRACON& Tower with Radar,34,94,11,0,139,0,0,14,0,14,34,94,25,0,153,8,0,8,161
10/18/2011,GSP,SC,ASO,ES,Combined TRACON& Tower with Radar,34,86,17,4,141,0,0,4,2,6,34,86,21,6,147,0,0,0,147
10/19/2011,GSP,SC,ASO,ES,Combined TRACON& Tower with Radar,33,79,28,0,140,0,0,2,0,2,33,79,30,0,142,0,0,0,142
10/20/2011,GSP,SC,ASO,ES,Combined TRACON& Tower with Radar,34,88,23,0,145,0,0,3,0,3,34,88,26,0,148,0,0,0,148
10/21/2011,GSP,SC,ASO,ES,Combined TRACON& Tower with Radar,38,82,16,13,149,0,0,7,2,9,38,82,23,15,158,0,0,0,158
10/22/2011,GSP,SC,ASO,ES,Combined TRACON& Tower with Radar,22,56,8,0,86,0,0,6,0,6,22,56,14,0,92,6,0,6,98
10/23/2011,GSP,SC,ASO,ES,Combined TRACON& Tower with Radar,27,80,10,4,121,0,0,2,0,2,27,80,12,4,123,0,0,0,123
10/24/2011,GSP,SC,ASO,ES,Combined TRACON& Tower with Radar,32,99,15,0,146,0,0,9,0,9,32,99,24,0,155,0,0,0,155
10/25/2011,GSP,SC,ASO,ES,Combined TRACON& Tower with Radar,32,90,15,0,137,0,0,15,0,15,32,90,30,0,152,10,0,10,162
10/26/2011,GSP,SC,ASO,ES,Combined TRACON& Tower with Radar,32,88,28,2,150,0,1,9,2,12,32,89,37,4,162,0,0,0,162
10/27/2011,GSP,SC,ASO,ES,Combined TRACON& Tower with Radar,34,88,25,0,147,0,0,13,0,13,34,88,38,0,160,0,0,0,160
10/28/2011,GSP,SC,ASO,ES,Combined TRACON& Tower with Radar,31,84,12,8,135,0,0,1,2,3,31,84,13,10,138,0,0,0,138
10/29/2011,GSP,SC,ASO,ES,Combined TRACON& Tower with Radar,20,53,1,0,74,0,0,5,0,5,20,53,6,0,79,0,0,0,79
10/30/2011,GSP,SC,ASO,ES,Combined TRACON& Tower with Radar,29,74,6,0,109,0,0,17,2,19,29,74,23,2,128,0,0,0,128
10/31/2011,GSP,SC,ASO,ES,Combined TRACON& Tower with Radar,36,82,20,4,142,0,0,2,0,2,36,82,22,4,144,0,0,0,144
11/01/2011,GSP,SC,ASO,ES,Combined TRACON& Tower with Radar,35,82,20,2,139,0,0,10,0,10,35,82,30,2,149,0,18,18,167
11/02/2011,GSP,SC,ASO,ES,Combined TRACON& Tower with Radar,35,80,15,2,132,0,0,16,4,20,35,80,31,6,152,0,0,0,152
11/03/2011,GSP,SC,ASO,ES,Combined TRACON& Tower with Radar,35,87,25,1,148,0,2,10,2,14,35,89,35,3,162,0,0,0,162
11/04/2011,GSP,SC,ASO,ES,Combined TRACON& Tower with Radar,36,81,20,4,141,0,0,2,3,5,36,81,22,7,146,0,0,0,146
11/05/2011,GSP,SC,ASO,ES,Combined TRACON& Tower with Radar,20,52,5,1,78,0,0,3,1,4,20,52,8,2,82,8,0,8,90
11/06/2011,GSP,SC,ASO,ES,Combined TRACON& Tower with Radar,25,78,8,0,111,0,0,7,2,9,25,78,15,2,120,14,0,14,134
11/07/2011,GSP,SC,ASO,ES,Combined TRACON& Tower with Radar,32,89,32,4,157,0,0,21,1,22,32,89,53,5,179,10,0,10,189
11/08/2011,GSP,SC,ASO,ES,Combined TRACON& Tower with Radar,38,83,24,0,145,0,0,7,1,8,38,83,31,1,153,0,0,0,153
11/09/2011,GSP,SC,ASO,ES,Combined TRACON& Tower with Radar,34,73,29,10,146,0,0,7,4,11,34,73,36,14,157,0,0,0,157
11/10/2011,GSP,SC,ASO,ES,Combined TRACON& Tower with Radar,35,91,20,0,146,0,0,6,0,6,35,91,26,0,152,6,0,6,158
11/11/2011,GSP,SC,ASO,ES,Combined TRACON& Tower with Radar,30,79,33,0,142,0,0,9,0,9,30,79,42,0,151,0,0,0,151
11/12/2011,GSP,SC,ASO,ES,Combined TRACON& Tower with Radar,24,52,8,0,84,0,1,5,0,6,24,53,13,0,90,0,0,0,90
11/13/2011,GSP,SC,ASO,ES,Combined TRACON& Tower with Radar,31,78,16,0,125,0,0,10,0,10,31,78,26,0,135,8,0,8,143
11/14/2011,GSP,SC,ASO,ES,Combined TRACON& Tower with Radar,33,85,16,1,135,0,0,6,0,6,33,85,22,1,141,18,0,18,159
11/15/2011,GSP,SC,ASO,ES,Combined TRACON& Tower with Radar,36,72,27,0,135,0,1,2,0,3,36,73,29,0,138,0,0,0,138
11/16/2011,GSP,SC,ASO,ES,Combined TRACON& Tower with Radar,34,77,11,2,124,0,0,3,0,3,34,77,14,2,127,0,0,0,127
11/17/2011,GSP,SC,ASO,ES,Combined TRACON& Tower with Radar,35,91,20,0,146,0,0,6,0,6,35,91,26,0,152,20,0,20,172
11/18/2011,GSP,SC,ASO,ES,Combined TRACON& Tower with Radar,30,79,33,0,142,0,0,9,0,9,30,79,42,0,151,0,0,0,151
11/19/2011,GSP,SC,ASO,ES,Combined TRACON& Tower with Radar,24,52,8,0,84,0,1,5,0,6,24,53,13,0,90,0,0,0,90
11/20/2011,GSP,SC,ASO,ES,Combined TRACON& Tower with Radar,31,78,16,0,125,0,0,10,0,10,31,78,26,0,135,0,0,0,135
11/21/2011,GSP,SC,ASO,ES,Combined TRACON& Tower with Radar,33,86,19,0,138,0,0,5,0,5,33,86,24,0,143,0,0,0,143
11/22/2011,GSP,SC,ASO,ES,Combined TRACON& Tower with Radar,38,82,27,1,148,0,0,6,2,8,38,82,33,3,156,0,0,0,156
11/23/2011,GSP,SC,ASO,ES,Combined TRACON& Tower with Radar,40,95,15,0,150,0,0,9,4,13,40,95,24,4,163,0,0,0,163
11/24/2011,GSP,SC,ASO,ES,Combined TRACON& Tower with Radar,21,41,2,0,64,0,0,3,0,3,21,41,5,0,67,0,0,0,67
11/25/2011,GSP,SC,ASO,ES,Combined TRACON& Tower with Radar,26,48,4,0,78,0,1,5,0,6,26,49,9,0,84,6,0,6,90
11/26/2011,GSP,SC,ASO,ES,Combined TRACON& Tower with Radar,30,76,6,1,113,0,1,7,0,8,30,77,13,1,121,0,0,0,121
11/27/2011,GSP,SC,ASO,ES,Combined TRACON& Tower with Radar,29,90,13,0,132,0,0,0,0,0,29,90,13,0,132,0,0,0,132
11/28/2011,GSP,SC,ASO,ES,Combined TRACON& Tower with Radar,31,96,19,0,146,0,0,1,0,1,31,96,20,0,147,0,0,0,147
11/29/2011,GSP,SC,ASO,ES,Combined TRACON& Tower with Radar,35,80,15,0,130,0,0,1,0,1,35,80,16,0,131,0,0,0,131
11/30/2011,GSP,SC,ASO,ES,Combined TRACON& Tower with Radar,32,89,13,2,136,0,4,6,2,12,32,93,19,4,148,0,0,0,148
12/01/2011,GSP,SC,ASO,ES,Combined TRACON& Tower with Radar,36,84,25,2,147,0,0,15,2,17,36,84,40,4,164,0,0,0,164
12/02/2011,GSP,SC,ASO,ES,Combined TRACON& Tower with Radar,37,86,13,0,136,0,0,13,2,15,37,86,26,2,151,4,0,4,155
12/03/2011,GSP,SC,ASO,ES,Combined TRACON& Tower with Radar,25,51,5,0,81,0,0,14,0,14,25,51,19,0,95,0,0,0,95
12/04/2011,GSP,SC,ASO,ES,Combined TRACON& Tower with Radar,25,75,10,2,112,0,0,1,0,1,25,75,11,2,113,0,0,0,113
12/05/2011,GSP,SC,ASO,ES,Combined TRACON& Tower with Radar,30,86,18,2,136,0,0,0,0,0,30,86,18,2,136,0,0,0,136
12/06/2011,GSP,SC,ASO,ES,Combined TRACON& Tower with Radar,30,80,14,0,124,0,0,0,0,0,30,80,14,0,124,0,0,0,124
12/07/2011,GSP,SC,ASO,ES,Combined TRACON& Tower with Radar,34,83,19,1,137,0,2,0,0,2,34,85,19,1,139,0,0,0,139
12/08/2011,GSP,SC,ASO,ES,Combined TRACON& Tower with Radar,35,86,23,2,146,0,0,9,0,9,35,86,32,2,155,0,0,0,155
12/09/2011,GSP,SC,ASO,ES,Combined TRACON& Tower with Radar,33,85,23,1,142,0,0,10,0,10,33,85,33,1,152,10,0,10,162
12/10/2011,GSP,SC,ASO,ES,Combined TRACON& Tower with Radar,23,51,2,0,76,0,0,7,0,7,23,51,9,0,83,4,0,4,87
12/11/2011,GSP,SC,ASO,ES,Combined TRACON& Tower with Radar,23,77,23,0,123,0,2,11,2,15,23,79,34,2,138,6,0,6,144
12/12/2011,GSP,SC,ASO,ES,Combined TRACON& Tower with Radar,24,88,18,4,134,0,1,4,3,8,24,89,22,7,142,2,0,2,144
12/13/2011,GSP,SC,ASO,ES,Combined TRACON& Tower with Radar,27,80,17,1,125,0,0,9,1,10,27,80,26,2,135,2,0,2,137
12/14/2011,GSP,SC,ASO,ES,Combined TRACON& Tower with Radar,28,79,23,0,130,0,0,6,2,8,28,79,29,2,138,0,0,0,138
12/15/2011,GSP,SC,ASO,ES,Combined TRACON& Tower with Radar,34,81,29,0,144,0,0,6,0,6,34,81,35,0,150,0,0,0,150
12/16/2011,GSP,SC,ASO,ES,Combined TRACON& Tower with Radar,31,89,24,1,145,0,0,5,1,6,31,89,29,2,151,0,0,0,151
12/17/2011,GSP,SC,ASO,ES,Combined TRACON& Tower with Radar,27,52,7,0,86,0,0,2,2,4,27,52,9,2,90,0,0,0,90
12/18/2011,GSP,SC,ASO,ES,Combined TRACON& Tower with Radar,26,70,6,0,102,0,0,12,0,12,26,70,18,0,114,0,0,0,114
12/19/2011,GSP,SC,ASO,ES,Combined TRACON& Tower with Radar,33,75,16,1,125,0,0,7,2,9,33,75,23,3,134,0,0,0,134
12/20/2011,GSP,SC,ASO,ES,Combined TRACON& Tower with Radar,31,79,24,1,135,0,0,4,0,4,31,79,28,1,139,8,0,8,147
12/21/2011,GSP,SC,ASO,ES,Combined TRACON& Tower with Radar,39,87,21,0,147,0,0,0,0,0,39,87,21,0,147,0,0,0,147
12/22/2011,GSP,SC,ASO,ES,Combined TRACON& Tower with Radar,33,81,25,0,139,0,1,0,0,1,33,82,25,0,140,0,0,0,140
12/23/2011,GSP,SC,ASO,ES,Combined TRACON& Tower with Radar,36,85,12,0,133,0,0,7,0,7,36,85,19,0,140,0,0,0,140
12/24/2011,GSP,SC,ASO,ES,Combined TRACON& Tower with Radar,23,44,3,0,70,0,0,7,0,7,23,44,10,0,77,0,0,0,77
12/25/2011,GSP,SC,ASO,ES,Combined TRACON& Tower with Radar,17,50,1,0,68,0,1,3,0,4,17,51,4,0,72,0,0,0,72
12/26/2011,GSP,SC,ASO,ES,Combined TRACON& Tower with Radar,32,78,14,0,124,0,0,8,0,8,32,78,22,0,132,0,0,0,132
12/27/2011,GSP,SC,ASO,ES,Combined TRACON& Tower with Radar,30,83,7,0,120,0,0,1,0,1,30,83,8,0,121,0,0,0,121
12/28/2011,GSP,SC,ASO,ES,Combined TRACON& Tower with Radar,36,76,14,0,126,0,0,10,2,12,36,76,24,2,138,4,0,4,142
12/29/2011,GSP,SC,ASO,ES,Combined TRACON& Tower with Radar,30,72,10,0,112,0,0,12,1,13,30,72,22,1,125,0,0,0,125
12/30/2011,GSP,SC,ASO,ES,Combined TRACON& Tower with Radar,31,76,15,9,131,0,2,8,5,15,31,78,23,14,146,0,0,0,146
12/31/2011,GSP,SC,ASO,ES,Combined TRACON& Tower with Radar,24,39,10,0,73,0,2,6,0,8,24,41,16,0,81,0,0,0,81
01/01/2012,GSP,SC,ASO,ES,Combined TRACON& Tower with Radar,17,58,2,0,77,0,0,1,0,1,17,58,3,0,78,0,0,0,78
01/02/2012,GSP,SC,ASO,ES,Combined TRACON& Tower with Radar,34,77,12,0,123,0,0,4,0,4,34,77,16,0,127,0,0,0,127
01/03/2012,GSP,SC,ASO,ES,Combined TRACON& Tower with Radar,28,80,15,0,123,0,0,12,0,12,28,80,27,0,135,4,0,4,139
01/04/2012,GSP,SC,ASO,ES,Combined TRACON& Tower with Radar,40,73,8,0,121,0,2,5,0,7,40,75,13,0,128,0,0,0,128
01/05/2012,GSP,SC,ASO,ES,Combined TRACON& Tower with Radar,40,80,17,0,137,0,0,6,0,6,40,80,23,0,143,0,0,0,143
01/06/2012,GSP,SC,ASO,ES,Combined TRACON& Tower with Radar,28,86,21,4,139,0,0,14,4,18,28,86,35,8,157,8,0,8,165
01/07/2012,GSP,SC,ASO,ES,Combined TRACON& Tower with Radar,27,39,9,0,75,0,0,9,2,11,27,39,18,2,86,0,0,0,86
01/08/2012,GSP,SC,ASO,ES,Combined TRACON& Tower with Radar,33,71,9,2,115,0,0,1,0,1,33,71,10,2,116,0,0,0,116
01/09/2012,GSP,SC,ASO,ES,Combined TRACON& Tower with Radar,32,79,15,6,132,0,0,0,0,0,32,79,15,6,132,0,0,0,132
01/10/2012,GSP,SC,ASO,ES,Combined TRACON& Tower with Radar,37,74,30,2,143,0,0,3,0,3,37,74,33,2,146,0,0,0,146
01/11/2012,GSP,SC,ASO,ES,Combined TRACON& Tower with Radar,38,77,14,0,129,0,0,1,0,1,38,77,15,0,130,2,0,2,132
01/12/2012,GSP,SC,ASO,ES,Combined TRACON& Tower with Radar,40,81,12,0,133,0,0,3,1,4,40,81,15,1,137,0,0,0,137
01/13/2012,GSP,SC,ASO,ES,Combined TRACON& Tower with Radar,36,74,16,1,127,0,0,11,3,14,36,74,27,4,141,0,0,0,141
01/14/2012,GSP,SC,ASO,ES,Combined TRACON& Tower with Radar,26,40,6,0,72,0,2,9,0,11,26,42,15,0,83,8,0,8,91
01/15/2012,GSP,SC,ASO,ES,Combined TRACON& Tower with Radar,29,64,14,0,107,0,2,7,0,9,29,66,21,0,116,0,0,0,116
01/16/2012,GSP,SC,ASO,ES,Combined TRACON& Tower with Radar,37,74,14,0,125,0,0,8,0,8,37,74,22,0,133,0,0,0,133
01/17/2012,GSP,SC,ASO,ES,Combined TRACON& Tower with Radar,34,71,19,0,124,0,0,0,0,0,34,71,19,0,124,0,0,0,124
01/18/2012,GSP,SC,ASO,ES,Combined TRACON& Tower with Radar,40,78,18,2,138,0,0,10,2,12,40,78,28,4,150,0,0,0,150
01/19/2012,GSP,SC,ASO,ES,Combined TRACON& Tower with Radar,38,76,18,0,132,0,1,12,0,13,38,77,30,0,145,0,0,0,145
01/20/2012,GSP,SC,ASO,ES,Combined TRACON& Tower with Radar,34,70,17,2,123,0,0,1,3,4,34,70,18,5,127,0,0,0,127
01/21/2012,GSP,SC,ASO,ES,Combined TRACON& Tower with Radar,27,44,5,0,76,0,0,0,0,0,27,44,5,0,76,0,0,0,76
01/22/2012,GSP,SC,ASO,ES,Combined TRACON& Tower with Radar,30,67,8,0,105,0,0,3,0,3,30,67,11,0,108,0,0,0,108
01/23/2012,GSP,SC,ASO,ES,Combined TRACON& Tower with Radar,36,81,12,0,129,0,0,0,0,0,36,81,12,0,129,0,0,0,129
01/24/2012,GSP,SC,ASO,ES,Combined TRACON& Tower with Radar,37,73,24,3,137,0,0,5,0,5,37,73,29,3,142,0,0,0,142
01/25/2012,GSP,SC,ASO,ES,Combined TRACON& Tower with Radar,36,71,29,2,138,0,0,8,3,11,36,71,37,5,149,0,0,0,149
01/26/2012,GSP,SC,ASO,ES,Combined TRACON& Tower with Radar,37,75,19,0,131,0,0,0,0,0,37,75,19,0,131,0,0,0,131
01/27/2012,GSP,SC,ASO,ES,Combined TRACON& Tower with Radar,35,72,8,0,115,0,0,7,0,7,35,72,15,0,122,0,0,0,122
01/28/2012,GSP,SC,ASO,ES,Combined TRACON& Tower with Radar,27,37,1,16,81,0,0,9,0,9,27,37,10,16,90,0,0,0,90
01/29/2012,GSP,SC,ASO,ES,Combined TRACON& Tower with Radar,30,68,7,0,105,0,0,4,0,4,30,68,11,0,109,0,0,0,109
01/30/2012,GSP,SC,ASO,ES,Combined TRACON& Tower with Radar,35,74,11,0,120,0,0,12,4,16,35,74,23,4,136,26,0,26,162
01/31/2012,GSP,SC,ASO,ES,Combined TRACON& Tower with Radar,33,74,19,6,132,0,0,11,4,15,33,74,30,10,147,6,4,10,157
02/01/2012,GSP,SC,ASO,ES,Combined TRACON& Tower with Radar,38,77,23,2,140,0,0,3,0,3,38,77,26,2,143,0,0,0,143
02/02/2012,GSP,SC,ASO,ES,Combined TRACON& Tower with Radar,34,78,16,1,129,0,0,5,1,6,34,78,21,2,135,16,0,16,151
02/03/2012,GSP,SC,ASO,ES,Combined TRACON& Tower with Radar,33,71,12,16,132,0,0,10,2,12,33,71,22,18,144,10,0,10,154
02/04/2012,GSP,SC,ASO,ES,Combined TRACON& Tower with Radar,27,38,3,0,68,0,0,2,2,4,27,38,5,2,72,2,0,2,74
02/05/2012,GSP,SC,ASO,ES,Combined TRACON& Tower with Radar,27,81,15,1,124,0,0,4,0,4,27,81,19,1,128,0,0,0,128
02/06/2012,GSP,SC,ASO,ES,Combined TRACON& Tower with Radar,35,77,15,1,128,0,0,1,1,2,35,77,16,2,130,0,0,0,130
02/07/2012,GSP,SC,ASO,ES,Combined TRACON& Tower with Radar,35,76,14,0,125,0,1,4,0,5,35,77,18,0,130,0,0,0,130
02/08/2012,GSP,SC,ASO,ES,Combined TRACON& Tower with Radar,38,70,11,0,119,0,0,3,0,3,38,70,14,0,122,0,0,0,122
02/09/2012,GSP,SC,ASO,ES,Combined TRACON& Tower with Radar,38,84,27,2,151,0,0,8,3,11,38,84,35,5,162,0,0,0,162
02/10/2012,GSP,SC,ASO,ES,Combined TRACON& Tower with Radar,32,72,13,5,122,0,0,17,1,18,32,72,30,6,140,10,0,10,150
02/11/2012,GSP,SC,ASO,ES,Combined TRACON& Tower with Radar,27,38,5,0,70,0,0,1,0,1,27,38,6,0,71,0,0,0,71
02/12/2012,GSP,SC,ASO,ES,Combined TRACON& Tower with Radar,29,65,13,4,111,0,0,7,0,7,29,65,20,4,118,2,0,2,120
02/13/2012,GSP,SC,ASO,ES,Combined TRACON& Tower with Radar,34,78,10,0,122,0,0,5,2,7,34,78,15,2,129,0,0,0,129
02/14/2012,GSP,SC,ASO,ES,Combined TRACON& Tower with Radar,33,73,19,2,127,0,0,5,3,8,33,73,24,5,135,2,0,2,137
02/15/2012,GSP,SC,ASO,ES,Combined TRACON& Tower with Radar,34,70,23,9,136,0,0,14,1,15,34,70,37,10,151,8,0,8,159
02/16/2012,GSP,SC,ASO,ES,Combined TRACON& Tower with Radar,25,82,22,0,129,0,0,0,0,0,25,82,22,0,129,0,0,0,129
02/17/2012,GSP,SC,ASO,ES,Combined TRACON& Tower with Radar,33,84,27,10,154,0,2,12,1,15,33,86,39,11,169,0,0,0,169
02/18/2012,GSP,SC,ASO,ES,Combined TRACON& Tower with Radar,19,53,9,0,81,0,0,5,0,5,19,53,14,0,86,0,0,0,86
02/19/2012,GSP,SC,ASO,ES,Combined TRACON& Tower with Radar,20,63,4,1,88,0,0,0,0,0,20,63,4,1,88,0,0,0,88
02/20/2012,GSP,SC,ASO,ES,Combined TRACON& Tower with Radar,32,78,16,1,127,0,0,10,3,13,32,78,26,4,140,20,0,20,160
02/21/2012,GSP,SC,ASO,ES,Combined TRACON& Tower with Radar,28,78,18,0,124,0,0,5,0,5,28,78,23,0,129,0,0,0,129
02/22/2012,GSP,SC,ASO,ES,Combined TRACON& Tower with Radar,28,82,31,4,145,0,0,2,0,2,28,82,33,4,147,0,0,0,147
02/23/2012,GSP,SC,ASO,ES,Combined TRACON& Tower with Radar,24,83,28,2,137,0,0,7,0,7,24,83,35,2,144,0,0,0,144
02/24/2012,GSP,SC,ASO,ES,Combined TRACON& Tower with Radar,44,76,16,0,136,0,0,2,1,3,44,76,18,1,139,2,0,2,141
02/25/2012,GSP,SC,ASO,ES,Combined TRACON& Tower with Radar,21,50,4,0,75,0,0,8,2,10,21,50,12,2,85,0,0,0,85
02/26/2012,GSP,SC,ASO,ES,Combined TRACON& Tower with Radar,20,71,16,2,109,0,2,18,0,20,20,73,34,2,129,0,0,0,129
02/27/2012,GSP,SC,ASO,ES,Combined TRACON& Tower with Radar,32,80,18,11,141,0,1,5,0,6,32,81,23,11,147,0,0,0,147
02/28/2012,GSP,SC,ASO,ES,Combined TRACON& Tower with Radar,25,76,22,2,125,0,0,3,2,5,25,76,25,4,130,0,0,0,130
02/29/2012,GSP,SC,ASO,ES,Combined TRACON& Tower with Radar,31,81,25,0,137,0,0,0,0,0,31,81,25,0,137,0,0,0,137
03/01/2012,GSP,SC,ASO,ES,Combined TRACON& Tower with Radar,30,89,26,3,148,0,0,7,2,9,30,89,33,5,157,0,0,0,157
03/02/2012,GSP,SC,ASO,ES,Combined TRACON& Tower with Radar,33,81,17,4,135,0,0,1,0,1,33,81,18,4,136,0,0,0,136
03/03/2012,GSP,SC,ASO,ES,Combined TRACON& Tower with Radar,26,44,14,0,84,0,0,3,0,3,26,44,17,0,87,0,0,0,87
03/04/2012,GSP,SC,ASO,ES,Combined TRACON& Tower with Radar,23,66,6,6,101,0,0,5,3,8,23,66,11,9,109,2,0,2,111
03/05/2012,GSP,SC,ASO,ES,Combined TRACON& Tower with Radar,34,79,10,0,123,0,0,6,0,6,34,79,16,0,129,0,0,0,129
03/06/2012,GSP,SC,ASO,ES,Combined TRACON& Tower with Radar,29,77,26,6,138,0,0,8,2,10,29,77,34,8,148,6,0,6,154
03/07/2012,GSP,SC,ASO,ES,Combined TRACON& Tower with Radar,32,78,16,0,126,0,0,5,0,5,32,78,21,0,131,0,0,0,131
03/08/2012,GSP,SC,ASO,ES,Combined TRACON& Tower with Radar,28,84,27,8,147,0,0,1,2,3,28,84,28,10,150,0,0,0,150
03/09/2012,GSP,SC,ASO,ES,Combined TRACON& Tower with Radar,35,79,13,3,130,0,0,9,3,12,35,79,22,6,142,0,0,0,142
03/10/2012,GSP,SC,ASO,ES,Combined TRACON& Tower with Radar,24,47,10,0,81,0,0,13,0,13,24,47,23,0,94,2,0,2,96
03/11/2012,GSP,SC,ASO,ES,Combined TRACON& Tower with Radar,20,68,11,2,101,0,0,10,2,12,20,68,21,4,113,4,0,4,117
03/12/2012,GSP,SC,ASO,ES,Combined TRACON& Tower with Radar,35,83,21,2,141,0,0,7,0,7,35,83,28,2,148,0,0,0,148
03/13/2012,GSP,SC,ASO,ES,Combined TRACON& Tower with Radar,28,78,25,10,141,0,0,1,1,2,28,78,26,11,143,0,0,0,143
03/14/2012,GSP,SC,ASO,ES,Combined TRACON& Tower with Radar,34,86,17,3,140,0,0,8,4,12,34,86,25,7,152,0,0,0,152
03/15/2012,GSP,SC,ASO,ES,Combined TRACON& Tower with Radar,33,86,25,2,146,0,0,10,2,12,33,86,35,4,158,0,0,0,158
03/16/2012,GSP,SC,ASO,ES,Combined TRACON& Tower with Radar,38,80,19,2,139,0,0,10,8,18,38,80,29,10,157,0,0,0,157
03/17/2012,GSP,SC,ASO,ES,Combined TRACON& Tower with Radar,25,48,8,0,81,0,0,7,0,7,25,48,15,0,88,10,0,10,98
03/18/2012,GSP,SC,ASO,ES,Combined TRACON& Tower with Radar,23,68,15,2,108,0,0,3,4,7,23,68,18,6,115,0,0,0,115
03/19/2012,GSP,SC,ASO,ES,Combined TRACON& Tower with Radar,46,97,12,4,159,0,0,9,0,9,46,97,21,4,168,0,0,0,168
03/20/2012,GSP,SC,ASO,ES,Combined TRACON& Tower with Radar,33,70,15,0,118,0,0,4,0,4,33,70,19,0,122,0,0,0,122
03/21/2012,GSP,SC,ASO,ES,Combined TRACON& Tower with Radar,38,72,15,3,128,0,2,6,5,13,38,74,21,8,141,4,0,4,145
03/22/2012,GSP,SC,ASO,ES,Combined TRACON& Tower with Radar,35,86,28,4,153,0,1,7,5,13,35,87,35,9,166,0,0,0,166
03/23/2012,GSP,SC,ASO,ES,Combined TRACON& Tower with Radar,33,84,24,2,143,0,0,1,0,1,33,84,25,2,144,0,0,0,144
03/24/2012,GSP,SC,ASO,ES,Combined TRACON& Tower with Radar,24,50,2,1,77,0,0,0,1,1,24,50,2,2,78,0,0,0,78
03/25/2012,GSP,SC,ASO,ES,Combined TRACON& Tower with Radar,22,67,13,1,103,0,0,0,1,1,22,67,13,2,104,0,0,0,104
03/26/2012,GSP,SC,ASO,ES,Combined TRACON& Tower with Radar,36,86,26,0,148,0,0,8,1,9,36,86,34,1,157,0,0,0,157
03/27/2012,GSP,SC,ASO,ES,Combined TRACON& Tower with Radar,32,79,17,0,128,0,0,11,1,12,32,79,28,1,140,0,0,0,140
03/28/2012,GSP,SC,ASO,ES,Combined TRACON& Tower with Radar,40,84,26,0,150,0,0,7,0,7,40,84,33,0,157,14,0,14,171
03/29/2012,GSP,SC,ASO,ES,Combined TRACON& Tower with Radar,29,82,18,0,129,0,0,13,0,13,29,82,31,0,142,0,0,0,142
03/30/2012,GSP,SC,ASO,ES,Combined TRACON& Tower with Radar,36,79,12,2,129,0,4,16,0,20,36,83,28,2,149,2,0,2,151
03/31/2012,GSP,SC,ASO,ES,Combined TRACON& Tower with Radar,25,45,6,0,76,0,0,8,0,8,25,45,14,0,84,0,0,0,84
04/01/2012,GSP,SC,ASO,ES,Combined TRACON& Tower with Radar,18,77,14,0,109,0,0,8,2,10,18,77,22,2,119,0,0,0,119
04/02/2012,GSP,SC,ASO,ES,Combined TRACON& Tower with Radar,32,82,13,0,127,0,0,8,0,8,32,82,21,0,135,4,0,4,139
04/03/2012,GSP,SC,ASO,ES,Combined TRACON& Tower with Radar,26,79,14,0,119,0,1,1,0,2,26,80,15,0,121,0,0,0,121
04/04/2012,GSP,SC,ASO,ES,Combined TRACON& Tower with Radar,33,89,23,0,145,0,0,5,0,5,33,89,28,0,150,0,0,0,150
04/05/2012,GSP,SC,ASO,ES,Combined TRACON& Tower with Radar,33,92,20,0,145,0,2,10,3,15,33,94,30,3,160,0,0,0,160
04/06/2012,GSP,SC,ASO,ES,Combined TRACON& Tower with Radar,34,85,9,0,128,0,0,7,2,9,34,85,16,2,137,0,0,0,137
04/07/2012,GSP,SC,ASO,ES,Combined TRACON& Tower with Radar,28,43,8,0,79,0,0,11,0,11,28,43,19,0,90,0,0,0,90
04/08/2012,GSP,SC,ASO,ES,Combined TRACON& Tower with Radar,21,70,12,0,103,0,0,12,0,12,21,70,24,0,115,0,0,0,115
04/09/2012,GSP,SC,ASO,ES,Combined TRACON& Tower with Radar,34,87,26,2,149,0,2,7,0,9,34,89,33,2,158,0,0,0,158
04/10/2012,GSP,SC,ASO,ES,Combined TRACON& Tower with Radar,32,80,15,1,128,0,2,8,2,12,32,82,23,3,140,16,0,16,156
04/11/2012,GSP,SC,ASO,ES,Combined TRACON& Tower with Radar,37,80,29,4,150,0,3,6,8,17,37,83,35,12,167,0,16,16,183
04/12/2012,GSP,SC,ASO,ES,Combined TRACON& Tower with Radar,30,83,25,2,140,0,1,8,2,11,30,84,33,4,151,0,0,0,151
04/13/2012,GSP,SC,ASO,ES,Combined TRACON& Tower with Radar,35,84,30,0,149,0,0,12,0,12,35,84,42,0,161,0,0,0,161
04/14/2012,GSP,SC,ASO,ES,Combined TRACON& Tower with Radar,27,44,2,2,75,0,0,11,0,11,27,44,13,2,86,20,0,20,106
04/15/2012,GSP,SC,ASO,ES,Combined TRACON& Tower with Radar,19,69,14,4,106,0,0,5,4,9,19,69,19,8,115,0,0,0,115
04/16/2012,GSP,SC,ASO,ES,Combined TRACON& Tower with Radar,36,79,21,0,136,0,1,8,0,9,36,80,29,0,145,0,0,0,145
04/17/2012,GSP,SC,ASO,ES,Combined TRACON& Tower with Radar,33,74,15,2,124,0,0,5,2,7,33,74,20,4,131,16,0,16,147
04/18/2012,GSP,SC,ASO,ES,Combined TRACON& Tower with Radar,37,81,29,0,147,0,0,1,0,1,37,81,30,0,148,0,0,0,148
04/19/2012,GSP,SC,ASO,ES,Combined TRACON& Tower with Radar,31,80,38,0,149,0,0,2,1,3,31,80,40,1,152,0,0,0,152
04/20/2012,GSP,SC,ASO,ES,Combined TRACON& Tower with Radar,36,76,28,0,140,0,2,2,2,6,36,78,30,2,146,0,0,0,146
04/21/2012,GSP,SC,ASO,ES,Combined TRACON& Tower with Radar,29,40,17,0,86,0,0,5,1,6,29,40,22,1,92,4,0,4,96
04/22/2012,GSP,SC,ASO,ES,Combined TRACON& Tower with Radar,24,63,11,0,98,0,0,3,0,3,24,63,14,0,101,0,0,0,101
04/23/2012,GSP,SC,ASO,ES,Combined TRACON& Tower with Radar,38,80,22,2,142,0,3,1,6,10,38,83,23,8,152,0,0,0,152
04/24/2012,GSP,SC,ASO,ES,Combined TRACON& Tower with Radar,34,71,19,8,132,0,1,6,2,9,34,72,25,10,141,0,6,6,147
04/25/2012,GSP,SC,ASO,ES,Combined TRACON& Tower with Radar,33,80,21,6,140,0,2,22,2,26,33,82,43,8,166,0,0,0,166
04/26/2012,GSP,SC,ASO,ES,Combined TRACON& Tower with Radar,33,83,28,4,148,0,0,5,2,7,33,83,33,6,155,0,0,0,155
04/27/2012,GSP,SC,ASO,ES,Combined TRACON& Tower with Radar,40,80,36,5,161,0,0,11,3,14,40,80,47,8,175,12,0,12,187
04/28/2012,GSP,SC,ASO,ES,Combined TRACON& Tower with Radar,26,42,8,0,76,0,0,8,4,12,26,42,16,4,88,34,0,34,122
04/29/2012,GSP,SC,ASO,ES,Combined TRACON& Tower with Radar,24,68,16,1,109,0,0,5,7,12,24,68,21,8,121,0,4,4,125
04/30/2012,GSP,SC,ASO,ES,Combined TRACON& Tower with Radar,36,83,22,0,141,0,1,12,3,16,36,84,34,3,157,0,0,0,157
05/01/2012,GSP,SC,ASO,ES,Combined TRACON& Tower with Radar,34,79,20,0,133,0,0,6,0,6,34,79,26,0,139,0,0,0,139
05/02/2012,GSP,SC,ASO,ES,Combined TRACON& Tower with Radar,40,79,24,3,146,0,0,5,1,6,40,79,29,4,152,0,0,0,152
05/03/2012,GSP,SC,ASO,ES,Combined TRACON& Tower with Radar,33,89,30,4,156,0,0,8,0,8,33,89,38,4,164,0,6,6,170
05/04/2012,GSP,SC,ASO,ES,Combined TRACON& Tower with Radar,37,81,17,2,137,0,3,7,0,10,37,84,24,2,147,0,0,0,147
05/05/2012,GSP,SC,ASO,ES,Combined TRACON& Tower with Radar,26,42,7,0,75,0,0,4,0,4,26,42,11,0,79,0,0,0,79
05/06/2012,GSP,SC,ASO,ES,Combined TRACON& Tower with Radar,22,65,11,7,105,0,0,3,1,4,22,65,14,8,109,0,0,0,109
05/07/2012,GSP,SC,ASO,ES,Combined TRACON& Tower with Radar,39,83,11,0,133,0,0,2,2,4,39,83,13,2,137,0,0,0,137
05/08/2012,GSP,SC,ASO,ES,Combined TRACON& Tower with Radar,43,77,16,7,143,0,0,2,5,7,43,77,18,12,150,0,0,0,150
05/09/2012,GSP,SC,ASO,ES,Combined TRACON& Tower with Radar,39,77,19,6,141,0,0,0,2,2,39,77,19,8,143,8,0,8,151
05/10/2012,GSP,SC,ASO,ES,Combined TRACON& Tower with Radar,34,84,14,0,132,0,0,12,4,16,34,84,26,4,148,0,0,0,148
05/11/2012,GSP,SC,ASO,ES,Combined TRACON& Tower with Radar,40,75,19,1,135,0,0,22,3,25,40,75,41,4,160,0,0,0,160
05/12/2012,GSP,SC,ASO,ES,Combined TRACON& Tower with Radar,28,43,8,1,80,0,0,4,1,5,28,43,12,2,85,0,0,0,85
05/13/2012,GSP,SC,ASO,ES,Combined TRACON& Tower with Radar,26,67,16,4,113,0,0,0,0,0,26,67,16,4,113,0,0,0,113
05/14/2012,GSP,SC,ASO,ES,Combined TRACON& Tower with Radar,38,78,21,0,137,0,0,4,0,4,38,78,25,0,141,2,0,2,143
05/15/2012,GSP,SC,ASO,ES,Combined TRACON& Tower with Radar,36,71,29,2,138,0,2,6,2,10,36,73,35,4,148,0,0,0,148
05/16/2012,GSP,SC,ASO,ES,Combined TRACON& Tower with Radar,34,81,30,13,158,0,2,7,10,19,34,83,37,23,177,0,34,34,211
05/17/2012,GSP,SC,ASO,ES,Combined TRACON& Tower with Radar,34,85,23,10,152,0,0,6,11,17,34,85,29,21,169,0,0,0,169
05/18/2012,GSP,SC,ASO,ES,Combined TRACON& Tower with Radar,39,84,51,0,174,0,1,17,2,20,39,85,68,2,194,6,0,6,200
05/19/2012,GSP,SC,ASO,ES,Combined TRACON& Tower with Radar,25,46,19,0,90,0,0,10,0,10,25,46,29,0,100,0,0,0,100
05/20/2012,GSP,SC,ASO,ES,Combined TRACON& Tower with Radar,26,75,11,0,112,0,0,6,0,6,26,75,17,0,118,0,0,0,118
05/21/2012,GSP,SC,ASO,ES,Combined TRACON& Tower with Radar,41,84,40,0,165,0,1,8,0,9,41,85,48,0,174,0,0,0,174
05/22/2012,GSP,SC,ASO,ES,Combined TRACON& Tower with Radar,39,81,18,4,142,0,0,3,0,3,39,81,21,4,145,0,0,0,145
05/23/2012,GSP,SC,ASO,ES,Combined TRACON& Tower with Radar,43,85,31,8,167,0,0,2,1,3,43,85,33,9,170,0,0,0,170
05/24/2012,GSP,SC,ASO,ES,Combined TRACON& Tower with Radar,33,91,20,0,144,0,2,7,2,11,33,93,27,2,155,0,0,0,155
05/25/2012,GSP,SC,ASO,ES,Combined TRACON& Tower with Radar,39,86,31,0,156,0,1,15,0,16,39,87,46,0,172,0,0,0,172
05/26/2012,GSP,SC,ASO,ES,Combined TRACON& Tower with Radar,28,43,4,0,75,0,0,6,0,6,28,43,10,0,81,0,0,0,81
05/27/2012,GSP,SC,ASO,ES,Combined TRACON& Tower with Radar,27,44,6,0,77,0,0,4,0,4,27,44,10,0,81,0,0,0,81
05/28/2012,GSP,SC,ASO,ES,Combined TRACON& Tower with Radar,31,76,12,0,119,0,1,3,0,4,31,77,15,0,123,0,0,0,123
05/29/2012,GSP,SC,ASO,ES,Combined TRACON& Tower with Radar,29,72,10,2,113,0,0,2,0,2,29,72,12,2,115,0,0,0,115
05/30/2012,GSP,SC,ASO,ES,Combined TRACON& Tower with Radar,39,73,26,5,143,0,0,11,2,13,39,73,37,7,156,0,0,0,156
05/31/2012,GSP,SC,ASO,ES,Combined TRACON& Tower with Radar,30,83,21,0,134,0,0,10,0,10,30,83,31,0,144,0,0,0,144
06/01/2012,GSP,SC,ASO,ES,Combined TRACON& Tower with Radar,35,73,20,4,132,0,0,2,0,2,35,73,22,4,134,0,5,5,139
06/02/2012,GSP,SC,ASO,ES,Combined TRACON& Tower with Radar,29,47,9,0,85,0,0,7,2,9,29,47,16,2,94,0,0,0,94
06/03/2012,GSP,SC,ASO,ES,Combined TRACON& Tower with Radar,23,65,6,0,94,0,0,5,0,5,23,65,11,0,99,0,0,0,99
06/04/2012,GSP,SC,ASO,ES,Combined TRACON& Tower with Radar,36,80,21,0,137,0,2,7,0,9,36,82,28,0,146,0,0,0,146
06/05/2012,GSP,SC,ASO,ES,Combined TRACON& Tower with Radar,32,82,29,4,147,0,0,8,2,10,32,82,37,6,157,4,10,14,171
06/06/2012,GSP,SC,ASO,ES,Combined TRACON& Tower with Radar,40,81,39,5,165,0,0,6,3,9,40,81,45,8,174,0,6,6,180
06/07/2012,GSP,SC,ASO,ES,Combined TRACON& Tower with Radar,28,85,25,1,139,0,0,10,6,16,28,85,35,7,155,18,0,18,173
06/08/2012,GSP,SC,ASO,ES,Combined TRACON& Tower with Radar,35,80,20,31,166,0,0,8,3,11,35,80,28,34,177,0,0,0,177
06/09/2012,GSP,SC,ASO,ES,Combined TRACON& Tower with Radar,26,53,4,0,83,0,0,10,0,10,26,53,14,0,93,4,0,4,97
06/10/2012,GSP,SC,ASO,ES,Combined TRACON& Tower with Radar,24,71,20,24,139,0,0,1,0,1,24,71,21,24,140,0,0,0,140
06/11/2012,GSP,SC,ASO,ES,Combined TRACON& Tower with Radar,33,84,25,0,142,0,0,3,1,4,33,84,28,1,146,0,0,0,146
06/12/2012,GSP,SC,ASO,ES,Combined TRACON& Tower with Radar,32,82,20,0,134,0,0,6,1,7,32,82,26,1,141,0,0,0,141
06/13/2012,GSP,SC,ASO,ES,Combined TRACON& Tower with Radar,48,89,25,1,163,0,0,7,1,8,48,89,32,2,171,0,0,0,171
06/14/2012,GSP,SC,ASO,ES,Combined TRACON& Tower with Radar,30,86,15,1,132,0,1,11,0,12,30,87,26,1,144,0,0,0,144
06/15/2012,GSP,SC,ASO,ES,Combined TRACON& Tower with Radar,39,73,28,8,148,0,0,14,3,17,39,73,42,11,165,0,0,0,165
06/16/2012,GSP,SC,ASO,ES,Combined TRACON& Tower with Radar,26,53,7,2,88,0,0,5,0,5,26,53,12,2,93,0,0,0,93
06/17/2012,GSP,SC,ASO,ES,Combined TRACON& Tower with Radar,24,70,12,0,106,0,0,9,1,10,24,70,21,1,116,2,0,2,118
06/18/2012,GSP,SC,ASO,ES,Combined TRACON& Tower with Radar,35,77,17,3,132,0,2,3,0,5,35,79,20,3,137,0,0,0,137
06/19/2012,GSP,SC,ASO,ES,Combined TRACON& Tower with Radar,30,82,15,2,129,0,0,7,1,8,30,82,22,3,137,0,0,0,137
06/20/2012,GSP,SC,ASO,ES,Combined TRACON& Tower with Radar,31,89,16,0,136,0,0,19,0,19,31,89,35,0,155,26,0,26,181
06/21/2012,GSP,SC,ASO,ES,Combined TRACON& Tower with Radar,33,83,22,2,140,0,0,6,3,9,33,83,28,5,149,0,0,0,149
06/22/2012,GSP,SC,ASO,ES,Combined TRACON& Tower with Radar,37,75,19,1,132,0,0,19,0,19,37,75,38,1,151,2,0,2,153
06/23/2012,GSP,SC,ASO,ES,Combined TRACON& Tower with Radar,37,54,3,1,95,3,0,8,0,11,40,54,11,1,106,6,0,6,112
06/24/2012,GSP,SC,ASO,ES,Combined TRACON& Tower with Radar,24,68,9,0,101,0,0,4,0,4,24,68,13,0,105,0,0,0,105
06/25/2012,GSP,SC,ASO,ES,Combined TRACON& Tower with Radar,38,80,9,0,127,0,0,3,0,3,38,80,12,0,130,0,0,0,130
06/26/2012,GSP,SC,ASO,ES,Combined TRACON& Tower with Radar,31,92,29,0,152,0,4,8,0,12,31,96,37,0,164,16,0,16,180
06/27/2012,GSP,SC,ASO,ES,Combined TRACON& Tower with Radar,36,85,18,5,144,0,1,10,2,13,36,86,28,7,157,4,0,4,161
06/28/2012,GSP,SC,ASO,ES,Combined TRACON& Tower with Radar,29,79,21,0,129,0,4,9,6,19,29,83,30,6,148,0,0,0,148
06/29/2012,GSP,SC,ASO,ES,Combined TRACON& Tower with Radar,35,80,16,1,132,0,0,17,5,22,35,80,33,6,154,4,0,4,158
06/30/2012,GSP,SC,ASO,ES,Combined TRACON& Tower with Radar,29,52,2,5,88,0,2,6,3,11,29,54,8,8,99,4,0,4,103
07/01/2012,GSP,SC,ASO,ES,Combined TRACON& Tower with Radar,23,59,10,0,92,0,0,5,1,6,23,59,15,1,98,0,0,0,98
07/02/2012,GSP,SC,ASO,ES,Combined TRACON& Tower with Radar,36,70,16,0,122,0,1,8,0,9,36,71,24,0,131,0,0,0,131
07/03/2012,GSP,SC,ASO,ES,Combined TRACON& Tower with Radar,35,66,14,2,117,0,0,12,0,12,35,66,26,2,129,6,0,6,135
07/04/2012,GSP,SC,ASO,ES,Combined TRACON& Tower with Radar,29,45,2,0,76,0,2,6,0,8,29,47,8,0,84,0,0,0,84
07/05/2012,GSP,SC,ASO,ES,Combined TRACON& Tower with Radar,30,68,13,0,111,0,0,3,0,3,30,68,16,0,114,0,0,0,114
07/06/2012,GSP,SC,ASO,ES,Combined TRACON& Tower with Radar,37,64,18,1,120,0,1,5,0,6,37,65,23,1,126,0,0,0,126
07/07/2012,GSP,SC,ASO,ES,Combined TRACON& Tower with Radar,29,50,10,0,89,0,0,5,0,5,29,50,15,0,94,0,0,0,94
07/08/2012,GSP,SC,ASO,ES,Combined TRACON& Tower with Radar,27,63,17,0,107,0,0,3,4,7,27,63,20,4,114,0,0,0,114
07/09/2012,GSP,SC,ASO,ES,Combined TRACON& Tower with Radar,38,84,20,0,142,0,0,8,0,8,38,84,28,0,150,0,0,0,150
07/10/2012,GSP,SC,ASO,ES,Combined TRACON& Tower with Radar,34,81,19,0,134,0,0,5,0,5,34,81,24,0,139,0,0,0,139
07/11/2012,GSP,SC,ASO,ES,Combined TRACON& Tower with Radar,38,83,24,0,145,0,0,2,0,2,38,83,26,0,147,0,0,0,147
07/12/2012,GSP,SC,ASO,ES,Combined TRACON& Tower with Radar,28,86,17,0,131,0,0,3,0,3,28,86,20,0,134,0,0,0,134
07/13/2012,GSP,SC,ASO,ES,Combined TRACON& Tower with Radar,54,76,9,2,141,0,0,0,2,2,54,76,9,4,143,0,0,0,143
07/14/2012,GSP,SC,ASO,ES,Combined TRACON& Tower with Radar,24,59,3,2,88,0,1,2,4,7,24,60,5,6,95,0,0,0,95
07/15/2012,GSP,SC,ASO,ES,Combined TRACON& Tower with Radar,26,65,17,0,108,0,0,5,2,7,26,65,22,2,115,0,0,0,115
07/16/2012,GSP,SC,ASO,ES,Combined TRACON& Tower with Radar,40,84,23,3,150,0,0,13,0,13,40,84,36,3,163,44,0,44,207
07/17/2012,GSP,SC,ASO,ES,Combined TRACON& Tower with Radar,28,86,24,1,139,0,0,7,2,9,28,86,31,3,148,16,0,16,164
07/18/2012,GSP,SC,ASO,ES,Combined TRACON& Tower with Radar,38,84,28,4,154,0,2,8,3,13,38,86,36,7,167,2,10,12,179
07/19/2012,GSP,SC,ASO,ES,Combined TRACON& Tower with Radar,29,75,23,3,130,0,0,2,13,15,29,75,25,16,145,0,26,26,171
07/20/2012,GSP,SC,ASO,ES,Combined TRACON& Tower with Radar,52,82,28,0,162,0,0,3,0,3,52,82,31,0,165,0,0,0,165
07/21/2012,GSP,SC,ASO,ES,Combined TRACON& Tower with Radar,28,53,9,0,90,0,0,2,3,5,28,53,11,3,95,0,0,0,95
07/22/2012,GSP,SC,ASO,ES,Combined TRACON& Tower with Radar,25,65,16,0,106,0,0,2,0,2,25,65,18,0,108,0,0,0,108
07/23/2012,GSP,SC,ASO,ES,Combined TRACON& Tower with Radar,36,87,9,1,133,0,0,10,2,12,36,87,19,3,145,14,0,14,159
07/24/2012,GSP,SC,ASO,ES,Combined TRACON& Tower with Radar,29,84,18,6,137,0,0,13,7,20,29,84,31,13,157,12,14,26,183
07/25/2012,GSP,SC,ASO,ES,Combined TRACON& Tower with Radar,34,91,24,2,151,0,0,11,6,17,34,91,35,8,168,0,0,0,168
07/26/2012,GSP,SC,ASO,ES,Combined TRACON& Tower with Radar,31,82,23,1,137,0,0,11,2,13,31,82,34,3,150,12,0,12,162
07/27/2012,GSP,SC,ASO,ES,Combined TRACON& Tower with Radar,38,78,25,13,154,0,1,2,3,6,38,79,27,16,160,0,16,16,176
07/28/2012,GSP,SC,ASO,ES,Combined TRACON& Tower with Radar,29,54,6,0,89,0,0,8,2,10,29,54,14,2,99,0,0,0,99
07/29/2012,GSP,SC,ASO,ES,Combined TRACON& Tower with Radar,26,65,11,0,102,0,0,4,0,4,26,65,15,0,106,0,0,0,106
07/30/2012,GSP,SC,ASO,ES,Combined TRACON& Tower with Radar,36,93,17,0,146,0,0,5,0,5,36,93,22,0,151,0,0,0,151
07/31/2012,GSP,SC,ASO,ES,Combined TRACON& Tower with Radar,28,82,15,0,125,0,0,0,2,2,28,82,15,2,127,0,0,0,127
08/01/2012,GSP,SC,ASO,ES,Combined TRACON& Tower with Radar,36,79,21,0,136,0,0,9,0,9,36,79,30,0,145,16,0,16,161
08/02/2012,GSP,SC,ASO,ES,Combined TRACON& Tower with Radar,32,84,15,0,131,0,1,11,0,12,32,85,26,0,143,0,0,0,143
08/03/2012,GSP,SC,ASO,ES,Combined TRACON& Tower with Radar,37,86,18,18,159,0,1,7,1,9,37,87,25,19,168,10,0,10,178
08/04/2012,GSP,SC,ASO,ES,Combined TRACON& Tower with Radar,25,56,11,0,92,0,0,1,0,1,25,56,12,0,93,0,0,0,93
08/05/2012,GSP,SC,ASO,ES,Combined TRACON& Tower with Radar,22,68,8,12,110,0,0,3,2,5,22,68,11,14,115,0,0,0,115
08/06/2012,GSP,SC,ASO,ES,Combined TRACON& Tower with Radar,33,91,14,0,138,0,0,0,2,2,33,91,14,2,140,0,0,0,140
08/07/2012,GSP,SC,ASO,ES,Combined TRACON& Tower with Radar,31,92,14,0,137,0,0,0,0,0,31,92,14,0,137,0,0,0,137
08/08/2012,GSP,SC,ASO,ES,Combined TRACON& Tower with Radar,34,85,31,10,160,0,1,2,25,28,34,86,33,35,188,0,44,44,232
08/09/2012,GSP,SC,ASO,ES,Combined TRACON& Tower with Radar,34,74,20,2,130,0,2,3,2,7,34,76,23,4,137,0,0,0,137
08/10/2012,GSP,SC,ASO,ES,Combined TRACON& Tower with Radar,36,70,22,0,128,0,1,6,2,9,36,71,28,2,137,0,0,0,137
08/11/2012,GSP,SC,ASO,ES,Combined TRACON& Tower with Radar,20,53,8,0,81,0,0,7,0,7,20,53,15,0,88,0,0,0,88
08/12/2012,GSP,SC,ASO,ES,Combined TRACON& Tower with Radar,25,61,8,2,96,0,0,9,0,9,25,61,17,2,105,4,0,4,109
08/13/2012,GSP,SC,ASO,ES,Combined TRACON& Tower with Radar,41,88,24,0,153,0,3,6,2,11,41,91,30,2,164,0,0,0,164
08/14/2012,GSP,SC,ASO,ES,Combined TRACON& Tower with Radar,30,79,13,0,122,0,0,11,2,13,30,79,24,2,135,0,0,0,135
08/15/2012,GSP,SC,ASO,ES,Combined TRACON& Tower with Radar,30,80,25,0,135,0,0,7,2,9,30,80,32,2,144,0,0,0,144
08/16/2012,GSP,SC,ASO,ES,Combined TRACON& Tower with Radar,31,83,22,0,136,0,1,10,2,13,31,84,32,2,149,4,0,4,153
08/17/2012,GSP,SC,ASO,ES,Combined TRACON& Tower with Radar,49,81,24,4,158,0,0,15,5,20,49,81,39,9,178,0,0,0,178
08/18/2012,GSP,SC,ASO,ES,Combined TRACON& Tower with Radar,20,53,10,2,85,0,0,4,0,4,20,53,14,2,89,0,0,0,89
08/19/2012,GSP,SC,ASO,ES,Combined TRACON& Tower with Radar,23,69,9,9,110,0,0,2,3,5,23,69,11,12,115,0,0,0,115
08/20/2012,GSP,SC,ASO,ES,Combined TRACON& Tower with Radar,35,83,25,2,145,0,2,7,3,12,35,85,32,5,157,0,0,0,157
08/21/2012,GSP,SC,ASO,ES,Combined TRACON& Tower with Radar,30,85,24,0,139,0,0,7,2,9,30,85,31,2,148,0,0,0,148
08/22/2012,GSP,SC,ASO,ES,Combined TRACON& Tower with Radar,37,84,33,1,155,0,0,9,1,10,37,84,42,2,165,0,0,0,165
08/23/2012,GSP,SC,ASO,ES,Combined TRACON& Tower with Radar,31,86,16,0,133,3,0,2,0,5,34,86,18,0,138,4,0,4,142
08/24/2012,GSP,SC,ASO,ES,Combined TRACON& Tower with Radar,36,78,20,0,134,0,2,10,0,12,36,80,30,0,146,0,0,0,146
08/25/2012,GSP,SC,ASO,ES,Combined TRACON& Tower with Radar,19,49,5,0,73,0,0,10,0,10,19,49,15,0,83,20,0,20,103
08/26/2012,GSP,SC,ASO,ES,Combined TRACON& Tower with Radar,22,65,7,0,94,0,0,1,1,2,22,65,8,1,96,0,0,0,96
08/27/2012,GSP,SC,ASO,ES,Combined TRACON& Tower with Radar,35,76,22,0,133,0,0,8,0,8,35,76,30,0,141,0,0,0,141
08/28/2012,GSP,SC,ASO,ES,Combined TRACON& Tower with Radar,32,84,28,1,145,0,0,1,2,3,32,84,29,3,148,0,0,0,148
08/29/2012,GSP,SC,ASO,ES,Combined TRACON& Tower with Radar,33,86,21,0,140,0,0,1,0,1,33,86,22,0,141,0,0,0,141
08/30/2012,GSP,SC,ASO,ES,Combined TRACON& Tower with Radar,32,83,19,4,138,0,0,7,0,7,32,83,26,4,145,0,0,0,145
08/31/2012,GSP,SC,ASO,ES,Combined TRACON& Tower with Radar,38,77,24,0,139,0,0,2,1,3,38,77,26,1,142,0,0,0,142
09/01/2012,GSP,SC,ASO,ES,Combined TRACON& Tower with Radar,21,51,3,0,75,0,0,8,1,9,21,51,11,1,84,2,0,2,86
09/02/2012,GSP,SC,ASO,ES,Combined TRACON& Tower with Radar,16,44,3,0,63,0,0,1,0,1,16,44,4,0,64,0,0,0,64
09/03/2012,GSP,SC,ASO,ES,Combined TRACON& Tower with Radar,32,72,13,0,117,0,0,2,0,2,32,72,15,0,119,0,0,0,119
09/04/2012,GSP,SC,ASO,ES,Combined TRACON& Tower with Radar,30,85,24,2,141,0,0,2,0,2,30,85,26,2,143,0,0,0,143
09/05/2012,GSP,SC,ASO,ES,Combined TRACON& Tower with Radar,38,81,32,0,151,0,0,5,3,8,38,81,37,3,159,4,0,4,163
09/06/2012,GSP,SC,ASO,ES,Combined TRACON& Tower with Radar,36,84,31,0,151,0,0,5,0,5,36,84,36,0,156,0,0,0,156
09/07/2012,GSP,SC,ASO,ES,Combined TRACON& Tower with Radar,45,73,18,2,138,0,0,5,0,5,45,73,23,2,143,0,0,0,143
09/08/2012,GSP,SC,ASO,ES,Combined TRACON& Tower with Radar,29,47,3,0,79,0,0,4,0,4,29,47,7,0,83,6,0,6,89
09/09/2012,GSP,SC,ASO,ES,Combined TRACON& Tower with Radar,28,63,18,1,110,0,0,7,1,8,28,63,25,2,118,4,0,4,122
09/10/2012,GSP,SC,ASO,ES,Combined TRACON& Tower with Radar,42,76,27,3,148,0,0,13,0,13,42,76,40,3,161,2,0,2,163
09/11/2012,GSP,SC,ASO,ES,Combined TRACON& Tower with Radar,34,71,18,12,135,0,0,4,3,7,34,71,22,15,142,0,0,0,142
09/12/2012,GSP,SC,ASO,ES,Combined TRACON& Tower with Radar,36,78,26,0,140,0,0,20,0,20,36,78,46,0,160,12,0,12,172
09/13/2012,GSP,SC,ASO,ES,Combined TRACON& Tower with Radar,35,78,24,2,139,0,0,13,0,13,35,78,37,2,152,0,0,0,152
09/14/2012,GSP,SC,ASO,ES,Combined TRACON& Tower with Radar,42,77,24,2,145,0,0,7,2,9,42,77,31,4,154,0,0,0,154
09/15/2012,GSP,SC,ASO,ES,Combined TRACON& Tower with Radar,28,43,5,0,76,0,1,26,0,27,28,44,31,0,103,4,0,4,107
09/16/2012,GSP,SC,ASO,ES,Combined TRACON& Tower with Radar,30,62,11,2,105,0,1,3,0,4,30,63,14,2,109,0,0,0,109
09/17/2012,GSP,SC,ASO,ES,Combined TRACON& Tower with Radar,37,73,20,0,130,0,0,0,2,2,37,73,20,2,132,0,0,0,132
09/18/2012,GSP,SC,ASO,ES,Combined TRACON& Tower with Radar,40,68,18,0,126,0,2,0,2,4,40,70,18,2,130,0,0,0,130
09/19/2012,GSP,SC,ASO,ES,Combined TRACON& Tower with Radar,40,82,35,0,157,0,1,10,7,18,40,83,45,7,175,0,0,0,175
09/20/2012,GSP,SC,ASO,ES,Combined TRACON& Tower with Radar,32,78,22,0,132,0,1,9,4,14,32,79,31,4,146,0,0,0,146
09/21/2012,GSP,SC,ASO,ES,Combined TRACON& Tower with Radar,40,81,24,9,154,0,0,19,5,24,40,81,43,14,178,0,0,0,178
09/22/2012,GSP,SC,ASO,ES,Combined TRACON& Tower with Radar,23,43,6,0,72,0,0,3,0,3,23,43,9,0,75,0,0,0,75
09/23/2012,GSP,SC,ASO,ES,Combined TRACON& Tower with Radar,26,67,19,0,112,0,0,11,0,11,26,67,30,0,123,6,0,6,129
09/24/2012,GSP,SC,ASO,ES,Combined TRACON& Tower with Radar,40,75,23,6,144,0,1,10,2,13,40,76,33,8,157,0,0,0,157
09/25/2012,GSP,SC,ASO,ES,Combined TRACON& Tower with Radar,35,88,24,0,147,0,2,5,0,7,35,90,29,0,154,0,0,0,154
09/26/2012,GSP,SC,ASO,ES,Combined TRACON& Tower with Radar,42,73,21,4,140,0,0,15,2,17,42,73,36,6,157,8,0,8,165
09/27/2012,GSP,SC,ASO,ES,Combined TRACON& Tower with Radar,46,93,15,0,154,0,2,10,0,12,46,95,25,0,166,2,0,2,168
09/28/2012,GSP,SC,ASO,ES,Combined TRACON& Tower with Radar,41,86,30,2,159,0,0,9,0,9,41,86,39,2,168,0,0,0,168
09/29/2012,GSP,SC,ASO,ES,Combined TRACON& Tower with Radar,25,44,9,3,81,0,0,3,0,3,25,44,12,3,84,12,0,12,96
09/30/2012,GSP,SC,ASO,ES,Combined TRACON& Tower with Radar,27,59,18,4,108,0,0,9,0,9,27,59,27,4,117,8,0,8,125
10/01/2012,GSP,SC,ASO,ES,Combined TRACON& Tower with Radar,41,73,27,0,141,0,0,0,0,0,41,73,27,0,141,0,0,0,141
10/02/2012,GSP,SC,ASO,ES,Combined TRACON& Tower with Radar,35,73,8,6,122,0,0,3,0,3,35,73,11,6,125,0,0,0,125
10/03/2012,GSP,SC,ASO,ES,Combined TRACON& Tower with Radar,38,81,34,2,155,0,0,9,0,9,38,81,43,2,164,0,0,0,164
10/04/2012,GSP,SC,ASO,ES,Combined TRACON& Tower with Radar,37,89,27,0,153,0,1,11,2,14,37,90,38,2,167,1,0,1,168
10/05/2012,GSP,SC,ASO,ES,Combined TRACON& Tower with Radar,42,81,26,0,149,0,0,12,2,14,42,81,38,2,163,0,0,0,163
10/06/2012,GSP,SC,ASO,ES,Combined TRACON& Tower with Radar,28,41,3,0,72,0,2,7,2,11,28,43,10,2,83,0,0,0,83
10/07/2012,GSP,SC,ASO,ES,Combined TRACON& Tower with Radar,28,70,16,0,114,0,0,0,2,2,28,70,16,2,116,0,0,0,116
10/08/2012,GSP,SC,ASO,ES,Combined TRACON& Tower with Radar,40,91,24,0,155,0,0,0,0,0,40,91,24,0,155,0,0,0,155
10/09/2012,GSP,SC,ASO,ES,Combined TRACON& Tower with Radar,36,80,20,3,139,0,1,2,7,10,36,81,22,10,149,0,0,0,149
10/10/2012,GSP,SC,ASO,ES,Combined TRACON& Tower with Radar,38,87,12,0,137,0,1,2,4,7,38,88,14,4,144,0,0,0,144
10/11/2012,GSP,SC,ASO,ES,Combined TRACON& Tower with Radar,37,82,18,2,139,0,1,13,0,14,37,83,31,2,153,12,0,12,165
10/12/2012,GSP,SC,ASO,ES,Combined TRACON& Tower with Radar,39,79,23,10,151,0,0,14,0,14,39,79,37,10,165,8,0,8,173
10/13/2012,GSP,SC,ASO,ES,Combined TRACON& Tower with Radar,25,42,15,2,84,1,0,11,4,16,26,42,26,6,100,0,0,0,100
10/14/2012,GSP,SC,ASO,ES,Combined TRACON& Tower with Radar,27,64,13,5,109,0,3,1,1,5,27,67,14,6,114,0,0,0,114
10/15/2012,GSP,SC,ASO,ES,Combined TRACON& Tower with Radar,40,78,23,3,144,0,2,14,4,20,40,80,37,7,164,0,0,0,164
10/16/2012,GSP,SC,ASO,ES,Combined TRACON& Tower with Radar,35,75,24,0,134,0,0,8,0,8,35,75,32,0,142,4,0,4,146
10/17/2012,GSP,SC,ASO,ES,Combined TRACON& Tower with Radar,37,79,23,0,139,0,0,12,4,16,37,79,35,4,155,20,0,20,175
10/18/2012,GSP,SC,ASO,ES,Combined TRACON& Tower with Radar,36,80,20,1,137,0,0,4,1,5,36,80,24,2,142,0,0,0,142
10/19/2012,GSP,SC,ASO,ES,Combined TRACON& Tower with Radar,48,92,20,5,165,0,0,7,1,8,48,92,27,6,173,4,0,4,177
10/20/2012,GSP,SC,ASO,ES,Combined TRACON& Tower with Radar,29,43,4,0,76,0,0,7,4,11,29,43,11,4,87,0,0,0,87
10/21/2012,GSP,SC,ASO,ES,Combined TRACON& Tower with Radar,28,64,20,7,119,0,0,1,0,1,28,64,21,7,120,0,0,0,120
10/22/2012,GSP,SC,ASO,ES,Combined TRACON& Tower with Radar,42,80,28,0,150,0,1,11,0,12,42,81,39,0,162,6,0,6,168
10/23/2012,GSP,SC,ASO,ES,Combined TRACON& Tower with Radar,32,69,14,1,116,0,0,2,1,3,32,69,16,2,119,0,0,0,119
10/24/2012,GSP,SC,ASO,ES,Combined TRACON& Tower with Radar,38,73,13,0,124,0,0,2,2,4,38,73,15,2,128,12,0,12,140
10/25/2012,GSP,SC,ASO,ES,Combined TRACON& Tower with Radar,34,80,31,0,145,0,0,5,0,5,34,80,36,0,150,8,0,8,158
10/26/2012,GSP,SC,ASO,ES,Combined TRACON& Tower with Radar,44,79,34,1,158,0,0,7,4,11,44,79,41,5,169,4,0,4,173
10/27/2012,GSP,SC,ASO,ES,Combined TRACON& Tower with Radar,30,42,14,1,87,0,0,6,0,6,30,42,20,1,93,10,0,10,103
10/28/2012,GSP,SC,ASO,ES,Combined TRACON& Tower with Radar,28,64,22,2,116,0,0,2,0,2,28,64,24,2,118,0,0,0,118
10/29/2012,GSP,SC,ASO,ES,Combined TRACON& Tower with Radar,34,52,17,0,103,0,0,2,0,2,34,52,19,0,105,0,0,0,105
10/30/2012,GSP,SC,ASO,ES,Combined TRACON& Tower with Radar,32,49,12,0,93,0,0,5,0,5,32,49,17,0,98,4,0,4,102
10/31/2012,GSP,SC,ASO,ES,Combined TRACON& Tower with Radar,38,71,20,1,130,0,0,7,1,8,38,71,27,2,138,0,0,0,138
11/01/2012,GSP,SC,ASO,ES,Combined TRACON& Tower with Radar,33,76,19,8,136,0,1,9,8,18,33,77,28,16,154,10,0,10,164
11/02/2012,GSP,SC,ASO,ES,Combined TRACON& Tower with Radar,41,76,16,18,151,0,0,12,4,16,41,76,28,22,167,0,0,0,167
11/03/2012,GSP,SC,ASO,ES,Combined TRACON& Tower with Radar,25,46,5,1,77,0,1,6,0,7,25,47,11,1,84,0,0,0,84
11/04/2012,GSP,SC,ASO,ES,Combined TRACON& Tower with Radar,25,74,11,9,119,0,0,5,4,9,25,74,16,13,128,0,0,0,128
11/05/2012,GSP,SC,ASO,ES,Combined TRACON& Tower with Radar,40,76,13,0,129,0,0,8,4,12,40,76,21,4,141,0,0,0,141
11/06/2012,GSP,SC,ASO,ES,Combined TRACON& Tower with Radar,33,67,15,0,115,0,0,3,5,8,33,67,18,5,123,0,0,0,123
11/07/2012,GSP,SC,ASO,ES,Combined TRACON& Tower with Radar,37,74,23,2,136,0,0,0,0,0,37,74,23,2,136,0,0,0,136
11/08/2012,GSP,SC,ASO,ES,Combined TRACON& Tower with Radar,35,72,26,0,133,0,0,13,0,13,35,72,39,0,146,0,0,0,146
11/09/2012,GSP,SC,ASO,ES,Combined TRACON& Tower with Radar,41,77,23,0,141,0,0,12,1,13,41,77,35,1,154,0,0,0,154
11/10/2012,GSP,SC,ASO,ES,Combined TRACON& Tower with Radar,27,50,3,0,80,0,2,7,1,10,27,52,10,1,90,0,0,0,90
11/11/2012,GSP,SC,ASO,ES,Combined TRACON& Tower with Radar,24,69,13,0,106,0,0,19,0,19,24,69,32,0,125,12,0,12,137
11/12/2012,GSP,SC,ASO,ES,Combined TRACON& Tower with Radar,40,81,24,0,145,0,0,2,0,2,40,81,26,0,147,0,0,0,147
11/13/2012,GSP,SC,ASO,ES,Combined TRACON& Tower with Radar,35,78,21,20,154,0,0,6,5,11,35,78,27,25,165,0,14,14,179
11/14/2012,GSP,SC,ASO,ES,Combined TRACON& Tower with Radar,35,81,32,0,148,0,0,5,2,7,35,81,37,2,155,0,0,0,155
11/15/2012,GSP,SC,ASO,ES,Combined TRACON& Tower with Radar,36,89,20,0,145,0,0,9,3,12,36,89,29,3,157,0,0,0,157
11/16/2012,GSP,SC,ASO,ES,Combined TRACON& Tower with Radar,43,81,27,2,153,0,2,8,3,13,43,83,35,5,166,0,0,0,166
11/17/2012,GSP,SC,ASO,ES,Combined TRACON& Tower with Radar,28,46,4,0,78,0,2,0,0,2,28,48,4,0,80,0,0,0,80
11/18/2012,GSP,SC,ASO,ES,Combined TRACON& Tower with Radar,26,64,12,0,102,0,0,4,3,7,26,64,16,3,109,0,0,0,109
11/19/2012,GSP,SC,ASO,ES,Combined TRACON& Tower with Radar,39,74,18,9,140,0,0,9,4,13,39,74,27,13,153,0,0,0,153
11/20/2012,GSP,SC,ASO,ES,Combined TRACON& Tower with Radar,43,78,25,0,146,0,0,16,2,18,43,78,41,2,164,2,0,2,166
11/21/2012,GSP,SC,ASO,ES,Combined TRACON& Tower with Radar,41,88,22,0,151,0,0,16,0,16,41,88,38,0,167,0,0,0,167
11/22/2012,GSP,SC,ASO,ES,Combined TRACON& Tower with Radar,23,36,3,0,62,0,0,0,0,0,23,36,3,0,62,0,0,0,62
11/23/2012,GSP,SC,ASO,ES,Combined TRACON& Tower with Radar,22,45,8,0,75,0,0,7,6,13,22,45,15,6,88,16,0,16,104
11/24/2012,GSP,SC,ASO,ES,Combined TRACON& Tower with Radar,32,76,11,0,119,0,0,7,0,7,32,76,18,0,126,0,0,0,126
11/25/2012,GSP,SC,ASO,ES,Combined TRACON& Tower with Radar,27,74,26,0,127,0,0,11,0,11,27,74,37,0,138,0,0,0,138
11/26/2012,GSP,SC,ASO,ES,Combined TRACON& Tower with Radar,41,86,12,6,145,0,1,10,5,16,41,87,22,11,161,0,0,0,161
11/27/2012,GSP,SC,ASO,ES,Combined TRACON& Tower with Radar,40,82,24,6,152,0,0,5,2,7,40,82,29,8,159,0,0,0,159
11/28/2012,GSP,SC,ASO,ES,Combined TRACON& Tower with Radar,39,79,22,2,142,0,0,9,0,9,39,79,31,2,151,0,0,0,151
11/29/2012,GSP,SC,ASO,ES,Combined TRACON& Tower with Radar,38,80,19,0,137,0,0,4,0,4,38,80,23,0,141,0,0,0,141
11/30/2012,GSP,SC,ASO,ES,Combined TRACON& Tower with Radar,42,77,25,3,147,0,0,12,1,13,42,77,37,4,160,0,0,0,160
12/01/2012,GSP,SC,ASO,ES,Combined TRACON& Tower with Radar,29,43,4,0,76,0,0,8,0,8,29,43,12,0,84,6,0,6,90
12/02/2012,GSP,SC,ASO,ES,Combined TRACON& Tower with Radar,30,61,11,0,102,0,0,0,0,0,30,61,11,0,102,0,0,0,102
12/03/2012,GSP,SC,ASO,ES,Combined TRACON& Tower with Radar,44,73,16,6,139,0,0,4,1,5,44,73,20,7,144,0,8,8,152
12/04/2012,GSP,SC,ASO,ES,Combined TRACON& Tower with Radar,35,78,18,2,133,0,0,5,4,9,35,78,23,6,142,8,0,8,150
12/05/2012,GSP,SC,ASO,ES,Combined TRACON& Tower with Radar,39,75,31,8,153,0,0,2,1,3,39,75,33,9,156,0,0,0,156
12/06/2012,GSP,SC,ASO,ES,Combined TRACON& Tower with Radar,38,77,22,0,137,0,0,2,4,6,38,77,24,4,143,0,0,0,143
12/07/2012,GSP,SC,ASO,ES,Combined TRACON& Tower with Radar,42,75,29,0,146,0,2,3,0,5,42,77,32,0,151,0,0,0,151
12/08/2012,GSP,SC,ASO,ES,Combined TRACON& Tower with Radar,28,44,9,2,83,0,0,3,2,5,28,44,12,4,88,0,0,0,88
12/09/2012,GSP,SC,ASO,ES,Combined TRACON& Tower with Radar,28,62,16,0,106,0,2,5,2,9,28,64,21,2,115,0,0,0,115
12/10/2012,GSP,SC,ASO,ES,Combined TRACON& Tower with Radar,42,76,15,0,133,0,0,1,0,1,42,76,16,0,134,0,0,0,134
12/11/2012,GSP,SC,ASO,ES,Combined TRACON& Tower with Radar,34,74,27,2,137,0,0,4,0,4,34,74,31,2,141,0,0,0,141
12/12/2012,GSP,SC,ASO,ES,Combined TRACON& Tower with Radar,35,74,26,1,136,0,0,3,3,6,35,74,29,4,142,0,0,0,142
12/13/2012,GSP,SC,ASO,ES,Combined TRACON& Tower with Radar,35,78,22,2,137,0,1,7,6,14,35,79,29,8,151,0,0,0,151
12/14/2012,GSP,SC,ASO,ES,Combined TRACON& Tower with Radar,40,75,35,1,151,0,0,16,4,20,40,75,51,5,171,2,0,2,173
12/15/2012,GSP,SC,ASO,ES,Combined TRACON& Tower with Radar,19,49,5,12,85,0,0,11,0,11,19,49,16,12,96,0,0,0,96
12/16/2012,GSP,SC,ASO,ES,Combined TRACON& Tower with Radar,20,67,12,0,99,0,0,2,0,2,20,67,14,0,101,0,0,0,101
12/17/2012,GSP,SC,ASO,ES,Combined TRACON& Tower with Radar,34,81,21,2,138,0,0,0,0,0,34,81,21,2,138,0,0,0,138
12/18/2012,GSP,SC,ASO,ES,Combined TRACON& Tower with Radar,31,76,29,8,144,0,1,9,3,13,31,77,38,11,157,0,6,6,163
12/19/2012,GSP,SC,ASO,ES,Combined TRACON& Tower with Radar,34,82,24,2,142,0,1,10,4,15,34,83,34,6,157,4,0,4,161
12/20/2012,GSP,SC,ASO,ES,Combined TRACON& Tower with Radar,25,81,6,2,114,0,0,1,0,1,25,81,7,2,115,0,0,0,115
12/21/2012,GSP,SC,ASO,ES,Combined TRACON& Tower with Radar,34,78,18,1,131,0,0,4,2,6,34,78,22,3,137,0,0,0,137
12/22/2012,GSP,SC,ASO,ES,Combined TRACON& Tower with Radar,28,53,7,0,88,0,0,3,0,3,28,53,10,0,91,0,0,0,91
12/23/2012,GSP,SC,ASO,ES,Combined TRACON& Tower with Radar,20,58,8,0,86,0,0,13,0,13,20,58,21,0,99,0,0,0,99
12/24/2012,GSP,SC,ASO,ES,Combined TRACON& Tower with Radar,30,48,0,0,78,0,0,0,0,0,30,48,0,0,78,0,0,0,78
12/25/2012,GSP,SC,ASO,ES,Combined TRACON& Tower with Radar,20,45,1,0,66,0,0,0,0,0,20,45,1,0,66,0,0,0,66
12/26/2012,GSP,SC,ASO,ES,Combined TRACON& Tower with Radar,36,60,7,0,103,0,1,0,0,1,36,61,7,0,104,0,0,0,104
12/27/2012,GSP,SC,ASO,ES,Combined TRACON& Tower with Radar,29,64,22,0,115,0,1,12,0,13,29,65,34,0,128,0,0,0,128
12/28/2012,GSP,SC,ASO,ES,Combined TRACON& Tower with Radar,32,70,11,0,113,0,0,11,0,11,32,70,22,0,124,0,0,0,124
12/29/2012,GSP,SC,ASO,ES,Combined TRACON& Tower with Radar,25,50,7,3,85,0,0,2,2,4,25,50,9,5,89,0,0,0,89
12/30/2012,GSP,SC,ASO,ES,Combined TRACON& Tower with Radar,20,58,8,0,86,0,0,6,2,8,20,58,14,2,94,0,0,0,94
12/31/2012,GSP,SC,ASO,ES,Combined TRACON& Tower with Radar,30,53,14,0,97,0,0,7,2,9,30,53,21,2,106,0,0,0,106
01/01/2013,GSP,SC,ASO,ES,Combined TRACON& Tower with Radar,18,53,5,0,76,0,0,0,0,0,18,53,5,0,76,0,0,0,76
01/02/2013,GSP,SC,ASO,ES,Combined TRACON& Tower with Radar,29,74,21,0,124,0,3,6,0,9,29,77,27,0,133,0,0,0,133
01/03/2013,GSP,SC,ASO,ES,Combined TRACON& Tower with Radar,29,73,18,2,122,0,0,1,0,1,29,73,19,2,123,0,0,0,123
01/04/2013,GSP,SC,ASO,ES,Combined TRACON& Tower with Radar,33,73,11,2,119,0,2,5,0,7,33,75,16,2,126,0,0,0,126
01/05/2013,GSP,SC,ASO,ES,Combined TRACON& Tower with Radar,25,38,13,0,76,0,0,3,2,5,25,38,16,2,81,0,0,0,81
01/06/2013,GSP,SC,ASO,ES,Combined TRACON& Tower with Radar,21,57,8,4,90,0,0,4,0,4,21,57,12,4,94,0,0,0,94
01/07/2013,GSP,SC,ASO,ES,Combined TRACON& Tower with Radar,40,74,19,2,135,0,0,14,1,15,40,74,33,3,150,0,0,0,150
01/08/2013,GSP,SC,ASO,ES,Combined TRACON& Tower with Radar,33,70,18,0,121,0,0,6,0,6,33,70,24,0,127,0,0,0,127
01/09/2013,GSP,SC,ASO,ES,Combined TRACON& Tower with Radar,35,71,18,4,128,0,2,3,3,8,35,73,21,7,136,10,0,10,146
01/10/2013,GSP,SC,ASO,ES,Combined TRACON& Tower with Radar,31,70,15,0,116,0,0,4,0,4,31,70,19,0,120,0,0,0,120
01/11/2013,GSP,SC,ASO,ES,Combined TRACON& Tower with Radar,43,70,12,0,125,0,0,0,0,0,43,70,12,0,125,0,0,0,125
01/12/2013,GSP,SC,ASO,ES,Combined TRACON& Tower with Radar,25,30,5,0,60,0,0,6,4,10,25,30,11,4,70,0,0,0,70
01/13/2013,GSP,SC,ASO,ES,Combined TRACON& Tower with Radar,21,52,15,0,88,0,2,4,3,9,21,54,19,3,97,4,0,4,101
01/14/2013,GSP,SC,ASO,ES,Combined TRACON& Tower with Radar,35,66,26,0,127,0,0,3,0,3,35,66,29,0,130,0,0,0,130
01/15/2013,GSP,SC,ASO,ES,Combined TRACON& Tower with Radar,34,67,17,0,118,0,0,0,0,0,34,67,17,0,118,0,0,0,118
01/16/2013,GSP,SC,ASO,ES,Combined TRACON& Tower with Radar,31,65,15,0,111,0,0,0,0,0,31,65,15,0,111,0,0,0,111
01/17/2013,GSP,SC,ASO,ES,Combined TRACON& Tower with Radar,32,69,11,0,112,0,0,0,0,0,32,69,11,0,112,0,0,0,112
01/18/2013,GSP,SC,ASO,ES,Combined TRACON& Tower with Radar,32,63,17,3,115,0,0,14,7,21,32,63,31,10,136,2,4,6,142
01/19/2013,GSP,SC,ASO,ES,Combined TRACON& Tower with Radar,20,30,4,0,54,0,0,9,0,9,20,30,13,0,63,0,0,0,63
01/20/2013,GSP,SC,ASO,ES,Combined TRACON& Tower with Radar,23,48,9,0,80,0,0,12,2,14,23,48,21,2,94,0,0,0,94
01/21/2013,GSP,SC,ASO,ES,Combined TRACON& Tower with Radar,37,68,24,0,129,0,0,10,0,10,37,68,34,0,139,0,0,0,139
01/22/2013,GSP,SC,ASO,ES,Combined TRACON& Tower with Radar,35,64,15,2,116,0,0,12,1,13,35,64,27,3,129,0,0,0,129
01/23/2013,GSP,SC,ASO,ES,Combined TRACON& Tower with Radar,34,71,30,0,135,0,0,5,4,9,34,71,35,4,144,0,0,0,144
01/24/2013,GSP,SC,ASO,ES,Combined TRACON& Tower with Radar,34,70,32,4,140,0,2,10,2,14,34,72,42,6,154,0,0,0,154
01/25/2013,GSP,SC,ASO,ES,Combined TRACON& Tower with Radar,30,47,8,2,87,0,0,0,2,2,30,47,8,4,89,0,0,0,89
01/26/2013,GSP,SC,ASO,ES,Combined TRACON& Tower with Radar,25,40,9,0,74,0,0,3,0,3,25,40,12,0,77,0,0,0,77
01/27/2013,GSP,SC,ASO,ES,Combined TRACON& Tower with Radar,26,60,9,0,95,0,0,1,0,1,26,60,10,0,96,0,0,0,96
01/28/2013,GSP,SC,ASO,ES,Combined TRACON& Tower with Radar,40,67,14,0,121,0,0,2,0,2,40,67,16,0,123,10,0,10,133
01/29/2013,GSP,SC,ASO,ES,Combined TRACON& Tower with Radar,36,69,12,0,117,0,0,5,2,7,36,69,17,2,124,0,0,0,124
01/30/2013,GSP,SC,ASO,ES,Combined TRACON& Tower with Radar,40,68,11,0,119,0,0,0,0,0,40,68,11,0,119,0,0,0,119
01/31/2013,GSP,SC,ASO,ES,Combined TRACON& Tower with Radar,38,73,40,0,151,0,6,8,2,16,38,79,48,2,167,0,0,0,167
02/01/2013,GSP,SC,ASO,ES,Combined TRACON& Tower with Radar,38,78,19,9,144,0,0,9,4,13,38,78,28,13,157,16,0,16,173
02/02/2013,GSP,SC,ASO,ES,Combined TRACON& Tower with Radar,25,40,11,1,77,0,0,9,0,9,25,40,20,1,86,0,0,0,86
02/03/2013,GSP,SC,ASO,ES,Combined TRACON& Tower with Radar,22,58,4,0,84,0,0,2,0,2,22,58,6,0,86,0,0,0,86
02/04/2013,GSP,SC,ASO,ES,Combined TRACON& Tower with Radar,38,83,16,2,139,0,0,5,1,6,38,83,21,3,145,0,0,0,145
02/05/2013,GSP,SC,ASO,ES,Combined TRACON& Tower with Radar,32,74,17,1,124,0,0,6,1,7,32,74,23,2,131,0,0,0,131
02/06/2013,GSP,SC,ASO,ES,Combined TRACON& Tower with Radar,34,78,26,2,140,0,0,6,4,10,34,78,32,6,150,0,0,0,150
02/07/2013,GSP,SC,ASO,ES,Combined TRACON& Tower with Radar,34,77,25,2,138,0,0,0,0,0,34,77,25,2,138,0,0,0,138
02/08/2013,GSP,SC,ASO,ES,Combined TRACON& Tower with Radar,37,72,17,4,130,0,2,3,2,7,37,74,20,6,137,0,0,0,137
02/09/2013,GSP,SC,ASO,ES,Combined TRACON& Tower with Radar,23,36,8,0,67,0,0,19,2,21,23,36,27,2,88,0,0,0,88
02/10/2013,GSP,SC,ASO,ES,Combined TRACON& Tower with Radar,19,64,15,0,98,0,1,4,2,7,19,65,19,2,105,0,0,0,105
02/11/2013,GSP,SC,ASO,ES,Combined TRACON& Tower with Radar,39,66,23,8,136,0,0,1,0,1,39,66,24,8,137,0,0,0,137
02/12/2013,GSP,SC,ASO,ES,Combined TRACON& Tower with Radar,33,79,11,4,127,0,0,2,1,3,33,79,13,5,130,0,0,0,130
02/13/2013,GSP,SC,ASO,ES,Combined TRACON& Tower with Radar,34,68,16,0,118,0,0,0,0,0,34,68,16,0,118,0,0,0,118
02/14/2013,GSP,SC,ASO,ES,Combined TRACON& Tower with Radar,31,80,20,9,140,0,2,5,7,14,31,82,25,16,154,0,0,0,154
02/15/2013,GSP,SC,ASO,ES,Combined TRACON& Tower with Radar,30,79,31,0,140,0,0,9,2,11,30,79,40,2,151,0,0,0,151
02/16/2013,GSP,SC,ASO,ES,Combined TRACON& Tower with Radar,23,49,8,0,80,0,0,0,0,0,23,49,8,0,80,0,0,0,80
02/17/2013,GSP,SC,ASO,ES,Combined TRACON& Tower with Radar,18,54,8,0,80,0,0,0,0,0,18,54,8,0,80,0,0,0,80
02/18/2013,GSP,SC,ASO,ES,Combined TRACON& Tower with Radar,36,76,22,0,134,0,0,8,0,8,36,76,30,0,142,0,0,0,142
02/19/2013,GSP,SC,ASO,ES,Combined TRACON& Tower with Radar,28,78,9,16,131,0,0,1,0,1,28,78,10,16,132,0,8,8,140
02/20/2013,GSP,SC,ASO,ES,Combined TRACON& Tower with Radar,30,75,27,3,135,0,0,9,3,12,30,75,36,6,147,4,0,4,151
02/21/2013,GSP,SC,ASO,ES,Combined TRACON& Tower with Radar,31,74,14,1,120,0,0,10,2,12,31,74,24,3,132,0,0,0,132
02/22/2013,GSP,SC,ASO,ES,Combined TRACON& Tower with Radar,34,79,23,0,136,0,0,0,0,0,34,79,23,0,136,0,0,0,136
02/23/2013,GSP,SC,ASO,ES,Combined TRACON& Tower with Radar,19,47,15,0,81,0,0,0,0,0,19,47,15,0,81,0,0,0,81
02/24/2013,GSP,SC,ASO,ES,Combined TRACON& Tower with Radar,20,63,8,0,91,0,0,5,0,5,20,63,13,0,96,0,0,0,96
02/25/2013,GSP,SC,ASO,ES,Combined TRACON& Tower with Radar,34,80,18,1,133,0,0,10,3,13,34,80,28,4,146,10,0,10,156
02/26/2013,GSP,SC,ASO,ES,Combined TRACON& Tower with Radar,28,78,15,46,167,0,0,0,0,0,28,78,15,46,167,0,0,0,167
02/27/2013,GSP,SC,ASO,ES,Combined TRACON& Tower with Radar,32,82,24,1,139,0,0,16,3,19,32,82,40,4,158,8,0,8,166
02/28/2013,GSP,SC,ASO,ES,Combined TRACON& Tower with Radar,32,83,14,0,129,0,0,12,4,16,32,83,26,4,145,0,0,0,145
03/01/2013,GSP,SC,ASO,ES,Combined TRACON& Tower with Radar,38,84,23,0,145,0,0,13,0,13,38,84,36,0,158,0,0,0,158
03/02/2013,GSP,SC,ASO,ES,Combined TRACON& Tower with Radar,21,42,1,0,64,0,0,2,0,2,21,42,3,0,66,0,0,0,66
03/03/2013,GSP,SC,ASO,ES,Combined TRACON& Tower with Radar,18,67,4,0,89,0,2,8,11,21,18,69,12,11,110,0,0,0,110
03/04/2013,GSP,SC,ASO,ES,Combined TRACON& Tower with Radar,36,74,22,5,137,0,1,14,0,15,36,75,36,5,152,0,0,0,152
03/05/2013,GSP,SC,ASO,ES,Combined TRACON& Tower with Radar,24,75,23,0,122,0,0,4,0,4,24,75,27,0,126,0,0,0,126
03/06/2013,GSP,SC,ASO,ES,Combined TRACON& Tower with Radar,30,68,20,0,118,0,1,1,0,2,30,69,21,0,120,0,0,0,120
03/07/2013,GSP,SC,ASO,ES,Combined TRACON& Tower with Radar,30,72,22,0,124,0,0,15,0,15,30,72,37,0,139,0,0,0,139
03/08/2013,GSP,SC,ASO,ES,Combined TRACON& Tower with Radar,34,71,26,4,135,0,0,18,5,23,34,71,44,9,158,0,0,0,158
03/09/2013,GSP,SC,ASO,ES,Combined TRACON& Tower with Radar,19,41,15,0,75,0,0,9,0,9,19,41,24,0,84,0,0,0,84
03/10/2013,GSP,SC,ASO,ES,Combined TRACON& Tower with Radar,17,65,19,3,104,0,0,4,2,6,17,65,23,5,110,0,0,0,110
03/11/2013,GSP,SC,ASO,ES,Combined TRACON& Tower with Radar,35,79,21,0,135,0,0,2,0,2,35,79,23,0,137,2,0,2,139
03/12/2013,GSP,SC,ASO,ES,Combined TRACON& Tower with Radar,28,77,26,1,132,0,0,13,0,13,28,77,39,1,145,0,0,0,145
03/13/2013,GSP,SC,ASO,ES,Combined TRACON& Tower with Radar,31,74,23,3,131,0,0,11,0,11,31,74,34,3,142,0,0,0,142
03/14/2013,GSP,SC,ASO,ES,Combined TRACON& Tower with Radar,29,74,14,0,117,0,0,13,0,13,29,74,27,0,130,0,0,0,130
03/15/2013,GSP,SC,ASO,ES,Combined TRACON& Tower with Radar,35,75,25,0,135,0,0,14,0,14,35,75,39,0,149,0,0,0,149
03/16/2013,GSP,SC,ASO,ES,Combined TRACON& Tower with Radar,19,43,16,12,90,0,0,4,4,8,19,43,20,16,98,0,14,14,112
03/17/2013,GSP,SC,ASO,ES,Combined TRACON& Tower with Radar,17,62,12,1,92,0,0,7,1,8,17,62,19,2,100,0,0,0,100
03/18/2013,GSP,SC,ASO,ES,Combined TRACON& Tower with Radar,38,70,12,0,120,0,0,0,0,0,38,70,12,0,120,0,0,0,120
03/19/2013,GSP,SC,ASO,ES,Combined TRACON& Tower with Radar,26,76,20,2,124,0,0,11,7,18,26,76,31,9,142,0,0,0,142
03/20/2013,GSP,SC,ASO,ES,Combined TRACON& Tower with Radar,34,75,22,0,131,0,0,14,0,14,34,75,36,0,145,6,0,6,151
03/21/2013,GSP,SC,ASO,ES,Combined TRACON& Tower with Radar,29,79,27,0,135,0,2,6,4,12,29,81,33,4,147,0,0,0,147
03/22/2013,GSP,SC,ASO,ES,Combined TRACON& Tower with Radar,33,76,29,0,138,0,1,5,3,9,33,77,34,3,147,0,0,0,147
03/23/2013,GSP,SC,ASO,ES,Combined TRACON& Tower with Radar,23,42,17,0,82,0,0,1,1,2,23,42,18,1,84,0,0,0,84
03/24/2013,GSP,SC,ASO,ES,Combined TRACON& Tower with Radar,19,60,12,0,91,0,0,0,0,0,19,60,12,0,91,0,0,0,91
03/25/2013,GSP,SC,ASO,ES,Combined TRACON& Tower with Radar,34,74,21,0,129,0,0,0,3,3,34,74,21,3,132,0,0,0,132
03/26/2013,GSP,SC,ASO,ES,Combined TRACON& Tower with Radar,29,82,18,1,130,0,1,3,1,5,29,83,21,2,135,0,0,0,135
03/27/2013,GSP,SC,ASO,ES,Combined TRACON& Tower with Radar,33,77,16,0,126,0,2,6,3,11,33,79,22,3,137,0,0,0,137
03/28/2013,GSP,SC,ASO,ES,Combined TRACON& Tower with Radar,30,79,23,7,139,0,0,14,11,25,30,79,37,18,164,0,2,2,166
03/29/2013,GSP,SC,ASO,ES,Combined TRACON& Tower with Radar,34,77,17,0,128,0,2,5,2,9,34,79,22,2,137,0,0,0,137
03/30/2013,GSP,SC,ASO,ES,Combined TRACON& Tower with Radar,23,48,8,0,79,0,1,3,2,6,23,49,11,2,85,0,0,0,85
03/31/2013,GSP,SC,ASO,ES,Combined TRACON& Tower with Radar,19,60,2,0,81,0,0,0,0,0,19,60,2,0,81,0,0,0,81
04/01/2013,GSP,SC,ASO,ES,Combined TRACON& Tower with Radar,33,81,21,2,137,0,0,6,8,14,33,81,27,10,151,0,4,4,155
04/02/2013,GSP,SC,ASO,ES,Combined TRACON& Tower with Radar,25,77,15,0,117,0,4,14,0,18,25,81,29,0,135,0,0,0,135
04/03/2013,GSP,SC,ASO,ES,Combined TRACON& Tower with Radar,30,74,15,0,119,0,0,10,1,11,30,74,25,1,130,0,0,0,130
04/04/2013,GSP,SC,ASO,ES,Combined TRACON& Tower with Radar,29,71,10,0,110,0,0,4,1,5,29,71,14,1,115,0,0,0,115
04/05/2013,GSP,SC,ASO,ES,Combined TRACON& Tower with Radar,34,75,16,1,126,0,2,7,0,9,34,77,23,1,135,4,0,4,139
04/06/2013,GSP,SC,ASO,ES,Combined TRACON& Tower with Radar,18,45,11,0,74,0,2,6,4,12,18,47,17,4,86,0,0,0,86
04/07/2013,GSP,SC,ASO,ES,Combined TRACON& Tower with Radar,17,61,13,0,91,0,0,6,6,12,17,61,19,6,103,2,0,2,105
04/08/2013,GSP,SC,ASO,ES,Combined TRACON& Tower with Radar,37,76,37,4,154,0,0,8,2,10,37,76,45,6,164,10,22,32,196
04/09/2013,GSP,SC,ASO,ES,Combined TRACON& Tower with Radar,31,71,22,0,124,0,0,3,8,11,31,71,25,8,135,0,0,0,135
04/10/2013,GSP,SC,ASO,ES,Combined TRACON& Tower with Radar,33,64,23,0,120,0,0,7,2,9,33,64,30,2,129,1,0,1,130
04/11/2013,GSP,SC,ASO,ES,Combined TRACON& Tower with Radar,29,70,18,0,117,0,1,3,0,4,29,71,21,0,121,0,0,0,121
04/12/2013,GSP,SC,ASO,ES,Combined TRACON& Tower with Radar,36,70,25,2,133,0,0,5,4,9,36,70,30,6,142,0,0,0,142
04/13/2013,GSP,SC,ASO,ES,Combined TRACON& Tower with Radar,21,42,8,0,71,0,0,9,2,11,21,42,17,2,82,0,0,0,82
04/14/2013,GSP,SC,ASO,ES,Combined TRACON& Tower with Radar,20,70,16,0,106,0,0,3,3,6,20,70,19,3,112,0,0,0,112
04/15/2013,GSP,SC,ASO,ES,Combined TRACON& Tower with Radar,38,77,28,0,143,0,0,2,0,2,38,77,30,0,145,0,0,0,145
04/16/2013,GSP,SC,ASO,ES,Combined TRACON& Tower with Radar,29,72,25,0,126,0,0,6,0,6,29,72,31,0,132,0,0,0,132
04/17/2013,GSP,SC,ASO,ES,Combined TRACON& Tower with Radar,35,74,20,0,129,0,2,4,0,6,35,76,24,0,135,0,0,0,135
04/18/2013,GSP,SC,ASO,ES,Combined TRACON& Tower with Radar,32,74,13,0,119,0,1,1,2,4,32,75,14,2,123,0,0,0,123
04/19/2013,GSP,SC,ASO,ES,Combined TRACON& Tower with Radar,39,63,15,0,117,0,0,0,0,0,39,63,15,0,117,0,0,0,117
04/20/2013,GSP,SC,ASO,ES,Combined TRACON& Tower with Radar,21,40,21,2,84,0,0,14,2,16,21,40,35,4,100,0,0,0,100
04/21/2013,GSP,SC,ASO,ES,Combined TRACON& Tower with Radar,26,65,24,2,117,0,1,4,0,5,26,66,28,2,122,0,0,0,122
04/22/2013,GSP,SC,ASO,ES,Combined TRACON& Tower with Radar,38,70,30,0,138,0,0,6,5,11,38,70,36,5,149,4,0,4,153
04/23/2013,GSP,SC,ASO,ES,Combined TRACON& Tower with Radar,33,71,26,4,134,0,0,5,5,10,33,71,31,9,144,12,32,44,188
04/24/2013,GSP,SC,ASO,ES,Combined TRACON& Tower with Radar,33,67,38,2,140,0,2,5,8,15,33,69,43,10,155,0,0,0,155
04/25/2013,GSP,SC,ASO,ES,Combined TRACON& Tower with Radar,31,72,21,2,126,0,0,11,0,11,31,72,32,2,137,0,0,0,137
04/26/2013,GSP,SC,ASO,ES,Combined TRACON& Tower with Radar,37,76,24,3,140,0,3,6,2,11,37,79,30,5,151,0,0,0,151
04/27/2013,GSP,SC,ASO,ES,Combined TRACON& Tower with Radar,19,42,6,0,67,0,0,1,0,1,19,42,7,0,68,0,0,0,68
04/28/2013,GSP,SC,ASO,ES,Combined TRACON& Tower with Radar,21,67,5,0,93,0,0,0,0,0,21,67,5,0,93,0,0,0,93
04/29/2013,GSP,SC,ASO,ES,Combined TRACON& Tower with Radar,38,81,32,3,154,0,0,4,0,4,38,81,36,3,158,0,0,0,158
04/30/2013,GSP,SC,ASO,ES,Combined TRACON& Tower with Radar,32,70,26,0,128,0,0,0,0,0,32,70,26,0,128,0,0,0,128
05/01/2013,GSP,SC,ASO,ES,Combined TRACON& Tower with Radar,33,79,33,2,147,0,0,1,0,1,33,79,34,2,148,0,0,0,148
05/02/2013,GSP,SC,ASO,ES,Combined TRACON& Tower with Radar,32,77,17,0,126,0,0,0,0,0,32,77,17,0,126,0,0,0,126
05/03/2013,GSP,SC,ASO,ES,Combined TRACON& Tower with Radar,40,75,16,0,131,0,0,2,0,2,40,75,18,0,133,22,0,22,155
05/04/2013,GSP,SC,ASO,ES,Combined TRACON& Tower with Radar,20,47,10,0,77,0,0,0,0,0,20,47,10,0,77,0,0,0,77
05/05/2013,GSP,SC,ASO,ES,Combined TRACON& Tower with Radar,23,67,3,0,93,0,0,0,0,0,23,67,3,0,93,0,0,0,93
05/06/2013,GSP,SC,ASO,ES,Combined TRACON& Tower with Radar,40,85,24,4,153,0,0,2,3,5,40,85,26,7,158,8,0,8,166
05/07/2013,GSP,SC,ASO,ES,Combined TRACON& Tower with Radar,36,75,24,1,136,0,1,3,2,6,36,76,27,3,142,0,0,0,142
05/08/2013,GSP,SC,ASO,ES,Combined TRACON& Tower with Radar,35,75,33,1,144,0,0,14,3,17,35,75,47,4,161,12,0,12,173
05/09/2013,GSP,SC,ASO,ES,Combined TRACON& Tower with Radar,33,75,22,4,134,0,0,7,0,7,33,75,29,4,141,0,0,0,141
05/10/2013,GSP,SC,ASO,ES,Combined TRACON& Tower with Radar,38,73,17,2,130,0,0,17,2,19,38,73,34,4,149,10,0,10,159
05/11/2013,GSP,SC,ASO,ES,Combined TRACON& Tower with Radar,20,45,2,0,67,0,0,0,0,0,20,45,2,0,67,0,0,0,67
05/12/2013,GSP,SC,ASO,ES,Combined TRACON& Tower with Radar,23,67,3,0,93,0,4,6,0,10,23,71,9,0,103,0,0,0,103
05/13/2013,GSP,SC,ASO,ES,Combined TRACON& Tower with Radar,38,83,24,0,145,0,4,15,0,19,38,87,39,0,164,4,0,4,168
05/14/2013,GSP,SC,ASO,ES,Combined TRACON& Tower with Radar,32,80,21,0,133,0,0,15,0,15,32,80,36,0,148,0,0,0,148
05/15/2013,GSP,SC,ASO,ES,Combined TRACON& Tower with Radar,32,79,40,8,159,0,0,9,0,9,32,79,49,8,168,2,20,22,190
05/16/2013,GSP,SC,ASO,ES,Combined TRACON& Tower with Radar,33,79,32,1,145,0,0,9,2,11,33,79,41,3,156,0,0,0,156
05/17/2013,GSP,SC,ASO,ES,Combined TRACON& Tower with Radar,38,72,34,4,148,0,2,11,0,13,38,74,45,4,161,0,0,0,161
05/18/2013,GSP,SC,ASO,ES,Combined TRACON& Tower with Radar,20,48,10,0,78,0,0,1,0,1,20,48,11,0,79,0,0,0,79
05/19/2013,GSP,SC,ASO,ES,Combined TRACON& Tower with Radar,21,71,11,0,103,0,0,0,2,2,21,71,11,2,105,0,0,0,105
05/20/2013,GSP,SC,ASO,ES,Combined TRACON& Tower with Radar,40,76,31,3,150,0,0,1,0,1,40,76,32,3,151,0,0,0,151
05/21/2013,GSP,SC,ASO,ES,Combined TRACON& Tower with Radar,32,78,30,2,142,0,0,10,0,10,32,78,40,2,152,0,0,0,152
05/22/2013,GSP,SC,ASO,ES,Combined TRACON& Tower with Radar,38,75,21,0,134,0,1,6,0,7,38,76,27,0,141,0,0,0,141
05/23/2013,GSP,SC,ASO,ES,Combined TRACON& Tower with Radar,30,75,22,2,129,0,0,4,2,6,30,75,26,4,135,8,28,36,171
05/24/2013,GSP,SC,ASO,ES,Combined TRACON& Tower with Radar,38,73,23,0,134,0,0,11,0,11,38,73,34,0,145,10,0,10,155
05/25/2013,GSP,SC,ASO,ES,Combined TRACON& Tower with Radar,20,50,2,0,72,0,0,16,0,16,20,50,18,0,88,2,0,2,90
05/26/2013,GSP,SC,ASO,ES,Combined TRACON& Tower with Radar,18,46,2,0,66,0,0,4,0,4,18,46,6,0,70,0,0,0,70
05/27/2013,GSP,SC,ASO,ES,Combined TRACON& Tower with Radar,32,74,13,0,119,0,1,11,0,12,32,75,24,0,131,0,0,0,131
05/28/2013,GSP,SC,ASO,ES,Combined TRACON& Tower with Radar,31,76,16,0,123,0,0,0,0,0,31,76,16,0,123,0,0,0,123
05/29/2013,GSP,SC,ASO,ES,Combined TRACON& Tower with Radar,40,79,18,0,137,0,0,2,0,2,40,79,20,0,139,0,0,0,139
05/30/2013,GSP,SC,ASO,ES,Combined TRACON& Tower with Radar,35,77,15,10,137,0,0,13,0,13,35,77,28,10,150,4,0,4,154
05/31/2013,GSP,SC,ASO,ES,Combined TRACON& Tower with Radar,36,78,22,15,151,0,0,6,0,6,36,78,28,15,157,0,0,0,157
06/01/2013,GSP,SC,ASO,ES,Combined TRACON& Tower with Radar,22,50,12,0,84,0,2,9,0,11,22,52,21,0,95,4,0,4,99
06/02/2013,GSP,SC,ASO,ES,Combined TRACON& Tower with Radar,23,66,7,0,96,0,2,1,0,3,23,68,8,0,99,0,0,0,99
06/03/2013,GSP,SC,ASO,ES,Combined TRACON& Tower with Radar,37,79,26,1,143,0,0,0,2,2,37,79,26,3,145,0,0,0,145
06/04/2013,GSP,SC,ASO,ES,Combined TRACON& Tower with Radar,32,76,23,1,132,0,1,3,6,10,32,77,26,7,142,6,0,6,148
06/05/2013,GSP,SC,ASO,ES,Combined TRACON& Tower with Radar,37,77,32,0,146,0,0,2,0,2,37,77,34,0,148,0,0,0,148
06/06/2013,GSP,SC,ASO,ES,Combined TRACON& Tower with Radar,39,80,22,0,141,0,0,0,0,0,39,80,22,0,141,0,0,0,141
06/07/2013,GSP,SC,ASO,ES,Combined TRACON& Tower with Radar,43,79,8,22,152,0,0,1,2,3,43,79,9,24,155,0,0,0,155
06/08/2013,GSP,SC,ASO,ES,Combined TRACON& Tower with Radar,18,56,6,0,80,0,0,6,0,6,18,56,12,0,86,8,0,8,94
06/09/2013,GSP,SC,ASO,ES,Combined TRACON& Tower with Radar,35,63,22,2,122,0,0,7,0,7,35,63,29,2,129,0,0,0,129
06/10/2013,GSP,SC,ASO,ES,Combined TRACON& Tower with Radar,34,70,26,0,130,0,0,0,0,0,34,70,26,0,130,0,0,0,130
06/11/2013,GSP,SC,ASO,ES,Combined TRACON& Tower with Radar,35,73,10,0,118,0,0,5,0,5,35,73,15,0,123,0,0,0,123
06/12/2013,GSP,SC,ASO,ES,Combined TRACON& Tower with Radar,36,82,28,0,146,0,1,14,2,17,36,83,42,2,163,0,0,0,163
06/13/2013,GSP,SC,ASO,ES,Combined TRACON& Tower with Radar,40,65,20,0,125,0,0,4,0,4,40,65,24,0,129,0,0,0,129
06/14/2013,GSP,SC,ASO,ES,Combined TRACON& Tower with Radar,33,74,10,10,127,0,0,8,2,10,33,74,18,12,137,0,0,0,137
06/15/2013,GSP,SC,ASO,ES,Combined TRACON& Tower with Radar,23,58,5,0,86,0,0,9,2,11,23,58,14,2,97,0,0,0,97
06/16/2013,GSP,SC,ASO,ES,Combined TRACON& Tower with Radar,29,71,16,6,122,0,2,2,0,4,29,73,18,6,126,0,0,0,126
06/17/2013,GSP,SC,ASO,ES,Combined TRACON& Tower with Radar,33,78,26,0,137,0,1,2,0,3,33,79,28,0,140,0,0,0,140
06/18/2013,GSP,SC,ASO,ES,Combined TRACON& Tower with Radar,31,77,11,6,125,0,0,2,0,2,31,77,13,6,127,0,0,0,127
06/19/2013,GSP,SC,ASO,ES,Combined TRACON& Tower with Radar,36,82,23,7,148,0,0,10,1,11,36,82,33,8,159,0,12,12,171
06/20/2013,GSP,SC,ASO,ES,Combined TRACON& Tower with Radar,35,85,12,11,143,0,0,4,0,4,35,85,16,11,147,0,0,0,147
06/21/2013,GSP,SC,ASO,ES,Combined TRACON& Tower with Radar,35,79,18,27,159,0,0,10,1,11,35,79,28,28,170,0,0,0,170
06/22/2013,GSP,SC,ASO,ES,Combined TRACON& Tower with Radar,23,54,9,0,86,0,0,5,1,6,23,54,14,1,92,0,0,0,92
06/23/2013,GSP,SC,ASO,ES,Combined TRACON& Tower with Radar,28,67,10,18,123,0,0,4,0,4,28,67,14,18,127,0,16,16,143
06/24/2013,GSP,SC,ASO,ES,Combined TRACON& Tower with Radar,34,77,18,2,131,0,0,5,3,8,34,77,23,5,139,6,0,6,145
06/25/2013,GSP,SC,ASO,ES,Combined TRACON& Tower with Radar,31,84,17,8,140,0,0,7,2,9,31,84,24,10,149,0,18,18,167
06/26/2013,GSP,SC,ASO,ES,Combined TRACON& Tower with Radar,39,79,27,0,145,0,2,9,0,11,39,81,36,0,156,0,0,0,156
06/27/2013,GSP,SC,ASO,ES,Combined TRACON& Tower with Radar,38,73,19,4,134,0,4,4,0,8,38,77,23,4,142,0,16,16,158
06/28/2013,GSP,SC,ASO,ES,Combined TRACON& Tower with Radar,39,61,18,5,123,0,2,4,0,6,39,63,22,5,129,0,0,0,129
06/29/2013,GSP,SC,ASO,ES,Combined TRACON& Tower with Radar,23,53,6,0,82,0,0,5,0,5,23,53,11,0,87,0,0,0,87
06/30/2013,GSP,SC,ASO,ES,Combined TRACON& Tower with Radar,27,56,13,0,96,0,0,1,0,1,27,56,14,0,97,0,0,0,97
07/01/2013,GSP,SC,ASO,ES,Combined TRACON& Tower with Radar,31,63,22,0,116,0,0,0,0,0,31,63,22,0,116,0,0,0,116
07/02/2013,GSP,SC,ASO,ES,Combined TRACON& Tower with Radar,31,58,16,2,107,0,0,2,0,2,31,58,18,2,109,0,0,0,109
07/03/2013,GSP,SC,ASO,ES,Combined TRACON& Tower with Radar,40,70,14,0,124,0,1,7,1,9,40,71,21,1,133,2,0,2,135
07/04/2013,GSP,SC,ASO,ES,Combined TRACON& Tower with Radar,26,48,1,0,75,0,0,0,0,0,26,48,1,0,75,0,0,0,75
07/05/2013,GSP,SC,ASO,ES,Combined TRACON& Tower with Radar,31,61,5,0,97,0,0,0,0,0,31,61,5,0,97,0,0,0,97
07/06/2013,GSP,SC,ASO,ES,Combined TRACON& Tower with Radar,23,52,11,0,86,0,0,1,0,1,23,52,12,0,87,0,0,0,87
07/07/2013,GSP,SC,ASO,ES,Combined TRACON& Tower with Radar,30,59,6,0,95,0,1,4,0,5,30,60,10,0,100,0,0,0,100
07/08/2013,GSP,SC,ASO,ES,Combined TRACON& Tower with Radar,36,75,12,0,123,0,0,10,1,11,36,75,22,1,134,12,0,12,146
07/09/2013,GSP,SC,ASO,ES,Combined TRACON& Tower with Radar,36,66,10,6,118,0,0,3,10,13,36,66,13,16,131,0,4,4,135
07/10/2013,GSP,SC,ASO,ES,Combined TRACON& Tower with Radar,35,65,14,2,116,0,0,0,2,2,35,65,14,4,118,0,0,0,118
07/11/2013,GSP,SC,ASO,ES,Combined TRACON& Tower with Radar,34,73,15,2,124,0,0,5,2,7,34,73,20,4,131,0,0,0,131
07/12/2013,GSP,SC,ASO,ES,Combined TRACON& Tower with Radar,40,71,13,0,124,0,0,5,0,5,40,71,18,0,129,0,0,0,129
07/13/2013,GSP,SC,ASO,ES,Combined TRACON& Tower with Radar,21,56,13,0,90,0,0,3,0,3,21,56,16,0,93,0,0,0,93
07/14/2013,GSP,SC,ASO,ES,Combined TRACON& Tower with Radar,34,60,2,0,96,0,0,0,0,0,34,60,2,0,96,0,0,0,96
07/15/2013,GSP,SC,ASO,ES,Combined TRACON& Tower with Radar,38,72,18,4,132,0,1,5,8,14,38,73,23,12,146,0,6,6,152
07/16/2013,GSP,SC,ASO,ES,Combined TRACON& Tower with Radar,39,69,25,0,133,0,0,17,0,17,39,69,42,0,150,4,0,4,154
07/17/2013,GSP,SC,ASO,ES,Combined TRACON& Tower with Radar,32,63,17,4,116,0,0,10,0,10,32,63,27,4,126,22,0,22,148
07/18/2013,GSP,SC,ASO,ES,Combined TRACON& Tower with Radar,33,72,22,2,129,0,0,16,0,16,33,72,38,2,145,4,0,4,149
07/19/2013,GSP,SC,ASO,ES,Combined TRACON& Tower with Radar,37,66,36,12,151,0,0,13,0,13,37,66,49,12,164,25,0,25,189
07/20/2013,GSP,SC,ASO,ES,Combined TRACON& Tower with Radar,21,53,11,0,85,0,0,1,0,1,21,53,12,0,86,0,0,0,86
07/21/2013,GSP,SC,ASO,ES,Combined TRACON& Tower with Radar,30,68,25,0,123,0,0,3,0,3,30,68,28,0,126,0,0,0,126
07/22/2013,GSP,SC,ASO,ES,Combined TRACON& Tower with Radar,34,72,18,0,124,0,0,0,0,0,34,72,18,0,124,0,0,0,124
07/23/2013,GSP,SC,ASO,ES,Combined TRACON& Tower with Radar,33,73,24,5,135,0,0,15,5,20,33,73,39,10,155,10,22,32,187
07/24/2013,GSP,SC,ASO,ES,Combined TRACON& Tower with Radar,38,77,22,0,137,0,0,13,0,13,38,77,35,0,150,14,0,14,164
07/25/2013,GSP,SC,ASO,ES,Combined TRACON& Tower with Radar,37,79,22,0,138,0,2,3,0,5,37,81,25,0,143,0,0,0,143
07/26/2013,GSP,SC,ASO,ES,Combined TRACON& Tower with Radar,36,75,23,0,134,0,0,3,0,3,36,75,26,0,137,0,0,0,137
07/27/2013,GSP,SC,ASO,ES,Combined TRACON& Tower with Radar,24,56,1,0,81,0,2,2,2,6,24,58,3,2,87,0,0,0,87
07/28/2013,GSP,SC,ASO,ES,Combined TRACON& Tower with Radar,26,69,9,0,104,0,0,2,3,5,26,69,11,3,109,0,12,12,121
07/29/2013,GSP,SC,ASO,ES,Combined TRACON& Tower with Radar,32,77,19,2,130,0,0,6,1,7,32,77,25,3,137,0,0,0,137
07/30/2013,GSP,SC,ASO,ES,Combined TRACON& Tower with Radar,35,77,34,0,146,0,0,11,2,13,35,77,45,2,159,6,0,6,165
07/31/2013,GSP,SC,ASO,ES,Combined TRACON& Tower with Radar,46,75,20,12,153,0,2,3,5,10,46,77,23,17,163,0,18,18,181
08/01/2013,GSP,SC,ASO,ES,Combined TRACON& Tower with Radar,43,69,14,4,130,0,0,3,0,3,43,69,17,4,133,0,10,10,143
08/02/2013,GSP,SC,ASO,ES,Combined TRACON& Tower with Radar,31,70,23,0,124,0,0,9,2,11,31,70,32,2,135,14,0,14,149
08/03/2013,GSP,SC,ASO,ES,Combined TRACON& Tower with Radar,23,59,2,0,84,0,0,1,1,2,23,59,3,1,86,0,0,0,86
08/04/2013,GSP,SC,ASO,ES,Combined TRACON& Tower with Radar,31,63,7,1,102,0,0,7,0,7,31,63,14,1,109,0,0,0,109
08/05/2013,GSP,SC,ASO,ES,Combined TRACON& Tower with Radar,34,78,18,2,132,0,0,5,1,6,34,78,23,3,138,0,0,0,138
08/06/2013,GSP,SC,ASO,ES,Combined TRACON& Tower with Radar,36,73,19,0,128,0,0,3,0,3,36,73,22,0,131,0,0,0,131
08/07/2013,GSP,SC,ASO,ES,Combined TRACON& Tower with Radar,34,77,22,4,137,0,0,0,0,0,34,77,22,4,137,0,0,0,137
08/08/2013,GSP,SC,ASO,ES,Combined TRACON& Tower with Radar,35,74,16,0,125,0,1,7,2,10,35,75,23,2,135,0,0,0,135
08/09/2013,GSP,SC,ASO,ES,Combined TRACON& Tower with Radar,33,70,26,0,129,0,0,4,0,4,33,70,30,0,133,0,0,0,133
08/10/2013,GSP,SC,ASO,ES,Combined TRACON& Tower with Radar,25,57,14,4,100,0,0,0,4,4,25,57,14,8,104,0,0,0,104
08/11/2013,GSP,SC,ASO,ES,Combined TRACON& Tower with Radar,28,66,7,2,103,0,0,0,4,4,28,66,7,6,107,0,0,0,107
08/12/2013,GSP,SC,ASO,ES,Combined TRACON& Tower with Radar,30,85,14,0,129,0,0,7,0,7,30,85,21,0,136,0,0,0,136
08/13/2013,GSP,SC,ASO,ES,Combined TRACON& Tower with Radar,32,77,18,0,127,0,0,4,2,6,32,77,22,2,133,0,0,0,133
08/14/2013,GSP,SC,ASO,ES,Combined TRACON& Tower with Radar,32,78,22,13,145,0,0,3,3,6,32,78,25,16,151,12,0,12,163
08/15/2013,GSP,SC,ASO,ES,Combined TRACON& Tower with Radar,36,77,15,0,128,0,0,8,0,8,36,77,23,0,136,0,0,0,136
08/16/2013,GSP,SC,ASO,ES,Combined TRACON& Tower with Radar,31,71,24,4,130,0,0,0,0,0,31,71,24,4,130,0,0,0,130
08/17/2013,GSP,SC,ASO,ES,Combined TRACON& Tower with Radar,19,51,4,0,74,0,0,0,0,0,19,51,4,0,74,0,0,0,74
08/18/2013,GSP,SC,ASO,ES,Combined TRACON& Tower with Radar,27,63,5,7,102,0,0,0,1,1,27,63,5,8,103,0,20,20,123
08/19/2013,GSP,SC,ASO,ES,Combined TRACON& Tower with Radar,32,83,22,0,137,0,0,0,0,0,32,83,22,0,137,0,0,0,137
08/20/2013,GSP,SC,ASO,ES,Combined TRACON& Tower with Radar,37,71,22,0,130,0,1,3,2,6,37,72,25,2,136,0,0,0,136
08/21/2013,GSP,SC,ASO,ES,Combined TRACON& Tower with Radar,39,70,19,1,129,0,0,2,2,4,39,70,21,3,133,0,0,0,133
08/22/2013,GSP,SC,ASO,ES,Combined TRACON& Tower with Radar,38,73,24,0,135,0,2,12,3,17,38,75,36,3,152,2,0,2,154
08/23/2013,GSP,SC,ASO,ES,Combined TRACON& Tower with Radar,37,69,22,0,128,0,0,3,0,3,37,69,25,0,131,0,0,0,131
08/24/2013,GSP,SC,ASO,ES,Combined TRACON& Tower with Radar,18,49,12,0,79,0,0,8,1,9,18,49,20,1,88,0,0,0,88
08/25/2013,GSP,SC,ASO,ES,Combined TRACON& Tower with Radar,28,64,5,0,97,0,0,6,0,6,28,64,11,0,103,0,0,0,103
08/26/2013,GSP,SC,ASO,ES,Combined TRACON& Tower with Radar,36,69,19,9,133,0,0,1,3,4,36,69,20,12,137,0,0,0,137
08/27/2013,GSP,SC,ASO,ES,Combined TRACON& Tower with Radar,34,73,14,4,125,0,0,9,2,11,34,73,23,6,136,4,0,4,140
08/28/2013,GSP,SC,ASO,ES,Combined TRACON& Tower with Radar,34,80,18,0,132,0,0,11,0,11,34,80,29,0,143,0,0,0,143
08/29/2013,GSP,SC,ASO,ES,Combined TRACON& Tower with Radar,38,76,25,0,139,0,2,13,4,19,38,78,38,4,158,4,0,4,162
08/30/2013,GSP,SC,ASO,ES,Combined TRACON& Tower with Radar,38,68,23,0,129,0,0,4,0,4,38,68,27,0,133,0,0,0,133
08/31/2013,GSP,SC,ASO,ES,Combined TRACON& Tower with Radar,17,51,10,2,80,0,0,7,0,7,17,51,17,2,87,0,0,0,87
09/01/2013,GSP,SC,ASO,ES,Combined TRACON& Tower with Radar,23,44,6,0,73,0,2,2,0,4,23,46,8,0,77,0,0,0,77
09/02/2013,GSP,SC,ASO,ES,Combined TRACON& Tower with Radar,32,65,17,0,114,0,0,4,2,6,32,65,21,2,120,0,0,0,120
09/03/2013,GSP,SC,ASO,ES,Combined TRACON& Tower with Radar,31,75,11,3,120,0,0,3,2,5,31,75,14,5,125,0,0,0,125
09/04/2013,GSP,SC,ASO,ES,Combined TRACON& Tower with Radar,35,78,12,12,137,0,0,7,1,8,35,78,19,13,145,0,14,14,159
09/05/2013,GSP,SC,ASO,ES,Combined TRACON& Tower with Radar,40,78,26,14,158,0,2,15,0,17,40,80,41,14,175,0,0,0,175
09/06/2013,GSP,SC,ASO,ES,Combined TRACON& Tower with Radar,34,70,21,1,126,0,0,10,1,11,34,70,31,2,137,4,0,4,141
09/07/2013,GSP,SC,ASO,ES,Combined TRACON& Tower with Radar,19,50,6,0,75,0,0,4,0,4,19,50,10,0,79,0,0,0,79
09/08/2013,GSP,SC,ASO,ES,Combined TRACON& Tower with Radar,29,67,7,0,103,0,0,9,1,10,29,67,16,1,113,0,0,0,113
09/09/2013,GSP,SC,ASO,ES,Combined TRACON& Tower with Radar,45,72,23,0,140,1,0,23,0,24,46,72,46,0,164,20,0,20,184
09/10/2013,GSP,SC,ASO,ES,Combined TRACON& Tower with Radar,39,70,20,2,131,5,0,3,3,11,44,70,23,5,142,6,0,6,148
09/11/2013,GSP,SC,ASO,ES,Combined TRACON& Tower with Radar,33,75,24,3,135,6,0,10,0,16,39,75,34,3,151,12,0,12,163
09/12/2013,GSP,SC,ASO,ES,Combined TRACON& Tower with Radar,52,80,26,0,158,7,0,11,4,22,59,80,37,4,180,18,0,18,198
09/13/2013,GSP,SC,ASO,ES,Combined TRACON& Tower with Radar,44,75,14,9,142,10,0,5,2,17,54,75,19,11,159,4,0,4,163
09/14/2013,GSP,SC,ASO,ES,Combined TRACON& Tower with Radar,19,49,2,0,70,0,0,3,0,3,19,49,5,0,73,0,0,0,73
09/15/2013,GSP,SC,ASO,ES,Combined TRACON& Tower with Radar,29,67,7,2,105,0,0,3,0,3,29,67,10,2,108,0,0,0,108
09/16/2013,GSP,SC,ASO,ES,Combined TRACON& Tower with Radar,39,73,17,0,129,10,1,4,0,15,49,74,21,0,144,0,0,0,144
09/17/2013,GSP,SC,ASO,ES,Combined TRACON& Tower with Radar,33,76,25,0,134,0,2,8,0,10,33,78,33,0,144,8,0,8,152
09/18/2013,GSP,SC,ASO,ES,Combined TRACON& Tower with Radar,37,76,16,0,129,0,1,7,5,13,37,77,23,5,142,0,0,0,142
09/19/2013,GSP,SC,ASO,ES,Combined TRACON& Tower with Radar,38,72,26,6,142,0,0,13,2,15,38,72,39,8,157,4,12,16,173
09/20/2013,GSP,SC,ASO,ES,Combined TRACON& Tower with Radar,36,75,20,8,139,0,0,14,2,16,36,75,34,10,155,0,0,0,155
09/21/2013,GSP,SC,ASO,ES,Combined TRACON& Tower with Radar,19,47,5,0,71,0,0,0,0,0,19,47,5,0,71,0,0,0,71
09/22/2013,GSP,SC,ASO,ES,Combined TRACON& Tower with Radar,29,70,21,0,120,0,2,10,0,12,29,72,31,0,132,8,0,8,140
09/23/2013,GSP,SC,ASO,ES,Combined TRACON& Tower with Radar,46,75,16,0,137,9,0,17,4,30,55,75,33,4,167,10,0,10,177
09/24/2013,GSP,SC,ASO,ES,Combined TRACON& Tower with Radar,35,74,20,0,129,20,0,12,1,33,55,74,32,1,162,22,0,22,184
09/25/2013,GSP,SC,ASO,ES,Combined TRACON& Tower with Radar,37,69,18,0,124,0,0,0,0,0,37,69,18,0,124,0,0,0,124
09/26/2013,GSP,SC,ASO,ES,Combined TRACON& Tower with Radar,53,78,21,5,157,4,1,21,5,31,57,79,42,10,188,12,0,12,200
09/27/2013,GSP,SC,ASO,ES,Combined TRACON& Tower with Radar,43,69,16,0,128,14,0,6,0,20,57,69,22,0,148,4,0,4,152
09/28/2013,GSP,SC,ASO,ES,Combined TRACON& Tower with Radar,22,48,1,0,71,0,0,6,0,6,22,48,7,0,77,0,0,0,77
09/29/2013,GSP,SC,ASO,ES,Combined TRACON& Tower with Radar,25,70,8,0,103,0,0,5,0,5,25,70,13,0,108,2,0,2,110
09/30/2013,GSP,SC,ASO,ES,Combined TRACON& Tower with Radar,39,77,12,2,130,18,0,16,2,36,57,77,28,4,166,18,0,18,184
10/01/2013,GSP,SC,ASO,ES,Combined TRACON& Tower with Radar,37,75,20,8,140,21,0,8,0,29,58,75,28,8,169,28,0,28,197
10/02/2013,GSP,SC,ASO,ES,Combined TRACON& Tower with Radar,56,74,25,1,156,9,0,18,0,27,65,74,43,1,183,14,0,14,197
10/03/2013,GSP,SC,ASO,ES,Combined TRACON& Tower with Radar,52,68,20,0,140,17,0,7,0,24,69,68,27,0,164,12,0,12,176
10/04/2013,GSP,SC,ASO,ES,Combined TRACON& Tower with Radar,43,77,16,0,136,9,0,10,0,19,52,77,26,0,155,6,0,6,161
10/05/2013,GSP,SC,ASO,ES,Combined TRACON& Tower with Radar,23,47,17,0,87,0,0,2,0,2,23,47,19,0,89,0,0,0,89
10/06/2013,GSP,SC,ASO,ES,Combined TRACON& Tower with Radar,45,69,14,0,128,0,0,2,0,2,45,69,16,0,130,0,0,0,130
10/07/2013,GSP,SC,ASO,ES,Combined TRACON& Tower with Radar,37,66,15,0,118,0,0,1,0,1,37,66,16,0,119,0,0,0,119
10/08/2013,GSP,SC,ASO,ES,Combined TRACON& Tower with Radar,31,69,21,7,128,0,0,4,5,9,31,69,25,12,137,0,12,12,149
10/09/2013,GSP,SC,ASO,ES,Combined TRACON& Tower with Radar,36,77,27,0,140,0,0,10,0,10,36,77,37,0,150,0,0,0,150
10/10/2013,GSP,SC,ASO,ES,Combined TRACON& Tower with Radar,39,75,11,0,125,26,2,11,0,39,65,77,22,0,164,0,0,0,164
10/11/2013,GSP,SC,ASO,ES,Combined TRACON& Tower with Radar,35,75,19,0,129,8,1,22,5,36,43,76,41,5,165,10,0,10,175
10/12/2013,GSP,SC,ASO,ES,Combined TRACON& Tower with Radar,22,41,2,0,65,0,0,6,4,10,22,41,8,4,75,0,0,0,75
10/13/2013,GSP,SC,ASO,ES,Combined TRACON& Tower with Radar,32,65,6,0,103,0,0,7,0,7,32,65,13,0,110,0,0,0,110
10/14/2013,GSP,SC,ASO,ES,Combined TRACON& Tower with Radar,35,70,18,0,123,0,0,1,0,1,35,70,19,0,124,0,0,0,124
10/15/2013,GSP,SC,ASO,ES,Combined TRACON& Tower with Radar,33,78,26,0,137,0,2,4,0,6,33,80,30,0,143,0,0,0,143
10/16/2013,GSP,SC,ASO,ES,Combined TRACON& Tower with Radar,36,70,20,0,126,0,2,7,0,9,36,72,27,0,135,0,0,0,135
10/17/2013,GSP,SC,ASO,ES,Combined TRACON& Tower with Radar,54,79,37,0,170,18,2,0,0,20,72,81,37,0,190,11,0,11,201
10/18/2013,GSP,SC,ASO,ES,Combined TRACON& Tower with Radar,38,71,26,0,135,23,0,4,0,27,61,71,30,0,162,0,0,0,162
10/19/2013,GSP,SC,ASO,ES,Combined TRACON& Tower with Radar,22,43,3,0,68,0,0,0,0,0,22,43,3,0,68,0,0,0,68
10/20/2013,GSP,SC,ASO,ES,Combined TRACON& Tower with Radar,33,66,16,0,115,0,2,8,0,10,33,68,24,0,125,6,0,6,131
10/21/2013,GSP,SC,ASO,ES,Combined TRACON& Tower with Radar,36,73,15,0,124,0,1,14,0,15,36,74,29,0,139,0,0,0,139
10/22/2013,GSP,SC,ASO,ES,Combined TRACON& Tower with Radar,31,77,14,2,124,0,0,6,0,6,31,77,20,2,130,0,0,0,130
10/23/2013,GSP,SC,ASO,ES,Combined TRACON& Tower with Radar,37,71,24,2,134,0,0,5,4,9,37,71,29,6,143,0,14,14,157
10/24/2013,GSP,SC,ASO,ES,Combined TRACON& Tower with Radar,42,73,36,0,151,0,0,23,1,24,42,73,59,1,175,6,0,6,181
10/25/2013,GSP,SC,ASO,ES,Combined TRACON& Tower with Radar,33,82,26,0,141,0,0,12,0,12,33,82,38,0,153,0,0,0,153
10/26/2013,GSP,SC,ASO,ES,Combined TRACON& Tower with Radar,22,46,12,0,80,0,0,2,0,2,22,46,14,0,82,0,0,0,82
10/27/2013,GSP,SC,ASO,ES,Combined TRACON& Tower with Radar,32,70,16,0,118,0,0,4,2,6,32,70,20,2,124,0,0,0,124
10/28/2013,GSP,SC,ASO,ES,Combined TRACON& Tower with Radar,33,73,15,0,121,0,2,6,0,8,33,75,21,0,129,2,0,2,131
10/29/2013,GSP,SC,ASO,ES,Combined TRACON& Tower with Radar,29,75,24,0,128,0,0,8,0,8,29,75,32,0,136,0,0,0,136
10/30/2013,GSP,SC,ASO,ES,Combined TRACON& Tower with Radar,33,73,19,1,126,0,2,10,1,13,33,75,29,2,139,0,0,0,139
10/31/2013,GSP,SC,ASO,ES,Combined TRACON& Tower with Radar,33,71,11,2,117,0,2,6,0,8,33,73,17,2,125,0,0,0,125
11/01/2013,GSP,SC,ASO,ES,Combined TRACON& Tower with Radar,36,66,17,1,120,0,0,3,1,4,36,66,20,2,124,0,0,0,124
11/02/2013,GSP,SC,ASO,ES,Combined TRACON& Tower with Radar,24,55,2,0,81,0,1,3,1,5,24,56,5,1,86,0,0,0,86
11/03/2013,GSP,SC,ASO,ES,Combined TRACON& Tower with Radar,29,64,15,1,109,0,1,9,1,11,29,65,24,2,120,0,0,0,120
11/04/2013,GSP,SC,ASO,ES,Combined TRACON& Tower with Radar,35,68,18,0,121,0,0,6,4,10,35,68,24,4,131,0,0,0,131
11/05/2013,GSP,SC,ASO,ES,Combined TRACON& Tower with Radar,34,77,12,2,125,0,0,5,0,5,34,77,17,2,130,0,0,0,130
11/06/2013,GSP,SC,ASO,ES,Combined TRACON& Tower with Radar,37,75,27,0,139,0,0,6,0,6,37,75,33,0,145,0,0,0,145
11/07/2013,GSP,SC,ASO,ES,Combined TRACON& Tower with Radar,39,80,22,0,141,0,0,2,0,2,39,80,24,0,143,0,0,0,143
11/08/2013,GSP,SC,ASO,ES,Combined TRACON& Tower with Radar,32,79,12,0,123,0,0,13,0,13,32,79,25,0,136,0,0,0,136
11/09/2013,GSP,SC,ASO,ES,Combined TRACON& Tower with Radar,18,47,14,0,79,0,0,6,0,6,18,47,20,0,85,0,0,0,85
11/10/2013,GSP,SC,ASO,ES,Combined TRACON& Tower with Radar,23,75,12,0,110,0,0,10,0,10,23,75,22,0,120,0,0,0,120
11/11/2013,GSP,SC,ASO,ES,Combined TRACON& Tower with Radar,37,69,12,0,118,0,0,12,0,12,37,69,24,0,130,0,0,0,130
11/12/2013,GSP,SC,ASO,ES,Combined TRACON& Tower with Radar,41,69,19,11,140,0,0,3,7,10,41,69,22,18,150,0,2,2,152
11/13/2013,GSP,SC,ASO,ES,Combined TRACON& Tower with Radar,39,70,24,0,133,0,1,2,0,3,39,71,26,0,136,0,0,0,136
11/14/2013,GSP,SC,ASO,ES,Combined TRACON& Tower with Radar,40,72,30,0,142,0,0,13,2,15,40,72,43,2,157,0,0,0,157
11/15/2013,GSP,SC,ASO,ES,Combined TRACON& Tower with Radar,31,70,26,7,134,0,0,8,4,12,31,70,34,11,146,0,0,0,146
11/16/2013,GSP,SC,ASO,ES,Combined TRACON& Tower with Radar,18,46,13,0,77,0,0,0,0,0,18,46,13,0,77,0,0,0,77
11/17/2013,GSP,SC,ASO,ES,Combined TRACON& Tower with Radar,25,66,8,0,99,0,0,1,2,3,25,66,9,2,102,0,0,0,102
11/18/2013,GSP,SC,ASO,ES,Combined TRACON& Tower with Radar,35,70,19,0,124,0,0,3,3,6,35,70,22,3,130,0,0,0,130
11/19/2013,GSP,SC,ASO,ES,Combined TRACON& Tower with Radar,34,70,22,2,128,0,0,7,1,8,34,70,29,3,136,0,0,0,136
11/20/2013,GSP,SC,ASO,ES,Combined TRACON& Tower with Radar,35,70,12,0,117,0,1,7,3,11,35,71,19,3,128,6,0,6,134
11/21/2013,GSP,SC,ASO,ES,Combined TRACON& Tower with Radar,38,74,18,6,136,0,0,2,0,2,38,74,20,6,138,0,10,10,148
11/22/2013,GSP,SC,ASO,ES,Combined TRACON& Tower with Radar,41,74,30,8,153,0,0,0,0,0,41,74,30,8,153,0,0,0,153
11/23/2013,GSP,SC,ASO,ES,Combined TRACON& Tower with Radar,22,43,8,0,73,0,0,1,0,1,22,43,9,0,74,0,0,0,74
11/24/2013,GSP,SC,ASO,ES,Combined TRACON& Tower with Radar,24,66,13,3,106,0,0,3,3,6,24,66,16,6,112,0,0,0,112
11/25/2013,GSP,SC,ASO,ES,Combined TRACON& Tower with Radar,37,51,19,0,107,0,0,4,0,4,37,51,23,0,111,0,0,0,111
11/26/2013,GSP,SC,ASO,ES,Combined TRACON& Tower with Radar,43,74,7,0,124,0,0,0,0,0,43,74,7,0,124,0,0,0,124
11/27/2013,GSP,SC,ASO,ES,Combined TRACON& Tower with Radar,45,69,16,0,130,0,0,3,0,3,45,69,19,0,133,0,0,0,133
11/28/2013,GSP,SC,ASO,ES,Combined TRACON& Tower with Radar,18,36,2,0,56,0,0,3,0,3,18,36,5,0,59,0,0,0,59
11/29/2013,GSP,SC,ASO,ES,Combined TRACON& Tower with Radar,28,37,9,0,74,0,0,9,0,9,28,37,18,0,83,0,0,0,83
11/30/2013,GSP,SC,ASO,ES,Combined TRACON& Tower with Radar,23,66,3,0,92,0,0,6,2,8,23,66,9,2,100,0,0,0,100
12/01/2013,GSP,SC,ASO,ES,Combined TRACON& Tower with Radar,35,80,11,0,126,0,0,9,0,9,35,80,20,0,135,0,0,0,135
12/02/2013,GSP,SC,ASO,ES,Combined TRACON& Tower with Radar,41,76,27,7,151,0,2,6,0,8,41,78,33,7,159,0,0,0,159
12/03/2013,GSP,SC,ASO,ES,Combined TRACON& Tower with Radar,40,65,30,2,137,0,0,0,0,0,40,65,30,2,137,4,0,4,141
12/04/2013,GSP,SC,ASO,ES,Combined TRACON& Tower with Radar,39,69,19,14,141,0,0,0,0,0,39,69,19,14,141,0,0,0,141
12/05/2013,GSP,SC,ASO,ES,Combined TRACON& Tower with Radar,46,74,27,1,148,0,0,0,0,0,46,74,27,1,148,0,0,0,148
12/06/2013,GSP,SC,ASO,ES,Combined TRACON& Tower with Radar,39,71,30,2,142,0,0,2,0,2,39,71,32,2,144,0,0,0,144
12/07/2013,GSP,SC,ASO,ES,Combined TRACON& Tower with Radar,24,41,9,0,74,0,0,1,0,1,24,41,10,0,75,0,0,0,75
12/08/2013,GSP,SC,ASO,ES,Combined TRACON& Tower with Radar,30,47,8,0,85,0,0,0,0,0,30,47,8,0,85,0,0,0,85
12/09/2013,GSP,SC,ASO,ES,Combined TRACON& Tower with Radar,39,63,15,0,117,0,0,0,0,0,39,63,15,0,117,0,0,0,117
12/10/2013,GSP,SC,ASO,ES,Combined TRACON& Tower with Radar,40,56,20,0,116,0,0,8,0,8,40,56,28,0,124,12,0,12,136
12/11/2013,GSP,SC,ASO,ES,Combined TRACON& Tower with Radar,36,71,18,2,127,0,2,4,6,12,36,73,22,8,139,0,0,0,139
12/12/2013,GSP,SC,ASO,ES,Combined TRACON& Tower with Radar,42,68,22,0,132,0,0,13,2,15,42,68,35,2,147,2,0,2,149
12/13/2013,GSP,SC,ASO,ES,Combined TRACON& Tower with Radar,40,66,29,0,135,0,2,11,0,13,40,68,40,0,148,0,0,0,148
12/14/2013,GSP,SC,ASO,ES,Combined TRACON& Tower with Radar,24,31,3,0,58,0,0,0,0,0,24,31,3,0,58,0,0,0,58
12/15/2013,GSP,SC,ASO,ES,Combined TRACON& Tower with Radar,30,56,2,3,91,0,0,6,3,9,30,56,8,6,100,2,0,2,102
12/16/2013,GSP,SC,ASO,ES,Combined TRACON& Tower with Radar,42,61,20,4,127,0,3,10,0,13,42,64,30,4,140,2,0,2,142
12/17/2013,GSP,SC,ASO,ES,Combined TRACON& Tower with Radar,39,61,28,1,129,0,0,13,0,13,39,61,41,1,142,0,0,0,142
12/18/2013,GSP,SC,ASO,ES,Combined TRACON& Tower with Radar,39,64,25,2,130,0,0,7,0,7,39,64,32,2,137,0,0,0,137
12/19/2013,GSP,SC,ASO,ES,Combined TRACON& Tower with Radar,38,83,21,1,143,0,0,4,0,4,38,83,25,1,147,0,0,0,147
12/20/2013,GSP,SC,ASO,ES,Combined TRACON& Tower with Radar,33,75,24,9,141,0,0,11,0,11,33,75,35,9,152,0,0,0,152
12/21/2013,GSP,SC,ASO,ES,Combined TRACON& Tower with Radar,24,64,14,0,102,0,0,0,0,0,24,64,14,0,102,0,0,0,102
12/22/2013,GSP,SC,ASO,ES,Combined TRACON& Tower with Radar,25,63,2,0,90,0,0,0,0,0,25,63,2,0,90,0,0,0,90
12/23/2013,GSP,SC,ASO,ES,Combined TRACON& Tower with Radar,23,74,9,2,108,0,0,0,0,0,23,74,9,2,108,0,0,0,108
12/24/2013,GSP,SC,ASO,ES,Combined TRACON& Tower with Radar,27,51,8,0,86,0,0,7,0,7,27,51,15,0,93,6,0,6,99
12/25/2013,GSP,SC,ASO,ES,Combined TRACON& Tower with Radar,18,47,2,0,67,0,0,0,0,0,18,47,2,0,67,0,0,0,67
12/26/2013,GSP,SC,ASO,ES,Combined TRACON& Tower with Radar,27,68,11,0,106,0,0,13,0,13,27,68,24,0,119,8,0,8,127
12/27/2013,GSP,SC,ASO,ES,Combined TRACON& Tower with Radar,21,78,15,0,114,0,1,9,0,10,21,79,24,0,124,0,0,0,124
12/28/2013,GSP,SC,ASO,ES,Combined TRACON& Tower with Radar,23,60,9,0,92,0,0,4,0,4,23,60,13,0,96,4,0,4,100
12/29/2013,GSP,SC,ASO,ES,Combined TRACON& Tower with Radar,25,63,2,0,90,0,0,0,0,0,25,63,2,0,90,0,0,0,90
12/30/2013,GSP,SC,ASO,ES,Combined TRACON& Tower with Radar,22,69,10,3,104,0,0,2,1,3,22,69,12,4,107,0,0,0,107
12/31/2013,GSP,SC,ASO,ES,Combined TRACON& Tower with Radar,23,52,9,0,84,0,0,6,1,7,23,52,15,1,91,0,0,0,91
01/01/2014,GSP,SC,ASO,ES,Combined TRACON& Tower with Radar,17,53,12,0,82,0,2,10,2,14,17,55,22,2,96,0,0,0,96
01/02/2014,GSP,SC,ASO,ES,Combined TRACON& Tower with Radar,26,64,8,0,98,0,0,0,0,0,26,64,8,0,98,0,0,0,98
01/03/2014,GSP,SC,ASO,ES,Combined TRACON& Tower with Radar,24,61,18,0,103,0,1,15,2,18,24,62,33,2,121,0,0,0,121
01/04/2014,GSP,SC,ASO,ES,Combined TRACON& Tower with Radar,20,49,19,0,88,0,0,7,0,7,20,49,26,0,95,0,0,0,95
01/05/2014,GSP,SC,ASO,ES,Combined TRACON& Tower with Radar,12,52,8,0,72,0,0,0,0,0,12,52,8,0,72,0,0,0,72
01/06/2014,GSP,SC,ASO,ES,Combined TRACON& Tower with Radar,29,53,14,4,100,0,1,1,1,3,29,54,15,5,103,0,0,0,103
01/07/2014,GSP,SC,ASO,ES,Combined TRACON& Tower with Radar,27,52,15,0,94,0,2,3,0,5,27,54,18,0,99,0,0,0,99
01/08/2014,GSP,SC,ASO,ES,Combined TRACON& Tower with Radar,41,60,11,2,114,0,0,9,0,9,41,60,20,2,123,0,0,0,123
01/09/2014,GSP,SC,ASO,ES,Combined TRACON& Tower with Radar,44,67,24,0,135,0,0,9,0,9,44,67,33,0,144,6,0,6,150
01/10/2014,GSP,SC,ASO,ES,Combined TRACON& Tower with Radar,38,62,12,0,112,0,0,0,0,0,38,62,12,0,112,0,0,0,112
01/11/2014,GSP,SC,ASO,ES,Combined TRACON& Tower with Radar,18,33,4,0,55,0,0,1,0,1,18,33,5,0,56,0,0,0,56
01/12/2014,GSP,SC,ASO,ES,Combined TRACON& Tower with Radar,24,54,10,0,88,0,2,7,0,9,24,56,17,0,97,0,0,0,97
01/13/2014,GSP,SC,ASO,ES,Combined TRACON& Tower with Radar,32,66,14,0,112,0,0,1,0,1,32,66,15,0,113,0,0,0,113
01/14/2014,GSP,SC,ASO,ES,Combined TRACON& Tower with Radar,32,65,21,1,119,0,0,3,1,4,32,65,24,2,123,0,5,5,128
01/15/2014,GSP,SC,ASO,ES,Combined TRACON& Tower with Radar,35,64,12,3,114,0,0,9,1,10,35,64,21,4,124,0,0,0,124
01/16/2014,GSP,SC,ASO,ES,Combined TRACON& Tower with Radar,36,70,20,0,126,0,0,8,2,10,36,70,28,2,136,0,6,6,142
01/17/2014,GSP,SC,ASO,ES,Combined TRACON& Tower with Radar,35,64,31,0,130,0,0,4,0,4,35,64,35,0,134,0,0,0,134
01/18/2014,GSP,SC,ASO,ES,Combined TRACON& Tower with Radar,19,30,5,0,54,0,0,5,0,5,19,30,10,0,59,0,0,0,59
01/19/2014,GSP,SC,ASO,ES,Combined TRACON& Tower with Radar,27,47,13,2,89,0,0,3,0,3,27,47,16,2,92,0,0,0,92
01/20/2014,GSP,SC,ASO,ES,Combined TRACON& Tower with Radar,31,70,11,0,112,0,0,9,2,11,31,70,20,2,123,0,0,0,123
01/21/2014,GSP,SC,ASO,ES,Combined TRACON& Tower with Radar,30,55,16,2,103,0,0,4,0,4,30,55,20,2,107,0,0,0,107
01/22/2014,GSP,SC,ASO,ES,Combined TRACON& Tower with Radar,33,64,21,2,120,0,0,10,0,10,33,64,31,2,130,0,0,0,130
01/23/2014,GSP,SC,ASO,ES,Combined TRACON& Tower with Radar,36,70,16,6,128,0,0,5,2,7,36,70,21,8,135,0,12,12,147
01/24/2014,GSP,SC,ASO,ES,Combined TRACON& Tower with Radar,35,63,16,2,116,0,0,6,0,6,35,63,22,2,122,6,0,6,128
01/25/2014,GSP,SC,ASO,ES,Combined TRACON& Tower with Radar,20,34,3,0,57,0,2,5,0,7,20,36,8,0,64,0,0,0,64
01/26/2014,GSP,SC,ASO,ES,Combined TRACON& Tower with Radar,24,54,5,0,83,0,0,3,0,3,24,54,8,0,86,0,0,0,86
01/27/2014,GSP,SC,ASO,ES,Combined TRACON& Tower with Radar,31,58,16,0,105,0,0,6,3,9,31,58,22,3,114,0,0,0,114
01/28/2014,GSP,SC,ASO,ES,Combined TRACON& Tower with Radar,20,54,17,0,91,0,0,3,0,3,20,54,20,0,94,0,0,0,94
01/29/2014,GSP,SC,ASO,ES,Combined TRACON& Tower with Radar,34,66,19,0,119,0,0,3,0,3,34,66,22,0,122,4,0,4,126
01/30/2014,GSP,SC,ASO,ES,Combined TRACON& Tower with Radar,35,71,22,2,130,0,0,5,6,11,35,71,27,8,141,0,0,0,141
01/31/2014,GSP,SC,ASO,ES,Combined TRACON& Tower with Radar,34,67,14,0,115,0,0,10,0,10,34,67,24,0,125,0,0,0,125
02/01/2014,GSP,SC,ASO,ES,Combined TRACON& Tower with Radar,15,34,4,0,53,0,0,2,0,2,15,34,6,0,55,0,0,0,55
02/02/2014,GSP,SC,ASO,ES,Combined TRACON& Tower with Radar,26,45,12,0,83,0,0,2,0,2,26,45,14,0,85,0,0,0,85
02/03/2014,GSP,SC,ASO,ES,Combined TRACON& Tower with Radar,33,57,15,2,107,0,0,8,0,8,33,57,23,2,115,4,0,4,119
02/04/2014,GSP,SC,ASO,ES,Combined TRACON& Tower with Radar,29,69,27,0,125,0,0,0,0,0,29,69,27,0,125,0,0,0,125
02/05/2014,GSP,SC,ASO,ES,Combined TRACON& Tower with Radar,36,56,18,0,110,0,0,4,0,4,36,56,22,0,114,0,0,0,114
02/06/2014,GSP,SC,ASO,ES,Combined TRACON& Tower with Radar,38,61,22,0,121,0,2,7,2,11,38,63,29,2,132,0,0,0,132
02/07/2014,GSP,SC,ASO,ES,Combined TRACON& Tower with Radar,34,73,25,0,132,0,2,12,0,14,34,75,37,0,146,0,0,0,146
02/08/2014,GSP,SC,ASO,ES,Combined TRACON& Tower with Radar,19,32,9,8,68,0,0,6,0,6,19,32,15,8,74,0,6,6,80
02/09/2014,GSP,SC,ASO,ES,Combined TRACON& Tower with Radar,25,50,8,0,83,0,2,4,0,6,25,52,12,0,89,0,0,0,89
02/10/2014,GSP,SC,ASO,ES,Combined TRACON& Tower with Radar,34,64,26,0,124,0,0,1,2,3,34,64,27,2,127,0,0,0,127
02/11/2014,GSP,SC,ASO,ES,Combined TRACON& Tower with Radar,30,61,11,0,102,0,0,0,0,0,30,61,11,0,102,0,0,0,102
02/12/2014,GSP,SC,ASO,ES,Combined TRACON& Tower with Radar,8,9,2,0,19,0,0,0,0,0,8,9,2,0,19,0,0,0,19
02/13/2014,GSP,SC,ASO,ES,Combined TRACON& Tower with Radar,21,31,20,0,72,0,0,6,0,6,21,31,26,0,78,0,0,0,78
02/14/2014,GSP,SC,ASO,ES,Combined TRACON& Tower with Radar,34,58,15,0,107,0,1,12,0,13,34,59,27,0,120,2,0,2,122
02/15/2014,GSP,SC,ASO,ES,Combined TRACON& Tower with Radar,18,39,11,0,68,0,0,6,1,7,18,39,17,1,75,0,0,0,75
02/16/2014,GSP,SC,ASO,ES,Combined TRACON& Tower with Radar,24,58,7,0,89,0,1,11,0,12,24,59,18,0,101,0,0,0,101
02/17/2014,GSP,SC,ASO,ES,Combined TRACON& Tower with Radar,33,65,14,0,112,0,1,6,4,11,33,66,20,4,123,0,0,0,123
02/18/2014,GSP,SC,ASO,ES,Combined TRACON& Tower with Radar,34,62,22,0,118,0,0,17,0,17,34,62,39,0,135,8,0,8,143
02/19/2014,GSP,SC,ASO,ES,Combined TRACON& Tower with Radar,33,72,17,0,122,0,0,6,0,6,33,72,23,0,128,0,0,0,128
02/20/2014,GSP,SC,ASO,ES,Combined TRACON& Tower with Radar,30,67,20,0,117,0,0,2,2,4,30,67,22,2,121,0,0,0,121
02/21/2014,GSP,SC,ASO,ES,Combined TRACON& Tower with Radar,35,63,10,0,108,0,0,4,0,4,35,63,14,0,112,0,0,0,112
02/22/2014,GSP,SC,ASO,ES,Combined TRACON& Tower with Radar,22,31,11,0,64,0,1,11,0,12,22,32,22,0,76,0,0,0,76
02/23/2014,GSP,SC,ASO,ES,Combined TRACON& Tower with Radar,24,54,13,1,92,0,0,7,0,7,24,54,20,1,99,0,0,0,99
02/24/2014,GSP,SC,ASO,ES,Combined TRACON& Tower with Radar,31,69,15,0,115,0,0,12,1,13,31,69,27,1,128,6,0,6,134
02/25/2014,GSP,SC,ASO,ES,Combined TRACON& Tower with Radar,31,66,19,6,122,0,0,8,1,9,31,66,27,7,131,0,0,0,131
02/26/2014,GSP,SC,ASO,ES,Combined TRACON& Tower with Radar,37,73,26,4,140,0,0,2,0,2,37,73,28,4,142,0,0,0,142
02/27/2014,GSP,SC,ASO,ES,Combined TRACON& Tower with Radar,36,70,15,0,121,0,3,14,0,17,36,73,29,0,138,0,0,0,138
02/28/2014,GSP,SC,ASO,ES,Combined TRACON& Tower with Radar,36,65,19,4,124,0,0,8,2,10,36,65,27,6,134,0,8,8,142
03/01/2014,GSP,SC,ASO,ES,Combined TRACON& Tower with Radar,24,32,9,0,65,0,0,0,0,0,24,32,9,0,65,0,0,0,65
03/02/2014,GSP,SC,ASO,ES,Combined TRACON& Tower with Radar,26,51,5,0,82,0,0,5,0,5,26,51,10,0,87,0,0,0,87
03/03/2014,GSP,SC,ASO,ES,Combined TRACON& Tower with Radar,34,47,17,0,98,0,0,0,0,0,34,47,17,0,98,0,0,0,98
03/04/2014,GSP,SC,ASO,ES,Combined TRACON& Tower with Radar,36,71,24,0,131,0,1,1,0,2,36,72,25,0,133,12,0,12,145
03/05/2014,GSP,SC,ASO,ES,Combined TRACON& Tower with Radar,33,75,25,0,133,0,1,5,0,6,33,76,30,0,139,0,0,0,139
03/06/2014,GSP,SC,ASO,ES,Combined TRACON& Tower with Radar,33,65,24,0,122,0,0,1,0,1,33,65,25,0,123,0,0,0,123
03/07/2014,GSP,SC,ASO,ES,Combined TRACON& Tower with Radar,31,67,7,0,105,0,2,1,0,3,31,69,8,0,108,0,0,0,108
03/08/2014,GSP,SC,ASO,ES,Combined TRACON& Tower with Radar,19,47,7,0,73,0,1,10,0,11,19,48,17,0,84,0,0,0,84
03/09/2014,GSP,SC,ASO,ES,Combined TRACON& Tower with Radar,24,62,10,0,96,0,0,3,0,3,24,62,13,0,99,0,0,0,99
03/10/2014,GSP,SC,ASO,ES,Combined TRACON& Tower with Radar,36,72,32,0,140,0,2,11,2,15,36,74,43,2,155,0,0,0,155
03/11/2014,GSP,SC,ASO,ES,Combined TRACON& Tower with Radar,35,59,16,0,110,0,0,10,2,12,35,59,26,2,122,0,0,0,122
03/12/2014,GSP,SC,ASO,ES,Combined TRACON& Tower with Radar,37,64,12,4,117,0,0,11,0,11,37,64,23,4,128,0,28,28,156
03/13/2014,GSP,SC,ASO,ES,Combined TRACON& Tower with Radar,35,71,21,13,140,0,3,14,1,18,35,74,35,14,158,0,0,0,158
03/14/2014,GSP,SC,ASO,ES,Combined TRACON& Tower with Radar,33,79,22,3,137,0,0,12,0,12,33,79,34,3,149,8,0,8,157
03/15/2014,GSP,SC,ASO,ES,Combined TRACON& Tower with Radar,18,45,15,0,78,0,0,10,0,10,18,45,25,0,88,0,0,0,88
03/16/2014,GSP,SC,ASO,ES,Combined TRACON& Tower with Radar,28,60,16,0,104,0,0,0,0,0,28,60,16,0,104,0,0,0,104
03/17/2014,GSP,SC,ASO,ES,Combined TRACON& Tower with Radar,30,65,19,3,117,0,0,0,0,0,30,65,19,3,117,0,0,0,117
03/18/2014,GSP,SC,ASO,ES,Combined TRACON& Tower with Radar,38,64,24,7,133,0,0,1,3,4,38,64,25,10,137,4,14,18,155
03/19/2014,GSP,SC,ASO,ES,Combined TRACON& Tower with Radar,32,66,20,0,118,0,2,2,0,4,32,68,22,0,122,0,0,0,122
03/20/2014,GSP,SC,ASO,ES,Combined TRACON& Tower with Radar,40,65,15,20,140,0,0,13,2,15,40,65,28,22,155,0,6,6,161
03/21/2014,GSP,SC,ASO,ES,Combined TRACON& Tower with Radar,35,66,20,0,121,0,2,14,0,16,35,68,34,0,137,0,0,0,137
03/22/2014,GSP,SC,ASO,ES,Combined TRACON& Tower with Radar,20,45,13,2,80,0,1,14,0,15,20,46,27,2,95,0,0,0,95
03/23/2014,GSP,SC,ASO,ES,Combined TRACON& Tower with Radar,29,50,12,0,91,0,0,0,2,2,29,50,12,2,93,0,0,0,93
03/24/2014,GSP,SC,ASO,ES,Combined TRACON& Tower with Radar,31,75,30,3,139,0,3,16,0,19,31,78,46,3,158,0,0,0,158
03/25/2014,GSP,SC,ASO,ES,Combined TRACON& Tower with Radar,36,69,19,1,125,0,1,2,1,4,36,70,21,2,129,0,0,0,129
03/26/2014,GSP,SC,ASO,ES,Combined TRACON& Tower with Radar,34,68,20,8,130,0,0,5,2,7,34,68,25,10,137,2,14,16,153
03/27/2014,GSP,SC,ASO,ES,Combined TRACON& Tower with Radar,41,71,19,4,135,0,4,4,0,8,41,75,23,4,143,0,0,0,143
03/28/2014,GSP,SC,ASO,ES,Combined TRACON& Tower with Radar,37,79,14,0,130,0,0,1,0,1,37,79,15,0,131,0,0,0,131
03/29/2014,GSP,SC,ASO,ES,Combined TRACON& Tower with Radar,21,47,2,0,70,0,0,0,0,0,21,47,2,0,70,0,0,0,70
03/30/2014,GSP,SC,ASO,ES,Combined TRACON& Tower with Radar,33,58,7,2,100,0,0,2,0,2,33,58,9,2,102,0,0,0,102
03/31/2014,GSP,SC,ASO,ES,Combined TRACON& Tower with Radar,37,60,35,0,132,0,1,26,0,27,37,61,61,0,159,0,0,0,159
04/01/2014,GSP,SC,ASO,ES,Combined TRACON& Tower with Radar,33,67,22,0,122,0,4,22,0,26,33,71,44,0,148,0,0,0,148
04/02/2014,GSP,SC,ASO,ES,Combined TRACON& Tower with Radar,35,76,39,2,152,0,1,10,4,15,35,77,49,6,167,0,0,0,167
04/03/2014,GSP,SC,ASO,ES,Combined TRACON& Tower with Radar,35,69,22,6,132,0,0,8,0,8,35,69,30,6,140,0,0,0,140
04/04/2014,GSP,SC,ASO,ES,Combined TRACON& Tower with Radar,32,74,21,0,127,0,0,5,2,7,32,74,26,2,134,0,0,0,134
04/05/2014,GSP,SC,ASO,ES,Combined TRACON& Tower with Radar,19,43,10,0,72,0,0,6,2,8,19,43,16,2,80,0,0,0,80
04/06/2014,GSP,SC,ASO,ES,Combined TRACON& Tower with Radar,30,62,16,2,110,0,2,2,0,4,30,64,18,2,114,0,0,0,114
04/07/2014,GSP,SC,ASO,ES,Combined TRACON& Tower with Radar,36,69,15,0,120,0,0,0,0,0,36,69,15,0,120,0,0,0,120
04/08/2014,GSP,SC,ASO,ES,Combined TRACON& Tower with Radar,34,59,24,6,123,0,0,11,0,11,34,59,35,6,134,0,10,10,144
04/09/2014,GSP,SC,ASO,ES,Combined TRACON& Tower with Radar,33,72,12,10,127,0,0,11,2,13,33,72,23,12,140,0,30,30,170
04/10/2014,GSP,SC,ASO,ES,Combined TRACON& Tower with Radar,35,68,19,0,122,0,0,5,0,5,35,68,24,0,127,4,0,4,131
04/11/2014,GSP,SC,ASO,ES,Combined TRACON& Tower with Radar,42,72,24,4,142,0,1,9,4,14,42,73,33,8,156,0,0,0,156
04/12/2014,GSP,SC,ASO,ES,Combined TRACON& Tower with Radar,26,48,6,0,80,0,0,6,0,6,26,48,12,0,86,0,0,0,86
04/13/2014,GSP,SC,ASO,ES,Combined TRACON& Tower with Radar,28,65,7,0,100,0,2,3,0,5,28,67,10,0,105,0,0,0,105
04/14/2014,GSP,SC,ASO,ES,Combined TRACON& Tower with Radar,30,71,13,0,114,0,2,0,0,2,30,73,13,0,116,0,0,0,116
04/15/2014,GSP,SC,ASO,ES,Combined TRACON& Tower with Radar,45,65,17,22,149,0,2,0,0,2,45,67,17,22,151,0,10,10,161
04/16/2014,GSP,SC,ASO,ES,Combined TRACON& Tower with Radar,33,68,24,11,136,0,3,5,0,8,33,71,29,11,144,0,0,0,144
04/17/2014,GSP,SC,ASO,ES,Combined TRACON& Tower with Radar,35,68,16,0,119,0,0,10,0,10,35,68,26,0,129,14,0,14,143
04/18/2014,GSP,SC,ASO,ES,Combined TRACON& Tower with Radar,34,69,16,0,119,0,0,2,0,2,34,69,18,0,121,0,0,0,121
04/19/2014,GSP,SC,ASO,ES,Combined TRACON& Tower with Radar,15,43,3,0,61,0,0,0,0,0,15,43,3,0,61,0,0,0,61
04/20/2014,GSP,SC,ASO,ES,Combined TRACON& Tower with Radar,23,63,8,0,94,0,0,3,0,3,23,63,11,0,97,0,0,0,97
04/21/2014,GSP,SC,ASO,ES,Combined TRACON& Tower with Radar,30,68,24,0,122,0,0,11,0,11,30,68,35,0,133,1,0,1,134
04/22/2014,GSP,SC,ASO,ES,Combined TRACON& Tower with Radar,36,69,12,0,117,0,0,4,0,4,36,69,16,0,121,0,0,0,121
04/23/2014,GSP,SC,ASO,ES,Combined TRACON& Tower with Radar,34,68,16,0,118,0,0,7,2,9,34,68,23,2,127,8,0,8,135
04/24/2014,GSP,SC,ASO,ES,Combined TRACON& Tower with Radar,35,73,34,0,142,0,0,25,0,25,35,73,59,0,167,0,0,0,167
04/25/2014,GSP,SC,ASO,ES,Combined TRACON& Tower with Radar,33,70,35,8,146,0,0,6,0,6,33,70,41,8,152,0,0,0,152
04/26/2014,GSP,SC,ASO,ES,Combined TRACON& Tower with Radar,17,42,8,0,67,0,2,3,1,6,17,44,11,1,73,0,0,0,73
04/27/2014,GSP,SC,ASO,ES,Combined TRACON& Tower with Radar,27,57,12,0,96,0,0,6,1,7,27,57,18,1,103,0,0,0,103
04/28/2014,GSP,SC,ASO,ES,Combined TRACON& Tower with Radar,34,71,27,0,132,0,0,6,0,6,34,71,33,0,138,10,0,10,148
04/29/2014,GSP,SC,ASO,ES,Combined TRACON& Tower with Radar,33,69,17,0,119,0,0,0,0,0,33,69,17,0,119,0,0,0,119
04/30/2014,GSP,SC,ASO,ES,Combined TRACON& Tower with Radar,34,67,18,0,119,0,1,2,0,3,34,68,20,0,122,0,0,0,122
05/01/2014,GSP,SC,ASO,ES,Combined TRACON& Tower with Radar,35,68,26,2,131,0,0,3,0,3,35,68,29,2,134,0,0,0,134
05/02/2014,GSP,SC,ASO,ES,Combined TRACON& Tower with Radar,34,70,20,0,124,0,1,15,4,20,34,71,35,4,144,0,0,0,144
05/03/2014,GSP,SC,ASO,ES,Combined TRACON& Tower with Radar,20,42,1,0,63,0,1,3,0,4,20,43,4,0,67,0,0,0,67
05/04/2014,GSP,SC,ASO,ES,Combined TRACON& Tower with Radar,26,61,3,8,98,0,0,7,0,7,26,61,10,8,105,0,0,0,105
05/05/2014,GSP,SC,ASO,ES,Combined TRACON& Tower with Radar,37,74,16,0,127,0,0,9,0,9,37,74,25,0,136,0,0,0,136
05/06/2014,GSP,SC,ASO,ES,Combined TRACON& Tower with Radar,32,70,12,0,114,0,0,11,0,11,32,70,23,0,125,0,0,0,125
05/07/2014,GSP,SC,ASO,ES,Combined TRACON& Tower with Radar,36,70,19,0,125,0,1,15,0,16,36,71,34,0,141,6,0,6,147
05/08/2014,GSP,SC,ASO,ES,Combined TRACON& Tower with Radar,32,71,22,2,127,0,2,9,0,11,32,73,31,2,138,0,0,0,138
05/09/2014,GSP,SC,ASO,ES,Combined TRACON& Tower with Radar,34,67,20,6,127,0,0,6,0,6,34,67,26,6,133,0,0,0,133
05/10/2014,GSP,SC,ASO,ES,Combined TRACON& Tower with Radar,20,46,6,0,72,0,0,5,0,5,20,46,11,0,77,0,0,0,77
05/11/2014,GSP,SC,ASO,ES,Combined TRACON& Tower with Radar,22,58,14,0,94,0,0,15,0,15,22,58,29,0,109,8,0,8,117
05/12/2014,GSP,SC,ASO,ES,Combined TRACON& Tower with Radar,33,69,27,0,129,0,0,8,0,8,33,69,35,0,137,2,0,2,139
05/13/2014,GSP,SC,ASO,ES,Combined TRACON& Tower with Radar,29,68,35,10,142,0,0,9,0,9,29,68,44,10,151,0,8,8,159
05/14/2014,GSP,SC,ASO,ES,Combined TRACON& Tower with Radar,34,75,29,8,146,0,0,8,4,12,34,75,37,12,158,0,0,0,158
05/15/2014,GSP,SC,ASO,ES,Combined TRACON& Tower with Radar,35,71,26,10,142,0,0,0,0,0,35,71,26,10,142,0,0,0,142
05/16/2014,GSP,SC,ASO,ES,Combined TRACON& Tower with Radar,35,78,14,3,130,0,2,12,3,17,35,80,26,6,147,0,0,0,147
05/17/2014,GSP,SC,ASO,ES,Combined TRACON& Tower with Radar,18,46,6,4,74,0,0,4,0,4,18,46,10,4,78,0,0,0,78
05/18/2014,GSP,SC,ASO,ES,Combined TRACON& Tower with Radar,22,58,14,0,94,0,0,15,0,15,22,58,29,0,109,0,0,0,109
05/19/2014,GSP,SC,ASO,ES,Combined TRACON& Tower with Radar,37,80,26,0,143,0,0,6,4,10,37,80,32,4,153,0,0,0,153
05/20/2014,GSP,SC,ASO,ES,Combined TRACON& Tower with Radar,31,68,19,2,120,0,0,15,0,15,31,68,34,2,135,12,0,12,147
05/21/2014,GSP,SC,ASO,ES,Combined TRACON& Tower with Radar,33,66,20,0,119,0,0,7,0,7,33,66,27,0,126,0,0,0,126
05/22/2014,GSP,SC,ASO,ES,Combined TRACON& Tower with Radar,36,70,27,0,133,0,0,9,2,11,36,70,36,2,144,1,0,1,145
05/23/2014,GSP,SC,ASO,ES,Combined TRACON& Tower with Radar,32,81,27,0,140,0,1,9,0,10,32,82,36,0,150,0,0,0,150
05/24/2014,GSP,SC,ASO,ES,Combined TRACON& Tower with Radar,18,38,6,0,62,0,0,6,2,8,18,38,12,2,70,0,0,0,70
05/25/2014,GSP,SC,ASO,ES,Combined TRACON& Tower with Radar,20,44,2,2,68,0,0,5,0,5,20,44,7,2,73,0,0,0,73
05/26/2014,GSP,SC,ASO,ES,Combined TRACON& Tower with Radar,27,66,10,0,103,0,0,9,0,9,27,66,19,0,112,2,0,2,114
05/27/2014,GSP,SC,ASO,ES,Combined TRACON& Tower with Radar,31,69,29,2,131,0,3,8,0,11,31,72,37,2,142,0,0,0,142
05/28/2014,GSP,SC,ASO,ES,Combined TRACON& Tower with Radar,38,64,22,2,126,0,1,4,1,6,38,65,26,3,132,0,0,0,132
05/29/2014,GSP,SC,ASO,ES,Combined TRACON& Tower with Radar,46,82,25,2,155,0,0,7,0,7,46,82,32,2,162,0,0,0,162
05/30/2014,GSP,SC,ASO,ES,Combined TRACON& Tower with Radar,37,74,15,4,130,0,0,1,0,1,37,74,16,4,131,0,0,0,131
05/31/2014,GSP,SC,ASO,ES,Combined TRACON& Tower with Radar,17,46,15,2,80,0,0,3,0,3,17,46,18,2,83,0,0,0,83
06/01/2014,GSP,SC,ASO,ES,Combined TRACON& Tower with Radar,25,65,19,0,109,0,0,8,3,11,25,65,27,3,120,0,0,0,120
06/02/2014,GSP,SC,ASO,ES,Combined TRACON& Tower with Radar,36,70,17,0,123,0,2,9,0,11,36,72,26,0,134,0,0,0,134
06/03/2014,GSP,SC,ASO,ES,Combined TRACON& Tower with Radar,33,66,24,0,123,0,2,13,2,17,33,68,37,2,140,0,0,0,140
06/04/2014,GSP,SC,ASO,ES,Combined TRACON& Tower with Radar,34,68,25,2,129,0,0,14,6,20,34,68,39,8,149,0,0,0,149
06/05/2014,GSP,SC,ASO,ES,Combined TRACON& Tower with Radar,42,68,19,0,129,0,0,5,4,9,42,68,24,4,138,0,0,0,138
06/06/2014,GSP,SC,ASO,ES,Combined TRACON& Tower with Radar,35,73,14,8,130,0,0,7,0,7,35,73,21,8,137,0,0,0,137
06/07/2014,GSP,SC,ASO,ES,Combined TRACON& Tower with Radar,16,59,6,0,81,0,0,1,2,3,16,59,7,2,84,0,0,0,84
06/08/2014,GSP,SC,ASO,ES,Combined TRACON& Tower with Radar,21,72,10,0,103,0,0,3,2,5,21,72,13,2,108,0,0,0,108
06/09/2014,GSP,SC,ASO,ES,Combined TRACON& Tower with Radar,35,68,16,0,119,0,1,5,0,6,35,69,21,0,125,0,0,0,125
06/10/2014,GSP,SC,ASO,ES,Combined TRACON& Tower with Radar,47,66,22,0,135,0,1,4,0,5,47,67,26,0,140,0,0,0,140
06/11/2014,GSP,SC,ASO,ES,Combined TRACON& Tower with Radar,36,59,25,0,120,0,0,3,0,3,36,59,28,0,123,0,0,0,123
06/12/2014,GSP,SC,ASO,ES,Combined TRACON& Tower with Radar,31,72,19,0,122,0,0,2,1,3,31,72,21,1,125,0,0,0,125
06/13/2014,GSP,SC,ASO,ES,Combined TRACON& Tower with Radar,36,57,19,2,114,0,0,8,2,10,36,57,27,4,124,0,0,0,124
06/14/2014,GSP,SC,ASO,ES,Combined TRACON& Tower with Radar,22,54,9,0,85,0,0,1,0,1,22,54,10,0,86,0,0,0,86
06/15/2014,GSP,SC,ASO,ES,Combined TRACON& Tower with Radar,22,57,9,0,88,0,0,9,0,9,22,57,18,0,97,0,0,0,97
06/16/2014,GSP,SC,ASO,ES,Combined TRACON& Tower with Radar,37,68,15,0,120,0,0,12,0,12,37,68,27,0,132,12,0,12,144
06/17/2014,GSP,SC,ASO,ES,Combined TRACON& Tower with Radar,37,70,20,0,127,0,0,2,0,2,37,70,22,0,129,0,0,0,129
06/18/2014,GSP,SC,ASO,ES,Combined TRACON& Tower with Radar,32,68,16,4,120,0,1,4,0,5,32,69,20,4,125,0,0,0,125
06/19/2014,GSP,SC,ASO,ES,Combined TRACON& Tower with Radar,31,75,20,3,129,0,1,7,1,9,31,76,27,4,138,0,6,6,144
06/20/2014,GSP,SC,ASO,ES,Combined TRACON& Tower with Radar,38,67,21,3,129,0,0,11,3,14,38,67,32,6,143,0,0,0,143
06/21/2014,GSP,SC,ASO,ES,Combined TRACON& Tower with Radar,20,57,4,0,81,0,1,3,0,4,20,58,7,0,85,0,0,0,85
06/22/2014,GSP,SC,ASO,ES,Combined TRACON& Tower with Radar,22,64,17,0,103,0,0,4,2,6,22,64,21,2,109,14,0,14,123
06/23/2014,GSP,SC,ASO,ES,Combined TRACON& Tower with Radar,39,75,19,0,133,0,1,3,0,4,39,76,22,0,137,0,0,0,137
06/24/2014,GSP,SC,ASO,ES,Combined TRACON& Tower with Radar,34,71,23,1,129,0,1,2,3,6,34,72,25,4,135,0,0,0,135
06/25/2014,GSP,SC,ASO,ES,Combined TRACON& Tower with Radar,37,73,18,2,130,0,1,4,0,5,37,74,22,2,135,0,0,0,135
06/26/2014,GSP,SC,ASO,ES,Combined TRACON& Tower with Radar,30,74,33,2,139,0,1,15,1,17,30,75,48,3,156,0,0,0,156
06/27/2014,GSP,SC,ASO,ES,Combined TRACON& Tower with Radar,41,65,32,0,138,0,0,10,2,12,41,65,42,2,150,0,0,0,150
06/28/2014,GSP,SC,ASO,ES,Combined TRACON& Tower with Radar,22,54,7,0,83,0,0,6,0,6,22,54,13,0,89,0,0,0,89
06/29/2014,GSP,SC,ASO,ES,Combined TRACON& Tower with Radar,20,55,9,0,84,0,0,0,0,0,20,55,9,0,84,0,0,0,84
06/30/2014,GSP,SC,ASO,ES,Combined TRACON& Tower with Radar,34,61,19,0,114,0,0,2,2,4,34,61,21,2,118,0,0,0,118
07/01/2014,GSP,SC,ASO,ES,Combined TRACON& Tower with Radar,28,61,16,0,105,0,2,10,0,12,28,63,26,0,117,0,0,0,117
07/02/2014,GSP,SC,ASO,ES,Combined TRACON& Tower with Radar,34,64,20,2,120,0,1,8,0,9,34,65,28,2,129,0,0,0,129
07/03/2014,GSP,SC,ASO,ES,Combined TRACON& Tower with Radar,30,60,17,0,107,0,0,3,0,3,30,60,20,0,110,0,0,0,110
07/04/2014,GSP,SC,ASO,ES,Combined TRACON& Tower with Radar,24,41,4,0,69,0,2,3,0,5,24,43,7,0,74,0,0,0,74
07/05/2014,GSP,SC,ASO,ES,Combined TRACON& Tower with Radar,22,41,3,4,70,0,0,5,0,5,22,41,8,4,75,0,12,12,87
07/06/2014,GSP,SC,ASO,ES,Combined TRACON& Tower with Radar,23,64,8,0,95,0,2,8,0,10,23,66,16,0,105,0,0,0,105
07/07/2014,GSP,SC,ASO,ES,Combined TRACON& Tower with Radar,36,69,13,0,118,0,0,8,0,8,36,69,21,0,126,0,0,0,126
07/08/2014,GSP,SC,ASO,ES,Combined TRACON& Tower with Radar,33,66,17,7,123,0,0,6,1,7,33,66,23,8,130,0,0,0,130
07/09/2014,GSP,SC,ASO,ES,Combined TRACON& Tower with Radar,39,67,24,0,130,0,2,3,0,5,39,69,27,0,135,0,0,0,135
07/10/2014,GSP,SC,ASO,ES,Combined TRACON& Tower with Radar,34,67,15,1,117,0,1,2,0,3,34,68,17,1,120,0,0,0,120
07/11/2014,GSP,SC,ASO,ES,Combined TRACON& Tower with Radar,36,62,17,6,121,0,0,2,2,4,36,62,19,8,125,0,0,0,125
07/12/2014,GSP,SC,ASO,ES,Combined TRACON& Tower with Radar,26,49,3,0,78,0,2,9,0,11,26,51,12,0,89,0,0,0,89
07/13/2014,GSP,SC,ASO,ES,Combined TRACON& Tower with Radar,26,56,5,8,95,0,2,7,0,9,26,58,12,8,104,0,0,0,104
07/14/2014,GSP,SC,ASO,ES,Combined TRACON& Tower with Radar,36,58,18,0,112,0,0,7,2,9,36,58,25,2,121,0,0,0,121
07/15/2014,GSP,SC,ASO,ES,Combined TRACON& Tower with Radar,38,63,18,0,119,0,2,5,0,7,38,65,23,0,126,0,0,0,126
07/16/2014,GSP,SC,ASO,ES,Combined TRACON& Tower with Radar,35,72,22,0,129,0,2,9,0,11,35,74,31,0,140,0,0,0,140
07/17/2014,GSP,SC,ASO,ES,Combined TRACON& Tower with Radar,35,65,28,0,128,0,0,10,0,10,35,65,38,0,138,0,0,0,138
07/18/2014,GSP,SC,ASO,ES,Combined TRACON& Tower with Radar,33,75,26,2,136,0,0,1,0,1,33,75,27,2,137,0,0,0,137
07/19/2014,GSP,SC,ASO,ES,Combined TRACON& Tower with Radar,19,54,16,0,89,0,0,0,0,0,19,54,16,0,89,0,0,0,89
07/20/2014,GSP,SC,ASO,ES,Combined TRACON& Tower with Radar,21,63,9,0,93,0,0,2,0,2,21,63,11,0,95,0,0,0,95
07/21/2014,GSP,SC,ASO,ES,Combined TRACON& Tower with Radar,33,76,12,0,121,0,0,2,0,2,33,76,14,0,123,0,0,0,123
07/22/2014,GSP,SC,ASO,ES,Combined TRACON& Tower with Radar,35,72,13,5,125,0,0,4,1,5,35,72,17,6,130,0,12,12,142
07/23/2014,GSP,SC,ASO,ES,Combined TRACON& Tower with Radar,33,66,33,0,132,0,2,3,4,9,33,68,36,4,141,0,0,0,141
07/24/2014,GSP,SC,ASO,ES,Combined TRACON& Tower with Radar,41,74,22,2,139,0,1,7,0,8,41,75,29,2,147,0,0,0,147
07/25/2014,GSP,SC,ASO,ES,Combined TRACON& Tower with Radar,36,61,26,2,125,0,2,9,0,11,36,63,35,2,136,0,0,0,136
07/26/2014,GSP,SC,ASO,ES,Combined TRACON& Tower with Radar,23,50,13,0,86,0,0,7,0,7,23,50,20,0,93,0,0,0,93
07/27/2014,GSP,SC,ASO,ES,Combined TRACON& Tower with Radar,24,57,4,0,85,0,0,5,3,8,24,57,9,3,93,0,0,0,93
07/28/2014,GSP,SC,ASO,ES,Combined TRACON& Tower with Radar,39,66,13,0,118,0,1,2,0,3,39,67,15,0,121,0,0,0,121
07/29/2014,GSP,SC,ASO,ES,Combined TRACON& Tower with Radar,29,72,18,7,126,0,0,7,9,16,29,72,25,16,142,0,14,14,156
07/30/2014,GSP,SC,ASO,ES,Combined TRACON& Tower with Radar,28,77,29,0,134,0,4,12,0,16,28,81,41,0,150,0,0,0,150
07/31/2014,GSP,SC,ASO,ES,Combined TRACON& Tower with Radar,36,71,16,0,123,0,0,1,0,1,36,71,17,0,124,0,0,0,124
08/01/2014,GSP,SC,ASO,ES,Combined TRACON& Tower with Radar,33,62,28,2,125,0,0,1,4,5,33,62,29,6,130,0,0,0,130
08/02/2014,GSP,SC,ASO,ES,Combined TRACON& Tower with Radar,17,54,10,0,81,0,0,3,2,5,17,54,13,2,86,0,0,0,86
08/03/2014,GSP,SC,ASO,ES,Combined TRACON& Tower with Radar,25,56,14,0,95,0,1,5,0,6,25,57,19,0,101,0,0,0,101
08/04/2014,GSP,SC,ASO,ES,Combined TRACON& Tower with Radar,35,73,23,2,133,0,2,6,4,12,35,75,29,6,145,0,0,0,145
08/05/2014,GSP,SC,ASO,ES,Combined TRACON& Tower with Radar,33,69,26,0,128,0,2,8,0,10,33,71,34,0,138,0,0,0,138
08/06/2014,GSP,SC,ASO,ES,Combined TRACON& Tower with Radar,33,67,20,14,134,0,11,10,7,28,33,78,30,21,162,0,0,0,162
08/07/2014,GSP,SC,ASO,ES,Combined TRACON& Tower with Radar,36,69,15,0,120,0,4,6,0,10,36,73,21,0,130,0,0,0,130
08/08/2014,GSP,SC,ASO,ES,Combined TRACON& Tower with Radar,42,63,14,2,121,0,0,1,0,1,42,63,15,2,122,0,0,0,122
08/09/2014,GSP,SC,ASO,ES,Combined TRACON& Tower with Radar,22,47,9,0,78,0,0,3,0,3,22,47,12,0,81,0,0,0,81
08/10/2014,GSP,SC,ASO,ES,Combined TRACON& Tower with Radar,27,58,11,7,103,0,0,0,0,0,27,58,11,7,103,0,0,0,103
08/11/2014,GSP,SC,ASO,ES,Combined TRACON& Tower with Radar,37,76,26,0,139,0,2,4,2,8,37,78,30,2,147,0,0,0,147
08/12/2014,GSP,SC,ASO,ES,Combined TRACON& Tower with Radar,33,63,21,2,119,0,0,4,0,4,33,63,25,2,123,0,0,0,123
08/13/2014,GSP,SC,ASO,ES,Combined TRACON& Tower with Radar,33,68,15,0,116,0,0,12,1,13,33,68,27,1,129,0,0,0,129
08/14/2014,GSP,SC,ASO,ES,Combined TRACON& Tower with Radar,36,78,17,8,139,0,0,10,0,10,36,78,27,8,149,0,22,22,171
08/15/2014,GSP,SC,ASO,ES,Combined TRACON& Tower with Radar,34,75,21,0,130,0,1,21,0,22,34,76,42,0,152,0,0,0,152
08/16/2014,GSP,SC,ASO,ES,Combined TRACON& Tower with Radar,19,53,13,0,85,0,0,19,0,19,19,53,32,0,104,10,0,10,114
08/17/2014,GSP,SC,ASO,ES,Combined TRACON& Tower with Radar,26,57,12,0,95,0,0,7,0,7,26,57,19,0,102,0,0,0,102
08/18/2014,GSP,SC,ASO,ES,Combined TRACON& Tower with Radar,37,66,15,0,118,0,2,4,0,6,37,68,19,0,124,0,0,0,124
08/19/2014,GSP,SC,ASO,ES,Combined TRACON& Tower with Radar,33,57,16,0,106,0,0,5,0,5,33,57,21,0,111,0,0,0,111
08/20/2014,GSP,SC,ASO,ES,Combined TRACON& Tower with Radar,42,60,17,2,121,0,0,15,4,19,42,60,32,6,140,4,0,4,144
08/21/2014,GSP,SC,ASO,ES,Combined TRACON& Tower with Radar,44,61,21,2,128,0,1,6,0,7,44,62,27,2,135,0,0,0,135
08/22/2014,GSP,SC,ASO,ES,Combined TRACON& Tower with Radar,34,59,18,5,116,0,2,7,3,12,34,61,25,8,128,0,0,0,128
08/23/2014,GSP,SC,ASO,ES,Combined TRACON& Tower with Radar,20,43,3,7,73,0,1,4,0,5,20,44,7,7,78,0,0,0,78
08/24/2014,GSP,SC,ASO,ES,Combined TRACON& Tower with Radar,22,54,15,0,91,0,0,1,0,1,22,54,16,0,92,0,0,0,92
08/25/2014,GSP,SC,ASO,ES,Combined TRACON& Tower with Radar,32,65,21,0,118,0,4,10,2,16,32,69,31,2,134,6,0,6,140
08/26/2014,GSP,SC,ASO,ES,Combined TRACON& Tower with Radar,34,61,20,2,117,0,4,2,0,6,34,65,22,2,123,0,0,0,123
08/27/2014,GSP,SC,ASO,ES,Combined TRACON& Tower with Radar,38,66,28,11,143,0,0,12,3,15,38,66,40,14,158,0,0,0,158
08/28/2014,GSP,SC,ASO,ES,Combined TRACON& Tower with Radar,43,73,15,0,131,0,3,11,0,14,43,76,26,0,145,0,0,0,145
08/29/2014,GSP,SC,ASO,ES,Combined TRACON& Tower with Radar,49,76,23,0,148,0,3,13,0,16,49,79,36,0,164,0,0,0,164
08/30/2014,GSP,SC,ASO,ES,Combined TRACON& Tower with Radar,21,44,10,0,75,0,0,6,0,6,21,44,16,0,81,0,0,0,81
08/31/2014,GSP,SC,ASO,ES,Combined TRACON& Tower with Radar,19,44,6,0,69,0,0,5,0,5,19,44,11,0,74,0,0,0,74
09/01/2014,GSP,SC,ASO,ES,Combined TRACON& Tower with Radar,32,62,19,0,113,0,0,9,0,9,32,62,28,0,122,0,0,0,122
09/02/2014,GSP,SC,ASO,ES,Combined TRACON& Tower with Radar,28,66,31,7,132,0,0,9,1,10,28,66,40,8,142,0,8,8,150
09/03/2014,GSP,SC,ASO,ES,Combined TRACON& Tower with Radar,30,65,31,0,126,0,0,3,0,3,30,65,34,0,129,0,0,0,129
09/04/2014,GSP,SC,ASO,ES,Combined TRACON& Tower with Radar,40,62,20,0,122,0,3,3,2,8,40,65,23,2,130,0,0,0,130
09/05/2014,GSP,SC,ASO,ES,Combined TRACON& Tower with Radar,35,63,16,2,116,0,0,3,10,13,35,63,19,12,129,0,0,0,129
09/06/2014,GSP,SC,ASO,ES,Combined TRACON& Tower with Radar,18,44,8,0,70,0,0,2,0,2,18,44,10,0,72,0,0,0,72
09/07/2014,GSP,SC,ASO,ES,Combined TRACON& Tower with Radar,30,56,12,0,98,0,0,3,0,3,30,56,15,0,101,0,0,0,101
09/08/2014,GSP,SC,ASO,ES,Combined TRACON& Tower with Radar,34,66,17,0,117,0,0,0,0,0,34,66,17,0,117,0,0,0,117
09/09/2014,GSP,SC,ASO,ES,Combined TRACON& Tower with Radar,37,63,24,19,143,0,0,10,2,12,37,63,34,21,155,0,6,6,161
09/10/2014,GSP,SC,ASO,ES,Combined TRACON& Tower with Radar,38,69,13,4,124,0,4,3,0,7,38,73,16,4,131,0,0,0,131
09/11/2014,GSP,SC,ASO,ES,Combined TRACON& Tower with Radar,41,71,22,4,138,0,0,8,8,16,41,71,30,12,154,0,18,18,172
09/12/2014,GSP,SC,ASO,ES,Combined TRACON& Tower with Radar,30,69,25,2,126,0,0,2,0,2,30,69,27,2,128,0,0,0,128
09/13/2014,GSP,SC,ASO,ES,Combined TRACON& Tower with Radar,18,38,12,0,68,0,0,2,0,2,18,38,14,0,70,0,0,0,70
09/14/2014,GSP,SC,ASO,ES,Combined TRACON& Tower with Radar,29,58,7,2,96,0,0,0,0,0,29,58,7,2,96,0,0,0,96
09/15/2014,GSP,SC,ASO,ES,Combined TRACON& Tower with Radar,33,67,17,1,118,0,0,1,0,1,33,67,18,1,119,0,0,0,119
09/16/2014,GSP,SC,ASO,ES,Combined TRACON& Tower with Radar,33,62,29,1,125,0,0,3,0,3,33,62,32,1,128,0,0,0,128
09/17/2014,GSP,SC,ASO,ES,Combined TRACON& Tower with Radar,41,75,34,14,164,0,0,0,0,0,41,75,34,14,164,0,0,0,164
09/18/2014,GSP,SC,ASO,ES,Combined TRACON& Tower with Radar,41,66,39,0,146,0,0,1,0,1,41,66,40,0,147,0,0,0,147
09/19/2014,GSP,SC,ASO,ES,Combined TRACON& Tower with Radar,33,71,26,0,130,0,0,4,0,4,33,71,30,0,134,0,0,0,134
09/20/2014,GSP,SC,ASO,ES,Combined TRACON& Tower with Radar,18,39,4,0,61,0,0,5,2,7,18,39,9,2,68,0,0,0,68
09/21/2014,GSP,SC,ASO,ES,Combined TRACON& Tower with Radar,28,61,8,0,97,0,0,9,0,9,28,61,17,0,106,0,0,0,106
09/22/2014,GSP,SC,ASO,ES,Combined TRACON& Tower with Radar,32,70,14,0,116,0,0,10,0,10,32,70,24,0,126,0,0,0,126
09/23/2014,GSP,SC,ASO,ES,Combined TRACON& Tower with Radar,32,67,17,0,116,0,2,2,0,4,32,69,19,0,120,6,0,6,126
09/24/2014,GSP,SC,ASO,ES,Combined TRACON& Tower with Radar,33,69,20,3,125,0,0,4,5,9,33,69,24,8,134,4,0,4,138
09/25/2014,GSP,SC,ASO,ES,Combined TRACON& Tower with Radar,37,65,17,6,125,0,0,3,0,3,37,65,20,6,128,0,0,0,128
09/26/2014,GSP,SC,ASO,ES,Combined TRACON& Tower with Radar,30,66,18,0,114,0,0,6,0,6,30,66,24,0,120,0,0,0,120
09/27/2014,GSP,SC,ASO,ES,Combined TRACON& Tower with Radar,20,43,12,0,75,0,0,12,0,12,20,43,24,0,87,0,0,0,87
09/28/2014,GSP,SC,ASO,ES,Combined TRACON& Tower with Radar,30,54,9,0,93,0,0,1,0,1,30,54,10,0,94,0,0,0,94
09/29/2014,GSP,SC,ASO,ES,Combined TRACON& Tower with Radar,33,79,23,2,137,0,0,4,0,4,33,79,27,2,141,0,0,0,141
09/30/2014,GSP,SC,ASO,ES,Combined TRACON& Tower with Radar,36,70,18,6,130,0,0,7,0,7,36,70,25,6,137,0,14,14,151
10/01/2014,GSP,SC,ASO,ES,Combined TRACON& Tower with Radar,37,76,18,2,133,0,1,13,4,18,37,77,31,6,151,0,0,0,151
10/02/2014,GSP,SC,ASO,ES,Combined TRACON& Tower with Radar,37,72,16,0,125,0,1,12,0,13,37,73,28,0,138,0,0,0,138
10/03/2014,GSP,SC,ASO,ES,Combined TRACON& Tower with Radar,36,71,20,4,131,0,0,0,0,0,36,71,20,4,131,0,0,0,131
10/04/2014,GSP,SC,ASO,ES,Combined TRACON& Tower with Radar,23,41,11,0,75,0,1,10,2,13,23,42,21,2,88,0,0,0,88
10/05/2014,GSP,SC,ASO,ES,Combined TRACON& Tower with Radar,31,65,11,0,107,0,0,6,0,6,31,65,17,0,113,0,0,0,113
10/06/2014,GSP,SC,ASO,ES,Combined TRACON& Tower with Radar,33,76,17,8,134,0,0,13,0,13,33,76,30,8,147,0,0,0,147
10/07/2014,GSP,SC,ASO,ES,Combined TRACON& Tower with Radar,36,74,21,0,131,0,1,16,0,17,36,75,37,0,148,4,0,4,152
10/08/2014,GSP,SC,ASO,ES,Combined TRACON& Tower with Radar,36,73,21,1,131,0,0,11,3,14,36,73,32,4,145,0,0,0,145
10/09/2014,GSP,SC,ASO,ES,Combined TRACON& Tower with Radar,43,69,18,2,132,0,0,14,0,14,43,69,32,2,146,8,0,8,154
10/10/2014,GSP,SC,ASO,ES,Combined TRACON& Tower with Radar,37,71,29,2,139,0,0,5,0,5,37,71,34,2,144,0,0,0,144
10/11/2014,GSP,SC,ASO,ES,Combined TRACON& Tower with Radar,36,41,10,0,87,0,0,2,0,2,36,41,12,0,89,0,0,0,89
10/12/2014,GSP,SC,ASO,ES,Combined TRACON& Tower with Radar,29,58,14,0,101,0,0,1,0,1,29,58,15,0,102,0,0,0,102
10/13/2014,GSP,SC,ASO,ES,Combined TRACON& Tower with Radar,33,62,21,0,116,0,0,0,0,0,33,62,21,0,116,0,0,0,116
10/14/2014,GSP,SC,ASO,ES,Combined TRACON& Tower with Radar,37,69,19,0,125,0,0,1,0,1,37,69,20,0,126,0,0,0,126
10/15/2014,GSP,SC,ASO,ES,Combined TRACON& Tower with Radar,38,68,35,0,141,0,2,11,4,17,38,70,46,4,158,0,0,0,158
10/16/2014,GSP,SC,ASO,ES,Combined TRACON& Tower with Radar,43,70,19,1,133,0,0,13,4,17,43,70,32,5,150,0,0,0,150
10/17/2014,GSP,SC,ASO,ES,Combined TRACON& Tower with Radar,35,66,15,0,116,0,0,16,0,16,35,66,31,0,132,0,0,0,132
10/18/2014,GSP,SC,ASO,ES,Combined TRACON& Tower with Radar,23,44,10,0,77,0,0,15,0,15,23,44,25,0,92,0,0,0,92
10/19/2014,GSP,SC,ASO,ES,Combined TRACON& Tower with Radar,30,62,10,0,102,0,4,4,1,9,30,66,14,1,111,0,0,0,111
10/20/2014,GSP,SC,ASO,ES,Combined TRACON& Tower with Radar,34,80,16,0,130,0,0,6,0,6,34,80,22,0,136,0,0,0,136
10/21/2014,GSP,SC,ASO,ES,Combined TRACON& Tower with Radar,38,70,12,7,127,0,1,7,0,8,38,71,19,7,135,0,10,10,145
10/22/2014,GSP,SC,ASO,ES,Combined TRACON& Tower with Radar,35,83,20,0,138,0,0,7,0,7,35,83,27,0,145,0,0,0,145
10/23/2014,GSP,SC,ASO,ES,Combined TRACON& Tower with Radar,41,72,31,6,150,0,0,12,4,16,41,72,43,10,166,0,0,0,166
10/24/2014,GSP,SC,ASO,ES,Combined TRACON& Tower with Radar,36,72,26,8,142,0,0,9,0,9,36,72,35,8,151,0,0,0,151
10/25/2014,GSP,SC,ASO,ES,Combined TRACON& Tower with Radar,23,44,14,6,87,0,0,7,0,7,23,44,21,6,94,0,0,0,94
10/26/2014,GSP,SC,ASO,ES,Combined TRACON& Tower with Radar,31,58,15,0,104,0,0,14,0,14,31,58,29,0,118,0,0,0,118
10/27/2014,GSP,SC,ASO,ES,Combined TRACON& Tower with Radar,31,68,13,2,114,0,0,11,0,11,31,68,24,2,125,0,0,0,125
10/28/2014,GSP,SC,ASO,ES,Combined TRACON& Tower with Radar,41,66,22,0,129,0,1,6,0,7,41,67,28,0,136,0,0,0,136
10/29/2014,GSP,SC,ASO,ES,Combined TRACON& Tower with Radar,36,62,21,6,125,0,1,5,2,8,36,63,26,8,133,0,4,4,137
10/30/2014,GSP,SC,ASO,ES,Combined TRACON& Tower with Radar,37,62,20,0,119,0,0,19,0,19,37,62,39,0,138,0,0,0,138
10/31/2014,GSP,SC,ASO,ES,Combined TRACON& Tower with Radar,50,62,15,8,135,0,0,8,0,8,50,62,23,8,143,0,0,0,143
11/01/2014,GSP,SC,ASO,ES,Combined TRACON& Tower with Radar,17,42,4,0,63,0,2,0,0,2,17,44,4,0,65,0,0,0,65
11/02/2014,GSP,SC,ASO,ES,Combined TRACON& Tower with Radar,28,57,11,4,100,0,0,4,2,6,28,57,15,6,106,0,0,0,106
11/03/2014,GSP,SC,ASO,ES,Combined TRACON& Tower with Radar,32,74,16,0,122,0,1,5,0,6,32,75,21,0,128,0,0,0,128
11/04/2014,GSP,SC,ASO,ES,Combined TRACON& Tower with Radar,33,68,17,0,118,0,0,10,0,10,33,68,27,0,128,4,0,4,132
11/05/2014,GSP,SC,ASO,ES,Combined TRACON& Tower with Radar,37,70,16,17,140,0,2,6,8,16,37,72,22,25,156,0,0,0,156
11/06/2014,GSP,SC,ASO,ES,Combined TRACON& Tower with Radar,44,69,21,0,134,0,2,6,0,8,44,71,27,0,142,0,0,0,142
11/07/2014,GSP,SC,ASO,ES,Combined TRACON& Tower with Radar,36,63,21,1,121,0,0,11,2,13,36,63,32,3,134,0,0,0,134
11/08/2014,GSP,SC,ASO,ES,Combined TRACON& Tower with Radar,23,37,11,0,71,0,0,13,0,13,23,37,24,0,84,0,0,0,84
11/09/2014,GSP,SC,ASO,ES,Combined TRACON& Tower with Radar,36,52,14,8,110,0,0,3,5,8,36,52,17,13,118,0,0,0,118
11/10/2014,GSP,SC,ASO,ES,Combined TRACON& Tower with Radar,39,67,22,1,129,0,1,12,0,13,39,68,34,1,142,0,0,0,142
11/11/2014,GSP,SC,ASO,ES,Combined TRACON& Tower with Radar,40,68,13,0,121,0,0,8,0,8,40,68,21,0,129,0,0,0,129
11/12/2014,GSP,SC,ASO,ES,Combined TRACON& Tower with Radar,37,70,14,0,121,0,0,5,0,5,37,70,19,0,126,0,0,0,126
11/13/2014,GSP,SC,ASO,ES,Combined TRACON& Tower with Radar,41,67,22,10,140,0,2,11,0,13,41,69,33,10,153,0,12,12,165
11/14/2014,GSP,SC,ASO,ES,Combined TRACON& Tower with Radar,39,75,20,1,135,0,0,10,1,11,39,75,30,2,146,0,0,0,146
11/15/2014,GSP,SC,ASO,ES,Combined TRACON& Tower with Radar,23,37,6,0,66,0,0,13,0,13,23,37,19,0,79,0,0,0,79
11/16/2014,GSP,SC,ASO,ES,Combined TRACON& Tower with Radar,34,47,23,6,110,0,1,3,0,4,34,48,26,6,114,0,0,0,114
11/17/2014,GSP,SC,ASO,ES,Combined TRACON& Tower with Radar,33,74,14,4,125,0,0,4,2,6,33,74,18,6,131,0,12,12,143
11/18/2014,GSP,SC,ASO,ES,Combined TRACON& Tower with Radar,39,79,25,2,145,0,0,9,7,16,39,79,34,9,161,4,0,4,165
11/19/2014,GSP,SC,ASO,ES,Combined TRACON& Tower with Radar,41,77,25,0,143,0,3,12,1,16,41,80,37,1,159,0,0,0,159
11/20/2014,GSP,SC,ASO,ES,Combined TRACON& Tower with Radar,43,80,22,0,145,0,5,2,0,7,43,85,24,0,152,0,0,0,152
11/21/2014,GSP,SC,ASO,ES,Combined TRACON& Tower with Radar,37,81,24,1,143,0,1,15,0,16,37,82,39,1,159,0,0,0,159
11/22/2014,GSP,SC,ASO,ES,Combined TRACON& Tower with Radar,23,46,14,4,87,0,2,8,4,14,23,48,22,8,101,0,0,0,101
11/23/2014,GSP,SC,ASO,ES,Combined TRACON& Tower with Radar,30,57,10,0,97,0,0,0,0,0,30,57,10,0,97,0,0,0,97
11/24/2014,GSP,SC,ASO,ES,Combined TRACON& Tower with Radar,30,56,23,13,122,0,2,5,4,11,30,58,28,17,133,0,12,12,145
11/25/2014,GSP,SC,ASO,ES,Combined TRACON& Tower with Radar,41,73,23,3,140,0,4,2,2,8,41,77,25,5,148,0,0,0,148
11/26/2014,GSP,SC,ASO,ES,Combined TRACON& Tower with Radar,45,71,20,0,136,0,0,2,0,2,45,71,22,0,138,0,0,0,138
11/27/2014,GSP,SC,ASO,ES,Combined TRACON& Tower with Radar,24,31,5,0,60,0,2,2,0,4,24,33,7,0,64,0,0,0,64
11/28/2014,GSP,SC,ASO,ES,Combined TRACON& Tower with Radar,28,37,23,0,88,0,0,19,0,19,28,37,42,0,107,0,0,0,107
11/29/2014,GSP,SC,ASO,ES,Combined TRACON& Tower with Radar,33,54,6,0,93,0,0,9,0,9,33,54,15,0,102,0,0,0,102
11/30/2014,GSP,SC,ASO,ES,Combined TRACON& Tower with Radar,40,62,19,0,121,0,1,5,0,6,40,63,24,0,127,0,0,0,127
12/01/2014,GSP,SC,ASO,ES,Combined TRACON& Tower with Radar,42,70,16,0,128,0,0,8,0,8,42,70,24,0,136,0,0,0,136
12/02/2014,GSP,SC,ASO,ES,Combined TRACON& Tower with Radar,46,60,24,0,130,0,2,5,0,7,46,62,29,0,137,4,0,4,141
12/03/2014,GSP,SC,ASO,ES,Combined TRACON& Tower with Radar,46,64,13,0,123,0,0,5,0,5,46,64,18,0,128,0,0,0,128
12/04/2014,GSP,SC,ASO,ES,Combined TRACON& Tower with Radar,56,59,22,2,139,0,0,2,2,4,56,59,24,4,143,10,18,28,171
12/05/2014,GSP,SC,ASO,ES,Combined TRACON& Tower with Radar,39,60,28,2,129,0,0,0,0,0,39,60,28,2,129,0,0,0,129
12/06/2014,GSP,SC,ASO,ES,Combined TRACON& Tower with Radar,21,42,8,0,71,0,0,0,0,0,21,42,8,0,71,0,0,0,71
12/07/2014,GSP,SC,ASO,ES,Combined TRACON& Tower with Radar,28,50,11,3,92,0,0,14,1,15,28,50,25,4,107,0,0,0,107
12/08/2014,GSP,SC,ASO,ES,Combined TRACON& Tower with Radar,38,54,18,0,110,0,0,3,0,3,38,54,21,0,113,0,0,0,113
12/09/2014,GSP,SC,ASO,ES,Combined TRACON& Tower with Radar,39,55,22,2,118,0,0,2,0,2,39,55,24,2,120,4,0,4,124
12/10/2014,GSP,SC,ASO,ES,Combined TRACON& Tower with Radar,39,63,18,0,120,0,0,8,2,10,39,63,26,2,130,0,0,0,130
12/11/2014,GSP,SC,ASO,ES,Combined TRACON& Tower with Radar,43,62,29,0,134,0,0,10,1,11,43,62,39,1,145,0,0,0,145
12/12/2014,GSP,SC,ASO,ES,Combined TRACON& Tower with Radar,38,58,21,2,119,0,2,10,0,12,38,60,31,2,131,0,0,0,131
12/13/2014,GSP,SC,ASO,ES,Combined TRACON& Tower with Radar,21,36,8,2,67,0,0,6,0,6,21,36,14,2,73,0,0,0,73
12/14/2014,GSP,SC,ASO,ES,Combined TRACON& Tower with Radar,28,50,9,0,87,0,0,13,0,13,28,50,22,0,100,0,0,0,100
12/15/2014,GSP,SC,ASO,ES,Combined TRACON& Tower with Radar,36,59,21,0,116,0,0,1,0,1,36,59,22,0,117,0,0,0,117
12/16/2014,GSP,SC,ASO,ES,Combined TRACON& Tower with Radar,45,64,15,0,124,0,0,0,0,0,45,64,15,0,124,0,0,0,124
12/17/2014,GSP,SC,ASO,ES,Combined TRACON& Tower with Radar,43,62,27,2,134,0,0,12,0,12,43,62,39,2,146,0,0,0,146
12/18/2014,GSP,SC,ASO,ES,Combined TRACON& Tower with Radar,47,69,17,0,133,0,0,6,0,6,47,69,23,0,139,0,0,0,139
12/19/2014,GSP,SC,ASO,ES,Combined TRACON& Tower with Radar,40,77,21,1,139,0,0,13,1,14,40,77,34,2,153,8,4,12,165
12/20/2014,GSP,SC,ASO,ES,Combined TRACON& Tower with Radar,22,55,11,0,88,0,0,0,0,0,22,55,11,0,88,0,0,0,88
12/21/2014,GSP,SC,ASO,ES,Combined TRACON& Tower with Radar,29,62,16,0,107,0,0,4,0,4,29,62,20,0,111,0,0,0,111
12/22/2014,GSP,SC,ASO,ES,Combined TRACON& Tower with Radar,31,68,20,16,135,0,0,0,0,0,31,68,20,16,135,0,0,0,135
12/23/2014,GSP,SC,ASO,ES,Combined TRACON& Tower with Radar,34,71,14,0,119,0,0,0,0,0,34,71,14,0,119,0,0,0,119
12/24/2014,GSP,SC,ASO,ES,Combined TRACON& Tower with Radar,34,40,9,0,83,0,0,0,0,0,34,40,9,0,83,0,0,0,83
12/25/2014,GSP,SC,ASO,ES,Combined TRACON& Tower with Radar,22,36,1,0,59,0,0,3,0,3,22,36,4,0,62,0,0,0,62
12/26/2014,GSP,SC,ASO,ES,Combined TRACON& Tower with Radar,20,69,11,0,100,0,0,14,0,14,20,69,25,0,114,0,0,0,114
12/27/2014,GSP,SC,ASO,ES,Combined TRACON& Tower with Radar,17,63,5,0,85,0,1,3,0,4,17,64,8,0,89,0,0,0,89
12/28/2014,GSP,SC,ASO,ES,Combined TRACON& Tower with Radar,20,67,8,0,95,0,0,0,0,0,20,67,8,0,95,0,0,0,95
12/29/2014,GSP,SC,ASO,ES,Combined TRACON& Tower with Radar,24,70,17,0,111,0,0,0,1,1,24,70,17,1,112,0,0,0,112
12/30/2014,GSP,SC,ASO,ES,Combined TRACON& Tower with Radar,35,72,10,0,117,0,0,0,0,0,35,72,10,0,117,0,0,0,117
12/31/2014,GSP,SC,ASO,ES,Combined TRACON& Tower with Radar,31,43,17,0,91,0,0,9,2,11,31,43,26,2,102,0,0,0,102
01/01/2015,GSP,SC,ASO,ES,Combined TRACON& Tower with Radar,22,47,5,0,74,0,0,5,0,5,22,47,10,0,79,0,0,0,79
01/02/2015,GSP,SC,ASO,ES,Combined TRACON& Tower with Radar,23,68,13,0,104,0,0,1,0,1,23,68,14,0,105,0,0,0,105
01/03/2015,GSP,SC,ASO,ES,Combined TRACON& Tower with Radar,16,61,4,0,81,0,0,0,0,0,16,61,4,0,81,0,0,0,81
01/04/2015,GSP,SC,ASO,ES,Combined TRACON& Tower with Radar,26,57,6,0,89,0,1,0,0,1,26,58,6,0,90,0,0,0,90
01/05/2015,GSP,SC,ASO,ES,Combined TRACON& Tower with Radar,37,54,11,0,102,0,1,3,2,6,37,55,14,2,108,0,0,0,108
01/06/2015,GSP,SC,ASO,ES,Combined TRACON& Tower with Radar,34,46,14,0,94,0,0,4,2,6,34,46,18,2,100,0,0,0,100
01/07/2015,GSP,SC,ASO,ES,Combined TRACON& Tower with Radar,40,52,13,0,105,0,0,5,2,7,40,52,18,2,112,0,0,0,112
01/08/2015,GSP,SC,ASO,ES,Combined TRACON& Tower with Radar,38,61,17,0,116,0,0,2,2,4,38,61,19,2,120,0,0,0,120
01/09/2015,GSP,SC,ASO,ES,Combined TRACON& Tower with Radar,35,61,18,10,124,0,0,4,2,6,35,61,22,12,130,0,0,0,130
01/10/2015,GSP,SC,ASO,ES,Combined TRACON& Tower with Radar,22,32,8,0,62,0,0,5,0,5,22,32,13,0,67,0,0,0,67
01/11/2015,GSP,SC,ASO,ES,Combined TRACON& Tower with Radar,26,57,6,0,89,0,1,0,0,1,26,58,6,0,90,0,0,0,90
01/12/2015,GSP,SC,ASO,ES,Combined TRACON& Tower with Radar,32,46,11,0,89,0,0,1,0,1,32,46,12,0,90,0,0,0,90
01/13/2015,GSP,SC,ASO,ES,Combined TRACON& Tower with Radar,34,52,20,0,106,0,0,0,0,0,34,52,20,0,106,0,0,0,106
01/14/2015,GSP,SC,ASO,ES,Combined TRACON& Tower with Radar,38,51,21,7,117,0,0,0,2,2,38,51,21,9,119,0,0,0,119
01/15/2015,GSP,SC,ASO,ES,Combined TRACON& Tower with Radar,46,57,37,6,146,0,0,8,3,11,46,57,45,9,157,12,4,16,173
01/16/2015,GSP,SC,ASO,ES,Combined TRACON& Tower with Radar,35,52,27,1,115,0,0,5,0,5,35,52,32,1,120,0,0,0,120
01/17/2015,GSP,SC,ASO,ES,Combined TRACON& Tower with Radar,20,30,6,0,56,0,0,4,1,5,20,30,10,1,61,0,0,0,61
01/18/2015,GSP,SC,ASO,ES,Combined TRACON& Tower with Radar,27,38,9,0,74,0,0,7,2,9,27,38,16,2,83,0,0,0,83
01/19/2015,GSP,SC,ASO,ES,Combined TRACON& Tower with Radar,35,57,21,0,113,0,0,8,0,8,35,57,29,0,121,24,0,24,145
01/20/2015,GSP,SC,ASO,ES,Combined TRACON& Tower with Radar,34,54,14,2,104,0,0,10,0,10,34,54,24,2,114,10,8,18,132
01/21/2015,GSP,SC,ASO,ES,Combined TRACON& Tower with Radar,37,57,25,4,123,0,0,16,2,18,37,57,41,6,141,0,0,0,141
01/22/2015,GSP,SC,ASO,ES,Combined TRACON& Tower with Radar,44,54,14,12,124,0,0,9,2,11,44,54,23,14,135,0,0,0,135
01/23/2015,GSP,SC,ASO,ES,Combined TRACON& Tower with Radar,36,54,17,0,107,0,0,0,0,0,36,54,17,0,107,0,0,0,107
01/24/2015,GSP,SC,ASO,ES,Combined TRACON& Tower with Radar,20,30,6,1,57,0,1,4,1,6,20,31,10,2,63,6,0,6,69
01/25/2015,GSP,SC,ASO,ES,Combined TRACON& Tower with Radar,31,47,6,0,84,0,0,9,0,9,31,47,15,0,93,0,0,0,93
01/26/2015,GSP,SC,ASO,ES,Combined TRACON& Tower with Radar,32,44,13,6,95,0,0,5,2,7,32,44,18,8,102,0,0,0,102
01/27/2015,GSP,SC,ASO,ES,Combined TRACON& Tower with Radar,33,47,9,6,95,0,0,3,2,5,33,47,12,8,100,0,0,0,100
01/28/2015,GSP,SC,ASO,ES,Combined TRACON& Tower with Radar,37,50,25,6,118,0,0,8,0,8,37,50,33,6,126,10,4,14,140
01/29/2015,GSP,SC,ASO,ES,Combined TRACON& Tower with Radar,41,55,21,0,117,0,0,8,0,8,41,55,29,0,125,0,0,0,125
01/30/2015,GSP,SC,ASO,ES,Combined TRACON& Tower with Radar,32,59,15,0,106,0,5,9,1,15,32,64,24,1,121,0,0,0,121
01/31/2015,GSP,SC,ASO,ES,Combined TRACON& Tower with Radar,21,30,9,0,60,0,0,2,0,2,21,30,11,0,62,0,0,0,62
02/01/2015,GSP,SC,ASO,ES,Combined TRACON& Tower with Radar,28,33,12,0,73,0,0,2,0,2,28,33,14,0,75,0,0,0,75
02/02/2015,GSP,SC,ASO,ES,Combined TRACON& Tower with Radar,33,42,13,0,88,0,2,6,0,8,33,44,19,0,96,2,0,2,98
02/03/2015,GSP,SC,ASO,ES,Combined TRACON& Tower with Radar,36,52,24,2,114,0,0,8,4,12,36,52,32,6,126,0,12,12,138
02/04/2015,GSP,SC,ASO,ES,Combined TRACON& Tower with Radar,37,54,29,0,120,0,0,6,0,6,37,54,35,0,126,0,0,0,126
02/05/2015,GSP,SC,ASO,ES,Combined TRACON& Tower with Radar,39,59,43,1,142,0,0,4,7,11,39,59,47,8,153,0,0,0,153
02/06/2015,GSP,SC,ASO,ES,Combined TRACON& Tower with Radar,32,55,14,0,101,0,0,14,2,16,32,55,28,2,117,0,0,0,117
02/07/2015,GSP,SC,ASO,ES,Combined TRACON& Tower with Radar,23,30,9,0,62,0,0,9,0,9,23,30,18,0,71,0,0,0,71
02/08/2015,GSP,SC,ASO,ES,Combined TRACON& Tower with Radar,33,44,8,0,85,0,2,10,0,12,33,46,18,0,97,0,0,0,97
02/09/2015,GSP,SC,ASO,ES,Combined TRACON& Tower with Radar,31,58,10,0,99,0,0,2,0,2,31,58,12,0,101,0,0,0,101
02/10/2015,GSP,SC,ASO,ES,Combined TRACON& Tower with Radar,39,57,8,5,109,0,0,3,4,7,39,57,11,9,116,0,10,10,126
02/11/2015,GSP,SC,ASO,ES,Combined TRACON& Tower with Radar,37,60,24,0,121,0,0,2,2,4,37,60,26,2,125,0,0,0,125
02/12/2015,GSP,SC,ASO,ES,Combined TRACON& Tower with Radar,40,58,19,0,117,0,0,7,0,7,40,58,26,0,124,12,0,12,136
02/13/2015,GSP,SC,ASO,ES,Combined TRACON& Tower with Radar,31,52,17,0,100,0,0,9,0,9,31,52,26,0,109,0,0,0,109
02/14/2015,GSP,SC,ASO,ES,Combined TRACON& Tower with Radar,21,29,7,0,57,0,0,5,0,5,21,29,12,0,62,0,0,0,62
02/15/2015,GSP,SC,ASO,ES,Combined TRACON& Tower with Radar,29,38,12,0,79,0,1,7,0,8,29,39,19,0,87,0,0,0,87
02/16/2015,GSP,SC,ASO,ES,Combined TRACON& Tower with Radar,19,38,11,0,68,0,1,1,0,2,19,39,12,0,70,0,0,0,70
02/17/2015,GSP,SC,ASO,ES,Combined TRACON& Tower with Radar,30,47,17,0,94,0,0,0,0,0,30,47,17,0,94,0,0,0,94
02/18/2015,GSP,SC,ASO,ES,Combined TRACON& Tower with Radar,34,56,24,0,114,0,4,1,0,5,34,60,25,0,119,0,0,0,119
02/19/2015,GSP,SC,ASO,ES,Combined TRACON& Tower with Radar,37,61,22,0,120,0,0,6,2,8,37,61,28,2,128,0,0,0,128
02/20/2015,GSP,SC,ASO,ES,Combined TRACON& Tower with Radar,30,67,23,5,125,0,0,4,0,4,30,67,27,5,129,0,0,0,129
02/21/2015,GSP,SC,ASO,ES,Combined TRACON& Tower with Radar,23,36,8,0,67,0,0,2,0,2,23,36,10,0,69,0,0,0,69
02/22/2015,GSP,SC,ASO,ES,Combined TRACON& Tower with Radar,26,49,22,0,97,0,0,0,0,0,26,49,22,0,97,0,0,0,97
02/23/2015,GSP,SC,ASO,ES,Combined TRACON& Tower with Radar,28,57,21,0,106,0,0,8,0,8,28,57,29,0,114,0,0,0,114
02/24/2015,GSP,SC,ASO,ES,Combined TRACON& Tower with Radar,30,49,23,0,102,0,0,1,0,1,30,49,24,0,103,0,0,0,103
02/25/2015,GSP,SC,ASO,ES,Combined TRACON& Tower with Radar,23,45,26,5,99,0,2,2,3,7,23,47,28,8,106,0,22,22,128
02/26/2015,GSP,SC,ASO,ES,Combined TRACON& Tower with Radar,38,48,10,0,96,0,0,3,0,3,38,48,13,0,99,0,0,0,99
02/27/2015,GSP,SC,ASO,ES,Combined TRACON& Tower with Radar,32,62,25,1,120,0,0,6,0,6,32,62,31,1,126,0,0,0,126
02/28/2015,GSP,SC,ASO,ES,Combined TRACON& Tower with Radar,22,35,12,1,70,0,2,7,0,9,22,37,19,1,79,0,6,6,85
03/01/2015,GSP,SC,ASO,ES,Combined TRACON& Tower with Radar,22,37,13,0,72,0,0,0,0,0,22,37,13,0,72,0,0,0,72
03/02/2015,GSP,SC,ASO,ES,Combined TRACON& Tower with Radar,28,51,21,0,100,0,0,17,0,17,28,51,38,0,117,0,0,0,117
03/03/2015,GSP,SC,ASO,ES,Combined TRACON& Tower with Radar,25,57,18,6,106,0,0,2,0,2,25,57,20,6,108,0,0,0,108
03/04/2015,GSP,SC,ASO,ES,Combined TRACON& Tower with Radar,30,62,26,10,128,0,0,6,0,6,30,62,32,10,134,0,0,0,134
03/05/2015,GSP,SC,ASO,ES,Combined TRACON& Tower with Radar,33,59,17,4,113,0,0,0,0,0,33,59,17,4,113,0,12,12,125
03/06/2015,GSP,SC,ASO,ES,Combined TRACON& Tower with Radar,30,58,30,1,119,0,2,20,5,27,30,60,50,6,146,0,18,18,164
03/07/2015,GSP,SC,ASO,ES,Combined TRACON& Tower with Radar,20,51,14,3,88,0,0,17,0,17,20,51,31,3,105,0,0,0,105
03/08/2015,GSP,SC,ASO,ES,Combined TRACON& Tower with Radar,24,57,15,4,100,0,0,14,5,19,24,57,29,9,119,0,0,0,119
03/09/2015,GSP,SC,ASO,ES,Combined TRACON& Tower with Radar,29,63,15,0,107,0,0,6,2,8,29,63,21,2,115,0,0,0,115
03/10/2015,GSP,SC,ASO,ES,Combined TRACON& Tower with Radar,31,67,21,14,133,0,0,6,2,8,31,67,27,16,141,6,0,6,147
03/11/2015,GSP,SC,ASO,ES,Combined TRACON& Tower with Radar,33,71,20,0,124,0,0,5,0,5,33,71,25,0,129,0,0,0,129
03/12/2015,GSP,SC,ASO,ES,Combined TRACON& Tower with Radar,34,63,17,0,114,0,1,3,0,4,34,64,20,0,118,0,0,0,118
03/13/2015,GSP,SC,ASO,ES,Combined TRACON& Tower with Radar,31,67,24,0,122,0,0,0,0,0,31,67,24,0,122,0,0,0,122
03/14/2015,GSP,SC,ASO,ES,Combined TRACON& Tower with Radar,19,40,11,0,70,0,0,1,0,1,19,40,12,0,71,0,0,0,71
03/15/2015,GSP,SC,ASO,ES,Combined TRACON& Tower with Radar,24,59,9,0,92,0,0,3,3,6,24,59,12,3,98,0,0,0,98
03/16/2015,GSP,SC,ASO,ES,Combined TRACON& Tower with Radar,32,71,16,4,123,0,0,12,2,14,32,71,28,6,137,0,0,0,137
03/17/2015,GSP,SC,ASO,ES,Combined TRACON& Tower with Radar,32,63,16,3,114,0,2,12,0,14,32,65,28,3,128,0,0,0,128
03/18/2015,GSP,SC,ASO,ES,Combined TRACON& Tower with Radar,34,61,21,3,119,0,2,13,1,16,34,63,34,4,135,2,0,2,137
03/19/2015,GSP,SC,ASO,ES,Combined TRACON& Tower with Radar,34,69,18,9,130,0,0,0,0,0,34,69,18,9,130,0,0,0,130
03/20/2015,GSP,SC,ASO,ES,Combined TRACON& Tower with Radar,29,68,14,0,111,0,0,5,4,9,29,68,19,4,120,0,0,0,120
03/21/2015,GSP,SC,ASO,ES,Combined TRACON& Tower with Radar,21,50,9,0,80,0,0,10,3,13,21,50,19,3,93,0,0,0,93
03/22/2015,GSP,SC,ASO,ES,Combined TRACON& Tower with Radar,25,59,9,2,95,0,0,1,0,1,25,59,10,2,96,0,0,0,96
03/23/2015,GSP,SC,ASO,ES,Combined TRACON& Tower with Radar,29,57,17,0,103,0,0,7,0,7,29,57,24,0,110,0,0,0,110
03/24/2015,GSP,SC,ASO,ES,Combined TRACON& Tower with Radar,38,66,22,8,134,0,1,9,2,12,38,67,31,10,146,0,0,0,146
03/25/2015,GSP,SC,ASO,ES,Combined TRACON& Tower with Radar,32,62,31,10,135,0,0,0,0,0,32,62,31,10,135,0,0,0,135
03/26/2015,GSP,SC,ASO,ES,Combined TRACON& Tower with Radar,44,63,30,2,139,0,0,17,0,17,44,63,47,2,156,0,0,0,156
03/27/2015,GSP,SC,ASO,ES,Combined TRACON& Tower with Radar,33,67,25,0,125,0,0,3,0,3,33,67,28,0,128,0,0,0,128
03/28/2015,GSP,SC,ASO,ES,Combined TRACON& Tower with Radar,19,44,7,0,70,0,0,9,0,9,19,44,16,0,79,4,0,4,83
03/29/2015,GSP,SC,ASO,ES,Combined TRACON& Tower with Radar,24,58,6,0,88,0,0,5,0,5,24,58,11,0,93,0,0,0,93
03/30/2015,GSP,SC,ASO,ES,Combined TRACON& Tower with Radar,34,75,19,0,128,0,2,3,0,5,34,77,22,0,133,0,0,0,133
03/31/2015,GSP,SC,ASO,ES,Combined TRACON& Tower with Radar,36,64,15,22,137,0,0,1,12,13,36,64,16,34,150,0,26,26,176
04/01/2015,GSP,SC,ASO,ES,Combined TRACON& Tower with Radar,35,63,23,4,125,0,0,5,0,5,35,63,28,4,130,0,2,2,132
04/02/2015,GSP,SC,ASO,ES,Combined TRACON& Tower with Radar,39,71,26,4,140,0,0,3,0,3,39,71,29,4,143,0,0,0,143
04/03/2015,GSP,SC,ASO,ES,Combined TRACON& Tower with Radar,31,62,22,0,115,0,1,4,0,5,31,63,26,0,120,0,0,0,120
04/04/2015,GSP,SC,ASO,ES,Combined TRACON& Tower with Radar,24,43,8,0,75,0,1,5,0,6,24,44,13,0,81,0,0,0,81
04/05/2015,GSP,SC,ASO,ES,Combined TRACON& Tower with Radar,31,45,10,0,86,0,1,4,2,7,31,46,14,2,93,0,0,0,93
04/06/2015,GSP,SC,ASO,ES,Combined TRACON& Tower with Radar,30,66,23,0,119,0,1,2,0,3,30,67,25,0,122,0,0,0,122
04/07/2015,GSP,SC,ASO,ES,Combined TRACON& Tower with Radar,42,60,17,2,121,0,0,1,0,1,42,60,18,2,122,0,0,0,122
04/08/2015,GSP,SC,ASO,ES,Combined TRACON& Tower with Radar,41,67,24,0,132,0,0,8,2,10,41,67,32,2,142,0,0,0,142
04/09/2015,GSP,SC,ASO,ES,Combined TRACON& Tower with Radar,45,61,14,10,130,0,2,7,0,9,45,63,21,10,139,10,0,10,149
04/10/2015,GSP,SC,ASO,ES,Combined TRACON& Tower with Radar,53,58,18,6,135,0,0,10,2,12,53,58,28,8,147,0,0,0,147
04/11/2015,GSP,SC,ASO,ES,Combined TRACON& Tower with Radar,31,36,3,0,70,0,0,5,0,5,31,36,8,0,75,4,0,4,79
04/12/2015,GSP,SC,ASO,ES,Combined TRACON& Tower with Radar,36,47,11,0,94,0,1,4,0,5,36,48,15,0,99,0,0,0,99
04/13/2015,GSP,SC,ASO,ES,Combined TRACON& Tower with Radar,39,66,18,2,125,0,0,1,0,1,39,66,19,2,126,0,0,0,126
04/14/2015,GSP,SC,ASO,ES,Combined TRACON& Tower with Radar,42,60,12,0,114,0,0,0,0,0,42,60,12,0,114,0,0,0,114
04/15/2015,GSP,SC,ASO,ES,Combined TRACON& Tower with Radar,42,65,21,2,130,0,0,0,0,0,42,65,21,2,130,0,0,0,130
04/16/2015,GSP,SC,ASO,ES,Combined TRACON& Tower with Radar,44,70,35,0,149,0,0,0,0,0,44,70,35,0,149,0,0,0,149
04/17/2015,GSP,SC,ASO,ES,Combined TRACON& Tower with Radar,39,57,37,1,134,0,0,1,1,2,39,57,38,2,136,0,0,0,136
04/18/2015,GSP,SC,ASO,ES,Combined TRACON& Tower with Radar,29,34,10,3,76,0,0,9,3,12,29,34,19,6,88,0,0,0,88
04/19/2015,GSP,SC,ASO,ES,Combined TRACON& Tower with Radar,38,45,5,0,88,0,0,0,0,0,38,45,5,0,88,0,0,0,88
04/20/2015,GSP,SC,ASO,ES,Combined TRACON& Tower with Radar,43,66,14,0,123,0,0,1,0,1,43,66,15,0,124,0,0,0,124
04/21/2015,GSP,SC,ASO,ES,Combined TRACON& Tower with Radar,44,63,21,18,146,0,3,7,6,16,44,66,28,24,162,0,8,8,170
04/22/2015,GSP,SC,ASO,ES,Combined TRACON& Tower with Radar,43,58,27,0,128,0,0,10,1,11,43,58,37,1,139,0,0,0,139
04/23/2015,GSP,SC,ASO,ES,Combined TRACON& Tower with Radar,44,59,29,0,132,0,0,21,0,21,44,59,50,0,153,0,0,0,153
04/24/2015,GSP,SC,ASO,ES,Combined TRACON& Tower with Radar,39,55,27,2,123,0,0,18,0,18,39,55,45,2,141,0,0,0,141
04/25/2015,GSP,SC,ASO,ES,Combined TRACON& Tower with Radar,29,31,4,10,74,0,0,0,0,0,29,31,4,10,74,0,0,0,74
04/26/2015,GSP,SC,ASO,ES,Combined TRACON& Tower with Radar,43,45,15,0,103,0,0,9,0,9,43,45,24,0,112,0,0,0,112
04/27/2015,GSP,SC,ASO,ES,Combined TRACON& Tower with Radar,39,63,21,0,123,0,1,17,0,18,39,64,38,0,141,0,0,0,141
04/28/2015,GSP,SC,ASO,ES,Combined TRACON& Tower with Radar,39,55,14,8,116,0,0,11,0,11,39,55,25,8,127,10,0,10,137
04/29/2015,GSP,SC,ASO,ES,Combined TRACON& Tower with Radar,41,58,21,2,122,0,0,4,0,4,41,58,25,2,126,0,0,0,126
04/30/2015,GSP,SC,ASO,ES,Combined TRACON& Tower with Radar,42,57,20,0,119,0,0,12,2,14,42,57,32,2,133,0,0,0,133
05/01/2015,GSP,SC,ASO,ES,Combined TRACON& Tower with Radar,39,58,22,2,121,0,0,8,0,8,39,58,30,2,129,0,0,0,129
05/02/2015,GSP,SC,ASO,ES,Combined TRACON& Tower with Radar,27,37,7,1,72,0,0,18,3,21,27,37,25,4,93,0,0,0,93
05/03/2015,GSP,SC,ASO,ES,Combined TRACON& Tower with Radar,33,52,19,0,104,0,0,21,0,21,33,52,40,0,125,0,0,0,125
05/04/2015,GSP,SC,ASO,ES,Combined TRACON& Tower with Radar,41,54,21,2,118,0,0,11,0,11,41,54,32,2,129,0,0,0,129
05/05/2015,GSP,SC,ASO,ES,Combined TRACON& Tower with Radar,44,53,27,2,126,0,0,10,1,11,44,53,37,3,137,0,0,0,137
05/06/2015,GSP,SC,ASO,ES,Combined TRACON& Tower with Radar,35,58,27,1,121,0,2,15,1,18,35,60,42,2,139,22,0,22,161
05/07/2015,GSP,SC,ASO,ES,Combined TRACON& Tower with Radar,40,60,23,0,123,0,0,9,0,9,40,60,32,0,132,0,0,0,132
05/08/2015,GSP,SC,ASO,ES,Combined TRACON& Tower with Radar,37,59,23,0,119,0,1,11,0,12,37,60,34,0,131,0,0,0,131
05/09/2015,GSP,SC,ASO,ES,Combined TRACON& Tower with Radar,19,43,13,0,75,0,0,3,0,3,19,43,16,0,78,0,0,0,78
05/10/2015,GSP,SC,ASO,ES,Combined TRACON& Tower with Radar,27,50,25,0,102,0,0,4,0,4,27,50,29,0,106,0,0,0,106
05/11/2015,GSP,SC,ASO,ES,Combined TRACON& Tower with Radar,37,62,20,0,119,0,0,11,0,11,37,62,31,0,130,0,0,0,130
05/12/2015,GSP,SC,ASO,ES,Combined TRACON& Tower with Radar,39,66,31,2,138,0,0,12,0,12,39,66,43,2,150,0,0,0,150
05/13/2015,GSP,SC,ASO,ES,Combined TRACON& Tower with Radar,38,65,24,4,131,0,0,9,0,9,38,65,33,4,140,0,0,0,140
05/14/2015,GSP,SC,ASO,ES,Combined TRACON& Tower with Radar,38,69,25,2,134,0,0,9,0,9,38,69,34,2,143,0,0,0,143
05/15/2015,GSP,SC,ASO,ES,Combined TRACON& Tower with Radar,37,62,30,6,135,0,0,4,0,4,37,62,34,6,139,4,0,4,143
05/16/2015,GSP,SC,ASO,ES,Combined TRACON& Tower with Radar,23,50,17,1,91,0,0,7,1,8,23,50,24,2,99,0,0,0,99
05/17/2015,GSP,SC,ASO,ES,Combined TRACON& Tower with Radar,25,60,14,7,106,0,0,16,1,17,25,60,30,8,123,0,0,0,123
05/18/2015,GSP,SC,ASO,ES,Combined TRACON& Tower with Radar,36,57,17,4,114,0,0,4,4,8,36,57,21,8,122,0,10,10,132
05/19/2015,GSP,SC,ASO,ES,Combined TRACON& Tower with Radar,39,60,24,0,123,0,0,16,2,18,39,60,40,2,141,0,0,0,141
05/20/2015,GSP,SC,ASO,ES,Combined TRACON& Tower with Radar,32,62,24,1,119,0,0,13,1,14,32,62,37,2,133,2,0,2,135
05/21/2015,GSP,SC,ASO,ES,Combined TRACON& Tower with Radar,40,68,18,0,126,0,0,8,0,8,40,68,26,0,134,0,0,0,134
05/22/2015,GSP,SC,ASO,ES,Combined TRACON& Tower with Radar,38,69,26,0,133,0,0,16,0,16,38,69,42,0,149,0,0,0,149
05/23/2015,GSP,SC,ASO,ES,Combined TRACON& Tower with Radar,19,40,2,0,61,0,0,8,0,8,19,40,10,0,69,4,0,4,73
05/24/2015,GSP,SC,ASO,ES,Combined TRACON& Tower with Radar,26,40,5,0,71,0,2,3,0,5,26,42,8,0,76,0,0,0,76
05/25/2015,GSP,SC,ASO,ES,Combined TRACON& Tower with Radar,35,51,11,1,98,0,0,2,0,2,35,51,13,1,100,0,0,0,100
05/26/2015,GSP,SC,ASO,ES,Combined TRACON& Tower with Radar,39,57,14,2,112,0,0,6,0,6,39,57,20,2,118,0,0,0,118
05/27/2015,GSP,SC,ASO,ES,Combined TRACON& Tower with Radar,36,60,23,0,119,0,0,1,0,1,36,60,24,0,120,0,0,0,120
05/28/2015,GSP,SC,ASO,ES,Combined TRACON& Tower with Radar,38,69,19,2,128,0,0,7,2,9,38,69,26,4,137,0,0,0,137
05/29/2015,GSP,SC,ASO,ES,Combined TRACON& Tower with Radar,37,61,20,20,138,0,1,5,4,10,37,62,25,24,148,0,4,4,152
05/30/2015,GSP,SC,ASO,ES,Combined TRACON& Tower with Radar,20,43,6,0,69,0,1,8,3,12,20,44,14,3,81,0,0,0,81
05/31/2015,GSP,SC,ASO,ES,Combined TRACON& Tower with Radar,33,50,22,4,109,0,0,6,0,6,33,50,28,4,115,2,0,2,117
06/01/2015,GSP,SC,ASO,ES,Combined TRACON& Tower with Radar,40,56,22,1,119,0,0,2,1,3,40,56,24,2,122,0,0,0,122
06/02/2015,GSP,SC,ASO,ES,Combined TRACON& Tower with Radar,34,61,26,0,121,0,0,5,0,5,34,61,31,0,126,0,0,0,126
06/03/2015,GSP,SC,ASO,ES,Combined TRACON& Tower with Radar,39,65,28,9,141,0,0,2,9,11,39,65,30,18,152,0,36,36,188
06/04/2015,GSP,SC,ASO,ES,Combined TRACON& Tower with Radar,45,57,18,2,122,0,0,5,3,8,45,57,23,5,130,0,0,0,130
06/05/2015,GSP,SC,ASO,ES,Combined TRACON& Tower with Radar,46,53,27,2,128,0,0,10,0,10,46,53,37,2,138,4,0,4,142
06/06/2015,GSP,SC,ASO,ES,Combined TRACON& Tower with Radar,33,37,8,0,78,0,0,12,0,12,33,37,20,0,90,0,0,0,90
06/07/2015,GSP,SC,ASO,ES,Combined TRACON& Tower with Radar,39,48,17,0,104,0,3,3,0,6,39,51,20,0,110,0,0,0,110
06/08/2015,GSP,SC,ASO,ES,Combined TRACON& Tower with Radar,45,57,13,2,117,0,2,8,0,10,45,59,21,2,127,1,0,1,128
06/09/2015,GSP,SC,ASO,ES,Combined TRACON& Tower with Radar,47,56,21,0,124,0,0,11,0,11,47,56,32,0,135,0,0,0,135
06/10/2015,GSP,SC,ASO,ES,Combined TRACON& Tower with Radar,52,60,17,0,129,0,2,6,0,8,52,62,23,0,137,0,0,0,137
06/11/2015,GSP,SC,ASO,ES,Combined TRACON& Tower with Radar,53,61,19,2,135,0,0,10,0,10,53,61,29,2,145,0,4,4,149
06/12/2015,GSP,SC,ASO,ES,Combined TRACON& Tower with Radar,43,63,17,4,127,0,0,7,0,7,43,63,24,4,134,0,0,0,134
06/13/2015,GSP,SC,ASO,ES,Combined TRACON& Tower with Radar,31,33,8,0,72,0,0,5,4,9,31,33,13,4,81,0,0,0,81
06/14/2015,GSP,SC,ASO,ES,Combined TRACON& Tower with Radar,42,46,10,6,104,0,0,11,0,11,42,46,21,6,115,0,0,0,115
06/15/2015,GSP,SC,ASO,ES,Combined TRACON& Tower with Radar,39,51,26,0,116,0,0,1,0,1,39,51,27,0,117,0,0,0,117
06/16/2015,GSP,SC,ASO,ES,Combined TRACON& Tower with Radar,45,42,23,0,110,0,1,9,0,10,45,43,32,0,120,0,0,0,120
06/17/2015,GSP,SC,ASO,ES,Combined TRACON& Tower with Radar,44,50,20,2,116,0,0,7,2,9,44,50,27,4,125,0,0,0,125
06/18/2015,GSP,SC,ASO,ES,Combined TRACON& Tower with Radar,44,61,26,6,137,0,0,3,1,4,44,61,29,7,141,0,0,0,141
06/19/2015,GSP,SC,ASO,ES,Combined TRACON& Tower with Radar,47,50,18,9,124,0,0,4,1,5,47,50,22,10,129,0,0,0,129
06/20/2015,GSP,SC,ASO,ES,Combined TRACON& Tower with Radar,32,42,11,0,85,0,0,0,0,0,32,42,11,0,85,0,0,0,85
06/21/2015,GSP,SC,ASO,ES,Combined TRACON& Tower with Radar,38,45,7,3,93,0,0,6,0,6,38,45,13,3,99,0,0,0,99
06/22/2015,GSP,SC,ASO,ES,Combined TRACON& Tower with Radar,45,55,22,4,126,0,0,8,0,8,45,55,30,4,134,0,0,0,134
06/23/2015,GSP,SC,ASO,ES,Combined TRACON& Tower with Radar,48,51,22,0,121,0,1,1,0,2,48,52,23,0,123,0,0,0,123
06/24/2015,GSP,SC,ASO,ES,Combined TRACON& Tower with Radar,58,52,15,2,127,0,0,9,0,9,58,52,24,2,136,0,0,0,136
06/25/2015,GSP,SC,ASO,ES,Combined TRACON& Tower with Radar,49,54,15,10,128,0,0,5,2,7,49,54,20,12,135,0,0,0,135
06/26/2015,GSP,SC,ASO,ES,Combined TRACON& Tower with Radar,53,50,30,0,133,0,0,7,0,7,53,50,37,0,140,0,0,0,140
06/27/2015,GSP,SC,ASO,ES,Combined TRACON& Tower with Radar,34,32,11,4,81,0,0,3,3,6,34,32,14,7,87,0,0,0,87
06/28/2015,GSP,SC,ASO,ES,Combined TRACON& Tower with Radar,41,45,13,1,100,0,2,2,1,5,41,47,15,2,105,0,6,6,111
06/29/2015,GSP,SC,ASO,ES,Combined TRACON& Tower with Radar,42,48,13,0,103,0,1,10,0,11,42,49,23,0,114,0,0,0,114
06/30/2015,GSP,SC,ASO,ES,Combined TRACON& Tower with Radar,46,43,22,1,112,0,0,6,3,9,46,43,28,4,121,0,0,0,121
07/01/2015,GSP,SC,ASO,ES,Combined TRACON& Tower with Radar,44,52,25,15,136,0,0,7,1,8,44,52,32,16,144,0,0,0,144
07/02/2015,GSP,SC,ASO,ES,Combined TRACON& Tower with Radar,50,48,22,0,120,0,0,4,0,4,50,48,26,0,124,0,0,0,124
07/03/2015,GSP,SC,ASO,ES,Combined TRACON& Tower with Radar,40,40,9,0,89,0,0,0,0,0,40,40,9,0,89,0,0,0,89
07/04/2015,GSP,SC,ASO,ES,Combined TRACON& Tower with Radar,27,38,2,0,67,0,0,1,0,1,27,38,3,0,68,0,0,0,68
07/05/2015,GSP,SC,ASO,ES,Combined TRACON& Tower with Radar,41,45,9,0,95,0,0,5,0,5,41,45,14,0,100,0,0,0,100
07/06/2015,GSP,SC,ASO,ES,Combined TRACON& Tower with Radar,41,47,26,0,114,0,3,5,0,8,41,50,31,0,122,0,0,0,122
07/07/2015,GSP,SC,ASO,ES,Combined TRACON& Tower with Radar,42,54,20,4,120,0,0,5,1,6,42,54,25,5,126,0,0,0,126
07/08/2015,GSP,SC,ASO,ES,Combined TRACON& Tower with Radar,43,61,18,6,128,0,0,15,2,17,43,61,33,8,145,0,0,0,145
07/09/2015,GSP,SC,ASO,ES,Combined TRACON& Tower with Radar,47,59,26,2,134,0,1,10,0,11,47,60,36,2,145,4,0,4,149
07/10/2015,GSP,SC,ASO,ES,Combined TRACON& Tower with Radar,43,55,14,7,119,0,0,10,0,10,43,55,24,7,129,0,0,0,129
07/11/2015,GSP,SC,ASO,ES,Combined TRACON& Tower with Radar,27,40,8,0,75,0,0,2,0,2,27,40,10,0,77,0,0,0,77
07/12/2015,GSP,SC,ASO,ES,Combined TRACON& Tower with Radar,35,47,16,5,103,0,0,3,1,4,35,47,19,6,107,0,6,6,113
07/13/2015,GSP,SC,ASO,ES,Combined TRACON& Tower with Radar,45,55,16,2,118,0,0,6,2,8,45,55,22,4,126,0,0,0,126
07/14/2015,GSP,SC,ASO,ES,Combined TRACON& Tower with Radar,50,53,11,0,114,0,0,4,0,4,50,53,15,0,118,0,0,0,118
07/15/2015,GSP,SC,ASO,ES,Combined TRACON& Tower with Radar,43,56,30,6,135,0,2,8,0,10,43,58,38,6,145,0,6,6,151
07/16/2015,GSP,SC,ASO,ES,Combined TRACON& Tower with Radar,49,51,23,1,124,0,2,12,3,17,49,53,35,4,141,0,4,4,145
07/17/2015,GSP,SC,ASO,ES,Combined TRACON& Tower with Radar,44,51,21,0,116,0,0,4,0,4,44,51,25,0,120,0,0,0,120
07/18/2015,GSP,SC,ASO,ES,Combined TRACON& Tower with Radar,30,34,7,0,71,0,0,8,2,10,30,34,15,2,81,0,0,0,81
07/19/2015,GSP,SC,ASO,ES,Combined TRACON& Tower with Radar,37,48,13,0,98,0,1,13,0,14,37,49,26,0,112,2,0,2,114
07/20/2015,GSP,SC,ASO,ES,Combined TRACON& Tower with Radar,40,56,13,2,111,0,3,3,2,8,40,59,16,4,119,0,0,0,119
07/21/2015,GSP,SC,ASO,ES,Combined TRACON& Tower with Radar,43,59,34,2,138,0,0,6,0,6,43,59,40,2,144,0,0,0,144
07/22/2015,GSP,SC,ASO,ES,Combined TRACON& Tower with Radar,50,62,26,0,138,0,3,11,2,16,50,65,37,2,154,0,0,0,154
07/23/2015,GSP,SC,ASO,ES,Combined TRACON& Tower with Radar,59,60,28,1,148,0,1,1,1,3,59,61,29,2,151,0,0,0,151
07/24/2015,GSP,SC,ASO,ES,Combined TRACON& Tower with Radar,44,58,15,0,117,0,0,4,0,4,44,58,19,0,121,0,0,0,121
07/25/2015,GSP,SC,ASO,ES,Combined TRACON& Tower with Radar,23,43,9,3,78,0,0,13,1,14,23,43,22,4,92,0,0,0,92
07/26/2015,GSP,SC,ASO,ES,Combined TRACON& Tower with Radar,35,53,7,6,101,0,2,6,0,8,35,55,13,6,109,0,0,0,109
07/27/2015,GSP,SC,ASO,ES,Combined TRACON& Tower with Radar,41,56,14,17,128,0,4,6,1,11,41,60,20,18,139,12,0,12,151
07/28/2015,GSP,SC,ASO,ES,Combined TRACON& Tower with Radar,43,55,13,4,115,0,0,0,2,2,43,55,13,6,117,0,24,24,141
07/29/2015,GSP,SC,ASO,ES,Combined TRACON& Tower with Radar,42,61,28,2,133,0,0,3,0,3,42,61,31,2,136,0,0,0,136
07/30/2015,GSP,SC,ASO,ES,Combined TRACON& Tower with Radar,46,56,18,3,123,0,0,10,3,13,46,56,28,6,136,0,0,0,136
07/31/2015,GSP,SC,ASO,ES,Combined TRACON& Tower with Radar,55,57,12,10,134,0,0,6,0,6,55,57,18,10,140,0,0,0,140
08/01/2015,GSP,SC,ASO,ES,Combined TRACON& Tower with Radar,24,39,12,6,81,0,0,15,0,15,24,39,27,6,96,4,0,4,100
08/02/2015,GSP,SC,ASO,ES,Combined TRACON& Tower with Radar,40,43,8,2,93,0,2,5,0,7,40,45,13,2,100,0,0,0,100
08/03/2015,GSP,SC,ASO,ES,Combined TRACON& Tower with Radar,39,61,16,6,122,0,1,6,6,13,39,62,22,12,135,0,10,10,145
08/04/2015,GSP,SC,ASO,ES,Combined TRACON& Tower with Radar,27,39,22,5,93,0,0,5,3,8,27,39,27,8,101,18,0,18,119
08/05/2015,GSP,SC,ASO,ES,Combined TRACON& Tower with Radar,35,45,19,8,107,0,2,6,1,9,35,47,25,9,116,0,0,0,116
08/06/2015,GSP,SC,ASO,ES,Combined TRACON& Tower with Radar,47,54,18,1,120,0,0,4,1,5,47,54,22,2,125,0,0,0,125
08/07/2015,GSP,SC,ASO,ES,Combined TRACON& Tower with Radar,41,60,16,14,131,0,0,8,3,11,41,60,24,17,142,0,6,6,148
08/08/2015,GSP,SC,ASO,ES,Combined TRACON& Tower with Radar,26,38,10,0,74,0,0,1,3,4,26,38,11,3,78,0,0,0,78
08/09/2015,GSP,SC,ASO,ES,Combined TRACON& Tower with Radar,40,50,12,2,104,0,1,3,0,4,40,51,15,2,108,0,0,0,108
08/10/2015,GSP,SC,ASO,ES,Combined TRACON& Tower with Radar,44,56,15,4,119,0,1,4,0,5,44,57,19,4,124,0,0,0,124
08/11/2015,GSP,SC,ASO,ES,Combined TRACON& Tower with Radar,45,62,15,2,124,0,0,4,0,4,45,62,19,2,128,0,0,0,128
08/12/2015,GSP,SC,ASO,ES,Combined TRACON& Tower with Radar,39,63,19,12,133,0,0,6,2,8,39,63,25,14,141,16,0,16,157
08/13/2015,GSP,SC,ASO,ES,Combined TRACON& Tower with Radar,45,57,23,2,127,0,2,6,0,8,45,59,29,2,135,0,0,0,135
08/14/2015,GSP,SC,ASO,ES,Combined TRACON& Tower with Radar,41,54,14,25,134,0,3,19,2,24,41,57,33,27,158,0,0,0,158
08/15/2015,GSP,SC,ASO,ES,Combined TRACON& Tower with Radar,28,40,6,0,74,0,0,3,2,5,28,40,9,2,79,0,0,0,79
08/16/2015,GSP,SC,ASO,ES,Combined TRACON& Tower with Radar,32,49,8,9,98,0,0,6,1,7,32,49,14,10,105,0,0,0,105
08/17/2015,GSP,SC,ASO,ES,Combined TRACON& Tower with Radar,47,57,13,0,117,0,0,5,0,5,47,57,18,0,122,6,0,6,128
08/18/2015,GSP,SC,ASO,ES,Combined TRACON& Tower with Radar,42,59,12,7,120,0,0,4,0,4,42,59,16,7,124,0,0,0,124
08/19/2015,GSP,SC,ASO,ES,Combined TRACON& Tower with Radar,43,65,32,0,140,0,0,2,0,2,43,65,34,0,142,18,0,18,160
08/20/2015,GSP,SC,ASO,ES,Combined TRACON& Tower with Radar,39,57,6,3,105,0,0,2,0,2,39,57,8,3,107,6,6,12,119
08/21/2015,GSP,SC,ASO,ES,Combined TRACON& Tower with Radar,34,56,12,5,107,0,2,2,0,4,34,58,14,5,111,0,0,0,111
08/22/2015,GSP,SC,ASO,ES,Combined TRACON& Tower with Radar,20,34,4,0,58,0,0,0,0,0,20,34,4,0,58,0,0,0,58
08/23/2015,GSP,SC,ASO,ES,Combined TRACON& Tower with Radar,36,46,10,0,92,0,0,1,0,1,36,46,11,0,93,0,0,0,93
08/24/2015,GSP,SC,ASO,ES,Combined TRACON& Tower with Radar,32,57,20,10,119,0,0,4,1,5,32,57,24,11,124,0,0,0,124
08/25/2015,GSP,SC,ASO,ES,Combined TRACON& Tower with Radar,37,53,30,0,120,0,1,3,0,4,37,54,33,0,124,2,0,2,126
08/26/2015,GSP,SC,ASO,ES,Combined TRACON& Tower with Radar,37,52,17,0,106,0,0,1,1,2,37,52,18,1,108,0,0,0,108
08/27/2015,GSP,SC,ASO,ES,Combined TRACON& Tower with Radar,35,57,24,2,118,0,0,3,0,3,35,57,27,2,121,2,0,2,123
08/28/2015,GSP,SC,ASO,ES,Combined TRACON& Tower with Radar,33,48,19,0,100,0,0,2,0,2,33,48,21,0,102,0,0,0,102
08/29/2015,GSP,SC,ASO,ES,Combined TRACON& Tower with Radar,23,31,8,2,64,0,0,3,0,3,23,31,11,2,67,0,0,0,67
08/30/2015,GSP,SC,ASO,ES,Combined TRACON& Tower with Radar,28,47,9,0,84,0,0,3,0,3,28,47,12,0,87,0,0,0,87
08/31/2015,GSP,SC,ASO,ES,Combined TRACON& Tower with Radar,35,52,14,6,107,0,0,4,2,6,35,52,18,8,113,0,0,0,113
09/01/2015,GSP,SC,ASO,ES,Combined TRACON& Tower with Radar,41,62,19,6,128,0,2,4,1,7,41,64,23,7,135,8,0,8,143
09/02/2015,GSP,SC,ASO,ES,Combined TRACON& Tower with Radar,39,63,12,6,120,0,2,17,0,19,39,65,29,6,139,20,0,20,159
09/03/2015,GSP,SC,ASO,ES,Combined TRACON& Tower with Radar,51,63,17,0,131,0,0,5,0,5,51,63,22,0,136,0,0,0,136
09/04/2015,GSP,SC,ASO,ES,Combined TRACON& Tower with Radar,35,58,15,0,108,0,0,4,4,8,35,58,19,4,116,1,0,1,117
09/05/2015,GSP,SC,ASO,ES,Combined TRACON& Tower with Radar,19,25,9,0,53,0,0,0,0,0,19,25,9,0,53,0,0,0,53
09/06/2015,GSP,SC,ASO,ES,Combined TRACON& Tower with Radar,25,28,9,0,62,0,0,2,0,2,25,28,11,0,64,0,0,0,64
09/07/2015,GSP,SC,ASO,ES,Combined TRACON& Tower with Radar,28,46,12,0,86,0,0,3,0,3,28,46,15,0,89,0,0,0,89
09/08/2015,GSP,SC,ASO,ES,Combined TRACON& Tower with Radar,26,53,21,5,105,0,0,2,0,2,26,53,23,5,107,0,2,2,109
09/09/2015,GSP,SC,ASO,ES,Combined TRACON& Tower with Radar,28,45,19,0,92,0,0,1,0,1,28,45,20,0,93,0,0,0,93
09/10/2015,GSP,SC,ASO,ES,Combined TRACON& Tower with Radar,54,49,29,5,137,0,0,5,1,6,54,49,34,6,143,0,8,8,151
09/11/2015,GSP,SC,ASO,ES,Combined TRACON& Tower with Radar,35,48,17,1,101,0,0,5,2,7,35,48,22,3,108,2,0,2,110
09/12/2015,GSP,SC,ASO,ES,Combined TRACON& Tower with Radar,24,31,7,0,62,0,0,1,0,1,24,31,8,0,63,0,0,0,63
09/13/2015,GSP,SC,ASO,ES,Combined TRACON& Tower with Radar,29,47,11,1,88,0,0,4,1,5,29,47,15,2,93,0,4,4,97
09/14/2015,GSP,SC,ASO,ES,Combined TRACON& Tower with Radar,35,62,19,1,117,0,0,1,2,3,35,62,20,3,120,0,0,0,120
09/15/2015,GSP,SC,ASO,ES,Combined TRACON& Tower with Radar,36,56,13,2,107,0,0,2,6,8,36,56,15,8,115,0,0,0,115
09/16/2015,GSP,SC,ASO,ES,Combined TRACON& Tower with Radar,39,66,21,6,132,0,0,5,1,6,39,66,26,7,138,0,0,0,138
09/17/2015,GSP,SC,ASO,ES,Combined TRACON& Tower with Radar,38,61,27,0,126,0,0,2,0,2,38,61,29,0,128,0,0,0,128
09/18/2015,GSP,SC,ASO,ES,Combined TRACON& Tower with Radar,36,70,15,5,126,0,0,2,1,3,36,70,17,6,129,0,0,0,129
09/19/2015,GSP,SC,ASO,ES,Combined TRACON& Tower with Radar,24,29,8,0,61,0,1,1,0,2,24,30,9,0,63,0,0,0,63
09/20/2015,GSP,SC,ASO,ES,Combined TRACON& Tower with Radar,31,50,2,4,87,0,0,2,1,3,31,50,4,5,90,0,0,0,90
09/21/2015,GSP,SC,ASO,ES,Combined TRACON& Tower with Radar,35,65,19,0,119,0,0,1,1,2,35,65,20,1,121,0,4,4,125
09/22/2015,GSP,SC,ASO,ES,Combined TRACON& Tower with Radar,40,53,22,0,115,0,1,3,0,4,40,54,25,0,119,0,0,0,119
09/23/2015,GSP,SC,ASO,ES,Combined TRACON& Tower with Radar,42,67,18,8,135,0,0,12,0,12,42,67,30,8,147,0,0,0,147
09/24/2015,GSP,SC,ASO,ES,Combined TRACON& Tower with Radar,45,78,33,2,158,0,0,3,3,6,45,78,36,5,164,0,16,16,180
09/25/2015,GSP,SC,ASO,ES,Combined TRACON& Tower with Radar,35,70,18,0,123,0,0,0,0,0,35,70,18,0,123,0,0,0,123
09/26/2015,GSP,SC,ASO,ES,Combined TRACON& Tower with Radar,30,36,5,0,71,0,0,0,0,0,30,36,5,0,71,0,0,0,71
09/27/2015,GSP,SC,ASO,ES,Combined TRACON& Tower with Radar,40,54,12,0,106,0,0,0,0,0,40,54,12,0,106,0,0,0,106
09/28/2015,GSP,SC,ASO,ES,Combined TRACON& Tower with Radar,37,78,18,0,133,0,0,0,0,0,37,78,18,0,133,0,0,0,133
09/29/2015,GSP,SC,ASO,ES,Combined TRACON& Tower with Radar,40,68,16,2,126,0,0,1,0,1,40,68,17,2,127,0,20,20,147
09/30/2015,GSP,SC,ASO,ES,Combined TRACON& Tower with Radar,44,70,17,2,133,0,0,6,0,6,44,70,23,2,139,0,0,0,139
10/01/2015,GSP,SC,ASO,ES,Combined TRACON& Tower with Radar,46,75,25,0,146,0,0,1,0,1,46,75,26,0,147,0,0,0,147
10/02/2015,GSP,SC,ASO,ES,Combined TRACON& Tower with Radar,40,62,25,4,131,0,0,0,1,1,40,62,25,5,132,0,0,0,132
10/03/2015,GSP,SC,ASO,ES,Combined TRACON& Tower with Radar,34,40,0,0,74,0,0,0,0,0,34,40,0,0,74,0,0,0,74
10/04/2015,GSP,SC,ASO,ES,Combined TRACON& Tower with Radar,9,10,2,0,21,0,0,0,0,0,9,10,2,0,21,0,0,0,21
10/05/2015,GSP,SC,ASO,ES,Combined TRACON& Tower with Radar,33,60,19,0,112,0,0,4,4,8,33,60,23,4,120,0,0,0,120
10/06/2015,GSP,SC,ASO,ES,Combined TRACON& Tower with Radar,36,69,33,8,146,0,0,11,0,11,36,69,44,8,157,0,0,0,157
10/07/2015,GSP,SC,ASO,ES,Combined TRACON& Tower with Radar,43,73,32,0,148,0,0,17,0,17,43,73,49,0,165,0,0,0,165
10/08/2015,GSP,SC,ASO,ES,Combined TRACON& Tower with Radar,43,70,31,8,152,0,1,12,2,15,43,71,43,10,167,2,14,16,183
10/09/2015,GSP,SC,ASO,ES,Combined TRACON& Tower with Radar,32,65,27,17,141,0,0,15,0,15,32,65,42,17,156,0,0,0,156
10/10/2015,GSP,SC,ASO,ES,Combined TRACON& Tower with Radar,33,31,4,0,68,0,0,0,0,0,33,31,4,0,68,0,0,0,68
10/11/2015,GSP,SC,ASO,ES,Combined TRACON& Tower with Radar,39,48,10,0,97,0,2,7,0,9,39,50,17,0,106,0,0,0,106
10/12/2015,GSP,SC,ASO,ES,Combined TRACON& Tower with Radar,36,65,19,2,122,0,0,10,0,10,36,65,29,2,132,0,0,0,132
10/13/2015,GSP,SC,ASO,ES,Combined TRACON& Tower with Radar,45,67,21,7,140,0,1,9,3,13,45,68,30,10,153,0,10,10,163
10/14/2015,GSP,SC,ASO,ES,Combined TRACON& Tower with Radar,38,62,19,2,121,0,0,7,0,7,38,62,26,2,128,0,0,0,128
10/15/2015,GSP,SC,ASO,ES,Combined TRACON& Tower with Radar,43,72,9,3,127,0,2,6,2,10,43,74,15,5,137,0,24,24,161
10/16/2015,GSP,SC,ASO,ES,Combined TRACON& Tower with Radar,38,66,13,6,123,0,0,4,0,4,38,66,17,6,127,0,0,0,127
10/17/2015,GSP,SC,ASO,ES,Combined TRACON& Tower with Radar,36,35,2,5,78,0,0,13,0,13,36,35,15,5,91,0,0,0,91
10/18/2015,GSP,SC,ASO,ES,Combined TRACON& Tower with Radar,39,51,13,2,105,0,0,6,2,8,39,51,19,4,113,0,0,0,113
10/19/2015,GSP,SC,ASO,ES,Combined TRACON& Tower with Radar,37,66,21,6,130,0,0,8,8,16,37,66,29,14,146,0,0,0,146
10/20/2015,GSP,SC,ASO,ES,Combined TRACON& Tower with Radar,46,62,26,3,137,0,2,15,8,25,46,64,41,11,162,4,32,36,198
10/21/2015,GSP,SC,ASO,ES,Combined TRACON& Tower with Radar,39,69,22,33,163,0,0,14,2,16,39,69,36,35,179,0,12,12,191
10/22/2015,GSP,SC,ASO,ES,Combined TRACON& Tower with Radar,43,73,21,4,141,0,0,16,2,18,43,73,37,6,159,12,0,12,171
10/23/2015,GSP,SC,ASO,ES,Combined TRACON& Tower with Radar,37,69,26,10,142,0,0,13,6,19,37,69,39,16,161,0,0,0,161
10/24/2015,GSP,SC,ASO,ES,Combined TRACON& Tower with Radar,36,34,14,0,84,0,0,0,0,0,36,34,14,0,84,0,0,0,84
10/25/2015,GSP,SC,ASO,ES,Combined TRACON& Tower with Radar,35,53,13,4,105,0,0,4,7,11,35,53,17,11,116,0,0,0,116
10/26/2015,GSP,SC,ASO,ES,Combined TRACON& Tower with Radar,37,69,16,0,122,0,0,0,0,0,37,69,16,0,122,0,0,0,122
10/27/2015,GSP,SC,ASO,ES,Combined TRACON& Tower with Radar,39,63,14,0,116,0,0,0,0,0,39,63,14,0,116,0,0,0,116
10/28/2015,GSP,SC,ASO,ES,Combined TRACON& Tower with Radar,38,56,35,0,129,0,0,0,2,2,38,56,35,2,131,0,0,0,131
10/29/2015,GSP,SC,ASO,ES,Combined TRACON& Tower with Radar,49,65,24,5,143,0,0,6,1,7,49,65,30,6,150,0,0,0,150
10/30/2015,GSP,SC,ASO,ES,Combined TRACON& Tower with Radar,35,62,26,14,137,0,0,14,0,14,35,62,40,14,151,18,0,18,169
10/31/2015,GSP,SC,ASO,ES,Combined TRACON& Tower with Radar,27,32,7,0,66,0,0,3,2,5,27,32,10,2,71,0,0,0,71
11/01/2015,GSP,SC,ASO,ES,Combined TRACON& Tower with Radar,38,50,8,0,96,0,0,0,0,0,38,50,8,0,96,0,0,0,96
11/02/2015,GSP,SC,ASO,ES,Combined TRACON& Tower with Radar,39,68,18,0,125,0,0,0,0,0,39,68,18,0,125,0,0,0,125
11/03/2015,GSP,SC,ASO,ES,Combined TRACON& Tower with Radar,42,74,21,2,139,0,0,0,0,0,42,74,21,2,139,0,0,0,139
11/04/2015,GSP,SC,ASO,ES,Combined TRACON& Tower with Radar,40,71,31,0,142,0,0,0,0,0,40,71,31,0,142,0,0,0,142
11/05/2015,GSP,SC,ASO,ES,Combined TRACON& Tower with Radar,44,73,23,3,143,0,0,0,0,0,44,73,23,3,143,0,0,0,143
11/06/2015,GSP,SC,ASO,ES,Combined TRACON& Tower with Radar,39,69,17,13,138,0,0,3,0,3,39,69,20,13,141,0,0,0,141
11/07/2015,GSP,SC,ASO,ES,Combined TRACON& Tower with Radar,26,36,8,0,70,0,0,2,0,2,26,36,10,0,72,4,0,4,76
11/08/2015,GSP,SC,ASO,ES,Combined TRACON& Tower with Radar,35,49,11,0,95,0,0,1,0,1,35,49,12,0,96,0,0,0,96
11/09/2015,GSP,SC,ASO,ES,Combined TRACON& Tower with Radar,41,73,27,0,141,0,0,0,0,0,41,73,27,0,141,0,0,0,141
11/10/2015,GSP,SC,ASO,ES,Combined TRACON& Tower with Radar,42,62,16,2,122,0,0,10,3,13,42,62,26,5,135,0,0,0,135
11/11/2015,GSP,SC,ASO,ES,Combined TRACON& Tower with Radar,26,48,33,0,107,0,0,9,3,12,26,48,42,3,119,0,0,0,119
11/12/2015,GSP,SC,ASO,ES,Combined TRACON& Tower with Radar,38,60,17,17,132,0,0,7,21,28,38,60,24,38,160,0,0,0,160
11/13/2015,GSP,SC,ASO,ES,Combined TRACON& Tower with Radar,41,68,22,5,136,0,0,15,6,21,41,68,37,11,157,0,0,0,157
11/14/2015,GSP,SC,ASO,ES,Combined TRACON& Tower with Radar,25,38,0,0,63,0,0,5,0,5,25,38,5,0,68,0,0,0,68
11/15/2015,GSP,SC,ASO,ES,Combined TRACON& Tower with Radar,34,48,19,0,101,0,0,5,2,7,34,48,24,2,108,0,0,0,108
11/16/2015,GSP,SC,ASO,ES,Combined TRACON& Tower with Radar,40,65,26,7,138,0,0,11,1,12,40,65,37,8,150,0,0,0,150
11/17/2015,GSP,SC,ASO,ES,Combined TRACON& Tower with Radar,46,65,35,3,149,0,0,18,1,19,46,65,53,4,168,0,0,0,168
11/18/2015,GSP,SC,ASO,ES,Combined TRACON& Tower with Radar,44,62,23,0,129,0,0,2,0,2,44,62,25,0,131,0,0,0,131
11/19/2015,GSP,SC,ASO,ES,Combined TRACON& Tower with Radar,42,64,20,0,126,0,0,3,1,4,42,64,23,1,130,0,0,0,130
11/20/2015,GSP,SC,ASO,ES,Combined TRACON& Tower with Radar,39,66,23,2,130,0,2,12,1,15,39,68,35,3,145,0,0,0,145
11/21/2015,GSP,SC,ASO,ES,Combined TRACON& Tower with Radar,21,40,8,0,69,0,0,6,0,6,21,40,14,0,75,0,0,0,75
11/22/2015,GSP,SC,ASO,ES,Combined TRACON& Tower with Radar,31,44,7,1,83,0,1,3,0,4,31,45,10,1,87,0,0,0,87
11/23/2015,GSP,SC,ASO,ES,Combined TRACON& Tower with Radar,37,56,16,1,110,0,0,16,1,17,37,56,32,2,127,4,0,4,131
11/24/2015,GSP,SC,ASO,ES,Combined TRACON& Tower with Radar,46,65,17,0,128,0,0,8,6,14,46,65,25,6,142,4,0,4,146
11/25/2015,GSP,SC,ASO,ES,Combined TRACON& Tower with Radar,47,71,6,0,124,0,0,4,0,4,47,71,10,0,128,0,0,0,128
11/26/2015,GSP,SC,ASO,ES,Combined TRACON& Tower with Radar,25,32,2,0,59,0,0,0,0,0,25,32,2,0,59,0,0,0,59
11/27/2015,GSP,SC,ASO,ES,Combined TRACON& Tower with Radar,30,43,6,0,79,0,0,4,0,4,30,43,10,0,83,0,0,0,83
11/28/2015,GSP,SC,ASO,ES,Combined TRACON& Tower with Radar,37,58,6,0,101,0,1,9,0,10,37,59,15,0,111,0,0,0,111
11/29/2015,GSP,SC,ASO,ES,Combined TRACON& Tower with Radar,35,64,13,0,112,0,0,5,0,5,35,64,18,0,117,0,0,0,117
11/30/2015,GSP,SC,ASO,ES,Combined TRACON& Tower with Radar,47,72,15,0,134,0,0,0,0,0,47,72,15,0,134,0,0,0,134
12/01/2015,GSP,SC,ASO,ES,Combined TRACON& Tower with Radar,43,61,38,0,142,0,0,0,0,0,43,61,38,0,142,0,0,0,142
12/02/2015,GSP,SC,ASO,ES,Combined TRACON& Tower with Radar,41,63,30,0,134,0,0,0,0,0,41,63,30,0,134,0,0,0,134
12/03/2015,GSP,SC,ASO,ES,Combined TRACON& Tower with Radar,45,70,19,8,142,0,1,3,0,4,45,71,22,8,146,0,0,0,146
12/04/2015,GSP,SC,ASO,ES,Combined TRACON& Tower with Radar,42,73,10,2,127,0,0,11,0,11,42,73,21,2,138,0,0,0,138
12/05/2015,GSP,SC,ASO,ES,Combined TRACON& Tower with Radar,25,35,6,1,67,0,0,10,0,10,25,35,16,1,77,0,0,0,77
12/06/2015,GSP,SC,ASO,ES,Combined TRACON& Tower with Radar,31,47,12,0,90,0,0,1,0,1,31,47,13,0,91,0,0,0,91
12/07/2015,GSP,SC,ASO,ES,Combined TRACON& Tower with Radar,43,61,21,3,128,0,0,9,0,9,43,61,30,3,137,4,2,6,143
12/08/2015,GSP,SC,ASO,ES,Combined TRACON& Tower with Radar,41,66,16,0,123,0,0,5,0,5,41,66,21,0,128,0,0,0,128
12/09/2015,GSP,SC,ASO,ES,Combined TRACON& Tower with Radar,42,76,20,0,138,0,0,10,0,10,42,76,30,0,148,8,0,8,156
12/10/2015,GSP,SC,ASO,ES,Combined TRACON& Tower with Radar,44,66,21,8,139,0,0,5,0,5,44,66,26,8,144,0,0,0,144
12/11/2015,GSP,SC,ASO,ES,Combined TRACON& Tower with Radar,45,66,19,4,134,0,0,0,0,0,45,66,19,4,134,0,0,0,134
12/12/2015,GSP,SC,ASO,ES,Combined TRACON& Tower with Radar,25,36,19,0,80,0,3,5,0,8,25,39,24,0,88,0,0,0,88
12/13/2015,GSP,SC,ASO,ES,Combined TRACON& Tower with Radar,31,48,6,1,86,0,0,11,0,11,31,48,17,1,97,2,0,2,99
12/14/2015,GSP,SC,ASO,ES,Combined TRACON& Tower with Radar,42,66,16,6,130,0,0,0,0,0,42,66,16,6,130,0,0,0,130
12/15/2015,GSP,SC,ASO,ES,Combined TRACON& Tower with Radar,41,66,18,10,135,0,0,15,0,15,41,66,33,10,150,6,16,22,172
12/16/2015,GSP,SC,ASO,ES,Combined TRACON& Tower with Radar,46,65,17,5,133,0,0,9,1,10,46,65,26,6,143,0,0,0,143
12/17/2015,GSP,SC,ASO,ES,Combined TRACON& Tower with Radar,47,72,25,0,144,0,0,0,0,0,47,72,25,0,144,0,0,0,144
12/18/2015,GSP,SC,ASO,ES,Combined TRACON& Tower with Radar,44,66,8,5,123,0,0,6,5,11,44,66,14,10,134,0,0,0,134
12/19/2015,GSP,SC,ASO,ES,Combined TRACON& Tower with Radar,28,45,9,0,82,0,0,6,0,6,28,45,15,0,88,0,0,0,88
12/20/2015,GSP,SC,ASO,ES,Combined TRACON& Tower with Radar,26,55,6,0,87,0,0,4,0,4,26,55,10,0,91,0,0,0,91
12/21/2015,GSP,SC,ASO,ES,Combined TRACON& Tower with Radar,34,63,11,21,129,0,0,2,0,2,34,63,13,21,131,0,0,0,131
12/22/2015,GSP,SC,ASO,ES,Combined TRACON& Tower with Radar,40,61,6,4,111,0,0,1,0,1,40,61,7,4,112,0,0,0,112
12/23/2015,GSP,SC,ASO,ES,Combined TRACON& Tower with Radar,38,63,12,0,113,0,0,0,0,0,38,63,12,0,113,0,0,0,113
12/24/2015,GSP,SC,ASO,ES,Combined TRACON& Tower with Radar,28,35,5,0,68,0,0,0,0,0,28,35,5,0,68,0,0,0,68
12/25/2015,GSP,SC,ASO,ES,Combined TRACON& Tower with Radar,26,34,2,0,62,0,0,0,0,0,26,34,2,0,62,0,0,0,62
12/26/2015,GSP,SC,ASO,ES,Combined TRACON& Tower with Radar,32,54,11,0,97,0,0,3,0,3,32,54,14,0,100,0,0,0,100
12/27/2015,GSP,SC,ASO,ES,Combined TRACON& Tower with Radar,20,48,14,0,82,0,0,0,0,0,20,48,14,0,82,0,0,0,82
12/28/2015,GSP,SC,ASO,ES,Combined TRACON& Tower with Radar,32,56,4,0,92,0,0,0,0,0,32,56,4,0,92,0,0,0,92
12/29/2015,GSP,SC,ASO,ES,Combined TRACON& Tower with Radar,37,64,17,2,120,0,0,6,0,6,37,64,23,2,126,0,0,0,126
12/30/2015,GSP,SC,ASO,ES,Combined TRACON& Tower with Radar,33,65,6,0,104,0,0,0,0,0,33,65,6,0,104,0,0,0,104
12/31/2015,GSP,SC,ASO,ES,Combined TRACON& Tower with Radar,26,48,13,0,87,0,0,5,0,5,26,48,18,0,92,0,0,0,92
01/01/2016,GSP,SC,ASO,ES,Combined TRACON& Tower with Radar,28,49,5,0,82,0,0,0,0,0,28,49,5,0,82,0,0,0,82
01/02/2016,GSP,SC,ASO,ES,Combined TRACON& Tower with Radar,21,52,6,0,79,0,0,11,0,11,21,52,17,0,90,0,0,0,90
01/03/2016,GSP,SC,ASO,ES,Combined TRACON& Tower with Radar,25,51,6,0,82,0,0,6,0,6,25,51,12,0,88,0,0,0,88
01/04/2016,GSP,SC,ASO,ES,Combined TRACON& Tower with Radar,32,69,8,2,111,0,1,2,0,3,32,70,10,2,114,0,0,0,114
01/05/2016,GSP,SC,ASO,ES,Combined TRACON& Tower with Radar,38,61,23,16,138,0,2,8,3,13,38,63,31,19,151,0,0,0,151
01/06/2016,GSP,SC,ASO,ES,Combined TRACON& Tower with Radar,40,56,27,16,139,0,2,7,6,15,40,58,34,22,154,16,8,24,178
01/07/2016,GSP,SC,ASO,ES,Combined TRACON& Tower with Radar,44,63,11,1,119,0,0,11,0,11,44,63,22,1,130,0,0,0,130
01/08/2016,GSP,SC,ASO,ES,Combined TRACON& Tower with Radar,46,51,9,0,106,0,0,0,0,0,46,51,9,0,106,0,0,0,106
01/09/2016,GSP,SC,ASO,ES,Combined TRACON& Tower with Radar,47,25,2,1,75,0,0,0,0,0,47,25,2,1,75,0,0,0,75
01/10/2016,GSP,SC,ASO,ES,Combined TRACON& Tower with Radar,40,44,10,0,94,0,0,6,1,7,40,44,16,1,101,0,0,0,101
01/11/2016,GSP,SC,ASO,ES,Combined TRACON& Tower with Radar,43,55,14,8,120,0,0,5,2,7,43,55,19,10,127,6,0,6,133
01/12/2016,GSP,SC,ASO,ES,Combined TRACON& Tower with Radar,66,60,33,0,159,0,0,10,1,11,66,60,43,1,170,0,0,0,170
01/13/2016,GSP,SC,ASO,ES,Combined TRACON& Tower with Radar,39,60,19,12,130,0,1,10,4,15,39,61,29,16,145,10,0,10,155
01/14/2016,GSP,SC,ASO,ES,Combined TRACON& Tower with Radar,40,58,25,2,125,0,0,3,1,4,40,58,28,3,129,0,0,0,129
01/15/2016,GSP,SC,ASO,ES,Combined TRACON& Tower with Radar,45,54,19,0,118,0,0,0,0,0,45,54,19,0,118,0,0,0,118
01/16/2016,GSP,SC,ASO,ES,Combined TRACON& Tower with Radar,28,31,2,2,63,0,22,2,1,25,28,53,4,3,88,8,32,40,128
01/17/2016,GSP,SC,ASO,ES,Combined TRACON& Tower with Radar,35,28,1,0,64,0,0,0,0,0,35,28,1,0,64,0,0,0,64
01/18/2016,GSP,SC,ASO,ES,Combined TRACON& Tower with Radar,37,52,15,0,104,0,0,3,0,3,37,52,18,0,107,0,0,0,107
01/19/2016,GSP,SC,ASO,ES,Combined TRACON& Tower with Radar,40,62,24,6,132,0,0,4,1,5,40,62,28,7,137,0,0,0,137
01/20/2016,GSP,SC,ASO,ES,Combined TRACON& Tower with Radar,40,58,13,4,115,0,0,1,3,4,40,58,14,7,119,0,0,0,119
01/21/2016,GSP,SC,ASO,ES,Combined TRACON& Tower with Radar,45,59,18,0,122,0,1,4,2,7,45,60,22,2,129,0,0,0,129
01/22/2016,GSP,SC,ASO,ES,Combined TRACON& Tower with Radar,14,9,6,0,29,0,0,0,0,0,14,9,6,0,29,0,0,0,29
01/23/2016,GSP,SC,ASO,ES,Combined TRACON& Tower with Radar,18,16,5,0,39,0,2,1,0,3,18,18,6,0,42,0,0,0,42
01/24/2016,GSP,SC,ASO,ES,Combined TRACON& Tower with Radar,34,24,9,0,67,0,0,4,2,6,34,24,13,2,73,0,0,0,73
01/25/2016,GSP,SC,ASO,ES,Combined TRACON& Tower with Radar,39,47,19,4,109,0,2,5,0,7,39,49,24,4,116,0,8,8,124
01/26/2016,GSP,SC,ASO,ES,Combined TRACON& Tower with Radar,39,50,18,4,111,0,1,6,0,7,39,51,24,4,118,0,0,0,118
01/27/2016,GSP,SC,ASO,ES,Combined TRACON& Tower with Radar,37,66,17,0,120,0,0,3,0,3,37,66,20,0,123,0,0,0,123
01/28/2016,GSP,SC,ASO,ES,Combined TRACON& Tower with Radar,44,59,16,3,122,0,0,5,3,8,44,59,21,6,130,0,0,0,130
01/29/2016,GSP,SC,ASO,ES,Combined TRACON& Tower with Radar,42,53,11,0,106,0,0,6,0,6,42,53,17,0,112,0,0,0,112
01/30/2016,GSP,SC,ASO,ES,Combined TRACON& Tower with Radar,25,28,10,2,65,0,0,10,0,10,25,28,20,2,75,4,0,4,79
01/31/2016,GSP,SC,ASO,ES,Combined TRACON& Tower with Radar,38,41,16,0,95,0,2,3,0,5,38,43,19,0,100,0,0,0,100
02/01/2016,GSP,SC,ASO,ES,Combined TRACON& Tower with Radar,42,47,19,0,108,0,0,2,0,2,42,47,21,0,110,0,0,0,110
02/02/2016,GSP,SC,ASO,ES,Combined TRACON& Tower with Radar,40,53,11,0,104,0,0,0,0,0,40,53,11,0,104,0,0,0,104
02/03/2016,GSP,SC,ASO,ES,Combined TRACON& Tower with Radar,40,50,17,0,107,0,0,4,0,4,40,50,21,0,111,0,0,0,111
02/04/2016,GSP,SC,ASO,ES,Combined TRACON& Tower with Radar,46,55,39,23,163,0,1,8,6,15,46,56,47,29,178,2,18,20,198
02/05/2016,GSP,SC,ASO,ES,Combined TRACON& Tower with Radar,43,50,14,0,107,0,0,5,0,5,43,50,19,0,112,0,0,0,112
02/06/2016,GSP,SC,ASO,ES,Combined TRACON& Tower with Radar,26,25,11,0,62,0,0,4,0,4,26,25,15,0,66,6,0,6,72
02/07/2016,GSP,SC,ASO,ES,Combined TRACON& Tower with Radar,34,38,10,0,82,0,0,2,0,2,34,38,12,0,84,0,0,0,84
02/08/2016,GSP,SC,ASO,ES,Combined TRACON& Tower with Radar,44,51,21,2,118,0,0,2,1,3,44,51,23,3,121,0,0,0,121
02/09/2016,GSP,SC,ASO,ES,Combined TRACON& Tower with Radar,38,58,10,0,106,0,0,2,1,3,38,58,12,1,109,0,0,0,109
02/10/2016,GSP,SC,ASO,ES,Combined TRACON& Tower with Radar,39,60,28,4,131,0,0,6,0,6,39,60,34,4,137,0,0,0,137
02/11/2016,GSP,SC,ASO,ES,Combined TRACON& Tower with Radar,39,57,27,9,132,0,0,14,11,25,39,57,41,20,157,8,8,16,173
02/12/2016,GSP,SC,ASO,ES,Combined TRACON& Tower with Radar,37,54,22,0,113,0,0,5,0,5,37,54,27,0,118,0,0,0,118
02/13/2016,GSP,SC,ASO,ES,Combined TRACON& Tower with Radar,27,30,11,0,68,0,0,8,2,10,27,30,19,2,78,0,0,0,78
02/14/2016,GSP,SC,ASO,ES,Combined TRACON& Tower with Radar,33,38,16,0,87,0,1,3,0,4,33,39,19,0,91,8,0,8,99
02/15/2016,GSP,SC,ASO,ES,Combined TRACON& Tower with Radar,42,37,19,0,98,0,0,0,0,0,42,37,19,0,98,0,0,0,98
02/16/2016,GSP,SC,ASO,ES,Combined TRACON& Tower with Radar,37,44,20,3,104,0,0,3,3,6,37,44,23,6,110,0,20,20,130
02/17/2016,GSP,SC,ASO,ES,Combined TRACON& Tower with Radar,41,60,30,2,133,0,0,13,0,13,41,60,43,2,146,0,6,6,152
02/18/2016,GSP,SC,ASO,ES,Combined TRACON& Tower with Radar,41,60,24,0,125,0,0,4,0,4,41,60,28,0,129,0,0,0,129
02/19/2016,GSP,SC,ASO,ES,Combined TRACON& Tower with Radar,39,51,15,8,113,0,0,12,0,12,39,51,27,8,125,4,2,6,131
02/20/2016,GSP,SC,ASO,ES,Combined TRACON& Tower with Radar,25,36,13,0,74,0,0,3,0,3,25,36,16,0,77,8,0,8,85
02/21/2016,GSP,SC,ASO,ES,Combined TRACON& Tower with Radar,34,45,12,0,91,0,0,4,0,4,34,45,16,0,95,0,0,0,95
02/22/2016,GSP,SC,ASO,ES,Combined TRACON& Tower with Radar,36,55,8,2,101,0,0,2,0,2,36,55,10,2,103,0,0,0,103
02/23/2016,GSP,SC,ASO,ES,Combined TRACON& Tower with Radar,35,57,18,0,110,0,0,0,0,0,35,57,18,0,110,0,0,0,110
02/24/2016,GSP,SC,ASO,ES,Combined TRACON& Tower with Radar,42,43,17,0,102,0,0,1,0,1,42,43,18,0,103,0,0,0,103
02/25/2016,GSP,SC,ASO,ES,Combined TRACON& Tower with Radar,36,58,20,0,114,0,0,11,2,13,36,58,31,2,127,0,0,0,127
02/26/2016,GSP,SC,ASO,ES,Combined TRACON& Tower with Radar,36,52,27,2,117,0,0,10,0,10,36,52,37,2,127,0,0,0,127
02/27/2016,GSP,SC,ASO,ES,Combined TRACON& Tower with Radar,24,40,7,2,73,0,1,17,0,18,24,41,24,2,91,6,0,6,97
02/28/2016,GSP,SC,ASO,ES,Combined TRACON& Tower with Radar,31,49,11,0,91,0,5,11,0,16,31,54,22,0,107,0,0,0,107
02/29/2016,GSP,SC,ASO,ES,Combined TRACON& Tower with Radar,40,60,13,0,113,0,2,10,2,14,40,62,23,2,127,0,0,0,127
03/01/2016,GSP,SC,ASO,ES,Combined TRACON& Tower with Radar,40,56,21,6,123,0,0,6,0,6,40,56,27,6,129,0,0,0,129
03/02/2016,GSP,SC,ASO,ES,Combined TRACON& Tower with Radar,44,51,26,0,121,0,0,9,2,11,44,51,35,2,132,0,0,0,132
03/03/2016,GSP,SC,ASO,ES,Combined TRACON& Tower with Radar,47,48,19,4,118,1,0,2,2,5,48,48,21,6,123,8,16,24,147
03/04/2016,GSP,SC,ASO,ES,Combined TRACON& Tower with Radar,43,50,17,16,126,0,0,5,1,6,43,50,22,17,132,0,0,0,132
03/05/2016,GSP,SC,ASO,ES,Combined TRACON& Tower with Radar,29,31,16,6,82,0,2,8,0,10,29,33,24,6,92,0,0,0,92
03/06/2016,GSP,SC,ASO,ES,Combined TRACON& Tower with Radar,39,44,2,1,86,0,0,6,0,6,39,44,8,1,92,0,0,0,92
03/07/2016,GSP,SC,ASO,ES,Combined TRACON& Tower with Radar,43,52,10,6,111,0,0,3,0,3,43,52,13,6,114,0,0,0,114
03/08/2016,GSP,SC,ASO,ES,Combined TRACON& Tower with Radar,45,57,17,8,127,0,0,4,0,4,45,57,21,8,131,0,0,0,131
03/09/2016,GSP,SC,ASO,ES,Combined TRACON& Tower with Radar,42,48,22,9,121,0,0,13,3,16,42,48,35,12,137,8,0,8,145
03/10/2016,GSP,SC,ASO,ES,Combined TRACON& Tower with Radar,46,53,13,1,113,0,0,4,3,7,46,53,17,4,120,0,30,30,150
03/11/2016,GSP,SC,ASO,ES,Combined TRACON& Tower with Radar,46,48,19,0,113,0,0,9,0,9,46,48,28,0,122,0,0,0,122
03/12/2016,GSP,SC,ASO,ES,Combined TRACON& Tower with Radar,34,31,7,2,74,0,0,5,0,5,34,31,12,2,79,4,0,4,83
03/13/2016,GSP,SC,ASO,ES,Combined TRACON& Tower with Radar,36,50,5,0,91,0,0,0,0,0,36,50,5,0,91,0,0,0,91
03/14/2016,GSP,SC,ASO,ES,Combined TRACON& Tower with Radar,41,50,26,0,117,0,0,6,4,10,41,50,32,4,127,0,0,0,127
03/15/2016,GSP,SC,ASO,ES,Combined TRACON& Tower with Radar,42,51,20,3,116,0,0,11,1,12,42,51,31,4,128,0,0,0,128
03/16/2016,GSP,SC,ASO,ES,Combined TRACON& Tower with Radar,40,58,14,4,116,0,2,2,8,12,40,60,16,12,128,0,0,0,128
03/17/2016,GSP,SC,ASO,ES,Combined TRACON& Tower with Radar,42,52,16,2,112,0,1,3,0,4,42,53,19,2,116,0,0,0,116
03/18/2016,GSP,SC,ASO,ES,Combined TRACON& Tower with Radar,42,54,19,6,121,0,0,7,0,7,42,54,26,6,128,0,12,12,140
03/19/2016,GSP,SC,ASO,ES,Combined TRACON& Tower with Radar,32,34,16,0,82,0,0,3,0,3,32,34,19,0,85,0,0,0,85
03/20/2016,GSP,SC,ASO,ES,Combined TRACON& Tower with Radar,34,45,6,0,85,0,0,4,0,4,34,45,10,0,89,0,0,0,89
03/21/2016,GSP,SC,ASO,ES,Combined TRACON& Tower with Radar,43,46,12,0,101,0,0,2,0,2,43,46,14,0,103,0,0,0,103
03/22/2016,GSP,SC,ASO,ES,Combined TRACON& Tower with Radar,41,55,15,0,111,0,0,6,0,6,41,55,21,0,117,0,0,0,117
03/23/2016,GSP,SC,ASO,ES,Combined TRACON& Tower with Radar,45,57,18,11,131,0,2,6,3,11,45,59,24,14,142,0,0,0,142
03/24/2016,GSP,SC,ASO,ES,Combined TRACON& Tower with Radar,58,49,22,3,132,0,2,5,1,8,58,51,27,4,140,0,0,0,140
03/25/2016,GSP,SC,ASO,ES,Combined TRACON& Tower with Radar,42,51,24,0,117,0,0,0,0,0,42,51,24,0,117,0,0,0,117
03/26/2016,GSP,SC,ASO,ES,Combined TRACON& Tower with Radar,40,28,13,2,83,0,0,3,0,3,40,28,16,2,86,10,0,10,96
03/27/2016,GSP,SC,ASO,ES,Combined TRACON& Tower with Radar,38,43,6,0,87,0,0,0,0,0,38,43,6,0,87,0,0,0,87
03/28/2016,GSP,SC,ASO,ES,Combined TRACON& Tower with Radar,41,46,11,0,98,0,1,7,0,8,41,47,18,0,106,0,0,0,106
03/29/2016,GSP,SC,ASO,ES,Combined TRACON& Tower with Radar,45,57,16,6,124,0,3,11,0,14,45,60,27,6,138,4,118,122,260
03/30/2016,GSP,SC,ASO,ES,Combined TRACON& Tower with Radar,49,51,12,2,114,0,0,3,2,5,49,51,15,4,119,12,0,12,131
03/31/2016,GSP,SC,ASO,ES,Combined TRACON& Tower with Radar,52,59,7,2,120,0,0,1,0,1,52,59,8,2,121,12,0,12,133
04/01/2016,GSP,SC,ASO,ES,Combined TRACON& Tower with Radar,43,46,18,0,107,0,0,1,0,1,43,46,19,0,108,0,0,0,108
04/02/2016,GSP,SC,ASO,ES,Combined TRACON& Tower with Radar,39,30,14,23,106,0,1,2,2,5,39,31,16,25,111,0,0,0,111
04/03/2016,GSP,SC,ASO,ES,Combined TRACON& Tower with Radar,40,40,8,0,88,0,0,4,0,4,40,40,12,0,92,0,0,0,92
04/04/2016,GSP,SC,ASO,ES,Combined TRACON& Tower with Radar,44,47,21,6,118,0,0,9,0,9,44,47,30,6,127,0,0,0,127
04/05/2016,GSP,SC,ASO,ES,Combined TRACON& Tower with Radar,50,52,19,2,123,0,1,2,0,3,50,53,21,2,126,0,0,0,126
04/06/2016,GSP,SC,ASO,ES,Combined TRACON& Tower with Radar,47,59,25,3,134,0,5,8,0,13,47,64,33,3,147,4,0,4,151
04/07/2016,GSP,SC,ASO,ES,Combined TRACON& Tower with Radar,59,56,20,2,137,0,1,3,0,4,59,57,23,2,141,0,12,12,153
04/08/2016,GSP,SC,ASO,ES,Combined TRACON& Tower with Radar,51,56,18,3,128,0,0,6,0,6,51,56,24,3,134,0,0,0,134
04/09/2016,GSP,SC,ASO,ES,Combined TRACON& Tower with Radar,31,30,11,0,72,0,0,3,0,3,31,30,14,0,75,0,0,0,75
04/10/2016,GSP,SC,ASO,ES,Combined TRACON& Tower with Radar,46,41,3,1,91,0,2,12,0,14,46,43,15,1,105,0,0,0,105
04/11/2016,GSP,SC,ASO,ES,Combined TRACON& Tower with Radar,49,50,23,6,128,0,0,4,0,4,49,50,27,6,132,0,0,0,132
04/12/2016,GSP,SC,ASO,ES,Combined TRACON& Tower with Radar,45,53,26,0,124,0,0,4,0,4,45,53,30,0,128,0,0,0,128
04/13/2016,GSP,SC,ASO,ES,Combined TRACON& Tower with Radar,44,50,18,1,113,0,0,7,5,12,44,50,25,6,125,0,0,0,125
04/14/2016,GSP,SC,ASO,ES,Combined TRACON& Tower with Radar,50,52,16,18,136,0,0,6,2,8,50,52,22,20,144,0,12,12,156
04/15/2016,GSP,SC,ASO,ES,Combined TRACON& Tower with Radar,46,50,13,10,119,0,0,8,0,8,46,50,21,10,127,0,0,0,127
04/16/2016,GSP,SC,ASO,ES,Combined TRACON& Tower with Radar,31,28,6,6,71,0,0,6,2,8,31,28,12,8,79,0,0,0,79
04/17/2016,GSP,SC,ASO,ES,Combined TRACON& Tower with Radar,44,45,6,7,102,0,0,1,0,1,44,45,7,7,103,0,0,0,103
04/18/2016,GSP,SC,ASO,ES,Combined TRACON& Tower with Radar,44,53,13,14,124,0,0,5,4,9,44,53,18,18,133,0,0,0,133
04/19/2016,GSP,SC,ASO,ES,Combined TRACON& Tower with Radar,45,55,21,11,132,0,0,8,6,14,45,55,29,17,146,0,28,28,174
04/20/2016,GSP,SC,ASO,ES,Combined TRACON& Tower with Radar,41,58,25,4,128,0,0,9,2,11,41,58,34,6,139,0,0,0,139
04/21/2016,GSP,SC,ASO,ES,Combined TRACON& Tower with Radar,50,58,34,2,144,0,0,1,0,1,50,58,35,2,145,0,2,2,147
04/22/2016,GSP,SC,ASO,ES,Combined TRACON& Tower with Radar,48,54,13,0,115,0,0,1,2,3,48,54,14,2,118,0,0,0,118
04/23/2016,GSP,SC,ASO,ES,Combined TRACON& Tower with Radar,30,34,11,10,85,0,0,12,0,12,30,34,23,10,97,0,6,6,103
04/24/2016,GSP,SC,ASO,ES,Combined TRACON& Tower with Radar,44,41,9,0,94,0,2,8,0,10,44,43,17,0,104,0,0,0,104
04/25/2016,GSP,SC,ASO,ES,Combined TRACON& Tower with Radar,49,56,9,0,114,0,1,4,11,16,49,57,13,11,130,0,0,0,130
04/26/2016,GSP,SC,ASO,ES,Combined TRACON& Tower with Radar,44,52,25,2,123,0,0,5,2,7,44,52,30,4,130,0,0,0,130
04/27/2016,GSP,SC,ASO,ES,Combined TRACON& Tower with Radar,43,57,15,0,115,0,0,8,8,16,43,57,23,8,131,0,0,0,131
04/28/2016,GSP,SC,ASO,ES,Combined TRACON& Tower with Radar,50,50,16,1,117,0,0,4,6,10,50,50,20,7,127,0,4,4,131
04/29/2016,GSP,SC,ASO,ES,Combined TRACON& Tower with Radar,45,58,21,12,136,0,0,4,6,10,45,58,25,18,146,0,0,0,146
04/30/2016,GSP,SC,ASO,ES,Combined TRACON& Tower with Radar,40,37,6,2,85,0,0,9,0,9,40,37,15,2,94,0,0,0,94
05/01/2016,GSP,SC,ASO,ES,Combined TRACON& Tower with Radar,48,50,23,0,121,0,0,11,0,11,48,50,34,0,132,6,0,6,138
05/02/2016,GSP,SC,ASO,ES,Combined TRACON& Tower with Radar,57,57,16,4,134,0,0,1,2,3,57,57,17,6,137,0,26,26,163
05/03/2016,GSP,SC,ASO,ES,Combined TRACON& Tower with Radar,44,50,22,4,120,0,0,2,0,2,44,50,24,4,122,0,0,0,122
05/04/2016,GSP,SC,ASO,ES,Combined TRACON& Tower with Radar,39,61,21,10,131,0,0,4,0,4,39,61,25,10,135,0,0,0,135
05/05/2016,GSP,SC,ASO,ES,Combined TRACON& Tower with Radar,48,63,22,2,135,0,0,12,2,14,48,63,34,4,149,0,0,0,149
05/06/2016,GSP,SC,ASO,ES,Combined TRACON& Tower with Radar,46,65,13,2,126,0,1,6,6,13,46,66,19,8,139,0,0,0,139
05/07/2016,GSP,SC,ASO,ES,Combined TRACON& Tower with Radar,35,46,4,11,96,0,0,7,3,10,35,46,11,14,106,0,0,0,106
05/08/2016,GSP,SC,ASO,ES,Combined TRACON& Tower with Radar,45,37,6,1,89,0,0,6,0,6,45,37,12,1,95,0,0,0,95
05/09/2016,GSP,SC,ASO,ES,Combined TRACON& Tower with Radar,48,55,18,26,147,0,2,7,1,10,48,57,25,27,157,0,0,0,157
05/10/2016,GSP,SC,ASO,ES,Combined TRACON& Tower with Radar,44,59,23,11,137,0,0,16,0,16,44,59,39,11,153,6,14,20,173
05/11/2016,GSP,SC,ASO,ES,Combined TRACON& Tower with Radar,47,59,21,1,128,0,0,7,4,11,47,59,28,5,139,0,0,0,139
05/12/2016,GSP,SC,ASO,ES,Combined TRACON& Tower with Radar,50,61,18,2,131,0,1,3,2,6,50,62,21,4,137,0,30,30,167
05/13/2016,GSP,SC,ASO,ES,Combined TRACON& Tower with Radar,48,53,22,2,125,0,0,11,3,14,48,53,33,5,139,0,0,0,139
05/14/2016,GSP,SC,ASO,ES,Combined TRACON& Tower with Radar,37,36,5,0,78,0,0,5,0,5,37,36,10,0,83,0,0,0,83
05/15/2016,GSP,SC,ASO,ES,Combined TRACON& Tower with Radar,43,37,17,0,97,0,1,1,0,2,43,38,18,0,99,0,0,0,99
05/16/2016,GSP,SC,ASO,ES,Combined TRACON& Tower with Radar,48,56,23,10,137,0,4,7,4,15,48,60,30,14,152,0,0,0,152
05/17/2016,GSP,SC,ASO,ES,Combined TRACON& Tower with Radar,49,65,19,8,141,0,0,0,0,0,49,65,19,8,141,6,24,30,171
05/18/2016,GSP,SC,ASO,ES,Combined TRACON& Tower with Radar,56,56,25,4,141,0,2,0,4,6,56,58,25,8,147,0,0,0,147
05/19/2016,GSP,SC,ASO,ES,Combined TRACON& Tower with Radar,55,58,20,4,137,0,0,0,0,0,55,58,20,4,137,0,0,0,137
05/20/2016,GSP,SC,ASO,ES,Combined TRACON& Tower with Radar,52,55,16,8,131,0,0,0,0,0,52,55,16,8,131,0,0,0,131
05/21/2016,GSP,SC,ASO,ES,Combined TRACON& Tower with Radar,48,47,8,1,104,0,2,0,0,2,48,49,8,1,106,0,0,0,106
05/22/2016,GSP,SC,ASO,ES,Combined TRACON& Tower with Radar,46,42,9,12,109,0,0,3,0,3,46,42,12,12,112,0,0,0,112
05/23/2016,GSP,SC,ASO,ES,Combined TRACON& Tower with Radar,46,55,14,0,115,0,0,10,2,12,46,55,24,2,127,0,0,0,127
05/24/2016,GSP,SC,ASO,ES,Combined TRACON& Tower with Radar,47,60,18,3,128,0,0,8,4,12,47,60,26,7,140,0,0,0,140
05/25/2016,GSP,SC,ASO,ES,Combined TRACON& Tower with Radar,51,54,17,2,124,0,0,9,3,12,51,54,26,5,136,0,0,0,136
05/26/2016,GSP,SC,ASO,ES,Combined TRACON& Tower with Radar,53,62,20,13,148,0,1,5,1,7,53,63,25,14,155,0,4,4,159
05/27/2016,GSP,SC,ASO,ES,Combined TRACON& Tower with Radar,49,57,27,0,133,0,0,10,0,10,49,57,37,0,143,0,0,0,143
05/28/2016,GSP,SC,ASO,ES,Combined TRACON& Tower with Radar,30,38,4,0,72,0,0,5,0,5,30,38,9,0,77,0,0,0,77
05/29/2016,GSP,SC,ASO,ES,Combined TRACON& Tower with Radar,39,31,7,0,77,0,0,2,0,2,39,31,9,0,79,0,0,0,79
05/30/2016,GSP,SC,ASO,ES,Combined TRACON& Tower with Radar,42,46,7,0,95,0,0,2,2,4,42,46,9,2,99,0,0,0,99
05/31/2016,GSP,SC,ASO,ES,Combined TRACON& Tower with Radar,56,55,16,2,129,0,0,7,0,7,56,55,23,2,136,0,0,0,136
06/01/2016,GSP,SC,ASO,ES,Combined TRACON& Tower with Radar,50,54,24,2,130,0,0,4,1,5,50,54,28,3,135,0,0,0,135
06/02/2016,GSP,SC,ASO,ES,Combined TRACON& Tower with Radar,51,56,16,10,133,0,0,3,3,6,51,56,19,13,139,0,16,16,155
06/03/2016,GSP,SC,ASO,ES,Combined TRACON& Tower with Radar,55,50,10,14,129,0,0,7,2,9,55,50,17,16,138,0,6,6,144
06/04/2016,GSP,SC,ASO,ES,Combined TRACON& Tower with Radar,40,36,9,0,85,0,0,2,0,2,40,36,11,0,87,0,0,0,87
06/05/2016,GSP,SC,ASO,ES,Combined TRACON& Tower with Radar,46,39,11,1,97,0,0,1,0,1,46,39,12,1,98,0,0,0,98
06/06/2016,GSP,SC,ASO,ES,Combined TRACON& Tower with Radar,52,56,17,0,125,0,0,3,1,4,52,56,20,1,129,0,0,0,129
06/07/2016,GSP,SC,ASO,ES,Combined TRACON& Tower with Radar,53,54,15,0,122,0,0,12,0,12,53,54,27,0,134,0,0,0,134
06/08/2016,GSP,SC,ASO,ES,Combined TRACON& Tower with Radar,57,56,22,0,135,0,0,1,0,1,57,56,23,0,136,0,0,0,136
06/09/2016,GSP,SC,ASO,ES,Combined TRACON& Tower with Radar,50,53,7,6,116,0,0,12,10,22,50,53,19,16,138,0,0,0,138
06/10/2016,GSP,SC,ASO,ES,Combined TRACON& Tower with Radar,48,54,18,0,120,0,0,3,6,9,48,54,21,6,129,0,0,0,129
06/11/2016,GSP,SC,ASO,ES,Combined TRACON& Tower with Radar,33,32,2,0,67,0,0,4,4,8,33,32,6,4,75,0,0,0,75
06/12/2016,GSP,SC,ASO,ES,Combined TRACON& Tower with Radar,49,40,14,2,105,0,0,1,4,5,49,40,15,6,110,0,0,0,110
06/13/2016,GSP,SC,ASO,ES,Combined TRACON& Tower with Radar,45,51,14,0,110,0,0,1,1,2,45,51,15,1,112,0,0,0,112
06/14/2016,GSP,SC,ASO,ES,Combined TRACON& Tower with Radar,60,52,11,4,127,0,0,6,1,7,60,52,17,5,134,0,0,0,134
06/15/2016,GSP,SC,ASO,ES,Combined TRACON& Tower with Radar,54,50,17,3,124,0,0,9,0,9,54,50,26,3,133,6,0,6,139
06/16/2016,GSP,SC,ASO,ES,Combined TRACON& Tower with Radar,49,51,20,2,122,0,1,3,0,4,49,52,23,2,126,0,0,0,126
06/17/2016,GSP,SC,ASO,ES,Combined TRACON& Tower with Radar,57,52,7,0,116,0,0,7,2,9,57,52,14,2,125,0,0,0,125
06/18/2016,GSP,SC,ASO,ES,Combined TRACON& Tower with Radar,33,31,11,0,75,0,0,0,0,0,33,31,11,0,75,0,0,0,75
06/19/2016,GSP,SC,ASO,ES,Combined TRACON& Tower with Radar,48,41,8,0,97,0,0,8,0,8,48,41,16,0,105,0,0,0,105
06/20/2016,GSP,SC,ASO,ES,Combined TRACON& Tower with Radar,45,53,22,1,121,0,1,3,1,5,45,54,25,2,126,0,0,0,126
06/21/2016,GSP,SC,ASO,ES,Combined TRACON& Tower with Radar,47,48,21,4,120,0,0,6,2,8,47,48,27,6,128,20,0,20,148
06/22/2016,GSP,SC,ASO,ES,Combined TRACON& Tower with Radar,54,55,10,2,121,0,1,11,2,14,54,56,21,4,135,0,6,6,141
06/23/2016,GSP,SC,ASO,ES,Combined TRACON& Tower with Radar,55,49,16,1,121,0,0,5,1,6,55,49,21,2,127,6,0,6,133
06/24/2016,GSP,SC,ASO,ES,Combined TRACON& Tower with Radar,54,59,14,0,127,0,2,5,0,7,54,61,19,0,134,0,0,0,134
06/25/2016,GSP,SC,ASO,ES,Combined TRACON& Tower with Radar,41,37,1,3,82,0,0,10,3,13,41,37,11,6,95,0,0,0,95
06/26/2016,GSP,SC,ASO,ES,Combined TRACON& Tower with Radar,59,38,18,3,118,0,1,2,0,3,59,39,20,3,121,4,0,4,125
06/27/2016,GSP,SC,ASO,ES,Combined TRACON& Tower with Radar,68,56,15,2,141,0,0,3,2,5,68,56,18,4,146,0,0,0,146
06/28/2016,GSP,SC,ASO,ES,Combined TRACON& Tower with Radar,52,49,12,0,113,0,1,9,7,17,52,50,21,7,130,0,12,12,142
06/29/2016,GSP,SC,ASO,ES,Combined TRACON& Tower with Radar,54,53,22,4,133,0,0,8,4,12,54,53,30,8,145,0,18,18,163
06/30/2016,GSP,SC,ASO,ES,Combined TRACON& Tower with Radar,57,58,20,10,145,0,0,4,4,8,57,58,24,14,153,0,10,10,163
07/01/2016,GSP,SC,ASO,ES,Combined TRACON& Tower with Radar,58,44,14,0,116,0,0,9,2,11,58,44,23,2,127,4,0,4,131
07/02/2016,GSP,SC,ASO,ES,Combined TRACON& Tower with Radar,37,40,7,0,84,0,2,4,0,6,37,42,11,0,90,0,0,0,90
07/03/2016,GSP,SC,ASO,ES,Combined TRACON& Tower with Radar,41,30,3,0,74,0,0,9,0,9,41,30,12,0,83,0,0,0,83
07/04/2016,GSP,SC,ASO,ES,Combined TRACON& Tower with Radar,36,35,6,0,77,0,0,2,0,2,36,35,8,0,79,0,0,0,79
07/05/2016,GSP,SC,ASO,ES,Combined TRACON& Tower with Radar,76,54,10,0,140,0,0,9,2,11,76,54,19,2,151,0,0,0,151
07/06/2016,GSP,SC,ASO,ES,Combined TRACON& Tower with Radar,55,53,19,0,127,0,1,2,0,3,55,54,21,0,130,0,0,0,130
07/07/2016,GSP,SC,ASO,ES,Combined TRACON& Tower with Radar,55,45,26,10,136,0,0,5,0,5,55,45,31,10,141,0,0,0,141
07/08/2016,GSP,SC,ASO,ES,Combined TRACON& Tower with Radar,53,37,31,23,144,0,0,8,2,10,53,37,39,25,154,0,4,4,158
07/09/2016,GSP,SC,ASO,ES,Combined TRACON& Tower with Radar,35,36,11,0,82,0,0,2,3,5,35,36,13,3,87,0,0,0,87
07/10/2016,GSP,SC,ASO,ES,Combined TRACON& Tower with Radar,42,44,5,9,100,0,0,9,0,9,42,44,14,9,109,0,0,0,109
07/11/2016,GSP,SC,ASO,ES,Combined TRACON& Tower with Radar,59,55,14,0,128,0,0,2,0,2,59,55,16,0,130,0,0,0,130
07/12/2016,GSP,SC,ASO,ES,Combined TRACON& Tower with Radar,52,50,19,2,123,0,0,5,2,7,52,50,24,4,130,0,0,0,130
07/13/2016,GSP,SC,ASO,ES,Combined TRACON& Tower with Radar,55,46,27,11,139,0,2,10,3,15,55,48,37,14,154,0,0,0,154
07/14/2016,GSP,SC,ASO,ES,Combined TRACON& Tower with Radar,52,43,17,6,118,0,0,11,6,17,52,43,28,12,135,0,0,0,135
07/15/2016,GSP,SC,ASO,ES,Combined TRACON& Tower with Radar,52,42,14,0,108,0,0,7,0,7,52,42,21,0,115,0,0,0,115
07/16/2016,GSP,SC,ASO,ES,Combined TRACON& Tower with Radar,44,32,8,2,86,0,3,3,2,8,44,35,11,4,94,0,16,16,110
07/17/2016,GSP,SC,ASO,ES,Combined TRACON& Tower with Radar,45,40,17,0,102,0,0,8,0,8,45,40,25,0,110,0,0,0,110
07/18/2016,GSP,SC,ASO,ES,Combined TRACON& Tower with Radar,49,40,16,3,108,0,0,6,0,6,49,40,22,3,114,0,0,0,114
07/19/2016,GSP,SC,ASO,ES,Combined TRACON& Tower with Radar,52,43,11,5,111,0,0,6,2,8,52,43,17,7,119,0,0,0,119
07/20/2016,GSP,SC,ASO,ES,Combined TRACON& Tower with Radar,50,52,26,9,137,0,2,3,4,9,50,54,29,13,146,0,0,0,146
07/21/2016,GSP,SC,ASO,ES,Combined TRACON& Tower with Radar,59,50,21,6,136,0,2,6,4,12,59,52,27,10,148,0,0,0,148
07/22/2016,GSP,SC,ASO,ES,Combined TRACON& Tower with Radar,48,47,14,6,115,0,1,9,4,14,48,48,23,10,129,14,4,18,147
07/23/2016,GSP,SC,ASO,ES,Combined TRACON& Tower with Radar,32,30,6,9,77,0,0,6,0,6,32,30,12,9,83,0,0,0,83
07/24/2016,GSP,SC,ASO,ES,Combined TRACON& Tower with Radar,41,41,11,7,100,0,0,5,1,6,41,41,16,8,106,0,0,0,106
07/25/2016,GSP,SC,ASO,ES,Combined TRACON& Tower with Radar,52,38,13,0,103,0,0,8,0,8,52,38,21,0,111,17,0,17,128
07/26/2016,GSP,SC,ASO,ES,Combined TRACON& Tower with Radar,53,46,5,9,113,0,0,6,3,9,53,46,11,12,122,0,4,4,126
07/27/2016,GSP,SC,ASO,ES,Combined TRACON& Tower with Radar,53,49,15,0,117,0,0,10,1,11,53,49,25,1,128,0,0,0,128
07/28/2016,GSP,SC,ASO,ES,Combined TRACON& Tower with Radar,58,50,30,17,155,0,1,6,0,7,58,51,36,17,162,2,16,18,180
07/29/2016,GSP,SC,ASO,ES,Combined TRACON& Tower with Radar,51,47,23,26,147,0,1,8,7,16,51,48,31,33,163,0,4,4,167
07/30/2016,GSP,SC,ASO,ES,Combined TRACON& Tower with Radar,44,36,3,0,83,0,0,2,2,4,44,36,5,2,87,0,0,0,87
07/31/2016,GSP,SC,ASO,ES,Combined TRACON& Tower with Radar,50,36,6,0,92,0,0,4,0,4,50,36,10,0,96,0,0,0,96
08/01/2016,GSP,SC,ASO,ES,Combined TRACON& Tower with Radar,50,45,14,0,109,0,0,5,0,5,50,45,19,0,114,8,0,8,122
08/02/2016,GSP,SC,ASO,ES,Combined TRACON& Tower with Radar,51,47,13,5,116,0,0,2,1,3,51,47,15,6,119,0,0,0,119
08/03/2016,GSP,SC,ASO,ES,Combined TRACON& Tower with Radar,55,52,8,5,120,0,0,2,1,3,55,52,10,6,123,0,0,0,123
08/04/2016,GSP,SC,ASO,ES,Combined TRACON& Tower with Radar,62,52,11,0,125,0,0,0,0,0,62,52,11,0,125,0,0,0,125
08/05/2016,GSP,SC,ASO,ES,Combined TRACON& Tower with Radar,54,49,14,6,123,0,0,1,1,2,54,49,15,7,125,0,0,0,125
08/06/2016,GSP,SC,ASO,ES,Combined TRACON& Tower with Radar,36,34,7,1,78,0,0,4,0,4,36,34,11,1,82,0,0,0,82
08/07/2016,GSP,SC,ASO,ES,Combined TRACON& Tower with Radar,52,40,10,0,102,0,0,2,0,2,52,40,12,0,104,0,0,0,104
08/08/2016,GSP,SC,ASO,ES,Combined TRACON& Tower with Radar,42,51,17,0,110,0,0,0,2,2,42,51,17,2,112,0,0,0,112
08/09/2016,GSP,SC,ASO,ES,Combined TRACON& Tower with Radar,47,46,20,4,117,0,0,0,0,0,47,46,20,4,117,0,0,0,117
08/10/2016,GSP,SC,ASO,ES,Combined TRACON& Tower with Radar,56,45,25,0,126,0,0,4,0,4,56,45,29,0,130,0,0,0,130
08/11/2016,GSP,SC,ASO,ES,Combined TRACON& Tower with Radar,54,47,9,7,117,0,0,3,0,3,54,47,12,7,120,0,0,0,120
08/12/2016,GSP,SC,ASO,ES,Combined TRACON& Tower with Radar,45,50,16,4,115,0,0,7,0,7,45,50,23,4,122,0,0,0,122
08/13/2016,GSP,SC,ASO,ES,Combined TRACON& Tower with Radar,36,31,11,0,78,0,0,1,0,1,36,31,12,0,79,0,0,0,79
08/14/2016,GSP,SC,ASO,ES,Combined TRACON& Tower with Radar,50,35,9,4,98,0,0,0,0,0,50,35,9,4,98,0,0,0,98
08/15/2016,GSP,SC,ASO,ES,Combined TRACON& Tower with Radar,68,43,15,2,128,0,0,13,0,13,68,43,28,2,141,3,0,3,144
08/16/2016,GSP,SC,ASO,ES,Combined TRACON& Tower with Radar,49,45,8,12,114,0,0,7,0,7,49,45,15,12,121,0,0,0,121
08/17/2016,GSP,SC,ASO,ES,Combined TRACON& Tower with Radar,48,50,14,4,116,0,0,10,2,12,48,50,24,6,128,2,0,2,130
08/18/2016,GSP,SC,ASO,ES,Combined TRACON& Tower with Radar,53,49,16,0,118,0,2,3,3,8,53,51,19,3,126,0,0,0,126
08/19/2016,GSP,SC,ASO,ES,Combined TRACON& Tower with Radar,47,50,17,7,121,0,0,3,2,5,47,50,20,9,126,0,0,0,126
08/20/2016,GSP,SC,ASO,ES,Combined TRACON& Tower with Radar,37,34,10,0,81,0,0,2,0,2,37,34,12,0,83,0,0,0,83
08/21/2016,GSP,SC,ASO,ES,Combined TRACON& Tower with Radar,52,41,6,0,99,0,2,0,1,3,52,43,6,1,102,0,0,0,102
08/22/2016,GSP,SC,ASO,ES,Combined TRACON& Tower with Radar,49,50,12,2,113,0,1,5,4,10,49,51,17,6,123,8,0,8,131
08/23/2016,GSP,SC,ASO,ES,Combined TRACON& Tower with Radar,47,53,23,0,123,0,0,8,4,12,47,53,31,4,135,0,0,0,135
08/24/2016,GSP,SC,ASO,ES,Combined TRACON& Tower with Radar,54,48,25,0,127,0,0,8,0,8,54,48,33,0,135,0,0,0,135
08/25/2016,GSP,SC,ASO,ES,Combined TRACON& Tower with Radar,57,56,18,0,131,0,1,7,2,10,57,57,25,2,141,0,0,0,141
08/26/2016,GSP,SC,ASO,ES,Combined TRACON& Tower with Radar,53,46,12,2,113,0,2,6,20,28,53,48,18,22,141,0,0,0,141
08/27/2016,GSP,SC,ASO,ES,Combined TRACON& Tower with Radar,37,28,3,0,68,0,0,4,0,4,37,28,7,0,72,0,0,0,72
08/28/2016,GSP,SC,ASO,ES,Combined TRACON& Tower with Radar,47,39,11,22,119,0,0,4,2,6,47,39,15,24,125,12,0,12,137
08/29/2016,GSP,SC,ASO,ES,Combined TRACON& Tower with Radar,54,47,7,25,133,0,0,2,3,5,54,47,9,28,138,0,52,52,190
08/30/2016,GSP,SC,ASO,ES,Combined TRACON& Tower with Radar,56,44,17,4,121,0,0,3,0,3,56,44,20,4,124,0,0,0,124
08/31/2016,GSP,SC,ASO,ES,Combined TRACON& Tower with Radar,64,43,14,0,121,0,0,5,0,5,64,43,19,0,126,0,0,0,126
09/01/2016,GSP,SC,ASO,ES,Combined TRACON& Tower with Radar,69,49,23,8,149,0,0,5,4,9,69,49,28,12,158,0,22,22,180
09/02/2016,GSP,SC,ASO,ES,Combined TRACON& Tower with Radar,57,47,9,0,113,0,0,0,2,2,57,47,9,2,115,0,0,0,115
09/03/2016,GSP,SC,ASO,ES,Combined TRACON& Tower with Radar,36,20,5,0,61,0,0,4,10,14,36,20,9,10,75,0,0,0,75
09/04/2016,GSP,SC,ASO,ES,Combined TRACON& Tower with Radar,40,23,7,0,70,0,0,2,2,4,40,23,9,2,74,0,0,0,74
09/05/2016,GSP,SC,ASO,ES,Combined TRACON& Tower with Radar,43,40,8,0,91,0,0,7,0,7,43,40,15,0,98,12,0,12,110
09/06/2016,GSP,SC,ASO,ES,Combined TRACON& Tower with Radar,50,40,12,1,103,0,0,0,3,3,50,40,12,4,106,0,0,0,106
09/07/2016,GSP,SC,ASO,ES,Combined TRACON& Tower with Radar,60,43,12,4,119,0,0,15,1,16,60,43,27,5,135,14,0,14,149
09/08/2016,GSP,SC,ASO,ES,Combined TRACON& Tower with Radar,60,47,17,0,124,0,2,15,0,17,60,49,32,0,141,0,0,0,141
09/09/2016,GSP,SC,ASO,ES,Combined TRACON& Tower with Radar,55,45,12,4,116,0,0,18,0,18,55,45,30,4,134,0,20,20,154
09/10/2016,GSP,SC,ASO,ES,Combined TRACON& Tower with Radar,43,20,4,3,70,0,0,9,0,9,43,20,13,3,79,0,0,0,79
09/11/2016,GSP,SC,ASO,ES,Combined TRACON& Tower with Radar,53,32,8,2,95,0,0,8,0,8,53,32,16,2,103,0,8,8,111
09/12/2016,GSP,SC,ASO,ES,Combined TRACON& Tower with Radar,62,47,13,0,122,0,0,4,0,4,62,47,17,0,126,0,0,0,126
09/13/2016,GSP,SC,ASO,ES,Combined TRACON& Tower with Radar,59,39,17,4,119,0,4,8,14,26,59,43,25,18,145,0,0,0,145
09/14/2016,GSP,SC,ASO,ES,Combined TRACON& Tower with Radar,60,41,11,0,112,0,2,6,0,8,60,43,17,0,120,0,0,0,120
09/15/2016,GSP,SC,ASO,ES,Combined TRACON& Tower with Radar,70,43,28,11,152,0,0,39,13,52,70,43,67,24,204,0,0,0,204
09/16/2016,GSP,SC,ASO,ES,Combined TRACON& Tower with Radar,61,42,14,0,117,0,1,1,1,3,61,43,15,1,120,0,0,0,120
09/17/2016,GSP,SC,ASO,ES,Combined TRACON& Tower with Radar,45,21,3,0,69,0,0,1,1,2,45,21,4,1,71,0,0,0,71
09/18/2016,GSP,SC,ASO,ES,Combined TRACON& Tower with Radar,51,36,14,0,101,0,0,5,0,5,51,36,19,0,106,6,0,6,112
09/19/2016,GSP,SC,ASO,ES,Combined TRACON& Tower with Radar,61,47,12,0,120,0,0,0,0,0,61,47,12,0,120,0,0,0,120
09/20/2016,GSP,SC,ASO,ES,Combined TRACON& Tower with Radar,55,40,16,0,111,0,0,9,0,9,55,40,25,0,120,0,0,0,120
09/21/2016,GSP,SC,ASO,ES,Combined TRACON& Tower with Radar,62,48,21,2,133,0,0,2,0,2,62,48,23,2,135,0,0,0,135
09/22/2016,GSP,SC,ASO,ES,Combined TRACON& Tower with Radar,66,45,26,6,143,0,0,5,4,9,66,45,31,10,152,0,0,0,152
09/23/2016,GSP,SC,ASO,ES,Combined TRACON& Tower with Radar,65,42,16,0,123,0,0,9,2,11,65,42,25,2,134,0,0,0,134
09/24/2016,GSP,SC,ASO,ES,Combined TRACON& Tower with Radar,44,21,12,0,77,0,0,0,2,2,44,21,12,2,79,0,0,0,79
09/25/2016,GSP,SC,ASO,ES,Combined TRACON& Tower with Radar,51,38,12,0,101,0,0,9,0,9,51,38,21,0,110,0,0,0,110
09/26/2016,GSP,SC,ASO,ES,Combined TRACON& Tower with Radar,64,43,15,13,135,0,0,1,0,1,64,43,16,13,136,0,0,0,136
09/27/2016,GSP,SC,ASO,ES,Combined TRACON& Tower with Radar,57,43,14,0,114,0,0,1,2,3,57,43,15,2,117,0,0,0,117
09/28/2016,GSP,SC,ASO,ES,Combined TRACON& Tower with Radar,64,47,13,0,124,0,0,4,0,4,64,47,17,0,128,8,0,8,136
09/29/2016,GSP,SC,ASO,ES,Combined TRACON& Tower with Radar,70,49,18,0,137,0,0,9,0,9,70,49,27,0,146,0,0,0,146
09/30/2016,GSP,SC,ASO,ES,Combined TRACON& Tower with Radar,66,41,20,0,127,0,0,8,0,8,66,41,28,0,135,0,0,0,135
10/01/2016,GSP,SC,ASO,ES,Combined TRACON& Tower with Radar,43,24,8,1,76,0,4,7,1,12,43,28,15,2,88,0,0,0,88
10/02/2016,GSP,SC,ASO,ES,Combined TRACON& Tower with Radar,49,39,10,0,98,0,0,3,0,3,49,39,13,0,101,0,0,0,101
10/03/2016,GSP,SC,ASO,ES,Combined TRACON& Tower with Radar,61,43,20,14,138,0,0,7,0,7,61,43,27,14,145,0,0,0,145
10/04/2016,GSP,SC,ASO,ES,Combined TRACON& Tower with Radar,58,43,22,4,127,0,0,8,4,12,58,43,30,8,139,0,0,0,139
10/05/2016,GSP,SC,ASO,ES,Combined TRACON& Tower with Radar,61,46,19,3,129,0,0,7,2,9,61,46,26,5,138,0,0,0,138
10/06/2016,GSP,SC,ASO,ES,Combined TRACON& Tower with Radar,60,50,26,1,137,0,1,3,2,6,60,51,29,3,143,0,0,0,143
10/07/2016,GSP,SC,ASO,ES,Combined TRACON& Tower with Radar,51,49,9,0,109,0,0,0,0,0,51,49,9,0,109,0,0,0,109
10/08/2016,GSP,SC,ASO,ES,Combined TRACON& Tower with Radar,37,27,3,0,67,0,0,0,0,0,37,27,3,0,67,0,0,0,67
10/09/2016,GSP,SC,ASO,ES,Combined TRACON& Tower with Radar,44,41,4,0,89,0,2,1,0,3,44,43,5,0,92,0,0,0,92
10/10/2016,GSP,SC,ASO,ES,Combined TRACON& Tower with Radar,56,51,17,0,124,0,0,6,0,6,56,51,23,0,130,0,0,0,130
10/11/2016,GSP,SC,ASO,ES,Combined TRACON& Tower with Radar,52,44,18,0,114,0,0,8,0,8,52,44,26,0,122,0,0,0,122
10/12/2016,GSP,SC,ASO,ES,Combined TRACON& Tower with Radar,54,52,18,11,135,0,0,18,0,18,54,52,36,11,153,8,0,8,161
10/13/2016,GSP,SC,ASO,ES,Combined TRACON& Tower with Radar,56,54,13,8,131,0,0,15,4,19,56,54,28,12,150,0,0,0,150
10/14/2016,GSP,SC,ASO,ES,Combined TRACON& Tower with Radar,56,50,28,3,137,0,0,17,1,18,56,50,45,4,155,0,0,0,155
10/15/2016,GSP,SC,ASO,ES,Combined TRACON& Tower with Radar,38,27,12,7,84,0,0,5,3,8,38,27,17,10,92,0,0,0,92
10/16/2016,GSP,SC,ASO,ES,Combined TRACON& Tower with Radar,43,44,15,21,123,0,0,4,0,4,43,44,19,21,127,4,0,4,131
10/17/2016,GSP,SC,ASO,ES,Combined TRACON& Tower with Radar,54,49,29,3,135,0,0,16,0,16,54,49,45,3,151,34,0,34,185
10/18/2016,GSP,SC,ASO,ES,Combined TRACON& Tower with Radar,51,57,27,13,148,0,3,10,8,21,51,60,37,21,169,0,0,0,169
10/19/2016,GSP,SC,ASO,ES,Combined TRACON& Tower with Radar,54,52,23,2,131,0,2,8,0,10,54,54,31,2,141,16,0,16,157
10/20/2016,GSP,SC,ASO,ES,Combined TRACON& Tower with Radar,57,52,11,13,133,0,0,4,31,35,57,52,15,44,168,0,0,0,168
10/21/2016,GSP,SC,ASO,ES,Combined TRACON& Tower with Radar,53,49,12,3,117,0,0,5,2,7,53,49,17,5,124,0,0,0,124
10/22/2016,GSP,SC,ASO,ES,Combined TRACON& Tower with Radar,37,25,4,0,66,0,0,6,5,11,37,25,10,5,77,0,0,0,77
10/23/2016,GSP,SC,ASO,ES,Combined TRACON& Tower with Radar,43,46,9,0,98,0,2,7,0,9,43,48,16,0,107,0,0,0,107
10/24/2016,GSP,SC,ASO,ES,Combined TRACON& Tower with Radar,56,50,12,0,118,0,0,7,2,9,56,50,19,2,127,0,0,0,127
10/25/2016,GSP,SC,ASO,ES,Combined TRACON& Tower with Radar,50,49,21,0,120,0,0,7,0,7,50,49,28,0,127,0,0,0,127
10/26/2016,GSP,SC,ASO,ES,Combined TRACON& Tower with Radar,55,53,16,16,140,0,0,4,2,6,55,53,20,18,146,8,0,8,154
10/27/2016,GSP,SC,ASO,ES,Combined TRACON& Tower with Radar,62,51,16,0,129,0,1,4,0,5,62,52,20,0,134,0,0,0,134
10/28/2016,GSP,SC,ASO,ES,Combined TRACON& Tower with Radar,56,45,16,6,123,0,0,10,4,14,56,45,26,10,137,0,0,0,137
10/29/2016,GSP,SC,ASO,ES,Combined TRACON& Tower with Radar,34,28,16,0,78,0,0,8,4,12,34,28,24,4,90,0,0,0,90
10/30/2016,GSP,SC,ASO,ES,Combined TRACON& Tower with Radar,40,38,6,0,84,0,0,3,4,7,40,38,9,4,91,0,0,0,91
10/31/2016,GSP,SC,ASO,ES,Combined TRACON& Tower with Radar,46,41,10,0,97,0,0,7,0,7,46,41,17,0,104,0,0,0,104
11/01/2016,GSP,SC,ASO,ES,Combined TRACON& Tower with Radar,51,45,29,25,150,0,0,4,1,5,51,45,33,26,155,0,0,0,155
11/02/2016,GSP,SC,ASO,ES,Combined TRACON& Tower with Radar,48,53,9,6,116,0,0,9,4,13,48,53,18,10,129,0,24,24,153
11/03/2016,GSP,SC,ASO,ES,Combined TRACON& Tower with Radar,52,50,18,3,123,0,0,10,1,11,52,50,28,4,134,8,0,8,142
11/04/2016,GSP,SC,ASO,ES,Combined TRACON& Tower with Radar,54,50,21,3,128,0,1,10,2,13,54,51,31,5,141,0,16,16,157
11/05/2016,GSP,SC,ASO,ES,Combined TRACON& Tower with Radar,41,27,13,0,81,0,0,5,2,7,41,27,18,2,88,0,0,0,88
11/06/2016,GSP,SC,ASO,ES,Combined TRACON& Tower with Radar,46,37,17,1,101,0,1,7,2,10,46,38,24,3,111,0,0,0,111
11/07/2016,GSP,SC,ASO,ES,Combined TRACON& Tower with Radar,57,39,21,8,125,0,0,12,3,15,57,39,33,11,140,0,0,0,140
11/08/2016,GSP,SC,ASO,ES,Combined TRACON& Tower with Radar,54,35,21,17,127,0,0,14,1,15,54,35,35,18,142,6,10,16,158
11/09/2016,GSP,SC,ASO,ES,Combined TRACON& Tower with Radar,57,45,25,15,142,0,0,12,4,16,57,45,37,19,158,0,0,0,158
11/10/2016,GSP,SC,ASO,ES,Combined TRACON& Tower with Radar,60,47,26,0,133,0,0,17,0,17,60,47,43,0,150,0,0,0,150
11/11/2016,GSP,SC,ASO,ES,Combined TRACON& Tower with Radar,53,49,13,0,115,0,0,10,0,10,53,49,23,0,125,0,0,0,125
11/12/2016,GSP,SC,ASO,ES,Combined TRACON& Tower with Radar,49,23,3,0,75,0,2,7,0,9,49,25,10,0,84,0,0,0,84
11/13/2016,GSP,SC,ASO,ES,Combined TRACON& Tower with Radar,46,37,12,0,95,0,2,1,0,3,46,39,13,0,98,0,0,0,98
11/14/2016,GSP,SC,ASO,ES,Combined TRACON& Tower with Radar,52,54,24,0,130,0,0,0,0,0,52,54,24,0,130,0,0,0,130
11/15/2016,GSP,SC,ASO,ES,Combined TRACON& Tower with Radar,58,49,34,2,143,0,0,6,0,6,58,49,40,2,149,8,0,8,157
11/16/2016,GSP,SC,ASO,ES,Combined TRACON& Tower with Radar,57,51,30,1,139,0,0,5,1,6,57,51,35,2,145,0,0,0,145
11/17/2016,GSP,SC,ASO,ES,Combined TRACON& Tower with Radar,58,53,15,2,128,0,0,6,0,6,58,53,21,2,134,0,0,0,134
11/18/2016,GSP,SC,ASO,ES,Combined TRACON& Tower with Radar,62,46,24,0,132,0,0,5,0,5,62,46,29,0,137,0,0,0,137
11/19/2016,GSP,SC,ASO,ES,Combined TRACON& Tower with Radar,47,23,11,0,81,0,0,5,0,5,47,23,16,0,86,0,0,0,86
11/20/2016,GSP,SC,ASO,ES,Combined TRACON& Tower with Radar,47,36,13,0,96,0,2,5,1,8,47,38,18,1,104,8,0,8,112
11/21/2016,GSP,SC,ASO,ES,Combined TRACON& Tower with Radar,54,46,19,0,119,0,3,7,1,11,54,49,26,1,130,0,0,0,130
11/22/2016,GSP,SC,ASO,ES,Combined TRACON& Tower with Radar,62,46,28,0,136,0,0,16,0,16,62,46,44,0,152,0,0,0,152
11/23/2016,GSP,SC,ASO,ES,Combined TRACON& Tower with Radar,63,54,12,5,134,0,0,13,1,14,63,54,25,6,148,0,0,0,148
11/24/2016,GSP,SC,ASO,ES,Combined TRACON& Tower with Radar,34,21,10,0,65,0,0,6,0,6,34,21,16,0,71,0,0,0,71
11/25/2016,GSP,SC,ASO,ES,Combined TRACON& Tower with Radar,42,30,9,0,81,0,0,3,0,3,42,30,12,0,84,0,0,0,84
11/26/2016,GSP,SC,ASO,ES,Combined TRACON& Tower with Radar,55,37,7,0,99,0,0,4,0,4,55,37,11,0,103,0,0,0,103
11/27/2016,GSP,SC,ASO,ES,Combined TRACON& Tower with Radar,47,45,15,0,107,0,2,7,0,9,47,47,22,0,116,0,0,0,116
11/28/2016,GSP,SC,ASO,ES,Combined TRACON& Tower with Radar,59,49,14,10,132,0,0,4,0,4,59,49,18,10,136,0,0,0,136
11/29/2016,GSP,SC,ASO,ES,Combined TRACON& Tower with Radar,54,39,16,0,109,0,0,0,0,0,54,39,16,0,109,0,0,0,109
11/30/2016,GSP,SC,ASO,ES,Combined TRACON& Tower with Radar,58,46,24,0,128,0,0,0,0,0,58,46,24,0,128,0,0,0,128
12/01/2016,GSP,SC,ASO,ES,Combined TRACON& Tower with Radar,59,55,30,12,156,0,0,14,2,16,59,55,44,14,172,0,0,0,172
12/02/2016,GSP,SC,ASO,ES,Combined TRACON& Tower with Radar,64,51,15,4,134,0,0,15,0,15,64,51,30,4,149,0,0,0,149
12/03/2016,GSP,SC,ASO,ES,Combined TRACON& Tower with Radar,38,21,6,0,65,0,0,0,0,0,38,21,6,0,65,0,0,0,65
12/04/2016,GSP,SC,ASO,ES,Combined TRACON& Tower with Radar,44,36,18,0,98,0,0,0,0,0,44,36,18,0,98,0,0,0,98
12/05/2016,GSP,SC,ASO,ES,Combined TRACON& Tower with Radar,56,46,18,14,134,0,0,2,2,4,56,46,20,16,138,0,6,6,144
12/06/2016,GSP,SC,ASO,ES,Combined TRACON& Tower with Radar,51,51,23,1,126,0,0,0,0,0,51,51,23,1,126,0,0,0,126
12/07/2016,GSP,SC,ASO,ES,Combined TRACON& Tower with Radar,61,41,15,15,132,0,0,1,0,1,61,41,16,15,133,0,0,0,133
12/08/2016,GSP,SC,ASO,ES,Combined TRACON& Tower with Radar,62,46,29,2,139,0,0,8,0,8,62,46,37,2,147,0,6,6,153
12/09/2016,GSP,SC,ASO,ES,Combined TRACON& Tower with Radar,55,41,18,2,116,0,0,8,0,8,55,41,26,2,124,0,0,0,124
12/10/2016,GSP,SC,ASO,ES,Combined TRACON& Tower with Radar,36,19,19,0,74,0,0,2,0,2,36,19,21,0,76,8,0,8,84
12/11/2016,GSP,SC,ASO,ES,Combined TRACON& Tower with Radar,41,28,11,2,82,0,2,2,0,4,41,30,13,2,86,0,0,0,86
12/12/2016,GSP,SC,ASO,ES,Combined TRACON& Tower with Radar,57,48,17,0,122,0,0,5,0,5,57,48,22,0,127,0,0,0,127
12/13/2016,GSP,SC,ASO,ES,Combined TRACON& Tower with Radar,52,44,21,2,119,0,0,0,0,0,52,44,21,2,119,0,0,0,119
12/14/2016,GSP,SC,ASO,ES,Combined TRACON& Tower with Radar,64,48,17,6,135,0,0,2,2,4,64,48,19,8,139,0,0,0,139
12/15/2016,GSP,SC,ASO,ES,Combined TRACON& Tower with Radar,61,47,11,0,119,0,5,5,2,12,61,52,16,2,131,0,0,0,131
12/16/2016,GSP,SC,ASO,ES,Combined TRACON& Tower with Radar,51,51,17,14,133,0,2,11,0,13,51,53,28,14,146,16,0,16,162
12/17/2016,GSP,SC,ASO,ES,Combined TRACON& Tower with Radar,35,38,3,5,81,0,0,0,0,0,35,38,3,5,81,0,0,0,81
12/18/2016,GSP,SC,ASO,ES,Combined TRACON& Tower with Radar,35,32,6,0,73,0,0,0,0,0,35,32,6,0,73,0,0,0,73
12/19/2016,GSP,SC,ASO,ES,Combined TRACON& Tower with Radar,44,54,14,44,156,0,0,2,2,4,44,54,16,46,160,0,12,12,172
12/20/2016,GSP,SC,ASO,ES,Combined TRACON& Tower with Radar,43,50,9,18,120,0,0,2,2,4,43,50,11,20,124,0,0,0,124
12/21/2016,GSP,SC,ASO,ES,Combined TRACON& Tower with Radar,52,57,18,4,131,0,1,8,5,14,52,58,26,9,145,0,4,4,149
12/22/2016,GSP,SC,ASO,ES,Combined TRACON& Tower with Radar,50,48,8,17,123,0,0,11,3,14,50,48,19,20,137,0,14,14,151
12/23/2016,GSP,SC,ASO,ES,Combined TRACON& Tower with Radar,44,50,10,0,104,0,0,8,0,8,44,50,18,0,112,0,0,0,112
12/24/2016,GSP,SC,ASO,ES,Combined TRACON& Tower with Radar,32,26,0,0,58,0,2,1,0,3,32,28,1,0,61,0,0,0,61
12/25/2016,GSP,SC,ASO,ES,Combined TRACON& Tower with Radar,32,24,2,0,58,0,0,0,0,0,32,24,2,0,58,0,0,0,58
12/26/2016,GSP,SC,ASO,ES,Combined TRACON& Tower with Radar,40,52,9,0,101,0,0,0,0,0,40,52,9,0,101,0,0,0,101
12/27/2016,GSP,SC,ASO,ES,Combined TRACON& Tower with Radar,41,53,17,0,111,0,1,2,2,5,41,54,19,2,116,0,0,0,116
12/28/2016,GSP,SC,ASO,ES,Combined TRACON& Tower with Radar,48,52,11,4,115,0,1,5,2,8,48,53,16,6,123,0,0,0,123
12/29/2016,GSP,SC,ASO,ES,Combined TRACON& Tower with Radar,49,50,7,0,106,0,0,2,0,2,49,50,9,0,108,0,0,0,108
12/30/2016,GSP,SC,ASO,ES,Combined TRACON& Tower with Radar,48,48,19,2,117,0,0,11,2,13,48,48,30,4,130,0,0,0,130
12/31/2016,GSP,SC,ASO,ES,Combined TRACON& Tower with Radar,33,26,12,0,71,0,1,2,0,3,33,27,14,0,74,0,0,0,74
01/01/2017,GSP,SC,ASO,ES,Combined TRACON& Tower with Radar,44,31,6,0,81,0,0,0,0,0,44,31,6,0,81,0,0,0,81
01/02/2017,GSP,SC,ASO,ES,Combined TRACON& Tower with Radar,37,48,9,0,94,0,0,0,0,0,37,48,9,0,94,0,0,0,94
01/03/2017,GSP,SC,ASO,ES,Combined TRACON& Tower with Radar,46,43,5,10,104,0,0,3,0,3,46,43,8,10,107,0,0,0,107
01/04/2017,GSP,SC,ASO,ES,Combined TRACON& Tower with Radar,47,44,20,6,117,0,0,7,4,11,47,44,27,10,128,0,2,2,130
01/05/2017,GSP,SC,ASO,ES,Combined TRACON& Tower with Radar,51,44,12,16,123,0,0,6,4,10,51,44,18,20,133,0,0,0,133
01/06/2017,GSP,SC,ASO,ES,Combined TRACON& Tower with Radar,41,34,8,18,101,0,7,6,6,19,41,41,14,24,120,0,26,26,146
01/07/2017,GSP,SC,ASO,ES,Combined TRACON& Tower with Radar,28,14,6,1,49,0,0,0,1,1,28,14,6,2,50,0,0,0,50
01/08/2017,GSP,SC,ASO,ES,Combined TRACON& Tower with Radar,43,29,17,2,91,0,4,7,0,11,43,33,24,2,102,0,0,0,102
01/09/2017,GSP,SC,ASO,ES,Combined TRACON& Tower with Radar,57,31,12,17,117,0,2,2,15,19,57,33,14,32,136,0,0,0,136
01/10/2017,GSP,SC,ASO,ES,Combined TRACON& Tower with Radar,74,30,18,2,124,0,0,19,1,20,74,30,37,3,144,16,0,16,160
01/11/2017,GSP,SC,ASO,ES,Combined TRACON& Tower with Radar,54,29,9,0,92,0,0,4,0,4,54,29,13,0,96,0,0,0,96
01/12/2017,GSP,SC,ASO,ES,Combined TRACON& Tower with Radar,57,28,24,11,120,0,0,8,3,11,57,28,32,14,131,4,0,4,135
01/13/2017,GSP,SC,ASO,ES,Combined TRACON& Tower with Radar,55,33,10,0,98,0,0,10,2,12,55,33,20,2,110,8,0,8,118
01/14/2017,GSP,SC,ASO,ES,Combined TRACON& Tower with Radar,36,18,0,0,54,0,0,0,0,0,36,18,0,0,54,0,0,0,54
01/15/2017,GSP,SC,ASO,ES,Combined TRACON& Tower with Radar,38,24,4,0,66,0,3,12,0,15,38,27,16,0,81,0,0,0,81
01/16/2017,GSP,SC,ASO,ES,Combined TRACON& Tower with Radar,57,31,13,0,101,0,0,1,0,1,57,31,14,0,102,0,0,0,102
01/17/2017,GSP,SC,ASO,ES,Combined TRACON& Tower with Radar,54,33,11,0,98,0,0,1,0,1,54,33,12,0,99,0,0,0,99
01/18/2017,GSP,SC,ASO,ES,Combined TRACON& Tower with Radar,53,32,22,21,128,0,0,2,1,3,53,32,24,22,131,0,0,0,131
01/19/2017,GSP,SC,ASO,ES,Combined TRACON& Tower with Radar,60,30,14,18,122,0,2,2,0,4,60,32,16,18,126,0,0,0,126
01/20/2017,GSP,SC,ASO,ES,Combined TRACON& Tower with Radar,61,33,13,5,112,0,0,0,0,0,61,33,13,5,112,0,0,0,112
01/21/2017,GSP,SC,ASO,ES,Combined TRACON& Tower with Radar,36,15,7,0,58,0,0,0,0,0,36,15,7,0,58,0,0,0,58
01/22/2017,GSP,SC,ASO,ES,Combined TRACON& Tower with Radar,54,26,11,0,91,0,0,0,0,0,54,26,11,0,91,0,0,0,91
01/23/2017,GSP,SC,ASO,ES,Combined TRACON& Tower with Radar,54,27,14,18,113,0,2,0,2,4,54,29,14,20,117,0,0,0,117
01/24/2017,GSP,SC,ASO,ES,Combined TRACON& Tower with Radar,57,35,22,0,114,0,2,5,1,8,57,37,27,1,122,0,0,0,122
01/25/2017,GSP,SC,ASO,ES,Combined TRACON& Tower with Radar,53,34,31,5,123,0,1,9,2,12,53,35,40,7,135,0,0,0,135
01/26/2017,GSP,SC,ASO,ES,Combined TRACON& Tower with Radar,62,30,11,15,118,0,2,8,0,10,62,32,19,15,128,0,0,0,128
01/27/2017,GSP,SC,ASO,ES,Combined TRACON& Tower with Radar,58,31,13,2,104,0,0,8,2,10,58,31,21,4,114,0,0,0,114
01/28/2017,GSP,SC,ASO,ES,Combined TRACON& Tower with Radar,37,18,8,6,69,0,0,7,0,7,37,18,15,6,76,0,0,0,76
01/29/2017,GSP,SC,ASO,ES,Combined TRACON& Tower with Radar,39,25,5,0,69,0,0,0,0,0,39,25,5,0,69,0,0,0,69
01/30/2017,GSP,SC,ASO,ES,Combined TRACON& Tower with Radar,59,28,11,0,98,0,1,11,2,14,59,29,22,2,112,0,0,0,112
01/31/2017,GSP,SC,ASO,ES,Combined TRACON& Tower with Radar,54,29,22,0,105,0,1,5,1,7,54,30,27,1,112,0,0,0,112
02/01/2017,GSP,SC,ASO,ES,Combined TRACON& Tower with Radar,54,39,16,10,119,0,6,6,0,12,54,45,22,10,131,0,0,0,131
02/02/2017,GSP,SC,ASO,ES,Combined TRACON& Tower with Radar,60,29,13,0,102,0,0,5,0,5,60,29,18,0,107,0,0,0,107
02/03/2017,GSP,SC,ASO,ES,Combined TRACON& Tower with Radar,57,30,19,0,106,0,0,2,0,2,57,30,21,0,108,0,0,0,108
02/04/2017,GSP,SC,ASO,ES,Combined TRACON& Tower with Radar,37,18,2,0,57,0,0,5,0,5,37,18,7,0,62,0,0,0,62
02/05/2017,GSP,SC,ASO,ES,Combined TRACON& Tower with Radar,43,23,3,0,69,0,3,7,5,15,43,26,10,5,84,0,0,0,84
02/06/2017,GSP,SC,ASO,ES,Combined TRACON& Tower with Radar,60,29,15,18,122,0,0,14,4,18,60,29,29,22,140,0,14,14,154
02/07/2017,GSP,SC,ASO,ES,Combined TRACON& Tower with Radar,54,29,8,1,92,0,0,1,2,3,54,29,9,3,95,0,0,0,95
02/08/2017,GSP,SC,ASO,ES,Combined TRACON& Tower with Radar,59,35,16,3,113,0,0,0,0,0,59,35,16,3,113,0,0,0,113
02/09/2017,GSP,SC,ASO,ES,Combined TRACON& Tower with Radar,59,28,22,1,110,0,0,2,1,3,59,28,24,2,113,0,0,0,113
02/10/2017,GSP,SC,ASO,ES,Combined TRACON& Tower with Radar,56,27,14,8,105,0,0,11,2,13,56,27,25,10,118,0,0,0,118
02/11/2017,GSP,SC,ASO,ES,Combined TRACON& Tower with Radar,41,18,16,5,80,0,0,5,1,6,41,18,21,6,86,0,0,0,86
02/12/2017,GSP,SC,ASO,ES,Combined TRACON& Tower with Radar,43,21,20,6,90,0,2,0,0,2,43,23,20,6,92,0,0,0,92
02/13/2017,GSP,SC,ASO,ES,Combined TRACON& Tower with Radar,56,29,11,21,117,0,5,12,5,22,56,34,23,26,139,4,24,28,167
02/14/2017,GSP,SC,ASO,ES,Combined TRACON& Tower with Radar,55,25,10,10,100,0,0,3,0,3,55,25,13,10,103,0,12,12,115
02/15/2017,GSP,SC,ASO,ES,Combined TRACON& Tower with Radar,56,31,15,4,106,0,0,4,0,4,56,31,19,4,110,0,0,0,110
02/16/2017,GSP,SC,ASO,ES,Combined TRACON& Tower with Radar,55,33,20,20,128,0,0,6,0,6,55,33,26,20,134,0,0,0,134
02/17/2017,GSP,SC,ASO,ES,Combined TRACON& Tower with Radar,55,32,17,0,104,0,3,6,0,9,55,35,23,0,113,2,0,2,115
02/18/2017,GSP,SC,ASO,ES,Combined TRACON& Tower with Radar,39,17,15,0,71,0,0,2,2,4,39,17,17,2,75,0,0,0,75
02/19/2017,GSP,SC,ASO,ES,Combined TRACON& Tower with Radar,34,38,10,0,82,0,3,5,0,8,34,41,15,0,90,0,0,0,90
02/20/2017,GSP,SC,ASO,ES,Combined TRACON& Tower with Radar,57,37,19,0,113,0,0,12,0,12,57,37,31,0,125,0,0,0,125
02/21/2017,GSP,SC,ASO,ES,Combined TRACON& Tower with Radar,56,35,24,0,115,0,0,4,1,5,56,35,28,1,120,0,0,0,120
02/22/2017,GSP,SC,ASO,ES,Combined TRACON& Tower with Radar,57,37,15,0,109,0,0,0,0,0,57,37,15,0,109,0,0,0,109
02/23/2017,GSP,SC,ASO,ES,Combined TRACON& Tower with Radar,56,38,16,13,123,0,1,5,1,7,56,39,21,14,130,0,6,6,136
02/24/2017,GSP,SC,ASO,ES,Combined TRACON& Tower with Radar,56,39,29,14,138,0,3,14,0,17,56,42,43,14,155,0,0,0,155
02/25/2017,GSP,SC,ASO,ES,Combined TRACON& Tower with Radar,43,21,4,6,74,0,0,4,1,5,43,21,8,7,79,0,0,0,79
02/26/2017,GSP,SC,ASO,ES,Combined TRACON& Tower with Radar,38,38,11,1,88,0,0,6,0,6,38,38,17,1,94,0,0,0,94
02/27/2017,GSP,SC,ASO,ES,Combined TRACON& Tower with Radar,55,42,23,2,122,0,0,9,0,9,55,42,32,2,131,0,0,0,131
02/28/2017,GSP,SC,ASO,ES,Combined TRACON& Tower with Radar,60,42,28,4,134,0,1,5,2,8,60,43,33,6,142,0,0,0,142
03/01/2017,GSP,SC,ASO,ES,Combined TRACON& Tower with Radar,56,48,18,0,122,0,0,3,0,3,56,48,21,0,125,0,0,0,125
03/02/2017,GSP,SC,ASO,ES,Combined TRACON& Tower with Radar,57,41,27,2,127,0,6,8,1,15,57,47,35,3,142,0,0,0,142
03/03/2017,GSP,SC,ASO,ES,Combined TRACON& Tower with Radar,57,44,23,32,156,0,1,9,16,26,57,45,32,48,182,2,0,2,184
03/04/2017,GSP,SC,ASO,ES,Combined TRACON& Tower with Radar,47,25,4,0,76,0,0,4,0,4,47,25,8,0,80,0,0,0,80
03/05/2017,GSP,SC,ASO,ES,Combined TRACON& Tower with Radar,49,34,11,0,94,0,3,2,0,5,49,37,13,0,99,0,0,0,99
03/06/2017,GSP,SC,ASO,ES,Combined TRACON& Tower with Radar,58,35,11,6,110,0,0,1,0,1,58,35,12,6,111,2,0,2,113
03/07/2017,GSP,SC,ASO,ES,Combined TRACON& Tower with Radar,66,34,24,0,124,0,0,7,1,8,66,34,31,1,132,0,0,0,132
03/08/2017,GSP,SC,ASO,ES,Combined TRACON& Tower with Radar,60,25,15,3,103,0,3,3,0,6,60,28,18,3,109,4,4,8,117
03/09/2017,GSP,SC,ASO,ES,Combined TRACON& Tower with Radar,58,40,17,0,115,0,2,7,0,9,58,42,24,0,124,0,0,0,124
03/10/2017,GSP,SC,ASO,ES,Combined TRACON& Tower with Radar,60,27,22,0,109,0,0,2,2,4,60,27,24,2,113,0,0,0,113
03/11/2017,GSP,SC,ASO,ES,Combined TRACON& Tower with Radar,40,26,7,0,73,0,1,7,0,8,40,27,14,0,81,0,0,0,81
03/12/2017,GSP,SC,ASO,ES,Combined TRACON& Tower with Radar,41,36,18,0,95,0,0,0,0,0,41,36,18,0,95,0,0,0,95
03/13/2017,GSP,SC,ASO,ES,Combined TRACON& Tower with Radar,62,32,25,0,119,0,0,0,0,0,62,32,25,0,119,0,0,0,119
03/14/2017,GSP,SC,ASO,ES,Combined TRACON& Tower with Radar,53,16,9,7,85,0,0,2,9,11,53,16,11,16,96,0,14,14,110
03/15/2017,GSP,SC,ASO,ES,Combined TRACON& Tower with Radar,73,36,18,0,127,0,2,7,4,13,73,38,25,4,140,2,0,2,142
03/16/2017,GSP,SC,ASO,ES,Combined TRACON& Tower with Radar,68,26,21,21,136,0,2,8,2,12,68,28,29,23,148,0,0,0,148
03/17/2017,GSP,SC,ASO,ES,Combined TRACON& Tower with Radar,62,33,25,0,120,0,0,2,0,2,62,33,27,0,122,0,0,0,122
03/18/2017,GSP,SC,ASO,ES,Combined TRACON& Tower with Radar,48,21,6,0,75,1,2,1,0,4,49,23,7,0,79,0,0,0,79
03/19/2017,GSP,SC,ASO,ES,Combined TRACON& Tower with Radar,55,33,13,2,103,0,3,4,1,8,55,36,17,3,111,0,0,0,111
03/20/2017,GSP,SC,ASO,ES,Combined TRACON& Tower with Radar,59,31,19,0,109,0,2,5,0,7,59,33,24,0,116,0,0,0,116
03/21/2017,GSP,SC,ASO,ES,Combined TRACON& Tower with Radar,53,35,15,2,105,1,0,8,1,10,54,35,23,3,115,12,0,12,127
03/22/2017,GSP,SC,ASO,ES,Combined TRACON& Tower with Radar,65,34,9,7,115,0,0,2,1,3,65,34,11,8,118,0,0,0,118
03/23/2017,GSP,SC,ASO,ES,Combined TRACON& Tower with Radar,62,33,30,13,138,0,0,9,1,10,62,33,39,14,148,0,0,0,148
03/24/2017,GSP,SC,ASO,ES,Combined TRACON& Tower with Radar,60,36,22,16,134,0,1,9,3,13,60,37,31,19,147,10,8,18,165
03/25/2017,GSP,SC,ASO,ES,Combined TRACON& Tower with Radar,39,25,15,4,83,0,0,15,5,20,39,25,30,9,103,0,0,0,103
03/26/2017,GSP,SC,ASO,ES,Combined TRACON& Tower with Radar,42,36,4,1,83,0,0,0,0,0,42,36,4,1,83,0,0,0,83
03/27/2017,GSP,SC,ASO,ES,Combined TRACON& Tower with Radar,63,39,14,2,118,0,5,6,0,11,63,44,20,2,129,0,6,6,135
03/28/2017,GSP,SC,ASO,ES,Combined TRACON& Tower with Radar,63,30,22,3,118,0,2,14,1,17,63,32,36,4,135,0,0,0,135
03/29/2017,GSP,SC,ASO,ES,Combined TRACON& Tower with Radar,61,37,28,16,142,0,0,12,4,16,61,37,40,20,158,0,0,0,158
03/30/2017,GSP,SC,ASO,ES,Combined TRACON& Tower with Radar,62,34,14,0,110,0,0,0,0,0,62,34,14,0,110,0,0,0,110
03/31/2017,GSP,SC,ASO,ES,Combined TRACON& Tower with Radar,58,31,24,1,114,0,2,10,2,14,58,33,34,3,128,0,2,2,130
04/01/2017,GSP,SC,ASO,ES,Combined TRACON& Tower with Radar,42,19,10,0,71,0,0,13,0,13,42,19,23,0,84,0,0,0,84
04/02/2017,GSP,SC,ASO,ES,Combined TRACON& Tower with Radar,46,33,12,2,93,0,0,9,5,14,46,33,21,7,107,0,0,0,107
04/03/2017,GSP,SC,ASO,ES,Combined TRACON& Tower with Radar,64,34,6,0,104,0,0,0,0,0,64,34,6,0,104,0,0,0,104
04/04/2017,GSP,SC,ASO,ES,Combined TRACON& Tower with Radar,62,41,20,2,125,0,2,13,5,20,62,43,33,7,145,8,0,8,153
04/05/2017,GSP,SC,ASO,ES,Combined TRACON& Tower with Radar,60,36,11,0,107,0,0,0,1,1,60,36,11,1,108,0,0,0,108
04/06/2017,GSP,SC,ASO,ES,Combined TRACON& Tower with Radar,52,32,23,0,107,0,0,0,6,6,52,32,23,6,113,0,0,0,113
04/07/2017,GSP,SC,ASO,ES,Combined TRACON& Tower with Radar,52,36,17,0,105,0,0,7,0,7,52,36,24,0,112,0,0,0,112
04/08/2017,GSP,SC,ASO,ES,Combined TRACON& Tower with Radar,32,39,4,4,79,0,0,11,0,11,32,39,15,4,90,0,0,0,90
04/09/2017,GSP,SC,ASO,ES,Combined TRACON& Tower with Radar,50,36,11,0,97,0,0,11,0,11,50,36,22,0,108,0,0,0,108
04/10/2017,GSP,SC,ASO,ES,Combined TRACON& Tower with Radar,62,37,14,0,113,0,0,6,2,8,62,37,20,2,121,6,0,6,127
04/11/2017,GSP,SC,ASO,ES,Combined TRACON& Tower with Radar,62,38,23,0,123,0,1,3,1,5,62,39,26,1,128,8,0,8,136
04/12/2017,GSP,SC,ASO,ES,Combined TRACON& Tower with Radar,70,32,20,9,131,0,0,9,4,13,70,32,29,13,144,0,0,0,144
04/13/2017,GSP,SC,ASO,ES,Combined TRACON& Tower with Radar,66,40,12,0,118,0,2,11,2,15,66,42,23,2,133,0,0,0,133
04/14/2017,GSP,SC,ASO,ES,Combined TRACON& Tower with Radar,62,36,10,7,115,0,0,5,0,5,62,36,15,7,120,0,0,0,120
04/15/2017,GSP,SC,ASO,ES,Combined TRACON& Tower with Radar,37,27,4,0,68,0,0,11,1,12,37,27,15,1,80,0,0,0,80
04/16/2017,GSP,SC,ASO,ES,Combined TRACON& Tower with Radar,46,36,8,4,94,0,0,2,3,5,46,36,10,7,99,0,0,0,99
04/17/2017,GSP,SC,ASO,ES,Combined TRACON& Tower with Radar,61,31,15,4,111,0,1,3,4,8,61,32,18,8,119,0,0,0,119
04/18/2017,GSP,SC,ASO,ES,Combined TRACON& Tower with Radar,62,33,16,0,111,0,0,2,0,2,62,33,18,0,113,0,0,0,113
04/19/2017,GSP,SC,ASO,ES,Combined TRACON& Tower with Radar,65,36,26,7,134,0,0,0,1,1,65,36,26,8,135,0,0,0,135
04/20/2017,GSP,SC,ASO,ES,Combined TRACON& Tower with Radar,67,36,20,0,123,0,2,9,2,13,67,38,29,2,136,0,0,0,136
04/21/2017,GSP,SC,ASO,ES,Combined TRACON& Tower with Radar,64,35,16,8,123,0,1,6,0,7,64,36,22,8,130,0,6,6,136
04/22/2017,GSP,SC,ASO,ES,Combined TRACON& Tower with Radar,41,28,12,0,81,0,0,3,5,8,41,28,15,5,89,0,0,0,89
04/23/2017,GSP,SC,ASO,ES,Combined TRACON& Tower with Radar,45,44,13,0,102,0,0,0,0,0,45,44,13,0,102,0,0,0,102
04/24/2017,GSP,SC,ASO,ES,Combined TRACON& Tower with Radar,60,41,14,0,115,0,0,0,0,0,60,41,14,0,115,0,0,0,115
04/25/2017,GSP,SC,ASO,ES,Combined TRACON& Tower with Radar,62,33,9,10,114,0,0,8,3,11,62,33,17,13,125,0,0,0,125
04/26/2017,GSP,SC,ASO,ES,Combined TRACON& Tower with Radar,63,34,23,5,125,0,0,6,2,8,63,34,29,7,133,0,0,0,133
04/27/2017,GSP,SC,ASO,ES,Combined TRACON& Tower with Radar,61,37,20,0,118,0,0,3,0,3,61,37,23,0,121,0,0,0,121
04/28/2017,GSP,SC,ASO,ES,Combined TRACON& Tower with Radar,59,37,16,8,120,0,2,5,0,7,59,39,21,8,127,0,0,0,127
04/29/2017,GSP,SC,ASO,ES,Combined TRACON& Tower with Radar,37,26,2,2,67,0,0,5,0,5,37,26,7,2,72,0,0,0,72
04/30/2017,GSP,SC,ASO,ES,Combined TRACON& Tower with Radar,51,32,21,6,110,0,0,2,2,4,51,32,23,8,114,0,0,0,114
05/01/2017,GSP,SC,ASO,ES,Combined TRACON& Tower with Radar,62,37,12,0,111,0,3,0,1,4,62,40,12,1,115,0,0,0,115
05/02/2017,GSP,SC,ASO,ES,Combined TRACON& Tower with Radar,62,42,17,12,133,0,0,7,6,13,62,42,24,18,146,0,0,0,146
05/03/2017,GSP,SC,ASO,ES,Combined TRACON& Tower with Radar,60,39,15,0,114,0,0,15,1,16,60,39,30,1,130,4,0,4,134
05/04/2017,GSP,SC,ASO,ES,Combined TRACON& Tower with Radar,66,45,28,2,141,0,0,1,1,2,66,45,29,3,143,0,0,0,143
05/05/2017,GSP,SC,ASO,ES,Combined TRACON& Tower with Radar,64,38,23,2,127,0,0,2,2,4,64,38,25,4,131,0,0,0,131
05/06/2017,GSP,SC,ASO,ES,Combined TRACON& Tower with Radar,39,27,9,0,75,0,0,2,0,2,39,27,11,0,77,0,0,0,77
05/07/2017,GSP,SC,ASO,ES,Combined TRACON& Tower with Radar,50,37,6,3,96,0,1,6,1,8,50,38,12,4,104,12,0,12,116
05/08/2017,GSP,SC,ASO,ES,Combined TRACON& Tower with Radar,66,36,18,4,124,0,0,9,1,10,66,36,27,5,134,0,0,0,134
05/09/2017,GSP,SC,ASO,ES,Combined TRACON& Tower with Radar,60,39,18,4,121,0,0,13,2,15,60,39,31,6,136,0,0,0,136
05/10/2017,GSP,SC,ASO,ES,Combined TRACON& Tower with Radar,63,37,24,2,126,0,0,6,3,9,63,37,30,5,135,0,0,0,135
05/11/2017,GSP,SC,ASO,ES,Combined TRACON& Tower with Radar,67,40,18,5,130,0,1,9,3,13,67,41,27,8,143,0,0,0,143
05/12/2017,GSP,SC,ASO,ES,Combined TRACON& Tower with Radar,63,44,27,28,162,0,1,1,0,2,63,45,28,28,164,0,0,0,164
05/13/2017,GSP,SC,ASO,ES,Combined TRACON& Tower with Radar,40,30,8,0,78,0,0,0,1,1,40,30,8,1,79,0,0,0,79
05/14/2017,GSP,SC,ASO,ES,Combined TRACON& Tower with Radar,47,32,8,9,96,0,0,12,1,13,47,32,20,10,109,0,0,0,109
05/15/2017,GSP,SC,ASO,ES,Combined TRACON& Tower with Radar,63,41,17,2,123,0,0,11,0,11,63,41,28,2,134,0,0,0,134
05/16/2017,GSP,SC,ASO,ES,Combined TRACON& Tower with Radar,65,40,23,1,129,0,2,7,1,10,65,42,30,2,139,0,0,0,139
05/17/2017,GSP,SC,ASO,ES,Combined TRACON& Tower with Radar,69,40,22,2,133,0,0,14,2,16,69,40,36,4,149,0,0,0,149
05/18/2017,GSP,SC,ASO,ES,Combined TRACON& Tower with Radar,67,42,28,2,139,0,0,2,0,2,67,42,30,2,141,0,0,0,141
05/19/2017,GSP,SC,ASO,ES,Combined TRACON& Tower with Radar,62,44,24,2,132,0,1,6,6,13,62,45,30,8,145,0,0,0,145
05/20/2017,GSP,SC,ASO,ES,Combined TRACON& Tower with Radar,48,31,10,0,89,0,0,5,0,5,48,31,15,0,94,0,0,0,94
05/21/2017,GSP,SC,ASO,ES,Combined TRACON& Tower with Radar,51,39,11,0,101,0,0,0,0,0,51,39,11,0,101,0,0,0,101
05/22/2017,GSP,SC,ASO,ES,Combined TRACON& Tower with Radar,60,36,27,0,123,0,1,1,1,3,60,37,28,1,126,0,0,0,126
05/23/2017,GSP,SC,ASO,ES,Combined TRACON& Tower with Radar,61,43,37,0,141,0,0,0,0,0,61,43,37,0,141,0,0,0,141
05/24/2017,GSP,SC,ASO,ES,Combined TRACON& Tower with Radar,64,37,15,1,117,0,0,1,0,1,64,37,16,1,118,0,0,0,118
05/25/2017,GSP,SC,ASO,ES,Combined TRACON& Tower with Radar,67,40,22,9,138,0,21,15,6,42,67,61,37,15,180,4,0,4,184
05/26/2017,GSP,SC,ASO,ES,Combined TRACON& Tower with Radar,61,40,17,0,118,0,5,11,1,17,61,45,28,1,135,0,0,0,135
05/27/2017,GSP,SC,ASO,ES,Combined TRACON& Tower with Radar,37,27,9,0,73,0,0,4,5,9,37,27,13,5,82,0,0,0,82
05/28/2017,GSP,SC,ASO,ES,Combined TRACON& Tower with Radar,36,32,2,0,70,0,0,0,0,0,36,32,2,0,70,0,0,0,70
05/29/2017,GSP,SC,ASO,ES,Combined TRACON& Tower with Radar,52,32,9,0,93,0,2,5,0,7,52,34,14,0,100,0,0,0,100
05/30/2017,GSP,SC,ASO,ES,Combined TRACON& Tower with Radar,62,35,15,0,112,0,0,5,3,8,62,35,20,3,120,0,0,0,120
05/31/2017,GSP,SC,ASO,ES,Combined TRACON& Tower with Radar,69,36,17,0,122,0,0,3,4,7,69,36,20,4,129,0,0,0,129
06/01/2017,GSP,SC,ASO,ES,Combined TRACON& Tower with Radar,67,39,16,3,125,0,2,6,3,11,67,41,22,6,136,0,18,18,154
06/02/2017,GSP,SC,ASO,ES,Combined TRACON& Tower with Radar,56,45,9,9,119,0,0,6,3,9,56,45,15,12,128,0,10,10,138
06/03/2017,GSP,SC,ASO,ES,Combined TRACON& Tower with Radar,42,28,6,2,78,0,2,9,0,11,42,30,15,2,89,4,0,4,93
06/04/2017,GSP,SC,ASO,ES,Combined TRACON& Tower with Radar,48,43,8,0,99,0,0,0,0,0,48,43,8,0,99,0,0,0,99
06/05/2017,GSP,SC,ASO,ES,Combined TRACON& Tower with Radar,59,43,22,0,124,0,0,3,0,3,59,43,25,0,127,0,0,0,127
06/06/2017,GSP,SC,ASO,ES,Combined TRACON& Tower with Radar,60,44,14,2,120,0,1,1,0,2,60,45,15,2,122,0,0,0,122
06/07/2017,GSP,SC,ASO,ES,Combined TRACON& Tower with Radar,69,46,16,1,132,0,0,13,3,16,69,46,29,4,148,0,0,0,148
06/08/2017,GSP,SC,ASO,ES,Combined TRACON& Tower with Radar,68,42,21,3,134,0,3,6,3,12,68,45,27,6,146,0,0,0,146
06/09/2017,GSP,SC,ASO,ES,Combined TRACON& Tower with Radar,65,38,9,3,115,0,1,6,0,7,65,39,15,3,122,0,2,2,124
06/10/2017,GSP,SC,ASO,ES,Combined TRACON& Tower with Radar,40,34,3,1,78,0,0,6,2,8,40,34,9,3,86,0,0,0,86
06/11/2017,GSP,SC,ASO,ES,Combined TRACON& Tower with Radar,51,42,21,0,114,0,0,11,0,11,51,42,32,0,125,6,0,6,131
06/12/2017,GSP,SC,ASO,ES,Combined TRACON& Tower with Radar,61,49,15,0,125,0,1,6,4,11,61,50,21,4,136,0,0,0,136
06/13/2017,GSP,SC,ASO,ES,Combined TRACON& Tower with Radar,63,40,16,0,119,0,0,6,0,6,63,40,22,0,125,0,0,0,125
06/14/2017,GSP,SC,ASO,ES,Combined TRACON& Tower with Radar,61,45,18,8,132,0,0,6,0,6,61,45,24,8,138,0,0,0,138
06/15/2017,GSP,SC,ASO,ES,Combined TRACON& Tower with Radar,68,38,25,3,134,0,0,8,3,11,68,38,33,6,145,0,12,12,157
06/16/2017,GSP,SC,ASO,ES,Combined TRACON& Tower with Radar,59,40,19,0,118,0,1,7,4,12,59,41,26,4,130,0,0,0,130
06/17/2017,GSP,SC,ASO,ES,Combined TRACON& Tower with Radar,44,32,18,11,105,0,0,1,0,1,44,32,19,11,106,0,0,0,106
06/18/2017,GSP,SC,ASO,ES,Combined TRACON& Tower with Radar,44,43,7,0,94,0,0,1,0,1,44,43,8,0,95,0,0,0,95
06/19/2017,GSP,SC,ASO,ES,Combined TRACON& Tower with Radar,52,39,19,1,111,0,0,4,3,7,52,39,23,4,118,0,0,0,118
06/20/2017,GSP,SC,ASO,ES,Combined TRACON& Tower with Radar,58,44,24,11,137,0,0,2,0,2,58,44,26,11,139,0,14,14,153
06/21/2017,GSP,SC,ASO,ES,Combined TRACON& Tower with Radar,66,45,21,1,133,0,0,1,3,4,66,45,22,4,137,0,0,0,137
06/22/2017,GSP,SC,ASO,ES,Combined TRACON& Tower with Radar,61,46,19,0,126,0,0,3,0,3,61,46,22,0,129,0,0,0,129
06/23/2017,GSP,SC,ASO,ES,Combined TRACON& Tower with Radar,60,36,22,0,118,0,0,8,0,8,60,36,30,0,126,4,0,4,130
06/24/2017,GSP,SC,ASO,ES,Combined TRACON& Tower with Radar,41,33,9,0,83,0,0,2,0,2,41,33,11,0,85,0,0,0,85
06/25/2017,GSP,SC,ASO,ES,Combined TRACON& Tower with Radar,46,40,14,12,112,0,1,3,0,4,46,41,17,12,116,0,5,5,121
06/26/2017,GSP,SC,ASO,ES,Combined TRACON& Tower with Radar,58,46,18,1,123,0,0,8,1,9,58,46,26,2,132,0,0,0,132
06/27/2017,GSP,SC,ASO,ES,Combined TRACON& Tower with Radar,58,48,22,5,133,0,0,9,0,9,58,48,31,5,142,0,0,0,142
06/28/2017,GSP,SC,ASO,ES,Combined TRACON& Tower with Radar,56,41,27,7,131,0,0,11,3,14,56,41,38,10,145,4,0,4,149
06/29/2017,GSP,SC,ASO,ES,Combined TRACON& Tower with Radar,74,43,13,19,149,0,0,8,2,10,74,43,21,21,159,0,0,0,159
06/30/2017,GSP,SC,ASO,ES,Combined TRACON& Tower with Radar,61,57,27,0,145,0,0,0,0,0,61,57,27,0,145,0,0,0,145
07/01/2017,GSP,SC,ASO,ES,Combined TRACON& Tower with Radar,41,29,8,0,78,0,0,6,0,6,41,29,14,0,84,4,0,4,88
07/02/2017,GSP,SC,ASO,ES,Combined TRACON& Tower with Radar,37,30,7,0,74,0,0,1,0,1,37,30,8,0,75,0,0,0,75
07/03/2017,GSP,SC,ASO,ES,Combined TRACON& Tower with Radar,52,31,10,0,93,0,0,4,0,4,52,31,14,0,97,0,0,0,97
07/04/2017,GSP,SC,ASO,ES,Combined TRACON& Tower with Radar,48,26,3,0,77,0,0,0,0,0,48,26,3,0,77,0,0,0,77
07/05/2017,GSP,SC,ASO,ES,Combined TRACON& Tower with Radar,60,45,6,0,111,0,3,1,0,4,60,48,7,0,115,0,0,0,115
07/06/2017,GSP,SC,ASO,ES,Combined TRACON& Tower with Radar,70,54,15,28,167,0,2,4,4,10,70,56,19,32,177,0,8,8,185
07/07/2017,GSP,SC,ASO,ES,Combined TRACON& Tower with Radar,67,44,20,2,133,0,2,3,0,5,67,46,23,2,138,0,0,0,138
07/08/2017,GSP,SC,ASO,ES,Combined TRACON& Tower with Radar,42,30,5,0,77,0,2,5,0,7,42,32,10,0,84,0,0,0,84
07/09/2017,GSP,SC,ASO,ES,Combined TRACON& Tower with Radar,51,44,11,0,106,0,1,16,0,17,51,45,27,0,123,0,0,0,123
07/10/2017,GSP,SC,ASO,ES,Combined TRACON& Tower with Radar,53,41,15,0,109,0,2,8,2,12,53,43,23,2,121,0,0,0,121
07/11/2017,GSP,SC,ASO,ES,Combined TRACON& Tower with Radar,69,49,20,0,138,0,0,1,4,5,69,49,21,4,143,0,0,0,143
07/12/2017,GSP,SC,ASO,ES,Combined TRACON& Tower with Radar,57,44,18,6,125,0,0,3,0,3,57,44,21,6,128,0,0,0,128
07/13/2017,GSP,SC,ASO,ES,Combined TRACON& Tower with Radar,61,53,32,0,146,0,0,18,0,18,61,53,50,0,164,0,0,0,164
07/14/2017,GSP,SC,ASO,ES,Combined TRACON& Tower with Radar,61,60,33,0,154,0,0,10,0,10,61,60,43,0,164,0,0,0,164
07/15/2017,GSP,SC,ASO,ES,Combined TRACON& Tower with Radar,48,42,14,0,104,0,0,5,2,7,48,42,19,2,111,0,0,0,111
07/16/2017,GSP,SC,ASO,ES,Combined TRACON& Tower with Radar,45,48,15,0,108,0,1,5,0,6,45,49,20,0,114,0,0,0,114
07/17/2017,GSP,SC,ASO,ES,Combined TRACON& Tower with Radar,52,41,15,0,108,0,0,1,0,1,52,41,16,0,109,0,0,0,109
07/18/2017,GSP,SC,ASO,ES,Combined TRACON& Tower with Radar,59,53,28,0,140,0,0,4,0,4,59,53,32,0,144,0,0,0,144
07/19/2017,GSP,SC,ASO,ES,Combined TRACON& Tower with Radar,64,44,17,7,132,0,0,7,1,8,64,44,24,8,140,0,0,0,140
07/20/2017,GSP,SC,ASO,ES,Combined TRACON& Tower with Radar,58,58,15,0,131,0,0,7,0,7,58,58,22,0,138,0,0,0,138
07/21/2017,GSP,SC,ASO,ES,Combined TRACON& Tower with Radar,56,47,7,4,114,0,0,9,4,13,56,47,16,8,127,0,0,0,127
07/22/2017,GSP,SC,ASO,ES,Combined TRACON& Tower with Radar,42,29,8,0,79,0,0,6,4,10,42,29,14,4,89,0,0,0,89
07/23/2017,GSP,SC,ASO,ES,Combined TRACON& Tower with Radar,48,47,13,5,113,0,3,3,4,10,48,50,16,9,123,0,0,0,123
07/24/2017,GSP,SC,ASO,ES,Combined TRACON& Tower with Radar,58,47,14,2,121,0,1,4,3,8,58,48,18,5,129,1,0,1,130
07/25/2017,GSP,SC,ASO,ES,Combined TRACON& Tower with Radar,65,52,16,8,141,0,0,4,5,9,65,52,20,13,150,0,4,4,154
07/26/2017,GSP,SC,ASO,ES,Combined TRACON& Tower with Radar,58,55,12,10,135,0,0,3,7,10,58,55,15,17,145,0,0,0,145
07/27/2017,GSP,SC,ASO,ES,Combined TRACON& Tower with Radar,62,52,20,3,137,0,0,7,0,7,62,52,27,3,144,0,10,10,154
07/28/2017,GSP,SC,ASO,ES,Combined TRACON& Tower with Radar,55,52,18,21,146,0,0,14,1,15,55,52,32,22,161,0,0,0,161
07/29/2017,GSP,SC,ASO,ES,Combined TRACON& Tower with Radar,44,31,18,0,93,0,0,10,2,12,44,31,28,2,105,0,0,0,105
07/30/2017,GSP,SC,ASO,ES,Combined TRACON& Tower with Radar,51,45,20,3,119,0,0,3,0,3,51,45,23,3,122,0,20,20,142
07/31/2017,GSP,SC,ASO,ES,Combined TRACON& Tower with Radar,58,51,15,1,125,0,1,5,2,8,58,52,20,3,133,0,0,0,133
08/01/2017,GSP,SC,ASO,ES,Combined TRACON& Tower with Radar,57,45,24,0,126,0,2,14,0,16,57,47,38,0,142,0,0,0,142
08/02/2017,GSP,SC,ASO,ES,Combined TRACON& Tower with Radar,56,42,12,24,134,0,0,17,0,17,56,42,29,24,151,6,0,6,157
08/03/2017,GSP,SC,ASO,ES,Combined TRACON& Tower with Radar,69,45,13,1,128,0,0,5,0,5,69,45,18,1,133,0,0,0,133
08/04/2017,GSP,SC,ASO,ES,Combined TRACON& Tower with Radar,54,44,12,6,116,0,0,8,3,11,54,44,20,9,127,0,0,0,127
08/05/2017,GSP,SC,ASO,ES,Combined TRACON& Tower with Radar,40,35,1,0,76,0,0,6,0,6,40,35,7,0,82,0,0,0,82
08/06/2017,GSP,SC,ASO,ES,Combined TRACON& Tower with Radar,51,42,21,5,119,0,1,5,4,10,51,43,26,9,129,0,0,0,129
08/07/2017,GSP,SC,ASO,ES,Combined TRACON& Tower with Radar,51,49,14,0,114,0,0,1,0,1,51,49,15,0,115,0,0,0,115
08/08/2017,GSP,SC,ASO,ES,Combined TRACON& Tower with Radar,55,56,25,0,136,0,0,0,0,0,55,56,25,0,136,0,0,0,136
08/09/2017,GSP,SC,ASO,ES,Combined TRACON& Tower with Radar,55,51,18,2,126,0,1,7,6,14,55,52,25,8,140,0,0,0,140
08/10/2017,GSP,SC,ASO,ES,Combined TRACON& Tower with Radar,59,52,15,0,126,0,1,2,0,3,59,53,17,0,129,0,0,0,129
08/11/2017,GSP,SC,ASO,ES,Combined TRACON& Tower with Radar,60,46,19,0,125,0,0,1,0,1,60,46,20,0,126,0,0,0,126
08/12/2017,GSP,SC,ASO,ES,Combined TRACON& Tower with Radar,39,34,8,0,81,0,0,0,2,2,39,34,8,2,83,0,0,0,83
08/13/2017,GSP,SC,ASO,ES,Combined TRACON& Tower with Radar,47,47,3,0,97,1,2,3,0,6,48,49,6,0,103,0,0,0,103
08/14/2017,GSP,SC,ASO,ES,Combined TRACON& Tower with Radar,62,51,13,14,140,0,2,2,0,4,62,53,15,14,144,0,0,0,144
08/15/2017,GSP,SC,ASO,ES,Combined TRACON& Tower with Radar,57,53,23,2,135,0,0,4,2,6,57,53,27,4,141,0,0,0,141
08/16/2017,GSP,SC,ASO,ES,Combined TRACON& Tower with Radar,57,38,20,8,123,0,2,8,2,12,57,40,28,10,135,4,0,4,139
08/17/2017,GSP,SC,ASO,ES,Combined TRACON& Tower with Radar,55,52,20,2,129,0,0,9,0,9,55,52,29,2,138,0,0,0,138
08/18/2017,GSP,SC,ASO,ES,Combined TRACON& Tower with Radar,56,46,21,4,127,0,0,4,2,6,56,46,25,6,133,0,0,0,133
08/19/2017,GSP,SC,ASO,ES,Combined TRACON& Tower with Radar,41,36,3,0,80,0,0,6,4,10,41,36,9,4,90,0,0,0,90
08/20/2017,GSP,SC,ASO,ES,Combined TRACON& Tower with Radar,50,50,12,1,113,0,0,10,3,13,50,50,22,4,126,0,0,0,126
08/21/2017,GSP,SC,ASO,ES,Combined TRACON& Tower with Radar,58,57,52,16,183,0,1,35,2,38,58,58,87,18,221,0,0,0,221
08/22/2017,GSP,SC,ASO,ES,Combined TRACON& Tower with Radar,60,46,34,0,140,0,2,4,0,6,60,48,38,0,146,0,0,0,146
08/23/2017,GSP,SC,ASO,ES,Combined TRACON& Tower with Radar,67,45,20,0,132,0,0,5,2,7,67,45,25,2,139,0,0,0,139
08/24/2017,GSP,SC,ASO,ES,Combined TRACON& Tower with Radar,70,51,18,1,140,0,2,10,1,13,70,53,28,2,153,0,0,0,153
08/25/2017,GSP,SC,ASO,ES,Combined TRACON& Tower with Radar,68,53,24,11,156,0,0,9,1,10,68,53,33,12,166,0,12,12,178
08/26/2017,GSP,SC,ASO,ES,Combined TRACON& Tower with Radar,47,27,4,0,78,1,1,7,0,9,48,28,11,0,87,0,0,0,87
08/27/2017,GSP,SC,ASO,ES,Combined TRACON& Tower with Radar,47,43,3,0,93,0,1,2,0,3,47,44,5,0,96,0,0,0,96
08/28/2017,GSP,SC,ASO,ES,Combined TRACON& Tower with Radar,62,50,11,3,126,0,2,10,2,14,62,52,21,5,140,8,8,16,156
08/29/2017,GSP,SC,ASO,ES,Combined TRACON& Tower with Radar,65,43,25,0,133,0,0,0,0,0,65,43,25,0,133,0,0,0,133
08/30/2017,GSP,SC,ASO,ES,Combined TRACON& Tower with Radar,64,40,20,2,126,0,2,3,3,8,64,42,23,5,134,0,0,0,134
08/31/2017,GSP,SC,ASO,ES,Combined TRACON& Tower with Radar,66,45,27,0,138,0,1,0,0,1,66,46,27,0,139,0,0,0,139
09/01/2017,GSP,SC,ASO,ES,Combined TRACON& Tower with Radar,70,50,12,0,132,0,1,1,0,2,70,51,13,0,134,0,0,0,134
09/02/2017,GSP,SC,ASO,ES,Combined TRACON& Tower with Radar,48,23,6,0,77,0,0,2,2,4,48,23,8,2,81,0,0,0,81
09/03/2017,GSP,SC,ASO,ES,Combined TRACON& Tower with Radar,36,29,4,0,69,0,2,12,0,14,36,31,16,0,83,0,0,0,83
09/04/2017,GSP,SC,ASO,ES,Combined TRACON& Tower with Radar,57,42,12,0,111,0,1,13,3,17,57,43,25,3,128,0,0,0,128
09/05/2017,GSP,SC,ASO,ES,Combined TRACON& Tower with Radar,56,38,21,2,117,0,0,15,0,15,56,38,36,2,132,0,0,0,132
09/06/2017,GSP,SC,ASO,ES,Combined TRACON& Tower with Radar,66,38,28,4,136,0,1,1,0,2,66,39,29,4,138,0,0,0,138
09/07/2017,GSP,SC,ASO,ES,Combined TRACON& Tower with Radar,63,43,39,0,145,0,5,23,4,32,63,48,62,4,177,0,0,0,177
09/08/2017,GSP,SC,ASO,ES,Combined TRACON& Tower with Radar,60,53,22,0,135,0,0,14,5,19,60,53,36,5,154,0,0,0,154
09/09/2017,GSP,SC,ASO,ES,Combined TRACON& Tower with Radar,50,20,5,0,75,0,0,14,0,14,50,20,19,0,89,5,0,5,94
09/10/2017,GSP,SC,ASO,ES,Combined TRACON& Tower with Radar,53,45,6,0,104,0,2,3,2,7,53,47,9,2,111,0,0,0,111
09/11/2017,GSP,SC,ASO,ES,Combined TRACON& Tower with Radar,37,20,3,0,60,0,0,2,0,2,37,20,5,0,62,0,0,0,62
09/12/2017,GSP,SC,ASO,ES,Combined TRACON& Tower with Radar,62,42,21,0,125,0,1,2,0,3,62,43,23,0,128,0,0,0,128
09/13/2017,GSP,SC,ASO,ES,Combined TRACON& Tower with Radar,65,44,25,3,137,0,1,4,3,8,65,45,29,6,145,0,0,0,145
09/14/2017,GSP,SC,ASO,ES,Combined TRACON& Tower with Radar,71,42,10,2,125,0,2,17,3,22,71,44,27,5,147,0,0,0,147
09/15/2017,GSP,SC,ASO,ES,Combined TRACON& Tower with Radar,69,42,13,12,136,1,0,6,4,11,70,42,19,16,147,0,0,0,147
09/16/2017,GSP,SC,ASO,ES,Combined TRACON& Tower with Radar,57,24,11,0,92,0,0,8,2,10,57,24,19,2,102,0,0,0,102
09/17/2017,GSP,SC,ASO,ES,Combined TRACON& Tower with Radar,52,42,9,2,105,0,0,6,2,8,52,42,15,4,113,0,0,0,113
09/18/2017,GSP,SC,ASO,ES,Combined TRACON& Tower with Radar,68,43,11,8,130,0,1,9,2,12,68,44,20,10,142,8,0,8,150
09/19/2017,GSP,SC,ASO,ES,Combined TRACON& Tower with Radar,60,36,22,2,120,0,1,2,0,3,60,37,24,2,123,0,0,0,123
09/20/2017,GSP,SC,ASO,ES,Combined TRACON& Tower with Radar,69,36,22,4,131,0,0,5,0,5,69,36,27,4,136,0,0,0,136
09/21/2017,GSP,SC,ASO,ES,Combined TRACON& Tower with Radar,71,50,24,2,147,0,4,7,0,11,71,54,31,2,158,0,0,0,158
09/22/2017,GSP,SC,ASO,ES,Combined TRACON& Tower with Radar,83,42,12,2,139,0,1,6,0,7,83,43,18,2,146,0,0,0,146
09/23/2017,GSP,SC,ASO,ES,Combined TRACON& Tower with Radar,57,18,8,0,83,1,2,5,0,8,58,20,13,0,91,0,0,0,91
09/24/2017,GSP,SC,ASO,ES,Combined TRACON& Tower with Radar,55,41,14,0,110,0,0,2,0,2,55,41,16,0,112,0,0,0,112
09/25/2017,GSP,SC,ASO,ES,Combined TRACON& Tower with Radar,68,42,11,12,133,0,1,10,0,11,68,43,21,12,144,22,0,22,166
09/26/2017,GSP,SC,ASO,ES,Combined TRACON& Tower with Radar,66,47,20,14,147,0,1,15,8,24,66,48,35,22,171,46,0,46,217
09/27/2017,GSP,SC,ASO,ES,Combined TRACON& Tower with Radar,66,47,30,12,155,0,0,38,2,40,66,47,68,14,195,0,0,0,195
09/28/2017,GSP,SC,ASO,ES,Combined TRACON& Tower with Radar,74,49,17,6,146,0,0,7,4,11,74,49,24,10,157,0,0,0,157
09/29/2017,GSP,SC,ASO,ES,Combined TRACON& Tower with Radar,72,43,29,0,144,0,0,12,0,12,72,43,41,0,156,0,0,0,156
09/30/2017,GSP,SC,ASO,ES,Combined TRACON& Tower with Radar,55,19,11,4,89,0,2,4,0,6,55,21,15,4,95,0,0,0,95
10/01/2017,GSP,SC,ASO,ES,Combined TRACON& Tower with Radar,53,49,9,2,113,0,0,6,2,8,53,49,15,4,121,0,0,0,121
10/02/2017,GSP,SC,ASO,ES,Combined TRACON& Tower with Radar,66,39,5,3,113,0,1,6,1,8,66,40,11,4,121,0,8,8,129
10/03/2017,GSP,SC,ASO,ES,Combined TRACON& Tower with Radar,67,46,15,36,164,0,3,3,10,16,67,49,18,46,180,0,0,0,180
10/04/2017,GSP,SC,ASO,ES,Combined TRACON& Tower with Radar,65,44,12,9,130,0,0,8,1,9,65,44,20,10,139,0,4,4,143
10/05/2017,GSP,SC,ASO,ES,Combined TRACON& Tower with Radar,73,39,27,0,139,0,0,14,0,14,73,39,41,0,153,0,0,0,153
10/06/2017,GSP,SC,ASO,ES,Combined TRACON& Tower with Radar,72,37,18,0,127,0,2,10,0,12,72,39,28,0,139,0,0,0,139
10/07/2017,GSP,SC,ASO,ES,Combined TRACON& Tower with Radar,47,23,10,0,80,0,0,1,0,1,47,23,11,0,81,0,0,0,81
10/08/2017,GSP,SC,ASO,ES,Combined TRACON& Tower with Radar,58,38,11,0,107,0,0,0,0,0,58,38,11,0,107,0,0,0,107
10/09/2017,GSP,SC,ASO,ES,Combined TRACON& Tower with Radar,71,35,21,0,127,0,0,0,0,0,71,35,21,0,127,0,0,0,127
10/10/2017,GSP,SC,ASO,ES,Combined TRACON& Tower with Radar,68,37,24,2,131,0,3,4,0,7,68,40,28,2,138,0,0,0,138
10/11/2017,GSP,SC,ASO,ES,Combined TRACON& Tower with Radar,69,44,21,7,141,0,1,3,4,8,69,45,24,11,149,0,10,10,159
10/12/2017,GSP,SC,ASO,ES,Combined TRACON& Tower with Radar,81,39,19,1,140,0,2,0,4,6,81,41,19,5,146,0,0,0,146
10/13/2017,GSP,SC,ASO,ES,Combined TRACON& Tower with Radar,73,44,19,5,141,0,0,0,0,0,73,44,19,5,141,0,0,0,141
10/14/2017,GSP,SC,ASO,ES,Combined TRACON& Tower with Radar,43,21,7,9,80,0,2,0,6,8,43,23,7,15,88,0,4,4,92
10/15/2017,GSP,SC,ASO,ES,Combined TRACON& Tower with Radar,59,39,20,5,123,0,0,5,0,5,59,39,25,5,128,0,0,0,128
10/16/2017,GSP,SC,ASO,ES,Combined TRACON& Tower with Radar,70,49,28,4,151,0,0,5,4,9,70,49,33,8,160,0,0,0,160
10/17/2017,GSP,SC,ASO,ES,Combined TRACON& Tower with Radar,71,44,19,2,136,0,0,8,0,8,71,44,27,2,144,0,0,0,144
10/18/2017,GSP,SC,ASO,ES,Combined TRACON& Tower with Radar,66,43,17,0,126,0,2,4,0,6,66,45,21,0,132,0,0,0,132
10/19/2017,GSP,SC,ASO,ES,Combined TRACON& Tower with Radar,73,44,16,2,135,0,1,8,5,14,73,45,24,7,149,0,4,4,153
10/20/2017,GSP,SC,ASO,ES,Combined TRACON& Tower with Radar,77,46,14,11,148,0,2,12,5,19,77,48,26,16,167,0,10,10,177
10/21/2017,GSP,SC,ASO,ES,Combined TRACON& Tower with Radar,46,22,6,1,75,0,1,7,0,8,46,23,13,1,83,2,0,2,85
10/22/2017,GSP,SC,ASO,ES,Combined TRACON& Tower with Radar,64,31,13,3,111,0,0,8,4,12,64,31,21,7,123,0,0,0,123
10/23/2017,GSP,SC,ASO,ES,Combined TRACON& Tower with Radar,70,43,19,0,132,0,0,0,0,0,70,43,19,0,132,0,0,0,132
10/24/2017,GSP,SC,ASO,ES,Combined TRACON& Tower with Radar,69,36,25,7,137,0,1,8,1,10,69,37,33,8,147,6,6,12,159
10/25/2017,GSP,SC,ASO,ES,Combined TRACON& Tower with Radar,67,44,22,7,140,0,1,12,1,14,67,45,34,8,154,0,0,0,154
10/26/2017,GSP,SC,ASO,ES,Combined TRACON& Tower with Radar,77,47,23,8,155,0,1,13,5,19,77,48,36,13,174,0,0,0,174
10/27/2017,GSP,SC,ASO,ES,Combined TRACON& Tower with Radar,75,45,21,5,146,0,2,14,1,17,75,47,35,6,163,0,2,2,165
10/28/2017,GSP,SC,ASO,ES,Combined TRACON& Tower with Radar,48,25,10,8,91,0,0,0,0,0,48,25,10,8,91,0,0,0,91
10/29/2017,GSP,SC,ASO,ES,Combined TRACON& Tower with Radar,56,40,6,4,106,0,2,1,0,3,56,42,7,4,109,0,0,0,109
10/30/2017,GSP,SC,ASO,ES,Combined TRACON& Tower with Radar,69,40,8,0,117,0,2,3,3,8,69,42,11,3,125,0,0,0,125
10/31/2017,GSP,SC,ASO,ES,Combined TRACON& Tower with Radar,71,38,13,2,124,0,1,4,0,5,71,39,17,2,129,0,0,0,129
11/01/2017,GSP,SC,ASO,ES,Combined TRACON& Tower with Radar,62,41,19,0,122,0,3,9,2,14,62,44,28,2,136,0,0,0,136
11/02/2017,GSP,SC,ASO,ES,Combined TRACON& Tower with Radar,71,58,16,2,147,0,4,6,2,12,71,62,22,4,159,0,0,0,159
11/03/2017,GSP,SC,ASO,ES,Combined TRACON& Tower with Radar,70,51,18,2,141,0,0,13,0,13,70,51,31,2,154,0,0,0,154
11/04/2017,GSP,SC,ASO,ES,Combined TRACON& Tower with Radar,43,27,10,2,82,0,0,2,0,2,43,27,12,2,84,0,0,0,84
11/05/2017,GSP,SC,ASO,ES,Combined TRACON& Tower with Radar,52,38,11,8,109,0,0,0,0,0,52,38,11,8,109,0,0,0,109
11/06/2017,GSP,SC,ASO,ES,Combined TRACON& Tower with Radar,65,34,13,2,114,0,0,5,0,5,65,34,18,2,119,0,0,0,119
11/07/2017,GSP,SC,ASO,ES,Combined TRACON& Tower with Radar,64,33,17,3,117,0,0,2,0,2,64,33,19,3,119,0,0,0,119
11/08/2017,GSP,SC,ASO,ES,Combined TRACON& Tower with Radar,67,35,24,2,128,0,0,0,0,0,67,35,24,2,128,0,0,0,128
11/09/2017,GSP,SC,ASO,ES,Combined TRACON& Tower with Radar,75,36,36,2,149,0,0,1,0,1,75,36,37,2,150,0,0,0,150
11/10/2017,GSP,SC,ASO,ES,Combined TRACON& Tower with Radar,68,39,26,4,137,0,0,13,2,15,68,39,39,6,152,0,0,0,152
11/11/2017,GSP,SC,ASO,ES,Combined TRACON& Tower with Radar,48,21,4,0,73,0,2,2,0,4,48,23,6,0,77,0,0,0,77
11/12/2017,GSP,SC,ASO,ES,Combined TRACON& Tower with Radar,58,40,17,0,115,0,0,1,0,1,58,40,18,0,116,0,0,0,116
11/13/2017,GSP,SC,ASO,ES,Combined TRACON& Tower with Radar,66,39,25,26,156,0,0,6,1,7,66,39,31,27,163,0,24,24,187
11/14/2017,GSP,SC,ASO,ES,Combined TRACON& Tower with Radar,68,38,22,1,129,0,1,5,3,9,68,39,27,4,138,0,8,8,146
11/15/2017,GSP,SC,ASO,ES,Combined TRACON& Tower with Radar,70,39,20,0,129,0,0,3,2,5,70,39,23,2,134,0,0,0,134
11/16/2017,GSP,SC,ASO,ES,Combined TRACON& Tower with Radar,77,45,32,0,154,0,0,10,0,10,77,45,42,0,164,0,0,0,164
11/17/2017,GSP,SC,ASO,ES,Combined TRACON& Tower with Radar,66,40,17,10,133,0,2,10,0,12,66,42,27,10,145,0,0,0,145
11/18/2017,GSP,SC,ASO,ES,Combined TRACON& Tower with Radar,47,17,10,8,82,0,0,4,0,4,47,17,14,8,86,0,0,0,86
11/19/2017,GSP,SC,ASO,ES,Combined TRACON& Tower with Radar,60,30,6,4,100,0,0,3,4,7,60,30,9,8,107,0,0,0,107
11/20/2017,GSP,SC,ASO,ES,Combined TRACON& Tower with Radar,66,41,9,7,123,0,4,10,5,19,66,45,19,12,142,1,0,1,143
11/21/2017,GSP,SC,ASO,ES,Combined TRACON& Tower with Radar,73,40,26,12,151,0,1,7,7,15,73,41,33,19,166,0,4,4,170
11/22/2017,GSP,SC,ASO,ES,Combined TRACON& Tower with Radar,69,43,8,0,120,0,0,9,0,9,69,43,17,0,129,0,0,0,129
11/23/2017,GSP,SC,ASO,ES,Combined TRACON& Tower with Radar,40,16,6,0,62,0,0,6,0,6,40,16,12,0,68,0,0,0,68
11/24/2017,GSP,SC,ASO,ES,Combined TRACON& Tower with Radar,50,21,4,0,75,0,0,8,0,8,50,21,12,0,83,0,0,0,83
11/25/2017,GSP,SC,ASO,ES,Combined TRACON& Tower with Radar,64,33,4,0,101,0,0,3,0,3,64,33,7,0,104,0,0,0,104
11/26/2017,GSP,SC,ASO,ES,Combined TRACON& Tower with Radar,70,40,14,0,124,0,1,11,0,12,70,41,25,0,136,0,0,0,136
11/27/2017,GSP,SC,ASO,ES,Combined TRACON& Tower with Radar,70,42,13,10,135,0,1,3,0,4,70,43,16,10,139,0,0,0,139
11/28/2017,GSP,SC,ASO,ES,Combined TRACON& Tower with Radar,72,45,21,12,150,0,4,3,8,15,72,49,24,20,165,8,0,8,173
11/29/2017,GSP,SC,ASO,ES,Combined TRACON& Tower with Radar,79,33,11,8,131,0,2,7,1,10,79,35,18,9,141,0,0,0,141
11/30/2017,GSP,SC,ASO,ES,Combined TRACON& Tower with Radar,80,41,20,0,141,0,1,8,0,9,80,42,28,0,150,0,0,0,150
12/01/2017,GSP,SC,ASO,ES,Combined TRACON& Tower with Radar,70,47,15,4,136,0,4,8,0,12,70,51,23,4,148,0,0,0,148
12/02/2017,GSP,SC,ASO,ES,Combined TRACON& Tower with Radar,42,32,11,2,87,0,1,2,0,3,42,33,13,2,90,0,0,0,90
12/03/2017,GSP,SC,ASO,ES,Combined TRACON& Tower with Radar,61,38,10,0,109,0,0,5,0,5,61,38,15,0,114,0,0,0,114
12/04/2017,GSP,SC,ASO,ES,Combined TRACON& Tower with Radar,77,38,18,20,153,0,3,3,0,6,77,41,21,20,159,0,0,0,159
12/05/2017,GSP,SC,ASO,ES,Combined TRACON& Tower with Radar,69,42,22,0,133,0,0,0,0,0,69,42,22,0,133,0,0,0,133
12/06/2017,GSP,SC,ASO,ES,Combined TRACON& Tower with Radar,69,38,25,17,149,0,0,3,3,6,69,38,28,20,155,0,0,0,155
12/07/2017,GSP,SC,ASO,ES,Combined TRACON& Tower with Radar,77,46,29,0,152,0,1,11,0,12,77,47,40,0,164,0,0,0,164
12/08/2017,GSP,SC,ASO,ES,Combined TRACON& Tower with Radar,58,46,24,0,128,0,0,0,0,0,58,46,24,0,128,0,0,0,128
12/09/2017,GSP,SC,ASO,ES,Combined TRACON& Tower with Radar,42,32,6,0,80,0,0,0,0,0,42,32,6,0,80,0,0,0,80
12/10/2017,GSP,SC,ASO,ES,Combined TRACON& Tower with Radar,59,34,13,0,106,0,0,3,3,6,59,34,16,3,112,0,0,0,112
12/11/2017,GSP,SC,ASO,ES,Combined TRACON& Tower with Radar,66,44,11,2,123,0,0,5,4,9,66,44,16,6,132,0,4,4,136
12/12/2017,GSP,SC,ASO,ES,Combined TRACON& Tower with Radar,67,54,14,29,164,0,1,6,5,12,67,55,20,34,176,0,16,16,192
12/13/2017,GSP,SC,ASO,ES,Combined TRACON& Tower with Radar,73,50,25,0,148,0,3,6,2,11,73,53,31,2,159,0,0,0,159
12/14/2017,GSP,SC,ASO,ES,Combined TRACON& Tower with Radar,77,47,22,24,170,0,5,19,0,24,77,52,41,24,194,0,0,0,194
12/15/2017,GSP,SC,ASO,ES,Combined TRACON& Tower with Radar,67,37,23,18,145,0,0,9,0,9,67,37,32,18,154,0,0,0,154
12/16/2017,GSP,SC,ASO,ES,Combined TRACON& Tower with Radar,45,25,8,4,82,0,3,4,0,7,45,28,12,4,89,0,0,0,89
12/17/2017,GSP,SC,ASO,ES,Combined TRACON& Tower with Radar,52,35,4,0,91,0,0,2,2,4,52,35,6,2,95,0,0,0,95
12/18/2017,GSP,SC,ASO,ES,Combined TRACON& Tower with Radar,70,38,17,0,125,1,0,3,0,4,71,38,20,0,129,0,0,0,129
12/19/2017,GSP,SC,ASO,ES,Combined TRACON& Tower with Radar,70,51,14,22,157,0,3,5,2,10,70,54,19,24,167,0,0,0,167
12/20/2017,GSP,SC,ASO,ES,Combined TRACON& Tower with Radar,66,39,13,2,120,0,0,0,0,0,66,39,13,2,120,0,0,0,120
12/21/2017,GSP,SC,ASO,ES,Combined TRACON& Tower with Radar,60,53,18,5,136,0,1,4,0,5,60,54,22,5,141,0,2,2,143
12/22/2017,GSP,SC,ASO,ES,Combined TRACON& Tower with Radar,60,43,21,0,124,0,1,3,0,4,60,44,24,0,128,0,0,0,128
12/23/2017,GSP,SC,ASO,ES,Combined TRACON& Tower with Radar,48,37,5,0,90,0,0,0,0,0,48,37,5,0,90,0,0,0,90
12/24/2017,GSP,SC,ASO,ES,Combined TRACON& Tower with Radar,42,20,5,0,67,0,0,0,0,0,42,20,5,0,67,0,0,0,67
12/25/2017,GSP,SC,ASO,ES,Combined TRACON& Tower with Radar,39,28,2,0,69,0,0,1,0,1,39,28,3,0,70,0,0,0,70
12/26/2017,GSP,SC,ASO,ES,Combined TRACON& Tower with Radar,62,39,17,0,118,0,1,4,2,7,62,40,21,2,125,0,0,0,125
12/27/2017,GSP,SC,ASO,ES,Combined TRACON& Tower with Radar,63,45,14,1,123,0,0,7,0,7,63,45,21,1,130,0,0,0,130
12/28/2017,GSP,SC,ASO,ES,Combined TRACON& Tower with Radar,57,42,12,14,125,0,0,7,6,13,57,42,19,20,138,0,0,0,138
12/29/2017,GSP,SC,ASO,ES,Combined TRACON& Tower with Radar,52,38,3,4,97,0,2,5,0,7,52,40,8,4,104,0,0,0,104
12/30/2017,GSP,SC,ASO,ES,Combined TRACON& Tower with Radar,55,35,5,0,95,0,0,12,0,12,55,35,17,0,107,0,0,0,107
12/31/2017,GSP,SC,ASO,ES,Combined TRACON& Tower with Radar,48,18,13,0,79,0,0,0,0,0,48,18,13,0,79,0,0,0,79
01/01/2018,GSP,SC,ASO,ES,Combined TRACON& Tower with Radar,37,33,15,0,85,0,0,5,0,5,37,33,20,0,90,0,0,0,90
01/02/2018,GSP,SC,ASO,ES,Combined TRACON& Tower with Radar,67,45,24,0,136,0,1,5,0,6,67,46,29,0,142,0,0,0,142
01/03/2018,GSP,SC,ASO,ES,Combined TRACON& Tower with Radar,63,37,8,2,110,0,0,4,0,4,63,37,12,2,114,0,0,0,114
01/04/2018,GSP,SC,ASO,ES,Combined TRACON& Tower with Radar,64,29,11,0,104,0,1,2,2,5,64,30,13,2,109,0,0,0,109
01/05/2018,GSP,SC,ASO,ES,Combined TRACON& Tower with Radar,66,35,8,0,109,0,0,6,0,6,66,35,14,0,115,0,0,0,115
01/06/2018,GSP,SC,ASO,ES,Combined TRACON& Tower with Radar,39,23,11,0,73,0,0,9,0,9,39,23,20,0,82,0,0,0,82
01/07/2018,GSP,SC,ASO,ES,Combined TRACON& Tower with Radar,51,30,10,1,92,0,0,0,1,1,51,30,10,2,93,0,0,0,93
01/08/2018,GSP,SC,ASO,ES,Combined TRACON& Tower with Radar,59,27,15,0,101,0,1,1,0,2,59,28,16,0,103,0,0,0,103
01/09/2018,GSP,SC,ASO,ES,Combined TRACON& Tower with Radar,62,31,24,37,154,0,3,2,1,6,62,34,26,38,160,0,5,5,165
01/10/2018,GSP,SC,ASO,ES,Combined TRACON& Tower with Radar,63,33,20,15,131,0,1,4,2,7,63,34,24,17,138,0,0,0,138
01/11/2018,GSP,SC,ASO,ES,Combined TRACON& Tower with Radar,61,24,14,0,99,0,0,0,0,0,61,24,14,0,99,0,0,0,99
01/12/2018,GSP,SC,ASO,ES,Combined TRACON& Tower with Radar,60,28,9,16,113,0,0,1,0,1,60,28,10,16,114,0,0,0,114
01/13/2018,GSP,SC,ASO,ES,Combined TRACON& Tower with Radar,40,23,4,0,67,0,0,1,0,1,40,23,5,0,68,0,0,0,68
01/14/2018,GSP,SC,ASO,ES,Combined TRACON& Tower with Radar,52,27,4,0,83,0,0,1,0,1,52,27,5,0,84,0,0,0,84
01/15/2018,GSP,SC,ASO,ES,Combined TRACON& Tower with Radar,63,29,14,0,106,0,0,8,0,8,63,29,22,0,114,0,0,0,114
01/16/2018,GSP,SC,ASO,ES,Combined TRACON& Tower with Radar,58,27,22,4,111,0,1,10,9,20,58,28,32,13,131,0,5,5,136
01/17/2018,GSP,SC,ASO,ES,Combined TRACON& Tower with Radar,45,33,16,6,100,0,0,0,0,0,45,33,16,6,100,0,0,0,100
01/18/2018,GSP,SC,ASO,ES,Combined TRACON& Tower with Radar,60,30,9,2,101,0,0,8,0,8,60,30,17,2,109,10,0,10,119
01/19/2018,GSP,SC,ASO,ES,Combined TRACON& Tower with Radar,64,28,14,24,130,0,0,6,2,8,64,28,20,26,138,0,4,4,142
01/20/2018,GSP,SC,ASO,ES,Combined TRACON& Tower with Radar,44,23,3,0,70,0,1,3,0,4,44,24,6,0,74,0,0,0,74
01/21/2018,GSP,SC,ASO,ES,Combined TRACON& Tower with Radar,59,28,7,0,94,0,0,3,0,3,59,28,10,0,97,0,0,0,97
01/22/2018,GSP,SC,ASO,ES,Combined TRACON& Tower with Radar,63,25,16,0,104,0,0,2,0,2,63,25,18,0,106,0,0,0,106
01/23/2018,GSP,SC,ASO,ES,Combined TRACON& Tower with Radar,59,31,15,44,149,0,0,3,0,3,59,31,18,44,152,0,0,0,152
01/24/2018,GSP,SC,ASO,ES,Combined TRACON& Tower with Radar,65,28,17,7,117,0,0,9,3,12,65,28,26,10,129,0,0,0,129
01/25/2018,GSP,SC,ASO,ES,Combined TRACON& Tower with Radar,66,40,19,1,126,0,1,5,1,7,66,41,24,2,133,0,0,0,133
01/26/2018,GSP,SC,ASO,ES,Combined TRACON& Tower with Radar,65,34,15,20,134,0,0,4,4,8,65,34,19,24,142,0,0,0,142
01/27/2018,GSP,SC,ASO,ES,Combined TRACON& Tower with Radar,43,21,6,0,70,0,0,2,0,2,43,21,8,0,72,0,0,0,72
01/28/2018,GSP,SC,ASO,ES,Combined TRACON& Tower with Radar,58,34,6,0,98,0,0,0,0,0,58,34,6,0,98,0,0,0,98
01/29/2018,GSP,SC,ASO,ES,Combined TRACON& Tower with Radar,67,27,19,2,115,0,2,3,2,7,67,29,22,4,122,0,0,0,122
01/30/2018,GSP,SC,ASO,ES,Combined TRACON& Tower with Radar,65,29,14,1,109,0,0,12,0,12,65,29,26,1,121,2,0,2,123
01/31/2018,GSP,SC,ASO,ES,Combined TRACON& Tower with Radar,62,27,21,14,124,0,0,17,0,17,62,27,38,14,141,0,8,8,149
02/01/2018,GSP,SC,ASO,ES,Combined TRACON& Tower with Radar,63,31,19,18,131,0,1,3,2,6,63,32,22,20,137,0,0,0,137
02/02/2018,GSP,SC,ASO,ES,Combined TRACON& Tower with Radar,61,34,26,0,121,0,1,5,2,8,61,35,31,2,129,0,0,0,129
02/03/2018,GSP,SC,ASO,ES,Combined TRACON& Tower with Radar,40,24,11,0,75,0,0,17,2,19,40,24,28,2,94,4,0,4,98
02/04/2018,GSP,SC,ASO,ES,Combined TRACON& Tower with Radar,44,21,4,0,69,0,0,0,0,0,44,21,4,0,69,0,0,0,69
02/05/2018,GSP,SC,ASO,ES,Combined TRACON& Tower with Radar,62,27,15,1,105,0,3,9,1,13,62,30,24,2,118,0,0,0,118
02/06/2018,GSP,SC,ASO,ES,Combined TRACON& Tower with Radar,65,28,33,0,126,0,0,9,2,11,65,28,42,2,137,0,0,0,137
02/07/2018,GSP,SC,ASO,ES,Combined TRACON& Tower with Radar,64,31,16,0,111,0,0,1,0,1,64,31,17,0,112,0,0,0,112
02/08/2018,GSP,SC,ASO,ES,Combined TRACON& Tower with Radar,64,31,15,8,118,0,2,11,1,14,64,33,26,9,132,6,20,26,158
02/09/2018,GSP,SC,ASO,ES,Combined TRACON& Tower with Radar,65,29,12,0,106,0,3,35,0,38,65,32,47,0,144,0,0,0,144
02/10/2018,GSP,SC,ASO,ES,Combined TRACON& Tower with Radar,40,27,6,0,73,0,0,0,0,0,40,27,6,0,73,0,0,0,73
02/11/2018,GSP,SC,ASO,ES,Combined TRACON& Tower with Radar,55,33,13,0,101,0,0,1,0,1,55,33,14,0,102,0,0,0,102
02/12/2018,GSP,SC,ASO,ES,Combined TRACON& Tower with Radar,66,31,19,4,120,0,0,0,0,0,66,31,19,4,120,0,0,0,120
02/13/2018,GSP,SC,ASO,ES,Combined TRACON& Tower with Radar,65,28,34,2,129,0,2,8,0,10,65,30,42,2,139,0,0,0,139
02/14/2018,GSP,SC,ASO,ES,Combined TRACON& Tower with Radar,61,35,26,12,134,0,0,4,2,6,61,35,30,14,140,0,0,0,140
02/15/2018,GSP,SC,ASO,ES,Combined TRACON& Tower with Radar,58,33,41,9,141,0,0,9,3,12,58,33,50,12,153,0,7,7,160
02/16/2018,GSP,SC,ASO,ES,Combined TRACON& Tower with Radar,56,46,10,4,116,1,1,3,0,5,57,47,13,4,121,0,0,0,121
02/17/2018,GSP,SC,ASO,ES,Combined TRACON& Tower with Radar,33,35,13,0,81,0,0,1,0,1,33,35,14,0,82,0,0,0,82
02/18/2018,GSP,SC,ASO,ES,Combined TRACON& Tower with Radar,44,34,17,0,95,0,0,4,0,4,44,34,21,0,99,0,0,0,99
02/19/2018,GSP,SC,ASO,ES,Combined TRACON& Tower with Radar,57,44,11,0,112,0,0,0,0,0,57,44,11,0,112,0,0,0,112
02/20/2018,GSP,SC,ASO,ES,Combined TRACON& Tower with Radar,55,31,18,3,107,0,1,3,5,9,55,32,21,8,116,0,0,0,116
02/21/2018,GSP,SC,ASO,ES,Combined TRACON& Tower with Radar,57,38,27,10,132,0,2,2,0,4,57,40,29,10,136,0,0,0,136
02/22/2018,GSP,SC,ASO,ES,Combined TRACON& Tower with Radar,58,38,27,0,123,0,0,1,0,1,58,38,28,0,124,0,0,0,124
02/23/2018,GSP,SC,ASO,ES,Combined TRACON& Tower with Radar,59,34,27,0,120,0,0,9,0,9,59,34,36,0,129,0,0,0,129
02/24/2018,GSP,SC,ASO,ES,Combined TRACON& Tower with Radar,41,36,12,12,101,0,0,7,0,7,41,36,19,12,108,0,0,0,108
02/25/2018,GSP,SC,ASO,ES,Combined TRACON& Tower with Radar,53,40,19,0,112,0,0,3,0,3,53,40,22,0,115,0,0,0,115
02/26/2018,GSP,SC,ASO,ES,Combined TRACON& Tower with Radar,61,41,21,0,123,0,0,1,0,1,61,41,22,0,124,0,0,0,124
02/27/2018,GSP,SC,ASO,ES,Combined TRACON& Tower with Radar,57,46,15,0,118,0,1,9,5,15,57,47,24,5,133,2,0,2,135
02/28/2018,GSP,SC,ASO,ES,Combined TRACON& Tower with Radar,58,46,23,0,127,0,0,3,0,3,58,46,26,0,130,0,0,0,130
03/01/2018,GSP,SC,ASO,ES,Combined TRACON& Tower with Radar,57,64,17,0,138,0,0,1,0,1,57,64,18,0,139,0,0,0,139
03/02/2018,GSP,SC,ASO,ES,Combined TRACON& Tower with Radar,53,35,9,0,97,0,0,8,10,18,53,35,17,10,115,0,0,0,115
03/03/2018,GSP,SC,ASO,ES,Combined TRACON& Tower with Radar,40,32,8,0,80,0,1,21,3,25,40,33,29,3,105,0,0,0,105
03/04/2018,GSP,SC,ASO,ES,Combined TRACON& Tower with Radar,45,37,7,0,89,0,0,12,1,13,45,37,19,1,102,0,0,0,102
03/05/2018,GSP,SC,ASO,ES,Combined TRACON& Tower with Radar,55,46,17,18,136,0,3,5,3,11,55,49,22,21,147,8,0,8,155
03/06/2018,GSP,SC,ASO,ES,Combined TRACON& Tower with Radar,53,47,12,0,112,0,0,0,0,0,53,47,12,0,112,0,0,0,112
03/07/2018,GSP,SC,ASO,ES,Combined TRACON& Tower with Radar,52,36,9,6,103,0,2,2,2,6,52,38,11,8,109,0,0,0,109
03/08/2018,GSP,SC,ASO,ES,Combined TRACON& Tower with Radar,52,49,15,3,119,0,2,11,0,13,52,51,26,3,132,18,0,18,150
03/09/2018,GSP,SC,ASO,ES,Combined TRACON& Tower with Radar,55,52,25,4,136,0,4,12,0,16,55,56,37,4,152,1,0,1,153
03/10/2018,GSP,SC,ASO,ES,Combined TRACON& Tower with Radar,37,33,18,4,92,0,0,9,0,9,37,33,27,4,101,0,0,0,101
03/11/2018,GSP,SC,ASO,ES,Combined TRACON& Tower with Radar,47,37,6,2,92,0,0,1,0,1,47,37,7,2,93,0,0,0,93
03/12/2018,GSP,SC,ASO,ES,Combined TRACON& Tower with Radar,56,42,15,17,130,0,0,3,0,3,56,42,18,17,133,0,0,0,133
03/13/2018,GSP,SC,ASO,ES,Combined TRACON& Tower with Radar,62,38,22,2,124,0,1,8,0,9,62,39,30,2,133,0,0,0,133
03/14/2018,GSP,SC,ASO,ES,Combined TRACON& Tower with Radar,61,41,7,8,117,0,0,3,2,5,61,41,10,10,122,0,0,0,122
03/15/2018,GSP,SC,ASO,ES,Combined TRACON& Tower with Radar,61,40,14,6,121,0,0,5,0,5,61,40,19,6,126,0,0,0,126
03/16/2018,GSP,SC,ASO,ES,Combined TRACON& Tower with Radar,67,50,9,13,139,0,1,9,4,14,67,51,18,17,153,0,0,0,153
03/17/2018,GSP,SC,ASO,ES,Combined TRACON& Tower with Radar,41,38,11,0,90,0,0,2,0,2,41,38,13,0,92,0,0,0,92
03/18/2018,GSP,SC,ASO,ES,Combined TRACON& Tower with Radar,48,39,18,0,105,0,0,12,2,14,48,39,30,2,119,0,0,0,119
03/19/2018,GSP,SC,ASO,ES,Combined TRACON& Tower with Radar,57,39,16,0,112,0,3,1,0,4,57,42,17,0,116,0,0,0,116
03/20/2018,GSP,SC,ASO,ES,Combined TRACON& Tower with Radar,56,40,20,0,116,0,1,7,2,10,56,41,27,2,126,4,0,4,130
03/21/2018,GSP,SC,ASO,ES,Combined TRACON& Tower with Radar,58,28,16,0,102,0,1,1,0,2,58,29,17,0,104,0,0,0,104
03/22/2018,GSP,SC,ASO,ES,Combined TRACON& Tower with Radar,58,43,24,5,130,0,0,8,0,8,58,43,32,5,138,0,6,6,144
03/23/2018,GSP,SC,ASO,ES,Combined TRACON& Tower with Radar,57,38,15,16,126,0,4,20,9,33,57,42,35,25,159,0,0,0,159
03/24/2018,GSP,SC,ASO,ES,Combined TRACON& Tower with Radar,42,35,14,0,91,0,0,1,0,1,42,35,15,0,92,0,0,0,92
03/25/2018,GSP,SC,ASO,ES,Combined TRACON& Tower with Radar,50,38,14,0,102,0,0,2,0,2,50,38,16,0,104,0,0,0,104
03/26/2018,GSP,SC,ASO,ES,Combined TRACON& Tower with Radar,60,42,23,6,131,0,2,2,2,6,60,44,25,8,137,0,0,0,137
03/27/2018,GSP,SC,ASO,ES,Combined TRACON& Tower with Radar,61,42,22,9,134,0,0,6,7,13,61,42,28,16,147,0,0,0,147
03/28/2018,GSP,SC,ASO,ES,Combined TRACON& Tower with Radar,64,40,21,0,125,0,0,8,0,8,64,40,29,0,133,0,0,0,133
03/29/2018,GSP,SC,ASO,ES,Combined TRACON& Tower with Radar,63,46,20,9,138,0,2,7,7,16,63,48,27,16,154,0,0,0,154
03/30/2018,GSP,SC,ASO,ES,Combined TRACON& Tower with Radar,57,46,11,7,121,0,2,10,1,13,57,48,21,8,134,0,0,0,134
03/31/2018,GSP,SC,ASO,ES,Combined TRACON& Tower with Radar,34,37,6,1,78,0,0,8,3,11,34,37,14,4,89,0,0,0,89
04/01/2018,GSP,SC,ASO,ES,Combined TRACON& Tower with Radar,48,35,3,2,88,0,2,3,0,5,48,37,6,2,93,0,0,0,93
04/02/2018,GSP,SC,ASO,ES,Combined TRACON& Tower with Radar,56,43,25,3,127,0,2,7,3,12,56,45,32,6,139,0,12,12,151
04/03/2018,GSP,SC,ASO,ES,Combined TRACON& Tower with Radar,62,43,14,6,125,0,3,5,5,13,62,46,19,11,138,0,0,0,138
04/04/2018,GSP,SC,ASO,ES,Combined TRACON& Tower with Radar,67,39,25,3,134,0,0,2,2,4,67,39,27,5,138,0,0,0,138
04/05/2018,GSP,SC,ASO,ES,Combined TRACON& Tower with Radar,67,41,31,16,155,0,1,9,5,15,67,42,40,21,170,0,0,0,170
04/06/2018,GSP,SC,ASO,ES,Combined TRACON& Tower with Radar,67,34,27,15,143,0,1,10,6,17,67,35,37,21,160,0,0,0,160
04/07/2018,GSP,SC,ASO,ES,Combined TRACON& Tower with Radar,48,22,16,0,86,0,0,0,0,0,48,22,16,0,86,0,0,0,86
04/08/2018,GSP,SC,ASO,ES,Combined TRACON& Tower with Radar,62,30,30,0,122,0,0,9,1,10,62,30,39,1,132,0,0,0,132
04/09/2018,GSP,SC,ASO,ES,Combined TRACON& Tower with Radar,68,32,25,7,132,0,0,0,17,17,68,32,25,24,149,0,0,0,149
04/10/2018,GSP,SC,ASO,ES,Combined TRACON& Tower with Radar,67,43,28,2,140,0,0,7,0,7,67,43,35,2,147,0,0,0,147
04/11/2018,GSP,SC,ASO,ES,Combined TRACON& Tower with Radar,66,42,24,0,132,0,1,11,0,12,66,43,35,0,144,0,0,0,144
04/12/2018,GSP,SC,ASO,ES,Combined TRACON& Tower with Radar,66,39,24,0,129,0,0,4,7,11,66,39,28,7,140,0,0,0,140
04/13/2018,GSP,SC,ASO,ES,Combined TRACON& Tower with Radar,66,40,36,23,165,0,1,12,10,23,66,41,48,33,188,14,6,20,208
04/14/2018,GSP,SC,ASO,ES,Combined TRACON& Tower with Radar,44,19,22,1,86,0,0,4,2,6,44,19,26,3,92,0,8,8,100
04/15/2018,GSP,SC,ASO,ES,Combined TRACON& Tower with Radar,54,34,7,3,98,0,0,0,0,0,54,34,7,3,98,0,0,0,98
04/16/2018,GSP,SC,ASO,ES,Combined TRACON& Tower with Radar,66,42,22,4,134,0,0,7,1,8,66,42,29,5,142,0,0,0,142
04/17/2018,GSP,SC,ASO,ES,Combined TRACON& Tower with Radar,78,40,23,16,157,0,1,8,2,11,78,41,31,18,168,0,0,0,168
04/18/2018,GSP,SC,ASO,ES,Combined TRACON& Tower with Radar,64,38,22,12,136,0,1,11,0,12,64,39,33,12,148,0,0,0,148
04/19/2018,GSP,SC,ASO,ES,Combined TRACON& Tower with Radar,69,37,21,8,135,0,7,5,15,27,69,44,26,23,162,0,16,16,178
04/20/2018,GSP,SC,ASO,ES,Combined TRACON& Tower with Radar,68,40,12,0,120,0,0,19,4,23,68,40,31,4,143,22,0,22,165
04/21/2018,GSP,SC,ASO,ES,Combined TRACON& Tower with Radar,47,25,10,5,87,0,3,13,9,25,47,28,23,14,112,0,0,0,112
04/22/2018,GSP,SC,ASO,ES,Combined TRACON& Tower with Radar,60,40,16,9,125,0,0,1,3,4,60,40,17,12,129,0,0,0,129
04/23/2018,GSP,SC,ASO,ES,Combined TRACON& Tower with Radar,65,41,21,2,129,0,0,0,0,0,65,41,21,2,129,0,0,0,129
04/24/2018,GSP,SC,ASO,ES,Combined TRACON& Tower with Radar,72,41,26,0,139,0,0,0,0,0,72,41,26,0,139,0,0,0,139
04/25/2018,GSP,SC,ASO,ES,Combined TRACON& Tower with Radar,64,42,14,3,123,0,0,7,5,12,64,42,21,8,135,0,0,0,135
04/26/2018,GSP,SC,ASO,ES,Combined TRACON& Tower with Radar,68,45,26,2,141,0,0,1,3,4,68,45,27,5,145,0,0,0,145
04/27/2018,GSP,SC,ASO,ES,Combined TRACON& Tower with Radar,62,35,21,4,122,0,0,12,0,12,62,35,33,4,134,4,0,4,138
04/28/2018,GSP,SC,ASO,ES,Combined TRACON& Tower with Radar,49,26,4,0,79,0,0,7,0,7,49,26,11,0,86,0,0,0,86
04/29/2018,GSP,SC,ASO,ES,Combined TRACON& Tower with Radar,53,42,21,0,116,0,0,11,0,11,53,42,32,0,127,4,0,4,131
04/30/2018,GSP,SC,ASO,ES,Combined TRACON& Tower with Radar,65,43,29,10,147,0,0,10,7,17,65,43,39,17,164,0,11,11,175
05/01/2018,GSP,SC,ASO,ES,Combined TRACON& Tower with Radar,64,42,22,0,128,0,0,5,2,7,64,42,27,2,135,0,0,0,135
05/02/2018,GSP,SC,ASO,ES,Combined TRACON& Tower with Radar,62,37,27,9,135,0,2,12,7,21,62,39,39,16,156,0,14,14,170
05/03/2018,GSP,SC,ASO,ES,Combined TRACON& Tower with Radar,65,45,30,7,147,0,1,9,4,14,65,46,39,11,161,0,6,6,167
05/04/2018,GSP,SC,ASO,ES,Combined TRACON& Tower with Radar,62,50,17,0,129,0,3,9,0,12,62,53,26,0,141,0,0,0,141
05/05/2018,GSP,SC,ASO,ES,Combined TRACON& Tower with Radar,43,26,5,0,74,0,2,4,0,6,43,28,9,0,80,0,0,0,80
05/06/2018,GSP,SC,ASO,ES,Combined TRACON& Tower with Radar,55,38,18,0,111,0,0,5,0,5,55,38,23,0,116,8,0,8,124
05/07/2018,GSP,SC,ASO,ES,Combined TRACON& Tower with Radar,60,44,19,2,125,0,2,5,3,10,60,46,24,5,135,0,0,0,135
05/08/2018,GSP,SC,ASO,ES,Combined TRACON& Tower with Radar,63,42,18,12,135,0,0,13,0,13,63,42,31,12,148,0,0,0,148
05/09/2018,GSP,SC,ASO,ES,Combined TRACON& Tower with Radar,64,41,23,29,157,0,0,10,0,10,64,41,33,29,167,0,0,0,167
05/10/2018,GSP,SC,ASO,ES,Combined TRACON& Tower with Radar,61,37,22,0,120,0,0,8,3,11,61,37,30,3,131,0,0,0,131
05/11/2018,GSP,SC,ASO,ES,Combined TRACON& Tower with Radar,68,45,14,0,127,0,4,9,1,14,68,49,23,1,141,0,0,0,141
05/12/2018,GSP,SC,ASO,ES,Combined TRACON& Tower with Radar,46,21,9,0,76,0,0,5,2,7,46,21,14,2,83,0,0,0,83
05/13/2018,GSP,SC,ASO,ES,Combined TRACON& Tower with Radar,58,35,10,0,103,0,0,7,0,7,58,35,17,0,110,6,0,6,116
05/14/2018,GSP,SC,ASO,ES,Combined TRACON& Tower with Radar,68,36,21,0,125,0,2,8,2,12,68,38,29,2,137,0,0,0,137
05/15/2018,GSP,SC,ASO,ES,Combined TRACON& Tower with Radar,66,43,25,0,134,0,3,0,0,3,66,46,25,0,137,0,0,0,137
05/16/2018,GSP,SC,ASO,ES,Combined TRACON& Tower with Radar,71,48,38,0,157,0,0,0,0,0,71,48,38,0,157,0,0,0,157
05/17/2018,GSP,SC,ASO,ES,Combined TRACON& Tower with Radar,68,46,26,0,140,0,1,1,0,2,68,47,27,0,142,0,0,0,142
05/18/2018,GSP,SC,ASO,ES,Combined TRACON& Tower with Radar,60,45,16,9,130,0,0,3,2,5,60,45,19,11,135,0,7,7,142
05/19/2018,GSP,SC,ASO,ES,Combined TRACON& Tower with Radar,43,21,8,0,72,0,0,0,0,0,43,21,8,0,72,0,0,0,72
05/20/2018,GSP,SC,ASO,ES,Combined TRACON& Tower with Radar,52,44,18,5,119,0,0,3,0,3,52,44,21,5,122,0,0,0,122
05/21/2018,GSP,SC,ASO,ES,Combined TRACON& Tower with Radar,62,44,19,21,146,0,2,8,0,10,62,46,27,21,156,0,0,0,156
05/22/2018,GSP,SC,ASO,ES,Combined TRACON& Tower with Radar,69,37,16,2,124,0,1,1,0,2,69,38,17,2,126,0,0,0,126
05/23/2018,GSP,SC,ASO,ES,Combined TRACON& Tower with Radar,65,43,22,6,136,0,0,10,8,18,65,43,32,14,154,0,16,16,170
05/24/2018,GSP,SC,ASO,ES,Combined TRACON& Tower with Radar,69,40,19,0,128,0,2,2,2,6,69,42,21,2,134,0,0,0,134
05/25/2018,GSP,SC,ASO,ES,Combined TRACON& Tower with Radar,69,47,25,0,141,0,0,1,0,1,69,47,26,0,142,0,0,0,142
05/26/2018,GSP,SC,ASO,ES,Combined TRACON& Tower with Radar,42,21,4,0,67,0,2,2,0,4,42,23,6,0,71,0,0,0,71
05/27/2018,GSP,SC,ASO,ES,Combined TRACON& Tower with Radar,50,22,16,0,88,0,0,2,0,2,50,22,18,0,90,0,0,0,90
05/28/2018,GSP,SC,ASO,ES,Combined TRACON& Tower with Radar,58,35,6,0,99,0,0,0,0,0,58,35,6,0,99,0,0,0,99
05/29/2018,GSP,SC,ASO,ES,Combined TRACON& Tower with Radar,65,36,22,0,123,0,0,0,0,0,65,36,22,0,123,0,0,0,123
05/30/2018,GSP,SC,ASO,ES,Combined TRACON& Tower with Radar,72,36,15,0,123,0,1,1,0,2,72,37,16,0,125,0,0,0,125
05/31/2018,GSP,SC,ASO,ES,Combined TRACON& Tower with Radar,67,41,26,16,150,0,0,0,0,0,67,41,26,16,150,0,0,0,150
06/01/2018,GSP,SC,ASO,ES,Combined TRACON& Tower with Radar,60,41,27,4,132,0,0,6,3,9,60,41,33,7,141,0,0,0,141
06/02/2018,GSP,SC,ASO,ES,Combined TRACON& Tower with Radar,41,22,8,2,73,0,2,7,5,14,41,24,15,7,87,0,0,0,87
06/03/2018,GSP,SC,ASO,ES,Combined TRACON& Tower with Radar,54,43,31,8,136,0,0,1,0,1,54,43,32,8,137,0,0,0,137
06/04/2018,GSP,SC,ASO,ES,Combined TRACON& Tower with Radar,65,40,9,5,119,0,0,18,1,19,65,40,27,6,138,5,8,13,151
06/05/2018,GSP,SC,ASO,ES,Combined TRACON& Tower with Radar,66,38,32,4,140,0,0,12,0,12,66,38,44,4,152,16,0,16,168
06/06/2018,GSP,SC,ASO,ES,Combined TRACON& Tower with Radar,69,43,20,12,144,0,0,18,0,18,69,43,38,12,162,0,0,0,162
06/07/2018,GSP,SC,ASO,ES,Combined TRACON& Tower with Radar,63,40,28,11,142,0,0,10,0,10,63,40,38,11,152,0,14,14,166
06/08/2018,GSP,SC,ASO,ES,Combined TRACON& Tower with Radar,64,34,13,6,117,0,1,13,8,22,64,35,26,14,139,0,0,0,139
06/09/2018,GSP,SC,ASO,ES,Combined TRACON& Tower with Radar,47,24,6,0,77,0,0,0,0,0,47,24,6,0,77,0,0,0,77
06/10/2018,GSP,SC,ASO,ES,Combined TRACON& Tower with Radar,59,33,13,2,107,0,1,7,0,8,59,34,20,2,115,0,0,0,115
06/11/2018,GSP,SC,ASO,ES,Combined TRACON& Tower with Radar,70,44,27,0,141,0,0,10,0,10,70,44,37,0,151,0,0,0,151
06/12/2018,GSP,SC,ASO,ES,Combined TRACON& Tower with Radar,67,43,29,5,144,0,0,0,3,3,67,43,29,8,147,0,0,0,147
06/13/2018,GSP,SC,ASO,ES,Combined TRACON& Tower with Radar,65,38,23,16,142,0,0,5,2,7,65,38,28,18,149,0,0,0,149
06/14/2018,GSP,SC,ASO,ES,Combined TRACON& Tower with Radar,57,42,12,29,140,0,6,5,8,19,57,48,17,37,159,0,0,0,159
06/15/2018,GSP,SC,ASO,ES,Combined TRACON& Tower with Radar,49,36,26,29,140,0,0,21,3,24,49,36,47,32,164,0,0,0,164
06/16/2018,GSP,SC,ASO,ES,Combined TRACON& Tower with Radar,50,26,21,0,97,0,0,2,0,2,50,26,23,0,99,6,0,6,105
06/17/2018,GSP,SC,ASO,ES,Combined TRACON& Tower with Radar,53,31,11,4,99,0,1,11,2,14,53,32,22,6,113,0,0,0,113
06/18/2018,GSP,SC,ASO,ES,Combined TRACON& Tower with Radar,45,32,13,19,109,0,1,4,1,6,45,33,17,20,115,0,2,2,117
06/19/2018,GSP,SC,ASO,ES,Combined TRACON& Tower with Radar,51,25,35,14,125,0,3,15,5,23,51,28,50,19,148,25,2,27,175
06/20/2018,GSP,SC,ASO,ES,Combined TRACON& Tower with Radar,57,36,19,28,140,0,4,9,9,22,57,40,28,37,162,0,10,10,172
06/21/2018,GSP,SC,ASO,ES,Combined TRACON& Tower with Radar,70,33,34,22,159,0,2,8,11,21,70,35,42,33,180,0,6,6,186
06/22/2018,GSP,SC,ASO,ES,Combined TRACON& Tower with Radar,69,36,29,12,146,0,2,5,10,17,69,38,34,22,163,0,0,0,163
06/23/2018,GSP,SC,ASO,ES,Combined TRACON& Tower with Radar,50,25,11,11,97,0,0,1,6,7,50,25,12,17,104,0,0,0,104
06/24/2018,GSP,SC,ASO,ES,Combined TRACON& Tower with Radar,62,35,18,1,116,0,1,7,0,8,62,36,25,1,124,0,0,0,124
06/25/2018,GSP,SC,ASO,ES,Combined TRACON& Tower with Radar,71,46,22,11,150,0,0,10,6,16,71,46,32,17,166,1,0,1,167
06/26/2018,GSP,SC,ASO,ES,Combined TRACON& Tower with Radar,71,33,26,18,148,0,2,3,7,12,71,35,29,25,160,0,0,0,160
06/27/2018,GSP,SC,ASO,ES,Combined TRACON& Tower with Radar,74,50,29,23,176,0,5,1,8,14,74,55,30,31,190,0,0,0,190
06/28/2018,GSP,SC,ASO,ES,Combined TRACON& Tower with Radar,75,62,28,25,190,0,4,4,9,17,75,66,32,34,207,14,12,26,233
06/29/2018,GSP,SC,ASO,ES,Combined TRACON& Tower with Radar,80,49,17,14,160,0,1,9,1,11,80,50,26,15,171,0,0,0,171
06/30/2018,GSP,SC,ASO,ES,Combined TRACON& Tower with Radar,55,32,10,4,101,0,2,3,2,7,55,34,13,6,108,0,0,0,108
07/01/2018,GSP,SC,ASO,ES,Combined TRACON& Tower with Radar,55,31,5,0,91,0,4,6,0,10,55,35,11,0,101,0,0,0,101
07/02/2018,GSP,SC,ASO,ES,Combined TRACON& Tower with Radar,58,27,9,2,96,0,0,7,0,7,58,27,16,2,103,4,0,4,107
07/03/2018,GSP,SC,ASO,ES,Combined TRACON& Tower with Radar,59,26,22,0,107,0,0,22,0,22,59,26,44,0,129,6,0,6,135
07/04/2018,GSP,SC,ASO,ES,Combined TRACON& Tower with Radar,46,24,9,0,79,0,1,4,0,5,46,25,13,0,84,6,0,6,90
07/05/2018,GSP,SC,ASO,ES,Combined TRACON& Tower with Radar,56,36,27,10,129,0,0,6,2,8,56,36,33,12,137,0,0,0,137
07/06/2018,GSP,SC,ASO,ES,Combined TRACON& Tower with Radar,60,30,8,1,99,0,1,6,1,8,60,31,14,2,107,0,0,0,107
07/07/2018,GSP,SC,ASO,ES,Combined TRACON& Tower with Radar,49,23,5,0,77,0,0,0,0,0,49,23,5,0,77,0,0,0,77
07/08/2018,GSP,SC,ASO,ES,Combined TRACON& Tower with Radar,68,41,17,0,126,0,3,7,0,10,68,44,24,0,136,0,0,0,136
07/09/2018,GSP,SC,ASO,ES,Combined TRACON& Tower with Radar,70,38,22,24,154,0,0,14,2,16,70,38,36,26,170,0,0,0,170
07/10/2018,GSP,SC,ASO,ES,Combined TRACON& Tower with Radar,66,38,37,8,149,0,3,17,0,20,66,41,54,8,169,18,12,30,199
07/11/2018,GSP,SC,ASO,ES,Combined TRACON& Tower with Radar,69,39,30,0,138,0,2,8,2,12,69,41,38,2,150,0,0,0,150
07/12/2018,GSP,SC,ASO,ES,Combined TRACON& Tower with Radar,65,45,30,8,148,0,0,5,0,5,65,45,35,8,153,0,0,0,153
07/13/2018,GSP,SC,ASO,ES,Combined TRACON& Tower with Radar,70,42,29,22,163,0,0,2,0,2,70,42,31,22,165,0,0,0,165
07/14/2018,GSP,SC,ASO,ES,Combined TRACON& Tower with Radar,49,31,15,0,95,0,3,7,2,12,49,34,22,2,107,0,0,0,107
07/15/2018,GSP,SC,ASO,ES,Combined TRACON& Tower with Radar,64,30,16,0,110,0,1,15,0,16,64,31,31,0,126,10,0,10,136
07/16/2018,GSP,SC,ASO,ES,Combined TRACON& Tower with Radar,66,45,29,9,149,0,1,8,0,9,66,46,37,9,158,0,0,0,158
07/17/2018,GSP,SC,ASO,ES,Combined TRACON& Tower with Radar,66,43,23,0,132,0,0,5,0,5,66,43,28,0,137,0,0,0,137
07/18/2018,GSP,SC,ASO,ES,Combined TRACON& Tower with Radar,76,39,21,22,158,0,8,12,0,20,76,47,33,22,178,0,0,0,178
07/19/2018,GSP,SC,ASO,ES,Combined TRACON& Tower with Radar,70,38,31,0,139,0,0,5,0,5,70,38,36,0,144,0,0,0,144
07/20/2018,GSP,SC,ASO,ES,Combined TRACON& Tower with Radar,74,39,8,2,123,0,0,15,2,17,74,39,23,4,140,0,0,0,140
07/21/2018,GSP,SC,ASO,ES,Combined TRACON& Tower with Radar,48,28,10,0,86,0,0,7,0,7,48,28,17,0,93,0,0,0,93
07/22/2018,GSP,SC,ASO,ES,Combined TRACON& Tower with Radar,67,34,9,0,110,0,1,7,0,8,67,35,16,0,118,10,0,10,128
07/23/2018,GSP,SC,ASO,ES,Combined TRACON& Tower with Radar,66,38,19,2,125,0,0,5,0,5,66,38,24,2,130,6,0,6,136
07/24/2018,GSP,SC,ASO,ES,Combined TRACON& Tower with Radar,68,34,28,0,130,0,1,0,0,1,68,35,28,0,131,0,0,0,131
07/25/2018,GSP,SC,ASO,ES,Combined TRACON& Tower with Radar,71,38,28,9,146,0,0,3,7,10,71,38,31,16,156,18,0,18,174
07/26/2018,GSP,SC,ASO,ES,Combined TRACON& Tower with Radar,73,45,50,4,172,0,8,16,0,24,73,53,66,4,196,0,10,10,206
07/27/2018,GSP,SC,ASO,ES,Combined TRACON& Tower with Radar,64,38,23,6,131,0,2,16,2,20,64,40,39,8,151,6,0,6,157
07/28/2018,GSP,SC,ASO,ES,Combined TRACON& Tower with Radar,50,28,8,0,86,0,6,10,0,16,50,34,18,0,102,0,0,0,102
07/29/2018,GSP,SC,ASO,ES,Combined TRACON& Tower with Radar,65,44,19,4,132,0,3,5,0,8,65,47,24,4,140,0,0,0,140
07/30/2018,GSP,SC,ASO,ES,Combined TRACON& Tower with Radar,73,40,16,5,134,0,0,1,5,6,73,40,17,10,140,0,36,36,176
07/31/2018,GSP,SC,ASO,ES,Combined TRACON& Tower with Radar,68,44,25,2,139,0,1,1,0,2,68,45,26,2,141,0,0,0,141
08/01/2018,GSP,SC,ASO,ES,Combined TRACON& Tower with Radar,74,42,30,0,146,0,0,0,0,0,74,42,30,0,146,0,0,0,146
08/02/2018,GSP,SC,ASO,ES,Combined TRACON& Tower with Radar,64,35,33,0,132,0,0,1,0,1,64,35,34,0,133,0,0,0,133
08/03/2018,GSP,SC,ASO,ES,Combined TRACON& Tower with Radar,64,36,10,0,110,1,0,0,0,1,65,36,10,0,111,0,0,0,111
08/04/2018,GSP,SC,ASO,ES,Combined TRACON& Tower with Radar,49,28,11,0,88,0,0,5,0,5,49,28,16,0,93,0,0,0,93
08/05/2018,GSP,SC,ASO,ES,Combined TRACON& Tower with Radar,66,36,7,0,109,0,0,5,0,5,66,36,12,0,114,6,0,6,120
08/06/2018,GSP,SC,ASO,ES,Combined TRACON& Tower with Radar,71,35,24,0,130,0,0,4,0,4,71,35,28,0,134,6,0,6,140
08/07/2018,GSP,SC,ASO,ES,Combined TRACON& Tower with Radar,70,41,32,17,160,0,4,14,3,21,70,45,46,20,181,14,56,70,251
08/08/2018,GSP,SC,ASO,ES,Combined TRACON& Tower with Radar,71,34,35,2,142,0,3,6,0,9,71,37,41,2,151,0,0,0,151
08/09/2018,GSP,SC,ASO,ES,Combined TRACON& Tower with Radar,76,35,31,0,142,0,2,6,0,8,76,37,37,0,150,0,0,0,150
08/10/2018,GSP,SC,ASO,ES,Combined TRACON& Tower with Radar,73,36,25,2,136,0,0,4,2,6,73,36,29,4,142,0,0,0,142
08/11/2018,GSP,SC,ASO,ES,Combined TRACON& Tower with Radar,44,25,4,2,75,0,0,3,0,3,44,25,7,2,78,4,12,16,94
08/12/2018,GSP,SC,ASO,ES,Combined TRACON& Tower with Radar,61,32,18,2,113,0,0,9,2,11,61,32,27,4,124,10,12,22,146
08/13/2018,GSP,SC,ASO,ES,Combined TRACON& Tower with Radar,68,34,22,11,135,0,0,5,0,5,68,34,27,11,140,0,0,0,140
08/14/2018,GSP,SC,ASO,ES,Combined TRACON& Tower with Radar,72,43,31,11,157,0,6,20,3,29,72,49,51,14,186,0,16,16,202
08/15/2018,GSP,SC,ASO,ES,Combined TRACON& Tower with Radar,70,32,31,9,142,0,3,5,0,8,70,35,36,9,150,0,0,0,150
08/16/2018,GSP,SC,ASO,ES,Combined TRACON& Tower with Radar,74,34,37,0,145,0,5,11,2,18,74,39,48,2,163,4,0,4,167
08/17/2018,GSP,SC,ASO,ES,Combined TRACON& Tower with Radar,72,33,20,9,134,0,3,12,1,16,72,36,32,10,150,3,4,7,157
08/18/2018,GSP,SC,ASO,ES,Combined TRACON& Tower with Radar,56,28,17,7,108,0,0,1,0,1,56,28,18,7,109,0,0,0,109
08/19/2018,GSP,SC,ASO,ES,Combined TRACON& Tower with Radar,63,30,20,1,114,0,0,1,0,1,63,30,21,1,115,0,0,0,115
08/20/2018,GSP,SC,ASO,ES,Combined TRACON& Tower with Radar,71,33,28,2,134,0,0,4,0,4,71,33,32,2,138,0,0,0,138
08/21/2018,GSP,SC,ASO,ES,Combined TRACON& Tower with Radar,78,47,39,0,164,0,2,7,0,9,78,49,46,0,173,0,0,0,173
08/22/2018,GSP,SC,ASO,ES,Combined TRACON& Tower with Radar,85,32,33,0,150,0,4,12,0,16,85,36,45,0,166,0,0,0,166
08/23/2018,GSP,SC,ASO,ES,Combined TRACON& Tower with Radar,78,34,33,9,154,0,0,6,1,7,78,34,39,10,161,4,0,4,165
08/24/2018,GSP,SC,ASO,ES,Combined TRACON& Tower with Radar,81,38,36,22,177,0,2,16,0,18,81,40,52,22,195,0,0,0,195
08/25/2018,GSP,SC,ASO,ES,Combined TRACON& Tower with Radar,54,21,10,0,85,0,0,11,0,11,54,21,21,0,96,0,0,0,96
08/26/2018,GSP,SC,ASO,ES,Combined TRACON& Tower with Radar,77,26,21,2,126,0,2,6,0,8,77,28,27,2,134,0,0,0,134
08/27/2018,GSP,SC,ASO,ES,Combined TRACON& Tower with Radar,93,36,28,1,158,0,0,4,1,5,93,36,32,2,163,12,0,12,175
08/28/2018,GSP,SC,ASO,ES,Combined TRACON& Tower with Radar,82,34,17,0,133,0,0,5,0,5,82,34,22,0,138,0,0,0,138
08/29/2018,GSP,SC,ASO,ES,Combined TRACON& Tower with Radar,83,40,30,0,153,0,0,10,0,10,83,40,40,0,163,6,0,6,169
08/30/2018,GSP,SC,ASO,ES,Combined TRACON& Tower with Radar,91,40,32,0,163,0,1,6,0,7,91,41,38,0,170,0,0,0,170
08/31/2018,GSP,SC,ASO,ES,Combined TRACON& Tower with Radar,83,37,39,4,163,0,0,7,2,9,83,37,46,6,172,2,37,39,211
09/01/2018,GSP,SC,ASO,ES,Combined TRACON& Tower with Radar,52,17,21,0,90,0,2,8,0,10,52,19,29,0,100,0,0,0,100
09/02/2018,GSP,SC,ASO,ES,Combined TRACON& Tower with Radar,58,22,5,0,85,0,2,2,0,4,58,24,7,0,89,0,0,0,89
09/03/2018,GSP,SC,ASO,ES,Combined TRACON& Tower with Radar,77,26,21,0,124,0,3,3,0,6,77,29,24,0,130,0,0,0,130
09/04/2018,GSP,SC,ASO,ES,Combined TRACON& Tower with Radar,79,33,37,16,165,0,2,8,2,12,79,35,45,18,177,0,0,0,177
09/05/2018,GSP,SC,ASO,ES,Combined TRACON& Tower with Radar,81,38,19,3,141,0,2,10,3,15,81,40,29,6,156,0,0,0,156
09/06/2018,GSP,SC,ASO,ES,Combined TRACON& Tower with Radar,81,42,33,2,158,0,4,9,0,13,81,46,42,2,171,0,0,0,171
09/07/2018,GSP,SC,ASO,ES,Combined TRACON& Tower with Radar,81,33,22,51,187,0,2,15,6,23,81,35,37,57,210,0,0,0,210
09/08/2018,GSP,SC,ASO,ES,Combined TRACON& Tower with Radar,59,22,17,2,100,0,0,14,1,15,59,22,31,3,115,0,8,8,123
09/09/2018,GSP,SC,ASO,ES,Combined TRACON& Tower with Radar,82,29,18,4,133,0,4,2,1,7,82,33,20,5,140,0,0,0,140
09/10/2018,GSP,SC,ASO,ES,Combined TRACON& Tower with Radar,83,40,17,15,155,0,0,4,0,4,83,40,21,15,159,0,0,0,159
09/11/2018,GSP,SC,ASO,ES,Combined TRACON& Tower with Radar,79,44,22,2,147,0,0,4,12,16,79,44,26,14,163,0,0,0,163
09/12/2018,GSP,SC,ASO,ES,Combined TRACON& Tower with Radar,105,46,42,0,193,0,0,2,5,7,105,46,44,5,200,0,0,0,200
09/13/2018,GSP,SC,ASO,ES,Combined TRACON& Tower with Radar,84,36,35,0,155,1,2,9,3,15,85,38,44,3,170,8,0,8,178
09/14/2018,GSP,SC,ASO,ES,Combined TRACON& Tower with Radar,88,31,12,0,131,0,6,1,0,7,88,37,13,0,138,0,0,0,138
09/15/2018,GSP,SC,ASO,ES,Combined TRACON& Tower with Radar,53,26,5,0,84,0,0,0,0,0,53,26,5,0,84,0,0,0,84
09/16/2018,GSP,SC,ASO,ES,Combined TRACON& Tower with Radar,69,31,5,0,105,0,0,0,0,0,69,31,5,0,105,0,0,0,105
09/17/2018,GSP,SC,ASO,ES,Combined TRACON& Tower with Radar,83,43,21,0,147,0,0,3,2,5,83,43,24,2,152,0,0,0,152
09/18/2018,GSP,SC,ASO,ES,Combined TRACON& Tower with Radar,79,56,27,1,163,0,1,3,5,9,79,57,30,6,172,0,0,0,172
09/19/2018,GSP,SC,ASO,ES,Combined TRACON& Tower with Radar,86,37,40,3,166,1,3,6,8,18,87,40,46,11,184,0,0,0,184
09/20/2018,GSP,SC,ASO,ES,Combined TRACON& Tower with Radar,82,44,25,5,156,0,2,3,6,11,82,46,28,11,167,0,0,0,167
09/21/2018,GSP,SC,ASO,ES,Combined TRACON& Tower with Radar,81,40,27,11,159,0,2,5,0,7,81,42,32,11,166,0,0,0,166
09/22/2018,GSP,SC,ASO,ES,Combined TRACON& Tower with Radar,66,24,21,0,111,0,0,1,2,3,66,24,22,2,114,0,0,0,114
09/23/2018,GSP,SC,ASO,ES,Combined TRACON& Tower with Radar,79,38,28,0,145,0,1,4,3,8,79,39,32,3,153,0,0,0,153
09/24/2018,GSP,SC,ASO,ES,Combined TRACON& Tower with Radar,80,39,25,22,166,0,0,5,0,5,80,39,30,22,171,0,0,0,171
09/25/2018,GSP,SC,ASO,ES,Combined TRACON& Tower with Radar,81,40,25,19,165,0,0,2,0,2,81,40,27,19,167,0,0,0,167
09/26/2018,GSP,SC,ASO,ES,Combined TRACON& Tower with Radar,85,42,27,0,154,0,2,8,0,10,85,44,35,0,164,0,0,0,164
09/27/2018,GSP,SC,ASO,ES,Combined TRACON& Tower with Radar,82,52,56,0,190,1,0,3,0,4,83,52,59,0,194,16,0,16,210
09/28/2018,GSP,SC,ASO,ES,Combined TRACON& Tower with Radar,86,47,32,9,174,0,3,9,0,12,86,50,41,9,186,0,0,0,186
09/29/2018,GSP,SC,ASO,ES,Combined TRACON& Tower with Radar,64,29,20,1,114,0,2,3,0,5,64,31,23,1,119,0,0,0,119
09/30/2018,GSP,SC,ASO,ES,Combined TRACON& Tower with Radar,75,28,20,0,123,0,0,4,0,4,75,28,24,0,127,0,0,0,127
10/01/2018,GSP,SC,ASO,ES,Combined TRACON& Tower with Radar,84,36,18,2,140,0,1,4,0,5,84,37,22,2,145,0,0,0,145
10/02/2018,GSP,SC,ASO,ES,Combined TRACON& Tower with Radar,83,37,38,9,167,0,0,8,5,13,83,37,46,14,180,0,26,26,206
10/03/2018,GSP,SC,ASO,ES,Combined TRACON& Tower with Radar,93,35,27,2,157,0,2,7,0,9,93,37,34,2,166,0,0,0,166
10/04/2018,GSP,SC,ASO,ES,Combined TRACON& Tower with Radar,89,34,38,16,177,0,0,14,3,17,89,34,52,19,194,0,14,14,208
10/05/2018,GSP,SC,ASO,ES,Combined TRACON& Tower with Radar,87,36,30,0,153,0,1,8,0,9,87,37,38,0,162,0,0,0,162
10/06/2018,GSP,SC,ASO,ES,Combined TRACON& Tower with Radar,63,28,10,12,113,0,0,9,0,9,63,28,19,12,122,8,0,8,130
10/07/2018,GSP,SC,ASO,ES,Combined TRACON& Tower with Radar,73,31,12,0,116,0,2,4,0,6,73,33,16,0,122,0,0,0,122
10/08/2018,GSP,SC,ASO,ES,Combined TRACON& Tower with Radar,79,33,25,0,137,0,1,2,0,3,79,34,27,0,140,0,0,0,140
10/09/2018,GSP,SC,ASO,ES,Combined TRACON& Tower with Radar,80,32,30,6,148,0,1,1,0,2,80,33,31,6,150,0,0,0,150
10/10/2018,GSP,SC,ASO,ES,Combined TRACON& Tower with Radar,96,28,30,2,156,0,0,1,2,3,96,28,31,4,159,0,0,0,159
10/11/2018,GSP,SC,ASO,ES,Combined TRACON& Tower with Radar,78,36,18,0,132,0,2,1,2,5,78,38,19,2,137,0,0,0,137
10/12/2018,GSP,SC,ASO,ES,Combined TRACON& Tower with Radar,101,29,33,29,192,0,1,12,3,16,101,30,45,32,208,0,0,0,208
10/13/2018,GSP,SC,ASO,ES,Combined TRACON& Tower with Radar,64,29,12,1,106,0,2,12,2,16,64,31,24,3,122,0,0,0,122
10/14/2018,GSP,SC,ASO,ES,Combined TRACON& Tower with Radar,73,23,17,4,117,0,0,2,0,2,73,23,19,4,119,0,0,0,119
10/15/2018,GSP,SC,ASO,ES,Combined TRACON& Tower with Radar,46,13,13,10,82,0,3,1,0,4,46,16,14,10,86,0,0,0,86
10/16/2018,GSP,SC,ASO,ES,Combined TRACON& Tower with Radar,78,34,18,7,137,0,0,7,5,12,78,34,25,12,149,0,0,0,149
10/17/2018,GSP,SC,ASO,ES,Combined TRACON& Tower with Radar,92,38,32,8,170,0,4,9,0,13,92,42,41,8,183,0,0,0,183
10/18/2018,GSP,SC,ASO,ES,Combined TRACON& Tower with Radar,84,49,29,13,175,0,1,11,2,14,84,50,40,15,189,8,0,8,197
10/19/2018,GSP,SC,ASO,ES,Combined TRACON& Tower with Radar,82,35,25,22,164,0,1,13,3,17,82,36,38,25,181,0,0,0,181
10/20/2018,GSP,SC,ASO,ES,Combined TRACON& Tower with Radar,69,24,19,0,112,0,1,8,0,9,69,25,27,0,121,0,0,0,121
10/21/2018,GSP,SC,ASO,ES,Combined TRACON& Tower with Radar,74,24,24,1,123,0,0,3,0,3,74,24,27,1,126,0,0,0,126
10/22/2018,GSP,SC,ASO,ES,Combined TRACON& Tower with Radar,81,32,20,2,135,0,0,16,0,16,81,32,36,2,151,0,0,0,151
10/23/2018,GSP,SC,ASO,ES,Combined TRACON& Tower with Radar,81,28,31,6,146,0,1,7,0,8,81,29,38,6,154,0,0,0,154
10/24/2018,GSP,SC,ASO,ES,Combined TRACON& Tower with Radar,90,41,27,2,160,0,5,15,2,22,90,46,42,4,182,0,0,0,182
10/25/2018,GSP,SC,ASO,ES,Combined TRACON& Tower with Radar,88,37,36,0,161,0,4,19,0,23,88,41,55,0,184,0,0,0,184
10/26/2018,GSP,SC,ASO,ES,Combined TRACON& Tower with Radar,87,31,15,2,135,0,0,0,0,0,87,31,15,2,135,0,0,0,135
10/27/2018,GSP,SC,ASO,ES,Combined TRACON& Tower with Radar,66,27,11,0,104,0,2,3,1,6,66,29,14,1,110,0,0,0,110
10/28/2018,GSP,SC,ASO,ES,Combined TRACON& Tower with Radar,67,30,7,0,104,0,3,5,0,8,67,33,12,0,112,0,0,0,112
10/29/2018,GSP,SC,ASO,ES,Combined TRACON& Tower with Radar,76,32,20,14,142,0,2,3,1,6,76,34,23,15,148,0,0,0,148
10/30/2018,GSP,SC,ASO,ES,Combined TRACON& Tower with Radar,80,29,23,13,145,0,2,12,9,23,80,31,35,22,168,8,0,8,176
10/31/2018,GSP,SC,ASO,ES,Combined TRACON& Tower with Radar,74,22,30,6,132,0,2,6,0,8,74,24,36,6,140,0,0,0,140
11/01/2018,GSP,SC,ASO,ES,Combined TRACON& Tower with Radar,75,27,33,20,155,0,0,2,5,7,75,27,35,25,162,0,11,11,173
11/02/2018,GSP,SC,ASO,ES,Combined TRACON& Tower with Radar,81,31,23,0,135,0,0,0,0,0,81,31,23,0,135,0,0,0,135
11/03/2018,GSP,SC,ASO,ES,Combined TRACON& Tower with Radar,57,20,9,4,90,0,2,6,2,10,57,22,15,6,100,0,0,0,100
11/04/2018,GSP,SC,ASO,ES,Combined TRACON& Tower with Radar,69,32,11,0,112,0,2,3,2,7,69,34,14,2,119,0,0,0,119
11/05/2018,GSP,SC,ASO,ES,Combined TRACON& Tower with Radar,77,29,13,0,119,0,0,0,0,0,77,29,13,0,119,0,0,0,119
11/06/2018,GSP,SC,ASO,ES,Combined TRACON& Tower with Radar,83,29,13,0,125,0,2,7,0,9,83,31,20,0,134,0,0,0,134
11/07/2018,GSP,SC,ASO,ES,Combined TRACON& Tower with Radar,89,30,34,0,153,0,3,5,0,8,89,33,39,0,161,0,0,0,161
11/08/2018,GSP,SC,ASO,ES,Combined TRACON& Tower with Radar,80,30,20,3,133,0,0,5,5,10,80,30,25,8,143,0,0,0,143
11/09/2018,GSP,SC,ASO,ES,Combined TRACON& Tower with Radar,87,41,21,3,152,0,0,0,0,0,87,41,21,3,152,0,0,0,152
11/10/2018,GSP,SC,ASO,ES,Combined TRACON& Tower with Radar,61,26,9,0,96,0,1,8,0,9,61,27,17,0,105,0,0,0,105
11/11/2018,GSP,SC,ASO,ES,Combined TRACON& Tower with Radar,73,33,15,4,125,0,0,10,2,12,73,33,25,6,137,0,8,8,145
11/12/2018,GSP,SC,ASO,ES,Combined TRACON& Tower with Radar,82,28,15,1,126,0,0,0,0,0,82,28,15,1,126,0,0,0,126
11/13/2018,GSP,SC,ASO,ES,Combined TRACON& Tower with Radar,86,30,23,7,146,0,0,0,0,0,86,30,23,7,146,0,0,0,146
11/14/2018,GSP,SC,ASO,ES,Combined TRACON& Tower with Radar,90,36,26,4,156,0,0,4,0,4,90,36,30,4,160,0,0,0,160
11/15/2018,GSP,SC,ASO,ES,Combined TRACON& Tower with Radar,75,28,17,6,126,0,0,1,0,1,75,28,18,6,127,0,0,0,127
11/16/2018,GSP,SC,ASO,ES,Combined TRACON& Tower with Radar,91,30,23,8,152,0,1,11,2,14,91,31,34,10,166,0,0,0,166
11/17/2018,GSP,SC,ASO,ES,Combined TRACON& Tower with Radar,64,22,18,0,104,0,0,5,0,5,64,22,23,0,109,0,0,0,109
11/18/2018,GSP,SC,ASO,ES,Combined TRACON& Tower with Radar,67,30,9,9,115,0,0,10,17,27,67,30,19,26,142,0,0,0,142
11/19/2018,GSP,SC,ASO,ES,Combined TRACON& Tower with Radar,82,30,11,15,138,0,0,7,5,12,82,30,18,20,150,0,18,18,168
11/20/2018,GSP,SC,ASO,ES,Combined TRACON& Tower with Radar,84,31,17,3,135,0,4,6,1,11,84,35,23,4,146,0,0,0,146
11/21/2018,GSP,SC,ASO,ES,Combined TRACON& Tower with Radar,93,38,17,0,148,0,1,13,0,14,93,39,30,0,162,0,0,0,162
11/22/2018,GSP,SC,ASO,ES,Combined TRACON& Tower with Radar,39,18,5,0,62,0,0,7,0,7,39,18,12,0,69,6,0,6,75
11/23/2018,GSP,SC,ASO,ES,Combined TRACON& Tower with Radar,60,19,8,0,87,0,0,4,0,4,60,19,12,0,91,0,0,0,91
11/24/2018,GSP,SC,ASO,ES,Combined TRACON& Tower with Radar,75,28,10,0,113,0,0,0,0,0,75,28,10,0,113,0,0,0,113
11/25/2018,GSP,SC,ASO,ES,Combined TRACON& Tower with Radar,90,21,12,0,123,0,0,2,0,2,90,21,14,0,125,0,0,0,125
11/26/2018,GSP,SC,ASO,ES,Combined TRACON& Tower with Radar,95,31,22,13,161,0,3,7,1,11,95,34,29,14,172,0,0,0,172
11/27/2018,GSP,SC,ASO,ES,Combined TRACON& Tower with Radar,84,38,22,10,154,0,0,9,1,10,84,38,31,11,164,0,0,0,164
11/28/2018,GSP,SC,ASO,ES,Combined TRACON& Tower with Radar,81,33,33,19,166,0,1,30,3,34,81,34,63,22,200,5,22,27,227
11/29/2018,GSP,SC,ASO,ES,Combined TRACON& Tower with Radar,87,32,34,0,153,0,4,10,2,16,87,36,44,2,169,6,0,6,175
11/30/2018,GSP,SC,ASO,ES,Combined TRACON& Tower with Radar,85,34,12,1,132,0,3,1,0,4,85,37,13,1,136,0,0,0,136
12/01/2018,GSP,SC,ASO,ES,Combined TRACON& Tower with Radar,58,17,19,0,94,0,0,0,0,0,58,17,19,0,94,0,0,0,94
12/02/2018,GSP,SC,ASO,ES,Combined TRACON& Tower with Radar,67,25,11,0,103,0,0,1,0,1,67,25,12,0,104,0,0,0,104
12/03/2018,GSP,SC,ASO,ES,Combined TRACON& Tower with Radar,82,25,24,25,156,0,3,10,19,32,82,28,34,44,188,0,0,0,188
12/04/2018,GSP,SC,ASO,ES,Combined TRACON& Tower with Radar,77,28,29,24,158,0,4,13,6,23,77,32,42,30,181,0,0,0,181
12/05/2018,GSP,SC,ASO,ES,Combined TRACON& Tower with Radar,82,32,13,2,129,0,3,26,0,29,82,35,39,2,158,0,0,0,158
12/06/2018,GSP,SC,ASO,ES,Combined TRACON& Tower with Radar,83,35,29,36,183,0,2,8,12,22,83,37,37,48,205,0,0,0,205
12/07/2018,GSP,SC,ASO,ES,Combined TRACON& Tower with Radar,84,26,20,18,148,0,0,9,11,20,84,26,29,29,168,0,0,0,168
12/08/2018,GSP,SC,ASO,ES,Combined TRACON& Tower with Radar,56,15,1,0,72,0,0,0,0,0,56,15,1,0,72,0,0,0,72
12/09/2018,GSP,SC,ASO,ES,Combined TRACON& Tower with Radar,14,4,8,0,26,0,0,0,0,0,14,4,8,0,26,0,0,0,26
12/10/2018,GSP,SC,ASO,ES,Combined TRACON& Tower with Radar,72,33,19,8,132,0,0,3,0,3,72,33,22,8,135,0,0,0,135
12/11/2018,GSP,SC,ASO,ES,Combined TRACON& Tower with Radar,82,35,18,1,136,0,3,9,1,13,82,38,27,2,149,0,0,0,149
12/12/2018,GSP,SC,ASO,ES,Combined TRACON& Tower with Radar,88,34,21,15,158,0,0,10,7,17,88,34,31,22,175,0,14,14,189
12/13/2018,GSP,SC,ASO,ES,Combined TRACON& Tower with Radar,81,45,21,5,152,0,1,8,0,9,81,46,29,5,161,0,0,0,161
12/14/2018,GSP,SC,ASO,ES,Combined TRACON& Tower with Radar,88,30,19,0,137,0,0,0,0,0,88,30,19,0,137,0,0,0,137
12/15/2018,GSP,SC,ASO,ES,Combined TRACON& Tower with Radar,61,28,9,2,100,0,2,0,0,2,61,30,9,2,102,0,0,0,102
12/16/2018,GSP,SC,ASO,ES,Combined TRACON& Tower with Radar,67,21,9,0,97,0,1,12,0,13,67,22,21,0,110,0,0,0,110
12/17/2018,GSP,SC,ASO,ES,Combined TRACON& Tower with Radar,85,31,21,34,171,0,0,4,2,6,85,31,25,36,177,0,24,24,201
12/18/2018,GSP,SC,ASO,ES,Combined TRACON& Tower with Radar,80,26,16,0,122,0,2,11,0,13,80,28,27,0,135,0,0,0,135
12/19/2018,GSP,SC,ASO,ES,Combined TRACON& Tower with Radar,78,40,26,15,159,0,3,2,2,7,78,43,28,17,166,0,0,0,166
12/20/2018,GSP,SC,ASO,ES,Combined TRACON& Tower with Radar,76,37,16,0,129,0,0,0,0,0,76,37,16,0,129,0,0,0,129
12/21/2018,GSP,SC,ASO,ES,Combined TRACON& Tower with Radar,83,42,24,0,149,0,3,0,0,3,83,45,24,0,152,0,0,0,152
12/22/2018,GSP,SC,ASO,ES,Combined TRACON& Tower with Radar,73,33,9,0,115,0,3,3,1,7,73,36,12,1,122,0,0,0,122
12/23/2018,GSP,SC,ASO,ES,Combined TRACON& Tower with Radar,64,42,7,0,113,0,2,1,0,3,64,44,8,0,116,0,0,0,116
12/24/2018,GSP,SC,ASO,ES,Combined TRACON& Tower with Radar,58,23,5,0,86,0,1,0,0,1,58,24,5,0,87,0,0,0,87
12/25/2018,GSP,SC,ASO,ES,Combined TRACON& Tower with Radar,42,23,3,0,68,0,1,2,0,3,42,24,5,0,71,0,0,0,71
12/26/2018,GSP,SC,ASO,ES,Combined TRACON& Tower with Radar,69,40,16,0,125,0,2,2,0,4,69,42,18,0,129,0,0,0,129
12/27/2018,GSP,SC,ASO,ES,Combined TRACON& Tower with Radar,68,39,14,0,121,0,0,1,0,1,68,39,15,0,122,0,0,0,122
12/28/2018,GSP,SC,ASO,ES,Combined TRACON& Tower with Radar,80,44,16,0,140,0,0,0,0,0,80,44,16,0,140,0,0,0,140
12/29/2018,GSP,SC,ASO,ES,Combined TRACON& Tower with Radar,68,35,22,0,125,0,0,4,0,4,68,35,26,0,129,0,0,0,129
12/30/2018,GSP,SC,ASO,ES,Combined TRACON& Tower with Radar,75,41,24,0,140,0,0,0,0,0,75,41,24,0,140,0,0,0,140
12/31/2018,GSP,SC,ASO,ES,Combined TRACON& Tower with Radar,58,28,11,0,97,0,0,0,0,0,58,28,11,0,97,0,0,0,97
01/01/2019,GSP,SC,ASO,ES,Combined TRACON& Tower with Radar,48,29,1,0,78,0,0,4,0,4,48,29,5,0,82,0,0,0,82
01/02/2019,GSP,SC,ASO,ES,Combined TRACON& Tower with Radar,75,39,19,0,133,0,7,2,0,9,75,46,21,0,142,0,0,0,142
01/03/2019,GSP,SC,ASO,ES,Combined TRACON& Tower with Radar,69,49,20,0,138,0,0,1,0,1,69,49,21,0,139,0,0,0,139
01/04/2019,GSP,SC,ASO,ES,Combined TRACON& Tower with Radar,82,43,10,0,135,0,0,0,0,0,82,43,10,0,135,0,0,0,135
01/05/2019,GSP,SC,ASO,ES,Combined TRACON& Tower with Radar,89,30,13,0,132,0,1,4,0,5,89,31,17,0,137,0,0,0,137
01/06/2019,GSP,SC,ASO,ES,Combined TRACON& Tower with Radar,64,39,18,0,121,0,7,9,0,16,64,46,27,0,137,0,0,0,137
01/07/2019,GSP,SC,ASO,ES,Combined TRACON& Tower with Radar,74,33,17,12,136,0,1,8,4,13,74,34,25,16,149,0,0,0,149
01/08/2019,GSP,SC,ASO,ES,Combined TRACON& Tower with Radar,93,29,20,6,148,0,1,8,1,10,93,30,28,7,158,0,0,0,158
01/09/2019,GSP,SC,ASO,ES,Combined TRACON& Tower with Radar,72,25,20,0,117,0,1,3,0,4,72,26,23,0,121,0,0,0,121
01/10/2019,GSP,SC,ASO,ES,Combined TRACON& Tower with Radar,69,63,28,4,164,0,2,2,2,6,69,65,30,6,170,0,0,0,170
01/11/2019,GSP,SC,ASO,ES,Combined TRACON& Tower with Radar,82,24,21,31,158,0,2,22,0,24,82,26,43,31,182,0,0,0,182
01/12/2019,GSP,SC,ASO,ES,Combined TRACON& Tower with Radar,48,27,5,0,80,0,0,4,0,4,48,27,9,0,84,0,0,0,84
01/13/2019,GSP,SC,ASO,ES,Combined TRACON& Tower with Radar,59,31,6,0,96,0,0,0,0,0,59,31,6,0,96,0,0,0,96
01/14/2019,GSP,SC,ASO,ES,Combined TRACON& Tower with Radar,81,34,21,4,140,0,0,10,0,10,81,34,31,4,150,0,0,0,150
01/15/2019,GSP,SC,ASO,ES,Combined TRACON& Tower with Radar,76,31,19,3,129,0,3,15,3,21,76,34,34,6,150,4,0,4,154
01/16/2019,GSP,SC,ASO,ES,Combined TRACON& Tower with Radar,78,37,24,32,171,0,0,11,4,15,78,37,35,36,186,0,0,0,186
01/17/2019,GSP,SC,ASO,ES,Combined TRACON& Tower with Radar,74,31,17,0,122,0,2,7,0,9,74,33,24,0,131,0,0,0,131
01/18/2019,GSP,SC,ASO,ES,Combined TRACON& Tower with Radar,77,32,20,8,137,0,0,1,0,1,77,32,21,8,138,0,0,0,138
01/19/2019,GSP,SC,ASO,ES,Combined TRACON& Tower with Radar,45,15,6,0,66,0,0,0,0,0,45,15,6,0,66,0,0,0,66
01/20/2019,GSP,SC,ASO,ES,Combined TRACON& Tower with Radar,54,26,1,0,81,0,0,3,0,3,54,26,4,0,84,0,0,0,84
01/21/2019,GSP,SC,ASO,ES,Combined TRACON& Tower with Radar,73,28,17,0,118,0,2,4,0,6,73,30,21,0,124,0,0,0,124
01/22/2019,GSP,SC,ASO,ES,Combined TRACON& Tower with Radar,73,18,15,19,125,0,0,7,0,7,73,18,22,19,132,12,8,20,152
01/23/2019,GSP,SC,ASO,ES,Combined TRACON& Tower with Radar,66,30,17,0,113,0,0,0,0,0,66,30,17,0,113,0,0,0,113
01/24/2019,GSP,SC,ASO,ES,Combined TRACON& Tower with Radar,71,34,35,2,142,0,3,12,2,17,71,37,47,4,159,0,0,0,159
01/25/2019,GSP,SC,ASO,ES,Combined TRACON& Tower with Radar,77,26,19,14,136,0,1,13,2,16,77,27,32,16,152,9,0,9,161
01/26/2019,GSP,SC,ASO,ES,Combined TRACON& Tower with Radar,47,21,9,3,80,0,1,9,13,23,47,22,18,16,103,0,0,0,103
01/27/2019,GSP,SC,ASO,ES,Combined TRACON& Tower with Radar,61,28,25,4,118,0,0,2,1,3,61,28,27,5,121,0,0,0,121
01/28/2019,GSP,SC,ASO,ES,Combined TRACON& Tower with Radar,75,32,24,1,132,0,3,3,1,7,75,35,27,2,139,0,0,0,139
01/29/2019,GSP,SC,ASO,ES,Combined TRACON& Tower with Radar,67,29,11,5,112,0,2,3,0,5,67,31,14,5,117,0,0,0,117
01/30/2019,GSP,SC,ASO,ES,Combined TRACON& Tower with Radar,75,31,23,2,131,0,5,2,0,7,75,36,25,2,138,0,0,0,138
01/31/2019,GSP,SC,ASO,ES,Combined TRACON& Tower with Radar,74,33,24,2,133,0,1,12,0,13,74,34,36,2,146,0,0,0,146
02/01/2019,GSP,SC,ASO,ES,Combined TRACON& Tower with Radar,76,30,18,2,126,0,1,15,2,18,76,31,33,4,144,8,0,8,152
02/02/2019,GSP,SC,ASO,ES,Combined TRACON& Tower with Radar,45,24,5,0,74,0,0,5,0,5,45,24,10,0,79,0,0,0,79
02/03/2019,GSP,SC,ASO,ES,Combined TRACON& Tower with Radar,54,32,9,3,98,0,1,6,0,7,54,33,15,3,105,0,0,0,105
02/04/2019,GSP,SC,ASO,ES,Combined TRACON& Tower with Radar,77,32,13,2,124,0,0,4,0,4,77,32,17,2,128,0,0,0,128
02/05/2019,GSP,SC,ASO,ES,Combined TRACON& Tower with Radar,68,27,15,7,117,0,1,5,1,7,68,28,20,8,124,0,0,0,124
02/06/2019,GSP,SC,ASO,ES,Combined TRACON& Tower with Radar,72,32,10,4,118,0,3,0,0,3,72,35,10,4,121,0,0,0,121
02/07/2019,GSP,SC,ASO,ES,Combined TRACON& Tower with Radar,74,33,10,13,130,0,2,3,4,9,74,35,13,17,139,0,0,0,139
02/08/2019,GSP,SC,ASO,ES,Combined TRACON& Tower with Radar,79,34,23,0,136,0,1,3,0,4,79,35,26,0,140,0,0,0,140
02/09/2019,GSP,SC,ASO,ES,Combined TRACON& Tower with Radar,50,22,3,2,77,0,0,7,0,7,50,22,10,2,84,0,0,0,84
02/10/2019,GSP,SC,ASO,ES,Combined TRACON& Tower with Radar,61,33,15,5,114,0,0,3,1,4,61,33,18,6,118,0,0,0,118
02/11/2019,GSP,SC,ASO,ES,Combined TRACON& Tower with Radar,74,30,29,0,133,0,0,0,0,0,74,30,29,0,133,0,0,0,133
02/12/2019,GSP,SC,ASO,ES,Combined TRACON& Tower with Radar,67,27,16,0,110,0,0,0,0,0,67,27,16,0,110,0,0,0,110
02/13/2019,GSP,SC,ASO,ES,Combined TRACON& Tower with Radar,72,31,24,2,129,0,7,8,1,16,72,38,32,3,145,0,0,0,145
02/14/2019,GSP,SC,ASO,ES,Combined TRACON& Tower with Radar,79,33,22,12,146,0,1,8,0,9,79,34,30,12,155,1,0,1,156
02/15/2019,GSP,SC,ASO,ES,Combined TRACON& Tower with Radar,80,30,22,0,132,0,2,13,0,15,80,32,35,0,147,0,0,0,147
02/16/2019,GSP,SC,ASO,ES,Combined TRACON& Tower with Radar,53,22,18,0,93,0,0,3,0,3,53,22,21,0,96,0,0,0,96
02/17/2019,GSP,SC,ASO,ES,Combined TRACON& Tower with Radar,55,29,6,0,90,0,0,0,0,0,55,29,6,0,90,0,0,0,90
02/18/2019,GSP,SC,ASO,ES,Combined TRACON& Tower with Radar,81,29,31,0,141,0,1,13,0,14,81,30,44,0,155,0,0,0,155
02/19/2019,GSP,SC,ASO,ES,Combined TRACON& Tower with Radar,78,28,19,6,131,0,0,2,0,2,78,28,21,6,133,0,0,0,133
02/20/2019,GSP,SC,ASO,ES,Combined TRACON& Tower with Radar,75,22,17,17,131,0,0,0,0,0,75,22,17,17,131,0,0,0,131
02/21/2019,GSP,SC,ASO,ES,Combined TRACON& Tower with Radar,81,31,25,0,137,0,0,0,0,0,81,31,25,0,137,0,0,0,137
02/22/2019,GSP,SC,ASO,ES,Combined TRACON& Tower with Radar,81,35,16,0,132,0,0,0,0,0,81,35,16,0,132,0,0,0,132
02/23/2019,GSP,SC,ASO,ES,Combined TRACON& Tower with Radar,53,26,7,0,86,0,0,0,0,0,53,26,7,0,86,0,0,0,86
02/24/2019,GSP,SC,ASO,ES,Combined TRACON& Tower with Radar,68,30,23,0,121,0,0,4,2,6,68,30,27,2,127,0,0,0,127
02/25/2019,GSP,SC,ASO,ES,Combined TRACON& Tower with Radar,81,27,16,1,125,0,1,11,3,15,81,28,27,4,140,10,0,10,150
02/26/2019,GSP,SC,ASO,ES,Combined TRACON& Tower with Radar,78,27,22,1,128,0,3,16,1,20,78,30,38,2,148,0,0,0,148
02/27/2019,GSP,SC,ASO,ES,Combined TRACON& Tower with Radar,81,32,28,14,155,0,1,3,2,6,81,33,31,16,161,0,0,0,161
02/28/2019,GSP,SC,ASO,ES,Combined TRACON& Tower with Radar,76,30,28,0,134,0,0,3,0,3,76,30,31,0,137,0,0,0,137
03/01/2019,GSP,SC,ASO,ES,Combined TRACON& Tower with Radar,86,24,15,0,125,0,0,0,0,0,86,24,15,0,125,0,0,0,125
03/02/2019,GSP,SC,ASO,ES,Combined TRACON& Tower with Radar,56,29,14,2,101,0,0,4,0,4,56,29,18,2,105,0,0,0,105
03/03/2019,GSP,SC,ASO,ES,Combined TRACON& Tower with Radar,64,25,12,0,101,0,0,3,0,3,64,25,15,0,104,0,0,0,104
03/04/2019,GSP,SC,ASO,ES,Combined TRACON& Tower with Radar,85,32,22,13,152,0,4,8,2,14,85,36,30,15,166,3,8,11,177
03/05/2019,GSP,SC,ASO,ES,Combined TRACON& Tower with Radar,77,30,22,2,131,0,4,6,4,14,77,34,28,6,145,12,0,12,157
03/06/2019,GSP,SC,ASO,ES,Combined TRACON& Tower with Radar,84,38,18,2,142,0,3,17,2,22,84,41,35,4,164,0,0,0,164
03/07/2019,GSP,SC,ASO,ES,Combined TRACON& Tower with Radar,81,37,24,8,150,0,1,10,0,11,81,38,34,8,161,4,0,4,165
03/08/2019,GSP,SC,ASO,ES,Combined TRACON& Tower with Radar,80,40,18,1,139,0,0,3,0,3,80,40,21,1,142,0,0,0,142
03/09/2019,GSP,SC,ASO,ES,Combined TRACON& Tower with Radar,52,29,7,1,89,0,0,0,0,0,52,29,7,1,89,0,0,0,89
03/10/2019,GSP,SC,ASO,ES,Combined TRACON& Tower with Radar,63,35,19,0,117,0,0,11,0,11,63,35,30,0,128,0,0,0,128
03/11/2019,GSP,SC,ASO,ES,Combined TRACON& Tower with Radar,75,40,22,6,143,0,6,6,0,12,75,46,28,6,155,0,0,0,155
03/12/2019,GSP,SC,ASO,ES,Combined TRACON& Tower with Radar,79,34,18,25,156,0,0,9,2,11,79,34,27,27,167,0,30,30,197
03/13/2019,GSP,SC,ASO,ES,Combined TRACON& Tower with Radar,78,36,28,1,143,0,0,5,3,8,78,36,33,4,151,0,0,0,151
03/14/2019,GSP,SC,ASO,ES,Combined TRACON& Tower with Radar,74,34,21,43,172,0,4,2,19,25,74,38,23,62,197,2,0,2,199
03/15/2019,GSP,SC,ASO,ES,Combined TRACON& Tower with Radar,78,34,12,0,124,0,0,0,0,0,78,34,12,0,124,0,0,0,124
03/16/2019,GSP,SC,ASO,ES,Combined TRACON& Tower with Radar,49,36,8,0,93,0,0,6,0,6,49,36,14,0,99,0,0,0,99
03/17/2019,GSP,SC,ASO,ES,Combined TRACON& Tower with Radar,66,36,18,2,122,0,0,8,0,8,66,36,26,2,130,0,0,0,130
03/18/2019,GSP,SC,ASO,ES,Combined TRACON& Tower with Radar,74,39,17,17,147,0,2,5,7,14,74,41,22,24,161,0,0,0,161
03/19/2019,GSP,SC,ASO,ES,Combined TRACON& Tower with Radar,73,36,17,3,129,0,0,7,2,9,73,36,24,5,138,0,0,0,138
03/20/2019,GSP,SC,ASO,ES,Combined TRACON& Tower with Radar,73,35,34,23,165,0,2,7,9,18,73,37,41,32,183,0,0,0,183
03/21/2019,GSP,SC,ASO,ES,Combined TRACON& Tower with Radar,70,38,22,18,148,0,3,4,1,8,70,41,26,19,156,0,0,0,156
03/22/2019,GSP,SC,ASO,ES,Combined TRACON& Tower with Radar,79,38,12,12,141,0,2,4,0,6,79,40,16,12,147,0,0,0,147
03/23/2019,GSP,SC,ASO,ES,Combined TRACON& Tower with Radar,50,30,8,2,90,0,4,5,0,9,50,34,13,2,99,0,0,0,99
03/24/2019,GSP,SC,ASO,ES,Combined TRACON& Tower with Radar,65,35,15,7,122,0,2,8,0,10,65,37,23,7,132,0,0,0,132
03/25/2019,GSP,SC,ASO,ES,Combined TRACON& Tower with Radar,74,32,16,0,122,0,2,4,0,6,74,34,20,0,128,0,0,0,128
03/26/2019,GSP,SC,ASO,ES,Combined TRACON& Tower with Radar,76,33,20,12,141,0,4,2,0,6,76,37,22,12,147,0,0,0,147
03/27/2019,GSP,SC,ASO,ES,Combined TRACON& Tower with Radar,79,35,26,9,149,0,0,14,2,16,79,35,40,11,165,0,12,12,177
03/28/2019,GSP,SC,ASO,ES,Combined TRACON& Tower with Radar,74,33,24,1,132,0,0,11,0,11,74,33,35,1,143,0,0,0,143
03/29/2019,GSP,SC,ASO,ES,Combined TRACON& Tower with Radar,78,33,17,7,135,0,2,5,5,12,78,35,22,12,147,0,0,0,147
03/30/2019,GSP,SC,ASO,ES,Combined TRACON& Tower with Radar,51,29,14,3,97,0,0,9,5,14,51,29,23,8,111,0,0,0,111
03/31/2019,GSP,SC,ASO,ES,Combined TRACON& Tower with Radar,69,35,7,6,117,0,1,2,0,3,69,36,9,6,120,0,0,0,120
04/01/2019,GSP,SC,ASO,ES,Combined TRACON& Tower with Radar,73,35,12,19,139,0,2,7,0,9,73,37,19,19,148,3,0,3,151
04/02/2019,GSP,SC,ASO,ES,Combined TRACON& Tower with Radar,79,37,16,10,142,0,0,2,1,3,79,37,18,11,145,0,11,11,156
04/03/2019,GSP,SC,ASO,ES,Combined TRACON& Tower with Radar,78,41,25,0,144,0,1,7,0,8,78,42,32,0,152,0,0,0,152
04/04/2019,GSP,SC,ASO,ES,Combined TRACON& Tower with Radar,72,43,24,0,139,0,0,7,4,11,72,43,31,4,150,0,0,0,150
04/05/2019,GSP,SC,ASO,ES,Combined TRACON& Tower with Radar,82,35,16,0,133,0,0,1,0,1,82,35,17,0,134,0,0,0,134
04/06/2019,GSP,SC,ASO,ES,Combined TRACON& Tower with Radar,51,29,12,0,92,0,0,2,0,2,51,29,14,0,94,0,0,0,94
04/07/2019,GSP,SC,ASO,ES,Combined TRACON& Tower with Radar,62,32,15,0,109,0,3,0,0,3,62,35,15,0,112,0,0,0,112
04/08/2019,GSP,SC,ASO,ES,Combined TRACON& Tower with Radar,81,37,26,0,144,0,0,4,0,4,81,37,30,0,148,0,0,0,148
04/09/2019,GSP,SC,ASO,ES,Combined TRACON& Tower with Radar,81,40,18,0,139,0,1,0,0,1,81,41,18,0,140,0,0,0,140
04/10/2019,GSP,SC,ASO,ES,Combined TRACON& Tower with Radar,76,32,19,2,129,0,4,12,3,19,76,36,31,5,148,0,0,0,148
04/11/2019,GSP,SC,ASO,ES,Combined TRACON& Tower with Radar,79,44,23,10,156,0,2,6,0,8,79,46,29,10,164,7,0,7,171
04/12/2019,GSP,SC,ASO,ES,Combined TRACON& Tower with Radar,86,42,14,0,142,0,2,1,3,6,86,44,15,3,148,0,0,0,148
04/13/2019,GSP,SC,ASO,ES,Combined TRACON& Tower with Radar,45,36,15,0,96,0,2,2,0,4,45,38,17,0,100,0,0,0,100
04/14/2019,GSP,SC,ASO,ES,Combined TRACON& Tower with Radar,61,32,14,0,107,0,0,0,0,0,61,32,14,0,107,0,0,0,107
04/15/2019,GSP,SC,ASO,ES,Combined TRACON& Tower with Radar,80,34,19,14,147,0,3,2,4,9,80,37,21,18,156,0,18,18,174
04/16/2019,GSP,SC,ASO,ES,Combined TRACON& Tower with Radar,76,42,21,2,141,0,0,5,7,12,76,42,26,9,153,0,14,14,167
04/17/2019,GSP,SC,ASO,ES,Combined TRACON& Tower with Radar,77,52,24,2,155,0,5,8,0,13,77,57,32,2,168,0,0,0,168
04/18/2019,GSP,SC,ASO,ES,Combined TRACON& Tower with Radar,80,37,30,0,147,0,2,1,0,3,80,39,31,0,150,0,0,0,150
04/19/2019,GSP,SC,ASO,ES,Combined TRACON& Tower with Radar,68,34,10,0,112,0,0,0,0,0,68,34,10,0,112,0,0,0,112
04/20/2019,GSP,SC,ASO,ES,Combined TRACON& Tower with Radar,51,32,14,0,97,0,0,3,0,3,51,32,17,0,100,0,0,0,100
04/21/2019,GSP,SC,ASO,ES,Combined TRACON& Tower with Radar,64,31,7,0,102,0,1,3,0,4,64,32,10,0,106,0,0,0,106
04/22/2019,GSP,SC,ASO,ES,Combined TRACON& Tower with Radar,76,42,25,0,143,0,1,3,0,4,76,43,28,0,147,0,0,0,147
04/23/2019,GSP,SC,ASO,ES,Combined TRACON& Tower with Radar,75,44,33,0,152,0,2,10,0,12,75,46,43,0,164,0,0,0,164
04/24/2019,GSP,SC,ASO,ES,Combined TRACON& Tower with Radar,77,45,29,2,153,0,2,18,0,20,77,47,47,2,173,0,0,0,173
04/25/2019,GSP,SC,ASO,ES,Combined TRACON& Tower with Radar,75,48,28,5,156,0,1,6,0,7,75,49,34,5,163,0,0,0,163
04/26/2019,GSP,SC,ASO,ES,Combined TRACON& Tower with Radar,93,50,13,0,156,0,1,4,0,5,93,51,17,0,161,0,0,0,161
04/27/2019,GSP,SC,ASO,ES,Combined TRACON& Tower with Radar,50,32,11,4,97,0,1,18,3,22,50,33,29,7,119,0,0,0,119
04/28/2019,GSP,SC,ASO,ES,Combined TRACON& Tower with Radar,66,33,19,0,118,0,4,7,0,11,66,37,26,0,129,0,0,0,129
04/29/2019,GSP,SC,ASO,ES,Combined TRACON& Tower with Radar,83,41,19,1,144,0,4,12,6,22,83,45,31,7,166,0,1,1,167
04/30/2019,GSP,SC,ASO,ES,Combined TRACON& Tower with Radar,73,42,26,7,148,0,1,12,5,18,73,43,38,12,166,0,16,16,182
05/01/2019,GSP,SC,ASO,ES,Combined TRACON& Tower with Radar,76,42,16,25,159,0,1,10,0,11,76,43,26,25,170,0,0,0,170
05/02/2019,GSP,SC,ASO,ES,Combined TRACON& Tower with Radar,73,45,25,0,143,1,3,12,0,16,74,48,37,0,159,0,0,0,159
05/03/2019,GSP,SC,ASO,ES,Combined TRACON& Tower with Radar,90,38,12,4,144,0,0,4,0,4,90,38,16,4,148,0,0,0,148
05/04/2019,GSP,SC,ASO,ES,Combined TRACON& Tower with Radar,52,35,15,16,118,0,0,2,2,4,52,35,17,18,122,0,0,0,122
05/05/2019,GSP,SC,ASO,ES,Combined TRACON& Tower with Radar,79,32,28,2,141,0,0,3,0,3,79,32,31,2,144,0,0,0,144
05/06/2019,GSP,SC,ASO,ES,Combined TRACON& Tower with Radar,93,41,17,11,162,0,1,12,0,13,93,42,29,11,175,6,0,6,181
05/07/2019,GSP,SC,ASO,ES,Combined TRACON& Tower with Radar,87,33,32,20,172,1,2,9,2,14,88,35,41,22,186,0,0,0,186
05/08/2019,GSP,SC,ASO,ES,Combined TRACON& Tower with Radar,83,39,26,0,148,0,0,8,2,10,83,39,34,2,158,0,0,0,158
05/09/2019,GSP,SC,ASO,ES,Combined TRACON& Tower with Radar,85,34,29,12,160,0,3,8,0,11,85,37,37,12,171,0,0,0,171
05/10/2019,GSP,SC,ASO,ES,Combined TRACON& Tower with Radar,100,37,29,1,167,0,1,2,0,3,100,38,31,1,170,0,0,0,170
05/11/2019,GSP,SC,ASO,ES,Combined TRACON& Tower with Radar,48,31,15,0,94,0,0,1,0,1,48,31,16,0,95,0,0,0,95
05/12/2019,GSP,SC,ASO,ES,Combined TRACON& Tower with Radar,73,28,16,2,119,0,7,4,2,13,73,35,20,4,132,0,0,0,132
05/13/2019,GSP,SC,ASO,ES,Combined TRACON& Tower with Radar,90,41,20,4,155,0,2,10,0,12,90,43,30,4,167,0,0,0,167
05/14/2019,GSP,SC,ASO,ES,Combined TRACON& Tower with Radar,84,39,28,0,151,0,7,15,1,23,84,46,43,1,174,0,0,0,174
05/15/2019,GSP,SC,ASO,ES,Combined TRACON& Tower with Radar,88,37,39,2,166,0,1,10,6,17,88,38,49,8,183,0,0,0,183
05/16/2019,GSP,SC,ASO,ES,Combined TRACON& Tower with Radar,84,36,22,15,157,0,4,12,0,16,84,40,34,15,173,0,0,0,173
05/17/2019,GSP,SC,ASO,ES,Combined TRACON& Tower with Radar,92,30,19,2,143,0,5,10,0,15,92,35,29,2,158,0,0,0,158
05/18/2019,GSP,SC,ASO,ES,Combined TRACON& Tower with Radar,55,29,5,0,89,0,2,5,0,7,55,31,10,0,96,0,0,0,96
05/19/2019,GSP,SC,ASO,ES,Combined TRACON& Tower with Radar,75,39,20,16,150,0,0,11,2,13,75,39,31,18,163,0,0,0,163
05/20/2019,GSP,SC,ASO,ES,Combined TRACON& Tower with Radar,89,37,32,1,159,0,2,13,0,15,89,39,45,1,174,11,0,11,185
05/21/2019,GSP,SC,ASO,ES,Combined TRACON& Tower with Radar,83,37,26,2,148,0,2,21,0,23,83,39,47,2,171,0,0,0,171
05/22/2019,GSP,SC,ASO,ES,Combined TRACON& Tower with Radar,89,38,35,4,166,0,0,4,2,6,89,38,39,6,172,0,0,0,172
05/23/2019,GSP,SC,ASO,ES,Combined TRACON& Tower with Radar,84,40,17,2,143,0,2,4,0,6,84,42,21,2,149,0,0,0,149
05/24/2019,GSP,SC,ASO,ES,Combined TRACON& Tower with Radar,92,34,25,5,156,0,1,17,0,18,92,35,42,5,174,0,0,0,174
05/25/2019,GSP,SC,ASO,ES,Combined TRACON& Tower with Radar,52,24,8,0,84,0,7,6,0,13,52,31,14,0,97,0,0,0,97
05/26/2019,GSP,SC,ASO,ES,Combined TRACON& Tower with Radar,55,29,5,0,89,0,2,4,0,6,55,31,9,0,95,0,0,0,95
05/27/2019,GSP,SC,ASO,ES,Combined TRACON& Tower with Radar,78,34,2,0,114,0,9,6,0,15,78,43,8,0,129,0,0,0,129
05/28/2019,GSP,SC,ASO,ES,Combined TRACON& Tower with Radar,77,35,13,0,125,0,2,9,0,11,77,37,22,0,136,0,0,0,136
05/29/2019,GSP,SC,ASO,ES,Combined TRACON& Tower with Radar,85,34,29,10,158,0,2,4,0,6,85,36,33,10,164,8,0,8,172
05/30/2019,GSP,SC,ASO,ES,Combined TRACON& Tower with Radar,79,29,32,6,146,0,5,8,3,16,79,34,40,9,162,0,0,0,162
05/31/2019,GSP,SC,ASO,ES,Combined TRACON& Tower with Radar,96,31,24,0,151,0,0,15,0,15,96,31,39,0,166,0,0,0,166
06/01/2019,GSP,SC,ASO,ES,Combined TRACON& Tower with Radar,56,30,13,0,99,0,2,10,0,12,56,32,23,0,111,2,0,2,113
06/02/2019,GSP,SC,ASO,ES,Combined TRACON& Tower with Radar,70,23,20,0,113,1,0,3,0,4,71,23,23,0,117,0,0,0,117
06/03/2019,GSP,SC,ASO,ES,Combined TRACON& Tower with Radar,92,36,21,18,167,0,0,12,0,12,92,36,33,18,179,0,0,0,179
06/04/2019,GSP,SC,ASO,ES,Combined TRACON& Tower with Radar,80,33,17,22,152,0,10,7,0,17,80,43,24,22,169,6,0,6,175
06/05/2019,GSP,SC,ASO,ES,Combined TRACON& Tower with Radar,86,36,20,9,151,0,1,1,4,6,86,37,21,13,157,0,13,13,170
06/06/2019,GSP,SC,ASO,ES,Combined TRACON& Tower with Radar,88,30,28,0,146,0,1,4,0,5,88,31,32,0,151,0,0,0,151
06/07/2019,GSP,SC,ASO,ES,Combined TRACON& Tower with Radar,93,32,14,0,139,0,0,0,0,0,93,32,14,0,139,0,0,0,139
06/08/2019,GSP,SC,ASO,ES,Combined TRACON& Tower with Radar,57,22,4,0,83,0,0,1,0,1,57,22,5,0,84,0,0,0,84
06/09/2019,GSP,SC,ASO,ES,Combined TRACON& Tower with Radar,79,26,13,0,118,0,0,0,0,0,79,26,13,0,118,0,0,0,118
06/10/2019,GSP,SC,ASO,ES,Combined TRACON& Tower with Radar,95,36,19,6,156,0,0,1,0,1,95,36,20,6,157,0,0,0,157
06/11/2019,GSP,SC,ASO,ES,Combined TRACON& Tower with Radar,87,34,18,2,141,0,3,10,0,13,87,37,28,2,154,0,0,0,154
06/12/2019,GSP,SC,ASO,ES,Combined TRACON& Tower with Radar,100,31,32,0,163,0,4,4,2,10,100,35,36,2,173,0,0,0,173
06/13/2019,GSP,SC,ASO,ES,Combined TRACON& Tower with Radar,91,29,23,4,147,0,1,12,0,13,91,30,35,4,160,0,0,0,160
06/14/2019,GSP,SC,ASO,ES,Combined TRACON& Tower with Radar,93,33,13,3,142,0,9,9,1,19,93,42,22,4,161,0,0,0,161
06/15/2019,GSP,SC,ASO,ES,Combined TRACON& Tower with Radar,59,25,11,0,95,0,2,5,0,7,59,27,16,0,102,0,0,0,102
06/16/2019,GSP,SC,ASO,ES,Combined TRACON& Tower with Radar,74,24,14,2,114,0,0,6,0,6,74,24,20,2,120,0,0,0,120
06/17/2019,GSP,SC,ASO,ES,Combined TRACON& Tower with Radar,98,29,28,0,155,0,0,5,0,5,98,29,33,0,160,0,0,0,160
06/18/2019,GSP,SC,ASO,ES,Combined TRACON& Tower with Radar,87,31,15,0,133,0,2,3,0,5,87,33,18,0,138,0,0,0,138
06/19/2019,GSP,SC,ASO,ES,Combined TRACON& Tower with Radar,89,45,18,10,162,0,1,0,0,1,89,46,18,10,163,0,0,0,163
06/20/2019,GSP,SC,ASO,ES,Combined TRACON& Tower with Radar,94,32,29,1,156,0,1,3,2,6,94,33,32,3,162,0,0,0,162
06/21/2019,GSP,SC,ASO,ES,Combined TRACON& Tower with Radar,93,32,18,6,149,0,2,16,0,18,93,34,34,6,167,0,8,8,175
06/22/2019,GSP,SC,ASO,ES,Combined TRACON& Tower with Radar,75,24,16,0,115,0,2,4,0,6,75,26,20,0,121,0,0,0,121
06/23/2019,GSP,SC,ASO,ES,Combined TRACON& Tower with Radar,82,29,10,14,135,0,1,3,0,4,82,30,13,14,139,0,22,22,161
06/24/2019,GSP,SC,ASO,ES,Combined TRACON& Tower with Radar,89,27,19,11,146,0,3,7,4,14,89,30,26,15,160,0,23,23,183
06/25/2019,GSP,SC,ASO,ES,Combined TRACON& Tower with Radar,91,44,27,17,179,0,24,12,2,38,91,68,39,19,217,20,13,33,250
06/26/2019,GSP,SC,ASO,ES,Combined TRACON& Tower with Radar,103,39,24,23,189,0,6,4,0,10,103,45,28,23,199,0,0,0,199
06/27/2019,GSP,SC,ASO,ES,Combined TRACON& Tower with Radar,99,38,26,30,193,0,3,7,0,10,99,41,33,30,203,0,0,0,203
06/28/2019,GSP,SC,ASO,ES,Combined TRACON& Tower with Radar,93,38,30,12,173,1,5,18,0,24,94,43,48,12,197,26,0,26,223
06/29/2019,GSP,SC,ASO,ES,Combined TRACON& Tower with Radar,57,21,13,13,104,0,0,20,3,23,57,21,33,16,127,0,32,32,159
06/30/2019,GSP,SC,ASO,ES,Combined TRACON& Tower with Radar,75,30,24,12,141,0,0,11,0,11,75,30,35,12,152,0,0,0,152
07/01/2019,GSP,SC,ASO,ES,Combined TRACON& Tower with Radar,83,27,17,18,145,0,2,7,0,9,83,29,24,18,154,24,0,24,178
07/02/2019,GSP,SC,ASO,ES,Combined TRACON& Tower with Radar,76,32,17,21,146,0,1,10,1,12,76,33,27,22,158,0,20,20,178
07/03/2019,GSP,SC,ASO,ES,Combined TRACON& Tower with Radar,76,28,14,5,123,0,5,1,0,6,76,33,15,5,129,0,0,0,129
07/04/2019,GSP,SC,ASO,ES,Combined TRACON& Tower with Radar,52,24,6,0,82,0,3,1,0,4,52,27,7,0,86,0,0,0,86
07/05/2019,GSP,SC,ASO,ES,Combined TRACON& Tower with Radar,66,27,12,0,105,0,0,2,0,2,66,27,14,0,107,0,0,0,107
07/06/2019,GSP,SC,ASO,ES,Combined TRACON& Tower with Radar,59,28,9,0,96,0,4,1,0,5,59,32,10,0,101,0,0,0,101
07/07/2019,GSP,SC,ASO,ES,Combined TRACON& Tower with Radar,82,32,19,3,136,0,0,6,1,7,82,32,25,4,143,0,0,0,143
07/08/2019,GSP,SC,ASO,ES,Combined TRACON& Tower with Radar,91,30,28,18,167,0,4,10,1,15,91,34,38,19,182,0,0,0,182
07/09/2019,GSP,SC,ASO,ES,Combined TRACON& Tower with Radar,86,34,17,3,140,1,2,4,1,8,87,36,21,4,148,0,0,0,148
07/10/2019,GSP,SC,ASO,ES,Combined TRACON& Tower with Radar,90,32,22,12,156,0,1,2,4,7,90,33,24,16,163,0,0,0,163
07/11/2019,GSP,SC,ASO,ES,Combined TRACON& Tower with Radar,85,27,20,11,143,0,0,2,1,3,85,27,22,12,146,0,0,0,146
07/12/2019,GSP,SC,ASO,ES,Combined TRACON& Tower with Radar,91,26,24,14,155,0,1,2,2,5,91,27,26,16,160,0,0,0,160
07/13/2019,GSP,SC,ASO,ES,Combined TRACON& Tower with Radar,63,27,3,3,96,0,0,0,0,0,63,27,3,3,96,0,10,10,106
07/14/2019,GSP,SC,ASO,ES,Combined TRACON& Tower with Radar,79,35,11,18,143,0,0,6,0,6,79,35,17,18,149,0,0,0,149
07/15/2019,GSP,SC,ASO,ES,Combined TRACON& Tower with Radar,95,32,14,40,181,0,4,5,1,10,95,36,19,41,191,59,14,73,264
07/16/2019,GSP,SC,ASO,ES,Combined TRACON& Tower with Radar,87,32,32,40,191,0,3,13,7,23,87,35,45,47,214,4,24,28,242
07/17/2019,GSP,SC,ASO,ES,Combined TRACON& Tower with Radar,89,33,13,20,155,0,20,11,0,31,89,53,24,20,186,0,0,0,186
07/18/2019,GSP,SC,ASO,ES,Combined TRACON& Tower with Radar,83,31,16,17,147,0,7,8,0,15,83,38,24,17,162,0,0,0,162
07/19/2019,GSP,SC,ASO,ES,Combined TRACON& Tower with Radar,98,24,24,0,146,0,2,18,0,20,98,26,42,0,166,0,0,0,166
07/20/2019,GSP,SC,ASO,ES,Combined TRACON& Tower with Radar,59,32,7,10,108,0,3,5,0,8,59,35,12,10,116,0,0,0,116
07/21/2019,GSP,SC,ASO,ES,Combined TRACON& Tower with Radar,75,21,12,7,115,0,0,13,0,13,75,21,25,7,128,0,16,16,144
07/22/2019,GSP,SC,ASO,ES,Combined TRACON& Tower with Radar,88,29,30,17,164,0,0,4,1,5,88,29,34,18,169,0,0,0,169
07/23/2019,GSP,SC,ASO,ES,Combined TRACON& Tower with Radar,87,37,24,0,148,0,2,4,0,6,87,39,28,0,154,0,0,0,154
07/24/2019,GSP,SC,ASO,ES,Combined TRACON& Tower with Radar,93,28,18,29,168,0,2,12,4,18,93,30,30,33,186,0,42,42,228
07/25/2019,GSP,SC,ASO,ES,Combined TRACON& Tower with Radar,86,35,23,10,154,0,5,12,0,17,86,40,35,10,171,18,0,18,189
07/26/2019,GSP,SC,ASO,ES,Combined TRACON& Tower with Radar,102,26,27,23,178,0,0,2,1,3,102,26,29,24,181,0,0,0,181
07/27/2019,GSP,SC,ASO,ES,Combined TRACON& Tower with Radar,59,27,5,13,104,0,0,9,0,9,59,27,14,13,113,0,0,0,113
07/28/2019,GSP,SC,ASO,ES,Combined TRACON& Tower with Radar,81,27,7,0,115,0,0,3,0,3,81,27,10,0,118,0,0,0,118
07/29/2019,GSP,SC,ASO,ES,Combined TRACON& Tower with Radar,92,25,17,3,137,0,2,8,1,11,92,27,25,4,148,0,0,0,148
07/30/2019,GSP,SC,ASO,ES,Combined TRACON& Tower with Radar,85,34,24,8,151,0,2,7,0,9,85,36,31,8,160,0,0,0,160
07/31/2019,GSP,SC,ASO,ES,Combined TRACON& Tower with Radar,91,35,34,0,160,0,4,14,0,18,91,39,48,0,178,0,0,0,178
08/01/2019,GSP,SC,ASO,ES,Combined TRACON& Tower with Radar,84,30,16,11,141,0,3,1,0,4,84,33,17,11,145,0,6,6,151
08/02/2019,GSP,SC,ASO,ES,Combined TRACON& Tower with Radar,87,26,13,0,126,0,0,4,0,4,87,26,17,0,130,0,0,0,130
08/03/2019,GSP,SC,ASO,ES,Combined TRACON& Tower with Radar,61,29,1,0,91,0,3,3,0,6,61,32,4,0,97,0,0,0,97
08/04/2019,GSP,SC,ASO,ES,Combined TRACON& Tower with Radar,87,26,19,0,132,0,1,4,0,5,87,27,23,0,137,0,0,0,137
08/05/2019,GSP,SC,ASO,ES,Combined TRACON& Tower with Radar,90,32,20,12,154,0,7,15,2,24,90,39,35,14,178,0,0,0,178
08/06/2019,GSP,SC,ASO,ES,Combined TRACON& Tower with Radar,87,28,19,17,151,0,0,6,4,10,87,28,25,21,161,0,6,6,167
08/07/2019,GSP,SC,ASO,ES,Combined TRACON& Tower with Radar,89,33,23,4,149,0,0,12,0,12,89,33,35,4,161,6,0,6,167
08/08/2019,GSP,SC,ASO,ES,Combined TRACON& Tower with Radar,88,37,24,0,149,0,2,25,0,27,88,39,49,0,176,0,0,0,176
08/09/2019,GSP,SC,ASO,ES,Combined TRACON& Tower with Radar,93,28,18,26,165,0,1,9,0,10,93,29,27,26,175,10,0,10,185
08/10/2019,GSP,SC,ASO,ES,Combined TRACON& Tower with Radar,66,29,9,0,104,0,1,8,2,11,66,30,17,2,115,0,0,0,115
08/11/2019,GSP,SC,ASO,ES,Combined TRACON& Tower with Radar,83,29,3,0,115,0,0,5,0,5,83,29,8,0,120,0,0,0,120
08/12/2019,GSP,SC,ASO,ES,Combined TRACON& Tower with Radar,92,33,22,10,157,0,2,6,0,8,92,35,28,10,165,0,14,14,179
08/13/2019,GSP,SC,ASO,ES,Combined TRACON& Tower with Radar,85,25,16,8,134,0,2,9,0,11,85,27,25,8,145,0,14,14,159
08/14/2019,GSP,SC,ASO,ES,Combined TRACON& Tower with Radar,88,30,21,2,141,0,7,10,1,18,88,37,31,3,159,0,0,0,159
08/15/2019,GSP,SC,ASO,ES,Combined TRACON& Tower with Radar,92,27,25,2,146,0,2,6,2,10,92,29,31,4,156,0,0,0,156
08/16/2019,GSP,SC,ASO,ES,Combined TRACON& Tower with Radar,89,33,19,9,150,0,4,15,1,20,89,37,34,10,170,0,0,0,170
08/17/2019,GSP,SC,ASO,ES,Combined TRACON& Tower with Radar,62,24,9,12,107,0,0,7,0,7,62,24,16,12,114,0,12,12,126
08/18/2019,GSP,SC,ASO,ES,Combined TRACON& Tower with Radar,70,30,16,24,140,0,8,10,10,28,70,38,26,34,168,0,20,20,188
08/19/2019,GSP,SC,ASO,ES,Combined TRACON& Tower with Radar,90,31,23,19,163,0,0,6,7,13,90,31,29,26,176,0,0,0,176
08/20/2019,GSP,SC,ASO,ES,Combined TRACON& Tower with Radar,72,29,16,13,130,0,0,3,3,6,72,29,19,16,136,10,18,28,164
08/21/2019,GSP,SC,ASO,ES,Combined TRACON& Tower with Radar,77,37,15,17,146,0,4,6,1,11,77,41,21,18,157,0,6,6,163
08/22/2019,GSP,SC,ASO,ES,Combined TRACON& Tower with Radar,86,47,18,2,153,0,0,6,2,8,86,47,24,4,161,0,0,0,161
08/23/2019,GSP,SC,ASO,ES,Combined TRACON& Tower with Radar,89,34,29,6,158,0,1,12,5,18,89,35,41,11,176,8,11,19,195
08/24/2019,GSP,SC,ASO,ES,Combined TRACON& Tower with Radar,59,23,12,13,107,0,0,2,0,2,59,23,14,13,109,0,0,0,109
08/25/2019,GSP,SC,ASO,ES,Combined TRACON& Tower with Radar,74,31,16,11,132,0,4,6,0,10,74,35,22,11,142,0,8,8,150
08/26/2019,GSP,SC,ASO,ES,Combined TRACON& Tower with Radar,86,35,31,25,177,0,4,11,1,16,86,39,42,26,193,4,0,4,197
08/27/2019,GSP,SC,ASO,ES,Combined TRACON& Tower with Radar,76,38,21,0,135,0,0,0,0,0,76,38,21,0,135,0,0,0,135
08/28/2019,GSP,SC,ASO,ES,Combined TRACON& Tower with Radar,83,38,28,10,159,0,2,7,1,10,83,40,35,11,169,3,4,7,176
08/29/2019,GSP,SC,ASO,ES,Combined TRACON& Tower with Radar,85,59,39,7,190,0,0,18,2,20,85,59,57,9,210,14,0,14,224
08/30/2019,GSP,SC,ASO,ES,Combined TRACON& Tower with Radar,89,36,15,0,140,0,3,19,0,22,89,39,34,0,162,0,0,0,162
08/31/2019,GSP,SC,ASO,ES,Combined TRACON& Tower with Radar,57,25,11,0,93,0,3,13,2,18,57,28,24,2,111,0,0,0,111
09/01/2019,GSP,SC,ASO,ES,Combined TRACON& Tower with Radar,55,32,4,0,91,0,0,3,0,3,55,32,7,0,94,0,0,0,94
09/02/2019,GSP,SC,ASO,ES,Combined TRACON& Tower with Radar,72,32,8,0,112,0,3,2,0,5,72,35,10,0,117,0,0,0,117
09/03/2019,GSP,SC,ASO,ES,Combined TRACON& Tower with Radar,78,33,21,2,134,0,1,12,3,16,78,34,33,5,150,0,0,0,150
09/04/2019,GSP,SC,ASO,ES,Combined TRACON& Tower with Radar,82,33,18,0,133,0,0,5,4,9,82,33,23,4,142,0,0,0,142
09/05/2019,GSP,SC,ASO,ES,Combined TRACON& Tower with Radar,89,28,19,2,138,0,5,11,0,16,89,33,30,2,154,0,0,0,154
09/06/2019,GSP,SC,ASO,ES,Combined TRACON& Tower with Radar,101,28,31,2,162,0,1,23,0,24,101,29,54,2,186,0,0,0,186
09/07/2019,GSP,SC,ASO,ES,Combined TRACON& Tower with Radar,69,27,14,6,116,0,6,11,0,17,69,33,25,6,133,0,0,0,133
09/08/2019,GSP,SC,ASO,ES,Combined TRACON& Tower with Radar,82,30,16,0,128,0,2,3,0,5,82,32,19,0,133,0,0,0,133
09/09/2019,GSP,SC,ASO,ES,Combined TRACON& Tower with Radar,94,32,21,0,147,0,1,8,2,11,94,33,29,2,158,4,0,4,162
09/10/2019,GSP,SC,ASO,ES,Combined TRACON& Tower with Radar,96,34,12,18,160,0,0,5,2,7,96,34,17,20,167,0,12,12,179
09/11/2019,GSP,SC,ASO,ES,Combined TRACON& Tower with Radar,84,32,32,17,165,0,2,18,13,33,84,34,50,30,198,0,16,16,214
09/12/2019,GSP,SC,ASO,ES,Combined TRACON& Tower with Radar,90,33,16,1,140,0,4,13,1,18,90,37,29,2,158,14,0,14,172
09/13/2019,GSP,SC,ASO,ES,Combined TRACON& Tower with Radar,92,36,17,4,149,0,1,3,0,4,92,37,20,4,153,0,0,0,153
09/14/2019,GSP,SC,ASO,ES,Combined TRACON& Tower with Radar,63,21,13,1,98,0,2,3,0,5,63,23,16,1,103,0,0,0,103
09/15/2019,GSP,SC,ASO,ES,Combined TRACON& Tower with Radar,80,30,9,1,120,0,1,6,5,12,80,31,15,6,132,4,8,12,144
09/16/2019,GSP,SC,ASO,ES,Combined TRACON& Tower with Radar,92,33,20,13,158,0,7,5,0,12,92,40,25,13,170,0,4,4,174
09/17/2019,GSP,SC,ASO,ES,Combined TRACON& Tower with Radar,89,30,22,0,141,0,3,3,0,6,89,33,25,0,147,4,0,4,151
09/18/2019,GSP,SC,ASO,ES,Combined TRACON& Tower with Radar,84,39,20,31,174,0,1,1,0,2,84,40,21,31,176,0,0,0,176
09/19/2019,GSP,SC,ASO,ES,Combined TRACON& Tower with Radar,86,41,20,19,166,0,2,7,1,10,86,43,27,20,176,0,6,6,182
09/20/2019,GSP,SC,ASO,ES,Combined TRACON& Tower with Radar,89,35,23,10,157,0,0,9,0,9,89,35,32,10,166,0,2,2,168
09/21/2019,GSP,SC,ASO,ES,Combined TRACON& Tower with Radar,62,19,22,0,103,0,1,8,0,9,62,20,30,0,112,36,0,36,148
09/22/2019,GSP,SC,ASO,ES,Combined TRACON& Tower with Radar,81,29,13,4,127,0,0,4,0,4,81,29,17,4,131,0,0,0,131
09/23/2019,GSP,SC,ASO,ES,Combined TRACON& Tower with Radar,93,31,12,11,147,0,5,5,1,11,93,36,17,12,158,0,16,16,174
09/24/2019,GSP,SC,ASO,ES,Combined TRACON& Tower with Radar,83,32,19,2,136,0,2,11,0,13,83,34,30,2,149,16,0,16,165
09/25/2019,GSP,SC,ASO,ES,Combined TRACON& Tower with Radar,85,28,22,2,137,0,1,13,2,16,85,29,35,4,153,0,0,0,153
09/26/2019,GSP,SC,ASO,ES,Combined TRACON& Tower with Radar,88,32,36,3,159,0,5,6,2,13,88,37,42,5,172,0,0,0,172
09/27/2019,GSP,SC,ASO,ES,Combined TRACON& Tower with Radar,101,34,19,0,154,0,1,4,0,5,101,35,23,0,159,0,0,0,159
09/28/2019,GSP,SC,ASO,ES,Combined TRACON& Tower with Radar,71,28,10,0,109,0,0,6,0,6,71,28,16,0,115,0,0,0,115
09/29/2019,GSP,SC,ASO,ES,Combined TRACON& Tower with Radar,78,25,9,0,112,0,3,6,0,9,78,28,15,0,121,0,0,0,121
09/30/2019,GSP,SC,ASO,ES,Combined TRACON& Tower with Radar,92,32,27,0,151,0,1,3,0,4,92,33,30,0,155,0,0,0,155
10/01/2019,GSP,SC,ASO,ES,Combined TRACON& Tower with Radar,86,26,20,8,140,0,1,11,1,13,86,27,31,9,153,8,0,8,161
10/02/2019,GSP,SC,ASO,ES,Combined TRACON& Tower with Radar,87,31,21,1,140,0,0,4,1,5,87,31,25,2,145,0,0,0,145
10/03/2019,GSP,SC,ASO,ES,Combined TRACON& Tower with Radar,80,35,22,1,138,0,1,5,1,7,80,36,27,2,145,12,0,12,157
10/04/2019,GSP,SC,ASO,ES,Combined TRACON& Tower with Radar,88,42,28,0,158,0,4,16,0,20,88,46,44,0,178,0,0,0,178
10/05/2019,GSP,SC,ASO,ES,Combined TRACON& Tower with Radar,61,19,9,0,89,0,0,3,0,3,61,19,12,0,92,0,0,0,92
10/06/2019,GSP,SC,ASO,ES,Combined TRACON& Tower with Radar,81,28,19,0,128,0,2,7,0,9,81,30,26,0,137,0,0,0,137
10/07/2019,GSP,SC,ASO,ES,Combined TRACON& Tower with Radar,94,39,20,12,165,0,4,3,0,7,94,43,23,12,172,0,0,0,172
10/08/2019,GSP,SC,ASO,ES,Combined TRACON& Tower with Radar,83,35,22,16,156,0,0,4,0,4,83,35,26,16,160,0,0,0,160
10/09/2019,GSP,SC,ASO,ES,Combined TRACON& Tower with Radar,88,34,19,12,153,0,2,4,0,6,88,36,23,12,159,0,0,0,159
10/10/2019,GSP,SC,ASO,ES,Combined TRACON& Tower with Radar,85,30,25,1,141,0,6,4,7,17,85,36,29,8,158,0,8,8,166
10/11/2019,GSP,SC,ASO,ES,Combined TRACON& Tower with Radar,95,38,35,0,168,0,4,6,0,10,95,42,41,0,178,0,0,0,178
10/12/2019,GSP,SC,ASO,ES,Combined TRACON& Tower with Radar,68,23,13,0,104,0,0,16,1,17,68,23,29,1,121,0,0,0,121
10/13/2019,GSP,SC,ASO,ES,Combined TRACON& Tower with Radar,83,33,12,1,129,0,0,0,0,0,83,33,12,1,129,0,0,0,129
10/14/2019,GSP,SC,ASO,ES,Combined TRACON& Tower with Radar,90,38,21,0,149,0,3,2,0,5,90,41,23,0,154,0,0,0,154
10/15/2019,GSP,SC,ASO,ES,Combined TRACON& Tower with Radar,86,38,23,2,149,0,2,5,0,7,86,40,28,2,156,0,0,0,156
10/16/2019,GSP,SC,ASO,ES,Combined TRACON& Tower with Radar,90,35,16,16,157,0,5,5,0,10,90,40,21,16,167,0,0,0,167
10/17/2019,GSP,SC,ASO,ES,Combined TRACON& Tower with Radar,85,33,25,11,154,0,0,13,21,34,85,33,38,32,188,0,0,0,188
10/18/2019,GSP,SC,ASO,ES,Combined TRACON& Tower with Radar,94,32,19,16,161,0,4,25,3,32,94,36,44,19,193,10,5,15,208
10/19/2019,GSP,SC,ASO,ES,Combined TRACON& Tower with Radar,65,27,7,0,99,0,0,3,0,3,65,27,10,0,102,0,0,0,102
10/20/2019,GSP,SC,ASO,ES,Combined TRACON& Tower with Radar,81,25,14,4,124,0,2,9,0,11,81,27,23,4,135,0,0,0,135
10/21/2019,GSP,SC,ASO,ES,Combined TRACON& Tower with Radar,92,34,24,18,168,0,0,0,0,0,92,34,24,18,168,0,0,0,168
10/22/2019,GSP,SC,ASO,ES,Combined TRACON& Tower with Radar,83,34,13,2,132,0,0,1,0,1,83,34,14,2,133,0,0,0,133
10/23/2019,GSP,SC,ASO,ES,Combined TRACON& Tower with Radar,88,28,24,2,142,0,3,7,0,10,88,31,31,2,152,0,0,0,152
10/24/2019,GSP,SC,ASO,ES,Combined TRACON& Tower with Radar,85,37,20,1,143,0,1,7,1,9,85,38,27,2,152,16,0,16,168
10/25/2019,GSP,SC,ASO,ES,Combined TRACON& Tower with Radar,94,45,22,2,163,0,3,5,0,8,94,48,27,2,171,0,0,0,171
10/26/2019,GSP,SC,ASO,ES,Combined TRACON& Tower with Radar,64,30,9,0,103,0,4,0,0,4,64,34,9,0,107,0,0,0,107
10/27/2019,GSP,SC,ASO,ES,Combined TRACON& Tower with Radar,73,45,13,8,139,0,0,5,0,5,73,45,18,8,144,0,0,0,144
10/28/2019,GSP,SC,ASO,ES,Combined TRACON& Tower with Radar,92,36,32,16,176,0,2,14,2,18,92,38,46,18,194,10,0,10,204
10/29/2019,GSP,SC,ASO,ES,Combined TRACON& Tower with Radar,81,40,20,2,143,0,0,1,0,1,81,40,21,2,144,0,0,0,144
10/30/2019,GSP,SC,ASO,ES,Combined TRACON& Tower with Radar,88,44,20,0,152,0,0,0,0,0,88,44,20,0,152,0,0,0,152
10/31/2019,GSP,SC,ASO,ES,Combined TRACON& Tower with Radar,72,39,12,11,134,0,2,1,5,8,72,41,13,16,142,0,6,6,148
11/01/2019,GSP,SC,ASO,ES,Combined TRACON& Tower with Radar,85,44,13,10,152,0,2,5,1,8,85,46,18,11,160,0,0,0,160
11/02/2019,GSP,SC,ASO,ES,Combined TRACON& Tower with Radar,61,30,3,3,97,0,4,5,0,9,61,34,8,3,106,0,0,0,106
11/03/2019,GSP,SC,ASO,ES,Combined TRACON& Tower with Radar,82,36,12,0,130,0,1,5,0,6,82,37,17,0,136,0,0,0,136
11/04/2019,GSP,SC,ASO,ES,Combined TRACON& Tower with Radar,95,32,38,2,167,0,0,12,0,12,95,32,50,2,179,0,0,0,179
11/05/2019,GSP,SC,ASO,ES,Combined TRACON& Tower with Radar,80,32,17,0,129,0,0,8,0,8,80,32,25,0,137,0,0,0,137
11/06/2019,GSP,SC,ASO,ES,Combined TRACON& Tower with Radar,82,55,21,8,166,0,3,16,0,19,82,58,37,8,185,0,0,0,185
11/07/2019,GSP,SC,ASO,ES,Combined TRACON& Tower with Radar,89,39,14,0,142,0,2,4,1,7,89,41,18,1,149,0,0,0,149
11/08/2019,GSP,SC,ASO,ES,Combined TRACON& Tower with Radar,96,34,13,0,143,0,4,9,0,13,96,38,22,0,156,0,0,0,156
11/09/2019,GSP,SC,ASO,ES,Combined TRACON& Tower with Radar,61,21,10,0,92,0,0,9,0,9,61,21,19,0,101,0,0,0,101
11/10/2019,GSP,SC,ASO,ES,Combined TRACON& Tower with Radar,81,33,14,7,135,0,2,11,0,13,81,35,25,7,148,0,0,0,148
11/11/2019,GSP,SC,ASO,ES,Combined TRACON& Tower with Radar,92,30,11,0,133,0,5,9,0,14,92,35,20,0,147,20,0,20,167
11/12/2019,GSP,SC,ASO,ES,Combined TRACON& Tower with Radar,81,29,26,0,136,0,0,0,0,0,81,29,26,0,136,0,0,0,136
11/13/2019,GSP,SC,ASO,ES,Combined TRACON& Tower with Radar,87,26,33,10,156,1,1,14,1,17,88,27,47,11,173,8,4,12,185
11/14/2019,GSP,SC,ASO,ES,Combined TRACON& Tower with Radar,97,43,27,8,175,0,0,8,0,8,97,43,35,8,183,0,0,0,183
11/15/2019,GSP,SC,ASO,ES,Combined TRACON& Tower with Radar,90,35,16,16,157,0,1,3,10,14,90,36,19,26,171,0,15,15,186
11/16/2019,GSP,SC,ASO,ES,Combined TRACON& Tower with Radar,64,21,6,2,93,0,0,3,3,6,64,21,9,5,99,0,0,0,99
11/17/2019,GSP,SC,ASO,ES,Combined TRACON& Tower with Radar,84,24,14,2,124,0,1,7,2,10,84,25,21,4,134,0,0,0,134
11/18/2019,GSP,SC,ASO,ES,Combined TRACON& Tower with Radar,86,25,16,22,149,0,0,1,0,1,86,25,17,22,150,0,0,0,150
11/19/2019,GSP,SC,ASO,ES,Combined TRACON& Tower with Radar,92,30,26,12,160,0,0,4,0,4,92,30,30,12,164,20,0,20,184
11/20/2019,GSP,SC,ASO,ES,Combined TRACON& Tower with Radar,87,21,15,10,133,0,0,16,2,18,87,21,31,12,151,21,12,33,184
11/21/2019,GSP,SC,ASO,ES,Combined TRACON& Tower with Radar,91,34,24,52,201,0,0,10,5,15,91,34,34,57,216,0,4,4,220
11/22/2019,GSP,SC,ASO,ES,Combined TRACON& Tower with Radar,89,37,26,7,159,0,1,7,0,8,89,38,33,7,167,0,0,0,167
11/23/2019,GSP,SC,ASO,ES,Combined TRACON& Tower with Radar,69,29,7,0,105,0,0,0,0,0,69,29,7,0,105,0,0,0,105
11/24/2019,GSP,SC,ASO,ES,Combined TRACON& Tower with Radar,86,32,13,0,131,0,3,9,0,12,86,35,22,0,143,0,0,0,143
11/25/2019,GSP,SC,ASO,ES,Combined TRACON& Tower with Radar,84,33,19,22,158,0,4,7,0,11,84,37,26,22,169,0,16,16,185
11/26/2019,GSP,SC,ASO,ES,Combined TRACON& Tower with Radar,89,38,20,3,150,0,3,16,0,19,89,41,36,3,169,16,0,16,185
11/27/2019,GSP,SC,ASO,ES,Combined TRACON& Tower with Radar,101,34,12,0,147,0,0,0,0,0,101,34,12,0,147,0,0,0,147
11/28/2019,GSP,SC,ASO,ES,Combined TRACON& Tower with Radar,49,18,5,2,74,0,0,5,0,5,49,18,10,2,79,0,0,0,79
11/29/2019,GSP,SC,ASO,ES,Combined TRACON& Tower with Radar,62,17,14,0,93,0,0,5,0,5,62,17,19,0,98,0,0,0,98
11/30/2019,GSP,SC,ASO,ES,Combined TRACON& Tower with Radar,65,37,14,0,116,0,0,1,0,1,65,37,15,0,117,0,0,0,117
12/01/2019,GSP,SC,ASO,ES,Combined TRACON& Tower with Radar,95,31,21,0,147,1,0,2,0,3,96,31,23,0,150,0,0,0,150
12/02/2019,GSP,SC,ASO,ES,Combined TRACON& Tower with Radar,92,42,23,8,165,0,2,7,0,9,92,44,30,8,174,0,0,0,174
12/03/2019,GSP,SC,ASO,ES,Combined TRACON& Tower with Radar,97,34,28,5,164,0,1,6,5,12,97,35,34,10,176,0,30,30,206
12/04/2019,GSP,SC,ASO,ES,Combined TRACON& Tower with Radar,86,33,33,8,160,0,2,16,8,26,86,35,49,16,186,0,0,0,186
12/05/2019,GSP,SC,ASO,ES,Combined TRACON& Tower with Radar,92,34,33,7,166,0,0,10,1,11,92,34,43,8,177,0,8,8,185
12/06/2019,GSP,SC,ASO,ES,Combined TRACON& Tower with Radar,88,41,14,5,148,0,1,11,0,12,88,42,25,5,160,0,0,0,160
12/07/2019,GSP,SC,ASO,ES,Combined TRACON& Tower with Radar,58,23,4,10,95,0,3,7,1,11,58,26,11,11,106,16,0,16,122
12/08/2019,GSP,SC,ASO,ES,Combined TRACON& Tower with Radar,79,37,20,0,136,0,3,5,2,10,79,40,25,2,146,0,0,0,146
12/09/2019,GSP,SC,ASO,ES,Combined TRACON& Tower with Radar,81,35,19,0,135,0,0,0,0,0,81,35,19,0,135,0,0,0,135
12/10/2019,GSP,SC,ASO,ES,Combined TRACON& Tower with Radar,85,47,16,8,156,0,0,0,0,0,85,47,16,8,156,0,0,0,156
12/11/2019,GSP,SC,ASO,ES,Combined TRACON& Tower with Radar,80,44,30,6,160,0,7,12,0,19,80,51,42,6,179,0,0,0,179
12/12/2019,GSP,SC,ASO,ES,Combined TRACON& Tower with Radar,92,45,22,0,159,0,0,7,1,8,92,45,29,1,167,0,0,0,167
12/13/2019,GSP,SC,ASO,ES,Combined TRACON& Tower with Radar,88,41,12,0,141,0,0,0,0,0,88,41,12,0,141,0,0,0,141
12/14/2019,GSP,SC,ASO,ES,Combined TRACON& Tower with Radar,56,25,10,3,94,0,0,1,0,1,56,25,11,3,95,0,0,0,95
12/15/2019,GSP,SC,ASO,ES,Combined TRACON& Tower with Radar,79,31,8,6,124,0,1,9,0,10,79,32,17,6,134,0,0,0,134
12/16/2019,GSP,SC,ASO,ES,Combined TRACON& Tower with Radar,80,43,21,11,155,0,5,4,0,9,80,48,25,11,164,0,0,0,164
12/17/2019,GSP,SC,ASO,ES,Combined TRACON& Tower with Radar,81,39,12,4,136,0,0,0,0,0,81,39,12,4,136,0,0,0,136
12/18/2019,GSP,SC,ASO,ES,Combined TRACON& Tower with Radar,84,31,27,2,144,1,1,5,0,7,85,32,32,2,151,0,0,0,151
12/19/2019,GSP,SC,ASO,ES,Combined TRACON& Tower with Radar,96,29,10,2,137,0,4,8,2,14,96,33,18,4,151,0,0,0,151
12/20/2019,GSP,SC,ASO,ES,Combined TRACON& Tower with Radar,94,24,11,1,130,0,0,2,0,2,94,24,13,1,132,0,0,0,132
12/21/2019,GSP,SC,ASO,ES,Combined TRACON& Tower with Radar,83,25,6,0,114,0,0,4,0,4,83,25,10,0,118,0,0,0,118
12/22/2019,GSP,SC,ASO,ES,Combined TRACON& Tower with Radar,83,21,12,1,117,0,2,0,0,2,83,23,12,1,119,0,0,0,119
12/23/2019,GSP,SC,ASO,ES,Combined TRACON& Tower with Radar,86,27,11,0,124,0,0,0,0,0,86,27,11,0,124,0,0,0,124
12/24/2019,GSP,SC,ASO,ES,Combined TRACON& Tower with Radar,69,21,5,0,95,0,0,1,0,1,69,21,6,0,96,0,0,0,96
12/25/2019,GSP,SC,ASO,ES,Combined TRACON& Tower with Radar,66,11,1,0,78,0,1,0,0,1,66,12,1,0,79,0,0,0,79
12/26/2019,GSP,SC,ASO,ES,Combined TRACON& Tower with Radar,96,28,13,0,137,0,3,7,0,10,96,31,20,0,147,0,0,0,147
12/27/2019,GSP,SC,ASO,ES,Combined TRACON& Tower with Radar,84,27,20,4,135,0,5,10,0,15,84,32,30,4,150,0,0,0,150
12/28/2019,GSP,SC,ASO,ES,Combined TRACON& Tower with Radar,74,31,6,0,111,0,4,9,0,13,74,35,15,0,124,0,0,0,124
12/29/2019,GSP,SC,ASO,ES,Combined TRACON& Tower with Radar,90,26,7,0,123,0,0,0,0,0,90,26,7,0,123,0,0,0,123
12/30/2019,GSP,SC,ASO,ES,Combined TRACON& Tower with Radar,84,27,16,2,129,0,3,2,0,5,84,30,18,2,134,0,0,0,134
12/31/2019,GSP,SC,ASO,ES,Combined TRACON& Tower with Radar,73,27,12,0,112,0,2,8,0,10,73,29,20,0,122,0,0,0,122
01/01/2020,GSP,SC,ASO,ES,Combined TRACON& Tower with Radar,63,17,8,0,88,0,3,7,0,10,63,20,15,0,98,0,0,0,98
01/02/2020,GSP,SC,ASO,ES,Combined TRACON& Tower with Radar,85,30,15,0,130,0,2,0,0,2,85,32,15,0,132,0,0,0,132
01/03/2020,GSP,SC,ASO,ES,Combined TRACON& Tower with Radar,84,37,5,0,126,0,0,0,0,0,84,37,5,0,126,0,0,0,126
01/04/2020,GSP,SC,ASO,ES,Combined TRACON& Tower with Radar,68,24,11,0,103,0,0,3,0,3,68,24,14,0,106,0,0,0,106
01/05/2020,GSP,SC,ASO,ES,Combined TRACON& Tower with Radar,81,17,11,0,109,0,2,7,2,11,81,19,18,2,120,0,0,0,120
01/06/2020,GSP,SC,ASO,ES,Combined TRACON& Tower with Radar,86,28,15,2,131,0,0,4,0,4,86,28,19,2,135,0,0,0,135
01/07/2020,GSP,SC,ASO,ES,Combined TRACON& Tower with Radar,91,22,21,1,135,0,4,1,1,6,91,26,22,2,141,0,0,0,141
01/08/2020,GSP,SC,ASO,ES,Combined TRACON& Tower with Radar,84,29,25,27,165,0,2,19,1,22,84,31,44,28,187,20,14,34,221
01/09/2020,GSP,SC,ASO,ES,Combined TRACON& Tower with Radar,98,23,23,7,151,0,0,10,5,15,98,23,33,12,166,0,8,8,174
01/10/2020,GSP,SC,ASO,ES,Combined TRACON& Tower with Radar,94,21,28,6,149,0,2,3,2,7,94,23,31,8,156,0,0,0,156
01/11/2020,GSP,SC,ASO,ES,Combined TRACON& Tower with Radar,70,20,7,29,126,0,0,0,0,0,70,20,7,29,126,0,0,0,126
01/12/2020,GSP,SC,ASO,ES,Combined TRACON& Tower with Radar,88,19,8,2,117,0,2,3,0,5,88,21,11,2,122,0,0,0,122
01/13/2020,GSP,SC,ASO,ES,Combined TRACON& Tower with Radar,86,28,21,0,135,0,2,0,0,2,86,30,21,0,137,0,0,0,137
01/14/2020,GSP,SC,ASO,ES,Combined TRACON& Tower with Radar,108,30,23,0,161,0,0,0,0,0,108,30,23,0,161,0,0,0,161
01/15/2020,GSP,SC,ASO,ES,Combined TRACON& Tower with Radar,85,32,17,2,136,0,0,0,0,0,85,32,17,2,136,0,0,0,136
01/16/2020,GSP,SC,ASO,ES,Combined TRACON& Tower with Radar,93,29,15,14,151,0,2,5,3,10,93,31,20,17,161,0,0,0,161
01/17/2020,GSP,SC,ASO,ES,Combined TRACON& Tower with Radar,87,33,22,28,170,0,7,10,0,17,87,40,32,28,187,0,0,0,187
01/18/2020,GSP,SC,ASO,ES,Combined TRACON& Tower with Radar,55,19,2,0,76,0,0,0,0,0,55,19,2,0,76,0,0,0,76
01/19/2020,GSP,SC,ASO,ES,Combined TRACON& Tower with Radar,71,22,11,4,108,0,3,6,0,9,71,25,17,4,117,0,0,0,117
01/20/2020,GSP,SC,ASO,ES,Combined TRACON& Tower with Radar,85,30,24,0,139,0,4,7,0,11,85,34,31,0,150,0,0,0,150
01/21/2020,GSP,SC,ASO,ES,Combined TRACON& Tower with Radar,83,21,16,11,131,0,3,10,0,13,83,24,26,11,144,8,0,8,152
01/22/2020,GSP,SC,ASO,ES,Combined TRACON& Tower with Radar,86,31,25,5,147,0,2,13,3,18,86,33,38,8,165,0,0,0,165
01/23/2020,GSP,SC,ASO,ES,Combined TRACON& Tower with Radar,94,27,25,8,154,0,0,6,0,6,94,27,31,8,160,0,4,4,164
01/24/2020,GSP,SC,ASO,ES,Combined TRACON& Tower with Radar,90,29,16,0,135,0,0,0,0,0,90,29,16,0,135,0,0,0,135
01/25/2020,GSP,SC,ASO,ES,Combined TRACON& Tower with Radar,62,17,5,2,86,0,0,4,0,4,62,17,9,2,90,0,0,0,90
01/26/2020,GSP,SC,ASO,ES,Combined TRACON& Tower with Radar,88,24,19,2,133,0,0,21,0,21,88,24,40,2,154,12,0,12,166
01/27/2020,GSP,SC,ASO,ES,Combined TRACON& Tower with Radar,100,21,23,13,157,0,0,6,2,8,100,21,29,15,165,0,6,6,171
01/28/2020,GSP,SC,ASO,ES,Combined TRACON& Tower with Radar,85,28,30,18,161,0,1,7,0,8,85,29,37,18,169,0,0,0,169
01/29/2020,GSP,SC,ASO,ES,Combined TRACON& Tower with Radar,83,31,30,19,163,0,2,7,2,11,83,33,37,21,174,0,0,0,174
01/30/2020,GSP,SC,ASO,ES,Combined TRACON& Tower with Radar,95,36,31,2,164,0,1,7,0,8,95,37,38,2,172,0,0,0,172
01/31/2020,GSP,SC,ASO,ES,Combined TRACON& Tower with Radar,87,35,21,4,147,0,0,1,1,2,87,35,22,5,149,0,0,0,149
02/01/2020,GSP,SC,ASO,ES,Combined TRACON& Tower with Radar,54,18,8,2,82,0,0,3,0,3,54,18,11,2,85,0,0,0,85
02/02/2020,GSP,SC,ASO,ES,Combined TRACON& Tower with Radar,80,21,17,0,118,0,0,6,0,6,80,21,23,0,124,0,0,0,124
02/03/2020,GSP,SC,ASO,ES,Combined TRACON& Tower with Radar,86,34,12,0,132,0,1,5,0,6,86,35,17,0,138,0,0,0,138
02/04/2020,GSP,SC,ASO,ES,Combined TRACON& Tower with Radar,84,23,23,1,131,0,1,3,2,6,84,24,26,3,137,0,0,0,137
02/05/2020,GSP,SC,ASO,ES,Combined TRACON& Tower with Radar,82,25,13,13,133,0,0,0,0,0,82,25,13,13,133,0,0,0,133
02/06/2020,GSP,SC,ASO,ES,Combined TRACON& Tower with Radar,84,30,10,0,124,0,0,0,0,0,84,30,10,0,124,0,0,0,124
02/07/2020,GSP,SC,ASO,ES,Combined TRACON& Tower with Radar,82,27,13,25,147,0,1,5,0,6,82,28,18,25,153,0,0,0,153
02/08/2020,GSP,SC,ASO,ES,Combined TRACON& Tower with Radar,58,26,11,2,97,0,0,5,0,5,58,26,16,2,102,0,0,0,102
02/09/2020,GSP,SC,ASO,ES,Combined TRACON& Tower with Radar,85,26,5,0,116,1,0,6,0,7,86,26,11,0,123,10,0,10,133
02/10/2020,GSP,SC,ASO,ES,Combined TRACON& Tower with Radar,90,22,17,4,133,0,0,11,0,11,90,22,28,4,144,0,0,0,144
02/11/2020,GSP,SC,ASO,ES,Combined TRACON& Tower with Radar,87,18,16,0,121,0,0,1,0,1,87,18,17,0,122,0,0,0,122
02/12/2020,GSP,SC,ASO,ES,Combined TRACON& Tower with Radar,83,38,22,0,143,0,0,0,0,0,83,38,22,0,143,0,0,0,143
02/13/2020,GSP,SC,ASO,ES,Combined TRACON& Tower with Radar,97,29,25,2,153,0,0,1,0,1,97,29,26,2,154,0,0,0,154
02/14/2020,GSP,SC,ASO,ES,Combined TRACON& Tower with Radar,87,27,17,0,131,0,2,8,0,10,87,29,25,0,141,0,0,0,141
02/15/2020,GSP,SC,ASO,ES,Combined TRACON& Tower with Radar,57,23,6,0,86,0,3,3,3,9,57,26,9,3,95,0,0,0,95
02/16/2020,GSP,SC,ASO,ES,Combined TRACON& Tower with Radar,78,27,17,0,122,0,3,3,0,6,78,30,20,0,128,12,0,12,140
02/17/2020,GSP,SC,ASO,ES,Combined TRACON& Tower with Radar,94,25,14,0,133,0,3,5,0,8,94,28,19,0,141,0,0,0,141
02/18/2020,GSP,SC,ASO,ES,Combined TRACON& Tower with Radar,95,28,26,0,149,0,0,0,0,0,95,28,26,0,149,0,0,0,149
02/19/2020,GSP,SC,ASO,ES,Combined TRACON& Tower with Radar,91,25,16,7,139,0,1,4,1,6,91,26,20,8,145,0,0,0,145
02/20/2020,GSP,SC,ASO,ES,Combined TRACON& Tower with Radar,97,30,25,0,152,0,0,0,0,0,97,30,25,0,152,0,0,0,152
02/21/2020,GSP,SC,ASO,ES,Combined TRACON& Tower with Radar,89,33,27,3,152,0,3,13,1,17,89,36,40,4,169,0,0,0,169
02/22/2020,GSP,SC,ASO,ES,Combined TRACON& Tower with Radar,59,23,11,0,93,0,0,17,0,17,59,23,28,0,110,0,0,0,110
02/23/2020,GSP,SC,ASO,ES,Combined TRACON& Tower with Radar,85,27,10,0,122,0,3,5,0,8,85,30,15,0,130,0,0,0,130
02/24/2020,GSP,SC,ASO,ES,Combined TRACON& Tower with Radar,91,35,18,3,147,0,0,3,0,3,91,35,21,3,150,0,0,0,150
02/25/2020,GSP,SC,ASO,ES,Combined TRACON& Tower with Radar,86,27,30,2,145,0,2,5,0,7,86,29,35,2,152,0,0,0,152
02/26/2020,GSP,SC,ASO,ES,Combined TRACON& Tower with Radar,87,40,22,23,172,0,0,3,11,14,87,40,25,34,186,0,20,20,206
02/27/2020,GSP,SC,ASO,ES,Combined TRACON& Tower with Radar,92,38,27,13,170,0,3,13,0,16,92,41,40,13,186,0,0,0,186
02/28/2020,GSP,SC,ASO,ES,Combined TRACON& Tower with Radar,94,32,31,11,168,0,3,8,0,11,94,35,39,11,179,0,0,0,179
02/29/2020,GSP,SC,ASO,ES,Combined TRACON& Tower with Radar,67,29,12,0,108,0,2,5,1,8,67,31,17,1,116,0,0,0,116
03/01/2020,GSP,SC,ASO,ES,Combined TRACON& Tower with Radar,84,30,18,2,134,0,2,12,0,14,84,32,30,2,148,0,0,0,148
03/02/2020,GSP,SC,ASO,ES,Combined TRACON& Tower with Radar,92,33,28,0,153,0,0,2,0,2,92,33,30,0,155,0,0,0,155
03/03/2020,GSP,SC,ASO,ES,Combined TRACON& Tower with Radar,90,37,17,2,146,0,0,4,0,4,90,37,21,2,150,0,0,0,150
03/04/2020,GSP,SC,ASO,ES,Combined TRACON& Tower with Radar,95,31,29,6,161,0,1,5,1,7,95,32,34,7,168,0,0,0,168
03/05/2020,GSP,SC,ASO,ES,Combined TRACON& Tower with Radar,98,27,23,0,148,0,0,1,0,1,98,27,24,0,149,0,0,0,149
03/06/2020,GSP,SC,ASO,ES,Combined TRACON& Tower with Radar,95,38,14,0,147,0,0,4,0,4,95,38,18,0,151,0,0,0,151
03/07/2020,GSP,SC,ASO,ES,Combined TRACON& Tower with Radar,58,23,18,7,106,0,2,13,0,15,58,25,31,7,121,20,0,20,141
03/08/2020,GSP,SC,ASO,ES,Combined TRACON& Tower with Radar,87,30,22,0,139,1,4,12,0,17,88,34,34,0,156,0,0,0,156
03/09/2020,GSP,SC,ASO,ES,Combined TRACON& Tower with Radar,92,29,16,16,153,0,2,11,3,16,92,31,27,19,169,0,30,30,199
03/10/2020,GSP,SC,ASO,ES,Combined TRACON& Tower with Radar,93,28,24,0,145,0,2,2,0,4,93,30,26,0,149,0,0,0,149
03/11/2020,GSP,SC,ASO,ES,Combined TRACON& Tower with Radar,90,27,34,14,165,0,3,7,0,10,90,30,41,14,175,0,0,0,175
03/12/2020,GSP,SC,ASO,ES,Combined TRACON& Tower with Radar,95,31,25,0,151,0,0,11,2,13,95,31,36,2,164,0,0,0,164
03/13/2020,GSP,SC,ASO,ES,Combined TRACON& Tower with Radar,89,25,12,17,143,0,3,1,0,4,89,28,13,17,147,12,0,12,159
03/14/2020,GSP,SC,ASO,ES,Combined TRACON& Tower with Radar,60,21,7,0,88,0,2,5,0,7,60,23,12,0,95,0,0,0,95
03/15/2020,GSP,SC,ASO,ES,Combined TRACON& Tower with Radar,88,24,11,0,123,0,0,4,0,4,88,24,15,0,127,0,0,0,127
03/16/2020,GSP,SC,ASO,ES,Combined TRACON& Tower with Radar,97,24,13,4,138,0,0,2,0,2,97,24,15,4,140,0,12,12,152
03/17/2020,GSP,SC,ASO,ES,Combined TRACON& Tower with Radar,90,28,7,0,125,0,0,1,0,1,90,28,8,0,126,4,0,4,130
03/18/2020,GSP,SC,ASO,ES,Combined TRACON& Tower with Radar,88,38,14,0,140,0,0,0,0,0,88,38,14,0,140,0,0,0,140
03/19/2020,GSP,SC,ASO,ES,Combined TRACON& Tower with Radar,95,28,18,0,141,0,1,19,1,21,95,29,37,1,162,0,0,0,162
03/20/2020,GSP,SC,ASO,ES,Combined TRACON& Tower with Radar,84,20,13,2,119,0,1,9,0,10,84,21,22,2,129,20,0,20,149
03/21/2020,GSP,SC,ASO,ES,Combined TRACON& Tower with Radar,48,15,16,0,79,0,3,11,0,14,48,18,27,0,93,0,0,0,93
03/22/2020,GSP,SC,ASO,ES,Combined TRACON& Tower with Radar,67,14,7,2,90,0,6,0,0,6,67,20,7,2,96,0,0,0,96
03/23/2020,GSP,SC,ASO,ES,Combined TRACON& Tower with Radar,65,19,3,0,87,0,0,0,0,0,65,19,3,0,87,0,0,0,87
03/24/2020,GSP,SC,ASO,ES,Combined TRACON& Tower with Radar,55,14,1,0,70,0,0,0,0,0,55,14,1,0,70,0,0,0,70
03/25/2020,GSP,SC,ASO,ES,Combined TRACON& Tower with Radar,57,14,8,6,85,0,0,3,1,4,57,14,11,7,89,0,0,0,89
03/26/2020,GSP,SC,ASO,ES,Combined TRACON& Tower with Radar,58,9,12,1,80,0,0,1,2,3,58,9,13,3,83,0,0,0,83
03/27/2020,GSP,SC,ASO,ES,Combined TRACON& Tower with Radar,43,5,17,10,75,0,2,2,0,4,43,7,19,10,79,0,0,0,79
03/28/2020,GSP,SC,ASO,ES,Combined TRACON& Tower with Radar,44,8,0,0,52,0,1,3,0,4,44,9,3,0,56,0,0,0,56
03/29/2020,GSP,SC,ASO,ES,Combined TRACON& Tower with Radar,49,7,0,0,56,0,1,2,0,3,49,8,2,0,59,0,0,0,59
03/30/2020,GSP,SC,ASO,ES,Combined TRACON& Tower with Radar,47,9,4,2,62,0,2,5,0,7,47,11,9,2,69,8,0,8,77
03/31/2020,GSP,SC,ASO,ES,Combined TRACON& Tower with Radar,50,11,21,0,82,0,1,3,1,5,50,12,24,1,87,0,0,0,87
04/01/2020,GSP,SC,ASO,ES,Combined TRACON& Tower with Radar,49,7,6,1,63,0,0,4,0,4,49,7,10,1,67,0,0,0,67
04/02/2020,GSP,SC,ASO,ES,Combined TRACON& Tower with Radar,51,4,13,2,70,0,2,6,0,8,51,6,19,2,78,0,0,0,78
04/03/2020,GSP,SC,ASO,ES,Combined TRACON& Tower with Radar,36,8,11,0,55,0,6,7,0,13,36,14,18,0,68,0,0,0,68
04/04/2020,GSP,SC,ASO,ES,Combined TRACON& Tower with Radar,33,8,6,0,47,0,0,4,0,4,33,8,10,0,51,0,0,0,51
04/05/2020,GSP,SC,ASO,ES,Combined TRACON& Tower with Radar,37,5,7,0,49,0,0,4,0,4,37,5,11,0,53,0,0,0,53
04/06/2020,GSP,SC,ASO,ES,Combined TRACON& Tower with Radar,35,4,17,0,56,0,0,9,0,9,35,4,26,0,65,0,0,0,65
04/07/2020,GSP,SC,ASO,ES,Combined TRACON& Tower with Radar,38,7,6,0,51,0,0,10,2,12,38,7,16,2,63,0,0,0,63
04/08/2020,GSP,SC,ASO,ES,Combined TRACON& Tower with Radar,41,7,4,9,61,0,1,3,1,5,41,8,7,10,66,0,12,12,78
04/09/2020,GSP,SC,ASO,ES,Combined TRACON& Tower with Radar,36,4,4,3,47,0,2,3,2,7,36,6,7,5,54,0,0,0,54
04/10/2020,GSP,SC,ASO,ES,Combined TRACON& Tower with Radar,34,4,0,0,38,0,2,6,0,8,34,6,6,0,46,0,0,0,46
04/11/2020,GSP,SC,ASO,ES,Combined TRACON& Tower with Radar,28,2,5,0,35,0,1,3,0,4,28,3,8,0,39,0,0,0,39
04/12/2020,GSP,SC,ASO,ES,Combined TRACON& Tower with Radar,30,3,0,0,33,0,0,2,0,2,30,3,2,0,35,0,0,0,35
04/13/2020,GSP,SC,ASO,ES,Combined TRACON& Tower with Radar,33,8,5,0,46,0,0,4,0,4,33,8,9,0,50,0,0,0,50
04/14/2020,GSP,SC,ASO,ES,Combined TRACON& Tower with Radar,30,6,6,12,54,0,2,9,0,11,30,8,15,12,65,0,0,0,65
04/15/2020,GSP,SC,ASO,ES,Combined TRACON& Tower with Radar,31,5,6,19,61,0,3,8,0,11,31,8,14,19,72,0,0,0,72
04/16/2020,GSP,SC,ASO,ES,Combined TRACON& Tower with Radar,31,5,12,0,48,0,3,13,2,18,31,8,25,2,66,0,0,0,66
04/17/2020,GSP,SC,ASO,ES,Combined TRACON& Tower with Radar,32,0,11,0,43,0,5,4,4,13,32,5,15,4,56,0,0,0,56
04/18/2020,GSP,SC,ASO,ES,Combined TRACON& Tower with Radar,22,0,6,0,28,0,3,3,0,6,22,3,9,0,34,0,0,0,34
04/19/2020,GSP,SC,ASO,ES,Combined TRACON& Tower with Radar,20,3,1,22,46,0,0,1,2,3,20,3,2,24,49,0,0,0,49
04/20/2020,GSP,SC,ASO,ES,Combined TRACON& Tower with Radar,29,0,7,0,36,0,0,1,0,1,29,0,8,0,37,0,0,0,37
04/21/2020,GSP,SC,ASO,ES,Combined TRACON& Tower with Radar,30,5,5,2,42,0,2,3,0,5,30,7,8,2,47,0,0,0,47
04/22/2020,GSP,SC,ASO,ES,Combined TRACON& Tower with Radar,31,8,19,12,70,0,3,8,2,13,31,11,27,14,83,0,12,12,95
04/23/2020,GSP,SC,ASO,ES,Combined TRACON& Tower with Radar,34,2,5,0,41,0,0,0,0,0,34,2,5,0,41,0,0,0,41
04/24/2020,GSP,SC,ASO,ES,Combined TRACON& Tower with Radar,27,4,9,2,42,0,2,3,0,5,27,6,12,2,47,0,0,0,47
04/25/2020,GSP,SC,ASO,ES,Combined TRACON& Tower with Radar,24,8,4,0,36,0,1,5,0,6,24,9,9,0,42,0,0,0,42
04/26/2020,GSP,SC,ASO,ES,Combined TRACON& Tower with Radar,26,6,7,0,39,0,0,1,0,1,26,6,8,0,40,0,0,0,40
04/27/2020,GSP,SC,ASO,ES,Combined TRACON& Tower with Radar,27,7,12,5,51,0,0,12,0,12,27,7,24,5,63,0,0,0,63
04/28/2020,GSP,SC,ASO,ES,Combined TRACON& Tower with Radar,33,6,6,29,74,0,3,8,27,38,33,9,14,56,112,12,0,12,124
04/29/2020,GSP,SC,ASO,ES,Combined TRACON& Tower with Radar,30,6,10,12,58,0,0,3,3,6,30,6,13,15,64,0,0,0,64
04/30/2020,GSP,SC,ASO,ES,Combined TRACON& Tower with Radar,32,10,11,7,60,0,1,4,5,10,32,11,15,12,70,0,0,0,70
05/01/2020,GSP,SC,ASO,ES,Combined TRACON& Tower with Radar,35,13,7,0,55,0,0,5,0,5,35,13,12,0,60,0,0,0,60
05/02/2020,GSP,SC,ASO,ES,Combined TRACON& Tower with Radar,28,5,10,0,43,0,1,8,0,9,28,6,18,0,52,0,0,0,52
05/03/2020,GSP,SC,ASO,ES,Combined TRACON& Tower with Radar,34,3,9,0,46,0,0,9,0,9,34,3,18,0,55,0,0,0,55
05/04/2020,GSP,SC,ASO,ES,Combined TRACON& Tower with Radar,37,3,14,1,55,0,0,0,1,1,37,3,14,2,56,0,0,0,56
05/05/2020,GSP,SC,ASO,ES,Combined TRACON& Tower with Radar,30,6,15,0,51,0,0,8,0,8,30,6,23,0,59,0,0,0,59
05/06/2020,GSP,SC,ASO,ES,Combined TRACON& Tower with Radar,39,6,12,9,66,0,3,1,2,6,39,9,13,11,72,0,0,0,72
05/07/2020,GSP,SC,ASO,ES,Combined TRACON& Tower with Radar,35,15,13,2,65,0,6,18,0,24,35,21,31,2,89,20,0,20,109
05/08/2020,GSP,SC,ASO,ES,Combined TRACON& Tower with Radar,31,11,13,6,61,0,0,7,0,7,31,11,20,6,68,0,0,0,68
05/09/2020,GSP,SC,ASO,ES,Combined TRACON& Tower with Radar,25,3,9,0,37,0,0,6,0,6,25,3,15,0,43,0,0,0,43
05/10/2020,GSP,SC,ASO,ES,Combined TRACON& Tower with Radar,30,10,9,2,51,0,0,6,0,6,30,10,15,2,57,0,0,0,57
05/11/2020,GSP,SC,ASO,ES,Combined TRACON& Tower with Radar,34,14,12,8,68,0,6,3,0,9,34,20,15,8,77,0,0,0,77
05/12/2020,GSP,SC,ASO,ES,Combined TRACON& Tower with Radar,30,6,20,19,75,0,2,16,4,22,30,8,36,23,97,0,0,0,97
05/13/2020,GSP,SC,ASO,ES,Combined TRACON& Tower with Radar,36,11,14,17,78,0,0,5,3,8,36,11,19,20,86,0,34,34,120
05/14/2020,GSP,SC,ASO,ES,Combined TRACON& Tower with Radar,45,10,17,24,96,0,1,4,2,7,45,11,21,26,103,0,22,22,125
05/15/2020,GSP,SC,ASO,ES,Combined TRACON& Tower with Radar,32,6,19,0,57,0,0,6,0,6,32,6,25,0,63,0,0,0,63
05/16/2020,GSP,SC,ASO,ES,Combined TRACON& Tower with Radar,21,2,6,0,29,0,2,15,0,17,21,4,21,0,46,0,0,0,46
05/17/2020,GSP,SC,ASO,ES,Combined TRACON& Tower with Radar,29,10,7,0,46,0,0,10,0,10,29,10,17,0,56,0,0,0,56
05/18/2020,GSP,SC,ASO,ES,Combined TRACON& Tower with Radar,30,9,5,0,44,0,0,0,0,0,30,9,5,0,44,0,0,0,44
05/19/2020,GSP,SC,ASO,ES,Combined TRACON& Tower with Radar,27,4,7,10,48,0,0,0,0,0,27,4,7,10,48,0,0,0,48
05/20/2020,GSP,SC,ASO,ES,Combined TRACON& Tower with Radar,36,14,6,1,57,0,0,0,0,0,36,14,6,1,57,0,0,0,57
05/21/2020,GSP,SC,ASO,ES,Combined TRACON& Tower with Radar,38,10,16,6,70,0,3,3,2,8,38,13,19,8,78,0,0,0,78
05/22/2020,GSP,SC,ASO,ES,Combined TRACON& Tower with Radar,35,13,15,0,63,0,0,4,2,6,35,13,19,2,69,0,0,0,69
05/23/2020,GSP,SC,ASO,ES,Combined TRACON& Tower with Radar,25,3,10,0,38,0,1,5,2,8,25,4,15,2,46,0,0,0,46
05/24/2020,GSP,SC,ASO,ES,Combined TRACON& Tower with Radar,32,8,10,0,50,0,0,6,0,6,32,8,16,0,56,0,0,0,56
05/25/2020,GSP,SC,ASO,ES,Combined TRACON& Tower with Radar,31,9,10,0,50,0,0,0,0,0,31,9,10,0,50,0,0,0,50
05/26/2020,GSP,SC,ASO,ES,Combined TRACON& Tower with Radar,27,16,18,7,68,0,0,1,1,2,27,16,19,8,70,0,6,6,76
05/27/2020,GSP,SC,ASO,ES,Combined TRACON& Tower with Radar,34,12,15,0,61,0,0,3,0,3,34,12,18,0,64,0,0,0,64
05/28/2020,GSP,SC,ASO,ES,Combined TRACON& Tower with Radar,39,16,14,0,69,0,2,5,0,7,39,18,19,0,76,6,0,6,82
05/29/2020,GSP,SC,ASO,ES,Combined TRACON& Tower with Radar,36,13,7,8,64,0,0,2,0,2,36,13,9,8,66,0,0,0,66
05/30/2020,GSP,SC,ASO,ES,Combined TRACON& Tower with Radar,23,6,8,0,37,0,2,5,0,7,23,8,13,0,44,0,0,0,44
05/31/2020,GSP,SC,ASO,ES,Combined TRACON& Tower with Radar,31,12,14,0,57,0,4,7,0,11,31,16,21,0,68,0,0,0,68
06/01/2020,GSP,SC,ASO,ES,Combined TRACON& Tower with Radar,36,8,13,13,70,0,1,17,0,18,36,9,30,13,88,12,0,12,100
06/02/2020,GSP,SC,ASO,ES,Combined TRACON& Tower with Radar,36,12,20,3,71,0,1,11,0,12,36,13,31,3,83,16,0,16,99
06/03/2020,GSP,SC,ASO,ES,Combined TRACON& Tower with Radar,41,14,29,6,90,0,2,24,0,26,41,16,53,6,116,16,0,16,132
06/04/2020,GSP,SC,ASO,ES,Combined TRACON& Tower with Radar,42,7,21,0,70,0,0,9,0,9,42,7,30,0,79,0,0,0,79
06/05/2020,GSP,SC,ASO,ES,Combined TRACON& Tower with Radar,36,17,7,2,62,0,0,0,1,1,36,17,7,3,63,0,6,6,69
06/06/2020,GSP,SC,ASO,ES,Combined TRACON& Tower with Radar,29,10,8,0,47,0,0,5,0,5,29,10,13,0,52,0,0,0,52
06/07/2020,GSP,SC,ASO,ES,Combined TRACON& Tower with Radar,35,11,12,0,58,0,2,6,0,8,35,13,18,0,66,0,0,0,66
06/08/2020,GSP,SC,ASO,ES,Combined TRACON& Tower with Radar,39,16,9,6,70,0,1,3,0,4,39,17,12,6,74,0,0,0,74
06/09/2020,GSP,SC,ASO,ES,Combined TRACON& Tower with Radar,36,8,23,0,67,0,0,9,2,11,36,8,32,2,78,0,0,0,78
06/10/2020,GSP,SC,ASO,ES,Combined TRACON& Tower with Radar,39,9,31,12,91,0,0,1,0,1,39,9,32,12,92,0,0,0,92
06/11/2020,GSP,SC,ASO,ES,Combined TRACON& Tower with Radar,40,13,13,17,83,0,0,1,7,8,40,13,14,24,91,0,30,30,121
06/12/2020,GSP,SC,ASO,ES,Combined TRACON& Tower with Radar,38,12,15,6,71,0,1,9,0,10,38,13,24,6,81,0,10,10,91
06/13/2020,GSP,SC,ASO,ES,Combined TRACON& Tower with Radar,27,8,3,0,38,0,0,7,0,7,27,8,10,0,45,12,0,12,57
06/14/2020,GSP,SC,ASO,ES,Combined TRACON& Tower with Radar,35,10,10,0,55,0,1,3,0,4,35,11,13,0,59,0,0,0,59
06/15/2020,GSP,SC,ASO,ES,Combined TRACON& Tower with Radar,36,16,15,0,67,0,4,4,0,8,36,20,19,0,75,0,0,0,75
06/16/2020,GSP,SC,ASO,ES,Combined TRACON& Tower with Radar,35,10,1,0,46,0,0,1,0,1,35,10,2,0,47,0,0,0,47
06/17/2020,GSP,SC,ASO,ES,Combined TRACON& Tower with Radar,37,12,24,2,75,0,0,0,6,6,37,12,24,8,81,0,0,0,81
06/18/2020,GSP,SC,ASO,ES,Combined TRACON& Tower with Radar,41,21,15,8,85,0,0,2,0,2,41,21,17,8,87,0,0,0,87
06/19/2020,GSP,SC,ASO,ES,Combined TRACON& Tower with Radar,38,10,20,0,68,0,2,13,0,15,38,12,33,0,83,10,0,10,93
06/20/2020,GSP,SC,ASO,ES,Combined TRACON& Tower with Radar,27,8,7,0,42,0,0,12,0,12,27,8,19,0,54,0,0,0,54
06/21/2020,GSP,SC,ASO,ES,Combined TRACON& Tower with Radar,37,17,11,0,65,0,0,4,0,4,37,17,15,0,69,0,0,0,69
06/22/2020,GSP,SC,ASO,ES,Combined TRACON& Tower with Radar,38,12,11,0,61,0,0,5,1,6,38,12,16,1,67,0,0,0,67
06/23/2020,GSP,SC,ASO,ES,Combined TRACON& Tower with Radar,36,15,35,0,86,0,0,5,0,5,36,15,40,0,91,0,0,0,91
06/24/2020,GSP,SC,ASO,ES,Combined TRACON& Tower with Radar,36,22,27,15,100,0,0,3,5,8,36,22,30,20,108,0,22,22,130
06/25/2020,GSP,SC,ASO,ES,Combined TRACON& Tower with Radar,39,10,17,10,76,0,0,4,0,4,39,10,21,10,80,8,20,28,108
06/26/2020,GSP,SC,ASO,ES,Combined TRACON& Tower with Radar,38,14,28,3,83,0,0,8,3,11,38,14,36,6,94,24,0,24,118
06/27/2020,GSP,SC,ASO,ES,Combined TRACON& Tower with Radar,28,10,14,1,53,0,0,0,1,1,28,10,14,2,54,0,8,8,62
06/28/2020,GSP,SC,ASO,ES,Combined TRACON& Tower with Radar,34,10,5,0,49,0,0,4,1,5,34,10,9,1,54,0,0,0,54
06/29/2020,GSP,SC,ASO,ES,Combined TRACON& Tower with Radar,39,17,12,1,69,0,2,3,4,9,39,19,15,5,78,0,16,16,94
06/30/2020,GSP,SC,ASO,ES,Combined TRACON& Tower with Radar,34,17,13,6,70,0,4,5,4,13,34,21,18,10,83,0,14,14,97
07/01/2020,GSP,SC,ASO,ES,Combined TRACON& Tower with Radar,35,16,14,0,65,0,0,4,0,4,35,16,18,0,69,0,0,0,69
07/02/2020,GSP,SC,ASO,ES,Combined TRACON& Tower with Radar,54,14,10,1,79,0,2,10,2,14,54,16,20,3,93,0,0,0,93
07/03/2020,GSP,SC,ASO,ES,Combined TRACON& Tower with Radar,42,11,10,0,63,0,2,5,3,10,42,13,15,3,73,0,0,0,73
07/04/2020,GSP,SC,ASO,ES,Combined TRACON& Tower with Radar,29,5,4,0,38,0,0,6,0,6,29,5,10,0,44,10,0,10,54
07/05/2020,GSP,SC,ASO,ES,Combined TRACON& Tower with Radar,39,14,18,0,71,0,2,4,0,6,39,16,22,0,77,0,0,0,77
07/06/2020,GSP,SC,ASO,ES,Combined TRACON& Tower with Radar,39,18,20,0,77,0,0,0,1,1,39,18,20,1,78,0,0,0,78
07/07/2020,GSP,SC,ASO,ES,Combined TRACON& Tower with Radar,42,21,13,0,76,0,0,0,0,0,42,21,13,0,76,0,0,0,76
07/08/2020,GSP,SC,ASO,ES,Combined TRACON& Tower with Radar,42,14,24,10,90,0,0,3,3,6,42,14,27,13,96,0,16,16,112
07/09/2020,GSP,SC,ASO,ES,Combined TRACON& Tower with Radar,53,25,16,2,96,0,2,2,4,8,53,27,18,6,104,0,0,0,104
07/10/2020,GSP,SC,ASO,ES,Combined TRACON& Tower with Radar,51,20,13,0,84,0,0,9,0,9,51,20,22,0,93,10,0,10,103
07/11/2020,GSP,SC,ASO,ES,Combined TRACON& Tower with Radar,44,11,9,0,64,0,0,12,0,12,44,11,21,0,76,12,0,12,88
07/12/2020,GSP,SC,ASO,ES,Combined TRACON& Tower with Radar,43,21,10,0,74,0,1,9,0,10,43,22,19,0,84,6,0,6,90
07/13/2020,GSP,SC,ASO,ES,Combined TRACON& Tower with Radar,49,23,18,2,92,0,0,13,0,13,49,23,31,2,105,0,0,0,105
07/14/2020,GSP,SC,ASO,ES,Combined TRACON& Tower with Radar,44,12,11,0,67,0,3,8,2,13,44,15,19,2,80,0,0,0,80
07/15/2020,GSP,SC,ASO,ES,Combined TRACON& Tower with Radar,41,15,28,0,84,0,3,8,0,11,41,18,36,0,95,0,0,0,95
07/16/2020,GSP,SC,ASO,ES,Combined TRACON& Tower with Radar,50,16,25,8,99,0,5,11,0,16,50,21,36,8,115,0,0,0,115
07/17/2020,GSP,SC,ASO,ES,Combined TRACON& Tower with Radar,50,19,13,2,84,0,0,11,0,11,50,19,24,2,95,22,0,22,117
07/18/2020,GSP,SC,ASO,ES,Combined TRACON& Tower with Radar,43,12,3,2,60,0,2,14,0,16,43,14,17,2,76,0,0,0,76
07/19/2020,GSP,SC,ASO,ES,Combined TRACON& Tower with Radar,46,24,12,0,82,0,2,10,0,12,46,26,22,0,94,0,0,0,94
07/20/2020,GSP,SC,ASO,ES,Combined TRACON& Tower with Radar,63,14,16,9,102,0,2,9,0,11,63,16,25,9,113,10,10,20,133
07/21/2020,GSP,SC,ASO,ES,Combined TRACON& Tower with Radar,42,16,19,35,112,0,4,4,5,13,42,20,23,40,125,12,46,58,183
07/22/2020,GSP,SC,ASO,ES,Combined TRACON& Tower with Radar,42,15,13,10,80,0,0,7,1,8,42,15,20,11,88,10,14,24,112
07/23/2020,GSP,SC,ASO,ES,Combined TRACON& Tower with Radar,52,21,17,6,96,0,6,6,7,19,52,27,23,13,115,0,14,14,129
07/24/2020,GSP,SC,ASO,ES,Combined TRACON& Tower with Radar,47,18,11,2,78,0,0,4,0,4,47,18,15,2,82,0,0,0,82
07/25/2020,GSP,SC,ASO,ES,Combined TRACON& Tower with Radar,47,11,12,0,70,0,0,3,0,3,47,11,15,0,73,0,0,0,73
07/26/2020,GSP,SC,ASO,ES,Combined TRACON& Tower with Radar,45,14,10,0,69,0,2,6,0,8,45,16,16,0,77,0,0,0,77
07/27/2020,GSP,SC,ASO,ES,Combined TRACON& Tower with Radar,49,21,10,0,80,0,1,6,0,7,49,22,16,0,87,0,0,0,87
07/28/2020,GSP,SC,ASO,ES,Combined TRACON& Tower with Radar,43,14,16,21,94,0,0,9,4,13,43,14,25,25,107,0,0,0,107
07/29/2020,GSP,SC,ASO,ES,Combined TRACON& Tower with Radar,44,18,15,2,79,0,0,8,6,14,44,18,23,8,93,0,0,0,93
07/30/2020,GSP,SC,ASO,ES,Combined TRACON& Tower with Radar,48,20,19,2,89,0,0,1,0,1,48,20,20,2,90,0,0,0,90
07/31/2020,GSP,SC,ASO,ES,Combined TRACON& Tower with Radar,47,18,20,13,98,0,0,7,1,8,47,18,27,14,106,8,0,8,114
08/01/2020,GSP,SC,ASO,ES,Combined TRACON& Tower with Radar,45,18,14,0,77,0,1,4,2,7,45,19,18,2,84,0,0,0,84
08/02/2020,GSP,SC,ASO,ES,Combined TRACON& Tower with Radar,47,20,15,0,82,0,5,0,0,5,47,25,15,0,87,0,0,0,87
08/03/2020,GSP,SC,ASO,ES,Combined TRACON& Tower with Radar,52,21,11,1,85,0,0,0,0,0,52,21,11,1,85,0,0,0,85
08/04/2020,GSP,SC,ASO,ES,Combined TRACON& Tower with Radar,45,22,20,6,93,0,2,21,6,29,45,24,41,12,122,0,0,0,122
08/05/2020,GSP,SC,ASO,ES,Combined TRACON& Tower with Radar,46,14,17,5,82,0,0,6,4,10,46,14,23,9,92,0,0,0,92
08/06/2020,GSP,SC,ASO,ES,Combined TRACON& Tower with Radar,56,16,26,1,99,0,1,3,1,5,56,17,29,2,104,0,0,0,104
08/07/2020,GSP,SC,ASO,ES,Combined TRACON& Tower with Radar,61,19,22,1,103,0,2,6,1,9,61,21,28,2,112,12,0,12,124
08/08/2020,GSP,SC,ASO,ES,Combined TRACON& Tower with Radar,51,15,12,0,78,0,0,13,2,15,51,15,25,2,93,0,0,0,93
08/09/2020,GSP,SC,ASO,ES,Combined TRACON& Tower with Radar,47,17,15,0,79,0,1,13,0,14,47,18,28,0,93,0,0,0,93
08/10/2020,GSP,SC,ASO,ES,Combined TRACON& Tower with Radar,56,22,17,0,95,0,1,12,3,16,56,23,29,3,111,0,0,0,111
08/11/2020,GSP,SC,ASO,ES,Combined TRACON& Tower with Radar,50,15,19,0,84,0,2,10,0,12,50,17,29,0,96,0,0,0,96
08/12/2020,GSP,SC,ASO,ES,Combined TRACON& Tower with Radar,47,13,19,12,91,0,1,5,2,8,47,14,24,14,99,0,0,0,99
08/13/2020,GSP,SC,ASO,ES,Combined TRACON& Tower with Radar,63,20,15,2,100,0,0,7,0,7,63,20,22,2,107,8,0,8,115
08/14/2020,GSP,SC,ASO,ES,Combined TRACON& Tower with Radar,56,25,20,10,111,0,0,5,1,6,56,25,25,11,117,0,26,26,143
08/15/2020,GSP,SC,ASO,ES,Combined TRACON& Tower with Radar,48,16,9,0,73,0,2,1,0,3,48,18,10,0,76,6,0,6,82
08/16/2020,GSP,SC,ASO,ES,Combined TRACON& Tower with Radar,48,24,20,0,92,0,0,6,2,8,48,24,26,2,100,20,0,20,120
08/17/2020,GSP,SC,ASO,ES,Combined TRACON& Tower with Radar,56,16,14,0,86,0,1,9,4,14,56,17,23,4,100,0,0,0,100
08/18/2020,GSP,SC,ASO,ES,Combined TRACON& Tower with Radar,47,18,10,12,87,0,2,10,0,12,47,20,20,12,99,12,0,12,111
08/19/2020,GSP,SC,ASO,ES,Combined TRACON& Tower with Radar,47,16,27,22,112,0,0,10,10,20,47,16,37,32,132,6,36,42,174
08/20/2020,GSP,SC,ASO,ES,Combined TRACON& Tower with Radar,58,24,14,1,97,0,1,1,7,9,58,25,15,8,106,0,0,0,106
08/21/2020,GSP,SC,ASO,ES,Combined TRACON& Tower with Radar,54,16,9,1,80,0,2,0,0,2,54,18,9,1,82,0,0,0,82
08/22/2020,GSP,SC,ASO,ES,Combined TRACON& Tower with Radar,47,18,16,5,86,0,0,1,5,6,47,18,17,10,92,0,0,0,92
08/23/2020,GSP,SC,ASO,ES,Combined TRACON& Tower with Radar,53,23,14,8,98,0,1,4,4,9,53,24,18,12,107,0,0,0,107
08/24/2020,GSP,SC,ASO,ES,Combined TRACON& Tower with Radar,54,18,12,6,90,0,1,6,7,14,54,19,18,13,104,0,0,0,104
08/25/2020,GSP,SC,ASO,ES,Combined TRACON& Tower with Radar,44,15,16,3,78,0,0,11,1,12,44,15,27,4,90,0,0,0,90
08/26/2020,GSP,SC,ASO,ES,Combined TRACON& Tower with Radar,43,18,14,6,81,0,3,16,0,19,43,21,30,6,100,6,0,6,106
08/27/2020,GSP,SC,ASO,ES,Combined TRACON& Tower with Radar,54,23,14,4,95,0,2,22,1,25,54,25,36,5,120,14,0,14,134
08/28/2020,GSP,SC,ASO,ES,Combined TRACON& Tower with Radar,52,21,10,0,83,0,2,5,1,8,52,23,15,1,91,0,0,0,91
08/29/2020,GSP,SC,ASO,ES,Combined TRACON& Tower with Radar,50,12,8,0,70,0,0,5,2,7,50,12,13,2,77,0,0,0,77
08/30/2020,GSP,SC,ASO,ES,Combined TRACON& Tower with Radar,59,24,9,0,92,0,0,11,4,15,59,24,20,4,107,0,0,0,107
08/31/2020,GSP,SC,ASO,ES,Combined TRACON& Tower with Radar,57,26,18,17,118,0,2,0,1,3,57,28,18,18,121,0,0,0,121
09/01/2020,GSP,SC,ASO,ES,Combined TRACON& Tower with Radar,44,15,12,7,78,0,2,5,1,8,44,17,17,8,86,4,0,4,90
09/02/2020,GSP,SC,ASO,ES,Combined TRACON& Tower with Radar,45,19,21,24,109,0,0,6,4,10,45,19,27,28,119,0,10,10,129
09/03/2020,GSP,SC,ASO,ES,Combined TRACON& Tower with Radar,59,30,25,2,116,0,4,12,1,17,59,34,37,3,133,0,0,0,133
09/04/2020,GSP,SC,ASO,ES,Combined TRACON& Tower with Radar,51,23,24,1,99,0,1,10,0,11,51,24,34,1,110,0,0,0,110
09/05/2020,GSP,SC,ASO,ES,Combined TRACON& Tower with Radar,43,14,6,0,63,0,2,6,0,8,43,16,12,0,71,0,0,0,71
09/06/2020,GSP,SC,ASO,ES,Combined TRACON& Tower with Radar,44,12,13,0,69,0,0,3,0,3,44,12,16,0,72,0,0,0,72
09/07/2020,GSP,SC,ASO,ES,Combined TRACON& Tower with Radar,44,19,21,0,84,0,2,11,0,13,44,21,32,0,97,0,0,0,97
09/08/2020,GSP,SC,ASO,ES,Combined TRACON& Tower with Radar,42,18,22,0,82,0,0,3,0,3,42,18,25,0,85,16,0,16,101
09/09/2020,GSP,SC,ASO,ES,Combined TRACON& Tower with Radar,54,11,17,0,82,0,1,0,0,1,54,12,17,0,83,0,0,0,83
09/10/2020,GSP,SC,ASO,ES,Combined TRACON& Tower with Radar,60,10,9,0,79,0,0,2,0,2,60,10,11,0,81,8,0,8,89
09/11/2020,GSP,SC,ASO,ES,Combined TRACON& Tower with Radar,56,12,16,19,103,0,0,7,9,16,56,12,23,28,119,0,20,20,139
09/12/2020,GSP,SC,ASO,ES,Combined TRACON& Tower with Radar,49,10,6,4,69,0,0,0,0,0,49,10,6,4,69,0,0,0,69
09/13/2020,GSP,SC,ASO,ES,Combined TRACON& Tower with Radar,50,21,15,1,87,0,0,1,0,1,50,21,16,1,88,0,0,0,88
09/14/2020,GSP,SC,ASO,ES,Combined TRACON& Tower with Radar,54,14,23,0,91,0,4,5,0,9,54,18,28,0,100,0,0,0,100
09/15/2020,GSP,SC,ASO,ES,Combined TRACON& Tower with Radar,49,16,27,7,99,0,0,10,2,12,49,16,37,9,111,6,8,14,125
09/16/2020,GSP,SC,ASO,ES,Combined TRACON& Tower with Radar,54,14,24,11,103,0,0,2,3,5,54,14,26,14,108,0,0,0,108
09/17/2020,GSP,SC,ASO,ES,Combined TRACON& Tower with Radar,57,15,15,0,87,0,0,0,0,0,57,15,15,0,87,0,0,0,87
09/18/2020,GSP,SC,ASO,ES,Combined TRACON& Tower with Radar,56,11,17,4,88,0,1,9,0,10,56,12,26,4,98,12,0,12,110
09/19/2020,GSP,SC,ASO,ES,Combined TRACON& Tower with Radar,46,5,9,7,67,0,3,6,0,9,46,8,15,7,76,0,0,0,76
09/20/2020,GSP,SC,ASO,ES,Combined TRACON& Tower with Radar,50,13,21,0,84,0,0,18,0,18,50,13,39,0,102,4,0,4,106
09/21/2020,GSP,SC,ASO,ES,Combined TRACON& Tower with Radar,54,12,21,15,102,0,0,10,0,10,54,12,31,15,112,0,0,0,112
09/22/2020,GSP,SC,ASO,ES,Combined TRACON& Tower with Radar,51,13,14,15,93,0,2,18,1,21,51,15,32,16,114,14,15,29,143
09/23/2020,GSP,SC,ASO,ES,Combined TRACON& Tower with Radar,54,13,23,5,95,0,5,9,5,19,54,18,32,10,114,0,0,0,114
09/24/2020,GSP,SC,ASO,ES,Combined TRACON& Tower with Radar,62,15,15,2,94,0,2,9,0,11,62,17,24,2,105,0,0,0,105
09/25/2020,GSP,SC,ASO,ES,Combined TRACON& Tower with Radar,56,9,14,4,83,0,0,0,0,0,56,9,14,4,83,0,0,0,83
09/26/2020,GSP,SC,ASO,ES,Combined TRACON& Tower with Radar,47,15,13,0,75,0,0,3,0,3,47,15,16,0,78,0,0,0,78
09/27/2020,GSP,SC,ASO,ES,Combined TRACON& Tower with Radar,51,16,14,0,81,0,0,2,0,2,51,16,16,0,83,0,0,0,83
09/28/2020,GSP,SC,ASO,ES,Combined TRACON& Tower with Radar,53,16,24,0,93,0,1,1,0,2,53,17,25,0,95,0,0,0,95
09/29/2020,GSP,SC,ASO,ES,Combined TRACON& Tower with Radar,54,13,18,4,89,0,0,0,0,0,54,13,18,4,89,0,0,0,89
09/30/2020,GSP,SC,ASO,ES,Combined TRACON& Tower with Radar,54,11,17,16,98,0,5,7,0,12,54,16,24,16,110,0,0,0,110
10/01/2020,GSP,SC,ASO,ES,Combined TRACON& Tower with Radar,57,20,21,0,98,0,1,11,0,12,57,21,32,0,110,0,0,0,110
10/02/2020,GSP,SC,ASO,ES,Combined TRACON& Tower with Radar,58,14,15,9,96,0,3,7,3,13,58,17,22,12,109,0,0,0,109
10/03/2020,GSP,SC,ASO,ES,Combined TRACON& Tower with Radar,50,9,7,14,80,0,2,5,0,7,50,11,12,14,87,0,0,0,87
10/04/2020,GSP,SC,ASO,ES,Combined TRACON& Tower with Radar,54,17,17,4,92,0,1,13,0,14,54,18,30,4,106,0,0,0,106
10/05/2020,GSP,SC,ASO,ES,Combined TRACON& Tower with Radar,59,14,23,0,96,0,3,13,0,16,59,17,36,0,112,4,0,4,116
10/06/2020,GSP,SC,ASO,ES,Combined TRACON& Tower with Radar,50,5,24,24,103,0,4,7,5,16,50,9,31,29,119,0,32,32,151
10/07/2020,GSP,SC,ASO,ES,Combined TRACON& Tower with Radar,45,8,19,6,78,0,0,11,0,11,45,8,30,6,89,12,0,12,101
10/08/2020,GSP,SC,ASO,ES,Combined TRACON& Tower with Radar,56,19,33,31,139,0,5,10,3,18,56,24,43,34,157,4,12,16,173
10/09/2020,GSP,SC,ASO,ES,Combined TRACON& Tower with Radar,53,15,26,0,94,0,0,7,0,7,53,15,33,0,101,0,0,0,101
10/10/2020,GSP,SC,ASO,ES,Combined TRACON& Tower with Radar,43,15,9,0,67,0,0,0,0,0,43,15,9,0,67,0,0,0,67
10/11/2020,GSP,SC,ASO,ES,Combined TRACON& Tower with Radar,50,13,16,0,79,0,0,0,0,0,50,13,16,0,79,0,0,0,79
10/12/2020,GSP,SC,ASO,ES,Combined TRACON& Tower with Radar,54,12,25,0,91,0,1,5,5,11,54,13,30,5,102,0,0,0,102
10/13/2020,GSP,SC,ASO,ES,Combined TRACON& Tower with Radar,46,13,25,8,92,0,0,10,5,15,46,13,35,13,107,20,0,20,127
10/14/2020,GSP,SC,ASO,ES,Combined TRACON& Tower with Radar,43,13,33,21,110,0,0,14,2,16,43,13,47,23,126,0,0,0,126
10/15/2020,GSP,SC,ASO,ES,Combined TRACON& Tower with Radar,57,17,28,14,116,0,0,1,0,1,57,17,29,14,117,0,0,0,117
10/16/2020,GSP,SC,ASO,ES,Combined TRACON& Tower with Radar,51,16,20,16,103,0,2,5,1,8,51,18,25,17,111,10,6,16,127
10/17/2020,GSP,SC,ASO,ES,Combined TRACON& Tower with Radar,40,15,9,8,72,0,0,7,1,8,40,15,16,9,80,0,14,14,94
10/18/2020,GSP,SC,ASO,ES,Combined TRACON& Tower with Radar,46,21,12,4,83,0,4,10,0,14,46,25,22,4,97,0,0,0,97
10/19/2020,GSP,SC,ASO,ES,Combined TRACON& Tower with Radar,55,11,18,6,90,0,1,11,4,16,55,12,29,10,106,0,12,12,118
10/20/2020,GSP,SC,ASO,ES,Combined TRACON& Tower with Radar,47,16,15,17,95,0,0,19,0,19,47,16,34,17,114,0,0,0,114
10/21/2020,GSP,SC,ASO,ES,Combined TRACON& Tower with Radar,45,12,35,4,96,0,1,9,0,10,45,13,44,4,106,0,0,0,106
10/22/2020,GSP,SC,ASO,ES,Combined TRACON& Tower with Radar,54,12,27,1,94,0,2,10,1,13,54,14,37,2,107,0,0,0,107
10/23/2020,GSP,SC,ASO,ES,Combined TRACON& Tower with Radar,53,10,29,4,96,0,3,10,0,13,53,13,39,4,109,0,4,4,113
10/24/2020,GSP,SC,ASO,ES,Combined TRACON& Tower with Radar,40,15,11,0,66,0,3,4,0,7,40,18,15,0,73,0,0,0,73
10/25/2020,GSP,SC,ASO,ES,Combined TRACON& Tower with Radar,45,18,17,0,80,0,0,0,0,0,45,18,17,0,80,0,0,0,80
10/26/2020,GSP,SC,ASO,ES,Combined TRACON& Tower with Radar,50,18,25,0,93,0,1,6,0,7,50,19,31,0,100,20,0,20,120
10/27/2020,GSP,SC,ASO,ES,Combined TRACON& Tower with Radar,43,12,14,0,69,0,0,4,0,4,43,12,18,0,73,0,0,0,73
10/28/2020,GSP,SC,ASO,ES,Combined TRACON& Tower with Radar,49,9,11,1,70,0,0,0,0,0,49,9,11,1,70,0,0,0,70
10/29/2020,GSP,SC,ASO,ES,Combined TRACON& Tower with Radar,56,18,19,1,94,0,0,0,0,0,56,18,19,1,94,0,0,0,94
10/30/2020,GSP,SC,ASO,ES,Combined TRACON& Tower with Radar,49,21,26,1,97,0,4,5,1,10,49,25,31,2,107,0,4,4,111
10/31/2020,GSP,SC,ASO,ES,Combined TRACON& Tower with Radar,30,10,11,0,51,0,2,3,0,5,30,12,14,0,56,0,0,0,56
11/01/2020,GSP,SC,ASO,ES,Combined TRACON& Tower with Radar,44,16,12,0,72,0,5,2,0,7,44,21,14,0,79,0,0,0,79
11/02/2020,GSP,SC,ASO,ES,Combined TRACON& Tower with Radar,50,5,13,5,73,0,0,7,2,9,50,5,20,7,82,0,0,0,82
11/03/2020,GSP,SC,ASO,ES,Combined TRACON& Tower with Radar,41,8,14,0,63,0,1,10,2,13,41,9,24,2,76,0,0,0,76
11/04/2020,GSP,SC,ASO,ES,Combined TRACON& Tower with Radar,41,9,18,8,76,2,0,10,9,21,43,9,28,17,97,0,0,0,97
11/05/2020,GSP,SC,ASO,ES,Combined TRACON& Tower with Radar,58,24,26,9,117,0,2,10,0,12,58,26,36,9,129,19,0,19,148
11/06/2020,GSP,SC,ASO,ES,Combined TRACON& Tower with Radar,63,7,21,23,114,0,5,13,3,21,63,12,34,26,135,0,0,0,135
11/07/2020,GSP,SC,ASO,ES,Combined TRACON& Tower with Radar,45,7,4,0,56,0,2,5,2,9,45,9,9,2,65,0,0,0,65
11/08/2020,GSP,SC,ASO,ES,Combined TRACON& Tower with Radar,60,13,7,16,96,0,0,1,0,1,60,13,8,16,97,0,16,16,113
11/09/2020,GSP,SC,ASO,ES,Combined TRACON& Tower with Radar,68,9,18,0,95,0,2,4,0,6,68,11,22,0,101,0,0,0,101
11/10/2020,GSP,SC,ASO,ES,Combined TRACON& Tower with Radar,50,4,23,0,77,0,0,0,0,0,50,4,23,0,77,0,0,0,77
11/11/2020,GSP,SC,ASO,ES,Combined TRACON& Tower with Radar,50,7,30,0,87,0,0,1,0,1,50,7,31,0,88,0,0,0,88
11/12/2020,GSP,SC,ASO,ES,Combined TRACON& Tower with Radar,70,19,10,6,105,0,0,3,0,3,70,19,13,6,108,0,0,0,108
11/13/2020,GSP,SC,ASO,ES,Combined TRACON& Tower with Radar,64,15,20,7,106,0,0,8,44,52,64,15,28,51,158,0,0,0,158
11/14/2020,GSP,SC,ASO,ES,Combined TRACON& Tower with Radar,48,8,10,0,66,0,0,2,0,2,48,8,12,0,68,0,0,0,68
11/15/2020,GSP,SC,ASO,ES,Combined TRACON& Tower with Radar,59,5,5,0,69,0,0,3,0,3,59,5,8,0,72,0,0,0,72
11/16/2020,GSP,SC,ASO,ES,Combined TRACON& Tower with Radar,67,14,27,0,108,0,2,6,0,8,67,16,33,0,116,0,0,0,116
11/17/2020,GSP,SC,ASO,ES,Combined TRACON& Tower with Radar,50,7,15,19,91,0,5,5,13,23,50,12,20,32,114,0,12,12,126
11/18/2020,GSP,SC,ASO,ES,Combined TRACON& Tower with Radar,48,8,17,18,91,0,2,9,0,11,48,10,26,18,102,6,0,6,108
11/19/2020,GSP,SC,ASO,ES,Combined TRACON& Tower with Radar,68,18,22,4,112,0,2,16,0,18,68,20,38,4,130,0,0,0,130
11/20/2020,GSP,SC,ASO,ES,Combined TRACON& Tower with Radar,69,7,19,11,106,0,0,9,0,9,69,7,28,11,115,0,12,12,127
11/21/2020,GSP,SC,ASO,ES,Combined TRACON& Tower with Radar,51,7,17,0,75,0,0,14,1,15,51,7,31,1,90,0,0,0,90
11/22/2020,GSP,SC,ASO,ES,Combined TRACON& Tower with Radar,63,12,30,1,106,0,2,11,0,13,63,14,41,1,119,0,0,0,119
11/23/2020,GSP,SC,ASO,ES,Combined TRACON& Tower with Radar,54,5,10,0,69,0,4,8,0,12,54,9,18,0,81,4,0,4,85
11/24/2020,GSP,SC,ASO,ES,Combined TRACON& Tower with Radar,70,11,11,19,111,0,0,7,3,10,70,11,18,22,121,0,30,30,151
11/25/2020,GSP,SC,ASO,ES,Combined TRACON& Tower with Radar,69,15,20,0,104,0,0,1,0,1,69,15,21,0,105,0,0,0,105
11/26/2020,GSP,SC,ASO,ES,Combined TRACON& Tower with Radar,26,3,1,0,30,0,0,4,0,4,26,3,5,0,34,0,0,0,34
11/27/2020,GSP,SC,ASO,ES,Combined TRACON& Tower with Radar,51,9,7,0,67,0,1,10,0,11,51,10,17,0,78,0,28,28,106
11/28/2020,GSP,SC,ASO,ES,Combined TRACON& Tower with Radar,57,14,9,0,80,0,0,6,0,6,57,14,15,0,86,0,0,0,86
11/29/2020,GSP,SC,ASO,ES,Combined TRACON& Tower with Radar,73,17,18,0,108,0,3,3,0,6,73,20,21,0,114,0,0,0,114
11/30/2020,GSP,SC,ASO,ES,Combined TRACON& Tower with Radar,66,9,11,2,88,0,2,3,0,5,66,11,14,2,93,0,0,0,93
12/01/2020,GSP,SC,ASO,ES,Combined TRACON& Tower with Radar,64,6,16,21,107,0,1,6,0,7,64,7,22,21,114,0,18,18,132
12/02/2020,GSP,SC,ASO,ES,Combined TRACON& Tower with Radar,55,7,19,21,102,0,4,6,9,19,55,11,25,30,121,0,32,32,153
12/03/2020,GSP,SC,ASO,ES,Combined TRACON& Tower with Radar,68,7,19,14,108,0,0,8,0,8,68,7,27,14,116,0,22,22,138
12/04/2020,GSP,SC,ASO,ES,Combined TRACON& Tower with Radar,69,10,19,7,105,0,0,2,5,7,69,10,21,12,112,0,8,8,120
12/05/2020,GSP,SC,ASO,ES,Combined TRACON& Tower with Radar,41,6,3,0,50,0,4,9,2,15,41,10,12,2,65,6,0,6,71
12/06/2020,GSP,SC,ASO,ES,Combined TRACON& Tower with Radar,57,11,10,0,78,0,0,12,0,12,57,11,22,0,90,0,0,0,90
12/07/2020,GSP,SC,ASO,ES,Combined TRACON& Tower with Radar,68,8,13,6,95,0,1,3,0,4,68,9,16,6,99,0,0,0,99
12/08/2020,GSP,SC,ASO,ES,Combined TRACON& Tower with Radar,54,8,17,11,90,0,4,34,11,49,54,12,51,22,139,0,8,8,147
12/09/2020,GSP,SC,ASO,ES,Combined TRACON& Tower with Radar,51,10,16,8,85,0,0,13,2,15,51,10,29,10,100,0,12,12,112
12/10/2020,GSP,SC,ASO,ES,Combined TRACON& Tower with Radar,64,7,16,15,102,0,0,4,0,4,64,7,20,15,106,0,0,0,106
12/11/2020,GSP,SC,ASO,ES,Combined TRACON& Tower with Radar,69,9,18,9,105,0,0,15,1,16,69,9,33,10,121,0,0,0,121
12/12/2020,GSP,SC,ASO,ES,Combined TRACON& Tower with Radar,42,6,18,0,66,0,1,13,0,14,42,7,31,0,80,0,0,0,80
12/13/2020,GSP,SC,ASO,ES,Combined TRACON& Tower with Radar,60,7,15,0,82,0,3,17,1,21,60,10,32,1,103,0,8,8,111
12/14/2020,GSP,SC,ASO,ES,Combined TRACON& Tower with Radar,65,12,15,0,92,0,1,4,0,5,65,13,19,0,97,4,0,4,101
12/15/2020,GSP,SC,ASO,ES,Combined TRACON& Tower with Radar,57,7,17,17,98,0,2,6,23,31,57,9,23,40,129,0,0,0,129
12/16/2020,GSP,SC,ASO,ES,Combined TRACON& Tower with Radar,50,8,16,3,77,0,0,0,0,0,50,8,16,3,77,0,0,0,77
12/17/2020,GSP,SC,ASO,ES,Combined TRACON& Tower with Radar,66,15,30,12,123,0,2,6,1,9,66,17,36,13,132,0,0,0,132
12/18/2020,GSP,SC,ASO,ES,Combined TRACON& Tower with Radar,68,21,14,0,103,0,2,11,1,14,68,23,25,1,117,0,0,0,117
12/19/2020,GSP,SC,ASO,ES,Combined TRACON& Tower with Radar,64,13,17,0,94,0,7,10,0,17,64,20,27,0,111,0,0,0,111
12/20/2020,GSP,SC,ASO,ES,Combined TRACON& Tower with Radar,62,16,18,0,96,0,0,3,0,3,62,16,21,0,99,12,0,12,111
12/21/2020,GSP,SC,ASO,ES,Combined TRACON& Tower with Radar,63,15,9,0,87,0,0,8,0,8,63,15,17,0,95,0,0,0,95
12/22/2020,GSP,SC,ASO,ES,Combined TRACON& Tower with Radar,69,17,14,0,100,0,0,10,0,10,69,17,24,0,110,6,0,6,116
12/23/2020,GSP,SC,ASO,ES,Combined TRACON& Tower with Radar,66,17,6,7,96,0,8,6,0,14,66,25,12,7,110,0,8,8,118
12/24/2020,GSP,SC,ASO,ES,Combined TRACON& Tower with Radar,49,10,3,0,62,0,0,0,0,0,49,10,3,0,62,0,0,0,62
12/25/2020,GSP,SC,ASO,ES,Combined TRACON& Tower with Radar,30,5,1,0,36,0,0,1,0,1,30,5,2,0,37,0,0,0,37
12/26/2020,GSP,SC,ASO,ES,Combined TRACON& Tower with Radar,56,13,8,0,77,0,1,5,0,6,56,14,13,0,83,0,0,0,83
12/27/2020,GSP,SC,ASO,ES,Combined TRACON& Tower with Radar,62,16,20,0,98,0,0,11,0,11,62,16,31,0,109,0,0,0,109
12/28/2020,GSP,SC,ASO,ES,Combined TRACON& Tower with Radar,61,12,8,0,81,0,3,4,0,7,61,15,12,0,88,0,0,0,88
12/29/2020,GSP,SC,ASO,ES,Combined TRACON& Tower with Radar,69,14,8,0,91,0,0,13,0,13,69,14,21,0,104,0,0,0,104
12/30/2020,GSP,SC,ASO,ES,Combined TRACON& Tower with Radar,68,17,23,0,108,0,0,2,0,2,68,17,25,0,110,0,0,0,110
12/31/2020,GSP,SC,ASO,ES,Combined TRACON& Tower with Radar,46,9,6,0,61,0,0,0,0,0,46,9,6,0,61,0,0,0,61
01/01/2021,GSP,SC,ASO,ES,Combined TRACON& Tower with Radar,37,8,3,0,48,0,0,0,0,0,37,8,3,0,48,0,0,0,48
01/02/2021,GSP,SC,ASO,ES,Combined TRACON& Tower with Radar,62,14,19,4,99,0,0,8,0,8,62,14,27,4,107,0,0,0,107
01/03/2021,GSP,SC,ASO,ES,Combined TRACON& Tower with Radar,59,14,12,0,85,0,0,6,0,6,59,14,18,0,91,0,0,0,91
01/04/2021,GSP,SC,ASO,ES,Combined TRACON& Tower with Radar,63,17,12,2,94,0,1,2,0,3,63,18,14,2,97,0,0,0,97
01/05/2021,GSP,SC,ASO,ES,Combined TRACON& Tower with Radar,47,6,19,20,92,0,1,4,0,5,47,7,23,20,97,0,0,0,97
01/06/2021,GSP,SC,ASO,ES,Combined TRACON& Tower with Radar,49,5,17,9,80,0,0,12,1,13,49,5,29,10,93,0,0,0,93
01/07/2021,GSP,SC,ASO,ES,Combined TRACON& Tower with Radar,62,12,17,0,91,0,0,4,0,4,62,12,21,0,95,0,0,0,95
01/08/2021,GSP,SC,ASO,ES,Combined TRACON& Tower with Radar,56,13,15,0,84,0,0,0,0,0,56,13,15,0,84,0,0,0,84
01/09/2021,GSP,SC,ASO,ES,Combined TRACON& Tower with Radar,39,7,6,0,52,0,4,3,0,7,39,11,9,0,59,0,0,0,59
01/10/2021,GSP,SC,ASO,ES,Combined TRACON& Tower with Radar,52,9,6,0,67,0,0,7,0,7,52,9,13,0,74,0,0,0,74
01/11/2021,GSP,SC,ASO,ES,Combined TRACON& Tower with Radar,57,11,21,6,95,0,0,0,0,0,57,11,21,6,95,0,0,0,95
01/12/2021,GSP,SC,ASO,ES,Combined TRACON& Tower with Radar,45,17,27,0,89,0,2,3,0,5,45,19,30,0,94,0,0,0,94
01/13/2021,GSP,SC,ASO,ES,Combined TRACON& Tower with Radar,51,8,23,5,87,0,0,11,8,19,51,8,34,13,106,0,44,44,150
01/14/2021,GSP,SC,ASO,ES,Combined TRACON& Tower with Radar,58,20,17,14,109,0,0,3,3,6,58,20,20,17,115,0,0,0,115
01/15/2021,GSP,SC,ASO,ES,Combined TRACON& Tower with Radar,60,22,13,2,97,0,2,4,0,6,60,24,17,2,103,0,0,0,103
01/16/2021,GSP,SC,ASO,ES,Combined TRACON& Tower with Radar,44,7,7,2,60,0,0,1,0,1,44,7,8,2,61,0,0,0,61
01/17/2021,GSP,SC,ASO,ES,Combined TRACON& Tower with Radar,48,12,15,0,75,0,0,4,0,4,48,12,19,0,79,0,0,0,79
01/18/2021,GSP,SC,ASO,ES,Combined TRACON& Tower with Radar,56,15,12,0,83,0,3,15,0,18,56,18,27,0,101,0,0,0,101
01/19/2021,GSP,SC,ASO,ES,Combined TRACON& Tower with Radar,45,8,20,0,73,0,1,4,0,5,45,9,24,0,78,0,0,0,78
01/20/2021,GSP,SC,ASO,ES,Combined TRACON& Tower with Radar,48,5,10,4,67,0,6,44,0,50,48,11,54,4,117,12,0,12,129
01/21/2021,GSP,SC,ASO,ES,Combined TRACON& Tower with Radar,59,18,21,13,111,0,0,4,1,5,59,18,25,14,116,0,0,0,116
01/22/2021,GSP,SC,ASO,ES,Combined TRACON& Tower with Radar,55,10,15,38,118,0,1,5,8,14,55,11,20,46,132,0,16,16,148
01/23/2021,GSP,SC,ASO,ES,Combined TRACON& Tower with Radar,42,8,5,22,77,0,2,18,2,22,42,10,23,24,99,20,6,26,125
01/24/2021,GSP,SC,ASO,ES,Combined TRACON& Tower with Radar,53,19,7,5,84,0,0,9,3,12,53,19,16,8,96,0,0,0,96
01/25/2021,GSP,SC,ASO,ES,Combined TRACON& Tower with Radar,59,22,21,0,102,0,0,0,0,0,59,22,21,0,102,0,0,0,102
01/26/2021,GSP,SC,ASO,ES,Combined TRACON& Tower with Radar,51,8,26,0,85,0,0,1,1,2,51,8,27,1,87,0,0,0,87
01/27/2021,GSP,SC,ASO,ES,Combined TRACON& Tower with Radar,50,15,16,1,82,0,0,2,0,2,50,15,18,1,84,0,0,0,84
01/28/2021,GSP,SC,ASO,ES,Combined TRACON& Tower with Radar,53,20,28,12,113,0,4,8,0,12,53,24,36,12,125,0,8,8,133
01/29/2021,GSP,SC,ASO,ES,Combined TRACON& Tower with Radar,57,22,13,12,104,0,1,10,2,13,57,23,23,14,117,0,26,26,143
01/30/2021,GSP,SC,ASO,ES,Combined TRACON& Tower with Radar,40,11,8,0,59,0,4,8,0,12,40,15,16,0,71,0,0,0,71
01/31/2021,GSP,SC,ASO,ES,Combined TRACON& Tower with Radar,49,9,7,0,65,0,0,0,0,0,49,9,7,0,65,0,0,0,65
02/01/2021,GSP,SC,ASO,ES,Combined TRACON& Tower with Radar,59,9,18,0,86,0,0,2,2,4,59,9,20,2,90,0,0,0,90
02/02/2021,GSP,SC,ASO,ES,Combined TRACON& Tower with Radar,49,6,14,5,74,0,4,4,3,11,49,10,18,8,85,0,0,0,85
02/03/2021,GSP,SC,ASO,ES,Combined TRACON& Tower with Radar,50,16,13,0,79,0,0,14,3,17,50,16,27,3,96,24,0,24,120
02/04/2021,GSP,SC,ASO,ES,Combined TRACON& Tower with Radar,60,19,20,16,115,0,1,18,0,19,60,20,38,16,134,0,0,0,134
02/05/2021,GSP,SC,ASO,ES,Combined TRACON& Tower with Radar,60,11,17,4,92,0,1,12,0,13,60,12,29,4,105,6,0,6,111
02/06/2021,GSP,SC,ASO,ES,Combined TRACON& Tower with Radar,40,4,15,0,59,0,0,8,0,8,40,4,23,0,67,0,0,0,67
02/07/2021,GSP,SC,ASO,ES,Combined TRACON& Tower with Radar,48,6,21,0,75,0,3,8,0,11,48,9,29,0,86,0,0,0,86
02/08/2021,GSP,SC,ASO,ES,Combined TRACON& Tower with Radar,56,15,26,0,97,0,1,15,2,18,56,16,41,2,115,12,0,12,127
02/09/2021,GSP,SC,ASO,ES,Combined TRACON& Tower with Radar,48,10,28,20,106,0,0,3,0,3,48,10,31,20,109,0,0,0,109
02/10/2021,GSP,SC,ASO,ES,Combined TRACON& Tower with Radar,50,7,18,22,97,0,3,2,0,5,50,10,20,22,102,0,0,0,102
02/11/2021,GSP,SC,ASO,ES,Combined TRACON& Tower with Radar,68,14,10,0,92,0,0,0,0,0,68,14,10,0,92,0,0,0,92
02/12/2021,GSP,SC,ASO,ES,Combined TRACON& Tower with Radar,65,14,26,2,107,0,0,0,0,0,65,14,26,2,107,0,0,0,107
02/13/2021,GSP,SC,ASO,ES,Combined TRACON& Tower with Radar,43,10,10,0,63,0,0,0,0,0,43,10,10,0,63,0,0,0,63
02/14/2021,GSP,SC,ASO,ES,Combined TRACON& Tower with Radar,49,16,9,0,74,0,0,0,0,0,49,16,9,0,74,0,0,0,74
02/15/2021,GSP,SC,ASO,ES,Combined TRACON& Tower with Radar,50,12,22,0,84,0,0,0,0,0,50,12,22,0,84,0,0,0,84
02/16/2021,GSP,SC,ASO,ES,Combined TRACON& Tower with Radar,37,24,31,16,108,0,1,19,0,20,37,25,50,16,128,0,0,0,128
02/17/2021,GSP,SC,ASO,ES,Combined TRACON& Tower with Radar,51,15,18,15,99,0,1,13,0,14,51,16,31,15,113,0,0,0,113
02/18/2021,GSP,SC,ASO,ES,Combined TRACON& Tower with Radar,57,26,22,0,105,0,0,0,0,0,57,26,22,0,105,0,0,0,105
02/19/2021,GSP,SC,ASO,ES,Combined TRACON& Tower with Radar,72,18,14,10,114,1,0,5,4,10,73,18,19,14,124,0,6,6,130
02/20/2021,GSP,SC,ASO,ES,Combined TRACON& Tower with Radar,45,11,11,2,69,0,2,6,5,13,45,13,17,7,82,0,0,0,82
02/21/2021,GSP,SC,ASO,ES,Combined TRACON& Tower with Radar,69,27,27,2,125,0,1,18,6,25,69,28,45,8,150,10,0,10,160
02/22/2021,GSP,SC,ASO,ES,Combined TRACON& Tower with Radar,68,14,22,14,118,0,0,2,0,2,68,14,24,14,120,0,0,0,120
02/23/2021,GSP,SC,ASO,ES,Combined TRACON& Tower with Radar,62,13,20,0,95,0,7,4,0,11,62,20,24,0,106,0,0,0,106
02/24/2021,GSP,SC,ASO,ES,Combined TRACON& Tower with Radar,53,11,31,17,112,0,8,11,3,22,53,19,42,20,134,10,0,10,144
02/25/2021,GSP,SC,ASO,ES,Combined TRACON& Tower with Radar,74,12,34,26,146,0,2,14,1,17,74,14,48,27,163,0,20,20,183
02/26/2021,GSP,SC,ASO,ES,Combined TRACON& Tower with Radar,72,20,14,0,106,0,0,0,0,0,72,20,14,0,106,0,0,0,106
02/27/2021,GSP,SC,ASO,ES,Combined TRACON& Tower with Radar,49,10,13,2,74,0,0,1,0,1,49,10,14,2,75,0,0,0,75
02/28/2021,GSP,SC,ASO,ES,Combined TRACON& Tower with Radar,65,16,14,0,95,0,7,2,0,9,65,23,16,0,104,6,0,6,110
03/01/2021,GSP,SC,ASO,ES,Combined TRACON& Tower with Radar,69,11,25,7,112,0,0,3,3,6,69,11,28,10,118,0,57,57,175
03/02/2021,GSP,SC,ASO,ES,Combined TRACON& Tower with Radar,62,16,38,2,118,0,2,12,1,15,62,18,50,3,133,0,0,0,133
03/03/2021,GSP,SC,ASO,ES,Combined TRACON& Tower with Radar,62,7,20,11,100,0,0,8,14,22,62,7,28,25,122,0,0,0,122
03/04/2021,GSP,SC,ASO,ES,Combined TRACON& Tower with Radar,74,16,20,6,116,0,0,6,1,7,74,16,26,7,123,0,16,16,139
03/05/2021,GSP,SC,ASO,ES,Combined TRACON& Tower with Radar,81,13,20,11,125,0,1,10,1,12,81,14,30,12,137,0,0,0,137
03/06/2021,GSP,SC,ASO,ES,Combined TRACON& Tower with Radar,61,9,16,0,86,0,0,10,0,10,61,9,26,0,96,8,0,8,104
03/07/2021,GSP,SC,ASO,ES,Combined TRACON& Tower with Radar,71,11,12,0,94,0,0,10,0,10,71,11,22,0,104,0,0,0,104
03/08/2021,GSP,SC,ASO,ES,Combined TRACON& Tower with Radar,66,12,14,5,97,0,4,14,6,24,66,16,28,11,121,0,18,18,139
03/09/2021,GSP,SC,ASO,ES,Combined TRACON& Tower with Radar,56,11,23,29,119,0,0,17,0,17,56,11,40,29,136,0,0,0,136
03/10/2021,GSP,SC,ASO,ES,Combined TRACON& Tower with Radar,60,21,21,10,112,0,1,9,0,10,60,22,30,10,122,0,0,0,122
03/11/2021,GSP,SC,ASO,ES,Combined TRACON& Tower with Radar,75,16,28,11,130,0,0,7,9,16,75,16,35,20,146,0,28,28,174
03/12/2021,GSP,SC,ASO,ES,Combined TRACON& Tower with Radar,75,19,22,30,146,0,0,9,2,11,75,19,31,32,157,14,6,20,177
03/13/2021,GSP,SC,ASO,ES,Combined TRACON& Tower with Radar,55,19,13,2,89,0,4,3,0,7,55,23,16,2,96,0,0,0,96
03/14/2021,GSP,SC,ASO,ES,Combined TRACON& Tower with Radar,62,9,16,18,105,0,0,8,6,14,62,9,24,24,119,0,0,0,119
03/15/2021,GSP,SC,ASO,ES,Combined TRACON& Tower with Radar,72,22,14,15,123,0,1,6,0,7,72,23,20,15,130,0,0,0,130
03/16/2021,GSP,SC,ASO,ES,Combined TRACON& Tower with Radar,60,22,12,0,94,0,0,0,0,0,60,22,12,0,94,0,0,0,94
03/17/2021,GSP,SC,ASO,ES,Combined TRACON& Tower with Radar,64,26,13,0,103,0,0,0,0,0,64,26,13,0,103,0,0,0,103
03/18/2021,GSP,SC,ASO,ES,Combined TRACON& Tower with Radar,78,17,20,0,115,0,1,0,0,1,78,18,20,0,116,0,0,0,116
03/19/2021,GSP,SC,ASO,ES,Combined TRACON& Tower with Radar,79,18,15,8,120,0,3,2,0,5,79,21,17,8,125,0,0,0,125
03/20/2021,GSP,SC,ASO,ES,Combined TRACON& Tower with Radar,58,13,18,1,90,0,0,7,1,8,58,13,25,2,98,0,0,0,98
03/21/2021,GSP,SC,ASO,ES,Combined TRACON& Tower with Radar,60,20,14,0,94,0,2,3,0,5,60,22,17,0,99,0,0,0,99
03/22/2021,GSP,SC,ASO,ES,Combined TRACON& Tower with Radar,67,12,30,0,109,0,3,9,0,12,67,15,39,0,121,0,0,0,121
03/23/2021,GSP,SC,ASO,ES,Combined TRACON& Tower with Radar,59,17,23,17,116,0,1,2,2,5,59,18,25,19,121,0,10,10,131
03/24/2021,GSP,SC,ASO,ES,Combined TRACON& Tower with Radar,65,23,14,2,104,0,0,0,0,0,65,23,14,2,104,0,0,0,104
03/25/2021,GSP,SC,ASO,ES,Combined TRACON& Tower with Radar,68,23,22,12,125,0,0,0,0,0,68,23,22,12,125,0,0,0,125
03/26/2021,GSP,SC,ASO,ES,Combined TRACON& Tower with Radar,77,22,18,1,118,0,1,4,4,9,77,23,22,5,127,0,22,22,149
03/27/2021,GSP,SC,ASO,ES,Combined TRACON& Tower with Radar,55,18,3,0,76,0,0,2,0,2,55,18,5,0,78,0,0,0,78
03/28/2021,GSP,SC,ASO,ES,Combined TRACON& Tower with Radar,74,25,12,1,112,0,0,3,0,3,74,25,15,1,115,0,0,0,115
03/29/2021,GSP,SC,ASO,ES,Combined TRACON& Tower with Radar,74,20,12,0,106,0,3,12,0,15,74,23,24,0,121,0,0,0,121
03/30/2021,GSP,SC,ASO,ES,Combined TRACON& Tower with Radar,67,20,20,23,130,0,7,9,3,19,67,27,29,26,149,4,20,24,173
03/31/2021,GSP,SC,ASO,ES,Combined TRACON& Tower with Radar,68,15,14,0,97,0,0,0,0,0,68,15,14,0,97,0,0,0,97
04/01/2021,GSP,SC,ASO,ES,Combined TRACON& Tower with Radar,75,24,29,6,134,0,0,5,6,11,75,24,34,12,145,0,0,0,145
04/02/2021,GSP,SC,ASO,ES,Combined TRACON& Tower with Radar,84,21,17,0,122,0,0,9,0,9,84,21,26,0,131,6,0,6,137
04/03/2021,GSP,SC,ASO,ES,Combined TRACON& Tower with Radar,65,13,9,0,87,0,1,6,0,7,65,14,15,0,94,0,0,0,94
04/04/2021,GSP,SC,ASO,ES,Combined TRACON& Tower with Radar,75,23,9,0,107,0,0,4,0,4,75,23,13,0,111,0,0,0,111
04/05/2021,GSP,SC,ASO,ES,Combined TRACON& Tower with Radar,74,26,24,1,125,0,5,13,1,19,74,31,37,2,144,0,0,0,144
04/06/2021,GSP,SC,ASO,ES,Combined TRACON& Tower with Radar,66,20,16,10,112,0,0,17,1,18,66,20,33,11,130,0,0,0,130
04/07/2021,GSP,SC,ASO,ES,Combined TRACON& Tower with Radar,84,20,18,42,164,0,6,11,2,19,84,26,29,44,183,40,30,70,253
04/08/2021,GSP,SC,ASO,ES,Combined TRACON& Tower with Radar,84,21,19,20,144,2,2,12,4,20,86,23,31,24,164,0,36,36,200
04/09/2021,GSP,SC,ASO,ES,Combined TRACON& Tower with Radar,86,18,18,0,122,0,3,11,0,14,86,21,29,0,136,0,0,0,136
04/10/2021,GSP,SC,ASO,ES,Combined TRACON& Tower with Radar,67,10,5,0,82,0,0,1,0,1,67,10,6,0,83,0,0,0,83
04/11/2021,GSP,SC,ASO,ES,Combined TRACON& Tower with Radar,70,24,14,0,108,0,3,8,2,13,70,27,22,2,121,4,0,4,125
04/12/2021,GSP,SC,ASO,ES,Combined TRACON& Tower with Radar,79,23,25,0,127,0,2,10,0,12,79,25,35,0,139,0,0,0,139
04/13/2021,GSP,SC,ASO,ES,Combined TRACON& Tower with Radar,64,10,40,15,129,0,2,23,2,27,64,12,63,17,156,0,0,0,156
04/14/2021,GSP,SC,ASO,ES,Combined TRACON& Tower with Radar,72,14,14,0,100,0,1,12,0,13,72,15,26,0,113,0,0,0,113
04/15/2021,GSP,SC,ASO,ES,Combined TRACON& Tower with Radar,87,15,32,0,134,0,0,6,0,6,87,15,38,0,140,0,0,0,140
04/16/2021,GSP,SC,ASO,ES,Combined TRACON& Tower with Radar,87,30,28,9,154,0,3,17,2,22,87,33,45,11,176,18,0,18,194
04/17/2021,GSP,SC,ASO,ES,Combined TRACON& Tower with Radar,63,18,9,9,99,0,0,11,0,11,63,18,20,9,110,0,0,0,110
04/18/2021,GSP,SC,ASO,ES,Combined TRACON& Tower with Radar,74,21,12,18,125,0,1,20,0,21,74,22,32,18,146,0,10,10,156
04/19/2021,GSP,SC,ASO,ES,Combined TRACON& Tower with Radar,75,26,30,0,131,0,0,20,0,20,75,26,50,0,151,24,0,24,175
04/20/2021,GSP,SC,ASO,ES,Combined TRACON& Tower with Radar,65,13,20,10,108,0,3,23,0,26,65,16,43,10,134,0,0,0,134
04/21/2021,GSP,SC,ASO,ES,Combined TRACON& Tower with Radar,75,15,16,12,118,0,0,12,0,12,75,15,28,12,130,0,0,0,130
04/22/2021,GSP,SC,ASO,ES,Combined TRACON& Tower with Radar,80,30,18,14,142,0,8,5,1,14,80,38,23,15,156,6,0,6,162
04/23/2021,GSP,SC,ASO,ES,Combined TRACON& Tower with Radar,60,38,23,6,127,0,1,20,2,23,60,39,43,8,150,12,0,12,162
04/24/2021,GSP,SC,ASO,ES,Combined TRACON& Tower with Radar,60,15,11,0,86,0,0,0,0,0,60,15,11,0,86,0,0,0,86
04/25/2021,GSP,SC,ASO,ES,Combined TRACON& Tower with Radar,67,28,11,3,109,0,0,8,1,9,67,28,19,4,118,0,0,0,118
04/26/2021,GSP,SC,ASO,ES,Combined TRACON& Tower with Radar,78,28,20,11,137,0,1,12,0,13,78,29,32,11,150,14,0,14,164
04/27/2021,GSP,SC,ASO,ES,Combined TRACON& Tower with Radar,65,24,24,12,125,0,0,12,3,15,65,24,36,15,140,0,0,0,140
04/28/2021,GSP,SC,ASO,ES,Combined TRACON& Tower with Radar,75,21,21,22,139,0,9,4,3,16,75,30,25,25,155,0,0,0,155
04/29/2021,GSP,SC,ASO,ES,Combined TRACON& Tower with Radar,78,27,19,4,128,0,4,6,0,10,78,31,25,4,138,6,0,6,144
04/30/2021,GSP,SC,ASO,ES,Combined TRACON& Tower with Radar,82,23,28,1,134,0,2,16,0,18,82,25,44,1,152,0,0,0,152
05/01/2021,GSP,SC,ASO,ES,Combined TRACON& Tower with Radar,63,13,13,1,90,0,1,15,0,16,63,14,28,1,106,14,0,14,120
05/02/2021,GSP,SC,ASO,ES,Combined TRACON& Tower with Radar,69,26,17,0,112,0,0,15,0,15,69,26,32,0,127,0,0,0,127
05/03/2021,GSP,SC,ASO,ES,Combined TRACON& Tower with Radar,73,24,22,0,119,0,0,0,0,0,73,24,22,0,119,0,0,0,119
05/04/2021,GSP,SC,ASO,ES,Combined TRACON& Tower with Radar,73,16,7,0,96,0,0,0,0,0,73,16,7,0,96,0,0,0,96
05/05/2021,GSP,SC,ASO,ES,Combined TRACON& Tower with Radar,75,23,24,9,131,0,10,7,0,17,75,33,31,9,148,0,0,0,148
05/06/2021,GSP,SC,ASO,ES,Combined TRACON& Tower with Radar,81,24,37,0,142,0,3,17,0,20,81,27,54,0,162,18,0,18,180
05/07/2021,GSP,SC,ASO,ES,Combined TRACON& Tower with Radar,82,27,13,6,128,0,1,8,0,9,82,28,21,6,137,0,0,0,137
05/08/2021,GSP,SC,ASO,ES,Combined TRACON& Tower with Radar,69,15,22,0,106,0,0,18,0,18,69,15,40,0,124,0,0,0,124
05/09/2021,GSP,SC,ASO,ES,Combined TRACON& Tower with Radar,83,27,16,2,128,0,8,10,0,18,83,35,26,2,146,0,0,0,146
05/10/2021,GSP,SC,ASO,ES,Combined TRACON& Tower with Radar,77,27,9,0,113,0,0,1,2,3,77,27,10,2,116,0,0,0,116
05/11/2021,GSP,SC,ASO,ES,Combined TRACON& Tower with Radar,63,11,18,0,92,0,0,8,4,12,63,11,26,4,104,0,0,0,104
05/12/2021,GSP,SC,ASO,ES,Combined TRACON& Tower with Radar,71,19,19,3,112,0,0,1,1,2,71,19,20,4,114,0,0,0,114
05/13/2021,GSP,SC,ASO,ES,Combined TRACON& Tower with Radar,78,25,18,0,121,0,4,10,2,16,78,29,28,2,137,0,0,0,137
05/14/2021,GSP,SC,ASO,ES,Combined TRACON& Tower with Radar,77,25,25,6,133,0,2,10,1,13,77,27,35,7,146,0,0,0,146
05/15/2021,GSP,SC,ASO,ES,Combined TRACON& Tower with Radar,63,18,11,1,93,0,1,5,2,8,63,19,16,3,101,0,0,0,101
05/16/2021,GSP,SC,ASO,ES,Combined TRACON& Tower with Radar,74,27,24,0,125,0,0,6,0,6,74,27,30,0,131,4,0,4,135
05/17/2021,GSP,SC,ASO,ES,Combined TRACON& Tower with Radar,76,20,21,2,119,0,2,4,3,9,76,22,25,5,128,0,0,0,128
05/18/2021,GSP,SC,ASO,ES,Combined TRACON& Tower with Radar,69,12,20,0,101,0,0,7,2,9,69,12,27,2,110,0,0,0,110
05/19/2021,GSP,SC,ASO,ES,Combined TRACON& Tower with Radar,72,24,30,0,126,0,1,15,0,16,72,25,45,0,142,0,0,0,142
05/20/2021,GSP,SC,ASO,ES,Combined TRACON& Tower with Radar,81,35,55,1,172,0,6,9,2,17,81,41,64,3,189,0,0,0,189
05/21/2021,GSP,SC,ASO,ES,Combined TRACON& Tower with Radar,82,25,18,4,129,0,2,8,0,10,82,27,26,4,139,0,0,0,139
05/22/2021,GSP,SC,ASO,ES,Combined TRACON& Tower with Radar,66,14,6,0,86,0,0,1,0,1,66,14,7,0,87,0,0,0,87
05/23/2021,GSP,SC,ASO,ES,Combined TRACON& Tower with Radar,71,24,16,1,112,0,5,9,0,14,71,29,25,1,126,0,0,0,126
05/24/2021,GSP,SC,ASO,ES,Combined TRACON& Tower with Radar,76,16,22,4,118,0,1,6,0,7,76,17,28,4,125,0,0,0,125
05/25/2021,GSP,SC,ASO,ES,Combined TRACON& Tower with Radar,79,23,28,2,132,0,5,12,2,19,79,28,40,4,151,0,0,0,151
05/26/2021,GSP,SC,ASO,ES,Combined TRACON& Tower with Radar,77,15,26,0,118,0,1,16,0,17,77,16,42,0,135,0,0,0,135
05/27/2021,GSP,SC,ASO,ES,Combined TRACON& Tower with Radar,83,22,28,2,135,1,1,12,0,14,84,23,40,2,149,0,0,0,149
05/28/2021,GSP,SC,ASO,ES,Combined TRACON& Tower with Radar,82,22,27,6,137,0,2,9,0,11,82,24,36,6,148,0,0,0,148
05/29/2021,GSP,SC,ASO,ES,Combined TRACON& Tower with Radar,65,19,8,4,96,0,0,2,0,2,65,19,10,4,98,0,0,0,98
05/30/2021,GSP,SC,ASO,ES,Combined TRACON& Tower with Radar,62,14,11,4,91,0,0,4,2,6,62,14,15,6,97,0,0,0,97
05/31/2021,GSP,SC,ASO,ES,Combined TRACON& Tower with Radar,72,22,17,0,111,0,8,25,0,33,72,30,42,0,144,0,0,0,144
06/01/2021,GSP,SC,ASO,ES,Combined TRACON& Tower with Radar,69,18,31,6,124,0,3,6,2,11,69,21,37,8,135,0,0,0,135
06/02/2021,GSP,SC,ASO,ES,Combined TRACON& Tower with Radar,75,21,24,16,136,0,0,5,2,7,75,21,29,18,143,0,0,0,143
06/03/2021,GSP,SC,ASO,ES,Combined TRACON& Tower with Radar,77,26,19,7,129,0,0,1,0,1,77,26,20,7,130,0,0,0,130
06/04/2021,GSP,SC,ASO,ES,Combined TRACON& Tower with Radar,80,20,26,12,138,0,1,18,0,19,80,21,44,12,157,0,0,0,157
06/05/2021,GSP,SC,ASO,ES,Combined TRACON& Tower with Radar,56,21,15,0,92,0,2,5,0,7,56,23,20,0,99,0,0,0,99
06/06/2021,GSP,SC,ASO,ES,Combined TRACON& Tower with Radar,71,20,9,0,100,0,0,2,0,2,71,20,11,0,102,0,0,0,102
06/07/2021,GSP,SC,ASO,ES,Combined TRACON& Tower with Radar,68,30,23,0,121,0,1,0,0,1,68,31,23,0,122,0,0,0,122
06/08/2021,GSP,SC,ASO,ES,Combined TRACON& Tower with Radar,70,28,37,4,139,0,0,1,0,1,70,28,38,4,140,0,0,0,140
06/09/2021,GSP,SC,ASO,ES,Combined TRACON& Tower with Radar,68,28,25,16,137,0,0,5,2,7,68,28,30,18,144,0,0,0,144
06/10/2021,GSP,SC,ASO,ES,Combined TRACON& Tower with Radar,71,31,36,4,142,0,0,1,0,1,71,31,37,4,143,0,0,0,143
06/11/2021,GSP,SC,ASO,ES,Combined TRACON& Tower with Radar,78,29,27,0,134,0,0,11,0,11,78,29,38,0,145,0,0,0,145
06/12/2021,GSP,SC,ASO,ES,Combined TRACON& Tower with Radar,56,27,10,0,93,0,3,3,1,7,56,30,13,1,100,0,0,0,100
06/13/2021,GSP,SC,ASO,ES,Combined TRACON& Tower with Radar,68,40,26,8,142,0,0,16,0,16,68,40,42,8,158,0,0,0,158
06/14/2021,GSP,SC,ASO,ES,Combined TRACON& Tower with Radar,69,25,22,4,120,0,2,6,2,10,69,27,28,6,130,0,0,0,130
06/15/2021,GSP,SC,ASO,ES,Combined TRACON& Tower with Radar,68,29,16,0,113,0,4,13,0,17,68,33,29,0,130,12,0,12,142
06/16/2021,GSP,SC,ASO,ES,Combined TRACON& Tower with Radar,71,22,22,1,116,0,3,7,0,10,71,25,29,1,126,0,0,0,126
06/17/2021,GSP,SC,ASO,ES,Combined TRACON& Tower with Radar,74,35,23,0,132,0,6,8,0,14,74,41,31,0,146,10,0,10,156
06/18/2021,GSP,SC,ASO,ES,Combined TRACON& Tower with Radar,79,22,19,2,122,0,2,9,0,11,79,24,28,2,133,0,0,0,133
06/19/2021,GSP,SC,ASO,ES,Combined TRACON& Tower with Radar,56,20,18,0,94,0,1,6,0,7,56,21,24,0,101,0,0,0,101
06/20/2021,GSP,SC,ASO,ES,Combined TRACON& Tower with Radar,68,25,8,0,101,0,0,0,0,0,68,25,8,0,101,0,0,0,101
06/21/2021,GSP,SC,ASO,ES,Combined TRACON& Tower with Radar,67,27,28,18,140,0,5,1,0,6,67,32,29,18,146,0,0,0,146
06/22/2021,GSP,SC,ASO,ES,Combined TRACON& Tower with Radar,67,29,21,0,117,0,3,2,0,5,67,32,23,0,122,0,0,0,122
06/23/2021,GSP,SC,ASO,ES,Combined TRACON& Tower with Radar,73,31,46,6,156,0,3,6,21,30,73,34,52,27,186,0,0,0,186
06/24/2021,GSP,SC,ASO,ES,Combined TRACON& Tower with Radar,81,35,39,0,155,0,2,6,0,8,81,37,45,0,163,0,0,0,163
06/25/2021,GSP,SC,ASO,ES,Combined TRACON& Tower with Radar,78,24,33,0,135,0,1,5,0,6,78,25,38,0,141,0,0,0,141
06/26/2021,GSP,SC,ASO,ES,Combined TRACON& Tower with Radar,59,27,23,6,115,0,0,8,2,10,59,27,31,8,125,0,41,41,166
06/27/2021,GSP,SC,ASO,ES,Combined TRACON& Tower with Radar,66,29,22,0,117,0,0,4,0,4,66,29,26,0,121,0,0,0,121
06/28/2021,GSP,SC,ASO,ES,Combined TRACON& Tower with Radar,69,33,27,2,131,0,1,20,0,21,69,34,47,2,152,0,0,0,152
06/29/2021,GSP,SC,ASO,ES,Combined TRACON& Tower with Radar,69,25,32,11,137,0,0,3,3,6,69,25,35,14,143,0,0,0,143
06/30/2021,GSP,SC,ASO,ES,Combined TRACON& Tower with Radar,69,40,19,15,143,0,10,5,22,37,69,50,24,37,180,0,20,20,200
07/01/2021,GSP,SC,ASO,ES,Combined TRACON& Tower with Radar,72,44,21,13,150,0,1,6,9,16,72,45,27,22,166,0,0,0,166
07/02/2021,GSP,SC,ASO,ES,Combined TRACON& Tower with Radar,78,22,8,1,109,0,3,0,0,3,78,25,8,1,112,0,0,0,112
07/03/2021,GSP,SC,ASO,ES,Combined TRACON& Tower with Radar,55,26,9,2,92,0,5,6,0,11,55,31,15,2,103,0,0,0,103
07/04/2021,GSP,SC,ASO,ES,Combined TRACON& Tower with Radar,58,13,9,1,81,0,1,5,1,7,58,14,14,2,88,0,0,0,88
07/05/2021,GSP,SC,ASO,ES,Combined TRACON& Tower with Radar,72,30,18,1,121,0,0,10,0,10,72,30,28,1,131,0,0,0,131
07/06/2021,GSP,SC,ASO,ES,Combined TRACON& Tower with Radar,77,16,22,0,115,0,2,14,0,16,77,18,36,0,131,0,0,0,131
07/07/2021,GSP,SC,ASO,ES,Combined TRACON& Tower with Radar,83,28,20,1,132,0,0,17,1,18,83,28,37,2,150,0,0,0,150
07/08/2021,GSP,SC,ASO,ES,Combined TRACON& Tower with Radar,79,24,14,1,118,0,0,2,2,4,79,24,16,3,122,0,0,0,122
07/09/2021,GSP,SC,ASO,ES,Combined TRACON& Tower with Radar,93,17,14,0,124,0,0,4,3,7,93,17,18,3,131,0,0,0,131
07/10/2021,GSP,SC,ASO,ES,Combined TRACON& Tower with Radar,61,24,11,4,100,1,0,15,7,23,62,24,26,11,123,0,0,0,123
07/11/2021,GSP,SC,ASO,ES,Combined TRACON& Tower with Radar,74,20,22,2,118,0,0,14,1,15,74,20,36,3,133,20,0,20,153
07/12/2021,GSP,SC,ASO,ES,Combined TRACON& Tower with Radar,77,32,22,6,137,0,3,4,5,12,77,35,26,11,149,0,22,22,171
07/13/2021,GSP,SC,ASO,ES,Combined TRACON& Tower with Radar,83,25,35,13,156,0,3,5,1,9,83,28,40,14,165,0,0,0,165
07/14/2021,GSP,SC,ASO,ES,Combined TRACON& Tower with Radar,78,31,29,0,138,0,3,14,0,17,78,34,43,0,155,0,0,0,155
07/15/2021,GSP,SC,ASO,ES,Combined TRACON& Tower with Radar,83,18,28,8,137,0,0,9,0,9,83,18,37,8,146,10,0,10,156
07/16/2021,GSP,SC,ASO,ES,Combined TRACON& Tower with Radar,82,18,38,2,140,0,0,4,0,4,82,18,42,2,144,0,0,0,144
07/17/2021,GSP,SC,ASO,ES,Combined TRACON& Tower with Radar,65,28,14,1,108,0,0,11,1,12,65,28,25,2,120,8,0,8,128
07/18/2021,GSP,SC,ASO,ES,Combined TRACON& Tower with Radar,78,20,17,0,115,0,3,8,0,11,78,23,25,0,126,0,0,0,126
07/19/2021,GSP,SC,ASO,ES,Combined TRACON& Tower with Radar,81,23,25,0,129,0,0,1,0,1,81,23,26,0,130,0,0,0,130
07/20/2021,GSP,SC,ASO,ES,Combined TRACON& Tower with Radar,81,20,22,0,123,0,0,2,0,2,81,20,24,0,125,0,0,0,125
07/21/2021,GSP,SC,ASO,ES,Combined TRACON& Tower with Radar,81,22,26,0,129,0,1,7,0,8,81,23,33,0,137,0,0,0,137
07/22/2021,GSP,SC,ASO,ES,Combined TRACON& Tower with Radar,80,31,19,32,162,0,0,12,2,14,80,31,31,34,176,0,0,0,176
07/23/2021,GSP,SC,ASO,ES,Combined TRACON& Tower with Radar,91,23,29,19,162,0,3,4,1,8,91,26,33,20,170,0,0,0,170
07/24/2021,GSP,SC,ASO,ES,Combined TRACON& Tower with Radar,61,22,15,0,98,0,0,0,1,1,61,22,15,1,99,0,0,0,99
07/25/2021,GSP,SC,ASO,ES,Combined TRACON& Tower with Radar,82,34,17,1,134,0,2,2,0,4,82,36,19,1,138,0,0,0,138
07/26/2021,GSP,SC,ASO,ES,Combined TRACON& Tower with Radar,74,22,22,0,118,0,1,4,0,5,74,23,26,0,123,0,0,0,123
07/27/2021,GSP,SC,ASO,ES,Combined TRACON& Tower with Radar,89,25,17,0,131,0,1,2,0,3,89,26,19,0,134,0,0,0,134
07/28/2021,GSP,SC,ASO,ES,Combined TRACON& Tower with Radar,87,17,18,7,129,0,1,7,4,12,87,18,25,11,141,0,18,18,159
07/29/2021,GSP,SC,ASO,ES,Combined TRACON& Tower with Radar,80,38,35,0,153,0,4,10,0,14,80,42,45,0,167,16,0,16,183
07/30/2021,GSP,SC,ASO,ES,Combined TRACON& Tower with Radar,87,26,14,6,133,0,1,6,4,11,87,27,20,10,144,0,0,0,144
07/31/2021,GSP,SC,ASO,ES,Combined TRACON& Tower with Radar,61,26,9,15,111,0,2,7,4,13,61,28,16,19,124,0,0,0,124
08/01/2021,GSP,SC,ASO,ES,Combined TRACON& Tower with Radar,74,28,7,2,111,0,0,3,12,15,74,28,10,14,126,0,0,0,126
08/02/2021,GSP,SC,ASO,ES,Combined TRACON& Tower with Radar,79,21,22,10,132,0,2,6,0,8,79,23,28,10,140,0,0,0,140
08/03/2021,GSP,SC,ASO,ES,Combined TRACON& Tower with Radar,84,21,26,0,131,0,2,1,0,3,84,23,27,0,134,0,0,0,134
08/04/2021,GSP,SC,ASO,ES,Combined TRACON& Tower with Radar,86,34,34,0,154,0,2,11,0,13,86,36,45,0,167,0,0,0,167
08/05/2021,GSP,SC,ASO,ES,Combined TRACON& Tower with Radar,86,27,29,2,144,0,4,8,0,12,86,31,37,2,156,20,0,20,176
08/06/2021,GSP,SC,ASO,ES,Combined TRACON& Tower with Radar,81,26,7,6,120,0,0,8,1,9,81,26,15,7,129,6,0,6,135
08/07/2021,GSP,SC,ASO,ES,Combined TRACON& Tower with Radar,67,21,12,5,105,0,0,5,1,6,67,21,17,6,111,0,0,0,111
08/08/2021,GSP,SC,ASO,ES,Combined TRACON& Tower with Radar,72,25,9,0,106,0,0,13,0,13,72,25,22,0,119,0,0,0,119
08/09/2021,GSP,SC,ASO,ES,Combined TRACON& Tower with Radar,75,25,29,22,151,0,0,8,11,19,75,25,37,33,170,0,0,0,170
08/10/2021,GSP,SC,ASO,ES,Combined TRACON& Tower with Radar,79,22,24,14,139,0,2,8,1,11,79,24,32,15,150,0,0,0,150
08/11/2021,GSP,SC,ASO,ES,Combined TRACON& Tower with Radar,84,23,18,8,133,0,1,6,0,7,84,24,24,8,140,0,0,0,140
08/12/2021,GSP,SC,ASO,ES,Combined TRACON& Tower with Radar,75,29,28,12,144,0,2,7,16,25,75,31,35,28,169,0,0,0,169
08/13/2021,GSP,SC,ASO,ES,Combined TRACON& Tower with Radar,85,30,18,5,138,0,3,14,0,17,85,33,32,5,155,16,0,16,171
08/14/2021,GSP,SC,ASO,ES,Combined TRACON& Tower with Radar,59,21,7,0,87,0,1,3,0,4,59,22,10,0,91,0,0,0,91
08/15/2021,GSP,SC,ASO,ES,Combined TRACON& Tower with Radar,69,25,17,0,111,0,0,9,0,9,69,25,26,0,120,0,0,0,120
08/16/2021,GSP,SC,ASO,ES,Combined TRACON& Tower with Radar,92,28,16,0,136,0,0,2,0,2,92,28,18,0,138,0,0,0,138
08/17/2021,GSP,SC,ASO,ES,Combined TRACON& Tower with Radar,82,25,10,0,117,0,3,0,0,3,82,28,10,0,120,0,0,0,120
08/18/2021,GSP,SC,ASO,ES,Combined TRACON& Tower with Radar,83,20,22,4,129,0,4,9,0,13,83,24,31,4,142,0,0,0,142
08/19/2021,GSP,SC,ASO,ES,Combined TRACON& Tower with Radar,90,28,36,13,167,1,4,14,5,24,91,32,50,18,191,8,0,8,199
08/20/2021,GSP,SC,ASO,ES,Combined TRACON& Tower with Radar,89,28,14,3,134,0,0,7,5,12,89,28,21,8,146,0,0,0,146
08/21/2021,GSP,SC,ASO,ES,Combined TRACON& Tower with Radar,68,22,15,0,105,0,1,0,4,5,68,23,15,4,110,0,0,0,110
08/22/2021,GSP,SC,ASO,ES,Combined TRACON& Tower with Radar,87,30,10,0,127,0,2,5,0,7,87,32,15,0,134,0,0,0,134
08/23/2021,GSP,SC,ASO,ES,Combined TRACON& Tower with Radar,79,27,23,14,143,0,0,7,8,15,79,27,30,22,158,0,0,0,158
08/24/2021,GSP,SC,ASO,ES,Combined TRACON& Tower with Radar,77,22,32,8,139,0,2,8,5,15,77,24,40,13,154,0,0,0,154
08/25/2021,GSP,SC,ASO,ES,Combined TRACON& Tower with Radar,86,31,24,10,151,0,1,5,1,7,86,32,29,11,158,0,0,0,158
08/26/2021,GSP,SC,ASO,ES,Combined TRACON& Tower with Radar,88,37,30,12,167,1,1,13,8,23,89,38,43,20,190,0,0,0,190
08/27/2021,GSP,SC,ASO,ES,Combined TRACON& Tower with Radar,85,27,19,5,136,0,4,17,3,24,85,31,36,8,160,0,0,0,160
08/28/2021,GSP,SC,ASO,ES,Combined TRACON& Tower with Radar,68,14,8,0,90,0,0,8,0,8,68,14,16,0,98,0,0,0,98
08/29/2021,GSP,SC,ASO,ES,Combined TRACON& Tower with Radar,76,28,7,2,113,0,0,7,2,9,76,28,14,4,122,0,0,0,122
08/30/2021,GSP,SC,ASO,ES,Combined TRACON& Tower with Radar,82,33,21,0,136,0,4,3,0,7,82,37,24,0,143,0,0,0,143
08/31/2021,GSP,SC,ASO,ES,Combined TRACON& Tower with Radar,81,18,22,0,121,0,2,1,0,3,81,20,23,0,124,0,0,0,124
09/01/2021,GSP,SC,ASO,ES,Combined TRACON& Tower with Radar,93,25,18,0,136,0,3,1,0,4,93,28,19,0,140,0,0,0,140
09/02/2021,GSP,SC,ASO,ES,Combined TRACON& Tower with Radar,88,32,34,0,154,0,5,7,0,12,88,37,41,0,166,0,0,0,166
09/03/2021,GSP,SC,ASO,ES,Combined TRACON& Tower with Radar,81,30,15,0,126,1,1,17,0,19,82,31,32,0,145,0,0,0,145
09/04/2021,GSP,SC,ASO,ES,Combined TRACON& Tower with Radar,62,16,19,0,97,0,1,1,0,2,62,17,20,0,99,0,0,0,99
09/05/2021,GSP,SC,ASO,ES,Combined TRACON& Tower with Radar,60,17,2,0,79,0,0,3,0,3,60,17,5,0,82,0,0,0,82
09/06/2021,GSP,SC,ASO,ES,Combined TRACON& Tower with Radar,75,24,21,0,120,0,0,7,3,10,75,24,28,3,130,0,0,0,130
09/07/2021,GSP,SC,ASO,ES,Combined TRACON& Tower with Radar,70,18,30,0,118,0,5,8,0,13,70,23,38,0,131,0,0,0,131
09/08/2021,GSP,SC,ASO,ES,Combined TRACON& Tower with Radar,80,22,24,0,126,0,4,3,0,7,80,26,27,0,133,0,0,0,133
09/09/2021,GSP,SC,ASO,ES,Combined TRACON& Tower with Radar,85,28,29,3,145,0,3,8,1,12,85,31,37,4,157,0,0,0,157
09/10/2021,GSP,SC,ASO,ES,Combined TRACON& Tower with Radar,81,26,17,2,126,0,4,13,7,24,81,30,30,9,150,10,0,10,160
09/11/2021,GSP,SC,ASO,ES,Combined TRACON& Tower with Radar,64,16,13,3,96,0,0,20,2,22,64,16,33,5,118,28,38,66,184
09/12/2021,GSP,SC,ASO,ES,Combined TRACON& Tower with Radar,80,26,12,18,136,0,1,7,4,12,80,27,19,22,148,0,10,10,158
09/13/2021,GSP,SC,ASO,ES,Combined TRACON& Tower with Radar,78,24,14,4,120,0,1,14,0,15,78,25,28,4,135,0,0,0,135
09/14/2021,GSP,SC,ASO,ES,Combined TRACON& Tower with Radar,74,28,28,31,161,0,0,9,1,10,74,28,37,32,171,0,24,24,195
09/15/2021,GSP,SC,ASO,ES,Combined TRACON& Tower with Radar,77,19,15,7,118,0,0,12,3,15,77,19,27,10,133,6,12,18,151
09/16/2021,GSP,SC,ASO,ES,Combined TRACON& Tower with Radar,85,27,29,2,143,0,2,0,0,2,85,29,29,2,145,0,0,0,145
09/17/2021,GSP,SC,ASO,ES,Combined TRACON& Tower with Radar,82,28,18,21,149,0,5,4,12,21,82,33,22,33,170,0,6,6,176
09/18/2021,GSP,SC,ASO,ES,Combined TRACON& Tower with Radar,68,19,10,0,97,0,3,2,0,5,68,22,12,0,102,0,0,0,102
09/19/2021,GSP,SC,ASO,ES,Combined TRACON& Tower with Radar,81,22,32,2,137,0,2,2,0,4,81,24,34,2,141,0,0,0,141
09/20/2021,GSP,SC,ASO,ES,Combined TRACON& Tower with Radar,84,26,12,6,128,0,0,2,0,2,84,26,14,6,130,0,0,0,130
09/21/2021,GSP,SC,ASO,ES,Combined TRACON& Tower with Radar,76,21,23,0,120,0,0,0,0,0,76,21,23,0,120,0,0,0,120
09/22/2021,GSP,SC,ASO,ES,Combined TRACON& Tower with Radar,80,26,21,0,127,0,0,1,0,1,80,26,22,0,128,0,0,0,128
09/23/2021,GSP,SC,ASO,ES,Combined TRACON& Tower with Radar,87,21,21,2,131,0,4,14,1,19,87,25,35,3,150,0,0,0,150
09/24/2021,GSP,SC,ASO,ES,Combined TRACON& Tower with Radar,87,37,23,12,159,0,1,30,0,31,87,38,53,12,190,30,0,30,220
09/25/2021,GSP,SC,ASO,ES,Combined TRACON& Tower with Radar,69,18,9,0,96,0,3,24,0,27,69,21,33,0,123,2,0,2,125
09/26/2021,GSP,SC,ASO,ES,Combined TRACON& Tower with Radar,76,20,15,0,111,0,2,10,0,12,76,22,25,0,123,24,0,24,147
09/27/2021,GSP,SC,ASO,ES,Combined TRACON& Tower with Radar,80,18,21,2,121,0,4,12,1,17,80,22,33,3,138,10,0,10,148
09/28/2021,GSP,SC,ASO,ES,Combined TRACON& Tower with Radar,74,15,26,0,115,0,1,20,0,21,74,16,46,0,136,0,0,0,136
09/29/2021,GSP,SC,ASO,ES,Combined TRACON& Tower with Radar,79,34,23,0,136,0,2,4,2,8,79,36,27,2,144,6,0,6,150
09/30/2021,GSP,SC,ASO,ES,Combined TRACON& Tower with Radar,91,37,43,5,176,0,4,13,2,19,91,41,56,7,195,0,0,0,195
10/01/2021,GSP,SC,ASO,ES,Combined TRACON& Tower with Radar,81,23,32,18,154,0,0,16,8,24,81,23,48,26,178,0,0,0,178
10/02/2021,GSP,SC,ASO,ES,Combined TRACON& Tower with Radar,67,17,9,13,106,0,0,8,3,11,67,17,17,16,117,0,0,0,117
10/03/2021,GSP,SC,ASO,ES,Combined TRACON& Tower with Radar,74,22,15,3,114,0,0,4,4,8,74,22,19,7,122,0,0,0,122
10/04/2021,GSP,SC,ASO,ES,Combined TRACON& Tower with Radar,79,30,14,0,123,0,3,4,4,11,79,33,18,4,134,0,0,0,134
10/05/2021,GSP,SC,ASO,ES,Combined TRACON& Tower with Radar,77,18,17,0,112,0,0,0,0,0,77,18,17,0,112,0,0,0,112
10/06/2021,GSP,SC,ASO,ES,Combined TRACON& Tower with Radar,86,21,40,0,147,0,0,1,0,1,86,21,41,0,148,0,0,0,148
10/07/2021,GSP,SC,ASO,ES,Combined TRACON& Tower with Radar,92,25,28,0,145,0,0,0,0,0,92,25,28,0,145,0,0,0,145
10/08/2021,GSP,SC,ASO,ES,Combined TRACON& Tower with Radar,84,22,24,0,130,0,0,1,0,1,84,22,25,0,131,0,0,0,131
10/09/2021,GSP,SC,ASO,ES,Combined TRACON& Tower with Radar,77,9,18,0,104,0,2,5,2,9,77,11,23,2,113,0,0,0,113
10/10/2021,GSP,SC,ASO,ES,Combined TRACON& Tower with Radar,84,15,25,1,125,0,0,5,0,5,84,15,30,1,130,0,0,0,130
10/11/2021,GSP,SC,ASO,ES,Combined TRACON& Tower with Radar,85,19,24,1,129,0,2,3,0,5,85,21,27,1,134,0,0,0,134
10/12/2021,GSP,SC,ASO,ES,Combined TRACON& Tower with Radar,83,21,32,5,141,0,0,5,3,8,83,21,37,8,149,0,0,0,149
10/13/2021,GSP,SC,ASO,ES,Combined TRACON& Tower with Radar,94,21,20,6,141,0,0,16,0,16,94,21,36,6,157,0,0,0,157
10/14/2021,GSP,SC,ASO,ES,Combined TRACON& Tower with Radar,98,20,33,6,157,0,0,14,4,18,98,20,47,10,175,0,0,0,175
10/15/2021,GSP,SC,ASO,ES,Combined TRACON& Tower with Radar,96,25,28,32,181,0,2,12,5,19,96,27,40,37,200,0,0,0,200
10/16/2021,GSP,SC,ASO,ES,Combined TRACON& Tower with Radar,78,20,7,0,105,1,1,5,0,7,79,21,12,0,112,0,0,0,112
10/17/2021,GSP,SC,ASO,ES,Combined TRACON& Tower with Radar,89,31,25,8,153,0,2,25,0,27,89,33,50,8,180,4,0,4,184
10/18/2021,GSP,SC,ASO,ES,Combined TRACON& Tower with Radar,89,21,31,0,141,0,0,9,0,9,89,21,40,0,150,0,0,0,150
10/19/2021,GSP,SC,ASO,ES,Combined TRACON& Tower with Radar,87,18,22,0,127,0,4,21,0,25,87,22,43,0,152,0,0,0,152
10/20/2021,GSP,SC,ASO,ES,Combined TRACON& Tower with Radar,88,14,24,12,138,0,9,10,2,21,88,23,34,14,159,0,0,0,159
10/21/2021,GSP,SC,ASO,ES,Combined TRACON& Tower with Radar,92,30,34,0,156,0,3,10,1,14,92,33,44,1,170,0,0,0,170
10/22/2021,GSP,SC,ASO,ES,Combined TRACON& Tower with Radar,92,22,36,0,150,0,5,6,0,11,92,27,42,0,161,0,0,0,161
10/23/2021,GSP,SC,ASO,ES,Combined TRACON& Tower with Radar,77,8,14,1,100,0,0,11,0,11,77,8,25,1,111,0,0,0,111
10/24/2021,GSP,SC,ASO,ES,Combined TRACON& Tower with Radar,84,33,38,2,157,0,3,10,0,13,84,36,48,2,170,0,0,0,170
10/25/2021,GSP,SC,ASO,ES,Combined TRACON& Tower with Radar,89,26,18,13,146,0,0,3,0,3,89,26,21,13,149,0,0,0,149
10/26/2021,GSP,SC,ASO,ES,Combined TRACON& Tower with Radar,84,28,28,1,141,0,2,5,4,11,84,30,33,5,152,0,0,0,152
10/27/2021,GSP,SC,ASO,ES,Combined TRACON& Tower with Radar,87,25,27,7,146,0,3,28,2,33,87,28,55,9,179,0,0,0,179
10/28/2021,GSP,SC,ASO,ES,Combined TRACON& Tower with Radar,97,22,33,0,152,0,0,0,0,0,97,22,33,0,152,0,0,0,152
10/29/2021,GSP,SC,ASO,ES,Combined TRACON& Tower with Radar,96,18,24,0,138,0,5,0,1,6,96,23,24,1,144,0,0,0,144
10/30/2021,GSP,SC,ASO,ES,Combined TRACON& Tower with Radar,76,10,13,2,101,0,0,1,0,1,76,10,14,2,102,0,0,0,102
10/31/2021,GSP,SC,ASO,ES,Combined TRACON& Tower with Radar,69,23,7,1,100,0,1,4,1,6,69,24,11,2,106,0,0,0,106
11/01/2021,GSP,SC,ASO,ES,Combined TRACON& Tower with Radar,85,18,15,9,127,0,0,16,4,20,85,18,31,13,147,0,6,6,153
11/02/2021,GSP,SC,ASO,ES,Combined TRACON& Tower with Radar,78,22,30,16,146,0,3,6,3,12,78,25,36,19,158,0,0,0,158
11/03/2021,GSP,SC,ASO,ES,Combined TRACON& Tower with Radar,80,28,25,18,151,0,3,8,1,12,80,31,33,19,163,0,2,2,165
11/04/2021,GSP,SC,ASO,ES,Combined TRACON& Tower with Radar,93,24,29,0,146,0,0,2,0,2,93,24,31,0,148,0,0,0,148
11/05/2021,GSP,SC,ASO,ES,Combined TRACON& Tower with Radar,101,20,19,27,167,0,5,7,3,15,101,25,26,30,182,0,0,0,182
11/06/2021,GSP,SC,ASO,ES,Combined TRACON& Tower with Radar,69,14,4,5,92,0,0,4,7,11,69,14,8,12,103,0,0,0,103
11/07/2021,GSP,SC,ASO,ES,Combined TRACON& Tower with Radar,78,24,22,10,134,0,0,10,1,11,78,24,32,11,145,12,0,12,157
11/08/2021,GSP,SC,ASO,ES,Combined TRACON& Tower with Radar,95,16,26,17,154,0,1,10,2,13,95,17,36,19,167,0,0,0,167
11/09/2021,GSP,SC,ASO,ES,Combined TRACON& Tower with Radar,77,14,23,7,121,0,2,12,5,19,77,16,35,12,140,24,12,36,176
11/10/2021,GSP,SC,ASO,ES,Combined TRACON& Tower with Radar,82,18,26,5,131,0,1,15,3,19,82,19,41,8,150,42,12,54,204
11/11/2021,GSP,SC,ASO,ES,Combined TRACON& Tower with Radar,91,29,20,0,140,0,2,3,0,5,91,31,23,0,145,0,0,0,145
11/12/2021,GSP,SC,ASO,ES,Combined TRACON& Tower with Radar,90,32,24,1,147,0,3,12,3,18,90,35,36,4,165,22,0,22,187
11/13/2021,GSP,SC,ASO,ES,Combined TRACON& Tower with Radar,61,24,9,0,94,0,0,16,0,16,61,24,25,0,110,10,0,10,120
11/14/2021,GSP,SC,ASO,ES,Combined TRACON& Tower with Radar,77,24,15,0,116,0,1,8,0,9,77,25,23,0,125,0,0,0,125
11/15/2021,GSP,SC,ASO,ES,Combined TRACON& Tower with Radar,90,27,29,11,157,0,1,15,0,16,90,28,44,11,173,0,0,0,173
11/16/2021,GSP,SC,ASO,ES,Combined TRACON& Tower with Radar,79,26,22,0,127,0,4,5,0,9,79,30,27,0,136,6,0,6,142
11/17/2021,GSP,SC,ASO,ES,Combined TRACON& Tower with Radar,89,28,17,10,144,0,3,10,2,15,89,31,27,12,159,0,0,0,159
11/18/2021,GSP,SC,ASO,ES,Combined TRACON& Tower with Radar,86,25,38,19,168,0,3,40,2,45,86,28,78,21,213,10,0,10,223
11/19/2021,GSP,SC,ASO,ES,Combined TRACON& Tower with Radar,89,24,30,3,146,0,0,19,5,24,89,24,49,8,170,10,0,10,180
11/20/2021,GSP,SC,ASO,ES,Combined TRACON& Tower with Radar,68,24,16,10,118,0,1,6,2,9,68,25,22,12,127,0,0,0,127
11/21/2021,GSP,SC,ASO,ES,Combined TRACON& Tower with Radar,76,26,25,0,127,0,0,4,0,4,76,26,29,0,131,0,0,0,131
11/22/2021,GSP,SC,ASO,ES,Combined TRACON& Tower with Radar,82,24,15,3,124,0,2,8,4,14,82,26,23,7,138,0,0,0,138
11/23/2021,GSP,SC,ASO,ES,Combined TRACON& Tower with Radar,86,18,25,11,140,0,2,8,4,14,86,20,33,15,154,0,16,16,170
11/24/2021,GSP,SC,ASO,ES,Combined TRACON& Tower with Radar,96,31,25,2,154,0,0,12,2,14,96,31,37,4,168,0,10,10,178
11/25/2021,GSP,SC,ASO,ES,Combined TRACON& Tower with Radar,44,6,8,0,58,0,0,3,0,3,44,6,11,0,61,0,0,0,61
11/26/2021,GSP,SC,ASO,ES,Combined TRACON& Tower with Radar,68,13,7,0,88,1,0,4,0,5,69,13,11,0,93,0,0,0,93
11/27/2021,GSP,SC,ASO,ES,Combined TRACON& Tower with Radar,74,28,16,0,118,1,1,10,0,12,75,29,26,0,130,0,0,0,130
11/28/2021,GSP,SC,ASO,ES,Combined TRACON& Tower with Radar,86,34,30,0,150,0,1,10,0,11,86,35,40,0,161,0,0,0,161
11/29/2021,GSP,SC,ASO,ES,Combined TRACON& Tower with Radar,88,53,21,4,166,0,4,6,2,12,88,57,27,6,178,0,0,0,178
11/30/2021,GSP,SC,ASO,ES,Combined TRACON& Tower with Radar,93,21,33,3,150,0,3,10,5,18,93,24,43,8,168,0,0,0,168
12/01/2021,GSP,SC,ASO,ES,Combined TRACON& Tower with Radar,93,18,29,17,157,0,0,7,2,9,93,18,36,19,166,0,0,0,166
12/02/2021,GSP,SC,ASO,ES,Combined TRACON& Tower with Radar,92,33,26,14,165,0,0,5,2,7,92,33,31,16,172,0,20,20,192
12/03/2021,GSP,SC,ASO,ES,Combined TRACON& Tower with Radar,94,34,22,26,176,0,0,11,1,12,94,34,33,27,188,10,0,10,198
12/04/2021,GSP,SC,ASO,ES,Combined TRACON& Tower with Radar,61,20,17,22,120,0,0,8,6,14,61,20,25,28,134,12,30,42,176
12/05/2021,GSP,SC,ASO,ES,Combined TRACON& Tower with Radar,79,36,18,1,134,0,0,4,1,5,79,36,22,2,139,4,0,4,143
12/06/2021,GSP,SC,ASO,ES,Combined TRACON& Tower with Radar,88,22,25,0,135,1,0,0,0,1,89,22,25,0,136,0,0,0,136
12/07/2021,GSP,SC,ASO,ES,Combined TRACON& Tower with Radar,82,23,20,14,139,0,0,6,0,6,82,23,26,14,145,0,0,0,145
12/08/2021,GSP,SC,ASO,ES,Combined TRACON& Tower with Radar,84,21,27,4,136,0,0,3,0,3,84,21,30,4,139,0,0,0,139
12/09/2021,GSP,SC,ASO,ES,Combined TRACON& Tower with Radar,93,26,41,0,160,0,1,6,0,7,93,27,47,0,167,0,0,0,167
12/10/2021,GSP,SC,ASO,ES,Combined TRACON& Tower with Radar,88,37,29,0,154,0,0,0,0,0,88,37,29,0,154,0,0,0,154
12/11/2021,GSP,SC,ASO,ES,Combined TRACON& Tower with Radar,61,21,6,0,88,0,0,0,0,0,61,21,6,0,88,0,0,0,88
12/12/2021,GSP,SC,ASO,ES,Combined TRACON& Tower with Radar,75,29,8,4,116,0,0,8,1,9,75,29,16,5,125,0,0,0,125
12/13/2021,GSP,SC,ASO,ES,Combined TRACON& Tower with Radar,84,29,26,33,172,0,1,10,4,15,84,30,36,37,187,0,0,0,187
12/14/2021,GSP,SC,ASO,ES,Combined TRACON& Tower with Radar,82,19,21,15,137,0,5,11,9,25,82,24,32,24,162,0,38,38,200
12/15/2021,GSP,SC,ASO,ES,Combined TRACON& Tower with Radar,82,29,20,10,141,0,0,10,10,20,82,29,30,20,161,18,10,28,189
12/16/2021,GSP,SC,ASO,ES,Combined TRACON& Tower with Radar,90,26,38,18,172,0,0,5,2,7,90,26,43,20,179,0,33,33,212
12/17/2021,GSP,SC,ASO,ES,Combined TRACON& Tower with Radar,86,29,37,0,152,0,0,5,0,5,86,29,42,0,157,0,0,0,157
12/18/2021,GSP,SC,ASO,ES,Combined TRACON& Tower with Radar,54,18,15,0,87,0,0,0,0,0,54,18,15,0,87,0,0,0,87
12/19/2021,GSP,SC,ASO,ES,Combined TRACON& Tower with Radar,68,31,8,1,108,0,5,5,0,10,68,36,13,1,118,0,0,0,118
12/20/2021,GSP,SC,ASO,ES,Combined TRACON& Tower with Radar,77,22,19,2,120,0,0,15,2,17,77,22,34,4,137,0,0,0,137
12/21/2021,GSP,SC,ASO,ES,Combined TRACON& Tower with Radar,75,31,21,0,127,0,2,4,0,6,75,33,25,0,133,0,0,0,133
12/22/2021,GSP,SC,ASO,ES,Combined TRACON& Tower with Radar,81,23,19,8,131,0,0,9,0,9,81,23,28,8,140,22,0,22,162
12/23/2021,GSP,SC,ASO,ES,Combined TRACON& Tower with Radar,79,29,19,0,127,0,0,9,0,9,79,29,28,0,136,0,0,0,136
12/24/2021,GSP,SC,ASO,ES,Combined TRACON& Tower with Radar,62,20,8,0,90,0,3,3,0,6,62,23,11,0,96,0,0,0,96
12/25/2021,GSP,SC,ASO,ES,Combined TRACON& Tower with Radar,49,14,2,0,65,0,0,0,0,0,49,14,2,0,65,0,0,0,65
12/26/2021,GSP,SC,ASO,ES,Combined TRACON& Tower with Radar,58,25,29,0,112,0,0,9,0,9,58,25,38,0,121,0,0,0,121
12/27/2021,GSP,SC,ASO,ES,Combined TRACON& Tower with Radar,66,17,9,0,92,0,0,2,0,2,66,17,11,0,94,0,0,0,94
12/28/2021,GSP,SC,ASO,ES,Combined TRACON& Tower with Radar,64,17,21,0,102,0,3,5,0,8,64,20,26,0,110,0,0,0,110
12/29/2021,GSP,SC,ASO,ES,Combined TRACON& Tower with Radar,80,20,10,0,110,0,0,0,0,0,80,20,10,0,110,0,0,0,110
12/30/2021,GSP,SC,ASO,ES,Combined TRACON& Tower with Radar,69,25,17,0,111,0,0,0,0,0,69,25,17,0,111,0,0,0,111
12/31/2021,GSP,SC,ASO,ES,Combined TRACON& Tower with Radar,62,15,16,0,93,0,0,2,2,4,62,15,18,2,97,0,0,0,97
01/01/2022,GSP,SC,ASO,ES,Combined TRACON& Tower with Radar,51,17,1,0,69,0,0,0,0,0,51,17,1,0,69,0,0,0,69
01/02/2022,GSP,SC,ASO,ES,Combined TRACON& Tower with Radar,57,28,29,0,114,0,0,0,0,0,57,28,29,0,114,0,0,0,114
01/03/2022,GSP,SC,ASO,ES,Combined TRACON& Tower with Radar,61,21,10,0,92,0,0,6,6,12,61,21,16,6,104,6,0,6,110
01/04/2022,GSP,SC,ASO,ES,Combined TRACON& Tower with Radar,64,28,19,9,120,0,1,10,5,16,64,29,29,14,136,0,38,38,174
01/05/2022,GSP,SC,ASO,ES,Combined TRACON& Tower with Radar,61,19,12,0,92,0,1,11,2,14,61,20,23,2,106,0,0,0,106
01/06/2022,GSP,SC,ASO,ES,Combined TRACON& Tower with Radar,71,21,14,2,108,0,1,1,0,2,71,22,15,2,110,0,0,0,110
01/07/2022,GSP,SC,ASO,ES,Combined TRACON& Tower with Radar,69,19,15,10,113,0,2,8,1,11,69,21,23,11,124,0,0,0,124
01/08/2022,GSP,SC,ASO,ES,Combined TRACON& Tower with Radar,50,18,10,4,82,0,0,7,0,7,50,18,17,4,89,0,0,0,89
01/09/2022,GSP,SC,ASO,ES,Combined TRACON& Tower with Radar,67,25,5,0,97,0,0,0,0,0,67,25,5,0,97,0,0,0,97
01/10/2022,GSP,SC,ASO,ES,Combined TRACON& Tower with Radar,66,23,11,10,110,1,1,11,0,13,67,24,22,10,123,0,6,6,129
01/11/2022,GSP,SC,ASO,ES,Combined TRACON& Tower with Radar,75,23,25,0,123,0,1,6,2,9,75,24,31,2,132,0,0,0,132
01/12/2022,GSP,SC,ASO,ES,Combined TRACON& Tower with Radar,83,17,14,2,116,0,0,12,1,13,83,17,26,3,129,0,0,0,129
01/13/2022,GSP,SC,ASO,ES,Combined TRACON& Tower with Radar,87,20,13,2,122,1,0,4,0,5,88,20,17,2,127,0,0,0,127
01/14/2022,GSP,SC,ASO,ES,Combined TRACON& Tower with Radar,85,27,15,7,134,0,2,14,1,17,85,29,29,8,151,0,8,8,159
01/15/2022,GSP,SC,ASO,ES,Combined TRACON& Tower with Radar,58,20,9,0,87,0,0,7,0,7,58,20,16,0,94,0,0,0,94
01/16/2022,GSP,SC,ASO,ES,Combined TRACON& Tower with Radar,0,0,2,0,2,0,0,0,0,0,0,0,2,0,2,0,0,0,2
01/17/2022,GSP,SC,ASO,ES,Combined TRACON& Tower with Radar,63,18,35,0,116,0,0,2,2,4,63,18,37,2,120,0,0,0,120
01/18/2022,GSP,SC,ASO,ES,Combined TRACON& Tower with Radar,92,19,23,16,150,0,2,9,1,12,92,21,32,17,162,0,0,0,162
01/19/2022,GSP,SC,ASO,ES,Combined TRACON& Tower with Radar,82,23,25,0,130,0,0,13,0,13,82,23,38,0,143,0,0,0,143
01/20/2022,GSP,SC,ASO,ES,Combined TRACON& Tower with Radar,79,20,21,0,120,0,0,1,0,1,79,20,22,0,121,0,0,0,121
01/21/2022,GSP,SC,ASO,ES,Combined TRACON& Tower with Radar,87,27,10,0,124,0,0,1,0,1,87,27,11,0,125,0,0,0,125
01/22/2022,GSP,SC,ASO,ES,Combined TRACON& Tower with Radar,61,15,25,0,101,0,0,8,4,12,61,15,33,4,113,0,0,0,113
01/23/2022,GSP,SC,ASO,ES,Combined TRACON& Tower with Radar,71,25,17,0,113,0,1,5,0,6,71,26,22,0,119,0,0,0,119
01/24/2022,GSP,SC,ASO,ES,Combined TRACON& Tower with Radar,83,18,15,0,116,0,8,25,1,34,83,26,40,1,150,0,0,0,150
01/25/2022,GSP,SC,ASO,ES,Combined TRACON& Tower with Radar,77,22,25,13,137,0,0,17,8,25,77,22,42,21,162,32,34,66,228
01/26/2022,GSP,SC,ASO,ES,Combined TRACON& Tower with Radar,77,30,28,21,156,0,2,5,0,7,77,32,33,21,163,0,0,0,163
01/27/2022,GSP,SC,ASO,ES,Combined TRACON& Tower with Radar,88,37,23,2,150,0,1,15,0,16,88,38,38,2,166,0,0,0,166
01/28/2022,GSP,SC,ASO,ES,Combined TRACON& Tower with Radar,91,32,24,0,147,0,0,8,3,11,91,32,32,3,158,0,0,0,158
01/29/2022,GSP,SC,ASO,ES,Combined TRACON& Tower with Radar,53,11,10,0,74,1,0,1,0,2,54,11,11,0,76,0,0,0,76
01/30/2022,GSP,SC,ASO,ES,Combined TRACON& Tower with Radar,71,25,20,0,116,0,0,5,0,5,71,25,25,0,121,0,0,0,121
01/31/2022,GSP,SC,ASO,ES,Combined TRACON& Tower with Radar,82,25,22,2,131,0,6,12,0,18,82,31,34,2,149,0,0,0,149
02/01/2022,GSP,SC,ASO,ES,Combined TRACON& Tower with Radar,76,23,18,10,127,0,2,9,0,11,76,25,27,10,138,0,0,0,138
02/02/2022,GSP,SC,ASO,ES,Combined TRACON& Tower with Radar,79,31,20,29,159,0,0,1,0,1,79,31,21,29,160,0,0,0,160
02/03/2022,GSP,SC,ASO,ES,Combined TRACON& Tower with Radar,74,19,12,8,113,0,0,0,0,0,74,19,12,8,113,0,0,0,113
02/04/2022,GSP,SC,ASO,ES,Combined TRACON& Tower with Radar,65,20,18,0,103,0,0,6,0,6,65,20,24,0,109,0,0,0,109
02/05/2022,GSP,SC,ASO,ES,Combined TRACON& Tower with Radar,66,15,11,0,92,0,1,4,1,6,66,16,15,1,98,0,0,0,98
02/06/2022,GSP,SC,ASO,ES,Combined TRACON& Tower with Radar,78,20,14,3,115,0,2,2,0,4,78,22,16,3,119,0,0,0,119
02/07/2022,GSP,SC,ASO,ES,Combined TRACON& Tower with Radar,87,27,29,9,152,0,0,4,3,7,87,27,33,12,159,0,0,0,159
02/08/2022,GSP,SC,ASO,ES,Combined TRACON& Tower with Radar,80,25,24,30,159,0,1,7,0,8,80,26,31,30,167,0,0,0,167
02/09/2022,GSP,SC,ASO,ES,Combined TRACON& Tower with Radar,85,33,39,7,164,1,4,21,0,26,86,37,60,7,190,0,0,0,190
02/10/2022,GSP,SC,ASO,ES,Combined TRACON& Tower with Radar,85,25,35,1,146,0,0,9,1,10,85,25,44,2,156,0,0,0,156
02/11/2022,GSP,SC,ASO,ES,Combined TRACON& Tower with Radar,84,20,24,39,167,1,1,12,10,24,85,21,36,49,191,0,0,0,191
02/12/2022,GSP,SC,ASO,ES,Combined TRACON& Tower with Radar,58,10,5,0,73,0,0,6,0,6,58,10,11,0,79,0,0,0,79
02/13/2022,GSP,SC,ASO,ES,Combined TRACON& Tower with Radar,71,15,14,0,100,0,0,2,0,2,71,15,16,0,102,0,0,0,102
02/14/2022,GSP,SC,ASO,ES,Combined TRACON& Tower with Radar,82,24,22,0,128,0,1,12,0,13,82,25,34,0,141,0,0,0,141
02/15/2022,GSP,SC,ASO,ES,Combined TRACON& Tower with Radar,81,23,20,4,128,0,2,13,2,17,81,25,33,6,145,0,0,0,145
02/16/2022,GSP,SC,ASO,ES,Combined TRACON& Tower with Radar,83,23,30,12,148,0,1,6,0,7,83,24,36,12,155,0,0,0,155
02/17/2022,GSP,SC,ASO,ES,Combined TRACON& Tower with Radar,89,30,30,2,151,0,1,2,0,3,89,31,32,2,154,0,0,0,154
02/18/2022,GSP,SC,ASO,ES,Combined TRACON& Tower with Radar,88,31,17,3,139,0,6,3,2,11,88,37,20,5,150,0,8,8,158
02/19/2022,GSP,SC,ASO,ES,Combined TRACON& Tower with Radar,62,14,4,1,81,0,2,8,0,10,62,16,12,1,91,0,0,0,91
02/20/2022,GSP,SC,ASO,ES,Combined TRACON& Tower with Radar,69,27,13,9,118,0,1,12,0,13,69,28,25,9,131,0,0,0,131
02/21/2022,GSP,SC,ASO,ES,Combined TRACON& Tower with Radar,81,21,37,0,139,0,3,6,0,9,81,24,43,0,148,0,0,0,148
02/22/2022,GSP,SC,ASO,ES,Combined TRACON& Tower with Radar,76,18,25,0,119,0,0,4,0,4,76,18,29,0,123,0,0,0,123
02/23/2022,GSP,SC,ASO,ES,Combined TRACON& Tower with Radar,74,28,18,2,122,0,0,2,0,2,74,28,20,2,124,0,0,0,124
02/24/2022,GSP,SC,ASO,ES,Combined TRACON& Tower with Radar,79,17,24,2,122,0,0,0,0,0,79,17,24,2,122,0,0,0,122
02/25/2022,GSP,SC,ASO,ES,Combined TRACON& Tower with Radar,80,21,25,4,130,0,0,10,6,16,80,21,35,10,146,0,0,0,146
02/26/2022,GSP,SC,ASO,ES,Combined TRACON& Tower with Radar,63,11,14,5,93,0,0,18,3,21,63,11,32,8,114,54,14,68,182
02/27/2022,GSP,SC,ASO,ES,Combined TRACON& Tower with Radar,75,18,24,0,117,0,0,0,0,0,75,18,24,0,117,0,0,0,117
02/28/2022,GSP,SC,ASO,ES,Combined TRACON& Tower with Radar,82,28,22,0,132,0,3,7,0,10,82,31,29,0,142,0,0,0,142
03/01/2022,GSP,SC,ASO,ES,Combined TRACON& Tower with Radar,78,21,17,8,124,0,2,7,4,13,78,23,24,12,137,0,44,44,181
03/02/2022,GSP,SC,ASO,ES,Combined TRACON& Tower with Radar,81,29,31,0,141,0,1,19,0,20,81,30,50,0,161,21,0,21,182
03/03/2022,GSP,SC,ASO,ES,Combined TRACON& Tower with Radar,85,25,49,36,195,0,9,12,9,30,85,34,61,45,225,0,22,22,247
03/04/2022,GSP,SC,ASO,ES,Combined TRACON& Tower with Radar,85,16,30,8,139,0,0,15,0,15,85,16,45,8,154,0,12,12,166
03/05/2022,GSP,SC,ASO,ES,Combined TRACON& Tower with Radar,64,10,9,0,83,0,3,7,0,10,64,13,16,0,93,0,20,20,113
03/06/2022,GSP,SC,ASO,ES,Combined TRACON& Tower with Radar,71,27,22,0,120,0,6,9,0,15,71,33,31,0,135,0,0,0,135
03/07/2022,GSP,SC,ASO,ES,Combined TRACON& Tower with Radar,77,18,18,7,120,0,0,8,0,8,77,18,26,7,128,30,0,30,158
03/08/2022,GSP,SC,ASO,ES,Combined TRACON& Tower with Radar,73,17,29,2,121,0,1,10,0,11,73,18,39,2,132,0,0,0,132
03/09/2022,GSP,SC,ASO,ES,Combined TRACON& Tower with Radar,71,9,23,2,105,0,1,0,0,1,71,10,23,2,106,0,0,0,106
03/10/2022,GSP,SC,ASO,ES,Combined TRACON& Tower with Radar,86,34,40,0,160,0,0,0,0,0,86,34,40,0,160,0,0,0,160
03/11/2022,GSP,SC,ASO,ES,Combined TRACON& Tower with Radar,89,24,17,2,132,0,0,0,0,0,89,24,17,2,132,0,0,0,132
03/12/2022,GSP,SC,ASO,ES,Combined TRACON& Tower with Radar,59,14,17,0,90,0,0,3,0,3,59,14,20,0,93,0,0,0,93
03/13/2022,GSP,SC,ASO,ES,Combined TRACON& Tower with Radar,70,26,23,4,123,0,0,14,0,14,70,26,37,4,137,18,0,18,155
03/14/2022,GSP,SC,ASO,ES,Combined TRACON& Tower with Radar,80,13,24,1,118,0,1,31,1,33,80,14,55,2,151,0,0,0,151
03/15/2022,GSP,SC,ASO,ES,Combined TRACON& Tower with Radar,76,17,22,6,121,1,2,13,0,16,77,19,35,6,137,0,0,0,137
03/16/2022,GSP,SC,ASO,ES,Combined TRACON& Tower with Radar,86,15,26,0,127,0,0,0,0,0,86,15,26,0,127,0,0,0,127
03/17/2022,GSP,SC,ASO,ES,Combined TRACON& Tower with Radar,82,39,37,33,191,1,1,9,6,17,83,40,46,39,208,16,20,36,244
03/18/2022,GSP,SC,ASO,ES,Combined TRACON& Tower with Radar,95,21,25,8,149,0,0,7,0,7,95,21,32,8,156,0,0,0,156
03/19/2022,GSP,SC,ASO,ES,Combined TRACON& Tower with Radar,70,20,14,0,104,0,0,0,0,0,70,20,14,0,104,0,0,0,104
03/20/2022,GSP,SC,ASO,ES,Combined TRACON& Tower with Radar,83,23,22,0,128,0,5,16,0,21,83,28,38,0,149,16,0,16,165
03/21/2022,GSP,SC,ASO,ES,Combined TRACON& Tower with Radar,80,17,27,13,137,0,0,29,7,36,80,17,56,20,173,10,10,20,193
03/22/2022,GSP,SC,ASO,ES,Combined TRACON& Tower with Radar,69,14,19,10,112,0,0,10,4,14,69,14,29,14,126,0,20,20,146
03/23/2022,GSP,SC,ASO,ES,Combined TRACON& Tower with Radar,76,16,15,0,107,0,1,0,0,1,76,17,15,0,108,0,0,0,108
03/24/2022,GSP,SC,ASO,ES,Combined TRACON& Tower with Radar,85,25,36,2,148,0,2,12,0,14,85,27,48,2,162,0,0,0,162
03/25/2022,GSP,SC,ASO,ES,Combined TRACON& Tower with Radar,87,13,19,8,127,0,0,2,0,2,87,13,21,8,129,14,0,14,143
03/26/2022,GSP,SC,ASO,ES,Combined TRACON& Tower with Radar,71,16,11,0,98,0,0,4,4,8,71,16,15,4,106,0,0,0,106
03/27/2022,GSP,SC,ASO,ES,Combined TRACON& Tower with Radar,73,27,22,0,122,0,0,3,6,9,73,27,25,6,131,0,0,0,131
03/28/2022,GSP,SC,ASO,ES,Combined TRACON& Tower with Radar,85,12,28,0,125,0,3,20,0,23,85,15,48,0,148,12,0,12,160
03/29/2022,GSP,SC,ASO,ES,Combined TRACON& Tower with Radar,79,15,25,32,151,0,2,18,14,34,79,17,43,46,185,0,40,40,225
03/30/2022,GSP,SC,ASO,ES,Combined TRACON& Tower with Radar,83,21,20,0,124,0,0,2,0,2,83,21,22,0,126,0,0,0,126
03/31/2022,GSP,SC,ASO,ES,Combined TRACON& Tower with Radar,82,27,23,19,151,0,5,1,0,6,82,32,24,19,157,0,0,0,157
04/01/2022,GSP,SC,ASO,ES,Combined TRACON& Tower with Radar,91,25,27,18,161,0,3,16,0,19,91,28,43,18,180,0,0,0,180
04/02/2022,GSP,SC,ASO,ES,Combined TRACON& Tower with Radar,60,15,4,0,79,6,0,13,0,19,66,15,17,0,98,20,0,20,118
04/03/2022,GSP,SC,ASO,ES,Combined TRACON& Tower with Radar,69,24,18,3,114,0,1,9,1,11,69,25,27,4,125,0,0,0,125
04/04/2022,GSP,SC,ASO,ES,Combined TRACON& Tower with Radar,73,21,25,1,120,0,1,12,1,14,73,22,37,2,134,0,0,0,134
04/05/2022,GSP,SC,ASO,ES,Combined TRACON& Tower with Radar,78,18,22,0,118,0,0,0,0,0,78,18,22,0,118,0,0,0,118
04/06/2022,GSP,SC,ASO,ES,Combined TRACON& Tower with Radar,74,21,44,8,147,0,0,9,8,17,74,21,53,16,164,16,22,38,202
04/07/2022,GSP,SC,ASO,ES,Combined TRACON& Tower with Radar,83,28,41,2,154,0,2,30,0,32,83,30,71,2,186,10,0,10,196
04/08/2022,GSP,SC,ASO,ES,Combined TRACON& Tower with Radar,87,24,30,0,141,0,1,8,1,10,87,25,38,1,151,0,0,0,151
04/09/2022,GSP,SC,ASO,ES,Combined TRACON& Tower with Radar,58,22,11,0,91,0,0,5,0,5,58,22,16,0,96,0,0,0,96
04/10/2022,GSP,SC,ASO,ES,Combined TRACON& Tower with Radar,67,28,11,0,106,0,1,9,0,10,67,29,20,0,116,0,0,0,116
04/11/2022,GSP,SC,ASO,ES,Combined TRACON& Tower with Radar,79,18,29,6,132,0,0,28,3,31,79,18,57,9,163,0,0,0,163
04/12/2022,GSP,SC,ASO,ES,Combined TRACON& Tower with Radar,82,25,18,1,126,0,0,8,0,8,82,25,26,1,134,0,0,0,134
04/13/2022,GSP,SC,ASO,ES,Combined TRACON& Tower with Radar,74,24,23,8,129,1,1,5,0,7,75,25,28,8,136,0,0,0,136
04/14/2022,GSP,SC,ASO,ES,Combined TRACON& Tower with Radar,80,29,39,3,151,0,0,5,1,6,80,29,44,4,157,0,0,0,157
04/15/2022,GSP,SC,ASO,ES,Combined TRACON& Tower with Radar,78,18,14,0,110,0,3,8,0,11,78,21,22,0,121,10,0,10,131
04/16/2022,GSP,SC,ASO,ES,Combined TRACON& Tower with Radar,57,13,6,0,76,0,0,0,0,0,57,13,6,0,76,0,0,0,76
04/17/2022,GSP,SC,ASO,ES,Combined TRACON& Tower with Radar,70,13,9,0,92,0,0,3,0,3,70,13,12,0,95,0,0,0,95
04/18/2022,GSP,SC,ASO,ES,Combined TRACON& Tower with Radar,82,25,29,0,136,0,4,6,0,10,82,29,35,0,146,0,0,0,146
04/19/2022,GSP,SC,ASO,ES,Combined TRACON& Tower with Radar,81,16,17,5,119,0,0,12,5,17,81,16,29,10,136,0,0,0,136
04/20/2022,GSP,SC,ASO,ES,Combined TRACON& Tower with Radar,85,24,34,8,151,0,0,19,2,21,85,24,53,10,172,54,0,54,226
04/21/2022,GSP,SC,ASO,ES,Combined TRACON& Tower with Radar,87,27,33,16,163,0,4,19,2,25,87,31,52,18,188,30,0,30,218
04/22/2022,GSP,SC,ASO,ES,Combined TRACON& Tower with Radar,84,26,42,10,162,0,2,22,14,38,84,28,64,24,200,0,0,0,200
04/23/2022,GSP,SC,ASO,ES,Combined TRACON& Tower with Radar,62,25,11,1,99,0,1,10,6,17,62,26,21,7,116,0,4,4,120
04/24/2022,GSP,SC,ASO,ES,Combined TRACON& Tower with Radar,77,19,25,1,122,0,1,4,1,6,77,20,29,2,128,0,0,0,128
04/25/2022,GSP,SC,ASO,ES,Combined TRACON& Tower with Radar,85,25,32,7,149,0,4,23,3,30,85,29,55,10,179,0,12,12,191
04/26/2022,GSP,SC,ASO,ES,Combined TRACON& Tower with Radar,83,14,28,21,146,0,3,6,0,9,83,17,34,21,155,0,0,0,155
04/27/2022,GSP,SC,ASO,ES,Combined TRACON& Tower with Radar,82,18,26,5,131,0,1,14,6,21,82,19,40,11,152,0,0,0,152
04/28/2022,GSP,SC,ASO,ES,Combined TRACON& Tower with Radar,85,27,32,3,147,32,0,24,3,59,117,27,56,6,206,22,74,96,302
04/29/2022,GSP,SC,ASO,ES,Combined TRACON& Tower with Radar,85,21,15,23,144,0,2,10,0,12,85,23,25,23,156,4,8,12,168
04/30/2022,GSP,SC,ASO,ES,Combined TRACON& Tower with Radar,61,17,13,0,91,0,5,7,0,12,61,22,20,0,103,0,0,0,103
05/01/2022,GSP,SC,ASO,ES,Combined TRACON& Tower with Radar,71,19,22,0,112,0,0,4,0,4,71,19,26,0,116,0,0,0,116
05/02/2022,GSP,SC,ASO,ES,Combined TRACON& Tower with Radar,85,19,36,8,148,0,0,19,0,19,85,19,55,8,167,0,0,0,167
05/03/2022,GSP,SC,ASO,ES,Combined TRACON& Tower with Radar,78,18,27,4,127,0,0,9,0,9,78,18,36,4,136,4,0,4,140
05/04/2022,GSP,SC,ASO,ES,Combined TRACON& Tower with Radar,79,31,37,1,148,0,4,15,1,20,79,35,52,2,168,14,0,14,182
05/05/2022,GSP,SC,ASO,ES,Combined TRACON& Tower with Radar,85,24,37,10,156,0,4,12,6,22,85,28,49,16,178,12,30,42,220
05/06/2022,GSP,SC,ASO,ES,Combined TRACON& Tower with Radar,99,13,21,0,133,0,1,1,0,2,99,14,22,0,135,10,0,10,145
05/07/2022,GSP,SC,ASO,ES,Combined TRACON& Tower with Radar,71,6,21,0,98,0,0,5,0,5,71,6,26,0,103,0,0,0,103
05/08/2022,GSP,SC,ASO,ES,Combined TRACON& Tower with Radar,73,17,26,0,116,0,1,6,0,7,73,18,32,0,123,0,0,0,123
05/09/2022,GSP,SC,ASO,ES,Combined TRACON& Tower with Radar,91,9,25,17,142,0,0,17,2,19,91,9,42,19,161,8,6,14,175
05/10/2022,GSP,SC,ASO,ES,Combined TRACON& Tower with Radar,85,6,30,14,135,0,2,10,0,12,85,8,40,14,147,0,0,0,147
05/11/2022,GSP,SC,ASO,ES,Combined TRACON& Tower with Radar,87,20,35,2,144,1,3,12,1,17,88,23,47,3,161,0,0,0,161
05/12/2022,GSP,SC,ASO,ES,Combined TRACON& Tower with Radar,88,15,38,0,141,1,14,11,3,29,89,29,49,3,170,0,0,0,170
05/13/2022,GSP,SC,ASO,ES,Combined TRACON& Tower with Radar,95,26,39,0,160,0,2,5,2,9,95,28,44,2,169,0,0,0,169
05/14/2022,GSP,SC,ASO,ES,Combined TRACON& Tower with Radar,74,5,9,2,90,0,0,5,0,5,74,5,14,2,95,0,0,0,95
05/15/2022,GSP,SC,ASO,ES,Combined TRACON& Tower with Radar,75,20,34,1,130,0,0,15,1,16,75,20,49,2,146,0,0,0,146
05/16/2022,GSP,SC,ASO,ES,Combined TRACON& Tower with Radar,79,13,20,10,122,1,3,16,0,20,80,16,36,10,142,3,0,3,145
05/17/2022,GSP,SC,ASO,ES,Combined TRACON& Tower with Radar,88,14,11,4,117,0,0,14,0,14,88,14,25,4,131,0,0,0,131
05/18/2022,GSP,SC,ASO,ES,Combined TRACON& Tower with Radar,88,13,24,4,129,0,2,20,3,25,88,15,44,7,154,33,16,49,203
05/19/2022,GSP,SC,ASO,ES,Combined TRACON& Tower with Radar,90,20,20,0,130,0,2,8,0,10,90,22,28,0,140,0,0,0,140
05/20/2022,GSP,SC,ASO,ES,Combined TRACON& Tower with Radar,88,16,27,39,170,0,1,8,4,13,88,17,35,43,183,18,12,30,213
05/21/2022,GSP,SC,ASO,ES,Combined TRACON& Tower with Radar,68,10,13,16,107,0,0,1,1,2,68,10,14,17,109,0,6,6,115
05/22/2022,GSP,SC,ASO,ES,Combined TRACON& Tower with Radar,71,17,14,6,108,0,0,1,0,1,71,17,15,6,109,0,0,0,109
05/23/2022,GSP,SC,ASO,ES,Combined TRACON& Tower with Radar,91,20,19,1,131,0,1,0,0,1,91,21,19,1,132,0,0,0,132
05/24/2022,GSP,SC,ASO,ES,Combined TRACON& Tower with Radar,91,15,43,2,151,0,0,7,1,8,91,15,50,3,159,12,0,12,171
05/25/2022,GSP,SC,ASO,ES,Combined TRACON& Tower with Radar,86,8,22,4,120,0,0,0,0,0,86,8,22,4,120,14,0,14,134
05/26/2022,GSP,SC,ASO,ES,Combined TRACON& Tower with Radar,90,23,35,0,148,0,0,0,0,0,90,23,35,0,148,0,0,0,148
05/27/2022,GSP,SC,ASO,ES,Combined TRACON& Tower with Radar,89,28,36,0,153,0,0,5,2,7,89,28,41,2,160,0,0,0,160
05/28/2022,GSP,SC,ASO,ES,Combined TRACON& Tower with Radar,64,8,6,0,78,0,0,9,0,9,64,8,15,0,87,0,0,0,87
05/29/2022,GSP,SC,ASO,ES,Combined TRACON& Tower with Radar,69,9,7,0,85,0,2,14,3,19,69,11,21,3,104,0,0,0,104
05/30/2022,GSP,SC,ASO,ES,Combined TRACON& Tower with Radar,89,20,20,1,130,0,0,17,0,17,89,20,37,1,147,0,0,0,147
05/31/2022,GSP,SC,ASO,ES,Combined TRACON& Tower with Radar,81,4,29,12,126,0,2,12,0,14,81,6,41,12,140,0,0,0,140
06/01/2022,GSP,SC,ASO,ES,Combined TRACON& Tower with Radar,84,16,17,17,134,0,1,6,0,7,84,17,23,17,141,12,0,12,153
06/02/2022,GSP,SC,ASO,ES,Combined TRACON& Tower with Radar,89,19,18,0,126,0,0,15,0,15,89,19,33,0,141,8,0,8,149
06/03/2022,GSP,SC,ASO,ES,Combined TRACON& Tower with Radar,75,19,28,10,132,0,0,1,2,3,75,19,29,12,135,0,12,12,147
06/04/2022,GSP,SC,ASO,ES,Combined TRACON& Tower with Radar,66,10,9,1,86,0,2,2,0,4,66,12,11,1,90,0,0,0,90
06/05/2022,GSP,SC,ASO,ES,Combined TRACON& Tower with Radar,72,21,19,6,118,0,1,7,2,10,72,22,26,8,128,0,0,0,128
06/06/2022,GSP,SC,ASO,ES,Combined TRACON& Tower with Radar,92,17,20,20,149,0,5,12,1,18,92,22,32,21,167,3,18,21,188
06/07/2022,GSP,SC,ASO,ES,Combined TRACON& Tower with Radar,73,11,31,0,115,0,3,2,0,5,73,14,33,0,120,0,0,0,120
06/08/2022,GSP,SC,ASO,ES,Combined TRACON& Tower with Radar,79,20,38,4,141,0,1,7,0,8,79,21,45,4,149,0,0,0,149
06/09/2022,GSP,SC,ASO,ES,Combined TRACON& Tower with Radar,87,22,34,8,151,0,1,12,7,20,87,23,46,15,171,12,32,44,215
06/10/2022,GSP,SC,ASO,ES,Combined TRACON& Tower with Radar,80,23,27,13,143,0,2,11,6,19,80,25,38,19,162,12,0,12,174
06/11/2022,GSP,SC,ASO,ES,Combined TRACON& Tower with Radar,60,16,14,2,92,0,0,8,0,8,60,16,22,2,100,0,0,0,100
06/12/2022,GSP,SC,ASO,ES,Combined TRACON& Tower with Radar,69,23,29,13,134,0,6,14,0,20,69,29,43,13,154,38,0,38,192
06/13/2022,GSP,SC,ASO,ES,Combined TRACON& Tower with Radar,86,23,15,0,124,0,0,13,0,13,86,23,28,0,137,14,0,14,151
06/14/2022,GSP,SC,ASO,ES,Combined TRACON& Tower with Radar,75,20,35,0,130,1,0,6,0,7,76,20,41,0,137,0,0,0,137
06/15/2022,GSP,SC,ASO,ES,Combined TRACON& Tower with Radar,82,15,23,15,135,0,2,10,3,15,82,17,33,18,150,0,0,0,150
06/16/2022,GSP,SC,ASO,ES,Combined TRACON& Tower with Radar,75,22,21,5,123,0,0,10,2,12,75,22,31,7,135,18,0,18,153
06/17/2022,GSP,SC,ASO,ES,Combined TRACON& Tower with Radar,68,28,22,0,118,0,3,8,0,11,68,31,30,0,129,4,0,4,133
06/18/2022,GSP,SC,ASO,ES,Combined TRACON& Tower with Radar,58,12,4,0,74,0,3,7,0,10,58,15,11,0,84,0,0,0,84
06/19/2022,GSP,SC,ASO,ES,Combined TRACON& Tower with Radar,71,16,14,0,101,0,0,13,0,13,71,16,27,0,114,0,0,0,114
06/20/2022,GSP,SC,ASO,ES,Combined TRACON& Tower with Radar,86,11,23,4,124,0,2,5,0,7,86,13,28,4,131,0,0,0,131
06/21/2022,GSP,SC,ASO,ES,Combined TRACON& Tower with Radar,78,11,38,16,143,0,1,18,2,21,78,12,56,18,164,0,0,0,164
06/22/2022,GSP,SC,ASO,ES,Combined TRACON& Tower with Radar,67,24,21,0,112,0,3,11,1,15,67,27,32,1,127,0,0,0,127
06/23/2022,GSP,SC,ASO,ES,Combined TRACON& Tower with Radar,80,20,26,18,144,1,2,8,1,12,81,22,34,19,156,0,31,31,187
06/24/2022,GSP,SC,ASO,ES,Combined TRACON& Tower with Radar,81,21,33,16,151,0,2,1,0,3,81,23,34,16,154,0,0,0,154
06/25/2022,GSP,SC,ASO,ES,Combined TRACON& Tower with Radar,63,15,14,0,92,0,1,7,0,8,63,16,21,0,100,36,0,36,136
06/26/2022,GSP,SC,ASO,ES,Combined TRACON& Tower with Radar,70,34,20,2,126,0,1,2,2,5,70,35,22,4,131,0,0,0,131
06/27/2022,GSP,SC,ASO,ES,Combined TRACON& Tower with Radar,78,17,18,2,115,0,0,3,1,4,78,17,21,3,119,0,0,0,119
06/28/2022,GSP,SC,ASO,ES,Combined TRACON& Tower with Radar,77,13,19,2,111,0,0,13,0,13,77,13,32,2,124,0,0,0,124
06/29/2022,GSP,SC,ASO,ES,Combined TRACON& Tower with Radar,80,18,22,5,125,0,2,4,1,7,80,20,26,6,132,0,0,0,132
06/30/2022,GSP,SC,ASO,ES,Combined TRACON& Tower with Radar,87,30,24,0,141,0,0,9,0,9,87,30,33,0,150,8,0,8,158
07/01/2022,GSP,SC,ASO,ES,Combined TRACON& Tower with Radar,80,24,28,2,134,0,3,7,0,10,80,27,35,2,144,0,0,0,144
07/02/2022,GSP,SC,ASO,ES,Combined TRACON& Tower with Radar,52,13,16,0,81,0,0,7,0,7,52,13,23,0,88,0,0,0,88
07/03/2022,GSP,SC,ASO,ES,Combined TRACON& Tower with Radar,60,18,13,0,91,0,0,6,1,7,60,18,19,1,98,0,0,0,98
07/04/2022,GSP,SC,ASO,ES,Combined TRACON& Tower with Radar,71,12,6,1,90,0,0,4,0,4,71,12,10,1,94,0,0,0,94
07/05/2022,GSP,SC,ASO,ES,Combined TRACON& Tower with Radar,74,15,14,0,103,0,2,1,0,3,74,17,15,0,106,0,0,0,106
07/06/2022,GSP,SC,ASO,ES,Combined TRACON& Tower with Radar,65,17,13,10,105,0,0,4,2,6,65,17,17,12,111,0,0,0,111
07/07/2022,GSP,SC,ASO,ES,Combined TRACON& Tower with Radar,73,21,17,11,122,1,0,9,3,13,74,21,26,14,135,0,0,0,135
07/08/2022,GSP,SC,ASO,ES,Combined TRACON& Tower with Radar,73,14,18,10,115,0,2,11,0,13,73,16,29,10,128,0,0,0,128
07/09/2022,GSP,SC,ASO,ES,Combined TRACON& Tower with Radar,68,20,5,0,93,0,0,7,0,7,68,20,12,0,100,0,0,0,100
07/10/2022,GSP,SC,ASO,ES,Combined TRACON& Tower with Radar,70,20,8,0,98,0,0,2,0,2,70,20,10,0,100,0,0,0,100
07/11/2022,GSP,SC,ASO,ES,Combined TRACON& Tower with Radar,82,21,27,8,138,0,0,6,0,6,82,21,33,8,144,0,0,0,144
07/12/2022,GSP,SC,ASO,ES,Combined TRACON& Tower with Radar,68,30,16,18,132,1,1,12,0,14,69,31,28,18,146,0,0,0,146
07/13/2022,GSP,SC,ASO,ES,Combined TRACON& Tower with Radar,81,19,31,2,133,0,0,2,0,2,81,19,33,2,135,0,0,0,135
07/14/2022,GSP,SC,ASO,ES,Combined TRACON& Tower with Radar,83,23,36,20,162,0,0,12,0,12,83,23,48,20,174,23,0,23,197
07/15/2022,GSP,SC,ASO,ES,Combined TRACON& Tower with Radar,79,22,11,33,145,1,3,23,4,31,80,25,34,37,176,26,6,32,208
07/16/2022,GSP,SC,ASO,ES,Combined TRACON& Tower with Radar,69,7,18,0,94,0,1,7,0,8,69,8,25,0,102,0,0,0,102
07/17/2022,GSP,SC,ASO,ES,Combined TRACON& Tower with Radar,70,24,14,0,108,0,3,5,0,8,70,27,19,0,116,0,0,0,116
07/18/2022,GSP,SC,ASO,ES,Combined TRACON& Tower with Radar,70,16,25,29,140,0,1,10,11,22,70,17,35,40,162,0,70,70,232
07/19/2022,GSP,SC,ASO,ES,Combined TRACON& Tower with Radar,72,19,35,0,126,0,1,16,2,19,72,20,51,2,145,0,0,0,145
07/20/2022,GSP,SC,ASO,ES,Combined TRACON& Tower with Radar,72,23,25,1,121,0,0,7,1,8,72,23,32,2,129,10,0,10,139
07/21/2022,GSP,SC,ASO,ES,Combined TRACON& Tower with Radar,81,20,27,4,132,0,1,3,0,4,81,21,30,4,136,0,0,0,136
07/22/2022,GSP,SC,ASO,ES,Combined TRACON& Tower with Radar,79,21,22,4,126,0,3,10,2,15,79,24,32,6,141,0,12,12,153
07/23/2022,GSP,SC,ASO,ES,Combined TRACON& Tower with Radar,66,8,16,0,90,0,3,13,0,16,66,11,29,0,106,12,0,12,118
07/24/2022,GSP,SC,ASO,ES,Combined TRACON& Tower with Radar,61,24,19,0,104,0,4,4,0,8,61,28,23,0,112,0,0,0,112
07/25/2022,GSP,SC,ASO,ES,Combined TRACON& Tower with Radar,82,18,26,0,126,0,0,11,0,11,82,18,37,0,137,0,0,0,137
07/26/2022,GSP,SC,ASO,ES,Combined TRACON& Tower with Radar,77,26,21,0,124,0,1,10,0,11,77,27,31,0,135,0,0,0,135
07/27/2022,GSP,SC,ASO,ES,Combined TRACON& Tower with Radar,72,19,37,0,128,0,2,11,1,14,72,21,48,1,142,0,0,0,142
07/28/2022,GSP,SC,ASO,ES,Combined TRACON& Tower with Radar,82,21,32,8,143,0,2,9,2,13,82,23,41,10,156,0,0,0,156
07/29/2022,GSP,SC,ASO,ES,Combined TRACON& Tower with Radar,82,22,21,16,141,0,0,9,0,9,82,22,30,16,150,12,0,12,162
07/30/2022,GSP,SC,ASO,ES,Combined TRACON& Tower with Radar,63,11,7,0,81,0,1,10,0,11,63,12,17,0,92,28,0,28,120
07/31/2022,GSP,SC,ASO,ES,Combined TRACON& Tower with Radar,71,28,16,0,115,0,2,6,0,8,71,30,22,0,123,20,0,20,143
08/01/2022,GSP,SC,ASO,ES,Combined TRACON& Tower with Radar,81,14,20,10,125,0,0,4,2,6,81,14,24,12,131,0,0,0,131
08/02/2022,GSP,SC,ASO,ES,Combined TRACON& Tower with Radar,74,15,20,12,121,0,0,13,7,20,74,15,33,19,141,18,36,54,195
08/03/2022,GSP,SC,ASO,ES,Combined TRACON& Tower with Radar,70,17,22,1,110,0,1,12,2,15,70,18,34,3,125,12,0,12,137
08/04/2022,GSP,SC,ASO,ES,Combined TRACON& Tower with Radar,88,20,19,2,129,0,0,11,2,13,88,20,30,4,142,0,0,0,142
08/05/2022,GSP,SC,ASO,ES,Combined TRACON& Tower with Radar,76,16,30,29,151,0,3,8,5,16,76,19,38,34,167,16,4,20,187
08/06/2022,GSP,SC,ASO,ES,Combined TRACON& Tower with Radar,71,9,11,0,91,0,0,3,0,3,71,9,14,0,94,22,0,22,116
08/07/2022,GSP,SC,ASO,ES,Combined TRACON& Tower with Radar,62,23,20,17,122,0,3,4,1,8,62,26,24,18,130,0,8,8,138
08/08/2022,GSP,SC,ASO,ES,Combined TRACON& Tower with Radar,74,14,27,18,133,0,0,8,2,10,74,14,35,20,143,0,8,8,151
08/09/2022,GSP,SC,ASO,ES,Combined TRACON& Tower with Radar,70,15,24,2,111,0,1,10,5,16,70,16,34,7,127,0,0,0,127
08/10/2022,GSP,SC,ASO,ES,Combined TRACON& Tower with Radar,68,16,27,4,115,0,1,12,2,15,68,17,39,6,130,16,0,16,146
08/11/2022,GSP,SC,ASO,ES,Combined TRACON& Tower with Radar,74,23,24,8,129,0,0,14,6,20,74,23,38,14,149,8,52,60,209
08/12/2022,GSP,SC,ASO,ES,Combined TRACON& Tower with Radar,83,18,20,0,121,0,1,3,0,4,83,19,23,0,125,0,0,0,125
08/13/2022,GSP,SC,ASO,ES,Combined TRACON& Tower with Radar,62,9,11,3,85,0,2,11,2,15,62,11,22,5,100,6,3,9,109
08/14/2022,GSP,SC,ASO,ES,Combined TRACON& Tower with Radar,70,19,26,1,116,0,0,32,0,32,70,19,58,1,148,28,0,28,176
08/15/2022,GSP,SC,ASO,ES,Combined TRACON& Tower with Radar,82,21,32,6,141,0,3,11,0,14,82,24,43,6,155,0,0,0,155
08/16/2022,GSP,SC,ASO,ES,Combined TRACON& Tower with Radar,81,18,33,9,141,0,2,0,0,2,81,20,33,9,143,0,0,0,143
08/17/2022,GSP,SC,ASO,ES,Combined TRACON& Tower with Radar,73,11,33,6,123,0,0,13,0,13,73,11,46,6,136,34,0,34,170
08/18/2022,GSP,SC,ASO,ES,Combined TRACON& Tower with Radar,78,23,15,0,116,0,0,13,2,15,78,23,28,2,131,0,0,0,131
08/19/2022,GSP,SC,ASO,ES,Combined TRACON& Tower with Radar,82,8,32,6,128,1,2,0,0,3,83,10,32,6,131,0,0,0,131
08/20/2022,GSP,SC,ASO,ES,Combined TRACON& Tower with Radar,67,8,18,2,95,0,0,5,0,5,67,8,23,2,100,0,0,0,100
08/21/2022,GSP,SC,ASO,ES,Combined TRACON& Tower with Radar,71,15,24,0,110,0,0,2,0,2,71,15,26,0,112,20,0,20,132
08/22/2022,GSP,SC,ASO,ES,Combined TRACON& Tower with Radar,73,9,26,13,121,0,1,8,2,11,73,10,34,15,132,0,4,4,136
08/23/2022,GSP,SC,ASO,ES,Combined TRACON& Tower with Radar,77,10,30,13,130,0,0,11,1,12,77,10,41,14,142,0,20,20,162
08/24/2022,GSP,SC,ASO,ES,Combined TRACON& Tower with Radar,80,16,20,7,123,0,1,6,2,9,80,17,26,9,132,0,0,0,132
08/25/2022,GSP,SC,ASO,ES,Combined TRACON& Tower with Radar,81,21,24,0,126,0,0,10,0,10,81,21,34,0,136,13,0,13,149
08/26/2022,GSP,SC,ASO,ES,Combined TRACON& Tower with Radar,79,21,29,0,129,0,0,11,0,11,79,21,40,0,140,8,0,8,148
08/27/2022,GSP,SC,ASO,ES,Combined TRACON& Tower with Radar,67,12,12,1,92,1,0,8,1,10,68,12,20,2,102,0,0,0,102
08/28/2022,GSP,SC,ASO,ES,Combined TRACON& Tower with Radar,81,29,10,0,120,0,0,1,1,2,81,29,11,1,122,0,0,0,122
08/29/2022,GSP,SC,ASO,ES,Combined TRACON& Tower with Radar,85,13,21,10,129,0,0,7,0,7,85,13,28,10,136,10,4,14,150
08/30/2022,GSP,SC,ASO,ES,Combined TRACON& Tower with Radar,75,14,19,0,108,0,2,8,0,10,75,16,27,0,118,0,0,0,118
08/31/2022,GSP,SC,ASO,ES,Combined TRACON& Tower with Radar,69,16,27,0,112,1,2,14,3,20,70,18,41,3,132,50,0,50,182
09/01/2022,GSP,SC,ASO,ES,Combined TRACON& Tower with Radar,83,20,24,19,146,0,2,11,5,18,83,22,35,24,164,4,26,30,194
09/02/2022,GSP,SC,ASO,ES,Combined TRACON& Tower with Radar,80,21,23,6,130,0,1,3,0,4,80,22,26,6,134,0,0,0,134
09/03/2022,GSP,SC,ASO,ES,Combined TRACON& Tower with Radar,61,8,7,0,76,0,0,6,0,6,61,8,13,0,82,0,0,0,82
09/04/2022,GSP,SC,ASO,ES,Combined TRACON& Tower with Radar,62,8,13,0,83,0,0,2,0,2,62,8,15,0,85,0,0,0,85
09/05/2022,GSP,SC,ASO,ES,Combined TRACON& Tower with Radar,72,15,17,0,104,0,0,3,0,3,72,15,20,0,107,0,0,0,107
09/06/2022,GSP,SC,ASO,ES,Combined TRACON& Tower with Radar,79,15,23,0,117,0,0,5,1,6,79,15,28,1,123,0,0,0,123
09/07/2022,GSP,SC,ASO,ES,Combined TRACON& Tower with Radar,78,12,27,0,117,0,0,10,0,10,78,12,37,0,127,0,0,0,127
09/08/2022,GSP,SC,ASO,ES,Combined TRACON& Tower with Radar,84,20,32,4,140,0,0,7,6,13,84,20,39,10,153,8,28,36,189
09/09/2022,GSP,SC,ASO,ES,Combined TRACON& Tower with Radar,80,19,13,25,137,0,0,9,2,11,80,19,22,27,148,0,4,4,152
09/10/2022,GSP,SC,ASO,ES,Combined TRACON& Tower with Radar,67,6,7,1,81,0,0,0,0,0,67,6,7,1,81,0,0,0,81
09/11/2022,GSP,SC,ASO,ES,Combined TRACON& Tower with Radar,77,23,10,7,117,1,0,0,0,1,78,23,10,7,118,0,0,0,118
09/12/2022,GSP,SC,ASO,ES,Combined TRACON& Tower with Radar,87,17,34,7,145,0,0,5,3,8,87,17,39,10,153,0,0,0,153
09/13/2022,GSP,SC,ASO,ES,Combined TRACON& Tower with Radar,79,16,27,0,122,0,0,6,4,10,79,16,33,4,132,0,0,0,132
09/14/2022,GSP,SC,ASO,ES,Combined TRACON& Tower with Radar,78,12,23,4,117,0,0,12,4,16,78,12,35,8,133,0,0,0,133
09/15/2022,GSP,SC,ASO,ES,Combined TRACON& Tower with Radar,88,22,39,13,162,0,2,10,3,15,88,24,49,16,177,28,10,38,215
09/16/2022,GSP,SC,ASO,ES,Combined TRACON& Tower with Radar,80,20,19,18,137,0,2,11,1,14,80,22,30,19,151,4,2,6,157
09/17/2022,GSP,SC,ASO,ES,Combined TRACON& Tower with Radar,63,10,19,1,93,0,0,9,4,13,63,10,28,5,106,0,0,0,106
09/18/2022,GSP,SC,ASO,ES,Combined TRACON& Tower with Radar,71,23,24,19,137,0,0,15,1,16,71,23,39,20,153,6,0,6,159
09/19/2022,GSP,SC,ASO,ES,Combined TRACON& Tower with Radar,79,14,29,10,132,0,0,11,5,16,79,14,40,15,148,0,29,29,177
09/20/2022,GSP,SC,ASO,ES,Combined TRACON& Tower with Radar,77,16,23,8,124,0,4,13,0,17,77,20,36,8,141,8,10,18,159
09/21/2022,GSP,SC,ASO,ES,Combined TRACON& Tower with Radar,76,21,21,12,130,0,6,19,2,27,76,27,40,14,157,10,14,24,181
09/22/2022,GSP,SC,ASO,ES,Combined TRACON& Tower with Radar,82,22,39,0,143,0,0,14,0,14,82,22,53,0,157,0,0,0,157
09/23/2022,GSP,SC,ASO,ES,Combined TRACON& Tower with Radar,80,22,20,6,128,0,9,7,11,27,80,31,27,17,155,5,14,19,174
09/24/2022,GSP,SC,ASO,ES,Combined TRACON& Tower with Radar,62,14,8,10,94,0,5,13,3,21,62,19,21,13,115,0,12,12,127
09/25/2022,GSP,SC,ASO,ES,Combined TRACON& Tower with Radar,71,23,21,2,117,0,0,18,0,18,71,23,39,2,135,6,0,6,141
09/26/2022,GSP,SC,ASO,ES,Combined TRACON& Tower with Radar,78,11,25,2,116,0,3,12,0,15,78,14,37,2,131,0,0,0,131
09/27/2022,GSP,SC,ASO,ES,Combined TRACON& Tower with Radar,78,19,23,0,120,1,2,16,0,19,79,21,39,0,139,12,0,12,151
09/28/2022,GSP,SC,ASO,ES,Combined TRACON& Tower with Radar,81,11,33,6,131,0,5,5,1,11,81,16,38,7,142,0,0,0,142
09/29/2022,GSP,SC,ASO,ES,Combined TRACON& Tower with Radar,88,18,21,0,127,0,2,3,0,5,88,20,24,0,132,0,0,0,132
09/30/2022,GSP,SC,ASO,ES,Combined TRACON& Tower with Radar,79,13,17,0,109,0,0,0,0,0,79,13,17,0,109,0,0,0,109
10/01/2022,GSP,SC,ASO,ES,Combined TRACON& Tower with Radar,65,8,16,0,89,0,0,5,2,7,65,8,21,2,96,0,0,0,96
10/02/2022,GSP,SC,ASO,ES,Combined TRACON& Tower with Radar,75,22,4,0,101,0,0,2,2,4,75,22,6,2,105,0,0,0,105
10/03/2022,GSP,SC,ASO,ES,Combined TRACON& Tower with Radar,81,17,25,8,131,0,1,4,2,7,81,18,29,10,138,0,0,0,138
10/04/2022,GSP,SC,ASO,ES,Combined TRACON& Tower with Radar,80,14,21,44,159,0,3,6,6,15,80,17,27,50,174,6,24,30,204
10/05/2022,GSP,SC,ASO,ES,Combined TRACON& Tower with Radar,76,21,28,7,132,0,0,11,4,15,76,21,39,11,147,6,10,16,163
10/06/2022,GSP,SC,ASO,ES,Combined TRACON& Tower with Radar,89,30,23,2,144,0,9,12,8,29,89,39,35,10,173,18,0,18,191
10/07/2022,GSP,SC,ASO,ES,Combined TRACON& Tower with Radar,83,29,39,4,155,0,2,13,0,15,83,31,52,4,170,24,0,24,194
10/08/2022,GSP,SC,ASO,ES,Combined TRACON& Tower with Radar,65,7,18,0,90,0,0,6,0,6,65,7,24,0,96,0,0,0,96
10/09/2022,GSP,SC,ASO,ES,Combined TRACON& Tower with Radar,75,28,19,0,122,0,0,8,0,8,75,28,27,0,130,6,0,6,136
10/10/2022,GSP,SC,ASO,ES,Combined TRACON& Tower with Radar,78,23,18,2,121,0,2,6,0,8,78,25,24,2,129,8,0,8,137
10/11/2022,GSP,SC,ASO,ES,Combined TRACON& Tower with Radar,74,16,30,14,134,0,1,10,0,11,74,17,40,14,145,0,0,0,145
10/12/2022,GSP,SC,ASO,ES,Combined TRACON& Tower with Radar,74,25,29,0,128,0,0,0,0,0,74,25,29,0,128,0,0,0,128
10/13/2022,GSP,SC,ASO,ES,Combined TRACON& Tower with Radar,83,18,33,1,135,0,0,6,2,8,83,18,39,3,143,0,0,0,143
10/14/2022,GSP,SC,ASO,ES,Combined TRACON& Tower with Radar,87,23,26,4,140,0,3,14,0,17,87,26,40,4,157,6,8,14,171
10/15/2022,GSP,SC,ASO,ES,Combined TRACON& Tower with Radar,64,12,17,0,93,0,2,13,2,17,64,14,30,2,110,0,14,14,124
10/16/2022,GSP,SC,ASO,ES,Combined TRACON& Tower with Radar,76,26,38,8,148,0,0,5,3,8,76,26,43,11,156,0,0,0,156
10/17/2022,GSP,SC,ASO,ES,Combined TRACON& Tower with Radar,77,18,29,0,124,0,0,13,2,15,77,18,42,2,139,23,0,23,162
10/18/2022,GSP,SC,ASO,ES,Combined TRACON& Tower with Radar,76,16,26,11,129,0,0,4,0,4,76,16,30,11,133,8,0,8,141
10/19/2022,GSP,SC,ASO,ES,Combined TRACON& Tower with Radar,74,25,25,4,128,0,0,11,0,11,74,25,36,4,139,18,0,18,157
10/20/2022,GSP,SC,ASO,ES,Combined TRACON& Tower with Radar,79,21,30,17,147,0,3,15,11,29,79,24,45,28,176,0,20,20,196
10/21/2022,GSP,SC,ASO,ES,Combined TRACON& Tower with Radar,81,26,39,12,158,0,2,11,2,15,81,28,50,14,173,8,0,8,181
10/22/2022,GSP,SC,ASO,ES,Combined TRACON& Tower with Radar,63,11,6,7,87,0,5,8,0,13,63,16,14,7,100,6,8,14,114
10/23/2022,GSP,SC,ASO,ES,Combined TRACON& Tower with Radar,78,26,16,1,121,0,2,5,0,7,78,28,21,1,128,0,0,0,128
10/24/2022,GSP,SC,ASO,ES,Combined TRACON& Tower with Radar,74,22,32,10,138,0,2,9,4,15,74,24,41,14,153,0,18,18,171
10/25/2022,GSP,SC,ASO,ES,Combined TRACON& Tower with Radar,71,14,29,0,114,0,0,9,0,9,71,14,38,0,123,0,0,0,123
10/26/2022,GSP,SC,ASO,ES,Combined TRACON& Tower with Radar,74,9,22,4,109,0,0,5,0,5,74,9,27,4,114,0,0,0,114
10/27/2022,GSP,SC,ASO,ES,Combined TRACON& Tower with Radar,84,21,21,2,128,0,3,16,2,21,84,24,37,4,149,0,0,0,149
10/28/2022,GSP,SC,ASO,ES,Combined TRACON& Tower with Radar,86,21,26,2,135,0,7,9,0,16,86,28,35,2,151,0,0,0,151
10/29/2022,GSP,SC,ASO,ES,Combined TRACON& Tower with Radar,57,13,15,0,85,0,0,2,1,3,57,13,17,1,88,0,0,0,88
10/30/2022,GSP,SC,ASO,ES,Combined TRACON& Tower with Radar,65,31,16,0,112,0,0,0,0,0,65,31,16,0,112,0,0,0,112
10/31/2022,GSP,SC,ASO,ES,Combined TRACON& Tower with Radar,69,15,24,4,112,0,0,0,0,0,69,15,24,4,112,0,0,0,112
11/01/2022,GSP,SC,ASO,ES,Combined TRACON& Tower with Radar,72,23,8,2,105,0,0,13,3,16,72,23,21,5,121,0,0,0,121
11/02/2022,GSP,SC,ASO,ES,Combined TRACON& Tower with Radar,70,24,33,21,148,0,7,16,0,23,70,31,49,21,171,0,0,0,171
11/03/2022,GSP,SC,ASO,ES,Combined TRACON& Tower with Radar,75,29,29,3,136,0,3,17,1,21,75,32,46,4,157,4,0,4,161
11/04/2022,GSP,SC,ASO,ES,Combined TRACON& Tower with Radar,81,27,21,47,176,0,0,4,8,12,81,27,25,55,188,0,0,0,188
11/05/2022,GSP,SC,ASO,ES,Combined TRACON& Tower with Radar,60,18,12,0,90,0,0,0,0,0,60,18,12,0,90,0,0,0,90
11/06/2022,GSP,SC,ASO,ES,Combined TRACON& Tower with Radar,68,26,21,0,115,0,0,0,0,0,68,26,21,0,115,0,0,0,115
11/07/2022,GSP,SC,ASO,ES,Combined TRACON& Tower with Radar,71,24,27,10,132,0,0,6,2,8,71,24,33,12,140,0,28,28,168
11/08/2022,GSP,SC,ASO,ES,Combined TRACON& Tower with Radar,71,14,23,0,108,0,4,21,0,25,71,18,44,0,133,0,0,0,133
11/09/2022,GSP,SC,ASO,ES,Combined TRACON& Tower with Radar,71,24,34,3,132,0,2,5,1,8,71,26,39,4,140,0,0,0,140
11/10/2022,GSP,SC,ASO,ES,Combined TRACON& Tower with Radar,73,27,18,0,118,0,0,0,0,0,73,27,18,0,118,0,0,0,118
11/11/2022,GSP,SC,ASO,ES,Combined TRACON& Tower with Radar,76,22,21,0,119,0,0,0,0,0,76,22,21,0,119,0,0,0,119
11/12/2022,GSP,SC,ASO,ES,Combined TRACON& Tower with Radar,60,15,15,1,91,0,4,6,0,10,60,19,21,1,101,20,0,20,121
11/13/2022,GSP,SC,ASO,ES,Combined TRACON& Tower with Radar,63,30,13,0,106,0,4,5,2,11,63,34,18,2,117,0,0,0,117
11/14/2022,GSP,SC,ASO,ES,Combined TRACON& Tower with Radar,75,23,18,2,118,0,2,10,2,14,75,25,28,4,132,0,0,0,132
11/15/2022,GSP,SC,ASO,ES,Combined TRACON& Tower with Radar,74,19,20,0,113,0,0,0,0,0,74,19,20,0,113,0,0,0,113
11/16/2022,GSP,SC,ASO,ES,Combined TRACON& Tower with Radar,74,23,29,20,146,0,4,5,4,13,74,27,34,24,159,0,69,69,228
11/17/2022,GSP,SC,ASO,ES,Combined TRACON& Tower with Radar,77,24,25,45,171,0,0,12,4,16,77,24,37,49,187,0,32,32,219
11/18/2022,GSP,SC,ASO,ES,Combined TRACON& Tower with Radar,79,23,19,37,158,0,6,4,4,14,79,29,23,41,172,0,28,28,200
11/19/2022,GSP,SC,ASO,ES,Combined TRACON& Tower with Radar,63,23,18,3,107,0,1,23,6,30,63,24,41,9,137,6,0,6,143
11/20/2022,GSP,SC,ASO,ES,Combined TRACON& Tower with Radar,66,23,16,1,106,0,0,7,2,9,66,23,23,3,115,0,0,0,115
11/21/2022,GSP,SC,ASO,ES,Combined TRACON& Tower with Radar,75,22,24,8,129,0,0,4,2,6,75,22,28,10,135,0,0,0,135
11/22/2022,GSP,SC,ASO,ES,Combined TRACON& Tower with Radar,78,14,35,9,136,0,0,4,1,5,78,14,39,10,141,0,0,0,141
11/23/2022,GSP,SC,ASO,ES,Combined TRACON& Tower with Radar,83,23,34,0,140,0,2,5,0,7,83,25,39,0,147,0,0,0,147
11/24/2022,GSP,SC,ASO,ES,Combined TRACON& Tower with Radar,51,8,8,0,67,0,0,3,0,3,51,8,11,0,70,0,0,0,70
11/25/2022,GSP,SC,ASO,ES,Combined TRACON& Tower with Radar,61,21,15,0,97,0,1,2,0,3,61,22,17,0,100,0,0,0,100
11/26/2022,GSP,SC,ASO,ES,Combined TRACON& Tower with Radar,68,21,14,0,103,0,2,12,0,14,68,23,26,0,117,6,0,6,123
11/27/2022,GSP,SC,ASO,ES,Combined TRACON& Tower with Radar,73,21,23,0,117,0,0,1,0,1,73,21,24,0,118,0,0,0,118
11/28/2022,GSP,SC,ASO,ES,Combined TRACON& Tower with Radar,77,21,25,18,141,0,0,10,0,10,77,21,35,18,151,0,0,0,151
11/29/2022,GSP,SC,ASO,ES,Combined TRACON& Tower with Radar,80,16,24,16,136,0,1,8,12,21,80,17,32,28,157,0,38,38,195
11/30/2022,GSP,SC,ASO,ES,Combined TRACON& Tower with Radar,70,8,31,9,118,0,0,3,2,5,70,8,34,11,123,0,16,16,139
12/01/2022,GSP,SC,ASO,ES,Combined TRACON& Tower with Radar,83,16,32,50,181,0,0,6,4,10,83,16,38,54,191,20,24,44,235
12/02/2022,GSP,SC,ASO,ES,Combined TRACON& Tower with Radar,89,19,23,0,131,0,3,5,0,8,89,22,28,0,139,0,0,0,139
12/03/2022,GSP,SC,ASO,ES,Combined TRACON& Tower with Radar,66,9,13,0,88,0,0,0,0,0,66,9,13,0,88,0,0,0,88
12/04/2022,GSP,SC,ASO,ES,Combined TRACON& Tower with Radar,68,13,18,0,99,0,2,3,0,5,68,15,21,0,104,16,0,16,120
12/05/2022,GSP,SC,ASO,ES,Combined TRACON& Tower with Radar,82,15,26,7,130,0,2,0,1,3,82,17,26,8,133,0,6,6,139
12/06/2022,GSP,SC,ASO,ES,Combined TRACON& Tower with Radar,76,16,29,0,121,0,0,0,0,0,76,16,29,0,121,0,0,0,121
12/07/2022,GSP,SC,ASO,ES,Combined TRACON& Tower with Radar,78,19,29,0,126,0,0,0,0,0,78,19,29,0,126,0,0,0,126
12/08/2022,GSP,SC,ASO,ES,Combined TRACON& Tower with Radar,83,24,22,0,129,0,0,2,0,2,83,24,24,0,131,0,0,0,131
12/09/2022,GSP,SC,ASO,ES,Combined TRACON& Tower with Radar,84,12,19,0,115,0,0,0,0,0,84,12,19,0,115,0,0,0,115
12/10/2022,GSP,SC,ASO,ES,Combined TRACON& Tower with Radar,62,17,6,2,87,0,0,0,0,0,62,17,6,2,87,0,0,0,87
12/11/2022,GSP,SC,ASO,ES,Combined TRACON& Tower with Radar,70,10,15,0,95,0,0,2,0,2,70,10,17,0,97,8,0,8,105
12/12/2022,GSP,SC,ASO,ES,Combined TRACON& Tower with Radar,80,9,29,0,118,0,2,10,2,14,80,11,39,2,132,0,0,0,132
12/13/2022,GSP,SC,ASO,ES,Combined TRACON& Tower with Radar,76,17,30,4,127,0,2,13,0,15,76,19,43,4,142,10,0,10,152
12/14/2022,GSP,SC,ASO,ES,Combined TRACON& Tower with Radar,75,23,21,0,119,0,0,0,0,0,75,23,21,0,119,0,0,0,119
12/15/2022,GSP,SC,ASO,ES,Combined TRACON& Tower with Radar,79,25,22,17,143,0,0,0,0,0,79,25,22,17,143,0,0,0,143
12/16/2022,GSP,SC,ASO,ES,Combined TRACON& Tower with Radar,74,18,40,0,132,0,0,12,4,16,74,18,52,4,148,24,0,24,172
12/17/2022,GSP,SC,ASO,ES,Combined TRACON& Tower with Radar,76,12,19,0,107,0,0,5,3,8,76,12,24,3,115,0,0,0,115
12/18/2022,GSP,SC,ASO,ES,Combined TRACON& Tower with Radar,63,21,16,0,100,0,2,4,0,6,63,23,20,0,106,0,0,0,106
12/19/2022,GSP,SC,ASO,ES,Combined TRACON& Tower with Radar,65,15,25,8,113,0,2,11,3,16,65,17,36,11,129,0,8,8,137
12/20/2022,GSP,SC,ASO,ES,Combined TRACON& Tower with Radar,71,14,27,3,115,0,0,6,10,16,71,14,33,13,131,0,30,30,161
12/21/2022,GSP,SC,ASO,ES,Combined TRACON& Tower with Radar,68,17,36,14,135,0,5,6,0,11,68,22,42,14,146,8,24,32,178
12/22/2022,GSP,SC,ASO,ES,Combined TRACON& Tower with Radar,72,19,22,2,115,0,0,0,0,0,72,19,22,2,115,0,0,0,115
12/23/2022,GSP,SC,ASO,ES,Combined TRACON& Tower with Radar,65,21,15,0,101,0,1,6,0,7,65,22,21,0,108,0,0,0,108
12/24/2022,GSP,SC,ASO,ES,Combined TRACON& Tower with Radar,45,12,7,0,64,0,0,3,0,3,45,12,10,0,67,0,0,0,67
12/25/2022,GSP,SC,ASO,ES,Combined TRACON& Tower with Radar,52,14,2,0,68,0,0,0,0,0,52,14,2,0,68,0,0,0,68
12/26/2022,GSP,SC,ASO,ES,Combined TRACON& Tower with Radar,56,23,30,0,109,0,3,9,0,12,56,26,39,0,121,4,0,4,125
12/27/2022,GSP,SC,ASO,ES,Combined TRACON& Tower with Radar,60,12,26,2,100,0,1,7,0,8,60,13,33,2,108,0,0,0,108
12/28/2022,GSP,SC,ASO,ES,Combined TRACON& Tower with Radar,57,22,28,0,107,0,0,5,0,5,57,22,33,0,112,0,0,0,112
12/29/2022,GSP,SC,ASO,ES,Combined TRACON& Tower with Radar,67,18,19,10,114,0,0,4,0,4,67,18,23,10,118,6,0,6,124
12/30/2022,GSP,SC,ASO,ES,Combined TRACON& Tower with Radar,65,20,21,0,106,0,0,2,0,2,65,20,23,0,108,16,0,16,124
12/31/2022,GSP,SC,ASO,ES,Combined TRACON& Tower with Radar,54,15,6,0,75,0,0,0,0,0,54,15,6,0,75,0,0,0,75
01/01/2023,GSP,SC,ASO,ES,Combined TRACON& Tower with Radar,48,13,11,0,72,0,0,0,0,0,48,13,11,0,72,0,0,0,72
01/02/2023,GSP,SC,ASO,ES,Combined TRACON& Tower with Radar,56,16,10,0,82,0,2,7,0,9,56,18,17,0,91,0,0,0,91
01/03/2023,GSP,SC,ASO,ES,Combined TRACON& Tower with Radar,61,17,20,0,98,0,0,0,0,0,61,17,20,0,98,0,0,0,98
01/04/2023,GSP,SC,ASO,ES,Combined TRACON& Tower with Radar,60,19,13,8,100,0,0,1,1,2,60,19,14,9,102,0,0,0,102
01/05/2023,GSP,SC,ASO,ES,Combined TRACON& Tower with Radar,68,17,36,5,126,0,0,34,1,35,68,17,70,6,161,8,10,18,179
01/06/2023,GSP,SC,ASO,ES,Combined TRACON& Tower with Radar,65,13,15,12,105,0,1,10,1,12,65,14,25,13,117,0,10,10,127
01/07/2023,GSP,SC,ASO,ES,Combined TRACON& Tower with Radar,65,8,12,0,85,0,1,8,0,9,65,9,20,0,94,16,0,16,110
01/08/2023,GSP,SC,ASO,ES,Combined TRACON& Tower with Radar,64,17,14,4,99,0,3,4,0,7,64,20,18,4,106,0,0,0,106
01/09/2023,GSP,SC,ASO,ES,Combined TRACON& Tower with Radar,74,17,29,0,120,0,0,2,2,4,74,17,31,2,124,0,0,0,124
01/10/2023,GSP,SC,ASO,ES,Combined TRACON& Tower with Radar,80,14,22,15,131,0,0,3,0,3,80,14,25,15,134,0,0,0,134
01/11/2023,GSP,SC,ASO,ES,Combined TRACON& Tower with Radar,72,13,28,22,135,0,1,9,2,12,72,14,37,24,147,16,6,22,169
01/12/2023,GSP,SC,ASO,ES,Combined TRACON& Tower with Radar,80,27,21,2,130,0,1,0,0,1,80,28,21,2,131,0,0,0,131
01/13/2023,GSP,SC,ASO,ES,Combined TRACON& Tower with Radar,87,21,27,0,135,0,1,5,0,6,87,22,32,0,141,11,0,11,152
01/14/2023,GSP,SC,ASO,ES,Combined TRACON& Tower with Radar,68,10,11,0,89,0,3,7,1,11,68,13,18,1,100,0,0,0,100
01/15/2023,GSP,SC,ASO,ES,Combined TRACON& Tower with Radar,66,17,20,0,103,0,0,9,1,10,66,17,29,1,113,0,0,0,113
01/16/2023,GSP,SC,ASO,ES,Combined TRACON& Tower with Radar,77,15,29,0,121,0,0,14,0,14,77,15,43,0,135,34,0,34,169
01/17/2023,GSP,SC,ASO,ES,Combined TRACON& Tower with Radar,81,21,23,2,127,0,0,0,2,2,81,21,23,4,129,0,0,0,129
01/18/2023,GSP,SC,ASO,ES,Combined TRACON& Tower with Radar,77,22,27,31,157,0,0,1,1,2,77,22,28,32,159,0,7,7,166
01/19/2023,GSP,SC,ASO,ES,Combined TRACON& Tower with Radar,82,21,28,4,135,0,0,7,1,8,82,21,35,5,143,0,0,0,143
01/20/2023,GSP,SC,ASO,ES,Combined TRACON& Tower with Radar,81,11,24,12,128,0,0,22,2,24,81,11,46,14,152,24,0,24,176
01/21/2023,GSP,SC,ASO,ES,Combined TRACON& Tower with Radar,61,15,17,0,93,1,0,17,0,18,62,15,34,0,111,46,0,46,157
01/22/2023,GSP,SC,ASO,ES,Combined TRACON& Tower with Radar,66,15,14,0,95,0,0,0,0,0,66,15,14,0,95,0,0,0,95
01/23/2023,GSP,SC,ASO,ES,Combined TRACON& Tower with Radar,80,18,29,14,141,0,2,15,1,18,80,20,44,15,159,26,0,26,185
01/24/2023,GSP,SC,ASO,ES,Combined TRACON& Tower with Radar,76,16,22,27,141,0,0,11,1,12,76,16,33,28,153,0,0,0,153
01/25/2023,GSP,SC,ASO,ES,Combined TRACON& Tower with Radar,72,22,12,2,108,0,0,0,1,1,72,22,12,3,109,0,0,0,109
01/26/2023,GSP,SC,ASO,ES,Combined TRACON& Tower with Radar,79,20,50,28,177,0,3,11,4,18,79,23,61,32,195,4,0,4,199
01/27/2023,GSP,SC,ASO,ES,Combined TRACON& Tower with Radar,83,12,13,10,118,0,0,11,1,12,83,12,24,11,130,12,10,22,152
01/28/2023,GSP,SC,ASO,ES,Combined TRACON& Tower with Radar,63,15,14,0,92,0,0,7,0,7,63,15,21,0,99,38,0,38,137
01/29/2023,GSP,SC,ASO,ES,Combined TRACON& Tower with Radar,72,23,29,1,125,0,0,1,0,1,72,23,30,1,126,0,0,0,126
01/30/2023,GSP,SC,ASO,ES,Combined TRACON& Tower with Radar,76,7,25,20,128,0,2,4,0,6,76,9,29,20,134,0,6,6,140
01/31/2023,GSP,SC,ASO,ES,Combined TRACON& Tower with Radar,70,20,14,0,104,0,1,0,0,1,70,21,14,0,105,0,0,0,105
02/01/2023,GSP,SC,ASO,ES,Combined TRACON& Tower with Radar,72,25,33,9,139,0,0,3,1,4,72,25,36,10,143,0,0,0,143
02/02/2023,GSP,SC,ASO,ES,Combined TRACON& Tower with Radar,79,16,16,2,113,0,0,0,0,0,79,16,16,2,113,0,0,0,113
02/03/2023,GSP,SC,ASO,ES,Combined TRACON& Tower with Radar,80,12,13,0,105,0,0,4,2,6,80,12,17,2,111,0,0,0,111
02/04/2023,GSP,SC,ASO,ES,Combined TRACON& Tower with Radar,64,12,12,5,93,0,1,16,0,17,64,13,28,5,110,18,0,18,128
02/05/2023,GSP,SC,ASO,ES,Combined TRACON& Tower with Radar,67,14,12,2,95,0,0,9,2,11,67,14,21,4,106,0,0,0,106
02/06/2023,GSP,SC,ASO,ES,Combined TRACON& Tower with Radar,76,10,32,0,118,0,0,10,0,10,76,10,42,0,128,46,0,46,174
02/07/2023,GSP,SC,ASO,ES,Combined TRACON& Tower with Radar,72,14,31,5,122,0,0,13,3,16,72,14,44,8,138,28,0,28,166
02/08/2023,GSP,SC,ASO,ES,Combined TRACON& Tower with Radar,75,11,32,21,139,0,1,9,3,13,75,12,41,24,152,2,8,10,162
02/09/2023,GSP,SC,ASO,ES,Combined TRACON& Tower with Radar,80,14,26,8,128,0,1,0,0,1,80,15,26,8,129,0,0,0,129
02/10/2023,GSP,SC,ASO,ES,Combined TRACON& Tower with Radar,81,6,26,11,124,0,4,17,2,23,81,10,43,13,147,4,26,30,177
02/11/2023,GSP,SC,ASO,ES,Combined TRACON& Tower with Radar,60,6,11,2,79,0,0,2,0,2,60,6,13,2,81,0,0,0,81
02/12/2023,GSP,SC,ASO,ES,Combined TRACON& Tower with Radar,65,13,9,0,87,0,0,0,0,0,65,13,9,0,87,0,0,0,87
02/13/2023,GSP,SC,ASO,ES,Combined TRACON& Tower with Radar,73,12,43,0,128,0,0,17,0,17,73,12,60,0,145,0,0,0,145
02/14/2023,GSP,SC,ASO,ES,Combined TRACON& Tower with Radar,69,13,24,9,115,0,0,12,5,17,69,13,36,14,132,0,10,10,142
02/15/2023,GSP,SC,ASO,ES,Combined TRACON& Tower with Radar,75,19,35,0,129,0,0,7,0,7,75,19,42,0,136,12,0,12,148
02/16/2023,GSP,SC,ASO,ES,Combined TRACON& Tower with Radar,77,16,24,6,123,0,0,10,0,10,77,16,34,6,133,0,0,0,133
02/17/2023,GSP,SC,ASO,ES,Combined TRACON& Tower with Radar,74,20,25,0,119,0,0,0,0,0,74,20,25,0,119,0,0,0,119
02/18/2023,GSP,SC,ASO,ES,Combined TRACON& Tower with Radar,62,13,18,0,93,0,1,2,0,3,62,14,20,0,96,0,0,0,96
02/19/2023,GSP,SC,ASO,ES,Combined TRACON& Tower with Radar,63,15,13,1,92,0,0,1,0,1,63,15,14,1,93,0,0,0,93
02/20/2023,GSP,SC,ASO,ES,Combined TRACON& Tower with Radar,76,13,27,0,116,0,2,9,2,13,76,15,36,2,129,0,0,0,129
02/21/2023,GSP,SC,ASO,ES,Combined TRACON& Tower with Radar,77,14,32,11,134,0,2,8,1,11,77,16,40,12,145,0,6,6,151
02/22/2023,GSP,SC,ASO,ES,Combined TRACON& Tower with Radar,80,4,24,4,112,0,0,1,0,1,80,4,25,4,113,0,0,0,113
02/23/2023,GSP,SC,ASO,ES,Combined TRACON& Tower with Radar,81,13,25,8,127,0,0,2,2,4,81,13,27,10,131,0,10,10,141
02/24/2023,GSP,SC,ASO,ES,Combined TRACON& Tower with Radar,80,12,23,13,128,0,0,1,3,4,80,12,24,16,132,0,6,6,138
02/25/2023,GSP,SC,ASO,ES,Combined TRACON& Tower with Radar,73,8,12,0,93,0,0,0,0,0,73,8,12,0,93,0,0,0,93
02/26/2023,GSP,SC,ASO,ES,Combined TRACON& Tower with Radar,72,7,12,1,92,0,0,7,0,7,72,7,19,1,99,16,0,16,115
02/27/2023,GSP,SC,ASO,ES,Combined TRACON& Tower with Radar,81,6,10,1,98,0,0,0,1,1,81,6,10,2,99,0,0,0,99
02/28/2023,GSP,SC,ASO,ES,Combined TRACON& Tower with Radar,79,12,15,3,109,0,0,6,8,14,79,12,21,11,123,0,8,8,131
03/01/2023,GSP,SC,ASO,ES,Combined TRACON& Tower with Radar,87,20,30,10,147,0,0,4,0,4,87,20,34,10,151,12,0,12,163
03/02/2023,GSP,SC,ASO,ES,Combined TRACON& Tower with Radar,97,13,34,0,144,0,0,3,0,3,97,13,37,0,147,12,0,12,159
03/03/2023,GSP,SC,ASO,ES,Combined TRACON& Tower with Radar,82,11,34,4,131,0,0,0,0,0,82,11,34,4,131,0,0,0,131
03/04/2023,GSP,SC,ASO,ES,Combined TRACON& Tower with Radar,65,10,12,3,90,0,0,5,0,5,65,10,17,3,95,16,0,16,111
03/05/2023,GSP,SC,ASO,ES,Combined TRACON& Tower with Radar,75,17,24,0,116,0,0,5,0,5,75,17,29,0,121,20,0,20,141
03/06/2023,GSP,SC,ASO,ES,Combined TRACON& Tower with Radar,84,10,23,4,121,0,3,3,2,8,84,13,26,6,129,0,0,0,129
03/07/2023,GSP,SC,ASO,ES,Combined TRACON& Tower with Radar,75,22,26,14,137,0,1,4,0,5,75,23,30,14,142,0,0,0,142
03/08/2023,GSP,SC,ASO,ES,Combined TRACON& Tower with Radar,77,9,16,27,129,1,2,11,5,19,78,11,27,32,148,0,8,8,156
03/09/2023,GSP,SC,ASO,ES,Combined TRACON& Tower with Radar,86,13,34,12,145,0,0,7,2,9,86,13,41,14,154,4,0,4,158
03/10/2023,GSP,SC,ASO,ES,Combined TRACON& Tower with Radar,86,6,21,0,113,0,0,4,0,4,86,6,25,0,117,0,0,0,117
03/11/2023,GSP,SC,ASO,ES,Combined TRACON& Tower with Radar,67,12,10,0,89,0,0,3,0,3,67,12,13,0,92,6,0,6,98
03/12/2023,GSP,SC,ASO,ES,Combined TRACON& Tower with Radar,73,15,8,0,96,0,0,0,0,0,73,15,8,0,96,0,0,0,96
03/13/2023,GSP,SC,ASO,ES,Combined TRACON& Tower with Radar,85,14,31,4,134,0,0,5,6,11,85,14,36,10,145,0,13,13,158
03/14/2023,GSP,SC,ASO,ES,Combined TRACON& Tower with Radar,89,26,36,0,151,0,3,6,0,9,89,29,42,0,160,4,0,4,164
03/15/2023,GSP,SC,ASO,ES,Combined TRACON& Tower with Radar,82,15,33,0,130,0,0,8,0,8,82,15,41,0,138,44,0,44,182
03/16/2023,GSP,SC,ASO,ES,Combined TRACON& Tower with Radar,89,15,31,11,146,0,12,30,1,43,89,27,61,12,189,16,0,16,205
03/17/2023,GSP,SC,ASO,ES,Combined TRACON& Tower with Radar,87,15,18,1,121,0,0,0,0,0,87,15,18,1,121,0,0,0,121
03/18/2023,GSP,SC,ASO,ES,Combined TRACON& Tower with Radar,72,14,13,1,100,0,0,11,0,11,72,14,24,1,111,12,0,12,123
03/19/2023,GSP,SC,ASO,ES,Combined TRACON& Tower with Radar,77,13,24,3,117,0,1,13,3,17,77,14,37,6,134,12,0,12,146
03/20/2023,GSP,SC,ASO,ES,Combined TRACON& Tower with Radar,91,10,29,12,142,0,0,13,0,13,91,10,42,12,155,12,24,36,191
03/21/2023,GSP,SC,ASO,ES,Combined TRACON& Tower with Radar,81,17,27,2,127,0,0,10,0,10,81,17,37,2,137,5,0,5,142
03/22/2023,GSP,SC,ASO,ES,Combined TRACON& Tower with Radar,91,8,19,12,130,0,0,2,0,2,91,8,21,12,132,0,0,0,132
03/23/2023,GSP,SC,ASO,ES,Combined TRACON& Tower with Radar,91,16,28,4,139,0,3,7,6,16,91,19,35,10,155,0,8,8,163
03/24/2023,GSP,SC,ASO,ES,Combined TRACON& Tower with Radar,85,7,33,4,129,0,0,14,2,16,85,7,47,6,145,0,0,0,145
03/25/2023,GSP,SC,ASO,ES,Combined TRACON& Tower with Radar,77,9,28,0,114,0,0,8,1,9,77,9,36,1,123,0,0,0,123
03/26/2023,GSP,SC,ASO,ES,Combined TRACON& Tower with Radar,81,10,27,1,119,0,1,5,2,8,81,11,32,3,127,0,0,0,127
03/27/2023,GSP,SC,ASO,ES,Combined TRACON& Tower with Radar,87,8,25,1,121,0,3,2,2,7,87,11,27,3,128,0,0,0,128
03/28/2023,GSP,SC,ASO,ES,Combined TRACON& Tower with Radar,80,16,40,0,136,0,3,6,2,11,80,19,46,2,147,0,0,0,147
03/29/2023,GSP,SC,ASO,ES,Combined TRACON& Tower with Radar,81,7,36,11,135,0,3,8,4,15,81,10,44,15,150,18,20,38,188
03/30/2023,GSP,SC,ASO,ES,Combined TRACON& Tower with Radar,87,16,33,8,144,0,2,14,0,16,87,18,47,8,160,10,0,10,170
03/31/2023,GSP,SC,ASO,ES,Combined TRACON& Tower with Radar,86,16,24,0,126,0,0,6,0,6,86,16,30,0,132,0,0,0,132
04/01/2023,GSP,SC,ASO,ES,Combined TRACON& Tower with Radar,72,14,8,0,94,0,0,3,4,7,72,14,11,4,101,0,0,0,101
04/02/2023,GSP,SC,ASO,ES,Combined TRACON& Tower with Radar,75,9,17,6,107,0,0,17,0,17,75,9,34,6,124,8,0,8,132
04/03/2023,GSP,SC,ASO,ES,Combined TRACON& Tower with Radar,84,15,34,4,137,0,1,6,0,7,84,16,40,4,144,32,0,32,176
04/04/2023,GSP,SC,ASO,ES,Combined TRACON& Tower with Radar,78,20,34,2,134,0,1,6,0,7,78,21,40,2,141,0,0,0,141
04/05/2023,GSP,SC,ASO,ES,Combined TRACON& Tower with Radar,76,15,35,5,131,0,2,8,1,11,76,17,43,6,142,16,0,16,158
04/06/2023,GSP,SC,ASO,ES,Combined TRACON& Tower with Radar,81,22,24,12,139,0,3,13,3,19,81,25,37,15,158,6,0,6,164
04/07/2023,GSP,SC,ASO,ES,Combined TRACON& Tower with Radar,85,16,6,0,107,0,0,0,0,0,85,16,6,0,107,0,0,0,107
04/08/2023,GSP,SC,ASO,ES,Combined TRACON& Tower with Radar,66,10,7,0,83,0,0,0,1,1,66,10,7,1,84,0,0,0,84
04/09/2023,GSP,SC,ASO,ES,Combined TRACON& Tower with Radar,74,19,4,0,97,0,3,1,0,4,74,22,5,0,101,0,0,0,101
04/10/2023,GSP,SC,ASO,ES,Combined TRACON& Tower with Radar,80,18,23,0,121,0,2,7,0,9,80,20,30,0,130,0,0,0,130
04/11/2023,GSP,SC,ASO,ES,Combined TRACON& Tower with Radar,75,11,30,0,116,0,0,12,0,12,75,11,42,0,128,38,0,38,166
04/12/2023,GSP,SC,ASO,ES,Combined TRACON& Tower with Radar,81,14,38,21,154,0,1,27,20,48,81,15,65,41,202,24,34,58,260
04/13/2023,GSP,SC,ASO,ES,Combined TRACON& Tower with Radar,89,21,26,0,136,0,0,15,4,19,89,21,41,4,155,10,0,10,165
04/14/2023,GSP,SC,ASO,ES,Combined TRACON& Tower with Radar,84,19,23,4,130,0,0,0,1,1,84,19,23,5,131,0,0,0,131
04/15/2023,GSP,SC,ASO,ES,Combined TRACON& Tower with Radar,64,5,23,2,94,0,2,5,8,15,64,7,28,10,109,0,0,0,109
04/16/2023,GSP,SC,ASO,ES,Combined TRACON& Tower with Radar,79,17,10,1,107,0,2,7,0,9,79,19,17,1,116,6,0,6,122
04/17/2023,GSP,SC,ASO,ES,Combined TRACON& Tower with Radar,81,10,18,9,118,0,3,12,2,17,81,13,30,11,135,0,0,0,135
04/18/2023,GSP,SC,ASO,ES,Combined TRACON& Tower with Radar,77,10,19,9,115,0,2,12,3,17,77,12,31,12,132,0,0,0,132
04/19/2023,GSP,SC,ASO,ES,Combined TRACON& Tower with Radar,85,16,25,4,130,0,4,10,2,16,85,20,35,6,146,0,30,30,176
04/20/2023,GSP,SC,ASO,ES,Combined TRACON& Tower with Radar,83,23,34,6,146,0,1,26,9,36,83,24,60,15,182,34,36,70,252
04/21/2023,GSP,SC,ASO,ES,Combined TRACON& Tower with Radar,85,24,23,46,178,0,6,10,8,24,85,30,33,54,202,0,38,38,240
04/22/2023,GSP,SC,ASO,ES,Combined TRACON& Tower with Radar,64,10,7,5,86,0,2,0,1,3,64,12,7,6,89,0,0,0,89
04/23/2023,GSP,SC,ASO,ES,Combined TRACON& Tower with Radar,80,24,9,1,114,0,2,10,0,12,80,26,19,1,126,8,0,8,134
04/24/2023,GSP,SC,ASO,ES,Combined TRACON& Tower with Radar,81,11,26,13,131,0,0,14,24,38,81,11,40,37,169,0,16,16,185
04/25/2023,GSP,SC,ASO,ES,Combined TRACON& Tower with Radar,77,9,16,4,106,0,4,18,2,24,77,13,34,6,130,0,0,0,130
04/26/2023,GSP,SC,ASO,ES,Combined TRACON& Tower with Radar,80,12,19,0,111,1,1,6,0,8,81,13,25,0,119,0,0,0,119
04/27/2023,GSP,SC,ASO,ES,Combined TRACON& Tower with Radar,83,18,17,0,118,0,0,0,0,0,83,18,17,0,118,0,0,0,118
04/28/2023,GSP,SC,ASO,ES,Combined TRACON& Tower with Radar,85,8,22,5,120,0,0,0,1,1,85,8,22,6,121,0,0,0,121
04/29/2023,GSP,SC,ASO,ES,Combined TRACON& Tower with Radar,65,9,4,0,78,0,0,3,0,3,65,9,7,0,81,4,0,4,85
04/30/2023,GSP,SC,ASO,ES,Combined TRACON& Tower with Radar,79,15,17,0,111,0,0,3,0,3,79,15,20,0,114,8,0,8,122
05/01/2023,GSP,SC,ASO,ES,Combined TRACON& Tower with Radar,86,8,17,10,121,0,0,5,0,5,86,8,22,10,126,0,0,0,126
05/02/2023,GSP,SC,ASO,ES,Combined TRACON& Tower with Radar,75,10,26,0,111,0,0,12,0,12,75,10,38,0,123,0,0,0,123
05/03/2023,GSP,SC,ASO,ES,Combined TRACON& Tower with Radar,83,12,28,2,125,0,2,14,0,16,83,14,42,2,141,8,0,8,149
05/04/2023,GSP,SC,ASO,ES,Combined TRACON& Tower with Radar,84,17,30,15,146,0,2,10,3,15,84,19,40,18,161,5,0,5,166
05/05/2023,GSP,SC,ASO,ES,Combined TRACON& Tower with Radar,92,13,29,10,144,0,3,12,0,15,92,16,41,10,159,20,0,20,179
05/06/2023,GSP,SC,ASO,ES,Combined TRACON& Tower with Radar,77,15,19,0,111,0,0,9,0,9,77,15,28,0,120,0,0,0,120
05/07/2023,GSP,SC,ASO,ES,Combined TRACON& Tower with Radar,81,18,17,11,127,0,1,3,1,5,81,19,20,12,132,0,0,0,132
05/08/2023,GSP,SC,ASO,ES,Combined TRACON& Tower with Radar,87,17,29,11,144,0,0,11,13,24,87,17,40,24,168,0,16,16,184
05/09/2023,GSP,SC,ASO,ES,Combined TRACON& Tower with Radar,79,13,22,2,116,0,0,4,0,4,79,13,26,2,120,0,0,0,120
05/10/2023,GSP,SC,ASO,ES,Combined TRACON& Tower with Radar,86,14,25,0,125,0,3,6,4,13,86,17,31,4,138,0,0,0,138
05/11/2023,GSP,SC,ASO,ES,Combined TRACON& Tower with Radar,89,17,21,2,129,0,0,13,2,15,89,17,34,4,144,0,0,0,144
05/12/2023,GSP,SC,ASO,ES,Combined TRACON& Tower with Radar,87,11,15,2,115,0,0,1,0,1,87,11,16,2,116,0,0,0,116
05/13/2023,GSP,SC,ASO,ES,Combined TRACON& Tower with Radar,66,11,21,0,98,0,0,1,0,1,66,11,22,0,99,0,0,0,99
05/14/2023,GSP,SC,ASO,ES,Combined TRACON& Tower with Radar,82,20,22,0,124,0,2,7,0,9,82,22,29,0,133,10,0,10,143
05/15/2023,GSP,SC,ASO,ES,Combined TRACON& Tower with Radar,83,14,29,8,134,0,2,5,0,7,83,16,34,8,141,0,0,0,141
05/16/2023,GSP,SC,ASO,ES,Combined TRACON& Tower with Radar,75,24,21,12,132,0,0,1,2,3,75,24,22,14,135,0,0,0,135
05/17/2023,GSP,SC,ASO,ES,Combined TRACON& Tower with Radar,86,14,28,14,142,0,2,5,2,9,86,16,33,16,151,17,16,33,184
05/18/2023,GSP,SC,ASO,ES,Combined TRACON& Tower with Radar,88,16,32,1,137,0,2,2,0,4,88,18,34,1,141,0,0,0,141
05/19/2023,GSP,SC,ASO,ES,Combined TRACON& Tower with Radar,90,13,28,12,143,0,0,4,0,4,90,13,32,12,147,14,24,38,185
05/20/2023,GSP,SC,ASO,ES,Combined TRACON& Tower with Radar,71,9,22,0,102,0,2,4,2,8,71,11,26,2,110,0,0,0,110
05/21/2023,GSP,SC,ASO,ES,Combined TRACON& Tower with Radar,82,15,21,6,124,0,1,4,1,6,82,16,25,7,130,0,0,0,130
05/22/2023,GSP,SC,ASO,ES,Combined TRACON& Tower with Radar,84,8,46,18,156,0,2,15,54,71,84,10,61,72,227,31,20,51,278
05/23/2023,GSP,SC,ASO,ES,Combined TRACON& Tower with Radar,81,13,35,3,132,0,2,5,2,9,81,15,40,5,141,16,0,16,157
05/24/2023,GSP,SC,ASO,ES,Combined TRACON& Tower with Radar,85,12,22,7,126,0,3,8,1,12,85,15,30,8,138,0,26,26,164
05/25/2023,GSP,SC,ASO,ES,Combined TRACON& Tower with Radar,92,21,38,8,159,0,0,13,0,13,92,21,51,8,172,13,4,17,189
05/26/2023,GSP,SC,ASO,ES,Combined TRACON& Tower with Radar,92,12,26,1,131,0,0,9,1,10,92,12,35,2,141,2,0,2,143
05/27/2023,GSP,SC,ASO,ES,Combined TRACON& Tower with Radar,66,10,7,0,83,0,0,1,0,1,66,10,8,0,84,0,0,0,84
05/28/2023,GSP,SC,ASO,ES,Combined TRACON& Tower with Radar,77,15,7,0,99,0,0,1,0,1,77,15,8,0,100,0,0,0,100
05/29/2023,GSP,SC,ASO,ES,Combined TRACON& Tower with Radar,82,12,16,0,110,0,2,4,0,6,82,14,20,0,116,0,0,0,116
05/30/2023,GSP,SC,ASO,ES,Combined TRACON& Tower with Radar,76,11,25,5,117,0,0,2,0,2,76,11,27,5,119,0,0,0,119
05/31/2023,GSP,SC,ASO,ES,Combined TRACON& Tower with Radar,85,13,23,21,142,0,1,3,2,6,85,14,26,23,148,8,10,18,166
06/01/2023,GSP,SC,ASO,ES,Combined TRACON& Tower with Radar,84,12,38,3,137,0,4,16,3,23,84,16,54,6,160,42,20,62,222
06/02/2023,GSP,SC,ASO,ES,Combined TRACON& Tower with Radar,88,13,21,21,143,0,0,4,4,8,88,13,25,25,151,0,14,14,165
06/03/2023,GSP,SC,ASO,ES,Combined TRACON& Tower with Radar,70,6,14,7,97,0,2,4,3,9,70,8,18,10,106,0,0,0,106
06/04/2023,GSP,SC,ASO,ES,Combined TRACON& Tower with Radar,81,18,14,0,113,1,0,1,2,4,82,18,15,2,117,0,0,0,117
06/05/2023,GSP,SC,ASO,ES,Combined TRACON& Tower with Radar,83,10,22,12,127,0,0,7,0,7,83,10,29,12,134,18,0,18,152
06/06/2023,GSP,SC,ASO,ES,Combined TRACON& Tower with Radar,85,16,25,0,126,0,0,10,0,10,85,16,35,0,136,0,0,0,136
06/07/2023,GSP,SC,ASO,ES,Combined TRACON& Tower with Radar,88,11,33,15,147,0,2,9,3,14,88,13,42,18,161,10,48,58,219
06/08/2023,GSP,SC,ASO,ES,Combined TRACON& Tower with Radar,90,19,25,10,144,0,2,9,2,13,90,21,34,12,157,8,36,44,201
06/09/2023,GSP,SC,ASO,ES,Combined TRACON& Tower with Radar,88,10,21,7,126,0,0,11,0,11,88,10,32,7,137,32,0,32,169
06/10/2023,GSP,SC,ASO,ES,Combined TRACON& Tower with Radar,76,13,12,0,101,0,0,9,4,13,76,13,21,4,114,22,0,22,136
06/11/2023,GSP,SC,ASO,ES,Combined TRACON& Tower with Radar,77,28,14,1,120,0,0,0,0,0,77,28,14,1,120,0,0,0,120
06/12/2023,GSP,SC,ASO,ES,Combined TRACON& Tower with Radar,86,6,35,17,144,0,0,2,4,6,86,6,37,21,150,0,16,16,166
06/13/2023,GSP,SC,ASO,ES,Combined TRACON& Tower with Radar,87,14,31,21,153,0,2,8,0,10,87,16,39,21,163,40,0,40,203
06/14/2023,GSP,SC,ASO,ES,Combined TRACON& Tower with Radar,83,13,30,0,126,0,2,5,0,7,83,15,35,0,133,0,0,0,133
06/15/2023,GSP,SC,ASO,ES,Combined TRACON& Tower with Radar,85,18,19,0,122,0,0,8,0,8,85,18,27,0,130,20,0,20,150
06/16/2023,GSP,SC,ASO,ES,Combined TRACON& Tower with Radar,95,7,33,2,137,0,3,13,3,19,95,10,46,5,156,6,0,6,162
06/17/2023,GSP,SC,ASO,ES,Combined TRACON& Tower with Radar,69,9,18,0,96,0,3,2,2,7,69,12,20,2,103,0,0,0,103
06/18/2023,GSP,SC,ASO,ES,Combined TRACON& Tower with Radar,78,14,16,0,108,0,2,4,0,6,78,16,20,0,114,0,0,0,114
06/19/2023,GSP,SC,ASO,ES,Combined TRACON& Tower with Radar,86,9,24,0,119,0,0,1,0,1,86,9,25,0,120,0,0,0,120
06/20/2023,GSP,SC,ASO,ES,Combined TRACON& Tower with Radar,81,12,20,0,113,0,0,0,0,0,81,12,20,0,113,0,0,0,113
06/21/2023,GSP,SC,ASO,ES,Combined TRACON& Tower with Radar,87,11,24,0,122,0,0,0,0,0,87,11,24,0,122,0,0,0,122
06/22/2023,GSP,SC,ASO,ES,Combined TRACON& Tower with Radar,94,21,25,0,140,0,0,0,0,0,94,21,25,0,140,0,0,0,140
06/23/2023,GSP,SC,ASO,ES,Combined TRACON& Tower with Radar,90,12,12,6,120,0,0,7,0,7,90,12,19,6,127,14,0,14,141
06/24/2023,GSP,SC,ASO,ES,Combined TRACON& Tower with Radar,72,9,7,0,88,0,0,5,3,8,72,9,12,3,96,24,0,24,120
06/25/2023,GSP,SC,ASO,ES,Combined TRACON& Tower with Radar,72,16,13,0,101,0,2,6,0,8,72,18,19,0,109,0,0,0,109
06/26/2023,GSP,SC,ASO,ES,Combined TRACON& Tower with Radar,85,15,31,5,136,0,0,21,1,22,85,15,52,6,158,0,0,0,158
06/27/2023,GSP,SC,ASO,ES,Combined TRACON& Tower with Radar,66,17,33,37,153,0,0,18,2,20,66,17,51,39,173,0,22,22,195
06/28/2023,GSP,SC,ASO,ES,Combined TRACON& Tower with Radar,86,18,32,34,170,0,0,29,6,35,86,18,61,40,205,104,16,120,325
06/29/2023,GSP,SC,ASO,ES,Combined TRACON& Tower with Radar,89,21,28,6,144,0,0,15,0,15,89,21,43,6,159,16,0,16,175
06/30/2023,GSP,SC,ASO,ES,Combined TRACON& Tower with Radar,88,11,19,6,124,0,0,6,0,6,88,11,25,6,130,0,12,12,142
07/01/2023,GSP,SC,ASO,ES,Combined TRACON& Tower with Radar,72,11,32,0,115,0,0,7,0,7,72,11,39,0,122,20,0,20,142
07/02/2023,GSP,SC,ASO,ES,Combined TRACON& Tower with Radar,69,15,9,0,93,0,0,8,0,8,69,15,17,0,101,4,0,4,105
07/03/2023,GSP,SC,ASO,ES,Combined TRACON& Tower with Radar,70,5,17,2,94,0,2,9,0,11,70,7,26,2,105,0,0,0,105
07/04/2023,GSP,SC,ASO,ES,Combined TRACON& Tower with Radar,57,9,2,1,69,0,0,10,1,11,57,9,12,2,80,0,0,0,80
07/05/2023,GSP,SC,ASO,ES,Combined TRACON& Tower with Radar,85,21,20,8,134,0,0,16,2,18,85,21,36,10,152,4,0,4,156
07/06/2023,GSP,SC,ASO,ES,Combined TRACON& Tower with Radar,90,15,22,24,151,0,2,7,10,19,90,17,29,34,170,0,44,44,214
07/07/2023,GSP,SC,ASO,ES,Combined TRACON& Tower with Radar,86,10,20,17,133,0,1,8,0,9,86,11,28,17,142,0,6,6,148
07/08/2023,GSP,SC,ASO,ES,Combined TRACON& Tower with Radar,70,12,10,0,92,0,5,17,0,22,70,17,27,0,114,14,0,14,128
07/09/2023,GSP,SC,ASO,ES,Combined TRACON& Tower with Radar,82,13,18,0,113,0,1,6,2,9,82,14,24,2,122,0,0,0,122
07/10/2023,GSP,SC,ASO,ES,Combined TRACON& Tower with Radar,86,18,19,0,123,0,7,13,0,20,86,25,32,0,143,8,0,8,151
07/11/2023,GSP,SC,ASO,ES,Combined TRACON& Tower with Radar,87,14,29,0,130,0,0,14,0,14,87,14,43,0,144,0,0,0,144
07/12/2023,GSP,SC,ASO,ES,Combined TRACON& Tower with Radar,87,16,26,26,155,0,1,6,10,17,87,17,32,36,172,0,48,48,220
07/13/2023,GSP,SC,ASO,ES,Combined TRACON& Tower with Radar,93,21,26,6,146,0,0,6,2,8,93,21,32,8,154,0,0,0,154
07/14/2023,GSP,SC,ASO,ES,Combined TRACON& Tower with Radar,83,12,13,23,131,0,0,12,5,17,83,12,25,28,148,56,24,80,228
07/15/2023,GSP,SC,ASO,ES,Combined TRACON& Tower with Radar,74,10,17,0,101,0,0,5,0,5,74,10,22,0,106,0,0,0,106
07/16/2023,GSP,SC,ASO,ES,Combined TRACON& Tower with Radar,79,24,28,29,160,0,3,1,4,8,79,27,29,33,168,8,27,35,203
07/17/2023,GSP,SC,ASO,ES,Combined TRACON& Tower with Radar,91,13,27,2,133,0,0,9,0,9,91,13,36,2,142,20,0,20,162
07/18/2023,GSP,SC,ASO,ES,Combined TRACON& Tower with Radar,79,25,29,7,140,0,0,6,3,9,79,25,35,10,149,0,16,16,165
07/19/2023,GSP,SC,ASO,ES,Combined TRACON& Tower with Radar,86,25,19,12,142,0,0,14,0,14,86,25,33,12,156,8,20,28,184
07/20/2023,GSP,SC,ASO,ES,Combined TRACON& Tower with Radar,93,15,28,4,140,0,1,3,0,4,93,16,31,4,144,0,0,0,144
07/21/2023,GSP,SC,ASO,ES,Combined TRACON& Tower with Radar,96,12,20,29,157,0,5,5,4,14,96,17,25,33,171,0,14,14,185
07/22/2023,GSP,SC,ASO,ES,Combined TRACON& Tower with Radar,80,11,16,0,107,0,6,10,0,16,80,17,26,0,123,19,0,19,142
07/23/2023,GSP,SC,ASO,ES,Combined TRACON& Tower with Radar,92,31,17,2,142,0,1,4,0,5,92,32,21,2,147,0,0,0,147
07/24/2023,GSP,SC,ASO,ES,Combined TRACON& Tower with Radar,86,24,29,16,155,0,1,7,0,8,86,25,36,16,163,10,0,10,173
07/25/2023,GSP,SC,ASO,ES,Combined TRACON& Tower with Radar,74,14,19,4,111,0,0,11,2,13,74,14,30,6,124,12,0,12,136
07/26/2023,GSP,SC,ASO,ES,Combined TRACON& Tower with Radar,90,19,18,24,151,0,1,10,6,17,90,20,28,30,168,30,10,40,208
07/27/2023,GSP,SC,ASO,ES,Combined TRACON& Tower with Radar,86,21,30,23,160,0,0,19,0,19,86,21,49,23,179,9,8,17,196
07/28/2023,GSP,SC,ASO,ES,Combined TRACON& Tower with Radar,93,19,20,41,173,0,2,15,3,20,93,21,35,44,193,10,4,14,207
07/29/2023,GSP,SC,ASO,ES,Combined TRACON& Tower with Radar,71,5,4,3,83,0,4,4,3,11,71,9,8,6,94,16,0,16,110
07/30/2023,GSP,SC,ASO,ES,Combined TRACON& Tower with Radar,89,20,3,0,112,0,0,1,0,1,89,20,4,0,113,0,0,0,113
07/31/2023,GSP,SC,ASO,ES,Combined TRACON& Tower with Radar,89,14,15,8,126,0,2,13,0,15,89,16,28,8,141,0,0,0,141
08/01/2023,GSP,SC,ASO,ES,Combined TRACON& Tower with Radar,84,15,18,3,120,0,5,13,1,19,84,20,31,4,139,18,18,36,175
08/02/2023,GSP,SC,ASO,ES,Combined TRACON& Tower with Radar,91,12,23,3,129,0,0,7,1,8,91,12,30,4,137,0,0,0,137
08/03/2023,GSP,SC,ASO,ES,Combined TRACON& Tower with Radar,95,26,34,0,155,0,0,0,0,0,95,26,34,0,155,0,0,0,155
08/04/2023,GSP,SC,ASO,ES,Combined TRACON& Tower with Radar,96,17,16,18,147,0,1,0,0,1,96,18,16,18,148,0,0,0,148
08/05/2023,GSP,SC,ASO,ES,Combined TRACON& Tower with Radar,67,6,15,0,88,0,5,6,0,11,67,11,21,0,99,16,0,16,115
08/06/2023,GSP,SC,ASO,ES,Combined TRACON& Tower with Radar,86,12,11,0,109,0,0,3,0,3,86,12,14,0,112,0,0,0,112
08/07/2023,GSP,SC,ASO,ES,Combined TRACON& Tower with Radar,75,22,20,0,117,0,4,5,3,12,75,26,25,3,129,0,0,0,129
08/08/2023,GSP,SC,ASO,ES,Combined TRACON& Tower with Radar,80,18,25,9,132,0,2,17,8,27,80,20,42,17,159,0,9,9,168
08/09/2023,GSP,SC,ASO,ES,Combined TRACON& Tower with Radar,88,15,24,60,187,0,0,12,16,28,88,15,36,76,215,0,30,30,245
08/10/2023,GSP,SC,ASO,ES,Combined TRACON& Tower with Radar,89,21,18,4,132,0,0,10,4,14,89,21,28,8,146,36,0,36,182
08/11/2023,GSP,SC,ASO,ES,Combined TRACON& Tower with Radar,93,15,23,0,131,0,0,8,0,8,93,15,31,0,139,0,0,0,139
08/12/2023,GSP,SC,ASO,ES,Combined TRACON& Tower with Radar,77,12,6,0,95,0,0,16,0,16,77,12,22,0,111,29,0,29,140
08/13/2023,GSP,SC,ASO,ES,Combined TRACON& Tower with Radar,85,24,13,0,122,0,0,19,0,19,85,24,32,0,141,93,0,93,234
08/14/2023,GSP,SC,ASO,ES,Combined TRACON& Tower with Radar,84,10,27,4,125,0,2,9,0,11,84,12,36,4,136,0,0,0,136
08/15/2023,GSP,SC,ASO,ES,Combined TRACON& Tower with Radar,81,20,18,14,133,0,0,10,0,10,81,20,28,14,143,8,0,8,151
08/16/2023,GSP,SC,ASO,ES,Combined TRACON& Tower with Radar,92,15,34,3,144,0,0,11,4,15,92,15,45,7,159,0,0,0,159
08/17/2023,GSP,SC,ASO,ES,Combined TRACON& Tower with Radar,90,30,30,10,160,0,2,14,3,19,90,32,44,13,179,0,16,16,195
08/18/2023,GSP,SC,ASO,ES,Combined TRACON& Tower with Radar,92,11,20,11,134,0,0,6,1,7,92,11,26,12,141,0,26,26,167
08/19/2023,GSP,SC,ASO,ES,Combined TRACON& Tower with Radar,67,16,9,3,95,0,2,9,0,11,67,18,18,3,106,0,0,0,106
08/20/2023,GSP,SC,ASO,ES,Combined TRACON& Tower with Radar,90,17,17,3,127,0,3,14,1,18,90,20,31,4,145,14,0,14,159
08/21/2023,GSP,SC,ASO,ES,Combined TRACON& Tower with Radar,85,15,20,0,120,0,1,10,2,13,85,16,30,2,133,0,0,0,133
08/22/2023,GSP,SC,ASO,ES,Combined TRACON& Tower with Radar,84,11,28,3,126,0,1,19,3,23,84,12,47,6,149,0,10,10,159
08/23/2023,GSP,SC,ASO,ES,Combined TRACON& Tower with Radar,90,15,38,5,148,0,1,21,1,23,90,16,59,6,171,2,15,17,188
08/24/2023,GSP,SC,ASO,ES,Combined TRACON& Tower with Radar,94,14,32,4,144,0,0,15,6,21,94,14,47,10,165,34,4,38,203
08/25/2023,GSP,SC,ASO,ES,Combined TRACON& Tower with Radar,88,19,25,17,149,0,0,11,1,12,88,19,36,18,161,14,22,36,197
08/26/2023,GSP,SC,ASO,ES,Combined TRACON& Tower with Radar,70,12,12,0,94,0,0,11,2,13,70,12,23,2,107,0,0,0,107
08/27/2023,GSP,SC,ASO,ES,Combined TRACON& Tower with Radar,84,15,16,0,115,0,0,10,1,11,84,15,26,1,126,0,0,0,126
08/28/2023,GSP,SC,ASO,ES,Combined TRACON& Tower with Radar,101,14,31,2,148,0,0,5,0,5,101,14,36,2,153,0,0,0,153
08/29/2023,GSP,SC,ASO,ES,Combined TRACON& Tower with Radar,84,15,23,0,122,1,0,7,0,8,85,15,30,0,130,6,0,6,136
08/30/2023,GSP,SC,ASO,ES,Combined TRACON& Tower with Radar,91,10,19,0,120,0,0,0,0,0,91,10,19,0,120,0,0,0,120
08/31/2023,GSP,SC,ASO,ES,Combined TRACON& Tower with Radar,95,17,37,1,150,0,0,20,5,25,95,17,57,6,175,31,26,57,232
