01/01/2000,GTF,MT,ANM,WE,Towers with Radar,17,1,5,0,23,0,1,14,0,15,17,2,19,0,38,58,0,58,96
01/02/2000,GTF,MT,ANM,WE,Towers with Radar,15,12,5,0,32,9,0,0,0,9,24,12,5,0,41,0,0,0,41
01/03/2000,GTF,MT,ANM,WE,Towers with Radar,29,33,7,0,69,0,4,35,0,39,29,37,42,0,108,98,0,98,206
01/04/2000,GTF,MT,ANM,WE,Towers with Radar,33,53,3,11,100,0,0,3,7,10,33,53,6,18,110,0,6,6,116
01/05/2000,GTF,MT,ANM,WE,Towers with Radar,31,50,14,16,111,0,4,26,6,36,31,54,40,22,147,0,12,12,159
01/06/2000,GTF,MT,ANM,WE,Towers with Radar,31,49,14,29,123,0,5,13,61,79,31,54,27,90,202,2,44,46,248
01/07/2000,GTF,MT,ANM,WE,Towers with Radar,27,48,6,38,119,0,3,15,4,22,27,51,21,42,141,6,18,24,165
01/08/2000,GTF,MT,ANM,WE,Towers with Radar,27,19,7,23,76,0,4,9,5,18,27,23,16,28,94,0,0,0,94
01/09/2000,GTF,MT,ANM,WE,Towers with Radar,27,10,4,0,41,0,1,10,0,11,27,11,14,0,52,24,0,24,76
01/10/2000,GTF,MT,ANM,WE,Towers with Radar,26,29,12,40,107,0,2,27,4,33,26,31,39,44,140,18,34,52,192
01/11/2000,GTF,MT,ANM,WE,Towers with Radar,30,46,13,24,113,0,2,23,23,48,30,48,36,47,161,52,26,78,239
01/12/2000,GTF,MT,ANM,WE,Towers with Radar,21,45,22,14,102,0,3,38,8,49,21,48,60,22,151,26,4,30,181
01/13/2000,GTF,MT,ANM,WE,Towers with Radar,33,48,28,16,125,0,1,35,1,37,33,49,63,17,162,72,0,72,234
01/14/2000,GTF,MT,ANM,WE,Towers with Radar,27,47,12,3,89,0,2,18,1,21,27,49,30,4,110,104,0,104,214
01/15/2000,GTF,MT,ANM,WE,Towers with Radar,21,19,5,0,45,0,4,36,0,40,21,23,41,0,85,72,0,72,157
01/16/2000,GTF,MT,ANM,WE,Towers with Radar,27,5,4,0,36,0,0,18,0,18,27,5,22,0,54,26,0,26,80
01/17/2000,GTF,MT,ANM,WE,Towers with Radar,27,23,15,0,65,0,0,9,0,9,27,23,24,0,74,20,0,20,94
01/18/2000,GTF,MT,ANM,WE,Towers with Radar,30,44,4,11,89,0,4,53,0,57,30,48,57,11,146,134,6,140,286
01/19/2000,GTF,MT,ANM,WE,Towers with Radar,30,45,8,17,100,0,2,25,4,31,30,47,33,21,131,92,32,124,255
01/20/2000,GTF,MT,ANM,WE,Towers with Radar,32,52,27,35,146,0,2,35,27,64,32,54,62,62,210,82,86,168,378
01/21/2000,GTF,MT,ANM,WE,Towers with Radar,26,39,18,22,105,0,4,48,16,68,26,43,66,38,173,72,26,98,271
01/22/2000,GTF,MT,ANM,WE,Towers with Radar,27,23,18,9,77,0,1,4,0,5,27,24,22,9,82,4,0,4,86
01/23/2000,GTF,MT,ANM,WE,Towers with Radar,32,10,16,25,83,0,4,38,44,86,32,14,54,69,169,38,34,72,241
01/24/2000,GTF,MT,ANM,WE,Towers with Radar,28,34,13,23,98,0,3,32,9,44,28,37,45,32,142,12,50,62,204
01/25/2000,GTF,MT,ANM,WE,Towers with Radar,30,43,16,35,124,0,1,24,33,58,30,44,40,68,182,54,26,80,262
01/26/2000,GTF,MT,ANM,WE,Towers with Radar,30,49,13,9,101,0,4,26,9,39,30,53,39,18,140,26,12,38,178
01/27/2000,GTF,MT,ANM,WE,Towers with Radar,30,50,15,11,106,0,0,7,4,11,30,50,22,15,117,26,4,30,147
01/28/2000,GTF,MT,ANM,WE,Towers with Radar,24,39,10,5,78,0,7,46,1,54,24,46,56,6,132,42,0,42,174
01/29/2000,GTF,MT,ANM,WE,Towers with Radar,31,19,16,0,66,0,2,93,0,95,31,21,109,0,161,176,0,176,337
01/30/2000,GTF,MT,ANM,WE,Towers with Radar,29,10,17,4,60,0,0,80,0,80,29,10,97,4,140,102,0,102,242
01/31/2000,GTF,MT,ANM,WE,Towers with Radar,28,31,10,0,69,0,2,25,0,27,28,33,35,0,96,42,0,42,138
02/01/2000,GTF,MT,ANM,WE,Towers with Radar,26,40,15,34,115,2,4,5,59,70,28,44,20,93,185,0,40,40,225
02/02/2000,GTF,MT,ANM,WE,Towers with Radar,26,42,31,21,120,1,2,19,33,55,27,44,50,54,175,86,41,127,302
02/03/2000,GTF,MT,ANM,WE,Towers with Radar,30,46,23,32,131,1,0,39,18,58,31,46,62,50,189,102,24,126,315
02/04/2000,GTF,MT,ANM,WE,Towers with Radar,26,42,20,18,106,0,10,21,21,52,26,52,41,39,158,24,38,62,220
02/05/2000,GTF,MT,ANM,WE,Towers with Radar,28,23,21,17,89,0,0,30,58,88,28,23,51,75,177,36,28,64,241
02/06/2000,GTF,MT,ANM,WE,Towers with Radar,29,6,22,14,71,0,1,62,19,82,29,7,84,33,153,80,16,96,249
02/07/2000,GTF,MT,ANM,WE,Towers with Radar,25,29,21,26,101,0,5,13,7,25,25,34,34,33,126,14,20,34,160
02/08/2000,GTF,MT,ANM,WE,Towers with Radar,35,45,15,41,136,0,1,19,2,22,35,46,34,43,158,70,18,88,246
02/09/2000,GTF,MT,ANM,WE,Towers with Radar,30,43,17,20,110,0,2,19,0,21,30,45,36,20,131,38,6,44,175
02/10/2000,GTF,MT,ANM,WE,Towers with Radar,33,55,12,7,107,0,1,0,0,1,33,56,12,7,108,0,0,0,108
02/11/2000,GTF,MT,ANM,WE,Towers with Radar,28,51,16,7,102,0,3,8,0,11,28,54,24,7,113,26,2,28,141
02/12/2000,GTF,MT,ANM,WE,Towers with Radar,28,20,28,0,76,0,1,5,0,6,28,21,33,0,82,34,0,34,116
02/13/2000,GTF,MT,ANM,WE,Towers with Radar,31,9,12,0,52,0,1,9,0,10,31,10,21,0,62,10,0,10,72
02/14/2000,GTF,MT,ANM,WE,Towers with Radar,19,30,1,1,51,0,1,0,0,1,19,31,1,1,52,0,0,0,52
02/15/2000,GTF,MT,ANM,WE,Towers with Radar,29,48,31,20,128,0,2,14,37,53,29,50,45,57,181,38,30,68,249
02/16/2000,GTF,MT,ANM,WE,Towers with Radar,29,45,24,18,116,0,4,36,37,77,29,49,60,55,193,146,30,176,369
02/17/2000,GTF,MT,ANM,WE,Towers with Radar,33,35,19,16,103,0,4,43,13,60,33,39,62,29,163,68,12,80,243
02/18/2000,GTF,MT,ANM,WE,Towers with Radar,25,47,27,17,116,0,6,48,7,61,25,53,75,24,177,104,24,128,305
02/19/2000,GTF,MT,ANM,WE,Towers with Radar,29,19,13,3,64,0,5,54,5,64,29,24,67,8,128,72,4,76,204
02/20/2000,GTF,MT,ANM,WE,Towers with Radar,29,7,8,2,46,0,1,64,0,65,29,8,72,2,111,74,0,74,185
02/21/2000,GTF,MT,ANM,WE,Towers with Radar,26,28,19,0,73,0,2,51,0,53,26,30,70,0,126,76,0,76,202
02/22/2000,GTF,MT,ANM,WE,Towers with Radar,28,44,19,5,96,0,6,47,0,53,28,50,66,5,149,118,2,120,269
02/23/2000,GTF,MT,ANM,WE,Towers with Radar,31,38,15,17,101,0,9,38,12,59,31,47,53,29,160,96,12,108,268
02/24/2000,GTF,MT,ANM,WE,Towers with Radar,30,42,11,16,99,0,2,7,0,9,30,44,18,16,108,34,2,36,144
02/25/2000,GTF,MT,ANM,WE,Towers with Radar,29,48,20,23,120,0,3,51,0,54,29,51,71,23,174,132,6,138,312
02/26/2000,GTF,MT,ANM,WE,Towers with Radar,24,22,16,6,68,0,3,42,1,46,24,25,58,7,114,94,16,110,224
02/27/2000,GTF,MT,ANM,WE,Towers with Radar,28,7,10,11,56,0,0,42,0,42,28,7,52,11,98,122,0,122,220
02/28/2000,GTF,MT,ANM,WE,Towers with Radar,27,34,16,14,91,0,1,25,2,28,27,35,41,16,119,96,14,110,229
02/29/2000,GTF,MT,ANM,WE,Towers with Radar,33,42,19,24,118,0,3,54,24,81,33,45,73,48,199,122,32,154,353
03/01/2000,GTF,MT,ANM,WE,Towers with Radar,28,45,37,34,144,1,7,35,18,61,29,52,72,52,205,120,34,154,359
03/02/2000,GTF,MT,ANM,WE,Towers with Radar,28,46,10,19,103,1,3,49,61,114,29,49,59,80,217,56,38,94,311
03/03/2000,GTF,MT,ANM,WE,Towers with Radar,30,42,16,27,115,0,4,42,13,59,30,46,58,40,174,30,44,74,248
03/04/2000,GTF,MT,ANM,WE,Towers with Radar,27,19,11,30,87,1,3,33,62,99,28,22,44,92,186,20,44,64,250
03/05/2000,GTF,MT,ANM,WE,Towers with Radar,25,9,19,16,69,1,0,17,0,18,26,9,36,16,87,26,0,26,113
03/06/2000,GTF,MT,ANM,WE,Towers with Radar,26,32,4,17,79,1,1,7,3,12,27,33,11,20,91,46,4,50,141
03/07/2000,GTF,MT,ANM,WE,Towers with Radar,29,41,15,45,130,1,1,5,0,7,30,42,20,45,137,4,12,16,153
03/08/2000,GTF,MT,ANM,WE,Towers with Radar,34,47,14,0,95,1,0,0,0,1,35,47,14,0,96,6,0,6,102
03/09/2000,GTF,MT,ANM,WE,Towers with Radar,30,40,13,19,102,1,2,15,39,57,31,42,28,58,159,54,24,78,237
03/10/2000,GTF,MT,ANM,WE,Towers with Radar,25,43,12,3,83,1,4,42,0,47,26,47,54,3,130,70,0,70,200
03/11/2000,GTF,MT,ANM,WE,Towers with Radar,24,27,2,2,55,1,2,31,0,34,25,29,33,2,89,74,0,74,163
03/12/2000,GTF,MT,ANM,WE,Towers with Radar,26,7,4,0,37,1,0,30,0,31,27,7,34,0,68,46,0,46,114
03/13/2000,GTF,MT,ANM,WE,Towers with Radar,28,30,12,12,82,1,6,22,1,30,29,36,34,13,112,48,16,64,176
03/14/2000,GTF,MT,ANM,WE,Towers with Radar,29,42,24,23,118,0,4,1,1,6,29,46,25,24,124,10,20,30,154
03/15/2000,GTF,MT,ANM,WE,Towers with Radar,29,42,21,25,117,0,3,37,0,40,29,45,58,25,157,100,22,122,279
03/16/2000,GTF,MT,ANM,WE,Towers with Radar,31,51,14,25,121,0,8,44,40,92,31,59,58,65,213,58,38,96,309
03/17/2000,GTF,MT,ANM,WE,Towers with Radar,26,46,18,22,112,0,1,5,27,33,26,47,23,49,145,18,14,32,177
03/18/2000,GTF,MT,ANM,WE,Towers with Radar,26,17,14,24,81,0,7,23,17,47,26,24,37,41,128,20,10,30,158
03/19/2000,GTF,MT,ANM,WE,Towers with Radar,28,15,12,11,66,0,0,7,2,9,28,15,19,13,75,2,0,2,77
03/20/2000,GTF,MT,ANM,WE,Towers with Radar,24,37,24,24,109,0,3,33,1,37,24,40,57,25,146,72,22,94,240
03/21/2000,GTF,MT,ANM,WE,Towers with Radar,28,42,5,25,100,0,6,28,5,39,28,48,33,30,139,48,12,60,199
03/22/2000,GTF,MT,ANM,WE,Towers with Radar,30,42,13,26,111,0,6,68,2,76,30,48,81,28,187,54,0,54,241
03/23/2000,GTF,MT,ANM,WE,Towers with Radar,31,55,11,11,108,0,12,26,4,42,31,67,37,15,150,106,2,108,258
03/24/2000,GTF,MT,ANM,WE,Towers with Radar,27,43,28,8,106,0,6,52,1,59,27,49,80,9,165,122,2,124,289
03/25/2000,GTF,MT,ANM,WE,Towers with Radar,28,19,11,0,58,0,8,25,0,33,28,27,36,0,91,12,0,12,103
03/26/2000,GTF,MT,ANM,WE,Towers with Radar,27,7,12,2,48,0,0,38,0,38,27,7,50,2,86,28,0,28,114
03/27/2000,GTF,MT,ANM,WE,Towers with Radar,29,34,17,0,80,0,4,47,0,51,29,38,64,0,131,76,0,76,207
03/28/2000,GTF,MT,ANM,WE,Towers with Radar,29,52,10,35,126,0,3,9,14,26,29,55,19,49,152,18,18,36,188
03/29/2000,GTF,MT,ANM,WE,Towers with Radar,29,48,12,11,100,0,0,0,0,0,29,48,12,11,100,0,0,0,100
03/30/2000,GTF,MT,ANM,WE,Towers with Radar,30,49,29,0,108,0,2,48,2,52,30,51,77,2,160,82,2,84,244
03/31/2000,GTF,MT,ANM,WE,Towers with Radar,31,40,23,19,113,0,7,64,5,76,31,47,87,24,189,102,6,108,297
04/01/2000,GTF,MT,ANM,WE,Towers with Radar,25,21,3,33,82,1,1,17,9,28,26,22,20,42,110,14,0,14,124
04/02/2000,GTF,MT,ANM,WE,Towers with Radar,26,7,13,27,73,0,0,16,7,23,26,7,29,34,96,20,2,22,118
04/03/2000,GTF,MT,ANM,WE,Towers with Radar,25,27,9,27,88,0,9,37,0,46,25,36,46,27,134,6,2,8,142
04/04/2000,GTF,MT,ANM,WE,Towers with Radar,30,45,11,5,91,0,8,24,1,33,30,53,35,6,124,10,4,14,138
04/05/2000,GTF,MT,ANM,WE,Towers with Radar,29,45,10,23,107,0,10,40,2,52,29,55,50,25,159,56,12,68,227
04/06/2000,GTF,MT,ANM,WE,Towers with Radar,32,52,6,20,110,0,3,9,0,12,32,55,15,20,122,10,0,10,132
04/07/2000,GTF,MT,ANM,WE,Towers with Radar,23,47,23,3,96,0,5,58,1,64,23,52,81,4,160,78,0,78,238
04/08/2000,GTF,MT,ANM,WE,Towers with Radar,25,22,5,1,53,0,4,63,1,68,25,26,68,2,121,50,0,50,171
04/09/2000,GTF,MT,ANM,WE,Towers with Radar,24,10,11,3,48,0,0,71,13,84,24,10,82,16,132,56,10,66,198
04/10/2000,GTF,MT,ANM,WE,Towers with Radar,23,38,4,19,84,0,3,5,1,9,23,41,9,20,93,0,0,0,93
04/11/2000,GTF,MT,ANM,WE,Towers with Radar,28,47,8,22,105,0,6,39,7,52,28,53,47,29,157,56,6,62,219
04/12/2000,GTF,MT,ANM,WE,Towers with Radar,26,48,7,22,103,0,7,29,7,43,26,55,36,29,146,34,2,36,182
04/13/2000,GTF,MT,ANM,WE,Towers with Radar,18,61,9,5,93,0,0,0,1,1,18,61,9,6,94,0,0,0,94
04/14/2000,GTF,MT,ANM,WE,Towers with Radar,22,46,9,2,79,0,0,0,1,1,22,46,9,3,80,0,0,0,80
04/15/2000,GTF,MT,ANM,WE,Towers with Radar,25,28,16,0,69,0,0,34,1,35,25,28,50,1,104,56,0,56,160
04/16/2000,GTF,MT,ANM,WE,Towers with Radar,22,10,3,0,35,0,0,20,1,21,22,10,23,1,56,34,0,34,90
04/17/2000,GTF,MT,ANM,WE,Towers with Radar,24,31,17,20,92,0,6,30,7,43,24,37,47,27,135,26,40,66,201
04/18/2000,GTF,MT,ANM,WE,Towers with Radar,29,47,19,16,111,0,5,26,8,39,29,52,45,24,150,16,48,64,214
04/19/2000,GTF,MT,ANM,WE,Towers with Radar,28,47,18,21,114,0,10,35,40,85,28,57,53,61,199,94,26,120,319
04/20/2000,GTF,MT,ANM,WE,Towers with Radar,31,52,17,31,131,0,13,44,32,89,31,65,61,63,220,62,28,90,310
04/21/2000,GTF,MT,ANM,WE,Towers with Radar,23,31,10,2,66,1,22,78,0,101,24,53,88,2,167,134,2,136,303
04/22/2000,GTF,MT,ANM,WE,Towers with Radar,25,22,8,0,55,0,6,65,0,71,25,28,73,0,126,152,0,152,278
04/23/2000,GTF,MT,ANM,WE,Towers with Radar,25,7,5,0,37,0,1,17,0,18,25,8,22,0,55,0,0,0,55
04/24/2000,GTF,MT,ANM,WE,Towers with Radar,27,37,9,14,87,0,9,28,22,59,27,46,37,36,146,14,22,36,182
04/25/2000,GTF,MT,ANM,WE,Towers with Radar,31,54,8,7,100,0,7,27,12,46,31,61,35,19,146,18,10,28,174
04/26/2000,GTF,MT,ANM,WE,Towers with Radar,28,41,9,8,86,0,9,20,24,53,28,50,29,32,139,26,18,44,183
04/27/2000,GTF,MT,ANM,WE,Towers with Radar,28,42,19,16,105,0,6,41,13,60,28,48,60,29,165,10,10,20,185
04/28/2000,GTF,MT,ANM,WE,Towers with Radar,22,39,20,2,83,0,8,18,0,26,22,47,38,2,109,50,0,50,159
04/29/2000,GTF,MT,ANM,WE,Towers with Radar,23,21,12,0,56,0,0,34,0,34,23,21,46,0,90,64,0,64,154
04/30/2000,GTF,MT,ANM,WE,Towers with Radar,24,7,5,2,38,0,0,36,0,36,24,7,41,2,74,38,0,38,112
05/01/2000,GTF,MT,ANM,WE,Towers with Radar,25,27,10,6,68,1,10,59,0,70,26,37,69,6,138,20,8,28,166
05/02/2000,GTF,MT,ANM,WE,Towers with Radar,27,43,25,13,108,1,10,31,4,46,28,53,56,17,154,50,12,62,216
05/03/2000,GTF,MT,ANM,WE,Towers with Radar,27,43,9,21,100,1,10,46,1,58,28,53,55,22,158,78,24,102,260
05/04/2000,GTF,MT,ANM,WE,Towers with Radar,28,39,7,17,91,1,9,18,5,33,29,48,25,22,124,30,6,36,160
05/05/2000,GTF,MT,ANM,WE,Towers with Radar,25,39,2,21,87,0,4,15,14,33,25,43,17,35,120,2,24,26,146
05/06/2000,GTF,MT,ANM,WE,Towers with Radar,28,20,2,24,74,0,5,34,87,126,28,25,36,111,200,8,58,66,266
05/07/2000,GTF,MT,ANM,WE,Towers with Radar,24,6,3,15,48,0,5,48,15,68,24,11,51,30,116,34,16,50,166
05/08/2000,GTF,MT,ANM,WE,Towers with Radar,23,29,7,25,84,0,11,42,3,56,23,40,49,28,140,12,24,36,176
05/09/2000,GTF,MT,ANM,WE,Towers with Radar,34,43,10,34,121,0,8,30,5,43,34,51,40,39,164,90,24,114,278
05/10/2000,GTF,MT,ANM,WE,Towers with Radar,25,46,19,22,112,0,7,24,19,50,25,53,43,41,162,54,10,64,226
05/11/2000,GTF,MT,ANM,WE,Towers with Radar,32,53,8,15,108,0,3,9,0,12,32,56,17,15,120,20,0,20,140
05/12/2000,GTF,MT,ANM,WE,Towers with Radar,25,43,28,3,99,0,4,14,0,18,25,47,42,3,117,8,2,10,127
05/13/2000,GTF,MT,ANM,WE,Towers with Radar,24,20,14,0,58,0,2,56,0,58,24,22,70,0,116,88,0,88,204
05/14/2000,GTF,MT,ANM,WE,Towers with Radar,24,8,1,0,33,0,2,45,0,47,24,10,46,0,80,34,0,34,114
05/15/2000,GTF,MT,ANM,WE,Towers with Radar,27,27,4,6,64,0,7,22,1,30,27,34,26,7,94,22,2,24,118
05/16/2000,GTF,MT,ANM,WE,Towers with Radar,30,44,14,14,102,0,10,56,5,71,30,54,70,19,173,64,46,110,283
05/17/2000,GTF,MT,ANM,WE,Towers with Radar,29,50,20,21,120,2,10,60,19,91,31,60,80,40,211,64,16,80,291
05/18/2000,GTF,MT,ANM,WE,Towers with Radar,32,42,9,30,113,0,12,32,5,49,32,54,41,35,162,26,10,36,198
05/19/2000,GTF,MT,ANM,WE,Towers with Radar,28,41,18,27,114,0,3,37,17,57,28,44,55,44,171,22,20,42,213
05/20/2000,GTF,MT,ANM,WE,Towers with Radar,26,24,5,18,73,0,2,95,2,99,26,26,100,20,172,26,8,34,206
05/21/2000,GTF,MT,ANM,WE,Towers with Radar,24,7,8,7,46,0,1,17,10,28,24,8,25,17,74,0,0,0,74
05/22/2000,GTF,MT,ANM,WE,Towers with Radar,28,37,13,16,94,0,5,9,91,105,28,42,22,107,199,20,64,84,283
05/23/2000,GTF,MT,ANM,WE,Towers with Radar,29,43,23,10,105,0,7,26,9,42,29,50,49,19,147,52,16,68,215
05/24/2000,GTF,MT,ANM,WE,Towers with Radar,31,40,11,23,105,0,8,55,36,99,31,48,66,59,204,54,30,84,288
05/25/2000,GTF,MT,ANM,WE,Towers with Radar,41,45,14,20,120,0,9,61,6,76,41,54,75,26,196,42,0,42,238
05/26/2000,GTF,MT,ANM,WE,Towers with Radar,30,46,15,2,93,0,5,50,0,55,30,51,65,2,148,0,0,0,148
05/27/2000,GTF,MT,ANM,WE,Towers with Radar,28,18,5,0,51,0,3,32,0,35,28,21,37,0,86,12,0,12,98
05/28/2000,GTF,MT,ANM,WE,Towers with Radar,24,4,3,0,31,0,2,19,0,21,24,6,22,0,52,16,0,16,68
05/29/2000,GTF,MT,ANM,WE,Towers with Radar,19,10,14,1,44,0,0,22,0,22,19,10,36,1,66,0,0,0,66
05/30/2000,GTF,MT,ANM,WE,Towers with Radar,23,33,21,12,89,0,7,24,3,34,23,40,45,15,123,18,6,24,147
05/31/2000,GTF,MT,ANM,WE,Towers with Radar,30,46,9,4,89,0,0,0,0,0,30,46,9,4,89,0,0,0,89
06/01/2000,GTF,MT,ANM,WE,Towers with Radar,32,49,16,10,107,0,5,45,5,55,32,54,61,15,162,40,18,58,220
06/02/2000,GTF,MT,ANM,WE,Towers with Radar,26,41,8,11,86,0,11,83,11,105,26,52,91,22,191,88,58,146,337
06/03/2000,GTF,MT,ANM,WE,Towers with Radar,26,20,7,2,55,0,4,52,1,57,26,24,59,3,112,14,0,14,126
06/04/2000,GTF,MT,ANM,WE,Towers with Radar,26,9,12,3,50,0,0,51,0,51,26,9,63,3,101,20,0,20,121
06/05/2000,GTF,MT,ANM,WE,Towers with Radar,26,26,5,0,57,0,4,35,0,39,26,30,40,0,96,40,0,40,136
06/06/2000,GTF,MT,ANM,WE,Towers with Radar,33,37,17,7,94,0,8,66,2,76,33,45,83,9,170,118,0,118,288
06/07/2000,GTF,MT,ANM,WE,Towers with Radar,30,45,12,16,103,0,5,60,6,71,30,50,72,22,174,10,12,22,196
06/08/2000,GTF,MT,ANM,WE,Towers with Radar,29,46,11,6,92,0,7,28,5,40,29,53,39,11,132,24,0,24,156
06/09/2000,GTF,MT,ANM,WE,Towers with Radar,26,53,12,2,93,0,5,30,0,35,26,58,42,2,128,46,0,46,174
06/10/2000,GTF,MT,ANM,WE,Towers with Radar,25,22,8,15,70,0,1,38,8,47,25,23,46,23,117,2,8,10,127
06/11/2000,GTF,MT,ANM,WE,Towers with Radar,23,13,14,16,66,0,0,23,18,41,23,13,37,34,107,58,18,76,183
06/12/2000,GTF,MT,ANM,WE,Towers with Radar,25,33,8,24,90,0,1,34,6,41,25,34,42,30,131,136,18,154,285
06/13/2000,GTF,MT,ANM,WE,Towers with Radar,31,44,31,14,120,0,5,39,2,46,31,49,70,16,166,72,10,82,248
06/14/2000,GTF,MT,ANM,WE,Towers with Radar,29,47,12,8,96,0,4,20,0,24,29,51,32,8,120,18,0,18,138
06/15/2000,GTF,MT,ANM,WE,Towers with Radar,35,47,9,20,111,0,6,16,38,60,35,53,25,58,171,14,32,46,217
06/16/2000,GTF,MT,ANM,WE,Towers with Radar,26,43,10,3,82,0,2,29,0,31,26,45,39,3,113,60,0,60,173
06/17/2000,GTF,MT,ANM,WE,Towers with Radar,25,29,10,0,64,0,4,59,0,63,25,33,69,0,127,60,0,60,187
06/18/2000,GTF,MT,ANM,WE,Towers with Radar,20,8,12,2,42,0,2,48,0,50,20,10,60,2,92,24,0,24,116
06/19/2000,GTF,MT,ANM,WE,Towers with Radar,27,29,17,19,92,0,3,29,13,45,27,32,46,32,137,68,12,80,217
06/20/2000,GTF,MT,ANM,WE,Towers with Radar,31,51,15,20,117,0,2,26,10,38,31,53,41,30,155,0,12,12,167
06/21/2000,GTF,MT,ANM,WE,Towers with Radar,29,38,11,17,95,0,5,47,9,61,29,43,58,26,156,108,14,122,278
06/22/2000,GTF,MT,ANM,WE,Towers with Radar,24,44,18,19,105,0,4,69,0,73,24,48,87,19,178,140,0,140,318
06/23/2000,GTF,MT,ANM,WE,Towers with Radar,24,38,14,0,76,0,6,81,0,87,24,44,95,0,163,62,0,62,225
06/24/2000,GTF,MT,ANM,WE,Towers with Radar,22,14,6,0,42,0,6,40,0,46,22,20,46,0,88,30,0,30,118
06/25/2000,GTF,MT,ANM,WE,Towers with Radar,23,11,26,0,60,0,1,52,0,53,23,12,78,0,113,64,0,64,177
06/26/2000,GTF,MT,ANM,WE,Towers with Radar,22,31,35,22,110,0,2,57,1,60,22,33,92,23,170,76,6,82,252
06/27/2000,GTF,MT,ANM,WE,Towers with Radar,28,42,22,26,118,0,3,75,4,82,28,45,97,30,200,110,24,134,334
06/28/2000,GTF,MT,ANM,WE,Towers with Radar,27,47,19,15,108,0,5,89,56,150,27,52,108,71,258,96,42,138,396
06/29/2000,GTF,MT,ANM,WE,Towers with Radar,28,51,15,28,122,0,9,77,26,112,28,60,92,54,234,91,34,125,359
06/30/2000,GTF,MT,ANM,WE,Towers with Radar,22,42,18,6,88,0,9,59,0,68,22,51,77,6,156,82,4,86,242
07/01/2000,GTF,MT,ANM,WE,Towers with Radar,24,25,10,5,64,2,5,64,0,71,26,30,74,5,135,124,0,124,259
07/02/2000,GTF,MT,ANM,WE,Towers with Radar,25,5,16,2,48,1,1,35,4,41,26,6,51,6,89,10,0,10,99
07/03/2000,GTF,MT,ANM,WE,Towers with Radar,18,33,10,1,62,3,7,46,0,56,21,40,56,1,118,106,0,106,224
07/04/2000,GTF,MT,ANM,WE,Towers with Radar,19,10,7,1,37,1,3,35,6,45,20,13,42,7,82,30,4,34,116
07/05/2000,GTF,MT,ANM,WE,Towers with Radar,26,45,10,23,104,0,6,43,7,56,26,51,53,30,160,72,4,76,236
07/06/2000,GTF,MT,ANM,WE,Towers with Radar,33,58,16,36,143,0,9,62,21,92,33,67,78,57,235,94,54,148,383
07/07/2000,GTF,MT,ANM,WE,Towers with Radar,20,45,12,32,109,1,10,46,24,81,21,55,58,56,190,100,42,142,332
07/08/2000,GTF,MT,ANM,WE,Towers with Radar,22,19,13,3,57,1,4,47,0,52,23,23,60,3,109,72,32,104,213
07/09/2000,GTF,MT,ANM,WE,Towers with Radar,24,14,12,1,51,1,2,38,0,41,25,16,50,1,92,22,0,22,114
07/10/2000,GTF,MT,ANM,WE,Towers with Radar,26,30,11,7,74,1,9,59,0,69,27,39,70,7,143,60,0,60,203
07/11/2000,GTF,MT,ANM,WE,Towers with Radar,16,21,11,24,72,1,7,69,3,80,17,28,80,27,152,124,36,160,312
07/12/2000,GTF,MT,ANM,WE,Towers with Radar,37,53,19,25,134,1,13,61,22,97,38,66,80,47,231,66,18,84,315
07/13/2000,GTF,MT,ANM,WE,Towers with Radar,26,44,19,39,128,1,8,76,43,128,27,52,95,82,256,124,44,168,424
07/14/2000,GTF,MT,ANM,WE,Towers with Radar,23,43,18,28,112,0,1,56,61,118,23,44,74,89,230,118,36,154,384
07/15/2000,GTF,MT,ANM,WE,Towers with Radar,21,20,10,30,81,1,1,77,23,102,22,21,87,53,183,98,50,148,331
07/16/2000,GTF,MT,ANM,WE,Towers with Radar,19,9,20,38,86,1,0,88,3,92,20,9,108,41,178,0,0,0,178
07/17/2000,GTF,MT,ANM,WE,Towers with Radar,26,25,10,48,109,0,6,73,54,133,26,31,83,102,242,26,4,30,272
07/18/2000,GTF,MT,ANM,WE,Towers with Radar,25,38,11,34,108,0,8,105,10,123,25,46,116,44,231,190,32,222,453
07/19/2000,GTF,MT,ANM,WE,Towers with Radar,27,41,17,28,113,0,13,65,48,126,27,54,82,76,239,78,48,126,365
07/20/2000,GTF,MT,ANM,WE,Towers with Radar,28,49,13,12,102,0,8,81,12,101,28,57,94,24,203,120,8,128,331
07/21/2000,GTF,MT,ANM,WE,Towers with Radar,25,45,13,1,84,0,9,67,1,77,25,54,80,2,161,40,2,42,203
07/22/2000,GTF,MT,ANM,WE,Towers with Radar,22,29,8,3,62,0,26,74,1,101,22,55,82,4,163,68,2,70,233
07/23/2000,GTF,MT,ANM,WE,Towers with Radar,24,9,11,3,47,0,23,57,0,80,24,32,68,3,127,92,8,100,227
07/24/2000,GTF,MT,ANM,WE,Towers with Radar,24,35,16,24,99,0,0,53,28,81,24,35,69,52,180,55,20,75,255
07/25/2000,GTF,MT,ANM,WE,Towers with Radar,29,44,10,34,117,0,9,84,4,97,29,53,94,38,214,120,20,140,354
07/26/2000,GTF,MT,ANM,WE,Towers with Radar,28,36,12,38,114,0,9,49,11,69,28,45,61,49,183,80,26,106,289
07/27/2000,GTF,MT,ANM,WE,Towers with Radar,27,44,18,33,122,1,6,77,12,96,28,50,95,45,218,98,38,136,354
07/28/2000,GTF,MT,ANM,WE,Towers with Radar,26,40,13,3,82,0,4,67,0,71,26,44,80,3,153,96,0,96,249
07/29/2000,GTF,MT,ANM,WE,Towers with Radar,20,26,11,0,57,4,4,82,0,90,24,30,93,0,147,80,0,80,227
07/30/2000,GTF,MT,ANM,WE,Towers with Radar,22,6,10,3,41,0,4,53,0,57,22,10,63,3,98,74,0,74,172
07/31/2000,GTF,MT,ANM,WE,Towers with Radar,21,31,9,28,89,0,5,64,28,97,21,36,73,56,186,106,28,134,320
08/01/2000,GTF,MT,ANM,WE,Towers with Radar,25,45,24,19,113,1,3,33,35,72,26,48,57,54,185,52,28,80,265
08/02/2000,GTF,MT,ANM,WE,Towers with Radar,25,56,20,32,133,1,7,77,77,162,26,63,97,109,295,140,54,194,489
08/03/2000,GTF,MT,ANM,WE,Towers with Radar,28,50,17,26,121,2,2,74,44,122,30,52,91,70,243,88,28,116,359
08/04/2000,GTF,MT,ANM,WE,Towers with Radar,23,57,35,16,131,1,9,31,0,41,24,66,66,16,172,26,6,32,204
08/05/2000,GTF,MT,ANM,WE,Towers with Radar,24,28,14,4,70,1,0,56,2,59,25,28,70,6,129,68,0,68,197
08/06/2000,GTF,MT,ANM,WE,Towers with Radar,23,16,16,7,62,0,1,51,3,55,23,17,67,10,117,44,2,46,163
08/07/2000,GTF,MT,ANM,WE,Towers with Radar,20,32,10,40,102,0,13,45,12,70,20,45,55,52,172,40,44,84,256
08/08/2000,GTF,MT,ANM,WE,Towers with Radar,29,47,12,27,115,0,3,62,2,67,29,50,74,29,182,104,28,132,314
08/09/2000,GTF,MT,ANM,WE,Towers with Radar,27,51,25,28,131,0,0,69,27,96,27,51,94,55,227,48,18,66,293
08/10/2000,GTF,MT,ANM,WE,Towers with Radar,24,48,29,29,130,0,5,71,29,105,24,53,100,58,235,86,32,118,353
08/11/2000,GTF,MT,ANM,WE,Towers with Radar,27,53,9,0,89,0,3,43,1,47,27,56,52,1,136,42,0,42,178
08/12/2000,GTF,MT,ANM,WE,Towers with Radar,21,28,11,6,66,0,3,70,0,73,21,31,81,6,139,94,0,94,233
08/13/2000,GTF,MT,ANM,WE,Towers with Radar,22,5,13,1,41,0,1,47,0,48,22,6,60,1,89,54,0,54,143
08/14/2000,GTF,MT,ANM,WE,Towers with Radar,23,30,12,30,95,0,4,42,6,52,23,34,54,36,147,76,16,92,239
08/15/2000,GTF,MT,ANM,WE,Towers with Radar,25,61,25,24,135,0,2,78,39,119,25,63,103,63,254,128,30,158,412
08/16/2000,GTF,MT,ANM,WE,Towers with Radar,31,50,16,21,118,0,8,57,5,70,31,58,73,26,188,114,10,124,312
08/17/2000,GTF,MT,ANM,WE,Towers with Radar,29,42,10,36,117,0,9,61,6,76,29,51,71,42,193,114,14,128,321
08/18/2000,GTF,MT,ANM,WE,Towers with Radar,22,40,15,12,89,0,1,37,3,41,22,41,52,15,130,44,10,54,184
08/19/2000,GTF,MT,ANM,WE,Towers with Radar,23,32,17,5,77,0,2,35,2,39,23,34,52,7,116,50,0,50,166
08/20/2000,GTF,MT,ANM,WE,Towers with Radar,22,5,13,5,45,0,0,26,1,27,22,5,39,6,72,14,0,14,86
08/21/2000,GTF,MT,ANM,WE,Towers with Radar,23,27,17,0,67,0,6,72,1,79,23,33,89,1,146,134,0,134,280
08/22/2000,GTF,MT,ANM,WE,Towers with Radar,28,47,23,30,128,0,8,74,24,106,28,55,97,54,234,106,6,112,346
08/23/2000,GTF,MT,ANM,WE,Towers with Radar,26,42,23,34,125,0,12,73,0,85,26,54,96,34,210,106,6,112,322
08/24/2000,GTF,MT,ANM,WE,Towers with Radar,30,44,13,32,119,0,7,29,20,56,30,51,42,52,175,30,66,96,271
08/25/2000,GTF,MT,ANM,WE,Towers with Radar,24,35,6,18,83,0,9,35,0,44,24,44,41,18,127,32,24,56,183
08/26/2000,GTF,MT,ANM,WE,Towers with Radar,24,24,7,29,84,0,1,38,4,43,24,25,45,33,127,38,26,64,191
08/27/2000,GTF,MT,ANM,WE,Towers with Radar,19,17,8,12,56,0,2,45,14,61,19,19,53,26,117,28,10,38,155
08/28/2000,GTF,MT,ANM,WE,Towers with Radar,20,27,11,12,70,0,5,53,0,58,20,32,64,12,128,18,0,18,146
08/29/2000,GTF,MT,ANM,WE,Towers with Radar,25,47,20,10,102,0,4,37,0,41,25,51,57,10,143,40,2,42,185
08/30/2000,GTF,MT,ANM,WE,Towers with Radar,27,40,17,20,104,5,4,13,5,27,32,44,30,25,131,4,6,10,141
08/31/2000,GTF,MT,ANM,WE,Towers with Radar,25,49,19,19,112,0,2,46,2,50,25,51,65,21,162,26,6,32,194
09/01/2000,GTF,MT,ANM,WE,Towers with Radar,26,41,18,6,91,0,3,30,0,33,26,44,48,6,124,20,22,42,166
09/02/2000,GTF,MT,ANM,WE,Towers with Radar,28,24,9,4,65,1,1,17,1,20,29,25,26,5,85,0,0,0,85
09/03/2000,GTF,MT,ANM,WE,Towers with Radar,27,9,6,1,43,0,0,36,0,36,27,9,42,1,79,12,0,12,91
09/04/2000,GTF,MT,ANM,WE,Towers with Radar,18,8,1,0,27,0,0,49,0,49,18,8,50,0,76,30,0,30,106
09/05/2000,GTF,MT,ANM,WE,Towers with Radar,32,42,18,5,97,0,0,40,0,40,32,42,58,5,137,50,8,58,195
09/06/2000,GTF,MT,ANM,WE,Towers with Radar,31,44,13,12,100,0,1,35,4,40,31,45,48,16,140,90,12,102,242
09/07/2000,GTF,MT,ANM,WE,Towers with Radar,27,47,7,7,88,0,8,31,21,60,27,55,38,28,148,34,12,46,194
09/08/2000,GTF,MT,ANM,WE,Towers with Radar,27,45,12,14,98,0,2,19,14,35,27,47,31,28,133,18,14,32,165
09/09/2000,GTF,MT,ANM,WE,Towers with Radar,27,29,17,17,90,0,1,18,4,23,27,30,35,21,113,0,2,2,115
09/10/2000,GTF,MT,ANM,WE,Towers with Radar,25,10,11,38,84,0,1,14,33,48,25,11,25,71,132,14,36,50,182
09/11/2000,GTF,MT,ANM,WE,Towers with Radar,27,30,18,29,104,0,3,30,19,52,27,33,48,48,156,54,14,68,224
09/12/2000,GTF,MT,ANM,WE,Towers with Radar,33,39,23,27,122,0,4,52,1,57,33,43,75,28,179,92,14,106,285
09/13/2000,GTF,MT,ANM,WE,Towers with Radar,32,45,23,25,125,0,3,82,2,87,32,48,105,27,212,106,12,118,330
09/14/2000,GTF,MT,ANM,WE,Towers with Radar,29,49,15,25,118,0,8,58,10,76,29,57,73,35,194,38,14,52,246
09/15/2000,GTF,MT,ANM,WE,Towers with Radar,28,42,18,8,96,0,4,60,3,67,28,46,78,11,163,72,2,74,237
09/16/2000,GTF,MT,ANM,WE,Towers with Radar,29,26,7,2,64,0,3,63,0,66,29,29,70,2,130,90,0,90,220
09/17/2000,GTF,MT,ANM,WE,Towers with Radar,27,9,10,0,46,0,2,45,0,47,27,11,55,0,93,22,0,22,115
09/18/2000,GTF,MT,ANM,WE,Towers with Radar,27,30,12,0,69,0,3,18,0,21,27,33,30,0,90,0,0,0,90
09/19/2000,GTF,MT,ANM,WE,Towers with Radar,32,45,17,15,109,0,0,20,5,25,32,45,37,20,134,8,10,18,152
09/20/2000,GTF,MT,ANM,WE,Towers with Radar,39,45,10,9,103,0,2,44,14,60,39,47,54,23,163,24,12,36,199
09/21/2000,GTF,MT,ANM,WE,Towers with Radar,35,41,10,1,87,0,0,0,0,0,35,41,10,1,87,0,0,0,87
09/22/2000,GTF,MT,ANM,WE,Towers with Radar,24,45,16,25,110,0,0,4,0,4,24,45,20,25,114,0,4,4,118
09/23/2000,GTF,MT,ANM,WE,Towers with Radar,30,23,13,17,83,0,2,42,32,76,30,25,55,49,159,62,22,84,243
09/24/2000,GTF,MT,ANM,WE,Towers with Radar,21,8,12,19,60,0,0,33,28,61,21,8,45,47,121,30,18,48,169
09/25/2000,GTF,MT,ANM,WE,Towers with Radar,27,32,7,16,82,0,5,57,44,106,27,37,64,60,188,50,46,96,284
09/26/2000,GTF,MT,ANM,WE,Towers with Radar,31,41,28,16,116,0,5,44,2,51,31,46,72,18,167,38,52,90,257
09/27/2000,GTF,MT,ANM,WE,Towers with Radar,29,38,8,22,97,0,9,56,9,74,29,47,64,31,171,18,36,54,225
09/28/2000,GTF,MT,ANM,WE,Towers with Radar,30,47,20,34,131,0,0,63,1,64,30,47,83,35,195,32,0,32,227
09/29/2000,GTF,MT,ANM,WE,Towers with Radar,25,36,15,13,89,0,3,15,0,18,25,39,30,13,107,8,0,8,115
09/30/2000,GTF,MT,ANM,WE,Towers with Radar,26,29,7,5,67,0,2,11,0,13,26,31,18,5,80,0,0,0,80
10/01/2000,GTF,MT,ANM,WE,Towers with Radar,26,11,15,0,52,0,1,34,0,35,26,12,49,0,87,0,0,0,87
10/02/2000,GTF,MT,ANM,WE,Towers with Radar,23,25,18,25,91,0,8,20,26,54,23,33,38,51,145,22,30,52,197
10/03/2000,GTF,MT,ANM,WE,Towers with Radar,32,45,22,34,133,0,3,17,15,35,32,48,39,49,168,34,32,66,234
10/04/2000,GTF,MT,ANM,WE,Towers with Radar,28,42,16,8,94,0,2,5,6,13,28,44,21,14,107,12,8,20,127
10/05/2000,GTF,MT,ANM,WE,Towers with Radar,30,40,19,19,108,0,3,41,6,50,30,43,60,25,158,50,18,68,226
10/06/2000,GTF,MT,ANM,WE,Towers with Radar,28,34,17,10,89,0,8,41,1,50,28,42,58,11,139,38,10,48,187
10/07/2000,GTF,MT,ANM,WE,Towers with Radar,28,20,4,5,57,0,6,44,15,65,28,26,48,20,122,26,2,28,150
10/08/2000,GTF,MT,ANM,WE,Towers with Radar,25,5,5,0,35,0,3,44,0,47,25,8,49,0,82,28,0,28,110
10/09/2000,GTF,MT,ANM,WE,Towers with Radar,23,25,13,1,62,0,5,47,0,52,23,30,60,1,114,86,0,86,200
10/10/2000,GTF,MT,ANM,WE,Towers with Radar,29,47,13,17,106,0,1,42,11,54,29,48,55,28,160,52,26,78,238
10/11/2000,GTF,MT,ANM,WE,Towers with Radar,32,42,16,25,115,0,1,8,0,9,32,43,24,25,124,38,4,42,166
10/12/2000,GTF,MT,ANM,WE,Towers with Radar,34,43,7,41,125,0,1,1,0,2,34,44,8,41,127,0,18,18,145
10/13/2000,GTF,MT,ANM,WE,Towers with Radar,25,46,19,25,115,0,0,7,0,7,25,46,26,25,122,32,8,40,162
10/14/2000,GTF,MT,ANM,WE,Towers with Radar,27,23,10,11,71,0,0,72,40,112,27,23,82,51,183,84,26,110,293
10/15/2000,GTF,MT,ANM,WE,Towers with Radar,19,11,9,10,49,6,0,83,2,91,25,11,92,12,140,52,0,52,192
10/16/2000,GTF,MT,ANM,WE,Towers with Radar,27,30,8,19,84,0,4,21,30,55,27,34,29,49,139,0,28,28,167
10/17/2000,GTF,MT,ANM,WE,Towers with Radar,29,43,16,13,101,0,3,24,7,34,29,46,40,20,135,30,12,42,177
10/18/2000,GTF,MT,ANM,WE,Towers with Radar,29,44,10,8,91,0,5,17,4,26,29,49,27,12,117,0,4,4,121
10/19/2000,GTF,MT,ANM,WE,Towers with Radar,33,43,22,19,117,0,2,19,5,26,33,45,41,24,143,0,8,8,151
10/20/2000,GTF,MT,ANM,WE,Towers with Radar,29,43,16,12,100,0,6,31,25,62,29,49,47,37,162,32,36,68,230
10/21/2000,GTF,MT,ANM,WE,Towers with Radar,28,25,16,2,71,0,0,15,0,15,28,25,31,2,86,28,0,28,114
10/22/2000,GTF,MT,ANM,WE,Towers with Radar,24,8,7,0,39,0,4,37,0,41,24,12,44,0,80,24,0,24,104
10/23/2000,GTF,MT,ANM,WE,Towers with Radar,23,30,5,15,73,0,3,30,14,47,23,33,35,29,120,0,14,14,134
10/24/2000,GTF,MT,ANM,WE,Towers with Radar,33,48,20,20,121,0,6,34,4,44,33,54,54,24,165,14,18,32,197
10/25/2000,GTF,MT,ANM,WE,Towers with Radar,26,44,23,18,111,0,2,25,8,35,26,46,48,26,146,26,20,46,192
10/26/2000,GTF,MT,ANM,WE,Towers with Radar,33,46,10,14,103,0,2,39,1,42,33,48,49,15,145,36,6,42,187
10/27/2000,GTF,MT,ANM,WE,Towers with Radar,26,46,7,14,93,0,7,40,5,52,26,53,47,19,145,66,12,78,223
10/28/2000,GTF,MT,ANM,WE,Towers with Radar,28,20,10,16,74,0,2,48,11,61,28,22,58,27,135,52,12,64,199
10/29/2000,GTF,MT,ANM,WE,Towers with Radar,23,8,12,17,60,0,0,32,0,32,23,8,44,17,92,36,0,36,128
10/30/2000,GTF,MT,ANM,WE,Towers with Radar,25,31,12,13,81,0,0,0,0,0,25,31,12,13,81,0,0,0,81
10/31/2000,GTF,MT,ANM,WE,Towers with Radar,29,45,7,19,100,0,1,24,3,28,29,46,31,22,128,46,22,68,196
11/01/2000,GTF,MT,ANM,WE,Towers with Radar,27,45,9,11,92,0,1,2,0,3,27,46,11,11,95,0,0,0,95
11/02/2000,GTF,MT,ANM,WE,Towers with Radar,26,45,23,19,113,0,0,51,27,78,26,45,74,46,191,50,26,76,267
11/03/2000,GTF,MT,ANM,WE,Towers with Radar,27,37,9,25,98,0,9,16,4,29,27,46,25,29,127,2,4,6,133
11/04/2000,GTF,MT,ANM,WE,Towers with Radar,24,18,21,15,78,0,2,6,25,33,24,20,27,40,111,0,20,20,131
11/05/2000,GTF,MT,ANM,WE,Towers with Radar,24,11,12,9,56,1,1,0,0,2,25,12,12,9,58,0,0,0,58
11/06/2000,GTF,MT,ANM,WE,Towers with Radar,21,30,28,0,79,0,1,3,0,4,21,31,31,0,83,0,0,0,83
11/07/2000,GTF,MT,ANM,WE,Towers with Radar,26,42,36,11,115,0,5,31,16,52,26,47,67,27,167,20,26,46,213
11/08/2000,GTF,MT,ANM,WE,Towers with Radar,30,48,16,15,109,0,4,7,0,11,30,52,23,15,120,4,4,8,128
11/09/2000,GTF,MT,ANM,WE,Towers with Radar,28,47,17,2,94,0,1,0,0,1,28,48,17,2,95,0,0,0,95
11/10/2000,GTF,MT,ANM,WE,Towers with Radar,20,44,9,0,73,1,1,6,0,8,21,45,15,0,81,26,0,26,107
11/11/2000,GTF,MT,ANM,WE,Towers with Radar,21,18,16,0,55,1,1,18,0,20,22,19,34,0,75,4,0,4,79
11/12/2000,GTF,MT,ANM,WE,Towers with Radar,23,9,7,0,39,1,2,30,0,33,24,11,37,0,72,38,0,38,110
11/13/2000,GTF,MT,ANM,WE,Towers with Radar,25,28,17,12,82,1,4,25,8,38,26,32,42,20,120,32,12,44,164
11/14/2000,GTF,MT,ANM,WE,Towers with Radar,27,43,18,10,98,1,8,23,0,32,28,51,41,10,130,48,8,56,186
11/15/2000,GTF,MT,ANM,WE,Towers with Radar,33,47,17,5,102,1,0,3,0,4,34,47,20,5,106,48,72,120,226
11/16/2000,GTF,MT,ANM,WE,Towers with Radar,28,45,19,25,117,1,0,27,60,88,29,45,46,85,205,0,0,0,205
11/17/2000,GTF,MT,ANM,WE,Towers with Radar,22,43,8,19,92,1,1,25,4,31,23,44,33,23,123,50,10,60,183
11/18/2000,GTF,MT,ANM,WE,Towers with Radar,24,25,9,16,74,1,0,18,15,34,25,25,27,31,108,94,16,110,218
11/19/2000,GTF,MT,ANM,WE,Towers with Radar,21,6,18,12,57,1,2,82,4,89,22,8,100,16,146,208,16,224,370
11/20/2000,GTF,MT,ANM,WE,Towers with Radar,26,32,15,13,86,0,0,6,42,48,26,32,21,55,134,40,44,84,218
11/21/2000,GTF,MT,ANM,WE,Towers with Radar,29,43,10,20,102,1,3,21,2,27,30,46,31,22,129,80,16,96,225
11/22/2000,GTF,MT,ANM,WE,Towers with Radar,28,46,20,31,125,1,1,64,0,66,29,47,84,31,191,92,42,134,325
11/23/2000,GTF,MT,ANM,WE,Towers with Radar,14,11,3,0,28,1,1,18,0,20,15,12,21,0,48,4,0,4,52
11/24/2000,GTF,MT,ANM,WE,Towers with Radar,20,39,5,0,64,0,5,50,0,55,20,44,55,0,119,108,0,108,227
11/25/2000,GTF,MT,ANM,WE,Towers with Radar,25,20,1,2,48,0,1,28,0,29,25,21,29,2,77,30,0,30,107
11/26/2000,GTF,MT,ANM,WE,Towers with Radar,22,10,5,0,37,0,2,15,0,17,22,12,20,0,54,0,0,0,54
11/27/2000,GTF,MT,ANM,WE,Towers with Radar,23,31,6,24,84,0,5,12,36,53,23,36,18,60,137,8,42,50,187
11/28/2000,GTF,MT,ANM,WE,Towers with Radar,32,40,18,20,110,0,4,35,1,40,32,44,53,21,150,44,18,62,212
11/29/2000,GTF,MT,ANM,WE,Towers with Radar,28,50,15,17,110,0,5,7,19,31,28,55,22,36,141,10,16,26,167
11/30/2000,GTF,MT,ANM,WE,Towers with Radar,26,41,13,15,95,0,1,19,8,28,26,42,32,23,123,16,6,22,145
12/01/2000,GTF,MT,ANM,WE,Towers with Radar,27,50,20,7,104,1,7,37,3,48,28,57,57,10,152,46,14,60,212
12/02/2000,GTF,MT,ANM,WE,Towers with Radar,30,27,2,19,78,12,0,21,51,84,42,27,23,70,162,16,24,40,202
12/03/2000,GTF,MT,ANM,WE,Towers with Radar,19,6,2,6,33,1,0,47,9,57,20,6,49,15,90,86,4,90,180
12/04/2000,GTF,MT,ANM,WE,Towers with Radar,23,29,9,13,74,1,3,24,13,41,24,32,33,26,115,36,28,64,179
12/05/2000,GTF,MT,ANM,WE,Towers with Radar,28,53,9,16,106,0,1,38,3,42,28,54,47,19,148,34,26,60,208
12/06/2000,GTF,MT,ANM,WE,Towers with Radar,26,40,13,13,92,0,3,17,0,20,26,43,30,13,112,20,8,28,140
12/07/2000,GTF,MT,ANM,WE,Towers with Radar,32,46,3,44,125,0,3,11,4,18,32,49,14,48,143,20,36,56,199
12/08/2000,GTF,MT,ANM,WE,Towers with Radar,26,34,23,30,113,0,1,31,4,36,26,35,54,34,149,30,18,48,197
12/09/2000,GTF,MT,ANM,WE,Towers with Radar,24,23,10,1,58,0,0,2,0,2,24,23,12,1,60,4,0,4,64
12/10/2000,GTF,MT,ANM,WE,Towers with Radar,21,9,5,0,35,0,0,0,0,0,21,9,5,0,35,0,0,0,35
12/11/2000,GTF,MT,ANM,WE,Towers with Radar,24,37,11,14,86,0,2,0,18,20,24,39,11,32,106,0,16,16,122
12/12/2000,GTF,MT,ANM,WE,Towers with Radar,27,48,12,14,101,0,0,8,10,18,27,48,20,24,119,0,66,66,185
12/13/2000,GTF,MT,ANM,WE,Towers with Radar,30,47,10,9,96,0,2,5,8,15,30,49,15,17,111,22,8,30,141
12/14/2000,GTF,MT,ANM,WE,Towers with Radar,27,50,25,15,117,0,0,18,24,42,27,50,43,39,159,42,18,60,219
12/15/2000,GTF,MT,ANM,WE,Towers with Radar,32,47,5,0,84,0,0,0,0,0,32,47,5,0,84,0,0,0,84
12/16/2000,GTF,MT,ANM,WE,Towers with Radar,23,33,10,7,73,0,0,8,0,8,23,33,18,7,81,12,0,12,93
12/17/2000,GTF,MT,ANM,WE,Towers with Radar,27,5,8,21,61,0,0,18,0,18,27,5,26,21,79,40,14,54,133
12/18/2000,GTF,MT,ANM,WE,Towers with Radar,25,33,5,24,87,0,3,23,34,60,25,36,28,58,147,6,34,40,187
12/19/2000,GTF,MT,ANM,WE,Towers with Radar,31,64,10,20,125,0,3,14,4,21,31,67,24,24,146,56,12,68,214
12/20/2000,GTF,MT,ANM,WE,Towers with Radar,30,44,11,22,107,0,2,12,20,34,30,46,23,42,141,54,20,74,215
12/21/2000,GTF,MT,ANM,WE,Towers with Radar,30,45,31,17,123,0,2,22,0,24,30,47,53,17,147,24,4,28,175
12/22/2000,GTF,MT,ANM,WE,Towers with Radar,23,49,4,14,90,0,4,1,0,5,23,53,5,14,95,0,0,0,95
12/23/2000,GTF,MT,ANM,WE,Towers with Radar,22,40,8,0,70,0,0,26,0,26,22,40,34,0,96,44,0,44,140
12/24/2000,GTF,MT,ANM,WE,Towers with Radar,25,6,3,0,34,0,3,10,0,13,25,9,13,0,47,6,0,6,53
12/25/2000,GTF,MT,ANM,WE,Towers with Radar,17,12,1,0,30,0,0,11,0,11,17,12,12,0,41,22,0,22,63
12/26/2000,GTF,MT,ANM,WE,Towers with Radar,22,33,10,20,85,0,0,27,8,35,22,33,37,28,120,58,12,70,190
12/27/2000,GTF,MT,ANM,WE,Towers with Radar,31,40,2,13,86,0,3,26,38,67,31,43,28,51,153,60,36,96,249
12/28/2000,GTF,MT,ANM,WE,Towers with Radar,41,44,8,21,114,0,3,27,17,47,41,47,35,38,161,40,12,52,213
12/29/2000,GTF,MT,ANM,WE,Towers with Radar,24,42,8,8,82,0,3,28,0,31,24,45,36,8,113,42,0,42,155
12/30/2000,GTF,MT,ANM,WE,Towers with Radar,23,21,10,0,54,0,2,20,0,22,23,23,30,0,76,50,0,50,126
12/31/2000,GTF,MT,ANM,WE,Towers with Radar,21,5,11,0,37,0,0,60,0,60,21,5,71,0,97,52,0,52,149
01/01/2001,GTF,MT,ANM,WE,Towers with Radar,17,5,6,0,28,1,0,37,0,38,18,5,43,0,66,40,0,40,106
01/02/2001,GTF,MT,ANM,WE,Towers with Radar,23,33,7,2,65,0,3,23,2,28,23,36,30,4,93,22,4,26,119
01/03/2001,GTF,MT,ANM,WE,Towers with Radar,29,41,7,15,92,0,1,18,25,44,29,42,25,40,136,30,24,54,190
01/04/2001,GTF,MT,ANM,WE,Towers with Radar,26,44,13,17,100,0,4,19,13,36,26,48,32,30,136,12,14,26,162
01/05/2001,GTF,MT,ANM,WE,Towers with Radar,18,34,6,27,85,0,1,2,3,6,18,35,8,30,91,0,18,18,109
01/06/2001,GTF,MT,ANM,WE,Towers with Radar,30,25,4,12,71,0,1,29,43,73,30,26,33,55,144,36,18,54,198
01/07/2001,GTF,MT,ANM,WE,Towers with Radar,22,8,3,8,41,0,2,26,1,29,22,10,29,9,70,36,8,44,114
01/08/2001,GTF,MT,ANM,WE,Towers with Radar,24,28,8,14,74,0,4,11,11,26,24,32,19,25,100,16,10,26,126
01/09/2001,GTF,MT,ANM,WE,Towers with Radar,28,43,16,22,109,0,3,19,5,27,28,46,35,27,136,22,24,46,182
01/10/2001,GTF,MT,ANM,WE,Towers with Radar,24,44,10,18,96,0,1,16,10,27,24,45,26,28,123,10,10,20,143
01/11/2001,GTF,MT,ANM,WE,Towers with Radar,27,37,16,18,98,0,4,33,7,44,27,41,49,25,142,84,14,98,240
01/12/2001,GTF,MT,ANM,WE,Towers with Radar,27,40,8,3,78,0,0,5,1,6,27,40,13,4,84,14,0,14,98
01/13/2001,GTF,MT,ANM,WE,Towers with Radar,19,23,9,0,51,3,0,32,0,35,22,23,41,0,86,102,0,102,188
01/14/2001,GTF,MT,ANM,WE,Towers with Radar,24,9,8,0,41,0,1,46,0,47,24,10,54,0,88,92,0,92,180
01/15/2001,GTF,MT,ANM,WE,Towers with Radar,24,29,5,6,64,0,0,0,0,0,24,29,5,6,64,0,0,0,64
01/16/2001,GTF,MT,ANM,WE,Towers with Radar,30,43,15,2,90,0,2,16,3,21,30,45,31,5,111,66,2,68,179
01/17/2001,GTF,MT,ANM,WE,Towers with Radar,28,46,24,1,99,0,0,4,0,4,28,46,28,1,103,36,0,36,139
01/18/2001,GTF,MT,ANM,WE,Towers with Radar,30,53,9,5,97,0,0,31,2,33,30,53,40,7,130,78,6,84,214
01/19/2001,GTF,MT,ANM,WE,Towers with Radar,24,43,14,16,97,0,3,30,9,42,24,46,44,25,139,114,18,132,271
01/20/2001,GTF,MT,ANM,WE,Towers with Radar,24,21,12,4,61,0,0,25,0,25,24,21,37,4,86,50,0,50,136
01/21/2001,GTF,MT,ANM,WE,Towers with Radar,23,9,9,2,43,0,1,24,0,25,23,10,33,2,68,12,0,12,80
01/22/2001,GTF,MT,ANM,WE,Towers with Radar,21,24,15,6,66,0,3,19,11,33,21,27,34,17,99,48,28,76,175
01/23/2001,GTF,MT,ANM,WE,Towers with Radar,28,51,29,5,113,0,7,23,1,31,28,58,52,6,144,30,0,30,174
01/24/2001,GTF,MT,ANM,WE,Towers with Radar,28,56,23,9,116,0,5,42,0,47,28,61,65,9,163,76,6,82,245
01/25/2001,GTF,MT,ANM,WE,Towers with Radar,0,0,0,0,0,0,0,0,0,0,0,0,0,0,0,34,0,34,34
01/26/2001,GTF,MT,ANM,WE,Towers with Radar,26,38,16,0,80,0,2,19,0,21,26,40,35,0,101,52,0,52,153
01/27/2001,GTF,MT,ANM,WE,Towers with Radar,23,22,11,4,60,0,4,50,0,54,23,26,61,4,114,68,0,68,182
01/28/2001,GTF,MT,ANM,WE,Towers with Radar,25,11,3,3,42,0,0,15,0,15,25,11,18,3,57,16,0,16,73
01/29/2001,GTF,MT,ANM,WE,Towers with Radar,23,26,22,0,71,0,8,11,0,19,23,34,33,0,90,30,0,30,120
01/30/2001,GTF,MT,ANM,WE,Towers with Radar,29,45,14,2,90,0,3,11,0,14,29,48,25,2,104,32,2,34,138
01/31/2001,GTF,MT,ANM,WE,Towers with Radar,28,48,26,15,117,0,0,36,0,36,28,48,62,15,153,60,12,72,225
02/01/2001,GTF,MT,ANM,WE,Towers with Radar,30,39,26,5,100,1,2,32,0,35,31,41,58,5,135,44,6,50,185
02/02/2001,GTF,MT,ANM,WE,Towers with Radar,25,44,8,1,78,0,1,11,1,13,25,45,19,2,91,2,0,2,93
02/03/2001,GTF,MT,ANM,WE,Towers with Radar,22,22,13,3,60,0,2,11,0,13,22,24,24,3,73,32,0,32,105
02/04/2001,GTF,MT,ANM,WE,Towers with Radar,23,7,5,3,38,0,0,12,0,12,23,7,17,3,50,48,0,48,98
02/05/2001,GTF,MT,ANM,WE,Towers with Radar,23,30,10,5,68,0,1,11,9,21,23,31,21,14,89,26,36,62,151
02/06/2001,GTF,MT,ANM,WE,Towers with Radar,32,44,15,0,91,0,0,2,0,2,32,44,17,0,93,8,0,8,101
02/07/2001,GTF,MT,ANM,WE,Towers with Radar,29,43,20,0,92,0,0,0,0,0,29,43,20,0,92,10,0,10,102
02/08/2001,GTF,MT,ANM,WE,Towers with Radar,30,40,19,4,93,0,5,21,1,27,30,45,40,5,120,48,0,48,168
02/09/2001,GTF,MT,ANM,WE,Towers with Radar,23,46,9,2,80,0,1,28,0,29,23,47,37,2,109,40,0,40,149
02/10/2001,GTF,MT,ANM,WE,Towers with Radar,23,23,8,0,54,0,2,28,2,32,23,25,36,2,86,26,0,26,112
02/11/2001,GTF,MT,ANM,WE,Towers with Radar,25,9,9,1,44,0,0,5,1,6,25,9,14,2,50,12,0,12,62
02/12/2001,GTF,MT,ANM,WE,Towers with Radar,25,26,14,7,72,0,4,21,0,25,25,30,35,7,97,34,4,38,135
02/13/2001,GTF,MT,ANM,WE,Towers with Radar,26,57,10,5,98,0,2,3,0,5,26,59,13,5,103,10,2,12,115
02/14/2001,GTF,MT,ANM,WE,Towers with Radar,33,40,3,3,79,0,3,19,0,22,33,43,22,3,101,0,0,0,101
02/15/2001,GTF,MT,ANM,WE,Towers with Radar,26,46,3,0,75,0,0,1,0,1,26,46,4,0,76,4,0,4,80
02/16/2001,GTF,MT,ANM,WE,Towers with Radar,25,43,12,0,80,0,1,5,0,6,25,44,17,0,86,42,0,42,128
02/17/2001,GTF,MT,ANM,WE,Towers with Radar,22,19,30,1,72,0,0,40,0,40,22,19,70,1,112,0,0,0,112
02/18/2001,GTF,MT,ANM,WE,Towers with Radar,22,5,3,0,30,0,0,8,0,8,22,5,11,0,38,0,0,0,38
02/19/2001,GTF,MT,ANM,WE,Towers with Radar,24,27,16,0,67,0,0,0,0,0,24,27,16,0,67,0,0,0,67
02/20/2001,GTF,MT,ANM,WE,Towers with Radar,30,46,10,10,96,0,1,14,2,17,30,47,24,12,113,62,8,70,183
02/21/2001,GTF,MT,ANM,WE,Towers with Radar,30,42,17,3,92,0,0,39,0,39,30,42,56,3,131,38,2,40,171
02/22/2001,GTF,MT,ANM,WE,Towers with Radar,28,48,27,5,108,0,3,31,0,34,28,51,58,5,142,84,4,88,230
02/23/2001,GTF,MT,ANM,WE,Towers with Radar,19,40,8,18,85,0,2,40,4,46,19,42,48,22,131,86,14,100,231
02/24/2001,GTF,MT,ANM,WE,Towers with Radar,23,25,9,4,61,0,0,0,0,0,23,25,9,4,61,0,0,0,61
02/25/2001,GTF,MT,ANM,WE,Towers with Radar,23,9,3,0,35,0,0,0,0,0,23,9,3,0,35,0,0,0,35
02/26/2001,GTF,MT,ANM,WE,Towers with Radar,22,28,6,3,59,0,1,8,2,11,22,29,14,5,70,28,2,30,100
02/27/2001,GTF,MT,ANM,WE,Towers with Radar,27,41,21,6,95,0,4,30,2,36,27,45,51,8,131,38,2,40,171
02/28/2001,GTF,MT,ANM,WE,Towers with Radar,23,41,10,8,82,0,4,17,0,21,23,45,27,8,103,2,22,24,127
03/01/2001,GTF,MT,ANM,WE,Towers with Radar,19,44,13,9,85,1,2,39,29,71,20,46,52,38,156,22,16,38,194
03/02/2001,GTF,MT,ANM,WE,Towers with Radar,26,50,10,9,95,1,5,16,10,32,27,55,26,19,127,12,22,34,161
03/03/2001,GTF,MT,ANM,WE,Towers with Radar,21,20,11,7,59,1,0,40,36,77,22,20,51,43,136,40,28,68,204
03/04/2001,GTF,MT,ANM,WE,Towers with Radar,21,11,5,6,43,0,3,59,0,62,21,14,64,6,105,100,0,100,205
03/05/2001,GTF,MT,ANM,WE,Towers with Radar,24,32,4,11,71,0,1,17,12,30,24,33,21,23,101,100,10,110,211
03/06/2001,GTF,MT,ANM,WE,Towers with Radar,29,47,3,8,87,0,0,28,4,32,29,47,31,12,119,14,16,30,149
03/07/2001,GTF,MT,ANM,WE,Towers with Radar,28,41,9,12,90,0,1,43,18,62,28,42,52,30,152,52,24,76,228
03/08/2001,GTF,MT,ANM,WE,Towers with Radar,28,47,11,11,97,0,5,48,30,83,28,52,59,41,180,78,20,98,278
03/09/2001,GTF,MT,ANM,WE,Towers with Radar,25,43,6,5,79,0,0,1,0,1,25,43,7,5,80,0,0,0,80
03/10/2001,GTF,MT,ANM,WE,Towers with Radar,22,20,13,0,55,0,0,56,0,56,22,20,69,0,111,124,0,124,235
03/11/2001,GTF,MT,ANM,WE,Towers with Radar,23,8,8,0,39,0,0,32,0,32,23,8,40,0,71,12,0,12,83
03/12/2001,GTF,MT,ANM,WE,Towers with Radar,26,32,14,7,79,1,0,8,15,24,27,32,22,22,103,26,4,30,133
03/13/2001,GTF,MT,ANM,WE,Towers with Radar,29,47,13,10,99,0,4,13,2,19,29,51,26,12,118,44,32,76,194
03/14/2001,GTF,MT,ANM,WE,Towers with Radar,30,53,16,0,99,0,0,1,0,1,30,53,17,0,100,8,0,8,108
03/15/2001,GTF,MT,ANM,WE,Towers with Radar,30,41,15,4,90,0,2,40,30,72,30,43,55,34,162,60,18,78,240
03/16/2001,GTF,MT,ANM,WE,Towers with Radar,23,40,8,9,80,0,2,55,5,62,23,42,63,14,142,76,14,90,232
03/17/2001,GTF,MT,ANM,WE,Towers with Radar,22,22,8,12,64,0,0,47,23,70,22,22,55,35,134,116,10,126,260
03/18/2001,GTF,MT,ANM,WE,Towers with Radar,23,6,4,5,38,0,0,74,10,84,23,6,78,15,122,108,6,114,236
03/19/2001,GTF,MT,ANM,WE,Towers with Radar,25,27,3,8,63,0,2,7,16,25,25,29,10,24,88,0,16,16,104
03/20/2001,GTF,MT,ANM,WE,Towers with Radar,28,40,9,17,94,0,4,20,2,26,28,44,29,19,120,2,8,10,130
03/21/2001,GTF,MT,ANM,WE,Towers with Radar,27,40,20,11,98,0,2,30,10,42,27,42,50,21,140,28,12,40,180
03/22/2001,GTF,MT,ANM,WE,Towers with Radar,29,38,23,8,98,2,2,18,0,22,31,40,41,8,120,18,6,24,144
03/23/2001,GTF,MT,ANM,WE,Towers with Radar,25,42,16,2,85,0,0,0,0,0,25,42,16,2,85,0,0,0,85
03/24/2001,GTF,MT,ANM,WE,Towers with Radar,22,31,16,4,73,0,0,3,2,5,22,31,19,6,78,0,10,10,88
03/25/2001,GTF,MT,ANM,WE,Towers with Radar,23,8,28,1,60,0,0,41,2,43,23,8,69,3,103,40,0,40,143
03/26/2001,GTF,MT,ANM,WE,Towers with Radar,23,30,22,14,89,0,0,15,37,52,23,30,37,51,141,10,24,34,175
03/27/2001,GTF,MT,ANM,WE,Towers with Radar,34,46,26,14,120,0,3,21,3,27,34,49,47,17,147,6,6,12,159
03/28/2001,GTF,MT,ANM,WE,Towers with Radar,30,40,17,11,98,0,3,19,8,30,30,43,36,19,128,16,22,38,166
03/29/2001,GTF,MT,ANM,WE,Towers with Radar,29,44,14,14,101,0,2,37,25,64,29,46,51,39,165,20,16,36,201
03/30/2001,GTF,MT,ANM,WE,Towers with Radar,24,37,12,8,81,0,17,0,0,17,24,54,12,8,98,2,8,10,108
03/31/2001,GTF,MT,ANM,WE,Towers with Radar,22,18,28,1,69,0,1,36,0,37,22,19,64,1,106,62,0,62,168
04/01/2001,GTF,MT,ANM,WE,Towers with Radar,24,10,6,2,42,0,0,27,0,27,24,10,33,2,69,34,0,34,103
04/02/2001,GTF,MT,ANM,WE,Towers with Radar,24,34,10,11,79,0,1,7,8,16,24,35,17,19,95,2,10,12,107
04/03/2001,GTF,MT,ANM,WE,Towers with Radar,27,49,5,4,85,0,0,7,1,8,27,49,12,5,93,4,14,18,111
04/04/2001,GTF,MT,ANM,WE,Towers with Radar,28,45,26,5,104,0,0,25,8,33,28,45,51,13,137,38,6,44,181
04/05/2001,GTF,MT,ANM,WE,Towers with Radar,29,41,11,5,86,0,5,54,6,65,29,46,65,11,151,48,6,54,205
04/06/2001,GTF,MT,ANM,WE,Towers with Radar,23,36,4,23,86,0,9,45,15,69,23,45,49,38,155,110,42,152,307
04/07/2001,GTF,MT,ANM,WE,Towers with Radar,24,20,6,18,68,0,5,74,20,99,24,25,80,38,167,136,12,148,315
04/08/2001,GTF,MT,ANM,WE,Towers with Radar,22,11,8,6,47,0,0,21,0,21,22,11,29,6,68,32,0,32,100
04/09/2001,GTF,MT,ANM,WE,Towers with Radar,26,34,8,6,74,0,0,25,0,25,26,34,33,6,99,36,2,38,137
04/10/2001,GTF,MT,ANM,WE,Towers with Radar,31,63,17,14,125,0,0,24,0,24,31,63,41,14,149,12,0,12,161
04/11/2001,GTF,MT,ANM,WE,Towers with Radar,32,45,19,12,108,0,0,5,0,5,32,45,24,12,113,0,0,0,113
04/12/2001,GTF,MT,ANM,WE,Towers with Radar,27,47,13,16,103,0,0,10,0,10,27,47,23,16,113,4,4,8,121
04/13/2001,GTF,MT,ANM,WE,Towers with Radar,26,41,6,12,85,0,2,25,1,28,26,43,31,13,113,0,8,8,121
04/14/2001,GTF,MT,ANM,WE,Towers with Radar,21,19,7,0,47,0,0,26,0,26,21,19,33,0,73,22,0,22,95
04/15/2001,GTF,MT,ANM,WE,Towers with Radar,23,9,4,2,38,0,0,22,0,22,23,9,26,2,60,8,0,8,68
04/16/2001,GTF,MT,ANM,WE,Towers with Radar,22,25,11,10,68,0,4,31,13,48,22,29,42,23,116,56,14,70,186
04/17/2001,GTF,MT,ANM,WE,Towers with Radar,30,40,13,10,93,0,2,44,3,49,30,42,57,13,142,74,8,82,224
04/18/2001,GTF,MT,ANM,WE,Towers with Radar,28,41,19,8,96,0,4,58,52,114,28,45,77,60,210,116,42,158,368
04/19/2001,GTF,MT,ANM,WE,Towers with Radar,29,39,14,26,108,0,1,13,23,37,29,40,27,49,145,30,42,72,217
04/20/2001,GTF,MT,ANM,WE,Towers with Radar,24,45,19,9,97,0,0,4,9,13,24,45,23,18,110,0,8,8,118
04/21/2001,GTF,MT,ANM,WE,Towers with Radar,22,17,11,2,52,0,0,1,0,1,22,17,12,2,53,0,0,0,53
04/22/2001,GTF,MT,ANM,WE,Towers with Radar,22,6,2,2,32,0,2,65,0,67,22,8,67,2,99,68,0,68,167
04/23/2001,GTF,MT,ANM,WE,Towers with Radar,24,25,16,17,82,0,3,12,28,43,24,28,28,45,125,36,24,60,185
04/24/2001,GTF,MT,ANM,WE,Towers with Radar,27,41,14,15,97,0,2,58,7,67,27,43,72,22,164,98,14,112,276
04/25/2001,GTF,MT,ANM,WE,Towers with Radar,26,39,7,20,92,0,4,40,7,51,26,43,47,27,143,68,22,90,233
04/26/2001,GTF,MT,ANM,WE,Towers with Radar,30,42,6,14,92,0,6,106,10,122,30,48,112,24,214,160,10,170,384
04/27/2001,GTF,MT,ANM,WE,Towers with Radar,27,39,15,12,93,0,2,48,2,52,27,41,63,14,145,118,4,122,267
04/28/2001,GTF,MT,ANM,WE,Towers with Radar,22,23,7,2,54,0,4,29,0,33,22,27,36,2,87,6,0,6,93
04/29/2001,GTF,MT,ANM,WE,Towers with Radar,22,8,8,0,38,0,0,25,0,25,22,8,33,0,63,4,0,4,67
04/30/2001,GTF,MT,ANM,WE,Towers with Radar,25,33,10,7,75,0,0,9,26,35,25,33,19,33,110,8,22,30,140
05/01/2001,GTF,MT,ANM,WE,Towers with Radar,32,46,4,19,101,0,4,12,12,28,32,50,16,31,129,26,18,44,173
05/02/2001,GTF,MT,ANM,WE,Towers with Radar,32,51,20,15,118,0,0,37,15,52,32,51,57,30,170,74,26,100,270
05/03/2001,GTF,MT,ANM,WE,Towers with Radar,29,50,2,16,97,0,2,48,3,53,29,52,50,19,150,134,22,156,306
05/04/2001,GTF,MT,ANM,WE,Towers with Radar,30,39,7,13,89,0,5,43,10,58,30,44,50,23,147,128,10,138,285
05/05/2001,GTF,MT,ANM,WE,Towers with Radar,24,24,8,21,77,0,0,14,31,45,24,24,22,52,122,30,26,56,178
05/06/2001,GTF,MT,ANM,WE,Towers with Radar,26,7,14,10,57,0,0,42,17,59,26,7,56,27,116,40,8,48,164
05/07/2001,GTF,MT,ANM,WE,Towers with Radar,25,25,15,6,71,0,2,51,8,61,25,27,66,14,132,80,26,106,238
05/08/2001,GTF,MT,ANM,WE,Towers with Radar,34,43,18,11,106,0,1,34,6,41,34,44,52,17,147,76,8,84,231
05/09/2001,GTF,MT,ANM,WE,Towers with Radar,30,41,5,6,82,0,2,50,0,52,30,43,55,6,134,126,0,126,260
05/10/2001,GTF,MT,ANM,WE,Towers with Radar,29,46,7,8,90,0,2,50,12,64,29,48,57,20,154,32,14,46,200
05/11/2001,GTF,MT,ANM,WE,Towers with Radar,24,34,21,3,82,0,3,59,1,63,24,37,80,4,145,90,0,90,235
05/12/2001,GTF,MT,ANM,WE,Towers with Radar,26,20,7,4,57,0,5,84,1,90,26,25,91,5,147,90,0,90,237
05/13/2001,GTF,MT,ANM,WE,Towers with Radar,28,11,8,1,48,0,1,47,0,48,28,12,55,1,96,92,0,92,188
05/14/2001,GTF,MT,ANM,WE,Towers with Radar,28,25,19,0,72,0,2,26,0,28,28,27,45,0,100,28,0,28,128
05/15/2001,GTF,MT,ANM,WE,Towers with Radar,30,41,23,17,111,0,2,39,7,48,30,43,62,24,159,32,18,50,209
05/16/2001,GTF,MT,ANM,WE,Towers with Radar,30,38,8,7,83,0,2,26,1,29,30,40,34,8,112,34,4,38,150
05/17/2001,GTF,MT,ANM,WE,Towers with Radar,29,43,13,9,94,0,5,58,17,80,29,48,71,26,174,66,18,84,258
05/18/2001,GTF,MT,ANM,WE,Towers with Radar,26,39,23,24,112,0,1,29,32,62,26,40,52,56,174,20,36,56,230
05/19/2001,GTF,MT,ANM,WE,Towers with Radar,25,16,8,15,64,2,4,17,8,31,27,20,25,23,95,8,10,18,113
05/20/2001,GTF,MT,ANM,WE,Towers with Radar,23,12,9,10,54,0,0,25,22,47,23,12,34,32,101,24,14,38,139
05/21/2001,GTF,MT,ANM,WE,Towers with Radar,30,25,10,21,86,0,0,59,44,103,30,25,69,65,189,70,36,106,295
05/22/2001,GTF,MT,ANM,WE,Towers with Radar,32,41,8,19,100,0,2,50,17,69,32,43,58,36,169,98,22,120,289
05/23/2001,GTF,MT,ANM,WE,Towers with Radar,30,41,8,35,114,0,5,50,29,84,30,46,58,64,198,32,46,78,276
05/24/2001,GTF,MT,ANM,WE,Towers with Radar,30,45,8,33,116,0,3,53,24,80,30,48,61,57,196,44,36,80,276
05/25/2001,GTF,MT,ANM,WE,Towers with Radar,25,37,8,7,77,0,3,62,1,66,25,40,70,8,143,128,6,134,277
05/26/2001,GTF,MT,ANM,WE,Towers with Radar,26,24,6,2,58,0,0,67,0,67,26,24,73,2,125,58,0,58,183
05/27/2001,GTF,MT,ANM,WE,Towers with Radar,23,3,3,2,31,0,2,29,0,31,23,5,32,2,62,52,0,52,114
05/28/2001,GTF,MT,ANM,WE,Towers with Radar,22,6,7,0,35,0,0,23,4,27,22,6,30,4,62,6,0,6,68
05/29/2001,GTF,MT,ANM,WE,Towers with Radar,30,32,10,4,76,0,5,20,10,35,30,37,30,14,111,12,26,38,149
05/30/2001,GTF,MT,ANM,WE,Towers with Radar,30,40,4,21,95,0,0,34,6,40,30,40,38,27,135,50,10,60,195
05/31/2001,GTF,MT,ANM,WE,Towers with Radar,25,39,17,14,95,0,2,57,20,79,25,41,74,34,174,18,14,32,206
06/01/2001,GTF,MT,ANM,WE,Towers with Radar,25,38,8,27,98,0,3,51,10,64,25,41,59,37,162,100,34,134,296
06/02/2001,GTF,MT,ANM,WE,Towers with Radar,25,19,13,28,85,0,0,32,18,50,25,19,45,46,135,32,12,44,179
06/03/2001,GTF,MT,ANM,WE,Towers with Radar,21,10,17,11,59,0,0,9,9,18,21,10,26,20,77,8,8,16,93
06/04/2001,GTF,MT,ANM,WE,Towers with Radar,27,30,13,22,92,0,1,32,41,74,27,31,45,63,166,36,38,74,240
06/05/2001,GTF,MT,ANM,WE,Towers with Radar,28,41,14,16,99,0,2,28,7,37,28,43,42,23,136,72,10,82,218
06/06/2001,GTF,MT,ANM,WE,Towers with Radar,28,45,11,20,104,0,3,20,3,26,28,48,31,23,130,18,12,30,160
06/07/2001,GTF,MT,ANM,WE,Towers with Radar,28,41,11,20,100,0,2,38,26,66,28,43,49,46,166,26,14,40,206
06/08/2001,GTF,MT,ANM,WE,Towers with Radar,24,37,9,0,70,0,2,60,0,62,24,39,69,0,132,104,0,104,236
06/09/2001,GTF,MT,ANM,WE,Towers with Radar,20,22,10,4,56,0,0,32,4,36,20,22,42,8,92,24,2,26,118
06/10/2001,GTF,MT,ANM,WE,Towers with Radar,25,9,8,3,45,0,0,40,16,56,25,9,48,19,101,42,12,54,155
06/11/2001,GTF,MT,ANM,WE,Towers with Radar,24,26,11,9,70,0,3,19,3,25,24,29,30,12,95,6,20,26,121
06/12/2001,GTF,MT,ANM,WE,Towers with Radar,29,40,17,20,106,0,0,12,0,12,29,40,29,20,118,32,4,36,154
06/13/2001,GTF,MT,ANM,WE,Towers with Radar,31,41,36,20,128,0,0,19,23,42,31,41,55,43,170,64,18,82,252
06/14/2001,GTF,MT,ANM,WE,Towers with Radar,26,39,14,22,101,0,3,45,16,64,26,42,59,38,165,56,34,90,255
06/15/2001,GTF,MT,ANM,WE,Towers with Radar,25,38,9,26,98,0,3,28,49,80,25,41,37,75,178,6,32,38,216
06/16/2001,GTF,MT,ANM,WE,Towers with Radar,22,22,5,13,62,0,4,76,2,82,22,26,81,15,144,122,6,128,272
06/17/2001,GTF,MT,ANM,WE,Towers with Radar,23,10,7,2,42,0,0,49,16,65,23,10,56,18,107,30,16,46,153
06/18/2001,GTF,MT,ANM,WE,Towers with Radar,21,33,23,24,101,0,0,24,10,34,21,33,47,34,135,34,36,70,205
06/19/2001,GTF,MT,ANM,WE,Towers with Radar,27,41,20,27,115,0,1,66,4,71,27,42,86,31,186,52,22,74,260
06/20/2001,GTF,MT,ANM,WE,Towers with Radar,33,36,23,37,129,0,5,44,0,49,33,41,67,37,178,36,40,76,254
06/21/2001,GTF,MT,ANM,WE,Towers with Radar,26,34,14,15,89,0,5,39,14,58,26,39,53,29,147,22,18,40,187
06/22/2001,GTF,MT,ANM,WE,Towers with Radar,24,39,22,0,85,0,3,37,0,40,24,42,59,0,125,30,0,30,155
06/23/2001,GTF,MT,ANM,WE,Towers with Radar,25,21,5,0,51,0,1,51,1,53,25,22,56,1,104,50,0,50,154
06/24/2001,GTF,MT,ANM,WE,Towers with Radar,24,9,10,0,43,0,0,49,0,49,24,9,59,0,92,58,2,60,152
06/25/2001,GTF,MT,ANM,WE,Towers with Radar,21,32,12,12,77,0,4,35,12,51,21,36,47,24,128,68,16,84,212
06/26/2001,GTF,MT,ANM,WE,Towers with Radar,30,38,19,12,99,0,0,50,2,52,30,38,69,14,151,118,6,124,275
06/27/2001,GTF,MT,ANM,WE,Towers with Radar,31,42,27,21,121,0,5,35,45,85,31,47,62,66,206,98,34,132,338
06/28/2001,GTF,MT,ANM,WE,Towers with Radar,27,37,25,16,105,0,3,70,36,109,27,40,95,52,214,64,30,94,308
06/29/2001,GTF,MT,ANM,WE,Towers with Radar,26,36,27,18,107,0,2,66,36,104,26,38,93,54,211,50,28,78,289
06/30/2001,GTF,MT,ANM,WE,Towers with Radar,22,17,25,1,65,0,1,53,0,54,22,18,78,1,119,86,0,86,205
07/01/2001,GTF,MT,ANM,WE,Towers with Radar,20,9,4,4,37,1,3,60,0,64,21,12,64,4,101,32,0,32,133
07/02/2001,GTF,MT,ANM,WE,Towers with Radar,23,27,19,9,78,2,5,53,13,73,25,32,72,22,151,72,34,106,257
07/03/2001,GTF,MT,ANM,WE,Towers with Radar,22,40,7,14,83,0,4,67,1,72,22,44,74,15,155,124,8,132,287
07/04/2001,GTF,MT,ANM,WE,Towers with Radar,21,6,3,2,32,0,1,40,0,41,21,7,43,2,73,122,0,122,195
07/05/2001,GTF,MT,ANM,WE,Towers with Radar,28,41,7,5,81,0,3,52,0,55,28,44,59,5,136,60,2,62,198
07/06/2001,GTF,MT,ANM,WE,Towers with Radar,20,36,13,16,85,0,5,85,5,95,20,41,98,21,180,106,22,128,308
07/07/2001,GTF,MT,ANM,WE,Towers with Radar,24,19,7,2,52,1,4,64,0,69,25,23,71,2,121,56,0,56,177
07/08/2001,GTF,MT,ANM,WE,Towers with Radar,20,5,11,2,38,0,1,25,0,26,20,6,36,2,64,64,8,72,136
07/09/2001,GTF,MT,ANM,WE,Towers with Radar,19,25,8,5,57,0,3,38,0,41,19,28,46,5,98,62,6,68,166
07/10/2001,GTF,MT,ANM,WE,Towers with Radar,28,38,13,32,111,1,0,31,6,38,29,38,44,38,149,28,26,54,203
07/11/2001,GTF,MT,ANM,WE,Towers with Radar,26,40,18,44,128,1,7,55,3,66,27,47,73,47,194,20,18,38,232
07/12/2001,GTF,MT,ANM,WE,Towers with Radar,26,38,8,39,111,1,6,41,5,53,27,44,49,44,164,18,18,36,200
07/13/2001,GTF,MT,ANM,WE,Towers with Radar,21,41,22,31,115,1,3,73,48,125,22,44,95,79,240,46,26,72,312
07/14/2001,GTF,MT,ANM,WE,Towers with Radar,22,23,15,9,69,1,1,51,0,53,23,24,66,9,122,50,2,52,174
07/15/2001,GTF,MT,ANM,WE,Towers with Radar,16,7,15,6,44,1,1,58,0,60,17,8,73,6,104,46,0,46,150
07/16/2001,GTF,MT,ANM,WE,Towers with Radar,18,27,13,6,64,1,2,42,2,47,19,29,55,8,111,46,4,50,161
07/17/2001,GTF,MT,ANM,WE,Towers with Radar,27,40,11,57,135,1,4,40,28,73,28,44,51,85,208,38,82,120,328
07/18/2001,GTF,MT,ANM,WE,Towers with Radar,30,37,25,49,141,0,0,39,42,81,30,37,64,91,222,8,46,54,276
07/19/2001,GTF,MT,ANM,WE,Towers with Radar,26,41,11,46,124,1,2,45,35,83,27,43,56,81,207,20,24,44,251
07/20/2001,GTF,MT,ANM,WE,Towers with Radar,21,36,27,50,134,1,8,45,38,92,22,44,72,88,226,42,36,78,304
07/21/2001,GTF,MT,ANM,WE,Towers with Radar,25,26,19,9,79,1,1,55,1,58,26,27,74,10,137,18,0,18,155
07/22/2001,GTF,MT,ANM,WE,Towers with Radar,21,7,17,9,54,0,1,121,5,127,21,8,138,14,181,116,6,122,303
07/23/2001,GTF,MT,ANM,WE,Towers with Radar,21,23,21,69,134,0,5,66,44,115,21,28,87,113,249,70,32,102,351
07/24/2001,GTF,MT,ANM,WE,Towers with Radar,23,35,17,63,138,0,17,56,11,84,23,52,73,74,222,64,42,106,328
07/25/2001,GTF,MT,ANM,WE,Towers with Radar,33,35,26,84,178,0,3,43,30,76,33,38,69,114,254,32,48,80,334
07/26/2001,GTF,MT,ANM,WE,Towers with Radar,25,44,18,52,139,0,4,81,40,125,25,48,99,92,264,108,28,136,400
07/27/2001,GTF,MT,ANM,WE,Towers with Radar,25,36,23,19,103,0,9,58,5,72,25,45,81,24,175,66,18,84,259
07/28/2001,GTF,MT,ANM,WE,Towers with Radar,25,22,9,3,59,0,5,34,0,39,25,27,43,3,98,14,0,14,112
07/29/2001,GTF,MT,ANM,WE,Towers with Radar,21,9,16,3,49,0,2,42,0,44,21,11,58,3,93,12,0,12,105
07/30/2001,GTF,MT,ANM,WE,Towers with Radar,24,25,10,24,83,0,4,62,12,78,24,29,72,36,161,150,4,154,315
07/31/2001,GTF,MT,ANM,WE,Towers with Radar,24,46,13,25,108,0,3,24,0,27,24,49,37,25,135,28,2,30,165
08/01/2001,GTF,MT,ANM,WE,Towers with Radar,25,45,10,33,113,1,1,65,28,95,26,46,75,61,208,104,24,128,336
08/02/2001,GTF,MT,ANM,WE,Towers with Radar,24,37,17,22,100,1,6,65,24,96,25,43,82,46,196,168,16,184,380
08/03/2001,GTF,MT,ANM,WE,Towers with Radar,23,42,10,9,84,1,0,41,3,45,24,42,51,12,129,20,12,32,161
08/04/2001,GTF,MT,ANM,WE,Towers with Radar,27,20,12,2,61,1,1,54,0,56,28,21,66,2,117,56,0,56,173
08/05/2001,GTF,MT,ANM,WE,Towers with Radar,26,7,20,0,53,1,0,61,0,62,27,7,81,0,115,56,0,56,171
08/06/2001,GTF,MT,ANM,WE,Towers with Radar,19,28,13,2,62,1,10,58,4,73,20,38,71,6,135,42,34,76,211
08/07/2001,GTF,MT,ANM,WE,Towers with Radar,23,37,10,33,103,1,2,69,8,80,24,39,79,41,183,60,36,96,279
08/08/2001,GTF,MT,ANM,WE,Towers with Radar,26,41,20,36,123,1,0,50,10,61,27,41,70,46,184,70,26,96,280
08/09/2001,GTF,MT,ANM,WE,Towers with Radar,24,40,12,37,113,1,2,53,11,67,25,42,65,48,180,48,20,68,248
08/10/2001,GTF,MT,ANM,WE,Towers with Radar,26,37,10,28,101,0,2,48,29,79,26,39,58,57,180,50,24,74,254
08/11/2001,GTF,MT,ANM,WE,Towers with Radar,24,18,16,18,76,0,6,69,2,77,24,24,85,20,153,56,2,58,211
08/12/2001,GTF,MT,ANM,WE,Towers with Radar,21,12,10,14,57,0,0,50,10,60,21,12,60,24,117,30,10,40,157
08/13/2001,GTF,MT,ANM,WE,Towers with Radar,22,24,15,18,79,0,6,46,1,53,22,30,61,19,132,90,10,100,232
08/14/2001,GTF,MT,ANM,WE,Towers with Radar,27,43,18,19,107,0,6,59,7,72,27,49,77,26,179,82,8,90,269
08/15/2001,GTF,MT,ANM,WE,Towers with Radar,19,32,14,19,84,0,11,70,7,88,19,43,84,26,172,130,16,146,318
08/16/2001,GTF,MT,ANM,WE,Towers with Radar,29,39,11,17,96,0,3,67,9,79,29,42,78,26,175,74,16,90,265
08/17/2001,GTF,MT,ANM,WE,Towers with Radar,22,38,19,15,94,0,3,72,3,78,22,41,91,18,172,60,2,62,234
08/18/2001,GTF,MT,ANM,WE,Towers with Radar,24,20,14,1,59,0,2,44,1,47,24,22,58,2,106,28,2,30,136
08/19/2001,GTF,MT,ANM,WE,Towers with Radar,20,7,21,4,52,0,3,49,1,53,20,10,70,5,105,48,0,48,153
08/20/2001,GTF,MT,ANM,WE,Towers with Radar,19,22,9,10,60,0,3,53,4,60,19,25,62,14,120,86,2,88,208
08/21/2001,GTF,MT,ANM,WE,Towers with Radar,25,42,12,30,109,0,3,51,7,61,25,45,63,37,170,24,26,50,220
08/22/2001,GTF,MT,ANM,WE,Towers with Radar,24,36,16,21,97,0,1,65,42,108,24,37,81,63,205,106,38,144,349
08/23/2001,GTF,MT,ANM,WE,Towers with Radar,27,40,17,20,104,0,1,56,9,66,27,41,73,29,170,132,10,142,312
08/24/2001,GTF,MT,ANM,WE,Towers with Radar,29,42,10,30,111,0,0,36,40,76,29,42,46,70,187,14,44,58,245
08/25/2001,GTF,MT,ANM,WE,Towers with Radar,25,19,21,20,85,0,2,59,10,71,25,21,80,30,156,74,6,80,236
08/26/2001,GTF,MT,ANM,WE,Towers with Radar,19,10,8,19,56,0,1,51,0,52,19,11,59,19,108,0,8,8,116
08/27/2001,GTF,MT,ANM,WE,Towers with Radar,19,33,10,23,85,0,7,55,31,93,19,40,65,54,178,32,38,70,248
08/28/2001,GTF,MT,ANM,WE,Towers with Radar,28,46,11,14,99,0,2,37,4,43,28,48,48,18,142,6,4,10,152
08/29/2001,GTF,MT,ANM,WE,Towers with Radar,22,47,15,33,117,0,4,58,11,73,22,51,73,44,190,34,26,60,250
08/30/2001,GTF,MT,ANM,WE,Towers with Radar,27,47,18,21,113,0,6,47,5,58,27,53,65,26,171,46,0,46,217
08/31/2001,GTF,MT,ANM,WE,Towers with Radar,22,39,11,0,72,0,7,45,0,52,22,46,56,0,124,32,0,32,156
09/01/2001,GTF,MT,ANM,WE,Towers with Radar,23,17,9,2,51,1,5,21,0,27,24,22,30,2,78,0,0,0,78
09/02/2001,GTF,MT,ANM,WE,Towers with Radar,27,6,7,0,40,0,1,49,0,50,27,7,56,0,90,44,0,44,134
09/03/2001,GTF,MT,ANM,WE,Towers with Radar,20,14,3,0,37,0,2,57,0,59,20,16,60,0,96,14,0,14,110
09/04/2001,GTF,MT,ANM,WE,Towers with Radar,24,40,9,6,79,1,10,54,2,67,25,50,63,8,146,26,6,32,178
09/05/2001,GTF,MT,ANM,WE,Towers with Radar,27,48,8,16,99,0,1,38,0,39,27,49,46,16,138,18,8,26,164
09/06/2001,GTF,MT,ANM,WE,Towers with Radar,31,52,32,18,133,0,1,20,2,23,31,53,52,20,156,18,18,36,192
09/07/2001,GTF,MT,ANM,WE,Towers with Radar,22,57,17,17,113,0,6,12,9,27,22,63,29,26,140,4,4,8,148
09/08/2001,GTF,MT,ANM,WE,Towers with Radar,27,19,12,59,117,0,5,54,21,80,27,24,66,80,197,14,0,14,211
09/09/2001,GTF,MT,ANM,WE,Towers with Radar,26,10,5,36,77,0,1,39,12,52,26,11,44,48,129,4,2,6,135
09/10/2001,GTF,MT,ANM,WE,Towers with Radar,21,32,11,20,84,0,5,38,22,65,21,37,49,42,149,12,16,28,177
09/11/2001,GTF,MT,ANM,WE,Towers with Radar,5,12,4,0,21,0,2,4,0,6,5,14,8,0,27,0,0,0,27
09/12/2001,GTF,MT,ANM,WE,Towers with Radar,0,6,0,2,8,0,0,0,0,0,0,6,0,2,8,0,0,0,8
09/13/2001,GTF,MT,ANM,WE,Towers with Radar,4,18,1,19,42,0,2,0,0,2,4,20,1,19,44,0,8,8,52
09/14/2001,GTF,MT,ANM,WE,Towers with Radar,14,55,7,6,82,0,0,2,2,4,14,55,9,8,86,0,0,0,86
09/15/2001,GTF,MT,ANM,WE,Towers with Radar,23,27,44,4,98,0,0,0,0,0,23,27,44,4,98,16,0,16,114
09/16/2001,GTF,MT,ANM,WE,Towers with Radar,23,6,18,2,49,0,0,0,9,9,23,6,18,11,58,6,0,6,64
09/17/2001,GTF,MT,ANM,WE,Towers with Radar,22,34,30,0,86,0,3,0,0,3,22,37,30,0,89,0,0,0,89
09/18/2001,GTF,MT,ANM,WE,Towers with Radar,28,49,31,17,125,0,4,0,30,34,28,53,31,47,159,6,28,34,193
09/19/2001,GTF,MT,ANM,WE,Towers with Radar,28,55,15,12,110,0,4,0,6,10,28,59,15,18,120,6,22,28,148
09/20/2001,GTF,MT,ANM,WE,Towers with Radar,27,48,23,8,106,0,5,8,20,33,27,53,31,28,139,8,20,28,167
09/21/2001,GTF,MT,ANM,WE,Towers with Radar,25,48,15,18,106,0,12,16,31,59,25,60,31,49,165,10,18,28,193
09/22/2001,GTF,MT,ANM,WE,Towers with Radar,25,14,17,9,65,0,5,32,8,45,25,19,49,17,110,10,8,18,128
09/23/2001,GTF,MT,ANM,WE,Towers with Radar,28,9,19,7,63,0,0,27,1,28,28,9,46,8,91,30,20,50,141
09/24/2001,GTF,MT,ANM,WE,Towers with Radar,22,33,27,19,101,0,3,51,0,54,22,36,78,19,155,106,0,106,261
09/25/2001,GTF,MT,ANM,WE,Towers with Radar,27,48,24,18,117,0,3,52,39,94,27,51,76,57,211,110,26,136,347
09/26/2001,GTF,MT,ANM,WE,Towers with Radar,31,46,34,33,144,0,4,75,22,101,31,50,109,55,245,98,34,132,377
09/27/2001,GTF,MT,ANM,WE,Towers with Radar,26,43,19,33,121,0,2,49,1,52,26,45,68,34,173,52,28,80,253
09/28/2001,GTF,MT,ANM,WE,Towers with Radar,26,51,22,4,103,0,0,28,0,28,26,51,50,4,131,30,0,30,161
09/29/2001,GTF,MT,ANM,WE,Towers with Radar,25,19,16,9,69,0,2,35,0,37,25,21,51,9,106,10,0,10,116
09/30/2001,GTF,MT,ANM,WE,Towers with Radar,27,17,15,7,66,0,1,36,2,39,27,18,51,9,105,0,0,0,105
10/01/2001,GTF,MT,ANM,WE,Towers with Radar,23,31,27,15,96,1,1,50,0,52,24,32,77,15,148,28,4,32,180
10/02/2001,GTF,MT,ANM,WE,Towers with Radar,28,44,10,8,90,1,1,51,0,53,29,45,61,8,143,66,10,76,219
10/03/2001,GTF,MT,ANM,WE,Towers with Radar,33,44,15,18,110,1,0,54,4,59,34,44,69,22,169,48,26,74,243
10/04/2001,GTF,MT,ANM,WE,Towers with Radar,29,49,10,23,111,1,1,16,5,23,30,50,26,28,134,22,14,36,170
10/05/2001,GTF,MT,ANM,WE,Towers with Radar,27,47,24,6,104,0,4,40,3,47,27,51,64,9,151,34,0,34,185
10/06/2001,GTF,MT,ANM,WE,Towers with Radar,29,21,9,0,59,0,3,50,0,53,29,24,59,0,112,24,0,24,136
10/07/2001,GTF,MT,ANM,WE,Towers with Radar,29,10,9,5,53,0,0,30,0,30,29,10,39,5,83,30,0,30,113
10/08/2001,GTF,MT,ANM,WE,Towers with Radar,23,25,10,0,58,0,0,42,0,42,23,25,52,0,100,36,0,36,136
10/09/2001,GTF,MT,ANM,WE,Towers with Radar,32,54,32,15,133,0,0,31,0,31,32,54,63,15,164,12,2,14,178
10/10/2001,GTF,MT,ANM,WE,Towers with Radar,28,49,11,31,119,0,0,32,7,39,28,49,43,38,158,34,26,60,218
10/11/2001,GTF,MT,ANM,WE,Towers with Radar,33,46,15,20,114,0,1,4,18,23,33,47,19,38,137,0,18,18,155
10/12/2001,GTF,MT,ANM,WE,Towers with Radar,26,52,27,8,113,0,0,12,11,23,26,52,39,19,136,10,24,34,170
10/13/2001,GTF,MT,ANM,WE,Towers with Radar,27,18,9,12,66,0,0,17,6,23,27,18,26,18,89,10,6,16,105
10/14/2001,GTF,MT,ANM,WE,Towers with Radar,27,8,16,7,58,0,0,6,0,6,27,8,22,7,64,16,0,16,80
10/15/2001,GTF,MT,ANM,WE,Towers with Radar,27,35,1,11,74,0,5,39,0,44,27,40,40,11,118,40,28,68,186
10/16/2001,GTF,MT,ANM,WE,Towers with Radar,30,48,18,19,115,0,4,24,5,33,30,52,42,24,148,34,14,48,196
10/17/2001,GTF,MT,ANM,WE,Towers with Radar,34,49,10,24,117,0,10,28,12,50,34,59,38,36,167,28,30,58,225
10/18/2001,GTF,MT,ANM,WE,Towers with Radar,30,50,11,22,113,0,5,17,2,24,30,55,28,24,137,34,8,42,179
10/19/2001,GTF,MT,ANM,WE,Towers with Radar,27,45,15,1,88,0,0,23,0,23,27,45,38,1,111,16,0,16,127
10/20/2001,GTF,MT,ANM,WE,Towers with Radar,27,27,11,11,76,0,2,19,10,31,27,29,30,21,107,0,6,6,113
10/21/2001,GTF,MT,ANM,WE,Towers with Radar,27,9,21,3,60,0,0,43,0,43,27,9,64,3,103,76,0,76,179
10/22/2001,GTF,MT,ANM,WE,Towers with Radar,23,36,22,0,81,0,2,7,0,9,23,38,29,0,90,0,0,0,90
10/23/2001,GTF,MT,ANM,WE,Towers with Radar,31,50,30,8,119,0,1,16,0,17,31,51,46,8,136,22,0,22,158
10/24/2001,GTF,MT,ANM,WE,Towers with Radar,30,44,18,24,116,0,2,12,4,18,30,46,30,28,134,0,12,12,146
10/25/2001,GTF,MT,ANM,WE,Towers with Radar,30,43,18,15,106,0,10,24,6,40,30,53,42,21,146,48,4,52,198
10/26/2001,GTF,MT,ANM,WE,Towers with Radar,26,48,12,20,106,0,4,44,1,49,26,52,56,21,155,28,6,34,189
10/27/2001,GTF,MT,ANM,WE,Towers with Radar,25,24,6,14,69,0,0,41,30,71,25,24,47,44,140,30,30,60,200
10/28/2001,GTF,MT,ANM,WE,Towers with Radar,27,11,25,11,74,0,0,0,0,0,27,11,25,11,74,6,0,6,80
10/29/2001,GTF,MT,ANM,WE,Towers with Radar,27,38,14,4,83,0,2,16,4,22,27,40,30,8,105,18,4,22,127
10/30/2001,GTF,MT,ANM,WE,Towers with Radar,29,45,10,22,106,0,2,18,29,49,29,47,28,51,155,14,22,36,191
10/31/2001,GTF,MT,ANM,WE,Towers with Radar,34,52,7,19,112,0,0,3,0,3,34,52,10,19,115,14,4,18,133
11/01/2001,GTF,MT,ANM,WE,Towers with Radar,31,47,19,12,109,1,0,16,0,17,32,47,35,12,126,4,0,4,130
11/02/2001,GTF,MT,ANM,WE,Towers with Radar,25,45,13,21,104,1,0,36,11,48,26,45,49,32,152,42,10,52,204
11/03/2001,GTF,MT,ANM,WE,Towers with Radar,26,20,6,26,78,1,1,55,17,74,27,21,61,43,152,92,14,106,258
11/04/2001,GTF,MT,ANM,WE,Towers with Radar,29,7,11,23,70,1,0,19,1,21,30,7,30,24,91,30,14,44,135
11/05/2001,GTF,MT,ANM,WE,Towers with Radar,24,32,18,16,90,1,3,42,5,51,25,35,60,21,141,40,4,44,185
11/06/2001,GTF,MT,ANM,WE,Towers with Radar,29,47,19,12,107,1,3,44,5,53,30,50,63,17,160,98,4,102,262
11/07/2001,GTF,MT,ANM,WE,Towers with Radar,28,45,14,24,111,1,2,29,3,35,29,47,43,27,146,28,2,30,176
11/08/2001,GTF,MT,ANM,WE,Towers with Radar,30,46,18,21,115,0,0,17,15,32,30,46,35,36,147,28,14,42,189
11/09/2001,GTF,MT,ANM,WE,Towers with Radar,25,43,16,3,87,1,2,49,3,55,26,45,65,6,142,46,0,46,188
11/10/2001,GTF,MT,ANM,WE,Towers with Radar,24,19,5,0,48,1,4,73,0,78,25,23,78,0,126,138,0,138,264
11/11/2001,GTF,MT,ANM,WE,Towers with Radar,29,12,9,2,52,1,2,36,0,39,30,14,45,2,91,35,0,35,126
11/12/2001,GTF,MT,ANM,WE,Towers with Radar,24,33,7,0,64,1,0,43,0,44,25,33,50,0,108,70,0,70,178
11/13/2001,GTF,MT,ANM,WE,Towers with Radar,30,55,15,0,100,1,2,31,0,34,31,57,46,0,134,70,0,70,204
11/14/2001,GTF,MT,ANM,WE,Towers with Radar,29,50,10,15,104,1,1,13,4,19,30,51,23,19,123,0,16,16,139
11/15/2001,GTF,MT,ANM,WE,Towers with Radar,30,49,14,22,115,1,2,22,23,48,31,51,36,45,163,26,18,44,207
11/16/2001,GTF,MT,ANM,WE,Towers with Radar,27,49,7,20,103,1,2,35,1,39,28,51,42,21,142,30,4,34,176
11/17/2001,GTF,MT,ANM,WE,Towers with Radar,43,19,11,14,87,1,0,42,35,78,44,19,53,49,165,132,24,156,321
11/18/2001,GTF,MT,ANM,WE,Towers with Radar,31,6,13,8,58,0,1,56,2,59,31,7,69,10,117,66,0,66,183
11/19/2001,GTF,MT,ANM,WE,Towers with Radar,24,37,14,16,91,0,9,8,29,46,24,46,22,45,137,8,24,32,169
11/20/2001,GTF,MT,ANM,WE,Towers with Radar,29,46,17,21,113,0,4,17,54,75,29,50,34,75,188,6,54,60,248
11/21/2001,GTF,MT,ANM,WE,Towers with Radar,30,47,9,16,102,0,4,31,40,75,30,51,40,56,177,70,26,96,273
11/22/2001,GTF,MT,ANM,WE,Towers with Radar,21,5,8,0,34,0,1,22,0,23,21,6,30,0,57,14,0,14,71
11/23/2001,GTF,MT,ANM,WE,Towers with Radar,25,45,9,0,79,0,0,8,0,8,25,45,17,0,87,6,0,6,93
11/24/2001,GTF,MT,ANM,WE,Towers with Radar,27,17,12,0,56,0,1,14,0,15,27,18,26,0,71,12,0,12,83
11/25/2001,GTF,MT,ANM,WE,Towers with Radar,27,10,16,0,53,0,0,0,0,0,27,10,16,0,53,10,0,10,63
11/26/2001,GTF,MT,ANM,WE,Towers with Radar,24,39,13,0,76,0,0,14,0,14,24,39,27,0,90,42,0,42,132
11/27/2001,GTF,MT,ANM,WE,Towers with Radar,31,51,19,18,119,0,0,13,46,59,31,51,32,64,178,52,34,86,264
11/28/2001,GTF,MT,ANM,WE,Towers with Radar,31,49,25,67,172,0,2,10,11,23,31,51,35,78,195,0,32,32,227
11/29/2001,GTF,MT,ANM,WE,Towers with Radar,29,45,12,23,109,0,1,30,29,60,29,46,42,52,169,132,26,158,327
11/30/2001,GTF,MT,ANM,WE,Towers with Radar,30,48,11,32,121,0,0,25,33,58,30,48,36,65,179,16,28,44,223
12/01/2001,GTF,MT,ANM,WE,Towers with Radar,28,20,10,24,82,0,0,15,85,100,28,20,25,109,182,8,78,86,268
12/02/2001,GTF,MT,ANM,WE,Towers with Radar,32,11,4,6,53,0,1,19,0,20,32,12,23,6,73,90,0,90,163
12/03/2001,GTF,MT,ANM,WE,Towers with Radar,26,40,13,29,108,0,1,4,22,27,26,41,17,51,135,10,30,40,175
12/04/2001,GTF,MT,ANM,WE,Towers with Radar,30,51,9,35,125,0,0,12,211,223,30,51,21,246,348,30,160,190,538
12/05/2001,GTF,MT,ANM,WE,Towers with Radar,36,47,15,10,108,0,4,16,1,21,36,51,31,11,129,56,6,62,191
12/06/2001,GTF,MT,ANM,WE,Towers with Radar,27,48,13,24,112,0,0,4,33,37,27,48,17,57,149,0,20,20,169
12/07/2001,GTF,MT,ANM,WE,Towers with Radar,26,44,19,0,89,0,0,22,0,22,26,44,41,0,111,10,0,10,121
12/08/2001,GTF,MT,ANM,WE,Towers with Radar,32,19,11,3,65,0,2,18,0,20,32,21,29,3,85,42,0,42,127
12/09/2001,GTF,MT,ANM,WE,Towers with Radar,29,9,4,0,42,0,0,23,0,23,29,9,27,0,65,46,0,46,111
12/10/2001,GTF,MT,ANM,WE,Towers with Radar,23,31,2,5,61,0,3,16,1,20,23,34,18,6,81,6,6,12,93
12/11/2001,GTF,MT,ANM,WE,Towers with Radar,29,55,26,35,145,0,2,5,2,9,29,57,31,37,154,62,6,68,222
12/12/2001,GTF,MT,ANM,WE,Towers with Radar,29,44,4,26,103,0,8,36,17,61,29,52,40,43,164,72,18,90,254
12/13/2001,GTF,MT,ANM,WE,Towers with Radar,32,46,15,33,126,0,5,8,8,21,32,51,23,41,147,30,32,62,209
12/14/2001,GTF,MT,ANM,WE,Towers with Radar,29,44,4,28,105,0,6,6,1,13,29,50,10,29,118,0,14,14,132
12/15/2001,GTF,MT,ANM,WE,Towers with Radar,29,25,17,11,82,0,0,23,8,31,29,25,40,19,113,38,8,46,159
12/16/2001,GTF,MT,ANM,WE,Towers with Radar,25,11,8,6,50,0,0,3,0,3,25,11,11,6,53,0,0,0,53
12/17/2001,GTF,MT,ANM,WE,Towers with Radar,22,42,14,21,99,0,3,5,50,58,22,45,19,71,157,24,36,60,217
12/18/2001,GTF,MT,ANM,WE,Towers with Radar,27,48,23,30,128,0,2,48,36,86,27,50,71,66,214,86,34,120,334
12/19/2001,GTF,MT,ANM,WE,Towers with Radar,28,50,9,6,93,0,4,11,2,17,28,54,20,8,110,8,0,8,118
12/20/2001,GTF,MT,ANM,WE,Towers with Radar,34,50,38,4,126,0,4,27,1,32,34,54,65,5,158,42,0,42,200
12/21/2001,GTF,MT,ANM,WE,Towers with Radar,26,53,13,7,99,0,2,22,3,27,26,55,35,10,126,54,6,60,186
12/22/2001,GTF,MT,ANM,WE,Towers with Radar,26,28,10,6,70,0,0,71,2,73,26,28,81,8,143,100,2,102,245
12/23/2001,GTF,MT,ANM,WE,Towers with Radar,24,17,8,12,61,0,1,80,0,81,24,18,88,12,142,144,0,144,286
12/24/2001,GTF,MT,ANM,WE,Towers with Radar,19,30,1,9,59,0,3,28,0,31,19,33,29,9,90,0,0,0,90
12/25/2001,GTF,MT,ANM,WE,Towers with Radar,17,13,1,11,42,0,0,16,0,16,17,13,17,11,58,16,0,16,74
12/26/2001,GTF,MT,ANM,WE,Towers with Radar,25,52,12,12,101,0,2,39,0,41,25,54,51,12,142,36,0,36,178
12/27/2001,GTF,MT,ANM,WE,Towers with Radar,25,54,11,12,102,0,0,42,0,42,25,54,53,12,144,50,0,50,194
12/28/2001,GTF,MT,ANM,WE,Towers with Radar,24,45,14,6,89,0,0,9,0,9,24,45,23,6,98,16,0,16,114
12/29/2001,GTF,MT,ANM,WE,Towers with Radar,26,19,20,5,70,0,0,9,0,9,26,19,29,5,79,30,0,30,109
12/30/2001,GTF,MT,ANM,WE,Towers with Radar,25,8,10,8,51,0,0,29,0,29,25,8,39,8,80,18,0,18,98
12/31/2001,GTF,MT,ANM,WE,Towers with Radar,18,30,7,7,62,0,0,21,0,21,18,30,28,7,83,36,0,36,119
01/01/2002,GTF,MT,ANM,WE,Towers with Radar,15,11,11,7,44,1,0,39,2,42,16,11,50,9,86,72,0,72,158
01/02/2002,GTF,MT,ANM,WE,Towers with Radar,22,46,11,25,104,1,1,19,20,41,23,47,30,45,145,0,20,20,165
01/03/2002,GTF,MT,ANM,WE,Towers with Radar,32,55,4,33,124,0,1,7,21,29,32,56,11,54,153,2,32,34,187
01/04/2002,GTF,MT,ANM,WE,Towers with Radar,25,48,6,21,100,0,2,38,14,54,25,50,44,35,154,70,28,98,252
01/05/2002,GTF,MT,ANM,WE,Towers with Radar,27,22,11,19,79,0,1,63,20,84,27,23,74,39,163,166,12,178,341
01/06/2002,GTF,MT,ANM,WE,Towers with Radar,24,8,5,6,43,0,0,13,0,13,24,8,18,6,56,20,0,20,76
01/07/2002,GTF,MT,ANM,WE,Towers with Radar,29,27,4,15,75,0,2,4,25,31,29,29,8,40,106,8,28,36,142
01/08/2002,GTF,MT,ANM,WE,Towers with Radar,29,48,4,25,106,0,0,9,20,29,29,48,13,45,135,8,10,18,153
01/09/2002,GTF,MT,ANM,WE,Towers with Radar,27,46,3,21,97,0,6,22,4,32,27,52,25,25,129,20,4,24,153
01/10/2002,GTF,MT,ANM,WE,Towers with Radar,26,43,11,32,112,0,5,14,19,38,26,48,25,51,150,10,20,30,180
01/11/2002,GTF,MT,ANM,WE,Towers with Radar,24,44,11,7,86,0,6,46,0,52,24,50,57,7,138,112,0,112,250
01/12/2002,GTF,MT,ANM,WE,Towers with Radar,25,22,5,0,52,0,0,6,0,6,25,22,11,0,58,0,0,0,58
01/13/2002,GTF,MT,ANM,WE,Towers with Radar,23,14,11,0,48,0,0,1,0,1,23,14,12,0,49,4,0,4,53
01/14/2002,GTF,MT,ANM,WE,Towers with Radar,23,42,11,23,99,0,0,25,0,25,23,42,36,23,124,64,0,64,188
01/15/2002,GTF,MT,ANM,WE,Towers with Radar,27,46,16,23,112,0,2,35,30,67,27,48,51,53,179,94,24,118,297
01/16/2002,GTF,MT,ANM,WE,Towers with Radar,28,50,6,19,103,0,0,32,17,49,28,50,38,36,152,68,14,82,234
01/17/2002,GTF,MT,ANM,WE,Towers with Radar,31,45,5,19,100,0,0,17,12,29,31,45,22,31,129,24,10,34,163
01/18/2002,GTF,MT,ANM,WE,Towers with Radar,26,47,11,0,84,0,2,11,0,13,26,49,22,0,97,8,0,8,105
01/19/2002,GTF,MT,ANM,WE,Towers with Radar,26,25,11,0,62,0,0,13,1,14,26,25,24,1,76,54,0,54,130
01/20/2002,GTF,MT,ANM,WE,Towers with Radar,26,6,21,0,53,0,0,1,0,1,26,6,22,0,54,0,0,0,54
01/21/2002,GTF,MT,ANM,WE,Towers with Radar,22,26,4,16,68,0,0,46,0,46,22,26,50,16,114,132,0,132,246
01/22/2002,GTF,MT,ANM,WE,Towers with Radar,29,45,5,0,79,0,2,35,0,37,29,47,40,0,116,54,0,54,170
01/23/2002,GTF,MT,ANM,WE,Towers with Radar,29,47,12,20,108,0,2,34,20,56,29,49,46,40,164,130,16,146,310
01/24/2002,GTF,MT,ANM,WE,Towers with Radar,27,49,7,10,93,0,1,7,0,8,27,50,14,10,101,38,4,42,143
01/25/2002,GTF,MT,ANM,WE,Towers with Radar,26,45,12,8,91,0,0,55,28,83,26,45,67,36,174,150,28,178,352
01/26/2002,GTF,MT,ANM,WE,Towers with Radar,27,19,5,2,53,0,0,4,0,4,27,19,9,2,57,20,0,20,77
01/27/2002,GTF,MT,ANM,WE,Towers with Radar,22,7,14,4,47,0,0,12,0,12,22,7,26,4,59,16,0,16,75
01/28/2002,GTF,MT,ANM,WE,Towers with Radar,29,31,21,20,101,0,1,24,10,35,29,32,45,30,136,60,10,70,206
01/29/2002,GTF,MT,ANM,WE,Towers with Radar,28,50,19,22,119,0,0,22,23,45,28,50,41,45,164,28,24,52,216
01/30/2002,GTF,MT,ANM,WE,Towers with Radar,26,47,11,19,103,0,0,17,16,33,26,47,28,35,136,0,0,0,136
01/31/2002,GTF,MT,ANM,WE,Towers with Radar,34,39,13,30,116,0,2,24,29,55,34,41,37,59,171,54,52,106,277
02/01/2002,GTF,MT,ANM,WE,Towers with Radar,24,52,9,5,90,0,1,25,2,28,24,53,34,7,118,52,2,54,172
02/02/2002,GTF,MT,ANM,WE,Towers with Radar,26,25,7,2,60,0,0,53,0,53,26,25,60,2,113,70,0,70,183
02/03/2002,GTF,MT,ANM,WE,Towers with Radar,24,12,15,0,51,0,0,28,0,28,24,12,43,0,79,0,0,0,79
02/04/2002,GTF,MT,ANM,WE,Towers with Radar,28,34,10,5,77,0,4,30,1,35,28,38,40,6,112,112,2,114,226
02/05/2002,GTF,MT,ANM,WE,Towers with Radar,26,44,8,16,94,0,4,34,19,57,26,48,42,35,151,6,26,32,183
02/06/2002,GTF,MT,ANM,WE,Towers with Radar,29,47,22,18,116,0,4,30,25,59,29,51,52,43,175,38,20,58,233
02/07/2002,GTF,MT,ANM,WE,Towers with Radar,28,46,19,16,109,0,4,26,31,61,28,50,45,47,170,64,20,84,254
02/08/2002,GTF,MT,ANM,WE,Towers with Radar,27,43,16,7,93,0,0,6,0,6,27,43,22,7,99,14,0,14,113
02/09/2002,GTF,MT,ANM,WE,Towers with Radar,29,20,13,9,71,0,0,63,2,65,29,20,76,11,136,62,0,62,198
02/10/2002,GTF,MT,ANM,WE,Towers with Radar,25,7,6,12,50,0,2,10,0,12,25,9,16,12,62,16,0,16,78
02/11/2002,GTF,MT,ANM,WE,Towers with Radar,44,34,7,25,110,2,2,10,1,15,46,36,17,26,125,6,2,8,133
02/12/2002,GTF,MT,ANM,WE,Towers with Radar,30,47,6,26,109,0,2,32,1,35,30,49,38,27,144,60,2,62,206
02/13/2002,GTF,MT,ANM,WE,Towers with Radar,27,49,9,31,116,0,0,12,14,26,27,49,21,45,142,0,24,24,166
02/14/2002,GTF,MT,ANM,WE,Towers with Radar,28,40,14,20,102,0,3,38,2,43,28,43,52,22,145,140,0,140,285
02/15/2002,GTF,MT,ANM,WE,Towers with Radar,23,40,17,0,80,0,5,43,0,48,23,45,60,0,128,90,0,90,218
02/16/2002,GTF,MT,ANM,WE,Towers with Radar,29,19,9,0,57,0,4,49,0,53,29,23,58,0,110,16,0,16,126
02/17/2002,GTF,MT,ANM,WE,Towers with Radar,24,4,1,0,29,0,0,43,0,43,24,4,44,0,72,40,0,40,112
02/18/2002,GTF,MT,ANM,WE,Towers with Radar,24,37,12,0,73,0,0,16,0,16,24,37,28,0,89,30,0,30,119
02/19/2002,GTF,MT,ANM,WE,Towers with Radar,28,53,12,6,99,0,1,22,2,25,28,54,34,8,124,6,8,14,138
02/20/2002,GTF,MT,ANM,WE,Towers with Radar,30,45,22,43,140,0,7,23,52,82,30,52,45,95,222,38,50,88,310
02/21/2002,GTF,MT,ANM,WE,Towers with Radar,24,46,17,7,94,0,0,38,3,41,24,46,55,10,135,80,8,88,223
02/22/2002,GTF,MT,ANM,WE,Towers with Radar,25,57,2,14,98,0,2,0,4,6,25,59,2,18,104,6,2,8,112
02/23/2002,GTF,MT,ANM,WE,Towers with Radar,23,23,10,17,73,0,0,0,2,2,23,23,10,19,75,0,4,4,79
02/24/2002,GTF,MT,ANM,WE,Towers with Radar,27,13,11,15,66,0,0,3,0,3,27,13,14,15,69,18,0,18,87
02/25/2002,GTF,MT,ANM,WE,Towers with Radar,25,38,15,14,92,0,1,10,2,13,25,39,25,16,105,34,0,34,139
02/26/2002,GTF,MT,ANM,WE,Towers with Radar,27,54,9,28,118,0,3,29,48,80,27,57,38,76,198,56,48,104,302
02/27/2002,GTF,MT,ANM,WE,Towers with Radar,26,45,4,23,98,0,1,30,24,55,26,46,34,47,153,58,16,74,227
02/28/2002,GTF,MT,ANM,WE,Towers with Radar,27,46,8,18,99,0,0,1,0,1,27,46,9,18,100,0,0,0,100
03/01/2002,GTF,MT,ANM,WE,Towers with Radar,27,46,17,0,90,1,1,14,0,16,28,47,31,0,106,30,0,30,136
03/02/2002,GTF,MT,ANM,WE,Towers with Radar,23,22,16,10,71,1,0,19,0,20,24,22,35,10,91,22,0,22,113
03/03/2002,GTF,MT,ANM,WE,Towers with Radar,24,8,5,2,39,1,0,18,0,19,25,8,23,2,58,18,0,18,76
03/04/2002,GTF,MT,ANM,WE,Towers with Radar,19,33,13,19,84,1,4,26,7,38,20,37,39,26,122,64,14,78,200
03/05/2002,GTF,MT,ANM,WE,Towers with Radar,29,52,6,6,93,1,0,1,0,2,30,52,7,6,95,0,0,0,95
03/06/2002,GTF,MT,ANM,WE,Towers with Radar,28,48,11,8,95,1,0,1,0,2,29,48,12,8,97,0,0,0,97
03/07/2002,GTF,MT,ANM,WE,Towers with Radar,27,45,13,36,121,1,0,1,9,11,28,45,14,45,132,0,28,28,160
03/08/2002,GTF,MT,ANM,WE,Towers with Radar,24,50,18,9,101,1,1,46,8,56,25,51,64,17,157,92,8,100,257
03/09/2002,GTF,MT,ANM,WE,Towers with Radar,23,18,9,7,57,5,0,33,1,39,28,18,42,8,96,48,4,52,148
03/10/2002,GTF,MT,ANM,WE,Towers with Radar,25,7,12,2,46,1,1,39,0,41,26,8,51,2,87,38,0,38,125
03/11/2002,GTF,MT,ANM,WE,Towers with Radar,21,34,9,4,68,1,0,16,0,17,22,34,25,4,85,38,4,42,127
03/12/2002,GTF,MT,ANM,WE,Towers with Radar,28,54,4,18,104,1,2,17,9,29,29,56,21,27,133,36,6,42,175
03/13/2002,GTF,MT,ANM,WE,Towers with Radar,26,46,11,23,106,1,4,37,8,50,27,50,48,31,156,64,8,72,228
03/14/2002,GTF,MT,ANM,WE,Towers with Radar,34,50,23,27,134,0,0,51,74,125,34,50,74,101,259,180,42,222,481
03/15/2002,GTF,MT,ANM,WE,Towers with Radar,22,46,21,26,115,1,0,53,6,60,23,46,74,32,175,222,24,246,421
03/16/2002,GTF,MT,ANM,WE,Towers with Radar,22,24,13,16,75,1,0,2,0,3,23,24,15,16,78,6,0,6,84
03/17/2002,GTF,MT,ANM,WE,Towers with Radar,23,9,17,10,59,0,1,0,0,1,23,10,17,10,60,0,0,0,60
03/18/2002,GTF,MT,ANM,WE,Towers with Radar,23,35,14,37,109,0,1,11,1,13,23,36,25,38,122,38,0,38,160
03/19/2002,GTF,MT,ANM,WE,Towers with Radar,26,53,8,16,103,0,1,3,0,4,26,54,11,16,107,14,0,14,121
03/20/2002,GTF,MT,ANM,WE,Towers with Radar,30,46,11,0,87,0,1,0,0,1,30,47,11,0,88,0,0,0,88
03/21/2002,GTF,MT,ANM,WE,Towers with Radar,25,43,12,36,116,0,4,46,37,87,25,47,58,73,203,128,24,152,355
03/22/2002,GTF,MT,ANM,WE,Towers with Radar,26,42,26,4,98,0,4,38,2,44,26,46,64,6,142,62,4,66,208
03/23/2002,GTF,MT,ANM,WE,Towers with Radar,25,15,11,5,56,0,4,57,0,61,25,19,68,5,117,114,0,114,231
03/24/2002,GTF,MT,ANM,WE,Towers with Radar,26,8,15,0,49,0,2,41,0,43,26,10,56,0,92,60,0,60,152
03/25/2002,GTF,MT,ANM,WE,Towers with Radar,23,36,16,19,94,0,0,29,44,73,23,36,45,63,167,114,36,150,317
03/26/2002,GTF,MT,ANM,WE,Towers with Radar,27,44,27,22,120,0,1,30,13,44,27,45,57,35,164,50,18,68,232
03/27/2002,GTF,MT,ANM,WE,Towers with Radar,29,48,10,37,124,0,1,7,53,61,29,49,17,90,185,2,48,50,235
03/28/2002,GTF,MT,ANM,WE,Towers with Radar,44,67,20,72,203,0,1,9,11,21,44,68,29,83,224,12,12,24,248
03/29/2002,GTF,MT,ANM,WE,Towers with Radar,30,44,9,0,83,0,1,26,0,27,30,45,35,0,110,32,0,32,142
03/30/2002,GTF,MT,ANM,WE,Towers with Radar,28,19,35,0,82,0,1,15,0,16,28,20,50,0,98,72,0,72,170
03/31/2002,GTF,MT,ANM,WE,Towers with Radar,25,9,5,0,39,0,1,11,0,12,25,10,16,0,51,0,0,0,51
04/01/2002,GTF,MT,ANM,WE,Towers with Radar,19,27,7,0,53,4,6,7,0,17,23,33,14,0,70,6,0,6,76
04/02/2002,GTF,MT,ANM,WE,Towers with Radar,25,55,9,25,114,0,2,13,20,35,25,57,22,45,149,22,16,38,187
04/03/2002,GTF,MT,ANM,WE,Towers with Radar,27,51,10,31,119,1,5,63,2,71,28,56,73,33,190,86,8,94,284
04/04/2002,GTF,MT,ANM,WE,Towers with Radar,31,45,9,47,132,1,3,86,22,112,32,48,95,69,244,134,22,156,400
04/05/2002,GTF,MT,ANM,WE,Towers with Radar,26,58,17,28,129,1,1,29,34,65,27,59,46,62,194,32,28,60,254
04/06/2002,GTF,MT,ANM,WE,Towers with Radar,25,18,9,32,84,0,0,57,13,70,25,18,66,45,154,62,8,70,224
04/07/2002,GTF,MT,ANM,WE,Towers with Radar,29,8,10,13,60,0,0,18,21,39,29,8,28,34,99,38,18,56,155
04/08/2002,GTF,MT,ANM,WE,Towers with Radar,23,33,7,19,82,0,3,40,5,48,23,36,47,24,130,90,14,104,234
04/09/2002,GTF,MT,ANM,WE,Towers with Radar,27,52,18,61,158,0,0,14,3,17,27,52,32,64,175,20,42,62,237
04/10/2002,GTF,MT,ANM,WE,Towers with Radar,32,46,8,25,111,0,1,19,37,57,32,47,27,62,168,2,26,28,196
04/11/2002,GTF,MT,ANM,WE,Towers with Radar,30,45,7,23,105,0,2,28,21,51,30,47,35,44,156,8,12,20,176
04/12/2002,GTF,MT,ANM,WE,Towers with Radar,32,42,7,1,82,0,3,24,2,29,32,45,31,3,111,62,2,64,175
04/13/2002,GTF,MT,ANM,WE,Towers with Radar,29,18,7,0,54,0,0,6,4,10,29,18,13,4,64,0,0,0,64
04/14/2002,GTF,MT,ANM,WE,Towers with Radar,28,9,6,0,43,0,0,2,0,2,28,9,8,0,45,0,0,0,45
04/15/2002,GTF,MT,ANM,WE,Towers with Radar,28,37,2,5,72,0,4,20,3,27,28,41,22,8,99,20,8,28,127
04/16/2002,GTF,MT,ANM,WE,Towers with Radar,25,46,10,33,114,0,2,19,15,36,25,48,29,48,150,30,6,36,186
04/17/2002,GTF,MT,ANM,WE,Towers with Radar,32,47,6,20,105,0,0,10,3,13,32,47,16,23,118,12,4,16,134
04/18/2002,GTF,MT,ANM,WE,Towers with Radar,33,50,8,40,131,0,2,22,1,25,33,52,30,41,156,0,0,0,156
04/19/2002,GTF,MT,ANM,WE,Towers with Radar,31,50,14,28,123,0,3,65,2,70,31,53,79,30,193,38,2,40,233
04/20/2002,GTF,MT,ANM,WE,Towers with Radar,29,18,9,6,62,0,0,67,1,68,29,18,76,7,130,50,10,60,190
04/21/2002,GTF,MT,ANM,WE,Towers with Radar,25,8,4,3,40,0,0,39,1,40,25,8,43,4,80,88,10,98,178
04/22/2002,GTF,MT,ANM,WE,Towers with Radar,25,33,15,38,111,0,3,21,5,29,25,36,36,43,140,2,4,6,146
04/23/2002,GTF,MT,ANM,WE,Towers with Radar,32,48,6,37,123,0,0,6,18,24,32,48,12,55,147,0,10,10,157
04/24/2002,GTF,MT,ANM,WE,Towers with Radar,28,49,13,52,142,0,3,25,24,52,28,52,38,76,194,28,32,60,254
04/25/2002,GTF,MT,ANM,WE,Towers with Radar,33,57,10,30,130,0,4,49,12,65,33,61,59,42,195,92,6,98,293
04/26/2002,GTF,MT,ANM,WE,Towers with Radar,30,51,23,0,104,0,0,23,0,23,30,51,46,0,127,54,0,54,181
04/27/2002,GTF,MT,ANM,WE,Towers with Radar,28,20,15,0,63,0,0,12,0,12,28,20,27,0,75,14,0,14,89
04/28/2002,GTF,MT,ANM,WE,Towers with Radar,27,17,13,0,57,0,0,44,0,44,27,17,57,0,101,100,0,100,201
04/29/2002,GTF,MT,ANM,WE,Towers with Radar,29,31,12,0,72,0,0,58,0,58,29,31,70,0,130,58,0,58,188
04/30/2002,GTF,MT,ANM,WE,Towers with Radar,27,48,13,32,120,0,0,10,0,10,27,48,23,32,130,4,0,4,134
05/01/2002,GTF,MT,ANM,WE,Towers with Radar,34,43,18,32,127,1,2,32,34,69,35,45,50,66,196,6,20,26,222
05/02/2002,GTF,MT,ANM,WE,Towers with Radar,33,49,9,38,129,1,0,23,8,32,34,49,32,46,161,2,2,4,165
05/03/2002,GTF,MT,ANM,WE,Towers with Radar,29,47,14,17,107,1,1,23,1,26,30,48,37,18,133,32,0,32,165
05/04/2002,GTF,MT,ANM,WE,Towers with Radar,28,19,8,21,76,1,0,24,18,43,29,19,32,39,119,4,6,10,129
05/05/2002,GTF,MT,ANM,WE,Towers with Radar,25,9,21,16,71,1,0,12,2,15,26,9,33,18,86,30,0,30,116
05/06/2002,GTF,MT,ANM,WE,Towers with Radar,22,38,9,37,106,1,1,23,6,31,23,39,32,43,137,76,6,82,219
05/07/2002,GTF,MT,ANM,WE,Towers with Radar,30,37,14,2,83,1,11,26,0,38,31,48,40,2,121,32,2,34,155
05/08/2002,GTF,MT,ANM,WE,Towers with Radar,32,50,19,18,119,0,3,36,7,46,32,53,55,25,165,8,10,18,183
05/09/2002,GTF,MT,ANM,WE,Towers with Radar,33,45,13,16,107,0,0,0,7,7,33,45,13,23,114,0,0,0,114
05/10/2002,GTF,MT,ANM,WE,Towers with Radar,30,51,17,13,111,1,3,36,1,41,31,54,53,14,152,84,2,86,238
05/11/2002,GTF,MT,ANM,WE,Towers with Radar,27,20,2,6,55,1,0,44,0,45,28,20,46,6,100,0,0,0,100
05/12/2002,GTF,MT,ANM,WE,Towers with Radar,30,11,5,0,46,1,0,44,0,45,31,11,49,0,91,6,0,6,97
05/13/2002,GTF,MT,ANM,WE,Towers with Radar,24,31,15,3,73,1,7,21,0,29,25,38,36,3,102,0,2,2,104
05/14/2002,GTF,MT,ANM,WE,Towers with Radar,28,43,17,19,107,1,5,16,1,23,29,48,33,20,130,26,12,38,168
05/15/2002,GTF,MT,ANM,WE,Towers with Radar,33,45,10,14,102,0,2,9,5,16,33,47,19,19,118,16,8,24,142
05/16/2002,GTF,MT,ANM,WE,Towers with Radar,29,51,13,14,107,0,2,27,26,55,29,53,40,40,162,32,16,48,210
05/17/2002,GTF,MT,ANM,WE,Towers with Radar,29,49,16,16,110,0,8,45,23,76,29,57,61,39,186,134,30,164,350
05/18/2002,GTF,MT,ANM,WE,Towers with Radar,31,25,8,0,64,0,0,38,3,41,31,25,46,3,105,8,0,8,113
05/19/2002,GTF,MT,ANM,WE,Towers with Radar,31,8,9,0,48,0,0,37,0,37,31,8,46,0,85,4,0,4,89
05/20/2002,GTF,MT,ANM,WE,Towers with Radar,26,31,13,11,81,0,4,20,4,28,26,35,33,15,109,34,12,46,155
05/21/2002,GTF,MT,ANM,WE,Towers with Radar,30,48,24,10,112,0,0,6,3,9,30,48,30,13,121,0,2,2,123
05/22/2002,GTF,MT,ANM,WE,Towers with Radar,28,45,10,0,83,0,0,0,0,0,28,45,10,0,83,0,0,0,83
05/23/2002,GTF,MT,ANM,WE,Towers with Radar,35,46,29,21,131,0,3,40,33,76,35,49,69,54,207,16,18,34,241
05/24/2002,GTF,MT,ANM,WE,Towers with Radar,28,51,16,7,102,0,5,29,2,36,28,56,45,9,138,6,0,6,144
05/25/2002,GTF,MT,ANM,WE,Towers with Radar,30,19,8,2,59,0,3,38,1,42,30,22,46,3,101,20,0,20,121
05/26/2002,GTF,MT,ANM,WE,Towers with Radar,27,6,11,0,44,0,0,15,0,15,27,6,26,0,59,8,0,8,67
05/27/2002,GTF,MT,ANM,WE,Towers with Radar,24,7,11,2,44,0,0,36,1,37,24,7,47,3,81,4,0,4,85
05/28/2002,GTF,MT,ANM,WE,Towers with Radar,24,33,15,3,75,0,7,27,1,35,24,40,42,4,110,24,0,24,134
05/29/2002,GTF,MT,ANM,WE,Towers with Radar,32,44,12,24,112,0,4,22,32,58,32,48,34,56,170,12,62,74,244
05/30/2002,GTF,MT,ANM,WE,Towers with Radar,30,45,16,17,108,0,3,29,4,36,30,48,45,21,144,12,0,12,156
05/31/2002,GTF,MT,ANM,WE,Towers with Radar,39,33,13,15,100,0,5,48,45,98,39,38,61,60,198,36,26,62,260
06/01/2002,GTF,MT,ANM,WE,Towers with Radar,31,22,13,0,66,0,0,34,0,34,31,22,47,0,100,20,0,20,120
06/02/2002,GTF,MT,ANM,WE,Towers with Radar,32,11,21,4,68,0,0,15,0,15,32,11,36,4,83,6,0,6,89
06/03/2002,GTF,MT,ANM,WE,Towers with Radar,25,24,13,7,69,0,5,14,0,19,25,29,27,7,88,10,10,20,108
06/04/2002,GTF,MT,ANM,WE,Towers with Radar,31,42,10,15,98,0,3,42,2,47,31,45,52,17,145,10,18,28,173
06/05/2002,GTF,MT,ANM,WE,Towers with Radar,33,36,11,37,117,0,2,35,24,61,33,38,46,61,178,0,44,44,222
06/06/2002,GTF,MT,ANM,WE,Towers with Radar,30,38,10,29,107,0,2,12,39,53,30,40,22,68,160,0,50,50,210
06/07/2002,GTF,MT,ANM,WE,Towers with Radar,23,41,5,22,91,0,5,43,34,82,23,46,48,56,173,14,4,18,191
06/08/2002,GTF,MT,ANM,WE,Towers with Radar,26,25,19,5,75,0,0,1,0,1,26,25,20,5,76,8,0,8,84
06/09/2002,GTF,MT,ANM,WE,Towers with Radar,27,12,14,0,53,0,0,0,0,0,27,12,14,0,53,12,0,12,65
06/10/2002,GTF,MT,ANM,WE,Towers with Radar,27,31,21,0,79,0,0,2,0,2,27,31,23,0,81,4,0,4,85
06/11/2002,GTF,MT,ANM,WE,Towers with Radar,27,47,7,26,107,0,1,12,2,15,27,48,19,28,122,0,6,6,128
06/12/2002,GTF,MT,ANM,WE,Towers with Radar,25,45,8,29,107,0,2,29,12,43,25,47,37,41,150,0,12,12,162
06/13/2002,GTF,MT,ANM,WE,Towers with Radar,27,42,18,33,120,0,4,51,4,59,27,46,69,37,179,20,6,26,205
06/14/2002,GTF,MT,ANM,WE,Towers with Radar,26,38,14,19,97,0,6,39,13,58,26,44,53,32,155,20,18,38,193
06/15/2002,GTF,MT,ANM,WE,Towers with Radar,27,15,9,0,51,0,5,51,0,56,27,20,60,0,107,12,0,12,119
06/16/2002,GTF,MT,ANM,WE,Towers with Radar,13,9,6,0,28,12,0,59,0,71,25,9,65,0,99,46,0,46,145
06/17/2002,GTF,MT,ANM,WE,Towers with Radar,25,25,24,3,77,0,4,32,0,36,25,29,56,3,113,36,0,36,149
06/18/2002,GTF,MT,ANM,WE,Towers with Radar,26,40,19,41,126,0,2,23,41,66,26,42,42,82,192,0,48,48,240
06/19/2002,GTF,MT,ANM,WE,Towers with Radar,28,41,20,52,141,0,3,18,15,36,28,44,38,67,177,10,26,36,213
06/20/2002,GTF,MT,ANM,WE,Towers with Radar,33,42,11,31,117,0,5,61,34,100,33,47,72,65,217,66,30,96,313
06/21/2002,GTF,MT,ANM,WE,Towers with Radar,22,39,9,34,104,0,6,45,19,70,22,45,54,53,174,44,32,76,250
06/22/2002,GTF,MT,ANM,WE,Towers with Radar,27,21,8,20,76,0,2,35,25,62,27,23,43,45,138,6,16,22,160
06/23/2002,GTF,MT,ANM,WE,Towers with Radar,27,6,19,11,63,0,0,34,20,54,27,6,53,31,117,0,20,20,137
06/24/2002,GTF,MT,ANM,WE,Towers with Radar,19,25,9,30,83,0,3,47,22,72,19,28,56,52,155,40,36,76,231
06/25/2002,GTF,MT,ANM,WE,Towers with Radar,26,42,19,24,111,0,9,43,53,105,26,51,62,77,216,20,32,52,268
06/26/2002,GTF,MT,ANM,WE,Towers with Radar,29,39,9,17,94,0,7,59,2,68,29,46,68,19,162,88,12,100,262
06/27/2002,GTF,MT,ANM,WE,Towers with Radar,29,48,13,22,112,0,2,51,34,87,29,50,64,56,199,46,26,72,271
06/28/2002,GTF,MT,ANM,WE,Towers with Radar,24,41,26,2,93,0,3,48,0,51,24,44,74,2,144,42,0,42,186
06/29/2002,GTF,MT,ANM,WE,Towers with Radar,28,20,13,2,63,0,0,49,0,49,28,20,62,2,112,84,0,84,196
06/30/2002,GTF,MT,ANM,WE,Towers with Radar,26,8,17,0,51,0,0,46,0,46,26,8,63,0,97,22,0,22,119
07/01/2002,GTF,MT,ANM,WE,Towers with Radar,22,23,17,33,95,0,4,53,12,69,22,27,70,45,164,62,50,112,276
07/02/2002,GTF,MT,ANM,WE,Towers with Radar,25,47,19,28,119,0,5,54,24,83,25,52,73,52,202,24,64,88,290
07/03/2002,GTF,MT,ANM,WE,Towers with Radar,29,43,16,19,107,0,7,36,33,76,29,50,52,52,183,58,16,74,257
07/04/2002,GTF,MT,ANM,WE,Towers with Radar,20,7,9,0,36,0,4,54,2,60,20,11,63,2,96,22,0,22,118
07/05/2002,GTF,MT,ANM,WE,Towers with Radar,26,28,15,0,69,0,8,73,0,81,26,36,88,0,150,68,0,68,218
07/06/2002,GTF,MT,ANM,WE,Towers with Radar,29,18,9,2,58,0,1,75,0,76,29,19,84,2,134,124,0,124,258
07/07/2002,GTF,MT,ANM,WE,Towers with Radar,26,5,21,1,53,0,1,35,0,36,26,6,56,1,89,4,0,4,93
07/08/2002,GTF,MT,ANM,WE,Towers with Radar,24,22,12,4,62,0,5,15,2,22,24,27,27,6,84,0,12,12,96
07/09/2002,GTF,MT,ANM,WE,Towers with Radar,25,42,11,36,114,0,5,39,70,114,25,47,50,106,228,54,38,92,320
07/10/2002,GTF,MT,ANM,WE,Towers with Radar,27,39,17,33,116,0,3,53,29,85,27,42,70,62,201,74,16,90,291
07/11/2002,GTF,MT,ANM,WE,Towers with Radar,26,38,9,61,134,0,5,50,34,89,26,43,59,95,223,114,44,158,381
07/12/2002,GTF,MT,ANM,WE,Towers with Radar,21,32,14,43,110,0,5,53,14,72,21,37,67,57,182,76,18,94,276
07/13/2002,GTF,MT,ANM,WE,Towers with Radar,27,17,14,37,95,0,1,49,29,79,27,18,63,66,174,12,12,24,198
07/14/2002,GTF,MT,ANM,WE,Towers with Radar,18,12,10,18,58,7,0,36,0,43,25,12,46,18,101,0,0,0,101
07/15/2002,GTF,MT,ANM,WE,Towers with Radar,23,23,17,60,123,0,7,58,20,85,23,30,75,80,208,54,44,98,306
07/16/2002,GTF,MT,ANM,WE,Towers with Radar,25,40,19,37,121,0,5,49,13,67,25,45,68,50,188,40,2,42,230
07/17/2002,GTF,MT,ANM,WE,Towers with Radar,33,39,12,71,155,0,1,54,23,78,33,40,66,94,233,24,28,52,285
07/18/2002,GTF,MT,ANM,WE,Towers with Radar,27,42,17,79,165,0,5,47,4,56,27,47,64,83,221,34,4,38,259
07/19/2002,GTF,MT,ANM,WE,Towers with Radar,27,40,11,10,88,0,5,35,3,43,27,45,46,13,131,36,4,40,171
07/20/2002,GTF,MT,ANM,WE,Towers with Radar,31,20,14,3,68,3,1,49,0,53,34,21,63,3,121,14,0,14,135
07/21/2002,GTF,MT,ANM,WE,Towers with Radar,26,8,5,5,44,0,0,46,5,51,26,8,51,10,95,32,6,38,133
07/22/2002,GTF,MT,ANM,WE,Towers with Radar,22,22,13,15,72,0,6,51,7,64,22,28,64,22,136,44,12,56,192
07/23/2002,GTF,MT,ANM,WE,Towers with Radar,27,43,26,36,132,0,2,39,43,84,27,45,65,79,216,50,24,74,290
07/24/2002,GTF,MT,ANM,WE,Towers with Radar,28,35,20,53,136,0,2,48,32,82,28,37,68,85,218,42,28,70,288
07/25/2002,GTF,MT,ANM,WE,Towers with Radar,31,37,20,68,156,0,3,59,30,92,31,40,79,98,248,76,22,98,346
07/26/2002,GTF,MT,ANM,WE,Towers with Radar,27,33,8,15,83,0,6,40,28,74,27,39,48,43,157,0,10,10,167
07/27/2002,GTF,MT,ANM,WE,Towers with Radar,27,20,14,6,67,0,1,17,15,33,27,21,31,21,100,8,4,12,112
07/28/2002,GTF,MT,ANM,WE,Towers with Radar,23,6,16,2,47,0,0,46,0,46,23,6,62,2,93,30,0,30,123
07/29/2002,GTF,MT,ANM,WE,Towers with Radar,23,25,15,29,92,0,4,32,9,45,23,29,47,38,137,20,22,42,179
07/30/2002,GTF,MT,ANM,WE,Towers with Radar,29,40,10,32,111,0,4,43,23,70,29,44,53,55,181,18,10,28,209
07/31/2002,GTF,MT,ANM,WE,Towers with Radar,30,36,18,17,101,0,2,38,32,72,30,38,56,49,173,18,20,38,211
08/01/2002,GTF,MT,ANM,WE,Towers with Radar,23,41,12,0,76,1,4,56,0,61,24,45,68,0,137,12,0,12,149
08/02/2002,GTF,MT,ANM,WE,Towers with Radar,24,35,23,6,88,0,3,50,3,56,24,38,73,9,144,18,4,22,166
08/03/2002,GTF,MT,ANM,WE,Towers with Radar,30,22,20,2,74,0,0,37,13,50,30,22,57,15,124,20,8,28,152
08/04/2002,GTF,MT,ANM,WE,Towers with Radar,27,7,14,0,48,1,1,21,0,23,28,8,35,0,71,2,0,2,73
08/05/2002,GTF,MT,ANM,WE,Towers with Radar,24,30,27,9,90,1,1,17,1,20,25,31,44,10,110,26,10,36,146
08/06/2002,GTF,MT,ANM,WE,Towers with Radar,25,47,17,15,104,1,4,28,0,33,26,51,45,15,137,28,12,40,177
08/07/2002,GTF,MT,ANM,WE,Towers with Radar,29,43,20,29,121,1,1,12,16,30,30,44,32,45,151,0,22,22,173
08/08/2002,GTF,MT,ANM,WE,Towers with Radar,33,42,13,33,121,1,3,2,18,24,34,45,15,51,145,0,20,20,165
08/09/2002,GTF,MT,ANM,WE,Towers with Radar,27,37,9,15,88,1,3,38,33,75,28,40,47,48,163,6,20,26,189
08/10/2002,GTF,MT,ANM,WE,Towers with Radar,26,17,27,17,87,1,2,77,83,163,27,19,104,100,250,80,46,126,376
08/11/2002,GTF,MT,ANM,WE,Towers with Radar,28,7,19,2,56,1,0,26,0,27,29,7,45,2,83,4,0,4,87
08/12/2002,GTF,MT,ANM,WE,Towers with Radar,23,27,5,17,72,0,2,47,1,50,23,29,52,18,122,18,0,18,140
08/13/2002,GTF,MT,ANM,WE,Towers with Radar,25,50,7,19,101,0,4,46,13,63,25,54,53,32,164,4,12,16,180
08/14/2002,GTF,MT,ANM,WE,Towers with Radar,30,50,17,18,115,0,2,14,2,18,30,52,31,20,133,0,0,0,133
08/15/2002,GTF,MT,ANM,WE,Towers with Radar,27,41,10,33,111,0,5,43,34,82,27,46,53,67,193,4,20,24,217
08/16/2002,GTF,MT,ANM,WE,Towers with Radar,24,47,20,2,93,0,3,26,0,29,24,50,46,2,122,14,0,14,136
08/17/2002,GTF,MT,ANM,WE,Towers with Radar,32,18,23,0,73,0,1,49,4,54,32,19,72,4,127,14,0,14,141
08/18/2002,GTF,MT,ANM,WE,Towers with Radar,27,7,11,2,47,0,0,56,0,56,27,7,67,2,103,48,0,48,151
08/19/2002,GTF,MT,ANM,WE,Towers with Radar,21,25,12,0,58,3,4,65,0,72,24,29,77,0,130,70,0,70,200
08/20/2002,GTF,MT,ANM,WE,Towers with Radar,22,42,14,20,98,0,0,26,18,44,22,42,40,38,142,14,12,26,168
08/21/2002,GTF,MT,ANM,WE,Towers with Radar,33,41,8,42,124,0,5,11,8,24,33,46,19,50,148,10,16,26,174
08/22/2002,GTF,MT,ANM,WE,Towers with Radar,35,48,17,24,124,0,3,82,24,109,35,51,99,48,233,50,18,68,301
08/23/2002,GTF,MT,ANM,WE,Towers with Radar,31,33,14,20,98,0,5,59,7,71,31,38,73,27,169,34,36,70,239
08/24/2002,GTF,MT,ANM,WE,Towers with Radar,32,21,12,0,65,0,3,71,0,74,32,24,83,0,139,72,0,72,211
08/25/2002,GTF,MT,ANM,WE,Towers with Radar,24,8,7,0,39,0,0,39,0,39,24,8,46,0,78,38,0,38,116
08/26/2002,GTF,MT,ANM,WE,Towers with Radar,25,26,16,34,101,0,0,43,8,51,25,26,59,42,152,16,32,48,200
08/27/2002,GTF,MT,ANM,WE,Towers with Radar,28,46,18,17,109,0,5,51,25,81,28,51,69,42,190,18,44,62,252
08/28/2002,GTF,MT,ANM,WE,Towers with Radar,28,35,16,43,122,0,3,39,46,88,28,38,55,89,210,32,48,80,290
08/29/2002,GTF,MT,ANM,WE,Towers with Radar,26,45,22,20,113,0,5,28,36,69,26,50,50,56,182,28,24,52,234
08/30/2002,GTF,MT,ANM,WE,Towers with Radar,26,42,10,5,83,0,9,46,5,60,26,51,56,10,143,26,6,32,175
08/31/2002,GTF,MT,ANM,WE,Towers with Radar,26,24,12,0,62,0,2,55,0,57,26,26,67,0,119,28,0,28,147
09/01/2002,GTF,MT,ANM,WE,Towers with Radar,17,11,13,0,41,1,0,25,0,26,18,11,38,0,67,0,0,0,67
09/02/2002,GTF,MT,ANM,WE,Towers with Radar,20,9,15,0,44,0,0,65,0,65,20,9,80,0,109,10,0,10,119
09/03/2002,GTF,MT,ANM,WE,Towers with Radar,18,41,18,2,79,1,3,39,1,44,19,44,57,3,123,20,0,20,143
09/04/2002,GTF,MT,ANM,WE,Towers with Radar,28,32,9,18,87,1,6,44,12,63,29,38,53,30,150,46,14,60,210
09/05/2002,GTF,MT,ANM,WE,Towers with Radar,25,48,18,12,103,0,2,30,0,32,25,50,48,12,135,26,0,26,161
09/06/2002,GTF,MT,ANM,WE,Towers with Radar,27,47,10,11,95,0,0,1,0,1,27,47,11,11,96,0,2,2,98
09/07/2002,GTF,MT,ANM,WE,Towers with Radar,27,18,6,15,66,0,0,25,41,66,27,18,31,56,132,10,36,46,178
09/08/2002,GTF,MT,ANM,WE,Towers with Radar,27,12,15,6,60,0,0,29,10,39,27,12,44,16,99,0,10,10,109
09/09/2002,GTF,MT,ANM,WE,Towers with Radar,18,10,6,1,35,0,4,40,19,63,18,14,46,20,98,60,14,74,172
09/10/2002,GTF,MT,ANM,WE,Towers with Radar,29,62,22,6,119,0,8,65,3,76,29,70,87,9,195,64,6,70,265
09/11/2002,GTF,MT,ANM,WE,Towers with Radar,29,36,13,22,100,0,4,63,12,79,29,40,76,34,179,38,18,56,235
09/12/2002,GTF,MT,ANM,WE,Towers with Radar,23,44,17,10,94,0,8,57,17,82,23,52,74,27,176,38,10,48,224
09/13/2002,GTF,MT,ANM,WE,Towers with Radar,25,40,32,0,97,0,3,54,0,57,25,43,86,0,154,20,0,20,174
09/14/2002,GTF,MT,ANM,WE,Towers with Radar,23,18,21,5,67,0,5,57,0,62,23,23,78,5,129,38,0,38,167
09/15/2002,GTF,MT,ANM,WE,Towers with Radar,25,7,19,0,51,0,0,59,0,59,25,7,78,0,110,54,0,54,164
09/16/2002,GTF,MT,ANM,WE,Towers with Radar,25,23,14,0,62,0,6,21,0,27,25,29,35,0,89,0,0,0,89
09/17/2002,GTF,MT,ANM,WE,Towers with Radar,29,51,7,16,103,0,1,15,27,43,29,52,22,43,146,18,20,38,184
09/18/2002,GTF,MT,ANM,WE,Towers with Radar,30,48,31,13,122,0,0,24,2,26,30,48,55,15,148,52,4,56,204
09/19/2002,GTF,MT,ANM,WE,Towers with Radar,27,43,17,9,96,0,12,25,4,41,27,55,42,13,137,0,4,4,141
09/20/2002,GTF,MT,ANM,WE,Towers with Radar,37,39,32,18,126,0,4,39,0,43,37,43,71,18,169,12,0,12,181
09/21/2002,GTF,MT,ANM,WE,Towers with Radar,29,24,8,25,86,0,2,22,10,34,29,26,30,35,120,26,8,34,154
09/22/2002,GTF,MT,ANM,WE,Towers with Radar,28,14,13,16,71,0,0,34,0,34,28,14,47,16,105,4,12,16,121
09/23/2002,GTF,MT,ANM,WE,Towers with Radar,23,32,17,9,81,0,0,40,18,58,23,32,57,27,139,16,26,42,181
09/24/2002,GTF,MT,ANM,WE,Towers with Radar,26,45,20,33,124,0,2,9,3,14,26,47,29,36,138,32,20,52,190
09/25/2002,GTF,MT,ANM,WE,Towers with Radar,31,42,10,10,93,0,1,39,20,60,31,43,49,30,153,20,8,28,181
09/26/2002,GTF,MT,ANM,WE,Towers with Radar,34,41,21,6,102,3,12,27,0,42,37,53,48,6,144,0,0,0,144
09/27/2002,GTF,MT,ANM,WE,Towers with Radar,30,34,11,0,75,0,0,6,0,6,30,34,17,0,81,4,0,4,85
09/28/2002,GTF,MT,ANM,WE,Towers with Radar,29,23,20,0,72,0,2,70,0,72,29,25,90,0,144,126,0,126,270
09/29/2002,GTF,MT,ANM,WE,Towers with Radar,28,7,8,0,43,0,2,17,0,19,28,9,25,0,62,24,0,24,86
09/30/2002,GTF,MT,ANM,WE,Towers with Radar,20,34,14,0,68,0,2,13,0,15,20,36,27,0,83,0,0,0,83
10/01/2002,GTF,MT,ANM,WE,Towers with Radar,27,46,17,28,118,0,2,9,0,11,27,48,26,28,129,0,0,0,129
10/02/2002,GTF,MT,ANM,WE,Towers with Radar,28,47,10,11,96,0,4,35,9,48,28,51,45,20,144,6,6,12,156
10/03/2002,GTF,MT,ANM,WE,Towers with Radar,26,48,24,2,100,0,2,10,0,12,26,50,34,2,112,0,4,4,116
10/04/2002,GTF,MT,ANM,WE,Towers with Radar,28,43,11,0,82,0,1,10,0,11,28,44,21,0,93,8,0,8,101
10/05/2002,GTF,MT,ANM,WE,Towers with Radar,24,23,12,7,66,2,0,26,9,37,26,23,38,16,103,8,8,16,119
10/06/2002,GTF,MT,ANM,WE,Towers with Radar,25,6,9,0,40,0,1,20,0,21,25,7,29,0,61,18,0,18,79
10/07/2002,GTF,MT,ANM,WE,Towers with Radar,27,24,5,0,56,0,4,20,0,24,27,28,25,0,80,56,0,56,136
10/08/2002,GTF,MT,ANM,WE,Towers with Radar,30,44,14,0,88,22,1,21,0,44,52,45,35,0,132,50,0,50,182
10/09/2002,GTF,MT,ANM,WE,Towers with Radar,49,39,9,1,98,22,5,29,1,57,71,44,38,2,155,0,0,0,155
10/10/2002,GTF,MT,ANM,WE,Towers with Radar,36,55,15,1,107,11,6,16,1,34,47,61,31,2,141,24,0,24,165
10/11/2002,GTF,MT,ANM,WE,Towers with Radar,36,49,6,5,96,0,0,21,3,24,36,49,27,8,120,38,2,40,160
10/12/2002,GTF,MT,ANM,WE,Towers with Radar,29,20,13,4,66,0,0,67,2,69,29,20,80,6,135,58,16,74,209
10/13/2002,GTF,MT,ANM,WE,Towers with Radar,28,6,7,6,47,0,0,25,0,25,28,6,32,6,72,18,0,18,90
10/14/2002,GTF,MT,ANM,WE,Towers with Radar,28,25,11,2,66,0,4,24,3,31,28,29,35,5,97,2,4,6,103
10/15/2002,GTF,MT,ANM,WE,Towers with Radar,40,40,13,9,102,0,2,16,0,18,40,42,29,9,120,22,8,30,150
10/16/2002,GTF,MT,ANM,WE,Towers with Radar,29,41,23,16,109,0,5,30,6,41,29,46,53,22,150,40,16,56,206
10/17/2002,GTF,MT,ANM,WE,Towers with Radar,27,47,13,15,102,0,9,28,48,85,27,56,41,63,187,4,36,40,227
10/18/2002,GTF,MT,ANM,WE,Towers with Radar,32,33,17,12,94,0,7,42,6,55,32,40,59,18,149,38,14,52,201
10/19/2002,GTF,MT,ANM,WE,Towers with Radar,31,14,6,0,51,0,6,44,0,50,31,20,50,0,101,30,0,30,131
10/20/2002,GTF,MT,ANM,WE,Towers with Radar,24,7,6,0,37,0,0,32,0,32,24,7,38,0,69,10,0,10,79
10/21/2002,GTF,MT,ANM,WE,Towers with Radar,21,32,9,12,74,0,1,12,24,37,21,33,21,36,111,10,24,34,145
10/22/2002,GTF,MT,ANM,WE,Towers with Radar,27,50,15,18,110,0,0,0,0,0,27,50,15,18,110,0,0,0,110
10/23/2002,GTF,MT,ANM,WE,Towers with Radar,28,45,12,18,103,0,1,5,0,6,28,46,17,18,109,0,16,16,125
10/24/2002,GTF,MT,ANM,WE,Towers with Radar,28,47,18,22,115,0,3,22,20,45,28,50,40,42,160,0,0,0,160
10/25/2002,GTF,MT,ANM,WE,Towers with Radar,29,35,13,6,83,0,3,42,0,45,29,38,55,6,128,48,2,50,178
10/26/2002,GTF,MT,ANM,WE,Towers with Radar,30,22,25,1,78,0,2,0,0,2,30,24,25,1,80,6,0,6,86
10/27/2002,GTF,MT,ANM,WE,Towers with Radar,30,7,11,2,50,0,0,41,0,41,30,7,52,2,91,54,0,54,145
10/28/2002,GTF,MT,ANM,WE,Towers with Radar,25,26,13,0,64,0,0,0,0,0,25,26,13,0,64,0,0,0,64
10/29/2002,GTF,MT,ANM,WE,Towers with Radar,30,48,8,4,90,0,0,4,0,4,30,48,12,4,94,0,0,0,94
10/30/2002,GTF,MT,ANM,WE,Towers with Radar,30,44,10,26,110,0,0,8,0,8,30,44,18,26,118,14,0,14,132
10/31/2002,GTF,MT,ANM,WE,Towers with Radar,30,44,7,28,109,0,8,13,22,43,30,52,20,50,152,18,20,38,190
11/01/2002,GTF,MT,ANM,WE,Towers with Radar,31,37,5,20,93,1,7,11,22,41,32,44,16,42,134,0,40,40,174
11/02/2002,GTF,MT,ANM,WE,Towers with Radar,29,21,6,19,75,1,7,20,24,52,30,28,26,43,127,8,20,28,155
11/03/2002,GTF,MT,ANM,WE,Towers with Radar,24,13,6,16,59,1,0,59,8,68,25,13,65,24,127,66,8,74,201
11/04/2002,GTF,MT,ANM,WE,Towers with Radar,28,28,2,15,73,0,2,22,44,68,28,30,24,59,141,38,28,66,207
11/05/2002,GTF,MT,ANM,WE,Towers with Radar,26,41,14,17,98,0,2,19,54,75,26,43,33,71,173,16,40,56,229
11/06/2002,GTF,MT,ANM,WE,Towers with Radar,29,36,11,20,96,0,7,16,24,47,29,43,27,44,143,18,14,32,175
11/07/2002,GTF,MT,ANM,WE,Towers with Radar,27,39,11,20,97,0,4,16,31,51,27,43,27,51,148,0,16,16,164
11/08/2002,GTF,MT,ANM,WE,Towers with Radar,30,45,2,0,77,0,0,2,6,8,30,45,4,6,85,0,2,2,87
11/09/2002,GTF,MT,ANM,WE,Towers with Radar,18,29,14,0,61,0,2,23,0,25,18,31,37,0,86,20,0,20,106
11/10/2002,GTF,MT,ANM,WE,Towers with Radar,31,4,24,0,59,0,0,29,0,29,31,4,53,0,88,20,0,20,108
11/11/2002,GTF,MT,ANM,WE,Towers with Radar,27,25,11,0,63,0,5,14,0,19,27,30,25,0,82,16,0,16,98
11/12/2002,GTF,MT,ANM,WE,Towers with Radar,31,40,9,8,88,0,5,6,6,17,31,45,15,14,105,6,6,12,117
11/13/2002,GTF,MT,ANM,WE,Towers with Radar,29,38,16,58,141,0,6,11,60,77,29,44,27,118,218,10,50,60,278
11/14/2002,GTF,MT,ANM,WE,Towers with Radar,29,55,10,39,133,0,0,4,41,45,29,55,14,80,178,0,38,38,216
11/15/2002,GTF,MT,ANM,WE,Towers with Radar,30,42,9,39,120,0,3,15,20,38,30,45,24,59,158,6,34,40,198
11/16/2002,GTF,MT,ANM,WE,Towers with Radar,28,19,9,43,99,0,2,30,42,74,28,21,39,85,173,50,48,98,271
11/17/2002,GTF,MT,ANM,WE,Towers with Radar,30,7,4,18,59,0,1,3,18,22,30,8,7,36,81,0,12,12,93
11/18/2002,GTF,MT,ANM,WE,Towers with Radar,21,29,14,26,90,0,1,3,16,20,21,30,17,42,110,2,16,18,128
11/19/2002,GTF,MT,ANM,WE,Towers with Radar,28,47,4,30,109,0,4,2,7,13,28,51,6,37,122,0,10,10,132
11/20/2002,GTF,MT,ANM,WE,Towers with Radar,31,41,9,26,107,0,2,11,1,14,31,43,20,27,121,6,0,6,127
11/21/2002,GTF,MT,ANM,WE,Towers with Radar,32,40,7,44,123,16,6,18,31,71,48,46,25,75,194,12,14,26,220
11/22/2002,GTF,MT,ANM,WE,Towers with Radar,27,39,3,2,71,0,0,13,0,13,27,39,16,2,84,12,0,12,96
11/23/2002,GTF,MT,ANM,WE,Towers with Radar,32,20,19,0,71,0,0,48,0,48,32,20,67,0,119,122,0,122,241
11/24/2002,GTF,MT,ANM,WE,Towers with Radar,28,7,25,0,60,0,3,25,2,30,28,10,50,2,90,30,0,30,120
11/25/2002,GTF,MT,ANM,WE,Towers with Radar,27,27,16,18,88,0,0,10,18,28,27,27,26,36,116,8,18,26,142
11/26/2002,GTF,MT,ANM,WE,Towers with Radar,31,36,9,37,113,0,7,25,30,62,31,43,34,67,175,0,56,56,231
11/27/2002,GTF,MT,ANM,WE,Towers with Radar,34,53,4,0,91,0,1,7,0,8,34,54,11,0,99,8,0,8,107
11/28/2002,GTF,MT,ANM,WE,Towers with Radar,22,14,1,0,37,0,0,14,0,14,22,14,15,0,51,0,0,0,51
11/29/2002,GTF,MT,ANM,WE,Towers with Radar,24,42,3,0,69,0,0,28,0,28,24,42,31,0,97,60,0,60,157
11/30/2002,GTF,MT,ANM,WE,Towers with Radar,22,23,5,2,52,0,1,50,0,51,22,24,55,2,103,30,0,30,133
12/01/2002,GTF,MT,ANM,WE,Towers with Radar,28,8,9,1,46,1,0,32,0,33,29,8,41,1,79,14,0,14,93
12/02/2002,GTF,MT,ANM,WE,Towers with Radar,28,33,13,2,76,0,1,5,0,6,28,34,18,2,82,8,0,8,90
12/03/2002,GTF,MT,ANM,WE,Towers with Radar,28,40,14,0,82,0,18,7,0,25,28,58,21,0,107,8,0,8,115
12/04/2002,GTF,MT,ANM,WE,Towers with Radar,30,47,8,28,113,0,2,8,19,29,30,49,16,47,142,2,8,10,152
12/05/2002,GTF,MT,ANM,WE,Towers with Radar,29,46,17,52,144,0,3,32,72,107,29,49,49,124,251,0,50,50,301
12/06/2002,GTF,MT,ANM,WE,Towers with Radar,35,39,14,48,136,0,3,29,11,43,35,42,43,59,179,16,22,38,217
12/07/2002,GTF,MT,ANM,WE,Towers with Radar,28,24,15,37,104,0,1,44,60,105,28,25,59,97,209,92,50,142,351
12/08/2002,GTF,MT,ANM,WE,Towers with Radar,29,6,13,17,65,7,0,42,34,83,36,6,55,51,148,30,22,52,200
12/09/2002,GTF,MT,ANM,WE,Towers with Radar,26,28,15,28,97,0,4,13,11,28,26,32,28,39,125,10,18,28,153
12/10/2002,GTF,MT,ANM,WE,Towers with Radar,27,52,22,37,138,0,7,18,39,64,27,59,40,76,202,24,36,60,262
12/11/2002,GTF,MT,ANM,WE,Towers with Radar,32,46,15,23,116,0,7,19,6,32,32,53,34,29,148,0,6,6,154
12/12/2002,GTF,MT,ANM,WE,Towers with Radar,34,48,10,27,119,4,11,13,44,72,38,59,23,71,191,4,30,34,225
12/13/2002,GTF,MT,ANM,WE,Towers with Radar,38,48,9,0,95,6,4,13,0,23,44,52,22,0,118,16,0,16,134
12/14/2002,GTF,MT,ANM,WE,Towers with Radar,28,24,7,2,61,0,1,17,0,18,28,25,24,2,79,22,0,22,101
12/15/2002,GTF,MT,ANM,WE,Towers with Radar,31,5,11,0,47,0,1,24,0,25,31,6,35,0,72,26,0,26,98
12/16/2002,GTF,MT,ANM,WE,Towers with Radar,25,29,8,0,62,0,1,9,0,10,25,30,17,0,72,24,0,24,96
12/17/2002,GTF,MT,ANM,WE,Towers with Radar,31,46,14,34,125,0,9,29,39,77,31,55,43,73,202,42,24,66,268
12/18/2002,GTF,MT,ANM,WE,Towers with Radar,34,43,8,29,114,0,2,17,13,32,34,45,25,42,146,16,12,28,174
12/19/2002,GTF,MT,ANM,WE,Towers with Radar,24,44,20,28,116,0,3,26,22,51,24,47,46,50,167,16,22,38,205
12/20/2002,GTF,MT,ANM,WE,Towers with Radar,25,57,5,11,98,0,1,19,28,48,25,58,24,39,146,0,72,72,218
12/21/2002,GTF,MT,ANM,WE,Towers with Radar,21,38,20,0,79,0,4,57,0,61,21,42,77,0,140,44,0,44,184
12/22/2002,GTF,MT,ANM,WE,Towers with Radar,28,9,21,0,58,0,5,56,0,61,28,14,77,0,119,150,0,150,269
12/23/2002,GTF,MT,ANM,WE,Towers with Radar,19,34,4,23,80,0,3,18,21,42,19,37,22,44,122,14,38,52,174
12/24/2002,GTF,MT,ANM,WE,Towers with Radar,21,50,4,6,81,0,4,14,0,18,21,54,18,6,99,0,16,16,115
12/25/2002,GTF,MT,ANM,WE,Towers with Radar,13,7,2,0,22,0,0,4,0,4,13,7,6,0,26,0,0,0,26
12/26/2002,GTF,MT,ANM,WE,Towers with Radar,21,43,9,0,73,0,1,28,0,29,21,44,37,0,102,14,0,14,116
12/27/2002,GTF,MT,ANM,WE,Towers with Radar,26,42,5,26,99,0,0,5,2,7,26,42,10,28,106,0,6,6,112
12/28/2002,GTF,MT,ANM,WE,Towers with Radar,27,24,7,0,58,0,0,10,0,10,27,24,17,0,68,10,0,10,78
12/29/2002,GTF,MT,ANM,WE,Towers with Radar,29,10,1,0,40,0,0,17,0,17,29,10,18,0,57,10,0,10,67
12/30/2002,GTF,MT,ANM,WE,Towers with Radar,22,29,1,0,52,0,0,7,0,7,22,29,8,0,59,0,0,0,59
12/31/2002,GTF,MT,ANM,WE,Towers with Radar,22,46,3,13,84,0,0,6,30,36,22,46,9,43,120,0,12,12,132
01/01/2003,GTF,MT,ANM,WE,Towers with Radar,15,17,7,0,39,1,0,11,0,12,16,17,18,0,51,8,0,8,59
01/02/2003,GTF,MT,ANM,WE,Towers with Radar,23,42,7,48,120,0,1,10,5,16,23,43,17,53,136,0,16,16,152
01/03/2003,GTF,MT,ANM,WE,Towers with Radar,25,40,6,3,74,0,8,4,2,14,25,48,10,5,88,6,6,12,100
01/04/2003,GTF,MT,ANM,WE,Towers with Radar,23,19,12,31,85,0,0,33,0,33,23,19,45,31,118,64,0,64,182
01/05/2003,GTF,MT,ANM,WE,Towers with Radar,22,7,6,0,35,0,0,18,0,18,22,7,24,0,53,36,0,36,89
01/06/2003,GTF,MT,ANM,WE,Towers with Radar,20,26,2,37,85,0,2,11,13,26,20,28,13,50,111,0,26,26,137
01/07/2003,GTF,MT,ANM,WE,Towers with Radar,31,51,8,29,119,0,5,15,3,23,31,56,23,32,142,0,4,4,146
01/08/2003,GTF,MT,ANM,WE,Towers with Radar,31,42,11,21,105,0,1,18,3,22,31,43,29,24,127,2,20,22,149
01/09/2003,GTF,MT,ANM,WE,Towers with Radar,31,44,9,33,117,0,4,25,15,44,31,48,34,48,161,24,26,50,211
01/10/2003,GTF,MT,ANM,WE,Towers with Radar,27,50,15,7,99,0,3,28,5,36,27,53,43,12,135,0,0,0,135
01/11/2003,GTF,MT,ANM,WE,Towers with Radar,29,19,13,3,64,0,0,37,4,41,29,19,50,7,105,38,2,40,145
01/12/2003,GTF,MT,ANM,WE,Towers with Radar,26,8,14,0,48,1,0,24,0,25,27,8,38,0,73,56,0,56,129
01/13/2003,GTF,MT,ANM,WE,Towers with Radar,22,31,10,31,94,0,0,10,15,25,22,31,20,46,119,16,10,26,145
01/14/2003,GTF,MT,ANM,WE,Towers with Radar,26,56,18,28,128,0,0,13,43,56,26,56,31,71,184,28,36,64,248
01/15/2003,GTF,MT,ANM,WE,Towers with Radar,29,46,4,29,108,0,5,7,36,48,29,51,11,65,156,0,24,24,180
01/16/2003,GTF,MT,ANM,WE,Towers with Radar,30,53,10,32,125,1,4,16,32,53,31,57,26,64,178,0,24,24,202
01/17/2003,GTF,MT,ANM,WE,Towers with Radar,29,38,7,3,77,0,3,16,5,24,29,41,23,8,101,0,4,4,105
01/18/2003,GTF,MT,ANM,WE,Towers with Radar,32,26,17,0,75,0,1,27,1,29,32,27,44,1,104,38,0,38,142
01/19/2003,GTF,MT,ANM,WE,Towers with Radar,28,8,4,0,40,0,0,13,0,13,28,8,17,0,53,6,0,6,59
01/20/2003,GTF,MT,ANM,WE,Towers with Radar,21,30,12,0,63,0,2,4,0,6,21,32,16,0,69,10,0,10,79
01/21/2003,GTF,MT,ANM,WE,Towers with Radar,26,40,9,0,75,0,22,4,0,26,26,62,13,0,101,6,0,6,107
01/22/2003,GTF,MT,ANM,WE,Towers with Radar,30,42,10,21,103,0,7,9,70,86,30,49,19,91,189,0,58,58,247
01/23/2003,GTF,MT,ANM,WE,Towers with Radar,29,49,13,24,115,0,0,8,14,22,29,49,21,38,137,0,0,0,137
01/24/2003,GTF,MT,ANM,WE,Towers with Radar,31,40,4,20,95,0,0,0,10,10,31,40,4,30,105,0,20,20,125
01/25/2003,GTF,MT,ANM,WE,Towers with Radar,20,23,6,0,49,13,0,7,0,20,33,23,13,0,69,0,0,0,69
01/26/2003,GTF,MT,ANM,WE,Towers with Radar,27,10,8,0,45,0,0,10,0,10,27,10,18,0,55,36,0,36,91
01/27/2003,GTF,MT,ANM,WE,Towers with Radar,23,27,10,0,60,0,1,8,0,9,23,28,18,0,69,0,0,0,69
01/28/2003,GTF,MT,ANM,WE,Towers with Radar,23,50,15,27,115,0,2,16,11,29,23,52,31,38,144,12,10,22,166
01/29/2003,GTF,MT,ANM,WE,Towers with Radar,32,39,9,41,121,0,5,11,76,92,32,44,20,117,213,0,54,54,267
01/30/2003,GTF,MT,ANM,WE,Towers with Radar,24,42,11,26,103,0,2,8,12,22,24,44,19,38,125,0,10,10,135
01/31/2003,GTF,MT,ANM,WE,Towers with Radar,27,40,5,34,106,0,2,4,6,12,27,42,9,40,118,0,0,0,118
02/01/2003,GTF,MT,ANM,WE,Towers with Radar,27,29,9,31,96,0,0,17,36,53,27,29,26,67,149,64,32,96,245
02/02/2003,GTF,MT,ANM,WE,Towers with Radar,23,5,22,23,73,0,2,31,4,37,23,7,53,27,110,34,4,38,148
02/03/2003,GTF,MT,ANM,WE,Towers with Radar,28,32,3,36,99,0,0,7,41,48,28,32,10,77,147,22,22,44,191
02/04/2003,GTF,MT,ANM,WE,Towers with Radar,29,50,9,23,111,0,0,10,1,11,29,50,19,24,122,0,0,0,122
02/05/2003,GTF,MT,ANM,WE,Towers with Radar,33,48,6,16,103,0,2,0,1,3,33,50,6,17,106,4,0,4,110
02/06/2003,GTF,MT,ANM,WE,Towers with Radar,28,51,5,42,126,0,2,24,3,29,28,53,29,45,155,14,20,34,189
02/07/2003,GTF,MT,ANM,WE,Towers with Radar,29,44,18,8,99,0,1,3,2,6,29,45,21,10,105,4,4,8,113
02/08/2003,GTF,MT,ANM,WE,Towers with Radar,21,24,8,0,53,9,0,8,0,17,30,24,16,0,70,0,0,0,70
02/09/2003,GTF,MT,ANM,WE,Towers with Radar,32,10,11,3,56,0,0,19,1,20,32,10,30,4,76,54,0,54,130
02/10/2003,GTF,MT,ANM,WE,Towers with Radar,23,23,11,38,95,0,3,6,25,34,23,26,17,63,129,10,18,28,157
02/11/2003,GTF,MT,ANM,WE,Towers with Radar,32,51,12,22,117,0,5,21,23,49,32,56,33,45,166,36,12,48,214
02/12/2003,GTF,MT,ANM,WE,Towers with Radar,34,38,5,10,87,0,4,34,41,79,34,42,39,51,166,12,26,38,204
02/13/2003,GTF,MT,ANM,WE,Towers with Radar,27,45,21,35,128,0,8,57,20,85,27,53,78,55,213,26,16,42,255
02/14/2003,GTF,MT,ANM,WE,Towers with Radar,23,45,11,0,79,0,0,2,0,2,23,45,13,0,81,10,0,10,91
02/15/2003,GTF,MT,ANM,WE,Towers with Radar,29,23,28,0,80,0,2,23,0,25,29,25,51,0,105,16,2,18,123
02/16/2003,GTF,MT,ANM,WE,Towers with Radar,25,5,6,0,36,0,2,18,0,20,25,7,24,0,56,70,0,70,126
02/17/2003,GTF,MT,ANM,WE,Towers with Radar,25,21,11,0,57,0,3,21,0,24,25,24,32,0,81,24,0,24,105
02/18/2003,GTF,MT,ANM,WE,Towers with Radar,26,40,6,6,78,0,8,36,0,44,26,48,42,6,122,36,6,42,164
02/19/2003,GTF,MT,ANM,WE,Towers with Radar,31,34,8,25,98,0,6,18,21,45,31,40,26,46,143,2,14,16,159
02/20/2003,GTF,MT,ANM,WE,Towers with Radar,30,49,13,20,112,0,6,14,11,31,30,55,27,31,143,0,2,2,145
02/21/2003,GTF,MT,ANM,WE,Towers with Radar,26,42,14,24,106,0,0,5,0,5,26,42,19,24,111,0,0,0,111
02/22/2003,GTF,MT,ANM,WE,Towers with Radar,32,21,6,0,59,0,0,0,0,0,32,21,6,0,59,0,0,0,59
02/23/2003,GTF,MT,ANM,WE,Towers with Radar,26,8,0,0,34,0,0,3,0,3,26,8,3,0,37,0,0,0,37
02/24/2003,GTF,MT,ANM,WE,Towers with Radar,24,28,7,6,65,0,1,13,4,18,24,29,20,10,83,2,0,2,85
02/25/2003,GTF,MT,ANM,WE,Towers with Radar,24,47,10,24,105,0,5,42,29,76,24,52,52,53,181,42,30,72,253
02/26/2003,GTF,MT,ANM,WE,Towers with Radar,32,39,19,18,108,0,6,17,26,49,32,45,36,44,157,26,14,40,197
02/27/2003,GTF,MT,ANM,WE,Towers with Radar,28,59,17,14,118,0,1,0,0,1,28,60,17,14,119,0,0,0,119
02/28/2003,GTF,MT,ANM,WE,Towers with Radar,28,43,11,21,103,0,2,11,9,22,28,45,22,30,125,2,24,26,151
03/01/2003,GTF,MT,ANM,WE,Towers with Radar,27,24,11,13,75,0,0,11,27,38,27,24,22,40,113,12,10,22,135
03/02/2003,GTF,MT,ANM,WE,Towers with Radar,25,7,6,17,55,0,1,2,6,9,25,8,8,23,64,14,4,18,82
03/03/2003,GTF,MT,ANM,WE,Towers with Radar,32,26,4,0,62,0,2,0,0,2,32,28,4,0,64,0,0,0,64
03/04/2003,GTF,MT,ANM,WE,Towers with Radar,26,54,16,14,110,0,2,11,0,13,26,56,27,14,123,10,0,10,133
03/05/2003,GTF,MT,ANM,WE,Towers with Radar,33,46,8,19,106,0,1,0,6,7,33,47,8,25,113,0,6,6,119
03/06/2003,GTF,MT,ANM,WE,Towers with Radar,25,53,9,10,97,0,1,0,0,1,25,54,9,10,98,0,0,0,98
03/07/2003,GTF,MT,ANM,WE,Towers with Radar,32,44,14,2,92,0,1,0,0,1,32,45,14,2,93,8,0,8,101
03/08/2003,GTF,MT,ANM,WE,Towers with Radar,34,17,13,2,66,0,1,5,0,6,34,18,18,2,72,4,0,4,76
03/09/2003,GTF,MT,ANM,WE,Towers with Radar,29,8,5,0,42,0,1,1,0,2,29,9,6,0,44,0,0,0,44
03/10/2003,GTF,MT,ANM,WE,Towers with Radar,23,24,9,21,77,0,2,10,13,25,23,26,19,34,102,0,20,20,122
03/11/2003,GTF,MT,ANM,WE,Towers with Radar,30,49,14,21,114,2,7,18,7,34,32,56,32,28,148,34,4,38,186
03/12/2003,GTF,MT,ANM,WE,Towers with Radar,34,47,21,21,123,0,4,31,23,58,34,51,52,44,181,22,22,44,225
03/13/2003,GTF,MT,ANM,WE,Towers with Radar,27,43,17,29,116,0,10,14,0,24,27,53,31,29,140,16,8,24,164
03/14/2003,GTF,MT,ANM,WE,Towers with Radar,32,36,12,2,82,0,6,30,0,36,32,42,42,2,118,18,0,18,136
03/15/2003,GTF,MT,ANM,WE,Towers with Radar,21,17,15,0,53,0,3,53,0,56,21,20,68,0,109,98,0,98,207
03/16/2003,GTF,MT,ANM,WE,Towers with Radar,38,8,8,0,54,0,1,30,0,31,38,9,38,0,85,30,0,30,115
03/17/2003,GTF,MT,ANM,WE,Towers with Radar,22,23,23,5,73,0,4,34,0,38,22,27,57,5,111,54,6,60,171
03/18/2003,GTF,MT,ANM,WE,Towers with Radar,24,46,21,36,127,0,2,8,3,13,24,48,29,39,140,46,38,84,224
03/19/2003,GTF,MT,ANM,WE,Towers with Radar,34,45,16,29,124,0,7,58,19,84,34,52,74,48,208,30,12,42,250
03/20/2003,GTF,MT,ANM,WE,Towers with Radar,34,56,11,19,120,0,8,21,15,44,34,64,32,34,164,0,16,16,180
03/21/2003,GTF,MT,ANM,WE,Towers with Radar,34,39,20,23,116,0,11,26,13,50,34,50,46,36,166,16,24,40,206
03/22/2003,GTF,MT,ANM,WE,Towers with Radar,29,18,16,19,82,0,2,17,37,56,29,20,33,56,138,28,28,56,194
03/23/2003,GTF,MT,ANM,WE,Towers with Radar,28,9,8,7,52,0,3,14,4,21,28,12,22,11,73,8,8,16,89
03/24/2003,GTF,MT,ANM,WE,Towers with Radar,23,24,6,21,74,0,3,8,30,41,23,27,14,51,115,0,50,50,165
03/25/2003,GTF,MT,ANM,WE,Towers with Radar,25,46,15,19,105,0,9,32,9,50,25,55,47,28,155,30,12,42,197
03/26/2003,GTF,MT,ANM,WE,Towers with Radar,40,44,18,21,123,0,6,38,3,47,40,50,56,24,170,68,0,68,238
03/27/2003,GTF,MT,ANM,WE,Towers with Radar,33,51,10,14,108,0,0,2,0,2,33,51,12,14,110,0,0,0,110
03/28/2003,GTF,MT,ANM,WE,Towers with Radar,37,46,27,0,110,0,6,52,0,58,37,52,79,0,168,44,0,44,212
03/29/2003,GTF,MT,ANM,WE,Towers with Radar,31,19,7,2,59,0,2,36,0,38,31,21,43,2,97,48,0,48,145
03/30/2003,GTF,MT,ANM,WE,Towers with Radar,21,9,9,4,43,10,0,18,0,28,31,9,27,4,71,4,0,4,75
03/31/2003,GTF,MT,ANM,WE,Towers with Radar,25,30,5,3,63,0,4,18,0,22,25,34,23,3,85,2,2,4,89
04/01/2003,GTF,MT,ANM,WE,Towers with Radar,25,46,12,17,100,1,4,13,10,28,26,50,25,27,128,14,8,22,150
04/02/2003,GTF,MT,ANM,WE,Towers with Radar,28,42,7,2,79,1,0,0,0,1,29,42,7,2,80,0,0,0,80
04/03/2003,GTF,MT,ANM,WE,Towers with Radar,23,49,16,24,112,1,3,21,56,81,24,52,37,80,193,46,30,76,269
04/04/2003,GTF,MT,ANM,WE,Towers with Radar,23,38,16,33,110,1,3,25,9,38,24,41,41,42,148,38,8,46,194
04/05/2003,GTF,MT,ANM,WE,Towers with Radar,29,30,17,23,99,0,0,24,42,66,29,30,41,65,165,20,6,26,191
04/06/2003,GTF,MT,ANM,WE,Towers with Radar,27,6,7,31,71,1,0,34,0,35,28,6,41,31,106,70,6,76,182
04/07/2003,GTF,MT,ANM,WE,Towers with Radar,28,21,10,25,84,2,2,32,0,36,30,23,42,25,120,64,18,82,202
04/08/2003,GTF,MT,ANM,WE,Towers with Radar,26,52,15,21,114,1,4,26,23,54,27,56,41,44,168,4,16,20,188
04/09/2003,GTF,MT,ANM,WE,Towers with Radar,27,41,18,9,95,1,9,15,0,25,28,50,33,9,120,10,6,16,136
04/10/2003,GTF,MT,ANM,WE,Towers with Radar,22,43,20,14,99,1,5,55,17,78,23,48,75,31,177,46,20,66,243
04/11/2003,GTF,MT,ANM,WE,Towers with Radar,34,37,10,1,82,0,9,33,0,42,34,46,43,1,124,26,4,30,154
04/12/2003,GTF,MT,ANM,WE,Towers with Radar,28,18,13,0,59,0,1,58,0,59,28,19,71,0,118,50,0,50,168
04/13/2003,GTF,MT,ANM,WE,Towers with Radar,25,8,17,1,51,0,1,51,0,52,25,9,68,1,103,110,0,110,213
04/14/2003,GTF,MT,ANM,WE,Towers with Radar,24,25,7,0,56,0,2,16,0,18,24,27,23,0,74,26,0,26,100
04/15/2003,GTF,MT,ANM,WE,Towers with Radar,24,52,6,23,105,0,2,19,2,23,24,54,25,25,128,28,4,32,160
04/16/2003,GTF,MT,ANM,WE,Towers with Radar,34,45,8,24,111,0,7,56,8,71,34,52,64,32,182,116,8,124,306
04/17/2003,GTF,MT,ANM,WE,Towers with Radar,28,50,9,34,121,0,6,31,13,50,28,56,40,47,171,0,16,16,187
04/18/2003,GTF,MT,ANM,WE,Towers with Radar,31,46,15,14,106,0,1,13,0,14,31,47,28,14,120,12,0,12,132
04/19/2003,GTF,MT,ANM,WE,Towers with Radar,35,21,12,1,69,0,4,81,1,86,35,25,93,2,155,122,2,124,279
04/20/2003,GTF,MT,ANM,WE,Towers with Radar,32,11,10,1,54,0,3,36,0,39,32,14,46,1,93,34,0,34,127
04/21/2003,GTF,MT,ANM,WE,Towers with Radar,23,26,5,17,71,0,6,48,17,71,23,32,53,34,142,22,24,46,188
04/22/2003,GTF,MT,ANM,WE,Towers with Radar,27,41,9,25,102,0,6,42,18,66,27,47,51,43,168,26,16,42,210
04/23/2003,GTF,MT,ANM,WE,Towers with Radar,30,42,5,15,92,0,3,28,16,47,30,45,33,31,139,18,10,28,167
04/24/2003,GTF,MT,ANM,WE,Towers with Radar,29,41,8,20,98,0,5,37,38,80,29,46,45,58,178,0,38,38,216
04/25/2003,GTF,MT,ANM,WE,Towers with Radar,28,35,12,5,80,2,13,23,0,38,30,48,35,5,118,28,2,30,148
04/26/2003,GTF,MT,ANM,WE,Towers with Radar,22,27,8,0,57,14,1,13,0,28,36,28,21,0,85,62,0,62,147
04/27/2003,GTF,MT,ANM,WE,Towers with Radar,31,18,19,0,68,0,0,20,0,20,31,18,39,0,88,26,0,26,114
04/28/2003,GTF,MT,ANM,WE,Towers with Radar,23,27,4,1,55,0,0,8,0,8,23,27,12,1,63,0,0,0,63
04/29/2003,GTF,MT,ANM,WE,Towers with Radar,27,47,13,13,100,0,0,0,0,0,27,47,13,13,100,0,0,0,100
04/30/2003,GTF,MT,ANM,WE,Towers with Radar,32,55,17,15,119,0,6,8,0,14,32,61,25,15,133,14,0,14,147
05/01/2003,GTF,MT,ANM,WE,Towers with Radar,34,46,15,34,129,0,1,35,25,61,34,47,50,59,190,38,20,58,248
05/02/2003,GTF,MT,ANM,WE,Towers with Radar,29,39,6,13,87,0,6,25,3,34,29,45,31,16,121,22,4,26,147
05/03/2003,GTF,MT,ANM,WE,Towers with Radar,28,18,12,13,71,0,1,16,9,26,28,19,28,22,97,18,6,24,121
05/04/2003,GTF,MT,ANM,WE,Towers with Radar,24,17,20,24,85,0,0,8,0,8,24,17,28,24,93,50,0,50,143
05/05/2003,GTF,MT,ANM,WE,Towers with Radar,20,37,3,26,86,0,0,3,1,4,20,37,6,27,90,18,4,22,112
05/06/2003,GTF,MT,ANM,WE,Towers with Radar,25,53,9,22,109,0,0,14,35,49,25,53,23,57,158,8,30,38,196
05/07/2003,GTF,MT,ANM,WE,Towers with Radar,31,42,17,31,121,0,3,35,19,57,31,45,52,50,178,36,18,54,232
05/08/2003,GTF,MT,ANM,WE,Towers with Radar,27,50,30,25,132,0,1,3,5,9,27,51,33,30,141,14,4,18,159
05/09/2003,GTF,MT,ANM,WE,Towers with Radar,24,51,22,1,98,0,0,5,3,8,24,51,27,4,106,8,0,8,114
05/10/2003,GTF,MT,ANM,WE,Towers with Radar,25,33,15,0,73,0,0,7,0,7,25,33,22,0,80,10,0,10,90
05/11/2003,GTF,MT,ANM,WE,Towers with Radar,23,14,16,0,53,0,2,42,0,44,23,16,58,0,97,50,0,50,147
05/12/2003,GTF,MT,ANM,WE,Towers with Radar,21,24,13,2,60,0,3,26,1,30,21,27,39,3,90,10,0,10,100
05/13/2003,GTF,MT,ANM,WE,Towers with Radar,24,54,17,14,109,0,6,35,26,67,24,60,52,40,176,24,22,46,222
05/14/2003,GTF,MT,ANM,WE,Towers with Radar,25,34,9,18,86,0,14,63,13,90,25,48,72,31,176,38,11,49,225
05/15/2003,GTF,MT,ANM,WE,Towers with Radar,28,35,18,17,98,0,12,25,14,51,28,47,43,31,149,0,6,6,155
05/16/2003,GTF,MT,ANM,WE,Towers with Radar,26,33,15,13,87,2,13,14,5,34,28,46,29,18,121,0,10,10,131
05/17/2003,GTF,MT,ANM,WE,Towers with Radar,25,25,19,0,69,0,4,24,0,28,25,29,43,0,97,12,0,12,109
05/18/2003,GTF,MT,ANM,WE,Towers with Radar,23,18,34,0,75,0,0,0,0,0,23,18,34,0,75,0,0,0,75
05/19/2003,GTF,MT,ANM,WE,Towers with Radar,20,28,15,21,84,0,5,15,2,22,20,33,30,23,106,6,42,48,154
05/20/2003,GTF,MT,ANM,WE,Towers with Radar,27,46,34,17,124,0,15,79,36,130,27,61,113,53,254,148,30,178,432
05/21/2003,GTF,MT,ANM,WE,Towers with Radar,29,50,5,20,104,0,7,21,31,59,29,57,26,51,163,0,28,28,191
05/22/2003,GTF,MT,ANM,WE,Towers with Radar,27,45,12,42,126,0,6,47,25,78,27,51,59,67,204,32,4,36,240
05/23/2003,GTF,MT,ANM,WE,Towers with Radar,24,41,25,1,91,0,6,28,1,35,24,47,53,2,126,28,0,28,154
05/24/2003,GTF,MT,ANM,WE,Towers with Radar,26,20,10,4,60,0,4,35,1,40,26,24,45,5,100,22,0,22,122
05/25/2003,GTF,MT,ANM,WE,Towers with Radar,13,14,8,0,35,13,0,23,0,36,26,14,31,0,71,18,0,18,89
05/26/2003,GTF,MT,ANM,WE,Towers with Radar,22,12,15,0,49,0,1,36,0,37,22,13,51,0,86,0,0,0,86
05/27/2003,GTF,MT,ANM,WE,Towers with Radar,22,20,16,5,63,0,4,34,0,38,22,24,50,5,101,8,4,12,113
05/28/2003,GTF,MT,ANM,WE,Towers with Radar,31,47,15,20,113,0,10,32,42,84,31,57,47,62,197,16,42,58,255
05/29/2003,GTF,MT,ANM,WE,Towers with Radar,31,37,2,18,88,0,7,32,38,77,31,44,34,56,165,0,16,16,181
05/30/2003,GTF,MT,ANM,WE,Towers with Radar,31,47,15,17,110,0,11,25,50,86,31,58,40,67,196,4,32,36,232
05/31/2003,GTF,MT,ANM,WE,Towers with Radar,26,27,14,38,105,0,0,23,39,62,26,27,37,77,167,4,28,32,199
06/01/2003,GTF,MT,ANM,WE,Towers with Radar,20,12,7,12,51,1,0,24,12,37,21,12,31,24,88,0,12,12,100
06/02/2003,GTF,MT,ANM,WE,Towers with Radar,20,30,10,22,82,0,3,22,4,29,20,33,32,26,111,38,36,74,185
06/03/2003,GTF,MT,ANM,WE,Towers with Radar,31,53,25,13,122,0,7,35,3,45,31,60,60,16,167,46,10,56,223
06/04/2003,GTF,MT,ANM,WE,Towers with Radar,30,40,23,7,100,0,21,38,1,60,30,61,61,8,160,2,2,4,164
06/05/2003,GTF,MT,ANM,WE,Towers with Radar,30,44,31,24,129,0,8,82,4,94,30,52,113,28,223,54,2,56,279
06/06/2003,GTF,MT,ANM,WE,Towers with Radar,22,48,13,2,85,0,3,20,2,25,22,51,33,4,110,6,0,6,116
06/07/2003,GTF,MT,ANM,WE,Towers with Radar,22,15,21,4,62,0,3,56,0,59,22,18,77,4,121,46,0,46,167
06/08/2003,GTF,MT,ANM,WE,Towers with Radar,21,13,15,6,55,0,0,27,0,27,21,13,42,6,82,46,0,46,128
06/09/2003,GTF,MT,ANM,WE,Towers with Radar,20,32,26,2,80,0,0,19,0,19,20,32,45,2,99,10,2,12,111
06/10/2003,GTF,MT,ANM,WE,Towers with Radar,26,37,12,2,77,0,4,40,0,44,26,41,52,2,121,40,0,40,161
06/11/2003,GTF,MT,ANM,WE,Towers with Radar,27,31,18,6,82,0,4,33,0,37,27,35,51,6,119,20,2,22,141
06/12/2003,GTF,MT,ANM,WE,Towers with Radar,27,40,14,5,86,0,6,59,0,65,27,46,73,5,151,40,4,44,195
06/13/2003,GTF,MT,ANM,WE,Towers with Radar,27,36,9,15,87,0,2,30,0,32,27,38,39,15,119,22,6,28,147
06/14/2003,GTF,MT,ANM,WE,Towers with Radar,22,18,8,4,52,0,3,41,6,50,22,21,49,10,102,16,6,22,124
06/15/2003,GTF,MT,ANM,WE,Towers with Radar,23,16,7,0,46,0,2,38,0,40,23,18,45,0,86,32,0,32,118
06/16/2003,GTF,MT,ANM,WE,Towers with Radar,20,25,13,5,63,0,11,43,0,54,20,36,56,5,117,32,0,32,149
06/17/2003,GTF,MT,ANM,WE,Towers with Radar,27,40,12,4,83,0,4,42,1,47,27,44,54,5,130,2,6,8,138
06/18/2003,GTF,MT,ANM,WE,Towers with Radar,31,36,14,3,84,0,6,25,0,31,31,42,39,3,115,10,2,12,127
06/19/2003,GTF,MT,ANM,WE,Towers with Radar,27,42,13,9,91,0,7,23,1,31,27,49,36,10,122,50,2,52,174
06/20/2003,GTF,MT,ANM,WE,Towers with Radar,25,32,20,4,81,0,5,36,0,41,25,37,56,4,122,46,6,52,174
06/21/2003,GTF,MT,ANM,WE,Towers with Radar,16,20,11,2,49,7,6,44,0,57,23,26,55,2,106,16,0,16,122
06/22/2003,GTF,MT,ANM,WE,Towers with Radar,20,12,25,1,58,0,0,39,1,40,20,12,64,2,98,52,0,52,150
06/23/2003,GTF,MT,ANM,WE,Towers with Radar,17,28,28,5,78,0,1,35,1,37,17,29,63,6,115,28,10,38,153
06/24/2003,GTF,MT,ANM,WE,Towers with Radar,27,44,29,9,109,0,4,45,15,64,27,48,74,24,173,72,10,82,255
06/25/2003,GTF,MT,ANM,WE,Towers with Radar,25,40,37,25,127,0,6,50,43,99,25,46,87,68,226,4,32,36,262
06/26/2003,GTF,MT,ANM,WE,Towers with Radar,28,42,13,44,127,0,11,54,66,131,28,53,67,110,258,8,64,72,330
06/27/2003,GTF,MT,ANM,WE,Towers with Radar,24,31,8,34,97,0,8,51,30,89,24,39,59,64,186,10,94,104,290
06/28/2003,GTF,MT,ANM,WE,Towers with Radar,23,20,19,0,62,0,5,42,2,49,23,25,61,2,111,8,0,8,119
06/29/2003,GTF,MT,ANM,WE,Towers with Radar,16,5,15,0,36,0,0,34,0,34,16,5,49,0,70,10,0,10,80
06/30/2003,GTF,MT,ANM,WE,Towers with Radar,22,34,20,11,87,0,10,23,18,51,22,44,43,29,138,24,18,42,180
07/01/2003,GTF,MT,ANM,WE,Towers with Radar,32,43,15,22,112,0,6,46,35,87,32,49,61,57,199,40,38,78,277
07/02/2003,GTF,MT,ANM,WE,Towers with Radar,30,41,18,22,111,2,6,45,8,61,32,47,63,30,172,4,14,18,190
07/03/2003,GTF,MT,ANM,WE,Towers with Radar,26,38,29,1,94,0,7,60,1,68,26,45,89,2,162,22,0,22,184
07/04/2003,GTF,MT,ANM,WE,Towers with Radar,12,25,6,1,44,0,0,29,1,30,12,25,35,2,74,22,2,24,98
07/05/2003,GTF,MT,ANM,WE,Towers with Radar,21,22,8,0,51,0,1,17,0,18,21,23,25,0,69,18,0,18,87
07/06/2003,GTF,MT,ANM,WE,Towers with Radar,22,14,11,0,47,0,2,41,0,43,22,16,52,0,90,36,0,36,126
07/07/2003,GTF,MT,ANM,WE,Towers with Radar,17,34,21,4,76,0,4,46,3,53,17,38,67,7,129,28,18,46,175
07/08/2003,GTF,MT,ANM,WE,Towers with Radar,28,38,11,2,79,0,6,35,1,42,28,44,46,3,121,14,20,34,155
07/09/2003,GTF,MT,ANM,WE,Towers with Radar,24,46,37,34,141,0,6,57,35,98,24,52,94,69,239,82,30,112,351
07/10/2003,GTF,MT,ANM,WE,Towers with Radar,31,48,37,52,168,0,5,49,16,70,31,53,86,68,238,36,16,52,290
07/11/2003,GTF,MT,ANM,WE,Towers with Radar,36,26,15,38,115,0,6,38,29,73,36,32,53,67,188,16,14,30,218
07/12/2003,GTF,MT,ANM,WE,Towers with Radar,21,26,6,28,81,0,3,58,39,100,21,29,64,67,181,38,44,82,263
07/13/2003,GTF,MT,ANM,WE,Towers with Radar,21,9,21,20,71,0,2,28,33,63,21,11,49,53,134,0,32,32,166
07/14/2003,GTF,MT,ANM,WE,Towers with Radar,19,37,27,38,121,0,6,55,53,114,19,43,82,91,235,36,58,94,329
07/15/2003,GTF,MT,ANM,WE,Towers with Radar,31,35,30,33,129,0,8,34,10,52,31,43,64,43,181,20,16,36,217
07/16/2003,GTF,MT,ANM,WE,Towers with Radar,27,45,23,34,129,0,8,23,4,35,27,53,46,38,164,42,20,62,226
07/17/2003,GTF,MT,ANM,WE,Towers with Radar,28,43,22,43,136,0,11,47,42,100,28,54,69,85,236,46,8,54,290
07/18/2003,GTF,MT,ANM,WE,Towers with Radar,23,30,16,4,73,3,12,76,0,91,26,42,92,4,164,46,0,46,210
07/19/2003,GTF,MT,ANM,WE,Towers with Radar,23,25,16,0,64,0,2,65,0,67,23,27,81,0,131,40,0,40,171
07/20/2003,GTF,MT,ANM,WE,Towers with Radar,20,10,22,1,53,0,2,54,1,57,20,12,76,2,110,30,0,30,140
07/21/2003,GTF,MT,ANM,WE,Towers with Radar,19,28,8,2,57,0,4,37,0,41,19,32,45,2,98,0,6,6,104
07/22/2003,GTF,MT,ANM,WE,Towers with Radar,24,34,15,10,83,0,6,47,0,53,24,40,62,10,136,12,14,26,162
07/23/2003,GTF,MT,ANM,WE,Towers with Radar,28,42,15,40,125,0,5,64,25,94,28,47,79,65,219,24,20,44,263
07/24/2003,GTF,MT,ANM,WE,Towers with Radar,30,39,19,26,114,0,5,42,4,51,30,44,61,30,165,28,2,30,195
07/25/2003,GTF,MT,ANM,WE,Towers with Radar,24,43,6,30,103,0,7,55,16,78,24,50,61,46,181,72,2,74,255
07/26/2003,GTF,MT,ANM,WE,Towers with Radar,22,25,11,1,59,0,3,68,0,71,22,28,79,1,130,56,0,56,186
07/27/2003,GTF,MT,ANM,WE,Towers with Radar,14,6,13,0,33,0,2,52,0,54,14,8,65,0,87,0,0,0,87
07/28/2003,GTF,MT,ANM,WE,Towers with Radar,25,40,16,33,114,0,7,62,46,115,25,47,78,79,229,10,28,38,267
07/29/2003,GTF,MT,ANM,WE,Towers with Radar,29,35,16,34,114,0,10,46,44,100,29,45,62,78,214,22,48,70,284
07/30/2003,GTF,MT,ANM,WE,Towers with Radar,27,32,16,58,133,0,9,74,60,143,27,41,90,118,276,104,36,140,416
07/31/2003,GTF,MT,ANM,WE,Towers with Radar,28,37,16,43,124,0,10,59,10,79,28,47,75,53,203,60,12,72,275
08/01/2003,GTF,MT,ANM,WE,Towers with Radar,21,28,19,3,71,3,16,38,0,57,24,44,57,3,128,50,0,50,178
08/02/2003,GTF,MT,ANM,WE,Towers with Radar,20,19,19,1,59,1,5,45,0,51,21,24,64,1,110,38,0,38,148
08/03/2003,GTF,MT,ANM,WE,Towers with Radar,18,12,13,2,45,1,0,40,0,41,19,12,53,2,86,24,0,24,110
08/04/2003,GTF,MT,ANM,WE,Towers with Radar,24,32,21,16,93,1,8,57,0,66,25,40,78,16,159,2,4,6,165
08/05/2003,GTF,MT,ANM,WE,Towers with Radar,30,45,30,23,128,0,15,87,12,114,30,60,117,35,242,42,30,72,314
08/06/2003,GTF,MT,ANM,WE,Towers with Radar,26,44,20,29,119,1,8,59,8,76,27,52,79,37,195,66,6,72,267
08/07/2003,GTF,MT,ANM,WE,Towers with Radar,27,45,28,52,152,1,12,60,42,115,28,57,88,94,267,50,36,86,353
08/08/2003,GTF,MT,ANM,WE,Towers with Radar,26,33,20,33,112,1,11,45,39,96,27,44,65,72,208,30,30,60,268
08/09/2003,GTF,MT,ANM,WE,Towers with Radar,22,21,6,17,66,0,2,30,1,33,22,23,36,18,99,0,0,0,99
08/10/2003,GTF,MT,ANM,WE,Towers with Radar,21,13,20,28,82,0,0,31,15,46,21,13,51,43,128,28,14,42,170
08/11/2003,GTF,MT,ANM,WE,Towers with Radar,18,30,39,5,92,0,6,37,0,43,18,36,76,5,135,34,0,34,169
08/12/2003,GTF,MT,ANM,WE,Towers with Radar,28,36,22,7,93,0,5,47,0,52,28,41,69,7,145,40,10,50,195
08/13/2003,GTF,MT,ANM,WE,Towers with Radar,26,34,15,19,94,0,8,42,7,57,26,42,57,26,151,44,12,56,207
08/14/2003,GTF,MT,ANM,WE,Towers with Radar,29,34,29,19,111,0,3,39,8,50,29,37,68,27,161,26,8,34,195
08/15/2003,GTF,MT,ANM,WE,Towers with Radar,29,31,17,7,84,0,8,34,1,43,29,39,51,8,127,12,4,16,143
08/16/2003,GTF,MT,ANM,WE,Towers with Radar,23,18,16,4,61,0,3,53,0,56,23,21,69,4,117,14,0,14,131
08/17/2003,GTF,MT,ANM,WE,Towers with Radar,23,10,16,1,50,0,1,42,0,43,23,11,58,1,93,12,0,12,105
08/18/2003,GTF,MT,ANM,WE,Towers with Radar,23,26,31,6,86,0,6,41,0,47,23,32,72,6,133,32,6,38,171
08/19/2003,GTF,MT,ANM,WE,Towers with Radar,24,46,14,13,97,0,9,39,16,64,24,55,53,29,161,22,12,34,195
08/20/2003,GTF,MT,ANM,WE,Towers with Radar,26,39,29,25,119,0,8,35,12,55,26,47,64,37,174,16,8,24,198
08/21/2003,GTF,MT,ANM,WE,Towers with Radar,29,40,16,18,103,0,6,28,1,35,29,46,44,19,138,4,10,14,152
08/22/2003,GTF,MT,ANM,WE,Towers with Radar,23,37,24,15,99,0,2,23,4,29,23,39,47,19,128,56,12,68,196
08/23/2003,GTF,MT,ANM,WE,Towers with Radar,25,18,21,17,81,0,2,47,23,72,25,20,68,40,153,98,14,112,265
08/24/2003,GTF,MT,ANM,WE,Towers with Radar,22,9,20,10,61,0,1,56,6,63,22,10,76,16,124,86,6,92,216
08/25/2003,GTF,MT,ANM,WE,Towers with Radar,18,31,23,29,101,0,5,37,35,77,18,36,60,64,178,30,38,68,246
08/26/2003,GTF,MT,ANM,WE,Towers with Radar,23,32,22,16,93,0,9,26,29,64,23,41,48,45,157,28,18,46,203
08/27/2003,GTF,MT,ANM,WE,Towers with Radar,24,36,11,23,94,0,6,21,10,37,24,42,32,33,131,0,12,12,143
08/28/2003,GTF,MT,ANM,WE,Towers with Radar,24,36,18,25,103,0,11,24,16,51,24,47,42,41,154,0,10,10,164
08/29/2003,GTF,MT,ANM,WE,Towers with Radar,27,35,13,5,80,0,5,36,0,41,27,40,49,5,121,12,4,16,137
08/30/2003,GTF,MT,ANM,WE,Towers with Radar,22,24,12,0,58,0,4,45,0,49,22,28,57,0,107,24,0,24,131
08/31/2003,GTF,MT,ANM,WE,Towers with Radar,18,10,16,0,44,0,2,19,0,21,18,12,35,0,65,12,0,12,77
09/01/2003,GTF,MT,ANM,WE,Towers with Radar,14,15,24,0,53,0,0,40,0,40,14,15,64,0,93,16,0,16,109
09/02/2003,GTF,MT,ANM,WE,Towers with Radar,21,36,25,1,83,0,7,34,0,41,21,43,59,1,124,26,0,26,150
09/03/2003,GTF,MT,ANM,WE,Towers with Radar,27,41,14,23,105,4,8,60,16,88,31,49,74,39,193,22,30,52,245
09/04/2003,GTF,MT,ANM,WE,Towers with Radar,28,39,29,12,108,0,6,25,14,45,28,45,54,26,153,28,10,38,191
09/05/2003,GTF,MT,ANM,WE,Towers with Radar,28,39,9,20,96,0,3,27,8,38,28,42,36,28,134,4,8,12,146
09/06/2003,GTF,MT,ANM,WE,Towers with Radar,27,16,17,25,85,0,2,60,9,71,27,18,77,34,156,70,8,78,234
09/07/2003,GTF,MT,ANM,WE,Towers with Radar,26,16,23,30,95,0,1,20,20,41,26,17,43,50,136,20,20,40,176
09/08/2003,GTF,MT,ANM,WE,Towers with Radar,28,22,24,26,100,0,2,7,0,9,28,24,31,26,109,6,8,14,123
09/09/2003,GTF,MT,ANM,WE,Towers with Radar,25,36,11,26,98,0,12,16,4,32,25,48,27,30,130,46,4,50,180
09/10/2003,GTF,MT,ANM,WE,Towers with Radar,24,39,21,30,114,0,7,33,22,62,24,46,54,52,176,0,15,15,191
09/11/2003,GTF,MT,ANM,WE,Towers with Radar,24,40,31,47,142,0,0,0,0,0,24,40,31,47,142,0,18,18,160
09/12/2003,GTF,MT,ANM,WE,Towers with Radar,26,51,22,3,102,0,6,20,0,26,26,57,42,3,128,12,0,12,140
09/13/2003,GTF,MT,ANM,WE,Towers with Radar,27,22,19,5,73,0,1,41,0,42,27,23,60,5,115,46,0,46,161
09/14/2003,GTF,MT,ANM,WE,Towers with Radar,19,12,23,1,55,0,0,40,0,40,19,12,63,1,95,0,0,0,95
09/15/2003,GTF,MT,ANM,WE,Towers with Radar,18,35,21,2,76,0,0,12,0,12,18,35,33,2,88,38,0,38,126
09/16/2003,GTF,MT,ANM,WE,Towers with Radar,24,49,23,10,106,0,0,6,0,6,24,49,29,10,112,42,0,42,154
09/17/2003,GTF,MT,ANM,WE,Towers with Radar,25,40,28,23,116,0,2,8,1,11,25,42,36,24,127,30,2,32,159
09/18/2003,GTF,MT,ANM,WE,Towers with Radar,27,35,20,24,106,0,11,39,41,91,27,46,59,65,197,10,44,54,251
09/19/2003,GTF,MT,ANM,WE,Towers with Radar,27,33,28,30,118,0,7,33,12,52,27,40,61,42,170,18,12,30,200
09/20/2003,GTF,MT,ANM,WE,Towers with Radar,23,24,14,28,89,0,4,36,6,46,23,28,50,34,135,28,8,36,171
09/21/2003,GTF,MT,ANM,WE,Towers with Radar,21,17,12,17,67,0,0,21,0,21,21,17,33,17,88,26,2,28,116
09/22/2003,GTF,MT,ANM,WE,Towers with Radar,19,28,13,25,85,0,4,37,34,75,19,32,50,59,160,24,34,58,218
09/23/2003,GTF,MT,ANM,WE,Towers with Radar,26,41,34,34,135,0,7,12,2,21,26,48,46,36,156,12,2,14,170
09/24/2003,GTF,MT,ANM,WE,Towers with Radar,24,37,20,20,101,0,6,34,5,45,24,43,54,25,146,12,16,28,174
09/25/2003,GTF,MT,ANM,WE,Towers with Radar,24,34,17,5,80,0,7,36,2,45,24,41,53,7,125,8,10,18,143
09/26/2003,GTF,MT,ANM,WE,Towers with Radar,25,33,16,5,79,0,6,45,8,59,25,39,61,13,138,38,2,40,178
09/27/2003,GTF,MT,ANM,WE,Towers with Radar,22,16,9,0,47,0,2,57,1,60,22,18,66,1,107,44,0,44,151
09/28/2003,GTF,MT,ANM,WE,Towers with Radar,21,13,23,0,57,0,2,52,0,54,21,15,75,0,111,52,0,52,163
09/29/2003,GTF,MT,ANM,WE,Towers with Radar,21,26,13,1,61,0,3,33,0,36,21,29,46,1,97,18,0,18,115
09/30/2003,GTF,MT,ANM,WE,Towers with Radar,24,36,10,1,71,0,8,19,2,29,24,44,29,3,100,14,0,14,114
10/01/2003,GTF,MT,ANM,WE,Towers with Radar,27,35,17,33,112,0,10,45,0,55,27,45,62,33,167,34,8,42,209
10/02/2003,GTF,MT,ANM,WE,Towers with Radar,27,32,19,20,98,0,6,34,0,40,27,38,53,20,138,20,0,20,158
10/03/2003,GTF,MT,ANM,WE,Towers with Radar,26,31,24,29,110,0,4,38,26,68,26,35,62,55,178,12,12,24,202
10/04/2003,GTF,MT,ANM,WE,Towers with Radar,25,18,7,27,77,0,2,40,21,63,25,20,47,48,140,16,8,24,164
10/05/2003,GTF,MT,ANM,WE,Towers with Radar,23,11,5,15,54,0,0,38,9,47,23,11,43,24,101,28,4,32,133
10/06/2003,GTF,MT,ANM,WE,Towers with Radar,20,32,17,21,90,0,2,29,0,31,20,34,46,21,121,20,2,22,143
10/07/2003,GTF,MT,ANM,WE,Towers with Radar,30,33,13,19,95,0,7,25,1,33,30,40,38,20,128,14,2,16,144
10/08/2003,GTF,MT,ANM,WE,Towers with Radar,32,31,18,40,121,0,6,21,15,42,32,37,39,55,163,22,14,36,199
10/09/2003,GTF,MT,ANM,WE,Towers with Radar,25,39,8,14,86,0,5,22,18,45,25,44,30,32,131,28,12,40,171
10/10/2003,GTF,MT,ANM,WE,Towers with Radar,30,35,12,6,83,0,6,22,0,28,30,41,34,6,111,0,2,2,113
10/11/2003,GTF,MT,ANM,WE,Towers with Radar,26,18,3,2,49,0,1,28,0,29,26,19,31,2,78,10,0,10,88
10/12/2003,GTF,MT,ANM,WE,Towers with Radar,21,13,4,0,38,0,0,13,0,13,21,13,17,0,51,0,0,0,51
10/13/2003,GTF,MT,ANM,WE,Towers with Radar,21,25,18,0,64,0,4,18,0,22,21,29,36,0,86,32,0,32,118
10/14/2003,GTF,MT,ANM,WE,Towers with Radar,31,32,41,3,107,0,9,26,0,35,31,41,67,3,142,40,0,40,182
10/15/2003,GTF,MT,ANM,WE,Towers with Radar,31,28,22,23,104,0,3,21,1,25,31,31,43,24,129,2,4,6,135
10/16/2003,GTF,MT,ANM,WE,Towers with Radar,27,36,7,12,82,0,10,17,10,37,27,46,24,22,119,0,6,6,125
10/17/2003,GTF,MT,ANM,WE,Towers with Radar,29,29,10,16,84,0,6,13,2,21,29,35,23,18,105,0,2,2,107
10/18/2003,GTF,MT,ANM,WE,Towers with Radar,25,20,6,13,64,0,0,27,17,44,25,20,33,30,108,10,12,22,130
10/19/2003,GTF,MT,ANM,WE,Towers with Radar,23,12,13,7,55,0,0,25,0,25,23,12,38,7,80,18,0,18,98
10/20/2003,GTF,MT,ANM,WE,Towers with Radar,22,27,12,18,79,0,2,14,3,19,22,29,26,21,98,4,8,12,110
10/21/2003,GTF,MT,ANM,WE,Towers with Radar,29,31,31,10,101,0,0,25,0,25,29,31,56,10,126,18,12,30,156
10/22/2003,GTF,MT,ANM,WE,Towers with Radar,31,33,12,27,103,20,5,49,33,107,51,38,61,60,210,32,40,72,282
10/23/2003,GTF,MT,ANM,WE,Towers with Radar,35,32,12,22,101,1,10,11,20,42,36,42,23,42,143,0,14,14,157
10/24/2003,GTF,MT,ANM,WE,Towers with Radar,29,36,10,2,77,0,8,25,0,33,29,44,35,2,110,12,0,12,122
10/25/2003,GTF,MT,ANM,WE,Towers with Radar,24,17,9,1,51,0,1,44,0,45,24,18,53,1,96,26,0,26,122
10/26/2003,GTF,MT,ANM,WE,Towers with Radar,23,9,6,0,38,0,2,30,0,32,23,11,36,0,70,12,0,12,82
10/27/2003,GTF,MT,ANM,WE,Towers with Radar,18,30,5,4,57,0,5,11,1,17,18,35,16,5,74,24,0,24,98
10/28/2003,GTF,MT,ANM,WE,Towers with Radar,30,29,4,24,87,0,2,5,1,8,30,31,9,25,95,8,0,8,103
10/29/2003,GTF,MT,ANM,WE,Towers with Radar,24,37,9,0,70,0,1,0,0,1,24,38,9,0,71,0,0,0,71
10/30/2003,GTF,MT,ANM,WE,Towers with Radar,33,39,16,12,100,0,0,0,0,0,33,39,16,12,100,2,0,2,102
10/31/2003,GTF,MT,ANM,WE,Towers with Radar,22,36,10,16,84,0,3,6,6,15,22,39,16,22,99,0,4,4,103
11/01/2003,GTF,MT,ANM,WE,Towers with Radar,25,19,12,24,80,1,21,9,0,31,26,40,21,24,111,6,4,10,121
11/02/2003,GTF,MT,ANM,WE,Towers with Radar,21,13,23,2,59,0,0,0,0,0,21,13,23,2,59,8,2,10,69
11/03/2003,GTF,MT,ANM,WE,Towers with Radar,25,30,14,0,69,0,0,1,0,1,25,30,15,0,70,0,0,0,70
11/04/2003,GTF,MT,ANM,WE,Towers with Radar,30,38,12,22,102,0,0,4,0,4,30,38,16,22,106,0,0,0,106
11/05/2003,GTF,MT,ANM,WE,Towers with Radar,30,35,12,28,105,0,7,15,0,22,30,42,27,28,127,0,0,0,127
11/06/2003,GTF,MT,ANM,WE,Towers with Radar,29,36,9,42,116,0,6,18,7,31,29,42,27,49,147,16,4,20,167
11/07/2003,GTF,MT,ANM,WE,Towers with Radar,26,35,16,0,77,0,2,32,0,34,26,37,48,0,111,26,0,26,137
11/08/2003,GTF,MT,ANM,WE,Towers with Radar,25,24,36,0,85,0,0,46,2,48,25,24,82,2,133,52,0,52,185
11/09/2003,GTF,MT,ANM,WE,Towers with Radar,23,9,6,2,40,0,0,39,0,39,23,9,45,2,79,32,0,32,111
11/10/2003,GTF,MT,ANM,WE,Towers with Radar,22,34,9,3,68,0,0,17,1,18,22,34,26,4,86,14,4,18,104
11/11/2003,GTF,MT,ANM,WE,Towers with Radar,31,37,9,2,79,0,4,2,1,7,31,41,11,3,86,14,20,34,120
11/12/2003,GTF,MT,ANM,WE,Towers with Radar,27,40,18,26,111,0,7,17,1,25,27,47,35,27,136,0,0,0,136
11/13/2003,GTF,MT,ANM,WE,Towers with Radar,29,43,21,24,117,0,3,34,9,46,29,46,55,33,163,18,12,30,193
11/14/2003,GTF,MT,ANM,WE,Towers with Radar,28,35,7,23,93,0,4,12,30,46,28,39,19,53,139,0,24,24,163
11/15/2003,GTF,MT,ANM,WE,Towers with Radar,24,19,9,2,54,0,1,36,1,38,24,20,45,3,92,66,0,66,158
11/16/2003,GTF,MT,ANM,WE,Towers with Radar,23,8,28,1,60,0,0,14,0,14,23,8,42,1,74,10,0,10,84
11/17/2003,GTF,MT,ANM,WE,Towers with Radar,17,32,4,28,81,0,1,6,38,45,17,33,10,66,126,0,38,38,164
11/18/2003,GTF,MT,ANM,WE,Towers with Radar,28,37,15,32,112,0,4,6,1,11,28,41,21,33,123,0,20,20,143
11/19/2003,GTF,MT,ANM,WE,Towers with Radar,26,41,5,20,92,0,8,0,0,8,26,49,5,20,100,0,4,4,104
11/20/2003,GTF,MT,ANM,WE,Towers with Radar,36,36,11,36,119,0,1,13,5,19,36,37,24,41,138,20,12,32,170
11/21/2003,GTF,MT,ANM,WE,Towers with Radar,26,38,10,2,76,0,0,0,0,0,26,38,10,2,76,10,0,10,86
11/22/2003,GTF,MT,ANM,WE,Towers with Radar,27,21,7,0,55,0,0,19,0,19,27,21,26,0,74,20,0,20,94
11/23/2003,GTF,MT,ANM,WE,Towers with Radar,24,8,8,0,40,0,1,14,0,15,24,9,22,0,55,16,0,16,71
11/24/2003,GTF,MT,ANM,WE,Towers with Radar,23,31,18,22,94,0,4,6,1,11,23,35,24,23,105,16,14,30,135
11/25/2003,GTF,MT,ANM,WE,Towers with Radar,26,45,10,30,111,0,3,6,9,18,26,48,16,39,129,16,0,16,145
11/26/2003,GTF,MT,ANM,WE,Towers with Radar,26,38,17,26,107,0,3,12,4,19,26,41,29,30,126,12,12,24,150
11/27/2003,GTF,MT,ANM,WE,Towers with Radar,19,12,4,0,35,0,0,21,0,21,19,12,25,0,56,12,0,12,68
11/28/2003,GTF,MT,ANM,WE,Towers with Radar,24,33,7,0,64,0,5,10,0,15,24,38,17,0,79,0,0,0,79
11/29/2003,GTF,MT,ANM,WE,Towers with Radar,22,20,3,0,45,0,3,17,0,20,22,23,20,0,65,34,0,34,99
11/30/2003,GTF,MT,ANM,WE,Towers with Radar,28,6,19,0,53,0,0,33,0,33,28,6,52,0,86,58,0,58,144
12/01/2003,GTF,MT,ANM,WE,Towers with Radar,28,35,8,2,73,0,2,32,2,36,28,37,40,4,109,44,0,44,153
12/02/2003,GTF,MT,ANM,WE,Towers with Radar,32,38,10,21,101,0,8,11,3,22,32,46,21,24,123,12,30,42,165
12/03/2003,GTF,MT,ANM,WE,Towers with Radar,29,40,12,34,115,0,4,17,8,29,29,44,29,42,144,18,4,22,166
12/04/2003,GTF,MT,ANM,WE,Towers with Radar,26,41,17,47,131,0,6,17,9,32,26,47,34,56,163,6,12,18,181
12/05/2003,GTF,MT,ANM,WE,Towers with Radar,24,35,14,14,87,0,1,15,15,31,24,36,29,29,118,6,12,18,136
12/06/2003,GTF,MT,ANM,WE,Towers with Radar,24,19,5,0,48,0,1,17,4,22,24,20,22,4,70,0,0,0,70
12/07/2003,GTF,MT,ANM,WE,Towers with Radar,26,6,15,36,83,0,0,36,26,62,26,6,51,62,145,58,20,78,223
12/08/2003,GTF,MT,ANM,WE,Towers with Radar,25,33,14,29,101,0,2,10,2,14,25,35,24,31,115,0,4,4,119
12/09/2003,GTF,MT,ANM,WE,Towers with Radar,29,46,21,33,129,0,3,7,0,10,29,49,28,33,139,24,8,32,171
12/10/2003,GTF,MT,ANM,WE,Towers with Radar,31,39,10,41,121,0,6,16,1,23,31,45,26,42,144,20,8,28,172
12/11/2003,GTF,MT,ANM,WE,Towers with Radar,27,43,19,32,121,0,5,6,2,13,27,48,25,34,134,6,6,12,146
12/12/2003,GTF,MT,ANM,WE,Towers with Radar,26,51,10,4,91,0,2,14,0,16,26,53,24,4,107,24,0,24,131
12/13/2003,GTF,MT,ANM,WE,Towers with Radar,24,26,15,0,65,0,0,0,0,0,24,26,15,0,65,26,2,28,93
12/14/2003,GTF,MT,ANM,WE,Towers with Radar,28,12,0,0,40,0,1,4,0,5,28,13,4,0,45,2,10,12,57
12/15/2003,GTF,MT,ANM,WE,Towers with Radar,25,32,7,13,77,0,0,16,4,20,25,32,23,17,97,0,0,0,97
12/16/2003,GTF,MT,ANM,WE,Towers with Radar,32,46,8,22,108,0,3,8,1,12,32,49,16,23,120,0,0,0,120
12/17/2003,GTF,MT,ANM,WE,Towers with Radar,31,40,12,18,101,0,2,20,0,22,31,42,32,18,123,28,0,28,151
12/18/2003,GTF,MT,ANM,WE,Towers with Radar,29,39,15,31,114,0,13,21,2,36,29,52,36,33,150,22,0,22,172
12/19/2003,GTF,MT,ANM,WE,Towers with Radar,30,42,9,0,81,0,8,22,0,30,30,50,31,0,111,4,0,4,115
12/20/2003,GTF,MT,ANM,WE,Towers with Radar,29,24,13,2,68,0,6,18,0,24,29,30,31,2,92,0,0,0,92
12/21/2003,GTF,MT,ANM,WE,Towers with Radar,18,14,16,0,48,0,0,38,0,38,18,14,54,0,86,36,0,36,122
12/22/2003,GTF,MT,ANM,WE,Towers with Radar,14,47,24,33,118,0,0,17,15,32,14,47,41,48,150,14,24,38,188
12/23/2003,GTF,MT,ANM,WE,Towers with Radar,31,38,16,4,89,0,3,18,0,21,31,41,34,4,110,8,0,8,118
12/24/2003,GTF,MT,ANM,WE,Towers with Radar,29,35,0,0,64,0,8,10,0,18,29,43,10,0,82,22,0,22,104
12/25/2003,GTF,MT,ANM,WE,Towers with Radar,17,20,0,0,37,0,0,3,0,3,17,20,3,0,40,0,0,0,40
12/26/2003,GTF,MT,ANM,WE,Towers with Radar,25,44,34,1,104,0,4,10,0,14,25,48,44,1,118,20,0,20,138
12/27/2003,GTF,MT,ANM,WE,Towers with Radar,24,21,15,0,60,0,0,0,0,0,24,21,15,0,60,10,0,10,70
12/28/2003,GTF,MT,ANM,WE,Towers with Radar,31,10,15,0,56,0,2,16,0,18,31,12,31,0,74,8,0,8,82
12/29/2003,GTF,MT,ANM,WE,Towers with Radar,23,33,4,0,60,0,1,4,0,5,23,34,8,0,65,0,36,36,101
12/30/2003,GTF,MT,ANM,WE,Towers with Radar,26,35,5,25,91,0,2,11,5,18,26,37,16,30,109,0,0,0,109
12/31/2003,GTF,MT,ANM,WE,Towers with Radar,30,32,8,16,86,0,5,9,0,14,30,37,17,16,100,28,0,28,128
01/01/2004,GTF,MT,ANM,WE,Towers with Radar,21,21,13,0,55,0,0,15,0,15,21,21,28,0,70,0,0,0,70
01/02/2004,GTF,MT,ANM,WE,Towers with Radar,27,40,7,0,74,0,0,3,0,3,27,40,10,0,77,0,0,0,77
01/03/2004,GTF,MT,ANM,WE,Towers with Radar,27,17,19,0,63,0,0,0,0,0,27,17,19,0,63,0,0,0,63
01/04/2004,GTF,MT,ANM,WE,Towers with Radar,27,6,6,0,39,0,0,6,0,6,27,6,12,0,45,0,0,0,45
01/05/2004,GTF,MT,ANM,WE,Towers with Radar,23,26,15,4,68,0,4,5,1,10,23,30,20,5,78,0,4,4,82
01/06/2004,GTF,MT,ANM,WE,Towers with Radar,32,32,3,35,102,0,4,6,6,16,32,36,9,41,118,4,38,42,160
01/07/2004,GTF,MT,ANM,WE,Towers with Radar,30,46,13,23,112,0,4,4,1,9,30,50,17,24,121,8,6,14,135
01/08/2004,GTF,MT,ANM,WE,Towers with Radar,33,34,14,33,114,2,0,4,22,28,35,34,18,55,142,0,10,10,152
01/09/2004,GTF,MT,ANM,WE,Towers with Radar,35,30,10,30,105,0,1,11,34,46,35,31,21,64,151,0,18,18,169
01/10/2004,GTF,MT,ANM,WE,Towers with Radar,31,24,7,26,88,0,3,26,2,31,31,27,33,28,119,24,0,24,143
01/11/2004,GTF,MT,ANM,WE,Towers with Radar,36,12,11,9,68,0,2,26,8,36,36,14,37,17,104,22,8,30,134
01/12/2004,GTF,MT,ANM,WE,Towers with Radar,27,24,16,32,99,0,0,28,7,35,27,24,44,39,134,22,4,26,160
01/13/2004,GTF,MT,ANM,WE,Towers with Radar,35,44,9,52,140,0,3,5,21,29,35,47,14,73,169,22,0,22,191
01/14/2004,GTF,MT,ANM,WE,Towers with Radar,34,35,8,45,122,0,1,14,16,31,34,36,22,61,153,20,8,28,181
01/15/2004,GTF,MT,ANM,WE,Towers with Radar,33,40,14,33,120,0,4,13,36,53,33,44,27,69,173,28,14,42,215
01/16/2004,GTF,MT,ANM,WE,Towers with Radar,36,31,3,0,70,0,2,30,0,32,36,33,33,0,102,64,2,66,168
01/17/2004,GTF,MT,ANM,WE,Towers with Radar,32,21,12,0,65,0,3,45,0,48,32,24,57,0,113,14,0,14,127
01/18/2004,GTF,MT,ANM,WE,Towers with Radar,28,8,8,0,44,0,0,24,0,24,28,8,32,0,68,24,0,24,92
01/19/2004,GTF,MT,ANM,WE,Towers with Radar,29,34,7,0,70,0,4,15,0,19,29,38,22,0,89,50,0,50,139
01/20/2004,GTF,MT,ANM,WE,Towers with Radar,32,42,10,2,86,0,0,14,0,14,32,42,24,2,100,16,4,20,120
01/21/2004,GTF,MT,ANM,WE,Towers with Radar,36,36,8,40,120,0,1,15,8,24,36,37,23,48,144,0,14,14,158
01/22/2004,GTF,MT,ANM,WE,Towers with Radar,30,40,17,32,119,0,2,10,44,56,30,42,27,76,175,0,32,32,207
01/23/2004,GTF,MT,ANM,WE,Towers with Radar,36,40,13,28,117,0,2,12,1,15,36,42,25,29,132,18,20,38,170
01/24/2004,GTF,MT,ANM,WE,Towers with Radar,18,28,4,3,53,0,0,0,0,0,18,28,4,3,53,0,0,0,53
01/25/2004,GTF,MT,ANM,WE,Towers with Radar,33,8,5,1,47,0,0,5,0,5,33,8,10,1,52,20,0,20,72
01/26/2004,GTF,MT,ANM,WE,Towers with Radar,25,36,9,25,95,0,0,3,21,24,25,36,12,46,119,2,18,20,139
01/27/2004,GTF,MT,ANM,WE,Towers with Radar,33,45,6,3,87,0,0,0,0,0,33,45,6,3,87,0,0,0,87
01/28/2004,GTF,MT,ANM,WE,Towers with Radar,30,44,9,12,95,0,0,0,1,1,30,44,9,13,96,0,0,0,96
01/29/2004,GTF,MT,ANM,WE,Towers with Radar,38,43,18,14,113,0,0,0,7,7,38,43,18,21,120,0,6,6,126
01/30/2004,GTF,MT,ANM,WE,Towers with Radar,34,35,11,1,81,0,2,9,2,13,34,37,20,3,94,8,0,8,102
01/31/2004,GTF,MT,ANM,WE,Towers with Radar,29,13,9,5,56,0,2,5,0,7,29,15,14,5,63,6,0,6,69
02/01/2004,GTF,MT,ANM,WE,Towers with Radar,36,7,10,0,53,0,0,0,0,0,36,7,10,0,53,0,0,0,53
02/02/2004,GTF,MT,ANM,WE,Towers with Radar,31,25,15,0,71,0,2,26,0,28,31,27,41,0,99,46,0,46,145
02/03/2004,GTF,MT,ANM,WE,Towers with Radar,34,38,27,10,109,0,2,3,1,6,34,40,30,11,115,2,12,14,129
02/04/2004,GTF,MT,ANM,WE,Towers with Radar,36,38,16,9,99,0,2,29,0,31,36,40,45,9,130,54,4,58,188
02/05/2004,GTF,MT,ANM,WE,Towers with Radar,34,37,9,0,80,0,1,17,0,18,34,38,26,0,98,14,0,14,112
02/06/2004,GTF,MT,ANM,WE,Towers with Radar,37,28,13,2,80,0,1,28,3,32,37,29,41,5,112,28,6,34,146
02/07/2004,GTF,MT,ANM,WE,Towers with Radar,32,20,6,3,61,0,0,13,0,13,32,20,19,3,74,6,0,6,80
02/08/2004,GTF,MT,ANM,WE,Towers with Radar,35,11,16,5,67,0,0,36,10,46,35,11,52,15,113,40,10,50,163
02/09/2004,GTF,MT,ANM,WE,Towers with Radar,26,29,15,11,81,0,3,2,2,7,26,32,17,13,88,2,12,14,102
02/10/2004,GTF,MT,ANM,WE,Towers with Radar,40,39,11,13,103,0,1,4,4,9,40,40,15,17,112,0,4,4,116
02/11/2004,GTF,MT,ANM,WE,Towers with Radar,41,41,39,16,137,0,3,20,15,38,41,44,59,31,175,36,8,44,219
02/12/2004,GTF,MT,ANM,WE,Towers with Radar,35,38,21,8,102,0,4,35,5,44,35,42,56,13,146,12,4,16,162
02/13/2004,GTF,MT,ANM,WE,Towers with Radar,37,28,2,3,70,0,4,29,0,33,37,32,31,3,103,30,2,32,135
02/14/2004,GTF,MT,ANM,WE,Towers with Radar,32,19,10,0,61,0,2,19,0,21,32,21,29,0,82,28,0,28,110
02/15/2004,GTF,MT,ANM,WE,Towers with Radar,35,9,7,0,51,0,1,25,0,26,35,10,32,0,77,8,0,8,85
02/16/2004,GTF,MT,ANM,WE,Towers with Radar,33,25,13,0,71,0,2,30,0,32,33,27,43,0,103,30,0,30,133
02/17/2004,GTF,MT,ANM,WE,Towers with Radar,36,33,10,6,85,0,4,8,2,14,36,37,18,8,99,4,4,8,107
02/18/2004,GTF,MT,ANM,WE,Towers with Radar,37,34,10,12,93,0,1,16,8,25,37,35,26,20,118,12,10,22,140
02/19/2004,GTF,MT,ANM,WE,Towers with Radar,35,42,14,11,102,0,0,20,6,26,35,42,34,17,128,0,4,4,132
02/20/2004,GTF,MT,ANM,WE,Towers with Radar,38,28,11,5,82,0,2,42,8,52,38,30,53,13,134,44,4,48,182
02/21/2004,GTF,MT,ANM,WE,Towers with Radar,30,16,12,9,67,0,3,36,0,39,30,19,48,9,106,18,0,18,124
02/22/2004,GTF,MT,ANM,WE,Towers with Radar,31,10,16,1,58,0,0,36,0,36,31,10,52,1,94,34,0,34,128
02/23/2004,GTF,MT,ANM,WE,Towers with Radar,31,26,10,24,91,0,3,25,4,32,31,29,35,28,123,24,4,28,151
02/24/2004,GTF,MT,ANM,WE,Towers with Radar,35,38,13,21,107,0,1,44,8,53,35,39,57,29,160,86,6,92,252
02/25/2004,GTF,MT,ANM,WE,Towers with Radar,35,33,7,28,103,0,4,18,28,50,35,37,25,56,153,20,18,38,191
02/26/2004,GTF,MT,ANM,WE,Towers with Radar,33,37,19,26,115,0,4,36,33,73,33,41,55,59,188,36,22,58,246
02/27/2004,GTF,MT,ANM,WE,Towers with Radar,42,28,2,3,75,0,1,7,1,9,42,29,9,4,84,0,0,0,84
02/28/2004,GTF,MT,ANM,WE,Towers with Radar,29,22,13,1,65,0,0,27,0,27,29,22,40,1,92,38,0,38,130
02/29/2004,GTF,MT,ANM,WE,Towers with Radar,42,11,7,0,60,0,0,12,0,12,42,11,19,0,72,8,0,8,80
03/01/2004,GTF,MT,ANM,WE,Towers with Radar,35,30,8,1,74,0,0,0,0,0,35,30,8,1,74,0,0,0,74
03/02/2004,GTF,MT,ANM,WE,Towers with Radar,36,44,27,0,107,0,0,0,0,0,36,44,27,0,107,0,0,0,107
03/03/2004,GTF,MT,ANM,WE,Towers with Radar,40,43,26,35,144,0,3,26,39,68,40,46,52,74,212,16,22,38,250
03/04/2004,GTF,MT,ANM,WE,Towers with Radar,38,40,34,32,144,0,0,46,55,101,38,40,80,87,245,58,30,88,333
03/05/2004,GTF,MT,ANM,WE,Towers with Radar,41,31,14,17,103,0,3,14,2,19,41,34,28,19,122,44,24,68,190
03/06/2004,GTF,MT,ANM,WE,Towers with Radar,31,17,9,0,57,0,0,6,0,6,31,17,15,0,63,2,0,2,65
03/07/2004,GTF,MT,ANM,WE,Towers with Radar,34,5,4,0,43,0,0,11,0,11,34,5,15,0,54,0,0,0,54
03/08/2004,GTF,MT,ANM,WE,Towers with Radar,33,21,3,21,78,0,7,60,0,67,33,28,63,21,145,62,0,62,207
03/09/2004,GTF,MT,ANM,WE,Towers with Radar,37,38,11,26,112,0,5,6,3,14,37,43,17,29,126,0,4,4,130
03/10/2004,GTF,MT,ANM,WE,Towers with Radar,39,37,13,22,111,0,1,38,4,43,39,38,51,26,154,26,2,28,182
03/11/2004,GTF,MT,ANM,WE,Towers with Radar,40,33,11,30,114,0,5,34,5,44,40,38,45,35,158,40,2,42,200
03/12/2004,GTF,MT,ANM,WE,Towers with Radar,35,37,3,7,82,0,5,20,4,29,35,42,23,11,111,12,4,16,127
03/13/2004,GTF,MT,ANM,WE,Towers with Radar,32,18,3,1,54,0,1,54,0,55,32,19,57,1,109,22,0,22,131
03/14/2004,GTF,MT,ANM,WE,Towers with Radar,32,7,16,0,55,0,0,28,0,28,32,7,44,0,83,4,0,4,87
03/15/2004,GTF,MT,ANM,WE,Towers with Radar,35,34,17,0,86,0,0,23,0,23,35,34,40,0,109,66,0,66,175
03/16/2004,GTF,MT,ANM,WE,Towers with Radar,38,37,20,31,126,0,2,17,4,23,38,39,37,35,149,24,34,58,207
03/17/2004,GTF,MT,ANM,WE,Towers with Radar,41,37,17,23,118,0,3,17,2,22,41,40,34,25,140,56,14,70,210
03/18/2004,GTF,MT,ANM,WE,Towers with Radar,40,40,14,47,141,0,3,13,7,23,40,43,27,54,164,8,18,26,190
03/19/2004,GTF,MT,ANM,WE,Towers with Radar,42,29,9,3,83,0,5,16,1,22,42,34,25,4,105,8,0,8,113
03/20/2004,GTF,MT,ANM,WE,Towers with Radar,32,17,16,20,85,0,3,61,12,76,32,20,77,32,161,54,28,82,243
03/21/2004,GTF,MT,ANM,WE,Towers with Radar,34,7,19,12,72,0,0,48,8,56,34,7,67,20,128,70,8,78,206
03/22/2004,GTF,MT,ANM,WE,Towers with Radar,32,25,8,20,85,0,1,39,13,53,32,26,47,33,138,66,12,78,216
03/23/2004,GTF,MT,ANM,WE,Towers with Radar,36,37,24,27,124,0,0,29,8,37,36,37,53,35,161,54,16,70,231
03/24/2004,GTF,MT,ANM,WE,Towers with Radar,40,35,14,21,110,0,2,36,9,47,40,37,50,30,157,48,8,56,213
03/25/2004,GTF,MT,ANM,WE,Towers with Radar,42,40,20,41,143,0,2,55,14,71,42,42,75,55,214,106,14,120,334
03/26/2004,GTF,MT,ANM,WE,Towers with Radar,41,38,14,16,109,0,2,20,6,28,41,40,34,22,137,72,26,98,235
03/27/2004,GTF,MT,ANM,WE,Towers with Radar,34,17,8,0,59,0,0,53,0,53,34,17,61,0,112,78,0,78,190
03/28/2004,GTF,MT,ANM,WE,Towers with Radar,32,7,13,5,57,0,3,34,0,37,32,10,47,5,94,26,0,26,120
03/29/2004,GTF,MT,ANM,WE,Towers with Radar,36,26,20,0,82,0,1,60,0,61,36,27,80,0,143,98,0,98,241
03/30/2004,GTF,MT,ANM,WE,Towers with Radar,39,37,26,22,124,0,3,55,15,73,39,40,81,37,197,94,20,114,311
03/31/2004,GTF,MT,ANM,WE,Towers with Radar,38,41,23,24,126,0,1,41,8,50,38,42,64,32,176,44,20,64,240
04/01/2004,GTF,MT,ANM,WE,Towers with Radar,38,36,9,0,83,0,0,0,0,0,38,36,9,0,83,0,0,0,83
04/02/2004,GTF,MT,ANM,WE,Towers with Radar,39,35,30,16,120,0,0,35,0,35,39,35,65,16,155,72,0,72,227
04/03/2004,GTF,MT,ANM,WE,Towers with Radar,36,17,9,25,87,0,1,57,7,65,36,18,66,32,152,122,2,124,276
04/04/2004,GTF,MT,ANM,WE,Towers with Radar,32,7,6,13,58,0,2,33,1,36,32,9,39,14,94,46,0,46,140
04/05/2004,GTF,MT,ANM,WE,Towers with Radar,32,24,4,39,99,0,0,63,14,77,32,24,67,53,176,122,24,146,322
04/06/2004,GTF,MT,ANM,WE,Towers with Radar,35,35,6,38,114,4,2,47,8,61,39,37,53,46,175,106,18,124,299
04/07/2004,GTF,MT,ANM,WE,Towers with Radar,36,34,5,19,94,0,5,55,1,61,36,39,60,20,155,64,6,70,225
04/08/2004,GTF,MT,ANM,WE,Towers with Radar,35,37,21,25,118,0,1,11,0,12,35,38,32,25,130,26,0,26,156
04/09/2004,GTF,MT,ANM,WE,Towers with Radar,36,36,2,3,77,0,1,43,2,46,36,37,45,5,123,74,2,76,199
04/10/2004,GTF,MT,ANM,WE,Towers with Radar,19,31,12,0,62,0,4,18,0,22,19,35,30,0,84,24,0,24,108
04/11/2004,GTF,MT,ANM,WE,Towers with Radar,34,9,2,0,45,0,0,36,0,36,34,9,38,0,81,14,0,14,95
04/12/2004,GTF,MT,ANM,WE,Towers with Radar,36,24,8,4,72,0,4,34,1,39,36,28,42,5,111,20,2,22,133
04/13/2004,GTF,MT,ANM,WE,Towers with Radar,38,39,7,26,110,0,15,33,2,50,38,54,40,28,160,14,10,24,184
04/14/2004,GTF,MT,ANM,WE,Towers with Radar,37,33,6,22,98,0,0,23,12,35,37,33,29,34,133,28,10,38,171
04/15/2004,GTF,MT,ANM,WE,Towers with Radar,31,38,9,24,102,0,7,18,10,35,31,45,27,34,137,0,6,6,143
04/16/2004,GTF,MT,ANM,WE,Towers with Radar,41,41,10,11,103,0,0,15,0,15,41,41,25,11,118,48,12,60,178
04/17/2004,GTF,MT,ANM,WE,Towers with Radar,35,17,4,0,56,0,3,47,0,50,35,20,51,0,106,54,0,54,160
04/18/2004,GTF,MT,ANM,WE,Towers with Radar,33,8,2,0,43,0,0,34,0,34,33,8,36,0,77,6,0,6,83
04/19/2004,GTF,MT,ANM,WE,Towers with Radar,33,26,7,16,82,0,0,15,3,18,33,26,22,19,100,0,0,0,100
04/20/2004,GTF,MT,ANM,WE,Towers with Radar,34,41,8,20,103,0,0,29,14,43,34,41,37,34,146,20,8,28,174
04/21/2004,GTF,MT,ANM,WE,Towers with Radar,33,41,6,33,113,2,0,13,25,40,35,41,19,58,153,18,22,40,193
04/22/2004,GTF,MT,ANM,WE,Towers with Radar,37,36,14,38,125,0,4,45,32,81,37,40,59,70,206,38,22,60,266
04/23/2004,GTF,MT,ANM,WE,Towers with Radar,37,36,3,2,78,0,7,35,1,43,37,43,38,3,121,38,0,38,159
04/24/2004,GTF,MT,ANM,WE,Towers with Radar,34,17,12,1,64,0,0,56,5,61,34,17,68,6,125,92,2,94,219
04/25/2004,GTF,MT,ANM,WE,Towers with Radar,33,5,17,0,55,0,0,44,0,44,33,5,61,0,99,28,0,28,127
04/26/2004,GTF,MT,ANM,WE,Towers with Radar,31,26,10,3,70,0,1,50,0,51,31,27,60,3,121,90,0,90,211
04/27/2004,GTF,MT,ANM,WE,Towers with Radar,35,35,11,18,99,0,0,13,9,22,35,35,24,27,121,0,26,26,147
04/28/2004,GTF,MT,ANM,WE,Towers with Radar,35,34,12,0,81,0,0,0,0,0,35,34,12,0,81,0,0,0,81
04/29/2004,GTF,MT,ANM,WE,Towers with Radar,36,44,10,28,118,0,0,44,22,66,36,44,54,50,184,42,20,62,246
04/30/2004,GTF,MT,ANM,WE,Towers with Radar,40,41,11,29,121,3,2,36,10,51,43,43,47,39,172,0,0,0,172
05/01/2004,GTF,MT,ANM,WE,Towers with Radar,36,16,11,19,82,0,3,58,18,79,36,19,69,37,161,78,18,96,257
05/02/2004,GTF,MT,ANM,WE,Towers with Radar,33,6,3,15,57,0,0,24,0,24,33,6,27,15,81,10,10,20,101
05/03/2004,GTF,MT,ANM,WE,Towers with Radar,29,32,3,22,86,0,2,33,2,37,29,34,36,24,123,46,20,66,189
05/04/2004,GTF,MT,ANM,WE,Towers with Radar,34,41,7,28,110,0,0,23,17,40,34,41,30,45,150,32,14,46,196
05/05/2004,GTF,MT,ANM,WE,Towers with Radar,32,38,8,24,102,0,0,26,26,52,32,38,34,50,154,40,12,52,206
05/06/2004,GTF,MT,ANM,WE,Towers with Radar,39,37,7,21,104,0,0,25,27,52,39,37,32,48,156,14,26,40,196
05/07/2004,GTF,MT,ANM,WE,Towers with Radar,40,34,9,5,88,0,3,29,0,32,40,37,38,5,120,14,0,14,134
05/08/2004,GTF,MT,ANM,WE,Towers with Radar,35,18,7,3,63,0,3,17,1,21,35,21,24,4,84,4,2,6,90
05/09/2004,GTF,MT,ANM,WE,Towers with Radar,32,8,3,0,43,0,2,19,0,21,32,10,22,0,64,56,4,60,124
05/10/2004,GTF,MT,ANM,WE,Towers with Radar,31,31,8,6,76,0,6,29,2,37,31,37,37,8,113,0,0,0,113
05/11/2004,GTF,MT,ANM,WE,Towers with Radar,38,41,4,2,85,0,0,0,0,0,38,41,4,2,85,0,0,0,85
05/12/2004,GTF,MT,ANM,WE,Towers with Radar,37,32,14,12,95,0,0,3,0,3,37,32,17,12,98,2,0,2,100
05/13/2004,GTF,MT,ANM,WE,Towers with Radar,36,45,19,18,118,0,0,26,16,42,36,45,45,34,160,58,32,90,250
05/14/2004,GTF,MT,ANM,WE,Towers with Radar,41,30,21,21,113,0,2,45,13,60,41,32,66,34,173,18,0,18,191
05/15/2004,GTF,MT,ANM,WE,Towers with Radar,34,16,12,3,65,0,0,35,0,35,34,16,47,3,100,8,0,8,108
05/16/2004,GTF,MT,ANM,WE,Towers with Radar,35,8,8,1,52,0,0,21,0,21,35,8,29,1,73,46,26,72,145
05/17/2004,GTF,MT,ANM,WE,Towers with Radar,35,33,15,21,104,0,0,43,32,75,35,33,58,53,179,48,14,62,241
05/18/2004,GTF,MT,ANM,WE,Towers with Radar,37,34,24,7,102,0,0,24,2,26,37,34,48,9,128,0,0,0,128
05/19/2004,GTF,MT,ANM,WE,Towers with Radar,39,48,13,10,110,0,1,9,13,23,39,49,22,23,133,2,10,12,145
05/20/2004,GTF,MT,ANM,WE,Towers with Radar,41,37,32,18,128,0,0,29,18,47,41,37,61,36,175,46,16,62,237
05/21/2004,GTF,MT,ANM,WE,Towers with Radar,41,35,11,1,88,0,0,10,0,10,41,35,21,1,98,28,0,28,126
05/22/2004,GTF,MT,ANM,WE,Towers with Radar,37,17,10,0,64,0,0,1,0,1,37,17,11,0,65,14,0,14,79
05/23/2004,GTF,MT,ANM,WE,Towers with Radar,35,9,10,0,54,0,0,1,0,1,35,9,11,0,55,0,0,0,55
05/24/2004,GTF,MT,ANM,WE,Towers with Radar,34,28,14,0,76,0,0,21,0,21,34,28,35,0,97,14,0,14,111
05/25/2004,GTF,MT,ANM,WE,Towers with Radar,38,39,6,18,101,0,4,39,0,43,38,43,45,18,144,42,22,64,208
05/26/2004,GTF,MT,ANM,WE,Towers with Radar,33,34,20,18,105,0,1,16,18,35,33,35,36,36,140,0,12,12,152
05/27/2004,GTF,MT,ANM,WE,Towers with Radar,40,34,11,19,104,0,1,25,43,69,40,35,36,62,173,6,28,34,207
05/28/2004,GTF,MT,ANM,WE,Towers with Radar,35,36,9,25,105,0,2,14,9,25,35,38,23,34,130,8,12,20,150
05/29/2004,GTF,MT,ANM,WE,Towers with Radar,35,20,15,12,82,0,0,10,0,10,35,20,25,12,92,14,0,14,106
05/30/2004,GTF,MT,ANM,WE,Towers with Radar,33,9,3,4,49,0,0,13,0,13,33,9,16,4,62,0,0,0,62
05/31/2004,GTF,MT,ANM,WE,Towers with Radar,30,16,15,0,61,0,0,19,1,20,30,16,34,1,81,10,0,10,91
06/01/2004,GTF,MT,ANM,WE,Towers with Radar,31,27,17,8,83,0,3,23,6,32,31,30,40,14,115,30,14,44,159
06/02/2004,GTF,MT,ANM,WE,Towers with Radar,32,33,16,19,100,0,1,44,60,105,32,34,60,79,205,50,36,86,291
06/03/2004,GTF,MT,ANM,WE,Towers with Radar,39,36,11,22,108,0,6,61,0,67,39,42,72,22,175,86,10,96,271
06/04/2004,GTF,MT,ANM,WE,Towers with Radar,36,36,14,23,109,0,0,44,25,69,36,36,58,48,178,42,20,62,240
06/05/2004,GTF,MT,ANM,WE,Towers with Radar,22,28,15,13,78,0,3,51,63,117,22,31,66,76,195,88,30,118,313
06/06/2004,GTF,MT,ANM,WE,Towers with Radar,30,8,2,14,54,0,0,15,27,42,30,8,17,41,96,0,18,18,114
06/07/2004,GTF,MT,ANM,WE,Towers with Radar,31,33,12,15,91,0,0,15,0,15,31,33,27,15,106,0,0,0,106
06/08/2004,GTF,MT,ANM,WE,Towers with Radar,35,34,20,18,107,0,0,18,3,21,35,34,38,21,128,6,4,10,138
06/09/2004,GTF,MT,ANM,WE,Towers with Radar,38,35,36,5,114,0,5,30,1,36,38,40,66,6,150,24,2,26,176
06/10/2004,GTF,MT,ANM,WE,Towers with Radar,33,42,19,1,95,0,0,4,0,4,33,42,23,1,99,0,0,0,99
06/11/2004,GTF,MT,ANM,WE,Towers with Radar,37,38,16,6,97,0,0,27,0,27,37,38,43,6,124,4,0,4,128
06/12/2004,GTF,MT,ANM,WE,Towers with Radar,30,17,1,2,50,0,0,57,0,57,30,17,58,2,107,26,4,30,137
06/13/2004,GTF,MT,ANM,WE,Towers with Radar,30,8,11,6,55,0,3,16,2,21,30,11,27,8,76,18,4,22,98
06/14/2004,GTF,MT,ANM,WE,Towers with Radar,31,29,19,9,88,0,5,27,4,36,31,34,46,13,124,6,6,12,136
06/15/2004,GTF,MT,ANM,WE,Towers with Radar,29,34,8,13,84,0,5,41,3,49,29,39,49,16,133,46,8,54,187
06/16/2004,GTF,MT,ANM,WE,Towers with Radar,33,32,17,20,102,0,2,55,13,70,33,34,72,33,172,16,10,26,198
06/17/2004,GTF,MT,ANM,WE,Towers with Radar,32,36,17,13,98,0,1,20,0,21,32,37,37,13,119,24,0,24,143
06/18/2004,GTF,MT,ANM,WE,Towers with Radar,36,40,12,19,107,0,2,19,5,26,36,42,31,24,133,30,14,44,177
06/19/2004,GTF,MT,ANM,WE,Towers with Radar,33,26,9,0,68,0,0,34,0,34,33,26,43,0,102,30,0,30,132
06/20/2004,GTF,MT,ANM,WE,Towers with Radar,29,10,4,0,43,0,1,31,0,32,29,11,35,0,75,30,0,30,105
06/21/2004,GTF,MT,ANM,WE,Towers with Radar,28,30,10,26,94,0,0,49,18,67,28,30,59,44,161,16,30,46,207
06/22/2004,GTF,MT,ANM,WE,Towers with Radar,33,40,16,31,120,0,3,44,6,53,33,43,60,37,173,40,20,60,233
06/23/2004,GTF,MT,ANM,WE,Towers with Radar,32,32,12,37,113,0,4,26,6,36,32,36,38,43,149,2,28,30,179
06/24/2004,GTF,MT,ANM,WE,Towers with Radar,35,39,29,14,117,0,0,43,1,44,35,39,72,15,161,22,10,32,193
06/25/2004,GTF,MT,ANM,WE,Towers with Radar,32,37,19,1,89,0,0,38,0,38,32,37,57,1,127,20,0,20,147
06/26/2004,GTF,MT,ANM,WE,Towers with Radar,28,21,31,2,82,0,2,34,0,36,28,23,65,2,118,62,0,62,180
06/27/2004,GTF,MT,ANM,WE,Towers with Radar,30,8,14,0,52,0,6,57,0,63,30,14,71,0,115,60,0,60,175
06/28/2004,GTF,MT,ANM,WE,Towers with Radar,29,30,24,12,95,0,1,40,0,41,29,31,64,12,136,42,0,42,178
06/29/2004,GTF,MT,ANM,WE,Towers with Radar,31,46,10,13,100,0,4,44,3,51,31,50,54,16,151,10,0,10,161
06/30/2004,GTF,MT,ANM,WE,Towers with Radar,32,40,25,19,116,0,4,40,9,53,32,44,65,28,169,42,4,46,215
07/01/2004,GTF,MT,ANM,WE,Towers with Radar,39,36,20,28,123,0,2,26,1,29,39,38,46,29,152,4,0,4,156
07/02/2004,GTF,MT,ANM,WE,Towers with Radar,31,28,17,0,76,0,3,44,0,47,31,31,61,0,123,20,0,20,143
07/03/2004,GTF,MT,ANM,WE,Towers with Radar,32,28,9,2,71,0,2,35,0,37,32,30,44,2,108,4,0,4,112
07/04/2004,GTF,MT,ANM,WE,Towers with Radar,28,13,10,0,51,0,0,8,0,8,28,13,18,0,59,0,0,0,59
07/05/2004,GTF,MT,ANM,WE,Towers with Radar,28,11,14,0,53,0,3,22,0,25,28,14,36,0,78,56,0,56,134
07/06/2004,GTF,MT,ANM,WE,Towers with Radar,30,29,26,8,93,0,4,29,2,35,30,33,55,10,128,2,0,2,130
07/07/2004,GTF,MT,ANM,WE,Towers with Radar,30,40,6,23,99,0,3,27,20,50,30,43,33,43,149,6,16,22,171
07/08/2004,GTF,MT,ANM,WE,Towers with Radar,34,34,18,31,117,0,0,36,27,63,34,34,54,58,180,16,22,38,218
07/09/2004,GTF,MT,ANM,WE,Towers with Radar,33,42,17,28,120,0,2,37,7,46,33,44,54,35,166,20,50,70,236
07/10/2004,GTF,MT,ANM,WE,Towers with Radar,32,20,12,19,83,0,0,47,24,71,32,20,59,43,154,38,24,62,216
07/11/2004,GTF,MT,ANM,WE,Towers with Radar,30,12,18,13,73,0,0,19,22,41,30,12,37,35,114,0,22,22,136
07/12/2004,GTF,MT,ANM,WE,Towers with Radar,31,27,15,14,87,0,1,44,14,59,31,28,59,28,146,12,12,24,170
07/13/2004,GTF,MT,ANM,WE,Towers with Radar,35,33,12,24,104,0,1,39,8,48,35,34,51,32,152,14,14,28,180
07/14/2004,GTF,MT,ANM,WE,Towers with Radar,32,36,15,28,111,0,1,43,1,45,32,37,58,29,156,10,0,10,166
07/15/2004,GTF,MT,ANM,WE,Towers with Radar,36,39,23,18,116,0,2,49,10,61,36,41,72,28,177,28,10,38,215
07/16/2004,GTF,MT,ANM,WE,Towers with Radar,32,34,5,5,76,0,2,67,0,69,32,36,72,5,145,12,2,14,159
07/17/2004,GTF,MT,ANM,WE,Towers with Radar,33,19,8,0,60,0,2,61,0,63,33,21,69,0,123,32,0,32,155
07/18/2004,GTF,MT,ANM,WE,Towers with Radar,32,5,14,0,51,0,0,46,0,46,32,5,60,0,97,12,0,12,109
07/19/2004,GTF,MT,ANM,WE,Towers with Radar,28,30,14,4,76,0,0,28,0,28,28,30,42,4,104,16,2,18,122
07/20/2004,GTF,MT,ANM,WE,Towers with Radar,36,37,6,21,100,0,2,31,3,36,36,39,37,24,136,30,6,36,172
07/21/2004,GTF,MT,ANM,WE,Towers with Radar,33,39,15,25,112,0,2,36,20,58,33,41,51,45,170,26,28,54,224
07/22/2004,GTF,MT,ANM,WE,Towers with Radar,33,42,12,19,106,0,1,59,18,78,33,43,71,37,184,50,17,67,251
07/23/2004,GTF,MT,ANM,WE,Towers with Radar,34,43,19,25,121,0,2,59,6,67,34,45,78,31,188,58,12,70,258
07/24/2004,GTF,MT,ANM,WE,Towers with Radar,34,15,14,1,64,0,2,44,0,46,34,17,58,1,110,28,0,28,138
07/25/2004,GTF,MT,ANM,WE,Towers with Radar,30,12,10,1,53,0,4,37,0,41,30,16,47,1,94,52,6,58,152
07/26/2004,GTF,MT,ANM,WE,Towers with Radar,28,27,16,18,89,0,1,43,12,56,28,28,59,30,145,6,8,14,159
07/27/2004,GTF,MT,ANM,WE,Towers with Radar,32,47,11,23,113,0,1,54,2,57,32,48,65,25,170,2,12,14,184
07/28/2004,GTF,MT,ANM,WE,Towers with Radar,27,42,18,25,112,0,10,54,0,64,27,52,72,25,176,38,10,48,224
07/29/2004,GTF,MT,ANM,WE,Towers with Radar,37,44,13,27,121,0,0,50,4,54,37,44,63,31,175,0,4,4,179
07/30/2004,GTF,MT,ANM,WE,Towers with Radar,34,36,19,6,95,0,2,57,1,60,34,38,76,7,155,6,2,8,163
07/31/2004,GTF,MT,ANM,WE,Towers with Radar,33,20,20,2,75,0,0,38,0,38,33,20,58,2,113,14,0,14,127
08/01/2004,GTF,MT,ANM,WE,Towers with Radar,17,7,7,3,34,16,0,61,0,77,33,7,68,3,111,56,8,64,175
08/02/2004,GTF,MT,ANM,WE,Towers with Radar,27,26,10,11,74,3,0,37,1,41,30,26,47,12,115,26,12,38,153
08/03/2004,GTF,MT,ANM,WE,Towers with Radar,33,37,15,17,102,0,6,13,10,29,33,43,28,27,131,0,22,22,153
08/04/2004,GTF,MT,ANM,WE,Towers with Radar,33,35,15,17,100,0,6,40,14,60,33,41,55,31,160,66,6,72,232
08/05/2004,GTF,MT,ANM,WE,Towers with Radar,36,41,17,18,112,0,6,24,10,40,36,47,41,28,152,54,4,58,210
08/06/2004,GTF,MT,ANM,WE,Towers with Radar,35,35,15,15,100,2,6,41,12,61,37,41,56,27,161,64,14,78,239
08/07/2004,GTF,MT,ANM,WE,Towers with Radar,23,20,10,2,55,9,0,33,0,42,32,20,43,2,97,16,2,18,115
08/08/2004,GTF,MT,ANM,WE,Towers with Radar,14,6,5,1,26,14,0,32,0,46,28,6,37,1,72,0,0,0,72
08/09/2004,GTF,MT,ANM,WE,Towers with Radar,27,27,10,11,75,1,5,29,4,39,28,32,39,15,114,31,4,35,149
08/10/2004,GTF,MT,ANM,WE,Towers with Radar,32,34,14,12,92,0,13,34,0,47,32,47,48,12,139,4,8,12,151
08/11/2004,GTF,MT,ANM,WE,Towers with Radar,32,39,16,17,104,0,6,34,45,85,32,45,50,62,189,32,38,70,259
08/12/2004,GTF,MT,ANM,WE,Towers with Radar,32,35,15,15,97,0,3,35,13,51,32,38,50,28,148,52,14,66,214
08/13/2004,GTF,MT,ANM,WE,Towers with Radar,29,28,11,6,74,5,3,26,0,34,34,31,37,6,108,16,2,18,126
08/14/2004,GTF,MT,ANM,WE,Towers with Radar,22,20,9,2,53,13,0,41,0,54,35,20,50,2,107,22,0,22,129
08/15/2004,GTF,MT,ANM,WE,Towers with Radar,18,11,7,0,36,14,0,37,0,51,32,11,44,0,87,16,0,16,103
08/16/2004,GTF,MT,ANM,WE,Towers with Radar,27,33,13,14,87,0,0,40,0,40,27,33,53,14,127,24,22,46,173
08/17/2004,GTF,MT,ANM,WE,Towers with Radar,35,34,14,16,99,0,5,77,7,89,35,39,91,23,188,74,10,84,272
08/18/2004,GTF,MT,ANM,WE,Towers with Radar,32,40,16,16,104,0,9,27,0,36,32,49,43,16,140,28,8,36,176
08/19/2004,GTF,MT,ANM,WE,Towers with Radar,28,41,17,20,106,0,6,39,28,73,28,47,56,48,179,50,20,70,249
08/20/2004,GTF,MT,ANM,WE,Towers with Radar,34,33,15,17,99,0,0,36,11,47,34,33,51,28,146,40,16,56,202
08/21/2004,GTF,MT,ANM,WE,Towers with Radar,29,19,11,12,71,3,0,30,12,45,32,19,41,24,116,2,22,24,140
08/22/2004,GTF,MT,ANM,WE,Towers with Radar,24,12,10,11,57,6,0,20,6,32,30,12,30,17,89,12,16,28,117
08/23/2004,GTF,MT,ANM,WE,Towers with Radar,28,31,12,14,85,0,5,3,0,8,28,36,15,14,93,0,0,0,93
08/24/2004,GTF,MT,ANM,WE,Towers with Radar,34,36,15,17,102,0,8,22,14,44,34,44,37,31,146,58,16,74,220
08/25/2004,GTF,MT,ANM,WE,Towers with Radar,31,40,16,19,106,0,2,35,4,41,31,42,51,23,147,76,0,76,223
08/26/2004,GTF,MT,ANM,WE,Towers with Radar,30,33,14,16,93,0,10,9,0,19,30,43,23,16,112,0,0,0,112
08/27/2004,GTF,MT,ANM,WE,Towers with Radar,32,29,12,4,77,2,12,33,0,47,34,41,45,4,124,38,2,40,164
08/28/2004,GTF,MT,ANM,WE,Towers with Radar,22,19,9,1,51,10,0,45,0,55,32,19,54,1,106,40,0,40,146
08/29/2004,GTF,MT,ANM,WE,Towers with Radar,17,7,6,7,37,11,0,39,2,52,28,7,45,9,89,44,10,54,143
08/30/2004,GTF,MT,ANM,WE,Towers with Radar,26,29,11,14,80,0,3,38,27,68,26,32,49,41,148,52,12,64,212
08/31/2004,GTF,MT,ANM,WE,Towers with Radar,31,42,17,20,110,0,5,53,31,89,31,47,70,51,199,70,18,88,287
09/01/2004,GTF,MT,ANM,WE,Towers with Radar,37,36,8,26,107,0,2,21,6,29,37,38,29,32,136,10,6,16,152
09/02/2004,GTF,MT,ANM,WE,Towers with Radar,36,39,22,18,115,0,0,26,17,43,36,39,48,35,158,79,10,89,247
09/03/2004,GTF,MT,ANM,WE,Towers with Radar,39,35,5,1,80,0,2,28,0,30,39,37,33,1,110,40,0,40,150
09/04/2004,GTF,MT,ANM,WE,Towers with Radar,36,18,6,0,60,0,2,55,0,57,36,20,61,0,117,36,0,36,153
09/05/2004,GTF,MT,ANM,WE,Towers with Radar,30,12,12,0,54,0,4,32,0,36,30,16,44,0,90,18,0,18,108
09/06/2004,GTF,MT,ANM,WE,Towers with Radar,30,17,8,0,55,0,0,30,0,30,30,17,38,0,85,51,0,51,136
09/07/2004,GTF,MT,ANM,WE,Towers with Radar,31,33,22,2,88,0,0,20,0,20,31,33,42,2,108,22,2,24,132
09/08/2004,GTF,MT,ANM,WE,Towers with Radar,34,40,16,13,103,0,2,34,12,48,34,42,50,25,151,12,12,24,175
09/09/2004,GTF,MT,ANM,WE,Towers with Radar,33,41,13,24,111,0,5,23,7,35,33,46,36,31,146,2,22,24,170
09/10/2004,GTF,MT,ANM,WE,Towers with Radar,38,43,21,14,116,0,2,48,4,54,38,45,69,18,170,38,4,42,212
09/11/2004,GTF,MT,ANM,WE,Towers with Radar,36,21,30,40,127,0,0,41,8,49,36,21,71,48,176,26,0,26,202
09/12/2004,GTF,MT,ANM,WE,Towers with Radar,31,5,14,35,85,0,2,16,0,18,31,7,30,35,103,14,0,14,117
09/13/2004,GTF,MT,ANM,WE,Towers with Radar,33,37,15,13,98,0,2,21,0,23,33,39,36,13,121,4,0,4,125
09/14/2004,GTF,MT,ANM,WE,Towers with Radar,38,50,29,27,144,0,0,28,2,30,38,50,57,29,174,22,16,38,212
09/15/2004,GTF,MT,ANM,WE,Towers with Radar,36,38,17,24,115,0,4,35,6,45,36,42,52,30,160,6,0,6,166
09/16/2004,GTF,MT,ANM,WE,Towers with Radar,37,39,24,27,127,0,0,25,13,38,37,39,49,40,165,16,8,24,189
09/17/2004,GTF,MT,ANM,WE,Towers with Radar,37,37,37,10,121,0,0,58,3,61,37,37,95,13,182,74,13,87,269
09/18/2004,GTF,MT,ANM,WE,Towers with Radar,34,18,12,14,78,0,0,13,17,30,34,18,25,31,108,0,14,14,122
09/19/2004,GTF,MT,ANM,WE,Towers with Radar,35,6,25,1,67,0,0,3,0,3,35,6,28,1,70,0,0,0,70
09/20/2004,GTF,MT,ANM,WE,Towers with Radar,33,28,7,0,68,0,0,3,0,3,33,28,10,0,71,0,0,0,71
09/21/2004,GTF,MT,ANM,WE,Towers with Radar,38,45,15,33,131,0,0,44,2,46,38,45,59,35,177,58,20,78,255
09/22/2004,GTF,MT,ANM,WE,Towers with Radar,38,37,22,16,113,0,0,20,1,21,38,37,42,17,134,48,12,60,194
09/23/2004,GTF,MT,ANM,WE,Towers with Radar,28,40,18,25,111,0,0,24,6,30,28,40,42,31,141,24,18,42,183
09/24/2004,GTF,MT,ANM,WE,Towers with Radar,36,33,22,10,101,0,2,30,7,39,36,35,52,17,140,24,6,30,170
09/25/2004,GTF,MT,ANM,WE,Towers with Radar,33,23,11,0,67,0,2,45,0,47,33,25,56,0,114,20,0,20,134
09/26/2004,GTF,MT,ANM,WE,Towers with Radar,33,6,10,0,49,0,0,31,0,31,33,6,41,0,80,18,0,18,98
09/27/2004,GTF,MT,ANM,WE,Towers with Radar,28,33,7,3,71,0,2,30,1,33,28,35,37,4,104,24,4,28,132
09/28/2004,GTF,MT,ANM,WE,Towers with Radar,36,33,16,28,113,0,0,36,18,54,36,33,52,46,167,8,60,68,235
09/29/2004,GTF,MT,ANM,WE,Towers with Radar,38,39,13,1,91,0,2,39,2,43,38,41,52,3,134,34,0,34,168
09/30/2004,GTF,MT,ANM,WE,Towers with Radar,30,43,15,1,89,0,5,24,0,29,30,48,39,1,118,36,0,36,154
10/01/2004,GTF,MT,ANM,WE,Towers with Radar,37,32,16,14,99,0,1,38,5,44,37,33,54,19,143,28,0,28,171
10/02/2004,GTF,MT,ANM,WE,Towers with Radar,33,13,10,34,90,0,0,0,0,0,33,13,10,34,90,24,16,40,130
10/03/2004,GTF,MT,ANM,WE,Towers with Radar,35,7,9,10,61,0,0,33,0,33,35,7,42,10,94,68,0,68,162
10/04/2004,GTF,MT,ANM,WE,Towers with Radar,31,26,6,31,94,0,2,34,0,36,31,28,40,31,130,36,8,44,174
10/05/2004,GTF,MT,ANM,WE,Towers with Radar,0,0,0,0,0,0,0,0,0,0,0,0,0,0,0,18,0,18,18
10/06/2004,GTF,MT,ANM,WE,Towers with Radar,0,0,0,0,0,0,0,0,0,0,0,0,0,0,0,32,0,32,32
10/07/2004,GTF,MT,ANM,WE,Towers with Radar,36,41,9,44,130,0,0,0,0,0,36,41,9,44,130,6,6,12,142
10/08/2004,GTF,MT,ANM,WE,Towers with Radar,41,36,13,8,98,0,6,21,4,31,41,42,34,12,129,14,6,20,149
10/09/2004,GTF,MT,ANM,WE,Towers with Radar,35,20,8,0,63,0,0,18,0,18,35,20,26,0,81,0,0,0,81
10/10/2004,GTF,MT,ANM,WE,Towers with Radar,34,8,4,0,46,0,0,11,0,11,34,8,15,0,57,8,0,8,65
10/11/2004,GTF,MT,ANM,WE,Towers with Radar,32,29,12,1,74,0,0,29,0,29,32,29,41,1,103,12,0,12,115
10/12/2004,GTF,MT,ANM,WE,Towers with Radar,36,35,14,5,90,0,8,24,2,34,36,43,38,7,124,40,4,44,168
10/13/2004,GTF,MT,ANM,WE,Towers with Radar,0,0,0,0,0,0,0,0,0,0,0,0,0,0,0,4,4,8,8
10/14/2004,GTF,MT,ANM,WE,Towers with Radar,35,37,34,42,148,0,0,0,0,0,35,37,34,42,148,0,38,38,186
10/15/2004,GTF,MT,ANM,WE,Towers with Radar,40,39,12,29,120,0,0,0,0,0,40,39,12,29,120,0,6,6,126
10/16/2004,GTF,MT,ANM,WE,Towers with Radar,32,19,10,30,91,0,0,0,0,0,32,19,10,30,91,18,10,28,119
10/17/2004,GTF,MT,ANM,WE,Towers with Radar,33,11,3,9,56,0,0,0,0,0,33,11,3,9,56,0,0,0,56
10/18/2004,GTF,MT,ANM,WE,Towers with Radar,34,29,5,11,79,0,0,4,0,4,34,29,9,11,83,10,14,24,107
10/19/2004,GTF,MT,ANM,WE,Towers with Radar,0,0,0,0,0,0,0,0,0,0,0,0,0,0,0,0,12,12,12
10/20/2004,GTF,MT,ANM,WE,Towers with Radar,0,0,0,0,0,0,0,0,0,0,0,0,0,0,0,4,16,20,20
10/21/2004,GTF,MT,ANM,WE,Towers with Radar,35,36,21,30,122,0,2,11,27,40,35,38,32,57,162,8,22,30,192
10/22/2004,GTF,MT,ANM,WE,Towers with Radar,40,41,8,2,91,0,3,21,0,24,40,44,29,2,115,22,0,22,137
10/23/2004,GTF,MT,ANM,WE,Towers with Radar,34,16,8,0,58,0,0,3,0,3,34,16,11,0,61,0,0,0,61
10/24/2004,GTF,MT,ANM,WE,Towers with Radar,0,0,0,0,0,0,0,0,0,0,0,0,0,0,0,0,0,0,0
10/25/2004,GTF,MT,ANM,WE,Towers with Radar,32,31,18,19,100,0,2,38,15,55,32,33,56,34,155,36,4,40,195
10/26/2004,GTF,MT,ANM,WE,Towers with Radar,37,42,18,30,127,0,0,31,8,39,37,42,49,38,166,28,6,34,200
10/27/2004,GTF,MT,ANM,WE,Towers with Radar,0,0,0,0,0,0,0,0,0,0,0,0,0,0,0,40,28,68,68
10/28/2004,GTF,MT,ANM,WE,Towers with Radar,44,39,12,27,122,0,0,0,0,0,44,39,12,27,122,26,8,34,156
10/29/2004,GTF,MT,ANM,WE,Towers with Radar,39,41,11,1,92,0,2,14,0,16,39,43,25,1,108,4,0,4,112
10/30/2004,GTF,MT,ANM,WE,Towers with Radar,32,19,5,0,56,0,0,5,0,5,32,19,10,0,61,0,0,0,61
10/31/2004,GTF,MT,ANM,WE,Towers with Radar,33,10,6,0,49,0,0,3,0,3,33,10,9,0,52,0,0,0,52
11/01/2004,GTF,MT,ANM,WE,Combined TRACON& Tower with Radar,27,29,9,4,69,0,0,10,2,12,27,29,19,6,81,44,10,54,135
11/02/2004,GTF,MT,ANM,WE,Combined TRACON& Tower with Radar,0,0,0,0,0,0,0,0,0,0,0,0,0,0,0,0,22,22,22
11/03/2004,GTF,MT,ANM,WE,Combined TRACON& Tower with Radar,0,0,0,0,0,0,0,0,0,0,0,0,0,0,0,42,14,56,56
11/04/2004,GTF,MT,ANM,WE,Combined TRACON& Tower with Radar,35,45,17,45,142,0,0,0,0,0,35,45,17,45,142,22,30,52,194
11/05/2004,GTF,MT,ANM,WE,Combined TRACON& Tower with Radar,37,43,13,19,112,0,0,0,0,0,37,43,13,19,112,2,14,16,128
11/06/2004,GTF,MT,ANM,WE,Combined TRACON& Tower with Radar,30,17,4,0,51,0,0,0,0,0,30,17,4,0,51,2,0,2,53
11/07/2004,GTF,MT,ANM,WE,Combined TRACON& Tower with Radar,29,7,8,24,68,0,0,0,0,0,29,7,8,24,68,6,0,6,74
11/08/2004,GTF,MT,ANM,WE,Combined TRACON& Tower with Radar,32,24,24,25,105,0,2,22,1,25,32,26,46,26,130,34,4,38,168
11/09/2004,GTF,MT,ANM,WE,Combined TRACON& Tower with Radar,34,38,15,36,123,0,4,15,14,33,34,42,30,50,156,12,8,20,176
11/10/2004,GTF,MT,ANM,WE,Combined TRACON& Tower with Radar,0,0,0,0,0,0,0,0,0,0,0,0,0,0,0,0,0,0,0
11/11/2004,GTF,MT,ANM,WE,Combined TRACON& Tower with Radar,32,31,12,0,75,0,0,42,0,42,32,31,54,0,117,42,0,42,159
11/12/2004,GTF,MT,ANM,WE,Combined TRACON& Tower with Radar,31,29,29,0,89,0,0,34,0,34,31,29,63,0,123,58,0,58,181
11/13/2004,GTF,MT,ANM,WE,Combined TRACON& Tower with Radar,34,17,9,0,60,0,0,43,0,43,34,17,52,0,103,82,0,82,185
11/14/2004,GTF,MT,ANM,WE,Combined TRACON& Tower with Radar,33,5,22,0,60,0,2,48,0,50,33,7,70,0,110,26,0,26,136
11/15/2004,GTF,MT,ANM,WE,Combined TRACON& Tower with Radar,30,27,12,10,79,0,2,8,3,13,30,29,20,13,92,8,8,16,108
11/16/2004,GTF,MT,ANM,WE,Combined TRACON& Tower with Radar,0,0,0,0,0,0,0,0,0,0,0,0,0,0,0,6,12,18,18
11/17/2004,GTF,MT,ANM,WE,Combined TRACON& Tower with Radar,0,0,0,0,0,0,0,0,0,0,0,0,0,0,0,40,36,76,76
11/18/2004,GTF,MT,ANM,WE,Combined TRACON& Tower with Radar,37,46,22,32,137,0,0,16,32,48,37,46,38,64,185,42,32,74,259
11/19/2004,GTF,MT,ANM,WE,Combined TRACON& Tower with Radar,38,43,11,15,107,0,0,0,0,0,38,43,11,15,107,32,6,38,145
11/20/2004,GTF,MT,ANM,WE,Combined TRACON& Tower with Radar,33,17,7,14,71,0,0,7,16,23,33,17,14,30,94,10,16,26,120
11/21/2004,GTF,MT,ANM,WE,Combined TRACON& Tower with Radar,32,6,13,14,65,0,4,14,16,34,32,10,27,30,99,10,16,26,125
11/22/2004,GTF,MT,ANM,WE,Combined TRACON& Tower with Radar,31,28,4,10,73,0,0,1,1,2,31,28,5,11,75,16,4,20,95
11/23/2004,GTF,MT,ANM,WE,Combined TRACON& Tower with Radar,37,42,13,33,125,0,0,24,19,43,37,42,37,52,168,60,6,66,234
11/24/2004,GTF,MT,ANM,WE,Combined TRACON& Tower with Radar,0,0,0,0,0,0,0,0,0,0,0,0,0,0,0,6,6,12,12
11/25/2004,GTF,MT,ANM,WE,Combined TRACON& Tower with Radar,31,23,1,0,55,0,0,0,0,0,31,23,1,0,55,0,0,0,55
11/26/2004,GTF,MT,ANM,WE,Combined TRACON& Tower with Radar,35,37,11,0,83,0,0,20,0,20,35,37,31,0,103,44,0,44,147
11/27/2004,GTF,MT,ANM,WE,Combined TRACON& Tower with Radar,30,26,7,0,63,0,0,10,0,10,30,26,17,0,73,4,0,4,77
11/28/2004,GTF,MT,ANM,WE,Combined TRACON& Tower with Radar,33,14,16,0,63,0,0,0,0,0,33,14,16,0,63,0,0,0,63
11/29/2004,GTF,MT,ANM,WE,Combined TRACON& Tower with Radar,31,35,8,14,88,0,2,9,3,14,31,37,17,17,102,22,4,26,128
11/30/2004,GTF,MT,ANM,WE,Combined TRACON& Tower with Radar,0,0,0,0,0,0,0,0,0,0,0,0,0,0,0,14,14,28,28
12/01/2004,GTF,MT,ANM,WE,Combined TRACON& Tower with Radar,0,0,0,0,0,0,0,0,0,0,0,0,0,0,0,44,28,72,72
12/02/2004,GTF,MT,ANM,WE,Combined TRACON& Tower with Radar,35,45,18,37,135,0,0,0,0,0,35,45,18,37,135,12,18,30,165
12/03/2004,GTF,MT,ANM,WE,Combined TRACON& Tower with Radar,36,38,8,21,103,0,0,0,0,0,36,38,8,21,103,20,22,42,145
12/04/2004,GTF,MT,ANM,WE,Combined TRACON& Tower with Radar,35,15,5,11,66,0,0,27,28,55,35,15,32,39,121,32,16,48,169
12/05/2004,GTF,MT,ANM,WE,Combined TRACON& Tower with Radar,28,5,1,18,52,0,0,0,0,0,28,5,1,18,52,58,8,66,118
12/06/2004,GTF,MT,ANM,WE,Combined TRACON& Tower with Radar,32,33,7,25,97,0,1,9,1,11,32,34,16,26,108,28,2,30,138
12/07/2004,GTF,MT,ANM,WE,Combined TRACON& Tower with Radar,37,48,29,10,124,0,0,15,10,25,37,48,44,20,149,16,2,18,167
12/08/2004,GTF,MT,ANM,WE,Combined TRACON& Tower with Radar,34,49,16,33,132,0,0,0,0,0,34,49,16,33,132,26,4,30,162
12/09/2004,GTF,MT,ANM,WE,Combined TRACON& Tower with Radar,36,39,17,24,116,0,3,7,6,16,36,42,24,30,132,0,6,6,138
12/10/2004,GTF,MT,ANM,WE,Combined TRACON& Tower with Radar,36,38,12,0,86,0,1,6,0,7,36,39,18,0,93,8,0,8,101
12/11/2004,GTF,MT,ANM,WE,Combined TRACON& Tower with Radar,34,17,5,0,56,0,0,1,0,1,34,17,6,0,57,0,0,0,57
12/12/2004,GTF,MT,ANM,WE,Combined TRACON& Tower with Radar,27,9,14,0,50,0,0,44,0,44,27,9,58,0,94,36,0,36,130
12/13/2004,GTF,MT,ANM,WE,Combined TRACON& Tower with Radar,30,31,4,13,78,0,2,21,1,24,30,33,25,14,102,6,16,22,124
12/14/2004,GTF,MT,ANM,WE,Combined TRACON& Tower with Radar,36,42,6,27,111,0,0,0,0,0,36,42,6,27,111,24,4,28,139
12/15/2004,GTF,MT,ANM,WE,Combined TRACON& Tower with Radar,43,37,6,35,121,0,4,17,9,30,43,41,23,44,151,16,20,36,187
12/16/2004,GTF,MT,ANM,WE,Combined TRACON& Tower with Radar,35,38,25,46,144,0,2,17,23,42,35,40,42,69,186,44,22,66,252
12/17/2004,GTF,MT,ANM,WE,Combined TRACON& Tower with Radar,40,37,17,26,120,0,2,17,30,49,40,39,34,56,169,20,36,56,225
12/18/2004,GTF,MT,ANM,WE,Combined TRACON& Tower with Radar,27,28,8,27,90,0,0,10,36,46,27,28,18,63,136,0,24,24,160
12/19/2004,GTF,MT,ANM,WE,Combined TRACON& Tower with Radar,29,7,3,12,51,0,0,4,0,4,29,7,7,12,55,0,6,6,61
12/20/2004,GTF,MT,ANM,WE,Combined TRACON& Tower with Radar,27,31,9,23,90,0,0,7,2,9,27,31,16,25,99,20,4,24,123
12/21/2004,GTF,MT,ANM,WE,Combined TRACON& Tower with Radar,0,0,0,0,0,0,0,0,0,0,0,0,0,0,0,12,8,20,20
12/22/2004,GTF,MT,ANM,WE,Combined TRACON& Tower with Radar,32,36,15,20,103,0,0,0,0,0,32,36,15,20,103,0,0,0,103
12/23/2004,GTF,MT,ANM,WE,Combined TRACON& Tower with Radar,32,29,5,0,66,0,0,0,0,0,32,29,5,0,66,0,0,0,66
12/24/2004,GTF,MT,ANM,WE,Combined TRACON& Tower with Radar,34,34,10,0,78,0,0,0,0,0,34,34,10,0,78,4,0,4,82
12/25/2004,GTF,MT,ANM,WE,Combined TRACON& Tower with Radar,19,9,1,0,29,0,0,9,0,9,19,9,10,0,38,16,0,16,54
12/26/2004,GTF,MT,ANM,WE,Combined TRACON& Tower with Radar,28,6,15,0,49,0,0,0,0,0,28,6,15,0,49,0,0,0,49
12/27/2004,GTF,MT,ANM,WE,Combined TRACON& Tower with Radar,26,32,14,2,74,0,2,14,2,18,26,34,28,4,92,4,2,6,98
12/28/2004,GTF,MT,ANM,WE,Combined TRACON& Tower with Radar,37,46,2,30,115,0,0,0,0,0,37,46,2,30,115,0,20,20,135
12/29/2004,GTF,MT,ANM,WE,Combined TRACON& Tower with Radar,28,39,0,26,93,0,0,0,0,0,28,39,0,26,93,4,6,10,103
12/30/2004,GTF,MT,ANM,WE,Combined TRACON& Tower with Radar,31,33,4,6,74,0,0,0,0,0,31,33,4,6,74,0,0,0,74
12/31/2004,GTF,MT,ANM,WE,Combined TRACON& Tower with Radar,33,35,8,0,76,0,0,0,0,0,33,35,8,0,76,0,0,0,76
01/01/2005,GTF,MT,ANM,WE,Combined TRACON& Tower with Radar,22,10,3,0,35,0,1,4,0,5,22,11,7,0,40,0,0,0,40
01/02/2005,GTF,MT,ANM,WE,Combined TRACON& Tower with Radar,23,14,7,0,44,0,0,0,0,0,23,14,7,0,44,6,0,6,50
01/03/2005,GTF,MT,ANM,WE,Combined TRACON& Tower with Radar,29,32,21,1,83,0,3,7,3,13,29,35,28,4,96,22,0,22,118
01/04/2005,GTF,MT,ANM,WE,Combined TRACON& Tower with Radar,32,37,3,28,100,0,1,15,3,19,32,38,18,31,119,0,4,4,123
01/05/2005,GTF,MT,ANM,WE,Combined TRACON& Tower with Radar,0,0,0,0,0,0,0,0,0,0,0,0,0,0,0,14,10,24,24
01/06/2005,GTF,MT,ANM,WE,Combined TRACON& Tower with Radar,37,36,33,16,122,0,0,6,22,28,37,36,39,38,150,24,18,42,192
01/07/2005,GTF,MT,ANM,WE,Combined TRACON& Tower with Radar,32,37,6,14,89,0,0,0,0,0,32,37,6,14,89,0,0,0,89
01/08/2005,GTF,MT,ANM,WE,Combined TRACON& Tower with Radar,0,0,0,0,0,0,0,0,0,0,0,0,0,0,0,16,0,16,16
01/09/2005,GTF,MT,ANM,WE,Combined TRACON& Tower with Radar,33,5,4,14,56,0,0,0,4,4,33,5,4,18,60,0,6,6,66
01/10/2005,GTF,MT,ANM,WE,Combined TRACON& Tower with Radar,30,34,11,26,101,0,3,2,3,8,30,37,13,29,109,0,8,8,117
01/11/2005,GTF,MT,ANM,WE,Combined TRACON& Tower with Radar,35,37,8,20,100,0,1,12,0,13,35,38,20,20,113,10,0,10,123
01/12/2005,GTF,MT,ANM,WE,Combined TRACON& Tower with Radar,38,42,6,0,86,0,0,0,0,0,38,42,6,0,86,0,0,0,86
01/13/2005,GTF,MT,ANM,WE,Combined TRACON& Tower with Radar,30,44,17,24,115,0,0,0,0,0,30,44,17,24,115,2,2,4,119
01/14/2005,GTF,MT,ANM,WE,Combined TRACON& Tower with Radar,38,31,12,0,81,0,11,7,0,18,38,42,19,0,99,10,0,10,109
01/15/2005,GTF,MT,ANM,WE,Combined TRACON& Tower with Radar,32,18,7,0,57,0,1,6,0,7,32,19,13,0,64,0,0,0,64
01/16/2005,GTF,MT,ANM,WE,Combined TRACON& Tower with Radar,30,5,10,0,45,0,2,2,0,4,30,7,12,0,49,8,0,8,57
01/17/2005,GTF,MT,ANM,WE,Combined TRACON& Tower with Radar,29,30,11,0,70,0,5,11,0,16,29,35,22,0,86,0,0,0,86
01/18/2005,GTF,MT,ANM,WE,Combined TRACON& Tower with Radar,37,33,10,11,91,0,2,7,1,10,37,35,17,12,101,14,4,18,119
01/19/2005,GTF,MT,ANM,WE,Combined TRACON& Tower with Radar,42,37,14,14,107,0,0,0,0,0,42,37,14,14,107,0,8,8,115
01/20/2005,GTF,MT,ANM,WE,Combined TRACON& Tower with Radar,35,41,11,46,133,0,0,0,0,0,35,41,11,46,133,70,8,78,211
01/21/2005,GTF,MT,ANM,WE,Combined TRACON& Tower with Radar,34,35,11,22,102,2,0,1,0,3,36,35,12,22,105,0,0,0,105
01/22/2005,GTF,MT,ANM,WE,Combined TRACON& Tower with Radar,31,21,2,57,111,0,0,0,0,0,31,21,2,57,111,0,12,12,123
01/23/2005,GTF,MT,ANM,WE,Combined TRACON& Tower with Radar,24,3,0,14,41,0,0,19,0,19,24,3,19,14,60,40,12,52,112
01/24/2005,GTF,MT,ANM,WE,Combined TRACON& Tower with Radar,38,45,5,32,120,0,4,28,16,48,38,49,33,48,168,34,8,42,210
01/25/2005,GTF,MT,ANM,WE,Combined TRACON& Tower with Radar,37,44,14,26,121,0,1,33,31,65,37,45,47,57,186,26,22,48,234
01/26/2005,GTF,MT,ANM,WE,Combined TRACON& Tower with Radar,33,54,12,24,123,0,0,0,0,0,33,54,12,24,123,16,0,16,139
01/27/2005,GTF,MT,ANM,WE,Combined TRACON& Tower with Radar,29,43,20,40,132,0,0,0,0,0,29,43,20,40,132,16,10,26,158
01/28/2005,GTF,MT,ANM,WE,Combined TRACON& Tower with Radar,0,0,0,0,0,0,0,0,0,0,0,0,0,0,0,44,0,44,44
01/29/2005,GTF,MT,ANM,WE,Combined TRACON& Tower with Radar,33,16,17,2,68,0,0,0,0,0,33,16,17,2,68,40,0,40,108
01/30/2005,GTF,MT,ANM,WE,Combined TRACON& Tower with Radar,32,2,12,3,49,0,0,16,0,16,32,2,28,3,65,6,0,6,71
01/31/2005,GTF,MT,ANM,WE,Combined TRACON& Tower with Radar,34,26,8,8,76,0,4,12,3,19,34,30,20,11,95,4,2,6,101
02/01/2005,GTF,MT,ANM,WE,Combined TRACON& Tower with Radar,38,44,22,31,135,0,0,21,33,54,38,44,43,64,189,60,48,108,297
02/02/2005,GTF,MT,ANM,WE,Combined TRACON& Tower with Radar,36,46,12,38,132,0,0,0,0,0,36,46,12,38,132,36,40,76,208
02/03/2005,GTF,MT,ANM,WE,Combined TRACON& Tower with Radar,45,39,16,10,110,0,0,0,0,0,45,39,16,10,110,0,0,0,110
02/04/2005,GTF,MT,ANM,WE,Combined TRACON& Tower with Radar,0,0,0,0,0,0,0,0,0,0,0,0,0,0,0,6,8,14,14
02/05/2005,GTF,MT,ANM,WE,Combined TRACON& Tower with Radar,37,20,15,24,96,0,4,4,10,18,37,24,19,34,114,6,14,20,134
02/06/2005,GTF,MT,ANM,WE,Combined TRACON& Tower with Radar,31,7,4,11,53,0,0,6,0,6,31,7,10,11,59,0,0,0,59
02/07/2005,GTF,MT,ANM,WE,Combined TRACON& Tower with Radar,33,33,19,25,110,0,4,12,15,31,33,37,31,40,141,22,0,22,163
02/08/2005,GTF,MT,ANM,WE,Combined TRACON& Tower with Radar,34,52,18,20,124,0,1,21,3,25,34,53,39,23,149,12,2,14,163
02/09/2005,GTF,MT,ANM,WE,Combined TRACON& Tower with Radar,36,54,23,17,130,0,0,0,0,0,36,54,23,17,130,56,4,60,190
02/10/2005,GTF,MT,ANM,WE,Combined TRACON& Tower with Radar,37,35,12,36,120,0,0,0,0,0,37,35,12,36,120,6,6,12,132
02/11/2005,GTF,MT,ANM,WE,Combined TRACON& Tower with Radar,0,0,0,0,0,0,0,0,0,0,0,0,0,0,0,42,0,42,42
02/12/2005,GTF,MT,ANM,WE,Combined TRACON& Tower with Radar,34,19,5,3,61,0,0,0,0,0,34,19,5,3,61,24,0,24,85
02/13/2005,GTF,MT,ANM,WE,Combined TRACON& Tower with Radar,33,7,1,0,41,0,0,8,0,8,33,7,9,0,49,6,0,6,55
02/14/2005,GTF,MT,ANM,WE,Combined TRACON& Tower with Radar,34,36,2,33,105,0,6,2,14,22,34,42,4,47,127,6,12,18,145
02/15/2005,GTF,MT,ANM,WE,Combined TRACON& Tower with Radar,39,36,10,23,108,0,4,19,14,37,39,40,29,37,145,26,22,48,193
02/16/2005,GTF,MT,ANM,WE,Combined TRACON& Tower with Radar,37,44,1,42,124,0,0,0,0,0,37,44,1,42,124,30,28,58,182
02/17/2005,GTF,MT,ANM,WE,Combined TRACON& Tower with Radar,35,44,15,30,124,0,4,16,10,30,35,48,31,40,154,22,16,38,192
02/18/2005,GTF,MT,ANM,WE,Combined TRACON& Tower with Radar,0,0,0,0,0,0,0,0,0,0,0,0,0,0,0,26,0,26,26
02/19/2005,GTF,MT,ANM,WE,Combined TRACON& Tower with Radar,36,20,12,8,76,0,0,0,0,0,36,20,12,8,76,24,0,24,100
02/20/2005,GTF,MT,ANM,WE,Combined TRACON& Tower with Radar,35,9,2,0,46,0,0,0,0,0,35,9,2,0,46,0,0,0,46
02/21/2005,GTF,MT,ANM,WE,Combined TRACON& Tower with Radar,34,29,9,0,72,0,0,16,0,16,34,29,25,0,88,20,0,20,108
02/22/2005,GTF,MT,ANM,WE,Combined TRACON& Tower with Radar,36,33,5,5,79,0,0,11,2,13,36,33,16,7,92,24,4,28,120
02/23/2005,GTF,MT,ANM,WE,Combined TRACON& Tower with Radar,37,40,12,29,118,0,0,0,0,0,37,40,12,29,118,10,20,30,148
02/24/2005,GTF,MT,ANM,WE,Combined TRACON& Tower with Radar,36,39,16,27,118,0,2,28,4,34,36,41,44,31,152,16,4,20,172
02/25/2005,GTF,MT,ANM,WE,Combined TRACON& Tower with Radar,0,0,0,0,0,0,0,0,0,0,0,0,0,0,0,8,6,14,14
02/26/2005,GTF,MT,ANM,WE,Combined TRACON& Tower with Radar,36,17,9,0,62,0,0,0,0,0,36,17,9,0,62,6,0,6,68
02/27/2005,GTF,MT,ANM,WE,Combined TRACON& Tower with Radar,35,7,12,0,54,0,0,17,0,17,35,7,29,0,71,6,0,6,77
02/28/2005,GTF,MT,ANM,WE,Combined TRACON& Tower with Radar,32,30,17,7,86,0,4,18,3,25,32,34,35,10,111,6,0,6,117
03/01/2005,GTF,MT,ANM,WE,Combined TRACON& Tower with Radar,35,39,10,33,117,0,0,26,2,28,35,39,36,35,145,42,0,42,187
03/02/2005,GTF,MT,ANM,WE,Combined TRACON& Tower with Radar,34,38,14,31,117,0,0,0,0,0,34,38,14,31,117,34,16,50,167
03/03/2005,GTF,MT,ANM,WE,Combined TRACON& Tower with Radar,36,32,5,53,126,0,0,0,0,0,36,32,5,53,126,12,18,30,156
03/04/2005,GTF,MT,ANM,WE,Combined TRACON& Tower with Radar,0,0,0,0,0,0,0,0,0,0,0,0,0,0,0,18,14,32,32
03/05/2005,GTF,MT,ANM,WE,Combined TRACON& Tower with Radar,0,0,0,0,0,0,0,0,0,0,0,0,0,0,0,8,0,8,8
03/06/2005,GTF,MT,ANM,WE,Combined TRACON& Tower with Radar,33,7,6,8,54,0,0,10,0,10,33,7,16,8,64,10,0,10,74
03/07/2005,GTF,MT,ANM,WE,Combined TRACON& Tower with Radar,35,27,4,24,90,0,2,5,2,9,35,29,9,26,99,0,0,0,99
03/08/2005,GTF,MT,ANM,WE,Combined TRACON& Tower with Radar,35,41,4,24,104,0,0,0,0,0,35,41,4,24,104,40,0,40,144
03/09/2005,GTF,MT,ANM,WE,Combined TRACON& Tower with Radar,36,37,11,21,105,0,0,0,0,0,36,37,11,21,105,0,4,4,109
03/10/2005,GTF,MT,ANM,WE,Combined TRACON& Tower with Radar,39,40,8,29,116,0,0,43,7,50,39,40,51,36,166,40,6,46,212
03/11/2005,GTF,MT,ANM,WE,Combined TRACON& Tower with Radar,37,40,13,8,98,0,5,7,0,12,37,45,20,8,110,0,0,0,110
03/12/2005,GTF,MT,ANM,WE,Combined TRACON& Tower with Radar,0,0,0,0,0,0,0,0,0,0,0,0,0,0,0,40,0,40,40
03/13/2005,GTF,MT,ANM,WE,Combined TRACON& Tower with Radar,32,7,2,2,43,0,2,7,0,9,32,9,9,2,52,0,0,0,52
03/14/2005,GTF,MT,ANM,WE,Combined TRACON& Tower with Radar,33,30,0,15,78,0,0,0,0,0,33,30,0,15,78,0,22,22,100
03/15/2005,GTF,MT,ANM,WE,Combined TRACON& Tower with Radar,34,40,21,27,122,0,8,0,9,17,34,48,21,36,139,4,6,10,149
03/16/2005,GTF,MT,ANM,WE,Combined TRACON& Tower with Radar,34,38,20,15,107,0,0,0,0,0,34,38,20,15,107,36,8,44,151
03/17/2005,GTF,MT,ANM,WE,Combined TRACON& Tower with Radar,39,39,9,0,87,0,1,0,0,1,39,40,9,0,88,0,0,0,88
03/18/2005,GTF,MT,ANM,WE,Combined TRACON& Tower with Radar,32,39,24,24,119,0,0,0,0,0,32,39,24,24,119,0,4,4,123
03/19/2005,GTF,MT,ANM,WE,Combined TRACON& Tower with Radar,33,17,19,0,69,0,0,0,0,0,33,17,19,0,69,4,0,4,73
03/20/2005,GTF,MT,ANM,WE,Combined TRACON& Tower with Radar,33,19,16,0,68,0,6,7,0,13,33,25,23,0,81,26,0,26,107
03/21/2005,GTF,MT,ANM,WE,Combined TRACON& Tower with Radar,30,29,7,16,82,0,4,22,46,72,30,33,29,62,154,40,30,70,224
03/22/2005,GTF,MT,ANM,WE,Combined TRACON& Tower with Radar,31,35,8,19,93,0,2,6,0,8,31,37,14,19,101,0,0,0,101
03/23/2005,GTF,MT,ANM,WE,Combined TRACON& Tower with Radar,32,40,7,2,81,0,0,0,0,0,32,40,7,2,81,0,0,0,81
03/24/2005,GTF,MT,ANM,WE,Combined TRACON& Tower with Radar,34,38,19,0,91,0,0,3,0,3,34,38,22,0,94,0,0,0,94
03/25/2005,GTF,MT,ANM,WE,Combined TRACON& Tower with Radar,0,0,0,0,0,0,0,0,0,0,0,0,0,0,0,2,0,2,2
03/26/2005,GTF,MT,ANM,WE,Combined TRACON& Tower with Radar,33,21,3,0,57,0,0,0,0,0,33,21,3,0,57,0,0,0,57
03/27/2005,GTF,MT,ANM,WE,Combined TRACON& Tower with Radar,29,10,0,0,39,2,0,16,0,18,31,10,16,0,57,0,0,0,57
03/28/2005,GTF,MT,ANM,WE,Combined TRACON& Tower with Radar,31,30,8,11,80,0,2,6,0,8,31,32,14,11,88,0,4,4,92
03/29/2005,GTF,MT,ANM,WE,Combined TRACON& Tower with Radar,36,36,14,15,101,0,0,7,13,20,36,36,21,28,121,4,24,28,149
03/30/2005,GTF,MT,ANM,WE,Combined TRACON& Tower with Radar,34,42,13,7,96,0,0,0,0,0,34,42,13,7,96,34,0,34,130
03/31/2005,GTF,MT,ANM,WE,Combined TRACON& Tower with Radar,38,41,8,6,93,0,3,29,1,33,38,44,37,7,126,32,0,32,158
04/01/2005,GTF,MT,ANM,WE,Combined TRACON& Tower with Radar,0,0,0,0,0,0,0,0,0,0,0,0,0,0,0,12,2,14,14
04/02/2005,GTF,MT,ANM,WE,Combined TRACON& Tower with Radar,0,0,0,0,0,0,0,0,0,0,0,0,0,0,0,34,2,36,36
04/03/2005,GTF,MT,ANM,WE,Combined TRACON& Tower with Radar,30,8,3,7,48,0,0,26,4,30,30,8,29,11,78,0,0,0,78
04/04/2005,GTF,MT,ANM,WE,Combined TRACON& Tower with Radar,30,32,4,28,94,0,4,19,6,29,30,36,23,34,123,48,4,52,175
04/05/2005,GTF,MT,ANM,WE,Combined TRACON& Tower with Radar,35,36,15,26,112,0,1,20,8,29,35,37,35,34,141,16,16,32,173
04/06/2005,GTF,MT,ANM,WE,Combined TRACON& Tower with Radar,35,36,12,36,119,0,0,0,0,0,35,36,12,36,119,16,28,44,163
04/07/2005,GTF,MT,ANM,WE,Combined TRACON& Tower with Radar,35,40,10,29,114,0,0,0,0,0,35,40,10,29,114,16,0,16,130
04/08/2005,GTF,MT,ANM,WE,Combined TRACON& Tower with Radar,0,0,0,0,0,0,0,0,0,0,0,0,0,0,0,14,0,14,14
04/09/2005,GTF,MT,ANM,WE,Combined TRACON& Tower with Radar,35,20,4,2,61,0,0,0,0,0,35,20,4,2,61,0,0,0,61
04/10/2005,GTF,MT,ANM,WE,Combined TRACON& Tower with Radar,32,17,5,1,55,0,4,16,0,20,32,21,21,1,75,0,0,0,75
04/11/2005,GTF,MT,ANM,WE,Combined TRACON& Tower with Radar,30,23,4,7,64,0,4,21,44,69,30,27,25,51,133,40,32,72,205
04/12/2005,GTF,MT,ANM,WE,Combined TRACON& Tower with Radar,37,36,12,20,105,0,2,15,11,28,37,38,27,31,133,44,26,70,203
04/13/2005,GTF,MT,ANM,WE,Combined TRACON& Tower with Radar,33,36,12,33,114,0,0,0,0,0,33,36,12,33,114,28,32,60,174
04/14/2005,GTF,MT,ANM,WE,Combined TRACON& Tower with Radar,41,54,3,21,119,0,0,0,0,0,41,54,3,21,119,0,0,0,119
04/15/2005,GTF,MT,ANM,WE,Combined TRACON& Tower with Radar,39,41,7,24,111,0,2,12,4,18,39,43,19,28,129,0,4,4,133
04/16/2005,GTF,MT,ANM,WE,Combined TRACON& Tower with Radar,35,25,0,35,95,0,0,0,0,0,35,25,0,35,95,22,12,34,129
04/17/2005,GTF,MT,ANM,WE,Combined TRACON& Tower with Radar,34,8,1,23,66,0,0,13,18,31,34,8,14,41,97,24,18,42,139
04/18/2005,GTF,MT,ANM,WE,Combined TRACON& Tower with Radar,32,25,11,30,98,0,4,8,16,28,32,29,19,46,126,24,16,40,166
04/19/2005,GTF,MT,ANM,WE,Combined TRACON& Tower with Radar,35,40,21,24,120,0,0,12,0,12,35,40,33,24,132,34,0,34,166
04/20/2005,GTF,MT,ANM,WE,Combined TRACON& Tower with Radar,0,0,0,0,0,0,0,0,0,0,0,0,0,0,0,4,0,4,4
04/21/2005,GTF,MT,ANM,WE,Combined TRACON& Tower with Radar,40,40,33,29,142,0,0,10,0,10,40,40,43,29,152,38,0,38,190
04/22/2005,GTF,MT,ANM,WE,Combined TRACON& Tower with Radar,39,43,10,11,103,0,0,0,0,0,39,43,10,11,103,24,8,32,135
04/23/2005,GTF,MT,ANM,WE,Combined TRACON& Tower with Radar,35,20,3,7,65,0,0,0,0,0,35,20,3,7,65,52,30,82,147
04/24/2005,GTF,MT,ANM,WE,Combined TRACON& Tower with Radar,29,4,0,0,33,0,1,42,0,43,29,5,42,0,76,0,0,0,76
04/25/2005,GTF,MT,ANM,WE,Combined TRACON& Tower with Radar,32,31,16,0,79,0,0,62,0,62,32,31,78,0,141,66,0,66,207
04/26/2005,GTF,MT,ANM,WE,Combined TRACON& Tower with Radar,40,42,13,32,127,0,0,29,5,34,40,42,42,37,161,18,12,30,191
04/27/2005,GTF,MT,ANM,WE,Combined TRACON& Tower with Radar,31,36,16,16,99,0,0,0,0,0,31,36,16,16,99,0,0,0,99
04/28/2005,GTF,MT,ANM,WE,Combined TRACON& Tower with Radar,36,43,14,26,119,0,0,0,0,0,36,43,14,26,119,36,0,36,155
04/29/2005,GTF,MT,ANM,WE,Combined TRACON& Tower with Radar,36,37,10,33,116,0,0,26,1,27,36,37,36,34,143,0,6,6,149
04/30/2005,GTF,MT,ANM,WE,Combined TRACON& Tower with Radar,35,24,6,0,65,0,2,11,0,13,35,26,17,0,78,22,0,22,100
05/01/2005,GTF,MT,ANM,WE,Combined TRACON& Tower with Radar,30,9,7,0,46,0,0,23,0,23,30,9,30,0,69,20,0,20,89
05/02/2005,GTF,MT,ANM,WE,Combined TRACON& Tower with Radar,26,33,40,4,103,0,0,0,0,0,26,33,40,4,103,60,2,62,165
05/03/2005,GTF,MT,ANM,WE,Combined TRACON& Tower with Radar,37,41,13,25,116,5,0,18,3,26,42,41,31,28,142,28,10,38,180
05/04/2005,GTF,MT,ANM,WE,Combined TRACON& Tower with Radar,40,38,5,20,103,0,0,27,19,46,40,38,32,39,149,52,24,76,225
05/05/2005,GTF,MT,ANM,WE,Combined TRACON& Tower with Radar,38,46,2,27,113,0,0,26,20,46,38,46,28,47,159,29,16,45,204
05/06/2005,GTF,MT,ANM,WE,Combined TRACON& Tower with Radar,56,52,17,36,161,0,0,0,0,0,56,52,17,36,161,44,20,64,225
05/07/2005,GTF,MT,ANM,WE,Combined TRACON& Tower with Radar,41,16,8,11,76,0,0,16,0,16,41,16,24,11,92,20,0,20,112
05/08/2005,GTF,MT,ANM,WE,Combined TRACON& Tower with Radar,36,10,11,0,57,0,0,16,0,16,36,10,27,0,73,0,0,0,73
05/09/2005,GTF,MT,ANM,WE,Combined TRACON& Tower with Radar,41,28,17,24,110,0,0,16,1,17,41,28,33,25,127,24,0,24,151
05/10/2005,GTF,MT,ANM,WE,Combined TRACON& Tower with Radar,37,36,14,25,112,0,0,2,0,2,37,36,16,25,114,0,0,0,114
05/11/2005,GTF,MT,ANM,WE,Combined TRACON& Tower with Radar,35,35,24,16,110,0,0,12,0,12,35,35,36,16,122,18,0,18,140
05/12/2005,GTF,MT,ANM,WE,Combined TRACON& Tower with Radar,41,45,24,38,148,0,0,10,0,10,41,45,34,38,158,22,0,22,180
05/13/2005,GTF,MT,ANM,WE,Combined TRACON& Tower with Radar,38,37,10,2,87,0,1,23,0,24,38,38,33,2,111,6,2,8,119
05/14/2005,GTF,MT,ANM,WE,Combined TRACON& Tower with Radar,38,16,5,0,59,0,1,52,0,53,38,17,57,0,112,32,0,32,144
05/15/2005,GTF,MT,ANM,WE,Combined TRACON& Tower with Radar,31,11,12,2,56,0,0,0,0,0,31,11,12,2,56,50,0,50,106
05/16/2005,GTF,MT,ANM,WE,Combined TRACON& Tower with Radar,48,31,17,0,96,0,0,0,0,0,48,31,17,0,96,22,0,22,118
05/17/2005,GTF,MT,ANM,WE,Combined TRACON& Tower with Radar,40,42,8,15,105,0,1,9,2,12,40,43,17,17,117,10,16,26,143
05/18/2005,GTF,MT,ANM,WE,Combined TRACON& Tower with Radar,44,47,12,33,136,0,1,29,0,30,44,48,41,33,166,38,0,38,204
05/19/2005,GTF,MT,ANM,WE,Combined TRACON& Tower with Radar,37,34,9,11,91,0,0,16,0,16,37,34,25,11,107,48,10,58,165
05/20/2005,GTF,MT,ANM,WE,Combined TRACON& Tower with Radar,38,36,12,22,108,0,8,17,22,47,38,44,29,44,155,14,22,36,191
05/21/2005,GTF,MT,ANM,WE,Combined TRACON& Tower with Radar,39,27,6,20,92,0,0,26,10,36,39,27,32,30,128,4,10,14,142
05/22/2005,GTF,MT,ANM,WE,Combined TRACON& Tower with Radar,36,5,10,12,63,0,0,36,10,46,36,5,46,22,109,30,8,38,147
05/23/2005,GTF,MT,ANM,WE,Combined TRACON& Tower with Radar,38,32,24,30,124,0,6,30,11,47,38,38,54,41,171,32,28,60,231
05/24/2005,GTF,MT,ANM,WE,Combined TRACON& Tower with Radar,36,38,10,16,100,0,0,0,0,0,36,38,10,16,100,62,0,62,162
05/25/2005,GTF,MT,ANM,WE,Combined TRACON& Tower with Radar,47,38,15,19,119,0,4,53,20,77,47,42,68,39,196,78,10,88,284
05/26/2005,GTF,MT,ANM,WE,Combined TRACON& Tower with Radar,39,43,18,19,119,0,6,40,8,54,39,49,58,27,173,38,6,44,217
05/27/2005,GTF,MT,ANM,WE,Combined TRACON& Tower with Radar,38,34,5,0,77,0,6,67,0,73,38,40,72,0,150,88,0,88,238
05/28/2005,GTF,MT,ANM,WE,Combined TRACON& Tower with Radar,36,15,1,0,52,0,4,43,0,47,36,19,44,0,99,0,0,0,99
05/29/2005,GTF,MT,ANM,WE,Combined TRACON& Tower with Radar,32,3,8,0,43,0,0,25,0,25,32,3,33,0,68,10,0,10,78
05/30/2005,GTF,MT,ANM,WE,Combined TRACON& Tower with Radar,31,9,11,0,51,0,1,35,0,36,31,10,46,0,87,22,0,22,109
05/31/2005,GTF,MT,ANM,WE,Combined TRACON& Tower with Radar,36,32,6,1,75,0,2,27,1,30,36,34,33,2,105,46,2,48,153
06/01/2005,GTF,MT,ANM,WE,Combined TRACON& Tower with Radar,39,41,8,27,115,0,4,15,0,19,39,45,23,27,134,46,6,52,186
06/02/2005,GTF,MT,ANM,WE,Combined TRACON& Tower with Radar,46,37,10,12,105,0,0,1,0,1,46,37,11,12,106,4,0,4,110
06/03/2005,GTF,MT,ANM,WE,Combined TRACON& Tower with Radar,40,31,9,1,81,3,0,1,1,5,43,31,10,2,86,10,2,12,98
06/04/2005,GTF,MT,ANM,WE,Combined TRACON& Tower with Radar,36,21,0,5,62,0,1,25,4,30,36,22,25,9,92,12,0,12,104
06/05/2005,GTF,MT,ANM,WE,Combined TRACON& Tower with Radar,36,5,8,0,49,0,0,46,12,58,36,5,54,12,107,26,10,36,143
06/06/2005,GTF,MT,ANM,WE,Combined TRACON& Tower with Radar,34,29,9,10,82,0,0,14,2,16,34,29,23,12,98,90,0,90,188
06/07/2005,GTF,MT,ANM,WE,Combined TRACON& Tower with Radar,38,39,13,29,119,0,5,29,5,39,38,44,42,34,158,30,2,32,190
06/08/2005,GTF,MT,ANM,WE,Combined TRACON& Tower with Radar,39,41,16,6,102,0,1,13,2,16,39,42,29,8,118,24,4,28,146
06/09/2005,GTF,MT,ANM,WE,Combined TRACON& Tower with Radar,37,33,21,67,158,0,0,0,0,0,37,33,21,67,158,18,0,18,176
06/10/2005,GTF,MT,ANM,WE,Combined TRACON& Tower with Radar,36,43,22,40,141,0,0,22,1,23,36,43,44,41,164,26,0,26,190
06/11/2005,GTF,MT,ANM,WE,Combined TRACON& Tower with Radar,35,15,10,28,88,0,0,0,0,0,35,15,10,28,88,20,0,20,108
06/12/2005,GTF,MT,ANM,WE,Combined TRACON& Tower with Radar,32,8,22,1,63,0,0,4,0,4,32,8,26,1,67,8,0,8,75
06/13/2005,GTF,MT,ANM,WE,Combined TRACON& Tower with Radar,31,25,22,7,85,0,1,44,0,45,31,26,66,7,130,16,0,16,146
06/14/2005,GTF,MT,ANM,WE,Combined TRACON& Tower with Radar,36,33,18,12,99,0,3,51,6,60,36,36,69,18,159,28,10,38,197
06/15/2005,GTF,MT,ANM,WE,Combined TRACON& Tower with Radar,37,26,16,38,117,0,0,49,41,90,37,26,65,79,207,47,22,69,276
06/16/2005,GTF,MT,ANM,WE,Combined TRACON& Tower with Radar,34,30,11,12,87,0,0,37,3,40,34,30,48,15,127,48,8,56,183
06/17/2005,GTF,MT,ANM,WE,Combined TRACON& Tower with Radar,35,36,30,0,101,0,0,21,0,21,35,36,51,0,122,26,0,26,148
06/18/2005,GTF,MT,ANM,WE,Combined TRACON& Tower with Radar,37,19,6,2,64,0,3,39,0,42,37,22,45,2,106,32,0,32,138
06/19/2005,GTF,MT,ANM,WE,Combined TRACON& Tower with Radar,32,10,10,0,52,0,0,45,0,45,32,10,55,0,97,30,0,30,127
06/20/2005,GTF,MT,ANM,WE,Combined TRACON& Tower with Radar,33,29,19,8,89,0,0,0,0,0,33,29,19,8,89,44,2,46,135
06/21/2005,GTF,MT,ANM,WE,Combined TRACON& Tower with Radar,34,44,10,38,126,0,0,36,27,63,34,44,46,65,189,34,16,50,239
06/22/2005,GTF,MT,ANM,WE,Combined TRACON& Tower with Radar,33,38,20,23,114,0,4,32,12,48,33,42,52,35,162,52,16,68,230
06/23/2005,GTF,MT,ANM,WE,Combined TRACON& Tower with Radar,40,42,18,16,116,0,10,46,7,63,40,52,64,23,179,22,12,34,213
06/24/2005,GTF,MT,ANM,WE,Combined TRACON& Tower with Radar,39,35,12,4,90,0,3,36,2,41,39,38,48,6,131,46,0,46,177
06/25/2005,GTF,MT,ANM,WE,Combined TRACON& Tower with Radar,32,16,6,1,55,0,5,25,0,30,32,21,31,1,85,38,0,38,123
06/26/2005,GTF,MT,ANM,WE,Combined TRACON& Tower with Radar,34,5,14,0,53,0,0,30,0,30,34,5,44,0,83,10,0,10,93
06/27/2005,GTF,MT,ANM,WE,Combined TRACON& Tower with Radar,33,29,21,23,106,0,0,28,1,29,33,29,49,24,135,52,0,52,187
06/28/2005,GTF,MT,ANM,WE,Combined TRACON& Tower with Radar,34,36,10,21,101,0,5,23,27,55,34,41,33,48,156,56,14,70,226
06/29/2005,GTF,MT,ANM,WE,Combined TRACON& Tower with Radar,34,37,8,16,95,0,0,20,17,37,34,37,28,33,132,34,16,50,182
06/30/2005,GTF,MT,ANM,WE,Combined TRACON& Tower with Radar,34,30,15,18,97,0,2,65,0,67,34,32,80,18,164,58,10,68,232
07/01/2005,GTF,MT,ANM,WE,Combined TRACON& Tower with Radar,37,34,24,3,98,0,3,46,0,49,37,37,70,3,147,8,0,8,155
07/02/2005,GTF,MT,ANM,WE,Combined TRACON& Tower with Radar,37,17,2,0,56,0,4,26,0,30,37,21,28,0,86,24,0,24,110
07/03/2005,GTF,MT,ANM,WE,Combined TRACON& Tower with Radar,28,3,13,1,45,0,1,34,0,35,28,4,47,1,80,30,0,30,110
07/04/2005,GTF,MT,ANM,WE,Combined TRACON& Tower with Radar,30,3,5,0,38,0,0,30,0,30,30,3,35,0,68,2,0,2,70
07/05/2005,GTF,MT,ANM,WE,Combined TRACON& Tower with Radar,30,36,7,2,75,0,0,23,2,25,30,36,30,4,100,8,0,8,108
07/06/2005,GTF,MT,ANM,WE,Combined TRACON& Tower with Radar,39,35,23,23,120,0,1,30,7,38,39,36,53,30,158,10,4,14,172
07/07/2005,GTF,MT,ANM,WE,Combined TRACON& Tower with Radar,25,49,16,19,109,0,2,27,6,35,25,51,43,25,144,12,4,16,160
07/08/2005,GTF,MT,ANM,WE,Combined TRACON& Tower with Radar,38,33,23,20,114,0,4,32,10,46,38,37,55,30,160,10,10,20,180
07/09/2005,GTF,MT,ANM,WE,Combined TRACON& Tower with Radar,34,16,13,0,63,0,2,39,0,41,34,18,52,0,104,38,0,38,142
07/10/2005,GTF,MT,ANM,WE,Combined TRACON& Tower with Radar,31,12,12,0,55,0,0,30,0,30,31,12,42,0,85,8,0,8,93
07/11/2005,GTF,MT,ANM,WE,Combined TRACON& Tower with Radar,35,23,15,5,78,0,2,23,2,27,35,25,38,7,105,34,0,34,139
07/12/2005,GTF,MT,ANM,WE,Combined TRACON& Tower with Radar,33,35,15,27,110,0,0,37,26,63,33,35,52,53,173,24,24,48,221
07/13/2005,GTF,MT,ANM,WE,Combined TRACON& Tower with Radar,35,37,12,14,98,0,2,18,7,27,35,39,30,21,125,0,8,8,133
07/14/2005,GTF,MT,ANM,WE,Combined TRACON& Tower with Radar,34,31,14,14,93,0,6,38,10,54,34,37,52,24,147,8,12,20,167
07/15/2005,GTF,MT,ANM,WE,Combined TRACON& Tower with Radar,38,31,14,22,105,0,0,44,5,49,38,31,58,27,154,12,6,18,172
07/16/2005,GTF,MT,ANM,WE,Combined TRACON& Tower with Radar,37,20,4,4,65,0,0,46,8,54,37,20,50,12,119,26,8,34,153
07/17/2005,GTF,MT,ANM,WE,Combined TRACON& Tower with Radar,31,14,19,0,64,0,0,53,0,53,31,14,72,0,117,26,0,26,143
07/18/2005,GTF,MT,ANM,WE,Combined TRACON& Tower with Radar,28,28,9,18,83,0,5,41,0,46,28,33,50,18,129,40,10,50,179
07/19/2005,GTF,MT,ANM,WE,Combined TRACON& Tower with Radar,43,33,8,21,105,0,3,39,12,54,43,36,47,33,159,16,10,26,185
07/20/2005,GTF,MT,ANM,WE,Combined TRACON& Tower with Radar,44,40,18,17,119,0,5,34,1,40,44,45,52,18,159,26,0,26,185
07/21/2005,GTF,MT,ANM,WE,Combined TRACON& Tower with Radar,34,34,7,10,85,0,5,42,20,67,34,39,49,30,152,20,16,36,188
07/22/2005,GTF,MT,ANM,WE,Combined TRACON& Tower with Radar,33,31,13,0,77,0,5,41,0,46,33,36,54,0,123,20,0,20,143
07/23/2005,GTF,MT,ANM,WE,Combined TRACON& Tower with Radar,36,18,10,3,67,0,2,36,0,38,36,20,46,3,105,74,0,74,179
07/24/2005,GTF,MT,ANM,WE,Combined TRACON& Tower with Radar,32,14,6,1,53,0,4,34,1,39,32,18,40,2,92,14,0,14,106
07/25/2005,GTF,MT,ANM,WE,Combined TRACON& Tower with Radar,36,28,14,17,95,0,5,21,4,30,36,33,35,21,125,30,2,32,157
07/26/2005,GTF,MT,ANM,WE,Combined TRACON& Tower with Radar,39,27,15,11,92,0,1,54,2,57,39,28,69,13,149,48,14,62,211
07/27/2005,GTF,MT,ANM,WE,Combined TRACON& Tower with Radar,36,33,5,7,81,0,3,30,1,34,36,36,35,8,115,24,4,28,143
07/28/2005,GTF,MT,ANM,WE,Combined TRACON& Tower with Radar,29,43,36,21,129,0,1,35,1,37,29,44,71,22,166,32,4,36,202
07/29/2005,GTF,MT,ANM,WE,Combined TRACON& Tower with Radar,35,37,15,10,97,0,0,34,3,37,35,37,49,13,134,28,8,36,170
07/30/2005,GTF,MT,ANM,WE,Combined TRACON& Tower with Radar,36,15,10,0,61,0,6,63,0,69,36,21,73,0,130,8,0,8,138
07/31/2005,GTF,MT,ANM,WE,Combined TRACON& Tower with Radar,30,9,13,4,56,0,0,0,0,0,30,9,13,4,56,0,0,0,56
08/01/2005,GTF,MT,ANM,WE,Combined TRACON& Tower with Radar,29,27,10,13,79,0,0,27,2,29,29,27,37,15,108,4,0,4,112
08/02/2005,GTF,MT,ANM,WE,Combined TRACON& Tower with Radar,35,33,5,23,96,0,1,34,1,36,35,34,39,24,132,28,0,28,160
08/03/2005,GTF,MT,ANM,WE,Combined TRACON& Tower with Radar,33,33,19,10,95,0,1,39,3,43,33,34,58,13,138,14,12,26,164
08/04/2005,GTF,MT,ANM,WE,Combined TRACON& Tower with Radar,33,36,11,11,91,0,3,29,2,34,33,39,40,13,125,0,0,0,125
08/05/2005,GTF,MT,ANM,WE,Combined TRACON& Tower with Radar,38,43,14,26,121,0,3,28,4,35,38,46,42,30,156,28,24,52,208
08/06/2005,GTF,MT,ANM,WE,Combined TRACON& Tower with Radar,40,21,13,11,85,0,4,47,4,55,40,25,60,15,140,6,4,10,150
08/07/2005,GTF,MT,ANM,WE,Combined TRACON& Tower with Radar,30,10,18,4,62,0,2,33,4,39,30,12,51,8,101,0,4,4,105
08/08/2005,GTF,MT,ANM,WE,Combined TRACON& Tower with Radar,27,23,17,16,83,0,0,23,2,25,27,23,40,18,108,16,0,16,124
08/09/2005,GTF,MT,ANM,WE,Combined TRACON& Tower with Radar,34,34,23,17,108,0,5,44,2,51,34,39,67,19,159,38,6,44,203
08/10/2005,GTF,MT,ANM,WE,Combined TRACON& Tower with Radar,44,37,22,13,116,0,0,39,0,39,44,37,61,13,155,58,0,58,213
08/11/2005,GTF,MT,ANM,WE,Combined TRACON& Tower with Radar,36,39,23,19,117,0,0,23,0,23,36,39,46,19,140,24,0,24,164
08/12/2005,GTF,MT,ANM,WE,Combined TRACON& Tower with Radar,39,41,20,5,105,0,0,5,3,8,39,41,25,8,113,0,0,0,113
08/13/2005,GTF,MT,ANM,WE,Combined TRACON& Tower with Radar,35,20,18,0,73,0,1,39,0,40,35,21,57,0,113,2,0,2,115
08/14/2005,GTF,MT,ANM,WE,Combined TRACON& Tower with Radar,31,0,22,0,53,0,8,32,0,40,31,8,54,0,93,26,0,26,119
08/15/2005,GTF,MT,ANM,WE,Combined TRACON& Tower with Radar,28,24,25,10,87,0,0,31,2,33,28,24,56,12,120,14,4,18,138
08/16/2005,GTF,MT,ANM,WE,Combined TRACON& Tower with Radar,34,37,21,17,109,0,0,71,10,81,34,37,92,27,190,18,6,24,214
08/17/2005,GTF,MT,ANM,WE,Combined TRACON& Tower with Radar,34,33,9,10,86,0,3,11,2,16,34,36,20,12,102,6,2,8,110
08/18/2005,GTF,MT,ANM,WE,Combined TRACON& Tower with Radar,35,41,15,22,113,0,3,10,1,14,35,44,25,23,127,50,0,50,177
08/19/2005,GTF,MT,ANM,WE,Combined TRACON& Tower with Radar,37,36,16,4,93,0,1,41,1,43,37,37,57,5,136,12,4,16,152
08/20/2005,GTF,MT,ANM,WE,Combined TRACON& Tower with Radar,38,23,5,4,70,0,0,39,0,39,38,23,44,4,109,6,0,6,115
08/21/2005,GTF,MT,ANM,WE,Combined TRACON& Tower with Radar,38,8,12,0,58,0,0,33,0,33,38,8,45,0,91,44,0,44,135
08/22/2005,GTF,MT,ANM,WE,Combined TRACON& Tower with Radar,41,25,8,5,79,0,5,21,2,28,41,30,29,7,107,6,8,14,121
08/23/2005,GTF,MT,ANM,WE,Combined TRACON& Tower with Radar,47,42,13,9,111,0,0,14,2,16,47,42,27,11,127,36,8,44,171
08/24/2005,GTF,MT,ANM,WE,Combined TRACON& Tower with Radar,40,32,25,0,97,0,3,11,0,14,40,35,36,0,111,38,0,38,149
08/25/2005,GTF,MT,ANM,WE,Combined TRACON& Tower with Radar,38,41,12,7,98,0,1,21,1,23,38,42,33,8,121,0,2,2,123
08/26/2005,GTF,MT,ANM,WE,Combined TRACON& Tower with Radar,38,38,19,1,96,0,2,26,1,29,38,40,45,2,125,40,0,40,165
08/27/2005,GTF,MT,ANM,WE,Combined TRACON& Tower with Radar,37,22,8,2,69,0,0,39,2,41,37,22,47,4,110,6,0,6,116
08/28/2005,GTF,MT,ANM,WE,Combined TRACON& Tower with Radar,37,8,11,0,56,0,0,0,0,0,37,8,11,0,56,6,0,6,62
08/29/2005,GTF,MT,ANM,WE,Combined TRACON& Tower with Radar,35,27,12,8,82,0,0,18,0,18,35,27,30,8,100,32,18,50,150
08/30/2005,GTF,MT,ANM,WE,Combined TRACON& Tower with Radar,37,41,16,5,99,0,1,11,0,12,37,42,27,5,111,32,8,40,151
08/31/2005,GTF,MT,ANM,WE,Combined TRACON& Tower with Radar,38,38,23,7,106,0,12,22,0,34,38,50,45,7,140,32,0,32,172
09/01/2005,GTF,MT,ANM,WE,Combined TRACON& Tower with Radar,31,48,31,4,114,0,1,68,0,69,31,49,99,4,183,0,0,0,183
09/02/2005,GTF,MT,ANM,WE,Combined TRACON& Tower with Radar,42,32,7,2,83,0,0,38,0,38,42,32,45,2,121,26,0,26,147
09/03/2005,GTF,MT,ANM,WE,Combined TRACON& Tower with Radar,39,16,10,8,73,0,1,27,0,28,39,17,37,8,101,0,0,0,101
09/04/2005,GTF,MT,ANM,WE,Combined TRACON& Tower with Radar,39,8,3,2,52,0,0,17,2,19,39,8,20,4,71,0,16,16,87
09/05/2005,GTF,MT,ANM,WE,Combined TRACON& Tower with Radar,29,15,11,5,60,0,0,43,0,43,29,15,54,5,103,20,0,20,123
09/06/2005,GTF,MT,ANM,WE,Combined TRACON& Tower with Radar,40,35,8,1,84,0,2,27,0,29,40,37,35,1,113,4,0,4,117
09/07/2005,GTF,MT,ANM,WE,Combined TRACON& Tower with Radar,40,34,6,30,110,0,15,27,8,50,40,49,33,38,160,40,30,70,230
09/08/2005,GTF,MT,ANM,WE,Combined TRACON& Tower with Radar,43,53,13,19,128,0,7,33,13,53,43,60,46,32,181,10,6,16,197
09/09/2005,GTF,MT,ANM,WE,Combined TRACON& Tower with Radar,41,39,15,14,109,0,0,21,9,30,41,39,36,23,139,30,12,42,181
09/10/2005,GTF,MT,ANM,WE,Combined TRACON& Tower with Radar,36,20,15,13,84,2,0,0,0,2,38,20,15,13,86,50,0,50,136
09/11/2005,GTF,MT,ANM,WE,Combined TRACON& Tower with Radar,30,15,9,19,73,0,0,30,13,43,30,15,39,32,116,14,12,26,142
09/12/2005,GTF,MT,ANM,WE,Combined TRACON& Tower with Radar,37,29,17,8,91,0,0,10,1,11,37,29,27,9,102,6,0,6,108
09/13/2005,GTF,MT,ANM,WE,Combined TRACON& Tower with Radar,47,38,16,8,109,0,3,21,1,25,47,41,37,9,134,0,0,0,134
09/14/2005,GTF,MT,ANM,WE,Combined TRACON& Tower with Radar,36,36,11,8,91,0,0,22,0,22,36,36,33,8,113,28,0,28,141
09/15/2005,GTF,MT,ANM,WE,Combined TRACON& Tower with Radar,42,40,14,35,131,0,0,17,1,18,42,40,31,36,149,0,0,0,149
09/16/2005,GTF,MT,ANM,WE,Combined TRACON& Tower with Radar,44,40,12,8,104,0,5,11,1,17,44,45,23,9,121,28,4,32,153
09/17/2005,GTF,MT,ANM,WE,Combined TRACON& Tower with Radar,38,28,20,0,86,0,0,0,0,0,38,28,20,0,86,0,0,0,86
09/18/2005,GTF,MT,ANM,WE,Combined TRACON& Tower with Radar,38,12,12,0,62,0,0,25,0,25,38,12,37,0,87,18,0,18,105
09/19/2005,GTF,MT,ANM,WE,Combined TRACON& Tower with Radar,36,32,21,5,94,0,1,18,0,19,36,33,39,5,113,0,0,0,113
09/20/2005,GTF,MT,ANM,WE,Combined TRACON& Tower with Radar,43,45,7,17,112,0,4,17,12,33,43,49,24,29,145,10,20,30,175
09/21/2005,GTF,MT,ANM,WE,Combined TRACON& Tower with Radar,44,34,12,18,108,0,6,35,9,50,44,40,47,27,158,8,14,22,180
09/22/2005,GTF,MT,ANM,WE,Combined TRACON& Tower with Radar,44,32,20,18,114,0,0,20,16,36,44,32,40,34,150,42,24,66,216
09/23/2005,GTF,MT,ANM,WE,Combined TRACON& Tower with Radar,45,41,10,2,98,0,0,1,0,1,45,41,11,2,99,4,0,4,103
09/24/2005,GTF,MT,ANM,WE,Combined TRACON& Tower with Radar,39,21,16,1,77,0,0,3,0,3,39,21,19,1,80,0,0,0,80
09/25/2005,GTF,MT,ANM,WE,Combined TRACON& Tower with Radar,41,11,11,6,69,0,1,25,0,26,41,12,36,6,95,36,0,36,131
09/26/2005,GTF,MT,ANM,WE,Combined TRACON& Tower with Radar,35,26,10,0,71,0,0,21,1,22,35,26,31,1,93,4,0,4,97
09/27/2005,GTF,MT,ANM,WE,Combined TRACON& Tower with Radar,40,39,21,16,116,0,0,2,4,6,40,39,23,20,122,0,0,0,122
09/28/2005,GTF,MT,ANM,WE,Combined TRACON& Tower with Radar,39,39,18,15,111,0,0,40,6,46,39,39,58,21,157,12,10,22,179
09/29/2005,GTF,MT,ANM,WE,Combined TRACON& Tower with Radar,40,41,17,8,106,0,0,3,1,4,40,41,20,9,110,10,2,12,122
09/30/2005,GTF,MT,ANM,WE,Combined TRACON& Tower with Radar,42,35,12,1,90,0,0,8,1,9,42,35,20,2,99,0,0,0,99
10/01/2005,GTF,MT,ANM,WE,Combined TRACON& Tower with Radar,40,21,21,8,90,0,0,10,0,10,40,21,31,8,100,6,0,6,106
10/02/2005,GTF,MT,ANM,WE,Combined TRACON& Tower with Radar,39,3,18,4,64,0,1,19,1,21,39,4,37,5,85,24,0,24,109
10/03/2005,GTF,MT,ANM,WE,Combined TRACON& Tower with Radar,35,26,11,2,74,0,0,0,0,0,35,26,11,2,74,0,0,0,74
10/04/2005,GTF,MT,ANM,WE,Combined TRACON& Tower with Radar,51,34,17,0,102,0,0,2,0,2,51,34,19,0,104,0,0,0,104
10/05/2005,GTF,MT,ANM,WE,Combined TRACON& Tower with Radar,44,36,23,11,114,0,0,26,4,30,44,36,49,15,144,44,0,44,188
10/06/2005,GTF,MT,ANM,WE,Combined TRACON& Tower with Radar,41,30,13,12,96,0,3,29,4,36,41,33,42,16,132,22,4,26,158
10/07/2005,GTF,MT,ANM,WE,Combined TRACON& Tower with Radar,49,34,12,5,100,6,2,17,1,26,55,36,29,6,126,16,0,16,142
10/08/2005,GTF,MT,ANM,WE,Combined TRACON& Tower with Radar,38,18,9,0,65,0,0,29,0,29,38,18,38,0,94,8,0,8,102
10/09/2005,GTF,MT,ANM,WE,Combined TRACON& Tower with Radar,37,4,8,0,49,0,2,28,0,30,37,6,36,0,79,56,0,56,135
10/10/2005,GTF,MT,ANM,WE,Combined TRACON& Tower with Radar,34,21,15,2,72,0,2,18,0,20,34,23,33,2,92,2,0,2,94
10/11/2005,GTF,MT,ANM,WE,Combined TRACON& Tower with Radar,38,37,10,6,91,0,0,12,0,12,38,37,22,6,103,18,0,18,121
10/12/2005,GTF,MT,ANM,WE,Combined TRACON& Tower with Radar,41,29,21,14,105,0,2,25,3,30,41,31,46,17,135,12,8,20,155
10/13/2005,GTF,MT,ANM,WE,Combined TRACON& Tower with Radar,41,32,20,4,97,0,0,12,0,12,41,32,32,4,109,0,0,0,109
10/14/2005,GTF,MT,ANM,WE,Combined TRACON& Tower with Radar,45,33,15,9,102,0,1,45,5,51,45,34,60,14,153,44,8,52,205
10/15/2005,GTF,MT,ANM,WE,Combined TRACON& Tower with Radar,38,16,5,8,67,0,3,36,10,49,38,19,41,18,116,36,14,50,166
10/16/2005,GTF,MT,ANM,WE,Combined TRACON& Tower with Radar,39,11,15,14,79,0,0,11,14,25,39,11,26,28,104,0,14,14,118
10/17/2005,GTF,MT,ANM,WE,Combined TRACON& Tower with Radar,39,26,8,18,91,0,1,2,1,4,39,27,10,19,95,0,0,0,95
10/18/2005,GTF,MT,ANM,WE,Combined TRACON& Tower with Radar,38,43,14,22,117,0,9,22,18,49,38,52,36,40,166,52,24,76,242
10/19/2005,GTF,MT,ANM,WE,Combined TRACON& Tower with Radar,45,40,9,23,117,0,0,36,4,40,45,40,45,27,157,72,2,74,231
10/20/2005,GTF,MT,ANM,WE,Combined TRACON& Tower with Radar,38,36,19,25,118,0,4,11,2,17,38,40,30,27,135,12,4,16,151
10/21/2005,GTF,MT,ANM,WE,Combined TRACON& Tower with Radar,43,31,19,0,93,0,0,44,0,44,43,31,63,0,137,50,0,50,187
10/22/2005,GTF,MT,ANM,WE,Combined TRACON& Tower with Radar,39,20,13,0,72,0,0,28,0,28,39,20,41,0,100,70,0,70,170
10/23/2005,GTF,MT,ANM,WE,Combined TRACON& Tower with Radar,42,7,9,4,62,0,0,50,0,50,42,7,59,4,112,28,0,28,140
10/24/2005,GTF,MT,ANM,WE,Combined TRACON& Tower with Radar,32,22,2,7,63,0,0,23,2,25,32,22,25,9,88,42,0,42,130
10/25/2005,GTF,MT,ANM,WE,Combined TRACON& Tower with Radar,38,41,20,48,147,0,0,31,1,32,38,41,51,49,179,84,8,92,271
10/26/2005,GTF,MT,ANM,WE,Combined TRACON& Tower with Radar,41,34,15,31,121,0,5,20,17,42,41,39,35,48,163,60,18,78,241
10/27/2005,GTF,MT,ANM,WE,Combined TRACON& Tower with Radar,37,43,15,27,122,0,0,2,0,2,37,43,17,27,124,0,0,0,124
10/28/2005,GTF,MT,ANM,WE,Combined TRACON& Tower with Radar,40,40,12,16,108,0,0,15,3,18,40,40,27,19,126,12,2,14,140
10/29/2005,GTF,MT,ANM,WE,Combined TRACON& Tower with Radar,38,15,15,1,69,0,1,40,0,41,38,16,55,1,110,28,0,28,138
10/30/2005,GTF,MT,ANM,WE,Combined TRACON& Tower with Radar,40,9,6,0,55,0,0,20,0,20,40,9,26,0,75,28,0,28,103
10/31/2005,GTF,MT,ANM,WE,Combined TRACON& Tower with Radar,40,33,6,8,87,0,0,5,1,6,40,33,11,9,93,0,0,0,93
11/01/2005,GTF,MT,ANM,WE,Combined TRACON& Tower with Radar,36,33,17,32,118,0,1,21,4,26,36,34,38,36,144,34,14,48,192
11/02/2005,GTF,MT,ANM,WE,Combined TRACON& Tower with Radar,40,40,13,11,104,0,1,16,1,18,40,41,29,12,122,26,14,40,162
11/03/2005,GTF,MT,ANM,WE,Combined TRACON& Tower with Radar,47,29,23,27,126,0,0,23,8,31,47,29,46,35,157,2,8,10,167
11/04/2005,GTF,MT,ANM,WE,Combined TRACON& Tower with Radar,44,45,10,25,124,0,0,27,11,38,44,45,37,36,162,56,16,72,234
11/05/2005,GTF,MT,ANM,WE,Combined TRACON& Tower with Radar,40,15,9,14,78,0,3,11,0,14,40,18,20,14,92,28,0,28,120
11/06/2005,GTF,MT,ANM,WE,Combined TRACON& Tower with Radar,36,6,9,1,52,0,0,4,0,4,36,6,13,1,56,0,0,0,56
11/07/2005,GTF,MT,ANM,WE,Combined TRACON& Tower with Radar,39,25,6,19,89,0,3,12,0,15,39,28,18,19,104,52,0,52,156
11/08/2005,GTF,MT,ANM,WE,Combined TRACON& Tower with Radar,37,38,13,8,96,0,4,30,1,35,37,42,43,9,131,54,0,54,185
11/09/2005,GTF,MT,ANM,WE,Combined TRACON& Tower with Radar,40,38,6,25,109,0,4,18,22,44,40,42,24,47,153,6,14,20,173
11/10/2005,GTF,MT,ANM,WE,Combined TRACON& Tower with Radar,40,34,15,23,112,0,1,21,2,24,40,35,36,25,136,16,6,22,158
11/11/2005,GTF,MT,ANM,WE,Combined TRACON& Tower with Radar,41,29,4,0,74,0,0,26,0,26,41,29,30,0,100,12,0,12,112
11/12/2005,GTF,MT,ANM,WE,Combined TRACON& Tower with Radar,38,16,15,0,69,0,0,0,0,0,38,16,15,0,69,0,0,0,69
11/13/2005,GTF,MT,ANM,WE,Combined TRACON& Tower with Radar,36,4,8,0,48,0,0,13,0,13,36,4,21,0,61,42,0,42,103
11/14/2005,GTF,MT,ANM,WE,Combined TRACON& Tower with Radar,33,34,8,1,76,0,0,2,1,3,33,34,10,2,79,0,0,0,79
11/15/2005,GTF,MT,ANM,WE,Combined TRACON& Tower with Radar,38,37,21,14,110,0,0,31,5,36,38,37,52,19,146,6,0,6,152
11/16/2005,GTF,MT,ANM,WE,Combined TRACON& Tower with Radar,42,30,14,30,116,0,0,6,5,11,42,30,20,35,127,38,10,48,175
11/17/2005,GTF,MT,ANM,WE,Combined TRACON& Tower with Radar,39,36,13,34,122,0,0,15,7,22,39,36,28,41,144,34,8,42,186
11/18/2005,GTF,MT,ANM,WE,Combined TRACON& Tower with Radar,41,37,7,30,115,0,1,9,2,12,41,38,16,32,127,0,10,10,137
11/19/2005,GTF,MT,ANM,WE,Combined TRACON& Tower with Radar,37,22,5,17,81,0,0,18,0,18,37,22,23,17,99,8,2,10,109
11/20/2005,GTF,MT,ANM,WE,Combined TRACON& Tower with Radar,37,8,6,10,61,0,0,16,0,16,37,8,22,10,77,0,16,16,93
11/21/2005,GTF,MT,ANM,WE,Combined TRACON& Tower with Radar,43,22,12,15,92,0,5,36,3,44,43,27,48,18,136,26,4,30,166
11/22/2005,GTF,MT,ANM,WE,Combined TRACON& Tower with Radar,48,35,13,17,113,0,1,24,2,27,48,36,37,19,140,22,0,22,162
11/23/2005,GTF,MT,ANM,WE,Combined TRACON& Tower with Radar,37,31,7,28,103,0,6,26,5,37,37,37,33,33,140,42,22,64,204
11/24/2005,GTF,MT,ANM,WE,Combined TRACON& Tower with Radar,33,19,15,0,67,0,0,20,0,20,33,19,35,0,87,12,0,12,99
11/25/2005,GTF,MT,ANM,WE,Combined TRACON& Tower with Radar,42,32,14,0,88,0,1,27,0,28,42,33,41,0,116,10,0,10,126
11/26/2005,GTF,MT,ANM,WE,Combined TRACON& Tower with Radar,36,14,12,0,62,0,1,1,0,2,36,15,13,0,64,0,0,0,64
11/27/2005,GTF,MT,ANM,WE,Combined TRACON& Tower with Radar,33,5,4,0,42,0,0,0,0,0,33,5,4,0,42,0,0,0,42
11/28/2005,GTF,MT,ANM,WE,Combined TRACON& Tower with Radar,30,23,8,0,61,0,0,1,0,1,30,23,9,0,62,0,0,0,62
11/29/2005,GTF,MT,ANM,WE,Combined TRACON& Tower with Radar,36,35,9,0,80,0,0,0,0,0,36,35,9,0,80,0,0,0,80
11/30/2005,GTF,MT,ANM,WE,Combined TRACON& Tower with Radar,44,35,6,10,95,0,0,0,0,0,44,35,6,10,95,0,0,0,95
12/01/2005,GTF,MT,ANM,WE,Combined TRACON& Tower with Radar,37,36,11,14,98,0,0,0,0,0,37,36,11,14,98,0,0,0,98
12/02/2005,GTF,MT,ANM,WE,Combined TRACON& Tower with Radar,34,32,10,29,105,0,0,4,24,28,34,32,14,53,133,0,18,18,151
12/03/2005,GTF,MT,ANM,WE,Combined TRACON& Tower with Radar,34,14,7,2,57,0,0,1,0,1,34,14,8,2,58,0,2,2,60
12/04/2005,GTF,MT,ANM,WE,Combined TRACON& Tower with Radar,30,6,10,15,61,0,0,5,6,11,30,6,15,21,72,0,14,14,86
12/05/2005,GTF,MT,ANM,WE,Combined TRACON& Tower with Radar,33,25,6,4,68,0,2,0,2,4,33,27,6,6,72,0,0,0,72
12/06/2005,GTF,MT,ANM,WE,Combined TRACON& Tower with Radar,29,36,9,31,105,0,0,5,3,8,29,36,14,34,113,0,6,6,119
12/07/2005,GTF,MT,ANM,WE,Combined TRACON& Tower with Radar,40,28,17,37,122,0,0,12,2,14,40,28,29,39,136,20,2,22,158
12/08/2005,GTF,MT,ANM,WE,Combined TRACON& Tower with Radar,36,37,17,21,111,0,30,6,0,36,36,67,23,21,147,0,2,2,149
12/09/2005,GTF,MT,ANM,WE,Combined TRACON& Tower with Radar,36,35,18,4,93,0,10,10,2,22,36,45,28,6,115,8,6,14,129
12/10/2005,GTF,MT,ANM,WE,Combined TRACON& Tower with Radar,32,17,9,0,58,0,0,35,0,35,32,17,44,0,93,30,0,30,123
12/11/2005,GTF,MT,ANM,WE,Combined TRACON& Tower with Radar,28,7,12,0,47,0,3,9,0,12,28,10,21,0,59,0,0,0,59
12/12/2005,GTF,MT,ANM,WE,Combined TRACON& Tower with Radar,27,26,13,3,69,0,2,20,1,23,27,28,33,4,92,38,0,38,130
12/13/2005,GTF,MT,ANM,WE,Combined TRACON& Tower with Radar,35,40,29,4,108,0,0,8,0,8,35,40,37,4,116,0,0,0,116
12/14/2005,GTF,MT,ANM,WE,Combined TRACON& Tower with Radar,32,40,19,27,118,0,2,20,6,28,32,42,39,33,146,28,16,44,190
12/15/2005,GTF,MT,ANM,WE,Combined TRACON& Tower with Radar,34,41,25,15,115,0,2,18,3,23,34,43,43,18,138,30,0,30,168
12/16/2005,GTF,MT,ANM,WE,Combined TRACON& Tower with Radar,33,41,14,19,107,0,0,5,0,5,33,41,19,19,112,2,0,2,114
12/17/2005,GTF,MT,ANM,WE,Combined TRACON& Tower with Radar,31,22,8,6,67,0,0,9,0,9,31,22,17,6,76,0,2,2,78
12/18/2005,GTF,MT,ANM,WE,Combined TRACON& Tower with Radar,30,11,10,8,59,0,0,12,0,12,30,11,22,8,71,0,0,0,71
12/19/2005,GTF,MT,ANM,WE,Combined TRACON& Tower with Radar,23,30,0,21,74,0,0,15,3,18,23,30,15,24,92,22,16,38,130
12/20/2005,GTF,MT,ANM,WE,Combined TRACON& Tower with Radar,38,35,14,23,110,0,1,14,8,23,38,36,28,31,133,16,6,22,155
12/21/2005,GTF,MT,ANM,WE,Combined TRACON& Tower with Radar,34,35,13,12,94,0,2,21,0,23,34,37,34,12,117,78,12,90,207
12/22/2005,GTF,MT,ANM,WE,Combined TRACON& Tower with Radar,37,52,14,27,130,0,0,18,3,21,37,52,32,30,151,16,12,28,179
12/23/2005,GTF,MT,ANM,WE,Combined TRACON& Tower with Radar,30,37,10,0,77,0,2,6,0,8,30,39,16,0,85,0,0,0,85
12/24/2005,GTF,MT,ANM,WE,Combined TRACON& Tower with Radar,27,18,4,0,49,0,3,6,0,9,27,21,10,0,58,30,0,30,88
12/25/2005,GTF,MT,ANM,WE,Combined TRACON& Tower with Radar,19,2,0,0,21,0,0,2,0,2,19,2,2,0,23,0,0,0,23
12/26/2005,GTF,MT,ANM,WE,Combined TRACON& Tower with Radar,25,12,4,0,41,0,0,17,0,17,25,12,21,0,58,60,0,60,118
12/27/2005,GTF,MT,ANM,WE,Combined TRACON& Tower with Radar,29,29,5,3,66,0,0,28,2,30,29,29,33,5,96,26,0,26,122
12/28/2005,GTF,MT,ANM,WE,Combined TRACON& Tower with Radar,34,40,9,20,103,0,1,27,1,29,34,41,36,21,132,78,4,82,214
12/29/2005,GTF,MT,ANM,WE,Combined TRACON& Tower with Radar,29,35,9,12,85,0,0,15,22,37,29,35,24,34,122,26,18,44,166
12/30/2005,GTF,MT,ANM,WE,Combined TRACON& Tower with Radar,33,33,16,10,92,0,1,27,12,40,33,34,43,22,132,46,10,56,188
12/31/2005,GTF,MT,ANM,WE,Combined TRACON& Tower with Radar,26,18,12,0,56,0,2,9,0,11,26,20,21,0,67,0,0,0,67
01/01/2006,GTF,MT,ANM,WE,Combined TRACON& Tower with Radar,18,5,6,0,29,0,8,2,0,10,18,13,8,0,39,0,0,0,39
01/02/2006,GTF,MT,ANM,WE,Combined TRACON& Tower with Radar,20,11,5,8,44,0,4,13,0,17,20,15,18,8,61,20,0,20,81
01/03/2006,GTF,MT,ANM,WE,Combined TRACON& Tower with Radar,33,29,11,5,78,0,1,23,1,25,33,30,34,6,103,44,0,44,147
01/04/2006,GTF,MT,ANM,WE,Combined TRACON& Tower with Radar,38,32,11,23,104,0,2,5,4,11,38,34,16,27,115,0,10,10,125
01/05/2006,GTF,MT,ANM,WE,Combined TRACON& Tower with Radar,38,37,8,24,107,0,1,11,9,21,38,38,19,33,128,32,2,34,162
01/06/2006,GTF,MT,ANM,WE,Combined TRACON& Tower with Radar,31,30,7,9,77,0,0,22,14,36,31,30,29,23,113,32,12,44,157
01/07/2006,GTF,MT,ANM,WE,Combined TRACON& Tower with Radar,28,21,12,22,83,0,1,17,4,22,28,22,29,26,105,22,14,36,141
01/08/2006,GTF,MT,ANM,WE,Combined TRACON& Tower with Radar,26,18,17,0,61,0,6,5,0,11,26,24,22,0,72,4,0,4,76
01/09/2006,GTF,MT,ANM,WE,Combined TRACON& Tower with Radar,28,21,6,20,75,0,1,11,0,12,28,22,17,20,87,12,0,12,99
01/10/2006,GTF,MT,ANM,WE,Combined TRACON& Tower with Radar,26,29,10,31,96,0,1,15,8,24,26,30,25,39,120,8,4,12,132
01/11/2006,GTF,MT,ANM,WE,Combined TRACON& Tower with Radar,32,29,6,24,91,0,1,0,5,6,32,30,6,29,97,0,18,18,115
01/12/2006,GTF,MT,ANM,WE,Combined TRACON& Tower with Radar,31,40,27,25,123,0,4,16,10,30,31,44,43,35,153,26,12,38,191
01/13/2006,GTF,MT,ANM,WE,Combined TRACON& Tower with Radar,43,19,10,0,72,0,4,24,0,28,43,23,34,0,100,56,0,56,156
01/14/2006,GTF,MT,ANM,WE,Combined TRACON& Tower with Radar,30,19,6,0,55,0,1,31,0,32,30,20,37,0,87,64,0,64,151
01/15/2006,GTF,MT,ANM,WE,Combined TRACON& Tower with Radar,25,6,10,0,41,0,0,19,0,19,25,6,29,0,60,70,0,70,130
01/16/2006,GTF,MT,ANM,WE,Combined TRACON& Tower with Radar,25,21,4,0,50,0,2,9,0,11,25,23,13,0,61,6,0,6,67
01/17/2006,GTF,MT,ANM,WE,Combined TRACON& Tower with Radar,28,30,4,3,65,0,0,10,1,11,28,30,14,4,76,0,0,0,76
01/18/2006,GTF,MT,ANM,WE,Combined TRACON& Tower with Radar,26,31,10,13,80,0,1,8,3,12,26,32,18,16,92,22,0,22,114
01/19/2006,GTF,MT,ANM,WE,Combined TRACON& Tower with Radar,30,27,22,25,104,0,1,31,10,42,30,28,53,35,146,66,10,76,222
01/20/2006,GTF,MT,ANM,WE,Combined TRACON& Tower with Radar,31,34,16,25,106,0,0,15,4,19,31,34,31,29,125,12,10,22,147
01/21/2006,GTF,MT,ANM,WE,Combined TRACON& Tower with Radar,29,21,8,16,74,0,0,11,4,15,29,21,19,20,89,22,4,26,115
01/22/2006,GTF,MT,ANM,WE,Combined TRACON& Tower with Radar,28,6,3,6,43,0,0,5,8,13,28,6,8,14,56,0,8,8,64
01/23/2006,GTF,MT,ANM,WE,Combined TRACON& Tower with Radar,28,21,7,15,71,0,0,3,5,8,28,21,10,20,79,0,0,0,79
01/24/2006,GTF,MT,ANM,WE,Combined TRACON& Tower with Radar,31,37,25,8,101,0,9,28,0,37,31,46,53,8,138,12,0,12,150
01/25/2006,GTF,MT,ANM,WE,Combined TRACON& Tower with Radar,30,30,20,12,92,0,2,20,11,33,30,32,40,23,125,56,4,60,185
01/26/2006,GTF,MT,ANM,WE,Combined TRACON& Tower with Radar,35,35,14,15,99,0,3,22,4,29,35,38,36,19,128,34,0,34,162
01/27/2006,GTF,MT,ANM,WE,Combined TRACON& Tower with Radar,30,29,12,8,79,0,0,11,4,15,30,29,23,12,94,28,6,34,128
01/28/2006,GTF,MT,ANM,WE,Combined TRACON& Tower with Radar,27,18,9,0,54,0,0,18,0,18,27,18,27,0,72,8,0,8,80
01/29/2006,GTF,MT,ANM,WE,Combined TRACON& Tower with Radar,27,14,9,0,50,0,0,9,0,9,27,14,18,0,59,16,0,16,75
01/30/2006,GTF,MT,ANM,WE,Combined TRACON& Tower with Radar,28,29,15,0,72,0,0,2,0,2,28,29,17,0,74,18,0,18,92
01/31/2006,GTF,MT,ANM,WE,Combined TRACON& Tower with Radar,32,32,9,13,86,0,0,1,3,4,32,32,10,16,90,0,16,16,106
02/01/2006,GTF,MT,ANM,WE,Combined TRACON& Tower with Radar,28,40,18,8,94,0,0,5,19,24,28,40,23,27,118,0,14,14,132
02/02/2006,GTF,MT,ANM,WE,Combined TRACON& Tower with Radar,33,28,10,18,89,0,0,9,3,12,33,28,19,21,101,0,0,0,101
02/03/2006,GTF,MT,ANM,WE,Combined TRACON& Tower with Radar,31,30,6,24,91,0,2,7,3,12,31,32,13,27,103,18,14,32,135
02/04/2006,GTF,MT,ANM,WE,Combined TRACON& Tower with Radar,28,18,8,1,55,0,2,11,0,13,28,20,19,1,68,10,0,10,78
02/05/2006,GTF,MT,ANM,WE,Combined TRACON& Tower with Radar,25,5,8,0,38,0,0,0,0,0,25,5,8,0,38,0,0,0,38
02/06/2006,GTF,MT,ANM,WE,Combined TRACON& Tower with Radar,26,19,17,14,76,0,0,31,0,31,26,19,48,14,107,24,0,24,131
02/07/2006,GTF,MT,ANM,WE,Combined TRACON& Tower with Radar,27,32,16,32,107,0,1,23,26,50,27,33,39,58,157,26,22,48,205
02/08/2006,GTF,MT,ANM,WE,Combined TRACON& Tower with Radar,25,47,21,9,102,0,0,8,0,8,25,47,29,9,110,14,4,18,128
02/09/2006,GTF,MT,ANM,WE,Combined TRACON& Tower with Radar,32,37,12,14,95,0,1,22,0,23,32,38,34,14,118,32,6,38,156
02/10/2006,GTF,MT,ANM,WE,Combined TRACON& Tower with Radar,30,28,3,27,88,0,0,27,18,45,30,28,30,45,133,46,18,64,197
02/11/2006,GTF,MT,ANM,WE,Combined TRACON& Tower with Radar,30,22,10,23,85,0,0,20,10,30,30,22,30,33,115,20,6,26,141
02/12/2006,GTF,MT,ANM,WE,Combined TRACON& Tower with Radar,26,8,11,0,45,0,2,17,0,19,26,10,28,0,64,30,0,30,94
02/13/2006,GTF,MT,ANM,WE,Combined TRACON& Tower with Radar,26,35,8,27,96,0,8,6,0,14,26,43,14,27,110,50,0,50,160
02/14/2006,GTF,MT,ANM,WE,Combined TRACON& Tower with Radar,31,39,10,18,98,0,3,8,2,13,31,42,18,20,111,28,0,28,139
02/15/2006,GTF,MT,ANM,WE,Combined TRACON& Tower with Radar,32,26,18,22,98,0,0,16,0,16,32,26,34,22,114,26,0,26,140
02/16/2006,GTF,MT,ANM,WE,Combined TRACON& Tower with Radar,34,33,8,12,87,0,1,0,0,1,34,34,8,12,88,0,0,0,88
02/17/2006,GTF,MT,ANM,WE,Combined TRACON& Tower with Radar,43,28,11,1,83,0,1,9,2,12,43,29,20,3,95,2,0,2,97
02/18/2006,GTF,MT,ANM,WE,Combined TRACON& Tower with Radar,30,21,10,0,61,0,1,17,0,18,30,22,27,0,79,4,0,4,83
02/19/2006,GTF,MT,ANM,WE,Combined TRACON& Tower with Radar,28,5,6,0,39,0,0,18,0,18,28,5,24,0,57,10,0,10,67
02/20/2006,GTF,MT,ANM,WE,Combined TRACON& Tower with Radar,29,21,7,1,58,0,0,10,0,10,29,21,17,1,68,12,0,12,80
02/21/2006,GTF,MT,ANM,WE,Combined TRACON& Tower with Radar,32,29,9,6,76,0,2,6,2,10,32,31,15,8,86,6,4,10,96
02/22/2006,GTF,MT,ANM,WE,Combined TRACON& Tower with Radar,32,39,17,15,103,0,0,3,1,4,32,39,20,16,107,16,10,26,133
02/23/2006,GTF,MT,ANM,WE,Combined TRACON& Tower with Radar,49,34,13,30,126,0,5,12,21,38,49,39,25,51,164,22,16,38,202
02/24/2006,GTF,MT,ANM,WE,Combined TRACON& Tower with Radar,37,28,12,40,117,0,0,18,28,46,37,28,30,68,163,34,26,60,223
02/25/2006,GTF,MT,ANM,WE,Combined TRACON& Tower with Radar,31,20,5,8,64,0,0,19,0,19,31,20,24,8,83,8,0,8,91
02/26/2006,GTF,MT,ANM,WE,Combined TRACON& Tower with Radar,35,10,5,0,50,0,0,8,0,8,35,10,13,0,58,0,0,0,58
02/27/2006,GTF,MT,ANM,WE,Combined TRACON& Tower with Radar,32,19,8,2,61,0,0,14,1,15,32,19,22,3,76,6,2,8,84
02/28/2006,GTF,MT,ANM,WE,Combined TRACON& Tower with Radar,27,44,12,45,128,0,0,5,4,9,27,44,17,49,137,0,16,16,153
03/01/2006,GTF,MT,ANM,WE,Combined TRACON& Tower with Radar,35,28,17,19,99,0,1,31,0,32,35,29,48,19,131,32,0,32,163
03/02/2006,GTF,MT,ANM,WE,Combined TRACON& Tower with Radar,39,34,24,25,122,0,2,0,0,2,39,36,24,25,124,2,4,6,130
03/03/2006,GTF,MT,ANM,WE,Combined TRACON& Tower with Radar,34,34,19,0,87,0,0,3,0,3,34,34,22,0,90,0,0,0,90
03/04/2006,GTF,MT,ANM,WE,Combined TRACON& Tower with Radar,30,24,7,0,61,0,0,0,0,0,30,24,7,0,61,0,0,0,61
03/05/2006,GTF,MT,ANM,WE,Combined TRACON& Tower with Radar,28,10,8,0,46,0,0,33,0,33,28,10,41,0,79,28,0,28,107
03/06/2006,GTF,MT,ANM,WE,Combined TRACON& Tower with Radar,30,23,2,33,88,0,2,19,0,21,30,25,21,33,109,30,6,36,145
03/07/2006,GTF,MT,ANM,WE,Combined TRACON& Tower with Radar,33,33,14,33,113,0,0,15,12,27,33,33,29,45,140,30,22,52,192
03/08/2006,GTF,MT,ANM,WE,Combined TRACON& Tower with Radar,33,34,22,24,113,0,2,25,6,33,33,36,47,30,146,42,0,42,188
03/09/2006,GTF,MT,ANM,WE,Combined TRACON& Tower with Radar,35,39,10,17,101,0,2,2,4,8,35,41,12,21,109,14,2,16,125
03/10/2006,GTF,MT,ANM,WE,Combined TRACON& Tower with Radar,34,25,8,8,75,0,5,27,1,33,34,30,35,9,108,56,0,56,164
03/11/2006,GTF,MT,ANM,WE,Combined TRACON& Tower with Radar,34,16,10,0,60,0,0,15,0,15,34,16,25,0,75,24,0,24,99
03/12/2006,GTF,MT,ANM,WE,Combined TRACON& Tower with Radar,29,10,7,0,46,0,0,9,0,9,29,10,16,0,55,14,0,14,69
03/13/2006,GTF,MT,ANM,WE,Combined TRACON& Tower with Radar,26,19,10,3,58,0,0,28,0,28,26,19,38,3,86,24,0,24,110
03/14/2006,GTF,MT,ANM,WE,Combined TRACON& Tower with Radar,32,38,14,11,95,0,4,22,1,27,32,42,36,12,122,82,0,82,204
03/15/2006,GTF,MT,ANM,WE,Combined TRACON& Tower with Radar,36,34,24,30,124,0,1,17,14,32,36,35,41,44,156,8,18,26,182
03/16/2006,GTF,MT,ANM,WE,Combined TRACON& Tower with Radar,33,35,19,35,122,0,3,23,22,48,33,38,42,57,170,18,32,50,220
03/17/2006,GTF,MT,ANM,WE,Combined TRACON& Tower with Radar,36,38,17,22,113,0,5,26,8,39,36,43,43,30,152,30,20,50,202
03/18/2006,GTF,MT,ANM,WE,Combined TRACON& Tower with Radar,31,31,23,16,101,0,0,12,0,12,31,31,35,16,113,42,0,42,155
03/19/2006,GTF,MT,ANM,WE,Combined TRACON& Tower with Radar,30,7,17,0,54,0,0,0,0,0,30,7,17,0,54,0,0,0,54
03/20/2006,GTF,MT,ANM,WE,Combined TRACON& Tower with Radar,30,25,16,26,97,0,0,2,0,2,30,25,18,26,99,0,0,0,99
03/21/2006,GTF,MT,ANM,WE,Combined TRACON& Tower with Radar,32,29,17,17,95,0,0,14,5,19,32,29,31,22,114,22,4,26,140
03/22/2006,GTF,MT,ANM,WE,Combined TRACON& Tower with Radar,37,28,18,35,118,0,0,8,11,19,37,28,26,46,137,20,14,34,171
03/23/2006,GTF,MT,ANM,WE,Combined TRACON& Tower with Radar,36,28,14,19,97,0,2,27,3,32,36,30,41,22,129,30,2,32,161
03/24/2006,GTF,MT,ANM,WE,Combined TRACON& Tower with Radar,36,31,8,1,76,5,0,42,0,47,41,31,50,1,123,104,0,104,227
03/25/2006,GTF,MT,ANM,WE,Combined TRACON& Tower with Radar,30,20,1,1,52,0,0,22,0,22,30,20,23,1,74,22,0,22,96
03/26/2006,GTF,MT,ANM,WE,Combined TRACON& Tower with Radar,29,6,2,0,37,0,0,4,0,4,29,6,6,0,41,18,0,18,59
03/27/2006,GTF,MT,ANM,WE,Combined TRACON& Tower with Radar,29,23,11,2,65,0,2,18,0,20,29,25,29,2,85,44,0,44,129
03/28/2006,GTF,MT,ANM,WE,Combined TRACON& Tower with Radar,34,30,10,33,107,0,4,35,5,44,34,34,45,38,151,46,0,46,197
03/29/2006,GTF,MT,ANM,WE,Combined TRACON& Tower with Radar,37,32,12,28,109,0,0,8,0,8,37,32,20,28,117,48,0,48,165
03/30/2006,GTF,MT,ANM,WE,Combined TRACON& Tower with Radar,35,41,12,17,105,0,9,25,5,39,35,50,37,22,144,16,10,26,170
03/31/2006,GTF,MT,ANM,WE,Combined TRACON& Tower with Radar,41,36,14,16,107,0,0,36,11,47,41,36,50,27,154,36,20,56,210
04/01/2006,GTF,MT,ANM,WE,Combined TRACON& Tower with Radar,33,17,10,23,83,0,1,35,1,37,33,18,45,24,120,4,0,4,124
04/02/2006,GTF,MT,ANM,WE,Combined TRACON& Tower with Radar,31,5,10,3,49,0,0,6,0,6,31,5,16,3,55,6,0,6,61
04/03/2006,GTF,MT,ANM,WE,Combined TRACON& Tower with Radar,34,24,2,25,85,0,0,18,1,19,34,24,20,26,104,26,0,26,130
04/04/2006,GTF,MT,ANM,WE,Combined TRACON& Tower with Radar,31,32,21,18,102,0,2,22,1,25,31,34,43,19,127,50,4,54,181
04/05/2006,GTF,MT,ANM,WE,Combined TRACON& Tower with Radar,37,29,10,0,76,0,0,0,0,0,37,29,10,0,76,0,0,0,76
04/06/2006,GTF,MT,ANM,WE,Combined TRACON& Tower with Radar,47,33,17,20,117,0,0,0,0,0,47,33,17,20,117,0,0,0,117
04/07/2006,GTF,MT,ANM,WE,Combined TRACON& Tower with Radar,35,30,8,1,74,0,4,14,0,18,35,34,22,1,92,16,0,16,108
04/08/2006,GTF,MT,ANM,WE,Combined TRACON& Tower with Radar,33,23,14,0,70,0,0,23,0,23,33,23,37,0,93,22,0,22,115
04/09/2006,GTF,MT,ANM,WE,Combined TRACON& Tower with Radar,33,9,5,0,47,0,1,10,2,13,33,10,15,2,60,2,0,2,62
04/10/2006,GTF,MT,ANM,WE,Combined TRACON& Tower with Radar,31,21,5,3,60,0,2,10,0,12,31,23,15,3,72,30,0,30,102
04/11/2006,GTF,MT,ANM,WE,Combined TRACON& Tower with Radar,34,26,13,24,97,0,4,15,2,21,34,30,28,26,118,8,22,30,148
04/12/2006,GTF,MT,ANM,WE,Combined TRACON& Tower with Radar,41,29,15,24,109,0,0,23,2,25,41,29,38,26,134,36,10,46,180
04/13/2006,GTF,MT,ANM,WE,Combined TRACON& Tower with Radar,35,30,28,37,130,0,2,14,0,16,35,32,42,37,146,6,30,36,182
04/14/2006,GTF,MT,ANM,WE,Combined TRACON& Tower with Radar,36,24,8,22,90,0,0,6,4,10,36,24,14,26,100,0,0,0,100
04/15/2006,GTF,MT,ANM,WE,Combined TRACON& Tower with Radar,33,20,10,17,80,0,0,21,9,30,33,20,31,26,110,18,18,36,146
04/16/2006,GTF,MT,ANM,WE,Combined TRACON& Tower with Radar,32,10,2,0,44,0,0,9,0,9,32,10,11,0,53,0,0,0,53
04/17/2006,GTF,MT,ANM,WE,Combined TRACON& Tower with Radar,29,23,4,5,61,0,0,2,0,2,29,23,6,5,63,8,2,10,73
04/18/2006,GTF,MT,ANM,WE,Combined TRACON& Tower with Radar,41,28,1,35,105,0,0,20,30,50,41,28,21,65,155,10,22,32,187
04/19/2006,GTF,MT,ANM,WE,Combined TRACON& Tower with Radar,35,32,20,31,118,0,0,17,3,20,35,32,37,34,138,0,8,8,146
04/20/2006,GTF,MT,ANM,WE,Combined TRACON& Tower with Radar,38,40,15,29,122,0,5,36,10,51,38,45,51,39,173,44,26,70,243
04/21/2006,GTF,MT,ANM,WE,Combined TRACON& Tower with Radar,40,26,22,6,94,0,0,33,1,34,40,26,55,7,128,6,8,14,142
04/22/2006,GTF,MT,ANM,WE,Combined TRACON& Tower with Radar,34,22,1,0,57,0,0,16,0,16,34,22,17,0,73,0,0,0,73
04/23/2006,GTF,MT,ANM,WE,Combined TRACON& Tower with Radar,32,7,12,0,51,0,0,10,0,10,32,7,22,0,61,0,0,0,61
04/24/2006,GTF,MT,ANM,WE,Combined TRACON& Tower with Radar,29,18,9,1,57,0,4,18,0,22,29,22,27,1,79,28,20,48,127
04/25/2006,GTF,MT,ANM,WE,Combined TRACON& Tower with Radar,33,36,18,21,108,0,2,16,6,24,33,38,34,27,132,4,6,10,142
04/26/2006,GTF,MT,ANM,WE,Combined TRACON& Tower with Radar,35,39,12,6,92,0,1,20,0,21,35,40,32,6,113,28,4,32,145
04/27/2006,GTF,MT,ANM,WE,Combined TRACON& Tower with Radar,35,38,20,14,107,0,0,15,1,16,35,38,35,15,123,2,16,18,141
04/28/2006,GTF,MT,ANM,WE,Combined TRACON& Tower with Radar,31,30,7,10,78,0,5,53,0,58,31,35,60,10,136,24,0,24,160
04/29/2006,GTF,MT,ANM,WE,Combined TRACON& Tower with Radar,34,17,4,3,58,0,0,42,0,42,34,17,46,3,100,10,0,10,110
04/30/2006,GTF,MT,ANM,WE,Combined TRACON& Tower with Radar,32,10,1,0,43,0,0,12,0,12,32,10,13,0,55,0,0,0,55
05/01/2006,GTF,MT,ANM,WE,Combined TRACON& Tower with Radar,30,27,12,3,72,0,0,18,1,19,30,27,30,4,91,24,0,24,115
05/02/2006,GTF,MT,ANM,WE,Combined TRACON& Tower with Radar,29,32,8,3,72,0,0,0,2,2,29,32,8,5,74,0,0,0,74
05/03/2006,GTF,MT,ANM,WE,Combined TRACON& Tower with Radar,32,36,15,22,105,0,0,19,0,19,32,36,34,22,124,30,0,30,154
05/04/2006,GTF,MT,ANM,WE,Combined TRACON& Tower with Radar,34,35,16,22,107,0,0,43,1,44,34,35,59,23,151,52,0,52,203
05/05/2006,GTF,MT,ANM,WE,Combined TRACON& Tower with Radar,34,28,8,3,73,0,1,36,0,37,34,29,44,3,110,30,0,30,140
05/06/2006,GTF,MT,ANM,WE,Combined TRACON& Tower with Radar,30,17,7,24,78,0,1,54,2,57,30,18,61,26,135,2,0,2,137
05/07/2006,GTF,MT,ANM,WE,Combined TRACON& Tower with Radar,31,7,11,5,54,0,12,0,0,12,31,19,11,5,66,0,0,0,66
05/08/2006,GTF,MT,ANM,WE,Combined TRACON& Tower with Radar,30,20,11,30,91,0,0,0,0,0,30,20,11,30,91,20,2,22,113
05/09/2006,GTF,MT,ANM,WE,Combined TRACON& Tower with Radar,33,30,14,20,97,0,1,17,0,18,33,31,31,20,115,6,0,6,121
05/10/2006,GTF,MT,ANM,WE,Combined TRACON& Tower with Radar,34,33,14,27,108,0,1,31,0,32,34,34,45,27,140,40,6,46,186
05/11/2006,GTF,MT,ANM,WE,Combined TRACON& Tower with Radar,34,33,16,33,116,0,0,26,2,28,34,33,42,35,144,20,10,30,174
05/12/2006,GTF,MT,ANM,WE,Combined TRACON& Tower with Radar,35,35,6,18,94,0,1,29,1,31,35,36,35,19,125,36,4,40,165
05/13/2006,GTF,MT,ANM,WE,Combined TRACON& Tower with Radar,31,17,8,8,64,0,0,38,0,38,31,17,46,8,102,10,10,20,122
05/14/2006,GTF,MT,ANM,WE,Combined TRACON& Tower with Radar,33,6,4,2,45,0,0,28,1,29,33,6,32,3,74,16,0,16,90
05/15/2006,GTF,MT,ANM,WE,Combined TRACON& Tower with Radar,29,22,0,2,53,0,3,24,2,29,29,25,24,4,82,48,0,48,130
05/16/2006,GTF,MT,ANM,WE,Combined TRACON& Tower with Radar,32,36,11,8,87,0,2,36,0,38,32,38,47,8,125,16,0,16,141
05/17/2006,GTF,MT,ANM,WE,Combined TRACON& Tower with Radar,31,28,17,9,85,0,0,30,0,30,31,28,47,9,115,46,0,46,161
05/18/2006,GTF,MT,ANM,WE,Combined TRACON& Tower with Radar,36,34,21,8,99,0,6,39,1,46,36,40,60,9,145,22,6,28,173
05/19/2006,GTF,MT,ANM,WE,Combined TRACON& Tower with Radar,38,30,5,9,82,0,0,29,9,38,38,30,34,18,120,16,8,24,144
05/20/2006,GTF,MT,ANM,WE,Combined TRACON& Tower with Radar,34,20,10,0,64,0,4,25,0,29,34,24,35,0,93,20,0,20,113
05/21/2006,GTF,MT,ANM,WE,Combined TRACON& Tower with Radar,31,5,5,0,41,0,0,26,0,26,31,5,31,0,67,0,0,0,67
05/22/2006,GTF,MT,ANM,WE,Combined TRACON& Tower with Radar,31,24,8,0,63,0,0,23,4,27,31,24,31,4,90,32,0,32,122
05/23/2006,GTF,MT,ANM,WE,Combined TRACON& Tower with Radar,35,28,24,11,98,0,0,0,0,0,35,28,24,11,98,4,0,4,102
05/24/2006,GTF,MT,ANM,WE,Combined TRACON& Tower with Radar,38,31,9,12,90,0,0,22,3,25,38,31,31,15,115,20,0,20,135
05/25/2006,GTF,MT,ANM,WE,Combined TRACON& Tower with Radar,43,35,16,1,95,0,0,24,0,24,43,35,40,1,119,10,0,10,129
05/26/2006,GTF,MT,ANM,WE,Combined TRACON& Tower with Radar,35,36,8,0,79,0,1,18,0,19,35,37,26,0,98,36,0,36,134
05/27/2006,GTF,MT,ANM,WE,Combined TRACON& Tower with Radar,31,17,16,0,64,0,0,0,0,0,31,17,16,0,64,6,0,6,70
05/28/2006,GTF,MT,ANM,WE,Combined TRACON& Tower with Radar,36,7,5,0,48,0,0,2,0,2,36,7,7,0,50,0,0,0,50
05/29/2006,GTF,MT,ANM,WE,Combined TRACON& Tower with Radar,30,6,20,0,56,0,0,7,0,7,30,6,27,0,63,0,0,0,63
05/30/2006,GTF,MT,ANM,WE,Combined TRACON& Tower with Radar,30,20,16,8,74,0,0,15,3,18,30,20,31,11,92,4,4,8,100
05/31/2006,GTF,MT,ANM,WE,Combined TRACON& Tower with Radar,33,35,11,3,82,0,0,25,2,27,33,35,36,5,109,40,0,40,149
06/01/2006,GTF,MT,ANM,WE,Combined TRACON& Tower with Radar,32,32,15,4,83,0,2,44,2,48,32,34,59,6,131,24,0,24,155
06/02/2006,GTF,MT,ANM,WE,Combined TRACON& Tower with Radar,30,34,4,3,71,0,1,34,5,40,30,35,38,8,111,14,0,14,125
06/03/2006,GTF,MT,ANM,WE,Combined TRACON& Tower with Radar,29,19,8,0,56,0,2,37,2,41,29,21,45,2,97,0,0,0,97
06/04/2006,GTF,MT,ANM,WE,Combined TRACON& Tower with Radar,32,8,8,0,48,0,1,24,2,27,32,9,32,2,75,24,0,24,99
06/05/2006,GTF,MT,ANM,WE,Combined TRACON& Tower with Radar,30,23,8,5,66,0,2,25,3,30,30,25,33,8,96,14,2,16,112
06/06/2006,GTF,MT,ANM,WE,Combined TRACON& Tower with Radar,38,26,14,2,80,0,2,49,1,52,38,28,63,3,132,30,0,30,162
06/07/2006,GTF,MT,ANM,WE,Combined TRACON& Tower with Radar,40,28,13,2,83,0,3,27,1,31,40,31,40,3,114,28,0,28,142
06/08/2006,GTF,MT,ANM,WE,Combined TRACON& Tower with Radar,30,31,25,3,89,0,0,5,0,5,30,31,30,3,94,0,0,0,94
06/09/2006,GTF,MT,ANM,WE,Combined TRACON& Tower with Radar,32,26,15,6,79,0,0,11,0,11,32,26,26,6,90,0,0,0,90
06/10/2006,GTF,MT,ANM,WE,Combined TRACON& Tower with Radar,21,18,1,0,40,0,0,4,0,4,21,18,5,0,44,0,0,0,44
06/11/2006,GTF,MT,ANM,WE,Combined TRACON& Tower with Radar,31,8,12,0,51,0,2,14,0,16,31,10,26,0,67,22,0,22,89
06/12/2006,GTF,MT,ANM,WE,Combined TRACON& Tower with Radar,26,19,21,1,67,0,0,12,1,13,26,19,33,2,80,0,0,0,80
06/13/2006,GTF,MT,ANM,WE,Combined TRACON& Tower with Radar,28,34,9,3,74,0,0,15,1,16,28,34,24,4,90,0,0,0,90
06/14/2006,GTF,MT,ANM,WE,Combined TRACON& Tower with Radar,28,27,7,0,62,0,3,13,0,16,28,30,20,0,78,0,0,0,78
06/15/2006,GTF,MT,ANM,WE,Combined TRACON& Tower with Radar,32,29,19,2,82,0,0,8,2,10,32,29,27,4,92,0,0,0,92
06/16/2006,GTF,MT,ANM,WE,Combined TRACON& Tower with Radar,28,34,12,0,74,0,0,15,0,15,28,34,27,0,89,6,0,6,95
06/17/2006,GTF,MT,ANM,WE,Combined TRACON& Tower with Radar,26,21,4,3,54,0,0,13,0,13,26,21,17,3,67,0,0,0,67
06/18/2006,GTF,MT,ANM,WE,Combined TRACON& Tower with Radar,27,7,6,1,41,0,1,32,0,33,27,8,38,1,74,0,0,0,74
06/19/2006,GTF,MT,ANM,WE,Combined TRACON& Tower with Radar,28,20,11,2,61,0,2,17,0,19,28,22,28,2,80,2,0,2,82
06/20/2006,GTF,MT,ANM,WE,Combined TRACON& Tower with Radar,28,27,20,4,79,0,1,25,1,27,28,28,45,5,106,0,4,4,110
06/21/2006,GTF,MT,ANM,WE,Combined TRACON& Tower with Radar,28,33,20,5,86,0,11,28,0,39,28,44,48,5,125,32,0,32,157
06/22/2006,GTF,MT,ANM,WE,Combined TRACON& Tower with Radar,28,32,16,2,78,10,3,49,0,62,38,35,65,2,140,72,0,72,212
06/23/2006,GTF,MT,ANM,WE,Combined TRACON& Tower with Radar,31,26,7,2,66,0,5,26,2,33,31,31,33,4,99,8,0,8,107
06/24/2006,GTF,MT,ANM,WE,Combined TRACON& Tower with Radar,27,20,9,1,57,0,3,38,1,42,27,23,47,2,99,30,0,30,129
06/25/2006,GTF,MT,ANM,WE,Combined TRACON& Tower with Radar,25,8,10,0,43,0,1,27,0,28,25,9,37,0,71,6,0,6,77
06/26/2006,GTF,MT,ANM,WE,Combined TRACON& Tower with Radar,25,20,10,0,55,0,3,49,0,52,25,23,59,0,107,38,0,38,145
06/27/2006,GTF,MT,ANM,WE,Combined TRACON& Tower with Radar,33,32,14,2,81,0,2,39,2,43,33,34,53,4,124,44,0,44,168
06/28/2006,GTF,MT,ANM,WE,Combined TRACON& Tower with Radar,31,32,7,1,71,0,4,26,1,31,31,36,33,2,102,14,0,14,116
06/29/2006,GTF,MT,ANM,WE,Combined TRACON& Tower with Radar,29,37,26,1,93,0,1,20,1,22,29,38,46,2,115,16,0,16,131
06/30/2006,GTF,MT,ANM,WE,Combined TRACON& Tower with Radar,27,38,16,0,81,0,0,33,0,33,27,38,49,0,114,8,0,8,122
07/01/2006,GTF,MT,ANM,WE,Combined TRACON& Tower with Radar,30,23,8,0,61,0,0,32,0,32,30,23,40,0,93,30,0,30,123
07/02/2006,GTF,MT,ANM,WE,Combined TRACON& Tower with Radar,26,6,4,0,36,0,3,29,0,32,26,9,33,0,68,24,0,24,92
07/03/2006,GTF,MT,ANM,WE,Combined TRACON& Tower with Radar,23,16,6,0,45,0,0,15,0,15,23,16,21,0,60,10,0,10,70
07/04/2006,GTF,MT,ANM,WE,Combined TRACON& Tower with Radar,25,9,8,0,42,0,2,37,0,39,25,11,45,0,81,0,0,0,81
07/05/2006,GTF,MT,ANM,WE,Combined TRACON& Tower with Radar,30,35,10,0,75,0,0,28,0,28,30,35,38,0,103,0,0,0,103
07/06/2006,GTF,MT,ANM,WE,Combined TRACON& Tower with Radar,29,35,10,0,74,0,2,14,0,16,29,37,24,0,90,16,0,16,106
07/07/2006,GTF,MT,ANM,WE,Combined TRACON& Tower with Radar,28,32,6,1,67,0,6,25,3,34,28,38,31,4,101,0,0,0,101
07/08/2006,GTF,MT,ANM,WE,Combined TRACON& Tower with Radar,28,29,13,0,70,0,2,67,0,69,28,31,80,0,139,12,0,12,151
07/09/2006,GTF,MT,ANM,WE,Combined TRACON& Tower with Radar,35,12,13,0,60,0,1,46,0,47,35,13,59,0,107,48,0,48,155
07/10/2006,GTF,MT,ANM,WE,Combined TRACON& Tower with Radar,26,26,7,0,59,0,0,41,0,41,26,26,48,0,100,32,0,32,132
07/11/2006,GTF,MT,ANM,WE,Combined TRACON& Tower with Radar,32,25,15,5,77,0,0,41,0,41,32,25,56,5,118,32,0,32,150
07/12/2006,GTF,MT,ANM,WE,Combined TRACON& Tower with Radar,33,35,16,6,90,0,0,25,0,25,33,35,41,6,115,42,0,42,157
07/13/2006,GTF,MT,ANM,WE,Combined TRACON& Tower with Radar,31,30,22,6,89,0,1,12,0,13,31,31,34,6,102,4,4,8,110
07/14/2006,GTF,MT,ANM,WE,Combined TRACON& Tower with Radar,27,32,13,4,76,0,1,42,5,48,27,33,55,9,124,6,0,6,130
07/15/2006,GTF,MT,ANM,WE,Combined TRACON& Tower with Radar,27,19,10,0,56,0,6,69,2,77,27,25,79,2,133,16,0,16,149
07/16/2006,GTF,MT,ANM,WE,Combined TRACON& Tower with Radar,25,6,9,0,40,0,0,38,0,38,25,6,47,0,78,40,0,40,118
07/17/2006,GTF,MT,ANM,WE,Combined TRACON& Tower with Radar,26,31,17,0,74,0,2,32,0,34,26,33,49,0,108,2,0,2,110
07/18/2006,GTF,MT,ANM,WE,Combined TRACON& Tower with Radar,30,33,10,1,74,0,4,31,3,38,30,37,41,4,112,18,0,18,130
07/19/2006,GTF,MT,ANM,WE,Combined TRACON& Tower with Radar,30,30,11,0,71,0,3,52,2,57,30,33,63,2,128,16,0,16,144
07/20/2006,GTF,MT,ANM,WE,Combined TRACON& Tower with Radar,30,25,17,2,74,0,0,34,0,34,30,25,51,2,108,4,0,4,112
07/21/2006,GTF,MT,ANM,WE,Combined TRACON& Tower with Radar,28,32,11,4,75,0,2,43,2,47,28,34,54,6,122,14,0,14,136
07/22/2006,GTF,MT,ANM,WE,Combined TRACON& Tower with Radar,25,18,14,0,57,0,3,43,0,46,25,21,57,0,103,0,0,0,103
07/23/2006,GTF,MT,ANM,WE,Combined TRACON& Tower with Radar,28,8,9,0,45,0,4,26,0,30,28,12,35,0,75,0,0,0,75
07/24/2006,GTF,MT,ANM,WE,Combined TRACON& Tower with Radar,29,25,9,0,63,0,1,23,0,24,29,26,32,0,87,0,0,0,87
07/25/2006,GTF,MT,ANM,WE,Combined TRACON& Tower with Radar,28,30,23,2,83,0,2,32,1,35,28,32,55,3,118,30,0,30,148
07/26/2006,GTF,MT,ANM,WE,Combined TRACON& Tower with Radar,31,30,16,0,77,0,4,46,0,50,31,34,62,0,127,24,0,24,151
07/27/2006,GTF,MT,ANM,WE,Combined TRACON& Tower with Radar,30,32,15,7,84,0,0,28,5,33,30,32,43,12,117,0,0,0,117
07/28/2006,GTF,MT,ANM,WE,Combined TRACON& Tower with Radar,30,29,19,1,79,0,3,37,5,45,30,32,56,6,124,10,0,10,134
07/29/2006,GTF,MT,ANM,WE,Combined TRACON& Tower with Radar,26,21,16,2,65,0,2,33,0,35,26,23,49,2,100,8,0,8,108
07/30/2006,GTF,MT,ANM,WE,Combined TRACON& Tower with Radar,25,2,12,2,41,0,7,34,0,41,25,9,46,2,82,0,0,0,82
07/31/2006,GTF,MT,ANM,WE,Combined TRACON& Tower with Radar,25,28,8,2,63,0,8,33,1,42,25,36,41,3,105,22,0,22,127
08/01/2006,GTF,MT,ANM,WE,Combined TRACON& Tower with Radar,29,44,8,1,82,0,0,33,1,34,29,44,41,2,116,8,0,8,124
08/02/2006,GTF,MT,ANM,WE,Combined TRACON& Tower with Radar,30,36,10,4,80,0,2,41,4,47,30,38,51,8,127,28,6,34,161
08/03/2006,GTF,MT,ANM,WE,Combined TRACON& Tower with Radar,29,32,11,3,75,0,1,26,2,29,29,33,37,5,104,0,2,2,106
08/04/2006,GTF,MT,ANM,WE,Combined TRACON& Tower with Radar,29,33,14,0,76,0,1,35,0,36,29,34,49,0,112,18,0,18,130
08/05/2006,GTF,MT,ANM,WE,Combined TRACON& Tower with Radar,27,21,8,0,56,0,2,26,0,28,27,23,34,0,84,0,0,0,84
08/06/2006,GTF,MT,ANM,WE,Combined TRACON& Tower with Radar,28,2,16,0,46,0,0,31,0,31,28,2,47,0,77,14,0,14,91
08/07/2006,GTF,MT,ANM,WE,Combined TRACON& Tower with Radar,24,15,14,2,55,0,12,16,0,28,24,27,30,2,83,0,0,0,83
08/08/2006,GTF,MT,ANM,WE,Combined TRACON& Tower with Radar,32,35,12,4,83,0,6,19,1,26,32,41,31,5,109,0,0,0,109
08/09/2006,GTF,MT,ANM,WE,Combined TRACON& Tower with Radar,30,40,17,1,88,0,1,21,1,23,30,41,38,2,111,0,0,0,111
08/10/2006,GTF,MT,ANM,WE,Combined TRACON& Tower with Radar,31,28,16,2,77,0,5,21,0,26,31,33,37,2,103,0,0,0,103
08/11/2006,GTF,MT,ANM,WE,Combined TRACON& Tower with Radar,29,33,3,2,67,0,4,17,0,21,29,37,20,2,88,26,0,26,114
08/12/2006,GTF,MT,ANM,WE,Combined TRACON& Tower with Radar,24,23,11,0,58,0,1,46,0,47,24,24,57,0,105,26,0,26,131
08/13/2006,GTF,MT,ANM,WE,Combined TRACON& Tower with Radar,29,6,16,2,53,0,3,15,0,18,29,9,31,2,71,2,0,2,73
08/14/2006,GTF,MT,ANM,WE,Combined TRACON& Tower with Radar,25,26,19,4,74,0,0,19,0,19,25,26,38,4,93,44,0,44,137
08/15/2006,GTF,MT,ANM,WE,Combined TRACON& Tower with Radar,29,32,9,3,73,0,1,29,2,32,29,33,38,5,105,2,0,2,107
08/16/2006,GTF,MT,ANM,WE,Combined TRACON& Tower with Radar,30,35,16,0,81,0,1,18,0,19,30,36,34,0,100,14,0,14,114
08/17/2006,GTF,MT,ANM,WE,Combined TRACON& Tower with Radar,30,21,22,2,75,0,0,5,0,5,30,21,27,2,80,0,0,0,80
08/18/2006,GTF,MT,ANM,WE,Combined TRACON& Tower with Radar,31,29,18,2,80,0,0,37,1,38,31,29,55,3,118,34,0,34,152
08/19/2006,GTF,MT,ANM,WE,Combined TRACON& Tower with Radar,26,15,7,1,49,0,1,40,0,41,26,16,47,1,90,50,0,50,140
08/20/2006,GTF,MT,ANM,WE,Combined TRACON& Tower with Radar,27,5,7,2,41,0,0,28,0,28,27,5,35,2,69,18,0,18,87
08/21/2006,GTF,MT,ANM,WE,Combined TRACON& Tower with Radar,27,20,16,5,68,0,3,28,3,34,27,23,44,8,102,86,0,86,188
08/22/2006,GTF,MT,ANM,WE,Combined TRACON& Tower with Radar,35,24,23,0,82,0,5,24,0,29,35,29,47,0,111,4,0,4,115
08/23/2006,GTF,MT,ANM,WE,Combined TRACON& Tower with Radar,34,23,9,0,66,0,1,30,2,33,34,24,39,2,99,34,0,34,133
08/24/2006,GTF,MT,ANM,WE,Combined TRACON& Tower with Radar,30,28,18,4,80,0,7,14,0,21,30,35,32,4,101,8,2,10,111
08/25/2006,GTF,MT,ANM,WE,Combined TRACON& Tower with Radar,34,31,25,7,97,0,3,8,0,11,34,34,33,7,108,0,6,6,114
08/26/2006,GTF,MT,ANM,WE,Combined TRACON& Tower with Radar,32,11,10,1,54,0,2,48,0,50,32,13,58,1,104,28,0,28,132
08/27/2006,GTF,MT,ANM,WE,Combined TRACON& Tower with Radar,28,9,10,2,49,0,0,33,0,33,28,9,43,2,82,48,0,48,130
08/28/2006,GTF,MT,ANM,WE,Combined TRACON& Tower with Radar,31,23,14,3,71,0,25,30,2,57,31,48,44,5,128,82,0,82,210
08/29/2006,GTF,MT,ANM,WE,Combined TRACON& Tower with Radar,32,26,18,0,76,0,2,17,0,19,32,28,35,0,95,12,0,12,107
08/30/2006,GTF,MT,ANM,WE,Combined TRACON& Tower with Radar,36,30,17,3,86,0,2,11,4,17,36,32,28,7,103,0,0,0,103
08/31/2006,GTF,MT,ANM,WE,Combined TRACON& Tower with Radar,39,27,16,0,82,0,2,35,0,37,39,29,51,0,119,24,0,24,143
09/01/2006,GTF,MT,ANM,WE,Combined TRACON& Tower with Radar,31,24,29,0,84,0,2,45,0,47,31,26,74,0,131,28,0,28,159
09/02/2006,GTF,MT,ANM,WE,Combined TRACON& Tower with Radar,31,21,7,0,59,0,3,40,0,43,31,24,47,0,102,12,0,12,114
09/03/2006,GTF,MT,ANM,WE,Combined TRACON& Tower with Radar,28,3,5,0,36,0,0,27,0,27,28,3,32,0,63,18,0,18,81
09/04/2006,GTF,MT,ANM,WE,Combined TRACON& Tower with Radar,34,7,13,2,56,0,0,29,0,29,34,7,42,2,85,28,4,32,117
09/05/2006,GTF,MT,ANM,WE,Combined TRACON& Tower with Radar,28,20,25,0,73,0,9,19,0,28,28,29,44,0,101,10,0,10,111
09/06/2006,GTF,MT,ANM,WE,Combined TRACON& Tower with Radar,31,30,13,2,76,0,2,35,0,37,31,32,48,2,113,20,0,20,133
09/07/2006,GTF,MT,ANM,WE,Combined TRACON& Tower with Radar,30,31,18,1,80,0,8,25,1,34,30,39,43,2,114,4,0,4,118
09/08/2006,GTF,MT,ANM,WE,Combined TRACON& Tower with Radar,30,26,14,2,72,0,2,45,2,49,30,28,59,4,121,10,0,10,131
09/09/2006,GTF,MT,ANM,WE,Combined TRACON& Tower with Radar,32,18,10,0,60,0,2,29,0,31,32,20,39,0,91,0,0,0,91
09/10/2006,GTF,MT,ANM,WE,Combined TRACON& Tower with Radar,29,9,16,0,54,0,0,24,0,24,29,9,40,0,78,6,0,6,84
09/11/2006,GTF,MT,ANM,WE,Combined TRACON& Tower with Radar,32,17,11,0,60,0,0,27,0,27,32,17,38,0,87,0,0,0,87
09/12/2006,GTF,MT,ANM,WE,Combined TRACON& Tower with Radar,34,30,27,3,94,0,3,41,1,45,34,33,68,4,139,4,0,4,143
09/13/2006,GTF,MT,ANM,WE,Combined TRACON& Tower with Radar,31,24,14,4,73,0,2,32,0,34,31,26,46,4,107,28,2,30,137
09/14/2006,GTF,MT,ANM,WE,Combined TRACON& Tower with Radar,36,26,58,0,120,0,0,4,0,4,36,26,62,0,124,2,0,2,126
09/15/2006,GTF,MT,ANM,WE,Combined TRACON& Tower with Radar,35,54,10,0,99,0,0,0,0,0,35,54,10,0,99,0,0,0,99
09/16/2006,GTF,MT,ANM,WE,Combined TRACON& Tower with Radar,29,24,15,0,68,0,0,0,0,0,29,24,15,0,68,0,0,0,68
09/17/2006,GTF,MT,ANM,WE,Combined TRACON& Tower with Radar,28,2,10,0,40,0,0,10,0,10,28,2,20,0,50,32,0,32,82
09/18/2006,GTF,MT,ANM,WE,Combined TRACON& Tower with Radar,29,18,20,1,68,0,1,57,0,58,29,19,77,1,126,68,0,68,194
09/19/2006,GTF,MT,ANM,WE,Combined TRACON& Tower with Radar,33,31,18,3,85,0,0,40,2,42,33,31,58,5,127,48,0,48,175
09/20/2006,GTF,MT,ANM,WE,Combined TRACON& Tower with Radar,41,30,14,1,86,0,0,14,1,15,41,30,28,2,101,0,0,0,101
09/21/2006,GTF,MT,ANM,WE,Combined TRACON& Tower with Radar,31,31,18,1,81,0,1,41,2,44,31,32,59,3,125,0,0,0,125
09/22/2006,GTF,MT,ANM,WE,Combined TRACON& Tower with Radar,32,27,11,0,70,0,0,5,0,5,32,27,16,0,75,0,0,0,75
09/23/2006,GTF,MT,ANM,WE,Combined TRACON& Tower with Radar,29,15,18,0,62,0,0,28,0,28,29,15,46,0,90,30,0,30,120
09/24/2006,GTF,MT,ANM,WE,Combined TRACON& Tower with Radar,30,7,14,0,51,0,0,25,0,25,30,7,39,0,76,6,0,6,82
09/25/2006,GTF,MT,ANM,WE,Combined TRACON& Tower with Radar,27,15,8,3,53,0,4,23,0,27,27,19,31,3,80,12,0,12,92
09/26/2006,GTF,MT,ANM,WE,Combined TRACON& Tower with Radar,32,31,21,0,84,0,6,19,0,25,32,37,40,0,109,10,0,10,119
09/27/2006,GTF,MT,ANM,WE,Combined TRACON& Tower with Radar,28,26,23,4,81,0,3,37,1,41,28,29,60,5,122,28,0,28,150
09/28/2006,GTF,MT,ANM,WE,Combined TRACON& Tower with Radar,30,27,18,18,93,0,0,26,0,26,30,27,44,18,119,0,0,0,119
09/29/2006,GTF,MT,ANM,WE,Combined TRACON& Tower with Radar,34,28,11,1,74,0,1,31,0,32,34,29,42,1,106,40,0,40,146
09/30/2006,GTF,MT,ANM,WE,Combined TRACON& Tower with Radar,28,19,4,0,51,0,2,37,0,39,28,21,41,0,90,28,0,28,118
10/01/2006,GTF,MT,ANM,WE,Combined TRACON& Tower with Radar,30,2,7,2,41,0,3,25,0,28,30,5,32,2,69,14,0,14,83
10/02/2006,GTF,MT,ANM,WE,Combined TRACON& Tower with Radar,27,24,6,0,57,0,0,34,0,34,27,24,40,0,91,28,0,28,119
10/03/2006,GTF,MT,ANM,WE,Combined TRACON& Tower with Radar,30,32,14,2,78,0,4,25,1,30,30,36,39,3,108,52,0,52,160
10/04/2006,GTF,MT,ANM,WE,Combined TRACON& Tower with Radar,32,29,16,0,77,0,2,44,0,46,32,31,60,0,123,50,0,50,173
10/05/2006,GTF,MT,ANM,WE,Combined TRACON& Tower with Radar,29,23,23,2,77,0,8,42,3,53,29,31,65,5,130,50,0,50,180
10/06/2006,GTF,MT,ANM,WE,Combined TRACON& Tower with Radar,33,30,13,1,77,0,2,27,1,30,33,32,40,2,107,30,0,30,137
10/07/2006,GTF,MT,ANM,WE,Combined TRACON& Tower with Radar,30,21,8,0,59,0,0,8,0,8,30,21,16,0,67,6,0,6,73
10/08/2006,GTF,MT,ANM,WE,Combined TRACON& Tower with Radar,29,1,7,0,37,0,0,14,0,14,29,1,21,0,51,0,0,0,51
10/09/2006,GTF,MT,ANM,WE,Combined TRACON& Tower with Radar,27,30,10,0,67,0,7,18,0,25,27,37,28,0,92,22,0,22,114
10/10/2006,GTF,MT,ANM,WE,Combined TRACON& Tower with Radar,29,29,22,1,81,0,5,16,1,22,29,34,38,2,103,8,0,8,111
10/11/2006,GTF,MT,ANM,WE,Combined TRACON& Tower with Radar,31,25,16,4,76,0,0,10,1,11,31,25,26,5,87,20,0,20,107
10/12/2006,GTF,MT,ANM,WE,Combined TRACON& Tower with Radar,31,24,21,5,81,0,0,41,4,45,31,24,62,9,126,44,6,50,176
10/13/2006,GTF,MT,ANM,WE,Combined TRACON& Tower with Radar,31,28,8,3,70,0,2,29,0,31,31,30,37,3,101,26,0,26,127
10/14/2006,GTF,MT,ANM,WE,Combined TRACON& Tower with Radar,26,16,15,3,60,0,2,49,4,55,26,18,64,7,115,30,2,32,147
10/15/2006,GTF,MT,ANM,WE,Combined TRACON& Tower with Radar,32,2,11,1,46,0,2,19,0,21,32,4,30,1,67,18,0,18,85
10/16/2006,GTF,MT,ANM,WE,Combined TRACON& Tower with Radar,27,17,7,0,51,0,0,0,0,0,27,17,7,0,51,0,0,0,51
10/17/2006,GTF,MT,ANM,WE,Combined TRACON& Tower with Radar,32,33,32,2,99,0,0,0,0,0,32,33,32,2,99,6,0,6,105
10/18/2006,GTF,MT,ANM,WE,Combined TRACON& Tower with Radar,31,25,30,5,91,0,0,18,2,20,31,25,48,7,111,48,0,48,159
10/19/2006,GTF,MT,ANM,WE,Combined TRACON& Tower with Radar,32,78,34,15,159,0,3,28,2,33,32,81,62,17,192,124,20,144,336
10/20/2006,GTF,MT,ANM,WE,Combined TRACON& Tower with Radar,32,30,21,0,83,0,2,20,0,22,32,32,41,0,105,0,0,0,105
10/21/2006,GTF,MT,ANM,WE,Combined TRACON& Tower with Radar,27,13,6,0,46,0,0,7,0,7,27,13,13,0,53,0,0,0,53
10/22/2006,GTF,MT,ANM,WE,Combined TRACON& Tower with Radar,29,2,11,2,44,0,0,21,2,23,29,2,32,4,67,28,0,28,95
10/23/2006,GTF,MT,ANM,WE,Combined TRACON& Tower with Radar,30,39,20,10,99,0,3,23,0,26,30,42,43,10,125,28,0,28,153
10/24/2006,GTF,MT,ANM,WE,Combined TRACON& Tower with Radar,30,67,22,10,129,0,2,32,0,34,30,69,54,10,163,40,12,52,215
10/25/2006,GTF,MT,ANM,WE,Combined TRACON& Tower with Radar,30,27,28,16,101,0,0,18,3,21,30,27,46,19,122,29,8,37,159
10/26/2006,GTF,MT,ANM,WE,Combined TRACON& Tower with Radar,29,29,26,18,102,0,1,24,0,25,29,30,50,18,127,28,0,28,155
10/27/2006,GTF,MT,ANM,WE,Combined TRACON& Tower with Radar,35,24,13,17,89,0,3,32,7,42,35,27,45,24,131,18,12,30,161
10/28/2006,GTF,MT,ANM,WE,Combined TRACON& Tower with Radar,31,14,9,6,60,0,4,14,8,26,31,18,23,14,86,0,12,12,98
10/29/2006,GTF,MT,ANM,WE,Combined TRACON& Tower with Radar,32,3,7,7,49,0,0,10,0,10,32,3,17,7,59,28,0,28,87
10/30/2006,GTF,MT,ANM,WE,Combined TRACON& Tower with Radar,27,21,14,4,66,0,1,8,1,10,27,22,22,5,76,6,0,6,82
10/31/2006,GTF,MT,ANM,WE,Combined TRACON& Tower with Radar,31,29,24,22,106,0,1,20,15,36,31,30,44,37,142,42,12,54,196
11/01/2006,GTF,MT,ANM,WE,Combined TRACON& Tower with Radar,32,27,13,29,101,0,0,31,12,43,32,27,44,41,144,16,16,32,176
11/02/2006,GTF,MT,ANM,WE,Combined TRACON& Tower with Radar,37,24,35,21,117,0,6,14,9,29,37,30,49,30,146,26,0,26,172
11/03/2006,GTF,MT,ANM,WE,Combined TRACON& Tower with Radar,33,30,16,8,87,0,2,8,6,16,33,32,24,14,103,28,20,48,151
11/04/2006,GTF,MT,ANM,WE,Combined TRACON& Tower with Radar,31,14,16,1,62,0,1,15,0,16,31,15,31,1,78,42,0,42,120
11/05/2006,GTF,MT,ANM,WE,Combined TRACON& Tower with Radar,30,4,6,5,45,0,0,8,21,29,30,4,14,26,74,22,20,42,116
11/06/2006,GTF,MT,ANM,WE,Combined TRACON& Tower with Radar,26,21,9,19,75,0,0,7,0,7,26,21,16,19,82,8,0,8,90
11/07/2006,GTF,MT,ANM,WE,Combined TRACON& Tower with Radar,33,28,14,6,81,0,1,1,4,6,33,29,15,10,87,0,0,0,87
11/08/2006,GTF,MT,ANM,WE,Combined TRACON& Tower with Radar,31,26,7,26,90,0,3,13,0,16,31,29,20,26,106,14,0,14,120
11/09/2006,GTF,MT,ANM,WE,Combined TRACON& Tower with Radar,27,34,20,1,82,0,2,17,1,20,27,36,37,2,102,0,14,14,116
11/10/2006,GTF,MT,ANM,WE,Combined TRACON& Tower with Radar,37,33,4,8,82,0,2,32,0,34,37,35,36,8,116,70,0,70,186
11/11/2006,GTF,MT,ANM,WE,Combined TRACON& Tower with Radar,28,17,5,2,52,0,1,12,0,13,28,18,17,2,65,4,0,4,69
11/12/2006,GTF,MT,ANM,WE,Combined TRACON& Tower with Radar,31,3,17,0,51,0,0,6,0,6,31,3,23,0,57,0,0,0,57
11/13/2006,GTF,MT,ANM,WE,Combined TRACON& Tower with Radar,27,20,8,3,58,0,0,1,0,1,27,20,9,3,59,0,0,0,59
11/14/2006,GTF,MT,ANM,WE,Combined TRACON& Tower with Radar,31,39,23,2,95,0,2,7,3,12,31,41,30,5,107,0,0,0,107
11/15/2006,GTF,MT,ANM,WE,Combined TRACON& Tower with Radar,29,31,21,4,85,0,5,9,3,17,29,36,30,7,102,16,0,16,118
11/16/2006,GTF,MT,ANM,WE,Combined TRACON& Tower with Radar,30,34,10,3,77,0,3,9,4,16,30,37,19,7,93,42,6,48,141
11/17/2006,GTF,MT,ANM,WE,Combined TRACON& Tower with Radar,30,28,10,9,77,0,0,34,18,52,30,28,44,27,129,24,18,42,171
11/18/2006,GTF,MT,ANM,WE,Combined TRACON& Tower with Radar,28,16,7,8,59,0,2,31,5,38,28,18,38,13,97,32,10,42,139
11/19/2006,GTF,MT,ANM,WE,Combined TRACON& Tower with Radar,30,4,9,8,51,0,1,24,0,25,30,5,33,8,76,18,8,26,102
11/20/2006,GTF,MT,ANM,WE,Combined TRACON& Tower with Radar,30,22,5,19,76,0,2,14,8,24,30,24,19,27,100,20,30,50,150
11/21/2006,GTF,MT,ANM,WE,Combined TRACON& Tower with Radar,30,25,24,28,107,0,6,1,20,27,30,31,25,48,134,10,28,38,172
11/22/2006,GTF,MT,ANM,WE,Combined TRACON& Tower with Radar,32,32,14,12,90,0,2,16,0,18,32,34,30,12,108,38,18,56,164
11/23/2006,GTF,MT,ANM,WE,Combined TRACON& Tower with Radar,22,18,7,2,49,0,0,4,0,4,22,18,11,2,53,0,0,0,53
11/24/2006,GTF,MT,ANM,WE,Combined TRACON& Tower with Radar,29,28,6,0,63,0,0,1,0,1,29,28,7,0,64,0,0,0,64
11/25/2006,GTF,MT,ANM,WE,Combined TRACON& Tower with Radar,34,17,6,0,57,0,1,6,0,7,34,18,12,0,64,8,0,8,72
11/26/2006,GTF,MT,ANM,WE,Combined TRACON& Tower with Radar,28,6,16,0,50,0,0,0,0,0,28,6,16,0,50,0,0,0,50
11/27/2006,GTF,MT,ANM,WE,Combined TRACON& Tower with Radar,31,18,7,2,58,0,0,10,0,10,31,18,17,2,68,42,0,42,110
11/28/2006,GTF,MT,ANM,WE,Combined TRACON& Tower with Radar,32,38,10,21,101,0,1,9,10,20,32,39,19,31,121,0,10,10,131
11/29/2006,GTF,MT,ANM,WE,Combined TRACON& Tower with Radar,34,29,13,19,95,0,3,16,4,23,34,32,29,23,118,26,16,42,160
11/30/2006,GTF,MT,ANM,WE,Combined TRACON& Tower with Radar,28,29,22,21,100,0,0,13,7,20,28,29,35,28,120,16,14,30,150
12/01/2006,GTF,MT,ANM,WE,Combined TRACON& Tower with Radar,28,31,16,4,79,0,0,3,0,3,28,31,19,4,82,0,0,0,82
12/02/2006,GTF,MT,ANM,WE,Combined TRACON& Tower with Radar,27,17,6,22,72,0,3,14,2,19,27,20,20,24,91,0,2,2,93
12/03/2006,GTF,MT,ANM,WE,Combined TRACON& Tower with Radar,30,4,4,14,52,0,0,3,6,9,30,4,7,20,61,0,6,6,67
12/04/2006,GTF,MT,ANM,WE,Combined TRACON& Tower with Radar,23,20,8,15,66,0,0,15,4,19,23,20,23,19,85,50,4,54,139
12/05/2006,GTF,MT,ANM,WE,Combined TRACON& Tower with Radar,26,24,11,7,68,0,3,21,5,29,26,27,32,12,97,70,2,72,169
12/06/2006,GTF,MT,ANM,WE,Combined TRACON& Tower with Radar,24,25,15,7,71,0,0,10,0,10,24,25,25,7,81,22,0,22,103
12/07/2006,GTF,MT,ANM,WE,Combined TRACON& Tower with Radar,28,40,20,14,102,0,5,20,0,25,28,45,40,14,127,26,14,40,167
12/08/2006,GTF,MT,ANM,WE,Combined TRACON& Tower with Radar,28,28,21,2,79,0,9,20,2,31,28,37,41,4,110,84,2,86,196
12/09/2006,GTF,MT,ANM,WE,Combined TRACON& Tower with Radar,27,18,3,0,48,0,4,14,0,18,27,22,17,0,66,14,0,14,80
12/10/2006,GTF,MT,ANM,WE,Combined TRACON& Tower with Radar,27,5,7,0,39,0,2,27,0,29,27,7,34,0,68,28,0,28,96
12/11/2006,GTF,MT,ANM,WE,Combined TRACON& Tower with Radar,27,21,21,7,76,0,3,14,5,22,27,24,35,12,98,40,10,50,148
12/12/2006,GTF,MT,ANM,WE,Combined TRACON& Tower with Radar,25,32,16,17,90,0,0,0,3,3,25,32,16,20,93,0,0,0,93
12/13/2006,GTF,MT,ANM,WE,Combined TRACON& Tower with Radar,27,38,7,21,93,0,1,5,9,15,27,39,12,30,108,0,8,8,116
12/14/2006,GTF,MT,ANM,WE,Combined TRACON& Tower with Radar,28,31,13,18,90,0,2,9,4,15,28,33,22,22,105,0,42,42,147
12/15/2006,GTF,MT,ANM,WE,Combined TRACON& Tower with Radar,22,28,7,5,62,0,0,3,2,5,22,28,10,7,67,0,0,0,67
12/16/2006,GTF,MT,ANM,WE,Combined TRACON& Tower with Radar,25,24,5,24,78,0,0,25,0,25,25,24,30,24,103,38,0,38,141
12/17/2006,GTF,MT,ANM,WE,Combined TRACON& Tower with Radar,26,1,2,15,44,0,0,29,0,29,26,1,31,15,73,12,12,24,97
12/18/2006,GTF,MT,ANM,WE,Combined TRACON& Tower with Radar,24,21,12,15,72,0,1,17,3,21,24,22,29,18,93,32,8,40,133
12/19/2006,GTF,MT,ANM,WE,Combined TRACON& Tower with Radar,24,33,15,27,99,0,6,21,2,29,24,39,36,29,128,2,40,42,170
12/20/2006,GTF,MT,ANM,WE,Combined TRACON& Tower with Radar,27,34,9,26,96,0,3,16,5,24,27,37,25,31,120,0,52,52,172
12/21/2006,GTF,MT,ANM,WE,Combined TRACON& Tower with Radar,23,31,10,17,81,0,15,26,4,45,23,46,36,21,126,4,2,6,132
12/22/2006,GTF,MT,ANM,WE,Combined TRACON& Tower with Radar,25,37,17,1,80,0,10,28,0,38,25,47,45,1,118,32,2,34,152
12/23/2006,GTF,MT,ANM,WE,Combined TRACON& Tower with Radar,24,18,7,0,49,0,2,16,0,18,24,20,23,0,67,0,0,0,67
12/24/2006,GTF,MT,ANM,WE,Combined TRACON& Tower with Radar,26,2,1,0,29,0,0,17,0,17,26,2,18,0,46,18,0,18,64
12/25/2006,GTF,MT,ANM,WE,Combined TRACON& Tower with Radar,16,6,2,0,24,0,0,5,0,5,16,6,7,0,29,0,0,0,29
12/26/2006,GTF,MT,ANM,WE,Combined TRACON& Tower with Radar,25,22,12,3,62,0,1,11,0,12,25,23,23,3,74,32,0,32,106
12/27/2006,GTF,MT,ANM,WE,Combined TRACON& Tower with Radar,21,43,22,28,114,0,2,14,7,23,21,45,36,35,137,20,12,32,169
12/28/2006,GTF,MT,ANM,WE,Combined TRACON& Tower with Radar,25,31,7,4,67,0,0,0,0,0,25,31,7,4,67,0,0,0,67
12/29/2006,GTF,MT,ANM,WE,Combined TRACON& Tower with Radar,29,21,1,15,66,0,0,11,14,25,29,21,12,29,91,0,8,8,99
12/30/2006,GTF,MT,ANM,WE,Combined TRACON& Tower with Radar,25,8,14,0,47,0,0,0,0,0,25,8,14,0,47,0,0,0,47
12/31/2006,GTF,MT,ANM,WE,Combined TRACON& Tower with Radar,23,1,14,0,38,0,0,25,0,25,23,1,39,0,63,46,0,46,109
01/01/2007,GTF,MT,ANM,WE,Combined TRACON& Tower with Radar,20,2,4,0,26,0,0,9,0,9,20,2,13,0,35,2,0,2,37
01/02/2007,GTF,MT,ANM,WE,Combined TRACON& Tower with Radar,25,25,1,0,51,0,0,3,0,3,25,25,4,0,54,14,0,14,68
01/03/2007,GTF,MT,ANM,WE,Combined TRACON& Tower with Radar,28,20,14,10,72,0,0,8,5,13,28,20,22,15,85,8,18,26,111
01/04/2007,GTF,MT,ANM,WE,Combined TRACON& Tower with Radar,24,30,14,29,97,0,0,20,16,36,24,30,34,45,133,20,20,40,173
01/05/2007,GTF,MT,ANM,WE,Combined TRACON& Tower with Radar,25,18,10,17,70,0,6,23,0,29,25,24,33,17,99,4,0,4,103
01/06/2007,GTF,MT,ANM,WE,Combined TRACON& Tower with Radar,28,12,6,0,46,0,0,0,0,0,28,12,6,0,46,0,0,0,46
01/07/2007,GTF,MT,ANM,WE,Combined TRACON& Tower with Radar,25,5,10,8,48,0,0,0,0,0,25,5,10,8,48,0,0,0,48
01/08/2007,GTF,MT,ANM,WE,Combined TRACON& Tower with Radar,27,14,16,25,82,0,1,4,1,6,27,15,20,26,88,0,6,6,94
01/09/2007,GTF,MT,ANM,WE,Combined TRACON& Tower with Radar,28,27,10,22,87,0,0,26,0,26,28,27,36,22,113,7,0,7,120
01/10/2007,GTF,MT,ANM,WE,Combined TRACON& Tower with Radar,28,22,11,14,75,0,1,6,1,8,28,23,17,15,83,30,2,32,115
01/11/2007,GTF,MT,ANM,WE,Combined TRACON& Tower with Radar,30,24,16,24,94,0,0,0,0,0,30,24,16,24,94,12,0,12,106
01/12/2007,GTF,MT,ANM,WE,Combined TRACON& Tower with Radar,30,25,10,0,65,0,1,26,0,27,30,26,36,0,92,28,0,28,120
01/13/2007,GTF,MT,ANM,WE,Combined TRACON& Tower with Radar,25,15,6,0,46,0,0,22,0,22,25,15,28,0,68,14,0,14,82
01/14/2007,GTF,MT,ANM,WE,Combined TRACON& Tower with Radar,26,4,12,3,45,0,4,10,0,14,26,8,22,3,59,0,0,0,59
01/15/2007,GTF,MT,ANM,WE,Combined TRACON& Tower with Radar,24,15,5,1,45,0,2,9,0,11,24,17,14,1,56,6,0,6,62
01/16/2007,GTF,MT,ANM,WE,Combined TRACON& Tower with Radar,25,42,10,3,80,0,6,13,1,20,25,48,23,4,100,0,0,0,100
01/17/2007,GTF,MT,ANM,WE,Combined TRACON& Tower with Radar,29,37,28,24,118,0,3,11,1,15,29,40,39,25,133,0,8,8,141
01/18/2007,GTF,MT,ANM,WE,Combined TRACON& Tower with Radar,22,23,26,20,91,0,1,22,7,30,22,24,48,27,121,40,28,68,189
01/19/2007,GTF,MT,ANM,WE,Combined TRACON& Tower with Radar,26,20,18,20,84,0,0,14,17,31,26,20,32,37,115,22,18,40,155
01/20/2007,GTF,MT,ANM,WE,Combined TRACON& Tower with Radar,25,11,4,15,55,0,0,14,0,14,25,11,18,15,69,4,8,12,81
01/21/2007,GTF,MT,ANM,WE,Combined TRACON& Tower with Radar,25,6,3,21,55,0,4,20,14,38,25,10,23,35,93,10,14,24,117
01/22/2007,GTF,MT,ANM,WE,Combined TRACON& Tower with Radar,27,18,11,23,79,0,1,14,5,20,27,19,25,28,99,17,12,29,128
01/23/2007,GTF,MT,ANM,WE,Combined TRACON& Tower with Radar,30,29,14,21,94,0,0,23,4,27,30,29,37,25,121,12,12,24,145
01/24/2007,GTF,MT,ANM,WE,Combined TRACON& Tower with Radar,26,25,13,22,86,0,0,15,6,21,26,25,28,28,107,16,14,30,137
01/25/2007,GTF,MT,ANM,WE,Combined TRACON& Tower with Radar,28,34,9,13,84,0,0,8,0,8,28,34,17,13,92,0,0,0,92
01/26/2007,GTF,MT,ANM,WE,Combined TRACON& Tower with Radar,29,23,11,4,67,0,5,26,0,31,29,28,37,4,98,38,4,42,140
01/27/2007,GTF,MT,ANM,WE,Combined TRACON& Tower with Radar,21,25,9,2,57,0,1,26,0,27,21,26,35,2,84,32,0,32,116
01/28/2007,GTF,MT,ANM,WE,Combined TRACON& Tower with Radar,27,9,11,0,47,0,0,21,0,21,27,9,32,0,68,0,0,0,68
01/29/2007,GTF,MT,ANM,WE,Combined TRACON& Tower with Radar,26,24,10,3,63,0,11,30,0,41,26,35,40,3,104,38,0,38,142
01/30/2007,GTF,MT,ANM,WE,Combined TRACON& Tower with Radar,26,32,10,13,81,0,0,3,0,3,26,32,13,13,84,0,0,0,84
01/31/2007,GTF,MT,ANM,WE,Combined TRACON& Tower with Radar,29,34,8,23,94,0,3,17,5,25,29,37,25,28,119,16,4,20,139
02/01/2007,GTF,MT,ANM,WE,Combined TRACON& Tower with Radar,23,20,10,12,65,0,2,7,0,9,23,22,17,12,74,0,0,0,74
02/02/2007,GTF,MT,ANM,WE,Combined TRACON& Tower with Radar,26,27,16,8,77,0,0,6,0,6,26,27,22,8,83,0,0,0,83
02/03/2007,GTF,MT,ANM,WE,Combined TRACON& Tower with Radar,28,20,9,0,57,2,0,17,0,19,30,20,26,0,76,18,0,18,94
02/04/2007,GTF,MT,ANM,WE,Combined TRACON& Tower with Radar,26,5,15,0,46,0,0,25,0,25,26,5,40,0,71,54,0,54,125
02/05/2007,GTF,MT,ANM,WE,Combined TRACON& Tower with Radar,28,18,14,2,62,0,0,26,1,27,28,18,40,3,89,48,0,48,137
02/06/2007,GTF,MT,ANM,WE,Combined TRACON& Tower with Radar,21,23,3,16,63,0,1,4,0,5,21,24,7,16,68,0,0,0,68
02/07/2007,GTF,MT,ANM,WE,Combined TRACON& Tower with Radar,28,22,11,0,61,0,0,0,0,0,28,22,11,0,61,0,0,0,61
02/08/2007,GTF,MT,ANM,WE,Combined TRACON& Tower with Radar,29,22,8,0,59,0,0,0,0,0,29,22,8,0,59,0,0,0,59
02/09/2007,GTF,MT,ANM,WE,Combined TRACON& Tower with Radar,27,25,4,0,56,0,0,2,2,4,27,25,6,2,60,0,0,0,60
02/10/2007,GTF,MT,ANM,WE,Combined TRACON& Tower with Radar,25,18,11,17,71,0,0,27,12,39,25,18,38,29,110,0,14,14,124
02/11/2007,GTF,MT,ANM,WE,Combined TRACON& Tower with Radar,24,10,5,11,50,0,2,3,0,5,24,12,8,11,55,0,0,0,55
02/12/2007,GTF,MT,ANM,WE,Combined TRACON& Tower with Radar,38,15,3,3,59,0,0,0,0,0,38,15,3,3,59,0,0,0,59
02/13/2007,GTF,MT,ANM,WE,Combined TRACON& Tower with Radar,27,26,14,13,80,0,4,6,6,16,27,30,20,19,96,0,0,0,96
02/14/2007,GTF,MT,ANM,WE,Combined TRACON& Tower with Radar,29,40,22,30,121,0,2,12,4,18,29,42,34,34,139,16,2,18,157
02/15/2007,GTF,MT,ANM,WE,Combined TRACON& Tower with Radar,27,38,16,21,102,0,2,12,7,21,27,40,28,28,123,10,24,34,157
02/16/2007,GTF,MT,ANM,WE,Combined TRACON& Tower with Radar,37,21,7,0,65,0,4,7,0,11,37,25,14,0,76,0,0,0,76
02/17/2007,GTF,MT,ANM,WE,Combined TRACON& Tower with Radar,26,12,13,0,51,0,2,24,0,26,26,14,37,0,77,24,0,24,101
02/18/2007,GTF,MT,ANM,WE,Combined TRACON& Tower with Radar,29,4,20,0,53,0,2,10,0,12,29,6,30,0,65,11,0,11,76
02/19/2007,GTF,MT,ANM,WE,Combined TRACON& Tower with Radar,31,16,9,0,56,0,11,19,0,30,31,27,28,0,86,46,0,46,132
02/20/2007,GTF,MT,ANM,WE,Combined TRACON& Tower with Radar,29,29,13,25,96,0,7,6,2,15,29,36,19,27,111,18,0,18,129
02/21/2007,GTF,MT,ANM,WE,Combined TRACON& Tower with Radar,28,31,10,21,90,0,3,14,4,21,28,34,24,25,111,32,34,66,177
02/22/2007,GTF,MT,ANM,WE,Combined TRACON& Tower with Radar,32,22,12,23,89,0,4,10,2,16,32,26,22,25,105,54,2,56,161
02/23/2007,GTF,MT,ANM,WE,Combined TRACON& Tower with Radar,30,22,7,15,74,0,3,5,1,9,30,25,12,16,83,32,2,34,117
02/24/2007,GTF,MT,ANM,WE,Combined TRACON& Tower with Radar,26,14,13,9,62,0,3,33,11,47,26,17,46,20,109,28,6,34,143
02/25/2007,GTF,MT,ANM,WE,Combined TRACON& Tower with Radar,30,15,3,15,63,0,0,16,24,40,30,15,19,39,103,24,24,48,151
02/26/2007,GTF,MT,ANM,WE,Combined TRACON& Tower with Radar,27,17,18,0,62,0,0,0,0,0,27,17,18,0,62,0,0,0,62
02/27/2007,GTF,MT,ANM,WE,Combined TRACON& Tower with Radar,25,8,1,0,34,0,0,0,0,0,25,8,1,0,34,0,0,0,34
02/28/2007,GTF,MT,ANM,WE,Combined TRACON& Tower with Radar,20,22,7,20,69,0,5,11,4,20,20,27,18,24,89,0,16,16,105
03/01/2007,GTF,MT,ANM,WE,Combined TRACON& Tower with Radar,24,38,2,23,87,0,0,5,10,15,24,38,7,33,102,20,20,40,142
03/02/2007,GTF,MT,ANM,WE,Combined TRACON& Tower with Radar,30,30,11,8,79,0,0,21,3,24,30,30,32,11,103,6,2,8,111
03/03/2007,GTF,MT,ANM,WE,Combined TRACON& Tower with Radar,27,13,4,10,54,0,0,19,1,20,27,13,23,11,74,24,0,24,98
03/04/2007,GTF,MT,ANM,WE,Combined TRACON& Tower with Radar,29,6,0,12,47,0,0,12,0,12,29,6,12,12,59,12,0,12,71
03/05/2007,GTF,MT,ANM,WE,Combined TRACON& Tower with Radar,27,27,17,3,74,0,0,16,0,16,27,27,33,3,90,24,0,24,114
03/06/2007,GTF,MT,ANM,WE,Combined TRACON& Tower with Radar,27,22,24,15,88,0,0,23,0,23,27,22,47,15,111,28,2,30,141
03/07/2007,GTF,MT,ANM,WE,Combined TRACON& Tower with Radar,28,31,15,27,101,0,10,53,0,63,28,41,68,27,164,82,6,88,252
03/08/2007,GTF,MT,ANM,WE,Combined TRACON& Tower with Radar,33,29,17,36,115,0,10,12,1,23,33,39,29,37,138,60,2,62,200
03/09/2007,GTF,MT,ANM,WE,Combined TRACON& Tower with Radar,34,24,8,11,77,0,4,26,0,30,34,28,34,11,107,20,8,28,135
03/10/2007,GTF,MT,ANM,WE,Combined TRACON& Tower with Radar,27,11,7,1,46,0,1,29,0,30,27,12,36,1,76,28,0,28,104
03/11/2007,GTF,MT,ANM,WE,Combined TRACON& Tower with Radar,30,6,6,1,43,0,0,6,2,8,30,6,12,3,51,0,0,0,51
03/12/2007,GTF,MT,ANM,WE,Combined TRACON& Tower with Radar,28,15,6,4,53,0,2,3,1,6,28,17,9,5,59,6,4,10,69
03/13/2007,GTF,MT,ANM,WE,Combined TRACON& Tower with Radar,32,30,9,25,96,0,3,26,5,34,32,33,35,30,130,34,22,56,186
03/14/2007,GTF,MT,ANM,WE,Combined TRACON& Tower with Radar,32,30,32,22,116,0,11,22,2,35,32,41,54,24,151,42,4,46,197
03/15/2007,GTF,MT,ANM,WE,Combined TRACON& Tower with Radar,28,25,18,29,100,0,2,49,19,70,28,27,67,48,170,64,34,98,268
03/16/2007,GTF,MT,ANM,WE,Combined TRACON& Tower with Radar,31,21,16,24,92,0,1,23,12,36,31,22,39,36,128,32,14,46,174
03/17/2007,GTF,MT,ANM,WE,Combined TRACON& Tower with Radar,24,26,6,9,65,0,2,26,18,46,24,28,32,27,111,46,16,62,173
03/18/2007,GTF,MT,ANM,WE,Combined TRACON& Tower with Radar,30,17,12,14,73,0,0,16,0,16,30,17,28,14,89,58,0,58,147
03/19/2007,GTF,MT,ANM,WE,Combined TRACON& Tower with Radar,26,22,7,0,55,0,0,23,0,23,26,22,30,0,78,32,0,32,110
03/20/2007,GTF,MT,ANM,WE,Combined TRACON& Tower with Radar,26,23,16,25,90,0,2,25,1,28,26,25,41,26,118,14,8,22,140
03/21/2007,GTF,MT,ANM,WE,Combined TRACON& Tower with Radar,31,23,10,28,92,0,3,13,6,22,31,26,23,34,114,8,6,14,128
03/22/2007,GTF,MT,ANM,WE,Combined TRACON& Tower with Radar,29,19,14,33,95,0,1,8,9,18,29,20,22,42,113,0,20,20,133
03/23/2007,GTF,MT,ANM,WE,Combined TRACON& Tower with Radar,32,24,11,25,92,0,6,36,0,42,32,30,47,25,134,34,0,34,168
03/24/2007,GTF,MT,ANM,WE,Combined TRACON& Tower with Radar,29,11,6,6,52,0,0,32,2,34,29,11,38,8,86,4,0,4,90
03/25/2007,GTF,MT,ANM,WE,Combined TRACON& Tower with Radar,31,4,2,0,37,0,1,12,0,13,31,5,14,0,50,0,0,0,50
03/26/2007,GTF,MT,ANM,WE,Combined TRACON& Tower with Radar,26,15,8,6,55,0,0,22,2,24,26,15,30,8,79,8,0,8,87
03/27/2007,GTF,MT,ANM,WE,Combined TRACON& Tower with Radar,29,22,9,33,93,0,0,8,2,10,29,22,17,35,103,0,0,0,103
03/28/2007,GTF,MT,ANM,WE,Combined TRACON& Tower with Radar,36,29,21,11,97,0,2,2,2,6,36,31,23,13,103,0,0,0,103
03/29/2007,GTF,MT,ANM,WE,Combined TRACON& Tower with Radar,36,31,11,56,134,0,6,34,8,48,36,37,45,64,182,22,86,108,290
03/31/2007,GTF,MT,ANM,WE,Combined TRACON& Tower with Radar,27,16,6,23,72,0,1,35,8,44,27,17,41,31,116,26,8,34,150
04/01/2007,GTF,MT,ANM,WE,Combined TRACON& Tower with Radar,25,10,15,8,58,0,0,1,0,1,25,10,16,8,59,0,0,0,59
04/02/2007,GTF,MT,ANM,WE,Combined TRACON& Tower with Radar,27,13,5,0,45,0,0,0,0,0,27,13,5,0,45,0,0,0,45
04/03/2007,GTF,MT,ANM,WE,Combined TRACON& Tower with Radar,27,19,14,25,85,0,0,12,5,17,27,19,26,30,102,26,6,32,134
04/04/2007,GTF,MT,ANM,WE,Combined TRACON& Tower with Radar,33,20,10,25,88,0,0,0,5,5,33,20,10,30,93,0,16,16,109
04/05/2007,GTF,MT,ANM,WE,Combined TRACON& Tower with Radar,31,28,19,18,96,0,0,2,2,4,31,28,21,20,100,0,2,2,102
04/06/2007,GTF,MT,ANM,WE,Combined TRACON& Tower with Radar,35,27,18,18,98,0,0,3,7,10,35,27,21,25,108,0,78,78,186
04/07/2007,GTF,MT,ANM,WE,Combined TRACON& Tower with Radar,27,12,3,0,42,0,0,47,0,47,27,12,50,0,89,0,0,0,89
04/08/2007,GTF,MT,ANM,WE,Combined TRACON& Tower with Radar,28,6,1,0,35,0,0,22,0,22,28,6,23,0,57,24,0,24,81
04/09/2007,GTF,MT,ANM,WE,Combined TRACON& Tower with Radar,28,17,6,1,52,0,9,16,1,26,28,26,22,2,78,24,0,24,102
04/10/2007,GTF,MT,ANM,WE,Combined TRACON& Tower with Radar,29,22,15,7,73,0,0,6,0,6,29,22,21,7,79,12,0,12,91
04/11/2007,GTF,MT,ANM,WE,Combined TRACON& Tower with Radar,32,26,18,25,101,0,0,14,0,14,32,26,32,25,115,0,0,0,115
04/12/2007,GTF,MT,ANM,WE,Combined TRACON& Tower with Radar,33,21,15,16,85,0,4,22,0,26,33,25,37,16,111,14,82,96,207
04/14/2007,GTF,MT,ANM,WE,Combined TRACON& Tower with Radar,29,12,6,0,47,0,1,35,0,36,29,13,41,0,83,46,0,46,129
04/15/2007,GTF,MT,ANM,WE,Combined TRACON& Tower with Radar,30,2,10,6,48,0,3,2,2,7,30,5,12,8,55,0,4,4,59
04/16/2007,GTF,MT,ANM,WE,Combined TRACON& Tower with Radar,32,21,19,0,72,0,2,24,0,26,32,23,43,0,98,36,0,36,134
04/17/2007,GTF,MT,ANM,WE,Combined TRACON& Tower with Radar,30,19,17,33,99,0,4,23,1,28,30,23,40,34,127,68,0,68,195
04/18/2007,GTF,MT,ANM,WE,Combined TRACON& Tower with Radar,27,29,12,13,81,0,0,0,0,0,27,29,12,13,81,0,0,0,81
04/19/2007,GTF,MT,ANM,WE,Combined TRACON& Tower with Radar,28,23,4,8,63,0,0,0,0,0,28,23,4,8,63,0,0,0,63
04/20/2007,GTF,MT,ANM,WE,Combined TRACON& Tower with Radar,32,18,11,25,86,0,10,37,14,61,32,28,48,39,147,92,12,104,251
04/21/2007,GTF,MT,ANM,WE,Combined TRACON& Tower with Radar,26,12,5,0,43,0,1,29,0,30,26,13,34,0,73,4,0,4,77
04/23/2007,GTF,MT,ANM,WE,Combined TRACON& Tower with Radar,28,16,17,1,62,0,0,29,1,30,28,16,46,2,92,42,44,86,178
04/24/2007,GTF,MT,ANM,WE,Combined TRACON& Tower with Radar,29,22,16,26,93,0,0,38,1,39,29,22,54,27,132,20,0,20,152
04/25/2007,GTF,MT,ANM,WE,Combined TRACON& Tower with Radar,24,19,20,31,94,0,2,16,4,22,24,21,36,35,116,16,22,38,154
04/26/2007,GTF,MT,ANM,WE,Combined TRACON& Tower with Radar,35,24,17,37,113,0,5,30,14,49,35,29,47,51,162,24,38,62,224
04/27/2007,GTF,MT,ANM,WE,Combined TRACON& Tower with Radar,30,15,6,25,76,0,14,27,13,54,30,29,33,38,130,0,12,12,142
04/28/2007,GTF,MT,ANM,WE,Combined TRACON& Tower with Radar,27,8,10,0,45,2,7,21,0,30,29,15,31,0,75,0,0,0,75
04/29/2007,GTF,MT,ANM,WE,Combined TRACON& Tower with Radar,30,2,14,0,46,0,0,24,0,24,30,2,38,0,70,24,0,24,94
04/30/2007,GTF,MT,ANM,WE,Combined TRACON& Tower with Radar,28,20,8,0,56,0,3,48,0,51,28,23,56,0,107,98,0,98,205
05/01/2007,GTF,MT,ANM,WE,Combined TRACON& Tower with Radar,28,20,10,32,90,0,10,57,3,70,28,30,67,35,160,106,20,126,286
05/02/2007,GTF,MT,ANM,WE,Combined TRACON& Tower with Radar,28,28,14,27,97,0,1,32,1,34,28,29,46,28,131,46,0,46,177
05/03/2007,GTF,MT,ANM,WE,Combined TRACON& Tower with Radar,30,28,18,10,86,0,0,2,0,2,30,28,20,10,88,0,0,0,88
05/04/2007,GTF,MT,ANM,WE,Combined TRACON& Tower with Radar,31,22,7,33,93,0,11,22,5,38,31,33,29,38,131,8,4,12,143
05/05/2007,GTF,MT,ANM,WE,Combined TRACON& Tower with Radar,30,13,27,18,88,0,3,59,4,66,30,16,86,22,154,50,9,59,213
05/06/2007,GTF,MT,ANM,WE,Combined TRACON& Tower with Radar,31,1,5,17,54,0,2,23,16,41,31,3,28,33,95,18,10,28,123
05/07/2007,GTF,MT,ANM,WE,Combined TRACON& Tower with Radar,31,13,7,10,61,0,2,22,16,40,31,15,29,26,101,2,48,50,151
05/08/2007,GTF,MT,ANM,WE,Combined TRACON& Tower with Radar,31,17,7,24,79,0,6,23,4,33,31,23,30,28,112,4,56,60,172
05/09/2007,GTF,MT,ANM,WE,Combined TRACON& Tower with Radar,37,15,14,17,83,0,5,30,2,37,37,20,44,19,120,4,6,10,130
05/10/2007,GTF,MT,ANM,WE,Combined TRACON& Tower with Radar,33,12,7,18,70,0,8,22,12,42,33,20,29,30,112,20,0,20,132
05/11/2007,GTF,MT,ANM,WE,Combined TRACON& Tower with Radar,33,17,7,6,63,0,6,59,0,65,33,23,66,6,128,28,0,28,156
05/12/2007,GTF,MT,ANM,WE,Combined TRACON& Tower with Radar,27,9,5,0,41,0,1,45,0,46,27,10,50,0,87,6,0,6,93
05/13/2007,GTF,MT,ANM,WE,Combined TRACON& Tower with Radar,31,4,8,0,43,0,0,11,0,11,31,4,19,0,54,0,0,0,54
05/14/2007,GTF,MT,ANM,WE,Combined TRACON& Tower with Radar,35,15,11,0,61,25,0,37,0,62,60,15,48,0,123,84,0,84,207
05/15/2007,GTF,MT,ANM,WE,Combined TRACON& Tower with Radar,39,16,13,19,87,8,5,51,5,69,47,21,64,24,156,40,0,40,196
05/16/2007,GTF,MT,ANM,WE,Combined TRACON& Tower with Radar,28,17,11,16,72,0,10,34,2,46,28,27,45,18,118,0,24,24,142
05/17/2007,GTF,MT,ANM,WE,Combined TRACON& Tower with Radar,28,22,12,24,86,0,5,30,2,37,28,27,42,26,123,14,8,22,145
05/18/2007,GTF,MT,ANM,WE,Combined TRACON& Tower with Radar,34,16,7,21,78,0,3,29,42,74,34,19,36,63,152,24,6,30,182
05/19/2007,GTF,MT,ANM,WE,Combined TRACON& Tower with Radar,30,12,8,4,54,0,2,24,8,34,30,14,32,12,88,10,6,16,104
05/20/2007,GTF,MT,ANM,WE,Combined TRACON& Tower with Radar,31,11,4,2,48,0,0,16,6,22,31,11,20,8,70,12,4,16,86
05/21/2007,GTF,MT,ANM,WE,Combined TRACON& Tower with Radar,29,17,13,10,69,0,1,16,2,19,29,18,29,12,88,22,2,24,112
05/22/2007,GTF,MT,ANM,WE,Combined TRACON& Tower with Radar,30,25,12,1,68,0,1,0,1,2,30,26,12,2,70,0,0,0,70
05/23/2007,GTF,MT,ANM,WE,Combined TRACON& Tower with Radar,33,17,7,38,95,0,4,21,2,27,33,21,28,40,122,24,28,52,174
05/24/2007,GTF,MT,ANM,WE,Combined TRACON& Tower with Radar,36,17,10,18,81,0,11,43,1,55,36,28,53,19,136,19,4,23,159
05/25/2007,GTF,MT,ANM,WE,Combined TRACON& Tower with Radar,33,19,17,0,69,0,1,7,0,8,33,20,24,0,77,10,0,10,87
05/26/2007,GTF,MT,ANM,WE,Combined TRACON& Tower with Radar,27,14,10,2,53,0,3,47,0,50,27,17,57,2,103,6,0,6,109
05/27/2007,GTF,MT,ANM,WE,Combined TRACON& Tower with Radar,26,5,10,0,41,0,0,12,0,12,26,5,22,0,53,0,0,0,53
05/28/2007,GTF,MT,ANM,WE,Combined TRACON& Tower with Radar,25,5,10,4,44,0,1,11,0,12,25,6,21,4,56,0,0,0,56
05/29/2007,GTF,MT,ANM,WE,Combined TRACON& Tower with Radar,25,17,12,21,75,0,2,3,4,9,25,19,15,25,84,33,2,35,119
05/30/2007,GTF,MT,ANM,WE,Combined TRACON& Tower with Radar,29,30,12,38,109,0,8,40,20,68,29,38,52,58,177,48,42,90,267
05/31/2007,GTF,MT,ANM,WE,Combined TRACON& Tower with Radar,26,21,7,34,88,0,4,29,0,33,26,25,36,34,121,11,32,43,164
06/01/2007,GTF,MT,ANM,WE,Combined TRACON& Tower with Radar,32,22,2,23,79,0,7,31,22,60,32,29,33,45,139,70,22,92,231
06/02/2007,GTF,MT,ANM,WE,Combined TRACON& Tower with Radar,31,13,11,0,55,2,2,42,0,46,33,15,53,0,101,29,0,29,130
06/03/2007,GTF,MT,ANM,WE,Combined TRACON& Tower with Radar,30,3,13,4,50,0,0,20,0,20,30,3,33,4,70,2,0,2,72
06/04/2007,GTF,MT,ANM,WE,Combined TRACON& Tower with Radar,30,23,7,6,66,0,6,32,10,48,30,29,39,16,114,130,58,188,302
06/05/2007,GTF,MT,ANM,WE,Combined TRACON& Tower with Radar,27,17,14,28,86,0,4,20,2,26,27,21,34,30,112,40,40,80,192
06/06/2007,GTF,MT,ANM,WE,Combined TRACON& Tower with Radar,24,25,11,23,83,0,1,11,3,15,24,26,22,26,98,22,0,22,120
06/08/2007,GTF,MT,ANM,WE,Combined TRACON& Tower with Radar,32,16,15,44,107,0,7,34,22,63,32,23,49,66,170,16,16,32,202
06/09/2007,GTF,MT,ANM,WE,Combined TRACON& Tower with Radar,29,14,16,7,66,0,2,55,7,64,29,16,71,14,130,16,4,20,150
06/10/2007,GTF,MT,ANM,WE,Combined TRACON& Tower with Radar,25,3,12,15,55,0,0,19,2,21,25,3,31,17,76,12,0,12,88
06/11/2007,GTF,MT,ANM,WE,Combined TRACON& Tower with Radar,29,17,4,3,53,0,0,22,0,22,29,17,26,3,75,8,0,8,83
06/12/2007,GTF,MT,ANM,WE,Combined TRACON& Tower with Radar,24,34,9,24,91,0,3,29,5,37,24,37,38,29,128,4,20,24,152
06/13/2007,GTF,MT,ANM,WE,Combined TRACON& Tower with Radar,24,18,15,17,74,0,6,34,3,43,24,24,49,20,117,4,16,20,137
06/14/2007,GTF,MT,ANM,WE,Combined TRACON& Tower with Radar,30,18,25,30,103,0,13,44,1,58,30,31,69,31,161,52,0,52,213
06/15/2007,GTF,MT,ANM,WE,Combined TRACON& Tower with Radar,31,22,17,10,80,0,1,33,20,54,31,23,50,30,134,30,16,46,180
06/16/2007,GTF,MT,ANM,WE,Combined TRACON& Tower with Radar,28,19,9,2,58,0,1,27,2,30,28,20,36,4,88,8,0,8,96
06/17/2007,GTF,MT,ANM,WE,Combined TRACON& Tower with Radar,25,6,17,0,48,0,0,5,0,5,25,6,22,0,53,0,0,0,53
06/18/2007,GTF,MT,ANM,WE,Combined TRACON& Tower with Radar,29,13,7,4,53,0,0,22,0,22,29,13,29,4,75,8,0,8,83
06/19/2007,GTF,MT,ANM,WE,Combined TRACON& Tower with Radar,27,22,5,25,79,0,1,42,3,46,27,23,47,28,125,64,22,86,211
06/20/2007,GTF,MT,ANM,WE,Combined TRACON& Tower with Radar,28,19,19,22,88,0,3,36,3,42,28,22,55,25,130,20,10,30,160
06/21/2007,GTF,MT,ANM,WE,Combined TRACON& Tower with Radar,32,22,19,25,98,0,1,38,10,49,32,23,57,35,147,14,4,18,165
06/22/2007,GTF,MT,ANM,WE,Combined TRACON& Tower with Radar,29,18,17,26,90,0,3,22,10,35,29,21,39,36,125,16,6,22,147
06/23/2007,GTF,MT,ANM,WE,Combined TRACON& Tower with Radar,28,12,17,0,57,0,0,60,0,60,28,12,77,0,117,18,0,18,135
06/24/2007,GTF,MT,ANM,WE,Combined TRACON& Tower with Radar,24,0,12,0,36,0,0,38,0,38,24,0,50,0,74,0,0,0,74
06/25/2007,GTF,MT,ANM,WE,Combined TRACON& Tower with Radar,28,17,11,5,61,0,2,18,8,28,28,19,29,13,89,4,58,62,151
06/26/2007,GTF,MT,ANM,WE,Combined TRACON& Tower with Radar,26,18,31,23,98,0,0,82,3,85,26,18,113,26,183,128,4,132,315
06/27/2007,GTF,MT,ANM,WE,Combined TRACON& Tower with Radar,25,23,31,22,101,0,6,48,0,54,25,29,79,22,155,50,0,50,205
06/28/2007,GTF,MT,ANM,WE,Combined TRACON& Tower with Radar,27,26,18,14,85,17,2,24,1,44,44,28,42,15,129,20,0,20,149
06/29/2007,GTF,MT,ANM,WE,Combined TRACON& Tower with Radar,28,45,13,0,86,28,10,41,0,79,56,55,54,0,165,36,0,36,201
06/30/2007,GTF,MT,ANM,WE,Combined TRACON& Tower with Radar,39,16,9,0,64,0,1,47,4,52,39,17,56,4,116,36,0,36,152
07/01/2007,GTF,MT,ANM,WE,Combined TRACON& Tower with Radar,25,3,26,0,54,0,0,22,0,22,25,3,48,0,76,6,0,6,82
07/02/2007,GTF,MT,ANM,WE,Combined TRACON& Tower with Radar,27,10,14,2,53,0,2,42,1,45,27,12,56,3,98,26,0,26,124
07/03/2007,GTF,MT,ANM,WE,Combined TRACON& Tower with Radar,25,27,15,18,85,0,4,41,2,47,25,31,56,20,132,22,14,36,168
07/04/2007,GTF,MT,ANM,WE,Combined TRACON& Tower with Radar,20,5,10,0,35,0,0,26,0,26,20,5,36,0,61,22,0,22,83
07/05/2007,GTF,MT,ANM,WE,Combined TRACON& Tower with Radar,25,23,13,9,70,0,7,28,2,37,25,30,41,11,107,2,6,8,115
07/06/2007,GTF,MT,ANM,WE,Combined TRACON& Tower with Radar,31,22,11,19,83,0,3,31,0,34,31,25,42,19,117,30,2,32,149
07/07/2007,GTF,MT,ANM,WE,Combined TRACON& Tower with Radar,30,17,17,0,64,2,3,46,0,51,32,20,63,0,115,52,0,52,167
07/08/2007,GTF,MT,ANM,WE,Combined TRACON& Tower with Radar,22,4,12,0,38,0,1,32,0,33,22,5,44,0,71,4,0,4,75
07/09/2007,GTF,MT,ANM,WE,Combined TRACON& Tower with Radar,29,20,12,0,61,0,0,25,4,29,29,20,37,4,90,26,42,68,158
07/10/2007,GTF,MT,ANM,WE,Combined TRACON& Tower with Radar,24,22,20,28,94,0,0,49,6,55,24,22,69,34,149,40,18,58,207
07/11/2007,GTF,MT,ANM,WE,Combined TRACON& Tower with Radar,24,29,30,20,103,0,3,55,2,60,24,32,85,22,163,18,12,30,193
07/12/2007,GTF,MT,ANM,WE,Combined TRACON& Tower with Radar,25,26,25,14,90,0,0,47,1,48,25,26,72,15,138,26,2,28,166
07/13/2007,GTF,MT,ANM,WE,Combined TRACON& Tower with Radar,30,16,19,23,88,0,1,31,8,40,30,17,50,31,128,28,14,42,170
07/14/2007,GTF,MT,ANM,WE,Combined TRACON& Tower with Radar,26,11,14,15,66,0,4,57,9,70,26,15,71,24,136,28,8,36,172
07/15/2007,GTF,MT,ANM,WE,Combined TRACON& Tower with Radar,28,3,10,20,61,0,0,19,8,27,28,3,29,28,88,16,10,26,114
07/16/2007,GTF,MT,ANM,WE,Combined TRACON& Tower with Radar,25,17,12,7,61,0,0,25,4,29,25,17,37,11,90,10,6,16,106
07/17/2007,GTF,MT,ANM,WE,Combined TRACON& Tower with Radar,35,19,35,25,114,0,2,40,10,52,35,21,75,35,166,34,52,86,252
07/18/2007,GTF,MT,ANM,WE,Combined TRACON& Tower with Radar,26,21,22,22,91,0,4,42,7,53,26,25,64,29,144,26,0,26,170
07/19/2007,GTF,MT,ANM,WE,Combined TRACON& Tower with Radar,25,25,36,25,111,0,3,62,7,72,25,28,98,32,183,50,12,62,245
07/20/2007,GTF,MT,ANM,WE,Combined TRACON& Tower with Radar,29,19,15,12,75,0,5,55,2,62,29,24,70,14,137,64,0,64,201
07/21/2007,GTF,MT,ANM,WE,Combined TRACON& Tower with Radar,27,12,17,2,58,0,2,53,0,55,27,14,70,2,113,18,0,18,131
07/22/2007,GTF,MT,ANM,WE,Combined TRACON& Tower with Radar,26,9,19,0,54,0,0,27,0,27,26,9,46,0,81,12,0,12,93
07/23/2007,GTF,MT,ANM,WE,Combined TRACON& Tower with Radar,23,16,20,1,60,0,6,32,0,38,23,22,52,1,98,46,0,46,144
07/24/2007,GTF,MT,ANM,WE,Combined TRACON& Tower with Radar,23,18,30,18,89,0,4,34,1,39,23,22,64,19,128,114,24,138,266
07/25/2007,GTF,MT,ANM,WE,Combined TRACON& Tower with Radar,26,22,25,14,87,0,0,21,0,21,26,22,46,14,108,36,8,44,152
07/26/2007,GTF,MT,ANM,WE,Combined TRACON& Tower with Radar,24,20,11,24,79,0,0,53,2,55,24,20,64,26,134,44,10,54,188
07/27/2007,GTF,MT,ANM,WE,Combined TRACON& Tower with Radar,29,23,17,17,86,0,0,35,4,39,29,23,52,21,125,28,8,36,161
07/28/2007,GTF,MT,ANM,WE,Combined TRACON& Tower with Radar,26,10,12,3,51,0,1,68,0,69,26,11,80,3,120,46,0,46,166
07/29/2007,GTF,MT,ANM,WE,Combined TRACON& Tower with Radar,21,1,13,0,35,0,3,38,1,42,21,4,51,1,77,20,0,20,97
07/30/2007,GTF,MT,ANM,WE,Combined TRACON& Tower with Radar,24,17,13,3,57,0,0,9,0,9,24,17,22,3,66,0,0,0,66
07/31/2007,GTF,MT,ANM,WE,Combined TRACON& Tower with Radar,29,32,32,41,134,0,4,29,11,44,29,36,61,52,178,56,14,70,248
08/01/2007,GTF,MT,ANM,WE,Combined TRACON& Tower with Radar,28,27,24,14,93,0,3,41,1,45,28,30,65,15,138,56,16,72,210
08/02/2007,GTF,MT,ANM,WE,Combined TRACON& Tower with Radar,24,23,25,20,92,0,0,60,2,62,24,23,85,22,154,62,22,84,238
08/03/2007,GTF,MT,ANM,WE,Combined TRACON& Tower with Radar,30,18,27,13,88,0,0,40,2,42,30,18,67,15,130,26,44,70,200
08/04/2007,GTF,MT,ANM,WE,Combined TRACON& Tower with Radar,28,13,10,1,52,0,3,53,0,56,28,16,63,1,108,2,0,2,110
08/05/2007,GTF,MT,ANM,WE,Combined TRACON& Tower with Radar,26,8,8,3,45,0,0,18,0,18,26,8,26,3,63,26,0,26,89
08/06/2007,GTF,MT,ANM,WE,Combined TRACON& Tower with Radar,27,18,15,8,68,0,1,35,4,40,27,19,50,12,108,44,0,44,152
08/07/2007,GTF,MT,ANM,WE,Combined TRACON& Tower with Radar,26,26,16,14,82,0,4,32,6,42,26,30,48,20,124,66,4,70,194
08/08/2007,GTF,MT,ANM,WE,Combined TRACON& Tower with Radar,25,26,20,18,89,0,0,49,2,51,25,26,69,20,140,52,8,60,200
08/09/2007,GTF,MT,ANM,WE,Combined TRACON& Tower with Radar,25,36,22,11,94,0,12,33,3,48,25,48,55,14,142,62,12,74,216
08/10/2007,GTF,MT,ANM,WE,Combined TRACON& Tower with Radar,36,29,12,15,92,0,2,38,0,40,36,31,50,15,132,32,4,36,168
08/11/2007,GTF,MT,ANM,WE,Combined TRACON& Tower with Radar,29,16,16,0,61,0,0,46,0,46,29,16,62,0,107,4,0,4,111
08/12/2007,GTF,MT,ANM,WE,Combined TRACON& Tower with Radar,26,5,9,1,41,0,1,29,0,30,26,6,38,1,71,0,0,0,71
08/13/2007,GTF,MT,ANM,WE,Combined TRACON& Tower with Radar,25,19,23,4,71,0,0,45,0,45,25,19,68,4,116,60,0,60,176
08/14/2007,GTF,MT,ANM,WE,Combined TRACON& Tower with Radar,25,29,28,27,109,0,3,39,13,55,25,32,67,40,164,60,12,72,236
08/15/2007,GTF,MT,ANM,WE,Combined TRACON& Tower with Radar,25,22,14,14,75,0,1,21,6,28,25,23,35,20,103,8,6,14,117
08/16/2007,GTF,MT,ANM,WE,Combined TRACON& Tower with Radar,28,32,17,18,95,0,0,43,6,49,28,32,60,24,144,70,20,90,234
08/17/2007,GTF,MT,ANM,WE,Combined TRACON& Tower with Radar,33,23,16,7,79,0,0,39,4,43,33,23,55,11,122,44,6,50,172
08/18/2007,GTF,MT,ANM,WE,Combined TRACON& Tower with Radar,27,14,19,0,60,0,0,34,0,34,27,14,53,0,94,48,0,48,142
08/19/2007,GTF,MT,ANM,WE,Combined TRACON& Tower with Radar,26,5,15,2,48,0,1,13,0,14,26,6,28,2,62,6,0,6,68
08/20/2007,GTF,MT,ANM,WE,Combined TRACON& Tower with Radar,28,25,7,6,66,0,2,36,3,41,28,27,43,9,107,52,0,52,159
08/21/2007,GTF,MT,ANM,WE,Combined TRACON& Tower with Radar,26,19,22,15,82,0,7,27,2,36,26,26,49,17,118,24,10,34,152
08/22/2007,GTF,MT,ANM,WE,Combined TRACON& Tower with Radar,24,22,12,30,88,0,11,25,3,39,24,33,37,33,127,22,2,24,151
08/23/2007,GTF,MT,ANM,WE,Combined TRACON& Tower with Radar,19,20,18,11,68,0,3,41,4,48,19,23,59,15,116,28,10,38,154
08/24/2007,GTF,MT,ANM,WE,Combined TRACON& Tower with Radar,30,15,13,24,82,0,3,47,7,57,30,18,60,31,139,30,6,36,175
08/25/2007,GTF,MT,ANM,WE,Combined TRACON& Tower with Radar,26,11,10,0,47,0,0,39,0,39,26,11,49,0,86,30,0,30,116
08/26/2007,GTF,MT,ANM,WE,Combined TRACON& Tower with Radar,25,1,26,1,53,0,2,16,0,18,25,3,42,1,71,18,0,18,89
08/27/2007,GTF,MT,ANM,WE,Combined TRACON& Tower with Radar,25,22,16,1,64,0,3,46,0,49,25,25,62,1,113,30,0,30,143
08/28/2007,GTF,MT,ANM,WE,Combined TRACON& Tower with Radar,25,22,11,15,73,0,2,41,26,69,25,24,52,41,142,34,12,46,188
08/29/2007,GTF,MT,ANM,WE,Combined TRACON& Tower with Radar,27,19,31,17,94,0,4,39,1,44,27,23,70,18,138,16,2,18,156
08/30/2007,GTF,MT,ANM,WE,Combined TRACON& Tower with Radar,24,21,29,15,89,0,5,38,9,52,24,26,67,24,141,36,6,42,183
08/31/2007,GTF,MT,ANM,WE,Combined TRACON& Tower with Radar,27,25,18,0,70,0,1,28,0,29,27,26,46,0,99,8,0,8,107
09/01/2007,GTF,MT,ANM,WE,Combined TRACON& Tower with Radar,23,17,7,1,48,0,0,42,0,42,23,17,49,1,90,26,0,26,116
09/02/2007,GTF,MT,ANM,WE,Combined TRACON& Tower with Radar,24,1,8,0,33,0,0,17,0,17,24,1,25,0,50,10,0,10,60
09/03/2007,GTF,MT,ANM,WE,Combined TRACON& Tower with Radar,25,5,17,0,47,0,0,28,0,28,25,5,45,0,75,22,0,22,97
09/04/2007,GTF,MT,ANM,WE,Combined TRACON& Tower with Radar,18,21,20,16,75,0,0,16,1,17,18,21,36,17,92,20,6,26,118
09/05/2007,GTF,MT,ANM,WE,Combined TRACON& Tower with Radar,25,26,23,16,90,0,5,20,10,35,25,31,43,26,125,36,28,64,189
09/06/2007,GTF,MT,ANM,WE,Combined TRACON& Tower with Radar,34,21,31,17,103,0,12,13,8,33,34,33,44,25,136,10,12,22,158
09/07/2007,GTF,MT,ANM,WE,Combined TRACON& Tower with Radar,27,31,26,23,107,0,1,26,1,28,27,32,52,24,135,0,10,10,145
09/08/2007,GTF,MT,ANM,WE,Combined TRACON& Tower with Radar,21,11,21,17,70,0,3,32,2,37,21,14,53,19,107,54,20,74,181
09/09/2007,GTF,MT,ANM,WE,Combined TRACON& Tower with Radar,24,4,6,10,44,0,0,29,4,33,24,4,35,14,77,8,12,20,97
09/10/2007,GTF,MT,ANM,WE,Combined TRACON& Tower with Radar,21,19,14,4,58,0,1,19,3,23,21,20,33,7,81,6,0,6,87
09/11/2007,GTF,MT,ANM,WE,Combined TRACON& Tower with Radar,29,22,13,28,92,0,1,53,5,59,29,23,66,33,151,44,38,82,233
09/12/2007,GTF,MT,ANM,WE,Combined TRACON& Tower with Radar,22,27,18,48,115,0,0,23,0,23,22,27,41,48,138,22,24,46,184
09/13/2007,GTF,MT,ANM,WE,Combined TRACON& Tower with Radar,21,23,36,31,111,0,3,55,1,59,21,26,91,32,170,28,6,34,204
09/14/2007,GTF,MT,ANM,WE,Combined TRACON& Tower with Radar,24,23,20,19,86,0,4,53,3,60,24,27,73,22,146,12,6,18,164
09/15/2007,GTF,MT,ANM,WE,Combined TRACON& Tower with Radar,17,11,23,2,53,0,2,48,1,51,17,13,71,3,104,40,0,40,144
09/16/2007,GTF,MT,ANM,WE,Combined TRACON& Tower with Radar,26,1,13,2,42,0,2,39,0,41,26,3,52,2,83,4,0,4,87
09/17/2007,GTF,MT,ANM,WE,Combined TRACON& Tower with Radar,22,25,15,3,65,0,0,15,1,16,22,25,30,4,81,8,2,10,91
09/18/2007,GTF,MT,ANM,WE,Combined TRACON& Tower with Radar,26,29,12,30,97,0,1,21,9,31,26,30,33,39,128,46,4,50,178
09/19/2007,GTF,MT,ANM,WE,Combined TRACON& Tower with Radar,25,23,21,26,95,0,0,2,0,2,25,23,23,26,97,0,2,2,99
09/20/2007,GTF,MT,ANM,WE,Combined TRACON& Tower with Radar,25,26,25,24,100,0,9,17,4,30,25,35,42,28,130,4,2,6,136
09/21/2007,GTF,MT,ANM,WE,Combined TRACON& Tower with Radar,26,24,10,26,86,0,5,34,10,49,26,29,44,36,135,18,20,38,173
09/22/2007,GTF,MT,ANM,WE,Combined TRACON& Tower with Radar,24,14,15,0,53,0,0,24,0,24,24,14,39,0,77,18,0,18,95
09/23/2007,GTF,MT,ANM,WE,Combined TRACON& Tower with Radar,24,0,15,0,39,0,0,0,0,0,24,0,15,0,39,0,0,0,39
09/24/2007,GTF,MT,ANM,WE,Combined TRACON& Tower with Radar,24,15,14,0,53,0,2,51,0,53,24,17,65,0,106,6,2,8,114
09/25/2007,GTF,MT,ANM,WE,Combined TRACON& Tower with Radar,25,21,16,25,87,0,0,25,0,25,25,21,41,25,112,34,8,42,154
09/26/2007,GTF,MT,ANM,WE,Combined TRACON& Tower with Radar,24,25,21,19,89,0,5,26,3,34,24,30,47,22,123,24,26,50,173
09/27/2007,GTF,MT,ANM,WE,Combined TRACON& Tower with Radar,23,23,23,18,87,0,4,52,0,56,23,27,75,18,143,14,26,40,183
09/28/2007,GTF,MT,ANM,WE,Combined TRACON& Tower with Radar,25,24,18,18,85,0,3,19,6,28,25,27,37,24,113,0,28,28,141
09/29/2007,GTF,MT,ANM,WE,Combined TRACON& Tower with Radar,22,12,12,0,46,0,0,0,0,0,22,12,12,0,46,8,0,8,54
09/30/2007,GTF,MT,ANM,WE,Combined TRACON& Tower with Radar,24,5,13,2,44,0,1,18,0,19,24,6,31,2,63,4,0,4,67
10/01/2007,GTF,MT,ANM,WE,Combined TRACON& Tower with Radar,23,13,6,13,55,0,0,17,3,20,23,13,23,16,75,50,0,50,125
10/02/2007,GTF,MT,ANM,WE,Combined TRACON& Tower with Radar,21,21,11,21,74,0,3,6,1,10,21,24,17,22,84,4,8,12,96
10/03/2007,GTF,MT,ANM,WE,Combined TRACON& Tower with Radar,26,23,13,27,89,0,2,10,0,12,26,25,23,27,101,2,28,30,131
10/04/2007,GTF,MT,ANM,WE,Combined TRACON& Tower with Radar,25,18,25,22,90,0,2,29,1,32,25,20,54,23,122,4,0,4,126
10/05/2007,GTF,MT,ANM,WE,Combined TRACON& Tower with Radar,27,20,8,0,55,0,0,0,0,0,27,20,8,0,55,0,0,0,55
10/06/2007,GTF,MT,ANM,WE,Combined TRACON& Tower with Radar,20,11,19,0,50,0,0,34,0,34,20,11,53,0,84,42,0,42,126
10/07/2007,GTF,MT,ANM,WE,Combined TRACON& Tower with Radar,23,4,13,0,40,0,1,36,0,37,23,5,49,0,77,20,0,20,97
10/08/2007,GTF,MT,ANM,WE,Combined TRACON& Tower with Radar,32,21,10,0,63,0,0,9,0,9,32,21,19,0,72,0,0,0,72
10/09/2007,GTF,MT,ANM,WE,Combined TRACON& Tower with Radar,28,22,9,22,81,0,3,27,8,38,28,25,36,30,119,22,6,28,147
10/10/2007,GTF,MT,ANM,WE,Combined TRACON& Tower with Radar,24,31,18,24,97,0,0,14,3,17,24,31,32,27,114,26,0,26,140
10/11/2007,GTF,MT,ANM,WE,Combined TRACON& Tower with Radar,26,25,32,13,96,0,0,30,4,34,26,25,62,17,130,18,4,22,152
10/12/2007,GTF,MT,ANM,WE,Combined TRACON& Tower with Radar,28,27,11,7,73,0,0,30,4,34,28,27,41,11,107,20,6,26,133
10/13/2007,GTF,MT,ANM,WE,Combined TRACON& Tower with Radar,22,12,12,21,67,0,1,50,12,63,22,13,62,33,130,34,24,58,188
10/14/2007,GTF,MT,ANM,WE,Combined TRACON& Tower with Radar,22,5,6,4,37,0,2,65,14,81,22,7,71,18,118,0,0,0,118
10/15/2007,GTF,MT,ANM,WE,Combined TRACON& Tower with Radar,23,24,22,0,69,0,0,51,0,51,23,24,73,0,120,14,0,14,134
10/16/2007,GTF,MT,ANM,WE,Combined TRACON& Tower with Radar,30,32,14,25,101,0,6,44,1,51,30,38,58,26,152,36,6,42,194
10/17/2007,GTF,MT,ANM,WE,Combined TRACON& Tower with Radar,26,27,11,18,82,0,2,29,0,31,26,29,40,18,113,22,0,22,135
10/18/2007,GTF,MT,ANM,WE,Combined TRACON& Tower with Radar,24,21,11,26,82,0,2,20,16,38,24,23,31,42,120,0,16,16,136
10/19/2007,GTF,MT,ANM,WE,Combined TRACON& Tower with Radar,28,27,27,24,106,0,2,4,7,13,28,29,31,31,119,0,10,10,129
10/20/2007,GTF,MT,ANM,WE,Combined TRACON& Tower with Radar,23,16,11,0,50,0,0,19,0,19,23,16,30,0,69,0,0,0,69
10/21/2007,GTF,MT,ANM,WE,Combined TRACON& Tower with Radar,23,4,16,0,43,0,0,37,0,37,23,4,53,0,80,42,0,42,122
10/22/2007,GTF,MT,ANM,WE,Combined TRACON& Tower with Radar,25,24,14,2,65,0,1,13,3,17,25,25,27,5,82,16,0,16,98
10/23/2007,GTF,MT,ANM,WE,Combined TRACON& Tower with Radar,26,21,23,39,109,0,3,23,8,34,26,24,46,47,143,50,26,76,219
10/24/2007,GTF,MT,ANM,WE,Combined TRACON& Tower with Radar,29,22,13,27,91,0,2,45,3,50,29,24,58,30,141,4,0,4,145
10/25/2007,GTF,MT,ANM,WE,Combined TRACON& Tower with Radar,30,32,24,27,113,0,0,25,2,27,30,32,49,29,140,16,0,16,156
10/26/2007,GTF,MT,ANM,WE,Combined TRACON& Tower with Radar,24,23,19,15,81,0,0,23,5,28,24,23,42,20,109,0,0,0,109
10/27/2007,GTF,MT,ANM,WE,Combined TRACON& Tower with Radar,23,11,14,0,48,0,1,34,0,35,23,12,48,0,83,22,0,22,105
10/28/2007,GTF,MT,ANM,WE,Combined TRACON& Tower with Radar,24,5,5,0,34,0,3,14,0,17,24,8,19,0,51,2,0,2,53
10/29/2007,GTF,MT,ANM,WE,Combined TRACON& Tower with Radar,24,13,23,0,60,0,0,15,0,15,24,13,38,0,75,2,0,2,77
10/30/2007,GTF,MT,ANM,WE,Combined TRACON& Tower with Radar,26,21,23,12,82,0,4,16,2,22,26,25,39,14,104,30,10,40,144
10/31/2007,GTF,MT,ANM,WE,Combined TRACON& Tower with Radar,26,17,14,26,83,0,1,35,7,43,26,18,49,33,126,60,8,68,194
11/01/2007,GTF,MT,ANM,WE,Combined TRACON& Tower with Radar,27,26,10,12,75,0,0,15,10,25,27,26,25,22,100,8,4,12,112
11/02/2007,GTF,MT,ANM,WE,Combined TRACON& Tower with Radar,27,27,14,14,82,0,2,26,9,37,27,29,40,23,119,8,2,10,129
11/03/2007,GTF,MT,ANM,WE,Combined TRACON& Tower with Radar,19,12,2,13,46,0,3,13,13,29,19,15,15,26,75,8,12,20,95
11/04/2007,GTF,MT,ANM,WE,Combined TRACON& Tower with Radar,26,1,14,6,47,0,0,10,0,10,26,1,24,6,57,0,4,4,61
11/05/2007,GTF,MT,ANM,WE,Combined TRACON& Tower with Radar,24,17,12,5,58,0,0,22,2,24,24,17,34,7,82,16,6,22,104
11/06/2007,GTF,MT,ANM,WE,Combined TRACON& Tower with Radar,26,20,18,20,84,0,2,39,5,46,26,22,57,25,130,30,0,30,160
11/07/2007,GTF,MT,ANM,WE,Combined TRACON& Tower with Radar,29,29,11,17,86,0,0,26,2,28,29,29,37,19,114,20,6,26,140
11/08/2007,GTF,MT,ANM,WE,Combined TRACON& Tower with Radar,20,25,23,14,82,0,0,19,24,43,20,25,42,38,125,36,2,38,163
11/09/2007,GTF,MT,ANM,WE,Combined TRACON& Tower with Radar,30,24,14,3,71,0,0,19,0,19,30,24,33,3,90,22,0,22,112
11/10/2007,GTF,MT,ANM,WE,Combined TRACON& Tower with Radar,21,11,4,1,37,0,1,35,0,36,21,12,39,1,73,24,0,24,97
11/11/2007,GTF,MT,ANM,WE,Combined TRACON& Tower with Radar,24,4,8,2,38,0,0,23,0,23,24,4,31,2,61,28,2,30,91
11/12/2007,GTF,MT,ANM,WE,Combined TRACON& Tower with Radar,23,10,20,0,53,0,1,11,0,12,23,11,31,0,65,6,0,6,71
11/13/2007,GTF,MT,ANM,WE,Combined TRACON& Tower with Radar,24,18,19,0,61,0,0,0,0,0,24,18,19,0,61,4,28,32,93
11/14/2007,GTF,MT,ANM,WE,Combined TRACON& Tower with Radar,27,24,22,6,79,0,6,36,3,45,27,30,58,9,124,30,0,30,154
11/15/2007,GTF,MT,ANM,WE,Combined TRACON& Tower with Radar,27,22,16,34,99,0,5,11,4,20,27,27,27,38,119,34,3,37,156
11/16/2007,GTF,MT,ANM,WE,Combined TRACON& Tower with Radar,28,26,24,20,98,0,0,9,4,13,28,26,33,24,111,0,10,10,121
11/17/2007,GTF,MT,ANM,WE,Combined TRACON& Tower with Radar,24,19,12,0,55,0,0,31,0,31,24,19,43,0,86,28,0,28,114
11/18/2007,GTF,MT,ANM,WE,Combined TRACON& Tower with Radar,25,7,13,0,45,0,0,9,0,9,25,7,22,0,54,14,0,14,68
11/19/2007,GTF,MT,ANM,WE,Combined TRACON& Tower with Radar,23,13,11,2,49,0,0,2,0,2,23,13,13,2,51,0,0,0,51
11/20/2007,GTF,MT,ANM,WE,Combined TRACON& Tower with Radar,29,28,11,0,68,0,3,1,0,4,29,31,12,0,72,0,0,0,72
11/21/2007,GTF,MT,ANM,WE,Combined TRACON& Tower with Radar,25,31,12,19,87,0,2,17,4,23,25,33,29,23,110,26,4,30,140
11/22/2007,GTF,MT,ANM,WE,Combined TRACON& Tower with Radar,8,23,14,0,45,0,0,0,0,0,8,23,14,0,45,0,0,0,45
11/23/2007,GTF,MT,ANM,WE,Combined TRACON& Tower with Radar,23,19,4,0,46,0,0,22,0,22,23,19,26,0,68,44,0,44,112
11/24/2007,GTF,MT,ANM,WE,Combined TRACON& Tower with Radar,26,12,5,0,43,0,3,22,0,25,26,15,27,0,68,0,0,0,68
11/25/2007,GTF,MT,ANM,WE,Combined TRACON& Tower with Radar,24,1,9,2,36,0,2,15,0,17,24,3,24,2,53,12,0,12,65
11/26/2007,GTF,MT,ANM,WE,Combined TRACON& Tower with Radar,24,15,11,7,57,0,2,19,1,22,24,17,30,8,79,48,10,58,137
11/27/2007,GTF,MT,ANM,WE,Combined TRACON& Tower with Radar,24,25,16,8,73,0,1,8,2,11,24,26,24,10,84,28,16,44,128
11/28/2007,GTF,MT,ANM,WE,Combined TRACON& Tower with Radar,24,25,24,26,99,0,0,13,4,17,24,25,37,30,116,14,10,24,140
11/29/2007,GTF,MT,ANM,WE,Combined TRACON& Tower with Radar,29,21,15,12,77,0,0,5,0,5,29,21,20,12,82,0,0,0,82
11/30/2007,GTF,MT,ANM,WE,Combined TRACON& Tower with Radar,27,19,6,19,71,0,0,21,8,29,27,19,27,27,100,28,8,36,136
12/01/2007,GTF,MT,ANM,WE,Combined TRACON& Tower with Radar,26,18,8,3,55,0,0,13,0,13,26,18,21,3,68,16,0,16,84
12/02/2007,GTF,MT,ANM,WE,Combined TRACON& Tower with Radar,24,6,9,1,40,0,0,15,0,15,24,6,24,1,55,30,0,30,85
12/03/2007,GTF,MT,ANM,WE,Combined TRACON& Tower with Radar,26,17,3,4,50,0,3,2,1,6,26,20,5,5,56,0,2,2,58
12/04/2007,GTF,MT,ANM,WE,Combined TRACON& Tower with Radar,21,24,13,7,65,0,4,19,4,27,21,28,32,11,92,28,0,28,120
12/05/2007,GTF,MT,ANM,WE,Combined TRACON& Tower with Radar,27,24,16,4,71,0,0,13,1,14,27,24,29,5,85,18,4,22,107
12/06/2007,GTF,MT,ANM,WE,Combined TRACON& Tower with Radar,24,18,15,10,67,0,0,28,2,30,24,18,43,12,97,14,0,14,111
12/07/2007,GTF,MT,ANM,WE,Combined TRACON& Tower with Radar,26,22,9,1,58,0,2,14,1,17,26,24,23,2,75,0,0,0,75
12/08/2007,GTF,MT,ANM,WE,Combined TRACON& Tower with Radar,22,20,9,2,53,0,0,27,0,27,22,20,36,2,80,22,0,22,102
12/09/2007,GTF,MT,ANM,WE,Combined TRACON& Tower with Radar,22,7,10,0,39,0,1,17,0,18,22,8,27,0,57,8,0,8,65
12/10/2007,GTF,MT,ANM,WE,Combined TRACON& Tower with Radar,24,21,11,2,58,0,0,6,0,6,24,21,17,2,64,0,0,0,64
12/11/2007,GTF,MT,ANM,WE,Combined TRACON& Tower with Radar,22,27,20,5,74,0,1,21,0,22,22,28,41,5,96,36,0,36,132
12/12/2007,GTF,MT,ANM,WE,Combined TRACON& Tower with Radar,25,27,23,3,78,0,6,16,1,23,25,33,39,4,101,14,0,14,115
12/13/2007,GTF,MT,ANM,WE,Combined TRACON& Tower with Radar,24,22,13,4,63,0,4,36,2,42,24,26,49,6,105,40,0,40,145
12/14/2007,GTF,MT,ANM,WE,Combined TRACON& Tower with Radar,29,19,6,6,60,0,1,40,0,41,29,20,46,6,101,46,32,78,179
12/15/2007,GTF,MT,ANM,WE,Combined TRACON& Tower with Radar,25,20,6,8,59,0,1,14,1,16,25,21,20,9,75,20,0,20,95
12/16/2007,GTF,MT,ANM,WE,Combined TRACON& Tower with Radar,28,8,5,1,42,0,2,24,0,26,28,10,29,1,68,16,0,16,84
12/17/2007,GTF,MT,ANM,WE,Combined TRACON& Tower with Radar,26,14,2,3,45,0,0,18,1,19,26,14,20,4,64,8,2,10,74
12/18/2007,GTF,MT,ANM,WE,Combined TRACON& Tower with Radar,25,26,22,27,100,0,5,30,13,48,25,31,52,40,148,68,28,96,244
12/19/2007,GTF,MT,ANM,WE,Combined TRACON& Tower with Radar,24,20,10,17,71,0,2,21,2,25,24,22,31,19,96,14,2,16,112
12/20/2007,GTF,MT,ANM,WE,Combined TRACON& Tower with Radar,23,34,24,17,98,0,5,29,4,38,23,39,53,21,136,46,6,52,188
12/21/2007,GTF,MT,ANM,WE,Combined TRACON& Tower with Radar,27,29,13,10,79,0,0,8,4,12,27,29,21,14,91,6,0,6,97
12/22/2007,GTF,MT,ANM,WE,Combined TRACON& Tower with Radar,20,16,18,0,54,0,0,18,0,18,20,16,36,0,72,20,0,20,92
12/23/2007,GTF,MT,ANM,WE,Combined TRACON& Tower with Radar,25,4,4,0,33,0,5,9,0,14,25,9,13,0,47,10,0,10,57
12/24/2007,GTF,MT,ANM,WE,Combined TRACON& Tower with Radar,26,16,7,0,49,0,3,10,0,13,26,19,17,0,62,14,0,14,76
12/25/2007,GTF,MT,ANM,WE,Combined TRACON& Tower with Radar,19,2,2,0,23,0,0,11,0,11,19,2,13,0,34,26,0,26,60
12/26/2007,GTF,MT,ANM,WE,Combined TRACON& Tower with Radar,29,24,20,6,79,0,1,11,4,16,29,25,31,10,95,18,0,18,113
12/27/2007,GTF,MT,ANM,WE,Combined TRACON& Tower with Radar,28,28,21,28,105,0,8,11,0,19,28,36,32,28,124,10,26,36,160
12/28/2007,GTF,MT,ANM,WE,Combined TRACON& Tower with Radar,27,22,18,11,78,0,1,22,2,25,27,23,40,13,103,10,16,26,129
12/29/2007,GTF,MT,ANM,WE,Combined TRACON& Tower with Radar,27,9,9,0,45,0,1,7,0,8,27,10,16,0,53,2,0,2,55
12/30/2007,GTF,MT,ANM,WE,Combined TRACON& Tower with Radar,27,6,6,0,39,0,1,12,0,13,27,7,18,0,52,0,0,0,52
12/31/2007,GTF,MT,ANM,WE,Combined TRACON& Tower with Radar,24,12,4,0,40,0,0,4,0,4,24,12,8,0,44,0,0,0,44
01/01/2008,GTF,MT,ANM,WE,Combined TRACON& Tower with Radar,18,2,9,0,29,0,0,12,0,12,18,2,21,0,41,36,0,36,77
01/02/2008,GTF,MT,ANM,WE,Combined TRACON& Tower with Radar,27,20,22,13,82,0,2,16,1,19,27,22,38,14,101,0,0,0,101
01/03/2008,GTF,MT,ANM,WE,Combined TRACON& Tower with Radar,27,19,18,36,100,0,2,36,9,47,27,21,54,45,147,24,8,32,179
01/04/2008,GTF,MT,ANM,WE,Combined TRACON& Tower with Radar,34,19,20,21,94,0,1,11,4,16,34,20,31,25,110,8,6,14,124
01/05/2008,GTF,MT,ANM,WE,Combined TRACON& Tower with Radar,22,14,14,17,67,0,3,18,7,28,22,17,32,24,95,20,44,64,159
01/06/2008,GTF,MT,ANM,WE,Combined TRACON& Tower with Radar,23,2,20,0,45,0,0,21,0,21,23,2,41,0,66,18,0,18,84
01/07/2008,GTF,MT,ANM,WE,Combined TRACON& Tower with Radar,23,12,15,3,53,0,0,18,0,18,23,12,33,3,71,40,0,40,111
01/08/2008,GTF,MT,ANM,WE,Combined TRACON& Tower with Radar,26,25,5,12,68,0,0,23,2,25,26,25,28,14,93,18,0,18,111
01/09/2008,GTF,MT,ANM,WE,Combined TRACON& Tower with Radar,25,24,23,16,88,0,5,22,0,27,25,29,45,16,115,54,0,54,169
01/10/2008,GTF,MT,ANM,WE,Combined TRACON& Tower with Radar,25,21,7,18,71,0,0,9,3,12,25,21,16,21,83,2,6,8,91
01/11/2008,GTF,MT,ANM,WE,Combined TRACON& Tower with Radar,27,28,7,21,83,0,0,9,2,11,27,28,16,23,94,16,16,32,126
01/12/2008,GTF,MT,ANM,WE,Combined TRACON& Tower with Radar,23,12,8,0,43,0,1,20,0,21,23,13,28,0,64,20,0,20,84
01/13/2008,GTF,MT,ANM,WE,Combined TRACON& Tower with Radar,25,2,13,0,40,0,0,22,0,22,25,2,35,0,62,44,0,44,106
01/14/2008,GTF,MT,ANM,WE,Combined TRACON& Tower with Radar,24,19,13,0,56,0,0,14,2,16,24,19,27,2,72,18,0,18,90
01/15/2008,GTF,MT,ANM,WE,Combined TRACON& Tower with Radar,26,20,6,10,62,0,1,15,0,16,26,21,21,10,78,14,6,20,98
01/16/2008,GTF,MT,ANM,WE,Combined TRACON& Tower with Radar,25,22,16,18,81,0,0,25,3,28,25,22,41,21,109,34,28,62,171
01/17/2008,GTF,MT,ANM,WE,Combined TRACON& Tower with Radar,24,21,27,14,86,0,0,7,3,10,24,21,34,17,96,14,8,22,118
01/18/2008,GTF,MT,ANM,WE,Combined TRACON& Tower with Radar,30,22,12,3,67,0,1,5,1,7,30,23,17,4,74,6,4,10,84
01/19/2008,GTF,MT,ANM,WE,Combined TRACON& Tower with Radar,26,12,14,0,52,0,0,13,0,13,26,12,27,0,65,40,0,40,105
01/20/2008,GTF,MT,ANM,WE,Combined TRACON& Tower with Radar,31,3,4,0,38,0,0,0,0,0,31,3,4,0,38,0,0,0,38
01/21/2008,GTF,MT,ANM,WE,Combined TRACON& Tower with Radar,24,17,10,0,51,0,0,6,0,6,24,17,16,0,57,0,0,0,57
01/22/2008,GTF,MT,ANM,WE,Combined TRACON& Tower with Radar,19,37,10,0,66,0,0,0,0,0,19,37,10,0,66,0,0,0,66
01/23/2008,GTF,MT,ANM,WE,Combined TRACON& Tower with Radar,29,43,9,36,117,0,1,19,5,25,29,44,28,41,142,12,22,34,176
01/24/2008,GTF,MT,ANM,WE,Combined TRACON& Tower with Radar,24,20,32,19,95,0,0,30,8,38,24,20,62,27,133,34,5,39,172
01/25/2008,GTF,MT,ANM,WE,Combined TRACON& Tower with Radar,29,22,19,42,112,0,2,20,14,36,29,24,39,56,148,28,20,48,196
01/26/2008,GTF,MT,ANM,WE,Combined TRACON& Tower with Radar,28,10,6,0,44,0,0,5,0,5,28,10,11,0,49,6,0,6,55
01/27/2008,GTF,MT,ANM,WE,Combined TRACON& Tower with Radar,19,7,7,0,33,0,0,1,0,1,19,7,8,0,34,0,0,0,34
01/28/2008,GTF,MT,ANM,WE,Combined TRACON& Tower with Radar,22,14,2,5,43,0,0,0,1,1,22,14,2,6,44,0,0,0,44
01/29/2008,GTF,MT,ANM,WE,Combined TRACON& Tower with Radar,40,17,4,1,62,0,0,0,5,5,40,17,4,6,67,0,4,4,71
01/30/2008,GTF,MT,ANM,WE,Combined TRACON& Tower with Radar,18,36,17,13,84,0,0,23,0,23,18,36,40,13,107,14,14,28,135
01/31/2008,GTF,MT,ANM,WE,Combined TRACON& Tower with Radar,23,30,14,30,97,0,2,15,14,31,23,32,29,44,128,12,8,20,148
02/01/2008,GTF,MT,ANM,WE,Combined TRACON& Tower with Radar,30,24,12,34,100,1,0,0,0,1,31,24,12,34,101,22,12,34,135
02/02/2008,GTF,MT,ANM,WE,Combined TRACON& Tower with Radar,21,14,6,13,54,0,3,36,3,42,21,17,42,16,96,68,14,82,178
02/03/2008,GTF,MT,ANM,WE,Combined TRACON& Tower with Radar,25,5,6,9,45,0,0,5,0,5,25,5,11,9,50,0,0,0,50
02/04/2008,GTF,MT,ANM,WE,Combined TRACON& Tower with Radar,23,19,13,10,65,0,0,23,2,25,23,19,36,12,90,18,8,26,116
02/05/2008,GTF,MT,ANM,WE,Combined TRACON& Tower with Radar,25,21,5,12,63,0,0,25,6,31,25,21,30,18,94,20,8,28,122
02/06/2008,GTF,MT,ANM,WE,Combined TRACON& Tower with Radar,27,28,18,16,89,0,4,5,4,13,27,32,23,20,102,6,28,34,136
02/07/2008,GTF,MT,ANM,WE,Combined TRACON& Tower with Radar,28,34,18,23,103,0,0,9,5,14,28,34,27,28,117,30,0,30,147
02/08/2008,GTF,MT,ANM,WE,Combined TRACON& Tower with Radar,29,33,9,22,93,0,0,0,3,3,29,33,9,25,96,0,10,10,106
02/09/2008,GTF,MT,ANM,WE,Combined TRACON& Tower with Radar,23,18,9,4,54,0,0,1,0,1,23,18,10,4,55,0,0,0,55
02/10/2008,GTF,MT,ANM,WE,Combined TRACON& Tower with Radar,26,7,13,3,49,0,0,12,1,13,26,7,25,4,62,6,12,18,80
02/12/2008,GTF,MT,ANM,WE,Combined TRACON& Tower with Radar,26,31,17,15,89,0,2,17,2,21,26,33,34,17,110,36,12,48,158
02/13/2008,GTF,MT,ANM,WE,Combined TRACON& Tower with Radar,27,27,11,0,65,0,2,2,0,4,27,29,13,0,69,0,0,0,69
02/14/2008,GTF,MT,ANM,WE,Combined TRACON& Tower with Radar,27,32,19,10,88,0,1,35,2,38,27,33,54,12,126,26,5,31,157
02/15/2008,GTF,MT,ANM,WE,Combined TRACON& Tower with Radar,23,22,20,0,65,0,0,31,0,31,23,22,51,0,96,20,0,20,116
02/16/2008,GTF,MT,ANM,WE,Combined TRACON& Tower with Radar,25,14,6,3,48,0,3,11,0,14,25,17,17,3,62,38,0,38,100
02/17/2008,GTF,MT,ANM,WE,Combined TRACON& Tower with Radar,23,2,16,0,41,0,0,24,0,24,23,2,40,0,65,4,0,4,69
02/18/2008,GTF,MT,ANM,WE,Combined TRACON& Tower with Radar,22,20,23,0,65,0,0,37,0,37,22,20,60,0,102,60,0,60,162
02/19/2008,GTF,MT,ANM,WE,Combined TRACON& Tower with Radar,26,16,12,24,78,0,1,21,2,24,26,17,33,26,102,4,8,12,114
02/20/2008,GTF,MT,ANM,WE,Combined TRACON& Tower with Radar,28,27,14,19,88,0,0,32,0,32,28,27,46,19,120,24,10,34,154
02/21/2008,GTF,MT,ANM,WE,Combined TRACON& Tower with Radar,24,25,20,27,96,0,0,28,3,31,24,25,48,30,127,34,14,48,175
02/22/2008,GTF,MT,ANM,WE,Combined TRACON& Tower with Radar,28,23,7,6,64,0,2,46,2,50,28,25,53,8,114,44,2,46,160
02/23/2008,GTF,MT,ANM,WE,Combined TRACON& Tower with Radar,26,16,7,1,50,0,0,39,2,41,26,16,46,3,91,40,0,40,131
02/24/2008,GTF,MT,ANM,WE,Combined TRACON& Tower with Radar,24,1,8,2,35,0,0,17,0,17,24,1,25,2,52,50,0,50,102
02/25/2008,GTF,MT,ANM,WE,Combined TRACON& Tower with Radar,21,13,8,0,42,0,0,7,0,7,21,13,15,0,49,22,0,22,71
02/26/2008,GTF,MT,ANM,WE,Combined TRACON& Tower with Radar,25,23,18,3,69,0,1,39,1,41,25,24,57,4,110,36,0,36,146
02/27/2008,GTF,MT,ANM,WE,Combined TRACON& Tower with Radar,27,29,23,2,81,0,0,16,1,17,27,29,39,3,98,8,0,8,106
02/28/2008,GTF,MT,ANM,WE,Combined TRACON& Tower with Radar,24,28,23,1,76,0,0,14,1,15,24,28,37,2,91,4,0,4,95
02/29/2008,GTF,MT,ANM,WE,Combined TRACON& Tower with Radar,25,21,7,11,64,0,0,34,4,38,25,21,41,15,102,6,6,12,114
03/01/2008,GTF,MT,ANM,WE,Combined TRACON& Tower with Radar,22,11,7,1,41,0,0,22,0,22,22,11,29,1,63,14,0,14,77
03/02/2008,GTF,MT,ANM,WE,Combined TRACON& Tower with Radar,23,7,7,0,37,0,3,16,0,19,23,10,23,0,56,0,0,0,56
03/03/2008,GTF,MT,ANM,WE,Combined TRACON& Tower with Radar,26,22,14,3,65,0,0,15,2,17,26,22,29,5,82,2,6,8,90
03/04/2008,GTF,MT,ANM,WE,Combined TRACON& Tower with Radar,26,21,11,0,58,0,0,0,0,0,26,21,11,0,58,0,0,0,58
03/05/2008,GTF,MT,ANM,WE,Combined TRACON& Tower with Radar,26,22,27,8,83,0,2,28,2,32,26,24,55,10,115,36,6,42,157
03/06/2008,GTF,MT,ANM,WE,Combined TRACON& Tower with Radar,25,25,15,1,66,0,1,19,0,20,25,26,34,1,86,10,0,10,96
03/07/2008,GTF,MT,ANM,WE,Combined TRACON& Tower with Radar,31,14,6,0,51,0,0,20,0,20,31,14,26,0,71,0,0,0,71
03/08/2008,GTF,MT,ANM,WE,Combined TRACON& Tower with Radar,22,12,19,0,53,0,0,26,0,26,22,12,45,0,79,10,0,10,89
03/09/2008,GTF,MT,ANM,WE,Combined TRACON& Tower with Radar,25,3,8,2,38,0,0,27,0,27,25,3,35,2,65,18,2,20,85
03/10/2008,GTF,MT,ANM,WE,Combined TRACON& Tower with Radar,28,13,21,9,71,0,0,25,1,26,28,13,46,10,97,30,2,32,129
03/11/2008,GTF,MT,ANM,WE,Combined TRACON& Tower with Radar,26,22,12,2,62,0,0,13,2,15,26,22,25,4,77,24,36,60,137
03/12/2008,GTF,MT,ANM,WE,Combined TRACON& Tower with Radar,26,24,20,1,71,0,2,8,0,10,26,26,28,1,81,20,0,20,101
03/13/2008,GTF,MT,ANM,WE,Combined TRACON& Tower with Radar,26,23,17,13,79,0,0,20,6,26,26,23,37,19,105,4,2,6,111
03/14/2008,GTF,MT,ANM,WE,Combined TRACON& Tower with Radar,32,21,16,1,70,0,4,4,3,11,32,25,20,4,81,0,0,0,81
03/15/2008,GTF,MT,ANM,WE,Combined TRACON& Tower with Radar,26,13,9,0,48,0,2,15,0,17,26,15,24,0,65,0,0,0,65
03/16/2008,GTF,MT,ANM,WE,Combined TRACON& Tower with Radar,25,5,14,0,44,0,0,14,0,14,25,5,28,0,58,12,0,12,70
03/17/2008,GTF,MT,ANM,WE,Combined TRACON& Tower with Radar,23,15,12,5,55,0,2,12,2,16,23,17,24,7,71,4,4,8,79
03/18/2008,GTF,MT,ANM,WE,Combined TRACON& Tower with Radar,26,20,5,3,54,0,0,9,6,15,26,20,14,9,69,20,0,20,89
03/19/2008,GTF,MT,ANM,WE,Combined TRACON& Tower with Radar,28,21,18,5,72,0,7,23,7,37,28,28,41,12,109,46,0,46,155
03/20/2008,GTF,MT,ANM,WE,Combined TRACON& Tower with Radar,24,27,19,5,75,0,0,10,1,11,24,27,29,6,86,0,2,2,88
03/21/2008,GTF,MT,ANM,WE,Combined TRACON& Tower with Radar,28,19,8,10,65,0,1,5,5,11,28,20,13,15,76,0,24,24,100
03/22/2008,GTF,MT,ANM,WE,Combined TRACON& Tower with Radar,22,11,14,1,48,0,0,34,0,34,22,11,48,1,82,10,0,10,92
03/23/2008,GTF,MT,ANM,WE,Combined TRACON& Tower with Radar,23,0,9,1,33,0,0,16,1,17,23,0,25,2,50,6,0,6,56
03/24/2008,GTF,MT,ANM,WE,Combined TRACON& Tower with Radar,22,19,4,0,45,0,2,7,0,9,22,21,11,0,54,0,0,0,54
03/25/2008,GTF,MT,ANM,WE,Combined TRACON& Tower with Radar,27,22,22,8,79,0,4,35,2,41,27,26,57,10,120,12,14,26,146
03/26/2008,GTF,MT,ANM,WE,Combined TRACON& Tower with Radar,31,22,16,5,74,0,1,20,10,31,31,23,36,15,105,18,4,22,127
03/27/2008,GTF,MT,ANM,WE,Combined TRACON& Tower with Radar,24,25,10,4,63,0,0,4,1,5,24,25,14,5,68,6,0,6,74
03/28/2008,GTF,MT,ANM,WE,Combined TRACON& Tower with Radar,26,27,16,0,69,0,0,38,3,41,26,27,54,3,110,66,0,66,176
03/29/2008,GTF,MT,ANM,WE,Combined TRACON& Tower with Radar,22,12,1,0,35,0,0,1,0,1,22,12,2,0,36,0,0,0,36
03/30/2008,GTF,MT,ANM,WE,Combined TRACON& Tower with Radar,24,7,10,0,41,0,3,13,0,16,24,10,23,0,57,0,0,0,57
03/31/2008,GTF,MT,ANM,WE,Combined TRACON& Tower with Radar,23,13,7,8,51,0,0,6,2,8,23,13,13,10,59,0,6,6,65
04/01/2008,GTF,MT,ANM,WE,Combined TRACON& Tower with Radar,23,23,8,4,58,0,0,12,1,13,23,23,20,5,71,8,0,8,79
04/02/2008,GTF,MT,ANM,WE,Combined TRACON& Tower with Radar,28,26,18,8,80,0,0,16,2,18,28,26,34,10,98,8,4,12,110
04/03/2008,GTF,MT,ANM,WE,Combined TRACON& Tower with Radar,25,22,14,11,72,0,3,25,10,38,25,25,39,21,110,40,10,50,160
04/04/2008,GTF,MT,ANM,WE,Combined TRACON& Tower with Radar,22,30,17,15,84,0,0,50,9,59,22,30,67,24,143,80,10,90,233
04/05/2008,GTF,MT,ANM,WE,Combined TRACON& Tower with Radar,21,15,4,0,40,0,0,1,0,1,21,15,5,0,41,0,0,0,41
04/06/2008,GTF,MT,ANM,WE,Combined TRACON& Tower with Radar,24,8,9,0,41,0,1,9,0,10,24,9,18,0,51,6,2,8,59
04/07/2008,GTF,MT,ANM,WE,Combined TRACON& Tower with Radar,16,22,11,0,49,0,3,17,2,22,16,25,28,2,71,26,2,28,99
04/08/2008,GTF,MT,ANM,WE,Combined TRACON& Tower with Radar,24,24,12,4,64,0,4,35,4,43,24,28,47,8,107,54,0,54,161
04/09/2008,GTF,MT,ANM,WE,Combined TRACON& Tower with Radar,24,25,5,10,64,0,0,19,5,24,24,25,24,15,88,6,0,6,94
04/10/2008,GTF,MT,ANM,WE,Combined TRACON& Tower with Radar,29,34,11,4,78,0,0,23,1,24,29,34,34,5,102,14,0,14,116
04/11/2008,GTF,MT,ANM,WE,Combined TRACON& Tower with Radar,31,30,11,5,77,0,0,25,0,25,31,30,36,5,102,8,0,8,110
04/12/2008,GTF,MT,ANM,WE,Combined TRACON& Tower with Radar,25,11,13,2,51,0,12,34,12,58,25,23,47,14,109,70,0,70,179
04/13/2008,GTF,MT,ANM,WE,Combined TRACON& Tower with Radar,26,0,6,3,35,0,1,31,0,32,26,1,37,3,67,20,0,20,87
04/14/2008,GTF,MT,ANM,WE,Combined TRACON& Tower with Radar,27,18,10,14,69,0,0,10,3,13,27,18,20,17,82,6,6,12,94
04/15/2008,GTF,MT,ANM,WE,Combined TRACON& Tower with Radar,22,24,32,19,97,0,0,2,7,9,22,24,34,26,106,14,42,56,162
04/16/2008,GTF,MT,ANM,WE,Combined TRACON& Tower with Radar,29,47,28,11,115,0,0,17,2,19,29,47,45,13,134,14,10,24,158
04/17/2008,GTF,MT,ANM,WE,Combined TRACON& Tower with Radar,26,25,17,6,74,0,0,29,5,34,26,25,46,11,108,10,0,10,118
04/18/2008,GTF,MT,ANM,WE,Combined TRACON& Tower with Radar,27,25,2,5,59,0,0,19,0,19,27,25,21,5,78,0,0,0,78
04/19/2008,GTF,MT,ANM,WE,Combined TRACON& Tower with Radar,23,10,4,0,37,0,0,0,0,0,23,10,4,0,37,0,0,0,37
04/20/2008,GTF,MT,ANM,WE,Combined TRACON& Tower with Radar,26,4,1,0,31,0,2,0,0,2,26,6,1,0,33,0,0,0,33
04/21/2008,GTF,MT,ANM,WE,Combined TRACON& Tower with Radar,25,14,8,8,55,0,0,4,3,7,25,14,12,11,62,0,6,6,68
04/22/2008,GTF,MT,ANM,WE,Combined TRACON& Tower with Radar,27,20,11,1,59,0,0,12,1,13,27,20,23,2,72,24,0,24,96
04/23/2008,GTF,MT,ANM,WE,Combined TRACON& Tower with Radar,27,32,12,1,72,0,0,8,0,8,27,32,20,1,80,8,0,8,88
04/24/2008,GTF,MT,ANM,WE,Combined TRACON& Tower with Radar,26,30,11,2,69,0,10,20,2,32,26,40,31,4,101,26,0,26,127
04/25/2008,GTF,MT,ANM,WE,Combined TRACON& Tower with Radar,20,30,12,0,62,0,0,21,5,26,20,30,33,5,88,6,0,6,94
04/26/2008,GTF,MT,ANM,WE,Combined TRACON& Tower with Radar,22,17,11,0,50,0,0,24,0,24,22,17,35,0,74,4,0,4,78
04/27/2008,GTF,MT,ANM,WE,Combined TRACON& Tower with Radar,24,4,14,1,43,0,0,29,0,29,24,4,43,1,72,6,0,6,78
04/28/2008,GTF,MT,ANM,WE,Combined TRACON& Tower with Radar,27,14,13,1,55,0,0,35,1,36,27,14,48,2,91,8,0,8,99
04/29/2008,GTF,MT,ANM,WE,Combined TRACON& Tower with Radar,26,36,20,1,83,0,8,32,0,40,26,44,52,1,123,58,4,62,185
04/30/2008,GTF,MT,ANM,WE,Combined TRACON& Tower with Radar,26,37,17,0,80,0,0,9,5,14,26,37,26,5,94,10,20,30,124
05/01/2008,GTF,MT,ANM,WE,Combined TRACON& Tower with Radar,28,19,12,1,60,0,1,28,3,32,28,20,40,4,92,58,0,58,150
05/03/2008,GTF,MT,ANM,WE,Combined TRACON& Tower with Radar,19,12,13,2,46,0,3,49,0,52,19,15,62,2,98,70,0,70,168
05/04/2008,GTF,MT,ANM,WE,Combined TRACON& Tower with Radar,28,6,12,0,46,0,4,36,0,40,28,10,48,0,86,38,0,38,124
05/05/2008,GTF,MT,ANM,WE,Combined TRACON& Tower with Radar,20,25,9,27,81,0,11,38,7,56,20,36,47,34,137,48,34,82,219
05/06/2008,GTF,MT,ANM,WE,Combined TRACON& Tower with Radar,28,27,38,3,96,0,3,40,6,49,28,30,78,9,145,28,6,34,179
05/07/2008,GTF,MT,ANM,WE,Combined TRACON& Tower with Radar,28,22,21,3,74,0,2,34,1,37,28,24,55,4,111,30,12,42,153
05/08/2008,GTF,MT,ANM,WE,Combined TRACON& Tower with Radar,30,25,17,5,77,0,9,23,10,42,30,34,40,15,119,14,4,18,137
05/09/2008,GTF,MT,ANM,WE,Combined TRACON& Tower with Radar,23,31,9,0,63,0,0,3,0,3,23,31,12,0,66,0,0,0,66
05/10/2008,GTF,MT,ANM,WE,Combined TRACON& Tower with Radar,23,8,6,0,37,0,1,20,0,21,23,9,26,0,58,6,0,6,64
05/11/2008,GTF,MT,ANM,WE,Combined TRACON& Tower with Radar,26,3,7,0,36,0,2,27,0,29,26,5,34,0,65,30,0,30,95
05/12/2008,GTF,MT,ANM,WE,Combined TRACON& Tower with Radar,30,18,7,0,55,0,0,8,7,15,30,18,15,7,70,12,30,42,112
05/13/2008,GTF,MT,ANM,WE,Combined TRACON& Tower with Radar,20,22,16,1,59,0,1,61,1,63,20,23,77,2,122,60,2,62,184
05/14/2008,GTF,MT,ANM,WE,Combined TRACON& Tower with Radar,27,29,35,2,93,0,8,21,19,48,27,37,56,21,141,48,26,74,215
05/15/2008,GTF,MT,ANM,WE,Combined TRACON& Tower with Radar,24,26,18,13,81,0,2,37,11,50,24,28,55,24,131,82,20,102,233
05/16/2008,GTF,MT,ANM,WE,Combined TRACON& Tower with Radar,32,21,12,14,79,0,2,55,8,65,32,23,67,22,144,22,8,30,174
05/17/2008,GTF,MT,ANM,WE,Combined TRACON& Tower with Radar,24,11,7,0,42,0,2,41,9,52,24,13,48,9,94,34,4,38,132
05/18/2008,GTF,MT,ANM,WE,Combined TRACON& Tower with Radar,25,6,7,1,39,0,3,62,4,69,25,9,69,5,108,38,0,38,146
05/19/2008,GTF,MT,ANM,WE,Combined TRACON& Tower with Radar,27,15,19,9,70,0,1,52,1,54,27,16,71,10,124,70,8,78,202
05/20/2008,GTF,MT,ANM,WE,Combined TRACON& Tower with Radar,28,22,11,19,80,0,10,15,4,29,28,32,26,23,109,4,6,10,119
05/21/2008,GTF,MT,ANM,WE,Combined TRACON& Tower with Radar,20,37,12,9,78,0,3,5,3,11,20,40,17,12,89,36,12,48,137
05/22/2008,GTF,MT,ANM,WE,Combined TRACON& Tower with Radar,28,21,9,0,58,0,0,5,4,9,28,21,14,4,67,0,0,0,67
05/23/2008,GTF,MT,ANM,WE,Combined TRACON& Tower with Radar,30,19,20,0,69,0,0,6,0,6,30,19,26,0,75,4,0,4,79
05/24/2008,GTF,MT,ANM,WE,Combined TRACON& Tower with Radar,25,13,4,0,42,0,0,4,0,4,25,13,8,0,46,6,0,6,52
05/25/2008,GTF,MT,ANM,WE,Combined TRACON& Tower with Radar,21,4,17,0,42,0,1,7,0,8,21,5,24,0,50,12,0,12,62
05/26/2008,GTF,MT,ANM,WE,Combined TRACON& Tower with Radar,29,4,28,3,64,0,0,14,2,16,29,4,42,5,80,12,0,12,92
05/27/2008,GTF,MT,ANM,WE,Combined TRACON& Tower with Radar,25,11,13,27,76,0,0,31,11,42,25,11,44,38,118,4,36,40,158
05/28/2008,GTF,MT,ANM,WE,Combined TRACON& Tower with Radar,16,29,14,6,65,0,13,47,2,62,16,42,61,8,127,0,28,28,155
05/29/2008,GTF,MT,ANM,WE,Combined TRACON& Tower with Radar,32,27,8,24,91,0,9,37,7,53,32,36,45,31,144,16,38,54,198
05/30/2008,GTF,MT,ANM,WE,Combined TRACON& Tower with Radar,31,19,12,6,68,0,0,38,5,43,31,19,50,11,111,44,30,74,185
05/31/2008,GTF,MT,ANM,WE,Combined TRACON& Tower with Radar,23,13,5,5,46,0,10,44,1,55,23,23,49,6,101,16,10,26,127
06/01/2008,GTF,MT,ANM,WE,Combined TRACON& Tower with Radar,25,3,11,1,40,0,6,38,3,47,25,9,49,4,87,46,0,46,133
06/02/2008,GTF,MT,ANM,WE,Combined TRACON& Tower with Radar,20,29,18,2,69,0,7,32,5,44,20,36,50,7,113,28,6,34,147
06/03/2008,GTF,MT,ANM,WE,Combined TRACON& Tower with Radar,23,25,14,9,71,0,2,24,2,28,23,27,38,11,99,20,4,24,123
06/04/2008,GTF,MT,ANM,WE,Combined TRACON& Tower with Radar,25,26,10,8,69,0,1,10,15,26,25,27,20,23,95,8,10,18,113
06/05/2008,GTF,MT,ANM,WE,Combined TRACON& Tower with Radar,25,26,22,18,91,0,3,29,4,36,25,29,51,22,127,74,26,100,227
06/06/2008,GTF,MT,ANM,WE,Combined TRACON& Tower with Radar,32,19,12,19,82,0,3,27,3,33,32,22,39,22,115,30,2,32,147
06/07/2008,GTF,MT,ANM,WE,Combined TRACON& Tower with Radar,25,12,11,7,55,0,5,11,2,18,25,17,22,9,73,8,4,12,85
06/08/2008,GTF,MT,ANM,WE,Combined TRACON& Tower with Radar,19,3,19,8,49,0,1,5,4,10,19,4,24,12,59,0,8,8,67
06/09/2008,GTF,MT,ANM,WE,Combined TRACON& Tower with Radar,26,15,7,2,50,0,1,29,3,33,26,16,36,5,83,38,0,38,121
06/10/2008,GTF,MT,ANM,WE,Combined TRACON& Tower with Radar,22,25,16,5,68,0,4,21,9,34,22,29,37,14,102,0,0,0,102
06/11/2008,GTF,MT,ANM,WE,Combined TRACON& Tower with Radar,27,21,18,0,66,0,0,8,0,8,27,21,26,0,74,2,0,2,76
06/13/2008,GTF,MT,ANM,WE,Combined TRACON& Tower with Radar,27,22,23,7,79,0,0,27,6,33,27,22,50,13,112,28,10,38,150
06/14/2008,GTF,MT,ANM,WE,Combined TRACON& Tower with Radar,26,12,11,0,49,0,2,49,2,53,26,14,60,2,102,14,0,14,116
06/15/2008,GTF,MT,ANM,WE,Combined TRACON& Tower with Radar,33,6,14,0,53,0,2,48,2,52,33,8,62,2,105,16,0,16,121
06/17/2008,GTF,MT,ANM,WE,Combined TRACON& Tower with Radar,28,28,14,15,85,0,2,32,4,38,28,30,46,19,123,14,0,14,137
06/18/2008,GTF,MT,ANM,WE,Combined TRACON& Tower with Radar,20,30,17,7,74,0,1,44,13,58,20,31,61,20,132,34,8,42,174
06/19/2008,GTF,MT,ANM,WE,Combined TRACON& Tower with Radar,30,21,17,10,78,0,9,48,4,61,30,30,65,14,139,16,30,46,185
06/20/2008,GTF,MT,ANM,WE,Combined TRACON& Tower with Radar,26,28,28,12,94,0,2,67,5,74,26,30,95,17,168,34,18,52,220
06/21/2008,GTF,MT,ANM,WE,Combined TRACON& Tower with Radar,22,13,12,0,47,0,4,34,4,42,22,17,46,4,89,10,0,10,99
06/22/2008,GTF,MT,ANM,WE,Combined TRACON& Tower with Radar,31,6,16,2,55,0,0,0,0,0,31,6,16,2,55,14,0,14,69
06/23/2008,GTF,MT,ANM,WE,Combined TRACON& Tower with Radar,26,17,11,6,60,0,4,38,10,52,26,21,49,16,112,26,0,26,138
06/24/2008,GTF,MT,ANM,WE,Combined TRACON& Tower with Radar,31,19,39,15,104,0,3,34,7,44,31,22,73,22,148,24,24,48,196
06/25/2008,GTF,MT,ANM,WE,Combined TRACON& Tower with Radar,29,24,19,13,85,0,6,31,5,42,29,30,50,18,127,4,12,16,143
06/26/2008,GTF,MT,ANM,WE,Combined TRACON& Tower with Radar,30,25,20,12,87,0,2,29,6,37,30,27,49,18,124,50,14,64,188
06/27/2008,GTF,MT,ANM,WE,Combined TRACON& Tower with Radar,31,23,12,16,82,0,1,30,0,31,31,24,42,16,113,0,22,22,135
06/28/2008,GTF,MT,ANM,WE,Combined TRACON& Tower with Radar,25,12,11,1,49,0,0,62,0,62,25,12,73,1,111,53,0,53,164
06/29/2008,GTF,MT,ANM,WE,Combined TRACON& Tower with Radar,28,4,9,0,41,0,1,33,0,34,28,5,42,0,75,0,0,0,75
06/30/2008,GTF,MT,ANM,WE,Combined TRACON& Tower with Radar,24,18,18,12,72,0,0,37,6,43,24,18,55,18,115,0,36,36,151
07/01/2008,GTF,MT,ANM,WE,Combined TRACON& Tower with Radar,28,24,3,14,69,0,2,37,7,46,28,26,40,21,115,18,10,28,143
07/02/2008,GTF,MT,ANM,WE,Combined TRACON& Tower with Radar,28,24,27,14,93,0,0,15,2,17,28,24,42,16,110,8,8,16,126
07/03/2008,GTF,MT,ANM,WE,Combined TRACON& Tower with Radar,25,26,12,0,63,0,1,42,4,47,25,27,54,4,110,40,0,40,150
07/04/2008,GTF,MT,ANM,WE,Combined TRACON& Tower with Radar,20,9,22,0,51,0,3,12,0,15,20,12,34,0,66,4,0,4,70
07/05/2008,GTF,MT,ANM,WE,Combined TRACON& Tower with Radar,32,22,12,0,66,0,4,20,0,24,32,26,32,0,90,30,0,30,120
07/06/2008,GTF,MT,ANM,WE,Combined TRACON& Tower with Radar,0,0,6,0,6,0,0,0,0,0,0,0,6,0,6,6,0,6,12
07/07/2008,GTF,MT,ANM,WE,Combined TRACON& Tower with Radar,27,11,12,2,52,27,11,52,6,96,54,22,64,8,148,40,0,40,188
07/08/2008,GTF,MT,ANM,WE,Combined TRACON& Tower with Radar,27,19,18,7,71,0,10,53,9,72,27,29,71,16,143,28,18,46,189
07/09/2008,GTF,MT,ANM,WE,Combined TRACON& Tower with Radar,28,28,13,10,79,0,2,26,1,29,28,30,39,11,108,24,8,32,140
07/10/2008,GTF,MT,ANM,WE,Combined TRACON& Tower with Radar,31,30,9,9,79,0,1,37,0,38,31,31,46,9,117,26,14,40,157
07/11/2008,GTF,MT,ANM,WE,Combined TRACON& Tower with Radar,28,23,18,7,76,0,3,32,0,35,28,26,50,7,111,30,2,32,143
07/12/2008,GTF,MT,ANM,WE,Combined TRACON& Tower with Radar,29,15,4,2,50,0,6,43,4,53,29,21,47,6,103,22,8,30,133
07/13/2008,GTF,MT,ANM,WE,Combined TRACON& Tower with Radar,30,2,19,1,52,0,0,27,1,28,30,2,46,2,80,4,0,4,84
07/14/2008,GTF,MT,ANM,WE,Combined TRACON& Tower with Radar,18,24,10,12,64,0,4,36,2,42,18,28,46,14,106,24,2,26,132
07/15/2008,GTF,MT,ANM,WE,Combined TRACON& Tower with Radar,27,23,7,5,62,0,4,45,10,59,27,27,52,15,121,36,8,44,165
07/16/2008,GTF,MT,ANM,WE,Combined TRACON& Tower with Radar,26,30,19,11,86,0,1,53,11,65,26,31,72,22,151,52,6,58,209
07/17/2008,GTF,MT,ANM,WE,Combined TRACON& Tower with Radar,27,21,11,7,66,0,2,70,7,79,27,23,81,14,145,56,2,58,203
07/18/2008,GTF,MT,ANM,WE,Combined TRACON& Tower with Radar,23,25,18,11,77,0,1,41,0,42,23,26,59,11,119,59,0,59,178
07/19/2008,GTF,MT,ANM,WE,Combined TRACON& Tower with Radar,27,11,14,0,52,0,2,48,0,50,27,13,62,0,102,24,0,24,126
07/20/2008,GTF,MT,ANM,WE,Combined TRACON& Tower with Radar,28,13,9,6,56,0,0,39,0,39,28,13,48,6,95,0,0,0,95
07/21/2008,GTF,MT,ANM,WE,Combined TRACON& Tower with Radar,21,31,10,3,65,0,10,44,3,57,21,41,54,6,122,4,8,12,134
07/22/2008,GTF,MT,ANM,WE,Combined TRACON& Tower with Radar,25,19,13,7,64,0,6,38,2,46,25,25,51,9,110,48,12,60,170
07/23/2008,GTF,MT,ANM,WE,Combined TRACON& Tower with Radar,27,26,14,19,86,0,2,48,7,57,27,28,62,26,143,52,42,94,237
07/24/2008,GTF,MT,ANM,WE,Combined TRACON& Tower with Radar,25,27,14,8,74,0,5,44,5,54,25,32,58,13,128,68,28,96,224
07/25/2008,GTF,MT,ANM,WE,Combined TRACON& Tower with Radar,25,19,15,10,69,0,6,51,7,64,25,25,66,17,133,28,12,40,173
07/26/2008,GTF,MT,ANM,WE,Combined TRACON& Tower with Radar,26,16,5,1,48,0,7,55,0,62,26,23,60,1,110,4,0,4,114
07/27/2008,GTF,MT,ANM,WE,Combined TRACON& Tower with Radar,30,8,10,1,49,0,2,34,0,36,30,10,44,1,85,0,0,0,85
07/28/2008,GTF,MT,ANM,WE,Combined TRACON& Tower with Radar,26,15,13,10,64,0,5,40,6,51,26,20,53,16,115,28,4,32,147
07/29/2008,GTF,MT,ANM,WE,Combined TRACON& Tower with Radar,26,23,9,2,60,0,14,37,2,53,26,37,46,4,113,24,0,24,137
07/30/2008,GTF,MT,ANM,WE,Combined TRACON& Tower with Radar,27,25,21,11,84,0,7,35,4,46,27,32,56,15,130,34,0,34,164
07/31/2008,GTF,MT,ANM,WE,Combined TRACON& Tower with Radar,27,25,12,6,70,0,7,53,0,60,27,32,65,6,130,40,2,42,172
08/01/2008,GTF,MT,ANM,WE,Combined TRACON& Tower with Radar,31,28,21,6,86,0,4,54,2,60,31,32,75,8,146,14,0,14,160
08/02/2008,GTF,MT,ANM,WE,Combined TRACON& Tower with Radar,26,17,6,0,49,0,2,31,0,33,26,19,37,0,82,26,0,26,108
08/03/2008,GTF,MT,ANM,WE,Combined TRACON& Tower with Radar,20,6,7,4,37,0,4,26,0,30,20,10,33,4,67,12,0,12,79
08/04/2008,GTF,MT,ANM,WE,Combined TRACON& Tower with Radar,21,27,15,15,78,0,14,44,3,61,21,41,59,18,139,105,2,107,246
08/05/2008,GTF,MT,ANM,WE,Combined TRACON& Tower with Radar,26,23,12,1,62,0,10,36,9,55,26,33,48,10,117,16,10,26,143
08/06/2008,GTF,MT,ANM,WE,Combined TRACON& Tower with Radar,25,16,13,3,57,0,7,53,1,61,25,23,66,4,118,28,4,32,150
08/07/2008,GTF,MT,ANM,WE,Combined TRACON& Tower with Radar,27,25,17,7,76,0,2,28,2,32,27,27,45,9,108,30,0,30,138
08/08/2008,GTF,MT,ANM,WE,Combined TRACON& Tower with Radar,26,26,21,10,83,0,1,17,1,19,26,27,38,11,102,24,0,24,126
08/09/2008,GTF,MT,ANM,WE,Combined TRACON& Tower with Radar,35,13,14,7,69,0,2,25,2,29,35,15,39,9,98,18,0,18,116
08/10/2008,GTF,MT,ANM,WE,Combined TRACON& Tower with Radar,27,4,8,3,42,0,2,8,0,10,27,6,16,3,52,0,0,0,52
08/11/2008,GTF,MT,ANM,WE,Combined TRACON& Tower with Radar,21,12,22,4,59,0,8,22,0,30,21,20,44,4,89,12,4,16,105
08/12/2008,GTF,MT,ANM,WE,Combined TRACON& Tower with Radar,35,24,25,4,88,0,2,42,4,48,35,26,67,8,136,40,8,48,184
08/13/2008,GTF,MT,ANM,WE,Combined TRACON& Tower with Radar,27,25,29,4,85,0,3,26,2,31,27,28,55,6,116,26,2,28,144
08/14/2008,GTF,MT,ANM,WE,Combined TRACON& Tower with Radar,20,34,15,7,76,0,0,23,6,29,20,34,38,13,105,14,0,14,119
08/15/2008,GTF,MT,ANM,WE,Combined TRACON& Tower with Radar,21,26,4,3,54,0,3,50,2,55,21,29,54,5,109,0,0,0,109
08/16/2008,GTF,MT,ANM,WE,Combined TRACON& Tower with Radar,26,12,6,0,44,0,5,21,0,26,26,17,27,0,70,12,0,12,82
08/17/2008,GTF,MT,ANM,WE,Combined TRACON& Tower with Radar,28,2,19,2,51,0,0,32,0,32,28,2,51,2,83,16,0,16,99
08/18/2008,GTF,MT,ANM,WE,Combined TRACON& Tower with Radar,16,24,3,9,52,0,0,25,3,28,16,24,28,12,80,0,0,0,80
08/19/2008,GTF,MT,ANM,WE,Combined TRACON& Tower with Radar,39,22,12,5,78,0,3,36,2,41,39,25,48,7,119,44,0,44,163
08/20/2008,GTF,MT,ANM,WE,Combined TRACON& Tower with Radar,29,19,11,2,61,0,2,32,0,34,29,21,43,2,95,34,0,34,129
08/21/2008,GTF,MT,ANM,WE,Combined TRACON& Tower with Radar,29,26,24,6,85,0,0,16,1,17,29,26,40,7,102,34,2,36,138
08/22/2008,GTF,MT,ANM,WE,Combined TRACON& Tower with Radar,30,23,13,9,75,0,1,30,1,32,30,24,43,10,107,6,0,6,113
08/23/2008,GTF,MT,ANM,WE,Combined TRACON& Tower with Radar,30,12,3,0,45,0,2,68,0,70,30,14,71,0,115,36,0,36,151
08/24/2008,GTF,MT,ANM,WE,Combined TRACON& Tower with Radar,34,1,13,5,53,0,3,31,0,34,34,4,44,5,87,0,0,0,87
08/25/2008,GTF,MT,ANM,WE,Combined TRACON& Tower with Radar,16,32,11,5,64,0,0,20,1,21,16,32,31,6,85,48,0,48,133
08/26/2008,GTF,MT,ANM,WE,Combined TRACON& Tower with Radar,35,32,8,3,78,0,2,6,5,13,35,34,14,8,91,0,8,8,99
08/27/2008,GTF,MT,ANM,WE,Combined TRACON& Tower with Radar,28,21,6,2,57,0,0,15,3,18,28,21,21,5,75,12,4,16,91
08/28/2008,GTF,MT,ANM,WE,Combined TRACON& Tower with Radar,28,24,7,1,60,0,2,37,1,40,28,26,44,2,100,30,2,32,132
08/29/2008,GTF,MT,ANM,WE,Combined TRACON& Tower with Radar,31,28,13,4,76,0,0,25,0,25,31,28,38,4,101,44,0,44,145
08/30/2008,GTF,MT,ANM,WE,Combined TRACON& Tower with Radar,25,10,9,0,44,0,0,24,0,24,25,10,33,0,68,28,0,28,96
08/31/2008,GTF,MT,ANM,WE,Combined TRACON& Tower with Radar,23,1,3,3,30,0,5,1,0,6,23,6,4,3,36,0,0,0,36
09/01/2008,GTF,MT,ANM,WE,Combined TRACON& Tower with Radar,20,9,6,0,35,0,1,1,0,2,20,10,7,0,37,0,0,0,37
09/02/2008,GTF,MT,ANM,WE,Combined TRACON& Tower with Radar,28,14,14,1,57,0,1,36,5,42,28,15,50,6,99,44,2,46,145
09/03/2008,GTF,MT,ANM,WE,Combined TRACON& Tower with Radar,33,30,17,2,82,0,1,52,1,54,33,31,69,3,136,122,0,122,258
09/04/2008,GTF,MT,ANM,WE,Combined TRACON& Tower with Radar,25,21,16,7,69,0,3,14,2,19,25,24,30,9,88,12,2,14,102
09/05/2008,GTF,MT,ANM,WE,Combined TRACON& Tower with Radar,26,23,16,3,68,0,8,55,1,64,26,31,71,4,132,38,18,56,188
09/06/2008,GTF,MT,ANM,WE,Combined TRACON& Tower with Radar,22,12,21,3,58,0,2,6,0,8,22,14,27,3,66,26,0,26,92
09/07/2008,GTF,MT,ANM,WE,Combined TRACON& Tower with Radar,25,2,8,4,39,0,0,22,0,22,25,2,30,4,61,26,0,26,87
09/08/2008,GTF,MT,ANM,WE,Combined TRACON& Tower with Radar,27,13,10,5,55,0,10,28,0,38,27,23,38,5,93,18,0,18,111
09/09/2008,GTF,MT,ANM,WE,Combined TRACON& Tower with Radar,28,21,13,13,75,0,3,24,3,30,28,24,37,16,105,24,12,36,141
09/10/2008,GTF,MT,ANM,WE,Combined TRACON& Tower with Radar,29,29,527,2,587,0,0,4,3,7,29,29,531,5,594,0,2,2,596
09/11/2008,GTF,MT,ANM,WE,Combined TRACON& Tower with Radar,24,18,16,7,65,0,0,32,2,34,24,18,48,9,99,4,14,18,117
09/12/2008,GTF,MT,ANM,WE,Combined TRACON& Tower with Radar,25,19,8,2,54,0,0,36,1,37,25,19,44,3,91,12,0,12,103
09/13/2008,GTF,MT,ANM,WE,Combined TRACON& Tower with Radar,22,11,11,1,45,0,0,26,0,26,22,11,37,1,71,24,0,24,95
09/14/2008,GTF,MT,ANM,WE,Combined TRACON& Tower with Radar,26,0,10,0,36,0,3,36,0,39,26,3,46,0,75,20,0,20,95
09/15/2008,GTF,MT,ANM,WE,Combined TRACON& Tower with Radar,14,26,12,1,53,0,0,32,0,32,14,26,44,1,85,10,2,12,97
09/16/2008,GTF,MT,ANM,WE,Combined TRACON& Tower with Radar,27,16,10,3,56,0,5,33,1,39,27,21,43,4,95,6,4,10,105
09/17/2008,GTF,MT,ANM,WE,Combined TRACON& Tower with Radar,32,24,15,2,73,0,4,27,0,31,32,28,42,2,104,20,4,24,128
09/18/2008,GTF,MT,ANM,WE,Combined TRACON& Tower with Radar,24,26,11,9,70,0,1,17,11,29,24,27,28,20,99,2,2,4,103
09/19/2008,GTF,MT,ANM,WE,Combined TRACON& Tower with Radar,27,25,7,0,59,0,1,29,7,37,27,26,36,7,96,0,0,0,96
09/20/2008,GTF,MT,ANM,WE,Combined TRACON& Tower with Radar,21,14,12,0,47,0,3,33,0,36,21,17,45,0,83,12,0,12,95
09/21/2008,GTF,MT,ANM,WE,Combined TRACON& Tower with Radar,27,3,13,0,43,0,3,14,0,17,27,6,27,0,60,2,0,2,62
09/22/2008,GTF,MT,ANM,WE,Combined TRACON& Tower with Radar,14,20,17,0,51,0,13,11,7,31,14,33,28,7,82,32,6,38,120
09/23/2008,GTF,MT,ANM,WE,Combined TRACON& Tower with Radar,33,21,24,3,81,0,4,23,2,29,33,25,47,5,110,14,0,14,124
09/24/2008,GTF,MT,ANM,WE,Combined TRACON& Tower with Radar,18,28,19,0,65,0,0,33,7,40,18,28,52,7,105,34,0,34,139
09/25/2008,GTF,MT,ANM,WE,Combined TRACON& Tower with Radar,25,21,16,2,64,0,2,38,0,40,25,23,54,2,104,44,2,46,150
09/26/2008,GTF,MT,ANM,WE,Combined TRACON& Tower with Radar,24,31,8,9,72,0,13,64,1,78,24,44,72,10,150,70,6,76,226
09/27/2008,GTF,MT,ANM,WE,Combined TRACON& Tower with Radar,24,7,6,2,39,0,3,52,0,55,24,10,58,2,94,32,0,32,126
09/28/2008,GTF,MT,ANM,WE,Combined TRACON& Tower with Radar,33,3,16,9,61,0,2,30,0,32,33,5,46,9,93,6,0,6,99
09/29/2008,GTF,MT,ANM,WE,Combined TRACON& Tower with Radar,24,13,10,10,57,0,1,42,5,48,24,14,52,15,105,14,6,20,125
09/30/2008,GTF,MT,ANM,WE,Combined TRACON& Tower with Radar,28,30,22,1,81,0,3,32,1,36,28,33,54,2,117,2,0,2,119
10/01/2008,GTF,MT,ANM,WE,Combined TRACON& Tower with Radar,35,30,9,6,80,0,5,39,1,45,35,35,48,7,125,8,0,8,133
10/02/2008,GTF,MT,ANM,WE,Combined TRACON& Tower with Radar,31,26,29,5,91,0,0,58,2,60,31,26,87,7,151,16,0,16,167
10/03/2008,GTF,MT,ANM,WE,Combined TRACON& Tower with Radar,23,28,9,6,66,0,8,39,3,50,23,36,48,9,116,22,4,26,142
10/04/2008,GTF,MT,ANM,WE,Combined TRACON& Tower with Radar,25,13,6,0,44,0,2,17,0,19,25,15,23,0,63,20,0,20,83
10/05/2008,GTF,MT,ANM,WE,Combined TRACON& Tower with Radar,28,4,18,0,50,0,0,15,0,15,28,4,33,0,65,10,0,10,75
10/06/2008,GTF,MT,ANM,WE,Combined TRACON& Tower with Radar,25,20,12,2,59,0,2,16,1,19,25,22,28,3,78,8,4,12,90
10/07/2008,GTF,MT,ANM,WE,Combined TRACON& Tower with Radar,28,23,18,4,73,0,2,10,4,16,28,25,28,8,89,0,2,2,91
10/08/2008,GTF,MT,ANM,WE,Combined TRACON& Tower with Radar,26,22,22,7,77,0,1,17,2,20,26,23,39,9,97,6,0,6,103
10/09/2008,GTF,MT,ANM,WE,Combined TRACON& Tower with Radar,31,19,13,5,68,0,4,25,13,42,31,23,38,18,110,0,0,0,110
10/10/2008,GTF,MT,ANM,WE,Combined TRACON& Tower with Radar,28,31,15,2,76,0,1,8,13,22,28,32,23,15,98,8,10,18,116
10/11/2008,GTF,MT,ANM,WE,Combined TRACON& Tower with Radar,22,15,3,0,40,0,0,0,0,0,22,15,3,0,40,0,0,0,40
10/12/2008,GTF,MT,ANM,WE,Combined TRACON& Tower with Radar,26,6,1,0,33,0,0,0,0,0,26,6,1,0,33,0,0,0,33
10/13/2008,GTF,MT,ANM,WE,Combined TRACON& Tower with Radar,21,26,12,5,64,0,0,13,0,13,21,26,25,5,77,4,0,4,81
10/14/2008,GTF,MT,ANM,WE,Combined TRACON& Tower with Radar,31,32,27,1,91,0,13,14,2,29,31,45,41,3,120,0,42,42,162
10/15/2008,GTF,MT,ANM,WE,Combined TRACON& Tower with Radar,28,23,27,5,83,0,0,33,2,35,28,23,60,7,118,22,0,22,140
10/16/2008,GTF,MT,ANM,WE,Combined TRACON& Tower with Radar,28,28,12,0,68,0,0,27,0,27,28,28,39,0,95,50,0,50,145
10/17/2008,GTF,MT,ANM,WE,Combined TRACON& Tower with Radar,27,19,11,4,61,0,2,20,1,23,27,21,31,5,84,10,8,18,102
10/18/2008,GTF,MT,ANM,WE,Combined TRACON& Tower with Radar,28,11,5,0,44,0,1,26,0,27,28,12,31,0,71,30,0,30,101
10/19/2008,GTF,MT,ANM,WE,Combined TRACON& Tower with Radar,33,6,12,1,52,0,0,2,0,2,33,6,14,1,54,0,0,0,54
10/20/2008,GTF,MT,ANM,WE,Combined TRACON& Tower with Radar,18,16,6,1,41,0,6,17,4,27,18,22,23,5,68,34,0,34,102
10/21/2008,GTF,MT,ANM,WE,Combined TRACON& Tower with Radar,29,24,24,2,79,0,3,22,0,25,29,27,46,2,104,48,0,48,152
10/22/2008,GTF,MT,ANM,WE,Combined TRACON& Tower with Radar,33,16,15,1,65,0,3,34,3,40,33,19,49,4,105,56,0,56,161
10/23/2008,GTF,MT,ANM,WE,Combined TRACON& Tower with Radar,29,14,28,2,73,0,1,38,8,47,29,15,66,10,120,83,0,83,203
10/24/2008,GTF,MT,ANM,WE,Combined TRACON& Tower with Radar,30,24,13,9,76,0,4,14,4,22,30,28,27,13,98,10,6,16,114
10/25/2008,GTF,MT,ANM,WE,Combined TRACON& Tower with Radar,23,9,4,0,36,0,1,18,0,19,23,10,22,0,55,0,0,0,55
10/26/2008,GTF,MT,ANM,WE,Combined TRACON& Tower with Radar,29,2,23,0,54,0,3,44,0,47,29,5,67,0,101,20,0,20,121
10/27/2008,GTF,MT,ANM,WE,Combined TRACON& Tower with Radar,22,12,15,7,56,0,6,30,8,44,22,18,45,15,100,24,0,24,124
10/28/2008,GTF,MT,ANM,WE,Combined TRACON& Tower with Radar,33,27,10,9,79,0,0,20,9,29,33,27,30,18,108,20,4,24,132
10/29/2008,GTF,MT,ANM,WE,Combined TRACON& Tower with Radar,25,19,16,8,68,0,1,34,4,39,25,20,50,12,107,22,2,24,131
10/30/2008,GTF,MT,ANM,WE,Combined TRACON& Tower with Radar,31,24,21,0,76,0,6,23,0,29,31,30,44,0,105,2,0,2,107
10/31/2008,GTF,MT,ANM,WE,Combined TRACON& Tower with Radar,29,20,4,5,58,0,0,29,1,30,29,20,33,6,88,8,0,8,96
11/01/2008,GTF,MT,ANM,WE,Combined TRACON& Tower with Radar,25,13,4,0,42,0,0,29,0,29,25,13,33,0,71,12,0,12,83
11/02/2008,GTF,MT,ANM,WE,Combined TRACON& Tower with Radar,27,4,12,0,43,0,4,18,0,22,27,8,30,0,65,12,0,12,77
11/03/2008,GTF,MT,ANM,WE,Combined TRACON& Tower with Radar,18,21,11,0,50,0,0,11,0,11,18,21,22,0,61,0,0,0,61
11/04/2008,GTF,MT,ANM,WE,Combined TRACON& Tower with Radar,24,27,20,6,77,0,4,8,6,18,24,31,28,12,95,4,0,4,99
11/05/2008,GTF,MT,ANM,WE,Combined TRACON& Tower with Radar,27,24,12,2,65,0,0,6,0,6,27,24,18,2,71,0,0,0,71
11/06/2008,GTF,MT,ANM,WE,Combined TRACON& Tower with Radar,32,26,10,1,69,0,2,20,0,22,32,28,30,1,91,4,0,4,95
11/07/2008,GTF,MT,ANM,WE,Combined TRACON& Tower with Radar,29,21,5,4,59,0,1,14,2,17,29,22,19,6,76,12,0,12,88
11/08/2008,GTF,MT,ANM,WE,Combined TRACON& Tower with Radar,30,16,7,0,53,0,0,13,0,13,30,16,20,0,66,4,0,4,70
11/09/2008,GTF,MT,ANM,WE,Combined TRACON& Tower with Radar,29,4,12,4,49,0,0,33,5,38,29,4,45,9,87,42,26,68,155
11/10/2008,GTF,MT,ANM,WE,Combined TRACON& Tower with Radar,32,15,16,4,67,0,0,14,0,14,32,15,30,4,81,28,0,28,109
11/11/2008,GTF,MT,ANM,WE,Combined TRACON& Tower with Radar,40,28,20,0,88,0,4,7,1,12,40,32,27,1,100,2,0,2,102
11/12/2008,GTF,MT,ANM,WE,Combined TRACON& Tower with Radar,30,34,22,4,90,0,2,2,1,5,30,36,24,5,95,0,2,2,97
11/13/2008,GTF,MT,ANM,WE,Combined TRACON& Tower with Radar,34,24,21,6,85,0,2,17,2,21,34,26,38,8,106,26,8,34,140
11/14/2008,GTF,MT,ANM,WE,Combined TRACON& Tower with Radar,28,22,8,7,65,0,2,30,2,34,28,24,38,9,99,14,8,22,121
11/15/2008,GTF,MT,ANM,WE,Combined TRACON& Tower with Radar,23,12,3,0,38,0,2,17,2,21,23,14,20,2,59,16,0,16,75
11/16/2008,GTF,MT,ANM,WE,Combined TRACON& Tower with Radar,30,4,8,0,42,0,0,21,0,21,30,4,29,0,63,36,0,36,99
11/17/2008,GTF,MT,ANM,WE,Combined TRACON& Tower with Radar,27,17,16,2,62,0,0,16,2,18,27,17,32,4,80,10,4,14,94
11/18/2008,GTF,MT,ANM,WE,Combined TRACON& Tower with Radar,30,18,25,6,79,0,0,31,3,34,30,18,56,9,113,32,0,32,145
11/19/2008,GTF,MT,ANM,WE,Combined TRACON& Tower with Radar,31,21,16,1,69,0,0,3,2,5,31,21,19,3,74,20,0,20,94
11/20/2008,GTF,MT,ANM,WE,Combined TRACON& Tower with Radar,29,25,9,11,74,0,8,22,3,33,29,33,31,14,107,66,42,108,215
11/21/2008,GTF,MT,ANM,WE,Combined TRACON& Tower with Radar,27,32,5,4,68,0,0,18,5,23,27,32,23,9,91,2,38,40,131
11/22/2008,GTF,MT,ANM,WE,Combined TRACON& Tower with Radar,24,15,7,0,46,0,2,18,0,20,24,17,25,0,66,12,0,12,78
11/23/2008,GTF,MT,ANM,WE,Combined TRACON& Tower with Radar,26,6,9,0,41,0,0,37,0,37,26,6,46,0,78,30,0,30,108
11/24/2008,GTF,MT,ANM,WE,Combined TRACON& Tower with Radar,26,18,14,18,76,0,3,20,5,28,26,21,34,23,104,14,12,26,130
11/25/2008,GTF,MT,ANM,WE,Combined TRACON& Tower with Radar,36,36,18,5,95,0,1,33,4,38,36,37,51,9,133,14,2,16,149
11/26/2008,GTF,MT,ANM,WE,Combined TRACON& Tower with Radar,26,22,12,4,64,0,3,16,1,20,26,25,28,5,84,10,0,10,94
11/27/2008,GTF,MT,ANM,WE,Combined TRACON& Tower with Radar,37,4,2,0,43,0,1,22,0,23,37,5,24,0,66,10,0,10,76
11/28/2008,GTF,MT,ANM,WE,Combined TRACON& Tower with Radar,25,30,2,2,59,0,0,34,0,34,25,30,36,2,93,20,0,20,113
11/29/2008,GTF,MT,ANM,WE,Combined TRACON& Tower with Radar,24,11,12,0,47,0,0,20,0,20,24,11,32,0,67,0,0,0,67
11/30/2008,GTF,MT,ANM,WE,Combined TRACON& Tower with Radar,28,2,8,2,40,0,2,16,0,18,28,4,24,2,58,10,0,10,68
12/01/2008,GTF,MT,ANM,WE,Combined TRACON& Tower with Radar,28,24,19,5,76,0,6,3,1,10,28,30,22,6,86,14,0,14,100
12/02/2008,GTF,MT,ANM,WE,Combined TRACON& Tower with Radar,31,29,13,0,73,0,6,1,0,7,31,35,14,0,80,0,0,0,80
12/03/2008,GTF,MT,ANM,WE,Combined TRACON& Tower with Radar,30,25,19,0,74,0,0,5,0,5,30,25,24,0,79,6,0,6,85
12/04/2008,GTF,MT,ANM,WE,Combined TRACON& Tower with Radar,35,21,7,4,67,0,2,19,2,23,35,23,26,6,90,6,6,12,102
12/05/2008,GTF,MT,ANM,WE,Combined TRACON& Tower with Radar,23,27,14,10,74,0,0,7,5,12,23,27,21,15,86,12,12,24,110
12/06/2008,GTF,MT,ANM,WE,Combined TRACON& Tower with Radar,29,18,7,0,54,0,2,13,0,15,29,20,20,0,69,12,0,12,81
12/07/2008,GTF,MT,ANM,WE,Combined TRACON& Tower with Radar,31,4,12,0,47,0,2,12,0,14,31,6,24,0,61,22,0,22,83
12/08/2008,GTF,MT,ANM,WE,Combined TRACON& Tower with Radar,25,12,10,0,47,0,1,8,0,9,25,13,18,0,56,0,0,0,56
12/09/2008,GTF,MT,ANM,WE,Combined TRACON& Tower with Radar,28,33,10,2,73,0,5,11,3,19,28,38,21,5,92,0,0,0,92
12/10/2008,GTF,MT,ANM,WE,Combined TRACON& Tower with Radar,26,24,15,0,65,0,4,21,0,25,26,28,36,0,90,36,0,36,126
12/11/2008,GTF,MT,ANM,WE,Combined TRACON& Tower with Radar,32,29,9,4,74,0,1,45,3,49,32,30,54,7,123,36,8,44,167
12/12/2008,GTF,MT,ANM,WE,Combined TRACON& Tower with Radar,23,26,5,4,58,0,2,6,1,9,23,28,11,5,67,0,0,0,67
12/13/2008,GTF,MT,ANM,WE,Combined TRACON& Tower with Radar,30,8,4,0,42,0,0,0,0,0,30,8,4,0,42,0,0,0,42
12/14/2008,GTF,MT,ANM,WE,Combined TRACON& Tower with Radar,29,4,6,0,39,0,1,4,0,5,29,5,10,0,44,0,0,0,44
12/15/2008,GTF,MT,ANM,WE,Combined TRACON& Tower with Radar,29,12,8,0,49,0,3,9,0,12,29,15,17,0,61,0,0,0,61
12/16/2008,GTF,MT,ANM,WE,Combined TRACON& Tower with Radar,29,26,8,2,65,0,1,2,0,3,29,27,10,2,68,6,0,6,74
12/17/2008,GTF,MT,ANM,WE,Combined TRACON& Tower with Radar,32,33,14,4,83,0,3,3,1,7,32,36,17,5,90,0,2,2,92
12/18/2008,GTF,MT,ANM,WE,Combined TRACON& Tower with Radar,30,23,10,3,66,0,0,1,0,1,30,23,11,3,67,6,2,8,75
12/19/2008,GTF,MT,ANM,WE,Combined TRACON& Tower with Radar,22,32,3,0,57,0,0,3,1,4,22,32,6,1,61,0,0,0,61
12/20/2008,GTF,MT,ANM,WE,Combined TRACON& Tower with Radar,29,30,10,0,69,0,0,4,2,6,29,30,14,2,75,0,0,0,75
12/21/2008,GTF,MT,ANM,WE,Combined TRACON& Tower with Radar,24,5,2,0,31,0,2,12,0,14,24,7,14,0,45,10,0,10,55
12/22/2008,GTF,MT,ANM,WE,Combined TRACON& Tower with Radar,20,16,9,0,45,0,0,0,0,0,20,16,9,0,45,0,0,0,45
12/23/2008,GTF,MT,ANM,WE,Combined TRACON& Tower with Radar,20,32,7,1,60,0,2,6,3,11,20,34,13,4,71,0,0,0,71
12/24/2008,GTF,MT,ANM,WE,Combined TRACON& Tower with Radar,23,28,2,2,55,0,0,3,7,10,23,28,5,9,65,0,0,0,65
12/25/2008,GTF,MT,ANM,WE,Combined TRACON& Tower with Radar,23,5,1,0,29,0,0,4,0,4,23,5,5,0,33,0,0,0,33
12/26/2008,GTF,MT,ANM,WE,Combined TRACON& Tower with Radar,30,21,10,0,61,0,0,6,0,6,30,21,16,0,67,0,0,0,67
12/27/2008,GTF,MT,ANM,WE,Combined TRACON& Tower with Radar,25,10,8,0,43,0,0,0,0,0,25,10,8,0,43,0,0,0,43
12/28/2008,GTF,MT,ANM,WE,Combined TRACON& Tower with Radar,27,8,12,0,47,0,5,3,0,8,27,13,15,0,55,0,0,0,55
12/29/2008,GTF,MT,ANM,WE,Combined TRACON& Tower with Radar,22,22,5,3,52,0,0,6,1,7,22,22,11,4,59,6,0,6,65
12/30/2008,GTF,MT,ANM,WE,Combined TRACON& Tower with Radar,26,27,9,1,63,0,1,8,3,12,26,28,17,4,75,0,0,0,75
12/31/2008,GTF,MT,ANM,WE,Combined TRACON& Tower with Radar,29,18,2,0,49,0,1,0,0,1,29,19,2,0,50,0,0,0,50
01/01/2009,GTF,MT,ANM,WE,Combined TRACON& Tower with Radar,26,4,3,0,33,0,2,2,0,4,26,6,5,0,37,8,0,8,45
01/02/2009,GTF,MT,ANM,WE,Combined TRACON& Tower with Radar,42,10,6,0,58,0,1,0,0,1,42,11,6,0,59,0,0,0,59
01/03/2009,GTF,MT,ANM,WE,Combined TRACON& Tower with Radar,21,11,12,0,44,0,3,13,0,16,21,14,25,0,60,18,0,18,78
01/04/2009,GTF,MT,ANM,WE,Combined TRACON& Tower with Radar,30,3,10,0,43,0,2,18,0,20,30,5,28,0,63,10,0,10,73
01/05/2009,GTF,MT,ANM,WE,Combined TRACON& Tower with Radar,26,22,4,9,61,0,0,2,6,8,26,22,6,15,69,0,10,10,79
01/06/2009,GTF,MT,ANM,WE,Combined TRACON& Tower with Radar,26,24,14,4,68,0,3,30,3,36,26,27,44,7,104,12,2,14,118
01/07/2009,GTF,MT,ANM,WE,Combined TRACON& Tower with Radar,28,29,18,1,76,0,6,12,0,18,28,35,30,1,94,20,0,20,114
01/08/2009,GTF,MT,ANM,WE,Combined TRACON& Tower with Radar,22,25,17,3,67,0,1,11,2,14,22,26,28,5,81,36,2,38,119
01/09/2009,GTF,MT,ANM,WE,Combined TRACON& Tower with Radar,28,31,20,0,79,0,0,15,0,15,28,31,35,0,94,10,0,10,104
01/10/2009,GTF,MT,ANM,WE,Combined TRACON& Tower with Radar,26,12,2,0,40,0,0,38,0,38,26,12,40,0,78,22,0,22,100
01/11/2009,GTF,MT,ANM,WE,Combined TRACON& Tower with Radar,28,2,12,0,42,0,0,13,0,13,28,2,25,0,55,8,0,8,63
01/12/2009,GTF,MT,ANM,WE,Combined TRACON& Tower with Radar,32,24,6,4,66,0,4,18,4,26,32,28,24,8,92,48,0,48,140
01/13/2009,GTF,MT,ANM,WE,Combined TRACON& Tower with Radar,27,29,10,2,68,1,15,11,2,29,28,44,21,4,97,54,4,58,155
01/14/2009,GTF,MT,ANM,WE,Combined TRACON& Tower with Radar,30,40,23,0,93,0,0,1,0,1,30,40,24,0,94,0,0,0,94
01/15/2009,GTF,MT,ANM,WE,Combined TRACON& Tower with Radar,30,31,19,8,88,0,0,31,1,32,30,31,50,9,120,20,14,34,154
01/16/2009,GTF,MT,ANM,WE,Combined TRACON& Tower with Radar,32,23,3,0,58,0,2,23,0,25,32,25,26,0,83,0,0,0,83
01/17/2009,GTF,MT,ANM,WE,Combined TRACON& Tower with Radar,26,14,12,0,52,0,1,45,0,46,26,15,57,0,98,30,0,30,128
01/18/2009,GTF,MT,ANM,WE,Combined TRACON& Tower with Radar,31,10,5,0,46,0,0,22,0,22,31,10,27,0,68,6,0,6,74
01/19/2009,GTF,MT,ANM,WE,Combined TRACON& Tower with Radar,28,20,6,0,54,0,1,15,0,16,28,21,21,0,70,34,0,34,104
01/20/2009,GTF,MT,ANM,WE,Combined TRACON& Tower with Radar,24,24,10,10,68,0,3,21,2,26,24,27,31,12,94,16,0,16,110
01/21/2009,GTF,MT,ANM,WE,Combined TRACON& Tower with Radar,30,25,18,7,80,0,5,33,3,41,30,30,51,10,121,32,6,38,159
01/22/2009,GTF,MT,ANM,WE,Combined TRACON& Tower with Radar,29,23,13,2,67,0,0,1,4,5,29,23,14,6,72,0,0,0,72
01/23/2009,GTF,MT,ANM,WE,Combined TRACON& Tower with Radar,36,24,17,0,77,0,0,7,0,7,36,24,24,0,84,0,0,0,84
01/24/2009,GTF,MT,ANM,WE,Combined TRACON& Tower with Radar,24,15,7,0,46,0,0,0,0,0,24,15,7,0,46,0,0,0,46
01/25/2009,GTF,MT,ANM,WE,Combined TRACON& Tower with Radar,28,1,1,2,32,0,4,4,0,8,28,5,5,2,40,0,0,0,40
01/26/2009,GTF,MT,ANM,WE,Combined TRACON& Tower with Radar,28,12,8,5,53,0,5,32,4,41,28,17,40,9,94,46,20,66,160
01/27/2009,GTF,MT,ANM,WE,Combined TRACON& Tower with Radar,25,12,13,3,53,0,2,9,0,11,25,14,22,3,64,20,0,20,84
01/28/2009,GTF,MT,ANM,WE,Combined TRACON& Tower with Radar,35,26,8,21,90,0,2,16,6,24,35,28,24,27,114,14,34,48,162
01/29/2009,GTF,MT,ANM,WE,Combined TRACON& Tower with Radar,26,30,5,2,63,0,1,16,0,17,26,31,21,2,80,0,0,0,80
01/30/2009,GTF,MT,ANM,WE,Combined TRACON& Tower with Radar,26,24,16,1,67,0,4,12,4,20,26,28,28,5,87,18,2,20,107
01/31/2009,GTF,MT,ANM,WE,Combined TRACON& Tower with Radar,33,14,10,0,57,0,1,13,0,14,33,15,23,0,71,18,0,18,89
02/01/2009,GTF,MT,ANM,WE,Combined TRACON& Tower with Radar,33,1,13,0,47,0,0,26,5,31,33,1,39,5,78,26,0,26,104
02/02/2009,GTF,MT,ANM,WE,Combined TRACON& Tower with Radar,31,13,9,3,56,0,4,12,1,17,31,17,21,4,73,16,0,16,89
02/03/2009,GTF,MT,ANM,WE,Combined TRACON& Tower with Radar,33,23,14,3,73,0,4,16,4,24,33,27,30,7,97,28,0,28,125
02/04/2009,GTF,MT,ANM,WE,Combined TRACON& Tower with Radar,29,23,5,6,63,0,2,23,1,26,29,25,28,7,89,10,0,10,99
02/05/2009,GTF,MT,ANM,WE,Combined TRACON& Tower with Radar,31,23,10,5,69,0,1,23,2,26,31,24,33,7,95,0,0,0,95
02/06/2009,GTF,MT,ANM,WE,Combined TRACON& Tower with Radar,25,27,12,6,70,0,3,20,1,24,25,30,32,7,94,28,10,38,132
02/07/2009,GTF,MT,ANM,WE,Combined TRACON& Tower with Radar,29,10,3,3,45,0,0,23,3,26,29,10,26,6,71,8,4,12,83
02/08/2009,GTF,MT,ANM,WE,Combined TRACON& Tower with Radar,28,3,8,4,43,0,2,25,4,31,28,5,33,8,74,0,4,4,78
02/09/2009,GTF,MT,ANM,WE,Combined TRACON& Tower with Radar,32,23,5,12,72,0,0,13,10,23,32,23,18,22,95,6,4,10,105
02/10/2009,GTF,MT,ANM,WE,Combined TRACON& Tower with Radar,24,20,8,8,60,0,1,24,5,30,24,21,32,13,90,6,12,18,108
02/11/2009,GTF,MT,ANM,WE,Combined TRACON& Tower with Radar,31,25,10,16,82,0,2,24,5,31,31,27,34,21,113,32,16,48,161
02/12/2009,GTF,MT,ANM,WE,Combined TRACON& Tower with Radar,31,25,18,7,81,0,2,11,2,15,31,27,29,9,96,24,2,26,122
02/13/2009,GTF,MT,ANM,WE,Combined TRACON& Tower with Radar,28,29,8,5,70,0,1,1,0,2,28,30,9,5,72,0,0,0,72
02/14/2009,GTF,MT,ANM,WE,Combined TRACON& Tower with Radar,26,13,2,0,41,0,0,1,0,1,26,13,3,0,42,0,0,0,42
02/15/2009,GTF,MT,ANM,WE,Combined TRACON& Tower with Radar,28,2,15,0,45,0,2,16,0,18,28,4,31,0,63,14,0,14,77
02/16/2009,GTF,MT,ANM,WE,Combined TRACON& Tower with Radar,24,14,15,4,57,0,0,24,0,24,24,14,39,4,81,32,0,32,113
02/17/2009,GTF,MT,ANM,WE,Combined TRACON& Tower with Radar,41,21,11,15,88,0,4,23,2,29,41,25,34,17,117,14,10,24,141
02/18/2009,GTF,MT,ANM,WE,Combined TRACON& Tower with Radar,37,28,13,19,97,0,3,14,3,20,37,31,27,22,117,10,14,24,141
02/19/2009,GTF,MT,ANM,WE,Combined TRACON& Tower with Radar,32,20,17,15,84,0,0,18,6,24,32,20,35,21,108,0,10,10,118
02/20/2009,GTF,MT,ANM,WE,Combined TRACON& Tower with Radar,31,19,4,1,55,0,0,7,0,7,31,19,11,1,62,0,0,0,62
02/21/2009,GTF,MT,ANM,WE,Combined TRACON& Tower with Radar,29,26,6,11,72,0,5,39,0,44,29,31,45,11,116,0,0,0,116
02/22/2009,GTF,MT,ANM,WE,Combined TRACON& Tower with Radar,26,0,6,1,33,0,10,26,0,36,26,10,32,1,69,6,0,6,75
02/23/2009,GTF,MT,ANM,WE,Combined TRACON& Tower with Radar,31,22,9,6,68,0,2,14,1,17,31,24,23,7,85,6,0,6,91
02/24/2009,GTF,MT,ANM,WE,Combined TRACON& Tower with Radar,28,23,12,9,72,0,2,17,2,21,28,25,29,11,93,16,10,26,119
02/25/2009,GTF,MT,ANM,WE,Combined TRACON& Tower with Radar,33,20,10,0,63,0,0,0,0,0,33,20,10,0,63,0,0,0,63
02/26/2009,GTF,MT,ANM,WE,Combined TRACON& Tower with Radar,27,33,4,0,64,0,0,0,0,0,27,33,4,0,64,0,0,0,64
02/27/2009,GTF,MT,ANM,WE,Combined TRACON& Tower with Radar,25,31,11,6,73,0,0,13,4,17,25,31,24,10,90,38,0,38,128
02/28/2009,GTF,MT,ANM,WE,Combined TRACON& Tower with Radar,24,10,4,0,38,0,0,35,0,35,24,10,39,0,73,24,0,24,97
03/01/2009,GTF,MT,ANM,WE,Combined TRACON& Tower with Radar,28,1,7,0,36,0,0,6,0,6,28,1,13,0,42,0,0,0,42
03/02/2009,GTF,MT,ANM,WE,Combined TRACON& Tower with Radar,33,18,6,4,61,0,0,31,2,33,33,18,37,6,94,48,6,54,148
03/03/2009,GTF,MT,ANM,WE,Combined TRACON& Tower with Radar,32,29,15,7,83,0,1,15,3,19,32,30,30,10,102,10,4,14,116
03/04/2009,GTF,MT,ANM,WE,Combined TRACON& Tower with Radar,31,24,9,11,75,0,1,30,1,32,31,25,39,12,107,16,0,16,123
03/05/2009,GTF,MT,ANM,WE,Combined TRACON& Tower with Radar,28,25,10,4,67,0,2,3,0,5,28,27,13,4,72,12,0,12,84
03/06/2009,GTF,MT,ANM,WE,Combined TRACON& Tower with Radar,35,18,9,3,65,0,3,22,1,26,35,21,31,4,91,2,24,26,117
03/07/2009,GTF,MT,ANM,WE,Combined TRACON& Tower with Radar,21,13,0,0,34,0,4,7,0,11,21,17,7,0,45,12,0,12,57
03/08/2009,GTF,MT,ANM,WE,Combined TRACON& Tower with Radar,32,7,11,1,51,0,0,0,0,0,32,7,11,1,51,8,0,8,59
03/09/2009,GTF,MT,ANM,WE,Combined TRACON& Tower with Radar,27,14,25,1,67,0,0,1,0,1,27,14,26,1,68,24,0,24,92
03/10/2009,GTF,MT,ANM,WE,Combined TRACON& Tower with Radar,40,30,16,1,87,0,0,7,2,9,40,30,23,3,96,26,2,28,124
03/11/2009,GTF,MT,ANM,WE,Combined TRACON& Tower with Radar,28,26,19,6,79,0,0,30,4,34,28,26,49,10,113,16,16,32,145
03/12/2009,GTF,MT,ANM,WE,Combined TRACON& Tower with Radar,34,21,12,8,75,0,11,37,0,48,34,32,49,8,123,52,10,62,185
03/13/2009,GTF,MT,ANM,WE,Combined TRACON& Tower with Radar,29,26,7,4,66,0,8,20,0,28,29,34,27,4,94,50,11,61,155
03/14/2009,GTF,MT,ANM,WE,Combined TRACON& Tower with Radar,25,10,9,0,44,0,2,18,0,20,25,12,27,0,64,12,0,12,76
03/15/2009,GTF,MT,ANM,WE,Combined TRACON& Tower with Radar,31,2,2,0,35,0,0,14,0,14,31,2,16,0,49,4,0,4,53
03/16/2009,GTF,MT,ANM,WE,Combined TRACON& Tower with Radar,28,15,5,0,48,0,0,20,0,20,28,15,25,0,68,0,0,0,68
03/17/2009,GTF,MT,ANM,WE,Combined TRACON& Tower with Radar,27,27,20,13,87,0,1,28,4,33,27,28,48,17,120,16,76,92,212
03/18/2009,GTF,MT,ANM,WE,Combined TRACON& Tower with Radar,30,30,39,4,103,0,3,33,1,37,30,33,72,5,140,40,6,46,186
03/19/2009,GTF,MT,ANM,WE,Combined TRACON& Tower with Radar,33,22,20,14,89,0,4,43,1,48,33,26,63,15,137,14,6,20,157
03/20/2009,GTF,MT,ANM,WE,Combined TRACON& Tower with Radar,28,25,7,6,66,0,3,49,0,52,28,28,56,6,118,38,2,40,158
03/21/2009,GTF,MT,ANM,WE,Combined TRACON& Tower with Radar,24,16,12,0,52,0,0,34,0,34,24,16,46,0,86,6,0,6,92
03/22/2009,GTF,MT,ANM,WE,Combined TRACON& Tower with Radar,30,1,12,0,43,0,0,0,0,0,30,1,12,0,43,0,0,0,43
03/23/2009,GTF,MT,ANM,WE,Combined TRACON& Tower with Radar,32,27,7,15,81,0,6,7,2,15,32,33,14,17,96,40,16,56,152
03/24/2009,GTF,MT,ANM,WE,Combined TRACON& Tower with Radar,21,22,18,7,68,0,1,20,1,22,21,23,38,8,90,16,2,18,108
03/25/2009,GTF,MT,ANM,WE,Combined TRACON& Tower with Radar,33,30,16,2,81,0,0,0,0,0,33,30,16,2,81,0,0,0,81
03/26/2009,GTF,MT,ANM,WE,Combined TRACON& Tower with Radar,28,29,8,7,72,0,1,34,2,37,28,30,42,9,109,114,0,114,223
03/27/2009,GTF,MT,ANM,WE,Combined TRACON& Tower with Radar,36,26,13,15,90,0,7,9,2,18,36,33,22,17,108,28,4,32,140
03/28/2009,GTF,MT,ANM,WE,Combined TRACON& Tower with Radar,24,13,9,0,46,0,2,12,0,14,24,15,21,0,60,0,0,0,60
03/29/2009,GTF,MT,ANM,WE,Combined TRACON& Tower with Radar,31,3,3,0,37,0,0,0,0,0,31,3,3,0,37,0,0,0,37
03/30/2009,GTF,MT,ANM,WE,Combined TRACON& Tower with Radar,28,16,9,11,64,0,1,10,2,13,28,17,19,13,77,18,0,18,95
03/31/2009,GTF,MT,ANM,WE,Combined TRACON& Tower with Radar,24,29,19,13,85,0,0,16,0,16,24,29,35,13,101,14,0,14,115
04/01/2009,GTF,MT,ANM,WE,Combined TRACON& Tower with Radar,28,24,11,10,73,0,0,6,0,6,28,24,17,10,79,0,0,0,79
04/02/2009,GTF,MT,ANM,WE,Combined TRACON& Tower with Radar,40,25,13,20,98,0,1,31,0,32,40,26,44,20,130,12,0,12,142
04/03/2009,GTF,MT,ANM,WE,Combined TRACON& Tower with Radar,32,17,4,15,68,0,3,0,1,4,32,20,4,16,72,0,8,8,80
04/04/2009,GTF,MT,ANM,WE,Combined TRACON& Tower with Radar,22,17,2,0,41,0,1,3,0,4,22,18,5,0,45,0,0,0,45
04/05/2009,GTF,MT,ANM,WE,Combined TRACON& Tower with Radar,30,2,4,6,42,0,3,52,0,55,30,5,56,6,97,14,2,16,113
04/06/2009,GTF,MT,ANM,WE,Combined TRACON& Tower with Radar,22,12,19,1,54,0,6,40,1,47,22,18,59,2,101,44,2,46,147
04/07/2009,GTF,MT,ANM,WE,Combined TRACON& Tower with Radar,22,25,10,11,68,0,2,33,9,44,22,27,43,20,112,20,4,24,136
04/08/2009,GTF,MT,ANM,WE,Combined TRACON& Tower with Radar,27,23,13,11,74,0,0,20,5,25,27,23,33,16,99,16,0,16,115
04/09/2009,GTF,MT,ANM,WE,Combined TRACON& Tower with Radar,26,21,10,9,66,0,1,37,6,44,26,22,47,15,110,36,4,40,150
04/10/2009,GTF,MT,ANM,WE,Combined TRACON& Tower with Radar,25,20,3,12,60,0,11,16,3,30,25,31,19,15,90,2,12,14,104
04/11/2009,GTF,MT,ANM,WE,Combined TRACON& Tower with Radar,16,12,3,0,31,0,2,18,0,20,16,14,21,0,51,0,0,0,51
04/12/2009,GTF,MT,ANM,WE,Combined TRACON& Tower with Radar,22,0,2,0,24,0,0,5,0,5,22,0,7,0,29,0,0,0,29
04/13/2009,GTF,MT,ANM,WE,Combined TRACON& Tower with Radar,23,17,9,11,60,0,0,14,4,18,23,17,23,15,78,0,0,0,78
04/14/2009,GTF,MT,ANM,WE,Combined TRACON& Tower with Radar,14,28,9,6,57,0,3,12,2,17,14,31,21,8,74,4,4,8,82
04/15/2009,GTF,MT,ANM,WE,Combined TRACON& Tower with Radar,24,27,5,0,56,0,1,0,0,1,24,28,5,0,57,0,0,0,57
04/16/2009,GTF,MT,ANM,WE,Combined TRACON& Tower with Radar,25,23,16,24,88,0,0,15,3,18,25,23,31,27,106,38,22,60,166
04/17/2009,GTF,MT,ANM,WE,Combined TRACON& Tower with Radar,24,20,16,23,83,0,3,27,3,33,24,23,43,26,116,14,0,14,130
04/18/2009,GTF,MT,ANM,WE,Combined TRACON& Tower with Radar,16,13,5,0,34,0,2,46,3,51,16,15,51,3,85,42,6,48,133
04/19/2009,GTF,MT,ANM,WE,Combined TRACON& Tower with Radar,21,2,6,2,31,0,1,22,1,24,21,3,28,3,55,20,0,20,75
04/20/2009,GTF,MT,ANM,WE,Combined TRACON& Tower with Radar,25,24,6,8,63,0,4,20,2,26,25,28,26,10,89,0,14,14,103
04/21/2009,GTF,MT,ANM,WE,Combined TRACON& Tower with Radar,29,22,17,0,68,0,5,34,4,43,29,27,51,4,111,16,28,44,155
04/22/2009,GTF,MT,ANM,WE,Combined TRACON& Tower with Radar,22,25,10,13,70,0,3,20,8,31,22,28,30,21,101,18,8,26,127
04/23/2009,GTF,MT,ANM,WE,Combined TRACON& Tower with Radar,23,21,23,10,77,0,0,24,2,26,23,21,47,12,103,8,0,8,111
04/24/2009,GTF,MT,ANM,WE,Combined TRACON& Tower with Radar,21,26,11,10,68,0,5,35,1,41,21,31,46,11,109,12,2,14,123
04/25/2009,GTF,MT,ANM,WE,Combined TRACON& Tower with Radar,15,12,5,0,32,0,0,23,0,23,15,12,28,0,55,14,0,14,69
04/26/2009,GTF,MT,ANM,WE,Combined TRACON& Tower with Radar,32,5,12,0,49,0,0,5,0,5,32,5,17,0,54,0,0,0,54
04/27/2009,GTF,MT,ANM,WE,Combined TRACON& Tower with Radar,24,21,12,12,69,0,1,0,1,2,24,22,12,13,71,0,20,20,91
04/28/2009,GTF,MT,ANM,WE,Combined TRACON& Tower with Radar,23,14,8,0,45,0,0,0,0,0,23,14,8,0,45,0,0,0,45
04/29/2009,GTF,MT,ANM,WE,Combined TRACON& Tower with Radar,19,13,3,0,35,0,0,0,0,0,19,13,3,0,35,0,0,0,35
04/30/2009,GTF,MT,ANM,WE,Combined TRACON& Tower with Radar,25,21,6,6,58,0,2,3,0,5,25,23,9,6,63,0,2,2,65
05/01/2009,GTF,MT,ANM,WE,Combined TRACON& Tower with Radar,24,21,4,16,65,0,4,31,5,40,24,25,35,21,105,4,6,10,115
05/02/2009,GTF,MT,ANM,WE,Combined TRACON& Tower with Radar,16,8,4,11,39,0,3,26,0,29,16,11,30,11,68,0,0,0,68
05/03/2009,GTF,MT,ANM,WE,Combined TRACON& Tower with Radar,26,8,7,11,52,0,1,15,2,18,26,9,22,13,70,0,0,0,70
05/04/2009,GTF,MT,ANM,WE,Combined TRACON& Tower with Radar,28,16,0,3,47,0,1,26,3,30,28,17,26,6,77,20,0,20,97
05/05/2009,GTF,MT,ANM,WE,Combined TRACON& Tower with Radar,21,22,12,4,59,0,0,23,0,23,21,22,35,4,82,18,0,18,100
05/06/2009,GTF,MT,ANM,WE,Combined TRACON& Tower with Radar,25,25,17,10,77,0,4,25,1,30,25,29,42,11,107,32,0,32,139
05/07/2009,GTF,MT,ANM,WE,Combined TRACON& Tower with Radar,28,24,15,18,85,0,3,22,0,25,28,27,37,18,110,24,4,28,138
05/08/2009,GTF,MT,ANM,WE,Combined TRACON& Tower with Radar,22,27,13,19,81,0,0,24,5,29,22,27,37,24,110,34,2,36,146
05/09/2009,GTF,MT,ANM,WE,Combined TRACON& Tower with Radar,22,14,1,2,39,0,0,55,4,59,22,14,56,6,98,62,0,62,160
05/10/2009,GTF,MT,ANM,WE,Combined TRACON& Tower with Radar,24,6,4,0,34,0,0,49,0,49,24,6,53,0,83,0,0,0,83
05/11/2009,GTF,MT,ANM,WE,Combined TRACON& Tower with Radar,21,14,14,25,74,0,3,19,6,28,21,17,33,31,102,6,22,28,130
05/12/2009,GTF,MT,ANM,WE,Combined TRACON& Tower with Radar,22,19,24,20,85,0,2,23,8,33,22,21,47,28,118,28,6,34,152
05/13/2009,GTF,MT,ANM,WE,Combined TRACON& Tower with Radar,30,27,26,15,98,0,3,35,2,40,30,30,61,17,138,4,2,6,144
05/14/2009,GTF,MT,ANM,WE,Combined TRACON& Tower with Radar,27,17,19,16,79,0,2,22,7,31,27,19,41,23,110,10,6,16,126
05/15/2009,GTF,MT,ANM,WE,Combined TRACON& Tower with Radar,29,17,16,8,70,0,1,14,1,16,29,18,30,9,86,0,0,0,86
05/16/2009,GTF,MT,ANM,WE,Combined TRACON& Tower with Radar,22,9,3,2,36,0,7,40,2,49,22,16,43,4,85,10,0,10,95
05/17/2009,GTF,MT,ANM,WE,Combined TRACON& Tower with Radar,26,1,6,1,34,0,0,27,0,27,26,1,33,1,61,18,0,18,79
05/18/2009,GTF,MT,ANM,WE,Combined TRACON& Tower with Radar,22,14,6,3,45,0,1,34,1,36,22,15,40,4,81,20,0,20,101
05/19/2009,GTF,MT,ANM,WE,Combined TRACON& Tower with Radar,29,26,12,22,89,0,3,16,1,20,29,29,28,23,109,4,8,12,121
05/20/2009,GTF,MT,ANM,WE,Combined TRACON& Tower with Radar,22,21,8,12,63,0,2,15,0,17,22,23,23,12,80,6,4,10,90
05/21/2009,GTF,MT,ANM,WE,Combined TRACON& Tower with Radar,32,18,11,14,75,0,8,37,0,45,32,26,48,14,120,28,4,32,152
05/22/2009,GTF,MT,ANM,WE,Combined TRACON& Tower with Radar,25,30,23,11,89,0,3,51,5,59,25,33,74,16,148,18,6,24,172
05/23/2009,GTF,MT,ANM,WE,Combined TRACON& Tower with Radar,15,15,7,0,37,0,0,46,0,46,15,15,53,0,83,16,0,16,99
05/24/2009,GTF,MT,ANM,WE,Combined TRACON& Tower with Radar,21,13,10,0,44,0,0,3,0,3,21,13,13,0,47,0,0,0,47
05/25/2009,GTF,MT,ANM,WE,Combined TRACON& Tower with Radar,21,11,15,0,47,0,0,22,0,22,21,11,37,0,69,8,0,8,77
05/26/2009,GTF,MT,ANM,WE,Combined TRACON& Tower with Radar,19,16,20,23,78,0,0,42,6,48,19,16,62,29,126,18,6,24,150
05/27/2009,GTF,MT,ANM,WE,Combined TRACON& Tower with Radar,23,24,13,18,78,0,11,33,2,46,23,35,46,20,124,30,4,34,158
05/28/2009,GTF,MT,ANM,WE,Combined TRACON& Tower with Radar,27,21,18,14,80,0,6,39,3,48,27,27,57,17,128,42,4,46,174
05/29/2009,GTF,MT,ANM,WE,Combined TRACON& Tower with Radar,17,27,13,13,70,0,4,39,10,53,17,31,52,23,123,0,0,0,123
05/30/2009,GTF,MT,ANM,WE,Combined TRACON& Tower with Radar,19,7,13,3,42,0,4,40,1,45,19,11,53,4,87,6,2,8,95
05/31/2009,GTF,MT,ANM,WE,Combined TRACON& Tower with Radar,28,1,4,21,54,0,2,29,1,32,28,3,33,22,86,0,6,6,92
06/01/2009,GTF,MT,ANM,WE,Combined TRACON& Tower with Radar,19,16,14,3,52,0,5,4,0,9,19,21,18,3,61,2,0,2,63
06/02/2009,GTF,MT,ANM,WE,Combined TRACON& Tower with Radar,21,34,15,12,82,0,0,29,2,31,21,34,44,14,113,26,8,34,147
06/03/2009,GTF,MT,ANM,WE,Combined TRACON& Tower with Radar,24,24,17,22,87,0,1,32,4,37,24,25,49,26,124,12,6,18,142
06/04/2009,GTF,MT,ANM,WE,Combined TRACON& Tower with Radar,29,18,18,10,75,0,0,35,0,35,29,18,53,10,110,44,6,50,160
06/05/2009,GTF,MT,ANM,WE,Combined TRACON& Tower with Radar,31,20,18,11,80,0,1,21,2,24,31,21,39,13,104,6,8,14,118
06/06/2009,GTF,MT,ANM,WE,Combined TRACON& Tower with Radar,25,13,5,0,43,0,0,2,0,2,25,13,7,0,45,0,0,0,45
06/07/2009,GTF,MT,ANM,WE,Combined TRACON& Tower with Radar,30,5,16,0,51,0,0,7,0,7,30,5,23,0,58,28,0,28,86
06/08/2009,GTF,MT,ANM,WE,Combined TRACON& Tower with Radar,23,18,12,3,56,0,2,11,0,13,23,20,23,3,69,20,0,20,89
06/09/2009,GTF,MT,ANM,WE,Combined TRACON& Tower with Radar,29,24,14,20,87,0,0,20,2,22,29,24,34,22,109,22,8,30,139
06/10/2009,GTF,MT,ANM,WE,Combined TRACON& Tower with Radar,27,23,31,18,99,0,3,39,1,43,27,26,70,19,142,18,0,18,160
06/11/2009,GTF,MT,ANM,WE,Combined TRACON& Tower with Radar,31,21,8,23,83,0,1,32,2,35,31,22,40,25,118,28,12,40,158
06/12/2009,GTF,MT,ANM,WE,Combined TRACON& Tower with Radar,23,34,15,19,91,0,6,30,2,38,23,40,45,21,129,42,6,48,177
06/13/2009,GTF,MT,ANM,WE,Combined TRACON& Tower with Radar,28,13,10,2,53,0,0,38,0,38,28,13,48,2,91,20,0,20,111
06/14/2009,GTF,MT,ANM,WE,Combined TRACON& Tower with Radar,30,6,2,4,42,0,0,26,0,26,30,6,28,4,68,12,0,12,80
06/15/2009,GTF,MT,ANM,WE,Combined TRACON& Tower with Radar,25,11,16,14,66,0,0,22,1,23,25,11,38,15,89,6,4,10,99
06/16/2009,GTF,MT,ANM,WE,Combined TRACON& Tower with Radar,27,21,7,18,73,0,1,20,0,21,27,22,27,18,94,16,0,16,110
06/17/2009,GTF,MT,ANM,WE,Combined TRACON& Tower with Radar,31,27,13,25,96,0,0,34,4,38,31,27,47,29,134,40,22,62,196
06/18/2009,GTF,MT,ANM,WE,Combined TRACON& Tower with Radar,28,22,25,14,89,0,0,52,5,57,28,22,77,19,146,16,86,102,248
06/19/2009,GTF,MT,ANM,WE,Combined TRACON& Tower with Radar,32,24,14,10,80,0,2,49,2,53,32,26,63,12,133,28,6,34,167
06/20/2009,GTF,MT,ANM,WE,Combined TRACON& Tower with Radar,23,12,12,1,48,0,0,35,0,35,23,12,47,1,83,14,0,14,97
06/21/2009,GTF,MT,ANM,WE,Combined TRACON& Tower with Radar,18,5,5,0,28,0,3,14,0,17,18,8,19,0,45,2,0,2,47
06/22/2009,GTF,MT,ANM,WE,Combined TRACON& Tower with Radar,31,13,17,14,75,0,0,18,3,21,31,13,35,17,96,46,24,70,166
06/23/2009,GTF,MT,ANM,WE,Combined TRACON& Tower with Radar,34,24,18,18,94,0,0,48,5,53,34,24,66,23,147,26,10,36,183
06/24/2009,GTF,MT,ANM,WE,Combined TRACON& Tower with Radar,41,24,34,25,124,0,2,73,2,77,41,26,107,27,201,90,4,94,295
06/25/2009,GTF,MT,ANM,WE,Combined TRACON& Tower with Radar,29,21,13,18,81,0,0,49,4,53,29,21,62,22,134,26,2,28,162
06/26/2009,GTF,MT,ANM,WE,Combined TRACON& Tower with Radar,27,26,19,16,88,0,3,56,2,61,27,29,75,18,149,20,6,26,175
06/27/2009,GTF,MT,ANM,WE,Combined TRACON& Tower with Radar,27,11,7,1,46,0,0,33,3,36,27,11,40,4,82,14,0,14,96
06/28/2009,GTF,MT,ANM,WE,Combined TRACON& Tower with Radar,31,4,10,0,45,0,2,47,0,49,31,6,57,0,94,24,0,24,118
06/29/2009,GTF,MT,ANM,WE,Combined TRACON& Tower with Radar,26,13,15,18,72,0,1,44,3,48,26,14,59,21,120,64,4,68,188
06/30/2009,GTF,MT,ANM,WE,Combined TRACON& Tower with Radar,15,34,20,9,78,0,0,37,2,39,15,34,57,11,117,64,6,70,187
07/01/2009,GTF,MT,ANM,WE,Combined TRACON& Tower with Radar,14,40,25,9,88,0,1,44,2,47,14,41,69,11,135,72,4,76,211
07/02/2009,GTF,MT,ANM,WE,Combined TRACON& Tower with Radar,19,31,7,10,67,0,1,42,0,43,19,32,49,10,110,40,0,40,150
07/03/2009,GTF,MT,ANM,WE,Combined TRACON& Tower with Radar,15,23,15,2,55,0,0,31,0,31,15,23,46,2,86,32,10,42,128
07/04/2009,GTF,MT,ANM,WE,Combined TRACON& Tower with Radar,10,10,4,1,25,0,1,9,3,13,10,11,13,4,38,0,4,4,42
07/05/2009,GTF,MT,ANM,WE,Combined TRACON& Tower with Radar,14,17,5,0,36,0,0,26,0,26,14,17,31,0,62,6,0,6,68
07/06/2009,GTF,MT,ANM,WE,Combined TRACON& Tower with Radar,15,29,9,6,59,0,0,11,0,11,15,29,20,6,70,2,6,8,78
07/07/2009,GTF,MT,ANM,WE,Combined TRACON& Tower with Radar,14,35,17,12,78,0,1,30,1,32,14,36,47,13,110,15,8,23,133
07/08/2009,GTF,MT,ANM,WE,Combined TRACON& Tower with Radar,14,34,15,14,77,0,0,24,2,26,14,34,39,16,103,20,8,28,131
07/09/2009,GTF,MT,ANM,WE,Combined TRACON& Tower with Radar,18,31,12,14,75,0,0,49,6,55,18,31,61,20,130,32,2,34,164
07/10/2009,GTF,MT,ANM,WE,Combined TRACON& Tower with Radar,16,28,8,16,68,0,4,47,1,52,16,32,55,17,120,26,18,44,164
07/11/2009,GTF,MT,ANM,WE,Combined TRACON& Tower with Radar,12,26,14,7,59,0,3,36,0,39,12,29,50,7,98,24,0,24,122
07/12/2009,GTF,MT,ANM,WE,Combined TRACON& Tower with Radar,17,20,15,6,58,0,2,41,1,44,17,22,56,7,102,0,0,0,102
07/13/2009,GTF,MT,ANM,WE,Combined TRACON& Tower with Radar,13,28,14,6,61,0,2,14,0,16,13,30,28,6,77,16,10,26,103
07/14/2009,GTF,MT,ANM,WE,Combined TRACON& Tower with Radar,14,35,11,14,74,0,1,20,4,25,14,36,31,18,99,4,0,4,103
07/15/2009,GTF,MT,ANM,WE,Combined TRACON& Tower with Radar,14,33,25,20,92,0,1,34,4,39,14,34,59,24,131,64,4,68,199
07/16/2009,GTF,MT,ANM,WE,Combined TRACON& Tower with Radar,20,32,27,23,102,0,4,47,4,55,20,36,74,27,157,74,2,76,233
07/17/2009,GTF,MT,ANM,WE,Combined TRACON& Tower with Radar,16,31,25,10,82,0,0,63,1,64,16,31,88,11,146,42,20,62,208
07/18/2009,GTF,MT,ANM,WE,Combined TRACON& Tower with Radar,12,24,8,0,44,0,0,30,0,30,12,24,38,0,74,30,0,30,104
07/19/2009,GTF,MT,ANM,WE,Combined TRACON& Tower with Radar,17,12,17,2,48,0,0,35,2,37,17,12,52,4,85,34,2,36,121
07/20/2009,GTF,MT,ANM,WE,Combined TRACON& Tower with Radar,13,25,11,14,63,0,1,39,0,40,13,26,50,14,103,50,4,54,157
07/21/2009,GTF,MT,ANM,WE,Combined TRACON& Tower with Radar,14,29,13,15,71,0,0,38,1,39,14,29,51,16,110,22,2,24,134
07/22/2009,GTF,MT,ANM,WE,Combined TRACON& Tower with Radar,14,34,15,9,72,0,0,52,3,55,14,34,67,12,127,26,0,26,153
07/23/2009,GTF,MT,ANM,WE,Combined TRACON& Tower with Radar,18,32,17,10,77,0,0,32,2,34,18,32,49,12,111,70,0,70,181
07/24/2009,GTF,MT,ANM,WE,Combined TRACON& Tower with Radar,16,29,6,16,67,0,0,34,0,34,16,29,40,16,101,50,2,52,153
07/25/2009,GTF,MT,ANM,WE,Combined TRACON& Tower with Radar,12,24,10,2,48,0,2,34,0,36,12,26,44,2,84,14,0,14,98
07/26/2009,GTF,MT,ANM,WE,Combined TRACON& Tower with Radar,17,12,6,0,35,0,0,19,1,20,17,12,25,1,55,0,0,0,55
07/27/2009,GTF,MT,ANM,WE,Combined TRACON& Tower with Radar,13,28,16,3,60,0,1,13,0,14,13,29,29,3,74,22,38,60,134
07/28/2009,GTF,MT,ANM,WE,Combined TRACON& Tower with Radar,12,29,6,4,51,0,0,26,3,29,12,29,32,7,80,92,24,116,196
07/29/2009,GTF,MT,ANM,WE,Combined TRACON& Tower with Radar,18,34,16,12,80,0,0,41,0,41,18,34,57,12,121,74,8,82,203
07/30/2009,GTF,MT,ANM,WE,Combined TRACON& Tower with Radar,18,36,16,5,75,0,1,42,0,43,18,37,58,5,118,18,6,24,142
07/31/2009,GTF,MT,ANM,WE,Combined TRACON& Tower with Radar,15,34,20,7,76,0,0,18,0,18,15,34,38,7,94,66,2,68,162
08/01/2009,GTF,MT,ANM,WE,Combined TRACON& Tower with Radar,15,28,18,0,61,0,0,41,0,41,15,28,59,0,102,0,0,0,102
08/02/2009,GTF,MT,ANM,WE,Combined TRACON& Tower with Radar,16,15,9,1,41,0,1,59,0,60,16,16,68,1,101,0,0,0,101
08/03/2009,GTF,MT,ANM,WE,Combined TRACON& Tower with Radar,16,25,7,8,56,0,0,33,1,34,16,25,40,9,90,36,0,36,126
08/04/2009,GTF,MT,ANM,WE,Combined TRACON& Tower with Radar,14,33,9,11,67,0,7,119,2,128,14,40,128,13,195,0,0,0,195
08/05/2009,GTF,MT,ANM,WE,Combined TRACON& Tower with Radar,14,39,22,13,88,0,1,17,2,20,14,40,39,15,108,34,0,34,142
08/06/2009,GTF,MT,ANM,WE,Combined TRACON& Tower with Radar,18,38,12,6,74,0,3,21,0,24,18,41,33,6,98,72,0,72,170
08/07/2009,GTF,MT,ANM,WE,Combined TRACON& Tower with Radar,18,37,17,1,73,0,0,7,3,10,18,37,24,4,83,2,18,20,103
08/08/2009,GTF,MT,ANM,WE,Combined TRACON& Tower with Radar,12,23,14,0,49,0,0,23,0,23,12,23,37,0,72,16,0,16,88
08/09/2009,GTF,MT,ANM,WE,Combined TRACON& Tower with Radar,17,19,21,9,66,0,4,36,1,41,17,23,57,10,107,20,2,22,129
08/10/2009,GTF,MT,ANM,WE,Combined TRACON& Tower with Radar,13,24,15,8,60,0,4,33,1,38,13,28,48,9,98,78,2,80,178
08/11/2009,GTF,MT,ANM,WE,Combined TRACON& Tower with Radar,14,39,12,13,78,0,1,22,2,25,14,40,34,15,103,72,6,78,181
08/12/2009,GTF,MT,ANM,WE,Combined TRACON& Tower with Radar,15,40,14,19,88,0,2,35,2,39,15,42,49,21,127,6,2,8,135
08/13/2009,GTF,MT,ANM,WE,Combined TRACON& Tower with Radar,17,34,17,10,78,0,0,26,1,27,17,34,43,11,105,92,0,92,197
08/14/2009,GTF,MT,ANM,WE,Combined TRACON& Tower with Radar,16,39,25,12,92,0,0,11,0,11,16,39,36,12,103,40,0,40,143
08/15/2009,GTF,MT,ANM,WE,Combined TRACON& Tower with Radar,12,24,10,2,48,0,0,24,0,24,12,24,34,2,72,6,0,6,78
08/16/2009,GTF,MT,ANM,WE,Combined TRACON& Tower with Radar,17,17,12,0,46,0,1,15,0,16,17,18,27,0,62,8,0,8,70
08/17/2009,GTF,MT,ANM,WE,Combined TRACON& Tower with Radar,12,22,16,8,58,0,4,47,0,51,12,26,63,8,109,106,4,110,219
08/18/2009,GTF,MT,ANM,WE,Combined TRACON& Tower with Radar,14,34,21,13,82,0,4,29,3,36,14,38,50,16,118,36,16,52,170
08/19/2009,GTF,MT,ANM,WE,Combined TRACON& Tower with Radar,15,29,30,9,83,0,5,41,1,47,15,34,71,10,130,48,6,54,184
08/20/2009,GTF,MT,ANM,WE,Combined TRACON& Tower with Radar,17,33,29,13,92,0,5,47,3,55,17,38,76,16,147,62,6,68,215
08/21/2009,GTF,MT,ANM,WE,Combined TRACON& Tower with Radar,18,33,3,10,64,0,5,34,1,40,18,38,37,11,104,36,0,36,140
08/22/2009,GTF,MT,ANM,WE,Combined TRACON& Tower with Radar,12,21,8,0,41,0,1,29,0,30,12,22,37,0,71,0,0,0,71
08/23/2009,GTF,MT,ANM,WE,Combined TRACON& Tower with Radar,15,14,2,0,31,0,0,13,0,13,15,14,15,0,44,0,0,0,44
08/24/2009,GTF,MT,ANM,WE,Combined TRACON& Tower with Radar,12,25,12,0,49,0,3,23,0,26,12,28,35,0,75,44,8,52,127
08/25/2009,GTF,MT,ANM,WE,Combined TRACON& Tower with Radar,15,30,15,15,75,0,1,28,3,32,15,31,43,18,107,72,24,96,203
08/26/2009,GTF,MT,ANM,WE,Combined TRACON& Tower with Radar,14,30,17,7,68,0,0,30,2,32,14,30,47,9,100,34,0,34,134
08/27/2009,GTF,MT,ANM,WE,Combined TRACON& Tower with Radar,16,33,18,9,76,0,0,33,7,40,16,33,51,16,116,30,0,30,146
08/28/2009,GTF,MT,ANM,WE,Combined TRACON& Tower with Radar,16,30,13,18,77,0,0,24,4,28,16,30,37,22,105,45,6,51,156
08/29/2009,GTF,MT,ANM,WE,Combined TRACON& Tower with Radar,12,18,8,0,38,0,2,37,0,39,12,20,45,0,77,34,0,34,111
08/30/2009,GTF,MT,ANM,WE,Combined TRACON& Tower with Radar,15,13,14,0,42,0,0,25,0,25,15,13,39,0,67,20,0,20,87
08/31/2009,GTF,MT,ANM,WE,Combined TRACON& Tower with Radar,13,24,6,5,48,0,1,19,1,21,13,25,25,6,69,58,2,60,129
09/01/2009,GTF,MT,ANM,WE,Combined TRACON& Tower with Radar,12,31,12,13,68,0,0,25,0,25,12,31,37,13,93,36,0,36,129
09/02/2009,GTF,MT,ANM,WE,Combined TRACON& Tower with Radar,16,29,20,16,81,0,2,37,1,40,16,31,57,17,121,26,3,29,150
09/03/2009,GTF,MT,ANM,WE,Combined TRACON& Tower with Radar,18,29,16,14,77,0,2,35,2,39,18,31,51,16,116,4,8,12,128
09/04/2009,GTF,MT,ANM,WE,Combined TRACON& Tower with Radar,16,30,9,10,65,0,3,25,0,28,16,33,34,10,93,34,6,40,133
09/05/2009,GTF,MT,ANM,WE,Combined TRACON& Tower with Radar,10,21,2,0,33,0,3,23,0,26,10,24,25,0,59,6,0,6,65
09/06/2009,GTF,MT,ANM,WE,Combined TRACON& Tower with Radar,15,12,4,0,31,0,2,12,0,14,15,14,16,0,45,0,0,0,45
09/07/2009,GTF,MT,ANM,WE,Combined TRACON& Tower with Radar,12,15,6,0,33,0,1,21,0,22,12,16,27,0,55,8,0,8,63
09/08/2009,GTF,MT,ANM,WE,Combined TRACON& Tower with Radar,9,26,9,10,54,0,0,26,1,27,9,26,35,11,81,50,0,50,131
09/09/2009,GTF,MT,ANM,WE,Combined TRACON& Tower with Radar,15,30,12,6,63,0,4,28,0,32,15,34,40,6,95,42,2,44,139
09/10/2009,GTF,MT,ANM,WE,Combined TRACON& Tower with Radar,19,30,6,6,61,0,3,25,2,30,19,33,31,8,91,84,0,84,175
09/11/2009,GTF,MT,ANM,WE,Combined TRACON& Tower with Radar,16,32,12,13,73,0,4,44,3,51,16,36,56,16,124,54,0,54,178
09/12/2009,GTF,MT,ANM,WE,Combined TRACON& Tower with Radar,10,22,10,7,49,0,3,38,1,42,10,25,48,8,91,6,0,6,97
09/13/2009,GTF,MT,ANM,WE,Combined TRACON& Tower with Radar,19,14,12,9,54,0,1,25,1,27,19,15,37,10,81,0,0,0,81
09/14/2009,GTF,MT,ANM,WE,Combined TRACON& Tower with Radar,13,22,9,10,54,0,3,22,1,26,13,25,31,11,80,49,2,51,131
09/15/2009,GTF,MT,ANM,WE,Combined TRACON& Tower with Radar,11,31,14,14,70,0,3,32,2,37,11,34,46,16,107,44,6,50,157
09/16/2009,GTF,MT,ANM,WE,Combined TRACON& Tower with Radar,17,30,9,10,66,0,2,27,1,30,17,32,36,11,96,16,0,16,112
09/17/2009,GTF,MT,ANM,WE,Combined TRACON& Tower with Radar,20,30,13,14,77,0,1,24,3,28,20,31,37,17,105,38,6,44,149
09/18/2009,GTF,MT,ANM,WE,Combined TRACON& Tower with Radar,16,27,11,15,69,0,0,29,2,31,16,27,40,17,100,0,26,26,126
09/19/2009,GTF,MT,ANM,WE,Combined TRACON& Tower with Radar,10,20,9,1,40,0,3,24,1,28,10,23,33,2,68,4,0,4,72
09/20/2009,GTF,MT,ANM,WE,Combined TRACON& Tower with Radar,17,11,6,1,35,0,0,5,0,5,17,11,11,1,40,8,0,8,48
09/21/2009,GTF,MT,ANM,WE,Combined TRACON& Tower with Radar,13,21,14,11,59,0,8,30,0,38,13,29,44,11,97,40,8,48,145
09/22/2009,GTF,MT,ANM,WE,Combined TRACON& Tower with Radar,10,34,17,19,80,0,8,32,1,41,10,42,49,20,121,25,14,39,160
09/23/2009,GTF,MT,ANM,WE,Combined TRACON& Tower with Radar,16,30,16,11,73,0,6,41,2,49,16,36,57,13,122,18,10,28,150
09/24/2009,GTF,MT,ANM,WE,Combined TRACON& Tower with Radar,18,29,10,10,67,0,1,26,1,28,18,30,36,11,95,14,4,18,113
09/25/2009,GTF,MT,ANM,WE,Combined TRACON& Tower with Radar,16,31,11,11,69,0,2,38,2,42,16,33,49,13,111,31,19,50,161
09/26/2009,GTF,MT,ANM,WE,Combined TRACON& Tower with Radar,10,19,5,5,39,0,1,22,1,24,10,20,27,6,63,2,0,2,65
09/27/2009,GTF,MT,ANM,WE,Combined TRACON& Tower with Radar,17,17,11,0,45,0,1,23,0,24,17,18,34,0,69,6,0,6,75
09/28/2009,GTF,MT,ANM,WE,Combined TRACON& Tower with Radar,14,25,20,14,73,0,1,31,0,32,14,26,51,14,105,8,28,36,141
09/29/2009,GTF,MT,ANM,WE,Combined TRACON& Tower with Radar,13,32,16,20,81,0,0,32,1,33,13,32,48,21,114,24,48,72,186
09/30/2009,GTF,MT,ANM,WE,Combined TRACON& Tower with Radar,14,30,9,0,53,0,1,1,1,3,14,31,10,1,56,22,0,22,78
10/01/2009,GTF,MT,ANM,WE,Combined TRACON& Tower with Radar,17,28,19,12,76,0,0,27,1,28,17,28,46,13,104,28,8,36,140
10/02/2009,GTF,MT,ANM,WE,Combined TRACON& Tower with Radar,16,29,7,11,63,0,4,41,0,45,16,33,48,11,108,20,4,24,132
10/03/2009,GTF,MT,ANM,WE,Combined TRACON& Tower with Radar,13,17,1,10,41,0,0,18,0,18,13,17,19,10,59,6,4,10,69
10/04/2009,GTF,MT,ANM,WE,Combined TRACON& Tower with Radar,17,13,17,8,55,0,0,5,0,5,17,13,22,8,60,22,0,22,82
10/05/2009,GTF,MT,ANM,WE,Combined TRACON& Tower with Radar,13,25,9,0,47,0,0,1,0,1,13,25,10,0,48,14,0,14,62
10/06/2009,GTF,MT,ANM,WE,Combined TRACON& Tower with Radar,12,29,19,23,83,0,1,24,1,26,12,30,43,24,109,26,20,46,155
10/07/2009,GTF,MT,ANM,WE,Combined TRACON& Tower with Radar,16,30,14,2,62,0,0,2,0,2,16,30,16,2,64,6,2,8,72
10/08/2009,GTF,MT,ANM,WE,Combined TRACON& Tower with Radar,18,32,16,17,83,0,11,26,4,41,18,43,42,21,124,28,26,54,178
10/09/2009,GTF,MT,ANM,WE,Combined TRACON& Tower with Radar,18,37,20,6,81,0,1,8,0,9,18,38,28,6,90,18,8,26,116
10/10/2009,GTF,MT,ANM,WE,Combined TRACON& Tower with Radar,10,19,8,1,38,0,1,8,0,9,10,20,16,1,47,0,0,0,47
10/11/2009,GTF,MT,ANM,WE,Combined TRACON& Tower with Radar,17,12,16,4,49,0,0,3,0,3,17,12,19,4,52,0,0,0,52
10/12/2009,GTF,MT,ANM,WE,Combined TRACON& Tower with Radar,13,25,9,0,47,0,0,1,0,1,13,25,10,0,48,8,0,8,56
10/13/2009,GTF,MT,ANM,WE,Combined TRACON& Tower with Radar,12,29,19,23,83,0,1,24,1,26,12,30,43,24,109,36,12,48,157
10/14/2009,GTF,MT,ANM,WE,Combined TRACON& Tower with Radar,16,30,14,2,62,0,0,2,0,2,16,30,16,2,64,64,4,68,132
10/15/2009,GTF,MT,ANM,WE,Combined TRACON& Tower with Radar,19,33,17,16,85,0,2,30,0,32,19,35,47,16,117,36,4,40,157
10/16/2009,GTF,MT,ANM,WE,Combined TRACON& Tower with Radar,17,32,22,19,90,0,1,37,1,39,17,33,59,20,129,16,18,34,163
10/17/2009,GTF,MT,ANM,WE,Combined TRACON& Tower with Radar,12,19,7,0,38,0,3,19,0,22,12,22,26,0,60,10,0,10,70
10/18/2009,GTF,MT,ANM,WE,Combined TRACON& Tower with Radar,17,11,12,0,40,0,2,11,0,13,17,13,23,0,53,8,0,8,61
10/19/2009,GTF,MT,ANM,WE,Combined TRACON& Tower with Radar,13,23,10,2,48,0,0,3,0,3,13,23,13,2,51,0,0,0,51
10/20/2009,GTF,MT,ANM,WE,Combined TRACON& Tower with Radar,12,30,28,14,84,0,0,11,1,12,12,30,39,15,96,43,4,47,143
10/21/2009,GTF,MT,ANM,WE,Combined TRACON& Tower with Radar,14,30,18,27,89,0,2,22,2,26,14,32,40,29,115,8,18,26,141
10/22/2009,GTF,MT,ANM,WE,Combined TRACON& Tower with Radar,16,28,20,11,75,0,0,22,4,26,16,28,42,15,101,14,0,14,115
10/23/2009,GTF,MT,ANM,WE,Combined TRACON& Tower with Radar,13,31,13,15,72,0,2,21,3,26,13,33,34,18,98,14,6,20,118
10/24/2009,GTF,MT,ANM,WE,Combined TRACON& Tower with Radar,11,23,8,0,42,0,0,5,0,5,11,23,13,0,47,24,0,24,71
10/25/2009,GTF,MT,ANM,WE,Combined TRACON& Tower with Radar,15,15,7,0,37,0,2,35,0,37,15,17,42,0,74,80,0,80,154
10/26/2009,GTF,MT,ANM,WE,Combined TRACON& Tower with Radar,14,29,17,13,73,0,2,15,0,17,14,31,32,13,90,12,10,22,112
10/27/2009,GTF,MT,ANM,WE,Combined TRACON& Tower with Radar,12,28,10,2,52,0,0,0,0,0,12,28,10,2,52,0,0,0,52
10/28/2009,GTF,MT,ANM,WE,Combined TRACON& Tower with Radar,12,27,19,13,71,0,0,20,0,20,12,27,39,13,91,68,0,68,159
10/29/2009,GTF,MT,ANM,WE,Combined TRACON& Tower with Radar,16,37,26,11,90,0,0,20,4,24,16,37,46,15,114,20,4,24,138
10/30/2009,GTF,MT,ANM,WE,Combined TRACON& Tower with Radar,14,36,13,16,79,0,0,12,2,14,14,36,25,18,93,10,6,16,109
10/31/2009,GTF,MT,ANM,WE,Combined TRACON& Tower with Radar,11,19,1,1,32,0,0,13,1,14,11,19,14,2,46,22,0,22,68
11/01/2009,GTF,MT,ANM,WE,Combined TRACON& Tower with Radar,13,12,2,1,28,0,0,9,0,9,13,12,11,1,37,28,0,28,65
11/02/2009,GTF,MT,ANM,WE,Combined TRACON& Tower with Radar,11,23,9,5,48,0,1,25,0,26,11,24,34,5,74,46,0,46,120
11/03/2009,GTF,MT,ANM,WE,Combined TRACON& Tower with Radar,12,29,9,13,63,0,1,28,0,29,12,30,37,13,92,41,14,55,147
11/04/2009,GTF,MT,ANM,WE,Combined TRACON& Tower with Radar,16,28,14,12,70,0,0,27,3,30,16,28,41,15,100,0,12,12,112
11/05/2009,GTF,MT,ANM,WE,Combined TRACON& Tower with Radar,12,32,9,9,62,0,2,24,5,31,12,34,33,14,93,24,2,26,119
11/06/2009,GTF,MT,ANM,WE,Combined TRACON& Tower with Radar,16,31,4,11,62,0,2,6,0,8,16,33,10,11,70,0,8,8,78
11/07/2009,GTF,MT,ANM,WE,Combined TRACON& Tower with Radar,12,21,4,8,45,0,0,9,3,12,12,21,13,11,57,0,2,2,59
11/08/2009,GTF,MT,ANM,WE,Combined TRACON& Tower with Radar,13,13,2,2,30,0,0,2,3,5,13,13,4,5,35,40,4,44,79
11/09/2009,GTF,MT,ANM,WE,Combined TRACON& Tower with Radar,11,26,3,3,43,0,1,21,1,23,11,27,24,4,66,20,0,20,86
11/10/2009,GTF,MT,ANM,WE,Combined TRACON& Tower with Radar,12,30,13,12,67,0,2,29,5,36,12,32,42,17,103,27,40,67,170
11/11/2009,GTF,MT,ANM,WE,Combined TRACON& Tower with Radar,12,30,16,1,59,0,3,13,1,17,12,33,29,2,76,10,0,10,86
11/12/2009,GTF,MT,ANM,WE,Combined TRACON& Tower with Radar,14,41,7,9,71,0,1,14,3,18,14,42,21,12,89,6,4,10,99
11/13/2009,GTF,MT,ANM,WE,Combined TRACON& Tower with Radar,18,29,6,10,63,0,0,20,1,21,18,29,26,11,84,4,18,22,106
11/14/2009,GTF,MT,ANM,WE,Combined TRACON& Tower with Radar,10,23,4,0,37,0,1,29,0,30,10,24,33,0,67,18,0,18,85
11/15/2009,GTF,MT,ANM,WE,Combined TRACON& Tower with Radar,13,11,4,2,30,0,0,11,0,11,13,11,15,2,41,18,0,18,59
11/16/2009,GTF,MT,ANM,WE,Combined TRACON& Tower with Radar,11,26,11,17,65,0,2,20,0,22,11,28,31,17,87,22,0,22,109
11/17/2009,GTF,MT,ANM,WE,Combined TRACON& Tower with Radar,12,28,13,9,62,0,4,12,1,17,12,32,25,10,79,0,0,0,79
11/18/2009,GTF,MT,ANM,WE,Combined TRACON& Tower with Radar,12,29,14,15,70,0,1,26,0,27,12,30,40,15,97,22,6,28,125
11/19/2009,GTF,MT,ANM,WE,Combined TRACON& Tower with Radar,14,31,19,14,78,0,1,18,3,22,14,32,37,17,100,24,4,28,128
11/20/2009,GTF,MT,ANM,WE,Combined TRACON& Tower with Radar,14,31,6,10,61,0,3,10,0,13,14,34,16,10,74,0,0,0,74
11/21/2009,GTF,MT,ANM,WE,Combined TRACON& Tower with Radar,10,19,2,1,32,0,2,2,1,5,10,21,4,2,37,12,0,12,49
11/22/2009,GTF,MT,ANM,WE,Combined TRACON& Tower with Radar,12,14,3,0,29,0,0,8,0,8,12,14,11,0,37,30,0,30,67
11/23/2009,GTF,MT,ANM,WE,Combined TRACON& Tower with Radar,12,28,13,20,73,0,1,18,0,19,12,29,31,20,92,52,2,54,146
11/24/2009,GTF,MT,ANM,WE,Combined TRACON& Tower with Radar,14,35,12,14,75,0,1,10,0,11,14,36,22,14,86,2,0,2,88
11/25/2009,GTF,MT,ANM,WE,Combined TRACON& Tower with Radar,12,33,15,10,70,0,0,35,0,35,12,33,50,10,105,12,0,12,117
11/26/2009,GTF,MT,ANM,WE,Combined TRACON& Tower with Radar,7,6,4,0,17,0,0,4,0,4,7,6,8,0,21,0,0,0,21
11/27/2009,GTF,MT,ANM,WE,Combined TRACON& Tower with Radar,14,28,6,0,48,0,0,20,0,20,14,28,26,0,68,14,0,14,82
11/28/2009,GTF,MT,ANM,WE,Combined TRACON& Tower with Radar,11,21,4,0,36,0,1,8,0,9,11,22,12,0,45,20,0,20,65
11/29/2009,GTF,MT,ANM,WE,Combined TRACON& Tower with Radar,13,14,8,0,35,0,2,20,0,22,13,16,28,0,57,0,0,0,57
11/30/2009,GTF,MT,ANM,WE,Combined TRACON& Tower with Radar,11,28,16,15,70,0,0,14,0,14,11,28,30,15,84,18,8,26,110
12/01/2009,GTF,MT,ANM,WE,Combined TRACON& Tower with Radar,12,33,11,10,66,0,4,20,2,26,12,37,31,12,92,46,0,46,138
12/02/2009,GTF,MT,ANM,WE,Combined TRACON& Tower with Radar,12,30,11,12,65,0,3,16,5,24,12,33,27,17,89,60,14,74,163
12/03/2009,GTF,MT,ANM,WE,Combined TRACON& Tower with Radar,14,32,14,5,65,0,0,32,0,32,14,32,46,5,97,46,2,48,145
12/04/2009,GTF,MT,ANM,WE,Combined TRACON& Tower with Radar,14,27,6,12,59,0,2,17,0,19,14,29,23,12,78,12,0,12,90
12/05/2009,GTF,MT,ANM,WE,Combined TRACON& Tower with Radar,10,14,0,0,24,0,0,0,0,0,10,14,0,0,24,0,0,0,24
12/06/2009,GTF,MT,ANM,WE,Combined TRACON& Tower with Radar,13,11,4,0,28,0,0,2,0,2,13,11,6,0,30,0,0,0,30
12/07/2009,GTF,MT,ANM,WE,Combined TRACON& Tower with Radar,11,28,4,17,60,0,3,4,0,7,11,31,8,17,67,0,18,18,85
12/08/2009,GTF,MT,ANM,WE,Combined TRACON& Tower with Radar,11,26,11,10,58,0,0,10,3,13,11,26,21,13,71,10,10,20,91
12/09/2009,GTF,MT,ANM,WE,Combined TRACON& Tower with Radar,11,41,27,15,94,0,2,14,2,18,11,43,41,17,112,4,4,8,120
12/10/2009,GTF,MT,ANM,WE,Combined TRACON& Tower with Radar,14,37,12,7,70,0,0,21,0,21,14,37,33,7,91,14,2,16,107
12/11/2009,GTF,MT,ANM,WE,Combined TRACON& Tower with Radar,14,32,7,5,58,0,5,9,1,15,14,37,16,6,73,26,32,58,131
12/12/2009,GTF,MT,ANM,WE,Combined TRACON& Tower with Radar,10,19,2,0,31,0,0,0,0,0,10,19,2,0,31,0,0,0,31
12/13/2009,GTF,MT,ANM,WE,Combined TRACON& Tower with Radar,13,14,2,0,29,0,0,0,0,0,13,14,2,0,29,0,0,0,29
12/14/2009,GTF,MT,ANM,WE,Combined TRACON& Tower with Radar,11,30,9,0,50,0,0,4,0,4,11,30,13,0,54,0,0,0,54
12/15/2009,GTF,MT,ANM,WE,Combined TRACON& Tower with Radar,13,36,12,17,78,0,1,14,1,16,13,37,26,18,94,32,4,36,130
12/16/2009,GTF,MT,ANM,WE,Combined TRACON& Tower with Radar,15,37,17,7,76,0,0,21,5,26,15,37,38,12,102,30,4,34,136
12/17/2009,GTF,MT,ANM,WE,Combined TRACON& Tower with Radar,18,40,18,8,84,0,0,20,0,20,18,40,38,8,104,44,8,52,156
12/18/2009,GTF,MT,ANM,WE,Combined TRACON& Tower with Radar,15,39,11,0,65,0,0,13,3,16,15,39,24,3,81,6,0,6,87
12/19/2009,GTF,MT,ANM,WE,Combined TRACON& Tower with Radar,17,28,7,0,52,0,0,15,0,15,17,28,22,0,67,4,0,4,71
12/20/2009,GTF,MT,ANM,WE,Combined TRACON& Tower with Radar,10,11,0,0,21,0,0,0,0,0,10,11,0,0,21,0,0,0,21
12/21/2009,GTF,MT,ANM,WE,Combined TRACON& Tower with Radar,2,0,0,0,2,0,0,0,0,0,2,0,0,0,2,0,0,0,2
12/22/2009,GTF,MT,ANM,WE,Combined TRACON& Tower with Radar,20,37,3,0,60,0,0,0,0,0,20,37,3,0,60,0,0,0,60
12/23/2009,GTF,MT,ANM,WE,Combined TRACON& Tower with Radar,17,48,10,0,75,0,0,7,0,7,17,48,17,0,82,4,0,4,86
12/24/2009,GTF,MT,ANM,WE,Combined TRACON& Tower with Radar,14,37,3,0,54,0,3,17,0,20,14,40,20,0,74,26,0,26,100
12/25/2009,GTF,MT,ANM,WE,Combined TRACON& Tower with Radar,9,11,3,0,23,0,0,1,0,1,9,11,4,0,24,0,0,0,24
12/26/2009,GTF,MT,ANM,WE,Combined TRACON& Tower with Radar,16,26,5,0,47,0,0,21,0,21,16,26,26,0,68,34,0,34,102
12/27/2009,GTF,MT,ANM,WE,Combined TRACON& Tower with Radar,15,13,4,0,32,0,0,15,0,15,15,13,19,0,47,16,0,16,63
12/28/2009,GTF,MT,ANM,WE,Combined TRACON& Tower with Radar,9,28,14,12,63,0,0,24,0,24,9,28,38,12,87,42,12,54,141
12/29/2009,GTF,MT,ANM,WE,Combined TRACON& Tower with Radar,15,36,8,7,66,0,3,14,2,19,15,39,22,9,85,8,1,9,94
12/30/2009,GTF,MT,ANM,WE,Combined TRACON& Tower with Radar,16,33,8,12,69,0,0,7,2,9,16,33,15,14,78,2,2,4,82
12/31/2009,GTF,MT,ANM,WE,Combined TRACON& Tower with Radar,15,30,2,5,52,0,0,0,1,1,15,30,2,6,53,20,0,20,73
01/01/2010,GTF,MT,ANM,WE,Combined TRACON& Tower with Radar,8,7,0,0,15,0,0,7,0,7,8,7,7,0,22,0,0,0,22
01/02/2010,GTF,MT,ANM,WE,Combined TRACON& Tower with Radar,15,21,2,0,38,0,0,8,0,8,15,21,10,0,46,30,0,30,76
01/03/2010,GTF,MT,ANM,WE,Combined TRACON& Tower with Radar,13,10,7,0,30,0,0,18,0,18,13,10,25,0,48,14,0,14,62
01/04/2010,GTF,MT,ANM,WE,Combined TRACON& Tower with Radar,14,23,3,2,42,0,0,1,0,1,14,23,4,2,43,0,0,0,43
01/05/2010,GTF,MT,ANM,WE,Combined TRACON& Tower with Radar,16,31,10,0,57,0,0,0,0,0,16,31,10,0,57,0,0,0,57
01/06/2010,GTF,MT,ANM,WE,Combined TRACON& Tower with Radar,12,34,16,23,85,0,0,8,0,8,12,34,24,23,93,4,16,20,113
01/07/2010,GTF,MT,ANM,WE,Combined TRACON& Tower with Radar,13,32,1,14,60,0,0,22,2,24,13,32,23,16,84,24,18,42,126
01/08/2010,GTF,MT,ANM,WE,Combined TRACON& Tower with Radar,16,31,3,3,53,0,0,21,0,21,16,31,24,3,74,36,0,36,110
01/09/2010,GTF,MT,ANM,WE,Combined TRACON& Tower with Radar,11,24,2,3,40,0,0,11,1,12,11,24,13,4,52,18,0,18,70
01/10/2010,GTF,MT,ANM,WE,Combined TRACON& Tower with Radar,13,10,11,4,38,0,0,20,4,24,13,10,31,8,62,54,4,58,120
01/11/2010,GTF,MT,ANM,WE,Combined TRACON& Tower with Radar,11,24,13,12,60,0,2,20,0,22,11,26,33,12,82,44,0,44,126
01/12/2010,GTF,MT,ANM,WE,Combined TRACON& Tower with Radar,12,30,10,12,64,0,4,17,2,23,12,34,27,14,87,12,0,12,99
01/13/2010,GTF,MT,ANM,WE,Combined TRACON& Tower with Radar,10,29,12,12,63,0,1,11,3,15,10,30,23,15,78,14,8,22,100
01/14/2010,GTF,MT,ANM,WE,Combined TRACON& Tower with Radar,15,36,9,17,77,0,0,25,3,28,15,36,34,20,105,18,16,34,139
01/15/2010,GTF,MT,ANM,WE,Combined TRACON& Tower with Radar,14,27,12,17,70,0,2,13,6,21,14,29,25,23,91,4,6,10,101
01/16/2010,GTF,MT,ANM,WE,Combined TRACON& Tower with Radar,10,20,8,0,38,0,0,10,0,10,10,20,18,0,48,14,0,14,62
01/17/2010,GTF,MT,ANM,WE,Combined TRACON& Tower with Radar,17,10,12,0,39,0,0,19,0,19,17,10,31,0,58,6,0,6,64
01/18/2010,GTF,MT,ANM,WE,Combined TRACON& Tower with Radar,11,22,7,0,40,0,1,17,0,18,11,23,24,0,58,90,0,90,148
01/19/2010,GTF,MT,ANM,WE,Combined TRACON& Tower with Radar,14,29,12,15,70,0,0,21,0,21,14,29,33,15,91,58,4,62,153
01/20/2010,GTF,MT,ANM,WE,Combined TRACON& Tower with Radar,18,31,25,20,94,0,2,33,1,36,18,33,58,21,130,54,4,58,188
01/21/2010,GTF,MT,ANM,WE,Combined TRACON& Tower with Radar,17,26,15,18,76,0,1,19,2,22,17,27,34,20,98,40,8,48,146
01/22/2010,GTF,MT,ANM,WE,Combined TRACON& Tower with Radar,15,29,3,0,47,0,0,0,0,0,15,29,3,0,47,0,0,0,47
01/23/2010,GTF,MT,ANM,WE,Combined TRACON& Tower with Radar,10,17,4,0,31,0,0,0,0,0,10,17,4,0,31,0,0,0,31
01/24/2010,GTF,MT,ANM,WE,Combined TRACON& Tower with Radar,13,14,7,0,34,0,0,3,2,5,13,14,10,2,39,0,0,0,39
01/25/2010,GTF,MT,ANM,WE,Combined TRACON& Tower with Radar,11,24,12,7,54,0,0,7,1,8,11,24,19,8,62,72,6,78,140
01/26/2010,GTF,MT,ANM,WE,Combined TRACON& Tower with Radar,12,31,7,0,50,0,0,1,0,1,12,31,8,0,51,0,0,0,51
01/27/2010,GTF,MT,ANM,WE,Combined TRACON& Tower with Radar,14,29,9,10,62,0,0,18,0,18,14,29,27,10,80,54,0,54,134
01/28/2010,GTF,MT,ANM,WE,Combined TRACON& Tower with Radar,17,34,7,14,72,0,0,32,2,34,17,34,39,16,106,38,0,38,144
01/29/2010,GTF,MT,ANM,WE,Combined TRACON& Tower with Radar,12,28,11,14,65,0,0,19,1,20,12,28,30,15,85,14,2,16,101
01/30/2010,GTF,MT,ANM,WE,Combined TRACON& Tower with Radar,9,27,6,0,42,0,0,2,0,2,9,27,8,0,44,0,0,0,44
01/31/2010,GTF,MT,ANM,WE,Combined TRACON& Tower with Radar,12,12,8,0,32,0,0,0,0,0,12,12,8,0,32,0,0,0,32
02/01/2010,GTF,MT,ANM,WE,Combined TRACON& Tower with Radar,11,30,6,17,64,0,0,14,0,14,11,30,20,17,78,48,8,56,134
02/02/2010,GTF,MT,ANM,WE,Combined TRACON& Tower with Radar,14,34,10,26,84,0,0,15,0,15,14,34,25,26,99,10,2,12,111
02/03/2010,GTF,MT,ANM,WE,Combined TRACON& Tower with Radar,12,32,13,18,75,0,0,20,1,21,12,32,33,19,96,74,12,86,182
02/04/2010,GTF,MT,ANM,WE,Combined TRACON& Tower with Radar,18,30,14,20,82,0,2,24,6,32,18,32,38,26,114,64,18,82,196
02/05/2010,GTF,MT,ANM,WE,Combined TRACON& Tower with Radar,15,35,13,16,79,0,0,23,0,23,15,35,36,16,102,40,6,46,148
02/06/2010,GTF,MT,ANM,WE,Combined TRACON& Tower with Radar,10,20,3,1,34,0,0,0,0,0,10,20,3,1,34,0,0,0,34
02/07/2010,GTF,MT,ANM,WE,Combined TRACON& Tower with Radar,16,10,2,0,28,0,0,0,0,0,16,10,2,0,28,0,0,0,28
02/08/2010,GTF,MT,ANM,WE,Combined TRACON& Tower with Radar,9,25,14,13,61,0,0,13,3,16,9,25,27,16,77,28,68,96,173
02/09/2010,GTF,MT,ANM,WE,Combined TRACON& Tower with Radar,13,38,9,18,78,0,1,21,2,24,13,39,30,20,102,40,22,62,164
02/10/2010,GTF,MT,ANM,WE,Combined TRACON& Tower with Radar,14,36,11,12,73,0,0,7,0,7,14,36,18,12,80,48,0,48,128
02/11/2010,GTF,MT,ANM,WE,Combined TRACON& Tower with Radar,16,33,15,15,79,0,1,15,0,16,16,34,30,15,95,26,6,32,127
02/12/2010,GTF,MT,ANM,WE,Combined TRACON& Tower with Radar,12,39,18,15,84,0,0,17,7,24,12,39,35,22,108,26,24,50,158
02/13/2010,GTF,MT,ANM,WE,Combined TRACON& Tower with Radar,9,18,10,3,40,0,0,19,0,19,9,18,29,3,59,2,0,2,61
02/14/2010,GTF,MT,ANM,WE,Combined TRACON& Tower with Radar,16,11,6,1,34,0,0,19,0,19,16,11,25,1,53,4,0,4,57
02/15/2010,GTF,MT,ANM,WE,Combined TRACON& Tower with Radar,9,30,10,2,51,0,0,2,0,2,9,30,12,2,53,6,0,6,59
02/16/2010,GTF,MT,ANM,WE,Combined TRACON& Tower with Radar,16,28,15,21,80,0,2,4,2,8,16,30,19,23,88,54,12,66,154
02/17/2010,GTF,MT,ANM,WE,Combined TRACON& Tower with Radar,13,32,10,21,76,0,0,1,4,5,13,32,11,25,81,36,0,36,117
02/18/2010,GTF,MT,ANM,WE,Combined TRACON& Tower with Radar,18,44,14,8,84,0,0,2,0,2,18,44,16,8,86,20,0,20,106
02/19/2010,GTF,MT,ANM,WE,Combined TRACON& Tower with Radar,15,33,8,9,65,0,0,3,0,3,15,33,11,9,68,4,0,4,72
02/20/2010,GTF,MT,ANM,WE,Combined TRACON& Tower with Radar,10,18,6,0,34,0,0,0,0,0,10,18,6,0,34,0,0,0,34
02/21/2010,GTF,MT,ANM,WE,Combined TRACON& Tower with Radar,15,15,6,0,36,0,0,24,0,24,15,15,30,0,60,4,0,4,64
02/22/2010,GTF,MT,ANM,WE,Combined TRACON& Tower with Radar,12,24,9,8,53,0,0,14,1,15,12,24,23,9,68,12,10,22,90
02/23/2010,GTF,MT,ANM,WE,Combined TRACON& Tower with Radar,14,30,10,11,65,0,2,23,0,25,14,32,33,11,90,14,12,26,116
02/24/2010,GTF,MT,ANM,WE,Combined TRACON& Tower with Radar,12,36,22,13,83,0,1,23,2,26,12,37,45,15,109,46,2,48,157
02/25/2010,GTF,MT,ANM,WE,Combined TRACON& Tower with Radar,14,36,14,10,74,0,1,23,0,24,14,37,37,10,98,18,0,18,116
02/26/2010,GTF,MT,ANM,WE,Combined TRACON& Tower with Radar,12,31,17,15,75,0,2,33,2,37,12,33,50,17,112,92,4,96,208
02/27/2010,GTF,MT,ANM,WE,Combined TRACON& Tower with Radar,11,17,3,0,31,0,0,31,0,31,11,17,34,0,62,20,0,20,82
02/28/2010,GTF,MT,ANM,WE,Combined TRACON& Tower with Radar,14,10,12,0,36,0,0,11,0,11,14,10,23,0,47,28,0,28,75
03/01/2010,GTF,MT,ANM,WE,Combined TRACON& Tower with Radar,11,24,25,14,74,0,0,35,1,36,11,24,60,15,110,51,2,53,163
03/02/2010,GTF,MT,ANM,WE,Combined TRACON& Tower with Radar,14,27,20,12,73,0,0,33,2,35,14,27,53,14,108,62,0,62,170
03/03/2010,GTF,MT,ANM,WE,Combined TRACON& Tower with Radar,12,42,23,19,96,0,0,36,2,38,12,42,59,21,134,30,6,36,170
03/04/2010,GTF,MT,ANM,WE,Combined TRACON& Tower with Radar,15,30,28,9,82,0,2,21,1,24,15,32,49,10,106,66,0,66,172
03/05/2010,GTF,MT,ANM,WE,Combined TRACON& Tower with Radar,13,32,4,12,61,0,1,23,3,27,13,33,27,15,88,76,26,102,190
03/06/2010,GTF,MT,ANM,WE,Combined TRACON& Tower with Radar,10,16,9,5,40,0,2,31,2,35,10,18,40,7,75,18,0,18,93
03/07/2010,GTF,MT,ANM,WE,Combined TRACON& Tower with Radar,15,15,5,17,52,0,0,39,0,39,15,15,44,17,91,22,0,22,113
03/08/2010,GTF,MT,ANM,WE,Combined TRACON& Tower with Radar,11,23,11,4,49,0,2,34,0,36,11,25,45,4,85,102,0,102,187
03/09/2010,GTF,MT,ANM,WE,Combined TRACON& Tower with Radar,14,34,14,14,76,0,2,2,2,6,14,36,16,16,82,48,16,64,146
03/10/2010,GTF,MT,ANM,WE,Combined TRACON& Tower with Radar,12,41,22,17,92,0,0,18,0,18,12,41,40,17,110,28,0,28,138
03/11/2010,GTF,MT,ANM,WE,Combined TRACON& Tower with Radar,17,29,37,11,94,0,3,38,2,43,17,32,75,13,137,52,2,54,191
03/12/2010,GTF,MT,ANM,WE,Combined TRACON& Tower with Radar,10,30,13,13,66,0,0,30,0,30,10,30,43,13,96,50,0,50,146
03/13/2010,GTF,MT,ANM,WE,Combined TRACON& Tower with Radar,12,26,16,0,54,0,0,7,0,7,12,26,23,0,61,16,0,16,77
03/14/2010,GTF,MT,ANM,WE,Combined TRACON& Tower with Radar,15,10,1,0,26,0,0,28,0,28,15,10,29,0,54,4,0,4,58
03/15/2010,GTF,MT,ANM,WE,Combined TRACON& Tower with Radar,11,31,12,23,77,0,3,22,0,25,11,34,34,23,102,80,10,90,192
03/16/2010,GTF,MT,ANM,WE,Combined TRACON& Tower with Radar,14,27,16,19,76,0,2,33,5,40,14,29,49,24,116,48,10,58,174
03/17/2010,GTF,MT,ANM,WE,Combined TRACON& Tower with Radar,12,30,10,10,62,0,4,15,3,22,12,34,25,13,84,2,4,6,90
03/18/2010,GTF,MT,ANM,WE,Combined TRACON& Tower with Radar,18,34,18,17,87,0,0,10,3,13,18,34,28,20,100,40,8,48,148
03/19/2010,GTF,MT,ANM,WE,Combined TRACON& Tower with Radar,14,32,15,6,67,0,0,16,2,18,14,32,31,8,85,58,0,58,143
03/20/2010,GTF,MT,ANM,WE,Combined TRACON& Tower with Radar,10,19,16,0,45,0,0,14,0,14,10,19,30,0,59,10,0,10,69
03/21/2010,GTF,MT,ANM,WE,Combined TRACON& Tower with Radar,17,12,7,0,36,0,0,14,0,14,17,12,21,0,50,4,0,4,54
03/22/2010,GTF,MT,ANM,WE,Combined TRACON& Tower with Radar,11,25,11,5,52,0,0,9,1,10,11,25,20,6,62,4,0,4,66
03/23/2010,GTF,MT,ANM,WE,Combined TRACON& Tower with Radar,14,29,22,19,84,0,1,25,2,28,14,30,47,21,112,48,12,60,172
03/24/2010,GTF,MT,ANM,WE,Combined TRACON& Tower with Radar,12,31,17,17,77,0,2,27,1,30,12,33,44,18,107,10,0,10,117
03/25/2010,GTF,MT,ANM,WE,Combined TRACON& Tower with Radar,18,33,18,19,88,0,1,14,0,15,18,34,32,19,103,12,10,22,125
03/26/2010,GTF,MT,ANM,WE,Combined TRACON& Tower with Radar,14,30,15,7,66,0,0,13,2,15,14,30,28,9,81,6,0,6,87
03/27/2010,GTF,MT,ANM,WE,Combined TRACON& Tower with Radar,12,19,19,0,50,0,1,20,1,22,12,20,39,1,72,40,0,40,112
03/28/2010,GTF,MT,ANM,WE,Combined TRACON& Tower with Radar,17,14,4,0,35,0,0,19,0,19,17,14,23,0,54,0,0,0,54
03/29/2010,GTF,MT,ANM,WE,Combined TRACON& Tower with Radar,9,34,5,8,56,0,3,5,1,9,9,37,10,9,65,12,0,12,77
03/30/2010,GTF,MT,ANM,WE,Combined TRACON& Tower with Radar,16,35,13,18,82,0,0,27,3,30,16,35,40,21,112,50,14,64,176
03/31/2010,GTF,MT,ANM,WE,Combined TRACON& Tower with Radar,12,35,13,10,70,0,0,24,1,25,12,35,37,11,95,42,8,50,145
04/01/2010,GTF,MT,ANM,WE,Combined TRACON& Tower with Radar,16,35,8,7,66,0,3,35,2,40,16,38,43,9,106,52,2,54,160
04/02/2010,GTF,MT,ANM,WE,Combined TRACON& Tower with Radar,14,41,14,20,89,0,0,39,2,41,14,41,53,22,130,40,24,64,194
04/03/2010,GTF,MT,ANM,WE,Combined TRACON& Tower with Radar,12,19,3,0,34,0,0,5,0,5,12,19,8,0,39,0,0,0,39
04/04/2010,GTF,MT,ANM,WE,Combined TRACON& Tower with Radar,15,10,0,0,25,0,0,18,0,18,15,10,18,0,43,24,0,24,67
04/05/2010,GTF,MT,ANM,WE,Combined TRACON& Tower with Radar,13,25,12,9,59,0,1,28,1,30,13,26,40,10,89,72,6,78,167
04/06/2010,GTF,MT,ANM,WE,Combined TRACON& Tower with Radar,14,37,19,15,85,0,0,15,2,17,14,37,34,17,102,22,4,26,128
04/07/2010,GTF,MT,ANM,WE,Combined TRACON& Tower with Radar,12,37,12,5,66,0,2,26,8,36,12,39,38,13,102,26,2,28,130
04/08/2010,GTF,MT,ANM,WE,Combined TRACON& Tower with Radar,15,33,8,4,60,0,1,8,1,10,15,34,16,5,70,2,0,2,72
04/09/2010,GTF,MT,ANM,WE,Combined TRACON& Tower with Radar,15,32,14,10,71,0,2,14,0,16,15,34,28,10,87,10,2,12,99
04/10/2010,GTF,MT,ANM,WE,Combined TRACON& Tower with Radar,14,23,4,4,45,0,1,50,1,52,14,24,54,5,97,48,0,48,145
04/11/2010,GTF,MT,ANM,WE,Combined TRACON& Tower with Radar,15,14,10,0,39,0,2,4,0,6,15,16,14,0,45,0,0,0,45
04/12/2010,GTF,MT,ANM,WE,Combined TRACON& Tower with Radar,12,24,20,0,56,0,0,16,0,16,12,24,36,0,72,42,0,42,114
04/13/2010,GTF,MT,ANM,WE,Combined TRACON& Tower with Radar,11,33,11,0,55,0,0,0,0,0,11,33,11,0,55,0,0,0,55
04/14/2010,GTF,MT,ANM,WE,Combined TRACON& Tower with Radar,13,39,19,0,71,0,0,4,0,4,13,39,23,0,75,10,0,10,85
04/15/2010,GTF,MT,ANM,WE,Combined TRACON& Tower with Radar,16,32,15,12,75,0,5,44,3,52,16,37,59,15,127,46,0,46,173
04/16/2010,GTF,MT,ANM,WE,Combined TRACON& Tower with Radar,13,30,17,3,63,0,3,35,0,38,13,33,52,3,101,78,2,80,181
04/17/2010,GTF,MT,ANM,WE,Combined TRACON& Tower with Radar,10,21,13,0,44,0,0,30,0,30,10,21,43,0,74,54,0,54,128
04/18/2010,GTF,MT,ANM,WE,Combined TRACON& Tower with Radar,15,16,13,0,44,0,1,15,0,16,15,17,28,0,60,44,0,44,104
04/19/2010,GTF,MT,ANM,WE,Combined TRACON& Tower with Radar,11,24,3,4,42,0,2,33,0,35,11,26,36,4,77,66,2,68,145
04/20/2010,GTF,MT,ANM,WE,Combined TRACON& Tower with Radar,12,32,18,14,76,0,0,48,3,51,12,32,66,17,127,30,12,42,169
04/21/2010,GTF,MT,ANM,WE,Combined TRACON& Tower with Radar,13,35,13,4,65,0,4,27,2,33,13,39,40,6,98,36,0,36,134
04/22/2010,GTF,MT,ANM,WE,Combined TRACON& Tower with Radar,16,30,11,5,62,0,2,20,1,23,16,32,31,6,85,54,0,54,139
04/23/2010,GTF,MT,ANM,WE,Combined TRACON& Tower with Radar,12,27,9,0,48,0,0,11,0,11,12,27,20,0,59,42,0,42,101
04/24/2010,GTF,MT,ANM,WE,Combined TRACON& Tower with Radar,10,18,3,0,31,0,1,12,0,13,10,19,15,0,44,0,0,0,44
04/25/2010,GTF,MT,ANM,WE,Combined TRACON& Tower with Radar,14,15,7,3,39,0,1,2,0,3,14,16,9,3,42,6,0,6,48
04/26/2010,GTF,MT,ANM,WE,Combined TRACON& Tower with Radar,8,28,18,5,59,0,2,30,1,33,8,30,48,6,92,20,0,20,112
04/27/2010,GTF,MT,ANM,WE,Combined TRACON& Tower with Radar,14,34,19,5,72,0,0,17,1,18,14,34,36,6,90,16,4,20,110
04/28/2010,GTF,MT,ANM,WE,Combined TRACON& Tower with Radar,12,31,15,6,64,0,0,3,0,3,12,31,18,6,67,8,4,12,79
04/29/2010,GTF,MT,ANM,WE,Combined TRACON& Tower with Radar,11,15,2,0,28,0,0,0,0,0,11,15,2,0,28,0,0,0,28
04/30/2010,GTF,MT,ANM,WE,Combined TRACON& Tower with Radar,17,37,13,4,71,0,0,12,1,13,17,37,25,5,84,0,24,24,108
05/01/2010,GTF,MT,ANM,WE,Combined TRACON& Tower with Radar,10,24,13,6,53,0,0,10,1,11,10,24,23,7,64,0,0,0,64
05/02/2010,GTF,MT,ANM,WE,Combined TRACON& Tower with Radar,17,13,8,1,39,0,1,12,0,13,17,14,20,1,52,0,0,0,52
05/03/2010,GTF,MT,ANM,WE,Combined TRACON& Tower with Radar,9,23,7,2,41,0,2,12,1,15,9,25,19,3,56,28,10,38,94
05/04/2010,GTF,MT,ANM,WE,Combined TRACON& Tower with Radar,12,32,7,0,51,0,0,3,0,3,12,32,10,0,54,0,2,2,56
05/05/2010,GTF,MT,ANM,WE,Combined TRACON& Tower with Radar,12,35,26,3,76,0,0,0,0,0,12,35,26,3,76,30,0,30,106
05/06/2010,GTF,MT,ANM,WE,Combined TRACON& Tower with Radar,16,37,10,4,67,0,0,3,2,5,16,37,13,6,72,0,16,16,88
05/07/2010,GTF,MT,ANM,WE,Combined TRACON& Tower with Radar,12,33,14,8,67,0,0,26,0,26,12,33,40,8,93,96,0,96,189
05/08/2010,GTF,MT,ANM,WE,Combined TRACON& Tower with Radar,11,18,15,0,44,0,1,28,0,29,11,19,43,0,73,38,0,38,111
05/09/2010,GTF,MT,ANM,WE,Combined TRACON& Tower with Radar,18,22,6,2,48,0,2,17,0,19,18,24,23,2,67,0,0,0,67
05/10/2010,GTF,MT,ANM,WE,Combined TRACON& Tower with Radar,11,26,12,21,70,0,4,34,5,43,11,30,46,26,113,42,4,46,159
05/11/2010,GTF,MT,ANM,WE,Combined TRACON& Tower with Radar,14,33,27,14,88,0,0,27,0,27,14,33,54,14,115,28,0,28,143
05/12/2010,GTF,MT,ANM,WE,Combined TRACON& Tower with Radar,12,31,14,14,71,0,0,40,2,42,12,31,54,16,113,40,6,46,159
05/13/2010,GTF,MT,ANM,WE,Combined TRACON& Tower with Radar,20,30,10,20,80,0,2,55,2,59,20,32,65,22,139,42,8,50,189
05/14/2010,GTF,MT,ANM,WE,Combined TRACON& Tower with Radar,15,43,6,10,74,0,4,43,1,48,15,47,49,11,122,88,0,88,210
05/15/2010,GTF,MT,ANM,WE,Combined TRACON& Tower with Radar,10,18,5,0,33,0,3,29,0,32,10,21,34,0,65,48,0,48,113
05/16/2010,GTF,MT,ANM,WE,Combined TRACON& Tower with Radar,15,12,0,0,27,0,2,31,0,33,15,14,31,0,60,0,0,0,60
05/17/2010,GTF,MT,ANM,WE,Combined TRACON& Tower with Radar,11,24,11,8,54,0,4,39,1,44,11,28,50,9,98,38,0,38,136
05/18/2010,GTF,MT,ANM,WE,Combined TRACON& Tower with Radar,12,33,9,17,71,0,0,36,5,41,12,33,45,22,112,50,14,64,176
05/19/2010,GTF,MT,ANM,WE,Combined TRACON& Tower with Radar,14,33,30,19,96,0,0,43,0,43,14,33,73,19,139,22,16,38,177
05/20/2010,GTF,MT,ANM,WE,Combined TRACON& Tower with Radar,16,30,18,21,85,0,2,21,2,25,16,32,39,23,110,24,25,49,159
05/21/2010,GTF,MT,ANM,WE,Combined TRACON& Tower with Radar,14,35,30,12,91,0,3,28,1,32,14,38,58,13,123,30,6,36,159
05/22/2010,GTF,MT,ANM,WE,Combined TRACON& Tower with Radar,10,26,4,0,40,0,1,6,0,7,10,27,10,0,47,0,0,0,47
05/23/2010,GTF,MT,ANM,WE,Combined TRACON& Tower with Radar,15,16,9,0,40,0,0,11,0,11,15,16,20,0,51,8,6,14,65
05/24/2010,GTF,MT,ANM,WE,Combined TRACON& Tower with Radar,11,25,14,9,59,0,0,3,0,3,11,25,17,9,62,2,0,2,64
05/25/2010,GTF,MT,ANM,WE,Combined TRACON& Tower with Radar,12,32,26,22,92,0,0,35,2,37,12,32,61,24,129,34,10,44,173
05/26/2010,GTF,MT,ANM,WE,Combined TRACON& Tower with Radar,12,30,21,12,75,0,4,45,1,50,12,34,66,13,125,14,0,14,139
05/27/2010,GTF,MT,ANM,WE,Combined TRACON& Tower with Radar,17,32,4,7,60,0,0,2,1,3,17,32,6,8,63,0,0,0,63
05/28/2010,GTF,MT,ANM,WE,Combined TRACON& Tower with Radar,14,36,9,2,61,0,0,0,0,0,14,36,9,2,61,0,0,0,61
05/29/2010,GTF,MT,ANM,WE,Combined TRACON& Tower with Radar,10,24,7,0,41,0,0,4,0,4,10,24,11,0,45,16,0,16,61
05/30/2010,GTF,MT,ANM,WE,Combined TRACON& Tower with Radar,17,14,6,0,37,0,0,16,0,16,17,14,22,0,53,8,0,8,61
05/31/2010,GTF,MT,ANM,WE,Combined TRACON& Tower with Radar,10,15,4,0,29,0,2,21,0,23,10,17,25,0,52,40,0,40,92
06/01/2010,GTF,MT,ANM,WE,Combined TRACON& Tower with Radar,10,28,16,4,58,0,5,34,0,39,10,33,50,4,97,60,4,64,161
06/02/2010,GTF,MT,ANM,WE,Combined TRACON& Tower with Radar,14,31,19,4,68,0,3,32,0,35,14,34,51,4,103,38,0,38,141
06/03/2010,GTF,MT,ANM,WE,Combined TRACON& Tower with Radar,17,32,17,19,85,0,3,24,0,27,17,35,41,19,112,0,0,0,112
06/04/2010,GTF,MT,ANM,WE,Combined TRACON& Tower with Radar,12,40,19,21,92,0,0,28,4,32,12,40,47,25,124,34,0,34,158
06/05/2010,GTF,MT,ANM,WE,Combined TRACON& Tower with Radar,10,22,12,11,55,0,2,35,2,39,10,24,47,13,94,28,0,28,122
06/06/2010,GTF,MT,ANM,WE,Combined TRACON& Tower with Radar,15,18,5,0,38,0,0,31,0,31,15,18,36,0,69,56,0,56,125
06/07/2010,GTF,MT,ANM,WE,Combined TRACON& Tower with Radar,9,31,11,5,56,0,1,27,1,29,9,32,38,6,85,46,6,52,137
06/08/2010,GTF,MT,ANM,WE,Combined TRACON& Tower with Radar,13,31,10,4,58,0,0,65,0,65,13,31,75,4,123,72,16,88,211
06/09/2010,GTF,MT,ANM,WE,Combined TRACON& Tower with Radar,13,32,12,12,69,0,2,30,7,39,13,34,42,19,108,66,2,68,176
06/10/2010,GTF,MT,ANM,WE,Combined TRACON& Tower with Radar,20,39,12,33,104,0,2,16,1,19,20,41,28,34,123,23,18,41,164
06/11/2010,GTF,MT,ANM,WE,Combined TRACON& Tower with Radar,15,30,18,18,81,0,1,15,2,18,15,31,33,20,99,26,2,28,127
06/12/2010,GTF,MT,ANM,WE,Combined TRACON& Tower with Radar,11,21,7,0,39,0,0,43,1,44,11,21,50,1,83,28,0,28,111
06/13/2010,GTF,MT,ANM,WE,Combined TRACON& Tower with Radar,18,17,12,1,48,0,0,39,0,39,18,17,51,1,87,46,0,46,133
06/14/2010,GTF,MT,ANM,WE,Combined TRACON& Tower with Radar,15,23,15,9,62,0,1,46,2,49,15,24,61,11,111,98,14,112,223
06/15/2010,GTF,MT,ANM,WE,Combined TRACON& Tower with Radar,14,36,31,8,89,0,0,17,6,23,14,36,48,14,112,92,16,108,220
06/16/2010,GTF,MT,ANM,WE,Combined TRACON& Tower with Radar,14,30,29,4,77,0,0,7,0,7,14,30,36,4,84,28,0,28,112
06/17/2010,GTF,MT,ANM,WE,Combined TRACON& Tower with Radar,17,36,30,9,92,0,0,5,1,6,17,36,35,10,98,12,0,12,110
06/18/2010,GTF,MT,ANM,WE,Combined TRACON& Tower with Radar,16,41,24,24,105,0,1,37,1,39,16,42,61,25,144,26,4,30,174
06/19/2010,GTF,MT,ANM,WE,Combined TRACON& Tower with Radar,13,18,13,1,45,0,1,69,0,70,13,19,82,1,115,34,0,34,149
06/20/2010,GTF,MT,ANM,WE,Combined TRACON& Tower with Radar,16,13,12,0,41,0,2,24,0,26,16,15,36,0,67,14,0,14,81
06/21/2010,GTF,MT,ANM,WE,Combined TRACON& Tower with Radar,17,26,8,4,55,0,1,20,2,23,17,27,28,6,78,58,0,58,136
06/22/2010,GTF,MT,ANM,WE,Combined TRACON& Tower with Radar,14,32,17,27,90,0,4,45,2,51,14,36,62,29,141,68,4,72,213
06/23/2010,GTF,MT,ANM,WE,Combined TRACON& Tower with Radar,14,41,24,11,90,0,3,41,2,46,14,44,65,13,136,96,0,96,232
06/24/2010,GTF,MT,ANM,WE,Combined TRACON& Tower with Radar,18,35,14,25,92,0,0,33,3,36,18,35,47,28,128,42,22,64,192
06/25/2010,GTF,MT,ANM,WE,Combined TRACON& Tower with Radar,15,31,13,13,72,0,3,37,2,42,15,34,50,15,114,74,24,98,212
06/26/2010,GTF,MT,ANM,WE,Combined TRACON& Tower with Radar,12,17,9,0,38,0,2,54,2,58,12,19,63,2,96,28,0,28,124
06/27/2010,GTF,MT,ANM,WE,Combined TRACON& Tower with Radar,18,17,6,1,42,0,0,40,2,42,18,17,46,3,84,12,0,12,96
06/28/2010,GTF,MT,ANM,WE,Combined TRACON& Tower with Radar,15,25,8,6,54,0,3,35,2,40,15,28,43,8,94,48,0,48,142
06/29/2010,GTF,MT,ANM,WE,Combined TRACON& Tower with Radar,16,32,21,9,78,0,7,34,0,41,16,39,55,9,119,86,0,86,205
06/30/2010,GTF,MT,ANM,WE,Combined TRACON& Tower with Radar,13,31,18,18,80,0,2,43,1,46,13,33,61,19,126,34,22,56,182
07/01/2010,GTF,MT,ANM,WE,Combined TRACON& Tower with Radar,22,35,19,10,86,0,2,46,0,48,22,37,65,10,134,26,11,37,171
07/02/2010,GTF,MT,ANM,WE,Combined TRACON& Tower with Radar,16,36,10,7,69,0,0,39,0,39,16,36,49,7,108,60,0,60,168
07/03/2010,GTF,MT,ANM,WE,Combined TRACON& Tower with Radar,12,23,11,0,46,0,1,21,0,22,12,24,32,0,68,4,0,4,72
07/04/2010,GTF,MT,ANM,WE,Combined TRACON& Tower with Radar,15,11,5,3,34,0,1,33,1,35,15,12,38,4,69,10,0,10,79
07/05/2010,GTF,MT,ANM,WE,Combined TRACON& Tower with Radar,12,15,12,4,43,0,3,17,0,20,12,18,29,4,63,54,0,54,117
07/06/2010,GTF,MT,ANM,WE,Combined TRACON& Tower with Radar,13,21,16,12,62,0,5,41,0,46,13,26,57,12,108,56,0,56,164
07/07/2010,GTF,MT,ANM,WE,Combined TRACON& Tower with Radar,16,40,19,10,85,0,3,71,3,77,16,43,90,13,162,100,2,102,264
07/08/2010,GTF,MT,ANM,WE,Combined TRACON& Tower with Radar,19,34,11,8,72,0,4,59,4,67,19,38,70,12,139,104,0,104,243
07/09/2010,GTF,MT,ANM,WE,Combined TRACON& Tower with Radar,14,26,8,10,58,0,2,33,1,36,14,28,41,11,94,102,22,124,218
07/10/2010,GTF,MT,ANM,WE,Combined TRACON& Tower with Radar,11,30,9,1,51,0,2,26,0,28,11,32,35,1,79,30,0,30,109
07/11/2010,GTF,MT,ANM,WE,Combined TRACON& Tower with Radar,17,20,9,12,58,0,2,27,0,29,17,22,36,12,87,36,6,42,129
07/12/2010,GTF,MT,ANM,WE,Combined TRACON& Tower with Radar,13,25,14,2,54,0,1,27,0,28,13,26,41,2,82,22,2,24,106
07/13/2010,GTF,MT,ANM,WE,Combined TRACON& Tower with Radar,18,33,9,7,67,0,3,25,10,38,18,36,34,17,105,44,4,48,153
07/14/2010,GTF,MT,ANM,WE,Combined TRACON& Tower with Radar,14,41,24,24,103,0,0,40,4,44,14,41,64,28,147,110,16,126,273
07/15/2010,GTF,MT,ANM,WE,Combined TRACON& Tower with Radar,18,34,12,12,76,0,0,42,1,43,18,34,54,13,119,58,10,68,187
07/16/2010,GTF,MT,ANM,WE,Combined TRACON& Tower with Radar,15,32,12,8,67,0,4,41,3,48,15,36,53,11,115,44,16,60,175
07/17/2010,GTF,MT,ANM,WE,Combined TRACON& Tower with Radar,14,21,9,1,45,0,0,59,2,61,14,21,68,3,106,68,0,68,174
07/18/2010,GTF,MT,ANM,WE,Combined TRACON& Tower with Radar,17,13,13,3,46,0,2,47,1,50,17,15,60,4,96,60,0,60,156
07/19/2010,GTF,MT,ANM,WE,Combined TRACON& Tower with Radar,13,25,6,2,46,0,1,39,0,40,13,26,45,2,86,38,0,38,124
07/20/2010,GTF,MT,ANM,WE,Combined TRACON& Tower with Radar,16,33,25,7,81,0,4,51,1,56,16,37,76,8,137,0,0,0,137
07/21/2010,GTF,MT,ANM,WE,Combined TRACON& Tower with Radar,13,38,25,17,93,0,1,32,0,33,13,39,57,17,126,54,4,58,184
07/22/2010,GTF,MT,ANM,WE,Combined TRACON& Tower with Radar,19,39,16,13,87,0,4,27,0,31,19,43,43,13,118,38,4,42,160
07/23/2010,GTF,MT,ANM,WE,Combined TRACON& Tower with Radar,17,34,16,34,101,0,0,36,3,39,17,34,52,37,140,6,38,44,184
07/24/2010,GTF,MT,ANM,WE,Combined TRACON& Tower with Radar,12,25,15,4,56,0,1,46,0,47,12,26,61,4,103,68,0,68,171
07/25/2010,GTF,MT,ANM,WE,Combined TRACON& Tower with Radar,18,18,16,1,53,0,3,43,1,47,18,21,59,2,100,5,0,5,105
07/26/2010,GTF,MT,ANM,WE,Combined TRACON& Tower with Radar,11,30,16,7,64,0,0,38,6,44,11,30,54,13,108,44,0,44,152
07/27/2010,GTF,MT,ANM,WE,Combined TRACON& Tower with Radar,21,39,21,12,93,0,0,27,0,27,21,39,48,12,120,74,2,76,196
07/28/2010,GTF,MT,ANM,WE,Combined TRACON& Tower with Radar,16,38,22,19,95,0,2,44,2,48,16,40,66,21,143,52,2,54,197
07/29/2010,GTF,MT,ANM,WE,Combined TRACON& Tower with Radar,17,33,22,5,77,0,5,48,1,54,17,38,70,6,131,40,0,40,171
07/30/2010,GTF,MT,ANM,WE,Combined TRACON& Tower with Radar,17,32,18,3,70,0,3,42,1,46,17,35,60,4,116,9,0,9,125
07/31/2010,GTF,MT,ANM,WE,Combined TRACON& Tower with Radar,10,30,15,0,55,0,0,25,0,25,10,30,40,0,80,18,1,19,99
08/01/2010,GTF,MT,ANM,WE,Combined TRACON& Tower with Radar,20,18,14,9,61,0,0,32,0,32,20,18,46,9,93,18,6,24,117
08/02/2010,GTF,MT,ANM,WE,Combined TRACON& Tower with Radar,16,27,6,14,63,0,1,34,0,35,16,28,40,14,98,62,4,66,164
08/03/2010,GTF,MT,ANM,WE,Combined TRACON& Tower with Radar,17,35,17,16,85,0,0,18,6,24,17,35,35,22,109,26,16,42,151
08/04/2010,GTF,MT,ANM,WE,Combined TRACON& Tower with Radar,14,35,30,9,88,0,1,20,1,22,14,36,50,10,110,22,0,22,132
08/05/2010,GTF,MT,ANM,WE,Combined TRACON& Tower with Radar,18,33,19,14,84,0,0,56,2,58,18,33,75,16,142,54,16,70,212
08/06/2010,GTF,MT,ANM,WE,Combined TRACON& Tower with Radar,16,30,21,10,77,0,4,45,0,49,16,34,66,10,126,46,10,56,182
08/07/2010,GTF,MT,ANM,WE,Combined TRACON& Tower with Radar,12,23,10,1,46,0,3,33,1,37,12,26,43,2,83,26,0,26,109
08/08/2010,GTF,MT,ANM,WE,Combined TRACON& Tower with Radar,17,21,9,0,47,0,1,21,0,22,17,22,30,0,69,18,0,18,87
08/09/2010,GTF,MT,ANM,WE,Combined TRACON& Tower with Radar,13,24,16,12,65,0,3,31,0,34,13,27,47,12,99,48,4,52,151
08/10/2010,GTF,MT,ANM,WE,Combined TRACON& Tower with Radar,13,37,16,10,76,0,5,22,1,28,13,42,38,11,104,18,1,19,123
08/11/2010,GTF,MT,ANM,WE,Combined TRACON& Tower with Radar,15,32,16,18,81,0,6,33,2,41,15,38,49,20,122,21,4,25,147
08/12/2010,GTF,MT,ANM,WE,Combined TRACON& Tower with Radar,18,35,23,7,83,0,5,39,1,45,18,40,62,8,128,30,2,32,160
08/13/2010,GTF,MT,ANM,WE,Combined TRACON& Tower with Radar,15,39,26,4,84,0,0,4,0,4,15,39,30,4,88,2,0,2,90
08/14/2010,GTF,MT,ANM,WE,Combined TRACON& Tower with Radar,12,22,6,0,40,0,0,10,0,10,12,22,16,0,50,20,0,20,70
08/15/2010,GTF,MT,ANM,WE,Combined TRACON& Tower with Radar,17,14,13,6,50,0,0,39,1,40,17,14,52,7,90,15,6,21,111
08/16/2010,GTF,MT,ANM,WE,Combined TRACON& Tower with Radar,13,28,17,0,58,0,8,42,1,51,13,36,59,1,109,60,0,60,169
08/17/2010,GTF,MT,ANM,WE,Combined TRACON& Tower with Radar,14,34,18,16,82,0,2,37,4,43,14,36,55,20,125,34,0,34,159
08/18/2010,GTF,MT,ANM,WE,Combined TRACON& Tower with Radar,14,32,17,4,67,0,2,17,4,23,14,34,34,8,90,4,2,6,96
08/19/2010,GTF,MT,ANM,WE,Combined TRACON& Tower with Radar,19,31,14,8,72,0,2,39,0,41,19,33,53,8,113,22,0,22,135
08/20/2010,GTF,MT,ANM,WE,Combined TRACON& Tower with Radar,16,34,16,9,75,0,3,47,0,50,16,37,63,9,125,24,4,28,153
08/21/2010,GTF,MT,ANM,WE,Combined TRACON& Tower with Radar,13,21,14,0,48,2,5,37,0,44,15,26,51,0,92,24,0,24,116
08/22/2010,GTF,MT,ANM,WE,Combined TRACON& Tower with Radar,20,18,14,0,52,0,2,24,0,26,20,20,38,0,78,14,0,14,92
08/23/2010,GTF,MT,ANM,WE,Combined TRACON& Tower with Radar,12,33,10,6,61,0,1,40,2,43,12,34,50,8,104,52,0,52,156
08/24/2010,GTF,MT,ANM,WE,Combined TRACON& Tower with Radar,14,35,22,14,85,0,0,50,3,53,14,35,72,17,138,34,14,48,186
08/25/2010,GTF,MT,ANM,WE,Combined TRACON& Tower with Radar,14,35,20,13,82,0,0,42,0,42,14,35,62,13,124,70,0,70,194
08/26/2010,GTF,MT,ANM,WE,Combined TRACON& Tower with Radar,18,38,22,13,91,0,1,56,1,58,18,39,78,14,149,34,10,44,193
08/27/2010,GTF,MT,ANM,WE,Combined TRACON& Tower with Radar,14,32,27,10,83,0,0,31,4,35,14,32,58,14,118,36,0,36,154
08/28/2010,GTF,MT,ANM,WE,Combined TRACON& Tower with Radar,12,20,9,0,41,0,2,32,0,34,12,22,41,0,75,20,0,20,95
08/29/2010,GTF,MT,ANM,WE,Combined TRACON& Tower with Radar,17,14,27,0,58,0,0,0,0,0,17,14,27,0,58,0,0,0,58
08/30/2010,GTF,MT,ANM,WE,Combined TRACON& Tower with Radar,13,29,9,4,55,0,0,13,1,14,13,29,22,5,69,12,0,12,81
08/31/2010,GTF,MT,ANM,WE,Combined TRACON& Tower with Radar,12,43,18,19,92,0,0,23,5,28,12,43,41,24,120,28,8,36,156
09/01/2010,GTF,MT,ANM,WE,Combined TRACON& Tower with Radar,12,35,16,18,81,0,3,21,1,25,12,38,37,19,106,30,6,36,142
09/02/2010,GTF,MT,ANM,WE,Combined TRACON& Tower with Radar,16,39,8,13,76,0,1,51,1,53,16,40,59,14,129,6,26,32,161
09/03/2010,GTF,MT,ANM,WE,Combined TRACON& Tower with Radar,12,36,12,2,62,0,6,28,0,34,12,42,40,2,96,42,0,42,138
09/04/2010,GTF,MT,ANM,WE,Combined TRACON& Tower with Radar,10,23,2,2,37,0,4,11,0,15,10,27,13,2,52,10,0,10,62
09/05/2010,GTF,MT,ANM,WE,Combined TRACON& Tower with Radar,15,14,5,0,34,0,0,4,0,4,15,14,9,0,38,0,0,0,38
09/06/2010,GTF,MT,ANM,WE,Combined TRACON& Tower with Radar,9,14,5,2,30,0,0,28,0,28,9,14,33,2,58,28,0,28,86
09/07/2010,GTF,MT,ANM,WE,Combined TRACON& Tower with Radar,12,31,10,10,63,0,1,28,2,31,12,32,38,12,94,32,0,32,126
09/08/2010,GTF,MT,ANM,WE,Combined TRACON& Tower with Radar,12,43,17,10,82,0,2,28,4,34,12,45,45,14,116,6,6,12,128
09/09/2010,GTF,MT,ANM,WE,Combined TRACON& Tower with Radar,16,37,6,0,59,0,0,0,0,0,16,37,6,0,59,0,0,0,59
09/10/2010,GTF,MT,ANM,WE,Combined TRACON& Tower with Radar,12,37,11,8,68,0,0,6,3,9,12,37,17,11,77,8,2,10,87
09/11/2010,GTF,MT,ANM,WE,Combined TRACON& Tower with Radar,10,21,6,2,39,0,2,25,0,27,10,23,31,2,66,0,6,6,72
09/12/2010,GTF,MT,ANM,WE,Combined TRACON& Tower with Radar,14,19,13,4,50,0,2,44,0,46,14,21,57,4,96,30,0,30,126
09/13/2010,GTF,MT,ANM,WE,Combined TRACON& Tower with Radar,7,31,11,4,53,0,2,22,0,24,7,33,33,4,77,26,0,26,103
09/14/2010,GTF,MT,ANM,WE,Combined TRACON& Tower with Radar,9,44,16,14,83,0,0,5,5,10,9,44,21,19,93,29,16,45,138
09/15/2010,GTF,MT,ANM,WE,Combined TRACON& Tower with Radar,12,36,20,11,79,0,2,30,4,36,12,38,50,15,115,20,10,30,145
09/16/2010,GTF,MT,ANM,WE,Combined TRACON& Tower with Radar,16,36,12,14,78,0,1,16,6,23,16,37,28,20,101,24,10,34,135
09/17/2010,GTF,MT,ANM,WE,Combined TRACON& Tower with Radar,12,36,7,0,55,0,0,0,0,0,12,36,7,0,55,0,0,0,55
09/18/2010,GTF,MT,ANM,WE,Combined TRACON& Tower with Radar,10,18,13,0,41,0,0,8,1,9,10,18,21,1,50,0,0,0,50
09/19/2010,GTF,MT,ANM,WE,Combined TRACON& Tower with Radar,15,13,9,0,37,0,0,8,0,8,15,13,17,0,45,4,0,4,49
09/20/2010,GTF,MT,ANM,WE,Combined TRACON& Tower with Radar,11,25,16,21,73,0,0,24,1,25,11,25,40,22,98,54,8,62,160
09/21/2010,GTF,MT,ANM,WE,Combined TRACON& Tower with Radar,13,37,34,19,103,0,0,2,3,5,13,37,36,22,108,8,2,10,118
09/22/2010,GTF,MT,ANM,WE,Combined TRACON& Tower with Radar,11,36,26,6,79,0,0,9,0,9,11,36,35,6,88,30,0,30,118
09/23/2010,GTF,MT,ANM,WE,Combined TRACON& Tower with Radar,14,31,24,10,79,0,0,37,0,37,14,31,61,10,116,41,2,43,159
09/24/2010,GTF,MT,ANM,WE,Combined TRACON& Tower with Radar,12,31,14,14,71,0,0,34,0,34,12,31,48,14,105,12,0,12,117
09/25/2010,GTF,MT,ANM,WE,Combined TRACON& Tower with Radar,10,19,14,2,45,0,3,33,0,36,10,22,47,2,81,4,0,4,85
09/26/2010,GTF,MT,ANM,WE,Combined TRACON& Tower with Radar,17,12,2,0,31,0,0,23,0,23,17,12,25,0,54,44,0,44,98
09/27/2010,GTF,MT,ANM,WE,Combined TRACON& Tower with Radar,9,26,14,20,69,0,6,25,0,31,9,32,39,20,100,26,8,34,134
09/28/2010,GTF,MT,ANM,WE,Combined TRACON& Tower with Radar,12,30,23,10,75,0,4,21,0,25,12,34,44,10,100,6,12,18,118
09/29/2010,GTF,MT,ANM,WE,Combined TRACON& Tower with Radar,12,37,29,6,84,0,5,60,0,65,12,42,89,6,149,50,0,50,199
09/30/2010,GTF,MT,ANM,WE,Combined TRACON& Tower with Radar,17,31,22,6,76,0,3,25,0,28,17,34,47,6,104,20,0,20,124
10/01/2010,GTF,MT,ANM,WE,Combined TRACON& Tower with Radar,12,35,14,6,67,0,3,38,0,41,12,38,52,6,108,12,0,12,120
10/02/2010,GTF,MT,ANM,WE,Combined TRACON& Tower with Radar,10,18,5,2,35,0,1,39,6,46,10,19,44,8,81,24,0,24,105
10/03/2010,GTF,MT,ANM,WE,Combined TRACON& Tower with Radar,15,12,5,6,38,0,0,34,0,34,15,12,39,6,72,6,0,6,78
10/04/2010,GTF,MT,ANM,WE,Combined TRACON& Tower with Radar,11,27,21,10,69,0,1,15,0,16,11,28,36,10,85,34,6,40,125
10/05/2010,GTF,MT,ANM,WE,Combined TRACON& Tower with Radar,11,35,25,11,82,0,0,9,2,11,11,35,34,13,93,18,6,24,117
10/06/2010,GTF,MT,ANM,WE,Combined TRACON& Tower with Radar,13,31,18,18,80,0,2,29,1,32,13,33,47,19,112,20,18,38,150
10/07/2010,GTF,MT,ANM,WE,Combined TRACON& Tower with Radar,18,35,21,11,85,0,2,38,6,46,18,37,59,17,131,31,8,39,170
10/08/2010,GTF,MT,ANM,WE,Combined TRACON& Tower with Radar,12,30,13,11,66,0,0,29,2,31,12,30,42,13,97,30,16,46,143
10/09/2010,GTF,MT,ANM,WE,Combined TRACON& Tower with Radar,10,20,14,0,44,0,2,34,0,36,10,22,48,0,80,22,0,22,102
10/10/2010,GTF,MT,ANM,WE,Combined TRACON& Tower with Radar,20,11,12,0,43,0,0,19,0,19,20,11,31,0,62,26,0,26,88
10/11/2010,GTF,MT,ANM,WE,Combined TRACON& Tower with Radar,11,27,5,0,43,0,1,8,0,9,11,28,13,0,52,4,0,4,56
10/12/2010,GTF,MT,ANM,WE,Combined TRACON& Tower with Radar,14,29,13,16,72,0,0,33,2,35,14,29,46,18,107,80,17,97,204
10/13/2010,GTF,MT,ANM,WE,Combined TRACON& Tower with Radar,13,31,13,9,66,0,2,32,2,36,13,33,45,11,102,20,12,32,134
10/14/2010,GTF,MT,ANM,WE,Combined TRACON& Tower with Radar,16,29,14,14,73,0,1,22,4,27,16,30,36,18,100,90,8,98,198
10/15/2010,GTF,MT,ANM,WE,Combined TRACON& Tower with Radar,12,33,12,17,74,0,1,16,1,18,12,34,28,18,92,20,4,24,116
10/16/2010,GTF,MT,ANM,WE,Combined TRACON& Tower with Radar,10,18,4,1,33,0,1,43,0,44,10,19,47,1,77,40,0,40,117
10/17/2010,GTF,MT,ANM,WE,Combined TRACON& Tower with Radar,13,17,6,0,36,0,0,29,1,30,13,17,35,1,66,20,0,20,86
10/18/2010,GTF,MT,ANM,WE,Combined TRACON& Tower with Radar,7,26,5,1,39,0,4,24,1,29,7,30,29,2,68,6,0,6,74
10/19/2010,GTF,MT,ANM,WE,Combined TRACON& Tower with Radar,10,34,12,15,71,0,2,32,1,35,10,36,44,16,106,74,0,74,180
10/20/2010,GTF,MT,ANM,WE,Combined TRACON& Tower with Radar,12,32,15,16,75,0,4,41,2,47,12,36,56,18,122,6,16,22,144
10/21/2010,GTF,MT,ANM,WE,Combined TRACON& Tower with Radar,12,35,12,10,69,0,4,40,4,48,12,39,52,14,117,26,0,26,143
10/22/2010,GTF,MT,ANM,WE,Combined TRACON& Tower with Radar,14,34,15,26,89,0,0,39,0,39,14,34,54,26,128,64,6,70,198
10/23/2010,GTF,MT,ANM,WE,Combined TRACON& Tower with Radar,8,19,8,0,35,0,0,23,0,23,8,19,31,0,58,26,0,26,84
10/24/2010,GTF,MT,ANM,WE,Combined TRACON& Tower with Radar,15,12,13,0,40,0,0,2,0,2,15,12,15,0,42,0,0,0,42
10/25/2010,GTF,MT,ANM,WE,Combined TRACON& Tower with Radar,7,31,6,9,53,0,1,3,1,5,7,32,9,10,58,6,2,8,66
10/26/2010,GTF,MT,ANM,WE,Combined TRACON& Tower with Radar,14,34,15,14,77,0,0,11,4,15,14,34,26,18,92,6,0,6,98
10/27/2010,GTF,MT,ANM,WE,Combined TRACON& Tower with Radar,12,30,29,11,82,0,0,15,1,16,12,30,44,12,98,28,14,42,140
10/28/2010,GTF,MT,ANM,WE,Combined TRACON& Tower with Radar,16,32,25,11,84,0,1,30,1,32,16,33,55,12,116,78,8,86,202
10/29/2010,GTF,MT,ANM,WE,Combined TRACON& Tower with Radar,14,32,21,10,77,0,1,27,1,29,14,33,48,11,106,36,2,38,144
10/30/2010,GTF,MT,ANM,WE,Combined TRACON& Tower with Radar,10,19,9,2,40,0,1,30,0,31,10,20,39,2,71,30,0,30,101
10/31/2010,GTF,MT,ANM,WE,Combined TRACON& Tower with Radar,15,16,9,0,40,0,0,5,0,5,15,16,14,0,45,0,0,0,45
11/01/2010,GTF,MT,ANM,WE,Combined TRACON& Tower with Radar,11,27,9,9,56,0,0,18,3,21,11,27,27,12,77,14,2,16,93
11/02/2010,GTF,MT,ANM,WE,Combined TRACON& Tower with Radar,12,29,12,15,68,0,2,22,7,31,12,31,34,22,99,0,37,37,136
11/03/2010,GTF,MT,ANM,WE,Combined TRACON& Tower with Radar,13,31,16,10,70,0,1,25,4,30,13,32,41,14,100,70,24,94,194
11/04/2010,GTF,MT,ANM,WE,Combined TRACON& Tower with Radar,17,28,12,6,63,0,1,41,2,44,17,29,53,8,107,89,0,89,196
11/05/2010,GTF,MT,ANM,WE,Combined TRACON& Tower with Radar,14,29,9,14,66,0,2,40,2,44,14,31,49,16,110,46,10,56,166
11/06/2010,GTF,MT,ANM,WE,Combined TRACON& Tower with Radar,13,18,12,5,48,1,1,24,2,28,14,19,36,7,76,22,0,22,98
11/07/2010,GTF,MT,ANM,WE,Combined TRACON& Tower with Radar,16,18,9,7,50,0,0,21,1,22,16,18,30,8,72,26,0,26,98
11/08/2010,GTF,MT,ANM,WE,Combined TRACON& Tower with Radar,11,28,3,13,55,0,0,2,0,2,11,28,5,13,57,4,0,4,61
11/09/2010,GTF,MT,ANM,WE,Combined TRACON& Tower with Radar,11,31,14,15,71,0,0,19,4,23,11,31,33,19,94,30,0,30,124
11/10/2010,GTF,MT,ANM,WE,Combined TRACON& Tower with Radar,13,36,22,22,93,0,0,14,5,19,13,36,36,27,112,62,4,66,178
11/11/2010,GTF,MT,ANM,WE,Combined TRACON& Tower with Radar,16,28,26,0,70,0,1,27,0,28,16,29,53,0,98,20,0,20,118
11/12/2010,GTF,MT,ANM,WE,Combined TRACON& Tower with Radar,14,33,8,4,59,0,0,15,0,15,14,33,23,4,74,36,0,36,110
11/13/2010,GTF,MT,ANM,WE,Combined TRACON& Tower with Radar,9,18,15,2,44,0,0,21,0,21,9,18,36,2,65,54,0,54,119
11/14/2010,GTF,MT,ANM,WE,Combined TRACON& Tower with Radar,18,15,16,2,51,0,0,12,0,12,18,15,28,2,63,34,0,34,97
11/15/2010,GTF,MT,ANM,WE,Combined TRACON& Tower with Radar,11,26,29,8,74,0,0,13,0,13,11,26,42,8,87,58,10,68,155
11/16/2010,GTF,MT,ANM,WE,Combined TRACON& Tower with Radar,17,27,8,1,53,0,0,0,0,0,17,27,8,1,53,0,0,0,53
11/17/2010,GTF,MT,ANM,WE,Combined TRACON& Tower with Radar,16,35,21,4,76,0,0,2,0,2,16,35,23,4,78,17,0,17,95
11/18/2010,GTF,MT,ANM,WE,Combined TRACON& Tower with Radar,15,28,15,4,62,0,1,0,0,1,15,29,15,4,63,4,0,4,67
11/19/2010,GTF,MT,ANM,WE,Combined TRACON& Tower with Radar,14,30,27,0,71,0,0,4,0,4,14,30,31,0,75,0,0,0,75
11/20/2010,GTF,MT,ANM,WE,Combined TRACON& Tower with Radar,9,20,4,0,33,0,0,0,0,0,9,20,4,0,33,0,0,0,33
11/21/2010,GTF,MT,ANM,WE,Combined TRACON& Tower with Radar,15,14,10,0,39,0,1,2,0,3,15,15,12,0,42,30,0,30,72
11/22/2010,GTF,MT,ANM,WE,Combined TRACON& Tower with Radar,11,26,9,0,46,0,0,0,0,0,11,26,9,0,46,0,0,0,46
11/23/2010,GTF,MT,ANM,WE,Combined TRACON& Tower with Radar,13,39,11,0,63,0,0,0,0,0,13,39,11,0,63,6,0,6,69
11/24/2010,GTF,MT,ANM,WE,Combined TRACON& Tower with Radar,15,34,11,11,71,0,0,8,2,10,15,34,19,13,81,6,6,12,93
11/25/2010,GTF,MT,ANM,WE,Combined TRACON& Tower with Radar,8,9,8,0,25,0,1,2,0,3,8,10,10,0,28,0,0,0,28
11/26/2010,GTF,MT,ANM,WE,Combined TRACON& Tower with Radar,14,28,2,8,52,0,0,7,0,7,14,28,9,8,59,6,14,20,79
11/27/2010,GTF,MT,ANM,WE,Combined TRACON& Tower with Radar,11,24,3,4,42,0,1,11,0,12,11,25,14,4,54,14,0,14,68
11/28/2010,GTF,MT,ANM,WE,Combined TRACON& Tower with Radar,18,15,8,0,41,0,0,0,0,0,18,15,8,0,41,0,0,0,41
11/29/2010,GTF,MT,ANM,WE,Combined TRACON& Tower with Radar,11,23,21,8,63,0,0,17,4,21,11,23,38,12,84,14,0,14,98
11/30/2010,GTF,MT,ANM,WE,Combined TRACON& Tower with Radar,15,29,19,19,82,0,0,7,6,13,15,29,26,25,95,4,10,14,109
12/01/2010,GTF,MT,ANM,WE,Combined TRACON& Tower with Radar,14,35,12,24,85,0,4,20,6,30,14,39,32,30,115,2,16,18,133
12/02/2010,GTF,MT,ANM,WE,Combined TRACON& Tower with Radar,15,34,17,14,80,0,0,8,0,8,15,34,25,14,88,10,0,10,98
12/03/2010,GTF,MT,ANM,WE,Combined TRACON& Tower with Radar,12,28,9,2,51,0,1,8,0,9,12,29,17,2,60,6,0,6,66
12/04/2010,GTF,MT,ANM,WE,Combined TRACON& Tower with Radar,12,15,9,0,36,0,0,5,0,5,12,15,14,0,41,0,0,0,41
12/05/2010,GTF,MT,ANM,WE,Combined TRACON& Tower with Radar,17,11,6,5,39,0,3,5,2,10,17,14,11,7,49,0,0,0,49
12/06/2010,GTF,MT,ANM,WE,Combined TRACON& Tower with Radar,14,21,13,6,54,0,0,17,0,17,14,21,30,6,71,16,6,22,93
12/07/2010,GTF,MT,ANM,WE,Combined TRACON& Tower with Radar,10,32,14,20,76,0,0,18,5,23,10,32,32,25,99,24,19,43,142
12/08/2010,GTF,MT,ANM,WE,Combined TRACON& Tower with Radar,13,30,14,11,68,0,0,7,6,13,13,30,21,17,81,0,2,2,83
12/09/2010,GTF,MT,ANM,WE,Combined TRACON& Tower with Radar,15,30,15,17,77,0,1,14,1,16,15,31,29,18,93,10,18,28,121
12/10/2010,GTF,MT,ANM,WE,Combined TRACON& Tower with Radar,13,32,20,15,80,0,0,0,0,0,13,32,20,15,80,6,0,6,86
12/11/2010,GTF,MT,ANM,WE,Combined TRACON& Tower with Radar,10,23,9,0,42,0,0,10,0,10,10,23,19,0,52,0,0,0,52
12/12/2010,GTF,MT,ANM,WE,Combined TRACON& Tower with Radar,17,13,0,1,31,0,0,5,0,5,17,13,5,1,36,4,0,4,40
12/13/2010,GTF,MT,ANM,WE,Combined TRACON& Tower with Radar,13,23,23,19,78,0,5,10,2,17,13,28,33,21,95,16,2,18,113
12/14/2010,GTF,MT,ANM,WE,Combined TRACON& Tower with Radar,11,32,20,20,83,0,1,20,4,25,11,33,40,24,108,42,2,44,152
12/15/2010,GTF,MT,ANM,WE,Combined TRACON& Tower with Radar,13,40,23,5,81,0,1,26,3,30,13,41,49,8,111,20,0,20,131
12/16/2010,GTF,MT,ANM,WE,Combined TRACON& Tower with Radar,16,42,22,11,91,0,1,30,4,35,16,43,52,15,126,49,0,49,175
12/17/2010,GTF,MT,ANM,WE,Combined TRACON& Tower with Radar,12,33,18,0,63,0,0,0,0,0,12,33,18,0,63,6,0,6,69
12/18/2010,GTF,MT,ANM,WE,Combined TRACON& Tower with Radar,9,19,4,0,32,0,0,0,0,0,9,19,4,0,32,0,0,0,32
12/19/2010,GTF,MT,ANM,WE,Combined TRACON& Tower with Radar,18,9,15,0,42,0,0,12,0,12,18,9,27,0,54,0,0,0,54
12/20/2010,GTF,MT,ANM,WE,Combined TRACON& Tower with Radar,8,22,5,0,35,0,1,7,0,8,8,23,12,0,43,8,0,8,51
12/21/2010,GTF,MT,ANM,WE,Combined TRACON& Tower with Radar,15,35,17,23,90,0,1,38,3,42,15,36,55,26,132,22,20,42,174
12/22/2010,GTF,MT,ANM,WE,Combined TRACON& Tower with Radar,16,43,4,9,72,0,0,17,1,18,16,43,21,10,90,10,0,10,100
12/23/2010,GTF,MT,ANM,WE,Combined TRACON& Tower with Radar,17,39,6,11,73,0,1,19,1,21,17,40,25,12,94,18,6,24,118
12/24/2010,GTF,MT,ANM,WE,Combined TRACON& Tower with Radar,20,32,6,0,58,0,3,17,0,20,20,35,23,0,78,12,0,12,90
12/25/2010,GTF,MT,ANM,WE,Combined TRACON& Tower with Radar,8,10,2,0,20,0,0,7,0,7,8,10,9,0,27,6,0,6,33
12/26/2010,GTF,MT,ANM,WE,Combined TRACON& Tower with Radar,15,15,10,0,40,0,0,12,0,12,15,15,22,0,52,10,0,10,62
12/27/2010,GTF,MT,ANM,WE,Combined TRACON& Tower with Radar,9,26,6,0,41,0,0,7,0,7,9,26,13,0,48,2,0,2,50
12/28/2010,GTF,MT,ANM,WE,Combined TRACON& Tower with Radar,16,30,10,11,67,0,0,5,0,5,16,30,15,11,72,12,12,24,96
12/29/2010,GTF,MT,ANM,WE,Combined TRACON& Tower with Radar,10,26,1,2,39,0,1,0,0,1,10,27,1,2,40,0,0,0,40
12/30/2010,GTF,MT,ANM,WE,Combined TRACON& Tower with Radar,18,40,0,0,58,0,0,0,0,0,18,40,0,0,58,0,0,0,58
12/31/2010,GTF,MT,ANM,WE,Combined TRACON& Tower with Radar,11,27,1,0,39,0,0,7,0,7,11,27,8,0,46,0,0,0,46
01/01/2011,GTF,MT,ANM,WE,Combined TRACON& Tower with Radar,12,12,2,0,26,0,0,7,0,7,12,12,9,0,33,0,0,0,33
01/02/2011,GTF,MT,ANM,WE,Combined TRACON& Tower with Radar,14,12,14,0,40,0,0,7,0,7,14,12,21,0,47,0,0,0,47
01/03/2011,GTF,MT,ANM,WE,Combined TRACON& Tower with Radar,7,12,10,13,42,0,0,22,19,41,7,12,32,32,83,0,0,0,83
01/04/2011,GTF,MT,ANM,WE,Combined TRACON& Tower with Radar,12,32,15,5,64,0,2,57,2,61,12,34,72,7,125,0,0,0,125
01/05/2011,GTF,MT,ANM,WE,Combined TRACON& Tower with Radar,12,29,23,28,92,0,0,16,5,21,12,29,39,33,113,18,0,18,131
01/06/2011,GTF,MT,ANM,WE,Combined TRACON& Tower with Radar,16,26,12,11,65,0,0,12,1,13,16,26,24,12,78,48,0,48,126
01/07/2011,GTF,MT,ANM,WE,Combined TRACON& Tower with Radar,12,34,17,8,71,0,0,16,3,19,12,34,33,11,90,38,4,42,132
01/08/2011,GTF,MT,ANM,WE,Combined TRACON& Tower with Radar,10,15,4,0,29,0,0,9,0,9,10,15,13,0,38,16,4,20,58
01/09/2011,GTF,MT,ANM,WE,Combined TRACON& Tower with Radar,14,9,7,10,40,0,0,0,0,0,14,9,7,10,40,0,0,0,40
01/10/2011,GTF,MT,ANM,WE,Combined TRACON& Tower with Radar,10,27,7,10,54,0,0,1,1,2,10,27,8,11,56,0,0,0,56
01/11/2011,GTF,MT,ANM,WE,Combined TRACON& Tower with Radar,10,29,20,14,73,0,2,13,1,16,10,31,33,15,89,4,6,10,99
01/12/2011,GTF,MT,ANM,WE,Combined TRACON& Tower with Radar,12,32,11,10,65,0,2,13,4,19,12,34,24,14,84,16,6,22,106
01/13/2011,GTF,MT,ANM,WE,Combined TRACON& Tower with Radar,17,34,10,2,63,0,0,8,0,8,17,34,18,2,71,0,0,0,71
01/14/2011,GTF,MT,ANM,WE,Combined TRACON& Tower with Radar,11,29,5,2,47,0,0,0,0,0,11,29,5,2,47,0,0,0,47
01/15/2011,GTF,MT,ANM,WE,Combined TRACON& Tower with Radar,11,17,10,0,38,0,1,2,0,3,11,18,12,0,41,0,0,0,41
01/16/2011,GTF,MT,ANM,WE,Combined TRACON& Tower with Radar,15,9,2,0,26,0,1,11,0,12,15,10,13,0,38,0,0,0,38
01/17/2011,GTF,MT,ANM,WE,Combined TRACON& Tower with Radar,9,29,2,0,40,0,0,8,0,8,9,29,10,0,48,0,0,0,48
01/18/2011,GTF,MT,ANM,WE,Combined TRACON& Tower with Radar,11,28,21,12,72,0,0,19,2,21,11,28,40,14,93,0,0,0,93
01/19/2011,GTF,MT,ANM,WE,Combined TRACON& Tower with Radar,14,31,19,17,81,0,1,24,4,29,14,32,43,21,110,0,0,0,110
01/20/2011,GTF,MT,ANM,WE,Combined TRACON& Tower with Radar,17,29,11,6,63,1,3,17,5,26,18,32,28,11,89,0,0,0,89
01/21/2011,GTF,MT,ANM,WE,Combined TRACON& Tower with Radar,12,33,15,0,60,1,2,26,0,29,13,35,41,0,89,0,0,0,89
01/22/2011,GTF,MT,ANM,WE,Combined TRACON& Tower with Radar,12,20,15,0,47,0,0,23,0,23,12,20,38,0,70,0,0,0,70
01/23/2011,GTF,MT,ANM,WE,Combined TRACON& Tower with Radar,15,14,8,0,37,0,0,4,0,4,15,14,12,0,41,0,0,0,41
01/24/2011,GTF,MT,ANM,WE,Combined TRACON& Tower with Radar,9,25,9,5,48,0,0,13,3,16,9,25,22,8,64,0,0,0,64
01/25/2011,GTF,MT,ANM,WE,Combined TRACON& Tower with Radar,12,31,17,9,69,0,0,16,6,22,12,31,33,15,91,0,0,0,91
01/26/2011,GTF,MT,ANM,WE,Combined TRACON& Tower with Radar,14,34,7,8,63,0,3,14,1,18,14,37,21,9,81,0,0,0,81
01/27/2011,GTF,MT,ANM,WE,Combined TRACON& Tower with Radar,22,36,27,15,100,0,0,11,0,11,22,36,38,15,111,0,0,0,111
01/28/2011,GTF,MT,ANM,WE,Combined TRACON& Tower with Radar,11,30,12,16,69,0,0,16,4,20,11,30,28,20,89,0,0,0,89
01/29/2011,GTF,MT,ANM,WE,Combined TRACON& Tower with Radar,10,17,0,0,27,0,0,0,0,0,10,17,0,0,27,0,0,0,27
01/30/2011,GTF,MT,ANM,WE,Combined TRACON& Tower with Radar,16,10,6,2,34,0,0,0,0,0,16,10,6,2,34,0,0,0,34
01/31/2011,GTF,MT,ANM,WE,Combined TRACON& Tower with Radar,9,26,6,18,59,0,0,7,2,9,9,26,13,20,68,0,0,0,68
02/01/2011,GTF,MT,ANM,WE,Combined TRACON& Tower with Radar,12,33,11,7,63,0,7,27,3,37,12,40,38,10,100,0,0,0,100
02/02/2011,GTF,MT,ANM,WE,Combined TRACON& Tower with Radar,12,34,15,13,74,0,2,51,9,62,12,36,66,22,136,0,0,0,136
02/03/2011,GTF,MT,ANM,WE,Combined TRACON& Tower with Radar,13,31,13,27,84,0,0,34,13,47,13,31,47,40,131,0,0,0,131
02/04/2011,GTF,MT,ANM,WE,Combined TRACON& Tower with Radar,14,31,10,9,64,0,0,36,5,41,14,31,46,14,105,0,0,0,105
02/05/2011,GTF,MT,ANM,WE,Combined TRACON& Tower with Radar,10,16,9,1,36,0,0,2,0,2,10,16,11,1,38,0,0,0,38
02/06/2011,GTF,MT,ANM,WE,Combined TRACON& Tower with Radar,13,10,7,1,31,0,1,0,0,1,13,11,7,1,32,0,0,0,32
02/07/2011,GTF,MT,ANM,WE,Combined TRACON& Tower with Radar,11,22,8,0,41,0,0,0,0,0,11,22,8,0,41,0,0,0,41
02/08/2011,GTF,MT,ANM,WE,Combined TRACON& Tower with Radar,10,35,20,4,69,0,0,2,2,4,10,35,22,6,73,0,0,0,73
02/09/2011,GTF,MT,ANM,WE,Combined TRACON& Tower with Radar,12,32,29,15,88,0,0,72,18,90,12,32,101,33,178,0,0,0,178
02/10/2011,GTF,MT,ANM,WE,Combined TRACON& Tower with Radar,16,31,11,14,72,0,0,58,0,58,16,31,69,14,130,0,0,0,130
02/11/2011,GTF,MT,ANM,WE,Combined TRACON& Tower with Radar,18,32,11,16,77,0,2,18,7,27,18,34,29,23,104,0,0,0,104
02/12/2011,GTF,MT,ANM,WE,Combined TRACON& Tower with Radar,10,16,3,0,29,0,0,5,0,5,10,16,8,0,34,0,0,0,34
02/13/2011,GTF,MT,ANM,WE,Combined TRACON& Tower with Radar,13,12,3,0,28,0,1,26,0,27,13,13,29,0,55,0,0,0,55
02/14/2011,GTF,MT,ANM,WE,Combined TRACON& Tower with Radar,13,28,13,2,56,0,1,69,1,71,13,29,82,3,127,0,0,0,127
02/15/2011,GTF,MT,ANM,WE,Combined TRACON& Tower with Radar,12,33,16,16,77,0,1,38,4,43,12,34,54,20,120,0,0,0,120
02/16/2011,GTF,MT,ANM,WE,Combined TRACON& Tower with Radar,13,29,20,16,78,0,1,73,8,82,13,30,93,24,160,0,0,0,160
02/17/2011,GTF,MT,ANM,WE,Combined TRACON& Tower with Radar,15,31,15,1,62,0,0,23,4,27,15,31,38,5,89,0,0,0,89
02/18/2011,GTF,MT,ANM,WE,Combined TRACON& Tower with Radar,15,36,10,0,61,0,0,0,0,0,15,36,10,0,61,0,0,0,61
02/19/2011,GTF,MT,ANM,WE,Combined TRACON& Tower with Radar,8,23,3,0,34,0,0,0,0,0,8,23,3,0,34,0,0,0,34
02/20/2011,GTF,MT,ANM,WE,Combined TRACON& Tower with Radar,12,10,2,0,24,0,2,0,0,2,12,12,2,0,26,0,0,0,26
02/21/2011,GTF,MT,ANM,WE,Combined TRACON& Tower with Radar,9,23,14,0,46,0,2,42,0,44,9,25,56,0,90,0,0,0,90
02/22/2011,GTF,MT,ANM,WE,Combined TRACON& Tower with Radar,9,29,11,5,54,0,0,18,4,22,9,29,29,9,76,0,0,0,76
02/23/2011,GTF,MT,ANM,WE,Combined TRACON& Tower with Radar,14,30,17,2,63,0,0,2,0,2,14,30,19,2,65,0,0,0,65
02/24/2011,GTF,MT,ANM,WE,Combined TRACON& Tower with Radar,17,35,18,0,70,0,0,0,0,0,17,35,18,0,70,0,0,0,70
02/25/2011,GTF,MT,ANM,WE,Combined TRACON& Tower with Radar,15,38,13,22,88,0,1,40,10,51,15,39,53,32,139,0,0,0,139
02/26/2011,GTF,MT,ANM,WE,Combined TRACON& Tower with Radar,13,23,8,0,44,0,1,7,0,8,13,24,15,0,52,0,0,0,52
02/27/2011,GTF,MT,ANM,WE,Combined TRACON& Tower with Radar,13,12,4,2,31,0,0,10,0,10,13,12,14,2,41,0,0,0,41
02/28/2011,GTF,MT,ANM,WE,Combined TRACON& Tower with Radar,11,23,10,15,59,0,0,0,4,4,11,23,10,19,63,0,0,0,63
03/01/2011,GTF,MT,ANM,WE,Combined TRACON& Tower with Radar,22,43,27,14,106,0,0,20,1,21,22,43,47,15,127,0,0,0,127
03/02/2011,GTF,MT,ANM,WE,Combined TRACON& Tower with Radar,12,37,19,14,82,0,0,79,0,79,12,37,98,14,161,0,0,0,161
03/03/2011,GTF,MT,ANM,WE,Combined TRACON& Tower with Radar,14,34,10,11,69,0,1,75,4,80,14,35,85,15,149,0,0,0,149
03/04/2011,GTF,MT,ANM,WE,Combined TRACON& Tower with Radar,16,29,14,17,76,0,2,30,0,32,16,31,44,17,108,0,0,0,108
03/05/2011,GTF,MT,ANM,WE,Combined TRACON& Tower with Radar,11,24,8,17,60,0,1,59,16,76,11,25,67,33,136,0,0,0,136
03/06/2011,GTF,MT,ANM,WE,Combined TRACON& Tower with Radar,13,14,16,9,52,0,0,5,0,5,13,14,21,9,57,0,0,0,57
03/07/2011,GTF,MT,ANM,WE,Combined TRACON& Tower with Radar,13,25,9,9,56,0,2,43,15,60,13,27,52,24,116,0,0,0,116
03/08/2011,GTF,MT,ANM,WE,Combined TRACON& Tower with Radar,15,36,14,12,77,0,2,78,12,92,15,38,92,24,169,0,0,0,169
03/09/2011,GTF,MT,ANM,WE,Combined TRACON& Tower with Radar,14,35,23,15,87,0,0,86,13,99,14,35,109,28,186,0,0,0,186
03/10/2011,GTF,MT,ANM,WE,Combined TRACON& Tower with Radar,14,30,19,3,66,0,1,42,12,55,14,31,61,15,121,0,0,0,121
03/11/2011,GTF,MT,ANM,WE,Combined TRACON& Tower with Radar,16,32,10,18,76,0,3,63,2,68,16,35,73,20,144,0,0,0,144
03/12/2011,GTF,MT,ANM,WE,Combined TRACON& Tower with Radar,10,17,11,0,38,0,0,52,0,52,10,17,63,0,90,0,0,0,90
03/13/2011,GTF,MT,ANM,WE,Combined TRACON& Tower with Radar,11,11,9,1,32,0,0,25,3,28,11,11,34,4,60,0,0,0,60
03/14/2011,GTF,MT,ANM,WE,Combined TRACON& Tower with Radar,15,28,9,24,76,0,1,44,14,59,15,29,53,38,135,0,0,0,135
03/15/2011,GTF,MT,ANM,WE,Combined TRACON& Tower with Radar,12,31,10,16,69,0,1,69,3,73,12,32,79,19,142,0,0,0,142
03/16/2011,GTF,MT,ANM,WE,Combined TRACON& Tower with Radar,12,35,17,16,80,0,3,22,3,28,12,38,39,19,108,0,0,0,108
03/17/2011,GTF,MT,ANM,WE,Combined TRACON& Tower with Radar,14,31,20,23,88,0,2,72,7,81,14,33,92,30,169,0,0,0,169
03/18/2011,GTF,MT,ANM,WE,Combined TRACON& Tower with Radar,17,31,11,16,75,0,1,82,3,86,17,32,93,19,161,0,0,0,161
03/19/2011,GTF,MT,ANM,WE,Combined TRACON& Tower with Radar,11,28,15,4,58,0,3,26,0,29,11,31,41,4,87,0,0,0,87
03/20/2011,GTF,MT,ANM,WE,Combined TRACON& Tower with Radar,12,13,16,0,41,0,1,25,0,26,12,14,41,0,67,0,0,0,67
03/21/2011,GTF,MT,ANM,WE,Combined TRACON& Tower with Radar,13,32,8,4,57,0,0,8,0,8,13,32,16,4,65,0,0,0,65
03/22/2011,GTF,MT,ANM,WE,Combined TRACON& Tower with Radar,13,34,5,12,64,0,0,4,5,9,13,34,9,17,73,0,0,0,73
03/23/2011,GTF,MT,ANM,WE,Combined TRACON& Tower with Radar,16,34,25,14,89,0,0,44,0,44,16,34,69,14,133,0,0,0,133
03/24/2011,GTF,MT,ANM,WE,Combined TRACON& Tower with Radar,13,26,13,11,63,0,0,0,0,0,13,26,13,11,63,0,0,0,63
03/25/2011,GTF,MT,ANM,WE,Combined TRACON& Tower with Radar,17,35,11,0,63,0,0,0,0,0,17,35,11,0,63,0,0,0,63
03/26/2011,GTF,MT,ANM,WE,Combined TRACON& Tower with Radar,12,19,11,0,42,0,2,7,0,9,12,21,18,0,51,0,0,0,51
03/27/2011,GTF,MT,ANM,WE,Combined TRACON& Tower with Radar,13,15,3,0,31,0,1,0,0,1,13,16,3,0,32,0,0,0,32
03/28/2011,GTF,MT,ANM,WE,Combined TRACON& Tower with Radar,13,33,8,31,85,0,8,77,18,103,13,41,85,49,188,0,0,0,188
03/29/2011,GTF,MT,ANM,WE,Combined TRACON& Tower with Radar,12,30,17,26,85,0,2,47,9,58,12,32,64,35,143,0,0,0,143
03/30/2011,GTF,MT,ANM,WE,Combined TRACON& Tower with Radar,14,33,10,14,71,0,0,24,4,28,14,33,34,18,99,0,0,0,99
03/31/2011,GTF,MT,ANM,WE,Combined TRACON& Tower with Radar,14,36,19,26,95,0,0,17,12,29,14,36,36,38,124,0,0,0,124
04/01/2011,GTF,MT,ANM,WE,Combined TRACON& Tower with Radar,16,32,10,23,81,0,0,50,13,63,16,32,60,36,144,0,0,0,144
04/02/2011,GTF,MT,ANM,WE,Combined TRACON& Tower with Radar,10,16,7,13,46,0,1,1,11,13,10,17,8,24,59,0,0,0,59
04/03/2011,GTF,MT,ANM,WE,Combined TRACON& Tower with Radar,13,16,8,11,48,0,1,3,0,4,13,17,11,11,52,0,0,0,52
04/04/2011,GTF,MT,ANM,WE,Combined TRACON& Tower with Radar,13,26,9,7,55,0,0,12,0,12,13,26,21,7,67,10,0,10,77
04/05/2011,GTF,MT,ANM,WE,Combined TRACON& Tower with Radar,12,33,13,19,77,0,2,12,8,22,12,35,25,27,99,32,56,88,187
04/06/2011,GTF,MT,ANM,WE,Combined TRACON& Tower with Radar,16,31,10,17,74,0,0,19,1,20,16,31,29,18,94,12,2,14,108
04/07/2011,GTF,MT,ANM,WE,Combined TRACON& Tower with Radar,14,29,9,9,61,0,0,4,0,4,14,29,13,9,65,0,0,0,65
04/08/2011,GTF,MT,ANM,WE,Combined TRACON& Tower with Radar,16,32,11,0,59,0,0,0,0,0,16,32,11,0,59,0,0,0,59
04/09/2011,GTF,MT,ANM,WE,Combined TRACON& Tower with Radar,10,24,12,0,46,0,0,30,0,30,10,24,42,0,76,8,0,8,84
04/10/2011,GTF,MT,ANM,WE,Combined TRACON& Tower with Radar,13,12,4,2,31,0,1,19,0,20,13,13,23,2,51,0,0,0,51
04/11/2011,GTF,MT,ANM,WE,Combined TRACON& Tower with Radar,13,27,13,12,65,0,3,8,3,14,13,30,21,15,79,12,0,12,91
04/12/2011,GTF,MT,ANM,WE,Combined TRACON& Tower with Radar,12,30,18,18,78,0,1,28,0,29,12,31,46,18,107,12,0,12,119
04/13/2011,GTF,MT,ANM,WE,Combined TRACON& Tower with Radar,18,38,32,23,111,0,2,18,1,21,18,40,50,24,132,18,0,18,150
04/14/2011,GTF,MT,ANM,WE,Combined TRACON& Tower with Radar,15,36,29,26,106,0,0,23,0,23,15,36,52,26,129,20,0,20,149
04/15/2011,GTF,MT,ANM,WE,Combined TRACON& Tower with Radar,16,34,15,25,90,0,0,14,2,16,16,34,29,27,106,10,0,10,116
04/16/2011,GTF,MT,ANM,WE,Combined TRACON& Tower with Radar,8,20,7,2,37,0,0,22,0,22,8,20,29,2,59,12,0,12,71
04/17/2011,GTF,MT,ANM,WE,Combined TRACON& Tower with Radar,14,15,3,0,32,0,0,2,0,2,14,15,5,0,34,0,0,0,34
04/18/2011,GTF,MT,ANM,WE,Combined TRACON& Tower with Radar,13,26,16,4,59,0,1,3,0,4,13,27,19,4,63,6,0,6,69
04/19/2011,GTF,MT,ANM,WE,Combined TRACON& Tower with Radar,12,34,15,11,72,0,0,3,1,4,12,34,18,12,76,32,2,34,110
04/20/2011,GTF,MT,ANM,WE,Combined TRACON& Tower with Radar,14,37,16,11,78,0,1,47,3,51,14,38,63,14,129,48,0,48,177
04/21/2011,GTF,MT,ANM,WE,Combined TRACON& Tower with Radar,16,39,17,6,78,0,0,10,2,12,16,39,27,8,90,30,0,30,120
04/22/2011,GTF,MT,ANM,WE,Combined TRACON& Tower with Radar,16,36,3,4,59,0,0,0,0,0,16,36,3,4,59,0,0,0,59
04/23/2011,GTF,MT,ANM,WE,Combined TRACON& Tower with Radar,10,21,4,2,37,0,0,34,0,34,10,21,38,2,71,12,0,12,83
04/24/2011,GTF,MT,ANM,WE,Combined TRACON& Tower with Radar,12,12,2,1,27,0,1,18,0,19,12,13,20,1,46,0,0,0,46
04/25/2011,GTF,MT,ANM,WE,Combined TRACON& Tower with Radar,16,30,11,6,63,1,3,31,1,36,17,33,42,7,99,34,6,40,139
04/26/2011,GTF,MT,ANM,WE,Combined TRACON& Tower with Radar,12,39,18,2,71,0,0,8,3,11,12,39,26,5,82,36,4,40,122
04/27/2011,GTF,MT,ANM,WE,Combined TRACON& Tower with Radar,12,32,28,8,80,0,0,24,2,26,12,32,52,10,106,22,6,28,134
04/28/2011,GTF,MT,ANM,WE,Combined TRACON& Tower with Radar,14,31,25,7,77,0,0,9,1,10,14,31,34,8,87,26,0,26,113
04/29/2011,GTF,MT,ANM,WE,Combined TRACON& Tower with Radar,16,31,19,5,71,0,0,2,0,2,16,31,21,5,73,0,0,0,73
04/30/2011,GTF,MT,ANM,WE,Combined TRACON& Tower with Radar,10,20,8,5,43,0,1,28,0,29,10,21,36,5,72,12,0,12,84
05/01/2011,GTF,MT,ANM,WE,Combined TRACON& Tower with Radar,13,10,3,0,26,0,0,14,1,15,13,10,17,1,41,9,0,9,50
05/02/2011,GTF,MT,ANM,WE,Combined TRACON& Tower with Radar,13,24,6,13,56,0,4,29,4,37,13,28,35,17,93,52,4,56,149
05/03/2011,GTF,MT,ANM,WE,Combined TRACON& Tower with Radar,12,34,17,9,72,0,3,3,4,10,12,37,20,13,82,4,4,8,90
05/04/2011,GTF,MT,ANM,WE,Combined TRACON& Tower with Radar,12,33,16,11,72,0,0,23,1,24,12,33,39,12,96,8,8,16,112
05/05/2011,GTF,MT,ANM,WE,Combined TRACON& Tower with Radar,14,36,14,12,76,0,0,17,2,19,14,36,31,14,95,10,2,12,107
05/06/2011,GTF,MT,ANM,WE,Combined TRACON& Tower with Radar,18,34,5,18,75,0,0,14,4,18,18,34,19,22,93,46,0,46,139
05/07/2011,GTF,MT,ANM,WE,Combined TRACON& Tower with Radar,12,25,12,1,50,0,0,22,0,22,12,25,34,1,72,42,0,42,114
05/08/2011,GTF,MT,ANM,WE,Combined TRACON& Tower with Radar,14,15,9,3,41,0,0,18,0,18,14,15,27,3,59,8,0,8,67
05/09/2011,GTF,MT,ANM,WE,Combined TRACON& Tower with Radar,15,33,14,7,69,0,0,0,1,1,15,33,14,8,70,0,0,0,70
05/10/2011,GTF,MT,ANM,WE,Combined TRACON& Tower with Radar,12,32,17,15,76,0,0,30,3,33,12,32,47,18,109,50,0,50,159
05/11/2011,GTF,MT,ANM,WE,Combined TRACON& Tower with Radar,12,31,12,22,77,0,1,30,0,31,12,32,42,22,108,44,0,44,152
05/12/2011,GTF,MT,ANM,WE,Combined TRACON& Tower with Radar,16,29,16,17,78,0,1,30,4,35,16,30,46,21,113,30,0,30,143
05/13/2011,GTF,MT,ANM,WE,Combined TRACON& Tower with Radar,16,34,14,14,78,0,0,30,2,32,16,34,44,16,110,9,0,9,119
05/14/2011,GTF,MT,ANM,WE,Combined TRACON& Tower with Radar,10,19,4,9,42,0,0,30,0,30,10,19,34,9,72,12,8,20,92
05/15/2011,GTF,MT,ANM,WE,Combined TRACON& Tower with Radar,14,15,8,7,44,0,0,10,0,10,14,15,18,7,54,10,2,12,66
05/16/2011,GTF,MT,ANM,WE,Combined TRACON& Tower with Radar,15,26,10,4,55,0,0,8,2,10,15,26,18,6,65,8,18,26,91
05/17/2011,GTF,MT,ANM,WE,Combined TRACON& Tower with Radar,14,30,16,19,79,0,0,27,3,30,14,30,43,22,109,32,2,34,143
05/18/2011,GTF,MT,ANM,WE,Combined TRACON& Tower with Radar,12,39,12,13,76,0,0,23,0,23,12,39,35,13,99,16,4,20,119
05/19/2011,GTF,MT,ANM,WE,Combined TRACON& Tower with Radar,14,30,19,21,84,0,0,27,0,27,14,30,46,21,111,14,6,20,131
05/20/2011,GTF,MT,ANM,WE,Combined TRACON& Tower with Radar,16,39,11,11,77,0,0,2,2,4,16,39,13,13,81,8,0,8,89
05/21/2011,GTF,MT,ANM,WE,Combined TRACON& Tower with Radar,10,20,15,0,45,0,1,10,0,11,10,21,25,0,56,24,0,24,80
05/22/2011,GTF,MT,ANM,WE,Combined TRACON& Tower with Radar,13,13,12,1,39,0,4,9,0,13,13,17,21,1,52,36,0,36,88
05/23/2011,GTF,MT,ANM,WE,Combined TRACON& Tower with Radar,14,24,12,19,69,0,0,8,5,13,14,24,20,24,82,6,2,8,90
05/24/2011,GTF,MT,ANM,WE,Combined TRACON& Tower with Radar,12,34,19,4,69,0,0,0,0,0,12,34,19,4,69,2,0,2,71
05/25/2011,GTF,MT,ANM,WE,Combined TRACON& Tower with Radar,12,32,34,12,90,0,0,10,2,12,12,32,44,14,102,34,4,38,140
05/26/2011,GTF,MT,ANM,WE,Combined TRACON& Tower with Radar,15,31,21,23,90,0,0,7,0,7,15,31,28,23,97,8,0,8,105
05/27/2011,GTF,MT,ANM,WE,Combined TRACON& Tower with Radar,16,30,6,0,52,0,1,4,0,5,16,31,10,0,57,0,0,0,57
05/28/2011,GTF,MT,ANM,WE,Combined TRACON& Tower with Radar,10,17,1,0,28,0,2,3,0,5,10,19,4,0,33,0,0,0,33
05/29/2011,GTF,MT,ANM,WE,Combined TRACON& Tower with Radar,13,12,7,0,32,0,0,6,0,6,13,12,13,0,38,12,0,12,50
05/30/2011,GTF,MT,ANM,WE,Combined TRACON& Tower with Radar,11,16,9,0,36,0,0,2,0,2,11,16,11,0,38,16,0,16,54
05/31/2011,GTF,MT,ANM,WE,Combined TRACON& Tower with Radar,10,28,19,8,65,0,3,33,3,39,10,31,52,11,104,0,0,0,104
06/01/2011,GTF,MT,ANM,WE,Combined TRACON& Tower with Radar,12,38,12,14,76,0,0,30,1,31,12,38,42,15,107,16,0,16,123
06/02/2011,GTF,MT,ANM,WE,Combined TRACON& Tower with Radar,18,39,11,15,83,0,0,2,2,4,18,39,13,17,87,0,0,0,87
06/03/2011,GTF,MT,ANM,WE,Combined TRACON& Tower with Radar,16,41,10,6,73,0,1,0,0,1,16,42,10,6,74,0,0,0,74
06/04/2011,GTF,MT,ANM,WE,Combined TRACON& Tower with Radar,10,22,15,11,58,0,2,68,0,70,10,24,83,11,128,60,0,60,188
06/05/2011,GTF,MT,ANM,WE,Combined TRACON& Tower with Radar,13,17,9,6,45,0,7,59,0,66,13,24,68,6,111,70,2,72,183
06/06/2011,GTF,MT,ANM,WE,Combined TRACON& Tower with Radar,13,26,17,21,77,0,2,28,4,34,13,28,45,25,111,42,0,42,153
06/07/2011,GTF,MT,ANM,WE,Combined TRACON& Tower with Radar,13,30,21,8,72,0,0,2,2,4,13,30,23,10,76,8,0,8,84
06/08/2011,GTF,MT,ANM,WE,Combined TRACON& Tower with Radar,15,35,14,12,76,0,0,7,0,7,15,35,21,12,83,10,2,12,95
06/09/2011,GTF,MT,ANM,WE,Combined TRACON& Tower with Radar,16,34,19,26,95,0,0,2,1,3,16,34,21,27,98,4,0,4,102
06/10/2011,GTF,MT,ANM,WE,Combined TRACON& Tower with Radar,18,32,15,14,79,0,1,53,3,57,18,33,68,17,136,66,2,68,204
06/11/2011,GTF,MT,ANM,WE,Combined TRACON& Tower with Radar,13,21,15,1,50,0,3,45,1,49,13,24,60,2,99,34,2,36,135
06/12/2011,GTF,MT,ANM,WE,Combined TRACON& Tower with Radar,14,14,11,6,45,0,1,14,0,15,14,15,25,6,60,10,0,10,70
06/13/2011,GTF,MT,ANM,WE,Combined TRACON& Tower with Radar,16,26,9,2,53,0,0,19,1,20,16,26,28,3,73,12,0,12,85
06/14/2011,GTF,MT,ANM,WE,Combined TRACON& Tower with Radar,13,37,10,22,82,0,1,20,4,25,13,38,30,26,107,12,6,18,125
06/15/2011,GTF,MT,ANM,WE,Combined TRACON& Tower with Radar,15,35,7,8,65,0,0,22,0,22,15,35,29,8,87,22,0,22,109
06/16/2011,GTF,MT,ANM,WE,Combined TRACON& Tower with Radar,18,31,23,42,114,0,0,23,3,26,18,31,46,45,140,60,12,72,212
06/17/2011,GTF,MT,ANM,WE,Combined TRACON& Tower with Radar,20,37,13,9,79,0,2,19,2,23,20,39,32,11,102,12,6,18,120
06/18/2011,GTF,MT,ANM,WE,Combined TRACON& Tower with Radar,12,23,16,0,51,0,2,23,0,25,12,25,39,0,76,20,2,22,98
06/19/2011,GTF,MT,ANM,WE,Combined TRACON& Tower with Radar,14,19,8,5,46,0,0,15,0,15,14,19,23,5,61,16,0,16,77
06/20/2011,GTF,MT,ANM,WE,Combined TRACON& Tower with Radar,10,28,5,7,50,0,0,44,3,47,10,28,49,10,97,32,4,36,133
06/21/2011,GTF,MT,ANM,WE,Combined TRACON& Tower with Radar,17,36,12,29,94,0,2,31,2,35,17,38,43,31,129,38,0,38,167
06/22/2011,GTF,MT,ANM,WE,Combined TRACON& Tower with Radar,14,33,19,14,80,0,0,30,0,30,14,33,49,14,110,24,4,28,138
06/23/2011,GTF,MT,ANM,WE,Combined TRACON& Tower with Radar,16,34,19,14,83,0,2,16,1,19,16,36,35,15,102,4,38,42,144
06/24/2011,GTF,MT,ANM,WE,Combined TRACON& Tower with Radar,20,34,12,20,86,0,3,20,2,25,20,37,32,22,111,28,8,36,147
06/25/2011,GTF,MT,ANM,WE,Combined TRACON& Tower with Radar,14,29,8,0,51,0,0,37,0,37,14,29,45,0,88,30,0,30,118
06/26/2011,GTF,MT,ANM,WE,Combined TRACON& Tower with Radar,15,26,11,2,54,0,3,23,0,26,15,29,34,2,80,0,0,0,80
06/27/2011,GTF,MT,ANM,WE,Combined TRACON& Tower with Radar,17,33,8,7,65,0,2,20,0,22,17,35,28,7,87,6,4,10,97
06/28/2011,GTF,MT,ANM,WE,Combined TRACON& Tower with Radar,13,35,14,10,72,0,7,32,3,42,13,42,46,13,114,70,6,76,190
06/29/2011,GTF,MT,ANM,WE,Combined TRACON& Tower with Radar,22,45,15,15,97,0,3,18,0,21,22,48,33,15,118,30,18,48,166
06/30/2011,GTF,MT,ANM,WE,Combined TRACON& Tower with Radar,16,37,8,12,73,0,0,23,1,24,16,37,31,13,97,2,8,10,107
07/01/2011,GTF,MT,ANM,WE,Combined TRACON& Tower with Radar,18,31,14,4,67,0,1,33,0,34,18,32,47,4,101,26,2,28,129
07/02/2011,GTF,MT,ANM,WE,Combined TRACON& Tower with Radar,14,21,5,3,43,0,1,35,0,36,14,22,40,3,79,0,0,0,79
07/03/2011,GTF,MT,ANM,WE,Combined TRACON& Tower with Radar,13,9,10,4,36,0,2,11,0,13,13,11,21,4,49,4,0,4,53
07/04/2011,GTF,MT,ANM,WE,Combined TRACON& Tower with Radar,14,13,7,0,34,0,1,30,2,33,14,14,37,2,67,30,0,30,97
07/05/2011,GTF,MT,ANM,WE,Combined TRACON& Tower with Radar,12,25,16,10,63,0,3,30,3,36,12,28,46,13,99,30,2,32,131
07/06/2011,GTF,MT,ANM,WE,Combined TRACON& Tower with Radar,16,35,7,8,66,0,1,30,0,31,16,36,37,8,97,26,0,26,123
07/07/2011,GTF,MT,ANM,WE,Combined TRACON& Tower with Radar,16,32,11,31,90,0,7,39,5,51,16,39,50,36,141,32,10,42,183
07/08/2011,GTF,MT,ANM,WE,Combined TRACON& Tower with Radar,18,34,11,24,87,0,0,17,4,21,18,34,28,28,108,8,6,14,122
07/09/2011,GTF,MT,ANM,WE,Combined TRACON& Tower with Radar,14,20,13,13,60,0,2,13,2,17,14,22,26,15,77,4,4,8,85
07/10/2011,GTF,MT,ANM,WE,Combined TRACON& Tower with Radar,15,20,9,21,65,0,2,46,0,48,15,22,55,21,113,0,10,10,123
07/11/2011,GTF,MT,ANM,WE,Combined TRACON& Tower with Radar,14,29,16,5,64,0,1,18,2,21,14,30,34,7,85,28,4,32,117
07/12/2011,GTF,MT,ANM,WE,Combined TRACON& Tower with Radar,15,37,14,16,82,0,1,29,3,33,15,38,43,19,115,30,4,34,149
07/13/2011,GTF,MT,ANM,WE,Combined TRACON& Tower with Radar,16,34,11,17,78,0,4,21,2,27,16,38,32,19,105,4,4,8,113
07/14/2011,GTF,MT,ANM,WE,Combined TRACON& Tower with Radar,17,35,24,9,85,0,0,20,2,22,17,35,44,11,107,96,0,96,203
07/15/2011,GTF,MT,ANM,WE,Combined TRACON& Tower with Radar,18,34,19,16,87,0,1,43,0,44,18,35,62,16,131,36,4,40,171
07/16/2011,GTF,MT,ANM,WE,Combined TRACON& Tower with Radar,13,24,20,5,62,0,3,44,0,47,13,27,64,5,109,18,0,18,127
07/17/2011,GTF,MT,ANM,WE,Combined TRACON& Tower with Radar,14,18,30,5,67,0,0,46,0,46,14,18,76,5,113,14,0,14,127
07/18/2011,GTF,MT,ANM,WE,Combined TRACON& Tower with Radar,15,26,20,10,71,0,0,30,0,30,15,26,50,10,101,42,0,42,143
07/19/2011,GTF,MT,ANM,WE,Combined TRACON& Tower with Radar,16,34,23,22,95,0,7,32,1,40,16,41,55,23,135,72,0,72,207
07/20/2011,GTF,MT,ANM,WE,Combined TRACON& Tower with Radar,20,38,21,12,91,0,5,18,0,23,20,43,39,12,114,68,0,68,182
07/21/2011,GTF,MT,ANM,WE,Combined TRACON& Tower with Radar,16,33,26,8,83,0,2,34,3,39,16,35,60,11,122,58,0,58,180
07/22/2011,GTF,MT,ANM,WE,Combined TRACON& Tower with Radar,19,37,16,7,79,0,2,21,0,23,19,39,37,7,102,0,0,0,102
07/23/2011,GTF,MT,ANM,WE,Combined TRACON& Tower with Radar,13,25,18,5,61,0,0,53,1,54,13,25,71,6,115,38,0,38,153
07/24/2011,GTF,MT,ANM,WE,Combined TRACON& Tower with Radar,16,15,20,4,55,0,2,38,1,41,16,17,58,5,96,42,0,42,138
07/25/2011,GTF,MT,ANM,WE,Combined TRACON& Tower with Radar,14,26,14,12,66,0,1,16,4,21,14,27,30,16,87,66,12,78,165
07/26/2011,GTF,MT,ANM,WE,Combined TRACON& Tower with Radar,18,35,12,23,88,0,1,20,3,24,18,36,32,26,112,42,32,74,186
07/27/2011,GTF,MT,ANM,WE,Combined TRACON& Tower with Radar,16,35,7,23,81,0,2,21,4,27,16,37,28,27,108,56,8,64,172
07/28/2011,GTF,MT,ANM,WE,Combined TRACON& Tower with Radar,18,31,10,10,69,0,2,35,3,40,18,33,45,13,109,10,15,25,134
07/29/2011,GTF,MT,ANM,WE,Combined TRACON& Tower with Radar,20,30,13,20,83,0,0,27,5,32,20,30,40,25,115,6,20,26,141
07/30/2011,GTF,MT,ANM,WE,Combined TRACON& Tower with Radar,13,24,2,1,40,0,1,32,6,39,13,25,34,7,79,26,0,26,105
07/31/2011,GTF,MT,ANM,WE,Combined TRACON& Tower with Radar,18,14,6,2,40,0,1,19,4,24,18,15,25,6,64,0,0,0,64
08/01/2011,GTF,MT,ANM,WE,Combined TRACON& Tower with Radar,14,29,19,19,81,0,3,33,5,41,14,32,52,24,122,8,0,8,130
08/02/2011,GTF,MT,ANM,WE,Combined TRACON& Tower with Radar,15,39,18,9,81,0,2,30,0,32,15,41,48,9,113,24,0,24,137
08/03/2011,GTF,MT,ANM,WE,Combined TRACON& Tower with Radar,14,33,10,8,65,0,1,19,0,20,14,34,29,8,85,36,0,36,121
08/04/2011,GTF,MT,ANM,WE,Combined TRACON& Tower with Radar,15,41,8,12,76,0,0,30,1,31,15,41,38,13,107,20,2,22,129
08/05/2011,GTF,MT,ANM,WE,Combined TRACON& Tower with Radar,19,35,8,10,72,0,0,16,1,17,19,35,24,11,89,12,14,26,115
08/06/2011,GTF,MT,ANM,WE,Combined TRACON& Tower with Radar,12,26,10,3,51,0,0,32,1,33,12,26,42,4,84,64,0,64,148
08/07/2011,GTF,MT,ANM,WE,Combined TRACON& Tower with Radar,17,15,16,0,48,0,3,31,0,34,17,18,47,0,82,34,0,34,116
08/08/2011,GTF,MT,ANM,WE,Combined TRACON& Tower with Radar,15,28,6,10,59,0,0,15,0,15,15,28,21,10,74,84,0,84,158
08/09/2011,GTF,MT,ANM,WE,Combined TRACON& Tower with Radar,16,33,26,20,95,0,1,37,8,46,16,34,63,28,141,46,0,46,187
08/10/2011,GTF,MT,ANM,WE,Combined TRACON& Tower with Radar,14,35,18,11,78,0,3,20,8,31,14,38,38,19,109,14,10,24,133
08/11/2011,GTF,MT,ANM,WE,Combined TRACON& Tower with Radar,16,33,7,7,63,0,4,16,2,22,16,37,23,9,85,34,0,34,119
08/12/2011,GTF,MT,ANM,WE,Combined TRACON& Tower with Radar,21,38,10,16,85,1,2,17,1,21,22,40,27,17,106,0,0,0,106
08/13/2011,GTF,MT,ANM,WE,Combined TRACON& Tower with Radar,12,24,5,5,46,0,6,25,0,31,12,30,30,5,77,8,0,8,85
08/14/2011,GTF,MT,ANM,WE,Combined TRACON& Tower with Radar,15,14,6,7,42,0,2,14,0,16,15,16,20,7,58,18,0,18,76
08/15/2011,GTF,MT,ANM,WE,Combined TRACON& Tower with Radar,15,28,11,9,63,0,3,21,1,25,15,31,32,10,88,32,0,32,120
08/16/2011,GTF,MT,ANM,WE,Combined TRACON& Tower with Radar,11,39,28,15,93,0,0,35,0,35,11,39,63,15,128,82,2,84,212
08/17/2011,GTF,MT,ANM,WE,Combined TRACON& Tower with Radar,13,37,17,20,87,0,1,46,2,49,13,38,63,22,136,74,2,76,212
08/18/2011,GTF,MT,ANM,WE,Combined TRACON& Tower with Radar,16,40,16,15,87,0,3,18,5,26,16,43,34,20,113,40,4,44,157
08/19/2011,GTF,MT,ANM,WE,Combined TRACON& Tower with Radar,16,37,19,22,94,0,3,34,3,40,16,40,53,25,134,44,8,52,186
08/20/2011,GTF,MT,ANM,WE,Combined TRACON& Tower with Radar,12,28,13,4,57,0,1,56,0,57,12,29,69,4,114,4,0,4,118
08/21/2011,GTF,MT,ANM,WE,Combined TRACON& Tower with Radar,13,16,9,2,40,0,1,25,0,26,13,17,34,2,66,10,0,10,76
08/22/2011,GTF,MT,ANM,WE,Combined TRACON& Tower with Radar,13,25,10,7,55,0,0,21,0,21,13,25,31,7,76,4,0,4,80
08/23/2011,GTF,MT,ANM,WE,Combined TRACON& Tower with Radar,15,38,19,7,79,0,1,25,1,27,15,39,44,8,106,4,0,4,110
08/24/2011,GTF,MT,ANM,WE,Combined TRACON& Tower with Radar,13,39,10,9,71,0,1,15,1,17,13,40,25,10,88,4,0,4,92
08/25/2011,GTF,MT,ANM,WE,Combined TRACON& Tower with Radar,14,32,15,10,71,0,2,21,3,26,14,34,36,13,97,28,2,30,127
08/26/2011,GTF,MT,ANM,WE,Combined TRACON& Tower with Radar,18,35,10,19,82,0,0,34,4,38,18,35,44,23,120,24,0,24,144
08/27/2011,GTF,MT,ANM,WE,Combined TRACON& Tower with Radar,12,16,8,0,36,0,4,31,0,35,12,20,39,0,71,4,0,4,75
08/28/2011,GTF,MT,ANM,WE,Combined TRACON& Tower with Radar,13,14,5,2,34,0,0,21,1,22,13,14,26,3,56,0,0,0,56
08/29/2011,GTF,MT,ANM,WE,Combined TRACON& Tower with Radar,13,33,18,15,79,0,5,20,3,28,13,38,38,18,107,28,14,42,149
08/30/2011,GTF,MT,ANM,WE,Combined TRACON& Tower with Radar,12,30,14,18,74,0,2,32,1,35,12,32,46,19,109,48,4,52,161
08/31/2011,GTF,MT,ANM,WE,Combined TRACON& Tower with Radar,11,38,22,9,80,0,0,5,1,6,11,38,27,10,86,16,4,20,106
09/01/2011,GTF,MT,ANM,WE,Combined TRACON& Tower with Radar,15,36,19,11,81,0,1,5,0,6,15,37,24,11,87,18,0,18,105
09/02/2011,GTF,MT,ANM,WE,Combined TRACON& Tower with Radar,16,30,15,4,65,0,0,22,0,22,16,30,37,4,87,10,0,10,97
09/03/2011,GTF,MT,ANM,WE,Combined TRACON& Tower with Radar,10,16,16,0,42,0,2,38,0,40,10,18,54,0,82,20,0,20,102
09/04/2011,GTF,MT,ANM,WE,Combined TRACON& Tower with Radar,13,8,4,4,29,0,1,30,0,31,13,9,34,4,60,6,0,6,66
09/05/2011,GTF,MT,ANM,WE,Combined TRACON& Tower with Radar,12,18,10,4,44,0,3,29,2,34,12,21,39,6,78,30,4,34,112
09/06/2011,GTF,MT,ANM,WE,Combined TRACON& Tower with Radar,10,23,2,13,48,0,3,25,1,29,10,26,27,14,77,0,0,0,77
09/07/2011,GTF,MT,ANM,WE,Combined TRACON& Tower with Radar,12,32,10,16,70,0,3,16,1,20,12,35,26,17,90,28,2,30,120
09/08/2011,GTF,MT,ANM,WE,Combined TRACON& Tower with Radar,12,31,10,19,72,0,1,14,7,22,12,32,24,26,94,20,0,20,114
09/09/2011,GTF,MT,ANM,WE,Combined TRACON& Tower with Radar,20,32,13,13,78,0,2,19,6,27,20,34,32,19,105,32,18,50,155
09/10/2011,GTF,MT,ANM,WE,Combined TRACON& Tower with Radar,10,17,11,3,41,0,4,19,0,23,10,21,30,3,64,14,4,18,82
09/11/2011,GTF,MT,ANM,WE,Combined TRACON& Tower with Radar,13,16,17,19,65,0,0,19,2,21,13,16,36,21,86,2,0,2,88
09/12/2011,GTF,MT,ANM,WE,Combined TRACON& Tower with Radar,13,27,10,7,57,0,0,23,0,23,13,27,33,7,80,28,0,28,108
09/13/2011,GTF,MT,ANM,WE,Combined TRACON& Tower with Radar,11,30,24,16,81,0,2,29,3,34,11,32,53,19,115,24,0,24,139
09/14/2011,GTF,MT,ANM,WE,Combined TRACON& Tower with Radar,13,36,18,13,80,0,1,20,4,25,13,37,38,17,105,16,4,20,125
09/15/2011,GTF,MT,ANM,WE,Combined TRACON& Tower with Radar,12,32,18,24,86,0,2,22,5,29,12,34,40,29,115,18,10,28,143
09/16/2011,GTF,MT,ANM,WE,Combined TRACON& Tower with Radar,19,36,26,11,92,0,5,14,6,25,19,41,40,17,117,8,8,16,133
09/17/2011,GTF,MT,ANM,WE,Combined TRACON& Tower with Radar,10,16,19,2,47,0,0,16,0,16,10,16,35,2,63,2,0,2,65
09/18/2011,GTF,MT,ANM,WE,Combined TRACON& Tower with Radar,11,14,15,0,40,0,1,17,0,18,11,15,32,0,58,4,0,4,62
09/19/2011,GTF,MT,ANM,WE,Combined TRACON& Tower with Radar,13,25,14,10,62,0,0,6,8,14,13,25,20,18,76,6,19,25,101
09/20/2011,GTF,MT,ANM,WE,Combined TRACON& Tower with Radar,12,29,18,10,69,0,1,35,5,41,12,30,53,15,110,10,6,16,126
09/21/2011,GTF,MT,ANM,WE,Combined TRACON& Tower with Radar,14,28,18,37,97,0,3,22,2,27,14,31,40,39,124,18,0,18,142
09/22/2011,GTF,MT,ANM,WE,Combined TRACON& Tower with Radar,10,34,16,30,90,0,0,26,6,32,10,34,42,36,122,34,12,46,168
09/23/2011,GTF,MT,ANM,WE,Combined TRACON& Tower with Radar,18,29,13,15,75,0,2,21,4,27,18,31,34,19,102,18,10,28,130
09/24/2011,GTF,MT,ANM,WE,Combined TRACON& Tower with Radar,13,16,12,2,43,0,0,35,0,35,13,16,47,2,78,28,0,28,106
09/25/2011,GTF,MT,ANM,WE,Combined TRACON& Tower with Radar,11,16,9,3,39,0,1,24,2,27,11,17,33,5,66,0,0,0,66
09/26/2011,GTF,MT,ANM,WE,Combined TRACON& Tower with Radar,13,32,18,12,75,0,15,25,3,43,13,47,43,15,118,28,10,38,156
09/27/2011,GTF,MT,ANM,WE,Combined TRACON& Tower with Radar,13,34,11,13,71,0,0,26,0,26,13,34,37,13,97,22,0,22,119
09/28/2011,GTF,MT,ANM,WE,Combined TRACON& Tower with Radar,16,38,9,10,73,0,2,16,0,18,16,40,25,10,91,26,0,26,117
09/29/2011,GTF,MT,ANM,WE,Combined TRACON& Tower with Radar,12,35,17,12,76,0,6,20,2,28,12,41,37,14,104,14,10,24,128
09/30/2011,GTF,MT,ANM,WE,Combined TRACON& Tower with Radar,17,31,17,7,72,0,0,22,1,23,17,31,39,8,95,0,0,0,95
10/01/2011,GTF,MT,ANM,WE,Combined TRACON& Tower with Radar,10,21,13,15,59,0,2,28,1,31,10,23,41,16,90,44,0,44,134
10/02/2011,GTF,MT,ANM,WE,Combined TRACON& Tower with Radar,11,15,7,4,37,0,0,16,0,16,11,15,23,4,53,0,0,0,53
10/03/2011,GTF,MT,ANM,WE,Combined TRACON& Tower with Radar,11,22,7,10,50,0,0,19,4,23,11,22,26,14,73,0,8,8,81
10/04/2011,GTF,MT,ANM,WE,Combined TRACON& Tower with Radar,14,28,20,29,91,0,0,14,0,14,14,28,34,29,105,12,12,24,129
10/05/2011,GTF,MT,ANM,WE,Combined TRACON& Tower with Radar,14,28,13,22,77,0,1,13,2,16,14,29,26,24,93,10,16,26,119
10/06/2011,GTF,MT,ANM,WE,Combined TRACON& Tower with Radar,14,32,15,17,78,0,0,2,4,6,14,32,17,21,84,0,38,38,122
10/07/2011,GTF,MT,ANM,WE,Combined TRACON& Tower with Radar,17,37,17,11,82,0,0,0,3,3,17,37,17,14,85,0,0,0,85
10/08/2011,GTF,MT,ANM,WE,Combined TRACON& Tower with Radar,13,21,12,0,46,0,0,33,0,33,13,21,45,0,79,36,0,36,115
10/09/2011,GTF,MT,ANM,WE,Combined TRACON& Tower with Radar,13,14,6,0,33,0,0,20,0,20,13,14,26,0,53,6,0,6,59
10/10/2011,GTF,MT,ANM,WE,Combined TRACON& Tower with Radar,11,24,8,2,45,0,1,13,0,14,11,25,21,2,59,12,0,12,71
10/11/2011,GTF,MT,ANM,WE,Combined TRACON& Tower with Radar,14,26,10,10,60,0,3,15,5,23,14,29,25,15,83,24,6,30,113
10/12/2011,GTF,MT,ANM,WE,Combined TRACON& Tower with Radar,12,38,28,27,105,0,1,19,2,22,12,39,47,29,127,12,8,20,147
10/13/2011,GTF,MT,ANM,WE,Combined TRACON& Tower with Radar,14,30,18,12,74,0,3,17,2,22,14,33,35,14,96,28,4,32,128
10/14/2011,GTF,MT,ANM,WE,Combined TRACON& Tower with Radar,18,36,22,18,94,0,2,13,1,16,18,38,35,19,110,26,0,26,136
10/15/2011,GTF,MT,ANM,WE,Combined TRACON& Tower with Radar,10,21,1,0,32,0,0,3,0,3,10,21,4,0,35,10,0,10,45
10/16/2011,GTF,MT,ANM,WE,Combined TRACON& Tower with Radar,12,21,8,0,41,0,0,14,0,14,12,21,22,0,55,20,0,20,75
10/17/2011,GTF,MT,ANM,WE,Combined TRACON& Tower with Radar,13,27,14,17,71,0,0,10,3,13,13,27,24,20,84,18,6,24,108
10/18/2011,GTF,MT,ANM,WE,Combined TRACON& Tower with Radar,12,28,12,16,68,0,0,29,0,29,12,28,41,16,97,54,0,54,151
10/19/2011,GTF,MT,ANM,WE,Combined TRACON& Tower with Radar,13,30,16,13,72,0,0,18,2,20,13,30,34,15,92,24,0,24,116
10/20/2011,GTF,MT,ANM,WE,Combined TRACON& Tower with Radar,16,28,24,19,87,0,0,18,4,22,16,28,42,23,109,42,2,44,153
10/21/2011,GTF,MT,ANM,WE,Combined TRACON& Tower with Radar,18,28,17,18,81,0,0,18,3,21,18,28,35,21,102,8,0,8,110
10/22/2011,GTF,MT,ANM,WE,Combined TRACON& Tower with Radar,11,22,2,1,36,0,0,13,0,13,11,22,15,1,49,0,0,0,49
10/23/2011,GTF,MT,ANM,WE,Combined TRACON& Tower with Radar,13,17,10,2,42,0,0,14,0,14,13,17,24,2,56,14,0,14,70
10/24/2011,GTF,MT,ANM,WE,Combined TRACON& Tower with Radar,14,27,19,18,78,0,0,5,3,8,14,27,24,21,86,18,6,24,110
10/25/2011,GTF,MT,ANM,WE,Combined TRACON& Tower with Radar,16,29,22,7,74,0,0,9,1,10,16,29,31,8,84,52,0,52,136
10/26/2011,GTF,MT,ANM,WE,Combined TRACON& Tower with Radar,14,34,25,15,88,0,4,21,1,26,14,38,46,16,114,82,2,84,198
10/27/2011,GTF,MT,ANM,WE,Combined TRACON& Tower with Radar,16,28,15,16,75,0,0,10,3,13,16,28,25,19,88,4,2,6,94
10/28/2011,GTF,MT,ANM,WE,Combined TRACON& Tower with Radar,18,26,12,17,73,0,2,18,1,21,18,28,30,18,94,2,4,6,100
10/29/2011,GTF,MT,ANM,WE,Combined TRACON& Tower with Radar,11,20,6,6,43,0,0,1,1,2,11,20,7,7,45,12,0,12,57
10/30/2011,GTF,MT,ANM,WE,Combined TRACON& Tower with Radar,13,14,5,2,34,0,0,11,0,11,13,14,16,2,45,38,0,38,83
10/31/2011,GTF,MT,ANM,WE,Combined TRACON& Tower with Radar,14,20,8,7,49,0,0,4,1,5,14,20,12,8,54,0,3,3,57
11/01/2011,GTF,MT,ANM,WE,Combined TRACON& Tower with Radar,14,29,23,12,78,0,0,18,0,18,14,29,41,12,96,12,0,12,108
11/02/2011,GTF,MT,ANM,WE,Combined TRACON& Tower with Radar,14,29,13,11,67,0,5,14,1,20,14,34,27,12,87,8,6,14,101
11/03/2011,GTF,MT,ANM,WE,Combined TRACON& Tower with Radar,16,26,17,32,91,0,0,12,1,13,16,26,29,33,104,10,6,16,120
11/04/2011,GTF,MT,ANM,WE,Combined TRACON& Tower with Radar,17,28,12,11,68,0,0,6,2,8,17,28,18,13,76,6,2,8,84
11/05/2011,GTF,MT,ANM,WE,Combined TRACON& Tower with Radar,10,23,14,7,54,0,0,6,1,7,10,23,20,8,61,0,6,6,67
11/06/2011,GTF,MT,ANM,WE,Combined TRACON& Tower with Radar,15,12,6,10,43,0,1,25,7,33,15,13,31,17,76,8,0,8,84
11/07/2011,GTF,MT,ANM,WE,Combined TRACON& Tower with Radar,13,23,15,13,64,0,0,9,2,11,13,23,24,15,75,4,0,4,79
11/08/2011,GTF,MT,ANM,WE,Combined TRACON& Tower with Radar,12,33,19,22,86,0,1,12,0,13,12,34,31,22,99,16,18,34,133
11/09/2011,GTF,MT,ANM,WE,Combined TRACON& Tower with Radar,12,31,20,17,80,0,3,21,3,27,12,34,41,20,107,4,12,16,123
11/10/2011,GTF,MT,ANM,WE,Combined TRACON& Tower with Radar,16,28,17,18,79,0,0,12,5,17,16,28,29,23,96,2,26,28,124
11/11/2011,GTF,MT,ANM,WE,Combined TRACON& Tower with Radar,19,29,6,1,55,1,0,4,1,6,20,29,10,2,61,0,0,0,61
11/12/2011,GTF,MT,ANM,WE,Combined TRACON& Tower with Radar,10,16,3,1,30,0,1,1,1,3,10,17,4,2,33,0,0,0,33
11/13/2011,GTF,MT,ANM,WE,Combined TRACON& Tower with Radar,13,17,8,0,38,0,0,5,0,5,13,17,13,0,43,20,0,20,63
11/14/2011,GTF,MT,ANM,WE,Combined TRACON& Tower with Radar,13,27,12,7,59,0,0,7,0,7,13,27,19,7,66,20,0,20,86
11/15/2011,GTF,MT,ANM,WE,Combined TRACON& Tower with Radar,14,28,13,11,66,0,1,10,0,11,14,29,23,11,77,2,0,2,79
11/16/2011,GTF,MT,ANM,WE,Combined TRACON& Tower with Radar,11,24,9,3,47,0,0,18,4,22,11,24,27,7,69,18,6,24,93
11/17/2011,GTF,MT,ANM,WE,Combined TRACON& Tower with Radar,14,32,14,9,69,0,2,2,1,5,14,34,16,10,74,0,4,4,78
11/18/2011,GTF,MT,ANM,WE,Combined TRACON& Tower with Radar,15,35,15,2,67,0,0,0,0,0,15,35,15,2,67,0,0,0,67
11/19/2011,GTF,MT,ANM,WE,Combined TRACON& Tower with Radar,12,20,5,2,39,0,0,4,0,4,12,20,9,2,43,0,0,0,43
11/20/2011,GTF,MT,ANM,WE,Combined TRACON& Tower with Radar,12,10,9,0,31,0,2,2,0,4,12,12,11,0,35,0,0,0,35
11/21/2011,GTF,MT,ANM,WE,Combined TRACON& Tower with Radar,14,22,15,19,70,0,0,14,1,15,14,22,29,20,85,14,0,14,99
11/22/2011,GTF,MT,ANM,WE,Combined TRACON& Tower with Radar,14,37,19,23,93,0,1,8,1,10,14,38,27,24,103,18,10,28,131
11/23/2011,GTF,MT,ANM,WE,Combined TRACON& Tower with Radar,16,38,13,8,75,0,2,6,1,9,16,40,19,9,84,6,0,6,90
11/24/2011,GTF,MT,ANM,WE,Combined TRACON& Tower with Radar,9,9,1,2,21,0,0,14,1,15,9,9,15,3,36,14,0,14,50
11/25/2011,GTF,MT,ANM,WE,Combined TRACON& Tower with Radar,11,24,3,2,40,0,3,1,2,6,11,27,4,4,46,24,0,24,70
11/26/2011,GTF,MT,ANM,WE,Combined TRACON& Tower with Radar,12,17,4,3,36,0,1,15,1,17,12,18,19,4,53,0,0,0,53
11/27/2011,GTF,MT,ANM,WE,Combined TRACON& Tower with Radar,13,23,7,2,45,0,4,4,0,8,13,27,11,2,53,0,0,0,53
11/28/2011,GTF,MT,ANM,WE,Combined TRACON& Tower with Radar,13,40,5,15,73,0,8,17,2,27,13,48,22,17,100,66,4,70,170
11/29/2011,GTF,MT,ANM,WE,Combined TRACON& Tower with Radar,12,33,20,16,81,0,1,5,1,7,12,34,25,17,88,16,16,32,120
11/30/2011,GTF,MT,ANM,WE,Combined TRACON& Tower with Radar,10,28,13,0,51,0,0,4,0,4,10,28,17,0,55,0,8,8,63
12/01/2011,GTF,MT,ANM,WE,Combined TRACON& Tower with Radar,14,30,17,18,79,0,3,27,3,33,14,33,44,21,112,42,2,44,156
12/02/2011,GTF,MT,ANM,WE,Combined TRACON& Tower with Radar,14,25,23,7,69,0,0,6,3,9,14,25,29,10,78,22,0,22,100
12/03/2011,GTF,MT,ANM,WE,Combined TRACON& Tower with Radar,12,17,4,0,33,0,1,12,2,15,12,18,16,2,48,8,0,8,56
12/04/2011,GTF,MT,ANM,WE,Combined TRACON& Tower with Radar,13,16,2,0,31,0,0,1,0,1,13,16,3,0,32,0,0,0,32
12/05/2011,GTF,MT,ANM,WE,Combined TRACON& Tower with Radar,11,32,9,11,63,0,2,8,6,16,11,34,17,17,79,6,0,6,85
12/06/2011,GTF,MT,ANM,WE,Combined TRACON& Tower with Radar,13,29,17,5,64,0,2,17,4,23,13,31,34,9,87,4,0,4,91
12/07/2011,GTF,MT,ANM,WE,Combined TRACON& Tower with Radar,16,35,19,0,70,0,0,13,0,13,16,35,32,0,83,36,0,36,119
12/08/2011,GTF,MT,ANM,WE,Combined TRACON& Tower with Radar,17,43,19,9,88,0,2,17,4,23,17,45,36,13,111,22,6,28,139
12/09/2011,GTF,MT,ANM,WE,Combined TRACON& Tower with Radar,17,32,10,14,73,0,4,19,2,25,17,36,29,16,98,22,7,29,127
12/10/2011,GTF,MT,ANM,WE,Combined TRACON& Tower with Radar,11,21,9,4,45,0,0,15,1,16,11,21,24,5,61,26,0,26,87
12/11/2011,GTF,MT,ANM,WE,Combined TRACON& Tower with Radar,14,14,6,4,38,0,0,15,0,15,14,14,21,4,53,22,0,22,75
12/12/2011,GTF,MT,ANM,WE,Combined TRACON& Tower with Radar,10,23,15,1,49,0,0,5,1,6,10,23,20,2,55,24,0,24,79
12/13/2011,GTF,MT,ANM,WE,Combined TRACON& Tower with Radar,16,31,31,12,90,0,0,15,2,17,16,31,46,14,107,54,0,54,161
12/14/2011,GTF,MT,ANM,WE,Combined TRACON& Tower with Radar,16,38,23,11,88,0,0,7,1,8,16,38,30,12,96,42,0,42,138
12/15/2011,GTF,MT,ANM,WE,Combined TRACON& Tower with Radar,16,36,13,0,65,0,0,3,0,3,16,36,16,0,68,78,0,78,146
12/16/2011,GTF,MT,ANM,WE,Combined TRACON& Tower with Radar,16,35,11,4,66,0,5,18,1,24,16,40,29,5,90,26,0,26,116
12/17/2011,GTF,MT,ANM,WE,Combined TRACON& Tower with Radar,13,23,5,0,41,0,0,13,0,13,13,23,18,0,54,6,0,6,60
12/18/2011,GTF,MT,ANM,WE,Combined TRACON& Tower with Radar,12,18,6,0,36,0,0,5,1,6,12,18,11,1,42,0,0,0,42
12/19/2011,GTF,MT,ANM,WE,Combined TRACON& Tower with Radar,13,27,12,11,63,0,0,9,0,9,13,27,21,11,72,0,8,8,80
12/20/2011,GTF,MT,ANM,WE,Combined TRACON& Tower with Radar,14,40,10,10,74,0,3,11,2,16,14,43,21,12,90,14,0,14,104
12/21/2011,GTF,MT,ANM,WE,Combined TRACON& Tower with Radar,13,50,20,6,89,0,0,0,4,4,13,50,20,10,93,18,4,22,115
12/22/2011,GTF,MT,ANM,WE,Combined TRACON& Tower with Radar,17,40,15,10,82,0,0,7,2,9,17,40,22,12,91,20,0,20,111
12/23/2011,GTF,MT,ANM,WE,Combined TRACON& Tower with Radar,19,43,6,1,69,0,2,9,0,11,19,45,15,1,80,0,0,0,80
12/24/2011,GTF,MT,ANM,WE,Combined TRACON& Tower with Radar,14,20,2,2,38,0,1,8,0,9,14,21,10,2,47,8,0,8,55
12/25/2011,GTF,MT,ANM,WE,Combined TRACON& Tower with Radar,10,11,2,0,23,0,1,6,0,7,10,12,8,0,30,0,0,0,30
12/26/2011,GTF,MT,ANM,WE,Combined TRACON& Tower with Radar,12,15,5,0,32,0,0,3,0,3,12,15,8,0,35,28,0,28,63
12/27/2011,GTF,MT,ANM,WE,Combined TRACON& Tower with Radar,11,32,5,6,54,0,2,3,0,5,11,34,8,6,59,8,0,8,67
12/28/2011,GTF,MT,ANM,WE,Combined TRACON& Tower with Radar,12,35,10,8,65,0,0,3,2,5,12,35,13,10,70,2,0,2,72
12/29/2011,GTF,MT,ANM,WE,Combined TRACON& Tower with Radar,14,32,4,2,52,0,0,0,0,0,14,32,4,2,52,0,0,0,52
12/30/2011,GTF,MT,ANM,WE,Combined TRACON& Tower with Radar,16,30,6,2,54,0,0,3,1,4,16,30,9,3,58,0,0,0,58
12/31/2011,GTF,MT,ANM,WE,Combined TRACON& Tower with Radar,15,20,7,0,42,0,0,5,0,5,15,20,12,0,47,0,0,0,47
01/01/2012,GTF,MT,ANM,WE,Combined TRACON& Tower with Radar,8,10,7,0,25,0,0,19,0,19,8,10,26,0,44,22,2,24,68
01/02/2012,GTF,MT,ANM,WE,Combined TRACON& Tower with Radar,12,15,8,0,35,0,0,14,0,14,12,15,22,0,49,62,0,62,111
01/03/2012,GTF,MT,ANM,WE,Combined TRACON& Tower with Radar,12,26,12,22,72,0,0,1,4,5,12,26,13,26,77,0,0,0,77
01/04/2012,GTF,MT,ANM,WE,Combined TRACON& Tower with Radar,16,28,6,17,67,0,2,4,0,6,16,30,10,17,73,0,1,1,74
01/05/2012,GTF,MT,ANM,WE,Combined TRACON& Tower with Radar,14,33,14,14,75,0,0,2,2,4,14,33,16,16,79,0,0,0,79
01/06/2012,GTF,MT,ANM,WE,Combined TRACON& Tower with Radar,13,36,7,14,70,0,2,11,2,15,13,38,18,16,85,12,4,16,101
01/07/2012,GTF,MT,ANM,WE,Combined TRACON& Tower with Radar,9,11,4,3,27,0,0,17,0,17,9,11,21,3,44,6,0,6,50
01/08/2012,GTF,MT,ANM,WE,Combined TRACON& Tower with Radar,10,15,4,3,32,0,2,4,1,7,10,17,8,4,39,0,0,0,39
01/09/2012,GTF,MT,ANM,WE,Combined TRACON& Tower with Radar,13,19,14,3,49,0,1,14,1,16,13,20,28,4,65,14,0,14,79
01/10/2012,GTF,MT,ANM,WE,Combined TRACON& Tower with Radar,12,24,11,3,50,0,0,0,0,0,12,24,11,3,50,0,2,2,52
01/11/2012,GTF,MT,ANM,WE,Combined TRACON& Tower with Radar,16,29,12,21,78,0,0,3,0,3,16,29,15,21,81,12,8,20,101
01/12/2012,GTF,MT,ANM,WE,Combined TRACON& Tower with Radar,16,29,12,25,82,0,2,20,0,22,16,31,32,25,104,64,12,76,180
01/13/2012,GTF,MT,ANM,WE,Combined TRACON& Tower with Radar,14,39,17,18,88,0,8,28,0,36,14,47,45,18,124,42,0,42,166
01/14/2012,GTF,MT,ANM,WE,Combined TRACON& Tower with Radar,10,18,4,2,34,0,0,11,0,11,10,18,15,2,45,6,0,6,51
01/15/2012,GTF,MT,ANM,WE,Combined TRACON& Tower with Radar,11,16,8,0,35,0,0,0,0,0,11,16,8,0,35,14,0,14,49
01/16/2012,GTF,MT,ANM,WE,Combined TRACON& Tower with Radar,13,23,10,0,46,0,0,3,0,3,13,23,13,0,49,12,0,12,61
01/17/2012,GTF,MT,ANM,WE,Combined TRACON& Tower with Radar,11,31,7,8,57,0,0,2,2,4,11,31,9,10,61,4,6,10,71
01/18/2012,GTF,MT,ANM,WE,Combined TRACON& Tower with Radar,12,30,6,0,48,0,0,0,0,0,12,30,6,0,48,4,0,4,52
01/19/2012,GTF,MT,ANM,WE,Combined TRACON& Tower with Radar,8,41,9,6,64,0,0,0,0,0,8,41,9,6,64,0,0,0,64
01/20/2012,GTF,MT,ANM,WE,Combined TRACON& Tower with Radar,12,31,12,19,74,0,3,5,2,10,12,34,17,21,84,0,0,0,84
01/21/2012,GTF,MT,ANM,WE,Combined TRACON& Tower with Radar,11,16,10,7,44,0,0,8,0,8,11,16,18,7,52,12,0,12,64
01/22/2012,GTF,MT,ANM,WE,Combined TRACON& Tower with Radar,13,15,7,15,50,0,1,20,0,21,13,16,27,15,71,42,6,48,119
01/23/2012,GTF,MT,ANM,WE,Combined TRACON& Tower with Radar,10,20,15,6,51,0,1,10,0,11,10,21,25,6,62,39,0,39,101
01/24/2012,GTF,MT,ANM,WE,Combined TRACON& Tower with Radar,14,32,4,28,78,0,2,14,2,18,14,34,18,30,96,62,4,66,162
01/25/2012,GTF,MT,ANM,WE,Combined TRACON& Tower with Radar,14,30,9,7,60,0,0,2,1,3,14,30,11,8,63,16,0,16,79
01/26/2012,GTF,MT,ANM,WE,Combined TRACON& Tower with Radar,16,30,14,21,81,0,1,10,3,14,16,31,24,24,95,52,4,56,151
01/27/2012,GTF,MT,ANM,WE,Combined TRACON& Tower with Radar,14,28,17,30,89,0,0,17,1,18,14,28,34,31,107,28,0,28,135
01/28/2012,GTF,MT,ANM,WE,Combined TRACON& Tower with Radar,10,16,6,1,33,0,1,4,1,6,10,17,10,2,39,0,0,0,39
01/29/2012,GTF,MT,ANM,WE,Combined TRACON& Tower with Radar,13,14,4,0,31,0,0,2,0,2,13,14,6,0,33,0,0,0,33
01/30/2012,GTF,MT,ANM,WE,Combined TRACON& Tower with Radar,12,29,12,26,79,0,2,4,2,8,12,31,16,28,87,0,0,0,87
01/31/2012,GTF,MT,ANM,WE,Combined TRACON& Tower with Radar,12,29,7,6,54,0,1,7,1,9,12,30,14,7,63,0,0,0,63
02/01/2012,GTF,MT,ANM,WE,Combined TRACON& Tower with Radar,15,25,14,21,75,0,0,11,2,13,15,25,25,23,88,30,0,30,118
02/02/2012,GTF,MT,ANM,WE,Combined TRACON& Tower with Radar,16,27,8,8,59,0,0,4,0,4,16,27,12,8,63,24,0,24,87
02/03/2012,GTF,MT,ANM,WE,Combined TRACON& Tower with Radar,16,25,12,9,62,0,3,30,2,35,16,28,42,11,97,56,0,56,153
02/04/2012,GTF,MT,ANM,WE,Combined TRACON& Tower with Radar,10,15,10,5,40,0,1,31,1,33,10,16,41,6,73,84,6,90,163
02/05/2012,GTF,MT,ANM,WE,Combined TRACON& Tower with Radar,14,12,1,9,36,0,0,15,0,15,14,12,16,9,51,48,10,58,109
02/06/2012,GTF,MT,ANM,WE,Combined TRACON& Tower with Radar,12,26,13,4,55,0,0,2,0,2,12,26,15,4,57,22,0,22,79
02/07/2012,GTF,MT,ANM,WE,Combined TRACON& Tower with Radar,16,33,7,11,67,0,0,8,1,9,16,33,15,12,76,24,0,24,100
02/08/2012,GTF,MT,ANM,WE,Combined TRACON& Tower with Radar,8,15,3,8,34,0,1,13,1,15,8,16,16,9,49,58,16,74,123
02/09/2012,GTF,MT,ANM,WE,Combined TRACON& Tower with Radar,9,22,34,30,95,0,3,20,0,23,9,25,54,30,118,106,0,106,224
02/10/2012,GTF,MT,ANM,WE,Combined TRACON& Tower with Radar,14,39,12,6,71,0,0,2,2,4,14,39,14,8,75,36,0,36,111
02/11/2012,GTF,MT,ANM,WE,Combined TRACON& Tower with Radar,10,15,9,7,41,0,0,10,0,10,10,15,19,7,51,12,0,12,63
02/12/2012,GTF,MT,ANM,WE,Combined TRACON& Tower with Radar,13,11,13,0,37,0,3,21,0,24,13,14,34,0,61,8,0,8,69
02/13/2012,GTF,MT,ANM,WE,Combined TRACON& Tower with Radar,11,23,13,8,55,0,0,9,6,15,11,23,22,14,70,80,2,82,152
02/14/2012,GTF,MT,ANM,WE,Combined TRACON& Tower with Radar,12,31,25,15,83,0,0,3,1,4,12,31,28,16,87,20,4,24,111
02/15/2012,GTF,MT,ANM,WE,Combined TRACON& Tower with Radar,17,30,17,24,88,0,2,14,4,20,17,32,31,28,108,24,2,26,134
02/16/2012,GTF,MT,ANM,WE,Combined TRACON& Tower with Radar,15,36,14,16,81,0,3,7,0,10,15,39,21,16,91,24,4,28,119
02/17/2012,GTF,MT,ANM,WE,Combined TRACON& Tower with Radar,14,31,25,14,84,0,0,35,2,37,14,31,60,16,121,42,0,42,163
02/18/2012,GTF,MT,ANM,WE,Combined TRACON& Tower with Radar,16,15,13,0,44,0,2,22,0,24,16,17,35,0,68,14,0,14,82
02/19/2012,GTF,MT,ANM,WE,Combined TRACON& Tower with Radar,13,10,1,0,24,0,2,9,0,11,13,12,10,0,35,12,0,12,47
02/20/2012,GTF,MT,ANM,WE,Combined TRACON& Tower with Radar,14,29,13,0,56,0,0,14,0,14,14,29,27,0,70,52,0,52,122
02/21/2012,GTF,MT,ANM,WE,Combined TRACON& Tower with Radar,18,24,8,7,57,0,1,12,1,14,18,25,20,8,71,14,0,14,85
02/22/2012,GTF,MT,ANM,WE,Combined TRACON& Tower with Radar,20,33,11,7,71,0,1,1,1,3,20,34,12,8,74,0,8,8,82
02/23/2012,GTF,MT,ANM,WE,Combined TRACON& Tower with Radar,16,34,28,15,93,0,0,9,4,13,16,34,37,19,106,36,0,36,142
02/24/2012,GTF,MT,ANM,WE,Combined TRACON& Tower with Radar,16,28,12,15,71,0,0,13,2,15,16,28,25,17,86,68,0,68,154
02/25/2012,GTF,MT,ANM,WE,Combined TRACON& Tower with Radar,17,20,0,3,40,0,0,0,0,0,17,20,0,3,40,2,0,2,42
02/26/2012,GTF,MT,ANM,WE,Combined TRACON& Tower with Radar,12,15,8,3,38,0,0,10,0,10,12,15,18,3,48,18,0,18,66
02/27/2012,GTF,MT,ANM,WE,Combined TRACON& Tower with Radar,14,25,20,10,69,0,0,15,1,16,14,25,35,11,85,1,11,12,97
02/28/2012,GTF,MT,ANM,WE,Combined TRACON& Tower with Radar,18,27,18,22,85,0,0,24,2,26,18,27,42,24,111,22,0,22,133
02/29/2012,GTF,MT,ANM,WE,Combined TRACON& Tower with Radar,16,30,22,11,79,0,2,8,3,13,16,32,30,14,92,18,0,18,110
03/01/2012,GTF,MT,ANM,WE,Combined TRACON& Tower with Radar,14,35,24,13,86,0,1,11,2,14,14,36,35,15,100,0,0,0,100
03/02/2012,GTF,MT,ANM,WE,Combined TRACON& Tower with Radar,16,31,9,17,73,0,0,9,2,11,16,31,18,19,84,12,0,12,96
03/03/2012,GTF,MT,ANM,WE,Combined TRACON& Tower with Radar,15,15,2,15,47,0,0,10,1,11,15,15,12,16,58,4,10,14,72
03/04/2012,GTF,MT,ANM,WE,Combined TRACON& Tower with Radar,15,14,5,8,42,0,0,4,1,5,15,14,9,9,47,0,2,2,49
03/05/2012,GTF,MT,ANM,WE,Combined TRACON& Tower with Radar,13,22,10,9,54,0,0,5,3,8,13,22,15,12,62,0,0,0,62
03/06/2012,GTF,MT,ANM,WE,Combined TRACON& Tower with Radar,12,27,13,12,64,0,0,9,4,13,12,27,22,16,77,24,20,44,121
03/07/2012,GTF,MT,ANM,WE,Combined TRACON& Tower with Radar,16,29,4,9,58,0,0,18,1,19,16,29,22,10,77,34,2,36,113
03/08/2012,GTF,MT,ANM,WE,Combined TRACON& Tower with Radar,14,35,8,15,72,0,0,16,3,19,14,35,24,18,91,40,0,40,131
03/09/2012,GTF,MT,ANM,WE,Combined TRACON& Tower with Radar,16,34,7,27,84,0,0,8,1,9,16,34,15,28,93,0,6,6,99
03/10/2012,GTF,MT,ANM,WE,Combined TRACON& Tower with Radar,14,18,3,0,35,0,0,24,1,25,14,18,27,1,60,14,0,14,74
03/11/2012,GTF,MT,ANM,WE,Combined TRACON& Tower with Radar,13,15,6,8,42,0,2,8,0,10,13,17,14,8,52,2,0,2,54
03/12/2012,GTF,MT,ANM,WE,Combined TRACON& Tower with Radar,13,23,6,13,55,0,0,13,1,14,13,23,19,14,69,6,0,6,75
03/13/2012,GTF,MT,ANM,WE,Combined TRACON& Tower with Radar,11,24,4,15,54,1,2,3,0,6,12,26,7,15,60,44,8,52,112
03/14/2012,GTF,MT,ANM,WE,Combined TRACON& Tower with Radar,17,33,17,11,78,0,6,20,4,30,17,39,37,15,108,0,0,0,108
03/15/2012,GTF,MT,ANM,WE,Combined TRACON& Tower with Radar,14,30,18,16,78,0,2,12,3,17,14,32,30,19,95,18,0,18,113
03/16/2012,GTF,MT,ANM,WE,Combined TRACON& Tower with Radar,16,35,10,27,88,0,0,19,4,23,16,35,29,31,111,4,2,6,117
03/17/2012,GTF,MT,ANM,WE,Combined TRACON& Tower with Radar,14,22,11,0,47,0,0,19,0,19,14,22,30,0,66,8,0,8,74
03/18/2012,GTF,MT,ANM,WE,Combined TRACON& Tower with Radar,12,19,4,0,35,0,0,11,0,11,12,19,15,0,46,38,0,38,84
03/19/2012,GTF,MT,ANM,WE,Combined TRACON& Tower with Radar,11,22,2,4,39,0,0,1,0,1,11,22,3,4,40,0,0,0,40
03/20/2012,GTF,MT,ANM,WE,Combined TRACON& Tower with Radar,13,32,13,17,75,0,0,6,5,11,13,32,19,22,86,14,0,14,100
03/21/2012,GTF,MT,ANM,WE,Combined TRACON& Tower with Radar,14,30,20,18,82,0,0,10,1,11,14,30,30,19,93,30,14,44,137
03/22/2012,GTF,MT,ANM,WE,Combined TRACON& Tower with Radar,14,31,7,10,62,0,4,14,0,18,14,35,21,10,80,8,0,8,88
03/23/2012,GTF,MT,ANM,WE,Combined TRACON& Tower with Radar,16,30,7,0,53,0,0,2,0,2,16,30,9,0,55,8,0,8,63
03/24/2012,GTF,MT,ANM,WE,Combined TRACON& Tower with Radar,15,19,1,0,35,0,0,0,0,0,15,19,1,0,35,0,0,0,35
03/25/2012,GTF,MT,ANM,WE,Combined TRACON& Tower with Radar,13,16,2,0,31,0,2,0,0,2,13,18,2,0,33,0,0,0,33
03/26/2012,GTF,MT,ANM,WE,Combined TRACON& Tower with Radar,13,22,11,9,55,0,0,0,0,0,13,22,11,9,55,0,0,0,55
03/27/2012,GTF,MT,ANM,WE,Combined TRACON& Tower with Radar,12,30,20,18,80,0,0,25,1,26,12,30,45,19,106,12,0,12,118
03/28/2012,GTF,MT,ANM,WE,Combined TRACON& Tower with Radar,16,36,20,10,82,0,8,14,0,22,16,44,34,10,104,34,6,40,144
03/29/2012,GTF,MT,ANM,WE,Combined TRACON& Tower with Radar,14,31,18,21,84,0,1,20,0,21,14,32,38,21,105,34,0,34,139
03/30/2012,GTF,MT,ANM,WE,Combined TRACON& Tower with Radar,16,36,10,13,75,0,0,10,2,12,16,36,20,15,87,0,0,0,87
03/31/2012,GTF,MT,ANM,WE,Combined TRACON& Tower with Radar,13,23,7,0,43,0,0,24,0,24,13,23,31,0,67,24,0,24,91
04/01/2012,GTF,MT,ANM,WE,Combined TRACON& Tower with Radar,14,13,2,0,29,0,1,5,0,6,14,14,7,0,35,18,0,18,53
04/02/2012,GTF,MT,ANM,WE,Combined TRACON& Tower with Radar,13,23,2,0,38,0,0,12,0,12,13,23,14,0,50,23,0,23,73
04/03/2012,GTF,MT,ANM,WE,Combined TRACON& Tower with Radar,17,27,23,26,93,0,3,28,3,34,17,30,51,29,127,42,0,42,169
04/04/2012,GTF,MT,ANM,WE,Combined TRACON& Tower with Radar,17,30,9,14,70,0,0,14,1,15,17,30,23,15,85,22,0,22,107
04/05/2012,GTF,MT,ANM,WE,Combined TRACON& Tower with Radar,14,40,16,10,80,0,5,3,2,10,14,45,19,12,90,26,4,30,120
04/06/2012,GTF,MT,ANM,WE,Combined TRACON& Tower with Radar,16,30,7,0,53,0,0,0,0,0,16,30,7,0,53,6,0,6,59
04/07/2012,GTF,MT,ANM,WE,Combined TRACON& Tower with Radar,16,20,4,0,40,0,0,22,2,24,16,20,26,2,64,52,0,52,116
04/08/2012,GTF,MT,ANM,WE,Combined TRACON& Tower with Radar,13,14,7,1,35,0,0,11,0,11,13,14,18,1,46,0,0,0,46
04/09/2012,GTF,MT,ANM,WE,Combined TRACON& Tower with Radar,13,27,11,19,70,0,0,24,4,28,13,27,35,23,98,20,0,20,118
04/10/2012,GTF,MT,ANM,WE,Combined TRACON& Tower with Radar,19,31,14,21,85,0,1,29,1,31,19,32,43,22,116,58,0,58,174
04/11/2012,GTF,MT,ANM,WE,Combined TRACON& Tower with Radar,20,28,19,7,74,0,0,16,5,21,20,28,35,12,95,44,0,44,139
04/12/2012,GTF,MT,ANM,WE,Combined TRACON& Tower with Radar,14,30,9,2,55,0,0,2,0,2,14,30,11,2,57,0,0,0,57
04/13/2012,GTF,MT,ANM,WE,Combined TRACON& Tower with Radar,19,29,12,7,67,0,0,20,2,22,19,29,32,9,89,10,2,12,101
04/14/2012,GTF,MT,ANM,WE,Combined TRACON& Tower with Radar,14,21,9,3,47,0,0,17,0,17,14,21,26,3,64,16,0,16,80
04/15/2012,GTF,MT,ANM,WE,Combined TRACON& Tower with Radar,13,17,3,2,35,0,1,1,0,2,13,18,4,2,37,0,0,0,37
04/16/2012,GTF,MT,ANM,WE,Combined TRACON& Tower with Radar,13,25,17,4,59,0,0,21,1,22,13,25,38,5,81,6,0,6,87
04/17/2012,GTF,MT,ANM,WE,Combined TRACON& Tower with Radar,11,38,9,2,60,0,1,8,0,9,11,39,17,2,69,25,0,25,94
04/18/2012,GTF,MT,ANM,WE,Combined TRACON& Tower with Radar,20,30,15,3,68,0,1,4,0,5,20,31,19,3,73,8,0,8,81
04/19/2012,GTF,MT,ANM,WE,Combined TRACON& Tower with Radar,15,32,17,11,75,0,0,7,1,8,15,32,24,12,83,30,2,32,115
04/20/2012,GTF,MT,ANM,WE,Combined TRACON& Tower with Radar,16,33,3,6,58,0,0,8,0,8,16,33,11,6,66,6,0,6,72
04/21/2012,GTF,MT,ANM,WE,Combined TRACON& Tower with Radar,14,18,14,2,48,0,0,31,0,31,14,18,45,2,79,0,0,0,79
04/22/2012,GTF,MT,ANM,WE,Combined TRACON& Tower with Radar,13,14,11,8,46,0,0,41,0,41,13,14,52,8,87,56,0,56,143
04/23/2012,GTF,MT,ANM,WE,Combined TRACON& Tower with Radar,13,26,9,8,56,0,3,32,0,35,13,29,41,8,91,56,0,56,147
04/24/2012,GTF,MT,ANM,WE,Combined TRACON& Tower with Radar,12,29,3,12,56,0,0,9,2,11,12,29,12,14,67,36,0,36,103
04/25/2012,GTF,MT,ANM,WE,Combined TRACON& Tower with Radar,16,33,13,7,69,0,1,20,2,23,16,34,33,9,92,42,0,42,134
04/26/2012,GTF,MT,ANM,WE,Combined TRACON& Tower with Radar,12,32,18,9,71,0,2,6,1,9,12,34,24,10,80,16,0,16,96
04/27/2012,GTF,MT,ANM,WE,Combined TRACON& Tower with Radar,18,33,10,0,61,0,2,0,0,2,18,35,10,0,63,0,2,2,65
04/28/2012,GTF,MT,ANM,WE,Combined TRACON& Tower with Radar,15,20,16,3,54,0,1,2,0,3,15,21,18,3,57,2,0,2,59
04/29/2012,GTF,MT,ANM,WE,Combined TRACON& Tower with Radar,12,15,19,4,50,0,1,34,0,35,12,16,53,4,85,46,0,46,131
04/30/2012,GTF,MT,ANM,WE,Combined TRACON& Tower with Radar,13,25,13,12,63,0,0,6,1,7,13,25,19,13,70,24,0,24,94
05/01/2012,GTF,MT,ANM,WE,Combined TRACON& Tower with Radar,12,35,14,7,68,0,1,13,3,17,12,36,27,10,85,8,10,18,103
05/02/2012,GTF,MT,ANM,WE,Combined TRACON& Tower with Radar,16,33,11,17,77,0,0,13,1,14,16,33,24,18,91,20,0,20,111
05/03/2012,GTF,MT,ANM,WE,Combined TRACON& Tower with Radar,15,37,15,19,86,0,0,19,1,20,15,37,34,20,106,36,8,44,150
05/04/2012,GTF,MT,ANM,WE,Combined TRACON& Tower with Radar,20,30,11,12,73,0,5,23,0,28,20,35,34,12,101,12,10,22,123
05/05/2012,GTF,MT,ANM,WE,Combined TRACON& Tower with Radar,13,18,10,8,49,0,0,5,1,6,13,18,15,9,55,2,0,2,57
05/06/2012,GTF,MT,ANM,WE,Combined TRACON& Tower with Radar,14,11,3,6,34,0,0,9,0,9,14,11,12,6,43,32,0,32,75
05/07/2012,GTF,MT,ANM,WE,Combined TRACON& Tower with Radar,14,22,10,14,60,0,0,35,1,36,14,22,45,15,96,42,0,42,138
05/08/2012,GTF,MT,ANM,WE,Combined TRACON& Tower with Radar,12,34,8,11,65,0,1,27,1,29,12,35,35,12,94,30,0,30,124
05/09/2012,GTF,MT,ANM,WE,Combined TRACON& Tower with Radar,16,37,11,13,77,0,3,35,1,39,16,40,46,14,116,50,0,50,166
05/10/2012,GTF,MT,ANM,WE,Combined TRACON& Tower with Radar,14,39,13,10,76,0,2,13,0,15,14,41,26,10,91,4,2,6,97
05/11/2012,GTF,MT,ANM,WE,Combined TRACON& Tower with Radar,16,35,11,11,73,0,1,41,3,45,16,36,52,14,118,22,10,32,150
05/12/2012,GTF,MT,ANM,WE,Combined TRACON& Tower with Radar,13,15,10,4,42,0,1,40,0,41,13,16,50,4,83,46,0,46,129
05/13/2012,GTF,MT,ANM,WE,Combined TRACON& Tower with Radar,12,15,5,5,37,0,0,28,0,28,12,15,33,5,65,36,0,36,101
05/14/2012,GTF,MT,ANM,WE,Combined TRACON& Tower with Radar,15,28,6,14,63,0,2,18,2,22,15,30,24,16,85,26,0,26,111
05/15/2012,GTF,MT,ANM,WE,Combined TRACON& Tower with Radar,13,27,31,12,83,0,1,42,3,46,13,28,73,15,129,56,0,56,185
05/16/2012,GTF,MT,ANM,WE,Combined TRACON& Tower with Radar,12,34,7,19,72,0,2,20,2,24,12,36,27,21,96,38,8,46,142
05/17/2012,GTF,MT,ANM,WE,Combined TRACON& Tower with Radar,16,34,15,7,72,0,0,18,1,19,16,34,33,8,91,10,0,10,101
05/18/2012,GTF,MT,ANM,WE,Combined TRACON& Tower with Radar,16,28,8,19,71,0,0,14,2,16,16,28,22,21,87,0,2,2,89
05/19/2012,GTF,MT,ANM,WE,Combined TRACON& Tower with Radar,12,17,0,0,29,0,1,28,0,29,12,18,28,0,58,12,0,12,70
05/20/2012,GTF,MT,ANM,WE,Combined TRACON& Tower with Radar,15,11,2,0,28,0,3,32,0,35,15,14,34,0,63,8,0,8,71
05/21/2012,GTF,MT,ANM,WE,Combined TRACON& Tower with Radar,15,25,14,11,65,0,1,20,0,21,15,26,34,11,86,8,2,10,96
05/22/2012,GTF,MT,ANM,WE,Combined TRACON& Tower with Radar,10,28,18,19,75,0,0,13,3,16,10,28,31,22,91,22,0,22,113
05/23/2012,GTF,MT,ANM,WE,Combined TRACON& Tower with Radar,13,31,19,20,83,0,0,16,4,20,13,31,35,24,103,10,0,10,113
05/24/2012,GTF,MT,ANM,WE,Combined TRACON& Tower with Radar,17,30,19,22,88,0,0,8,2,10,17,30,27,24,98,24,0,24,122
05/25/2012,GTF,MT,ANM,WE,Combined TRACON& Tower with Radar,17,29,13,10,69,0,0,5,0,5,17,29,18,10,74,18,0,18,92
05/26/2012,GTF,MT,ANM,WE,Combined TRACON& Tower with Radar,12,19,13,0,44,0,0,0,0,0,12,19,13,0,44,0,0,0,44
05/27/2012,GTF,MT,ANM,WE,Combined TRACON& Tower with Radar,15,8,4,0,27,0,0,0,0,0,15,8,4,0,27,0,0,0,27
05/28/2012,GTF,MT,ANM,WE,Combined TRACON& Tower with Radar,14,12,16,2,44,0,0,20,0,20,14,12,36,2,64,8,2,10,74
05/29/2012,GTF,MT,ANM,WE,Combined TRACON& Tower with Radar,9,24,12,12,57,0,1,7,1,9,9,25,19,13,66,0,4,4,70
05/30/2012,GTF,MT,ANM,WE,Combined TRACON& Tower with Radar,18,32,16,8,74,0,0,23,2,25,18,32,39,10,99,0,14,14,113
05/31/2012,GTF,MT,ANM,WE,Combined TRACON& Tower with Radar,16,37,13,15,81,0,0,12,3,15,16,37,25,18,96,10,0,10,106
06/01/2012,GTF,MT,ANM,WE,Combined TRACON& Tower with Radar,17,37,5,26,85,0,2,32,4,38,17,39,37,30,123,26,8,34,157
06/02/2012,GTF,MT,ANM,WE,Combined TRACON& Tower with Radar,14,18,13,12,57,0,2,5,0,7,14,20,18,12,64,4,0,4,68
06/03/2012,GTF,MT,ANM,WE,Combined TRACON& Tower with Radar,15,18,6,11,50,0,1,34,0,35,15,19,40,11,85,0,0,0,85
06/04/2012,GTF,MT,ANM,WE,Combined TRACON& Tower with Radar,16,26,10,11,63,0,1,16,2,19,16,27,26,13,82,8,8,16,98
06/05/2012,GTF,MT,ANM,WE,Combined TRACON& Tower with Radar,11,35,10,4,60,0,2,10,1,13,11,37,20,5,73,0,0,0,73
06/06/2012,GTF,MT,ANM,WE,Combined TRACON& Tower with Radar,28,35,9,10,82,0,0,4,3,7,28,35,13,13,89,0,0,0,89
06/07/2012,GTF,MT,ANM,WE,Combined TRACON& Tower with Radar,18,38,17,10,83,0,0,28,4,32,18,38,45,14,115,4,0,4,119
06/08/2012,GTF,MT,ANM,WE,Combined TRACON& Tower with Radar,21,34,18,10,83,0,0,18,3,21,21,34,36,13,104,12,8,20,124
06/09/2012,GTF,MT,ANM,WE,Combined TRACON& Tower with Radar,14,23,9,4,50,1,1,15,0,17,15,24,24,4,67,12,0,12,79
06/10/2012,GTF,MT,ANM,WE,Combined TRACON& Tower with Radar,16,16,4,3,39,0,0,2,0,2,16,16,6,3,41,0,0,0,41
06/11/2012,GTF,MT,ANM,WE,Combined TRACON& Tower with Radar,18,25,14,1,58,0,3,31,0,34,18,28,45,1,92,28,0,28,120
06/12/2012,GTF,MT,ANM,WE,Combined TRACON& Tower with Radar,13,37,20,13,83,0,1,32,2,35,13,38,52,15,118,40,8,48,166
06/13/2012,GTF,MT,ANM,WE,Combined TRACON& Tower with Radar,14,37,19,11,81,0,0,22,3,25,14,37,41,14,106,20,14,34,140
06/14/2012,GTF,MT,ANM,WE,Combined TRACON& Tower with Radar,19,39,30,18,106,0,1,27,2,30,19,40,57,20,136,26,4,30,166
06/15/2012,GTF,MT,ANM,WE,Combined TRACON& Tower with Radar,19,38,13,12,82,0,0,39,2,41,19,38,52,14,123,48,2,50,173
06/16/2012,GTF,MT,ANM,WE,Combined TRACON& Tower with Radar,15,24,11,1,51,0,0,39,1,40,15,24,50,2,91,4,0,4,95
06/17/2012,GTF,MT,ANM,WE,Combined TRACON& Tower with Radar,17,21,10,0,48,0,1,12,0,13,17,22,22,0,61,0,0,0,61
06/18/2012,GTF,MT,ANM,WE,Combined TRACON& Tower with Radar,16,27,9,3,55,0,0,11,1,12,16,27,20,4,67,6,2,8,75
06/19/2012,GTF,MT,ANM,WE,Combined TRACON& Tower with Radar,15,31,20,15,81,0,0,15,2,17,15,31,35,17,98,28,0,28,126
06/20/2012,GTF,MT,ANM,WE,Combined TRACON& Tower with Radar,14,42,15,17,88,0,0,25,3,28,14,42,40,20,116,18,0,18,134
06/21/2012,GTF,MT,ANM,WE,Combined TRACON& Tower with Radar,18,33,20,7,78,0,0,31,1,32,18,33,51,8,110,24,0,24,134
06/22/2012,GTF,MT,ANM,WE,Combined TRACON& Tower with Radar,18,35,17,7,77,0,0,37,1,38,18,35,54,8,115,22,0,22,137
06/23/2012,GTF,MT,ANM,WE,Combined TRACON& Tower with Radar,14,21,6,2,43,0,2,22,0,24,14,23,28,2,67,0,0,0,67
06/24/2012,GTF,MT,ANM,WE,Combined TRACON& Tower with Radar,17,14,14,0,45,0,0,16,0,16,17,14,30,0,61,8,0,8,69
06/25/2012,GTF,MT,ANM,WE,Combined TRACON& Tower with Radar,16,30,21,20,87,0,0,17,6,23,16,30,38,26,110,0,0,0,110
06/26/2012,GTF,MT,ANM,WE,Combined TRACON& Tower with Radar,15,39,23,14,91,0,1,10,0,11,15,40,33,14,102,0,0,0,102
06/27/2012,GTF,MT,ANM,WE,Combined TRACON& Tower with Radar,14,40,19,13,86,0,0,27,7,34,14,40,46,20,120,19,0,19,139
06/28/2012,GTF,MT,ANM,WE,Combined TRACON& Tower with Radar,18,36,21,12,87,0,5,31,7,43,18,41,52,19,130,14,4,18,148
06/29/2012,GTF,MT,ANM,WE,Combined TRACON& Tower with Radar,20,35,14,15,84,0,3,22,1,26,20,38,36,16,110,22,0,22,132
06/30/2012,GTF,MT,ANM,WE,Combined TRACON& Tower with Radar,14,29,18,6,67,0,1,35,2,38,14,30,53,8,105,20,0,20,125
07/01/2012,GTF,MT,ANM,WE,Combined TRACON& Tower with Radar,17,22,7,0,46,0,0,20,0,20,17,22,27,0,66,24,4,28,94
07/02/2012,GTF,MT,ANM,WE,Combined TRACON& Tower with Radar,17,23,19,8,67,0,0,29,1,30,17,23,48,9,97,0,5,5,102
07/03/2012,GTF,MT,ANM,WE,Combined TRACON& Tower with Radar,11,33,7,10,61,0,2,13,1,16,11,35,20,11,77,0,0,0,77
07/04/2012,GTF,MT,ANM,WE,Combined TRACON& Tower with Radar,14,12,10,1,37,0,0,30,1,31,14,12,40,2,68,45,0,45,113
07/05/2012,GTF,MT,ANM,WE,Combined TRACON& Tower with Radar,16,26,15,9,66,0,0,23,0,23,16,26,38,9,89,4,0,4,93
07/06/2012,GTF,MT,ANM,WE,Combined TRACON& Tower with Radar,18,30,14,14,76,0,1,28,1,30,18,31,42,15,106,24,0,24,130
07/07/2012,GTF,MT,ANM,WE,Combined TRACON& Tower with Radar,14,18,13,2,47,0,2,27,0,29,14,20,40,2,76,22,0,22,98
07/08/2012,GTF,MT,ANM,WE,Combined TRACON& Tower with Radar,15,16,11,0,42,0,0,21,0,21,15,16,32,0,63,4,0,4,67
07/09/2012,GTF,MT,ANM,WE,Combined TRACON& Tower with Radar,16,28,13,16,73,0,1,16,5,22,16,29,29,21,95,30,0,30,125
07/10/2012,GTF,MT,ANM,WE,Combined TRACON& Tower with Radar,15,40,18,7,80,0,8,13,2,23,15,48,31,9,103,0,0,0,103
07/11/2012,GTF,MT,ANM,WE,Combined TRACON& Tower with Radar,10,42,5,14,71,0,3,38,3,44,10,45,43,17,115,18,4,22,137
07/12/2012,GTF,MT,ANM,WE,Combined TRACON& Tower with Radar,16,33,19,13,81,0,5,24,1,30,16,38,43,14,111,4,0,4,115
07/13/2012,GTF,MT,ANM,WE,Combined TRACON& Tower with Radar,18,30,15,7,70,0,1,25,1,27,18,31,40,8,97,16,0,16,113
07/14/2012,GTF,MT,ANM,WE,Combined TRACON& Tower with Radar,16,20,21,5,62,0,0,8,2,10,16,20,29,7,72,14,0,14,86
07/15/2012,GTF,MT,ANM,WE,Combined TRACON& Tower with Radar,15,17,12,3,47,0,1,12,0,13,15,18,24,3,60,6,0,6,66
07/16/2012,GTF,MT,ANM,WE,Combined TRACON& Tower with Radar,19,25,14,11,69,0,0,27,2,29,19,25,41,13,98,66,0,66,164
07/17/2012,GTF,MT,ANM,WE,Combined TRACON& Tower with Radar,14,31,16,9,70,0,0,14,3,17,14,31,30,12,87,24,0,24,111
07/18/2012,GTF,MT,ANM,WE,Combined TRACON& Tower with Radar,13,38,13,22,86,0,3,43,3,49,13,41,56,25,135,24,0,24,159
07/19/2012,GTF,MT,ANM,WE,Combined TRACON& Tower with Radar,17,33,15,17,82,0,5,43,4,52,17,38,58,21,134,16,0,16,150
07/20/2012,GTF,MT,ANM,WE,Combined TRACON& Tower with Radar,19,33,11,13,76,1,4,18,2,25,20,37,29,15,101,16,0,16,117
07/21/2012,GTF,MT,ANM,WE,Combined TRACON& Tower with Radar,16,20,13,4,53,0,4,32,5,41,16,24,45,9,94,7,0,7,101
07/22/2012,GTF,MT,ANM,WE,Combined TRACON& Tower with Radar,16,13,10,0,39,0,1,21,2,24,16,14,31,2,63,6,0,6,69
07/23/2012,GTF,MT,ANM,WE,Combined TRACON& Tower with Radar,16,25,12,11,64,0,3,27,1,31,16,28,39,12,95,12,0,12,107
07/24/2012,GTF,MT,ANM,WE,Combined TRACON& Tower with Radar,15,34,14,11,74,0,0,17,0,17,15,34,31,11,91,48,4,52,143
07/25/2012,GTF,MT,ANM,WE,Combined TRACON& Tower with Radar,13,43,9,24,89,0,2,24,2,28,13,45,33,26,117,71,0,71,188
07/26/2012,GTF,MT,ANM,WE,Combined TRACON& Tower with Radar,17,32,11,10,70,0,0,37,3,40,17,32,48,13,110,1,0,1,111
07/27/2012,GTF,MT,ANM,WE,Combined TRACON& Tower with Radar,19,30,11,9,69,0,0,18,2,20,19,30,29,11,89,14,0,14,103
07/28/2012,GTF,MT,ANM,WE,Combined TRACON& Tower with Radar,19,18,5,0,42,0,2,22,4,28,19,20,27,4,70,22,0,22,92
07/29/2012,GTF,MT,ANM,WE,Combined TRACON& Tower with Radar,18,14,13,6,51,1,2,29,1,33,19,16,42,7,84,4,0,4,88
07/30/2012,GTF,MT,ANM,WE,Combined TRACON& Tower with Radar,18,28,12,0,58,0,0,42,0,42,18,28,54,0,100,26,0,26,126
07/31/2012,GTF,MT,ANM,WE,Combined TRACON& Tower with Radar,16,41,22,15,94,0,2,40,3,45,16,43,62,18,139,62,8,70,209
08/01/2012,GTF,MT,ANM,WE,Combined TRACON& Tower with Radar,15,33,3,4,55,0,2,37,1,40,15,35,40,5,95,8,0,8,103
08/02/2012,GTF,MT,ANM,WE,Combined TRACON& Tower with Radar,17,35,20,9,81,0,0,43,0,43,17,35,63,9,124,4,0,4,128
08/03/2012,GTF,MT,ANM,WE,Combined TRACON& Tower with Radar,18,31,20,15,84,0,2,35,2,39,18,33,55,17,123,8,2,10,133
08/04/2012,GTF,MT,ANM,WE,Combined TRACON& Tower with Radar,19,18,28,2,67,0,3,45,1,49,19,21,73,3,116,0,0,0,116
08/05/2012,GTF,MT,ANM,WE,Combined TRACON& Tower with Radar,17,19,12,2,50,0,0,29,2,31,17,19,41,4,81,2,0,2,83
08/06/2012,GTF,MT,ANM,WE,Combined TRACON& Tower with Radar,16,26,10,18,70,0,0,27,1,28,16,26,37,19,98,0,6,6,104
08/07/2012,GTF,MT,ANM,WE,Combined TRACON& Tower with Radar,10,19,21,14,64,0,2,17,3,22,10,21,38,17,86,14,7,21,107
08/08/2012,GTF,MT,ANM,WE,Combined TRACON& Tower with Radar,26,26,17,36,105,0,2,39,4,45,26,28,56,40,150,24,4,28,178
08/09/2012,GTF,MT,ANM,WE,Combined TRACON& Tower with Radar,29,23,25,35,112,0,0,35,3,38,29,23,60,38,150,55,4,59,209
08/10/2012,GTF,MT,ANM,WE,Combined TRACON& Tower with Radar,13,27,14,19,73,0,0,17,4,21,13,27,31,23,94,18,4,22,116
08/11/2012,GTF,MT,ANM,WE,Combined TRACON& Tower with Radar,16,17,12,10,55,0,0,25,5,30,16,17,37,15,85,0,2,2,87
08/12/2012,GTF,MT,ANM,WE,Combined TRACON& Tower with Radar,17,14,7,11,49,0,1,16,1,18,17,15,23,12,67,2,6,8,75
08/13/2012,GTF,MT,ANM,WE,Combined TRACON& Tower with Radar,17,24,14,2,57,0,0,26,0,26,17,24,40,2,83,14,0,14,97
08/14/2012,GTF,MT,ANM,WE,Combined TRACON& Tower with Radar,14,34,8,15,71,0,0,20,1,21,14,34,28,16,92,10,4,14,106
08/15/2012,GTF,MT,ANM,WE,Combined TRACON& Tower with Radar,14,37,30,12,93,0,0,4,1,5,14,37,34,13,98,0,0,0,98
08/16/2012,GTF,MT,ANM,WE,Combined TRACON& Tower with Radar,14,34,29,15,92,0,0,25,3,28,14,34,54,18,120,40,0,40,160
08/17/2012,GTF,MT,ANM,WE,Combined TRACON& Tower with Radar,16,39,9,7,71,0,0,38,3,41,16,39,47,10,112,40,0,40,152
08/18/2012,GTF,MT,ANM,WE,Combined TRACON& Tower with Radar,14,15,7,3,39,0,2,35,1,38,14,17,42,4,77,4,0,4,81
08/19/2012,GTF,MT,ANM,WE,Combined TRACON& Tower with Radar,17,19,7,0,43,0,0,31,2,33,17,19,38,2,76,22,0,22,98
08/20/2012,GTF,MT,ANM,WE,Combined TRACON& Tower with Radar,17,27,15,14,73,0,0,14,6,20,17,27,29,20,93,30,4,34,127
08/21/2012,GTF,MT,ANM,WE,Combined TRACON& Tower with Radar,14,33,18,13,78,0,0,13,1,14,14,33,31,14,92,0,4,4,96
08/22/2012,GTF,MT,ANM,WE,Combined TRACON& Tower with Radar,14,33,17,14,78,0,6,22,5,33,14,39,39,19,111,8,0,8,119
08/23/2012,GTF,MT,ANM,WE,Combined TRACON& Tower with Radar,18,41,14,22,95,0,2,22,3,27,18,43,36,25,122,12,2,14,136
08/24/2012,GTF,MT,ANM,WE,Combined TRACON& Tower with Radar,18,30,17,19,84,0,0,17,3,20,18,30,34,22,104,0,0,0,104
08/25/2012,GTF,MT,ANM,WE,Combined TRACON& Tower with Radar,14,18,10,1,43,0,0,36,2,38,14,18,46,3,81,20,0,20,101
08/26/2012,GTF,MT,ANM,WE,Combined TRACON& Tower with Radar,17,13,16,6,52,0,0,21,0,21,17,13,37,6,73,6,0,6,79
08/27/2012,GTF,MT,ANM,WE,Combined TRACON& Tower with Radar,17,26,17,10,70,0,1,25,4,30,17,27,42,14,100,0,0,0,100
08/28/2012,GTF,MT,ANM,WE,Combined TRACON& Tower with Radar,14,29,13,10,66,0,1,28,5,34,14,30,41,15,100,14,0,14,114
08/29/2012,GTF,MT,ANM,WE,Combined TRACON& Tower with Radar,14,33,13,4,64,0,1,10,3,14,14,34,23,7,78,14,0,14,92
08/30/2012,GTF,MT,ANM,WE,Combined TRACON& Tower with Radar,18,42,20,7,87,0,1,33,3,37,18,43,53,10,124,14,0,14,138
08/31/2012,GTF,MT,ANM,WE,Combined TRACON& Tower with Radar,20,30,12,11,73,0,0,12,0,12,20,30,24,11,85,10,0,10,95
09/01/2012,GTF,MT,ANM,WE,Combined TRACON& Tower with Radar,12,20,5,2,39,0,0,10,2,12,12,20,15,4,51,14,12,26,77
09/02/2012,GTF,MT,ANM,WE,Combined TRACON& Tower with Radar,16,11,6,2,35,1,0,5,0,6,17,11,11,2,41,10,0,10,51
09/03/2012,GTF,MT,ANM,WE,Combined TRACON& Tower with Radar,14,13,12,2,41,0,0,18,0,18,14,13,30,2,59,22,0,22,81
09/04/2012,GTF,MT,ANM,WE,Combined TRACON& Tower with Radar,9,31,19,33,92,0,0,25,3,28,9,31,44,36,120,0,26,26,146
09/05/2012,GTF,MT,ANM,WE,Combined TRACON& Tower with Radar,12,32,26,16,86,0,0,26,6,32,12,32,52,22,118,18,8,26,144
09/06/2012,GTF,MT,ANM,WE,Combined TRACON& Tower with Radar,16,32,15,11,74,0,0,9,2,11,16,32,24,13,85,22,2,24,109
09/07/2012,GTF,MT,ANM,WE,Combined TRACON& Tower with Radar,14,35,12,10,71,0,3,26,1,30,14,38,38,11,101,8,8,16,117
09/08/2012,GTF,MT,ANM,WE,Combined TRACON& Tower with Radar,10,17,17,5,49,0,0,20,3,23,10,17,37,8,72,12,0,12,84
09/09/2012,GTF,MT,ANM,WE,Combined TRACON& Tower with Radar,17,19,16,3,55,0,5,20,0,25,17,24,36,3,80,14,0,14,94
09/10/2012,GTF,MT,ANM,WE,Combined TRACON& Tower with Radar,13,29,10,7,59,0,3,15,2,20,13,32,25,9,79,2,0,2,81
09/11/2012,GTF,MT,ANM,WE,Combined TRACON& Tower with Radar,12,29,13,9,63,0,2,22,4,28,12,31,35,13,91,4,10,14,105
09/12/2012,GTF,MT,ANM,WE,Combined TRACON& Tower with Radar,12,33,19,11,75,0,0,26,4,30,12,33,45,15,105,2,12,14,119
09/13/2012,GTF,MT,ANM,WE,Combined TRACON& Tower with Radar,16,36,15,15,82,0,0,19,4,23,16,36,34,19,105,8,8,16,121
09/14/2012,GTF,MT,ANM,WE,Combined TRACON& Tower with Radar,14,35,22,22,93,0,0,14,6,20,14,35,36,28,113,4,0,4,117
09/15/2012,GTF,MT,ANM,WE,Combined TRACON& Tower with Radar,12,20,22,2,56,0,0,23,0,23,12,20,45,2,79,8,0,8,87
09/16/2012,GTF,MT,ANM,WE,Combined TRACON& Tower with Radar,15,23,9,8,55,0,0,19,0,19,15,23,28,8,74,18,0,18,92
09/17/2012,GTF,MT,ANM,WE,Combined TRACON& Tower with Radar,13,28,12,23,76,0,0,15,5,20,13,28,27,28,96,6,5,11,107
09/18/2012,GTF,MT,ANM,WE,Combined TRACON& Tower with Radar,12,35,9,22,78,0,2,16,0,18,12,37,25,22,96,8,0,8,104
09/19/2012,GTF,MT,ANM,WE,Combined TRACON& Tower with Radar,12,34,16,16,78,0,2,27,3,32,12,36,43,19,110,26,4,30,140
09/20/2012,GTF,MT,ANM,WE,Combined TRACON& Tower with Radar,16,33,9,17,75,0,4,17,0,21,16,37,26,17,96,6,0,6,102
09/21/2012,GTF,MT,ANM,WE,Combined TRACON& Tower with Radar,14,35,10,17,76,0,2,23,0,25,14,37,33,17,101,12,2,14,115
09/22/2012,GTF,MT,ANM,WE,Combined TRACON& Tower with Radar,12,21,6,3,42,0,1,29,1,31,12,22,35,4,73,18,0,18,91
09/23/2012,GTF,MT,ANM,WE,Combined TRACON& Tower with Radar,15,17,13,3,48,0,0,28,0,28,15,17,41,3,76,14,0,14,90
09/24/2012,GTF,MT,ANM,WE,Combined TRACON& Tower with Radar,13,22,13,7,55,0,0,15,2,17,13,22,28,9,72,24,0,24,96
09/25/2012,GTF,MT,ANM,WE,Combined TRACON& Tower with Radar,14,33,15,12,74,0,0,10,0,10,14,33,25,12,84,0,4,4,88
09/26/2012,GTF,MT,ANM,WE,Combined TRACON& Tower with Radar,12,33,30,11,86,0,0,11,2,13,12,33,41,13,99,16,0,16,115
09/27/2012,GTF,MT,ANM,WE,Combined TRACON& Tower with Radar,16,37,24,13,90,0,1,24,0,25,16,38,48,13,115,0,0,0,115
09/28/2012,GTF,MT,ANM,WE,Combined TRACON& Tower with Radar,15,43,17,7,82,0,0,24,1,25,15,43,41,8,107,24,0,24,131
09/29/2012,GTF,MT,ANM,WE,Combined TRACON& Tower with Radar,12,22,11,4,49,0,2,40,0,42,12,24,51,4,91,22,0,22,113
09/30/2012,GTF,MT,ANM,WE,Combined TRACON& Tower with Radar,15,21,22,2,60,0,0,32,0,32,15,21,54,2,92,14,0,14,106
10/01/2012,GTF,MT,ANM,WE,Combined TRACON& Tower with Radar,11,28,24,9,72,0,0,17,4,21,11,28,41,13,93,16,4,20,113
10/02/2012,GTF,MT,ANM,WE,Combined TRACON& Tower with Radar,12,26,19,17,74,0,0,15,1,16,12,26,34,18,90,0,0,0,90
10/03/2012,GTF,MT,ANM,WE,Combined TRACON& Tower with Radar,14,33,16,0,63,0,0,0,0,0,14,33,16,0,63,0,0,0,63
10/04/2012,GTF,MT,ANM,WE,Combined TRACON& Tower with Radar,14,41,28,13,96,0,0,7,3,10,14,41,35,16,106,4,0,4,110
10/05/2012,GTF,MT,ANM,WE,Combined TRACON& Tower with Radar,16,34,25,21,96,0,2,24,5,31,16,36,49,26,127,34,8,42,169
10/06/2012,GTF,MT,ANM,WE,Combined TRACON& Tower with Radar,15,15,21,0,51,0,1,16,0,17,15,16,37,0,68,0,0,0,68
10/07/2012,GTF,MT,ANM,WE,Combined TRACON& Tower with Radar,14,16,16,2,48,0,0,25,0,25,14,16,41,2,73,4,0,4,77
10/08/2012,GTF,MT,ANM,WE,Combined TRACON& Tower with Radar,13,22,21,2,58,0,0,2,0,2,13,22,23,2,60,6,0,6,66
10/09/2012,GTF,MT,ANM,WE,Combined TRACON& Tower with Radar,12,31,16,14,73,0,2,25,3,30,12,33,41,17,103,9,4,13,116
10/10/2012,GTF,MT,ANM,WE,Combined TRACON& Tower with Radar,14,32,24,19,89,0,1,23,3,27,14,33,47,22,116,10,2,12,128
10/11/2012,GTF,MT,ANM,WE,Combined TRACON& Tower with Radar,14,40,20,6,80,0,0,7,1,8,14,40,27,7,88,0,4,4,92
10/12/2012,GTF,MT,ANM,WE,Combined TRACON& Tower with Radar,18,34,17,13,82,0,2,14,6,22,18,36,31,19,104,8,0,8,112
10/13/2012,GTF,MT,ANM,WE,Combined TRACON& Tower with Radar,12,21,19,10,62,0,1,12,2,15,12,22,31,12,77,2,0,2,79
10/14/2012,GTF,MT,ANM,WE,Combined TRACON& Tower with Radar,13,15,11,7,46,0,2,9,0,11,13,17,20,7,57,16,0,16,73
10/15/2012,GTF,MT,ANM,WE,Combined TRACON& Tower with Radar,15,25,6,10,56,0,2,6,2,10,15,27,12,12,66,0,0,0,66
10/16/2012,GTF,MT,ANM,WE,Combined TRACON& Tower with Radar,16,32,14,11,73,2,3,3,3,11,18,35,17,14,84,24,0,24,108
10/17/2012,GTF,MT,ANM,WE,Combined TRACON& Tower with Radar,11,36,18,10,75,0,3,17,2,22,11,39,35,12,97,16,2,18,115
10/18/2012,GTF,MT,ANM,WE,Combined TRACON& Tower with Radar,14,30,19,25,88,0,0,37,0,37,14,30,56,25,125,34,24,58,183
10/19/2012,GTF,MT,ANM,WE,Combined TRACON& Tower with Radar,20,37,15,15,87,0,0,10,3,13,20,37,25,18,100,0,0,0,100
10/20/2012,GTF,MT,ANM,WE,Combined TRACON& Tower with Radar,12,21,6,0,39,0,0,4,0,4,12,21,10,0,43,1,0,1,44
10/21/2012,GTF,MT,ANM,WE,Combined TRACON& Tower with Radar,13,15,7,0,35,0,0,15,0,15,13,15,22,0,50,32,0,32,82
10/22/2012,GTF,MT,ANM,WE,Combined TRACON& Tower with Radar,12,23,5,3,43,0,0,11,1,12,12,23,16,4,55,0,0,0,55
10/23/2012,GTF,MT,ANM,WE,Combined TRACON& Tower with Radar,13,25,17,0,55,0,0,3,1,4,13,25,20,1,59,14,0,14,73
10/24/2012,GTF,MT,ANM,WE,Combined TRACON& Tower with Radar,12,34,23,9,78,0,0,3,0,3,12,34,26,9,81,0,0,0,81
10/25/2012,GTF,MT,ANM,WE,Combined TRACON& Tower with Radar,15,35,25,9,84,0,0,0,0,0,15,35,25,9,84,0,0,0,84
10/26/2012,GTF,MT,ANM,WE,Combined TRACON& Tower with Radar,16,34,10,10,70,0,0,11,0,11,16,34,21,10,81,0,0,0,81
10/27/2012,GTF,MT,ANM,WE,Combined TRACON& Tower with Radar,10,18,8,0,36,0,0,0,0,0,10,18,8,0,36,0,0,0,36
10/28/2012,GTF,MT,ANM,WE,Combined TRACON& Tower with Radar,13,14,9,3,39,0,0,9,0,9,13,14,18,3,48,0,0,0,48
10/29/2012,GTF,MT,ANM,WE,Combined TRACON& Tower with Radar,13,24,9,9,55,0,0,3,1,4,13,24,12,10,59,0,0,0,59
10/30/2012,GTF,MT,ANM,WE,Combined TRACON& Tower with Radar,13,36,19,11,79,0,0,16,2,18,13,36,35,13,97,2,0,2,99
10/31/2012,GTF,MT,ANM,WE,Combined TRACON& Tower with Radar,13,34,21,10,78,0,0,6,3,9,13,34,27,13,87,0,0,0,87
11/01/2012,GTF,MT,ANM,WE,Combined TRACON& Tower with Radar,15,35,9,16,75,0,0,18,1,19,15,35,27,17,94,20,0,20,114
11/02/2012,GTF,MT,ANM,WE,Combined TRACON& Tower with Radar,15,30,19,20,84,0,0,31,3,34,15,30,50,23,118,12,4,16,134
11/03/2012,GTF,MT,ANM,WE,Combined TRACON& Tower with Radar,11,16,4,10,41,0,3,19,0,22,11,19,23,10,63,20,0,20,83
11/04/2012,GTF,MT,ANM,WE,Combined TRACON& Tower with Radar,12,14,18,2,46,0,0,9,0,9,12,14,27,2,55,10,0,10,65
11/05/2012,GTF,MT,ANM,WE,Combined TRACON& Tower with Radar,15,23,7,9,54,0,1,1,5,7,15,24,8,14,61,12,48,60,121
11/06/2012,GTF,MT,ANM,WE,Combined TRACON& Tower with Radar,12,30,9,12,63,0,0,25,4,29,12,30,34,16,92,22,4,26,118
11/07/2012,GTF,MT,ANM,WE,Combined TRACON& Tower with Radar,13,32,21,6,72,0,1,14,1,16,13,33,35,7,88,8,4,12,100
11/08/2012,GTF,MT,ANM,WE,Combined TRACON& Tower with Radar,13,30,6,5,54,0,0,2,0,2,13,30,8,5,56,18,0,18,74
11/09/2012,GTF,MT,ANM,WE,Combined TRACON& Tower with Radar,15,24,9,0,48,0,0,0,0,0,15,24,9,0,48,0,0,0,48
11/10/2012,GTF,MT,ANM,WE,Combined TRACON& Tower with Radar,12,16,2,0,30,0,0,0,0,0,12,16,2,0,30,0,0,0,30
11/11/2012,GTF,MT,ANM,WE,Combined TRACON& Tower with Radar,12,15,3,2,32,0,6,5,2,13,12,21,8,4,45,0,0,0,45
11/12/2012,GTF,MT,ANM,WE,Combined TRACON& Tower with Radar,13,27,10,0,50,0,1,8,0,9,13,28,18,0,59,12,0,12,71
11/13/2012,GTF,MT,ANM,WE,Combined TRACON& Tower with Radar,12,31,9,9,61,0,2,13,4,19,12,33,22,13,80,30,0,30,110
11/14/2012,GTF,MT,ANM,WE,Combined TRACON& Tower with Radar,12,33,28,11,84,0,0,15,4,19,12,33,43,15,103,30,0,30,133
11/15/2012,GTF,MT,ANM,WE,Combined TRACON& Tower with Radar,14,28,15,12,69,0,1,15,2,18,14,29,30,14,87,10,0,10,97
11/16/2012,GTF,MT,ANM,WE,Combined TRACON& Tower with Radar,15,30,12,26,83,0,1,14,4,19,15,31,26,30,102,16,4,20,122
11/17/2012,GTF,MT,ANM,WE,Combined TRACON& Tower with Radar,12,18,5,1,36,0,1,27,1,29,12,19,32,2,65,32,0,32,97
11/18/2012,GTF,MT,ANM,WE,Combined TRACON& Tower with Radar,13,12,12,10,47,0,0,7,0,7,13,12,19,10,54,18,18,36,90
11/19/2012,GTF,MT,ANM,WE,Combined TRACON& Tower with Radar,11,29,11,18,69,0,6,5,4,15,11,35,16,22,84,6,4,10,94
11/20/2012,GTF,MT,ANM,WE,Combined TRACON& Tower with Radar,17,30,20,11,78,0,0,4,7,11,17,30,24,18,89,8,0,8,97
11/21/2012,GTF,MT,ANM,WE,Combined TRACON& Tower with Radar,15,30,6,11,62,0,0,3,0,3,15,30,9,11,65,10,0,10,75
11/22/2012,GTF,MT,ANM,WE,Combined TRACON& Tower with Radar,7,6,7,0,20,0,0,2,0,2,7,6,9,0,22,4,0,4,26
11/23/2012,GTF,MT,ANM,WE,Combined TRACON& Tower with Radar,11,26,8,3,48,0,1,5,2,8,11,27,13,5,56,2,0,2,58
11/24/2012,GTF,MT,ANM,WE,Combined TRACON& Tower with Radar,14,18,12,0,44,0,0,10,0,10,14,18,22,0,54,12,0,12,66
11/25/2012,GTF,MT,ANM,WE,Combined TRACON& Tower with Radar,13,17,9,0,39,0,0,2,0,2,13,17,11,0,41,10,0,10,51
11/26/2012,GTF,MT,ANM,WE,Combined TRACON& Tower with Radar,9,25,6,15,55,0,1,9,6,16,9,26,15,21,71,34,4,38,109
11/27/2012,GTF,MT,ANM,WE,Combined TRACON& Tower with Radar,12,30,17,14,73,0,0,20,2,22,12,30,37,16,95,72,4,76,171
11/28/2012,GTF,MT,ANM,WE,Combined TRACON& Tower with Radar,12,31,17,12,72,0,0,17,0,17,12,31,34,12,89,54,0,54,143
11/29/2012,GTF,MT,ANM,WE,Combined TRACON& Tower with Radar,14,34,19,22,89,0,0,15,4,19,14,34,34,26,108,60,0,60,168
11/30/2012,GTF,MT,ANM,WE,Combined TRACON& Tower with Radar,16,27,15,9,67,0,3,13,1,17,16,30,28,10,84,16,0,16,100
12/01/2012,GTF,MT,ANM,WE,Combined TRACON& Tower with Radar,12,18,10,0,40,0,0,4,0,4,12,18,14,0,44,6,0,6,50
12/02/2012,GTF,MT,ANM,WE,Combined TRACON& Tower with Radar,12,13,9,3,37,0,0,1,0,1,12,13,10,3,38,16,0,16,54
12/03/2012,GTF,MT,ANM,WE,Combined TRACON& Tower with Radar,11,27,7,3,48,0,7,8,1,16,11,34,15,4,64,6,0,6,70
12/04/2012,GTF,MT,ANM,WE,Combined TRACON& Tower with Radar,11,34,23,14,82,0,0,10,3,13,11,34,33,17,95,4,0,4,99
12/05/2012,GTF,MT,ANM,WE,Combined TRACON& Tower with Radar,12,34,11,14,71,0,2,4,5,11,12,36,15,19,82,0,0,0,82
12/06/2012,GTF,MT,ANM,WE,Combined TRACON& Tower with Radar,14,29,15,10,68,0,0,17,4,21,14,29,32,14,89,52,2,54,143
12/07/2012,GTF,MT,ANM,WE,Combined TRACON& Tower with Radar,14,32,7,7,60,0,0,9,4,13,14,32,16,11,73,40,0,40,113
12/08/2012,GTF,MT,ANM,WE,Combined TRACON& Tower with Radar,7,16,5,0,28,0,0,0,0,0,7,16,5,0,28,0,0,0,28
12/09/2012,GTF,MT,ANM,WE,Combined TRACON& Tower with Radar,14,12,14,2,42,0,1,9,0,10,14,13,23,2,52,0,0,0,52
12/10/2012,GTF,MT,ANM,WE,Combined TRACON& Tower with Radar,14,24,11,8,57,0,1,11,6,18,14,25,22,14,75,18,0,18,93
12/11/2012,GTF,MT,ANM,WE,Combined TRACON& Tower with Radar,11,36,11,21,79,0,0,11,9,20,11,36,22,30,99,6,0,6,105
12/12/2012,GTF,MT,ANM,WE,Combined TRACON& Tower with Radar,12,32,13,12,69,0,0,8,0,8,12,32,21,12,77,10,0,10,87
12/13/2012,GTF,MT,ANM,WE,Combined TRACON& Tower with Radar,15,37,21,5,78,0,1,15,2,18,15,38,36,7,96,38,2,40,136
12/14/2012,GTF,MT,ANM,WE,Combined TRACON& Tower with Radar,16,32,9,3,60,0,0,22,1,23,16,32,31,4,83,16,0,16,99
12/15/2012,GTF,MT,ANM,WE,Combined TRACON& Tower with Radar,12,21,6,0,39,0,0,34,0,34,12,21,40,0,73,56,0,56,129
12/16/2012,GTF,MT,ANM,WE,Combined TRACON& Tower with Radar,17,11,5,0,33,0,0,7,0,7,17,11,12,0,40,12,0,12,52
12/17/2012,GTF,MT,ANM,WE,Combined TRACON& Tower with Radar,17,29,8,11,65,0,0,1,5,6,17,29,9,16,71,0,0,0,71
12/18/2012,GTF,MT,ANM,WE,Combined TRACON& Tower with Radar,16,38,8,13,75,0,3,8,1,12,16,41,16,14,87,48,0,48,135
12/19/2012,GTF,MT,ANM,WE,Combined TRACON& Tower with Radar,17,36,7,7,67,0,1,12,0,13,17,37,19,7,80,44,0,44,124
12/20/2012,GTF,MT,ANM,WE,Combined TRACON& Tower with Radar,17,37,8,6,68,0,0,12,0,12,17,37,20,6,80,0,2,2,82
12/21/2012,GTF,MT,ANM,WE,Combined TRACON& Tower with Radar,16,41,16,8,81,0,1,14,0,15,16,42,30,8,96,28,2,30,126
12/22/2012,GTF,MT,ANM,WE,Combined TRACON& Tower with Radar,16,28,2,2,48,0,0,0,0,0,16,28,2,2,48,0,0,0,48
12/23/2012,GTF,MT,ANM,WE,Combined TRACON& Tower with Radar,16,24,5,0,45,0,0,3,2,5,16,24,8,2,50,0,0,0,50
12/24/2012,GTF,MT,ANM,WE,Combined TRACON& Tower with Radar,16,18,1,0,35,0,0,0,0,0,16,18,1,0,35,0,0,0,35
12/25/2012,GTF,MT,ANM,WE,Combined TRACON& Tower with Radar,10,10,3,0,23,0,1,0,0,1,10,11,3,0,24,0,0,0,24
12/26/2012,GTF,MT,ANM,WE,Combined TRACON& Tower with Radar,18,38,11,1,68,0,0,4,1,5,18,38,15,2,73,0,0,0,73
12/27/2012,GTF,MT,ANM,WE,Combined TRACON& Tower with Radar,18,41,15,7,81,0,0,7,0,7,18,41,22,7,88,14,0,14,102
12/28/2012,GTF,MT,ANM,WE,Combined TRACON& Tower with Radar,18,37,10,0,65,0,0,11,0,11,18,37,21,0,76,24,0,24,100
12/29/2012,GTF,MT,ANM,WE,Combined TRACON& Tower with Radar,13,19,9,0,41,0,0,13,0,13,13,19,22,0,54,54,0,54,108
12/30/2012,GTF,MT,ANM,WE,Combined TRACON& Tower with Radar,18,14,5,0,37,0,1,10,0,11,18,15,15,0,48,0,0,0,48
12/31/2012,GTF,MT,ANM,WE,Combined TRACON& Tower with Radar,13,29,1,0,43,0,0,4,0,4,13,29,5,0,47,2,0,2,49
01/01/2013,GTF,MT,ANM,WE,Combined TRACON& Tower with Radar,11,11,1,0,23,0,1,3,0,4,11,12,4,0,27,0,0,0,27
01/02/2013,GTF,MT,ANM,WE,Combined TRACON& Tower with Radar,19,36,11,9,75,0,2,13,0,15,19,38,24,9,90,0,0,0,90
01/03/2013,GTF,MT,ANM,WE,Combined TRACON& Tower with Radar,14,32,18,10,74,0,0,6,0,6,14,32,24,10,80,10,0,10,90
01/04/2013,GTF,MT,ANM,WE,Combined TRACON& Tower with Radar,14,34,7,14,69,0,1,3,4,8,14,35,10,18,77,8,0,8,85
01/05/2013,GTF,MT,ANM,WE,Combined TRACON& Tower with Radar,12,20,9,6,47,0,0,21,1,22,12,20,30,7,69,4,0,4,73
01/06/2013,GTF,MT,ANM,WE,Combined TRACON& Tower with Radar,12,14,11,2,39,0,0,9,3,12,12,14,20,5,51,0,4,4,55
01/07/2013,GTF,MT,ANM,WE,Combined TRACON& Tower with Radar,10,28,8,9,55,0,0,7,2,9,10,28,15,11,64,24,4,28,92
01/08/2013,GTF,MT,ANM,WE,Combined TRACON& Tower with Radar,12,27,15,32,86,0,0,4,12,16,12,27,19,44,102,0,26,26,128
01/09/2013,GTF,MT,ANM,WE,Combined TRACON& Tower with Radar,13,30,17,9,69,0,0,11,5,16,13,30,28,14,85,18,2,20,105
01/10/2013,GTF,MT,ANM,WE,Combined TRACON& Tower with Radar,14,23,6,10,53,0,0,0,0,0,14,23,6,10,53,12,0,12,65
01/11/2013,GTF,MT,ANM,WE,Combined TRACON& Tower with Radar,14,26,16,0,56,0,0,0,0,0,14,26,16,0,56,2,0,2,58
01/12/2013,GTF,MT,ANM,WE,Combined TRACON& Tower with Radar,10,18,7,0,35,0,0,5,0,5,10,18,12,0,40,6,0,6,46
01/13/2013,GTF,MT,ANM,WE,Combined TRACON& Tower with Radar,13,11,5,2,31,0,0,5,2,7,13,11,10,4,38,0,0,0,38
01/14/2013,GTF,MT,ANM,WE,Combined TRACON& Tower with Radar,10,29,11,12,62,0,0,6,1,7,10,29,17,13,69,6,0,6,75
01/15/2013,GTF,MT,ANM,WE,Combined TRACON& Tower with Radar,12,33,14,7,66,0,0,8,1,9,12,33,22,8,75,0,0,0,75
01/16/2013,GTF,MT,ANM,WE,Combined TRACON& Tower with Radar,10,26,13,12,61,0,1,5,9,15,10,27,18,21,76,26,0,26,102
01/17/2013,GTF,MT,ANM,WE,Combined TRACON& Tower with Radar,12,27,18,8,65,0,1,6,3,10,12,28,24,11,75,0,4,4,79
01/18/2013,GTF,MT,ANM,WE,Combined TRACON& Tower with Radar,16,28,16,4,64,0,0,12,0,12,16,28,28,4,76,0,0,0,76
01/19/2013,GTF,MT,ANM,WE,Combined TRACON& Tower with Radar,10,15,9,1,35,0,1,13,0,14,10,16,22,1,49,46,0,46,95
01/20/2013,GTF,MT,ANM,WE,Combined TRACON& Tower with Radar,15,14,8,0,37,0,1,2,0,3,15,15,10,0,40,0,0,0,40
01/21/2013,GTF,MT,ANM,WE,Combined TRACON& Tower with Radar,11,19,5,3,38,0,1,10,0,11,11,20,15,3,49,44,0,44,93
01/22/2013,GTF,MT,ANM,WE,Combined TRACON& Tower with Radar,15,33,19,19,86,0,4,12,6,22,15,37,31,25,108,22,0,22,130
01/23/2013,GTF,MT,ANM,WE,Combined TRACON& Tower with Radar,14,31,17,15,77,0,1,13,1,15,14,32,30,16,92,84,0,84,176
01/24/2013,GTF,MT,ANM,WE,Combined TRACON& Tower with Radar,14,36,3,20,73,0,5,4,2,11,14,41,7,22,84,0,10,10,94
01/25/2013,GTF,MT,ANM,WE,Combined TRACON& Tower with Radar,14,32,1,11,58,0,0,15,3,18,14,32,16,14,76,10,4,14,90
01/26/2013,GTF,MT,ANM,WE,Combined TRACON& Tower with Radar,10,17,4,4,35,0,0,31,0,31,10,17,35,4,66,32,0,32,98
01/27/2013,GTF,MT,ANM,WE,Combined TRACON& Tower with Radar,13,12,3,0,28,0,1,15,0,16,13,13,18,0,44,52,0,52,96
01/28/2013,GTF,MT,ANM,WE,Combined TRACON& Tower with Radar,11,27,8,3,49,0,0,13,0,13,11,27,21,3,62,70,0,70,132
01/29/2013,GTF,MT,ANM,WE,Combined TRACON& Tower with Radar,12,30,6,2,50,0,0,3,0,3,12,30,9,2,53,0,0,0,53
01/30/2013,GTF,MT,ANM,WE,Combined TRACON& Tower with Radar,12,29,6,17,64,0,0,10,7,17,12,29,16,24,81,32,18,50,131
01/31/2013,GTF,MT,ANM,WE,Combined TRACON& Tower with Radar,14,38,18,7,77,0,0,9,0,9,14,38,27,7,86,28,0,28,114
02/01/2013,GTF,MT,ANM,WE,Combined TRACON& Tower with Radar,16,32,8,13,69,0,0,8,3,11,16,32,16,16,80,40,2,42,122
02/02/2013,GTF,MT,ANM,WE,Combined TRACON& Tower with Radar,10,14,11,0,35,0,1,23,0,24,10,15,34,0,59,20,0,20,79
02/03/2013,GTF,MT,ANM,WE,Combined TRACON& Tower with Radar,13,9,10,3,35,0,0,12,1,13,13,9,22,4,48,18,0,18,66
02/04/2013,GTF,MT,ANM,WE,Combined TRACON& Tower with Radar,13,28,17,9,67,0,1,7,3,11,13,29,24,12,78,12,0,12,90
02/05/2013,GTF,MT,ANM,WE,Combined TRACON& Tower with Radar,12,26,13,9,60,0,2,9,3,14,12,28,22,12,74,20,0,20,94
02/06/2013,GTF,MT,ANM,WE,Combined TRACON& Tower with Radar,12,29,12,6,59,0,0,13,0,13,12,29,25,6,72,16,4,20,92
02/07/2013,GTF,MT,ANM,WE,Combined TRACON& Tower with Radar,14,34,24,10,82,0,0,19,2,21,14,34,43,12,103,16,0,16,119
02/08/2013,GTF,MT,ANM,WE,Combined TRACON& Tower with Radar,15,33,15,7,70,0,0,22,0,22,15,33,37,7,92,8,0,8,100
02/09/2013,GTF,MT,ANM,WE,Combined TRACON& Tower with Radar,9,23,5,11,48,0,1,13,1,15,9,24,18,12,63,46,0,46,109
02/10/2013,GTF,MT,ANM,WE,Combined TRACON& Tower with Radar,13,20,12,9,54,0,1,5,0,6,13,21,17,9,60,10,0,10,70
02/11/2013,GTF,MT,ANM,WE,Combined TRACON& Tower with Radar,12,22,11,10,55,0,1,20,4,25,12,23,31,14,80,90,16,106,186
02/12/2013,GTF,MT,ANM,WE,Combined TRACON& Tower with Radar,12,35,6,14,67,0,0,8,0,8,12,35,14,14,75,4,0,4,79
02/13/2013,GTF,MT,ANM,WE,Combined TRACON& Tower with Radar,14,31,10,17,72,0,0,4,1,5,14,31,14,18,77,18,0,18,95
02/14/2013,GTF,MT,ANM,WE,Combined TRACON& Tower with Radar,14,33,9,1,57,0,0,16,1,17,14,33,25,2,74,58,0,58,132
02/15/2013,GTF,MT,ANM,WE,Combined TRACON& Tower with Radar,16,32,14,16,78,0,0,20,0,20,16,32,34,16,98,60,10,70,168
02/16/2013,GTF,MT,ANM,WE,Combined TRACON& Tower with Radar,14,21,14,1,50,0,0,14,0,14,14,21,28,1,64,16,0,16,80
02/17/2013,GTF,MT,ANM,WE,Combined TRACON& Tower with Radar,13,16,2,0,31,0,0,2,0,2,13,16,4,0,33,0,0,0,33
02/18/2013,GTF,MT,ANM,WE,Combined TRACON& Tower with Radar,13,25,16,0,54,0,3,25,1,29,13,28,41,1,83,88,0,88,171
02/19/2013,GTF,MT,ANM,WE,Combined TRACON& Tower with Radar,11,37,13,14,75,0,0,22,3,25,11,37,35,17,100,28,0,28,128
02/20/2013,GTF,MT,ANM,WE,Combined TRACON& Tower with Radar,14,32,13,11,70,0,0,5,2,7,14,32,18,13,77,0,0,0,77
02/21/2013,GTF,MT,ANM,WE,Combined TRACON& Tower with Radar,14,35,19,17,85,0,0,4,6,10,14,35,23,23,95,36,4,40,135
02/22/2013,GTF,MT,ANM,WE,Combined TRACON& Tower with Radar,16,36,17,15,84,0,0,14,1,15,16,36,31,16,99,22,12,34,133
02/23/2013,GTF,MT,ANM,WE,Combined TRACON& Tower with Radar,14,21,0,0,35,0,1,7,0,8,14,22,7,0,43,14,0,14,57
02/24/2013,GTF,MT,ANM,WE,Combined TRACON& Tower with Radar,13,11,4,3,31,0,0,18,1,19,13,11,22,4,50,12,2,14,64
02/25/2013,GTF,MT,ANM,WE,Combined TRACON& Tower with Radar,13,28,2,10,53,0,0,4,2,6,13,28,6,12,59,4,18,22,81
02/26/2013,GTF,MT,ANM,WE,Combined TRACON& Tower with Radar,13,36,12,8,69,0,0,9,2,11,13,36,21,10,80,16,0,16,96
02/27/2013,GTF,MT,ANM,WE,Combined TRACON& Tower with Radar,14,33,13,6,66,0,0,5,0,5,14,33,18,6,71,46,4,50,121
02/28/2013,GTF,MT,ANM,WE,Combined TRACON& Tower with Radar,14,33,12,2,61,0,1,10,1,12,14,34,22,3,73,0,0,0,73
03/01/2013,GTF,MT,ANM,WE,Combined TRACON& Tower with Radar,15,30,9,5,59,0,0,1,0,1,15,30,10,5,60,0,0,0,60
03/02/2013,GTF,MT,ANM,WE,Combined TRACON& Tower with Radar,11,20,12,7,50,0,0,10,0,10,11,20,22,7,60,0,4,4,64
03/03/2013,GTF,MT,ANM,WE,Combined TRACON& Tower with Radar,10,13,6,2,31,0,0,1,0,1,10,13,7,2,32,0,0,0,32
03/04/2013,GTF,MT,ANM,WE,Combined TRACON& Tower with Radar,15,30,10,2,57,0,0,2,0,2,15,30,12,2,59,0,0,0,59
03/05/2013,GTF,MT,ANM,WE,Combined TRACON& Tower with Radar,11,31,13,4,59,1,0,16,0,17,12,31,29,4,76,22,0,22,98
03/06/2013,GTF,MT,ANM,WE,Combined TRACON& Tower with Radar,12,30,16,6,64,0,0,3,0,3,12,30,19,6,67,4,0,4,71
03/07/2013,GTF,MT,ANM,WE,Combined TRACON& Tower with Radar,14,30,12,8,64,0,1,4,0,5,14,31,16,8,69,10,8,18,87
03/08/2013,GTF,MT,ANM,WE,Combined TRACON& Tower with Radar,18,30,3,0,51,0,1,16,1,18,18,31,19,1,69,36,0,36,105
03/09/2013,GTF,MT,ANM,WE,Combined TRACON& Tower with Radar,8,16,21,0,45,0,0,29,0,29,8,16,50,0,74,2,0,2,76
03/10/2013,GTF,MT,ANM,WE,Combined TRACON& Tower with Radar,13,13,9,0,35,0,0,9,0,9,13,13,18,0,44,10,0,10,54
03/11/2013,GTF,MT,ANM,WE,Combined TRACON& Tower with Radar,13,26,7,0,46,0,1,4,0,5,13,27,11,0,51,36,0,36,87
03/12/2013,GTF,MT,ANM,WE,Combined TRACON& Tower with Radar,12,30,15,2,59,0,0,14,3,17,12,30,29,5,76,14,0,14,90
03/13/2013,GTF,MT,ANM,WE,Combined TRACON& Tower with Radar,14,39,21,10,84,0,0,13,4,17,14,39,34,14,101,10,0,10,111
03/14/2013,GTF,MT,ANM,WE,Combined TRACON& Tower with Radar,14,32,17,9,72,0,0,13,0,13,14,32,30,9,85,16,0,16,101
03/15/2013,GTF,MT,ANM,WE,Combined TRACON& Tower with Radar,17,30,7,6,60,0,2,4,0,6,17,32,11,6,66,0,0,0,66
03/16/2013,GTF,MT,ANM,WE,Combined TRACON& Tower with Radar,15,24,19,0,58,0,0,10,0,10,15,24,29,0,68,30,0,30,98
03/17/2013,GTF,MT,ANM,WE,Combined TRACON& Tower with Radar,13,18,13,0,44,0,1,1,0,2,13,19,14,0,46,4,0,4,50
03/18/2013,GTF,MT,ANM,WE,Combined TRACON& Tower with Radar,15,28,8,8,59,0,0,6,6,12,15,28,14,14,71,6,14,20,91
03/19/2013,GTF,MT,ANM,WE,Combined TRACON& Tower with Radar,12,29,23,4,68,0,2,14,0,16,12,31,37,4,84,40,0,40,124
03/20/2013,GTF,MT,ANM,WE,Combined TRACON& Tower with Radar,18,37,34,12,101,0,0,13,5,18,18,37,47,17,119,26,15,41,160
03/21/2013,GTF,MT,ANM,WE,Combined TRACON& Tower with Radar,14,34,18,11,77,0,2,0,1,3,14,36,18,12,80,0,14,14,94
03/22/2013,GTF,MT,ANM,WE,Combined TRACON& Tower with Radar,16,34,7,0,57,0,0,1,0,1,16,34,8,0,58,0,0,0,58
03/23/2013,GTF,MT,ANM,WE,Combined TRACON& Tower with Radar,11,16,6,0,33,0,0,24,0,24,11,16,30,0,57,36,0,36,93
03/24/2013,GTF,MT,ANM,WE,Combined TRACON& Tower with Radar,13,12,3,1,29,0,0,16,1,17,13,12,19,2,46,48,0,48,94
03/25/2013,GTF,MT,ANM,WE,Combined TRACON& Tower with Radar,13,23,8,6,50,0,1,12,3,16,13,24,20,9,66,32,30,62,128
03/26/2013,GTF,MT,ANM,WE,Combined TRACON& Tower with Radar,12,30,7,8,57,0,2,32,0,34,12,32,39,8,91,30,6,36,127
03/27/2013,GTF,MT,ANM,WE,Combined TRACON& Tower with Radar,16,33,18,8,75,0,0,10,4,14,16,33,28,12,89,6,0,6,95
03/28/2013,GTF,MT,ANM,WE,Combined TRACON& Tower with Radar,14,33,30,6,83,0,0,10,0,10,14,33,40,6,93,10,0,10,103
03/29/2013,GTF,MT,ANM,WE,Combined TRACON& Tower with Radar,14,30,7,6,57,0,0,11,0,11,14,30,18,6,68,0,4,4,72
03/30/2013,GTF,MT,ANM,WE,Combined TRACON& Tower with Radar,12,15,7,0,34,0,0,29,0,29,12,15,36,0,63,8,0,8,71
03/31/2013,GTF,MT,ANM,WE,Combined TRACON& Tower with Radar,16,11,1,0,28,0,0,4,0,4,16,11,5,0,32,2,0,2,34
04/01/2013,GTF,MT,ANM,WE,Combined TRACON& Tower with Radar,16,24,16,3,59,0,1,16,0,17,16,25,32,3,76,28,0,28,104
04/02/2013,GTF,MT,ANM,WE,Combined TRACON& Tower with Radar,12,35,18,2,67,0,1,23,0,24,12,36,41,2,91,4,0,4,95
04/03/2013,GTF,MT,ANM,WE,Combined TRACON& Tower with Radar,14,30,7,19,70,0,0,6,1,7,14,30,13,20,77,26,2,28,105
04/04/2013,GTF,MT,ANM,WE,Combined TRACON& Tower with Radar,17,30,17,9,73,0,2,16,1,19,17,32,33,10,92,0,17,17,109
04/05/2013,GTF,MT,ANM,WE,Combined TRACON& Tower with Radar,16,27,6,10,59,0,0,5,6,11,16,27,11,16,70,6,4,10,80
04/06/2013,GTF,MT,ANM,WE,Combined TRACON& Tower with Radar,15,21,6,5,47,0,0,6,1,7,15,21,12,6,54,10,0,10,64
04/07/2013,GTF,MT,ANM,WE,Combined TRACON& Tower with Radar,14,15,12,2,43,0,0,5,1,6,14,15,17,3,49,6,0,6,55
04/08/2013,GTF,MT,ANM,WE,Combined TRACON& Tower with Radar,14,28,7,4,53,0,0,2,0,2,14,28,9,4,55,0,0,0,55
04/09/2013,GTF,MT,ANM,WE,Combined TRACON& Tower with Radar,11,29,19,8,67,0,1,15,0,16,11,30,34,8,83,26,4,30,113
04/10/2013,GTF,MT,ANM,WE,Combined TRACON& Tower with Radar,12,28,12,13,65,0,0,15,0,15,12,28,27,13,80,0,8,8,88
04/11/2013,GTF,MT,ANM,WE,Combined TRACON& Tower with Radar,16,30,11,20,77,0,0,5,1,6,16,30,16,21,83,21,0,21,104
04/12/2013,GTF,MT,ANM,WE,Combined TRACON& Tower with Radar,14,27,4,16,61,0,0,13,1,14,14,27,17,17,75,58,0,58,133
04/13/2013,GTF,MT,ANM,WE,Combined TRACON& Tower with Radar,10,18,5,2,35,0,1,9,1,11,10,19,14,3,46,4,0,4,50
04/14/2013,GTF,MT,ANM,WE,Combined TRACON& Tower with Radar,14,20,7,0,41,0,0,0,0,0,14,20,7,0,41,0,0,0,41
04/15/2013,GTF,MT,ANM,WE,Combined TRACON& Tower with Radar,15,29,1,0,45,0,0,0,0,0,15,29,1,0,45,0,0,0,45
04/16/2013,GTF,MT,ANM,WE,Combined TRACON& Tower with Radar,11,32,13,13,69,0,0,0,0,0,11,32,13,13,69,0,0,0,69
04/17/2013,GTF,MT,ANM,WE,Combined TRACON& Tower with Radar,14,40,7,16,77,0,4,7,3,14,14,44,14,19,91,18,1,19,110
04/18/2013,GTF,MT,ANM,WE,Combined TRACON& Tower with Radar,15,29,7,19,70,0,0,13,7,20,15,29,20,26,90,52,8,60,150
04/19/2013,GTF,MT,ANM,WE,Combined TRACON& Tower with Radar,16,31,11,22,80,0,1,11,2,14,16,32,22,24,94,20,0,20,114
04/20/2013,GTF,MT,ANM,WE,Combined TRACON& Tower with Radar,10,14,2,0,26,0,0,7,0,7,10,14,9,0,33,10,0,10,43
04/21/2013,GTF,MT,ANM,WE,Combined TRACON& Tower with Radar,13,20,4,3,40,0,0,0,0,0,13,20,4,3,40,0,0,0,40
04/22/2013,GTF,MT,ANM,WE,Combined TRACON& Tower with Radar,15,28,5,4,52,0,1,22,1,24,15,29,27,5,76,16,6,22,98
04/23/2013,GTF,MT,ANM,WE,Combined TRACON& Tower with Radar,12,31,14,27,84,0,0,17,6,23,12,31,31,33,107,30,38,68,175
04/24/2013,GTF,MT,ANM,WE,Combined TRACON& Tower with Radar,12,35,6,8,61,0,4,8,4,16,12,39,14,12,77,4,2,6,83
04/25/2013,GTF,MT,ANM,WE,Combined TRACON& Tower with Radar,14,34,11,16,75,0,3,21,4,28,14,37,32,20,103,14,18,32,135
04/26/2013,GTF,MT,ANM,WE,Combined TRACON& Tower with Radar,16,36,10,12,74,0,2,23,0,25,16,38,33,12,99,40,18,58,157
04/27/2013,GTF,MT,ANM,WE,Combined TRACON& Tower with Radar,14,15,9,1,39,0,4,13,0,17,14,19,22,1,56,0,0,0,56
04/28/2013,GTF,MT,ANM,WE,Combined TRACON& Tower with Radar,14,15,18,1,48,0,0,24,1,25,14,15,42,2,73,12,0,12,85
04/29/2013,GTF,MT,ANM,WE,Combined TRACON& Tower with Radar,14,27,9,8,58,0,0,2,2,4,14,27,11,10,62,6,8,14,76
04/30/2013,GTF,MT,ANM,WE,Combined TRACON& Tower with Radar,12,30,6,8,56,0,0,2,0,2,12,30,8,8,58,4,0,4,62
05/01/2013,GTF,MT,ANM,WE,Combined TRACON& Tower with Radar,12,32,10,10,64,0,0,21,3,24,12,32,31,13,88,42,0,42,130
05/02/2013,GTF,MT,ANM,WE,Combined TRACON& Tower with Radar,14,35,28,13,90,0,0,13,1,14,14,35,41,14,104,44,0,44,148
05/03/2013,GTF,MT,ANM,WE,Combined TRACON& Tower with Radar,17,30,11,11,69,0,0,7,2,9,17,30,18,13,78,0,0,0,78
05/04/2013,GTF,MT,ANM,WE,Combined TRACON& Tower with Radar,10,16,25,2,53,0,1,10,0,11,10,17,35,2,64,30,0,30,94
05/05/2013,GTF,MT,ANM,WE,Combined TRACON& Tower with Radar,13,13,6,4,36,0,0,20,0,20,13,13,26,4,56,0,0,0,56
05/06/2013,GTF,MT,ANM,WE,Combined TRACON& Tower with Radar,14,32,15,5,66,0,0,25,2,27,14,32,40,7,93,20,0,20,113
05/07/2013,GTF,MT,ANM,WE,Combined TRACON& Tower with Radar,12,39,28,20,99,0,0,29,0,29,12,39,57,20,128,34,0,34,162
05/08/2013,GTF,MT,ANM,WE,Combined TRACON& Tower with Radar,12,33,18,11,74,0,0,23,2,25,12,33,41,13,99,8,0,8,107
05/09/2013,GTF,MT,ANM,WE,Combined TRACON& Tower with Radar,15,36,11,17,79,0,0,18,3,21,15,36,29,20,100,18,18,36,136
05/10/2013,GTF,MT,ANM,WE,Combined TRACON& Tower with Radar,18,32,14,14,78,0,0,18,3,21,18,32,32,17,99,28,18,46,145
05/11/2013,GTF,MT,ANM,WE,Combined TRACON& Tower with Radar,12,18,7,0,37,0,0,24,0,24,12,18,31,0,61,16,0,16,77
05/12/2013,GTF,MT,ANM,WE,Combined TRACON& Tower with Radar,16,7,8,0,31,0,0,13,0,13,16,7,21,0,44,10,0,10,54
05/13/2013,GTF,MT,ANM,WE,Combined TRACON& Tower with Radar,15,26,11,5,57,0,1,3,6,10,15,27,14,11,67,10,8,18,85
05/14/2013,GTF,MT,ANM,WE,Combined TRACON& Tower with Radar,16,31,15,17,79,0,0,19,3,22,16,31,34,20,101,4,0,4,105
05/15/2013,GTF,MT,ANM,WE,Combined TRACON& Tower with Radar,12,29,10,16,67,0,0,30,3,33,12,29,40,19,100,20,0,20,120
05/16/2013,GTF,MT,ANM,WE,Combined TRACON& Tower with Radar,15,36,20,19,90,0,0,13,7,20,15,36,33,26,110,32,20,52,162
05/17/2013,GTF,MT,ANM,WE,Combined TRACON& Tower with Radar,19,33,14,4,70,0,0,7,3,10,19,33,21,7,80,2,0,2,82
05/18/2013,GTF,MT,ANM,WE,Combined TRACON& Tower with Radar,11,16,12,0,39,0,1,8,0,9,11,17,20,0,48,4,0,4,52
05/19/2013,GTF,MT,ANM,WE,Combined TRACON& Tower with Radar,15,14,12,2,43,0,0,5,0,5,15,14,17,2,48,0,0,0,48
05/20/2013,GTF,MT,ANM,WE,Combined TRACON& Tower with Radar,13,24,8,22,67,0,1,6,2,9,13,25,14,24,76,6,0,6,82
05/21/2013,GTF,MT,ANM,WE,Combined TRACON& Tower with Radar,15,30,27,20,92,0,2,18,4,24,15,32,45,24,116,4,12,16,132
05/22/2013,GTF,MT,ANM,WE,Combined TRACON& Tower with Radar,13,34,11,16,74,0,1,10,3,14,13,35,21,19,88,18,14,32,120
05/23/2013,GTF,MT,ANM,WE,Combined TRACON& Tower with Radar,13,34,25,15,87,0,1,8,0,9,13,35,33,15,96,4,12,16,112
05/24/2013,GTF,MT,ANM,WE,Combined TRACON& Tower with Radar,19,35,8,3,65,0,1,17,0,18,19,36,25,3,83,8,0,8,91
05/25/2013,GTF,MT,ANM,WE,Combined TRACON& Tower with Radar,12,18,5,0,35,0,1,15,0,16,12,19,20,0,51,18,0,18,69
05/26/2013,GTF,MT,ANM,WE,Combined TRACON& Tower with Radar,14,9,8,4,35,0,0,11,1,12,14,9,19,5,47,2,0,2,49
05/27/2013,GTF,MT,ANM,WE,Combined TRACON& Tower with Radar,14,12,26,0,52,0,0,7,0,7,14,12,33,0,59,18,0,18,77
05/28/2013,GTF,MT,ANM,WE,Combined TRACON& Tower with Radar,11,25,18,15,69,0,0,15,7,22,11,25,33,22,91,4,0,4,95
05/29/2013,GTF,MT,ANM,WE,Combined TRACON& Tower with Radar,14,44,11,17,86,0,0,10,0,10,14,44,21,17,96,14,8,22,118
05/30/2013,GTF,MT,ANM,WE,Combined TRACON& Tower with Radar,14,39,14,7,74,0,0,5,2,7,14,39,19,9,81,0,0,0,81
05/31/2013,GTF,MT,ANM,WE,Combined TRACON& Tower with Radar,18,34,17,14,83,0,0,1,0,1,18,34,18,14,84,8,0,8,92
06/01/2013,GTF,MT,ANM,WE,Combined TRACON& Tower with Radar,10,19,11,13,53,0,0,51,0,51,10,19,62,13,104,22,6,28,132
06/02/2013,GTF,MT,ANM,WE,Combined TRACON& Tower with Radar,15,17,3,0,35,0,0,8,0,8,15,17,11,0,43,0,0,0,43
06/03/2013,GTF,MT,ANM,WE,Combined TRACON& Tower with Radar,15,24,11,7,57,0,0,0,2,2,15,24,11,9,59,0,0,0,59
06/04/2013,GTF,MT,ANM,WE,Combined TRACON& Tower with Radar,13,32,19,22,86,0,0,17,6,23,13,32,36,28,109,4,33,37,146
06/05/2013,GTF,MT,ANM,WE,Combined TRACON& Tower with Radar,13,30,8,19,70,0,1,48,2,51,13,31,56,21,121,16,24,40,161
06/06/2013,GTF,MT,ANM,WE,Combined TRACON& Tower with Radar,15,39,8,11,73,0,0,34,2,36,15,39,42,13,109,20,0,20,129
06/07/2013,GTF,MT,ANM,WE,Combined TRACON& Tower with Radar,16,31,10,10,67,0,0,8,2,10,16,31,18,12,77,32,2,34,111
06/08/2013,GTF,MT,ANM,WE,Combined TRACON& Tower with Radar,9,14,4,4,31,0,1,33,1,35,9,15,37,5,66,20,0,20,86
06/09/2013,GTF,MT,ANM,WE,Combined TRACON& Tower with Radar,15,17,5,3,40,0,0,23,3,26,15,17,28,6,66,24,0,24,90
06/10/2013,GTF,MT,ANM,WE,Combined TRACON& Tower with Radar,18,24,10,3,55,0,0,32,0,32,18,24,42,3,87,38,0,38,125
06/11/2013,GTF,MT,ANM,WE,Combined TRACON& Tower with Radar,17,37,13,20,87,0,0,21,2,23,17,37,34,22,110,6,8,14,124
06/12/2013,GTF,MT,ANM,WE,Combined TRACON& Tower with Radar,15,38,18,21,92,0,0,13,2,15,15,38,31,23,107,20,14,34,141
06/13/2013,GTF,MT,ANM,WE,Combined TRACON& Tower with Radar,17,40,30,7,94,0,3,3,0,6,17,43,33,7,100,8,0,8,108
06/14/2013,GTF,MT,ANM,WE,Combined TRACON& Tower with Radar,23,30,20,8,81,0,1,22,0,23,23,31,42,8,104,10,4,14,118
06/15/2013,GTF,MT,ANM,WE,Combined TRACON& Tower with Radar,12,14,9,3,38,0,2,16,0,18,12,16,25,3,56,16,0,16,72
06/16/2013,GTF,MT,ANM,WE,Combined TRACON& Tower with Radar,16,14,10,9,49,0,0,13,4,17,16,14,23,13,66,24,20,44,110
06/17/2013,GTF,MT,ANM,WE,Combined TRACON& Tower with Radar,18,25,10,8,61,0,0,23,2,25,18,25,33,10,86,16,2,18,104
06/18/2013,GTF,MT,ANM,WE,Combined TRACON& Tower with Radar,15,29,18,10,72,0,1,14,3,18,15,30,32,13,90,10,12,22,112
06/19/2013,GTF,MT,ANM,WE,Combined TRACON& Tower with Radar,15,29,18,10,72,0,1,9,0,10,15,30,27,10,82,18,0,18,100
06/20/2013,GTF,MT,ANM,WE,Combined TRACON& Tower with Radar,19,37,17,12,85,0,0,5,4,9,19,37,22,16,94,0,16,16,110
06/21/2013,GTF,MT,ANM,WE,Combined TRACON& Tower with Radar,19,35,15,7,76,0,0,25,0,25,19,35,40,7,101,26,4,30,131
06/22/2013,GTF,MT,ANM,WE,Combined TRACON& Tower with Radar,13,23,10,0,46,0,0,22,0,22,13,23,32,0,68,40,0,40,108
06/23/2013,GTF,MT,ANM,WE,Combined TRACON& Tower with Radar,17,16,16,2,51,0,0,32,1,33,17,16,48,3,84,32,0,32,116
06/24/2013,GTF,MT,ANM,WE,Combined TRACON& Tower with Radar,17,26,5,9,57,0,0,19,7,26,17,26,24,16,83,44,22,66,149
06/25/2013,GTF,MT,ANM,WE,Combined TRACON& Tower with Radar,16,44,7,14,81,0,0,14,2,16,16,44,21,16,97,6,6,12,109
06/26/2013,GTF,MT,ANM,WE,Combined TRACON& Tower with Radar,19,40,31,19,109,0,1,25,3,29,19,41,56,22,138,8,0,8,146
06/27/2013,GTF,MT,ANM,WE,Combined TRACON& Tower with Radar,17,38,14,17,86,0,0,21,6,27,17,38,35,23,113,8,2,10,123
06/28/2013,GTF,MT,ANM,WE,Combined TRACON& Tower with Radar,19,30,14,8,71,0,1,22,2,25,19,31,36,10,96,28,4,32,128
06/29/2013,GTF,MT,ANM,WE,Combined TRACON& Tower with Radar,14,15,10,0,39,0,0,27,0,27,14,15,37,0,66,22,0,22,88
06/30/2013,GTF,MT,ANM,WE,Combined TRACON& Tower with Radar,16,14,15,0,45,0,0,23,0,23,16,14,38,0,68,22,0,22,90
07/01/2013,GTF,MT,ANM,WE,Combined TRACON& Tower with Radar,18,23,15,6,62,0,1,23,1,25,18,24,38,7,87,12,0,12,99
07/02/2013,GTF,MT,ANM,WE,Combined TRACON& Tower with Radar,17,28,12,12,69,0,1,28,7,36,17,29,40,19,105,20,4,24,129
07/03/2013,GTF,MT,ANM,WE,Combined TRACON& Tower with Radar,17,32,16,7,72,0,1,24,0,25,17,33,40,7,97,14,0,14,111
07/04/2013,GTF,MT,ANM,WE,Combined TRACON& Tower with Radar,13,12,6,5,36,0,0,18,2,20,13,12,24,7,56,20,0,20,76
07/05/2013,GTF,MT,ANM,WE,Combined TRACON& Tower with Radar,19,28,8,4,59,0,0,5,0,5,19,28,13,4,64,16,0,16,80
07/06/2013,GTF,MT,ANM,WE,Combined TRACON& Tower with Radar,14,15,13,0,42,0,0,15,0,15,14,15,28,0,57,26,0,26,83
07/07/2013,GTF,MT,ANM,WE,Combined TRACON& Tower with Radar,17,12,15,0,44,0,0,14,0,14,17,12,29,0,58,0,0,0,58
07/08/2013,GTF,MT,ANM,WE,Combined TRACON& Tower with Radar,19,26,14,11,70,0,1,8,5,14,19,27,22,16,84,12,0,12,96
07/09/2013,GTF,MT,ANM,WE,Combined TRACON& Tower with Radar,16,32,37,14,99,0,0,18,2,20,16,32,55,16,119,28,0,28,147
07/10/2013,GTF,MT,ANM,WE,Combined TRACON& Tower with Radar,20,37,13,13,83,0,4,29,3,36,20,41,42,16,119,14,6,20,139
07/11/2013,GTF,MT,ANM,WE,Combined TRACON& Tower with Radar,16,39,8,11,74,0,0,16,1,17,16,39,24,12,91,0,0,0,91
07/12/2013,GTF,MT,ANM,WE,Combined TRACON& Tower with Radar,20,32,27,8,87,0,0,31,4,35,20,32,58,12,122,16,4,20,142
07/13/2013,GTF,MT,ANM,WE,Combined TRACON& Tower with Radar,15,16,9,0,40,0,0,34,1,35,15,16,43,1,75,14,0,14,89
07/14/2013,GTF,MT,ANM,WE,Combined TRACON& Tower with Radar,15,16,17,1,49,0,0,26,0,26,15,16,43,1,75,20,0,20,95
07/15/2013,GTF,MT,ANM,WE,Combined TRACON& Tower with Radar,17,26,19,12,74,0,0,22,0,22,17,26,41,12,96,24,0,24,120
07/16/2013,GTF,MT,ANM,WE,Combined TRACON& Tower with Radar,11,27,15,14,67,0,0,31,2,33,11,27,46,16,100,52,0,52,152
07/17/2013,GTF,MT,ANM,WE,Combined TRACON& Tower with Radar,15,29,7,5,56,0,2,7,3,12,15,31,14,8,68,32,2,34,102
07/18/2013,GTF,MT,ANM,WE,Combined TRACON& Tower with Radar,17,31,23,8,79,0,1,26,0,27,17,32,49,8,106,24,2,26,132
07/19/2013,GTF,MT,ANM,WE,Combined TRACON& Tower with Radar,17,31,22,14,84,0,0,25,2,27,17,31,47,16,111,41,7,48,159
07/20/2013,GTF,MT,ANM,WE,Combined TRACON& Tower with Radar,19,18,10,4,51,0,0,21,3,24,19,18,31,7,75,42,0,42,117
07/21/2013,GTF,MT,ANM,WE,Combined TRACON& Tower with Radar,16,16,13,3,48,0,0,37,2,39,16,16,50,5,87,0,4,4,91
07/22/2013,GTF,MT,ANM,WE,Combined TRACON& Tower with Radar,17,30,12,11,70,0,1,15,2,18,17,31,27,13,88,28,6,34,122
07/23/2013,GTF,MT,ANM,WE,Combined TRACON& Tower with Radar,17,35,13,20,85,0,0,29,1,30,17,35,42,21,115,40,0,40,155
07/24/2013,GTF,MT,ANM,WE,Combined TRACON& Tower with Radar,16,38,20,12,86,0,2,32,1,35,16,40,52,13,121,46,8,54,175
07/25/2013,GTF,MT,ANM,WE,Combined TRACON& Tower with Radar,17,35,9,12,73,0,0,28,2,30,17,35,37,14,103,40,0,40,143
07/26/2013,GTF,MT,ANM,WE,Combined TRACON& Tower with Radar,20,34,13,11,78,0,0,34,3,37,20,34,47,14,115,24,20,44,159
07/27/2013,GTF,MT,ANM,WE,Combined TRACON& Tower with Radar,15,22,9,1,47,0,0,28,0,28,15,22,37,1,75,24,0,24,99
07/28/2013,GTF,MT,ANM,WE,Combined TRACON& Tower with Radar,16,20,15,2,53,0,0,13,2,15,16,20,28,4,68,43,0,43,111
07/29/2013,GTF,MT,ANM,WE,Combined TRACON& Tower with Radar,15,24,16,5,60,0,1,15,0,16,15,25,31,5,76,12,0,12,88
07/30/2013,GTF,MT,ANM,WE,Combined TRACON& Tower with Radar,17,34,17,9,77,0,0,14,1,15,17,34,31,10,92,34,0,34,126
07/31/2013,GTF,MT,ANM,WE,Combined TRACON& Tower with Radar,13,39,16,7,75,0,1,39,1,41,13,40,55,8,116,34,6,40,156
08/01/2013,GTF,MT,ANM,WE,Combined TRACON& Tower with Radar,16,31,7,11,65,0,0,10,0,10,16,31,17,11,75,12,0,12,87
08/02/2013,GTF,MT,ANM,WE,Combined TRACON& Tower with Radar,20,44,11,9,84,0,0,11,1,12,20,44,22,10,96,28,2,30,126
08/03/2013,GTF,MT,ANM,WE,Combined TRACON& Tower with Radar,15,20,5,2,42,0,0,25,0,25,15,20,30,2,67,18,0,18,85
08/04/2013,GTF,MT,ANM,WE,Combined TRACON& Tower with Radar,16,12,13,0,41,0,0,19,0,19,16,12,32,0,60,52,0,52,112
08/05/2013,GTF,MT,ANM,WE,Combined TRACON& Tower with Radar,17,33,14,12,76,0,0,41,2,43,17,33,55,14,119,20,0,20,139
08/06/2013,GTF,MT,ANM,WE,Combined TRACON& Tower with Radar,16,34,8,22,80,0,0,36,3,39,16,34,44,25,119,24,6,30,149
08/07/2013,GTF,MT,ANM,WE,Combined TRACON& Tower with Radar,16,35,18,9,78,0,1,20,2,23,16,36,38,11,101,0,2,2,103
08/08/2013,GTF,MT,ANM,WE,Combined TRACON& Tower with Radar,16,34,24,8,82,0,0,22,3,25,16,34,46,11,107,12,2,14,121
08/09/2013,GTF,MT,ANM,WE,Combined TRACON& Tower with Radar,20,32,16,6,74,0,0,15,0,15,20,32,31,6,89,0,0,0,89
08/10/2013,GTF,MT,ANM,WE,Combined TRACON& Tower with Radar,17,17,6,1,41,0,1,40,2,43,17,18,46,3,84,6,8,14,98
08/11/2013,GTF,MT,ANM,WE,Combined TRACON& Tower with Radar,15,16,11,2,44,0,0,34,0,34,15,16,45,2,78,16,0,16,94
08/12/2013,GTF,MT,ANM,WE,Combined TRACON& Tower with Radar,16,24,15,0,55,0,1,11,0,12,16,25,26,0,67,14,0,14,81
08/13/2013,GTF,MT,ANM,WE,Combined TRACON& Tower with Radar,16,33,19,14,82,0,0,19,1,20,16,33,38,15,102,24,6,30,132
08/14/2013,GTF,MT,ANM,WE,Combined TRACON& Tower with Radar,15,38,17,15,85,0,0,25,1,26,15,38,42,16,111,24,10,34,145
08/15/2013,GTF,MT,ANM,WE,Combined TRACON& Tower with Radar,21,31,22,6,80,0,0,33,2,35,21,31,55,8,115,16,10,26,141
08/16/2013,GTF,MT,ANM,WE,Combined TRACON& Tower with Radar,15,34,19,11,79,0,0,29,2,31,15,34,48,13,110,18,10,28,138
08/17/2013,GTF,MT,ANM,WE,Combined TRACON& Tower with Radar,15,20,9,4,48,0,0,25,5,30,15,20,34,9,78,30,0,30,108
08/18/2013,GTF,MT,ANM,WE,Combined TRACON& Tower with Radar,20,14,8,4,46,0,0,12,6,18,20,14,20,10,64,12,0,12,76
08/19/2013,GTF,MT,ANM,WE,Combined TRACON& Tower with Radar,13,26,10,9,58,0,0,13,1,14,13,26,23,10,72,18,0,18,90
08/20/2013,GTF,MT,ANM,WE,Combined TRACON& Tower with Radar,17,35,14,10,76,0,0,20,2,22,17,35,34,12,98,12,4,16,114
08/21/2013,GTF,MT,ANM,WE,Combined TRACON& Tower with Radar,16,35,21,13,85,0,2,9,2,13,16,37,30,15,98,44,4,48,146
08/22/2013,GTF,MT,ANM,WE,Combined TRACON& Tower with Radar,19,36,25,8,88,0,0,27,2,29,19,36,52,10,117,38,14,52,169
08/23/2013,GTF,MT,ANM,WE,Combined TRACON& Tower with Radar,15,32,24,15,86,0,0,15,0,15,15,32,39,15,101,6,0,6,107
08/24/2013,GTF,MT,ANM,WE,Combined TRACON& Tower with Radar,14,14,13,0,41,0,0,18,0,18,14,14,31,0,59,30,0,30,89
08/25/2013,GTF,MT,ANM,WE,Combined TRACON& Tower with Radar,18,15,10,4,47,0,0,15,2,17,18,15,25,6,64,20,0,20,84
08/26/2013,GTF,MT,ANM,WE,Combined TRACON& Tower with Radar,16,28,13,8,65,0,0,8,2,10,16,28,21,10,75,34,6,40,115
08/27/2013,GTF,MT,ANM,WE,Combined TRACON& Tower with Radar,15,33,12,10,70,0,0,25,3,28,15,33,37,13,98,34,4,38,136
08/28/2013,GTF,MT,ANM,WE,Combined TRACON& Tower with Radar,15,29,18,9,71,0,0,9,2,11,15,29,27,11,82,8,0,8,90
08/29/2013,GTF,MT,ANM,WE,Combined TRACON& Tower with Radar,18,31,37,6,92,0,0,26,3,29,18,31,63,9,121,88,18,106,227
08/30/2013,GTF,MT,ANM,WE,Combined TRACON& Tower with Radar,18,31,10,4,63,0,0,17,1,18,18,31,27,5,81,20,0,20,101
08/31/2013,GTF,MT,ANM,WE,Combined TRACON& Tower with Radar,10,19,9,0,38,0,2,42,0,44,10,21,51,0,82,34,0,34,116
09/01/2013,GTF,MT,ANM,WE,Combined TRACON& Tower with Radar,17,10,10,0,37,0,0,17,0,17,17,10,27,0,54,22,0,22,76
09/02/2013,GTF,MT,ANM,WE,Combined TRACON& Tower with Radar,10,19,11,1,41,1,0,29,0,30,11,19,40,1,71,8,0,8,79
09/03/2013,GTF,MT,ANM,WE,Combined TRACON& Tower with Radar,9,26,17,13,65,0,0,20,3,23,9,26,37,16,88,36,6,42,130
09/04/2013,GTF,MT,ANM,WE,Combined TRACON& Tower with Radar,14,33,17,7,71,0,0,19,3,22,14,33,36,10,93,64,4,68,161
09/05/2013,GTF,MT,ANM,WE,Combined TRACON& Tower with Radar,16,32,24,3,75,0,0,19,2,21,16,32,43,5,96,32,4,36,132
09/06/2013,GTF,MT,ANM,WE,Combined TRACON& Tower with Radar,14,31,7,4,56,0,4,15,2,21,14,35,22,6,77,46,2,48,125
09/07/2013,GTF,MT,ANM,WE,Combined TRACON& Tower with Radar,8,19,17,0,44,0,0,4,0,4,8,19,21,0,48,40,0,40,88
09/08/2013,GTF,MT,ANM,WE,Combined TRACON& Tower with Radar,20,17,16,0,53,0,0,8,0,8,20,17,24,0,61,0,0,0,61
09/09/2013,GTF,MT,ANM,WE,Combined TRACON& Tower with Radar,12,26,21,2,61,0,0,10,0,10,12,26,31,2,71,36,0,36,107
09/10/2013,GTF,MT,ANM,WE,Combined TRACON& Tower with Radar,13,28,22,8,71,0,0,38,3,41,13,28,60,11,112,58,4,62,174
09/11/2013,GTF,MT,ANM,WE,Combined TRACON& Tower with Radar,12,32,23,8,75,0,0,26,0,26,12,32,49,8,101,40,0,40,141
09/12/2013,GTF,MT,ANM,WE,Combined TRACON& Tower with Radar,18,33,22,14,87,0,1,20,0,21,18,34,42,14,108,82,0,82,190
09/13/2013,GTF,MT,ANM,WE,Combined TRACON& Tower with Radar,13,35,10,9,67,0,0,24,0,24,13,35,34,9,91,48,0,48,139
09/14/2013,GTF,MT,ANM,WE,Combined TRACON& Tower with Radar,10,16,6,1,33,0,0,25,0,25,10,16,31,1,58,14,0,14,72
09/15/2013,GTF,MT,ANM,WE,Combined TRACON& Tower with Radar,16,23,12,3,54,0,2,35,1,38,16,25,47,4,92,10,0,10,102
09/16/2013,GTF,MT,ANM,WE,Combined TRACON& Tower with Radar,16,30,15,15,76,0,0,15,4,19,16,30,30,19,95,16,2,18,113
09/17/2013,GTF,MT,ANM,WE,Combined TRACON& Tower with Radar,11,34,11,13,69,0,1,3,3,7,11,35,14,16,76,4,0,4,80
09/18/2013,GTF,MT,ANM,WE,Combined TRACON& Tower with Radar,12,31,13,8,64,0,1,0,3,4,12,32,13,11,68,14,2,16,84
09/19/2013,GTF,MT,ANM,WE,Combined TRACON& Tower with Radar,16,37,22,9,84,0,0,28,2,30,16,37,50,11,114,44,4,48,162
09/20/2013,GTF,MT,ANM,WE,Combined TRACON& Tower with Radar,12,31,9,7,59,0,0,24,2,26,12,31,33,9,85,50,4,54,139
09/21/2013,GTF,MT,ANM,WE,Combined TRACON& Tower with Radar,10,21,11,0,42,0,0,20,0,20,10,21,31,0,62,32,0,32,94
09/22/2013,GTF,MT,ANM,WE,Combined TRACON& Tower with Radar,14,18,10,0,42,0,0,22,0,22,14,18,32,0,64,8,0,8,72
09/23/2013,GTF,MT,ANM,WE,Combined TRACON& Tower with Radar,14,26,11,4,55,0,0,10,1,11,14,26,21,5,66,16,6,22,88
09/24/2013,GTF,MT,ANM,WE,Combined TRACON& Tower with Radar,12,31,15,4,62,0,0,13,2,15,12,31,28,6,77,22,4,26,103
09/25/2013,GTF,MT,ANM,WE,Combined TRACON& Tower with Radar,12,30,27,4,73,0,0,3,0,3,12,30,30,4,76,18,0,18,94
09/26/2013,GTF,MT,ANM,WE,Combined TRACON& Tower with Radar,16,33,23,2,74,0,1,5,0,6,16,34,28,2,80,14,18,32,112
09/27/2013,GTF,MT,ANM,WE,Combined TRACON& Tower with Radar,12,29,16,10,67,0,0,15,1,16,12,29,31,11,83,14,24,38,121
09/28/2013,GTF,MT,ANM,WE,Combined TRACON& Tower with Radar,10,18,9,1,38,0,0,16,0,16,10,18,25,1,54,0,0,0,54
09/29/2013,GTF,MT,ANM,WE,Combined TRACON& Tower with Radar,15,10,13,1,39,0,0,4,1,5,15,10,17,2,44,0,0,0,44
09/30/2013,GTF,MT,ANM,WE,Combined TRACON& Tower with Radar,11,24,7,1,43,0,1,2,1,4,11,25,9,2,47,0,22,22,69
10/01/2013,GTF,MT,ANM,WE,Combined TRACON& Tower with Radar,14,28,16,4,62,0,0,20,2,22,14,28,36,6,84,16,4,20,104
10/02/2013,GTF,MT,ANM,WE,Combined TRACON& Tower with Radar,12,31,21,1,65,0,0,17,0,17,12,31,38,1,82,18,2,20,102
10/03/2013,GTF,MT,ANM,WE,Combined TRACON& Tower with Radar,13,35,12,5,65,0,0,1,0,1,13,35,13,5,66,0,0,0,66
10/04/2013,GTF,MT,ANM,WE,Combined TRACON& Tower with Radar,17,30,13,4,64,0,0,34,0,34,17,30,47,4,98,28,0,28,126
10/05/2013,GTF,MT,ANM,WE,Combined TRACON& Tower with Radar,10,16,10,0,36,0,1,26,0,27,10,17,36,0,63,6,0,6,69
10/06/2013,GTF,MT,ANM,WE,Combined TRACON& Tower with Radar,14,12,19,2,47,0,0,15,0,15,14,12,34,2,62,0,0,0,62
10/07/2013,GTF,MT,ANM,WE,Combined TRACON& Tower with Radar,14,24,17,3,58,0,0,12,1,13,14,24,29,4,71,0,0,0,71
10/08/2013,GTF,MT,ANM,WE,Combined TRACON& Tower with Radar,14,31,9,0,54,0,0,13,0,13,14,31,22,0,67,46,0,46,113
10/09/2013,GTF,MT,ANM,WE,Combined TRACON& Tower with Radar,12,32,28,7,79,0,0,25,1,26,12,32,53,8,105,46,0,46,151
10/10/2013,GTF,MT,ANM,WE,Combined TRACON& Tower with Radar,13,36,20,0,69,0,0,12,0,12,13,36,32,0,81,82,0,82,163
10/11/2013,GTF,MT,ANM,WE,Combined TRACON& Tower with Radar,16,31,19,2,68,0,1,9,0,10,16,32,28,2,78,0,0,0,78
10/12/2013,GTF,MT,ANM,WE,Combined TRACON& Tower with Radar,11,17,2,0,30,0,1,20,0,21,11,18,22,0,51,8,0,8,59
10/13/2013,GTF,MT,ANM,WE,Combined TRACON& Tower with Radar,16,12,9,4,41,0,1,23,1,25,16,13,32,5,66,14,2,16,82
10/14/2013,GTF,MT,ANM,WE,Combined TRACON& Tower with Radar,14,22,8,1,45,0,1,9,0,10,14,23,17,1,55,6,0,6,61
10/15/2013,GTF,MT,ANM,WE,Combined TRACON& Tower with Radar,12,35,14,7,68,0,0,32,1,33,12,35,46,8,101,24,0,24,125
10/16/2013,GTF,MT,ANM,WE,Combined TRACON& Tower with Radar,14,30,20,2,66,0,0,5,0,5,14,30,25,2,71,16,0,16,87
10/17/2013,GTF,MT,ANM,WE,Combined TRACON& Tower with Radar,14,29,23,4,70,0,0,12,0,12,14,29,35,4,82,0,0,0,82
10/18/2013,GTF,MT,ANM,WE,Combined TRACON& Tower with Radar,19,28,17,17,81,0,0,27,2,29,19,28,44,19,110,14,14,28,138
10/19/2013,GTF,MT,ANM,WE,Combined TRACON& Tower with Radar,10,19,6,0,35,0,0,12,0,12,10,19,18,0,47,24,0,24,71
10/20/2013,GTF,MT,ANM,WE,Combined TRACON& Tower with Radar,13,14,12,2,41,0,0,24,0,24,13,14,36,2,65,14,0,14,79
10/21/2013,GTF,MT,ANM,WE,Combined TRACON& Tower with Radar,14,26,16,5,61,0,0,22,1,23,14,26,38,6,84,30,12,42,126
10/22/2013,GTF,MT,ANM,WE,Combined TRACON& Tower with Radar,12,32,20,11,75,0,0,27,4,31,12,32,47,15,106,38,8,46,152
10/23/2013,GTF,MT,ANM,WE,Combined TRACON& Tower with Radar,14,42,23,5,84,0,0,26,1,27,14,42,49,6,111,62,0,62,173
10/24/2013,GTF,MT,ANM,WE,Combined TRACON& Tower with Radar,15,34,10,5,64,0,0,38,1,39,15,34,48,6,103,50,0,50,153
10/25/2013,GTF,MT,ANM,WE,Combined TRACON& Tower with Radar,19,33,12,0,64,0,0,28,0,28,19,33,40,0,92,48,0,48,140
10/26/2013,GTF,MT,ANM,WE,Combined TRACON& Tower with Radar,10,17,3,2,32,0,0,29,0,29,10,17,32,2,61,30,0,30,91
10/27/2013,GTF,MT,ANM,WE,Combined TRACON& Tower with Radar,13,16,8,1,38,0,0,0,1,1,13,16,8,2,39,16,0,16,55
10/28/2013,GTF,MT,ANM,WE,Combined TRACON& Tower with Radar,15,25,10,0,50,0,0,0,0,0,15,25,10,0,50,0,0,0,50
10/29/2013,GTF,MT,ANM,WE,Combined TRACON& Tower with Radar,12,32,14,3,61,0,1,5,3,9,12,33,19,6,70,0,0,0,70
10/30/2013,GTF,MT,ANM,WE,Combined TRACON& Tower with Radar,12,31,28,0,71,0,0,16,0,16,12,31,44,0,87,26,0,26,113
10/31/2013,GTF,MT,ANM,WE,Combined TRACON& Tower with Radar,14,26,11,2,53,0,0,4,0,4,14,26,15,2,57,0,0,0,57
11/01/2013,GTF,MT,ANM,WE,Combined TRACON& Tower with Radar,16,30,9,11,66,0,0,16,0,16,16,30,25,11,82,32,0,32,114
11/02/2013,GTF,MT,ANM,WE,Combined TRACON& Tower with Radar,10,15,5,0,30,0,0,15,0,15,10,15,20,0,45,54,0,54,99
11/03/2013,GTF,MT,ANM,WE,Combined TRACON& Tower with Radar,16,13,6,0,35,0,0,0,0,0,16,13,6,0,35,0,0,0,35
11/04/2013,GTF,MT,ANM,WE,Combined TRACON& Tower with Radar,13,29,7,5,54,0,0,2,0,2,13,29,9,5,56,0,0,0,56
11/05/2013,GTF,MT,ANM,WE,Combined TRACON& Tower with Radar,13,31,18,4,66,0,0,15,4,19,13,31,33,8,85,30,4,34,119
11/06/2013,GTF,MT,ANM,WE,Combined TRACON& Tower with Radar,12,30,8,2,52,0,0,6,0,6,12,30,14,2,58,30,0,30,88
11/07/2013,GTF,MT,ANM,WE,Combined TRACON& Tower with Radar,14,32,16,5,67,0,1,6,1,8,14,33,22,6,75,26,0,26,101
11/08/2013,GTF,MT,ANM,WE,Combined TRACON& Tower with Radar,16,30,9,2,57,0,0,6,1,7,16,30,15,3,64,6,0,6,70
11/09/2013,GTF,MT,ANM,WE,Combined TRACON& Tower with Radar,10,22,8,0,40,0,0,20,2,22,10,22,28,2,62,48,0,48,110
11/10/2013,GTF,MT,ANM,WE,Combined TRACON& Tower with Radar,15,15,2,0,32,0,0,0,1,1,15,15,2,1,33,0,0,0,33
11/11/2013,GTF,MT,ANM,WE,Combined TRACON& Tower with Radar,15,23,13,0,51,0,1,14,0,15,15,24,27,0,66,38,0,38,104
11/12/2013,GTF,MT,ANM,WE,Combined TRACON& Tower with Radar,14,31,18,6,69,0,0,22,3,25,14,31,40,9,94,16,0,16,110
11/13/2013,GTF,MT,ANM,WE,Combined TRACON& Tower with Radar,12,30,23,2,67,0,0,12,2,14,12,30,35,4,81,10,0,10,91
11/14/2013,GTF,MT,ANM,WE,Combined TRACON& Tower with Radar,14,32,19,7,72,0,0,8,4,12,14,32,27,11,84,44,4,48,132
11/15/2013,GTF,MT,ANM,WE,Combined TRACON& Tower with Radar,16,29,8,1,54,0,2,6,1,9,16,31,14,2,63,0,0,0,63
11/16/2013,GTF,MT,ANM,WE,Combined TRACON& Tower with Radar,10,17,9,0,36,0,0,5,0,5,10,17,14,0,41,12,0,12,53
11/17/2013,GTF,MT,ANM,WE,Combined TRACON& Tower with Radar,13,13,5,1,32,0,1,12,2,15,13,14,17,3,47,34,2,36,83
11/18/2013,GTF,MT,ANM,WE,Combined TRACON& Tower with Radar,11,25,18,2,56,0,0,10,0,10,11,25,28,2,66,0,0,0,66
11/19/2013,GTF,MT,ANM,WE,Combined TRACON& Tower with Radar,7,24,13,9,53,0,0,6,2,8,7,24,19,11,61,8,0,8,69
11/20/2013,GTF,MT,ANM,WE,Combined TRACON& Tower with Radar,12,30,7,4,53,0,0,4,0,4,12,30,11,4,57,14,0,14,71
11/21/2013,GTF,MT,ANM,WE,Combined TRACON& Tower with Radar,14,34,15,3,66,0,1,12,1,14,14,35,27,4,80,10,0,10,90
11/22/2013,GTF,MT,ANM,WE,Combined TRACON& Tower with Radar,16,36,11,4,67,0,0,7,2,9,16,36,18,6,76,50,0,50,126
11/23/2013,GTF,MT,ANM,WE,Combined TRACON& Tower with Radar,10,18,22,0,50,0,0,31,0,31,10,18,53,0,81,34,0,34,115
11/24/2013,GTF,MT,ANM,WE,Combined TRACON& Tower with Radar,14,12,6,2,34,0,0,22,1,23,14,12,28,3,57,30,0,30,87
11/25/2013,GTF,MT,ANM,WE,Combined TRACON& Tower with Radar,14,26,9,2,51,0,0,12,2,14,14,26,21,4,65,10,2,12,77
11/26/2013,GTF,MT,ANM,WE,Combined TRACON& Tower with Radar,12,32,12,9,65,0,0,17,3,20,12,32,29,12,85,18,4,22,107
11/27/2013,GTF,MT,ANM,WE,Combined TRACON& Tower with Radar,16,31,7,0,54,0,0,20,0,20,16,31,27,0,74,26,0,26,100
11/28/2013,GTF,MT,ANM,WE,Combined TRACON& Tower with Radar,7,6,5,0,18,0,0,14,0,14,7,6,19,0,32,12,0,12,44
11/29/2013,GTF,MT,ANM,WE,Combined TRACON& Tower with Radar,13,28,3,2,46,0,1,15,0,16,13,29,18,2,62,18,0,18,80
11/30/2013,GTF,MT,ANM,WE,Combined TRACON& Tower with Radar,10,21,4,1,36,0,0,13,0,13,10,21,17,1,49,92,0,92,141
12/01/2013,GTF,MT,ANM,WE,Combined TRACON& Tower with Radar,17,12,7,1,37,0,0,0,1,1,17,12,7,2,38,0,0,0,38
12/02/2013,GTF,MT,ANM,WE,Combined TRACON& Tower with Radar,11,19,11,0,41,0,0,0,0,0,11,19,11,0,41,0,0,0,41
12/03/2013,GTF,MT,ANM,WE,Combined TRACON& Tower with Radar,12,34,6,0,52,0,0,0,0,0,12,34,6,0,52,0,0,0,52
12/04/2013,GTF,MT,ANM,WE,Combined TRACON& Tower with Radar,12,36,9,5,62,0,0,0,1,1,12,36,9,6,63,0,0,0,63
12/05/2013,GTF,MT,ANM,WE,Combined TRACON& Tower with Radar,14,34,9,1,58,0,0,0,0,0,14,34,9,1,58,0,2,2,60
12/06/2013,GTF,MT,ANM,WE,Combined TRACON& Tower with Radar,16,36,6,4,62,0,1,4,3,8,16,37,10,7,70,0,0,0,70
12/07/2013,GTF,MT,ANM,WE,Combined TRACON& Tower with Radar,13,17,6,0,36,0,0,0,0,0,13,17,6,0,36,0,0,0,36
12/08/2013,GTF,MT,ANM,WE,Combined TRACON& Tower with Radar,17,13,7,0,37,0,1,0,0,1,17,14,7,0,38,4,0,4,42
12/09/2013,GTF,MT,ANM,WE,Combined TRACON& Tower with Radar,11,23,8,5,47,0,0,0,5,5,11,23,8,10,52,0,5,5,57
12/10/2013,GTF,MT,ANM,WE,Combined TRACON& Tower with Radar,13,33,12,0,58,0,0,0,0,0,13,33,12,0,58,0,0,0,58
12/11/2013,GTF,MT,ANM,WE,Combined TRACON& Tower with Radar,16,31,10,16,73,0,0,5,3,8,16,31,15,19,81,14,2,16,97
12/12/2013,GTF,MT,ANM,WE,Combined TRACON& Tower with Radar,14,33,18,6,71,0,1,15,3,19,14,34,33,9,90,12,4,16,106
12/13/2013,GTF,MT,ANM,WE,Combined TRACON& Tower with Radar,19,33,15,0,67,0,0,10,0,10,19,33,25,0,77,18,0,18,95
12/14/2013,GTF,MT,ANM,WE,Combined TRACON& Tower with Radar,13,16,3,0,32,0,1,6,0,7,13,17,9,0,39,12,0,12,51
12/15/2013,GTF,MT,ANM,WE,Combined TRACON& Tower with Radar,16,13,5,0,34,0,1,7,0,8,16,14,12,0,42,0,0,0,42
12/16/2013,GTF,MT,ANM,WE,Combined TRACON& Tower with Radar,13,30,13,12,68,0,0,11,2,13,13,30,24,14,81,40,0,40,121
12/17/2013,GTF,MT,ANM,WE,Combined TRACON& Tower with Radar,13,30,12,2,57,0,1,12,2,15,13,31,24,4,72,0,0,0,72
12/18/2013,GTF,MT,ANM,WE,Combined TRACON& Tower with Radar,13,39,8,1,61,0,0,9,0,9,13,39,17,1,70,34,0,34,104
12/19/2013,GTF,MT,ANM,WE,Combined TRACON& Tower with Radar,19,39,11,0,69,0,0,10,0,10,19,39,21,0,79,24,0,24,103
12/20/2013,GTF,MT,ANM,WE,Combined TRACON& Tower with Radar,18,38,4,0,60,0,0,11,0,11,18,38,15,0,71,16,0,16,87
12/21/2013,GTF,MT,ANM,WE,Combined TRACON& Tower with Radar,21,30,10,0,61,0,0,6,0,6,21,30,16,0,67,2,0,2,69
12/22/2013,GTF,MT,ANM,WE,Combined TRACON& Tower with Radar,17,19,0,0,36,0,0,4,0,4,17,19,4,0,40,12,0,12,52
12/23/2013,GTF,MT,ANM,WE,Combined TRACON& Tower with Radar,19,20,14,3,56,0,0,1,0,1,19,20,15,3,57,0,0,0,57
12/24/2013,GTF,MT,ANM,WE,Combined TRACON& Tower with Radar,15,34,4,0,53,0,0,6,0,6,15,34,10,0,59,0,0,0,59
12/25/2013,GTF,MT,ANM,WE,Combined TRACON& Tower with Radar,10,12,0,0,22,0,0,11,0,11,10,12,11,0,33,12,0,12,45
12/26/2013,GTF,MT,ANM,WE,Combined TRACON& Tower with Radar,17,32,2,2,53,0,0,13,0,13,17,32,15,2,66,18,4,22,88
12/27/2013,GTF,MT,ANM,WE,Combined TRACON& Tower with Radar,21,38,2,1,62,0,0,3,1,4,21,38,5,2,66,8,0,8,74
12/28/2013,GTF,MT,ANM,WE,Combined TRACON& Tower with Radar,13,29,2,0,44,0,0,4,0,4,13,29,6,0,48,4,0,4,52
12/29/2013,GTF,MT,ANM,WE,Combined TRACON& Tower with Radar,16,17,2,0,35,0,1,2,0,3,16,18,4,0,38,10,0,10,48
12/30/2013,GTF,MT,ANM,WE,Combined TRACON& Tower with Radar,13,23,6,0,42,0,0,15,0,15,13,23,21,0,57,14,0,14,71
12/31/2013,GTF,MT,ANM,WE,Combined TRACON& Tower with Radar,17,34,4,2,57,0,0,5,0,5,17,34,9,2,62,36,0,36,98
01/01/2014,GTF,MT,ANM,WE,Combined TRACON& Tower with Radar,17,10,3,0,30,0,0,11,0,11,17,10,14,0,41,0,0,0,41
01/02/2014,GTF,MT,ANM,WE,Combined TRACON& Tower with Radar,16,35,1,3,55,0,0,2,1,3,16,35,3,4,58,0,4,4,62
01/03/2014,GTF,MT,ANM,WE,Combined TRACON& Tower with Radar,17,42,11,0,70,0,0,0,0,0,17,42,11,0,70,0,0,0,70
01/04/2014,GTF,MT,ANM,WE,Combined TRACON& Tower with Radar,15,27,7,0,49,0,0,0,0,0,15,27,7,0,49,0,0,0,49
01/05/2014,GTF,MT,ANM,WE,Combined TRACON& Tower with Radar,16,17,4,1,38,0,0,0,0,0,16,17,4,1,38,0,4,4,42
01/06/2014,GTF,MT,ANM,WE,Combined TRACON& Tower with Radar,12,26,14,5,57,0,0,14,4,18,12,26,28,9,75,36,0,36,111
01/07/2014,GTF,MT,ANM,WE,Combined TRACON& Tower with Radar,11,27,9,2,49,0,1,12,1,14,11,28,21,3,63,36,2,38,101
01/08/2014,GTF,MT,ANM,WE,Combined TRACON& Tower with Radar,11,34,32,0,77,0,0,18,0,18,11,34,50,0,95,10,0,10,105
01/09/2014,GTF,MT,ANM,WE,Combined TRACON& Tower with Radar,16,30,18,3,67,0,0,6,2,8,16,30,24,5,75,10,0,10,85
01/10/2014,GTF,MT,ANM,WE,Combined TRACON& Tower with Radar,14,34,8,4,60,0,0,5,3,8,14,34,13,7,68,0,0,0,68
01/11/2014,GTF,MT,ANM,WE,Combined TRACON& Tower with Radar,10,18,4,0,32,0,0,0,0,0,10,18,4,0,32,0,0,0,32
01/12/2014,GTF,MT,ANM,WE,Combined TRACON& Tower with Radar,14,15,4,0,33,0,0,2,0,2,14,15,6,0,35,0,0,0,35
01/13/2014,GTF,MT,ANM,WE,Combined TRACON& Tower with Radar,12,21,6,0,39,0,0,3,0,3,12,21,9,0,42,0,0,0,42
01/14/2014,GTF,MT,ANM,WE,Combined TRACON& Tower with Radar,11,35,9,13,68,0,0,10,5,15,11,35,19,18,83,12,0,12,95
01/15/2014,GTF,MT,ANM,WE,Combined TRACON& Tower with Radar,11,31,13,4,59,0,0,6,2,8,11,31,19,6,67,4,0,4,71
01/16/2014,GTF,MT,ANM,WE,Combined TRACON& Tower with Radar,14,33,12,2,61,0,0,14,0,14,14,33,26,2,75,38,0,38,113
01/17/2014,GTF,MT,ANM,WE,Combined TRACON& Tower with Radar,14,28,10,5,57,0,0,14,0,14,14,28,24,5,71,8,0,8,79
01/18/2014,GTF,MT,ANM,WE,Combined TRACON& Tower with Radar,10,20,3,0,33,0,0,26,0,26,10,20,29,0,59,40,0,40,99
01/19/2014,GTF,MT,ANM,WE,Combined TRACON& Tower with Radar,14,14,12,2,42,0,0,8,1,9,14,14,20,3,51,10,0,10,61
01/20/2014,GTF,MT,ANM,WE,Combined TRACON& Tower with Radar,12,19,7,0,38,0,0,18,0,18,12,19,25,0,56,52,0,52,108
01/21/2014,GTF,MT,ANM,WE,Combined TRACON& Tower with Radar,11,31,7,6,55,0,1,12,3,16,11,32,19,9,71,18,8,26,97
01/22/2014,GTF,MT,ANM,WE,Combined TRACON& Tower with Radar,11,27,7,6,51,0,1,2,0,3,11,28,9,6,54,6,0,6,60
01/23/2014,GTF,MT,ANM,WE,Combined TRACON& Tower with Radar,14,29,17,7,67,0,0,15,1,16,14,29,32,8,83,79,0,79,162
01/24/2014,GTF,MT,ANM,WE,Combined TRACON& Tower with Radar,13,32,4,6,55,0,0,9,2,11,13,32,13,8,66,10,0,10,76
01/25/2014,GTF,MT,ANM,WE,Combined TRACON& Tower with Radar,10,21,7,0,38,0,0,13,0,13,10,21,20,0,51,4,0,4,55
01/26/2014,GTF,MT,ANM,WE,Combined TRACON& Tower with Radar,14,15,3,0,32,0,0,1,0,1,14,15,4,0,33,0,0,0,33
01/27/2014,GTF,MT,ANM,WE,Combined TRACON& Tower with Radar,12,24,13,4,53,0,0,17,0,17,12,24,30,4,70,38,0,38,108
01/28/2014,GTF,MT,ANM,WE,Combined TRACON& Tower with Radar,11,33,8,3,55,0,0,18,0,18,11,33,26,3,73,30,0,30,103
01/29/2014,GTF,MT,ANM,WE,Combined TRACON& Tower with Radar,11,31,22,0,64,0,0,0,0,0,11,31,22,0,64,6,0,6,70
01/30/2014,GTF,MT,ANM,WE,Combined TRACON& Tower with Radar,14,35,21,6,76,0,0,0,0,0,14,35,21,6,76,0,4,4,80
01/31/2014,GTF,MT,ANM,WE,Combined TRACON& Tower with Radar,14,35,13,3,65,0,0,4,0,4,14,35,17,3,69,30,0,30,99
02/01/2014,GTF,MT,ANM,WE,Combined TRACON& Tower with Radar,10,18,6,0,34,0,0,2,0,2,10,18,8,0,36,20,0,20,56
02/02/2014,GTF,MT,ANM,WE,Combined TRACON& Tower with Radar,15,10,4,1,30,0,0,2,0,2,15,10,6,1,32,4,0,4,36
02/03/2014,GTF,MT,ANM,WE,Combined TRACON& Tower with Radar,12,26,5,0,43,0,0,0,0,0,12,26,5,0,43,0,0,0,43
02/04/2014,GTF,MT,ANM,WE,Combined TRACON& Tower with Radar,11,39,9,2,61,0,0,2,0,2,11,39,11,2,63,0,0,0,63
02/05/2014,GTF,MT,ANM,WE,Combined TRACON& Tower with Radar,11,29,14,0,54,0,0,6,0,6,11,29,20,0,60,0,0,0,60
02/06/2014,GTF,MT,ANM,WE,Combined TRACON& Tower with Radar,14,34,8,4,60,0,0,7,2,9,14,34,15,6,69,2,4,6,75
02/07/2014,GTF,MT,ANM,WE,Combined TRACON& Tower with Radar,14,30,8,0,52,0,0,0,0,0,14,30,8,0,52,0,0,0,52
02/08/2014,GTF,MT,ANM,WE,Combined TRACON& Tower with Radar,13,17,8,11,49,0,0,6,0,6,13,17,14,11,55,0,18,18,73
02/09/2014,GTF,MT,ANM,WE,Combined TRACON& Tower with Radar,16,14,4,9,43,0,0,6,0,6,16,14,10,9,49,0,12,12,61
02/10/2014,GTF,MT,ANM,WE,Combined TRACON& Tower with Radar,12,25,25,10,72,0,0,18,3,21,12,25,43,13,93,14,2,16,109
02/11/2014,GTF,MT,ANM,WE,Combined TRACON& Tower with Radar,15,28,12,0,55,0,3,0,0,3,15,31,12,0,58,6,0,6,64
02/12/2014,GTF,MT,ANM,WE,Combined TRACON& Tower with Radar,16,32,19,2,69,0,0,5,0,5,16,32,24,2,74,0,0,0,74
02/13/2014,GTF,MT,ANM,WE,Combined TRACON& Tower with Radar,18,33,9,4,64,0,2,7,1,10,18,35,16,5,74,6,0,6,80
02/14/2014,GTF,MT,ANM,WE,Combined TRACON& Tower with Radar,18,37,13,10,78,0,0,6,1,7,18,37,19,11,85,18,0,18,103
02/15/2014,GTF,MT,ANM,WE,Combined TRACON& Tower with Radar,13,15,8,0,36,0,0,21,0,21,13,15,29,0,57,40,0,40,97
02/16/2014,GTF,MT,ANM,WE,Combined TRACON& Tower with Radar,13,16,2,6,37,0,0,3,0,3,13,16,5,6,40,2,0,2,42
02/17/2014,GTF,MT,ANM,WE,Combined TRACON& Tower with Radar,14,23,14,0,51,0,0,5,0,5,14,23,19,0,56,0,0,0,56
02/18/2014,GTF,MT,ANM,WE,Combined TRACON& Tower with Radar,12,31,9,10,62,0,0,11,0,11,12,31,20,10,73,26,1,27,100
02/19/2014,GTF,MT,ANM,WE,Combined TRACON& Tower with Radar,17,26,9,4,56,0,0,2,1,3,17,26,11,5,59,0,0,0,59
02/20/2014,GTF,MT,ANM,WE,Combined TRACON& Tower with Radar,14,44,6,5,69,0,4,4,1,9,14,48,10,6,78,16,0,16,94
02/21/2014,GTF,MT,ANM,WE,Combined TRACON& Tower with Radar,17,34,23,2,76,0,0,3,0,3,17,34,26,2,79,6,0,6,85
02/22/2014,GTF,MT,ANM,WE,Combined TRACON& Tower with Radar,15,16,19,2,52,0,1,17,0,18,15,17,36,2,70,42,0,42,112
02/23/2014,GTF,MT,ANM,WE,Combined TRACON& Tower with Radar,15,14,6,0,35,0,0,0,0,0,15,14,6,0,35,0,0,0,35
02/24/2014,GTF,MT,ANM,WE,Combined TRACON& Tower with Radar,14,24,17,3,58,0,1,1,0,2,14,25,18,3,60,18,0,18,78
02/25/2014,GTF,MT,ANM,WE,Combined TRACON& Tower with Radar,14,29,15,5,63,0,2,13,1,16,14,31,28,6,79,22,2,24,103
02/26/2014,GTF,MT,ANM,WE,Combined TRACON& Tower with Radar,13,26,13,5,57,0,0,27,3,30,13,26,40,8,87,50,0,50,137
02/27/2014,GTF,MT,ANM,WE,Combined TRACON& Tower with Radar,15,34,17,7,73,0,1,3,0,4,15,35,20,7,77,0,2,2,79
02/28/2014,GTF,MT,ANM,WE,Combined TRACON& Tower with Radar,16,39,7,0,62,0,0,0,0,0,16,39,7,0,62,0,0,0,62
03/01/2014,GTF,MT,ANM,WE,Combined TRACON& Tower with Radar,10,23,5,3,41,0,0,0,0,0,10,23,5,3,41,2,0,2,43
03/02/2014,GTF,MT,ANM,WE,Combined TRACON& Tower with Radar,14,15,6,12,47,0,0,2,2,4,14,15,8,14,51,34,0,34,85
03/03/2014,GTF,MT,ANM,WE,Combined TRACON& Tower with Radar,14,22,4,19,59,0,1,4,3,8,14,23,8,22,67,22,0,22,89
03/04/2014,GTF,MT,ANM,WE,Combined TRACON& Tower with Radar,11,31,8,10,60,0,0,11,0,11,11,31,19,10,71,8,0,8,79
03/05/2014,GTF,MT,ANM,WE,Combined TRACON& Tower with Radar,16,32,20,4,72,0,0,4,0,4,16,32,24,4,76,10,0,10,86
03/06/2014,GTF,MT,ANM,WE,Combined TRACON& Tower with Radar,11,31,24,2,68,0,0,0,1,1,11,31,24,3,69,0,0,0,69
03/07/2014,GTF,MT,ANM,WE,Combined TRACON& Tower with Radar,18,30,12,6,66,0,0,10,1,11,18,30,22,7,77,8,0,8,85
03/08/2014,GTF,MT,ANM,WE,Combined TRACON& Tower with Radar,11,15,8,4,38,0,0,15,0,15,11,15,23,4,53,0,0,0,53
03/09/2014,GTF,MT,ANM,WE,Combined TRACON& Tower with Radar,12,12,3,2,29,0,0,0,1,1,12,12,3,3,30,0,0,0,30
03/10/2014,GTF,MT,ANM,WE,Combined TRACON& Tower with Radar,14,27,12,2,55,0,0,4,0,4,14,27,16,2,59,14,0,14,73
03/11/2014,GTF,MT,ANM,WE,Combined TRACON& Tower with Radar,11,32,16,4,63,0,0,19,2,21,11,32,35,6,84,22,6,28,112
03/12/2014,GTF,MT,ANM,WE,Combined TRACON& Tower with Radar,14,33,18,4,69,0,2,22,2,26,14,35,40,6,95,24,2,26,121
03/13/2014,GTF,MT,ANM,WE,Combined TRACON& Tower with Radar,14,33,10,7,64,0,0,20,2,22,14,33,30,9,86,62,2,64,150
03/14/2014,GTF,MT,ANM,WE,Combined TRACON& Tower with Radar,16,27,9,10,62,0,0,15,2,17,16,27,24,12,79,20,0,20,99
03/15/2014,GTF,MT,ANM,WE,Combined TRACON& Tower with Radar,13,15,7,5,40,0,0,18,0,18,13,15,25,5,58,42,0,42,100
03/16/2014,GTF,MT,ANM,WE,Combined TRACON& Tower with Radar,11,14,12,2,39,0,0,5,0,5,11,14,17,2,44,0,0,0,44
03/17/2014,GTF,MT,ANM,WE,Combined TRACON& Tower with Radar,16,28,7,0,51,0,1,0,0,1,16,29,7,0,52,0,0,0,52
03/18/2014,GTF,MT,ANM,WE,Combined TRACON& Tower with Radar,12,33,11,22,78,0,0,11,4,15,12,33,22,26,93,4,34,38,131
03/19/2014,GTF,MT,ANM,WE,Combined TRACON& Tower with Radar,16,33,29,12,90,0,2,15,3,20,16,35,44,15,110,28,0,28,138
03/20/2014,GTF,MT,ANM,WE,Combined TRACON& Tower with Radar,14,30,21,5,70,0,0,8,3,11,14,30,29,8,81,22,0,22,103
03/21/2014,GTF,MT,ANM,WE,Combined TRACON& Tower with Radar,16,32,21,0,69,0,0,0,0,0,16,32,21,0,69,0,0,0,69
03/22/2014,GTF,MT,ANM,WE,Combined TRACON& Tower with Radar,11,18,10,2,41,0,0,17,0,17,11,18,27,2,58,4,0,4,62
03/23/2014,GTF,MT,ANM,WE,Combined TRACON& Tower with Radar,13,14,22,0,49,0,0,4,0,4,13,14,26,0,53,34,0,34,87
03/24/2014,GTF,MT,ANM,WE,Combined TRACON& Tower with Radar,14,27,4,2,47,0,1,9,0,10,14,28,13,2,57,24,0,24,81
03/25/2014,GTF,MT,ANM,WE,Combined TRACON& Tower with Radar,12,33,12,14,71,0,0,21,2,23,12,33,33,16,94,80,6,86,180
03/26/2014,GTF,MT,ANM,WE,Combined TRACON& Tower with Radar,13,27,28,13,81,0,0,8,1,9,13,27,36,14,90,46,4,50,140
03/27/2014,GTF,MT,ANM,WE,Combined TRACON& Tower with Radar,15,31,9,0,55,0,0,0,0,0,15,31,9,0,55,0,0,0,55
03/28/2014,GTF,MT,ANM,WE,Combined TRACON& Tower with Radar,15,31,15,7,68,0,0,5,2,7,15,31,20,9,75,48,0,48,123
03/29/2014,GTF,MT,ANM,WE,Combined TRACON& Tower with Radar,13,16,1,5,35,0,0,23,0,23,13,16,24,5,58,26,0,26,84
03/30/2014,GTF,MT,ANM,WE,Combined TRACON& Tower with Radar,12,20,6,1,39,0,0,7,0,7,12,20,13,1,46,0,0,0,46
03/31/2014,GTF,MT,ANM,WE,Combined TRACON& Tower with Radar,15,24,11,4,54,0,0,7,0,7,15,24,18,4,61,20,0,20,81
04/01/2014,GTF,MT,ANM,WE,Combined TRACON& Tower with Radar,10,30,11,0,51,0,0,5,0,5,10,30,16,0,56,28,0,28,84
04/02/2014,GTF,MT,ANM,WE,Combined TRACON& Tower with Radar,18,29,18,11,76,0,0,8,1,9,18,29,26,12,85,24,0,24,109
04/03/2014,GTF,MT,ANM,WE,Combined TRACON& Tower with Radar,14,28,21,10,73,0,0,23,1,24,14,28,44,11,97,10,0,10,107
04/04/2014,GTF,MT,ANM,WE,Combined TRACON& Tower with Radar,16,32,13,9,70,0,0,16,0,16,16,32,29,9,86,20,0,20,106
04/05/2014,GTF,MT,ANM,WE,Combined TRACON& Tower with Radar,13,19,1,2,35,0,1,6,0,7,13,20,7,2,42,6,0,6,48
04/06/2014,GTF,MT,ANM,WE,Combined TRACON& Tower with Radar,13,12,7,6,38,0,0,6,0,6,13,12,13,6,44,6,0,6,50
04/07/2014,GTF,MT,ANM,WE,Combined TRACON& Tower with Radar,16,24,8,8,56,0,1,12,1,14,16,25,20,9,70,16,4,20,90
04/08/2014,GTF,MT,ANM,WE,Combined TRACON& Tower with Radar,11,28,8,7,54,0,0,20,5,25,11,28,28,12,79,0,0,0,79
04/09/2014,GTF,MT,ANM,WE,Combined TRACON& Tower with Radar,13,30,3,4,50,0,0,10,0,10,13,30,13,4,60,20,0,20,80
04/10/2014,GTF,MT,ANM,WE,Combined TRACON& Tower with Radar,14,32,14,4,64,0,1,17,1,19,14,33,31,5,83,32,0,32,115
04/11/2014,GTF,MT,ANM,WE,Combined TRACON& Tower with Radar,16,30,10,7,63,0,0,9,0,9,16,30,19,7,72,10,0,10,82
04/12/2014,GTF,MT,ANM,WE,Combined TRACON& Tower with Radar,13,19,11,0,43,0,0,0,0,0,13,19,11,0,43,0,0,0,43
04/13/2014,GTF,MT,ANM,WE,Combined TRACON& Tower with Radar,14,16,4,8,42,0,1,15,1,17,14,17,19,9,59,24,0,24,83
04/14/2014,GTF,MT,ANM,WE,Combined TRACON& Tower with Radar,15,30,8,9,62,0,0,17,0,17,15,30,25,9,79,8,0,8,87
04/15/2014,GTF,MT,ANM,WE,Combined TRACON& Tower with Radar,12,28,9,16,65,0,1,5,2,8,12,29,14,18,73,18,16,34,107
04/16/2014,GTF,MT,ANM,WE,Combined TRACON& Tower with Radar,14,38,18,10,80,0,0,0,1,1,14,38,18,11,81,8,22,30,111
04/17/2014,GTF,MT,ANM,WE,Combined TRACON& Tower with Radar,16,35,23,4,78,0,0,17,4,21,16,35,40,8,99,46,10,56,155
04/18/2014,GTF,MT,ANM,WE,Combined TRACON& Tower with Radar,16,27,5,2,50,0,0,7,1,8,16,27,12,3,58,32,0,32,90
04/19/2014,GTF,MT,ANM,WE,Combined TRACON& Tower with Radar,13,17,10,4,44,0,0,38,0,38,13,17,48,4,82,48,0,48,130
04/20/2014,GTF,MT,ANM,WE,Combined TRACON& Tower with Radar,14,12,9,5,40,0,0,5,1,6,14,12,14,6,46,0,0,0,46
04/21/2014,GTF,MT,ANM,WE,Combined TRACON& Tower with Radar,13,23,12,6,54,0,0,49,2,51,13,23,61,8,105,84,0,84,189
04/22/2014,GTF,MT,ANM,WE,Combined TRACON& Tower with Radar,12,30,9,11,62,0,0,8,0,8,12,30,17,11,70,32,0,32,102
04/23/2014,GTF,MT,ANM,WE,Combined TRACON& Tower with Radar,12,34,9,7,62,0,0,1,0,1,12,34,10,7,63,18,6,24,87
04/24/2014,GTF,MT,ANM,WE,Combined TRACON& Tower with Radar,14,34,13,6,67,0,0,12,0,12,14,34,25,6,79,14,0,14,93
04/25/2014,GTF,MT,ANM,WE,Combined TRACON& Tower with Radar,16,29,15,9,69,0,0,12,4,16,16,29,27,13,85,10,0,10,95
04/26/2014,GTF,MT,ANM,WE,Combined TRACON& Tower with Radar,11,15,5,0,31,0,0,0,0,0,11,15,5,0,31,0,0,0,31
04/27/2014,GTF,MT,ANM,WE,Combined TRACON& Tower with Radar,16,8,2,2,28,0,0,11,0,11,16,8,13,2,39,24,0,24,63
04/28/2014,GTF,MT,ANM,WE,Combined TRACON& Tower with Radar,13,24,11,10,58,0,0,18,3,21,13,24,29,13,79,26,20,46,125
04/29/2014,GTF,MT,ANM,WE,Combined TRACON& Tower with Radar,12,31,19,5,67,0,0,8,2,10,12,31,27,7,77,2,0,2,79
04/30/2014,GTF,MT,ANM,WE,Combined TRACON& Tower with Radar,14,37,21,7,79,0,0,20,3,23,14,37,41,10,102,20,0,20,122
05/01/2014,GTF,MT,ANM,WE,Combined TRACON& Tower with Radar,14,37,13,7,71,0,0,33,2,35,14,37,46,9,106,16,0,16,122
05/02/2014,GTF,MT,ANM,WE,Combined TRACON& Tower with Radar,16,33,8,4,61,0,0,5,2,7,16,33,13,6,68,16,0,16,84
05/03/2014,GTF,MT,ANM,WE,Combined TRACON& Tower with Radar,11,18,6,0,35,0,0,0,0,0,11,18,6,0,35,0,0,0,35
05/04/2014,GTF,MT,ANM,WE,Combined TRACON& Tower with Radar,14,15,22,1,52,0,0,7,0,7,14,15,29,1,59,14,0,14,73
05/05/2014,GTF,MT,ANM,WE,Combined TRACON& Tower with Radar,13,27,14,11,65,0,0,15,4,19,13,27,29,15,84,16,0,16,100
05/06/2014,GTF,MT,ANM,WE,Combined TRACON& Tower with Radar,12,32,21,10,75,0,0,16,3,19,12,32,37,13,94,12,6,18,112
05/07/2014,GTF,MT,ANM,WE,Combined TRACON& Tower with Radar,16,34,10,5,65,0,0,15,0,15,16,34,25,5,80,12,0,12,92
05/08/2014,GTF,MT,ANM,WE,Combined TRACON& Tower with Radar,14,34,17,8,73,0,3,38,0,41,14,37,55,8,114,40,0,40,154
05/09/2014,GTF,MT,ANM,WE,Combined TRACON& Tower with Radar,16,35,12,7,70,0,0,4,0,4,16,35,16,7,74,24,0,24,98
05/10/2014,GTF,MT,ANM,WE,Combined TRACON& Tower with Radar,13,22,22,0,57,0,0,3,0,3,13,22,25,0,60,14,0,14,74
05/11/2014,GTF,MT,ANM,WE,Combined TRACON& Tower with Radar,12,19,5,0,36,0,0,3,0,3,12,19,8,0,39,0,0,0,39
05/12/2014,GTF,MT,ANM,WE,Combined TRACON& Tower with Radar,15,31,14,6,66,0,1,15,1,17,15,32,29,7,83,6,0,6,89
05/13/2014,GTF,MT,ANM,WE,Combined TRACON& Tower with Radar,12,34,10,4,60,0,0,33,2,35,12,34,43,6,95,34,0,34,129
05/14/2014,GTF,MT,ANM,WE,Combined TRACON& Tower with Radar,14,36,14,21,85,0,0,23,5,28,14,36,37,26,113,38,22,60,173
05/15/2014,GTF,MT,ANM,WE,Combined TRACON& Tower with Radar,14,33,21,8,76,0,1,16,3,20,14,34,37,11,96,0,16,16,112
05/16/2014,GTF,MT,ANM,WE,Combined TRACON& Tower with Radar,16,33,11,2,62,0,0,8,0,8,16,33,19,2,70,8,0,8,78
05/17/2014,GTF,MT,ANM,WE,Combined TRACON& Tower with Radar,11,18,22,4,55,0,0,25,1,26,11,18,47,5,81,64,0,64,145
05/18/2014,GTF,MT,ANM,WE,Combined TRACON& Tower with Radar,13,13,2,4,32,0,0,7,0,7,13,13,9,4,39,10,0,10,49
05/19/2014,GTF,MT,ANM,WE,Combined TRACON& Tower with Radar,15,24,7,13,59,0,0,3,3,6,15,24,10,16,65,6,0,6,71
05/20/2014,GTF,MT,ANM,WE,Combined TRACON& Tower with Radar,11,34,15,13,73,0,0,25,2,27,11,34,40,15,100,20,0,20,120
05/21/2014,GTF,MT,ANM,WE,Combined TRACON& Tower with Radar,13,34,13,8,68,0,0,20,0,20,13,34,33,8,88,52,0,52,140
05/22/2014,GTF,MT,ANM,WE,Combined TRACON& Tower with Radar,0,0,0,0,0,0,0,0,0,0,0,0,0,0,0,0,0,0,0
05/23/2014,GTF,MT,ANM,WE,Combined TRACON& Tower with Radar,10,19,5,5,39,0,0,19,0,19,10,19,24,5,58,28,0,28,86
05/24/2014,GTF,MT,ANM,WE,Combined TRACON& Tower with Radar,11,16,4,4,35,0,0,15,0,15,11,16,19,4,50,8,0,8,58
05/25/2014,GTF,MT,ANM,WE,Combined TRACON& Tower with Radar,14,11,8,1,34,0,0,15,0,15,14,11,23,1,49,10,0,10,59
05/26/2014,GTF,MT,ANM,WE,Combined TRACON& Tower with Radar,12,12,2,6,32,0,1,8,0,9,12,13,10,6,41,0,0,0,41
05/27/2014,GTF,MT,ANM,WE,Combined TRACON& Tower with Radar,9,28,17,9,63,0,0,28,0,28,9,28,45,9,91,38,0,38,129
05/28/2014,GTF,MT,ANM,WE,Combined TRACON& Tower with Radar,18,39,18,4,79,0,0,6,2,8,18,39,24,6,87,16,0,16,103
05/29/2014,GTF,MT,ANM,WE,Combined TRACON& Tower with Radar,15,33,10,10,68,0,0,21,10,31,15,33,31,20,99,26,14,40,139
05/30/2014,GTF,MT,ANM,WE,Combined TRACON& Tower with Radar,17,35,15,7,74,0,0,38,3,41,17,35,53,10,115,22,0,22,137
05/31/2014,GTF,MT,ANM,WE,Combined TRACON& Tower with Radar,11,15,10,4,40,0,0,26,2,28,11,15,36,6,68,0,0,0,68
06/01/2014,GTF,MT,ANM,WE,Combined TRACON& Tower with Radar,15,14,3,2,34,0,1,8,1,10,15,15,11,3,44,8,0,8,52
06/02/2014,GTF,MT,ANM,WE,Combined TRACON& Tower with Radar,20,31,14,5,70,0,0,19,2,21,20,31,33,7,91,34,4,38,129
06/03/2014,GTF,MT,ANM,WE,Combined TRACON& Tower with Radar,13,33,12,4,62,0,0,16,4,20,13,33,28,8,82,4,28,32,114
06/04/2014,GTF,MT,ANM,WE,Combined TRACON& Tower with Radar,15,37,20,1,73,0,0,20,0,20,15,37,40,1,93,18,0,18,111
06/05/2014,GTF,MT,ANM,WE,Combined TRACON& Tower with Radar,17,36,21,3,77,0,0,17,0,17,17,36,38,3,94,42,0,42,136
06/06/2014,GTF,MT,ANM,WE,Combined TRACON& Tower with Radar,19,34,17,10,80,0,0,16,2,18,19,34,33,12,98,4,8,12,110
06/07/2014,GTF,MT,ANM,WE,Combined TRACON& Tower with Radar,15,17,13,4,49,0,0,25,0,25,15,17,38,4,74,0,0,0,74
06/08/2014,GTF,MT,ANM,WE,Combined TRACON& Tower with Radar,14,12,8,14,48,0,0,24,2,26,14,12,32,16,74,12,0,12,86
06/09/2014,GTF,MT,ANM,WE,Combined TRACON& Tower with Radar,19,25,14,13,71,0,1,15,1,17,19,26,29,14,88,14,0,14,102
06/10/2014,GTF,MT,ANM,WE,Combined TRACON& Tower with Radar,15,34,11,17,77,0,1,24,4,29,15,35,35,21,106,30,2,32,138
06/11/2014,GTF,MT,ANM,WE,Combined TRACON& Tower with Radar,15,37,15,12,79,0,0,15,0,15,15,37,30,12,94,62,10,72,166
06/12/2014,GTF,MT,ANM,WE,Combined TRACON& Tower with Radar,17,36,23,14,90,0,0,31,1,32,17,36,54,15,122,6,0,6,128
06/13/2014,GTF,MT,ANM,WE,Combined TRACON& Tower with Radar,18,39,11,12,80,0,0,4,1,5,18,39,15,13,85,0,10,10,95
06/14/2014,GTF,MT,ANM,WE,Combined TRACON& Tower with Radar,16,29,4,9,58,0,0,4,0,4,16,29,8,9,62,30,0,30,92
06/15/2014,GTF,MT,ANM,WE,Combined TRACON& Tower with Radar,16,17,10,7,50,0,1,14,0,15,16,18,24,7,65,32,0,32,97
06/16/2014,GTF,MT,ANM,WE,Combined TRACON& Tower with Radar,19,29,18,8,74,0,0,6,5,11,19,29,24,13,85,2,2,4,89
06/17/2014,GTF,MT,ANM,WE,Combined TRACON& Tower with Radar,17,35,19,4,75,0,0,6,3,9,17,35,25,7,84,12,4,16,100
06/18/2014,GTF,MT,ANM,WE,Combined TRACON& Tower with Radar,19,36,9,18,82,0,0,2,6,8,19,36,11,24,90,6,30,36,126
06/19/2014,GTF,MT,ANM,WE,Combined TRACON& Tower with Radar,18,32,14,10,74,0,0,9,3,12,18,32,23,13,86,22,7,29,115
06/20/2014,GTF,MT,ANM,WE,Combined TRACON& Tower with Radar,18,38,7,9,72,0,0,15,2,17,18,38,22,11,89,20,0,20,109
06/21/2014,GTF,MT,ANM,WE,Combined TRACON& Tower with Radar,15,18,10,5,48,0,0,26,1,27,15,18,36,6,75,0,0,0,75
06/22/2014,GTF,MT,ANM,WE,Combined TRACON& Tower with Radar,16,14,9,6,45,0,0,24,0,24,16,14,33,6,69,0,0,0,69
06/23/2014,GTF,MT,ANM,WE,Combined TRACON& Tower with Radar,18,26,18,13,75,0,0,28,6,34,18,26,46,19,109,14,36,50,159
06/24/2014,GTF,MT,ANM,WE,Combined TRACON& Tower with Radar,15,39,18,10,82,0,1,20,5,26,15,40,38,15,108,0,4,4,112
06/25/2014,GTF,MT,ANM,WE,Combined TRACON& Tower with Radar,15,34,15,12,76,0,0,16,2,18,15,34,31,14,94,18,0,18,112
06/26/2014,GTF,MT,ANM,WE,Combined TRACON& Tower with Radar,17,36,21,9,83,0,0,5,2,7,17,36,26,11,90,28,0,28,118
06/27/2014,GTF,MT,ANM,WE,Combined TRACON& Tower with Radar,18,32,5,10,65,0,0,13,2,15,18,32,18,12,80,8,0,8,88
06/28/2014,GTF,MT,ANM,WE,Combined TRACON& Tower with Radar,16,21,7,5,49,0,1,6,0,7,16,22,13,5,56,0,0,0,56
06/29/2014,GTF,MT,ANM,WE,Combined TRACON& Tower with Radar,15,16,9,4,44,0,0,13,0,13,15,16,22,4,57,16,0,16,73
06/30/2014,GTF,MT,ANM,WE,Combined TRACON& Tower with Radar,18,34,18,2,72,0,7,12,0,19,18,41,30,2,91,10,0,10,101
07/01/2014,GTF,MT,ANM,WE,Combined TRACON& Tower with Radar,17,33,5,4,59,0,0,33,0,33,17,33,38,4,92,30,0,30,122
07/02/2014,GTF,MT,ANM,WE,Combined TRACON& Tower with Radar,13,30,23,3,69,0,0,36,1,37,13,30,59,4,106,18,0,18,124
07/03/2014,GTF,MT,ANM,WE,Combined TRACON& Tower with Radar,19,35,5,2,61,0,2,18,0,20,19,37,23,2,81,18,0,18,99
07/04/2014,GTF,MT,ANM,WE,Combined TRACON& Tower with Radar,14,11,6,4,35,0,0,25,2,27,14,11,31,6,62,4,4,8,70
07/05/2014,GTF,MT,ANM,WE,Combined TRACON& Tower with Radar,18,19,5,2,44,0,0,16,0,16,18,19,21,2,60,0,0,0,60
07/06/2014,GTF,MT,ANM,WE,Combined TRACON& Tower with Radar,17,19,14,2,52,0,0,23,0,23,17,19,37,2,75,8,0,8,83
07/07/2014,GTF,MT,ANM,WE,Combined TRACON& Tower with Radar,16,28,11,9,64,0,0,21,3,24,16,28,32,12,88,40,8,48,136
07/08/2014,GTF,MT,ANM,WE,Combined TRACON& Tower with Radar,15,36,16,5,72,0,0,30,6,36,15,36,46,11,108,40,6,46,154
07/09/2014,GTF,MT,ANM,WE,Combined TRACON& Tower with Radar,17,39,17,9,82,0,2,30,3,35,17,41,47,12,117,18,0,18,135
07/10/2014,GTF,MT,ANM,WE,Combined TRACON& Tower with Radar,17,35,19,4,75,0,0,20,8,28,17,35,39,12,103,0,18,18,121
07/11/2014,GTF,MT,ANM,WE,Combined TRACON& Tower with Radar,21,35,9,8,73,0,0,20,3,23,21,35,29,11,96,0,2,2,98
07/12/2014,GTF,MT,ANM,WE,Combined TRACON& Tower with Radar,15,28,17,2,62,0,0,21,0,21,15,28,38,2,83,38,0,38,121
07/13/2014,GTF,MT,ANM,WE,Combined TRACON& Tower with Radar,15,19,15,4,53,0,0,20,0,20,15,19,35,4,73,6,0,6,79
07/14/2014,GTF,MT,ANM,WE,Combined TRACON& Tower with Radar,22,26,18,5,71,0,0,9,0,9,22,26,27,5,80,44,0,44,124
07/15/2014,GTF,MT,ANM,WE,Combined TRACON& Tower with Radar,17,38,13,2,70,0,0,9,0,9,17,38,22,2,79,0,0,0,79
07/16/2014,GTF,MT,ANM,WE,Combined TRACON& Tower with Radar,14,49,8,8,79,0,1,30,1,32,14,50,38,9,111,30,0,30,141
07/17/2014,GTF,MT,ANM,WE,Combined TRACON& Tower with Radar,17,34,28,4,83,0,0,16,0,16,17,34,44,4,99,16,0,16,115
07/18/2014,GTF,MT,ANM,WE,Combined TRACON& Tower with Radar,21,30,14,12,77,0,0,12,0,12,21,30,26,12,89,24,6,30,119
07/19/2014,GTF,MT,ANM,WE,Combined TRACON& Tower with Radar,15,23,14,2,54,0,0,8,0,8,15,23,22,2,62,6,0,6,68
07/20/2014,GTF,MT,ANM,WE,Combined TRACON& Tower with Radar,17,17,12,2,48,0,0,8,0,8,17,17,20,2,56,6,0,6,62
07/21/2014,GTF,MT,ANM,WE,Combined TRACON& Tower with Radar,18,29,9,4,60,0,0,13,1,14,18,29,22,5,74,26,0,26,100
07/22/2014,GTF,MT,ANM,WE,Combined TRACON& Tower with Radar,17,36,15,15,83,0,1,21,4,26,17,37,36,19,109,0,10,10,119
07/23/2014,GTF,MT,ANM,WE,Combined TRACON& Tower with Radar,15,43,9,9,76,0,0,8,4,12,15,43,17,13,88,2,12,14,102
07/24/2014,GTF,MT,ANM,WE,Combined TRACON& Tower with Radar,17,36,16,18,87,0,0,11,11,22,17,36,27,29,109,6,38,44,153
07/25/2014,GTF,MT,ANM,WE,Combined TRACON& Tower with Radar,23,34,11,12,80,0,1,22,2,25,23,35,33,14,105,8,2,10,115
07/26/2014,GTF,MT,ANM,WE,Combined TRACON& Tower with Radar,14,19,9,6,48,0,0,41,0,41,14,19,50,6,89,18,0,18,107
07/27/2014,GTF,MT,ANM,WE,Combined TRACON& Tower with Radar,18,15,17,5,55,0,0,36,0,36,18,15,53,5,91,50,0,50,141
07/28/2014,GTF,MT,ANM,WE,Combined TRACON& Tower with Radar,18,30,9,6,63,0,0,15,2,17,18,30,24,8,80,6,0,6,86
07/29/2014,GTF,MT,ANM,WE,Combined TRACON& Tower with Radar,14,36,21,8,79,0,0,21,0,21,14,36,42,8,100,14,0,14,114
07/30/2014,GTF,MT,ANM,WE,Combined TRACON& Tower with Radar,16,37,15,20,88,0,3,11,3,17,16,40,26,23,105,14,6,20,125
07/31/2014,GTF,MT,ANM,WE,Combined TRACON& Tower with Radar,17,39,11,2,69,0,3,15,1,19,17,42,26,3,88,12,0,12,100
08/01/2014,GTF,MT,ANM,WE,Combined TRACON& Tower with Radar,20,38,12,11,81,0,2,18,1,21,20,40,30,12,102,6,2,8,110
08/02/2014,GTF,MT,ANM,WE,Combined TRACON& Tower with Radar,18,21,10,5,54,0,1,18,0,19,18,22,28,5,73,16,0,16,89
08/03/2014,GTF,MT,ANM,WE,Combined TRACON& Tower with Radar,17,15,11,4,47,0,0,11,0,11,17,15,22,4,58,0,0,0,58
08/04/2014,GTF,MT,ANM,WE,Combined TRACON& Tower with Radar,18,23,3,9,53,0,0,15,6,21,18,23,18,15,74,20,12,32,106
08/05/2014,GTF,MT,ANM,WE,Combined TRACON& Tower with Radar,15,36,5,14,70,0,0,26,4,30,15,36,31,18,100,14,10,24,124
08/06/2014,GTF,MT,ANM,WE,Combined TRACON& Tower with Radar,15,39,7,16,77,0,0,18,10,28,15,39,25,26,105,42,0,42,147
08/07/2014,GTF,MT,ANM,WE,Combined TRACON& Tower with Radar,16,36,10,6,68,0,0,16,2,18,16,36,26,8,86,10,0,10,96
08/08/2014,GTF,MT,ANM,WE,Combined TRACON& Tower with Radar,22,31,11,6,70,0,0,14,1,15,22,31,25,7,85,18,2,20,105
08/09/2014,GTF,MT,ANM,WE,Combined TRACON& Tower with Radar,14,31,7,2,54,0,0,19,0,19,14,31,26,2,73,8,0,8,81
08/10/2014,GTF,MT,ANM,WE,Combined TRACON& Tower with Radar,18,15,11,4,48,0,0,18,6,24,18,15,29,10,72,20,36,56,128
08/11/2014,GTF,MT,ANM,WE,Combined TRACON& Tower with Radar,17,26,19,6,68,0,0,28,2,30,17,26,47,8,98,0,0,0,98
08/12/2014,GTF,MT,ANM,WE,Combined TRACON& Tower with Radar,15,34,12,7,68,0,0,18,0,18,15,34,30,7,86,0,0,0,86
08/13/2014,GTF,MT,ANM,WE,Combined TRACON& Tower with Radar,16,32,13,4,65,0,0,23,4,27,16,32,36,8,92,56,14,70,162
08/14/2014,GTF,MT,ANM,WE,Combined TRACON& Tower with Radar,18,39,11,5,73,0,0,13,4,17,18,39,24,9,90,6,4,10,100
08/15/2014,GTF,MT,ANM,WE,Combined TRACON& Tower with Radar,23,43,24,17,107,0,0,17,3,20,23,43,41,20,127,26,27,53,180
08/16/2014,GTF,MT,ANM,WE,Combined TRACON& Tower with Radar,16,25,19,4,64,0,1,12,0,13,16,26,31,4,77,6,0,6,83
08/17/2014,GTF,MT,ANM,WE,Combined TRACON& Tower with Radar,17,16,5,5,43,0,0,16,1,17,17,16,21,6,60,8,0,8,68
08/18/2014,GTF,MT,ANM,WE,Combined TRACON& Tower with Radar,21,26,13,11,71,0,0,6,0,6,21,26,19,11,77,16,0,16,93
08/19/2014,GTF,MT,ANM,WE,Combined TRACON& Tower with Radar,14,36,16,8,74,0,0,17,0,17,14,36,33,8,91,22,1,23,114
08/20/2014,GTF,MT,ANM,WE,Combined TRACON& Tower with Radar,13,34,18,10,75,0,1,12,5,18,13,35,30,15,93,14,2,16,109
08/21/2014,GTF,MT,ANM,WE,Combined TRACON& Tower with Radar,17,33,26,3,79,0,3,3,1,7,17,36,29,4,86,22,16,38,124
08/22/2014,GTF,MT,ANM,WE,Combined TRACON& Tower with Radar,18,36,19,8,81,0,0,1,0,1,18,36,20,8,82,0,4,4,86
08/23/2014,GTF,MT,ANM,WE,Combined TRACON& Tower with Radar,13,25,4,4,46,0,0,0,0,0,13,25,4,4,46,0,6,6,52
08/24/2014,GTF,MT,ANM,WE,Combined TRACON& Tower with Radar,18,13,2,0,33,0,0,1,0,1,18,13,3,0,34,0,0,0,34
08/25/2014,GTF,MT,ANM,WE,Combined TRACON& Tower with Radar,15,28,6,8,57,0,0,22,4,26,15,28,28,12,83,84,4,88,171
08/26/2014,GTF,MT,ANM,WE,Combined TRACON& Tower with Radar,14,33,12,7,66,0,0,19,0,19,14,33,31,7,85,8,0,8,93
08/27/2014,GTF,MT,ANM,WE,Combined TRACON& Tower with Radar,14,31,17,6,68,0,0,31,2,33,14,31,48,8,101,40,0,40,141
08/28/2014,GTF,MT,ANM,WE,Combined TRACON& Tower with Radar,16,36,17,4,73,0,4,28,3,35,16,40,45,7,108,28,36,64,172
08/29/2014,GTF,MT,ANM,WE,Combined TRACON& Tower with Radar,19,34,9,4,66,0,0,14,2,16,19,34,23,6,82,0,0,0,82
08/30/2014,GTF,MT,ANM,WE,Combined TRACON& Tower with Radar,10,19,12,2,43,0,0,14,0,14,10,19,26,2,57,2,0,2,59
08/31/2014,GTF,MT,ANM,WE,Combined TRACON& Tower with Radar,15,14,8,3,40,0,0,20,0,20,15,14,28,3,60,22,0,22,82
09/01/2014,GTF,MT,ANM,WE,Combined TRACON& Tower with Radar,14,15,13,4,46,0,1,13,0,14,14,16,26,4,60,4,0,4,64
09/02/2014,GTF,MT,ANM,WE,Combined TRACON& Tower with Radar,9,32,6,11,58,0,0,23,2,25,9,32,29,13,83,32,2,34,117
09/03/2014,GTF,MT,ANM,WE,Combined TRACON& Tower with Radar,12,32,8,5,57,0,0,6,1,7,12,32,14,6,64,26,0,26,90
09/04/2014,GTF,MT,ANM,WE,Combined TRACON& Tower with Radar,13,35,17,13,78,0,0,19,1,20,13,35,36,14,98,12,6,18,116
09/05/2014,GTF,MT,ANM,WE,Combined TRACON& Tower with Radar,16,31,6,9,62,0,2,27,0,29,16,33,33,9,91,40,0,40,131
09/06/2014,GTF,MT,ANM,WE,Combined TRACON& Tower with Radar,11,19,5,8,43,0,0,31,8,39,11,19,36,16,82,34,28,62,144
09/07/2014,GTF,MT,ANM,WE,Combined TRACON& Tower with Radar,15,14,14,4,47,0,0,25,1,26,15,14,39,5,73,0,2,2,75
09/08/2014,GTF,MT,ANM,WE,Combined TRACON& Tower with Radar,13,27,11,7,58,0,4,17,0,21,13,31,28,7,79,0,4,4,83
09/09/2014,GTF,MT,ANM,WE,Combined TRACON& Tower with Radar,13,37,13,18,81,0,0,0,0,0,13,37,13,18,81,0,20,20,101
09/10/2014,GTF,MT,ANM,WE,Combined TRACON& Tower with Radar,12,33,12,7,64,0,0,1,0,1,12,33,13,7,65,0,0,0,65
09/11/2014,GTF,MT,ANM,WE,Combined TRACON& Tower with Radar,16,33,19,7,75,0,0,9,0,9,16,33,28,7,84,4,0,4,88
09/12/2014,GTF,MT,ANM,WE,Combined TRACON& Tower with Radar,14,32,18,7,71,0,0,26,2,28,14,32,44,9,99,20,8,28,127
09/13/2014,GTF,MT,ANM,WE,Combined TRACON& Tower with Radar,11,19,10,2,42,0,0,17,0,17,11,19,27,2,59,26,0,26,85
09/14/2014,GTF,MT,ANM,WE,Combined TRACON& Tower with Radar,13,16,8,3,40,0,1,29,1,31,13,17,37,4,71,16,2,18,89
09/15/2014,GTF,MT,ANM,WE,Combined TRACON& Tower with Radar,11,25,25,12,73,0,0,16,6,22,11,25,41,18,95,42,26,68,163
09/16/2014,GTF,MT,ANM,WE,Combined TRACON& Tower with Radar,12,31,14,9,66,0,0,15,4,19,12,31,29,13,85,8,36,44,129
09/17/2014,GTF,MT,ANM,WE,Combined TRACON& Tower with Radar,11,37,14,8,70,0,0,17,7,24,11,37,31,15,94,36,0,36,130
09/18/2014,GTF,MT,ANM,WE,Combined TRACON& Tower with Radar,14,35,12,13,74,0,0,14,3,17,14,35,26,16,91,0,0,0,91
09/19/2014,GTF,MT,ANM,WE,Combined TRACON& Tower with Radar,16,36,20,3,75,0,0,11,0,11,16,36,31,3,86,0,0,0,86
09/20/2014,GTF,MT,ANM,WE,Combined TRACON& Tower with Radar,9,20,8,2,39,0,0,28,0,28,9,20,36,2,67,12,0,12,79
09/21/2014,GTF,MT,ANM,WE,Combined TRACON& Tower with Radar,16,20,9,6,51,0,0,19,0,19,16,20,28,6,70,0,0,0,70
09/22/2014,GTF,MT,ANM,WE,Combined TRACON& Tower with Radar,11,38,8,8,65,0,2,7,1,10,11,40,15,9,75,0,0,0,75
09/23/2014,GTF,MT,ANM,WE,Combined TRACON& Tower with Radar,12,31,17,10,70,0,1,27,4,32,12,32,44,14,102,34,30,64,166
09/24/2014,GTF,MT,ANM,WE,Combined TRACON& Tower with Radar,10,35,11,8,64,0,1,18,2,21,10,36,29,10,85,34,0,34,119
09/25/2014,GTF,MT,ANM,WE,Combined TRACON& Tower with Radar,14,38,19,5,76,0,0,30,0,30,14,38,49,5,106,56,18,74,180
09/26/2014,GTF,MT,ANM,WE,Combined TRACON& Tower with Radar,14,33,8,8,63,0,0,27,0,27,14,33,35,8,90,0,0,0,90
09/27/2014,GTF,MT,ANM,WE,Combined TRACON& Tower with Radar,13,20,14,0,47,0,0,3,0,3,13,20,17,0,50,0,0,0,50
09/28/2014,GTF,MT,ANM,WE,Combined TRACON& Tower with Radar,11,12,14,0,37,0,0,1,0,1,11,12,15,0,38,0,0,0,38
09/29/2014,GTF,MT,ANM,WE,Combined TRACON& Tower with Radar,9,18,6,1,34,0,0,4,0,4,9,18,10,1,38,34,0,34,72
09/30/2014,GTF,MT,ANM,WE,Combined TRACON& Tower with Radar,12,37,8,6,63,0,1,10,0,11,12,38,18,6,74,2,0,2,76
10/01/2014,GTF,MT,ANM,WE,Combined TRACON& Tower with Radar,12,34,17,11,74,0,0,24,4,28,12,34,41,15,102,70,6,76,178
10/02/2014,GTF,MT,ANM,WE,Combined TRACON& Tower with Radar,14,37,10,3,64,0,0,2,1,3,14,37,12,4,67,20,18,38,105
10/03/2014,GTF,MT,ANM,WE,Combined TRACON& Tower with Radar,15,42,12,8,77,0,1,27,11,39,15,43,39,19,116,6,26,32,148
10/04/2014,GTF,MT,ANM,WE,Combined TRACON& Tower with Radar,13,16,12,3,44,0,0,13,5,18,13,16,25,8,62,12,20,32,94
10/05/2014,GTF,MT,ANM,WE,Combined TRACON& Tower with Radar,14,15,9,6,44,0,0,20,6,26,14,15,29,12,70,0,38,38,108
10/06/2014,GTF,MT,ANM,WE,Combined TRACON& Tower with Radar,12,28,17,4,61,0,0,5,1,6,12,28,22,5,67,0,4,4,71
10/07/2014,GTF,MT,ANM,WE,Combined TRACON& Tower with Radar,12,31,15,4,62,0,0,8,9,17,12,31,23,13,79,26,16,42,121
10/08/2014,GTF,MT,ANM,WE,Combined TRACON& Tower with Radar,14,36,13,5,68,0,0,24,3,27,14,36,37,8,95,10,14,24,119
10/09/2014,GTF,MT,ANM,WE,Combined TRACON& Tower with Radar,14,33,4,14,65,0,0,18,4,22,14,33,22,18,87,0,0,0,87
10/10/2014,GTF,MT,ANM,WE,Combined TRACON& Tower with Radar,14,38,9,8,69,0,0,41,13,54,14,38,50,21,123,8,50,58,181
10/11/2014,GTF,MT,ANM,WE,Combined TRACON& Tower with Radar,11,18,3,0,32,0,0,13,0,13,11,18,16,0,45,5,0,5,50
10/12/2014,GTF,MT,ANM,WE,Combined TRACON& Tower with Radar,14,14,8,1,37,0,1,5,1,7,14,15,13,2,44,8,0,8,52
10/13/2014,GTF,MT,ANM,WE,Combined TRACON& Tower with Radar,11,22,11,0,44,0,2,8,1,11,11,24,19,1,55,10,0,10,65
10/14/2014,GTF,MT,ANM,WE,Combined TRACON& Tower with Radar,12,33,14,4,63,0,0,29,7,36,12,33,43,11,99,26,22,48,147
10/15/2014,GTF,MT,ANM,WE,Combined TRACON& Tower with Radar,12,32,18,5,67,0,0,12,5,17,12,32,30,10,84,22,0,22,106
10/16/2014,GTF,MT,ANM,WE,Combined TRACON& Tower with Radar,13,37,25,3,78,0,0,12,5,17,13,37,37,8,95,44,0,44,139
10/17/2014,GTF,MT,ANM,WE,Combined TRACON& Tower with Radar,14,37,19,3,73,0,2,19,0,21,14,39,38,3,94,4,0,4,98
10/18/2014,GTF,MT,ANM,WE,Combined TRACON& Tower with Radar,11,19,3,1,34,0,0,4,0,4,11,19,7,1,38,4,0,4,42
10/19/2014,GTF,MT,ANM,WE,Combined TRACON& Tower with Radar,15,23,7,2,47,0,1,21,1,23,15,24,28,3,70,18,0,18,88
10/20/2014,GTF,MT,ANM,WE,Combined TRACON& Tower with Radar,11,28,13,10,62,0,0,19,6,25,11,28,32,16,87,40,14,54,141
10/21/2014,GTF,MT,ANM,WE,Combined TRACON& Tower with Radar,10,29,12,7,58,0,0,4,2,6,10,29,16,9,64,0,18,18,82
10/22/2014,GTF,MT,ANM,WE,Combined TRACON& Tower with Radar,14,33,8,4,59,0,0,12,7,19,14,33,20,11,78,22,10,32,110
10/23/2014,GTF,MT,ANM,WE,Combined TRACON& Tower with Radar,14,34,18,3,69,0,0,18,1,19,14,34,36,4,88,10,0,10,98
10/24/2014,GTF,MT,ANM,WE,Combined TRACON& Tower with Radar,17,33,25,6,81,0,0,15,3,18,17,33,40,9,99,0,4,4,103
10/25/2014,GTF,MT,ANM,WE,Combined TRACON& Tower with Radar,14,25,7,2,48,0,0,32,1,33,14,25,39,3,81,42,0,42,123
10/26/2014,GTF,MT,ANM,WE,Combined TRACON& Tower with Radar,14,14,14,3,45,0,0,2,0,2,14,14,16,3,47,0,0,0,47
10/27/2014,GTF,MT,ANM,WE,Combined TRACON& Tower with Radar,11,26,12,3,52,0,0,4,1,5,11,26,16,4,57,4,0,4,61
10/28/2014,GTF,MT,ANM,WE,Combined TRACON& Tower with Radar,15,37,14,4,70,0,0,8,0,8,15,37,22,4,78,10,0,10,88
10/29/2014,GTF,MT,ANM,WE,Combined TRACON& Tower with Radar,12,30,17,5,64,0,0,9,1,10,12,30,26,6,74,12,3,15,89
10/30/2014,GTF,MT,ANM,WE,Combined TRACON& Tower with Radar,16,36,20,5,77,0,4,17,0,21,16,40,37,5,98,12,0,12,110
10/31/2014,GTF,MT,ANM,WE,Combined TRACON& Tower with Radar,14,28,17,5,64,0,0,23,2,25,14,28,40,7,89,20,0,20,109
11/01/2014,GTF,MT,ANM,WE,Combined TRACON& Tower with Radar,11,20,2,9,42,0,0,17,2,19,11,20,19,11,61,0,0,0,61
11/02/2014,GTF,MT,ANM,WE,Combined TRACON& Tower with Radar,16,15,7,7,45,0,0,2,1,3,16,15,9,8,48,0,4,4,52
11/03/2014,GTF,MT,ANM,WE,Combined TRACON& Tower with Radar,11,26,12,15,64,0,0,14,1,15,11,26,26,16,79,12,32,44,123
11/04/2014,GTF,MT,ANM,WE,Combined TRACON& Tower with Radar,12,30,8,2,52,0,1,9,2,12,12,31,17,4,64,0,0,0,64
11/05/2014,GTF,MT,ANM,WE,Combined TRACON& Tower with Radar,12,29,22,2,65,0,0,17,2,19,12,29,39,4,84,10,10,20,104
11/06/2014,GTF,MT,ANM,WE,Combined TRACON& Tower with Radar,16,33,13,6,68,0,0,4,5,9,16,33,17,11,77,24,22,46,123
11/07/2014,GTF,MT,ANM,WE,Combined TRACON& Tower with Radar,14,34,14,7,69,0,0,7,0,7,14,34,21,7,76,4,2,6,82
11/08/2014,GTF,MT,ANM,WE,Combined TRACON& Tower with Radar,10,24,18,2,54,0,3,16,0,19,10,27,34,2,73,22,0,22,95
11/09/2014,GTF,MT,ANM,WE,Combined TRACON& Tower with Radar,14,16,5,0,35,0,0,2,0,2,14,16,7,0,37,4,0,4,41
11/10/2014,GTF,MT,ANM,WE,Combined TRACON& Tower with Radar,11,23,14,0,48,0,0,0,0,0,11,23,14,0,48,0,0,0,48
11/11/2014,GTF,MT,ANM,WE,Combined TRACON& Tower with Radar,12,33,18,0,63,0,0,1,0,1,12,33,19,0,64,0,0,0,64
11/12/2014,GTF,MT,ANM,WE,Combined TRACON& Tower with Radar,13,28,13,9,63,0,0,4,2,6,13,28,17,11,69,0,0,0,69
11/13/2014,GTF,MT,ANM,WE,Combined TRACON& Tower with Radar,15,29,15,9,68,0,0,9,4,13,15,29,24,13,81,10,12,22,103
11/14/2014,GTF,MT,ANM,WE,Combined TRACON& Tower with Radar,15,32,13,3,63,0,4,2,2,8,15,36,15,5,71,0,2,2,73
11/15/2014,GTF,MT,ANM,WE,Combined TRACON& Tower with Radar,10,20,10,0,40,0,1,10,0,11,10,21,20,0,51,4,0,4,55
11/16/2014,GTF,MT,ANM,WE,Combined TRACON& Tower with Radar,18,17,8,6,49,0,0,6,2,8,18,17,14,8,57,0,0,0,57
11/17/2014,GTF,MT,ANM,WE,Combined TRACON& Tower with Radar,11,29,7,4,51,0,1,15,6,22,11,30,22,10,73,22,20,42,115
11/18/2014,GTF,MT,ANM,WE,Combined TRACON& Tower with Radar,13,34,15,7,69,0,0,10,3,13,13,34,25,10,82,30,8,38,120
11/19/2014,GTF,MT,ANM,WE,Combined TRACON& Tower with Radar,11,34,10,10,65,0,0,19,4,23,11,34,29,14,88,24,20,44,132
11/20/2014,GTF,MT,ANM,WE,Combined TRACON& Tower with Radar,20,31,17,2,70,0,2,5,1,8,20,33,22,3,78,0,0,0,78
11/21/2014,GTF,MT,ANM,WE,Combined TRACON& Tower with Radar,16,25,9,11,61,0,0,3,8,11,16,25,12,19,72,0,26,26,98
11/22/2014,GTF,MT,ANM,WE,Combined TRACON& Tower with Radar,10,18,1,1,30,0,0,4,0,4,10,18,5,1,34,0,0,0,34
11/23/2014,GTF,MT,ANM,WE,Combined TRACON& Tower with Radar,16,10,3,2,31,0,0,2,0,2,16,10,5,2,33,0,4,4,37
11/24/2014,GTF,MT,ANM,WE,Combined TRACON& Tower with Radar,12,26,5,12,55,0,0,11,3,14,12,26,16,15,69,2,10,12,81
11/25/2014,GTF,MT,ANM,WE,Combined TRACON& Tower with Radar,11,38,9,3,61,0,0,0,2,2,11,38,9,5,63,0,2,2,65
11/26/2014,GTF,MT,ANM,WE,Combined TRACON& Tower with Radar,19,32,4,0,55,0,0,0,0,0,19,32,4,0,55,0,0,0,55
11/27/2014,GTF,MT,ANM,WE,Combined TRACON& Tower with Radar,8,10,6,0,24,0,0,2,0,2,8,10,8,0,26,0,0,0,26
11/28/2014,GTF,MT,ANM,WE,Combined TRACON& Tower with Radar,13,26,5,0,44,0,0,0,0,0,13,26,5,0,44,0,0,0,44
11/29/2014,GTF,MT,ANM,WE,Combined TRACON& Tower with Radar,10,24,5,0,39,0,0,0,0,0,10,24,5,0,39,0,0,0,39
11/30/2014,GTF,MT,ANM,WE,Combined TRACON& Tower with Radar,19,19,3,0,41,0,2,1,0,3,19,21,4,0,44,0,0,0,44
12/01/2014,GTF,MT,ANM,WE,Combined TRACON& Tower with Radar,11,25,9,2,47,0,1,3,0,4,11,26,12,2,51,0,0,0,51
12/02/2014,GTF,MT,ANM,WE,Combined TRACON& Tower with Radar,15,34,7,11,67,0,1,20,6,27,15,35,27,17,94,23,30,53,147
12/03/2014,GTF,MT,ANM,WE,Combined TRACON& Tower with Radar,12,33,14,12,71,0,0,17,2,19,12,33,31,14,90,16,20,36,126
12/04/2014,GTF,MT,ANM,WE,Combined TRACON& Tower with Radar,16,32,6,1,55,0,0,2,0,2,16,32,8,1,57,6,0,6,63
12/05/2014,GTF,MT,ANM,WE,Combined TRACON& Tower with Radar,15,35,7,3,60,0,0,3,1,4,15,35,10,4,64,0,4,4,68
12/06/2014,GTF,MT,ANM,WE,Combined TRACON& Tower with Radar,10,21,6,0,37,0,0,17,1,18,10,21,23,1,55,2,0,2,57
12/07/2014,GTF,MT,ANM,WE,Combined TRACON& Tower with Radar,20,14,11,4,49,0,0,8,0,8,20,14,19,4,57,0,0,0,57
12/08/2014,GTF,MT,ANM,WE,Combined TRACON& Tower with Radar,15,26,7,8,56,0,0,10,2,12,15,26,17,10,68,0,0,0,68
12/09/2014,GTF,MT,ANM,WE,Combined TRACON& Tower with Radar,14,34,7,3,58,0,0,17,1,18,14,34,24,4,76,46,6,52,128
12/10/2014,GTF,MT,ANM,WE,Combined TRACON& Tower with Radar,12,35,7,0,54,0,0,15,0,15,12,35,22,0,69,20,0,20,89
12/11/2014,GTF,MT,ANM,WE,Combined TRACON& Tower with Radar,15,33,11,7,66,0,0,8,9,17,15,33,19,16,83,10,22,32,115
12/12/2014,GTF,MT,ANM,WE,Combined TRACON& Tower with Radar,15,36,9,4,64,0,0,4,3,7,15,36,13,7,71,0,4,4,75
12/13/2014,GTF,MT,ANM,WE,Combined TRACON& Tower with Radar,12,18,2,0,32,0,0,0,0,0,12,18,2,0,32,0,0,0,32
12/14/2014,GTF,MT,ANM,WE,Combined TRACON& Tower with Radar,15,19,3,0,37,0,0,0,0,0,15,19,3,0,37,0,0,0,37
12/15/2014,GTF,MT,ANM,WE,Combined TRACON& Tower with Radar,13,34,4,3,54,0,0,3,6,9,13,34,7,9,63,0,16,16,79
12/16/2014,GTF,MT,ANM,WE,Combined TRACON& Tower with Radar,15,34,12,15,76,0,0,0,2,2,15,34,12,17,78,4,0,4,82
12/17/2014,GTF,MT,ANM,WE,Combined TRACON& Tower with Radar,15,34,19,14,82,0,0,8,3,11,15,34,27,17,93,20,8,28,121
12/18/2014,GTF,MT,ANM,WE,Combined TRACON& Tower with Radar,18,39,11,7,75,0,0,1,4,5,18,39,12,11,80,10,12,22,102
12/19/2014,GTF,MT,ANM,WE,Combined TRACON& Tower with Radar,17,43,18,7,85,0,0,4,2,6,17,43,22,9,91,10,10,20,111
12/20/2014,GTF,MT,ANM,WE,Combined TRACON& Tower with Radar,16,34,13,0,63,0,0,18,0,18,16,34,31,0,81,0,0,0,81
12/21/2014,GTF,MT,ANM,WE,Combined TRACON& Tower with Radar,15,21,3,1,40,0,0,1,0,1,15,21,4,1,41,0,0,0,41
12/22/2014,GTF,MT,ANM,WE,Combined TRACON& Tower with Radar,12,29,3,2,46,0,2,5,2,9,12,31,8,4,55,18,20,38,93
12/23/2014,GTF,MT,ANM,WE,Combined TRACON& Tower with Radar,19,44,9,7,79,0,0,7,4,11,19,44,16,11,90,14,16,30,120
12/24/2014,GTF,MT,ANM,WE,Combined TRACON& Tower with Radar,23,31,0,0,54,0,0,0,0,0,23,31,0,0,54,0,0,0,54
12/25/2014,GTF,MT,ANM,WE,Combined TRACON& Tower with Radar,8,6,0,0,14,0,1,0,0,1,8,7,0,0,15,0,0,0,15
12/26/2014,GTF,MT,ANM,WE,Combined TRACON& Tower with Radar,18,32,2,0,52,0,1,1,0,2,18,33,3,0,54,12,0,12,66
12/27/2014,GTF,MT,ANM,WE,Combined TRACON& Tower with Radar,16,23,10,0,49,0,0,4,0,4,16,23,14,0,53,4,0,4,57
12/28/2014,GTF,MT,ANM,WE,Combined TRACON& Tower with Radar,15,20,3,0,38,0,0,0,0,0,15,20,3,0,38,0,0,0,38
12/29/2014,GTF,MT,ANM,WE,Combined TRACON& Tower with Radar,16,28,9,1,54,0,0,0,0,0,16,28,9,1,54,0,0,0,54
12/30/2014,GTF,MT,ANM,WE,Combined TRACON& Tower with Radar,16,33,6,0,55,0,0,6,0,6,16,33,12,0,61,0,0,0,61
12/31/2014,GTF,MT,ANM,WE,Combined TRACON& Tower with Radar,16,39,5,4,64,0,0,6,1,7,16,39,11,5,71,8,0,8,79
01/01/2015,GTF,MT,ANM,WE,Combined TRACON& Tower with Radar,6,9,4,2,21,0,0,11,0,11,6,9,15,2,32,6,0,6,38
01/02/2015,GTF,MT,ANM,WE,Combined TRACON& Tower with Radar,16,34,8,0,58,0,1,3,0,4,16,35,11,0,62,0,0,0,62
01/03/2015,GTF,MT,ANM,WE,Combined TRACON& Tower with Radar,14,21,7,1,43,0,0,0,0,0,14,21,7,1,43,0,0,0,43
01/04/2015,GTF,MT,ANM,WE,Combined TRACON& Tower with Radar,21,24,3,0,48,0,0,0,0,0,21,24,3,0,48,0,0,0,48
01/05/2015,GTF,MT,ANM,WE,Combined TRACON& Tower with Radar,13,29,2,0,44,0,0,0,0,0,13,29,2,0,44,0,0,0,44
01/06/2015,GTF,MT,ANM,WE,Combined TRACON& Tower with Radar,14,31,5,1,51,0,1,0,0,1,14,32,5,1,52,0,0,0,52
01/07/2015,GTF,MT,ANM,WE,Combined TRACON& Tower with Radar,9,35,11,17,72,0,0,9,0,9,9,35,20,17,81,32,0,32,113
01/08/2015,GTF,MT,ANM,WE,Combined TRACON& Tower with Radar,18,38,5,1,62,0,1,4,0,5,18,39,9,1,67,0,0,0,67
01/09/2015,GTF,MT,ANM,WE,Combined TRACON& Tower with Radar,11,31,1,5,48,0,1,16,6,23,11,32,17,11,71,8,16,24,95
01/10/2015,GTF,MT,ANM,WE,Combined TRACON& Tower with Radar,12,20,5,7,44,0,0,2,0,2,12,20,7,7,46,2,0,2,48
01/11/2015,GTF,MT,ANM,WE,Combined TRACON& Tower with Radar,16,17,4,2,39,0,0,0,0,0,16,17,4,2,39,0,0,0,39
01/12/2015,GTF,MT,ANM,WE,Combined TRACON& Tower with Radar,9,28,8,9,54,0,0,13,1,14,9,28,21,10,68,12,4,16,84
01/13/2015,GTF,MT,ANM,WE,Combined TRACON& Tower with Radar,11,30,3,11,55,0,0,5,4,9,11,30,8,15,64,6,26,32,96
01/14/2015,GTF,MT,ANM,WE,Combined TRACON& Tower with Radar,11,40,10,9,70,0,2,12,3,17,11,42,22,12,87,12,4,16,103
01/15/2015,GTF,MT,ANM,WE,Combined TRACON& Tower with Radar,16,39,17,12,84,0,1,13,5,19,16,40,30,17,103,0,16,16,119
01/16/2015,GTF,MT,ANM,WE,Combined TRACON& Tower with Radar,12,34,1,6,53,0,0,2,1,3,12,34,3,7,56,0,2,2,58
01/17/2015,GTF,MT,ANM,WE,Combined TRACON& Tower with Radar,10,21,9,2,42,0,0,10,1,11,10,21,19,3,53,4,0,4,57
01/18/2015,GTF,MT,ANM,WE,Combined TRACON& Tower with Radar,17,9,6,2,34,0,0,0,1,1,17,9,6,3,35,0,0,0,35
01/19/2015,GTF,MT,ANM,WE,Combined TRACON& Tower with Radar,9,24,7,4,44,0,1,2,0,3,9,25,9,4,47,2,0,2,49
01/20/2015,GTF,MT,ANM,WE,Combined TRACON& Tower with Radar,11,32,12,14,69,0,0,3,1,4,11,32,15,15,73,0,14,14,87
01/21/2015,GTF,MT,ANM,WE,Combined TRACON& Tower with Radar,11,29,13,14,67,0,1,15,9,25,11,30,28,23,92,16,20,36,128
01/22/2015,GTF,MT,ANM,WE,Combined TRACON& Tower with Radar,16,31,8,10,65,0,0,2,2,4,16,31,10,12,69,0,0,0,69
01/23/2015,GTF,MT,ANM,WE,Combined TRACON& Tower with Radar,12,29,5,8,54,0,0,8,2,10,12,29,13,10,64,22,2,24,88
01/24/2015,GTF,MT,ANM,WE,Combined TRACON& Tower with Radar,12,18,4,0,34,0,0,2,2,4,12,18,6,2,38,0,2,2,40
01/25/2015,GTF,MT,ANM,WE,Combined TRACON& Tower with Radar,21,14,9,6,50,0,0,4,0,4,21,14,13,6,54,0,0,0,54
01/26/2015,GTF,MT,ANM,WE,Combined TRACON& Tower with Radar,9,26,9,5,49,0,0,14,4,18,9,26,23,9,67,2,22,24,91
01/27/2015,GTF,MT,ANM,WE,Combined TRACON& Tower with Radar,11,26,9,15,61,0,0,14,3,17,11,26,23,18,78,6,22,28,106
01/28/2015,GTF,MT,ANM,WE,Combined TRACON& Tower with Radar,11,27,17,14,69,0,0,13,10,23,11,27,30,24,92,18,28,46,138
01/29/2015,GTF,MT,ANM,WE,Combined TRACON& Tower with Radar,13,40,22,13,88,0,2,20,7,29,13,42,42,20,117,26,24,50,167
01/30/2015,GTF,MT,ANM,WE,Combined TRACON& Tower with Radar,18,29,5,9,61,0,1,17,3,21,18,30,22,12,82,12,0,12,94
01/31/2015,GTF,MT,ANM,WE,Combined TRACON& Tower with Radar,11,21,3,0,35,0,1,0,0,1,11,22,3,0,36,0,0,0,36
02/01/2015,GTF,MT,ANM,WE,Combined TRACON& Tower with Radar,14,8,3,5,30,0,0,2,0,2,14,8,5,5,32,0,0,0,32
02/02/2015,GTF,MT,ANM,WE,Combined TRACON& Tower with Radar,10,28,15,4,57,0,0,5,0,5,10,28,20,4,62,10,0,10,72
02/03/2015,GTF,MT,ANM,WE,Combined TRACON& Tower with Radar,10,34,8,6,58,0,0,0,0,0,10,34,8,6,58,0,12,12,70
02/04/2015,GTF,MT,ANM,WE,Combined TRACON& Tower with Radar,11,30,7,12,60,0,0,4,4,8,11,30,11,16,68,8,8,16,84
02/05/2015,GTF,MT,ANM,WE,Combined TRACON& Tower with Radar,14,30,12,5,61,0,0,10,1,11,14,30,22,6,72,34,4,38,110
02/06/2015,GTF,MT,ANM,WE,Combined TRACON& Tower with Radar,14,38,10,0,62,0,0,1,1,2,14,38,11,1,64,0,0,0,64
02/07/2015,GTF,MT,ANM,WE,Combined TRACON& Tower with Radar,10,19,6,2,37,0,0,2,0,2,10,19,8,2,39,0,0,0,39
02/08/2015,GTF,MT,ANM,WE,Combined TRACON& Tower with Radar,14,13,8,7,42,0,0,6,4,10,14,13,14,11,52,4,0,4,56
02/09/2015,GTF,MT,ANM,WE,Combined TRACON& Tower with Radar,9,29,8,10,56,0,0,2,1,3,9,29,10,11,59,20,0,20,79
02/10/2015,GTF,MT,ANM,WE,Combined TRACON& Tower with Radar,12,34,16,4,66,0,1,0,1,2,12,35,16,5,68,0,0,0,68
02/11/2015,GTF,MT,ANM,WE,Combined TRACON& Tower with Radar,15,32,25,3,75,0,0,0,0,0,15,32,25,3,75,0,0,0,75
02/12/2015,GTF,MT,ANM,WE,Combined TRACON& Tower with Radar,16,36,24,15,91,0,0,14,0,14,16,36,38,15,105,38,0,38,143
02/13/2015,GTF,MT,ANM,WE,Combined TRACON& Tower with Radar,14,32,6,13,65,0,2,17,6,25,14,34,23,19,90,34,0,34,124
02/14/2015,GTF,MT,ANM,WE,Combined TRACON& Tower with Radar,14,15,11,0,40,0,0,13,0,13,14,15,24,0,53,10,0,10,63
02/15/2015,GTF,MT,ANM,WE,Combined TRACON& Tower with Radar,16,18,5,3,42,0,0,7,0,7,16,18,12,3,49,6,0,6,55
02/16/2015,GTF,MT,ANM,WE,Combined TRACON& Tower with Radar,12,23,8,0,43,0,0,4,0,4,12,23,12,0,47,50,0,50,97
02/17/2015,GTF,MT,ANM,WE,Combined TRACON& Tower with Radar,15,29,11,18,73,0,2,17,3,22,15,31,28,21,95,10,6,16,111
02/18/2015,GTF,MT,ANM,WE,Combined TRACON& Tower with Radar,11,28,24,15,78,0,2,17,1,20,11,30,41,16,98,16,0,16,114
02/19/2015,GTF,MT,ANM,WE,Combined TRACON& Tower with Radar,16,36,9,5,66,0,0,14,3,17,16,36,23,8,83,18,0,18,101
02/20/2015,GTF,MT,ANM,WE,Combined TRACON& Tower with Radar,12,30,15,0,57,0,0,2,1,3,12,30,17,1,60,14,0,14,74
02/21/2015,GTF,MT,ANM,WE,Combined TRACON& Tower with Radar,14,20,8,2,44,0,1,2,1,4,14,21,10,3,48,0,0,0,48
02/22/2015,GTF,MT,ANM,WE,Combined TRACON& Tower with Radar,14,16,5,5,40,0,2,13,1,16,14,18,18,6,56,30,4,34,90
02/23/2015,GTF,MT,ANM,WE,Combined TRACON& Tower with Radar,13,26,3,11,53,0,0,13,1,14,13,26,16,12,67,10,4,14,81
02/24/2015,GTF,MT,ANM,WE,Combined TRACON& Tower with Radar,14,30,13,8,65,0,0,11,8,19,14,30,24,16,84,24,30,54,138
02/25/2015,GTF,MT,ANM,WE,Combined TRACON& Tower with Radar,11,37,14,4,66,0,0,0,0,0,11,37,14,4,66,6,4,10,76
02/26/2015,GTF,MT,ANM,WE,Combined TRACON& Tower with Radar,18,35,12,10,75,0,0,10,0,10,18,35,22,10,85,34,0,34,119
02/27/2015,GTF,MT,ANM,WE,Combined TRACON& Tower with Radar,14,34,9,2,59,0,0,1,0,1,14,34,10,2,60,0,0,0,60
02/28/2015,GTF,MT,ANM,WE,Combined TRACON& Tower with Radar,12,23,4,3,42,0,1,5,0,6,12,24,9,3,48,14,0,14,62
03/01/2015,GTF,MT,ANM,WE,Combined TRACON& Tower with Radar,14,10,5,8,37,0,1,13,0,14,14,11,18,8,51,22,0,22,73
03/02/2015,GTF,MT,ANM,WE,Combined TRACON& Tower with Radar,12,24,7,6,49,0,0,4,2,6,12,24,11,8,55,18,0,18,73
03/03/2015,GTF,MT,ANM,WE,Combined TRACON& Tower with Radar,13,30,9,7,59,0,0,4,6,10,13,30,13,13,69,4,6,10,79
03/04/2015,GTF,MT,ANM,WE,Combined TRACON& Tower with Radar,12,32,9,3,56,0,1,8,7,16,12,33,17,10,72,18,16,34,106
03/05/2015,GTF,MT,ANM,WE,Combined TRACON& Tower with Radar,12,27,15,3,57,0,0,18,1,19,12,27,33,4,76,18,0,18,94
03/06/2015,GTF,MT,ANM,WE,Combined TRACON& Tower with Radar,13,30,8,5,56,0,0,9,6,15,13,30,17,11,71,2,8,10,81
03/07/2015,GTF,MT,ANM,WE,Combined TRACON& Tower with Radar,10,15,8,9,42,0,0,12,1,13,10,15,20,10,55,14,7,21,76
03/08/2015,GTF,MT,ANM,WE,Combined TRACON& Tower with Radar,15,10,14,9,48,0,0,14,0,14,15,10,28,9,62,2,0,2,64
03/09/2015,GTF,MT,ANM,WE,Combined TRACON& Tower with Radar,11,24,7,2,44,0,1,16,3,20,11,25,23,5,64,4,42,46,110
03/10/2015,GTF,MT,ANM,WE,Combined TRACON& Tower with Radar,14,34,16,9,73,0,0,11,1,12,14,34,27,10,85,0,0,0,85
03/11/2015,GTF,MT,ANM,WE,Combined TRACON& Tower with Radar,12,31,10,11,64,0,0,20,1,21,12,31,30,12,85,54,2,56,141
03/12/2015,GTF,MT,ANM,WE,Combined TRACON& Tower with Radar,15,38,16,10,79,0,0,9,2,11,15,38,25,12,90,6,0,6,96
03/13/2015,GTF,MT,ANM,WE,Combined TRACON& Tower with Radar,15,35,9,7,66,0,0,17,3,20,15,35,26,10,86,32,2,34,120
03/14/2015,GTF,MT,ANM,WE,Combined TRACON& Tower with Radar,14,15,7,0,36,0,0,1,0,1,14,15,8,0,37,10,0,10,47
03/15/2015,GTF,MT,ANM,WE,Combined TRACON& Tower with Radar,15,15,6,3,39,0,3,1,0,4,15,18,7,3,43,0,0,0,43
03/16/2015,GTF,MT,ANM,WE,Combined TRACON& Tower with Radar,10,23,15,10,58,0,0,0,0,0,10,23,15,10,58,0,18,18,76
03/17/2015,GTF,MT,ANM,WE,Combined TRACON& Tower with Radar,17,28,8,3,56,0,0,0,0,0,17,28,8,3,56,0,0,0,56
03/18/2015,GTF,MT,ANM,WE,Combined TRACON& Tower with Radar,14,37,16,5,72,0,0,2,1,3,14,37,18,6,75,24,14,38,113
03/19/2015,GTF,MT,ANM,WE,Combined TRACON& Tower with Radar,16,33,12,11,72,0,0,15,3,18,16,33,27,14,90,52,30,82,172
03/20/2015,GTF,MT,ANM,WE,Combined TRACON& Tower with Radar,14,32,19,6,71,0,0,17,3,20,14,32,36,9,91,8,12,20,111
03/21/2015,GTF,MT,ANM,WE,Combined TRACON& Tower with Radar,12,19,7,7,45,0,0,11,0,11,12,19,18,7,56,8,0,8,64
03/22/2015,GTF,MT,ANM,WE,Combined TRACON& Tower with Radar,14,14,9,3,40,0,0,20,0,20,14,14,29,3,60,10,4,14,74
03/23/2015,GTF,MT,ANM,WE,Combined TRACON& Tower with Radar,12,26,8,7,53,0,0,6,6,12,12,26,14,13,65,14,36,50,115
03/24/2015,GTF,MT,ANM,WE,Combined TRACON& Tower with Radar,13,33,11,7,64,0,0,8,1,9,13,33,19,8,73,6,2,8,81
03/25/2015,GTF,MT,ANM,WE,Combined TRACON& Tower with Radar,13,33,12,7,65,0,0,13,0,13,13,33,25,7,78,4,0,4,82
03/26/2015,GTF,MT,ANM,WE,Combined TRACON& Tower with Radar,16,36,11,3,66,0,0,14,2,16,16,36,25,5,82,0,0,0,82
03/27/2015,GTF,MT,ANM,WE,Combined TRACON& Tower with Radar,14,37,7,9,67,0,0,17,2,19,14,37,24,11,86,6,0,6,92
03/28/2015,GTF,MT,ANM,WE,Combined TRACON& Tower with Radar,12,18,4,0,34,0,0,2,0,2,12,18,6,0,36,12,0,12,48
03/29/2015,GTF,MT,ANM,WE,Combined TRACON& Tower with Radar,15,12,3,0,30,0,0,16,1,17,15,12,19,1,47,22,0,22,69
03/30/2015,GTF,MT,ANM,WE,Combined TRACON& Tower with Radar,11,30,13,11,65,0,0,26,4,30,11,30,39,15,95,28,14,42,137
03/31/2015,GTF,MT,ANM,WE,Combined TRACON& Tower with Radar,14,28,16,14,72,0,0,24,1,25,14,28,40,15,97,6,2,8,105
04/01/2015,GTF,MT,ANM,WE,Combined TRACON& Tower with Radar,13,30,10,9,62,0,0,2,2,4,13,30,12,11,66,12,26,38,104
04/02/2015,GTF,MT,ANM,WE,Combined TRACON& Tower with Radar,17,37,7,9,70,0,2,5,6,13,17,39,12,15,83,0,0,0,83
04/03/2015,GTF,MT,ANM,WE,Combined TRACON& Tower with Radar,14,35,4,12,65,0,0,19,1,20,14,35,23,13,85,30,2,32,117
04/04/2015,GTF,MT,ANM,WE,Combined TRACON& Tower with Radar,12,21,4,4,41,0,0,14,0,14,12,21,18,4,55,4,0,4,59
04/05/2015,GTF,MT,ANM,WE,Combined TRACON& Tower with Radar,14,20,5,0,39,0,0,0,0,0,14,20,5,0,39,0,0,0,39
04/06/2015,GTF,MT,ANM,WE,Combined TRACON& Tower with Radar,12,26,4,10,52,0,0,2,2,4,12,26,6,12,56,0,18,18,74
04/07/2015,GTF,MT,ANM,WE,Combined TRACON& Tower with Radar,14,31,24,12,81,0,0,33,2,35,14,31,57,14,116,38,0,38,154
04/08/2015,GTF,MT,ANM,WE,Combined TRACON& Tower with Radar,14,34,13,16,77,0,0,18,2,20,14,34,31,18,97,26,2,28,125
04/09/2015,GTF,MT,ANM,WE,Combined TRACON& Tower with Radar,16,38,10,16,80,0,0,21,6,27,16,38,31,22,107,42,32,74,181
04/10/2015,GTF,MT,ANM,WE,Combined TRACON& Tower with Radar,14,34,9,8,65,0,2,20,10,32,14,36,29,18,97,26,22,48,145
04/11/2015,GTF,MT,ANM,WE,Combined TRACON& Tower with Radar,12,21,2,6,41,0,0,6,0,6,12,21,8,6,47,4,0,4,51
04/12/2015,GTF,MT,ANM,WE,Combined TRACON& Tower with Radar,15,18,6,7,46,0,0,2,7,9,15,18,8,14,55,0,22,22,77
04/13/2015,GTF,MT,ANM,WE,Combined TRACON& Tower with Radar,9,24,9,5,47,0,1,10,2,13,9,25,19,7,60,18,6,24,84
04/14/2015,GTF,MT,ANM,WE,Combined TRACON& Tower with Radar,17,31,10,5,63,0,0,10,1,11,17,31,20,6,74,0,0,0,74
04/15/2015,GTF,MT,ANM,WE,Combined TRACON& Tower with Radar,13,33,2,10,58,0,1,7,2,10,13,34,9,12,68,14,2,16,84
04/16/2015,GTF,MT,ANM,WE,Combined TRACON& Tower with Radar,16,33,16,10,75,0,1,23,0,24,16,34,39,10,99,28,0,28,127
04/17/2015,GTF,MT,ANM,WE,Combined TRACON& Tower with Radar,17,31,14,4,66,0,0,30,0,30,17,31,44,4,96,76,0,76,172
04/18/2015,GTF,MT,ANM,WE,Combined TRACON& Tower with Radar,13,17,6,12,48,0,0,2,0,2,13,17,8,12,50,0,0,0,50
04/19/2015,GTF,MT,ANM,WE,Combined TRACON& Tower with Radar,15,17,0,4,36,0,0,27,0,27,15,17,27,4,63,44,0,44,107
04/20/2015,GTF,MT,ANM,WE,Combined TRACON& Tower with Radar,11,28,5,8,52,0,0,16,3,19,11,28,21,11,71,0,12,12,83
04/21/2015,GTF,MT,ANM,WE,Combined TRACON& Tower with Radar,13,34,14,14,75,0,1,12,7,20,13,35,26,21,95,2,22,24,119
04/22/2015,GTF,MT,ANM,WE,Combined TRACON& Tower with Radar,13,36,10,0,59,0,0,18,0,18,13,36,28,0,77,2,0,2,79
04/23/2015,GTF,MT,ANM,WE,Combined TRACON& Tower with Radar,16,33,11,9,69,0,0,16,1,17,16,33,27,10,86,38,0,38,124
04/24/2015,GTF,MT,ANM,WE,Combined TRACON& Tower with Radar,14,34,12,4,64,0,0,5,1,6,14,34,17,5,70,0,0,0,70
04/25/2015,GTF,MT,ANM,WE,Combined TRACON& Tower with Radar,11,14,8,2,35,0,0,15,0,15,11,14,23,2,50,14,0,14,64
04/26/2015,GTF,MT,ANM,WE,Combined TRACON& Tower with Radar,15,12,18,0,45,0,0,2,0,2,15,12,20,0,47,52,0,52,99
04/27/2015,GTF,MT,ANM,WE,Combined TRACON& Tower with Radar,12,25,18,5,60,0,1,35,2,38,12,26,53,7,98,60,8,68,166
04/28/2015,GTF,MT,ANM,WE,Combined TRACON& Tower with Radar,9,31,10,8,58,0,0,16,2,18,9,31,26,10,76,48,0,48,124
04/29/2015,GTF,MT,ANM,WE,Combined TRACON& Tower with Radar,13,34,11,8,66,0,0,22,4,26,13,34,33,12,92,18,2,20,112
04/30/2015,GTF,MT,ANM,WE,Combined TRACON& Tower with Radar,16,30,6,7,59,0,0,7,3,10,16,30,13,10,69,2,0,2,71
05/01/2015,GTF,MT,ANM,WE,Combined TRACON& Tower with Radar,16,34,7,7,64,0,0,19,2,21,16,34,26,9,85,8,0,8,93
05/02/2015,GTF,MT,ANM,WE,Combined TRACON& Tower with Radar,10,23,2,1,36,0,0,17,1,18,10,23,19,2,54,28,0,28,82
05/03/2015,GTF,MT,ANM,WE,Combined TRACON& Tower with Radar,15,12,6,13,46,0,0,6,5,11,15,12,12,18,57,4,34,38,95
05/04/2015,GTF,MT,ANM,WE,Combined TRACON& Tower with Radar,13,24,5,10,52,0,0,26,2,28,13,24,31,12,80,22,0,22,102
05/05/2015,GTF,MT,ANM,WE,Combined TRACON& Tower with Radar,12,30,16,8,66,0,0,20,5,25,12,30,36,13,91,32,20,52,143
05/06/2015,GTF,MT,ANM,WE,Combined TRACON& Tower with Radar,12,34,14,4,64,0,1,20,7,28,12,35,34,11,92,28,2,30,122
05/07/2015,GTF,MT,ANM,WE,Combined TRACON& Tower with Radar,18,35,21,12,86,0,0,14,1,15,18,35,35,13,101,14,2,16,117
05/08/2015,GTF,MT,ANM,WE,Combined TRACON& Tower with Radar,11,44,17,9,81,0,0,15,0,15,11,44,32,9,96,36,4,40,136
05/09/2015,GTF,MT,ANM,WE,Combined TRACON& Tower with Radar,11,29,3,4,47,0,0,20,0,20,11,29,23,4,67,44,0,44,111
05/10/2015,GTF,MT,ANM,WE,Combined TRACON& Tower with Radar,15,22,7,8,52,0,0,17,0,17,15,22,24,8,69,12,0,12,81
05/11/2015,GTF,MT,ANM,WE,Combined TRACON& Tower with Radar,9,28,11,13,61,0,0,3,5,8,9,28,14,18,69,74,30,104,173
05/12/2015,GTF,MT,ANM,WE,Combined TRACON& Tower with Radar,12,35,9,3,59,0,0,7,1,8,12,35,16,4,67,18,12,30,97
05/13/2015,GTF,MT,ANM,WE,Combined TRACON& Tower with Radar,12,35,10,14,71,0,1,17,5,23,12,36,27,19,94,24,14,38,132
05/14/2015,GTF,MT,ANM,WE,Combined TRACON& Tower with Radar,16,34,14,6,70,0,0,1,0,1,16,34,15,6,71,0,0,0,71
05/15/2015,GTF,MT,ANM,WE,Combined TRACON& Tower with Radar,11,36,15,9,71,0,0,0,0,0,11,36,15,9,71,0,0,0,71
05/16/2015,GTF,MT,ANM,WE,Combined TRACON& Tower with Radar,11,17,0,1,29,0,0,0,0,0,11,17,0,1,29,0,0,0,29
05/17/2015,GTF,MT,ANM,WE,Combined TRACON& Tower with Radar,16,18,3,0,37,0,0,2,0,2,16,18,5,0,39,0,0,0,39
05/18/2015,GTF,MT,ANM,WE,Combined TRACON& Tower with Radar,10,30,20,12,72,0,0,21,9,30,10,30,41,21,102,42,34,76,178
05/19/2015,GTF,MT,ANM,WE,Combined TRACON& Tower with Radar,12,37,15,21,85,0,0,22,11,33,12,37,37,32,118,50,6,56,174
05/20/2015,GTF,MT,ANM,WE,Combined TRACON& Tower with Radar,12,36,14,4,66,0,3,25,1,29,12,39,39,5,95,30,2,32,127
05/21/2015,GTF,MT,ANM,WE,Combined TRACON& Tower with Radar,15,33,14,7,69,0,4,20,1,25,15,37,34,8,94,42,0,42,136
05/22/2015,GTF,MT,ANM,WE,Combined TRACON& Tower with Radar,15,35,4,2,56,0,1,30,0,31,15,36,34,2,87,14,0,14,101
05/23/2015,GTF,MT,ANM,WE,Combined TRACON& Tower with Radar,10,19,4,0,33,0,0,3,0,3,10,19,7,0,36,0,0,0,36
05/24/2015,GTF,MT,ANM,WE,Combined TRACON& Tower with Radar,15,17,4,2,38,0,0,14,1,15,15,17,18,3,53,0,4,4,57
05/25/2015,GTF,MT,ANM,WE,Combined TRACON& Tower with Radar,11,14,11,2,38,0,0,14,0,14,11,14,25,2,52,26,0,26,78
05/26/2015,GTF,MT,ANM,WE,Combined TRACON& Tower with Radar,10,26,23,13,72,0,0,8,0,8,10,26,31,13,80,46,8,54,134
05/27/2015,GTF,MT,ANM,WE,Combined TRACON& Tower with Radar,12,35,20,6,73,0,0,8,1,9,12,35,28,7,82,0,12,12,94
05/28/2015,GTF,MT,ANM,WE,Combined TRACON& Tower with Radar,16,41,22,4,83,0,0,6,1,7,16,41,28,5,90,22,8,30,120
05/29/2015,GTF,MT,ANM,WE,Combined TRACON& Tower with Radar,12,34,20,5,71,0,0,39,0,39,12,34,59,5,110,18,0,18,128
05/30/2015,GTF,MT,ANM,WE,Combined TRACON& Tower with Radar,9,16,6,0,31,0,0,24,0,24,9,16,30,0,55,6,0,6,61
05/31/2015,GTF,MT,ANM,WE,Combined TRACON& Tower with Radar,16,13,13,3,45,0,0,16,1,17,16,13,29,4,62,6,0,6,68
06/01/2015,GTF,MT,ANM,WE,Combined TRACON& Tower with Radar,9,31,1,10,51,0,0,4,3,7,9,31,5,13,58,30,4,34,92
06/02/2015,GTF,MT,ANM,WE,Combined TRACON& Tower with Radar,12,29,2,38,81,0,1,4,3,8,12,30,6,41,89,49,2,51,140
06/03/2015,GTF,MT,ANM,WE,Combined TRACON& Tower with Radar,11,37,17,8,73,0,0,14,3,17,11,37,31,11,90,30,12,42,132
06/04/2015,GTF,MT,ANM,WE,Combined TRACON& Tower with Radar,19,36,9,8,72,0,0,10,6,16,19,36,19,14,88,32,0,32,120
06/05/2015,GTF,MT,ANM,WE,Combined TRACON& Tower with Radar,16,37,10,6,69,0,0,21,5,26,16,37,31,11,95,4,4,8,103
06/06/2015,GTF,MT,ANM,WE,Combined TRACON& Tower with Radar,12,22,2,2,38,0,0,33,4,37,12,22,35,6,75,36,0,36,111
06/07/2015,GTF,MT,ANM,WE,Combined TRACON& Tower with Radar,17,14,7,3,41,0,0,26,7,33,17,14,33,10,74,60,10,70,144
06/08/2015,GTF,MT,ANM,WE,Combined TRACON& Tower with Radar,13,27,13,6,59,0,1,17,2,20,13,28,30,8,79,12,36,48,127
06/09/2015,GTF,MT,ANM,WE,Combined TRACON& Tower with Radar,16,38,9,8,71,0,1,13,5,19,16,39,22,13,90,6,20,26,116
06/10/2015,GTF,MT,ANM,WE,Combined TRACON& Tower with Radar,14,40,5,9,68,0,0,20,1,21,14,40,25,10,89,24,14,38,127
06/11/2015,GTF,MT,ANM,WE,Combined TRACON& Tower with Radar,18,36,19,5,78,0,0,21,3,24,18,36,40,8,102,10,28,38,140
06/12/2015,GTF,MT,ANM,WE,Combined TRACON& Tower with Radar,16,38,9,1,64,0,0,25,0,25,16,38,34,1,89,14,0,14,103
06/13/2015,GTF,MT,ANM,WE,Combined TRACON& Tower with Radar,12,22,3,2,39,0,0,40,1,41,12,22,43,3,80,4,0,4,84
06/14/2015,GTF,MT,ANM,WE,Combined TRACON& Tower with Radar,16,17,10,3,46,0,0,23,2,25,16,17,33,5,71,48,0,48,119
06/15/2015,GTF,MT,ANM,WE,Combined TRACON& Tower with Radar,11,24,17,8,60,0,1,19,0,20,11,25,36,8,80,52,0,52,132
06/16/2015,GTF,MT,ANM,WE,Combined TRACON& Tower with Radar,14,37,18,0,69,0,1,19,3,23,14,38,37,3,92,32,10,42,134
06/17/2015,GTF,MT,ANM,WE,Combined TRACON& Tower with Radar,15,44,7,3,69,0,0,16,2,18,15,44,23,5,87,52,2,54,141
06/18/2015,GTF,MT,ANM,WE,Combined TRACON& Tower with Radar,20,37,14,12,83,0,0,16,0,16,20,37,30,12,99,23,0,23,122
06/19/2015,GTF,MT,ANM,WE,Combined TRACON& Tower with Radar,14,40,9,3,66,0,1,30,1,32,14,41,39,4,98,46,0,46,144
06/20/2015,GTF,MT,ANM,WE,Combined TRACON& Tower with Radar,11,24,3,1,39,0,0,18,0,18,11,24,21,1,57,22,0,22,79
06/21/2015,GTF,MT,ANM,WE,Combined TRACON& Tower with Radar,18,19,19,2,58,0,0,9,0,9,18,19,28,2,67,18,4,22,89
06/22/2015,GTF,MT,ANM,WE,Combined TRACON& Tower with Radar,10,26,9,5,50,0,0,19,3,22,10,26,28,8,72,14,0,14,86
06/23/2015,GTF,MT,ANM,WE,Combined TRACON& Tower with Radar,11,35,10,5,61,0,0,15,1,16,11,35,25,6,77,90,2,92,169
06/24/2015,GTF,MT,ANM,WE,Combined TRACON& Tower with Radar,16,38,6,8,68,0,0,23,8,31,16,38,29,16,99,42,14,56,155
06/25/2015,GTF,MT,ANM,WE,Combined TRACON& Tower with Radar,17,33,29,6,85,0,0,21,5,26,17,33,50,11,111,32,0,32,143
06/26/2015,GTF,MT,ANM,WE,Combined TRACON& Tower with Radar,14,34,13,23,84,0,0,24,9,33,14,34,37,32,117,28,74,102,219
06/27/2015,GTF,MT,ANM,WE,Combined TRACON& Tower with Radar,13,19,7,3,42,0,1,23,1,25,13,20,30,4,67,8,0,8,75
06/28/2015,GTF,MT,ANM,WE,Combined TRACON& Tower with Radar,17,15,8,1,41,0,1,8,0,9,17,16,16,1,50,0,2,2,52
06/29/2015,GTF,MT,ANM,WE,Combined TRACON& Tower with Radar,11,32,7,12,62,0,1,10,10,21,11,33,17,22,83,14,44,58,141
06/30/2015,GTF,MT,ANM,WE,Combined TRACON& Tower with Radar,14,35,21,7,77,0,0,8,2,10,14,35,29,9,87,4,2,6,93
07/01/2015,GTF,MT,ANM,WE,Combined TRACON& Tower with Radar,15,41,21,6,83,0,0,15,1,16,15,41,36,7,99,16,6,22,121
07/02/2015,GTF,MT,ANM,WE,Combined TRACON& Tower with Radar,19,41,10,0,70,0,1,22,0,23,19,42,32,0,93,44,0,44,137
07/03/2015,GTF,MT,ANM,WE,Combined TRACON& Tower with Radar,15,32,11,0,58,0,0,20,0,20,15,32,31,0,78,14,0,14,92
07/04/2015,GTF,MT,ANM,WE,Combined TRACON& Tower with Radar,12,11,3,2,28,0,0,14,0,14,12,11,17,2,42,0,0,0,42
07/05/2015,GTF,MT,ANM,WE,Combined TRACON& Tower with Radar,16,21,8,0,45,0,0,0,0,0,16,21,8,0,45,0,0,0,45
07/06/2015,GTF,MT,ANM,WE,Combined TRACON& Tower with Radar,13,38,14,4,69,0,1,18,0,19,13,39,32,4,88,40,0,40,128
07/07/2015,GTF,MT,ANM,WE,Combined TRACON& Tower with Radar,14,34,11,8,67,0,0,15,5,20,14,34,26,13,87,40,12,52,139
07/08/2015,GTF,MT,ANM,WE,Combined TRACON& Tower with Radar,13,33,16,13,75,0,0,33,0,33,13,33,49,13,108,54,28,82,190
07/09/2015,GTF,MT,ANM,WE,Combined TRACON& Tower with Radar,21,36,17,16,90,0,0,24,4,28,21,36,41,20,118,42,48,90,208
07/10/2015,GTF,MT,ANM,WE,Combined TRACON& Tower with Radar,13,43,4,6,66,0,0,42,6,48,13,43,46,12,114,42,26,68,182
07/11/2015,GTF,MT,ANM,WE,Combined TRACON& Tower with Radar,13,19,7,2,41,0,0,6,0,6,13,19,13,2,47,0,0,0,47
07/12/2015,GTF,MT,ANM,WE,Combined TRACON& Tower with Radar,17,18,13,2,50,0,0,15,0,15,17,18,28,2,65,12,0,12,77
07/13/2015,GTF,MT,ANM,WE,Combined TRACON& Tower with Radar,11,29,8,8,56,0,1,18,8,27,11,30,26,16,83,54,18,72,155
07/14/2015,GTF,MT,ANM,WE,Combined TRACON& Tower with Radar,13,36,12,12,73,0,0,30,2,32,13,36,42,14,105,50,0,50,155
07/15/2015,GTF,MT,ANM,WE,Combined TRACON& Tower with Radar,17,33,12,7,69,0,1,27,2,30,17,34,39,9,99,24,14,38,137
07/16/2015,GTF,MT,ANM,WE,Combined TRACON& Tower with Radar,17,34,14,4,69,0,0,17,2,19,17,34,31,6,88,0,2,2,90
07/17/2015,GTF,MT,ANM,WE,Combined TRACON& Tower with Radar,15,35,13,8,71,0,1,27,1,29,15,36,40,9,100,6,0,6,106
07/18/2015,GTF,MT,ANM,WE,Combined TRACON& Tower with Radar,12,19,8,1,40,0,1,39,0,40,12,20,47,1,80,80,0,80,160
07/19/2015,GTF,MT,ANM,WE,Combined TRACON& Tower with Radar,17,20,11,3,51,0,0,50,0,50,17,20,61,3,101,16,0,16,117
07/20/2015,GTF,MT,ANM,WE,Combined TRACON& Tower with Radar,10,27,13,2,52,0,1,26,0,27,10,28,39,2,79,24,0,24,103
07/21/2015,GTF,MT,ANM,WE,Combined TRACON& Tower with Radar,15,29,14,13,71,0,1,27,4,32,15,30,41,17,103,6,20,26,129
07/22/2015,GTF,MT,ANM,WE,Combined TRACON& Tower with Radar,14,38,19,10,81,0,0,26,10,36,14,38,45,20,117,38,36,74,191
07/23/2015,GTF,MT,ANM,WE,Combined TRACON& Tower with Radar,18,31,16,6,71,0,1,23,3,27,18,32,39,9,98,16,10,26,124
07/24/2015,GTF,MT,ANM,WE,Combined TRACON& Tower with Radar,14,34,20,9,77,0,0,36,7,43,14,34,56,16,120,0,16,16,136
07/25/2015,GTF,MT,ANM,WE,Combined TRACON& Tower with Radar,12,18,13,2,45,0,1,34,0,35,12,19,47,2,80,8,0,8,88
07/26/2015,GTF,MT,ANM,WE,Combined TRACON& Tower with Radar,16,20,6,5,47,0,2,15,2,19,16,22,21,7,66,8,0,8,74
07/27/2015,GTF,MT,ANM,WE,Combined TRACON& Tower with Radar,12,31,6,4,53,0,0,3,0,3,12,31,9,4,56,0,4,4,60
07/28/2015,GTF,MT,ANM,WE,Combined TRACON& Tower with Radar,16,35,11,5,67,0,1,19,1,21,16,36,30,6,88,42,4,46,134
07/29/2015,GTF,MT,ANM,WE,Combined TRACON& Tower with Radar,13,36,17,3,69,0,0,27,2,29,13,36,44,5,98,52,10,62,160
07/30/2015,GTF,MT,ANM,WE,Combined TRACON& Tower with Radar,18,40,35,11,104,0,1,32,1,34,18,41,67,12,138,58,4,62,200
07/31/2015,GTF,MT,ANM,WE,Combined TRACON& Tower with Radar,15,36,20,1,72,0,0,24,0,24,15,36,44,1,96,40,0,40,136
08/01/2015,GTF,MT,ANM,WE,Combined TRACON& Tower with Radar,12,22,4,2,40,0,0,29,0,29,12,22,33,2,69,10,0,10,79
08/02/2015,GTF,MT,ANM,WE,Combined TRACON& Tower with Radar,17,17,12,6,52,0,2,32,0,34,17,19,44,6,86,16,0,16,102
08/03/2015,GTF,MT,ANM,WE,Combined TRACON& Tower with Radar,11,36,13,3,63,0,1,25,4,30,11,37,38,7,93,74,0,74,167
08/04/2015,GTF,MT,ANM,WE,Combined TRACON& Tower with Radar,14,41,13,4,72,0,0,14,4,18,14,41,27,8,90,22,8,30,120
08/05/2015,GTF,MT,ANM,WE,Combined TRACON& Tower with Radar,14,35,10,3,62,0,0,17,2,19,14,35,27,5,81,56,0,56,137
08/06/2015,GTF,MT,ANM,WE,Combined TRACON& Tower with Radar,18,36,10,4,68,0,0,17,0,17,18,36,27,4,85,8,0,8,93
08/07/2015,GTF,MT,ANM,WE,Combined TRACON& Tower with Radar,16,34,16,2,68,0,0,28,0,28,16,34,44,2,96,8,0,8,104
08/08/2015,GTF,MT,ANM,WE,Combined TRACON& Tower with Radar,13,22,7,0,42,0,0,35,0,35,13,22,42,0,77,0,0,0,77
08/09/2015,GTF,MT,ANM,WE,Combined TRACON& Tower with Radar,18,15,6,2,41,0,0,11,1,12,18,15,17,3,53,40,4,44,97
08/10/2015,GTF,MT,ANM,WE,Combined TRACON& Tower with Radar,11,27,15,16,69,0,0,23,13,36,11,27,38,29,105,0,14,14,119
08/11/2015,GTF,MT,ANM,WE,Combined TRACON& Tower with Radar,14,34,7,5,60,0,0,20,10,30,14,34,27,15,90,58,2,60,150
08/12/2015,GTF,MT,ANM,WE,Combined TRACON& Tower with Radar,13,41,10,8,72,0,1,22,8,31,13,42,32,16,103,72,7,79,182
08/13/2015,GTF,MT,ANM,WE,Combined TRACON& Tower with Radar,21,35,16,1,73,0,0,23,0,23,21,35,39,1,96,12,0,12,108
08/14/2015,GTF,MT,ANM,WE,Combined TRACON& Tower with Radar,14,42,9,6,71,0,1,12,1,14,14,43,21,7,85,18,2,20,105
08/15/2015,GTF,MT,ANM,WE,Combined TRACON& Tower with Radar,14,25,5,4,48,0,0,4,0,4,14,25,9,4,52,4,0,4,56
08/16/2015,GTF,MT,ANM,WE,Combined TRACON& Tower with Radar,15,22,18,2,57,0,0,25,0,25,15,22,43,2,82,28,0,28,110
08/17/2015,GTF,MT,ANM,WE,Combined TRACON& Tower with Radar,13,24,8,4,49,0,0,7,1,8,13,24,15,5,57,0,4,4,61
08/18/2015,GTF,MT,ANM,WE,Combined TRACON& Tower with Radar,18,37,25,6,86,0,1,10,5,16,18,38,35,11,102,14,0,14,116
08/19/2015,GTF,MT,ANM,WE,Combined TRACON& Tower with Radar,13,34,13,4,64,0,0,12,4,16,13,34,25,8,80,20,0,20,100
08/20/2015,GTF,MT,ANM,WE,Combined TRACON& Tower with Radar,18,45,14,9,86,0,0,3,0,3,18,45,17,9,89,0,1,1,90
08/21/2015,GTF,MT,ANM,WE,Combined TRACON& Tower with Radar,14,33,13,8,68,0,0,6,3,9,14,33,19,11,77,0,21,21,98
08/22/2015,GTF,MT,ANM,WE,Combined TRACON& Tower with Radar,12,18,13,2,45,0,0,20,0,20,12,18,33,2,65,4,0,4,69
08/23/2015,GTF,MT,ANM,WE,Combined TRACON& Tower with Radar,16,16,10,3,45,0,0,17,0,17,16,16,27,3,62,32,0,32,94
08/24/2015,GTF,MT,ANM,WE,Combined TRACON& Tower with Radar,10,27,11,1,49,0,1,19,0,20,10,28,30,1,69,28,0,28,97
08/25/2015,GTF,MT,ANM,WE,Combined TRACON& Tower with Radar,13,38,9,8,68,0,0,4,3,7,13,38,13,11,75,34,0,34,109
08/26/2015,GTF,MT,ANM,WE,Combined TRACON& Tower with Radar,10,35,14,2,61,0,1,12,5,18,10,36,26,7,79,20,0,20,99
08/27/2015,GTF,MT,ANM,WE,Combined TRACON& Tower with Radar,17,38,13,6,74,0,1,5,0,6,17,39,18,6,80,18,0,18,98
08/28/2015,GTF,MT,ANM,WE,Combined TRACON& Tower with Radar,11,35,13,2,61,0,2,0,1,3,11,37,13,3,64,14,0,14,78
08/29/2015,GTF,MT,ANM,WE,Combined TRACON& Tower with Radar,12,24,22,1,59,0,1,2,0,3,12,25,24,1,62,0,0,0,62
08/30/2015,GTF,MT,ANM,WE,Combined TRACON& Tower with Radar,16,23,17,1,57,0,0,8,3,11,16,23,25,4,68,0,2,2,70
08/31/2015,GTF,MT,ANM,WE,Combined TRACON& Tower with Radar,10,29,12,6,57,0,0,18,2,20,10,29,30,8,77,22,0,22,99
09/01/2015,GTF,MT,ANM,WE,Combined TRACON& Tower with Radar,9,34,13,3,59,0,0,17,0,17,9,34,30,3,76,2,0,2,78
09/02/2015,GTF,MT,ANM,WE,Combined TRACON& Tower with Radar,11,37,16,11,75,0,0,15,7,22,11,37,31,18,97,52,16,68,165
09/03/2015,GTF,MT,ANM,WE,Combined TRACON& Tower with Radar,15,34,16,4,69,0,1,6,2,9,15,35,22,6,78,8,28,36,114
09/04/2015,GTF,MT,ANM,WE,Combined TRACON& Tower with Radar,10,35,11,0,56,0,0,2,0,2,10,35,13,0,58,0,0,0,58
09/05/2015,GTF,MT,ANM,WE,Combined TRACON& Tower with Radar,12,20,3,0,35,0,0,0,0,0,12,20,3,0,35,0,0,0,35
09/06/2015,GTF,MT,ANM,WE,Combined TRACON& Tower with Radar,15,15,5,3,38,0,0,11,2,13,15,15,16,5,51,0,0,0,51
09/07/2015,GTF,MT,ANM,WE,Combined TRACON& Tower with Radar,6,13,12,4,35,0,0,42,0,42,6,13,54,4,77,70,0,70,147
09/08/2015,GTF,MT,ANM,WE,Combined TRACON& Tower with Radar,8,28,14,11,61,0,1,7,5,13,8,29,21,16,74,2,0,2,76
09/09/2015,GTF,MT,ANM,WE,Combined TRACON& Tower with Radar,14,34,10,15,73,0,0,22,3,25,14,34,32,18,98,12,4,16,114
09/10/2015,GTF,MT,ANM,WE,Combined TRACON& Tower with Radar,16,39,9,14,78,0,0,24,11,35,16,39,33,25,113,68,40,108,221
09/11/2015,GTF,MT,ANM,WE,Combined TRACON& Tower with Radar,9,38,10,17,74,0,1,27,13,41,9,39,37,30,115,24,82,106,221
09/12/2015,GTF,MT,ANM,WE,Combined TRACON& Tower with Radar,8,18,0,2,28,0,0,16,2,18,8,18,16,4,46,6,0,6,52
09/13/2015,GTF,MT,ANM,WE,Combined TRACON& Tower with Radar,13,20,8,3,44,0,1,14,0,15,13,21,22,3,59,12,4,16,75
09/14/2015,GTF,MT,ANM,WE,Combined TRACON& Tower with Radar,8,29,11,9,57,0,0,21,3,24,8,29,32,12,81,31,6,37,118
09/15/2015,GTF,MT,ANM,WE,Combined TRACON& Tower with Radar,10,37,22,7,76,0,0,9,1,10,10,37,31,8,86,14,0,14,100
09/16/2015,GTF,MT,ANM,WE,Combined TRACON& Tower with Radar,10,39,31,3,83,0,0,1,1,2,10,39,32,4,85,20,0,20,105
09/17/2015,GTF,MT,ANM,WE,Combined TRACON& Tower with Radar,13,37,13,9,72,0,0,20,3,23,13,37,33,12,95,76,0,76,171
09/18/2015,GTF,MT,ANM,WE,Combined TRACON& Tower with Radar,10,35,6,5,56,0,0,16,0,16,10,35,22,5,72,24,0,24,96
09/19/2015,GTF,MT,ANM,WE,Combined TRACON& Tower with Radar,7,21,9,2,39,0,1,29,0,30,7,22,38,2,69,28,0,28,97
09/20/2015,GTF,MT,ANM,WE,Combined TRACON& Tower with Radar,15,23,4,4,46,0,2,12,1,15,15,25,16,5,61,6,0,6,67
09/21/2015,GTF,MT,ANM,WE,Combined TRACON& Tower with Radar,7,32,6,8,53,0,0,8,3,11,7,32,14,11,64,24,4,28,92
09/22/2015,GTF,MT,ANM,WE,Combined TRACON& Tower with Radar,10,28,15,15,68,0,0,17,7,24,10,28,32,22,92,54,26,80,172
09/23/2015,GTF,MT,ANM,WE,Combined TRACON& Tower with Radar,10,33,9,8,60,0,0,26,6,32,10,33,35,14,92,40,24,64,156
09/24/2015,GTF,MT,ANM,WE,Combined TRACON& Tower with Radar,14,38,9,18,79,0,0,26,5,31,14,38,35,23,110,42,14,56,166
09/25/2015,GTF,MT,ANM,WE,Combined TRACON& Tower with Radar,14,36,13,0,63,0,1,19,0,20,14,37,32,0,83,32,0,32,115
09/26/2015,GTF,MT,ANM,WE,Combined TRACON& Tower with Radar,7,16,2,1,26,0,1,33,0,34,7,17,35,1,60,6,0,6,66
09/27/2015,GTF,MT,ANM,WE,Combined TRACON& Tower with Radar,12,13,10,0,35,0,0,27,1,28,12,13,37,1,63,42,0,42,105
09/28/2015,GTF,MT,ANM,WE,Combined TRACON& Tower with Radar,9,33,11,10,63,0,5,28,3,36,9,38,39,13,99,44,0,44,143
09/29/2015,GTF,MT,ANM,WE,Combined TRACON& Tower with Radar,11,35,14,7,67,0,1,21,9,31,11,36,35,16,98,0,20,20,118
09/30/2015,GTF,MT,ANM,WE,Combined TRACON& Tower with Radar,9,32,14,14,69,0,0,19,3,22,9,32,33,17,91,8,28,36,127
10/01/2015,GTF,MT,ANM,WE,Combined TRACON& Tower with Radar,14,34,22,7,77,0,0,16,9,25,14,34,38,16,102,36,68,104,206
10/02/2015,GTF,MT,ANM,WE,Combined TRACON& Tower with Radar,14,35,14,23,86,0,0,8,11,19,14,35,22,34,105,2,46,48,153
10/03/2015,GTF,MT,ANM,WE,Combined TRACON& Tower with Radar,8,19,6,0,33,0,0,0,0,0,8,19,6,0,33,0,0,0,33
10/04/2015,GTF,MT,ANM,WE,Combined TRACON& Tower with Radar,14,14,5,2,35,0,0,2,0,2,14,14,7,2,37,0,0,0,37
10/05/2015,GTF,MT,ANM,WE,Combined TRACON& Tower with Radar,9,27,10,10,56,0,0,13,3,16,9,27,23,13,72,10,0,10,82
10/06/2015,GTF,MT,ANM,WE,Combined TRACON& Tower with Radar,10,37,3,18,68,0,0,18,5,23,10,37,21,23,91,10,22,32,123
10/07/2015,GTF,MT,ANM,WE,Combined TRACON& Tower with Radar,9,37,22,7,75,0,0,14,12,26,9,37,36,19,101,50,12,62,163
10/08/2015,GTF,MT,ANM,WE,Combined TRACON& Tower with Radar,15,33,13,2,63,0,0,12,10,22,15,33,25,12,85,2,56,58,143
10/09/2015,GTF,MT,ANM,WE,Combined TRACON& Tower with Radar,11,30,11,14,66,0,0,6,1,7,11,30,17,15,73,18,0,18,91
10/10/2015,GTF,MT,ANM,WE,Combined TRACON& Tower with Radar,6,18,7,0,31,0,2,17,0,19,6,20,24,0,50,22,0,22,72
10/11/2015,GTF,MT,ANM,WE,Combined TRACON& Tower with Radar,16,10,7,0,33,0,0,1,0,1,16,10,8,0,34,0,0,0,34
10/12/2015,GTF,MT,ANM,WE,Combined TRACON& Tower with Radar,11,23,7,0,41,0,0,11,2,13,11,23,18,2,54,16,0,16,70
10/13/2015,GTF,MT,ANM,WE,Combined TRACON& Tower with Radar,10,32,15,6,63,0,0,19,3,22,10,32,34,9,85,12,16,28,113
10/14/2015,GTF,MT,ANM,WE,Combined TRACON& Tower with Radar,9,38,18,10,75,0,1,15,9,25,9,39,33,19,100,32,14,46,146
10/15/2015,GTF,MT,ANM,WE,Combined TRACON& Tower with Radar,15,37,7,11,70,0,0,25,9,34,15,37,32,20,104,18,34,52,156
10/16/2015,GTF,MT,ANM,WE,Combined TRACON& Tower with Radar,12,40,4,3,59,0,0,23,1,24,12,40,27,4,83,42,0,42,125
10/17/2015,GTF,MT,ANM,WE,Combined TRACON& Tower with Radar,5,18,5,3,31,0,0,27,0,27,5,18,32,3,58,22,0,22,80
10/18/2015,GTF,MT,ANM,WE,Combined TRACON& Tower with Radar,13,10,11,5,39,0,0,10,0,10,13,10,21,5,49,6,0,6,55
10/19/2015,GTF,MT,ANM,WE,Combined TRACON& Tower with Radar,9,24,18,9,60,0,0,10,4,14,9,24,28,13,74,6,6,12,86
10/20/2015,GTF,MT,ANM,WE,Combined TRACON& Tower with Radar,10,33,21,8,72,0,0,5,1,6,10,33,26,9,78,6,0,6,84
10/21/2015,GTF,MT,ANM,WE,Combined TRACON& Tower with Radar,11,35,9,6,61,0,0,29,8,37,11,35,38,14,98,4,14,18,116
10/22/2015,GTF,MT,ANM,WE,Combined TRACON& Tower with Radar,14,31,10,2,57,0,0,7,0,7,14,31,17,2,64,6,0,6,70
10/23/2015,GTF,MT,ANM,WE,Combined TRACON& Tower with Radar,11,38,13,2,64,0,0,40,1,41,11,38,53,3,105,18,2,20,125
10/24/2015,GTF,MT,ANM,WE,Combined TRACON& Tower with Radar,6,22,11,0,39,0,0,34,0,34,6,22,45,0,73,60,0,60,133
10/25/2015,GTF,MT,ANM,WE,Combined TRACON& Tower with Radar,14,11,7,2,34,0,0,26,2,28,14,11,33,4,62,48,0,48,110
10/26/2015,GTF,MT,ANM,WE,Combined TRACON& Tower with Radar,9,28,12,7,56,0,1,15,0,16,9,29,27,7,72,10,2,12,84
10/27/2015,GTF,MT,ANM,WE,Combined TRACON& Tower with Radar,9,38,18,8,73,0,0,2,2,4,9,38,20,10,77,34,6,40,117
10/28/2015,GTF,MT,ANM,WE,Combined TRACON& Tower with Radar,11,35,18,12,76,0,0,13,7,20,11,35,31,19,96,34,2,36,132
10/29/2015,GTF,MT,ANM,WE,Combined TRACON& Tower with Radar,15,35,13,4,67,0,2,8,4,14,15,37,21,8,81,16,16,32,113
10/30/2015,GTF,MT,ANM,WE,Combined TRACON& Tower with Radar,13,41,11,2,67,0,0,6,6,12,13,41,17,8,79,12,4,16,95
10/31/2015,GTF,MT,ANM,WE,Combined TRACON& Tower with Radar,8,16,14,0,38,0,0,9,0,9,8,16,23,0,47,16,0,16,63
11/01/2015,GTF,MT,ANM,WE,Combined TRACON& Tower with Radar,12,17,4,3,36,0,0,2,0,2,12,17,6,3,38,0,0,0,38
11/02/2015,GTF,MT,ANM,WE,Combined TRACON& Tower with Radar,10,27,15,3,55,0,0,7,0,7,10,27,22,3,62,24,0,24,86
11/03/2015,GTF,MT,ANM,WE,Combined TRACON& Tower with Radar,10,33,12,3,58,0,0,0,0,0,10,33,12,3,58,4,0,4,62
11/04/2015,GTF,MT,ANM,WE,Combined TRACON& Tower with Radar,10,33,8,3,54,0,0,8,3,11,10,33,16,6,65,2,10,12,77
11/05/2015,GTF,MT,ANM,WE,Combined TRACON& Tower with Radar,14,37,16,10,77,0,0,8,1,9,14,37,24,11,86,48,0,48,134
11/06/2015,GTF,MT,ANM,WE,Combined TRACON& Tower with Radar,11,31,9,9,60,0,0,25,2,27,11,31,34,11,87,30,2,32,119
11/07/2015,GTF,MT,ANM,WE,Combined TRACON& Tower with Radar,9,20,4,2,35,0,0,21,4,25,9,20,25,6,60,2,18,20,80
11/08/2015,GTF,MT,ANM,WE,Combined TRACON& Tower with Radar,13,8,12,27,60,0,0,21,5,26,13,8,33,32,86,12,20,32,118
11/09/2015,GTF,MT,ANM,WE,Combined TRACON& Tower with Radar,10,23,10,9,52,0,0,0,0,0,10,23,10,9,52,0,4,4,56
11/10/2015,GTF,MT,ANM,WE,Combined TRACON& Tower with Radar,12,32,10,14,68,0,0,2,3,5,12,32,12,17,73,12,26,38,111
11/11/2015,GTF,MT,ANM,WE,Combined TRACON& Tower with Radar,11,32,6,0,49,0,0,8,0,8,11,32,14,0,57,0,0,0,57
11/12/2015,GTF,MT,ANM,WE,Combined TRACON& Tower with Radar,15,32,11,3,61,0,0,15,2,17,15,32,26,5,78,52,2,54,132
11/13/2015,GTF,MT,ANM,WE,Combined TRACON& Tower with Radar,13,36,6,4,59,0,0,3,2,5,13,36,9,6,64,0,4,4,68
11/14/2015,GTF,MT,ANM,WE,Combined TRACON& Tower with Radar,6,17,8,1,32,0,0,8,1,9,6,17,16,2,41,0,0,0,41
11/15/2015,GTF,MT,ANM,WE,Combined TRACON& Tower with Radar,19,15,4,3,41,0,0,14,1,15,19,15,18,4,56,12,0,12,68
11/16/2015,GTF,MT,ANM,WE,Combined TRACON& Tower with Radar,10,32,4,6,52,0,0,7,2,9,10,32,11,8,61,0,2,2,63
11/17/2015,GTF,MT,ANM,WE,Combined TRACON& Tower with Radar,11,29,10,8,58,0,0,1,0,1,11,29,11,8,59,0,2,2,61
11/18/2015,GTF,MT,ANM,WE,Combined TRACON& Tower with Radar,13,33,10,6,62,0,0,0,4,4,13,33,10,10,66,0,10,10,76
11/19/2015,GTF,MT,ANM,WE,Combined TRACON& Tower with Radar,16,34,12,12,74,0,0,8,1,9,16,34,20,13,83,28,10,38,121
11/20/2015,GTF,MT,ANM,WE,Combined TRACON& Tower with Radar,11,27,2,6,46,0,0,6,2,8,11,27,8,8,54,8,0,8,62
11/21/2015,GTF,MT,ANM,WE,Combined TRACON& Tower with Radar,7,20,11,2,40,0,0,1,2,3,7,20,12,4,43,28,0,28,71
11/22/2015,GTF,MT,ANM,WE,Combined TRACON& Tower with Radar,14,10,2,2,28,0,0,7,2,9,14,10,9,4,37,4,4,8,45
11/23/2015,GTF,MT,ANM,WE,Combined TRACON& Tower with Radar,10,25,5,14,54,0,2,11,3,16,10,27,16,17,70,8,0,8,78
11/24/2015,GTF,MT,ANM,WE,Combined TRACON& Tower with Radar,9,38,10,2,59,0,0,0,0,0,9,38,10,2,59,0,0,0,59
11/25/2015,GTF,MT,ANM,WE,Combined TRACON& Tower with Radar,15,36,6,2,59,0,1,5,0,6,15,37,11,2,65,0,16,16,81
11/26/2015,GTF,MT,ANM,WE,Combined TRACON& Tower with Radar,3,9,3,3,18,0,0,10,0,10,3,9,13,3,28,14,0,14,42
11/27/2015,GTF,MT,ANM,WE,Combined TRACON& Tower with Radar,13,26,1,2,42,0,0,9,0,9,13,26,10,2,51,44,0,44,95
11/28/2015,GTF,MT,ANM,WE,Combined TRACON& Tower with Radar,7,20,3,2,32,0,0,18,0,18,7,20,21,2,50,14,0,14,64
11/29/2015,GTF,MT,ANM,WE,Combined TRACON& Tower with Radar,13,18,7,2,40,0,1,10,0,11,13,19,17,2,51,24,0,24,75
11/30/2015,GTF,MT,ANM,WE,Combined TRACON& Tower with Radar,9,27,8,12,56,0,0,6,5,11,9,27,14,17,67,4,8,12,79
12/01/2015,GTF,MT,ANM,WE,Combined TRACON& Tower with Radar,11,32,6,7,56,0,2,6,4,12,11,34,12,11,68,6,6,12,80
12/02/2015,GTF,MT,ANM,WE,Combined TRACON& Tower with Radar,11,37,8,7,63,0,0,7,4,11,11,37,15,11,74,6,12,18,92
12/03/2015,GTF,MT,ANM,WE,Combined TRACON& Tower with Radar,14,35,13,6,68,0,0,14,5,19,14,35,27,11,87,0,8,8,95
12/04/2015,GTF,MT,ANM,WE,Combined TRACON& Tower with Radar,14,40,9,1,64,0,1,9,3,13,14,41,18,4,77,4,0,4,81
12/05/2015,GTF,MT,ANM,WE,Combined TRACON& Tower with Radar,8,18,12,0,38,0,0,6,0,6,8,18,18,0,44,14,0,14,58
12/06/2015,GTF,MT,ANM,WE,Combined TRACON& Tower with Radar,15,11,1,4,31,0,0,0,1,1,15,11,1,5,32,24,0,24,56
12/07/2015,GTF,MT,ANM,WE,Combined TRACON& Tower with Radar,9,27,11,3,50,0,0,11,4,15,9,27,22,7,65,2,4,6,71
12/08/2015,GTF,MT,ANM,WE,Combined TRACON& Tower with Radar,14,31,6,6,57,0,0,7,0,7,14,31,13,6,64,0,6,6,70
12/09/2015,GTF,MT,ANM,WE,Combined TRACON& Tower with Radar,11,41,6,0,58,0,0,5,0,5,11,41,11,0,63,2,2,4,67
12/10/2015,GTF,MT,ANM,WE,Combined TRACON& Tower with Radar,16,40,9,16,81,0,3,8,0,11,16,43,17,16,92,6,12,18,110
12/11/2015,GTF,MT,ANM,WE,Combined TRACON& Tower with Radar,12,32,12,5,61,0,0,16,4,20,12,32,28,9,81,16,0,16,97
12/12/2015,GTF,MT,ANM,WE,Combined TRACON& Tower with Radar,8,23,21,1,53,0,0,18,0,18,8,23,39,1,71,30,0,30,101
12/13/2015,GTF,MT,ANM,WE,Combined TRACON& Tower with Radar,13,16,7,3,39,0,0,10,2,12,13,16,17,5,51,4,0,4,55
12/14/2015,GTF,MT,ANM,WE,Combined TRACON& Tower with Radar,9,26,15,1,51,0,0,0,0,0,9,26,15,1,51,0,0,0,51
12/15/2015,GTF,MT,ANM,WE,Combined TRACON& Tower with Radar,13,34,16,13,76,0,0,6,10,16,13,34,22,23,92,12,18,30,122
12/16/2015,GTF,MT,ANM,WE,Combined TRACON& Tower with Radar,10,40,11,8,69,0,0,0,3,3,10,40,11,11,72,0,8,8,80
12/17/2015,GTF,MT,ANM,WE,Combined TRACON& Tower with Radar,14,38,6,5,63,0,0,10,9,19,14,38,16,14,82,0,28,28,110
12/18/2015,GTF,MT,ANM,WE,Combined TRACON& Tower with Radar,10,41,12,3,66,0,0,7,0,7,10,41,19,3,73,8,2,10,83
12/19/2015,GTF,MT,ANM,WE,Combined TRACON& Tower with Radar,16,32,8,0,56,0,1,6,0,7,16,33,14,0,63,6,0,6,69
12/20/2015,GTF,MT,ANM,WE,Combined TRACON& Tower with Radar,28,22,12,3,65,0,0,5,1,6,28,22,17,4,71,40,2,42,113
12/21/2015,GTF,MT,ANM,WE,Combined TRACON& Tower with Radar,17,27,4,2,50,0,0,7,1,8,17,27,11,3,58,4,6,10,68
12/22/2015,GTF,MT,ANM,WE,Combined TRACON& Tower with Radar,14,44,10,3,71,0,0,0,0,0,14,44,10,3,71,0,0,0,71
12/23/2015,GTF,MT,ANM,WE,Combined TRACON& Tower with Radar,16,44,4,10,74,0,0,9,0,9,16,44,13,10,83,52,16,68,151
12/24/2015,GTF,MT,ANM,WE,Combined TRACON& Tower with Radar,17,35,5,0,57,0,0,0,0,0,17,35,5,0,57,0,0,0,57
12/25/2015,GTF,MT,ANM,WE,Combined TRACON& Tower with Radar,6,10,2,0,18,0,0,0,0,0,6,10,2,0,18,0,0,0,18
12/26/2015,GTF,MT,ANM,WE,Combined TRACON& Tower with Radar,15,25,7,0,47,0,0,12,0,12,15,25,19,0,59,44,0,44,103
12/27/2015,GTF,MT,ANM,WE,Combined TRACON& Tower with Radar,11,16,3,0,30,0,1,7,0,8,11,17,10,0,38,4,0,4,42
12/28/2015,GTF,MT,ANM,WE,Combined TRACON& Tower with Radar,13,30,17,1,61,0,0,3,1,4,13,30,20,2,65,0,0,0,65
12/29/2015,GTF,MT,ANM,WE,Combined TRACON& Tower with Radar,14,42,15,12,83,0,0,0,2,2,14,42,15,14,85,0,12,12,97
12/30/2015,GTF,MT,ANM,WE,Combined TRACON& Tower with Radar,16,40,7,5,68,0,0,6,3,9,16,40,13,8,77,0,20,20,97
12/31/2015,GTF,MT,ANM,WE,Combined TRACON& Tower with Radar,16,26,3,4,49,0,0,4,0,4,16,26,7,4,53,0,0,0,53
01/01/2016,GTF,MT,ANM,WE,Combined TRACON& Tower with Radar,6,16,1,2,25,0,0,17,0,17,6,16,18,2,42,24,0,24,66
01/02/2016,GTF,MT,ANM,WE,Combined TRACON& Tower with Radar,13,19,8,2,42,0,0,10,0,10,13,19,18,2,52,4,0,4,56
01/03/2016,GTF,MT,ANM,WE,Combined TRACON& Tower with Radar,14,19,9,0,42,0,0,7,0,7,14,19,16,0,49,22,0,22,71
01/04/2016,GTF,MT,ANM,WE,Combined TRACON& Tower with Radar,10,26,10,8,54,0,1,12,3,16,10,27,22,11,70,4,0,4,74
01/05/2016,GTF,MT,ANM,WE,Combined TRACON& Tower with Radar,10,35,14,10,69,0,1,10,4,15,10,36,24,14,84,12,40,52,136
01/06/2016,GTF,MT,ANM,WE,Combined TRACON& Tower with Radar,10,34,8,26,78,0,1,8,10,19,10,35,16,36,97,6,42,48,145
01/07/2016,GTF,MT,ANM,WE,Combined TRACON& Tower with Radar,13,30,3,27,73,0,0,0,0,0,13,30,3,27,73,0,0,0,73
01/08/2016,GTF,MT,ANM,WE,Combined TRACON& Tower with Radar,11,35,6,0,52,0,1,12,0,13,11,36,18,0,65,12,0,12,77
01/09/2016,GTF,MT,ANM,WE,Combined TRACON& Tower with Radar,5,18,4,0,27,0,0,12,0,12,5,18,16,0,39,22,0,22,61
01/10/2016,GTF,MT,ANM,WE,Combined TRACON& Tower with Radar,14,12,1,1,28,0,3,6,0,9,14,15,7,1,37,18,0,18,55
01/11/2016,GTF,MT,ANM,WE,Combined TRACON& Tower with Radar,7,21,13,3,44,0,0,10,1,11,7,21,23,4,55,40,0,40,95
01/12/2016,GTF,MT,ANM,WE,Combined TRACON& Tower with Radar,10,32,11,4,57,0,5,13,4,22,10,37,24,8,79,14,4,18,97
01/13/2016,GTF,MT,ANM,WE,Combined TRACON& Tower with Radar,9,30,11,15,65,0,0,6,5,11,9,30,17,20,76,4,14,18,94
01/14/2016,GTF,MT,ANM,WE,Combined TRACON& Tower with Radar,15,36,12,3,66,0,2,0,3,5,15,38,12,6,71,0,0,0,71
01/15/2016,GTF,MT,ANM,WE,Combined TRACON& Tower with Radar,12,33,21,4,70,0,0,5,3,8,12,33,26,7,78,34,4,38,116
01/16/2016,GTF,MT,ANM,WE,Combined TRACON& Tower with Radar,6,13,4,0,23,0,0,0,0,0,6,13,4,0,23,0,0,0,23
01/17/2016,GTF,MT,ANM,WE,Combined TRACON& Tower with Radar,18,8,3,0,29,0,0,8,0,8,18,8,11,0,37,20,0,20,57
01/18/2016,GTF,MT,ANM,WE,Combined TRACON& Tower with Radar,12,22,15,2,51,0,0,7,0,7,12,22,22,2,58,6,0,6,64
01/19/2016,GTF,MT,ANM,WE,Combined TRACON& Tower with Radar,8,28,20,10,66,0,0,11,3,14,8,28,31,13,80,14,2,16,96
01/20/2016,GTF,MT,ANM,WE,Combined TRACON& Tower with Radar,11,34,9,9,63,0,1,0,4,5,11,35,9,13,68,0,4,4,72
01/21/2016,GTF,MT,ANM,WE,Combined TRACON& Tower with Radar,15,34,18,19,86,0,1,10,5,16,15,35,28,24,102,26,0,26,128
01/22/2016,GTF,MT,ANM,WE,Combined TRACON& Tower with Radar,8,29,10,12,59,0,0,10,2,12,8,29,20,14,71,6,0,6,77
01/23/2016,GTF,MT,ANM,WE,Combined TRACON& Tower with Radar,8,21,8,4,41,0,1,23,1,25,8,22,31,5,66,36,0,36,102
01/24/2016,GTF,MT,ANM,WE,Combined TRACON& Tower with Radar,13,16,5,2,36,0,0,4,2,6,13,16,9,4,42,16,0,16,58
01/25/2016,GTF,MT,ANM,WE,Combined TRACON& Tower with Radar,7,19,8,10,44,0,0,8,7,15,7,19,16,17,59,8,4,12,71
01/26/2016,GTF,MT,ANM,WE,Combined TRACON& Tower with Radar,10,34,25,17,86,0,0,9,6,15,10,34,34,23,101,0,0,0,101
01/27/2016,GTF,MT,ANM,WE,Combined TRACON& Tower with Radar,12,37,12,2,63,0,0,5,2,7,12,37,17,4,70,0,0,0,70
01/28/2016,GTF,MT,ANM,WE,Combined TRACON& Tower with Radar,14,32,15,6,67,0,0,2,0,2,14,32,17,6,69,0,4,4,73
01/29/2016,GTF,MT,ANM,WE,Combined TRACON& Tower with Radar,9,37,14,4,64,0,0,8,0,8,9,37,22,4,72,54,0,54,126
01/30/2016,GTF,MT,ANM,WE,Combined TRACON& Tower with Radar,7,19,7,4,37,0,0,10,0,10,7,19,17,4,47,32,0,32,79
01/31/2016,GTF,MT,ANM,WE,Combined TRACON& Tower with Radar,13,11,2,20,46,0,0,9,0,9,13,11,11,20,55,14,4,18,73
02/01/2016,GTF,MT,ANM,WE,Combined TRACON& Tower with Radar,7,26,9,10,52,0,0,9,2,11,7,26,18,12,63,18,8,26,89
02/02/2016,GTF,MT,ANM,WE,Combined TRACON& Tower with Radar,10,36,21,4,71,0,0,12,1,13,10,36,33,5,84,26,0,26,110
02/03/2016,GTF,MT,ANM,WE,Combined TRACON& Tower with Radar,12,34,7,10,63,1,2,8,7,18,13,36,15,17,81,4,14,18,99
02/04/2016,GTF,MT,ANM,WE,Combined TRACON& Tower with Radar,16,29,20,10,75,0,0,10,11,21,16,29,30,21,96,4,22,26,122
02/05/2016,GTF,MT,ANM,WE,Combined TRACON& Tower with Radar,10,28,14,1,53,0,0,8,2,10,10,28,22,3,63,0,0,0,63
02/06/2016,GTF,MT,ANM,WE,Combined TRACON& Tower with Radar,6,19,5,0,30,0,0,1,0,1,6,19,6,0,31,0,0,0,31
02/07/2016,GTF,MT,ANM,WE,Combined TRACON& Tower with Radar,14,8,4,9,35,0,0,5,1,6,14,8,9,10,41,2,0,2,43
02/08/2016,GTF,MT,ANM,WE,Combined TRACON& Tower with Radar,9,21,18,21,69,0,3,12,2,17,9,24,30,23,86,22,36,58,144
02/09/2016,GTF,MT,ANM,WE,Combined TRACON& Tower with Radar,10,32,7,6,55,0,3,14,2,19,10,35,21,8,74,46,0,46,120
02/10/2016,GTF,MT,ANM,WE,Combined TRACON& Tower with Radar,10,31,16,11,68,0,1,12,9,22,10,32,28,20,90,64,12,76,166
02/11/2016,GTF,MT,ANM,WE,Combined TRACON& Tower with Radar,14,31,23,15,83,0,1,12,1,14,14,32,35,16,97,10,10,20,117
02/12/2016,GTF,MT,ANM,WE,Combined TRACON& Tower with Radar,12,32,22,1,67,0,1,10,0,11,12,33,32,1,78,44,6,50,128
02/13/2016,GTF,MT,ANM,WE,Combined TRACON& Tower with Radar,8,15,8,0,31,0,0,4,0,4,8,15,12,0,35,12,0,12,47
02/14/2016,GTF,MT,ANM,WE,Combined TRACON& Tower with Radar,12,9,5,1,27,0,1,3,0,4,12,10,8,1,31,8,0,8,39
02/15/2016,GTF,MT,ANM,WE,Combined TRACON& Tower with Radar,8,23,8,0,39,0,0,8,0,8,8,23,16,0,47,36,0,36,83
02/16/2016,GTF,MT,ANM,WE,Combined TRACON& Tower with Radar,11,31,8,7,57,0,3,6,4,13,11,34,14,11,70,20,0,20,90
02/17/2016,GTF,MT,ANM,WE,Combined TRACON& Tower with Radar,12,32,14,5,63,0,2,10,7,19,12,34,24,12,82,12,38,50,132
02/18/2016,GTF,MT,ANM,WE,Combined TRACON& Tower with Radar,13,31,17,9,70,0,0,3,1,4,13,31,20,10,74,12,6,18,92
02/19/2016,GTF,MT,ANM,WE,Combined TRACON& Tower with Radar,13,26,5,5,49,0,0,5,1,6,13,26,10,6,55,28,0,28,83
02/20/2016,GTF,MT,ANM,WE,Combined TRACON& Tower with Radar,8,18,7,2,35,0,1,6,0,7,8,19,13,2,42,2,0,2,44
02/21/2016,GTF,MT,ANM,WE,Combined TRACON& Tower with Radar,13,10,10,2,35,0,4,17,0,21,13,14,27,2,56,16,0,16,72
02/22/2016,GTF,MT,ANM,WE,Combined TRACON& Tower with Radar,9,22,12,4,47,0,0,9,3,12,9,22,21,7,59,36,8,44,103
02/23/2016,GTF,MT,ANM,WE,Combined TRACON& Tower with Radar,12,34,13,12,71,0,0,12,2,14,12,34,25,14,85,45,14,59,144
02/24/2016,GTF,MT,ANM,WE,Combined TRACON& Tower with Radar,10,31,8,17,66,2,0,26,12,40,12,31,34,29,106,58,28,86,192
02/25/2016,GTF,MT,ANM,WE,Combined TRACON& Tower with Radar,14,32,31,8,85,1,0,19,12,32,15,32,50,20,117,24,40,64,181
02/26/2016,GTF,MT,ANM,WE,Combined TRACON& Tower with Radar,12,31,28,10,81,0,0,20,3,23,12,31,48,13,104,76,2,78,182
02/27/2016,GTF,MT,ANM,WE,Combined TRACON& Tower with Radar,8,21,10,0,39,0,0,18,0,18,8,21,28,0,57,0,0,0,57
02/28/2016,GTF,MT,ANM,WE,Combined TRACON& Tower with Radar,13,18,5,2,38,0,0,15,0,15,13,18,20,2,53,4,0,4,57
02/29/2016,GTF,MT,ANM,WE,Combined TRACON& Tower with Radar,9,27,13,1,50,0,0,3,0,3,9,27,16,1,53,10,0,10,63
03/01/2016,GTF,MT,ANM,WE,Combined TRACON& Tower with Radar,12,34,27,5,78,0,0,30,5,35,12,34,57,10,113,56,16,72,185
03/02/2016,GTF,MT,ANM,WE,Combined TRACON& Tower with Radar,10,32,18,5,65,0,0,6,9,15,10,32,24,14,80,10,18,28,108
03/03/2016,GTF,MT,ANM,WE,Combined TRACON& Tower with Radar,14,34,12,6,66,0,1,15,7,23,14,35,27,13,89,2,10,12,101
03/04/2016,GTF,MT,ANM,WE,Combined TRACON& Tower with Radar,12,29,5,3,49,0,0,19,3,22,12,29,24,6,71,38,2,40,111
03/05/2016,GTF,MT,ANM,WE,Combined TRACON& Tower with Radar,6,15,8,1,30,0,0,11,5,16,6,15,19,6,46,0,8,8,54
03/06/2016,GTF,MT,ANM,WE,Combined TRACON& Tower with Radar,13,12,1,13,39,0,0,8,2,10,13,12,9,15,49,20,12,32,81
03/07/2016,GTF,MT,ANM,WE,Combined TRACON& Tower with Radar,9,28,16,11,64,0,2,20,8,30,9,30,36,19,94,44,34,78,172
03/08/2016,GTF,MT,ANM,WE,Combined TRACON& Tower with Radar,14,26,9,3,52,0,1,9,1,11,14,27,18,4,63,8,6,14,77
03/09/2016,GTF,MT,ANM,WE,Combined TRACON& Tower with Radar,9,31,7,4,51,0,5,12,7,24,9,36,19,11,75,16,26,42,117
03/10/2016,GTF,MT,ANM,WE,Combined TRACON& Tower with Radar,18,35,11,3,67,0,1,9,0,10,18,36,20,3,77,2,0,2,79
03/11/2016,GTF,MT,ANM,WE,Combined TRACON& Tower with Radar,11,29,8,4,52,0,1,14,2,17,11,30,22,6,69,44,4,48,117
03/12/2016,GTF,MT,ANM,WE,Combined TRACON& Tower with Radar,9,17,13,0,39,0,0,21,1,22,9,17,34,1,61,8,0,8,69
03/13/2016,GTF,MT,ANM,WE,Combined TRACON& Tower with Radar,14,15,9,1,39,0,3,16,1,20,14,18,25,2,59,10,0,10,69
03/14/2016,GTF,MT,ANM,WE,Combined TRACON& Tower with Radar,9,20,11,4,44,0,0,2,1,3,9,20,13,5,47,10,0,10,57
03/15/2016,GTF,MT,ANM,WE,Combined TRACON& Tower with Radar,13,30,8,7,58,0,0,3,9,12,13,30,11,16,70,0,0,0,70
03/16/2016,GTF,MT,ANM,WE,Combined TRACON& Tower with Radar,12,34,26,7,79,0,0,10,3,13,12,34,36,10,92,34,34,68,160
03/17/2016,GTF,MT,ANM,WE,Combined TRACON& Tower with Radar,13,29,11,7,60,0,0,1,1,2,13,29,12,8,62,68,12,80,142
03/18/2016,GTF,MT,ANM,WE,Combined TRACON& Tower with Radar,14,39,19,1,73,0,0,41,1,42,14,39,60,2,115,16,0,16,131
03/19/2016,GTF,MT,ANM,WE,Combined TRACON& Tower with Radar,9,18,14,0,41,0,0,63,0,63,9,18,77,0,104,66,0,66,170
03/20/2016,GTF,MT,ANM,WE,Combined TRACON& Tower with Radar,14,11,5,3,33,0,1,34,1,36,14,12,39,4,69,32,4,36,105
03/21/2016,GTF,MT,ANM,WE,Combined TRACON& Tower with Radar,9,29,9,5,52,0,0,6,2,8,9,29,15,7,60,40,0,40,100
03/22/2016,GTF,MT,ANM,WE,Combined TRACON& Tower with Radar,10,35,21,1,67,0,0,0,0,0,10,35,21,1,67,0,0,0,67
03/23/2016,GTF,MT,ANM,WE,Combined TRACON& Tower with Radar,12,33,11,3,59,0,0,8,2,10,12,33,19,5,69,10,18,28,97
03/24/2016,GTF,MT,ANM,WE,Combined TRACON& Tower with Radar,13,33,13,1,60,0,1,2,1,4,13,34,15,2,64,0,0,0,64
03/25/2016,GTF,MT,ANM,WE,Combined TRACON& Tower with Radar,18,33,14,0,65,0,1,1,0,2,18,34,15,0,67,0,0,0,67
03/26/2016,GTF,MT,ANM,WE,Combined TRACON& Tower with Radar,8,16,11,0,35,0,0,12,0,12,8,16,23,0,47,2,0,2,49
03/27/2016,GTF,MT,ANM,WE,Combined TRACON& Tower with Radar,12,10,4,0,26,0,0,7,0,7,12,10,11,0,33,4,0,4,37
03/28/2016,GTF,MT,ANM,WE,Combined TRACON& Tower with Radar,9,27,8,3,47,0,0,16,0,16,9,27,24,3,63,66,0,66,129
03/29/2016,GTF,MT,ANM,WE,Combined TRACON& Tower with Radar,12,31,14,12,69,0,0,3,0,3,12,31,17,12,72,12,0,12,84
03/30/2016,GTF,MT,ANM,WE,Combined TRACON& Tower with Radar,13,32,9,17,71,0,3,16,5,24,13,35,25,22,95,10,16,26,121
03/31/2016,GTF,MT,ANM,WE,Combined TRACON& Tower with Radar,14,35,9,9,67,0,0,2,2,4,14,35,11,11,71,0,0,0,71
04/01/2016,GTF,MT,ANM,WE,Combined TRACON& Tower with Radar,13,34,4,2,53,0,0,18,1,19,13,34,22,3,72,60,0,60,132
04/02/2016,GTF,MT,ANM,WE,Combined TRACON& Tower with Radar,11,19,13,6,49,0,2,25,5,32,11,21,38,11,81,62,2,64,145
04/03/2016,GTF,MT,ANM,WE,Combined TRACON& Tower with Radar,13,11,3,5,32,0,0,24,2,26,13,11,27,7,58,62,3,65,123
04/04/2016,GTF,MT,ANM,WE,Combined TRACON& Tower with Radar,9,26,8,7,50,0,1,5,6,12,9,27,13,13,62,22,34,56,118
04/05/2016,GTF,MT,ANM,WE,Combined TRACON& Tower with Radar,14,38,9,7,68,0,0,4,1,5,14,38,13,8,73,0,10,10,83
04/06/2016,GTF,MT,ANM,WE,Combined TRACON& Tower with Radar,9,34,14,7,64,0,0,3,6,9,9,34,17,13,73,0,24,24,97
04/07/2016,GTF,MT,ANM,WE,Combined TRACON& Tower with Radar,15,34,15,6,70,0,0,23,1,24,15,34,38,7,94,30,0,30,124
04/08/2016,GTF,MT,ANM,WE,Combined TRACON& Tower with Radar,11,29,5,11,56,0,0,33,0,33,11,29,38,11,89,58,0,58,147
04/09/2016,GTF,MT,ANM,WE,Combined TRACON& Tower with Radar,7,17,4,1,29,0,0,21,1,22,7,17,25,2,51,18,0,18,69
04/10/2016,GTF,MT,ANM,WE,Combined TRACON& Tower with Radar,13,10,9,2,34,0,0,17,1,18,13,10,26,3,52,56,0,56,108
04/11/2016,GTF,MT,ANM,WE,Combined TRACON& Tower with Radar,8,23,12,13,56,0,0,24,6,30,8,23,36,19,86,52,8,60,146
04/12/2016,GTF,MT,ANM,WE,Combined TRACON& Tower with Radar,13,33,6,7,59,0,0,9,5,14,13,33,15,12,73,12,10,22,95
04/13/2016,GTF,MT,ANM,WE,Combined TRACON& Tower with Radar,12,35,9,14,70,0,0,7,10,17,12,35,16,24,87,20,58,78,165
04/14/2016,GTF,MT,ANM,WE,Combined TRACON& Tower with Radar,12,31,11,6,60,0,0,1,0,1,12,31,12,6,61,0,0,0,61
04/15/2016,GTF,MT,ANM,WE,Combined TRACON& Tower with Radar,11,26,4,1,42,0,0,0,0,0,11,26,4,1,42,0,0,0,42
04/16/2016,GTF,MT,ANM,WE,Combined TRACON& Tower with Radar,9,19,10,6,44,0,2,24,6,32,9,21,34,12,76,80,0,80,156
04/17/2016,GTF,MT,ANM,WE,Combined TRACON& Tower with Radar,12,10,11,2,35,0,0,15,1,16,12,10,26,3,51,58,0,58,109
04/18/2016,GTF,MT,ANM,WE,Combined TRACON& Tower with Radar,8,24,9,4,45,0,0,17,1,18,8,24,26,5,63,70,0,70,133
04/19/2016,GTF,MT,ANM,WE,Combined TRACON& Tower with Radar,11,34,17,7,69,0,0,19,6,25,11,34,36,13,94,42,16,58,152
04/20/2016,GTF,MT,ANM,WE,Combined TRACON& Tower with Radar,9,30,9,13,61,0,0,16,9,25,9,30,25,22,86,40,44,84,170
04/21/2016,GTF,MT,ANM,WE,Combined TRACON& Tower with Radar,13,33,12,0,58,0,0,27,3,30,13,33,39,3,88,2,0,2,90
04/22/2016,GTF,MT,ANM,WE,Combined TRACON& Tower with Radar,12,33,17,4,66,0,0,29,1,30,12,33,46,5,96,48,0,48,144
04/23/2016,GTF,MT,ANM,WE,Combined TRACON& Tower with Radar,6,18,12,0,36,0,0,19,0,19,6,18,31,0,55,36,0,36,91
04/24/2016,GTF,MT,ANM,WE,Combined TRACON& Tower with Radar,13,10,11,0,34,0,0,1,0,1,13,10,12,0,35,0,0,0,35
04/25/2016,GTF,MT,ANM,WE,Combined TRACON& Tower with Radar,9,25,5,5,44,0,0,0,0,0,9,25,5,5,44,14,0,14,58
04/26/2016,GTF,MT,ANM,WE,Combined TRACON& Tower with Radar,14,34,10,8,66,0,0,6,0,6,14,34,16,8,72,28,0,28,100
04/27/2016,GTF,MT,ANM,WE,Combined TRACON& Tower with Radar,11,31,9,10,61,0,0,0,0,0,11,31,9,10,61,0,0,0,61
04/28/2016,GTF,MT,ANM,WE,Combined TRACON& Tower with Radar,11,36,10,8,65,0,0,4,1,5,11,36,14,9,70,14,0,14,84
04/29/2016,GTF,MT,ANM,WE,Combined TRACON& Tower with Radar,14,34,10,7,65,0,0,39,9,48,14,34,49,16,113,16,0,16,129
04/30/2016,GTF,MT,ANM,WE,Combined TRACON& Tower with Radar,6,20,15,2,43,0,0,28,2,30,6,20,43,4,73,12,2,14,87
05/01/2016,GTF,MT,ANM,WE,Combined TRACON& Tower with Radar,12,15,3,2,32,0,1,39,9,49,12,16,42,11,81,54,2,56,137
05/02/2016,GTF,MT,ANM,WE,Combined TRACON& Tower with Radar,10,26,16,2,54,0,2,29,3,34,10,28,45,5,88,44,6,50,138
05/03/2016,GTF,MT,ANM,WE,Combined TRACON& Tower with Radar,12,31,16,6,65,0,0,26,4,30,12,31,42,10,95,50,6,56,151
05/04/2016,GTF,MT,ANM,WE,Combined TRACON& Tower with Radar,10,35,6,7,58,0,1,28,7,36,10,36,34,14,94,32,12,44,138
05/05/2016,GTF,MT,ANM,WE,Combined TRACON& Tower with Radar,12,33,9,1,55,0,0,40,1,41,12,33,49,2,96,0,0,0,96
05/06/2016,GTF,MT,ANM,WE,Combined TRACON& Tower with Radar,11,33,16,0,60,0,0,14,0,14,11,33,30,0,74,34,0,34,108
05/07/2016,GTF,MT,ANM,WE,Combined TRACON& Tower with Radar,8,18,5,0,31,0,0,48,0,48,8,18,53,0,79,52,0,52,131
05/08/2016,GTF,MT,ANM,WE,Combined TRACON& Tower with Radar,12,10,2,0,24,0,0,15,0,15,12,10,17,0,39,0,0,0,39
05/09/2016,GTF,MT,ANM,WE,Combined TRACON& Tower with Radar,8,25,5,0,38,0,0,1,0,1,8,25,6,0,39,18,0,18,57
05/10/2016,GTF,MT,ANM,WE,Combined TRACON& Tower with Radar,11,32,10,2,55,0,0,1,1,2,11,32,11,3,57,10,16,26,83
05/11/2016,GTF,MT,ANM,WE,Combined TRACON& Tower with Radar,11,36,13,8,68,0,0,13,8,21,11,36,26,16,89,74,12,86,175
05/12/2016,GTF,MT,ANM,WE,Combined TRACON& Tower with Radar,12,34,30,10,86,0,0,9,3,12,12,34,39,13,98,0,4,4,102
05/13/2016,GTF,MT,ANM,WE,Combined TRACON& Tower with Radar,11,33,12,15,71,0,3,12,2,17,11,36,24,17,88,24,14,38,126
05/14/2016,GTF,MT,ANM,WE,Combined TRACON& Tower with Radar,7,16,4,2,29,0,0,27,0,27,7,16,31,2,56,12,0,12,68
05/15/2016,GTF,MT,ANM,WE,Combined TRACON& Tower with Radar,11,12,22,6,51,0,1,25,0,26,11,13,47,6,77,40,0,40,117
05/16/2016,GTF,MT,ANM,WE,Combined TRACON& Tower with Radar,8,27,17,6,58,0,0,18,1,19,8,27,35,7,77,4,22,26,103
05/17/2016,GTF,MT,ANM,WE,Combined TRACON& Tower with Radar,11,30,16,8,65,0,1,22,1,24,11,31,38,9,89,36,8,44,133
05/18/2016,GTF,MT,ANM,WE,Combined TRACON& Tower with Radar,10,35,21,8,74,0,3,20,4,27,10,38,41,12,101,7,0,7,108
05/19/2016,GTF,MT,ANM,WE,Combined TRACON& Tower with Radar,13,40,16,6,75,0,0,9,0,9,13,40,25,6,84,4,0,4,88
05/20/2016,GTF,MT,ANM,WE,Combined TRACON& Tower with Radar,11,38,11,3,63,0,0,0,0,0,11,38,11,3,63,0,0,0,63
05/21/2016,GTF,MT,ANM,WE,Combined TRACON& Tower with Radar,7,22,8,0,37,0,1,1,0,2,7,23,9,0,39,4,0,4,43
05/22/2016,GTF,MT,ANM,WE,Combined TRACON& Tower with Radar,11,12,1,0,24,0,0,2,0,2,11,12,3,0,26,0,0,0,26
05/23/2016,GTF,MT,ANM,WE,Combined TRACON& Tower with Radar,9,29,4,4,46,0,2,1,2,5,9,31,5,6,51,14,0,14,65
05/24/2016,GTF,MT,ANM,WE,Combined TRACON& Tower with Radar,11,38,14,8,71,0,0,17,3,20,11,38,31,11,91,6,0,6,97
05/25/2016,GTF,MT,ANM,WE,Combined TRACON& Tower with Radar,13,33,10,14,70,0,2,12,14,28,13,35,22,28,98,52,0,52,150
05/26/2016,GTF,MT,ANM,WE,Combined TRACON& Tower with Radar,15,32,12,9,68,0,0,20,1,21,15,32,32,10,89,18,0,18,107
05/27/2016,GTF,MT,ANM,WE,Combined TRACON& Tower with Radar,12,32,10,2,56,0,0,17,0,17,12,32,27,2,73,48,0,48,121
05/28/2016,GTF,MT,ANM,WE,Combined TRACON& Tower with Radar,8,15,4,2,29,0,0,18,0,18,8,15,22,2,47,24,0,24,71
05/29/2016,GTF,MT,ANM,WE,Combined TRACON& Tower with Radar,9,11,12,2,34,0,0,24,2,26,9,11,36,4,60,2,0,2,62
05/30/2016,GTF,MT,ANM,WE,Combined TRACON& Tower with Radar,8,15,8,0,31,0,1,2,1,4,8,16,10,1,35,6,0,6,41
05/31/2016,GTF,MT,ANM,WE,Combined TRACON& Tower with Radar,6,28,16,5,55,0,4,18,0,22,6,32,34,5,77,24,0,24,101
06/01/2016,GTF,MT,ANM,WE,Combined TRACON& Tower with Radar,10,36,10,6,62,0,2,25,3,30,10,38,35,9,92,0,38,38,130
06/02/2016,GTF,MT,ANM,WE,Combined TRACON& Tower with Radar,13,34,9,5,61,0,0,15,5,20,13,34,24,10,81,8,18,26,107
06/03/2016,GTF,MT,ANM,WE,Combined TRACON& Tower with Radar,12,36,10,8,66,0,0,11,5,16,12,36,21,13,82,6,28,34,116
06/04/2016,GTF,MT,ANM,WE,Combined TRACON& Tower with Radar,5,16,9,3,33,0,3,22,6,31,5,19,31,9,64,6,0,6,70
06/05/2016,GTF,MT,ANM,WE,Combined TRACON& Tower with Radar,12,11,2,4,29,0,0,14,1,15,12,11,16,5,44,0,0,0,44
06/06/2016,GTF,MT,ANM,WE,Combined TRACON& Tower with Radar,8,22,7,10,47,0,0,17,0,17,8,22,24,10,64,44,0,44,108
06/07/2016,GTF,MT,ANM,WE,Combined TRACON& Tower with Radar,9,34,4,7,54,0,0,17,7,24,9,34,21,14,78,16,6,22,100
06/08/2016,GTF,MT,ANM,WE,Combined TRACON& Tower with Radar,10,31,11,4,56,0,1,10,6,17,10,32,21,10,73,0,0,0,73
06/09/2016,GTF,MT,ANM,WE,Combined TRACON& Tower with Radar,14,35,11,8,68,0,0,12,9,21,14,35,23,17,89,14,16,30,119
06/10/2016,GTF,MT,ANM,WE,Combined TRACON& Tower with Radar,17,32,9,0,58,0,0,17,0,17,17,32,26,0,75,20,0,20,95
06/11/2016,GTF,MT,ANM,WE,Combined TRACON& Tower with Radar,17,24,16,1,58,0,0,11,0,11,17,24,27,1,69,24,0,24,93
06/12/2016,GTF,MT,ANM,WE,Combined TRACON& Tower with Radar,12,20,5,3,40,0,1,20,1,22,12,21,25,4,62,32,0,32,94
06/13/2016,GTF,MT,ANM,WE,Combined TRACON& Tower with Radar,11,25,16,7,59,0,0,25,0,25,11,25,41,7,84,18,0,18,102
06/14/2016,GTF,MT,ANM,WE,Combined TRACON& Tower with Radar,13,33,13,4,63,0,0,15,7,22,13,33,28,11,85,24,16,40,125
06/15/2016,GTF,MT,ANM,WE,Combined TRACON& Tower with Radar,12,33,20,5,70,0,1,22,2,25,12,34,42,7,95,20,10,30,125
06/16/2016,GTF,MT,ANM,WE,Combined TRACON& Tower with Radar,11,37,17,2,67,0,0,17,0,17,11,37,34,2,84,0,0,0,84
06/17/2016,GTF,MT,ANM,WE,Combined TRACON& Tower with Radar,16,35,11,7,69,0,0,28,0,28,16,35,39,7,97,24,0,24,121
06/18/2016,GTF,MT,ANM,WE,Combined TRACON& Tower with Radar,11,22,7,2,42,0,2,30,0,32,11,24,37,2,74,28,0,28,102
06/19/2016,GTF,MT,ANM,WE,Combined TRACON& Tower with Radar,11,17,16,0,44,0,0,19,0,19,11,17,35,0,63,0,0,0,63
06/20/2016,GTF,MT,ANM,WE,Combined TRACON& Tower with Radar,5,7,10,7,29,0,0,18,0,18,5,7,28,7,47,78,2,80,127
06/21/2016,GTF,MT,ANM,WE,Combined TRACON& Tower with Radar,8,17,5,4,34,0,2,2,1,5,8,19,7,5,39,28,0,28,67
06/22/2016,GTF,MT,ANM,WE,Combined TRACON& Tower with Radar,11,32,9,3,55,0,0,37,2,39,11,32,46,5,94,44,0,44,138
06/23/2016,GTF,MT,ANM,WE,Combined TRACON& Tower with Radar,11,36,30,10,87,0,1,23,5,29,11,37,53,15,116,48,2,50,166
06/24/2016,GTF,MT,ANM,WE,Combined TRACON& Tower with Radar,15,37,12,5,69,0,0,13,0,13,15,37,25,5,82,34,0,34,116
06/25/2016,GTF,MT,ANM,WE,Combined TRACON& Tower with Radar,10,23,3,3,39,0,0,8,0,8,10,23,11,3,47,0,0,0,47
06/26/2016,GTF,MT,ANM,WE,Combined TRACON& Tower with Radar,14,19,15,3,51,0,0,40,0,40,14,19,55,3,91,14,0,14,105
06/27/2016,GTF,MT,ANM,WE,Combined TRACON& Tower with Radar,10,27,3,8,48,0,2,30,2,34,10,29,33,10,82,8,0,8,90
06/28/2016,GTF,MT,ANM,WE,Combined TRACON& Tower with Radar,11,35,30,8,84,0,0,27,10,37,11,35,57,18,121,16,8,24,145
06/29/2016,GTF,MT,ANM,WE,Combined TRACON& Tower with Radar,11,38,18,8,75,0,1,20,1,22,11,39,38,9,97,40,0,40,137
06/30/2016,GTF,MT,ANM,WE,Combined TRACON& Tower with Radar,13,39,13,10,75,0,0,17,5,22,13,39,30,15,97,18,8,26,123
07/01/2016,GTF,MT,ANM,WE,Combined TRACON& Tower with Radar,15,40,11,4,70,0,2,29,0,31,15,42,40,4,101,44,0,44,145
07/02/2016,GTF,MT,ANM,WE,Combined TRACON& Tower with Radar,10,21,5,2,38,0,4,19,0,23,10,25,24,2,61,2,0,2,63
07/03/2016,GTF,MT,ANM,WE,Combined TRACON& Tower with Radar,15,13,9,0,37,0,0,19,0,19,15,13,28,0,56,0,0,0,56
07/04/2016,GTF,MT,ANM,WE,Combined TRACON& Tower with Radar,9,13,4,2,28,0,1,28,3,32,9,14,32,5,60,28,0,28,88
07/05/2016,GTF,MT,ANM,WE,Combined TRACON& Tower with Radar,9,27,14,4,54,0,1,23,1,25,9,28,37,5,79,44,20,64,143
07/06/2016,GTF,MT,ANM,WE,Combined TRACON& Tower with Radar,14,40,13,17,84,0,0,21,5,26,14,40,34,22,110,58,44,102,212
07/07/2016,GTF,MT,ANM,WE,Combined TRACON& Tower with Radar,13,38,15,7,73,0,0,36,7,43,13,38,51,14,116,36,8,44,160
07/08/2016,GTF,MT,ANM,WE,Combined TRACON& Tower with Radar,13,34,14,9,70,0,0,44,2,46,13,34,58,11,116,42,0,42,158
07/09/2016,GTF,MT,ANM,WE,Combined TRACON& Tower with Radar,10,24,8,3,45,0,0,31,0,31,10,24,39,3,76,0,0,0,76
07/10/2016,GTF,MT,ANM,WE,Combined TRACON& Tower with Radar,14,17,3,5,39,0,1,2,1,4,14,18,5,6,43,0,0,0,43
07/11/2016,GTF,MT,ANM,WE,Combined TRACON& Tower with Radar,10,30,23,8,71,0,1,5,0,6,10,31,28,8,77,10,0,10,87
07/12/2016,GTF,MT,ANM,WE,Combined TRACON& Tower with Radar,11,34,7,4,56,0,0,37,5,42,11,34,44,9,98,80,10,90,188
07/13/2016,GTF,MT,ANM,WE,Combined TRACON& Tower with Radar,11,41,20,8,80,0,0,29,11,40,11,41,49,19,120,92,38,130,250
07/14/2016,GTF,MT,ANM,WE,Combined TRACON& Tower with Radar,12,42,10,6,70,0,1,38,4,43,12,43,48,10,113,84,4,88,201
07/15/2016,GTF,MT,ANM,WE,Combined TRACON& Tower with Radar,16,41,10,2,69,0,2,27,1,30,16,43,37,3,99,67,2,69,168
07/16/2016,GTF,MT,ANM,WE,Combined TRACON& Tower with Radar,10,24,5,1,40,0,1,20,1,22,10,25,25,2,62,0,0,0,62
07/17/2016,GTF,MT,ANM,WE,Combined TRACON& Tower with Radar,11,20,16,0,47,0,0,27,0,27,11,20,43,0,74,36,0,36,110
07/18/2016,GTF,MT,ANM,WE,Combined TRACON& Tower with Radar,13,37,18,3,71,0,0,17,0,17,13,37,35,3,88,50,0,50,138
07/19/2016,GTF,MT,ANM,WE,Combined TRACON& Tower with Radar,10,36,20,9,75,0,0,38,0,38,10,36,58,9,113,104,0,104,217
07/20/2016,GTF,MT,ANM,WE,Combined TRACON& Tower with Radar,12,42,16,12,82,0,1,18,3,22,12,43,34,15,104,78,0,78,182
07/21/2016,GTF,MT,ANM,WE,Combined TRACON& Tower with Radar,13,37,8,5,63,0,0,22,1,23,13,37,30,6,86,56,0,56,142
07/22/2016,GTF,MT,ANM,WE,Combined TRACON& Tower with Radar,13,36,6,6,61,0,2,18,2,22,13,38,24,8,83,62,0,62,145
07/23/2016,GTF,MT,ANM,WE,Combined TRACON& Tower with Radar,15,17,16,1,49,0,1,25,0,26,15,18,41,1,75,18,0,18,93
07/24/2016,GTF,MT,ANM,WE,Combined TRACON& Tower with Radar,14,17,15,8,54,0,0,47,1,48,14,17,62,9,102,12,0,12,114
07/25/2016,GTF,MT,ANM,WE,Combined TRACON& Tower with Radar,10,30,9,8,57,0,2,23,1,26,10,32,32,9,83,4,0,4,87
07/26/2016,GTF,MT,ANM,WE,Combined TRACON& Tower with Radar,11,37,12,11,71,0,0,31,10,41,11,37,43,21,112,16,0,16,128
07/27/2016,GTF,MT,ANM,WE,Combined TRACON& Tower with Radar,11,35,27,9,82,0,3,31,8,42,11,38,58,17,124,4,20,24,148
07/28/2016,GTF,MT,ANM,WE,Combined TRACON& Tower with Radar,16,38,3,16,73,0,1,31,5,37,16,39,34,21,110,12,24,36,146
07/29/2016,GTF,MT,ANM,WE,Combined TRACON& Tower with Radar,13,45,13,4,75,0,2,29,1,32,13,47,42,5,107,34,0,34,141
07/30/2016,GTF,MT,ANM,WE,Combined TRACON& Tower with Radar,12,25,15,2,54,0,0,23,2,25,12,25,38,4,79,0,0,0,79
07/31/2016,GTF,MT,ANM,WE,Combined TRACON& Tower with Radar,18,16,8,5,47,0,0,33,3,36,18,16,41,8,83,4,6,10,93
08/01/2016,GTF,MT,ANM,WE,Combined TRACON& Tower with Radar,10,32,18,3,63,0,0,32,3,35,10,32,50,6,98,40,0,40,138
08/02/2016,GTF,MT,ANM,WE,Combined TRACON& Tower with Radar,11,42,14,12,79,0,2,25,14,41,11,44,39,26,120,18,24,42,162
08/03/2016,GTF,MT,ANM,WE,Combined TRACON& Tower with Radar,15,37,20,4,76,0,4,16,8,28,15,41,36,12,104,16,12,28,132
08/04/2016,GTF,MT,ANM,WE,Combined TRACON& Tower with Radar,11,43,24,6,84,0,0,33,6,39,11,43,57,12,123,90,8,98,221
08/05/2016,GTF,MT,ANM,WE,Combined TRACON& Tower with Radar,15,36,13,9,73,0,2,26,8,36,15,38,39,17,109,38,0,38,147
08/06/2016,GTF,MT,ANM,WE,Combined TRACON& Tower with Radar,12,20,5,2,39,0,0,35,0,35,12,20,40,2,74,54,0,54,128
08/07/2016,GTF,MT,ANM,WE,Combined TRACON& Tower with Radar,14,19,8,0,41,0,0,8,1,9,14,19,16,1,50,6,0,6,56
08/08/2016,GTF,MT,ANM,WE,Combined TRACON& Tower with Radar,10,25,19,7,61,0,4,21,0,25,10,29,40,7,86,0,0,0,86
08/09/2016,GTF,MT,ANM,WE,Combined TRACON& Tower with Radar,9,39,10,7,65,0,1,12,0,13,9,40,22,7,78,0,0,0,78
08/10/2016,GTF,MT,ANM,WE,Combined TRACON& Tower with Radar,11,35,8,10,64,0,1,6,0,7,11,36,14,10,71,12,0,12,83
08/11/2016,GTF,MT,ANM,WE,Combined TRACON& Tower with Radar,13,34,13,13,73,0,4,17,2,23,13,38,30,15,96,30,2,32,128
08/12/2016,GTF,MT,ANM,WE,Combined TRACON& Tower with Radar,16,34,9,11,70,0,0,15,1,16,16,34,24,12,86,26,0,26,112
08/13/2016,GTF,MT,ANM,WE,Combined TRACON& Tower with Radar,9,20,0,6,35,0,0,13,0,13,9,20,13,6,48,40,0,40,88
08/14/2016,GTF,MT,ANM,WE,Combined TRACON& Tower with Radar,13,14,14,2,43,0,0,18,0,18,13,14,32,2,61,6,2,8,69
08/15/2016,GTF,MT,ANM,WE,Combined TRACON& Tower with Radar,12,30,12,8,62,0,0,13,0,13,12,30,25,8,75,12,0,12,87
08/16/2016,GTF,MT,ANM,WE,Combined TRACON& Tower with Radar,9,37,13,13,72,0,0,23,2,25,9,37,36,15,97,18,12,30,127
08/17/2016,GTF,MT,ANM,WE,Combined TRACON& Tower with Radar,13,36,11,17,77,0,2,25,8,35,13,38,36,25,112,36,2,38,150
08/18/2016,GTF,MT,ANM,WE,Combined TRACON& Tower with Radar,12,35,14,14,75,0,2,5,1,8,12,37,19,15,83,24,16,40,123
08/19/2016,GTF,MT,ANM,WE,Combined TRACON& Tower with Radar,14,37,12,12,75,0,0,14,2,16,14,37,26,14,91,0,18,18,109
08/20/2016,GTF,MT,ANM,WE,Combined TRACON& Tower with Radar,8,19,5,2,34,0,0,35,0,35,8,19,40,2,69,54,0,54,123
08/21/2016,GTF,MT,ANM,WE,Combined TRACON& Tower with Radar,12,20,1,1,34,0,2,21,0,23,12,22,22,1,57,6,0,6,63
08/22/2016,GTF,MT,ANM,WE,Combined TRACON& Tower with Radar,14,27,10,4,55,0,4,8,2,14,14,31,18,6,69,4,0,4,73
08/23/2016,GTF,MT,ANM,WE,Combined TRACON& Tower with Radar,11,36,10,6,63,0,6,18,4,28,11,42,28,10,91,14,8,22,113
08/24/2016,GTF,MT,ANM,WE,Combined TRACON& Tower with Radar,11,33,14,7,65,0,1,14,6,21,11,34,28,13,86,6,22,28,114
08/25/2016,GTF,MT,ANM,WE,Combined TRACON& Tower with Radar,13,33,13,11,70,0,0,22,5,27,13,33,35,16,97,8,12,20,117
08/26/2016,GTF,MT,ANM,WE,Combined TRACON& Tower with Radar,14,37,4,2,57,0,0,12,0,12,14,37,16,2,69,0,0,0,69
08/27/2016,GTF,MT,ANM,WE,Combined TRACON& Tower with Radar,7,14,12,0,33,0,0,19,1,20,7,14,31,1,53,18,0,18,71
08/28/2016,GTF,MT,ANM,WE,Combined TRACON& Tower with Radar,9,19,20,1,49,0,1,37,0,38,9,20,57,1,87,16,0,16,103
08/29/2016,GTF,MT,ANM,WE,Combined TRACON& Tower with Radar,10,27,4,6,47,0,0,17,0,17,10,27,21,6,64,6,0,6,70
08/30/2016,GTF,MT,ANM,WE,Combined TRACON& Tower with Radar,9,35,11,5,60,0,2,19,7,28,9,37,30,12,88,10,18,28,116
08/31/2016,GTF,MT,ANM,WE,Combined TRACON& Tower with Radar,8,36,17,12,73,0,0,8,19,27,8,36,25,31,100,0,56,56,156
09/01/2016,GTF,MT,ANM,WE,Combined TRACON& Tower with Radar,11,43,7,5,66,0,2,20,3,25,11,45,27,8,91,6,0,6,97
09/02/2016,GTF,MT,ANM,WE,Combined TRACON& Tower with Radar,12,41,19,7,79,0,5,21,0,26,12,46,40,7,105,14,0,14,119
09/03/2016,GTF,MT,ANM,WE,Combined TRACON& Tower with Radar,7,23,8,6,44,0,0,26,0,26,7,23,34,6,70,2,0,2,72
09/04/2016,GTF,MT,ANM,WE,Combined TRACON& Tower with Radar,9,14,6,0,29,0,0,0,0,0,9,14,6,0,29,0,0,0,29
09/05/2016,GTF,MT,ANM,WE,Combined TRACON& Tower with Radar,8,13,6,2,29,0,3,8,0,11,8,16,14,2,40,0,0,0,40
09/06/2016,GTF,MT,ANM,WE,Combined TRACON& Tower with Radar,5,32,18,12,67,0,4,16,1,21,5,36,34,13,88,6,0,6,94
09/07/2016,GTF,MT,ANM,WE,Combined TRACON& Tower with Radar,8,36,10,19,73,0,2,11,7,20,8,38,21,26,93,20,20,40,133
09/08/2016,GTF,MT,ANM,WE,Combined TRACON& Tower with Radar,11,48,13,13,85,0,0,5,2,7,11,48,18,15,92,0,0,0,92
09/09/2016,GTF,MT,ANM,WE,Combined TRACON& Tower with Radar,12,32,13,14,71,0,3,29,6,38,12,35,42,20,109,20,6,26,135
09/10/2016,GTF,MT,ANM,WE,Combined TRACON& Tower with Radar,7,16,15,1,39,0,4,13,6,23,7,20,28,7,62,0,10,10,72
09/11/2016,GTF,MT,ANM,WE,Combined TRACON& Tower with Radar,11,20,14,3,48,0,4,3,0,7,11,24,17,3,55,0,0,0,55
09/12/2016,GTF,MT,ANM,WE,Combined TRACON& Tower with Radar,10,25,16,15,66,0,0,0,0,0,10,25,16,15,66,20,0,20,86
09/13/2016,GTF,MT,ANM,WE,Combined TRACON& Tower with Radar,9,38,26,12,85,0,4,33,4,41,9,42,59,16,126,22,14,36,162
09/14/2016,GTF,MT,ANM,WE,Combined TRACON& Tower with Radar,8,36,9,13,66,0,1,33,2,36,8,37,42,15,102,34,12,46,148
09/15/2016,GTF,MT,ANM,WE,Combined TRACON& Tower with Radar,13,34,19,13,79,0,3,22,3,28,13,37,41,16,107,28,0,28,135
09/16/2016,GTF,MT,ANM,WE,Combined TRACON& Tower with Radar,12,34,10,15,71,0,7,16,7,30,12,41,26,22,101,10,12,22,123
09/17/2016,GTF,MT,ANM,WE,Combined TRACON& Tower with Radar,9,16,12,1,38,0,3,5,1,9,9,19,17,2,47,0,0,0,47
09/18/2016,GTF,MT,ANM,WE,Combined TRACON& Tower with Radar,10,15,9,1,35,0,0,3,0,3,10,15,12,1,38,0,0,0,38
09/19/2016,GTF,MT,ANM,WE,Combined TRACON& Tower with Radar,9,27,3,13,52,0,0,15,2,17,9,27,18,15,69,46,2,48,117
09/20/2016,GTF,MT,ANM,WE,Combined TRACON& Tower with Radar,9,38,11,26,84,0,0,21,4,25,9,38,32,30,109,8,10,18,127
09/21/2016,GTF,MT,ANM,WE,Combined TRACON& Tower with Radar,7,34,13,18,72,0,0,4,0,4,7,34,17,18,76,0,0,0,76
09/22/2016,GTF,MT,ANM,WE,Combined TRACON& Tower with Radar,12,34,17,1,64,0,3,2,0,5,12,37,19,1,69,0,0,0,69
09/23/2016,GTF,MT,ANM,WE,Combined TRACON& Tower with Radar,12,34,11,0,57,0,1,2,0,3,12,35,13,0,60,0,0,0,60
09/24/2016,GTF,MT,ANM,WE,Combined TRACON& Tower with Radar,7,20,11,4,42,0,0,10,0,10,7,20,21,4,52,6,0,6,58
09/25/2016,GTF,MT,ANM,WE,Combined TRACON& Tower with Radar,10,16,12,2,40,0,2,13,0,15,10,18,25,2,55,28,0,28,83
09/26/2016,GTF,MT,ANM,WE,Combined TRACON& Tower with Radar,10,26,5,7,48,0,0,15,1,16,10,26,20,8,64,30,0,30,94
09/27/2016,GTF,MT,ANM,WE,Combined TRACON& Tower with Radar,10,34,14,10,68,0,2,12,2,16,10,36,26,12,84,38,14,52,136
09/28/2016,GTF,MT,ANM,WE,Combined TRACON& Tower with Radar,8,35,12,18,73,0,4,22,4,30,8,39,34,22,103,14,36,50,153
09/29/2016,GTF,MT,ANM,WE,Combined TRACON& Tower with Radar,11,32,17,9,69,0,4,18,3,25,11,36,35,12,94,44,12,56,150
09/30/2016,GTF,MT,ANM,WE,Combined TRACON& Tower with Radar,12,36,20,9,77,0,1,25,1,27,12,37,45,10,104,10,0,10,114
10/01/2016,GTF,MT,ANM,WE,Combined TRACON& Tower with Radar,9,17,11,3,40,0,2,16,1,19,9,19,27,4,59,28,0,28,87
10/02/2016,GTF,MT,ANM,WE,Combined TRACON& Tower with Radar,10,14,6,13,43,0,0,18,7,25,10,14,24,20,68,26,20,46,114
10/03/2016,GTF,MT,ANM,WE,Combined TRACON& Tower with Radar,9,30,4,2,45,0,0,0,0,0,9,30,4,2,45,0,0,0,45
10/04/2016,GTF,MT,ANM,WE,Combined TRACON& Tower with Radar,9,36,13,18,76,0,0,7,5,12,9,36,20,23,88,10,14,24,112
10/05/2016,GTF,MT,ANM,WE,Combined TRACON& Tower with Radar,10,35,23,5,73,0,0,8,10,18,10,35,31,15,91,24,22,46,137
10/06/2016,GTF,MT,ANM,WE,Combined TRACON& Tower with Radar,13,36,25,1,75,0,0,11,0,11,13,36,36,1,86,4,0,4,90
10/07/2016,GTF,MT,ANM,WE,Combined TRACON& Tower with Radar,12,34,16,5,67,0,0,7,1,8,12,34,23,6,75,22,0,22,97
10/08/2016,GTF,MT,ANM,WE,Combined TRACON& Tower with Radar,9,17,11,2,39,0,0,15,0,15,9,17,26,2,54,18,0,18,72
10/09/2016,GTF,MT,ANM,WE,Combined TRACON& Tower with Radar,10,19,7,12,48,0,1,5,0,6,10,20,12,12,54,10,0,10,64
10/10/2016,GTF,MT,ANM,WE,Combined TRACON& Tower with Radar,11,21,4,0,36,0,2,0,0,2,11,23,4,0,38,0,0,0,38
10/11/2016,GTF,MT,ANM,WE,Combined TRACON& Tower with Radar,13,28,11,15,67,0,3,3,3,9,13,31,14,18,76,32,6,38,114
10/12/2016,GTF,MT,ANM,WE,Combined TRACON& Tower with Radar,8,33,24,23,88,0,0,17,7,24,8,33,41,30,112,14,30,44,156
10/13/2016,GTF,MT,ANM,WE,Combined TRACON& Tower with Radar,11,34,19,13,77,0,0,10,7,17,11,34,29,20,94,16,18,34,128
10/14/2016,GTF,MT,ANM,WE,Combined TRACON& Tower with Radar,11,34,7,6,58,0,2,4,0,6,11,36,11,6,64,0,0,0,64
10/15/2016,GTF,MT,ANM,WE,Combined TRACON& Tower with Radar,10,22,4,0,36,0,1,9,0,10,10,23,13,0,46,12,2,14,60
10/16/2016,GTF,MT,ANM,WE,Combined TRACON& Tower with Radar,10,14,10,0,34,0,0,2,0,2,10,14,12,0,36,0,0,0,36
10/17/2016,GTF,MT,ANM,WE,Combined TRACON& Tower with Radar,9,32,6,4,51,0,2,1,0,3,9,34,7,4,54,0,0,0,54
10/18/2016,GTF,MT,ANM,WE,Combined TRACON& Tower with Radar,11,38,19,14,82,0,0,8,2,10,11,38,27,16,92,6,2,8,100
10/19/2016,GTF,MT,ANM,WE,Combined TRACON& Tower with Radar,9,36,20,10,75,0,2,14,3,19,9,38,34,13,94,28,0,28,122
10/20/2016,GTF,MT,ANM,WE,Combined TRACON& Tower with Radar,13,37,11,2,63,0,2,14,0,16,13,39,25,2,79,4,0,4,83
10/21/2016,GTF,MT,ANM,WE,Combined TRACON& Tower with Radar,13,32,14,5,64,0,0,20,1,21,13,32,34,6,85,46,0,46,131
10/22/2016,GTF,MT,ANM,WE,Combined TRACON& Tower with Radar,7,24,6,1,38,0,0,3,1,4,7,24,9,2,42,16,0,16,58
10/23/2016,GTF,MT,ANM,WE,Combined TRACON& Tower with Radar,10,14,2,2,28,0,0,14,0,14,10,14,16,2,42,30,0,30,72
10/24/2016,GTF,MT,ANM,WE,Combined TRACON& Tower with Radar,9,27,19,9,64,0,0,16,0,16,9,27,35,9,80,6,10,16,96
10/25/2016,GTF,MT,ANM,WE,Combined TRACON& Tower with Radar,11,33,19,11,74,0,0,8,0,8,11,33,27,11,82,12,0,12,94
10/26/2016,GTF,MT,ANM,WE,Combined TRACON& Tower with Radar,8,30,19,9,66,0,0,12,0,12,8,30,31,9,78,0,4,4,82
10/27/2016,GTF,MT,ANM,WE,Combined TRACON& Tower with Radar,11,36,12,5,64,0,0,7,1,8,11,36,19,6,72,6,0,6,78
10/28/2016,GTF,MT,ANM,WE,Combined TRACON& Tower with Radar,14,33,14,0,61,0,0,9,2,11,14,33,23,2,72,12,0,12,84
10/29/2016,GTF,MT,ANM,WE,Combined TRACON& Tower with Radar,7,17,2,1,27,0,0,21,3,24,7,17,23,4,51,16,0,16,67
10/30/2016,GTF,MT,ANM,WE,Combined TRACON& Tower with Radar,10,19,5,0,34,0,0,23,0,23,10,19,28,0,57,6,0,6,63
10/31/2016,GTF,MT,ANM,WE,Combined TRACON& Tower with Radar,9,26,5,0,40,0,2,0,1,3,9,28,5,1,43,0,0,0,43
11/01/2016,GTF,MT,ANM,WE,Combined TRACON& Tower with Radar,9,36,17,7,69,0,1,2,2,5,9,37,19,9,74,16,0,16,90
11/02/2016,GTF,MT,ANM,WE,Combined TRACON& Tower with Radar,8,33,13,12,66,0,2,6,0,8,8,35,19,12,74,0,0,0,74
11/03/2016,GTF,MT,ANM,WE,Combined TRACON& Tower with Radar,15,30,20,6,71,0,0,15,0,15,15,30,35,6,86,28,0,28,114
11/04/2016,GTF,MT,ANM,WE,Combined TRACON& Tower with Radar,11,31,15,7,64,0,0,24,1,25,11,31,39,8,89,52,0,52,141
11/05/2016,GTF,MT,ANM,WE,Combined TRACON& Tower with Radar,6,17,6,1,30,0,1,25,4,30,6,18,31,5,60,38,0,38,98
11/06/2016,GTF,MT,ANM,WE,Combined TRACON& Tower with Radar,10,10,18,3,41,0,0,11,1,12,10,10,29,4,53,38,0,38,91
11/07/2016,GTF,MT,ANM,WE,Combined TRACON& Tower with Radar,11,25,6,10,52,0,0,10,3,13,11,25,16,13,65,26,0,26,91
11/08/2016,GTF,MT,ANM,WE,Combined TRACON& Tower with Radar,8,30,10,11,59,0,0,13,6,19,8,30,23,17,78,18,8,26,104
11/09/2016,GTF,MT,ANM,WE,Combined TRACON& Tower with Radar,9,31,16,7,63,0,0,13,2,15,9,31,29,9,78,14,2,16,94
11/10/2016,GTF,MT,ANM,WE,Combined TRACON& Tower with Radar,13,32,20,7,72,0,2,9,0,11,13,34,29,7,83,10,0,10,93
11/11/2016,GTF,MT,ANM,WE,Combined TRACON& Tower with Radar,12,34,16,4,66,0,1,15,0,16,12,35,31,4,82,0,0,0,82
11/12/2016,GTF,MT,ANM,WE,Combined TRACON& Tower with Radar,7,17,10,4,38,0,0,13,0,13,7,17,23,4,51,10,0,10,61
11/13/2016,GTF,MT,ANM,WE,Combined TRACON& Tower with Radar,10,13,2,0,25,0,0,9,0,9,10,13,11,0,34,0,0,0,34
11/14/2016,GTF,MT,ANM,WE,Combined TRACON& Tower with Radar,8,27,6,4,45,0,0,6,1,7,8,27,12,5,52,4,0,4,56
11/15/2016,GTF,MT,ANM,WE,Combined TRACON& Tower with Radar,9,36,20,16,81,0,2,2,3,7,9,38,22,19,88,6,0,6,94
11/16/2016,GTF,MT,ANM,WE,Combined TRACON& Tower with Radar,8,33,12,10,63,0,1,3,0,4,8,34,15,10,67,6,0,6,73
11/17/2016,GTF,MT,ANM,WE,Combined TRACON& Tower with Radar,11,43,9,0,63,0,8,6,1,15,11,51,15,1,78,20,0,20,98
11/18/2016,GTF,MT,ANM,WE,Combined TRACON& Tower with Radar,14,34,1,15,64,0,2,18,1,21,14,36,19,16,85,12,2,14,99
11/19/2016,GTF,MT,ANM,WE,Combined TRACON& Tower with Radar,8,23,4,9,44,0,0,9,1,10,8,23,13,10,54,2,0,2,56
11/20/2016,GTF,MT,ANM,WE,Combined TRACON& Tower with Radar,10,12,10,4,36,0,0,17,0,17,10,12,27,4,53,40,0,40,93
11/21/2016,GTF,MT,ANM,WE,Combined TRACON& Tower with Radar,10,25,2,5,42,0,0,15,2,17,10,25,17,7,59,22,0,22,81
11/22/2016,GTF,MT,ANM,WE,Combined TRACON& Tower with Radar,8,33,9,17,67,0,4,18,1,23,8,37,27,18,90,2,14,16,106
11/23/2016,GTF,MT,ANM,WE,Combined TRACON& Tower with Radar,13,39,10,7,69,0,2,9,5,16,13,41,19,12,85,6,2,8,93
11/24/2016,GTF,MT,ANM,WE,Combined TRACON& Tower with Radar,3,10,0,2,15,0,2,0,0,2,3,12,0,2,17,0,0,0,17
11/25/2016,GTF,MT,ANM,WE,Combined TRACON& Tower with Radar,10,31,3,2,46,0,0,4,0,4,10,31,7,2,50,0,0,0,50
11/26/2016,GTF,MT,ANM,WE,Combined TRACON& Tower with Radar,7,21,5,4,37,0,0,12,0,12,7,21,17,4,49,8,0,8,57
11/27/2016,GTF,MT,ANM,WE,Combined TRACON& Tower with Radar,14,15,8,3,40,0,4,13,0,17,14,19,21,3,57,26,0,26,83
11/28/2016,GTF,MT,ANM,WE,Combined TRACON& Tower with Radar,9,32,5,6,52,0,0,7,0,7,9,32,12,6,59,20,0,20,79
11/29/2016,GTF,MT,ANM,WE,Combined TRACON& Tower with Radar,11,37,10,13,71,0,0,8,2,10,11,37,18,15,81,0,8,8,89
11/30/2016,GTF,MT,ANM,WE,Combined TRACON& Tower with Radar,12,35,9,5,61,0,2,19,0,21,12,37,28,5,82,12,0,12,94
12/01/2016,GTF,MT,ANM,WE,Combined TRACON& Tower with Radar,13,33,12,8,66,0,0,0,0,0,13,33,12,8,66,6,2,8,74
12/02/2016,GTF,MT,ANM,WE,Combined TRACON& Tower with Radar,10,42,12,4,68,0,2,17,0,19,10,44,29,4,87,0,0,0,87
12/03/2016,GTF,MT,ANM,WE,Combined TRACON& Tower with Radar,7,18,11,0,36,0,0,10,0,10,7,18,21,0,46,4,0,4,50
12/04/2016,GTF,MT,ANM,WE,Combined TRACON& Tower with Radar,19,14,7,0,40,0,1,1,0,2,19,15,8,0,42,0,0,0,42
12/05/2016,GTF,MT,ANM,WE,Combined TRACON& Tower with Radar,9,27,12,2,50,0,4,2,0,6,9,31,14,2,56,6,0,6,62
12/06/2016,GTF,MT,ANM,WE,Combined TRACON& Tower with Radar,12,36,17,3,68,0,2,0,0,2,12,38,17,3,70,0,0,0,70
12/07/2016,GTF,MT,ANM,WE,Combined TRACON& Tower with Radar,12,41,16,9,78,0,1,7,0,8,12,42,23,9,86,16,0,16,102
12/08/2016,GTF,MT,ANM,WE,Combined TRACON& Tower with Radar,13,32,17,2,64,0,3,5,0,8,13,35,22,2,72,16,16,32,104
12/09/2016,GTF,MT,ANM,WE,Combined TRACON& Tower with Radar,9,44,13,2,68,0,2,5,0,7,9,46,18,2,75,0,0,0,75
12/10/2016,GTF,MT,ANM,WE,Combined TRACON& Tower with Radar,8,15,12,0,35,0,6,6,0,12,8,21,18,0,47,10,0,10,57
12/11/2016,GTF,MT,ANM,WE,Combined TRACON& Tower with Radar,12,18,3,0,33,0,4,1,0,5,12,22,4,0,38,0,0,0,38
12/12/2016,GTF,MT,ANM,WE,Combined TRACON& Tower with Radar,11,26,8,4,49,0,2,0,0,2,11,28,8,4,51,0,0,0,51
12/13/2016,GTF,MT,ANM,WE,Combined TRACON& Tower with Radar,9,43,26,22,100,0,5,5,2,12,9,48,31,24,112,30,8,38,150
12/14/2016,GTF,MT,ANM,WE,Combined TRACON& Tower with Radar,8,40,12,26,86,0,2,11,0,13,8,42,23,26,99,22,0,22,121
12/15/2016,GTF,MT,ANM,WE,Combined TRACON& Tower with Radar,12,35,13,0,60,0,0,0,0,0,12,35,13,0,60,0,0,0,60
12/16/2016,GTF,MT,ANM,WE,Combined TRACON& Tower with Radar,14,48,7,4,73,0,0,0,0,0,14,48,7,4,73,0,0,0,73
12/17/2016,GTF,MT,ANM,WE,Combined TRACON& Tower with Radar,9,22,13,0,44,0,1,3,0,4,9,23,16,0,48,2,0,2,50
12/18/2016,GTF,MT,ANM,WE,Combined TRACON& Tower with Radar,13,14,4,0,31,0,0,2,0,2,13,14,6,0,33,0,0,0,33
12/19/2016,GTF,MT,ANM,WE,Combined TRACON& Tower with Radar,12,23,7,0,42,0,0,3,0,3,12,23,10,0,45,0,0,0,45
12/20/2016,GTF,MT,ANM,WE,Combined TRACON& Tower with Radar,14,39,14,13,80,0,0,1,0,1,14,39,15,13,81,0,6,6,87
12/21/2016,GTF,MT,ANM,WE,Combined TRACON& Tower with Radar,14,42,12,9,77,0,2,8,2,12,14,44,20,11,89,6,0,6,95
12/22/2016,GTF,MT,ANM,WE,Combined TRACON& Tower with Radar,15,40,13,2,70,0,4,20,0,24,15,44,33,2,94,22,0,22,116
12/23/2016,GTF,MT,ANM,WE,Combined TRACON& Tower with Radar,15,45,10,2,72,0,1,6,0,7,15,46,16,2,79,2,0,2,81
12/24/2016,GTF,MT,ANM,WE,Combined TRACON& Tower with Radar,11,20,1,0,32,0,0,0,0,0,11,20,1,0,32,0,0,0,32
12/25/2016,GTF,MT,ANM,WE,Combined TRACON& Tower with Radar,6,9,0,0,15,0,2,0,0,2,6,11,0,0,17,0,0,0,17
12/26/2016,GTF,MT,ANM,WE,Combined TRACON& Tower with Radar,9,15,4,0,28,0,1,6,0,7,9,16,10,0,35,0,0,0,35
12/27/2016,GTF,MT,ANM,WE,Combined TRACON& Tower with Radar,14,26,8,6,54,0,0,2,1,3,14,26,10,7,57,0,4,4,61
12/28/2016,GTF,MT,ANM,WE,Combined TRACON& Tower with Radar,8,35,13,2,58,0,2,4,2,8,8,37,17,4,66,10,0,10,76
12/29/2016,GTF,MT,ANM,WE,Combined TRACON& Tower with Radar,13,37,11,2,63,0,4,3,0,7,13,41,14,2,70,2,0,2,72
12/30/2016,GTF,MT,ANM,WE,Combined TRACON& Tower with Radar,12,30,3,0,45,0,0,10,0,10,12,30,13,0,55,8,0,8,63
12/31/2016,GTF,MT,ANM,WE,Combined TRACON& Tower with Radar,9,26,2,0,37,0,0,6,1,7,9,26,8,1,44,0,0,0,44
01/01/2017,GTF,MT,ANM,WE,Combined TRACON& Tower with Radar,6,14,0,0,20,0,1,0,0,1,6,15,0,0,21,8,0,8,29
01/02/2017,GTF,MT,ANM,WE,Combined TRACON& Tower with Radar,8,21,4,0,33,0,0,0,0,0,8,21,4,0,33,0,0,0,33
01/03/2017,GTF,MT,ANM,WE,Combined TRACON& Tower with Radar,10,29,6,0,45,0,1,1,0,2,10,30,7,0,47,0,0,0,47
01/04/2017,GTF,MT,ANM,WE,Combined TRACON& Tower with Radar,8,31,8,30,77,0,0,14,1,15,8,31,22,31,92,18,26,44,136
01/05/2017,GTF,MT,ANM,WE,Combined TRACON& Tower with Radar,11,35,14,12,72,0,1,6,2,9,11,36,20,14,81,12,22,34,115
01/06/2017,GTF,MT,ANM,WE,Combined TRACON& Tower with Radar,14,40,8,3,65,0,0,2,1,3,14,40,10,4,68,0,2,2,70
01/07/2017,GTF,MT,ANM,WE,Combined TRACON& Tower with Radar,11,21,6,1,39,0,0,7,3,10,11,21,13,4,49,0,26,26,75
01/08/2017,GTF,MT,ANM,WE,Combined TRACON& Tower with Radar,10,12,4,0,26,0,2,6,1,9,10,14,10,1,35,0,0,0,35
01/09/2017,GTF,MT,ANM,WE,Combined TRACON& Tower with Radar,9,23,4,0,36,0,1,0,0,1,9,24,4,0,37,0,0,0,37
01/10/2017,GTF,MT,ANM,WE,Combined TRACON& Tower with Radar,9,30,5,2,46,0,1,1,0,2,9,31,6,2,48,10,0,10,58
01/11/2017,GTF,MT,ANM,WE,Combined TRACON& Tower with Radar,8,39,9,16,72,0,2,3,1,6,8,41,12,17,78,0,32,32,110
01/12/2017,GTF,MT,ANM,WE,Combined TRACON& Tower with Radar,10,41,10,14,75,0,5,4,4,13,10,46,14,18,88,16,8,24,112
01/13/2017,GTF,MT,ANM,WE,Combined TRACON& Tower with Radar,14,31,4,10,59,0,1,5,1,7,14,32,9,11,66,0,2,2,68
01/14/2017,GTF,MT,ANM,WE,Combined TRACON& Tower with Radar,11,16,10,0,37,0,0,4,0,4,11,16,14,0,41,18,0,18,59
01/15/2017,GTF,MT,ANM,WE,Combined TRACON& Tower with Radar,9,9,5,0,23,0,0,12,0,12,9,9,17,0,35,4,0,4,39
01/16/2017,GTF,MT,ANM,WE,Combined TRACON& Tower with Radar,8,24,6,3,41,0,1,10,0,11,8,25,16,3,52,12,0,12,64
01/17/2017,GTF,MT,ANM,WE,Combined TRACON& Tower with Radar,12,29,7,20,68,0,2,4,0,6,12,31,11,20,74,6,1,7,81
01/18/2017,GTF,MT,ANM,WE,Combined TRACON& Tower with Radar,11,33,4,21,69,0,1,4,6,11,11,34,8,27,80,32,66,98,178
01/19/2017,GTF,MT,ANM,WE,Combined TRACON& Tower with Radar,12,31,14,8,65,0,0,3,2,5,12,31,17,10,70,46,2,48,118
01/20/2017,GTF,MT,ANM,WE,Combined TRACON& Tower with Radar,14,33,16,8,71,0,0,11,0,11,14,33,27,8,82,20,0,20,102
01/21/2017,GTF,MT,ANM,WE,Combined TRACON& Tower with Radar,7,25,6,2,40,0,2,14,0,16,7,27,20,2,56,6,0,6,62
01/22/2017,GTF,MT,ANM,WE,Combined TRACON& Tower with Radar,10,12,4,0,26,0,0,11,0,11,10,12,15,0,37,0,0,0,37
01/23/2017,GTF,MT,ANM,WE,Combined TRACON& Tower with Radar,14,19,18,0,51,0,1,0,0,1,14,20,18,0,52,0,0,0,52
01/24/2017,GTF,MT,ANM,WE,Combined TRACON& Tower with Radar,12,34,7,9,62,0,1,5,1,7,12,35,12,10,69,0,2,2,71
01/25/2017,GTF,MT,ANM,WE,Combined TRACON& Tower with Radar,8,34,16,26,84,0,0,11,0,11,8,34,27,26,95,22,0,22,117
01/26/2017,GTF,MT,ANM,WE,Combined TRACON& Tower with Radar,11,29,22,4,66,0,0,17,2,19,11,29,39,6,85,26,0,26,111
01/27/2017,GTF,MT,ANM,WE,Combined TRACON& Tower with Radar,12,30,13,1,56,0,0,11,1,12,12,30,24,2,68,26,0,26,94
01/28/2017,GTF,MT,ANM,WE,Combined TRACON& Tower with Radar,7,19,12,2,40,0,0,11,1,12,7,19,23,3,52,12,0,12,64
01/29/2017,GTF,MT,ANM,WE,Combined TRACON& Tower with Radar,10,16,6,1,33,0,0,0,0,0,10,16,6,1,33,0,0,0,33
01/30/2017,GTF,MT,ANM,WE,Combined TRACON& Tower with Radar,9,24,7,0,40,0,1,2,0,3,9,25,9,0,43,14,0,14,57
01/31/2017,GTF,MT,ANM,WE,Combined TRACON& Tower with Radar,9,28,6,2,45,0,0,0,4,4,9,28,6,6,49,0,8,8,57
02/01/2017,GTF,MT,ANM,WE,Combined TRACON& Tower with Radar,8,33,4,11,56,0,1,3,3,7,8,34,7,14,63,34,10,44,107
02/02/2017,GTF,MT,ANM,WE,Combined TRACON& Tower with Radar,11,32,12,4,59,0,0,11,2,13,11,32,23,6,72,4,2,6,78
02/03/2017,GTF,MT,ANM,WE,Combined TRACON& Tower with Radar,12,33,3,12,60,0,2,1,0,3,12,35,4,12,63,0,0,0,63
02/04/2017,GTF,MT,ANM,WE,Combined TRACON& Tower with Radar,6,22,2,0,30,0,3,0,0,3,6,25,2,0,33,0,0,0,33
02/05/2017,GTF,MT,ANM,WE,Combined TRACON& Tower with Radar,11,11,0,0,22,0,1,0,0,1,11,12,0,0,23,0,0,0,23
02/06/2017,GTF,MT,ANM,WE,Combined TRACON& Tower with Radar,10,25,5,4,44,0,0,0,0,0,10,25,5,4,44,0,0,0,44
02/07/2017,GTF,MT,ANM,WE,Combined TRACON& Tower with Radar,10,39,18,5,72,0,2,4,1,7,10,41,22,6,79,0,0,0,79
02/08/2017,GTF,MT,ANM,WE,Combined TRACON& Tower with Radar,30,35,15,3,83,0,2,14,1,17,30,37,29,4,100,6,0,6,106
02/09/2017,GTF,MT,ANM,WE,Combined TRACON& Tower with Radar,10,41,11,2,64,0,3,1,0,4,10,44,12,2,68,0,2,2,70
02/10/2017,GTF,MT,ANM,WE,Combined TRACON& Tower with Radar,11,37,11,6,65,0,1,5,1,7,11,38,16,7,72,16,0,16,88
02/11/2017,GTF,MT,ANM,WE,Combined TRACON& Tower with Radar,7,23,8,2,40,0,2,6,2,10,7,25,14,4,50,0,0,0,50
02/12/2017,GTF,MT,ANM,WE,Combined TRACON& Tower with Radar,10,15,9,3,37,0,0,6,0,6,10,15,15,3,43,0,0,0,43
02/13/2017,GTF,MT,ANM,WE,Combined TRACON& Tower with Radar,9,20,8,13,50,0,3,9,6,18,9,23,17,19,68,4,18,22,90
02/14/2017,GTF,MT,ANM,WE,Combined TRACON& Tower with Radar,11,36,17,8,72,0,5,22,7,34,11,41,39,15,106,20,4,24,130
02/15/2017,GTF,MT,ANM,WE,Combined TRACON& Tower with Radar,10,30,19,10,69,2,0,12,6,20,12,30,31,16,89,8,2,10,99
02/16/2017,GTF,MT,ANM,WE,Combined TRACON& Tower with Radar,11,33,12,2,58,0,1,11,3,15,11,34,23,5,73,0,4,4,77
02/17/2017,GTF,MT,ANM,WE,Combined TRACON& Tower with Radar,10,29,10,0,49,0,0,8,0,8,10,29,18,0,57,8,0,8,65
02/18/2017,GTF,MT,ANM,WE,Combined TRACON& Tower with Radar,6,19,4,5,34,0,0,11,5,16,6,19,15,10,50,36,0,36,86
02/19/2017,GTF,MT,ANM,WE,Combined TRACON& Tower with Radar,10,10,7,0,27,0,2,5,0,7,10,12,12,0,34,8,0,8,42
02/20/2017,GTF,MT,ANM,WE,Combined TRACON& Tower with Radar,10,24,7,0,41,0,0,7,2,9,10,24,14,2,50,8,0,8,58
02/21/2017,GTF,MT,ANM,WE,Combined TRACON& Tower with Radar,11,29,15,13,68,0,0,4,7,11,11,29,19,20,79,4,22,26,105
02/22/2017,GTF,MT,ANM,WE,Combined TRACON& Tower with Radar,8,44,6,22,80,0,0,0,7,7,8,44,6,29,87,0,6,6,93
02/23/2017,GTF,MT,ANM,WE,Combined TRACON& Tower with Radar,11,37,17,6,71,0,1,1,0,2,11,38,18,6,73,0,0,0,73
02/24/2017,GTF,MT,ANM,WE,Combined TRACON& Tower with Radar,12,33,13,4,62,0,1,7,0,8,12,34,20,4,70,4,0,4,74
02/25/2017,GTF,MT,ANM,WE,Combined TRACON& Tower with Radar,7,19,8,0,34,0,0,2,0,2,7,19,10,0,36,0,0,0,36
02/26/2017,GTF,MT,ANM,WE,Combined TRACON& Tower with Radar,10,13,5,0,28,0,1,0,0,1,10,14,5,0,29,0,0,0,29
02/27/2017,GTF,MT,ANM,WE,Combined TRACON& Tower with Radar,9,21,4,6,40,0,1,14,12,27,9,22,18,18,67,68,0,68,135
02/28/2017,GTF,MT,ANM,WE,Combined TRACON& Tower with Radar,12,36,12,3,63,0,2,5,10,17,12,38,17,13,80,36,0,36,116
03/01/2017,GTF,MT,ANM,WE,Combined TRACON& Tower with Radar,8,31,6,0,45,0,1,3,0,4,8,32,9,0,49,0,0,0,49
03/02/2017,GTF,MT,ANM,WE,Combined TRACON& Tower with Radar,12,36,9,8,65,0,1,13,3,17,12,37,22,11,82,16,0,16,98
03/03/2017,GTF,MT,ANM,WE,Combined TRACON& Tower with Radar,12,36,10,1,59,0,0,4,1,5,12,36,14,2,64,0,0,0,64
03/04/2017,GTF,MT,ANM,WE,Combined TRACON& Tower with Radar,7,15,9,4,35,0,1,5,4,10,7,16,14,8,45,0,6,6,51
03/05/2017,GTF,MT,ANM,WE,Combined TRACON& Tower with Radar,12,18,1,1,32,0,1,0,0,1,12,19,1,1,33,0,0,0,33
03/06/2017,GTF,MT,ANM,WE,Combined TRACON& Tower with Radar,10,31,12,8,61,0,2,3,9,14,10,33,15,17,75,8,4,12,87
03/07/2017,GTF,MT,ANM,WE,Combined TRACON& Tower with Radar,14,36,2,8,60,0,3,5,10,18,14,39,7,18,78,4,0,4,82
03/08/2017,GTF,MT,ANM,WE,Combined TRACON& Tower with Radar,11,37,10,5,63,0,2,2,5,9,11,39,12,10,72,0,2,2,74
03/09/2017,GTF,MT,ANM,WE,Combined TRACON& Tower with Radar,13,36,11,8,68,0,0,0,0,0,13,36,11,8,68,0,0,0,68
03/10/2017,GTF,MT,ANM,WE,Combined TRACON& Tower with Radar,12,41,9,4,66,0,1,4,5,10,12,42,13,9,76,0,0,0,76
03/11/2017,GTF,MT,ANM,WE,Combined TRACON& Tower with Radar,8,17,1,0,26,0,0,5,0,5,8,17,6,0,31,0,0,0,31
03/12/2017,GTF,MT,ANM,WE,Combined TRACON& Tower with Radar,14,10,4,0,28,0,0,3,0,3,14,10,7,0,31,24,0,24,55
03/13/2017,GTF,MT,ANM,WE,Combined TRACON& Tower with Radar,10,26,9,4,49,0,1,5,9,15,10,27,14,13,64,4,0,4,68
03/14/2017,GTF,MT,ANM,WE,Combined TRACON& Tower with Radar,13,35,9,2,59,0,0,11,2,13,13,35,20,4,72,16,0,16,88
03/15/2017,GTF,MT,ANM,WE,Combined TRACON& Tower with Radar,20,33,11,9,73,7,1,2,7,17,27,34,13,16,90,10,12,22,112
03/16/2017,GTF,MT,ANM,WE,Combined TRACON& Tower with Radar,12,39,8,4,63,0,0,9,3,12,12,39,17,7,75,14,0,14,89
03/17/2017,GTF,MT,ANM,WE,Combined TRACON& Tower with Radar,12,35,13,2,62,0,0,31,4,35,12,35,44,6,97,50,4,54,151
03/18/2017,GTF,MT,ANM,WE,Combined TRACON& Tower with Radar,8,16,3,1,28,0,0,16,0,16,8,16,19,1,44,20,0,20,64
03/19/2017,GTF,MT,ANM,WE,Combined TRACON& Tower with Radar,10,15,11,0,36,0,2,14,1,17,10,17,25,1,53,20,0,20,73
03/20/2017,GTF,MT,ANM,WE,Combined TRACON& Tower with Radar,10,24,10,2,46,0,0,6,3,9,10,24,16,5,55,0,3,3,58
03/21/2017,GTF,MT,ANM,WE,Combined TRACON& Tower with Radar,11,42,15,16,84,0,0,11,15,26,11,42,26,31,110,4,14,18,128
03/22/2017,GTF,MT,ANM,WE,Combined TRACON& Tower with Radar,7,33,11,4,55,0,0,15,9,24,7,33,26,13,79,42,6,48,127
03/23/2017,GTF,MT,ANM,WE,Combined TRACON& Tower with Radar,14,31,20,6,71,0,0,16,9,25,14,31,36,15,96,6,10,16,112
03/24/2017,GTF,MT,ANM,WE,Combined TRACON& Tower with Radar,12,41,11,4,68,0,0,22,4,26,12,41,33,8,94,6,4,10,104
03/25/2017,GTF,MT,ANM,WE,Combined TRACON& Tower with Radar,6,18,4,0,28,0,0,18,0,18,6,18,22,0,46,4,0,4,50
03/26/2017,GTF,MT,ANM,WE,Combined TRACON& Tower with Radar,11,14,11,0,36,0,0,25,0,25,11,14,36,0,61,18,0,18,79
03/27/2017,GTF,MT,ANM,WE,Combined TRACON& Tower with Radar,9,28,7,6,50,0,2,11,6,19,9,30,18,12,69,14,6,20,89
03/28/2017,GTF,MT,ANM,WE,Combined TRACON& Tower with Radar,13,37,13,1,64,0,0,9,3,12,13,37,22,4,76,6,1,7,83
03/29/2017,GTF,MT,ANM,WE,Combined TRACON& Tower with Radar,11,32,5,10,58,0,1,13,13,27,11,33,18,23,85,8,14,22,107
03/30/2017,GTF,MT,ANM,WE,Combined TRACON& Tower with Radar,9,36,21,10,76,0,0,13,16,29,9,36,34,26,105,10,4,14,119
03/31/2017,GTF,MT,ANM,WE,Combined TRACON& Tower with Radar,16,30,24,5,75,0,0,4,1,5,16,30,28,6,80,0,0,0,80
04/01/2017,GTF,MT,ANM,WE,Combined TRACON& Tower with Radar,7,15,4,1,27,0,0,16,0,16,7,15,20,1,43,6,0,6,49
04/02/2017,GTF,MT,ANM,WE,Combined TRACON& Tower with Radar,12,8,6,4,30,0,0,5,6,11,12,8,11,10,41,0,2,2,43
04/03/2017,GTF,MT,ANM,WE,Combined TRACON& Tower with Radar,9,27,11,0,47,0,2,1,1,4,9,29,12,1,51,28,0,28,79
04/04/2017,GTF,MT,ANM,WE,Combined TRACON& Tower with Radar,11,37,15,13,76,0,1,15,10,26,11,38,30,23,102,20,10,30,132
04/05/2017,GTF,MT,ANM,WE,Combined TRACON& Tower with Radar,9,30,12,8,59,0,0,11,10,21,9,30,23,18,80,28,10,38,118
04/06/2017,GTF,MT,ANM,WE,Combined TRACON& Tower with Radar,12,37,14,7,70,0,2,10,6,18,12,39,24,13,88,6,4,10,98
04/07/2017,GTF,MT,ANM,WE,Combined TRACON& Tower with Radar,11,36,13,2,62,0,0,10,6,16,11,36,23,8,78,10,0,10,88
04/08/2017,GTF,MT,ANM,WE,Combined TRACON& Tower with Radar,6,19,4,0,29,0,1,19,1,21,6,20,23,1,50,14,0,14,64
04/09/2017,GTF,MT,ANM,WE,Combined TRACON& Tower with Radar,12,10,1,0,23,0,1,0,0,1,12,11,1,0,24,0,0,0,24
04/10/2017,GTF,MT,ANM,WE,Combined TRACON& Tower with Radar,9,26,6,3,44,0,0,5,5,10,9,26,11,8,54,0,2,2,56
04/11/2017,GTF,MT,ANM,WE,Combined TRACON& Tower with Radar,11,30,11,5,57,0,0,16,11,27,11,30,27,16,84,24,0,24,108
04/12/2017,GTF,MT,ANM,WE,Combined TRACON& Tower with Radar,12,39,7,7,65,0,0,8,8,16,12,39,15,15,81,0,4,4,85
04/13/2017,GTF,MT,ANM,WE,Combined TRACON& Tower with Radar,14,32,12,11,69,0,4,5,6,15,14,36,17,17,84,0,12,12,96
04/14/2017,GTF,MT,ANM,WE,Combined TRACON& Tower with Radar,13,31,7,3,54,0,0,9,1,10,13,31,16,4,64,6,0,6,70
04/15/2017,GTF,MT,ANM,WE,Combined TRACON& Tower with Radar,6,22,2,0,30,0,0,0,0,0,6,22,2,0,30,0,0,0,30
04/16/2017,GTF,MT,ANM,WE,Combined TRACON& Tower with Radar,11,10,1,0,22,0,0,24,0,24,11,10,25,0,46,2,0,2,48
04/17/2017,GTF,MT,ANM,WE,Combined TRACON& Tower with Radar,9,30,17,3,59,0,0,3,10,13,9,30,20,13,72,6,0,6,78
04/18/2017,GTF,MT,ANM,WE,Combined TRACON& Tower with Radar,11,31,14,9,65,0,2,18,11,31,11,33,32,20,96,6,2,8,104
04/19/2017,GTF,MT,ANM,WE,Combined TRACON& Tower with Radar,9,34,20,3,66,0,5,28,12,45,9,39,48,15,111,8,2,10,121
04/20/2017,GTF,MT,ANM,WE,Combined TRACON& Tower with Radar,12,30,15,6,63,0,0,23,5,28,12,30,38,11,91,24,2,26,117
04/21/2017,GTF,MT,ANM,WE,Combined TRACON& Tower with Radar,10,34,6,1,51,0,0,1,4,5,10,34,7,5,56,0,0,0,56
04/22/2017,GTF,MT,ANM,WE,Combined TRACON& Tower with Radar,7,18,6,0,31,0,0,24,0,24,7,18,30,0,55,18,0,18,73
04/23/2017,GTF,MT,ANM,WE,Combined TRACON& Tower with Radar,11,11,4,0,26,0,0,6,0,6,11,11,10,0,32,20,0,20,52
04/24/2017,GTF,MT,ANM,WE,Combined TRACON& Tower with Radar,8,33,8,18,67,0,3,8,11,22,8,36,16,29,89,10,8,18,107
04/25/2017,GTF,MT,ANM,WE,Combined TRACON& Tower with Radar,10,34,16,10,70,0,1,6,4,11,10,35,22,14,81,4,16,20,101
04/26/2017,GTF,MT,ANM,WE,Combined TRACON& Tower with Radar,9,33,12,8,62,0,3,3,8,14,9,36,15,16,76,6,6,12,88
04/27/2017,GTF,MT,ANM,WE,Combined TRACON& Tower with Radar,12,32,8,11,63,0,0,1,4,5,12,32,9,15,68,14,16,30,98
04/28/2017,GTF,MT,ANM,WE,Combined TRACON& Tower with Radar,12,31,17,3,63,0,0,12,6,18,12,31,29,9,81,14,0,14,95
04/29/2017,GTF,MT,ANM,WE,Combined TRACON& Tower with Radar,6,17,5,3,31,0,1,32,0,33,6,18,37,3,64,2,0,2,66
04/30/2017,GTF,MT,ANM,WE,Combined TRACON& Tower with Radar,11,18,3,0,32,0,0,10,0,10,11,18,13,0,42,6,0,6,48
05/01/2017,GTF,MT,ANM,WE,Combined TRACON& Tower with Radar,8,30,2,11,51,0,2,7,14,23,8,32,9,25,74,36,0,36,110
05/02/2017,GTF,MT,ANM,WE,Combined TRACON& Tower with Radar,12,36,6,11,65,0,2,2,12,16,12,38,8,23,81,6,14,20,101
05/03/2017,GTF,MT,ANM,WE,Combined TRACON& Tower with Radar,9,32,9,7,57,0,0,16,11,27,9,32,25,18,84,22,12,34,118
05/04/2017,GTF,MT,ANM,WE,Combined TRACON& Tower with Radar,11,34,4,11,60,0,2,30,13,45,11,36,34,24,105,0,26,26,131
05/05/2017,GTF,MT,ANM,WE,Combined TRACON& Tower with Radar,16,30,13,2,61,0,2,24,5,31,16,32,37,7,92,38,0,38,130
05/06/2017,GTF,MT,ANM,WE,Combined TRACON& Tower with Radar,11,15,3,0,29,0,2,27,0,29,11,17,30,0,58,0,0,0,58
05/07/2017,GTF,MT,ANM,WE,Combined TRACON& Tower with Radar,12,11,5,10,38,0,0,1,0,1,12,11,6,10,39,0,0,0,39
05/08/2017,GTF,MT,ANM,WE,Combined TRACON& Tower with Radar,10,27,15,3,55,0,0,26,9,35,10,27,41,12,90,36,0,36,126
05/09/2017,GTF,MT,ANM,WE,Combined TRACON& Tower with Radar,12,35,10,7,64,0,0,14,21,35,12,35,24,28,99,20,10,30,129
05/10/2017,GTF,MT,ANM,WE,Combined TRACON& Tower with Radar,9,36,12,23,80,0,2,17,11,30,9,38,29,34,110,34,10,44,154
05/11/2017,GTF,MT,ANM,WE,Combined TRACON& Tower with Radar,11,40,13,7,71,0,2,12,7,21,11,42,25,14,92,28,0,28,120
05/12/2017,GTF,MT,ANM,WE,Combined TRACON& Tower with Radar,13,38,9,3,63,0,1,5,3,9,13,39,14,6,72,10,0,10,82
05/13/2017,GTF,MT,ANM,WE,Combined TRACON& Tower with Radar,9,24,6,4,43,0,2,14,0,16,9,26,20,4,59,14,0,14,73
05/14/2017,GTF,MT,ANM,WE,Combined TRACON& Tower with Radar,10,15,7,1,33,0,0,6,1,7,10,15,13,2,40,14,0,14,54
05/15/2017,GTF,MT,ANM,WE,Combined TRACON& Tower with Radar,9,32,16,5,62,0,0,12,11,23,9,32,28,16,85,12,12,24,109
05/16/2017,GTF,MT,ANM,WE,Combined TRACON& Tower with Radar,10,32,18,11,71,0,0,11,6,17,10,32,29,17,88,24,32,56,144
05/17/2017,GTF,MT,ANM,WE,Combined TRACON& Tower with Radar,8,37,12,16,73,0,0,1,0,1,8,37,13,16,74,4,30,34,108
05/18/2017,GTF,MT,ANM,WE,Combined TRACON& Tower with Radar,13,35,20,5,73,0,0,18,12,30,13,35,38,17,103,14,36,50,153
05/19/2017,GTF,MT,ANM,WE,Combined TRACON& Tower with Radar,12,35,8,11,66,0,2,34,8,44,12,37,42,19,110,26,0,26,136
05/20/2017,GTF,MT,ANM,WE,Combined TRACON& Tower with Radar,8,14,7,3,32,0,3,39,0,42,8,17,46,3,74,10,0,10,84
05/21/2017,GTF,MT,ANM,WE,Combined TRACON& Tower with Radar,11,17,12,2,42,0,0,33,1,34,11,17,45,3,76,0,0,0,76
05/22/2017,GTF,MT,ANM,WE,Combined TRACON& Tower with Radar,9,30,11,4,54,0,1,14,7,22,9,31,25,11,76,6,0,6,82
05/23/2017,GTF,MT,ANM,WE,Combined TRACON& Tower with Radar,9,32,14,10,65,0,3,20,6,29,9,35,34,16,94,24,16,40,134
05/24/2017,GTF,MT,ANM,WE,Combined TRACON& Tower with Radar,9,32,8,0,49,0,1,3,0,4,9,33,11,0,53,0,0,0,53
05/25/2017,GTF,MT,ANM,WE,Combined TRACON& Tower with Radar,11,35,22,4,72,0,0,6,2,8,11,35,28,6,80,0,0,0,80
05/26/2017,GTF,MT,ANM,WE,Combined TRACON& Tower with Radar,13,35,11,0,59,0,0,17,4,21,13,35,28,4,80,32,0,32,112
05/27/2017,GTF,MT,ANM,WE,Combined TRACON& Tower with Radar,6,19,9,1,35,0,0,26,0,26,6,19,35,1,61,8,0,8,69
05/28/2017,GTF,MT,ANM,WE,Combined TRACON& Tower with Radar,9,19,6,1,35,0,2,18,5,25,9,21,24,6,60,0,0,0,60
05/29/2017,GTF,MT,ANM,WE,Combined TRACON& Tower with Radar,10,11,3,1,25,0,0,30,5,35,10,11,33,6,60,10,2,12,72
05/30/2017,GTF,MT,ANM,WE,Combined TRACON& Tower with Radar,6,28,11,4,49,0,2,31,13,46,6,30,42,17,95,14,2,16,111
05/31/2017,GTF,MT,ANM,WE,Combined TRACON& Tower with Radar,8,37,9,10,64,0,3,19,13,35,8,40,28,23,99,24,24,48,147
06/01/2017,GTF,MT,ANM,WE,Combined TRACON& Tower with Radar,15,36,8,6,65,0,3,9,9,21,15,39,17,15,86,20,12,32,118
06/02/2017,GTF,MT,ANM,WE,Combined TRACON& Tower with Radar,12,32,11,4,59,0,0,11,3,14,12,32,22,7,73,12,10,22,95
06/03/2017,GTF,MT,ANM,WE,Combined TRACON& Tower with Radar,5,20,2,0,27,0,2,8,3,13,5,22,10,3,40,20,0,20,60
06/04/2017,GTF,MT,ANM,WE,Combined TRACON& Tower with Radar,12,10,5,0,27,0,0,10,0,10,12,10,15,0,37,0,0,0,37
06/05/2017,GTF,MT,ANM,WE,Combined TRACON& Tower with Radar,9,29,5,4,47,0,0,12,1,13,9,29,17,5,60,8,0,8,68
06/06/2017,GTF,MT,ANM,WE,Combined TRACON& Tower with Radar,9,34,17,3,63,0,1,19,5,25,9,35,36,8,88,18,4,22,110
06/07/2017,GTF,MT,ANM,WE,Combined TRACON& Tower with Radar,11,39,13,7,70,0,0,14,7,21,11,39,27,14,91,24,3,27,118
06/08/2017,GTF,MT,ANM,WE,Combined TRACON& Tower with Radar,12,35,15,7,69,0,2,12,5,19,12,37,27,12,88,0,14,14,102
06/09/2017,GTF,MT,ANM,WE,Combined TRACON& Tower with Radar,12,33,9,4,58,0,0,8,2,10,12,33,17,6,68,12,0,12,80
06/10/2017,GTF,MT,ANM,WE,Combined TRACON& Tower with Radar,7,19,5,0,31,0,0,14,1,15,7,19,19,1,46,0,0,0,46
06/11/2017,GTF,MT,ANM,WE,Combined TRACON& Tower with Radar,14,14,3,6,37,0,4,27,1,32,14,18,30,7,69,50,0,50,119
06/12/2017,GTF,MT,ANM,WE,Combined TRACON& Tower with Radar,8,29,11,12,60,0,7,9,5,21,8,36,20,17,81,22,24,46,127
06/13/2017,GTF,MT,ANM,WE,Combined TRACON& Tower with Radar,11,39,11,3,64,0,2,4,3,9,11,41,15,6,73,6,16,22,95
06/14/2017,GTF,MT,ANM,WE,Combined TRACON& Tower with Radar,12,39,8,8,67,0,3,10,13,26,12,42,18,21,93,6,20,26,119
06/15/2017,GTF,MT,ANM,WE,Combined TRACON& Tower with Radar,13,39,17,1,70,0,6,24,4,34,13,45,41,5,104,34,12,46,150
06/16/2017,GTF,MT,ANM,WE,Combined TRACON& Tower with Radar,13,34,8,3,58,0,0,13,4,17,13,34,21,7,75,34,0,34,109
06/17/2017,GTF,MT,ANM,WE,Combined TRACON& Tower with Radar,8,18,6,0,32,0,0,10,0,10,8,18,16,0,42,16,0,16,58
06/18/2017,GTF,MT,ANM,WE,Combined TRACON& Tower with Radar,13,16,8,0,37,0,0,5,0,5,13,16,13,0,42,0,0,0,42
06/19/2017,GTF,MT,ANM,WE,Combined TRACON& Tower with Radar,9,26,6,3,44,0,0,16,2,18,9,26,22,5,62,34,0,34,96
06/20/2017,GTF,MT,ANM,WE,Combined TRACON& Tower with Radar,10,35,12,15,72,0,1,11,14,26,10,36,23,29,98,44,28,72,170
06/21/2017,GTF,MT,ANM,WE,Combined TRACON& Tower with Radar,13,32,10,5,60,0,0,17,9,26,13,32,27,14,86,56,8,64,150
06/22/2017,GTF,MT,ANM,WE,Combined TRACON& Tower with Radar,13,37,9,6,65,0,2,12,6,20,13,39,21,12,85,64,2,66,151
06/23/2017,GTF,MT,ANM,WE,Combined TRACON& Tower with Radar,12,33,5,7,57,0,1,14,9,24,12,34,19,16,81,48,6,54,135
06/24/2017,GTF,MT,ANM,WE,Combined TRACON& Tower with Radar,7,24,14,1,46,0,0,23,0,23,7,24,37,1,69,30,0,30,99
06/25/2017,GTF,MT,ANM,WE,Combined TRACON& Tower with Radar,13,14,6,0,33,0,1,19,0,20,13,15,25,0,53,30,0,30,83
06/26/2017,GTF,MT,ANM,WE,Combined TRACON& Tower with Radar,9,33,5,6,53,0,0,11,7,18,9,33,16,13,71,18,0,18,89
06/27/2017,GTF,MT,ANM,WE,Combined TRACON& Tower with Radar,13,44,10,7,74,0,4,10,4,18,13,48,20,11,92,12,6,18,110
06/28/2017,GTF,MT,ANM,WE,Combined TRACON& Tower with Radar,12,42,7,5,66,0,0,16,7,23,12,42,23,12,89,0,2,2,91
06/29/2017,GTF,MT,ANM,WE,Combined TRACON& Tower with Radar,11,37,14,2,64,0,1,5,10,16,11,38,19,12,80,0,2,2,82
06/30/2017,GTF,MT,ANM,WE,Combined TRACON& Tower with Radar,12,37,20,9,78,0,2,25,8,35,12,39,45,17,113,34,0,34,147
07/01/2017,GTF,MT,ANM,WE,Combined TRACON& Tower with Radar,9,24,4,0,37,0,0,25,0,25,9,24,29,0,62,16,0,16,78
07/02/2017,GTF,MT,ANM,WE,Combined TRACON& Tower with Radar,14,10,6,0,30,0,0,15,0,15,14,10,21,0,45,0,0,0,45
07/03/2017,GTF,MT,ANM,WE,Combined TRACON& Tower with Radar,11,24,4,0,39,0,2,15,0,17,11,26,19,0,56,38,0,38,94
07/04/2017,GTF,MT,ANM,WE,Combined TRACON& Tower with Radar,6,14,3,0,23,0,8,18,3,29,6,22,21,3,52,10,8,18,70
07/05/2017,GTF,MT,ANM,WE,Combined TRACON& Tower with Radar,14,30,8,5,57,0,4,11,7,22,14,34,19,12,79,0,16,16,95
07/06/2017,GTF,MT,ANM,WE,Combined TRACON& Tower with Radar,13,49,15,8,85,0,0,22,11,33,13,49,37,19,118,22,6,28,146
07/07/2017,GTF,MT,ANM,WE,Combined TRACON& Tower with Radar,15,42,16,2,75,0,2,13,12,27,15,44,29,14,102,28,6,34,136
07/08/2017,GTF,MT,ANM,WE,Combined TRACON& Tower with Radar,9,24,9,2,44,0,2,18,0,20,9,26,27,2,64,6,0,6,70
07/09/2017,GTF,MT,ANM,WE,Combined TRACON& Tower with Radar,13,16,13,2,44,0,2,20,0,22,13,18,33,2,66,12,0,12,78
07/10/2017,GTF,MT,ANM,WE,Combined TRACON& Tower with Radar,10,31,14,9,64,0,0,4,10,14,10,31,18,19,78,12,0,12,90
07/11/2017,GTF,MT,ANM,WE,Combined TRACON& Tower with Radar,11,38,32,6,87,0,2,19,11,32,11,40,51,17,119,30,4,34,153
07/12/2017,GTF,MT,ANM,WE,Combined TRACON& Tower with Radar,13,34,15,7,69,0,1,29,14,44,13,35,44,21,113,18,6,24,137
07/13/2017,GTF,MT,ANM,WE,Combined TRACON& Tower with Radar,14,41,8,2,65,0,2,29,12,43,14,43,37,14,108,18,6,24,132
07/14/2017,GTF,MT,ANM,WE,Combined TRACON& Tower with Radar,11,37,14,0,62,0,1,10,4,15,11,38,24,4,77,4,0,4,81
07/15/2017,GTF,MT,ANM,WE,Combined TRACON& Tower with Radar,11,19,9,0,39,0,4,21,0,25,11,23,30,0,64,2,0,2,66
07/16/2017,GTF,MT,ANM,WE,Combined TRACON& Tower with Radar,14,22,13,0,49,0,2,14,1,17,14,24,27,1,66,0,0,0,66
07/17/2017,GTF,MT,ANM,WE,Combined TRACON& Tower with Radar,9,30,16,3,58,0,5,22,6,33,9,35,38,9,91,26,0,26,117
07/18/2017,GTF,MT,ANM,WE,Combined TRACON& Tower with Radar,12,42,11,16,81,0,3,25,14,42,12,45,36,30,123,34,6,40,163
07/19/2017,GTF,MT,ANM,WE,Combined TRACON& Tower with Radar,14,34,9,4,61,0,1,13,6,20,14,35,22,10,81,14,0,14,95
07/20/2017,GTF,MT,ANM,WE,Combined TRACON& Tower with Radar,14,40,12,18,84,0,5,9,10,24,14,45,21,28,108,0,4,4,112
07/21/2017,GTF,MT,ANM,WE,Combined TRACON& Tower with Radar,14,31,9,4,58,0,5,24,9,38,14,36,33,13,96,30,4,34,130
07/22/2017,GTF,MT,ANM,WE,Combined TRACON& Tower with Radar,8,20,8,4,40,0,0,47,6,53,8,20,55,10,93,22,0,22,115
07/23/2017,GTF,MT,ANM,WE,Combined TRACON& Tower with Radar,12,14,8,7,41,0,0,27,4,31,12,14,35,11,72,0,0,0,72
07/24/2017,GTF,MT,ANM,WE,Combined TRACON& Tower with Radar,9,28,13,17,67,0,4,24,12,40,9,32,37,29,107,6,22,28,135
07/25/2017,GTF,MT,ANM,WE,Combined TRACON& Tower with Radar,12,39,12,11,74,0,3,19,20,42,12,42,31,31,116,12,8,20,136
07/26/2017,GTF,MT,ANM,WE,Combined TRACON& Tower with Radar,12,43,14,4,73,0,1,26,9,36,12,44,40,13,109,14,6,20,129
07/27/2017,GTF,MT,ANM,WE,Combined TRACON& Tower with Radar,15,40,16,5,76,0,9,24,4,37,15,49,40,9,113,76,8,84,197
07/28/2017,GTF,MT,ANM,WE,Combined TRACON& Tower with Radar,12,36,18,7,73,0,2,22,5,29,12,38,40,12,102,40,10,50,152
07/29/2017,GTF,MT,ANM,WE,Combined TRACON& Tower with Radar,12,30,13,0,55,0,0,22,0,22,12,30,35,0,77,0,0,0,77
07/30/2017,GTF,MT,ANM,WE,Combined TRACON& Tower with Radar,15,19,10,0,44,0,0,31,0,31,15,19,41,0,75,0,0,0,75
07/31/2017,GTF,MT,ANM,WE,Combined TRACON& Tower with Radar,9,28,9,8,54,0,1,17,11,29,9,29,26,19,83,34,4,38,121
08/01/2017,GTF,MT,ANM,WE,Combined TRACON& Tower with Radar,11,37,16,5,69,0,2,15,13,30,11,39,31,18,99,6,14,20,119
08/02/2017,GTF,MT,ANM,WE,Combined TRACON& Tower with Radar,13,37,11,3,64,0,2,7,7,16,13,39,18,10,80,10,0,10,90
08/03/2017,GTF,MT,ANM,WE,Combined TRACON& Tower with Radar,14,38,12,13,77,0,1,20,15,36,14,39,32,28,113,8,0,8,121
08/04/2017,GTF,MT,ANM,WE,Combined TRACON& Tower with Radar,14,38,10,1,63,0,1,16,7,24,14,39,26,8,87,2,12,14,101
08/05/2017,GTF,MT,ANM,WE,Combined TRACON& Tower with Radar,10,21,4,10,45,0,4,8,0,12,10,25,12,10,57,34,18,52,109
08/06/2017,GTF,MT,ANM,WE,Combined TRACON& Tower with Radar,13,15,7,0,35,0,2,16,1,19,13,17,23,1,54,16,0,16,70
08/07/2017,GTF,MT,ANM,WE,Combined TRACON& Tower with Radar,9,26,11,5,51,0,1,8,6,15,9,27,19,11,66,6,8,14,80
08/08/2017,GTF,MT,ANM,WE,Combined TRACON& Tower with Radar,13,35,8,18,74,0,1,12,6,19,13,36,20,24,93,26,24,50,143
08/09/2017,GTF,MT,ANM,WE,Combined TRACON& Tower with Radar,11,36,7,8,62,0,0,13,4,17,11,36,20,12,79,18,13,31,110
08/10/2017,GTF,MT,ANM,WE,Combined TRACON& Tower with Radar,14,34,22,5,75,0,0,23,3,26,14,34,45,8,101,30,6,36,137
08/11/2017,GTF,MT,ANM,WE,Combined TRACON& Tower with Radar,14,38,16,10,78,0,1,21,11,33,14,39,37,21,111,18,26,44,155
08/12/2017,GTF,MT,ANM,WE,Combined TRACON& Tower with Radar,12,19,16,0,47,0,0,24,0,24,12,19,40,0,71,12,0,12,83
08/13/2017,GTF,MT,ANM,WE,Combined TRACON& Tower with Radar,13,14,17,2,46,0,2,18,3,23,13,16,35,5,69,6,0,6,75
08/14/2017,GTF,MT,ANM,WE,Combined TRACON& Tower with Radar,8,31,14,2,55,0,2,21,5,28,8,33,35,7,83,6,0,6,89
08/15/2017,GTF,MT,ANM,WE,Combined TRACON& Tower with Radar,10,39,17,4,70,0,2,19,13,34,10,41,36,17,104,18,22,40,144
08/16/2017,GTF,MT,ANM,WE,Combined TRACON& Tower with Radar,4,17,2,4,27,0,4,5,4,13,4,21,7,8,40,18,4,22,62
08/17/2017,GTF,MT,ANM,WE,Combined TRACON& Tower with Radar,10,42,20,6,78,0,2,17,2,21,10,44,37,8,99,20,8,28,127
08/18/2017,GTF,MT,ANM,WE,Combined TRACON& Tower with Radar,12,41,14,6,73,0,1,23,4,28,12,42,37,10,101,12,0,12,113
08/19/2017,GTF,MT,ANM,WE,Combined TRACON& Tower with Radar,7,20,4,0,31,0,0,15,0,15,7,20,19,0,46,0,0,0,46
08/20/2017,GTF,MT,ANM,WE,Combined TRACON& Tower with Radar,12,15,7,8,42,0,0,43,0,43,12,15,50,8,85,30,0,30,115
08/21/2017,GTF,MT,ANM,WE,Combined TRACON& Tower with Radar,10,32,21,6,69,0,4,18,3,25,10,36,39,9,94,6,0,6,100
08/22/2017,GTF,MT,ANM,WE,Combined TRACON& Tower with Radar,9,36,5,9,59,0,1,16,9,26,9,37,21,18,85,6,8,14,99
08/23/2017,GTF,MT,ANM,WE,Combined TRACON& Tower with Radar,8,38,20,7,73,0,1,21,2,24,8,39,41,9,97,30,2,32,129
08/24/2017,GTF,MT,ANM,WE,Combined TRACON& Tower with Radar,12,36,20,6,74,0,4,7,4,15,12,40,27,10,89,8,10,18,107
08/25/2017,GTF,MT,ANM,WE,Combined TRACON& Tower with Radar,11,36,23,3,73,0,1,32,6,39,11,37,55,9,112,44,28,72,184
08/26/2017,GTF,MT,ANM,WE,Combined TRACON& Tower with Radar,5,18,12,0,35,0,2,39,0,41,5,20,51,0,76,8,0,8,84
08/27/2017,GTF,MT,ANM,WE,Combined TRACON& Tower with Radar,9,13,15,2,39,0,0,28,0,28,9,13,43,2,67,28,2,30,97
08/28/2017,GTF,MT,ANM,WE,Combined TRACON& Tower with Radar,14,29,10,5,58,0,2,11,5,18,14,31,21,10,76,8,0,8,84
08/29/2017,GTF,MT,ANM,WE,Combined TRACON& Tower with Radar,9,35,16,4,64,0,1,28,4,33,9,36,44,8,97,40,0,40,137
08/30/2017,GTF,MT,ANM,WE,Combined TRACON& Tower with Radar,8,42,9,9,68,0,2,18,5,25,8,44,27,14,93,30,6,36,129
08/31/2017,GTF,MT,ANM,WE,Combined TRACON& Tower with Radar,11,43,26,2,82,0,7,12,0,19,11,50,38,2,101,42,0,42,143
09/01/2017,GTF,MT,ANM,WE,Combined TRACON& Tower with Radar,13,37,12,0,62,0,0,11,2,13,13,37,23,2,75,28,0,28,103
09/02/2017,GTF,MT,ANM,WE,Combined TRACON& Tower with Radar,6,19,17,0,42,0,0,18,0,18,6,19,35,0,60,16,0,16,76
09/03/2017,GTF,MT,ANM,WE,Combined TRACON& Tower with Radar,10,10,9,0,29,0,2,12,0,14,10,12,21,0,43,6,0,6,49
09/04/2017,GTF,MT,ANM,WE,Combined TRACON& Tower with Radar,10,21,11,0,42,0,0,18,0,18,10,21,29,0,60,0,0,0,60
09/05/2017,GTF,MT,ANM,WE,Combined TRACON& Tower with Radar,8,37,19,3,67,0,3,19,9,31,8,40,38,12,98,16,0,16,114
09/06/2017,GTF,MT,ANM,WE,Combined TRACON& Tower with Radar,10,37,13,0,60,0,1,11,7,19,10,38,24,7,79,24,14,38,117
09/07/2017,GTF,MT,ANM,WE,Combined TRACON& Tower with Radar,11,35,21,3,70,2,8,15,4,29,13,43,36,7,99,6,22,28,127
09/08/2017,GTF,MT,ANM,WE,Combined TRACON& Tower with Radar,9,36,10,7,62,0,2,11,11,24,9,38,21,18,86,8,0,8,94
09/09/2017,GTF,MT,ANM,WE,Combined TRACON& Tower with Radar,7,23,7,0,37,0,0,1,0,1,7,23,8,0,38,0,0,0,38
09/10/2017,GTF,MT,ANM,WE,Combined TRACON& Tower with Radar,9,16,6,3,34,0,0,11,1,12,9,16,17,4,46,2,0,2,48
09/11/2017,GTF,MT,ANM,WE,Combined TRACON& Tower with Radar,8,30,11,6,55,0,6,1,7,14,8,36,12,13,69,0,0,0,69
09/12/2017,GTF,MT,ANM,WE,Combined TRACON& Tower with Radar,9,44,18,8,79,0,6,12,8,26,9,50,30,16,105,4,8,12,117
09/13/2017,GTF,MT,ANM,WE,Combined TRACON& Tower with Radar,8,34,16,4,62,0,3,9,3,15,8,37,25,7,77,4,16,20,97
09/14/2017,GTF,MT,ANM,WE,Combined TRACON& Tower with Radar,10,35,17,6,68,0,0,0,0,0,10,35,17,6,68,0,0,0,68
09/15/2017,GTF,MT,ANM,WE,Combined TRACON& Tower with Radar,12,40,12,4,68,0,0,0,0,0,12,40,12,4,68,0,0,0,68
09/16/2017,GTF,MT,ANM,WE,Combined TRACON& Tower with Radar,6,23,7,1,37,0,2,6,0,8,6,25,13,1,45,40,0,40,85
09/17/2017,GTF,MT,ANM,WE,Combined TRACON& Tower with Radar,9,17,16,1,43,0,1,14,0,15,9,18,30,1,58,8,0,8,66
09/18/2017,GTF,MT,ANM,WE,Combined TRACON& Tower with Radar,8,30,6,3,47,0,4,10,4,18,8,34,16,7,65,58,0,58,123
09/19/2017,GTF,MT,ANM,WE,Combined TRACON& Tower with Radar,9,43,24,2,78,0,1,8,5,14,9,44,32,7,92,6,0,6,98
09/20/2017,GTF,MT,ANM,WE,Combined TRACON& Tower with Radar,8,36,14,10,68,0,3,11,4,18,8,39,25,14,86,2,26,28,114
09/21/2017,GTF,MT,ANM,WE,Combined TRACON& Tower with Radar,12,34,19,10,75,0,1,17,8,26,12,35,36,18,101,90,2,92,193
09/22/2017,GTF,MT,ANM,WE,Combined TRACON& Tower with Radar,15,39,8,3,65,0,4,0,0,4,15,43,8,3,69,0,0,0,69
09/23/2017,GTF,MT,ANM,WE,Combined TRACON& Tower with Radar,6,18,3,1,28,0,0,10,0,10,6,18,13,1,38,2,0,2,40
09/24/2017,GTF,MT,ANM,WE,Combined TRACON& Tower with Radar,10,16,13,0,39,0,2,20,1,23,10,18,33,1,62,10,0,10,72
09/25/2017,GTF,MT,ANM,WE,Combined TRACON& Tower with Radar,2,7,5,0,14,0,0,12,3,15,2,7,17,3,29,26,1,27,56
09/26/2017,GTF,MT,ANM,WE,Combined TRACON& Tower with Radar,4,31,13,6,54,0,4,18,3,25,4,35,31,9,79,10,0,10,89
09/27/2017,GTF,MT,ANM,WE,Combined TRACON& Tower with Radar,9,42,11,3,65,0,3,15,6,24,9,45,26,9,89,8,52,60,149
09/28/2017,GTF,MT,ANM,WE,Combined TRACON& Tower with Radar,10,38,16,15,79,0,4,22,7,33,10,42,38,22,112,24,4,28,140
09/29/2017,GTF,MT,ANM,WE,Combined TRACON& Tower with Radar,12,38,17,1,68,0,3,23,1,27,12,41,40,2,95,2,0,2,97
09/30/2017,GTF,MT,ANM,WE,Combined TRACON& Tower with Radar,6,15,7,0,28,0,0,7,0,7,6,15,14,0,35,0,0,0,35
10/01/2017,GTF,MT,ANM,WE,Combined TRACON& Tower with Radar,10,17,1,1,29,0,0,3,0,3,10,17,4,1,32,4,0,4,36
10/02/2017,GTF,MT,ANM,WE,Combined TRACON& Tower with Radar,7,36,11,0,54,0,1,0,0,1,7,37,11,0,55,0,0,0,55
10/03/2017,GTF,MT,ANM,WE,Combined TRACON& Tower with Radar,7,38,7,12,64,0,1,5,2,8,7,39,12,14,72,0,0,0,72
10/04/2017,GTF,MT,ANM,WE,Combined TRACON& Tower with Radar,9,39,7,8,63,0,0,15,8,23,9,39,22,16,86,8,0,8,94
10/05/2017,GTF,MT,ANM,WE,Combined TRACON& Tower with Radar,9,39,10,4,62,0,0,10,3,13,9,39,20,7,75,56,0,56,131
10/06/2017,GTF,MT,ANM,WE,Combined TRACON& Tower with Radar,12,36,12,3,63,0,3,15,2,20,12,39,27,5,83,0,2,2,85
10/07/2017,GTF,MT,ANM,WE,Combined TRACON& Tower with Radar,8,21,6,0,35,0,2,3,0,5,8,23,9,0,40,0,0,0,40
10/08/2017,GTF,MT,ANM,WE,Combined TRACON& Tower with Radar,10,13,10,2,35,0,0,0,1,1,10,13,10,3,36,0,0,0,36
10/09/2017,GTF,MT,ANM,WE,Combined TRACON& Tower with Radar,11,26,6,2,45,0,1,12,0,13,11,27,18,2,58,20,0,20,78
10/10/2017,GTF,MT,ANM,WE,Combined TRACON& Tower with Radar,10,32,8,8,58,0,1,9,14,24,10,33,17,22,82,14,36,50,132
10/11/2017,GTF,MT,ANM,WE,Combined TRACON& Tower with Radar,9,36,17,9,71,0,1,8,6,15,9,37,25,15,86,34,6,40,126
10/12/2017,GTF,MT,ANM,WE,Combined TRACON& Tower with Radar,11,32,15,7,65,0,4,3,5,12,11,36,18,12,77,19,0,19,96
10/13/2017,GTF,MT,ANM,WE,Combined TRACON& Tower with Radar,11,34,15,11,71,0,0,5,4,9,11,34,20,15,80,70,0,70,150
10/14/2017,GTF,MT,ANM,WE,Combined TRACON& Tower with Radar,4,20,8,1,33,0,0,11,7,18,4,20,19,8,51,0,0,0,51
10/15/2017,GTF,MT,ANM,WE,Combined TRACON& Tower with Radar,10,12,14,8,44,0,0,12,0,12,10,12,26,8,56,6,0,6,62
10/16/2017,GTF,MT,ANM,WE,Combined TRACON& Tower with Radar,9,32,13,4,58,0,2,12,4,18,9,34,25,8,76,0,10,10,86
10/17/2017,GTF,MT,ANM,WE,Combined TRACON& Tower with Radar,13,33,11,3,60,0,3,5,4,12,13,36,16,7,72,0,0,0,72
10/18/2017,GTF,MT,ANM,WE,Combined TRACON& Tower with Radar,9,31,14,7,61,0,3,9,4,16,9,34,23,11,77,2,0,2,79
10/19/2017,GTF,MT,ANM,WE,Combined TRACON& Tower with Radar,11,32,8,26,77,0,1,13,5,19,11,33,21,31,96,0,62,62,158
10/20/2017,GTF,MT,ANM,WE,Combined TRACON& Tower with Radar,9,36,7,25,77,0,0,10,8,18,9,36,17,33,95,20,32,52,147
10/21/2017,GTF,MT,ANM,WE,Combined TRACON& Tower with Radar,6,17,2,1,26,0,0,6,0,6,6,17,8,1,32,0,0,0,32
10/22/2017,GTF,MT,ANM,WE,Combined TRACON& Tower with Radar,10,16,4,0,30,0,0,4,0,4,10,16,8,0,34,0,0,0,34
10/23/2017,GTF,MT,ANM,WE,Combined TRACON& Tower with Radar,8,32,12,0,52,0,9,11,2,22,8,41,23,2,74,24,14,38,112
10/24/2017,GTF,MT,ANM,WE,Combined TRACON& Tower with Radar,13,32,17,11,73,0,1,8,13,22,13,33,25,24,95,0,22,22,117
10/25/2017,GTF,MT,ANM,WE,Combined TRACON& Tower with Radar,9,39,9,0,57,0,2,6,0,8,9,41,15,0,65,0,0,0,65
10/26/2017,GTF,MT,ANM,WE,Combined TRACON& Tower with Radar,11,32,22,9,74,0,0,5,6,11,11,32,27,15,85,0,14,14,99
10/27/2017,GTF,MT,ANM,WE,Combined TRACON& Tower with Radar,11,34,10,11,66,0,1,15,7,23,11,35,25,18,89,6,0,6,95
10/28/2017,GTF,MT,ANM,WE,Combined TRACON& Tower with Radar,6,20,5,0,31,0,2,25,0,27,6,22,30,0,58,24,0,24,82
10/29/2017,GTF,MT,ANM,WE,Combined TRACON& Tower with Radar,9,12,6,2,29,0,0,6,0,6,9,12,12,2,35,2,0,2,37
10/30/2017,GTF,MT,ANM,WE,Combined TRACON& Tower with Radar,11,20,5,7,43,0,1,6,8,15,11,21,11,15,58,0,22,22,80
10/31/2017,GTF,MT,ANM,WE,Combined TRACON& Tower with Radar,11,36,12,5,64,0,1,10,7,18,11,37,22,12,82,10,8,18,100
11/01/2017,GTF,MT,ANM,WE,Combined TRACON& Tower with Radar,9,34,3,2,48,0,0,0,0,0,9,34,3,2,48,0,0,0,48
11/02/2017,GTF,MT,ANM,WE,Combined TRACON& Tower with Radar,11,40,5,9,65,0,0,0,0,0,11,40,5,9,65,4,0,4,69
11/03/2017,GTF,MT,ANM,WE,Combined TRACON& Tower with Radar,11,40,4,1,56,0,0,0,0,0,11,40,4,1,56,0,0,0,56
11/04/2017,GTF,MT,ANM,WE,Combined TRACON& Tower with Radar,6,23,7,1,37,0,3,0,4,7,6,26,7,5,44,0,0,0,44
11/05/2017,GTF,MT,ANM,WE,Combined TRACON& Tower with Radar,9,10,7,4,30,0,0,0,0,0,9,10,7,4,30,0,0,0,30
11/06/2017,GTF,MT,ANM,WE,Combined TRACON& Tower with Radar,7,29,10,2,48,0,1,9,3,13,7,30,19,5,61,8,0,8,69
11/07/2017,GTF,MT,ANM,WE,Combined TRACON& Tower with Radar,7,31,7,4,49,0,0,12,9,21,7,31,19,13,70,2,6,8,78
11/08/2017,GTF,MT,ANM,WE,Combined TRACON& Tower with Radar,8,37,6,8,59,0,0,0,1,1,8,37,6,9,60,18,0,18,78
11/09/2017,GTF,MT,ANM,WE,Combined TRACON& Tower with Radar,10,36,20,2,68,0,0,0,0,0,10,36,20,2,68,0,0,0,68
11/10/2017,GTF,MT,ANM,WE,Combined TRACON& Tower with Radar,13,32,17,0,62,1,1,13,0,15,14,33,30,0,77,46,0,46,123
11/11/2017,GTF,MT,ANM,WE,Combined TRACON& Tower with Radar,6,26,2,0,34,0,10,10,0,20,6,36,12,0,54,18,0,18,72
11/12/2017,GTF,MT,ANM,WE,Combined TRACON& Tower with Radar,9,19,7,0,35,0,0,11,0,11,9,19,18,0,46,20,0,20,66
11/13/2017,GTF,MT,ANM,WE,Combined TRACON& Tower with Radar,15,28,12,8,63,0,0,11,16,27,15,28,23,24,90,22,12,34,124
11/14/2017,GTF,MT,ANM,WE,Combined TRACON& Tower with Radar,10,34,11,9,64,0,0,9,10,19,10,34,20,19,83,2,2,4,87
11/15/2017,GTF,MT,ANM,WE,Combined TRACON& Tower with Radar,10,34,15,10,69,0,1,10,8,19,10,35,25,18,88,0,18,18,106
11/16/2017,GTF,MT,ANM,WE,Combined TRACON& Tower with Radar,14,32,9,28,83,0,0,2,7,9,14,32,11,35,92,0,38,38,130
11/17/2017,GTF,MT,ANM,WE,Combined TRACON& Tower with Radar,14,39,1,7,61,0,0,2,10,12,14,39,3,17,73,28,28,56,129
11/18/2017,GTF,MT,ANM,WE,Combined TRACON& Tower with Radar,8,18,9,0,35,0,0,10,2,12,8,18,19,2,47,8,0,8,55
11/19/2017,GTF,MT,ANM,WE,Combined TRACON& Tower with Radar,9,12,4,2,27,0,0,0,0,0,9,12,4,2,27,0,0,0,27
11/20/2017,GTF,MT,ANM,WE,Combined TRACON& Tower with Radar,7,25,23,6,61,0,0,6,9,15,7,25,29,15,76,10,16,26,102
11/21/2017,GTF,MT,ANM,WE,Combined TRACON& Tower with Radar,14,46,16,5,81,0,1,10,7,18,14,47,26,12,99,58,6,64,163
11/22/2017,GTF,MT,ANM,WE,Combined TRACON& Tower with Radar,24,40,11,1,76,2,4,11,3,20,26,44,22,4,96,20,2,22,118
11/23/2017,GTF,MT,ANM,WE,Combined TRACON& Tower with Radar,3,10,6,0,19,0,0,1,0,1,3,10,7,0,20,0,0,0,20
11/24/2017,GTF,MT,ANM,WE,Combined TRACON& Tower with Radar,9,33,6,4,52,0,0,11,0,11,9,33,17,4,63,14,0,14,77
11/25/2017,GTF,MT,ANM,WE,Combined TRACON& Tower with Radar,11,20,2,0,33,0,0,9,0,9,11,20,11,0,42,20,0,20,62
11/26/2017,GTF,MT,ANM,WE,Combined TRACON& Tower with Radar,9,19,10,0,38,0,0,7,0,7,9,19,17,0,45,16,0,16,61
11/27/2017,GTF,MT,ANM,WE,Combined TRACON& Tower with Radar,7,27,9,31,74,0,0,4,3,7,7,27,13,34,81,0,54,54,135
11/28/2017,GTF,MT,ANM,WE,Combined TRACON& Tower with Radar,10,38,7,10,65,0,0,10,10,20,10,38,17,20,85,4,14,18,103
11/29/2017,GTF,MT,ANM,WE,Combined TRACON& Tower with Radar,8,34,11,7,60,0,0,2,10,12,8,34,13,17,72,18,24,42,114
11/30/2017,GTF,MT,ANM,WE,Combined TRACON& Tower with Radar,10,32,5,32,79,0,0,8,5,13,10,32,13,37,92,4,30,34,126
12/01/2017,GTF,MT,ANM,WE,Combined TRACON& Tower with Radar,10,36,7,7,60,0,0,14,4,18,10,36,21,11,78,16,10,26,104
12/02/2017,GTF,MT,ANM,WE,Combined TRACON& Tower with Radar,6,22,3,0,31,0,1,14,2,17,6,23,17,2,48,8,0,8,56
12/03/2017,GTF,MT,ANM,WE,Combined TRACON& Tower with Radar,9,12,1,2,24,0,1,4,4,9,9,13,5,6,33,6,2,8,41
12/04/2017,GTF,MT,ANM,WE,Combined TRACON& Tower with Radar,7,23,13,4,47,0,3,5,4,12,7,26,18,8,59,14,8,22,81
12/05/2017,GTF,MT,ANM,WE,Combined TRACON& Tower with Radar,10,31,10,2,53,0,2,7,8,17,10,33,17,10,70,2,0,2,72
12/06/2017,GTF,MT,ANM,WE,Combined TRACON& Tower with Radar,10,31,9,11,61,0,0,9,15,24,10,31,18,26,85,22,18,40,125
12/07/2017,GTF,MT,ANM,WE,Combined TRACON& Tower with Radar,10,31,14,19,74,0,0,18,9,27,10,31,32,28,101,44,22,66,167
12/08/2017,GTF,MT,ANM,WE,Combined TRACON& Tower with Radar,10,33,7,0,50,0,1,15,3,19,10,34,22,3,69,10,0,10,79
12/09/2017,GTF,MT,ANM,WE,Combined TRACON& Tower with Radar,6,19,8,0,33,0,1,17,1,19,6,20,25,1,52,24,0,24,76
12/10/2017,GTF,MT,ANM,WE,Combined TRACON& Tower with Radar,9,15,9,0,33,0,0,6,1,7,9,15,15,1,40,6,4,10,50
12/11/2017,GTF,MT,ANM,WE,Combined TRACON& Tower with Radar,8,26,18,15,67,0,0,27,5,32,8,26,45,20,99,36,4,40,139
12/12/2017,GTF,MT,ANM,WE,Combined TRACON& Tower with Radar,9,36,12,9,66,0,1,9,8,18,9,37,21,17,84,2,30,32,116
12/13/2017,GTF,MT,ANM,WE,Combined TRACON& Tower with Radar,12,31,14,4,61,0,0,10,12,22,12,31,24,16,83,10,6,16,99
12/14/2017,GTF,MT,ANM,WE,Combined TRACON& Tower with Radar,12,30,11,11,64,0,1,9,12,22,12,31,20,23,86,8,19,27,113
12/15/2017,GTF,MT,ANM,WE,Combined TRACON& Tower with Radar,13,38,5,8,64,0,0,1,0,1,13,38,6,8,65,0,0,0,65
12/16/2017,GTF,MT,ANM,WE,Combined TRACON& Tower with Radar,6,24,3,0,33,0,0,8,0,8,6,24,11,0,41,50,0,50,91
12/17/2017,GTF,MT,ANM,WE,Combined TRACON& Tower with Radar,9,12,2,1,24,0,2,2,0,4,9,14,4,1,28,0,0,0,28
12/18/2017,GTF,MT,ANM,WE,Combined TRACON& Tower with Radar,8,24,10,2,44,0,1,3,0,4,8,25,13,2,48,0,0,0,48
12/19/2017,GTF,MT,ANM,WE,Combined TRACON& Tower with Radar,11,42,7,0,60,0,0,0,0,0,11,42,7,0,60,0,0,0,60
12/20/2017,GTF,MT,ANM,WE,Combined TRACON& Tower with Radar,10,30,6,0,46,0,0,0,0,0,10,30,6,0,46,0,0,0,46
12/21/2017,GTF,MT,ANM,WE,Combined TRACON& Tower with Radar,12,39,18,5,74,0,1,9,3,13,12,40,27,8,87,4,0,4,91
12/22/2017,GTF,MT,ANM,WE,Combined TRACON& Tower with Radar,12,32,14,0,58,0,0,0,0,0,12,32,14,0,58,0,0,0,58
12/23/2017,GTF,MT,ANM,WE,Combined TRACON& Tower with Radar,10,26,3,0,39,0,2,3,0,5,10,28,6,0,44,14,0,14,58
12/24/2017,GTF,MT,ANM,WE,Combined TRACON& Tower with Radar,11,14,0,0,25,0,3,2,0,5,11,17,2,0,30,4,0,4,34
12/25/2017,GTF,MT,ANM,WE,Combined TRACON& Tower with Radar,3,10,3,0,16,0,2,2,0,4,3,12,5,0,20,0,0,0,20
12/26/2017,GTF,MT,ANM,WE,Combined TRACON& Tower with Radar,11,43,5,2,61,0,1,2,4,7,11,44,7,6,68,0,12,12,80
12/27/2017,GTF,MT,ANM,WE,Combined TRACON& Tower with Radar,13,40,14,7,74,0,1,0,3,4,13,41,14,10,78,0,10,10,88
12/28/2017,GTF,MT,ANM,WE,Combined TRACON& Tower with Radar,12,41,6,0,59,0,0,1,0,1,12,41,7,0,60,0,0,0,60
12/29/2017,GTF,MT,ANM,WE,Combined TRACON& Tower with Radar,12,36,0,0,48,0,0,0,0,0,12,36,0,0,48,0,0,0,48
12/30/2017,GTF,MT,ANM,WE,Combined TRACON& Tower with Radar,9,23,7,0,39,0,0,0,0,0,9,23,7,0,39,0,0,0,39
12/31/2017,GTF,MT,ANM,WE,Combined TRACON& Tower with Radar,11,19,0,0,30,0,0,1,0,1,11,19,1,0,31,0,0,0,31
01/01/2018,GTF,MT,ANM,WE,Combined TRACON& Tower with Radar,4,13,6,0,23,0,3,1,0,4,4,16,7,0,27,0,0,0,27
01/02/2018,GTF,MT,ANM,WE,Combined TRACON& Tower with Radar,13,33,3,1,50,0,2,7,2,11,13,35,10,3,61,14,6,20,81
01/03/2018,GTF,MT,ANM,WE,Combined TRACON& Tower with Radar,8,32,4,13,57,0,0,13,11,24,8,32,17,24,81,14,28,42,123
01/04/2018,GTF,MT,ANM,WE,Combined TRACON& Tower with Radar,14,39,7,41,101,0,2,16,23,41,14,41,23,64,142,40,40,80,222
01/05/2018,GTF,MT,ANM,WE,Combined TRACON& Tower with Radar,10,34,9,23,76,0,0,9,8,17,10,34,18,31,93,30,24,54,147
01/06/2018,GTF,MT,ANM,WE,Combined TRACON& Tower with Radar,7,22,3,0,32,0,0,6,0,6,7,22,9,0,38,8,0,8,46
01/07/2018,GTF,MT,ANM,WE,Combined TRACON& Tower with Radar,11,13,10,0,34,0,0,12,0,12,11,13,22,0,46,10,0,10,56
01/08/2018,GTF,MT,ANM,WE,Combined TRACON& Tower with Radar,8,33,2,4,47,0,0,6,10,16,8,33,8,14,63,26,7,33,96
01/09/2018,GTF,MT,ANM,WE,Combined TRACON& Tower with Radar,11,37,7,7,62,0,1,8,14,23,11,38,15,21,85,48,6,54,139
01/10/2018,GTF,MT,ANM,WE,Combined TRACON& Tower with Radar,10,33,11,7,61,0,1,2,7,10,10,34,13,14,71,4,18,22,93
01/11/2018,GTF,MT,ANM,WE,Combined TRACON& Tower with Radar,9,29,7,15,60,0,1,2,2,5,9,30,9,17,65,0,23,23,88
01/12/2018,GTF,MT,ANM,WE,Combined TRACON& Tower with Radar,8,25,11,1,45,0,1,2,2,5,8,26,13,3,50,0,0,0,50
01/13/2018,GTF,MT,ANM,WE,Combined TRACON& Tower with Radar,7,22,5,2,36,0,0,18,0,18,7,22,23,2,54,20,0,20,74
01/14/2018,GTF,MT,ANM,WE,Combined TRACON& Tower with Radar,8,8,4,0,20,0,1,8,1,10,8,9,12,1,30,4,0,4,34
01/15/2018,GTF,MT,ANM,WE,Combined TRACON& Tower with Radar,9,20,11,0,40,0,2,16,0,18,9,22,27,0,58,24,0,24,82
01/16/2018,GTF,MT,ANM,WE,Combined TRACON& Tower with Radar,9,33,18,21,81,0,3,8,8,19,9,36,26,29,100,22,18,40,140
01/17/2018,GTF,MT,ANM,WE,Combined TRACON& Tower with Radar,8,31,22,16,77,0,0,13,16,29,8,31,35,32,106,20,42,62,168
01/18/2018,GTF,MT,ANM,WE,Combined TRACON& Tower with Radar,12,30,4,2,48,0,0,13,4,17,12,30,17,6,65,20,0,20,85
01/19/2018,GTF,MT,ANM,WE,Combined TRACON& Tower with Radar,10,35,6,4,55,0,1,7,6,14,10,36,13,10,69,40,0,40,109
01/20/2018,GTF,MT,ANM,WE,Combined TRACON& Tower with Radar,6,20,7,1,34,0,2,18,1,21,6,22,25,2,55,10,0,10,65
01/21/2018,GTF,MT,ANM,WE,Combined TRACON& Tower with Radar,9,12,5,0,26,0,0,13,0,13,9,12,18,0,39,14,0,14,53
01/22/2018,GTF,MT,ANM,WE,Combined TRACON& Tower with Radar,7,22,5,3,37,0,0,13,2,15,7,22,18,5,52,28,1,29,81
01/23/2018,GTF,MT,ANM,WE,Combined TRACON& Tower with Radar,8,38,23,7,76,0,0,19,7,26,8,38,42,14,102,24,2,26,128
01/24/2018,GTF,MT,ANM,WE,Combined TRACON& Tower with Radar,8,31,11,16,66,0,2,4,8,14,8,33,15,24,80,36,2,38,118
01/25/2018,GTF,MT,ANM,WE,Combined TRACON& Tower with Radar,12,30,15,25,82,0,0,9,9,18,12,30,24,34,100,14,16,30,130
01/26/2018,GTF,MT,ANM,WE,Combined TRACON& Tower with Radar,10,36,18,2,66,0,2,24,7,33,10,38,42,9,99,34,0,34,133
01/27/2018,GTF,MT,ANM,WE,Combined TRACON& Tower with Radar,6,22,20,0,48,0,0,29,0,29,6,22,49,0,77,32,0,32,109
01/28/2018,GTF,MT,ANM,WE,Combined TRACON& Tower with Radar,11,12,12,1,36,0,0,7,0,7,11,12,19,1,43,6,0,6,49
01/29/2018,GTF,MT,ANM,WE,Combined TRACON& Tower with Radar,11,27,21,7,66,0,2,20,6,28,11,29,41,13,94,6,28,34,128
01/30/2018,GTF,MT,ANM,WE,Combined TRACON& Tower with Radar,10,38,20,2,70,0,0,9,2,11,10,38,29,4,81,0,0,0,81
01/31/2018,GTF,MT,ANM,WE,Combined TRACON& Tower with Radar,8,32,26,14,80,0,0,17,11,28,8,32,43,25,108,26,14,40,148
02/01/2018,GTF,MT,ANM,WE,Combined TRACON& Tower with Radar,12,32,27,3,74,0,0,16,1,17,12,32,43,4,91,2,0,2,93
02/02/2018,GTF,MT,ANM,WE,Combined TRACON& Tower with Radar,10,35,2,35,82,0,0,2,9,11,10,35,4,44,93,0,56,56,149
02/03/2018,GTF,MT,ANM,WE,Combined TRACON& Tower with Radar,8,17,6,2,33,0,1,0,0,1,8,18,6,2,34,0,0,0,34
02/04/2018,GTF,MT,ANM,WE,Combined TRACON& Tower with Radar,8,9,2,2,21,0,1,2,2,5,8,10,4,4,26,0,0,0,26
02/05/2018,GTF,MT,ANM,WE,Combined TRACON& Tower with Radar,10,23,8,0,41,0,0,0,0,0,10,23,8,0,41,0,0,0,41
02/06/2018,GTF,MT,ANM,WE,Combined TRACON& Tower with Radar,8,35,7,17,67,0,7,8,6,21,8,42,15,23,88,30,6,36,124
02/07/2018,GTF,MT,ANM,WE,Combined TRACON& Tower with Radar,8,30,14,5,57,0,1,2,8,11,8,31,16,13,68,0,12,12,80
02/08/2018,GTF,MT,ANM,WE,Combined TRACON& Tower with Radar,10,30,4,1,45,0,0,0,0,0,10,30,4,1,45,0,0,0,45
02/09/2018,GTF,MT,ANM,WE,Combined TRACON& Tower with Radar,10,35,9,7,61,0,4,6,8,18,10,39,15,15,79,14,14,28,107
02/10/2018,GTF,MT,ANM,WE,Combined TRACON& Tower with Radar,8,15,7,0,30,0,1,13,1,15,8,16,20,1,45,44,0,44,89
02/11/2018,GTF,MT,ANM,WE,Combined TRACON& Tower with Radar,9,13,8,2,32,0,0,0,0,0,9,13,8,2,32,0,0,0,32
02/12/2018,GTF,MT,ANM,WE,Combined TRACON& Tower with Radar,7,29,9,15,60,0,2,4,3,9,7,31,13,18,69,2,6,8,77
02/13/2018,GTF,MT,ANM,WE,Combined TRACON& Tower with Radar,7,34,7,8,56,0,0,4,7,11,7,34,11,15,67,0,8,8,75
02/14/2018,GTF,MT,ANM,WE,Combined TRACON& Tower with Radar,8,36,5,12,61,0,0,0,3,3,8,36,5,15,64,0,0,0,64
02/15/2018,GTF,MT,ANM,WE,Combined TRACON& Tower with Radar,10,30,13,0,53,0,1,2,0,3,10,31,15,0,56,18,0,18,74
02/16/2018,GTF,MT,ANM,WE,Combined TRACON& Tower with Radar,10,31,17,5,63,0,2,0,4,6,10,33,17,9,69,20,0,20,89
02/17/2018,GTF,MT,ANM,WE,Combined TRACON& Tower with Radar,5,17,0,0,22,0,2,0,0,2,5,19,0,0,24,22,0,22,46
02/18/2018,GTF,MT,ANM,WE,Combined TRACON& Tower with Radar,8,14,5,0,27,0,1,0,0,1,8,15,5,0,28,0,0,0,28
02/19/2018,GTF,MT,ANM,WE,Combined TRACON& Tower with Radar,7,22,12,0,41,0,2,0,0,2,7,24,12,0,43,0,0,0,43
02/20/2018,GTF,MT,ANM,WE,Combined TRACON& Tower with Radar,10,31,8,1,50,0,3,11,1,15,10,34,19,2,65,14,0,14,79
02/21/2018,GTF,MT,ANM,WE,Combined TRACON& Tower with Radar,10,28,10,7,55,0,2,12,12,26,10,30,22,19,81,0,22,22,103
02/22/2018,GTF,MT,ANM,WE,Combined TRACON& Tower with Radar,12,42,11,5,70,0,5,11,6,22,12,47,22,11,92,0,20,20,112
02/23/2018,GTF,MT,ANM,WE,Combined TRACON& Tower with Radar,10,30,13,9,62,0,1,7,3,11,10,31,20,12,73,12,0,12,85
02/24/2018,GTF,MT,ANM,WE,Combined TRACON& Tower with Radar,6,25,16,0,47,0,0,6,0,6,6,25,22,0,53,12,0,12,65
02/25/2018,GTF,MT,ANM,WE,Combined TRACON& Tower with Radar,9,8,2,0,19,0,2,0,0,2,9,10,2,0,21,0,0,0,21
02/26/2018,GTF,MT,ANM,WE,Combined TRACON& Tower with Radar,7,23,9,22,61,0,2,2,13,17,7,25,11,35,78,0,12,12,90
02/27/2018,GTF,MT,ANM,WE,Combined TRACON& Tower with Radar,11,34,7,9,61,0,0,3,5,8,11,34,10,14,69,0,4,4,73
02/28/2018,GTF,MT,ANM,WE,Combined TRACON& Tower with Radar,8,38,11,18,75,0,2,6,18,26,8,40,17,36,101,2,44,46,147
03/01/2018,GTF,MT,ANM,WE,Combined TRACON& Tower with Radar,14,37,28,3,82,0,0,15,12,27,14,37,43,15,109,24,10,34,143
03/02/2018,GTF,MT,ANM,WE,Combined TRACON& Tower with Radar,10,43,6,8,67,0,0,1,0,1,10,43,7,8,68,18,0,18,86
03/03/2018,GTF,MT,ANM,WE,Combined TRACON& Tower with Radar,8,15,10,1,34,0,1,6,1,8,8,16,16,2,42,18,0,18,60
03/04/2018,GTF,MT,ANM,WE,Combined TRACON& Tower with Radar,9,16,3,4,32,0,1,1,0,2,9,17,4,4,34,0,0,0,34
03/05/2018,GTF,MT,ANM,WE,Combined TRACON& Tower with Radar,7,33,7,4,51,0,2,9,14,25,7,35,16,18,76,8,0,8,84
03/06/2018,GTF,MT,ANM,WE,Combined TRACON& Tower with Radar,9,34,11,11,65,0,11,15,3,29,9,45,26,14,94,10,18,28,122
03/07/2018,GTF,MT,ANM,WE,Combined TRACON& Tower with Radar,10,34,7,6,57,0,4,12,11,27,10,38,19,17,84,0,6,6,90
03/08/2018,GTF,MT,ANM,WE,Combined TRACON& Tower with Radar,12,31,21,7,71,0,3,7,1,11,12,34,28,8,82,18,0,18,100
03/09/2018,GTF,MT,ANM,WE,Combined TRACON& Tower with Radar,10,32,7,0,49,0,1,5,2,8,10,33,12,2,57,0,0,0,57
03/10/2018,GTF,MT,ANM,WE,Combined TRACON& Tower with Radar,6,19,6,0,31,0,0,18,0,18,6,19,24,0,49,18,0,18,67
03/11/2018,GTF,MT,ANM,WE,Combined TRACON& Tower with Radar,9,16,8,0,33,0,0,20,0,20,9,16,28,0,53,46,0,46,99
03/12/2018,GTF,MT,ANM,WE,Combined TRACON& Tower with Radar,9,33,14,2,58,0,0,24,4,28,9,33,38,6,86,40,0,40,126
03/13/2018,GTF,MT,ANM,WE,Combined TRACON& Tower with Radar,10,36,11,17,74,0,1,25,4,30,10,37,36,21,104,38,40,78,182
03/14/2018,GTF,MT,ANM,WE,Combined TRACON& Tower with Radar,8,34,5,7,54,0,3,12,11,26,8,37,17,18,80,12,0,12,92
03/15/2018,GTF,MT,ANM,WE,Combined TRACON& Tower with Radar,14,38,13,4,69,0,0,0,0,0,14,38,13,4,69,0,0,0,69
03/16/2018,GTF,MT,ANM,WE,Combined TRACON& Tower with Radar,9,26,8,1,44,0,0,0,0,0,9,26,8,1,44,0,0,0,44
03/17/2018,GTF,MT,ANM,WE,Combined TRACON& Tower with Radar,7,23,5,0,35,0,0,0,3,3,7,23,5,3,38,0,0,0,38
03/18/2018,GTF,MT,ANM,WE,Combined TRACON& Tower with Radar,10,24,4,0,38,0,2,0,0,2,10,26,4,0,40,0,0,0,40
03/19/2018,GTF,MT,ANM,WE,Combined TRACON& Tower with Radar,7,32,14,1,54,0,2,10,0,12,7,34,24,1,66,8,0,8,74
03/20/2018,GTF,MT,ANM,WE,Combined TRACON& Tower with Radar,10,39,20,10,79,0,0,12,12,24,10,39,32,22,103,8,18,26,129
03/21/2018,GTF,MT,ANM,WE,Combined TRACON& Tower with Radar,8,30,15,7,60,0,0,27,12,39,8,30,42,19,99,24,18,42,141
03/22/2018,GTF,MT,ANM,WE,Combined TRACON& Tower with Radar,12,37,4,13,66,0,2,9,15,26,12,39,13,28,92,44,30,74,166
03/23/2018,GTF,MT,ANM,WE,Combined TRACON& Tower with Radar,11,35,5,1,52,0,4,10,2,16,11,39,15,3,68,28,16,44,112
03/24/2018,GTF,MT,ANM,WE,Combined TRACON& Tower with Radar,7,18,3,0,28,0,1,5,0,6,7,19,8,0,34,8,0,8,42
03/25/2018,GTF,MT,ANM,WE,Combined TRACON& Tower with Radar,12,14,11,0,37,0,0,21,2,23,12,14,32,2,60,10,0,10,70
03/26/2018,GTF,MT,ANM,WE,Combined TRACON& Tower with Radar,7,28,14,12,61,0,0,7,13,20,7,28,21,25,81,10,6,16,97
03/27/2018,GTF,MT,ANM,WE,Combined TRACON& Tower with Radar,10,37,9,5,61,0,0,4,8,12,10,37,13,13,73,0,20,20,93
03/28/2018,GTF,MT,ANM,WE,Combined TRACON& Tower with Radar,11,37,15,4,67,0,0,4,8,12,11,37,19,12,79,0,14,14,93
03/29/2018,GTF,MT,ANM,WE,Combined TRACON& Tower with Radar,10,36,20,5,71,0,2,13,5,20,10,38,33,10,91,12,10,22,113
03/30/2018,GTF,MT,ANM,WE,Combined TRACON& Tower with Radar,10,33,7,3,53,0,0,2,3,5,10,33,9,6,58,0,0,0,58
03/31/2018,GTF,MT,ANM,WE,Combined TRACON& Tower with Radar,6,18,4,0,28,0,1,2,0,3,6,19,6,0,31,10,0,10,41
04/01/2018,GTF,MT,ANM,WE,Combined TRACON& Tower with Radar,10,12,4,0,26,0,1,2,0,3,10,13,6,0,29,0,0,0,29
04/02/2018,GTF,MT,ANM,WE,Combined TRACON& Tower with Radar,8,29,5,1,43,0,0,0,0,0,8,29,5,1,43,0,0,0,43
04/03/2018,GTF,MT,ANM,WE,Combined TRACON& Tower with Radar,11,35,10,4,60,0,1,11,8,20,11,36,21,12,80,22,16,38,118
04/04/2018,GTF,MT,ANM,WE,Combined TRACON& Tower with Radar,9,32,11,5,57,0,1,10,11,22,9,33,21,16,79,12,18,30,109
04/05/2018,GTF,MT,ANM,WE,Combined TRACON& Tower with Radar,12,33,10,4,59,0,0,1,0,1,12,33,11,4,60,0,0,0,60
04/06/2018,GTF,MT,ANM,WE,Combined TRACON& Tower with Radar,13,34,7,2,56,0,1,1,2,4,13,35,8,4,60,0,18,18,78
04/07/2018,GTF,MT,ANM,WE,Combined TRACON& Tower with Radar,9,19,4,1,33,0,2,2,0,4,9,21,6,1,37,4,2,6,43
04/08/2018,GTF,MT,ANM,WE,Combined TRACON& Tower with Radar,10,16,3,5,34,0,0,0,0,0,10,16,3,5,34,0,0,0,34
04/09/2018,GTF,MT,ANM,WE,Combined TRACON& Tower with Radar,9,29,7,11,56,0,0,11,18,29,9,29,18,29,85,14,24,38,123
04/10/2018,GTF,MT,ANM,WE,Combined TRACON& Tower with Radar,9,36,8,10,63,0,0,8,13,21,9,36,16,23,84,14,25,39,123
04/11/2018,GTF,MT,ANM,WE,Combined TRACON& Tower with Radar,9,39,7,9,64,0,1,5,6,12,9,40,12,15,76,4,0,4,80
04/12/2018,GTF,MT,ANM,WE,Combined TRACON& Tower with Radar,12,27,7,3,49,0,1,0,2,3,12,28,7,5,52,0,0,0,52
04/13/2018,GTF,MT,ANM,WE,Combined TRACON& Tower with Radar,15,42,10,0,67,0,1,8,7,16,15,43,18,7,83,2,0,2,85
04/14/2018,GTF,MT,ANM,WE,Combined TRACON& Tower with Radar,7,21,8,0,36,0,2,10,0,12,7,23,18,0,48,26,0,26,74
04/15/2018,GTF,MT,ANM,WE,Combined TRACON& Tower with Radar,9,18,8,4,39,0,0,8,0,8,9,18,16,4,47,42,0,42,89
04/16/2018,GTF,MT,ANM,WE,Combined TRACON& Tower with Radar,7,26,9,2,44,0,2,2,4,8,7,28,11,6,52,4,0,4,56
04/17/2018,GTF,MT,ANM,WE,Combined TRACON& Tower with Radar,12,35,11,7,65,0,0,1,6,7,12,35,12,13,72,0,2,2,74
04/18/2018,GTF,MT,ANM,WE,Combined TRACON& Tower with Radar,9,35,16,4,64,0,1,19,17,37,9,36,35,21,101,42,8,50,151
04/19/2018,GTF,MT,ANM,WE,Combined TRACON& Tower with Radar,12,32,3,7,54,0,1,23,18,42,12,33,26,25,96,80,18,98,194
04/20/2018,GTF,MT,ANM,WE,Combined TRACON& Tower with Radar,11,31,15,3,60,0,4,29,5,38,11,35,44,8,98,44,30,74,172
04/21/2018,GTF,MT,ANM,WE,Combined TRACON& Tower with Radar,8,15,11,0,34,0,2,13,0,15,8,17,24,0,49,26,0,26,75
04/22/2018,GTF,MT,ANM,WE,Combined TRACON& Tower with Radar,10,15,7,0,32,0,1,17,0,18,10,16,24,0,50,68,0,68,118
04/23/2018,GTF,MT,ANM,WE,Combined TRACON& Tower with Radar,8,24,5,4,41,0,2,3,3,8,8,26,8,7,49,30,0,30,79
04/24/2018,GTF,MT,ANM,WE,Combined TRACON& Tower with Radar,10,35,6,6,57,0,6,17,14,37,10,41,23,20,94,28,26,54,148
04/25/2018,GTF,MT,ANM,WE,Combined TRACON& Tower with Radar,10,30,13,7,60,0,0,17,11,28,10,30,30,18,88,16,0,16,104
04/26/2018,GTF,MT,ANM,WE,Combined TRACON& Tower with Radar,13,37,22,2,74,0,7,21,7,35,13,44,43,9,109,24,4,28,137
04/27/2018,GTF,MT,ANM,WE,Combined TRACON& Tower with Radar,11,34,16,5,66,0,0,18,5,23,11,34,34,10,89,28,20,48,137
04/28/2018,GTF,MT,ANM,WE,Combined TRACON& Tower with Radar,8,24,7,0,39,0,0,25,0,25,8,24,32,0,64,36,0,36,100
04/29/2018,GTF,MT,ANM,WE,Combined TRACON& Tower with Radar,10,14,4,0,28,0,2,8,0,10,10,16,12,0,38,4,0,4,42
04/30/2018,GTF,MT,ANM,WE,Combined TRACON& Tower with Radar,8,25,7,1,41,0,1,0,2,3,8,26,7,3,44,0,2,2,46
05/01/2018,GTF,MT,ANM,WE,Combined TRACON& Tower with Radar,10,35,5,29,79,0,3,6,7,16,10,38,11,36,95,28,4,32,127
05/02/2018,GTF,MT,ANM,WE,Combined TRACON& Tower with Radar,8,30,10,4,52,0,1,17,12,30,8,31,27,16,82,0,0,0,82
05/03/2018,GTF,MT,ANM,WE,Combined TRACON& Tower with Radar,13,30,2,2,47,0,3,17,9,29,13,33,19,11,76,14,20,34,110
05/04/2018,GTF,MT,ANM,WE,Combined TRACON& Tower with Radar,14,35,11,7,67,0,1,19,8,28,14,36,30,15,95,26,8,34,129
05/05/2018,GTF,MT,ANM,WE,Combined TRACON& Tower with Radar,7,26,5,12,50,0,0,18,3,21,7,26,23,15,71,22,2,24,95
05/06/2018,GTF,MT,ANM,WE,Combined TRACON& Tower with Radar,10,15,13,0,38,0,1,22,0,23,10,16,35,0,61,32,0,32,93
05/07/2018,GTF,MT,ANM,WE,Combined TRACON& Tower with Radar,8,23,12,10,53,0,4,4,14,22,8,27,16,24,75,4,2,6,81
05/08/2018,GTF,MT,ANM,WE,Combined TRACON& Tower with Radar,10,41,14,5,70,0,1,9,11,21,10,42,23,16,91,0,6,6,97
05/09/2018,GTF,MT,ANM,WE,Combined TRACON& Tower with Radar,11,37,12,14,74,0,3,14,14,31,11,40,26,28,105,6,0,6,111
05/10/2018,GTF,MT,ANM,WE,Combined TRACON& Tower with Radar,11,42,17,23,93,0,5,16,12,33,11,47,33,35,126,26,36,62,188
05/11/2018,GTF,MT,ANM,WE,Combined TRACON& Tower with Radar,15,38,16,2,71,0,0,3,0,3,15,38,19,2,74,0,0,0,74
05/12/2018,GTF,MT,ANM,WE,Combined TRACON& Tower with Radar,9,19,12,2,42,0,0,8,0,8,9,19,20,2,50,28,0,28,78
05/13/2018,GTF,MT,ANM,WE,Combined TRACON& Tower with Radar,8,17,7,5,37,0,0,13,0,13,8,17,20,5,50,32,4,36,86
05/14/2018,GTF,MT,ANM,WE,Combined TRACON& Tower with Radar,13,31,19,5,68,0,7,24,8,39,13,38,43,13,107,8,0,8,115
05/15/2018,GTF,MT,ANM,WE,Combined TRACON& Tower with Radar,9,31,11,6,57,0,3,15,11,29,9,34,26,17,86,6,0,6,92
05/16/2018,GTF,MT,ANM,WE,Combined TRACON& Tower with Radar,9,35,24,2,70,0,0,27,11,38,9,35,51,13,108,0,24,24,132
05/17/2018,GTF,MT,ANM,WE,Combined TRACON& Tower with Radar,11,37,22,1,71,0,6,5,4,15,11,43,27,5,86,12,26,38,124
05/18/2018,GTF,MT,ANM,WE,Combined TRACON& Tower with Radar,12,35,6,1,54,0,0,0,0,0,12,35,6,1,54,0,0,0,54
05/19/2018,GTF,MT,ANM,WE,Combined TRACON& Tower with Radar,8,19,5,1,33,0,1,12,0,13,8,20,17,1,46,16,0,16,62
05/20/2018,GTF,MT,ANM,WE,Combined TRACON& Tower with Radar,9,14,7,0,30,0,1,13,2,16,9,15,20,2,46,20,0,20,66
05/21/2018,GTF,MT,ANM,WE,Combined TRACON& Tower with Radar,9,22,6,10,47,0,2,15,11,28,9,24,21,21,75,8,0,8,83
05/22/2018,GTF,MT,ANM,WE,Combined TRACON& Tower with Radar,10,36,15,14,75,0,3,2,11,16,10,39,17,25,91,0,18,18,109
05/23/2018,GTF,MT,ANM,WE,Combined TRACON& Tower with Radar,10,35,16,5,66,0,1,6,9,16,10,36,22,14,82,0,6,6,88
05/24/2018,GTF,MT,ANM,WE,Combined TRACON& Tower with Radar,12,36,14,5,67,0,1,10,5,16,12,37,24,10,83,0,14,14,97
05/25/2018,GTF,MT,ANM,WE,Combined TRACON& Tower with Radar,12,37,11,0,60,0,1,19,6,26,12,38,30,6,86,0,0,0,86
05/26/2018,GTF,MT,ANM,WE,Combined TRACON& Tower with Radar,10,29,9,0,48,0,12,14,0,26,10,41,23,0,74,14,0,14,88
05/27/2018,GTF,MT,ANM,WE,Combined TRACON& Tower with Radar,11,9,8,0,28,0,0,6,0,6,11,9,14,0,34,18,0,18,52
05/28/2018,GTF,MT,ANM,WE,Combined TRACON& Tower with Radar,8,14,8,0,30,0,0,8,0,8,8,14,16,0,38,48,0,48,86
05/29/2018,GTF,MT,ANM,WE,Combined TRACON& Tower with Radar,6,30,12,8,56,0,0,24,13,37,6,30,36,21,93,6,14,20,113
05/30/2018,GTF,MT,ANM,WE,Combined TRACON& Tower with Radar,13,38,14,2,67,0,5,30,13,48,13,43,44,15,115,58,0,58,173
05/31/2018,GTF,MT,ANM,WE,Combined TRACON& Tower with Radar,12,38,17,2,69,0,0,1,3,4,12,38,18,5,73,18,0,18,91
06/01/2018,GTF,MT,ANM,WE,Combined TRACON& Tower with Radar,12,37,16,5,70,0,1,10,1,12,12,38,26,6,82,4,0,4,86
06/02/2018,GTF,MT,ANM,WE,Combined TRACON& Tower with Radar,8,16,9,0,33,0,0,9,0,9,8,16,18,0,42,16,0,16,58
06/03/2018,GTF,MT,ANM,WE,Combined TRACON& Tower with Radar,11,12,14,0,37,0,2,30,6,38,11,14,44,6,75,4,12,16,91
06/04/2018,GTF,MT,ANM,WE,Combined TRACON& Tower with Radar,9,28,8,2,47,0,4,8,4,16,9,32,16,6,63,2,0,2,65
06/05/2018,GTF,MT,ANM,WE,Combined TRACON& Tower with Radar,10,32,15,6,63,0,1,10,12,23,10,33,25,18,86,24,10,34,120
06/06/2018,GTF,MT,ANM,WE,Combined TRACON& Tower with Radar,10,32,7,7,56,0,1,29,14,44,10,33,36,21,100,4,18,22,122
06/07/2018,GTF,MT,ANM,WE,Combined TRACON& Tower with Radar,14,31,11,10,66,0,3,7,5,15,14,34,18,15,81,0,14,14,95
06/08/2018,GTF,MT,ANM,WE,Combined TRACON& Tower with Radar,16,33,6,2,57,0,1,18,3,22,16,34,24,5,79,0,16,16,95
06/09/2018,GTF,MT,ANM,WE,Combined TRACON& Tower with Radar,10,29,8,1,48,0,2,20,0,22,10,31,28,1,70,6,0,6,76
06/10/2018,GTF,MT,ANM,WE,Combined TRACON& Tower with Radar,13,20,10,5,48,0,0,5,0,5,13,20,15,5,53,0,0,0,53
06/11/2018,GTF,MT,ANM,WE,Combined TRACON& Tower with Radar,13,25,14,5,57,0,2,13,4,19,13,27,27,9,76,8,4,12,88
06/12/2018,GTF,MT,ANM,WE,Combined TRACON& Tower with Radar,12,35,14,4,65,0,2,18,2,22,12,37,32,6,87,6,2,8,95
06/13/2018,GTF,MT,ANM,WE,Combined TRACON& Tower with Radar,14,36,17,5,72,0,1,23,9,33,14,37,40,14,105,10,12,22,127
06/14/2018,GTF,MT,ANM,WE,Combined TRACON& Tower with Radar,16,36,16,5,73,0,4,16,9,29,16,40,32,14,102,46,8,54,156
06/15/2018,GTF,MT,ANM,WE,Combined TRACON& Tower with Radar,14,36,14,16,80,0,5,15,5,25,14,41,29,21,105,0,42,42,147
06/16/2018,GTF,MT,ANM,WE,Combined TRACON& Tower with Radar,10,25,9,0,44,0,0,1,0,1,10,25,10,0,45,0,0,0,45
06/17/2018,GTF,MT,ANM,WE,Combined TRACON& Tower with Radar,13,25,7,0,45,0,0,5,0,5,13,25,12,0,50,20,0,20,70
06/18/2018,GTF,MT,ANM,WE,Combined TRACON& Tower with Radar,12,29,12,0,53,0,0,2,0,2,12,29,14,0,55,8,0,8,63
06/19/2018,GTF,MT,ANM,WE,Combined TRACON& Tower with Radar,13,41,14,6,74,0,0,0,0,0,13,41,14,6,74,18,0,18,92
06/20/2018,GTF,MT,ANM,WE,Combined TRACON& Tower with Radar,12,41,19,4,76,0,0,19,11,30,12,41,38,15,106,32,0,32,138
06/21/2018,GTF,MT,ANM,WE,Combined TRACON& Tower with Radar,15,36,10,1,62,0,4,27,13,44,15,40,37,14,106,30,4,34,140
06/22/2018,GTF,MT,ANM,WE,Combined TRACON& Tower with Radar,15,35,7,5,62,0,0,24,3,27,15,35,31,8,89,42,0,42,131
06/23/2018,GTF,MT,ANM,WE,Combined TRACON& Tower with Radar,12,31,9,2,54,0,1,20,0,21,12,32,29,2,75,28,0,28,103
06/24/2018,GTF,MT,ANM,WE,Combined TRACON& Tower with Radar,17,18,15,6,56,0,0,34,1,35,17,18,49,7,91,32,14,46,137
06/25/2018,GTF,MT,ANM,WE,Combined TRACON& Tower with Radar,11,25,9,1,46,0,3,29,1,33,11,28,38,2,79,36,0,36,115
06/26/2018,GTF,MT,ANM,WE,Combined TRACON& Tower with Radar,12,41,11,15,79,0,2,14,11,27,12,43,25,26,106,20,12,32,138
06/27/2018,GTF,MT,ANM,WE,Combined TRACON& Tower with Radar,12,37,8,2,59,0,2,15,12,29,12,39,23,14,88,64,20,84,172
06/28/2018,GTF,MT,ANM,WE,Combined TRACON& Tower with Radar,16,35,5,3,59,0,3,16,10,29,16,38,21,13,88,56,0,56,144
06/29/2018,GTF,MT,ANM,WE,Combined TRACON& Tower with Radar,14,45,6,5,70,0,5,3,6,14,14,50,9,11,84,50,64,114,198
06/30/2018,GTF,MT,ANM,WE,Combined TRACON& Tower with Radar,10,33,15,0,58,0,0,12,0,12,10,33,27,0,70,8,0,8,78
07/01/2018,GTF,MT,ANM,WE,Combined TRACON& Tower with Radar,13,16,5,0,34,0,0,13,0,13,13,16,18,0,47,50,0,50,97
07/02/2018,GTF,MT,ANM,WE,Combined TRACON& Tower with Radar,15,30,4,12,61,0,1,7,4,12,15,31,11,16,73,24,4,28,101
07/03/2018,GTF,MT,ANM,WE,Combined TRACON& Tower with Radar,14,42,8,5,69,0,1,15,9,25,14,43,23,14,94,42,0,42,136
07/04/2018,GTF,MT,ANM,WE,Combined TRACON& Tower with Radar,8,12,8,1,29,0,3,24,4,31,8,15,32,5,60,0,0,0,60
07/05/2018,GTF,MT,ANM,WE,Combined TRACON& Tower with Radar,18,37,13,3,71,0,1,28,0,29,18,38,41,3,100,0,0,0,100
07/06/2018,GTF,MT,ANM,WE,Combined TRACON& Tower with Radar,14,38,5,3,60,0,3,8,1,12,14,41,13,4,72,8,0,8,80
07/07/2018,GTF,MT,ANM,WE,Combined TRACON& Tower with Radar,10,25,13,0,48,0,1,26,0,27,10,26,39,0,75,16,0,16,91
07/08/2018,GTF,MT,ANM,WE,Combined TRACON& Tower with Radar,14,20,27,2,63,0,1,22,2,25,14,21,49,4,88,14,0,14,102
07/09/2018,GTF,MT,ANM,WE,Combined TRACON& Tower with Radar,12,29,25,2,68,0,0,28,7,35,12,29,53,9,103,50,0,50,153
07/10/2018,GTF,MT,ANM,WE,Combined TRACON& Tower with Radar,14,39,6,5,64,0,0,10,10,20,14,39,16,15,84,18,8,26,110
07/11/2018,GTF,MT,ANM,WE,Combined TRACON& Tower with Radar,14,36,14,5,69,0,4,31,16,51,14,40,45,21,120,10,4,14,134
07/12/2018,GTF,MT,ANM,WE,Combined TRACON& Tower with Radar,15,33,18,6,72,0,2,31,10,43,15,35,49,16,115,18,0,18,133
07/13/2018,GTF,MT,ANM,WE,Combined TRACON& Tower with Radar,15,37,19,6,77,0,2,29,10,41,15,39,48,16,118,0,0,0,118
07/14/2018,GTF,MT,ANM,WE,Combined TRACON& Tower with Radar,10,26,20,2,58,0,1,12,0,13,10,27,32,2,71,104,0,104,175
07/15/2018,GTF,MT,ANM,WE,Combined TRACON& Tower with Radar,16,15,18,2,51,0,0,34,2,36,16,15,52,4,87,0,0,0,87
07/16/2018,GTF,MT,ANM,WE,Combined TRACON& Tower with Radar,12,27,12,3,54,0,2,29,4,35,12,29,41,7,89,50,0,50,139
07/17/2018,GTF,MT,ANM,WE,Combined TRACON& Tower with Radar,14,35,9,6,64,0,2,30,6,38,14,37,39,12,102,50,0,50,152
07/18/2018,GTF,MT,ANM,WE,Combined TRACON& Tower with Radar,16,32,12,3,63,0,2,20,8,30,16,34,32,11,93,28,0,28,121
07/19/2018,GTF,MT,ANM,WE,Combined TRACON& Tower with Radar,19,42,7,13,81,1,6,23,9,39,20,48,30,22,120,46,46,92,212
07/20/2018,GTF,MT,ANM,WE,Combined TRACON& Tower with Radar,15,39,10,3,67,0,0,25,8,33,15,39,35,11,100,26,22,48,148
07/21/2018,GTF,MT,ANM,WE,Combined TRACON& Tower with Radar,12,22,14,2,50,0,1,29,3,33,12,23,43,5,83,10,28,38,121
07/22/2018,GTF,MT,ANM,WE,Combined TRACON& Tower with Radar,16,13,12,3,44,0,0,22,0,22,16,13,34,3,66,14,0,14,80
07/23/2018,GTF,MT,ANM,WE,Combined TRACON& Tower with Radar,12,26,5,6,49,0,0,16,6,22,12,26,21,12,71,52,0,52,123
07/24/2018,GTF,MT,ANM,WE,Combined TRACON& Tower with Radar,14,31,17,2,64,0,1,18,14,33,14,32,35,16,97,30,8,38,135
07/25/2018,GTF,MT,ANM,WE,Combined TRACON& Tower with Radar,14,38,12,6,70,0,4,25,9,38,14,42,37,15,108,34,0,34,142
07/26/2018,GTF,MT,ANM,WE,Combined TRACON& Tower with Radar,16,47,5,2,70,0,9,27,4,40,16,56,32,6,110,14,30,44,154
07/27/2018,GTF,MT,ANM,WE,Combined TRACON& Tower with Radar,13,35,12,6,66,0,3,23,3,29,13,38,35,9,95,22,16,38,133
07/28/2018,GTF,MT,ANM,WE,Combined TRACON& Tower with Radar,11,20,9,0,40,0,1,20,0,21,11,21,29,0,61,10,0,10,71
07/29/2018,GTF,MT,ANM,WE,Combined TRACON& Tower with Radar,14,16,19,4,53,0,0,24,2,26,14,16,43,6,79,0,0,0,79
07/30/2018,GTF,MT,ANM,WE,Combined TRACON& Tower with Radar,12,29,17,4,62,0,3,28,4,35,12,32,45,8,97,14,0,14,111
07/31/2018,GTF,MT,ANM,WE,Combined TRACON& Tower with Radar,16,36,12,11,75,0,1,8,4,13,16,37,20,15,88,4,18,22,110
08/01/2018,GTF,MT,ANM,WE,Combined TRACON& Tower with Radar,14,37,12,7,70,0,7,8,3,18,14,44,20,10,88,4,40,44,132
08/02/2018,GTF,MT,ANM,WE,Combined TRACON& Tower with Radar,19,38,16,9,82,0,1,21,11,33,19,39,37,20,115,6,24,30,145
08/03/2018,GTF,MT,ANM,WE,Combined TRACON& Tower with Radar,17,40,3,2,62,0,0,17,4,21,17,40,20,6,83,40,0,40,123
08/04/2018,GTF,MT,ANM,WE,Combined TRACON& Tower with Radar,11,25,10,2,48,0,2,19,0,21,11,27,29,2,69,18,0,18,87
08/05/2018,GTF,MT,ANM,WE,Combined TRACON& Tower with Radar,15,17,15,4,51,0,0,20,4,24,15,17,35,8,75,0,0,0,75
08/06/2018,GTF,MT,ANM,WE,Combined TRACON& Tower with Radar,13,30,11,3,57,0,1,13,0,14,13,31,24,3,71,0,0,0,71
08/07/2018,GTF,MT,ANM,WE,Combined TRACON& Tower with Radar,14,36,8,6,64,0,1,40,6,47,14,37,48,12,111,30,0,30,141
08/08/2018,GTF,MT,ANM,WE,Combined TRACON& Tower with Radar,16,33,19,3,71,0,2,13,6,21,16,35,32,9,92,36,0,36,128
08/09/2018,GTF,MT,ANM,WE,Combined TRACON& Tower with Radar,16,34,7,2,59,0,0,12,4,16,16,34,19,6,75,30,0,30,105
08/10/2018,GTF,MT,ANM,WE,Combined TRACON& Tower with Radar,13,40,16,11,80,0,1,11,2,14,13,41,27,13,94,34,0,34,128
08/11/2018,GTF,MT,ANM,WE,Combined TRACON& Tower with Radar,12,22,14,1,49,0,2,12,2,16,12,24,26,3,65,18,0,18,83
08/12/2018,GTF,MT,ANM,WE,Combined TRACON& Tower with Radar,12,15,11,5,43,0,0,4,4,8,12,15,15,9,51,0,0,0,51
08/13/2018,GTF,MT,ANM,WE,Combined TRACON& Tower with Radar,12,29,13,5,59,0,1,17,3,21,12,30,30,8,80,22,0,22,102
08/14/2018,GTF,MT,ANM,WE,Combined TRACON& Tower with Radar,14,38,9,12,73,0,0,17,11,28,14,38,26,23,101,16,0,16,117
08/15/2018,GTF,MT,ANM,WE,Combined TRACON& Tower with Radar,15,35,21,3,74,0,1,17,9,27,15,36,38,12,101,8,4,12,113
08/16/2018,GTF,MT,ANM,WE,Combined TRACON& Tower with Radar,18,40,12,5,75,0,3,3,6,12,18,43,15,11,87,0,11,11,98
08/17/2018,GTF,MT,ANM,WE,Combined TRACON& Tower with Radar,14,43,5,2,64,0,5,11,7,23,14,48,16,9,87,24,6,30,117
08/18/2018,GTF,MT,ANM,WE,Combined TRACON& Tower with Radar,10,27,9,2,48,0,0,8,0,8,10,27,17,2,56,6,0,6,62
08/19/2018,GTF,MT,ANM,WE,Combined TRACON& Tower with Radar,13,19,10,1,43,0,0,6,0,6,13,19,16,1,49,0,0,0,49
08/20/2018,GTF,MT,ANM,WE,Combined TRACON& Tower with Radar,10,29,12,0,51,0,1,5,0,6,10,30,17,0,57,10,0,10,67
08/21/2018,GTF,MT,ANM,WE,Combined TRACON& Tower with Radar,12,38,16,8,74,0,1,17,6,24,12,39,33,14,98,24,12,36,134
08/22/2018,GTF,MT,ANM,WE,Combined TRACON& Tower with Radar,13,38,11,4,66,0,2,13,8,23,13,40,24,12,89,26,8,34,123
08/23/2018,GTF,MT,ANM,WE,Combined TRACON& Tower with Radar,14,39,14,1,68,0,3,8,2,13,14,42,22,3,81,46,0,46,127
08/24/2018,GTF,MT,ANM,WE,Combined TRACON& Tower with Radar,12,38,6,8,64,0,0,14,0,14,12,38,20,8,78,8,12,20,98
08/25/2018,GTF,MT,ANM,WE,Combined TRACON& Tower with Radar,7,21,16,0,44,0,0,9,0,9,7,21,25,0,53,26,0,26,79
08/26/2018,GTF,MT,ANM,WE,Combined TRACON& Tower with Radar,10,14,20,0,44,0,1,13,0,14,10,15,33,0,58,0,0,0,58
08/27/2018,GTF,MT,ANM,WE,Combined TRACON& Tower with Radar,12,33,5,3,53,0,0,0,0,0,12,33,5,3,53,0,0,0,53
08/28/2018,GTF,MT,ANM,WE,Combined TRACON& Tower with Radar,14,38,18,5,75,0,0,27,9,36,14,38,45,14,111,26,8,34,145
08/29/2018,GTF,MT,ANM,WE,Combined TRACON& Tower with Radar,10,38,20,5,73,0,0,10,14,24,10,38,30,19,97,12,0,12,109
08/30/2018,GTF,MT,ANM,WE,Combined TRACON& Tower with Radar,13,35,22,9,79,0,0,14,4,18,13,35,36,13,97,8,8,16,113
08/31/2018,GTF,MT,ANM,WE,Combined TRACON& Tower with Radar,11,39,16,0,66,0,2,27,4,33,11,41,43,4,99,36,0,36,135
09/01/2018,GTF,MT,ANM,WE,Combined TRACON& Tower with Radar,8,23,11,0,42,0,0,4,0,4,8,23,15,0,46,0,0,0,46
09/02/2018,GTF,MT,ANM,WE,Combined TRACON& Tower with Radar,11,17,8,0,36,0,1,17,0,18,11,18,25,0,54,14,0,14,68
09/03/2018,GTF,MT,ANM,WE,Combined TRACON& Tower with Radar,7,20,13,0,40,0,0,9,3,12,7,20,22,3,52,0,0,0,52
09/04/2018,GTF,MT,ANM,WE,Combined TRACON& Tower with Radar,8,32,9,15,64,0,0,6,19,25,8,32,15,34,89,0,42,42,131
09/05/2018,GTF,MT,ANM,WE,Combined TRACON& Tower with Radar,10,39,24,10,83,0,1,22,3,26,10,40,46,13,109,42,0,42,151
09/06/2018,GTF,MT,ANM,WE,Combined TRACON& Tower with Radar,13,41,18,9,81,0,0,16,9,25,13,41,34,18,106,38,2,40,146
09/07/2018,GTF,MT,ANM,WE,Combined TRACON& Tower with Radar,12,37,14,3,66,0,1,12,7,20,12,38,26,10,86,34,10,44,130
09/08/2018,GTF,MT,ANM,WE,Combined TRACON& Tower with Radar,9,21,6,16,52,0,0,13,12,25,9,21,19,28,77,16,46,62,139
09/09/2018,GTF,MT,ANM,WE,Combined TRACON& Tower with Radar,12,13,6,0,31,0,1,11,0,12,12,14,17,0,43,12,0,12,55
09/10/2018,GTF,MT,ANM,WE,Combined TRACON& Tower with Radar,10,26,8,2,46,0,3,10,2,15,10,29,18,4,61,0,0,0,61
09/11/2018,GTF,MT,ANM,WE,Combined TRACON& Tower with Radar,16,39,7,1,63,0,1,21,1,23,16,40,28,2,86,34,0,34,120
09/12/2018,GTF,MT,ANM,WE,Combined TRACON& Tower with Radar,10,38,19,4,71,0,5,12,1,18,10,43,31,5,89,30,10,40,129
09/13/2018,GTF,MT,ANM,WE,Combined TRACON& Tower with Radar,12,38,14,9,73,0,1,19,0,20,12,39,33,9,93,12,0,12,105
09/14/2018,GTF,MT,ANM,WE,Combined TRACON& Tower with Radar,13,37,14,9,73,0,2,15,0,17,13,39,29,9,90,2,0,2,92
09/15/2018,GTF,MT,ANM,WE,Combined TRACON& Tower with Radar,7,25,9,0,41,0,0,11,1,12,7,25,20,1,53,12,4,16,69
09/16/2018,GTF,MT,ANM,WE,Combined TRACON& Tower with Radar,10,21,10,1,42,0,0,5,1,6,10,21,15,2,48,0,0,0,48
09/17/2018,GTF,MT,ANM,WE,Combined TRACON& Tower with Radar,13,33,24,3,73,0,0,16,0,16,13,33,40,3,89,0,0,0,89
09/18/2018,GTF,MT,ANM,WE,Combined TRACON& Tower with Radar,13,46,27,6,92,0,0,22,0,22,13,46,49,6,114,0,0,0,114
09/19/2018,GTF,MT,ANM,WE,Combined TRACON& Tower with Radar,10,44,15,0,69,0,0,1,0,1,10,44,16,0,70,0,0,0,70
09/20/2018,GTF,MT,ANM,WE,Combined TRACON& Tower with Radar,13,33,27,4,77,0,0,5,3,8,13,33,32,7,85,0,0,0,85
09/21/2018,GTF,MT,ANM,WE,Combined TRACON& Tower with Radar,12,41,26,7,86,0,0,13,2,15,12,41,39,9,101,10,0,10,111
09/22/2018,GTF,MT,ANM,WE,Combined TRACON& Tower with Radar,7,21,15,2,45,0,0,16,2,18,7,21,31,4,63,96,0,96,159
09/23/2018,GTF,MT,ANM,WE,Combined TRACON& Tower with Radar,10,18,9,0,37,0,0,7,1,8,10,18,16,1,45,40,0,40,85
09/24/2018,GTF,MT,ANM,WE,Combined TRACON& Tower with Radar,11,31,13,2,57,0,0,11,0,11,11,31,24,2,68,2,0,2,70
09/25/2018,GTF,MT,ANM,WE,Combined TRACON& Tower with Radar,13,38,4,3,58,0,0,24,3,27,13,38,28,6,85,30,4,34,119
09/26/2018,GTF,MT,ANM,WE,Combined TRACON& Tower with Radar,10,35,11,1,57,0,3,20,1,24,10,38,31,2,81,10,2,12,93
09/27/2018,GTF,MT,ANM,WE,Combined TRACON& Tower with Radar,13,36,14,5,68,0,0,2,0,2,13,36,16,5,70,0,0,0,70
09/28/2018,GTF,MT,ANM,WE,Combined TRACON& Tower with Radar,12,41,23,2,78,0,1,6,2,9,12,42,29,4,87,26,0,26,113
09/29/2018,GTF,MT,ANM,WE,Combined TRACON& Tower with Radar,9,23,5,1,38,0,0,0,0,0,9,23,5,1,38,0,0,0,38
09/30/2018,GTF,MT,ANM,WE,Combined TRACON& Tower with Radar,14,15,14,0,43,0,0,1,0,1,14,15,15,0,44,0,0,0,44
10/01/2018,GTF,MT,ANM,WE,Combined TRACON& Tower with Radar,9,31,14,5,59,0,0,11,2,13,9,31,25,7,72,62,4,66,138
10/02/2018,GTF,MT,ANM,WE,Combined TRACON& Tower with Radar,13,37,5,10,65,0,0,0,0,0,13,37,5,10,65,16,10,26,91
10/03/2018,GTF,MT,ANM,WE,Combined TRACON& Tower with Radar,12,36,11,8,67,0,2,10,8,20,12,38,21,16,87,10,0,10,97
10/04/2018,GTF,MT,ANM,WE,Combined TRACON& Tower with Radar,12,36,6,8,62,0,1,9,4,14,12,37,15,12,76,20,0,20,96
10/05/2018,GTF,MT,ANM,WE,Combined TRACON& Tower with Radar,13,35,11,1,60,0,0,19,0,19,13,35,30,1,79,14,0,14,93
10/06/2018,GTF,MT,ANM,WE,Combined TRACON& Tower with Radar,9,21,8,0,38,0,0,9,0,9,9,21,17,0,47,12,0,12,59
10/07/2018,GTF,MT,ANM,WE,Combined TRACON& Tower with Radar,10,13,8,0,31,0,2,9,0,11,10,15,17,0,42,20,0,20,62
10/08/2018,GTF,MT,ANM,WE,Combined TRACON& Tower with Radar,11,25,7,2,45,0,0,9,0,9,11,25,16,2,54,8,0,8,62
10/09/2018,GTF,MT,ANM,WE,Combined TRACON& Tower with Radar,11,38,11,3,63,0,0,4,2,6,11,38,15,5,69,0,0,0,69
10/10/2018,GTF,MT,ANM,WE,Combined TRACON& Tower with Radar,10,36,13,6,65,0,0,3,5,8,10,36,16,11,73,8,0,8,81
10/11/2018,GTF,MT,ANM,WE,Combined TRACON& Tower with Radar,15,32,14,8,69,0,0,3,3,6,15,32,17,11,75,0,0,0,75
10/12/2018,GTF,MT,ANM,WE,Combined TRACON& Tower with Radar,11,33,11,2,57,0,0,9,9,18,11,33,20,11,75,8,8,16,91
10/13/2018,GTF,MT,ANM,WE,Combined TRACON& Tower with Radar,11,28,4,4,47,0,0,2,6,8,11,28,6,10,55,0,22,22,77
10/14/2018,GTF,MT,ANM,WE,Combined TRACON& Tower with Radar,9,14,6,0,29,0,0,4,0,4,9,14,10,0,33,42,0,42,75
10/15/2018,GTF,MT,ANM,WE,Combined TRACON& Tower with Radar,10,30,13,10,63,0,0,2,8,10,10,30,15,18,73,10,0,10,83
10/16/2018,GTF,MT,ANM,WE,Combined TRACON& Tower with Radar,14,40,12,18,84,0,3,26,13,42,14,43,38,31,126,28,28,56,182
10/17/2018,GTF,MT,ANM,WE,Combined TRACON& Tower with Radar,10,33,7,11,61,0,3,21,14,38,10,36,28,25,99,12,28,40,139
10/18/2018,GTF,MT,ANM,WE,Combined TRACON& Tower with Radar,14,36,9,13,72,0,5,18,5,28,14,41,27,18,100,62,24,86,186
10/19/2018,GTF,MT,ANM,WE,Combined TRACON& Tower with Radar,10,36,9,2,57,0,2,14,9,25,10,38,23,11,82,50,0,50,132
10/20/2018,GTF,MT,ANM,WE,Combined TRACON& Tower with Radar,8,23,6,0,37,0,1,19,1,21,8,24,25,1,58,18,0,18,76
10/21/2018,GTF,MT,ANM,WE,Combined TRACON& Tower with Radar,11,12,9,6,38,0,0,18,0,18,11,12,27,6,56,54,0,54,110
10/22/2018,GTF,MT,ANM,WE,Combined TRACON& Tower with Radar,9,27,10,11,57,0,0,11,7,18,9,27,21,18,75,34,8,42,117
10/23/2018,GTF,MT,ANM,WE,Combined TRACON& Tower with Radar,12,37,5,9,63,0,0,8,9,17,12,37,13,18,80,0,10,10,90
10/24/2018,GTF,MT,ANM,WE,Combined TRACON& Tower with Radar,10,40,21,0,71,0,1,23,9,33,10,41,44,9,104,34,0,34,138
10/25/2018,GTF,MT,ANM,WE,Combined TRACON& Tower with Radar,13,38,7,16,74,0,0,10,7,17,13,38,17,23,91,32,24,56,147
10/26/2018,GTF,MT,ANM,WE,Combined TRACON& Tower with Radar,12,38,16,7,73,0,0,7,1,8,12,38,23,8,81,36,4,40,121
10/27/2018,GTF,MT,ANM,WE,Combined TRACON& Tower with Radar,9,19,5,0,33,0,0,11,0,11,9,19,16,0,44,72,0,72,116
10/28/2018,GTF,MT,ANM,WE,Combined TRACON& Tower with Radar,8,16,6,1,31,0,0,18,0,18,8,16,24,1,49,44,0,44,93
10/29/2018,GTF,MT,ANM,WE,Combined TRACON& Tower with Radar,13,29,14,4,60,0,0,8,6,14,13,29,22,10,74,0,0,0,74
10/30/2018,GTF,MT,ANM,WE,Combined TRACON& Tower with Radar,11,40,11,4,66,0,1,17,7,25,11,41,28,11,91,22,0,22,113
10/31/2018,GTF,MT,ANM,WE,Combined TRACON& Tower with Radar,10,31,5,0,46,0,0,2,2,4,10,31,7,2,50,0,4,4,54
11/01/2018,GTF,MT,ANM,WE,Combined TRACON& Tower with Radar,12,40,8,9,69,0,0,6,11,17,12,40,14,20,86,4,14,18,104
11/02/2018,GTF,MT,ANM,WE,Combined TRACON& Tower with Radar,13,41,6,7,67,0,0,2,1,3,13,41,8,8,70,20,4,24,94
11/03/2018,GTF,MT,ANM,WE,Combined TRACON& Tower with Radar,7,19,7,6,39,0,0,5,6,11,7,19,12,12,50,8,0,8,58
11/04/2018,GTF,MT,ANM,WE,Combined TRACON& Tower with Radar,9,25,4,4,42,0,1,3,0,4,9,26,7,4,46,0,4,4,50
11/05/2018,GTF,MT,ANM,WE,Combined TRACON& Tower with Radar,13,28,3,0,44,0,0,0,0,0,13,28,3,0,44,0,0,0,44
11/06/2018,GTF,MT,ANM,WE,Combined TRACON& Tower with Radar,12,38,19,6,75,0,0,2,3,5,12,38,21,9,80,6,2,8,88
11/07/2018,GTF,MT,ANM,WE,Combined TRACON& Tower with Radar,12,35,12,2,61,0,0,0,0,0,12,35,12,2,61,0,0,0,61
11/08/2018,GTF,MT,ANM,WE,Combined TRACON& Tower with Radar,12,37,14,0,63,0,1,17,4,22,12,38,31,4,85,12,0,12,97
11/09/2018,GTF,MT,ANM,WE,Combined TRACON& Tower with Radar,10,35,7,0,52,0,0,10,2,12,10,35,17,2,64,8,0,8,72
11/10/2018,GTF,MT,ANM,WE,Combined TRACON& Tower with Radar,6,21,2,1,30,0,0,0,0,0,6,21,2,1,30,0,0,0,30
11/11/2018,GTF,MT,ANM,WE,Combined TRACON& Tower with Radar,11,18,3,0,32,0,0,0,0,0,11,18,3,0,32,0,0,0,32
11/12/2018,GTF,MT,ANM,WE,Combined TRACON& Tower with Radar,9,26,4,0,39,0,0,10,1,11,9,26,14,1,50,16,0,16,66
11/13/2018,GTF,MT,ANM,WE,Combined TRACON& Tower with Radar,10,33,15,11,69,0,0,10,7,17,10,33,25,18,86,42,16,58,144
11/14/2018,GTF,MT,ANM,WE,Combined TRACON& Tower with Radar,12,35,8,6,61,0,0,2,1,3,12,35,10,7,64,0,0,0,64
11/15/2018,GTF,MT,ANM,WE,Combined TRACON& Tower with Radar,13,38,3,8,62,0,2,8,8,18,13,40,11,16,80,0,22,22,102
11/16/2018,GTF,MT,ANM,WE,Combined TRACON& Tower with Radar,10,38,4,0,52,0,0,0,0,0,10,38,4,0,52,42,0,42,94
11/17/2018,GTF,MT,ANM,WE,Combined TRACON& Tower with Radar,7,18,9,0,34,0,1,12,0,13,7,19,21,0,47,38,0,38,85
11/18/2018,GTF,MT,ANM,WE,Combined TRACON& Tower with Radar,10,14,6,0,30,0,2,11,0,13,10,16,17,0,43,0,0,0,43
11/19/2018,GTF,MT,ANM,WE,Combined TRACON& Tower with Radar,10,37,11,15,73,0,1,10,6,17,10,38,21,21,90,14,10,24,114
11/20/2018,GTF,MT,ANM,WE,Combined TRACON& Tower with Radar,10,43,15,12,80,0,0,14,7,21,10,43,29,19,101,42,0,42,143
11/21/2018,GTF,MT,ANM,WE,Combined TRACON& Tower with Radar,12,42,7,0,61,0,7,16,2,25,12,49,23,2,86,14,6,20,106
11/22/2018,GTF,MT,ANM,WE,Combined TRACON& Tower with Radar,3,10,0,0,13,0,0,10,0,10,3,10,10,0,23,24,0,24,47
11/23/2018,GTF,MT,ANM,WE,Combined TRACON& Tower with Radar,10,36,6,0,52,0,0,4,2,6,10,36,10,2,58,36,0,36,94
11/24/2018,GTF,MT,ANM,WE,Combined TRACON& Tower with Radar,11,29,1,0,41,0,0,0,0,0,11,29,1,0,41,0,0,0,41
11/25/2018,GTF,MT,ANM,WE,Combined TRACON& Tower with Radar,15,24,6,0,45,0,1,8,0,9,15,25,14,0,54,8,0,8,62
11/26/2018,GTF,MT,ANM,WE,Combined TRACON& Tower with Radar,9,32,8,4,53,0,3,13,5,21,9,35,21,9,74,18,0,18,92
11/27/2018,GTF,MT,ANM,WE,Combined TRACON& Tower with Radar,8,40,7,9,64,0,0,3,4,7,8,40,10,13,71,4,14,18,89
11/28/2018,GTF,MT,ANM,WE,Combined TRACON& Tower with Radar,10,38,8,1,57,0,0,7,4,11,10,38,15,5,68,2,0,2,70
11/29/2018,GTF,MT,ANM,WE,Combined TRACON& Tower with Radar,10,41,5,3,59,0,1,12,5,18,10,42,17,8,77,60,0,60,137
11/30/2018,GTF,MT,ANM,WE,Combined TRACON& Tower with Radar,12,30,11,7,60,0,0,8,7,15,12,30,19,14,75,6,22,28,103
12/01/2018,GTF,MT,ANM,WE,Combined TRACON& Tower with Radar,6,22,1,0,29,0,0,0,0,0,6,22,1,0,29,0,0,0,29
12/02/2018,GTF,MT,ANM,WE,Combined TRACON& Tower with Radar,11,20,12,7,50,0,3,1,4,8,11,23,13,11,58,0,54,54,112
12/03/2018,GTF,MT,ANM,WE,Combined TRACON& Tower with Radar,7,26,6,1,40,0,0,8,2,10,7,26,14,3,50,60,0,60,110
12/04/2018,GTF,MT,ANM,WE,Combined TRACON& Tower with Radar,8,33,8,5,54,0,2,8,14,24,8,35,16,19,78,38,0,38,116
12/05/2018,GTF,MT,ANM,WE,Combined TRACON& Tower with Radar,10,33,22,1,66,0,1,5,0,6,10,34,27,1,72,0,0,0,72
12/06/2018,GTF,MT,ANM,WE,Combined TRACON& Tower with Radar,10,29,8,9,56,0,0,8,7,15,10,29,16,16,71,34,0,34,105
12/07/2018,GTF,MT,ANM,WE,Combined TRACON& Tower with Radar,10,34,7,15,66,0,0,21,9,30,10,34,28,24,96,12,22,34,130
12/08/2018,GTF,MT,ANM,WE,Combined TRACON& Tower with Radar,6,17,4,0,27,0,0,6,0,6,6,17,10,0,33,12,0,12,45
12/09/2018,GTF,MT,ANM,WE,Combined TRACON& Tower with Radar,11,13,4,0,28,0,0,6,0,6,11,13,10,0,34,0,0,0,34
12/10/2018,GTF,MT,ANM,WE,Combined TRACON& Tower with Radar,7,28,5,24,64,0,2,5,3,10,7,30,10,27,74,4,26,30,104
12/11/2018,GTF,MT,ANM,WE,Combined TRACON& Tower with Radar,8,40,14,8,70,0,1,8,3,12,8,41,22,11,82,0,8,8,90
12/12/2018,GTF,MT,ANM,WE,Combined TRACON& Tower with Radar,10,42,13,6,71,0,0,3,6,9,10,42,16,12,80,0,22,22,102
12/13/2018,GTF,MT,ANM,WE,Combined TRACON& Tower with Radar,10,36,6,3,55,0,0,3,2,5,10,36,9,5,60,0,0,0,60
12/14/2018,GTF,MT,ANM,WE,Combined TRACON& Tower with Radar,11,35,3,8,57,0,1,4,10,15,11,36,7,18,72,8,62,70,142
12/15/2018,GTF,MT,ANM,WE,Combined TRACON& Tower with Radar,7,21,5,0,33,0,0,1,2,3,7,21,6,2,36,0,0,0,36
12/16/2018,GTF,MT,ANM,WE,Combined TRACON& Tower with Radar,11,17,0,0,28,0,1,9,0,10,11,18,9,0,38,0,0,0,38
12/17/2018,GTF,MT,ANM,WE,Combined TRACON& Tower with Radar,13,25,12,6,56,0,0,4,3,7,13,25,16,9,63,18,10,28,91
12/18/2018,GTF,MT,ANM,WE,Combined TRACON& Tower with Radar,8,36,9,0,53,0,3,1,1,5,8,39,10,1,58,0,10,10,68
12/19/2018,GTF,MT,ANM,WE,Combined TRACON& Tower with Radar,8,41,13,2,64,0,1,3,6,10,8,42,16,8,74,0,6,6,80
12/20/2018,GTF,MT,ANM,WE,Combined TRACON& Tower with Radar,10,35,4,3,52,0,1,14,5,20,10,36,18,8,72,24,0,24,96
12/21/2018,GTF,MT,ANM,WE,Combined TRACON& Tower with Radar,12,43,3,8,66,0,1,0,7,8,12,44,3,15,74,0,20,20,94
12/22/2018,GTF,MT,ANM,WE,Combined TRACON& Tower with Radar,12,21,10,0,43,0,0,16,0,16,12,21,26,0,59,18,0,18,77
12/23/2018,GTF,MT,ANM,WE,Combined TRACON& Tower with Radar,13,21,3,0,37,0,0,0,0,0,13,21,3,0,37,0,0,0,37
12/24/2018,GTF,MT,ANM,WE,Combined TRACON& Tower with Radar,14,18,3,0,35,0,1,3,0,4,14,19,6,0,39,12,0,12,51
12/25/2018,GTF,MT,ANM,WE,Combined TRACON& Tower with Radar,7,15,1,0,23,0,0,1,0,1,7,15,2,0,24,0,0,0,24
12/26/2018,GTF,MT,ANM,WE,Combined TRACON& Tower with Radar,12,38,4,0,54,0,0,2,0,2,12,38,6,0,56,0,0,0,56
12/27/2018,GTF,MT,ANM,WE,Combined TRACON& Tower with Radar,14,37,6,0,57,0,1,0,0,1,14,38,6,0,58,0,0,0,58
12/28/2018,GTF,MT,ANM,WE,Combined TRACON& Tower with Radar,15,39,10,0,64,0,1,7,4,12,15,40,17,4,76,26,0,26,102
12/29/2018,GTF,MT,ANM,WE,Combined TRACON& Tower with Radar,15,19,5,0,39,0,0,0,0,0,15,19,5,0,39,0,0,0,39
12/30/2018,GTF,MT,ANM,WE,Combined TRACON& Tower with Radar,10,18,5,0,33,0,1,0,0,1,10,19,5,0,34,10,0,10,44
12/31/2018,GTF,MT,ANM,WE,Combined TRACON& Tower with Radar,14,25,9,0,48,0,2,7,0,9,14,27,16,0,57,50,0,50,107
01/01/2019,GTF,MT,ANM,WE,Combined TRACON& Tower with Radar,6,12,5,0,23,0,0,4,0,4,6,12,9,0,27,0,0,0,27
01/02/2019,GTF,MT,ANM,WE,Combined TRACON& Tower with Radar,14,35,10,5,64,0,1,2,9,12,14,36,12,14,76,0,24,24,100
01/03/2019,GTF,MT,ANM,WE,Combined TRACON& Tower with Radar,11,39,3,0,53,0,3,0,0,3,11,42,3,0,56,0,0,0,56
01/04/2019,GTF,MT,ANM,WE,Combined TRACON& Tower with Radar,12,37,0,6,55,0,1,1,9,11,12,38,1,15,66,0,0,0,66
01/05/2019,GTF,MT,ANM,WE,Combined TRACON& Tower with Radar,9,20,2,0,31,0,1,22,0,23,9,21,24,0,54,68,0,68,122
01/06/2019,GTF,MT,ANM,WE,Combined TRACON& Tower with Radar,9,17,1,1,28,0,0,1,0,1,9,17,2,1,29,0,0,0,29
01/07/2019,GTF,MT,ANM,WE,Combined TRACON& Tower with Radar,7,27,3,9,46,0,3,0,9,12,7,30,3,18,58,16,6,22,80
01/08/2019,GTF,MT,ANM,WE,Combined TRACON& Tower with Radar,10,33,6,27,76,0,1,10,9,20,10,34,16,36,96,0,44,44,140
01/09/2019,GTF,MT,ANM,WE,Combined TRACON& Tower with Radar,8,32,12,7,59,0,3,9,14,26,8,35,21,21,85,20,12,32,117
01/10/2019,GTF,MT,ANM,WE,Combined TRACON& Tower with Radar,12,33,7,17,69,0,1,5,18,24,12,34,12,35,93,6,60,66,159
01/11/2019,GTF,MT,ANM,WE,Combined TRACON& Tower with Radar,15,45,13,9,82,0,1,25,5,31,15,46,38,14,113,36,0,36,149
01/12/2019,GTF,MT,ANM,WE,Combined TRACON& Tower with Radar,7,20,4,1,32,0,0,16,2,18,7,20,20,3,50,50,0,50,100
01/13/2019,GTF,MT,ANM,WE,Combined TRACON& Tower with Radar,9,12,5,0,26,0,0,23,0,23,9,12,28,0,49,98,0,98,147
01/14/2019,GTF,MT,ANM,WE,Combined TRACON& Tower with Radar,9,28,7,10,54,0,1,9,13,23,9,29,16,23,77,60,18,78,155
01/15/2019,GTF,MT,ANM,WE,Combined TRACON& Tower with Radar,8,32,7,17,64,0,1,22,8,31,8,33,29,25,95,26,56,82,177
01/16/2019,GTF,MT,ANM,WE,Combined TRACON& Tower with Radar,9,30,7,5,51,0,1,6,6,13,9,31,13,11,64,6,8,14,78
01/17/2019,GTF,MT,ANM,WE,Combined TRACON& Tower with Radar,13,37,3,0,53,0,0,0,0,0,13,37,3,0,53,0,0,0,53
01/18/2019,GTF,MT,ANM,WE,Combined TRACON& Tower with Radar,10,27,8,8,53,0,2,4,3,9,10,29,12,11,62,30,22,52,114
01/19/2019,GTF,MT,ANM,WE,Combined TRACON& Tower with Radar,6,21,10,0,37,0,0,12,0,12,6,21,22,0,49,8,0,8,57
01/20/2019,GTF,MT,ANM,WE,Combined TRACON& Tower with Radar,8,8,1,0,17,0,0,1,0,1,8,8,2,0,18,2,0,2,20
01/21/2019,GTF,MT,ANM,WE,Combined TRACON& Tower with Radar,6,27,5,1,39,0,0,0,0,0,6,27,5,1,39,0,0,0,39
01/22/2019,GTF,MT,ANM,WE,Combined TRACON& Tower with Radar,8,37,10,4,59,0,2,7,3,12,8,39,17,7,71,0,2,2,73
01/23/2019,GTF,MT,ANM,WE,Combined TRACON& Tower with Radar,8,34,2,0,44,0,1,0,0,1,8,35,2,0,45,0,0,0,45
01/24/2019,GTF,MT,ANM,WE,Combined TRACON& Tower with Radar,12,32,16,12,72,0,4,5,11,20,12,36,21,23,92,12,66,78,170
01/25/2019,GTF,MT,ANM,WE,Combined TRACON& Tower with Radar,10,27,8,1,46,0,0,0,0,0,10,27,8,1,46,0,0,0,46
01/26/2019,GTF,MT,ANM,WE,Combined TRACON& Tower with Radar,6,24,5,0,35,0,0,2,0,2,6,24,7,0,37,0,0,0,37
01/27/2019,GTF,MT,ANM,WE,Combined TRACON& Tower with Radar,9,17,5,0,31,0,1,1,0,2,9,18,6,0,33,0,0,0,33
01/28/2019,GTF,MT,ANM,WE,Combined TRACON& Tower with Radar,8,24,6,8,46,0,3,10,4,17,8,27,16,12,63,6,58,64,127
01/29/2019,GTF,MT,ANM,WE,Combined TRACON& Tower with Radar,8,36,14,8,66,0,0,19,8,27,8,36,33,16,93,38,26,64,157
01/30/2019,GTF,MT,ANM,WE,Combined TRACON& Tower with Radar,9,33,9,6,57,0,4,7,11,22,9,37,16,17,79,8,10,18,97
01/31/2019,GTF,MT,ANM,WE,Combined TRACON& Tower with Radar,15,31,2,14,62,0,5,2,9,16,15,36,4,23,78,4,14,18,96
02/01/2019,GTF,MT,ANM,WE,Combined TRACON& Tower with Radar,10,29,8,0,47,0,1,17,0,18,10,30,25,0,65,42,0,42,107
02/02/2019,GTF,MT,ANM,WE,Combined TRACON& Tower with Radar,5,15,6,0,26,0,1,13,0,14,5,16,19,0,40,26,0,26,66
02/03/2019,GTF,MT,ANM,WE,Combined TRACON& Tower with Radar,10,17,0,0,27,0,0,0,0,0,10,17,0,0,27,0,0,0,27
02/04/2019,GTF,MT,ANM,WE,Combined TRACON& Tower with Radar,6,27,9,1,43,0,0,0,1,1,6,27,9,2,44,0,0,0,44
02/05/2019,GTF,MT,ANM,WE,Combined TRACON& Tower with Radar,9,40,5,0,54,0,0,0,0,0,9,40,5,0,54,0,0,0,54
02/06/2019,GTF,MT,ANM,WE,Combined TRACON& Tower with Radar,10,32,9,3,54,0,0,2,2,4,10,32,11,5,58,0,0,0,58
02/07/2019,GTF,MT,ANM,WE,Combined TRACON& Tower with Radar,13,38,2,4,57,0,2,9,7,18,13,40,11,11,75,16,0,16,91
02/08/2019,GTF,MT,ANM,WE,Combined TRACON& Tower with Radar,10,41,16,0,67,0,0,0,1,1,10,41,16,1,68,0,0,0,68
02/09/2019,GTF,MT,ANM,WE,Combined TRACON& Tower with Radar,6,18,2,0,26,0,0,1,0,1,6,18,3,0,27,0,0,0,27
02/10/2019,GTF,MT,ANM,WE,Combined TRACON& Tower with Radar,9,14,7,3,33,0,0,5,0,5,9,14,12,3,38,0,0,0,38
02/11/2019,GTF,MT,ANM,WE,Combined TRACON& Tower with Radar,7,26,8,2,43,0,1,5,5,11,7,27,13,7,54,0,0,0,54
02/12/2019,GTF,MT,ANM,WE,Combined TRACON& Tower with Radar,8,41,4,3,56,0,3,3,4,10,8,44,7,7,66,0,4,4,70
02/13/2019,GTF,MT,ANM,WE,Combined TRACON& Tower with Radar,8,39,10,0,57,0,1,0,6,7,8,40,10,6,64,0,4,4,68
02/14/2019,GTF,MT,ANM,WE,Combined TRACON& Tower with Radar,11,35,10,2,58,0,0,7,2,9,11,35,17,4,67,12,0,12,79
02/15/2019,GTF,MT,ANM,WE,Combined TRACON& Tower with Radar,11,31,5,1,48,0,2,4,0,6,11,33,9,1,54,0,0,0,54
02/16/2019,GTF,MT,ANM,WE,Combined TRACON& Tower with Radar,8,23,4,1,36,0,0,0,0,0,8,23,4,1,36,0,0,0,36
02/17/2019,GTF,MT,ANM,WE,Combined TRACON& Tower with Radar,9,10,1,0,20,0,0,0,0,0,9,10,1,0,20,0,0,0,20
02/18/2019,GTF,MT,ANM,WE,Combined TRACON& Tower with Radar,7,20,7,2,36,0,2,8,0,10,7,22,15,2,46,4,0,4,50
02/19/2019,GTF,MT,ANM,WE,Combined TRACON& Tower with Radar,10,32,16,5,63,0,1,18,7,26,10,33,34,12,89,26,0,26,115
02/20/2019,GTF,MT,ANM,WE,Combined TRACON& Tower with Radar,8,35,18,3,64,0,0,0,0,0,8,35,18,3,64,0,0,0,64
02/21/2019,GTF,MT,ANM,WE,Combined TRACON& Tower with Radar,12,37,6,10,65,0,3,4,10,17,12,40,10,20,82,8,0,8,90
02/22/2019,GTF,MT,ANM,WE,Combined TRACON& Tower with Radar,12,30,9,9,60,0,2,19,3,24,12,32,28,12,84,0,0,0,84
02/23/2019,GTF,MT,ANM,WE,Combined TRACON& Tower with Radar,8,22,5,0,35,0,0,1,0,1,8,22,6,0,36,0,0,0,36
02/24/2019,GTF,MT,ANM,WE,Combined TRACON& Tower with Radar,13,17,3,0,33,0,2,0,0,2,13,19,3,0,35,0,0,0,35
02/25/2019,GTF,MT,ANM,WE,Combined TRACON& Tower with Radar,5,19,7,0,31,0,0,0,0,0,5,19,7,0,31,0,0,0,31
02/26/2019,GTF,MT,ANM,WE,Combined TRACON& Tower with Radar,14,40,6,9,69,0,3,1,5,9,14,43,7,14,78,0,0,0,78
02/27/2019,GTF,MT,ANM,WE,Combined TRACON& Tower with Radar,8,41,18,7,74,0,0,0,5,5,8,41,18,12,79,0,0,0,79
02/28/2019,GTF,MT,ANM,WE,Combined TRACON& Tower with Radar,12,43,9,2,66,0,0,2,0,2,12,43,11,2,68,0,0,0,68
03/01/2019,GTF,MT,ANM,WE,Combined TRACON& Tower with Radar,10,37,4,0,51,0,0,0,0,0,10,37,4,0,51,0,0,0,51
03/02/2019,GTF,MT,ANM,WE,Combined TRACON& Tower with Radar,9,16,4,1,30,0,3,4,0,7,9,19,8,1,37,0,0,0,37
03/03/2019,GTF,MT,ANM,WE,Combined TRACON& Tower with Radar,11,11,6,0,28,0,3,0,0,3,11,14,6,0,31,0,0,0,31
03/04/2019,GTF,MT,ANM,WE,Combined TRACON& Tower with Radar,7,31,6,2,46,0,6,3,2,11,7,37,9,4,57,4,0,4,61
03/05/2019,GTF,MT,ANM,WE,Combined TRACON& Tower with Radar,10,40,15,0,65,0,5,10,0,15,10,45,25,0,80,4,0,4,84
03/06/2019,GTF,MT,ANM,WE,Combined TRACON& Tower with Radar,8,39,7,4,58,0,2,3,0,5,8,41,10,4,63,34,2,36,99
03/07/2019,GTF,MT,ANM,WE,Combined TRACON& Tower with Radar,14,33,3,4,54,0,5,7,9,21,14,38,10,13,75,2,6,8,83
03/08/2019,GTF,MT,ANM,WE,Combined TRACON& Tower with Radar,10,37,10,2,59,0,0,11,2,13,10,37,21,4,72,10,0,10,82
03/09/2019,GTF,MT,ANM,WE,Combined TRACON& Tower with Radar,8,22,4,0,34,0,1,20,1,22,8,23,24,1,56,46,0,46,102
03/10/2019,GTF,MT,ANM,WE,Combined TRACON& Tower with Radar,11,14,8,0,33,0,1,20,1,22,11,15,28,1,55,20,0,20,75
03/11/2019,GTF,MT,ANM,WE,Combined TRACON& Tower with Radar,11,25,5,5,46,0,1,12,7,20,11,26,17,12,66,0,8,8,74
03/12/2019,GTF,MT,ANM,WE,Combined TRACON& Tower with Radar,10,37,6,20,73,0,0,5,7,12,10,37,11,27,85,22,16,38,123
03/13/2019,GTF,MT,ANM,WE,Combined TRACON& Tower with Radar,10,37,5,10,62,0,3,7,1,11,10,40,12,11,73,0,14,14,87
03/14/2019,GTF,MT,ANM,WE,Combined TRACON& Tower with Radar,12,33,14,7,66,0,1,16,10,27,12,34,30,17,93,8,2,10,103
03/15/2019,GTF,MT,ANM,WE,Combined TRACON& Tower with Radar,13,34,11,3,61,0,1,12,4,17,13,35,23,7,78,26,0,26,104
03/16/2019,GTF,MT,ANM,WE,Combined TRACON& Tower with Radar,8,21,7,1,37,0,0,18,0,18,8,21,25,1,55,6,0,6,61
03/17/2019,GTF,MT,ANM,WE,Combined TRACON& Tower with Radar,9,15,10,0,34,0,0,26,0,26,9,15,36,0,60,4,0,4,64
03/18/2019,GTF,MT,ANM,WE,Combined TRACON& Tower with Radar,7,28,9,4,48,0,4,11,7,22,7,32,20,11,70,8,4,12,82
03/19/2019,GTF,MT,ANM,WE,Combined TRACON& Tower with Radar,11,36,9,7,63,0,4,12,6,22,11,40,21,13,85,24,40,64,149
03/20/2019,GTF,MT,ANM,WE,Combined TRACON& Tower with Radar,9,45,18,6,78,0,1,16,10,27,9,46,34,16,105,36,14,50,155
03/21/2019,GTF,MT,ANM,WE,Combined TRACON& Tower with Radar,12,35,10,5,62,0,1,19,13,33,12,36,29,18,95,16,36,52,147
03/22/2019,GTF,MT,ANM,WE,Combined TRACON& Tower with Radar,10,31,15,7,63,0,1,16,2,19,10,32,31,9,82,26,38,64,146
03/23/2019,GTF,MT,ANM,WE,Combined TRACON& Tower with Radar,8,15,9,1,33,0,0,23,0,23,8,15,32,1,56,38,0,38,94
03/24/2019,GTF,MT,ANM,WE,Combined TRACON& Tower with Radar,6,4,2,1,13,0,0,0,0,0,6,4,2,1,13,0,0,0,13
03/25/2019,GTF,MT,ANM,WE,Combined TRACON& Tower with Radar,8,29,9,15,61,0,2,5,1,8,8,31,14,16,69,8,10,18,87
03/26/2019,GTF,MT,ANM,WE,Combined TRACON& Tower with Radar,11,34,6,9,60,0,2,8,8,18,11,36,14,17,78,0,4,4,82
03/27/2019,GTF,MT,ANM,WE,Combined TRACON& Tower with Radar,10,34,19,3,66,0,0,5,9,14,10,34,24,12,80,0,4,4,84
03/28/2019,GTF,MT,ANM,WE,Combined TRACON& Tower with Radar,14,37,3,6,60,0,0,0,0,0,14,37,3,6,60,2,0,2,62
03/29/2019,GTF,MT,ANM,WE,Combined TRACON& Tower with Radar,10,30,13,3,56,0,4,9,2,15,10,34,22,5,71,38,0,38,109
03/30/2019,GTF,MT,ANM,WE,Combined TRACON& Tower with Radar,9,17,2,0,28,0,0,37,0,37,9,17,39,0,65,72,0,72,137
03/31/2019,GTF,MT,ANM,WE,Combined TRACON& Tower with Radar,9,15,6,0,30,0,0,14,0,14,9,15,20,0,44,12,0,12,56
04/01/2019,GTF,MT,ANM,WE,Combined TRACON& Tower with Radar,7,32,8,1,48,0,2,1,1,4,7,34,9,2,52,0,0,0,52
04/02/2019,GTF,MT,ANM,WE,Combined TRACON& Tower with Radar,12,36,7,7,62,0,2,24,13,39,12,38,31,20,101,36,8,44,145
04/03/2019,GTF,MT,ANM,WE,Combined TRACON& Tower with Radar,12,35,14,4,65,0,0,3,14,17,12,35,17,18,82,8,30,38,120
04/04/2019,GTF,MT,ANM,WE,Combined TRACON& Tower with Radar,12,32,12,3,59,0,3,5,7,15,12,35,17,10,74,18,8,26,100
04/05/2019,GTF,MT,ANM,WE,Combined TRACON& Tower with Radar,14,28,11,20,73,0,1,17,4,22,14,29,28,24,95,20,18,38,133
04/06/2019,GTF,MT,ANM,WE,Combined TRACON& Tower with Radar,10,30,4,1,45,0,3,10,1,14,10,33,14,2,59,0,0,0,59
04/07/2019,GTF,MT,ANM,WE,Combined TRACON& Tower with Radar,9,12,6,1,28,0,0,11,4,15,9,12,17,5,43,0,0,0,43
04/08/2019,GTF,MT,ANM,WE,Combined TRACON& Tower with Radar,9,25,6,17,57,0,1,11,9,21,9,26,17,26,78,0,0,0,78
04/09/2019,GTF,MT,ANM,WE,Combined TRACON& Tower with Radar,12,34,10,3,59,0,0,1,1,2,12,34,11,4,61,20,8,28,89
04/10/2019,GTF,MT,ANM,WE,Combined TRACON& Tower with Radar,10,35,21,1,67,0,0,0,6,6,10,35,21,7,73,0,14,14,87
04/11/2019,GTF,MT,ANM,WE,Combined TRACON& Tower with Radar,10,40,18,5,73,0,1,6,4,11,10,41,24,9,84,6,8,14,98
04/12/2019,GTF,MT,ANM,WE,Combined TRACON& Tower with Radar,15,32,12,0,59,0,1,9,0,10,15,33,21,0,69,64,0,64,133
04/13/2019,GTF,MT,ANM,WE,Combined TRACON& Tower with Radar,11,20,8,0,39,0,0,12,0,12,11,20,20,0,51,20,0,20,71
04/14/2019,GTF,MT,ANM,WE,Combined TRACON& Tower with Radar,9,12,13,0,34,0,0,5,0,5,9,12,18,0,39,0,0,0,39
04/15/2019,GTF,MT,ANM,WE,Combined TRACON& Tower with Radar,9,26,15,3,53,0,1,5,7,13,9,27,20,10,66,28,14,42,108
04/16/2019,GTF,MT,ANM,WE,Combined TRACON& Tower with Radar,13,35,9,10,67,0,2,2,6,10,13,37,11,16,77,48,10,58,135
04/17/2019,GTF,MT,ANM,WE,Combined TRACON& Tower with Radar,10,34,8,1,53,0,1,3,6,10,10,35,11,7,63,12,10,22,85
04/18/2019,GTF,MT,ANM,WE,Combined TRACON& Tower with Radar,12,33,6,0,51,0,1,14,4,19,12,34,20,4,70,22,4,26,96
04/19/2019,GTF,MT,ANM,WE,Combined TRACON& Tower with Radar,15,37,7,0,59,0,3,9,2,14,15,40,16,2,73,8,14,22,95
04/20/2019,GTF,MT,ANM,WE,Combined TRACON& Tower with Radar,11,25,9,0,45,0,0,0,0,0,11,25,9,0,45,13,10,23,68
04/21/2019,GTF,MT,ANM,WE,Combined TRACON& Tower with Radar,9,15,6,0,30,0,0,5,0,5,9,15,11,0,35,14,0,14,49
04/22/2019,GTF,MT,ANM,WE,Combined TRACON& Tower with Radar,9,27,7,1,44,0,1,19,5,25,9,28,26,6,69,52,0,52,121
04/23/2019,GTF,MT,ANM,WE,Combined TRACON& Tower with Radar,13,38,14,7,72,0,2,9,2,13,13,40,23,9,85,0,26,26,111
04/24/2019,GTF,MT,ANM,WE,Combined TRACON& Tower with Radar,10,33,16,7,66,0,3,20,9,32,10,36,36,16,98,24,50,74,172
04/25/2019,GTF,MT,ANM,WE,Combined TRACON& Tower with Radar,13,32,15,7,67,0,1,20,7,28,13,33,35,14,95,4,4,8,103
04/26/2019,GTF,MT,ANM,WE,Combined TRACON& Tower with Radar,13,29,4,2,48,0,0,4,8,12,13,29,8,10,60,16,6,22,82
04/27/2019,GTF,MT,ANM,WE,Combined TRACON& Tower with Radar,11,17,1,0,29,0,0,4,0,4,11,17,5,0,33,10,0,10,43
04/28/2019,GTF,MT,ANM,WE,Combined TRACON& Tower with Radar,11,12,15,0,38,0,1,5,0,6,11,13,20,0,44,0,0,0,44
04/29/2019,GTF,MT,ANM,WE,Combined TRACON& Tower with Radar,9,29,9,8,55,0,6,16,6,28,9,35,25,14,83,10,6,16,99
04/30/2019,GTF,MT,ANM,WE,Combined TRACON& Tower with Radar,10,38,6,5,59,0,2,10,8,20,10,40,16,13,79,22,24,46,125
05/01/2019,GTF,MT,ANM,WE,Combined TRACON& Tower with Radar,8,39,7,8,62,0,2,13,17,32,8,41,20,25,94,12,18,30,124
05/02/2019,GTF,MT,ANM,WE,Combined TRACON& Tower with Radar,12,31,9,5,57,0,1,7,9,17,12,32,16,14,74,30,10,40,114
05/03/2019,GTF,MT,ANM,WE,Combined TRACON& Tower with Radar,12,36,5,8,61,0,0,25,18,43,12,36,30,26,104,10,22,32,136
05/04/2019,GTF,MT,ANM,WE,Combined TRACON& Tower with Radar,8,19,5,2,34,0,0,5,1,6,8,19,10,3,40,0,0,0,40
05/05/2019,GTF,MT,ANM,WE,Combined TRACON& Tower with Radar,8,15,2,5,30,0,0,2,0,2,8,15,4,5,32,12,0,12,44
05/06/2019,GTF,MT,ANM,WE,Combined TRACON& Tower with Radar,10,28,10,2,50,0,1,7,0,8,10,29,17,2,58,52,0,52,110
05/07/2019,GTF,MT,ANM,WE,Combined TRACON& Tower with Radar,10,34,11,21,76,0,3,18,6,27,10,37,29,27,103,48,36,84,187
05/08/2019,GTF,MT,ANM,WE,Combined TRACON& Tower with Radar,10,35,21,12,78,0,2,18,3,23,10,37,39,15,101,0,22,22,123
05/09/2019,GTF,MT,ANM,WE,Combined TRACON& Tower with Radar,14,43,7,23,87,0,3,24,6,33,14,46,31,29,120,50,10,60,180
05/10/2019,GTF,MT,ANM,WE,Combined TRACON& Tower with Radar,12,34,7,1,54,0,1,10,8,19,12,35,17,9,73,48,0,48,121
05/11/2019,GTF,MT,ANM,WE,Combined TRACON& Tower with Radar,10,22,5,0,37,0,1,23,0,24,10,23,28,0,61,50,0,50,111
05/12/2019,GTF,MT,ANM,WE,Combined TRACON& Tower with Radar,11,10,5,0,26,0,0,12,0,12,11,10,17,0,38,16,0,16,54
05/13/2019,GTF,MT,ANM,WE,Combined TRACON& Tower with Radar,11,26,8,9,54,0,1,13,8,22,11,27,21,17,76,20,16,36,112
05/14/2019,GTF,MT,ANM,WE,Combined TRACON& Tower with Radar,10,31,9,10,60,0,2,25,9,36,10,33,34,19,96,10,20,30,126
05/15/2019,GTF,MT,ANM,WE,Combined TRACON& Tower with Radar,8,36,12,30,86,0,2,16,10,28,8,38,28,40,114,10,30,40,154
05/16/2019,GTF,MT,ANM,WE,Combined TRACON& Tower with Radar,14,34,9,19,76,0,2,0,1,3,14,36,9,20,79,10,0,10,89
05/17/2019,GTF,MT,ANM,WE,Combined TRACON& Tower with Radar,17,36,14,0,67,0,0,0,0,0,17,36,14,0,67,0,0,0,67
05/18/2019,GTF,MT,ANM,WE,Combined TRACON& Tower with Radar,8,19,10,0,37,0,0,0,0,0,8,19,10,0,37,18,0,18,55
05/19/2019,GTF,MT,ANM,WE,Combined TRACON& Tower with Radar,7,17,11,0,35,0,0,3,0,3,7,17,14,0,38,10,0,10,48
05/20/2019,GTF,MT,ANM,WE,Combined TRACON& Tower with Radar,14,27,9,14,64,0,0,15,6,21,14,27,24,20,85,8,0,8,93
05/21/2019,GTF,MT,ANM,WE,Combined TRACON& Tower with Radar,10,37,17,21,85,0,0,1,9,10,10,37,18,30,95,10,42,52,147
05/22/2019,GTF,MT,ANM,WE,Combined TRACON& Tower with Radar,11,32,9,9,61,0,1,2,7,10,11,33,11,16,71,0,0,0,71
05/23/2019,GTF,MT,ANM,WE,Combined TRACON& Tower with Radar,12,33,17,17,79,0,2,20,7,29,12,35,37,24,108,46,6,52,160
05/24/2019,GTF,MT,ANM,WE,Combined TRACON& Tower with Radar,15,33,1,0,49,0,1,16,6,23,15,34,17,6,72,50,0,50,122
05/25/2019,GTF,MT,ANM,WE,Combined TRACON& Tower with Radar,9,21,6,0,36,0,0,11,0,11,9,21,17,0,47,44,0,44,91
05/26/2019,GTF,MT,ANM,WE,Combined TRACON& Tower with Radar,7,27,6,0,40,0,0,0,0,0,7,27,6,0,40,0,0,0,40
05/27/2019,GTF,MT,ANM,WE,Combined TRACON& Tower with Radar,14,22,6,0,42,0,0,0,0,0,14,22,6,0,42,0,0,0,42
05/28/2019,GTF,MT,ANM,WE,Combined TRACON& Tower with Radar,7,31,11,34,83,0,1,14,7,22,7,32,25,41,105,8,22,30,135
05/29/2019,GTF,MT,ANM,WE,Combined TRACON& Tower with Radar,10,37,11,10,68,0,1,17,10,28,10,38,28,20,96,14,30,44,140
05/30/2019,GTF,MT,ANM,WE,Combined TRACON& Tower with Radar,12,35,18,10,75,0,3,10,10,23,12,38,28,20,98,8,22,30,128
05/31/2019,GTF,MT,ANM,WE,Combined TRACON& Tower with Radar,15,33,2,0,50,0,1,9,8,18,15,34,11,8,68,38,0,38,106
06/01/2019,GTF,MT,ANM,WE,Combined TRACON& Tower with Radar,8,21,9,2,40,0,2,11,1,14,8,23,20,3,54,10,0,10,64
06/02/2019,GTF,MT,ANM,WE,Combined TRACON& Tower with Radar,7,13,11,0,31,0,0,15,0,15,7,13,26,0,46,14,0,14,60
06/03/2019,GTF,MT,ANM,WE,Combined TRACON& Tower with Radar,11,26,6,5,48,0,2,17,9,28,11,28,23,14,76,18,4,22,98
06/04/2019,GTF,MT,ANM,WE,Combined TRACON& Tower with Radar,10,40,12,8,70,0,2,21,3,26,10,42,33,11,96,48,0,48,144
06/05/2019,GTF,MT,ANM,WE,Combined TRACON& Tower with Radar,12,37,17,6,72,0,0,22,1,23,12,37,39,7,95,12,0,12,107
06/06/2019,GTF,MT,ANM,WE,Combined TRACON& Tower with Radar,15,37,23,0,75,0,2,13,0,15,15,39,36,0,90,0,0,0,90
06/07/2019,GTF,MT,ANM,WE,Combined TRACON& Tower with Radar,20,34,17,4,75,0,2,15,2,19,20,36,32,6,94,16,34,50,144
06/08/2019,GTF,MT,ANM,WE,Combined TRACON& Tower with Radar,11,28,7,0,46,0,0,2,0,2,11,28,9,0,48,0,0,0,48
06/09/2019,GTF,MT,ANM,WE,Combined TRACON& Tower with Radar,11,19,10,2,42,0,0,21,0,21,11,19,31,2,63,20,0,20,83
06/10/2019,GTF,MT,ANM,WE,Combined TRACON& Tower with Radar,13,28,6,5,52,0,1,24,9,34,13,29,30,14,86,62,6,68,154
06/11/2019,GTF,MT,ANM,WE,Combined TRACON& Tower with Radar,12,36,8,8,64,0,2,21,13,36,12,38,29,21,100,26,12,38,138
06/12/2019,GTF,MT,ANM,WE,Combined TRACON& Tower with Radar,15,37,9,0,61,0,1,21,6,28,15,38,30,6,89,38,26,64,153
06/13/2019,GTF,MT,ANM,WE,Combined TRACON& Tower with Radar,14,34,21,25,94,0,1,14,4,19,14,35,35,29,113,74,12,86,199
06/14/2019,GTF,MT,ANM,WE,Combined TRACON& Tower with Radar,16,33,4,5,58,0,5,16,4,25,16,38,20,9,83,36,0,36,119
06/15/2019,GTF,MT,ANM,WE,Combined TRACON& Tower with Radar,10,24,3,6,43,0,6,20,0,26,10,30,23,6,69,34,0,34,103
06/16/2019,GTF,MT,ANM,WE,Combined TRACON& Tower with Radar,11,18,6,0,35,0,1,15,0,16,11,19,21,0,51,18,0,18,69
06/17/2019,GTF,MT,ANM,WE,Combined TRACON& Tower with Radar,13,27,7,3,50,0,4,29,5,38,13,31,36,8,88,66,0,66,154
06/18/2019,GTF,MT,ANM,WE,Combined TRACON& Tower with Radar,12,40,11,4,67,0,2,24,6,32,12,42,35,10,99,60,0,60,159
06/19/2019,GTF,MT,ANM,WE,Combined TRACON& Tower with Radar,14,41,12,6,73,0,1,22,6,29,14,42,34,12,102,32,24,56,158
06/20/2019,GTF,MT,ANM,WE,Combined TRACON& Tower with Radar,16,36,6,2,60,0,1,20,4,25,16,37,26,6,85,24,0,24,109
06/21/2019,GTF,MT,ANM,WE,Combined TRACON& Tower with Radar,18,32,16,0,66,0,3,17,2,22,18,35,33,2,88,58,0,58,146
06/22/2019,GTF,MT,ANM,WE,Combined TRACON& Tower with Radar,11,25,10,2,48,0,0,5,0,5,11,25,15,2,53,14,0,14,67
06/23/2019,GTF,MT,ANM,WE,Combined TRACON& Tower with Radar,10,21,14,2,47,0,3,23,0,26,10,24,37,2,73,8,0,8,81
06/24/2019,GTF,MT,ANM,WE,Combined TRACON& Tower with Radar,16,25,14,6,61,0,3,23,2,28,16,28,37,8,89,64,0,64,153
06/25/2019,GTF,MT,ANM,WE,Combined TRACON& Tower with Radar,14,36,14,8,72,0,0,45,4,49,14,36,59,12,121,46,12,58,179
06/26/2019,GTF,MT,ANM,WE,Combined TRACON& Tower with Radar,13,37,8,8,66,0,3,25,7,35,13,40,33,15,101,24,0,24,125
06/27/2019,GTF,MT,ANM,WE,Combined TRACON& Tower with Radar,15,40,11,2,68,0,4,6,4,14,15,44,17,6,82,20,0,20,102
06/28/2019,GTF,MT,ANM,WE,Combined TRACON& Tower with Radar,17,32,8,7,64,0,3,18,2,23,17,35,26,9,87,58,0,58,145
06/29/2019,GTF,MT,ANM,WE,Combined TRACON& Tower with Radar,11,24,10,8,53,0,2,22,0,24,11,26,32,8,77,34,0,34,111
06/30/2019,GTF,MT,ANM,WE,Combined TRACON& Tower with Radar,10,20,5,3,38,0,0,23,2,25,10,20,28,5,63,60,0,60,123
07/01/2019,GTF,MT,ANM,WE,Combined TRACON& Tower with Radar,13,31,14,0,58,0,6,15,0,21,13,37,29,0,79,40,0,40,119
07/02/2019,GTF,MT,ANM,WE,Combined TRACON& Tower with Radar,11,46,8,4,69,0,5,14,4,23,11,51,22,8,92,54,0,54,146
07/03/2019,GTF,MT,ANM,WE,Combined TRACON& Tower with Radar,14,40,15,0,69,0,1,9,2,12,14,41,24,2,81,14,0,14,95
07/04/2019,GTF,MT,ANM,WE,Combined TRACON& Tower with Radar,8,18,6,1,33,0,0,21,4,25,8,18,27,5,58,12,0,12,70
07/05/2019,GTF,MT,ANM,WE,Combined TRACON& Tower with Radar,16,31,18,0,65,0,1,11,0,12,16,32,29,0,77,24,0,24,101
07/06/2019,GTF,MT,ANM,WE,Combined TRACON& Tower with Radar,10,24,21,0,55,0,2,38,0,40,10,26,59,0,95,26,0,26,121
07/07/2019,GTF,MT,ANM,WE,Combined TRACON& Tower with Radar,11,17,14,0,42,0,0,24,0,24,11,17,38,0,66,36,0,36,102
07/08/2019,GTF,MT,ANM,WE,Combined TRACON& Tower with Radar,15,30,14,1,60,0,3,14,5,22,15,33,28,6,82,66,0,66,148
07/09/2019,GTF,MT,ANM,WE,Combined TRACON& Tower with Radar,12,36,25,3,76,0,3,26,8,37,12,39,51,11,113,48,4,52,165
07/10/2019,GTF,MT,ANM,WE,Combined TRACON& Tower with Radar,12,42,21,6,81,0,1,38,5,44,12,43,59,11,125,88,12,100,225
07/11/2019,GTF,MT,ANM,WE,Combined TRACON& Tower with Radar,16,49,15,4,84,0,1,31,4,36,16,50,46,8,120,56,26,82,202
07/12/2019,GTF,MT,ANM,WE,Combined TRACON& Tower with Radar,16,35,26,0,77,0,9,53,6,68,16,44,79,6,145,32,8,40,185
07/13/2019,GTF,MT,ANM,WE,Combined TRACON& Tower with Radar,11,22,12,2,47,0,5,18,14,37,11,27,30,16,84,10,0,10,94
07/14/2019,GTF,MT,ANM,WE,Combined TRACON& Tower with Radar,11,14,9,2,36,0,9,23,9,41,11,23,32,11,77,0,8,8,85
07/15/2019,GTF,MT,ANM,WE,Combined TRACON& Tower with Radar,12,31,12,5,60,0,3,33,0,36,12,34,45,5,96,52,0,52,148
07/16/2019,GTF,MT,ANM,WE,Combined TRACON& Tower with Radar,15,41,21,6,83,0,3,18,4,25,15,44,39,10,108,26,0,26,134
07/17/2019,GTF,MT,ANM,WE,Combined TRACON& Tower with Radar,12,38,18,4,72,0,2,32,1,35,12,40,50,5,107,36,10,46,153
07/18/2019,GTF,MT,ANM,WE,Combined TRACON& Tower with Radar,13,37,12,1,63,0,3,9,2,14,13,40,21,3,77,0,0,0,77
07/19/2019,GTF,MT,ANM,WE,Combined TRACON& Tower with Radar,20,37,11,2,70,0,3,24,2,29,20,40,35,4,99,10,0,10,109
07/20/2019,GTF,MT,ANM,WE,Combined TRACON& Tower with Radar,11,20,15,3,49,0,0,41,0,41,11,20,56,3,90,52,0,52,142
07/21/2019,GTF,MT,ANM,WE,Combined TRACON& Tower with Radar,11,23,21,0,55,0,0,35,0,35,11,23,56,0,90,30,0,30,120
07/22/2019,GTF,MT,ANM,WE,Combined TRACON& Tower with Radar,15,31,10,5,61,0,1,31,7,39,15,32,41,12,100,34,0,34,134
07/23/2019,GTF,MT,ANM,WE,Combined TRACON& Tower with Radar,12,39,6,8,65,0,4,19,12,35,12,43,25,20,100,22,4,26,126
07/24/2019,GTF,MT,ANM,WE,Combined TRACON& Tower with Radar,15,41,11,1,68,0,0,18,3,21,15,41,29,4,89,6,8,14,103
07/25/2019,GTF,MT,ANM,WE,Combined TRACON& Tower with Radar,14,36,18,12,80,0,3,20,4,27,14,39,38,16,107,32,0,32,139
07/26/2019,GTF,MT,ANM,WE,Combined TRACON& Tower with Radar,16,32,10,0,58,0,3,24,7,34,16,35,34,7,92,72,0,72,164
07/27/2019,GTF,MT,ANM,WE,Combined TRACON& Tower with Radar,10,22,15,0,47,0,1,24,0,25,10,23,39,0,72,20,0,20,92
07/28/2019,GTF,MT,ANM,WE,Combined TRACON& Tower with Radar,11,16,16,0,43,0,3,36,1,40,11,19,52,1,83,34,0,34,117
07/29/2019,GTF,MT,ANM,WE,Combined TRACON& Tower with Radar,12,30,15,11,68,0,1,44,8,53,12,31,59,19,121,28,14,42,163
07/30/2019,GTF,MT,ANM,WE,Combined TRACON& Tower with Radar,13,35,10,3,61,0,1,33,4,38,13,36,43,7,99,32,0,32,131
07/31/2019,GTF,MT,ANM,WE,Combined TRACON& Tower with Radar,12,45,24,23,104,0,4,23,5,32,12,49,47,28,136,10,26,36,172
08/01/2019,GTF,MT,ANM,WE,Combined TRACON& Tower with Radar,13,35,13,5,66,0,1,16,8,25,13,36,29,13,91,8,10,18,109
08/02/2019,GTF,MT,ANM,WE,Combined TRACON& Tower with Radar,17,34,11,2,64,0,1,8,1,10,17,35,19,3,74,0,0,0,74
08/03/2019,GTF,MT,ANM,WE,Combined TRACON& Tower with Radar,11,21,7,0,39,0,2,19,0,21,11,23,26,0,60,12,0,12,72
08/04/2019,GTF,MT,ANM,WE,Combined TRACON& Tower with Radar,12,14,12,2,40,0,0,18,0,18,12,14,30,2,58,38,0,38,96
08/05/2019,GTF,MT,ANM,WE,Combined TRACON& Tower with Radar,13,26,16,0,55,0,2,20,4,26,13,28,36,4,81,0,0,0,81
08/06/2019,GTF,MT,ANM,WE,Combined TRACON& Tower with Radar,12,40,6,6,64,0,4,30,11,45,12,44,36,17,109,14,26,40,149
08/07/2019,GTF,MT,ANM,WE,Combined TRACON& Tower with Radar,11,40,33,8,92,0,3,19,3,25,11,43,52,11,117,26,16,42,159
08/08/2019,GTF,MT,ANM,WE,Combined TRACON& Tower with Radar,15,38,21,11,85,0,1,25,2,28,15,39,46,13,113,2,22,24,137
08/09/2019,GTF,MT,ANM,WE,Combined TRACON& Tower with Radar,16,42,19,1,78,0,1,8,2,11,16,43,27,3,89,0,0,0,89
08/10/2019,GTF,MT,ANM,WE,Combined TRACON& Tower with Radar,10,23,12,1,46,0,1,4,0,5,10,24,16,1,51,0,0,0,51
08/11/2019,GTF,MT,ANM,WE,Combined TRACON& Tower with Radar,13,14,3,3,33,0,0,4,3,7,13,14,7,6,40,14,0,14,54
08/12/2019,GTF,MT,ANM,WE,Combined TRACON& Tower with Radar,13,29,8,6,56,0,3,13,4,20,13,32,21,10,76,26,4,30,106
08/13/2019,GTF,MT,ANM,WE,Combined TRACON& Tower with Radar,13,43,9,11,76,0,2,33,13,48,13,45,42,24,124,16,26,42,166
08/14/2019,GTF,MT,ANM,WE,Combined TRACON& Tower with Radar,13,42,19,5,79,0,1,24,4,29,13,43,43,9,108,38,0,38,146
08/15/2019,GTF,MT,ANM,WE,Combined TRACON& Tower with Radar,14,40,13,0,67,0,1,19,4,24,14,41,32,4,91,36,0,36,127
08/16/2019,GTF,MT,ANM,WE,Combined TRACON& Tower with Radar,14,34,12,0,60,0,3,14,2,19,14,37,26,2,79,14,0,14,93
08/17/2019,GTF,MT,ANM,WE,Combined TRACON& Tower with Radar,12,19,11,6,48,0,0,4,0,4,12,19,15,6,52,50,0,50,102
08/18/2019,GTF,MT,ANM,WE,Combined TRACON& Tower with Radar,13,21,7,2,43,0,0,15,0,15,13,21,22,2,58,0,10,10,68
08/19/2019,GTF,MT,ANM,WE,Combined TRACON& Tower with Radar,11,30,11,29,81,0,0,21,3,24,11,30,32,32,105,12,14,26,131
08/20/2019,GTF,MT,ANM,WE,Combined TRACON& Tower with Radar,11,43,22,7,83,0,0,26,7,33,11,43,48,14,116,0,6,6,122
08/21/2019,GTF,MT,ANM,WE,Combined TRACON& Tower with Radar,13,39,10,9,71,0,1,14,5,20,13,40,24,14,91,0,0,0,91
08/22/2019,GTF,MT,ANM,WE,Combined TRACON& Tower with Radar,14,40,29,2,85,0,2,6,4,12,14,42,35,6,97,18,0,18,115
08/23/2019,GTF,MT,ANM,WE,Combined TRACON& Tower with Radar,14,35,15,0,64,0,0,9,0,9,14,35,24,0,73,16,0,16,89
08/24/2019,GTF,MT,ANM,WE,Combined TRACON& Tower with Radar,10,23,6,9,48,0,0,15,0,15,10,23,21,9,63,0,0,0,63
08/25/2019,GTF,MT,ANM,WE,Combined TRACON& Tower with Radar,11,19,5,1,36,0,0,9,0,9,11,19,14,1,45,18,0,18,63
08/26/2019,GTF,MT,ANM,WE,Combined TRACON& Tower with Radar,11,30,12,12,65,0,1,28,3,32,11,31,40,15,97,26,12,38,135
08/27/2019,GTF,MT,ANM,WE,Combined TRACON& Tower with Radar,13,42,6,4,65,0,1,17,9,27,13,43,23,13,92,0,0,0,92
08/28/2019,GTF,MT,ANM,WE,Combined TRACON& Tower with Radar,13,34,14,14,75,0,0,9,8,17,13,34,23,22,92,20,0,20,112
08/29/2019,GTF,MT,ANM,WE,Combined TRACON& Tower with Radar,13,40,17,2,72,0,2,10,2,14,13,42,27,4,86,18,0,18,104
08/30/2019,GTF,MT,ANM,WE,Combined TRACON& Tower with Radar,16,39,15,4,74,0,1,13,2,16,16,40,28,6,90,10,0,10,100
08/31/2019,GTF,MT,ANM,WE,Combined TRACON& Tower with Radar,9,21,17,0,47,0,2,12,0,14,9,23,29,0,61,8,0,8,69
09/01/2019,GTF,MT,ANM,WE,Combined TRACON& Tower with Radar,10,14,11,0,35,0,0,17,2,19,10,14,28,2,54,0,0,0,54
09/02/2019,GTF,MT,ANM,WE,Combined TRACON& Tower with Radar,11,13,12,0,36,0,0,14,0,14,11,13,26,0,50,16,0,16,66
09/03/2019,GTF,MT,ANM,WE,Combined TRACON& Tower with Radar,6,32,22,6,66,0,0,20,6,26,6,32,42,12,92,22,0,22,114
09/04/2019,GTF,MT,ANM,WE,Combined TRACON& Tower with Radar,8,39,23,4,74,0,3,17,7,27,8,42,40,11,101,8,44,52,153
09/05/2019,GTF,MT,ANM,WE,Combined TRACON& Tower with Radar,10,42,6,31,89,0,1,27,8,36,10,43,33,39,125,18,12,30,155
09/06/2019,GTF,MT,ANM,WE,Combined TRACON& Tower with Radar,13,43,6,1,63,0,4,2,6,12,13,47,8,7,75,50,0,50,125
09/07/2019,GTF,MT,ANM,WE,Combined TRACON& Tower with Radar,7,24,14,0,45,0,0,7,0,7,7,24,21,0,52,40,0,40,92
09/08/2019,GTF,MT,ANM,WE,Combined TRACON& Tower with Radar,8,21,13,0,42,0,0,14,2,16,8,21,27,2,58,30,0,30,88
09/09/2019,GTF,MT,ANM,WE,Combined TRACON& Tower with Radar,9,42,12,5,68,0,1,5,1,7,9,43,17,6,75,0,0,0,75
09/10/2019,GTF,MT,ANM,WE,Combined TRACON& Tower with Radar,9,52,22,7,90,0,1,12,1,14,9,53,34,8,104,16,10,26,130
09/11/2019,GTF,MT,ANM,WE,Combined TRACON& Tower with Radar,8,43,24,4,79,0,0,4,4,8,8,43,28,8,87,36,4,40,127
09/12/2019,GTF,MT,ANM,WE,Combined TRACON& Tower with Radar,10,42,23,10,85,0,3,39,0,42,10,45,62,10,127,38,6,44,171
09/13/2019,GTF,MT,ANM,WE,Combined TRACON& Tower with Radar,13,33,14,3,63,0,1,19,0,20,13,34,33,3,83,10,0,10,93
09/14/2019,GTF,MT,ANM,WE,Combined TRACON& Tower with Radar,9,19,4,0,32,0,1,13,0,14,9,20,17,0,46,10,0,10,56
09/15/2019,GTF,MT,ANM,WE,Combined TRACON& Tower with Radar,10,20,17,0,47,0,0,21,0,21,10,20,38,0,68,18,0,18,86
09/16/2019,GTF,MT,ANM,WE,Combined TRACON& Tower with Radar,9,32,13,41,95,0,1,14,6,21,9,33,27,47,116,6,0,6,122
09/17/2019,GTF,MT,ANM,WE,Combined TRACON& Tower with Radar,9,38,22,4,73,0,2,12,7,21,9,40,34,11,94,12,0,12,106
09/18/2019,GTF,MT,ANM,WE,Combined TRACON& Tower with Radar,10,40,23,0,73,0,4,24,7,35,10,44,47,7,108,48,0,48,156
09/19/2019,GTF,MT,ANM,WE,Combined TRACON& Tower with Radar,11,40,16,3,70,0,1,11,2,14,11,41,27,5,84,12,14,26,110
09/20/2019,GTF,MT,ANM,WE,Combined TRACON& Tower with Radar,12,34,11,6,63,0,4,17,0,21,12,38,28,6,84,35,4,39,123
09/21/2019,GTF,MT,ANM,WE,Combined TRACON& Tower with Radar,9,21,15,1,46,0,0,5,0,5,9,21,20,1,51,2,0,2,53
09/22/2019,GTF,MT,ANM,WE,Combined TRACON& Tower with Radar,8,15,5,0,28,0,0,23,0,23,8,15,28,0,51,40,0,40,91
09/23/2019,GTF,MT,ANM,WE,Combined TRACON& Tower with Radar,9,27,11,0,47,0,1,13,0,14,9,28,24,0,61,10,0,10,71
09/24/2019,GTF,MT,ANM,WE,Combined TRACON& Tower with Radar,10,43,16,7,76,0,1,4,3,8,10,44,20,10,84,0,0,0,84
09/25/2019,GTF,MT,ANM,WE,Combined TRACON& Tower with Radar,10,42,15,22,89,0,0,18,13,31,10,42,33,35,120,4,20,24,144
09/26/2019,GTF,MT,ANM,WE,Combined TRACON& Tower with Radar,11,36,4,0,51,0,0,0,0,0,11,36,4,0,51,0,0,0,51
09/27/2019,GTF,MT,ANM,WE,Combined TRACON& Tower with Radar,15,43,20,2,80,0,1,2,0,3,15,44,22,2,83,0,0,0,83
09/28/2019,GTF,MT,ANM,WE,Combined TRACON& Tower with Radar,7,22,7,0,36,0,0,0,0,0,7,22,7,0,36,0,0,0,36
09/29/2019,GTF,MT,ANM,WE,Combined TRACON& Tower with Radar,7,11,1,0,19,0,0,0,0,0,7,11,1,0,19,0,0,0,19
09/30/2019,GTF,MT,ANM,WE,Combined TRACON& Tower with Radar,9,28,17,1,55,0,1,3,1,5,9,29,20,2,60,0,0,0,60
10/01/2019,GTF,MT,ANM,WE,Combined TRACON& Tower with Radar,10,45,14,4,73,0,7,12,2,21,10,52,26,6,94,0,16,16,110
10/02/2019,GTF,MT,ANM,WE,Combined TRACON& Tower with Radar,8,39,7,0,54,0,0,10,2,12,8,39,17,2,66,66,0,66,132
10/03/2019,GTF,MT,ANM,WE,Combined TRACON& Tower with Radar,12,36,15,7,70,0,5,24,5,34,12,41,39,12,104,34,14,48,152
10/04/2019,GTF,MT,ANM,WE,Combined TRACON& Tower with Radar,12,35,7,1,55,0,1,11,5,17,12,36,18,6,72,30,0,30,102
10/05/2019,GTF,MT,ANM,WE,Combined TRACON& Tower with Radar,8,24,10,3,45,0,2,12,4,18,8,26,22,7,63,0,0,0,63
10/06/2019,GTF,MT,ANM,WE,Combined TRACON& Tower with Radar,10,13,10,0,33,0,4,18,0,22,10,17,28,0,55,24,0,24,79
10/07/2019,GTF,MT,ANM,WE,Combined TRACON& Tower with Radar,9,29,12,9,59,0,3,9,5,17,9,32,21,14,76,0,6,6,82
10/08/2019,GTF,MT,ANM,WE,Combined TRACON& Tower with Radar,11,44,9,1,65,0,1,1,1,3,11,45,10,2,68,4,0,4,72
10/09/2019,GTF,MT,ANM,WE,Combined TRACON& Tower with Radar,8,42,17,4,71,0,1,0,2,3,8,43,17,6,74,30,0,30,104
10/10/2019,GTF,MT,ANM,WE,Combined TRACON& Tower with Radar,13,35,12,2,62,0,1,12,2,15,13,36,24,4,77,8,0,8,85
10/11/2019,GTF,MT,ANM,WE,Combined TRACON& Tower with Radar,14,40,12,4,70,0,3,16,2,21,14,43,28,6,91,10,0,10,101
10/12/2019,GTF,MT,ANM,WE,Combined TRACON& Tower with Radar,9,18,6,0,33,0,1,11,0,12,9,19,17,0,45,0,0,0,45
10/13/2019,GTF,MT,ANM,WE,Combined TRACON& Tower with Radar,9,14,9,0,32,0,4,23,0,27,9,18,32,0,59,48,0,48,107
10/14/2019,GTF,MT,ANM,WE,Combined TRACON& Tower with Radar,9,22,7,0,38,0,2,5,0,7,9,24,12,0,45,0,0,0,45
10/15/2019,GTF,MT,ANM,WE,Combined TRACON& Tower with Radar,10,37,20,0,67,0,3,14,4,21,10,40,34,4,88,36,0,36,124
10/16/2019,GTF,MT,ANM,WE,Combined TRACON& Tower with Radar,8,38,18,9,73,0,1,16,6,23,8,39,34,15,96,42,14,56,152
10/17/2019,GTF,MT,ANM,WE,Combined TRACON& Tower with Radar,11,38,11,9,69,0,3,11,8,22,11,41,22,17,91,36,30,66,157
10/18/2019,GTF,MT,ANM,WE,Combined TRACON& Tower with Radar,11,39,5,0,55,0,1,4,0,5,11,40,9,0,60,0,0,0,60
10/19/2019,GTF,MT,ANM,WE,Combined TRACON& Tower with Radar,9,25,7,0,41,0,0,6,0,6,9,25,13,0,47,14,0,14,61
10/20/2019,GTF,MT,ANM,WE,Combined TRACON& Tower with Radar,10,14,7,0,31,0,0,9,0,9,10,14,16,0,40,48,0,48,88
10/21/2019,GTF,MT,ANM,WE,Combined TRACON& Tower with Radar,10,36,13,2,61,0,3,11,6,20,10,39,24,8,81,20,0,20,101
10/22/2019,GTF,MT,ANM,WE,Combined TRACON& Tower with Radar,13,36,4,2,55,0,4,3,3,10,13,40,7,5,65,4,0,4,69
10/23/2019,GTF,MT,ANM,WE,Combined TRACON& Tower with Radar,8,33,9,2,52,0,1,0,7,8,8,34,9,9,60,0,4,4,64
10/24/2019,GTF,MT,ANM,WE,Combined TRACON& Tower with Radar,17,32,15,13,77,0,3,24,7,34,17,35,39,20,111,10,0,10,121
10/25/2019,GTF,MT,ANM,WE,Combined TRACON& Tower with Radar,16,30,8,0,54,0,2,5,0,7,16,32,13,0,61,4,0,4,65
10/26/2019,GTF,MT,ANM,WE,Combined TRACON& Tower with Radar,8,20,11,0,39,0,3,0,0,3,8,23,11,0,42,0,0,0,42
10/27/2019,GTF,MT,ANM,WE,Combined TRACON& Tower with Radar,11,16,13,0,40,0,1,5,0,6,11,17,18,0,46,20,0,20,66
10/28/2019,GTF,MT,ANM,WE,Combined TRACON& Tower with Radar,11,30,9,0,50,0,1,0,0,1,11,31,9,0,51,0,0,0,51
10/29/2019,GTF,MT,ANM,WE,Combined TRACON& Tower with Radar,11,32,9,3,55,0,2,10,3,15,11,34,19,6,70,18,0,18,88
10/30/2019,GTF,MT,ANM,WE,Combined TRACON& Tower with Radar,8,35,6,6,55,0,1,17,8,26,8,36,23,14,81,56,0,56,137
10/31/2019,GTF,MT,ANM,WE,Combined TRACON& Tower with Radar,14,37,5,0,56,0,1,5,0,6,14,38,10,0,62,60,0,60,122
11/01/2019,GTF,MT,ANM,WE,Combined TRACON& Tower with Radar,13,32,8,0,53,0,1,18,6,25,13,33,26,6,78,22,2,24,102
11/02/2019,GTF,MT,ANM,WE,Combined TRACON& Tower with Radar,7,20,3,0,30,0,1,16,0,17,7,21,19,0,47,18,0,18,65
11/03/2019,GTF,MT,ANM,WE,Combined TRACON& Tower with Radar,9,12,2,3,26,0,1,0,7,8,9,13,2,10,34,14,16,30,64
11/04/2019,GTF,MT,ANM,WE,Combined TRACON& Tower with Radar,9,30,5,0,44,0,2,2,0,4,9,32,7,0,48,0,0,0,48
11/05/2019,GTF,MT,ANM,WE,Combined TRACON& Tower with Radar,12,37,12,1,62,0,1,0,2,3,12,38,12,3,65,0,0,0,65
11/06/2019,GTF,MT,ANM,WE,Combined TRACON& Tower with Radar,9,39,10,4,62,0,1,3,5,9,9,40,13,9,71,0,0,0,71
11/07/2019,GTF,MT,ANM,WE,Combined TRACON& Tower with Radar,14,31,9,8,62,0,3,9,5,17,14,34,18,13,79,0,20,20,99
11/08/2019,GTF,MT,ANM,WE,Combined TRACON& Tower with Radar,13,32,3,0,48,0,1,8,3,12,13,33,11,3,60,4,0,4,64
11/09/2019,GTF,MT,ANM,WE,Combined TRACON& Tower with Radar,7,29,11,0,47,0,1,6,0,7,7,30,17,0,54,24,0,24,78
11/10/2019,GTF,MT,ANM,WE,Combined TRACON& Tower with Radar,9,14,3,0,26,0,0,0,0,0,9,14,3,0,26,0,0,0,26
11/11/2019,GTF,MT,ANM,WE,Combined TRACON& Tower with Radar,10,25,10,0,45,0,2,8,0,10,10,27,18,0,55,4,0,4,59
11/12/2019,GTF,MT,ANM,WE,Combined TRACON& Tower with Radar,12,45,8,2,67,0,4,10,0,14,12,49,18,2,81,10,0,10,91
11/13/2019,GTF,MT,ANM,WE,Combined TRACON& Tower with Radar,10,39,10,5,64,0,3,13,7,23,10,42,23,12,87,52,0,52,139
11/14/2019,GTF,MT,ANM,WE,Combined TRACON& Tower with Radar,13,46,15,7,81,0,3,21,3,27,13,49,36,10,108,22,8,30,138
11/15/2019,GTF,MT,ANM,WE,Combined TRACON& Tower with Radar,11,32,9,3,55,0,2,7,1,10,11,34,16,4,65,0,0,0,65
11/16/2019,GTF,MT,ANM,WE,Combined TRACON& Tower with Radar,8,21,8,0,37,0,0,18,0,18,8,21,26,0,55,14,0,14,69
11/17/2019,GTF,MT,ANM,WE,Combined TRACON& Tower with Radar,9,16,5,0,30,0,0,3,0,3,9,16,8,0,33,0,0,0,33
11/18/2019,GTF,MT,ANM,WE,Combined TRACON& Tower with Radar,12,26,8,10,56,0,1,7,6,14,12,27,15,16,70,0,10,10,80
11/19/2019,GTF,MT,ANM,WE,Combined TRACON& Tower with Radar,9,42,10,3,64,0,1,1,0,2,9,43,11,3,66,0,0,0,66
11/20/2019,GTF,MT,ANM,WE,Combined TRACON& Tower with Radar,8,47,15,3,73,0,2,0,2,4,8,49,15,5,77,0,0,0,77
11/21/2019,GTF,MT,ANM,WE,Combined TRACON& Tower with Radar,15,36,12,5,68,0,2,14,10,26,15,38,26,15,94,0,0,0,94
11/22/2019,GTF,MT,ANM,WE,Combined TRACON& Tower with Radar,11,32,15,2,60,0,5,25,1,31,11,37,40,3,91,2,0,2,93
11/23/2019,GTF,MT,ANM,WE,Combined TRACON& Tower with Radar,8,19,8,1,36,0,0,2,0,2,8,19,10,1,38,0,0,0,38
11/24/2019,GTF,MT,ANM,WE,Combined TRACON& Tower with Radar,11,17,4,0,32,0,0,2,0,2,11,17,6,0,34,0,0,0,34
11/25/2019,GTF,MT,ANM,WE,Combined TRACON& Tower with Radar,10,34,12,9,65,0,2,3,5,10,10,36,15,14,75,2,2,4,79
11/26/2019,GTF,MT,ANM,WE,Combined TRACON& Tower with Radar,14,41,6,10,71,0,1,0,2,3,14,42,6,12,74,14,0,14,88
11/27/2019,GTF,MT,ANM,WE,Combined TRACON& Tower with Radar,13,41,4,3,61,0,0,3,3,6,13,41,7,6,67,0,0,0,67
11/28/2019,GTF,MT,ANM,WE,Combined TRACON& Tower with Radar,7,5,0,0,12,0,0,0,0,0,7,5,0,0,12,0,0,0,12
11/29/2019,GTF,MT,ANM,WE,Combined TRACON& Tower with Radar,8,24,3,0,35,0,0,0,0,0,8,24,3,0,35,0,0,0,35
11/30/2019,GTF,MT,ANM,WE,Combined TRACON& Tower with Radar,9,25,4,0,38,0,1,9,0,10,9,26,13,0,48,4,0,4,52
12/01/2019,GTF,MT,ANM,WE,Combined TRACON& Tower with Radar,13,19,10,0,42,0,0,3,0,3,13,19,13,0,45,0,0,0,45
12/02/2019,GTF,MT,ANM,WE,Combined TRACON& Tower with Radar,7,34,11,14,66,0,0,4,1,5,7,34,15,15,71,0,0,0,71
12/03/2019,GTF,MT,ANM,WE,Combined TRACON& Tower with Radar,9,37,6,33,85,0,1,9,5,15,9,38,15,38,100,4,0,4,104
12/04/2019,GTF,MT,ANM,WE,Combined TRACON& Tower with Radar,10,38,7,2,57,0,1,11,6,18,10,39,18,8,75,22,12,34,109
12/05/2019,GTF,MT,ANM,WE,Combined TRACON& Tower with Radar,13,32,13,14,72,0,1,7,8,16,13,33,20,22,88,84,20,104,192
12/06/2019,GTF,MT,ANM,WE,Combined TRACON& Tower with Radar,12,38,12,18,80,0,0,13,4,17,12,38,25,22,97,26,14,40,137
12/07/2019,GTF,MT,ANM,WE,Combined TRACON& Tower with Radar,10,20,2,3,35,0,2,8,1,11,10,22,10,4,46,36,0,36,82
12/08/2019,GTF,MT,ANM,WE,Combined TRACON& Tower with Radar,10,16,6,0,32,0,1,0,0,1,10,17,6,0,33,0,0,0,33
12/09/2019,GTF,MT,ANM,WE,Combined TRACON& Tower with Radar,8,29,4,29,70,0,0,8,6,14,8,29,12,35,84,0,22,22,106
12/10/2019,GTF,MT,ANM,WE,Combined TRACON& Tower with Radar,10,37,9,31,87,0,0,6,10,16,10,37,15,41,103,22,22,44,147
12/11/2019,GTF,MT,ANM,WE,Combined TRACON& Tower with Radar,10,34,10,22,76,0,0,1,12,13,10,34,11,34,89,0,14,14,103
12/12/2019,GTF,MT,ANM,WE,Combined TRACON& Tower with Radar,11,36,10,21,78,0,0,3,5,8,11,36,13,26,86,0,4,4,90
12/13/2019,GTF,MT,ANM,WE,Combined TRACON& Tower with Radar,14,30,8,0,52,0,1,0,0,1,14,31,8,0,53,0,0,0,53
12/14/2019,GTF,MT,ANM,WE,Combined TRACON& Tower with Radar,7,16,5,0,28,0,1,3,0,4,7,17,8,0,32,0,0,0,32
12/15/2019,GTF,MT,ANM,WE,Combined TRACON& Tower with Radar,9,12,9,0,30,0,0,13,0,13,9,12,22,0,43,6,0,6,49
12/16/2019,GTF,MT,ANM,WE,Combined TRACON& Tower with Radar,9,32,8,5,54,0,0,11,3,14,9,32,19,8,68,16,0,16,84
12/17/2019,GTF,MT,ANM,WE,Combined TRACON& Tower with Radar,10,38,15,3,66,0,1,7,2,10,10,39,22,5,76,14,0,14,90
12/18/2019,GTF,MT,ANM,WE,Combined TRACON& Tower with Radar,8,36,10,11,65,0,3,10,8,21,8,39,20,19,86,18,22,40,126
12/19/2019,GTF,MT,ANM,WE,Combined TRACON& Tower with Radar,10,33,9,16,68,0,0,20,7,27,10,33,29,23,95,26,8,34,129
12/20/2019,GTF,MT,ANM,WE,Combined TRACON& Tower with Radar,14,37,5,1,57,0,2,5,1,8,14,39,10,2,65,0,0,0,65
12/21/2019,GTF,MT,ANM,WE,Combined TRACON& Tower with Radar,11,26,1,0,38,0,0,4,0,4,11,26,5,0,42,8,0,8,50
12/22/2019,GTF,MT,ANM,WE,Combined TRACON& Tower with Radar,11,14,5,0,30,0,0,14,0,14,11,14,19,0,44,4,0,4,48
12/23/2019,GTF,MT,ANM,WE,Combined TRACON& Tower with Radar,10,27,7,10,54,0,4,3,2,9,10,31,10,12,63,34,14,48,111
12/24/2019,GTF,MT,ANM,WE,Combined TRACON& Tower with Radar,10,27,3,0,40,0,0,0,0,0,10,27,3,0,40,0,0,0,40
12/25/2019,GTF,MT,ANM,WE,Combined TRACON& Tower with Radar,8,17,0,0,25,0,0,6,0,6,8,17,6,0,31,0,0,0,31
12/26/2019,GTF,MT,ANM,WE,Combined TRACON& Tower with Radar,11,34,5,1,51,0,0,14,3,17,11,34,19,4,68,2,0,2,70
12/27/2019,GTF,MT,ANM,WE,Combined TRACON& Tower with Radar,11,42,6,8,67,0,0,7,0,7,11,42,13,8,74,4,0,4,78
12/28/2019,GTF,MT,ANM,WE,Combined TRACON& Tower with Radar,8,24,9,0,41,0,4,19,0,23,8,28,28,0,64,30,0,30,94
12/29/2019,GTF,MT,ANM,WE,Combined TRACON& Tower with Radar,11,15,3,0,29,0,0,10,0,10,11,15,13,0,39,8,0,8,47
12/30/2019,GTF,MT,ANM,WE,Combined TRACON& Tower with Radar,9,31,3,0,43,0,0,11,0,11,9,31,14,0,54,0,0,0,54
12/31/2019,GTF,MT,ANM,WE,Combined TRACON& Tower with Radar,13,39,3,0,55,0,0,1,0,1,13,39,4,0,56,0,0,0,56
01/01/2020,GTF,MT,ANM,WE,Combined TRACON& Tower with Radar,6,20,4,0,30,0,0,0,0,0,6,20,4,0,30,0,0,0,30
01/02/2020,GTF,MT,ANM,WE,Combined TRACON& Tower with Radar,11,36,2,6,55,0,0,2,4,6,11,36,4,10,61,4,0,4,65
01/03/2020,GTF,MT,ANM,WE,Combined TRACON& Tower with Radar,13,39,1,0,53,0,1,1,0,2,13,40,2,0,55,0,0,0,55
01/04/2020,GTF,MT,ANM,WE,Combined TRACON& Tower with Radar,8,27,2,0,37,0,1,0,0,1,8,28,2,0,38,0,0,0,38
01/05/2020,GTF,MT,ANM,WE,Combined TRACON& Tower with Radar,10,11,5,0,26,0,0,2,0,2,10,11,7,0,28,0,0,0,28
01/06/2020,GTF,MT,ANM,WE,Combined TRACON& Tower with Radar,12,29,6,0,47,0,3,6,2,11,12,32,12,2,58,2,0,2,60
01/07/2020,GTF,MT,ANM,WE,Combined TRACON& Tower with Radar,11,38,8,5,62,0,1,3,10,14,11,39,11,15,76,42,24,66,142
01/08/2020,GTF,MT,ANM,WE,Combined TRACON& Tower with Radar,11,27,11,7,56,0,1,10,3,14,11,28,21,10,70,0,10,10,80
01/09/2020,GTF,MT,ANM,WE,Combined TRACON& Tower with Radar,16,29,7,11,63,0,2,0,0,2,16,31,7,11,65,0,2,2,67
01/10/2020,GTF,MT,ANM,WE,Combined TRACON& Tower with Radar,14,31,15,5,65,0,2,14,6,22,14,33,29,11,87,20,0,20,107
01/11/2020,GTF,MT,ANM,WE,Combined TRACON& Tower with Radar,8,17,2,0,27,0,4,8,0,12,8,21,10,0,39,14,0,14,53
01/12/2020,GTF,MT,ANM,WE,Combined TRACON& Tower with Radar,13,9,3,0,25,0,2,0,0,2,13,11,3,0,27,0,0,0,27
01/13/2020,GTF,MT,ANM,WE,Combined TRACON& Tower with Radar,13,26,4,0,43,0,1,0,0,1,13,27,4,0,44,0,0,0,44
01/14/2020,GTF,MT,ANM,WE,Combined TRACON& Tower with Radar,8,37,14,3,62,0,0,2,0,2,8,37,16,3,64,0,0,0,64
01/15/2020,GTF,MT,ANM,WE,Combined TRACON& Tower with Radar,14,33,14,5,66,0,2,9,6,17,14,35,23,11,83,0,16,16,99
01/16/2020,GTF,MT,ANM,WE,Combined TRACON& Tower with Radar,16,27,11,9,63,0,4,4,4,12,16,31,15,13,75,2,6,8,83
01/17/2020,GTF,MT,ANM,WE,Combined TRACON& Tower with Radar,14,26,6,2,48,0,4,2,2,8,14,30,8,4,56,0,0,0,56
01/18/2020,GTF,MT,ANM,WE,Combined TRACON& Tower with Radar,9,24,7,0,40,0,1,2,0,3,9,25,9,0,43,0,0,0,43
01/19/2020,GTF,MT,ANM,WE,Combined TRACON& Tower with Radar,11,10,6,0,27,0,0,10,0,10,11,10,16,0,37,22,0,22,59
01/20/2020,GTF,MT,ANM,WE,Combined TRACON& Tower with Radar,12,16,8,0,36,0,2,11,0,13,12,18,19,0,49,2,10,12,61
01/21/2020,GTF,MT,ANM,WE,Combined TRACON& Tower with Radar,10,41,10,32,93,0,1,15,4,20,10,42,25,36,113,0,0,0,113
01/22/2020,GTF,MT,ANM,WE,Combined TRACON& Tower with Radar,12,34,12,10,68,0,0,10,10,20,12,34,22,20,88,6,14,20,108
01/23/2020,GTF,MT,ANM,WE,Combined TRACON& Tower with Radar,16,26,7,1,50,0,1,11,5,17,16,27,18,6,67,42,0,42,109
01/24/2020,GTF,MT,ANM,WE,Combined TRACON& Tower with Radar,14,28,7,1,50,0,3,7,0,10,14,31,14,1,60,10,0,10,70
01/25/2020,GTF,MT,ANM,WE,Combined TRACON& Tower with Radar,9,20,17,2,48,0,1,8,2,11,9,21,25,4,59,0,0,0,59
01/26/2020,GTF,MT,ANM,WE,Combined TRACON& Tower with Radar,13,11,6,1,31,0,0,24,0,24,13,11,30,1,55,0,0,0,55
01/27/2020,GTF,MT,ANM,WE,Combined TRACON& Tower with Radar,12,21,9,27,69,0,3,1,8,12,12,24,10,35,81,50,48,98,179
01/28/2020,GTF,MT,ANM,WE,Combined TRACON& Tower with Radar,13,34,4,7,58,0,0,4,6,10,13,34,8,13,68,14,6,20,88
01/29/2020,GTF,MT,ANM,WE,Combined TRACON& Tower with Radar,12,37,9,9,67,0,0,8,4,12,12,37,17,13,79,0,8,8,87
01/30/2020,GTF,MT,ANM,WE,Combined TRACON& Tower with Radar,16,31,9,16,72,0,0,10,10,20,16,31,19,26,92,6,68,74,166
01/31/2020,GTF,MT,ANM,WE,Combined TRACON& Tower with Radar,12,27,14,0,53,0,0,2,0,2,12,27,16,0,55,1,0,1,56
02/01/2020,GTF,MT,ANM,WE,Combined TRACON& Tower with Radar,8,17,9,0,34,0,0,3,0,3,8,17,12,0,37,2,0,2,39
02/02/2020,GTF,MT,ANM,WE,Combined TRACON& Tower with Radar,13,16,5,0,34,0,0,5,0,5,13,16,10,0,39,0,0,0,39
02/03/2020,GTF,MT,ANM,WE,Combined TRACON& Tower with Radar,13,19,15,0,47,0,1,11,1,13,13,20,26,1,60,12,0,12,72
02/04/2020,GTF,MT,ANM,WE,Combined TRACON& Tower with Radar,10,31,8,21,70,0,3,14,11,28,10,34,22,32,98,12,40,52,150
02/05/2020,GTF,MT,ANM,WE,Combined TRACON& Tower with Radar,10,29,12,20,71,0,4,6,8,18,10,33,18,28,89,0,26,26,115
02/06/2020,GTF,MT,ANM,WE,Combined TRACON& Tower with Radar,16,29,11,30,86,0,1,0,7,8,16,30,11,37,94,0,56,56,150
02/07/2020,GTF,MT,ANM,WE,Combined TRACON& Tower with Radar,17,30,11,3,61,0,1,7,0,8,17,31,18,3,69,8,0,8,77
02/08/2020,GTF,MT,ANM,WE,Combined TRACON& Tower with Radar,9,19,0,2,30,0,1,2,0,3,9,20,2,2,33,0,0,0,33
02/09/2020,GTF,MT,ANM,WE,Combined TRACON& Tower with Radar,12,5,3,3,23,0,1,13,3,17,12,6,16,6,40,12,12,24,64
02/10/2020,GTF,MT,ANM,WE,Combined TRACON& Tower with Radar,12,21,12,9,54,0,2,7,7,16,12,23,19,16,70,14,4,18,88
02/11/2020,GTF,MT,ANM,WE,Combined TRACON& Tower with Radar,12,32,7,4,55,0,2,5,3,10,12,34,12,7,65,0,0,0,65
02/12/2020,GTF,MT,ANM,WE,Combined TRACON& Tower with Radar,10,33,14,6,63,0,2,1,4,7,10,35,15,10,70,16,6,22,92
02/13/2020,GTF,MT,ANM,WE,Combined TRACON& Tower with Radar,15,31,4,13,63,0,5,10,8,23,15,36,14,21,86,4,8,12,98
02/14/2020,GTF,MT,ANM,WE,Combined TRACON& Tower with Radar,12,31,3,0,46,0,1,3,2,6,12,32,6,2,52,0,0,0,52
02/15/2020,GTF,MT,ANM,WE,Combined TRACON& Tower with Radar,6,29,4,0,39,0,0,7,0,7,6,29,11,0,46,0,0,0,46
02/16/2020,GTF,MT,ANM,WE,Combined TRACON& Tower with Radar,10,13,2,0,25,0,0,6,0,6,10,13,8,0,31,14,0,14,45
02/17/2020,GTF,MT,ANM,WE,Combined TRACON& Tower with Radar,11,18,10,0,39,0,1,11,0,12,11,19,21,0,51,20,0,20,71
02/18/2020,GTF,MT,ANM,WE,Combined TRACON& Tower with Radar,9,33,8,3,53,0,1,1,2,4,9,34,9,5,57,10,10,20,77
02/19/2020,GTF,MT,ANM,WE,Combined TRACON& Tower with Radar,8,34,18,9,69,0,3,11,12,26,8,37,29,21,95,48,0,48,143
02/20/2020,GTF,MT,ANM,WE,Combined TRACON& Tower with Radar,14,26,3,4,47,0,3,18,6,27,14,29,21,10,74,44,12,56,130
02/21/2020,GTF,MT,ANM,WE,Combined TRACON& Tower with Radar,14,26,6,5,51,0,1,6,1,8,14,27,12,6,59,6,0,6,65
02/22/2020,GTF,MT,ANM,WE,Combined TRACON& Tower with Radar,6,21,6,0,33,0,1,8,1,10,6,22,14,1,43,24,0,24,67
02/23/2020,GTF,MT,ANM,WE,Combined TRACON& Tower with Radar,12,11,2,0,25,0,1,15,0,16,12,12,17,0,41,70,0,70,111
02/24/2020,GTF,MT,ANM,WE,Combined TRACON& Tower with Radar,8,19,8,0,35,0,0,0,0,0,8,19,8,0,35,4,0,4,39
02/25/2020,GTF,MT,ANM,WE,Combined TRACON& Tower with Radar,12,35,8,15,70,0,2,5,8,15,12,37,13,23,85,48,10,58,143
02/26/2020,GTF,MT,ANM,WE,Combined TRACON& Tower with Radar,8,33,11,5,57,0,0,4,3,7,8,33,15,8,64,12,0,12,76
02/27/2020,GTF,MT,ANM,WE,Combined TRACON& Tower with Radar,14,31,12,5,62,0,1,21,13,35,14,32,33,18,97,6,16,22,119
02/28/2020,GTF,MT,ANM,WE,Combined TRACON& Tower with Radar,12,26,7,2,47,0,3,21,3,27,12,29,28,5,74,39,4,43,117
02/29/2020,GTF,MT,ANM,WE,Combined TRACON& Tower with Radar,6,18,4,0,28,0,0,6,0,6,6,18,10,0,34,30,0,30,64
03/01/2020,GTF,MT,ANM,WE,Combined TRACON& Tower with Radar,10,13,7,0,30,0,4,24,0,28,10,17,31,0,58,30,0,30,88
03/02/2020,GTF,MT,ANM,WE,Combined TRACON& Tower with Radar,10,25,13,9,57,0,3,4,3,10,10,28,17,12,67,2,22,24,91
03/03/2020,GTF,MT,ANM,WE,Combined TRACON& Tower with Radar,6,32,1,2,41,0,3,2,5,10,6,35,3,7,51,0,12,12,63
03/04/2020,GTF,MT,ANM,WE,Combined TRACON& Tower with Radar,8,29,1,0,38,0,1,0,0,1,8,30,1,0,39,8,0,8,47
03/05/2020,GTF,MT,ANM,WE,Combined TRACON& Tower with Radar,14,27,9,8,58,0,3,23,8,34,14,30,32,16,92,62,4,66,158
03/06/2020,GTF,MT,ANM,WE,Combined TRACON& Tower with Radar,12,28,13,7,60,0,1,23,6,30,12,29,36,13,90,26,0,26,116
03/07/2020,GTF,MT,ANM,WE,Combined TRACON& Tower with Radar,6,18,5,2,31,0,1,0,2,3,6,19,5,4,34,16,4,20,54
03/08/2020,GTF,MT,ANM,WE,Combined TRACON& Tower with Radar,10,12,9,0,31,0,1,11,0,12,10,13,20,0,43,44,0,44,87
03/09/2020,GTF,MT,ANM,WE,Combined TRACON& Tower with Radar,10,25,14,2,51,0,1,9,2,12,10,26,23,4,63,22,0,22,85
03/10/2020,GTF,MT,ANM,WE,Combined TRACON& Tower with Radar,8,33,5,0,46,0,1,4,4,9,8,34,9,4,55,4,0,4,59
03/11/2020,GTF,MT,ANM,WE,Combined TRACON& Tower with Radar,10,33,12,2,57,0,3,5,0,8,10,36,17,2,65,0,0,0,65
03/12/2020,GTF,MT,ANM,WE,Combined TRACON& Tower with Radar,14,33,13,7,67,0,2,7,19,28,14,35,20,26,95,0,40,40,135
03/13/2020,GTF,MT,ANM,WE,Combined TRACON& Tower with Radar,14,29,1,0,44,0,1,0,0,1,14,30,1,0,45,0,0,0,45
03/14/2020,GTF,MT,ANM,WE,Combined TRACON& Tower with Radar,6,18,1,0,25,0,0,0,0,0,6,18,1,0,25,0,0,0,25
03/15/2020,GTF,MT,ANM,WE,Combined TRACON& Tower with Radar,9,15,3,0,27,0,1,1,0,2,9,16,4,0,29,0,0,0,29
03/16/2020,GTF,MT,ANM,WE,Combined TRACON& Tower with Radar,14,23,9,2,48,0,2,8,8,18,14,25,17,10,66,34,18,52,118
03/17/2020,GTF,MT,ANM,WE,Combined TRACON& Tower with Radar,11,34,4,4,53,0,2,8,6,16,11,36,12,10,69,4,20,24,93
03/18/2020,GTF,MT,ANM,WE,Combined TRACON& Tower with Radar,10,31,4,0,45,0,1,2,0,3,10,32,6,0,48,4,0,4,52
03/19/2020,GTF,MT,ANM,WE,Combined TRACON& Tower with Radar,13,31,2,3,49,0,0,0,0,0,13,31,2,3,49,0,0,0,49
03/20/2020,GTF,MT,ANM,WE,Combined TRACON& Tower with Radar,8,29,6,4,47,0,2,17,10,29,8,31,23,14,76,0,0,0,76
03/21/2020,GTF,MT,ANM,WE,Combined TRACON& Tower with Radar,7,19,10,0,36,0,1,14,0,15,7,20,24,0,51,2,0,2,53
03/22/2020,GTF,MT,ANM,WE,Combined TRACON& Tower with Radar,9,9,0,0,18,0,0,11,0,11,9,9,11,0,29,10,0,10,39
03/23/2020,GTF,MT,ANM,WE,Combined TRACON& Tower with Radar,9,26,5,12,52,0,1,7,12,20,9,27,12,24,72,18,0,18,90
03/24/2020,GTF,MT,ANM,WE,Combined TRACON& Tower with Radar,12,39,6,2,59,0,1,2,5,8,12,40,8,7,67,0,0,0,67
03/25/2020,GTF,MT,ANM,WE,Combined TRACON& Tower with Radar,11,37,8,8,64,0,0,2,7,9,11,37,10,15,73,18,16,34,107
03/26/2020,GTF,MT,ANM,WE,Combined TRACON& Tower with Radar,10,32,14,2,58,0,0,9,10,19,10,32,23,12,77,20,0,20,97
03/27/2020,GTF,MT,ANM,WE,Combined TRACON& Tower with Radar,10,22,7,0,39,0,2,17,10,29,10,24,24,10,68,0,0,0,68
03/28/2020,GTF,MT,ANM,WE,Combined TRACON& Tower with Radar,5,11,6,0,22,0,0,2,0,2,5,11,8,0,24,10,0,10,34
03/29/2020,GTF,MT,ANM,WE,Combined TRACON& Tower with Radar,8,8,0,0,16,0,0,3,0,3,8,8,3,0,19,0,0,0,19
03/30/2020,GTF,MT,ANM,WE,Combined TRACON& Tower with Radar,7,26,3,2,38,0,1,4,7,12,7,27,7,9,50,0,0,0,50
03/31/2020,GTF,MT,ANM,WE,Combined TRACON& Tower with Radar,7,32,1,1,41,0,1,0,7,8,7,33,1,8,49,0,0,0,49
04/01/2020,GTF,MT,ANM,WE,Combined TRACON& Tower with Radar,8,30,3,4,45,0,1,2,12,15,8,31,5,16,60,0,24,24,84
04/02/2020,GTF,MT,ANM,WE,Combined TRACON& Tower with Radar,11,25,0,3,39,0,1,4,8,13,11,26,4,11,52,0,6,6,58
04/03/2020,GTF,MT,ANM,WE,Combined TRACON& Tower with Radar,8,22,5,0,35,0,2,9,4,15,8,24,14,4,50,2,0,2,52
04/04/2020,GTF,MT,ANM,WE,Combined TRACON& Tower with Radar,6,11,2,0,19,0,0,3,0,3,6,11,5,0,22,16,0,16,38
04/05/2020,GTF,MT,ANM,WE,Combined TRACON& Tower with Radar,8,11,3,0,22,0,0,20,0,20,8,11,23,0,42,14,0,14,56
04/06/2020,GTF,MT,ANM,WE,Combined TRACON& Tower with Radar,4,15,3,2,24,0,2,7,7,16,4,17,10,9,40,0,0,0,40
04/07/2020,GTF,MT,ANM,WE,Combined TRACON& Tower with Radar,8,28,0,8,44,0,1,8,7,16,8,29,8,15,60,0,20,20,80
04/08/2020,GTF,MT,ANM,WE,Combined TRACON& Tower with Radar,8,20,5,12,45,0,3,12,9,24,8,23,17,21,69,54,24,78,147
04/09/2020,GTF,MT,ANM,WE,Combined TRACON& Tower with Radar,8,17,4,5,34,0,1,15,7,23,8,18,19,12,57,30,18,48,105
04/10/2020,GTF,MT,ANM,WE,Combined TRACON& Tower with Radar,8,23,1,7,39,0,4,14,2,20,8,27,15,9,59,26,22,48,107
04/11/2020,GTF,MT,ANM,WE,Combined TRACON& Tower with Radar,6,12,2,0,20,0,0,0,0,0,6,12,2,0,20,0,0,0,20
04/12/2020,GTF,MT,ANM,WE,Combined TRACON& Tower with Radar,7,3,2,0,12,0,1,0,0,1,7,4,2,0,13,0,0,0,13
04/13/2020,GTF,MT,ANM,WE,Combined TRACON& Tower with Radar,3,16,3,3,25,0,1,4,4,9,3,17,7,7,34,16,0,16,50
04/14/2020,GTF,MT,ANM,WE,Combined TRACON& Tower with Radar,8,25,1,10,44,0,4,4,15,23,8,29,5,25,67,8,6,14,81
04/15/2020,GTF,MT,ANM,WE,Combined TRACON& Tower with Radar,6,28,1,0,35,0,1,0,0,1,6,29,1,0,36,4,0,4,40
04/16/2020,GTF,MT,ANM,WE,Combined TRACON& Tower with Radar,8,19,4,0,31,0,2,12,2,16,8,21,16,2,47,32,0,32,79
04/17/2020,GTF,MT,ANM,WE,Combined TRACON& Tower with Radar,8,19,12,0,39,0,0,27,0,27,8,19,39,0,66,12,0,12,78
04/18/2020,GTF,MT,ANM,WE,Combined TRACON& Tower with Radar,4,13,6,0,23,0,1,0,0,1,4,14,6,0,24,0,0,0,24
04/19/2020,GTF,MT,ANM,WE,Combined TRACON& Tower with Radar,6,4,8,0,18,0,2,24,1,27,6,6,32,1,45,42,0,42,87
04/20/2020,GTF,MT,ANM,WE,Combined TRACON& Tower with Radar,4,16,8,0,28,0,1,9,0,10,4,17,17,0,38,2,0,2,40
04/21/2020,GTF,MT,ANM,WE,Combined TRACON& Tower with Radar,8,28,10,3,49,0,0,22,9,31,8,28,32,12,80,36,0,36,116
04/22/2020,GTF,MT,ANM,WE,Combined TRACON& Tower with Radar,6,24,2,4,36,0,0,4,7,11,6,24,6,11,47,18,0,18,65
04/23/2020,GTF,MT,ANM,WE,Combined TRACON& Tower with Radar,10,22,7,5,44,0,0,3,6,9,10,22,10,11,53,10,0,10,63
04/24/2020,GTF,MT,ANM,WE,Combined TRACON& Tower with Radar,6,22,5,0,33,0,0,7,3,10,6,22,12,3,43,16,0,16,59
04/25/2020,GTF,MT,ANM,WE,Combined TRACON& Tower with Radar,6,13,1,0,20,0,0,11,0,11,6,13,12,0,31,0,0,0,31
04/26/2020,GTF,MT,ANM,WE,Combined TRACON& Tower with Radar,3,7,0,0,10,0,0,7,0,7,3,7,7,0,17,2,0,2,19
04/27/2020,GTF,MT,ANM,WE,Combined TRACON& Tower with Radar,3,15,2,8,28,0,1,4,21,26,3,16,6,29,54,22,4,26,80
04/28/2020,GTF,MT,ANM,WE,Combined TRACON& Tower with Radar,6,23,3,0,32,0,1,13,4,18,6,24,16,4,50,14,0,14,64
04/29/2020,GTF,MT,ANM,WE,Combined TRACON& Tower with Radar,8,22,2,2,34,0,2,28,10,40,8,24,30,12,74,72,12,84,158
04/30/2020,GTF,MT,ANM,WE,Combined TRACON& Tower with Radar,10,20,2,0,32,0,4,7,4,15,10,24,9,4,47,0,0,0,47
05/01/2020,GTF,MT,ANM,WE,Combined TRACON& Tower with Radar,5,27,13,33,78,0,3,21,3,27,5,30,34,36,105,48,0,48,153
05/02/2020,GTF,MT,ANM,WE,Combined TRACON& Tower with Radar,2,10,2,0,14,0,6,23,0,29,2,16,25,0,43,36,0,36,79
05/03/2020,GTF,MT,ANM,WE,Combined TRACON& Tower with Radar,6,11,4,0,21,0,0,1,0,1,6,11,5,0,22,0,0,0,22
05/04/2020,GTF,MT,ANM,WE,Combined TRACON& Tower with Radar,2,15,3,4,24,0,3,13,11,27,2,18,16,15,51,14,4,18,69
05/05/2020,GTF,MT,ANM,WE,Combined TRACON& Tower with Radar,6,24,4,7,41,0,1,24,7,32,6,25,28,14,73,30,2,32,105
05/06/2020,GTF,MT,ANM,WE,Combined TRACON& Tower with Radar,6,25,7,3,41,0,2,7,6,15,6,27,14,9,56,30,0,30,86
05/07/2020,GTF,MT,ANM,WE,Combined TRACON& Tower with Radar,10,26,23,0,59,0,1,14,0,15,10,27,37,0,74,12,0,12,86
05/08/2020,GTF,MT,ANM,WE,Combined TRACON& Tower with Radar,6,29,19,0,54,0,2,6,2,10,6,31,25,2,64,0,0,0,64
05/09/2020,GTF,MT,ANM,WE,Combined TRACON& Tower with Radar,4,11,7,0,22,0,2,19,0,21,4,13,26,0,43,34,0,34,77
05/10/2020,GTF,MT,ANM,WE,Combined TRACON& Tower with Radar,6,7,0,0,13,0,0,7,0,7,6,7,7,0,20,8,0,8,28
05/11/2020,GTF,MT,ANM,WE,Combined TRACON& Tower with Radar,4,16,6,17,43,0,2,9,16,27,4,18,15,33,70,22,34,56,126
05/12/2020,GTF,MT,ANM,WE,Combined TRACON& Tower with Radar,6,27,4,1,38,0,0,0,0,0,6,27,4,1,38,16,0,16,54
05/13/2020,GTF,MT,ANM,WE,Combined TRACON& Tower with Radar,6,28,9,11,54,0,0,6,6,12,6,28,15,17,66,26,0,26,92
05/14/2020,GTF,MT,ANM,WE,Combined TRACON& Tower with Radar,8,23,10,26,67,0,3,27,17,47,8,26,37,43,114,86,18,104,218
05/15/2020,GTF,MT,ANM,WE,Combined TRACON& Tower with Radar,8,28,4,2,42,0,2,11,3,16,8,30,15,5,58,6,0,6,64
05/16/2020,GTF,MT,ANM,WE,Combined TRACON& Tower with Radar,4,14,7,0,25,0,0,35,0,35,4,14,42,0,60,32,0,32,92
05/17/2020,GTF,MT,ANM,WE,Combined TRACON& Tower with Radar,2,4,0,0,6,0,1,16,0,17,2,5,16,0,23,12,0,12,35
05/18/2020,GTF,MT,ANM,WE,Combined TRACON& Tower with Radar,6,19,10,13,48,0,5,19,0,24,6,24,29,13,72,34,14,48,120
05/19/2020,GTF,MT,ANM,WE,Combined TRACON& Tower with Radar,6,23,6,4,39,0,4,27,2,33,6,27,33,6,72,28,0,28,100
05/20/2020,GTF,MT,ANM,WE,Combined TRACON& Tower with Radar,6,21,11,13,51,0,1,3,6,10,6,22,14,19,61,12,0,12,73
05/21/2020,GTF,MT,ANM,WE,Combined TRACON& Tower with Radar,6,24,3,5,38,0,1,2,3,6,6,25,5,8,44,0,0,0,44
05/22/2020,GTF,MT,ANM,WE,Combined TRACON& Tower with Radar,8,23,6,0,37,0,1,8,2,11,8,24,14,2,48,20,0,20,68
05/23/2020,GTF,MT,ANM,WE,Combined TRACON& Tower with Radar,2,11,4,0,17,0,0,11,0,11,2,11,15,0,28,10,0,10,38
05/24/2020,GTF,MT,ANM,WE,Combined TRACON& Tower with Radar,4,12,7,0,23,0,0,13,0,13,4,12,20,0,36,34,0,34,70
05/25/2020,GTF,MT,ANM,WE,Combined TRACON& Tower with Radar,4,4,8,0,16,0,0,15,0,15,4,4,23,0,31,56,0,56,87
05/26/2020,GTF,MT,ANM,WE,Combined TRACON& Tower with Radar,4,18,1,9,32,0,3,6,13,22,4,21,7,22,54,2,2,4,58
05/27/2020,GTF,MT,ANM,WE,Combined TRACON& Tower with Radar,6,32,5,1,44,0,2,16,4,22,6,34,21,5,66,54,8,62,128
05/28/2020,GTF,MT,ANM,WE,Combined TRACON& Tower with Radar,8,29,11,5,53,0,3,31,5,39,8,32,42,10,92,10,4,14,106
05/29/2020,GTF,MT,ANM,WE,Combined TRACON& Tower with Radar,12,22,8,4,46,0,1,24,6,31,12,23,32,10,77,48,0,48,125
05/30/2020,GTF,MT,ANM,WE,Combined TRACON& Tower with Radar,6,13,1,0,20,0,2,15,0,17,6,15,16,0,37,8,0,8,45
05/31/2020,GTF,MT,ANM,WE,Combined TRACON& Tower with Radar,6,11,2,0,19,0,0,3,0,3,6,11,5,0,22,0,0,0,22
06/01/2020,GTF,MT,ANM,WE,Combined TRACON& Tower with Radar,8,16,7,4,35,0,3,22,8,33,8,19,29,12,68,48,0,48,116
06/02/2020,GTF,MT,ANM,WE,Combined TRACON& Tower with Radar,9,29,14,11,63,0,0,25,12,37,9,29,39,23,100,38,16,54,154
06/03/2020,GTF,MT,ANM,WE,Combined TRACON& Tower with Radar,9,24,3,3,39,0,3,20,11,34,9,27,23,14,73,0,10,10,83
06/04/2020,GTF,MT,ANM,WE,Combined TRACON& Tower with Radar,8,27,14,0,49,0,3,23,5,31,8,30,37,5,80,48,2,50,130
06/05/2020,GTF,MT,ANM,WE,Combined TRACON& Tower with Radar,14,23,10,7,54,0,1,14,2,17,14,24,24,9,71,28,6,34,105
06/06/2020,GTF,MT,ANM,WE,Combined TRACON& Tower with Radar,4,15,2,2,23,0,3,7,1,11,4,18,9,3,34,16,0,16,50
06/07/2020,GTF,MT,ANM,WE,Combined TRACON& Tower with Radar,4,11,5,0,20,0,2,10,0,12,4,13,15,0,32,24,0,24,56
06/08/2020,GTF,MT,ANM,WE,Combined TRACON& Tower with Radar,10,25,12,0,47,0,10,0,0,10,10,35,12,0,57,8,0,8,65
06/09/2020,GTF,MT,ANM,WE,Combined TRACON& Tower with Radar,10,25,3,6,44,0,5,19,10,34,10,30,22,16,78,30,6,36,114
06/10/2020,GTF,MT,ANM,WE,Combined TRACON& Tower with Radar,8,28,8,10,54,0,6,15,7,28,8,34,23,17,82,6,16,22,104
06/11/2020,GTF,MT,ANM,WE,Combined TRACON& Tower with Radar,8,29,15,40,92,0,2,21,16,39,8,31,36,56,131,80,68,148,279
06/12/2020,GTF,MT,ANM,WE,Combined TRACON& Tower with Radar,12,29,4,2,47,0,5,24,8,37,12,34,28,10,84,4,0,4,88
06/13/2020,GTF,MT,ANM,WE,Combined TRACON& Tower with Radar,7,11,3,0,21,0,0,3,2,5,7,11,6,2,26,0,0,0,26
06/14/2020,GTF,MT,ANM,WE,Combined TRACON& Tower with Radar,4,11,7,0,22,0,3,1,0,4,4,14,8,0,26,0,0,0,26
06/15/2020,GTF,MT,ANM,WE,Combined TRACON& Tower with Radar,8,22,11,34,75,0,1,11,5,17,8,23,22,39,92,0,6,6,98
06/16/2020,GTF,MT,ANM,WE,Combined TRACON& Tower with Radar,8,31,11,8,58,0,3,12,8,23,8,34,23,16,81,90,2,92,173
06/17/2020,GTF,MT,ANM,WE,Combined TRACON& Tower with Radar,8,27,14,5,54,0,3,6,1,10,8,30,20,6,64,34,2,36,100
06/18/2020,GTF,MT,ANM,WE,Combined TRACON& Tower with Radar,10,32,7,1,50,0,1,6,1,8,10,33,13,2,58,16,0,16,74
06/19/2020,GTF,MT,ANM,WE,Combined TRACON& Tower with Radar,12,21,12,0,45,0,3,20,0,23,12,24,32,0,68,52,0,52,120
06/20/2020,GTF,MT,ANM,WE,Combined TRACON& Tower with Radar,6,18,8,0,32,0,0,17,0,17,6,18,25,0,49,48,0,48,97
06/21/2020,GTF,MT,ANM,WE,Combined TRACON& Tower with Radar,4,7,2,0,13,0,0,13,0,13,4,7,15,0,26,12,0,12,38
06/22/2020,GTF,MT,ANM,WE,Combined TRACON& Tower with Radar,8,23,12,4,47,0,1,23,4,28,8,24,35,8,75,40,0,40,115
06/23/2020,GTF,MT,ANM,WE,Combined TRACON& Tower with Radar,8,31,23,2,64,0,4,33,5,42,8,35,56,7,106,12,0,12,118
06/24/2020,GTF,MT,ANM,WE,Combined TRACON& Tower with Radar,8,27,12,10,57,0,5,26,12,43,8,32,38,22,100,30,22,52,152
06/25/2020,GTF,MT,ANM,WE,Combined TRACON& Tower with Radar,8,25,27,22,82,0,4,21,4,29,8,29,48,26,111,12,16,28,139
06/26/2020,GTF,MT,ANM,WE,Combined TRACON& Tower with Radar,10,33,11,0,54,0,0,17,0,17,10,33,28,0,71,32,0,32,103
06/27/2020,GTF,MT,ANM,WE,Combined TRACON& Tower with Radar,6,17,8,0,31,0,2,9,0,11,6,19,17,0,42,38,0,38,80
06/28/2020,GTF,MT,ANM,WE,Combined TRACON& Tower with Radar,6,9,18,0,33,0,1,8,0,9,6,10,26,0,42,4,0,4,46
06/29/2020,GTF,MT,ANM,WE,Combined TRACON& Tower with Radar,10,24,29,3,66,0,0,0,1,1,10,24,29,4,67,0,0,0,67
06/30/2020,GTF,MT,ANM,WE,Combined TRACON& Tower with Radar,9,29,4,8,50,0,1,13,10,24,9,30,17,18,74,34,8,42,116
07/01/2020,GTF,MT,ANM,WE,Combined TRACON& Tower with Radar,10,22,16,7,55,0,1,12,6,19,10,23,28,13,74,4,10,14,88
07/02/2020,GTF,MT,ANM,WE,Combined TRACON& Tower with Radar,14,21,11,0,46,0,1,10,4,15,14,22,21,4,61,20,0,20,81
07/03/2020,GTF,MT,ANM,WE,Combined TRACON& Tower with Radar,11,20,1,0,32,0,6,25,0,31,11,26,26,0,63,34,0,34,97
07/04/2020,GTF,MT,ANM,WE,Combined TRACON& Tower with Radar,7,7,2,0,16,0,1,16,0,17,7,8,18,0,33,0,0,0,33
07/05/2020,GTF,MT,ANM,WE,Combined TRACON& Tower with Radar,6,7,5,0,18,0,0,24,0,24,6,7,29,0,42,30,0,30,72
07/06/2020,GTF,MT,ANM,WE,Combined TRACON& Tower with Radar,11,22,8,6,47,0,1,22,2,25,11,23,30,8,72,30,0,30,102
07/07/2020,GTF,MT,ANM,WE,Combined TRACON& Tower with Radar,10,37,12,2,61,0,2,15,1,18,10,39,27,3,79,34,0,34,113
07/08/2020,GTF,MT,ANM,WE,Combined TRACON& Tower with Radar,7,34,7,10,58,0,1,23,12,36,7,35,30,22,94,18,0,18,112
07/09/2020,GTF,MT,ANM,WE,Combined TRACON& Tower with Radar,10,37,11,25,83,0,3,22,9,34,10,40,33,34,117,44,34,78,195
07/10/2020,GTF,MT,ANM,WE,Combined TRACON& Tower with Radar,12,29,6,1,48,0,5,13,3,21,12,34,19,4,69,22,10,32,101
07/11/2020,GTF,MT,ANM,WE,Combined TRACON& Tower with Radar,5,19,15,2,41,0,0,24,0,24,5,19,39,2,65,24,0,24,89
07/12/2020,GTF,MT,ANM,WE,Combined TRACON& Tower with Radar,9,11,9,2,31,0,0,13,0,13,9,11,22,2,44,20,0,20,64
07/13/2020,GTF,MT,ANM,WE,Combined TRACON& Tower with Radar,12,32,11,21,76,0,2,27,10,39,12,34,38,31,115,44,28,72,187
07/14/2020,GTF,MT,ANM,WE,Combined TRACON& Tower with Radar,8,38,20,16,82,0,2,34,11,47,8,40,54,27,129,62,30,92,221
07/15/2020,GTF,MT,ANM,WE,Combined TRACON& Tower with Radar,11,34,14,19,78,0,2,47,6,55,11,36,61,25,133,28,18,46,179
07/16/2020,GTF,MT,ANM,WE,Combined TRACON& Tower with Radar,13,35,14,11,73,0,0,34,3,37,13,35,48,14,110,42,0,42,152
07/17/2020,GTF,MT,ANM,WE,Combined TRACON& Tower with Radar,13,37,11,1,62,0,1,21,0,22,13,38,32,1,84,54,0,54,138
07/18/2020,GTF,MT,ANM,WE,Combined TRACON& Tower with Radar,8,19,17,1,45,0,1,30,0,31,8,20,47,1,76,32,0,32,108
07/19/2020,GTF,MT,ANM,WE,Combined TRACON& Tower with Radar,10,12,10,0,32,0,0,20,0,20,10,12,30,0,52,0,0,0,52
07/20/2020,GTF,MT,ANM,WE,Combined TRACON& Tower with Radar,12,24,7,1,44,0,1,16,3,20,12,25,23,4,64,20,0,20,84
07/21/2020,GTF,MT,ANM,WE,Combined TRACON& Tower with Radar,11,34,23,10,78,0,3,27,8,38,11,37,50,18,116,48,16,64,180
07/22/2020,GTF,MT,ANM,WE,Combined TRACON& Tower with Radar,11,29,10,7,57,0,1,25,6,32,11,30,35,13,89,42,4,46,135
07/23/2020,GTF,MT,ANM,WE,Combined TRACON& Tower with Radar,16,23,9,7,55,0,5,23,8,36,16,28,32,15,91,42,2,44,135
07/24/2020,GTF,MT,ANM,WE,Combined TRACON& Tower with Radar,13,29,7,6,55,0,1,22,10,33,13,30,29,16,88,26,0,26,114
07/25/2020,GTF,MT,ANM,WE,Combined TRACON& Tower with Radar,7,20,9,0,36,0,0,19,1,20,7,20,28,1,56,50,0,50,106
07/26/2020,GTF,MT,ANM,WE,Combined TRACON& Tower with Radar,8,11,7,0,26,0,0,12,0,12,8,11,19,0,38,32,0,32,70
07/27/2020,GTF,MT,ANM,WE,Combined TRACON& Tower with Radar,12,27,7,5,51,0,4,18,12,34,12,31,25,17,85,44,18,62,147
07/28/2020,GTF,MT,ANM,WE,Combined TRACON& Tower with Radar,12,29,11,29,81,0,1,19,8,28,12,30,30,37,109,48,14,62,171
07/29/2020,GTF,MT,ANM,WE,Combined TRACON& Tower with Radar,12,31,8,17,68,0,1,16,15,32,12,32,24,32,100,24,36,60,160
07/30/2020,GTF,MT,ANM,WE,Combined TRACON& Tower with Radar,12,37,17,1,67,0,3,22,1,26,12,40,39,2,93,50,0,50,143
07/31/2020,GTF,MT,ANM,WE,Combined TRACON& Tower with Radar,13,33,14,0,60,0,5,46,0,51,13,38,60,0,111,40,0,40,151
08/01/2020,GTF,MT,ANM,WE,Combined TRACON& Tower with Radar,8,19,10,0,37,0,0,25,0,25,8,19,35,0,62,24,0,24,86
08/02/2020,GTF,MT,ANM,WE,Combined TRACON& Tower with Radar,10,11,12,0,33,0,0,13,0,13,10,11,25,0,46,0,0,0,46
08/03/2020,GTF,MT,ANM,WE,Combined TRACON& Tower with Radar,13,25,14,6,58,0,3,14,5,22,13,28,28,11,80,22,6,28,108
08/04/2020,GTF,MT,ANM,WE,Combined TRACON& Tower with Radar,12,35,14,9,70,0,1,20,9,30,12,36,34,18,100,62,10,72,172
08/05/2020,GTF,MT,ANM,WE,Combined TRACON& Tower with Radar,9,33,10,7,59,0,2,27,10,39,9,35,37,17,98,50,14,64,162
08/06/2020,GTF,MT,ANM,WE,Combined TRACON& Tower with Radar,14,30,16,1,61,1,2,14,5,22,15,32,30,6,83,24,0,24,107
08/07/2020,GTF,MT,ANM,WE,Combined TRACON& Tower with Radar,16,25,2,2,45,0,3,12,2,17,16,28,14,4,62,20,0,20,82
08/08/2020,GTF,MT,ANM,WE,Combined TRACON& Tower with Radar,10,20,2,2,34,0,0,31,3,34,10,20,33,5,68,14,2,16,84
08/09/2020,GTF,MT,ANM,WE,Combined TRACON& Tower with Radar,12,8,13,0,33,0,0,17,0,17,12,8,30,0,50,0,0,0,50
08/10/2020,GTF,MT,ANM,WE,Combined TRACON& Tower with Radar,15,21,19,7,62,0,1,25,9,35,15,22,44,16,97,24,10,34,131
08/11/2020,GTF,MT,ANM,WE,Combined TRACON& Tower with Radar,11,32,6,5,54,0,1,16,6,23,11,33,22,11,77,34,14,48,125
08/12/2020,GTF,MT,ANM,WE,Combined TRACON& Tower with Radar,10,30,9,7,56,0,2,10,9,21,10,32,19,16,77,20,4,24,101
08/13/2020,GTF,MT,ANM,WE,Combined TRACON& Tower with Radar,12,33,6,2,53,0,1,20,4,25,12,34,26,6,78,20,0,20,98
08/14/2020,GTF,MT,ANM,WE,Combined TRACON& Tower with Radar,16,30,17,12,75,0,3,23,5,31,16,33,40,17,106,36,10,46,152
08/15/2020,GTF,MT,ANM,WE,Combined TRACON& Tower with Radar,8,16,4,6,34,0,0,23,0,23,8,16,27,6,57,32,4,36,93
08/16/2020,GTF,MT,ANM,WE,Combined TRACON& Tower with Radar,10,12,8,2,32,0,0,18,0,18,10,12,26,2,50,32,0,32,82
08/17/2020,GTF,MT,ANM,WE,Combined TRACON& Tower with Radar,12,20,13,20,65,0,3,12,8,23,12,23,25,28,88,38,22,60,148
08/18/2020,GTF,MT,ANM,WE,Combined TRACON& Tower with Radar,10,43,9,7,69,0,2,17,15,34,10,45,26,22,103,34,12,46,149
08/19/2020,GTF,MT,ANM,WE,Combined TRACON& Tower with Radar,10,34,23,5,72,0,4,21,6,31,10,38,44,11,103,24,0,24,127
08/20/2020,GTF,MT,ANM,WE,Combined TRACON& Tower with Radar,16,35,6,5,62,0,3,14,9,26,16,38,20,14,88,36,18,54,142
08/21/2020,GTF,MT,ANM,WE,Combined TRACON& Tower with Radar,13,32,9,4,58,0,1,24,1,26,13,33,33,5,84,12,0,12,96
08/22/2020,GTF,MT,ANM,WE,Combined TRACON& Tower with Radar,10,19,4,0,33,0,1,11,0,12,10,20,15,0,45,30,0,30,75
08/23/2020,GTF,MT,ANM,WE,Combined TRACON& Tower with Radar,10,14,7,0,31,0,0,14,0,14,10,14,21,0,45,42,0,42,87
08/24/2020,GTF,MT,ANM,WE,Combined TRACON& Tower with Radar,8,22,7,2,39,0,1,15,4,20,8,23,22,6,59,22,12,34,93
08/25/2020,GTF,MT,ANM,WE,Combined TRACON& Tower with Radar,8,39,6,7,60,0,2,12,6,20,8,41,18,13,80,12,8,20,100
08/26/2020,GTF,MT,ANM,WE,Combined TRACON& Tower with Radar,8,34,7,1,50,0,1,15,15,31,8,35,22,16,81,38,42,80,161
08/27/2020,GTF,MT,ANM,WE,Combined TRACON& Tower with Radar,13,31,17,1,62,0,1,17,5,23,13,32,34,6,85,36,0,36,121
08/28/2020,GTF,MT,ANM,WE,Combined TRACON& Tower with Radar,12,28,3,1,44,0,1,15,0,16,12,29,18,1,60,26,0,26,86
08/29/2020,GTF,MT,ANM,WE,Combined TRACON& Tower with Radar,8,17,8,0,33,0,0,14,0,14,8,17,22,0,47,0,0,0,47
08/30/2020,GTF,MT,ANM,WE,Combined TRACON& Tower with Radar,9,15,6,1,31,0,0,5,0,5,9,15,11,1,36,0,0,0,36
08/31/2020,GTF,MT,ANM,WE,Combined TRACON& Tower with Radar,7,31,13,8,59,0,4,16,5,25,7,35,29,13,84,40,30,70,154
09/01/2020,GTF,MT,ANM,WE,Combined TRACON& Tower with Radar,11,39,15,2,67,0,1,21,4,26,11,40,36,6,93,26,4,30,123
09/02/2020,GTF,MT,ANM,WE,Combined TRACON& Tower with Radar,11,29,9,0,49,0,2,13,1,16,11,31,22,1,65,32,0,32,97
09/03/2020,GTF,MT,ANM,WE,Combined TRACON& Tower with Radar,15,29,10,1,55,0,1,43,0,44,15,30,53,1,99,70,0,70,169
09/04/2020,GTF,MT,ANM,WE,Combined TRACON& Tower with Radar,16,26,17,0,59,0,1,32,0,33,16,27,49,0,92,26,0,26,118
09/05/2020,GTF,MT,ANM,WE,Combined TRACON& Tower with Radar,9,18,8,0,35,0,0,25,0,25,9,18,33,0,60,16,0,16,76
09/06/2020,GTF,MT,ANM,WE,Combined TRACON& Tower with Radar,12,11,15,0,38,0,0,21,0,21,12,11,36,0,59,12,0,12,71
09/07/2020,GTF,MT,ANM,WE,Combined TRACON& Tower with Radar,10,9,16,0,35,0,0,4,0,4,10,9,20,0,39,0,0,0,39
09/08/2020,GTF,MT,ANM,WE,Combined TRACON& Tower with Radar,9,27,26,24,86,0,1,41,7,49,9,28,67,31,135,48,2,50,185
09/09/2020,GTF,MT,ANM,WE,Combined TRACON& Tower with Radar,16,32,16,8,72,0,2,32,7,41,16,34,48,15,113,94,44,138,251
09/10/2020,GTF,MT,ANM,WE,Combined TRACON& Tower with Radar,16,34,11,29,90,0,2,25,15,42,16,36,36,44,132,40,24,64,196
09/11/2020,GTF,MT,ANM,WE,Combined TRACON& Tower with Radar,15,30,10,12,67,0,2,36,4,42,15,32,46,16,109,46,4,50,159
09/12/2020,GTF,MT,ANM,WE,Combined TRACON& Tower with Radar,9,24,9,0,42,0,3,23,6,32,9,27,32,6,74,22,0,22,96
09/13/2020,GTF,MT,ANM,WE,Combined TRACON& Tower with Radar,10,16,16,1,43,0,2,15,3,20,10,18,31,4,63,0,0,0,63
09/14/2020,GTF,MT,ANM,WE,Combined TRACON& Tower with Radar,12,27,28,29,96,0,1,8,3,12,12,28,36,32,108,30,38,68,176
09/15/2020,GTF,MT,ANM,WE,Combined TRACON& Tower with Radar,12,44,29,8,93,0,1,16,11,28,12,45,45,19,121,18,4,22,143
09/16/2020,GTF,MT,ANM,WE,Combined TRACON& Tower with Radar,10,44,20,17,91,0,1,30,14,45,10,45,50,31,136,58,16,74,210
09/17/2020,GTF,MT,ANM,WE,Combined TRACON& Tower with Radar,16,36,10,11,73,0,0,12,11,23,16,36,22,22,96,70,14,84,180
09/18/2020,GTF,MT,ANM,WE,Combined TRACON& Tower with Radar,12,35,4,8,59,0,0,14,1,15,12,35,18,9,74,24,6,30,104
09/19/2020,GTF,MT,ANM,WE,Combined TRACON& Tower with Radar,10,18,1,2,31,0,0,11,0,11,10,18,12,2,42,40,0,40,82
09/20/2020,GTF,MT,ANM,WE,Combined TRACON& Tower with Radar,10,12,5,2,29,0,0,5,0,5,10,12,10,2,34,16,0,16,50
09/21/2020,GTF,MT,ANM,WE,Combined TRACON& Tower with Radar,9,26,15,2,52,0,0,19,13,32,9,26,34,15,84,46,26,72,156
09/22/2020,GTF,MT,ANM,WE,Combined TRACON& Tower with Radar,13,37,15,27,92,0,0,24,11,35,13,37,39,38,127,36,12,48,175
09/23/2020,GTF,MT,ANM,WE,Combined TRACON& Tower with Radar,12,32,19,5,68,0,0,29,9,38,12,32,48,14,106,32,14,46,152
09/24/2020,GTF,MT,ANM,WE,Combined TRACON& Tower with Radar,14,33,8,6,61,0,2,7,5,14,14,35,15,11,75,6,0,6,81
09/25/2020,GTF,MT,ANM,WE,Combined TRACON& Tower with Radar,14,30,10,1,55,0,0,9,0,9,14,30,19,1,64,14,0,14,78
09/26/2020,GTF,MT,ANM,WE,Combined TRACON& Tower with Radar,9,20,7,0,36,0,0,1,0,1,9,20,8,0,37,0,0,0,37
09/27/2020,GTF,MT,ANM,WE,Combined TRACON& Tower with Radar,9,17,6,0,32,0,0,12,0,12,9,17,18,0,44,18,0,18,62
09/28/2020,GTF,MT,ANM,WE,Combined TRACON& Tower with Radar,11,26,17,5,59,0,1,20,3,24,11,27,37,8,83,32,0,32,115
09/29/2020,GTF,MT,ANM,WE,Combined TRACON& Tower with Radar,9,39,10,5,63,0,1,20,12,33,9,40,30,17,96,46,18,64,160
09/30/2020,GTF,MT,ANM,WE,Combined TRACON& Tower with Radar,10,29,20,12,71,0,0,16,10,26,10,29,36,22,97,50,26,76,173
10/01/2020,GTF,MT,ANM,WE,Combined TRACON& Tower with Radar,14,28,10,20,72,0,0,14,2,16,14,28,24,22,88,40,26,66,154
10/02/2020,GTF,MT,ANM,WE,Combined TRACON& Tower with Radar,12,29,7,8,56,0,0,17,10,27,12,29,24,18,83,46,16,62,145
10/03/2020,GTF,MT,ANM,WE,Combined TRACON& Tower with Radar,8,23,2,1,34,0,1,21,6,28,8,24,23,7,62,12,0,12,74
10/04/2020,GTF,MT,ANM,WE,Combined TRACON& Tower with Radar,11,21,7,0,39,0,1,10,0,11,11,22,17,0,50,42,0,42,92
10/05/2020,GTF,MT,ANM,WE,Combined TRACON& Tower with Radar,9,27,7,28,71,0,0,24,4,28,9,27,31,32,99,44,38,82,181
10/06/2020,GTF,MT,ANM,WE,Combined TRACON& Tower with Radar,9,28,21,15,73,0,3,25,12,40,9,31,46,27,113,32,14,46,159
10/07/2020,GTF,MT,ANM,WE,Combined TRACON& Tower with Radar,10,37,20,15,82,0,2,28,9,39,10,39,48,24,121,54,0,54,175
10/08/2020,GTF,MT,ANM,WE,Combined TRACON& Tower with Radar,12,31,14,17,74,0,0,16,7,23,12,31,30,24,97,50,16,66,163
10/09/2020,GTF,MT,ANM,WE,Combined TRACON& Tower with Radar,11,37,10,1,59,0,0,19,4,23,11,37,29,5,82,58,0,58,140
10/10/2020,GTF,MT,ANM,WE,Combined TRACON& Tower with Radar,7,19,10,0,36,0,0,12,0,12,7,19,22,0,48,12,0,12,60
10/11/2020,GTF,MT,ANM,WE,Combined TRACON& Tower with Radar,8,14,7,0,29,0,1,7,0,8,8,15,14,0,37,6,0,6,43
10/12/2020,GTF,MT,ANM,WE,Combined TRACON& Tower with Radar,8,27,8,0,43,0,1,5,0,6,8,28,13,0,49,20,0,20,69
10/13/2020,GTF,MT,ANM,WE,Combined TRACON& Tower with Radar,7,32,15,0,54,0,0,8,0,8,7,32,23,0,62,110,0,110,172
10/14/2020,GTF,MT,ANM,WE,Combined TRACON& Tower with Radar,9,29,11,6,55,0,5,8,2,15,9,34,19,8,70,16,0,16,86
10/15/2020,GTF,MT,ANM,WE,Combined TRACON& Tower with Radar,12,32,12,17,73,0,2,32,8,42,12,34,44,25,115,88,0,88,203
10/16/2020,GTF,MT,ANM,WE,Combined TRACON& Tower with Radar,11,31,9,0,51,0,1,3,0,4,11,32,12,0,55,36,0,36,91
10/17/2020,GTF,MT,ANM,WE,Combined TRACON& Tower with Radar,7,16,4,0,27,0,0,0,0,0,7,16,4,0,27,0,0,0,27
10/18/2020,GTF,MT,ANM,WE,Combined TRACON& Tower with Radar,8,15,5,0,28,0,0,0,0,0,8,15,5,0,28,0,0,0,28
10/19/2020,GTF,MT,ANM,WE,Combined TRACON& Tower with Radar,7,21,17,3,48,0,2,4,0,6,7,23,21,3,54,4,0,4,58
10/20/2020,GTF,MT,ANM,WE,Combined TRACON& Tower with Radar,8,33,11,4,56,0,1,1,0,2,8,34,12,4,58,6,0,6,64
10/21/2020,GTF,MT,ANM,WE,Combined TRACON& Tower with Radar,8,22,6,3,39,0,1,0,0,1,8,23,6,3,40,0,0,0,40
10/22/2020,GTF,MT,ANM,WE,Combined TRACON& Tower with Radar,14,20,3,6,43,0,1,0,0,1,14,21,3,6,44,0,0,0,44
10/23/2020,GTF,MT,ANM,WE,Combined TRACON& Tower with Radar,10,26,8,2,46,0,1,8,0,9,10,27,16,2,55,16,0,16,71
10/24/2020,GTF,MT,ANM,WE,Combined TRACON& Tower with Radar,6,16,1,0,23,0,0,0,0,0,6,16,1,0,23,0,0,0,23
10/25/2020,GTF,MT,ANM,WE,Combined TRACON& Tower with Radar,8,11,4,0,23,0,1,9,0,10,8,12,13,0,33,2,0,2,35
10/26/2020,GTF,MT,ANM,WE,Combined TRACON& Tower with Radar,7,18,8,2,35,0,2,16,0,18,7,20,24,2,53,30,0,30,83
10/27/2020,GTF,MT,ANM,WE,Combined TRACON& Tower with Radar,12,20,5,0,37,0,1,5,0,6,12,21,10,0,43,0,0,0,43
10/28/2020,GTF,MT,ANM,WE,Combined TRACON& Tower with Radar,8,32,15,9,64,0,0,15,13,28,8,32,30,22,92,88,48,136,228
10/29/2020,GTF,MT,ANM,WE,Combined TRACON& Tower with Radar,14,30,20,2,66,0,1,29,8,38,14,31,49,10,104,40,0,40,144
10/30/2020,GTF,MT,ANM,WE,Combined TRACON& Tower with Radar,10,33,12,4,59,0,1,9,1,11,10,34,21,5,70,26,0,26,96
10/31/2020,GTF,MT,ANM,WE,Combined TRACON& Tower with Radar,5,23,11,0,39,0,0,24,0,24,5,23,35,0,63,58,0,58,121
11/01/2020,GTF,MT,ANM,WE,Combined TRACON& Tower with Radar,8,9,6,0,23,0,0,13,0,13,8,9,19,0,36,6,0,6,42
11/02/2020,GTF,MT,ANM,WE,Combined TRACON& Tower with Radar,4,29,6,2,41,0,0,21,4,25,4,29,27,6,66,30,0,30,96
11/03/2020,GTF,MT,ANM,WE,Combined TRACON& Tower with Radar,6,29,4,10,49,0,1,20,6,27,6,30,24,16,76,80,12,92,168
11/04/2020,GTF,MT,ANM,WE,Combined TRACON& Tower with Radar,11,26,5,5,47,0,0,10,5,15,11,26,15,10,62,46,2,48,110
11/05/2020,GTF,MT,ANM,WE,Combined TRACON& Tower with Radar,12,28,12,4,56,0,0,6,5,11,12,28,18,9,67,0,10,10,77
11/06/2020,GTF,MT,ANM,WE,Combined TRACON& Tower with Radar,9,31,23,4,67,0,0,8,5,13,9,31,31,9,80,60,0,60,140
11/07/2020,GTF,MT,ANM,WE,Combined TRACON& Tower with Radar,7,14,8,0,29,0,1,0,0,1,7,15,8,0,30,10,0,10,40
11/08/2020,GTF,MT,ANM,WE,Combined TRACON& Tower with Radar,4,10,1,0,15,0,0,0,0,0,4,10,1,0,15,0,0,0,15
11/09/2020,GTF,MT,ANM,WE,Combined TRACON& Tower with Radar,8,23,9,2,42,0,1,16,2,19,8,24,25,4,61,4,0,4,65
11/10/2020,GTF,MT,ANM,WE,Combined TRACON& Tower with Radar,8,34,10,7,59,0,1,16,10,27,8,35,26,17,86,56,16,72,158
11/11/2020,GTF,MT,ANM,WE,Combined TRACON& Tower with Radar,10,25,22,0,57,0,2,9,0,11,10,27,31,0,68,72,0,72,140
11/12/2020,GTF,MT,ANM,WE,Combined TRACON& Tower with Radar,12,34,7,12,65,0,0,8,18,26,12,34,15,30,91,36,30,66,157
11/13/2020,GTF,MT,ANM,WE,Combined TRACON& Tower with Radar,9,35,8,5,57,0,0,2,2,4,9,35,10,7,61,0,0,0,61
11/14/2020,GTF,MT,ANM,WE,Combined TRACON& Tower with Radar,7,18,1,0,26,0,0,1,0,1,7,18,2,0,27,18,0,18,45
11/15/2020,GTF,MT,ANM,WE,Combined TRACON& Tower with Radar,13,6,3,0,22,0,0,3,0,3,13,6,6,0,25,0,0,0,25
11/16/2020,GTF,MT,ANM,WE,Combined TRACON& Tower with Radar,11,20,8,7,46,0,0,11,8,19,11,20,19,15,65,32,44,76,141
11/17/2020,GTF,MT,ANM,WE,Combined TRACON& Tower with Radar,11,25,3,2,41,0,0,6,6,12,11,25,9,8,53,0,18,18,71
11/18/2020,GTF,MT,ANM,WE,Combined TRACON& Tower with Radar,7,26,12,7,52,0,2,5,9,16,7,28,17,16,68,2,26,28,96
11/19/2020,GTF,MT,ANM,WE,Combined TRACON& Tower with Radar,12,28,7,0,47,0,0,4,1,5,12,28,11,1,52,0,14,14,66
11/20/2020,GTF,MT,ANM,WE,Combined TRACON& Tower with Radar,16,23,5,1,45,0,3,8,3,14,16,26,13,4,59,50,4,54,113
11/21/2020,GTF,MT,ANM,WE,Combined TRACON& Tower with Radar,14,15,4,0,33,0,1,5,0,6,14,16,9,0,39,38,0,38,77
11/22/2020,GTF,MT,ANM,WE,Combined TRACON& Tower with Radar,14,7,3,1,25,0,0,9,0,9,14,7,12,1,34,42,0,42,76
11/23/2020,GTF,MT,ANM,WE,Combined TRACON& Tower with Radar,13,20,8,5,46,0,1,8,14,23,13,21,16,19,69,32,24,56,125
11/24/2020,GTF,MT,ANM,WE,Combined TRACON& Tower with Radar,15,27,3,5,50,1,0,9,5,15,16,27,12,10,65,34,10,44,109
11/25/2020,GTF,MT,ANM,WE,Combined TRACON& Tower with Radar,17,18,5,0,40,0,0,2,0,2,17,18,7,0,42,4,4,8,50
11/26/2020,GTF,MT,ANM,WE,Combined TRACON& Tower with Radar,5,7,2,0,14,0,0,5,0,5,5,7,7,0,19,12,0,12,31
11/27/2020,GTF,MT,ANM,WE,Combined TRACON& Tower with Radar,15,24,2,0,41,0,0,2,0,2,15,24,4,0,43,8,0,8,51
11/28/2020,GTF,MT,ANM,WE,Combined TRACON& Tower with Radar,12,14,2,0,28,0,1,6,0,7,12,15,8,0,35,8,0,8,43
11/29/2020,GTF,MT,ANM,WE,Combined TRACON& Tower with Radar,17,10,12,0,39,0,0,15,0,15,17,10,27,0,54,34,0,34,88
11/30/2020,GTF,MT,ANM,WE,Combined TRACON& Tower with Radar,11,20,7,2,40,0,0,11,0,11,11,20,18,2,51,10,0,10,61
12/01/2020,GTF,MT,ANM,WE,Combined TRACON& Tower with Radar,13,30,1,2,46,0,1,6,18,25,13,31,7,20,71,56,24,80,151
12/02/2020,GTF,MT,ANM,WE,Combined TRACON& Tower with Radar,8,31,8,9,56,0,1,12,10,23,8,32,20,19,79,68,18,86,165
12/03/2020,GTF,MT,ANM,WE,Combined TRACON& Tower with Radar,11,34,10,8,63,0,1,13,8,22,11,35,23,16,85,22,28,50,135
12/04/2020,GTF,MT,ANM,WE,Combined TRACON& Tower with Radar,11,26,12,0,49,0,1,32,2,35,11,27,44,2,84,40,0,40,124
12/05/2020,GTF,MT,ANM,WE,Combined TRACON& Tower with Radar,7,24,8,4,43,0,0,23,4,27,7,24,31,8,70,64,0,64,134
12/06/2020,GTF,MT,ANM,WE,Combined TRACON& Tower with Radar,10,14,6,1,31,0,1,13,0,14,10,15,19,1,45,0,0,0,45
12/07/2020,GTF,MT,ANM,WE,Combined TRACON& Tower with Radar,7,25,5,6,43,0,0,8,5,13,7,25,13,11,56,0,10,10,66
12/08/2020,GTF,MT,ANM,WE,Combined TRACON& Tower with Radar,7,33,13,2,55,0,0,5,1,6,7,33,18,3,61,0,0,0,61
12/09/2020,GTF,MT,ANM,WE,Combined TRACON& Tower with Radar,7,38,3,3,51,0,1,5,5,11,7,39,8,8,62,18,4,22,84
12/10/2020,GTF,MT,ANM,WE,Combined TRACON& Tower with Radar,10,32,7,1,50,0,1,15,3,19,10,33,22,4,69,52,0,52,121
12/11/2020,GTF,MT,ANM,WE,Combined TRACON& Tower with Radar,13,25,2,2,42,0,0,0,0,0,13,25,2,2,42,0,0,0,42
12/12/2020,GTF,MT,ANM,WE,Combined TRACON& Tower with Radar,7,20,2,0,29,0,0,9,0,9,7,20,11,0,38,0,0,0,38
12/13/2020,GTF,MT,ANM,WE,Combined TRACON& Tower with Radar,8,15,1,0,24,0,0,0,0,0,8,15,1,0,24,12,24,36,60
12/14/2020,GTF,MT,ANM,WE,Combined TRACON& Tower with Radar,5,21,12,12,50,0,0,11,6,17,5,21,23,18,67,14,0,14,81
12/15/2020,GTF,MT,ANM,WE,Combined TRACON& Tower with Radar,7,43,13,6,69,0,7,9,3,19,7,50,22,9,88,0,0,0,88
12/16/2020,GTF,MT,ANM,WE,Combined TRACON& Tower with Radar,8,33,12,10,63,0,2,12,3,17,8,35,24,13,80,0,24,24,104
12/17/2020,GTF,MT,ANM,WE,Combined TRACON& Tower with Radar,11,31,11,9,62,0,0,11,3,14,11,31,22,12,76,0,18,18,94
12/18/2020,GTF,MT,ANM,WE,Combined TRACON& Tower with Radar,10,33,11,1,55,0,3,11,0,14,10,36,22,1,69,22,0,22,91
12/19/2020,GTF,MT,ANM,WE,Combined TRACON& Tower with Radar,11,24,6,0,41,0,0,1,0,1,11,24,7,0,42,0,0,0,42
12/20/2020,GTF,MT,ANM,WE,Combined TRACON& Tower with Radar,7,17,7,0,31,0,0,2,0,2,7,17,9,0,33,0,0,0,33
12/21/2020,GTF,MT,ANM,WE,Combined TRACON& Tower with Radar,13,18,14,3,48,0,1,6,0,7,13,19,20,3,55,10,0,10,65
12/22/2020,GTF,MT,ANM,WE,Combined TRACON& Tower with Radar,9,49,3,1,62,0,0,1,1,2,9,49,4,2,64,0,0,0,64
12/23/2020,GTF,MT,ANM,WE,Combined TRACON& Tower with Radar,15,32,10,2,59,0,0,17,8,25,15,32,27,10,84,30,12,42,126
12/24/2020,GTF,MT,ANM,WE,Combined TRACON& Tower with Radar,8,26,1,0,35,0,0,2,0,2,8,26,3,0,37,10,0,10,47
12/25/2020,GTF,MT,ANM,WE,Combined TRACON& Tower with Radar,4,8,0,0,12,0,1,8,0,9,4,9,8,0,21,14,0,14,35
12/26/2020,GTF,MT,ANM,WE,Combined TRACON& Tower with Radar,11,26,2,0,39,0,0,7,0,7,11,26,9,0,46,2,0,2,48
12/27/2020,GTF,MT,ANM,WE,Combined TRACON& Tower with Radar,10,15,2,0,27,0,0,13,0,13,10,15,15,0,40,66,0,66,106
12/28/2020,GTF,MT,ANM,WE,Combined TRACON& Tower with Radar,11,23,11,1,46,0,0,18,8,26,11,23,29,9,72,44,8,52,124
12/29/2020,GTF,MT,ANM,WE,Combined TRACON& Tower with Radar,8,32,6,4,50,0,0,25,16,41,8,32,31,20,91,98,2,100,191
12/30/2020,GTF,MT,ANM,WE,Combined TRACON& Tower with Radar,12,29,7,7,55,0,0,6,6,12,12,29,13,13,67,0,12,12,79
12/31/2020,GTF,MT,ANM,WE,Combined TRACON& Tower with Radar,8,22,5,34,69,0,0,10,0,10,8,22,15,34,79,40,42,82,161
01/01/2021,GTF,MT,ANM,WE,Combined TRACON& Tower with Radar,5,10,7,0,22,0,0,8,0,8,5,10,15,0,30,40,0,40,70
01/02/2021,GTF,MT,ANM,WE,Combined TRACON& Tower with Radar,9,18,2,0,29,0,0,0,0,0,9,18,2,0,29,0,0,0,29
01/03/2021,GTF,MT,ANM,WE,Combined TRACON& Tower with Radar,8,15,4,0,27,0,3,0,0,3,8,18,4,0,30,0,0,0,30
01/04/2021,GTF,MT,ANM,WE,Combined TRACON& Tower with Radar,8,22,5,0,35,0,2,12,0,14,8,24,17,0,49,36,0,36,85
01/05/2021,GTF,MT,ANM,WE,Combined TRACON& Tower with Radar,7,29,7,7,50,0,2,4,6,12,7,31,11,13,62,16,22,38,100
01/06/2021,GTF,MT,ANM,WE,Combined TRACON& Tower with Radar,9,32,6,14,61,0,0,4,6,10,9,32,10,20,71,0,12,12,83
01/07/2021,GTF,MT,ANM,WE,Combined TRACON& Tower with Radar,12,25,3,0,40,0,2,0,0,2,12,27,3,0,42,0,0,0,42
01/08/2021,GTF,MT,ANM,WE,Combined TRACON& Tower with Radar,14,28,11,0,53,0,0,11,2,13,14,28,22,2,66,86,0,86,152
01/09/2021,GTF,MT,ANM,WE,Combined TRACON& Tower with Radar,10,18,9,1,38,0,0,18,3,21,10,18,27,4,59,34,6,40,99
01/10/2021,GTF,MT,ANM,WE,Combined TRACON& Tower with Radar,12,17,6,0,35,0,1,8,0,9,12,18,14,0,44,28,10,38,82
01/11/2021,GTF,MT,ANM,WE,Combined TRACON& Tower with Radar,7,30,6,7,50,0,1,9,9,19,7,31,15,16,69,12,0,12,81
01/12/2021,GTF,MT,ANM,WE,Combined TRACON& Tower with Radar,8,31,8,2,49,0,0,5,2,7,8,31,13,4,56,0,0,0,56
01/13/2021,GTF,MT,ANM,WE,Combined TRACON& Tower with Radar,6,18,3,0,27,0,0,1,0,1,6,18,4,0,28,0,0,0,28
01/14/2021,GTF,MT,ANM,WE,Combined TRACON& Tower with Radar,13,37,14,2,66,0,0,28,2,30,13,37,42,4,96,54,0,54,150
01/15/2021,GTF,MT,ANM,WE,Combined TRACON& Tower with Radar,11,25,9,9,54,0,0,7,0,7,11,25,16,9,61,64,20,84,145
01/16/2021,GTF,MT,ANM,WE,Combined TRACON& Tower with Radar,6,18,9,4,37,0,0,24,0,24,6,18,33,4,61,14,0,14,75
01/17/2021,GTF,MT,ANM,WE,Combined TRACON& Tower with Radar,10,14,0,1,25,0,0,1,0,1,10,14,1,1,26,0,0,0,26
01/18/2021,GTF,MT,ANM,WE,Combined TRACON& Tower with Radar,8,23,10,2,43,0,3,6,0,9,8,26,16,2,52,42,0,42,94
01/19/2021,GTF,MT,ANM,WE,Combined TRACON& Tower with Radar,8,25,6,7,46,0,0,3,2,5,8,25,9,9,51,14,22,36,87
01/20/2021,GTF,MT,ANM,WE,Combined TRACON& Tower with Radar,8,28,8,19,63,0,0,3,12,15,8,28,11,31,78,24,18,42,120
01/21/2021,GTF,MT,ANM,WE,Combined TRACON& Tower with Radar,11,25,11,23,70,0,0,20,12,32,11,25,31,35,102,112,4,116,218
01/22/2021,GTF,MT,ANM,WE,Combined TRACON& Tower with Radar,11,31,8,13,63,0,2,11,3,16,11,33,19,16,79,50,0,50,129
01/23/2021,GTF,MT,ANM,WE,Combined TRACON& Tower with Radar,7,20,6,2,35,0,0,17,1,18,7,20,23,3,53,4,0,4,57
01/24/2021,GTF,MT,ANM,WE,Combined TRACON& Tower with Radar,11,8,4,1,24,0,0,12,0,12,11,8,16,1,36,82,0,82,118
01/25/2021,GTF,MT,ANM,WE,Combined TRACON& Tower with Radar,11,18,12,20,61,0,2,3,2,7,11,20,15,22,68,70,0,70,138
01/26/2021,GTF,MT,ANM,WE,Combined TRACON& Tower with Radar,9,27,11,7,54,0,3,7,7,17,9,30,18,14,71,102,14,116,187
01/27/2021,GTF,MT,ANM,WE,Combined TRACON& Tower with Radar,8,24,19,34,85,0,0,17,8,25,8,24,36,42,110,34,62,96,206
01/28/2021,GTF,MT,ANM,WE,Combined TRACON& Tower with Radar,13,29,17,14,73,0,1,18,6,25,13,30,35,20,98,30,0,30,128
01/29/2021,GTF,MT,ANM,WE,Combined TRACON& Tower with Radar,11,28,7,1,47,0,1,14,2,17,11,29,21,3,64,72,0,72,136
01/30/2021,GTF,MT,ANM,WE,Combined TRACON& Tower with Radar,8,20,4,0,32,0,0,13,0,13,8,20,17,0,45,70,0,70,115
01/31/2021,GTF,MT,ANM,WE,Combined TRACON& Tower with Radar,8,13,0,0,21,0,0,17,0,17,8,13,17,0,38,18,0,18,56
02/01/2021,GTF,MT,ANM,WE,Combined TRACON& Tower with Radar,8,25,19,20,72,0,0,13,2,15,8,25,32,22,87,22,0,22,109
02/02/2021,GTF,MT,ANM,WE,Combined TRACON& Tower with Radar,8,28,11,12,59,0,1,9,15,25,8,29,20,27,84,38,26,64,148
02/03/2021,GTF,MT,ANM,WE,Combined TRACON& Tower with Radar,8,29,8,20,65,0,1,0,6,7,8,30,8,26,72,30,34,64,136
02/04/2021,GTF,MT,ANM,WE,Combined TRACON& Tower with Radar,13,27,4,5,49,0,0,8,9,17,13,27,12,14,66,52,6,58,124
02/05/2021,GTF,MT,ANM,WE,Combined TRACON& Tower with Radar,9,30,5,0,44,0,0,0,0,0,9,30,5,0,44,0,0,0,44
02/06/2021,GTF,MT,ANM,WE,Combined TRACON& Tower with Radar,6,16,0,0,22,0,0,0,0,0,6,16,0,0,22,0,0,0,22
02/07/2021,GTF,MT,ANM,WE,Combined TRACON& Tower with Radar,7,15,2,1,25,0,0,0,0,0,7,15,2,1,25,0,0,0,25
02/08/2021,GTF,MT,ANM,WE,Combined TRACON& Tower with Radar,9,25,6,5,45,0,0,0,1,1,9,25,6,6,46,0,0,0,46
02/09/2021,GTF,MT,ANM,WE,Combined TRACON& Tower with Radar,8,27,9,1,45,0,0,6,0,6,8,27,15,1,51,0,0,0,51
02/10/2021,GTF,MT,ANM,WE,Combined TRACON& Tower with Radar,7,26,9,2,44,0,0,1,2,3,7,26,10,4,47,0,0,0,47
02/11/2021,GTF,MT,ANM,WE,Combined TRACON& Tower with Radar,11,33,9,14,67,0,1,3,5,9,11,34,12,19,76,4,0,4,80
02/12/2021,GTF,MT,ANM,WE,Combined TRACON& Tower with Radar,9,26,8,3,46,0,0,1,0,1,9,26,9,3,47,0,0,0,47
02/13/2021,GTF,MT,ANM,WE,Combined TRACON& Tower with Radar,5,25,0,0,30,0,0,1,0,1,5,25,1,0,31,0,0,0,31
02/14/2021,GTF,MT,ANM,WE,Combined TRACON& Tower with Radar,9,8,2,0,19,0,0,2,0,2,9,8,4,0,21,38,0,38,59
02/15/2021,GTF,MT,ANM,WE,Combined TRACON& Tower with Radar,7,28,8,0,43,0,0,4,0,4,7,28,12,0,47,28,0,28,75
02/16/2021,GTF,MT,ANM,WE,Combined TRACON& Tower with Radar,6,28,10,10,54,0,1,6,10,17,6,29,16,20,71,102,6,108,179
02/17/2021,GTF,MT,ANM,WE,Combined TRACON& Tower with Radar,6,29,4,14,53,0,2,0,5,7,6,31,4,19,60,0,12,12,72
02/18/2021,GTF,MT,ANM,WE,Combined TRACON& Tower with Radar,10,30,12,2,54,0,0,15,10,25,10,30,27,12,79,38,12,50,129
02/19/2021,GTF,MT,ANM,WE,Combined TRACON& Tower with Radar,10,29,3,1,43,0,0,5,3,8,10,29,8,4,51,8,0,8,59
02/20/2021,GTF,MT,ANM,WE,Combined TRACON& Tower with Radar,8,16,3,0,27,0,0,6,0,6,8,16,9,0,33,38,0,38,71
02/21/2021,GTF,MT,ANM,WE,Combined TRACON& Tower with Radar,10,21,6,1,38,0,2,0,0,2,10,23,6,1,40,0,0,0,40
02/22/2021,GTF,MT,ANM,WE,Combined TRACON& Tower with Radar,10,22,7,3,42,0,3,1,3,7,10,25,8,6,49,0,0,0,49
02/23/2021,GTF,MT,ANM,WE,Combined TRACON& Tower with Radar,9,28,5,2,44,0,0,4,5,9,9,28,9,7,53,26,0,26,79
02/24/2021,GTF,MT,ANM,WE,Combined TRACON& Tower with Radar,9,29,13,13,64,0,0,10,17,27,9,29,23,30,91,64,42,106,197
02/25/2021,GTF,MT,ANM,WE,Combined TRACON& Tower with Radar,14,29,4,4,51,0,0,0,0,0,14,29,4,4,51,0,0,0,51
02/26/2021,GTF,MT,ANM,WE,Combined TRACON& Tower with Radar,12,29,2,2,45,0,1,4,8,13,12,30,6,10,58,34,0,34,92
02/27/2021,GTF,MT,ANM,WE,Combined TRACON& Tower with Radar,8,25,2,0,35,0,1,2,0,3,8,26,4,0,38,24,0,24,62
02/28/2021,GTF,MT,ANM,WE,Combined TRACON& Tower with Radar,10,14,3,0,27,0,0,7,0,7,10,14,10,0,34,4,0,4,38
03/01/2021,GTF,MT,ANM,WE,Combined TRACON& Tower with Radar,12,20,16,12,60,0,3,15,3,21,12,23,31,15,81,4,0,4,85
03/02/2021,GTF,MT,ANM,WE,Combined TRACON& Tower with Radar,10,33,6,6,55,0,2,7,6,15,10,35,13,12,70,0,12,12,82
03/03/2021,GTF,MT,ANM,WE,Combined TRACON& Tower with Radar,9,30,13,9,61,0,1,41,13,55,9,31,54,22,116,40,6,46,162
03/04/2021,GTF,MT,ANM,WE,Combined TRACON& Tower with Radar,15,27,14,11,67,0,0,31,11,42,15,27,45,22,109,62,40,102,211
03/05/2021,GTF,MT,ANM,WE,Combined TRACON& Tower with Radar,13,38,15,1,67,0,0,24,2,26,13,38,39,3,93,48,0,48,141
03/06/2021,GTF,MT,ANM,WE,Combined TRACON& Tower with Radar,9,16,9,2,36,0,0,11,2,13,9,16,20,4,49,12,2,14,63
03/07/2021,GTF,MT,ANM,WE,Combined TRACON& Tower with Radar,12,12,3,0,27,0,0,14,1,15,12,12,17,1,42,20,0,20,62
03/08/2021,GTF,MT,ANM,WE,Combined TRACON& Tower with Radar,10,23,18,21,72,0,1,4,2,7,10,24,22,23,79,22,0,22,101
03/09/2021,GTF,MT,ANM,WE,Combined TRACON& Tower with Radar,12,27,19,4,62,0,0,12,16,28,12,27,31,20,90,68,32,100,190
03/10/2021,GTF,MT,ANM,WE,Combined TRACON& Tower with Radar,10,37,9,22,78,0,4,22,12,38,10,41,31,34,116,106,12,118,234
03/11/2021,GTF,MT,ANM,WE,Combined TRACON& Tower with Radar,14,26,9,1,50,0,4,15,3,22,14,30,24,4,72,104,0,104,176
03/12/2021,GTF,MT,ANM,WE,Combined TRACON& Tower with Radar,12,31,10,8,61,0,0,20,4,24,12,31,30,12,85,60,10,70,155
03/13/2021,GTF,MT,ANM,WE,Combined TRACON& Tower with Radar,10,17,8,0,35,0,1,32,1,34,10,18,40,1,69,100,0,100,169
03/14/2021,GTF,MT,ANM,WE,Combined TRACON& Tower with Radar,9,11,5,1,26,0,0,20,0,20,9,11,25,1,46,34,0,34,80
03/15/2021,GTF,MT,ANM,WE,Combined TRACON& Tower with Radar,11,24,14,7,56,0,3,7,12,22,11,27,21,19,78,58,2,60,138
03/16/2021,GTF,MT,ANM,WE,Combined TRACON& Tower with Radar,12,27,8,8,55,0,1,10,20,31,12,28,18,28,86,124,16,140,226
03/17/2021,GTF,MT,ANM,WE,Combined TRACON& Tower with Radar,11,28,7,3,49,0,0,15,6,21,11,28,22,9,70,2,0,2,72
03/18/2021,GTF,MT,ANM,WE,Combined TRACON& Tower with Radar,14,29,14,18,75,0,0,16,10,26,14,29,30,28,101,10,22,32,133
03/19/2021,GTF,MT,ANM,WE,Combined TRACON& Tower with Radar,14,30,13,4,61,0,1,7,4,12,14,31,20,8,73,0,0,0,73
03/20/2021,GTF,MT,ANM,WE,Combined TRACON& Tower with Radar,11,16,7,0,34,0,0,7,1,8,11,16,14,1,42,20,0,20,62
03/21/2021,GTF,MT,ANM,WE,Combined TRACON& Tower with Radar,16,12,4,0,32,0,0,10,0,10,16,12,14,0,42,8,0,8,50
03/22/2021,GTF,MT,ANM,WE,Combined TRACON& Tower with Radar,9,24,8,9,50,0,1,2,6,9,9,25,10,15,59,38,24,62,121
03/23/2021,GTF,MT,ANM,WE,Combined TRACON& Tower with Radar,12,26,2,6,46,0,1,0,10,11,12,27,2,16,57,4,8,12,69
03/24/2021,GTF,MT,ANM,WE,Combined TRACON& Tower with Radar,10,44,7,7,68,0,0,10,7,17,10,44,17,14,85,26,4,30,115
03/25/2021,GTF,MT,ANM,WE,Combined TRACON& Tower with Radar,14,28,10,8,60,0,1,0,2,3,14,29,10,10,63,0,0,0,63
03/26/2021,GTF,MT,ANM,WE,Combined TRACON& Tower with Radar,13,26,9,2,50,0,0,13,6,19,13,26,22,8,69,24,0,24,93
03/27/2021,GTF,MT,ANM,WE,Combined TRACON& Tower with Radar,12,20,4,1,37,0,0,5,0,5,12,20,9,1,42,0,0,0,42
03/28/2021,GTF,MT,ANM,WE,Combined TRACON& Tower with Radar,10,13,3,0,26,0,1,3,0,4,10,14,6,0,30,0,0,0,30
03/29/2021,GTF,MT,ANM,WE,Combined TRACON& Tower with Radar,11,20,5,1,37,0,0,0,0,0,11,20,5,1,37,0,0,0,37
03/30/2021,GTF,MT,ANM,WE,Combined TRACON& Tower with Radar,14,27,13,6,60,0,0,10,7,17,14,27,23,13,77,58,0,58,135
03/31/2021,GTF,MT,ANM,WE,Combined TRACON& Tower with Radar,12,28,5,22,67,0,0,21,17,38,12,28,26,39,105,46,54,100,205
04/01/2021,GTF,MT,ANM,WE,Combined TRACON& Tower with Radar,14,30,6,2,52,0,2,15,5,22,14,32,21,7,74,30,0,30,104
04/02/2021,GTF,MT,ANM,WE,Combined TRACON& Tower with Radar,12,30,9,0,51,0,3,15,2,20,12,33,24,2,71,38,0,38,109
04/03/2021,GTF,MT,ANM,WE,Combined TRACON& Tower with Radar,8,20,5,0,33,0,0,14,0,14,8,20,19,0,47,14,0,14,61
04/04/2021,GTF,MT,ANM,WE,Combined TRACON& Tower with Radar,11,14,1,0,26,0,0,6,0,6,11,14,7,0,32,4,0,4,36
04/05/2021,GTF,MT,ANM,WE,Combined TRACON& Tower with Radar,12,26,11,7,56,0,2,0,6,8,12,28,11,13,64,0,24,24,88
04/06/2021,GTF,MT,ANM,WE,Combined TRACON& Tower with Radar,15,33,13,9,70,0,0,17,17,34,15,33,30,26,104,46,26,72,176
04/07/2021,GTF,MT,ANM,WE,Combined TRACON& Tower with Radar,12,31,8,5,56,0,0,14,18,32,12,31,22,23,88,24,42,66,154
04/08/2021,GTF,MT,ANM,WE,Combined TRACON& Tower with Radar,14,37,7,1,59,0,3,3,3,9,14,40,10,4,68,12,0,12,80
04/09/2021,GTF,MT,ANM,WE,Combined TRACON& Tower with Radar,12,35,13,3,63,0,2,13,4,19,12,37,26,7,82,12,0,12,94
04/10/2021,GTF,MT,ANM,WE,Combined TRACON& Tower with Radar,8,21,0,0,29,0,3,1,0,4,8,24,1,0,33,0,0,0,33
04/11/2021,GTF,MT,ANM,WE,Combined TRACON& Tower with Radar,10,12,6,2,30,0,1,7,0,8,10,13,13,2,38,0,0,0,38
04/12/2021,GTF,MT,ANM,WE,Combined TRACON& Tower with Radar,10,25,19,4,58,0,1,19,8,28,10,26,38,12,86,58,24,82,168
04/13/2021,GTF,MT,ANM,WE,Combined TRACON& Tower with Radar,12,35,14,21,82,0,1,9,11,21,12,36,23,32,103,60,46,106,209
04/14/2021,GTF,MT,ANM,WE,Combined TRACON& Tower with Radar,12,37,16,19,84,0,0,1,1,2,12,37,17,20,86,0,10,10,96
04/15/2021,GTF,MT,ANM,WE,Combined TRACON& Tower with Radar,16,30,15,0,61,0,1,6,0,7,16,31,21,0,68,20,0,20,88
04/16/2021,GTF,MT,ANM,WE,Combined TRACON& Tower with Radar,12,29,11,2,54,0,0,26,3,29,12,29,37,5,83,28,0,28,111
04/17/2021,GTF,MT,ANM,WE,Combined TRACON& Tower with Radar,8,22,10,0,40,0,0,33,2,35,8,22,43,2,75,12,0,12,87
04/18/2021,GTF,MT,ANM,WE,Combined TRACON& Tower with Radar,10,11,6,1,28,0,1,8,0,9,10,12,14,1,37,24,0,24,61
04/19/2021,GTF,MT,ANM,WE,Combined TRACON& Tower with Radar,10,21,13,1,45,0,2,12,2,16,10,23,25,3,61,0,0,0,61
04/20/2021,GTF,MT,ANM,WE,Combined TRACON& Tower with Radar,12,39,12,8,71,0,0,20,14,34,12,39,32,22,105,56,6,62,167
04/21/2021,GTF,MT,ANM,WE,Combined TRACON& Tower with Radar,12,33,17,9,71,0,0,43,13,56,12,33,60,22,127,42,0,42,169
04/22/2021,GTF,MT,ANM,WE,Combined TRACON& Tower with Radar,14,28,10,1,53,0,1,3,3,7,14,29,13,4,60,4,0,4,64
04/23/2021,GTF,MT,ANM,WE,Combined TRACON& Tower with Radar,14,23,3,2,42,0,1,7,1,9,14,24,10,3,51,14,0,14,65
04/24/2021,GTF,MT,ANM,WE,Combined TRACON& Tower with Radar,10,19,5,4,38,0,0,0,0,0,10,19,5,4,38,4,0,4,42
04/25/2021,GTF,MT,ANM,WE,Combined TRACON& Tower with Radar,12,15,3,0,30,0,0,2,0,2,12,15,5,0,32,0,0,0,32
04/26/2021,GTF,MT,ANM,WE,Combined TRACON& Tower with Radar,10,25,10,12,57,0,0,13,8,21,10,25,23,20,78,58,8,66,144
04/27/2021,GTF,MT,ANM,WE,Combined TRACON& Tower with Radar,12,38,9,5,64,0,0,29,14,43,12,38,38,19,107,56,4,60,167
04/28/2021,GTF,MT,ANM,WE,Combined TRACON& Tower with Radar,14,30,15,5,64,0,0,15,7,22,14,30,30,12,86,18,0,18,104
04/29/2021,GTF,MT,ANM,WE,Combined TRACON& Tower with Radar,14,27,14,5,60,0,2,20,8,30,14,29,34,13,90,16,12,28,118
04/30/2021,GTF,MT,ANM,WE,Combined TRACON& Tower with Radar,12,34,6,1,53,0,3,7,1,11,12,37,13,2,64,0,0,0,64
05/01/2021,GTF,MT,ANM,WE,Combined TRACON& Tower with Radar,8,22,10,0,40,0,0,10,5,15,8,22,20,5,55,32,0,32,87
05/02/2021,GTF,MT,ANM,WE,Combined TRACON& Tower with Radar,10,9,2,1,22,0,0,4,0,4,10,9,6,1,26,2,0,2,28
05/03/2021,GTF,MT,ANM,WE,Combined TRACON& Tower with Radar,10,30,16,16,72,0,0,30,9,39,10,30,46,25,111,46,22,68,179
05/04/2021,GTF,MT,ANM,WE,Combined TRACON& Tower with Radar,13,37,15,6,71,0,8,11,7,26,13,45,26,13,97,64,2,66,163
05/05/2021,GTF,MT,ANM,WE,Combined TRACON& Tower with Radar,12,38,11,28,89,0,2,17,7,26,12,40,28,35,115,94,12,106,221
05/06/2021,GTF,MT,ANM,WE,Combined TRACON& Tower with Radar,12,31,13,4,60,0,4,51,5,60,12,35,64,9,120,54,0,54,174
05/07/2021,GTF,MT,ANM,WE,Combined TRACON& Tower with Radar,12,34,5,1,52,0,0,3,0,3,12,34,8,1,55,2,0,2,57
05/08/2021,GTF,MT,ANM,WE,Combined TRACON& Tower with Radar,8,20,2,0,30,0,0,0,0,0,8,20,2,0,30,16,0,16,46
05/09/2021,GTF,MT,ANM,WE,Combined TRACON& Tower with Radar,10,12,0,0,22,0,0,2,0,2,10,12,2,0,24,4,0,4,28
05/10/2021,GTF,MT,ANM,WE,Combined TRACON& Tower with Radar,10,27,7,6,50,0,1,28,3,32,10,28,35,9,82,82,2,84,166
05/11/2021,GTF,MT,ANM,WE,Combined TRACON& Tower with Radar,12,30,12,18,72,0,0,21,10,31,12,30,33,28,103,72,0,72,175
05/12/2021,GTF,MT,ANM,WE,Combined TRACON& Tower with Radar,14,27,20,22,83,0,2,34,16,52,14,29,54,38,135,66,48,114,249
05/13/2021,GTF,MT,ANM,WE,Combined TRACON& Tower with Radar,14,27,9,9,59,0,1,25,10,36,14,28,34,19,95,46,6,52,147
05/14/2021,GTF,MT,ANM,WE,Combined TRACON& Tower with Radar,12,27,16,2,57,0,1,39,3,43,12,28,55,5,100,68,0,68,168
05/15/2021,GTF,MT,ANM,WE,Combined TRACON& Tower with Radar,7,20,12,0,39,0,2,35,0,37,7,22,47,0,76,72,0,72,148
05/16/2021,GTF,MT,ANM,WE,Combined TRACON& Tower with Radar,11,14,7,0,32,0,0,33,1,34,11,14,40,1,66,22,0,22,88
05/17/2021,GTF,MT,ANM,WE,Combined TRACON& Tower with Radar,10,26,22,5,63,0,0,43,7,50,10,26,65,12,113,40,20,60,173
05/18/2021,GTF,MT,ANM,WE,Combined TRACON& Tower with Radar,12,36,9,4,61,0,0,26,7,33,12,36,35,11,94,6,0,6,100
05/19/2021,GTF,MT,ANM,WE,Combined TRACON& Tower with Radar,12,31,14,15,72,0,3,10,5,18,12,34,24,20,90,12,0,12,102
05/20/2021,GTF,MT,ANM,WE,Combined TRACON& Tower with Radar,14,31,9,5,59,0,0,0,0,0,14,31,9,5,59,0,0,0,59
05/21/2021,GTF,MT,ANM,WE,Combined TRACON& Tower with Radar,12,30,3,3,48,0,0,0,0,0,12,30,3,3,48,0,0,0,48
05/22/2021,GTF,MT,ANM,WE,Combined TRACON& Tower with Radar,8,19,10,2,39,0,1,6,2,9,8,20,16,4,48,26,0,26,74
05/23/2021,GTF,MT,ANM,WE,Combined TRACON& Tower with Radar,10,19,2,1,32,0,0,4,0,4,10,19,6,1,36,4,0,4,40
05/24/2021,GTF,MT,ANM,WE,Combined TRACON& Tower with Radar,12,25,19,5,61,0,0,6,5,11,12,25,25,10,72,0,6,6,78
05/25/2021,GTF,MT,ANM,WE,Combined TRACON& Tower with Radar,12,32,14,6,64,0,2,18,6,26,12,34,32,12,90,40,0,40,130
05/26/2021,GTF,MT,ANM,WE,Combined TRACON& Tower with Radar,12,28,18,6,64,0,1,3,4,8,12,29,21,10,72,30,0,30,102
05/27/2021,GTF,MT,ANM,WE,Combined TRACON& Tower with Radar,12,28,17,9,66,0,4,43,8,55,12,32,60,17,121,64,22,86,207
05/28/2021,GTF,MT,ANM,WE,Combined TRACON& Tower with Radar,14,35,9,2,60,0,0,10,0,10,14,35,19,2,70,0,0,0,70
05/29/2021,GTF,MT,ANM,WE,Combined TRACON& Tower with Radar,10,23,16,0,49,0,2,26,0,28,10,25,42,0,77,0,0,0,77
05/30/2021,GTF,MT,ANM,WE,Combined TRACON& Tower with Radar,10,9,10,0,29,0,0,33,0,33,10,9,43,0,62,6,0,6,68
05/31/2021,GTF,MT,ANM,WE,Combined TRACON& Tower with Radar,10,16,5,0,31,0,0,34,0,34,10,16,39,0,65,4,0,4,69
06/01/2021,GTF,MT,ANM,WE,Combined TRACON& Tower with Radar,8,25,15,7,55,0,0,37,19,56,8,25,52,26,111,34,16,50,161
06/02/2021,GTF,MT,ANM,WE,Combined TRACON& Tower with Radar,12,35,15,24,86,0,2,41,21,64,12,37,56,45,150,54,32,86,236
06/03/2021,GTF,MT,ANM,WE,Combined TRACON& Tower with Radar,13,38,14,12,77,0,3,30,10,43,13,41,44,22,120,86,36,122,242
06/04/2021,GTF,MT,ANM,WE,Combined TRACON& Tower with Radar,15,28,9,0,52,0,2,21,5,28,15,30,30,5,80,8,0,8,88
06/05/2021,GTF,MT,ANM,WE,Combined TRACON& Tower with Radar,10,28,6,0,44,0,0,10,6,16,10,28,16,6,60,10,0,10,70
06/06/2021,GTF,MT,ANM,WE,Combined TRACON& Tower with Radar,10,22,3,0,35,0,0,10,0,10,10,22,13,0,45,0,0,0,45
06/07/2021,GTF,MT,ANM,WE,Combined TRACON& Tower with Radar,14,28,12,3,57,0,5,21,11,37,14,33,33,14,94,46,2,48,142
06/08/2021,GTF,MT,ANM,WE,Combined TRACON& Tower with Radar,12,43,23,3,81,0,2,14,9,25,12,45,37,12,106,48,18,66,172
06/09/2021,GTF,MT,ANM,WE,Combined TRACON& Tower with Radar,14,38,15,8,75,0,0,9,19,28,14,38,24,27,103,64,24,88,191
06/10/2021,GTF,MT,ANM,WE,Combined TRACON& Tower with Radar,12,36,14,2,64,0,1,6,7,14,12,37,20,9,78,2,0,2,80
06/11/2021,GTF,MT,ANM,WE,Combined TRACON& Tower with Radar,16,28,20,3,67,0,0,22,7,29,16,28,42,10,96,46,4,50,146
06/12/2021,GTF,MT,ANM,WE,Combined TRACON& Tower with Radar,10,25,10,1,46,0,0,28,0,28,10,25,38,1,74,2,0,2,76
06/13/2021,GTF,MT,ANM,WE,Combined TRACON& Tower with Radar,13,22,6,0,41,0,2,39,0,41,13,24,45,0,82,18,0,18,100
06/14/2021,GTF,MT,ANM,WE,Combined TRACON& Tower with Radar,13,27,14,9,63,0,1,28,8,37,13,28,42,17,100,38,16,54,154
06/15/2021,GTF,MT,ANM,WE,Combined TRACON& Tower with Radar,15,30,10,9,64,0,0,17,14,31,15,30,27,23,95,18,0,18,113
06/16/2021,GTF,MT,ANM,WE,Combined TRACON& Tower with Radar,14,34,7,7,62,0,2,39,11,52,14,36,46,18,114,36,36,72,186
06/17/2021,GTF,MT,ANM,WE,Combined TRACON& Tower with Radar,14,38,18,11,81,0,0,36,6,42,14,38,54,17,123,14,2,16,139
06/18/2021,GTF,MT,ANM,WE,Combined TRACON& Tower with Radar,16,35,12,1,64,0,5,36,5,46,16,40,48,6,110,46,0,46,156
06/19/2021,GTF,MT,ANM,WE,Combined TRACON& Tower with Radar,10,31,6,0,47,0,0,22,0,22,10,31,28,0,69,0,0,0,69
06/20/2021,GTF,MT,ANM,WE,Combined TRACON& Tower with Radar,10,18,14,0,42,0,2,7,0,9,10,20,21,0,51,24,0,24,75
06/21/2021,GTF,MT,ANM,WE,Combined TRACON& Tower with Radar,13,27,5,9,54,0,1,18,2,21,13,28,23,11,75,36,10,46,121
06/22/2021,GTF,MT,ANM,WE,Combined TRACON& Tower with Radar,15,29,9,13,66,0,1,27,9,37,15,30,36,22,103,50,8,58,161
06/23/2021,GTF,MT,ANM,WE,Combined TRACON& Tower with Radar,16,33,15,15,79,0,1,23,10,34,16,34,38,25,113,28,16,44,157
06/24/2021,GTF,MT,ANM,WE,Combined TRACON& Tower with Radar,14,33,14,4,65,0,1,19,7,27,14,34,33,11,92,28,0,28,120
06/25/2021,GTF,MT,ANM,WE,Combined TRACON& Tower with Radar,14,32,12,2,60,0,1,36,4,41,14,33,48,6,101,20,0,20,121
06/26/2021,GTF,MT,ANM,WE,Combined TRACON& Tower with Radar,9,22,10,0,41,0,0,35,3,38,9,22,45,3,79,20,0,20,99
06/27/2021,GTF,MT,ANM,WE,Combined TRACON& Tower with Radar,11,19,11,0,41,0,2,24,0,26,11,21,35,0,67,8,0,8,75
06/28/2021,GTF,MT,ANM,WE,Combined TRACON& Tower with Radar,11,29,16,37,93,0,0,23,9,32,11,29,39,46,125,72,46,118,243
06/29/2021,GTF,MT,ANM,WE,Combined TRACON& Tower with Radar,15,30,12,7,64,0,1,22,16,39,15,31,34,23,103,32,42,74,177
06/30/2021,GTF,MT,ANM,WE,Combined TRACON& Tower with Radar,14,34,19,6,73,0,1,20,13,34,14,35,39,19,107,56,14,70,177
07/01/2021,GTF,MT,ANM,WE,Combined TRACON& Tower with Radar,17,26,35,2,80,0,1,22,6,29,17,27,57,8,109,36,0,36,145
07/02/2021,GTF,MT,ANM,WE,Combined TRACON& Tower with Radar,19,28,9,0,56,0,1,12,2,15,19,29,21,2,71,6,0,6,77
07/03/2021,GTF,MT,ANM,WE,Combined TRACON& Tower with Radar,10,23,11,0,44,0,1,16,0,17,10,24,27,0,61,0,0,0,61
07/04/2021,GTF,MT,ANM,WE,Combined TRACON& Tower with Radar,11,17,3,0,31,0,2,26,2,30,11,19,29,2,61,24,0,24,85
07/05/2021,GTF,MT,ANM,WE,Combined TRACON& Tower with Radar,12,16,9,0,37,0,2,16,0,18,12,18,25,0,55,48,0,48,103
07/06/2021,GTF,MT,ANM,WE,Combined TRACON& Tower with Radar,14,26,22,9,71,0,5,20,9,34,14,31,42,18,105,6,10,16,121
07/07/2021,GTF,MT,ANM,WE,Combined TRACON& Tower with Radar,19,30,24,11,84,0,2,18,13,33,19,32,42,24,117,28,12,40,157
07/08/2021,GTF,MT,ANM,WE,Combined TRACON& Tower with Radar,16,34,16,4,70,0,0,31,9,40,16,34,47,13,110,18,0,18,128
07/09/2021,GTF,MT,ANM,WE,Combined TRACON& Tower with Radar,16,33,5,3,57,0,2,19,7,28,16,35,24,10,85,10,2,12,97
07/10/2021,GTF,MT,ANM,WE,Combined TRACON& Tower with Radar,10,33,17,6,66,0,3,27,3,33,10,36,44,9,99,36,0,36,135
07/11/2021,GTF,MT,ANM,WE,Combined TRACON& Tower with Radar,11,17,14,0,42,0,0,25,2,27,11,17,39,2,69,6,0,6,75
07/12/2021,GTF,MT,ANM,WE,Combined TRACON& Tower with Radar,14,27,25,2,68,0,1,19,6,26,14,28,44,8,94,42,0,42,136
07/13/2021,GTF,MT,ANM,WE,Combined TRACON& Tower with Radar,17,40,18,24,99,0,2,11,10,23,17,42,29,34,122,6,56,62,184
07/14/2021,GTF,MT,ANM,WE,Combined TRACON& Tower with Radar,18,37,11,9,75,0,2,35,5,42,18,39,46,14,117,44,0,44,161
07/15/2021,GTF,MT,ANM,WE,Combined TRACON& Tower with Radar,16,31,9,3,59,0,0,29,5,34,16,31,38,8,93,42,0,42,135
07/16/2021,GTF,MT,ANM,WE,Combined TRACON& Tower with Radar,16,43,11,2,72,0,0,10,2,12,16,43,21,4,84,0,0,0,84
07/17/2021,GTF,MT,ANM,WE,Combined TRACON& Tower with Radar,10,27,10,0,47,0,0,14,0,14,10,27,24,0,61,0,0,0,61
07/18/2021,GTF,MT,ANM,WE,Combined TRACON& Tower with Radar,11,12,10,0,33,0,0,19,0,19,11,12,29,0,52,0,0,0,52
07/19/2021,GTF,MT,ANM,WE,Combined TRACON& Tower with Radar,12,31,21,6,70,0,1,21,9,31,12,32,42,15,101,56,4,60,161
07/20/2021,GTF,MT,ANM,WE,Combined TRACON& Tower with Radar,24,38,13,26,101,0,2,12,14,28,24,40,25,40,129,64,50,114,243
07/21/2021,GTF,MT,ANM,WE,Combined TRACON& Tower with Radar,16,34,11,4,65,0,1,26,4,31,16,35,37,8,96,32,6,38,134
07/22/2021,GTF,MT,ANM,WE,Combined TRACON& Tower with Radar,19,42,27,22,110,0,2,39,14,55,19,44,66,36,165,56,24,80,245
07/23/2021,GTF,MT,ANM,WE,Combined TRACON& Tower with Radar,17,36,17,0,70,0,3,28,4,35,17,39,45,4,105,32,0,32,137
07/24/2021,GTF,MT,ANM,WE,Combined TRACON& Tower with Radar,12,25,7,0,44,0,0,21,2,23,12,25,28,2,67,44,0,44,111
07/25/2021,GTF,MT,ANM,WE,Combined TRACON& Tower with Radar,11,17,11,0,39,0,6,27,0,33,11,23,38,0,72,44,0,44,116
07/26/2021,GTF,MT,ANM,WE,Combined TRACON& Tower with Radar,14,32,21,11,78,0,1,26,13,40,14,33,47,24,118,14,6,20,138
07/27/2021,GTF,MT,ANM,WE,Combined TRACON& Tower with Radar,20,29,20,7,76,1,6,15,10,32,21,35,35,17,108,12,0,12,120
07/28/2021,GTF,MT,ANM,WE,Combined TRACON& Tower with Radar,18,33,28,14,93,0,0,15,9,24,18,33,43,23,117,16,30,46,163
07/29/2021,GTF,MT,ANM,WE,Combined TRACON& Tower with Radar,15,34,16,7,72,0,3,16,8,27,15,37,32,15,99,16,8,24,123
07/30/2021,GTF,MT,ANM,WE,Combined TRACON& Tower with Radar,17,30,24,2,73,2,0,34,2,38,19,30,58,4,111,30,0,30,141
07/31/2021,GTF,MT,ANM,WE,Combined TRACON& Tower with Radar,10,29,16,0,55,0,0,17,0,17,10,29,33,0,72,6,0,6,78
08/01/2021,GTF,MT,ANM,WE,Combined TRACON& Tower with Radar,10,19,19,1,49,1,1,11,2,15,11,20,30,3,64,0,0,0,64
08/02/2021,GTF,MT,ANM,WE,Combined TRACON& Tower with Radar,14,27,17,8,66,0,3,10,4,17,14,30,27,12,83,14,2,16,99
08/03/2021,GTF,MT,ANM,WE,Combined TRACON& Tower with Radar,14,34,18,3,69,0,2,13,3,18,14,36,31,6,87,16,0,16,103
08/04/2021,GTF,MT,ANM,WE,Combined TRACON& Tower with Radar,14,41,22,4,81,0,4,13,7,24,14,45,35,11,105,26,0,26,131
08/05/2021,GTF,MT,ANM,WE,Combined TRACON& Tower with Radar,12,34,18,2,66,0,3,28,5,36,12,37,46,7,102,46,0,46,148
08/06/2021,GTF,MT,ANM,WE,Combined TRACON& Tower with Radar,21,32,17,1,71,0,4,27,1,32,21,36,44,2,103,44,0,44,147
08/07/2021,GTF,MT,ANM,WE,Combined TRACON& Tower with Radar,11,27,10,0,48,0,3,17,6,26,11,30,27,6,74,14,0,14,88
08/08/2021,GTF,MT,ANM,WE,Combined TRACON& Tower with Radar,11,25,12,0,48,0,2,2,1,5,11,27,14,1,53,10,0,10,63
08/09/2021,GTF,MT,ANM,WE,Combined TRACON& Tower with Radar,12,25,14,6,57,0,1,15,10,26,12,26,29,16,83,18,8,26,109
08/10/2021,GTF,MT,ANM,WE,Combined TRACON& Tower with Radar,15,37,22,4,78,0,0,19,13,32,15,37,41,17,110,16,6,22,132
08/11/2021,GTF,MT,ANM,WE,Combined TRACON& Tower with Radar,14,41,13,18,86,1,0,27,8,36,15,41,40,26,122,6,28,34,156
08/12/2021,GTF,MT,ANM,WE,Combined TRACON& Tower with Radar,13,36,27,11,87,0,0,32,6,38,13,36,59,17,125,58,22,80,205
08/13/2021,GTF,MT,ANM,WE,Combined TRACON& Tower with Radar,17,39,12,1,69,0,0,27,6,33,17,39,39,7,102,24,0,24,126
08/14/2021,GTF,MT,ANM,WE,Combined TRACON& Tower with Radar,12,30,23,0,65,0,0,13,0,13,12,30,36,0,78,0,0,0,78
08/15/2021,GTF,MT,ANM,WE,Combined TRACON& Tower with Radar,11,27,24,0,62,0,0,10,0,10,11,27,34,0,72,0,0,0,72
08/16/2021,GTF,MT,ANM,WE,Combined TRACON& Tower with Radar,13,34,23,0,70,0,4,17,0,21,13,38,40,0,91,20,0,20,111
08/17/2021,GTF,MT,ANM,WE,Combined TRACON& Tower with Radar,13,42,17,10,82,0,1,11,1,13,13,43,28,11,95,0,0,0,95
08/18/2021,GTF,MT,ANM,WE,Combined TRACON& Tower with Radar,14,39,22,5,80,0,1,2,0,3,14,40,24,5,83,0,0,0,83
08/19/2021,GTF,MT,ANM,WE,Combined TRACON& Tower with Radar,16,39,25,18,98,0,1,26,6,33,16,40,51,24,131,18,14,32,163
08/20/2021,GTF,MT,ANM,WE,Combined TRACON& Tower with Radar,15,41,18,1,75,0,1,5,0,6,15,42,23,1,81,0,0,0,81
08/21/2021,GTF,MT,ANM,WE,Combined TRACON& Tower with Radar,10,25,12,1,48,0,2,4,0,6,10,27,16,1,54,22,0,22,76
08/22/2021,GTF,MT,ANM,WE,Combined TRACON& Tower with Radar,13,21,11,0,45,0,0,24,0,24,13,21,35,0,69,10,0,10,79
08/23/2021,GTF,MT,ANM,WE,Combined TRACON& Tower with Radar,12,28,25,9,74,0,1,32,9,42,12,29,57,18,116,0,8,8,124
08/24/2021,GTF,MT,ANM,WE,Combined TRACON& Tower with Radar,15,35,14,7,71,0,0,33,9,42,15,35,47,16,113,16,14,30,143
08/25/2021,GTF,MT,ANM,WE,Combined TRACON& Tower with Radar,14,34,18,19,85,0,0,16,11,27,14,34,34,30,112,62,34,96,208
08/26/2021,GTF,MT,ANM,WE,Combined TRACON& Tower with Radar,15,37,11,2,65,0,1,23,4,28,15,38,34,6,93,38,0,38,131
08/27/2021,GTF,MT,ANM,WE,Combined TRACON& Tower with Radar,15,39,13,3,70,0,0,7,4,11,15,39,20,7,81,26,0,26,107
08/28/2021,GTF,MT,ANM,WE,Combined TRACON& Tower with Radar,10,25,21,0,56,0,0,24,0,24,10,25,45,0,80,36,0,36,116
08/29/2021,GTF,MT,ANM,WE,Combined TRACON& Tower with Radar,13,15,30,3,61,0,0,32,0,32,13,15,62,3,93,8,0,8,101
08/30/2021,GTF,MT,ANM,WE,Combined TRACON& Tower with Radar,13,29,16,5,63,0,0,32,9,41,13,29,48,14,104,36,16,52,156
08/31/2021,GTF,MT,ANM,WE,Combined TRACON& Tower with Radar,14,37,15,9,75,0,0,15,6,21,14,37,30,15,96,66,0,66,162
09/01/2021,GTF,MT,ANM,WE,Combined TRACON& Tower with Radar,14,36,21,9,80,0,0,18,11,29,14,36,39,20,109,14,8,22,131
09/02/2021,GTF,MT,ANM,WE,Combined TRACON& Tower with Radar,15,33,15,0,63,0,0,22,1,23,15,33,37,1,86,20,0,20,106
09/03/2021,GTF,MT,ANM,WE,Combined TRACON& Tower with Radar,15,29,11,0,55,0,0,34,6,40,15,29,45,6,95,28,0,28,123
09/04/2021,GTF,MT,ANM,WE,Combined TRACON& Tower with Radar,10,24,10,0,44,0,0,30,0,30,10,24,40,0,74,12,0,12,86
09/05/2021,GTF,MT,ANM,WE,Combined TRACON& Tower with Radar,13,12,14,0,39,0,0,17,0,17,13,12,31,0,56,4,0,4,60
09/06/2021,GTF,MT,ANM,WE,Combined TRACON& Tower with Radar,10,14,16,0,40,0,0,11,2,13,10,14,27,2,53,8,0,8,61
09/07/2021,GTF,MT,ANM,WE,Combined TRACON& Tower with Radar,9,25,13,10,57,0,2,32,10,44,9,27,45,20,101,46,22,68,169
09/08/2021,GTF,MT,ANM,WE,Combined TRACON& Tower with Radar,13,33,33,13,92,0,1,31,7,39,13,34,64,20,131,30,14,44,175
09/09/2021,GTF,MT,ANM,WE,Combined TRACON& Tower with Radar,11,41,21,16,89,0,0,13,11,24,11,41,34,27,113,26,22,48,161
09/10/2021,GTF,MT,ANM,WE,Combined TRACON& Tower with Radar,12,48,13,3,76,0,2,11,2,15,12,50,24,5,91,20,0,20,111
09/11/2021,GTF,MT,ANM,WE,Combined TRACON& Tower with Radar,9,30,7,0,46,0,2,11,6,19,9,32,18,6,65,0,0,0,65
09/12/2021,GTF,MT,ANM,WE,Combined TRACON& Tower with Radar,9,19,8,0,36,0,0,18,0,18,9,19,26,0,54,24,0,24,78
09/13/2021,GTF,MT,ANM,WE,Combined TRACON& Tower with Radar,9,29,15,13,66,0,1,19,15,35,9,30,34,28,101,42,28,70,171
09/14/2021,GTF,MT,ANM,WE,Combined TRACON& Tower with Radar,11,40,12,21,84,0,1,23,12,36,11,41,35,33,120,22,72,94,214
09/15/2021,GTF,MT,ANM,WE,Combined TRACON& Tower with Radar,13,32,11,12,68,0,0,7,9,16,13,32,18,21,84,0,12,12,96
09/16/2021,GTF,MT,ANM,WE,Combined TRACON& Tower with Radar,12,42,17,3,74,0,2,20,5,27,12,44,37,8,101,2,0,2,103
09/17/2021,GTF,MT,ANM,WE,Combined TRACON& Tower with Radar,11,40,20,4,75,0,2,18,4,24,11,42,38,8,99,0,0,0,99
09/18/2021,GTF,MT,ANM,WE,Combined TRACON& Tower with Radar,11,28,7,0,46,0,4,4,0,8,11,32,11,0,54,0,0,0,54
09/19/2021,GTF,MT,ANM,WE,Combined TRACON& Tower with Radar,8,23,13,0,44,0,0,11,0,11,8,23,24,0,55,0,0,0,55
09/20/2021,GTF,MT,ANM,WE,Combined TRACON& Tower with Radar,13,33,13,4,63,0,2,20,8,30,13,35,33,12,93,0,0,0,93
09/21/2021,GTF,MT,ANM,WE,Combined TRACON& Tower with Radar,12,37,13,4,66,0,4,31,3,38,12,41,44,7,104,10,0,10,114
09/22/2021,GTF,MT,ANM,WE,Combined TRACON& Tower with Radar,12,36,8,0,56,0,4,14,0,18,12,40,22,0,74,4,0,4,78
09/23/2021,GTF,MT,ANM,WE,Combined TRACON& Tower with Radar,13,45,14,5,77,0,2,27,6,35,13,47,41,11,112,2,0,2,114
09/24/2021,GTF,MT,ANM,WE,Combined TRACON& Tower with Radar,13,38,10,1,62,0,0,33,2,35,13,38,43,3,97,2,0,2,99
09/25/2021,GTF,MT,ANM,WE,Combined TRACON& Tower with Radar,9,31,10,3,53,0,1,32,0,33,9,32,42,3,86,0,0,0,86
09/26/2021,GTF,MT,ANM,WE,Combined TRACON& Tower with Radar,11,26,12,2,51,0,2,26,0,28,11,28,38,2,79,0,0,0,79
09/27/2021,GTF,MT,ANM,WE,Combined TRACON& Tower with Radar,9,33,27,20,89,0,0,22,8,30,9,33,49,28,119,0,10,10,129
09/28/2021,GTF,MT,ANM,WE,Combined TRACON& Tower with Radar,13,36,6,2,57,0,2,14,4,20,13,38,20,6,77,16,0,16,93
09/29/2021,GTF,MT,ANM,WE,Combined TRACON& Tower with Radar,12,34,30,14,90,0,0,17,4,21,12,34,47,18,111,8,4,12,123
09/30/2021,GTF,MT,ANM,WE,Combined TRACON& Tower with Radar,14,42,16,1,73,0,0,43,2,45,14,42,59,3,118,12,0,12,130
10/01/2021,GTF,MT,ANM,WE,Combined TRACON& Tower with Radar,11,37,18,2,68,0,1,29,6,36,11,38,47,8,104,38,0,38,142
10/02/2021,GTF,MT,ANM,WE,Combined TRACON& Tower with Radar,8,25,13,1,47,0,2,20,1,23,8,27,33,2,70,4,4,8,78
10/03/2021,GTF,MT,ANM,WE,Combined TRACON& Tower with Radar,7,15,11,0,33,0,4,26,0,30,7,19,37,0,63,6,0,6,69
10/04/2021,GTF,MT,ANM,WE,Combined TRACON& Tower with Radar,7,33,27,8,75,0,4,35,6,45,7,37,62,14,120,49,20,69,189
10/05/2021,GTF,MT,ANM,WE,Combined TRACON& Tower with Radar,11,43,21,14,89,0,2,29,12,43,11,45,50,26,132,30,20,50,182
10/06/2021,GTF,MT,ANM,WE,Combined TRACON& Tower with Radar,10,32,6,6,54,0,0,25,7,32,10,32,31,13,86,18,20,38,124
10/07/2021,GTF,MT,ANM,WE,Combined TRACON& Tower with Radar,10,40,13,1,64,0,2,14,6,22,10,42,27,7,86,32,0,32,118
10/08/2021,GTF,MT,ANM,WE,Combined TRACON& Tower with Radar,8,33,14,4,59,0,2,22,5,29,8,35,36,9,88,74,0,74,162
10/09/2021,GTF,MT,ANM,WE,Combined TRACON& Tower with Radar,6,26,11,0,43,0,0,29,0,29,6,26,40,0,72,38,0,38,110
10/10/2021,GTF,MT,ANM,WE,Combined TRACON& Tower with Radar,9,15,8,0,32,0,0,14,0,14,9,15,22,0,46,0,0,0,46
10/11/2021,GTF,MT,ANM,WE,Combined TRACON& Tower with Radar,8,25,13,0,46,0,1,14,0,15,8,26,27,0,61,12,0,12,73
10/12/2021,GTF,MT,ANM,WE,Combined TRACON& Tower with Radar,8,44,13,0,65,0,3,21,4,28,8,47,34,4,93,0,0,0,93
10/13/2021,GTF,MT,ANM,WE,Combined TRACON& Tower with Radar,8,40,12,7,67,0,0,18,9,27,8,40,30,16,94,20,6,26,120
10/14/2021,GTF,MT,ANM,WE,Combined TRACON& Tower with Radar,10,44,11,4,69,0,0,9,10,19,10,44,20,14,88,12,28,40,128
10/15/2021,GTF,MT,ANM,WE,Combined TRACON& Tower with Radar,9,35,19,11,74,0,0,6,9,15,9,35,25,20,89,12,2,14,103
10/16/2021,GTF,MT,ANM,WE,Combined TRACON& Tower with Radar,7,23,10,2,42,0,0,22,1,23,7,23,32,3,65,10,0,10,75
10/17/2021,GTF,MT,ANM,WE,Combined TRACON& Tower with Radar,5,19,9,1,34,0,0,23,0,23,5,19,32,1,57,8,0,8,65
10/18/2021,GTF,MT,ANM,WE,Combined TRACON& Tower with Radar,7,30,15,15,67,0,4,27,7,38,7,34,42,22,105,36,26,62,167
10/19/2021,GTF,MT,ANM,WE,Combined TRACON& Tower with Radar,8,45,25,19,97,0,0,10,4,14,8,45,35,23,111,8,0,8,119
10/20/2021,GTF,MT,ANM,WE,Combined TRACON& Tower with Radar,10,37,32,12,91,0,1,43,12,56,10,38,75,24,147,54,30,84,231
10/21/2021,GTF,MT,ANM,WE,Combined TRACON& Tower with Radar,11,28,21,2,62,0,4,30,2,36,11,32,51,4,98,22,0,22,120
10/22/2021,GTF,MT,ANM,WE,Combined TRACON& Tower with Radar,15,38,21,3,77,0,2,43,1,46,15,40,64,4,123,52,0,52,175
10/23/2021,GTF,MT,ANM,WE,Combined TRACON& Tower with Radar,7,34,8,0,49,0,1,7,0,8,7,35,15,0,57,16,0,16,73
10/24/2021,GTF,MT,ANM,WE,Combined TRACON& Tower with Radar,5,16,12,0,33,0,0,28,0,28,5,16,40,0,61,0,0,0,61
10/25/2021,GTF,MT,ANM,WE,Combined TRACON& Tower with Radar,5,35,22,16,78,0,0,8,6,14,5,35,30,22,92,28,40,68,160
10/26/2021,GTF,MT,ANM,WE,Combined TRACON& Tower with Radar,8,37,15,8,68,0,2,5,6,13,8,39,20,14,81,4,62,66,147
10/27/2021,GTF,MT,ANM,WE,Combined TRACON& Tower with Radar,8,33,23,8,72,0,0,7,8,15,8,33,30,16,87,12,0,12,99
10/28/2021,GTF,MT,ANM,WE,Combined TRACON& Tower with Radar,10,42,27,2,81,0,1,23,6,30,10,43,50,8,111,8,6,14,125
10/29/2021,GTF,MT,ANM,WE,Combined TRACON& Tower with Radar,8,39,12,1,60,0,1,5,1,7,8,40,17,2,67,0,0,0,67
10/30/2021,GTF,MT,ANM,WE,Combined TRACON& Tower with Radar,6,25,10,2,43,0,1,4,0,5,6,26,14,2,48,0,0,0,48
10/31/2021,GTF,MT,ANM,WE,Combined TRACON& Tower with Radar,7,24,9,0,40,0,0,14,0,14,7,24,23,0,54,24,0,24,78
11/01/2021,GTF,MT,ANM,WE,Combined TRACON& Tower with Radar,5,27,13,4,49,0,2,23,8,33,5,29,36,12,82,90,0,90,172
11/02/2021,GTF,MT,ANM,WE,Combined TRACON& Tower with Radar,8,36,14,21,79,0,2,30,9,41,8,38,44,30,120,32,12,44,164
11/03/2021,GTF,MT,ANM,WE,Combined TRACON& Tower with Radar,8,28,14,10,60,0,3,27,10,40,8,31,41,20,100,26,4,30,130
11/04/2021,GTF,MT,ANM,WE,Combined TRACON& Tower with Radar,10,31,14,32,87,0,2,13,17,32,10,33,27,49,119,44,54,98,217
11/05/2021,GTF,MT,ANM,WE,Combined TRACON& Tower with Radar,8,30,6,4,48,0,0,4,0,4,8,30,10,4,52,0,0,0,52
11/06/2021,GTF,MT,ANM,WE,Combined TRACON& Tower with Radar,6,28,10,4,48,0,0,26,2,28,6,28,36,6,76,10,0,10,86
11/07/2021,GTF,MT,ANM,WE,Combined TRACON& Tower with Radar,8,15,8,1,32,0,0,12,0,12,8,15,20,1,44,6,0,6,50
11/08/2021,GTF,MT,ANM,WE,Combined TRACON& Tower with Radar,6,25,15,17,63,0,2,16,9,27,6,27,31,26,90,66,10,76,166
11/09/2021,GTF,MT,ANM,WE,Combined TRACON& Tower with Radar,8,40,12,6,66,0,0,22,9,31,8,40,34,15,97,62,0,62,159
11/10/2021,GTF,MT,ANM,WE,Combined TRACON& Tower with Radar,10,28,8,5,51,0,2,7,8,17,10,30,15,13,68,0,0,0,68
11/11/2021,GTF,MT,ANM,WE,Combined TRACON& Tower with Radar,10,25,24,0,59,0,1,12,0,13,10,26,36,0,72,54,0,54,126
11/12/2021,GTF,MT,ANM,WE,Combined TRACON& Tower with Radar,8,33,5,0,46,0,0,11,4,15,8,33,16,4,61,44,0,44,105
11/13/2021,GTF,MT,ANM,WE,Combined TRACON& Tower with Radar,4,24,9,6,43,0,0,10,1,11,4,24,19,7,54,0,0,0,54
11/14/2021,GTF,MT,ANM,WE,Combined TRACON& Tower with Radar,8,19,6,0,33,0,2,2,0,4,8,21,8,0,37,0,0,0,37
11/15/2021,GTF,MT,ANM,WE,Combined TRACON& Tower with Radar,6,24,13,10,53,0,0,9,2,11,6,24,22,12,64,12,0,12,76
11/16/2021,GTF,MT,ANM,WE,Combined TRACON& Tower with Radar,8,24,6,4,42,0,1,3,2,6,8,25,9,6,48,22,0,22,70
11/17/2021,GTF,MT,ANM,WE,Combined TRACON& Tower with Radar,8,37,23,7,75,0,0,22,6,28,8,37,45,13,103,30,12,42,145
11/18/2021,GTF,MT,ANM,WE,Combined TRACON& Tower with Radar,10,31,15,6,62,0,1,21,9,31,10,32,36,15,93,14,4,18,111
11/19/2021,GTF,MT,ANM,WE,Combined TRACON& Tower with Radar,10,26,16,15,67,0,2,14,9,25,10,28,30,24,92,62,26,88,180
11/20/2021,GTF,MT,ANM,WE,Combined TRACON& Tower with Radar,4,22,7,0,33,0,0,11,0,11,4,22,18,0,44,26,0,26,70
11/21/2021,GTF,MT,ANM,WE,Combined TRACON& Tower with Radar,7,16,14,0,37,0,1,3,1,5,7,17,17,1,42,0,0,0,42
11/22/2021,GTF,MT,ANM,WE,Combined TRACON& Tower with Radar,5,31,12,5,53,0,0,14,9,23,5,31,26,14,76,38,18,56,132
11/23/2021,GTF,MT,ANM,WE,Combined TRACON& Tower with Radar,12,26,11,4,53,0,2,7,14,23,12,28,18,18,76,36,0,36,112
11/24/2021,GTF,MT,ANM,WE,Combined TRACON& Tower with Radar,10,32,12,4,58,0,1,12,6,19,10,33,24,10,77,10,14,24,101
11/25/2021,GTF,MT,ANM,WE,Combined TRACON& Tower with Radar,4,9,6,0,19,0,0,2,0,2,4,9,8,0,21,50,0,50,71
11/26/2021,GTF,MT,ANM,WE,Combined TRACON& Tower with Radar,6,27,2,0,35,0,0,1,0,1,6,27,3,0,36,0,0,0,36
11/27/2021,GTF,MT,ANM,WE,Combined TRACON& Tower with Radar,4,18,15,0,37,0,0,11,0,11,4,18,26,0,48,0,0,0,48
11/28/2021,GTF,MT,ANM,WE,Combined TRACON& Tower with Radar,9,14,7,0,30,0,0,1,0,1,9,14,8,0,31,0,0,0,31
11/29/2021,GTF,MT,ANM,WE,Combined TRACON& Tower with Radar,3,44,17,4,68,0,0,11,4,15,3,44,28,8,83,36,0,36,119
11/30/2021,GTF,MT,ANM,WE,Combined TRACON& Tower with Radar,6,52,12,6,76,0,0,7,2,9,6,52,19,8,85,6,2,8,93
12/01/2021,GTF,MT,ANM,WE,Combined TRACON& Tower with Radar,7,49,6,0,62,0,0,7,0,7,7,49,13,0,69,10,0,10,79
12/02/2021,GTF,MT,ANM,WE,Combined TRACON& Tower with Radar,12,30,8,11,61,0,0,4,6,10,12,30,12,17,71,4,10,14,85
12/03/2021,GTF,MT,ANM,WE,Combined TRACON& Tower with Radar,6,32,9,10,57,0,1,14,4,19,6,33,23,14,76,38,30,68,144
12/04/2021,GTF,MT,ANM,WE,Combined TRACON& Tower with Radar,6,17,10,0,33,0,1,0,2,3,6,18,10,2,36,0,0,0,36
12/05/2021,GTF,MT,ANM,WE,Combined TRACON& Tower with Radar,12,17,4,8,41,0,0,0,0,0,12,17,4,8,41,4,0,4,45
12/06/2021,GTF,MT,ANM,WE,Combined TRACON& Tower with Radar,6,20,13,13,52,0,2,0,2,4,6,22,13,15,56,2,0,2,58
12/07/2021,GTF,MT,ANM,WE,Combined TRACON& Tower with Radar,7,31,18,18,74,0,0,9,8,17,7,31,27,26,91,30,14,44,135
12/08/2021,GTF,MT,ANM,WE,Combined TRACON& Tower with Radar,9,36,12,2,59,0,0,1,2,3,9,36,13,4,62,0,0,0,62
12/09/2021,GTF,MT,ANM,WE,Combined TRACON& Tower with Radar,12,39,10,5,66,0,1,18,5,24,12,40,28,10,90,26,0,26,116
12/10/2021,GTF,MT,ANM,WE,Combined TRACON& Tower with Radar,7,34,13,0,54,0,0,10,2,12,7,34,23,2,66,34,0,34,100
12/11/2021,GTF,MT,ANM,WE,Combined TRACON& Tower with Radar,8,11,5,2,26,0,0,2,0,2,8,11,7,2,28,0,0,0,28
12/12/2021,GTF,MT,ANM,WE,Combined TRACON& Tower with Radar,10,12,2,2,26,0,1,0,0,1,10,13,2,2,27,10,0,10,37
12/13/2021,GTF,MT,ANM,WE,Combined TRACON& Tower with Radar,5,24,11,24,64,0,0,15,6,21,5,24,26,30,85,92,14,106,191
12/14/2021,GTF,MT,ANM,WE,Combined TRACON& Tower with Radar,6,26,31,28,91,0,4,2,0,6,6,30,33,28,97,2,2,4,101
12/15/2021,GTF,MT,ANM,WE,Combined TRACON& Tower with Radar,6,36,24,13,79,0,1,22,5,28,6,37,46,18,107,10,0,10,117
12/16/2021,GTF,MT,ANM,WE,Combined TRACON& Tower with Radar,11,29,18,3,61,0,3,9,8,20,11,32,27,11,81,60,14,74,155
12/17/2021,GTF,MT,ANM,WE,Combined TRACON& Tower with Radar,8,27,13,5,53,0,1,10,4,15,8,28,23,9,68,0,0,0,68
12/18/2021,GTF,MT,ANM,WE,Combined TRACON& Tower with Radar,6,23,5,0,34,0,0,6,0,6,6,23,11,0,40,16,0,16,56
12/19/2021,GTF,MT,ANM,WE,Combined TRACON& Tower with Radar,7,8,6,0,21,0,0,1,0,1,7,8,7,0,22,0,0,0,22
12/20/2021,GTF,MT,ANM,WE,Combined TRACON& Tower with Radar,7,26,17,13,63,0,0,12,8,20,7,26,29,21,83,16,14,30,113
12/21/2021,GTF,MT,ANM,WE,Combined TRACON& Tower with Radar,10,33,8,8,59,0,1,13,9,23,10,34,21,17,82,36,22,58,140
12/22/2021,GTF,MT,ANM,WE,Combined TRACON& Tower with Radar,8,33,18,4,63,0,1,7,2,10,8,34,25,6,73,6,0,6,79
12/23/2021,GTF,MT,ANM,WE,Combined TRACON& Tower with Radar,12,38,8,0,58,0,1,0,0,1,12,39,8,0,59,14,0,14,73
12/24/2021,GTF,MT,ANM,WE,Combined TRACON& Tower with Radar,6,26,5,0,37,0,1,2,0,3,6,27,7,0,40,8,4,12,52
12/25/2021,GTF,MT,ANM,WE,Combined TRACON& Tower with Radar,2,12,2,0,16,0,1,0,0,1,2,13,2,0,17,0,0,0,17
12/26/2021,GTF,MT,ANM,WE,Combined TRACON& Tower with Radar,5,13,2,0,20,0,0,0,0,0,5,13,2,0,20,0,0,0,20
12/27/2021,GTF,MT,ANM,WE,Combined TRACON& Tower with Radar,7,28,10,2,47,0,1,0,2,3,7,29,10,4,50,0,0,0,50
12/28/2021,GTF,MT,ANM,WE,Combined TRACON& Tower with Radar,8,32,7,3,50,0,2,12,5,19,8,34,19,8,69,104,10,114,183
12/29/2021,GTF,MT,ANM,WE,Combined TRACON& Tower with Radar,7,34,1,2,44,0,2,1,2,5,7,36,2,4,49,0,0,0,49
12/30/2021,GTF,MT,ANM,WE,Combined TRACON& Tower with Radar,5,30,8,0,43,0,0,1,0,1,5,30,9,0,44,6,0,6,50
12/31/2021,GTF,MT,ANM,WE,Combined TRACON& Tower with Radar,4,30,2,0,36,0,0,7,0,7,4,30,9,0,43,12,0,12,55
01/01/2022,GTF,MT,ANM,WE,Combined TRACON& Tower with Radar,4,14,4,0,22,0,1,6,0,7,4,15,10,0,29,20,0,20,49
01/02/2022,GTF,MT,ANM,WE,Combined TRACON& Tower with Radar,7,12,7,0,26,0,0,8,0,8,7,12,15,0,34,4,0,4,38
01/03/2022,GTF,MT,ANM,WE,Combined TRACON& Tower with Radar,7,17,7,0,31,0,1,3,0,4,7,18,10,0,35,11,0,11,46
01/04/2022,GTF,MT,ANM,WE,Combined TRACON& Tower with Radar,10,31,10,2,53,0,0,5,0,5,10,31,15,2,58,0,0,0,58
01/05/2022,GTF,MT,ANM,WE,Combined TRACON& Tower with Radar,9,34,7,15,65,0,0,0,5,5,9,34,7,20,70,0,26,26,96
01/06/2022,GTF,MT,ANM,WE,Combined TRACON& Tower with Radar,13,23,8,1,45,0,0,0,3,3,13,23,8,4,48,0,0,0,48
01/07/2022,GTF,MT,ANM,WE,Combined TRACON& Tower with Radar,8,27,3,1,39,0,1,0,5,6,8,28,3,6,45,0,0,0,45
01/08/2022,GTF,MT,ANM,WE,Combined TRACON& Tower with Radar,6,14,4,0,24,0,0,10,0,10,6,14,14,0,34,2,0,2,36
01/09/2022,GTF,MT,ANM,WE,Combined TRACON& Tower with Radar,11,12,14,0,37,0,0,10,0,10,11,12,24,0,47,8,0,8,55
01/10/2022,GTF,MT,ANM,WE,Combined TRACON& Tower with Radar,10,19,15,5,49,1,0,10,7,18,11,19,25,12,67,0,8,8,75
01/11/2022,GTF,MT,ANM,WE,Combined TRACON& Tower with Radar,8,23,4,2,37,0,0,5,2,7,8,23,9,4,44,0,0,0,44
01/12/2022,GTF,MT,ANM,WE,Combined TRACON& Tower with Radar,6,31,16,0,53,0,0,4,0,4,6,31,20,0,57,0,0,0,57
01/13/2022,GTF,MT,ANM,WE,Combined TRACON& Tower with Radar,13,25,7,1,46,0,0,15,14,29,13,25,22,15,75,30,2,32,107
01/14/2022,GTF,MT,ANM,WE,Combined TRACON& Tower with Radar,11,33,5,2,51,0,0,31,3,34,11,33,36,5,85,86,10,96,181
01/15/2022,GTF,MT,ANM,WE,Combined TRACON& Tower with Radar,8,16,7,1,32,0,0,2,0,2,8,16,9,1,34,0,0,0,34
01/16/2022,GTF,MT,ANM,WE,Combined TRACON& Tower with Radar,12,11,7,0,30,0,1,23,0,24,12,12,30,0,54,40,0,40,94
01/17/2022,GTF,MT,ANM,WE,Combined TRACON& Tower with Radar,8,18,9,0,35,0,0,2,0,2,8,18,11,0,37,0,0,0,37
01/18/2022,GTF,MT,ANM,WE,Combined TRACON& Tower with Radar,7,25,7,2,41,0,1,0,0,1,7,26,7,2,42,0,0,0,42
01/19/2022,GTF,MT,ANM,WE,Combined TRACON& Tower with Radar,12,28,17,8,65,0,0,20,19,39,12,28,37,27,104,82,28,110,214
01/20/2022,GTF,MT,ANM,WE,Combined TRACON& Tower with Radar,12,27,7,8,54,0,1,1,6,8,12,28,8,14,62,10,16,26,88
01/21/2022,GTF,MT,ANM,WE,Combined TRACON& Tower with Radar,10,28,17,6,61,0,2,18,2,22,10,30,35,8,83,74,0,74,157
01/22/2022,GTF,MT,ANM,WE,Combined TRACON& Tower with Radar,6,23,4,0,33,0,0,9,0,9,6,23,13,0,42,10,0,10,52
01/23/2022,GTF,MT,ANM,WE,Combined TRACON& Tower with Radar,11,13,11,0,35,0,0,11,0,11,11,13,22,0,46,8,0,8,54
01/24/2022,GTF,MT,ANM,WE,Combined TRACON& Tower with Radar,7,25,18,11,61,0,1,0,5,6,7,26,18,16,67,4,12,16,83
01/25/2022,GTF,MT,ANM,WE,Combined TRACON& Tower with Radar,11,29,14,4,58,0,3,19,12,34,11,32,33,16,92,80,0,80,172
01/26/2022,GTF,MT,ANM,WE,Combined TRACON& Tower with Radar,13,29,22,11,75,0,1,17,11,29,13,30,39,22,104,32,10,42,146
01/27/2022,GTF,MT,ANM,WE,Combined TRACON& Tower with Radar,12,22,9,1,44,0,0,7,3,10,12,22,16,4,54,28,0,28,82
01/28/2022,GTF,MT,ANM,WE,Combined TRACON& Tower with Radar,11,23,8,0,42,0,3,4,0,7,11,26,12,0,49,0,0,0,49
01/29/2022,GTF,MT,ANM,WE,Combined TRACON& Tower with Radar,7,17,8,0,32,0,0,10,0,10,7,17,18,0,42,0,0,0,42
01/30/2022,GTF,MT,ANM,WE,Combined TRACON& Tower with Radar,9,10,1,0,20,0,1,7,0,8,9,11,8,0,28,0,0,0,28
01/31/2022,GTF,MT,ANM,WE,Combined TRACON& Tower with Radar,7,22,9,4,42,0,1,0,6,7,7,23,9,10,49,0,6,6,55
02/01/2022,GTF,MT,ANM,WE,Combined TRACON& Tower with Radar,10,26,5,4,45,0,0,0,0,0,10,26,5,4,45,0,0,0,45
02/02/2022,GTF,MT,ANM,WE,Combined TRACON& Tower with Radar,12,26,8,6,52,0,0,13,9,22,12,26,21,15,74,0,14,14,88
02/03/2022,GTF,MT,ANM,WE,Combined TRACON& Tower with Radar,10,27,10,7,54,0,1,12,13,26,10,28,22,20,80,48,12,60,140
02/04/2022,GTF,MT,ANM,WE,Combined TRACON& Tower with Radar,9,21,4,9,43,0,0,1,6,7,9,21,5,15,50,0,12,12,62
02/05/2022,GTF,MT,ANM,WE,Combined TRACON& Tower with Radar,7,22,3,0,32,0,0,1,0,1,7,22,4,0,33,0,0,0,33
02/06/2022,GTF,MT,ANM,WE,Combined TRACON& Tower with Radar,8,8,6,0,22,0,0,6,0,6,8,8,12,0,28,18,0,18,46
02/07/2022,GTF,MT,ANM,WE,Combined TRACON& Tower with Radar,7,26,7,2,42,0,1,2,2,5,7,27,9,4,47,0,0,0,47
02/08/2022,GTF,MT,ANM,WE,Combined TRACON& Tower with Radar,10,33,13,10,66,0,0,14,12,26,10,33,27,22,92,42,28,70,162
02/09/2022,GTF,MT,ANM,WE,Combined TRACON& Tower with Radar,10,25,14,5,54,0,0,12,7,19,10,25,26,12,73,36,12,48,121
02/10/2022,GTF,MT,ANM,WE,Combined TRACON& Tower with Radar,14,22,2,1,39,0,1,1,1,3,14,23,3,2,42,0,0,0,42
02/11/2022,GTF,MT,ANM,WE,Combined TRACON& Tower with Radar,8,37,19,2,66,0,2,18,2,22,8,39,37,4,88,40,0,40,128
02/12/2022,GTF,MT,ANM,WE,Combined TRACON& Tower with Radar,4,20,0,0,24,0,0,9,0,9,4,20,9,0,33,22,0,22,55
02/13/2022,GTF,MT,ANM,WE,Combined TRACON& Tower with Radar,8,13,9,0,30,0,0,23,0,23,8,13,32,0,53,8,0,8,61
02/14/2022,GTF,MT,ANM,WE,Combined TRACON& Tower with Radar,8,30,18,21,77,0,1,16,18,35,8,31,34,39,112,92,16,108,220
02/15/2022,GTF,MT,ANM,WE,Combined TRACON& Tower with Radar,8,33,24,15,80,0,0,0,11,11,8,33,24,26,91,0,18,18,109
02/16/2022,GTF,MT,ANM,WE,Combined TRACON& Tower with Radar,8,34,4,13,59,0,1,1,3,5,8,35,5,16,64,14,0,14,78
02/17/2022,GTF,MT,ANM,WE,Combined TRACON& Tower with Radar,10,34,9,6,59,0,0,4,6,10,10,34,13,12,69,6,0,6,75
02/18/2022,GTF,MT,ANM,WE,Combined TRACON& Tower with Radar,8,29,6,0,43,0,1,6,0,7,8,30,12,0,50,66,0,66,116
02/19/2022,GTF,MT,ANM,WE,Combined TRACON& Tower with Radar,4,27,2,0,33,0,0,5,0,5,4,27,7,0,38,0,0,0,38
02/20/2022,GTF,MT,ANM,WE,Combined TRACON& Tower with Radar,7,14,1,0,22,0,1,0,0,1,7,15,1,0,23,0,0,0,23
02/21/2022,GTF,MT,ANM,WE,Combined TRACON& Tower with Radar,4,25,3,0,32,0,0,1,0,1,4,25,4,0,33,0,0,0,33
02/22/2022,GTF,MT,ANM,WE,Combined TRACON& Tower with Radar,7,32,8,4,51,0,0,1,2,3,7,32,9,6,54,14,0,14,68
02/23/2022,GTF,MT,ANM,WE,Combined TRACON& Tower with Radar,6,26,12,10,54,0,3,14,7,24,6,29,26,17,78,34,0,34,112
02/24/2022,GTF,MT,ANM,WE,Combined TRACON& Tower with Radar,10,28,30,9,77,0,0,1,2,3,10,28,31,11,80,0,0,0,80
02/25/2022,GTF,MT,ANM,WE,Combined TRACON& Tower with Radar,10,39,10,4,63,0,1,15,2,18,10,40,25,6,81,54,0,54,135
02/26/2022,GTF,MT,ANM,WE,Combined TRACON& Tower with Radar,4,20,1,1,26,0,0,13,1,14,4,20,14,2,40,8,0,8,48
02/27/2022,GTF,MT,ANM,WE,Combined TRACON& Tower with Radar,7,16,7,0,30,0,2,6,0,8,7,18,13,0,38,0,0,0,38
02/28/2022,GTF,MT,ANM,WE,Combined TRACON& Tower with Radar,5,22,11,3,41,0,4,4,4,12,5,26,15,7,53,8,0,8,61
03/01/2022,GTF,MT,ANM,WE,Combined TRACON& Tower with Radar,8,26,6,13,53,0,2,7,11,20,8,28,13,24,73,0,10,10,83
03/02/2022,GTF,MT,ANM,WE,Combined TRACON& Tower with Radar,8,24,8,4,44,0,4,12,0,16,8,28,20,4,60,84,0,84,144
03/03/2022,GTF,MT,ANM,WE,Combined TRACON& Tower with Radar,12,17,7,6,42,0,0,0,0,0,12,17,7,6,42,0,0,0,42
03/04/2022,GTF,MT,ANM,WE,Combined TRACON& Tower with Radar,10,26,5,2,43,0,0,1,3,4,10,26,6,5,47,32,0,32,79
03/05/2022,GTF,MT,ANM,WE,Combined TRACON& Tower with Radar,4,26,6,6,42,0,0,3,0,3,4,26,9,6,45,34,0,34,79
03/06/2022,GTF,MT,ANM,WE,Combined TRACON& Tower with Radar,7,15,3,0,25,0,0,3,0,3,7,15,6,0,28,8,0,8,36
03/07/2022,GTF,MT,ANM,WE,Combined TRACON& Tower with Radar,7,21,17,9,54,0,1,15,10,26,7,22,32,19,80,6,10,16,96
03/08/2022,GTF,MT,ANM,WE,Combined TRACON& Tower with Radar,11,29,15,8,63,0,0,0,3,3,11,29,15,11,66,0,18,18,84
03/09/2022,GTF,MT,ANM,WE,Combined TRACON& Tower with Radar,11,34,18,5,68,0,3,6,10,19,11,37,24,15,87,64,14,78,165
03/10/2022,GTF,MT,ANM,WE,Combined TRACON& Tower with Radar,14,29,12,3,58,0,0,18,7,25,14,29,30,10,83,22,0,22,105
03/11/2022,GTF,MT,ANM,WE,Combined TRACON& Tower with Radar,10,29,15,2,56,0,2,24,5,31,10,31,39,7,87,48,0,48,135
03/12/2022,GTF,MT,ANM,WE,Combined TRACON& Tower with Radar,4,21,12,0,37,0,0,12,0,12,4,21,24,0,49,0,0,0,49
03/13/2022,GTF,MT,ANM,WE,Combined TRACON& Tower with Radar,7,21,6,1,35,0,2,3,0,5,7,23,9,1,40,20,0,20,60
03/14/2022,GTF,MT,ANM,WE,Combined TRACON& Tower with Radar,7,25,8,5,45,0,0,7,2,9,7,25,15,7,54,0,8,8,62
03/15/2022,GTF,MT,ANM,WE,Combined TRACON& Tower with Radar,8,28,19,5,60,0,0,12,8,20,8,28,31,13,80,8,32,40,120
03/16/2022,GTF,MT,ANM,WE,Combined TRACON& Tower with Radar,10,28,11,20,69,0,1,19,15,35,10,29,30,35,104,48,10,58,162
03/17/2022,GTF,MT,ANM,WE,Combined TRACON& Tower with Radar,12,27,17,13,69,0,0,22,12,34,12,27,39,25,103,32,14,46,149
03/18/2022,GTF,MT,ANM,WE,Combined TRACON& Tower with Radar,10,33,4,4,51,0,1,23,1,25,10,34,27,5,76,16,0,16,92
03/19/2022,GTF,MT,ANM,WE,Combined TRACON& Tower with Radar,4,20,5,0,29,0,0,20,0,20,4,20,25,0,49,46,0,46,95
03/20/2022,GTF,MT,ANM,WE,Combined TRACON& Tower with Radar,5,21,6,0,32,0,0,7,0,7,5,21,13,0,39,16,0,16,55
03/21/2022,GTF,MT,ANM,WE,Combined TRACON& Tower with Radar,5,20,14,15,54,0,0,5,12,17,5,20,19,27,71,36,58,94,165
03/22/2022,GTF,MT,ANM,WE,Combined TRACON& Tower with Radar,12,26,13,17,68,0,0,19,10,29,12,26,32,27,97,70,22,92,189
03/23/2022,GTF,MT,ANM,WE,Combined TRACON& Tower with Radar,10,31,18,26,85,0,2,17,12,31,10,33,35,38,116,66,48,114,230
03/24/2022,GTF,MT,ANM,WE,Combined TRACON& Tower with Radar,12,27,20,3,62,0,0,12,5,17,12,27,32,8,79,52,0,52,131
03/25/2022,GTF,MT,ANM,WE,Combined TRACON& Tower with Radar,10,27,18,1,56,0,1,21,3,25,10,28,39,4,81,10,0,10,91
03/26/2022,GTF,MT,ANM,WE,Combined TRACON& Tower with Radar,6,18,12,0,36,0,0,21,0,21,6,18,33,0,57,14,0,14,71
03/27/2022,GTF,MT,ANM,WE,Combined TRACON& Tower with Radar,10,15,6,0,31,0,2,28,0,30,10,17,34,0,61,24,0,24,85
03/28/2022,GTF,MT,ANM,WE,Combined TRACON& Tower with Radar,9,25,18,3,55,0,1,9,5,15,9,26,27,8,70,20,0,20,90
03/29/2022,GTF,MT,ANM,WE,Combined TRACON& Tower with Radar,12,26,10,9,57,0,0,6,5,11,12,26,16,14,68,0,18,18,86
03/30/2022,GTF,MT,ANM,WE,Combined TRACON& Tower with Radar,12,33,3,10,58,0,1,12,13,26,12,34,15,23,84,26,28,54,138
03/31/2022,GTF,MT,ANM,WE,Combined TRACON& Tower with Radar,14,20,7,13,54,0,0,15,12,27,14,20,22,25,81,10,10,20,101
04/01/2022,GTF,MT,ANM,WE,Combined TRACON& Tower with Radar,12,30,7,4,53,0,2,20,4,26,12,32,27,8,79,20,0,20,99
04/02/2022,GTF,MT,ANM,WE,Combined TRACON& Tower with Radar,8,25,0,4,37,0,1,10,2,13,8,26,10,6,50,4,44,48,98
04/03/2022,GTF,MT,ANM,WE,Combined TRACON& Tower with Radar,9,18,9,0,36,0,0,10,0,10,9,18,19,0,46,0,0,0,46
04/04/2022,GTF,MT,ANM,WE,Combined TRACON& Tower with Radar,9,17,11,6,43,0,1,7,2,10,9,18,18,8,53,16,0,16,69
04/05/2022,GTF,MT,ANM,WE,Combined TRACON& Tower with Radar,8,35,5,0,48,0,0,1,0,1,8,35,6,0,49,0,0,0,49
04/06/2022,GTF,MT,ANM,WE,Combined TRACON& Tower with Radar,12,30,14,15,71,0,2,16,9,27,12,32,30,24,98,14,14,28,126
04/07/2022,GTF,MT,ANM,WE,Combined TRACON& Tower with Radar,14,30,35,2,81,0,5,45,2,52,14,35,80,4,133,94,0,94,227
04/08/2022,GTF,MT,ANM,WE,Combined TRACON& Tower with Radar,14,22,8,4,48,0,0,13,2,15,14,22,21,6,63,48,6,54,117
04/09/2022,GTF,MT,ANM,WE,Combined TRACON& Tower with Radar,9,25,4,0,38,0,0,0,0,0,9,25,4,0,38,0,0,0,38
04/10/2022,GTF,MT,ANM,WE,Combined TRACON& Tower with Radar,12,12,4,0,28,0,0,3,0,3,12,12,7,0,31,0,0,0,31
04/11/2022,GTF,MT,ANM,WE,Combined TRACON& Tower with Radar,11,22,11,12,56,0,0,10,3,13,11,22,21,15,69,32,4,36,105
04/12/2022,GTF,MT,ANM,WE,Combined TRACON& Tower with Radar,12,19,7,2,40,0,0,0,0,0,12,19,7,2,40,0,0,0,40
04/13/2022,GTF,MT,ANM,WE,Combined TRACON& Tower with Radar,13,34,9,8,64,0,0,1,1,2,13,34,10,9,66,4,0,4,70
04/14/2022,GTF,MT,ANM,WE,Combined TRACON& Tower with Radar,18,25,9,13,65,0,0,12,2,14,18,25,21,15,79,56,16,72,151
04/15/2022,GTF,MT,ANM,WE,Combined TRACON& Tower with Radar,13,34,15,1,63,0,2,12,3,17,13,36,27,4,80,16,0,16,96
04/16/2022,GTF,MT,ANM,WE,Combined TRACON& Tower with Radar,8,18,6,0,32,0,0,10,0,10,8,18,16,0,42,26,0,26,68
04/17/2022,GTF,MT,ANM,WE,Combined TRACON& Tower with Radar,11,11,4,0,26,0,0,1,1,2,11,11,5,1,28,0,0,0,28
04/18/2022,GTF,MT,ANM,WE,Combined TRACON& Tower with Radar,10,25,15,20,70,0,0,23,9,32,10,25,38,29,102,52,56,108,210
04/19/2022,GTF,MT,ANM,WE,Combined TRACON& Tower with Radar,13,27,15,13,68,0,0,7,10,17,13,27,22,23,85,0,0,0,85
04/20/2022,GTF,MT,ANM,WE,Combined TRACON& Tower with Radar,12,30,19,2,63,0,0,16,4,20,12,30,35,6,83,28,16,44,127
04/21/2022,GTF,MT,ANM,WE,Combined TRACON& Tower with Radar,14,32,20,2,68,0,0,13,3,16,14,32,33,5,84,24,0,24,108
04/22/2022,GTF,MT,ANM,WE,Combined TRACON& Tower with Radar,12,32,3,4,51,0,0,12,4,16,12,32,15,8,67,14,0,14,81
04/23/2022,GTF,MT,ANM,WE,Combined TRACON& Tower with Radar,8,22,1,0,31,0,0,5,0,5,8,22,6,0,36,0,0,0,36
04/24/2022,GTF,MT,ANM,WE,Combined TRACON& Tower with Radar,11,21,10,0,42,0,1,35,0,36,11,22,45,0,78,0,0,0,78
04/25/2022,GTF,MT,ANM,WE,Combined TRACON& Tower with Radar,9,21,17,0,47,0,2,17,6,25,9,23,34,6,72,10,12,22,94
04/26/2022,GTF,MT,ANM,WE,Combined TRACON& Tower with Radar,12,29,12,7,60,0,2,17,11,30,12,31,29,18,90,48,40,88,178
04/27/2022,GTF,MT,ANM,WE,Combined TRACON& Tower with Radar,12,25,12,6,55,0,0,15,6,21,12,25,27,12,76,2,0,2,78
04/28/2022,GTF,MT,ANM,WE,Combined TRACON& Tower with Radar,13,33,9,1,56,0,0,22,3,25,13,33,31,4,81,70,0,70,151
04/29/2022,GTF,MT,ANM,WE,Combined TRACON& Tower with Radar,15,25,17,1,58,0,0,2,0,2,15,25,19,1,60,12,0,12,72
04/30/2022,GTF,MT,ANM,WE,Combined TRACON& Tower with Radar,8,20,9,0,37,0,0,27,2,29,8,20,36,2,66,4,0,4,70
05/01/2022,GTF,MT,ANM,WE,Combined TRACON& Tower with Radar,11,26,6,0,43,0,1,9,0,10,11,27,15,0,53,8,0,8,61
05/02/2022,GTF,MT,ANM,WE,Combined TRACON& Tower with Radar,11,19,14,6,50,0,4,18,8,30,11,23,32,14,80,28,14,42,122
05/03/2022,GTF,MT,ANM,WE,Combined TRACON& Tower with Radar,12,29,11,6,58,0,1,14,9,24,12,30,25,15,82,14,24,38,120
05/04/2022,GTF,MT,ANM,WE,Combined TRACON& Tower with Radar,12,27,13,20,72,0,3,28,14,45,12,30,41,34,117,40,0,40,157
05/05/2022,GTF,MT,ANM,WE,Combined TRACON& Tower with Radar,12,26,10,7,55,0,4,10,12,26,12,30,20,19,81,14,18,32,113
05/06/2022,GTF,MT,ANM,WE,Combined TRACON& Tower with Radar,14,27,5,3,49,0,0,2,0,2,14,27,7,3,51,0,0,0,51
05/07/2022,GTF,MT,ANM,WE,Combined TRACON& Tower with Radar,13,18,3,0,34,0,0,7,0,7,13,18,10,0,41,14,0,14,55
05/08/2022,GTF,MT,ANM,WE,Combined TRACON& Tower with Radar,12,6,2,0,20,0,0,5,0,5,12,6,7,0,25,0,0,0,25
05/09/2022,GTF,MT,ANM,WE,Combined TRACON& Tower with Radar,9,20,14,2,45,0,1,9,4,14,9,21,23,6,59,20,0,20,79
05/10/2022,GTF,MT,ANM,WE,Combined TRACON& Tower with Radar,16,33,16,6,71,0,0,19,11,30,16,33,35,17,101,22,2,24,125
05/11/2022,GTF,MT,ANM,WE,Combined TRACON& Tower with Radar,14,28,8,10,60,0,0,25,11,36,14,28,33,21,96,32,22,54,150
05/12/2022,GTF,MT,ANM,WE,Combined TRACON& Tower with Radar,12,24,19,11,66,0,0,5,7,12,12,24,24,18,78,0,0,0,78
05/13/2022,GTF,MT,ANM,WE,Combined TRACON& Tower with Radar,14,23,6,1,44,0,0,7,2,9,14,23,13,3,53,0,0,0,53
05/14/2022,GTF,MT,ANM,WE,Combined TRACON& Tower with Radar,12,17,0,3,32,0,0,5,0,5,12,17,5,3,37,10,0,10,47
05/15/2022,GTF,MT,ANM,WE,Combined TRACON& Tower with Radar,11,15,6,2,34,0,1,22,1,24,11,16,28,3,58,4,0,4,62
05/16/2022,GTF,MT,ANM,WE,Combined TRACON& Tower with Radar,9,23,23,7,62,0,0,18,7,25,9,23,41,14,87,52,4,56,143
05/17/2022,GTF,MT,ANM,WE,Combined TRACON& Tower with Radar,14,29,15,6,64,0,4,22,6,32,14,33,37,12,96,46,0,46,142
05/18/2022,GTF,MT,ANM,WE,Combined TRACON& Tower with Radar,14,31,26,0,71,0,1,19,2,22,14,32,45,2,93,20,0,20,113
05/19/2022,GTF,MT,ANM,WE,Combined TRACON& Tower with Radar,11,20,9,0,40,0,0,2,0,2,11,20,11,0,42,0,0,0,42
05/20/2022,GTF,MT,ANM,WE,Combined TRACON& Tower with Radar,12,30,8,0,50,0,0,6,0,6,12,30,14,0,56,40,0,40,96
05/21/2022,GTF,MT,ANM,WE,Combined TRACON& Tower with Radar,8,17,7,0,32,0,0,31,0,31,8,17,38,0,63,8,0,8,71
05/22/2022,GTF,MT,ANM,WE,Combined TRACON& Tower with Radar,11,12,12,0,35,0,0,22,0,22,11,12,34,0,57,2,0,2,59
05/23/2022,GTF,MT,ANM,WE,Combined TRACON& Tower with Radar,11,18,12,2,43,0,2,26,6,34,11,20,38,8,77,56,0,56,133
05/24/2022,GTF,MT,ANM,WE,Combined TRACON& Tower with Radar,12,29,15,4,60,0,1,36,10,47,12,30,51,14,107,24,0,24,131
05/25/2022,GTF,MT,ANM,WE,Combined TRACON& Tower with Radar,12,24,13,5,54,0,3,12,12,27,12,27,25,17,81,36,10,46,127
05/26/2022,GTF,MT,ANM,WE,Combined TRACON& Tower with Radar,12,27,23,4,66,0,3,41,3,47,12,30,64,7,113,20,0,20,133
05/27/2022,GTF,MT,ANM,WE,Combined TRACON& Tower with Radar,13,26,5,0,44,0,0,4,2,6,13,26,9,2,50,14,0,14,64
05/28/2022,GTF,MT,ANM,WE,Combined TRACON& Tower with Radar,9,19,4,0,32,0,0,14,0,14,9,19,18,0,46,4,0,4,50
05/29/2022,GTF,MT,ANM,WE,Combined TRACON& Tower with Radar,9,12,4,2,27,0,0,3,0,3,9,12,7,2,30,0,0,0,30
05/30/2022,GTF,MT,ANM,WE,Combined TRACON& Tower with Radar,8,15,28,0,51,0,0,3,0,3,8,15,31,0,54,18,0,18,72
05/31/2022,GTF,MT,ANM,WE,Combined TRACON& Tower with Radar,5,25,32,3,65,0,0,35,1,36,5,25,67,4,101,47,0,47,148
06/01/2022,GTF,MT,ANM,WE,Combined TRACON& Tower with Radar,12,23,25,1,61,0,2,43,3,48,12,25,68,4,109,52,0,52,161
06/02/2022,GTF,MT,ANM,WE,Combined TRACON& Tower with Radar,11,27,21,4,63,0,0,36,3,39,11,27,57,7,102,62,8,70,172
06/03/2022,GTF,MT,ANM,WE,Combined TRACON& Tower with Radar,10,28,21,0,59,0,0,21,0,21,10,28,42,0,80,76,0,76,156
06/04/2022,GTF,MT,ANM,WE,Combined TRACON& Tower with Radar,8,21,20,3,52,0,0,15,5,20,8,21,35,8,72,14,0,14,86
06/05/2022,GTF,MT,ANM,WE,Combined TRACON& Tower with Radar,9,13,6,1,29,0,0,22,0,22,9,13,28,1,51,6,0,6,57
06/06/2022,GTF,MT,ANM,WE,Combined TRACON& Tower with Radar,7,21,22,4,54,0,0,24,4,28,7,21,46,8,82,16,0,16,98
06/07/2022,GTF,MT,ANM,WE,Combined TRACON& Tower with Radar,14,33,19,4,70,0,0,26,11,37,14,33,45,15,107,50,8,58,165
06/08/2022,GTF,MT,ANM,WE,Combined TRACON& Tower with Radar,10,27,19,2,58,0,2,25,4,31,10,29,44,6,89,8,0,8,97
06/09/2022,GTF,MT,ANM,WE,Combined TRACON& Tower with Radar,12,30,18,17,77,0,0,37,5,42,12,30,55,22,119,20,34,54,173
06/10/2022,GTF,MT,ANM,WE,Combined TRACON& Tower with Radar,10,33,10,0,53,0,0,14,0,14,10,33,24,0,67,0,0,0,67
06/11/2022,GTF,MT,ANM,WE,Combined TRACON& Tower with Radar,9,18,9,1,37,0,0,9,3,12,9,18,18,4,49,0,4,4,53
06/12/2022,GTF,MT,ANM,WE,Combined TRACON& Tower with Radar,9,14,15,0,38,0,0,13,2,15,9,14,28,2,53,0,6,6,59
06/13/2022,GTF,MT,ANM,WE,Combined TRACON& Tower with Radar,8,24,8,3,43,0,1,11,3,15,8,25,19,6,58,20,0,20,78
06/14/2022,GTF,MT,ANM,WE,Combined TRACON& Tower with Radar,10,28,10,6,54,0,0,0,4,4,10,28,10,10,58,0,0,0,58
06/15/2022,GTF,MT,ANM,WE,Combined TRACON& Tower with Radar,13,30,10,2,55,0,0,4,4,8,13,30,14,6,63,0,0,0,63
06/16/2022,GTF,MT,ANM,WE,Combined TRACON& Tower with Radar,10,32,19,8,69,0,7,30,5,42,10,39,49,13,111,50,0,50,161
06/17/2022,GTF,MT,ANM,WE,Combined TRACON& Tower with Radar,12,33,13,9,67,0,0,33,0,33,12,33,46,9,100,29,4,33,133
06/18/2022,GTF,MT,ANM,WE,Combined TRACON& Tower with Radar,8,25,8,0,41,0,0,25,0,25,8,25,33,0,66,20,0,20,86
06/19/2022,GTF,MT,ANM,WE,Combined TRACON& Tower with Radar,9,11,4,0,24,0,0,11,0,11,9,11,15,0,35,2,0,2,37
06/20/2022,GTF,MT,ANM,WE,Combined TRACON& Tower with Radar,9,23,24,0,56,0,0,2,0,2,9,23,26,0,58,0,0,0,58
06/21/2022,GTF,MT,ANM,WE,Combined TRACON& Tower with Radar,10,22,16,12,60,0,2,16,7,25,10,24,32,19,85,32,0,32,117
06/22/2022,GTF,MT,ANM,WE,Combined TRACON& Tower with Radar,10,21,15,5,51,0,0,29,10,39,10,21,44,15,90,12,0,12,102
06/23/2022,GTF,MT,ANM,WE,Combined TRACON& Tower with Radar,10,25,17,5,57,0,0,32,4,36,10,25,49,9,93,34,0,34,127
06/24/2022,GTF,MT,ANM,WE,Combined TRACON& Tower with Radar,10,29,18,7,64,0,0,30,1,31,10,29,48,8,95,46,8,54,149
06/25/2022,GTF,MT,ANM,WE,Combined TRACON& Tower with Radar,8,24,5,0,37,0,0,38,1,39,8,24,43,1,76,66,0,66,142
06/26/2022,GTF,MT,ANM,WE,Combined TRACON& Tower with Radar,7,16,18,0,41,0,0,33,0,33,7,16,51,0,74,6,0,6,80
06/27/2022,GTF,MT,ANM,WE,Combined TRACON& Tower with Radar,7,22,22,1,52,0,1,27,3,31,7,23,49,4,83,26,0,26,109
06/28/2022,GTF,MT,ANM,WE,Combined TRACON& Tower with Radar,12,25,15,3,55,0,1,29,7,37,12,26,44,10,92,76,0,76,168
06/29/2022,GTF,MT,ANM,WE,Combined TRACON& Tower with Radar,10,34,16,4,64,0,0,16,2,18,10,34,32,6,82,44,0,44,126
06/30/2022,GTF,MT,ANM,WE,Combined TRACON& Tower with Radar,11,32,12,12,67,0,0,36,6,42,11,32,48,18,109,66,36,102,211
07/01/2022,GTF,MT,ANM,WE,Combined TRACON& Tower with Radar,11,25,7,1,44,0,0,34,3,37,11,25,41,4,81,62,0,62,143
07/02/2022,GTF,MT,ANM,WE,Combined TRACON& Tower with Radar,8,21,5,2,36,0,1,23,0,24,8,22,28,2,60,10,0,10,70
07/03/2022,GTF,MT,ANM,WE,Combined TRACON& Tower with Radar,7,17,7,0,31,0,0,3,0,3,7,17,10,0,34,0,0,0,34
07/04/2022,GTF,MT,ANM,WE,Combined TRACON& Tower with Radar,6,11,8,0,25,0,0,11,2,13,6,11,19,2,38,12,0,12,50
07/05/2022,GTF,MT,ANM,WE,Combined TRACON& Tower with Radar,5,24,25,4,58,0,0,26,10,36,5,24,51,14,94,30,32,62,156
07/06/2022,GTF,MT,ANM,WE,Combined TRACON& Tower with Radar,10,27,28,4,69,0,0,43,6,49,10,27,71,10,118,56,0,56,174
07/07/2022,GTF,MT,ANM,WE,Combined TRACON& Tower with Radar,10,23,18,6,57,0,0,33,20,53,10,23,51,26,110,50,2,52,162
07/08/2022,GTF,MT,ANM,WE,Combined TRACON& Tower with Radar,9,30,15,0,54,0,0,41,2,43,9,30,56,2,97,66,0,66,163
07/09/2022,GTF,MT,ANM,WE,Combined TRACON& Tower with Radar,8,23,13,2,46,0,0,20,0,20,8,23,33,2,66,10,0,10,76
07/10/2022,GTF,MT,ANM,WE,Combined TRACON& Tower with Radar,7,18,12,2,39,0,0,15,0,15,7,18,27,2,54,16,0,16,70
07/11/2022,GTF,MT,ANM,WE,Combined TRACON& Tower with Radar,7,21,21,4,53,0,1,24,5,30,7,22,45,9,83,58,12,70,153
07/12/2022,GTF,MT,ANM,WE,Combined TRACON& Tower with Radar,10,28,26,6,70,0,1,41,8,50,10,29,67,14,120,16,24,40,160
07/13/2022,GTF,MT,ANM,WE,Combined TRACON& Tower with Radar,10,38,17,2,67,0,3,23,6,32,10,41,40,8,99,26,0,26,125
07/14/2022,GTF,MT,ANM,WE,Combined TRACON& Tower with Radar,10,28,21,5,64,0,1,27,5,33,10,29,48,10,97,40,4,44,141
07/15/2022,GTF,MT,ANM,WE,Combined TRACON& Tower with Radar,8,30,10,2,50,0,0,26,4,30,8,30,36,6,80,14,0,14,94
07/16/2022,GTF,MT,ANM,WE,Combined TRACON& Tower with Radar,10,20,14,0,44,0,1,28,2,31,10,21,42,2,75,20,0,20,95
07/17/2022,GTF,MT,ANM,WE,Combined TRACON& Tower with Radar,9,13,19,7,48,0,0,25,0,25,9,13,44,7,73,4,0,4,77
07/18/2022,GTF,MT,ANM,WE,Combined TRACON& Tower with Radar,7,21,21,5,54,0,1,8,2,11,7,22,29,7,65,8,0,8,73
07/19/2022,GTF,MT,ANM,WE,Combined TRACON& Tower with Radar,10,28,20,7,65,0,0,36,7,43,10,28,56,14,108,67,4,71,179
07/20/2022,GTF,MT,ANM,WE,Combined TRACON& Tower with Radar,10,23,15,7,55,0,0,41,8,49,10,23,56,15,104,32,0,32,136
07/21/2022,GTF,MT,ANM,WE,Combined TRACON& Tower with Radar,10,22,30,13,75,0,3,46,14,63,10,25,76,27,138,40,10,50,188
07/22/2022,GTF,MT,ANM,WE,Combined TRACON& Tower with Radar,10,34,4,0,48,0,3,17,20,40,10,37,21,20,88,18,0,18,106
07/23/2022,GTF,MT,ANM,WE,Combined TRACON& Tower with Radar,10,21,5,0,36,0,1,36,9,46,10,22,41,9,82,4,0,4,86
07/24/2022,GTF,MT,ANM,WE,Combined TRACON& Tower with Radar,7,17,6,6,36,0,1,33,16,50,7,18,39,22,86,0,0,0,86
07/25/2022,GTF,MT,ANM,WE,Combined TRACON& Tower with Radar,7,18,20,6,51,0,5,39,9,53,7,23,59,15,104,81,0,81,185
07/26/2022,GTF,MT,ANM,WE,Combined TRACON& Tower with Radar,10,22,19,12,63,0,0,21,5,26,10,22,40,17,89,33,0,33,122
07/27/2022,GTF,MT,ANM,WE,Combined TRACON& Tower with Radar,10,25,18,0,53,0,0,38,2,40,10,25,56,2,93,76,0,76,169
07/28/2022,GTF,MT,ANM,WE,Combined TRACON& Tower with Radar,10,25,24,3,62,0,0,33,2,35,10,25,57,5,97,36,0,36,133
07/29/2022,GTF,MT,ANM,WE,Combined TRACON& Tower with Radar,10,34,21,1,66,0,0,36,3,39,10,34,57,4,105,32,0,32,137
07/30/2022,GTF,MT,ANM,WE,Combined TRACON& Tower with Radar,8,13,9,1,31,0,1,24,0,25,8,14,33,1,56,20,0,20,76
07/31/2022,GTF,MT,ANM,WE,Combined TRACON& Tower with Radar,4,12,7,2,25,0,1,31,0,32,4,13,38,2,57,20,0,20,77
08/01/2022,GTF,MT,ANM,WE,Combined TRACON& Tower with Radar,8,19,18,2,47,0,0,21,3,24,8,19,39,5,71,20,0,20,91
08/02/2022,GTF,MT,ANM,WE,Combined TRACON& Tower with Radar,12,24,13,6,55,0,0,6,6,12,12,24,19,12,67,6,0,6,73
08/03/2022,GTF,MT,ANM,WE,Combined TRACON& Tower with Radar,10,29,11,6,56,0,0,17,7,24,10,29,28,13,80,32,2,34,114
08/04/2022,GTF,MT,ANM,WE,Combined TRACON& Tower with Radar,10,31,15,0,56,0,4,19,2,25,10,35,34,2,81,66,0,66,147
08/05/2022,GTF,MT,ANM,WE,Combined TRACON& Tower with Radar,12,27,23,4,66,0,1,29,5,35,12,28,52,9,101,58,4,62,163
08/06/2022,GTF,MT,ANM,WE,Combined TRACON& Tower with Radar,9,20,9,0,38,0,0,17,2,19,9,20,26,2,57,18,0,18,75
08/07/2022,GTF,MT,ANM,WE,Combined TRACON& Tower with Radar,6,16,10,0,32,0,0,17,0,17,6,16,27,0,49,34,0,34,83
08/08/2022,GTF,MT,ANM,WE,Combined TRACON& Tower with Radar,5,19,14,4,42,0,0,17,12,29,5,19,31,16,71,32,10,42,113
08/09/2022,GTF,MT,ANM,WE,Combined TRACON& Tower with Radar,11,32,13,9,65,0,4,36,7,47,11,36,49,16,112,54,0,54,166
08/10/2022,GTF,MT,ANM,WE,Combined TRACON& Tower with Radar,11,34,23,0,68,0,1,25,4,30,11,35,48,4,98,62,0,62,160
08/11/2022,GTF,MT,ANM,WE,Combined TRACON& Tower with Radar,10,43,21,1,75,0,0,14,6,20,10,43,35,7,95,30,0,30,125
08/12/2022,GTF,MT,ANM,WE,Combined TRACON& Tower with Radar,12,30,8,2,52,0,0,23,4,27,12,30,31,6,79,56,0,56,135
08/13/2022,GTF,MT,ANM,WE,Combined TRACON& Tower with Radar,8,23,8,3,42,0,0,16,3,19,8,23,24,6,61,0,0,0,61
08/14/2022,GTF,MT,ANM,WE,Combined TRACON& Tower with Radar,7,18,7,1,33,0,0,22,0,22,7,18,29,1,55,0,0,0,55
08/15/2022,GTF,MT,ANM,WE,Combined TRACON& Tower with Radar,7,18,20,25,70,0,0,29,6,35,7,18,49,31,105,66,34,100,205
08/16/2022,GTF,MT,ANM,WE,Combined TRACON& Tower with Radar,10,26,15,16,67,0,0,38,2,40,10,26,53,18,107,44,12,56,163
08/17/2022,GTF,MT,ANM,WE,Combined TRACON& Tower with Radar,10,24,10,6,50,0,2,21,10,33,10,26,31,16,83,16,10,26,109
08/18/2022,GTF,MT,ANM,WE,Combined TRACON& Tower with Radar,10,27,28,10,75,0,1,35,6,42,10,28,63,16,117,50,18,68,185
08/19/2022,GTF,MT,ANM,WE,Combined TRACON& Tower with Radar,10,31,8,9,58,0,1,19,0,20,10,32,27,9,78,66,0,66,144
08/20/2022,GTF,MT,ANM,WE,Combined TRACON& Tower with Radar,8,19,14,1,42,0,1,24,1,26,8,20,38,2,68,4,0,4,72
08/21/2022,GTF,MT,ANM,WE,Combined TRACON& Tower with Radar,7,21,15,1,44,0,0,17,0,17,7,21,32,1,61,0,0,0,61
08/22/2022,GTF,MT,ANM,WE,Combined TRACON& Tower with Radar,7,20,16,2,45,0,1,25,5,31,7,21,41,7,76,2,0,2,78
08/23/2022,GTF,MT,ANM,WE,Combined TRACON& Tower with Radar,10,38,10,6,64,0,1,21,4,26,10,39,31,10,90,28,4,32,122
08/24/2022,GTF,MT,ANM,WE,Combined TRACON& Tower with Radar,10,25,12,1,48,0,1,6,1,8,10,26,18,2,56,8,0,8,64
08/25/2022,GTF,MT,ANM,WE,Combined TRACON& Tower with Radar,11,29,20,1,61,0,0,21,7,28,11,29,41,8,89,50,0,50,139
08/26/2022,GTF,MT,ANM,WE,Combined TRACON& Tower with Radar,11,27,15,6,59,0,0,17,9,26,11,27,32,15,85,30,12,42,127
08/27/2022,GTF,MT,ANM,WE,Combined TRACON& Tower with Radar,8,25,16,4,53,0,0,15,0,15,8,25,31,4,68,0,0,0,68
08/28/2022,GTF,MT,ANM,WE,Combined TRACON& Tower with Radar,7,17,15,1,40,0,0,15,0,15,7,17,30,1,55,0,0,0,55
08/29/2022,GTF,MT,ANM,WE,Combined TRACON& Tower with Radar,7,21,15,9,52,0,1,20,3,24,7,22,35,12,76,36,16,52,128
08/30/2022,GTF,MT,ANM,WE,Combined TRACON& Tower with Radar,12,23,7,7,49,0,1,18,6,25,12,24,25,13,74,44,28,72,146
08/31/2022,GTF,MT,ANM,WE,Combined TRACON& Tower with Radar,10,32,8,9,59,0,2,29,10,41,10,34,37,19,100,40,0,40,140
09/01/2022,GTF,MT,ANM,WE,Combined TRACON& Tower with Radar,12,28,14,10,64,0,0,40,7,47,12,28,54,17,111,32,16,48,159
09/02/2022,GTF,MT,ANM,WE,Combined TRACON& Tower with Radar,10,29,7,0,46,0,1,13,0,14,10,30,20,0,60,0,0,0,60
09/03/2022,GTF,MT,ANM,WE,Combined TRACON& Tower with Radar,8,18,3,0,29,0,1,25,0,26,8,19,28,0,55,32,0,32,87
09/04/2022,GTF,MT,ANM,WE,Combined TRACON& Tower with Radar,7,8,7,4,26,0,0,9,0,9,7,8,16,4,35,10,0,10,45
09/05/2022,GTF,MT,ANM,WE,Combined TRACON& Tower with Radar,8,10,13,0,31,0,0,16,1,17,8,10,29,1,48,16,0,16,64
09/06/2022,GTF,MT,ANM,WE,Combined TRACON& Tower with Radar,8,25,13,10,56,0,0,30,2,32,8,25,43,12,88,34,20,54,142
09/07/2022,GTF,MT,ANM,WE,Combined TRACON& Tower with Radar,14,29,10,4,57,0,0,18,2,20,14,29,28,6,77,14,0,14,91
09/08/2022,GTF,MT,ANM,WE,Combined TRACON& Tower with Radar,14,25,21,17,77,0,1,25,7,33,14,26,46,24,110,16,20,36,146
09/09/2022,GTF,MT,ANM,WE,Combined TRACON& Tower with Radar,13,25,12,5,55,0,0,22,2,24,13,25,34,7,79,32,6,38,117
09/10/2022,GTF,MT,ANM,WE,Combined TRACON& Tower with Radar,8,16,6,1,31,0,0,35,2,37,8,16,41,3,68,20,0,20,88
09/11/2022,GTF,MT,ANM,WE,Combined TRACON& Tower with Radar,9,14,22,3,48,0,0,17,4,21,9,14,39,7,69,6,6,12,81
09/12/2022,GTF,MT,ANM,WE,Combined TRACON& Tower with Radar,12,21,24,11,68,0,1,24,4,29,12,22,48,15,97,92,0,92,189
09/13/2022,GTF,MT,ANM,WE,Combined TRACON& Tower with Radar,14,26,20,11,71,0,0,30,8,38,14,26,50,19,109,54,0,54,163
09/14/2022,GTF,MT,ANM,WE,Combined TRACON& Tower with Radar,14,21,27,1,63,0,0,15,6,21,14,21,42,7,84,12,0,12,96
09/15/2022,GTF,MT,ANM,WE,Combined TRACON& Tower with Radar,16,27,10,5,58,0,0,32,5,37,16,27,42,10,95,20,0,20,115
09/16/2022,GTF,MT,ANM,WE,Combined TRACON& Tower with Radar,14,25,14,6,59,0,0,11,2,13,14,25,25,8,72,48,0,48,120
09/17/2022,GTF,MT,ANM,WE,Combined TRACON& Tower with Radar,10,16,14,0,40,0,0,17,0,17,10,16,31,0,57,22,0,22,79
09/18/2022,GTF,MT,ANM,WE,Combined TRACON& Tower with Radar,9,9,12,0,30,0,0,10,0,10,9,9,22,0,40,16,0,16,56
09/19/2022,GTF,MT,ANM,WE,Combined TRACON& Tower with Radar,11,21,32,1,65,0,0,5,3,8,11,21,37,4,73,8,0,8,81
09/20/2022,GTF,MT,ANM,WE,Combined TRACON& Tower with Radar,14,38,34,12,98,0,0,16,8,24,14,38,50,20,122,58,6,64,186
09/21/2022,GTF,MT,ANM,WE,Combined TRACON& Tower with Radar,14,28,15,3,60,0,0,31,7,38,14,28,46,10,98,30,0,30,128
09/22/2022,GTF,MT,ANM,WE,Combined TRACON& Tower with Radar,14,32,11,6,63,0,0,13,14,27,14,32,24,20,90,28,18,46,136
09/23/2022,GTF,MT,ANM,WE,Combined TRACON& Tower with Radar,14,31,9,1,55,0,0,11,1,12,14,31,20,2,67,28,0,28,95
09/24/2022,GTF,MT,ANM,WE,Combined TRACON& Tower with Radar,8,14,9,1,32,0,0,20,1,21,8,14,29,2,53,14,0,14,67
09/25/2022,GTF,MT,ANM,WE,Combined TRACON& Tower with Radar,9,12,7,0,28,0,0,38,0,38,9,12,45,0,66,18,0,18,84
09/26/2022,GTF,MT,ANM,WE,Combined TRACON& Tower with Radar,11,18,9,5,43,0,0,30,5,35,11,18,39,10,78,32,0,32,110
09/27/2022,GTF,MT,ANM,WE,Combined TRACON& Tower with Radar,14,26,6,46,92,0,1,22,11,34,14,27,28,57,126,42,30,72,198
09/28/2022,GTF,MT,ANM,WE,Combined TRACON& Tower with Radar,14,22,11,5,52,0,0,23,4,27,14,22,34,9,79,58,0,58,137
09/29/2022,GTF,MT,ANM,WE,Combined TRACON& Tower with Radar,14,22,9,3,48,0,0,12,3,15,14,22,21,6,63,8,0,8,71
09/30/2022,GTF,MT,ANM,WE,Combined TRACON& Tower with Radar,14,27,2,0,43,0,0,2,2,4,14,27,4,2,47,0,0,0,47
10/01/2022,GTF,MT,ANM,WE,Combined TRACON& Tower with Radar,10,19,9,0,38,0,0,1,0,1,10,19,10,0,39,0,0,0,39
10/02/2022,GTF,MT,ANM,WE,Combined TRACON& Tower with Radar,11,11,16,0,38,0,0,7,0,7,11,11,23,0,45,46,0,46,91
10/03/2022,GTF,MT,ANM,WE,Combined TRACON& Tower with Radar,11,26,22,3,62,0,2,20,7,29,11,28,42,10,91,48,12,60,151
10/04/2022,GTF,MT,ANM,WE,Combined TRACON& Tower with Radar,14,24,14,0,52,0,3,32,6,41,14,27,46,6,93,70,0,70,163
10/05/2022,GTF,MT,ANM,WE,Combined TRACON& Tower with Radar,15,23,18,5,61,0,1,26,11,38,15,24,44,16,99,68,0,68,167
10/06/2022,GTF,MT,ANM,WE,Combined TRACON& Tower with Radar,22,18,14,5,59,0,0,25,5,30,22,18,39,10,89,0,0,0,89
10/07/2022,GTF,MT,ANM,WE,Combined TRACON& Tower with Radar,20,28,20,2,70,0,1,16,2,19,20,29,36,4,89,8,0,8,97
10/08/2022,GTF,MT,ANM,WE,Combined TRACON& Tower with Radar,14,22,13,0,49,0,1,35,0,36,14,23,48,0,85,24,0,24,109
10/09/2022,GTF,MT,ANM,WE,Combined TRACON& Tower with Radar,19,5,5,0,29,0,2,17,0,19,19,7,22,0,48,0,0,0,48
10/10/2022,GTF,MT,ANM,WE,Combined TRACON& Tower with Radar,17,8,21,0,46,0,0,13,0,13,17,8,34,0,59,0,0,0,59
10/11/2022,GTF,MT,ANM,WE,Combined TRACON& Tower with Radar,16,19,18,5,58,0,0,30,5,35,16,19,48,10,93,0,0,0,93
10/12/2022,GTF,MT,ANM,WE,Combined TRACON& Tower with Radar,20,21,23,6,70,0,0,29,5,34,20,21,52,11,104,0,0,0,104
10/13/2022,GTF,MT,ANM,WE,Combined TRACON& Tower with Radar,22,18,8,0,48,0,0,22,3,25,22,18,30,3,73,0,0,0,73
10/14/2022,GTF,MT,ANM,WE,Combined TRACON& Tower with Radar,20,25,17,6,68,0,0,34,6,40,20,25,51,12,108,0,0,0,108
10/15/2022,GTF,MT,ANM,WE,Combined TRACON& Tower with Radar,14,15,9,1,39,0,0,18,0,18,14,15,27,1,57,0,0,0,57
10/16/2022,GTF,MT,ANM,WE,Combined TRACON& Tower with Radar,21,5,3,1,30,0,0,27,0,27,21,5,30,1,57,0,0,0,57
10/17/2022,GTF,MT,ANM,WE,Combined TRACON& Tower with Radar,17,7,6,12,42,0,0,25,4,29,17,7,31,16,71,0,0,0,71
10/18/2022,GTF,MT,ANM,WE,Combined TRACON& Tower with Radar,18,17,6,2,43,0,0,23,2,25,18,17,29,4,68,28,0,28,96
10/19/2022,GTF,MT,ANM,WE,Combined TRACON& Tower with Radar,18,17,17,2,54,0,2,39,6,47,18,19,56,8,101,46,0,46,147
10/20/2022,GTF,MT,ANM,WE,Combined TRACON& Tower with Radar,24,23,12,4,63,0,0,22,10,32,24,23,34,14,95,30,0,30,125
10/21/2022,GTF,MT,ANM,WE,Combined TRACON& Tower with Radar,20,24,14,0,58,0,0,12,0,12,20,24,26,0,70,6,0,6,76
10/22/2022,GTF,MT,ANM,WE,Combined TRACON& Tower with Radar,14,11,3,0,28,0,0,0,0,0,14,11,3,0,28,0,0,0,28
10/23/2022,GTF,MT,ANM,WE,Combined TRACON& Tower with Radar,19,10,0,0,29,0,0,0,0,0,19,10,0,0,29,0,0,0,29
10/24/2022,GTF,MT,ANM,WE,Combined TRACON& Tower with Radar,19,7,5,2,33,0,1,4,2,7,19,8,9,4,40,24,0,24,64
10/25/2022,GTF,MT,ANM,WE,Combined TRACON& Tower with Radar,18,22,14,0,54,0,0,3,0,3,18,22,17,0,57,36,0,36,93
10/26/2022,GTF,MT,ANM,WE,Combined TRACON& Tower with Radar,17,17,14,8,56,0,0,24,8,32,17,17,38,16,88,0,0,0,88
10/27/2022,GTF,MT,ANM,WE,Combined TRACON& Tower with Radar,25,15,16,6,62,0,0,2,8,10,25,15,18,14,72,0,0,0,72
10/28/2022,GTF,MT,ANM,WE,Combined TRACON& Tower with Radar,20,18,5,0,43,0,0,11,0,11,20,18,16,0,54,4,0,4,58
10/29/2022,GTF,MT,ANM,WE,Combined TRACON& Tower with Radar,14,12,10,0,36,0,0,9,0,9,14,12,19,0,45,10,0,10,55
10/30/2022,GTF,MT,ANM,WE,Combined TRACON& Tower with Radar,15,3,6,0,24,0,0,3,0,3,15,3,9,0,27,0,0,0,27
10/31/2022,GTF,MT,ANM,WE,Combined TRACON& Tower with Radar,13,15,12,3,43,0,1,9,3,13,13,16,21,6,56,0,0,0,56
11/01/2022,GTF,MT,ANM,WE,Combined TRACON& Tower with Radar,16,19,8,23,66,0,0,22,9,31,16,19,30,32,97,53,24,77,174
11/02/2022,GTF,MT,ANM,WE,Combined TRACON& Tower with Radar,16,15,6,1,38,0,0,0,1,1,16,15,6,2,39,0,0,0,39
11/03/2022,GTF,MT,ANM,WE,Combined TRACON& Tower with Radar,20,26,5,2,53,0,0,24,4,28,20,26,29,6,81,88,0,88,169
11/04/2022,GTF,MT,ANM,WE,Combined TRACON& Tower with Radar,18,12,1,0,31,0,0,5,4,9,18,12,6,4,40,0,0,0,40
11/05/2022,GTF,MT,ANM,WE,Combined TRACON& Tower with Radar,10,8,1,1,20,0,0,2,0,2,10,8,3,1,22,0,0,0,22
11/06/2022,GTF,MT,ANM,WE,Combined TRACON& Tower with Radar,15,10,7,1,33,0,0,2,0,2,15,10,9,1,35,12,0,12,47
11/07/2022,GTF,MT,ANM,WE,Combined TRACON& Tower with Radar,13,14,7,1,35,0,0,0,1,1,13,14,7,2,36,0,0,0,36
11/08/2022,GTF,MT,ANM,WE,Combined TRACON& Tower with Radar,15,24,6,0,45,0,0,0,0,0,15,24,6,0,45,30,32,62,107
11/09/2022,GTF,MT,ANM,WE,Combined TRACON& Tower with Radar,17,9,0,1,27,0,0,0,0,0,17,9,0,1,27,0,0,0,27
11/10/2022,GTF,MT,ANM,WE,Combined TRACON& Tower with Radar,20,20,7,5,52,0,0,15,5,20,20,20,22,10,72,0,0,0,72
11/11/2022,GTF,MT,ANM,WE,Combined TRACON& Tower with Radar,18,20,16,0,54,0,1,31,0,32,18,21,47,0,86,63,0,63,149
11/12/2022,GTF,MT,ANM,WE,Combined TRACON& Tower with Radar,12,18,2,0,32,0,0,13,0,13,12,18,15,0,45,48,0,48,93
11/13/2022,GTF,MT,ANM,WE,Combined TRACON& Tower with Radar,17,6,4,0,27,0,0,3,2,5,17,6,7,2,32,16,0,16,48
11/14/2022,GTF,MT,ANM,WE,Combined TRACON& Tower with Radar,15,16,5,6,42,0,0,5,6,11,15,16,10,12,53,0,0,0,53
11/15/2022,GTF,MT,ANM,WE,Combined TRACON& Tower with Radar,16,18,9,14,57,0,1,21,9,31,16,19,30,23,88,48,16,64,152
11/16/2022,GTF,MT,ANM,WE,Combined TRACON& Tower with Radar,14,25,14,4,57,0,0,10,2,12,14,25,24,6,69,8,0,8,77
11/17/2022,GTF,MT,ANM,WE,Combined TRACON& Tower with Radar,18,20,4,11,53,0,0,9,0,9,18,20,13,11,62,42,0,42,104
11/18/2022,GTF,MT,ANM,WE,Combined TRACON& Tower with Radar,20,20,7,4,51,0,5,6,2,13,20,25,13,6,64,10,0,10,74
11/19/2022,GTF,MT,ANM,WE,Combined TRACON& Tower with Radar,12,12,3,0,27,0,0,11,0,11,12,12,14,0,38,18,0,18,56
11/20/2022,GTF,MT,ANM,WE,Combined TRACON& Tower with Radar,17,1,8,0,26,0,0,7,0,7,17,1,15,0,33,4,0,4,37
11/21/2022,GTF,MT,ANM,WE,Combined TRACON& Tower with Radar,13,13,13,9,48,0,0,13,5,18,13,13,26,14,66,34,10,44,110
11/22/2022,GTF,MT,ANM,WE,Combined TRACON& Tower with Radar,18,26,20,5,69,0,0,14,4,18,18,26,34,9,87,20,0,20,107
11/23/2022,GTF,MT,ANM,WE,Combined TRACON& Tower with Radar,20,22,6,4,52,0,0,2,4,6,20,22,8,8,58,0,0,0,58
11/24/2022,GTF,MT,ANM,WE,Combined TRACON& Tower with Radar,6,4,2,0,12,0,0,0,0,0,6,4,2,0,12,0,0,0,12
11/25/2022,GTF,MT,ANM,WE,Combined TRACON& Tower with Radar,14,13,6,0,33,0,0,2,0,2,14,13,8,0,35,0,0,0,35
11/26/2022,GTF,MT,ANM,WE,Combined TRACON& Tower with Radar,16,11,4,0,31,0,0,2,0,2,16,11,6,0,33,6,0,6,39
11/27/2022,GTF,MT,ANM,WE,Combined TRACON& Tower with Radar,17,15,3,0,35,0,0,3,0,3,17,15,6,0,38,0,0,0,38
11/28/2022,GTF,MT,ANM,WE,Combined TRACON& Tower with Radar,13,10,15,2,40,0,0,0,0,0,13,10,15,2,40,26,10,36,76
11/29/2022,GTF,MT,ANM,WE,Combined TRACON& Tower with Radar,16,29,9,9,63,0,2,11,1,14,16,31,20,10,77,12,0,12,89
11/30/2022,GTF,MT,ANM,WE,Combined TRACON& Tower with Radar,16,22,18,3,59,0,0,15,7,22,16,22,33,10,81,30,0,30,111
12/01/2022,GTF,MT,ANM,WE,Combined TRACON& Tower with Radar,20,22,6,2,50,0,0,1,0,1,20,22,7,2,51,8,0,8,59
12/02/2022,GTF,MT,ANM,WE,Combined TRACON& Tower with Radar,19,19,12,5,55,0,0,9,5,14,19,19,21,10,69,0,0,0,69
12/03/2022,GTF,MT,ANM,WE,Combined TRACON& Tower with Radar,12,14,2,1,29,0,6,13,0,19,12,20,15,1,48,20,0,20,68
12/04/2022,GTF,MT,ANM,WE,Combined TRACON& Tower with Radar,21,4,6,1,32,0,0,12,0,12,21,4,18,1,44,6,0,6,50
12/05/2022,GTF,MT,ANM,WE,Combined TRACON& Tower with Radar,15,14,9,3,41,0,0,5,3,8,15,14,14,6,49,16,0,16,65
12/06/2022,GTF,MT,ANM,WE,Combined TRACON& Tower with Radar,16,24,7,2,49,0,0,0,2,2,16,24,7,4,51,0,0,0,51
12/07/2022,GTF,MT,ANM,WE,Combined TRACON& Tower with Radar,16,20,9,12,57,0,0,13,3,16,16,20,22,15,73,30,10,40,113
12/08/2022,GTF,MT,ANM,WE,Combined TRACON& Tower with Radar,22,24,9,17,72,0,0,8,19,27,22,24,17,36,99,54,36,90,189
12/09/2022,GTF,MT,ANM,WE,Combined TRACON& Tower with Radar,18,22,6,8,54,0,0,9,6,15,18,22,15,14,69,104,0,104,173
12/10/2022,GTF,MT,ANM,WE,Combined TRACON& Tower with Radar,14,11,7,2,34,0,2,17,0,19,14,13,24,2,53,6,0,6,59
12/11/2022,GTF,MT,ANM,WE,Combined TRACON& Tower with Radar,19,5,2,0,26,0,0,8,0,8,19,5,10,0,34,28,0,28,62
12/12/2022,GTF,MT,ANM,WE,Combined TRACON& Tower with Radar,17,18,8,0,43,0,0,3,0,3,17,18,11,0,46,16,0,16,62
12/13/2022,GTF,MT,ANM,WE,Combined TRACON& Tower with Radar,16,23,11,22,72,0,0,15,2,17,16,23,26,24,89,64,2,66,155
12/14/2022,GTF,MT,ANM,WE,Combined TRACON& Tower with Radar,16,22,6,0,44,0,0,0,2,2,16,22,6,2,46,0,0,0,46
12/15/2022,GTF,MT,ANM,WE,Combined TRACON& Tower with Radar,18,27,12,7,64,0,0,6,7,13,18,27,18,14,77,4,26,30,107
12/16/2022,GTF,MT,ANM,WE,Combined TRACON& Tower with Radar,18,27,12,9,66,0,0,16,4,20,18,27,28,13,86,22,4,26,112
12/17/2022,GTF,MT,ANM,WE,Combined TRACON& Tower with Radar,16,15,10,1,42,0,0,4,0,4,16,15,14,1,46,4,0,4,50
12/18/2022,GTF,MT,ANM,WE,Combined TRACON& Tower with Radar,13,6,6,0,25,0,0,1,0,1,13,6,7,0,26,0,0,0,26
12/19/2022,GTF,MT,ANM,WE,Combined TRACON& Tower with Radar,15,14,12,3,44,0,0,0,2,2,15,14,12,5,46,0,0,0,46
12/20/2022,GTF,MT,ANM,WE,Combined TRACON& Tower with Radar,14,20,6,0,40,0,0,0,0,0,14,20,6,0,40,0,0,0,40
12/21/2022,GTF,MT,ANM,WE,Combined TRACON& Tower with Radar,11,21,21,0,53,0,0,0,0,0,11,21,21,0,53,0,0,0,53
12/22/2022,GTF,MT,ANM,WE,Combined TRACON& Tower with Radar,21,20,4,1,46,0,0,3,1,4,21,20,7,2,50,0,0,0,50
12/23/2022,GTF,MT,ANM,WE,Combined TRACON& Tower with Radar,12,23,4,0,39,0,0,3,0,3,12,23,7,0,42,0,0,0,42
12/24/2022,GTF,MT,ANM,WE,Combined TRACON& Tower with Radar,16,12,4,0,32,0,0,4,0,4,16,12,8,0,36,0,0,0,36
12/25/2022,GTF,MT,ANM,WE,Combined TRACON& Tower with Radar,10,6,4,0,20,0,0,1,0,1,10,6,5,0,21,0,0,0,21
12/26/2022,GTF,MT,ANM,WE,Combined TRACON& Tower with Radar,20,13,14,0,47,0,0,3,0,3,20,13,17,0,50,24,0,24,74
12/27/2022,GTF,MT,ANM,WE,Combined TRACON& Tower with Radar,22,19,8,2,51,0,0,5,4,9,22,19,13,6,60,6,0,6,66
12/28/2022,GTF,MT,ANM,WE,Combined TRACON& Tower with Radar,20,22,5,15,62,0,0,2,3,5,20,22,7,18,67,0,12,12,79
12/29/2022,GTF,MT,ANM,WE,Combined TRACON& Tower with Radar,22,18,11,0,51,0,0,15,2,17,22,18,26,2,68,24,0,24,92
12/30/2022,GTF,MT,ANM,WE,Combined TRACON& Tower with Radar,16,23,9,0,48,0,0,9,2,11,16,23,18,2,59,16,0,16,75
12/31/2022,GTF,MT,ANM,WE,Combined TRACON& Tower with Radar,17,14,5,0,36,0,0,4,0,4,17,14,9,0,40,36,0,36,76
01/01/2023,GTF,MT,ANM,WE,Combined TRACON& Tower with Radar,10,6,0,0,16,0,0,13,0,13,10,6,13,0,29,44,0,44,73
01/02/2023,GTF,MT,ANM,WE,Combined TRACON& Tower with Radar,12,5,10,0,27,0,0,18,0,18,12,5,28,0,45,14,0,14,59
01/03/2023,GTF,MT,ANM,WE,Combined TRACON& Tower with Radar,17,11,10,2,40,0,0,10,4,14,17,11,20,6,54,12,0,12,66
01/04/2023,GTF,MT,ANM,WE,Combined TRACON& Tower with Radar,18,19,11,10,58,0,0,19,6,25,18,19,30,16,83,30,20,50,133
01/05/2023,GTF,MT,ANM,WE,Combined TRACON& Tower with Radar,22,16,22,19,79,0,0,24,4,28,22,16,46,23,107,72,32,104,211
01/06/2023,GTF,MT,ANM,WE,Combined TRACON& Tower with Radar,20,22,6,4,52,0,0,16,0,16,20,22,22,4,68,30,8,38,106
01/07/2023,GTF,MT,ANM,WE,Combined TRACON& Tower with Radar,14,14,4,3,35,0,0,18,2,20,14,14,22,5,55,8,0,8,63
01/08/2023,GTF,MT,ANM,WE,Combined TRACON& Tower with Radar,17,7,3,2,29,0,0,6,1,7,17,7,9,3,36,4,0,4,40
01/09/2023,GTF,MT,ANM,WE,Combined TRACON& Tower with Radar,17,8,6,14,45,0,1,15,7,23,17,9,21,21,68,18,0,18,86
01/10/2023,GTF,MT,ANM,WE,Combined TRACON& Tower with Radar,18,17,6,11,52,0,0,16,17,33,18,17,22,28,85,28,8,36,121
01/11/2023,GTF,MT,ANM,WE,Combined TRACON& Tower with Radar,18,16,7,7,48,0,0,21,11,32,18,16,28,18,80,40,18,58,138
01/12/2023,GTF,MT,ANM,WE,Combined TRACON& Tower with Radar,22,18,16,30,86,0,0,10,3,13,22,18,26,33,99,10,8,18,117
01/13/2023,GTF,MT,ANM,WE,Combined TRACON& Tower with Radar,18,17,9,5,49,0,2,25,3,30,18,19,34,8,79,30,0,30,109
01/14/2023,GTF,MT,ANM,WE,Combined TRACON& Tower with Radar,12,10,1,1,24,0,1,8,0,9,12,11,9,1,33,6,0,6,39
01/15/2023,GTF,MT,ANM,WE,Combined TRACON& Tower with Radar,15,5,6,1,27,0,0,18,0,18,15,5,24,1,45,60,0,60,105
01/16/2023,GTF,MT,ANM,WE,Combined TRACON& Tower with Radar,15,8,15,2,40,0,0,4,2,6,15,8,19,4,46,0,0,0,46
01/17/2023,GTF,MT,ANM,WE,Combined TRACON& Tower with Radar,17,16,16,5,54,0,1,11,9,21,17,17,27,14,75,48,18,66,141
01/18/2023,GTF,MT,ANM,WE,Combined TRACON& Tower with Radar,19,17,14,7,57,0,0,10,12,22,19,17,24,19,79,10,6,16,95
01/19/2023,GTF,MT,ANM,WE,Combined TRACON& Tower with Radar,20,13,10,5,48,0,0,9,5,14,20,13,19,10,62,18,10,28,90
01/20/2023,GTF,MT,ANM,WE,Combined TRACON& Tower with Radar,20,20,8,6,54,0,1,10,4,15,20,21,18,10,69,2,16,18,87
01/21/2023,GTF,MT,ANM,WE,Combined TRACON& Tower with Radar,12,16,6,0,34,0,0,4,0,4,12,16,10,0,38,0,0,0,38
01/22/2023,GTF,MT,ANM,WE,Combined TRACON& Tower with Radar,17,8,4,0,29,0,0,1,0,1,17,8,5,0,30,0,0,0,30
01/23/2023,GTF,MT,ANM,WE,Combined TRACON& Tower with Radar,15,18,7,11,51,0,0,8,7,15,15,18,15,18,66,0,20,20,86
01/24/2023,GTF,MT,ANM,WE,Combined TRACON& Tower with Radar,18,22,7,9,56,0,0,6,17,23,18,22,13,26,79,36,32,68,147
01/25/2023,GTF,MT,ANM,WE,Combined TRACON& Tower with Radar,18,17,13,13,61,0,0,8,7,15,18,17,21,20,76,18,12,30,106
01/26/2023,GTF,MT,ANM,WE,Combined TRACON& Tower with Radar,19,17,10,1,47,0,0,5,1,6,19,17,15,2,53,0,0,0,53
01/27/2023,GTF,MT,ANM,WE,Combined TRACON& Tower with Radar,19,17,0,0,36,0,0,0,0,0,19,17,0,0,36,0,0,0,36
01/28/2023,GTF,MT,ANM,WE,Combined TRACON& Tower with Radar,12,12,3,0,27,0,0,0,0,0,12,12,3,0,27,0,0,0,27
01/29/2023,GTF,MT,ANM,WE,Combined TRACON& Tower with Radar,16,2,8,0,26,0,0,5,0,5,16,2,13,0,31,0,0,0,31
01/30/2023,GTF,MT,ANM,WE,Combined TRACON& Tower with Radar,15,11,6,6,38,0,0,11,2,13,15,11,17,8,51,0,14,14,65
01/31/2023,GTF,MT,ANM,WE,Combined TRACON& Tower with Radar,16,26,6,4,52,0,0,9,3,12,16,26,15,7,64,14,0,14,78
02/01/2023,GTF,MT,ANM,WE,Combined TRACON& Tower with Radar,14,19,13,1,47,0,1,9,1,11,14,20,22,2,58,6,0,6,64
02/02/2023,GTF,MT,ANM,WE,Combined TRACON& Tower with Radar,18,16,23,3,60,0,1,18,4,23,18,17,41,7,83,22,2,24,107
02/03/2023,GTF,MT,ANM,WE,Combined TRACON& Tower with Radar,19,20,14,13,66,0,0,12,3,15,19,20,26,16,81,74,8,82,163
02/04/2023,GTF,MT,ANM,WE,Combined TRACON& Tower with Radar,15,13,7,2,37,0,1,4,0,5,15,14,11,2,42,4,0,4,46
02/05/2023,GTF,MT,ANM,WE,Combined TRACON& Tower with Radar,16,9,5,1,31,0,0,1,0,1,16,9,6,1,32,4,0,4,36
02/06/2023,GTF,MT,ANM,WE,Combined TRACON& Tower with Radar,15,13,5,5,38,0,0,7,4,11,15,13,12,9,49,12,8,20,69
02/07/2023,GTF,MT,ANM,WE,Combined TRACON& Tower with Radar,18,15,5,6,44,0,0,19,4,23,18,15,24,10,67,44,0,44,111
02/08/2023,GTF,MT,ANM,WE,Combined TRACON& Tower with Radar,18,16,4,6,44,0,0,2,4,6,18,16,6,10,50,6,0,6,56
02/09/2023,GTF,MT,ANM,WE,Combined TRACON& Tower with Radar,20,14,10,4,48,0,0,24,2,26,20,14,34,6,74,22,0,22,96
02/10/2023,GTF,MT,ANM,WE,Combined TRACON& Tower with Radar,18,19,7,12,56,0,0,14,3,17,18,19,21,15,73,18,0,18,91
02/11/2023,GTF,MT,ANM,WE,Combined TRACON& Tower with Radar,12,13,6,2,33,0,1,17,2,20,12,14,23,4,53,25,0,25,78
02/12/2023,GTF,MT,ANM,WE,Combined TRACON& Tower with Radar,15,2,7,0,24,0,0,5,0,5,15,2,12,0,29,0,0,0,29
02/13/2023,GTF,MT,ANM,WE,Combined TRACON& Tower with Radar,13,11,11,3,38,0,1,5,3,9,13,12,16,6,47,1,14,15,62
02/14/2023,GTF,MT,ANM,WE,Combined TRACON& Tower with Radar,16,20,16,10,62,0,0,8,6,14,16,20,24,16,76,36,16,52,128
02/15/2023,GTF,MT,ANM,WE,Combined TRACON& Tower with Radar,20,21,11,6,58,0,2,22,10,34,20,23,33,16,92,42,6,48,140
02/16/2023,GTF,MT,ANM,WE,Combined TRACON& Tower with Radar,20,18,15,5,58,0,2,13,11,26,20,20,28,16,84,36,6,42,126
02/17/2023,GTF,MT,ANM,WE,Combined TRACON& Tower with Radar,19,21,5,5,50,0,2,9,3,14,19,23,14,8,64,0,0,0,64
02/18/2023,GTF,MT,ANM,WE,Combined TRACON& Tower with Radar,14,14,0,0,28,0,0,3,0,3,14,14,3,0,31,0,0,0,31
02/19/2023,GTF,MT,ANM,WE,Combined TRACON& Tower with Radar,17,6,6,0,29,0,0,3,0,3,17,6,9,0,32,0,0,0,32
02/20/2023,GTF,MT,ANM,WE,Combined TRACON& Tower with Radar,17,16,4,0,37,0,0,0,0,0,17,16,4,0,37,40,0,40,77
02/21/2023,GTF,MT,ANM,WE,Combined TRACON& Tower with Radar,19,21,2,0,42,0,0,0,0,0,19,21,2,0,42,0,0,0,42
02/22/2023,GTF,MT,ANM,WE,Combined TRACON& Tower with Radar,19,20,11,1,51,0,0,0,0,0,19,20,11,1,51,0,0,0,51
02/23/2023,GTF,MT,ANM,WE,Combined TRACON& Tower with Radar,30,16,12,0,58,0,0,5,0,5,30,16,17,0,63,0,0,0,63
02/24/2023,GTF,MT,ANM,WE,Combined TRACON& Tower with Radar,22,21,12,0,55,0,1,6,0,7,22,22,18,0,62,6,0,6,68
02/25/2023,GTF,MT,ANM,WE,Combined TRACON& Tower with Radar,14,9,5,6,34,0,1,7,5,13,14,10,12,11,47,2,0,2,49
02/26/2023,GTF,MT,ANM,WE,Combined TRACON& Tower with Radar,19,9,10,1,39,0,0,18,1,19,19,9,28,2,58,24,2,26,84
02/27/2023,GTF,MT,ANM,WE,Combined TRACON& Tower with Radar,20,13,12,13,58,0,0,17,14,31,20,13,29,27,89,64,36,100,189
02/28/2023,GTF,MT,ANM,WE,Combined TRACON& Tower with Radar,19,28,12,5,64,0,0,17,11,28,19,28,29,16,92,50,20,70,162
03/01/2023,GTF,MT,ANM,WE,Combined TRACON& Tower with Radar,18,23,17,3,61,0,0,14,7,21,18,23,31,10,82,56,0,56,138
03/02/2023,GTF,MT,ANM,WE,Combined TRACON& Tower with Radar,21,24,16,11,72,0,0,9,15,24,21,24,25,26,96,6,24,30,126
03/03/2023,GTF,MT,ANM,WE,Combined TRACON& Tower with Radar,24,13,11,1,49,0,0,9,4,13,24,13,20,5,62,14,4,18,80
03/04/2023,GTF,MT,ANM,WE,Combined TRACON& Tower with Radar,14,11,6,5,36,0,0,25,3,28,14,11,31,8,64,12,4,16,80
03/05/2023,GTF,MT,ANM,WE,Combined TRACON& Tower with Radar,19,1,11,0,31,0,0,1,0,1,19,1,12,0,32,0,0,0,32
03/06/2023,GTF,MT,ANM,WE,Combined TRACON& Tower with Radar,18,8,10,1,37,0,0,0,1,1,18,8,10,2,38,12,0,12,50
03/07/2023,GTF,MT,ANM,WE,Combined TRACON& Tower with Radar,19,21,21,6,67,0,0,10,9,19,19,21,31,15,86,66,16,82,168
03/08/2023,GTF,MT,ANM,WE,Combined TRACON& Tower with Radar,20,13,8,3,44,0,0,1,0,1,20,13,9,3,45,47,0,47,92
03/09/2023,GTF,MT,ANM,WE,Combined TRACON& Tower with Radar,22,16,13,3,54,0,2,15,5,22,22,18,28,8,76,2,0,2,78
03/10/2023,GTF,MT,ANM,WE,Combined TRACON& Tower with Radar,21,12,6,1,40,0,0,1,0,1,21,12,7,1,41,0,0,0,41
03/11/2023,GTF,MT,ANM,WE,Combined TRACON& Tower with Radar,14,15,8,0,37,0,0,9,0,9,14,15,17,0,46,18,0,18,64
03/12/2023,GTF,MT,ANM,WE,Combined TRACON& Tower with Radar,19,1,4,2,26,0,0,17,0,17,19,1,21,2,43,16,0,16,59
03/13/2023,GTF,MT,ANM,WE,Combined TRACON& Tower with Radar,19,11,21,6,57,0,0,19,11,30,19,11,40,17,87,45,0,45,132
03/14/2023,GTF,MT,ANM,WE,Combined TRACON& Tower with Radar,18,19,17,15,69,0,2,11,2,15,18,21,28,17,84,16,0,16,100
03/15/2023,GTF,MT,ANM,WE,Combined TRACON& Tower with Radar,18,17,2,5,42,0,0,0,3,3,18,17,2,8,45,32,0,32,77
03/16/2023,GTF,MT,ANM,WE,Combined TRACON& Tower with Radar,20,24,15,1,60,0,1,27,6,34,20,25,42,7,94,30,0,30,124
03/17/2023,GTF,MT,ANM,WE,Combined TRACON& Tower with Radar,20,23,4,3,50,0,0,32,10,42,20,23,36,13,92,2,28,30,122
03/18/2023,GTF,MT,ANM,WE,Combined TRACON& Tower with Radar,14,17,12,1,44,0,0,19,0,19,14,17,31,1,63,4,12,16,79
03/19/2023,GTF,MT,ANM,WE,Combined TRACON& Tower with Radar,19,6,14,0,39,0,4,20,0,24,19,10,34,0,63,10,0,10,73
03/20/2023,GTF,MT,ANM,WE,Combined TRACON& Tower with Radar,17,20,18,21,76,0,0,3,2,5,17,20,21,23,81,22,26,48,129
03/21/2023,GTF,MT,ANM,WE,Combined TRACON& Tower with Radar,18,15,9,12,54,0,0,19,10,29,18,15,28,22,83,52,24,76,159
03/22/2023,GTF,MT,ANM,WE,Combined TRACON& Tower with Radar,18,20,21,15,74,0,2,17,9,28,18,22,38,24,102,57,24,81,183
03/23/2023,GTF,MT,ANM,WE,Combined TRACON& Tower with Radar,20,15,14,13,62,0,0,24,14,38,20,15,38,27,100,28,30,58,158
03/24/2023,GTF,MT,ANM,WE,Combined TRACON& Tower with Radar,19,19,19,0,57,0,0,10,2,12,19,19,29,2,69,56,0,56,125
03/25/2023,GTF,MT,ANM,WE,Combined TRACON& Tower with Radar,15,12,7,0,34,0,2,8,0,10,15,14,15,0,44,8,2,10,54
03/26/2023,GTF,MT,ANM,WE,Combined TRACON& Tower with Radar,19,8,5,0,32,0,0,3,0,3,19,8,8,0,35,8,0,8,43
03/27/2023,GTF,MT,ANM,WE,Combined TRACON& Tower with Radar,17,13,18,10,58,0,0,20,4,24,17,13,38,14,82,12,0,12,94
03/28/2023,GTF,MT,ANM,WE,Combined TRACON& Tower with Radar,18,16,11,11,56,0,0,9,9,18,18,16,20,20,74,90,22,112,186
03/29/2023,GTF,MT,ANM,WE,Combined TRACON& Tower with Radar,18,18,19,34,89,0,1,10,13,24,18,19,29,47,113,44,54,98,211
03/30/2023,GTF,MT,ANM,WE,Combined TRACON& Tower with Radar,20,12,10,7,49,0,0,1,0,1,20,12,11,7,50,0,0,0,50
03/31/2023,GTF,MT,ANM,WE,Combined TRACON& Tower with Radar,19,17,17,3,56,0,0,18,6,24,19,17,35,9,80,16,0,16,96
04/01/2023,GTF,MT,ANM,WE,Combined TRACON& Tower with Radar,13,13,11,1,38,0,0,2,4,6,13,13,13,5,44,4,0,4,48
04/02/2023,GTF,MT,ANM,WE,Combined TRACON& Tower with Radar,19,5,10,2,36,0,1,7,2,10,19,6,17,4,46,10,0,10,56
04/03/2023,GTF,MT,ANM,WE,Combined TRACON& Tower with Radar,17,11,16,8,52,0,0,11,10,21,17,11,27,18,73,84,32,116,189
04/04/2023,GTF,MT,ANM,WE,Combined TRACON& Tower with Radar,18,21,15,9,63,0,0,7,4,11,18,21,22,13,74,102,24,126,200
04/05/2023,GTF,MT,ANM,WE,Combined TRACON& Tower with Radar,18,21,14,14,67,0,0,21,14,35,18,21,35,28,102,26,26,52,154
04/06/2023,GTF,MT,ANM,WE,Combined TRACON& Tower with Radar,20,19,15,2,56,0,5,35,6,46,20,24,50,8,102,13,0,13,115
04/07/2023,GTF,MT,ANM,WE,Combined TRACON& Tower with Radar,20,23,7,23,73,0,0,23,4,27,20,23,30,27,100,16,10,26,126
04/08/2023,GTF,MT,ANM,WE,Combined TRACON& Tower with Radar,14,23,7,0,44,0,0,8,0,8,14,23,15,0,52,0,0,0,52
04/09/2023,GTF,MT,ANM,WE,Combined TRACON& Tower with Radar,19,5,5,0,29,0,2,5,0,7,19,7,10,0,36,0,0,0,36
04/10/2023,GTF,MT,ANM,WE,Combined TRACON& Tower with Radar,17,14,5,7,43,0,0,15,11,26,17,14,20,18,69,10,0,10,79
04/11/2023,GTF,MT,ANM,WE,Combined TRACON& Tower with Radar,18,16,14,3,51,0,0,6,5,11,18,16,20,8,62,6,12,18,80
04/12/2023,GTF,MT,ANM,WE,Combined TRACON& Tower with Radar,20,27,14,7,68,0,2,13,5,20,20,29,27,12,88,68,10,78,166
04/13/2023,GTF,MT,ANM,WE,Combined TRACON& Tower with Radar,20,14,5,0,39,0,0,0,0,0,20,14,5,0,39,0,0,0,39
04/14/2023,GTF,MT,ANM,WE,Combined TRACON& Tower with Radar,20,23,10,1,54,0,0,13,2,15,20,23,23,3,69,74,0,74,143
04/15/2023,GTF,MT,ANM,WE,Combined TRACON& Tower with Radar,14,15,9,1,39,0,1,37,0,38,14,16,46,1,77,46,0,46,123
04/16/2023,GTF,MT,ANM,WE,Combined TRACON& Tower with Radar,21,6,7,1,35,0,0,21,0,21,21,6,28,1,56,28,0,28,84
04/17/2023,GTF,MT,ANM,WE,Combined TRACON& Tower with Radar,17,12,4,17,50,0,0,14,6,20,17,12,18,23,70,26,6,32,102
04/18/2023,GTF,MT,ANM,WE,Combined TRACON& Tower with Radar,18,16,10,4,48,0,0,1,6,7,18,16,11,10,55,20,8,28,83
04/19/2023,GTF,MT,ANM,WE,Combined TRACON& Tower with Radar,20,10,7,0,37,0,0,0,0,0,20,10,7,0,37,0,0,0,37
04/20/2023,GTF,MT,ANM,WE,Combined TRACON& Tower with Radar,20,22,6,0,48,0,0,1,0,1,20,22,7,0,49,0,0,0,49
04/21/2023,GTF,MT,ANM,WE,Combined TRACON& Tower with Radar,20,16,6,0,42,0,0,1,0,1,20,16,7,0,43,18,0,18,61
04/22/2023,GTF,MT,ANM,WE,Combined TRACON& Tower with Radar,14,12,6,2,34,0,2,24,2,28,14,14,30,4,62,26,0,26,88
04/23/2023,GTF,MT,ANM,WE,Combined TRACON& Tower with Radar,19,9,10,0,38,0,1,22,0,23,19,10,32,0,61,48,0,48,109
04/24/2023,GTF,MT,ANM,WE,Combined TRACON& Tower with Radar,17,14,12,0,43,0,0,12,0,12,17,14,24,0,55,44,0,44,99
04/25/2023,GTF,MT,ANM,WE,Combined TRACON& Tower with Radar,18,22,7,10,57,0,0,27,12,39,18,22,34,22,96,92,20,112,208
04/26/2023,GTF,MT,ANM,WE,Combined TRACON& Tower with Radar,18,25,15,11,69,0,0,19,9,28,18,25,34,20,97,52,12,64,161
04/27/2023,GTF,MT,ANM,WE,Combined TRACON& Tower with Radar,20,18,13,1,52,0,1,0,2,3,20,19,13,3,55,22,0,22,77
04/28/2023,GTF,MT,ANM,WE,Combined TRACON& Tower with Radar,20,18,3,0,41,0,3,27,5,35,20,21,30,5,76,60,0,60,136
04/29/2023,GTF,MT,ANM,WE,Combined TRACON& Tower with Radar,14,11,2,0,27,0,0,18,0,18,14,11,20,0,45,58,0,58,103
04/30/2023,GTF,MT,ANM,WE,Combined TRACON& Tower with Radar,19,7,3,0,29,0,0,26,8,34,19,7,29,8,63,14,0,14,77
05/01/2023,GTF,MT,ANM,WE,Combined TRACON& Tower with Radar,17,14,14,6,51,0,0,30,19,49,17,14,44,25,100,58,12,70,170
05/02/2023,GTF,MT,ANM,WE,Combined TRACON& Tower with Radar,18,21,14,15,68,0,0,25,23,48,18,21,39,38,116,46,28,74,190
05/03/2023,GTF,MT,ANM,WE,Combined TRACON& Tower with Radar,18,15,9,14,56,0,0,17,26,43,18,15,26,40,99,44,34,78,177
05/04/2023,GTF,MT,ANM,WE,Combined TRACON& Tower with Radar,22,19,5,7,53,0,0,25,17,42,22,19,30,24,95,44,8,52,147
05/05/2023,GTF,MT,ANM,WE,Combined TRACON& Tower with Radar,20,15,2,5,42,0,0,7,6,13,20,15,9,11,55,16,0,16,71
05/06/2023,GTF,MT,ANM,WE,Combined TRACON& Tower with Radar,14,20,5,1,40,0,1,1,1,3,14,21,6,2,43,0,0,0,43
05/07/2023,GTF,MT,ANM,WE,Combined TRACON& Tower with Radar,19,4,5,0,28,0,0,18,0,18,19,4,23,0,46,18,0,18,64
05/08/2023,GTF,MT,ANM,WE,Combined TRACON& Tower with Radar,17,15,14,6,52,0,2,14,10,26,17,17,28,16,78,64,16,80,158
05/09/2023,GTF,MT,ANM,WE,Combined TRACON& Tower with Radar,18,21,5,7,51,0,0,16,10,26,18,21,21,17,77,38,50,88,165
05/10/2023,GTF,MT,ANM,WE,Combined TRACON& Tower with Radar,17,22,6,12,57,0,0,35,9,44,17,22,41,21,101,60,20,80,181
05/11/2023,GTF,MT,ANM,WE,Combined TRACON& Tower with Radar,19,17,10,12,58,0,0,11,1,12,19,17,21,13,70,74,4,78,148
05/12/2023,GTF,MT,ANM,WE,Combined TRACON& Tower with Radar,19,20,13,0,52,0,0,26,3,29,19,20,39,3,81,52,0,52,133
05/13/2023,GTF,MT,ANM,WE,Combined TRACON& Tower with Radar,17,15,9,0,41,0,0,6,0,6,17,15,15,0,47,4,0,4,51
05/14/2023,GTF,MT,ANM,WE,Combined TRACON& Tower with Radar,19,8,7,0,34,0,0,7,0,7,19,8,14,0,41,8,0,8,49
05/15/2023,GTF,MT,ANM,WE,Combined TRACON& Tower with Radar,17,19,19,16,71,0,1,18,14,33,17,20,37,30,104,60,28,88,192
05/16/2023,GTF,MT,ANM,WE,Combined TRACON& Tower with Radar,18,12,9,9,48,0,0,25,9,34,18,12,34,18,82,22,4,26,108
05/17/2023,GTF,MT,ANM,WE,Combined TRACON& Tower with Radar,19,16,20,3,58,0,0,28,11,39,19,16,48,14,97,24,16,40,137
05/18/2023,GTF,MT,ANM,WE,Combined TRACON& Tower with Radar,18,18,19,9,64,1,0,21,7,29,19,18,40,16,93,58,6,64,157
05/19/2023,GTF,MT,ANM,WE,Combined TRACON& Tower with Radar,21,19,20,2,62,0,0,21,4,25,21,19,41,6,87,32,14,46,133
05/20/2023,GTF,MT,ANM,WE,Combined TRACON& Tower with Radar,14,14,10,0,38,0,0,13,0,13,14,14,23,0,51,8,0,8,59
05/21/2023,GTF,MT,ANM,WE,Combined TRACON& Tower with Radar,18,9,12,4,43,0,1,10,1,12,18,10,22,5,55,22,0,22,77
05/22/2023,GTF,MT,ANM,WE,Combined TRACON& Tower with Radar,17,9,22,2,50,0,0,18,2,20,17,9,40,4,70,70,0,70,140
05/23/2023,GTF,MT,ANM,WE,Combined TRACON& Tower with Radar,18,24,19,5,66,0,0,31,3,34,18,24,50,8,100,42,0,42,142
05/24/2023,GTF,MT,ANM,WE,Combined TRACON& Tower with Radar,18,23,16,4,61,0,0,14,3,17,18,23,30,7,78,30,0,30,108
05/25/2023,GTF,MT,ANM,WE,Combined TRACON& Tower with Radar,20,14,11,2,47,0,0,13,4,17,20,14,24,6,64,30,0,30,94
05/26/2023,GTF,MT,ANM,WE,Combined TRACON& Tower with Radar,22,23,14,0,59,0,0,11,2,13,22,23,25,2,72,24,0,24,96
05/27/2023,GTF,MT,ANM,WE,Combined TRACON& Tower with Radar,15,12,6,0,33,0,0,1,0,1,15,12,7,0,34,0,0,0,34
05/28/2023,GTF,MT,ANM,WE,Combined TRACON& Tower with Radar,16,9,7,0,32,0,0,15,0,15,16,9,22,0,47,18,0,18,65
05/29/2023,GTF,MT,ANM,WE,Combined TRACON& Tower with Radar,16,9,15,0,40,0,0,21,0,21,16,9,36,0,61,58,0,58,119
05/30/2023,GTF,MT,ANM,WE,Combined TRACON& Tower with Radar,16,14,18,5,53,0,2,24,12,38,16,16,42,17,91,40,0,40,131
05/31/2023,GTF,MT,ANM,WE,Combined TRACON& Tower with Radar,19,13,15,7,54,0,2,19,22,43,19,15,34,29,97,14,42,56,153
06/01/2023,GTF,MT,ANM,WE,Combined TRACON& Tower with Radar,19,11,17,3,50,0,0,17,5,22,19,11,34,8,72,54,0,54,126
06/02/2023,GTF,MT,ANM,WE,Combined TRACON& Tower with Radar,22,18,12,0,52,0,0,1,0,1,22,18,13,0,53,0,0,0,53
06/03/2023,GTF,MT,ANM,WE,Combined TRACON& Tower with Radar,17,11,0,4,32,0,0,1,0,1,17,11,1,4,33,6,0,6,39
06/04/2023,GTF,MT,ANM,WE,Combined TRACON& Tower with Radar,17,6,8,4,35,0,0,31,2,33,17,6,39,6,68,16,0,16,84
06/05/2023,GTF,MT,ANM,WE,Combined TRACON& Tower with Radar,18,18,13,0,49,0,0,19,7,26,18,18,32,7,75,14,2,16,91
06/06/2023,GTF,MT,ANM,WE,Combined TRACON& Tower with Radar,20,16,13,14,63,0,0,18,9,27,20,16,31,23,90,14,0,14,104
06/07/2023,GTF,MT,ANM,WE,Combined TRACON& Tower with Radar,20,19,17,3,59,0,3,25,9,37,20,22,42,12,96,36,0,36,132
06/08/2023,GTF,MT,ANM,WE,Combined TRACON& Tower with Radar,20,18,16,8,62,0,0,10,7,17,20,18,26,15,79,0,0,0,79
06/09/2023,GTF,MT,ANM,WE,Combined TRACON& Tower with Radar,24,19,7,2,52,0,0,7,0,7,24,19,14,2,59,30,0,30,89
06/10/2023,GTF,MT,ANM,WE,Combined TRACON& Tower with Radar,19,22,10,0,51,0,7,5,5,17,19,29,15,5,68,0,0,0,68
06/11/2023,GTF,MT,ANM,WE,Combined TRACON& Tower with Radar,17,10,11,0,38,0,0,13,0,13,17,10,24,0,51,36,0,36,87
06/12/2023,GTF,MT,ANM,WE,Combined TRACON& Tower with Radar,18,16,17,16,67,0,0,28,12,40,18,16,45,28,107,60,4,64,171
06/13/2023,GTF,MT,ANM,WE,Combined TRACON& Tower with Radar,20,16,11,8,55,0,0,27,16,43,20,16,38,24,98,46,32,78,176
06/14/2023,GTF,MT,ANM,WE,Combined TRACON& Tower with Radar,20,16,14,7,57,0,0,13,8,21,20,16,27,15,78,6,48,54,132
06/15/2023,GTF,MT,ANM,WE,Combined TRACON& Tower with Radar,22,17,13,1,53,0,0,26,3,29,22,17,39,4,82,48,10,58,140
06/16/2023,GTF,MT,ANM,WE,Combined TRACON& Tower with Radar,22,16,6,18,62,0,0,24,8,32,22,16,30,26,94,52,10,62,156
06/17/2023,GTF,MT,ANM,WE,Combined TRACON& Tower with Radar,19,10,12,0,41,0,0,3,0,3,19,10,15,0,44,0,0,0,44
06/18/2023,GTF,MT,ANM,WE,Combined TRACON& Tower with Radar,17,7,2,1,27,0,0,2,0,2,17,7,4,1,29,30,0,30,59
06/19/2023,GTF,MT,ANM,WE,Combined TRACON& Tower with Radar,18,7,23,1,49,0,0,17,0,17,18,7,40,1,66,60,0,60,126
06/20/2023,GTF,MT,ANM,WE,Combined TRACON& Tower with Radar,20,17,14,10,61,0,0,22,7,29,20,17,36,17,90,68,20,88,178
06/21/2023,GTF,MT,ANM,WE,Combined TRACON& Tower with Radar,20,15,18,9,62,0,0,37,9,46,20,15,55,18,108,32,6,38,146
06/22/2023,GTF,MT,ANM,WE,Combined TRACON& Tower with Radar,22,13,18,12,65,0,2,39,8,49,22,15,57,20,114,94,10,104,218
06/23/2023,GTF,MT,ANM,WE,Combined TRACON& Tower with Radar,21,15,10,3,49,0,0,8,5,13,21,15,18,8,62,72,0,72,134
06/24/2023,GTF,MT,ANM,WE,Combined TRACON& Tower with Radar,20,11,6,2,39,0,1,21,0,22,20,12,27,2,61,0,0,0,61
06/25/2023,GTF,MT,ANM,WE,Combined TRACON& Tower with Radar,17,14,11,3,45,0,0,13,0,13,17,14,24,3,58,14,0,14,72
06/26/2023,GTF,MT,ANM,WE,Combined TRACON& Tower with Radar,17,9,14,7,47,0,0,18,8,26,17,9,32,15,73,50,0,50,123
06/27/2023,GTF,MT,ANM,WE,Combined TRACON& Tower with Radar,20,23,8,3,54,0,0,24,17,41,20,23,32,20,95,72,16,88,183
06/28/2023,GTF,MT,ANM,WE,Combined TRACON& Tower with Radar,21,21,8,10,60,0,0,17,13,30,21,21,25,23,90,28,4,32,122
06/29/2023,GTF,MT,ANM,WE,Combined TRACON& Tower with Radar,19,16,7,6,48,0,2,41,8,51,19,18,48,14,99,58,2,60,159
06/30/2023,GTF,MT,ANM,WE,Combined TRACON& Tower with Radar,21,14,16,2,53,0,0,21,4,25,21,14,37,6,78,70,0,70,148
07/01/2023,GTF,MT,ANM,WE,Combined TRACON& Tower with Radar,22,17,22,0,61,0,0,21,0,21,22,17,43,0,82,0,0,0,82
07/02/2023,GTF,MT,ANM,WE,Combined TRACON& Tower with Radar,14,8,8,0,30,0,0,16,0,16,14,8,24,0,46,2,0,2,48
07/03/2023,GTF,MT,ANM,WE,Combined TRACON& Tower with Radar,16,12,3,0,31,0,3,14,4,21,16,15,17,4,52,0,0,0,52
07/04/2023,GTF,MT,ANM,WE,Combined TRACON& Tower with Radar,12,4,6,2,24,0,0,12,2,14,12,4,18,4,38,0,0,0,38
07/05/2023,GTF,MT,ANM,WE,Combined TRACON& Tower with Radar,20,15,16,3,54,0,1,22,6,29,20,16,38,9,83,22,0,22,105
07/06/2023,GTF,MT,ANM,WE,Combined TRACON& Tower with Radar,17,17,13,9,56,0,0,27,9,36,17,17,40,18,92,62,16,78,170
07/07/2023,GTF,MT,ANM,WE,Combined TRACON& Tower with Radar,21,18,14,1,54,0,0,24,3,27,21,18,38,4,81,32,0,32,113
07/08/2023,GTF,MT,ANM,WE,Combined TRACON& Tower with Radar,19,13,3,4,39,0,0,30,0,30,19,13,33,4,69,10,0,10,79
07/09/2023,GTF,MT,ANM,WE,Combined TRACON& Tower with Radar,16,10,10,4,40,0,0,23,0,23,16,10,33,4,63,20,0,20,83
07/10/2023,GTF,MT,ANM,WE,Combined TRACON& Tower with Radar,17,17,20,0,54,0,1,23,8,32,17,18,43,8,86,56,0,56,142
07/11/2023,GTF,MT,ANM,WE,Combined TRACON& Tower with Radar,20,19,15,6,60,0,0,24,13,37,20,19,39,19,97,68,0,68,165
07/12/2023,GTF,MT,ANM,WE,Combined TRACON& Tower with Radar,20,20,15,8,63,0,1,24,11,36,20,21,39,19,99,54,38,92,191
07/13/2023,GTF,MT,ANM,WE,Combined TRACON& Tower with Radar,19,17,25,2,63,0,1,24,14,39,19,18,49,16,102,30,6,36,138
07/14/2023,GTF,MT,ANM,WE,Combined TRACON& Tower with Radar,22,18,15,4,59,0,1,20,6,27,22,19,35,10,86,56,16,72,158
07/15/2023,GTF,MT,ANM,WE,Combined TRACON& Tower with Radar,20,13,21,0,54,0,0,17,0,17,20,13,38,0,71,16,0,16,87
07/16/2023,GTF,MT,ANM,WE,Combined TRACON& Tower with Radar,17,11,12,7,47,0,0,17,1,18,17,11,29,8,65,30,6,36,101
07/17/2023,GTF,MT,ANM,WE,Combined TRACON& Tower with Radar,18,12,18,4,52,0,0,13,14,27,18,12,31,18,79,14,2,16,95
07/18/2023,GTF,MT,ANM,WE,Combined TRACON& Tower with Radar,20,21,20,10,71,0,1,25,11,37,20,22,45,21,108,36,0,36,144
07/19/2023,GTF,MT,ANM,WE,Combined TRACON& Tower with Radar,20,18,15,6,59,0,1,44,10,55,20,19,59,16,114,76,28,104,218
07/20/2023,GTF,MT,ANM,WE,Combined TRACON& Tower with Radar,20,21,13,8,62,0,0,27,9,36,20,21,40,17,98,34,32,66,164
07/21/2023,GTF,MT,ANM,WE,Combined TRACON& Tower with Radar,21,16,10,4,51,0,0,47,3,50,21,16,57,7,101,44,0,44,145
07/22/2023,GTF,MT,ANM,WE,Combined TRACON& Tower with Radar,20,9,7,0,36,0,0,10,0,10,20,9,17,0,46,12,1,13,59
07/23/2023,GTF,MT,ANM,WE,Combined TRACON& Tower with Radar,17,6,9,4,36,0,0,19,1,20,17,6,28,5,56,20,0,20,76
07/24/2023,GTF,MT,ANM,WE,Combined TRACON& Tower with Radar,18,15,24,5,62,0,3,27,8,38,18,18,51,13,100,70,8,78,178
07/25/2023,GTF,MT,ANM,WE,Combined TRACON& Tower with Radar,20,18,25,10,73,0,0,18,12,30,20,18,43,22,103,32,8,40,143
07/26/2023,GTF,MT,ANM,WE,Combined TRACON& Tower with Radar,19,25,9,6,59,0,1,24,4,29,19,26,33,10,88,54,18,72,160
07/27/2023,GTF,MT,ANM,WE,Combined TRACON& Tower with Radar,17,13,23,4,57,0,1,34,4,39,17,14,57,8,96,36,0,36,132
07/28/2023,GTF,MT,ANM,WE,Combined TRACON& Tower with Radar,17,20,10,3,50,0,0,29,4,33,17,20,39,7,83,24,4,28,111
07/29/2023,GTF,MT,ANM,WE,Combined TRACON& Tower with Radar,21,9,14,0,44,0,0,21,0,21,21,9,35,0,65,14,0,14,79
07/30/2023,GTF,MT,ANM,WE,Combined TRACON& Tower with Radar,17,4,17,3,41,0,0,7,0,7,17,4,24,3,48,0,0,0,48
07/31/2023,GTF,MT,ANM,WE,Combined TRACON& Tower with Radar,18,17,30,13,78,0,0,21,16,37,18,17,51,29,115,16,58,74,189
08/01/2023,GTF,MT,ANM,WE,Combined TRACON& Tower with Radar,20,23,28,15,86,0,0,25,25,50,20,23,53,40,136,16,50,66,202
08/02/2023,GTF,MT,ANM,WE,Combined TRACON& Tower with Radar,20,18,14,23,75,0,0,29,25,54,20,18,43,48,129,92,24,116,245
08/03/2023,GTF,MT,ANM,WE,Combined TRACON& Tower with Radar,20,16,28,4,68,0,0,25,7,32,20,16,53,11,100,62,18,80,180
08/04/2023,GTF,MT,ANM,WE,Combined TRACON& Tower with Radar,22,17,9,0,48,0,1,15,2,18,22,18,24,2,66,42,0,42,108
08/05/2023,GTF,MT,ANM,WE,Combined TRACON& Tower with Radar,19,8,3,0,30,0,0,7,2,9,19,8,10,2,39,6,0,6,45
08/06/2023,GTF,MT,ANM,WE,Combined TRACON& Tower with Radar,17,4,11,0,32,0,0,6,0,6,17,4,17,0,38,0,0,0,38
08/07/2023,GTF,MT,ANM,WE,Combined TRACON& Tower with Radar,18,13,17,1,49,0,0,17,3,20,18,13,34,4,69,68,0,68,137
08/08/2023,GTF,MT,ANM,WE,Combined TRACON& Tower with Radar,19,23,18,0,60,0,2,20,6,28,19,25,38,6,88,76,16,92,180
08/09/2023,GTF,MT,ANM,WE,Combined TRACON& Tower with Radar,18,19,12,2,51,0,2,13,10,25,18,21,25,12,76,54,20,74,150
08/10/2023,GTF,MT,ANM,WE,Combined TRACON& Tower with Radar,18,13,13,6,50,0,2,23,10,35,18,15,36,16,85,32,8,40,125
08/11/2023,GTF,MT,ANM,WE,Combined TRACON& Tower with Radar,20,15,16,19,70,0,0,40,9,49,20,15,56,28,119,42,24,66,185
08/12/2023,GTF,MT,ANM,WE,Combined TRACON& Tower with Radar,18,16,8,0,42,0,0,19,4,23,18,16,27,4,65,6,0,6,71
08/13/2023,GTF,MT,ANM,WE,Combined TRACON& Tower with Radar,17,2,20,1,40,0,0,9,0,9,17,2,29,1,49,6,0,6,55
08/14/2023,GTF,MT,ANM,WE,Combined TRACON& Tower with Radar,17,8,14,14,53,0,0,24,8,32,17,8,38,22,85,0,10,10,95
08/15/2023,GTF,MT,ANM,WE,Combined TRACON& Tower with Radar,18,25,18,15,76,0,0,21,19,40,18,25,39,34,116,20,60,80,196
08/16/2023,GTF,MT,ANM,WE,Combined TRACON& Tower with Radar,18,21,18,14,71,0,0,26,10,36,18,21,44,24,107,48,18,66,173
08/17/2023,GTF,MT,ANM,WE,Combined TRACON& Tower with Radar,18,20,16,9,63,0,1,12,7,20,18,21,28,16,83,12,16,28,111
08/18/2023,GTF,MT,ANM,WE,Combined TRACON& Tower with Radar,21,18,8,0,47,0,0,8,2,10,21,18,16,2,57,22,0,22,79
08/19/2023,GTF,MT,ANM,WE,Combined TRACON& Tower with Radar,19,17,16,5,57,0,0,11,1,12,19,17,27,6,69,0,8,8,77
08/20/2023,GTF,MT,ANM,WE,Combined TRACON& Tower with Radar,17,11,28,0,56,0,0,17,0,17,17,11,45,0,73,20,0,20,93
08/21/2023,GTF,MT,ANM,WE,Combined TRACON& Tower with Radar,17,12,16,2,47,0,0,0,2,2,17,12,16,4,49,18,0,18,67
08/22/2023,GTF,MT,ANM,WE,Combined TRACON& Tower with Radar,18,18,19,9,64,0,0,15,6,21,18,18,34,15,85,8,6,14,99
08/23/2023,GTF,MT,ANM,WE,Combined TRACON& Tower with Radar,20,20,17,14,71,0,0,27,7,34,20,20,44,21,105,34,16,50,155
08/24/2023,GTF,MT,ANM,WE,Combined TRACON& Tower with Radar,21,15,19,10,65,0,0,42,10,52,21,15,61,20,117,60,0,60,177
08/25/2023,GTF,MT,ANM,WE,Combined TRACON& Tower with Radar,21,16,8,0,45,0,0,29,5,34,21,16,37,5,79,70,0,70,149
08/26/2023,GTF,MT,ANM,WE,Combined TRACON& Tower with Radar,18,15,15,0,48,0,0,13,0,13,18,15,28,0,61,18,0,18,79
08/27/2023,GTF,MT,ANM,WE,Combined TRACON& Tower with Radar,17,4,13,0,34,0,0,17,2,19,17,4,30,2,53,0,0,0,53
08/28/2023,GTF,MT,ANM,WE,Combined TRACON& Tower with Radar,18,11,21,6,56,0,0,34,16,50,18,11,55,22,106,88,6,94,200
08/29/2023,GTF,MT,ANM,WE,Combined TRACON& Tower with Radar,20,14,15,1,50,0,0,16,7,23,20,14,31,8,73,14,0,14,87
08/30/2023,GTF,MT,ANM,WE,Combined TRACON& Tower with Radar,20,19,12,3,54,0,0,3,3,6,20,19,15,6,60,0,0,0,60
08/31/2023,GTF,MT,ANM,WE,Combined TRACON& Tower with Radar,20,18,12,14,64,0,0,15,7,22,20,18,27,21,86,0,0,0,86
