04/01/2004,GTR,MS,ASO,CE,Federal Contract Tower,0,0,0,0,0,0,0,0,0,0,0,0,0,0,0,0,0,0,0
04/02/2004,GTR,MS,ASO,CE,Federal Contract Tower,0,0,0,0,0,0,0,0,0,0,0,0,0,0,0,0,0,0,0
04/03/2004,GTR,MS,ASO,CE,Federal Contract Tower,0,0,0,0,0,0,0,0,0,0,0,0,0,0,0,0,0,0,0
04/04/2004,GTR,MS,ASO,CE,Federal Contract Tower,0,0,0,0,0,0,0,0,0,0,0,0,0,0,0,0,0,0,0
04/05/2004,GTR,MS,ASO,CE,Federal Contract Tower,0,0,0,0,0,0,0,0,0,0,0,0,0,0,0,0,0,0,0
04/06/2004,GTR,MS,ASO,CE,Federal Contract Tower,0,0,0,0,0,0,0,0,0,0,0,0,0,0,0,0,0,0,0
04/07/2004,GTR,MS,ASO,CE,Federal Contract Tower,0,0,0,0,0,0,0,0,0,0,0,0,0,0,0,0,0,0,0
04/08/2004,GTR,MS,ASO,CE,Federal Contract Tower,0,0,0,0,0,0,0,0,0,0,0,0,0,0,0,0,0,0,0
04/09/2004,GTR,MS,ASO,CE,Federal Contract Tower,0,0,0,0,0,0,0,0,0,0,0,0,0,0,0,0,0,0,0
04/10/2004,GTR,MS,ASO,CE,Federal Contract Tower,0,0,0,0,0,0,0,0,0,0,0,0,0,0,0,0,0,0,0
04/11/2004,GTR,MS,ASO,CE,Federal Contract Tower,0,0,0,0,0,0,0,0,0,0,0,0,0,0,0,0,0,0,0
04/12/2004,GTR,MS,ASO,CE,Federal Contract Tower,0,12,10,0,22,0,0,7,0,7,0,12,17,0,29,0,0,0,29
04/13/2004,GTR,MS,ASO,CE,Federal Contract Tower,0,12,9,5,26,0,1,12,2,15,0,13,21,7,41,0,34,34,75
04/14/2004,GTR,MS,ASO,CE,Federal Contract Tower,0,7,7,3,17,0,0,22,23,45,0,7,29,26,62,26,164,190,252
04/15/2004,GTR,MS,ASO,CE,Federal Contract Tower,0,7,6,3,16,0,3,46,17,66,0,10,52,20,82,62,98,160,242
04/16/2004,GTR,MS,ASO,CE,Federal Contract Tower,0,11,6,4,21,0,0,34,22,56,0,11,40,26,77,78,98,176,253
04/17/2004,GTR,MS,ASO,CE,Federal Contract Tower,0,6,4,0,10,0,0,57,0,57,0,6,61,0,67,46,0,46,113
04/18/2004,GTR,MS,ASO,CE,Federal Contract Tower,0,6,4,2,12,0,2,21,0,23,0,8,25,2,35,24,0,24,59
04/19/2004,GTR,MS,ASO,CE,Federal Contract Tower,0,7,4,3,14,0,7,39,25,71,0,14,43,28,85,76,86,162,247
04/20/2004,GTR,MS,ASO,CE,Federal Contract Tower,0,14,9,5,28,0,0,20,17,37,0,14,29,22,65,116,58,174,239
04/21/2004,GTR,MS,ASO,CE,Federal Contract Tower,0,11,7,4,22,0,7,38,12,57,0,18,45,16,79,46,48,94,173
04/22/2004,GTR,MS,ASO,CE,Federal Contract Tower,0,11,8,4,23,0,0,25,41,66,0,11,33,45,89,38,112,150,239
04/23/2004,GTR,MS,ASO,CE,Federal Contract Tower,0,12,9,4,25,0,0,35,29,64,0,12,44,33,89,74,58,132,221
04/24/2004,GTR,MS,ASO,CE,Federal Contract Tower,0,5,3,1,9,0,2,27,1,30,0,7,30,2,39,60,46,106,145
04/25/2004,GTR,MS,ASO,CE,Federal Contract Tower,0,6,6,2,14,0,0,5,7,12,0,6,11,9,26,8,0,8,34
04/26/2004,GTR,MS,ASO,CE,Federal Contract Tower,0,9,7,2,18,0,2,29,26,57,0,11,36,28,75,74,78,152,227
04/27/2004,GTR,MS,ASO,CE,Federal Contract Tower,0,10,7,3,20,0,2,35,27,64,0,12,42,30,84,70,88,158,242
04/28/2004,GTR,MS,ASO,CE,Federal Contract Tower,0,11,9,3,23,0,0,38,45,83,0,11,47,48,106,58,96,154,260
04/29/2004,GTR,MS,ASO,CE,Federal Contract Tower,0,10,7,3,20,0,1,19,35,55,0,11,26,38,75,56,118,174,249
04/30/2004,GTR,MS,ASO,CE,Federal Contract Tower,0,10,10,4,24,0,0,0,10,10,0,10,10,14,34,0,16,16,50
05/01/2004,GTR,MS,ASO,CE,Federal Contract Tower,0,5,3,3,11,0,2,2,0,4,0,7,5,3,15,10,2,12,27
05/02/2004,GTR,MS,ASO,CE,Federal Contract Tower,0,3,4,4,11,0,3,11,10,24,0,6,15,14,35,4,28,32,67
05/03/2004,GTR,MS,ASO,CE,Federal Contract Tower,0,13,12,11,36,0,0,25,57,82,0,13,37,68,118,36,134,170,288
05/04/2004,GTR,MS,ASO,CE,Federal Contract Tower,0,13,11,11,35,0,4,72,39,115,0,17,83,50,150,68,146,214,364
05/05/2004,GTR,MS,ASO,CE,Federal Contract Tower,0,14,11,12,37,0,0,25,32,57,0,14,36,44,94,56,110,166,260
05/06/2004,GTR,MS,ASO,CE,Federal Contract Tower,0,8,10,11,29,0,0,23,50,73,0,8,33,61,102,50,144,194,296
05/07/2004,GTR,MS,ASO,CE,Federal Contract Tower,0,5,8,11,24,0,0,39,53,92,0,5,47,64,116,60,132,192,308
05/08/2004,GTR,MS,ASO,CE,Federal Contract Tower,0,4,2,0,6,0,3,16,0,19,0,7,18,0,25,120,0,120,145
05/09/2004,GTR,MS,ASO,CE,Federal Contract Tower,0,2,1,0,3,0,2,17,0,19,0,4,18,0,22,4,0,4,26
05/10/2004,GTR,MS,ASO,CE,Federal Contract Tower,0,6,3,0,9,0,12,23,0,35,0,18,26,0,44,58,0,58,102
05/11/2004,GTR,MS,ASO,CE,Federal Contract Tower,0,7,5,4,16,0,3,34,14,51,0,10,39,18,67,32,52,84,151
05/12/2004,GTR,MS,ASO,CE,Federal Contract Tower,0,11,8,7,26,0,0,1,3,4,0,11,9,10,30,0,0,0,30
05/13/2004,GTR,MS,ASO,CE,Federal Contract Tower,0,10,8,7,25,0,0,9,11,20,0,10,17,18,45,12,20,32,77
05/14/2004,GTR,MS,ASO,CE,Federal Contract Tower,0,11,7,2,20,0,3,9,0,12,0,14,16,2,32,0,0,0,32
05/15/2004,GTR,MS,ASO,CE,Federal Contract Tower,0,6,4,0,10,0,1,3,0,4,0,7,7,0,14,0,0,0,14
05/16/2004,GTR,MS,ASO,CE,Federal Contract Tower,0,8,6,4,18,0,0,32,0,32,0,8,38,4,50,52,4,56,106
05/17/2004,GTR,MS,ASO,CE,Federal Contract Tower,0,14,9,9,32,0,3,38,9,50,0,17,47,18,82,60,32,92,174
05/18/2004,GTR,MS,ASO,CE,Federal Contract Tower,0,13,16,15,44,0,0,21,35,56,0,13,37,50,100,40,42,82,182
05/19/2004,GTR,MS,ASO,CE,Federal Contract Tower,0,11,7,6,24,0,1,13,42,56,0,12,20,48,80,28,92,120,200
05/20/2004,GTR,MS,ASO,CE,Federal Contract Tower,0,13,8,8,29,0,1,28,40,69,0,14,36,48,98,70,82,152,250
05/21/2004,GTR,MS,ASO,CE,Federal Contract Tower,0,12,8,8,28,0,2,41,34,77,0,14,49,42,105,38,114,152,257
05/22/2004,GTR,MS,ASO,CE,Federal Contract Tower,0,6,4,0,10,0,2,37,0,39,0,8,41,0,49,26,0,26,75
05/23/2004,GTR,MS,ASO,CE,Federal Contract Tower,0,6,4,2,12,0,0,22,0,22,0,6,26,2,34,0,34,34,68
05/24/2004,GTR,MS,ASO,CE,Federal Contract Tower,0,15,10,9,34,0,1,26,29,56,0,16,36,38,90,50,56,106,196
05/25/2004,GTR,MS,ASO,CE,Federal Contract Tower,0,11,9,8,28,0,0,30,50,80,0,11,39,58,108,102,130,232,340
05/26/2004,GTR,MS,ASO,CE,Federal Contract Tower,0,13,10,10,33,0,0,48,90,138,0,13,58,100,171,58,262,320,491
05/27/2004,GTR,MS,ASO,CE,Federal Contract Tower,0,12,9,8,29,0,0,23,56,79,0,12,32,64,108,46,172,218,326
05/28/2004,GTR,MS,ASO,CE,Federal Contract Tower,0,15,12,10,37,0,0,11,8,19,0,15,23,18,56,92,22,114,170
05/29/2004,GTR,MS,ASO,CE,Federal Contract Tower,0,6,4,0,10,0,1,31,0,32,0,7,35,0,42,10,0,10,52
05/30/2004,GTR,MS,ASO,CE,Federal Contract Tower,0,3,2,0,5,0,3,5,0,8,0,6,7,0,13,4,0,4,17
05/31/2004,GTR,MS,ASO,CE,Federal Contract Tower,0,4,3,0,7,0,1,21,0,22,0,5,24,0,29,28,0,28,57
06/01/2004,GTR,MS,ASO,CE,Federal Contract Tower,0,5,5,8,18,0,7,35,16,58,0,12,40,24,76,56,20,76,152
06/02/2004,GTR,MS,ASO,CE,Federal Contract Tower,0,7,5,7,19,0,4,7,15,26,0,11,12,22,45,22,42,64,109
06/03/2004,GTR,MS,ASO,CE,Federal Contract Tower,0,11,8,12,31,0,1,30,8,39,0,12,38,20,70,50,40,90,160
06/04/2004,GTR,MS,ASO,CE,Federal Contract Tower,0,10,6,10,26,0,4,12,22,38,0,14,18,32,64,58,88,146,210
06/05/2004,GTR,MS,ASO,CE,Federal Contract Tower,0,5,3,1,9,0,2,21,0,23,0,7,24,1,32,30,0,30,62
06/06/2004,GTR,MS,ASO,CE,Federal Contract Tower,0,4,3,3,10,0,2,10,0,12,0,6,13,3,22,16,0,16,38
06/07/2004,GTR,MS,ASO,CE,Federal Contract Tower,0,10,6,10,26,0,2,22,4,28,0,12,28,14,54,16,16,32,86
06/08/2004,GTR,MS,ASO,CE,Federal Contract Tower,0,12,10,16,38,0,0,26,24,50,0,12,36,40,88,106,90,196,284
06/09/2004,GTR,MS,ASO,CE,Federal Contract Tower,0,10,7,10,27,0,0,50,0,50,0,10,57,10,77,22,20,42,119
06/10/2004,GTR,MS,ASO,CE,Federal Contract Tower,0,12,10,15,37,0,0,37,20,57,0,12,47,35,94,48,94,142,236
06/11/2004,GTR,MS,ASO,CE,Federal Contract Tower,0,8,5,3,16,0,7,27,0,34,0,15,32,3,50,50,0,50,100
06/12/2004,GTR,MS,ASO,CE,Federal Contract Tower,0,5,3,4,12,0,2,19,0,21,0,7,22,4,33,30,8,38,71
06/13/2004,GTR,MS,ASO,CE,Federal Contract Tower,0,5,5,10,20,0,0,7,4,11,0,5,12,14,31,2,4,6,37
06/14/2004,GTR,MS,ASO,CE,Federal Contract Tower,0,13,8,16,37,0,0,5,9,14,0,13,13,25,51,26,32,58,109
06/15/2004,GTR,MS,ASO,CE,Federal Contract Tower,0,10,8,16,34,0,0,12,24,36,0,10,20,40,70,18,14,32,102
06/16/2004,GTR,MS,ASO,CE,Federal Contract Tower,0,7,3,7,17,0,1,11,7,19,0,8,14,14,36,18,4,22,58
06/17/2004,GTR,MS,ASO,CE,Federal Contract Tower,0,12,9,16,37,0,0,23,24,47,0,12,32,40,84,130,38,168,252
06/18/2004,GTR,MS,ASO,CE,Federal Contract Tower,0,15,9,16,40,0,3,55,2,60,0,18,64,18,100,62,44,106,206
06/19/2004,GTR,MS,ASO,CE,Federal Contract Tower,0,5,3,1,9,0,2,40,0,42,0,7,43,1,51,82,0,82,133
06/20/2004,GTR,MS,ASO,CE,Federal Contract Tower,0,4,2,1,7,0,3,27,0,30,0,7,29,1,37,40,0,40,77
06/21/2004,GTR,MS,ASO,CE,Federal Contract Tower,0,6,4,8,18,0,7,33,14,54,0,13,37,22,72,74,40,114,186
06/22/2004,GTR,MS,ASO,CE,Federal Contract Tower,0,10,7,14,31,0,0,24,14,38,0,10,31,28,69,62,26,88,157
06/23/2004,GTR,MS,ASO,CE,Federal Contract Tower,0,12,11,20,43,0,0,12,23,35,0,12,23,43,78,20,42,62,140
06/24/2004,GTR,MS,ASO,CE,Federal Contract Tower,0,15,10,19,44,0,0,8,21,29,0,15,18,40,73,60,52,112,185
06/25/2004,GTR,MS,ASO,CE,Federal Contract Tower,0,12,7,13,32,0,2,12,16,30,0,14,19,29,62,62,36,98,160
06/26/2004,GTR,MS,ASO,CE,Federal Contract Tower,0,6,3,1,10,0,1,25,0,26,0,7,28,1,36,25,0,25,61
06/27/2004,GTR,MS,ASO,CE,Federal Contract Tower,0,4,3,6,13,0,0,11,0,11,0,4,14,6,24,14,0,14,38
06/28/2004,GTR,MS,ASO,CE,Federal Contract Tower,0,10,8,18,36,0,0,0,17,17,0,10,8,35,53,0,12,12,65
06/29/2004,GTR,MS,ASO,CE,Federal Contract Tower,0,12,7,13,32,0,0,24,17,41,0,12,31,30,73,82,40,122,195
06/30/2004,GTR,MS,ASO,CE,Federal Contract Tower,0,10,6,12,28,0,4,12,16,32,0,14,18,28,60,30,44,74,134
07/01/2004,GTR,MS,ASO,CE,Federal Contract Tower,0,11,7,29,47,0,4,12,21,37,0,15,19,50,84,40,22,62,146
07/02/2004,GTR,MS,ASO,CE,Federal Contract Tower,0,3,3,0,6,0,11,36,0,47,0,14,39,0,53,26,0,26,79
07/03/2004,GTR,MS,ASO,CE,Federal Contract Tower,0,2,2,3,7,0,5,41,0,46,0,7,43,3,53,0,4,4,57
07/04/2004,GTR,MS,ASO,CE,Federal Contract Tower,0,0,1,0,1,0,4,37,0,41,0,4,38,0,42,10,0,10,52
07/05/2004,GTR,MS,ASO,CE,Federal Contract Tower,0,2,2,1,5,0,3,38,0,41,0,5,40,1,46,62,0,62,108
07/06/2004,GTR,MS,ASO,CE,Federal Contract Tower,0,10,6,25,41,0,0,38,18,56,0,10,44,43,97,72,94,166,263
07/07/2004,GTR,MS,ASO,CE,Federal Contract Tower,0,4,3,10,17,0,8,16,12,36,0,12,19,22,53,22,60,82,135
07/08/2004,GTR,MS,ASO,CE,Federal Contract Tower,0,6,4,14,24,0,4,3,22,29,0,10,7,36,53,0,84,84,137
07/09/2004,GTR,MS,ASO,CE,Federal Contract Tower,0,14,8,34,56,0,0,33,14,47,0,14,41,48,103,40,66,106,209
07/10/2004,GTR,MS,ASO,CE,Federal Contract Tower,0,5,3,2,10,0,4,46,0,50,0,9,49,2,60,16,2,18,78
07/11/2004,GTR,MS,ASO,CE,Federal Contract Tower,0,6,7,27,40,0,0,27,8,35,0,6,34,35,75,18,12,30,105
07/12/2004,GTR,MS,ASO,CE,Federal Contract Tower,0,9,6,22,37,0,2,34,20,56,0,11,40,42,93,32,62,94,187
07/13/2004,GTR,MS,ASO,CE,Federal Contract Tower,0,12,8,30,50,0,0,45,34,79,0,12,53,64,129,28,48,76,205
07/14/2004,GTR,MS,ASO,CE,Federal Contract Tower,0,10,11,47,68,0,0,38,17,55,0,10,49,64,123,72,28,100,223
07/15/2004,GTR,MS,ASO,CE,Federal Contract Tower,0,12,7,30,49,0,0,51,15,66,0,12,58,45,115,22,44,66,181
07/16/2004,GTR,MS,ASO,CE,Federal Contract Tower,0,14,9,36,59,0,0,37,20,57,0,14,46,56,116,86,86,172,288
07/17/2004,GTR,MS,ASO,CE,Federal Contract Tower,0,11,8,30,49,0,0,15,0,15,0,11,23,30,64,0,2,2,66
07/18/2004,GTR,MS,ASO,CE,Federal Contract Tower,0,4,2,0,6,0,2,43,0,45,0,6,45,0,51,44,0,44,95
07/19/2004,GTR,MS,ASO,CE,Federal Contract Tower,0,12,9,40,61,0,0,75,40,115,0,12,84,80,176,20,108,128,304
07/20/2004,GTR,MS,ASO,CE,Federal Contract Tower,0,15,9,40,64,0,0,64,36,100,0,15,73,76,164,36,82,118,282
07/21/2004,GTR,MS,ASO,CE,Federal Contract Tower,0,13,9,40,62,0,0,30,23,53,0,13,39,63,115,42,76,118,233
07/22/2004,GTR,MS,ASO,CE,Federal Contract Tower,0,14,9,41,64,0,0,29,14,43,0,14,38,55,107,48,24,72,179
07/23/2004,GTR,MS,ASO,CE,Federal Contract Tower,0,16,10,47,73,0,0,16,19,35,0,16,26,66,108,40,72,112,220
07/24/2004,GTR,MS,ASO,CE,Federal Contract Tower,0,7,4,20,31,0,0,11,14,25,0,7,15,34,56,22,52,74,130
07/25/2004,GTR,MS,ASO,CE,Federal Contract Tower,0,6,4,20,30,0,0,11,3,14,0,6,15,23,44,16,16,32,76
07/26/2004,GTR,MS,ASO,CE,Federal Contract Tower,0,13,7,35,55,0,0,11,16,27,0,13,18,51,82,48,10,58,140
07/27/2004,GTR,MS,ASO,CE,Federal Contract Tower,0,13,11,50,74,0,0,26,8,34,0,13,37,58,108,78,22,100,208
07/28/2004,GTR,MS,ASO,CE,Federal Contract Tower,0,14,8,37,59,0,1,24,11,36,0,15,32,48,95,34,50,84,179
07/29/2004,GTR,MS,ASO,CE,Federal Contract Tower,0,10,5,24,39,0,1,30,10,41,0,11,35,34,80,30,30,60,140
07/30/2004,GTR,MS,ASO,CE,Federal Contract Tower,0,13,7,33,53,0,1,21,0,22,0,14,28,33,75,38,34,72,147
07/31/2004,GTR,MS,ASO,CE,Federal Contract Tower,0,3,1,2,6,0,4,14,0,18,0,7,15,2,24,12,0,12,36
08/01/2004,GTR,MS,ASO,CE,Federal Contract Tower,0,2,2,11,15,0,4,10,2,16,0,6,12,13,31,2,60,62,93
08/02/2004,GTR,MS,ASO,CE,Federal Contract Tower,0,13,8,41,62,0,0,15,21,36,0,13,23,62,98,12,44,56,154
08/03/2004,GTR,MS,ASO,CE,Federal Contract Tower,0,12,8,42,62,0,0,25,20,45,0,12,33,62,107,12,68,80,187
08/04/2004,GTR,MS,ASO,CE,Federal Contract Tower,0,11,7,33,51,0,5,32,5,42,0,16,39,38,93,38,40,78,171
08/05/2004,GTR,MS,ASO,CE,Federal Contract Tower,0,11,8,38,57,0,0,21,8,29,0,11,29,46,86,46,10,56,142
08/06/2004,GTR,MS,ASO,CE,Federal Contract Tower,0,11,7,32,50,0,3,16,18,37,0,14,23,50,87,12,72,84,171
08/07/2004,GTR,MS,ASO,CE,Federal Contract Tower,0,4,3,5,12,0,5,29,0,34,0,9,32,5,46,22,8,30,76
08/08/2004,GTR,MS,ASO,CE,Federal Contract Tower,0,2,2,5,9,0,4,20,0,24,0,6,22,5,33,14,6,20,53
08/09/2004,GTR,MS,ASO,CE,Federal Contract Tower,0,16,10,54,80,0,2,27,11,40,0,18,37,65,120,44,20,64,184
08/10/2004,GTR,MS,ASO,CE,Federal Contract Tower,0,12,10,56,78,0,0,3,32,35,0,12,13,88,113,24,50,74,187
08/11/2004,GTR,MS,ASO,CE,Federal Contract Tower,0,17,13,73,103,0,0,19,29,48,0,17,32,102,151,16,64,80,231
08/12/2004,GTR,MS,ASO,CE,Federal Contract Tower,0,5,4,17,26,0,7,17,0,24,0,12,21,17,50,10,14,24,74
08/13/2004,GTR,MS,ASO,CE,Federal Contract Tower,0,9,6,30,45,0,5,14,11,30,0,14,20,41,75,28,16,44,119
08/14/2004,GTR,MS,ASO,CE,Federal Contract Tower,0,4,3,7,14,0,3,18,0,21,0,7,21,7,35,34,12,46,81
08/15/2004,GTR,MS,ASO,CE,Federal Contract Tower,0,6,4,27,37,0,0,26,4,30,0,6,30,31,67,10,16,26,93
08/16/2004,GTR,MS,ASO,CE,Federal Contract Tower,0,13,9,53,75,0,0,41,21,62,0,13,50,74,137,44,30,74,211
08/17/2004,GTR,MS,ASO,CE,Federal Contract Tower,0,14,7,46,67,0,2,16,36,54,0,16,23,82,121,78,34,112,233
08/18/2004,GTR,MS,ASO,CE,Federal Contract Tower,0,13,9,52,74,0,0,33,20,53,0,13,42,72,127,16,34,50,177
08/19/2004,GTR,MS,ASO,CE,Federal Contract Tower,0,15,8,49,72,0,11,18,7,36,0,26,26,56,108,18,18,36,144
08/20/2004,GTR,MS,ASO,CE,Federal Contract Tower,0,9,5,27,41,0,7,6,0,13,0,16,11,27,54,16,6,22,76
08/21/2004,GTR,MS,ASO,CE,Federal Contract Tower,0,2,0,0,2,0,5,14,0,19,0,7,14,0,21,24,0,24,45
08/22/2004,GTR,MS,ASO,CE,Federal Contract Tower,0,3,1,3,7,0,3,13,0,16,0,6,14,3,23,18,0,18,41
08/23/2004,GTR,MS,ASO,CE,Federal Contract Tower,0,13,9,54,76,0,0,9,20,29,0,13,18,74,105,20,34,54,159
08/24/2004,GTR,MS,ASO,CE,Federal Contract Tower,0,12,7,40,59,0,0,12,6,18,0,12,19,46,77,36,0,36,113
08/25/2004,GTR,MS,ASO,CE,Federal Contract Tower,0,10,8,51,69,0,0,32,31,63,0,10,40,82,132,84,50,134,266
08/26/2004,GTR,MS,ASO,CE,Federal Contract Tower,0,16,9,52,77,0,0,36,7,43,0,16,45,59,120,38,8,46,166
08/27/2004,GTR,MS,ASO,CE,Federal Contract Tower,0,12,7,41,60,0,5,33,7,45,0,17,40,48,105,4,8,12,117
08/28/2004,GTR,MS,ASO,CE,Federal Contract Tower,0,4,1,0,5,0,5,35,0,40,0,9,36,0,45,0,0,0,45
08/29/2004,GTR,MS,ASO,CE,Federal Contract Tower,0,8,6,38,52,0,0,24,0,24,0,8,30,38,76,32,4,36,112
08/30/2004,GTR,MS,ASO,CE,Federal Contract Tower,0,12,10,61,83,0,0,21,13,34,0,12,31,74,117,2,20,22,139
08/31/2004,GTR,MS,ASO,CE,Federal Contract Tower,0,11,9,55,75,0,0,35,29,64,0,11,44,84,139,92,44,136,275
09/01/2004,GTR,MS,ASO,CE,Federal Contract Tower,0,12,15,53,80,0,0,40,47,87,0,12,55,100,167,62,36,98,265
09/02/2004,GTR,MS,ASO,CE,Federal Contract Tower,0,13,14,51,78,0,0,17,23,40,0,13,31,74,118,72,18,90,208
09/03/2004,GTR,MS,ASO,CE,Federal Contract Tower,1,14,10,37,62,0,0,4,25,29,1,14,14,62,91,16,42,58,149
09/04/2004,GTR,MS,ASO,CE,Federal Contract Tower,1,5,3,9,18,0,2,27,0,29,1,7,30,9,47,20,2,22,69
09/05/2004,GTR,MS,ASO,CE,Federal Contract Tower,0,2,2,6,10,0,4,27,0,31,0,6,29,6,41,30,4,34,75
09/06/2004,GTR,MS,ASO,CE,Federal Contract Tower,0,1,1,4,6,0,5,14,0,19,0,6,15,4,25,12,14,26,51
09/07/2004,GTR,MS,ASO,CE,Federal Contract Tower,0,13,11,41,65,0,0,17,52,69,0,13,28,93,134,12,70,82,216
09/08/2004,GTR,MS,ASO,CE,Federal Contract Tower,0,13,12,44,69,0,0,29,42,71,0,13,41,86,140,148,38,186,326
09/09/2004,GTR,MS,ASO,CE,Federal Contract Tower,0,12,7,23,42,0,1,35,28,64,0,13,42,51,106,100,66,166,272
09/10/2004,GTR,MS,ASO,CE,Federal Contract Tower,0,15,9,31,55,2,0,42,19,63,2,15,51,50,118,60,106,166,284
09/11/2004,GTR,MS,ASO,CE,Federal Contract Tower,0,7,10,33,50,2,0,59,0,61,2,7,69,33,111,36,6,42,153
09/12/2004,GTR,MS,ASO,CE,Federal Contract Tower,0,9,8,27,44,0,0,17,10,27,0,9,25,37,71,0,6,6,77
09/13/2004,GTR,MS,ASO,CE,Federal Contract Tower,0,15,11,38,64,0,0,26,34,60,0,15,37,72,124,70,36,106,230
09/14/2004,GTR,MS,ASO,CE,Federal Contract Tower,0,13,9,30,52,0,0,28,44,72,0,13,37,74,124,148,32,180,304
09/15/2004,GTR,MS,ASO,CE,Federal Contract Tower,0,8,6,18,32,0,6,11,24,41,0,14,17,42,73,30,52,82,155
09/16/2004,GTR,MS,ASO,CE,Federal Contract Tower,0,0,0,0,0,0,1,0,0,1,0,1,0,0,1,0,0,0,1
09/17/2004,GTR,MS,ASO,CE,Federal Contract Tower,0,14,10,35,59,1,0,24,33,58,1,14,34,68,117,36,42,78,195
09/18/2004,GTR,MS,ASO,CE,Federal Contract Tower,0,7,5,15,27,0,0,21,27,48,0,7,26,42,75,10,30,40,115
09/19/2004,GTR,MS,ASO,CE,Federal Contract Tower,0,6,4,12,22,0,2,29,0,31,0,8,33,12,53,48,12,60,113
09/20/2004,GTR,MS,ASO,CE,Federal Contract Tower,0,13,9,30,52,0,0,23,20,43,0,13,32,50,95,66,36,102,197
09/21/2004,GTR,MS,ASO,CE,Federal Contract Tower,0,10,7,21,38,0,2,51,23,76,0,12,58,44,114,96,40,136,250
09/22/2004,GTR,MS,ASO,CE,Federal Contract Tower,0,5,3,10,18,0,7,36,2,45,0,12,39,12,63,40,8,48,111
09/23/2004,GTR,MS,ASO,CE,Federal Contract Tower,0,8,4,12,24,0,4,54,0,58,0,12,58,12,82,110,4,114,196
09/24/2004,GTR,MS,ASO,CE,Federal Contract Tower,0,12,7,18,37,2,7,45,0,54,2,19,52,18,91,64,36,100,191
09/25/2004,GTR,MS,ASO,CE,Federal Contract Tower,0,6,3,0,9,0,4,45,0,49,0,10,48,0,58,84,0,84,142
09/26/2004,GTR,MS,ASO,CE,Federal Contract Tower,0,5,2,0,7,0,1,36,0,37,0,6,38,0,44,22,0,22,66
09/27/2004,GTR,MS,ASO,CE,Federal Contract Tower,0,8,4,16,28,0,3,42,0,45,0,11,46,16,73,82,8,90,163
09/28/2004,GTR,MS,ASO,CE,Federal Contract Tower,0,6,3,12,21,0,4,57,6,67,0,10,60,18,88,72,20,92,180
09/29/2004,GTR,MS,ASO,CE,Federal Contract Tower,0,5,2,0,7,0,8,41,0,49,0,13,43,0,56,68,0,68,124
09/30/2004,GTR,MS,ASO,CE,Federal Contract Tower,0,6,3,0,9,0,10,45,0,55,0,16,48,0,64,68,0,68,132
10/01/2004,GTR,MS,ASO,CE,Federal Contract Tower,4,12,4,15,35,0,7,27,4,38,4,19,31,19,73,20,20,40,113
10/02/2004,GTR,MS,ASO,CE,Federal Contract Tower,0,7,7,0,14,0,0,23,0,23,0,7,30,0,37,66,0,66,103
10/03/2004,GTR,MS,ASO,CE,Federal Contract Tower,0,6,10,0,16,0,0,28,0,28,0,6,38,0,44,12,0,12,56
10/04/2004,GTR,MS,ASO,CE,Federal Contract Tower,0,12,7,13,32,0,1,31,13,45,0,13,38,26,77,70,26,96,173
10/05/2004,GTR,MS,ASO,CE,Federal Contract Tower,0,10,4,8,22,0,1,33,22,56,0,11,37,30,78,24,4,28,106
10/06/2004,GTR,MS,ASO,CE,Federal Contract Tower,0,12,1,11,24,0,0,34,4,38,0,12,35,15,62,52,4,56,118
10/07/2004,GTR,MS,ASO,CE,Federal Contract Tower,0,12,10,36,58,0,0,10,11,21,0,12,20,47,79,20,44,64,143
10/08/2004,GTR,MS,ASO,CE,Federal Contract Tower,0,14,11,20,45,0,0,3,13,16,0,14,14,33,61,22,40,62,123
10/09/2004,GTR,MS,ASO,CE,Federal Contract Tower,0,7,3,0,10,0,0,0,0,0,0,7,3,0,10,0,0,0,10
10/10/2004,GTR,MS,ASO,CE,Federal Contract Tower,0,6,9,6,21,0,0,2,0,2,0,6,11,6,23,0,0,0,23
10/11/2004,GTR,MS,ASO,CE,Federal Contract Tower,0,7,9,7,23,0,0,2,0,2,0,7,11,7,25,0,0,0,25
10/12/2004,GTR,MS,ASO,CE,Federal Contract Tower,0,13,3,53,69,0,3,17,14,34,0,16,20,67,103,62,6,68,171
10/13/2004,GTR,MS,ASO,CE,Federal Contract Tower,0,12,8,32,52,0,0,40,14,54,0,12,48,46,106,90,28,118,224
10/14/2004,GTR,MS,ASO,CE,Federal Contract Tower,0,11,5,37,53,0,1,43,7,51,0,12,48,44,104,42,8,50,154
10/15/2004,GTR,MS,ASO,CE,Federal Contract Tower,0,14,11,12,37,0,0,41,10,51,0,14,52,22,88,70,36,106,194
10/16/2004,GTR,MS,ASO,CE,Federal Contract Tower,0,7,3,0,10,0,0,67,0,67,0,7,70,0,77,72,0,72,149
10/17/2004,GTR,MS,ASO,CE,Federal Contract Tower,0,8,8,16,32,0,0,37,2,39,0,8,45,18,71,62,0,62,133
10/18/2004,GTR,MS,ASO,CE,Federal Contract Tower,0,13,8,62,83,0,1,11,20,32,0,14,19,82,115,52,12,64,179
10/19/2004,GTR,MS,ASO,CE,Federal Contract Tower,0,16,3,55,74,0,1,5,3,9,0,17,8,58,83,4,8,12,95
10/20/2004,GTR,MS,ASO,CE,Federal Contract Tower,0,12,23,16,51,0,0,19,0,19,0,12,42,16,70,10,0,10,80
10/21/2004,GTR,MS,ASO,CE,Federal Contract Tower,0,12,15,43,70,0,0,8,0,8,0,12,23,43,78,0,0,0,78
10/22/2004,GTR,MS,ASO,CE,Federal Contract Tower,2,14,17,11,44,0,0,0,0,0,2,14,17,11,44,0,0,0,44
10/23/2004,GTR,MS,ASO,CE,Federal Contract Tower,6,7,14,0,27,0,0,1,6,7,6,7,15,6,34,2,0,2,36
10/24/2004,GTR,MS,ASO,CE,Federal Contract Tower,0,6,10,9,25,0,0,71,3,74,0,6,81,12,99,94,6,100,199
10/25/2004,GTR,MS,ASO,CE,Federal Contract Tower,0,14,10,46,70,0,1,47,13,61,0,15,57,59,131,150,20,170,301
10/26/2004,GTR,MS,ASO,CE,Federal Contract Tower,0,12,8,55,75,0,1,55,27,83,0,13,63,82,158,138,36,174,332
10/27/2004,GTR,MS,ASO,CE,Federal Contract Tower,0,14,23,58,95,0,0,40,15,55,0,14,63,73,150,96,28,124,274
10/28/2004,GTR,MS,ASO,CE,Federal Contract Tower,0,12,10,72,94,0,0,37,14,51,0,12,47,86,145,108,48,156,301
10/29/2004,GTR,MS,ASO,CE,Federal Contract Tower,2,15,7,68,92,0,0,35,11,46,2,15,42,79,138,73,16,89,227
10/30/2004,GTR,MS,ASO,CE,Federal Contract Tower,2,8,2,0,12,0,0,23,0,23,2,8,25,0,35,34,0,34,69
10/31/2004,GTR,MS,ASO,CE,Federal Contract Tower,0,8,4,4,16,0,0,26,0,26,0,8,30,4,42,30,0,30,72
11/01/2004,GTR,MS,ASO,CE,Federal Contract Tower,0,12,8,82,102,0,1,14,14,29,0,13,22,96,131,42,6,48,179
11/02/2004,GTR,MS,ASO,CE,Federal Contract Tower,0,12,10,74,96,0,0,26,12,38,0,12,36,86,134,98,22,120,254
11/03/2004,GTR,MS,ASO,CE,Federal Contract Tower,2,10,8,46,66,0,0,0,0,0,2,10,8,46,66,0,0,0,66
11/04/2004,GTR,MS,ASO,CE,Federal Contract Tower,0,10,7,55,72,0,0,22,2,24,0,10,29,57,96,96,10,106,202
11/05/2004,GTR,MS,ASO,CE,Federal Contract Tower,0,14,8,40,62,0,0,52,8,60,0,14,60,48,122,88,20,108,230
11/06/2004,GTR,MS,ASO,CE,Federal Contract Tower,0,7,3,1,11,0,0,46,0,46,0,7,49,1,57,82,0,82,139
11/07/2004,GTR,MS,ASO,CE,Federal Contract Tower,0,6,3,33,42,0,0,43,3,46,0,6,46,36,88,68,0,68,156
11/08/2004,GTR,MS,ASO,CE,Federal Contract Tower,0,11,6,71,88,0,1,35,18,54,0,12,41,89,142,98,24,122,264
11/09/2004,GTR,MS,ASO,CE,Federal Contract Tower,0,11,4,73,88,0,1,52,20,73,0,12,56,93,161,118,24,142,303
11/10/2004,GTR,MS,ASO,CE,Federal Contract Tower,2,9,9,75,95,0,0,47,0,47,2,9,56,75,142,86,12,98,240
11/11/2004,GTR,MS,ASO,CE,Federal Contract Tower,0,9,10,10,29,0,0,0,0,0,0,9,10,10,29,0,0,0,29
11/12/2004,GTR,MS,ASO,CE,Federal Contract Tower,0,12,10,63,85,0,0,0,0,0,0,12,10,63,85,0,0,0,85
11/13/2004,GTR,MS,ASO,CE,Federal Contract Tower,0,7,5,5,17,0,0,30,0,30,0,7,35,5,47,130,12,142,189
11/14/2004,GTR,MS,ASO,CE,Federal Contract Tower,0,4,12,24,40,0,2,26,4,32,0,6,38,28,72,32,16,48,120
11/15/2004,GTR,MS,ASO,CE,Federal Contract Tower,0,11,5,91,107,0,1,36,31,68,0,12,41,122,175,108,42,150,325
11/16/2004,GTR,MS,ASO,CE,Federal Contract Tower,0,11,5,103,119,0,2,48,29,79,0,13,53,132,198,104,32,136,334
11/17/2004,GTR,MS,ASO,CE,Federal Contract Tower,0,10,9,117,136,0,2,37,22,61,0,12,46,139,197,56,36,92,289
11/18/2004,GTR,MS,ASO,CE,Federal Contract Tower,0,12,3,96,111,0,0,34,7,41,0,12,37,103,152,62,10,72,224
11/19/2004,GTR,MS,ASO,CE,Federal Contract Tower,2,17,13,64,96,0,0,9,10,19,2,17,22,74,115,24,6,30,145
11/20/2004,GTR,MS,ASO,CE,Federal Contract Tower,2,7,14,17,40,0,0,4,1,5,2,7,18,18,45,6,6,12,57
11/21/2004,GTR,MS,ASO,CE,Federal Contract Tower,0,6,10,5,21,0,0,1,0,1,0,6,11,5,22,2,0,2,24
11/22/2004,GTR,MS,ASO,CE,Federal Contract Tower,0,14,2,0,16,0,0,0,0,0,0,14,2,0,16,0,0,0,16
11/23/2004,GTR,MS,ASO,CE,Federal Contract Tower,0,12,9,45,66,0,1,17,5,23,0,13,26,50,89,18,0,18,107
11/24/2004,GTR,MS,ASO,CE,Federal Contract Tower,0,10,10,52,72,0,0,11,10,21,0,10,21,62,93,20,14,34,127
11/25/2004,GTR,MS,ASO,CE,Federal Contract Tower,0,4,8,0,12,0,0,17,0,17,0,4,25,0,29,2,0,2,31
11/26/2004,GTR,MS,ASO,CE,Federal Contract Tower,0,12,8,0,20,0,0,26,5,31,0,12,34,5,51,120,0,120,171
11/27/2004,GTR,MS,ASO,CE,Federal Contract Tower,0,7,6,0,13,0,0,8,0,8,0,7,14,0,21,0,0,0,21
11/28/2004,GTR,MS,ASO,CE,Federal Contract Tower,0,6,9,0,15,0,0,47,14,61,0,6,56,14,76,18,0,18,94
11/29/2004,GTR,MS,ASO,CE,Federal Contract Tower,0,9,3,60,72,0,1,38,12,51,0,10,41,72,123,100,22,122,245
11/30/2004,GTR,MS,ASO,CE,Federal Contract Tower,0,10,7,27,44,0,0,0,0,0,0,10,7,27,44,0,0,0,44
12/01/2004,GTR,MS,ASO,CE,Federal Contract Tower,0,12,6,39,57,0,0,28,14,42,0,12,34,53,99,94,14,108,207
12/02/2004,GTR,MS,ASO,CE,Federal Contract Tower,0,11,16,43,70,0,0,47,9,56,0,11,63,52,126,58,26,84,210
12/03/2004,GTR,MS,ASO,CE,Federal Contract Tower,0,14,4,73,91,0,0,37,19,56,0,14,41,92,147,78,30,108,255
12/04/2004,GTR,MS,ASO,CE,Federal Contract Tower,0,5,17,1,23,0,0,68,5,73,0,5,85,6,96,110,16,126,222
12/05/2004,GTR,MS,ASO,CE,Federal Contract Tower,0,6,18,1,25,0,1,0,0,1,0,7,18,1,26,0,0,0,26
12/06/2004,GTR,MS,ASO,CE,Federal Contract Tower,0,10,6,19,35,0,0,2,0,2,0,10,8,19,37,0,0,0,37
12/07/2004,GTR,MS,ASO,CE,Federal Contract Tower,0,11,5,69,85,0,1,19,26,46,0,12,24,95,131,46,34,80,211
12/08/2004,GTR,MS,ASO,CE,Federal Contract Tower,0,11,5,37,53,0,0,18,8,26,0,11,23,45,79,80,4,84,163
12/09/2004,GTR,MS,ASO,CE,Federal Contract Tower,0,13,2,66,81,0,0,8,12,20,0,13,10,78,101,8,8,16,117
12/10/2004,GTR,MS,ASO,CE,Federal Contract Tower,0,17,11,38,66,0,0,12,6,18,0,17,23,44,84,22,14,36,120
12/11/2004,GTR,MS,ASO,CE,Federal Contract Tower,0,7,0,0,7,0,0,12,5,17,0,7,12,5,24,46,0,46,70
12/12/2004,GTR,MS,ASO,CE,Federal Contract Tower,0,8,15,2,25,0,0,30,0,30,0,8,45,2,55,18,2,20,75
12/13/2004,GTR,MS,ASO,CE,Federal Contract Tower,0,11,5,39,55,0,1,22,10,33,0,12,27,49,88,18,8,26,114
12/14/2004,GTR,MS,ASO,CE,Federal Contract Tower,0,10,10,34,54,0,1,38,7,46,0,11,48,41,100,50,8,58,158
12/15/2004,GTR,MS,ASO,CE,Federal Contract Tower,0,11,4,42,57,0,0,26,15,41,0,11,30,57,98,126,22,148,246
12/16/2004,GTR,MS,ASO,CE,Federal Contract Tower,0,14,11,43,68,0,0,26,29,55,0,14,37,72,123,34,22,56,179
12/17/2004,GTR,MS,ASO,CE,Federal Contract Tower,0,17,10,53,80,0,0,32,24,56,0,17,42,77,136,160,28,188,324
12/18/2004,GTR,MS,ASO,CE,Federal Contract Tower,0,7,3,0,10,0,0,35,0,35,0,7,38,0,45,56,0,56,101
12/19/2004,GTR,MS,ASO,CE,Federal Contract Tower,0,7,3,4,14,0,0,14,1,15,0,7,17,5,29,4,8,12,41
12/20/2004,GTR,MS,ASO,CE,Federal Contract Tower,0,13,0,38,51,0,3,18,3,24,0,16,18,41,75,106,8,114,189
12/21/2004,GTR,MS,ASO,CE,Federal Contract Tower,0,12,4,49,65,0,1,17,6,24,0,13,21,55,89,96,16,112,201
12/22/2004,GTR,MS,ASO,CE,Federal Contract Tower,0,11,7,13,31,0,0,0,0,0,0,11,7,13,31,0,0,0,31
12/23/2004,GTR,MS,ASO,CE,Federal Contract Tower,0,13,3,0,16,0,0,1,0,1,0,13,4,0,17,0,0,0,17
12/24/2004,GTR,MS,ASO,CE,Federal Contract Tower,0,11,4,0,15,0,1,7,0,8,0,12,11,0,23,4,0,4,27
12/25/2004,GTR,MS,ASO,CE,Federal Contract Tower,0,5,1,0,6,0,0,3,0,3,0,5,4,0,9,0,0,0,9
12/26/2004,GTR,MS,ASO,CE,Federal Contract Tower,0,3,4,0,7,0,2,8,0,10,0,5,12,0,17,18,0,18,35
12/27/2004,GTR,MS,ASO,CE,Federal Contract Tower,0,12,5,18,35,0,1,31,12,44,0,13,36,30,79,82,36,118,197
12/28/2004,GTR,MS,ASO,CE,Federal Contract Tower,0,11,3,0,14,0,1,30,0,31,0,12,33,0,45,68,0,68,113
12/29/2004,GTR,MS,ASO,CE,Federal Contract Tower,0,13,20,0,33,0,1,2,0,3,0,14,22,0,36,12,0,12,48
12/30/2004,GTR,MS,ASO,CE,Federal Contract Tower,0,12,8,0,20,0,0,15,0,15,0,12,23,0,35,82,0,82,117
12/31/2004,GTR,MS,ASO,CE,Federal Contract Tower,0,14,4,0,18,0,0,21,0,21,0,14,25,0,39,22,0,22,61
01/01/2005,GTR,MS,ASO,CE,Federal Contract Tower,0,6,6,0,12,0,0,9,0,9,0,6,15,0,21,4,0,4,25
01/02/2005,GTR,MS,ASO,CE,Federal Contract Tower,0,6,5,0,11,0,0,23,0,23,0,6,28,0,34,10,0,10,44
01/03/2005,GTR,MS,ASO,CE,Federal Contract Tower,0,12,3,41,56,0,1,37,15,53,0,13,40,56,109,26,30,56,165
01/04/2005,GTR,MS,ASO,CE,Federal Contract Tower,0,11,7,49,67,0,1,24,5,30,0,12,31,54,97,16,12,28,125
01/05/2005,GTR,MS,ASO,CE,Federal Contract Tower,0,12,2,43,57,0,0,15,21,36,0,12,17,64,93,44,6,50,143
01/06/2005,GTR,MS,ASO,CE,Federal Contract Tower,0,11,13,50,74,0,0,14,3,17,0,11,27,53,91,52,12,64,155
01/07/2005,GTR,MS,ASO,CE,Federal Contract Tower,0,13,7,54,74,0,0,2,6,8,0,13,9,60,82,92,2,94,176
01/08/2005,GTR,MS,ASO,CE,Federal Contract Tower,0,5,2,21,28,0,0,0,0,0,0,5,2,21,28,0,0,0,28
01/09/2005,GTR,MS,ASO,CE,Federal Contract Tower,0,6,7,29,42,0,0,26,0,26,0,6,33,29,68,16,0,16,84
01/10/2005,GTR,MS,ASO,CE,Federal Contract Tower,0,12,13,77,102,0,1,14,11,26,0,13,27,88,128,66,42,108,236
01/11/2005,GTR,MS,ASO,CE,Federal Contract Tower,0,13,10,75,98,0,1,20,11,32,0,14,30,86,130,46,16,62,192
01/12/2005,GTR,MS,ASO,CE,Federal Contract Tower,0,13,4,85,102,0,0,17,9,26,0,13,21,94,128,56,40,96,224
01/13/2005,GTR,MS,ASO,CE,Federal Contract Tower,0,11,4,48,63,0,0,1,0,1,0,11,5,48,64,0,0,0,64
01/14/2005,GTR,MS,ASO,CE,Federal Contract Tower,2,15,8,60,85,0,0,28,16,44,2,15,36,76,129,44,24,68,197
01/15/2005,GTR,MS,ASO,CE,Federal Contract Tower,2,7,8,3,20,0,0,54,0,54,2,7,62,3,74,84,0,84,158
01/16/2005,GTR,MS,ASO,CE,Federal Contract Tower,0,6,1,0,7,0,0,30,0,30,0,6,31,0,37,6,0,6,43
01/17/2005,GTR,MS,ASO,CE,Federal Contract Tower,0,7,2,2,11,0,0,23,2,25,0,7,25,4,36,36,6,42,78
01/18/2005,GTR,MS,ASO,CE,Federal Contract Tower,0,12,8,42,62,0,3,23,21,47,0,15,31,63,109,52,18,70,179
01/19/2005,GTR,MS,ASO,CE,Federal Contract Tower,0,13,12,67,92,0,2,22,27,51,0,15,34,94,143,70,28,98,241
01/20/2005,GTR,MS,ASO,CE,Federal Contract Tower,0,12,5,89,106,0,0,16,8,24,0,12,21,97,130,68,38,106,236
01/21/2005,GTR,MS,ASO,CE,Federal Contract Tower,0,14,7,47,68,0,2,18,12,32,0,16,25,59,100,70,14,84,184
01/22/2005,GTR,MS,ASO,CE,Federal Contract Tower,0,9,2,0,11,0,0,7,1,8,0,9,9,1,19,2,0,2,21
01/23/2005,GTR,MS,ASO,CE,Federal Contract Tower,0,10,5,32,47,0,0,10,8,18,0,10,15,40,65,12,16,28,93
01/24/2005,GTR,MS,ASO,CE,Federal Contract Tower,0,12,7,62,81,0,1,28,22,51,0,13,35,84,132,42,54,96,228
01/25/2005,GTR,MS,ASO,CE,Federal Contract Tower,0,11,1,74,86,0,1,43,25,69,0,12,44,99,155,112,52,164,319
01/26/2005,GTR,MS,ASO,CE,Federal Contract Tower,0,17,11,15,43,0,0,20,23,43,0,17,31,38,86,78,0,78,164
01/27/2005,GTR,MS,ASO,CE,Federal Contract Tower,0,15,3,8,26,0,2,31,18,51,0,17,34,26,77,66,20,86,163
01/28/2005,GTR,MS,ASO,CE,Federal Contract Tower,2,18,8,58,86,0,0,2,4,6,2,18,10,62,92,0,8,8,100
01/29/2005,GTR,MS,ASO,CE,Federal Contract Tower,1,2,2,0,5,0,0,0,0,0,1,2,2,0,5,0,0,0,5
01/30/2005,GTR,MS,ASO,CE,Federal Contract Tower,0,1,5,4,10,0,0,4,1,5,0,1,9,5,15,22,10,32,47
01/31/2005,GTR,MS,ASO,CE,Federal Contract Tower,0,11,11,21,43,0,3,9,0,12,0,14,20,21,55,50,2,52,107
02/01/2005,GTR,MS,ASO,CE,Federal Contract Tower,0,13,10,26,49,0,0,0,0,0,0,13,10,26,49,0,0,0,49
02/02/2005,GTR,MS,ASO,CE,Federal Contract Tower,0,13,11,22,46,0,0,1,0,1,0,13,12,22,47,0,0,0,47
02/03/2005,GTR,MS,ASO,CE,Federal Contract Tower,0,12,12,67,91,0,2,8,5,15,0,14,20,72,106,90,2,92,198
02/04/2005,GTR,MS,ASO,CE,Federal Contract Tower,0,17,5,45,67,0,0,15,18,33,0,17,20,63,100,58,22,80,180
02/05/2005,GTR,MS,ASO,CE,Federal Contract Tower,0,8,1,9,18,0,0,48,4,52,0,8,49,13,70,76,12,88,158
02/06/2005,GTR,MS,ASO,CE,Federal Contract Tower,0,9,3,5,17,0,0,14,1,15,0,9,17,6,32,16,0,16,48
02/07/2005,GTR,MS,ASO,CE,Federal Contract Tower,0,13,8,37,58,0,0,4,14,18,0,13,12,51,76,44,18,62,138
02/08/2005,GTR,MS,ASO,CE,Federal Contract Tower,0,12,10,36,58,0,0,1,2,3,0,12,11,38,61,0,0,0,61
02/09/2005,GTR,MS,ASO,CE,Federal Contract Tower,0,13,11,40,64,0,0,1,3,4,0,13,12,43,68,2,6,8,76
02/10/2005,GTR,MS,ASO,CE,Federal Contract Tower,0,11,11,42,64,0,2,34,14,50,0,13,45,56,114,34,10,44,158
02/11/2005,GTR,MS,ASO,CE,Federal Contract Tower,0,15,9,45,69,0,1,28,9,38,0,16,37,54,107,52,0,52,159
02/12/2005,GTR,MS,ASO,CE,Federal Contract Tower,1,8,13,8,30,0,0,23,0,23,1,8,36,8,53,76,0,76,129
02/13/2005,GTR,MS,ASO,CE,Federal Contract Tower,0,7,7,18,32,0,0,0,7,7,0,7,7,25,39,0,8,8,47
02/14/2005,GTR,MS,ASO,CE,Federal Contract Tower,0,8,7,53,68,0,3,24,9,36,0,11,31,62,104,44,40,84,188
02/15/2005,GTR,MS,ASO,CE,Federal Contract Tower,0,14,12,46,72,0,1,60,20,81,0,15,72,66,153,44,30,74,227
02/16/2005,GTR,MS,ASO,CE,Federal Contract Tower,0,10,9,36,55,0,1,15,4,20,0,11,24,40,75,24,16,40,115
02/17/2005,GTR,MS,ASO,CE,Federal Contract Tower,0,16,10,43,69,0,1,38,8,47,0,17,48,51,116,40,18,58,174
02/18/2005,GTR,MS,ASO,CE,Federal Contract Tower,0,22,6,68,96,0,0,36,18,54,0,22,42,86,150,78,114,192,342
02/19/2005,GTR,MS,ASO,CE,Federal Contract Tower,0,7,12,3,22,0,0,26,1,27,0,7,38,4,49,20,6,26,75
02/20/2005,GTR,MS,ASO,CE,Federal Contract Tower,0,9,6,0,15,0,0,5,0,5,0,9,11,0,20,10,0,10,30
02/21/2005,GTR,MS,ASO,CE,Federal Contract Tower,0,6,16,5,27,0,0,14,1,15,0,6,30,6,42,14,2,16,58
02/22/2005,GTR,MS,ASO,CE,Federal Contract Tower,0,15,17,38,70,0,0,17,3,20,0,15,34,41,90,28,0,28,118
02/23/2005,GTR,MS,ASO,CE,Federal Contract Tower,0,12,2,27,41,0,0,24,2,26,0,12,26,29,67,24,0,24,91
02/24/2005,GTR,MS,ASO,CE,Federal Contract Tower,0,12,3,29,44,0,0,6,4,10,0,12,9,33,54,30,20,50,104
02/25/2005,GTR,MS,ASO,CE,Federal Contract Tower,0,13,4,42,59,0,0,43,7,50,0,13,47,49,109,66,12,78,187
02/26/2005,GTR,MS,ASO,CE,Federal Contract Tower,0,6,28,2,36,0,0,47,0,47,0,6,75,2,83,30,0,30,113
02/27/2005,GTR,MS,ASO,CE,Federal Contract Tower,0,6,5,3,14,0,0,0,0,0,0,6,5,3,14,0,0,0,14
02/28/2005,GTR,MS,ASO,CE,Federal Contract Tower,0,16,8,43,67,0,5,5,11,21,0,21,13,54,88,0,22,22,110
03/01/2005,GTR,MS,ASO,CE,Federal Contract Tower,0,12,3,39,54,0,1,24,15,40,0,13,27,54,94,14,34,48,142
03/02/2005,GTR,MS,ASO,CE,Federal Contract Tower,0,15,13,39,67,0,2,53,5,60,0,17,66,44,127,34,18,52,179
03/03/2005,GTR,MS,ASO,CE,Federal Contract Tower,0,13,4,31,48,0,0,60,12,72,0,13,64,43,120,40,10,50,170
03/04/2005,GTR,MS,ASO,CE,Federal Contract Tower,0,18,10,40,68,0,0,41,6,47,0,18,51,46,115,48,10,58,173
03/05/2005,GTR,MS,ASO,CE,Federal Contract Tower,0,6,2,4,12,0,0,24,0,24,0,6,26,4,36,30,0,30,66
03/06/2005,GTR,MS,ASO,CE,Federal Contract Tower,0,7,5,13,25,0,0,28,3,31,0,7,33,16,56,32,0,32,88
03/07/2005,GTR,MS,ASO,CE,Federal Contract Tower,0,11,6,57,74,0,0,0,0,0,0,11,6,57,74,0,0,0,74
03/08/2005,GTR,MS,ASO,CE,Federal Contract Tower,0,15,6,41,62,0,1,16,23,40,0,16,22,64,102,20,38,58,160
03/09/2005,GTR,MS,ASO,CE,Federal Contract Tower,0,15,8,60,83,0,1,12,12,25,0,16,20,72,108,56,2,58,166
03/10/2005,GTR,MS,ASO,CE,Federal Contract Tower,0,16,9,51,76,0,0,21,11,32,0,16,30,62,108,44,20,64,172
03/11/2005,GTR,MS,ASO,CE,Federal Contract Tower,0,14,4,26,44,0,0,6,1,7,0,14,10,27,51,0,0,0,51
03/12/2005,GTR,MS,ASO,CE,Federal Contract Tower,0,5,1,1,7,0,0,11,0,11,0,5,12,1,18,4,10,14,32
03/13/2005,GTR,MS,ASO,CE,Federal Contract Tower,0,7,7,21,35,0,0,19,3,22,0,7,26,24,57,30,14,44,101
03/14/2005,GTR,MS,ASO,CE,Federal Contract Tower,0,10,9,43,62,0,4,32,23,59,0,14,41,66,121,42,52,94,215
03/15/2005,GTR,MS,ASO,CE,Federal Contract Tower,0,14,10,32,56,0,0,20,28,48,0,14,30,60,104,52,50,102,206
03/16/2005,GTR,MS,ASO,CE,Federal Contract Tower,0,17,4,44,65,0,0,1,0,1,0,17,5,44,66,0,0,0,66
03/17/2005,GTR,MS,ASO,CE,Federal Contract Tower,0,11,8,68,87,0,0,10,0,10,0,11,18,68,97,22,0,22,119
03/18/2005,GTR,MS,ASO,CE,Federal Contract Tower,0,15,9,34,58,0,0,54,5,59,0,15,63,39,117,18,16,34,151
03/19/2005,GTR,MS,ASO,CE,Federal Contract Tower,0,7,14,0,21,0,0,5,2,7,0,7,19,2,28,10,0,10,38
03/20/2005,GTR,MS,ASO,CE,Federal Contract Tower,0,5,10,4,19,0,0,32,0,32,0,5,42,4,51,8,0,8,59
03/21/2005,GTR,MS,ASO,CE,Federal Contract Tower,0,11,8,43,62,0,2,63,13,78,0,13,71,56,140,106,38,144,284
03/22/2005,GTR,MS,ASO,CE,Federal Contract Tower,0,7,5,44,56,0,2,17,10,29,0,9,22,54,85,116,8,124,209
03/23/2005,GTR,MS,ASO,CE,Federal Contract Tower,0,13,7,26,46,0,0,55,14,69,0,13,62,40,115,44,24,68,183
03/24/2005,GTR,MS,ASO,CE,Federal Contract Tower,0,15,5,58,78,0,0,48,22,70,0,15,53,80,148,82,32,114,262
03/25/2005,GTR,MS,ASO,CE,Federal Contract Tower,0,15,24,26,65,0,0,34,6,40,0,15,58,32,105,54,6,60,165
03/26/2005,GTR,MS,ASO,CE,Federal Contract Tower,0,3,16,0,19,0,0,30,0,30,0,3,46,0,49,36,0,36,85
03/27/2005,GTR,MS,ASO,CE,Federal Contract Tower,0,4,9,0,13,0,0,0,0,0,0,4,9,0,13,0,0,0,13
03/28/2005,GTR,MS,ASO,CE,Federal Contract Tower,0,10,6,15,31,0,2,23,3,28,0,12,29,18,59,6,12,18,77
03/29/2005,GTR,MS,ASO,CE,Federal Contract Tower,0,11,10,36,57,0,2,31,18,51,0,13,41,54,108,90,12,102,210
03/30/2005,GTR,MS,ASO,CE,Federal Contract Tower,0,13,8,33,54,0,2,28,1,31,0,15,36,34,85,64,14,78,163
03/31/2005,GTR,MS,ASO,CE,Federal Contract Tower,0,14,9,14,37,0,0,34,2,36,0,14,43,16,73,76,16,92,165
04/01/2005,GTR,MS,ASO,CE,Federal Contract Tower,0,15,5,11,31,0,0,3,0,3,0,15,8,11,34,0,0,0,34
04/02/2005,GTR,MS,ASO,CE,Federal Contract Tower,0,6,1,4,11,0,0,8,2,10,0,6,9,6,21,0,4,4,25
04/03/2005,GTR,MS,ASO,CE,Federal Contract Tower,0,6,6,10,22,0,0,76,1,77,0,6,82,11,99,46,10,56,155
04/04/2005,GTR,MS,ASO,CE,Federal Contract Tower,0,11,7,33,51,0,2,38,5,45,0,13,45,38,96,74,30,104,200
04/05/2005,GTR,MS,ASO,CE,Federal Contract Tower,0,14,4,19,37,0,1,54,2,57,0,15,58,21,94,58,0,58,152
04/06/2005,GTR,MS,ASO,CE,Federal Contract Tower,0,11,2,0,13,0,0,0,0,0,0,11,2,0,13,0,0,0,13
04/07/2005,GTR,MS,ASO,CE,Federal Contract Tower,0,12,11,6,29,0,0,1,8,9,0,12,12,14,38,0,0,0,38
04/08/2005,GTR,MS,ASO,CE,Federal Contract Tower,0,18,25,22,65,0,0,13,0,13,0,18,38,22,78,16,0,16,94
04/09/2005,GTR,MS,ASO,CE,Federal Contract Tower,0,7,9,0,16,0,0,43,0,43,0,7,52,0,59,24,0,24,83
04/10/2005,GTR,MS,ASO,CE,Federal Contract Tower,0,7,6,0,13,0,0,43,0,43,0,7,49,0,56,46,0,46,102
04/11/2005,GTR,MS,ASO,CE,Federal Contract Tower,0,14,2,34,50,0,0,9,6,15,0,14,11,40,65,0,0,0,65
04/12/2005,GTR,MS,ASO,CE,Federal Contract Tower,0,11,2,18,31,0,2,27,25,54,0,13,29,43,85,40,44,84,169
04/13/2005,GTR,MS,ASO,CE,Federal Contract Tower,0,13,2,30,45,0,0,34,4,38,0,13,36,34,83,30,10,40,123
04/14/2005,GTR,MS,ASO,CE,Federal Contract Tower,0,13,3,22,38,0,0,47,8,55,0,13,50,30,93,78,0,78,171
04/15/2005,GTR,MS,ASO,CE,Federal Contract Tower,0,15,7,3,25,0,0,28,3,31,0,15,35,6,56,54,0,54,110
04/16/2005,GTR,MS,ASO,CE,Federal Contract Tower,0,6,0,1,7,0,0,36,4,40,0,6,36,5,47,44,0,44,91
04/17/2005,GTR,MS,ASO,CE,Federal Contract Tower,0,7,4,25,36,0,0,62,14,76,0,7,66,39,112,6,30,36,148
04/18/2005,GTR,MS,ASO,CE,Federal Contract Tower,0,6,4,40,50,0,0,30,10,40,0,6,34,50,90,18,6,24,114
04/19/2005,GTR,MS,ASO,CE,Federal Contract Tower,0,13,6,20,39,0,8,36,8,52,0,21,42,28,91,56,36,92,183
04/20/2005,GTR,MS,ASO,CE,Federal Contract Tower,0,16,5,21,42,0,0,20,3,23,0,16,25,24,65,22,0,22,87
04/21/2005,GTR,MS,ASO,CE,Federal Contract Tower,0,14,5,42,61,0,0,22,11,33,0,14,27,53,94,28,14,42,136
04/22/2005,GTR,MS,ASO,CE,Federal Contract Tower,0,16,1,17,34,0,0,4,4,8,0,16,5,21,42,0,4,4,46
04/23/2005,GTR,MS,ASO,CE,Federal Contract Tower,0,6,9,0,15,0,1,24,0,25,0,7,33,0,40,38,0,38,78
04/24/2005,GTR,MS,ASO,CE,Federal Contract Tower,0,9,1,5,15,0,0,33,1,34,0,9,34,6,49,34,0,34,83
04/25/2005,GTR,MS,ASO,CE,Federal Contract Tower,0,11,6,38,55,0,3,33,16,52,0,14,39,54,107,98,2,100,207
04/26/2005,GTR,MS,ASO,CE,Federal Contract Tower,0,8,3,41,52,0,1,9,5,15,0,9,12,46,67,16,0,16,83
04/27/2005,GTR,MS,ASO,CE,Federal Contract Tower,0,12,6,25,43,0,0,58,9,67,0,12,64,34,110,56,6,62,172
04/28/2005,GTR,MS,ASO,CE,Federal Contract Tower,0,12,7,34,53,0,1,39,5,45,0,13,46,39,98,40,4,44,142
04/29/2005,GTR,MS,ASO,CE,Federal Contract Tower,0,15,6,51,72,0,0,7,10,17,0,15,13,61,89,36,12,48,137
04/30/2005,GTR,MS,ASO,CE,Federal Contract Tower,0,5,3,0,8,0,0,6,0,6,0,5,9,0,14,0,0,0,14
05/01/2005,GTR,MS,ASO,CE,Federal Contract Tower,0,6,4,3,13,0,0,39,0,39,0,6,43,3,52,32,0,32,84
05/02/2005,GTR,MS,ASO,CE,Federal Contract Tower,0,10,12,34,56,0,3,32,8,43,0,13,44,42,99,78,16,94,193
05/03/2005,GTR,MS,ASO,CE,Federal Contract Tower,0,14,17,43,74,0,1,19,9,29,0,15,36,52,103,38,14,52,155
05/04/2005,GTR,MS,ASO,CE,Federal Contract Tower,0,13,6,57,76,0,0,30,0,30,0,13,36,57,106,74,4,78,184
05/05/2005,GTR,MS,ASO,CE,Federal Contract Tower,0,10,10,49,69,0,1,28,1,30,0,11,38,50,99,44,10,54,153
05/06/2005,GTR,MS,ASO,CE,Federal Contract Tower,0,16,2,43,61,0,0,26,13,39,0,16,28,56,100,30,28,58,158
05/07/2005,GTR,MS,ASO,CE,Federal Contract Tower,0,6,5,0,11,0,0,22,0,22,0,6,27,0,33,14,0,14,47
05/08/2005,GTR,MS,ASO,CE,Federal Contract Tower,0,7,3,10,20,0,0,14,3,17,0,7,17,13,37,8,6,14,51
05/09/2005,GTR,MS,ASO,CE,Federal Contract Tower,0,14,4,49,67,0,0,24,7,31,0,14,28,56,98,76,12,88,186
05/10/2005,GTR,MS,ASO,CE,Federal Contract Tower,0,12,5,55,72,0,1,52,17,70,0,13,57,72,142,50,24,74,216
05/11/2005,GTR,MS,ASO,CE,Federal Contract Tower,0,12,7,41,60,0,0,28,7,35,0,12,35,48,95,54,4,58,153
05/12/2005,GTR,MS,ASO,CE,Federal Contract Tower,0,13,5,27,45,0,0,21,11,32,0,13,26,38,77,38,30,68,145
05/13/2005,GTR,MS,ASO,CE,Federal Contract Tower,0,14,11,19,44,0,0,29,5,34,0,14,40,24,78,36,4,40,118
05/14/2005,GTR,MS,ASO,CE,Federal Contract Tower,0,6,8,1,15,0,2,11,0,13,0,8,19,1,28,8,0,8,36
05/15/2005,GTR,MS,ASO,CE,Federal Contract Tower,0,5,9,2,16,0,1,12,1,14,0,6,21,3,30,0,0,0,30
05/16/2005,GTR,MS,ASO,CE,Federal Contract Tower,0,13,7,15,35,0,2,28,3,33,0,15,35,18,68,104,4,108,176
05/17/2005,GTR,MS,ASO,CE,Federal Contract Tower,0,15,2,22,39,0,2,38,2,42,0,17,40,24,81,80,0,80,161
05/18/2005,GTR,MS,ASO,CE,Federal Contract Tower,0,11,9,7,27,0,1,31,3,35,0,12,40,10,62,38,2,40,102
05/19/2005,GTR,MS,ASO,CE,Federal Contract Tower,0,14,5,46,65,0,0,30,0,30,0,14,35,46,95,42,0,42,137
05/20/2005,GTR,MS,ASO,CE,Federal Contract Tower,0,15,6,26,47,0,0,6,6,12,0,15,12,32,59,12,6,18,77
05/21/2005,GTR,MS,ASO,CE,Federal Contract Tower,0,6,0,0,6,0,0,25,0,25,0,6,25,0,31,36,0,36,67
05/22/2005,GTR,MS,ASO,CE,Federal Contract Tower,0,9,2,3,14,0,0,24,5,29,0,9,26,8,43,12,4,16,59
05/23/2005,GTR,MS,ASO,CE,Federal Contract Tower,0,18,7,11,36,0,0,26,5,31,0,18,33,16,67,98,32,130,197
05/24/2005,GTR,MS,ASO,CE,Federal Contract Tower,0,13,3,31,47,0,0,52,7,59,0,13,55,38,106,32,4,36,142
05/25/2005,GTR,MS,ASO,CE,Federal Contract Tower,0,12,7,21,40,0,1,22,5,28,0,13,29,26,68,60,14,74,142
05/26/2005,GTR,MS,ASO,CE,Federal Contract Tower,0,13,17,31,61,0,0,28,5,33,0,13,45,36,94,46,40,86,180
05/27/2005,GTR,MS,ASO,CE,Federal Contract Tower,0,17,4,0,21,0,0,22,0,22,0,17,26,0,43,26,0,26,69
05/28/2005,GTR,MS,ASO,CE,Federal Contract Tower,0,6,9,0,15,0,0,20,0,20,0,6,29,0,35,22,0,22,57
05/29/2005,GTR,MS,ASO,CE,Federal Contract Tower,0,7,4,0,11,0,0,0,0,0,0,7,4,0,11,0,0,0,11
05/30/2005,GTR,MS,ASO,CE,Federal Contract Tower,0,10,1,0,11,0,0,2,0,2,0,10,3,0,13,0,0,0,13
05/31/2005,GTR,MS,ASO,CE,Federal Contract Tower,0,13,3,10,26,0,0,0,0,0,0,13,3,10,26,0,0,0,26
06/01/2005,GTR,MS,ASO,CE,Federal Contract Tower,0,15,11,33,59,0,0,2,1,3,0,15,13,34,62,18,0,18,80
06/02/2005,GTR,MS,ASO,CE,Federal Contract Tower,0,11,7,42,60,0,0,26,12,38,0,11,33,54,98,118,48,166,264
06/03/2005,GTR,MS,ASO,CE,Federal Contract Tower,0,14,8,33,55,0,0,52,13,65,0,14,60,46,120,12,18,30,150
06/04/2005,GTR,MS,ASO,CE,Federal Contract Tower,0,6,4,3,13,0,0,43,0,43,0,6,47,3,56,34,4,38,94
06/05/2005,GTR,MS,ASO,CE,Federal Contract Tower,0,6,2,2,10,0,0,11,0,11,0,6,13,2,21,4,0,4,25
06/06/2005,GTR,MS,ASO,CE,Federal Contract Tower,0,11,9,20,40,0,1,13,2,16,0,12,22,22,56,40,12,52,108
06/07/2005,GTR,MS,ASO,CE,Federal Contract Tower,0,11,3,23,37,0,0,47,9,56,0,11,50,32,93,88,8,96,189
06/08/2005,GTR,MS,ASO,CE,Federal Contract Tower,0,14,6,15,35,0,0,31,9,40,0,14,37,24,75,32,8,40,115
06/09/2005,GTR,MS,ASO,CE,Federal Contract Tower,0,14,8,32,54,0,0,41,12,53,0,14,49,44,107,46,14,60,167
06/10/2005,GTR,MS,ASO,CE,Federal Contract Tower,0,13,10,6,29,0,1,23,2,26,0,14,33,8,55,14,6,20,75
06/11/2005,GTR,MS,ASO,CE,Federal Contract Tower,0,5,4,0,9,0,0,6,0,6,0,5,10,0,15,0,0,0,15
06/12/2005,GTR,MS,ASO,CE,Federal Contract Tower,0,6,4,2,12,0,0,16,0,16,0,6,20,2,28,0,0,0,28
06/13/2005,GTR,MS,ASO,CE,Federal Contract Tower,0,12,6,16,34,0,3,78,6,87,0,15,84,22,121,66,6,72,193
06/14/2005,GTR,MS,ASO,CE,Federal Contract Tower,0,11,10,22,43,0,3,56,2,61,0,14,66,24,104,72,4,76,180
06/15/2005,GTR,MS,ASO,CE,Federal Contract Tower,0,15,8,30,53,0,0,71,15,86,0,15,79,45,139,52,22,74,213
06/16/2005,GTR,MS,ASO,CE,Federal Contract Tower,0,12,20,28,60,0,1,74,5,80,0,13,94,33,140,96,24,120,260
06/17/2005,GTR,MS,ASO,CE,Federal Contract Tower,0,15,20,14,49,0,0,38,2,40,0,15,58,16,89,20,18,38,127
06/18/2005,GTR,MS,ASO,CE,Federal Contract Tower,0,6,13,11,30,0,0,45,0,45,0,6,58,11,75,44,4,48,123
06/19/2005,GTR,MS,ASO,CE,Federal Contract Tower,0,7,4,17,28,0,0,20,0,20,0,7,24,17,48,32,4,36,84
06/20/2005,GTR,MS,ASO,CE,Federal Contract Tower,0,10,8,43,61,0,3,27,5,35,0,13,35,48,96,60,12,72,168
06/21/2005,GTR,MS,ASO,CE,Federal Contract Tower,0,11,1,26,38,0,1,34,7,42,0,12,35,33,80,96,34,130,210
06/22/2005,GTR,MS,ASO,CE,Federal Contract Tower,0,13,2,22,37,0,0,29,8,37,0,13,31,30,74,56,14,70,144
06/23/2005,GTR,MS,ASO,CE,Federal Contract Tower,0,14,11,22,47,0,0,33,28,61,0,14,44,50,108,80,22,102,210
06/24/2005,GTR,MS,ASO,CE,Federal Contract Tower,0,13,26,22,61,0,4,47,20,71,0,17,73,42,132,54,16,70,202
06/25/2005,GTR,MS,ASO,CE,Federal Contract Tower,0,5,8,0,13,0,0,47,0,47,0,5,55,0,60,48,0,48,108
06/26/2005,GTR,MS,ASO,CE,Federal Contract Tower,0,4,2,5,11,0,0,16,1,17,0,4,18,6,28,0,0,0,28
06/27/2005,GTR,MS,ASO,CE,Federal Contract Tower,0,12,5,43,60,0,0,14,6,20,0,12,19,49,80,140,22,162,242
06/28/2005,GTR,MS,ASO,CE,Federal Contract Tower,0,11,6,9,26,0,0,14,5,19,0,11,20,14,45,50,0,50,95
06/29/2005,GTR,MS,ASO,CE,Federal Contract Tower,0,12,5,19,36,0,0,34,5,39,0,12,39,24,75,52,0,52,127
06/30/2005,GTR,MS,ASO,CE,Federal Contract Tower,0,12,6,22,40,0,0,34,8,42,0,12,40,30,82,78,2,80,162
07/01/2005,GTR,MS,ASO,CE,Federal Contract Tower,0,13,8,4,25,0,0,9,1,10,0,13,17,5,35,28,2,30,65
07/02/2005,GTR,MS,ASO,CE,Federal Contract Tower,0,6,2,0,8,0,0,24,0,24,0,6,26,0,32,6,0,6,38
07/03/2005,GTR,MS,ASO,CE,Federal Contract Tower,0,7,0,0,7,0,0,16,0,16,0,7,16,0,23,0,0,0,23
07/04/2005,GTR,MS,ASO,CE,Federal Contract Tower,0,6,0,1,7,0,0,19,1,20,0,6,19,2,27,24,0,24,51
07/05/2005,GTR,MS,ASO,CE,Federal Contract Tower,0,10,2,0,12,0,1,14,0,15,0,11,16,0,27,40,0,40,67
07/06/2005,GTR,MS,ASO,CE,Federal Contract Tower,0,11,1,26,38,0,0,11,10,21,0,11,12,36,59,34,28,62,121
07/07/2005,GTR,MS,ASO,CE,Federal Contract Tower,0,9,11,8,28,0,1,43,3,47,0,10,54,11,75,34,10,44,119
07/08/2005,GTR,MS,ASO,CE,Federal Contract Tower,0,13,14,31,58,0,0,25,22,47,0,13,39,53,105,56,20,76,181
07/09/2005,GTR,MS,ASO,CE,Federal Contract Tower,0,4,6,9,19,0,0,36,1,37,0,4,42,10,56,58,0,58,114
07/10/2005,GTR,MS,ASO,CE,Federal Contract Tower,0,7,2,0,9,0,0,0,0,0,0,7,2,0,9,0,0,0,9
07/11/2005,GTR,MS,ASO,CE,Federal Contract Tower,0,11,0,10,21,0,0,2,1,3,0,11,2,11,24,6,28,34,58
07/12/2005,GTR,MS,ASO,CE,Federal Contract Tower,0,8,5,15,28,0,0,7,5,12,0,8,12,20,40,2,2,4,44
07/13/2005,GTR,MS,ASO,CE,Federal Contract Tower,0,10,9,82,101,0,1,22,8,31,0,11,31,90,132,24,46,70,202
07/14/2005,GTR,MS,ASO,CE,Federal Contract Tower,0,12,7,43,62,0,2,15,4,21,0,14,22,47,83,8,0,8,91
07/15/2005,GTR,MS,ASO,CE,Federal Contract Tower,0,14,14,46,74,0,0,12,11,23,0,14,26,57,97,4,12,16,113
07/16/2005,GTR,MS,ASO,CE,Federal Contract Tower,0,7,11,15,33,0,0,25,4,29,0,7,36,19,62,16,4,20,82
07/17/2005,GTR,MS,ASO,CE,Federal Contract Tower,0,6,12,36,54,0,0,25,3,28,0,6,37,39,82,28,10,38,120
07/18/2005,GTR,MS,ASO,CE,Federal Contract Tower,0,14,11,39,64,0,0,53,8,61,0,14,64,47,125,38,30,68,193
07/19/2005,GTR,MS,ASO,CE,Federal Contract Tower,0,10,8,35,53,0,0,40,17,57,0,10,48,52,110,66,14,80,190
07/20/2005,GTR,MS,ASO,CE,Federal Contract Tower,0,12,16,47,75,0,0,33,14,47,0,12,49,61,122,16,12,28,150
07/21/2005,GTR,MS,ASO,CE,Federal Contract Tower,0,10,4,62,76,0,1,32,10,43,0,11,36,72,119,76,40,116,235
07/22/2005,GTR,MS,ASO,CE,Federal Contract Tower,0,13,14,34,61,0,0,24,6,30,0,13,38,40,91,24,34,58,149
07/23/2005,GTR,MS,ASO,CE,Federal Contract Tower,0,6,3,0,9,0,0,32,0,32,0,6,35,0,41,20,0,20,61
07/24/2005,GTR,MS,ASO,CE,Federal Contract Tower,0,8,8,0,16,0,0,10,0,10,0,8,18,0,26,4,0,4,30
07/25/2005,GTR,MS,ASO,CE,Federal Contract Tower,0,11,3,38,52,0,2,35,14,51,0,13,38,52,103,14,18,32,135
07/26/2005,GTR,MS,ASO,CE,Federal Contract Tower,0,12,4,21,37,0,1,22,19,42,0,13,26,40,79,58,38,96,175
07/27/2005,GTR,MS,ASO,CE,Federal Contract Tower,0,12,5,29,46,0,0,35,28,63,0,12,40,57,109,26,20,46,155
07/28/2005,GTR,MS,ASO,CE,Federal Contract Tower,0,12,8,53,73,0,4,17,14,35,0,16,25,67,108,12,34,46,154
07/29/2005,GTR,MS,ASO,CE,Federal Contract Tower,0,12,13,33,58,0,0,23,20,43,0,12,36,53,101,14,78,92,193
07/30/2005,GTR,MS,ASO,CE,Federal Contract Tower,0,5,22,0,27,0,0,33,0,33,0,5,55,0,60,20,0,20,80
07/31/2005,GTR,MS,ASO,CE,Federal Contract Tower,0,4,6,29,39,0,0,56,2,58,0,4,62,31,97,34,4,38,135
08/01/2005,GTR,MS,ASO,CE,Federal Contract Tower,0,11,5,35,51,0,0,40,12,52,0,11,45,47,103,88,64,152,255
08/02/2005,GTR,MS,ASO,CE,Federal Contract Tower,0,8,9,34,51,0,1,19,32,52,0,9,28,66,103,34,62,96,199
08/03/2005,GTR,MS,ASO,CE,Federal Contract Tower,0,12,4,25,41,0,4,50,7,61,0,16,54,32,102,100,8,108,210
08/04/2005,GTR,MS,ASO,CE,Federal Contract Tower,0,8,7,47,62,0,0,33,15,48,0,8,40,62,110,16,28,44,154
08/05/2005,GTR,MS,ASO,CE,Federal Contract Tower,0,13,11,21,45,0,0,20,1,21,0,13,31,22,66,28,2,30,96
08/06/2005,GTR,MS,ASO,CE,Federal Contract Tower,0,4,2,7,13,0,0,36,0,36,0,4,38,7,49,4,40,44,93
08/07/2005,GTR,MS,ASO,CE,Federal Contract Tower,0,3,4,10,17,0,0,14,6,20,0,3,18,16,37,8,0,8,45
08/08/2005,GTR,MS,ASO,CE,Federal Contract Tower,0,7,16,37,60,0,2,32,10,44,0,9,48,47,104,42,16,58,162
08/09/2005,GTR,MS,ASO,CE,Federal Contract Tower,0,8,4,35,47,0,0,29,20,49,0,8,33,55,96,12,74,86,182
08/10/2005,GTR,MS,ASO,CE,Federal Contract Tower,0,11,6,13,30,0,1,31,27,59,0,12,37,40,89,44,28,72,161
08/11/2005,GTR,MS,ASO,CE,Federal Contract Tower,0,11,3,33,47,0,0,42,6,48,0,11,45,39,95,46,12,58,153
08/12/2005,GTR,MS,ASO,CE,Federal Contract Tower,0,12,16,26,54,0,0,19,9,28,0,12,35,35,82,30,22,52,134
08/13/2005,GTR,MS,ASO,CE,Federal Contract Tower,0,7,7,5,19,0,0,24,6,30,0,7,31,11,49,4,30,34,83
08/14/2005,GTR,MS,ASO,CE,Federal Contract Tower,0,6,1,12,19,0,0,11,2,13,0,6,12,14,32,18,26,44,76
08/15/2005,GTR,MS,ASO,CE,Federal Contract Tower,0,13,9,7,29,0,0,23,5,28,0,13,32,12,57,42,4,46,103
08/16/2005,GTR,MS,ASO,CE,Federal Contract Tower,0,11,6,4,21,0,1,30,8,39,0,12,36,12,60,24,12,36,96
08/17/2005,GTR,MS,ASO,CE,Federal Contract Tower,0,10,7,21,38,0,1,18,5,24,0,11,25,26,62,40,0,40,102
08/18/2005,GTR,MS,ASO,CE,Federal Contract Tower,0,11,10,6,27,0,3,28,9,40,0,14,38,15,67,48,22,70,137
08/19/2005,GTR,MS,ASO,CE,Federal Contract Tower,0,12,1,20,33,0,0,49,20,69,0,12,50,40,102,46,20,66,168
08/20/2005,GTR,MS,ASO,CE,Federal Contract Tower,0,3,0,0,3,0,1,39,0,40,0,4,39,0,43,40,0,40,83
08/21/2005,GTR,MS,ASO,CE,Federal Contract Tower,0,6,3,10,19,0,0,4,4,8,0,6,7,14,27,4,0,4,31
08/22/2005,GTR,MS,ASO,CE,Federal Contract Tower,0,14,4,11,29,0,0,23,7,30,0,14,27,18,59,38,0,38,97
08/23/2005,GTR,MS,ASO,CE,Federal Contract Tower,0,9,8,9,26,0,1,35,5,41,0,10,43,14,67,66,8,74,141
08/24/2005,GTR,MS,ASO,CE,Federal Contract Tower,0,11,3,8,22,0,1,38,18,57,0,12,41,26,79,72,20,92,171
08/25/2005,GTR,MS,ASO,CE,Federal Contract Tower,0,15,6,28,49,0,0,51,15,66,0,15,57,43,115,68,10,78,193
08/26/2005,GTR,MS,ASO,CE,Federal Contract Tower,0,16,7,15,38,0,0,37,7,44,0,16,44,22,82,92,2,94,176
08/27/2005,GTR,MS,ASO,CE,Federal Contract Tower,0,5,2,1,8,0,0,30,0,30,0,5,32,1,38,40,4,44,82
08/28/2005,GTR,MS,ASO,CE,Federal Contract Tower,0,7,1,11,19,0,0,15,2,17,0,7,16,13,36,12,6,18,54
08/29/2005,GTR,MS,ASO,CE,Federal Contract Tower,0,3,2,0,5,0,0,0,0,0,0,3,2,0,5,0,0,0,5
08/30/2005,GTR,MS,ASO,CE,Federal Contract Tower,0,6,3,0,9,0,0,8,0,8,0,6,11,0,17,0,2,2,19
08/31/2005,GTR,MS,ASO,CE,Federal Contract Tower,0,11,8,33,52,0,0,38,35,73,0,11,46,68,125,34,26,60,185
09/01/2005,GTR,MS,ASO,CE,Federal Contract Tower,0,11,11,36,58,0,3,28,25,56,0,14,39,61,114,36,22,58,172
09/02/2005,GTR,MS,ASO,CE,Federal Contract Tower,0,12,10,12,34,0,1,18,19,38,0,13,28,31,72,34,28,62,134
09/03/2005,GTR,MS,ASO,CE,Federal Contract Tower,0,9,3,0,12,0,0,32,0,32,0,9,35,0,44,18,0,18,62
09/04/2005,GTR,MS,ASO,CE,Federal Contract Tower,0,6,14,2,22,0,0,17,14,31,0,6,31,16,53,22,0,22,75
09/05/2005,GTR,MS,ASO,CE,Federal Contract Tower,0,6,7,0,13,0,0,16,2,18,0,6,23,2,31,4,0,4,35
09/06/2005,GTR,MS,ASO,CE,Federal Contract Tower,0,15,10,31,56,0,0,30,16,46,0,15,40,47,102,58,6,64,166
09/07/2005,GTR,MS,ASO,CE,Federal Contract Tower,0,15,11,31,57,0,1,27,8,36,0,16,38,39,93,56,12,68,161
09/08/2005,GTR,MS,ASO,CE,Federal Contract Tower,0,17,8,17,42,0,0,27,9,36,0,17,35,26,78,46,12,58,136
09/09/2005,GTR,MS,ASO,CE,Federal Contract Tower,0,17,6,10,33,0,0,32,11,43,0,17,38,21,76,64,38,102,178
09/10/2005,GTR,MS,ASO,CE,Federal Contract Tower,2,11,7,2,22,0,2,27,0,29,2,13,34,2,51,34,10,44,95
09/11/2005,GTR,MS,ASO,CE,Federal Contract Tower,0,6,5,8,19,0,0,22,9,31,0,6,27,17,50,26,4,30,80
09/12/2005,GTR,MS,ASO,CE,Federal Contract Tower,0,14,1,20,35,0,0,28,8,36,0,14,29,28,71,82,18,100,171
09/13/2005,GTR,MS,ASO,CE,Federal Contract Tower,0,13,12,54,79,0,0,29,13,42,0,13,41,67,121,115,22,137,258
09/14/2005,GTR,MS,ASO,CE,Federal Contract Tower,0,11,4,45,60,0,0,30,6,36,0,11,34,51,96,102,24,126,222
09/15/2005,GTR,MS,ASO,CE,Federal Contract Tower,0,13,2,50,65,0,4,32,8,44,0,17,34,58,109,80,0,80,189
09/16/2005,GTR,MS,ASO,CE,Federal Contract Tower,0,14,2,28,44,0,2,25,7,34,0,16,27,35,78,104,40,144,222
09/17/2005,GTR,MS,ASO,CE,Federal Contract Tower,2,8,4,0,14,0,0,30,0,30,2,8,34,0,44,40,0,40,84
09/18/2005,GTR,MS,ASO,CE,Federal Contract Tower,0,6,2,8,16,0,0,28,0,28,0,6,30,8,44,32,0,32,76
09/19/2005,GTR,MS,ASO,CE,Federal Contract Tower,0,12,5,32,49,0,3,30,4,37,0,15,35,36,86,36,4,40,126
09/20/2005,GTR,MS,ASO,CE,Federal Contract Tower,0,10,2,34,46,0,0,26,8,34,0,10,28,42,80,26,12,38,118
09/21/2005,GTR,MS,ASO,CE,Federal Contract Tower,0,11,15,19,45,0,1,34,5,40,0,12,49,24,85,38,8,46,131
09/22/2005,GTR,MS,ASO,CE,Federal Contract Tower,0,14,5,24,43,0,0,35,12,47,0,14,40,36,90,18,20,38,128
09/23/2005,GTR,MS,ASO,CE,Federal Contract Tower,2,20,2,18,42,0,1,21,10,32,2,21,23,28,74,34,0,34,108
09/24/2005,GTR,MS,ASO,CE,Federal Contract Tower,1,8,2,0,11,0,0,4,0,4,1,8,6,0,15,0,0,0,15
09/25/2005,GTR,MS,ASO,CE,Federal Contract Tower,0,8,2,0,10,0,0,3,2,5,0,8,5,2,15,0,0,0,15
09/26/2005,GTR,MS,ASO,CE,Federal Contract Tower,0,11,2,46,59,0,2,13,7,22,0,13,15,53,81,0,4,4,85
09/27/2005,GTR,MS,ASO,CE,Federal Contract Tower,0,11,15,15,41,0,1,29,5,35,0,12,44,20,76,40,2,42,118
09/28/2005,GTR,MS,ASO,CE,Federal Contract Tower,0,15,5,30,50,0,2,15,22,39,0,17,20,52,89,32,22,54,143
09/29/2005,GTR,MS,ASO,CE,Federal Contract Tower,0,12,14,8,34,0,0,33,8,41,0,12,47,16,75,86,0,86,161
09/30/2005,GTR,MS,ASO,CE,Federal Contract Tower,2,16,8,1,27,0,3,24,3,30,2,19,32,4,57,34,0,34,91
10/01/2005,GTR,MS,ASO,CE,Federal Contract Tower,2,8,20,0,30,0,0,19,0,19,2,8,39,0,49,36,0,36,85
10/02/2005,GTR,MS,ASO,CE,Federal Contract Tower,0,6,9,2,17,0,0,21,0,21,0,6,30,2,38,0,0,0,38
10/03/2005,GTR,MS,ASO,CE,Federal Contract Tower,0,10,7,15,32,0,2,12,5,19,0,12,19,20,51,42,10,52,103
10/04/2005,GTR,MS,ASO,CE,Federal Contract Tower,0,14,10,23,47,0,1,15,3,19,0,15,25,26,66,32,0,32,98
10/05/2005,GTR,MS,ASO,CE,Federal Contract Tower,0,13,12,33,58,0,2,32,9,43,0,15,44,42,101,38,8,46,147
10/06/2005,GTR,MS,ASO,CE,Federal Contract Tower,0,11,10,25,46,0,0,15,10,25,0,11,25,35,71,36,14,50,121
10/07/2005,GTR,MS,ASO,CE,Federal Contract Tower,2,13,11,25,51,0,2,3,17,22,2,15,14,42,73,0,34,34,107
10/08/2005,GTR,MS,ASO,CE,Federal Contract Tower,2,7,16,0,25,0,0,27,0,27,2,7,43,0,52,26,0,26,78
10/09/2005,GTR,MS,ASO,CE,Federal Contract Tower,0,4,4,1,9,0,0,12,1,13,0,4,16,2,22,2,10,12,34
10/10/2005,GTR,MS,ASO,CE,Federal Contract Tower,0,4,8,2,14,0,1,11,0,12,0,5,19,2,26,42,2,44,70
10/11/2005,GTR,MS,ASO,CE,Federal Contract Tower,0,15,6,21,42,0,0,16,3,19,0,15,22,24,61,16,0,16,77
10/12/2005,GTR,MS,ASO,CE,Federal Contract Tower,0,10,7,47,64,0,0,36,13,49,0,10,43,60,113,50,10,60,173
10/13/2005,GTR,MS,ASO,CE,Federal Contract Tower,0,12,9,22,43,0,0,20,2,22,0,12,29,24,65,22,6,28,93
10/14/2005,GTR,MS,ASO,CE,Federal Contract Tower,0,14,9,27,50,0,0,20,8,28,0,14,29,35,78,18,20,38,116
10/15/2005,GTR,MS,ASO,CE,Federal Contract Tower,0,8,6,17,31,0,0,33,8,41,0,8,39,25,72,16,20,36,108
10/16/2005,GTR,MS,ASO,CE,Federal Contract Tower,0,8,1,17,26,0,0,23,3,26,0,8,24,20,52,12,6,18,70
10/17/2005,GTR,MS,ASO,CE,Federal Contract Tower,0,12,7,4,23,0,3,25,8,36,0,15,32,12,59,28,30,58,117
10/18/2005,GTR,MS,ASO,CE,Federal Contract Tower,0,17,6,47,70,0,0,17,7,24,0,17,23,54,94,28,16,44,138
10/19/2005,GTR,MS,ASO,CE,Federal Contract Tower,0,13,0,14,27,0,0,37,4,41,0,13,37,18,68,84,26,110,178
10/20/2005,GTR,MS,ASO,CE,Federal Contract Tower,0,13,7,25,45,0,0,28,5,33,0,13,35,30,78,78,10,88,166
10/21/2005,GTR,MS,ASO,CE,Federal Contract Tower,2,21,22,29,74,0,3,13,8,24,2,24,35,37,98,12,30,42,140
10/22/2005,GTR,MS,ASO,CE,Federal Contract Tower,2,8,2,5,17,0,0,13,1,14,2,8,15,6,31,0,0,0,31
10/23/2005,GTR,MS,ASO,CE,Federal Contract Tower,0,9,4,4,17,0,1,5,4,10,0,10,9,8,27,2,0,2,29
10/24/2005,GTR,MS,ASO,CE,Federal Contract Tower,0,16,5,38,59,0,0,11,10,21,0,16,16,48,80,18,16,34,114
10/25/2005,GTR,MS,ASO,CE,Federal Contract Tower,0,13,5,21,39,0,0,18,2,20,0,13,23,23,59,26,40,66,125
10/26/2005,GTR,MS,ASO,CE,Federal Contract Tower,0,14,14,29,57,0,1,26,7,34,0,15,40,36,91,94,20,114,205
10/27/2005,GTR,MS,ASO,CE,Federal Contract Tower,0,13,22,23,58,0,0,13,5,18,0,13,35,28,76,40,24,64,140
10/28/2005,GTR,MS,ASO,CE,Federal Contract Tower,2,16,7,12,37,0,9,17,4,30,2,25,24,16,67,10,8,18,85
10/29/2005,GTR,MS,ASO,CE,Federal Contract Tower,0,8,6,0,14,0,0,28,0,28,0,8,34,0,42,32,0,32,74
10/30/2005,GTR,MS,ASO,CE,Federal Contract Tower,0,6,3,6,15,0,0,26,3,29,0,6,29,9,44,34,2,36,80
10/31/2005,GTR,MS,ASO,CE,Federal Contract Tower,0,12,4,28,44,0,2,36,4,42,0,14,40,32,86,40,30,70,156
11/01/2005,GTR,MS,ASO,CE,Federal Contract Tower,0,13,5,47,65,0,0,17,5,22,0,13,22,52,87,16,28,44,131
11/02/2005,GTR,MS,ASO,CE,Federal Contract Tower,0,15,9,26,50,0,0,34,8,42,0,15,43,34,92,58,10,68,160
11/03/2005,GTR,MS,ASO,CE,Federal Contract Tower,0,15,2,15,32,0,0,19,11,30,0,15,21,26,62,80,30,110,172
11/04/2005,GTR,MS,ASO,CE,Federal Contract Tower,0,14,17,11,42,0,0,19,5,24,0,14,36,16,66,60,22,82,148
11/05/2005,GTR,MS,ASO,CE,Federal Contract Tower,0,8,11,4,23,0,0,20,14,34,0,8,31,18,57,24,10,34,91
11/06/2005,GTR,MS,ASO,CE,Federal Contract Tower,0,6,6,10,22,0,1,12,1,14,0,7,18,11,36,8,20,28,64
11/07/2005,GTR,MS,ASO,CE,Federal Contract Tower,0,14,9,29,52,0,0,15,5,20,0,14,24,34,72,2,28,30,102
11/08/2005,GTR,MS,ASO,CE,Federal Contract Tower,0,15,2,31,48,0,2,32,5,39,0,17,34,36,87,100,8,108,195
11/09/2005,GTR,MS,ASO,CE,Federal Contract Tower,0,14,3,22,39,0,0,29,8,37,0,14,32,30,76,8,44,52,128
11/10/2005,GTR,MS,ASO,CE,Federal Contract Tower,0,13,8,16,37,0,5,28,5,38,0,18,36,21,75,42,20,62,137
11/11/2005,GTR,MS,ASO,CE,Federal Contract Tower,0,9,3,0,12,0,4,19,4,27,0,13,22,4,39,26,0,26,65
11/12/2005,GTR,MS,ASO,CE,Federal Contract Tower,0,9,2,7,18,0,11,14,0,25,0,20,16,7,43,14,6,20,63
11/13/2005,GTR,MS,ASO,CE,Federal Contract Tower,0,6,2,5,13,0,0,13,1,14,0,6,15,6,27,0,14,14,41
11/14/2005,GTR,MS,ASO,CE,Federal Contract Tower,0,14,12,3,29,0,18,3,1,22,0,32,15,4,51,24,4,28,79
11/15/2005,GTR,MS,ASO,CE,Federal Contract Tower,0,10,5,47,62,0,0,0,1,1,0,10,5,48,63,34,0,34,97
11/16/2005,GTR,MS,ASO,CE,Federal Contract Tower,0,14,12,48,74,0,2,26,5,33,0,16,38,53,107,72,52,124,231
11/17/2005,GTR,MS,ASO,CE,Federal Contract Tower,0,18,10,37,65,0,0,32,7,39,0,18,42,44,104,32,22,54,158
11/18/2005,GTR,MS,ASO,CE,Federal Contract Tower,2,18,16,20,56,0,0,18,3,21,2,18,34,23,77,36,2,38,115
11/19/2005,GTR,MS,ASO,CE,Federal Contract Tower,2,8,3,1,14,0,0,35,0,35,2,8,38,1,49,42,0,42,91
11/20/2005,GTR,MS,ASO,CE,Federal Contract Tower,0,7,8,8,23,0,0,20,4,24,0,7,28,12,47,12,2,14,61
11/21/2005,GTR,MS,ASO,CE,Federal Contract Tower,0,10,3,29,42,0,0,14,3,17,0,10,17,32,59,20,22,42,101
11/22/2005,GTR,MS,ASO,CE,Federal Contract Tower,0,13,9,44,66,0,1,26,12,39,0,14,35,56,105,22,26,48,153
11/23/2005,GTR,MS,ASO,CE,Federal Contract Tower,0,12,7,30,49,0,1,25,2,28,0,13,32,32,77,8,12,20,97
11/24/2005,GTR,MS,ASO,CE,Federal Contract Tower,0,4,3,0,7,0,0,8,0,8,0,4,11,0,15,6,0,6,21
11/25/2005,GTR,MS,ASO,CE,Federal Contract Tower,0,12,1,0,13,0,4,25,2,31,0,16,26,2,44,10,0,10,54
11/26/2005,GTR,MS,ASO,CE,Federal Contract Tower,0,9,15,0,24,0,0,20,0,20,0,9,35,0,44,14,0,14,58
11/27/2005,GTR,MS,ASO,CE,Federal Contract Tower,0,8,6,0,14,0,0,4,0,4,0,8,10,0,18,4,0,4,22
11/28/2005,GTR,MS,ASO,CE,Federal Contract Tower,0,11,2,19,32,0,1,5,1,7,0,12,7,20,39,18,0,18,57
11/29/2005,GTR,MS,ASO,CE,Federal Contract Tower,0,12,6,55,73,0,2,19,7,28,0,14,25,62,101,22,10,32,133
11/30/2005,GTR,MS,ASO,CE,Federal Contract Tower,0,12,0,45,57,0,1,31,5,37,0,13,31,50,94,84,6,90,184
12/01/2005,GTR,MS,ASO,CE,Federal Contract Tower,0,12,11,45,68,0,3,22,7,32,0,15,33,52,100,130,0,130,230
12/02/2005,GTR,MS,ASO,CE,Federal Contract Tower,0,12,8,40,60,0,0,27,8,35,0,12,35,48,95,96,22,118,213
12/03/2005,GTR,MS,ASO,CE,Federal Contract Tower,0,7,1,16,24,0,0,10,0,10,0,7,11,16,34,0,14,14,48
12/04/2005,GTR,MS,ASO,CE,Federal Contract Tower,0,3,2,8,13,0,0,0,0,0,0,3,2,8,13,0,0,0,13
12/05/2005,GTR,MS,ASO,CE,Federal Contract Tower,0,11,15,96,122,0,0,1,8,9,0,11,16,104,131,0,10,10,141
12/06/2005,GTR,MS,ASO,CE,Federal Contract Tower,0,12,3,35,50,0,0,22,9,31,0,12,25,44,81,28,28,56,137
12/07/2005,GTR,MS,ASO,CE,Federal Contract Tower,0,11,7,31,49,0,0,30,5,35,0,11,37,36,84,54,20,74,158
12/08/2005,GTR,MS,ASO,CE,Federal Contract Tower,0,9,2,22,33,0,0,7,4,11,0,9,9,26,44,4,14,18,62
12/09/2005,GTR,MS,ASO,CE,Federal Contract Tower,0,10,29,32,71,0,0,50,4,54,0,10,79,36,125,52,24,76,201
12/10/2005,GTR,MS,ASO,CE,Federal Contract Tower,0,8,14,0,22,0,0,41,0,41,0,8,55,0,63,26,0,26,89
12/11/2005,GTR,MS,ASO,CE,Federal Contract Tower,0,5,5,1,11,0,0,20,0,20,0,5,25,1,31,26,0,26,57
12/12/2005,GTR,MS,ASO,CE,Federal Contract Tower,0,13,10,46,69,0,0,24,10,34,0,13,34,56,103,30,30,60,163
12/13/2005,GTR,MS,ASO,CE,Federal Contract Tower,0,13,5,34,52,0,0,19,6,25,0,13,24,40,77,54,22,76,153
12/14/2005,GTR,MS,ASO,CE,Federal Contract Tower,0,10,7,21,38,0,0,2,1,3,0,10,9,22,41,4,0,4,45
12/15/2005,GTR,MS,ASO,CE,Federal Contract Tower,0,10,15,10,35,0,0,7,4,11,0,10,22,14,46,14,4,18,64
12/16/2005,GTR,MS,ASO,CE,Federal Contract Tower,0,11,10,22,43,0,1,21,10,32,0,12,31,32,75,76,6,82,157
12/17/2005,GTR,MS,ASO,CE,Federal Contract Tower,0,5,1,0,6,0,0,32,0,32,0,5,33,0,38,120,0,120,158
12/18/2005,GTR,MS,ASO,CE,Federal Contract Tower,0,7,5,2,14,0,0,31,1,32,0,7,36,3,46,32,0,32,78
12/19/2005,GTR,MS,ASO,CE,Federal Contract Tower,0,12,6,19,37,0,0,24,6,30,0,12,30,25,67,138,4,142,209
12/20/2005,GTR,MS,ASO,CE,Federal Contract Tower,0,10,7,15,32,0,0,34,5,39,0,10,41,20,71,26,4,30,101
12/21/2005,GTR,MS,ASO,CE,Federal Contract Tower,0,8,18,8,34,0,1,19,2,22,0,9,37,10,56,28,18,46,102
12/22/2005,GTR,MS,ASO,CE,Federal Contract Tower,0,10,21,9,40,0,8,15,7,30,0,18,36,16,70,26,14,40,110
12/23/2005,GTR,MS,ASO,CE,Federal Contract Tower,0,12,3,0,15,0,2,19,0,21,0,14,22,0,36,18,0,18,54
12/24/2005,GTR,MS,ASO,CE,Federal Contract Tower,0,6,6,0,12,0,0,0,0,0,0,6,6,0,12,0,0,0,12
12/25/2005,GTR,MS,ASO,CE,Federal Contract Tower,0,5,0,0,5,0,0,0,0,0,0,5,0,0,5,0,0,0,5
12/26/2005,GTR,MS,ASO,CE,Federal Contract Tower,0,5,7,0,12,0,0,11,0,11,0,5,18,0,23,6,0,6,29
12/27/2005,GTR,MS,ASO,CE,Federal Contract Tower,0,10,8,0,18,0,2,2,0,4,0,12,10,0,22,0,0,0,22
12/28/2005,GTR,MS,ASO,CE,Federal Contract Tower,0,11,4,8,23,0,0,16,10,26,0,11,20,18,49,0,8,8,57
12/29/2005,GTR,MS,ASO,CE,Federal Contract Tower,0,11,23,0,34,0,0,13,0,13,0,11,36,0,47,68,0,68,115
12/30/2005,GTR,MS,ASO,CE,Federal Contract Tower,0,13,14,0,27,0,0,21,0,21,0,13,35,0,48,12,0,12,60
12/31/2005,GTR,MS,ASO,CE,Federal Contract Tower,0,6,2,0,8,0,0,14,0,14,0,6,16,0,22,8,0,8,30
01/01/2006,GTR,MS,ASO,CE,Federal Contract Tower,0,5,5,0,10,0,0,2,0,2,0,5,7,0,12,0,0,0,12
01/02/2006,GTR,MS,ASO,CE,Federal Contract Tower,0,4,3,0,7,0,0,9,0,9,0,4,12,0,16,0,0,0,16
01/03/2006,GTR,MS,ASO,CE,Federal Contract Tower,0,12,10,28,50,0,0,22,10,32,0,12,32,38,82,46,38,84,166
01/04/2006,GTR,MS,ASO,CE,Federal Contract Tower,0,13,9,49,71,0,0,25,9,34,0,13,34,58,105,84,30,114,219
01/05/2006,GTR,MS,ASO,CE,Federal Contract Tower,0,15,6,13,34,0,0,15,4,19,0,15,21,17,53,46,16,62,115
01/06/2006,GTR,MS,ASO,CE,Federal Contract Tower,0,15,3,12,30,0,0,32,2,34,0,15,35,14,64,18,0,18,82
01/07/2006,GTR,MS,ASO,CE,Federal Contract Tower,0,6,2,7,15,0,0,22,0,22,0,6,24,7,37,0,2,2,39
01/08/2006,GTR,MS,ASO,CE,Federal Contract Tower,0,5,5,24,34,0,0,1,15,16,0,5,6,39,50,0,0,0,50
01/09/2006,GTR,MS,ASO,CE,Federal Contract Tower,0,12,8,38,58,0,0,12,21,33,0,12,20,59,91,30,12,42,133
01/10/2006,GTR,MS,ASO,CE,Federal Contract Tower,2,11,10,32,55,0,0,21,4,25,2,11,31,36,80,26,24,50,130
01/11/2006,GTR,MS,ASO,CE,Federal Contract Tower,0,10,19,40,69,0,0,26,9,35,0,10,45,49,104,22,42,64,168
01/12/2006,GTR,MS,ASO,CE,Federal Contract Tower,0,11,30,40,81,0,1,54,6,61,0,12,84,46,142,82,24,106,248
01/13/2006,GTR,MS,ASO,CE,Federal Contract Tower,1,11,6,11,29,0,0,11,2,13,1,11,17,13,42,6,0,6,48
01/14/2006,GTR,MS,ASO,CE,Federal Contract Tower,0,8,5,0,13,0,0,10,1,11,0,8,15,1,24,0,2,2,26
01/15/2006,GTR,MS,ASO,CE,Federal Contract Tower,0,7,2,8,17,0,2,31,3,36,0,9,33,11,53,6,8,14,67
01/16/2006,GTR,MS,ASO,CE,Federal Contract Tower,0,7,21,5,33,0,0,11,0,11,0,7,32,5,44,54,14,68,112
01/17/2006,GTR,MS,ASO,CE,Federal Contract Tower,0,12,3,1,16,0,0,0,0,0,0,12,3,1,16,0,0,0,16
01/18/2006,GTR,MS,ASO,CE,Federal Contract Tower,0,12,9,80,101,0,0,31,8,39,0,12,40,88,140,68,24,92,232
01/19/2006,GTR,MS,ASO,CE,Federal Contract Tower,0,13,5,13,31,0,0,26,8,34,0,13,31,21,65,70,20,90,155
01/20/2006,GTR,MS,ASO,CE,Federal Contract Tower,0,18,8,30,56,0,1,23,10,34,0,19,31,40,90,34,90,124,214
01/21/2006,GTR,MS,ASO,CE,Federal Contract Tower,0,7,8,0,15,0,0,1,0,1,0,7,9,0,16,4,0,4,20
01/22/2006,GTR,MS,ASO,CE,Federal Contract Tower,0,4,5,0,9,0,0,0,0,0,0,4,5,0,9,0,0,0,9
01/23/2006,GTR,MS,ASO,CE,Federal Contract Tower,0,8,7,34,49,0,0,5,0,5,0,8,12,34,54,2,0,2,56
01/24/2006,GTR,MS,ASO,CE,Federal Contract Tower,0,13,4,24,41,0,0,23,0,23,0,13,27,24,64,16,28,44,108
01/25/2006,GTR,MS,ASO,CE,Federal Contract Tower,0,10,4,17,31,0,1,35,9,45,0,11,39,26,76,62,22,84,160
01/26/2006,GTR,MS,ASO,CE,Federal Contract Tower,0,8,2,14,24,0,3,22,6,31,0,11,24,20,55,38,0,38,93
01/27/2006,GTR,MS,ASO,CE,Federal Contract Tower,0,13,2,36,51,0,0,11,2,13,0,13,13,38,64,8,12,20,84
01/28/2006,GTR,MS,ASO,CE,Federal Contract Tower,0,6,0,8,14,0,3,15,3,21,0,9,15,11,35,20,18,38,73
01/29/2006,GTR,MS,ASO,CE,Federal Contract Tower,0,5,4,17,26,0,0,8,1,9,0,5,12,18,35,0,0,0,35
01/30/2006,GTR,MS,ASO,CE,Federal Contract Tower,0,12,9,57,78,0,1,13,9,23,0,13,22,66,101,12,40,52,153
01/31/2006,GTR,MS,ASO,CE,Federal Contract Tower,0,13,6,13,32,0,2,58,7,67,0,15,64,20,99,14,6,20,119
02/01/2006,GTR,MS,ASO,CE,Federal Contract Tower,0,10,8,21,39,0,2,34,9,45,0,12,42,30,84,20,20,40,124
02/02/2006,GTR,MS,ASO,CE,Federal Contract Tower,0,11,5,10,26,0,0,2,0,2,0,11,7,10,28,0,0,0,28
02/03/2006,GTR,MS,ASO,CE,Federal Contract Tower,0,11,11,6,28,0,0,0,0,0,0,11,11,6,28,0,0,0,28
02/04/2006,GTR,MS,ASO,CE,Federal Contract Tower,0,6,2,2,10,0,0,10,0,10,0,6,12,2,20,10,0,10,30
02/05/2006,GTR,MS,ASO,CE,Federal Contract Tower,0,7,8,6,21,0,0,18,5,23,0,7,26,11,44,8,6,14,58
02/06/2006,GTR,MS,ASO,CE,Federal Contract Tower,0,15,4,0,19,0,0,0,0,0,0,15,4,0,19,0,0,0,19
02/07/2006,GTR,MS,ASO,CE,Federal Contract Tower,0,10,8,43,61,0,1,31,0,32,0,11,39,43,93,72,16,88,181
02/08/2006,GTR,MS,ASO,CE,Federal Contract Tower,0,14,9,35,58,0,0,31,9,40,0,14,40,44,98,62,4,66,164
02/09/2006,GTR,MS,ASO,CE,Federal Contract Tower,0,11,14,34,59,0,1,12,1,14,0,12,26,35,73,38,26,64,137
02/10/2006,GTR,MS,ASO,CE,Federal Contract Tower,0,16,8,26,50,0,0,16,6,22,0,16,24,32,72,12,12,24,96
02/11/2006,GTR,MS,ASO,CE,Federal Contract Tower,0,6,5,0,11,0,0,7,0,7,0,6,12,0,18,6,0,6,24
02/12/2006,GTR,MS,ASO,CE,Federal Contract Tower,0,7,6,10,23,0,0,10,2,12,0,7,16,12,35,0,4,4,39
02/13/2006,GTR,MS,ASO,CE,Federal Contract Tower,0,13,6,27,46,0,1,15,3,19,0,14,21,30,65,10,0,10,75
02/14/2006,GTR,MS,ASO,CE,Federal Contract Tower,0,11,8,40,59,0,0,41,5,46,0,11,49,45,105,10,14,24,129
02/15/2006,GTR,MS,ASO,CE,Federal Contract Tower,0,11,12,60,83,0,0,24,11,35,0,11,36,71,118,84,20,104,222
02/16/2006,GTR,MS,ASO,CE,Federal Contract Tower,0,11,6,61,78,0,1,13,2,16,0,12,19,63,94,14,4,18,112
02/17/2006,GTR,MS,ASO,CE,Federal Contract Tower,0,12,8,31,51,0,2,1,0,3,0,14,9,31,54,0,0,0,54
02/18/2006,GTR,MS,ASO,CE,Federal Contract Tower,0,8,2,0,10,0,0,0,0,0,0,8,2,0,10,0,0,0,10
02/19/2006,GTR,MS,ASO,CE,Federal Contract Tower,0,7,0,0,7,0,0,20,0,20,0,7,20,0,27,28,0,28,55
02/20/2006,GTR,MS,ASO,CE,Federal Contract Tower,0,6,7,0,13,0,0,0,0,0,0,6,7,0,13,0,0,0,13
02/21/2006,GTR,MS,ASO,CE,Federal Contract Tower,0,12,18,62,92,0,1,1,0,2,0,13,19,62,94,26,6,32,126
02/22/2006,GTR,MS,ASO,CE,Federal Contract Tower,0,11,8,0,19,0,0,0,0,0,0,11,8,0,19,0,0,0,19
02/23/2006,GTR,MS,ASO,CE,Federal Contract Tower,0,11,13,28,52,0,0,36,9,45,0,11,49,37,97,14,14,28,125
02/24/2006,GTR,MS,ASO,CE,Federal Contract Tower,0,14,13,28,55,0,0,48,7,55,0,14,61,35,110,60,10,70,180
02/25/2006,GTR,MS,ASO,CE,Federal Contract Tower,0,6,1,5,12,0,0,0,0,0,0,6,1,5,12,0,0,0,12
02/26/2006,GTR,MS,ASO,CE,Federal Contract Tower,0,5,4,8,17,0,0,21,5,26,0,5,25,13,43,20,8,28,71
02/27/2006,GTR,MS,ASO,CE,Federal Contract Tower,0,12,9,35,56,0,0,51,13,64,0,12,60,48,120,52,36,88,208
02/28/2006,GTR,MS,ASO,CE,Federal Contract Tower,0,13,6,38,57,0,0,43,4,47,0,13,49,42,104,84,0,84,188
03/01/2006,GTR,MS,ASO,CE,Federal Contract Tower,0,11,21,25,57,0,0,40,5,45,0,11,61,30,102,78,8,86,188
03/02/2006,GTR,MS,ASO,CE,Federal Contract Tower,0,11,24,15,50,0,0,57,1,58,0,11,81,16,108,84,0,84,192
03/03/2006,GTR,MS,ASO,CE,Federal Contract Tower,0,14,23,19,56,0,0,51,4,55,0,14,74,23,111,46,14,60,171
03/04/2006,GTR,MS,ASO,CE,Federal Contract Tower,0,4,8,14,26,0,0,70,2,72,0,4,78,16,98,12,2,14,112
03/05/2006,GTR,MS,ASO,CE,Federal Contract Tower,0,6,9,16,31,0,1,51,0,52,0,7,60,16,83,22,2,24,107
03/06/2006,GTR,MS,ASO,CE,Federal Contract Tower,0,11,10,39,60,0,2,24,1,27,0,13,34,40,87,24,6,30,117
03/07/2006,GTR,MS,ASO,CE,Federal Contract Tower,0,17,1,23,41,0,0,49,7,56,0,17,50,30,97,48,2,50,147
03/08/2006,GTR,MS,ASO,CE,Federal Contract Tower,0,16,4,24,44,0,0,47,2,49,0,16,51,26,93,58,12,70,163
03/09/2006,GTR,MS,ASO,CE,Federal Contract Tower,0,11,0,5,16,0,0,1,1,2,0,11,1,6,18,12,0,12,30
03/10/2006,GTR,MS,ASO,CE,Federal Contract Tower,1,16,9,23,49,0,2,23,5,30,1,18,32,28,79,16,38,54,133
03/11/2006,GTR,MS,ASO,CE,Federal Contract Tower,0,5,2,2,9,0,0,13,0,13,0,5,15,2,22,6,16,22,44
03/12/2006,GTR,MS,ASO,CE,Federal Contract Tower,0,5,3,12,20,0,0,7,4,11,0,5,10,16,31,2,20,22,53
03/13/2006,GTR,MS,ASO,CE,Federal Contract Tower,0,12,4,10,26,0,0,7,2,9,0,12,11,12,35,14,0,14,49
03/14/2006,GTR,MS,ASO,CE,Federal Contract Tower,0,10,7,19,36,0,0,33,5,38,0,10,40,24,74,32,20,52,126
03/15/2006,GTR,MS,ASO,CE,Federal Contract Tower,0,10,10,34,54,0,0,47,12,59,0,10,57,46,113,58,32,90,203
03/16/2006,GTR,MS,ASO,CE,Federal Contract Tower,0,10,10,58,78,0,1,26,6,33,0,11,36,64,111,28,0,28,139
03/17/2006,GTR,MS,ASO,CE,Federal Contract Tower,0,15,4,11,30,0,2,50,9,61,0,17,54,20,91,36,8,44,135
03/18/2006,GTR,MS,ASO,CE,Federal Contract Tower,0,4,6,0,10,0,0,63,0,63,0,4,69,0,73,12,0,12,85
03/19/2006,GTR,MS,ASO,CE,Federal Contract Tower,0,5,11,20,36,0,0,1,0,1,0,5,12,20,37,0,0,0,37
03/20/2006,GTR,MS,ASO,CE,Federal Contract Tower,0,10,2,12,24,0,0,2,0,2,0,10,4,12,26,0,0,0,26
03/21/2006,GTR,MS,ASO,CE,Federal Contract Tower,0,9,21,64,94,0,0,9,7,16,0,9,30,71,110,38,0,38,148
03/22/2006,GTR,MS,ASO,CE,Federal Contract Tower,0,6,13,42,61,0,11,30,12,53,0,17,43,54,114,32,4,36,150
03/23/2006,GTR,MS,ASO,CE,Federal Contract Tower,0,9,18,28,55,0,0,49,7,56,0,9,67,35,111,36,4,40,151
03/24/2006,GTR,MS,ASO,CE,Federal Contract Tower,0,13,21,34,68,0,5,44,5,54,0,18,65,39,122,16,18,34,156
03/25/2006,GTR,MS,ASO,CE,Federal Contract Tower,0,4,4,2,10,0,0,53,0,53,0,4,57,2,63,20,14,34,97
03/26/2006,GTR,MS,ASO,CE,Federal Contract Tower,0,5,7,1,13,0,1,28,1,30,0,6,35,2,43,30,0,30,73
03/27/2006,GTR,MS,ASO,CE,Federal Contract Tower,0,10,0,32,42,0,0,19,14,33,0,10,19,46,75,8,16,24,99
03/28/2006,GTR,MS,ASO,CE,Federal Contract Tower,0,9,12,32,53,0,0,52,14,66,0,9,64,46,119,38,20,58,177
03/29/2006,GTR,MS,ASO,CE,Federal Contract Tower,0,10,14,30,54,0,0,53,9,62,0,10,67,39,116,66,14,80,196
03/30/2006,GTR,MS,ASO,CE,Federal Contract Tower,0,9,4,8,21,0,0,38,3,41,0,9,42,11,62,52,10,62,124
03/31/2006,GTR,MS,ASO,CE,Federal Contract Tower,0,12,7,35,54,0,0,0,4,4,0,12,7,39,58,0,0,0,58
04/01/2006,GTR,MS,ASO,CE,Federal Contract Tower,0,4,11,14,29,0,0,13,1,14,0,4,24,15,43,32,26,58,101
04/02/2006,GTR,MS,ASO,CE,Federal Contract Tower,0,5,6,20,31,0,0,24,5,29,0,5,30,25,60,16,12,28,88
04/03/2006,GTR,MS,ASO,CE,Federal Contract Tower,0,8,4,21,33,0,1,14,5,20,0,9,18,26,53,14,10,24,77
04/04/2006,GTR,MS,ASO,CE,Federal Contract Tower,0,9,13,20,42,0,0,48,2,50,0,9,61,22,92,94,6,100,192
04/05/2006,GTR,MS,ASO,CE,Federal Contract Tower,0,9,6,25,40,0,0,30,4,34,0,9,36,29,74,40,0,40,114
04/06/2006,GTR,MS,ASO,CE,Federal Contract Tower,0,8,11,14,33,0,2,30,3,35,0,10,41,17,68,16,6,22,90
04/07/2006,GTR,MS,ASO,CE,Federal Contract Tower,0,10,7,11,28,0,1,11,6,18,0,11,18,17,46,2,8,10,56
04/08/2006,GTR,MS,ASO,CE,Federal Contract Tower,0,4,6,12,22,0,0,34,0,34,0,4,40,12,56,10,14,24,80
04/09/2006,GTR,MS,ASO,CE,Federal Contract Tower,0,5,21,7,33,0,0,28,0,28,0,5,49,7,61,10,0,10,71
04/10/2006,GTR,MS,ASO,CE,Federal Contract Tower,0,9,11,20,40,0,0,36,4,40,0,9,47,24,80,50,6,56,136
04/11/2006,GTR,MS,ASO,CE,Federal Contract Tower,0,9,6,6,21,0,0,36,4,40,0,9,42,10,61,80,6,86,147
04/12/2006,GTR,MS,ASO,CE,Federal Contract Tower,0,8,14,11,33,0,0,42,5,47,0,8,56,16,80,24,4,28,108
04/13/2006,GTR,MS,ASO,CE,Federal Contract Tower,0,12,6,32,50,0,1,35,4,40,0,13,41,36,90,46,32,78,168
04/14/2006,GTR,MS,ASO,CE,Federal Contract Tower,0,11,24,30,65,0,1,17,5,23,0,12,41,35,88,14,20,34,122
04/15/2006,GTR,MS,ASO,CE,Federal Contract Tower,0,4,8,0,12,0,0,17,0,17,0,4,25,0,29,14,0,14,43
04/16/2006,GTR,MS,ASO,CE,Federal Contract Tower,0,7,7,0,14,0,0,1,0,1,0,7,8,0,15,0,0,0,15
04/17/2006,GTR,MS,ASO,CE,Federal Contract Tower,0,9,20,34,63,0,1,10,14,25,0,10,30,48,88,4,8,12,100
04/18/2006,GTR,MS,ASO,CE,Federal Contract Tower,0,13,14,32,59,0,0,44,4,48,0,13,58,36,107,40,10,50,157
04/19/2006,GTR,MS,ASO,CE,Federal Contract Tower,0,8,16,30,54,0,0,26,17,43,0,8,42,47,97,6,24,30,127
04/20/2006,GTR,MS,ASO,CE,Federal Contract Tower,0,7,24,41,72,0,0,13,14,27,0,7,37,55,99,28,14,42,141
04/21/2006,GTR,MS,ASO,CE,Federal Contract Tower,0,11,13,42,66,0,0,11,2,13,0,11,24,44,79,12,10,22,101
04/22/2006,GTR,MS,ASO,CE,Federal Contract Tower,0,8,3,0,11,0,18,51,0,69,0,26,54,0,80,24,0,24,104
04/23/2006,GTR,MS,ASO,CE,Federal Contract Tower,0,5,5,14,24,0,0,28,4,32,0,5,33,18,56,26,0,26,82
04/24/2006,GTR,MS,ASO,CE,Federal Contract Tower,0,10,4,0,14,0,0,35,0,35,0,10,39,0,49,30,0,30,79
04/25/2006,GTR,MS,ASO,CE,Federal Contract Tower,0,11,8,41,60,0,0,21,13,34,0,11,29,54,94,36,32,68,162
04/26/2006,GTR,MS,ASO,CE,Federal Contract Tower,0,11,11,59,81,0,0,5,1,6,0,11,16,60,87,0,18,18,105
04/27/2006,GTR,MS,ASO,CE,Federal Contract Tower,2,9,8,31,50,0,0,29,1,30,2,9,37,32,80,12,24,36,116
04/28/2006,GTR,MS,ASO,CE,Federal Contract Tower,0,13,16,48,77,0,2,29,9,40,0,15,45,57,117,66,34,100,217
04/29/2006,GTR,MS,ASO,CE,Federal Contract Tower,0,4,12,8,24,0,0,20,0,20,0,4,32,8,44,14,24,38,82
04/30/2006,GTR,MS,ASO,CE,Federal Contract Tower,2,6,3,31,42,0,0,0,6,6,2,6,3,37,48,8,0,8,56
05/01/2006,GTR,MS,ASO,CE,Federal Contract Tower,0,11,1,79,91,0,0,27,32,59,0,11,28,111,150,28,22,50,200
05/02/2006,GTR,MS,ASO,CE,Federal Contract Tower,0,10,9,64,83,0,0,24,8,32,0,10,33,72,115,90,8,98,213
05/03/2006,GTR,MS,ASO,CE,Federal Contract Tower,0,11,6,54,71,0,0,28,10,38,0,11,34,64,109,32,32,64,173
05/04/2006,GTR,MS,ASO,CE,Federal Contract Tower,0,9,14,54,77,0,0,25,17,42,0,9,39,71,119,4,52,56,175
05/05/2006,GTR,MS,ASO,CE,Federal Contract Tower,0,11,11,29,51,0,0,1,0,1,0,11,12,29,52,2,0,2,54
05/06/2006,GTR,MS,ASO,CE,Federal Contract Tower,0,4,4,0,8,0,1,52,0,53,0,5,56,0,61,42,0,42,103
05/07/2006,GTR,MS,ASO,CE,Federal Contract Tower,0,6,11,1,18,0,0,9,0,9,0,6,20,1,27,10,0,10,37
05/08/2006,GTR,MS,ASO,CE,Federal Contract Tower,0,10,5,22,37,0,0,26,16,42,0,10,31,38,79,58,12,70,149
05/09/2006,GTR,MS,ASO,CE,Federal Contract Tower,0,11,9,24,44,0,0,16,7,23,0,11,25,31,67,30,32,62,129
05/10/2006,GTR,MS,ASO,CE,Federal Contract Tower,0,8,1,29,38,0,1,6,11,18,0,9,7,40,56,8,4,12,68
05/11/2006,GTR,MS,ASO,CE,Federal Contract Tower,2,9,16,42,69,0,0,14,12,26,2,9,30,54,95,14,40,54,149
05/12/2006,GTR,MS,ASO,CE,Federal Contract Tower,0,11,12,29,52,0,4,22,4,30,0,15,34,33,82,2,48,50,132
05/13/2006,GTR,MS,ASO,CE,Federal Contract Tower,0,5,8,7,20,0,0,39,0,39,0,5,47,7,59,32,4,36,95
05/14/2006,GTR,MS,ASO,CE,Federal Contract Tower,0,10,10,23,43,0,0,33,7,40,0,10,43,30,83,16,10,26,109
05/15/2006,GTR,MS,ASO,CE,Federal Contract Tower,0,15,13,45,73,0,0,26,18,44,0,15,39,63,117,54,12,66,183
05/16/2006,GTR,MS,ASO,CE,Federal Contract Tower,0,14,19,26,59,0,0,18,5,23,0,14,37,31,82,28,46,74,156
05/17/2006,GTR,MS,ASO,CE,Federal Contract Tower,0,8,17,47,72,0,1,35,21,57,0,9,52,68,129,18,6,24,153
05/18/2006,GTR,MS,ASO,CE,Federal Contract Tower,0,10,6,27,43,0,0,18,15,33,0,10,24,42,76,10,42,52,128
05/19/2006,GTR,MS,ASO,CE,Federal Contract Tower,0,12,6,52,70,0,1,31,13,45,0,13,37,65,115,80,26,106,221
05/20/2006,GTR,MS,ASO,CE,Federal Contract Tower,0,5,1,2,8,0,0,22,2,24,0,5,23,4,32,26,0,26,58
05/21/2006,GTR,MS,ASO,CE,Federal Contract Tower,0,5,4,24,33,0,0,13,8,21,0,5,17,32,54,0,2,2,56
05/22/2006,GTR,MS,ASO,CE,Federal Contract Tower,0,11,11,44,66,0,1,26,18,45,0,12,37,62,111,56,18,74,185
05/23/2006,GTR,MS,ASO,CE,Federal Contract Tower,0,9,13,52,74,0,0,27,11,38,0,9,40,63,112,44,24,68,180
05/24/2006,GTR,MS,ASO,CE,Federal Contract Tower,0,11,17,68,96,0,0,30,14,44,0,11,47,82,140,4,12,16,156
05/25/2006,GTR,MS,ASO,CE,Federal Contract Tower,0,9,6,50,65,0,0,16,16,32,0,9,22,66,97,0,28,28,125
05/26/2006,GTR,MS,ASO,CE,Federal Contract Tower,0,13,11,3,27,0,0,18,1,19,0,13,29,4,46,20,2,22,68
05/27/2006,GTR,MS,ASO,CE,Federal Contract Tower,0,5,4,0,9,0,0,28,0,28,0,5,32,0,37,0,0,0,37
05/28/2006,GTR,MS,ASO,CE,Federal Contract Tower,0,5,0,0,5,0,0,6,2,8,0,5,6,2,13,0,0,0,13
05/29/2006,GTR,MS,ASO,CE,Federal Contract Tower,0,5,7,0,12,0,0,7,0,7,0,5,14,0,19,0,0,0,19
05/30/2006,GTR,MS,ASO,CE,Federal Contract Tower,0,12,11,70,93,0,0,24,17,41,0,12,35,87,134,72,28,100,234
05/31/2006,GTR,MS,ASO,CE,Federal Contract Tower,0,7,12,41,60,0,1,23,14,38,0,8,35,55,98,4,32,36,134
06/01/2006,GTR,MS,ASO,CE,Federal Contract Tower,0,7,19,57,83,0,4,8,11,23,0,11,27,68,106,0,24,24,130
06/02/2006,GTR,MS,ASO,CE,Federal Contract Tower,0,17,7,46,70,0,0,10,15,25,0,17,17,61,95,0,38,38,133
06/03/2006,GTR,MS,ASO,CE,Federal Contract Tower,0,4,8,1,13,0,0,52,0,52,0,4,60,1,65,40,0,40,105
06/04/2006,GTR,MS,ASO,CE,Federal Contract Tower,0,7,7,2,16,0,0,33,1,34,0,7,40,3,50,12,16,28,78
06/05/2006,GTR,MS,ASO,CE,Federal Contract Tower,0,11,4,26,41,0,0,7,18,25,0,11,11,44,66,12,12,24,90
06/06/2006,GTR,MS,ASO,CE,Federal Contract Tower,0,10,3,52,65,0,2,36,11,49,0,12,39,63,114,14,20,34,148
06/07/2006,GTR,MS,ASO,CE,Federal Contract Tower,0,8,9,34,51,0,1,21,11,33,0,9,30,45,84,4,30,34,118
06/08/2006,GTR,MS,ASO,CE,Federal Contract Tower,0,9,18,50,77,0,0,43,9,52,0,9,61,59,129,24,8,32,161
06/09/2006,GTR,MS,ASO,CE,Federal Contract Tower,0,11,9,34,54,0,0,27,7,34,0,11,36,41,88,18,44,62,150
06/10/2006,GTR,MS,ASO,CE,Federal Contract Tower,0,6,1,8,15,0,0,40,1,41,0,6,41,9,56,18,30,48,104
06/11/2006,GTR,MS,ASO,CE,Federal Contract Tower,2,7,1,7,17,0,0,24,1,25,2,7,25,8,42,24,0,24,66
06/12/2006,GTR,MS,ASO,CE,Federal Contract Tower,0,11,3,41,55,0,0,18,6,24,0,11,21,47,79,2,22,24,103
06/13/2006,GTR,MS,ASO,CE,Federal Contract Tower,0,10,10,49,69,0,3,36,9,48,0,13,46,58,117,6,26,32,149
06/14/2006,GTR,MS,ASO,CE,Federal Contract Tower,0,10,11,47,68,0,4,40,9,53,0,14,51,56,121,24,60,84,205
06/15/2006,GTR,MS,ASO,CE,Federal Contract Tower,0,9,10,52,71,0,0,11,14,25,0,9,21,66,96,2,34,36,132
06/16/2006,GTR,MS,ASO,CE,Federal Contract Tower,0,13,6,43,62,0,2,12,10,24,0,15,18,53,86,0,54,54,140
06/17/2006,GTR,MS,ASO,CE,Federal Contract Tower,0,7,4,6,17,0,0,13,1,14,0,7,17,7,31,16,26,42,73
06/18/2006,GTR,MS,ASO,CE,Federal Contract Tower,0,5,2,14,21,0,0,9,3,12,0,5,11,17,33,0,0,0,33
06/19/2006,GTR,MS,ASO,CE,Federal Contract Tower,0,11,6,42,59,0,0,13,13,26,0,11,19,55,85,0,0,0,85
06/20/2006,GTR,MS,ASO,CE,Federal Contract Tower,0,10,4,51,65,0,1,26,13,40,0,11,30,64,105,24,8,32,137
06/21/2006,GTR,MS,ASO,CE,Federal Contract Tower,0,11,9,33,53,0,0,17,28,45,0,11,26,61,98,8,12,20,118
06/22/2006,GTR,MS,ASO,CE,Federal Contract Tower,0,9,1,42,52,0,0,7,9,16,0,9,8,51,68,10,28,38,106
06/23/2006,GTR,MS,ASO,CE,Federal Contract Tower,0,12,3,34,49,0,0,19,3,22,0,12,22,37,71,0,24,24,95
06/24/2006,GTR,MS,ASO,CE,Federal Contract Tower,0,6,5,0,11,0,0,40,0,40,0,6,45,0,51,8,0,8,59
06/25/2006,GTR,MS,ASO,CE,Federal Contract Tower,0,5,8,9,22,0,0,40,5,45,0,5,48,14,67,8,0,8,75
06/26/2006,GTR,MS,ASO,CE,Federal Contract Tower,0,7,2,38,47,0,1,11,18,30,0,8,13,56,77,14,16,30,107
06/27/2006,GTR,MS,ASO,CE,Federal Contract Tower,0,11,8,44,63,0,0,36,12,48,0,11,44,56,111,16,22,38,149
06/28/2006,GTR,MS,ASO,CE,Federal Contract Tower,0,9,10,41,60,0,0,27,12,39,0,9,37,53,99,30,2,32,131
06/29/2006,GTR,MS,ASO,CE,Federal Contract Tower,0,9,9,53,71,0,2,19,12,33,0,11,28,65,104,2,24,26,130
06/30/2006,GTR,MS,ASO,CE,Federal Contract Tower,0,13,5,33,51,0,0,22,8,30,0,13,27,41,81,10,24,34,115
07/01/2006,GTR,MS,ASO,CE,Federal Contract Tower,0,6,5,4,15,0,0,12,2,14,0,6,17,6,29,0,4,4,33
07/02/2006,GTR,MS,ASO,CE,Federal Contract Tower,0,5,1,1,7,0,1,6,0,7,0,6,7,1,14,6,0,6,20
07/03/2006,GTR,MS,ASO,CE,Federal Contract Tower,0,9,7,0,16,0,1,16,4,21,0,10,23,4,37,6,0,6,43
07/04/2006,GTR,MS,ASO,CE,Federal Contract Tower,0,3,5,0,8,0,0,20,0,20,0,3,25,0,28,2,0,2,30
07/05/2006,GTR,MS,ASO,CE,Federal Contract Tower,2,11,8,32,53,0,0,12,9,21,2,11,20,41,74,38,26,64,138
07/06/2006,GTR,MS,ASO,CE,Federal Contract Tower,0,5,18,56,79,0,1,17,9,27,0,6,35,65,106,8,16,24,130
07/07/2006,GTR,MS,ASO,CE,Federal Contract Tower,0,12,5,27,44,0,0,20,12,32,0,12,25,39,76,38,30,68,144
07/08/2006,GTR,MS,ASO,CE,Federal Contract Tower,0,6,5,0,11,0,2,33,4,39,0,8,38,4,50,16,6,22,72
07/09/2006,GTR,MS,ASO,CE,Federal Contract Tower,0,5,2,1,8,0,0,0,0,0,0,5,2,1,8,0,0,0,8
07/10/2006,GTR,MS,ASO,CE,Federal Contract Tower,0,9,5,45,59,0,3,8,10,21,0,12,13,55,80,32,16,48,128
07/11/2006,GTR,MS,ASO,CE,Federal Contract Tower,0,10,7,51,68,0,0,8,9,17,0,10,15,60,85,10,0,10,95
07/12/2006,GTR,MS,ASO,CE,Federal Contract Tower,0,12,6,36,54,0,2,16,9,27,0,14,22,45,81,8,28,36,117
07/13/2006,GTR,MS,ASO,CE,Federal Contract Tower,0,9,14,35,58,0,0,28,2,30,0,9,42,37,88,30,16,46,134
07/14/2006,GTR,MS,ASO,CE,Federal Contract Tower,0,12,13,25,50,0,0,26,2,28,0,12,39,27,78,38,10,48,126
07/15/2006,GTR,MS,ASO,CE,Federal Contract Tower,0,10,10,4,24,0,0,20,2,22,0,10,30,6,46,8,8,16,62
07/16/2006,GTR,MS,ASO,CE,Federal Contract Tower,0,7,1,15,23,0,0,1,2,3,0,7,2,17,26,0,0,0,26
07/17/2006,GTR,MS,ASO,CE,Federal Contract Tower,0,11,4,15,30,0,0,20,7,27,0,11,24,22,57,14,0,14,71
07/18/2006,GTR,MS,ASO,CE,Federal Contract Tower,0,10,3,23,36,0,1,29,10,40,0,11,32,33,76,56,0,56,132
07/19/2006,GTR,MS,ASO,CE,Federal Contract Tower,0,11,10,21,42,0,0,13,11,24,0,11,23,32,66,4,4,8,74
07/20/2006,GTR,MS,ASO,CE,Federal Contract Tower,0,11,22,23,56,0,0,22,5,27,0,11,44,28,83,8,12,20,103
07/21/2006,GTR,MS,ASO,CE,Federal Contract Tower,0,15,16,24,55,0,0,30,14,44,0,15,46,38,99,44,10,54,153
07/22/2006,GTR,MS,ASO,CE,Federal Contract Tower,0,8,0,2,10,0,1,18,3,22,0,9,18,5,32,2,22,24,56
07/23/2006,GTR,MS,ASO,CE,Federal Contract Tower,0,5,2,13,20,0,0,4,4,8,0,5,6,17,28,0,10,10,38
07/24/2006,GTR,MS,ASO,CE,Federal Contract Tower,0,10,10,24,44,0,1,17,6,24,0,11,27,30,68,40,12,52,120
07/25/2006,GTR,MS,ASO,CE,Federal Contract Tower,0,10,7,19,36,0,1,15,5,21,0,11,22,24,57,58,4,62,119
07/26/2006,GTR,MS,ASO,CE,Federal Contract Tower,0,11,13,36,60,0,0,21,14,35,0,11,34,50,95,22,20,42,137
07/27/2006,GTR,MS,ASO,CE,Federal Contract Tower,0,11,5,21,37,0,2,10,2,14,0,13,15,23,51,28,14,42,93
07/28/2006,GTR,MS,ASO,CE,Federal Contract Tower,0,13,14,2,29,0,0,17,2,19,0,13,31,4,48,10,28,38,86
07/29/2006,GTR,MS,ASO,CE,Federal Contract Tower,0,8,4,10,22,0,0,11,3,14,0,8,15,13,36,8,42,50,86
07/30/2006,GTR,MS,ASO,CE,Federal Contract Tower,0,8,1,6,15,0,0,13,2,15,0,8,14,8,30,8,0,8,38
07/31/2006,GTR,MS,ASO,CE,Federal Contract Tower,0,10,4,25,39,0,0,24,8,32,0,10,28,33,71,18,4,22,93
08/01/2006,GTR,MS,ASO,CE,Federal Contract Tower,0,12,2,20,34,0,3,29,5,37,0,15,31,25,71,20,0,20,91
08/02/2006,GTR,MS,ASO,CE,Federal Contract Tower,0,13,9,53,75,0,0,8,5,13,0,13,17,58,88,12,16,28,116
08/03/2006,GTR,MS,ASO,CE,Federal Contract Tower,0,14,2,49,65,0,0,10,10,20,0,14,12,59,85,6,24,30,115
08/04/2006,GTR,MS,ASO,CE,Federal Contract Tower,0,14,4,36,54,0,0,20,8,28,0,14,24,44,82,60,10,70,152
08/05/2006,GTR,MS,ASO,CE,Federal Contract Tower,0,5,2,2,9,0,0,4,1,5,0,5,6,3,14,0,4,4,18
08/06/2006,GTR,MS,ASO,CE,Federal Contract Tower,0,5,4,0,9,0,1,15,0,16,0,6,19,0,25,4,0,4,29
08/07/2006,GTR,MS,ASO,CE,Federal Contract Tower,0,10,7,80,97,0,2,23,7,32,0,12,30,87,129,32,8,40,169
08/08/2006,GTR,MS,ASO,CE,Federal Contract Tower,0,11,8,38,57,0,1,21,7,29,0,12,29,45,86,0,16,16,102
08/09/2006,GTR,MS,ASO,CE,Federal Contract Tower,0,11,11,20,42,0,1,16,2,19,0,12,27,22,61,20,0,20,81
08/10/2006,GTR,MS,ASO,CE,Federal Contract Tower,0,11,13,26,50,0,1,3,6,10,0,12,16,32,60,16,0,16,76
08/11/2006,GTR,MS,ASO,CE,Federal Contract Tower,0,15,5,20,40,0,0,14,6,20,0,15,19,26,60,0,12,12,72
08/12/2006,GTR,MS,ASO,CE,Federal Contract Tower,0,6,6,6,18,0,0,17,1,18,0,6,23,7,36,6,8,14,50
08/13/2006,GTR,MS,ASO,CE,Federal Contract Tower,0,5,6,27,38,0,0,8,0,8,0,5,14,27,46,0,0,0,46
08/14/2006,GTR,MS,ASO,CE,Federal Contract Tower,0,11,2,42,55,0,0,18,10,28,0,11,20,52,83,12,0,12,95
08/15/2006,GTR,MS,ASO,CE,Federal Contract Tower,0,14,9,63,86,0,0,9,6,15,0,14,18,69,101,20,22,42,143
08/16/2006,GTR,MS,ASO,CE,Federal Contract Tower,0,14,13,46,73,0,1,26,6,33,0,15,39,52,106,26,0,26,132
08/17/2006,GTR,MS,ASO,CE,Federal Contract Tower,0,11,12,44,67,0,0,6,6,12,0,11,18,50,79,8,10,18,97
08/18/2006,GTR,MS,ASO,CE,Federal Contract Tower,0,7,5,9,21,0,0,21,2,23,0,7,26,11,44,6,4,10,54
08/19/2006,GTR,MS,ASO,CE,Federal Contract Tower,0,8,3,3,14,0,0,18,1,19,0,8,21,4,33,66,0,66,99
08/20/2006,GTR,MS,ASO,CE,Federal Contract Tower,0,4,6,20,30,0,1,1,3,5,0,5,7,23,35,0,6,6,41
08/21/2006,GTR,MS,ASO,CE,Federal Contract Tower,0,7,16,44,67,0,3,0,0,3,0,10,16,44,70,0,0,0,70
08/22/2006,GTR,MS,ASO,CE,Federal Contract Tower,0,11,16,37,64,0,0,17,19,36,0,11,33,56,100,0,0,0,100
08/23/2006,GTR,MS,ASO,CE,Federal Contract Tower,0,14,13,25,52,0,0,18,5,23,0,14,31,30,75,8,14,22,97
08/24/2006,GTR,MS,ASO,CE,Federal Contract Tower,0,9,14,40,63,0,0,14,4,18,0,9,28,44,81,12,10,22,103
08/25/2006,GTR,MS,ASO,CE,Federal Contract Tower,0,14,14,17,45,0,0,10,8,18,0,14,24,25,63,2,12,14,77
08/26/2006,GTR,MS,ASO,CE,Federal Contract Tower,0,7,3,18,28,0,1,18,4,23,0,8,21,22,51,8,16,24,75
08/27/2006,GTR,MS,ASO,CE,Federal Contract Tower,0,5,9,10,24,0,0,12,0,12,0,5,21,10,36,6,0,6,42
08/28/2006,GTR,MS,ASO,CE,Federal Contract Tower,0,10,9,44,63,0,0,16,10,26,0,10,25,54,89,8,0,8,97
08/29/2006,GTR,MS,ASO,CE,Federal Contract Tower,0,10,14,16,40,0,1,28,0,29,0,11,42,16,69,24,0,24,93
08/30/2006,GTR,MS,ASO,CE,Federal Contract Tower,2,9,11,33,55,0,0,19,15,34,2,9,30,48,89,8,8,16,105
08/31/2006,GTR,MS,ASO,CE,Federal Contract Tower,0,9,28,15,52,0,0,31,7,38,0,9,59,22,90,22,24,46,136
09/01/2006,GTR,MS,ASO,CE,Federal Contract Tower,0,14,8,4,26,0,0,8,0,8,0,14,16,4,34,6,0,6,40
09/02/2006,GTR,MS,ASO,CE,Federal Contract Tower,0,4,3,1,8,0,0,28,1,29,0,4,31,2,37,26,0,26,63
09/03/2006,GTR,MS,ASO,CE,Federal Contract Tower,0,3,4,7,14,0,0,15,2,17,0,3,19,9,31,8,4,12,43
09/04/2006,GTR,MS,ASO,CE,Federal Contract Tower,0,6,14,0,20,0,0,15,1,16,0,6,29,1,36,52,2,54,90
09/05/2006,GTR,MS,ASO,CE,Federal Contract Tower,0,9,17,24,50,0,1,11,6,18,0,10,28,30,68,24,12,36,104
09/06/2006,GTR,MS,ASO,CE,Federal Contract Tower,0,6,9,32,47,0,1,27,2,30,0,7,36,34,77,30,8,38,115
09/07/2006,GTR,MS,ASO,CE,Federal Contract Tower,0,8,9,30,47,0,1,21,8,30,0,9,30,38,77,6,20,26,103
09/08/2006,GTR,MS,ASO,CE,Federal Contract Tower,2,10,14,18,44,0,0,29,7,36,2,10,43,25,80,20,6,26,106
09/09/2006,GTR,MS,ASO,CE,Federal Contract Tower,2,5,10,1,18,0,4,16,0,20,2,9,26,1,38,30,0,30,68
09/10/2006,GTR,MS,ASO,CE,Federal Contract Tower,0,6,4,0,10,0,0,21,0,21,0,6,25,0,31,4,0,4,35
09/11/2006,GTR,MS,ASO,CE,Federal Contract Tower,0,12,7,20,39,0,1,17,0,18,0,13,24,20,57,20,18,38,95
09/12/2006,GTR,MS,ASO,CE,Federal Contract Tower,0,9,29,20,58,0,1,0,2,3,0,10,29,22,61,0,0,0,61
09/13/2006,GTR,MS,ASO,CE,Federal Contract Tower,0,9,10,30,49,0,7,33,0,40,0,16,43,30,89,48,4,52,141
09/14/2006,GTR,MS,ASO,CE,Federal Contract Tower,0,11,5,24,40,0,0,31,4,35,0,11,36,28,75,4,6,10,85
09/15/2006,GTR,MS,ASO,CE,Federal Contract Tower,1,15,11,19,46,0,0,12,3,15,1,15,23,22,61,12,32,44,105
09/16/2006,GTR,MS,ASO,CE,Federal Contract Tower,0,4,0,3,7,0,0,26,0,26,0,4,26,3,33,2,0,2,35
09/17/2006,GTR,MS,ASO,CE,Federal Contract Tower,0,7,15,24,46,0,0,33,6,39,0,7,48,30,85,8,20,28,113
09/18/2006,GTR,MS,ASO,CE,Federal Contract Tower,0,10,4,49,63,0,0,5,7,12,0,10,9,56,75,4,4,8,83
09/19/2006,GTR,MS,ASO,CE,Federal Contract Tower,0,11,7,73,91,0,1,17,9,27,0,12,24,82,118,2,14,16,134
09/20/2006,GTR,MS,ASO,CE,Federal Contract Tower,0,7,10,39,56,0,1,39,12,52,0,8,49,51,108,38,42,80,188
09/21/2006,GTR,MS,ASO,CE,Federal Contract Tower,0,10,14,18,42,0,1,30,6,37,0,11,44,24,79,18,6,24,103
09/22/2006,GTR,MS,ASO,CE,Federal Contract Tower,0,13,9,28,50,0,0,14,9,23,0,13,23,37,73,12,4,16,89
09/23/2006,GTR,MS,ASO,CE,Federal Contract Tower,0,4,4,0,8,0,0,1,0,1,0,4,5,0,9,0,0,0,9
09/24/2006,GTR,MS,ASO,CE,Federal Contract Tower,0,5,4,2,11,0,0,8,0,8,0,5,12,2,19,4,4,8,27
09/25/2006,GTR,MS,ASO,CE,Federal Contract Tower,0,9,10,31,50,0,0,34,9,43,0,9,44,40,93,72,2,74,167
09/26/2006,GTR,MS,ASO,CE,Federal Contract Tower,0,9,10,18,37,0,0,28,6,34,0,9,38,24,71,4,8,12,83
09/27/2006,GTR,MS,ASO,CE,Federal Contract Tower,0,10,6,12,28,0,1,18,8,27,0,11,24,20,55,32,2,34,89
09/28/2006,GTR,MS,ASO,CE,Federal Contract Tower,0,9,10,0,19,0,0,18,8,26,0,9,28,8,45,0,2,2,47
09/29/2006,GTR,MS,ASO,CE,Federal Contract Tower,2,11,8,6,27,0,1,26,4,31,2,12,34,10,58,0,0,0,58
09/30/2006,GTR,MS,ASO,CE,Federal Contract Tower,2,3,1,0,6,0,1,31,0,32,2,4,32,0,38,28,0,28,66
10/01/2006,GTR,MS,ASO,CE,Federal Contract Tower,0,5,4,0,9,0,0,28,0,28,0,5,32,0,37,16,0,16,53
10/02/2006,GTR,MS,ASO,CE,Federal Contract Tower,0,8,9,43,60,0,1,5,1,7,0,9,14,44,67,0,0,0,67
10/03/2006,GTR,MS,ASO,CE,Federal Contract Tower,0,9,10,36,55,0,1,11,10,22,0,10,21,46,77,30,8,38,115
10/04/2006,GTR,MS,ASO,CE,Federal Contract Tower,0,7,20,27,54,0,2,22,11,35,0,9,42,38,89,24,16,40,129
10/05/2006,GTR,MS,ASO,CE,Federal Contract Tower,0,13,10,20,43,0,0,14,4,18,0,13,24,24,61,20,24,44,105
10/06/2006,GTR,MS,ASO,CE,Federal Contract Tower,2,20,20,4,46,0,14,21,2,37,2,34,41,6,83,8,0,8,91
10/07/2006,GTR,MS,ASO,CE,Federal Contract Tower,2,4,3,0,9,0,0,21,0,21,2,4,24,0,30,24,0,24,54
10/08/2006,GTR,MS,ASO,CE,Federal Contract Tower,0,6,10,5,21,0,0,29,9,38,0,6,39,14,59,34,24,58,117
10/09/2006,GTR,MS,ASO,CE,Federal Contract Tower,0,6,4,13,23,0,0,18,3,21,0,6,22,16,44,14,10,24,68
10/10/2006,GTR,MS,ASO,CE,Federal Contract Tower,0,10,8,53,71,0,1,8,6,15,0,11,16,59,86,18,4,22,108
10/11/2006,GTR,MS,ASO,CE,Federal Contract Tower,0,10,16,49,75,0,0,16,15,31,0,10,32,64,106,0,12,12,118
10/12/2006,GTR,MS,ASO,CE,Federal Contract Tower,0,10,16,37,63,0,1,14,20,35,0,11,30,57,98,18,44,62,160
10/13/2006,GTR,MS,ASO,CE,Federal Contract Tower,0,11,15,35,61,0,2,15,8,25,0,13,30,43,86,50,42,92,178
10/14/2006,GTR,MS,ASO,CE,Federal Contract Tower,0,4,6,9,19,0,0,29,0,29,0,4,35,9,48,6,12,18,66
10/15/2006,GTR,MS,ASO,CE,Federal Contract Tower,0,5,8,27,40,0,0,9,2,11,0,5,17,29,51,4,0,4,55
10/16/2006,GTR,MS,ASO,CE,Federal Contract Tower,0,9,4,4,17,0,0,2,0,2,0,9,6,4,19,0,0,0,19
10/17/2006,GTR,MS,ASO,CE,Federal Contract Tower,0,10,16,41,67,0,2,5,8,15,0,12,21,49,82,6,10,16,98
10/18/2006,GTR,MS,ASO,CE,Federal Contract Tower,0,11,17,23,51,0,1,9,7,17,0,12,26,30,68,0,8,8,76
10/19/2006,GTR,MS,ASO,CE,Federal Contract Tower,0,10,11,4,25,0,0,0,0,0,0,10,11,4,25,0,0,0,25
10/20/2006,GTR,MS,ASO,CE,Federal Contract Tower,2,11,21,36,70,0,0,23,20,43,2,11,44,56,113,32,76,108,221
10/21/2006,GTR,MS,ASO,CE,Federal Contract Tower,1,9,11,23,44,0,0,8,3,11,1,9,19,26,55,18,28,46,101
10/22/2006,GTR,MS,ASO,CE,Federal Contract Tower,0,11,9,34,54,0,0,9,0,9,0,11,18,34,63,16,6,22,85
10/23/2006,GTR,MS,ASO,CE,Federal Contract Tower,0,13,5,19,37,0,0,17,12,29,0,13,22,31,66,10,36,46,112
10/24/2006,GTR,MS,ASO,CE,Federal Contract Tower,0,14,13,35,62,0,1,7,8,16,0,15,20,43,78,40,0,40,118
10/25/2006,GTR,MS,ASO,CE,Federal Contract Tower,0,10,6,41,57,0,0,24,9,33,0,10,30,50,90,46,32,78,168
10/26/2006,GTR,MS,ASO,CE,Federal Contract Tower,0,14,6,21,41,0,0,2,3,5,0,14,8,24,46,0,0,0,46
10/27/2006,GTR,MS,ASO,CE,Federal Contract Tower,2,13,11,36,62,0,0,11,15,26,2,13,22,51,88,0,28,28,116
10/28/2006,GTR,MS,ASO,CE,Federal Contract Tower,2,6,1,1,10,0,0,26,0,26,2,6,27,1,36,14,0,14,50
10/29/2006,GTR,MS,ASO,CE,Federal Contract Tower,0,5,4,11,20,0,1,13,2,16,0,6,17,13,36,8,8,16,52
10/30/2006,GTR,MS,ASO,CE,Federal Contract Tower,0,9,2,29,40,0,1,32,10,43,0,10,34,39,83,24,6,30,113
10/31/2006,GTR,MS,ASO,CE,Federal Contract Tower,0,11,9,8,28,0,0,20,2,22,0,11,29,10,50,34,0,34,84
11/01/2006,GTR,MS,ASO,CE,Federal Contract Tower,0,12,11,32,55,0,0,6,4,10,0,12,17,36,65,18,0,18,83
11/02/2006,GTR,MS,ASO,CE,Federal Contract Tower,0,16,18,33,67,0,0,29,5,34,0,16,47,38,101,32,8,40,141
11/03/2006,GTR,MS,ASO,CE,Federal Contract Tower,0,12,18,24,54,0,1,33,9,43,0,13,51,33,97,50,18,68,165
11/04/2006,GTR,MS,ASO,CE,Federal Contract Tower,0,4,19,6,29,0,13,45,0,58,0,17,64,6,87,22,14,36,123
11/05/2006,GTR,MS,ASO,CE,Federal Contract Tower,0,9,12,22,43,0,0,31,2,33,0,9,43,24,76,36,10,46,122
11/06/2006,GTR,MS,ASO,CE,Federal Contract Tower,0,10,12,15,37,0,0,15,7,22,0,10,27,22,59,30,4,34,93
11/07/2006,GTR,MS,ASO,CE,Federal Contract Tower,0,9,12,39,60,0,0,12,5,17,0,9,24,44,77,38,0,38,115
11/08/2006,GTR,MS,ASO,CE,Federal Contract Tower,0,11,14,22,47,0,2,37,8,47,0,13,51,30,94,60,4,64,158
11/09/2006,GTR,MS,ASO,CE,Federal Contract Tower,0,11,24,10,45,0,0,24,10,34,0,11,48,20,79,38,0,38,117
11/10/2006,GTR,MS,ASO,CE,Federal Contract Tower,0,13,14,0,27,0,1,24,0,25,0,14,38,0,52,8,0,8,60
11/11/2006,GTR,MS,ASO,CE,Federal Contract Tower,0,5,7,16,28,0,0,6,0,6,0,5,13,16,34,4,0,4,38
11/12/2006,GTR,MS,ASO,CE,Federal Contract Tower,0,5,14,22,41,0,5,35,7,47,0,10,49,29,88,30,28,58,146
11/13/2006,GTR,MS,ASO,CE,Federal Contract Tower,0,11,6,61,78,0,0,21,20,41,0,11,27,81,119,28,18,46,165
11/14/2006,GTR,MS,ASO,CE,Federal Contract Tower,0,12,15,45,72,0,0,29,3,32,0,12,44,48,104,30,0,30,134
11/15/2006,GTR,MS,ASO,CE,Federal Contract Tower,0,9,9,26,44,0,0,20,0,20,0,9,29,26,64,28,0,28,92
11/16/2006,GTR,MS,ASO,CE,Federal Contract Tower,0,12,19,34,65,0,0,6,7,13,0,12,25,41,78,12,0,12,90
11/17/2006,GTR,MS,ASO,CE,Federal Contract Tower,0,11,10,32,53,0,4,21,7,32,0,15,31,39,85,68,2,70,155
11/18/2006,GTR,MS,ASO,CE,Federal Contract Tower,2,8,10,33,53,0,0,31,8,39,2,8,41,41,92,36,0,36,128
11/19/2006,GTR,MS,ASO,CE,Federal Contract Tower,0,5,7,9,21,0,0,13,0,13,0,5,20,9,34,16,0,16,50
11/20/2006,GTR,MS,ASO,CE,Federal Contract Tower,2,10,6,54,72,0,1,22,14,37,2,11,28,68,109,28,28,56,165
11/21/2006,GTR,MS,ASO,CE,Federal Contract Tower,0,8,16,34,58,0,1,20,8,29,0,9,36,42,87,32,2,34,121
11/22/2006,GTR,MS,ASO,CE,Federal Contract Tower,0,9,8,21,38,0,0,27,7,34,0,9,35,28,72,42,30,72,144
11/23/2006,GTR,MS,ASO,CE,Federal Contract Tower,0,7,3,0,10,0,0,21,0,21,0,7,24,0,31,12,0,12,43
11/24/2006,GTR,MS,ASO,CE,Federal Contract Tower,0,8,2,0,10,0,2,26,0,28,0,10,28,0,38,2,0,2,40
11/25/2006,GTR,MS,ASO,CE,Federal Contract Tower,0,6,6,0,12,0,0,38,0,38,0,6,44,0,50,40,0,40,90
11/26/2006,GTR,MS,ASO,CE,Federal Contract Tower,0,7,14,0,21,0,0,10,0,10,0,7,24,0,31,14,0,14,45
11/27/2006,GTR,MS,ASO,CE,Federal Contract Tower,0,10,16,12,38,0,0,39,11,50,0,10,55,23,88,60,20,80,168
11/28/2006,GTR,MS,ASO,CE,Federal Contract Tower,0,13,6,32,51,0,0,29,24,53,0,13,35,56,104,44,6,50,154
11/29/2006,GTR,MS,ASO,CE,Federal Contract Tower,0,10,13,33,56,0,3,24,15,42,0,13,37,48,98,18,10,28,126
11/30/2006,GTR,MS,ASO,CE,Federal Contract Tower,0,14,1,40,55,0,0,16,17,33,0,14,17,57,88,8,0,8,96
12/01/2006,GTR,MS,ASO,CE,Federal Contract Tower,0,15,19,15,49,0,2,20,3,25,0,17,39,18,74,30,2,32,106
12/02/2006,GTR,MS,ASO,CE,Federal Contract Tower,0,6,1,23,30,0,3,39,6,48,0,9,40,29,78,10,14,24,102
12/03/2006,GTR,MS,ASO,CE,Federal Contract Tower,0,8,3,22,33,0,0,0,1,1,0,8,3,23,34,32,0,32,66
12/04/2006,GTR,MS,ASO,CE,Federal Contract Tower,0,8,6,46,60,0,3,12,16,31,0,11,18,62,91,44,20,64,155
12/05/2006,GTR,MS,ASO,CE,Federal Contract Tower,0,10,20,69,99,0,3,23,9,35,0,13,43,78,134,40,20,60,194
12/06/2006,GTR,MS,ASO,CE,Federal Contract Tower,0,7,4,35,46,0,2,17,5,24,0,9,21,40,70,28,4,32,102
12/07/2006,GTR,MS,ASO,CE,Federal Contract Tower,0,10,10,35,55,0,1,8,3,12,0,11,18,38,67,14,12,26,93
12/08/2006,GTR,MS,ASO,CE,Federal Contract Tower,0,11,8,30,49,0,6,22,10,38,0,17,30,40,87,50,22,72,159
12/09/2006,GTR,MS,ASO,CE,Federal Contract Tower,0,4,5,6,15,0,1,34,0,35,0,5,39,6,50,44,4,48,98
12/10/2006,GTR,MS,ASO,CE,Federal Contract Tower,0,9,8,0,17,0,0,57,2,59,0,9,65,2,76,68,0,68,144
12/11/2006,GTR,MS,ASO,CE,Federal Contract Tower,0,11,14,37,62,0,0,42,14,56,0,11,56,51,118,28,10,38,156
12/12/2006,GTR,MS,ASO,CE,Federal Contract Tower,0,8,19,21,48,0,0,6,4,10,0,8,25,25,58,0,4,4,62
12/13/2006,GTR,MS,ASO,CE,Federal Contract Tower,0,8,19,25,52,0,2,29,9,40,0,10,48,34,92,46,4,50,142
12/14/2006,GTR,MS,ASO,CE,Federal Contract Tower,0,12,10,18,40,0,0,30,8,38,0,12,40,26,78,40,12,52,130
12/15/2006,GTR,MS,ASO,CE,Federal Contract Tower,0,17,5,17,39,0,1,11,12,24,0,18,16,29,63,22,2,24,87
12/16/2006,GTR,MS,ASO,CE,Federal Contract Tower,0,2,8,1,11,0,0,23,0,23,0,2,31,1,34,32,0,32,66
12/17/2006,GTR,MS,ASO,CE,Federal Contract Tower,0,5,5,0,10,0,0,17,0,17,0,5,22,0,27,4,0,4,31
12/18/2006,GTR,MS,ASO,CE,Federal Contract Tower,0,11,15,20,46,0,0,23,15,38,0,11,38,35,84,2,10,12,96
12/19/2006,GTR,MS,ASO,CE,Federal Contract Tower,0,11,20,12,43,0,0,20,9,29,0,11,40,21,72,20,8,28,100
12/20/2006,GTR,MS,ASO,CE,Federal Contract Tower,0,10,15,33,58,0,0,42,12,54,0,10,57,45,112,82,38,120,232
12/21/2006,GTR,MS,ASO,CE,Federal Contract Tower,0,11,23,56,90,0,0,2,0,2,0,11,25,56,92,2,0,2,94
12/22/2006,GTR,MS,ASO,CE,Federal Contract Tower,0,12,17,0,29,0,0,14,0,14,0,12,31,0,43,8,0,8,51
12/23/2006,GTR,MS,ASO,CE,Federal Contract Tower,0,2,1,0,3,0,1,36,0,37,0,3,37,0,40,12,0,12,52
12/24/2006,GTR,MS,ASO,CE,Federal Contract Tower,0,2,2,0,4,0,0,12,0,12,0,2,14,0,16,8,0,8,24
12/25/2006,GTR,MS,ASO,CE,Federal Contract Tower,0,2,1,0,3,0,0,0,0,0,0,2,1,0,3,0,0,0,3
12/26/2006,GTR,MS,ASO,CE,Federal Contract Tower,0,10,5,0,15,0,0,12,0,12,0,10,17,0,27,0,0,0,27
12/27/2006,GTR,MS,ASO,CE,Federal Contract Tower,0,10,11,0,21,0,0,16,0,16,0,10,27,0,37,2,0,2,39
12/28/2006,GTR,MS,ASO,CE,Federal Contract Tower,0,7,11,8,26,0,0,10,10,20,0,7,21,18,46,0,42,42,88
12/29/2006,GTR,MS,ASO,CE,Federal Contract Tower,0,11,4,0,15,0,4,8,0,12,0,15,12,0,27,2,0,2,29
12/30/2006,GTR,MS,ASO,CE,Federal Contract Tower,0,4,3,0,7,0,0,0,0,0,0,4,3,0,7,0,0,0,7
12/31/2006,GTR,MS,ASO,CE,Federal Contract Tower,0,2,0,0,2,0,0,0,0,0,0,2,0,0,2,0,0,0,2
01/01/2007,GTR,MS,ASO,CE,Federal Contract Tower,0,3,2,0,5,0,0,6,0,6,0,3,8,0,11,0,0,0,11
01/02/2007,GTR,MS,ASO,CE,Federal Contract Tower,0,8,3,0,11,0,1,14,9,24,0,9,17,9,35,8,0,8,43
01/03/2007,GTR,MS,ASO,CE,Federal Contract Tower,0,13,2,21,36,0,1,20,7,28,0,14,22,28,64,20,8,28,92
01/04/2007,GTR,MS,ASO,CE,Federal Contract Tower,0,11,4,11,26,0,0,0,0,0,0,11,4,11,26,0,0,0,26
01/05/2007,GTR,MS,ASO,CE,Federal Contract Tower,0,11,8,41,60,0,0,9,26,35,0,11,17,67,95,8,40,48,143
01/06/2007,GTR,MS,ASO,CE,Federal Contract Tower,0,9,3,6,18,0,3,16,0,19,0,12,19,6,37,22,0,22,59
01/07/2007,GTR,MS,ASO,CE,Federal Contract Tower,0,8,4,17,29,0,0,2,0,2,0,8,6,17,31,0,0,0,31
01/08/2007,GTR,MS,ASO,CE,Federal Contract Tower,0,10,9,26,45,0,0,30,9,39,0,10,39,35,84,28,22,50,134
01/09/2007,GTR,MS,ASO,CE,Federal Contract Tower,0,10,9,10,29,0,1,16,2,19,0,11,25,12,48,2,0,2,50
01/10/2007,GTR,MS,ASO,CE,Federal Contract Tower,0,10,13,40,63,0,2,34,6,42,0,12,47,46,105,38,0,38,143
01/11/2007,GTR,MS,ASO,CE,Federal Contract Tower,0,13,20,35,68,0,0,16,20,36,0,13,36,55,104,6,0,6,110
01/12/2007,GTR,MS,ASO,CE,Federal Contract Tower,0,15,14,27,56,0,4,9,4,17,0,19,23,31,73,20,14,34,107
01/13/2007,GTR,MS,ASO,CE,Federal Contract Tower,0,3,19,7,29,0,2,19,3,24,0,5,38,10,53,30,6,36,89
01/14/2007,GTR,MS,ASO,CE,Federal Contract Tower,0,5,14,3,22,0,4,15,2,21,0,9,29,5,43,14,18,32,75
01/15/2007,GTR,MS,ASO,CE,Federal Contract Tower,0,9,35,10,54,0,0,0,1,1,0,9,35,11,55,0,0,0,55
01/16/2007,GTR,MS,ASO,CE,Federal Contract Tower,0,17,18,48,83,0,3,15,1,19,0,20,33,49,102,40,12,52,154
01/17/2007,GTR,MS,ASO,CE,Federal Contract Tower,0,13,14,27,54,0,11,16,3,30,0,24,30,30,84,52,0,52,136
01/18/2007,GTR,MS,ASO,CE,Federal Contract Tower,0,13,14,34,61,0,2,9,8,19,0,15,23,42,80,26,0,26,106
01/19/2007,GTR,MS,ASO,CE,Federal Contract Tower,0,12,11,22,45,0,1,29,7,37,0,13,40,29,82,40,26,66,148
01/20/2007,GTR,MS,ASO,CE,Federal Contract Tower,0,9,6,15,30,0,4,45,4,53,0,13,51,19,83,24,20,44,127
01/21/2007,GTR,MS,ASO,CE,Federal Contract Tower,0,10,11,16,37,0,0,0,0,0,0,10,11,16,37,0,0,0,37
01/22/2007,GTR,MS,ASO,CE,Federal Contract Tower,0,9,3,23,35,0,0,13,6,19,0,9,16,29,54,78,16,94,148
01/23/2007,GTR,MS,ASO,CE,Federal Contract Tower,0,11,5,26,42,0,2,24,4,30,0,13,29,30,72,16,2,18,90
01/24/2007,GTR,MS,ASO,CE,Federal Contract Tower,0,12,13,1,26,0,1,18,1,20,0,13,31,2,46,38,8,46,92
01/25/2007,GTR,MS,ASO,CE,Federal Contract Tower,0,11,6,19,36,0,1,14,1,16,0,12,20,20,52,36,2,38,90
01/26/2007,GTR,MS,ASO,CE,Federal Contract Tower,0,13,14,27,54,0,2,24,5,31,0,15,38,32,85,12,10,22,107
01/27/2007,GTR,MS,ASO,CE,Federal Contract Tower,0,5,6,1,12,0,0,50,5,55,0,5,56,6,67,16,44,60,127
01/28/2007,GTR,MS,ASO,CE,Federal Contract Tower,0,5,11,8,24,0,2,14,2,18,0,7,25,10,42,4,0,4,46
01/29/2007,GTR,MS,ASO,CE,Federal Contract Tower,0,9,11,26,46,0,2,15,7,24,0,11,26,33,70,24,16,40,110
01/30/2007,GTR,MS,ASO,CE,Federal Contract Tower,0,10,14,24,48,0,5,10,7,22,0,15,24,31,70,8,32,40,110
01/31/2007,GTR,MS,ASO,CE,Federal Contract Tower,0,12,17,13,42,0,0,24,4,28,0,12,41,17,70,16,12,28,98
02/01/2007,GTR,MS,ASO,CE,Federal Contract Tower,0,13,3,0,16,0,0,0,0,0,0,13,3,0,16,0,0,0,16
02/02/2007,GTR,MS,ASO,CE,Federal Contract Tower,0,15,11,3,29,0,0,6,2,8,0,15,17,5,37,4,0,4,41
02/03/2007,GTR,MS,ASO,CE,Federal Contract Tower,0,5,3,3,11,0,0,35,4,39,0,5,38,7,50,92,8,100,150
02/04/2007,GTR,MS,ASO,CE,Federal Contract Tower,0,5,2,5,12,0,1,26,0,27,0,6,28,5,39,6,0,6,45
02/05/2007,GTR,MS,ASO,CE,Federal Contract Tower,0,14,17,36,67,0,1,21,10,32,0,15,38,46,99,20,14,34,133
02/06/2007,GTR,MS,ASO,CE,Federal Contract Tower,0,9,13,18,40,0,0,51,9,60,0,9,64,27,100,24,16,40,140
02/07/2007,GTR,MS,ASO,CE,Federal Contract Tower,0,12,10,27,49,0,2,28,15,45,0,14,38,42,94,10,42,52,146
02/08/2007,GTR,MS,ASO,CE,Federal Contract Tower,0,11,7,25,43,0,0,24,7,31,0,11,31,32,74,40,6,46,120
02/09/2007,GTR,MS,ASO,CE,Federal Contract Tower,0,14,9,19,42,0,0,16,5,21,0,14,25,24,63,14,4,18,81
02/10/2007,GTR,MS,ASO,CE,Federal Contract Tower,0,3,9,14,26,0,2,51,6,59,0,5,60,20,85,42,8,50,135
02/11/2007,GTR,MS,ASO,CE,Federal Contract Tower,0,6,4,4,14,0,0,22,0,22,0,6,26,4,36,12,0,12,48
02/12/2007,GTR,MS,ASO,CE,Federal Contract Tower,0,9,8,25,42,0,1,41,2,44,0,10,49,27,86,10,0,10,96
02/13/2007,GTR,MS,ASO,CE,Federal Contract Tower,0,11,9,21,41,0,0,8,0,8,0,11,17,21,49,6,12,18,67
02/14/2007,GTR,MS,ASO,CE,Federal Contract Tower,0,11,16,20,47,0,3,17,27,47,0,14,33,47,94,0,34,34,128
02/15/2007,GTR,MS,ASO,CE,Federal Contract Tower,0,12,16,9,37,0,1,19,7,27,0,13,35,16,64,18,0,18,82
02/16/2007,GTR,MS,ASO,CE,Federal Contract Tower,0,11,17,19,47,0,0,26,9,35,0,11,43,28,82,74,6,80,162
02/17/2007,GTR,MS,ASO,CE,Federal Contract Tower,0,4,7,0,11,0,0,16,0,16,0,4,23,0,27,10,0,10,37
02/18/2007,GTR,MS,ASO,CE,Federal Contract Tower,0,5,8,0,13,0,2,35,0,37,0,7,43,0,50,10,0,10,60
02/19/2007,GTR,MS,ASO,CE,Federal Contract Tower,0,6,8,1,15,0,0,46,0,46,0,6,54,1,61,4,0,4,65
02/20/2007,GTR,MS,ASO,CE,Federal Contract Tower,0,10,9,29,48,0,1,29,11,41,0,11,38,40,89,8,4,12,101
02/21/2007,GTR,MS,ASO,CE,Federal Contract Tower,0,17,13,14,44,0,1,32,6,39,0,18,45,20,83,16,2,18,101
02/22/2007,GTR,MS,ASO,CE,Federal Contract Tower,0,11,14,18,43,0,0,39,13,52,0,11,53,31,95,16,24,40,135
02/23/2007,GTR,MS,ASO,CE,Federal Contract Tower,0,14,15,15,44,0,3,46,8,57,0,17,61,23,101,8,28,36,137
02/24/2007,GTR,MS,ASO,CE,Federal Contract Tower,0,8,3,0,11,0,0,16,0,16,0,8,19,0,27,0,0,0,27
02/25/2007,GTR,MS,ASO,CE,Federal Contract Tower,0,6,8,4,18,0,0,12,0,12,0,6,20,4,30,8,0,8,38
02/26/2007,GTR,MS,ASO,CE,Federal Contract Tower,0,11,18,30,59,0,0,60,6,66,0,11,78,36,125,34,8,42,167
02/27/2007,GTR,MS,ASO,CE,Federal Contract Tower,0,8,11,16,35,0,3,31,9,43,0,11,42,25,78,26,0,26,104
02/28/2007,GTR,MS,ASO,CE,Federal Contract Tower,0,9,15,16,40,0,2,21,8,31,0,11,36,24,71,30,16,46,117
03/01/2007,GTR,MS,ASO,CE,Federal Contract Tower,0,11,7,0,18,0,1,2,0,3,0,12,9,0,21,0,0,0,21
03/02/2007,GTR,MS,ASO,CE,Federal Contract Tower,0,11,11,18,40,0,0,38,9,47,0,11,49,27,87,40,20,60,147
03/03/2007,GTR,MS,ASO,CE,Federal Contract Tower,0,5,0,2,7,0,0,26,0,26,0,5,26,2,33,36,12,48,81
03/04/2007,GTR,MS,ASO,CE,Federal Contract Tower,0,5,5,4,14,0,0,41,3,44,0,5,46,7,58,16,0,16,74
03/05/2007,GTR,MS,ASO,CE,Federal Contract Tower,0,9,10,10,29,0,1,67,6,74,0,10,77,16,103,52,8,60,163
03/06/2007,GTR,MS,ASO,CE,Federal Contract Tower,0,8,10,24,42,0,3,26,13,42,0,11,36,37,84,22,28,50,134
03/07/2007,GTR,MS,ASO,CE,Federal Contract Tower,0,12,8,13,33,0,3,18,8,29,0,15,26,21,62,12,24,36,98
03/08/2007,GTR,MS,ASO,CE,Federal Contract Tower,0,10,14,27,51,0,1,35,15,51,0,11,49,42,102,16,18,34,136
03/09/2007,GTR,MS,ASO,CE,Federal Contract Tower,0,12,10,28,50,0,1,40,15,56,0,13,50,43,106,4,16,20,126
03/10/2007,GTR,MS,ASO,CE,Federal Contract Tower,0,6,0,3,9,0,0,60,14,74,0,6,60,17,83,26,16,42,125
03/11/2007,GTR,MS,ASO,CE,Federal Contract Tower,0,6,3,3,12,0,1,49,1,51,0,7,52,4,63,12,0,12,75
03/12/2007,GTR,MS,ASO,CE,Federal Contract Tower,0,8,5,24,37,0,2,29,2,33,0,10,34,26,70,0,0,0,70
03/13/2007,GTR,MS,ASO,CE,Federal Contract Tower,0,8,5,19,32,0,3,13,4,20,0,11,18,23,52,12,10,22,74
03/14/2007,GTR,MS,ASO,CE,Federal Contract Tower,0,11,11,15,37,0,0,2,7,9,0,11,13,22,46,4,10,14,60
03/15/2007,GTR,MS,ASO,CE,Federal Contract Tower,0,11,9,14,34,0,0,0,4,4,0,11,9,18,38,0,6,6,44
03/16/2007,GTR,MS,ASO,CE,Federal Contract Tower,0,14,15,4,33,0,0,6,2,8,0,14,21,6,41,0,0,0,41
03/17/2007,GTR,MS,ASO,CE,Federal Contract Tower,0,5,1,0,6,0,0,12,0,12,0,5,13,0,18,24,0,24,42
03/18/2007,GTR,MS,ASO,CE,Federal Contract Tower,0,7,5,2,14,0,1,8,0,9,0,8,13,2,23,4,0,4,27
03/19/2007,GTR,MS,ASO,CE,Federal Contract Tower,0,13,6,17,36,0,0,15,13,28,0,13,21,30,64,22,12,34,98
03/20/2007,GTR,MS,ASO,CE,Federal Contract Tower,0,10,7,11,28,0,3,39,9,51,0,13,46,20,79,4,12,16,95
03/21/2007,GTR,MS,ASO,CE,Federal Contract Tower,0,11,7,20,38,0,3,34,8,45,0,14,41,28,83,2,30,32,115
03/22/2007,GTR,MS,ASO,CE,Federal Contract Tower,0,11,6,49,66,0,1,21,14,36,0,12,27,63,102,8,34,42,144
03/23/2007,GTR,MS,ASO,CE,Federal Contract Tower,0,17,4,15,36,0,2,20,5,27,0,19,24,20,63,8,8,16,79
03/24/2007,GTR,MS,ASO,CE,Federal Contract Tower,1,5,3,2,11,0,0,27,0,27,1,5,30,2,38,10,0,10,48
03/25/2007,GTR,MS,ASO,CE,Federal Contract Tower,1,5,8,13,27,0,0,21,4,25,1,5,29,17,52,16,6,22,74
03/26/2007,GTR,MS,ASO,CE,Federal Contract Tower,0,10,8,28,46,0,0,27,4,31,0,10,35,32,77,6,14,20,97
03/27/2007,GTR,MS,ASO,CE,Federal Contract Tower,0,10,7,16,33,0,1,26,17,44,0,11,33,33,77,12,8,20,97
03/28/2007,GTR,MS,ASO,CE,Federal Contract Tower,0,17,13,10,40,0,0,26,3,29,0,17,39,13,69,6,22,28,97
03/29/2007,GTR,MS,ASO,CE,Federal Contract Tower,0,13,12,31,56,0,1,35,11,47,0,14,47,42,103,18,12,30,133
03/30/2007,GTR,MS,ASO,CE,Federal Contract Tower,0,12,12,15,39,0,1,11,6,18,0,13,23,21,57,16,10,26,83
03/31/2007,GTR,MS,ASO,CE,Federal Contract Tower,0,5,0,15,20,0,0,8,1,9,0,5,8,16,29,0,26,26,55
04/01/2007,GTR,MS,ASO,CE,Federal Contract Tower,0,5,3,3,11,0,0,13,0,13,0,5,16,3,24,8,8,16,40
04/02/2007,GTR,MS,ASO,CE,Federal Contract Tower,0,9,13,14,36,0,0,13,6,19,0,9,26,20,55,10,0,10,65
04/03/2007,GTR,MS,ASO,CE,Federal Contract Tower,0,18,12,23,53,0,2,18,13,33,0,20,30,36,86,0,8,8,94
04/04/2007,GTR,MS,ASO,CE,Federal Contract Tower,0,10,18,13,41,0,1,23,7,31,0,11,41,20,72,0,14,14,86
04/05/2007,GTR,MS,ASO,CE,Federal Contract Tower,1,17,13,20,51,0,1,19,5,25,1,18,32,25,76,10,20,30,106
04/06/2007,GTR,MS,ASO,CE,Federal Contract Tower,0,14,10,12,36,0,3,20,23,46,0,17,30,35,82,6,40,46,128
04/07/2007,GTR,MS,ASO,CE,Federal Contract Tower,0,5,7,5,17,0,0,10,1,11,0,5,17,6,28,0,2,2,30
04/08/2007,GTR,MS,ASO,CE,Federal Contract Tower,0,8,6,2,16,0,0,9,0,9,0,8,15,2,25,10,2,12,37
04/09/2007,GTR,MS,ASO,CE,Federal Contract Tower,0,10,9,0,19,0,2,22,0,24,0,12,31,0,43,0,0,0,43
04/10/2007,GTR,MS,ASO,CE,Federal Contract Tower,0,12,15,16,43,0,0,20,11,31,0,12,35,27,74,14,58,72,146
04/11/2007,GTR,MS,ASO,CE,Federal Contract Tower,0,9,9,2,20,0,0,10,2,12,0,9,19,4,32,0,8,8,40
04/12/2007,GTR,MS,ASO,CE,Federal Contract Tower,0,11,13,13,37,0,0,23,5,28,0,11,36,18,65,0,0,0,65
04/13/2007,GTR,MS,ASO,CE,Federal Contract Tower,0,14,8,19,41,0,0,14,1,15,0,14,22,20,56,6,8,14,70
04/14/2007,GTR,MS,ASO,CE,Federal Contract Tower,0,5,1,0,6,0,0,0,0,0,0,5,1,0,6,0,0,0,6
04/15/2007,GTR,MS,ASO,CE,Federal Contract Tower,0,5,5,0,10,0,0,4,0,4,0,5,9,0,14,0,0,0,14
04/16/2007,GTR,MS,ASO,CE,Federal Contract Tower,0,9,19,28,56,0,1,25,4,30,0,10,44,32,86,14,8,22,108
04/17/2007,GTR,MS,ASO,CE,Federal Contract Tower,0,15,12,16,43,0,1,32,0,33,0,16,44,16,76,40,0,40,116
04/18/2007,GTR,MS,ASO,CE,Federal Contract Tower,0,12,18,32,62,0,0,25,7,32,0,12,43,39,94,8,10,18,112
04/19/2007,GTR,MS,ASO,CE,Federal Contract Tower,0,14,15,41,70,0,0,26,9,35,0,14,41,50,105,0,34,34,139
04/20/2007,GTR,MS,ASO,CE,Federal Contract Tower,0,13,15,20,48,0,1,24,13,38,0,14,39,33,86,16,22,38,124
04/21/2007,GTR,MS,ASO,CE,Federal Contract Tower,0,6,1,0,7,0,4,8,0,12,0,10,9,0,19,6,0,6,25
04/22/2007,GTR,MS,ASO,CE,Federal Contract Tower,0,6,10,9,25,0,0,30,2,32,0,6,40,11,57,14,0,14,71
04/23/2007,GTR,MS,ASO,CE,Federal Contract Tower,0,9,4,32,45,0,2,10,4,16,0,11,14,36,61,6,8,14,75
04/24/2007,GTR,MS,ASO,CE,Federal Contract Tower,0,11,4,15,30,0,1,16,9,26,0,12,20,24,56,18,20,38,94
04/25/2007,GTR,MS,ASO,CE,Federal Contract Tower,0,14,13,27,54,0,0,13,9,22,0,14,26,36,76,4,10,14,90
04/26/2007,GTR,MS,ASO,CE,Federal Contract Tower,0,13,19,40,72,0,0,15,6,21,0,13,34,46,93,8,4,12,105
04/27/2007,GTR,MS,ASO,CE,Federal Contract Tower,0,16,13,6,35,0,2,20,2,24,0,18,33,8,59,2,10,12,71
04/28/2007,GTR,MS,ASO,CE,Federal Contract Tower,0,5,14,2,21,0,0,81,0,81,0,5,95,2,102,18,0,18,120
04/29/2007,GTR,MS,ASO,CE,Federal Contract Tower,0,6,7,7,20,0,0,14,2,16,0,6,21,9,36,6,0,6,42
04/30/2007,GTR,MS,ASO,CE,Federal Contract Tower,0,9,13,24,46,0,2,15,4,21,0,11,28,28,67,2,8,10,77
05/01/2007,GTR,MS,ASO,CE,Federal Contract Tower,0,10,14,26,50,0,1,8,10,19,0,11,22,36,69,2,30,32,101
05/02/2007,GTR,MS,ASO,CE,Federal Contract Tower,0,11,11,26,48,0,3,15,9,27,0,14,26,35,75,0,16,16,91
05/03/2007,GTR,MS,ASO,CE,Federal Contract Tower,0,13,8,13,34,0,1,10,5,16,0,14,18,18,50,2,8,10,60
05/04/2007,GTR,MS,ASO,CE,Federal Contract Tower,0,16,11,26,53,0,0,8,5,13,0,16,19,31,66,4,6,10,76
05/05/2007,GTR,MS,ASO,CE,Federal Contract Tower,0,5,4,1,10,0,0,12,0,12,0,5,16,1,22,0,0,0,22
05/06/2007,GTR,MS,ASO,CE,Federal Contract Tower,0,6,8,7,21,0,2,14,1,17,0,8,22,8,38,26,66,92,130
05/07/2007,GTR,MS,ASO,CE,Federal Contract Tower,0,3,6,12,21,0,0,31,15,46,0,3,37,27,67,14,18,32,99
05/08/2007,GTR,MS,ASO,CE,Federal Contract Tower,0,11,11,9,31,0,0,33,15,48,0,11,44,24,79,4,20,24,103
05/09/2007,GTR,MS,ASO,CE,Federal Contract Tower,0,10,9,8,27,0,1,24,10,35,0,11,33,18,62,0,28,28,90
05/10/2007,GTR,MS,ASO,CE,Federal Contract Tower,0,11,2,0,13,0,17,8,3,28,0,28,10,3,41,0,10,10,51
05/11/2007,GTR,MS,ASO,CE,Federal Contract Tower,0,7,13,11,31,0,0,18,3,21,0,7,31,14,52,8,36,44,96
05/12/2007,GTR,MS,ASO,CE,Federal Contract Tower,0,7,8,2,17,0,0,15,1,16,0,7,23,3,33,0,4,4,37
05/13/2007,GTR,MS,ASO,CE,Federal Contract Tower,0,6,9,3,18,0,0,21,4,25,0,6,30,7,43,0,20,20,63
05/14/2007,GTR,MS,ASO,CE,Federal Contract Tower,0,6,16,21,43,0,0,17,4,21,0,6,33,25,64,0,18,18,82
05/15/2007,GTR,MS,ASO,CE,Federal Contract Tower,0,13,21,29,63,0,0,34,6,40,0,13,55,35,103,18,12,30,133
05/16/2007,GTR,MS,ASO,CE,Federal Contract Tower,0,16,15,26,57,0,0,28,12,40,0,16,43,38,97,40,0,40,137
05/17/2007,GTR,MS,ASO,CE,Federal Contract Tower,0,11,26,14,51,0,0,48,6,54,0,11,74,20,105,2,0,2,107
05/18/2007,GTR,MS,ASO,CE,Federal Contract Tower,0,10,9,12,31,0,0,36,5,41,0,10,45,17,72,2,44,46,118
05/19/2007,GTR,MS,ASO,CE,Federal Contract Tower,0,5,0,7,12,0,0,11,2,13,0,5,11,9,25,0,12,12,37
05/20/2007,GTR,MS,ASO,CE,Federal Contract Tower,0,6,2,3,11,0,0,14,1,15,0,6,16,4,26,0,32,32,58
05/21/2007,GTR,MS,ASO,CE,Federal Contract Tower,0,7,8,2,17,0,0,27,2,29,0,7,35,4,46,12,2,14,60
05/22/2007,GTR,MS,ASO,CE,Federal Contract Tower,0,11,21,20,52,0,7,22,4,33,0,18,43,24,85,10,14,24,109
05/23/2007,GTR,MS,ASO,CE,Federal Contract Tower,0,8,11,7,26,0,0,13,14,27,0,8,24,21,53,0,6,6,59
05/24/2007,GTR,MS,ASO,CE,Federal Contract Tower,0,10,14,18,42,0,6,19,9,34,0,16,33,27,76,2,0,2,78
05/25/2007,GTR,MS,ASO,CE,Federal Contract Tower,0,10,28,2,40,0,0,4,0,4,0,10,32,2,44,22,8,30,74
05/26/2007,GTR,MS,ASO,CE,Federal Contract Tower,0,5,7,0,12,0,0,25,0,25,0,5,32,0,37,26,0,26,63
05/27/2007,GTR,MS,ASO,CE,Federal Contract Tower,0,3,4,0,7,0,1,5,2,8,0,4,9,2,15,4,2,6,21
05/28/2007,GTR,MS,ASO,CE,Federal Contract Tower,0,5,12,0,17,0,0,16,0,16,0,5,28,0,33,6,0,6,39
05/29/2007,GTR,MS,ASO,CE,Federal Contract Tower,0,7,26,9,42,0,0,13,7,20,0,7,39,16,62,14,20,34,96
05/30/2007,GTR,MS,ASO,CE,Federal Contract Tower,0,10,11,32,53,0,0,10,8,18,0,10,21,40,71,0,32,32,103
05/31/2007,GTR,MS,ASO,CE,Federal Contract Tower,0,8,24,12,44,0,0,8,3,11,0,8,32,15,55,4,26,30,85
06/01/2007,GTR,MS,ASO,CE,Federal Contract Tower,0,8,12,12,32,0,0,4,8,12,0,8,16,20,44,0,8,8,52
06/02/2007,GTR,MS,ASO,CE,Federal Contract Tower,0,7,8,0,15,0,0,12,0,12,0,7,20,0,27,10,0,10,37
06/03/2007,GTR,MS,ASO,CE,Federal Contract Tower,0,6,8,4,18,0,0,24,0,24,0,6,32,4,42,4,0,4,46
06/04/2007,GTR,MS,ASO,CE,Federal Contract Tower,0,9,7,7,23,0,0,16,13,29,0,9,23,20,52,4,34,38,90
06/05/2007,GTR,MS,ASO,CE,Federal Contract Tower,0,14,10,8,32,0,0,14,8,22,0,14,24,16,54,6,24,30,84
06/06/2007,GTR,MS,ASO,CE,Federal Contract Tower,0,13,14,10,37,0,0,14,2,16,0,13,28,12,53,8,6,14,67
06/07/2007,GTR,MS,ASO,CE,Federal Contract Tower,0,10,7,20,37,0,2,5,10,17,0,12,12,30,54,10,0,10,64
06/08/2007,GTR,MS,ASO,CE,Federal Contract Tower,0,9,11,10,30,0,2,8,13,23,0,11,19,23,53,0,40,40,93
06/09/2007,GTR,MS,ASO,CE,Federal Contract Tower,0,7,1,6,14,0,1,22,8,31,0,8,23,14,45,24,28,52,97
06/10/2007,GTR,MS,ASO,CE,Federal Contract Tower,0,7,3,8,18,0,0,20,6,26,0,7,23,14,44,32,24,56,100
06/11/2007,GTR,MS,ASO,CE,Federal Contract Tower,0,7,14,18,39,0,0,21,10,31,0,7,35,28,70,10,14,24,94
06/12/2007,GTR,MS,ASO,CE,Federal Contract Tower,0,13,10,14,37,0,2,26,6,34,0,15,36,20,71,26,10,36,107
06/13/2007,GTR,MS,ASO,CE,Federal Contract Tower,2,12,9,31,54,0,0,29,13,42,2,12,38,44,96,4,8,12,108
06/14/2007,GTR,MS,ASO,CE,Federal Contract Tower,0,9,13,6,28,0,0,21,15,36,0,9,34,21,64,14,8,22,86
06/15/2007,GTR,MS,ASO,CE,Federal Contract Tower,0,11,8,6,25,0,0,24,9,33,0,11,32,15,58,4,6,10,68
06/16/2007,GTR,MS,ASO,CE,Federal Contract Tower,0,6,4,6,16,0,2,27,1,30,0,8,31,7,46,4,20,24,70
06/17/2007,GTR,MS,ASO,CE,Federal Contract Tower,0,5,4,17,26,0,1,5,4,10,0,6,9,21,36,0,12,12,48
06/18/2007,GTR,MS,ASO,CE,Federal Contract Tower,2,5,12,10,29,0,1,12,13,26,2,6,24,23,55,20,46,66,121
06/19/2007,GTR,MS,ASO,CE,Federal Contract Tower,0,9,11,0,20,0,0,0,0,0,0,9,11,0,20,0,0,0,20
06/20/2007,GTR,MS,ASO,CE,Federal Contract Tower,0,11,19,22,52,0,0,40,12,52,0,11,59,34,104,22,4,26,130
06/21/2007,GTR,MS,ASO,CE,Federal Contract Tower,0,11,23,15,49,0,0,39,9,48,0,11,62,24,97,20,22,42,139
06/22/2007,GTR,MS,ASO,CE,Federal Contract Tower,0,14,10,17,41,0,0,12,9,21,0,14,22,26,62,38,40,78,140
06/23/2007,GTR,MS,ASO,CE,Federal Contract Tower,0,5,4,12,21,0,2,10,2,14,0,7,14,14,35,44,14,58,93
06/24/2007,GTR,MS,ASO,CE,Federal Contract Tower,0,6,2,11,19,0,0,16,2,18,0,6,18,13,37,0,0,0,37
06/25/2007,GTR,MS,ASO,CE,Federal Contract Tower,0,7,6,8,21,0,0,12,12,24,0,7,18,20,45,0,18,18,63
06/26/2007,GTR,MS,ASO,CE,Federal Contract Tower,0,12,13,15,40,0,0,14,12,26,0,12,27,27,66,0,10,10,76
06/27/2007,GTR,MS,ASO,CE,Federal Contract Tower,0,10,11,21,42,0,0,11,11,22,0,10,22,32,64,20,24,44,108
06/28/2007,GTR,MS,ASO,CE,Federal Contract Tower,0,12,19,15,46,0,6,6,3,15,0,18,25,18,61,22,0,22,83
06/29/2007,GTR,MS,ASO,CE,Federal Contract Tower,0,7,13,16,36,0,0,12,9,21,0,7,25,25,57,0,28,28,85
06/30/2007,GTR,MS,ASO,CE,Federal Contract Tower,0,6,6,0,12,0,0,14,0,14,0,6,20,0,26,0,0,0,26
07/01/2007,GTR,MS,ASO,CE,Federal Contract Tower,0,3,7,0,10,0,0,9,0,9,0,3,16,0,19,8,0,8,27
07/02/2007,GTR,MS,ASO,CE,Federal Contract Tower,0,8,1,27,36,0,0,21,9,30,0,8,22,36,66,2,24,26,92
07/03/2007,GTR,MS,ASO,CE,Federal Contract Tower,0,10,10,2,22,0,0,3,0,3,0,10,13,2,25,2,0,2,27
07/04/2007,GTR,MS,ASO,CE,Federal Contract Tower,0,4,2,0,6,0,0,5,0,5,0,4,7,0,11,0,0,0,11
07/05/2007,GTR,MS,ASO,CE,Federal Contract Tower,0,12,2,1,15,0,0,7,0,7,0,12,9,1,22,0,0,0,22
07/06/2007,GTR,MS,ASO,CE,Federal Contract Tower,0,12,4,44,60,0,2,7,5,14,0,14,11,49,74,0,18,18,92
07/07/2007,GTR,MS,ASO,CE,Federal Contract Tower,0,6,12,0,18,0,0,0,0,0,0,6,12,0,18,2,0,2,20
07/08/2007,GTR,MS,ASO,CE,Federal Contract Tower,0,7,4,0,11,0,0,19,2,21,0,7,23,2,32,2,20,22,54
07/09/2007,GTR,MS,ASO,CE,Federal Contract Tower,0,7,13,29,49,0,0,8,3,11,0,7,21,32,60,24,2,26,86
07/10/2007,GTR,MS,ASO,CE,Federal Contract Tower,0,8,17,17,42,0,1,12,9,22,0,9,29,26,64,38,16,54,118
07/11/2007,GTR,MS,ASO,CE,Federal Contract Tower,0,9,11,19,39,0,0,21,11,32,0,9,32,30,71,12,14,26,97
07/12/2007,GTR,MS,ASO,CE,Federal Contract Tower,0,15,8,5,28,0,0,26,7,33,0,15,34,12,61,10,34,44,105
07/13/2007,GTR,MS,ASO,CE,Federal Contract Tower,0,10,7,37,54,0,1,8,5,14,0,11,15,42,68,0,34,34,102
07/14/2007,GTR,MS,ASO,CE,Federal Contract Tower,0,6,1,6,13,0,0,6,0,6,0,6,7,6,19,0,4,4,23
07/15/2007,GTR,MS,ASO,CE,Federal Contract Tower,0,5,10,16,31,0,0,11,1,12,0,5,21,17,43,6,0,6,49
07/16/2007,GTR,MS,ASO,CE,Federal Contract Tower,0,10,15,23,48,0,0,5,11,16,0,10,20,34,64,2,16,18,82
07/17/2007,GTR,MS,ASO,CE,Federal Contract Tower,0,12,27,21,60,0,0,27,7,34,0,12,54,28,94,2,14,16,110
07/18/2007,GTR,MS,ASO,CE,Federal Contract Tower,0,17,17,25,59,0,0,30,7,37,0,17,47,32,96,4,24,28,124
07/19/2007,GTR,MS,ASO,CE,Federal Contract Tower,0,10,7,19,36,0,0,33,5,38,0,10,40,24,74,8,4,12,86
07/20/2007,GTR,MS,ASO,CE,Federal Contract Tower,0,7,4,4,15,0,11,20,6,37,0,18,24,10,52,8,8,16,68
07/21/2007,GTR,MS,ASO,CE,Federal Contract Tower,0,10,2,22,34,0,1,17,0,18,0,11,19,22,52,8,26,34,86
07/22/2007,GTR,MS,ASO,CE,Federal Contract Tower,0,5,2,4,11,0,0,16,1,17,0,5,18,5,28,10,0,10,38
07/23/2007,GTR,MS,ASO,CE,Federal Contract Tower,0,10,7,7,24,0,1,28,21,50,0,11,35,28,74,12,10,22,96
07/24/2007,GTR,MS,ASO,CE,Federal Contract Tower,0,13,13,44,70,0,1,30,18,49,0,14,43,62,119,8,44,52,171
07/25/2007,GTR,MS,ASO,CE,Federal Contract Tower,0,11,17,15,43,0,0,26,5,31,0,11,43,20,74,8,12,20,94
07/26/2007,GTR,MS,ASO,CE,Federal Contract Tower,0,12,11,20,43,0,0,38,8,46,0,12,49,28,89,16,32,48,137
07/27/2007,GTR,MS,ASO,CE,Federal Contract Tower,0,15,7,15,37,0,1,22,9,32,0,16,29,24,69,16,18,34,103
07/28/2007,GTR,MS,ASO,CE,Federal Contract Tower,0,9,2,4,15,0,0,23,4,27,0,9,25,8,42,6,22,28,70
07/29/2007,GTR,MS,ASO,CE,Federal Contract Tower,0,6,3,11,20,0,4,9,2,15,0,10,12,13,35,0,0,0,35
07/30/2007,GTR,MS,ASO,CE,Federal Contract Tower,0,9,4,26,39,0,0,19,10,29,0,9,23,36,68,8,6,14,82
07/31/2007,GTR,MS,ASO,CE,Federal Contract Tower,0,11,8,16,35,0,1,31,10,42,0,12,39,26,77,18,4,22,99
08/01/2007,GTR,MS,ASO,CE,Federal Contract Tower,0,12,15,22,49,0,6,25,14,45,0,18,40,36,94,40,30,70,164
08/02/2007,GTR,MS,ASO,CE,Federal Contract Tower,0,12,9,14,35,0,0,36,6,42,0,12,45,20,77,8,24,32,109
08/03/2007,GTR,MS,ASO,CE,Federal Contract Tower,0,14,10,22,46,0,1,20,11,32,0,15,30,33,78,0,28,28,106
08/04/2007,GTR,MS,ASO,CE,Federal Contract Tower,0,6,1,5,12,0,0,21,0,21,0,6,22,5,33,8,4,12,45
08/05/2007,GTR,MS,ASO,CE,Federal Contract Tower,0,3,9,17,29,0,0,13,5,18,0,3,22,22,47,8,4,12,59
08/06/2007,GTR,MS,ASO,CE,Federal Contract Tower,0,7,10,18,35,0,2,18,8,28,0,9,28,26,63,0,0,0,63
08/07/2007,GTR,MS,ASO,CE,Federal Contract Tower,0,10,7,3,20,0,2,14,3,19,0,12,21,6,39,16,10,26,65
08/08/2007,GTR,MS,ASO,CE,Federal Contract Tower,0,14,17,5,36,0,0,21,8,29,0,14,38,13,65,14,22,36,101
08/09/2007,GTR,MS,ASO,CE,Federal Contract Tower,0,12,2,5,19,0,0,28,5,33,0,12,30,10,52,0,0,0,52
08/10/2007,GTR,MS,ASO,CE,Federal Contract Tower,0,11,3,7,21,0,0,19,1,20,0,11,22,8,41,4,10,14,55
08/11/2007,GTR,MS,ASO,CE,Federal Contract Tower,0,6,7,0,13,0,0,10,0,10,0,6,17,0,23,12,0,12,35
08/12/2007,GTR,MS,ASO,CE,Federal Contract Tower,0,7,4,7,18,0,0,16,1,17,0,7,20,8,35,0,2,2,37
08/13/2007,GTR,MS,ASO,CE,Federal Contract Tower,0,9,14,8,31,0,0,13,2,15,0,9,27,10,46,16,8,24,70
08/14/2007,GTR,MS,ASO,CE,Federal Contract Tower,0,14,11,21,46,0,0,23,8,31,0,14,34,29,77,6,8,14,91
08/15/2007,GTR,MS,ASO,CE,Federal Contract Tower,0,12,10,14,36,0,1,38,16,55,0,13,48,30,91,36,30,66,157
08/16/2007,GTR,MS,ASO,CE,Federal Contract Tower,0,11,6,15,32,0,0,31,7,38,0,11,37,22,70,26,6,32,102
08/17/2007,GTR,MS,ASO,CE,Federal Contract Tower,0,13,4,29,46,0,1,24,1,26,0,14,28,30,72,14,34,48,120
08/18/2007,GTR,MS,ASO,CE,Federal Contract Tower,0,6,2,6,14,0,1,8,2,11,0,7,10,8,25,8,14,22,47
08/19/2007,GTR,MS,ASO,CE,Federal Contract Tower,0,5,4,5,14,0,0,17,3,20,0,5,21,8,34,6,20,26,60
08/20/2007,GTR,MS,ASO,CE,Federal Contract Tower,0,9,10,22,41,0,0,6,15,21,0,9,16,37,62,24,4,28,90
08/21/2007,GTR,MS,ASO,CE,Federal Contract Tower,0,11,12,20,43,0,1,23,12,36,0,12,35,32,79,10,4,14,93
08/22/2007,GTR,MS,ASO,CE,Federal Contract Tower,0,12,17,37,66,0,2,13,17,32,0,14,30,54,98,60,38,98,196
08/23/2007,GTR,MS,ASO,CE,Federal Contract Tower,0,11,6,21,38,0,2,27,3,32,0,13,33,24,70,32,8,40,110
08/24/2007,GTR,MS,ASO,CE,Federal Contract Tower,0,11,5,25,41,0,0,22,18,40,0,11,27,43,81,6,24,30,111
08/25/2007,GTR,MS,ASO,CE,Federal Contract Tower,0,4,3,0,7,0,1,10,1,12,0,5,13,1,19,0,0,0,19
08/26/2007,GTR,MS,ASO,CE,Federal Contract Tower,0,2,0,2,4,0,6,14,0,20,0,8,14,2,24,4,0,4,28
08/27/2007,GTR,MS,ASO,CE,Federal Contract Tower,0,6,8,6,20,0,0,23,4,27,0,6,31,10,47,34,2,36,83
08/28/2007,GTR,MS,ASO,CE,Federal Contract Tower,0,16,21,9,46,0,0,20,6,26,0,16,41,15,72,10,2,12,84
08/29/2007,GTR,MS,ASO,CE,Federal Contract Tower,2,16,13,11,42,0,2,33,6,41,2,18,46,17,83,32,6,38,121
08/30/2007,GTR,MS,ASO,CE,Federal Contract Tower,0,13,33,5,51,0,0,23,16,39,0,13,56,21,90,8,0,8,98
08/31/2007,GTR,MS,ASO,CE,Federal Contract Tower,0,12,18,11,41,0,0,21,7,28,0,12,39,18,69,0,4,4,73
09/01/2007,GTR,MS,ASO,CE,Federal Contract Tower,0,5,1,0,6,0,0,33,0,33,0,5,34,0,39,16,0,16,55
09/02/2007,GTR,MS,ASO,CE,Federal Contract Tower,0,5,12,0,17,0,0,15,0,15,0,5,27,0,32,28,0,28,60
09/03/2007,GTR,MS,ASO,CE,Federal Contract Tower,0,7,8,1,16,0,1,18,0,19,0,8,26,1,35,48,0,48,83
09/04/2007,GTR,MS,ASO,CE,Federal Contract Tower,0,12,15,18,45,0,1,21,9,31,0,13,36,27,76,24,22,46,122
09/05/2007,GTR,MS,ASO,CE,Federal Contract Tower,0,14,23,10,47,0,0,33,7,40,0,14,56,17,87,44,6,50,137
09/06/2007,GTR,MS,ASO,CE,Federal Contract Tower,0,6,7,0,13,0,0,32,0,32,0,6,39,0,45,18,0,18,63
09/07/2007,GTR,MS,ASO,CE,Federal Contract Tower,2,12,18,18,50,0,0,30,5,35,2,12,48,23,85,54,34,88,173
09/08/2007,GTR,MS,ASO,CE,Federal Contract Tower,0,7,8,8,23,0,0,19,0,19,0,7,27,8,42,10,4,14,56
09/09/2007,GTR,MS,ASO,CE,Federal Contract Tower,0,7,3,9,19,0,0,8,3,11,0,7,11,12,30,0,0,0,30
09/10/2007,GTR,MS,ASO,CE,Federal Contract Tower,0,8,8,33,49,0,0,12,13,25,0,8,20,46,74,22,10,32,106
09/11/2007,GTR,MS,ASO,CE,Federal Contract Tower,0,13,19,20,52,0,2,12,8,22,0,15,31,28,74,18,8,26,100
09/12/2007,GTR,MS,ASO,CE,Federal Contract Tower,0,11,9,14,34,0,1,24,14,39,0,12,33,28,73,46,16,62,135
09/13/2007,GTR,MS,ASO,CE,Federal Contract Tower,0,11,5,15,31,0,0,10,1,11,0,11,15,16,42,16,2,18,60
09/14/2007,GTR,MS,ASO,CE,Federal Contract Tower,0,9,18,31,58,0,0,17,5,22,0,9,35,36,80,18,4,22,102
09/15/2007,GTR,MS,ASO,CE,Federal Contract Tower,2,9,13,12,36,0,0,32,3,35,2,9,45,15,71,6,14,20,91
09/16/2007,GTR,MS,ASO,CE,Federal Contract Tower,0,9,5,10,24,0,2,31,2,35,0,11,36,12,59,20,16,36,95
09/17/2007,GTR,MS,ASO,CE,Federal Contract Tower,0,9,7,21,37,0,0,28,12,40,0,9,35,33,77,12,2,14,91
09/18/2007,GTR,MS,ASO,CE,Federal Contract Tower,0,13,4,25,42,0,3,32,11,46,0,16,36,36,88,26,0,26,114
09/19/2007,GTR,MS,ASO,CE,Federal Contract Tower,0,12,11,22,45,0,1,40,9,50,0,13,51,31,95,24,22,46,141
09/20/2007,GTR,MS,ASO,CE,Federal Contract Tower,0,12,15,19,46,0,0,44,7,51,0,12,59,26,97,22,0,22,119
09/21/2007,GTR,MS,ASO,CE,Federal Contract Tower,3,13,14,18,48,0,0,17,11,28,3,13,31,29,76,4,22,26,102
09/22/2007,GTR,MS,ASO,CE,Federal Contract Tower,0,6,5,17,28,0,0,9,0,9,0,6,14,17,37,2,8,10,47
09/23/2007,GTR,MS,ASO,CE,Federal Contract Tower,0,7,9,11,27,0,0,7,3,10,0,7,16,14,37,0,0,0,37
09/24/2007,GTR,MS,ASO,CE,Federal Contract Tower,0,9,10,45,64,0,0,12,13,25,0,9,22,58,89,0,8,8,97
09/25/2007,GTR,MS,ASO,CE,Federal Contract Tower,0,13,8,33,54,0,0,52,11,63,0,13,60,44,117,0,22,22,139
09/26/2007,GTR,MS,ASO,CE,Federal Contract Tower,0,12,19,20,51,0,0,21,7,28,0,12,40,27,79,16,0,16,95
09/27/2007,GTR,MS,ASO,CE,Federal Contract Tower,0,14,10,17,41,0,0,14,11,25,0,14,24,28,66,4,16,20,86
09/28/2007,GTR,MS,ASO,CE,Federal Contract Tower,2,12,4,0,18,0,1,30,0,31,2,13,34,0,49,16,0,16,65
09/29/2007,GTR,MS,ASO,CE,Federal Contract Tower,2,7,6,0,15,0,0,33,0,33,2,7,39,0,48,50,0,50,98
09/30/2007,GTR,MS,ASO,CE,Federal Contract Tower,0,5,7,0,12,0,1,32,0,33,0,6,39,0,45,18,0,18,63
10/01/2007,GTR,MS,ASO,CE,Federal Contract Tower,0,8,16,26,50,0,0,8,2,10,0,8,24,28,60,6,8,14,74
10/02/2007,GTR,MS,ASO,CE,Federal Contract Tower,0,16,10,16,42,0,0,16,14,30,0,16,26,30,72,6,14,20,92
10/03/2007,GTR,MS,ASO,CE,Federal Contract Tower,0,12,10,15,37,0,0,16,15,31,0,12,26,30,68,8,26,34,102
10/04/2007,GTR,MS,ASO,CE,Federal Contract Tower,0,13,13,22,48,0,0,10,27,37,0,13,23,49,85,10,10,20,105
10/05/2007,GTR,MS,ASO,CE,Federal Contract Tower,0,15,11,45,71,0,1,8,27,36,0,16,19,72,107,8,0,8,115
10/06/2007,GTR,MS,ASO,CE,Federal Contract Tower,0,5,4,1,10,0,0,10,0,10,0,5,14,1,20,0,0,0,20
10/07/2007,GTR,MS,ASO,CE,Federal Contract Tower,0,6,4,10,20,0,2,22,0,24,0,8,26,10,44,20,8,28,72
10/08/2007,GTR,MS,ASO,CE,Federal Contract Tower,0,9,9,13,31,0,0,10,0,10,0,9,19,13,41,6,24,30,71
10/09/2007,GTR,MS,ASO,CE,Federal Contract Tower,0,16,13,44,73,0,0,8,14,22,0,16,21,58,95,0,8,8,103
10/10/2007,GTR,MS,ASO,CE,Federal Contract Tower,0,13,13,10,36,0,0,6,12,18,0,13,19,22,54,2,36,38,92
10/11/2007,GTR,MS,ASO,CE,Federal Contract Tower,0,13,18,21,52,0,0,18,7,25,0,13,36,28,77,2,26,28,105
10/12/2007,GTR,MS,ASO,CE,Federal Contract Tower,2,12,13,15,42,0,0,36,4,40,2,12,49,19,82,8,34,42,124
10/13/2007,GTR,MS,ASO,CE,Federal Contract Tower,2,9,13,14,38,0,0,14,2,16,2,9,27,16,54,2,44,46,100
10/14/2007,GTR,MS,ASO,CE,Federal Contract Tower,0,8,7,10,25,0,0,10,5,15,0,8,17,15,40,0,0,0,40
10/15/2007,GTR,MS,ASO,CE,Federal Contract Tower,0,15,2,42,59,0,0,6,10,16,0,15,8,52,75,2,14,16,91
10/16/2007,GTR,MS,ASO,CE,Federal Contract Tower,0,16,10,33,59,0,0,11,16,27,0,16,21,49,86,12,8,20,106
10/17/2007,GTR,MS,ASO,CE,Federal Contract Tower,0,16,10,30,56,0,0,6,6,12,0,16,16,36,68,4,0,4,72
10/18/2007,GTR,MS,ASO,CE,Federal Contract Tower,0,12,7,24,43,0,0,12,0,12,0,12,19,24,55,2,0,2,57
10/19/2007,GTR,MS,ASO,CE,Federal Contract Tower,2,11,9,14,36,0,1,7,6,14,2,12,16,20,50,20,26,46,96
10/20/2007,GTR,MS,ASO,CE,Federal Contract Tower,0,5,4,2,11,0,0,23,1,24,0,5,27,3,35,4,8,12,47
10/21/2007,GTR,MS,ASO,CE,Federal Contract Tower,0,11,2,12,25,0,1,9,3,13,0,12,11,15,38,0,10,10,48
10/22/2007,GTR,MS,ASO,CE,Federal Contract Tower,0,11,8,22,41,0,0,2,0,2,0,11,10,22,43,0,0,0,43
10/23/2007,GTR,MS,ASO,CE,Federal Contract Tower,0,12,10,62,84,0,0,7,0,7,0,12,17,62,91,18,0,18,109
10/24/2007,GTR,MS,ASO,CE,Federal Contract Tower,0,12,2,55,69,0,0,2,15,17,0,12,4,70,86,6,0,6,92
10/25/2007,GTR,MS,ASO,CE,Federal Contract Tower,0,12,9,41,62,0,0,0,0,0,0,12,9,41,62,0,0,0,62
10/26/2007,GTR,MS,ASO,CE,Federal Contract Tower,2,13,5,37,57,0,0,9,15,24,2,13,14,52,81,0,20,20,101
10/27/2007,GTR,MS,ASO,CE,Federal Contract Tower,2,8,2,20,32,0,1,25,7,33,2,9,27,27,65,10,84,94,159
10/28/2007,GTR,MS,ASO,CE,Federal Contract Tower,0,8,4,16,28,0,0,19,1,20,0,8,23,17,48,6,0,6,54
10/29/2007,GTR,MS,ASO,CE,Federal Contract Tower,0,11,14,27,52,0,0,25,8,33,0,11,39,35,85,14,24,38,123
10/30/2007,GTR,MS,ASO,CE,Federal Contract Tower,1,11,2,17,31,0,1,29,9,39,1,12,31,26,70,30,12,42,112
10/31/2007,GTR,MS,ASO,CE,Federal Contract Tower,4,12,6,8,30,0,0,23,8,31,4,12,29,16,61,24,0,24,85
11/01/2007,GTR,MS,ASO,CE,Federal Contract Tower,0,15,6,10,31,0,0,12,7,19,0,15,18,17,50,0,54,54,104
11/02/2007,GTR,MS,ASO,CE,Federal Contract Tower,0,14,11,5,30,0,1,18,4,23,0,15,29,9,53,42,10,52,105
11/03/2007,GTR,MS,ASO,CE,Federal Contract Tower,0,6,5,4,15,0,3,19,0,22,0,9,24,4,37,14,0,14,51
11/04/2007,GTR,MS,ASO,CE,Federal Contract Tower,0,6,13,5,24,0,0,5,2,7,0,6,18,7,31,0,4,4,35
11/05/2007,GTR,MS,ASO,CE,Federal Contract Tower,0,9,10,17,36,0,0,8,2,10,0,9,18,19,46,16,0,16,62
11/06/2007,GTR,MS,ASO,CE,Federal Contract Tower,0,11,13,22,46,0,0,14,14,28,0,11,27,36,74,28,8,36,110
11/07/2007,GTR,MS,ASO,CE,Federal Contract Tower,0,10,9,20,39,0,1,21,11,33,0,11,30,31,72,16,14,30,102
11/08/2007,GTR,MS,ASO,CE,Federal Contract Tower,0,14,10,15,39,0,0,30,9,39,0,14,40,24,78,26,18,44,122
11/09/2007,GTR,MS,ASO,CE,Federal Contract Tower,0,10,9,13,32,0,1,11,7,19,0,11,20,20,51,48,26,74,125
11/10/2007,GTR,MS,ASO,CE,Federal Contract Tower,0,7,4,4,15,0,0,19,8,27,0,7,23,12,42,18,10,28,70
11/11/2007,GTR,MS,ASO,CE,Federal Contract Tower,0,8,9,2,19,0,0,20,3,23,0,8,29,5,42,36,20,56,98
11/12/2007,GTR,MS,ASO,CE,Federal Contract Tower,0,7,5,10,22,0,0,23,2,25,0,7,28,12,47,58,14,72,119
11/13/2007,GTR,MS,ASO,CE,Federal Contract Tower,0,12,12,15,39,0,0,11,6,17,0,12,23,21,56,22,34,56,112
11/14/2007,GTR,MS,ASO,CE,Federal Contract Tower,0,14,10,44,68,0,0,5,5,10,0,14,15,49,78,4,20,24,102
11/15/2007,GTR,MS,ASO,CE,Federal Contract Tower,0,15,5,8,28,0,6,9,4,19,0,21,14,12,47,8,16,24,71
11/16/2007,GTR,MS,ASO,CE,Federal Contract Tower,2,11,10,13,36,0,2,17,10,29,2,13,27,23,65,24,22,46,111
11/17/2007,GTR,MS,ASO,CE,Federal Contract Tower,2,5,11,9,27,0,0,21,1,22,2,5,32,10,49,20,6,26,75
11/18/2007,GTR,MS,ASO,CE,Federal Contract Tower,0,10,4,19,33,0,2,3,0,5,0,12,7,19,38,4,10,14,52
11/19/2007,GTR,MS,ASO,CE,Federal Contract Tower,0,6,4,5,15,0,0,22,10,32,0,6,26,15,47,66,18,84,131
11/20/2007,GTR,MS,ASO,CE,Federal Contract Tower,0,12,8,11,31,0,0,24,6,30,0,12,32,17,61,26,4,30,91
11/21/2007,GTR,MS,ASO,CE,Federal Contract Tower,0,12,13,3,28,0,4,0,0,4,0,16,13,3,32,0,0,0,32
11/22/2007,GTR,MS,ASO,CE,Federal Contract Tower,0,2,4,0,6,0,0,3,0,3,0,2,7,0,9,0,0,0,9
11/23/2007,GTR,MS,ASO,CE,Federal Contract Tower,0,7,5,1,13,0,5,16,1,22,0,12,21,2,35,4,16,20,55
11/24/2007,GTR,MS,ASO,CE,Federal Contract Tower,0,6,7,2,15,0,2,11,2,15,0,8,18,4,30,36,22,58,88
11/25/2007,GTR,MS,ASO,CE,Federal Contract Tower,0,11,10,2,23,0,0,0,0,0,0,11,10,2,23,0,0,0,23
11/26/2007,GTR,MS,ASO,CE,Federal Contract Tower,0,9,8,30,47,0,0,2,5,7,0,9,10,35,54,10,0,10,64
11/27/2007,GTR,MS,ASO,CE,Federal Contract Tower,0,11,8,27,46,0,1,38,3,42,0,12,46,30,88,24,2,26,114
11/28/2007,GTR,MS,ASO,CE,Federal Contract Tower,0,11,11,12,34,0,1,33,10,44,0,12,44,22,78,38,0,38,116
11/29/2007,GTR,MS,ASO,CE,Federal Contract Tower,0,12,14,15,41,0,0,18,16,34,0,12,32,31,75,2,28,30,105
11/30/2007,GTR,MS,ASO,CE,Federal Contract Tower,0,13,11,3,27,0,0,24,9,33,0,13,35,12,60,8,38,46,106
12/01/2007,GTR,MS,ASO,CE,Federal Contract Tower,0,6,2,1,9,0,3,16,0,19,0,9,18,1,28,38,0,38,66
12/02/2007,GTR,MS,ASO,CE,Federal Contract Tower,0,3,5,1,9,0,0,2,1,3,0,3,7,2,12,2,0,2,14
12/03/2007,GTR,MS,ASO,CE,Federal Contract Tower,0,7,6,19,32,0,0,10,9,19,0,7,16,28,51,12,40,52,103
12/04/2007,GTR,MS,ASO,CE,Federal Contract Tower,0,8,11,25,44,0,0,17,13,30,0,8,28,38,74,10,24,34,108
12/05/2007,GTR,MS,ASO,CE,Federal Contract Tower,0,8,8,43,59,0,0,16,19,35,0,8,24,62,94,2,16,18,112
12/06/2007,GTR,MS,ASO,CE,Federal Contract Tower,0,12,4,27,43,0,0,15,17,32,0,12,19,44,75,64,40,104,179
12/07/2007,GTR,MS,ASO,CE,Federal Contract Tower,0,11,10,13,34,0,0,28,7,35,0,11,38,20,69,44,18,62,131
12/08/2007,GTR,MS,ASO,CE,Federal Contract Tower,0,5,8,15,28,0,0,9,0,9,0,5,17,15,37,30,0,30,67
12/09/2007,GTR,MS,ASO,CE,Federal Contract Tower,0,4,2,16,22,0,0,6,2,8,0,4,8,18,30,0,0,0,30
12/10/2007,GTR,MS,ASO,CE,Federal Contract Tower,0,6,6,8,20,0,0,22,2,24,0,6,28,10,44,62,6,68,112
12/11/2007,GTR,MS,ASO,CE,Federal Contract Tower,0,8,15,32,55,0,0,24,4,28,0,8,39,36,83,36,4,40,123
12/12/2007,GTR,MS,ASO,CE,Federal Contract Tower,0,11,17,47,75,0,0,14,10,24,0,11,31,57,99,2,22,24,123
12/13/2007,GTR,MS,ASO,CE,Federal Contract Tower,0,13,23,16,52,0,0,3,8,11,0,13,26,24,63,0,0,0,63
12/14/2007,GTR,MS,ASO,CE,Federal Contract Tower,0,18,4,35,57,0,0,28,0,28,0,18,32,35,85,46,18,64,149
12/15/2007,GTR,MS,ASO,CE,Federal Contract Tower,0,4,8,1,13,0,0,0,0,0,0,4,8,1,13,0,0,0,13
12/16/2007,GTR,MS,ASO,CE,Federal Contract Tower,0,6,4,7,17,0,0,11,1,12,0,6,15,8,29,0,0,0,29
12/17/2007,GTR,MS,ASO,CE,Federal Contract Tower,0,16,10,33,59,0,0,9,18,27,0,16,19,51,86,26,72,98,184
12/18/2007,GTR,MS,ASO,CE,Federal Contract Tower,0,13,18,20,51,0,4,20,12,36,0,17,38,32,87,48,0,48,135
12/19/2007,GTR,MS,ASO,CE,Federal Contract Tower,0,8,9,28,45,0,0,24,11,35,0,8,33,39,80,40,4,44,124
12/20/2007,GTR,MS,ASO,CE,Federal Contract Tower,0,10,15,6,31,0,0,12,0,12,0,10,27,6,43,14,0,14,57
12/21/2007,GTR,MS,ASO,CE,Federal Contract Tower,0,14,18,0,32,0,0,17,0,17,0,14,35,0,49,6,0,6,55
12/22/2007,GTR,MS,ASO,CE,Federal Contract Tower,0,9,3,0,12,0,0,6,0,6,0,9,9,0,18,24,0,24,42
12/23/2007,GTR,MS,ASO,CE,Federal Contract Tower,0,5,4,0,9,0,0,7,0,7,0,5,11,0,16,8,0,8,24
12/24/2007,GTR,MS,ASO,CE,Federal Contract Tower,0,5,0,0,5,0,0,18,0,18,0,5,18,0,23,18,0,18,41
12/25/2007,GTR,MS,ASO,CE,Federal Contract Tower,0,2,2,0,4,0,0,1,0,1,0,2,3,0,5,0,0,0,5
12/26/2007,GTR,MS,ASO,CE,Federal Contract Tower,0,11,3,0,14,0,1,1,0,2,0,12,4,0,16,0,0,0,16
12/27/2007,GTR,MS,ASO,CE,Federal Contract Tower,0,10,11,20,41,0,0,1,0,1,0,10,12,20,42,30,0,30,72
12/28/2007,GTR,MS,ASO,CE,Federal Contract Tower,0,11,8,0,19,0,0,0,0,0,0,11,8,0,19,0,0,0,19
12/29/2007,GTR,MS,ASO,CE,Federal Contract Tower,0,6,7,0,13,0,2,13,0,15,0,8,20,0,28,0,0,0,28
12/30/2007,GTR,MS,ASO,CE,Federal Contract Tower,0,8,6,0,14,0,0,13,0,13,0,8,19,0,27,4,0,4,31
12/31/2007,GTR,MS,ASO,CE,Federal Contract Tower,0,5,1,0,6,0,0,25,0,25,0,5,26,0,31,38,0,38,69
01/01/2008,GTR,MS,ASO,CE,Federal Contract Tower,0,2,6,0,8,0,0,0,0,0,0,2,6,0,8,0,0,0,8
01/02/2008,GTR,MS,ASO,CE,Federal Contract Tower,0,10,10,2,22,0,0,35,0,35,0,10,45,2,57,4,0,4,61
01/03/2008,GTR,MS,ASO,CE,Federal Contract Tower,0,15,20,21,56,0,0,32,11,43,0,15,52,32,99,36,16,52,151
01/04/2008,GTR,MS,ASO,CE,Federal Contract Tower,0,14,13,14,41,0,0,22,9,31,0,14,35,23,72,42,28,70,142
01/05/2008,GTR,MS,ASO,CE,Federal Contract Tower,0,6,11,7,24,0,0,28,0,28,0,6,39,7,52,34,10,44,96
01/06/2008,GTR,MS,ASO,CE,Federal Contract Tower,0,5,7,9,21,0,4,0,0,4,0,9,7,9,25,0,0,0,25
01/07/2008,GTR,MS,ASO,CE,Federal Contract Tower,0,10,7,37,54,0,0,17,18,35,0,10,24,55,89,18,22,40,129
01/08/2008,GTR,MS,ASO,CE,Federal Contract Tower,0,14,10,12,36,0,0,3,0,3,0,14,13,12,39,0,6,6,45
01/09/2008,GTR,MS,ASO,CE,Federal Contract Tower,0,11,9,33,53,0,0,32,13,45,0,11,41,46,98,58,8,66,164
01/10/2008,GTR,MS,ASO,CE,Federal Contract Tower,0,10,8,0,18,0,0,0,0,0,0,10,8,0,18,0,0,0,18
01/11/2008,GTR,MS,ASO,CE,Federal Contract Tower,0,11,8,9,28,0,0,57,25,82,0,11,65,34,110,34,22,56,166
01/12/2008,GTR,MS,ASO,CE,Federal Contract Tower,0,9,7,11,27,0,1,29,6,36,0,10,36,17,63,52,16,68,131
01/13/2008,GTR,MS,ASO,CE,Federal Contract Tower,1,6,6,14,27,0,0,23,0,23,1,6,29,14,50,12,10,22,72
01/14/2008,GTR,MS,ASO,CE,Federal Contract Tower,1,11,3,26,41,0,1,7,12,20,1,12,10,38,61,22,20,42,103
01/15/2008,GTR,MS,ASO,CE,Federal Contract Tower,1,15,11,15,42,0,0,24,20,44,1,15,35,35,86,14,6,20,106
01/16/2008,GTR,MS,ASO,CE,Federal Contract Tower,0,11,16,20,47,0,0,2,7,9,0,11,18,27,56,0,0,0,56
01/17/2008,GTR,MS,ASO,CE,Federal Contract Tower,0,9,4,34,47,0,0,0,0,0,0,9,4,34,47,0,0,0,47
01/18/2008,GTR,MS,ASO,CE,Federal Contract Tower,0,12,6,9,27,0,2,36,11,49,0,14,42,20,76,30,44,74,150
01/19/2008,GTR,MS,ASO,CE,Federal Contract Tower,0,2,2,6,10,0,0,26,1,27,0,2,28,7,37,6,2,8,45
01/20/2008,GTR,MS,ASO,CE,Federal Contract Tower,0,4,6,3,13,0,0,19,3,22,0,4,25,6,35,44,2,46,81
01/21/2008,GTR,MS,ASO,CE,Federal Contract Tower,0,7,8,10,25,0,0,31,5,36,0,7,39,15,61,32,18,50,111
01/22/2008,GTR,MS,ASO,CE,Federal Contract Tower,0,8,8,0,16,0,0,0,0,0,0,8,8,0,16,0,0,0,16
01/23/2008,GTR,MS,ASO,CE,Federal Contract Tower,0,10,12,36,58,0,0,12,3,15,0,10,24,39,73,0,0,0,73
01/24/2008,GTR,MS,ASO,CE,Federal Contract Tower,0,15,4,13,32,0,0,40,8,48,0,15,44,21,80,64,44,108,188
01/25/2008,GTR,MS,ASO,CE,Federal Contract Tower,0,11,12,9,32,0,0,13,12,25,0,11,25,21,57,34,28,62,119
01/26/2008,GTR,MS,ASO,CE,Federal Contract Tower,0,7,2,4,13,0,0,0,0,0,0,7,2,4,13,0,0,0,13
01/27/2008,GTR,MS,ASO,CE,Federal Contract Tower,0,10,0,8,18,0,0,12,1,13,0,10,12,9,31,42,0,42,73
01/28/2008,GTR,MS,ASO,CE,Federal Contract Tower,0,12,4,31,47,0,0,27,9,36,0,12,31,40,83,40,22,62,145
01/29/2008,GTR,MS,ASO,CE,Federal Contract Tower,0,14,5,18,37,0,0,4,5,9,0,14,9,23,46,4,12,16,62
01/30/2008,GTR,MS,ASO,CE,Federal Contract Tower,0,12,9,38,59,0,0,29,15,44,0,12,38,53,103,48,26,74,177
01/31/2008,GTR,MS,ASO,CE,Federal Contract Tower,0,9,1,18,28,0,0,6,8,14,0,9,7,26,42,6,22,28,70
02/01/2008,GTR,MS,ASO,CE,Federal Contract Tower,0,17,6,13,36,0,0,26,20,46,0,17,32,33,82,42,22,64,146
02/02/2008,GTR,MS,ASO,CE,Federal Contract Tower,0,5,7,5,17,0,0,32,1,33,0,5,39,6,50,64,4,68,118
02/03/2008,GTR,MS,ASO,CE,Federal Contract Tower,0,4,5,8,17,0,0,0,0,0,0,4,5,8,17,0,0,0,17
02/04/2008,GTR,MS,ASO,CE,Federal Contract Tower,0,9,1,44,54,0,0,14,12,26,0,9,15,56,80,6,44,50,130
02/05/2008,GTR,MS,ASO,CE,Federal Contract Tower,0,10,2,19,31,0,0,4,10,14,0,10,6,29,45,0,10,10,55
02/06/2008,GTR,MS,ASO,CE,Federal Contract Tower,0,13,9,8,30,0,0,6,2,8,0,13,15,10,38,2,12,14,52
02/07/2008,GTR,MS,ASO,CE,Federal Contract Tower,0,15,9,28,52,0,1,40,14,55,0,16,49,42,107,12,38,50,157
02/08/2008,GTR,MS,ASO,CE,Federal Contract Tower,0,11,10,33,54,0,0,29,11,40,0,11,39,44,94,16,52,68,162
02/09/2008,GTR,MS,ASO,CE,Federal Contract Tower,0,8,9,4,21,0,4,23,0,27,0,12,32,4,48,20,0,20,68
02/10/2008,GTR,MS,ASO,CE,Federal Contract Tower,0,6,10,10,26,0,0,42,3,45,0,6,52,13,71,12,22,34,105
02/11/2008,GTR,MS,ASO,CE,Federal Contract Tower,0,9,5,23,37,0,0,46,9,55,0,9,51,32,92,26,22,48,140
02/12/2008,GTR,MS,ASO,CE,Federal Contract Tower,0,11,2,16,29,0,0,3,4,7,0,11,5,20,36,16,4,20,56
02/13/2008,GTR,MS,ASO,CE,Federal Contract Tower,0,9,5,8,22,0,4,10,6,20,0,13,15,14,42,20,0,20,62
02/14/2008,GTR,MS,ASO,CE,Federal Contract Tower,0,13,11,18,42,0,0,44,5,49,0,13,55,23,91,18,20,38,129
02/15/2008,GTR,MS,ASO,CE,Federal Contract Tower,0,15,7,25,47,0,0,42,3,45,0,15,49,28,92,66,6,72,164
02/16/2008,GTR,MS,ASO,CE,Federal Contract Tower,0,11,3,1,15,0,0,3,0,3,0,11,6,1,18,0,0,0,18
02/17/2008,GTR,MS,ASO,CE,Federal Contract Tower,0,6,9,8,23,0,0,7,0,7,0,6,16,8,30,14,16,30,60
02/18/2008,GTR,MS,ASO,CE,Federal Contract Tower,0,6,9,4,19,0,0,25,0,25,0,6,34,4,44,0,4,4,48
02/19/2008,GTR,MS,ASO,CE,Federal Contract Tower,0,12,17,24,53,0,0,20,4,24,0,12,37,28,77,24,6,30,107
02/20/2008,GTR,MS,ASO,CE,Federal Contract Tower,0,11,2,29,42,0,0,25,15,40,0,11,27,44,82,28,6,34,116
02/21/2008,GTR,MS,ASO,CE,Federal Contract Tower,0,14,12,12,38,0,2,0,0,2,0,16,12,12,40,0,0,0,40
02/22/2008,GTR,MS,ASO,CE,Federal Contract Tower,0,16,16,26,58,0,0,13,0,13,0,16,29,26,71,0,0,0,71
02/23/2008,GTR,MS,ASO,CE,Federal Contract Tower,0,10,7,7,24,0,1,42,10,53,0,11,49,17,77,11,2,13,90
02/24/2008,GTR,MS,ASO,CE,Federal Contract Tower,0,6,18,6,30,0,0,24,0,24,0,6,42,6,54,20,0,20,74
02/25/2008,GTR,MS,ASO,CE,Federal Contract Tower,0,9,10,47,66,0,1,29,13,43,0,10,39,60,109,14,0,14,123
02/26/2008,GTR,MS,ASO,CE,Federal Contract Tower,0,11,8,18,37,0,0,8,14,22,0,11,16,32,59,0,2,2,61
02/27/2008,GTR,MS,ASO,CE,Federal Contract Tower,0,18,6,5,29,0,0,19,3,22,0,18,25,8,51,26,0,26,77
02/28/2008,GTR,MS,ASO,CE,Federal Contract Tower,1,13,4,29,47,0,4,22,7,33,1,17,26,36,80,36,2,38,118
02/29/2008,GTR,MS,ASO,CE,Federal Contract Tower,2,14,8,39,63,0,3,18,11,32,2,17,26,50,95,32,12,44,139
03/01/2008,GTR,MS,ASO,CE,Federal Contract Tower,0,10,3,17,30,0,0,24,2,26,0,10,27,19,56,22,32,54,110
03/02/2008,GTR,MS,ASO,CE,Federal Contract Tower,0,6,9,9,24,0,0,49,4,53,0,6,58,13,77,20,2,22,99
03/03/2008,GTR,MS,ASO,CE,Federal Contract Tower,0,8,1,9,18,0,0,4,16,20,0,8,5,25,38,0,4,4,42
03/04/2008,GTR,MS,ASO,CE,Federal Contract Tower,0,15,7,43,65,0,0,0,6,6,0,15,7,49,71,0,0,0,71
03/05/2008,GTR,MS,ASO,CE,Federal Contract Tower,2,12,6,9,29,1,0,60,1,62,3,12,66,10,91,102,28,130,221
03/06/2008,GTR,MS,ASO,CE,Federal Contract Tower,2,14,13,11,40,0,0,30,9,39,2,14,43,20,79,28,4,32,111
03/07/2008,GTR,MS,ASO,CE,Federal Contract Tower,3,10,3,6,22,0,0,0,0,0,3,10,3,6,22,0,0,0,22
03/08/2008,GTR,MS,ASO,CE,Federal Contract Tower,0,3,14,0,17,0,2,23,0,25,0,5,37,0,42,10,0,10,52
03/09/2008,GTR,MS,ASO,CE,Federal Contract Tower,0,3,2,5,10,0,0,34,0,34,0,3,36,5,44,0,4,4,48
03/10/2008,GTR,MS,ASO,CE,Federal Contract Tower,2,11,3,25,41,0,0,43,10,53,2,11,46,35,94,48,0,48,142
03/11/2008,GTR,MS,ASO,CE,Federal Contract Tower,0,10,11,14,35,0,0,41,7,48,0,10,52,21,83,28,34,62,145
03/12/2008,GTR,MS,ASO,CE,Federal Contract Tower,0,16,7,19,42,0,0,43,23,66,0,16,50,42,108,30,22,52,160
03/13/2008,GTR,MS,ASO,CE,Federal Contract Tower,0,12,10,30,52,0,0,69,10,79,0,12,79,40,131,8,28,36,167
03/14/2008,GTR,MS,ASO,CE,Federal Contract Tower,0,13,9,12,34,0,0,18,11,29,0,13,27,23,63,6,28,34,97
03/15/2008,GTR,MS,ASO,CE,Federal Contract Tower,0,3,3,1,7,0,0,21,1,22,0,3,24,2,29,4,4,8,37
03/16/2008,GTR,MS,ASO,CE,Federal Contract Tower,0,6,4,3,13,0,0,57,0,57,0,6,61,3,70,66,0,66,136
03/17/2008,GTR,MS,ASO,CE,Federal Contract Tower,0,13,2,8,23,0,0,26,4,30,0,13,28,12,53,12,8,20,73
03/18/2008,GTR,MS,ASO,CE,Federal Contract Tower,0,13,3,16,32,0,0,2,8,10,0,13,5,24,42,2,8,10,52
03/19/2008,GTR,MS,ASO,CE,Federal Contract Tower,2,9,6,11,28,0,0,3,3,6,2,9,9,14,34,6,0,6,40
03/20/2008,GTR,MS,ASO,CE,Federal Contract Tower,2,14,10,19,45,0,2,15,6,23,2,16,25,25,68,20,8,28,96
03/21/2008,GTR,MS,ASO,CE,Federal Contract Tower,0,14,12,18,44,0,2,15,6,23,0,16,27,24,67,6,6,12,79
03/22/2008,GTR,MS,ASO,CE,Federal Contract Tower,0,3,0,0,3,0,1,50,0,51,0,4,50,0,54,22,0,22,76
03/23/2008,GTR,MS,ASO,CE,Federal Contract Tower,2,6,4,1,13,0,0,12,0,12,2,6,16,1,25,0,0,0,25
03/24/2008,GTR,MS,ASO,CE,Federal Contract Tower,1,9,15,20,45,0,0,67,7,74,1,9,82,27,119,8,16,24,143
03/25/2008,GTR,MS,ASO,CE,Federal Contract Tower,2,16,10,17,45,0,0,39,10,49,2,16,49,27,94,16,22,38,132
03/26/2008,GTR,MS,ASO,CE,Federal Contract Tower,2,12,12,24,50,0,0,60,9,69,2,12,72,33,119,28,18,46,165
03/27/2008,GTR,MS,ASO,CE,Federal Contract Tower,0,17,17,44,78,0,0,58,13,71,0,17,75,57,149,22,22,44,193
03/28/2008,GTR,MS,ASO,CE,Federal Contract Tower,3,16,10,28,57,0,0,8,2,10,3,16,18,30,67,12,2,14,81
03/29/2008,GTR,MS,ASO,CE,Federal Contract Tower,1,3,7,4,15,0,0,10,0,10,1,3,17,4,25,0,0,0,25
03/30/2008,GTR,MS,ASO,CE,Federal Contract Tower,0,5,7,38,50,0,0,4,2,6,0,5,11,40,56,0,0,0,56
03/31/2008,GTR,MS,ASO,CE,Federal Contract Tower,2,9,7,51,69,0,0,12,12,24,2,9,19,63,93,22,0,22,115
04/01/2008,GTR,MS,ASO,CE,Federal Contract Tower,0,10,12,42,64,0,1,12,6,19,0,11,24,48,83,18,2,20,103
04/02/2008,GTR,MS,ASO,CE,Federal Contract Tower,0,15,10,34,59,0,0,47,22,69,0,15,57,56,128,24,34,58,186
04/03/2008,GTR,MS,ASO,CE,Federal Contract Tower,2,13,11,33,59,0,2,21,3,26,2,15,32,36,85,6,0,6,91
04/04/2008,GTR,MS,ASO,CE,Federal Contract Tower,0,11,1,16,28,0,0,2,0,2,0,11,3,16,30,0,0,0,30
04/05/2008,GTR,MS,ASO,CE,Federal Contract Tower,0,3,4,4,11,0,0,8,0,8,0,3,12,4,19,0,12,12,31
04/06/2008,GTR,MS,ASO,CE,Federal Contract Tower,1,4,2,27,34,0,0,12,2,14,1,4,14,29,48,0,0,0,48
04/07/2008,GTR,MS,ASO,CE,Federal Contract Tower,0,11,10,33,54,0,0,54,19,73,0,11,64,52,127,28,34,62,189
04/08/2008,GTR,MS,ASO,CE,Federal Contract Tower,0,10,10,45,65,0,3,6,13,22,0,13,16,58,87,12,8,20,107
04/09/2008,GTR,MS,ASO,CE,Federal Contract Tower,0,13,9,27,49,0,0,37,16,53,0,13,46,43,102,48,0,48,150
04/10/2008,GTR,MS,ASO,CE,Federal Contract Tower,1,12,5,36,54,0,0,6,6,12,1,12,11,42,66,0,0,0,66
04/11/2008,GTR,MS,ASO,CE,Federal Contract Tower,0,13,6,9,28,0,0,4,1,5,0,13,10,10,33,0,14,14,47
04/12/2008,GTR,MS,ASO,CE,Federal Contract Tower,0,3,8,3,14,0,1,30,6,37,0,4,38,9,51,18,18,36,87
04/13/2008,GTR,MS,ASO,CE,Federal Contract Tower,0,6,6,9,21,0,0,24,2,26,0,6,30,11,47,2,28,30,77
04/14/2008,GTR,MS,ASO,CE,Federal Contract Tower,0,10,4,6,20,0,1,45,7,53,0,11,49,13,73,2,8,10,83
04/15/2008,GTR,MS,ASO,CE,Federal Contract Tower,0,11,3,23,37,0,1,58,7,66,0,12,61,30,103,2,0,2,105
04/16/2008,GTR,MS,ASO,CE,Federal Contract Tower,0,12,11,25,48,0,4,35,20,59,0,16,46,45,107,20,4,24,131
04/17/2008,GTR,MS,ASO,CE,Federal Contract Tower,0,10,11,13,34,0,0,60,5,65,0,10,71,18,99,22,2,24,123
04/18/2008,GTR,MS,ASO,CE,Federal Contract Tower,0,13,13,9,35,0,0,12,4,16,0,13,25,13,51,36,2,38,89
04/19/2008,GTR,MS,ASO,CE,Federal Contract Tower,0,5,5,1,11,0,0,19,0,19,0,5,24,1,30,4,0,4,34
04/20/2008,GTR,MS,ASO,CE,Federal Contract Tower,0,4,8,12,24,0,0,23,0,23,0,4,31,12,47,12,0,12,59
04/21/2008,GTR,MS,ASO,CE,Federal Contract Tower,0,8,8,23,39,0,0,28,7,35,0,8,36,30,74,30,16,46,120
04/22/2008,GTR,MS,ASO,CE,Federal Contract Tower,0,9,14,13,36,0,2,23,3,28,0,11,37,16,64,32,0,32,96
04/23/2008,GTR,MS,ASO,CE,Federal Contract Tower,0,11,6,41,58,0,0,31,14,45,0,11,37,55,103,0,12,12,115
04/24/2008,GTR,MS,ASO,CE,Federal Contract Tower,0,14,7,8,29,0,0,20,1,21,0,14,27,9,50,20,2,22,72
04/25/2008,GTR,MS,ASO,CE,Federal Contract Tower,0,15,8,20,43,0,0,23,4,27,0,15,31,24,70,38,4,42,112
04/26/2008,GTR,MS,ASO,CE,Federal Contract Tower,0,8,2,1,11,0,2,0,0,2,0,10,2,1,13,0,0,0,13
04/27/2008,GTR,MS,ASO,CE,Federal Contract Tower,0,5,5,5,15,0,0,2,1,3,0,5,7,6,18,0,6,6,24
04/28/2008,GTR,MS,ASO,CE,Federal Contract Tower,0,9,5,37,51,0,0,17,7,24,0,9,22,44,75,8,14,22,97
04/29/2008,GTR,MS,ASO,CE,Federal Contract Tower,0,10,4,35,49,0,2,33,6,41,0,12,37,41,90,16,4,20,110
04/30/2008,GTR,MS,ASO,CE,Federal Contract Tower,0,13,8,35,56,0,0,14,29,43,0,13,22,64,99,16,2,18,117
05/01/2008,GTR,MS,ASO,CE,Federal Contract Tower,0,12,11,22,45,0,2,8,6,16,0,14,19,28,61,0,6,6,67
05/02/2008,GTR,MS,ASO,CE,Federal Contract Tower,0,13,2,20,35,0,0,0,6,6,0,13,2,26,41,0,14,14,55
05/03/2008,GTR,MS,ASO,CE,Federal Contract Tower,0,2,3,7,12,0,1,6,3,10,0,3,9,10,22,0,20,20,42
05/04/2008,GTR,MS,ASO,CE,Federal Contract Tower,0,4,4,4,12,0,0,22,0,22,0,4,26,4,34,2,8,10,44
05/05/2008,GTR,MS,ASO,CE,Federal Contract Tower,0,9,8,0,17,0,0,24,0,24,0,9,32,0,41,12,0,12,53
05/06/2008,GTR,MS,ASO,CE,Federal Contract Tower,0,10,4,19,33,0,0,19,10,29,0,10,23,29,62,8,0,8,70
05/07/2008,GTR,MS,ASO,CE,Federal Contract Tower,0,12,6,7,25,0,1,32,17,50,0,13,38,24,75,12,8,20,95
05/08/2008,GTR,MS,ASO,CE,Federal Contract Tower,0,14,15,25,54,0,0,7,5,12,0,14,22,30,66,4,0,4,70
05/09/2008,GTR,MS,ASO,CE,Federal Contract Tower,0,11,11,7,29,0,0,30,2,32,0,11,41,9,61,12,8,20,81
05/10/2008,GTR,MS,ASO,CE,Federal Contract Tower,0,3,2,6,11,0,4,5,0,9,0,7,7,6,20,6,0,6,26
05/11/2008,GTR,MS,ASO,CE,Federal Contract Tower,0,4,1,9,14,0,0,10,2,12,0,4,11,11,26,4,0,4,30
05/12/2008,GTR,MS,ASO,CE,Federal Contract Tower,0,9,5,14,28,0,0,42,2,44,0,9,47,16,72,38,0,38,110
05/13/2008,GTR,MS,ASO,CE,Federal Contract Tower,0,11,11,12,34,0,0,26,2,28,0,11,37,14,62,12,2,14,76
05/14/2008,GTR,MS,ASO,CE,Federal Contract Tower,1,13,6,32,52,0,0,20,15,35,1,13,26,47,87,34,12,46,133
05/15/2008,GTR,MS,ASO,CE,Federal Contract Tower,0,12,9,0,21,0,2,15,1,18,0,14,24,1,39,14,0,14,53
05/16/2008,GTR,MS,ASO,CE,Federal Contract Tower,0,12,10,26,48,0,0,12,38,50,0,12,22,64,98,24,4,28,126
05/17/2008,GTR,MS,ASO,CE,Federal Contract Tower,0,3,1,8,12,0,0,63,0,63,0,3,64,8,75,106,12,118,193
05/18/2008,GTR,MS,ASO,CE,Federal Contract Tower,0,5,6,10,21,0,0,15,8,23,0,5,21,18,44,10,2,12,56
05/19/2008,GTR,MS,ASO,CE,Federal Contract Tower,0,10,3,11,24,0,2,56,9,67,0,12,59,20,91,66,4,70,161
05/20/2008,GTR,MS,ASO,CE,Federal Contract Tower,0,6,7,6,19,0,2,21,4,27,0,8,28,10,46,6,0,6,52
05/21/2008,GTR,MS,ASO,CE,Federal Contract Tower,0,7,11,15,33,0,7,50,7,64,0,14,61,22,97,60,16,76,173
05/22/2008,GTR,MS,ASO,CE,Federal Contract Tower,0,8,8,20,36,0,5,26,27,58,0,13,34,47,94,6,16,22,116
05/23/2008,GTR,MS,ASO,CE,Federal Contract Tower,0,11,15,4,30,0,0,10,0,10,0,11,25,4,40,0,0,0,40
05/24/2008,GTR,MS,ASO,CE,Federal Contract Tower,0,5,11,5,21,0,0,10,0,10,0,5,21,5,31,6,0,6,37
05/25/2008,GTR,MS,ASO,CE,Federal Contract Tower,0,2,4,5,11,0,0,28,5,33,0,2,32,10,44,6,22,28,72
05/26/2008,GTR,MS,ASO,CE,Federal Contract Tower,0,5,14,6,25,0,0,16,2,18,0,5,30,8,43,24,22,46,89
05/27/2008,GTR,MS,ASO,CE,Federal Contract Tower,0,11,9,27,47,0,0,16,0,16,0,11,25,27,63,2,0,2,65
05/28/2008,GTR,MS,ASO,CE,Federal Contract Tower,0,8,16,31,55,0,1,10,1,12,0,9,26,32,67,6,8,14,81
05/29/2008,GTR,MS,ASO,CE,Federal Contract Tower,0,11,17,41,69,0,0,12,19,31,0,11,29,60,100,12,32,44,144
05/30/2008,GTR,MS,ASO,CE,Federal Contract Tower,1,9,11,23,44,0,0,35,18,53,1,9,46,41,97,36,32,68,165
05/31/2008,GTR,MS,ASO,CE,Federal Contract Tower,0,1,8,11,20,0,0,26,1,27,0,1,34,12,47,20,30,50,97
06/01/2008,GTR,MS,ASO,CE,Federal Contract Tower,0,3,3,5,11,0,0,9,2,11,0,3,12,7,22,22,2,24,46
06/02/2008,GTR,MS,ASO,CE,Federal Contract Tower,0,8,12,15,35,0,0,32,9,41,0,8,44,24,76,40,52,92,168
06/03/2008,GTR,MS,ASO,CE,Federal Contract Tower,0,5,8,7,20,0,0,21,6,27,0,5,29,13,47,40,2,42,89
06/04/2008,GTR,MS,ASO,CE,Federal Contract Tower,0,7,18,18,43,0,0,38,10,48,0,7,56,28,91,44,16,60,151
06/05/2008,GTR,MS,ASO,CE,Federal Contract Tower,0,7,8,9,24,0,0,28,1,29,0,7,36,10,53,34,0,34,87
06/06/2008,GTR,MS,ASO,CE,Federal Contract Tower,0,8,5,14,27,0,0,19,8,27,0,8,24,22,54,8,10,18,72
06/07/2008,GTR,MS,ASO,CE,Federal Contract Tower,0,6,5,5,16,0,0,58,1,59,0,6,63,6,75,48,6,54,129
06/08/2008,GTR,MS,ASO,CE,Federal Contract Tower,0,8,5,4,17,0,0,11,0,11,0,8,16,4,28,28,0,28,56
06/09/2008,GTR,MS,ASO,CE,Federal Contract Tower,0,7,9,10,26,0,0,20,10,30,0,7,29,20,56,42,12,54,110
06/10/2008,GTR,MS,ASO,CE,Federal Contract Tower,0,10,15,37,62,0,0,35,7,42,0,10,50,44,104,64,4,68,172
06/11/2008,GTR,MS,ASO,CE,Federal Contract Tower,0,7,4,29,40,0,0,27,9,36,0,7,31,38,76,48,12,60,136
06/12/2008,GTR,MS,ASO,CE,Federal Contract Tower,0,11,9,20,40,0,0,6,12,18,0,11,15,32,58,0,0,0,58
06/13/2008,GTR,MS,ASO,CE,Federal Contract Tower,0,7,6,5,18,0,0,13,11,24,0,7,19,16,42,30,18,48,90
06/14/2008,GTR,MS,ASO,CE,Federal Contract Tower,0,7,7,0,14,0,0,6,0,6,0,7,13,0,20,12,0,12,32
06/15/2008,GTR,MS,ASO,CE,Federal Contract Tower,0,8,8,10,26,0,4,21,0,25,0,12,29,10,51,14,4,18,69
06/16/2008,GTR,MS,ASO,CE,Federal Contract Tower,0,8,3,21,32,0,0,8,7,15,0,8,11,28,47,2,10,12,59
06/17/2008,GTR,MS,ASO,CE,Federal Contract Tower,0,7,6,23,36,0,0,19,23,42,0,7,25,46,78,0,32,32,110
06/18/2008,GTR,MS,ASO,CE,Federal Contract Tower,0,10,5,18,33,0,0,21,5,26,0,10,26,23,59,8,16,24,83
06/19/2008,GTR,MS,ASO,CE,Federal Contract Tower,0,9,6,13,28,0,0,22,17,39,0,9,28,30,67,10,2,12,79
06/20/2008,GTR,MS,ASO,CE,Federal Contract Tower,0,8,7,13,28,0,0,18,5,23,0,8,25,18,51,12,8,20,71
06/21/2008,GTR,MS,ASO,CE,Federal Contract Tower,0,6,5,9,20,0,1,5,10,16,0,7,10,19,36,0,8,8,44
06/22/2008,GTR,MS,ASO,CE,Federal Contract Tower,0,6,6,7,19,0,2,13,2,17,0,8,19,9,36,4,6,10,46
06/23/2008,GTR,MS,ASO,CE,Federal Contract Tower,0,9,1,20,30,0,0,28,2,30,0,9,29,22,60,30,0,30,90
06/24/2008,GTR,MS,ASO,CE,Federal Contract Tower,0,6,8,17,31,0,0,16,9,25,0,6,24,26,56,38,8,46,102
06/25/2008,GTR,MS,ASO,CE,Federal Contract Tower,0,10,5,15,30,0,0,22,7,29,0,10,27,22,59,42,8,50,109
06/26/2008,GTR,MS,ASO,CE,Federal Contract Tower,0,13,8,27,48,0,0,19,5,24,0,13,27,32,72,6,0,6,78
06/27/2008,GTR,MS,ASO,CE,Federal Contract Tower,0,7,10,20,37,0,0,10,1,11,0,7,20,21,48,2,14,16,64
06/28/2008,GTR,MS,ASO,CE,Federal Contract Tower,0,5,10,11,26,0,0,14,2,16,0,5,24,13,42,12,10,22,64
06/29/2008,GTR,MS,ASO,CE,Federal Contract Tower,0,6,9,21,36,0,0,9,1,10,0,6,18,22,46,4,0,4,50
06/30/2008,GTR,MS,ASO,CE,Federal Contract Tower,0,7,1,9,17,0,0,4,3,7,0,7,5,12,24,0,6,6,30
07/01/2008,GTR,MS,ASO,CE,Federal Contract Tower,0,9,32,14,55,0,1,16,5,22,0,10,48,19,77,2,12,14,91
07/02/2008,GTR,MS,ASO,CE,Federal Contract Tower,0,8,5,5,18,0,0,9,3,12,0,8,14,8,30,16,0,16,46
07/03/2008,GTR,MS,ASO,CE,Federal Contract Tower,0,8,9,6,23,0,0,19,3,22,0,8,28,9,45,8,30,38,83
07/04/2008,GTR,MS,ASO,CE,Federal Contract Tower,0,4,3,6,13,0,10,6,6,22,0,14,9,12,35,4,2,6,41
07/05/2008,GTR,MS,ASO,CE,Federal Contract Tower,0,4,2,2,8,0,0,14,1,15,0,4,16,3,23,8,10,18,41
07/06/2008,GTR,MS,ASO,CE,Federal Contract Tower,0,5,6,1,12,0,0,7,0,7,0,5,13,1,19,2,0,2,21
07/07/2008,GTR,MS,ASO,CE,Federal Contract Tower,0,7,8,2,17,0,0,17,0,17,0,7,25,2,34,24,2,26,60
07/08/2008,GTR,MS,ASO,CE,Federal Contract Tower,0,6,2,22,30,0,0,14,5,19,0,6,16,27,49,6,12,18,67
07/09/2008,GTR,MS,ASO,CE,Federal Contract Tower,0,8,4,22,34,0,0,24,4,28,0,8,28,26,62,2,20,22,84
07/10/2008,GTR,MS,ASO,CE,Federal Contract Tower,0,7,6,27,40,0,0,20,7,27,0,7,26,34,67,4,8,12,79
07/11/2008,GTR,MS,ASO,CE,Federal Contract Tower,0,8,6,37,51,0,0,6,9,15,0,8,12,46,66,12,14,26,92
07/12/2008,GTR,MS,ASO,CE,Federal Contract Tower,0,5,3,24,32,0,3,18,10,31,0,8,21,34,63,6,98,104,167
07/13/2008,GTR,MS,ASO,CE,Federal Contract Tower,0,5,5,15,25,0,0,25,7,32,0,5,30,22,57,2,8,10,67
07/14/2008,GTR,MS,ASO,CE,Federal Contract Tower,0,7,1,25,33,0,2,24,15,41,0,9,25,40,74,10,16,26,100
07/15/2008,GTR,MS,ASO,CE,Federal Contract Tower,0,8,3,10,21,0,0,18,7,25,0,8,21,17,46,8,2,10,56
07/16/2008,GTR,MS,ASO,CE,Federal Contract Tower,0,12,9,19,40,0,0,24,5,29,0,12,33,24,69,6,28,34,103
07/17/2008,GTR,MS,ASO,CE,Federal Contract Tower,0,10,19,37,66,0,1,440,10,451,0,11,459,47,517,12,22,34,551
07/18/2008,GTR,MS,ASO,CE,Federal Contract Tower,0,8,8,33,49,0,1,37,13,51,0,9,45,46,100,4,26,30,130
07/19/2008,GTR,MS,ASO,CE,Federal Contract Tower,0,4,11,4,19,0,0,23,1,24,0,4,34,5,43,20,4,24,67
07/20/2008,GTR,MS,ASO,CE,Federal Contract Tower,0,6,2,12,20,0,0,13,1,14,0,6,15,13,34,16,4,20,54
07/21/2008,GTR,MS,ASO,CE,Federal Contract Tower,0,10,0,27,37,0,0,27,10,37,0,10,27,37,74,52,14,66,140
07/22/2008,GTR,MS,ASO,CE,Federal Contract Tower,2,6,16,11,35,0,0,18,2,20,2,6,34,13,55,46,14,60,115
07/23/2008,GTR,MS,ASO,CE,Federal Contract Tower,0,8,13,35,56,0,0,16,5,21,0,8,29,40,77,22,2,24,101
07/24/2008,GTR,MS,ASO,CE,Federal Contract Tower,0,11,15,22,48,0,2,23,10,35,0,13,38,32,83,48,4,52,135
07/25/2008,GTR,MS,ASO,CE,Federal Contract Tower,0,11,15,13,39,0,4,30,3,37,0,15,45,16,76,28,10,38,114
07/26/2008,GTR,MS,ASO,CE,Federal Contract Tower,0,4,6,6,16,0,0,4,0,4,0,4,10,6,20,4,14,18,38
07/27/2008,GTR,MS,ASO,CE,Federal Contract Tower,0,5,15,0,20,0,0,20,1,21,0,5,35,1,41,4,0,4,45
07/28/2008,GTR,MS,ASO,CE,Federal Contract Tower,0,7,7,30,44,0,0,27,10,37,0,7,34,40,81,8,12,20,101
07/29/2008,GTR,MS,ASO,CE,Federal Contract Tower,0,6,11,26,43,0,0,12,12,24,0,6,23,38,67,28,4,32,99
07/30/2008,GTR,MS,ASO,CE,Federal Contract Tower,0,7,15,24,46,0,0,43,5,48,0,7,58,29,94,30,6,36,130
07/31/2008,GTR,MS,ASO,CE,Federal Contract Tower,0,11,9,34,54,0,0,11,21,32,0,11,20,55,86,10,50,60,146
08/01/2008,GTR,MS,ASO,CE,Federal Contract Tower,0,8,5,24,37,0,1,18,3,22,0,9,23,27,59,50,26,76,135
08/02/2008,GTR,MS,ASO,CE,Federal Contract Tower,0,6,6,4,16,0,0,13,0,13,0,6,19,4,29,29,4,33,62
08/03/2008,GTR,MS,ASO,CE,Federal Contract Tower,0,6,9,4,19,0,2,11,4,17,0,8,20,8,36,42,24,66,102
08/04/2008,GTR,MS,ASO,CE,Federal Contract Tower,0,8,9,24,41,0,0,27,11,38,0,8,36,35,79,40,14,54,133
08/05/2008,GTR,MS,ASO,CE,Federal Contract Tower,0,8,12,17,37,0,0,30,6,36,0,8,42,23,73,30,0,30,103
08/06/2008,GTR,MS,ASO,CE,Federal Contract Tower,0,8,6,33,47,0,0,44,13,57,0,8,50,46,104,46,8,54,158
08/07/2008,GTR,MS,ASO,CE,Federal Contract Tower,0,8,13,19,40,0,0,18,2,20,0,8,31,21,60,32,0,32,92
08/08/2008,GTR,MS,ASO,CE,Federal Contract Tower,0,7,9,9,25,0,0,28,6,34,0,7,37,15,59,24,26,50,109
08/09/2008,GTR,MS,ASO,CE,Federal Contract Tower,0,4,4,2,10,0,2,26,0,28,0,6,30,2,38,12,0,12,50
08/10/2008,GTR,MS,ASO,CE,Federal Contract Tower,0,7,5,7,19,0,0,1,0,1,0,7,6,7,20,0,0,0,20
08/11/2008,GTR,MS,ASO,CE,Federal Contract Tower,0,9,5,39,53,0,1,14,7,22,0,10,19,46,75,44,0,44,119
08/12/2008,GTR,MS,ASO,CE,Federal Contract Tower,0,6,11,16,33,0,0,2,0,2,0,6,13,16,35,4,0,4,39
08/13/2008,GTR,MS,ASO,CE,Federal Contract Tower,0,8,12,58,78,0,0,12,6,18,0,8,24,64,96,20,10,30,126
08/14/2008,GTR,MS,ASO,CE,Federal Contract Tower,0,8,5,26,39,0,0,54,10,64,0,8,59,36,103,36,14,50,153
08/15/2008,GTR,MS,ASO,CE,Federal Contract Tower,0,9,16,5,30,0,0,21,5,26,0,9,37,10,56,22,0,22,78
08/16/2008,GTR,MS,ASO,CE,Federal Contract Tower,0,4,3,0,7,0,2,8,0,10,0,6,11,0,17,20,0,20,37
08/17/2008,GTR,MS,ASO,CE,Federal Contract Tower,0,7,4,10,21,0,0,25,0,25,0,7,29,10,46,22,2,24,70
08/18/2008,GTR,MS,ASO,CE,Federal Contract Tower,0,9,7,19,35,0,2,18,12,32,0,11,25,31,67,18,14,32,99
08/19/2008,GTR,MS,ASO,CE,Federal Contract Tower,0,8,9,18,35,0,0,19,9,28,0,8,28,27,63,10,12,22,85
08/20/2008,GTR,MS,ASO,CE,Federal Contract Tower,2,12,5,6,25,0,1,4,4,9,2,13,9,10,34,0,12,12,46
08/21/2008,GTR,MS,ASO,CE,Federal Contract Tower,0,12,7,16,35,0,0,28,8,36,0,12,35,24,71,10,8,18,89
08/22/2008,GTR,MS,ASO,CE,Federal Contract Tower,0,8,12,4,24,0,0,25,0,25,0,8,37,4,49,10,0,10,59
08/23/2008,GTR,MS,ASO,CE,Federal Contract Tower,0,3,8,11,22,0,0,4,0,4,0,3,12,11,26,20,0,20,46
08/24/2008,GTR,MS,ASO,CE,Federal Contract Tower,0,8,9,2,19,0,0,2,0,2,0,8,11,2,21,2,0,2,23
08/25/2008,GTR,MS,ASO,CE,Federal Contract Tower,0,8,4,8,20,0,0,0,0,0,0,8,4,8,20,0,0,0,20
08/26/2008,GTR,MS,ASO,CE,Federal Contract Tower,0,5,14,31,50,0,0,2,0,2,0,5,16,31,52,2,0,2,54
08/27/2008,GTR,MS,ASO,CE,Federal Contract Tower,0,13,14,5,32,0,0,49,1,50,0,13,63,6,82,8,0,8,90
08/28/2008,GTR,MS,ASO,CE,Federal Contract Tower,0,7,17,7,31,0,5,25,0,30,0,12,42,7,61,2,16,18,79
08/29/2008,GTR,MS,ASO,CE,Federal Contract Tower,0,7,14,0,21,0,0,19,2,21,0,7,33,2,42,0,0,0,42
08/30/2008,GTR,MS,ASO,CE,Federal Contract Tower,2,5,6,0,13,0,2,25,2,29,2,7,31,2,42,4,0,4,46
08/31/2008,GTR,MS,ASO,CE,Federal Contract Tower,0,2,0,0,2,0,0,13,10,23,0,2,13,10,25,0,0,0,25
09/01/2008,GTR,MS,ASO,CE,Federal Contract Tower,0,8,4,0,12,0,0,8,0,8,0,8,12,0,20,0,0,0,20
09/02/2008,GTR,MS,ASO,CE,Federal Contract Tower,0,8,0,15,23,0,2,4,10,16,0,10,4,25,39,4,2,6,45
09/03/2008,GTR,MS,ASO,CE,Federal Contract Tower,0,8,6,18,32,0,0,14,3,17,0,8,20,21,49,4,2,6,55
09/04/2008,GTR,MS,ASO,CE,Federal Contract Tower,0,12,6,30,48,0,0,13,12,25,0,12,19,42,73,0,14,14,87
09/05/2008,GTR,MS,ASO,CE,Federal Contract Tower,0,7,13,18,38,0,0,0,8,8,0,7,13,26,46,0,0,0,46
09/06/2008,GTR,MS,ASO,CE,Federal Contract Tower,0,4,5,6,15,0,0,30,0,30,0,4,35,6,45,2,0,2,47
09/07/2008,GTR,MS,ASO,CE,Federal Contract Tower,0,7,7,3,17,0,0,43,6,49,0,7,50,9,66,42,8,50,116
09/08/2008,GTR,MS,ASO,CE,Federal Contract Tower,0,6,13,4,23,0,0,18,7,25,0,6,31,11,48,2,0,2,50
09/09/2008,GTR,MS,ASO,CE,Federal Contract Tower,0,6,13,2,21,0,0,18,0,18,0,6,31,2,39,44,0,44,83
09/10/2008,GTR,MS,ASO,CE,Federal Contract Tower,0,17,12,7,36,0,0,33,10,43,0,17,45,17,79,32,14,46,125
09/11/2008,GTR,MS,ASO,CE,Federal Contract Tower,0,8,9,44,61,0,0,19,13,32,0,8,28,57,93,48,8,56,149
09/12/2008,GTR,MS,ASO,CE,Federal Contract Tower,2,8,9,29,48,0,0,13,11,24,2,8,22,40,72,4,8,12,84
09/13/2008,GTR,MS,ASO,CE,Federal Contract Tower,1,4,7,6,18,0,0,11,0,11,1,4,18,6,29,0,2,2,31
09/14/2008,GTR,MS,ASO,CE,Federal Contract Tower,0,6,3,8,17,0,0,0,0,0,0,6,3,8,17,0,0,0,17
09/15/2008,GTR,MS,ASO,CE,Federal Contract Tower,0,8,4,17,29,0,0,29,6,35,0,8,33,23,64,40,0,40,104
09/16/2008,GTR,MS,ASO,CE,Federal Contract Tower,0,5,8,19,32,0,0,22,12,34,0,5,30,31,66,64,12,76,142
09/17/2008,GTR,MS,ASO,CE,Federal Contract Tower,0,7,2,19,28,0,0,31,5,36,0,7,33,24,64,42,30,72,136
09/18/2008,GTR,MS,ASO,CE,Federal Contract Tower,0,9,12,19,40,0,0,30,19,49,0,9,42,38,89,8,24,32,121
09/19/2008,GTR,MS,ASO,CE,Federal Contract Tower,2,8,7,5,22,0,2,10,1,13,2,10,17,6,35,6,0,6,41
09/20/2008,GTR,MS,ASO,CE,Federal Contract Tower,2,5,2,0,9,0,0,14,0,14,2,5,16,0,23,18,0,18,41
09/21/2008,GTR,MS,ASO,CE,Federal Contract Tower,0,6,3,4,13,0,0,17,0,17,0,6,20,4,30,46,0,46,76
09/22/2008,GTR,MS,ASO,CE,Federal Contract Tower,0,8,2,12,22,0,0,20,9,29,0,8,22,21,51,26,26,52,103
09/23/2008,GTR,MS,ASO,CE,Federal Contract Tower,0,6,7,17,30,0,0,21,12,33,0,6,28,29,63,32,22,54,117
09/24/2008,GTR,MS,ASO,CE,Federal Contract Tower,0,10,8,23,41,0,4,28,10,42,0,14,36,33,83,26,16,42,125
09/25/2008,GTR,MS,ASO,CE,Federal Contract Tower,0,8,19,17,44,0,0,16,15,31,0,8,35,32,75,6,36,42,117
09/26/2008,GTR,MS,ASO,CE,Federal Contract Tower,2,8,11,12,33,0,0,43,5,48,2,8,54,17,81,6,18,24,105
09/27/2008,GTR,MS,ASO,CE,Federal Contract Tower,0,4,3,2,9,0,0,47,0,47,0,4,50,2,56,50,4,54,110
09/28/2008,GTR,MS,ASO,CE,Federal Contract Tower,0,5,11,0,16,0,0,21,1,22,0,5,32,1,38,22,0,22,60
09/29/2008,GTR,MS,ASO,CE,Federal Contract Tower,0,11,3,28,42,0,1,17,8,26,0,12,20,36,68,6,30,36,104
09/30/2008,GTR,MS,ASO,CE,Federal Contract Tower,0,6,19,26,51,0,1,20,15,36,0,7,39,41,87,32,34,66,153
10/01/2008,GTR,MS,ASO,CE,Federal Contract Tower,0,7,5,20,32,0,0,35,6,41,0,7,40,26,73,12,12,24,97
10/02/2008,GTR,MS,ASO,CE,Federal Contract Tower,0,7,9,32,48,0,0,24,15,39,0,7,33,47,87,8,28,36,123
10/03/2008,GTR,MS,ASO,CE,Federal Contract Tower,0,6,16,10,32,0,0,20,2,22,0,6,36,12,54,6,8,14,68
10/04/2008,GTR,MS,ASO,CE,Federal Contract Tower,0,4,6,0,10,0,0,37,0,37,0,4,43,0,47,30,0,30,77
10/05/2008,GTR,MS,ASO,CE,Federal Contract Tower,0,5,10,19,34,0,0,21,1,22,0,5,31,20,56,24,2,26,82
10/06/2008,GTR,MS,ASO,CE,Federal Contract Tower,0,8,9,28,45,0,0,35,4,39,0,8,44,32,84,8,6,14,98
10/07/2008,GTR,MS,ASO,CE,Federal Contract Tower,0,8,10,23,41,0,0,9,1,10,0,8,19,24,51,2,0,2,53
10/08/2008,GTR,MS,ASO,CE,Federal Contract Tower,0,9,8,24,41,0,0,13,11,24,0,9,21,35,65,12,10,22,87
10/09/2008,GTR,MS,ASO,CE,Federal Contract Tower,0,11,8,11,30,0,0,21,9,30,0,11,29,20,60,16,0,16,76
10/10/2008,GTR,MS,ASO,CE,Federal Contract Tower,2,6,16,16,40,0,0,26,3,29,2,6,42,19,69,18,16,34,103
10/11/2008,GTR,MS,ASO,CE,Federal Contract Tower,2,5,3,1,11,0,0,27,2,29,2,5,30,3,40,16,8,24,64
10/12/2008,GTR,MS,ASO,CE,Federal Contract Tower,0,7,5,3,15,0,0,9,0,9,0,7,14,3,24,0,0,0,24
10/13/2008,GTR,MS,ASO,CE,Federal Contract Tower,0,5,17,2,24,0,0,11,0,11,0,5,28,2,35,22,0,22,57
10/14/2008,GTR,MS,ASO,CE,Federal Contract Tower,0,9,5,19,33,0,0,19,11,30,0,9,24,30,63,18,14,32,95
10/15/2008,GTR,MS,ASO,CE,Federal Contract Tower,0,8,8,23,39,0,0,25,5,30,0,8,33,28,69,28,28,56,125
10/16/2008,GTR,MS,ASO,CE,Federal Contract Tower,0,7,13,23,43,0,0,29,12,41,0,7,42,35,84,30,48,78,162
10/17/2008,GTR,MS,ASO,CE,Federal Contract Tower,2,8,14,45,69,0,0,10,19,29,2,8,24,64,98,4,42,46,144
10/18/2008,GTR,MS,ASO,CE,Federal Contract Tower,0,3,2,6,11,0,0,31,9,40,0,3,33,15,51,20,26,46,97
10/19/2008,GTR,MS,ASO,CE,Federal Contract Tower,0,6,9,19,34,0,3,21,3,27,0,9,30,22,61,8,8,16,77
10/20/2008,GTR,MS,ASO,CE,Federal Contract Tower,0,10,2,24,36,0,0,6,6,12,0,10,8,30,48,0,34,34,82
10/21/2008,GTR,MS,ASO,CE,Federal Contract Tower,0,5,3,32,40,0,2,17,5,24,0,7,20,37,64,8,26,34,98
10/22/2008,GTR,MS,ASO,CE,Federal Contract Tower,0,10,12,27,49,0,0,16,7,23,0,10,28,34,72,18,8,26,98
10/23/2008,GTR,MS,ASO,CE,Federal Contract Tower,0,15,12,26,53,0,0,13,5,18,0,15,25,31,71,2,16,18,89
10/24/2008,GTR,MS,ASO,CE,Federal Contract Tower,0,6,10,27,43,0,0,4,5,9,0,6,14,32,52,0,24,24,76
10/25/2008,GTR,MS,ASO,CE,Federal Contract Tower,0,5,5,17,27,0,0,25,1,26,0,5,30,18,53,24,24,48,101
10/26/2008,GTR,MS,ASO,CE,Federal Contract Tower,0,9,2,9,20,0,2,8,5,15,0,11,10,14,35,0,0,0,35
10/27/2008,GTR,MS,ASO,CE,Federal Contract Tower,0,7,7,27,41,0,0,13,10,23,0,7,20,37,64,10,26,36,100
10/28/2008,GTR,MS,ASO,CE,Federal Contract Tower,0,8,12,18,38,0,0,22,9,31,0,8,34,27,69,18,4,22,91
10/29/2008,GTR,MS,ASO,CE,Federal Contract Tower,0,9,13,18,40,0,1,29,9,39,0,10,42,27,79,14,18,32,111
10/30/2008,GTR,MS,ASO,CE,Federal Contract Tower,0,7,4,0,11,0,2,30,0,32,0,9,34,0,43,18,0,18,61
10/31/2008,GTR,MS,ASO,CE,Federal Contract Tower,2,7,8,11,28,0,0,27,13,40,2,7,35,24,68,34,0,34,102
11/01/2008,GTR,MS,ASO,CE,Federal Contract Tower,2,6,3,4,15,0,1,7,2,10,2,7,10,6,25,6,0,6,31
11/02/2008,GTR,MS,ASO,CE,Federal Contract Tower,0,5,12,0,17,0,3,17,0,20,0,8,29,0,37,0,0,0,37
11/03/2008,GTR,MS,ASO,CE,Federal Contract Tower,0,12,5,24,41,0,2,14,6,22,0,14,19,30,63,16,18,34,97
11/04/2008,GTR,MS,ASO,CE,Federal Contract Tower,0,11,10,47,68,0,2,19,9,30,0,13,29,56,98,88,38,126,224
11/05/2008,GTR,MS,ASO,CE,Federal Contract Tower,0,8,16,16,40,0,0,16,4,20,0,8,32,20,60,64,10,74,134
11/06/2008,GTR,MS,ASO,CE,Federal Contract Tower,0,10,5,35,50,0,2,27,8,37,0,12,32,43,87,30,20,50,137
11/07/2008,GTR,MS,ASO,CE,Federal Contract Tower,0,10,16,30,56,0,0,15,2,17,0,10,31,32,73,4,10,14,87
11/08/2008,GTR,MS,ASO,CE,Federal Contract Tower,0,4,2,10,16,0,2,26,6,34,0,6,28,16,50,0,18,18,68
11/09/2008,GTR,MS,ASO,CE,Federal Contract Tower,0,7,2,13,22,0,0,12,1,13,0,7,14,14,35,4,0,4,39
11/10/2008,GTR,MS,ASO,CE,Federal Contract Tower,0,7,10,30,47,0,0,17,4,21,0,7,27,34,68,4,0,4,72
11/11/2008,GTR,MS,ASO,CE,Federal Contract Tower,0,7,11,4,22,0,0,27,0,27,0,7,38,4,49,12,0,12,61
11/12/2008,GTR,MS,ASO,CE,Federal Contract Tower,0,7,14,41,62,0,0,9,5,14,0,7,23,46,76,0,6,6,82
11/13/2008,GTR,MS,ASO,CE,Federal Contract Tower,0,10,32,20,62,0,0,6,0,6,0,10,38,20,68,0,0,0,68
11/14/2008,GTR,MS,ASO,CE,Federal Contract Tower,0,7,1,5,13,0,0,5,1,6,0,7,6,6,19,8,0,8,27
11/15/2008,GTR,MS,ASO,CE,Federal Contract Tower,0,5,7,8,20,0,0,5,1,6,0,5,12,9,26,4,2,6,32
11/16/2008,GTR,MS,ASO,CE,Federal Contract Tower,0,6,9,15,30,0,4,19,3,26,0,10,28,18,56,24,2,26,82
11/17/2008,GTR,MS,ASO,CE,Federal Contract Tower,0,10,15,26,51,0,0,18,8,26,0,10,33,34,77,24,44,68,145
11/18/2008,GTR,MS,ASO,CE,Federal Contract Tower,0,8,10,18,36,0,2,24,8,34,0,10,34,26,70,30,36,66,136
11/19/2008,GTR,MS,ASO,CE,Federal Contract Tower,0,6,14,39,59,0,0,29,14,43,0,6,43,53,102,6,34,40,142
11/20/2008,GTR,MS,ASO,CE,Federal Contract Tower,0,8,7,8,23,0,0,28,6,34,0,8,35,14,57,18,16,34,91
11/21/2008,GTR,MS,ASO,CE,Federal Contract Tower,0,9,11,27,47,0,0,13,15,28,0,9,24,42,75,12,54,66,141
11/22/2008,GTR,MS,ASO,CE,Federal Contract Tower,2,8,6,7,23,0,0,11,0,11,2,8,17,7,34,0,4,4,38
11/23/2008,GTR,MS,ASO,CE,Federal Contract Tower,0,12,11,4,27,0,1,12,1,14,0,13,23,5,41,4,6,10,51
11/24/2008,GTR,MS,ASO,CE,Federal Contract Tower,1,9,6,13,29,0,0,16,6,22,1,9,22,19,51,18,8,26,77
11/25/2008,GTR,MS,ASO,CE,Federal Contract Tower,0,8,1,30,39,0,0,34,8,42,0,8,35,38,81,30,25,55,136
11/26/2008,GTR,MS,ASO,CE,Federal Contract Tower,1,7,20,14,42,0,0,26,6,32,1,7,46,20,74,36,6,42,116
11/27/2008,GTR,MS,ASO,CE,Federal Contract Tower,0,1,2,0,3,0,0,1,0,1,0,1,3,0,4,0,0,0,4
11/28/2008,GTR,MS,ASO,CE,Federal Contract Tower,0,5,15,0,20,0,0,0,0,0,0,5,15,0,20,0,0,0,20
11/29/2008,GTR,MS,ASO,CE,Federal Contract Tower,0,5,13,0,18,0,0,0,0,0,0,5,13,0,18,0,0,0,18
11/30/2008,GTR,MS,ASO,CE,Federal Contract Tower,0,7,12,0,19,0,0,10,0,10,0,7,22,0,29,4,0,4,33
12/01/2008,GTR,MS,ASO,CE,Federal Contract Tower,1,7,8,50,66,0,0,14,12,26,1,7,22,62,92,18,0,18,110
12/02/2008,GTR,MS,ASO,CE,Federal Contract Tower,0,8,10,44,62,0,1,29,8,38,0,9,39,52,100,34,40,74,174
12/03/2008,GTR,MS,ASO,CE,Federal Contract Tower,0,13,4,35,52,0,0,24,9,33,0,13,28,44,85,22,18,40,125
12/04/2008,GTR,MS,ASO,CE,Federal Contract Tower,0,9,4,8,21,0,1,23,3,27,0,10,27,11,48,14,6,20,68
12/05/2008,GTR,MS,ASO,CE,Federal Contract Tower,0,11,13,26,50,0,0,0,1,1,0,11,13,27,51,8,24,32,83
12/06/2008,GTR,MS,ASO,CE,Federal Contract Tower,0,3,0,13,16,0,3,8,2,13,0,6,8,15,29,0,2,2,31
12/07/2008,GTR,MS,ASO,CE,Federal Contract Tower,0,6,4,6,16,0,0,8,6,14,0,6,12,12,30,2,36,38,68
12/08/2008,GTR,MS,ASO,CE,Federal Contract Tower,0,9,12,42,63,0,0,34,6,40,0,9,46,48,103,16,26,42,145
12/09/2008,GTR,MS,ASO,CE,Federal Contract Tower,0,9,0,9,18,0,0,0,3,3,0,9,0,12,21,0,0,0,21
12/10/2008,GTR,MS,ASO,CE,Federal Contract Tower,0,13,10,0,23,0,0,0,0,0,0,13,10,0,23,0,0,0,23
12/11/2008,GTR,MS,ASO,CE,Federal Contract Tower,0,10,7,0,17,0,0,0,0,0,0,10,7,0,17,0,0,0,17
12/12/2008,GTR,MS,ASO,CE,Federal Contract Tower,0,7,9,18,34,0,0,22,11,33,0,7,31,29,67,22,18,40,107
12/13/2008,GTR,MS,ASO,CE,Federal Contract Tower,0,3,6,0,9,0,2,34,0,36,0,5,40,0,45,6,0,6,51
12/14/2008,GTR,MS,ASO,CE,Federal Contract Tower,0,6,8,5,19,0,0,20,2,22,0,6,28,7,41,0,0,0,41
12/15/2008,GTR,MS,ASO,CE,Federal Contract Tower,0,6,8,27,41,0,0,1,0,1,0,6,9,27,42,0,0,0,42
12/16/2008,GTR,MS,ASO,CE,Federal Contract Tower,0,7,12,1,20,0,0,0,0,0,0,7,12,1,20,0,0,0,20
12/17/2008,GTR,MS,ASO,CE,Federal Contract Tower,0,11,3,0,14,0,0,0,0,0,0,11,3,0,14,0,0,0,14
12/18/2008,GTR,MS,ASO,CE,Federal Contract Tower,0,9,5,0,14,0,0,5,0,5,0,9,10,0,19,4,0,4,23
12/19/2008,GTR,MS,ASO,CE,Federal Contract Tower,0,9,25,24,58,0,0,27,10,37,0,9,52,34,95,6,6,12,107
12/20/2008,GTR,MS,ASO,CE,Federal Contract Tower,0,3,16,15,34,0,2,17,0,19,0,5,33,15,53,2,2,4,57
12/21/2008,GTR,MS,ASO,CE,Federal Contract Tower,0,3,15,11,29,0,0,30,5,35,0,3,45,16,64,10,30,40,104
12/22/2008,GTR,MS,ASO,CE,Federal Contract Tower,0,4,8,23,35,0,0,18,4,22,0,4,26,27,57,42,38,80,137
12/23/2008,GTR,MS,ASO,CE,Federal Contract Tower,0,5,12,25,42,0,4,0,8,12,0,9,12,33,54,0,14,14,68
12/24/2008,GTR,MS,ASO,CE,Federal Contract Tower,0,5,0,0,5,0,0,0,0,0,0,5,0,0,5,0,0,0,5
12/25/2008,GTR,MS,ASO,CE,Federal Contract Tower,0,3,1,0,4,0,0,0,0,0,0,3,1,0,4,0,0,0,4
12/26/2008,GTR,MS,ASO,CE,Federal Contract Tower,0,5,6,0,11,0,0,7,0,7,0,5,13,0,18,6,0,6,24
12/27/2008,GTR,MS,ASO,CE,Federal Contract Tower,0,1,14,0,15,0,0,6,0,6,0,1,20,0,21,6,0,6,27
12/28/2008,GTR,MS,ASO,CE,Federal Contract Tower,0,5,6,0,11,0,2,7,0,9,0,7,13,0,20,0,0,0,20
12/29/2008,GTR,MS,ASO,CE,Federal Contract Tower,0,5,2,3,10,0,1,15,0,16,0,6,17,3,26,4,0,4,30
12/30/2008,GTR,MS,ASO,CE,Federal Contract Tower,0,6,6,19,31,0,0,11,9,20,0,6,17,28,51,18,30,48,99
12/31/2008,GTR,MS,ASO,CE,Federal Contract Tower,0,3,3,0,6,0,1,5,0,6,0,4,8,0,12,0,0,0,12
01/01/2009,GTR,MS,ASO,CE,Federal Contract Tower,0,1,3,0,4,0,0,11,0,11,0,1,14,0,15,2,0,2,17
01/02/2009,GTR,MS,ASO,CE,Federal Contract Tower,0,7,8,4,19,0,0,2,0,2,0,7,10,4,21,0,0,0,21
01/03/2009,GTR,MS,ASO,CE,Federal Contract Tower,0,2,9,0,11,0,2,7,0,9,0,4,16,0,20,10,0,10,30
01/04/2009,GTR,MS,ASO,CE,Federal Contract Tower,0,5,5,0,10,0,0,0,0,0,0,5,5,0,10,0,0,0,10
01/05/2009,GTR,MS,ASO,CE,Federal Contract Tower,0,8,5,12,25,0,0,0,0,0,0,8,5,12,25,0,0,0,25
01/06/2009,GTR,MS,ASO,CE,Federal Contract Tower,0,8,2,0,10,0,0,0,0,0,0,8,2,0,10,0,0,0,10
01/07/2009,GTR,MS,ASO,CE,Federal Contract Tower,0,11,7,71,89,0,0,10,26,36,0,11,17,97,125,12,108,120,245
01/08/2009,GTR,MS,ASO,CE,Federal Contract Tower,0,8,14,28,50,0,1,11,16,28,0,9,25,44,78,6,38,44,122
01/09/2009,GTR,MS,ASO,CE,Federal Contract Tower,0,8,4,18,30,0,1,30,4,35,0,9,34,22,65,84,8,92,157
01/10/2009,GTR,MS,ASO,CE,Federal Contract Tower,0,4,8,10,22,0,0,4,0,4,0,4,12,10,26,2,0,2,28
01/11/2009,GTR,MS,ASO,CE,Federal Contract Tower,0,5,3,14,22,0,0,10,6,16,0,5,13,20,38,40,16,56,94
01/12/2009,GTR,MS,ASO,CE,Federal Contract Tower,0,11,4,37,52,0,0,9,11,20,0,11,13,48,72,48,20,68,140
01/13/2009,GTR,MS,ASO,CE,Federal Contract Tower,0,7,13,30,50,0,0,21,9,30,0,7,34,39,80,24,10,34,114
01/14/2009,GTR,MS,ASO,CE,Federal Contract Tower,0,10,10,22,42,0,1,21,10,32,0,11,31,32,74,20,22,42,116
01/15/2009,GTR,MS,ASO,CE,Federal Contract Tower,0,6,5,14,25,0,0,8,10,18,0,6,13,24,43,10,30,40,83
01/16/2009,GTR,MS,ASO,CE,Federal Contract Tower,0,7,11,8,26,0,0,29,1,30,0,7,40,9,56,24,12,36,92
01/17/2009,GTR,MS,ASO,CE,Federal Contract Tower,0,6,5,6,17,0,0,11,8,19,0,6,16,14,36,0,32,32,68
01/18/2009,GTR,MS,ASO,CE,Federal Contract Tower,1,4,4,15,24,0,2,9,5,16,1,6,13,20,40,0,34,34,74
01/19/2009,GTR,MS,ASO,CE,Federal Contract Tower,0,5,15,14,34,0,0,41,1,42,0,5,56,15,76,14,8,22,98
01/20/2009,GTR,MS,ASO,CE,Federal Contract Tower,0,10,15,26,51,0,0,17,3,20,0,10,32,29,71,12,20,32,103
01/21/2009,GTR,MS,ASO,CE,Federal Contract Tower,0,6,26,13,45,0,1,31,7,39,0,7,57,20,84,30,16,46,130
01/22/2009,GTR,MS,ASO,CE,Federal Contract Tower,0,8,13,12,33,0,2,28,4,34,0,10,41,16,67,24,0,24,91
01/23/2009,GTR,MS,ASO,CE,Federal Contract Tower,0,8,13,27,48,0,0,10,14,24,0,8,23,41,72,4,28,32,104
01/24/2009,GTR,MS,ASO,CE,Federal Contract Tower,0,5,5,11,21,0,0,5,5,10,0,5,10,16,31,2,22,24,55
01/25/2009,GTR,MS,ASO,CE,Federal Contract Tower,0,8,6,17,31,0,1,26,1,28,0,9,32,18,59,0,4,4,63
01/26/2009,GTR,MS,ASO,CE,Federal Contract Tower,0,8,12,25,45,0,0,26,9,35,0,8,38,34,80,10,12,22,102
01/27/2009,GTR,MS,ASO,CE,Federal Contract Tower,0,6,3,38,47,0,0,15,10,25,0,6,18,48,72,18,8,26,98
01/28/2009,GTR,MS,ASO,CE,Federal Contract Tower,0,9,1,21,31,0,0,3,6,9,0,9,4,27,40,0,0,0,40
01/29/2009,GTR,MS,ASO,CE,Federal Contract Tower,0,0,0,0,0,0,0,0,0,0,0,0,0,0,0,0,0,0,0
01/30/2009,GTR,MS,ASO,CE,Federal Contract Tower,0,12,6,21,39,0,1,29,2,32,0,13,35,23,71,30,34,64,135
01/31/2009,GTR,MS,ASO,CE,Federal Contract Tower,0,6,4,0,10,0,1,30,0,31,0,7,34,0,41,14,0,14,55
02/01/2009,GTR,MS,ASO,CE,Federal Contract Tower,0,4,9,7,20,0,0,7,0,7,0,4,16,7,27,6,0,6,33
02/02/2009,GTR,MS,ASO,CE,Federal Contract Tower,0,9,5,12,26,0,0,14,2,16,0,9,19,14,42,14,24,38,80
02/03/2009,GTR,MS,ASO,CE,Federal Contract Tower,0,8,3,13,24,0,0,16,9,25,0,8,19,22,49,0,18,18,67
02/04/2009,GTR,MS,ASO,CE,Federal Contract Tower,0,10,3,11,24,0,0,19,4,23,0,10,22,15,47,20,16,36,83
02/05/2009,GTR,MS,ASO,CE,Federal Contract Tower,0,9,7,18,34,0,1,35,16,52,0,10,42,34,86,18,16,34,120
02/06/2009,GTR,MS,ASO,CE,Federal Contract Tower,0,11,7,15,33,0,0,37,5,42,0,11,44,20,75,20,52,72,147
02/07/2009,GTR,MS,ASO,CE,Federal Contract Tower,0,6,0,2,8,0,0,35,2,37,0,6,35,4,45,16,10,26,71
02/08/2009,GTR,MS,ASO,CE,Federal Contract Tower,0,6,1,11,18,0,0,17,6,23,0,6,18,17,41,0,8,8,49
02/09/2009,GTR,MS,ASO,CE,Federal Contract Tower,0,7,4,18,29,0,0,23,12,35,0,7,27,30,64,6,32,38,102
02/10/2009,GTR,MS,ASO,CE,Federal Contract Tower,0,7,6,7,20,0,0,13,3,16,0,7,19,10,36,0,10,10,46
02/11/2009,GTR,MS,ASO,CE,Federal Contract Tower,0,8,11,0,19,0,0,4,0,4,0,8,15,0,23,6,0,6,29
02/12/2009,GTR,MS,ASO,CE,Federal Contract Tower,0,11,13,9,33,0,0,1,0,1,0,11,14,9,34,22,16,38,72
02/13/2009,GTR,MS,ASO,CE,Federal Contract Tower,0,6,7,12,25,0,0,26,16,42,0,6,33,28,67,38,26,64,131
02/14/2009,GTR,MS,ASO,CE,Federal Contract Tower,0,3,0,0,3,0,0,0,0,0,0,3,0,0,3,0,0,0,3
02/15/2009,GTR,MS,ASO,CE,Federal Contract Tower,0,6,5,23,34,0,0,12,1,13,0,6,17,24,47,8,42,50,97
02/16/2009,GTR,MS,ASO,CE,Federal Contract Tower,0,5,17,4,26,0,1,39,4,44,0,6,56,8,70,28,16,44,114
02/17/2009,GTR,MS,ASO,CE,Federal Contract Tower,0,7,9,9,25,0,0,7,9,16,0,7,16,18,41,28,0,28,69
02/18/2009,GTR,MS,ASO,CE,Federal Contract Tower,0,6,5,9,20,0,0,15,7,22,0,6,20,16,42,2,8,10,52
02/19/2009,GTR,MS,ASO,CE,Federal Contract Tower,0,8,8,9,25,0,0,24,4,28,0,8,32,13,53,38,20,58,111
02/20/2009,GTR,MS,ASO,CE,Federal Contract Tower,0,9,11,6,26,0,0,21,11,32,0,9,32,17,58,52,40,92,150
02/21/2009,GTR,MS,ASO,CE,Federal Contract Tower,0,3,11,9,23,0,0,31,8,39,0,3,42,17,62,14,28,42,104
02/22/2009,GTR,MS,ASO,CE,Federal Contract Tower,0,7,2,10,19,0,0,9,0,9,0,7,11,10,28,4,0,4,32
02/23/2009,GTR,MS,ASO,CE,Federal Contract Tower,0,8,18,13,39,0,0,25,7,32,0,8,43,20,71,72,20,92,163
02/24/2009,GTR,MS,ASO,CE,Federal Contract Tower,0,6,8,11,25,0,0,24,9,33,0,6,32,20,58,70,22,92,150
02/25/2009,GTR,MS,ASO,CE,Federal Contract Tower,0,8,10,25,43,0,4,16,9,29,0,12,26,34,72,14,8,22,94
02/26/2009,GTR,MS,ASO,CE,Federal Contract Tower,0,8,6,30,44,0,1,14,4,19,0,9,20,34,63,6,8,14,77
02/27/2009,GTR,MS,ASO,CE,Federal Contract Tower,0,4,6,0,10,0,0,0,0,0,0,4,6,0,10,0,0,0,10
02/28/2009,GTR,MS,ASO,CE,Federal Contract Tower,0,6,4,0,10,0,0,0,0,0,0,6,4,0,10,0,0,0,10
03/01/2009,GTR,MS,ASO,CE,Federal Contract Tower,0,3,0,0,3,0,0,1,0,1,0,3,1,0,4,0,0,0,4
03/02/2009,GTR,MS,ASO,CE,Federal Contract Tower,0,7,8,13,28,0,2,31,3,36,0,9,39,16,64,14,30,44,108
03/03/2009,GTR,MS,ASO,CE,Federal Contract Tower,0,10,10,5,25,0,0,27,7,34,0,10,37,12,59,52,4,56,115
03/04/2009,GTR,MS,ASO,CE,Federal Contract Tower,0,10,11,6,27,0,6,37,3,46,0,16,48,9,73,30,4,34,107
03/05/2009,GTR,MS,ASO,CE,Federal Contract Tower,0,8,5,23,36,0,2,24,15,41,0,10,29,38,77,6,44,50,127
03/06/2009,GTR,MS,ASO,CE,Federal Contract Tower,0,6,13,32,51,0,0,16,13,29,0,6,29,45,80,4,34,38,118
03/07/2009,GTR,MS,ASO,CE,Federal Contract Tower,0,6,6,28,40,0,13,28,38,79,0,19,34,66,119,40,160,200,319
03/08/2009,GTR,MS,ASO,CE,Federal Contract Tower,0,5,9,24,38,0,0,15,5,20,0,5,24,29,58,0,50,50,108
03/09/2009,GTR,MS,ASO,CE,Federal Contract Tower,0,6,10,18,34,0,0,30,13,43,0,6,40,31,77,48,8,56,133
03/10/2009,GTR,MS,ASO,CE,Federal Contract Tower,0,7,7,25,39,0,1,16,9,26,0,8,23,34,65,2,18,20,85
03/11/2009,GTR,MS,ASO,CE,Federal Contract Tower,0,10,9,30,49,0,0,6,7,13,0,10,15,37,62,10,28,38,100
03/12/2009,GTR,MS,ASO,CE,Federal Contract Tower,1,7,8,32,48,0,0,15,8,23,1,7,23,40,71,8,40,48,119
03/13/2009,GTR,MS,ASO,CE,Federal Contract Tower,1,10,2,4,17,0,0,0,0,0,1,10,2,4,17,0,0,0,17
03/14/2009,GTR,MS,ASO,CE,Federal Contract Tower,0,2,4,2,8,0,0,0,0,0,0,2,4,2,8,0,0,0,8
03/15/2009,GTR,MS,ASO,CE,Federal Contract Tower,0,6,11,4,21,0,0,3,0,3,0,6,14,4,24,0,0,0,24
03/16/2009,GTR,MS,ASO,CE,Federal Contract Tower,0,7,8,27,42,0,0,11,13,24,0,7,19,40,66,0,0,0,66
03/17/2009,GTR,MS,ASO,CE,Federal Contract Tower,2,6,9,20,37,0,0,38,8,46,2,6,47,28,83,54,38,92,175
03/18/2009,GTR,MS,ASO,CE,Federal Contract Tower,0,6,7,11,24,0,0,27,6,33,0,6,34,17,57,18,0,18,75
03/19/2009,GTR,MS,ASO,CE,Federal Contract Tower,2,6,2,19,29,0,1,38,12,51,2,7,40,31,80,18,12,30,110
03/20/2009,GTR,MS,ASO,CE,Federal Contract Tower,0,5,4,13,22,0,1,44,8,53,0,6,48,21,75,20,32,52,127
03/21/2009,GTR,MS,ASO,CE,Federal Contract Tower,0,3,4,37,44,0,43,8,0,51,0,46,12,37,95,26,54,80,175
03/22/2009,GTR,MS,ASO,CE,Federal Contract Tower,0,4,5,19,28,0,0,14,11,25,0,4,19,30,53,0,36,36,89
03/23/2009,GTR,MS,ASO,CE,Federal Contract Tower,0,7,5,13,25,0,0,28,8,36,0,7,33,21,61,12,12,24,85
03/24/2009,GTR,MS,ASO,CE,Federal Contract Tower,2,5,14,16,37,0,0,13,8,21,2,5,27,24,58,24,6,30,88
03/25/2009,GTR,MS,ASO,CE,Federal Contract Tower,0,7,8,11,26,0,0,2,11,13,0,7,10,22,39,0,16,16,55
03/26/2009,GTR,MS,ASO,CE,Federal Contract Tower,0,7,11,26,44,0,0,28,6,34,0,7,39,32,78,12,12,24,102
03/27/2009,GTR,MS,ASO,CE,Federal Contract Tower,0,7,5,23,35,0,2,21,13,36,0,9,26,36,71,10,42,52,123
03/28/2009,GTR,MS,ASO,CE,Federal Contract Tower,0,3,0,15,18,0,0,1,4,5,0,3,1,19,23,0,14,14,37
03/29/2009,GTR,MS,ASO,CE,Federal Contract Tower,0,6,6,17,29,0,0,8,0,8,0,6,14,17,37,6,4,10,47
03/30/2009,GTR,MS,ASO,CE,Federal Contract Tower,0,2,6,18,26,0,4,21,9,34,0,6,27,27,60,26,28,54,114
03/31/2009,GTR,MS,ASO,CE,Federal Contract Tower,0,3,12,12,27,0,0,6,1,7,0,3,18,13,34,6,0,6,40
04/01/2009,GTR,MS,ASO,CE,Federal Contract Tower,0,4,6,25,35,0,0,23,5,28,0,4,29,30,63,38,28,66,129
04/02/2009,GTR,MS,ASO,CE,Federal Contract Tower,0,3,5,16,24,0,0,0,0,0,0,3,5,16,24,0,0,0,24
04/03/2009,GTR,MS,ASO,CE,Federal Contract Tower,0,5,3,13,21,0,0,16,9,25,0,5,19,22,46,0,16,16,62
04/04/2009,GTR,MS,ASO,CE,Federal Contract Tower,0,4,3,4,11,0,3,25,0,28,0,7,28,4,39,6,2,8,47
04/05/2009,GTR,MS,ASO,CE,Federal Contract Tower,0,8,20,36,64,0,0,6,0,6,0,8,26,36,70,0,0,0,70
04/06/2009,GTR,MS,ASO,CE,Federal Contract Tower,0,5,5,27,37,0,2,7,15,24,0,7,12,42,61,0,10,10,71
04/07/2009,GTR,MS,ASO,CE,Federal Contract Tower,0,7,6,4,17,0,0,6,1,7,0,7,12,5,24,4,0,4,28
04/08/2009,GTR,MS,ASO,CE,Federal Contract Tower,0,5,14,25,44,0,0,25,5,30,0,5,39,30,74,24,14,38,112
04/09/2009,GTR,MS,ASO,CE,Federal Contract Tower,0,4,15,10,29,0,0,27,6,33,0,4,42,16,62,12,6,18,80
04/10/2009,GTR,MS,ASO,CE,Federal Contract Tower,0,3,8,8,19,0,0,8,4,12,0,3,16,12,31,0,0,0,31
04/11/2009,GTR,MS,ASO,CE,Federal Contract Tower,0,3,7,0,10,0,2,20,0,22,0,5,27,0,32,14,0,14,46
04/12/2009,GTR,MS,ASO,CE,Federal Contract Tower,0,5,5,1,11,0,0,0,0,0,0,5,5,1,11,0,0,0,11
04/13/2009,GTR,MS,ASO,CE,Federal Contract Tower,0,5,11,15,31,0,0,15,5,20,0,5,26,20,51,2,6,8,59
04/14/2009,GTR,MS,ASO,CE,Federal Contract Tower,0,5,9,15,29,0,0,31,4,35,0,5,40,19,64,16,2,18,82
04/15/2009,GTR,MS,ASO,CE,Federal Contract Tower,0,4,7,15,26,0,1,42,18,61,0,5,49,33,87,22,16,38,125
04/16/2009,GTR,MS,ASO,CE,Federal Contract Tower,0,9,10,9,28,0,0,41,7,48,0,9,51,16,76,6,28,34,110
04/17/2009,GTR,MS,ASO,CE,Federal Contract Tower,0,4,9,18,31,0,0,18,18,36,0,4,27,36,67,4,22,26,93
04/18/2009,GTR,MS,ASO,CE,Federal Contract Tower,0,5,7,5,17,0,0,15,4,19,0,5,22,9,36,0,4,4,40
04/19/2009,GTR,MS,ASO,CE,Federal Contract Tower,0,8,9,11,28,0,0,3,0,3,0,8,12,11,31,0,0,0,31
04/20/2009,GTR,MS,ASO,CE,Federal Contract Tower,0,6,14,31,51,0,0,18,11,29,0,6,32,42,80,12,34,46,126
04/21/2009,GTR,MS,ASO,CE,Federal Contract Tower,0,6,11,20,37,0,0,16,5,21,0,6,27,25,58,0,12,12,70
04/22/2009,GTR,MS,ASO,CE,Federal Contract Tower,0,7,12,23,42,0,0,35,13,48,0,7,47,36,90,26,46,72,162
04/23/2009,GTR,MS,ASO,CE,Federal Contract Tower,0,4,5,33,42,0,4,25,5,34,0,8,30,38,76,20,12,32,108
04/24/2009,GTR,MS,ASO,CE,Federal Contract Tower,0,5,8,24,37,0,2,30,7,39,0,7,38,31,76,24,34,58,134
04/25/2009,GTR,MS,ASO,CE,Federal Contract Tower,0,4,10,8,22,0,0,31,1,32,0,4,41,9,54,40,12,52,106
04/26/2009,GTR,MS,ASO,CE,Federal Contract Tower,0,5,5,9,19,0,1,15,1,17,0,6,20,10,36,0,0,0,36
04/27/2009,GTR,MS,ASO,CE,Federal Contract Tower,0,5,18,24,47,0,0,21,12,33,0,5,39,36,80,6,40,46,126
04/28/2009,GTR,MS,ASO,CE,Federal Contract Tower,0,5,2,30,37,0,0,27,3,30,0,5,29,33,67,2,2,4,71
04/29/2009,GTR,MS,ASO,CE,Federal Contract Tower,0,5,22,52,79,0,0,15,17,32,0,5,37,69,111,0,20,20,131
04/30/2009,GTR,MS,ASO,CE,Federal Contract Tower,0,6,7,50,63,0,0,10,9,19,0,6,17,59,82,2,14,16,98
05/01/2009,GTR,MS,ASO,CE,Federal Contract Tower,0,6,16,20,42,0,0,16,10,26,0,6,32,30,68,8,8,16,84
05/02/2009,GTR,MS,ASO,CE,Federal Contract Tower,0,2,3,1,6,0,0,2,0,2,0,2,5,1,8,0,2,2,10
05/03/2009,GTR,MS,ASO,CE,Federal Contract Tower,0,4,0,15,19,0,0,0,2,2,0,4,0,17,21,0,2,2,23
05/04/2009,GTR,MS,ASO,CE,Federal Contract Tower,0,7,8,19,34,0,0,8,2,10,0,7,16,21,44,24,2,26,70
05/05/2009,GTR,MS,ASO,CE,Federal Contract Tower,0,12,16,22,50,0,0,34,5,39,0,12,50,27,89,52,6,58,147
05/06/2009,GTR,MS,ASO,CE,Federal Contract Tower,0,6,10,8,24,0,0,7,3,10,0,6,17,11,34,4,6,10,44
05/07/2009,GTR,MS,ASO,CE,Federal Contract Tower,0,7,13,15,35,0,0,18,17,35,0,7,31,32,70,56,12,68,138
05/08/2009,GTR,MS,ASO,CE,Federal Contract Tower,0,8,18,17,43,0,1,20,7,28,0,9,38,24,71,10,0,10,81
05/09/2009,GTR,MS,ASO,CE,Federal Contract Tower,0,6,11,1,18,0,0,27,0,27,0,6,38,1,45,58,4,62,107
05/10/2009,GTR,MS,ASO,CE,Federal Contract Tower,0,9,3,23,35,0,0,0,0,0,0,9,3,23,35,0,0,0,35
05/11/2009,GTR,MS,ASO,CE,Federal Contract Tower,0,8,22,8,38,0,0,5,0,5,0,8,27,8,43,1,0,1,44
05/12/2009,GTR,MS,ASO,CE,Federal Contract Tower,0,7,9,19,35,0,0,30,5,35,0,7,39,24,70,44,12,56,126
05/13/2009,GTR,MS,ASO,CE,Federal Contract Tower,0,8,19,22,49,0,0,10,12,22,0,8,29,34,71,2,2,4,75
05/14/2009,GTR,MS,ASO,CE,Federal Contract Tower,0,7,6,35,48,0,0,26,7,33,0,7,32,42,81,44,0,44,125
05/15/2009,GTR,MS,ASO,CE,Federal Contract Tower,0,7,3,26,36,0,0,26,14,40,0,7,29,40,76,44,22,66,142
05/16/2009,GTR,MS,ASO,CE,Federal Contract Tower,0,7,4,4,15,0,0,6,0,6,0,7,10,4,21,12,10,22,43
05/17/2009,GTR,MS,ASO,CE,Federal Contract Tower,0,8,0,5,13,0,0,0,1,1,0,8,0,6,14,0,0,0,14
05/18/2009,GTR,MS,ASO,CE,Federal Contract Tower,0,8,6,9,23,0,0,18,7,25,0,8,24,16,48,20,6,26,74
05/19/2009,GTR,MS,ASO,CE,Federal Contract Tower,0,8,5,9,22,0,8,25,10,43,0,16,30,19,65,48,22,70,135
05/20/2009,GTR,MS,ASO,CE,Federal Contract Tower,0,9,3,12,24,0,0,15,5,20,0,9,18,17,44,24,22,46,90
05/21/2009,GTR,MS,ASO,CE,Federal Contract Tower,0,13,8,12,33,0,0,34,5,39,0,13,42,17,72,14,14,28,100
05/22/2009,GTR,MS,ASO,CE,Federal Contract Tower,0,9,5,2,16,0,0,25,0,25,0,9,30,2,41,2,0,2,43
05/23/2009,GTR,MS,ASO,CE,Federal Contract Tower,0,5,5,2,12,0,0,0,0,0,0,5,5,2,12,0,0,0,12
05/24/2009,GTR,MS,ASO,CE,Federal Contract Tower,0,5,3,0,8,0,0,4,0,4,0,5,7,0,12,2,0,2,14
05/25/2009,GTR,MS,ASO,CE,Federal Contract Tower,0,7,1,2,10,0,0,6,0,6,0,7,7,2,16,0,0,0,16
05/26/2009,GTR,MS,ASO,CE,Federal Contract Tower,0,8,8,38,54,0,0,34,16,50,0,8,42,54,104,34,0,34,138
05/27/2009,GTR,MS,ASO,CE,Federal Contract Tower,0,7,0,8,15,0,0,39,14,53,0,7,39,22,68,52,4,56,124
05/28/2009,GTR,MS,ASO,CE,Federal Contract Tower,0,7,13,17,37,0,2,13,11,26,0,9,26,28,63,34,0,34,97
05/29/2009,GTR,MS,ASO,CE,Federal Contract Tower,0,7,23,25,55,0,0,14,3,17,0,7,37,28,72,64,24,88,160
05/30/2009,GTR,MS,ASO,CE,Federal Contract Tower,0,6,7,0,13,0,1,31,0,32,0,7,38,0,45,12,0,12,57
05/31/2009,GTR,MS,ASO,CE,Federal Contract Tower,0,7,3,2,12,0,0,28,0,28,0,7,31,2,40,10,0,10,50
06/01/2009,GTR,MS,ASO,CE,Federal Contract Tower,0,10,5,8,23,0,0,37,3,40,0,10,42,11,63,52,14,66,129
06/02/2009,GTR,MS,ASO,CE,Federal Contract Tower,0,9,8,11,28,0,0,32,5,37,0,9,40,16,65,32,18,50,115
06/03/2009,GTR,MS,ASO,CE,Federal Contract Tower,0,9,3,19,31,0,0,28,9,37,0,9,31,28,68,60,0,60,128
06/04/2009,GTR,MS,ASO,CE,Federal Contract Tower,0,7,9,4,20,0,0,13,18,31,0,7,22,22,51,44,8,52,103
06/05/2009,GTR,MS,ASO,CE,Federal Contract Tower,0,7,6,14,27,0,0,22,7,29,0,7,28,21,56,42,34,76,132
06/06/2009,GTR,MS,ASO,CE,Federal Contract Tower,0,7,6,0,13,0,0,36,2,38,0,7,42,2,51,8,0,8,59
06/07/2009,GTR,MS,ASO,CE,Federal Contract Tower,0,8,4,13,25,0,0,20,2,22,0,8,24,15,47,0,6,6,53
06/08/2009,GTR,MS,ASO,CE,Federal Contract Tower,0,8,3,20,31,0,0,14,6,20,0,8,17,26,51,10,22,32,83
06/09/2009,GTR,MS,ASO,CE,Federal Contract Tower,0,7,6,21,34,0,0,33,9,42,0,7,39,30,76,16,40,56,132
06/10/2009,GTR,MS,ASO,CE,Federal Contract Tower,0,6,0,18,24,0,0,12,6,18,0,6,12,24,42,16,10,26,68
06/11/2009,GTR,MS,ASO,CE,Federal Contract Tower,0,8,12,16,36,0,0,3,6,9,0,8,15,22,45,0,0,0,45
06/12/2009,GTR,MS,ASO,CE,Federal Contract Tower,0,11,9,15,35,0,0,6,5,11,0,11,15,20,46,20,4,24,70
06/13/2009,GTR,MS,ASO,CE,Federal Contract Tower,0,8,10,0,18,0,0,6,0,6,0,8,16,0,24,34,0,34,58
06/14/2009,GTR,MS,ASO,CE,Federal Contract Tower,0,8,2,3,13,0,0,5,0,5,0,8,7,3,18,42,0,42,60
06/15/2009,GTR,MS,ASO,CE,Federal Contract Tower,0,8,11,24,43,0,0,32,7,39,0,8,43,31,82,16,8,24,106
06/16/2009,GTR,MS,ASO,CE,Federal Contract Tower,0,11,2,14,27,0,1,24,10,35,0,12,26,24,62,14,20,34,96
06/17/2009,GTR,MS,ASO,CE,Federal Contract Tower,0,9,14,46,69,0,0,45,10,55,0,9,59,56,124,58,36,94,218
06/18/2009,GTR,MS,ASO,CE,Federal Contract Tower,0,9,5,14,28,0,0,0,2,2,0,9,5,16,30,60,16,76,106
06/19/2009,GTR,MS,ASO,CE,Federal Contract Tower,0,6,5,25,36,0,6,17,10,33,0,12,22,35,69,30,20,50,119
06/20/2009,GTR,MS,ASO,CE,Federal Contract Tower,0,7,3,0,10,0,2,20,0,22,0,9,23,0,32,0,0,0,32
06/21/2009,GTR,MS,ASO,CE,Federal Contract Tower,0,7,4,2,13,0,0,8,0,8,0,7,12,2,21,0,0,0,21
06/22/2009,GTR,MS,ASO,CE,Federal Contract Tower,0,8,2,22,32,0,0,1,0,1,0,8,3,22,33,18,30,48,81
06/23/2009,GTR,MS,ASO,CE,Federal Contract Tower,0,7,15,12,34,0,0,25,8,33,0,7,40,20,67,54,6,60,127
06/24/2009,GTR,MS,ASO,CE,Federal Contract Tower,0,7,10,4,21,0,0,0,0,0,0,7,10,4,21,60,0,60,81
06/25/2009,GTR,MS,ASO,CE,Federal Contract Tower,0,7,3,8,18,0,0,0,0,0,0,7,3,8,18,24,6,30,48
06/26/2009,GTR,MS,ASO,CE,Federal Contract Tower,0,5,4,18,27,0,0,19,3,22,0,5,23,21,49,42,18,60,109
06/27/2009,GTR,MS,ASO,CE,Federal Contract Tower,0,7,4,3,14,0,4,14,4,22,0,11,18,7,36,6,28,34,70
06/28/2009,GTR,MS,ASO,CE,Federal Contract Tower,0,7,9,7,23,0,0,8,2,10,0,7,17,9,33,4,0,4,37
06/29/2009,GTR,MS,ASO,CE,Federal Contract Tower,0,8,9,27,44,0,0,0,5,5,0,8,9,32,49,10,22,32,81
06/30/2009,GTR,MS,ASO,CE,Federal Contract Tower,0,8,3,12,23,0,1,24,6,31,0,9,27,18,54,20,0,20,74
07/01/2009,GTR,MS,ASO,CE,Federal Contract Tower,0,7,14,25,46,0,2,25,7,34,0,9,39,32,80,8,6,14,94
07/02/2009,GTR,MS,ASO,CE,Federal Contract Tower,0,8,2,17,27,0,0,24,6,30,0,8,26,23,57,32,10,42,99
07/03/2009,GTR,MS,ASO,CE,Federal Contract Tower,0,7,2,1,10,0,2,9,0,11,0,9,11,1,21,22,0,22,43
07/04/2009,GTR,MS,ASO,CE,Federal Contract Tower,0,7,0,0,7,0,0,4,0,4,0,7,4,0,11,0,0,0,11
07/05/2009,GTR,MS,ASO,CE,Federal Contract Tower,0,7,1,0,8,0,0,4,0,4,0,7,5,0,12,0,0,0,12
07/06/2009,GTR,MS,ASO,CE,Federal Contract Tower,0,11,1,0,12,0,0,11,0,11,0,11,12,0,23,4,0,4,27
07/07/2009,GTR,MS,ASO,CE,Federal Contract Tower,0,9,2,39,50,0,0,2,0,2,0,9,4,39,52,20,2,22,74
07/08/2009,GTR,MS,ASO,CE,Federal Contract Tower,0,7,4,22,33,0,0,0,0,0,0,7,4,22,33,32,28,60,93
07/09/2009,GTR,MS,ASO,CE,Federal Contract Tower,0,8,9,14,31,0,0,0,1,1,0,8,9,15,32,14,30,44,76
07/10/2009,GTR,MS,ASO,CE,Federal Contract Tower,0,9,7,9,25,0,0,0,0,0,0,9,7,9,25,8,18,26,51
07/11/2009,GTR,MS,ASO,CE,Federal Contract Tower,0,9,7,14,30,0,2,21,0,23,0,11,28,14,53,10,16,26,79
07/12/2009,GTR,MS,ASO,CE,Federal Contract Tower,0,6,6,15,27,0,1,17,4,22,0,7,23,19,49,0,4,4,53
07/13/2009,GTR,MS,ASO,CE,Federal Contract Tower,0,8,2,21,31,0,0,15,4,19,0,8,17,25,50,12,0,12,62
07/14/2009,GTR,MS,ASO,CE,Federal Contract Tower,0,8,8,17,33,0,0,32,3,35,0,8,40,20,68,22,0,22,90
07/15/2009,GTR,MS,ASO,CE,Federal Contract Tower,0,8,10,24,42,0,0,18,17,35,0,8,28,41,77,4,42,46,123
07/16/2009,GTR,MS,ASO,CE,Federal Contract Tower,0,7,15,20,42,0,0,22,9,31,0,7,37,29,73,18,14,32,105
07/17/2009,GTR,MS,ASO,CE,Federal Contract Tower,0,5,2,11,18,0,0,21,17,38,0,5,23,28,56,20,12,32,88
07/18/2009,GTR,MS,ASO,CE,Federal Contract Tower,0,7,4,4,15,0,0,19,2,21,0,7,23,6,36,12,4,16,52
07/19/2009,GTR,MS,ASO,CE,Federal Contract Tower,0,8,2,2,12,0,0,28,1,29,0,8,30,3,41,8,0,8,49
07/20/2009,GTR,MS,ASO,CE,Federal Contract Tower,0,7,1,24,32,0,0,17,9,26,0,7,18,33,58,28,10,38,96
07/21/2009,GTR,MS,ASO,CE,Federal Contract Tower,0,7,4,14,25,0,0,18,6,24,0,7,22,20,49,12,2,14,63
07/22/2009,GTR,MS,ASO,CE,Federal Contract Tower,0,10,12,34,56,0,0,20,7,27,0,10,32,41,83,0,4,4,87
07/23/2009,GTR,MS,ASO,CE,Federal Contract Tower,0,7,5,19,31,0,0,31,24,55,0,7,36,43,86,16,0,16,102
07/24/2009,GTR,MS,ASO,CE,Federal Contract Tower,0,8,7,12,27,0,0,21,6,27,0,8,28,18,54,22,28,50,104
07/25/2009,GTR,MS,ASO,CE,Federal Contract Tower,0,7,9,10,26,0,0,31,0,31,0,7,40,10,57,6,30,36,93
07/26/2009,GTR,MS,ASO,CE,Federal Contract Tower,0,10,0,6,16,0,0,4,6,10,0,10,4,12,26,0,22,22,48
07/27/2009,GTR,MS,ASO,CE,Federal Contract Tower,0,7,7,19,33,0,0,19,15,34,0,7,26,34,67,14,18,32,99
07/28/2009,GTR,MS,ASO,CE,Federal Contract Tower,0,7,12,19,38,0,0,0,0,0,0,7,12,19,38,0,0,0,38
07/29/2009,GTR,MS,ASO,CE,Federal Contract Tower,0,8,6,38,52,0,0,10,6,16,0,8,16,44,68,12,10,22,90
07/30/2009,GTR,MS,ASO,CE,Federal Contract Tower,0,13,5,26,44,0,0,23,6,29,0,13,28,32,73,10,22,32,105
07/31/2009,GTR,MS,ASO,CE,Federal Contract Tower,0,12,1,10,23,0,0,25,13,38,0,12,26,23,61,18,2,20,81
08/01/2009,GTR,MS,ASO,CE,Federal Contract Tower,0,7,2,2,11,0,0,11,3,14,0,7,13,5,25,0,16,16,41
08/02/2009,GTR,MS,ASO,CE,Federal Contract Tower,0,7,6,13,26,0,0,3,4,7,0,7,9,17,33,10,10,20,53
08/03/2009,GTR,MS,ASO,CE,Federal Contract Tower,0,7,9,4,20,0,1,34,2,37,0,8,43,6,57,26,0,26,83
08/04/2009,GTR,MS,ASO,CE,Federal Contract Tower,0,11,4,6,21,0,5,20,1,26,0,16,24,7,47,42,6,48,95
08/05/2009,GTR,MS,ASO,CE,Federal Contract Tower,0,9,5,18,32,0,1,23,5,29,0,10,28,23,61,22,40,62,123
08/06/2009,GTR,MS,ASO,CE,Federal Contract Tower,0,7,2,21,30,0,0,27,11,38,0,7,29,32,68,2,18,20,88
08/07/2009,GTR,MS,ASO,CE,Federal Contract Tower,0,8,3,8,19,0,0,42,0,42,0,8,45,8,61,16,0,16,77
08/08/2009,GTR,MS,ASO,CE,Federal Contract Tower,0,5,4,13,22,0,0,34,0,34,0,5,38,13,56,4,12,16,72
08/09/2009,GTR,MS,ASO,CE,Federal Contract Tower,0,8,10,17,35,0,0,11,0,11,0,8,21,17,46,0,0,0,46
08/10/2009,GTR,MS,ASO,CE,Federal Contract Tower,0,8,3,12,23,0,0,21,6,27,0,8,24,18,50,20,22,42,92
08/11/2009,GTR,MS,ASO,CE,Federal Contract Tower,0,5,6,27,38,0,0,17,7,24,0,5,23,34,62,4,4,8,70
08/12/2009,GTR,MS,ASO,CE,Federal Contract Tower,0,7,7,32,46,0,0,15,6,21,0,7,22,38,67,12,8,20,87
08/13/2009,GTR,MS,ASO,CE,Federal Contract Tower,0,8,3,17,28,0,0,50,3,53,0,8,53,20,81,22,10,32,113
08/14/2009,GTR,MS,ASO,CE,Federal Contract Tower,0,9,7,12,28,0,2,39,3,44,0,11,46,15,72,10,10,20,92
08/15/2009,GTR,MS,ASO,CE,Federal Contract Tower,0,5,3,3,11,0,3,20,0,23,0,8,23,3,34,34,12,46,80
08/16/2009,GTR,MS,ASO,CE,Federal Contract Tower,0,7,2,21,30,0,0,6,1,7,0,7,8,22,37,0,0,0,37
08/17/2009,GTR,MS,ASO,CE,Federal Contract Tower,0,7,3,42,52,0,0,8,20,28,0,7,11,62,80,8,4,12,92
08/18/2009,GTR,MS,ASO,CE,Federal Contract Tower,0,7,3,90,100,0,0,11,8,19,0,7,14,98,119,10,38,48,167
08/19/2009,GTR,MS,ASO,CE,Federal Contract Tower,0,8,3,22,33,0,1,20,8,29,0,9,23,30,62,20,30,50,112
08/20/2009,GTR,MS,ASO,CE,Federal Contract Tower,0,8,11,38,57,0,0,8,12,20,0,8,19,50,77,16,0,16,93
08/21/2009,GTR,MS,ASO,CE,Federal Contract Tower,0,7,4,53,64,0,0,14,10,24,0,7,18,63,88,14,0,14,102
08/22/2009,GTR,MS,ASO,CE,Federal Contract Tower,0,5,6,0,11,0,0,43,0,43,0,5,49,0,54,48,0,48,102
08/23/2009,GTR,MS,ASO,CE,Federal Contract Tower,0,9,4,12,25,0,0,12,2,14,0,9,16,14,39,0,20,20,59
08/24/2009,GTR,MS,ASO,CE,Federal Contract Tower,0,8,4,21,33,0,0,19,13,32,0,8,23,34,65,4,36,40,105
08/25/2009,GTR,MS,ASO,CE,Federal Contract Tower,0,5,9,10,24,0,0,22,10,32,0,5,31,20,56,12,24,36,92
08/26/2009,GTR,MS,ASO,CE,Federal Contract Tower,0,9,8,10,27,0,0,35,10,45,0,9,43,20,72,32,28,60,132
08/27/2009,GTR,MS,ASO,CE,Federal Contract Tower,0,9,5,27,41,0,0,27,8,35,0,9,32,35,76,30,28,58,134
08/28/2009,GTR,MS,ASO,CE,Federal Contract Tower,0,8,0,25,33,0,0,19,12,31,0,8,19,37,64,14,44,58,122
08/29/2009,GTR,MS,ASO,CE,Federal Contract Tower,0,7,0,2,9,0,0,32,0,32,0,7,32,2,41,16,0,16,57
08/30/2009,GTR,MS,ASO,CE,Federal Contract Tower,0,7,11,9,27,0,0,0,0,0,0,7,11,9,27,0,0,0,27
08/31/2009,GTR,MS,ASO,CE,Federal Contract Tower,0,8,2,30,40,0,0,36,2,38,0,8,38,32,78,0,32,32,110
09/01/2009,GTR,MS,ASO,CE,Federal Contract Tower,0,5,3,13,21,0,0,22,0,22,0,5,25,13,43,14,8,22,65
09/02/2009,GTR,MS,ASO,CE,Federal Contract Tower,0,8,10,20,38,0,0,19,6,25,0,8,29,26,63,4,0,4,67
09/03/2009,GTR,MS,ASO,CE,Federal Contract Tower,0,9,8,8,25,0,0,37,8,45,0,9,45,16,70,14,0,14,84
09/04/2009,GTR,MS,ASO,CE,Federal Contract Tower,0,7,5,25,37,0,0,31,9,40,0,7,36,34,77,10,60,70,147
09/05/2009,GTR,MS,ASO,CE,Federal Contract Tower,0,9,4,2,15,0,0,12,4,16,0,9,16,6,31,26,4,30,61
09/06/2009,GTR,MS,ASO,CE,Federal Contract Tower,0,7,5,2,14,0,0,6,0,6,0,7,11,2,20,6,0,6,26
09/07/2009,GTR,MS,ASO,CE,Federal Contract Tower,0,8,7,2,17,0,0,15,2,17,0,8,22,4,34,20,28,48,82
09/08/2009,GTR,MS,ASO,CE,Federal Contract Tower,0,6,1,31,38,0,0,14,4,18,0,6,15,35,56,36,4,40,96
09/09/2009,GTR,MS,ASO,CE,Federal Contract Tower,0,11,3,10,24,0,0,17,10,27,0,11,20,20,51,24,6,30,81
09/10/2009,GTR,MS,ASO,CE,Federal Contract Tower,0,7,2,27,36,0,0,15,18,33,0,7,17,45,69,2,46,48,117
09/11/2009,GTR,MS,ASO,CE,Federal Contract Tower,0,7,7,20,34,0,0,15,0,15,0,7,22,20,49,8,0,8,57
09/12/2009,GTR,MS,ASO,CE,Federal Contract Tower,0,6,8,0,14,0,0,21,0,21,0,6,29,0,35,30,0,30,65
09/13/2009,GTR,MS,ASO,CE,Federal Contract Tower,0,7,9,0,16,0,0,1,0,1,0,7,10,0,17,0,0,0,17
09/14/2009,GTR,MS,ASO,CE,Federal Contract Tower,0,7,21,9,37,0,0,6,3,9,0,7,27,12,46,8,0,8,54
09/15/2009,GTR,MS,ASO,CE,Federal Contract Tower,0,5,20,42,67,0,0,18,14,32,0,5,38,56,99,8,12,20,119
09/16/2009,GTR,MS,ASO,CE,Federal Contract Tower,0,7,8,24,39,0,0,24,10,34,0,7,32,34,73,12,0,12,85
09/17/2009,GTR,MS,ASO,CE,Federal Contract Tower,0,8,10,28,46,0,0,22,9,31,0,8,32,37,77,10,18,28,105
09/18/2009,GTR,MS,ASO,CE,Federal Contract Tower,2,7,6,53,68,0,0,14,13,27,2,7,20,66,95,4,32,36,131
09/19/2009,GTR,MS,ASO,CE,Federal Contract Tower,0,5,8,22,35,0,0,3,0,3,0,5,11,22,38,0,24,24,62
09/20/2009,GTR,MS,ASO,CE,Federal Contract Tower,0,8,6,17,31,0,0,1,0,1,0,8,7,17,32,2,0,2,34
09/21/2009,GTR,MS,ASO,CE,Federal Contract Tower,0,8,6,7,21,0,0,6,1,7,0,8,12,8,28,4,0,4,32
09/22/2009,GTR,MS,ASO,CE,Federal Contract Tower,0,7,15,18,40,0,0,6,0,6,0,7,21,18,46,14,0,14,60
09/23/2009,GTR,MS,ASO,CE,Federal Contract Tower,0,9,9,17,35,0,0,15,6,21,0,9,24,23,56,22,0,22,78
09/24/2009,GTR,MS,ASO,CE,Federal Contract Tower,0,13,17,36,66,0,0,16,8,24,0,13,33,44,90,22,10,32,122
09/25/2009,GTR,MS,ASO,CE,Federal Contract Tower,1,8,23,27,59,0,0,9,8,17,1,8,32,35,76,0,8,8,84
09/26/2009,GTR,MS,ASO,CE,Federal Contract Tower,2,5,13,1,21,0,0,3,0,3,2,5,16,1,24,2,8,10,34
09/27/2009,GTR,MS,ASO,CE,Federal Contract Tower,0,7,10,8,25,0,0,9,3,12,0,7,19,11,37,0,0,0,37
09/28/2009,GTR,MS,ASO,CE,Federal Contract Tower,0,8,13,9,30,0,0,40,8,48,0,8,53,17,78,58,20,78,156
09/29/2009,GTR,MS,ASO,CE,Federal Contract Tower,0,6,13,5,24,0,0,23,1,24,0,6,36,6,48,68,10,78,126
09/30/2009,GTR,MS,ASO,CE,Federal Contract Tower,0,8,20,8,36,0,0,48,4,52,0,8,68,12,88,50,0,50,138
10/01/2009,GTR,MS,ASO,CE,Federal Contract Tower,0,8,17,8,33,0,5,34,5,44,0,13,51,13,77,40,24,64,141
10/02/2009,GTR,MS,ASO,CE,Federal Contract Tower,2,9,8,22,41,0,0,22,9,31,2,9,30,31,72,30,16,46,118
10/03/2009,GTR,MS,ASO,CE,Federal Contract Tower,0,6,4,8,18,0,1,21,29,51,0,7,25,37,69,16,108,124,193
10/04/2009,GTR,MS,ASO,CE,Federal Contract Tower,0,7,8,9,24,0,0,4,1,5,0,7,12,10,29,0,40,40,69
10/05/2009,GTR,MS,ASO,CE,Federal Contract Tower,0,7,22,14,43,0,0,9,4,13,0,7,31,18,56,2,0,2,58
10/06/2009,GTR,MS,ASO,CE,Federal Contract Tower,0,5,6,50,61,0,0,0,5,5,0,5,6,55,66,10,6,16,82
10/07/2009,GTR,MS,ASO,CE,Federal Contract Tower,0,7,12,12,31,0,0,28,6,34,0,7,40,18,65,52,14,66,131
10/08/2009,GTR,MS,ASO,CE,Federal Contract Tower,0,9,8,12,29,0,0,37,21,58,0,9,45,33,87,76,8,84,171
10/09/2009,GTR,MS,ASO,CE,Federal Contract Tower,2,7,12,25,46,0,0,15,7,22,2,7,27,32,68,14,30,44,112
10/10/2009,GTR,MS,ASO,CE,Federal Contract Tower,2,5,8,18,33,0,0,0,0,0,2,5,8,18,33,0,0,0,33
10/11/2009,GTR,MS,ASO,CE,Federal Contract Tower,0,13,4,31,48,0,0,0,0,0,0,13,4,31,48,0,0,0,48
10/12/2009,GTR,MS,ASO,CE,Federal Contract Tower,0,9,4,21,34,0,0,0,0,0,0,9,4,21,34,0,0,0,34
10/13/2009,GTR,MS,ASO,CE,Federal Contract Tower,0,5,10,58,73,0,0,12,0,12,0,5,22,58,85,14,0,14,99
10/14/2009,GTR,MS,ASO,CE,Federal Contract Tower,0,7,3,21,31,0,0,19,0,19,0,7,22,21,50,26,0,26,76
10/15/2009,GTR,MS,ASO,CE,Federal Contract Tower,0,8,5,6,19,0,0,4,0,4,0,8,9,6,23,0,0,0,23
10/16/2009,GTR,MS,ASO,CE,Federal Contract Tower,2,11,9,44,66,0,0,50,26,76,2,11,59,70,142,52,72,124,266
10/17/2009,GTR,MS,ASO,CE,Federal Contract Tower,2,5,5,22,34,0,0,8,30,38,2,5,13,52,72,34,122,156,228
10/18/2009,GTR,MS,ASO,CE,Federal Contract Tower,0,7,2,45,54,0,0,16,21,37,0,7,18,66,91,18,94,112,203
10/19/2009,GTR,MS,ASO,CE,Federal Contract Tower,0,7,14,19,40,0,0,49,10,59,0,7,63,29,99,48,38,86,185
10/20/2009,GTR,MS,ASO,CE,Federal Contract Tower,0,6,19,16,41,0,1,54,11,66,0,7,73,27,107,48,52,100,207
10/21/2009,GTR,MS,ASO,CE,Federal Contract Tower,0,9,12,27,48,0,4,31,5,40,0,13,43,32,88,40,14,54,142
10/22/2009,GTR,MS,ASO,CE,Federal Contract Tower,0,7,10,31,48,0,0,20,14,34,0,7,30,45,82,30,28,58,140
10/23/2009,GTR,MS,ASO,CE,Federal Contract Tower,1,10,15,27,53,0,0,28,17,45,1,10,43,44,98,10,12,22,120
10/24/2009,GTR,MS,ASO,CE,Federal Contract Tower,1,5,9,7,22,0,4,11,7,22,1,9,20,14,44,20,26,46,90
10/25/2009,GTR,MS,ASO,CE,Federal Contract Tower,0,8,2,20,30,0,0,17,7,24,0,8,19,27,54,12,10,22,76
10/26/2009,GTR,MS,ASO,CE,Federal Contract Tower,0,7,7,27,41,0,0,27,22,49,0,7,34,49,90,8,30,38,128
10/27/2009,GTR,MS,ASO,CE,Federal Contract Tower,0,8,6,6,20,0,0,0,0,0,0,8,6,6,20,0,0,0,20
10/28/2009,GTR,MS,ASO,CE,Federal Contract Tower,0,8,12,25,45,0,2,41,9,52,0,10,53,34,97,24,30,54,151
10/29/2009,GTR,MS,ASO,CE,Federal Contract Tower,0,7,11,17,35,0,0,14,1,15,0,7,25,18,50,16,0,16,66
10/30/2009,GTR,MS,ASO,CE,Federal Contract Tower,2,7,7,27,43,0,0,6,0,6,2,7,13,27,49,0,6,6,55
10/31/2009,GTR,MS,ASO,CE,Federal Contract Tower,0,5,1,41,47,0,9,24,3,36,0,14,25,44,83,8,32,40,123
11/01/2009,GTR,MS,ASO,CE,Federal Contract Tower,0,7,0,21,28,0,0,9,3,12,0,7,9,24,40,2,38,40,80
11/02/2009,GTR,MS,ASO,CE,Federal Contract Tower,0,9,19,15,43,0,0,35,15,50,0,9,54,30,93,12,28,40,133
11/03/2009,GTR,MS,ASO,CE,Federal Contract Tower,0,7,10,17,34,0,0,47,6,53,0,7,57,23,87,24,32,56,143
11/04/2009,GTR,MS,ASO,CE,Federal Contract Tower,0,8,8,10,26,0,2,33,3,38,0,10,41,13,64,18,6,24,88
11/05/2009,GTR,MS,ASO,CE,Federal Contract Tower,0,9,8,19,36,0,0,24,12,36,0,9,32,31,72,18,36,54,126
11/06/2009,GTR,MS,ASO,CE,Federal Contract Tower,0,10,5,14,29,0,0,22,2,24,0,10,27,16,53,8,28,36,89
11/07/2009,GTR,MS,ASO,CE,Federal Contract Tower,0,7,4,1,12,0,7,45,1,53,0,14,49,2,65,10,2,12,77
11/08/2009,GTR,MS,ASO,CE,Federal Contract Tower,0,8,7,12,27,0,11,13,3,27,0,19,20,15,54,6,16,22,76
11/09/2009,GTR,MS,ASO,CE,Federal Contract Tower,0,8,12,14,34,0,0,11,10,21,0,8,23,24,55,2,52,54,109
11/10/2009,GTR,MS,ASO,CE,Federal Contract Tower,0,6,6,7,19,0,0,9,0,9,0,6,15,7,28,10,10,20,48
11/11/2009,GTR,MS,ASO,CE,Federal Contract Tower,0,8,4,2,14,0,4,21,0,25,0,12,25,2,39,34,2,36,75
11/12/2009,GTR,MS,ASO,CE,Federal Contract Tower,0,8,0,23,31,0,0,41,10,51,0,8,41,33,82,12,30,42,124
11/13/2009,GTR,MS,ASO,CE,Federal Contract Tower,0,11,14,28,53,0,2,27,7,36,0,13,41,35,89,22,52,74,163
11/14/2009,GTR,MS,ASO,CE,Federal Contract Tower,0,7,8,34,49,0,0,37,7,44,0,7,45,41,93,30,190,220,313
11/15/2009,GTR,MS,ASO,CE,Federal Contract Tower,0,9,6,28,43,0,0,17,12,29,0,9,23,40,72,4,206,210,282
11/16/2009,GTR,MS,ASO,CE,Federal Contract Tower,0,8,9,19,36,0,0,13,9,22,0,8,22,28,58,28,32,60,118
11/17/2009,GTR,MS,ASO,CE,Federal Contract Tower,0,7,8,18,33,0,0,13,4,17,0,7,21,22,50,30,8,38,88
11/18/2009,GTR,MS,ASO,CE,Federal Contract Tower,0,9,5,51,65,0,2,16,17,35,0,11,21,68,100,16,22,38,138
11/19/2009,GTR,MS,ASO,CE,Federal Contract Tower,0,9,12,55,76,0,0,35,11,46,0,9,47,66,122,28,40,68,190
11/20/2009,GTR,MS,ASO,CE,Federal Contract Tower,2,9,5,8,24,0,0,13,3,16,2,9,18,11,40,30,8,38,78
11/21/2009,GTR,MS,ASO,CE,Federal Contract Tower,2,5,0,10,17,0,0,9,17,26,2,5,9,27,43,0,60,60,103
11/22/2009,GTR,MS,ASO,CE,Federal Contract Tower,0,9,1,14,24,0,0,0,0,0,0,9,1,14,24,0,12,12,36
11/23/2009,GTR,MS,ASO,CE,Federal Contract Tower,0,5,2,48,55,0,0,1,0,1,0,5,3,48,56,0,0,0,56
11/24/2009,GTR,MS,ASO,CE,Federal Contract Tower,0,8,11,31,50,0,0,22,7,29,0,8,33,38,79,16,12,28,107
11/25/2009,GTR,MS,ASO,CE,Federal Contract Tower,0,10,10,13,33,0,0,15,5,20,0,10,25,18,53,0,2,2,55
11/26/2009,GTR,MS,ASO,CE,Federal Contract Tower,0,4,7,0,11,0,0,4,0,4,0,4,11,0,15,0,0,0,15
11/27/2009,GTR,MS,ASO,CE,Federal Contract Tower,0,3,2,0,5,0,0,10,0,10,0,3,12,0,15,2,0,2,17
11/28/2009,GTR,MS,ASO,CE,Federal Contract Tower,0,7,1,0,8,0,0,8,4,12,0,7,9,4,20,0,6,6,26
11/29/2009,GTR,MS,ASO,CE,Federal Contract Tower,0,10,8,0,18,0,0,1,0,1,0,10,9,0,19,0,0,0,19
11/30/2009,GTR,MS,ASO,CE,Federal Contract Tower,0,7,9,8,24,0,0,1,2,3,0,7,10,10,27,6,8,14,41
12/01/2009,GTR,MS,ASO,CE,Federal Contract Tower,0,5,7,10,22,0,0,23,8,31,0,5,30,18,53,42,20,62,115
12/02/2009,GTR,MS,ASO,CE,Federal Contract Tower,0,6,6,16,28,0,0,4,0,4,0,6,10,16,32,6,0,6,38
12/03/2009,GTR,MS,ASO,CE,Federal Contract Tower,0,5,8,36,49,0,4,13,19,36,0,9,21,55,85,14,10,24,109
12/04/2009,GTR,MS,ASO,CE,Federal Contract Tower,0,7,10,33,50,0,0,17,8,25,0,7,27,41,75,28,16,44,119
12/05/2009,GTR,MS,ASO,CE,Federal Contract Tower,0,4,6,39,49,0,2,7,6,15,0,6,13,45,64,36,54,90,154
12/06/2009,GTR,MS,ASO,CE,Federal Contract Tower,0,8,2,35,45,0,0,9,0,9,0,8,11,35,54,2,28,30,84
12/07/2009,GTR,MS,ASO,CE,Federal Contract Tower,0,8,11,31,50,0,0,0,0,0,0,8,11,31,50,0,0,0,50
12/08/2009,GTR,MS,ASO,CE,Federal Contract Tower,0,3,5,9,17,0,0,0,0,0,0,3,5,9,17,0,0,0,17
12/09/2009,GTR,MS,ASO,CE,Federal Contract Tower,2,7,7,32,48,0,0,15,16,31,2,7,22,48,79,8,26,34,113
12/10/2009,GTR,MS,ASO,CE,Federal Contract Tower,0,9,12,27,48,0,0,32,11,43,0,9,44,38,91,32,26,58,149
12/11/2009,GTR,MS,ASO,CE,Federal Contract Tower,0,7,9,33,49,0,0,22,6,28,0,7,31,39,77,16,38,54,131
12/12/2009,GTR,MS,ASO,CE,Federal Contract Tower,0,4,1,18,23,0,0,1,0,1,0,4,2,18,24,0,0,0,24
12/13/2009,GTR,MS,ASO,CE,Federal Contract Tower,0,7,8,10,25,0,0,0,0,0,0,7,8,10,25,0,0,0,25
12/14/2009,GTR,MS,ASO,CE,Federal Contract Tower,0,6,7,8,21,0,0,5,0,5,0,6,12,8,26,2,0,2,28
12/15/2009,GTR,MS,ASO,CE,Federal Contract Tower,0,6,8,37,51,0,0,3,5,8,0,6,11,42,59,8,0,8,67
12/16/2009,GTR,MS,ASO,CE,Federal Contract Tower,0,6,12,6,24,0,0,28,5,33,0,6,40,11,57,16,8,24,81
12/17/2009,GTR,MS,ASO,CE,Federal Contract Tower,0,8,7,2,17,0,0,29,2,31,0,8,36,4,48,10,0,10,58
12/18/2009,GTR,MS,ASO,CE,Federal Contract Tower,0,8,20,30,58,0,0,8,0,8,0,8,28,30,66,0,12,12,78
12/19/2009,GTR,MS,ASO,CE,Federal Contract Tower,0,7,6,33,46,0,2,6,2,10,0,9,12,35,56,4,20,24,80
12/20/2009,GTR,MS,ASO,CE,Federal Contract Tower,0,6,18,26,50,0,4,19,6,29,0,10,37,32,79,20,18,38,117
12/21/2009,GTR,MS,ASO,CE,Federal Contract Tower,0,8,8,11,27,0,4,24,3,31,0,12,32,14,58,12,4,16,74
12/22/2009,GTR,MS,ASO,CE,Federal Contract Tower,0,8,3,24,35,0,0,18,6,24,0,8,21,30,59,18,36,54,113
12/23/2009,GTR,MS,ASO,CE,Federal Contract Tower,0,6,7,0,13,0,0,9,0,9,0,6,16,0,22,0,0,0,22
12/24/2009,GTR,MS,ASO,CE,Federal Contract Tower,0,5,2,0,7,0,0,2,0,2,0,5,4,0,9,0,0,0,9
12/25/2009,GTR,MS,ASO,CE,Federal Contract Tower,0,6,3,0,9,0,0,1,0,1,0,6,4,0,10,0,0,0,10
12/26/2009,GTR,MS,ASO,CE,Federal Contract Tower,0,6,4,0,10,0,0,5,0,5,0,6,9,0,15,0,0,0,15
12/27/2009,GTR,MS,ASO,CE,Federal Contract Tower,0,7,8,0,15,0,0,10,0,10,0,7,18,0,25,0,0,0,25
12/28/2009,GTR,MS,ASO,CE,Federal Contract Tower,0,7,4,0,11,0,0,6,0,6,0,7,10,0,17,0,0,0,17
12/29/2009,GTR,MS,ASO,CE,Federal Contract Tower,0,8,3,0,11,0,0,13,2,15,0,8,16,2,26,0,0,0,26
12/30/2009,GTR,MS,ASO,CE,Federal Contract Tower,0,6,6,7,19,0,0,0,7,7,0,6,6,14,26,0,26,26,52
12/31/2009,GTR,MS,ASO,CE,Federal Contract Tower,0,8,2,0,10,0,6,2,0,8,0,14,4,0,18,0,0,0,18
01/01/2010,GTR,MS,ASO,CE,Federal Contract Tower,0,6,1,0,7,0,0,1,0,1,0,6,2,0,8,0,0,0,8
01/02/2010,GTR,MS,ASO,CE,Federal Contract Tower,0,10,2,0,12,0,2,7,0,9,0,12,9,0,21,2,0,2,23
01/03/2010,GTR,MS,ASO,CE,Federal Contract Tower,0,12,4,0,16,0,0,5,0,5,0,12,9,0,21,0,0,0,21
01/04/2010,GTR,MS,ASO,CE,Federal Contract Tower,0,8,8,0,16,0,0,13,2,15,0,8,21,2,31,22,0,22,53
01/05/2010,GTR,MS,ASO,CE,Federal Contract Tower,0,21,3,44,68,0,0,9,14,23,0,21,12,58,91,0,40,40,131
01/06/2010,GTR,MS,ASO,CE,Federal Contract Tower,0,6,3,28,37,0,0,27,6,33,0,6,30,34,70,4,38,42,112
01/07/2010,GTR,MS,ASO,CE,Federal Contract Tower,0,6,3,0,9,0,0,2,0,2,0,6,5,0,11,0,0,0,11
01/08/2010,GTR,MS,ASO,CE,Federal Contract Tower,0,8,2,13,23,0,0,8,14,22,0,8,10,27,45,10,16,26,71
01/09/2010,GTR,MS,ASO,CE,Federal Contract Tower,0,6,3,11,20,0,0,3,11,14,0,6,6,22,34,4,8,12,46
01/10/2010,GTR,MS,ASO,CE,Federal Contract Tower,0,10,3,6,19,0,1,15,2,18,0,11,18,8,37,0,14,14,51
01/11/2010,GTR,MS,ASO,CE,Federal Contract Tower,0,7,4,23,34,0,0,8,20,28,0,7,12,43,62,16,44,60,122
01/12/2010,GTR,MS,ASO,CE,Federal Contract Tower,0,5,10,25,40,0,0,13,8,21,0,5,23,33,61,4,22,26,87
01/13/2010,GTR,MS,ASO,CE,Federal Contract Tower,0,8,3,9,20,0,0,18,3,21,0,8,21,12,41,8,16,24,65
01/14/2010,GTR,MS,ASO,CE,Federal Contract Tower,0,8,13,17,38,0,0,16,6,22,0,8,29,23,60,6,22,28,88
01/15/2010,GTR,MS,ASO,CE,Federal Contract Tower,0,10,13,14,37,0,0,27,2,29,0,10,40,16,66,24,12,36,102
01/16/2010,GTR,MS,ASO,CE,Federal Contract Tower,0,6,7,6,19,0,2,0,1,3,0,8,7,7,22,0,12,12,34
01/17/2010,GTR,MS,ASO,CE,Federal Contract Tower,0,8,3,18,29,0,0,0,0,0,0,8,3,18,29,0,0,0,29
01/18/2010,GTR,MS,ASO,CE,Federal Contract Tower,0,8,9,0,17,0,0,23,0,23,0,8,32,0,40,24,0,24,64
01/19/2010,GTR,MS,ASO,CE,Federal Contract Tower,0,7,8,38,53,0,0,22,10,32,0,7,30,48,85,8,32,40,125
01/20/2010,GTR,MS,ASO,CE,Federal Contract Tower,0,4,12,57,73,0,0,11,9,20,0,4,23,66,93,22,10,32,125
01/21/2010,GTR,MS,ASO,CE,Federal Contract Tower,0,8,11,25,44,0,0,5,11,16,0,8,16,36,60,0,12,12,72
01/22/2010,GTR,MS,ASO,CE,Federal Contract Tower,0,11,13,50,74,0,0,18,2,20,0,11,31,52,94,2,0,2,96
01/23/2010,GTR,MS,ASO,CE,Federal Contract Tower,0,5,4,19,28,0,0,7,19,26,0,5,11,38,54,4,4,8,62
01/24/2010,GTR,MS,ASO,CE,Federal Contract Tower,0,6,1,8,15,0,2,1,0,3,0,8,2,8,18,0,0,0,18
01/25/2010,GTR,MS,ASO,CE,Federal Contract Tower,0,8,9,10,27,0,0,18,8,26,0,8,27,18,53,0,16,16,69
01/26/2010,GTR,MS,ASO,CE,Federal Contract Tower,0,7,9,15,31,0,0,15,1,16,0,7,24,16,47,2,28,30,77
01/27/2010,GTR,MS,ASO,CE,Federal Contract Tower,0,11,15,0,26,0,1,10,0,11,0,12,25,0,37,16,0,16,53
01/28/2010,GTR,MS,ASO,CE,Federal Contract Tower,0,8,15,11,34,0,4,15,2,21,0,12,30,13,55,8,10,18,73
01/29/2010,GTR,MS,ASO,CE,Federal Contract Tower,0,6,8,5,19,0,0,2,0,2,0,6,10,5,21,0,0,0,21
01/30/2010,GTR,MS,ASO,CE,Federal Contract Tower,0,4,0,2,6,0,0,0,0,0,0,4,0,2,6,0,0,0,6
01/31/2010,GTR,MS,ASO,CE,Federal Contract Tower,0,8,8,9,25,0,0,25,3,28,0,8,33,12,53,12,6,18,71
02/01/2010,GTR,MS,ASO,CE,Federal Contract Tower,0,7,4,27,38,0,0,9,3,12,0,7,13,30,50,8,10,18,68
02/02/2010,GTR,MS,ASO,CE,Federal Contract Tower,0,7,10,9,26,0,0,14,3,17,0,7,24,12,43,4,8,12,55
02/03/2010,GTR,MS,ASO,CE,Federal Contract Tower,0,5,14,8,27,0,0,19,2,21,0,5,33,10,48,8,6,14,62
02/04/2010,GTR,MS,ASO,CE,Federal Contract Tower,0,7,4,52,63,0,0,0,0,0,0,7,4,52,63,0,0,0,63
02/05/2010,GTR,MS,ASO,CE,Federal Contract Tower,0,9,3,6,18,0,0,4,0,4,0,9,7,6,22,2,0,2,24
02/06/2010,GTR,MS,ASO,CE,Federal Contract Tower,0,6,3,0,9,0,0,4,0,4,0,6,7,0,13,12,0,12,25
02/07/2010,GTR,MS,ASO,CE,Federal Contract Tower,0,9,7,10,26,0,0,4,0,4,0,9,11,10,30,26,0,26,56
02/08/2010,GTR,MS,ASO,CE,Federal Contract Tower,0,11,8,32,51,0,0,7,5,12,0,11,15,37,63,0,12,12,75
02/09/2010,GTR,MS,ASO,CE,Federal Contract Tower,0,7,2,62,71,0,0,2,2,4,0,7,4,64,75,0,10,10,85
02/10/2010,GTR,MS,ASO,CE,Federal Contract Tower,0,8,11,14,33,0,0,22,1,23,0,8,33,15,56,38,10,48,104
02/11/2010,GTR,MS,ASO,CE,Federal Contract Tower,0,9,13,20,42,0,0,30,4,34,0,9,43,24,76,48,12,60,136
02/12/2010,GTR,MS,ASO,CE,Federal Contract Tower,0,8,3,50,61,0,0,2,4,6,0,8,5,54,67,0,28,28,95
02/13/2010,GTR,MS,ASO,CE,Federal Contract Tower,0,3,6,6,15,0,2,13,3,18,0,5,19,9,33,8,8,16,49
02/14/2010,GTR,MS,ASO,CE,Federal Contract Tower,0,7,4,18,29,0,0,0,2,2,0,7,4,20,31,0,4,4,35
02/15/2010,GTR,MS,ASO,CE,Federal Contract Tower,0,10,5,0,15,0,0,7,0,7,0,10,12,0,22,14,0,14,36
02/16/2010,GTR,MS,ASO,CE,Federal Contract Tower,0,8,5,22,35,0,0,12,5,17,0,8,17,27,52,0,36,36,88
02/17/2010,GTR,MS,ASO,CE,Federal Contract Tower,0,5,15,26,46,0,0,16,5,21,0,5,31,31,67,30,40,70,137
02/18/2010,GTR,MS,ASO,CE,Federal Contract Tower,0,8,13,35,56,0,0,10,6,16,0,8,23,41,72,18,26,44,116
02/19/2010,GTR,MS,ASO,CE,Federal Contract Tower,0,9,7,4,20,0,0,11,2,13,0,9,18,6,33,34,6,40,73
02/20/2010,GTR,MS,ASO,CE,Federal Contract Tower,0,6,17,11,34,0,2,29,5,36,0,8,46,16,70,32,0,32,102
02/21/2010,GTR,MS,ASO,CE,Federal Contract Tower,0,8,0,2,10,0,0,7,0,7,0,8,7,2,17,0,0,0,17
02/22/2010,GTR,MS,ASO,CE,Federal Contract Tower,0,8,11,57,76,0,0,0,3,3,0,8,11,60,79,0,0,0,79
02/23/2010,GTR,MS,ASO,CE,Federal Contract Tower,0,8,8,22,38,0,0,27,4,31,0,8,35,26,69,0,18,18,87
02/24/2010,GTR,MS,ASO,CE,Federal Contract Tower,0,6,4,18,28,0,0,14,8,22,0,6,18,26,50,0,16,16,66
02/25/2010,GTR,MS,ASO,CE,Federal Contract Tower,0,7,7,4,18,0,0,20,4,24,0,7,27,8,42,14,10,24,66
02/26/2010,GTR,MS,ASO,CE,Federal Contract Tower,0,10,2,19,31,0,0,42,9,51,0,10,44,28,82,2,12,14,96
02/27/2010,GTR,MS,ASO,CE,Federal Contract Tower,0,4,3,2,9,0,0,19,0,19,0,4,22,2,28,12,0,12,40
02/28/2010,GTR,MS,ASO,CE,Federal Contract Tower,0,8,1,1,10,0,0,12,2,14,0,8,13,3,24,0,10,10,34
03/01/2010,GTR,MS,ASO,CE,Federal Contract Tower,0,9,3,24,36,0,0,5,12,17,0,9,8,36,53,2,54,56,109
03/02/2010,GTR,MS,ASO,CE,Federal Contract Tower,0,5,1,2,8,0,0,0,0,0,0,5,1,2,8,0,0,0,8
03/03/2010,GTR,MS,ASO,CE,Federal Contract Tower,0,5,12,14,31,0,0,13,6,19,0,5,25,20,50,2,4,6,56
03/04/2010,GTR,MS,ASO,CE,Federal Contract Tower,0,8,7,24,39,0,0,6,9,15,0,8,13,33,54,0,28,28,82
03/05/2010,GTR,MS,ASO,CE,Federal Contract Tower,0,8,2,13,23,0,2,26,9,37,0,10,28,22,60,8,22,30,90
03/06/2010,GTR,MS,ASO,CE,Federal Contract Tower,0,5,0,0,5,0,0,32,0,32,0,5,32,0,37,10,0,10,47
03/07/2010,GTR,MS,ASO,CE,Federal Contract Tower,0,9,1,5,15,0,0,12,1,13,0,9,13,6,28,0,2,2,30
03/08/2010,GTR,MS,ASO,CE,Federal Contract Tower,0,8,16,23,47,0,0,29,6,35,0,8,45,29,82,14,20,34,116
03/09/2010,GTR,MS,ASO,CE,Federal Contract Tower,0,9,7,23,39,0,0,6,3,9,0,9,13,26,48,0,20,20,68
03/10/2010,GTR,MS,ASO,CE,Federal Contract Tower,0,5,5,8,18,0,0,0,0,0,0,5,5,8,18,0,0,0,18
03/11/2010,GTR,MS,ASO,CE,Federal Contract Tower,0,7,3,24,34,0,0,30,8,38,0,7,33,32,72,4,26,30,102
03/12/2010,GTR,MS,ASO,CE,Federal Contract Tower,0,6,12,4,22,0,0,5,2,7,0,6,17,6,29,0,0,0,29
03/13/2010,GTR,MS,ASO,CE,Federal Contract Tower,0,2,0,3,5,0,2,0,0,2,0,4,0,3,7,0,0,0,7
03/14/2010,GTR,MS,ASO,CE,Federal Contract Tower,0,11,8,7,26,0,0,1,4,5,0,11,9,11,31,0,0,0,31
03/15/2010,GTR,MS,ASO,CE,Federal Contract Tower,0,8,10,10,28,0,0,31,2,33,0,8,41,12,61,14,18,32,93
03/16/2010,GTR,MS,ASO,CE,Federal Contract Tower,0,7,6,36,49,0,0,23,10,33,0,7,29,46,82,2,38,40,122
03/17/2010,GTR,MS,ASO,CE,Federal Contract Tower,0,5,1,36,42,0,0,9,12,21,0,5,10,48,63,0,6,6,69
03/18/2010,GTR,MS,ASO,CE,Federal Contract Tower,0,7,6,49,62,0,0,30,3,33,0,7,36,52,95,8,0,8,103
03/19/2010,GTR,MS,ASO,CE,Federal Contract Tower,2,8,7,12,29,0,0,20,4,24,2,8,27,16,53,4,4,8,61
03/20/2010,GTR,MS,ASO,CE,Federal Contract Tower,0,4,6,10,20,0,4,16,0,20,0,8,22,10,40,2,30,32,72
03/21/2010,GTR,MS,ASO,CE,Federal Contract Tower,0,9,8,5,22,0,0,4,0,4,0,9,12,5,26,0,0,0,26
03/22/2010,GTR,MS,ASO,CE,Federal Contract Tower,0,7,4,14,25,0,0,0,0,0,0,7,4,14,25,0,0,0,25
03/23/2010,GTR,MS,ASO,CE,Federal Contract Tower,0,7,7,33,47,0,0,40,8,48,0,7,47,41,95,24,34,58,153
03/24/2010,GTR,MS,ASO,CE,Federal Contract Tower,0,6,7,32,45,0,2,27,10,39,0,8,34,42,84,14,32,46,130
03/25/2010,GTR,MS,ASO,CE,Federal Contract Tower,0,8,7,14,29,0,0,4,5,9,0,8,11,19,38,0,10,10,48
03/26/2010,GTR,MS,ASO,CE,Federal Contract Tower,2,8,8,39,57,0,2,23,10,35,2,10,31,49,92,14,40,54,146
03/27/2010,GTR,MS,ASO,CE,Federal Contract Tower,0,3,2,2,7,0,6,24,0,30,0,9,26,2,37,8,2,10,47
03/28/2010,GTR,MS,ASO,CE,Federal Contract Tower,0,7,3,8,18,0,4,4,2,10,0,11,7,10,28,0,0,0,28
03/29/2010,GTR,MS,ASO,CE,Federal Contract Tower,0,7,3,18,28,0,0,14,3,17,0,7,17,21,45,6,38,44,89
03/30/2010,GTR,MS,ASO,CE,Federal Contract Tower,0,7,5,30,42,0,0,50,8,58,0,7,55,38,100,14,12,26,126
03/31/2010,GTR,MS,ASO,CE,Federal Contract Tower,0,19,10,6,35,0,1,43,2,46,0,20,53,8,81,8,0,8,89
04/01/2010,GTR,MS,ASO,CE,Federal Contract Tower,0,10,10,12,32,0,0,39,6,45,0,10,49,18,77,14,8,22,99
04/02/2010,GTR,MS,ASO,CE,Federal Contract Tower,0,7,9,27,43,0,0,9,5,14,0,7,18,32,57,0,20,20,77
04/03/2010,GTR,MS,ASO,CE,Federal Contract Tower,0,4,9,9,22,0,2,17,1,20,0,6,26,10,42,24,10,34,76
04/04/2010,GTR,MS,ASO,CE,Federal Contract Tower,0,8,1,4,13,0,0,3,2,5,0,8,4,6,18,4,0,4,22
04/05/2010,GTR,MS,ASO,CE,Federal Contract Tower,0,8,17,10,35,0,0,8,1,9,0,8,25,11,44,0,0,0,44
04/06/2010,GTR,MS,ASO,CE,Federal Contract Tower,0,7,9,14,30,0,0,16,6,22,0,7,25,20,52,2,0,2,54
04/07/2010,GTR,MS,ASO,CE,Federal Contract Tower,0,7,11,11,29,0,0,13,9,22,0,7,24,20,51,18,16,34,85
04/08/2010,GTR,MS,ASO,CE,Federal Contract Tower,0,9,10,14,33,0,0,13,7,20,0,9,23,21,53,6,32,38,91
04/09/2010,GTR,MS,ASO,CE,Federal Contract Tower,0,7,7,29,43,0,0,36,10,46,0,7,43,39,89,22,10,32,121
04/10/2010,GTR,MS,ASO,CE,Federal Contract Tower,0,7,8,13,28,0,0,19,0,19,0,7,27,13,47,6,0,6,53
04/11/2010,GTR,MS,ASO,CE,Federal Contract Tower,0,10,4,15,29,0,0,9,3,12,0,10,13,18,41,12,14,26,67
04/12/2010,GTR,MS,ASO,CE,Federal Contract Tower,0,5,7,11,23,0,0,6,5,11,0,5,13,16,34,0,22,22,56
04/13/2010,GTR,MS,ASO,CE,Federal Contract Tower,0,7,4,43,54,0,0,10,14,24,0,7,14,57,78,6,10,16,94
04/14/2010,GTR,MS,ASO,CE,Federal Contract Tower,0,7,4,16,27,0,2,11,6,19,0,9,15,22,46,10,6,16,62
04/15/2010,GTR,MS,ASO,CE,Federal Contract Tower,0,7,6,37,50,0,2,14,15,31,0,9,20,52,81,0,42,42,123
04/16/2010,GTR,MS,ASO,CE,Federal Contract Tower,0,7,12,15,34,0,0,23,5,28,0,7,35,20,62,4,10,14,76
04/17/2010,GTR,MS,ASO,CE,Federal Contract Tower,0,7,4,5,16,0,2,33,2,37,0,9,37,7,53,12,16,28,81
04/18/2010,GTR,MS,ASO,CE,Federal Contract Tower,0,7,11,14,32,0,4,7,3,14,0,11,18,17,46,0,0,0,46
04/19/2010,GTR,MS,ASO,CE,Federal Contract Tower,0,7,11,41,59,0,0,8,5,13,0,7,19,46,72,20,32,52,124
04/20/2010,GTR,MS,ASO,CE,Federal Contract Tower,0,7,2,30,39,0,0,7,6,13,0,7,9,36,52,16,40,56,108
04/21/2010,GTR,MS,ASO,CE,Federal Contract Tower,0,7,8,22,37,0,4,19,9,32,0,11,27,31,69,20,18,38,107
04/22/2010,GTR,MS,ASO,CE,Federal Contract Tower,0,7,12,18,37,0,2,14,8,24,0,9,26,26,61,18,52,70,131
04/23/2010,GTR,MS,ASO,CE,Federal Contract Tower,0,6,12,33,51,0,0,5,9,14,0,6,17,42,65,0,10,10,75
04/24/2010,GTR,MS,ASO,CE,Federal Contract Tower,0,7,1,0,8,0,0,0,0,0,0,7,1,0,8,0,0,0,8
04/25/2010,GTR,MS,ASO,CE,Federal Contract Tower,0,11,9,11,31,0,4,16,2,22,0,15,25,13,53,0,40,40,93
04/26/2010,GTR,MS,ASO,CE,Federal Contract Tower,0,8,10,18,36,0,0,19,2,21,0,8,29,20,57,6,4,10,67
04/27/2010,GTR,MS,ASO,CE,Federal Contract Tower,0,9,8,23,40,0,2,15,13,30,0,11,23,36,70,12,18,30,100
04/28/2010,GTR,MS,ASO,CE,Federal Contract Tower,0,8,14,21,43,0,1,16,8,25,0,9,30,29,68,0,28,28,96
04/29/2010,GTR,MS,ASO,CE,Federal Contract Tower,0,9,16,16,41,0,0,13,10,23,0,9,29,26,64,4,12,16,80
04/30/2010,GTR,MS,ASO,CE,Federal Contract Tower,0,8,16,16,40,0,2,9,17,28,0,10,25,33,68,8,6,14,82
05/01/2010,GTR,MS,ASO,CE,Federal Contract Tower,0,8,8,0,16,0,0,0,0,0,0,8,8,0,16,0,0,0,16
05/02/2010,GTR,MS,ASO,CE,Federal Contract Tower,0,7,3,1,11,0,0,0,0,0,0,7,3,1,11,0,0,0,11
05/03/2010,GTR,MS,ASO,CE,Federal Contract Tower,0,10,11,19,40,0,0,12,7,19,0,10,23,26,59,20,2,22,81
05/04/2010,GTR,MS,ASO,CE,Federal Contract Tower,0,7,9,20,36,0,2,31,11,44,0,9,40,31,80,16,20,36,116
05/05/2010,GTR,MS,ASO,CE,Federal Contract Tower,0,10,16,26,52,0,2,32,12,46,0,12,48,38,98,8,30,38,136
05/06/2010,GTR,MS,ASO,CE,Federal Contract Tower,0,7,10,34,51,0,0,12,6,18,0,7,22,40,69,2,12,14,83
05/07/2010,GTR,MS,ASO,CE,Federal Contract Tower,0,7,9,13,29,0,0,18,3,21,0,7,27,16,50,0,14,14,64
05/08/2010,GTR,MS,ASO,CE,Federal Contract Tower,0,7,3,4,14,0,0,15,0,15,0,7,18,4,29,0,8,8,37
05/09/2010,GTR,MS,ASO,CE,Federal Contract Tower,0,7,3,2,12,0,0,21,0,21,0,7,24,2,33,2,0,2,35
05/10/2010,GTR,MS,ASO,CE,Federal Contract Tower,0,10,2,14,26,0,0,26,7,33,0,10,28,21,59,4,0,4,63
05/11/2010,GTR,MS,ASO,CE,Federal Contract Tower,0,7,10,29,46,0,0,12,9,21,0,7,22,38,67,6,8,14,81
05/12/2010,GTR,MS,ASO,CE,Federal Contract Tower,0,12,12,29,53,0,1,25,5,31,0,13,37,34,84,22,24,46,130
05/13/2010,GTR,MS,ASO,CE,Federal Contract Tower,0,7,21,8,36,0,4,32,8,44,0,11,53,16,80,12,4,16,96
05/14/2010,GTR,MS,ASO,CE,Federal Contract Tower,0,8,7,3,18,0,0,63,2,65,0,8,70,5,83,16,2,18,101
05/15/2010,GTR,MS,ASO,CE,Federal Contract Tower,0,7,5,2,14,0,1,17,0,18,0,8,22,2,32,6,0,6,38
05/16/2010,GTR,MS,ASO,CE,Federal Contract Tower,0,8,5,6,19,0,0,3,0,3,0,8,8,6,22,0,0,0,22
05/17/2010,GTR,MS,ASO,CE,Federal Contract Tower,0,7,13,20,40,0,0,23,5,28,0,7,36,25,68,0,12,12,80
05/18/2010,GTR,MS,ASO,CE,Federal Contract Tower,0,7,7,12,26,0,0,10,8,18,0,7,17,20,44,26,0,26,70
05/19/2010,GTR,MS,ASO,CE,Federal Contract Tower,0,9,16,12,37,0,0,30,2,32,0,9,46,14,69,14,0,14,83
05/20/2010,GTR,MS,ASO,CE,Federal Contract Tower,0,8,10,0,18,0,0,14,0,14,0,8,24,0,32,14,0,14,46
05/21/2010,GTR,MS,ASO,CE,Federal Contract Tower,0,7,15,35,57,0,0,3,2,5,0,7,18,37,62,0,10,10,72
05/22/2010,GTR,MS,ASO,CE,Federal Contract Tower,0,9,3,1,13,0,0,16,4,20,0,9,19,5,33,16,0,16,49
05/23/2010,GTR,MS,ASO,CE,Federal Contract Tower,0,8,4,3,15,0,0,7,0,7,0,8,11,3,22,2,0,2,24
05/24/2010,GTR,MS,ASO,CE,Federal Contract Tower,0,12,12,14,38,0,0,36,2,38,0,12,48,16,76,12,2,14,90
05/25/2010,GTR,MS,ASO,CE,Federal Contract Tower,0,10,14,28,52,0,2,27,5,34,0,12,41,33,86,18,22,40,126
05/26/2010,GTR,MS,ASO,CE,Federal Contract Tower,0,8,11,8,27,0,0,47,2,49,0,8,58,10,76,10,0,10,86
05/27/2010,GTR,MS,ASO,CE,Federal Contract Tower,0,9,10,5,24,0,0,39,1,40,0,9,49,6,64,20,12,32,96
05/28/2010,GTR,MS,ASO,CE,Federal Contract Tower,0,8,18,9,35,0,0,28,7,35,0,8,46,16,70,6,0,6,76
05/29/2010,GTR,MS,ASO,CE,Federal Contract Tower,0,8,6,0,14,0,2,16,0,18,0,10,22,0,32,0,0,0,32
05/30/2010,GTR,MS,ASO,CE,Federal Contract Tower,0,8,2,9,19,0,0,0,0,0,0,8,2,9,19,0,4,4,23
05/31/2010,GTR,MS,ASO,CE,Federal Contract Tower,0,7,5,0,12,0,0,12,0,12,0,7,17,0,24,0,0,0,24
06/01/2010,GTR,MS,ASO,CE,Federal Contract Tower,0,7,8,26,41,0,0,11,6,17,0,7,19,32,58,0,4,4,62
06/02/2010,GTR,MS,ASO,CE,Federal Contract Tower,0,9,12,40,61,0,0,19,14,33,0,9,31,54,94,2,8,10,104
06/03/2010,GTR,MS,ASO,CE,Federal Contract Tower,0,7,13,36,56,0,0,40,19,59,0,7,53,55,115,6,32,38,153
06/04/2010,GTR,MS,ASO,CE,Federal Contract Tower,0,9,11,22,42,0,0,16,4,20,0,9,27,26,62,0,8,8,70
06/05/2010,GTR,MS,ASO,CE,Federal Contract Tower,0,6,4,4,14,0,0,13,0,13,0,6,17,4,27,0,0,0,27
06/06/2010,GTR,MS,ASO,CE,Federal Contract Tower,0,10,9,4,23,0,0,23,2,25,0,10,32,6,48,0,4,4,52
06/07/2010,GTR,MS,ASO,CE,Federal Contract Tower,0,9,18,16,43,0,0,37,2,39,0,9,55,18,82,26,30,56,138
06/08/2010,GTR,MS,ASO,CE,Federal Contract Tower,0,9,10,19,38,0,0,31,4,35,0,9,41,23,73,22,14,36,109
06/09/2010,GTR,MS,ASO,CE,Federal Contract Tower,0,7,11,28,46,0,0,31,2,33,0,7,42,30,79,22,0,22,101
06/10/2010,GTR,MS,ASO,CE,Federal Contract Tower,0,8,16,17,41,0,0,53,9,62,0,8,69,26,103,30,8,38,141
06/11/2010,GTR,MS,ASO,CE,Federal Contract Tower,0,7,18,4,29,0,0,29,8,37,0,7,47,12,66,2,0,2,68
06/12/2010,GTR,MS,ASO,CE,Federal Contract Tower,0,7,6,0,13,0,0,7,0,7,0,7,13,0,20,2,0,2,22
06/13/2010,GTR,MS,ASO,CE,Federal Contract Tower,0,6,11,4,21,0,0,20,1,21,0,6,31,5,42,0,0,0,42
06/14/2010,GTR,MS,ASO,CE,Federal Contract Tower,0,8,7,23,38,0,0,14,6,20,0,8,21,29,58,0,8,8,66
06/15/2010,GTR,MS,ASO,CE,Federal Contract Tower,0,7,7,13,27,0,0,19,4,23,0,7,26,17,50,12,6,18,68
06/16/2010,GTR,MS,ASO,CE,Federal Contract Tower,0,11,16,20,47,0,0,52,10,62,0,11,68,30,109,24,6,30,139
06/17/2010,GTR,MS,ASO,CE,Federal Contract Tower,0,7,6,17,30,0,0,32,4,36,0,7,38,21,66,20,0,20,86
06/18/2010,GTR,MS,ASO,CE,Federal Contract Tower,0,7,2,22,31,0,2,31,5,38,0,9,33,27,69,10,8,18,87
06/19/2010,GTR,MS,ASO,CE,Federal Contract Tower,0,9,6,7,22,0,0,13,1,14,0,9,19,8,36,22,2,24,60
06/20/2010,GTR,MS,ASO,CE,Federal Contract Tower,0,7,6,10,23,0,0,13,0,13,0,7,19,10,36,10,0,10,46
06/21/2010,GTR,MS,ASO,CE,Federal Contract Tower,0,9,2,36,47,0,0,15,7,22,0,9,17,43,69,4,2,6,75
06/22/2010,GTR,MS,ASO,CE,Federal Contract Tower,0,8,9,29,46,0,0,38,8,46,0,8,47,37,92,16,18,34,126
06/23/2010,GTR,MS,ASO,CE,Federal Contract Tower,0,9,11,13,33,0,0,18,5,23,0,9,29,18,56,14,4,18,74
06/24/2010,GTR,MS,ASO,CE,Federal Contract Tower,0,8,10,15,33,0,1,20,7,28,0,9,30,22,61,26,18,44,105
06/25/2010,GTR,MS,ASO,CE,Federal Contract Tower,0,10,13,11,34,0,2,12,1,15,0,12,25,12,49,4,2,6,55
06/26/2010,GTR,MS,ASO,CE,Federal Contract Tower,0,7,0,11,18,0,0,13,6,19,0,7,13,17,37,0,40,40,77
06/27/2010,GTR,MS,ASO,CE,Federal Contract Tower,0,7,6,17,30,0,0,5,7,12,0,7,11,24,42,4,36,40,82
06/28/2010,GTR,MS,ASO,CE,Federal Contract Tower,0,7,6,4,17,0,2,23,2,27,0,9,29,6,44,2,6,8,52
06/29/2010,GTR,MS,ASO,CE,Federal Contract Tower,0,7,8,28,43,0,0,13,4,17,0,7,21,32,60,4,24,28,88
06/30/2010,GTR,MS,ASO,CE,Federal Contract Tower,0,8,10,27,45,0,0,12,9,21,0,8,22,36,66,4,0,4,70
07/01/2010,GTR,MS,ASO,CE,Federal Contract Tower,0,10,4,10,24,0,0,12,6,18,0,10,16,16,42,2,0,2,44
07/02/2010,GTR,MS,ASO,CE,Federal Contract Tower,0,8,3,0,11,0,0,31,0,31,0,8,34,0,42,12,0,12,54
07/03/2010,GTR,MS,ASO,CE,Federal Contract Tower,0,7,6,0,13,0,0,28,0,28,0,7,34,0,41,0,0,0,41
07/04/2010,GTR,MS,ASO,CE,Federal Contract Tower,0,5,4,0,9,0,0,5,0,5,0,5,9,0,14,0,0,0,14
07/05/2010,GTR,MS,ASO,CE,Federal Contract Tower,0,8,8,1,17,0,0,16,0,16,0,8,24,1,33,2,0,2,35
07/06/2010,GTR,MS,ASO,CE,Federal Contract Tower,0,10,6,11,27,0,0,9,4,13,0,10,15,15,40,2,14,16,56
07/07/2010,GTR,MS,ASO,CE,Federal Contract Tower,0,7,9,19,35,0,0,21,5,26,0,7,30,24,61,12,4,16,77
07/08/2010,GTR,MS,ASO,CE,Federal Contract Tower,0,10,14,11,35,0,2,33,9,44,0,12,47,20,79,8,4,12,91
07/09/2010,GTR,MS,ASO,CE,Federal Contract Tower,0,9,5,16,30,0,0,11,8,19,0,9,16,24,49,6,36,42,91
07/10/2010,GTR,MS,ASO,CE,Federal Contract Tower,0,7,4,32,43,0,0,9,0,9,0,7,13,32,52,8,8,16,68
07/11/2010,GTR,MS,ASO,CE,Federal Contract Tower,0,8,2,17,27,0,0,7,3,10,0,8,9,20,37,0,10,10,47
07/12/2010,GTR,MS,ASO,CE,Federal Contract Tower,0,12,6,16,34,0,0,25,6,31,0,12,31,22,65,6,24,30,95
07/13/2010,GTR,MS,ASO,CE,Federal Contract Tower,0,7,6,18,31,0,0,19,3,22,0,7,25,21,53,12,32,44,97
07/14/2010,GTR,MS,ASO,CE,Federal Contract Tower,0,7,8,8,23,0,2,25,4,31,0,9,33,12,54,6,16,22,76
07/15/2010,GTR,MS,ASO,CE,Federal Contract Tower,0,7,7,19,33,0,0,24,5,29,0,7,31,24,62,16,8,24,86
07/16/2010,GTR,MS,ASO,CE,Federal Contract Tower,0,7,8,10,25,0,0,13,0,13,0,7,21,10,38,8,2,10,48
07/17/2010,GTR,MS,ASO,CE,Federal Contract Tower,0,9,2,11,22,0,0,4,2,6,0,9,6,13,28,0,30,30,58
07/18/2010,GTR,MS,ASO,CE,Federal Contract Tower,0,7,3,18,28,0,0,5,0,5,0,7,8,18,33,4,12,16,49
07/19/2010,GTR,MS,ASO,CE,Federal Contract Tower,0,7,13,19,39,0,0,10,7,17,0,7,23,26,56,18,36,54,110
07/20/2010,GTR,MS,ASO,CE,Federal Contract Tower,0,8,2,20,30,0,0,27,5,32,0,8,29,25,62,28,16,44,106
07/21/2010,GTR,MS,ASO,CE,Federal Contract Tower,0,8,3,16,27,0,2,19,5,26,0,10,22,21,53,20,18,38,91
07/22/2010,GTR,MS,ASO,CE,Federal Contract Tower,0,7,8,6,21,0,0,13,9,22,0,7,21,15,43,32,32,64,107
07/23/2010,GTR,MS,ASO,CE,Federal Contract Tower,0,6,11,6,23,0,0,29,1,30,0,6,40,7,53,18,0,18,71
07/24/2010,GTR,MS,ASO,CE,Federal Contract Tower,0,7,1,0,8,0,0,19,0,19,0,7,20,0,27,26,0,26,53
07/25/2010,GTR,MS,ASO,CE,Federal Contract Tower,0,9,4,10,23,0,0,9,2,11,0,9,13,12,34,0,0,0,34
07/26/2010,GTR,MS,ASO,CE,Federal Contract Tower,0,7,6,16,29,0,0,18,2,20,0,7,24,18,49,2,24,26,75
07/27/2010,GTR,MS,ASO,CE,Federal Contract Tower,0,8,2,9,19,0,0,27,3,30,0,8,29,12,49,10,0,10,59
07/28/2010,GTR,MS,ASO,CE,Federal Contract Tower,0,9,6,19,34,0,0,26,3,29,0,9,32,22,63,16,22,38,101
07/29/2010,GTR,MS,ASO,CE,Federal Contract Tower,0,7,7,10,24,0,0,33,8,41,0,7,40,18,65,18,16,34,99
07/30/2010,GTR,MS,ASO,CE,Federal Contract Tower,0,7,10,12,29,0,0,18,3,21,0,7,28,15,50,0,10,10,60
07/31/2010,GTR,MS,ASO,CE,Federal Contract Tower,0,8,9,3,20,0,1,7,4,12,0,9,16,7,32,4,22,26,58
08/01/2010,GTR,MS,ASO,CE,Federal Contract Tower,0,7,4,10,21,0,0,2,0,2,0,7,6,10,23,0,0,0,23
08/02/2010,GTR,MS,ASO,CE,Federal Contract Tower,0,8,5,5,18,0,0,8,1,9,0,8,13,6,27,6,0,6,33
08/03/2010,GTR,MS,ASO,CE,Federal Contract Tower,0,7,11,24,42,0,0,13,6,19,0,7,24,30,61,0,44,44,105
08/04/2010,GTR,MS,ASO,CE,Federal Contract Tower,0,8,12,19,39,0,0,25,4,29,0,8,37,23,68,16,24,40,108
08/05/2010,GTR,MS,ASO,CE,Federal Contract Tower,0,7,7,11,25,0,0,37,3,40,0,7,44,14,65,26,8,34,99
08/06/2010,GTR,MS,ASO,CE,Federal Contract Tower,0,7,12,17,36,0,0,34,4,38,0,7,46,21,74,30,22,52,126
08/07/2010,GTR,MS,ASO,CE,Federal Contract Tower,0,7,5,5,17,0,0,13,5,18,0,7,18,10,35,0,34,34,69
08/08/2010,GTR,MS,ASO,CE,Federal Contract Tower,0,7,3,17,27,0,0,10,7,17,0,7,13,24,44,6,0,6,50
08/09/2010,GTR,MS,ASO,CE,Federal Contract Tower,0,7,7,27,41,0,0,13,5,18,0,7,20,32,59,14,16,30,89
08/10/2010,GTR,MS,ASO,CE,Federal Contract Tower,0,8,14,45,67,0,0,20,3,23,0,8,34,48,90,34,16,50,140
08/11/2010,GTR,MS,ASO,CE,Federal Contract Tower,0,11,8,17,36,0,0,40,7,47,0,11,48,24,83,16,20,36,119
08/12/2010,GTR,MS,ASO,CE,Federal Contract Tower,0,11,2,15,28,0,2,23,8,33,0,13,25,23,61,16,24,40,101
08/13/2010,GTR,MS,ASO,CE,Federal Contract Tower,0,7,0,14,21,0,2,22,0,24,0,9,22,14,45,0,8,8,53
08/14/2010,GTR,MS,ASO,CE,Federal Contract Tower,0,8,5,0,13,0,2,4,0,6,0,10,9,0,19,0,0,0,19
08/15/2010,GTR,MS,ASO,CE,Federal Contract Tower,0,7,2,10,19,0,0,8,0,8,0,7,10,10,27,0,0,0,27
08/16/2010,GTR,MS,ASO,CE,Federal Contract Tower,0,7,6,19,32,0,0,34,2,36,0,7,40,21,68,26,0,26,94
08/17/2010,GTR,MS,ASO,CE,Federal Contract Tower,0,7,11,14,32,0,0,11,6,17,0,7,22,20,49,0,12,12,61
08/18/2010,GTR,MS,ASO,CE,Federal Contract Tower,0,7,12,36,55,0,0,9,6,15,0,7,21,42,70,2,0,2,72
08/19/2010,GTR,MS,ASO,CE,Federal Contract Tower,0,11,8,24,43,0,0,18,4,22,0,11,26,28,65,0,0,0,65
08/20/2010,GTR,MS,ASO,CE,Federal Contract Tower,0,7,10,12,29,0,2,36,11,49,0,9,46,23,78,24,46,70,148
08/21/2010,GTR,MS,ASO,CE,Federal Contract Tower,0,6,2,1,9,0,2,8,0,10,0,8,10,1,19,10,10,20,39
08/22/2010,GTR,MS,ASO,CE,Federal Contract Tower,0,7,7,7,21,0,0,8,7,15,0,7,15,14,36,18,34,52,88
08/23/2010,GTR,MS,ASO,CE,Federal Contract Tower,0,8,4,6,18,0,4,35,8,47,0,12,39,14,65,6,0,6,71
08/24/2010,GTR,MS,ASO,CE,Federal Contract Tower,0,9,12,16,37,0,2,29,4,35,0,11,41,20,72,10,8,18,90
08/25/2010,GTR,MS,ASO,CE,Federal Contract Tower,0,7,6,8,21,0,4,32,2,38,0,11,38,10,59,10,0,10,69
08/26/2010,GTR,MS,ASO,CE,Federal Contract Tower,0,7,6,12,25,0,0,37,2,39,0,7,43,14,64,34,0,34,98
08/27/2010,GTR,MS,ASO,CE,Federal Contract Tower,0,7,6,1,14,0,0,29,5,34,0,7,35,6,48,20,0,20,68
08/28/2010,GTR,MS,ASO,CE,Federal Contract Tower,0,8,1,0,9,0,0,13,0,13,0,8,14,0,22,0,0,0,22
08/29/2010,GTR,MS,ASO,CE,Federal Contract Tower,0,8,1,2,11,0,0,0,0,0,0,8,1,2,11,0,0,0,11
08/30/2010,GTR,MS,ASO,CE,Federal Contract Tower,0,7,9,21,37,0,0,2,6,8,0,7,11,27,45,0,10,10,55
08/31/2010,GTR,MS,ASO,CE,Federal Contract Tower,0,7,8,19,34,0,1,33,5,39,0,8,41,24,73,10,16,26,99
09/01/2010,GTR,MS,ASO,CE,Federal Contract Tower,0,9,4,10,23,0,0,27,4,31,0,9,31,14,54,26,22,48,102
09/02/2010,GTR,MS,ASO,CE,Federal Contract Tower,0,7,5,20,32,0,0,35,3,38,0,7,40,23,70,0,0,0,70
09/03/2010,GTR,MS,ASO,CE,Federal Contract Tower,0,7,2,19,28,0,0,21,6,27,0,7,23,25,55,6,2,8,63
09/04/2010,GTR,MS,ASO,CE,Federal Contract Tower,0,7,1,8,16,0,0,1,0,1,0,7,2,8,17,0,14,14,31
09/05/2010,GTR,MS,ASO,CE,Federal Contract Tower,0,7,3,14,24,0,0,5,1,6,0,7,8,15,30,14,0,14,44
09/06/2010,GTR,MS,ASO,CE,Federal Contract Tower,0,7,3,5,15,0,0,12,1,13,0,7,15,6,28,0,0,0,28
09/07/2010,GTR,MS,ASO,CE,Federal Contract Tower,0,7,6,22,35,0,0,12,6,18,0,7,18,28,53,2,38,40,93
09/08/2010,GTR,MS,ASO,CE,Federal Contract Tower,0,7,8,10,25,0,0,18,13,31,0,7,26,23,56,0,18,18,74
09/09/2010,GTR,MS,ASO,CE,Federal Contract Tower,0,7,12,22,41,0,0,24,11,35,0,7,36,33,76,2,20,22,98
09/10/2010,GTR,MS,ASO,CE,Federal Contract Tower,0,8,5,8,21,0,0,36,5,41,0,8,41,13,62,8,12,20,82
09/11/2010,GTR,MS,ASO,CE,Federal Contract Tower,0,7,11,18,36,0,0,3,4,7,0,7,14,22,43,4,20,24,67
09/12/2010,GTR,MS,ASO,CE,Federal Contract Tower,0,7,12,11,30,0,0,13,3,16,0,7,25,14,46,0,2,2,48
09/13/2010,GTR,MS,ASO,CE,Federal Contract Tower,0,7,6,24,37,0,2,31,2,35,0,9,37,26,72,4,10,14,86
09/14/2010,GTR,MS,ASO,CE,Federal Contract Tower,0,7,10,15,32,0,0,27,3,30,0,7,37,18,62,6,12,18,80
09/15/2010,GTR,MS,ASO,CE,Federal Contract Tower,0,7,8,12,27,0,0,25,2,27,0,7,33,14,54,0,0,0,54
09/16/2010,GTR,MS,ASO,CE,Federal Contract Tower,0,9,6,45,60,0,0,29,9,38,0,9,35,54,98,0,18,18,116
09/17/2010,GTR,MS,ASO,CE,Federal Contract Tower,2,10,10,21,43,0,0,38,7,45,2,10,48,28,88,14,34,48,136
09/18/2010,GTR,MS,ASO,CE,Federal Contract Tower,0,6,5,9,20,0,4,30,0,34,0,10,35,9,54,14,10,24,78
09/19/2010,GTR,MS,ASO,CE,Federal Contract Tower,0,9,8,9,26,0,0,6,1,7,0,9,14,10,33,2,2,4,37
09/20/2010,GTR,MS,ASO,CE,Federal Contract Tower,0,10,10,19,39,0,0,13,5,18,0,10,23,24,57,14,0,14,71
09/21/2010,GTR,MS,ASO,CE,Federal Contract Tower,0,7,8,19,34,0,0,13,8,21,0,7,21,27,55,12,24,36,91
09/22/2010,GTR,MS,ASO,CE,Federal Contract Tower,0,7,10,19,36,0,0,17,2,19,0,7,27,21,55,6,6,12,67
09/23/2010,GTR,MS,ASO,CE,Federal Contract Tower,0,7,10,16,33,0,0,27,6,33,0,7,37,22,66,0,18,18,84
09/24/2010,GTR,MS,ASO,CE,Federal Contract Tower,0,9,7,14,30,0,0,31,5,36,0,9,38,19,66,18,34,52,118
09/25/2010,GTR,MS,ASO,CE,Federal Contract Tower,0,8,6,5,19,0,0,10,5,15,0,8,16,10,34,6,10,16,50
09/26/2010,GTR,MS,ASO,CE,Federal Contract Tower,0,7,8,2,17,0,0,8,1,9,0,7,16,3,26,0,0,0,26
09/27/2010,GTR,MS,ASO,CE,Federal Contract Tower,0,7,4,27,38,0,1,21,4,26,0,8,25,31,64,12,14,26,90
09/28/2010,GTR,MS,ASO,CE,Federal Contract Tower,0,7,9,10,26,0,0,21,9,30,0,7,30,19,56,0,8,8,64
09/29/2010,GTR,MS,ASO,CE,Federal Contract Tower,0,7,0,18,25,0,0,16,9,25,0,7,16,27,50,16,10,26,76
09/30/2010,GTR,MS,ASO,CE,Federal Contract Tower,0,7,6,17,30,0,0,14,9,23,0,7,20,26,53,4,8,12,65
10/01/2010,GTR,MS,ASO,CE,Federal Contract Tower,0,7,9,10,26,0,0,33,7,40,0,7,42,17,66,4,10,14,80
10/02/2010,GTR,MS,ASO,CE,Federal Contract Tower,0,7,1,1,9,0,0,21,0,21,0,7,22,1,30,8,0,8,38
10/03/2010,GTR,MS,ASO,CE,Federal Contract Tower,0,6,10,10,26,0,0,4,4,8,0,6,14,14,34,0,0,0,34
10/04/2010,GTR,MS,ASO,CE,Federal Contract Tower,0,8,5,0,13,0,0,19,0,19,0,8,24,0,32,12,0,12,44
10/05/2010,GTR,MS,ASO,CE,Federal Contract Tower,0,9,8,13,30,0,0,14,11,25,0,9,22,24,55,0,4,4,59
10/06/2010,GTR,MS,ASO,CE,Federal Contract Tower,0,7,6,21,34,0,0,33,10,43,0,7,39,31,77,4,24,28,105
10/07/2010,GTR,MS,ASO,CE,Federal Contract Tower,0,7,10,31,48,0,0,42,6,48,0,7,52,37,96,4,18,22,118
10/08/2010,GTR,MS,ASO,CE,Federal Contract Tower,2,7,3,13,25,0,0,25,1,26,2,7,28,14,51,2,0,2,53
10/09/2010,GTR,MS,ASO,CE,Federal Contract Tower,0,7,6,0,13,0,4,10,0,14,0,11,16,0,27,0,0,0,27
10/10/2010,GTR,MS,ASO,CE,Federal Contract Tower,0,7,4,5,16,0,0,4,0,4,0,7,8,5,20,6,0,6,26
10/11/2010,GTR,MS,ASO,CE,Federal Contract Tower,0,8,9,1,18,0,0,7,0,7,0,8,16,1,25,0,0,0,25
10/12/2010,GTR,MS,ASO,CE,Federal Contract Tower,0,6,3,14,23,0,0,14,4,18,0,6,17,18,41,8,14,22,63
10/13/2010,GTR,MS,ASO,CE,Federal Contract Tower,0,8,12,13,33,0,0,17,5,22,0,8,29,18,55,0,4,4,59
10/14/2010,GTR,MS,ASO,CE,Federal Contract Tower,0,10,9,36,55,0,0,23,9,32,0,10,32,45,87,6,12,18,105
10/15/2010,GTR,MS,ASO,CE,Federal Contract Tower,2,7,15,20,44,0,0,10,4,14,2,7,25,24,58,0,22,22,80
10/16/2010,GTR,MS,ASO,CE,Federal Contract Tower,0,8,4,3,15,0,0,8,2,10,0,8,12,5,25,22,8,30,55
10/17/2010,GTR,MS,ASO,CE,Federal Contract Tower,0,8,4,16,28,0,2,13,2,17,0,10,17,18,45,0,0,0,45
10/18/2010,GTR,MS,ASO,CE,Federal Contract Tower,0,7,3,2,12,0,0,14,2,16,0,7,17,4,28,0,6,6,34
10/19/2010,GTR,MS,ASO,CE,Federal Contract Tower,0,6,3,0,9,0,0,12,6,18,0,6,15,6,27,12,0,12,39
10/20/2010,GTR,MS,ASO,CE,Federal Contract Tower,0,6,5,14,25,0,0,37,1,38,0,6,42,15,63,2,0,2,65
10/21/2010,GTR,MS,ASO,CE,Federal Contract Tower,0,11,12,2,25,0,0,22,1,23,0,11,34,3,48,6,4,10,58
10/22/2010,GTR,MS,ASO,CE,Federal Contract Tower,0,7,10,0,17,0,0,16,0,16,0,7,26,0,33,2,0,2,35
10/23/2010,GTR,MS,ASO,CE,Federal Contract Tower,0,7,4,0,11,0,2,10,0,12,0,9,14,0,23,10,0,10,33
10/24/2010,GTR,MS,ASO,CE,Federal Contract Tower,0,7,3,3,13,0,0,7,1,8,0,7,10,4,21,0,0,0,21
10/25/2010,GTR,MS,ASO,CE,Federal Contract Tower,0,7,11,18,36,0,0,11,4,15,0,7,22,22,51,0,24,24,75
10/26/2010,GTR,MS,ASO,CE,Federal Contract Tower,0,10,1,10,21,0,0,3,0,3,0,10,4,10,24,0,10,10,34
10/27/2010,GTR,MS,ASO,CE,Federal Contract Tower,0,9,13,16,38,0,0,3,2,5,0,9,16,18,43,4,0,4,47
10/28/2010,GTR,MS,ASO,CE,Federal Contract Tower,0,8,11,13,32,0,0,23,5,28,0,8,34,18,60,0,6,6,66
10/29/2010,GTR,MS,ASO,CE,Federal Contract Tower,0,9,10,25,44,0,0,42,4,46,0,9,52,29,90,20,38,58,148
10/30/2010,GTR,MS,ASO,CE,Federal Contract Tower,0,7,4,1,12,0,0,15,8,23,0,7,19,9,35,6,0,6,41
10/31/2010,GTR,MS,ASO,CE,Federal Contract Tower,0,7,6,2,15,0,0,3,4,7,0,7,9,6,22,0,4,4,26
11/01/2010,GTR,MS,ASO,CE,Federal Contract Tower,0,7,3,13,23,0,0,13,0,13,0,7,16,13,36,16,8,24,60
11/02/2010,GTR,MS,ASO,CE,Federal Contract Tower,0,7,11,15,33,0,0,1,1,2,0,7,12,16,35,0,10,10,45
11/03/2010,GTR,MS,ASO,CE,Federal Contract Tower,0,9,15,10,34,0,0,0,0,0,0,9,15,10,34,0,0,0,34
11/04/2010,GTR,MS,ASO,CE,Federal Contract Tower,0,7,9,4,20,0,3,30,6,39,0,10,39,10,59,8,0,8,67
11/05/2010,GTR,MS,ASO,CE,Federal Contract Tower,0,7,7,11,25,0,0,34,4,38,0,7,41,15,63,8,54,62,125
11/06/2010,GTR,MS,ASO,CE,Federal Contract Tower,0,7,2,3,12,0,0,15,2,17,0,7,17,5,29,0,8,8,37
11/07/2010,GTR,MS,ASO,CE,Federal Contract Tower,0,9,2,4,15,0,0,16,0,16,0,9,18,4,31,4,0,4,35
11/08/2010,GTR,MS,ASO,CE,Federal Contract Tower,0,9,3,13,25,0,4,34,10,48,0,13,37,23,73,10,10,20,93
11/09/2010,GTR,MS,ASO,CE,Federal Contract Tower,0,7,6,19,32,0,0,32,6,38,0,7,38,25,70,4,30,34,104
11/10/2010,GTR,MS,ASO,CE,Federal Contract Tower,0,8,7,12,27,0,0,33,3,36,0,8,40,15,63,14,4,18,81
11/11/2010,GTR,MS,ASO,CE,Federal Contract Tower,0,8,7,5,20,0,2,27,2,31,0,10,34,7,51,6,8,14,65
11/12/2010,GTR,MS,ASO,CE,Federal Contract Tower,0,8,5,13,26,0,0,38,0,38,0,8,43,13,64,4,0,4,68
11/13/2010,GTR,MS,ASO,CE,Federal Contract Tower,0,8,2,2,12,0,0,19,0,19,0,8,21,2,31,0,0,0,31
11/14/2010,GTR,MS,ASO,CE,Federal Contract Tower,0,7,9,6,22,0,2,11,2,15,0,9,20,8,37,0,4,4,41
11/15/2010,GTR,MS,ASO,CE,Federal Contract Tower,0,8,8,32,48,0,0,0,0,0,0,8,8,32,48,0,0,0,48
11/16/2010,GTR,MS,ASO,CE,Federal Contract Tower,0,8,2,8,18,0,0,6,4,10,0,8,8,12,28,4,0,4,32
11/17/2010,GTR,MS,ASO,CE,Federal Contract Tower,0,9,11,26,46,0,0,47,7,54,0,9,58,33,100,26,14,40,140
11/18/2010,GTR,MS,ASO,CE,Federal Contract Tower,0,10,12,21,43,0,0,24,1,25,0,10,36,22,68,0,0,0,68
11/19/2010,GTR,MS,ASO,CE,Federal Contract Tower,0,8,11,15,34,0,0,18,5,23,0,8,29,20,57,0,20,20,77
11/20/2010,GTR,MS,ASO,CE,Federal Contract Tower,0,7,7,5,19,0,4,9,3,16,0,11,16,8,35,2,20,22,57
11/21/2010,GTR,MS,ASO,CE,Federal Contract Tower,0,8,8,11,27,0,0,5,3,8,0,8,13,14,35,0,30,30,65
11/22/2010,GTR,MS,ASO,CE,Federal Contract Tower,0,7,16,20,43,0,0,19,3,22,0,7,35,23,65,42,0,42,107
11/23/2010,GTR,MS,ASO,CE,Federal Contract Tower,0,10,11,6,27,0,0,11,1,12,0,10,22,7,39,0,6,6,45
11/24/2010,GTR,MS,ASO,CE,Federal Contract Tower,0,12,6,4,22,0,0,9,0,9,0,12,15,4,31,0,0,0,31
11/25/2010,GTR,MS,ASO,CE,Federal Contract Tower,0,4,5,0,9,0,0,0,0,0,0,4,5,0,9,0,0,0,9
11/26/2010,GTR,MS,ASO,CE,Federal Contract Tower,0,6,4,0,10,0,0,1,0,1,0,6,5,0,11,0,0,0,11
11/27/2010,GTR,MS,ASO,CE,Federal Contract Tower,0,8,1,0,9,0,0,6,0,6,0,8,7,0,15,8,0,8,23
11/28/2010,GTR,MS,ASO,CE,Federal Contract Tower,0,7,6,0,13,0,0,14,0,14,0,7,20,0,27,0,0,0,27
11/29/2010,GTR,MS,ASO,CE,Federal Contract Tower,0,5,5,6,16,0,0,8,0,8,0,5,13,6,24,0,6,6,30
11/30/2010,GTR,MS,ASO,CE,Federal Contract Tower,0,4,5,8,17,0,0,2,0,2,0,4,7,8,19,0,0,0,19
12/01/2010,GTR,MS,ASO,CE,Federal Contract Tower,0,7,6,22,35,0,0,32,26,58,0,7,38,48,93,4,42,46,139
12/02/2010,GTR,MS,ASO,CE,Federal Contract Tower,0,8,6,20,34,0,0,58,12,70,0,8,64,32,104,12,46,58,162
12/03/2010,GTR,MS,ASO,CE,Federal Contract Tower,0,9,8,20,37,0,0,40,14,54,0,9,48,34,91,6,48,54,145
12/04/2010,GTR,MS,ASO,CE,Federal Contract Tower,0,8,1,35,44,0,2,5,5,12,0,10,6,40,56,0,74,74,130
12/05/2010,GTR,MS,ASO,CE,Federal Contract Tower,0,9,11,28,48,0,2,5,4,11,0,11,16,32,59,0,42,42,101
12/06/2010,GTR,MS,ASO,CE,Federal Contract Tower,0,8,5,21,34,0,0,24,5,29,0,8,29,26,63,34,8,42,105
12/07/2010,GTR,MS,ASO,CE,Federal Contract Tower,0,7,8,17,32,0,0,28,8,36,0,7,36,25,68,6,30,36,104
12/08/2010,GTR,MS,ASO,CE,Federal Contract Tower,0,9,7,41,57,0,2,23,9,34,0,11,30,50,91,10,18,28,119
12/09/2010,GTR,MS,ASO,CE,Federal Contract Tower,0,8,9,23,40,0,0,30,7,37,0,8,39,30,77,12,10,22,99
12/10/2010,GTR,MS,ASO,CE,Federal Contract Tower,0,10,7,27,44,0,0,47,19,66,0,10,54,46,110,28,26,54,164
12/11/2010,GTR,MS,ASO,CE,Federal Contract Tower,0,9,2,1,12,0,0,8,0,8,0,9,10,1,20,2,0,2,22
12/12/2010,GTR,MS,ASO,CE,Federal Contract Tower,0,7,4,10,21,0,0,0,1,1,0,7,4,11,22,0,0,0,22
12/13/2010,GTR,MS,ASO,CE,Federal Contract Tower,0,8,5,13,26,0,0,24,6,30,0,8,29,19,56,0,0,0,56
12/14/2010,GTR,MS,ASO,CE,Federal Contract Tower,0,9,8,18,35,0,2,35,12,49,0,11,43,30,84,16,30,46,130
12/15/2010,GTR,MS,ASO,CE,Federal Contract Tower,0,10,17,12,39,0,0,16,0,16,0,10,33,12,55,8,0,8,63
12/16/2010,GTR,MS,ASO,CE,Federal Contract Tower,0,7,8,4,19,0,0,3,0,3,0,7,11,4,22,0,0,0,22
12/17/2010,GTR,MS,ASO,CE,Federal Contract Tower,0,7,10,26,43,0,0,35,7,42,0,7,45,33,85,6,36,42,127
12/18/2010,GTR,MS,ASO,CE,Federal Contract Tower,0,8,2,7,17,0,0,9,2,11,0,8,11,9,28,4,20,24,52
12/19/2010,GTR,MS,ASO,CE,Federal Contract Tower,0,8,3,4,15,0,0,6,2,8,0,8,9,6,23,0,0,0,23
12/20/2010,GTR,MS,ASO,CE,Federal Contract Tower,0,10,1,16,27,0,0,32,5,37,0,10,33,21,64,20,18,38,102
12/21/2010,GTR,MS,ASO,CE,Federal Contract Tower,0,7,8,29,44,0,0,10,11,21,0,7,18,40,65,10,0,10,75
12/22/2010,GTR,MS,ASO,CE,Federal Contract Tower,0,8,5,3,16,0,0,11,1,12,0,8,16,4,28,0,4,4,32
12/23/2010,GTR,MS,ASO,CE,Federal Contract Tower,0,7,5,0,12,0,4,7,0,11,0,11,12,0,23,0,0,0,23
12/24/2010,GTR,MS,ASO,CE,Federal Contract Tower,0,3,1,0,4,0,0,4,0,4,0,3,5,0,8,0,0,0,8
12/25/2010,GTR,MS,ASO,CE,Federal Contract Tower,0,3,0,0,3,0,0,0,0,0,0,3,0,0,3,0,0,0,3
12/26/2010,GTR,MS,ASO,CE,Federal Contract Tower,2,7,5,0,14,0,0,1,0,1,2,7,6,0,15,0,0,0,15
12/27/2010,GTR,MS,ASO,CE,Federal Contract Tower,0,7,5,0,12,0,0,13,0,13,0,7,18,0,25,0,0,0,25
12/28/2010,GTR,MS,ASO,CE,Federal Contract Tower,0,9,6,0,15,0,4,23,0,27,0,13,29,0,42,0,0,0,42
12/29/2010,GTR,MS,ASO,CE,Federal Contract Tower,0,7,6,14,27,0,0,0,8,8,0,7,6,22,35,0,10,10,45
12/30/2010,GTR,MS,ASO,CE,Federal Contract Tower,0,7,4,0,11,0,0,1,0,1,0,7,5,0,12,0,0,0,12
12/31/2010,GTR,MS,ASO,CE,Federal Contract Tower,0,3,5,0,8,0,0,1,0,1,0,3,6,0,9,0,0,0,9
01/01/2011,GTR,MS,ASO,CE,Federal Contract Tower,1,6,3,0,10,0,4,2,0,6,1,10,5,0,16,0,0,0,16
01/02/2011,GTR,MS,ASO,CE,Federal Contract Tower,0,8,5,2,15,0,0,8,0,8,0,8,13,2,23,0,0,0,23
01/03/2011,GTR,MS,ASO,CE,Federal Contract Tower,0,3,5,0,8,0,4,13,0,17,0,7,18,0,25,0,0,0,25
01/04/2011,GTR,MS,ASO,CE,Federal Contract Tower,0,8,7,26,41,0,0,23,9,32,0,8,30,35,73,12,40,52,125
01/05/2011,GTR,MS,ASO,CE,Federal Contract Tower,0,9,12,12,33,0,0,0,2,2,0,9,12,14,35,0,4,4,39
01/06/2011,GTR,MS,ASO,CE,Federal Contract Tower,0,7,6,12,25,0,0,20,5,25,0,7,26,17,50,6,22,28,78
01/07/2011,GTR,MS,ASO,CE,Federal Contract Tower,0,7,10,15,32,0,0,9,5,14,0,7,19,20,46,0,0,0,46
01/08/2011,GTR,MS,ASO,CE,Federal Contract Tower,0,9,1,5,15,0,2,5,4,11,0,11,6,9,26,0,10,10,36
01/09/2011,GTR,MS,ASO,CE,Federal Contract Tower,0,7,2,11,20,0,0,4,3,7,0,7,6,14,27,2,40,42,69
01/10/2011,GTR,MS,ASO,CE,Federal Contract Tower,0,0,5,0,5,0,0,0,0,0,0,0,5,0,5,0,0,0,5
01/11/2011,GTR,MS,ASO,CE,Federal Contract Tower,0,4,1,16,21,0,0,7,5,12,0,4,8,21,33,0,20,20,53
01/12/2011,GTR,MS,ASO,CE,Federal Contract Tower,0,7,9,18,34,0,2,30,10,42,0,9,39,28,76,20,6,26,102
01/13/2011,GTR,MS,ASO,CE,Federal Contract Tower,0,6,8,25,39,0,2,42,15,59,0,8,50,40,98,16,24,40,138
01/14/2011,GTR,MS,ASO,CE,Federal Contract Tower,0,7,5,14,26,0,0,46,10,56,0,7,51,24,82,12,52,64,146
01/15/2011,GTR,MS,ASO,CE,Federal Contract Tower,0,10,9,8,27,0,0,22,20,42,0,10,31,28,69,8,52,60,129
01/16/2011,GTR,MS,ASO,CE,Federal Contract Tower,0,10,5,5,20,0,0,2,4,6,0,10,7,9,26,0,0,0,26
01/17/2011,GTR,MS,ASO,CE,Federal Contract Tower,0,7,11,6,24,0,0,15,0,15,0,7,26,6,39,0,0,0,39
01/18/2011,GTR,MS,ASO,CE,Federal Contract Tower,0,7,8,67,82,0,0,1,0,1,0,7,9,67,83,0,0,0,83
01/19/2011,GTR,MS,ASO,CE,Federal Contract Tower,0,13,13,32,58,0,0,19,10,29,0,13,32,42,87,0,32,32,119
01/20/2011,GTR,MS,ASO,CE,Federal Contract Tower,0,7,8,21,36,0,0,8,6,14,0,7,16,27,50,0,0,0,50
01/21/2011,GTR,MS,ASO,CE,Federal Contract Tower,0,10,7,12,29,0,6,72,3,81,0,16,79,15,110,22,8,30,140
01/22/2011,GTR,MS,ASO,CE,Federal Contract Tower,0,9,0,4,13,0,0,29,0,29,0,9,29,4,42,24,0,24,66
01/23/2011,GTR,MS,ASO,CE,Federal Contract Tower,0,10,3,14,27,0,0,6,5,11,0,10,9,19,38,4,14,18,56
01/24/2011,GTR,MS,ASO,CE,Federal Contract Tower,0,8,3,10,21,0,0,32,4,36,0,8,35,14,57,20,6,26,83
01/25/2011,GTR,MS,ASO,CE,Federal Contract Tower,0,7,9,1,17,0,0,0,0,0,0,7,9,1,17,0,0,0,17
01/26/2011,GTR,MS,ASO,CE,Federal Contract Tower,0,9,5,13,27,0,0,29,8,37,0,9,34,21,64,18,0,18,82
01/27/2011,GTR,MS,ASO,CE,Federal Contract Tower,0,11,11,9,31,0,0,52,10,62,0,11,63,19,93,18,8,26,119
01/28/2011,GTR,MS,ASO,CE,Federal Contract Tower,0,11,5,18,34,0,0,27,3,30,0,11,32,21,64,12,46,58,122
01/29/2011,GTR,MS,ASO,CE,Federal Contract Tower,0,12,2,31,45,0,2,34,7,43,0,14,36,38,88,10,48,58,146
01/30/2011,GTR,MS,ASO,CE,Federal Contract Tower,0,9,6,12,27,0,0,5,0,5,0,9,11,12,32,6,0,6,38
01/31/2011,GTR,MS,ASO,CE,Federal Contract Tower,0,6,4,38,48,0,0,0,0,0,0,6,4,38,48,0,0,0,48
02/01/2011,GTR,MS,ASO,CE,Federal Contract Tower,0,5,3,0,8,0,0,0,0,0,0,5,3,0,8,0,0,0,8
02/02/2011,GTR,MS,ASO,CE,Federal Contract Tower,0,9,11,12,32,0,0,35,9,44,0,9,46,21,76,32,32,64,140
02/03/2011,GTR,MS,ASO,CE,Federal Contract Tower,0,8,8,15,31,0,0,24,12,36,0,8,32,27,67,8,50,58,125
02/04/2011,GTR,MS,ASO,CE,Federal Contract Tower,0,10,0,4,14,0,0,0,0,0,0,10,0,4,14,0,0,0,14
02/05/2011,GTR,MS,ASO,CE,Federal Contract Tower,0,10,12,6,28,0,0,20,1,21,0,10,32,7,49,22,6,28,77
02/06/2011,GTR,MS,ASO,CE,Federal Contract Tower,0,8,10,12,30,0,1,37,4,42,0,9,47,16,72,26,36,62,134
02/07/2011,GTR,MS,ASO,CE,Federal Contract Tower,0,12,9,27,48,0,0,10,0,10,0,12,19,27,58,10,0,10,68
02/08/2011,GTR,MS,ASO,CE,Federal Contract Tower,0,9,21,20,50,0,4,48,15,67,0,13,69,35,117,6,20,26,143
02/09/2011,GTR,MS,ASO,CE,Federal Contract Tower,0,9,8,13,30,0,0,26,15,41,0,9,34,28,71,22,24,46,117
02/10/2011,GTR,MS,ASO,CE,Federal Contract Tower,0,9,4,13,26,0,0,8,1,9,0,9,12,14,35,2,0,2,37
02/11/2011,GTR,MS,ASO,CE,Federal Contract Tower,0,8,10,14,32,0,0,24,7,31,0,8,34,21,63,4,24,28,91
02/12/2011,GTR,MS,ASO,CE,Federal Contract Tower,0,11,2,20,33,0,0,23,2,25,0,11,25,22,58,24,54,78,136
02/13/2011,GTR,MS,ASO,CE,Federal Contract Tower,0,11,6,15,32,0,2,20,4,26,0,13,26,19,58,0,8,8,66
02/14/2011,GTR,MS,ASO,CE,Federal Contract Tower,0,9,4,16,29,0,0,42,6,48,0,9,46,22,77,4,26,30,107
02/15/2011,GTR,MS,ASO,CE,Federal Contract Tower,0,9,8,20,37,0,0,45,6,51,0,9,53,26,88,18,8,26,114
02/16/2011,GTR,MS,ASO,CE,Federal Contract Tower,0,9,14,25,48,0,2,39,1,42,0,11,53,26,90,20,20,40,130
02/17/2011,GTR,MS,ASO,CE,Federal Contract Tower,0,7,22,17,46,0,2,71,15,88,0,9,93,32,134,56,42,98,232
02/18/2011,GTR,MS,ASO,CE,Federal Contract Tower,0,11,23,11,45,0,0,32,2,34,0,11,55,13,79,8,0,8,87
02/19/2011,GTR,MS,ASO,CE,Federal Contract Tower,0,11,7,4,22,0,0,10,1,11,0,11,17,5,33,0,16,16,49
02/20/2011,GTR,MS,ASO,CE,Federal Contract Tower,0,7,3,2,12,0,0,17,0,17,0,7,20,2,29,4,0,4,33
02/21/2011,GTR,MS,ASO,CE,Federal Contract Tower,0,8,6,6,20,0,0,17,0,17,0,8,23,6,37,6,20,26,63
02/22/2011,GTR,MS,ASO,CE,Federal Contract Tower,0,8,10,18,36,0,0,23,8,31,0,8,33,26,67,14,8,22,89
02/23/2011,GTR,MS,ASO,CE,Federal Contract Tower,0,12,13,7,32,0,0,43,5,48,0,12,56,12,80,8,4,12,92
02/24/2011,GTR,MS,ASO,CE,Federal Contract Tower,0,8,12,13,33,0,0,39,5,44,0,8,51,18,77,6,0,6,83
02/25/2011,GTR,MS,ASO,CE,Federal Contract Tower,0,10,8,20,38,0,0,20,29,49,0,10,28,49,87,38,16,54,141
02/26/2011,GTR,MS,ASO,CE,Federal Contract Tower,0,9,3,0,12,0,2,43,2,47,0,11,46,2,59,26,0,26,85
02/27/2011,GTR,MS,ASO,CE,Federal Contract Tower,0,8,6,2,16,0,2,15,0,17,0,10,21,2,33,6,0,6,39
02/28/2011,GTR,MS,ASO,CE,Federal Contract Tower,0,5,6,4,15,0,0,9,0,9,0,5,15,4,24,14,0,14,38
03/01/2011,GTR,MS,ASO,CE,Federal Contract Tower,0,9,8,18,35,0,0,46,2,48,0,9,54,20,83,36,0,36,119
03/02/2011,GTR,MS,ASO,CE,Federal Contract Tower,0,9,8,15,32,0,0,65,3,68,0,9,73,18,100,34,12,46,146
03/03/2011,GTR,MS,ASO,CE,Federal Contract Tower,0,8,7,9,24,0,0,41,4,45,0,8,48,13,69,34,0,34,103
03/04/2011,GTR,MS,ASO,CE,Federal Contract Tower,0,9,5,19,33,0,0,11,1,12,0,9,16,20,45,4,10,14,59
03/05/2011,GTR,MS,ASO,CE,Federal Contract Tower,0,9,1,0,10,0,0,0,0,0,0,9,1,0,10,0,0,0,10
03/06/2011,GTR,MS,ASO,CE,Federal Contract Tower,0,7,6,0,13,0,0,2,2,4,0,7,8,2,17,0,0,0,17
03/07/2011,GTR,MS,ASO,CE,Federal Contract Tower,0,8,2,17,27,0,0,36,21,57,0,8,38,38,84,46,20,66,150
03/08/2011,GTR,MS,ASO,CE,Federal Contract Tower,0,7,1,2,10,0,0,21,3,24,0,7,22,5,34,0,0,0,34
03/09/2011,GTR,MS,ASO,CE,Federal Contract Tower,0,9,3,47,59,0,0,15,3,18,0,9,18,50,77,2,0,2,79
03/10/2011,GTR,MS,ASO,CE,Federal Contract Tower,0,9,9,40,58,0,2,26,12,40,0,11,35,52,98,12,16,28,126
03/11/2011,GTR,MS,ASO,CE,Federal Contract Tower,0,11,3,8,22,0,0,30,11,41,0,11,33,19,63,60,14,74,137
03/12/2011,GTR,MS,ASO,CE,Federal Contract Tower,0,10,3,0,13,0,6,30,0,36,0,16,33,0,49,44,0,44,93
03/13/2011,GTR,MS,ASO,CE,Federal Contract Tower,0,8,1,2,11,0,0,10,0,10,0,8,11,2,21,10,0,10,31
03/14/2011,GTR,MS,ASO,CE,Federal Contract Tower,0,7,6,1,14,0,0,19,1,20,0,7,25,2,34,0,0,0,34
03/15/2011,GTR,MS,ASO,CE,Federal Contract Tower,0,9,8,16,33,0,0,72,25,97,0,9,80,41,130,28,10,38,168
03/16/2011,GTR,MS,ASO,CE,Federal Contract Tower,0,10,11,8,29,0,0,51,6,57,0,10,62,14,86,14,4,18,104
03/17/2011,GTR,MS,ASO,CE,Federal Contract Tower,0,7,21,24,52,0,0,64,5,69,0,7,85,29,121,20,8,28,149
03/18/2011,GTR,MS,ASO,CE,Federal Contract Tower,0,10,11,16,37,0,0,50,0,50,0,10,61,16,87,90,2,92,179
03/19/2011,GTR,MS,ASO,CE,Federal Contract Tower,0,7,2,0,9,0,0,36,0,36,0,7,38,0,45,16,0,16,61
03/20/2011,GTR,MS,ASO,CE,Federal Contract Tower,0,8,5,2,15,0,3,14,0,17,0,11,19,2,32,6,0,6,38
03/21/2011,GTR,MS,ASO,CE,Federal Contract Tower,0,11,6,24,41,0,0,25,8,33,0,11,31,32,74,14,18,32,106
03/22/2011,GTR,MS,ASO,CE,Federal Contract Tower,0,7,7,19,33,0,0,28,8,36,0,7,35,27,69,14,16,30,99
03/23/2011,GTR,MS,ASO,CE,Federal Contract Tower,0,7,11,18,36,0,0,13,4,17,0,7,24,22,53,0,14,14,67
03/24/2011,GTR,MS,ASO,CE,Federal Contract Tower,0,6,15,16,37,0,2,43,14,59,0,8,58,30,96,0,32,32,128
03/25/2011,GTR,MS,ASO,CE,Federal Contract Tower,0,8,3,13,24,0,0,58,9,67,0,8,61,22,91,10,2,12,103
03/26/2011,GTR,MS,ASO,CE,Federal Contract Tower,0,8,2,1,11,0,0,13,0,13,0,8,15,1,24,4,0,4,28
03/27/2011,GTR,MS,ASO,CE,Federal Contract Tower,0,7,9,11,27,0,0,0,0,0,0,7,9,11,27,0,0,0,27
03/28/2011,GTR,MS,ASO,CE,Federal Contract Tower,0,8,7,10,25,0,0,6,4,10,0,8,13,14,35,6,8,14,49
03/29/2011,GTR,MS,ASO,CE,Federal Contract Tower,0,7,7,30,44,0,0,0,2,2,0,7,7,32,46,0,0,0,46
03/30/2011,GTR,MS,ASO,CE,Federal Contract Tower,0,7,6,6,19,0,0,4,0,4,0,7,10,6,23,4,0,4,27
03/31/2011,GTR,MS,ASO,CE,Federal Contract Tower,0,10,11,36,57,0,0,59,10,69,0,10,70,46,126,50,50,100,226
04/01/2011,GTR,MS,ASO,CE,Federal Contract Tower,0,4,17,20,41,0,0,39,5,44,0,4,56,25,85,36,12,48,133
04/02/2011,GTR,MS,ASO,CE,Federal Contract Tower,0,3,2,0,5,0,7,21,6,34,0,10,23,6,39,88,0,88,127
04/03/2011,GTR,MS,ASO,CE,Federal Contract Tower,0,3,5,10,18,0,0,15,0,15,0,3,20,10,33,62,0,62,95
04/04/2011,GTR,MS,ASO,CE,Federal Contract Tower,0,4,2,2,8,0,0,2,6,8,0,4,4,8,16,0,0,0,16
04/05/2011,GTR,MS,ASO,CE,Federal Contract Tower,0,5,7,20,32,0,0,21,10,31,0,5,28,30,63,22,40,62,125
04/06/2011,GTR,MS,ASO,CE,Federal Contract Tower,0,6,10,7,23,0,0,37,4,41,0,6,47,11,64,6,38,44,108
04/07/2011,GTR,MS,ASO,CE,Federal Contract Tower,0,5,7,11,23,0,0,31,15,46,0,5,38,26,69,6,18,24,93
04/08/2011,GTR,MS,ASO,CE,Federal Contract Tower,0,5,7,14,26,0,0,38,1,39,0,5,45,15,65,0,14,14,79
04/09/2011,GTR,MS,ASO,CE,Federal Contract Tower,0,3,7,0,10,0,0,26,0,26,0,3,33,0,36,10,0,10,46
04/10/2011,GTR,MS,ASO,CE,Federal Contract Tower,0,7,0,6,13,0,0,4,0,4,0,7,4,6,17,0,0,0,17
04/11/2011,GTR,MS,ASO,CE,Federal Contract Tower,0,7,9,14,30,0,0,4,14,18,0,7,13,28,48,2,14,16,64
04/12/2011,GTR,MS,ASO,CE,Federal Contract Tower,0,6,9,9,24,0,0,44,5,49,0,6,53,14,73,18,56,74,147
04/13/2011,GTR,MS,ASO,CE,Federal Contract Tower,0,8,4,16,28,0,0,42,3,45,0,8,46,19,73,78,46,124,197
04/14/2011,GTR,MS,ASO,CE,Federal Contract Tower,0,7,14,14,35,0,0,46,5,51,0,7,60,19,86,44,8,52,138
04/15/2011,GTR,MS,ASO,CE,Federal Contract Tower,0,4,3,0,7,0,0,0,0,0,0,4,3,0,7,0,0,0,7
04/16/2011,GTR,MS,ASO,CE,Federal Contract Tower,0,4,1,0,5,0,0,7,0,7,0,4,8,0,12,0,0,0,12
04/17/2011,GTR,MS,ASO,CE,Federal Contract Tower,0,7,9,0,16,0,2,43,0,45,0,9,52,0,61,50,0,50,111
04/18/2011,GTR,MS,ASO,CE,Federal Contract Tower,0,7,8,19,34,0,0,22,6,28,0,7,30,25,62,12,22,34,96
04/19/2011,GTR,MS,ASO,CE,Federal Contract Tower,0,5,14,21,40,0,0,25,20,45,0,5,39,41,85,2,76,78,163
04/20/2011,GTR,MS,ASO,CE,Federal Contract Tower,0,7,3,0,10,0,4,0,0,4,0,11,3,0,14,0,0,0,14
04/21/2011,GTR,MS,ASO,CE,Federal Contract Tower,0,5,8,0,13,0,0,0,0,0,0,5,8,0,13,0,0,0,13
04/22/2011,GTR,MS,ASO,CE,Federal Contract Tower,0,5,9,18,32,0,0,11,4,15,0,5,20,22,47,8,20,28,75
04/23/2011,GTR,MS,ASO,CE,Federal Contract Tower,0,3,4,8,15,0,0,20,1,21,0,3,24,9,36,0,24,24,60
04/24/2011,GTR,MS,ASO,CE,Federal Contract Tower,0,5,4,3,12,0,0,7,14,21,0,5,11,17,33,0,0,0,33
04/25/2011,GTR,MS,ASO,CE,Federal Contract Tower,0,5,22,27,54,0,0,28,14,42,0,5,50,41,96,36,48,84,180
04/26/2011,GTR,MS,ASO,CE,Federal Contract Tower,0,5,5,26,36,0,0,18,14,32,0,5,23,40,68,14,30,44,112
04/27/2011,GTR,MS,ASO,CE,Federal Contract Tower,0,5,2,9,16,0,0,0,9,9,0,5,2,18,25,0,2,2,27
04/28/2011,GTR,MS,ASO,CE,Federal Contract Tower,0,5,11,21,37,0,2,45,13,60,0,7,56,34,97,0,24,24,121
04/29/2011,GTR,MS,ASO,CE,Federal Contract Tower,0,5,6,22,33,0,0,40,2,42,0,5,46,24,75,0,18,18,93
04/30/2011,GTR,MS,ASO,CE,Federal Contract Tower,0,5,6,8,19,0,4,23,1,28,0,9,29,9,47,8,4,12,59
05/01/2011,GTR,MS,ASO,CE,Federal Contract Tower,0,5,10,16,31,0,0,5,3,8,0,5,15,19,39,0,18,18,57
05/02/2011,GTR,MS,ASO,CE,Federal Contract Tower,0,7,6,20,33,0,0,17,16,33,0,7,23,36,66,12,6,18,84
05/03/2011,GTR,MS,ASO,CE,Federal Contract Tower,0,8,5,14,27,0,0,3,1,4,0,8,8,15,31,0,0,0,31
05/04/2011,GTR,MS,ASO,CE,Federal Contract Tower,0,7,13,8,28,0,1,60,4,65,0,8,73,12,93,12,8,20,113
05/05/2011,GTR,MS,ASO,CE,Federal Contract Tower,0,6,9,7,22,0,12,44,7,63,0,18,53,14,85,4,22,26,111
05/06/2011,GTR,MS,ASO,CE,Federal Contract Tower,0,7,11,7,25,0,4,27,7,38,0,11,38,14,63,10,6,16,79
05/07/2011,GTR,MS,ASO,CE,Federal Contract Tower,0,4,2,2,8,0,2,22,0,24,0,6,24,2,32,2,0,2,34
05/08/2011,GTR,MS,ASO,CE,Federal Contract Tower,0,5,6,1,12,0,0,18,2,20,0,5,24,3,32,4,0,4,36
05/09/2011,GTR,MS,ASO,CE,Federal Contract Tower,0,7,4,11,22,0,0,48,11,59,0,7,52,22,81,16,8,24,105
05/10/2011,GTR,MS,ASO,CE,Federal Contract Tower,0,5,11,10,26,0,0,31,14,45,0,5,42,24,71,10,14,24,95
05/11/2011,GTR,MS,ASO,CE,Federal Contract Tower,0,7,1,6,14,0,0,23,6,29,0,7,24,12,43,8,40,48,91
05/12/2011,GTR,MS,ASO,CE,Federal Contract Tower,0,8,6,14,28,0,0,34,7,41,0,8,40,21,69,12,40,52,121
05/13/2011,GTR,MS,ASO,CE,Federal Contract Tower,0,5,1,1,7,0,0,13,2,15,0,5,14,3,22,0,0,0,22
05/14/2011,GTR,MS,ASO,CE,Federal Contract Tower,0,3,5,8,16,0,0,6,0,6,0,3,11,8,22,0,4,4,26
05/15/2011,GTR,MS,ASO,CE,Federal Contract Tower,0,5,6,3,14,0,0,2,0,2,0,5,8,3,16,0,0,0,16
05/16/2011,GTR,MS,ASO,CE,Federal Contract Tower,0,8,1,9,18,0,6,19,17,42,0,14,20,26,60,0,0,0,60
05/17/2011,GTR,MS,ASO,CE,Federal Contract Tower,0,26,3,2,31,0,8,36,0,44,0,34,39,2,75,4,0,4,79
05/18/2011,GTR,MS,ASO,CE,Federal Contract Tower,0,6,4,23,33,0,0,20,4,24,0,6,24,27,57,10,0,10,67
05/19/2011,GTR,MS,ASO,CE,Federal Contract Tower,0,5,3,13,21,0,0,36,3,39,0,5,39,16,60,16,0,16,76
05/20/2011,GTR,MS,ASO,CE,Federal Contract Tower,0,5,3,12,20,0,0,22,2,24,0,5,25,14,44,10,14,24,68
05/21/2011,GTR,MS,ASO,CE,Federal Contract Tower,0,3,2,13,18,0,2,22,2,26,0,5,24,15,44,10,6,16,60
05/22/2011,GTR,MS,ASO,CE,Federal Contract Tower,0,6,3,11,20,0,0,11,0,11,0,6,14,11,31,0,0,0,31
05/23/2011,GTR,MS,ASO,CE,Federal Contract Tower,0,8,3,8,19,0,0,24,4,28,0,8,27,12,47,4,8,12,59
05/24/2011,GTR,MS,ASO,CE,Federal Contract Tower,0,6,9,18,33,0,0,22,10,32,0,6,31,28,65,16,20,36,101
05/25/2011,GTR,MS,ASO,CE,Federal Contract Tower,0,6,6,13,25,0,0,18,5,23,0,6,24,18,48,4,16,20,68
05/26/2011,GTR,MS,ASO,CE,Federal Contract Tower,0,2,12,6,20,0,0,13,5,18,0,2,25,11,38,2,10,12,50
05/27/2011,GTR,MS,ASO,CE,Federal Contract Tower,0,4,8,9,21,0,0,28,3,31,0,4,36,12,52,0,14,14,66
05/28/2011,GTR,MS,ASO,CE,Federal Contract Tower,0,3,5,0,8,0,2,4,0,6,0,5,9,0,14,6,0,6,20
05/29/2011,GTR,MS,ASO,CE,Federal Contract Tower,0,5,3,0,8,0,0,8,0,8,0,5,11,0,16,24,0,24,40
05/30/2011,GTR,MS,ASO,CE,Federal Contract Tower,0,7,5,1,13,0,0,17,0,17,0,7,22,1,30,4,0,4,34
05/31/2011,GTR,MS,ASO,CE,Federal Contract Tower,0,5,4,18,27,0,0,37,7,44,0,5,41,25,71,16,16,32,103
06/01/2011,GTR,MS,ASO,CE,Federal Contract Tower,0,7,7,7,21,0,0,19,5,24,0,7,26,12,45,2,0,2,47
06/02/2011,GTR,MS,ASO,CE,Federal Contract Tower,0,3,10,14,27,0,0,39,10,49,0,3,49,24,76,12,2,14,90
06/03/2011,GTR,MS,ASO,CE,Federal Contract Tower,0,9,17,22,48,0,0,25,10,35,0,9,42,32,83,12,28,40,123
06/04/2011,GTR,MS,ASO,CE,Federal Contract Tower,0,4,7,4,15,0,0,9,4,13,0,4,16,8,28,12,0,12,40
06/05/2011,GTR,MS,ASO,CE,Federal Contract Tower,0,6,10,7,23,0,0,21,0,21,0,6,31,7,44,0,0,0,44
06/06/2011,GTR,MS,ASO,CE,Federal Contract Tower,0,16,6,1,23,0,2,17,6,25,0,18,23,7,48,28,0,28,76
06/07/2011,GTR,MS,ASO,CE,Federal Contract Tower,0,10,10,22,42,0,0,14,7,21,0,10,24,29,63,2,0,2,65
06/08/2011,GTR,MS,ASO,CE,Federal Contract Tower,0,5,6,14,25,0,0,12,7,19,0,5,18,21,44,4,42,46,90
06/09/2011,GTR,MS,ASO,CE,Federal Contract Tower,0,6,10,16,32,0,0,37,8,45,0,6,47,24,77,14,8,22,99
06/10/2011,GTR,MS,ASO,CE,Federal Contract Tower,0,5,6,19,30,0,0,31,8,39,0,5,37,27,69,24,30,54,123
06/11/2011,GTR,MS,ASO,CE,Federal Contract Tower,0,4,12,2,18,0,2,16,0,18,0,6,28,2,36,40,16,56,92
06/12/2011,GTR,MS,ASO,CE,Federal Contract Tower,0,5,10,7,22,0,20,10,0,30,0,25,20,7,52,20,0,20,72
06/13/2011,GTR,MS,ASO,CE,Federal Contract Tower,0,6,0,17,23,0,0,27,3,30,0,6,27,20,53,10,20,30,83
06/14/2011,GTR,MS,ASO,CE,Federal Contract Tower,0,9,13,18,40,0,0,12,16,28,0,9,25,34,68,4,30,34,102
06/15/2011,GTR,MS,ASO,CE,Federal Contract Tower,0,6,3,23,32,0,0,13,14,27,0,6,16,37,59,4,22,26,85
06/16/2011,GTR,MS,ASO,CE,Federal Contract Tower,0,4,8,23,35,0,0,14,8,22,0,4,22,31,57,18,52,70,127
06/17/2011,GTR,MS,ASO,CE,Federal Contract Tower,0,6,5,20,31,0,4,39,2,45,0,10,44,22,76,0,4,4,80
06/18/2011,GTR,MS,ASO,CE,Federal Contract Tower,0,5,3,0,8,0,2,22,0,24,0,7,25,0,32,28,0,28,60
06/19/2011,GTR,MS,ASO,CE,Federal Contract Tower,0,5,7,6,18,0,2,18,2,22,0,7,25,8,40,22,8,30,70
06/20/2011,GTR,MS,ASO,CE,Federal Contract Tower,0,5,8,21,34,0,0,22,6,28,0,5,30,27,62,34,8,42,104
06/21/2011,GTR,MS,ASO,CE,Federal Contract Tower,0,5,7,9,21,0,0,16,3,19,0,5,23,12,40,4,0,4,44
06/22/2011,GTR,MS,ASO,CE,Federal Contract Tower,0,4,8,11,23,0,0,2,1,3,0,4,10,12,26,0,6,6,32
06/23/2011,GTR,MS,ASO,CE,Federal Contract Tower,0,7,14,18,39,0,0,49,16,65,0,7,63,34,104,16,2,18,122
06/24/2011,GTR,MS,ASO,CE,Federal Contract Tower,0,4,10,22,36,0,2,25,18,45,0,6,35,40,81,12,8,20,101
06/25/2011,GTR,MS,ASO,CE,Federal Contract Tower,0,3,5,1,9,0,2,25,3,30,0,5,30,4,39,22,0,22,61
06/26/2011,GTR,MS,ASO,CE,Federal Contract Tower,0,5,5,25,35,0,0,11,1,12,0,5,16,26,47,0,22,22,69
06/27/2011,GTR,MS,ASO,CE,Federal Contract Tower,0,5,8,18,31,0,0,36,7,43,0,5,44,25,74,6,12,18,92
06/28/2011,GTR,MS,ASO,CE,Federal Contract Tower,0,6,13,17,36,0,0,12,2,14,0,6,25,19,50,18,10,28,78
06/29/2011,GTR,MS,ASO,CE,Federal Contract Tower,0,7,9,7,23,0,1,33,3,37,0,8,42,10,60,22,6,28,88
06/30/2011,GTR,MS,ASO,CE,Federal Contract Tower,0,7,1,14,22,0,0,20,7,27,0,7,21,21,49,20,32,52,101
07/01/2011,GTR,MS,ASO,CE,Federal Contract Tower,0,7,3,4,14,0,0,20,0,20,0,7,23,4,34,4,8,12,46
07/02/2011,GTR,MS,ASO,CE,Federal Contract Tower,0,6,5,0,11,0,0,14,0,14,0,6,19,0,25,10,0,10,35
07/03/2011,GTR,MS,ASO,CE,Federal Contract Tower,0,4,2,0,6,0,0,3,0,3,0,4,5,0,9,0,0,0,9
07/04/2011,GTR,MS,ASO,CE,Federal Contract Tower,0,2,4,0,6,0,0,10,0,10,0,2,14,0,16,0,0,0,16
07/05/2011,GTR,MS,ASO,CE,Federal Contract Tower,0,7,1,16,24,0,0,18,9,27,0,7,19,25,51,14,24,38,89
07/06/2011,GTR,MS,ASO,CE,Federal Contract Tower,0,5,4,22,31,0,0,21,7,28,0,5,25,29,59,8,20,28,87
07/07/2011,GTR,MS,ASO,CE,Federal Contract Tower,0,5,7,22,34,0,0,31,6,37,0,5,38,28,71,42,20,62,133
07/08/2011,GTR,MS,ASO,CE,Federal Contract Tower,0,7,5,17,29,0,0,16,1,17,0,7,21,18,46,14,40,54,100
07/09/2011,GTR,MS,ASO,CE,Federal Contract Tower,0,3,2,0,5,0,0,44,0,44,0,3,46,0,49,60,0,60,109
07/10/2011,GTR,MS,ASO,CE,Federal Contract Tower,0,4,3,5,12,0,0,19,0,19,0,4,22,5,31,22,0,22,53
07/11/2011,GTR,MS,ASO,CE,Federal Contract Tower,0,5,4,12,21,0,0,17,2,19,0,5,21,14,40,22,12,34,74
07/12/2011,GTR,MS,ASO,CE,Federal Contract Tower,0,3,10,26,39,0,0,32,10,42,0,3,42,36,81,10,6,16,97
07/13/2011,GTR,MS,ASO,CE,Federal Contract Tower,0,6,3,21,30,0,0,9,4,13,0,6,12,25,43,8,8,16,59
07/14/2011,GTR,MS,ASO,CE,Federal Contract Tower,0,8,14,30,52,0,0,29,11,40,0,8,43,41,92,6,64,70,162
07/15/2011,GTR,MS,ASO,CE,Federal Contract Tower,0,7,13,18,38,0,0,23,8,31,0,7,36,26,69,0,36,36,105
07/16/2011,GTR,MS,ASO,CE,Federal Contract Tower,0,3,8,4,15,0,0,11,0,11,0,3,19,4,26,2,0,2,28
07/17/2011,GTR,MS,ASO,CE,Federal Contract Tower,0,7,13,6,26,0,0,2,4,6,0,7,15,10,32,2,0,2,34
07/18/2011,GTR,MS,ASO,CE,Federal Contract Tower,0,5,15,24,44,0,0,14,18,32,0,5,29,42,76,10,22,32,108
07/19/2011,GTR,MS,ASO,CE,Federal Contract Tower,0,6,5,14,25,0,0,44,12,56,0,6,49,26,81,2,46,48,129
07/20/2011,GTR,MS,ASO,CE,Federal Contract Tower,0,8,6,13,27,0,0,20,5,25,0,8,26,18,52,4,22,26,78
07/21/2011,GTR,MS,ASO,CE,Federal Contract Tower,0,7,7,36,50,0,0,10,12,22,0,7,17,48,72,6,38,44,116
07/22/2011,GTR,MS,ASO,CE,Federal Contract Tower,0,5,4,24,33,0,4,20,3,27,0,9,24,27,60,2,30,32,92
07/23/2011,GTR,MS,ASO,CE,Federal Contract Tower,0,4,2,0,6,0,2,11,0,13,0,6,13,0,19,18,0,18,37
07/24/2011,GTR,MS,ASO,CE,Federal Contract Tower,0,5,6,9,20,0,0,13,2,15,0,5,19,11,35,18,6,24,59
07/25/2011,GTR,MS,ASO,CE,Federal Contract Tower,0,4,12,26,42,0,2,18,2,22,0,6,30,28,64,24,28,52,116
07/26/2011,GTR,MS,ASO,CE,Federal Contract Tower,0,5,0,11,16,0,0,18,13,31,0,5,18,24,47,0,34,34,81
07/27/2011,GTR,MS,ASO,CE,Federal Contract Tower,0,5,9,7,21,0,0,17,4,21,0,5,26,11,42,2,0,2,44
07/28/2011,GTR,MS,ASO,CE,Federal Contract Tower,0,7,4,28,39,0,0,25,22,47,0,7,29,50,86,6,36,42,128
07/29/2011,GTR,MS,ASO,CE,Federal Contract Tower,0,6,6,33,45,0,0,13,17,30,0,6,19,50,75,2,14,16,91
07/30/2011,GTR,MS,ASO,CE,Federal Contract Tower,0,3,1,1,5,0,2,23,0,25,0,5,24,1,30,22,0,22,52
07/31/2011,GTR,MS,ASO,CE,Federal Contract Tower,0,6,1,0,7,0,0,12,0,12,0,6,13,0,19,22,0,22,41
08/01/2011,GTR,MS,ASO,CE,Federal Contract Tower,0,7,5,11,23,0,0,13,5,18,0,7,18,16,41,4,12,16,57
08/02/2011,GTR,MS,ASO,CE,Federal Contract Tower,0,7,7,15,29,0,0,35,3,38,0,7,42,18,67,2,14,16,83
08/03/2011,GTR,MS,ASO,CE,Federal Contract Tower,0,5,6,7,18,0,0,21,3,24,0,5,27,10,42,0,8,8,50
08/04/2011,GTR,MS,ASO,CE,Federal Contract Tower,0,7,10,13,30,0,0,20,7,27,0,7,30,20,57,26,0,26,83
08/05/2011,GTR,MS,ASO,CE,Federal Contract Tower,0,6,14,1,21,0,4,25,4,33,0,10,39,5,54,20,0,20,74
08/06/2011,GTR,MS,ASO,CE,Federal Contract Tower,0,3,4,0,7,0,2,29,0,31,0,5,33,0,38,12,0,12,50
08/07/2011,GTR,MS,ASO,CE,Federal Contract Tower,0,5,0,0,5,0,0,12,0,12,0,5,12,0,17,4,0,4,21
08/08/2011,GTR,MS,ASO,CE,Federal Contract Tower,0,5,1,9,15,0,0,10,4,14,0,5,11,13,29,12,12,24,53
08/09/2011,GTR,MS,ASO,CE,Federal Contract Tower,0,5,3,9,17,0,3,44,9,56,0,8,47,18,73,30,14,44,117
08/10/2011,GTR,MS,ASO,CE,Federal Contract Tower,0,6,7,7,20,0,0,28,4,32,0,6,35,11,52,26,0,26,78
08/11/2011,GTR,MS,ASO,CE,Federal Contract Tower,0,6,16,20,42,0,0,17,10,27,0,6,33,30,69,6,84,90,159
08/12/2011,GTR,MS,ASO,CE,Federal Contract Tower,0,8,5,9,22,0,0,44,1,45,0,8,49,10,67,46,0,46,113
08/13/2011,GTR,MS,ASO,CE,Federal Contract Tower,0,5,0,0,5,0,2,6,0,8,0,7,6,0,13,0,0,0,13
08/14/2011,GTR,MS,ASO,CE,Federal Contract Tower,0,8,5,6,19,0,2,8,0,10,0,10,13,6,29,2,6,8,37
08/15/2011,GTR,MS,ASO,CE,Federal Contract Tower,0,5,2,3,10,0,0,29,3,32,0,5,31,6,42,4,20,24,66
08/16/2011,GTR,MS,ASO,CE,Federal Contract Tower,0,6,4,12,22,0,0,42,5,47,0,6,46,17,69,8,24,32,101
08/17/2011,GTR,MS,ASO,CE,Federal Contract Tower,0,9,3,9,21,0,0,37,4,41,0,9,40,13,62,24,14,38,100
08/18/2011,GTR,MS,ASO,CE,Federal Contract Tower,0,12,4,3,19,0,25,28,1,54,0,37,32,4,73,2,2,4,77
08/19/2011,GTR,MS,ASO,CE,Federal Contract Tower,0,5,6,23,34,0,0,28,4,32,0,5,34,27,66,22,30,52,118
08/20/2011,GTR,MS,ASO,CE,Federal Contract Tower,0,3,2,1,6,0,2,20,0,22,0,5,22,1,28,0,0,0,28
08/21/2011,GTR,MS,ASO,CE,Federal Contract Tower,0,5,5,6,16,0,0,23,0,23,0,5,28,6,39,4,0,4,43
08/22/2011,GTR,MS,ASO,CE,Federal Contract Tower,0,5,3,23,31,0,0,40,10,50,0,5,43,33,81,8,0,8,89
08/23/2011,GTR,MS,ASO,CE,Federal Contract Tower,0,6,8,13,27,0,0,32,5,37,0,6,40,18,64,16,18,34,98
08/24/2011,GTR,MS,ASO,CE,Federal Contract Tower,0,7,4,33,44,0,4,32,2,38,0,11,36,35,82,14,26,40,122
08/25/2011,GTR,MS,ASO,CE,Federal Contract Tower,0,8,3,14,25,0,0,32,12,44,0,8,35,26,69,18,56,74,143
08/26/2011,GTR,MS,ASO,CE,Federal Contract Tower,0,7,5,10,22,0,2,40,9,51,0,9,45,19,73,28,32,60,133
08/27/2011,GTR,MS,ASO,CE,Federal Contract Tower,0,3,2,9,14,0,2,33,0,35,0,5,35,9,49,10,0,10,59
08/28/2011,GTR,MS,ASO,CE,Federal Contract Tower,0,7,7,6,20,0,0,20,5,25,0,7,27,11,45,16,4,20,65
08/29/2011,GTR,MS,ASO,CE,Federal Contract Tower,0,5,4,15,24,0,2,24,8,34,0,7,28,23,58,34,6,40,98
08/30/2011,GTR,MS,ASO,CE,Federal Contract Tower,0,6,5,19,30,0,1,16,12,29,0,7,21,31,59,20,48,68,127
08/31/2011,GTR,MS,ASO,CE,Federal Contract Tower,0,8,4,8,20,0,0,12,8,20,0,8,16,16,40,8,16,24,64
09/01/2011,GTR,MS,ASO,CE,Federal Contract Tower,0,8,2,21,31,0,0,6,5,11,0,8,8,26,42,8,58,66,108
09/02/2011,GTR,MS,ASO,CE,Federal Contract Tower,0,5,21,15,41,0,0,21,3,24,0,5,42,18,65,16,32,48,113
09/03/2011,GTR,MS,ASO,CE,Federal Contract Tower,0,3,11,0,14,0,0,11,0,11,0,3,22,0,25,0,0,0,25
09/04/2011,GTR,MS,ASO,CE,Federal Contract Tower,0,3,14,0,17,0,0,2,0,2,0,3,16,0,19,6,0,6,25
09/05/2011,GTR,MS,ASO,CE,Federal Contract Tower,0,5,2,1,8,0,0,0,0,0,0,5,2,1,8,0,0,0,8
09/06/2011,GTR,MS,ASO,CE,Federal Contract Tower,0,5,10,20,35,0,0,15,3,18,0,5,25,23,53,0,30,30,83
09/07/2011,GTR,MS,ASO,CE,Federal Contract Tower,0,8,17,17,42,0,0,43,5,48,0,8,60,22,90,28,34,62,152
09/08/2011,GTR,MS,ASO,CE,Federal Contract Tower,0,7,13,11,31,0,0,45,4,49,0,7,58,15,80,0,20,20,100
09/09/2011,GTR,MS,ASO,CE,Federal Contract Tower,0,9,20,7,36,0,4,25,5,34,0,13,45,12,70,12,30,42,112
09/10/2011,GTR,MS,ASO,CE,Federal Contract Tower,0,4,5,3,12,0,2,36,2,40,0,6,41,5,52,10,2,12,64
09/11/2011,GTR,MS,ASO,CE,Federal Contract Tower,0,5,4,6,15,0,0,10,0,10,0,5,14,6,25,4,0,4,29
09/12/2011,GTR,MS,ASO,CE,Federal Contract Tower,0,6,3,13,22,0,0,18,4,22,0,6,21,17,44,6,24,30,74
09/13/2011,GTR,MS,ASO,CE,Federal Contract Tower,0,7,4,20,31,0,2,29,4,35,0,9,33,24,66,14,26,40,106
09/14/2011,GTR,MS,ASO,CE,Federal Contract Tower,0,6,8,17,31,0,0,20,11,31,0,6,28,28,62,0,40,40,102
09/15/2011,GTR,MS,ASO,CE,Federal Contract Tower,0,5,39,36,80,0,4,35,27,66,0,9,74,63,146,0,0,0,146
09/16/2011,GTR,MS,ASO,CE,Federal Contract Tower,0,6,8,5,19,0,0,21,8,29,0,6,29,13,48,12,0,12,60
09/17/2011,GTR,MS,ASO,CE,Federal Contract Tower,0,5,3,0,8,0,6,26,0,32,0,11,29,0,40,0,0,0,40
09/18/2011,GTR,MS,ASO,CE,Federal Contract Tower,0,9,1,0,10,0,0,5,0,5,0,9,6,0,15,0,0,0,15
09/19/2011,GTR,MS,ASO,CE,Federal Contract Tower,0,6,7,14,27,0,0,2,3,5,0,6,9,17,32,6,10,16,48
09/20/2011,GTR,MS,ASO,CE,Federal Contract Tower,0,9,10,28,47,0,0,13,3,16,0,9,23,31,63,4,14,18,81
09/21/2011,GTR,MS,ASO,CE,Federal Contract Tower,0,6,11,17,34,0,0,15,3,18,0,6,26,20,52,6,6,12,64
09/22/2011,GTR,MS,ASO,CE,Federal Contract Tower,0,5,10,12,27,0,2,27,9,38,0,7,37,21,65,6,28,34,99
09/23/2011,GTR,MS,ASO,CE,Federal Contract Tower,0,6,9,22,37,0,0,25,2,27,0,6,34,24,64,18,92,110,174
09/24/2011,GTR,MS,ASO,CE,Federal Contract Tower,0,4,4,0,8,0,0,10,0,10,0,4,14,0,18,0,0,0,18
09/25/2011,GTR,MS,ASO,CE,Federal Contract Tower,0,8,6,14,28,0,0,12,6,18,0,8,18,20,46,0,10,10,56
09/26/2011,GTR,MS,ASO,CE,Federal Contract Tower,0,6,9,16,31,0,0,6,0,6,0,6,15,16,37,46,8,54,91
09/27/2011,GTR,MS,ASO,CE,Federal Contract Tower,0,8,5,7,20,0,0,26,3,29,0,8,31,10,49,16,30,46,95
09/28/2011,GTR,MS,ASO,CE,Federal Contract Tower,0,7,10,24,41,0,0,30,8,38,0,7,40,32,79,30,22,52,131
09/29/2011,GTR,MS,ASO,CE,Federal Contract Tower,0,6,13,8,27,0,2,29,2,33,0,8,42,10,60,36,6,42,102
09/30/2011,GTR,MS,ASO,CE,Federal Contract Tower,2,5,6,13,26,0,0,22,5,27,2,5,28,18,53,4,26,30,83
10/01/2011,GTR,MS,ASO,CE,Federal Contract Tower,2,8,9,0,19,0,4,15,0,19,2,12,24,0,38,28,0,28,66
10/02/2011,GTR,MS,ASO,CE,Federal Contract Tower,0,5,2,3,10,0,0,20,5,25,0,5,22,8,35,12,0,12,47
10/03/2011,GTR,MS,ASO,CE,Federal Contract Tower,0,1,6,15,22,0,0,7,6,13,0,1,13,21,35,30,28,58,93
10/04/2011,GTR,MS,ASO,CE,Federal Contract Tower,0,8,3,16,27,0,0,25,9,34,0,8,28,25,61,34,24,58,119
10/05/2011,GTR,MS,ASO,CE,Federal Contract Tower,0,8,3,18,29,0,4,24,15,43,0,12,27,33,72,6,22,28,100
10/06/2011,GTR,MS,ASO,CE,Federal Contract Tower,0,6,9,14,29,0,0,15,5,20,0,6,24,19,49,0,38,38,87
10/07/2011,GTR,MS,ASO,CE,Federal Contract Tower,0,7,11,17,35,0,0,16,11,27,0,7,27,28,62,22,42,64,126
10/08/2011,GTR,MS,ASO,CE,Federal Contract Tower,0,6,0,0,6,0,2,6,0,8,0,8,6,0,14,0,0,0,14
10/09/2011,GTR,MS,ASO,CE,Federal Contract Tower,0,6,6,1,13,0,0,11,0,11,0,6,17,1,24,6,0,6,30
10/10/2011,GTR,MS,ASO,CE,Federal Contract Tower,0,5,6,1,12,0,1,32,1,34,0,6,38,2,46,14,0,14,60
10/11/2011,GTR,MS,ASO,CE,Federal Contract Tower,0,8,7,14,29,0,0,2,0,2,0,8,9,14,31,0,0,0,31
10/12/2011,GTR,MS,ASO,CE,Federal Contract Tower,0,8,4,27,39,0,0,8,0,8,0,8,12,27,47,4,0,4,51
10/13/2011,GTR,MS,ASO,CE,Federal Contract Tower,0,8,6,8,22,0,0,7,4,11,0,8,13,12,33,0,28,28,61
10/14/2011,GTR,MS,ASO,CE,Federal Contract Tower,2,8,6,17,33,0,0,26,8,34,2,8,32,25,67,14,80,94,161
10/15/2011,GTR,MS,ASO,CE,Federal Contract Tower,2,4,3,1,10,0,0,15,0,15,2,4,18,1,25,0,0,0,25
10/16/2011,GTR,MS,ASO,CE,Federal Contract Tower,0,7,3,14,24,0,0,18,4,22,0,7,21,18,46,0,6,6,52
10/17/2011,GTR,MS,ASO,CE,Federal Contract Tower,0,7,5,14,26,0,0,11,9,20,0,7,16,23,46,20,42,62,108
10/18/2011,GTR,MS,ASO,CE,Federal Contract Tower,0,7,8,22,37,0,0,19,11,30,0,7,27,33,67,8,24,32,99
10/19/2011,GTR,MS,ASO,CE,Federal Contract Tower,0,6,7,31,44,0,0,27,22,49,0,6,34,53,93,20,28,48,141
10/20/2011,GTR,MS,ASO,CE,Federal Contract Tower,0,7,2,9,18,0,2,31,3,36,0,9,33,12,54,10,6,16,70
10/21/2011,GTR,MS,ASO,CE,Federal Contract Tower,2,7,6,24,39,0,0,20,11,31,2,7,26,35,70,4,18,22,92
10/22/2011,GTR,MS,ASO,CE,Federal Contract Tower,0,4,4,4,12,0,2,31,0,33,0,6,35,4,45,10,0,10,55
10/23/2011,GTR,MS,ASO,CE,Federal Contract Tower,0,6,5,1,12,0,0,19,0,19,0,6,24,1,31,4,0,4,35
10/24/2011,GTR,MS,ASO,CE,Federal Contract Tower,0,5,13,19,37,0,0,28,7,35,0,5,41,26,72,2,8,10,82
10/25/2011,GTR,MS,ASO,CE,Federal Contract Tower,0,6,8,18,32,0,7,33,6,46,0,13,41,24,78,14,42,56,134
10/26/2011,GTR,MS,ASO,CE,Federal Contract Tower,0,8,11,35,54,0,0,33,15,48,0,8,44,50,102,18,48,66,168
10/27/2011,GTR,MS,ASO,CE,Federal Contract Tower,0,7,2,32,41,0,0,23,14,37,0,7,25,46,78,0,0,0,78
10/28/2011,GTR,MS,ASO,CE,Federal Contract Tower,2,4,9,6,21,0,0,4,0,4,2,4,13,6,25,0,0,0,25
10/29/2011,GTR,MS,ASO,CE,Federal Contract Tower,0,4,6,0,10,0,4,26,0,30,0,8,32,0,40,2,0,2,42
10/30/2011,GTR,MS,ASO,CE,Federal Contract Tower,0,5,11,9,25,0,0,25,1,26,0,5,36,10,51,4,0,4,55
10/31/2011,GTR,MS,ASO,CE,Federal Contract Tower,0,12,10,25,47,0,0,22,11,33,0,12,32,36,80,14,12,26,106
11/01/2011,GTR,MS,ASO,CE,Federal Contract Tower,0,6,6,20,32,0,0,32,3,35,0,6,38,23,67,12,8,20,87
11/02/2011,GTR,MS,ASO,CE,Federal Contract Tower,0,8,2,23,33,0,0,18,15,33,0,8,20,38,66,0,8,8,74
11/03/2011,GTR,MS,ASO,CE,Federal Contract Tower,0,8,6,16,30,0,0,8,10,18,0,8,14,26,48,0,2,2,50
11/04/2011,GTR,MS,ASO,CE,Federal Contract Tower,0,7,5,13,25,0,2,10,37,49,0,9,15,50,74,0,18,18,92
11/05/2011,GTR,MS,ASO,CE,Federal Contract Tower,0,3,7,4,14,0,0,13,3,16,0,3,20,7,30,0,0,0,30
11/06/2011,GTR,MS,ASO,CE,Federal Contract Tower,0,7,8,3,18,0,0,47,0,47,0,7,55,3,65,4,0,4,69
11/07/2011,GTR,MS,ASO,CE,Federal Contract Tower,0,9,3,10,22,0,0,34,4,38,0,9,37,14,60,16,14,30,90
11/08/2011,GTR,MS,ASO,CE,Federal Contract Tower,0,6,6,16,28,0,0,21,6,27,0,6,27,22,55,16,100,116,171
11/09/2011,GTR,MS,ASO,CE,Federal Contract Tower,0,6,13,22,41,0,0,19,15,34,0,6,32,37,75,4,58,62,137
11/10/2011,GTR,MS,ASO,CE,Federal Contract Tower,0,10,12,12,34,0,2,17,7,26,0,12,29,19,60,0,80,80,140
11/11/2011,GTR,MS,ASO,CE,Federal Contract Tower,0,8,12,1,21,0,0,33,0,33,0,8,45,1,54,42,0,42,96
11/12/2011,GTR,MS,ASO,CE,Federal Contract Tower,0,5,6,0,11,0,0,16,0,16,0,5,22,0,27,6,0,6,33
11/13/2011,GTR,MS,ASO,CE,Federal Contract Tower,0,9,3,0,12,0,0,5,0,5,0,9,8,0,17,0,0,0,17
11/14/2011,GTR,MS,ASO,CE,Federal Contract Tower,0,5,8,32,45,0,0,14,8,22,0,5,22,40,67,4,36,40,107
11/15/2011,GTR,MS,ASO,CE,Federal Contract Tower,0,6,5,6,17,0,0,3,9,12,0,6,8,15,29,0,4,4,33
11/16/2011,GTR,MS,ASO,CE,Federal Contract Tower,0,7,19,25,51,0,0,8,21,29,0,7,27,46,80,0,14,14,94
11/17/2011,GTR,MS,ASO,CE,Federal Contract Tower,0,7,10,30,47,0,17,7,0,24,0,24,17,30,71,8,74,82,153
11/18/2011,GTR,MS,ASO,CE,Federal Contract Tower,2,11,15,4,32,0,0,22,6,28,2,11,37,10,60,8,12,20,80
11/19/2011,GTR,MS,ASO,CE,Federal Contract Tower,0,4,14,4,22,0,0,14,4,18,0,4,28,8,40,32,6,38,78
11/20/2011,GTR,MS,ASO,CE,Federal Contract Tower,0,6,6,6,18,0,0,4,1,5,0,6,10,7,23,0,0,0,23
11/21/2011,GTR,MS,ASO,CE,Federal Contract Tower,0,3,9,29,41,0,0,9,15,24,0,3,18,44,65,30,4,34,99
11/22/2011,GTR,MS,ASO,CE,Federal Contract Tower,0,5,3,17,25,0,0,0,0,0,0,5,3,17,25,0,0,0,25
11/23/2011,GTR,MS,ASO,CE,Federal Contract Tower,0,6,8,10,24,0,4,17,52,73,0,10,25,62,97,0,8,8,105
11/24/2011,GTR,MS,ASO,CE,Federal Contract Tower,0,2,1,0,3,0,0,7,0,7,0,2,8,0,10,0,0,0,10
11/25/2011,GTR,MS,ASO,CE,Federal Contract Tower,0,1,4,0,5,0,2,6,0,8,0,3,10,0,13,4,0,4,17
11/26/2011,GTR,MS,ASO,CE,Federal Contract Tower,0,4,4,0,8,0,0,0,0,0,0,4,4,0,8,0,0,0,8
11/27/2011,GTR,MS,ASO,CE,Federal Contract Tower,0,6,7,0,13,0,0,0,0,0,0,6,7,0,13,0,0,0,13
11/28/2011,GTR,MS,ASO,CE,Federal Contract Tower,0,8,2,0,10,0,0,0,0,0,0,8,2,0,10,0,0,0,10
11/29/2011,GTR,MS,ASO,CE,Federal Contract Tower,0,6,4,26,36,0,0,0,2,2,0,6,4,28,38,0,0,0,38
11/30/2011,GTR,MS,ASO,CE,Federal Contract Tower,0,8,10,13,31,0,0,42,5,47,0,8,52,18,78,22,70,92,170
12/01/2011,GTR,MS,ASO,CE,Federal Contract Tower,0,10,11,26,47,0,0,57,6,63,0,10,68,32,110,16,52,68,178
12/02/2011,GTR,MS,ASO,CE,Federal Contract Tower,0,8,15,9,32,0,2,35,10,47,0,10,50,19,79,38,14,52,131
12/03/2011,GTR,MS,ASO,CE,Federal Contract Tower,0,4,5,0,9,0,6,13,0,19,0,10,18,0,28,16,0,16,44
12/04/2011,GTR,MS,ASO,CE,Federal Contract Tower,0,6,4,0,10,0,0,3,0,3,0,6,7,0,13,0,0,0,13
12/05/2011,GTR,MS,ASO,CE,Federal Contract Tower,0,8,11,8,27,0,0,0,16,16,0,8,11,24,43,0,12,12,55
12/06/2011,GTR,MS,ASO,CE,Federal Contract Tower,0,8,5,35,48,0,0,0,0,0,0,8,5,35,48,0,0,0,48
12/07/2011,GTR,MS,ASO,CE,Federal Contract Tower,0,10,8,12,30,0,0,2,12,14,0,10,10,24,44,0,2,2,46
12/08/2011,GTR,MS,ASO,CE,Federal Contract Tower,0,5,6,24,35,0,0,35,9,44,0,5,41,33,79,10,88,98,177
12/09/2011,GTR,MS,ASO,CE,Federal Contract Tower,0,6,5,21,32,0,2,27,7,36,0,8,32,28,68,14,74,88,156
12/10/2011,GTR,MS,ASO,CE,Federal Contract Tower,0,8,5,0,13,0,0,6,0,6,0,8,11,0,19,8,0,8,27
12/11/2011,GTR,MS,ASO,CE,Federal Contract Tower,0,6,11,0,17,0,2,23,0,25,0,8,34,0,42,12,0,12,54
12/12/2011,GTR,MS,ASO,CE,Federal Contract Tower,0,6,7,25,38,0,0,7,24,31,0,6,14,49,69,12,22,34,103
12/13/2011,GTR,MS,ASO,CE,Federal Contract Tower,0,6,16,21,43,0,0,11,1,12,0,6,27,22,55,0,10,10,65
12/14/2011,GTR,MS,ASO,CE,Federal Contract Tower,0,6,16,22,44,0,0,29,5,34,0,6,45,27,78,20,22,42,120
12/15/2011,GTR,MS,ASO,CE,Federal Contract Tower,0,9,19,53,81,0,0,6,0,6,0,9,25,53,87,0,18,18,105
12/16/2011,GTR,MS,ASO,CE,Federal Contract Tower,0,8,11,17,36,0,0,0,0,0,0,8,11,17,36,0,0,0,36
12/17/2011,GTR,MS,ASO,CE,Federal Contract Tower,0,4,7,3,14,0,2,39,5,46,0,6,46,8,60,8,0,8,68
12/18/2011,GTR,MS,ASO,CE,Federal Contract Tower,0,2,6,8,16,0,0,10,8,18,0,2,16,16,34,0,18,18,52
12/19/2011,GTR,MS,ASO,CE,Federal Contract Tower,0,3,0,20,23,0,0,35,6,41,0,3,35,26,64,22,38,60,124
12/20/2011,GTR,MS,ASO,CE,Federal Contract Tower,0,4,11,24,39,0,0,12,2,14,0,4,23,26,53,0,0,0,53
12/21/2011,GTR,MS,ASO,CE,Federal Contract Tower,0,4,13,14,31,0,0,16,5,21,0,4,29,19,52,2,56,58,110
12/22/2011,GTR,MS,ASO,CE,Federal Contract Tower,0,2,5,0,7,0,0,0,0,0,0,2,5,0,7,0,0,0,7
12/23/2011,GTR,MS,ASO,CE,Federal Contract Tower,0,4,17,0,21,0,0,6,0,6,0,4,23,0,27,22,0,22,49
12/24/2011,GTR,MS,ASO,CE,Federal Contract Tower,0,2,3,0,5,0,0,0,0,0,0,2,3,0,5,0,0,0,5
12/25/2011,GTR,MS,ASO,CE,Federal Contract Tower,0,2,1,0,3,0,0,6,0,6,0,2,7,0,9,0,0,0,9
12/26/2011,GTR,MS,ASO,CE,Federal Contract Tower,0,4,0,0,4,0,0,0,0,0,0,4,0,0,4,0,0,0,4
12/27/2011,GTR,MS,ASO,CE,Federal Contract Tower,0,5,3,0,8,0,0,4,0,4,0,5,7,0,12,2,0,2,14
12/28/2011,GTR,MS,ASO,CE,Federal Contract Tower,0,3,3,19,25,0,2,16,19,37,0,5,19,38,62,6,90,96,158
12/29/2011,GTR,MS,ASO,CE,Federal Contract Tower,0,5,4,0,9,0,0,11,0,11,0,5,15,0,20,0,0,0,20
12/30/2011,GTR,MS,ASO,CE,Federal Contract Tower,0,5,0,0,5,0,0,6,10,16,0,5,6,10,21,0,0,0,21
12/31/2011,GTR,MS,ASO,CE,Federal Contract Tower,0,2,1,0,3,0,0,3,0,3,0,2,4,0,6,0,0,0,6
01/01/2012,GTR,MS,ASO,CE,Federal Contract Tower,0,2,1,0,3,0,4,8,0,12,0,6,9,0,15,0,0,0,15
01/02/2012,GTR,MS,ASO,CE,Federal Contract Tower,0,4,1,0,5,0,0,9,0,9,0,4,10,0,14,0,0,0,14
01/03/2012,GTR,MS,ASO,CE,Federal Contract Tower,0,6,3,38,47,0,0,13,21,34,0,6,16,59,81,6,172,178,259
01/04/2012,GTR,MS,ASO,CE,Federal Contract Tower,0,12,9,7,28,0,0,27,5,32,0,12,36,12,60,2,36,38,98
01/05/2012,GTR,MS,ASO,CE,Federal Contract Tower,0,5,9,13,27,0,0,24,8,32,0,5,33,21,59,0,88,88,147
01/06/2012,GTR,MS,ASO,CE,Federal Contract Tower,0,11,17,9,37,0,0,24,3,27,0,11,41,12,64,14,8,22,86
01/07/2012,GTR,MS,ASO,CE,Federal Contract Tower,0,5,1,0,6,0,0,5,0,5,0,5,6,0,11,6,0,6,17
01/08/2012,GTR,MS,ASO,CE,Federal Contract Tower,0,7,9,28,44,0,0,0,0,0,0,7,9,28,44,0,0,0,44
01/09/2012,GTR,MS,ASO,CE,Federal Contract Tower,0,7,8,48,63,0,0,0,0,0,0,7,8,48,63,0,0,0,63
01/10/2012,GTR,MS,ASO,CE,Federal Contract Tower,0,6,6,28,40,0,0,0,0,0,0,6,6,28,40,0,0,0,40
01/11/2012,GTR,MS,ASO,CE,Federal Contract Tower,0,7,9,44,60,0,0,2,2,4,0,7,11,46,64,0,0,0,64
01/12/2012,GTR,MS,ASO,CE,Federal Contract Tower,0,6,11,32,49,0,0,24,18,42,0,6,35,50,91,6,2,8,99
01/13/2012,GTR,MS,ASO,CE,Federal Contract Tower,0,5,14,9,28,0,4,23,5,32,0,9,37,14,60,6,32,38,98
01/14/2012,GTR,MS,ASO,CE,Federal Contract Tower,0,3,2,0,5,0,0,32,3,35,0,3,34,3,40,20,0,20,60
01/15/2012,GTR,MS,ASO,CE,Federal Contract Tower,0,6,0,15,21,0,0,23,1,24,0,6,23,16,45,28,4,32,77
01/16/2012,GTR,MS,ASO,CE,Federal Contract Tower,0,6,9,0,15,0,0,25,0,25,0,6,34,0,40,22,0,22,62
01/17/2012,GTR,MS,ASO,CE,Federal Contract Tower,0,7,6,40,53,0,0,2,1,3,0,7,8,41,56,0,10,10,66
01/18/2012,GTR,MS,ASO,CE,Federal Contract Tower,0,6,14,29,49,0,0,36,9,45,0,6,50,38,94,6,54,60,154
01/19/2012,GTR,MS,ASO,CE,Federal Contract Tower,0,6,9,8,23,0,0,41,2,43,0,6,50,10,66,4,10,14,80
01/20/2012,GTR,MS,ASO,CE,Federal Contract Tower,0,8,6,62,76,0,0,0,0,0,0,8,6,62,76,0,4,4,80
01/21/2012,GTR,MS,ASO,CE,Federal Contract Tower,0,4,6,1,11,0,0,0,0,0,0,4,6,1,11,0,0,0,11
01/22/2012,GTR,MS,ASO,CE,Federal Contract Tower,0,7,1,11,19,0,0,0,0,0,0,7,1,11,19,0,0,0,19
01/23/2012,GTR,MS,ASO,CE,Federal Contract Tower,0,8,9,12,29,0,0,35,4,39,0,8,44,16,68,20,6,26,94
01/24/2012,GTR,MS,ASO,CE,Federal Contract Tower,0,9,16,8,33,0,2,50,6,58,0,11,66,14,91,14,8,22,113
01/25/2012,GTR,MS,ASO,CE,Federal Contract Tower,0,9,26,0,35,0,0,23,0,23,0,9,49,0,58,26,0,26,84
01/26/2012,GTR,MS,ASO,CE,Federal Contract Tower,1,9,4,51,65,0,0,7,10,17,1,9,11,61,82,0,0,0,82
01/27/2012,GTR,MS,ASO,CE,Federal Contract Tower,0,9,6,8,23,0,0,24,5,29,0,9,30,13,52,6,18,24,76
01/28/2012,GTR,MS,ASO,CE,Federal Contract Tower,0,7,8,1,16,0,2,38,0,40,0,9,46,1,56,56,0,56,112
01/29/2012,GTR,MS,ASO,CE,Federal Contract Tower,0,8,3,7,18,0,1,18,1,20,0,9,21,8,38,6,0,6,44
01/30/2012,GTR,MS,ASO,CE,Federal Contract Tower,0,6,6,24,36,0,4,38,6,48,0,10,44,30,84,14,24,38,122
01/31/2012,GTR,MS,ASO,CE,Federal Contract Tower,0,6,18,10,34,0,0,47,6,53,0,6,65,16,87,14,44,58,145
02/01/2012,GTR,MS,ASO,CE,Federal Contract Tower,0,7,19,27,53,0,0,34,5,39,0,7,53,32,92,14,0,14,106
02/02/2012,GTR,MS,ASO,CE,Federal Contract Tower,0,9,25,16,50,0,0,35,9,44,0,9,60,25,94,14,2,16,110
02/03/2012,GTR,MS,ASO,CE,Federal Contract Tower,0,10,5,20,35,0,0,7,7,14,0,10,12,27,49,6,48,54,103
02/04/2012,GTR,MS,ASO,CE,Federal Contract Tower,0,5,2,1,8,0,0,0,0,0,0,5,2,1,8,0,0,0,8
02/05/2012,GTR,MS,ASO,CE,Federal Contract Tower,0,8,1,7,16,0,0,10,1,11,0,8,11,8,27,0,0,0,27
02/06/2012,GTR,MS,ASO,CE,Federal Contract Tower,0,8,11,11,30,0,0,31,14,45,0,8,42,25,75,14,32,46,121
02/07/2012,GTR,MS,ASO,CE,Federal Contract Tower,0,8,8,26,42,0,0,34,10,44,0,8,42,36,86,16,0,16,102
02/08/2012,GTR,MS,ASO,CE,Federal Contract Tower,0,10,13,18,41,0,0,26,7,33,0,10,39,25,74,10,34,44,118
02/09/2012,GTR,MS,ASO,CE,Federal Contract Tower,0,6,14,37,57,0,0,31,19,50,0,6,45,56,107,0,56,56,163
02/10/2012,GTR,MS,ASO,CE,Federal Contract Tower,0,9,6,21,36,0,0,14,1,15,0,9,20,22,51,18,22,40,91
02/11/2012,GTR,MS,ASO,CE,Federal Contract Tower,0,5,2,4,11,0,0,12,0,12,0,5,14,4,23,0,0,0,23
02/12/2012,GTR,MS,ASO,CE,Federal Contract Tower,0,5,5,11,21,0,0,20,1,21,0,5,25,12,42,12,0,12,54
02/13/2012,GTR,MS,ASO,CE,Federal Contract Tower,0,8,2,30,40,0,0,11,12,23,0,8,13,42,63,2,46,48,111
02/14/2012,GTR,MS,ASO,CE,Federal Contract Tower,0,7,7,30,44,0,0,4,2,6,0,7,11,32,50,0,0,0,50
02/15/2012,GTR,MS,ASO,CE,Federal Contract Tower,0,9,20,31,60,0,0,46,6,52,0,9,66,37,112,22,0,22,134
02/16/2012,GTR,MS,ASO,CE,Federal Contract Tower,0,6,10,23,39,0,0,25,8,33,0,6,35,31,72,0,28,28,100
02/17/2012,GTR,MS,ASO,CE,Federal Contract Tower,0,6,8,23,37,0,6,79,18,103,0,12,87,41,140,26,66,92,232
02/18/2012,GTR,MS,ASO,CE,Federal Contract Tower,0,6,7,0,13,0,0,5,0,5,0,6,12,0,18,0,0,0,18
02/19/2012,GTR,MS,ASO,CE,Federal Contract Tower,0,8,1,0,9,0,0,0,0,0,0,8,1,0,9,0,0,0,9
02/20/2012,GTR,MS,ASO,CE,Federal Contract Tower,0,5,2,1,8,0,7,60,0,67,0,12,62,1,75,12,0,12,87
02/21/2012,GTR,MS,ASO,CE,Federal Contract Tower,0,6,7,26,39,0,0,52,7,59,0,6,59,33,98,22,40,62,160
02/22/2012,GTR,MS,ASO,CE,Federal Contract Tower,0,11,11,42,64,0,0,31,23,54,0,11,42,65,118,6,90,96,214
02/23/2012,GTR,MS,ASO,CE,Federal Contract Tower,0,5,9,26,40,0,2,28,7,37,0,7,37,33,77,24,102,126,203
02/24/2012,GTR,MS,ASO,CE,Federal Contract Tower,0,6,8,14,28,0,2,16,3,21,0,8,24,17,49,18,10,28,77
02/25/2012,GTR,MS,ASO,CE,Federal Contract Tower,0,8,5,6,19,0,2,33,0,35,0,10,38,6,54,4,0,4,58
02/26/2012,GTR,MS,ASO,CE,Federal Contract Tower,0,9,4,3,16,0,1,24,0,25,0,10,28,3,41,6,0,6,47
02/27/2012,GTR,MS,ASO,CE,Federal Contract Tower,0,8,9,24,41,0,0,60,9,69,0,8,69,33,110,2,64,66,176
02/28/2012,GTR,MS,ASO,CE,Federal Contract Tower,0,8,11,26,45,0,0,2,8,10,0,8,13,34,55,24,0,24,79
02/29/2012,GTR,MS,ASO,CE,Federal Contract Tower,0,6,9,16,31,0,0,7,10,17,0,6,16,26,48,2,14,16,64
03/01/2012,GTR,MS,ASO,CE,Federal Contract Tower,0,9,12,17,38,0,0,66,8,74,0,9,78,25,112,30,20,50,162
03/02/2012,GTR,MS,ASO,CE,Federal Contract Tower,0,8,4,30,42,0,0,10,9,19,0,8,14,39,61,0,26,26,87
03/03/2012,GTR,MS,ASO,CE,Federal Contract Tower,0,8,5,8,21,0,0,24,0,24,0,8,29,8,45,22,0,22,67
03/04/2012,GTR,MS,ASO,CE,Federal Contract Tower,0,6,2,4,12,0,0,43,0,43,0,6,45,4,55,52,0,52,107
03/05/2012,GTR,MS,ASO,CE,Federal Contract Tower,0,7,3,30,40,0,0,78,8,86,0,7,81,38,126,6,52,58,184
03/06/2012,GTR,MS,ASO,CE,Federal Contract Tower,0,9,13,45,67,0,0,48,21,69,0,9,61,66,136,28,32,60,196
03/07/2012,GTR,MS,ASO,CE,Federal Contract Tower,0,9,13,42,64,0,0,33,33,66,0,9,46,75,130,8,44,52,182
03/08/2012,GTR,MS,ASO,CE,Federal Contract Tower,0,10,16,3,29,0,0,20,4,24,0,10,36,7,53,8,6,14,67
03/09/2012,GTR,MS,ASO,CE,Federal Contract Tower,0,7,12,31,50,0,0,18,31,49,0,7,30,62,99,2,46,48,147
03/10/2012,GTR,MS,ASO,CE,Federal Contract Tower,0,5,3,0,8,0,2,78,0,80,0,7,81,0,88,18,0,18,106
03/11/2012,GTR,MS,ASO,CE,Federal Contract Tower,0,5,3,5,13,0,2,32,2,36,0,7,35,7,49,0,0,0,49
03/12/2012,GTR,MS,ASO,CE,Federal Contract Tower,1,6,8,24,39,0,0,58,5,63,1,6,66,29,102,14,18,32,134
03/13/2012,GTR,MS,ASO,CE,Federal Contract Tower,0,8,12,30,50,0,0,28,6,34,0,8,40,36,84,44,0,44,128
03/14/2012,GTR,MS,ASO,CE,Federal Contract Tower,0,7,9,37,53,0,0,26,8,34,0,7,35,45,87,6,20,26,113
03/15/2012,GTR,MS,ASO,CE,Federal Contract Tower,0,8,15,14,37,0,0,36,12,48,0,8,51,26,85,44,18,62,147
03/16/2012,GTR,MS,ASO,CE,Federal Contract Tower,0,8,12,13,33,0,0,34,10,44,0,8,46,23,77,4,6,10,87
03/17/2012,GTR,MS,ASO,CE,Federal Contract Tower,0,4,11,16,31,0,2,54,1,57,0,6,65,17,88,12,12,24,112
03/18/2012,GTR,MS,ASO,CE,Federal Contract Tower,0,8,3,11,22,0,0,13,1,14,0,8,16,12,36,10,0,10,46
03/19/2012,GTR,MS,ASO,CE,Federal Contract Tower,0,6,6,23,35,0,0,43,11,54,0,6,49,34,89,32,32,64,153
03/20/2012,GTR,MS,ASO,CE,Federal Contract Tower,0,8,5,28,41,0,0,53,7,60,0,8,58,35,101,4,52,56,157
03/21/2012,GTR,MS,ASO,CE,Federal Contract Tower,0,6,15,19,40,0,0,48,13,61,0,6,63,32,101,2,4,6,107
03/22/2012,GTR,MS,ASO,CE,Federal Contract Tower,0,7,21,22,50,0,0,6,0,6,0,7,27,22,56,0,0,0,56
03/23/2012,GTR,MS,ASO,CE,Federal Contract Tower,0,5,16,10,31,0,0,24,9,33,0,5,40,19,64,16,14,30,94
03/24/2012,GTR,MS,ASO,CE,Federal Contract Tower,0,4,10,3,17,0,2,28,0,30,0,6,38,3,47,20,2,22,69
03/25/2012,GTR,MS,ASO,CE,Federal Contract Tower,0,8,8,13,29,0,1,46,4,51,0,9,54,17,80,12,20,32,112
03/26/2012,GTR,MS,ASO,CE,Federal Contract Tower,0,9,4,25,38,0,0,50,10,60,0,9,54,35,98,14,44,58,156
03/27/2012,GTR,MS,ASO,CE,Federal Contract Tower,0,8,6,13,27,0,0,46,9,55,0,8,52,22,82,16,8,24,106
03/28/2012,GTR,MS,ASO,CE,Federal Contract Tower,0,9,11,46,66,0,0,36,22,58,0,9,47,68,124,40,28,68,192
03/29/2012,GTR,MS,ASO,CE,Federal Contract Tower,0,13,13,50,76,0,0,106,18,124,0,13,119,68,200,12,72,84,284
03/30/2012,GTR,MS,ASO,CE,Federal Contract Tower,4,13,14,16,47,0,0,8,0,8,4,13,22,16,55,12,0,12,67
03/31/2012,GTR,MS,ASO,CE,Federal Contract Tower,0,11,5,3,19,0,0,47,0,47,0,11,52,3,66,16,0,16,82
04/01/2012,GTR,MS,ASO,CE,Federal Contract Tower,0,6,2,23,31,0,2,21,4,27,0,8,23,27,58,2,0,2,60
04/02/2012,GTR,MS,ASO,CE,Federal Contract Tower,0,8,6,20,34,0,0,30,15,45,0,8,36,35,79,14,14,28,107
04/03/2012,GTR,MS,ASO,CE,Federal Contract Tower,0,6,17,23,46,0,0,27,9,36,0,6,44,32,82,12,8,20,102
04/04/2012,GTR,MS,ASO,CE,Federal Contract Tower,0,8,19,33,60,0,4,31,15,50,0,12,50,48,110,12,82,94,204
04/05/2012,GTR,MS,ASO,CE,Federal Contract Tower,0,8,18,5,31,0,0,17,6,23,0,8,35,11,54,10,20,30,84
04/06/2012,GTR,MS,ASO,CE,Federal Contract Tower,0,6,16,4,26,0,0,22,9,31,0,6,38,13,57,8,40,48,105
04/07/2012,GTR,MS,ASO,CE,Federal Contract Tower,0,2,1,2,5,0,2,16,0,18,0,4,17,2,23,20,26,46,69
04/08/2012,GTR,MS,ASO,CE,Federal Contract Tower,0,4,4,0,8,0,0,5,0,5,0,4,9,0,13,0,0,0,13
04/09/2012,GTR,MS,ASO,CE,Federal Contract Tower,0,7,9,21,37,0,4,26,15,45,0,11,35,36,82,16,30,46,128
04/10/2012,GTR,MS,ASO,CE,Federal Contract Tower,0,8,2,21,31,0,0,30,7,37,0,8,32,28,68,24,26,50,118
04/11/2012,GTR,MS,ASO,CE,Federal Contract Tower,0,10,5,17,32,0,4,43,3,50,0,14,48,20,82,24,10,34,116
04/12/2012,GTR,MS,ASO,CE,Federal Contract Tower,0,10,14,14,38,0,0,69,4,73,0,10,83,18,111,44,56,100,211
04/13/2012,GTR,MS,ASO,CE,Federal Contract Tower,0,7,5,15,27,0,0,39,10,49,0,7,44,25,76,18,28,46,122
04/14/2012,GTR,MS,ASO,CE,Federal Contract Tower,0,5,2,2,9,0,3,12,1,16,0,8,14,3,25,4,0,4,29
04/15/2012,GTR,MS,ASO,CE,Federal Contract Tower,0,6,2,7,15,0,0,7,3,10,0,6,9,10,25,0,10,10,35
04/16/2012,GTR,MS,ASO,CE,Federal Contract Tower,0,6,6,37,49,0,0,12,4,16,0,6,18,41,65,6,16,22,87
04/17/2012,GTR,MS,ASO,CE,Federal Contract Tower,0,6,12,6,24,0,0,1,0,1,0,6,13,6,25,0,0,0,25
04/18/2012,GTR,MS,ASO,CE,Federal Contract Tower,0,9,13,24,46,0,0,53,14,67,0,9,66,38,113,12,10,22,135
04/19/2012,GTR,MS,ASO,CE,Federal Contract Tower,0,7,18,23,48,0,0,52,9,61,0,7,70,32,109,10,6,16,125
04/20/2012,GTR,MS,ASO,CE,Federal Contract Tower,0,7,15,29,51,0,0,21,12,33,0,7,36,41,84,12,36,48,132
04/21/2012,GTR,MS,ASO,CE,Federal Contract Tower,0,4,0,4,8,0,0,1,0,1,0,4,1,4,9,0,0,0,9
04/22/2012,GTR,MS,ASO,CE,Federal Contract Tower,0,6,4,7,17,0,0,3,1,4,0,6,7,8,21,0,0,0,21
04/23/2012,GTR,MS,ASO,CE,Federal Contract Tower,0,6,9,18,33,0,0,18,11,29,0,6,27,29,62,0,20,20,82
04/24/2012,GTR,MS,ASO,CE,Federal Contract Tower,0,6,2,7,15,0,0,15,3,18,0,6,17,10,33,2,12,14,47
04/25/2012,GTR,MS,ASO,CE,Federal Contract Tower,0,7,6,16,29,0,0,30,8,38,0,7,36,24,67,0,48,48,115
04/26/2012,GTR,MS,ASO,CE,Federal Contract Tower,0,9,15,23,47,0,0,23,12,35,0,9,38,35,82,12,44,56,138
04/27/2012,GTR,MS,ASO,CE,Federal Contract Tower,0,6,14,21,41,0,0,31,13,44,0,6,45,34,85,14,16,30,115
04/28/2012,GTR,MS,ASO,CE,Federal Contract Tower,0,5,2,6,13,0,3,16,2,21,0,8,18,8,34,20,4,24,58
04/29/2012,GTR,MS,ASO,CE,Federal Contract Tower,0,6,3,12,21,0,0,18,0,18,0,6,21,12,39,2,0,2,41
04/30/2012,GTR,MS,ASO,CE,Federal Contract Tower,0,6,11,15,32,0,0,24,8,32,0,6,35,23,64,10,16,26,90
05/01/2012,GTR,MS,ASO,CE,Federal Contract Tower,0,8,17,30,55,0,0,36,21,57,0,8,53,51,112,16,32,48,160
05/02/2012,GTR,MS,ASO,CE,Federal Contract Tower,0,9,18,16,43,0,0,28,6,34,0,9,46,22,77,18,34,52,129
05/03/2012,GTR,MS,ASO,CE,Federal Contract Tower,0,6,10,60,76,0,0,24,17,41,0,6,34,77,117,20,24,44,161
05/04/2012,GTR,MS,ASO,CE,Federal Contract Tower,0,6,6,19,31,0,4,45,34,83,0,10,51,53,114,18,12,30,144
05/05/2012,GTR,MS,ASO,CE,Federal Contract Tower,0,4,3,0,7,0,0,2,3,5,0,4,5,3,12,0,0,0,12
05/06/2012,GTR,MS,ASO,CE,Federal Contract Tower,0,7,15,4,26,0,0,20,2,22,0,7,35,6,48,0,8,8,56
05/07/2012,GTR,MS,ASO,CE,Federal Contract Tower,0,7,16,24,47,0,0,27,3,30,0,7,43,27,77,0,44,44,121
05/08/2012,GTR,MS,ASO,CE,Federal Contract Tower,0,8,8,18,34,0,0,33,8,41,0,8,41,26,75,30,0,30,105
05/09/2012,GTR,MS,ASO,CE,Federal Contract Tower,0,8,10,19,37,0,0,26,14,40,0,8,36,33,77,12,12,24,101
05/10/2012,GTR,MS,ASO,CE,Federal Contract Tower,0,11,6,16,33,0,0,30,7,37,0,11,36,23,70,32,10,42,112
05/11/2012,GTR,MS,ASO,CE,Federal Contract Tower,0,10,11,18,39,0,0,30,16,46,0,10,41,34,85,6,24,30,115
05/12/2012,GTR,MS,ASO,CE,Federal Contract Tower,0,4,12,1,17,0,0,13,0,13,0,4,25,1,30,4,0,4,34
05/13/2012,GTR,MS,ASO,CE,Federal Contract Tower,0,6,19,1,26,0,0,11,5,16,0,6,30,6,42,8,0,8,50
05/14/2012,GTR,MS,ASO,CE,Federal Contract Tower,0,8,8,20,36,0,0,13,20,33,0,8,21,40,69,12,40,52,121
05/15/2012,GTR,MS,ASO,CE,Federal Contract Tower,2,8,8,21,39,0,0,45,16,61,2,8,53,37,100,10,28,38,138
05/16/2012,GTR,MS,ASO,CE,Federal Contract Tower,0,8,15,19,42,0,0,39,6,45,0,8,54,25,87,50,28,78,165
05/17/2012,GTR,MS,ASO,CE,Federal Contract Tower,0,8,3,13,24,0,0,19,12,31,0,8,22,25,55,14,42,56,111
05/18/2012,GTR,MS,ASO,CE,Federal Contract Tower,0,6,6,13,25,0,0,24,11,35,0,6,30,24,60,16,20,36,96
05/19/2012,GTR,MS,ASO,CE,Federal Contract Tower,0,4,2,4,10,0,4,9,6,19,0,8,11,10,29,0,20,20,49
05/20/2012,GTR,MS,ASO,CE,Federal Contract Tower,0,6,5,7,18,0,4,5,0,9,0,10,10,7,27,0,10,10,37
05/21/2012,GTR,MS,ASO,CE,Federal Contract Tower,0,7,10,26,43,0,0,20,15,35,0,7,30,41,78,14,20,34,112
05/22/2012,GTR,MS,ASO,CE,Federal Contract Tower,0,9,7,13,29,0,0,56,11,67,0,9,63,24,96,34,50,84,180
05/23/2012,GTR,MS,ASO,CE,Federal Contract Tower,0,10,8,15,33,0,0,43,5,48,0,10,51,20,81,4,48,52,133
05/24/2012,GTR,MS,ASO,CE,Federal Contract Tower,2,7,3,24,36,0,0,41,6,47,2,7,44,30,83,8,24,32,115
05/25/2012,GTR,MS,ASO,CE,Federal Contract Tower,0,6,11,0,17,0,0,53,2,55,0,6,64,2,72,10,0,10,82
05/26/2012,GTR,MS,ASO,CE,Federal Contract Tower,0,3,4,0,7,0,0,16,0,16,0,3,20,0,23,10,0,10,33
05/27/2012,GTR,MS,ASO,CE,Federal Contract Tower,0,2,5,1,8,0,2,27,1,30,0,4,32,2,38,12,0,12,50
05/28/2012,GTR,MS,ASO,CE,Federal Contract Tower,0,4,3,4,11,0,0,8,0,8,0,4,11,4,19,0,0,0,19
05/29/2012,GTR,MS,ASO,CE,Federal Contract Tower,0,5,12,32,49,0,2,56,5,63,0,7,68,37,112,14,26,40,152
05/30/2012,GTR,MS,ASO,CE,Federal Contract Tower,0,8,8,25,41,0,0,41,8,49,0,8,49,33,90,2,36,38,128
05/31/2012,GTR,MS,ASO,CE,Federal Contract Tower,0,8,8,21,37,0,0,14,3,17,0,8,22,24,54,2,8,10,64
06/01/2012,GTR,MS,ASO,CE,Federal Contract Tower,0,6,9,39,54,0,1,24,12,37,0,7,33,51,91,0,60,60,151
06/02/2012,GTR,MS,ASO,CE,Federal Contract Tower,0,4,2,5,11,0,1,35,0,36,0,5,37,5,47,0,14,14,61
06/03/2012,GTR,MS,ASO,CE,Federal Contract Tower,0,8,12,13,33,0,0,17,2,19,0,8,29,15,52,0,0,0,52
06/04/2012,GTR,MS,ASO,CE,Federal Contract Tower,0,5,10,9,24,0,0,27,3,30,0,5,37,12,54,4,12,16,70
06/05/2012,GTR,MS,ASO,CE,Federal Contract Tower,0,6,10,11,27,0,0,51,11,62,0,6,61,22,89,14,34,48,137
06/06/2012,GTR,MS,ASO,CE,Federal Contract Tower,0,6,17,11,34,0,2,52,3,57,0,8,69,14,91,8,2,10,101
06/07/2012,GTR,MS,ASO,CE,Federal Contract Tower,0,6,10,17,33,0,0,79,3,82,0,6,89,20,115,14,8,22,137
06/08/2012,GTR,MS,ASO,CE,Federal Contract Tower,0,5,14,4,23,0,0,40,7,47,0,5,54,11,70,14,0,14,84
06/09/2012,GTR,MS,ASO,CE,Federal Contract Tower,0,4,9,5,18,0,2,11,0,13,0,6,20,5,31,0,0,0,31
06/10/2012,GTR,MS,ASO,CE,Federal Contract Tower,0,5,2,5,12,0,0,1,0,1,0,5,3,5,13,0,0,0,13
06/11/2012,GTR,MS,ASO,CE,Federal Contract Tower,0,8,6,32,46,0,0,12,15,27,0,8,18,47,73,12,10,22,95
06/12/2012,GTR,MS,ASO,CE,Federal Contract Tower,0,7,16,9,32,0,0,11,4,15,0,7,27,13,47,0,0,0,47
06/13/2012,GTR,MS,ASO,CE,Federal Contract Tower,0,7,12,10,29,0,0,58,6,64,0,7,70,16,93,8,0,8,101
06/14/2012,GTR,MS,ASO,CE,Federal Contract Tower,0,6,9,35,50,0,0,62,10,72,0,6,71,45,122,12,58,70,192
06/15/2012,GTR,MS,ASO,CE,Federal Contract Tower,0,5,6,26,37,0,0,49,11,60,0,5,55,37,97,34,4,38,135
06/16/2012,GTR,MS,ASO,CE,Federal Contract Tower,0,4,5,5,14,0,0,18,0,18,0,4,23,5,32,6,6,12,44
06/17/2012,GTR,MS,ASO,CE,Federal Contract Tower,0,6,6,5,17,0,0,8,0,8,0,6,14,5,25,2,0,2,27
06/18/2012,GTR,MS,ASO,CE,Federal Contract Tower,0,7,5,12,24,0,0,24,6,30,0,7,29,18,54,4,14,18,72
06/19/2012,GTR,MS,ASO,CE,Federal Contract Tower,0,8,11,19,38,0,2,49,14,65,0,10,60,33,103,12,0,12,115
06/20/2012,GTR,MS,ASO,CE,Federal Contract Tower,0,6,21,26,53,0,2,34,13,49,0,8,55,39,102,22,38,60,162
06/21/2012,GTR,MS,ASO,CE,Federal Contract Tower,2,4,3,27,36,0,0,14,9,23,2,4,17,36,59,2,20,22,81
06/22/2012,GTR,MS,ASO,CE,Federal Contract Tower,0,6,5,16,27,0,0,27,9,36,0,6,32,25,63,2,38,40,103
06/23/2012,GTR,MS,ASO,CE,Federal Contract Tower,0,4,3,7,14,0,10,10,0,20,0,14,13,7,34,8,10,18,52
06/24/2012,GTR,MS,ASO,CE,Federal Contract Tower,0,6,0,16,22,0,0,11,0,11,0,6,11,16,33,0,0,0,33
06/25/2012,GTR,MS,ASO,CE,Federal Contract Tower,0,6,3,10,19,0,0,15,6,21,0,6,18,16,40,8,18,26,66
06/26/2012,GTR,MS,ASO,CE,Federal Contract Tower,0,6,13,18,37,0,0,24,5,29,0,6,37,23,66,8,16,24,90
06/27/2012,GTR,MS,ASO,CE,Federal Contract Tower,0,6,15,25,46,0,3,29,6,38,0,9,44,31,84,12,30,42,126
06/28/2012,GTR,MS,ASO,CE,Federal Contract Tower,0,6,9,14,29,0,9,11,12,32,0,15,20,26,61,0,0,0,61
06/29/2012,GTR,MS,ASO,CE,Federal Contract Tower,0,8,2,15,25,0,0,14,8,22,0,8,16,23,47,2,30,32,79
06/30/2012,GTR,MS,ASO,CE,Federal Contract Tower,0,6,2,0,8,0,0,23,0,23,0,6,25,0,31,6,0,6,37
07/01/2012,GTR,MS,ASO,CE,Federal Contract Tower,0,6,2,2,10,0,2,6,0,8,0,8,8,2,18,0,0,0,18
07/02/2012,GTR,MS,ASO,CE,Federal Contract Tower,0,4,6,18,28,0,0,24,6,30,0,4,30,24,58,2,0,2,60
07/03/2012,GTR,MS,ASO,CE,Federal Contract Tower,0,3,1,22,26,0,0,20,4,24,0,3,21,26,50,18,28,46,96
07/04/2012,GTR,MS,ASO,CE,Federal Contract Tower,0,2,4,0,6,0,2,10,0,12,0,4,14,0,18,0,0,0,18
07/05/2012,GTR,MS,ASO,CE,Federal Contract Tower,0,4,3,0,7,0,5,16,0,21,0,9,19,0,28,10,0,10,38
07/06/2012,GTR,MS,ASO,CE,Federal Contract Tower,0,3,4,15,22,0,0,33,4,37,0,3,37,19,59,14,34,48,107
07/07/2012,GTR,MS,ASO,CE,Federal Contract Tower,0,4,4,6,14,0,0,9,1,10,0,4,13,7,24,0,34,34,58
07/08/2012,GTR,MS,ASO,CE,Federal Contract Tower,0,6,9,10,25,0,0,10,1,11,0,6,19,11,36,0,12,12,48
07/09/2012,GTR,MS,ASO,CE,Federal Contract Tower,0,6,7,16,29,0,0,23,8,31,0,6,30,24,60,12,30,42,102
07/10/2012,GTR,MS,ASO,CE,Federal Contract Tower,0,5,11,20,36,0,0,15,10,25,0,5,26,30,61,2,18,20,81
07/11/2012,GTR,MS,ASO,CE,Federal Contract Tower,0,6,0,12,18,0,0,0,0,0,0,6,0,12,18,0,0,0,18
07/12/2012,GTR,MS,ASO,CE,Federal Contract Tower,0,7,5,63,75,0,0,4,6,10,0,7,9,69,85,2,0,2,87
07/13/2012,GTR,MS,ASO,CE,Federal Contract Tower,0,5,6,17,28,0,2,15,16,33,0,7,21,33,61,12,50,62,123
07/14/2012,GTR,MS,ASO,CE,Federal Contract Tower,0,5,8,6,19,0,0,5,1,6,0,5,13,7,25,4,4,8,33
07/15/2012,GTR,MS,ASO,CE,Federal Contract Tower,0,10,14,12,36,0,0,8,1,9,0,10,22,13,45,6,6,12,57
07/16/2012,GTR,MS,ASO,CE,Federal Contract Tower,0,7,4,29,40,0,0,18,10,28,0,7,22,39,68,42,80,122,190
07/17/2012,GTR,MS,ASO,CE,Federal Contract Tower,0,6,4,17,27,0,0,26,16,42,0,6,30,33,69,10,40,50,119
07/18/2012,GTR,MS,ASO,CE,Federal Contract Tower,0,5,8,12,25,0,0,18,17,35,0,5,26,29,60,14,18,32,92
07/19/2012,GTR,MS,ASO,CE,Federal Contract Tower,0,5,6,26,37,0,0,34,8,42,0,5,40,34,79,4,12,16,95
07/20/2012,GTR,MS,ASO,CE,Federal Contract Tower,0,8,6,28,42,0,0,26,9,35,0,8,32,37,77,4,48,52,129
07/21/2012,GTR,MS,ASO,CE,Federal Contract Tower,0,4,11,6,21,0,0,23,0,23,0,4,34,6,44,18,0,18,62
07/22/2012,GTR,MS,ASO,CE,Federal Contract Tower,0,6,13,4,23,0,0,19,0,19,0,6,32,4,42,0,0,0,42
07/23/2012,GTR,MS,ASO,CE,Federal Contract Tower,0,6,8,30,44,0,0,26,6,32,0,6,34,36,76,24,22,46,122
07/24/2012,GTR,MS,ASO,CE,Federal Contract Tower,0,5,4,14,23,0,0,48,5,53,0,5,52,19,76,16,6,22,98
07/25/2012,GTR,MS,ASO,CE,Federal Contract Tower,0,7,4,19,30,0,0,26,7,33,0,7,30,26,63,8,12,20,83
07/26/2012,GTR,MS,ASO,CE,Federal Contract Tower,0,7,9,16,32,0,6,21,8,35,0,13,30,24,67,12,20,32,99
07/27/2012,GTR,MS,ASO,CE,Federal Contract Tower,0,5,4,30,39,0,0,10,11,21,0,5,14,41,60,0,34,34,94
07/28/2012,GTR,MS,ASO,CE,Federal Contract Tower,0,4,1,3,8,0,0,18,0,18,0,4,19,3,26,4,0,4,30
07/29/2012,GTR,MS,ASO,CE,Federal Contract Tower,0,8,4,16,28,0,3,15,3,21,0,11,19,19,49,6,4,10,59
07/30/2012,GTR,MS,ASO,CE,Federal Contract Tower,0,11,4,25,40,0,0,34,12,46,0,11,38,37,86,2,48,50,136
07/31/2012,GTR,MS,ASO,CE,Federal Contract Tower,0,6,11,31,48,0,0,33,14,47,0,6,44,45,95,14,10,24,119
08/01/2012,GTR,MS,ASO,CE,Federal Contract Tower,0,5,8,22,35,0,2,22,6,30,0,7,30,28,65,16,14,30,95
08/02/2012,GTR,MS,ASO,CE,Federal Contract Tower,0,5,14,42,61,0,2,23,8,33,0,7,37,50,94,8,2,10,104
08/03/2012,GTR,MS,ASO,CE,Federal Contract Tower,0,5,4,18,27,0,0,12,0,12,0,5,16,18,39,2,22,24,63
08/04/2012,GTR,MS,ASO,CE,Federal Contract Tower,0,3,2,5,10,0,0,18,2,20,0,3,20,7,30,4,14,18,48
08/05/2012,GTR,MS,ASO,CE,Federal Contract Tower,0,6,2,5,13,0,0,1,4,5,0,6,3,9,18,0,10,10,28
08/06/2012,GTR,MS,ASO,CE,Federal Contract Tower,0,12,4,17,33,0,1,27,2,30,0,13,31,19,63,16,14,30,93
08/07/2012,GTR,MS,ASO,CE,Federal Contract Tower,0,5,8,0,13,0,28,14,12,54,0,33,22,12,67,6,22,28,95
08/08/2012,GTR,MS,ASO,CE,Federal Contract Tower,0,8,6,9,23,0,27,63,7,97,0,35,69,16,120,18,0,18,138
08/09/2012,GTR,MS,ASO,CE,Federal Contract Tower,0,7,6,8,21,0,0,22,2,24,0,7,28,10,45,6,16,22,67
08/10/2012,GTR,MS,ASO,CE,Federal Contract Tower,0,7,2,17,26,0,0,20,20,40,0,7,22,37,66,0,12,12,78
08/11/2012,GTR,MS,ASO,CE,Federal Contract Tower,0,5,5,3,13,0,0,31,2,33,0,5,36,5,46,6,0,6,52
08/12/2012,GTR,MS,ASO,CE,Federal Contract Tower,0,7,4,7,18,0,2,22,1,25,0,9,26,8,43,12,50,62,105
08/13/2012,GTR,MS,ASO,CE,Federal Contract Tower,0,7,6,19,32,0,0,32,3,35,0,7,38,22,67,4,34,38,105
08/14/2012,GTR,MS,ASO,CE,Federal Contract Tower,0,8,16,23,47,0,0,28,20,48,0,8,44,43,95,16,46,62,157
08/15/2012,GTR,MS,ASO,CE,Federal Contract Tower,0,7,9,24,40,0,0,28,13,41,0,7,37,37,81,2,44,46,127
08/16/2012,GTR,MS,ASO,CE,Federal Contract Tower,0,7,12,15,34,0,0,48,14,62,0,7,60,29,96,2,20,22,118
08/17/2012,GTR,MS,ASO,CE,Federal Contract Tower,0,8,1,38,47,0,0,12,12,24,0,8,13,50,71,6,20,26,97
08/18/2012,GTR,MS,ASO,CE,Federal Contract Tower,0,4,1,0,5,0,0,9,0,9,0,4,10,0,14,6,0,6,20
08/19/2012,GTR,MS,ASO,CE,Federal Contract Tower,0,7,2,8,17,0,0,8,0,8,0,7,10,8,25,12,16,28,53
08/20/2012,GTR,MS,ASO,CE,Federal Contract Tower,0,7,6,36,49,0,0,20,12,32,0,7,26,48,81,10,12,22,103
08/21/2012,GTR,MS,ASO,CE,Federal Contract Tower,0,8,10,8,26,0,0,56,12,68,0,8,66,20,94,32,2,34,128
08/22/2012,GTR,MS,ASO,CE,Federal Contract Tower,0,8,5,11,24,0,0,34,8,42,0,8,39,19,66,36,26,62,128
08/23/2012,GTR,MS,ASO,CE,Federal Contract Tower,0,7,8,19,34,0,0,54,10,64,0,7,62,29,98,18,20,38,136
08/24/2012,GTR,MS,ASO,CE,Federal Contract Tower,0,11,14,21,46,0,0,37,16,53,0,11,51,37,99,12,36,48,147
08/25/2012,GTR,MS,ASO,CE,Federal Contract Tower,0,5,3,0,8,0,0,1,4,5,0,5,4,4,13,0,12,12,25
08/26/2012,GTR,MS,ASO,CE,Federal Contract Tower,0,10,6,9,25,0,3,12,6,21,0,13,18,15,46,6,0,6,52
08/27/2012,GTR,MS,ASO,CE,Federal Contract Tower,0,7,4,6,17,0,0,21,2,23,0,7,25,8,40,4,12,16,56
08/28/2012,GTR,MS,ASO,CE,Federal Contract Tower,0,5,3,8,16,0,0,21,18,39,0,5,24,26,55,4,4,8,63
08/29/2012,GTR,MS,ASO,CE,Federal Contract Tower,0,6,0,12,18,0,0,0,36,36,0,6,0,48,54,0,0,0,54
08/30/2012,GTR,MS,ASO,CE,Federal Contract Tower,0,6,0,14,20,0,0,1,0,1,0,6,1,14,21,0,0,0,21
08/31/2012,GTR,MS,ASO,CE,Federal Contract Tower,0,6,8,14,28,0,2,7,13,22,0,8,15,27,50,2,6,8,58
09/01/2012,GTR,MS,ASO,CE,Federal Contract Tower,0,2,2,0,4,0,0,4,0,4,0,2,6,0,8,4,0,4,12
09/02/2012,GTR,MS,ASO,CE,Federal Contract Tower,0,2,2,1,5,0,3,5,1,9,0,5,7,2,14,0,0,0,14
09/03/2012,GTR,MS,ASO,CE,Federal Contract Tower,0,1,3,6,10,0,0,9,1,10,0,1,12,7,20,0,0,0,20
09/04/2012,GTR,MS,ASO,CE,Federal Contract Tower,0,7,2,42,51,0,2,40,4,46,0,9,42,46,97,8,38,46,143
09/05/2012,GTR,MS,ASO,CE,Federal Contract Tower,0,7,10,26,43,0,1,13,6,20,0,8,23,32,63,0,14,14,77
09/06/2012,GTR,MS,ASO,CE,Federal Contract Tower,0,8,3,19,30,0,1,44,7,52,0,9,47,26,82,2,16,18,100
09/07/2012,GTR,MS,ASO,CE,Federal Contract Tower,0,6,10,23,39,0,0,29,19,48,0,6,39,42,87,16,46,62,149
09/08/2012,GTR,MS,ASO,CE,Federal Contract Tower,0,4,7,12,23,0,0,3,2,5,0,4,10,14,28,0,12,12,40
09/09/2012,GTR,MS,ASO,CE,Federal Contract Tower,0,6,7,11,24,0,0,38,4,42,0,6,45,15,66,0,26,26,92
09/10/2012,GTR,MS,ASO,CE,Federal Contract Tower,0,7,8,13,28,0,0,33,14,47,0,7,41,27,75,38,20,58,133
09/11/2012,GTR,MS,ASO,CE,Federal Contract Tower,0,7,8,13,28,0,2,43,8,53,0,9,51,21,81,16,28,44,125
09/12/2012,GTR,MS,ASO,CE,Federal Contract Tower,0,6,13,9,28,0,0,43,1,44,0,6,56,10,72,34,10,44,116
09/13/2012,GTR,MS,ASO,CE,Federal Contract Tower,0,7,2,12,21,0,0,35,4,39,0,7,37,16,60,12,6,18,78
09/14/2012,GTR,MS,ASO,CE,Federal Contract Tower,0,6,9,18,33,0,1,25,3,29,0,7,34,21,62,6,60,66,128
09/15/2012,GTR,MS,ASO,CE,Federal Contract Tower,0,5,0,8,13,0,0,19,0,19,0,5,19,8,32,18,8,26,58
09/16/2012,GTR,MS,ASO,CE,Federal Contract Tower,0,5,2,38,45,0,0,6,1,7,0,5,8,39,52,0,0,0,52
09/17/2012,GTR,MS,ASO,CE,Federal Contract Tower,0,6,5,10,21,0,0,1,0,1,0,6,6,10,22,0,0,0,22
09/18/2012,GTR,MS,ASO,CE,Federal Contract Tower,0,8,17,38,63,0,0,13,11,24,0,8,30,49,87,8,34,42,129
09/19/2012,GTR,MS,ASO,CE,Federal Contract Tower,0,6,12,18,36,0,1,36,6,43,0,7,48,24,79,32,38,70,149
09/20/2012,GTR,MS,ASO,CE,Federal Contract Tower,0,9,8,20,37,0,0,41,10,51,0,9,49,30,88,16,60,76,164
09/21/2012,GTR,MS,ASO,CE,Federal Contract Tower,0,8,14,18,40,0,0,34,12,46,0,8,48,30,86,20,42,62,148
09/22/2012,GTR,MS,ASO,CE,Federal Contract Tower,0,6,7,2,15,0,0,28,2,30,0,6,35,4,45,14,16,30,75
09/23/2012,GTR,MS,ASO,CE,Federal Contract Tower,0,7,12,2,21,0,0,7,0,7,0,7,19,2,28,0,0,0,28
09/24/2012,GTR,MS,ASO,CE,Federal Contract Tower,0,6,9,10,25,0,0,22,7,29,0,6,31,17,54,36,26,62,116
09/25/2012,GTR,MS,ASO,CE,Federal Contract Tower,0,15,5,8,28,0,3,12,3,18,0,18,17,11,46,0,6,6,52
09/26/2012,GTR,MS,ASO,CE,Federal Contract Tower,0,7,4,24,35,0,4,14,2,20,0,11,18,26,55,16,4,20,75
09/27/2012,GTR,MS,ASO,CE,Federal Contract Tower,0,6,14,18,38,0,0,24,6,30,0,6,38,24,68,14,22,36,104
09/28/2012,GTR,MS,ASO,CE,Federal Contract Tower,0,8,6,8,22,0,2,24,2,28,0,10,30,10,50,12,18,30,80
09/29/2012,GTR,MS,ASO,CE,Federal Contract Tower,0,6,5,4,15,0,0,4,2,6,0,6,9,6,21,10,0,10,31
09/30/2012,GTR,MS,ASO,CE,Federal Contract Tower,0,10,5,7,22,0,0,0,0,0,0,10,5,7,22,0,0,0,22
10/01/2012,GTR,MS,ASO,CE,Federal Contract Tower,0,7,8,13,28,0,0,0,0,0,0,7,8,13,28,0,0,0,28
10/02/2012,GTR,MS,ASO,CE,Federal Contract Tower,0,6,2,15,23,0,0,26,2,28,0,6,28,17,51,0,16,16,67
10/03/2012,GTR,MS,ASO,CE,Federal Contract Tower,0,6,17,16,39,0,0,30,6,36,0,6,47,22,75,16,8,24,99
10/04/2012,GTR,MS,ASO,CE,Federal Contract Tower,0,6,7,5,18,0,0,39,7,46,0,6,46,12,64,2,30,32,96
10/05/2012,GTR,MS,ASO,CE,Federal Contract Tower,2,6,3,10,21,0,0,15,6,21,2,6,18,16,42,4,4,8,50
10/06/2012,GTR,MS,ASO,CE,Federal Contract Tower,2,4,5,1,12,0,0,0,0,0,2,4,5,1,12,0,0,0,12
10/07/2012,GTR,MS,ASO,CE,Federal Contract Tower,0,6,4,1,11,0,0,4,0,4,0,6,8,1,15,16,0,16,31
10/08/2012,GTR,MS,ASO,CE,Federal Contract Tower,0,5,5,1,11,0,0,20,0,20,0,5,25,1,31,4,0,4,35
10/09/2012,GTR,MS,ASO,CE,Federal Contract Tower,0,6,7,24,37,0,0,31,13,44,0,6,38,37,81,8,32,40,121
10/10/2012,GTR,MS,ASO,CE,Federal Contract Tower,0,6,4,13,23,0,0,21,4,25,0,6,25,17,48,38,14,52,100
10/11/2012,GTR,MS,ASO,CE,Federal Contract Tower,0,10,5,21,36,0,0,30,5,35,0,10,35,26,71,2,32,34,105
10/12/2012,GTR,MS,ASO,CE,Federal Contract Tower,2,6,7,14,29,0,0,36,5,41,2,6,43,19,70,16,14,30,100
10/13/2012,GTR,MS,ASO,CE,Federal Contract Tower,0,5,6,10,21,0,0,16,4,20,0,5,22,14,41,2,32,34,75
10/14/2012,GTR,MS,ASO,CE,Federal Contract Tower,0,6,10,7,23,0,0,1,2,3,0,6,11,9,26,0,0,0,26
10/15/2012,GTR,MS,ASO,CE,Federal Contract Tower,0,8,2,16,26,0,0,30,4,34,0,8,32,20,60,16,10,26,86
10/16/2012,GTR,MS,ASO,CE,Federal Contract Tower,0,8,18,14,40,0,2,35,7,44,0,10,53,21,84,2,44,46,130
10/17/2012,GTR,MS,ASO,CE,Federal Contract Tower,0,10,8,19,37,0,0,17,10,27,0,10,25,29,64,10,26,36,100
10/18/2012,GTR,MS,ASO,CE,Federal Contract Tower,0,6,1,20,27,0,0,11,3,14,0,6,12,23,41,0,34,34,75
10/19/2012,GTR,MS,ASO,CE,Federal Contract Tower,0,6,4,39,49,0,0,5,4,9,0,6,9,43,58,6,20,26,84
10/20/2012,GTR,MS,ASO,CE,Federal Contract Tower,0,5,0,15,20,0,2,13,2,17,0,7,13,17,37,4,10,14,51
10/21/2012,GTR,MS,ASO,CE,Federal Contract Tower,0,9,3,9,21,0,0,6,0,6,0,9,9,9,27,8,0,8,35
10/22/2012,GTR,MS,ASO,CE,Federal Contract Tower,0,5,2,4,11,0,0,9,3,12,0,5,11,7,23,10,2,12,35
10/23/2012,GTR,MS,ASO,CE,Federal Contract Tower,0,8,2,20,30,0,0,25,2,27,0,8,27,22,57,14,46,60,117
10/24/2012,GTR,MS,ASO,CE,Federal Contract Tower,0,6,5,15,26,0,0,13,7,20,0,6,18,22,46,12,0,12,58
10/25/2012,GTR,MS,ASO,CE,Federal Contract Tower,0,6,2,23,31,0,0,34,13,47,0,6,36,36,78,12,20,32,110
10/26/2012,GTR,MS,ASO,CE,Federal Contract Tower,0,6,12,29,47,0,0,14,1,15,0,6,26,30,62,8,22,30,92
10/27/2012,GTR,MS,ASO,CE,Federal Contract Tower,0,5,12,15,32,0,0,3,18,21,0,5,15,33,53,0,8,8,61
10/28/2012,GTR,MS,ASO,CE,Federal Contract Tower,0,6,13,12,31,0,0,22,0,22,0,6,35,12,53,0,0,0,53
10/29/2012,GTR,MS,ASO,CE,Federal Contract Tower,0,7,3,28,38,0,0,32,6,38,0,7,35,34,76,0,34,34,110
10/30/2012,GTR,MS,ASO,CE,Federal Contract Tower,0,8,3,13,24,0,0,21,4,25,0,8,24,17,49,0,16,16,65
10/31/2012,GTR,MS,ASO,CE,Federal Contract Tower,0,10,2,15,27,0,0,29,2,31,0,10,31,17,58,54,0,54,112
11/01/2012,GTR,MS,ASO,CE,Federal Contract Tower,0,5,6,9,20,0,0,26,4,30,0,5,32,13,50,28,36,64,114
11/02/2012,GTR,MS,ASO,CE,Federal Contract Tower,2,10,5,38,55,0,0,27,10,37,2,10,32,48,92,20,54,74,166
11/03/2012,GTR,MS,ASO,CE,Federal Contract Tower,2,10,12,12,36,0,0,31,6,37,2,10,43,18,73,4,18,22,95
11/04/2012,GTR,MS,ASO,CE,Federal Contract Tower,0,11,2,11,24,0,0,6,2,8,0,11,8,13,32,2,0,2,34
11/05/2012,GTR,MS,ASO,CE,Federal Contract Tower,0,8,4,36,48,0,4,15,10,29,0,12,19,46,77,30,34,64,141
11/06/2012,GTR,MS,ASO,CE,Federal Contract Tower,0,6,3,19,28,0,0,14,7,21,0,6,17,26,49,2,0,2,51
11/07/2012,GTR,MS,ASO,CE,Federal Contract Tower,0,9,9,11,29,0,0,15,4,19,0,9,24,15,48,18,20,38,86
11/08/2012,GTR,MS,ASO,CE,Federal Contract Tower,0,25,3,6,34,0,13,23,6,42,0,38,26,12,76,8,6,14,90
11/09/2012,GTR,MS,ASO,CE,Federal Contract Tower,2,8,7,37,54,0,0,32,7,39,2,8,39,44,93,24,54,78,171
11/10/2012,GTR,MS,ASO,CE,Federal Contract Tower,0,4,4,5,13,0,2,19,8,29,0,6,23,13,42,8,8,16,58
11/11/2012,GTR,MS,ASO,CE,Federal Contract Tower,0,5,5,14,24,0,0,11,0,11,0,5,16,14,35,0,8,8,43
11/12/2012,GTR,MS,ASO,CE,Federal Contract Tower,0,4,12,6,22,0,0,10,0,10,0,4,22,6,32,6,6,12,44
11/13/2012,GTR,MS,ASO,CE,Federal Contract Tower,0,8,6,32,46,0,0,19,10,29,0,8,25,42,75,10,30,40,115
11/14/2012,GTR,MS,ASO,CE,Federal Contract Tower,0,8,9,20,37,0,0,17,11,28,0,8,26,31,65,2,6,8,73
11/15/2012,GTR,MS,ASO,CE,Federal Contract Tower,0,8,8,5,21,0,0,28,2,30,0,8,36,7,51,4,12,16,67
11/16/2012,GTR,MS,ASO,CE,Federal Contract Tower,0,6,7,41,54,0,4,22,8,34,0,10,29,49,88,4,40,44,132
11/17/2012,GTR,MS,ASO,CE,Federal Contract Tower,2,6,2,26,36,0,0,18,2,20,2,6,20,28,56,32,38,70,126
11/18/2012,GTR,MS,ASO,CE,Federal Contract Tower,0,6,2,14,22,0,0,10,4,14,0,6,12,18,36,0,4,4,40
11/19/2012,GTR,MS,ASO,CE,Federal Contract Tower,0,3,2,12,17,0,0,16,2,18,0,3,18,14,35,12,26,38,73
11/20/2012,GTR,MS,ASO,CE,Federal Contract Tower,0,6,6,8,20,0,0,24,16,40,0,6,30,24,60,10,14,24,84
11/21/2012,GTR,MS,ASO,CE,Federal Contract Tower,0,5,3,12,20,0,0,8,2,10,0,5,11,14,30,4,0,4,34
11/22/2012,GTR,MS,ASO,CE,Federal Contract Tower,0,2,0,0,2,0,0,3,0,3,0,2,3,0,5,0,0,0,5
11/23/2012,GTR,MS,ASO,CE,Federal Contract Tower,0,2,4,0,6,0,0,6,0,6,0,2,10,0,12,0,0,0,12
11/24/2012,GTR,MS,ASO,CE,Federal Contract Tower,0,6,0,0,6,0,3,2,0,5,0,9,2,0,11,10,0,10,21
11/25/2012,GTR,MS,ASO,CE,Federal Contract Tower,0,7,4,0,11,0,0,11,0,11,0,7,15,0,22,0,0,0,22
11/26/2012,GTR,MS,ASO,CE,Federal Contract Tower,0,10,9,26,45,0,0,29,6,35,0,10,38,32,80,20,18,38,118
11/27/2012,GTR,MS,ASO,CE,Federal Contract Tower,0,9,21,32,62,0,0,4,3,7,0,9,25,35,69,0,4,4,73
11/28/2012,GTR,MS,ASO,CE,Federal Contract Tower,0,6,15,27,48,0,0,20,3,23,0,6,35,30,71,38,10,48,119
11/29/2012,GTR,MS,ASO,CE,Federal Contract Tower,0,9,13,17,39,0,4,31,16,51,0,13,44,33,90,18,28,46,136
11/30/2012,GTR,MS,ASO,CE,Federal Contract Tower,2,7,14,21,44,0,0,22,6,28,2,7,36,27,72,26,12,38,110
12/01/2012,GTR,MS,ASO,CE,Federal Contract Tower,2,3,3,3,11,0,2,2,0,4,2,5,5,3,15,26,0,26,41
12/02/2012,GTR,MS,ASO,CE,Federal Contract Tower,0,6,4,7,17,0,0,5,0,5,0,6,9,7,22,4,8,12,34
12/03/2012,GTR,MS,ASO,CE,Federal Contract Tower,0,6,14,26,46,0,0,13,7,20,0,6,27,33,66,2,24,26,92
12/04/2012,GTR,MS,ASO,CE,Federal Contract Tower,0,6,5,10,21,0,0,0,0,0,0,6,5,10,21,0,0,0,21
12/05/2012,GTR,MS,ASO,CE,Federal Contract Tower,0,6,16,4,26,0,0,1,0,1,0,6,17,4,27,0,0,0,27
12/06/2012,GTR,MS,ASO,CE,Federal Contract Tower,0,6,14,64,84,0,0,46,17,63,0,6,60,81,147,6,30,36,183
12/07/2012,GTR,MS,ASO,CE,Federal Contract Tower,0,6,20,26,52,0,0,2,3,5,0,6,22,29,57,10,6,16,73
12/08/2012,GTR,MS,ASO,CE,Federal Contract Tower,0,4,3,3,10,0,0,5,0,5,0,4,8,3,15,0,0,0,15
12/09/2012,GTR,MS,ASO,CE,Federal Contract Tower,0,6,6,3,15,0,0,2,2,4,0,6,8,5,19,16,20,36,55
12/10/2012,GTR,MS,ASO,CE,Federal Contract Tower,0,10,6,26,42,0,0,0,1,1,0,10,6,27,43,0,14,14,57
12/11/2012,GTR,MS,ASO,CE,Federal Contract Tower,0,7,10,35,52,0,0,33,9,42,0,7,43,44,94,28,24,52,146
12/12/2012,GTR,MS,ASO,CE,Federal Contract Tower,0,8,3,13,24,0,0,16,7,23,0,8,19,20,47,30,4,34,81
12/13/2012,GTR,MS,ASO,CE,Federal Contract Tower,0,7,8,21,36,0,0,28,7,35,0,7,36,28,71,24,20,44,115
12/14/2012,GTR,MS,ASO,CE,Federal Contract Tower,0,7,4,18,29,0,0,28,5,33,0,7,32,23,62,18,46,64,126
12/15/2012,GTR,MS,ASO,CE,Federal Contract Tower,0,4,7,2,13,0,0,3,0,3,0,4,10,2,16,0,12,12,28
12/16/2012,GTR,MS,ASO,CE,Federal Contract Tower,0,5,1,0,6,0,0,0,0,0,0,5,1,0,6,0,0,0,6
12/17/2012,GTR,MS,ASO,CE,Federal Contract Tower,0,10,11,56,77,0,0,9,11,20,0,10,20,67,97,2,54,56,153
12/18/2012,GTR,MS,ASO,CE,Federal Contract Tower,0,10,12,20,42,0,0,37,8,45,0,10,49,28,87,52,48,100,187
12/19/2012,GTR,MS,ASO,CE,Federal Contract Tower,0,7,12,17,36,0,0,25,6,31,0,7,37,23,67,14,30,44,111
12/20/2012,GTR,MS,ASO,CE,Federal Contract Tower,0,6,0,23,29,0,6,1,6,13,0,12,1,29,42,0,12,12,54
12/21/2012,GTR,MS,ASO,CE,Federal Contract Tower,0,6,5,33,44,0,2,17,14,33,0,8,22,47,77,2,34,36,113
12/22/2012,GTR,MS,ASO,CE,Federal Contract Tower,0,4,4,0,8,0,0,11,0,11,0,4,15,0,19,0,0,0,19
12/23/2012,GTR,MS,ASO,CE,Federal Contract Tower,0,4,3,0,7,0,2,2,0,4,0,6,5,0,11,0,0,0,11
12/24/2012,GTR,MS,ASO,CE,Federal Contract Tower,2,2,0,0,4,0,0,0,0,0,2,2,0,0,4,0,0,0,4
12/25/2012,GTR,MS,ASO,CE,Federal Contract Tower,0,3,0,0,3,0,0,0,0,0,0,3,0,0,3,0,0,0,3
12/26/2012,GTR,MS,ASO,CE,Federal Contract Tower,1,5,5,0,11,0,0,0,0,0,1,5,5,0,11,0,0,0,11
12/27/2012,GTR,MS,ASO,CE,Federal Contract Tower,0,6,5,20,31,0,0,17,7,24,0,6,22,27,55,40,24,64,119
12/28/2012,GTR,MS,ASO,CE,Federal Contract Tower,0,5,0,0,5,0,0,0,0,0,0,5,0,0,5,0,0,0,5
12/29/2012,GTR,MS,ASO,CE,Federal Contract Tower,0,7,5,0,12,0,0,3,0,3,0,7,8,0,15,0,0,0,15
12/30/2012,GTR,MS,ASO,CE,Federal Contract Tower,0,5,2,0,7,0,0,9,0,9,0,5,11,0,16,4,0,4,20
12/31/2012,GTR,MS,ASO,CE,Federal Contract Tower,0,4,1,0,5,0,0,6,0,6,0,4,7,0,11,0,0,0,11
01/01/2013,GTR,MS,ASO,CE,Federal Contract Tower,0,3,3,0,6,0,0,0,0,0,0,3,3,0,6,0,0,0,6
01/02/2013,GTR,MS,ASO,CE,Federal Contract Tower,0,8,6,32,46,0,0,0,2,2,0,8,6,34,48,0,0,0,48
01/03/2013,GTR,MS,ASO,CE,Federal Contract Tower,0,6,3,30,39,0,0,9,18,27,0,6,12,48,66,20,92,112,178
01/04/2013,GTR,MS,ASO,CE,Federal Contract Tower,0,6,6,39,51,0,0,16,14,30,0,6,22,53,81,24,56,80,161
01/05/2013,GTR,MS,ASO,CE,Federal Contract Tower,0,6,3,0,9,0,1,8,0,9,0,7,11,0,18,4,0,4,22
01/06/2013,GTR,MS,ASO,CE,Federal Contract Tower,0,7,6,2,15,0,0,1,0,1,0,7,7,2,16,0,0,0,16
01/07/2013,GTR,MS,ASO,CE,Federal Contract Tower,0,6,5,35,46,0,4,23,15,42,0,10,28,50,88,34,26,60,148
01/08/2013,GTR,MS,ASO,CE,Federal Contract Tower,0,8,10,31,49,0,0,17,20,37,0,8,27,51,86,28,68,96,182
01/09/2013,GTR,MS,ASO,CE,Federal Contract Tower,0,8,9,24,41,0,0,0,0,0,0,8,9,24,41,0,0,0,41
01/10/2013,GTR,MS,ASO,CE,Federal Contract Tower,0,6,4,15,25,0,0,4,1,5,0,6,8,16,30,2,10,12,42
01/11/2013,GTR,MS,ASO,CE,Federal Contract Tower,0,7,21,41,69,0,0,7,6,13,0,7,28,47,82,4,0,4,86
01/12/2013,GTR,MS,ASO,CE,Federal Contract Tower,0,6,9,6,21,0,0,12,2,14,0,6,21,8,35,0,2,2,37
01/13/2013,GTR,MS,ASO,CE,Federal Contract Tower,0,6,12,8,26,0,0,4,1,5,0,6,16,9,31,0,44,44,75
01/14/2013,GTR,MS,ASO,CE,Federal Contract Tower,0,6,7,2,15,0,0,0,0,0,0,6,7,2,15,0,0,0,15
01/15/2013,GTR,MS,ASO,CE,Federal Contract Tower,0,7,4,0,11,0,0,0,0,0,0,7,4,0,11,0,0,0,11
01/16/2013,GTR,MS,ASO,CE,Federal Contract Tower,0,6,2,52,60,0,0,0,0,0,0,6,2,52,60,0,0,0,60
01/17/2013,GTR,MS,ASO,CE,Federal Contract Tower,0,4,0,24,28,0,0,14,6,20,0,4,14,30,48,6,36,42,90
01/18/2013,GTR,MS,ASO,CE,Federal Contract Tower,0,6,7,14,27,0,0,44,8,52,0,6,51,22,79,50,40,90,169
01/19/2013,GTR,MS,ASO,CE,Federal Contract Tower,0,2,6,2,10,0,0,37,2,39,0,2,43,4,49,4,10,14,63
01/20/2013,GTR,MS,ASO,CE,Federal Contract Tower,0,5,2,5,12,0,3,16,2,21,0,8,18,7,33,4,6,10,43
01/21/2013,GTR,MS,ASO,CE,Federal Contract Tower,0,4,17,11,32,0,0,29,4,33,0,4,46,15,65,16,12,28,93
01/22/2013,GTR,MS,ASO,CE,Federal Contract Tower,0,12,7,15,34,0,1,48,8,57,0,13,55,23,91,44,30,74,165
01/23/2013,GTR,MS,ASO,CE,Federal Contract Tower,0,10,22,17,49,0,1,39,11,51,0,11,61,28,100,16,16,32,132
01/24/2013,GTR,MS,ASO,CE,Federal Contract Tower,2,9,18,17,46,0,0,25,8,33,2,9,43,25,79,0,14,14,93
01/25/2013,GTR,MS,ASO,CE,Federal Contract Tower,0,8,8,19,35,0,0,10,4,14,0,8,18,23,49,14,28,42,91
01/26/2013,GTR,MS,ASO,CE,Federal Contract Tower,0,4,2,10,16,0,7,9,9,25,0,11,11,19,41,28,182,210,251
01/27/2013,GTR,MS,ASO,CE,Federal Contract Tower,0,9,2,9,20,0,1,6,2,9,0,10,8,11,29,12,2,14,43
01/28/2013,GTR,MS,ASO,CE,Federal Contract Tower,0,6,6,28,40,0,0,15,9,24,0,6,21,37,64,8,2,10,74
01/29/2013,GTR,MS,ASO,CE,Federal Contract Tower,0,9,8,14,31,0,0,4,11,15,0,9,12,25,46,0,0,0,46
01/30/2013,GTR,MS,ASO,CE,Federal Contract Tower,0,5,6,6,17,0,0,11,28,39,0,5,17,34,56,14,10,24,80
01/31/2013,GTR,MS,ASO,CE,Federal Contract Tower,0,9,3,2,14,0,0,28,1,29,0,9,31,3,43,10,0,10,53
02/01/2013,GTR,MS,ASO,CE,Federal Contract Tower,0,10,4,5,19,0,0,23,2,25,0,10,27,7,44,30,8,38,82
02/02/2013,GTR,MS,ASO,CE,Federal Contract Tower,0,8,2,0,10,0,0,8,2,10,0,8,10,2,20,24,14,38,58
02/03/2013,GTR,MS,ASO,CE,Federal Contract Tower,0,9,0,8,17,0,0,14,4,18,0,9,14,12,35,4,16,20,55
02/04/2013,GTR,MS,ASO,CE,Federal Contract Tower,0,7,10,11,28,0,0,33,7,40,0,7,43,18,68,0,10,10,78
02/05/2013,GTR,MS,ASO,CE,Federal Contract Tower,0,6,9,14,29,0,0,29,20,49,0,6,38,34,78,28,22,50,128
02/06/2013,GTR,MS,ASO,CE,Federal Contract Tower,0,8,5,31,44,0,0,36,8,44,0,8,41,39,88,52,36,88,176
02/07/2013,GTR,MS,ASO,CE,Federal Contract Tower,0,6,7,20,33,0,2,39,27,68,0,8,46,47,101,36,18,54,155
02/08/2013,GTR,MS,ASO,CE,Federal Contract Tower,0,9,13,9,31,0,0,10,2,12,0,9,23,11,43,2,6,8,51
02/09/2013,GTR,MS,ASO,CE,Federal Contract Tower,0,5,10,6,21,0,5,42,7,54,0,10,52,13,75,16,10,26,101
02/10/2013,GTR,MS,ASO,CE,Federal Contract Tower,0,10,5,4,19,0,0,2,0,2,0,10,7,4,21,2,0,2,23
02/11/2013,GTR,MS,ASO,CE,Federal Contract Tower,0,5,4,62,71,0,0,9,17,26,0,5,13,79,97,0,10,10,107
02/12/2013,GTR,MS,ASO,CE,Federal Contract Tower,0,5,8,9,22,0,0,14,5,19,0,5,22,14,41,18,6,24,65
02/13/2013,GTR,MS,ASO,CE,Federal Contract Tower,1,6,4,27,38,0,0,7,43,50,1,6,11,70,88,6,66,72,160
02/14/2013,GTR,MS,ASO,CE,Federal Contract Tower,0,6,3,22,31,0,0,60,7,67,0,6,63,29,98,62,8,70,168
02/15/2013,GTR,MS,ASO,CE,Federal Contract Tower,0,7,10,26,43,0,0,27,11,38,0,7,37,37,81,16,32,48,129
02/16/2013,GTR,MS,ASO,CE,Federal Contract Tower,0,2,2,2,6,0,1,15,2,18,0,3,17,4,24,0,0,0,24
02/17/2013,GTR,MS,ASO,CE,Federal Contract Tower,0,4,0,3,7,0,2,30,1,33,0,6,30,4,40,6,22,28,68
02/18/2013,GTR,MS,ASO,CE,Federal Contract Tower,0,6,4,4,14,0,2,25,3,30,0,8,29,7,44,0,0,0,44
02/19/2013,GTR,MS,ASO,CE,Federal Contract Tower,0,7,1,49,57,0,0,18,14,32,0,7,19,63,89,6,30,36,125
02/20/2013,GTR,MS,ASO,CE,Federal Contract Tower,0,7,4,52,63,0,0,61,16,77,0,7,65,68,140,14,84,98,238
02/21/2013,GTR,MS,ASO,CE,Federal Contract Tower,0,4,7,32,43,0,0,24,6,30,0,4,31,38,73,4,30,34,107
02/22/2013,GTR,MS,ASO,CE,Federal Contract Tower,0,9,4,38,51,0,0,19,8,27,0,9,23,46,78,40,64,104,182
02/23/2013,GTR,MS,ASO,CE,Federal Contract Tower,0,6,1,8,15,0,0,8,4,12,0,6,9,12,27,12,26,38,65
02/24/2013,GTR,MS,ASO,CE,Federal Contract Tower,0,8,15,5,28,0,4,35,3,42,0,12,50,8,70,28,12,40,110
02/25/2013,GTR,MS,ASO,CE,Federal Contract Tower,0,10,17,30,57,0,0,37,31,68,0,10,54,61,125,12,70,82,207
02/26/2013,GTR,MS,ASO,CE,Federal Contract Tower,0,8,3,16,27,0,0,16,6,22,0,8,19,22,49,2,16,18,67
02/27/2013,GTR,MS,ASO,CE,Federal Contract Tower,0,9,14,36,59,0,0,40,16,56,0,9,54,52,115,8,64,72,187
02/28/2013,GTR,MS,ASO,CE,Federal Contract Tower,0,6,13,27,46,0,0,36,9,45,0,6,49,36,91,28,32,60,151
03/01/2013,GTR,MS,ASO,CE,Federal Contract Tower,0,11,6,32,49,0,0,59,9,68,0,11,65,41,117,38,20,58,175
03/02/2013,GTR,MS,ASO,CE,Federal Contract Tower,0,5,0,0,5,0,0,6,2,8,0,5,6,2,13,2,0,2,15
03/03/2013,GTR,MS,ASO,CE,Federal Contract Tower,0,7,7,7,21,0,0,48,2,50,0,7,55,9,71,10,0,10,81
03/04/2013,GTR,MS,ASO,CE,Federal Contract Tower,0,5,11,29,45,0,0,46,7,53,0,5,57,36,98,10,8,18,116
03/05/2013,GTR,MS,ASO,CE,Federal Contract Tower,0,9,7,23,39,0,0,9,5,14,0,9,16,28,53,0,12,12,65
03/06/2013,GTR,MS,ASO,CE,Federal Contract Tower,0,9,12,27,48,0,0,24,20,44,0,9,36,47,92,26,46,72,164
03/07/2013,GTR,MS,ASO,CE,Federal Contract Tower,0,7,3,30,40,0,0,23,7,30,0,7,26,37,70,28,16,44,114
03/08/2013,GTR,MS,ASO,CE,Federal Contract Tower,0,8,11,43,62,0,14,30,3,47,0,22,41,46,109,74,46,120,229
03/09/2013,GTR,MS,ASO,CE,Federal Contract Tower,0,4,7,17,28,0,1,50,3,54,0,5,57,20,82,2,4,6,88
03/10/2013,GTR,MS,ASO,CE,Federal Contract Tower,0,10,6,6,22,0,0,23,1,24,0,10,29,7,46,6,0,6,52
03/11/2013,GTR,MS,ASO,CE,Federal Contract Tower,0,8,17,34,59,0,0,24,2,26,0,8,41,36,85,6,8,14,99
03/12/2013,GTR,MS,ASO,CE,Federal Contract Tower,0,7,9,30,46,0,6,44,9,59,0,13,53,39,105,26,28,54,159
03/13/2013,GTR,MS,ASO,CE,Federal Contract Tower,0,7,8,40,55,0,0,36,7,43,0,7,44,47,98,16,4,20,118
03/14/2013,GTR,MS,ASO,CE,Federal Contract Tower,0,6,10,32,48,0,0,50,2,52,0,6,60,34,100,42,42,84,184
03/15/2013,GTR,MS,ASO,CE,Federal Contract Tower,0,7,8,34,49,0,0,34,3,37,0,7,42,37,86,36,30,66,152
03/16/2013,GTR,MS,ASO,CE,Federal Contract Tower,0,4,4,7,15,0,0,20,1,21,0,4,24,8,36,14,14,28,64
03/17/2013,GTR,MS,ASO,CE,Federal Contract Tower,0,5,4,2,11,0,0,9,1,10,0,5,13,3,21,0,0,0,21
03/18/2013,GTR,MS,ASO,CE,Federal Contract Tower,0,3,13,31,47,0,0,11,10,21,0,3,24,41,68,0,0,0,68
03/19/2013,GTR,MS,ASO,CE,Federal Contract Tower,0,5,21,30,56,0,0,56,11,67,0,5,77,41,123,34,26,60,183
03/20/2013,GTR,MS,ASO,CE,Federal Contract Tower,0,6,29,35,70,0,0,56,6,62,0,6,85,41,132,10,36,46,178
03/21/2013,GTR,MS,ASO,CE,Federal Contract Tower,0,8,12,31,51,0,0,30,16,46,0,8,42,47,97,28,54,82,179
03/22/2013,GTR,MS,ASO,CE,Federal Contract Tower,0,7,15,46,68,0,0,3,5,8,0,7,18,51,76,2,0,2,78
03/23/2013,GTR,MS,ASO,CE,Federal Contract Tower,0,4,10,10,24,0,0,0,0,0,0,4,10,10,24,0,0,0,24
03/24/2013,GTR,MS,ASO,CE,Federal Contract Tower,0,7,3,14,24,0,0,1,4,5,0,7,4,18,29,0,0,0,29
03/25/2013,GTR,MS,ASO,CE,Federal Contract Tower,0,6,23,30,59,0,0,33,9,42,0,6,56,39,101,20,40,60,161
03/26/2013,GTR,MS,ASO,CE,Federal Contract Tower,0,7,11,30,48,0,0,12,6,18,0,7,23,36,66,6,6,12,78
03/27/2013,GTR,MS,ASO,CE,Federal Contract Tower,0,9,9,32,50,0,0,48,7,55,0,9,57,39,105,14,52,66,171
03/28/2013,GTR,MS,ASO,CE,Federal Contract Tower,0,6,12,27,45,0,0,58,5,63,0,6,70,32,108,26,32,58,166
03/29/2013,GTR,MS,ASO,CE,Federal Contract Tower,0,8,8,18,34,0,0,20,5,25,0,8,28,23,59,16,14,30,89
03/30/2013,GTR,MS,ASO,CE,Federal Contract Tower,0,4,6,5,15,0,0,21,1,22,0,4,27,6,37,4,0,4,41
03/31/2013,GTR,MS,ASO,CE,Federal Contract Tower,0,6,7,4,17,0,0,0,0,0,0,6,7,4,17,0,0,0,17
04/01/2013,GTR,MS,ASO,CE,Federal Contract Tower,0,6,16,34,56,0,2,32,7,41,0,8,48,41,97,14,24,38,135
04/02/2013,GTR,MS,ASO,CE,Federal Contract Tower,0,6,20,30,56,0,0,41,18,59,0,6,61,48,115,40,6,46,161
04/03/2013,GTR,MS,ASO,CE,Federal Contract Tower,0,7,14,15,36,0,0,11,2,13,0,7,25,17,49,12,16,28,77
04/04/2013,GTR,MS,ASO,CE,Federal Contract Tower,0,7,8,36,51,0,0,0,0,0,0,7,8,36,51,0,0,0,51
04/05/2013,GTR,MS,ASO,CE,Federal Contract Tower,0,8,7,39,54,0,2,18,3,23,0,10,25,42,77,4,26,30,107
04/06/2013,GTR,MS,ASO,CE,Federal Contract Tower,0,4,3,21,28,0,4,9,5,18,0,8,12,26,46,0,12,12,58
04/07/2013,GTR,MS,ASO,CE,Federal Contract Tower,1,7,6,19,33,0,0,13,8,21,1,7,19,27,54,0,2,2,56
04/08/2013,GTR,MS,ASO,CE,Federal Contract Tower,1,8,9,40,58,0,2,53,17,72,1,10,62,57,130,12,42,54,184
04/09/2013,GTR,MS,ASO,CE,Federal Contract Tower,0,6,8,28,42,0,0,19,10,29,0,6,27,38,71,0,6,6,77
04/10/2013,GTR,MS,ASO,CE,Federal Contract Tower,0,6,13,21,40,0,6,29,19,54,0,12,42,40,94,82,18,100,194
04/11/2013,GTR,MS,ASO,CE,Federal Contract Tower,0,9,10,0,19,0,0,0,0,0,0,9,10,0,19,0,0,0,19
04/12/2013,GTR,MS,ASO,CE,Federal Contract Tower,0,7,13,30,50,0,1,46,30,77,0,8,59,60,127,16,54,70,197
04/13/2013,GTR,MS,ASO,CE,Federal Contract Tower,0,4,2,2,8,0,4,37,8,49,0,8,39,10,57,16,12,28,85
04/14/2013,GTR,MS,ASO,CE,Federal Contract Tower,0,8,3,23,34,0,1,4,14,19,0,9,7,37,53,0,2,2,55
04/15/2013,GTR,MS,ASO,CE,Federal Contract Tower,0,5,11,37,53,0,2,24,15,41,0,7,35,52,94,32,38,70,164
04/16/2013,GTR,MS,ASO,CE,Federal Contract Tower,0,6,20,26,52,0,2,20,5,27,0,8,40,31,79,0,14,14,93
04/17/2013,GTR,MS,ASO,CE,Federal Contract Tower,0,9,17,31,57,0,0,45,6,51,0,9,62,37,108,16,6,22,130
04/18/2013,GTR,MS,ASO,CE,Federal Contract Tower,0,9,20,30,59,0,4,25,8,37,0,13,45,38,96,50,20,70,166
04/19/2013,GTR,MS,ASO,CE,Federal Contract Tower,0,9,8,39,56,0,2,27,13,42,0,11,35,52,98,4,66,70,168
04/20/2013,GTR,MS,ASO,CE,Federal Contract Tower,0,4,12,10,26,0,3,31,4,38,0,7,43,14,64,4,8,12,76
04/21/2013,GTR,MS,ASO,CE,Federal Contract Tower,0,9,19,6,34,0,0,31,5,36,0,9,50,11,70,0,0,0,70
04/22/2013,GTR,MS,ASO,CE,Federal Contract Tower,0,8,27,33,68,0,4,25,24,53,0,12,52,57,121,46,58,104,225
04/23/2013,GTR,MS,ASO,CE,Federal Contract Tower,0,5,12,51,68,0,5,36,24,65,0,10,48,75,133,12,50,62,195
04/24/2013,GTR,MS,ASO,CE,Federal Contract Tower,0,7,7,21,35,0,0,11,2,13,0,7,18,23,48,10,2,12,60
04/25/2013,GTR,MS,ASO,CE,Federal Contract Tower,0,5,7,32,44,0,6,52,6,64,0,11,59,38,108,64,40,104,212
04/26/2013,GTR,MS,ASO,CE,Federal Contract Tower,0,4,12,55,71,0,0,54,8,62,0,4,66,63,133,38,92,130,263
04/27/2013,GTR,MS,ASO,CE,Federal Contract Tower,0,6,2,25,33,0,0,5,1,6,0,6,7,26,39,0,36,36,75
04/28/2013,GTR,MS,ASO,CE,Federal Contract Tower,0,6,3,12,21,0,2,2,0,4,0,8,5,12,25,0,0,0,25
04/29/2013,GTR,MS,ASO,CE,Federal Contract Tower,0,6,23,41,70,0,0,26,7,33,0,6,49,48,103,40,74,114,217
04/30/2013,GTR,MS,ASO,CE,Federal Contract Tower,0,9,14,37,60,0,0,53,16,69,0,9,67,53,129,56,36,92,221
05/01/2013,GTR,MS,ASO,CE,Federal Contract Tower,0,10,5,34,49,0,0,9,31,40,0,10,14,65,89,2,64,66,155
05/02/2013,GTR,MS,ASO,CE,Federal Contract Tower,0,7,9,27,43,0,5,10,16,31,0,12,19,43,74,0,24,24,98
05/03/2013,GTR,MS,ASO,CE,Federal Contract Tower,0,6,4,33,43,0,0,0,5,5,0,6,4,38,48,2,12,14,62
05/04/2013,GTR,MS,ASO,CE,Federal Contract Tower,0,4,0,1,5,0,0,36,2,38,0,4,36,3,43,6,8,14,57
05/05/2013,GTR,MS,ASO,CE,Federal Contract Tower,0,7,3,8,18,0,0,0,0,0,0,7,3,8,18,0,0,0,18
05/06/2013,GTR,MS,ASO,CE,Federal Contract Tower,0,9,5,38,52,0,4,12,2,18,0,13,17,40,70,16,6,22,92
05/07/2013,GTR,MS,ASO,CE,Federal Contract Tower,0,7,12,32,51,0,1,19,14,34,0,8,31,46,85,26,56,82,167
05/08/2013,GTR,MS,ASO,CE,Federal Contract Tower,0,9,18,21,48,0,3,30,6,39,0,12,48,27,87,32,44,76,163
05/09/2013,GTR,MS,ASO,CE,Federal Contract Tower,0,8,15,33,56,0,12,49,7,68,0,20,64,40,124,76,54,130,254
05/10/2013,GTR,MS,ASO,CE,Federal Contract Tower,0,6,6,11,23,0,0,19,10,29,0,6,25,21,52,16,24,40,92
05/11/2013,GTR,MS,ASO,CE,Federal Contract Tower,0,4,4,3,11,0,0,2,0,2,0,4,6,3,13,0,14,14,27
05/12/2013,GTR,MS,ASO,CE,Federal Contract Tower,0,6,7,9,22,0,0,9,8,17,0,6,16,17,39,0,4,4,43
05/13/2013,GTR,MS,ASO,CE,Federal Contract Tower,0,7,10,40,57,0,2,35,8,45,0,9,45,48,102,10,26,36,138
05/14/2013,GTR,MS,ASO,CE,Federal Contract Tower,0,6,5,34,45,0,4,28,8,40,0,10,33,42,85,8,52,60,145
05/15/2013,GTR,MS,ASO,CE,Federal Contract Tower,0,6,7,34,47,0,1,35,9,45,0,7,42,43,92,24,12,36,128
05/16/2013,GTR,MS,ASO,CE,Federal Contract Tower,0,6,11,37,54,0,1,57,12,70,0,7,68,49,124,16,30,46,170
05/17/2013,GTR,MS,ASO,CE,Federal Contract Tower,0,10,10,25,45,0,0,9,8,17,0,10,19,33,62,12,6,18,80
05/18/2013,GTR,MS,ASO,CE,Federal Contract Tower,0,3,13,9,25,0,3,12,0,15,0,6,25,9,40,0,14,14,54
05/19/2013,GTR,MS,ASO,CE,Federal Contract Tower,0,8,13,2,23,0,6,9,0,15,0,14,22,2,38,8,0,8,46
05/20/2013,GTR,MS,ASO,CE,Federal Contract Tower,0,6,13,47,66,0,2,29,15,46,0,8,42,62,112,30,20,50,162
05/21/2013,GTR,MS,ASO,CE,Federal Contract Tower,0,7,22,37,66,0,4,33,14,51,0,11,55,51,117,18,36,54,171
05/22/2013,GTR,MS,ASO,CE,Federal Contract Tower,0,6,13,60,79,0,8,31,10,49,0,14,44,70,128,10,44,54,182
05/23/2013,GTR,MS,ASO,CE,Federal Contract Tower,0,6,20,25,51,0,0,39,7,46,0,6,59,32,97,24,16,40,137
05/24/2013,GTR,MS,ASO,CE,Federal Contract Tower,0,6,3,0,9,0,0,17,0,17,0,6,20,0,26,4,0,4,30
05/25/2013,GTR,MS,ASO,CE,Federal Contract Tower,0,4,3,10,17,0,0,50,2,52,0,4,53,12,69,0,0,0,69
05/26/2013,GTR,MS,ASO,CE,Federal Contract Tower,0,2,1,0,3,0,3,10,0,13,0,5,11,0,16,2,0,2,18
05/27/2013,GTR,MS,ASO,CE,Federal Contract Tower,0,4,2,0,6,0,2,9,0,11,0,6,11,0,17,14,0,14,31
05/28/2013,GTR,MS,ASO,CE,Federal Contract Tower,0,8,5,43,56,0,2,26,8,36,0,10,31,51,92,6,26,32,124
05/29/2013,GTR,MS,ASO,CE,Federal Contract Tower,0,7,2,39,48,0,3,17,25,45,0,10,19,64,93,20,50,70,163
05/30/2013,GTR,MS,ASO,CE,Federal Contract Tower,0,11,3,45,59,0,5,23,23,51,0,16,26,68,110,12,36,48,158
05/31/2013,GTR,MS,ASO,CE,Federal Contract Tower,0,6,3,47,56,0,3,17,46,66,0,9,20,93,122,8,42,50,172
06/01/2013,GTR,MS,ASO,CE,Federal Contract Tower,0,4,5,10,19,0,8,17,8,33,0,12,22,18,52,12,14,26,78
06/02/2013,GTR,MS,ASO,CE,Federal Contract Tower,0,6,2,32,40,0,2,2,11,15,0,8,4,43,55,0,12,12,67
06/03/2013,GTR,MS,ASO,CE,Federal Contract Tower,0,5,4,38,47,0,0,29,7,36,0,5,33,45,83,10,52,62,145
06/04/2013,GTR,MS,ASO,CE,Federal Contract Tower,0,6,10,43,59,0,2,36,13,51,0,8,46,56,110,8,54,62,172
06/05/2013,GTR,MS,ASO,CE,Federal Contract Tower,0,5,11,19,35,0,0,12,4,16,0,5,23,23,51,10,0,10,61
06/06/2013,GTR,MS,ASO,CE,Federal Contract Tower,2,7,8,21,38,0,0,9,10,19,2,7,17,31,57,16,2,18,75
06/07/2013,GTR,MS,ASO,CE,Federal Contract Tower,0,7,2,47,56,0,0,15,32,47,0,7,17,79,103,16,52,68,171
06/08/2013,GTR,MS,ASO,CE,Federal Contract Tower,0,5,5,22,32,0,0,29,4,33,0,5,34,26,65,6,8,14,79
06/09/2013,GTR,MS,ASO,CE,Federal Contract Tower,0,6,14,16,36,0,2,8,7,17,0,8,22,23,53,0,4,4,57
06/10/2013,GTR,MS,ASO,CE,Federal Contract Tower,0,6,20,34,60,0,0,33,14,47,0,6,53,48,107,2,28,30,137
06/11/2013,GTR,MS,ASO,CE,Federal Contract Tower,0,16,12,33,61,0,3,66,10,79,0,19,78,43,140,20,36,56,196
06/12/2013,GTR,MS,ASO,CE,Federal Contract Tower,0,8,5,43,56,0,2,15,17,34,0,10,20,60,90,0,80,80,170
06/13/2013,GTR,MS,ASO,CE,Federal Contract Tower,2,8,12,55,77,0,1,19,13,33,2,9,31,68,110,6,106,112,222
06/14/2013,GTR,MS,ASO,CE,Federal Contract Tower,0,6,4,48,58,0,3,46,11,60,0,9,50,59,118,10,36,46,164
06/15/2013,GTR,MS,ASO,CE,Federal Contract Tower,4,6,16,0,26,0,2,21,6,29,4,8,37,6,55,2,28,30,85
06/16/2013,GTR,MS,ASO,CE,Federal Contract Tower,0,6,11,5,22,0,2,7,4,13,0,8,18,9,35,4,6,10,45
06/17/2013,GTR,MS,ASO,CE,Federal Contract Tower,0,5,18,33,56,0,0,18,12,30,0,5,36,45,86,0,8,8,94
06/18/2013,GTR,MS,ASO,CE,Federal Contract Tower,0,4,6,58,68,0,0,29,16,45,0,4,35,74,113,2,24,26,139
06/19/2013,GTR,MS,ASO,CE,Federal Contract Tower,0,8,11,36,55,0,11,66,8,85,0,19,77,44,140,38,36,74,214
06/20/2013,GTR,MS,ASO,CE,Federal Contract Tower,0,8,19,51,78,0,1,37,14,52,0,9,56,65,130,26,28,54,184
06/21/2013,GTR,MS,ASO,CE,Federal Contract Tower,0,7,5,58,70,0,4,38,27,69,0,11,43,85,139,16,66,82,221
06/22/2013,GTR,MS,ASO,CE,Federal Contract Tower,0,4,7,25,36,0,0,25,15,40,0,4,32,40,76,20,52,72,148
06/23/2013,GTR,MS,ASO,CE,Federal Contract Tower,0,8,11,21,40,0,6,23,4,33,0,14,34,25,73,14,2,16,89
06/24/2013,GTR,MS,ASO,CE,Federal Contract Tower,0,5,17,41,63,0,2,19,15,36,0,7,36,56,99,22,24,46,145
06/25/2013,GTR,MS,ASO,CE,Federal Contract Tower,0,7,16,37,60,0,2,27,19,48,0,9,43,56,108,10,80,90,198
06/26/2013,GTR,MS,ASO,CE,Federal Contract Tower,4,7,14,37,62,0,4,29,6,39,4,11,43,43,101,12,20,32,133
06/27/2013,GTR,MS,ASO,CE,Federal Contract Tower,0,8,7,35,50,0,0,40,8,48,0,8,47,43,98,2,56,58,156
06/28/2013,GTR,MS,ASO,CE,Federal Contract Tower,0,4,10,47,61,0,0,31,16,47,0,4,41,63,108,12,70,82,190
06/29/2013,GTR,MS,ASO,CE,Federal Contract Tower,0,4,5,19,28,0,0,8,15,23,0,4,13,34,51,0,40,40,91
06/30/2013,GTR,MS,ASO,CE,Federal Contract Tower,0,6,2,17,25,0,4,3,0,7,0,10,5,17,32,0,14,14,46
07/01/2013,GTR,MS,ASO,CE,Federal Contract Tower,0,4,3,42,49,0,0,24,23,47,0,4,27,65,96,2,26,28,124
07/02/2013,GTR,MS,ASO,CE,Federal Contract Tower,0,4,11,32,47,0,0,49,12,61,0,4,60,44,108,8,32,40,148
07/03/2013,GTR,MS,ASO,CE,Federal Contract Tower,0,6,8,22,36,0,0,29,9,38,0,6,37,31,74,4,10,14,88
07/04/2013,GTR,MS,ASO,CE,Federal Contract Tower,0,2,0,4,6,0,0,2,0,2,0,2,2,4,8,0,0,0,8
07/05/2013,GTR,MS,ASO,CE,Federal Contract Tower,0,3,4,1,8,0,0,4,0,4,0,3,8,1,12,10,0,10,22
07/06/2013,GTR,MS,ASO,CE,Federal Contract Tower,0,3,3,0,6,0,1,5,0,6,0,4,8,0,12,0,0,0,12
07/07/2013,GTR,MS,ASO,CE,Federal Contract Tower,0,7,7,0,14,0,3,4,0,7,0,10,11,0,21,0,0,0,21
07/08/2013,GTR,MS,ASO,CE,Federal Contract Tower,0,7,10,52,69,0,5,27,17,49,0,12,37,69,118,30,28,58,176
07/09/2013,GTR,MS,ASO,CE,Federal Contract Tower,0,8,11,41,60,0,0,36,42,78,0,8,47,83,138,10,52,62,200
07/10/2013,GTR,MS,ASO,CE,Federal Contract Tower,0,7,7,35,49,0,2,31,18,51,0,9,38,53,100,0,10,10,110
07/11/2013,GTR,MS,ASO,CE,Federal Contract Tower,0,7,4,47,58,0,0,13,7,20,0,7,17,54,78,4,6,10,88
07/12/2013,GTR,MS,ASO,CE,Federal Contract Tower,0,5,12,48,65,0,0,55,8,63,0,5,67,56,128,20,14,34,162
07/13/2013,GTR,MS,ASO,CE,Federal Contract Tower,0,4,4,11,19,0,6,43,8,57,0,10,47,19,76,18,12,30,106
07/14/2013,GTR,MS,ASO,CE,Federal Contract Tower,0,6,19,15,40,0,2,10,7,19,0,8,29,22,59,2,2,4,63
07/15/2013,GTR,MS,ASO,CE,Federal Contract Tower,0,6,18,40,64,0,0,13,12,25,0,6,31,52,89,38,30,68,157
07/16/2013,GTR,MS,ASO,CE,Federal Contract Tower,0,6,25,38,69,0,1,46,37,84,0,7,71,75,153,26,10,36,189
07/17/2013,GTR,MS,ASO,CE,Federal Contract Tower,0,7,19,55,81,0,0,48,12,60,0,7,67,67,141,8,18,26,167
07/18/2013,GTR,MS,ASO,CE,Federal Contract Tower,0,5,14,55,74,0,2,37,20,59,0,7,51,75,133,62,104,166,299
07/19/2013,GTR,MS,ASO,CE,Federal Contract Tower,0,9,4,45,58,0,2,38,4,44,0,11,42,49,102,26,106,132,234
07/20/2013,GTR,MS,ASO,CE,Federal Contract Tower,0,3,9,20,32,0,2,37,5,44,0,5,46,25,76,12,28,40,116
07/21/2013,GTR,MS,ASO,CE,Federal Contract Tower,0,8,14,17,39,0,4,23,6,33,0,12,37,23,72,6,0,6,78
07/22/2013,GTR,MS,ASO,CE,Federal Contract Tower,0,5,18,29,52,0,7,18,5,30,0,12,36,34,82,20,34,54,136
07/23/2013,GTR,MS,ASO,CE,Federal Contract Tower,0,5,19,47,71,0,4,34,11,49,0,9,53,58,120,34,28,62,182
07/24/2013,GTR,MS,ASO,CE,Federal Contract Tower,0,10,24,38,72,0,4,49,10,63,0,14,73,48,135,16,74,90,225
07/25/2013,GTR,MS,ASO,CE,Federal Contract Tower,0,8,15,51,74,0,0,44,24,68,0,8,59,75,142,12,62,74,216
07/26/2013,GTR,MS,ASO,CE,Federal Contract Tower,0,5,5,60,70,0,4,22,4,30,0,9,27,64,100,28,134,162,262
07/27/2013,GTR,MS,ASO,CE,Federal Contract Tower,0,4,0,12,16,0,0,11,10,21,0,4,11,22,37,2,24,26,63
07/28/2013,GTR,MS,ASO,CE,Federal Contract Tower,0,6,14,17,37,0,2,16,7,25,0,8,30,24,62,2,0,2,64
07/29/2013,GTR,MS,ASO,CE,Federal Contract Tower,0,10,11,40,61,0,2,28,12,42,0,12,39,52,103,42,72,114,217
07/30/2013,GTR,MS,ASO,CE,Federal Contract Tower,0,8,20,35,63,0,0,49,13,62,0,8,69,48,125,18,30,48,173
07/31/2013,GTR,MS,ASO,CE,Federal Contract Tower,0,9,21,35,65,0,0,19,8,27,0,9,40,43,92,30,20,50,142
08/01/2013,GTR,MS,ASO,CE,Federal Contract Tower,0,7,19,34,60,0,2,38,25,65,0,9,57,59,125,12,18,30,155
08/02/2013,GTR,MS,ASO,CE,Federal Contract Tower,0,6,12,28,46,0,2,39,3,44,0,8,51,31,90,22,24,46,136
08/03/2013,GTR,MS,ASO,CE,Federal Contract Tower,0,8,4,4,16,0,4,18,4,26,0,12,22,8,42,2,10,12,54
08/04/2013,GTR,MS,ASO,CE,Federal Contract Tower,0,8,4,4,16,0,1,8,6,15,0,9,12,10,31,6,8,14,45
08/05/2013,GTR,MS,ASO,CE,Federal Contract Tower,0,4,11,33,48,0,0,13,10,23,0,4,24,43,71,8,6,14,85
08/06/2013,GTR,MS,ASO,CE,Federal Contract Tower,0,7,12,22,41,0,3,31,11,45,0,10,43,33,86,4,2,6,92
08/07/2013,GTR,MS,ASO,CE,Federal Contract Tower,0,5,19,23,47,0,0,38,8,46,0,5,57,31,93,6,8,14,107
08/08/2013,GTR,MS,ASO,CE,Federal Contract Tower,0,6,12,31,49,0,7,29,5,41,0,13,41,36,90,6,2,8,98
08/09/2013,GTR,MS,ASO,CE,Federal Contract Tower,0,8,7,47,62,0,0,18,11,29,0,8,25,58,91,8,8,16,107
08/10/2013,GTR,MS,ASO,CE,Federal Contract Tower,0,5,1,11,17,0,0,8,3,11,0,5,9,14,28,4,24,28,56
08/11/2013,GTR,MS,ASO,CE,Federal Contract Tower,0,7,9,14,30,0,5,9,6,20,0,12,18,20,50,0,4,4,54
08/12/2013,GTR,MS,ASO,CE,Federal Contract Tower,0,5,13,53,71,0,2,30,15,47,0,7,43,68,118,30,26,56,174
08/13/2013,GTR,MS,ASO,CE,Federal Contract Tower,0,7,33,44,84,0,0,23,2,25,0,7,56,46,109,0,0,0,109
08/14/2013,GTR,MS,ASO,CE,Federal Contract Tower,0,9,21,40,70,0,2,14,16,32,0,11,35,56,102,6,12,18,120
08/15/2013,GTR,MS,ASO,CE,Federal Contract Tower,0,10,9,51,70,0,1,70,18,89,0,11,79,69,159,48,50,98,257
08/16/2013,GTR,MS,ASO,CE,Federal Contract Tower,0,8,5,84,97,0,6,18,14,38,0,14,23,98,135,14,48,62,197
08/17/2013,GTR,MS,ASO,CE,Federal Contract Tower,0,3,13,22,38,0,2,23,8,33,0,5,36,30,71,26,76,102,173
08/18/2013,GTR,MS,ASO,CE,Federal Contract Tower,0,7,9,31,47,0,0,0,2,2,0,7,9,33,49,0,0,0,49
08/19/2013,GTR,MS,ASO,CE,Federal Contract Tower,0,6,23,34,63,0,0,8,3,11,0,6,31,37,74,8,4,12,86
08/20/2013,GTR,MS,ASO,CE,Federal Contract Tower,0,6,20,43,69,0,3,27,28,58,0,9,47,71,127,42,2,44,171
08/21/2013,GTR,MS,ASO,CE,Federal Contract Tower,0,7,27,44,78,0,3,16,9,28,0,10,43,53,106,0,30,30,136
08/22/2013,GTR,MS,ASO,CE,Federal Contract Tower,0,6,12,36,54,0,0,25,19,44,0,6,37,55,98,10,8,18,116
08/23/2013,GTR,MS,ASO,CE,Federal Contract Tower,0,6,13,51,70,0,1,44,22,67,0,7,57,73,137,56,60,116,253
08/24/2013,GTR,MS,ASO,CE,Federal Contract Tower,0,5,7,6,18,0,0,24,4,28,0,5,31,10,46,0,14,14,60
08/25/2013,GTR,MS,ASO,CE,Federal Contract Tower,0,7,16,5,28,0,4,19,3,26,0,11,35,8,54,2,0,2,56
08/26/2013,GTR,MS,ASO,CE,Federal Contract Tower,0,8,19,33,60,0,1,43,7,51,0,9,62,40,111,20,6,26,137
08/27/2013,GTR,MS,ASO,CE,Federal Contract Tower,0,6,19,51,76,0,0,52,12,64,0,6,71,63,140,12,0,12,152
08/28/2013,GTR,MS,ASO,CE,Federal Contract Tower,0,6,12,45,63,0,1,32,12,45,0,7,44,57,108,20,28,48,156
08/29/2013,GTR,MS,ASO,CE,Federal Contract Tower,0,9,10,43,62,0,5,37,8,50,0,14,47,51,112,2,22,24,136
08/30/2013,GTR,MS,ASO,CE,Federal Contract Tower,2,7,3,21,33,0,4,29,3,36,2,11,32,24,69,14,26,40,109
08/31/2013,GTR,MS,ASO,CE,Federal Contract Tower,0,4,1,0,5,0,0,11,0,11,0,4,12,0,16,0,0,0,16
09/01/2013,GTR,MS,ASO,CE,Federal Contract Tower,0,4,1,0,5,0,1,13,0,14,0,5,14,0,19,4,0,4,23
09/02/2013,GTR,MS,ASO,CE,Federal Contract Tower,0,6,3,0,9,0,0,6,0,6,0,6,9,0,15,0,0,0,15
09/03/2013,GTR,MS,ASO,CE,Federal Contract Tower,0,6,11,28,45,0,5,24,7,36,0,11,35,35,81,4,14,18,99
09/04/2013,GTR,MS,ASO,CE,Federal Contract Tower,0,6,8,65,79,0,7,25,18,50,0,13,33,83,129,4,48,52,181
09/05/2013,GTR,MS,ASO,CE,Federal Contract Tower,0,7,16,25,48,0,1,31,6,38,0,8,47,31,86,26,16,42,128
09/06/2013,GTR,MS,ASO,CE,Federal Contract Tower,0,9,10,54,73,0,0,20,6,26,0,9,30,60,99,0,56,56,155
09/07/2013,GTR,MS,ASO,CE,Federal Contract Tower,0,4,0,25,29,0,0,18,3,21,0,4,18,28,50,6,30,36,86
09/08/2013,GTR,MS,ASO,CE,Federal Contract Tower,0,6,1,22,29,0,0,10,1,11,0,6,11,23,40,0,0,0,40
09/09/2013,GTR,MS,ASO,CE,Federal Contract Tower,0,6,17,18,41,0,0,24,6,30,0,6,41,24,71,10,8,18,89
09/10/2013,GTR,MS,ASO,CE,Federal Contract Tower,0,8,5,22,35,0,2,41,15,58,0,10,46,37,93,38,14,52,145
09/11/2013,GTR,MS,ASO,CE,Federal Contract Tower,0,8,13,8,29,0,3,29,13,45,0,11,42,21,74,24,6,30,104
09/12/2013,GTR,MS,ASO,CE,Federal Contract Tower,0,7,15,21,43,0,1,51,8,60,0,8,66,29,103,48,6,54,157
09/13/2013,GTR,MS,ASO,CE,Federal Contract Tower,0,9,16,13,38,0,4,26,6,36,0,13,42,19,74,8,8,16,90
09/14/2013,GTR,MS,ASO,CE,Federal Contract Tower,0,4,7,9,20,0,2,15,7,24,0,6,22,16,44,6,18,24,68
09/15/2013,GTR,MS,ASO,CE,Federal Contract Tower,0,10,20,15,45,0,1,8,0,9,0,11,28,15,54,0,0,0,54
09/16/2013,GTR,MS,ASO,CE,Federal Contract Tower,0,9,14,29,52,0,4,17,12,33,0,13,31,41,85,14,12,26,111
09/17/2013,GTR,MS,ASO,CE,Federal Contract Tower,0,7,21,31,59,0,1,15,14,30,0,8,36,45,89,10,4,14,103
09/18/2013,GTR,MS,ASO,CE,Federal Contract Tower,0,7,27,32,66,0,3,19,17,39,0,10,46,49,105,10,52,62,167
09/19/2013,GTR,MS,ASO,CE,Federal Contract Tower,0,9,21,5,35,0,3,41,7,51,0,12,62,12,86,18,2,20,106
09/20/2013,GTR,MS,ASO,CE,Federal Contract Tower,0,7,17,18,42,0,0,19,8,27,0,7,36,26,69,4,26,30,99
09/21/2013,GTR,MS,ASO,CE,Federal Contract Tower,0,7,5,5,17,0,0,3,0,3,0,7,8,5,20,0,0,0,20
09/22/2013,GTR,MS,ASO,CE,Federal Contract Tower,0,8,6,4,18,0,0,9,0,9,0,8,15,4,27,2,0,2,29
09/23/2013,GTR,MS,ASO,CE,Federal Contract Tower,0,13,19,32,64,0,3,14,18,35,0,16,33,50,99,16,2,18,117
09/24/2013,GTR,MS,ASO,CE,Federal Contract Tower,0,10,18,2,30,0,0,1,0,1,0,10,19,2,31,0,0,0,31
09/25/2013,GTR,MS,ASO,CE,Federal Contract Tower,0,6,16,19,41,0,2,30,17,49,0,8,46,36,90,4,10,14,104
09/26/2013,GTR,MS,ASO,CE,Federal Contract Tower,0,8,34,28,70,0,1,9,12,22,0,9,43,40,92,0,42,42,134
09/27/2013,GTR,MS,ASO,CE,Federal Contract Tower,0,8,27,31,66,0,4,16,16,36,0,12,43,47,102,4,58,62,164
09/28/2013,GTR,MS,ASO,CE,Federal Contract Tower,0,4,6,8,18,0,5,18,1,24,0,9,24,9,42,22,18,40,82
09/29/2013,GTR,MS,ASO,CE,Federal Contract Tower,0,12,11,13,36,0,1,7,7,15,0,13,18,20,51,6,6,12,63
09/30/2013,GTR,MS,ASO,CE,Federal Contract Tower,0,6,5,71,82,0,4,9,10,23,0,10,14,81,105,0,10,10,115
10/01/2013,GTR,MS,ASO,CE,Federal Contract Tower,0,6,12,31,49,0,5,18,11,34,0,11,30,42,83,12,12,24,107
10/02/2013,GTR,MS,ASO,CE,Federal Contract Tower,0,8,9,18,35,0,4,15,14,33,0,12,24,32,68,6,4,10,78
10/03/2013,GTR,MS,ASO,CE,Federal Contract Tower,0,6,7,31,44,0,0,9,22,31,0,6,16,53,75,0,18,18,93
10/04/2013,GTR,MS,ASO,CE,Federal Contract Tower,0,7,8,38,53,0,2,16,20,38,0,9,24,58,91,22,28,50,141
10/05/2013,GTR,MS,ASO,CE,Federal Contract Tower,0,6,2,12,20,0,0,12,1,13,0,6,14,13,33,8,4,12,45
10/06/2013,GTR,MS,ASO,CE,Federal Contract Tower,0,6,2,8,16,0,0,1,0,1,0,6,3,8,17,0,0,0,17
10/07/2013,GTR,MS,ASO,CE,Federal Contract Tower,0,6,5,14,25,0,0,11,14,25,0,6,16,28,50,8,0,8,58
10/08/2013,GTR,MS,ASO,CE,Federal Contract Tower,0,6,8,18,32,0,1,45,20,66,0,7,53,38,98,16,6,22,120
10/09/2013,GTR,MS,ASO,CE,Federal Contract Tower,0,10,19,22,51,0,0,8,36,44,0,10,27,58,95,0,18,18,113
10/10/2013,GTR,MS,ASO,CE,Federal Contract Tower,0,10,15,17,42,0,5,33,11,49,0,15,48,28,91,12,22,34,125
10/11/2013,GTR,MS,ASO,CE,Federal Contract Tower,2,7,11,11,31,0,6,42,5,53,2,13,53,16,84,8,10,18,102
10/12/2013,GTR,MS,ASO,CE,Federal Contract Tower,0,5,6,0,11,0,0,35,0,35,0,5,41,0,46,2,0,2,48
10/13/2013,GTR,MS,ASO,CE,Federal Contract Tower,0,6,10,0,16,0,2,1,0,3,0,8,11,0,19,0,0,0,19
10/14/2013,GTR,MS,ASO,CE,Federal Contract Tower,0,8,9,0,17,0,2,20,0,22,0,10,29,0,39,0,0,0,39
10/15/2013,GTR,MS,ASO,CE,Federal Contract Tower,0,8,12,17,37,0,1,28,11,40,0,9,40,28,77,10,28,38,115
10/16/2013,GTR,MS,ASO,CE,Federal Contract Tower,0,9,28,0,37,0,0,0,0,0,0,9,28,0,37,0,0,0,37
10/17/2013,GTR,MS,ASO,CE,Federal Contract Tower,0,6,33,24,63,0,0,11,8,19,0,6,44,32,82,2,4,6,88
10/18/2013,GTR,MS,ASO,CE,Federal Contract Tower,0,6,13,30,49,0,2,24,15,41,0,8,37,45,90,10,24,34,124
10/19/2013,GTR,MS,ASO,CE,Federal Contract Tower,0,6,4,34,44,0,2,22,1,25,0,8,26,35,69,36,14,50,119
10/20/2013,GTR,MS,ASO,CE,Federal Contract Tower,0,6,9,11,26,0,0,9,1,10,0,6,18,12,36,0,0,0,36
10/21/2013,GTR,MS,ASO,CE,Federal Contract Tower,0,6,9,8,23,0,2,29,10,41,0,8,38,18,64,30,2,32,96
10/22/2013,GTR,MS,ASO,CE,Federal Contract Tower,0,10,16,36,62,0,0,22,21,43,0,10,38,57,105,18,20,38,143
10/23/2013,GTR,MS,ASO,CE,Federal Contract Tower,0,7,13,19,39,0,0,28,18,46,0,7,41,37,85,8,18,26,111
10/24/2013,GTR,MS,ASO,CE,Federal Contract Tower,4,7,7,34,52,0,0,15,20,35,4,7,22,54,87,18,32,50,137
10/25/2013,GTR,MS,ASO,CE,Federal Contract Tower,0,10,16,35,61,0,1,31,17,49,0,11,47,52,110,10,28,38,148
10/26/2013,GTR,MS,ASO,CE,Federal Contract Tower,0,5,2,23,30,0,2,20,3,25,0,7,22,26,55,24,20,44,99
10/27/2013,GTR,MS,ASO,CE,Federal Contract Tower,0,6,5,14,25,0,0,13,3,16,0,6,18,17,41,12,2,14,55
10/28/2013,GTR,MS,ASO,CE,Federal Contract Tower,0,7,14,15,36,0,0,12,23,35,0,7,26,38,71,12,8,20,91
10/29/2013,GTR,MS,ASO,CE,Federal Contract Tower,0,7,16,26,49,0,2,27,16,45,0,9,43,42,94,22,38,60,154
10/30/2013,GTR,MS,ASO,CE,Federal Contract Tower,0,7,11,27,45,0,0,30,20,50,0,7,41,47,95,2,6,8,103
10/31/2013,GTR,MS,ASO,CE,Federal Contract Tower,0,8,14,3,25,0,0,0,0,0,0,8,14,3,25,0,0,0,25
11/01/2013,GTR,MS,ASO,CE,Federal Contract Tower,2,8,24,19,53,0,8,32,12,52,2,16,56,31,105,8,26,34,139
11/02/2013,GTR,MS,ASO,CE,Federal Contract Tower,2,4,7,14,27,0,1,18,7,26,2,5,25,21,53,10,4,14,67
11/03/2013,GTR,MS,ASO,CE,Federal Contract Tower,0,8,6,15,29,0,3,9,0,12,0,11,15,15,41,0,0,0,41
11/04/2013,GTR,MS,ASO,CE,Federal Contract Tower,0,6,4,34,44,0,5,21,15,41,0,11,25,49,85,16,18,34,119
11/05/2013,GTR,MS,ASO,CE,Federal Contract Tower,0,8,6,33,47,0,1,26,21,48,0,9,32,54,95,10,16,26,121
11/06/2013,GTR,MS,ASO,CE,Federal Contract Tower,0,11,6,40,57,0,0,33,12,45,0,11,39,52,102,28,0,28,130
11/07/2013,GTR,MS,ASO,CE,Federal Contract Tower,0,8,3,37,48,0,1,31,28,60,0,9,34,65,108,6,10,16,124
11/08/2013,GTR,MS,ASO,CE,Federal Contract Tower,2,13,8,36,59,0,6,36,10,52,2,19,44,46,111,46,34,80,191
11/09/2013,GTR,MS,ASO,CE,Federal Contract Tower,0,5,6,14,25,0,0,9,0,9,0,5,15,14,34,6,0,6,40
11/10/2013,GTR,MS,ASO,CE,Federal Contract Tower,0,6,1,15,22,0,0,4,0,4,0,6,5,15,26,0,0,0,26
11/11/2013,GTR,MS,ASO,CE,Federal Contract Tower,0,5,10,5,20,0,3,24,1,28,0,8,34,6,48,14,0,14,62
11/12/2013,GTR,MS,ASO,CE,Federal Contract Tower,0,8,6,46,60,0,0,7,35,42,0,8,13,81,102,8,0,8,110
11/13/2013,GTR,MS,ASO,CE,Federal Contract Tower,0,6,14,32,52,0,2,42,17,61,0,8,56,49,113,40,8,48,161
11/14/2013,GTR,MS,ASO,CE,Federal Contract Tower,0,6,14,24,44,0,2,39,15,56,0,8,53,39,100,6,10,16,116
11/15/2013,GTR,MS,ASO,CE,Federal Contract Tower,0,6,24,44,74,0,0,7,9,16,0,6,31,53,90,0,0,0,90
11/16/2013,GTR,MS,ASO,CE,Federal Contract Tower,0,5,9,17,31,0,0,0,0,0,0,5,9,17,31,0,0,0,31
11/17/2013,GTR,MS,ASO,CE,Federal Contract Tower,0,6,11,12,29,0,1,0,0,1,0,7,11,12,30,0,0,0,30
11/18/2013,GTR,MS,ASO,CE,Federal Contract Tower,0,8,10,25,43,0,0,14,21,35,0,8,24,46,78,20,8,28,106
11/19/2013,GTR,MS,ASO,CE,Federal Contract Tower,0,9,18,17,44,0,2,24,13,39,0,11,42,30,83,12,0,12,95
11/20/2013,GTR,MS,ASO,CE,Federal Contract Tower,0,9,21,30,60,0,4,35,17,56,0,13,56,47,116,8,0,8,124
11/21/2013,GTR,MS,ASO,CE,Federal Contract Tower,0,7,34,54,95,0,0,24,15,39,0,7,58,69,134,0,44,44,178
11/22/2013,GTR,MS,ASO,CE,Federal Contract Tower,2,6,18,18,44,0,0,2,0,2,2,6,20,18,46,0,0,0,46
11/23/2013,GTR,MS,ASO,CE,Federal Contract Tower,2,3,0,12,17,0,0,2,1,3,2,3,2,13,20,0,10,10,30
11/24/2013,GTR,MS,ASO,CE,Federal Contract Tower,0,7,1,9,17,0,0,10,2,12,0,7,11,11,29,8,2,10,39
11/25/2013,GTR,MS,ASO,CE,Federal Contract Tower,0,4,6,43,53,0,0,2,21,23,0,4,8,64,76,6,18,24,100
11/26/2013,GTR,MS,ASO,CE,Federal Contract Tower,0,5,8,0,13,0,0,0,0,0,0,5,8,0,13,0,0,0,13
11/27/2013,GTR,MS,ASO,CE,Federal Contract Tower,0,8,7,20,35,0,0,6,10,16,0,8,13,30,51,6,14,20,71
11/28/2013,GTR,MS,ASO,CE,Federal Contract Tower,0,2,5,0,7,0,0,4,0,4,0,2,9,0,11,0,0,0,11
11/29/2013,GTR,MS,ASO,CE,Federal Contract Tower,0,5,1,0,6,0,0,17,0,17,0,5,18,0,23,8,0,8,31
11/30/2013,GTR,MS,ASO,CE,Federal Contract Tower,0,4,5,0,9,0,0,8,0,8,0,4,13,0,17,0,0,0,17
12/01/2013,GTR,MS,ASO,CE,Federal Contract Tower,0,10,12,0,22,0,0,3,0,3,0,10,15,0,25,0,0,0,25
12/02/2013,GTR,MS,ASO,CE,Federal Contract Tower,0,5,11,31,47,0,0,1,0,1,0,5,12,31,48,6,0,6,54
12/03/2013,GTR,MS,ASO,CE,Federal Contract Tower,0,6,15,26,47,0,0,15,14,29,0,6,30,40,76,6,2,8,84
12/04/2013,GTR,MS,ASO,CE,Federal Contract Tower,0,5,27,14,46,0,2,19,12,33,0,7,46,26,79,12,0,12,91
12/05/2013,GTR,MS,ASO,CE,Federal Contract Tower,0,6,19,22,47,0,0,33,23,56,0,6,52,45,103,20,2,22,125
12/06/2013,GTR,MS,ASO,CE,Federal Contract Tower,0,6,8,11,25,0,0,0,0,0,0,6,8,11,25,0,0,0,25
12/07/2013,GTR,MS,ASO,CE,Federal Contract Tower,0,4,5,0,9,0,0,0,0,0,0,4,5,0,9,0,0,0,9
12/08/2013,GTR,MS,ASO,CE,Federal Contract Tower,0,6,4,7,17,0,0,0,0,0,0,6,4,7,17,0,0,0,17
12/09/2013,GTR,MS,ASO,CE,Federal Contract Tower,0,8,11,38,57,0,0,0,0,0,0,8,11,38,57,0,0,0,57
12/10/2013,GTR,MS,ASO,CE,Federal Contract Tower,0,6,21,38,65,0,0,42,17,59,0,6,63,55,124,26,20,46,170
12/11/2013,GTR,MS,ASO,CE,Federal Contract Tower,0,6,17,26,49,0,0,39,23,62,0,6,56,49,111,14,14,28,139
12/12/2013,GTR,MS,ASO,CE,Federal Contract Tower,0,9,15,21,45,0,0,49,16,65,0,9,64,37,110,26,18,44,154
12/13/2013,GTR,MS,ASO,CE,Federal Contract Tower,0,8,11,29,48,0,0,38,15,53,0,8,49,44,101,16,26,42,143
12/14/2013,GTR,MS,ASO,CE,Federal Contract Tower,0,4,2,16,22,0,0,0,0,0,0,4,2,16,22,0,0,0,22
12/15/2013,GTR,MS,ASO,CE,Federal Contract Tower,0,6,4,8,18,0,0,0,2,2,0,6,4,10,20,0,0,0,20
12/16/2013,GTR,MS,ASO,CE,Federal Contract Tower,0,9,11,30,50,0,3,12,26,41,0,12,23,56,91,18,24,42,133
12/17/2013,GTR,MS,ASO,CE,Federal Contract Tower,0,6,13,24,43,30,0,0,16,46,30,6,13,40,89,14,8,22,111
12/18/2013,GTR,MS,ASO,CE,Federal Contract Tower,0,6,16,16,38,0,0,43,26,69,0,6,59,42,107,6,8,14,121
12/19/2013,GTR,MS,ASO,CE,Federal Contract Tower,0,6,19,25,50,0,0,30,23,53,0,6,49,48,103,0,16,16,119
12/20/2013,GTR,MS,ASO,CE,Federal Contract Tower,0,8,27,36,71,0,0,3,8,11,0,8,30,44,82,0,2,2,84
12/21/2013,GTR,MS,ASO,CE,Federal Contract Tower,0,6,4,0,10,0,0,2,0,2,0,6,6,0,12,2,0,2,14
12/22/2013,GTR,MS,ASO,CE,Federal Contract Tower,0,8,4,0,12,0,0,0,0,0,0,8,4,0,12,0,0,0,12
12/23/2013,GTR,MS,ASO,CE,Federal Contract Tower,0,4,11,0,15,0,0,2,0,2,0,4,13,0,17,0,0,0,17
12/24/2013,GTR,MS,ASO,CE,Federal Contract Tower,0,2,4,0,6,0,0,4,0,4,0,2,8,0,10,2,0,2,12
12/25/2013,GTR,MS,ASO,CE,Federal Contract Tower,0,4,6,0,10,0,0,0,0,0,0,4,6,0,10,0,0,0,10
12/26/2013,GTR,MS,ASO,CE,Federal Contract Tower,0,7,2,0,9,0,0,2,0,2,0,7,4,0,11,0,0,0,11
12/27/2013,GTR,MS,ASO,CE,Federal Contract Tower,0,6,6,13,25,0,0,4,7,11,0,6,10,20,36,0,36,36,72
12/28/2013,GTR,MS,ASO,CE,Federal Contract Tower,0,6,4,0,10,0,0,2,0,2,0,6,6,0,12,0,0,0,12
12/29/2013,GTR,MS,ASO,CE,Federal Contract Tower,0,4,4,0,8,0,0,2,0,2,0,4,6,0,10,0,0,0,10
12/30/2013,GTR,MS,ASO,CE,Federal Contract Tower,0,4,2,0,6,0,0,3,0,3,0,4,5,0,9,0,0,0,9
12/31/2013,GTR,MS,ASO,CE,Federal Contract Tower,0,2,3,0,5,0,0,3,0,3,0,2,6,0,8,0,0,0,8
01/01/2014,GTR,MS,ASO,CE,Federal Contract Tower,0,5,2,0,7,0,0,0,0,0,0,5,2,0,7,0,0,0,7
01/02/2014,GTR,MS,ASO,CE,Federal Contract Tower,0,6,1,0,7,0,0,1,0,1,0,6,2,0,8,0,0,0,8
01/03/2014,GTR,MS,ASO,CE,Federal Contract Tower,0,6,1,64,71,0,0,4,21,25,0,6,5,85,96,0,78,78,174
01/04/2014,GTR,MS,ASO,CE,Federal Contract Tower,0,7,6,54,67,0,4,7,5,16,0,11,13,59,83,12,10,22,105
01/05/2014,GTR,MS,ASO,CE,Federal Contract Tower,0,7,13,22,42,0,0,5,0,5,0,7,18,22,47,0,0,0,47
01/06/2014,GTR,MS,ASO,CE,Federal Contract Tower,0,5,12,23,40,0,0,8,10,18,0,5,20,33,58,0,36,36,94
01/07/2014,GTR,MS,ASO,CE,Federal Contract Tower,0,9,19,16,44,0,0,26,14,40,0,9,45,30,84,12,24,36,120
01/08/2014,GTR,MS,ASO,CE,Federal Contract Tower,0,11,18,30,59,0,0,20,27,47,0,11,38,57,106,26,28,54,160
01/09/2014,GTR,MS,ASO,CE,Federal Contract Tower,0,6,6,24,36,0,0,21,14,35,0,6,27,38,71,22,26,48,119
01/10/2014,GTR,MS,ASO,CE,Federal Contract Tower,0,6,22,10,38,0,0,0,0,0,0,6,22,10,38,0,0,0,38
01/11/2014,GTR,MS,ASO,CE,Federal Contract Tower,0,6,13,18,37,0,0,19,4,23,0,6,32,22,60,18,14,32,92
01/12/2014,GTR,MS,ASO,CE,Federal Contract Tower,0,9,16,5,30,0,0,20,4,24,0,9,36,9,54,8,12,20,74
01/13/2014,GTR,MS,ASO,CE,Federal Contract Tower,0,13,9,0,22,0,0,0,0,0,0,13,9,0,22,0,0,0,22
01/14/2014,GTR,MS,ASO,CE,Federal Contract Tower,0,7,14,13,34,0,1,31,9,41,0,8,45,22,75,70,10,80,155
01/15/2014,GTR,MS,ASO,CE,Federal Contract Tower,0,11,14,26,51,0,0,35,19,54,0,11,49,45,105,34,22,56,161
01/16/2014,GTR,MS,ASO,CE,Federal Contract Tower,0,14,13,32,59,0,0,34,18,52,0,14,47,50,111,82,58,140,251
01/17/2014,GTR,MS,ASO,CE,Federal Contract Tower,1,9,15,9,34,0,0,22,8,30,1,9,37,17,64,16,14,30,94
01/18/2014,GTR,MS,ASO,CE,Federal Contract Tower,1,5,7,1,14,0,0,10,1,11,1,5,17,2,25,6,0,6,31
01/19/2014,GTR,MS,ASO,CE,Federal Contract Tower,0,5,0,5,10,0,0,14,1,15,0,5,14,6,25,44,0,44,69
01/20/2014,GTR,MS,ASO,CE,Federal Contract Tower,0,4,18,1,23,0,0,22,1,23,0,4,40,2,46,32,0,32,78
01/21/2014,GTR,MS,ASO,CE,Federal Contract Tower,0,10,12,40,62,0,0,14,21,35,0,10,26,61,97,6,60,66,163
01/22/2014,GTR,MS,ASO,CE,Federal Contract Tower,0,7,17,17,41,0,0,48,6,54,0,7,65,23,95,22,2,24,119
01/23/2014,GTR,MS,ASO,CE,Federal Contract Tower,0,11,12,64,87,0,4,30,23,57,0,15,42,87,144,28,54,82,226
01/24/2014,GTR,MS,ASO,CE,Federal Contract Tower,0,7,6,16,29,0,0,20,5,25,0,7,26,21,54,16,6,22,76
01/25/2014,GTR,MS,ASO,CE,Federal Contract Tower,0,4,5,6,15,0,0,14,3,17,0,4,19,9,32,2,10,12,44
01/26/2014,GTR,MS,ASO,CE,Federal Contract Tower,0,6,3,7,16,0,0,16,1,17,0,6,19,8,33,16,20,36,69
01/27/2014,GTR,MS,ASO,CE,Federal Contract Tower,0,7,8,47,62,0,0,18,28,46,0,7,26,75,108,10,24,34,142
01/28/2014,GTR,MS,ASO,CE,Federal Contract Tower,0,5,9,51,65,0,0,12,7,19,0,5,21,58,84,8,29,37,121
01/29/2014,GTR,MS,ASO,CE,Federal Contract Tower,0,3,8,40,51,0,2,22,17,41,0,5,30,57,92,14,22,36,128
01/30/2014,GTR,MS,ASO,CE,Federal Contract Tower,0,6,20,23,49,0,0,11,19,30,0,6,31,42,79,24,2,26,105
01/31/2014,GTR,MS,ASO,CE,Federal Contract Tower,0,12,14,31,57,0,0,23,14,37,0,12,37,45,94,6,26,32,126
02/01/2014,GTR,MS,ASO,CE,Federal Contract Tower,0,5,5,16,26,0,0,18,1,19,0,5,23,17,45,20,0,20,65
02/02/2014,GTR,MS,ASO,CE,Federal Contract Tower,0,5,5,6,16,0,0,0,0,0,0,5,5,6,16,0,0,0,16
02/03/2014,GTR,MS,ASO,CE,Federal Contract Tower,0,6,14,36,56,0,0,2,0,2,0,6,16,36,58,4,0,4,62
02/04/2014,GTR,MS,ASO,CE,Federal Contract Tower,0,13,5,14,32,0,0,0,0,0,0,13,5,14,32,0,0,0,32
02/05/2014,GTR,MS,ASO,CE,Federal Contract Tower,0,10,10,26,46,0,0,19,12,31,0,10,29,38,77,4,2,6,83
02/06/2014,GTR,MS,ASO,CE,Federal Contract Tower,0,8,9,26,43,0,4,11,28,43,0,12,20,54,86,8,0,8,94
02/07/2014,GTR,MS,ASO,CE,Federal Contract Tower,2,6,14,51,73,0,0,29,18,47,2,6,43,69,120,30,78,108,228
02/08/2014,GTR,MS,ASO,CE,Federal Contract Tower,2,2,9,18,31,0,0,14,0,14,2,2,23,18,45,2,26,28,73
02/09/2014,GTR,MS,ASO,CE,Federal Contract Tower,0,6,3,14,23,0,0,7,5,12,0,6,10,19,35,12,6,18,53
02/10/2014,GTR,MS,ASO,CE,Federal Contract Tower,0,5,9,38,52,0,0,0,0,0,0,5,9,38,52,0,0,0,52
02/11/2014,GTR,MS,ASO,CE,Federal Contract Tower,0,2,9,0,11,0,0,0,0,0,0,2,9,0,11,0,0,0,11
02/12/2014,GTR,MS,ASO,CE,Federal Contract Tower,0,0,4,0,4,0,0,0,0,0,0,0,4,0,4,0,0,0,4
02/13/2014,GTR,MS,ASO,CE,Federal Contract Tower,0,3,15,35,53,0,0,32,22,54,0,3,47,57,107,30,46,76,183
02/14/2014,GTR,MS,ASO,CE,Federal Contract Tower,0,6,21,14,41,0,0,24,8,32,0,6,45,22,73,22,46,68,141
02/15/2014,GTR,MS,ASO,CE,Federal Contract Tower,0,2,5,0,7,0,0,26,11,37,0,2,31,11,44,64,20,84,128
02/16/2014,GTR,MS,ASO,CE,Federal Contract Tower,0,4,8,0,12,0,0,19,4,23,0,4,27,4,35,10,6,16,51
02/17/2014,GTR,MS,ASO,CE,Federal Contract Tower,0,7,10,6,23,0,0,32,8,40,0,7,42,14,63,44,16,60,123
02/18/2014,GTR,MS,ASO,CE,Federal Contract Tower,0,12,14,34,60,0,0,35,16,51,0,12,49,50,111,30,16,46,157
02/19/2014,GTR,MS,ASO,CE,Federal Contract Tower,0,6,14,48,68,0,0,22,6,28,0,6,36,54,96,2,26,28,124
02/20/2014,GTR,MS,ASO,CE,Federal Contract Tower,0,7,10,13,30,0,0,8,2,10,0,7,18,15,40,0,54,54,94
02/21/2014,GTR,MS,ASO,CE,Federal Contract Tower,0,6,17,38,61,0,0,24,17,41,0,6,41,55,102,32,98,130,232
02/22/2014,GTR,MS,ASO,CE,Federal Contract Tower,0,6,3,23,32,0,0,51,26,77,0,6,54,49,109,30,110,140,249
02/23/2014,GTR,MS,ASO,CE,Federal Contract Tower,0,6,9,26,41,0,0,42,5,47,0,6,51,31,88,0,24,24,112
02/24/2014,GTR,MS,ASO,CE,Federal Contract Tower,0,6,18,23,47,0,0,28,20,48,0,6,46,43,95,10,26,36,131
02/25/2014,GTR,MS,ASO,CE,Federal Contract Tower,0,8,8,49,65,0,0,36,13,49,0,8,44,62,114,0,28,28,142
02/26/2014,GTR,MS,ASO,CE,Federal Contract Tower,0,8,16,35,59,0,0,32,15,47,0,8,48,50,106,10,16,26,132
02/27/2014,GTR,MS,ASO,CE,Federal Contract Tower,0,6,15,36,57,0,0,49,15,64,0,6,64,51,121,22,30,52,173
02/28/2014,GTR,MS,ASO,CE,Federal Contract Tower,0,9,17,30,56,0,4,38,25,67,0,13,55,55,123,6,70,76,199
03/01/2014,GTR,MS,ASO,CE,Federal Contract Tower,0,9,14,15,38,0,0,28,2,30,0,9,42,17,68,14,0,14,82
03/02/2014,GTR,MS,ASO,CE,Federal Contract Tower,0,9,13,10,32,0,0,18,0,18,0,9,31,10,50,2,0,2,52
03/03/2014,GTR,MS,ASO,CE,Federal Contract Tower,0,10,7,2,19,0,0,2,0,2,0,10,9,2,21,0,0,0,21
03/04/2014,GTR,MS,ASO,CE,Federal Contract Tower,0,8,9,24,41,0,0,9,3,12,0,8,18,27,53,0,0,0,53
03/05/2014,GTR,MS,ASO,CE,Federal Contract Tower,0,11,5,37,53,0,0,37,22,59,0,11,42,59,112,6,10,16,128
03/06/2014,GTR,MS,ASO,CE,Federal Contract Tower,0,5,12,50,67,0,0,9,16,25,0,5,21,66,92,0,12,12,104
03/07/2014,GTR,MS,ASO,CE,Federal Contract Tower,0,10,24,37,71,0,0,28,10,38,0,10,52,47,109,2,70,72,181
03/08/2014,GTR,MS,ASO,CE,Federal Contract Tower,0,5,21,24,50,0,0,48,2,50,0,5,69,26,100,16,16,32,132
03/09/2014,GTR,MS,ASO,CE,Federal Contract Tower,0,6,8,9,23,0,0,38,2,40,0,6,46,11,63,2,0,2,65
03/10/2014,GTR,MS,ASO,CE,Federal Contract Tower,0,9,7,33,49,0,0,16,21,37,0,9,23,54,86,18,8,26,112
03/11/2014,GTR,MS,ASO,CE,Federal Contract Tower,0,8,7,45,60,0,0,26,22,48,0,8,33,67,108,8,14,22,130
03/12/2014,GTR,MS,ASO,CE,Federal Contract Tower,0,7,16,74,97,0,0,15,23,38,0,7,31,97,135,6,4,10,145
03/13/2014,GTR,MS,ASO,CE,Federal Contract Tower,0,7,18,55,80,0,4,48,21,73,0,11,66,76,153,4,22,26,179
03/14/2014,GTR,MS,ASO,CE,Federal Contract Tower,0,9,23,36,68,0,0,36,27,63,0,9,59,63,131,20,50,70,201
03/15/2014,GTR,MS,ASO,CE,Federal Contract Tower,0,4,15,18,37,0,0,26,4,30,0,4,41,22,67,22,22,44,111
03/16/2014,GTR,MS,ASO,CE,Federal Contract Tower,0,6,18,11,35,0,0,8,2,10,0,6,26,13,45,0,0,0,45
03/17/2014,GTR,MS,ASO,CE,Federal Contract Tower,0,6,15,63,84,0,0,6,1,7,0,6,21,64,91,0,12,12,103
03/18/2014,GTR,MS,ASO,CE,Federal Contract Tower,0,6,15,43,64,0,9,49,12,70,0,15,64,55,134,6,18,24,158
03/19/2014,GTR,MS,ASO,CE,Federal Contract Tower,0,7,13,39,59,0,0,62,7,69,0,7,75,46,128,0,0,0,128
03/20/2014,GTR,MS,ASO,CE,Federal Contract Tower,0,7,11,30,48,0,0,53,10,63,0,7,64,40,111,20,0,20,131
03/21/2014,GTR,MS,ASO,CE,Federal Contract Tower,0,8,21,16,45,0,0,33,7,40,0,8,54,23,85,26,4,30,115
03/22/2014,GTR,MS,ASO,CE,Federal Contract Tower,0,6,9,2,17,0,0,22,1,23,0,6,31,3,40,6,0,6,46
03/23/2014,GTR,MS,ASO,CE,Federal Contract Tower,0,7,23,16,46,0,0,3,3,6,0,7,26,19,52,0,0,0,52
03/24/2014,GTR,MS,ASO,CE,Federal Contract Tower,0,6,25,29,60,0,0,48,18,66,0,6,73,47,126,32,16,48,174
03/25/2014,GTR,MS,ASO,CE,Federal Contract Tower,0,8,19,30,57,0,0,42,17,59,0,8,61,47,116,0,12,12,128
03/26/2014,GTR,MS,ASO,CE,Federal Contract Tower,0,8,30,37,75,0,0,49,24,73,0,8,79,61,148,16,70,86,234
03/27/2014,GTR,MS,ASO,CE,Federal Contract Tower,0,10,19,37,66,0,0,29,20,49,0,10,48,57,115,2,30,32,147
03/28/2014,GTR,MS,ASO,CE,Federal Contract Tower,0,6,19,76,101,0,0,6,6,12,0,6,25,82,113,0,8,8,121
03/29/2014,GTR,MS,ASO,CE,Federal Contract Tower,0,4,18,18,40,0,4,16,0,20,0,8,34,18,60,16,10,26,86
03/30/2014,GTR,MS,ASO,CE,Federal Contract Tower,0,8,17,6,31,0,0,34,1,35,0,8,51,7,66,0,0,0,66
03/31/2014,GTR,MS,ASO,CE,Federal Contract Tower,0,8,22,31,61,0,0,49,22,71,0,8,71,53,132,58,46,104,236
04/01/2014,GTR,MS,ASO,CE,Federal Contract Tower,0,6,19,23,48,0,0,29,16,45,0,6,48,39,93,8,16,24,117
04/02/2014,GTR,MS,ASO,CE,Federal Contract Tower,0,6,14,49,69,0,0,27,47,74,0,6,41,96,143,0,2,2,145
04/03/2014,GTR,MS,ASO,CE,Federal Contract Tower,0,7,8,32,47,0,2,13,3,18,0,9,21,35,65,4,0,4,69
04/04/2014,GTR,MS,ASO,CE,Federal Contract Tower,0,6,7,15,28,0,0,23,11,34,0,6,30,26,62,20,6,26,88
04/05/2014,GTR,MS,ASO,CE,Federal Contract Tower,0,4,9,5,18,0,0,18,12,30,0,4,27,17,48,4,20,24,72
04/06/2014,GTR,MS,ASO,CE,Federal Contract Tower,0,4,5,2,11,0,0,6,0,6,0,4,11,2,17,4,0,4,21
04/07/2014,GTR,MS,ASO,CE,Federal Contract Tower,0,7,11,28,46,0,0,3,2,5,0,7,14,30,51,0,4,4,55
04/08/2014,GTR,MS,ASO,CE,Federal Contract Tower,0,7,13,9,29,0,1,19,0,20,0,8,32,9,49,18,8,26,75
04/09/2014,GTR,MS,ASO,CE,Federal Contract Tower,0,15,15,16,46,0,8,43,11,62,0,23,58,27,108,20,76,96,204
04/10/2014,GTR,MS,ASO,CE,Federal Contract Tower,0,7,18,29,54,0,0,49,24,73,0,7,67,53,127,26,22,48,175
04/11/2014,GTR,MS,ASO,CE,Federal Contract Tower,0,8,14,23,45,0,0,54,16,70,0,8,68,39,115,36,49,85,200
04/12/2014,GTR,MS,ASO,CE,Federal Contract Tower,0,8,12,14,34,0,0,45,1,46,0,8,57,15,80,8,28,36,116
04/13/2014,GTR,MS,ASO,CE,Federal Contract Tower,0,8,11,23,42,0,0,21,5,26,0,8,32,28,68,8,16,24,92
04/14/2014,GTR,MS,ASO,CE,Federal Contract Tower,0,6,6,0,12,0,0,0,0,0,0,6,6,0,12,0,0,0,12
04/15/2014,GTR,MS,ASO,CE,Federal Contract Tower,0,10,9,35,54,0,4,12,17,33,0,14,21,52,87,0,58,58,145
04/16/2014,GTR,MS,ASO,CE,Federal Contract Tower,0,8,22,25,55,0,0,50,19,69,0,8,72,44,124,2,44,46,170
04/17/2014,GTR,MS,ASO,CE,Federal Contract Tower,0,10,20,12,42,0,0,39,8,47,0,10,59,20,89,10,0,10,99
04/18/2014,GTR,MS,ASO,CE,Federal Contract Tower,0,6,23,49,78,0,0,8,57,65,0,6,31,106,143,0,46,46,189
04/19/2014,GTR,MS,ASO,CE,Federal Contract Tower,0,3,12,11,26,0,0,20,11,31,0,3,32,22,57,2,18,20,77
04/20/2014,GTR,MS,ASO,CE,Federal Contract Tower,0,6,4,5,15,0,4,4,2,10,0,10,8,7,25,0,0,0,25
04/21/2014,GTR,MS,ASO,CE,Federal Contract Tower,0,7,11,26,44,0,0,19,25,44,0,7,30,51,88,6,10,16,104
04/22/2014,GTR,MS,ASO,CE,Federal Contract Tower,0,8,7,52,67,0,0,13,15,28,0,8,20,67,95,4,22,26,121
04/23/2014,GTR,MS,ASO,CE,Federal Contract Tower,0,11,17,29,57,0,3,66,20,89,0,14,83,49,146,14,24,38,184
04/24/2014,GTR,MS,ASO,CE,Federal Contract Tower,0,6,11,0,17,0,2,45,0,47,0,8,56,0,64,14,0,14,78
04/25/2014,GTR,MS,ASO,CE,Federal Contract Tower,0,5,13,26,44,0,0,34,21,55,0,5,47,47,99,40,26,66,165
04/26/2014,GTR,MS,ASO,CE,Federal Contract Tower,0,5,1,9,15,0,0,24,0,24,0,5,25,9,39,0,0,0,39
04/27/2014,GTR,MS,ASO,CE,Federal Contract Tower,0,6,3,10,19,0,0,2,13,15,0,6,5,23,34,0,12,12,46
04/28/2014,GTR,MS,ASO,CE,Federal Contract Tower,0,5,9,22,36,0,0,1,5,6,0,5,10,27,42,0,10,10,52
04/29/2014,GTR,MS,ASO,CE,Federal Contract Tower,0,8,9,23,40,0,0,9,13,22,0,8,18,36,62,8,0,8,70
04/30/2014,GTR,MS,ASO,CE,Federal Contract Tower,0,6,14,24,44,0,0,24,35,59,0,6,38,59,103,2,22,24,127
05/01/2014,GTR,MS,ASO,CE,Federal Contract Tower,0,8,13,32,53,0,0,31,15,46,0,8,44,47,99,36,14,50,149
05/02/2014,GTR,MS,ASO,CE,Federal Contract Tower,0,6,22,37,65,0,0,26,15,41,0,6,48,52,106,30,12,42,148
05/03/2014,GTR,MS,ASO,CE,Federal Contract Tower,0,4,6,24,34,0,0,11,6,17,0,4,17,30,51,4,20,24,75
05/04/2014,GTR,MS,ASO,CE,Federal Contract Tower,0,6,9,14,29,0,0,19,1,20,0,6,28,15,49,2,20,22,71
05/05/2014,GTR,MS,ASO,CE,Federal Contract Tower,0,6,9,24,39,0,0,13,13,26,0,6,22,37,65,12,22,34,99
05/06/2014,GTR,MS,ASO,CE,Federal Contract Tower,0,7,15,38,60,0,0,25,17,42,0,7,40,55,102,8,22,30,132
05/07/2014,GTR,MS,ASO,CE,Federal Contract Tower,0,8,9,27,44,0,0,21,29,50,0,8,30,56,94,0,52,52,146
05/08/2014,GTR,MS,ASO,CE,Federal Contract Tower,0,7,10,34,51,0,0,25,30,55,0,7,35,64,106,2,24,26,132
05/09/2014,GTR,MS,ASO,CE,Federal Contract Tower,0,9,6,29,44,0,0,13,2,15,0,9,19,31,59,0,14,14,73
05/10/2014,GTR,MS,ASO,CE,Federal Contract Tower,0,4,1,24,29,0,0,6,10,16,0,4,7,34,45,14,28,42,87
05/11/2014,GTR,MS,ASO,CE,Federal Contract Tower,0,6,2,9,17,0,0,8,0,8,0,6,10,9,25,0,0,0,25
05/12/2014,GTR,MS,ASO,CE,Federal Contract Tower,0,12,12,39,63,0,0,8,22,30,0,12,20,61,93,20,8,28,121
05/13/2014,GTR,MS,ASO,CE,Federal Contract Tower,0,13,11,46,70,0,0,35,22,57,0,13,46,68,127,10,2,12,139
05/14/2014,GTR,MS,ASO,CE,Federal Contract Tower,0,8,18,13,39,0,0,16,4,20,0,8,34,17,59,6,0,6,65
05/15/2014,GTR,MS,ASO,CE,Federal Contract Tower,0,7,11,48,66,0,0,21,24,45,0,7,32,72,111,8,52,60,171
05/16/2014,GTR,MS,ASO,CE,Federal Contract Tower,0,6,7,41,54,0,0,17,32,49,0,6,24,73,103,36,16,52,155
05/17/2014,GTR,MS,ASO,CE,Federal Contract Tower,0,5,14,25,44,0,0,16,15,31,0,5,30,40,75,4,40,44,119
05/18/2014,GTR,MS,ASO,CE,Federal Contract Tower,0,7,7,14,28,0,0,5,4,9,0,7,12,18,37,0,0,0,37
05/19/2014,GTR,MS,ASO,CE,Federal Contract Tower,0,6,6,22,34,0,0,9,20,29,0,6,15,42,63,2,4,6,69
05/20/2014,GTR,MS,ASO,CE,Federal Contract Tower,0,8,10,18,36,0,0,20,14,34,0,8,30,32,70,12,10,22,92
05/21/2014,GTR,MS,ASO,CE,Federal Contract Tower,0,6,25,26,57,0,0,33,20,53,0,6,58,46,110,4,22,26,136
05/22/2014,GTR,MS,ASO,CE,Federal Contract Tower,0,6,12,20,38,0,0,24,14,38,0,6,36,34,76,0,28,28,104
05/23/2014,GTR,MS,ASO,CE,Federal Contract Tower,0,6,3,0,9,0,0,29,2,31,0,6,32,2,40,8,0,8,48
05/24/2014,GTR,MS,ASO,CE,Federal Contract Tower,0,4,3,2,9,0,0,7,3,10,0,4,10,5,19,0,4,4,23
05/25/2014,GTR,MS,ASO,CE,Federal Contract Tower,0,6,11,0,17,0,0,7,2,9,0,6,18,2,26,6,0,6,32
05/26/2014,GTR,MS,ASO,CE,Federal Contract Tower,0,4,8,2,14,0,0,9,5,14,0,4,17,7,28,6,0,6,34
05/27/2014,GTR,MS,ASO,CE,Federal Contract Tower,0,6,7,34,47,0,0,41,20,61,0,6,48,54,108,6,20,26,134
05/28/2014,GTR,MS,ASO,CE,Federal Contract Tower,0,8,11,45,64,0,0,12,9,21,0,8,23,54,85,0,18,18,103
05/29/2014,GTR,MS,ASO,CE,Federal Contract Tower,0,6,5,33,44,0,0,8,10,18,0,6,13,43,62,2,0,2,64
05/30/2014,GTR,MS,ASO,CE,Federal Contract Tower,0,7,3,50,60,0,0,24,22,46,0,7,27,72,106,10,32,42,148
05/31/2014,GTR,MS,ASO,CE,Federal Contract Tower,0,4,6,24,34,0,0,24,10,34,0,4,30,34,68,8,20,28,96
06/01/2014,GTR,MS,ASO,CE,Federal Contract Tower,0,7,12,8,27,0,0,5,2,7,0,7,17,10,34,0,8,8,42
06/02/2014,GTR,MS,ASO,CE,Federal Contract Tower,0,9,8,47,64,0,0,44,36,80,0,9,52,83,144,8,36,44,188
06/03/2014,GTR,MS,ASO,CE,Federal Contract Tower,0,11,16,46,73,0,0,67,21,88,0,11,83,67,161,6,8,14,175
06/04/2014,GTR,MS,ASO,CE,Federal Contract Tower,0,8,10,17,35,0,5,20,15,40,0,13,30,32,75,6,10,16,91
06/05/2014,GTR,MS,ASO,CE,Federal Contract Tower,0,8,7,22,37,0,4,26,16,46,0,12,33,38,83,22,2,24,107
06/06/2014,GTR,MS,ASO,CE,Federal Contract Tower,0,6,12,16,34,0,0,8,21,29,0,6,20,37,63,0,28,28,91
06/07/2014,GTR,MS,ASO,CE,Federal Contract Tower,0,4,7,11,22,0,0,26,4,30,0,4,33,15,52,4,44,48,100
06/08/2014,GTR,MS,ASO,CE,Federal Contract Tower,0,7,6,4,17,0,2,8,3,13,0,9,14,7,30,0,8,8,38
06/09/2014,GTR,MS,ASO,CE,Federal Contract Tower,0,7,14,15,36,0,0,25,20,45,0,7,39,35,81,14,22,36,117
06/10/2014,GTR,MS,ASO,CE,Federal Contract Tower,0,10,8,29,47,0,0,12,11,23,0,10,20,40,70,0,68,68,138
06/11/2014,GTR,MS,ASO,CE,Federal Contract Tower,0,9,12,31,52,0,0,15,25,40,0,9,27,56,92,2,0,2,94
06/12/2014,GTR,MS,ASO,CE,Federal Contract Tower,0,9,18,27,54,0,0,54,23,77,0,9,72,50,131,18,58,76,207
06/13/2014,GTR,MS,ASO,CE,Federal Contract Tower,0,7,7,29,43,0,0,26,30,56,0,7,33,59,99,0,60,60,159
06/14/2014,GTR,MS,ASO,CE,Federal Contract Tower,0,4,9,21,34,0,0,46,3,49,0,4,55,24,83,2,12,14,97
06/15/2014,GTR,MS,ASO,CE,Federal Contract Tower,0,7,9,12,28,0,0,19,2,21,0,7,28,14,49,0,0,0,49
06/16/2014,GTR,MS,ASO,CE,Federal Contract Tower,0,9,4,29,42,0,0,35,26,61,0,9,39,55,103,42,92,134,237
06/17/2014,GTR,MS,ASO,CE,Federal Contract Tower,0,7,11,12,30,0,0,67,18,85,0,7,78,30,115,14,80,94,209
06/18/2014,GTR,MS,ASO,CE,Federal Contract Tower,0,8,6,21,35,0,2,39,17,58,0,10,45,38,93,28,60,88,181
06/19/2014,GTR,MS,ASO,CE,Federal Contract Tower,0,11,4,15,30,0,0,53,20,73,0,11,57,35,103,50,22,72,175
06/20/2014,GTR,MS,ASO,CE,Federal Contract Tower,0,5,4,51,60,0,0,65,15,80,0,5,69,66,140,42,156,198,338
06/21/2014,GTR,MS,ASO,CE,Federal Contract Tower,0,3,4,45,52,0,0,23,14,37,0,3,27,59,89,6,76,82,171
06/22/2014,GTR,MS,ASO,CE,Federal Contract Tower,0,9,4,30,43,0,0,9,4,13,0,9,13,34,56,2,0,2,58
06/23/2014,GTR,MS,ASO,CE,Federal Contract Tower,0,3,4,21,28,0,0,10,14,24,0,3,14,35,52,22,34,56,108
06/24/2014,GTR,MS,ASO,CE,Federal Contract Tower,0,6,10,20,36,0,2,12,7,21,0,8,22,27,57,0,24,24,81
06/25/2014,GTR,MS,ASO,CE,Federal Contract Tower,0,6,10,23,39,0,0,33,20,53,0,6,43,43,92,28,102,130,222
06/26/2014,GTR,MS,ASO,CE,Federal Contract Tower,0,8,4,27,39,0,0,7,5,12,0,8,11,32,51,0,12,12,63
06/27/2014,GTR,MS,ASO,CE,Federal Contract Tower,0,9,5,21,35,0,0,15,16,31,0,9,20,37,66,16,46,62,128
06/28/2014,GTR,MS,ASO,CE,Federal Contract Tower,0,7,7,18,32,0,0,34,10,44,0,7,41,28,76,10,40,50,126
06/29/2014,GTR,MS,ASO,CE,Federal Contract Tower,0,9,18,26,53,0,0,7,6,13,0,9,25,32,66,2,8,10,76
06/30/2014,GTR,MS,ASO,CE,Federal Contract Tower,0,6,8,22,36,0,0,36,16,52,0,6,44,38,88,30,48,78,166
07/01/2014,GTR,MS,ASO,CE,Federal Contract Tower,0,4,6,22,32,0,0,12,16,28,0,4,18,38,60,0,0,0,60
07/02/2014,GTR,MS,ASO,CE,Federal Contract Tower,0,6,7,27,40,0,0,22,17,39,0,6,29,44,79,10,18,28,107
07/03/2014,GTR,MS,ASO,CE,Federal Contract Tower,0,5,7,14,26,0,0,20,14,34,0,5,27,28,60,42,8,50,110
07/04/2014,GTR,MS,ASO,CE,Federal Contract Tower,0,2,3,0,5,0,0,23,0,23,0,2,26,0,28,6,0,6,34
07/05/2014,GTR,MS,ASO,CE,Federal Contract Tower,0,2,1,0,3,0,0,7,0,7,0,2,8,0,10,8,0,8,18
07/06/2014,GTR,MS,ASO,CE,Federal Contract Tower,0,7,4,0,11,0,2,12,0,14,0,9,16,0,25,0,0,0,25
07/07/2014,GTR,MS,ASO,CE,Federal Contract Tower,0,6,5,0,11,0,2,36,0,38,0,8,41,0,49,52,0,52,101
07/08/2014,GTR,MS,ASO,CE,Federal Contract Tower,0,5,14,27,46,0,0,56,24,80,0,5,70,51,126,42,2,44,170
07/09/2014,GTR,MS,ASO,CE,Federal Contract Tower,0,6,10,33,49,0,0,31,22,53,0,6,41,55,102,8,72,80,182
07/10/2014,GTR,MS,ASO,CE,Federal Contract Tower,0,6,17,25,48,0,0,33,22,55,0,6,50,47,103,10,26,36,139
07/11/2014,GTR,MS,ASO,CE,Federal Contract Tower,0,5,15,27,47,0,0,45,12,57,0,5,60,39,104,16,36,52,156
07/12/2014,GTR,MS,ASO,CE,Federal Contract Tower,0,4,3,37,44,0,0,18,2,20,0,4,21,39,64,10,24,34,98
07/13/2014,GTR,MS,ASO,CE,Federal Contract Tower,0,5,4,23,32,0,0,12,4,16,0,5,16,27,48,0,0,0,48
07/14/2014,GTR,MS,ASO,CE,Federal Contract Tower,0,7,10,33,50,0,0,28,17,45,0,7,38,50,95,2,4,6,101
07/15/2014,GTR,MS,ASO,CE,Federal Contract Tower,0,6,13,43,62,0,0,26,17,43,0,6,39,60,105,26,46,72,177
07/16/2014,GTR,MS,ASO,CE,Federal Contract Tower,0,6,18,14,38,0,0,49,4,53,0,6,67,18,91,26,8,34,125
07/17/2014,GTR,MS,ASO,CE,Federal Contract Tower,0,10,19,26,55,0,2,23,15,40,0,12,42,41,95,0,30,30,125
07/18/2014,GTR,MS,ASO,CE,Federal Contract Tower,0,8,6,27,41,0,0,2,0,2,0,8,8,27,43,0,0,0,43
07/19/2014,GTR,MS,ASO,CE,Federal Contract Tower,0,4,4,21,29,0,2,3,0,5,0,6,7,21,34,0,10,10,44
07/20/2014,GTR,MS,ASO,CE,Federal Contract Tower,0,8,3,15,26,0,0,9,5,14,0,8,12,20,40,0,44,44,84
07/21/2014,GTR,MS,ASO,CE,Federal Contract Tower,0,6,12,21,39,0,0,32,20,52,0,6,44,41,91,64,26,90,181
07/22/2014,GTR,MS,ASO,CE,Federal Contract Tower,0,6,14,22,42,0,0,24,15,39,0,6,38,37,81,42,10,52,133
07/23/2014,GTR,MS,ASO,CE,Federal Contract Tower,0,8,14,49,71,0,2,44,19,65,0,10,58,68,136,10,14,24,160
07/24/2014,GTR,MS,ASO,CE,Federal Contract Tower,0,8,14,26,48,0,0,28,18,46,0,8,42,44,94,12,32,44,138
07/25/2014,GTR,MS,ASO,CE,Federal Contract Tower,0,6,13,37,56,0,0,66,10,76,0,6,79,47,132,22,36,58,190
07/26/2014,GTR,MS,ASO,CE,Federal Contract Tower,0,5,4,30,39,0,0,20,23,43,0,5,24,53,82,2,70,72,154
07/27/2014,GTR,MS,ASO,CE,Federal Contract Tower,0,10,5,13,28,0,0,3,6,9,0,10,8,19,37,0,6,6,43
07/28/2014,GTR,MS,ASO,CE,Federal Contract Tower,0,8,7,26,41,0,1,31,15,47,0,9,38,41,88,10,28,38,126
07/29/2014,GTR,MS,ASO,CE,Federal Contract Tower,0,8,11,33,52,0,0,19,17,36,0,8,30,50,88,24,8,32,120
07/30/2014,GTR,MS,ASO,CE,Federal Contract Tower,0,7,10,25,42,0,0,58,28,86,0,7,68,53,128,50,40,90,218
07/31/2014,GTR,MS,ASO,CE,Federal Contract Tower,0,7,13,16,36,0,0,30,21,51,0,7,43,37,87,14,10,24,111
08/01/2014,GTR,MS,ASO,CE,Federal Contract Tower,0,6,12,29,47,0,2,36,19,57,0,8,48,48,104,0,24,24,128
08/02/2014,GTR,MS,ASO,CE,Federal Contract Tower,0,4,7,6,17,0,0,17,0,17,0,4,24,6,34,0,20,20,54
08/03/2014,GTR,MS,ASO,CE,Federal Contract Tower,0,6,5,15,26,0,0,2,2,4,0,6,7,17,30,0,0,0,30
08/04/2014,GTR,MS,ASO,CE,Federal Contract Tower,0,6,8,18,32,0,0,8,12,20,0,6,16,30,52,0,8,8,60
08/05/2014,GTR,MS,ASO,CE,Federal Contract Tower,0,6,10,4,20,0,0,73,8,81,0,6,83,12,101,4,0,4,105
08/06/2014,GTR,MS,ASO,CE,Federal Contract Tower,0,6,10,18,34,0,0,29,18,47,0,6,39,36,81,10,8,18,99
08/07/2014,GTR,MS,ASO,CE,Federal Contract Tower,0,6,10,13,29,0,0,14,9,23,0,6,24,22,52,0,0,0,52
08/08/2014,GTR,MS,ASO,CE,Federal Contract Tower,0,6,16,24,46,0,0,29,25,54,0,6,45,49,100,2,62,64,164
08/09/2014,GTR,MS,ASO,CE,Federal Contract Tower,0,5,17,9,31,0,0,28,2,30,0,5,45,11,61,2,0,2,63
08/10/2014,GTR,MS,ASO,CE,Federal Contract Tower,0,5,5,6,16,0,0,5,2,7,0,5,10,8,23,0,0,0,23
08/11/2014,GTR,MS,ASO,CE,Federal Contract Tower,0,6,4,31,41,0,0,7,13,20,0,6,11,44,61,4,20,24,85
08/12/2014,GTR,MS,ASO,CE,Federal Contract Tower,0,6,16,31,53,0,0,37,18,55,0,6,53,49,108,2,6,8,116
08/13/2014,GTR,MS,ASO,CE,Federal Contract Tower,0,6,17,18,41,0,0,30,15,45,0,6,47,33,86,4,10,14,100
08/14/2014,GTR,MS,ASO,CE,Federal Contract Tower,0,8,12,17,37,0,0,32,14,46,0,8,44,31,83,4,44,48,131
08/15/2014,GTR,MS,ASO,CE,Federal Contract Tower,0,7,3,20,30,0,0,20,12,32,0,7,23,32,62,4,122,126,188
08/16/2014,GTR,MS,ASO,CE,Federal Contract Tower,0,5,6,13,24,0,0,39,7,46,0,5,45,20,70,50,18,68,138
08/17/2014,GTR,MS,ASO,CE,Federal Contract Tower,0,4,12,45,61,0,0,6,3,9,0,4,18,48,70,0,46,46,116
08/18/2014,GTR,MS,ASO,CE,Federal Contract Tower,0,7,9,39,55,0,0,13,16,29,0,7,22,55,84,34,62,96,180
08/19/2014,GTR,MS,ASO,CE,Federal Contract Tower,0,6,11,17,34,0,0,20,10,30,0,6,31,27,64,0,14,14,78
08/20/2014,GTR,MS,ASO,CE,Federal Contract Tower,0,12,18,7,37,0,2,13,5,20,0,14,31,12,57,0,0,0,57
08/21/2014,GTR,MS,ASO,CE,Federal Contract Tower,0,6,11,20,37,0,0,19,7,26,0,6,30,27,63,0,0,0,63
08/22/2014,GTR,MS,ASO,CE,Federal Contract Tower,0,6,7,52,65,0,0,25,19,44,0,6,32,71,109,8,56,64,173
08/23/2014,GTR,MS,ASO,CE,Federal Contract Tower,0,4,11,16,31,0,0,33,2,35,0,4,44,18,66,0,8,8,74
08/24/2014,GTR,MS,ASO,CE,Federal Contract Tower,0,7,2,16,25,0,0,10,3,13,0,7,12,19,38,4,0,4,42
08/25/2014,GTR,MS,ASO,CE,Federal Contract Tower,0,7,8,27,42,0,0,15,50,65,0,7,23,77,107,8,28,36,143
08/26/2014,GTR,MS,ASO,CE,Federal Contract Tower,0,8,6,38,52,0,2,44,19,65,0,10,50,57,117,14,26,40,157
08/27/2014,GTR,MS,ASO,CE,Federal Contract Tower,0,10,12,22,44,0,2,25,10,37,0,12,37,32,81,40,30,70,151
08/28/2014,GTR,MS,ASO,CE,Federal Contract Tower,0,8,19,17,44,0,2,30,13,45,0,10,49,30,89,54,34,88,177
08/29/2014,GTR,MS,ASO,CE,Federal Contract Tower,0,8,14,41,63,0,0,37,27,64,0,8,51,68,127,46,38,84,211
08/30/2014,GTR,MS,ASO,CE,Federal Contract Tower,0,5,4,0,9,0,0,11,4,15,0,5,15,4,24,6,6,12,36
08/31/2014,GTR,MS,ASO,CE,Federal Contract Tower,0,7,4,2,13,0,0,8,0,8,0,7,12,2,21,0,0,0,21
09/01/2014,GTR,MS,ASO,CE,Federal Contract Tower,0,4,6,0,10,0,0,12,4,16,0,4,18,4,26,2,0,2,28
09/02/2014,GTR,MS,ASO,CE,Federal Contract Tower,0,6,5,17,28,0,0,9,6,15,0,6,14,23,43,22,48,70,113
09/03/2014,GTR,MS,ASO,CE,Federal Contract Tower,0,5,2,32,39,0,0,24,25,49,0,5,26,57,88,0,18,18,106
09/04/2014,GTR,MS,ASO,CE,Federal Contract Tower,0,7,15,9,31,0,0,32,9,41,0,7,47,18,72,54,38,92,164
09/05/2014,GTR,MS,ASO,CE,Federal Contract Tower,0,8,19,13,40,0,0,24,13,37,0,8,43,26,77,2,118,120,197
09/06/2014,GTR,MS,ASO,CE,Federal Contract Tower,0,4,9,6,19,0,0,13,0,13,0,4,22,6,32,8,22,30,62
09/07/2014,GTR,MS,ASO,CE,Federal Contract Tower,0,6,8,9,23,0,0,4,18,22,0,6,12,27,45,6,0,6,51
09/08/2014,GTR,MS,ASO,CE,Federal Contract Tower,0,11,9,19,39,0,0,64,8,72,0,11,73,27,111,4,34,38,149
09/09/2014,GTR,MS,ASO,CE,Federal Contract Tower,0,4,14,25,43,0,0,51,14,65,0,4,65,39,108,10,12,22,130
09/10/2014,GTR,MS,ASO,CE,Federal Contract Tower,0,8,15,27,50,0,2,36,15,53,0,10,51,42,103,12,0,12,115
09/11/2014,GTR,MS,ASO,CE,Federal Contract Tower,0,6,17,31,54,0,0,28,9,37,0,6,45,40,91,6,12,18,109
09/12/2014,GTR,MS,ASO,CE,Federal Contract Tower,0,8,5,59,72,0,0,23,18,41,0,8,28,77,113,8,18,26,139
09/13/2014,GTR,MS,ASO,CE,Federal Contract Tower,0,4,4,13,21,0,0,0,5,5,0,4,4,18,26,0,8,8,34
09/14/2014,GTR,MS,ASO,CE,Federal Contract Tower,0,8,8,4,20,0,0,7,1,8,0,8,15,5,28,6,4,10,38
09/15/2014,GTR,MS,ASO,CE,Federal Contract Tower,0,5,7,27,39,0,0,17,7,24,0,5,24,34,63,0,36,36,99
09/16/2014,GTR,MS,ASO,CE,Federal Contract Tower,0,5,13,19,37,0,0,23,17,40,0,5,36,36,77,6,6,12,89
09/17/2014,GTR,MS,ASO,CE,Federal Contract Tower,0,9,18,28,55,0,0,34,17,51,0,9,52,45,106,70,24,94,200
09/18/2014,GTR,MS,ASO,CE,Federal Contract Tower,0,11,17,10,38,0,0,16,2,18,0,11,33,12,56,0,76,76,132
09/19/2014,GTR,MS,ASO,CE,Federal Contract Tower,2,9,10,26,47,0,0,15,14,29,2,9,25,40,76,6,50,56,132
09/20/2014,GTR,MS,ASO,CE,Federal Contract Tower,0,3,9,23,35,0,0,14,4,18,0,3,23,27,53,0,20,20,73
09/21/2014,GTR,MS,ASO,CE,Federal Contract Tower,0,6,4,12,22,0,0,13,2,15,0,6,17,14,37,0,0,0,37
09/22/2014,GTR,MS,ASO,CE,Federal Contract Tower,0,8,13,74,95,0,0,29,20,49,0,8,42,94,144,18,20,38,182
09/23/2014,GTR,MS,ASO,CE,Federal Contract Tower,0,6,6,46,58,0,0,40,19,59,0,6,46,65,117,2,32,34,151
09/24/2014,GTR,MS,ASO,CE,Federal Contract Tower,0,7,9,31,47,0,0,27,23,50,0,7,36,54,97,12,50,62,159
09/25/2014,GTR,MS,ASO,CE,Federal Contract Tower,0,6,8,18,32,0,2,85,9,96,0,8,93,27,128,6,0,6,134
09/26/2014,GTR,MS,ASO,CE,Federal Contract Tower,0,7,10,15,32,0,6,23,6,35,0,13,33,21,67,8,88,96,163
09/27/2014,GTR,MS,ASO,CE,Federal Contract Tower,0,4,0,21,25,0,0,20,1,21,0,4,20,22,46,0,36,36,82
09/28/2014,GTR,MS,ASO,CE,Federal Contract Tower,0,6,7,13,26,0,2,16,3,21,0,8,23,16,47,0,0,0,47
09/29/2014,GTR,MS,ASO,CE,Federal Contract Tower,0,6,7,17,30,0,0,28,19,47,0,6,35,36,77,28,18,46,123
09/30/2014,GTR,MS,ASO,CE,Federal Contract Tower,0,8,10,2,20,0,2,29,3,34,0,10,39,5,54,34,0,34,88
10/01/2014,GTR,MS,ASO,CE,Federal Contract Tower,0,7,4,16,27,0,0,24,5,29,0,7,28,21,56,6,14,20,76
10/02/2014,GTR,MS,ASO,CE,Federal Contract Tower,0,8,19,30,57,0,0,15,9,24,0,8,34,39,81,10,0,10,91
10/03/2014,GTR,MS,ASO,CE,Federal Contract Tower,2,7,6,32,47,0,0,14,11,25,2,7,20,43,72,4,24,28,100
10/04/2014,GTR,MS,ASO,CE,Federal Contract Tower,4,12,15,4,35,0,0,15,2,17,4,12,30,6,52,0,18,18,70
10/05/2014,GTR,MS,ASO,CE,Federal Contract Tower,0,10,5,6,21,0,0,29,0,29,0,10,34,6,50,8,0,8,58
10/06/2014,GTR,MS,ASO,CE,Federal Contract Tower,0,8,12,33,53,0,0,8,16,24,0,8,20,49,77,4,26,30,107
10/07/2014,GTR,MS,ASO,CE,Federal Contract Tower,0,7,13,22,42,0,0,35,11,46,0,7,48,33,88,4,0,4,92
10/08/2014,GTR,MS,ASO,CE,Federal Contract Tower,0,6,19,15,40,0,0,86,20,106,0,6,105,35,146,12,24,36,182
10/09/2014,GTR,MS,ASO,CE,Federal Contract Tower,0,8,15,50,73,0,0,31,20,51,0,8,46,70,124,2,14,16,140
10/10/2014,GTR,MS,ASO,CE,Federal Contract Tower,0,13,7,23,43,0,0,17,12,29,0,13,24,35,72,4,16,20,92
10/11/2014,GTR,MS,ASO,CE,Federal Contract Tower,0,6,13,2,21,0,2,6,0,8,0,8,19,2,29,0,0,0,29
10/12/2014,GTR,MS,ASO,CE,Federal Contract Tower,0,10,6,4,20,0,0,4,1,5,0,10,10,5,25,0,4,4,29
10/13/2014,GTR,MS,ASO,CE,Federal Contract Tower,0,3,5,6,14,0,0,2,0,2,0,3,7,6,16,0,0,0,16
10/14/2014,GTR,MS,ASO,CE,Federal Contract Tower,0,7,17,27,51,0,0,8,13,21,0,7,25,40,72,10,10,20,92
10/15/2014,GTR,MS,ASO,CE,Federal Contract Tower,0,7,7,33,47,0,0,13,10,23,0,7,20,43,70,8,66,74,144
10/16/2014,GTR,MS,ASO,CE,Federal Contract Tower,0,6,11,31,48,0,0,41,16,57,0,6,52,47,105,10,104,114,219
10/17/2014,GTR,MS,ASO,CE,Federal Contract Tower,0,8,13,32,53,0,0,37,13,50,0,8,50,45,103,4,26,30,133
10/18/2014,GTR,MS,ASO,CE,Federal Contract Tower,0,8,9,14,31,0,0,18,6,24,0,8,27,20,55,0,16,16,71
10/19/2014,GTR,MS,ASO,CE,Federal Contract Tower,1,6,6,30,43,0,0,12,2,14,1,6,18,32,57,0,6,6,63
10/20/2014,GTR,MS,ASO,CE,Federal Contract Tower,0,6,9,32,47,0,0,12,6,18,0,6,21,38,65,0,10,10,75
10/21/2014,GTR,MS,ASO,CE,Federal Contract Tower,0,11,18,23,52,0,0,15,11,26,0,11,33,34,78,0,16,16,94
10/22/2014,GTR,MS,ASO,CE,Federal Contract Tower,0,6,9,24,39,0,0,31,15,46,0,6,40,39,85,4,16,20,105
10/23/2014,GTR,MS,ASO,CE,Federal Contract Tower,0,6,20,33,59,0,0,28,19,47,0,6,48,52,106,16,18,34,140
10/24/2014,GTR,MS,ASO,CE,Federal Contract Tower,2,8,12,14,36,0,0,18,10,28,2,8,30,24,64,4,16,20,84
10/25/2014,GTR,MS,ASO,CE,Federal Contract Tower,0,4,9,12,25,0,0,14,0,14,0,4,23,12,39,4,34,38,77
10/26/2014,GTR,MS,ASO,CE,Federal Contract Tower,0,6,12,13,31,0,1,11,3,15,0,7,23,16,46,0,10,10,56
10/27/2014,GTR,MS,ASO,CE,Federal Contract Tower,0,6,12,22,40,0,2,22,13,37,0,8,34,35,77,16,16,32,109
10/28/2014,GTR,MS,ASO,CE,Federal Contract Tower,0,5,7,32,44,0,0,19,18,37,0,5,26,50,81,0,56,56,137
10/29/2014,GTR,MS,ASO,CE,Federal Contract Tower,0,7,16,24,47,0,0,14,5,19,0,7,30,29,66,6,0,6,72
10/30/2014,GTR,MS,ASO,CE,Federal Contract Tower,0,8,8,18,34,0,0,43,6,49,0,8,51,24,83,4,0,4,87
10/31/2014,GTR,MS,ASO,CE,Federal Contract Tower,2,9,9,20,40,0,0,7,17,24,2,9,16,37,64,0,24,24,88
11/01/2014,GTR,MS,ASO,CE,Federal Contract Tower,0,4,5,2,11,0,0,4,0,4,0,4,9,2,15,0,0,0,15
11/02/2014,GTR,MS,ASO,CE,Federal Contract Tower,0,7,11,4,22,0,0,16,2,18,0,7,27,6,40,0,22,22,62
11/03/2014,GTR,MS,ASO,CE,Federal Contract Tower,0,7,6,39,52,0,0,6,20,26,0,7,12,59,78,0,22,22,100
11/04/2014,GTR,MS,ASO,CE,Federal Contract Tower,0,8,7,48,63,0,0,17,11,28,0,8,24,59,91,2,14,16,107
11/05/2014,GTR,MS,ASO,CE,Federal Contract Tower,0,6,8,50,64,0,0,8,13,21,0,6,16,63,85,0,56,56,141
11/06/2014,GTR,MS,ASO,CE,Federal Contract Tower,0,8,2,27,37,0,0,6,10,16,0,8,8,37,53,0,14,14,67
11/07/2014,GTR,MS,ASO,CE,Federal Contract Tower,0,7,11,42,60,0,0,32,19,51,0,7,43,61,111,18,34,52,163
11/08/2014,GTR,MS,ASO,CE,Federal Contract Tower,0,5,5,25,35,0,0,8,4,12,0,5,13,29,47,0,22,22,69
11/09/2014,GTR,MS,ASO,CE,Federal Contract Tower,0,7,7,26,40,0,0,13,8,21,0,7,20,34,61,0,16,16,77
11/10/2014,GTR,MS,ASO,CE,Federal Contract Tower,0,9,8,33,50,0,0,20,12,32,0,9,28,45,82,8,22,30,112
11/11/2014,GTR,MS,ASO,CE,Federal Contract Tower,0,6,9,0,15,0,0,13,2,15,0,6,22,2,30,2,0,2,32
11/12/2014,GTR,MS,ASO,CE,Federal Contract Tower,0,8,10,32,50,0,0,8,15,23,0,8,18,47,73,0,14,14,87
11/13/2014,GTR,MS,ASO,CE,Federal Contract Tower,0,6,23,38,67,0,0,24,14,38,0,6,47,52,105,32,54,86,191
11/14/2014,GTR,MS,ASO,CE,Federal Contract Tower,0,6,9,25,40,0,0,11,5,16,0,6,20,30,56,34,14,48,104
11/15/2014,GTR,MS,ASO,CE,Federal Contract Tower,0,5,6,22,33,0,0,22,4,26,0,5,28,26,59,0,10,10,69
11/16/2014,GTR,MS,ASO,CE,Federal Contract Tower,0,7,4,7,18,0,0,0,0,0,0,7,4,7,18,0,0,0,18
11/17/2014,GTR,MS,ASO,CE,Federal Contract Tower,0,5,6,19,30,0,0,10,7,17,0,5,16,26,47,0,16,16,63
11/18/2014,GTR,MS,ASO,CE,Federal Contract Tower,0,7,10,14,31,0,0,22,10,32,0,7,32,24,63,14,8,22,85
11/19/2014,GTR,MS,ASO,CE,Federal Contract Tower,0,9,11,38,58,0,0,15,19,34,0,9,26,57,92,0,50,50,142
11/20/2014,GTR,MS,ASO,CE,Federal Contract Tower,0,9,10,36,55,0,2,18,18,38,0,11,28,54,93,6,70,76,169
11/21/2014,GTR,MS,ASO,CE,Federal Contract Tower,0,13,13,22,48,0,0,23,8,31,0,13,36,30,79,10,30,40,119
11/22/2014,GTR,MS,ASO,CE,Federal Contract Tower,0,5,6,8,19,0,0,27,4,31,0,5,33,12,50,6,6,12,62
11/23/2014,GTR,MS,ASO,CE,Federal Contract Tower,0,9,2,13,24,0,0,0,0,0,0,9,2,13,24,0,0,0,24
11/24/2014,GTR,MS,ASO,CE,Federal Contract Tower,0,4,15,22,41,0,0,30,11,41,0,4,45,33,82,14,12,26,108
11/25/2014,GTR,MS,ASO,CE,Federal Contract Tower,0,7,19,20,46,0,0,15,8,23,0,7,34,28,69,10,36,46,115
11/26/2014,GTR,MS,ASO,CE,Federal Contract Tower,0,6,11,0,17,0,0,21,0,21,0,6,32,0,38,0,0,0,38
11/27/2014,GTR,MS,ASO,CE,Federal Contract Tower,0,3,3,0,6,0,0,0,0,0,0,3,3,0,6,0,0,0,6
11/28/2014,GTR,MS,ASO,CE,Federal Contract Tower,0,3,2,0,5,0,0,10,0,10,0,3,12,0,15,2,0,2,17
11/29/2014,GTR,MS,ASO,CE,Federal Contract Tower,0,6,1,0,7,0,0,7,0,7,0,6,8,0,14,0,0,0,14
11/30/2014,GTR,MS,ASO,CE,Federal Contract Tower,0,6,11,0,17,0,0,7,0,7,0,6,18,0,24,0,0,0,24
12/01/2014,GTR,MS,ASO,CE,Federal Contract Tower,0,6,12,45,63,0,0,2,14,16,0,6,14,59,79,0,0,0,79
12/02/2014,GTR,MS,ASO,CE,Federal Contract Tower,0,9,11,36,56,0,0,0,0,0,0,9,11,36,56,0,0,0,56
12/03/2014,GTR,MS,ASO,CE,Federal Contract Tower,0,8,18,30,56,0,0,10,18,28,0,8,28,48,84,0,18,18,102
12/04/2014,GTR,MS,ASO,CE,Federal Contract Tower,0,11,16,32,59,0,0,28,11,39,0,11,44,43,98,0,24,24,122
12/05/2014,GTR,MS,ASO,CE,Federal Contract Tower,0,12,14,59,85,0,4,10,4,18,0,16,24,63,103,0,40,40,143
12/06/2014,GTR,MS,ASO,CE,Federal Contract Tower,0,6,2,12,20,0,0,3,0,3,0,6,5,12,23,0,20,20,43
12/07/2014,GTR,MS,ASO,CE,Federal Contract Tower,0,6,1,6,13,0,0,4,4,8,0,6,5,10,21,4,18,22,43
12/08/2014,GTR,MS,ASO,CE,Federal Contract Tower,0,13,12,23,48,0,0,10,15,25,0,13,22,38,73,2,10,12,85
12/09/2014,GTR,MS,ASO,CE,Federal Contract Tower,0,6,14,13,33,0,0,31,15,46,0,6,45,28,79,7,24,31,110
12/10/2014,GTR,MS,ASO,CE,Federal Contract Tower,0,14,10,19,43,0,0,29,28,57,0,14,39,47,100,2,16,18,118
12/11/2014,GTR,MS,ASO,CE,Federal Contract Tower,0,9,14,12,35,0,0,37,16,53,0,9,51,28,88,8,44,52,140
12/12/2014,GTR,MS,ASO,CE,Federal Contract Tower,0,7,11,34,52,0,0,22,9,31,0,7,33,43,83,14,24,38,121
12/13/2014,GTR,MS,ASO,CE,Federal Contract Tower,0,4,9,9,22,0,2,7,4,13,0,6,16,13,35,30,18,48,83
12/14/2014,GTR,MS,ASO,CE,Federal Contract Tower,0,4,5,1,10,0,0,7,5,12,0,4,12,6,22,0,8,8,30
12/15/2014,GTR,MS,ASO,CE,Federal Contract Tower,0,6,6,25,37,0,0,5,17,22,0,6,11,42,59,16,66,82,141
12/16/2014,GTR,MS,ASO,CE,Federal Contract Tower,0,6,10,21,37,0,0,25,4,29,0,6,35,25,66,12,16,28,94
12/17/2014,GTR,MS,ASO,CE,Federal Contract Tower,0,5,19,17,41,0,0,28,5,33,0,5,47,22,74,4,6,10,84
12/18/2014,GTR,MS,ASO,CE,Federal Contract Tower,0,8,10,26,44,0,0,22,21,43,0,8,32,47,87,4,10,14,101
12/19/2014,GTR,MS,ASO,CE,Federal Contract Tower,0,8,14,32,54,0,4,9,14,27,0,12,23,46,81,10,70,80,161
12/20/2014,GTR,MS,ASO,CE,Federal Contract Tower,0,6,11,13,30,0,0,17,4,21,0,6,28,17,51,2,58,60,111
12/21/2014,GTR,MS,ASO,CE,Federal Contract Tower,0,5,18,15,38,0,0,3,1,4,0,5,21,16,42,12,12,24,66
12/22/2014,GTR,MS,ASO,CE,Federal Contract Tower,0,4,9,14,27,0,0,0,0,0,0,4,9,14,27,0,0,0,27
12/23/2014,GTR,MS,ASO,CE,Federal Contract Tower,0,5,1,0,6,0,0,0,0,0,0,5,1,0,6,0,0,0,6
12/24/2014,GTR,MS,ASO,CE,Federal Contract Tower,0,3,8,0,11,0,0,10,0,10,0,3,18,0,21,2,0,2,23
12/25/2014,GTR,MS,ASO,CE,Federal Contract Tower,0,5,4,0,9,0,0,4,0,4,0,5,8,0,13,0,0,0,13
12/26/2014,GTR,MS,ASO,CE,Federal Contract Tower,4,6,4,0,14,0,0,10,0,10,4,6,14,0,24,2,0,2,26
12/27/2014,GTR,MS,ASO,CE,Federal Contract Tower,0,5,5,0,10,0,0,0,0,0,0,5,5,0,10,0,0,0,10
12/28/2014,GTR,MS,ASO,CE,Federal Contract Tower,0,3,7,0,10,0,0,2,0,2,0,3,9,0,12,0,0,0,12
12/29/2014,GTR,MS,ASO,CE,Federal Contract Tower,0,8,4,4,16,0,0,0,0,0,0,8,4,4,16,0,0,0,16
12/30/2014,GTR,MS,ASO,CE,Federal Contract Tower,0,4,6,0,10,0,0,7,0,7,0,4,13,0,17,0,0,0,17
12/31/2014,GTR,MS,ASO,CE,Federal Contract Tower,0,5,8,0,13,0,0,11,0,11,0,5,19,0,24,0,0,0,24
01/01/2015,GTR,MS,ASO,CE,Federal Contract Tower,4,10,10,0,24,0,0,11,0,11,4,10,21,0,35,0,0,0,35
01/02/2015,GTR,MS,ASO,CE,Federal Contract Tower,0,4,9,0,13,0,0,0,0,0,0,4,9,0,13,0,0,0,13
01/03/2015,GTR,MS,ASO,CE,Federal Contract Tower,0,5,2,0,7,0,0,0,0,0,0,5,2,0,7,0,0,0,7
01/04/2015,GTR,MS,ASO,CE,Federal Contract Tower,0,4,14,0,18,0,0,0,0,0,0,4,14,0,18,0,0,0,18
01/05/2015,GTR,MS,ASO,CE,Federal Contract Tower,0,6,7,53,66,0,0,14,26,40,0,6,21,79,106,14,52,66,172
01/06/2015,GTR,MS,ASO,CE,Federal Contract Tower,0,8,6,66,80,0,0,16,30,46,0,8,22,96,126,16,54,70,196
01/07/2015,GTR,MS,ASO,CE,Federal Contract Tower,0,7,10,20,37,0,0,20,12,32,0,7,30,32,69,14,8,22,91
01/08/2015,GTR,MS,ASO,CE,Federal Contract Tower,0,6,4,35,45,0,0,17,12,29,0,6,21,47,74,50,18,68,142
01/09/2015,GTR,MS,ASO,CE,Federal Contract Tower,0,9,3,27,39,0,0,22,8,30,0,9,25,35,69,2,24,26,95
01/10/2015,GTR,MS,ASO,CE,Federal Contract Tower,0,5,2,0,7,0,4,8,8,20,0,9,10,8,27,0,28,28,55
01/11/2015,GTR,MS,ASO,CE,Federal Contract Tower,0,8,3,27,38,0,0,11,2,13,0,8,14,29,51,0,16,16,67
01/12/2015,GTR,MS,ASO,CE,Federal Contract Tower,0,6,2,34,42,0,0,0,0,0,0,6,2,34,42,0,0,0,42
01/13/2015,GTR,MS,ASO,CE,Federal Contract Tower,0,6,7,72,85,0,0,0,0,0,0,6,7,72,85,0,0,0,85
01/14/2015,GTR,MS,ASO,CE,Federal Contract Tower,0,8,8,48,64,0,0,3,9,12,0,8,11,57,76,0,0,0,76
01/15/2015,GTR,MS,ASO,CE,Federal Contract Tower,0,6,8,58,72,0,3,8,14,25,0,9,16,72,97,0,116,116,213
01/16/2015,GTR,MS,ASO,CE,Federal Contract Tower,0,8,12,32,52,0,0,9,7,16,0,8,21,39,68,0,20,20,88
01/17/2015,GTR,MS,ASO,CE,Federal Contract Tower,0,5,8,17,30,0,0,14,4,18,0,5,22,21,48,4,8,12,60
01/18/2015,GTR,MS,ASO,CE,Federal Contract Tower,0,4,8,17,29,0,0,14,2,16,0,4,22,19,45,0,56,56,101
01/19/2015,GTR,MS,ASO,CE,Federal Contract Tower,0,6,9,15,30,0,0,24,6,30,0,6,33,21,60,16,78,94,154
01/20/2015,GTR,MS,ASO,CE,Federal Contract Tower,0,9,5,41,55,0,0,20,8,28,0,9,25,49,83,14,8,22,105
01/21/2015,GTR,MS,ASO,CE,Federal Contract Tower,0,7,5,15,27,0,0,30,9,39,0,7,35,24,66,2,8,10,76
01/22/2015,GTR,MS,ASO,CE,Federal Contract Tower,0,5,9,12,26,0,0,12,6,18,0,5,21,18,44,0,48,48,92
01/23/2015,GTR,MS,ASO,CE,Federal Contract Tower,0,8,12,16,36,0,0,0,0,0,0,8,12,16,36,0,0,0,36
01/24/2015,GTR,MS,ASO,CE,Federal Contract Tower,0,6,7,34,47,0,0,10,5,15,0,6,17,39,62,8,68,76,138
01/25/2015,GTR,MS,ASO,CE,Federal Contract Tower,0,8,8,40,56,0,0,14,6,20,0,8,22,46,76,0,34,34,110
01/26/2015,GTR,MS,ASO,CE,Federal Contract Tower,0,6,14,24,44,0,0,9,23,32,0,6,23,47,76,0,30,30,106
01/27/2015,GTR,MS,ASO,CE,Federal Contract Tower,0,7,11,20,38,0,0,15,11,26,0,7,26,31,64,0,10,10,74
01/28/2015,GTR,MS,ASO,CE,Federal Contract Tower,0,10,13,11,34,0,0,19,3,22,0,10,32,14,56,0,20,20,76
01/29/2015,GTR,MS,ASO,CE,Federal Contract Tower,0,12,3,20,35,0,6,20,8,34,0,18,23,28,69,30,18,48,117
01/30/2015,GTR,MS,ASO,CE,Federal Contract Tower,0,10,8,14,32,0,0,34,16,50,0,10,42,30,82,6,36,42,124
01/31/2015,GTR,MS,ASO,CE,Federal Contract Tower,0,7,5,20,32,0,0,18,12,30,0,7,23,32,62,0,68,68,130
02/01/2015,GTR,MS,ASO,CE,Federal Contract Tower,0,6,4,6,16,0,0,0,0,0,0,6,4,6,16,0,0,0,16
02/02/2015,GTR,MS,ASO,CE,Federal Contract Tower,0,11,4,28,43,0,0,4,53,57,0,11,8,81,100,6,22,28,128
02/03/2015,GTR,MS,ASO,CE,Federal Contract Tower,0,5,4,29,38,0,0,7,7,14,0,5,11,36,52,0,8,8,60
02/04/2015,GTR,MS,ASO,CE,Federal Contract Tower,0,5,5,28,38,0,0,25,16,41,0,5,30,44,79,0,22,22,101
02/05/2015,GTR,MS,ASO,CE,Federal Contract Tower,0,8,6,15,29,0,0,12,5,17,0,8,18,20,46,4,8,12,58
02/06/2015,GTR,MS,ASO,CE,Federal Contract Tower,0,10,10,34,54,0,0,34,15,49,0,10,44,49,103,0,60,60,163
02/07/2015,GTR,MS,ASO,CE,Federal Contract Tower,0,6,13,11,30,0,0,22,3,25,0,6,35,14,55,22,48,70,125
02/08/2015,GTR,MS,ASO,CE,Federal Contract Tower,0,10,3,9,22,0,0,0,0,0,0,10,3,9,22,0,10,10,32
02/09/2015,GTR,MS,ASO,CE,Federal Contract Tower,0,7,8,34,49,0,0,6,10,16,0,7,14,44,65,0,78,78,143
02/10/2015,GTR,MS,ASO,CE,Federal Contract Tower,0,8,2,27,37,0,0,17,45,62,0,8,19,72,99,0,22,22,121
02/11/2015,GTR,MS,ASO,CE,Federal Contract Tower,0,8,7,12,27,0,2,27,6,35,0,10,34,18,62,0,12,12,74
02/12/2015,GTR,MS,ASO,CE,Federal Contract Tower,0,6,9,17,32,0,0,20,10,30,0,6,29,27,62,0,26,26,88
02/13/2015,GTR,MS,ASO,CE,Federal Contract Tower,0,9,24,13,46,0,0,32,11,43,0,9,56,24,89,22,8,30,119
02/14/2015,GTR,MS,ASO,CE,Federal Contract Tower,0,5,3,4,12,0,0,9,2,11,0,5,12,6,23,8,0,8,31
02/15/2015,GTR,MS,ASO,CE,Federal Contract Tower,2,4,10,10,26,0,0,14,1,15,2,4,24,11,41,0,0,0,41
02/16/2015,GTR,MS,ASO,CE,Federal Contract Tower,0,5,0,0,5,0,0,0,0,0,0,5,0,0,5,0,0,0,5
02/17/2015,GTR,MS,ASO,CE,Federal Contract Tower,0,6,7,40,53,2,0,6,8,16,2,6,13,48,69,4,10,14,83
02/18/2015,GTR,MS,ASO,CE,Federal Contract Tower,0,6,3,28,37,0,2,9,10,21,0,8,12,38,58,4,14,18,76
02/19/2015,GTR,MS,ASO,CE,Federal Contract Tower,0,6,10,51,67,0,0,22,16,38,0,6,32,67,105,6,46,52,157
02/20/2015,GTR,MS,ASO,CE,Federal Contract Tower,0,5,5,9,19,0,0,8,2,10,0,5,13,11,29,6,76,82,111
02/21/2015,GTR,MS,ASO,CE,Federal Contract Tower,0,4,4,14,22,0,0,0,0,0,0,4,4,14,22,0,16,16,38
02/22/2015,GTR,MS,ASO,CE,Federal Contract Tower,0,5,12,10,27,0,0,0,0,0,0,5,12,10,27,0,0,0,27
02/23/2015,GTR,MS,ASO,CE,Federal Contract Tower,0,0,1,17,18,0,0,0,9,9,0,0,1,26,27,0,6,6,33
02/24/2015,GTR,MS,ASO,CE,Federal Contract Tower,2,6,12,47,67,0,0,22,29,51,2,6,34,76,118,12,52,64,182
02/25/2015,GTR,MS,ASO,CE,Federal Contract Tower,0,0,0,0,0,0,0,0,0,0,0,0,0,0,0,0,0,0,0
02/26/2015,GTR,MS,ASO,CE,Federal Contract Tower,4,5,7,0,16,0,0,0,0,0,4,5,7,0,16,0,0,0,16
02/27/2015,GTR,MS,ASO,CE,Federal Contract Tower,0,10,7,18,35,0,2,12,6,20,0,12,19,24,55,16,18,34,89
02/28/2015,GTR,MS,ASO,CE,Federal Contract Tower,0,4,0,10,14,0,2,16,4,22,0,6,16,14,36,2,24,26,62
03/01/2015,GTR,MS,ASO,CE,Federal Contract Tower,0,9,12,9,30,0,0,0,0,0,0,9,12,9,30,0,0,0,30
03/02/2015,GTR,MS,ASO,CE,Federal Contract Tower,0,6,4,44,54,0,0,0,0,0,0,6,4,44,54,0,0,0,54
03/03/2015,GTR,MS,ASO,CE,Federal Contract Tower,0,9,13,8,30,0,0,3,0,3,0,9,16,8,33,0,0,0,33
03/04/2015,GTR,MS,ASO,CE,Federal Contract Tower,0,14,6,36,56,0,0,5,21,26,0,14,11,57,82,0,42,42,124
03/05/2015,GTR,MS,ASO,CE,Federal Contract Tower,0,3,6,0,9,0,0,3,0,3,0,3,9,0,12,0,0,0,12
03/06/2015,GTR,MS,ASO,CE,Federal Contract Tower,0,11,7,50,68,0,0,56,15,71,0,11,63,65,139,20,38,58,197
03/07/2015,GTR,MS,ASO,CE,Federal Contract Tower,0,11,3,16,30,0,2,57,3,62,0,13,60,19,92,70,12,82,174
03/08/2015,GTR,MS,ASO,CE,Federal Contract Tower,0,7,2,29,38,0,2,34,9,45,0,9,36,38,83,2,36,38,121
03/09/2015,GTR,MS,ASO,CE,Federal Contract Tower,0,6,8,60,74,0,0,6,18,24,0,6,14,78,98,0,48,48,146
03/10/2015,GTR,MS,ASO,CE,Federal Contract Tower,0,8,11,8,27,0,0,1,1,2,0,8,12,9,29,2,10,12,41
03/11/2015,GTR,MS,ASO,CE,Federal Contract Tower,0,7,11,64,82,0,0,0,0,0,0,7,11,64,82,0,10,10,92
03/12/2015,GTR,MS,ASO,CE,Federal Contract Tower,0,11,8,38,57,0,0,33,35,68,0,11,41,73,125,0,32,32,157
03/13/2015,GTR,MS,ASO,CE,Federal Contract Tower,0,6,12,32,50,0,0,0,0,0,0,6,12,32,50,0,0,0,50
03/14/2015,GTR,MS,ASO,CE,Federal Contract Tower,0,6,8,24,38,0,0,8,0,8,0,6,16,24,46,0,8,8,54
03/15/2015,GTR,MS,ASO,CE,Federal Contract Tower,0,12,9,6,27,0,0,44,3,47,0,12,53,9,74,0,6,6,80
03/16/2015,GTR,MS,ASO,CE,Federal Contract Tower,0,6,9,30,45,0,0,23,19,42,0,6,32,49,87,18,38,56,143
03/17/2015,GTR,MS,ASO,CE,Federal Contract Tower,0,6,7,31,44,0,0,33,14,47,0,6,40,45,91,18,14,32,123
03/18/2015,GTR,MS,ASO,CE,Federal Contract Tower,2,8,13,17,40,0,0,31,8,39,2,8,44,25,79,26,4,30,109
03/19/2015,GTR,MS,ASO,CE,Federal Contract Tower,0,7,12,40,59,0,0,5,14,19,0,7,17,54,78,0,0,0,78
03/20/2015,GTR,MS,ASO,CE,Federal Contract Tower,0,15,9,51,75,0,0,6,6,12,0,15,15,57,87,0,0,0,87
03/21/2015,GTR,MS,ASO,CE,Federal Contract Tower,0,3,10,43,56,0,0,24,0,24,0,3,34,43,80,0,28,28,108
03/22/2015,GTR,MS,ASO,CE,Federal Contract Tower,0,5,6,25,36,0,0,0,0,0,0,5,6,25,36,0,0,0,36
03/23/2015,GTR,MS,ASO,CE,Federal Contract Tower,0,6,7,47,60,0,0,25,24,49,0,6,32,71,109,4,32,36,145
03/24/2015,GTR,MS,ASO,CE,Federal Contract Tower,0,7,7,24,38,0,0,51,46,97,0,7,58,70,135,26,20,46,181
03/25/2015,GTR,MS,ASO,CE,Federal Contract Tower,0,5,14,20,39,0,2,19,17,38,0,7,33,37,77,4,14,18,95
03/26/2015,GTR,MS,ASO,CE,Federal Contract Tower,0,6,5,39,50,0,0,27,15,42,0,6,32,54,92,36,4,40,132
03/27/2015,GTR,MS,ASO,CE,Federal Contract Tower,0,6,19,21,46,0,0,51,10,61,0,6,70,31,107,2,58,60,167
03/28/2015,GTR,MS,ASO,CE,Federal Contract Tower,0,4,6,16,26,0,0,22,3,25,0,4,28,19,51,0,22,22,73
03/29/2015,GTR,MS,ASO,CE,Federal Contract Tower,0,10,7,11,28,0,0,14,4,18,0,10,21,15,46,0,2,2,48
03/30/2015,GTR,MS,ASO,CE,Federal Contract Tower,0,8,7,27,42,0,0,54,13,67,0,8,61,40,109,26,52,78,187
03/31/2015,GTR,MS,ASO,CE,Federal Contract Tower,0,8,2,15,25,0,0,24,11,35,0,8,26,26,60,18,50,68,128
04/01/2015,GTR,MS,ASO,CE,Federal Contract Tower,0,9,6,23,38,0,0,27,9,36,0,9,33,32,74,6,38,44,118
04/02/2015,GTR,MS,ASO,CE,Federal Contract Tower,0,7,3,17,27,0,0,20,1,21,0,7,23,18,48,0,22,22,70
04/03/2015,GTR,MS,ASO,CE,Federal Contract Tower,0,4,6,37,47,0,0,12,29,41,0,4,18,66,88,0,80,80,168
04/04/2015,GTR,MS,ASO,CE,Federal Contract Tower,0,2,5,13,20,0,2,19,12,33,0,4,24,25,53,6,10,16,69
04/05/2015,GTR,MS,ASO,CE,Federal Contract Tower,0,6,2,3,11,0,0,0,0,0,0,6,2,3,11,0,6,6,17
04/06/2015,GTR,MS,ASO,CE,Federal Contract Tower,0,6,10,22,38,0,0,0,0,0,0,6,10,22,38,0,0,0,38
04/07/2015,GTR,MS,ASO,CE,Federal Contract Tower,0,8,15,40,63,0,4,11,14,29,0,12,26,54,92,10,70,80,172
04/08/2015,GTR,MS,ASO,CE,Federal Contract Tower,0,8,18,47,73,0,0,28,12,40,0,8,46,59,113,2,26,28,141
04/09/2015,GTR,MS,ASO,CE,Federal Contract Tower,0,10,5,56,71,0,0,25,13,38,0,10,30,69,109,6,60,66,175
04/10/2015,GTR,MS,ASO,CE,Federal Contract Tower,0,5,2,26,33,0,0,15,28,43,0,5,17,54,76,8,20,28,104
04/11/2015,GTR,MS,ASO,CE,Federal Contract Tower,0,4,7,10,21,0,0,27,0,27,0,4,34,10,48,0,16,16,64
04/12/2015,GTR,MS,ASO,CE,Federal Contract Tower,0,9,6,1,16,0,1,16,2,19,0,10,22,3,35,0,0,0,35
04/13/2015,GTR,MS,ASO,CE,Federal Contract Tower,0,6,5,10,21,0,0,0,0,0,0,6,5,10,21,0,0,0,21
04/14/2015,GTR,MS,ASO,CE,Federal Contract Tower,0,8,7,11,26,0,0,3,0,3,0,8,10,11,29,0,0,0,29
04/15/2015,GTR,MS,ASO,CE,Federal Contract Tower,0,6,9,15,30,0,0,21,8,29,0,6,30,23,59,0,0,0,59
04/16/2015,GTR,MS,ASO,CE,Federal Contract Tower,0,8,8,19,35,0,0,3,3,6,0,8,11,22,41,2,6,8,49
04/17/2015,GTR,MS,ASO,CE,Federal Contract Tower,0,6,21,30,57,0,0,0,0,0,0,6,21,30,57,0,0,0,57
04/18/2015,GTR,MS,ASO,CE,Federal Contract Tower,0,5,4,16,25,0,0,21,4,25,0,5,25,20,50,24,30,54,104
04/19/2015,GTR,MS,ASO,CE,Federal Contract Tower,0,10,8,17,35,0,0,7,12,19,0,10,15,29,54,0,4,4,58
04/20/2015,GTR,MS,ASO,CE,Federal Contract Tower,0,12,13,31,56,0,0,18,16,34,0,12,31,47,90,2,134,136,226
04/21/2015,GTR,MS,ASO,CE,Federal Contract Tower,0,9,18,12,39,0,0,28,12,40,0,9,46,24,79,10,2,12,91
04/22/2015,GTR,MS,ASO,CE,Federal Contract Tower,0,6,15,16,37,0,4,22,7,33,0,10,37,23,70,6,6,12,82
04/23/2015,GTR,MS,ASO,CE,Federal Contract Tower,0,7,10,11,28,0,0,31,8,39,0,7,41,19,67,6,30,36,103
04/24/2015,GTR,MS,ASO,CE,Federal Contract Tower,0,6,8,18,32,0,0,52,9,61,0,6,60,27,93,14,38,52,145
04/25/2015,GTR,MS,ASO,CE,Federal Contract Tower,0,4,8,28,40,0,0,5,0,5,0,4,13,28,45,42,10,52,97
04/26/2015,GTR,MS,ASO,CE,Federal Contract Tower,0,6,2,19,27,0,0,24,8,32,0,6,26,27,59,6,8,14,73
04/27/2015,GTR,MS,ASO,CE,Federal Contract Tower,0,6,13,36,55,0,0,19,24,43,0,6,32,60,98,4,34,38,136
04/28/2015,GTR,MS,ASO,CE,Federal Contract Tower,0,7,9,30,46,0,0,19,17,36,0,7,28,47,82,4,74,78,160
04/29/2015,GTR,MS,ASO,CE,Federal Contract Tower,0,8,21,15,44,0,0,23,20,43,0,8,44,35,87,24,48,72,159
04/30/2015,GTR,MS,ASO,CE,Federal Contract Tower,0,8,15,22,45,0,0,48,13,61,0,8,63,35,106,18,44,62,168
05/01/2015,GTR,MS,ASO,CE,Federal Contract Tower,0,8,15,22,45,0,0,46,6,52,0,8,61,28,97,54,32,86,183
05/02/2015,GTR,MS,ASO,CE,Federal Contract Tower,0,5,8,20,33,0,0,36,1,37,0,5,44,21,70,0,24,24,94
05/03/2015,GTR,MS,ASO,CE,Federal Contract Tower,0,7,9,20,36,0,0,14,3,17,0,7,23,23,53,0,6,6,59
05/04/2015,GTR,MS,ASO,CE,Federal Contract Tower,0,9,20,11,40,0,0,26,17,43,0,9,46,28,83,2,16,18,101
05/05/2015,GTR,MS,ASO,CE,Federal Contract Tower,0,12,21,30,63,0,0,24,18,42,0,12,45,48,105,20,8,28,133
05/06/2015,GTR,MS,ASO,CE,Federal Contract Tower,0,7,11,22,40,0,0,12,8,20,0,7,23,30,60,0,12,12,72
05/07/2015,GTR,MS,ASO,CE,Federal Contract Tower,0,7,15,22,44,0,0,16,10,26,0,7,31,32,70,0,62,62,132
05/08/2015,GTR,MS,ASO,CE,Federal Contract Tower,0,8,11,17,36,0,0,13,5,18,0,8,24,22,54,34,26,60,114
05/09/2015,GTR,MS,ASO,CE,Federal Contract Tower,0,4,2,6,12,0,0,9,10,19,0,4,11,16,31,2,14,16,47
05/10/2015,GTR,MS,ASO,CE,Federal Contract Tower,0,6,4,1,11,0,0,8,5,13,0,6,12,6,24,2,2,4,28
05/11/2015,GTR,MS,ASO,CE,Federal Contract Tower,0,6,10,54,70,0,0,9,16,25,0,6,19,70,95,34,56,90,185
05/12/2015,GTR,MS,ASO,CE,Federal Contract Tower,1,6,9,14,30,0,2,20,10,32,1,8,29,24,62,20,28,48,110
05/13/2015,GTR,MS,ASO,CE,Federal Contract Tower,1,6,5,16,28,0,2,21,9,32,1,8,26,25,60,6,40,46,106
05/14/2015,GTR,MS,ASO,CE,Federal Contract Tower,0,5,10,37,52,0,0,25,10,35,0,5,35,47,87,72,16,88,175
05/15/2015,GTR,MS,ASO,CE,Federal Contract Tower,0,6,11,65,82,0,0,24,21,45,0,6,35,86,127,26,74,100,227
05/16/2015,GTR,MS,ASO,CE,Federal Contract Tower,0,4,4,3,11,0,0,2,1,3,0,4,6,4,14,12,6,18,32
05/17/2015,GTR,MS,ASO,CE,Federal Contract Tower,0,7,6,13,26,0,0,2,1,3,0,7,8,14,29,0,0,0,29
05/18/2015,GTR,MS,ASO,CE,Federal Contract Tower,0,8,10,42,60,0,0,9,10,19,0,8,19,52,79,2,38,40,119
05/19/2015,GTR,MS,ASO,CE,Federal Contract Tower,0,9,14,22,45,0,0,26,17,43,0,9,40,39,88,18,66,84,172
05/20/2015,GTR,MS,ASO,CE,Federal Contract Tower,0,9,12,25,46,0,4,14,12,30,0,13,26,37,76,6,6,12,88
05/21/2015,GTR,MS,ASO,CE,Federal Contract Tower,0,9,19,38,66,0,0,5,33,38,0,9,24,71,104,0,6,6,110
05/22/2015,GTR,MS,ASO,CE,Federal Contract Tower,0,7,14,2,23,0,0,56,11,67,0,7,70,13,90,14,2,16,106
05/23/2015,GTR,MS,ASO,CE,Federal Contract Tower,0,4,2,3,9,0,0,16,1,17,0,4,18,4,26,0,0,0,26
05/24/2015,GTR,MS,ASO,CE,Federal Contract Tower,0,6,3,0,9,0,0,12,0,12,0,6,15,0,21,2,0,2,23
05/25/2015,GTR,MS,ASO,CE,Federal Contract Tower,0,6,4,1,11,0,0,6,0,6,0,6,10,1,17,0,0,0,17
05/26/2015,GTR,MS,ASO,CE,Federal Contract Tower,0,8,9,42,59,0,0,11,13,24,0,8,20,55,83,2,12,14,97
05/27/2015,GTR,MS,ASO,CE,Federal Contract Tower,0,6,9,35,50,0,0,4,7,11,0,6,13,42,61,0,0,0,61
05/28/2015,GTR,MS,ASO,CE,Federal Contract Tower,0,7,16,56,79,0,0,29,5,34,0,7,45,61,113,6,12,18,131
05/29/2015,GTR,MS,ASO,CE,Federal Contract Tower,0,6,12,24,42,0,0,52,25,77,0,6,64,49,119,8,22,30,149
05/30/2015,GTR,MS,ASO,CE,Federal Contract Tower,0,5,10,6,21,0,0,5,2,7,0,5,15,8,28,16,0,16,44
05/31/2015,GTR,MS,ASO,CE,Federal Contract Tower,0,5,7,7,19,0,0,14,4,18,0,5,21,11,37,0,0,0,37
06/01/2015,GTR,MS,ASO,CE,Federal Contract Tower,0,6,16,22,44,0,0,16,26,42,0,6,32,48,86,2,54,56,142
06/02/2015,GTR,MS,ASO,CE,Federal Contract Tower,0,7,24,9,40,0,0,49,1,50,0,7,73,10,90,0,18,18,108
06/03/2015,GTR,MS,ASO,CE,Federal Contract Tower,0,9,7,19,35,0,0,37,28,65,0,9,44,47,100,4,20,24,124
06/04/2015,GTR,MS,ASO,CE,Federal Contract Tower,0,8,7,8,23,0,0,41,6,47,0,8,48,14,70,4,0,4,74
06/05/2015,GTR,MS,ASO,CE,Federal Contract Tower,0,7,17,33,57,0,2,16,14,32,0,9,33,47,89,10,50,60,149
06/06/2015,GTR,MS,ASO,CE,Federal Contract Tower,0,4,6,24,34,0,0,21,8,29,0,4,27,32,63,8,28,36,99
06/07/2015,GTR,MS,ASO,CE,Federal Contract Tower,2,7,7,28,44,0,1,18,7,26,2,8,25,35,70,0,18,18,88
06/08/2015,GTR,MS,ASO,CE,Federal Contract Tower,0,8,19,52,79,0,0,62,20,82,0,8,81,72,161,14,26,40,201
06/09/2015,GTR,MS,ASO,CE,Federal Contract Tower,0,6,13,32,51,0,0,24,25,49,0,6,37,57,100,6,4,10,110
06/10/2015,GTR,MS,ASO,CE,Federal Contract Tower,0,13,19,39,71,0,0,36,25,61,0,13,55,64,132,2,40,42,174
06/11/2015,GTR,MS,ASO,CE,Federal Contract Tower,0,9,13,24,46,0,0,26,19,45,0,9,39,43,91,2,20,22,113
06/12/2015,GTR,MS,ASO,CE,Federal Contract Tower,0,6,8,52,66,0,0,15,12,27,0,6,23,64,93,0,8,8,101
06/13/2015,GTR,MS,ASO,CE,Federal Contract Tower,0,6,3,19,28,0,0,30,2,32,0,6,33,21,60,4,10,14,74
06/14/2015,GTR,MS,ASO,CE,Federal Contract Tower,1,5,12,13,31,0,0,7,0,7,1,5,19,13,38,4,28,32,70
06/15/2015,GTR,MS,ASO,CE,Federal Contract Tower,0,7,6,24,37,0,0,40,19,59,0,7,46,43,96,22,14,36,132
06/16/2015,GTR,MS,ASO,CE,Federal Contract Tower,0,7,12,28,47,0,0,34,13,47,0,7,46,41,94,12,26,38,132
06/17/2015,GTR,MS,ASO,CE,Federal Contract Tower,0,8,11,19,38,0,0,17,15,32,0,8,28,34,70,2,10,12,82
06/18/2015,GTR,MS,ASO,CE,Federal Contract Tower,0,9,14,35,58,0,0,17,21,38,0,9,31,56,96,14,34,48,144
06/19/2015,GTR,MS,ASO,CE,Federal Contract Tower,0,7,11,34,52,0,0,63,19,82,0,7,74,53,134,8,28,36,170
06/20/2015,GTR,MS,ASO,CE,Federal Contract Tower,0,4,12,20,36,0,0,13,0,13,0,4,25,20,49,6,10,16,65
06/21/2015,GTR,MS,ASO,CE,Federal Contract Tower,0,7,4,19,30,0,0,17,3,20,0,7,21,22,50,8,0,8,58
06/22/2015,GTR,MS,ASO,CE,Federal Contract Tower,0,5,8,31,44,0,0,39,31,70,0,5,47,62,114,0,8,8,122
06/23/2015,GTR,MS,ASO,CE,Federal Contract Tower,0,6,11,25,42,0,2,16,13,31,0,8,27,38,73,6,40,46,119
06/24/2015,GTR,MS,ASO,CE,Federal Contract Tower,0,6,7,15,28,0,0,14,5,19,0,6,21,20,47,0,6,6,53
06/25/2015,GTR,MS,ASO,CE,Federal Contract Tower,0,6,22,36,64,0,0,32,23,55,0,6,54,59,119,10,20,30,149
06/26/2015,GTR,MS,ASO,CE,Federal Contract Tower,0,7,13,40,60,0,0,52,12,64,0,7,65,52,124,8,6,14,138
06/27/2015,GTR,MS,ASO,CE,Federal Contract Tower,0,5,8,21,34,0,2,15,0,17,0,7,23,21,51,0,22,22,73
06/28/2015,GTR,MS,ASO,CE,Federal Contract Tower,0,7,6,7,20,0,0,32,1,33,0,7,38,8,53,22,0,22,75
06/29/2015,GTR,MS,ASO,CE,Federal Contract Tower,0,8,8,31,47,0,0,27,11,38,0,8,35,42,85,8,22,30,115
06/30/2015,GTR,MS,ASO,CE,Federal Contract Tower,0,7,5,28,40,0,2,23,16,41,0,9,28,44,81,2,18,20,101
07/01/2015,GTR,MS,ASO,CE,Federal Contract Tower,0,5,8,33,46,0,0,15,31,46,0,5,23,64,92,4,0,4,96
07/02/2015,GTR,MS,ASO,CE,Federal Contract Tower,0,6,7,0,13,0,0,20,0,20,0,6,27,0,33,16,0,16,49
07/03/2015,GTR,MS,ASO,CE,Federal Contract Tower,0,4,3,0,7,0,0,12,3,15,0,4,15,3,22,0,0,0,22
07/04/2015,GTR,MS,ASO,CE,Federal Contract Tower,0,4,0,0,4,0,0,8,0,8,0,4,8,0,12,0,0,0,12
07/05/2015,GTR,MS,ASO,CE,Federal Contract Tower,0,6,8,0,14,0,0,3,0,3,0,6,11,0,17,0,0,0,17
07/06/2015,GTR,MS,ASO,CE,Federal Contract Tower,0,6,8,29,43,0,2,15,42,59,0,8,23,71,102,2,16,18,120
07/07/2015,GTR,MS,ASO,CE,Federal Contract Tower,2,7,11,18,38,0,0,82,18,100,2,7,93,36,138,4,8,12,150
07/08/2015,GTR,MS,ASO,CE,Federal Contract Tower,0,9,16,20,45,0,4,30,13,47,0,13,46,33,92,0,60,60,152
07/09/2015,GTR,MS,ASO,CE,Federal Contract Tower,0,7,12,21,40,0,0,38,10,48,0,7,50,31,88,0,46,46,134
07/10/2015,GTR,MS,ASO,CE,Federal Contract Tower,0,9,16,22,47,0,2,25,20,47,0,11,41,42,94,6,38,44,138
07/11/2015,GTR,MS,ASO,CE,Federal Contract Tower,0,7,8,16,31,0,0,16,3,19,0,7,24,19,50,0,6,6,56
07/12/2015,GTR,MS,ASO,CE,Federal Contract Tower,0,8,7,35,50,0,0,14,3,17,0,8,21,38,67,0,0,0,67
07/13/2015,GTR,MS,ASO,CE,Federal Contract Tower,0,7,10,44,61,0,0,28,10,38,0,7,38,54,99,0,36,36,135
07/14/2015,GTR,MS,ASO,CE,Federal Contract Tower,0,8,8,14,30,0,0,30,12,42,0,8,38,26,72,0,2,2,74
07/15/2015,GTR,MS,ASO,CE,Federal Contract Tower,0,7,16,16,39,0,0,17,18,35,0,7,33,34,74,10,10,20,94
07/16/2015,GTR,MS,ASO,CE,Federal Contract Tower,0,9,14,15,38,0,0,32,15,47,0,9,46,30,85,18,16,34,119
07/17/2015,GTR,MS,ASO,CE,Federal Contract Tower,0,6,7,29,42,0,0,43,12,55,0,6,50,41,97,14,68,82,179
07/18/2015,GTR,MS,ASO,CE,Federal Contract Tower,0,4,11,34,49,0,0,13,5,18,0,4,24,39,67,4,92,96,163
07/19/2015,GTR,MS,ASO,CE,Federal Contract Tower,0,13,6,19,38,0,0,5,9,14,0,13,11,28,52,6,4,10,62
07/20/2015,GTR,MS,ASO,CE,Federal Contract Tower,0,6,6,32,44,0,0,6,20,26,0,6,12,52,70,30,12,42,112
07/21/2015,GTR,MS,ASO,CE,Federal Contract Tower,0,6,6,21,33,0,0,3,11,14,0,6,9,32,47,0,32,32,79
07/22/2015,GTR,MS,ASO,CE,Federal Contract Tower,0,6,6,44,56,0,0,21,20,41,0,6,27,64,97,33,12,45,142
07/23/2015,GTR,MS,ASO,CE,Federal Contract Tower,0,9,6,34,49,0,4,11,13,28,0,13,17,47,77,18,26,44,121
07/24/2015,GTR,MS,ASO,CE,Federal Contract Tower,0,6,2,36,44,0,0,26,25,51,0,6,28,61,95,0,32,32,127
07/25/2015,GTR,MS,ASO,CE,Federal Contract Tower,0,6,6,24,36,0,0,13,1,14,0,6,19,25,50,0,62,62,112
07/26/2015,GTR,MS,ASO,CE,Federal Contract Tower,0,5,3,13,21,0,0,12,4,16,0,5,15,17,37,0,22,22,59
07/27/2015,GTR,MS,ASO,CE,Federal Contract Tower,0,11,5,42,58,0,0,14,24,38,0,11,19,66,96,4,52,56,152
07/28/2015,GTR,MS,ASO,CE,Federal Contract Tower,0,7,5,25,37,0,0,43,18,61,0,7,48,43,98,0,32,32,130
07/29/2015,GTR,MS,ASO,CE,Federal Contract Tower,0,6,5,55,66,0,0,9,15,24,0,6,14,70,90,4,42,46,136
07/30/2015,GTR,MS,ASO,CE,Federal Contract Tower,0,5,12,35,52,0,0,34,37,71,0,5,46,72,123,40,62,102,225
07/31/2015,GTR,MS,ASO,CE,Federal Contract Tower,0,5,10,28,43,0,0,13,12,25,0,5,23,40,68,4,28,32,100
08/01/2015,GTR,MS,ASO,CE,Federal Contract Tower,0,4,5,19,28,0,2,43,0,45,0,6,48,19,73,16,18,34,107
08/02/2015,GTR,MS,ASO,CE,Federal Contract Tower,0,5,6,11,22,0,0,9,0,9,0,5,15,11,31,6,0,6,37
08/03/2015,GTR,MS,ASO,CE,Federal Contract Tower,0,9,6,5,20,0,0,27,5,32,0,9,33,10,52,0,0,0,52
08/04/2015,GTR,MS,ASO,CE,Federal Contract Tower,0,6,17,20,43,0,1,28,11,40,0,7,45,31,83,12,18,30,113
08/05/2015,GTR,MS,ASO,CE,Federal Contract Tower,2,6,9,39,56,0,0,26,15,41,2,6,35,54,97,0,10,10,107
08/06/2015,GTR,MS,ASO,CE,Federal Contract Tower,0,6,14,8,28,0,0,9,6,15,0,6,23,14,43,0,0,0,43
08/07/2015,GTR,MS,ASO,CE,Federal Contract Tower,0,10,8,18,36,0,12,11,7,30,0,22,19,25,66,0,10,10,76
08/08/2015,GTR,MS,ASO,CE,Federal Contract Tower,0,8,3,10,21,0,1,12,3,16,0,9,15,13,37,14,34,48,85
08/09/2015,GTR,MS,ASO,CE,Federal Contract Tower,0,7,4,7,18,0,0,11,1,12,0,7,15,8,30,0,0,0,30
08/10/2015,GTR,MS,ASO,CE,Federal Contract Tower,0,8,7,46,61,0,0,20,16,36,0,8,27,62,97,6,56,62,159
08/11/2015,GTR,MS,ASO,CE,Federal Contract Tower,0,6,6,26,38,0,0,21,10,31,0,6,27,36,69,0,102,102,171
08/12/2015,GTR,MS,ASO,CE,Federal Contract Tower,0,6,14,15,35,0,0,35,7,42,0,6,49,22,77,0,16,16,93
08/13/2015,GTR,MS,ASO,CE,Federal Contract Tower,0,8,18,24,50,0,0,34,14,48,0,8,52,38,98,6,26,32,130
08/14/2015,GTR,MS,ASO,CE,Federal Contract Tower,0,8,12,31,51,0,0,18,13,31,0,8,30,44,82,0,62,62,144
08/15/2015,GTR,MS,ASO,CE,Federal Contract Tower,0,4,4,15,23,0,0,7,0,7,0,4,11,15,30,6,26,32,62
08/16/2015,GTR,MS,ASO,CE,Federal Contract Tower,0,6,3,21,30,0,0,7,4,11,0,6,10,25,41,0,16,16,57
08/17/2015,GTR,MS,ASO,CE,Federal Contract Tower,0,6,7,52,65,0,0,3,1,4,0,6,10,53,69,0,0,0,69
08/18/2015,GTR,MS,ASO,CE,Federal Contract Tower,0,10,9,54,73,0,0,37,14,51,0,10,46,68,124,6,52,58,182
08/19/2015,GTR,MS,ASO,CE,Federal Contract Tower,0,5,13,38,56,0,0,13,11,24,0,5,26,49,80,4,52,56,136
08/20/2015,GTR,MS,ASO,CE,Federal Contract Tower,0,5,6,62,73,0,0,6,31,37,0,5,12,93,110,0,30,30,140
08/21/2015,GTR,MS,ASO,CE,Federal Contract Tower,0,8,14,44,66,0,0,24,14,38,0,8,38,58,104,0,50,50,154
08/22/2015,GTR,MS,ASO,CE,Federal Contract Tower,0,4,7,12,23,0,0,20,0,20,0,4,27,12,43,10,24,34,77
08/23/2015,GTR,MS,ASO,CE,Federal Contract Tower,0,8,2,30,40,0,0,4,1,5,0,8,6,31,45,0,0,0,45
08/24/2015,GTR,MS,ASO,CE,Federal Contract Tower,0,11,11,26,48,0,0,25,8,33,0,11,36,34,81,0,36,36,117
08/25/2015,GTR,MS,ASO,CE,Federal Contract Tower,0,7,9,19,35,0,0,19,11,30,0,7,28,30,65,0,34,34,99
08/26/2015,GTR,MS,ASO,CE,Federal Contract Tower,0,7,5,10,22,0,0,23,4,27,0,7,28,14,49,0,16,16,65
08/27/2015,GTR,MS,ASO,CE,Federal Contract Tower,0,6,6,14,26,0,0,20,10,30,0,6,26,24,56,2,16,18,74
08/28/2015,GTR,MS,ASO,CE,Federal Contract Tower,0,6,10,23,39,0,0,35,6,41,0,6,45,29,80,0,64,64,144
08/29/2015,GTR,MS,ASO,CE,Federal Contract Tower,0,5,9,9,23,0,0,39,1,40,0,5,48,10,63,4,0,4,67
08/30/2015,GTR,MS,ASO,CE,Federal Contract Tower,0,10,11,3,24,0,0,7,9,16,0,10,18,12,40,8,0,8,48
08/31/2015,GTR,MS,ASO,CE,Federal Contract Tower,0,6,5,33,44,0,0,24,13,37,0,6,29,46,81,18,28,46,127
09/01/2015,GTR,MS,ASO,CE,Federal Contract Tower,0,6,5,24,35,0,0,37,8,45,0,6,42,32,80,0,72,72,152
09/02/2015,GTR,MS,ASO,CE,Federal Contract Tower,0,8,8,40,56,0,0,47,17,64,0,8,55,57,120,0,76,76,196
09/03/2015,GTR,MS,ASO,CE,Federal Contract Tower,0,7,5,23,35,0,0,34,10,44,0,7,39,33,79,10,108,118,197
09/04/2015,GTR,MS,ASO,CE,Federal Contract Tower,0,7,7,0,14,0,0,25,1,26,0,7,32,1,40,0,0,0,40
09/05/2015,GTR,MS,ASO,CE,Federal Contract Tower,0,4,8,0,12,0,0,9,0,9,0,4,17,0,21,0,0,0,21
09/06/2015,GTR,MS,ASO,CE,Federal Contract Tower,0,4,6,0,10,0,0,10,0,10,0,4,16,0,20,0,0,0,20
09/07/2015,GTR,MS,ASO,CE,Federal Contract Tower,0,6,9,1,16,0,0,16,1,17,0,6,25,2,33,0,4,4,37
09/08/2015,GTR,MS,ASO,CE,Federal Contract Tower,0,8,9,25,42,0,0,32,10,42,0,8,41,35,84,2,20,22,106
09/09/2015,GTR,MS,ASO,CE,Federal Contract Tower,0,5,11,35,51,0,2,19,8,29,0,7,30,43,80,0,18,18,98
09/10/2015,GTR,MS,ASO,CE,Federal Contract Tower,0,9,9,35,53,0,0,13,6,19,0,9,22,41,72,0,54,54,126
09/11/2015,GTR,MS,ASO,CE,Federal Contract Tower,2,8,15,22,47,0,0,23,2,25,2,8,38,24,72,12,118,130,202
09/12/2015,GTR,MS,ASO,CE,Federal Contract Tower,0,6,14,8,28,0,1,12,7,20,0,7,26,15,48,6,10,16,64
09/13/2015,GTR,MS,ASO,CE,Federal Contract Tower,0,6,13,8,27,0,0,28,0,28,0,6,41,8,55,0,0,0,55
09/14/2015,GTR,MS,ASO,CE,Federal Contract Tower,0,9,10,29,48,0,0,18,7,25,0,9,28,36,73,0,28,28,101
09/15/2015,GTR,MS,ASO,CE,Federal Contract Tower,0,9,10,11,30,0,0,32,7,39,0,9,42,18,69,0,8,8,77
09/16/2015,GTR,MS,ASO,CE,Federal Contract Tower,0,9,12,19,40,0,4,19,13,36,0,13,31,32,76,0,38,38,114
09/17/2015,GTR,MS,ASO,CE,Federal Contract Tower,0,9,12,32,53,0,0,14,30,44,0,9,26,62,97,0,10,10,107
09/18/2015,GTR,MS,ASO,CE,Federal Contract Tower,0,7,15,33,55,0,0,20,8,28,0,7,35,41,83,12,30,42,125
09/19/2015,GTR,MS,ASO,CE,Federal Contract Tower,0,5,9,23,37,0,0,26,8,34,0,5,35,31,71,0,28,28,99
09/20/2015,GTR,MS,ASO,CE,Federal Contract Tower,0,8,10,16,34,0,0,11,3,14,0,8,21,19,48,0,0,0,48
09/21/2015,GTR,MS,ASO,CE,Federal Contract Tower,0,7,3,39,49,0,0,11,17,28,0,7,14,56,77,0,66,66,143
09/22/2015,GTR,MS,ASO,CE,Federal Contract Tower,0,8,8,13,29,0,0,35,10,45,0,8,43,23,74,6,16,22,96
09/23/2015,GTR,MS,ASO,CE,Federal Contract Tower,0,7,13,35,55,0,0,24,16,40,0,7,37,51,95,0,44,44,139
09/24/2015,GTR,MS,ASO,CE,Federal Contract Tower,0,8,13,40,61,0,2,28,15,45,0,10,41,55,106,2,34,36,142
09/25/2015,GTR,MS,ASO,CE,Federal Contract Tower,0,7,7,46,60,0,0,19,15,34,0,7,26,61,94,0,78,78,172
09/26/2015,GTR,MS,ASO,CE,Federal Contract Tower,0,3,7,32,42,0,0,24,0,24,0,3,31,32,66,8,6,14,80
09/27/2015,GTR,MS,ASO,CE,Federal Contract Tower,0,6,7,14,27,0,0,3,4,7,0,6,10,18,34,0,0,0,34
09/28/2015,GTR,MS,ASO,CE,Federal Contract Tower,0,9,10,23,42,0,0,0,2,2,0,9,10,25,44,0,10,10,54
09/29/2015,GTR,MS,ASO,CE,Federal Contract Tower,0,6,10,39,55,0,0,8,23,31,0,6,18,62,86,0,0,0,86
09/30/2015,GTR,MS,ASO,CE,Federal Contract Tower,0,8,5,23,36,0,0,30,17,47,0,8,35,40,83,0,52,52,135
10/01/2015,GTR,MS,ASO,CE,Federal Contract Tower,0,6,9,34,49,0,0,19,16,35,0,6,28,50,84,52,24,76,160
10/02/2015,GTR,MS,ASO,CE,Federal Contract Tower,2,7,10,65,84,0,2,12,17,31,2,9,22,82,115,44,46,90,205
10/03/2015,GTR,MS,ASO,CE,Federal Contract Tower,0,4,6,13,23,0,0,4,2,6,0,4,10,15,29,6,0,6,35
10/04/2015,GTR,MS,ASO,CE,Federal Contract Tower,0,6,8,9,23,0,0,1,0,1,0,6,9,9,24,0,0,0,24
10/05/2015,GTR,MS,ASO,CE,Federal Contract Tower,0,11,12,26,49,0,0,22,8,30,0,11,34,34,79,2,28,30,109
10/06/2015,GTR,MS,ASO,CE,Federal Contract Tower,0,6,9,14,29,0,0,24,11,35,0,6,33,25,64,42,16,58,122
10/07/2015,GTR,MS,ASO,CE,Federal Contract Tower,0,7,17,23,47,0,2,22,16,40,0,9,39,39,87,14,32,46,133
10/08/2015,GTR,MS,ASO,CE,Federal Contract Tower,0,11,8,22,41,0,0,27,9,36,0,11,35,31,77,16,12,28,105
10/09/2015,GTR,MS,ASO,CE,Federal Contract Tower,0,8,12,18,38,0,0,27,5,32,0,8,39,23,70,14,0,14,84
10/10/2015,GTR,MS,ASO,CE,Federal Contract Tower,0,4,7,9,20,0,2,5,0,7,0,6,12,9,27,16,26,42,69
10/11/2015,GTR,MS,ASO,CE,Federal Contract Tower,0,8,4,12,24,0,0,4,0,4,0,8,8,12,28,0,0,0,28
10/12/2015,GTR,MS,ASO,CE,Federal Contract Tower,0,7,5,4,16,0,1,15,0,16,0,8,20,4,32,0,2,2,34
10/13/2015,GTR,MS,ASO,CE,Federal Contract Tower,0,6,11,36,53,0,0,30,10,40,0,6,41,46,93,6,0,6,99
10/14/2015,GTR,MS,ASO,CE,Federal Contract Tower,0,10,4,29,43,0,0,16,19,35,0,10,20,48,78,0,28,28,106
10/15/2015,GTR,MS,ASO,CE,Federal Contract Tower,0,10,14,34,58,0,0,19,14,33,0,10,33,48,91,8,24,32,123
10/16/2015,GTR,MS,ASO,CE,Federal Contract Tower,0,6,10,26,42,0,2,17,5,24,0,8,27,31,66,8,34,42,108
10/17/2015,GTR,MS,ASO,CE,Federal Contract Tower,0,4,20,34,58,0,0,7,6,13,0,4,27,40,71,20,70,90,161
10/18/2015,GTR,MS,ASO,CE,Federal Contract Tower,0,6,10,25,41,0,0,12,1,13,0,6,22,26,54,0,34,34,88
10/19/2015,GTR,MS,ASO,CE,Federal Contract Tower,0,10,3,49,62,0,0,8,23,31,0,10,11,72,93,0,44,44,137
10/20/2015,GTR,MS,ASO,CE,Federal Contract Tower,0,8,13,18,39,0,0,10,10,20,0,8,23,28,59,0,6,6,65
10/21/2015,GTR,MS,ASO,CE,Federal Contract Tower,0,8,10,31,49,0,0,15,14,29,0,8,25,45,78,0,28,28,106
10/22/2015,GTR,MS,ASO,CE,Federal Contract Tower,0,6,12,27,45,0,2,25,11,38,0,8,37,38,83,6,30,36,119
10/23/2015,GTR,MS,ASO,CE,Federal Contract Tower,2,7,10,35,54,0,0,22,11,33,2,7,32,46,87,12,22,34,121
10/24/2015,GTR,MS,ASO,CE,Federal Contract Tower,0,6,5,13,24,0,0,12,5,17,0,6,17,18,41,0,22,22,63
10/25/2015,GTR,MS,ASO,CE,Federal Contract Tower,0,12,10,19,41,0,0,4,0,4,0,12,14,19,45,0,14,14,59
10/26/2015,GTR,MS,ASO,CE,Federal Contract Tower,0,8,4,0,12,0,0,0,0,0,0,8,4,0,12,0,0,0,12
10/27/2015,GTR,MS,ASO,CE,Federal Contract Tower,0,7,11,2,20,0,0,1,0,1,0,7,12,2,21,0,0,0,21
10/28/2015,GTR,MS,ASO,CE,Federal Contract Tower,0,6,9,68,83,0,0,23,20,43,0,6,32,88,126,2,6,8,134
10/29/2015,GTR,MS,ASO,CE,Federal Contract Tower,0,8,13,22,43,0,0,30,10,40,0,8,43,32,83,10,10,20,103
10/30/2015,GTR,MS,ASO,CE,Federal Contract Tower,0,6,11,9,26,0,0,23,10,33,0,6,34,19,59,6,8,14,73
10/31/2015,GTR,MS,ASO,CE,Federal Contract Tower,0,4,4,2,10,0,0,6,0,6,0,4,10,2,16,4,0,4,20
11/01/2015,GTR,MS,ASO,CE,Federal Contract Tower,0,5,0,13,18,0,0,0,0,0,0,5,0,13,18,0,0,0,18
11/02/2015,GTR,MS,ASO,CE,Federal Contract Tower,0,6,10,30,46,0,0,0,3,3,0,6,10,33,49,0,0,0,49
11/03/2015,GTR,MS,ASO,CE,Federal Contract Tower,0,10,16,39,65,0,0,18,20,38,0,10,34,59,103,4,24,28,131
11/04/2015,GTR,MS,ASO,CE,Federal Contract Tower,2,8,8,47,65,0,2,5,5,12,2,10,13,52,77,0,0,0,77
11/05/2015,GTR,MS,ASO,CE,Federal Contract Tower,2,9,14,25,50,0,2,16,12,30,2,11,30,37,80,16,22,38,118
11/06/2015,GTR,MS,ASO,CE,Federal Contract Tower,1,6,11,21,39,0,0,12,6,18,1,6,23,27,57,6,22,28,85
11/07/2015,GTR,MS,ASO,CE,Federal Contract Tower,1,6,1,20,28,0,0,0,0,0,1,6,1,20,28,0,0,0,28
11/08/2015,GTR,MS,ASO,CE,Federal Contract Tower,0,6,5,10,21,0,0,8,5,13,0,6,13,15,34,0,8,8,42
11/09/2015,GTR,MS,ASO,CE,Federal Contract Tower,0,7,14,40,61,0,0,9,20,29,0,7,23,60,90,0,8,8,98
11/10/2015,GTR,MS,ASO,CE,Federal Contract Tower,0,7,14,23,44,0,0,21,15,36,0,7,35,38,80,6,44,50,130
11/11/2015,GTR,MS,ASO,CE,Federal Contract Tower,0,8,11,4,23,0,0,5,1,6,0,8,16,5,29,0,6,6,35
11/12/2015,GTR,MS,ASO,CE,Federal Contract Tower,0,8,9,34,51,0,0,30,17,47,0,8,39,51,98,0,84,84,182
11/13/2015,GTR,MS,ASO,CE,Federal Contract Tower,0,9,13,30,52,0,0,20,13,33,0,9,33,43,85,2,54,56,141
11/14/2015,GTR,MS,ASO,CE,Federal Contract Tower,0,7,16,23,46,0,0,24,3,27,0,7,40,26,73,38,14,52,125
11/15/2015,GTR,MS,ASO,CE,Federal Contract Tower,0,12,8,10,30,0,4,16,1,21,0,16,24,11,51,6,0,6,57
11/16/2015,GTR,MS,ASO,CE,Federal Contract Tower,0,7,15,30,52,0,0,16,22,38,0,7,31,52,90,24,26,50,140
11/17/2015,GTR,MS,ASO,CE,Federal Contract Tower,0,17,19,45,81,0,0,5,29,34,0,17,24,74,115,0,12,12,127
11/18/2015,GTR,MS,ASO,CE,Federal Contract Tower,0,5,7,37,49,0,0,17,14,31,0,5,24,51,80,4,44,48,128
11/19/2015,GTR,MS,ASO,CE,Federal Contract Tower,0,8,15,76,99,0,0,24,10,34,0,8,39,86,133,32,46,78,211
11/21/2015,GTR,MS,ASO,CE,Federal Contract Tower,0,4,11,14,29,0,0,21,6,27,0,4,32,20,56,26,6,32,88
11/22/2015,GTR,MS,ASO,CE,Federal Contract Tower,0,4,4,15,23,0,4,12,8,24,0,8,16,23,47,50,10,60,107
11/23/2015,GTR,MS,ASO,CE,Federal Contract Tower,0,7,8,31,46,0,0,12,6,18,0,7,20,37,64,24,24,48,112
11/24/2015,GTR,MS,ASO,CE,Federal Contract Tower,0,14,17,11,42,0,9,10,7,26,0,23,27,18,68,6,6,12,80
11/25/2015,GTR,MS,ASO,CE,Federal Contract Tower,0,9,8,20,37,0,0,12,8,20,0,9,20,28,57,2,34,36,93
11/26/2015,GTR,MS,ASO,CE,Federal Contract Tower,0,2,3,0,5,0,0,2,0,2,0,2,5,0,7,0,0,0,7
11/27/2015,GTR,MS,ASO,CE,Federal Contract Tower,0,3,13,0,16,0,0,4,0,4,0,3,17,0,20,0,0,0,20
11/28/2015,GTR,MS,ASO,CE,Federal Contract Tower,0,8,0,0,8,0,0,4,0,4,0,8,4,0,12,0,0,0,12
11/29/2015,GTR,MS,ASO,CE,Federal Contract Tower,0,12,6,0,18,0,0,0,0,0,0,12,6,0,18,0,0,0,18
11/30/2015,GTR,MS,ASO,CE,Federal Contract Tower,0,8,7,35,50,0,0,3,3,6,0,8,10,38,56,6,0,6,62
12/01/2015,GTR,MS,ASO,CE,Federal Contract Tower,0,9,13,16,38,0,0,0,0,0,0,9,13,16,38,0,0,0,38
12/02/2015,GTR,MS,ASO,CE,Federal Contract Tower,0,7,15,28,50,0,0,17,14,31,0,7,32,42,81,4,54,58,139
12/03/2015,GTR,MS,ASO,CE,Federal Contract Tower,0,6,15,34,55,0,0,27,20,47,0,6,42,54,102,16,90,106,208
12/04/2015,GTR,MS,ASO,CE,Federal Contract Tower,0,6,8,26,40,0,0,21,16,37,0,6,29,42,77,14,32,46,123
12/05/2015,GTR,MS,ASO,CE,Federal Contract Tower,0,4,6,19,29,0,4,10,10,24,0,8,16,29,53,10,72,82,135
12/06/2015,GTR,MS,ASO,CE,Federal Contract Tower,0,8,4,20,32,0,2,18,4,24,0,10,22,24,56,4,0,4,60
12/07/2015,GTR,MS,ASO,CE,Federal Contract Tower,0,8,14,44,66,0,0,11,20,31,0,8,25,64,97,4,48,52,149
12/08/2015,GTR,MS,ASO,CE,Federal Contract Tower,0,9,26,14,49,0,0,23,15,38,0,9,49,29,87,8,22,30,117
12/09/2015,GTR,MS,ASO,CE,Federal Contract Tower,0,8,9,41,58,0,0,3,1,4,0,8,12,42,62,0,0,0,62
12/10/2015,GTR,MS,ASO,CE,Federal Contract Tower,0,7,6,56,69,0,0,21,19,40,0,7,27,75,109,2,18,20,129
12/11/2015,GTR,MS,ASO,CE,Federal Contract Tower,0,9,6,29,44,0,2,16,15,33,0,11,22,44,77,4,20,24,101
12/12/2015,GTR,MS,ASO,CE,Federal Contract Tower,0,5,12,11,28,0,4,7,0,11,0,9,19,11,39,2,0,2,41
12/13/2015,GTR,MS,ASO,CE,Federal Contract Tower,0,6,6,4,16,0,0,1,2,3,0,6,7,6,19,0,0,0,19
12/14/2015,GTR,MS,ASO,CE,Federal Contract Tower,0,6,4,21,31,0,0,26,8,34,0,6,30,29,65,8,52,60,125
12/15/2015,GTR,MS,ASO,CE,Federal Contract Tower,0,9,8,23,40,0,0,18,16,34,0,9,26,39,74,0,36,36,110
12/16/2015,GTR,MS,ASO,CE,Federal Contract Tower,0,4,5,21,30,0,0,25,15,40,0,4,30,36,70,16,32,48,118
12/17/2015,GTR,MS,ASO,CE,Federal Contract Tower,0,6,15,30,51,0,0,31,12,43,0,6,46,42,94,34,0,34,128
12/18/2015,GTR,MS,ASO,CE,Federal Contract Tower,0,7,12,14,33,0,0,9,3,12,0,7,21,17,45,0,8,8,53
12/19/2015,GTR,MS,ASO,CE,Federal Contract Tower,0,4,4,14,22,0,0,21,2,23,0,4,25,16,45,34,40,74,119
12/20/2015,GTR,MS,ASO,CE,Federal Contract Tower,0,6,6,10,22,0,0,12,4,16,0,6,18,14,38,4,6,10,48
12/21/2015,GTR,MS,ASO,CE,Federal Contract Tower,0,6,18,31,55,0,0,1,0,1,0,6,19,31,56,0,0,0,56
12/22/2015,GTR,MS,ASO,CE,Federal Contract Tower,0,5,6,10,21,0,0,0,0,0,0,5,6,10,21,0,0,0,21
12/23/2015,GTR,MS,ASO,CE,Federal Contract Tower,0,3,6,0,9,0,0,0,0,0,0,3,6,0,9,0,0,0,9
12/24/2015,GTR,MS,ASO,CE,Federal Contract Tower,0,1,1,0,2,0,0,4,0,4,0,1,5,0,6,0,0,0,6
12/25/2015,GTR,MS,ASO,CE,Federal Contract Tower,2,5,0,0,7,0,0,0,0,0,2,5,0,0,7,0,0,0,7
12/26/2015,GTR,MS,ASO,CE,Federal Contract Tower,0,4,4,0,8,0,0,1,0,1,0,4,5,0,9,0,0,0,9
12/27/2015,GTR,MS,ASO,CE,Federal Contract Tower,0,4,7,0,11,0,0,0,0,0,0,4,7,0,11,0,0,0,11
12/28/2015,GTR,MS,ASO,CE,Federal Contract Tower,0,3,1,0,4,0,4,0,0,4,0,7,1,0,8,0,0,0,8
12/29/2015,GTR,MS,ASO,CE,Federal Contract Tower,0,4,4,19,27,0,2,5,9,16,0,6,9,28,43,2,52,54,97
12/30/2015,GTR,MS,ASO,CE,Federal Contract Tower,0,4,1,0,5,0,0,2,0,2,0,4,3,0,7,0,0,0,7
12/31/2015,GTR,MS,ASO,CE,Federal Contract Tower,2,5,7,0,14,0,0,12,0,12,2,5,19,0,26,18,0,18,44
01/01/2016,GTR,MS,ASO,CE,Federal Contract Tower,0,7,5,0,12,0,0,4,0,4,0,7,9,0,16,0,0,0,16
01/02/2016,GTR,MS,ASO,CE,Federal Contract Tower,0,5,5,0,10,0,0,8,0,8,0,5,13,0,18,12,0,12,30
01/03/2016,GTR,MS,ASO,CE,Federal Contract Tower,0,7,10,0,17,0,0,3,0,3,0,7,13,0,20,0,0,0,20
01/04/2016,GTR,MS,ASO,CE,Federal Contract Tower,0,3,10,46,59,0,0,7,21,28,0,3,17,67,87,0,24,24,111
01/05/2016,GTR,MS,ASO,CE,Federal Contract Tower,1,7,13,22,43,0,2,14,16,32,1,9,27,38,75,12,24,36,111
01/06/2016,GTR,MS,ASO,CE,Federal Contract Tower,0,6,11,33,50,0,0,23,10,33,0,6,34,43,83,48,36,84,167
01/07/2016,GTR,MS,ASO,CE,Federal Contract Tower,0,6,13,17,36,0,0,10,41,51,0,6,23,58,87,8,0,8,95
01/08/2016,GTR,MS,ASO,CE,Federal Contract Tower,0,8,14,30,52,0,0,0,0,0,0,8,14,30,52,0,0,0,52
01/09/2016,GTR,MS,ASO,CE,Federal Contract Tower,0,4,2,26,32,0,0,0,0,0,0,4,2,26,32,0,0,0,32
01/10/2016,GTR,MS,ASO,CE,Federal Contract Tower,0,5,9,28,42,0,0,7,14,21,0,5,16,42,63,0,4,4,67
01/11/2016,GTR,MS,ASO,CE,Federal Contract Tower,0,7,7,32,46,0,0,14,19,33,0,7,21,51,79,28,48,76,155
01/12/2016,GTR,MS,ASO,CE,Federal Contract Tower,0,5,14,27,46,0,0,24,12,36,0,5,38,39,82,34,22,56,138
01/13/2016,GTR,MS,ASO,CE,Federal Contract Tower,0,8,17,30,55,0,2,38,15,55,0,10,55,45,110,50,12,62,172
01/14/2016,GTR,MS,ASO,CE,Federal Contract Tower,0,6,24,19,49,0,0,18,13,31,0,6,42,32,80,32,28,60,140
01/15/2016,GTR,MS,ASO,CE,Federal Contract Tower,0,10,7,13,30,0,0,1,11,12,0,10,8,24,42,0,0,0,42
01/16/2016,GTR,MS,ASO,CE,Federal Contract Tower,0,7,4,5,16,0,0,9,4,13,0,7,13,9,29,8,24,32,61
01/17/2016,GTR,MS,ASO,CE,Federal Contract Tower,0,4,10,7,21,0,0,22,6,28,0,4,32,13,49,20,28,48,97
01/18/2016,GTR,MS,ASO,CE,Federal Contract Tower,0,8,5,2,15,0,4,14,0,18,0,12,19,2,33,4,0,4,37
01/19/2016,GTR,MS,ASO,CE,Federal Contract Tower,0,9,8,26,43,0,0,23,20,43,0,9,31,46,86,0,26,26,112
01/20/2016,GTR,MS,ASO,CE,Federal Contract Tower,0,8,13,31,52,0,2,8,0,10,0,10,21,31,62,0,0,0,62
01/21/2016,GTR,MS,ASO,CE,Federal Contract Tower,0,6,12,5,23,0,0,0,0,0,0,6,12,5,23,0,0,0,23
01/22/2016,GTR,MS,ASO,CE,Federal Contract Tower,0,2,4,4,10,0,0,0,0,0,0,2,4,4,10,0,0,0,10
01/23/2016,GTR,MS,ASO,CE,Federal Contract Tower,0,5,7,22,34,0,0,5,14,19,0,5,12,36,53,0,56,56,109
01/24/2016,GTR,MS,ASO,CE,Federal Contract Tower,0,11,11,5,27,0,2,6,3,11,0,13,17,8,38,2,0,2,40
01/26/2016,GTR,MS,ASO,CE,Federal Contract Tower,0,5,6,30,41,0,0,1,0,1,0,5,7,30,42,0,0,0,42
01/27/2016,GTR,MS,ASO,CE,Federal Contract Tower,0,11,16,49,76,0,0,16,21,37,0,11,32,70,113,22,28,50,163
01/28/2016,GTR,MS,ASO,CE,Federal Contract Tower,0,6,11,52,69,0,0,31,24,55,0,6,42,76,124,26,48,74,198
01/29/2016,GTR,MS,ASO,CE,Federal Contract Tower,0,9,10,39,58,0,4,42,5,51,0,13,52,44,109,54,8,62,171
01/30/2016,GTR,MS,ASO,CE,Federal Contract Tower,0,6,1,28,35,0,0,38,2,40,0,6,39,30,75,62,40,102,177
01/31/2016,GTR,MS,ASO,CE,Federal Contract Tower,0,8,0,13,21,0,2,0,4,6,0,10,0,17,27,0,0,0,27
02/01/2016,GTR,MS,ASO,CE,Federal Contract Tower,0,6,4,57,67,0,0,5,14,19,0,6,9,71,86,32,108,140,226
02/02/2016,GTR,MS,ASO,CE,Federal Contract Tower,0,8,1,9,18,0,0,0,0,0,0,8,1,9,18,0,8,8,26
02/03/2016,GTR,MS,ASO,CE,Federal Contract Tower,0,8,12,36,56,0,0,22,25,47,0,8,34,61,103,22,30,52,155
02/04/2016,GTR,MS,ASO,CE,Federal Contract Tower,0,6,8,51,65,0,0,19,10,29,0,6,27,61,94,14,38,52,146
02/05/2016,GTR,MS,ASO,CE,Federal Contract Tower,0,11,6,28,45,0,0,27,11,38,0,11,33,39,83,40,38,78,161
02/06/2016,GTR,MS,ASO,CE,Federal Contract Tower,0,5,1,26,32,0,0,28,6,34,0,5,29,32,66,6,16,22,88
02/07/2016,GTR,MS,ASO,CE,Federal Contract Tower,0,4,10,11,25,0,0,32,4,36,0,4,42,15,61,12,0,12,73
02/08/2016,GTR,MS,ASO,CE,Federal Contract Tower,0,7,0,21,28,0,0,9,10,19,0,7,9,31,47,6,30,36,83
02/09/2016,GTR,MS,ASO,CE,Federal Contract Tower,0,6,5,32,43,0,0,3,15,18,0,6,8,47,61,2,62,64,125
02/10/2016,GTR,MS,ASO,CE,Federal Contract Tower,0,14,16,29,59,0,0,31,15,46,0,14,47,44,105,0,38,38,143
02/11/2016,GTR,MS,ASO,CE,Federal Contract Tower,0,6,11,20,37,0,0,26,17,43,0,6,37,37,80,30,52,82,162
02/12/2016,GTR,MS,ASO,CE,Federal Contract Tower,0,10,5,22,37,0,0,14,7,21,0,10,19,29,58,0,82,82,140
02/13/2016,GTR,MS,ASO,CE,Federal Contract Tower,0,5,5,13,23,0,0,17,6,23,0,5,22,19,46,10,8,18,64
02/14/2016,GTR,MS,ASO,CE,Federal Contract Tower,0,4,3,21,28,0,2,7,7,16,0,6,10,28,44,0,48,48,92
02/15/2016,GTR,MS,ASO,CE,Federal Contract Tower,1,8,8,6,23,0,0,0,0,0,1,8,8,6,23,0,0,0,23
02/16/2016,GTR,MS,ASO,CE,Federal Contract Tower,0,10,15,54,79,0,3,16,11,30,0,13,31,65,109,0,44,44,153
02/17/2016,GTR,MS,ASO,CE,Federal Contract Tower,1,8,16,40,65,0,0,43,25,68,1,8,59,65,133,0,86,86,219
02/18/2016,GTR,MS,ASO,CE,Federal Contract Tower,0,6,28,31,65,0,0,34,7,41,0,6,62,38,106,46,38,84,190
02/19/2016,GTR,MS,ASO,CE,Federal Contract Tower,0,6,6,55,67,0,2,44,24,70,0,8,50,79,137,0,64,64,201
02/20/2016,GTR,MS,ASO,CE,Federal Contract Tower,0,5,1,32,38,0,0,15,6,21,0,5,16,38,59,16,18,34,93
02/21/2016,GTR,MS,ASO,CE,Federal Contract Tower,0,6,3,17,26,0,0,0,0,0,0,6,3,17,26,0,0,0,26
02/22/2016,GTR,MS,ASO,CE,Federal Contract Tower,0,5,5,15,25,0,0,0,0,0,0,5,5,15,25,0,0,0,25
02/23/2016,GTR,MS,ASO,CE,Federal Contract Tower,0,7,7,4,18,0,0,0,0,0,0,7,7,4,18,0,0,0,18
02/24/2016,GTR,MS,ASO,CE,Federal Contract Tower,0,9,13,0,22,0,0,0,0,0,0,9,13,0,22,0,0,0,22
02/25/2016,GTR,MS,ASO,CE,Federal Contract Tower,0,10,14,27,51,0,2,28,15,45,0,12,42,42,96,20,18,38,134
02/26/2016,GTR,MS,ASO,CE,Federal Contract Tower,0,11,9,54,74,0,0,24,17,41,0,11,33,71,115,20,106,126,241
02/27/2016,GTR,MS,ASO,CE,Federal Contract Tower,0,6,1,16,23,0,0,15,8,23,0,6,16,24,46,14,18,32,78
02/28/2016,GTR,MS,ASO,CE,Federal Contract Tower,0,7,4,11,22,0,0,15,2,17,0,7,19,13,39,2,10,12,51
02/29/2016,GTR,MS,ASO,CE,Federal Contract Tower,0,6,3,47,56,0,0,62,28,90,0,6,65,75,146,68,28,96,242
03/01/2016,GTR,MS,ASO,CE,Federal Contract Tower,0,5,7,11,23,0,2,30,6,38,0,7,37,17,61,58,102,160,221
03/02/2016,GTR,MS,ASO,CE,Federal Contract Tower,0,9,8,53,70,0,0,27,16,43,0,9,35,69,113,4,72,76,189
03/03/2016,GTR,MS,ASO,CE,Federal Contract Tower,0,6,6,8,20,0,0,0,0,0,0,6,6,8,20,0,0,0,20
03/04/2016,GTR,MS,ASO,CE,Federal Contract Tower,0,6,11,39,56,0,0,19,33,52,0,6,30,72,108,14,46,60,168
03/05/2016,GTR,MS,ASO,CE,Federal Contract Tower,0,8,4,39,51,0,0,25,11,36,0,8,29,50,87,28,108,136,223
03/06/2016,GTR,MS,ASO,CE,Federal Contract Tower,0,8,7,29,44,0,0,13,0,13,0,8,20,29,57,4,8,12,69
03/07/2016,GTR,MS,ASO,CE,Federal Contract Tower,0,6,0,49,55,0,4,24,20,48,0,10,24,69,103,4,24,28,131
03/08/2016,GTR,MS,ASO,CE,Federal Contract Tower,0,6,6,45,57,0,6,17,22,45,0,12,23,67,102,0,54,54,156
03/09/2016,GTR,MS,ASO,CE,Federal Contract Tower,0,7,5,43,55,0,2,2,25,29,0,9,7,68,84,10,84,94,178
03/10/2016,GTR,MS,ASO,CE,Federal Contract Tower,0,6,4,39,49,0,0,2,18,20,0,6,6,57,69,0,20,20,89
03/11/2016,GTR,MS,ASO,CE,Federal Contract Tower,0,10,7,17,34,0,0,0,0,0,0,10,7,17,34,0,0,0,34
03/12/2016,GTR,MS,ASO,CE,Federal Contract Tower,0,3,2,10,15,0,0,2,0,2,0,3,4,10,17,0,0,0,17
03/13/2016,GTR,MS,ASO,CE,Federal Contract Tower,0,6,9,5,20,0,0,3,1,4,0,6,12,6,24,0,10,10,34
03/14/2016,GTR,MS,ASO,CE,Federal Contract Tower,0,5,6,62,73,0,0,15,19,34,0,5,21,81,107,0,12,12,119
03/15/2016,GTR,MS,ASO,CE,Federal Contract Tower,0,9,7,36,52,0,2,29,15,46,0,11,36,51,98,0,56,56,154
03/16/2016,GTR,MS,ASO,CE,Federal Contract Tower,2,6,8,21,37,0,0,65,11,76,2,6,73,32,113,2,22,24,137
03/17/2016,GTR,MS,ASO,CE,Federal Contract Tower,0,9,9,22,40,0,0,10,8,18,0,9,19,30,58,2,22,24,82
03/18/2016,GTR,MS,ASO,CE,Federal Contract Tower,0,9,10,32,51,0,0,25,16,41,0,9,35,48,92,4,40,44,136
03/19/2016,GTR,MS,ASO,CE,Federal Contract Tower,0,4,0,11,15,0,0,3,14,17,0,4,3,25,32,0,76,76,108
03/20/2016,GTR,MS,ASO,CE,Federal Contract Tower,2,7,4,18,31,0,0,6,3,9,2,7,10,21,40,0,2,2,42
03/21/2016,GTR,MS,ASO,CE,Federal Contract Tower,2,7,7,26,42,0,0,40,14,54,2,7,47,40,96,22,62,84,180
03/22/2016,GTR,MS,ASO,CE,Federal Contract Tower,0,8,10,42,60,0,0,72,22,94,0,8,82,64,154,2,56,58,212
03/23/2016,GTR,MS,ASO,CE,Federal Contract Tower,0,6,7,28,41,0,0,15,12,27,0,6,22,40,68,0,12,12,80
03/24/2016,GTR,MS,ASO,CE,Federal Contract Tower,2,5,3,6,16,0,0,0,1,1,2,5,3,7,17,0,34,34,51
03/25/2016,GTR,MS,ASO,CE,Federal Contract Tower,0,8,3,24,35,0,0,37,14,51,0,8,40,38,86,12,4,16,102
03/26/2016,GTR,MS,ASO,CE,Federal Contract Tower,0,4,0,7,11,0,2,27,0,29,0,6,27,7,40,4,0,4,44
03/27/2016,GTR,MS,ASO,CE,Federal Contract Tower,0,6,2,2,10,0,0,0,0,0,0,6,2,2,10,0,0,0,10
03/28/2016,GTR,MS,ASO,CE,Federal Contract Tower,0,6,9,27,42,0,0,27,17,44,0,6,36,44,86,18,20,38,124
03/29/2016,GTR,MS,ASO,CE,Federal Contract Tower,0,8,6,18,32,0,0,47,7,54,0,8,53,25,86,12,18,30,116
03/30/2016,GTR,MS,ASO,CE,Federal Contract Tower,0,7,3,16,26,0,0,16,14,30,0,7,19,30,56,0,4,4,60
03/31/2016,GTR,MS,ASO,CE,Federal Contract Tower,0,5,2,17,24,0,0,0,0,0,0,5,2,17,24,0,0,0,24
04/01/2016,GTR,MS,ASO,CE,Federal Contract Tower,0,8,7,30,45,0,0,18,12,30,0,8,25,42,75,8,16,24,99
04/02/2016,GTR,MS,ASO,CE,Federal Contract Tower,0,4,2,14,20,0,0,29,1,30,0,4,31,15,50,0,0,0,50
04/03/2016,GTR,MS,ASO,CE,Federal Contract Tower,0,6,6,7,19,0,2,26,2,30,0,8,32,9,49,2,0,2,51
04/04/2016,GTR,MS,ASO,CE,Federal Contract Tower,0,6,8,17,31,0,0,40,10,50,0,6,48,27,81,4,10,14,95
04/05/2016,GTR,MS,ASO,CE,Federal Contract Tower,0,6,19,24,49,0,3,26,13,42,0,9,45,37,91,0,42,42,133
04/06/2016,GTR,MS,ASO,CE,Federal Contract Tower,0,6,6,26,38,0,2,12,13,27,0,8,18,39,65,4,30,34,99
04/07/2016,GTR,MS,ASO,CE,Federal Contract Tower,0,6,14,23,43,0,1,24,13,38,0,7,38,36,81,0,8,8,89
04/08/2016,GTR,MS,ASO,CE,Federal Contract Tower,0,6,10,22,38,0,4,13,7,24,0,10,23,29,62,0,8,8,70
04/09/2016,GTR,MS,ASO,CE,Federal Contract Tower,0,4,6,13,23,0,4,13,4,21,0,8,19,17,44,2,4,6,50
04/10/2016,GTR,MS,ASO,CE,Federal Contract Tower,0,6,5,10,21,0,0,10,2,12,0,6,15,12,33,0,0,0,33
04/11/2016,GTR,MS,ASO,CE,Federal Contract Tower,0,5,0,2,7,0,0,2,2,4,0,5,2,4,11,0,0,0,11
04/12/2016,GTR,MS,ASO,CE,Federal Contract Tower,0,7,2,37,46,0,6,15,11,32,0,13,17,48,78,0,30,30,108
04/13/2016,GTR,MS,ASO,CE,Federal Contract Tower,0,6,9,21,36,0,2,16,18,36,0,8,25,39,72,16,26,42,114
04/14/2016,GTR,MS,ASO,CE,Federal Contract Tower,0,8,10,20,38,0,0,16,29,45,0,8,26,49,83,12,0,12,95
04/15/2016,GTR,MS,ASO,CE,Federal Contract Tower,0,12,10,14,36,0,20,4,24,48,0,32,14,38,84,4,0,4,88
04/16/2016,GTR,MS,ASO,CE,Federal Contract Tower,0,7,5,7,19,0,3,6,4,13,0,10,11,11,32,10,20,30,62
04/17/2016,GTR,MS,ASO,CE,Federal Contract Tower,0,9,6,6,21,0,4,23,4,31,0,13,29,10,52,0,6,6,58
04/18/2016,GTR,MS,ASO,CE,Federal Contract Tower,0,6,6,33,45,0,9,37,24,70,0,15,43,57,115,4,66,70,185
04/19/2016,GTR,MS,ASO,CE,Federal Contract Tower,0,10,4,33,47,0,0,30,14,44,0,10,34,47,91,22,34,56,147
04/20/2016,GTR,MS,ASO,CE,Federal Contract Tower,0,6,5,31,42,0,2,40,15,57,0,8,45,46,99,36,40,76,175
04/21/2016,GTR,MS,ASO,CE,Federal Contract Tower,0,6,8,50,64,0,1,6,17,24,0,7,14,67,88,0,30,30,118
04/22/2016,GTR,MS,ASO,CE,Federal Contract Tower,0,6,4,49,59,0,2,14,9,25,0,8,18,58,84,0,42,42,126
04/23/2016,GTR,MS,ASO,CE,Federal Contract Tower,0,5,5,7,17,0,7,27,10,44,0,12,32,17,61,6,4,10,71
04/24/2016,GTR,MS,ASO,CE,Federal Contract Tower,0,8,11,23,42,0,0,15,18,33,0,8,26,41,75,4,28,32,107
04/25/2016,GTR,MS,ASO,CE,Federal Contract Tower,0,11,5,19,35,0,1,19,13,33,0,12,24,32,68,20,24,44,112
04/26/2016,GTR,MS,ASO,CE,Federal Contract Tower,0,7,13,25,45,0,4,36,12,52,0,11,49,37,97,16,22,38,135
04/27/2016,GTR,MS,ASO,CE,Federal Contract Tower,0,9,5,39,53,0,0,6,4,10,0,9,11,43,63,0,0,0,63
04/28/2016,GTR,MS,ASO,CE,Federal Contract Tower,0,8,13,28,49,0,2,16,10,28,0,10,29,38,77,0,10,10,87
04/29/2016,GTR,MS,ASO,CE,Federal Contract Tower,0,5,10,17,32,0,0,14,8,22,0,5,24,25,54,0,8,8,62
04/30/2016,GTR,MS,ASO,CE,Federal Contract Tower,0,4,4,10,18,0,2,14,6,22,0,6,18,16,40,14,46,60,100
05/01/2016,GTR,MS,ASO,CE,Federal Contract Tower,0,6,5,4,15,0,1,5,0,6,0,7,10,4,21,0,0,0,21
05/02/2016,GTR,MS,ASO,CE,Federal Contract Tower,0,6,2,48,56,0,0,11,8,19,0,6,13,56,75,2,0,2,77
05/03/2016,GTR,MS,ASO,CE,Federal Contract Tower,0,8,10,24,42,0,1,16,17,34,0,9,26,41,76,8,6,14,90
05/04/2016,GTR,MS,ASO,CE,Federal Contract Tower,0,8,10,30,48,0,0,11,21,32,0,8,21,51,80,0,30,30,110
05/05/2016,GTR,MS,ASO,CE,Federal Contract Tower,2,6,10,32,50,0,5,11,16,32,2,11,21,48,82,0,30,30,112
05/06/2016,GTR,MS,ASO,CE,Federal Contract Tower,0,8,10,38,56,0,4,25,19,48,0,12,35,57,104,2,44,46,150
05/07/2016,GTR,MS,ASO,CE,Federal Contract Tower,0,5,3,19,27,0,0,78,13,91,0,5,81,32,118,6,58,64,182
05/08/2016,GTR,MS,ASO,CE,Federal Contract Tower,0,6,3,11,20,0,1,3,6,10,0,7,6,17,30,0,8,8,38
05/09/2016,GTR,MS,ASO,CE,Federal Contract Tower,0,5,9,18,32,0,4,20,24,48,0,9,29,42,80,0,0,0,80
05/10/2016,GTR,MS,ASO,CE,Federal Contract Tower,0,12,7,20,39,0,2,19,17,38,0,14,26,37,77,0,0,0,77
05/11/2016,GTR,MS,ASO,CE,Federal Contract Tower,0,7,13,27,47,0,0,32,23,55,0,7,45,50,102,12,36,48,150
05/12/2016,GTR,MS,ASO,CE,Federal Contract Tower,0,8,7,13,28,0,1,8,5,14,0,9,15,18,42,0,24,24,66
05/13/2016,GTR,MS,ASO,CE,Federal Contract Tower,0,5,8,30,43,0,0,21,15,36,0,5,29,45,79,8,76,84,163
05/14/2016,GTR,MS,ASO,CE,Federal Contract Tower,0,4,10,12,26,0,2,14,6,22,0,6,24,18,48,2,30,32,80
05/15/2016,GTR,MS,ASO,CE,Federal Contract Tower,0,5,5,13,23,0,3,15,3,21,0,8,20,16,44,6,0,6,50
05/16/2016,GTR,MS,ASO,CE,Federal Contract Tower,0,8,12,50,70,0,2,24,22,48,0,10,36,72,118,0,36,36,154
05/17/2016,GTR,MS,ASO,CE,Federal Contract Tower,0,6,7,25,38,0,2,18,18,38,0,8,25,43,76,8,60,68,144
05/18/2016,GTR,MS,ASO,CE,Federal Contract Tower,0,12,9,60,81,0,1,4,34,39,0,13,13,94,120,0,8,8,128
05/19/2016,GTR,MS,ASO,CE,Federal Contract Tower,0,5,19,15,39,0,2,20,6,28,0,7,39,21,67,0,32,32,99
05/20/2016,GTR,MS,ASO,CE,Federal Contract Tower,0,6,11,28,45,0,2,5,15,22,0,8,16,43,67,0,72,72,139
05/21/2016,GTR,MS,ASO,CE,Federal Contract Tower,0,3,5,10,18,0,4,10,0,14,0,7,15,10,32,0,0,0,32
05/22/2016,GTR,MS,ASO,CE,Federal Contract Tower,0,6,3,5,14,0,0,0,0,0,0,6,3,5,14,0,0,0,14
05/23/2016,GTR,MS,ASO,CE,Federal Contract Tower,0,9,6,23,38,0,2,18,16,36,0,11,24,39,74,8,26,34,108
05/24/2016,GTR,MS,ASO,CE,Federal Contract Tower,0,7,7,22,36,0,1,33,21,55,0,8,40,43,91,16,46,62,153
05/25/2016,GTR,MS,ASO,CE,Federal Contract Tower,0,8,17,38,63,0,2,43,26,71,0,10,60,64,134,24,46,70,204
05/26/2016,GTR,MS,ASO,CE,Federal Contract Tower,0,5,8,33,46,0,2,14,20,36,0,7,22,53,82,2,62,64,146
05/27/2016,GTR,MS,ASO,CE,Federal Contract Tower,0,6,10,0,16,0,1,6,0,7,0,7,16,0,23,0,0,0,23
05/28/2016,GTR,MS,ASO,CE,Federal Contract Tower,0,4,6,0,10,0,2,21,2,25,0,6,27,2,35,0,0,0,35
05/29/2016,GTR,MS,ASO,CE,Federal Contract Tower,0,6,1,0,7,0,0,6,0,6,0,6,7,0,13,4,0,4,17
05/30/2016,GTR,MS,ASO,CE,Federal Contract Tower,0,6,2,2,10,0,6,8,0,14,0,12,10,2,24,4,0,4,28
05/31/2016,GTR,MS,ASO,CE,Federal Contract Tower,0,6,7,31,44,0,3,22,9,34,0,9,29,40,78,0,0,0,78
06/01/2016,GTR,MS,ASO,CE,Federal Contract Tower,2,6,8,33,49,0,4,32,25,61,2,10,40,58,110,0,42,42,152
06/02/2016,GTR,MS,ASO,CE,Federal Contract Tower,0,6,7,43,56,0,0,97,18,115,0,6,104,61,171,2,34,36,207
06/03/2016,GTR,MS,ASO,CE,Federal Contract Tower,0,6,13,45,64,0,2,11,24,37,0,8,24,69,101,0,80,80,181
06/04/2016,GTR,MS,ASO,CE,Federal Contract Tower,0,4,0,11,15,0,0,3,1,4,0,4,3,12,19,0,0,0,19
06/05/2016,GTR,MS,ASO,CE,Federal Contract Tower,0,5,7,12,24,0,0,3,1,4,0,5,10,13,28,0,0,0,28
06/06/2016,GTR,MS,ASO,CE,Federal Contract Tower,0,8,10,36,54,0,2,33,36,71,0,10,43,72,125,20,38,58,183
06/07/2016,GTR,MS,ASO,CE,Federal Contract Tower,0,7,8,35,50,0,2,22,28,52,0,9,30,63,102,2,34,36,138
06/08/2016,GTR,MS,ASO,CE,Federal Contract Tower,0,5,9,37,51,0,5,34,15,54,0,10,43,52,105,62,50,112,217
06/09/2016,GTR,MS,ASO,CE,Federal Contract Tower,0,7,7,15,29,0,2,16,9,27,0,9,23,24,56,0,6,6,62
06/10/2016,GTR,MS,ASO,CE,Federal Contract Tower,0,7,4,27,38,0,1,19,9,29,0,8,23,36,67,0,36,36,103
06/11/2016,GTR,MS,ASO,CE,Federal Contract Tower,0,8,5,29,42,0,1,39,20,60,0,9,44,49,102,4,84,88,190
06/12/2016,GTR,MS,ASO,CE,Federal Contract Tower,1,8,2,11,22,0,2,14,4,20,1,10,16,15,42,0,14,14,56
06/13/2016,GTR,MS,ASO,CE,Federal Contract Tower,0,6,10,27,43,0,0,16,17,33,0,6,26,44,76,6,16,22,98
06/14/2016,GTR,MS,ASO,CE,Federal Contract Tower,0,8,13,30,51,0,0,16,21,37,0,8,29,51,88,0,60,60,148
06/15/2016,GTR,MS,ASO,CE,Federal Contract Tower,0,6,10,45,61,0,0,9,25,34,0,6,19,70,95,0,52,52,147
06/16/2016,GTR,MS,ASO,CE,Federal Contract Tower,0,6,3,29,38,0,8,29,16,53,0,14,32,45,91,2,40,42,133
06/17/2016,GTR,MS,ASO,CE,Federal Contract Tower,0,6,7,18,31,0,0,18,8,26,0,6,25,26,57,10,18,28,85
06/18/2016,GTR,MS,ASO,CE,Federal Contract Tower,0,5,3,7,15,0,4,7,2,13,0,9,10,9,28,6,4,10,38
06/19/2016,GTR,MS,ASO,CE,Federal Contract Tower,0,8,1,7,16,0,0,5,4,9,0,8,6,11,25,0,12,12,37
06/20/2016,GTR,MS,ASO,CE,Federal Contract Tower,0,10,1,13,24,0,0,23,12,35,0,10,24,25,59,32,8,40,99
06/21/2016,GTR,MS,ASO,CE,Federal Contract Tower,0,7,5,11,23,0,1,15,9,25,0,8,20,20,48,0,28,28,76
06/22/2016,GTR,MS,ASO,CE,Federal Contract Tower,0,6,8,23,37,0,0,37,21,58,0,6,45,44,95,0,0,0,95
06/23/2016,GTR,MS,ASO,CE,Federal Contract Tower,0,6,5,25,36,0,2,26,40,68,0,8,31,65,104,0,30,30,134
06/24/2016,GTR,MS,ASO,CE,Federal Contract Tower,0,8,8,35,51,0,11,34,28,73,0,19,42,63,124,0,64,64,188
06/25/2016,GTR,MS,ASO,CE,Federal Contract Tower,0,6,6,18,30,0,0,17,3,20,0,6,23,21,50,24,22,46,96
06/26/2016,GTR,MS,ASO,CE,Federal Contract Tower,0,6,8,10,24,0,3,16,3,22,0,9,24,13,46,0,0,0,46
06/27/2016,GTR,MS,ASO,CE,Federal Contract Tower,0,7,5,60,72,0,0,10,26,36,0,7,15,86,108,0,48,48,156
06/28/2016,GTR,MS,ASO,CE,Federal Contract Tower,0,11,12,48,71,0,0,7,21,28,0,11,19,69,99,0,18,18,117
06/29/2016,GTR,MS,ASO,CE,Federal Contract Tower,0,9,7,35,51,0,0,18,16,34,0,9,25,51,85,0,50,50,135
06/30/2016,GTR,MS,ASO,CE,Federal Contract Tower,0,9,3,34,46,0,2,10,30,42,0,11,13,64,88,6,12,18,106
07/01/2016,GTR,MS,ASO,CE,Federal Contract Tower,0,5,6,21,32,0,5,16,16,37,0,10,22,37,69,2,14,16,85
07/02/2016,GTR,MS,ASO,CE,Federal Contract Tower,0,4,1,1,6,0,2,3,0,5,0,6,4,1,11,0,0,0,11
07/03/2016,GTR,MS,ASO,CE,Federal Contract Tower,0,7,1,0,8,0,1,9,0,10,0,8,10,0,18,2,0,2,20
07/04/2016,GTR,MS,ASO,CE,Federal Contract Tower,0,2,0,0,2,0,0,3,0,3,0,2,3,0,5,0,0,0,5
07/05/2016,GTR,MS,ASO,CE,Federal Contract Tower,0,3,5,4,12,0,0,4,0,4,0,3,9,4,16,14,0,14,30
07/06/2016,GTR,MS,ASO,CE,Federal Contract Tower,0,5,5,63,73,0,0,20,32,52,0,5,25,95,125,6,20,26,151
07/07/2016,GTR,MS,ASO,CE,Federal Contract Tower,0,6,5,47,58,0,2,21,23,46,0,8,26,70,104,26,17,43,147
07/08/2016,GTR,MS,ASO,CE,Federal Contract Tower,0,7,3,28,38,0,4,16,17,37,0,11,19,45,75,18,60,78,153
07/09/2016,GTR,MS,ASO,CE,Federal Contract Tower,0,5,3,4,12,0,1,7,0,8,0,6,10,4,20,0,0,0,20
07/10/2016,GTR,MS,ASO,CE,Federal Contract Tower,0,6,7,5,18,0,1,3,0,4,0,7,10,5,22,0,0,0,22
07/11/2016,GTR,MS,ASO,CE,Federal Contract Tower,0,8,4,24,36,0,0,21,17,38,0,8,25,41,74,0,48,48,122
07/12/2016,GTR,MS,ASO,CE,Federal Contract Tower,0,5,4,18,27,0,4,11,10,25,0,9,15,28,52,6,18,24,76
07/13/2016,GTR,MS,ASO,CE,Federal Contract Tower,0,7,7,33,47,0,4,19,22,45,0,11,26,55,92,2,36,38,130
07/14/2016,GTR,MS,ASO,CE,Federal Contract Tower,0,5,7,38,50,0,4,36,21,61,0,9,43,59,111,0,60,60,171
07/15/2016,GTR,MS,ASO,CE,Federal Contract Tower,0,5,9,38,52,0,0,21,20,41,0,5,30,58,93,0,28,28,121
07/16/2016,GTR,MS,ASO,CE,Federal Contract Tower,0,3,2,7,12,0,3,14,1,18,0,6,16,8,30,20,0,20,50
07/17/2016,GTR,MS,ASO,CE,Federal Contract Tower,0,8,9,8,25,0,3,8,11,22,0,11,17,19,47,2,0,2,49
07/18/2016,GTR,MS,ASO,CE,Federal Contract Tower,0,10,9,38,57,0,2,26,42,70,0,12,35,80,127,0,40,40,167
07/19/2016,GTR,MS,ASO,CE,Federal Contract Tower,0,6,4,31,41,0,0,13,12,25,0,6,17,43,66,8,16,24,90
07/20/2016,GTR,MS,ASO,CE,Federal Contract Tower,0,7,8,25,40,0,0,20,6,26,0,7,28,31,66,0,22,22,88
07/21/2016,GTR,MS,ASO,CE,Federal Contract Tower,0,5,12,48,65,0,1,39,19,59,0,6,51,67,124,20,34,54,178
07/22/2016,GTR,MS,ASO,CE,Federal Contract Tower,0,4,6,55,65,0,0,17,18,35,0,4,23,73,100,4,172,176,276
07/23/2016,GTR,MS,ASO,CE,Federal Contract Tower,0,4,3,19,26,0,2,18,8,28,0,6,21,27,54,0,8,8,62
07/24/2016,GTR,MS,ASO,CE,Federal Contract Tower,0,6,3,28,37,0,3,2,5,10,0,9,5,33,47,0,24,24,71
07/25/2016,GTR,MS,ASO,CE,Federal Contract Tower,0,7,5,28,40,0,1,39,27,67,0,8,44,55,107,0,44,44,151
07/26/2016,GTR,MS,ASO,CE,Federal Contract Tower,0,6,2,44,52,0,7,26,13,46,0,13,28,57,98,4,78,82,180
07/27/2016,GTR,MS,ASO,CE,Federal Contract Tower,0,5,5,34,44,0,2,6,10,18,0,7,11,44,62,10,0,10,72
07/28/2016,GTR,MS,ASO,CE,Federal Contract Tower,0,6,3,66,75,0,1,9,16,26,0,7,12,82,101,0,36,36,137
07/29/2016,GTR,MS,ASO,CE,Federal Contract Tower,0,6,4,24,34,0,1,21,13,35,0,7,25,37,69,38,48,86,155
07/30/2016,GTR,MS,ASO,CE,Federal Contract Tower,0,3,7,19,29,0,0,16,5,21,0,3,23,24,50,12,0,12,62
08/01/2016,GTR,MS,ASO,CE,Federal Contract Tower,0,2,7,22,31,0,2,36,12,50,0,4,43,34,81,16,22,38,119
08/02/2016,GTR,MS,ASO,CE,Federal Contract Tower,0,6,13,38,57,0,1,15,16,32,0,7,28,54,89,0,8,8,97
08/03/2016,GTR,MS,ASO,CE,Federal Contract Tower,0,6,11,13,30,0,0,29,18,47,0,6,40,31,77,16,32,48,125
08/04/2016,GTR,MS,ASO,CE,Federal Contract Tower,0,5,10,26,41,0,0,23,19,42,0,5,33,45,83,0,14,14,97
08/05/2016,GTR,MS,ASO,CE,Federal Contract Tower,0,6,13,26,45,0,2,33,15,50,0,8,46,41,95,2,42,44,139
08/06/2016,GTR,MS,ASO,CE,Federal Contract Tower,0,4,4,21,29,0,0,16,6,22,0,4,20,27,51,0,2,2,53
08/07/2016,GTR,MS,ASO,CE,Federal Contract Tower,0,6,4,15,25,0,1,0,5,6,0,7,4,20,31,0,0,0,31
08/08/2016,GTR,MS,ASO,CE,Federal Contract Tower,0,11,1,12,24,0,3,22,20,45,0,14,23,32,69,6,31,37,106
08/09/2016,GTR,MS,ASO,CE,Federal Contract Tower,0,7,5,26,38,0,0,10,11,21,0,7,15,37,59,6,32,38,97
08/10/2016,GTR,MS,ASO,CE,Federal Contract Tower,0,6,9,38,53,0,8,5,24,37,0,14,14,62,90,6,36,42,132
08/11/2016,GTR,MS,ASO,CE,Federal Contract Tower,0,6,9,28,43,0,0,3,9,12,0,6,12,37,55,0,2,2,57
08/12/2016,GTR,MS,ASO,CE,Federal Contract Tower,0,7,9,54,70,0,1,19,15,35,0,8,28,69,105,0,18,18,123
08/13/2016,GTR,MS,ASO,CE,Federal Contract Tower,0,6,2,16,24,0,0,8,0,8,0,6,10,16,32,0,18,18,50
08/14/2016,GTR,MS,ASO,CE,Federal Contract Tower,0,5,2,19,26,0,0,5,3,8,0,5,7,22,34,0,0,0,34
08/15/2016,GTR,MS,ASO,CE,Federal Contract Tower,0,6,2,22,30,0,0,24,17,41,0,6,26,39,71,0,24,24,95
08/16/2016,GTR,MS,ASO,CE,Federal Contract Tower,0,6,16,28,50,0,1,30,4,35,0,7,46,32,85,6,6,12,97
08/17/2016,GTR,MS,ASO,CE,Federal Contract Tower,0,6,3,34,43,0,2,11,15,28,0,8,14,49,71,0,14,14,85
08/18/2016,GTR,MS,ASO,CE,Federal Contract Tower,0,6,9,15,30,0,1,38,10,49,0,7,47,25,79,2,14,16,95
08/19/2016,GTR,MS,ASO,CE,Federal Contract Tower,0,7,11,34,52,0,0,12,17,29,0,7,23,51,81,4,8,12,93
08/20/2016,GTR,MS,ASO,CE,Federal Contract Tower,0,4,1,20,25,0,0,16,2,18,0,4,17,22,43,0,31,31,74
08/21/2016,GTR,MS,ASO,CE,Federal Contract Tower,0,5,5,18,28,0,0,7,7,14,0,5,12,25,42,0,4,4,46
08/22/2016,GTR,MS,ASO,CE,Federal Contract Tower,0,7,5,20,32,0,3,21,21,45,0,10,26,41,77,10,24,34,111
08/23/2016,GTR,MS,ASO,CE,Federal Contract Tower,0,10,5,24,39,0,2,31,6,39,0,12,36,30,78,20,28,48,126
08/24/2016,GTR,MS,ASO,CE,Federal Contract Tower,0,6,9,33,48,0,0,25,10,35,0,6,34,43,83,20,24,44,127
08/25/2016,GTR,MS,ASO,CE,Federal Contract Tower,0,5,8,30,43,0,0,14,19,33,0,5,22,49,76,6,20,26,102
08/26/2016,GTR,MS,ASO,CE,Federal Contract Tower,0,6,7,38,51,0,0,11,25,36,0,6,18,63,87,22,54,76,163
08/27/2016,GTR,MS,ASO,CE,Federal Contract Tower,0,3,5,14,22,0,0,11,14,25,0,3,16,28,47,0,26,26,73
08/28/2016,GTR,MS,ASO,CE,Federal Contract Tower,0,7,5,20,32,0,0,1,11,12,0,7,6,31,44,4,10,14,58
08/29/2016,GTR,MS,ASO,CE,Federal Contract Tower,0,8,4,21,33,0,2,19,16,37,0,10,23,37,70,0,16,16,86
08/30/2016,GTR,MS,ASO,CE,Federal Contract Tower,0,7,9,18,34,0,2,10,14,26,0,9,19,32,60,2,80,82,142
08/31/2016,GTR,MS,ASO,CE,Federal Contract Tower,0,7,7,11,25,0,4,16,17,37,0,11,23,28,62,0,14,14,76
09/01/2016,GTR,MS,ASO,CE,Federal Contract Tower,0,9,5,20,34,0,4,17,13,34,0,13,22,33,68,12,52,64,132
09/02/2016,GTR,MS,ASO,CE,Federal Contract Tower,0,3,6,6,15,0,1,37,0,38,0,4,43,6,53,8,0,8,61
09/04/2016,GTR,MS,ASO,CE,Federal Contract Tower,0,4,6,0,10,0,2,11,0,13,0,6,17,0,23,0,0,0,23
09/05/2016,GTR,MS,ASO,CE,Federal Contract Tower,0,4,5,2,11,0,0,6,0,6,0,4,11,2,17,0,0,0,17
09/06/2016,GTR,MS,ASO,CE,Federal Contract Tower,0,6,6,22,34,0,0,8,14,22,0,6,14,36,56,18,32,50,106
09/07/2016,GTR,MS,ASO,CE,Federal Contract Tower,0,6,11,22,39,0,2,44,18,64,0,8,55,40,103,40,10,50,153
09/08/2016,GTR,MS,ASO,CE,Federal Contract Tower,0,8,8,38,54,0,5,18,14,37,0,13,26,52,91,18,28,46,137
09/09/2016,GTR,MS,ASO,CE,Federal Contract Tower,1,7,18,25,51,0,12,25,19,56,1,19,43,44,107,8,6,14,121
09/10/2016,GTR,MS,ASO,CE,Federal Contract Tower,0,5,9,14,28,0,5,30,7,42,0,10,39,21,70,0,0,0,70
09/11/2016,GTR,MS,ASO,CE,Federal Contract Tower,0,8,9,16,33,0,0,8,1,9,0,8,17,17,42,2,0,2,44
09/12/2016,GTR,MS,ASO,CE,Federal Contract Tower,0,7,10,38,55,0,0,17,49,66,0,7,27,87,121,32,52,84,205
09/13/2016,GTR,MS,ASO,CE,Federal Contract Tower,0,8,9,41,58,0,6,21,19,46,0,14,30,60,104,12,44,56,160
09/14/2016,GTR,MS,ASO,CE,Federal Contract Tower,0,8,17,23,48,0,3,13,12,28,0,11,30,35,76,10,40,50,126
09/15/2016,GTR,MS,ASO,CE,Federal Contract Tower,3,6,14,42,65,0,2,24,19,45,3,8,38,61,110,30,44,74,184
09/16/2016,GTR,MS,ASO,CE,Federal Contract Tower,4,4,4,58,70,0,0,28,16,44,4,4,32,74,114,12,54,66,180
09/17/2016,GTR,MS,ASO,CE,Federal Contract Tower,0,6,7,18,31,0,0,2,6,8,0,6,9,24,39,0,37,37,76
09/18/2016,GTR,MS,ASO,CE,Federal Contract Tower,0,7,0,19,26,0,1,0,0,1,0,8,0,19,27,0,0,0,27
09/19/2016,GTR,MS,ASO,CE,Federal Contract Tower,0,7,0,12,19,0,1,7,10,18,0,8,7,22,37,10,0,10,47
09/20/2016,GTR,MS,ASO,CE,Federal Contract Tower,0,10,5,10,25,0,1,10,3,14,0,11,15,13,39,0,8,8,47
09/21/2016,GTR,MS,ASO,CE,Federal Contract Tower,0,10,10,12,32,0,1,14,6,21,0,11,24,18,53,0,8,8,61
09/22/2016,GTR,MS,ASO,CE,Federal Contract Tower,0,11,4,23,38,0,0,14,11,25,0,11,18,34,63,6,52,58,121
09/23/2016,GTR,MS,ASO,CE,Federal Contract Tower,2,9,9,41,61,0,5,19,14,38,2,14,28,55,99,10,22,32,131
09/24/2016,GTR,MS,ASO,CE,Federal Contract Tower,0,4,4,16,24,0,2,21,11,34,0,6,25,27,58,0,4,4,62
09/25/2016,GTR,MS,ASO,CE,Federal Contract Tower,0,7,9,19,35,0,5,14,4,23,0,12,23,23,58,2,36,38,96
09/26/2016,GTR,MS,ASO,CE,Federal Contract Tower,0,4,4,22,30,0,2,10,15,27,0,6,14,37,57,12,4,16,73
09/27/2016,GTR,MS,ASO,CE,Federal Contract Tower,0,8,6,15,29,0,0,13,8,21,0,8,19,23,50,6,20,26,76
09/28/2016,GTR,MS,ASO,CE,Federal Contract Tower,0,8,3,11,22,0,1,22,3,26,0,9,25,14,48,0,10,10,58
09/29/2016,GTR,MS,ASO,CE,Federal Contract Tower,0,6,12,14,32,0,0,29,7,36,0,6,41,21,68,0,40,40,108
09/30/2016,GTR,MS,ASO,CE,Federal Contract Tower,0,6,5,0,11,0,4,31,0,35,0,10,36,0,46,0,0,0,46
10/01/2016,GTR,MS,ASO,CE,Federal Contract Tower,0,4,6,12,22,0,0,36,6,42,0,4,42,18,64,2,6,8,72
10/02/2016,GTR,MS,ASO,CE,Federal Contract Tower,0,7,1,11,19,0,2,13,3,18,0,9,14,14,37,0,20,20,57
10/03/2016,GTR,MS,ASO,CE,Federal Contract Tower,0,5,5,45,55,0,0,15,28,43,0,5,20,73,98,4,84,88,186
10/04/2016,GTR,MS,ASO,CE,Federal Contract Tower,0,7,11,50,68,0,0,17,17,34,0,7,28,67,102,0,28,28,130
10/05/2016,GTR,MS,ASO,CE,Federal Contract Tower,0,9,18,24,51,0,0,14,11,25,0,9,32,35,76,0,22,22,98
10/06/2016,GTR,MS,ASO,CE,Federal Contract Tower,0,8,7,19,34,0,4,18,14,36,0,12,25,33,70,28,20,48,118
10/07/2016,GTR,MS,ASO,CE,Federal Contract Tower,0,5,11,29,45,0,3,23,14,40,0,8,34,43,85,20,12,32,117
10/08/2016,GTR,MS,ASO,CE,Federal Contract Tower,0,5,5,34,44,0,20,14,6,40,0,25,19,40,84,0,14,14,98
10/09/2016,GTR,MS,ASO,CE,Federal Contract Tower,0,8,6,17,31,0,7,13,1,21,0,15,19,18,52,0,6,6,58
10/10/2016,GTR,MS,ASO,CE,Federal Contract Tower,0,7,3,13,23,0,2,8,0,10,0,9,11,13,33,0,0,0,33
10/11/2016,GTR,MS,ASO,CE,Federal Contract Tower,0,7,5,45,57,0,0,10,19,29,0,7,15,64,86,4,38,42,128
10/12/2016,GTR,MS,ASO,CE,Federal Contract Tower,0,8,8,18,34,0,2,21,15,38,0,10,29,33,72,28,0,28,100
10/13/2016,GTR,MS,ASO,CE,Federal Contract Tower,2,8,8,18,36,0,0,14,18,32,2,8,22,36,68,24,14,38,106
10/14/2016,GTR,MS,ASO,CE,Federal Contract Tower,0,6,8,27,41,0,4,21,20,45,0,10,29,47,86,16,30,46,132
10/15/2016,GTR,MS,ASO,CE,Federal Contract Tower,1,4,7,15,27,0,2,10,4,16,1,6,17,19,43,8,40,48,91
10/16/2016,GTR,MS,ASO,CE,Federal Contract Tower,0,6,6,12,24,0,1,11,3,15,0,7,17,15,39,10,6,16,55
10/17/2016,GTR,MS,ASO,CE,Federal Contract Tower,0,5,5,53,63,0,0,14,30,44,0,5,19,83,107,2,8,10,117
10/18/2016,GTR,MS,ASO,CE,Federal Contract Tower,0,7,9,33,49,0,1,8,31,40,0,8,17,64,89,0,20,20,109
10/19/2016,GTR,MS,ASO,CE,Federal Contract Tower,0,8,14,25,47,0,6,35,16,57,0,14,49,41,104,52,34,86,190
10/20/2016,GTR,MS,ASO,CE,Federal Contract Tower,0,7,9,24,40,0,1,22,43,66,0,8,31,67,106,18,11,29,135
10/21/2016,GTR,MS,ASO,CE,Federal Contract Tower,4,10,9,24,47,0,6,14,24,44,4,16,23,48,91,4,52,56,147
10/22/2016,GTR,MS,ASO,CE,Federal Contract Tower,0,4,9,21,34,0,2,15,7,24,0,6,24,28,58,6,72,78,136
10/23/2016,GTR,MS,ASO,CE,Federal Contract Tower,1,8,1,17,27,0,6,3,1,10,1,14,4,18,37,0,2,2,39
10/24/2016,GTR,MS,ASO,CE,Federal Contract Tower,0,7,13,33,53,0,4,14,23,41,0,11,27,56,94,0,28,28,122
10/25/2016,GTR,MS,ASO,CE,Federal Contract Tower,0,11,7,32,50,0,0,21,22,43,0,11,28,54,93,12,28,40,133
10/26/2016,GTR,MS,ASO,CE,Federal Contract Tower,0,10,7,12,29,0,2,20,14,36,0,12,27,26,65,22,0,22,87
10/27/2016,GTR,MS,ASO,CE,Federal Contract Tower,0,8,7,27,42,0,4,24,23,51,0,12,31,50,93,24,24,48,141
10/28/2016,GTR,MS,ASO,CE,Federal Contract Tower,0,6,9,48,63,0,11,38,36,85,0,17,47,84,148,16,68,84,232
10/29/2016,GTR,MS,ASO,CE,Federal Contract Tower,0,4,2,12,18,0,3,85,5,93,0,7,87,17,111,2,16,18,129
10/30/2016,GTR,MS,ASO,CE,Federal Contract Tower,0,8,5,17,30,0,3,12,2,17,0,11,17,19,47,0,10,10,57
10/31/2016,GTR,MS,ASO,CE,Federal Contract Tower,0,6,2,12,20,0,1,17,14,32,0,7,19,26,52,8,21,29,81
11/01/2016,GTR,MS,ASO,CE,Federal Contract Tower,0,6,8,51,65,0,0,16,19,35,0,6,24,70,100,50,62,112,212
11/02/2016,GTR,MS,ASO,CE,Federal Contract Tower,0,6,4,35,45,0,6,21,18,45,0,12,25,53,90,44,48,92,182
11/03/2016,GTR,MS,ASO,CE,Federal Contract Tower,0,7,8,44,59,0,0,16,20,36,0,7,24,64,95,6,116,122,217
11/04/2016,GTR,MS,ASO,CE,Federal Contract Tower,4,4,14,29,51,0,2,13,4,19,4,6,27,33,70,8,36,44,114
11/05/2016,GTR,MS,ASO,CE,Federal Contract Tower,2,5,14,35,56,0,1,6,4,11,2,6,20,39,67,10,40,50,117
11/06/2016,GTR,MS,ASO,CE,Federal Contract Tower,0,8,14,34,56,0,0,13,9,22,0,8,27,43,78,0,10,10,88
11/07/2016,GTR,MS,ASO,CE,Federal Contract Tower,0,4,6,39,49,0,1,11,20,32,0,5,17,59,81,0,36,36,117
11/08/2016,GTR,MS,ASO,CE,Federal Contract Tower,0,5,15,12,32,0,4,3,8,15,0,9,18,20,47,0,0,0,47
11/09/2016,GTR,MS,ASO,CE,Federal Contract Tower,0,6,15,46,67,0,2,9,20,31,0,8,24,66,98,0,18,18,116
11/10/2016,GTR,MS,ASO,CE,Federal Contract Tower,0,10,5,51,66,0,0,4,23,27,0,10,9,74,93,4,106,110,203
11/11/2016,GTR,MS,ASO,CE,Federal Contract Tower,0,6,11,16,33,0,3,10,5,18,0,9,21,21,51,0,2,2,53
11/12/2016,GTR,MS,ASO,CE,Federal Contract Tower,0,10,6,18,34,0,0,8,5,13,0,10,14,23,47,0,14,14,61
11/14/2016,GTR,MS,ASO,CE,Federal Contract Tower,0,6,7,39,52,0,1,8,14,23,0,7,15,53,75,0,14,14,89
11/15/2016,GTR,MS,ASO,CE,Federal Contract Tower,1,9,3,49,62,0,4,12,37,53,1,13,15,86,115,0,58,58,173
11/16/2016,GTR,MS,ASO,CE,Federal Contract Tower,0,10,14,41,65,0,4,15,26,45,0,14,29,67,110,18,46,64,174
11/17/2016,GTR,MS,ASO,CE,Federal Contract Tower,0,7,16,56,79,0,2,16,30,48,0,9,32,86,127,0,46,46,173
11/18/2016,GTR,MS,ASO,CE,Federal Contract Tower,2,10,13,46,71,0,8,13,16,37,2,18,26,62,108,0,30,30,138
11/19/2016,GTR,MS,ASO,CE,Federal Contract Tower,0,4,10,15,29,0,2,4,4,10,0,6,14,19,39,0,2,2,41
11/20/2016,GTR,MS,ASO,CE,Federal Contract Tower,0,8,5,15,28,0,0,4,8,12,0,8,9,23,40,0,18,18,58
11/21/2016,GTR,MS,ASO,CE,Federal Contract Tower,0,4,5,27,36,0,4,2,9,15,0,8,7,36,51,0,14,14,65
11/22/2016,GTR,MS,ASO,CE,Federal Contract Tower,0,6,10,34,50,0,1,12,23,36,0,7,22,57,86,0,20,20,106
11/23/2016,GTR,MS,ASO,CE,Federal Contract Tower,0,6,11,15,32,0,2,5,7,14,0,8,16,22,46,2,24,26,72
11/24/2016,GTR,MS,ASO,CE,Federal Contract Tower,0,2,2,0,4,0,2,4,0,6,0,4,6,0,10,0,0,0,10
11/25/2016,GTR,MS,ASO,CE,Federal Contract Tower,0,4,3,0,7,0,0,3,0,3,0,4,6,0,10,0,0,0,10
11/26/2016,GTR,MS,ASO,CE,Federal Contract Tower,0,6,0,0,6,0,0,11,0,11,0,6,11,0,17,0,0,0,17
11/27/2016,GTR,MS,ASO,CE,Federal Contract Tower,0,6,3,0,9,0,4,21,0,25,0,10,24,0,34,6,0,6,40
11/28/2016,GTR,MS,ASO,CE,Federal Contract Tower,0,6,2,26,34,0,0,0,6,6,0,6,2,32,40,0,50,50,90
11/29/2016,GTR,MS,ASO,CE,Federal Contract Tower,0,7,8,48,63,5,1,12,17,35,5,8,20,65,98,2,10,12,110
11/30/2016,GTR,MS,ASO,CE,Federal Contract Tower,2,5,10,65,82,0,5,10,21,36,2,10,20,86,118,2,10,12,130
12/01/2016,GTR,MS,ASO,CE,Federal Contract Tower,0,8,2,28,38,0,4,15,26,45,0,12,17,54,83,14,24,38,121
12/02/2016,GTR,MS,ASO,CE,Federal Contract Tower,0,11,6,63,80,0,1,25,32,58,0,12,31,95,138,24,62,86,224
12/03/2016,GTR,MS,ASO,CE,Federal Contract Tower,0,5,3,14,22,0,0,0,0,0,0,5,3,14,22,0,0,0,22
12/04/2016,GTR,MS,ASO,CE,Federal Contract Tower,0,6,5,36,47,0,0,0,0,0,0,6,5,36,47,0,0,0,47
12/05/2016,GTR,MS,ASO,CE,Federal Contract Tower,0,5,16,2,23,0,0,0,0,0,0,5,16,2,23,0,0,0,23
12/06/2016,GTR,MS,ASO,CE,Federal Contract Tower,0,8,6,55,69,0,0,2,0,2,0,8,8,55,71,4,0,4,75
12/07/2016,GTR,MS,ASO,CE,Federal Contract Tower,0,6,5,81,92,0,0,0,46,46,0,6,5,127,138,0,42,42,180
12/08/2016,GTR,MS,ASO,CE,Federal Contract Tower,0,6,10,56,72,0,7,11,34,52,0,13,21,90,124,29,46,75,199
12/09/2016,GTR,MS,ASO,CE,Federal Contract Tower,0,5,3,30,38,0,0,29,28,57,0,5,32,58,95,2,16,18,113
12/10/2016,GTR,MS,ASO,CE,Federal Contract Tower,0,3,1,8,12,0,2,35,12,49,0,5,36,20,61,50,72,122,183
12/11/2016,GTR,MS,ASO,CE,Federal Contract Tower,0,7,3,15,25,0,0,3,3,6,0,7,6,18,31,2,4,6,37
12/12/2016,GTR,MS,ASO,CE,Federal Contract Tower,0,10,6,59,75,0,0,5,0,5,0,10,11,59,80,0,12,12,92
12/13/2016,GTR,MS,ASO,CE,Federal Contract Tower,0,9,5,52,66,0,2,4,8,14,0,11,9,60,80,0,0,0,80
12/14/2016,GTR,MS,ASO,CE,Federal Contract Tower,0,7,10,48,65,0,4,25,21,50,0,11,35,69,115,18,2,20,135
12/15/2016,GTR,MS,ASO,CE,Federal Contract Tower,0,8,14,21,43,0,0,29,8,37,0,8,43,29,80,4,52,56,136
12/16/2016,GTR,MS,ASO,CE,Federal Contract Tower,0,6,11,13,30,0,1,19,11,31,0,7,30,24,61,16,24,40,101
12/17/2016,GTR,MS,ASO,CE,Federal Contract Tower,0,5,2,6,13,0,1,9,2,12,0,6,11,8,25,26,10,36,61
12/18/2016,GTR,MS,ASO,CE,Federal Contract Tower,0,4,3,0,7,0,0,0,0,0,0,4,3,0,7,0,0,0,7
12/19/2016,GTR,MS,ASO,CE,Federal Contract Tower,0,5,9,51,65,0,0,4,27,31,0,5,13,78,96,0,50,50,146
12/20/2016,GTR,MS,ASO,CE,Federal Contract Tower,0,6,10,31,47,0,0,6,0,6,0,6,16,31,53,2,14,16,69
12/21/2016,GTR,MS,ASO,CE,Federal Contract Tower,6,4,12,41,63,0,3,16,24,43,6,7,28,65,106,28,28,56,162
12/22/2016,GTR,MS,ASO,CE,Federal Contract Tower,0,4,2,20,26,0,0,16,13,29,0,4,18,33,55,4,16,20,75
12/24/2016,GTR,MS,ASO,CE,Federal Contract Tower,0,2,4,0,6,0,0,2,0,2,0,2,6,0,8,0,0,0,8
12/26/2016,GTR,MS,ASO,CE,Federal Contract Tower,3,4,2,0,9,0,0,5,0,5,3,4,7,0,14,42,0,42,56
12/27/2016,GTR,MS,ASO,CE,Federal Contract Tower,0,6,5,0,11,0,0,16,0,16,0,6,21,0,27,42,0,42,69
12/28/2016,GTR,MS,ASO,CE,Federal Contract Tower,0,3,4,9,16,0,1,6,3,10,0,4,10,12,26,18,10,28,54
12/29/2016,GTR,MS,ASO,CE,Federal Contract Tower,0,4,5,9,18,0,0,3,5,8,0,4,8,14,26,0,22,22,48
01/01/2017,GTR,MS,ASO,CE,Federal Contract Tower,0,8,4,0,12,0,0,0,0,0,0,8,4,0,12,0,0,0,12
01/02/2017,GTR,MS,ASO,CE,Federal Contract Tower,0,6,1,0,7,0,0,0,0,0,0,6,1,0,7,0,0,0,7
01/03/2017,GTR,MS,ASO,CE,Federal Contract Tower,0,7,1,66,74,0,3,30,34,67,0,10,31,100,141,36,210,246,387
01/04/2017,GTR,MS,ASO,CE,Federal Contract Tower,0,5,5,39,49,0,5,7,48,60,0,10,12,87,109,4,62,66,175
01/05/2017,GTR,MS,ASO,CE,Federal Contract Tower,0,5,10,37,52,0,3,17,32,52,0,8,27,69,104,6,10,16,120
01/06/2017,GTR,MS,ASO,CE,Federal Contract Tower,0,2,0,49,51,0,0,3,23,26,0,2,3,72,77,0,88,88,165
01/07/2017,GTR,MS,ASO,CE,Federal Contract Tower,0,6,2,62,70,0,3,30,21,54,0,9,32,83,124,32,86,118,242
01/08/2017,GTR,MS,ASO,CE,Federal Contract Tower,0,7,1,27,35,0,3,2,3,8,0,10,3,30,43,0,0,0,43
01/09/2017,GTR,MS,ASO,CE,Federal Contract Tower,0,8,2,67,77,0,4,12,59,75,0,12,14,126,152,0,184,184,336
01/10/2017,GTR,MS,ASO,CE,Federal Contract Tower,0,8,1,66,75,0,0,9,55,64,0,8,10,121,139,0,152,152,291
01/11/2017,GTR,MS,ASO,CE,Federal Contract Tower,2,6,3,58,69,0,2,0,25,27,2,8,3,83,96,0,34,34,130
01/12/2017,GTR,MS,ASO,CE,Federal Contract Tower,0,8,11,57,76,0,2,11,27,40,0,10,22,84,116,4,30,34,150
01/13/2017,GTR,MS,ASO,CE,Federal Contract Tower,1,6,5,39,51,0,0,10,18,28,1,6,15,57,79,8,12,20,99
01/14/2017,GTR,MS,ASO,CE,Federal Contract Tower,1,3,3,21,28,0,0,6,0,6,1,3,9,21,34,0,0,0,34
01/15/2017,GTR,MS,ASO,CE,Federal Contract Tower,0,4,0,7,11,0,4,0,1,5,0,8,0,8,16,0,0,0,16
01/16/2017,GTR,MS,ASO,CE,Federal Contract Tower,1,6,6,3,16,0,4,4,6,14,1,10,10,9,30,20,72,92,122
01/17/2017,GTR,MS,ASO,CE,Federal Contract Tower,0,7,1,77,85,0,0,14,59,73,0,7,15,136,158,42,128,170,328
01/18/2017,GTR,MS,ASO,CE,Federal Contract Tower,0,8,13,58,79,0,0,4,15,19,0,8,17,73,98,0,0,0,98
01/19/2017,GTR,MS,ASO,CE,Federal Contract Tower,0,6,3,2,11,0,0,0,0,0,0,6,3,2,11,0,0,0,11
01/20/2017,GTR,MS,ASO,CE,Federal Contract Tower,0,7,3,57,67,0,0,6,6,12,0,7,9,63,79,2,18,20,99
01/21/2017,GTR,MS,ASO,CE,Federal Contract Tower,0,3,2,30,35,0,5,14,8,27,0,8,16,38,62,62,74,136,198
01/22/2017,GTR,MS,ASO,CE,Federal Contract Tower,0,5,2,10,17,0,0,0,0,0,0,5,2,10,17,0,0,0,17
01/23/2017,GTR,MS,ASO,CE,Federal Contract Tower,0,6,2,66,74,0,1,8,52,61,0,7,10,118,135,16,146,162,297
01/24/2017,GTR,MS,ASO,CE,Federal Contract Tower,1,7,1,33,42,0,2,63,50,115,1,9,64,83,157,132,114,246,403
01/25/2017,GTR,MS,ASO,CE,Federal Contract Tower,0,6,17,24,47,0,2,18,35,55,0,8,35,59,102,6,0,6,108
01/26/2017,GTR,MS,ASO,CE,Federal Contract Tower,0,6,11,24,41,0,10,24,20,54,0,16,35,44,95,36,42,78,173
01/27/2017,GTR,MS,ASO,CE,Federal Contract Tower,0,7,4,30,41,0,3,28,16,47,0,10,32,46,88,30,92,122,210
01/28/2017,GTR,MS,ASO,CE,Federal Contract Tower,0,7,6,59,72,0,5,57,22,84,0,12,63,81,156,16,108,124,280
01/29/2017,GTR,MS,ASO,CE,Federal Contract Tower,0,6,1,36,43,0,0,22,1,23,0,6,23,37,66,0,18,18,84
01/30/2017,GTR,MS,ASO,CE,Federal Contract Tower,0,6,6,37,49,0,6,30,31,67,0,12,36,68,116,14,86,100,216
01/31/2017,GTR,MS,ASO,CE,Federal Contract Tower,0,6,3,25,34,0,0,24,13,37,0,6,27,38,71,22,72,94,165
02/01/2017,GTR,MS,ASO,CE,Federal Contract Tower,0,9,4,19,32,0,1,24,12,37,0,10,28,31,69,14,6,20,89
02/02/2017,GTR,MS,ASO,CE,Federal Contract Tower,0,6,8,27,41,0,0,2,9,11,0,6,10,36,52,0,0,0,52
02/03/2017,GTR,MS,ASO,CE,Federal Contract Tower,0,8,13,41,62,0,0,24,47,71,0,8,37,88,133,10,70,80,213
02/04/2017,GTR,MS,ASO,CE,Federal Contract Tower,0,4,3,62,69,0,4,22,6,32,0,8,25,68,101,68,52,120,221
02/05/2017,GTR,MS,ASO,CE,Federal Contract Tower,0,5,6,28,39,0,0,0,0,0,0,5,6,28,39,0,0,0,39
02/06/2017,GTR,MS,ASO,CE,Federal Contract Tower,0,7,3,37,47,0,0,5,14,19,0,7,8,51,66,20,0,20,86
02/07/2017,GTR,MS,ASO,CE,Federal Contract Tower,0,4,5,1,10,0,0,2,1,3,0,4,7,2,13,0,0,0,13
02/08/2017,GTR,MS,ASO,CE,Federal Contract Tower,0,8,5,32,45,0,2,3,9,14,0,10,8,41,59,0,20,20,79
02/09/2017,GTR,MS,ASO,CE,Federal Contract Tower,0,10,7,42,59,0,2,19,14,35,0,12,26,56,94,10,34,44,138
02/10/2017,GTR,MS,ASO,CE,Federal Contract Tower,0,8,12,44,64,0,0,67,32,99,0,8,79,76,163,18,26,44,207
02/11/2017,GTR,MS,ASO,CE,Federal Contract Tower,0,4,11,28,43,0,1,37,1,39,0,5,48,29,82,14,0,14,96
02/12/2017,GTR,MS,ASO,CE,Federal Contract Tower,0,6,6,18,30,0,1,25,6,32,0,7,31,24,62,0,12,12,74
02/13/2017,GTR,MS,ASO,CE,Federal Contract Tower,0,6,7,14,27,0,1,37,23,61,0,7,44,37,88,0,12,12,100
02/14/2017,GTR,MS,ASO,CE,Federal Contract Tower,0,5,7,18,30,0,4,19,31,54,0,9,26,49,84,44,36,80,164
02/15/2017,GTR,MS,ASO,CE,Federal Contract Tower,0,8,2,20,30,0,2,33,54,89,0,10,35,74,119,14,48,62,181
02/16/2017,GTR,MS,ASO,CE,Federal Contract Tower,0,7,7,15,29,0,3,36,41,80,0,10,43,56,109,26,32,58,167
02/17/2017,GTR,MS,ASO,CE,Federal Contract Tower,0,11,14,41,66,0,5,25,17,47,0,16,39,58,113,16,48,64,177
02/18/2017,GTR,MS,ASO,CE,Federal Contract Tower,0,4,5,15,24,0,0,21,0,21,0,4,26,15,45,8,9,17,62
02/19/2017,GTR,MS,ASO,CE,Federal Contract Tower,0,4,5,4,13,0,1,27,6,34,0,5,32,10,47,18,16,34,81
02/20/2017,GTR,MS,ASO,CE,Federal Contract Tower,0,7,8,7,22,0,0,17,2,19,0,7,25,9,41,10,18,28,69
02/21/2017,GTR,MS,ASO,CE,Federal Contract Tower,0,6,3,92,101,0,0,0,0,0,0,6,3,92,101,0,0,0,101
02/22/2017,GTR,MS,ASO,CE,Federal Contract Tower,0,7,14,53,74,0,3,7,7,17,0,10,21,60,91,32,10,42,133
02/23/2017,GTR,MS,ASO,CE,Federal Contract Tower,0,8,4,35,47,0,1,1,2,4,0,9,5,37,51,0,18,18,69
02/24/2017,GTR,MS,ASO,CE,Federal Contract Tower,0,7,9,58,74,0,6,18,27,51,0,13,27,85,125,46,112,158,283
02/25/2017,GTR,MS,ASO,CE,Federal Contract Tower,0,6,3,32,41,0,2,34,5,41,0,8,37,37,82,4,44,48,130
02/26/2017,GTR,MS,ASO,CE,Federal Contract Tower,0,10,2,23,35,0,0,42,5,47,0,10,44,28,82,18,16,34,116
02/27/2017,GTR,MS,ASO,CE,Federal Contract Tower,0,8,6,27,41,0,0,0,0,0,0,8,6,27,41,0,0,0,41
02/28/2017,GTR,MS,ASO,CE,Federal Contract Tower,0,7,4,15,26,0,0,19,54,73,0,7,23,69,99,0,36,36,135
03/01/2017,GTR,MS,ASO,CE,Federal Contract Tower,0,8,2,11,21,0,1,2,6,9,0,9,4,17,30,0,0,0,30
03/02/2017,GTR,MS,ASO,CE,Federal Contract Tower,0,5,11,31,47,0,1,17,18,36,0,6,28,49,83,0,52,52,135
03/03/2017,GTR,MS,ASO,CE,Federal Contract Tower,0,9,10,24,43,0,4,64,16,84,0,13,74,40,127,10,50,60,187
03/04/2017,GTR,MS,ASO,CE,Federal Contract Tower,0,6,5,34,45,0,1,55,13,69,0,7,60,47,114,12,34,46,160
03/05/2017,GTR,MS,ASO,CE,Federal Contract Tower,0,11,4,25,40,0,4,16,2,22,0,15,20,27,62,18,4,22,84
03/06/2017,GTR,MS,ASO,CE,Federal Contract Tower,0,6,0,46,52,0,2,7,24,33,0,8,7,70,85,0,60,60,145
03/07/2017,GTR,MS,ASO,CE,Federal Contract Tower,0,8,4,24,36,0,0,2,4,6,0,8,6,28,42,0,0,0,42
03/08/2017,GTR,MS,ASO,CE,Federal Contract Tower,0,7,11,41,59,0,1,71,37,109,0,8,82,78,168,42,44,86,254
03/09/2017,GTR,MS,ASO,CE,Federal Contract Tower,0,6,3,19,28,0,0,32,27,59,0,6,35,46,87,34,48,82,169
03/10/2017,GTR,MS,ASO,CE,Federal Contract Tower,0,10,10,47,67,0,1,21,19,41,0,11,31,66,108,10,154,164,272
03/11/2017,GTR,MS,ASO,CE,Federal Contract Tower,0,4,8,20,32,0,0,7,1,8,0,4,15,21,40,0,0,0,40
03/12/2017,GTR,MS,ASO,CE,Federal Contract Tower,0,7,3,17,27,0,1,7,3,11,0,8,10,20,38,2,0,2,40
03/13/2017,GTR,MS,ASO,CE,Federal Contract Tower,0,6,6,18,30,0,0,2,0,2,0,6,8,18,32,0,0,0,32
03/14/2017,GTR,MS,ASO,CE,Federal Contract Tower,0,7,5,38,50,0,0,15,50,65,0,7,20,88,115,48,104,152,267
03/15/2017,GTR,MS,ASO,CE,Federal Contract Tower,1,8,7,3,19,0,4,25,5,34,1,12,32,8,53,36,0,36,89
03/16/2017,GTR,MS,ASO,CE,Federal Contract Tower,2,11,2,31,46,0,2,56,12,70,2,13,58,43,116,10,0,10,126
03/17/2017,GTR,MS,ASO,CE,Federal Contract Tower,2,5,13,37,57,0,0,42,22,64,2,5,55,59,121,20,52,72,193
03/18/2017,GTR,MS,ASO,CE,Federal Contract Tower,0,4,5,11,20,0,5,8,0,13,0,9,13,11,33,0,6,6,39
03/19/2017,GTR,MS,ASO,CE,Federal Contract Tower,2,8,13,6,29,0,0,21,3,24,2,8,34,9,53,0,0,0,53
03/20/2017,GTR,MS,ASO,CE,Federal Contract Tower,0,7,2,36,45,0,0,36,13,49,0,7,38,49,94,18,18,36,130
03/22/2017,GTR,MS,ASO,CE,Federal Contract Tower,2,6,4,34,46,0,4,36,13,53,2,10,40,47,99,26,32,58,157
03/23/2017,GTR,MS,ASO,CE,Federal Contract Tower,0,8,10,37,55,0,0,30,29,59,0,8,40,66,114,12,40,52,166
03/24/2017,GTR,MS,ASO,CE,Federal Contract Tower,0,8,5,25,38,0,0,1,112,113,0,8,6,137,151,0,58,58,209
03/25/2017,GTR,MS,ASO,CE,Federal Contract Tower,0,5,5,0,10,0,2,0,0,2,0,7,5,0,12,2,0,2,14
03/26/2017,GTR,MS,ASO,CE,Federal Contract Tower,0,6,10,18,34,0,1,9,5,15,0,7,19,23,49,0,10,10,59
03/27/2017,GTR,MS,ASO,CE,Federal Contract Tower,0,9,1,27,37,0,1,5,4,10,0,10,6,31,47,0,0,0,47
03/28/2017,GTR,MS,ASO,CE,Federal Contract Tower,2,6,11,33,52,0,4,20,45,69,2,10,31,78,121,6,90,96,217
03/29/2017,GTR,MS,ASO,CE,Federal Contract Tower,0,6,17,37,60,0,1,34,20,55,0,7,51,57,115,20,62,82,197
03/30/2017,GTR,MS,ASO,CE,Federal Contract Tower,0,9,9,36,54,0,0,6,8,14,0,9,15,44,68,0,4,4,72
03/31/2017,GTR,MS,ASO,CE,Federal Contract Tower,0,6,18,16,40,0,4,44,14,62,0,10,62,30,102,12,14,26,128
04/01/2017,GTR,MS,ASO,CE,Federal Contract Tower,0,5,1,9,15,0,8,10,4,22,0,13,11,13,37,32,16,48,85
04/02/2017,GTR,MS,ASO,CE,Federal Contract Tower,0,6,4,9,19,0,4,17,0,21,0,10,21,9,40,0,0,0,40
04/03/2017,GTR,MS,ASO,CE,Federal Contract Tower,2,9,3,52,66,0,0,7,26,33,2,9,10,78,99,42,0,42,141
04/04/2017,GTR,MS,ASO,CE,Federal Contract Tower,0,7,10,15,32,0,1,27,15,43,0,8,37,30,75,24,56,80,155
04/05/2017,GTR,MS,ASO,CE,Federal Contract Tower,0,6,11,22,39,0,0,5,5,10,0,6,16,27,49,2,0,2,51
04/06/2017,GTR,MS,ASO,CE,Federal Contract Tower,0,3,7,22,32,0,2,4,19,25,0,5,11,41,57,0,10,10,67
04/07/2017,GTR,MS,ASO,CE,Federal Contract Tower,0,9,9,30,48,0,3,14,19,36,0,12,23,49,84,42,56,98,182
04/08/2017,GTR,MS,ASO,CE,Federal Contract Tower,0,4,7,12,23,0,5,64,0,69,0,9,71,12,92,42,0,42,134
04/09/2017,GTR,MS,ASO,CE,Federal Contract Tower,0,6,6,4,16,0,5,8,2,15,0,11,14,6,31,0,0,0,31
04/10/2017,GTR,MS,ASO,CE,Federal Contract Tower,0,9,7,44,60,0,0,15,28,43,0,9,22,72,103,20,104,124,227
04/11/2017,GTR,MS,ASO,CE,Federal Contract Tower,0,6,2,22,30,0,0,17,34,51,0,6,19,56,81,6,56,62,143
04/12/2017,GTR,MS,ASO,CE,Federal Contract Tower,0,6,3,19,28,0,0,36,13,49,0,6,39,32,77,28,16,44,121
04/13/2017,GTR,MS,ASO,CE,Federal Contract Tower,0,12,5,13,30,0,3,29,8,40,0,15,34,21,70,18,28,46,116
04/14/2017,GTR,MS,ASO,CE,Federal Contract Tower,0,6,2,28,36,0,0,30,23,53,0,6,32,51,89,10,10,20,109
04/15/2017,GTR,MS,ASO,CE,Federal Contract Tower,0,4,4,1,9,0,2,40,4,46,0,6,44,5,55,12,0,12,67
04/16/2017,GTR,MS,ASO,CE,Federal Contract Tower,0,6,3,3,12,0,0,0,1,1,0,6,3,4,13,0,0,0,13
04/17/2017,GTR,MS,ASO,CE,Federal Contract Tower,0,8,6,49,63,0,2,13,26,41,0,10,19,75,104,0,38,38,142
04/18/2017,GTR,MS,ASO,CE,Federal Contract Tower,0,6,12,33,51,0,2,4,9,15,0,8,16,42,66,0,50,50,116
04/19/2017,GTR,MS,ASO,CE,Federal Contract Tower,0,7,8,39,54,0,2,24,19,45,0,9,32,58,99,2,66,68,167
04/20/2017,GTR,MS,ASO,CE,Federal Contract Tower,0,6,10,36,52,0,2,21,17,40,0,8,31,53,92,0,28,28,120
04/21/2017,GTR,MS,ASO,CE,Federal Contract Tower,0,7,14,31,52,0,6,25,30,61,0,13,39,61,113,52,36,88,201
04/22/2017,GTR,MS,ASO,CE,Federal Contract Tower,0,4,7,10,21,0,0,14,4,18,0,4,21,14,39,2,20,22,61
04/23/2017,GTR,MS,ASO,CE,Federal Contract Tower,0,11,4,12,27,0,1,5,0,6,0,12,9,12,33,0,0,0,33
04/24/2017,GTR,MS,ASO,CE,Federal Contract Tower,0,6,2,42,50,0,0,2,20,22,0,6,4,62,72,0,2,2,74
04/25/2017,GTR,MS,ASO,CE,Federal Contract Tower,0,5,5,21,31,0,0,8,7,15,0,5,13,28,46,0,62,62,108
04/26/2017,GTR,MS,ASO,CE,Federal Contract Tower,0,6,7,42,55,0,0,24,28,52,0,6,31,70,107,40,24,64,171
04/27/2017,GTR,MS,ASO,CE,Federal Contract Tower,0,8,8,46,62,0,0,17,60,77,0,8,25,106,139,0,24,24,163
04/28/2017,GTR,MS,ASO,CE,Federal Contract Tower,0,6,8,38,52,0,2,13,21,36,0,8,21,59,88,26,46,72,160
04/29/2017,GTR,MS,ASO,CE,Federal Contract Tower,0,4,5,19,28,0,7,10,3,20,0,11,15,22,48,22,38,60,108
04/30/2017,GTR,MS,ASO,CE,Federal Contract Tower,0,7,5,2,14,0,0,2,0,2,0,7,7,2,16,0,0,0,16
05/01/2017,GTR,MS,ASO,CE,Federal Contract Tower,0,7,14,20,41,0,5,1,9,15,0,12,15,29,56,0,16,16,72
05/02/2017,GTR,MS,ASO,CE,Federal Contract Tower,0,8,6,40,54,0,0,8,19,27,0,8,14,59,81,0,50,50,131
05/03/2017,GTR,MS,ASO,CE,Federal Contract Tower,0,10,5,49,64,0,2,18,34,54,0,12,23,83,118,10,122,132,250
05/04/2017,GTR,MS,ASO,CE,Federal Contract Tower,0,7,7,22,36,0,0,0,7,7,0,7,7,29,43,0,0,0,43
05/05/2017,GTR,MS,ASO,CE,Federal Contract Tower,0,7,10,59,76,0,2,4,13,19,0,9,14,72,95,0,52,52,147
05/06/2017,GTR,MS,ASO,CE,Federal Contract Tower,0,5,15,21,41,0,0,16,10,26,0,5,31,31,67,20,78,98,165
05/07/2017,GTR,MS,ASO,CE,Federal Contract Tower,0,6,11,18,35,0,4,23,4,31,0,10,34,22,66,0,0,0,66
05/08/2017,GTR,MS,ASO,CE,Federal Contract Tower,0,7,13,55,75,0,2,17,31,50,0,9,30,86,125,24,154,178,303
05/09/2017,GTR,MS,ASO,CE,Federal Contract Tower,0,7,18,49,74,0,1,48,28,77,0,8,66,77,151,32,104,136,287
05/10/2017,GTR,MS,ASO,CE,Federal Contract Tower,0,7,11,44,62,0,3,27,36,66,0,10,38,80,128,6,102,108,236
05/11/2017,GTR,MS,ASO,CE,Federal Contract Tower,0,10,16,56,82,0,12,49,35,96,0,22,65,91,178,18,58,76,254
05/12/2017,GTR,MS,ASO,CE,Federal Contract Tower,0,7,10,36,53,0,2,15,23,40,0,9,25,59,93,14,102,116,209
05/13/2017,GTR,MS,ASO,CE,Federal Contract Tower,0,6,10,12,28,0,0,9,6,15,0,6,19,18,43,2,28,30,73
05/14/2017,GTR,MS,ASO,CE,Federal Contract Tower,0,8,3,8,19,0,1,16,10,27,0,9,19,18,46,12,34,46,92
05/15/2017,GTR,MS,ASO,CE,Federal Contract Tower,0,7,2,17,26,0,3,24,19,46,0,10,26,36,72,22,49,71,143
05/16/2017,GTR,MS,ASO,CE,Federal Contract Tower,0,10,19,16,45,0,0,26,11,37,0,10,45,27,82,28,46,74,156
05/17/2017,GTR,MS,ASO,CE,Federal Contract Tower,0,10,20,28,58,0,2,26,11,39,0,12,46,39,97,16,36,52,149
05/18/2017,GTR,MS,ASO,CE,Federal Contract Tower,0,6,15,51,72,0,1,33,24,58,0,7,48,75,130,44,2,46,176
05/19/2017,GTR,MS,ASO,CE,Federal Contract Tower,0,7,14,41,62,0,10,50,29,89,0,17,64,70,151,14,82,96,247
05/20/2017,GTR,MS,ASO,CE,Federal Contract Tower,0,4,2,11,17,0,0,6,0,6,0,4,8,11,23,4,0,4,27
05/21/2017,GTR,MS,ASO,CE,Federal Contract Tower,0,8,6,13,27,0,2,1,1,4,0,10,7,14,31,0,0,0,31
05/22/2017,GTR,MS,ASO,CE,Federal Contract Tower,0,9,5,31,45,0,2,25,26,53,0,11,30,57,98,12,50,62,160
05/23/2017,GTR,MS,ASO,CE,Federal Contract Tower,0,8,18,34,60,0,1,10,8,19,0,9,28,42,79,28,6,34,113
05/24/2017,GTR,MS,ASO,CE,Federal Contract Tower,0,7,15,42,64,0,0,16,19,35,0,7,31,61,99,10,4,14,113
05/25/2017,GTR,MS,ASO,CE,Federal Contract Tower,0,8,8,40,56,0,6,22,14,42,0,14,30,54,98,0,30,30,128
05/26/2017,GTR,MS,ASO,CE,Federal Contract Tower,0,6,1,4,11,0,3,19,0,22,0,9,20,4,33,44,0,44,77
05/28/2017,GTR,MS,ASO,CE,Federal Contract Tower,0,4,1,0,5,0,0,17,0,17,0,4,18,0,22,0,0,0,22
05/29/2017,GTR,MS,ASO,CE,Federal Contract Tower,0,6,7,2,15,0,2,13,0,15,0,8,20,2,30,8,0,8,38
05/30/2017,GTR,MS,ASO,CE,Federal Contract Tower,0,9,5,19,33,0,0,21,10,31,0,9,26,29,64,0,32,32,96
05/31/2017,GTR,MS,ASO,CE,Federal Contract Tower,0,9,5,46,60,0,1,41,42,84,0,10,46,88,144,14,40,54,198
06/01/2017,GTR,MS,ASO,CE,Federal Contract Tower,0,10,6,55,71,0,1,13,25,39,0,11,19,80,110,0,0,0,110
06/02/2017,GTR,MS,ASO,CE,Federal Contract Tower,0,7,0,41,48,0,1,14,30,45,0,8,14,71,93,0,42,42,135
06/03/2017,GTR,MS,ASO,CE,Federal Contract Tower,0,4,4,2,10,0,4,40,4,48,0,8,44,6,58,0,44,44,102
06/04/2017,GTR,MS,ASO,CE,Federal Contract Tower,0,5,3,15,23,0,6,18,7,31,0,11,21,22,54,2,46,48,102
06/05/2017,GTR,MS,ASO,CE,Federal Contract Tower,0,7,5,10,22,0,0,1,0,1,0,7,6,10,23,0,0,0,23
06/06/2017,GTR,MS,ASO,CE,Federal Contract Tower,0,5,14,6,25,0,0,3,13,16,0,5,17,19,41,0,0,0,41
06/07/2017,GTR,MS,ASO,CE,Federal Contract Tower,0,6,10,21,37,0,0,50,18,68,0,6,60,39,105,24,16,40,145
06/08/2017,GTR,MS,ASO,CE,Federal Contract Tower,0,9,7,43,59,0,8,77,14,99,0,17,84,57,158,58,48,106,264
06/09/2017,GTR,MS,ASO,CE,Federal Contract Tower,0,8,11,21,40,0,6,32,12,50,0,14,43,33,90,48,78,126,216
06/10/2017,GTR,MS,ASO,CE,Federal Contract Tower,0,4,9,22,35,0,1,59,8,68,0,5,68,30,103,16,42,58,161
06/11/2017,GTR,MS,ASO,CE,Federal Contract Tower,0,9,6,17,32,0,0,151,9,160,0,9,157,26,192,52,32,84,276
06/12/2017,GTR,MS,ASO,CE,Federal Contract Tower,0,5,5,74,84,0,6,58,34,98,0,11,63,108,182,8,50,58,240
06/13/2017,GTR,MS,ASO,CE,Federal Contract Tower,0,7,10,51,68,0,6,20,15,41,0,13,30,66,109,0,56,56,165
06/14/2017,GTR,MS,ASO,CE,Federal Contract Tower,0,9,4,49,62,0,5,22,16,43,0,14,26,65,105,12,10,22,127
06/15/2017,GTR,MS,ASO,CE,Federal Contract Tower,0,10,3,18,31,0,4,14,10,28,0,14,17,28,59,8,0,8,67
06/16/2017,GTR,MS,ASO,CE,Federal Contract Tower,0,8,10,38,56,0,1,20,31,52,0,9,30,69,108,16,52,68,176
06/17/2017,GTR,MS,ASO,CE,Federal Contract Tower,0,4,4,2,10,0,1,15,1,17,0,5,19,3,27,0,12,12,39
06/18/2017,GTR,MS,ASO,CE,Federal Contract Tower,2,3,1,9,15,0,3,4,0,7,2,6,5,9,22,0,0,0,22
06/19/2017,GTR,MS,ASO,CE,Federal Contract Tower,0,7,7,42,56,0,1,15,13,29,0,8,22,55,85,0,36,36,121
06/20/2017,GTR,MS,ASO,CE,Federal Contract Tower,0,6,9,4,19,0,2,71,47,120,0,8,80,51,139,0,66,66,205
06/21/2017,GTR,MS,ASO,CE,Federal Contract Tower,0,12,12,40,64,0,0,8,12,20,0,12,20,52,84,0,0,0,84
06/22/2017,GTR,MS,ASO,CE,Federal Contract Tower,0,8,5,55,68,0,3,3,45,51,0,11,8,100,119,0,8,8,127
06/23/2017,GTR,MS,ASO,CE,Federal Contract Tower,0,8,6,27,41,0,1,22,0,23,0,9,28,27,64,0,0,0,64
06/24/2017,GTR,MS,ASO,CE,Federal Contract Tower,0,5,5,4,14,0,2,57,2,61,0,7,62,6,75,0,4,4,79
06/25/2017,GTR,MS,ASO,CE,Federal Contract Tower,0,6,6,4,16,0,0,17,0,17,0,6,23,4,33,10,0,10,43
06/26/2017,GTR,MS,ASO,CE,Federal Contract Tower,0,5,3,23,31,0,4,36,16,56,0,9,39,39,87,8,58,66,153
06/27/2017,GTR,MS,ASO,CE,Federal Contract Tower,0,6,5,19,30,0,2,53,13,68,0,8,58,32,98,8,52,60,158
06/28/2017,GTR,MS,ASO,CE,Federal Contract Tower,0,18,10,19,47,0,0,60,5,65,0,18,70,24,112,30,4,34,146
06/29/2017,GTR,MS,ASO,CE,Federal Contract Tower,0,5,6,30,41,0,6,13,36,55,0,11,19,66,96,0,22,22,118
06/30/2017,GTR,MS,ASO,CE,Federal Contract Tower,0,7,6,46,59,0,7,13,47,67,0,14,19,93,126,12,98,110,236
07/01/2017,GTR,MS,ASO,CE,Federal Contract Tower,0,3,2,2,7,0,1,16,0,17,0,4,18,2,24,14,0,14,38
07/02/2017,GTR,MS,ASO,CE,Federal Contract Tower,0,4,1,2,7,0,1,5,0,6,0,5,6,2,13,0,0,0,13
07/03/2017,GTR,MS,ASO,CE,Federal Contract Tower,0,4,0,0,4,0,0,7,0,7,0,4,7,0,11,0,0,0,11
07/04/2017,GTR,MS,ASO,CE,Federal Contract Tower,0,5,0,0,5,0,0,13,0,13,0,5,13,0,18,0,0,0,18
07/05/2017,GTR,MS,ASO,CE,Federal Contract Tower,0,4,5,20,29,0,3,49,19,71,0,7,54,39,100,8,44,52,152
07/06/2017,GTR,MS,ASO,CE,Federal Contract Tower,0,5,3,36,44,0,1,35,32,68,0,6,38,68,112,12,70,82,194
07/07/2017,GTR,MS,ASO,CE,Federal Contract Tower,0,3,6,6,15,0,0,29,7,36,0,3,35,13,51,4,8,12,63
07/08/2017,GTR,MS,ASO,CE,Federal Contract Tower,0,5,4,3,12,0,4,8,1,13,0,9,12,4,25,22,8,30,55
07/09/2017,GTR,MS,ASO,CE,Federal Contract Tower,0,5,12,7,24,0,0,18,5,23,0,5,30,12,47,26,8,34,81
07/10/2017,GTR,MS,ASO,CE,Federal Contract Tower,0,5,7,30,42,0,9,54,11,74,0,14,61,41,116,14,54,68,184
07/11/2017,GTR,MS,ASO,CE,Federal Contract Tower,0,4,4,31,39,0,0,19,10,29,0,4,23,41,68,66,12,78,146
07/12/2017,GTR,MS,ASO,CE,Federal Contract Tower,0,7,13,24,44,0,2,35,27,64,0,9,48,51,108,10,48,58,166
07/13/2017,GTR,MS,ASO,CE,Federal Contract Tower,0,5,7,66,78,0,1,29,28,58,0,6,36,94,136,22,154,176,312
07/14/2017,GTR,MS,ASO,CE,Federal Contract Tower,0,5,3,74,82,0,0,25,46,71,0,5,28,120,153,12,226,238,391
07/15/2017,GTR,MS,ASO,CE,Federal Contract Tower,0,5,4,30,39,0,4,12,14,30,0,9,16,44,69,30,134,164,233
07/16/2017,GTR,MS,ASO,CE,Federal Contract Tower,0,8,2,29,39,0,0,9,2,11,0,8,11,31,50,0,8,8,58
07/17/2017,GTR,MS,ASO,CE,Federal Contract Tower,0,7,5,28,40,0,4,22,21,47,0,11,27,49,87,32,38,70,157
07/18/2017,GTR,MS,ASO,CE,Federal Contract Tower,0,7,5,28,40,0,3,14,15,32,0,10,19,43,72,0,38,38,110
07/19/2017,GTR,MS,ASO,CE,Federal Contract Tower,0,14,6,20,40,0,0,24,23,47,0,14,30,43,87,0,36,36,123
07/20/2017,GTR,MS,ASO,CE,Federal Contract Tower,0,6,5,34,45,0,0,14,17,31,0,6,19,51,76,2,64,66,142
07/21/2017,GTR,MS,ASO,CE,Federal Contract Tower,10,3,24,0,37,0,1,43,18,62,10,4,67,18,99,0,22,22,121
07/22/2017,GTR,MS,ASO,CE,Federal Contract Tower,0,4,1,18,23,0,2,34,10,46,0,6,35,28,69,20,84,104,173
07/23/2017,GTR,MS,ASO,CE,Federal Contract Tower,0,8,4,23,35,0,5,3,4,12,0,13,7,27,47,0,10,10,57
07/24/2017,GTR,MS,ASO,CE,Federal Contract Tower,0,10,7,44,61,0,0,9,4,13,0,10,16,48,74,23,18,41,115
07/25/2017,GTR,MS,ASO,CE,Federal Contract Tower,0,6,10,46,62,0,0,9,29,38,0,6,19,75,100,0,86,86,186
07/26/2017,GTR,MS,ASO,CE,Federal Contract Tower,0,6,4,40,50,0,1,34,15,50,0,7,38,55,100,44,34,78,178
07/27/2017,GTR,MS,ASO,CE,Federal Contract Tower,0,7,12,40,59,0,1,28,11,40,0,8,40,51,99,24,144,168,267
07/28/2017,GTR,MS,ASO,CE,Federal Contract Tower,0,6,2,30,38,0,0,24,25,49,0,6,26,55,87,31,50,81,168
07/29/2017,GTR,MS,ASO,CE,Federal Contract Tower,0,4,3,7,14,0,0,20,2,22,0,4,23,9,36,64,38,102,138
07/30/2017,GTR,MS,ASO,CE,Federal Contract Tower,0,6,4,3,13,0,2,22,5,29,0,8,26,8,42,18,10,28,70
07/31/2017,GTR,MS,ASO,CE,Federal Contract Tower,0,8,2,13,23,0,0,30,23,53,0,8,32,36,76,20,32,52,128
08/01/2017,GTR,MS,ASO,CE,Federal Contract Tower,0,8,9,21,38,0,3,29,13,45,0,11,38,34,83,10,65,75,158
08/02/2017,GTR,MS,ASO,CE,Federal Contract Tower,0,9,7,32,48,0,3,3,15,21,0,12,10,47,69,0,18,18,87
08/03/2017,GTR,MS,ASO,CE,Federal Contract Tower,0,10,3,38,51,0,10,42,13,65,0,20,45,51,116,4,46,50,166
08/04/2017,GTR,MS,ASO,CE,Federal Contract Tower,0,8,6,51,65,0,7,27,48,82,0,15,33,99,147,26,162,188,335
08/05/2017,GTR,MS,ASO,CE,Federal Contract Tower,0,8,2,22,32,0,10,19,8,37,0,18,21,30,69,14,134,148,217
08/06/2017,GTR,MS,ASO,CE,Federal Contract Tower,0,5,2,23,30,0,3,0,4,7,0,8,2,27,37,0,16,16,53
08/07/2017,GTR,MS,ASO,CE,Federal Contract Tower,0,6,4,16,26,0,0,2,0,2,0,6,6,16,28,0,0,0,28
08/08/2017,GTR,MS,ASO,CE,Federal Contract Tower,0,6,4,47,57,0,2,0,0,2,0,8,4,47,59,0,0,0,59
08/09/2017,GTR,MS,ASO,CE,Federal Contract Tower,0,8,7,97,112,0,1,29,10,40,0,9,36,107,152,26,0,26,178
08/10/2017,GTR,MS,ASO,CE,Federal Contract Tower,0,5,5,29,39,0,1,21,16,38,0,6,26,45,77,8,0,8,85
08/11/2017,GTR,MS,ASO,CE,Federal Contract Tower,0,7,7,24,38,0,2,11,44,57,0,9,18,68,95,4,106,110,205
08/12/2017,GTR,MS,ASO,CE,Federal Contract Tower,0,4,8,30,42,0,6,8,5,19,0,10,16,35,61,0,26,26,87
08/13/2017,GTR,MS,ASO,CE,Federal Contract Tower,0,8,9,24,41,0,0,7,0,7,0,8,16,24,48,0,4,4,52
08/14/2017,GTR,MS,ASO,CE,Federal Contract Tower,0,5,7,27,39,0,1,21,10,32,0,6,28,37,71,34,54,88,159
08/15/2017,GTR,MS,ASO,CE,Federal Contract Tower,0,7,6,26,39,0,1,38,30,69,0,8,44,56,108,46,66,112,220
08/16/2017,GTR,MS,ASO,CE,Federal Contract Tower,0,6,4,47,57,0,0,29,18,47,0,6,33,65,104,36,4,40,144
08/17/2017,GTR,MS,ASO,CE,Federal Contract Tower,0,6,16,31,53,0,3,40,42,85,0,9,56,73,138,66,78,144,282
08/18/2017,GTR,MS,ASO,CE,Federal Contract Tower,0,7,5,42,54,0,3,43,14,60,0,10,48,56,114,10,156,166,280
08/19/2017,GTR,MS,ASO,CE,Federal Contract Tower,0,4,5,17,26,0,4,23,7,34,0,8,28,24,60,0,46,46,106
08/20/2017,GTR,MS,ASO,CE,Federal Contract Tower,0,5,7,12,24,0,2,21,13,36,0,7,28,25,60,10,72,82,142
08/21/2017,GTR,MS,ASO,CE,Federal Contract Tower,0,7,9,37,53,0,2,30,55,87,0,9,39,92,140,30,112,142,282
08/22/2017,GTR,MS,ASO,CE,Federal Contract Tower,0,9,11,15,35,0,2,42,36,80,0,11,53,51,115,32,82,114,229
08/23/2017,GTR,MS,ASO,CE,Federal Contract Tower,0,7,3,28,38,0,0,23,22,45,0,7,26,50,83,2,64,66,149
08/24/2017,GTR,MS,ASO,CE,Federal Contract Tower,0,8,1,33,42,0,1,23,20,44,0,9,24,53,86,0,136,136,222
08/25/2017,GTR,MS,ASO,CE,Federal Contract Tower,0,6,9,25,40,0,2,26,10,38,0,8,35,35,78,0,56,56,134
08/26/2017,GTR,MS,ASO,CE,Federal Contract Tower,0,4,4,31,39,0,2,12,13,27,0,6,16,44,66,18,34,52,118
08/27/2017,GTR,MS,ASO,CE,Federal Contract Tower,0,8,1,17,26,0,0,16,3,19,0,8,17,20,45,20,0,20,65
08/28/2017,GTR,MS,ASO,CE,Federal Contract Tower,0,6,6,21,33,0,3,12,19,34,0,9,18,40,67,4,36,40,107
08/29/2017,GTR,MS,ASO,CE,Federal Contract Tower,0,12,6,58,76,0,1,48,51,100,0,13,54,109,176,40,174,214,390
08/30/2017,GTR,MS,ASO,CE,Federal Contract Tower,0,6,6,50,62,0,0,6,2,8,0,6,12,52,70,0,10,10,80
08/31/2017,GTR,MS,ASO,CE,Federal Contract Tower,0,7,3,22,32,0,1,7,70,78,0,8,10,92,110,0,0,0,110
09/01/2017,GTR,MS,ASO,CE,Federal Contract Tower,1,7,5,3,16,0,0,24,0,24,1,7,29,3,40,28,0,28,68
09/02/2017,GTR,MS,ASO,CE,Federal Contract Tower,0,4,6,0,10,0,10,37,0,47,0,14,43,0,57,14,0,14,71
09/03/2017,GTR,MS,ASO,CE,Federal Contract Tower,0,10,1,0,11,0,1,17,8,26,0,11,18,8,37,0,0,0,37
09/04/2017,GTR,MS,ASO,CE,Federal Contract Tower,0,6,2,0,8,0,0,24,1,25,0,6,26,1,33,48,0,48,81
09/05/2017,GTR,MS,ASO,CE,Federal Contract Tower,0,8,0,22,30,0,1,20,17,38,0,9,20,39,68,12,76,88,156
09/06/2017,GTR,MS,ASO,CE,Federal Contract Tower,0,7,8,16,31,0,0,30,7,37,0,7,38,23,68,6,38,44,112
09/07/2017,GTR,MS,ASO,CE,Federal Contract Tower,0,7,7,31,45,0,6,44,8,58,0,13,51,39,103,36,42,78,181
09/08/2017,GTR,MS,ASO,CE,Federal Contract Tower,0,9,5,26,40,0,0,28,10,38,0,9,33,36,78,38,56,94,172
09/09/2017,GTR,MS,ASO,CE,Federal Contract Tower,0,6,6,10,22,0,1,25,4,30,0,7,31,14,52,22,4,26,78
09/10/2017,GTR,MS,ASO,CE,Federal Contract Tower,0,6,7,28,41,0,1,15,8,24,0,7,22,36,65,6,14,20,85
09/11/2017,GTR,MS,ASO,CE,Federal Contract Tower,0,0,8,34,42,0,2,35,64,101,0,2,43,98,143,0,82,82,225
09/12/2017,GTR,MS,ASO,CE,Federal Contract Tower,0,7,7,62,76,0,0,14,58,72,0,7,21,120,148,0,0,0,148
09/13/2017,GTR,MS,ASO,CE,Federal Contract Tower,0,8,5,74,87,0,2,27,9,38,0,10,32,83,125,6,52,58,183
09/14/2017,GTR,MS,ASO,CE,Federal Contract Tower,0,10,11,18,39,0,8,28,47,83,0,18,39,65,122,18,90,108,230
09/15/2017,GTR,MS,ASO,CE,Federal Contract Tower,0,11,3,13,27,0,5,34,12,51,0,16,37,25,78,44,78,122,200
09/16/2017,GTR,MS,ASO,CE,Federal Contract Tower,0,5,10,29,44,0,5,74,11,90,0,10,84,40,134,44,86,130,264
09/17/2017,GTR,MS,ASO,CE,Federal Contract Tower,0,16,8,13,37,0,5,6,6,17,0,21,14,19,54,0,12,12,66
09/18/2017,GTR,MS,ASO,CE,Federal Contract Tower,0,5,7,43,55,0,1,53,32,86,0,6,60,75,141,28,50,78,219
09/19/2017,GTR,MS,ASO,CE,Federal Contract Tower,0,7,6,39,52,0,3,23,14,40,0,10,29,53,92,42,76,118,210
09/20/2017,GTR,MS,ASO,CE,Federal Contract Tower,0,5,14,45,64,0,5,28,20,53,0,10,42,65,117,14,88,102,219
09/21/2017,GTR,MS,ASO,CE,Federal Contract Tower,0,6,5,28,39,0,1,38,16,55,0,7,43,44,94,16,74,90,184
09/22/2017,GTR,MS,ASO,CE,Federal Contract Tower,2,7,9,50,68,0,1,32,15,48,2,8,41,65,116,4,70,74,190
09/23/2017,GTR,MS,ASO,CE,Federal Contract Tower,0,4,8,23,35,0,2,18,7,27,0,6,26,30,62,8,32,40,102
09/24/2017,GTR,MS,ASO,CE,Federal Contract Tower,0,7,7,17,31,0,3,14,6,23,0,10,21,23,54,6,4,10,64
09/25/2017,GTR,MS,ASO,CE,Federal Contract Tower,0,9,4,43,56,0,1,39,16,56,0,10,43,59,112,36,92,128,240
09/26/2017,GTR,MS,ASO,CE,Federal Contract Tower,0,19,6,21,46,0,1,28,6,35,0,20,34,27,81,50,24,74,155
09/27/2017,GTR,MS,ASO,CE,Federal Contract Tower,0,6,10,29,45,0,2,40,14,56,0,8,50,43,101,6,106,112,213
09/28/2017,GTR,MS,ASO,CE,Federal Contract Tower,0,6,6,17,29,0,8,63,17,88,0,14,69,34,117,74,122,196,313
09/29/2017,GTR,MS,ASO,CE,Federal Contract Tower,0,7,4,28,39,0,6,39,10,55,0,13,43,38,94,66,64,130,224
09/30/2017,GTR,MS,ASO,CE,Federal Contract Tower,0,6,2,0,8,0,4,52,2,58,0,10,54,2,66,50,28,78,144
10/01/2017,GTR,MS,ASO,CE,Federal Contract Tower,0,7,7,9,23,0,0,7,3,10,0,7,14,12,33,0,4,4,37
10/02/2017,GTR,MS,ASO,CE,Federal Contract Tower,0,6,4,40,50,0,6,14,51,71,0,12,18,91,121,0,58,58,179
10/03/2017,GTR,MS,ASO,CE,Federal Contract Tower,0,6,9,22,37,0,0,17,11,28,0,6,26,33,65,0,58,58,123
10/04/2017,GTR,MS,ASO,CE,Federal Contract Tower,1,6,11,25,43,0,2,25,24,51,1,8,36,49,94,4,62,66,160
10/05/2017,GTR,MS,ASO,CE,Federal Contract Tower,0,10,9,38,57,0,2,57,22,81,0,12,66,60,138,0,114,114,252
10/06/2017,GTR,MS,ASO,CE,Federal Contract Tower,0,10,7,24,41,0,0,28,28,56,0,10,35,52,97,4,48,52,149
10/07/2017,GTR,MS,ASO,CE,Federal Contract Tower,0,5,1,4,10,0,0,21,9,30,0,5,22,13,40,0,78,78,118
10/08/2017,GTR,MS,ASO,CE,Federal Contract Tower,0,6,5,9,20,0,0,0,0,0,0,6,5,9,20,0,0,0,20
10/09/2017,GTR,MS,ASO,CE,Federal Contract Tower,0,7,8,12,27,0,2,4,0,6,0,9,12,12,33,0,0,0,33
10/10/2017,GTR,MS,ASO,CE,Federal Contract Tower,0,9,9,92,110,0,3,5,0,8,0,12,14,92,118,0,0,0,118
10/11/2017,GTR,MS,ASO,CE,Federal Contract Tower,0,8,5,2,15,0,0,12,11,23,0,8,17,13,38,2,0,2,40
10/12/2017,GTR,MS,ASO,CE,Federal Contract Tower,0,7,8,47,62,0,2,45,14,61,0,9,53,61,123,54,72,126,249
10/13/2017,GTR,MS,ASO,CE,Federal Contract Tower,2,7,11,11,31,0,9,79,22,110,2,16,90,33,141,18,96,114,255
10/14/2017,GTR,MS,ASO,CE,Federal Contract Tower,0,5,6,2,13,0,2,18,1,21,0,7,24,3,34,0,18,18,52
10/15/2017,GTR,MS,ASO,CE,Federal Contract Tower,0,6,16,0,22,0,2,16,0,18,0,8,32,0,40,0,0,0,40
10/16/2017,GTR,MS,ASO,CE,Federal Contract Tower,0,12,8,25,45,0,1,28,10,39,0,13,36,35,84,16,72,88,172
10/17/2017,GTR,MS,ASO,CE,Federal Contract Tower,0,7,13,31,51,0,2,33,19,54,0,9,46,50,105,4,106,110,215
10/18/2017,GTR,MS,ASO,CE,Federal Contract Tower,0,6,9,37,52,0,2,25,28,55,0,8,34,65,107,20,66,86,193
10/19/2017,GTR,MS,ASO,CE,Federal Contract Tower,0,9,8,43,60,0,5,50,21,76,0,14,58,64,136,22,148,170,306
10/20/2017,GTR,MS,ASO,CE,Federal Contract Tower,2,7,8,15,32,0,0,56,17,73,2,7,64,32,105,42,96,138,243
10/21/2017,GTR,MS,ASO,CE,Federal Contract Tower,2,5,6,11,24,0,1,29,0,30,2,6,35,11,54,4,84,88,142
10/22/2017,GTR,MS,ASO,CE,Federal Contract Tower,0,6,14,20,40,0,4,5,0,9,0,10,19,20,49,0,4,4,53
10/23/2017,GTR,MS,ASO,CE,Federal Contract Tower,0,6,3,59,68,0,0,12,33,45,0,6,15,92,113,4,19,23,136
10/24/2017,GTR,MS,ASO,CE,Federal Contract Tower,0,5,9,35,49,0,6,21,30,57,0,11,30,65,106,30,42,72,178
10/25/2017,GTR,MS,ASO,CE,Federal Contract Tower,0,8,12,67,87,0,1,38,41,80,0,9,50,108,167,5,139,144,311
10/26/2017,GTR,MS,ASO,CE,Federal Contract Tower,0,9,11,43,63,0,3,47,35,85,0,12,58,78,148,40,115,155,303
10/27/2017,GTR,MS,ASO,CE,Federal Contract Tower,2,8,6,34,50,0,2,39,17,58,2,10,45,51,108,22,82,104,212
10/28/2017,GTR,MS,ASO,CE,Federal Contract Tower,0,4,11,9,24,0,3,38,3,44,0,7,49,12,68,2,88,90,158
10/29/2017,GTR,MS,ASO,CE,Federal Contract Tower,0,5,8,24,37,0,2,12,8,22,0,7,20,32,59,0,38,38,97
10/30/2017,GTR,MS,ASO,CE,Federal Contract Tower,0,6,10,22,38,0,1,18,14,33,0,7,28,36,71,38,64,102,173
10/31/2017,GTR,MS,ASO,CE,Federal Contract Tower,0,8,3,36,47,0,3,41,25,69,0,11,44,61,116,42,148,190,306
11/01/2017,GTR,MS,ASO,CE,Federal Contract Tower,0,7,8,57,72,0,3,21,34,58,0,10,29,91,130,32,18,50,180
11/02/2017,GTR,MS,ASO,CE,Federal Contract Tower,0,9,5,24,38,0,4,29,23,56,0,13,34,47,94,20,60,80,174
11/03/2017,GTR,MS,ASO,CE,Federal Contract Tower,0,10,5,54,69,0,2,37,37,76,0,12,42,91,145,40,122,162,307
11/04/2017,GTR,MS,ASO,CE,Federal Contract Tower,1,8,5,15,29,0,8,8,8,24,1,16,13,23,53,0,46,46,99
11/05/2017,GTR,MS,ASO,CE,Federal Contract Tower,0,12,6,23,41,0,3,11,3,17,0,15,17,26,58,14,0,14,72
11/06/2017,GTR,MS,ASO,CE,Federal Contract Tower,0,12,13,22,47,0,0,3,13,16,0,12,16,35,63,0,4,4,67
11/07/2017,GTR,MS,ASO,CE,Federal Contract Tower,0,7,15,51,73,0,7,0,0,7,0,14,15,51,80,0,0,0,80
11/08/2017,GTR,MS,ASO,CE,Federal Contract Tower,0,12,15,58,85,0,3,12,36,51,0,15,27,94,136,0,0,0,136
11/09/2017,GTR,MS,ASO,CE,Federal Contract Tower,0,12,5,21,38,0,5,36,25,66,0,17,41,46,104,14,122,136,240
11/10/2017,GTR,MS,ASO,CE,Federal Contract Tower,0,8,9,5,22,0,11,50,5,66,0,19,59,10,88,6,40,46,134
11/11/2017,GTR,MS,ASO,CE,Federal Contract Tower,0,5,3,6,14,0,7,26,16,49,0,12,29,22,63,10,82,92,155
11/12/2017,GTR,MS,ASO,CE,Federal Contract Tower,0,11,11,4,26,0,0,12,4,16,0,11,23,8,42,6,8,14,56
11/13/2017,GTR,MS,ASO,CE,Federal Contract Tower,0,7,2,31,40,0,2,13,10,25,0,9,15,41,65,34,50,84,149
11/14/2017,GTR,MS,ASO,CE,Federal Contract Tower,0,6,5,12,23,0,22,25,34,81,0,28,30,46,104,54,106,160,264
11/15/2017,GTR,MS,ASO,CE,Federal Contract Tower,0,18,2,14,34,0,48,46,10,104,0,66,48,24,138,8,36,44,182
11/16/2017,GTR,MS,ASO,CE,Federal Contract Tower,0,12,9,26,47,0,2,38,21,61,0,14,47,47,108,30,94,124,232
11/17/2017,GTR,MS,ASO,CE,Federal Contract Tower,0,9,3,7,19,0,0,16,12,28,0,9,19,19,47,0,35,35,82
11/18/2017,GTR,MS,ASO,CE,Federal Contract Tower,2,4,3,17,26,0,4,28,5,37,2,8,31,22,63,30,78,108,171
11/19/2017,GTR,MS,ASO,CE,Federal Contract Tower,0,5,11,20,36,0,0,12,0,12,0,5,23,20,48,34,0,34,82
11/20/2017,GTR,MS,ASO,CE,Federal Contract Tower,0,4,5,17,26,0,1,25,15,41,0,5,30,32,67,35,40,75,142
11/21/2017,GTR,MS,ASO,CE,Federal Contract Tower,0,7,9,13,29,0,2,35,7,44,0,9,44,20,73,0,16,16,89
11/22/2017,GTR,MS,ASO,CE,Federal Contract Tower,0,9,12,5,26,0,4,36,3,43,0,13,48,8,69,64,24,88,157
11/23/2017,GTR,MS,ASO,CE,Federal Contract Tower,0,3,5,0,8,0,7,2,0,9,0,10,7,0,17,0,0,0,17
11/24/2017,GTR,MS,ASO,CE,Federal Contract Tower,0,9,8,0,17,0,4,40,0,44,0,13,48,0,61,8,0,8,69
11/26/2017,GTR,MS,ASO,CE,Federal Contract Tower,0,8,13,2,23,0,1,13,0,14,0,9,26,2,37,4,0,4,41
11/27/2017,GTR,MS,ASO,CE,Federal Contract Tower,0,13,1,20,34,0,7,24,13,44,0,20,25,33,78,6,88,94,172
11/28/2017,GTR,MS,ASO,CE,Federal Contract Tower,0,11,13,25,49,0,4,11,10,25,0,15,24,35,74,0,18,18,92
11/29/2017,GTR,MS,ASO,CE,Federal Contract Tower,0,8,4,26,38,0,2,10,19,31,0,10,14,45,69,2,90,92,161
11/30/2017,GTR,MS,ASO,CE,Federal Contract Tower,1,13,4,16,34,0,0,8,24,32,1,13,12,40,66,8,8,16,82
12/01/2017,GTR,MS,ASO,CE,Federal Contract Tower,0,6,7,19,32,0,6,20,1,27,0,12,27,20,59,20,0,20,79
12/02/2017,GTR,MS,ASO,CE,Federal Contract Tower,2,4,3,12,21,0,11,38,9,58,2,15,41,21,79,45,52,97,176
12/03/2017,GTR,MS,ASO,CE,Federal Contract Tower,0,8,1,4,13,0,0,3,1,4,0,8,4,5,17,0,0,0,17
12/04/2017,GTR,MS,ASO,CE,Federal Contract Tower,0,11,5,47,63,0,0,10,0,10,0,11,15,47,73,0,0,0,73
12/05/2017,GTR,MS,ASO,CE,Federal Contract Tower,0,7,9,0,16,0,0,0,0,0,0,7,9,0,16,0,0,0,16
12/06/2017,GTR,MS,ASO,CE,Federal Contract Tower,0,10,7,13,30,0,0,15,17,32,0,10,22,30,62,18,12,30,92
12/07/2017,GTR,MS,ASO,CE,Federal Contract Tower,0,8,7,23,38,0,6,35,11,52,0,14,42,34,90,21,74,95,185
12/08/2017,GTR,MS,ASO,CE,Federal Contract Tower,0,7,10,52,69,0,1,16,32,49,0,8,26,84,118,38,65,103,221
12/09/2017,GTR,MS,ASO,CE,Federal Contract Tower,0,5,5,19,29,0,4,26,0,30,0,9,31,19,59,14,60,74,133
12/10/2017,GTR,MS,ASO,CE,Federal Contract Tower,0,8,7,9,24,0,3,15,12,30,0,11,22,21,54,4,10,14,68
12/11/2017,GTR,MS,ASO,CE,Federal Contract Tower,0,11,7,25,43,0,0,10,21,31,0,11,17,46,74,4,62,66,140
12/12/2017,GTR,MS,ASO,CE,Federal Contract Tower,0,10,10,15,35,0,7,24,13,44,0,17,34,28,79,20,116,136,215
12/13/2017,GTR,MS,ASO,CE,Federal Contract Tower,0,7,5,49,61,0,11,29,23,63,0,18,34,72,124,24,48,72,196
12/14/2017,GTR,MS,ASO,CE,Federal Contract Tower,0,9,6,35,50,0,6,30,39,75,0,15,36,74,125,50,106,156,281
12/15/2017,GTR,MS,ASO,CE,Federal Contract Tower,0,6,11,44,61,0,4,29,45,78,0,10,40,89,139,50,114,164,303
12/16/2017,GTR,MS,ASO,CE,Federal Contract Tower,0,4,5,37,46,0,2,14,12,28,0,6,19,49,74,22,52,74,148
12/17/2017,GTR,MS,ASO,CE,Federal Contract Tower,0,5,1,6,12,0,0,0,0,0,0,5,1,6,12,0,0,0,12
12/18/2017,GTR,MS,ASO,CE,Federal Contract Tower,0,6,8,62,76,0,4,31,36,71,0,10,39,98,147,32,114,146,293
12/19/2017,GTR,MS,ASO,CE,Federal Contract Tower,0,5,4,2,11,0,0,0,80,80,0,5,4,82,91,0,2,2,93
12/20/2017,GTR,MS,ASO,CE,Federal Contract Tower,0,7,10,20,37,0,0,3,23,26,0,7,13,43,63,0,98,98,161
12/21/2017,GTR,MS,ASO,CE,Federal Contract Tower,0,4,9,26,39,0,0,2,3,5,0,4,11,29,44,2,62,64,108
12/22/2017,GTR,MS,ASO,CE,Federal Contract Tower,0,4,5,11,20,0,3,13,4,20,0,7,18,15,40,38,46,84,124
12/23/2017,GTR,MS,ASO,CE,Federal Contract Tower,0,3,5,0,8,0,0,0,0,0,0,3,5,0,8,0,0,0,8
12/24/2017,GTR,MS,ASO,CE,Federal Contract Tower,0,4,1,0,5,0,3,26,0,29,0,7,27,0,34,0,0,0,34
12/25/2017,GTR,MS,ASO,CE,Federal Contract Tower,2,2,3,0,7,0,6,12,0,18,2,8,15,0,25,0,0,0,25
12/26/2017,GTR,MS,ASO,CE,Federal Contract Tower,0,4,2,0,6,0,8,26,0,34,0,12,28,0,40,52,0,52,92
12/27/2017,GTR,MS,ASO,CE,Federal Contract Tower,0,4,3,0,7,0,0,12,0,12,0,4,15,0,19,10,0,10,29
12/28/2017,GTR,MS,ASO,CE,Federal Contract Tower,2,4,0,0,6,0,0,7,0,7,2,4,7,0,13,6,0,6,19
12/29/2017,GTR,MS,ASO,CE,Federal Contract Tower,1,4,4,0,9,0,0,2,0,2,1,4,6,0,11,0,0,0,11
12/30/2017,GTR,MS,ASO,CE,Federal Contract Tower,4,7,4,0,15,0,9,16,0,25,4,16,20,0,40,22,0,22,62
12/31/2017,GTR,MS,ASO,CE,Federal Contract Tower,0,2,0,0,2,0,0,0,0,0,0,2,0,0,2,0,0,0,2
01/01/2018,GTR,MS,ASO,CE,Federal Contract Tower,0,6,1,0,7,0,0,1,0,1,0,6,2,0,8,0,0,0,8
01/02/2018,GTR,MS,ASO,CE,Federal Contract Tower,0,4,5,45,54,0,3,14,19,36,0,7,19,64,90,12,114,126,216
01/03/2018,GTR,MS,ASO,CE,Federal Contract Tower,0,4,4,26,34,0,1,47,29,77,0,5,51,55,111,22,154,176,287
01/04/2018,GTR,MS,ASO,CE,Federal Contract Tower,0,4,2,38,44,0,0,12,6,18,0,4,14,44,62,6,80,86,148
01/05/2018,GTR,MS,ASO,CE,Federal Contract Tower,1,4,2,19,26,0,0,19,12,31,1,4,21,31,57,14,45,59,116
01/06/2018,GTR,MS,ASO,CE,Federal Contract Tower,1,4,4,21,30,0,5,16,3,24,1,9,20,24,54,6,90,96,150
01/07/2018,GTR,MS,ASO,CE,Federal Contract Tower,1,6,2,19,28,0,0,10,0,10,1,6,12,19,38,2,12,14,52
01/08/2018,GTR,MS,ASO,CE,Federal Contract Tower,0,5,0,94,99,0,0,0,0,0,0,5,0,94,99,0,0,0,99
01/09/2018,GTR,MS,ASO,CE,Federal Contract Tower,1,5,5,34,45,0,0,0,0,0,1,5,5,34,45,0,0,0,45
01/10/2018,GTR,MS,ASO,CE,Federal Contract Tower,0,6,5,16,27,0,0,0,0,0,0,6,5,16,27,2,16,18,45
01/11/2018,GTR,MS,ASO,CE,Federal Contract Tower,0,5,2,51,58,0,0,0,42,42,0,5,2,93,100,0,18,18,118
01/12/2018,GTR,MS,ASO,CE,Federal Contract Tower,0,5,4,8,17,0,0,2,2,4,0,5,6,10,21,0,4,4,25
01/13/2018,GTR,MS,ASO,CE,Federal Contract Tower,0,4,0,11,15,0,0,21,5,26,0,4,21,16,41,45,34,79,120
01/14/2018,GTR,MS,ASO,CE,Federal Contract Tower,0,6,5,7,18,0,3,23,11,37,0,9,28,18,55,51,56,107,162
01/15/2018,GTR,MS,ASO,CE,Federal Contract Tower,2,5,6,8,21,0,0,32,10,42,2,5,38,18,63,52,54,106,169
01/16/2018,GTR,MS,ASO,CE,Federal Contract Tower,0,2,0,0,2,0,0,0,0,0,0,2,0,0,2,0,0,0,2
01/17/2018,GTR,MS,ASO,CE,Federal Contract Tower,0,3,7,17,27,0,1,15,2,18,0,4,22,19,45,44,40,84,129
01/18/2018,GTR,MS,ASO,CE,Federal Contract Tower,0,9,10,37,56,0,4,33,29,66,0,13,43,66,122,32,142,174,296
01/19/2018,GTR,MS,ASO,CE,Federal Contract Tower,0,7,3,32,42,0,0,12,7,19,0,7,15,39,61,4,145,149,210
01/20/2018,GTR,MS,ASO,CE,Federal Contract Tower,0,5,6,22,33,0,0,10,5,15,0,5,16,27,48,10,58,68,116
01/21/2018,GTR,MS,ASO,CE,Federal Contract Tower,0,7,3,23,33,0,0,12,5,17,0,7,15,28,50,28,16,44,94
01/22/2018,GTR,MS,ASO,CE,Federal Contract Tower,1,7,4,38,50,0,0,15,1,16,1,7,19,39,66,8,25,33,99
01/23/2018,GTR,MS,ASO,CE,Federal Contract Tower,0,6,1,44,51,0,2,37,25,64,0,8,38,69,115,38,132,170,285
01/24/2018,GTR,MS,ASO,CE,Federal Contract Tower,0,8,0,31,39,0,3,12,9,24,0,11,12,40,63,34,108,142,205
01/25/2018,GTR,MS,ASO,CE,Federal Contract Tower,0,8,7,13,28,0,0,65,19,84,0,8,72,32,112,196,54,250,362
01/26/2018,GTR,MS,ASO,CE,Federal Contract Tower,1,11,16,28,56,0,4,41,27,72,1,15,57,55,128,55,102,157,285
01/27/2018,GTR,MS,ASO,CE,Federal Contract Tower,0,4,6,5,15,0,0,3,1,4,0,4,9,6,19,0,6,6,25
01/28/2018,GTR,MS,ASO,CE,Federal Contract Tower,0,5,6,7,18,0,0,1,0,1,0,5,7,7,19,0,4,4,23
01/29/2018,GTR,MS,ASO,CE,Federal Contract Tower,0,7,3,23,33,0,4,43,15,62,0,11,46,38,95,74,56,130,225
01/30/2018,GTR,MS,ASO,CE,Federal Contract Tower,2,7,5,38,52,0,0,27,19,46,2,7,32,57,98,112,114,226,324
01/31/2018,GTR,MS,ASO,CE,Federal Contract Tower,0,9,6,26,41,0,0,22,18,40,0,9,28,44,81,66,72,138,219
02/01/2018,GTR,MS,ASO,CE,Federal Contract Tower,0,8,5,4,17,0,2,40,0,42,0,10,45,4,59,54,8,62,121
02/02/2018,GTR,MS,ASO,CE,Federal Contract Tower,0,9,8,5,22,0,2,13,6,21,0,11,21,11,43,8,40,48,91
02/03/2018,GTR,MS,ASO,CE,Federal Contract Tower,0,4,2,12,18,0,0,24,0,24,0,4,26,12,42,32,70,102,144
02/04/2018,GTR,MS,ASO,CE,Federal Contract Tower,1,6,3,12,22,0,3,42,8,53,1,9,45,20,75,86,108,194,269
02/05/2018,GTR,MS,ASO,CE,Federal Contract Tower,1,6,3,12,22,0,3,42,8,53,1,9,45,20,75,86,108,194,269
02/06/2018,GTR,MS,ASO,CE,Federal Contract Tower,0,7,3,2,12,0,0,0,0,0,0,7,3,2,12,0,0,0,12
02/07/2018,GTR,MS,ASO,CE,Federal Contract Tower,0,5,0,4,9,0,0,2,0,2,0,5,2,4,11,0,0,0,11
02/08/2018,GTR,MS,ASO,CE,Federal Contract Tower,0,5,1,0,6,0,2,14,2,18,0,7,15,2,24,24,0,24,48
02/09/2018,GTR,MS,ASO,CE,Federal Contract Tower,0,9,2,7,18,0,0,15,8,23,0,9,17,15,41,32,92,124,165
02/10/2018,GTR,MS,ASO,CE,Federal Contract Tower,2,3,2,4,11,0,0,0,0,0,2,3,2,4,11,2,0,2,13
02/11/2018,GTR,MS,ASO,CE,Federal Contract Tower,2,5,1,3,11,0,0,0,0,0,2,5,1,3,11,0,0,0,11
02/12/2018,GTR,MS,ASO,CE,Federal Contract Tower,0,6,16,8,30,0,4,25,0,29,0,10,41,8,59,0,28,28,87
02/13/2018,GTR,MS,ASO,CE,Federal Contract Tower,2,14,5,4,25,0,0,7,0,7,2,14,12,4,32,12,0,12,44
02/14/2018,GTR,MS,ASO,CE,Federal Contract Tower,2,5,6,3,16,0,0,3,0,3,2,5,9,3,19,0,0,0,19
02/15/2018,GTR,MS,ASO,CE,Federal Contract Tower,1,6,6,12,25,0,4,46,14,64,1,10,52,26,89,4,184,188,277
02/16/2018,GTR,MS,ASO,CE,Federal Contract Tower,0,10,8,5,23,0,0,7,0,7,0,10,15,5,30,0,12,12,42
02/17/2018,GTR,MS,ASO,CE,Federal Contract Tower,0,5,3,0,8,0,0,0,0,0,0,5,3,0,8,0,0,0,8
02/18/2018,GTR,MS,ASO,CE,Federal Contract Tower,0,5,7,0,12,0,5,3,0,8,0,10,10,0,20,10,0,10,30
02/19/2018,GTR,MS,ASO,CE,Federal Contract Tower,2,6,9,4,21,0,2,23,0,25,2,8,32,4,46,14,2,16,62
02/20/2018,GTR,MS,ASO,CE,Federal Contract Tower,0,8,2,2,12,0,7,59,0,66,0,15,61,2,78,66,0,66,144
02/21/2018,GTR,MS,ASO,CE,Federal Contract Tower,0,10,9,10,29,0,3,28,2,33,0,13,37,12,62,70,64,134,196
02/22/2018,GTR,MS,ASO,CE,Federal Contract Tower,0,7,7,4,18,0,4,74,0,78,0,11,81,4,96,62,22,84,180
02/23/2018,GTR,MS,ASO,CE,Federal Contract Tower,2,9,4,5,20,0,0,33,2,35,2,9,37,7,55,64,14,78,133
02/24/2018,GTR,MS,ASO,CE,Federal Contract Tower,1,5,1,8,15,0,4,1,1,6,1,9,2,9,21,0,16,16,37
02/25/2018,GTR,MS,ASO,CE,Federal Contract Tower,0,8,4,4,16,0,0,2,0,2,0,8,6,4,18,12,0,12,30
02/26/2018,GTR,MS,ASO,CE,Federal Contract Tower,2,8,4,26,40,0,4,33,7,44,2,12,37,33,84,22,48,70,154
02/27/2018,GTR,MS,ASO,CE,Federal Contract Tower,1,8,3,54,66,0,3,103,24,130,1,11,106,78,196,76,68,144,340
02/28/2018,GTR,MS,ASO,CE,Federal Contract Tower,0,6,18,39,63,0,3,12,4,19,0,9,30,43,82,24,40,64,146
03/01/2018,GTR,MS,ASO,CE,Federal Contract Tower,0,7,4,26,37,0,0,5,1,6,0,7,9,27,43,20,62,82,125
03/02/2018,GTR,MS,ASO,CE,Federal Contract Tower,0,9,5,29,43,0,0,28,13,41,0,9,33,42,84,48,104,152,236
03/03/2018,GTR,MS,ASO,CE,Federal Contract Tower,0,8,3,0,11,0,3,34,0,37,0,11,37,0,48,56,0,56,104
03/05/2018,GTR,MS,ASO,CE,Federal Contract Tower,0,7,4,80,91,0,1,60,52,113,0,8,64,132,204,56,132,188,392
03/06/2018,GTR,MS,ASO,CE,Federal Contract Tower,0,9,8,76,93,0,3,58,55,116,0,12,66,131,209,36,84,120,329
03/07/2018,GTR,MS,ASO,CE,Federal Contract Tower,1,6,6,39,52,0,2,28,28,58,1,8,34,67,110,56,219,275,385
03/08/2018,GTR,MS,ASO,CE,Federal Contract Tower,0,6,3,26,35,0,0,17,15,32,0,6,20,41,67,0,38,38,105
03/09/2018,GTR,MS,ASO,CE,Federal Contract Tower,0,6,2,20,28,0,1,60,8,69,0,7,62,28,97,52,64,116,213
03/10/2018,GTR,MS,ASO,CE,Federal Contract Tower,2,7,4,0,13,0,0,24,0,24,2,7,28,0,37,0,0,0,37
03/11/2018,GTR,MS,ASO,CE,Federal Contract Tower,0,5,6,1,12,0,0,0,0,0,0,5,6,1,12,0,2,2,14
03/12/2018,GTR,MS,ASO,CE,Federal Contract Tower,0,7,3,18,28,0,2,12,18,32,0,9,15,36,60,16,22,38,98
03/13/2018,GTR,MS,ASO,CE,Federal Contract Tower,0,8,5,24,37,0,0,32,18,50,0,8,37,42,87,12,22,34,121
03/14/2018,GTR,MS,ASO,CE,Federal Contract Tower,0,7,13,14,34,0,0,20,2,22,0,7,33,16,56,36,32,68,124
03/15/2018,GTR,MS,ASO,CE,Federal Contract Tower,4,5,3,24,36,0,0,15,12,27,4,5,18,36,63,27,42,69,132
03/16/2018,GTR,MS,ASO,CE,Federal Contract Tower,0,7,8,59,74,0,0,45,12,57,0,7,53,71,131,6,66,72,203
03/17/2018,GTR,MS,ASO,CE,Federal Contract Tower,2,5,3,4,14,0,0,80,0,80,2,5,83,4,94,8,12,20,114
03/18/2018,GTR,MS,ASO,CE,Federal Contract Tower,2,8,8,14,32,0,2,7,1,10,2,10,15,15,42,6,4,10,52
03/19/2018,GTR,MS,ASO,CE,Federal Contract Tower,1,7,6,0,14,0,0,2,1,3,1,7,8,1,17,6,0,6,23
03/20/2018,GTR,MS,ASO,CE,Federal Contract Tower,0,11,1,58,70,0,1,7,18,26,0,12,8,76,96,26,50,76,172
03/21/2018,GTR,MS,ASO,CE,Federal Contract Tower,2,7,3,15,27,0,1,24,4,29,2,8,27,19,56,4,32,36,92
03/22/2018,GTR,MS,ASO,CE,Federal Contract Tower,0,8,4,19,31,0,9,97,9,115,0,17,101,28,146,124,48,172,318
03/23/2018,GTR,MS,ASO,CE,Federal Contract Tower,0,5,2,22,29,0,1,37,8,46,0,6,39,30,75,93,76,169,244
03/24/2018,GTR,MS,ASO,CE,Federal Contract Tower,0,6,0,12,18,0,0,163,11,174,0,6,163,23,192,0,44,44,236
03/25/2018,GTR,MS,ASO,CE,Federal Contract Tower,0,10,4,6,20,0,3,21,0,24,0,13,25,6,44,22,6,28,72
03/26/2018,GTR,MS,ASO,CE,Federal Contract Tower,1,7,6,96,110,0,1,0,0,1,1,8,6,96,111,0,0,0,111
03/27/2018,GTR,MS,ASO,CE,Federal Contract Tower,2,6,10,45,63,0,1,19,27,47,2,7,29,72,110,24,86,110,220
03/28/2018,GTR,MS,ASO,CE,Federal Contract Tower,2,7,3,63,75,0,1,14,17,32,2,8,17,80,107,12,86,98,205
03/29/2018,GTR,MS,ASO,CE,Federal Contract Tower,0,7,7,6,20,0,1,1,0,2,0,8,8,6,22,0,8,8,30
03/30/2018,GTR,MS,ASO,CE,Federal Contract Tower,0,8,4,41,53,0,5,32,28,65,0,13,36,69,118,32,104,136,254
03/31/2018,GTR,MS,ASO,CE,Federal Contract Tower,0,4,0,0,4,0,5,23,0,28,0,9,23,0,32,16,0,16,48
04/01/2018,GTR,MS,ASO,CE,Federal Contract Tower,0,6,4,2,12,0,1,2,0,3,0,7,6,2,15,0,10,10,25
04/02/2018,GTR,MS,ASO,CE,Federal Contract Tower,2,10,9,31,52,0,4,56,14,74,2,14,65,45,126,66,86,152,278
04/03/2018,GTR,MS,ASO,CE,Federal Contract Tower,0,6,8,45,59,0,3,21,26,50,0,9,29,71,109,18,114,132,241
04/04/2018,GTR,MS,ASO,CE,Federal Contract Tower,0,10,7,15,32,0,1,21,8,30,0,11,28,23,62,30,88,118,180
04/05/2018,GTR,MS,ASO,CE,Federal Contract Tower,0,12,4,8,24,0,2,45,4,51,0,14,49,12,75,82,46,128,203
04/06/2018,GTR,MS,ASO,CE,Federal Contract Tower,0,5,9,0,14,0,0,31,2,33,0,5,40,2,47,10,14,24,71
04/07/2018,GTR,MS,ASO,CE,Federal Contract Tower,0,3,3,2,8,0,0,4,0,4,0,3,7,2,12,22,0,22,34
04/08/2018,GTR,MS,ASO,CE,Federal Contract Tower,0,11,1,5,17,0,0,11,5,16,0,11,12,10,33,6,18,24,57
04/09/2018,GTR,MS,ASO,CE,Federal Contract Tower,0,6,2,18,26,0,4,82,14,100,0,10,84,32,126,94,10,104,230
04/10/2018,GTR,MS,ASO,CE,Federal Contract Tower,0,6,3,18,27,0,6,17,9,32,0,12,20,27,59,30,83,113,172
04/11/2018,GTR,MS,ASO,CE,Federal Contract Tower,0,6,4,29,39,0,1,26,10,37,0,7,30,39,76,2,90,92,168
04/12/2018,GTR,MS,ASO,CE,Federal Contract Tower,0,7,4,23,34,0,3,29,20,52,0,10,33,43,86,38,48,86,172
04/13/2018,GTR,MS,ASO,CE,Federal Contract Tower,0,8,3,33,44,0,3,5,8,16,0,11,8,41,60,0,74,74,134
04/14/2018,GTR,MS,ASO,CE,Federal Contract Tower,0,3,1,0,4,0,0,0,0,0,0,3,1,0,4,0,0,0,4
04/15/2018,GTR,MS,ASO,CE,Federal Contract Tower,0,6,2,7,15,0,2,11,2,15,0,8,13,9,30,12,22,34,64
04/16/2018,GTR,MS,ASO,CE,Federal Contract Tower,0,6,1,38,45,0,0,16,12,28,0,6,17,50,73,12,28,40,113
04/17/2018,GTR,MS,ASO,CE,Federal Contract Tower,0,6,6,17,29,0,5,13,11,29,0,11,19,28,58,20,94,114,172
04/18/2018,GTR,MS,ASO,CE,Federal Contract Tower,0,7,1,38,46,0,3,15,21,39,0,10,16,59,85,6,118,124,209
04/19/2018,GTR,MS,ASO,CE,Federal Contract Tower,0,9,10,23,42,0,5,14,12,31,0,14,24,35,73,22,88,110,183
04/20/2018,GTR,MS,ASO,CE,Federal Contract Tower,0,9,0,28,37,0,2,85,23,110,0,11,85,51,147,82,59,141,288
04/21/2018,GTR,MS,ASO,CE,Federal Contract Tower,0,6,9,3,18,0,4,73,8,85,0,10,82,11,103,50,20,70,173
04/22/2018,GTR,MS,ASO,CE,Federal Contract Tower,0,8,2,0,10,0,0,0,0,0,0,8,2,0,10,0,0,0,10
04/23/2018,GTR,MS,ASO,CE,Federal Contract Tower,0,19,13,81,113,0,6,43,54,103,0,25,56,135,216,60,96,156,372
04/24/2018,GTR,MS,ASO,CE,Federal Contract Tower,0,7,9,115,131,0,1,23,8,32,0,8,32,123,163,64,60,124,287
04/25/2018,GTR,MS,ASO,CE,Federal Contract Tower,0,6,8,18,32,0,0,30,12,42,0,6,38,30,74,32,88,120,194
04/26/2018,GTR,MS,ASO,CE,Federal Contract Tower,0,7,9,49,65,1,0,1,4,6,1,7,10,53,71,22,90,112,183
04/27/2018,GTR,MS,ASO,CE,Federal Contract Tower,0,11,5,33,49,0,3,38,2,43,0,14,43,35,92,36,80,116,208
04/29/2018,GTR,MS,ASO,CE,Federal Contract Tower,2,6,1,11,20,0,5,11,7,23,2,11,12,18,43,8,20,28,71
04/30/2018,GTR,MS,ASO,CE,Federal Contract Tower,0,7,8,31,46,0,3,41,38,82,0,10,49,69,128,92,78,170,298
05/01/2018,GTR,MS,ASO,CE,Federal Contract Tower,0,6,4,45,55,0,2,15,30,47,0,8,19,75,102,70,138,208,310
05/02/2018,GTR,MS,ASO,CE,Federal Contract Tower,0,8,7,60,75,0,2,20,19,41,0,10,27,79,116,24,130,154,270
05/03/2018,GTR,MS,ASO,CE,Federal Contract Tower,0,5,1,58,64,0,1,17,19,37,0,6,18,77,101,44,120,164,265
05/04/2018,GTR,MS,ASO,CE,Federal Contract Tower,0,9,13,45,67,0,2,52,14,68,0,11,65,59,135,30,108,138,273
05/05/2018,GTR,MS,ASO,CE,Federal Contract Tower,0,4,1,1,6,0,0,0,1,1,0,4,1,2,7,0,0,0,7
05/06/2018,GTR,MS,ASO,CE,Federal Contract Tower,0,9,5,0,14,0,5,26,0,31,0,14,31,0,45,44,0,44,89
05/07/2018,GTR,MS,ASO,CE,Federal Contract Tower,0,8,5,16,29,0,0,25,11,36,0,8,30,27,65,24,34,58,123
05/08/2018,GTR,MS,ASO,CE,Federal Contract Tower,0,6,7,24,37,0,3,35,12,50,0,9,42,36,87,62,37,99,186
05/09/2018,GTR,MS,ASO,CE,Federal Contract Tower,0,6,7,27,40,0,6,26,9,41,0,12,33,36,81,16,74,90,171
05/10/2018,GTR,MS,ASO,CE,Federal Contract Tower,0,5,5,27,37,0,0,29,7,36,0,5,34,34,73,10,102,112,185
05/11/2018,GTR,MS,ASO,CE,Federal Contract Tower,0,6,7,22,35,0,3,20,17,40,0,9,27,39,75,24,70,94,169
05/12/2018,GTR,MS,ASO,CE,Federal Contract Tower,0,4,1,25,30,0,3,27,3,33,0,7,28,28,63,20,56,76,139
05/13/2018,GTR,MS,ASO,CE,Federal Contract Tower,1,6,1,11,19,0,2,10,0,12,1,8,11,11,31,30,4,34,65
05/14/2018,GTR,MS,ASO,CE,Federal Contract Tower,0,6,2,0,8,0,0,42,0,42,0,6,44,0,50,52,0,52,102
05/15/2018,GTR,MS,ASO,CE,Federal Contract Tower,0,6,5,38,49,0,4,40,28,72,0,10,45,66,121,88,76,164,285
05/16/2018,GTR,MS,ASO,CE,Federal Contract Tower,3,9,1,46,59,0,9,14,14,37,3,18,15,60,96,8,114,122,218
05/17/2018,GTR,MS,ASO,CE,Federal Contract Tower,0,6,3,29,38,0,4,7,15,26,0,10,10,44,64,16,94,110,174
05/18/2018,GTR,MS,ASO,CE,Federal Contract Tower,0,6,3,35,44,0,1,32,0,33,0,7,35,35,77,30,80,110,187
05/19/2018,GTR,MS,ASO,CE,Federal Contract Tower,0,5,7,17,29,0,3,11,3,17,0,8,18,20,46,84,76,160,206
05/20/2018,GTR,MS,ASO,CE,Federal Contract Tower,0,7,3,18,28,0,0,17,7,24,0,7,20,25,52,86,30,116,168
05/21/2018,GTR,MS,ASO,CE,Federal Contract Tower,2,11,2,49,64,0,7,16,36,59,2,18,18,85,123,60,146,206,329
05/22/2018,GTR,MS,ASO,CE,Federal Contract Tower,0,9,17,52,78,0,5,33,20,58,0,14,50,72,136,108,96,204,340
05/23/2018,GTR,MS,ASO,CE,Federal Contract Tower,0,9,0,23,32,0,4,45,1,50,0,13,45,24,82,56,34,90,172
05/24/2018,GTR,MS,ASO,CE,Federal Contract Tower,0,8,11,104,123,0,10,46,31,87,0,18,57,135,210,30,66,96,306
05/25/2018,GTR,MS,ASO,CE,Federal Contract Tower,0,5,8,5,18,0,0,19,0,19,0,5,27,5,37,14,0,14,51
05/26/2018,GTR,MS,ASO,CE,Federal Contract Tower,0,5,6,2,13,0,0,19,0,19,0,5,25,2,32,0,14,14,46
05/27/2018,GTR,MS,ASO,CE,Federal Contract Tower,0,5,2,6,13,0,1,15,0,16,0,6,17,6,29,74,0,74,103
05/28/2018,GTR,MS,ASO,CE,Federal Contract Tower,0,7,1,7,15,0,5,28,5,38,0,12,29,12,53,50,4,54,107
05/29/2018,GTR,MS,ASO,CE,Federal Contract Tower,0,6,2,18,26,0,0,4,0,4,0,6,6,18,30,6,0,6,36
05/30/2018,GTR,MS,ASO,CE,Federal Contract Tower,0,10,8,42,60,0,0,40,39,79,0,10,48,81,139,0,138,138,277
05/31/2018,GTR,MS,ASO,CE,Federal Contract Tower,0,5,9,65,79,0,0,33,33,66,0,5,42,98,145,14,62,76,221
06/02/2018,GTR,MS,ASO,CE,Federal Contract Tower,0,4,1,11,16,0,2,13,0,15,0,6,14,11,31,28,16,44,75
06/03/2018,GTR,MS,ASO,CE,Federal Contract Tower,0,5,1,13,19,0,4,4,0,8,0,9,5,13,27,36,28,64,91
06/04/2018,GTR,MS,ASO,CE,Federal Contract Tower,0,6,13,13,32,0,2,69,10,81,0,8,82,23,113,44,46,90,203
06/05/2018,GTR,MS,ASO,CE,Federal Contract Tower,0,6,1,8,15,0,4,27,6,37,0,10,28,14,52,54,18,72,124
06/06/2018,GTR,MS,ASO,CE,Federal Contract Tower,0,6,3,17,26,0,2,21,4,27,0,8,24,21,53,26,56,82,135
06/07/2018,GTR,MS,ASO,CE,Federal Contract Tower,0,7,5,20,32,0,4,7,3,14,0,11,12,23,46,0,114,114,160
06/08/2018,GTR,MS,ASO,CE,Federal Contract Tower,0,8,9,19,36,0,0,19,12,31,0,8,28,31,67,44,78,122,189
06/09/2018,GTR,MS,ASO,CE,Federal Contract Tower,0,4,2,4,10,0,4,7,9,20,0,8,9,13,30,8,48,56,86
06/10/2018,GTR,MS,ASO,CE,Federal Contract Tower,0,6,4,17,27,0,4,7,2,13,0,10,11,19,40,0,30,30,70
06/11/2018,GTR,MS,ASO,CE,Federal Contract Tower,0,5,2,45,52,0,2,21,25,48,0,7,23,70,100,24,60,84,184
06/12/2018,GTR,MS,ASO,CE,Federal Contract Tower,0,7,7,43,57,0,4,14,42,60,0,11,21,85,117,6,110,116,233
06/13/2018,GTR,MS,ASO,CE,Federal Contract Tower,0,9,3,57,69,0,4,45,31,80,0,13,48,88,149,14,62,76,225
06/14/2018,GTR,MS,ASO,CE,Federal Contract Tower,0,8,8,31,47,0,1,9,0,10,0,9,17,31,57,2,88,90,147
06/15/2018,GTR,MS,ASO,CE,Federal Contract Tower,0,6,7,31,44,0,0,18,11,29,0,6,25,42,73,14,102,116,189
06/16/2018,GTR,MS,ASO,CE,Federal Contract Tower,0,3,2,9,14,0,1,13,2,16,0,4,15,11,30,0,10,10,40
06/17/2018,GTR,MS,ASO,CE,Federal Contract Tower,0,8,5,8,21,0,0,30,1,31,0,8,35,9,52,4,12,16,68
06/18/2018,GTR,MS,ASO,CE,Federal Contract Tower,0,10,6,36,52,0,1,48,22,71,0,11,54,58,123,50,94,144,267
06/19/2018,GTR,MS,ASO,CE,Federal Contract Tower,0,6,15,32,53,0,4,33,17,54,0,10,48,49,107,8,78,86,193
06/20/2018,GTR,MS,ASO,CE,Federal Contract Tower,0,8,7,45,60,0,1,39,16,56,0,9,46,61,116,74,74,148,264
06/21/2018,GTR,MS,ASO,CE,Federal Contract Tower,0,8,7,47,62,0,0,8,12,20,0,8,15,59,82,2,180,182,264
06/22/2018,GTR,MS,ASO,CE,Federal Contract Tower,0,6,15,10,31,0,0,30,34,64,0,6,45,44,95,0,20,20,115
06/23/2018,GTR,MS,ASO,CE,Federal Contract Tower,0,4,4,0,8,0,0,25,0,25,0,4,29,0,33,48,0,48,81
06/24/2018,GTR,MS,ASO,CE,Federal Contract Tower,2,8,5,4,19,0,8,30,2,40,2,16,35,6,59,30,8,38,97
06/25/2018,GTR,MS,ASO,CE,Federal Contract Tower,0,7,1,36,44,0,4,37,20,61,0,11,38,56,105,0,68,68,173
06/26/2018,GTR,MS,ASO,CE,Federal Contract Tower,0,7,0,15,22,0,4,78,15,97,0,11,78,30,119,294,59,353,472
06/27/2018,GTR,MS,ASO,CE,Federal Contract Tower,0,7,7,30,44,0,3,10,14,27,0,10,17,44,71,24,106,130,201
06/28/2018,GTR,MS,ASO,CE,Federal Contract Tower,0,7,4,34,45,0,0,9,8,17,0,7,13,42,62,0,60,60,122
06/29/2018,GTR,MS,ASO,CE,Federal Contract Tower,0,7,0,22,29,0,1,20,10,31,0,8,20,32,60,7,78,85,145
06/30/2018,GTR,MS,ASO,CE,Federal Contract Tower,0,5,2,1,8,0,0,14,1,15,0,5,16,2,23,30,0,30,53
07/01/2018,GTR,MS,ASO,CE,Federal Contract Tower,0,8,3,1,12,0,5,12,3,20,0,13,15,4,32,44,38,82,114
07/02/2018,GTR,MS,ASO,CE,Federal Contract Tower,0,8,4,22,34,0,4,34,16,54,0,12,38,38,88,30,70,100,188
07/03/2018,GTR,MS,ASO,CE,Federal Contract Tower,0,7,4,68,79,0,3,14,21,38,0,10,18,89,117,16,116,132,249
07/04/2018,GTR,MS,ASO,CE,Federal Contract Tower,0,7,1,2,10,0,0,12,0,12,0,7,13,2,22,14,0,14,36
07/05/2018,GTR,MS,ASO,CE,Federal Contract Tower,0,8,0,3,11,0,7,40,0,47,0,15,40,3,58,14,0,14,72
07/06/2018,GTR,MS,ASO,CE,Federal Contract Tower,0,6,6,25,37,0,4,22,12,38,0,10,28,37,75,28,46,74,149
07/07/2018,GTR,MS,ASO,CE,Federal Contract Tower,0,6,5,2,13,0,1,18,1,20,0,7,23,3,33,2,6,8,41
07/08/2018,GTR,MS,ASO,CE,Federal Contract Tower,0,7,8,5,20,0,0,7,6,13,0,7,15,11,33,10,0,10,43
07/09/2018,GTR,MS,ASO,CE,Federal Contract Tower,0,8,1,98,107,0,5,41,23,69,0,13,42,121,176,41,148,189,365
07/10/2018,GTR,MS,ASO,CE,Federal Contract Tower,0,6,5,69,80,0,7,48,24,79,0,13,53,93,159,60,80,140,299
07/11/2018,GTR,MS,ASO,CE,Federal Contract Tower,0,8,5,49,62,0,4,29,8,41,0,12,34,57,103,18,96,114,217
07/12/2018,GTR,MS,ASO,CE,Federal Contract Tower,0,8,5,69,82,0,4,45,24,73,0,12,50,93,155,22,162,184,339
07/13/2018,GTR,MS,ASO,CE,Federal Contract Tower,0,7,7,60,74,0,2,12,14,28,0,9,19,74,102,48,172,220,322
07/14/2018,GTR,MS,ASO,CE,Federal Contract Tower,0,6,2,5,13,0,3,35,1,39,0,9,37,6,52,70,22,92,144
07/15/2018,GTR,MS,ASO,CE,Federal Contract Tower,0,8,2,2,12,0,5,27,0,32,0,13,29,2,44,106,6,112,156
07/16/2018,GTR,MS,ASO,CE,Federal Contract Tower,0,5,14,82,101,0,0,56,75,131,0,5,70,157,232,58,138,196,428
07/17/2018,GTR,MS,ASO,CE,Federal Contract Tower,0,7,6,72,85,0,2,30,38,70,0,9,36,110,155,46,282,328,483
07/18/2018,GTR,MS,ASO,CE,Federal Contract Tower,0,8,2,71,81,0,1,11,17,29,0,9,13,88,110,2,120,122,232
07/19/2018,GTR,MS,ASO,CE,Federal Contract Tower,0,10,2,40,52,0,4,13,11,28,0,14,15,51,80,6,72,78,158
07/20/2018,GTR,MS,ASO,CE,Federal Contract Tower,0,10,4,36,50,0,1,47,5,53,0,11,51,41,103,4,20,24,127
07/21/2018,GTR,MS,ASO,CE,Federal Contract Tower,0,6,2,15,23,0,2,43,4,49,0,8,45,19,72,60,14,74,146
07/22/2018,GTR,MS,ASO,CE,Federal Contract Tower,0,6,6,6,18,0,2,23,4,29,0,8,29,10,47,34,36,70,117
07/23/2018,GTR,MS,ASO,CE,Federal Contract Tower,0,6,4,55,65,0,0,14,24,38,0,6,18,79,103,28,100,128,231
07/24/2018,GTR,MS,ASO,CE,Federal Contract Tower,0,6,5,62,73,0,6,16,19,41,0,12,21,81,114,18,84,102,216
07/25/2018,GTR,MS,ASO,CE,Federal Contract Tower,0,6,8,45,59,0,7,27,9,43,0,13,35,54,102,8,36,44,146
07/26/2018,GTR,MS,ASO,CE,Federal Contract Tower,0,8,0,46,54,0,2,28,6,36,0,10,28,52,90,0,80,80,170
07/27/2018,GTR,MS,ASO,CE,Federal Contract Tower,0,6,3,53,62,0,2,10,11,23,0,8,13,64,85,0,56,56,141
07/28/2018,GTR,MS,ASO,CE,Federal Contract Tower,0,7,4,10,21,0,2,10,3,15,0,9,14,13,36,38,44,82,118
07/29/2018,GTR,MS,ASO,CE,Federal Contract Tower,0,8,4,13,25,0,2,23,2,27,0,10,27,15,52,50,2,52,104
07/30/2018,GTR,MS,ASO,CE,Federal Contract Tower,0,6,4,51,61,0,2,4,20,26,0,8,8,71,87,0,82,82,169
07/31/2018,GTR,MS,ASO,CE,Federal Contract Tower,0,4,7,65,76,0,1,19,12,32,0,5,26,77,108,0,128,128,236
08/01/2018,GTR,MS,ASO,CE,Federal Contract Tower,0,5,2,70,77,0,1,22,14,37,0,6,24,84,114,0,34,34,148
08/02/2018,GTR,MS,ASO,CE,Federal Contract Tower,0,11,2,52,65,0,3,6,8,17,0,14,8,60,82,4,20,24,106
08/03/2018,GTR,MS,ASO,CE,Federal Contract Tower,0,3,5,48,56,0,2,29,6,37,0,5,34,54,93,6,44,50,143
08/04/2018,GTR,MS,ASO,CE,Federal Contract Tower,0,4,6,0,10,0,5,36,0,41,0,9,42,0,51,56,0,56,107
08/05/2018,GTR,MS,ASO,CE,Federal Contract Tower,0,6,3,0,9,0,2,13,0,15,0,8,16,0,24,42,0,42,66
08/06/2018,GTR,MS,ASO,CE,Federal Contract Tower,0,7,9,54,70,0,0,7,16,23,0,7,16,70,93,16,86,102,195
08/07/2018,GTR,MS,ASO,CE,Federal Contract Tower,0,7,12,58,77,0,5,26,12,43,0,12,38,70,120,20,128,148,268
08/08/2018,GTR,MS,ASO,CE,Federal Contract Tower,0,7,16,55,78,0,1,35,11,47,0,8,51,66,125,10,82,92,217
08/09/2018,GTR,MS,ASO,CE,Federal Contract Tower,0,7,5,65,77,0,0,15,26,41,0,7,20,91,118,12,60,72,190
08/10/2018,GTR,MS,ASO,CE,Federal Contract Tower,0,7,6,50,63,0,2,11,9,22,0,9,17,59,85,32,102,134,219
08/11/2018,GTR,MS,ASO,CE,Federal Contract Tower,0,3,7,6,16,0,2,23,2,27,0,5,30,8,43,48,4,52,95
08/12/2018,GTR,MS,ASO,CE,Federal Contract Tower,0,6,3,4,13,0,0,8,2,10,0,6,11,6,23,46,0,46,69
08/13/2018,GTR,MS,ASO,CE,Federal Contract Tower,0,5,5,50,60,0,5,15,15,35,0,10,20,65,95,18,90,108,203
08/14/2018,GTR,MS,ASO,CE,Federal Contract Tower,0,6,6,46,58,0,2,17,8,27,0,8,23,54,85,2,106,108,193
08/15/2018,GTR,MS,ASO,CE,Federal Contract Tower,0,5,4,71,80,0,2,21,21,44,0,7,25,92,124,0,132,132,256
08/16/2018,GTR,MS,ASO,CE,Federal Contract Tower,0,8,5,71,84,0,0,21,11,32,0,8,26,82,116,16,136,152,268
08/17/2018,GTR,MS,ASO,CE,Federal Contract Tower,0,9,1,52,62,0,0,12,5,17,0,9,13,57,79,14,44,58,137
08/18/2018,GTR,MS,ASO,CE,Federal Contract Tower,0,5,4,14,23,0,2,4,0,6,0,7,8,14,29,6,4,10,39
08/19/2018,GTR,MS,ASO,CE,Federal Contract Tower,0,5,5,11,21,0,2,5,1,8,0,7,10,12,29,12,28,40,69
08/20/2018,GTR,MS,ASO,CE,Federal Contract Tower,0,6,2,77,85,0,1,7,21,29,0,7,9,98,114,20,208,228,342
08/21/2018,GTR,MS,ASO,CE,Federal Contract Tower,0,6,6,75,87,0,1,8,26,35,0,7,14,101,122,0,170,170,292
08/22/2018,GTR,MS,ASO,CE,Federal Contract Tower,0,7,4,78,89,0,1,15,18,34,0,8,19,96,123,26,116,142,265
08/23/2018,GTR,MS,ASO,CE,Federal Contract Tower,0,8,2,72,82,0,1,12,17,30,0,9,14,89,112,28,108,136,248
08/24/2018,GTR,MS,ASO,CE,Federal Contract Tower,0,8,4,57,69,0,3,13,11,27,0,11,17,68,96,2,90,92,188
08/25/2018,GTR,MS,ASO,CE,Federal Contract Tower,0,4,2,1,7,0,5,10,0,15,0,9,12,1,22,6,0,6,28
08/26/2018,GTR,MS,ASO,CE,Federal Contract Tower,0,7,2,2,11,0,0,21,1,22,0,7,23,3,33,72,6,78,111
08/27/2018,GTR,MS,ASO,CE,Federal Contract Tower,0,6,3,70,79,0,4,36,11,51,0,10,39,81,130,36,74,110,240
08/28/2018,GTR,MS,ASO,CE,Federal Contract Tower,0,6,8,62,76,0,8,25,21,54,0,14,33,83,130,30,124,154,284
08/29/2018,GTR,MS,ASO,CE,Federal Contract Tower,0,8,9,72,89,0,0,11,18,29,0,8,20,90,118,48,150,198,316
08/30/2018,GTR,MS,ASO,CE,Federal Contract Tower,0,7,7,64,78,0,0,19,18,37,0,7,26,82,115,10,78,88,203
08/31/2018,GTR,MS,ASO,CE,Federal Contract Tower,0,5,11,1,17,0,2,7,1,10,0,7,18,2,27,14,0,14,41
09/01/2018,GTR,MS,ASO,CE,Federal Contract Tower,0,5,3,5,13,0,3,8,0,11,0,8,11,5,24,2,6,8,32
09/02/2018,GTR,MS,ASO,CE,Federal Contract Tower,0,4,3,2,9,0,0,1,9,10,0,4,4,11,19,16,22,38,57
09/03/2018,GTR,MS,ASO,CE,Federal Contract Tower,0,7,6,3,16,0,2,10,0,12,0,9,16,3,28,33,5,38,66
09/04/2018,GTR,MS,ASO,CE,Federal Contract Tower,0,6,2,71,79,0,2,23,19,44,0,8,25,90,123,60,62,122,245
09/05/2018,GTR,MS,ASO,CE,Federal Contract Tower,0,6,3,16,25,0,0,4,0,4,0,6,7,16,29,4,2,6,35
09/06/2018,GTR,MS,ASO,CE,Federal Contract Tower,0,6,3,86,95,0,0,3,32,35,0,6,6,118,130,0,154,154,284
09/07/2018,GTR,MS,ASO,CE,Federal Contract Tower,2,8,5,70,85,0,11,38,6,55,2,19,43,76,140,15,140,155,295
09/08/2018,GTR,MS,ASO,CE,Federal Contract Tower,2,4,9,4,19,0,3,16,0,19,2,7,25,4,38,78,6,84,122
09/09/2018,GTR,MS,ASO,CE,Federal Contract Tower,0,8,7,1,16,0,1,1,0,2,0,9,8,1,18,0,0,0,18
09/10/2018,GTR,MS,ASO,CE,Federal Contract Tower,0,6,8,70,84,0,0,12,0,12,0,6,20,70,96,16,46,62,158
09/11/2018,GTR,MS,ASO,CE,Federal Contract Tower,0,6,14,65,85,0,4,26,9,39,0,10,40,74,124,14,140,154,278
09/12/2018,GTR,MS,ASO,CE,Federal Contract Tower,0,6,6,65,77,0,0,17,20,37,0,6,23,85,114,14,210,224,338
09/13/2018,GTR,MS,ASO,CE,Federal Contract Tower,0,7,3,54,64,0,4,27,25,56,0,11,30,79,120,32,60,92,212
09/14/2018,GTR,MS,ASO,CE,Federal Contract Tower,0,7,5,41,53,0,0,18,15,33,0,7,23,56,86,28,58,86,172
09/15/2018,GTR,MS,ASO,CE,Federal Contract Tower,1,5,5,2,13,0,2,12,2,16,1,7,17,4,29,9,14,23,52
09/16/2018,GTR,MS,ASO,CE,Federal Contract Tower,0,9,4,7,20,0,2,12,0,14,0,11,16,7,34,6,8,14,48
09/17/2018,GTR,MS,ASO,CE,Federal Contract Tower,0,7,3,57,67,0,0,37,9,46,0,7,40,66,113,30,82,112,225
09/18/2018,GTR,MS,ASO,CE,Federal Contract Tower,0,7,2,64,73,0,0,60,33,93,0,7,62,97,166,40,146,186,352
09/19/2018,GTR,MS,ASO,CE,Federal Contract Tower,0,6,7,56,69,0,2,21,30,53,0,8,28,86,122,14,126,140,262
09/20/2018,GTR,MS,ASO,CE,Federal Contract Tower,0,8,8,51,67,0,3,7,20,30,0,11,15,71,97,0,78,78,175
09/21/2018,GTR,MS,ASO,CE,Federal Contract Tower,0,7,4,46,57,0,0,16,13,29,0,7,20,59,86,26,116,142,228
09/22/2018,GTR,MS,ASO,CE,Federal Contract Tower,0,6,5,8,19,0,2,17,0,19,0,8,22,8,38,6,36,42,80
09/23/2018,GTR,MS,ASO,CE,Federal Contract Tower,0,8,12,16,36,0,0,15,3,18,0,8,27,19,54,0,40,40,94
09/24/2018,GTR,MS,ASO,CE,Federal Contract Tower,0,7,7,55,69,0,0,11,19,30,0,7,18,74,99,0,98,98,197
09/25/2018,GTR,MS,ASO,CE,Federal Contract Tower,0,8,8,41,57,0,0,11,9,20,0,8,19,50,77,12,44,56,133
09/26/2018,GTR,MS,ASO,CE,Federal Contract Tower,0,7,6,17,30,0,0,4,0,4,0,7,10,17,34,0,24,24,58
09/27/2018,GTR,MS,ASO,CE,Federal Contract Tower,4,5,7,45,61,0,0,0,3,3,4,5,7,48,64,0,20,20,84
09/28/2018,GTR,MS,ASO,CE,Federal Contract Tower,0,7,10,40,57,0,1,35,0,36,0,8,45,40,93,0,38,38,131
09/29/2018,GTR,MS,ASO,CE,Federal Contract Tower,0,4,18,0,22,0,3,47,0,50,0,7,65,0,72,12,0,12,84
09/30/2018,GTR,MS,ASO,CE,Federal Contract Tower,0,8,10,0,18,0,3,26,0,29,0,11,36,0,47,12,0,12,59
10/01/2018,GTR,MS,ASO,CE,Federal Contract Tower,0,7,6,65,78,0,0,33,25,58,0,7,39,90,136,18,126,144,280
10/02/2018,GTR,MS,ASO,CE,Federal Contract Tower,0,7,9,71,87,0,4,28,39,71,0,11,37,110,158,32,84,116,274
10/03/2018,GTR,MS,ASO,CE,Federal Contract Tower,0,9,7,61,77,0,4,33,23,60,0,13,40,84,137,52,72,124,261
10/04/2018,GTR,MS,ASO,CE,Federal Contract Tower,0,8,13,50,71,0,7,27,24,58,0,15,40,74,129,8,52,60,189
10/05/2018,GTR,MS,ASO,CE,Federal Contract Tower,0,8,10,61,79,0,1,17,28,46,0,9,27,89,125,0,80,80,205
10/06/2018,GTR,MS,ASO,CE,Federal Contract Tower,0,4,6,0,10,0,1,20,8,29,0,5,26,8,39,12,0,12,51
10/07/2018,GTR,MS,ASO,CE,Federal Contract Tower,0,5,16,10,31,0,4,20,12,36,0,9,36,22,67,0,30,30,97
10/08/2018,GTR,MS,ASO,CE,Federal Contract Tower,0,7,4,3,14,0,1,19,0,20,0,8,23,3,34,0,0,0,34
10/09/2018,GTR,MS,ASO,CE,Federal Contract Tower,0,6,4,62,72,0,2,8,12,22,0,8,12,74,94,0,184,184,278
10/10/2018,GTR,MS,ASO,CE,Federal Contract Tower,0,6,2,66,74,0,1,15,31,47,0,7,17,97,121,10,156,166,287
10/11/2018,GTR,MS,ASO,CE,Federal Contract Tower,0,6,16,60,82,0,0,25,25,50,0,6,41,85,132,4,109,113,245
10/12/2018,GTR,MS,ASO,CE,Federal Contract Tower,0,6,7,42,55,0,0,27,16,43,0,6,34,58,98,0,83,83,181
10/13/2018,GTR,MS,ASO,CE,Federal Contract Tower,0,4,2,11,17,0,4,45,12,61,0,8,47,23,78,4,12,16,94
10/14/2018,GTR,MS,ASO,CE,Federal Contract Tower,0,6,1,14,21,0,3,17,6,26,0,9,18,20,47,2,26,28,75
10/15/2018,GTR,MS,ASO,CE,Federal Contract Tower,0,6,5,62,73,0,0,34,34,68,0,6,39,96,141,4,328,332,473
10/16/2018,GTR,MS,ASO,CE,Federal Contract Tower,0,6,7,33,46,0,0,1,0,1,0,6,8,33,47,0,0,0,47
10/17/2018,GTR,MS,ASO,CE,Federal Contract Tower,0,6,2,92,100,0,2,8,20,30,0,8,10,112,130,4,96,100,230
10/18/2018,GTR,MS,ASO,CE,Federal Contract Tower,0,6,9,77,92,0,0,8,32,40,0,6,17,109,132,10,84,94,226
10/19/2018,GTR,MS,ASO,CE,Federal Contract Tower,2,11,11,43,67,0,1,21,26,48,2,12,32,69,115,18,98,116,231
10/20/2018,GTR,MS,ASO,CE,Federal Contract Tower,0,9,3,4,16,0,0,0,0,0,0,9,3,4,16,0,0,0,16
10/21/2018,GTR,MS,ASO,CE,Federal Contract Tower,0,10,2,6,18,0,0,11,1,12,0,10,13,7,30,8,28,36,66
10/22/2018,GTR,MS,ASO,CE,Federal Contract Tower,0,6,13,90,109,0,3,9,22,34,0,9,22,112,143,22,124,146,289
10/23/2018,GTR,MS,ASO,CE,Federal Contract Tower,0,8,2,82,92,0,0,25,24,49,0,8,27,106,141,42,195,237,378
10/24/2018,GTR,MS,ASO,CE,Federal Contract Tower,0,8,4,95,107,0,0,16,33,49,0,8,20,128,156,6,82,88,244
10/25/2018,GTR,MS,ASO,CE,Federal Contract Tower,0,8,9,100,117,0,2,0,17,19,0,10,9,117,136,0,136,136,272
10/26/2018,GTR,MS,ASO,CE,Federal Contract Tower,0,9,5,69,83,0,1,4,6,11,0,10,9,75,94,10,48,58,152
10/27/2018,GTR,MS,ASO,CE,Federal Contract Tower,0,5,6,8,19,0,8,18,2,28,0,13,24,10,47,20,10,30,77
10/28/2018,GTR,MS,ASO,CE,Federal Contract Tower,0,6,7,11,24,0,3,11,5,19,0,9,18,16,43,6,40,46,89
10/29/2018,GTR,MS,ASO,CE,Federal Contract Tower,0,6,7,73,86,0,3,20,24,47,0,9,27,97,133,18,102,120,253
10/30/2018,GTR,MS,ASO,CE,Federal Contract Tower,0,6,1,93,100,0,4,13,25,42,0,10,14,118,142,16,88,104,246
10/31/2018,GTR,MS,ASO,CE,Federal Contract Tower,0,6,5,99,110,0,2,2,19,23,0,8,7,118,133,2,72,74,207
11/01/2018,GTR,MS,ASO,CE,Federal Contract Tower,0,9,6,58,73,0,1,2,1,4,0,10,8,59,77,0,12,12,89
11/02/2018,GTR,MS,ASO,CE,Federal Contract Tower,0,9,18,58,85,0,2,11,9,22,0,11,29,67,107,14,26,40,147
11/03/2018,GTR,MS,ASO,CE,Federal Contract Tower,0,4,3,3,10,0,5,18,7,30,0,9,21,10,40,26,14,40,80
11/04/2018,GTR,MS,ASO,CE,Federal Contract Tower,0,8,3,17,28,0,3,3,4,10,0,11,6,21,38,0,38,38,76
11/05/2018,GTR,MS,ASO,CE,Federal Contract Tower,0,8,8,36,52,0,0,0,0,0,0,8,8,36,52,0,0,0,52
11/06/2018,GTR,MS,ASO,CE,Federal Contract Tower,0,8,4,41,53,0,4,39,18,61,0,12,43,59,114,10,30,40,154
11/07/2018,GTR,MS,ASO,CE,Federal Contract Tower,0,5,4,54,63,0,4,4,1,9,0,9,8,55,72,0,40,40,112
11/08/2018,GTR,MS,ASO,CE,Federal Contract Tower,2,8,10,80,100,0,2,3,5,10,2,10,13,85,110,2,96,98,208
11/09/2018,GTR,MS,ASO,CE,Federal Contract Tower,0,10,5,41,56,0,1,1,2,4,0,11,6,43,60,2,14,16,76
11/10/2018,GTR,MS,ASO,CE,Federal Contract Tower,1,4,4,2,11,0,0,10,7,17,1,4,14,9,28,12,16,28,56
11/11/2018,GTR,MS,ASO,CE,Federal Contract Tower,0,6,5,10,21,0,0,11,1,12,0,6,16,11,33,18,4,22,55
11/12/2018,GTR,MS,ASO,CE,Federal Contract Tower,0,4,10,20,34,0,0,0,0,0,0,4,10,20,34,0,0,0,34
11/13/2018,GTR,MS,ASO,CE,Federal Contract Tower,0,5,2,79,86,0,2,0,0,2,0,7,2,79,88,8,0,8,96
11/14/2018,GTR,MS,ASO,CE,Federal Contract Tower,0,5,2,11,18,0,0,0,0,0,0,5,2,11,18,0,0,0,18
11/16/2018,GTR,MS,ASO,CE,Federal Contract Tower,0,8,7,26,41,0,10,34,28,72,0,18,41,54,113,26,12,38,151
11/17/2018,GTR,MS,ASO,CE,Federal Contract Tower,2,6,5,9,22,0,2,22,2,26,2,8,27,11,48,58,0,58,106
11/18/2018,GTR,MS,ASO,CE,Federal Contract Tower,0,6,6,12,24,0,7,7,4,18,0,13,13,16,42,20,8,28,70
11/19/2018,GTR,MS,ASO,CE,Federal Contract Tower,0,5,8,39,52,0,2,11,7,20,0,7,19,46,72,16,14,30,102
11/20/2018,GTR,MS,ASO,CE,Federal Contract Tower,0,8,1,24,33,0,4,38,38,80,0,12,39,62,113,60,72,132,245
11/21/2018,GTR,MS,ASO,CE,Federal Contract Tower,0,9,7,11,27,0,0,5,12,17,0,9,12,23,44,4,34,38,82
11/22/2018,GTR,MS,ASO,CE,Federal Contract Tower,0,4,1,0,5,0,1,0,0,1,0,5,1,0,6,0,0,0,6
11/23/2018,GTR,MS,ASO,CE,Federal Contract Tower,0,5,1,0,6,0,0,3,0,3,0,5,4,0,9,12,0,12,21
11/24/2018,GTR,MS,ASO,CE,Federal Contract Tower,0,10,4,0,14,0,2,5,0,7,0,12,9,0,21,2,0,2,23
11/25/2018,GTR,MS,ASO,CE,Federal Contract Tower,0,6,7,0,13,0,1,2,0,3,0,7,9,0,16,0,0,0,16
11/26/2018,GTR,MS,ASO,CE,Federal Contract Tower,0,8,1,45,54,0,0,11,39,50,0,8,12,84,104,28,88,116,220
11/27/2018,GTR,MS,ASO,CE,Federal Contract Tower,0,6,0,52,58,0,3,7,24,34,0,9,7,76,92,24,120,144,236
11/28/2018,GTR,MS,ASO,CE,Federal Contract Tower,0,6,4,30,40,0,5,19,22,46,0,11,23,52,86,24,64,88,174
11/29/2018,GTR,MS,ASO,CE,Federal Contract Tower,0,9,5,37,51,0,6,15,30,51,0,15,20,67,102,8,26,34,136
11/30/2018,GTR,MS,ASO,CE,Federal Contract Tower,0,5,8,16,29,0,0,0,0,0,0,5,8,16,29,0,6,6,35
12/01/2018,GTR,MS,ASO,CE,Federal Contract Tower,1,3,4,0,8,0,2,2,0,4,1,5,6,0,12,4,0,4,16
12/02/2018,GTR,MS,ASO,CE,Federal Contract Tower,0,9,1,9,19,0,1,20,2,23,0,10,21,11,42,18,18,36,78
12/03/2018,GTR,MS,ASO,CE,Federal Contract Tower,0,10,3,52,65,0,5,27,33,65,0,15,30,85,130,24,64,88,218
12/04/2018,GTR,MS,ASO,CE,Federal Contract Tower,0,6,4,27,37,0,3,10,15,28,0,9,14,42,65,38,60,98,163
12/06/2018,GTR,MS,ASO,CE,Federal Contract Tower,0,15,5,43,63,0,2,20,34,56,0,17,25,77,119,6,66,72,191
12/07/2018,GTR,MS,ASO,CE,Federal Contract Tower,2,6,5,53,66,0,0,2,0,2,2,6,7,53,68,2,26,28,96
12/08/2018,GTR,MS,ASO,CE,Federal Contract Tower,0,3,3,3,9,0,0,0,0,0,0,3,3,3,9,0,0,0,9
12/09/2018,GTR,MS,ASO,CE,Federal Contract Tower,1,6,1,13,21,0,0,0,0,0,1,6,1,13,21,0,4,4,25
12/10/2018,GTR,MS,ASO,CE,Federal Contract Tower,0,10,10,54,74,0,0,11,20,31,0,10,21,74,105,22,38,60,165
12/11/2018,GTR,MS,ASO,CE,Federal Contract Tower,0,10,20,26,56,0,5,34,9,48,0,15,54,35,104,22,80,102,206
12/12/2018,GTR,MS,ASO,CE,Federal Contract Tower,0,7,11,66,84,0,8,19,34,61,0,15,30,100,145,32,92,124,269
12/13/2018,GTR,MS,ASO,CE,Federal Contract Tower,0,9,8,64,81,0,0,2,42,44,0,9,10,106,125,0,92,92,217
12/14/2018,GTR,MS,ASO,CE,Federal Contract Tower,0,9,10,22,41,0,0,0,0,0,0,9,10,22,41,0,16,16,57
12/15/2018,GTR,MS,ASO,CE,Federal Contract Tower,0,3,0,8,11,0,2,0,0,2,0,5,0,8,13,0,0,0,13
12/16/2018,GTR,MS,ASO,CE,Federal Contract Tower,0,6,5,13,24,0,0,6,0,6,0,6,11,13,30,28,34,62,92
12/17/2018,GTR,MS,ASO,CE,Federal Contract Tower,0,6,7,19,32,0,0,6,9,15,0,6,13,28,47,14,20,34,81
12/18/2018,GTR,MS,ASO,CE,Federal Contract Tower,0,6,7,47,60,0,0,20,22,42,0,6,27,69,102,14,34,48,150
12/19/2018,GTR,MS,ASO,CE,Federal Contract Tower,0,6,14,36,56,0,3,15,37,55,0,9,29,73,111,10,72,82,193
12/20/2018,GTR,MS,ASO,CE,Federal Contract Tower,4,3,4,11,22,0,0,0,0,0,4,3,4,11,22,0,22,22,44
12/21/2018,GTR,MS,ASO,CE,Federal Contract Tower,0,5,7,12,24,0,3,5,0,8,0,8,12,12,32,8,0,8,40
12/22/2018,GTR,MS,ASO,CE,Federal Contract Tower,0,4,0,0,4,0,1,11,0,12,0,5,11,0,16,26,0,26,42
12/23/2018,GTR,MS,ASO,CE,Federal Contract Tower,0,5,5,0,10,0,2,2,0,4,0,7,7,0,14,0,0,0,14
12/24/2018,GTR,MS,ASO,CE,Federal Contract Tower,0,2,2,0,4,0,3,2,0,5,0,5,4,0,9,0,0,0,9
12/25/2018,GTR,MS,ASO,CE,Federal Contract Tower,0,3,0,0,3,0,3,7,0,10,0,6,7,0,13,0,0,0,13
12/26/2018,GTR,MS,ASO,CE,Federal Contract Tower,1,4,0,0,5,0,4,5,0,9,1,8,5,0,14,16,0,16,30
12/27/2018,GTR,MS,ASO,CE,Federal Contract Tower,1,3,4,0,8,0,0,1,0,1,1,3,5,0,9,0,0,0,9
12/28/2018,GTR,MS,ASO,CE,Federal Contract Tower,2,2,12,1,17,0,2,5,0,7,2,4,17,1,24,0,2,2,26
12/29/2018,GTR,MS,ASO,CE,Federal Contract Tower,1,3,0,0,4,0,2,11,0,13,1,5,11,0,17,8,0,8,25
12/30/2018,GTR,MS,ASO,CE,Federal Contract Tower,0,4,6,0,10,0,0,0,0,0,0,4,6,0,10,0,0,0,10
12/31/2018,GTR,MS,ASO,CE,Federal Contract Tower,0,4,2,0,6,0,1,0,0,1,0,5,2,0,7,0,0,0,7
01/01/2019,GTR,MS,ASO,CE,Federal Contract Tower,4,2,4,0,10,0,0,0,0,0,4,2,4,0,10,0,0,0,10
01/02/2019,GTR,MS,ASO,CE,Federal Contract Tower,2,4,4,30,40,0,0,0,0,0,2,4,4,30,40,4,56,60,100
01/03/2019,GTR,MS,ASO,CE,Federal Contract Tower,0,5,2,64,71,0,0,0,0,0,0,5,2,64,71,2,100,102,173
01/04/2019,GTR,MS,ASO,CE,Federal Contract Tower,0,3,0,18,21,0,1,6,2,9,0,4,6,20,30,0,14,14,44
01/05/2019,GTR,MS,ASO,CE,Federal Contract Tower,0,8,6,17,31,0,0,17,11,28,0,8,23,28,59,16,42,58,117
01/06/2019,GTR,MS,ASO,CE,Federal Contract Tower,0,10,1,20,31,0,3,10,6,19,0,13,11,26,50,32,22,54,104
01/07/2019,GTR,MS,ASO,CE,Federal Contract Tower,0,7,2,42,51,0,2,28,29,59,0,9,30,71,110,28,130,158,268
01/08/2019,GTR,MS,ASO,CE,Federal Contract Tower,0,10,9,42,61,0,0,13,35,48,0,10,22,77,109,12,76,88,197
01/09/2019,GTR,MS,ASO,CE,Federal Contract Tower,0,9,13,42,64,0,1,8,47,56,0,10,21,89,120,8,150,158,278
01/10/2019,GTR,MS,ASO,CE,Federal Contract Tower,0,6,9,57,72,1,3,26,37,67,1,9,35,94,139,42,124,166,305
01/11/2019,GTR,MS,ASO,CE,Federal Contract Tower,0,5,4,45,54,0,0,17,25,42,0,5,21,70,96,32,102,134,230
01/12/2019,GTR,MS,ASO,CE,Federal Contract Tower,0,4,5,0,9,0,0,0,0,0,0,4,5,0,9,2,0,2,11
01/13/2019,GTR,MS,ASO,CE,Federal Contract Tower,0,6,2,3,11,0,0,0,0,0,0,6,2,3,11,0,0,0,11
01/14/2019,GTR,MS,ASO,CE,Federal Contract Tower,0,9,7,38,54,0,1,12,10,23,0,10,19,48,77,12,32,44,121
01/15/2019,GTR,MS,ASO,CE,Federal Contract Tower,3,13,7,24,47,0,3,16,21,40,3,16,23,45,87,28,132,160,247
01/16/2019,GTR,MS,ASO,CE,Federal Contract Tower,2,6,8,36,52,0,4,18,27,49,2,10,26,63,101,36,126,162,263
01/17/2019,GTR,MS,ASO,CE,Federal Contract Tower,1,11,9,3,24,0,0,1,0,1,1,11,10,3,25,0,0,0,25
01/18/2019,GTR,MS,ASO,CE,Federal Contract Tower,2,6,4,61,73,0,0,6,0,6,2,6,10,61,79,0,0,0,79
01/19/2019,GTR,MS,ASO,CE,Federal Contract Tower,0,5,0,0,5,0,0,0,0,0,0,5,0,0,5,0,0,0,5
01/20/2019,GTR,MS,ASO,CE,Federal Contract Tower,0,7,3,3,13,0,0,8,0,8,0,7,11,3,21,4,0,4,25
01/21/2019,GTR,MS,ASO,CE,Federal Contract Tower,0,7,5,17,29,0,2,23,3,28,0,9,28,20,57,18,8,26,83
01/22/2019,GTR,MS,ASO,CE,Federal Contract Tower,0,8,1,33,42,0,0,2,16,18,0,8,3,49,60,0,68,68,128
01/23/2019,GTR,MS,ASO,CE,Federal Contract Tower,1,9,10,2,22,0,0,0,0,0,1,9,10,2,22,0,0,0,22
01/24/2019,GTR,MS,ASO,CE,Federal Contract Tower,0,6,2,53,61,0,6,22,42,70,0,12,24,95,131,4,134,138,269
01/25/2019,GTR,MS,ASO,CE,Federal Contract Tower,1,6,4,38,49,0,2,13,16,31,1,8,17,54,80,2,62,64,144
01/26/2019,GTR,MS,ASO,CE,Federal Contract Tower,0,4,0,29,33,0,0,15,5,20,0,4,15,34,53,46,42,88,141
01/27/2019,GTR,MS,ASO,CE,Federal Contract Tower,0,6,1,22,29,0,0,9,6,15,0,6,10,28,44,0,34,34,78
01/28/2019,GTR,MS,ASO,CE,Federal Contract Tower,0,6,0,35,41,0,1,7,22,30,0,7,7,57,71,12,98,110,181
01/29/2019,GTR,MS,ASO,CE,Federal Contract Tower,0,4,7,15,26,0,2,10,17,29,0,6,17,32,55,18,52,70,125
01/30/2019,GTR,MS,ASO,CE,Federal Contract Tower,0,9,3,50,62,0,3,19,33,55,0,12,22,83,117,50,138,188,305
01/31/2019,GTR,MS,ASO,CE,Federal Contract Tower,0,9,6,21,36,0,3,21,14,38,0,12,27,35,74,42,76,118,192
02/01/2019,GTR,MS,ASO,CE,Federal Contract Tower,0,11,6,47,64,0,4,27,25,56,0,15,33,72,120,6,74,80,200
02/02/2019,GTR,MS,ASO,CE,Federal Contract Tower,0,5,1,25,31,0,1,15,6,22,0,6,16,31,53,14,28,42,95
02/03/2019,GTR,MS,ASO,CE,Federal Contract Tower,0,4,5,14,23,0,0,3,0,3,0,4,8,14,26,10,0,10,36
02/04/2019,GTR,MS,ASO,CE,Federal Contract Tower,0,8,5,40,53,0,0,2,0,2,0,8,7,40,55,0,24,24,79
02/05/2019,GTR,MS,ASO,CE,Federal Contract Tower,0,7,8,75,90,0,1,9,0,10,0,8,17,75,100,20,74,94,194
02/06/2019,GTR,MS,ASO,CE,Federal Contract Tower,0,10,6,43,59,0,0,11,14,25,0,10,17,57,84,24,122,146,230
02/07/2019,GTR,MS,ASO,CE,Federal Contract Tower,0,7,5,33,45,0,0,4,18,22,0,7,9,51,67,0,106,106,173
02/08/2019,GTR,MS,ASO,CE,Federal Contract Tower,1,8,7,23,39,0,1,16,25,42,1,9,23,48,81,28,126,154,235
02/09/2019,GTR,MS,ASO,CE,Federal Contract Tower,3,4,2,0,9,0,6,106,0,112,3,10,108,0,121,274,0,274,395
02/10/2019,GTR,MS,ASO,CE,Federal Contract Tower,0,11,2,6,19,0,5,60,2,67,0,16,62,8,86,232,8,240,326
02/11/2019,GTR,MS,ASO,CE,Federal Contract Tower,0,7,5,41,53,0,0,1,1,2,0,7,6,42,55,2,40,42,97
02/12/2019,GTR,MS,ASO,CE,Federal Contract Tower,0,5,5,13,23,0,0,8,10,18,0,5,13,23,41,2,56,58,99
02/13/2019,GTR,MS,ASO,CE,Federal Contract Tower,0,6,10,32,48,0,5,43,29,77,0,11,53,61,125,154,86,240,365
02/14/2019,GTR,MS,ASO,CE,Federal Contract Tower,0,6,4,48,58,0,2,34,39,75,0,8,38,87,133,62,196,258,391
02/15/2019,GTR,MS,ASO,CE,Federal Contract Tower,3,7,4,84,98,0,2,12,3,17,3,9,16,87,115,10,76,86,201
02/16/2019,GTR,MS,ASO,CE,Federal Contract Tower,0,6,21,5,32,0,0,2,0,2,0,6,23,5,34,0,0,0,34
02/17/2019,GTR,MS,ASO,CE,Federal Contract Tower,1,8,3,8,20,0,0,1,0,1,1,8,4,8,21,0,0,0,21
02/18/2019,GTR,MS,ASO,CE,Federal Contract Tower,0,10,2,14,26,0,0,38,17,55,0,10,40,31,81,78,54,132,213
02/19/2019,GTR,MS,ASO,CE,Federal Contract Tower,0,8,7,0,15,0,0,0,0,0,0,8,7,0,15,0,0,0,15
02/20/2019,GTR,MS,ASO,CE,Federal Contract Tower,0,5,4,21,30,0,0,0,0,0,0,5,4,21,30,0,0,0,30
02/21/2019,GTR,MS,ASO,CE,Federal Contract Tower,0,5,3,6,14,0,0,2,0,2,0,5,5,6,16,0,0,0,16
02/22/2019,GTR,MS,ASO,CE,Federal Contract Tower,0,9,13,31,53,0,0,2,4,6,0,9,15,35,59,2,6,8,67
02/23/2019,GTR,MS,ASO,CE,Federal Contract Tower,0,7,3,5,15,0,0,2,0,2,0,7,5,5,17,0,0,0,17
02/24/2019,GTR,MS,ASO,CE,Federal Contract Tower,1,7,1,19,28,0,1,16,14,31,1,8,17,33,59,32,108,140,199
02/25/2019,GTR,MS,ASO,CE,Federal Contract Tower,1,7,3,69,80,0,0,26,37,63,1,7,29,106,143,14,161,175,318
02/26/2019,GTR,MS,ASO,CE,Federal Contract Tower,0,7,2,34,43,0,1,49,25,75,0,8,51,59,118,42,112,154,272
02/27/2019,GTR,MS,ASO,CE,Federal Contract Tower,0,7,8,37,52,0,6,77,37,120,0,13,85,74,172,108,128,236,408
02/28/2019,GTR,MS,ASO,CE,Federal Contract Tower,0,6,14,78,98,0,0,8,20,28,0,6,22,98,126,4,56,60,186
03/01/2019,GTR,MS,ASO,CE,Federal Contract Tower,0,5,23,50,78,0,0,16,0,16,0,5,39,50,94,2,0,2,96
03/02/2019,GTR,MS,ASO,CE,Federal Contract Tower,0,8,5,3,16,0,1,13,2,16,0,9,18,5,32,0,6,6,38
03/03/2019,GTR,MS,ASO,CE,Federal Contract Tower,0,6,1,2,9,0,0,0,0,0,0,6,1,2,9,0,0,0,9
03/04/2019,GTR,MS,ASO,CE,Federal Contract Tower,0,8,1,43,52,0,6,10,28,44,0,14,11,71,96,34,121,155,251
03/05/2019,GTR,MS,ASO,CE,Federal Contract Tower,0,4,9,36,49,0,2,25,26,53,0,6,34,62,102,36,122,158,260
03/06/2019,GTR,MS,ASO,CE,Federal Contract Tower,0,7,5,48,60,0,2,31,24,57,0,9,36,72,117,14,100,114,231
03/07/2019,GTR,MS,ASO,CE,Federal Contract Tower,0,6,3,36,45,10,0,11,41,62,10,6,14,77,107,14,80,94,201
03/08/2019,GTR,MS,ASO,CE,Federal Contract Tower,1,6,8,41,56,0,1,26,18,45,1,7,34,59,101,52,190,242,343
03/09/2019,GTR,MS,ASO,CE,Federal Contract Tower,1,5,6,0,12,0,0,0,0,0,1,5,6,0,12,0,0,0,12
03/10/2019,GTR,MS,ASO,CE,Federal Contract Tower,0,7,4,13,24,0,0,38,6,44,0,7,42,19,68,0,26,26,94
03/11/2019,GTR,MS,ASO,CE,Federal Contract Tower,0,7,3,28,38,0,1,13,9,23,0,8,16,37,61,12,82,94,155
03/12/2019,GTR,MS,ASO,CE,Federal Contract Tower,0,10,4,35,49,0,0,18,32,50,0,10,22,67,99,4,102,106,205
03/13/2019,GTR,MS,ASO,CE,Federal Contract Tower,0,10,14,39,63,0,1,14,31,46,0,11,28,70,109,8,150,158,267
03/14/2019,GTR,MS,ASO,CE,Federal Contract Tower,0,7,2,16,25,0,0,0,0,0,0,7,2,16,25,0,0,0,25
03/15/2019,GTR,MS,ASO,CE,Federal Contract Tower,0,6,7,45,58,0,0,71,30,101,0,6,78,75,159,82,168,250,409
03/16/2019,GTR,MS,ASO,CE,Federal Contract Tower,0,4,0,6,10,0,3,29,6,38,0,7,29,12,48,18,46,64,112
03/17/2019,GTR,MS,ASO,CE,Federal Contract Tower,2,6,0,8,16,0,0,27,0,27,2,6,27,8,43,34,4,38,81
03/18/2019,GTR,MS,ASO,CE,Federal Contract Tower,0,9,10,38,57,0,4,13,21,38,0,13,23,59,95,13,134,147,242
03/19/2019,GTR,MS,ASO,CE,Federal Contract Tower,0,6,7,39,52,0,2,25,28,55,0,8,32,67,107,10,144,154,261
03/20/2019,GTR,MS,ASO,CE,Federal Contract Tower,4,7,4,36,51,0,2,28,26,56,4,9,32,62,107,20,120,140,247
03/21/2019,GTR,MS,ASO,CE,Federal Contract Tower,0,6,10,46,62,0,2,34,35,71,0,8,44,81,133,16,150,166,299
03/22/2019,GTR,MS,ASO,CE,Federal Contract Tower,1,8,6,37,52,0,0,15,26,41,1,8,21,63,93,12,154,166,259
03/23/2019,GTR,MS,ASO,CE,Federal Contract Tower,3,3,8,20,34,0,2,53,7,62,3,5,61,27,96,62,54,116,212
03/24/2019,GTR,MS,ASO,CE,Federal Contract Tower,0,8,10,19,37,0,1,28,7,36,0,9,38,26,73,0,26,26,99
03/25/2019,GTR,MS,ASO,CE,Federal Contract Tower,0,7,1,31,39,0,0,5,23,28,0,7,6,54,67,4,62,66,133
03/26/2019,GTR,MS,ASO,CE,Federal Contract Tower,0,8,4,34,46,0,0,7,36,43,0,8,11,70,89,10,232,242,331
03/27/2019,GTR,MS,ASO,CE,Federal Contract Tower,2,6,1,18,27,0,2,13,20,35,2,8,14,38,62,0,82,82,144
03/28/2019,GTR,MS,ASO,CE,Federal Contract Tower,0,6,7,51,64,0,1,15,42,58,0,7,22,93,122,10,138,148,270
03/29/2019,GTR,MS,ASO,CE,Federal Contract Tower,0,6,4,46,56,0,3,16,33,52,0,9,20,79,108,6,146,152,260
03/30/2019,GTR,MS,ASO,CE,Federal Contract Tower,0,4,0,28,32,0,0,5,5,10,0,4,5,33,42,2,26,28,70
03/31/2019,GTR,MS,ASO,CE,Federal Contract Tower,0,7,6,27,40,0,2,17,9,28,0,9,23,36,68,6,48,54,122
04/01/2019,GTR,MS,ASO,CE,Federal Contract Tower,0,9,2,46,57,0,2,14,38,54,0,11,16,84,111,12,128,140,251
04/02/2019,GTR,MS,ASO,CE,Federal Contract Tower,0,9,2,30,41,0,2,24,33,59,0,11,26,63,100,26,86,112,212
04/03/2019,GTR,MS,ASO,CE,Federal Contract Tower,0,9,6,44,59,0,4,23,45,72,0,13,29,89,131,14,190,204,335
04/04/2019,GTR,MS,ASO,CE,Federal Contract Tower,0,10,1,17,28,0,1,1,13,15,0,11,2,30,43,0,68,68,111
04/05/2019,GTR,MS,ASO,CE,Federal Contract Tower,0,7,12,49,68,0,2,18,0,20,0,9,30,49,88,0,0,0,88
04/06/2019,GTR,MS,ASO,CE,Federal Contract Tower,0,3,3,3,9,0,1,10,4,15,0,4,13,7,24,48,10,58,82
04/07/2019,GTR,MS,ASO,CE,Federal Contract Tower,0,9,0,0,9,0,2,2,0,4,0,11,2,0,13,0,0,0,13
04/08/2019,GTR,MS,ASO,CE,Federal Contract Tower,0,6,9,22,37,0,0,14,7,21,0,6,23,29,58,12,16,28,86
04/09/2019,GTR,MS,ASO,CE,Federal Contract Tower,0,6,4,41,51,0,0,17,26,43,0,6,21,67,94,36,178,214,308
04/10/2019,GTR,MS,ASO,CE,Federal Contract Tower,0,10,8,46,64,0,3,33,34,70,0,13,41,80,134,46,154,200,334
04/11/2019,GTR,MS,ASO,CE,Federal Contract Tower,0,11,14,29,54,0,0,17,29,46,0,11,31,58,100,18,58,76,176
04/12/2019,GTR,MS,ASO,CE,Federal Contract Tower,0,8,4,53,65,0,0,6,16,22,0,8,10,69,87,0,30,30,117
04/13/2019,GTR,MS,ASO,CE,Federal Contract Tower,0,6,3,1,10,0,0,1,0,1,0,6,4,1,11,0,0,0,11
04/14/2019,GTR,MS,ASO,CE,Federal Contract Tower,0,6,3,4,13,0,0,2,0,2,0,6,5,4,15,0,2,2,17
04/15/2019,GTR,MS,ASO,CE,Federal Contract Tower,0,5,8,40,53,0,5,42,22,69,0,10,50,62,122,70,76,146,268
04/16/2019,GTR,MS,ASO,CE,Federal Contract Tower,0,6,5,38,49,0,3,46,40,89,0,9,51,78,138,48,108,156,294
04/17/2019,GTR,MS,ASO,CE,Federal Contract Tower,0,8,1,38,47,0,0,40,35,75,0,8,41,73,122,64,118,182,304
04/18/2019,GTR,MS,ASO,CE,Federal Contract Tower,0,5,3,6,14,0,0,8,0,8,0,5,11,6,22,38,0,38,60
04/19/2019,GTR,MS,ASO,CE,Federal Contract Tower,0,5,5,32,42,0,0,2,0,2,0,5,7,32,44,4,0,4,48
04/20/2019,GTR,MS,ASO,CE,Federal Contract Tower,0,6,0,7,13,0,0,14,11,25,0,6,14,18,38,14,30,44,82
04/21/2019,GTR,MS,ASO,CE,Federal Contract Tower,0,5,4,4,13,0,4,3,6,13,0,9,7,10,26,0,34,34,60
04/23/2019,GTR,MS,ASO,CE,Federal Contract Tower,0,10,1,42,53,0,6,62,28,96,0,16,63,70,149,54,126,180,329
04/24/2019,GTR,MS,ASO,CE,Federal Contract Tower,0,6,4,41,51,0,1,72,22,95,0,7,76,63,146,42,110,152,298
04/25/2019,GTR,MS,ASO,CE,Federal Contract Tower,0,8,11,6,25,0,0,0,0,0,0,8,11,6,25,0,0,0,25
04/26/2019,GTR,MS,ASO,CE,Federal Contract Tower,0,6,17,60,83,0,2,24,16,42,0,8,41,76,125,40,126,166,291
04/27/2019,GTR,MS,ASO,CE,Federal Contract Tower,0,7,3,6,16,0,6,26,5,37,0,13,29,11,53,16,16,32,85
04/28/2019,GTR,MS,ASO,CE,Federal Contract Tower,2,8,1,15,26,0,6,10,4,20,2,14,11,19,46,8,38,46,92
04/29/2019,GTR,MS,ASO,CE,Federal Contract Tower,0,7,6,40,53,0,2,30,10,42,0,9,36,50,95,26,16,42,137
04/30/2019,GTR,MS,ASO,CE,Federal Contract Tower,0,5,9,41,55,0,2,20,10,32,0,7,29,51,87,18,48,66,153
05/01/2019,GTR,MS,ASO,CE,Federal Contract Tower,0,7,13,47,67,0,0,23,6,29,0,7,36,53,96,6,76,82,178
05/02/2019,GTR,MS,ASO,CE,Federal Contract Tower,0,9,14,39,62,0,0,46,5,51,0,9,60,44,113,50,68,118,231
05/03/2019,GTR,MS,ASO,CE,Federal Contract Tower,0,7,8,43,58,0,3,48,14,65,0,10,56,57,123,38,64,102,225
05/04/2019,GTR,MS,ASO,CE,Federal Contract Tower,0,6,9,24,39,0,0,0,0,0,0,6,9,24,39,0,44,44,83
05/05/2019,GTR,MS,ASO,CE,Federal Contract Tower,0,9,10,16,35,0,3,13,0,16,0,12,23,16,51,12,16,28,79
05/06/2019,GTR,MS,ASO,CE,Federal Contract Tower,0,10,8,25,43,0,3,13,27,43,0,13,21,52,86,8,68,76,162
05/07/2019,GTR,MS,ASO,CE,Federal Contract Tower,0,8,1,24,33,0,0,30,30,60,0,8,31,54,93,108,46,154,247
05/08/2019,GTR,MS,ASO,CE,Federal Contract Tower,0,6,4,28,38,0,2,41,25,68,0,8,45,53,106,66,52,118,224
05/09/2019,GTR,MS,ASO,CE,Federal Contract Tower,0,5,5,41,51,0,0,3,0,3,0,5,8,41,54,32,0,32,86
05/10/2019,GTR,MS,ASO,CE,Federal Contract Tower,0,7,0,37,44,0,0,0,0,0,0,7,0,37,44,0,0,0,44
05/11/2019,GTR,MS,ASO,CE,Federal Contract Tower,0,3,3,4,10,0,0,2,0,2,0,3,5,4,12,0,0,0,12
05/12/2019,GTR,MS,ASO,CE,Federal Contract Tower,0,6,2,22,30,0,3,4,0,7,0,9,6,22,37,0,18,18,55
05/13/2019,GTR,MS,ASO,CE,Federal Contract Tower,0,6,3,63,72,0,0,29,21,50,0,6,32,84,122,22,102,124,246
05/14/2019,GTR,MS,ASO,CE,Federal Contract Tower,2,7,7,20,36,0,1,36,25,62,2,8,43,45,98,26,48,74,172
05/15/2019,GTR,MS,ASO,CE,Federal Contract Tower,0,6,7,31,44,0,0,35,19,54,0,6,42,50,98,42,78,120,218
05/16/2019,GTR,MS,ASO,CE,Federal Contract Tower,0,9,4,34,47,0,3,23,26,52,0,12,27,60,99,20,98,118,217
05/17/2019,GTR,MS,ASO,CE,Federal Contract Tower,0,7,9,47,63,0,1,25,26,52,0,8,34,73,115,30,186,216,331
05/18/2019,GTR,MS,ASO,CE,Federal Contract Tower,0,6,1,30,37,0,2,11,10,23,0,8,12,40,60,0,112,112,172
05/19/2019,GTR,MS,ASO,CE,Federal Contract Tower,0,9,10,28,47,0,6,4,7,17,0,15,14,35,64,2,38,40,104
05/20/2019,GTR,MS,ASO,CE,Federal Contract Tower,0,6,5,32,43,0,5,19,17,41,0,11,24,49,84,0,60,60,144
05/21/2019,GTR,MS,ASO,CE,Federal Contract Tower,0,6,15,38,59,0,1,15,26,42,0,7,30,64,101,12,88,100,201
05/22/2019,GTR,MS,ASO,CE,Federal Contract Tower,0,7,6,31,44,0,1,17,16,34,0,8,23,47,78,40,56,96,174
05/23/2019,GTR,MS,ASO,CE,Federal Contract Tower,0,6,7,54,67,0,3,10,26,39,0,9,17,80,106,14,132,146,252
05/24/2019,GTR,MS,ASO,CE,Federal Contract Tower,0,6,4,7,17,0,2,13,0,15,0,8,17,7,32,10,2,12,44
05/25/2019,GTR,MS,ASO,CE,Federal Contract Tower,0,4,3,1,8,0,5,13,0,18,0,9,16,1,26,38,4,42,68
05/26/2019,GTR,MS,ASO,CE,Federal Contract Tower,0,4,4,3,11,0,2,19,4,25,0,6,23,7,36,24,14,38,74
05/27/2019,GTR,MS,ASO,CE,Federal Contract Tower,0,6,3,2,11,0,0,22,3,25,0,6,25,5,36,10,10,20,56
05/28/2019,GTR,MS,ASO,CE,Federal Contract Tower,0,8,5,79,92,0,4,24,13,41,0,12,29,92,133,30,66,96,229
05/29/2019,GTR,MS,ASO,CE,Federal Contract Tower,0,13,5,66,84,0,1,32,9,42,0,14,37,75,126,10,32,42,168
05/30/2019,GTR,MS,ASO,CE,Federal Contract Tower,0,12,26,30,68,0,6,15,7,28,0,18,41,37,96,8,90,98,194
05/31/2019,GTR,MS,ASO,CE,Federal Contract Tower,0,11,12,66,89,0,0,12,3,15,0,11,24,69,104,8,80,88,192
06/01/2019,GTR,MS,ASO,CE,Federal Contract Tower,0,6,7,5,18,0,6,32,9,47,0,12,39,14,65,12,24,36,101
06/02/2019,GTR,MS,ASO,CE,Federal Contract Tower,0,7,1,3,11,0,0,13,1,14,0,7,14,4,25,6,4,10,35
06/03/2019,GTR,MS,ASO,CE,Federal Contract Tower,0,11,1,61,73,0,0,22,16,38,0,11,23,77,111,32,92,124,235
06/04/2019,GTR,MS,ASO,CE,Federal Contract Tower,0,6,5,50,61,0,3,32,8,43,0,9,37,58,104,16,46,62,166
06/05/2019,GTR,MS,ASO,CE,Federal Contract Tower,0,5,8,60,73,0,2,16,18,36,0,7,24,78,109,6,92,98,207
06/06/2019,GTR,MS,ASO,CE,Federal Contract Tower,0,9,2,65,76,0,0,0,0,0,0,9,2,65,76,0,26,26,102
06/07/2019,GTR,MS,ASO,CE,Federal Contract Tower,0,4,16,40,60,0,0,8,4,12,0,4,24,44,72,2,62,64,136
06/08/2019,GTR,MS,ASO,CE,Federal Contract Tower,0,8,8,9,25,0,0,5,1,6,0,8,13,10,31,0,26,26,57
06/09/2019,GTR,MS,ASO,CE,Federal Contract Tower,0,8,15,13,36,0,0,3,3,6,0,8,18,16,42,12,8,20,62
06/10/2019,GTR,MS,ASO,CE,Federal Contract Tower,2,10,6,66,84,0,0,10,12,22,2,10,16,78,106,14,60,74,180
06/11/2019,GTR,MS,ASO,CE,Federal Contract Tower,0,9,11,46,66,0,0,27,9,36,0,9,38,55,102,58,54,112,214
06/12/2019,GTR,MS,ASO,CE,Federal Contract Tower,2,11,6,57,76,0,0,30,6,36,2,11,36,63,112,39,54,93,205
06/13/2019,GTR,MS,ASO,CE,Federal Contract Tower,0,9,6,48,63,0,2,16,6,24,0,11,22,54,87,22,32,54,141
06/14/2019,GTR,MS,ASO,CE,Federal Contract Tower,0,13,2,66,81,0,2,14,20,36,0,15,16,86,117,8,84,92,209
06/15/2019,GTR,MS,ASO,CE,Federal Contract Tower,0,6,3,17,26,0,6,11,4,21,0,12,14,21,47,14,58,72,119
06/16/2019,GTR,MS,ASO,CE,Federal Contract Tower,0,5,4,6,15,0,1,11,2,14,0,6,15,8,29,0,2,2,31
06/17/2019,GTR,MS,ASO,CE,Federal Contract Tower,0,9,9,46,64,0,4,13,11,28,0,13,22,57,92,0,30,30,122
06/18/2019,GTR,MS,ASO,CE,Federal Contract Tower,0,9,3,43,55,0,1,20,2,23,0,10,23,45,78,18,8,26,104
06/19/2019,GTR,MS,ASO,CE,Federal Contract Tower,0,6,2,55,63,0,5,50,23,78,0,11,52,78,141,18,86,104,245
06/20/2019,GTR,MS,ASO,CE,Federal Contract Tower,0,12,16,47,75,0,0,27,8,35,0,12,43,55,110,8,50,58,168
06/21/2019,GTR,MS,ASO,CE,Federal Contract Tower,2,12,9,47,70,0,5,20,16,41,2,17,29,63,111,10,88,98,209
06/22/2019,GTR,MS,ASO,CE,Federal Contract Tower,0,9,4,15,28,0,1,13,5,19,0,10,17,20,47,2,12,14,61
06/23/2019,GTR,MS,ASO,CE,Federal Contract Tower,0,10,3,12,25,0,0,7,1,8,0,10,10,13,33,0,0,0,33
06/24/2019,GTR,MS,ASO,CE,Federal Contract Tower,0,8,6,61,75,0,3,16,12,31,0,11,22,73,106,12,162,174,280
06/25/2019,GTR,MS,ASO,CE,Federal Contract Tower,0,9,1,44,54,0,0,39,10,49,0,9,40,54,103,44,68,112,215
06/26/2019,GTR,MS,ASO,CE,Federal Contract Tower,0,10,15,43,68,0,3,25,6,34,0,13,40,49,102,10,56,66,168
06/27/2019,GTR,MS,ASO,CE,Federal Contract Tower,0,8,4,41,53,0,10,16,4,30,0,18,20,45,83,14,34,48,131
06/28/2019,GTR,MS,ASO,CE,Federal Contract Tower,0,7,5,85,97,0,1,21,9,31,0,8,26,94,128,2,106,108,236
06/29/2019,GTR,MS,ASO,CE,Federal Contract Tower,0,6,6,14,26,0,0,21,8,29,0,6,27,22,55,0,94,94,149
06/30/2019,GTR,MS,ASO,CE,Federal Contract Tower,0,9,3,11,23,0,2,5,9,16,0,11,8,20,39,0,36,36,75
07/01/2019,GTR,MS,ASO,CE,Federal Contract Tower,0,7,5,52,64,0,2,13,12,27,0,9,18,64,91,2,42,44,135
07/02/2019,GTR,MS,ASO,CE,Federal Contract Tower,0,8,5,42,55,0,6,4,4,14,0,14,9,46,69,12,12,24,93
07/03/2019,GTR,MS,ASO,CE,Federal Contract Tower,0,6,4,46,56,0,4,5,10,19,0,10,9,56,75,20,32,52,127
07/04/2019,GTR,MS,ASO,CE,Federal Contract Tower,0,4,0,0,4,0,4,16,0,20,0,8,16,0,24,22,0,22,46
07/05/2019,GTR,MS,ASO,CE,Federal Contract Tower,0,3,1,0,4,0,0,23,0,23,0,3,24,0,27,22,0,22,49
07/06/2019,GTR,MS,ASO,CE,Federal Contract Tower,0,6,3,0,9,0,5,15,0,20,0,11,18,0,29,14,0,14,43
07/07/2019,GTR,MS,ASO,CE,Federal Contract Tower,0,6,0,1,7,0,0,5,2,7,0,6,5,3,14,0,8,8,22
07/08/2019,GTR,MS,ASO,CE,Federal Contract Tower,0,10,2,48,60,0,1,24,19,44,0,11,26,67,104,16,34,50,154
07/09/2019,GTR,MS,ASO,CE,Federal Contract Tower,0,8,3,53,64,0,0,23,10,33,0,8,26,63,97,22,76,98,195
07/11/2019,GTR,MS,ASO,CE,Federal Contract Tower,0,8,6,50,64,0,4,23,16,43,0,12,29,66,107,0,32,32,139
07/12/2019,GTR,MS,ASO,CE,Federal Contract Tower,0,8,3,55,66,0,2,29,3,34,0,10,32,58,100,6,44,50,150
07/13/2019,GTR,MS,ASO,CE,Federal Contract Tower,0,6,6,27,39,0,0,19,6,25,0,6,25,33,64,0,0,0,64
07/14/2019,GTR,MS,ASO,CE,Federal Contract Tower,0,6,2,0,8,0,0,0,0,0,0,6,2,0,8,0,0,0,8
07/15/2019,GTR,MS,ASO,CE,Federal Contract Tower,0,7,3,9,19,0,0,4,7,11,0,7,7,16,30,0,40,40,70
07/16/2019,GTR,MS,ASO,CE,Federal Contract Tower,0,9,0,22,31,0,0,8,8,16,0,9,8,30,47,2,36,38,85
07/17/2019,GTR,MS,ASO,CE,Federal Contract Tower,0,5,2,45,52,0,1,13,8,22,0,6,15,53,74,6,24,30,104
07/18/2019,GTR,MS,ASO,CE,Federal Contract Tower,0,6,6,41,53,0,0,49,7,56,0,6,55,48,109,46,22,68,177
07/19/2019,GTR,MS,ASO,CE,Federal Contract Tower,0,9,4,48,61,0,2,20,6,28,0,11,24,54,89,12,86,98,187
07/21/2019,GTR,MS,ASO,CE,Federal Contract Tower,0,6,0,26,32,0,3,16,2,21,0,9,16,28,53,18,40,58,111
07/22/2019,GTR,MS,ASO,CE,Federal Contract Tower,0,8,11,30,49,0,3,26,2,31,0,11,37,32,80,12,8,20,100
07/23/2019,GTR,MS,ASO,CE,Federal Contract Tower,0,7,4,64,75,0,2,12,15,29,0,9,16,79,104,10,60,70,174
07/24/2019,GTR,MS,ASO,CE,Federal Contract Tower,0,8,8,54,70,0,2,20,9,31,0,10,28,63,101,8,28,36,137
07/25/2019,GTR,MS,ASO,CE,Federal Contract Tower,0,8,7,45,60,0,3,26,2,31,0,11,33,47,91,30,8,38,129
07/26/2019,GTR,MS,ASO,CE,Federal Contract Tower,0,8,1,48,57,0,4,15,6,25,0,12,16,54,82,6,34,40,122
07/27/2019,GTR,MS,ASO,CE,Federal Contract Tower,0,6,3,12,21,0,0,11,3,14,0,6,14,15,35,0,2,2,37
07/29/2019,GTR,MS,ASO,CE,Federal Contract Tower,0,8,3,55,66,0,0,22,11,33,0,8,25,66,99,18,22,40,139
07/30/2019,GTR,MS,ASO,CE,Federal Contract Tower,0,8,4,46,58,0,2,15,4,21,0,10,19,50,79,42,64,106,185
07/31/2019,GTR,MS,ASO,CE,Federal Contract Tower,0,10,9,43,62,0,1,21,1,23,0,11,30,44,85,40,12,52,137
08/01/2019,GTR,MS,ASO,CE,Federal Contract Tower,0,14,3,41,58,0,5,43,6,54,0,19,46,47,112,66,18,84,196
08/02/2019,GTR,MS,ASO,CE,Federal Contract Tower,0,9,5,47,61,0,1,17,14,32,0,10,22,61,93,16,18,34,127
08/03/2019,GTR,MS,ASO,CE,Federal Contract Tower,0,6,0,7,13,0,4,16,6,26,0,10,16,13,39,16,6,22,61
08/04/2019,GTR,MS,ASO,CE,Federal Contract Tower,0,7,1,7,15,0,0,11,4,15,0,7,12,11,30,0,0,0,30
08/05/2019,GTR,MS,ASO,CE,Federal Contract Tower,0,8,8,50,66,0,5,21,0,26,0,13,29,50,92,10,2,12,104
08/06/2019,GTR,MS,ASO,CE,Federal Contract Tower,0,9,2,37,48,0,7,23,6,36,0,16,25,43,84,4,6,10,94
08/07/2019,GTR,MS,ASO,CE,Federal Contract Tower,0,10,4,28,42,0,0,18,13,31,0,10,22,41,73,10,18,28,101
08/08/2019,GTR,MS,ASO,CE,Federal Contract Tower,0,13,6,43,62,0,2,26,11,39,0,15,32,54,101,18,4,22,123
08/09/2019,GTR,MS,ASO,CE,Federal Contract Tower,0,8,10,35,53,0,2,14,0,16,0,10,24,35,69,2,0,2,71
08/10/2019,GTR,MS,ASO,CE,Federal Contract Tower,0,9,6,7,22,0,0,11,1,12,0,9,17,8,34,0,10,10,44
08/11/2019,GTR,MS,ASO,CE,Federal Contract Tower,0,7,9,6,22,0,2,24,1,27,0,9,33,7,49,24,4,28,77
08/12/2019,GTR,MS,ASO,CE,Federal Contract Tower,1,9,0,59,69,0,3,29,8,40,1,12,29,67,109,6,18,24,133
08/13/2019,GTR,MS,ASO,CE,Federal Contract Tower,0,10,3,52,65,0,2,50,5,57,0,12,53,57,122,14,20,34,156
08/14/2019,GTR,MS,ASO,CE,Federal Contract Tower,0,7,5,58,70,0,0,25,8,33,0,7,30,66,103,4,8,12,115
08/15/2019,GTR,MS,ASO,CE,Federal Contract Tower,0,8,11,52,71,0,1,19,2,22,0,9,30,54,93,0,4,4,97
08/16/2019,GTR,MS,ASO,CE,Federal Contract Tower,0,8,5,75,88,0,1,10,4,15,0,9,15,79,103,2,22,24,127
08/17/2019,GTR,MS,ASO,CE,Federal Contract Tower,0,6,1,8,15,0,4,31,5,40,0,10,32,13,55,5,44,49,104
08/18/2019,GTR,MS,ASO,CE,Federal Contract Tower,0,3,3,6,12,0,0,12,3,15,0,3,15,9,27,8,4,12,39
08/19/2019,GTR,MS,ASO,CE,Federal Contract Tower,0,9,6,56,71,0,2,4,34,40,0,11,10,90,111,4,6,10,121
08/20/2019,GTR,MS,ASO,CE,Federal Contract Tower,0,8,14,63,85,0,0,39,4,43,0,8,53,67,128,34,30,64,192
08/21/2019,GTR,MS,ASO,CE,Federal Contract Tower,0,12,23,62,97,0,0,24,10,34,0,12,47,72,131,52,8,60,191
08/22/2019,GTR,MS,ASO,CE,Federal Contract Tower,0,8,12,4,24,0,1,25,4,30,0,9,37,8,54,20,4,24,78
08/23/2019,GTR,MS,ASO,CE,Federal Contract Tower,0,7,5,64,76,0,0,11,12,23,0,7,16,76,99,8,63,71,170
08/24/2019,GTR,MS,ASO,CE,Federal Contract Tower,0,6,8,15,29,0,0,17,4,21,0,6,25,19,50,6,34,40,90
08/25/2019,GTR,MS,ASO,CE,Federal Contract Tower,0,7,4,30,41,0,0,0,0,0,0,7,4,30,41,0,6,6,47
08/26/2019,GTR,MS,ASO,CE,Federal Contract Tower,0,8,4,35,47,0,0,0,0,0,0,8,4,35,47,6,0,6,53
08/27/2019,GTR,MS,ASO,CE,Federal Contract Tower,0,7,8,44,59,0,0,5,10,15,0,7,13,54,74,4,138,142,216
08/28/2019,GTR,MS,ASO,CE,Federal Contract Tower,0,8,8,73,89,0,5,33,18,56,0,13,41,91,145,24,44,68,213
08/29/2019,GTR,MS,ASO,CE,Federal Contract Tower,0,8,9,71,88,0,2,42,18,62,0,10,51,89,150,40,52,92,242
08/30/2019,GTR,MS,ASO,CE,Federal Contract Tower,2,9,3,3,17,0,1,51,1,53,2,10,54,4,70,30,12,42,112
08/31/2019,GTR,MS,ASO,CE,Federal Contract Tower,2,3,2,1,8,0,2,19,1,22,2,5,21,2,30,8,8,16,46
09/01/2019,GTR,MS,ASO,CE,Federal Contract Tower,0,5,2,1,8,0,1,16,1,18,0,6,18,2,26,26,4,30,56
09/02/2019,GTR,MS,ASO,CE,Federal Contract Tower,0,9,1,2,12,0,2,37,10,49,0,11,38,12,61,12,44,56,117
09/03/2019,GTR,MS,ASO,CE,Federal Contract Tower,0,8,1,61,70,0,4,23,7,34,0,12,24,68,104,32,20,52,156
09/04/2019,GTR,MS,ASO,CE,Federal Contract Tower,0,6,7,52,65,0,3,28,17,48,0,9,35,69,113,2,38,40,153
09/05/2019,GTR,MS,ASO,CE,Federal Contract Tower,0,6,3,66,75,0,2,11,8,21,0,8,14,74,96,0,68,68,164
09/06/2019,GTR,MS,ASO,CE,Federal Contract Tower,0,6,3,67,76,0,2,31,15,48,0,8,34,82,124,10,72,82,206
09/07/2019,GTR,MS,ASO,CE,Federal Contract Tower,0,3,3,10,16,0,4,29,2,35,0,7,32,12,51,34,28,62,113
09/08/2019,GTR,MS,ASO,CE,Federal Contract Tower,0,6,1,18,25,0,2,25,12,39,0,8,26,30,64,6,30,36,100
09/09/2019,GTR,MS,ASO,CE,Federal Contract Tower,0,9,0,66,75,0,3,17,16,36,0,12,17,82,111,36,158,194,305
09/10/2019,GTR,MS,ASO,CE,Federal Contract Tower,0,8,0,67,75,0,2,22,16,40,0,10,22,83,115,4,80,84,199
09/11/2019,GTR,MS,ASO,CE,Federal Contract Tower,0,8,3,50,61,0,0,9,14,23,0,8,12,64,84,2,30,32,116
09/12/2019,GTR,MS,ASO,CE,Federal Contract Tower,0,11,5,49,65,0,3,39,4,46,0,14,44,53,111,36,52,88,199
09/13/2019,GTR,MS,ASO,CE,Federal Contract Tower,2,8,5,46,61,0,2,26,9,37,2,10,31,55,98,0,32,32,130
09/14/2019,GTR,MS,ASO,CE,Federal Contract Tower,2,7,3,5,17,0,2,20,1,23,2,9,23,6,40,28,0,28,68
09/15/2019,GTR,MS,ASO,CE,Federal Contract Tower,0,6,3,16,25,0,2,10,4,16,0,8,13,20,41,12,28,40,81
09/16/2019,GTR,MS,ASO,CE,Federal Contract Tower,0,10,5,35,50,0,1,36,4,41,0,11,41,39,91,64,30,94,185
09/17/2019,GTR,MS,ASO,CE,Federal Contract Tower,0,10,4,38,52,0,0,21,11,32,0,10,25,49,84,8,26,34,118
09/18/2019,GTR,MS,ASO,CE,Federal Contract Tower,0,12,2,29,43,0,2,18,4,24,0,14,20,33,67,6,6,12,79
09/19/2019,GTR,MS,ASO,CE,Federal Contract Tower,0,11,9,40,60,0,0,6,9,15,0,11,15,49,75,0,54,54,129
09/20/2019,GTR,MS,ASO,CE,Federal Contract Tower,1,16,8,34,59,0,3,23,9,35,1,19,31,43,94,8,42,50,144
09/21/2019,GTR,MS,ASO,CE,Federal Contract Tower,0,6,10,14,30,0,3,30,6,39,0,9,40,20,69,54,30,84,153
09/22/2019,GTR,MS,ASO,CE,Federal Contract Tower,0,8,3,19,30,0,4,46,6,56,0,12,49,25,86,4,34,38,124
09/23/2019,GTR,MS,ASO,CE,Federal Contract Tower,0,10,6,47,63,0,10,34,8,52,0,20,40,55,115,36,54,90,205
09/24/2019,GTR,MS,ASO,CE,Federal Contract Tower,0,10,10,42,62,0,2,29,6,37,0,12,39,48,99,74,76,150,249
09/25/2019,GTR,MS,ASO,CE,Federal Contract Tower,0,7,3,49,59,0,2,26,12,40,0,9,29,61,99,8,100,108,207
09/26/2019,GTR,MS,ASO,CE,Federal Contract Tower,0,10,6,57,73,0,1,28,14,43,0,11,34,71,116,24,68,92,208
09/27/2019,GTR,MS,ASO,CE,Federal Contract Tower,0,10,9,51,70,0,7,23,19,49,0,17,32,70,119,24,122,146,265
09/28/2019,GTR,MS,ASO,CE,Federal Contract Tower,0,5,10,9,24,0,2,29,7,38,0,7,39,16,62,2,28,30,92
09/29/2019,GTR,MS,ASO,CE,Federal Contract Tower,0,6,9,7,22,0,0,11,2,13,0,6,20,9,35,8,8,16,51
09/30/2019,GTR,MS,ASO,CE,Federal Contract Tower,0,8,2,2,12,0,2,20,0,22,0,10,22,2,34,6,0,6,40
10/01/2019,GTR,MS,ASO,CE,Federal Contract Tower,0,14,4,24,42,0,0,26,9,35,0,14,30,33,77,8,30,38,115
10/02/2019,GTR,MS,ASO,CE,Federal Contract Tower,0,13,4,45,62,0,2,36,13,51,0,15,40,58,113,8,46,54,167
10/03/2019,GTR,MS,ASO,CE,Federal Contract Tower,0,8,8,48,64,0,5,24,17,46,0,13,32,65,110,12,148,160,270
10/04/2019,GTR,MS,ASO,CE,Federal Contract Tower,0,8,11,62,81,0,5,25,18,48,0,13,36,80,129,6,120,126,255
10/05/2019,GTR,MS,ASO,CE,Federal Contract Tower,0,8,11,4,23,0,7,46,9,62,0,15,57,13,85,48,30,78,163
10/06/2019,GTR,MS,ASO,CE,Federal Contract Tower,0,5,9,12,26,0,3,10,3,16,0,8,19,15,42,12,34,46,88
10/07/2019,GTR,MS,ASO,CE,Federal Contract Tower,0,7,16,60,83,0,1,3,0,4,0,8,19,60,87,4,24,28,115
10/08/2019,GTR,MS,ASO,CE,Federal Contract Tower,0,10,15,42,67,0,3,16,3,22,0,13,31,45,89,0,12,12,101
10/09/2019,GTR,MS,ASO,CE,Federal Contract Tower,0,9,8,37,54,0,4,14,12,30,0,13,22,49,84,8,54,62,146
10/10/2019,GTR,MS,ASO,CE,Federal Contract Tower,0,12,7,51,70,0,4,12,19,35,0,16,19,70,105,4,70,74,179
10/11/2019,GTR,MS,ASO,CE,Federal Contract Tower,2,11,11,37,61,0,2,13,9,24,2,13,24,46,85,4,38,42,127
10/12/2019,GTR,MS,ASO,CE,Federal Contract Tower,2,6,6,4,18,0,2,10,0,12,2,8,16,4,30,20,20,40,70
10/13/2019,GTR,MS,ASO,CE,Federal Contract Tower,0,5,11,5,21,0,0,11,4,15,0,5,22,9,36,14,20,34,70
10/14/2019,GTR,MS,ASO,CE,Federal Contract Tower,0,12,7,19,38,0,2,45,8,55,0,14,52,27,93,36,30,66,159
10/15/2019,GTR,MS,ASO,CE,Federal Contract Tower,0,8,11,44,63,0,2,3,3,8,0,10,14,47,71,2,20,22,93
10/16/2019,GTR,MS,ASO,CE,Federal Contract Tower,0,11,2,42,55,0,0,15,15,30,0,11,17,57,85,14,72,86,171
10/17/2019,GTR,MS,ASO,CE,Federal Contract Tower,0,9,4,32,45,0,4,28,11,43,0,13,32,43,88,18,86,104,192
10/18/2019,GTR,MS,ASO,CE,Federal Contract Tower,2,13,6,51,72,0,2,84,5,91,2,15,90,56,163,4,48,52,215
10/19/2019,GTR,MS,ASO,CE,Federal Contract Tower,2,10,7,19,38,0,3,96,0,99,2,13,103,19,137,6,6,12,149
10/20/2019,GTR,MS,ASO,CE,Federal Contract Tower,0,17,15,19,51,0,0,10,1,11,0,17,25,20,62,6,10,16,78
10/21/2019,GTR,MS,ASO,CE,Federal Contract Tower,0,10,0,37,47,0,0,0,0,0,0,10,0,37,47,0,6,6,53
10/22/2019,GTR,MS,ASO,CE,Federal Contract Tower,0,10,5,42,57,0,0,22,14,36,0,10,27,56,93,40,86,126,219
10/23/2019,GTR,MS,ASO,CE,Federal Contract Tower,0,9,8,28,45,0,2,40,15,57,0,11,48,43,102,46,50,96,198
10/24/2019,GTR,MS,ASO,CE,Federal Contract Tower,0,9,7,41,57,0,0,33,10,43,0,9,40,51,100,30,64,94,194
10/25/2019,GTR,MS,ASO,CE,Federal Contract Tower,2,7,6,35,50,0,0,0,0,0,2,7,6,35,50,0,0,0,50
10/26/2019,GTR,MS,ASO,CE,Federal Contract Tower,2,6,6,10,24,0,0,0,0,0,2,6,6,10,24,0,0,0,24
10/27/2019,GTR,MS,ASO,CE,Federal Contract Tower,0,7,14,10,31,0,3,6,4,13,0,10,20,14,44,42,32,74,118
10/28/2019,GTR,MS,ASO,CE,Federal Contract Tower,0,6,17,54,77,0,0,13,16,29,0,6,30,70,106,10,20,30,136
10/29/2019,GTR,MS,ASO,CE,Federal Contract Tower,0,7,18,71,96,0,0,9,1,10,0,7,27,72,106,12,42,54,160
10/30/2019,GTR,MS,ASO,CE,Federal Contract Tower,0,5,6,37,48,0,0,1,0,1,0,5,7,37,49,0,0,0,49
10/31/2019,GTR,MS,ASO,CE,Federal Contract Tower,0,5,11,29,45,0,2,13,8,23,0,7,24,37,68,8,10,18,86
11/01/2019,GTR,MS,ASO,CE,Federal Contract Tower,2,6,10,60,78,0,2,27,17,46,2,8,37,77,124,30,112,142,266
11/02/2019,GTR,MS,ASO,CE,Federal Contract Tower,0,8,5,29,42,0,7,25,11,43,0,15,30,40,85,32,28,60,145
11/03/2019,GTR,MS,ASO,CE,Federal Contract Tower,0,5,5,21,31,0,3,28,10,41,0,8,33,31,72,12,42,54,126
11/04/2019,GTR,MS,ASO,CE,Federal Contract Tower,0,8,6,47,61,0,0,25,8,33,0,8,31,55,94,12,62,74,168
11/05/2019,GTR,MS,ASO,CE,Federal Contract Tower,0,10,1,39,50,0,2,22,11,35,0,12,23,50,85,24,62,86,171
11/06/2019,GTR,MS,ASO,CE,Federal Contract Tower,0,10,5,42,57,0,7,31,9,47,0,17,36,51,104,18,18,36,140
11/07/2019,GTR,MS,ASO,CE,Federal Contract Tower,0,9,9,59,77,0,3,60,5,68,0,12,69,64,145,8,22,30,175
11/08/2019,GTR,MS,ASO,CE,Federal Contract Tower,0,8,7,32,47,0,1,12,17,30,0,9,19,49,77,0,48,48,125
11/09/2019,GTR,MS,ASO,CE,Federal Contract Tower,0,10,8,8,26,0,1,20,14,35,0,11,28,22,61,10,36,46,107
11/10/2019,GTR,MS,ASO,CE,Federal Contract Tower,0,7,9,4,20,0,7,16,1,24,0,14,25,5,44,6,0,6,50
11/11/2019,GTR,MS,ASO,CE,Federal Contract Tower,0,7,0,12,19,0,1,10,5,16,0,8,10,17,35,0,20,20,55
11/12/2019,GTR,MS,ASO,CE,Federal Contract Tower,0,9,5,33,47,0,0,9,9,18,0,9,14,42,65,4,42,46,111
11/13/2019,GTR,MS,ASO,CE,Federal Contract Tower,0,9,3,28,40,0,5,26,18,49,0,14,29,46,89,20,40,60,149
11/14/2019,GTR,MS,ASO,CE,Federal Contract Tower,0,11,6,29,46,0,0,30,5,35,0,11,36,34,81,22,32,54,135
11/15/2019,GTR,MS,ASO,CE,Federal Contract Tower,0,10,13,59,82,0,4,22,11,37,0,14,35,70,119,28,60,88,207
11/16/2019,GTR,MS,ASO,CE,Federal Contract Tower,0,8,6,21,35,0,2,11,7,20,0,10,17,28,55,16,32,48,103
11/17/2019,GTR,MS,ASO,CE,Federal Contract Tower,0,10,8,9,27,0,2,15,5,22,0,12,23,14,49,24,18,42,91
11/18/2019,GTR,MS,ASO,CE,Federal Contract Tower,0,9,7,46,62,0,2,22,49,73,0,11,29,95,135,40,46,86,221
11/19/2019,GTR,MS,ASO,CE,Federal Contract Tower,0,13,4,44,61,0,2,27,12,41,0,15,31,56,102,16,52,68,170
11/20/2019,GTR,MS,ASO,CE,Federal Contract Tower,0,10,9,40,59,0,2,19,13,34,0,12,28,53,93,56,38,94,187
11/21/2019,GTR,MS,ASO,CE,Federal Contract Tower,0,9,16,46,71,0,2,11,6,19,0,11,27,52,90,24,32,56,146
11/22/2019,GTR,MS,ASO,CE,Federal Contract Tower,1,7,9,46,63,0,0,4,2,6,1,7,13,48,69,6,24,30,99
11/23/2019,GTR,MS,ASO,CE,Federal Contract Tower,1,7,1,27,36,0,2,2,1,5,1,9,3,28,41,12,12,24,65
11/24/2019,GTR,MS,ASO,CE,Federal Contract Tower,0,12,6,19,37,0,2,21,3,26,0,14,27,22,63,16,12,28,91
11/25/2019,GTR,MS,ASO,CE,Federal Contract Tower,0,7,5,55,67,0,2,8,35,45,0,9,13,90,112,12,80,92,204
11/26/2019,GTR,MS,ASO,CE,Federal Contract Tower,0,5,3,62,70,0,4,17,12,33,0,9,20,74,103,18,44,62,165
11/27/2019,GTR,MS,ASO,CE,Federal Contract Tower,0,10,11,34,55,0,6,10,26,42,0,16,21,60,97,10,62,72,169
11/28/2019,GTR,MS,ASO,CE,Federal Contract Tower,0,5,1,0,6,0,3,4,0,7,0,8,5,0,13,0,0,0,13
11/29/2019,GTR,MS,ASO,CE,Federal Contract Tower,0,6,4,0,10,0,2,11,0,13,0,8,15,0,23,6,0,6,29
11/30/2019,GTR,MS,ASO,CE,Federal Contract Tower,0,12,7,0,19,0,0,0,0,0,0,12,7,0,19,0,0,0,19
12/01/2019,GTR,MS,ASO,CE,Federal Contract Tower,0,8,4,0,12,0,0,0,0,0,0,8,4,0,12,0,0,0,12
12/02/2019,GTR,MS,ASO,CE,Federal Contract Tower,0,7,4,29,40,0,2,9,22,33,0,9,13,51,73,22,22,44,117
12/03/2019,GTR,MS,ASO,CE,Federal Contract Tower,0,7,6,30,43,0,3,27,29,59,0,10,33,59,102,30,80,110,212
12/04/2019,GTR,MS,ASO,CE,Federal Contract Tower,0,7,2,25,34,0,1,43,30,74,0,8,45,55,108,32,54,86,194
12/05/2019,GTR,MS,ASO,CE,Federal Contract Tower,0,13,6,37,56,0,7,29,36,72,0,20,35,73,128,16,42,58,186
12/06/2019,GTR,MS,ASO,CE,Federal Contract Tower,0,4,12,61,77,0,2,2,13,17,0,6,14,74,94,4,24,28,122
12/07/2019,GTR,MS,ASO,CE,Federal Contract Tower,0,6,7,37,50,0,0,21,19,40,0,6,28,56,90,14,108,122,212
12/08/2019,GTR,MS,ASO,CE,Federal Contract Tower,0,9,6,32,47,0,4,21,8,33,0,13,27,40,80,26,42,68,148
12/09/2019,GTR,MS,ASO,CE,Federal Contract Tower,0,7,2,24,33,0,0,7,10,17,0,7,9,34,50,2,14,16,66
12/10/2019,GTR,MS,ASO,CE,Federal Contract Tower,0,9,0,2,11,0,0,0,0,0,0,9,0,2,11,0,0,0,11
12/11/2019,GTR,MS,ASO,CE,Federal Contract Tower,0,11,10,30,51,0,4,26,25,55,0,15,36,55,106,14,108,122,228
12/12/2019,GTR,MS,ASO,CE,Federal Contract Tower,0,7,15,31,53,0,4,17,34,55,0,11,32,65,108,10,68,78,186
12/13/2019,GTR,MS,ASO,CE,Federal Contract Tower,2,7,4,23,36,0,0,0,0,0,2,7,4,23,36,0,0,0,36
12/14/2019,GTR,MS,ASO,CE,Federal Contract Tower,2,5,8,31,46,0,2,22,4,28,2,7,30,35,74,30,30,60,134
12/15/2019,GTR,MS,ASO,CE,Federal Contract Tower,0,7,5,32,44,0,0,0,0,0,0,7,5,32,44,0,22,22,66
12/16/2019,GTR,MS,ASO,CE,Federal Contract Tower,0,5,10,0,15,0,0,6,0,6,0,5,16,0,21,8,0,8,29
12/17/2019,GTR,MS,ASO,CE,Federal Contract Tower,0,9,3,28,40,0,3,2,3,8,0,12,5,31,48,0,16,16,64
12/18/2019,GTR,MS,ASO,CE,Federal Contract Tower,0,9,6,34,49,0,4,25,19,48,0,13,31,53,97,28,86,114,211
12/19/2019,GTR,MS,ASO,CE,Federal Contract Tower,0,7,9,25,41,0,2,19,20,41,0,9,28,45,82,22,80,102,184
12/20/2019,GTR,MS,ASO,CE,Federal Contract Tower,0,8,5,1,14,0,2,14,1,17,0,10,19,2,31,6,0,6,37
12/21/2019,GTR,MS,ASO,CE,Federal Contract Tower,0,6,6,0,12,0,2,0,0,2,0,8,6,0,14,0,0,0,14
12/22/2019,GTR,MS,ASO,CE,Federal Contract Tower,0,6,1,0,7,0,0,0,0,0,0,6,1,0,7,0,0,0,7
12/23/2019,GTR,MS,ASO,CE,Federal Contract Tower,0,8,4,0,12,0,0,0,0,0,0,8,4,0,12,2,0,2,14
12/24/2019,GTR,MS,ASO,CE,Federal Contract Tower,0,4,2,0,6,0,1,6,0,7,0,5,8,0,13,2,0,2,15
12/25/2019,GTR,MS,ASO,CE,Federal Contract Tower,0,4,1,0,5,0,2,2,0,4,0,6,3,0,9,0,0,0,9
12/26/2019,GTR,MS,ASO,CE,Federal Contract Tower,0,6,8,0,14,0,0,0,0,0,0,6,8,0,14,0,0,0,14
12/27/2019,GTR,MS,ASO,CE,Federal Contract Tower,0,5,4,0,9,0,2,1,0,3,0,7,5,0,12,0,0,0,12
12/28/2019,GTR,MS,ASO,CE,Federal Contract Tower,0,8,7,0,15,0,0,2,0,2,0,8,9,0,17,6,0,6,23
12/29/2019,GTR,MS,ASO,CE,Federal Contract Tower,0,6,4,0,10,0,2,0,0,2,0,8,4,0,12,0,0,0,12
12/30/2019,GTR,MS,ASO,CE,Federal Contract Tower,0,6,2,0,8,0,3,17,0,20,0,9,19,0,28,14,0,14,42
12/31/2019,GTR,MS,ASO,CE,Federal Contract Tower,0,5,6,0,11,0,4,14,0,18,0,9,20,0,29,18,0,18,47
01/01/2020,GTR,MS,ASO,CE,Federal Contract Tower,1,4,1,0,6,0,0,8,0,8,1,4,9,0,14,6,0,6,20
01/02/2020,GTR,MS,ASO,CE,Federal Contract Tower,0,7,7,0,14,0,0,0,0,0,0,7,7,0,14,0,0,0,14
01/03/2020,GTR,MS,ASO,CE,Federal Contract Tower,0,6,4,13,23,0,0,0,0,0,0,6,4,13,23,0,0,0,23
01/04/2020,GTR,MS,ASO,CE,Federal Contract Tower,0,8,7,0,15,0,2,4,4,10,0,10,11,4,25,4,0,4,29
01/05/2020,GTR,MS,ASO,CE,Federal Contract Tower,0,6,1,7,14,0,2,12,4,18,0,8,13,11,32,20,32,52,84
01/06/2020,GTR,MS,ASO,CE,Federal Contract Tower,0,7,5,60,72,0,5,24,41,70,0,12,29,101,142,2,122,124,266
01/07/2020,GTR,MS,ASO,CE,Federal Contract Tower,0,6,3,56,65,0,2,22,27,51,0,8,25,83,116,4,172,176,292
01/08/2020,GTR,MS,ASO,CE,Federal Contract Tower,0,9,7,32,48,0,2,35,26,63,0,11,42,58,111,60,92,152,263
01/09/2020,GTR,MS,ASO,CE,Federal Contract Tower,0,7,9,38,54,0,0,26,31,57,0,7,35,69,111,2,136,138,249
01/10/2020,GTR,MS,ASO,CE,Federal Contract Tower,0,7,10,14,31,0,1,6,10,17,0,8,16,24,48,4,30,34,82
01/11/2020,GTR,MS,ASO,CE,Federal Contract Tower,0,5,0,0,5,0,2,0,0,2,0,7,0,0,7,0,0,0,7
01/12/2020,GTR,MS,ASO,CE,Federal Contract Tower,0,5,8,0,13,0,2,11,0,13,0,7,19,0,26,26,0,26,52
01/13/2020,GTR,MS,ASO,CE,Federal Contract Tower,2,6,8,29,45,0,0,2,9,11,2,6,10,38,56,4,22,26,82
01/14/2020,GTR,MS,ASO,CE,Federal Contract Tower,1,8,9,59,77,0,0,0,1,1,1,8,9,60,78,0,66,66,144
01/15/2020,GTR,MS,ASO,CE,Federal Contract Tower,0,8,11,61,80,0,0,7,28,35,0,8,18,89,115,0,82,82,197
01/16/2020,GTR,MS,ASO,CE,Federal Contract Tower,0,7,3,50,60,0,2,23,20,45,0,9,26,70,105,6,88,94,199
01/17/2020,GTR,MS,ASO,CE,Federal Contract Tower,0,9,5,41,55,0,0,26,32,58,0,9,31,73,113,20,138,158,271
01/18/2020,GTR,MS,ASO,CE,Federal Contract Tower,0,5,0,7,12,0,0,0,1,1,0,5,0,8,13,0,0,0,13
01/19/2020,GTR,MS,ASO,CE,Federal Contract Tower,1,6,0,25,32,0,0,12,10,22,1,6,12,35,54,18,84,102,156
01/20/2020,GTR,MS,ASO,CE,Federal Contract Tower,0,7,1,15,23,0,0,20,8,28,0,7,21,23,51,26,34,60,111
01/21/2020,GTR,MS,ASO,CE,Federal Contract Tower,3,11,4,63,81,0,2,9,30,41,3,13,13,93,122,6,102,108,230
01/22/2020,GTR,MS,ASO,CE,Federal Contract Tower,1,11,2,28,42,0,0,15,24,39,1,11,17,52,81,16,70,86,167
01/23/2020,GTR,MS,ASO,CE,Federal Contract Tower,0,7,7,22,36,0,0,1,18,19,0,7,8,40,55,1,56,57,112
01/24/2020,GTR,MS,ASO,CE,Federal Contract Tower,0,8,8,27,43,0,1,13,24,38,0,9,21,51,81,16,48,64,145
01/25/2020,GTR,MS,ASO,CE,Federal Contract Tower,0,6,2,10,18,0,2,11,2,15,0,8,13,12,33,12,28,40,73
01/26/2020,GTR,MS,ASO,CE,Federal Contract Tower,0,7,5,8,20,0,2,13,9,24,0,9,18,17,44,6,10,16,60
01/27/2020,GTR,MS,ASO,CE,Federal Contract Tower,0,8,4,33,45,0,2,17,16,35,0,10,21,49,80,9,59,68,148
01/28/2020,GTR,MS,ASO,CE,Federal Contract Tower,0,11,4,13,28,0,0,26,47,73,0,11,30,60,101,45,64,109,210
01/29/2020,GTR,MS,ASO,CE,Federal Contract Tower,0,7,5,62,74,0,0,11,24,35,0,7,16,86,109,6,182,188,297
01/30/2020,GTR,MS,ASO,CE,Federal Contract Tower,0,7,9,16,32,0,2,30,10,42,0,9,39,26,74,30,28,58,132
01/31/2020,GTR,MS,ASO,CE,Federal Contract Tower,1,10,4,35,50,0,0,12,21,33,1,10,16,56,83,16,108,124,207
02/01/2020,GTR,MS,ASO,ES,Federal Contract Tower,1,3,4,11,19,0,2,29,5,36,1,5,33,16,55,48,10,58,113
02/02/2020,GTR,MS,ASO,ES,Federal Contract Tower,0,6,3,6,15,0,1,75,16,92,0,7,78,22,107,48,96,144,251
02/03/2020,GTR,MS,ASO,ES,Federal Contract Tower,0,9,3,45,57,0,0,22,36,58,0,9,25,81,115,6,110,116,231
02/04/2020,GTR,MS,ASO,ES,Federal Contract Tower,0,10,9,16,35,0,2,6,6,14,0,12,15,22,49,4,42,46,95
02/05/2020,GTR,MS,ASO,ES,Federal Contract Tower,0,7,3,0,10,0,0,2,0,2,0,7,5,0,12,2,0,2,14
02/06/2020,GTR,MS,ASO,ES,Federal Contract Tower,0,6,8,32,46,0,0,2,0,2,0,6,10,32,48,2,0,2,50
02/07/2020,GTR,MS,ASO,ES,Federal Contract Tower,1,9,6,18,34,0,3,11,13,27,1,12,17,31,61,38,87,125,186
02/08/2020,GTR,MS,ASO,ES,Federal Contract Tower,3,5,3,25,36,0,0,69,21,90,3,5,72,46,126,94,76,170,296
02/09/2020,GTR,MS,ASO,ES,Federal Contract Tower,2,5,1,20,28,0,0,22,11,33,2,5,23,31,61,90,20,110,171
02/10/2020,GTR,MS,ASO,ES,Federal Contract Tower,0,11,1,0,12,0,0,0,0,0,0,11,1,0,12,0,0,0,12
02/11/2020,GTR,MS,ASO,ES,Federal Contract Tower,0,9,12,17,38,0,0,0,0,0,0,9,12,17,38,2,6,8,46
02/12/2020,GTR,MS,ASO,ES,Federal Contract Tower,0,10,8,0,18,0,0,8,0,8,0,10,16,0,26,20,0,20,46
02/13/2020,GTR,MS,ASO,ES,Federal Contract Tower,0,7,16,70,93,0,0,10,16,26,0,7,26,86,119,18,96,114,233
02/14/2020,GTR,MS,ASO,ES,Federal Contract Tower,1,8,3,33,45,0,4,26,23,53,1,12,29,56,98,28,106,134,232
02/15/2020,GTR,MS,ASO,ES,Federal Contract Tower,0,10,1,29,40,0,2,35,15,52,0,12,36,44,92,39,82,121,213
02/16/2020,GTR,MS,ASO,ES,Federal Contract Tower,0,6,3,8,17,0,5,43,10,58,0,11,46,18,75,60,45,105,180
02/17/2020,GTR,MS,ASO,ES,Federal Contract Tower,0,8,9,15,32,0,0,14,1,15,0,8,23,16,47,28,12,40,87
02/18/2020,GTR,MS,ASO,ES,Federal Contract Tower,0,9,8,0,17,0,0,0,0,0,0,9,8,0,17,0,0,0,17
02/19/2020,GTR,MS,ASO,ES,Federal Contract Tower,0,9,9,60,78,0,0,13,18,31,0,9,22,78,109,6,68,74,183
02/20/2020,GTR,MS,ASO,ES,Federal Contract Tower,0,10,2,0,12,0,0,0,0,0,0,10,2,0,12,0,0,0,12
02/21/2020,GTR,MS,ASO,ES,Federal Contract Tower,0,8,5,61,74,0,3,28,49,80,0,11,33,110,154,16,172,188,342
02/22/2020,GTR,MS,ASO,ES,Federal Contract Tower,0,6,2,38,46,0,1,26,41,68,0,7,28,79,114,35,95,130,244
02/23/2020,GTR,MS,ASO,ES,Federal Contract Tower,0,7,1,42,50,0,1,14,9,24,0,8,15,51,74,55,58,113,187
02/24/2020,GTR,MS,ASO,ES,Federal Contract Tower,0,10,2,23,35,0,0,2,17,19,0,10,4,40,54,6,20,26,80
02/25/2020,GTR,MS,ASO,ES,Federal Contract Tower,0,9,7,53,69,0,0,37,30,67,0,9,44,83,136,62,142,204,340
02/26/2020,GTR,MS,ASO,ES,Federal Contract Tower,0,11,1,42,54,0,0,37,4,41,0,11,38,46,95,4,92,96,191
02/27/2020,GTR,MS,ASO,ES,Federal Contract Tower,0,7,13,43,63,0,0,46,36,82,0,7,59,79,145,66,70,136,281
02/28/2020,GTR,MS,ASO,ES,Federal Contract Tower,0,13,5,32,50,0,0,17,23,40,0,13,22,55,90,20,108,128,218
02/29/2020,GTR,MS,ASO,ES,Federal Contract Tower,0,7,7,24,38,0,1,41,12,54,0,8,48,36,92,38,83,121,213
03/01/2020,GTR,MS,ASO,ES,Federal Contract Tower,0,6,3,19,28,0,2,9,10,21,0,8,12,29,49,2,42,44,93
03/02/2020,GTR,MS,ASO,ES,Federal Contract Tower,0,10,2,63,75,0,0,12,13,25,0,10,14,76,100,8,124,132,232
03/03/2020,GTR,MS,ASO,ES,Federal Contract Tower,0,8,6,73,87,0,0,14,33,47,0,8,20,106,134,4,274,278,412
03/05/2020,GTR,MS,ASO,ES,Federal Contract Tower,0,9,4,46,59,0,0,16,12,28,0,9,20,58,87,9,29,38,125
03/06/2020,GTR,MS,ASO,ES,Federal Contract Tower,0,7,6,36,49,0,0,28,32,60,0,7,34,68,109,8,46,54,163
03/07/2020,GTR,MS,ASO,ES,Federal Contract Tower,0,5,3,10,18,0,2,24,3,29,0,7,27,13,47,30,10,40,87
03/08/2020,GTR,MS,ASO,ES,Federal Contract Tower,0,9,6,5,20,0,4,29,1,34,0,13,35,6,54,34,2,36,90
03/09/2020,GTR,MS,ASO,ES,Federal Contract Tower,0,7,6,41,54,0,0,20,37,57,0,7,26,78,111,6,76,82,193
03/10/2020,GTR,MS,ASO,ES,Federal Contract Tower,0,7,3,21,31,0,3,9,13,25,0,10,12,34,56,0,58,58,114
03/11/2020,GTR,MS,ASO,ES,Federal Contract Tower,0,8,2,28,38,0,0,15,2,17,0,8,17,30,55,2,20,22,77
03/12/2020,GTR,MS,ASO,ES,Federal Contract Tower,0,9,9,48,66,0,3,32,19,54,0,12,41,67,120,20,262,282,402
03/13/2020,GTR,MS,ASO,ES,Federal Contract Tower,0,7,4,12,23,0,0,19,0,19,0,7,23,12,42,17,0,17,59
03/14/2020,GTR,MS,ASO,ES,Federal Contract Tower,0,6,5,23,34,0,0,18,6,24,0,6,23,29,58,14,64,78,136
03/16/2020,GTR,MS,ASO,ES,Federal Contract Tower,0,7,6,42,55,0,2,63,20,85,0,9,69,62,140,70,80,150,290
03/17/2020,GTR,MS,ASO,ES,Federal Contract Tower,0,7,7,20,34,0,0,47,11,58,0,7,54,31,92,26,80,106,198
03/18/2020,GTR,MS,ASO,ES,Federal Contract Tower,0,7,8,40,55,0,1,19,11,31,0,8,27,51,86,6,0,6,92
03/19/2020,GTR,MS,ASO,ES,Federal Contract Tower,0,7,2,27,36,0,1,15,8,24,0,8,17,35,60,9,53,62,122
03/20/2020,GTR,MS,ASO,ES,Federal Contract Tower,0,5,0,14,19,0,0,4,0,4,0,5,4,14,23,16,12,28,51
03/21/2020,GTR,MS,ASO,ES,Federal Contract Tower,0,5,7,0,12,0,0,8,0,8,0,5,15,0,20,18,0,18,38
03/22/2020,GTR,MS,ASO,ES,Federal Contract Tower,0,5,0,0,5,0,0,29,0,29,0,5,29,0,34,0,0,0,34
03/23/2020,GTR,MS,ASO,ES,Federal Contract Tower,0,8,4,8,20,0,0,0,0,0,0,8,4,8,20,4,8,12,32
03/24/2020,GTR,MS,ASO,ES,Federal Contract Tower,0,5,8,40,53,0,2,6,8,16,0,7,14,48,69,8,46,54,123
03/25/2020,GTR,MS,ASO,ES,Federal Contract Tower,0,4,1,31,36,0,0,6,9,15,0,4,7,40,51,0,122,122,173
03/26/2020,GTR,MS,ASO,ES,Federal Contract Tower,0,3,2,20,25,0,0,23,9,32,0,3,25,29,57,13,43,56,113
03/27/2020,GTR,MS,ASO,ES,Federal Contract Tower,0,3,2,9,14,0,0,26,4,30,0,3,28,13,44,7,27,34,78
03/28/2020,GTR,MS,ASO,ES,Federal Contract Tower,0,4,2,16,22,0,0,14,11,25,0,4,16,27,47,34,64,98,145
03/29/2020,GTR,MS,ASO,ES,Federal Contract Tower,0,3,0,0,3,0,0,24,0,24,0,3,24,0,27,23,0,23,50
03/30/2020,GTR,MS,ASO,ES,Federal Contract Tower,0,4,5,17,26,0,0,23,14,37,0,4,28,31,63,16,72,88,151
03/31/2020,GTR,MS,ASO,ES,Federal Contract Tower,0,3,6,20,29,0,0,3,4,7,0,3,9,24,36,6,16,22,58
04/01/2020,GTR,MS,ASO,ES,Federal Contract Tower,0,3,0,8,11,0,0,43,11,54,0,3,43,19,65,28,30,58,123
04/02/2020,GTR,MS,ASO,ES,Federal Contract Tower,0,4,3,10,17,0,1,24,12,37,0,5,27,22,54,15,27,42,96
04/03/2020,GTR,MS,ASO,ES,Federal Contract Tower,0,4,2,22,28,0,0,28,20,48,0,4,30,42,76,19,116,135,211
04/04/2020,GTR,MS,ASO,ES,Federal Contract Tower,0,3,29,0,32,2,14,14,0,30,2,17,43,0,62,9,88,97,159
04/05/2020,GTR,MS,ASO,ES,Federal Contract Tower,0,4,0,0,4,0,1,12,0,13,0,5,12,0,17,8,0,8,25
04/06/2020,GTR,MS,ASO,ES,Federal Contract Tower,0,4,4,14,22,0,0,23,21,44,0,4,27,35,66,18,48,66,132
04/07/2020,GTR,MS,ASO,ES,Federal Contract Tower,0,4,8,3,15,0,0,2,1,3,0,4,10,4,18,2,12,14,32
04/08/2020,GTR,MS,ASO,ES,Federal Contract Tower,0,4,6,10,20,0,0,1,1,2,0,4,7,11,22,0,18,18,40
04/09/2020,GTR,MS,ASO,ES,Federal Contract Tower,0,4,8,14,26,0,0,6,14,20,0,4,14,28,46,10,85,95,141
04/10/2020,GTR,MS,ASO,ES,Federal Contract Tower,0,4,2,17,23,0,0,15,22,37,0,4,17,39,60,24,54,78,138
04/11/2020,GTR,MS,ASO,ES,Federal Contract Tower,0,4,2,13,19,0,0,10,14,24,0,4,12,27,43,20,62,82,125
04/12/2020,GTR,MS,ASO,ES,Federal Contract Tower,0,3,0,0,3,0,0,0,0,0,0,3,0,0,3,0,0,0,3
04/13/2020,GTR,MS,ASO,ES,Federal Contract Tower,0,4,8,23,35,0,0,3,13,16,0,4,11,36,51,4,60,64,115
04/14/2020,GTR,MS,ASO,ES,Federal Contract Tower,0,4,0,12,16,0,0,6,17,23,0,4,6,29,39,12,34,46,85
04/15/2020,GTR,MS,ASO,ES,Federal Contract Tower,0,4,2,26,32,0,1,23,18,42,0,5,25,44,74,42,62,104,178
04/16/2020,GTR,MS,ASO,ES,Federal Contract Tower,0,3,8,13,24,0,1,18,16,35,0,4,26,29,59,11,54,65,124
04/17/2020,GTR,MS,ASO,ES,Federal Contract Tower,0,4,1,20,25,0,1,13,17,31,0,5,14,37,56,13,41,54,110
04/18/2020,GTR,MS,ASO,ES,Federal Contract Tower,0,4,2,16,22,0,0,18,9,27,0,4,20,25,49,10,34,44,93
04/19/2020,GTR,MS,ASO,ES,Federal Contract Tower,0,2,0,0,2,0,0,0,0,0,0,2,0,0,2,0,0,0,2
04/20/2020,GTR,MS,ASO,ES,Federal Contract Tower,0,2,8,28,38,0,3,21,27,51,0,5,29,55,89,28,68,96,185
04/21/2020,GTR,MS,ASO,ES,Federal Contract Tower,0,4,6,30,40,0,3,31,26,60,0,7,37,56,100,30,106,136,236
04/22/2020,GTR,MS,ASO,ES,Federal Contract Tower,0,4,0,46,50,0,0,8,26,34,0,4,8,72,84,2,130,132,216
04/23/2020,GTR,MS,ASO,ES,Federal Contract Tower,0,4,2,34,40,0,0,2,9,11,0,4,4,43,51,0,18,18,69
04/24/2020,GTR,MS,ASO,ES,Federal Contract Tower,0,4,1,22,27,0,0,28,26,54,0,4,29,48,81,31,76,107,188
04/25/2020,GTR,MS,ASO,ES,Federal Contract Tower,0,3,1,37,41,0,3,0,5,8,0,6,1,42,49,14,32,46,95
04/26/2020,GTR,MS,ASO,ES,Federal Contract Tower,0,1,0,6,7,0,1,16,0,17,0,2,16,6,24,26,6,32,56
04/27/2020,GTR,MS,ASO,ES,Federal Contract Tower,0,2,3,20,25,0,2,47,20,69,0,4,50,40,94,34,82,116,210
04/28/2020,GTR,MS,ASO,ES,Federal Contract Tower,0,5,5,23,33,0,2,37,16,55,0,7,42,39,88,70,40,110,198
04/29/2020,GTR,MS,ASO,ES,Federal Contract Tower,0,4,2,57,63,0,2,7,8,17,0,6,9,65,80,12,82,94,174
04/30/2020,GTR,MS,ASO,ES,Federal Contract Tower,0,4,3,31,38,0,0,25,25,50,0,4,28,56,88,27,36,63,151
05/01/2020,GTR,MS,ASO,ES,Federal Contract Tower,0,2,5,17,24,0,2,42,19,63,0,4,47,36,87,29,64,93,180
05/02/2020,GTR,MS,ASO,ES,Federal Contract Tower,0,3,2,30,35,0,0,38,21,59,0,3,40,51,94,31,27,58,152
05/03/2020,GTR,MS,ASO,ES,Federal Contract Tower,0,2,2,0,4,0,0,38,0,38,0,2,40,0,42,68,0,68,110
05/04/2020,GTR,MS,ASO,ES,Federal Contract Tower,0,3,6,36,45,0,2,42,19,63,0,5,48,55,108,34,68,102,210
05/05/2020,GTR,MS,ASO,ES,Federal Contract Tower,0,3,10,26,39,0,3,7,6,16,0,6,17,32,55,0,6,6,61
05/06/2020,GTR,MS,ASO,ES,Federal Contract Tower,0,2,4,27,33,0,7,11,29,47,0,9,15,56,80,6,78,84,164
05/07/2020,GTR,MS,ASO,ES,Federal Contract Tower,0,2,5,30,37,0,1,23,18,42,0,3,28,48,79,18,39,57,136
05/08/2020,GTR,MS,ASO,ES,Federal Contract Tower,0,2,2,24,28,0,0,1,0,1,0,2,3,24,29,0,2,2,31
05/09/2020,GTR,MS,ASO,ES,Federal Contract Tower,0,2,2,31,35,0,6,12,13,31,0,8,14,44,66,22,60,82,148
05/10/2020,GTR,MS,ASO,ES,Federal Contract Tower,0,2,2,0,4,0,0,16,0,16,0,2,18,0,20,0,0,0,20
05/11/2020,GTR,MS,ASO,ES,Federal Contract Tower,0,2,0,13,15,0,2,17,5,24,0,4,17,18,39,14,18,32,71
05/12/2020,GTR,MS,ASO,ES,Federal Contract Tower,0,2,4,36,42,0,0,22,29,51,0,2,26,65,93,66,94,160,253
05/13/2020,GTR,MS,ASO,ES,Federal Contract Tower,0,2,6,37,45,0,2,24,22,48,0,4,30,59,93,34,108,142,235
05/14/2020,GTR,MS,ASO,ES,Federal Contract Tower,0,4,0,32,36,0,0,12,15,27,0,4,12,47,63,0,33,33,96
05/15/2020,GTR,MS,ASO,ES,Federal Contract Tower,0,0,0,68,68,0,4,8,10,22,0,4,8,78,90,2,115,117,207
05/16/2020,GTR,MS,ASO,ES,Federal Contract Tower,0,2,7,37,46,0,0,6,22,28,0,2,13,59,74,10,58,68,142
05/17/2020,GTR,MS,ASO,ES,Federal Contract Tower,0,2,10,2,14,0,1,11,0,12,0,3,21,2,26,2,0,2,28
05/18/2020,GTR,MS,ASO,ES,Federal Contract Tower,0,2,1,32,35,0,2,10,0,12,0,4,11,32,47,14,24,38,85
05/19/2020,GTR,MS,ASO,ES,Federal Contract Tower,0,5,3,38,46,0,2,36,26,64,0,7,39,64,110,26,106,132,242
05/20/2020,GTR,MS,ASO,ES,Federal Contract Tower,0,2,7,62,71,0,3,67,43,113,0,5,74,105,184,2,134,136,320
05/21/2020,GTR,MS,ASO,ES,Federal Contract Tower,0,2,8,51,61,0,0,20,33,53,0,2,28,84,114,13,82,95,209
05/22/2020,GTR,MS,ASO,ES,Federal Contract Tower,0,4,6,0,10,0,0,18,0,18,0,4,24,0,28,0,0,0,28
05/23/2020,GTR,MS,ASO,ES,Federal Contract Tower,0,0,4,0,4,0,1,6,0,7,0,1,10,0,11,0,0,0,11
05/24/2020,GTR,MS,ASO,ES,Federal Contract Tower,0,4,0,0,4,0,5,7,0,12,0,9,7,0,16,4,0,4,20
05/25/2020,GTR,MS,ASO,ES,Federal Contract Tower,0,2,2,0,4,0,4,8,0,12,0,6,10,0,16,2,0,2,18
05/26/2020,GTR,MS,ASO,ES,Federal Contract Tower,0,4,2,8,14,0,0,7,0,7,0,4,9,8,21,0,0,0,21
05/27/2020,GTR,MS,ASO,ES,Federal Contract Tower,0,6,3,51,60,0,0,9,18,27,0,6,12,69,87,7,71,78,165
05/28/2020,GTR,MS,ASO,ES,Federal Contract Tower,0,4,3,28,35,0,0,10,13,23,0,4,13,41,58,11,39,50,108
05/29/2020,GTR,MS,ASO,ES,Federal Contract Tower,0,2,2,47,51,0,0,17,38,55,0,2,19,85,106,8,123,131,237
05/30/2020,GTR,MS,ASO,ES,Federal Contract Tower,0,3,1,0,4,0,0,18,0,18,0,3,19,0,22,12,0,12,34
06/01/2020,GTR,MS,ASO,ES,Federal Contract Tower,0,4,0,58,62,0,1,21,35,57,0,5,21,93,119,8,100,108,227
06/02/2020,GTR,MS,ASO,ES,Federal Contract Tower,0,4,7,59,70,0,0,37,25,62,0,4,44,84,132,27,76,103,235
06/03/2020,GTR,MS,ASO,ES,Federal Contract Tower,0,2,6,75,83,0,0,22,28,50,0,2,28,103,133,24,94,118,251
06/04/2020,GTR,MS,ASO,ES,Federal Contract Tower,0,4,7,34,45,0,1,15,8,24,0,5,22,42,69,0,51,51,120
06/05/2020,GTR,MS,ASO,ES,Federal Contract Tower,0,6,3,24,33,0,0,24,10,34,0,6,27,34,67,0,85,85,152
06/06/2020,GTR,MS,ASO,ES,Federal Contract Tower,2,0,5,19,26,0,3,30,7,40,2,3,35,26,66,30,70,100,166
06/07/2020,GTR,MS,ASO,ES,Federal Contract Tower,0,2,4,27,33,0,1,4,14,19,0,3,8,41,52,4,56,60,112
06/08/2020,GTR,MS,ASO,ES,Federal Contract Tower,0,2,1,1,4,0,0,0,0,0,0,2,1,1,4,0,0,0,4
06/09/2020,GTR,MS,ASO,ES,Federal Contract Tower,0,4,5,33,42,0,0,3,17,20,0,4,8,50,62,0,20,20,82
06/11/2020,GTR,MS,ASO,ES,Federal Contract Tower,0,4,4,52,60,0,2,23,40,65,0,6,27,92,125,4,141,145,270
06/12/2020,GTR,MS,ASO,ES,Federal Contract Tower,0,2,0,44,46,0,0,12,45,57,0,2,12,89,103,4,156,160,263
06/13/2020,GTR,MS,ASO,ES,Federal Contract Tower,0,2,1,32,35,0,5,5,26,36,0,7,6,58,71,2,74,76,147
06/14/2020,GTR,MS,ASO,ES,Federal Contract Tower,0,2,0,27,29,0,2,30,4,36,0,4,30,31,65,22,14,36,101
06/15/2020,GTR,MS,ASO,ES,Federal Contract Tower,0,2,6,107,115,0,11,21,32,64,0,13,27,139,179,20,170,190,369
06/16/2020,GTR,MS,ASO,ES,Federal Contract Tower,0,2,5,75,82,0,2,27,30,59,0,4,32,105,141,30,152,182,323
06/17/2020,GTR,MS,ASO,ES,Federal Contract Tower,0,5,9,65,79,0,3,38,36,77,0,8,47,101,156,32,110,142,298
06/18/2020,GTR,MS,ASO,ES,Federal Contract Tower,0,7,7,59,73,0,6,15,24,45,0,13,22,83,118,10,107,117,235
06/19/2020,GTR,MS,ASO,ES,Federal Contract Tower,0,3,1,62,66,0,1,23,47,71,0,4,24,109,137,6,173,179,316
06/20/2020,GTR,MS,ASO,ES,Federal Contract Tower,0,3,2,28,33,0,1,27,20,48,0,4,29,48,81,18,62,80,161
06/21/2020,GTR,MS,ASO,ES,Federal Contract Tower,0,2,4,37,43,0,0,11,8,19,0,2,15,45,62,24,24,48,110
06/22/2020,GTR,MS,ASO,ES,Federal Contract Tower,0,4,2,126,132,0,0,27,30,57,0,4,29,156,189,30,232,262,451
06/23/2020,GTR,MS,ASO,ES,Federal Contract Tower,2,2,5,82,91,0,1,41,10,52,2,3,46,92,143,34,98,132,275
06/24/2020,GTR,MS,ASO,ES,Federal Contract Tower,0,4,4,62,70,0,0,10,16,26,0,4,14,78,96,0,164,164,260
06/25/2020,GTR,MS,ASO,ES,Federal Contract Tower,0,4,6,52,62,0,0,6,9,15,0,4,12,61,77,0,58,58,135
06/26/2020,GTR,MS,ASO,ES,Federal Contract Tower,0,2,3,43,48,0,0,7,16,23,0,2,10,59,71,0,40,40,111
06/27/2020,GTR,MS,ASO,ES,Federal Contract Tower,0,2,4,51,57,0,0,12,14,26,0,2,16,65,83,0,38,38,121
06/28/2020,GTR,MS,ASO,ES,Federal Contract Tower,0,5,3,40,48,0,1,28,2,31,0,6,31,42,79,6,22,28,107
06/29/2020,GTR,MS,ASO,ES,Federal Contract Tower,0,6,7,75,88,0,0,46,52,98,0,6,53,127,186,42,198,240,426
06/30/2020,GTR,MS,ASO,ES,Federal Contract Tower,0,2,5,64,71,0,1,49,44,94,0,3,54,108,165,16,162,178,343
07/01/2020,GTR,MS,ASO,ES,Federal Contract Tower,0,2,4,19,25,0,0,14,7,21,0,2,18,26,46,10,26,36,82
07/02/2020,GTR,MS,ASO,ES,Federal Contract Tower,0,2,5,24,31,0,0,47,15,62,0,2,52,39,93,2,40,42,135
07/03/2020,GTR,MS,ASO,ES,Federal Contract Tower,0,3,0,0,3,0,1,20,0,21,0,4,20,0,24,4,0,4,28
07/04/2020,GTR,MS,ASO,ES,Federal Contract Tower,0,3,1,0,4,0,1,5,18,24,0,4,6,18,28,0,0,0,28
07/05/2020,GTR,MS,ASO,ES,Federal Contract Tower,0,5,4,0,9,0,0,8,0,8,0,5,12,0,17,6,0,6,23
07/06/2020,GTR,MS,ASO,ES,Federal Contract Tower,0,6,3,0,9,0,0,54,0,54,0,6,57,0,63,6,0,6,69
07/07/2020,GTR,MS,ASO,ES,Federal Contract Tower,0,3,5,65,73,0,0,23,36,59,0,3,28,101,132,4,210,214,346
07/08/2020,GTR,MS,ASO,ES,Federal Contract Tower,0,4,3,86,93,0,0,41,37,78,0,4,44,123,171,20,266,286,457
07/09/2020,GTR,MS,ASO,ES,Federal Contract Tower,0,3,5,16,24,0,0,23,6,29,0,3,28,22,53,8,16,24,77
07/10/2020,GTR,MS,ASO,ES,Federal Contract Tower,0,3,2,60,65,0,1,45,42,88,0,4,47,102,153,10,118,128,281
07/11/2020,GTR,MS,ASO,ES,Federal Contract Tower,0,4,5,17,26,0,4,27,29,60,0,8,32,46,86,10,64,74,160
07/12/2020,GTR,MS,ASO,ES,Federal Contract Tower,0,4,3,15,22,0,2,11,1,14,0,6,14,16,36,12,28,40,76
07/13/2020,GTR,MS,ASO,ES,Federal Contract Tower,0,4,3,55,62,0,0,23,37,60,0,4,26,92,122,30,124,154,276
07/14/2020,GTR,MS,ASO,ES,Federal Contract Tower,0,4,2,77,83,0,1,29,32,62,0,5,31,109,145,12,121,133,278
07/15/2020,GTR,MS,ASO,ES,Federal Contract Tower,0,6,14,44,64,0,1,18,31,50,0,7,32,75,114,16,112,128,242
07/16/2020,GTR,MS,ASO,ES,Federal Contract Tower,0,4,8,78,90,0,0,19,33,52,0,4,27,111,142,40,189,229,371
07/17/2020,GTR,MS,ASO,ES,Federal Contract Tower,0,4,4,63,71,0,2,22,31,55,0,6,26,94,126,2,188,190,316
07/18/2020,GTR,MS,ASO,ES,Federal Contract Tower,0,3,2,11,16,0,1,21,7,29,0,4,23,18,45,2,38,40,85
07/19/2020,GTR,MS,ASO,ES,Federal Contract Tower,0,4,1,8,13,0,1,5,9,15,0,5,6,17,28,0,16,16,44
07/20/2020,GTR,MS,ASO,ES,Federal Contract Tower,0,4,4,49,57,0,0,15,31,46,0,4,19,80,103,14,144,158,261
07/21/2020,GTR,MS,ASO,ES,Federal Contract Tower,0,3,5,29,37,0,2,23,21,46,0,5,28,50,83,0,100,100,183
07/22/2020,GTR,MS,ASO,ES,Federal Contract Tower,0,3,0,46,49,0,3,14,28,45,0,6,14,74,94,6,150,156,250
07/23/2020,GTR,MS,ASO,ES,Federal Contract Tower,0,4,3,49,56,0,1,22,37,60,0,5,25,86,116,16,184,200,316
07/24/2020,GTR,MS,ASO,ES,Federal Contract Tower,0,5,3,59,67,0,1,38,11,50,0,6,41,70,117,0,48,48,165
07/25/2020,GTR,MS,ASO,ES,Federal Contract Tower,0,3,2,14,19,0,4,18,15,37,0,7,20,29,56,42,66,108,164
07/26/2020,GTR,MS,ASO,ES,Federal Contract Tower,0,5,0,9,14,0,0,14,4,18,0,5,14,13,32,10,6,16,48
07/27/2020,GTR,MS,ASO,ES,Federal Contract Tower,0,8,7,31,46,0,1,33,18,52,0,9,40,49,98,4,40,44,142
07/28/2020,GTR,MS,ASO,ES,Federal Contract Tower,0,6,10,28,44,0,7,19,5,31,0,13,29,33,75,14,62,76,151
07/29/2020,GTR,MS,ASO,ES,Federal Contract Tower,0,4,14,39,57,0,0,9,12,21,0,4,23,51,78,8,42,50,128
07/30/2020,GTR,MS,ASO,ES,Federal Contract Tower,0,8,1,20,29,0,1,31,14,46,0,9,32,34,75,22,80,102,177
07/31/2020,GTR,MS,ASO,ES,Federal Contract Tower,0,3,2,56,61,0,3,43,24,70,0,6,45,80,131,18,252,270,401
08/01/2020,GTR,MS,ASO,ES,Federal Contract Tower,0,4,5,28,37,0,1,9,2,12,0,5,14,30,49,10,66,76,125
08/02/2020,GTR,MS,ASO,ES,Federal Contract Tower,0,6,4,29,39,0,0,31,8,39,0,6,35,37,78,46,38,84,162
08/03/2020,GTR,MS,ASO,ES,Federal Contract Tower,0,6,1,49,56,0,2,30,33,65,0,8,31,82,121,6,110,116,237
08/04/2020,GTR,MS,ASO,ES,Federal Contract Tower,0,4,4,77,85,0,3,54,41,98,0,7,58,118,183,22,164,186,369
08/05/2020,GTR,MS,ASO,ES,Federal Contract Tower,0,7,1,50,58,0,4,27,37,68,0,11,28,87,126,8,170,178,304
08/06/2020,GTR,MS,ASO,ES,Federal Contract Tower,0,6,0,34,40,0,0,27,37,64,0,6,27,71,104,20,92,112,216
08/07/2020,GTR,MS,ASO,ES,Federal Contract Tower,0,3,2,36,41,0,4,9,29,42,0,7,11,65,83,24,110,134,217
08/08/2020,GTR,MS,ASO,ES,Federal Contract Tower,0,6,1,2,9,0,1,18,0,19,0,7,19,2,28,12,4,16,44
08/09/2020,GTR,MS,ASO,ES,Federal Contract Tower,0,4,3,2,9,0,0,15,1,16,0,4,18,3,25,0,0,0,25
08/10/2020,GTR,MS,ASO,ES,Federal Contract Tower,0,4,2,53,59,0,0,20,26,46,0,4,22,79,105,16,88,104,209
08/11/2020,GTR,MS,ASO,ES,Federal Contract Tower,0,4,3,75,82,0,0,24,34,58,0,4,27,109,140,10,92,102,242
08/12/2020,GTR,MS,ASO,ES,Federal Contract Tower,0,6,8,76,90,0,0,17,35,52,0,6,25,111,142,18,150,168,310
08/13/2020,GTR,MS,ASO,ES,Federal Contract Tower,0,5,4,66,75,0,1,37,15,53,0,6,41,81,128,8,68,76,204
08/14/2020,GTR,MS,ASO,ES,Federal Contract Tower,0,6,2,25,33,0,2,26,6,34,0,8,28,31,67,8,76,84,151
08/15/2020,GTR,MS,ASO,ES,Federal Contract Tower,0,6,5,13,24,0,5,18,5,28,0,11,23,18,52,18,38,56,108
08/16/2020,GTR,MS,ASO,ES,Federal Contract Tower,0,4,0,8,12,0,4,10,1,15,0,8,10,9,27,8,18,26,53
08/17/2020,GTR,MS,ASO,ES,Federal Contract Tower,0,6,3,54,63,0,1,28,38,67,0,7,31,92,130,10,226,236,366
08/18/2020,GTR,MS,ASO,ES,Federal Contract Tower,0,7,4,44,55,0,2,46,32,80,0,9,50,76,135,30,104,134,269
08/19/2020,GTR,MS,ASO,ES,Federal Contract Tower,0,7,2,68,77,0,4,29,35,68,0,11,31,103,145,10,212,222,367
08/20/2020,GTR,MS,ASO,ES,Federal Contract Tower,0,9,4,84,97,0,2,34,43,79,0,11,38,127,176,8,244,252,428
08/21/2020,GTR,MS,ASO,ES,Federal Contract Tower,0,6,1,65,72,0,0,11,6,17,0,6,12,71,89,0,62,62,151
08/22/2020,GTR,MS,ASO,ES,Federal Contract Tower,0,4,2,17,23,0,6,14,5,25,0,10,16,22,48,12,24,36,84
08/23/2020,GTR,MS,ASO,ES,Federal Contract Tower,0,6,3,13,22,0,0,24,2,26,0,6,27,15,48,10,16,26,74
08/24/2020,GTR,MS,ASO,ES,Federal Contract Tower,0,9,2,51,62,0,2,20,32,54,0,11,22,83,116,4,178,182,298
08/25/2020,GTR,MS,ASO,ES,Federal Contract Tower,0,4,7,53,64,0,0,2,0,2,0,4,9,53,66,2,34,36,102
08/26/2020,GTR,MS,ASO,ES,Federal Contract Tower,0,7,4,49,60,0,3,9,7,19,0,10,13,56,79,12,148,160,239
08/27/2020,GTR,MS,ASO,ES,Federal Contract Tower,0,6,1,58,65,0,0,17,27,44,0,6,18,85,109,6,102,108,217
08/28/2020,GTR,MS,ASO,ES,Federal Contract Tower,0,4,4,42,50,0,2,0,15,17,0,6,4,57,67,2,82,84,151
08/29/2020,GTR,MS,ASO,ES,Federal Contract Tower,0,4,2,0,6,0,1,38,1,40,0,5,40,1,46,10,0,10,56
08/30/2020,GTR,MS,ASO,ES,Federal Contract Tower,0,3,2,0,5,0,2,8,0,10,0,5,10,0,15,0,0,0,15
08/31/2020,GTR,MS,ASO,ES,Federal Contract Tower,0,9,6,58,73,0,4,20,41,65,0,13,26,99,138,2,194,196,334
09/01/2020,GTR,MS,ASO,ES,Federal Contract Tower,0,4,5,64,73,0,0,29,25,54,0,4,34,89,127,44,188,232,359
09/02/2020,GTR,MS,ASO,ES,Federal Contract Tower,0,4,9,69,82,0,3,15,29,47,0,7,24,98,129,6,214,220,349
09/03/2020,GTR,MS,ASO,ES,Federal Contract Tower,0,6,3,30,39,0,6,22,17,45,0,12,25,47,84,8,162,170,254
09/04/2020,GTR,MS,ASO,ES,Federal Contract Tower,0,4,1,2,7,0,0,29,0,29,0,4,30,2,36,18,12,30,66
09/05/2020,GTR,MS,ASO,ES,Federal Contract Tower,0,4,6,0,10,0,0,17,2,19,0,4,23,2,29,10,4,14,43
09/06/2020,GTR,MS,ASO,ES,Federal Contract Tower,0,6,0,0,6,0,0,7,0,7,0,6,7,0,13,6,0,6,19
09/07/2020,GTR,MS,ASO,ES,Federal Contract Tower,0,4,6,5,15,0,4,9,6,19,0,8,15,11,34,0,20,20,54
09/08/2020,GTR,MS,ASO,ES,Federal Contract Tower,0,4,4,53,61,0,1,19,37,57,0,5,23,90,118,16,126,142,260
09/09/2020,GTR,MS,ASO,ES,Federal Contract Tower,0,4,5,48,57,0,2,38,41,81,0,6,43,89,138,4,148,152,290
09/10/2020,GTR,MS,ASO,ES,Federal Contract Tower,0,3,5,51,59,0,0,26,20,46,0,3,31,71,105,16,84,100,205
09/11/2020,GTR,MS,ASO,ES,Federal Contract Tower,0,4,5,31,40,0,0,24,16,40,0,4,29,47,80,2,66,68,148
09/12/2020,GTR,MS,ASO,ES,Federal Contract Tower,0,4,0,13,17,0,4,15,1,20,0,8,15,14,37,16,4,20,57
09/13/2020,GTR,MS,ASO,ES,Federal Contract Tower,0,6,4,21,31,0,2,26,2,30,0,8,30,23,61,10,18,28,89
09/14/2020,GTR,MS,ASO,ES,Federal Contract Tower,0,5,9,23,37,0,2,24,18,44,0,7,33,41,81,24,106,130,211
09/15/2020,GTR,MS,ASO,ES,Federal Contract Tower,0,4,3,37,44,0,6,33,23,62,0,10,36,60,106,20,134,154,260
09/16/2020,GTR,MS,ASO,ES,Federal Contract Tower,0,3,2,24,29,0,0,21,17,38,0,3,23,41,67,0,20,20,87
09/17/2020,GTR,MS,ASO,ES,Federal Contract Tower,0,3,1,32,36,0,1,22,22,45,0,4,23,54,81,14,74,88,169
09/18/2020,GTR,MS,ASO,ES,Federal Contract Tower,0,7,4,32,43,0,1,30,34,65,0,8,34,66,108,22,96,118,226
09/19/2020,GTR,MS,ASO,ES,Federal Contract Tower,0,4,4,23,31,0,0,47,15,62,0,4,51,38,93,54,52,106,199
09/20/2020,GTR,MS,ASO,ES,Federal Contract Tower,0,6,0,25,31,0,1,15,14,30,0,7,15,39,61,16,40,56,117
09/21/2020,GTR,MS,ASO,ES,Federal Contract Tower,0,8,5,41,54,0,0,12,46,58,0,8,17,87,112,4,132,136,248
09/22/2020,GTR,MS,ASO,ES,Federal Contract Tower,0,6,3,32,41,0,3,21,22,46,0,9,24,54,87,16,84,100,187
09/23/2020,GTR,MS,ASO,ES,Federal Contract Tower,0,7,2,57,66,0,0,3,26,29,0,7,5,83,95,0,112,112,207
09/24/2020,GTR,MS,ASO,ES,Federal Contract Tower,0,6,2,19,27,0,0,4,0,4,0,6,6,19,31,0,0,0,31
09/25/2020,GTR,MS,ASO,ES,Federal Contract Tower,2,6,7,70,85,0,0,46,6,52,2,6,53,76,137,0,48,48,185
09/26/2020,GTR,MS,ASO,ES,Federal Contract Tower,0,7,3,12,22,0,2,28,1,31,0,9,31,13,53,8,12,20,73
09/27/2020,GTR,MS,ASO,ES,Federal Contract Tower,0,5,6,19,30,0,2,32,11,45,0,7,38,30,75,12,30,42,117
09/28/2020,GTR,MS,ASO,ES,Federal Contract Tower,0,6,3,70,79,0,2,4,13,19,0,8,7,83,98,0,62,62,160
09/29/2020,GTR,MS,ASO,ES,Federal Contract Tower,0,6,2,36,44,0,2,39,30,71,0,8,41,66,115,32,92,124,239
09/30/2020,GTR,MS,ASO,ES,Federal Contract Tower,0,4,2,37,43,0,0,26,27,53,0,4,28,64,96,10,72,82,178
10/01/2020,GTR,MS,ASO,ES,Federal Contract Tower,0,8,5,33,46,0,1,26,27,54,0,9,31,60,100,8,76,84,184
10/02/2020,GTR,MS,ASO,ES,Federal Contract Tower,0,7,2,40,49,0,1,24,20,45,0,8,26,60,94,8,62,70,164
10/03/2020,GTR,MS,ASO,ES,Federal Contract Tower,0,6,5,5,16,0,1,21,1,23,0,7,26,6,39,10,8,18,57
10/04/2020,GTR,MS,ASO,ES,Federal Contract Tower,0,9,3,1,13,0,0,11,1,12,0,9,14,2,25,14,2,16,41
10/05/2020,GTR,MS,ASO,ES,Federal Contract Tower,0,8,6,39,53,0,3,15,26,44,0,11,21,65,97,28,80,108,205
10/06/2020,GTR,MS,ASO,ES,Federal Contract Tower,0,6,3,46,55,0,0,20,33,53,0,6,23,79,108,30,94,124,232
10/07/2020,GTR,MS,ASO,ES,Federal Contract Tower,0,6,3,38,47,0,4,22,32,58,0,10,25,70,105,12,98,110,215
10/08/2020,GTR,MS,ASO,ES,Federal Contract Tower,0,8,6,3,17,0,2,13,0,15,0,10,19,3,32,4,4,8,40
10/09/2020,GTR,MS,ASO,ES,Federal Contract Tower,2,6,8,3,19,0,4,8,0,12,2,10,16,3,31,4,0,4,35
10/10/2020,GTR,MS,ASO,ES,Federal Contract Tower,0,6,1,0,7,0,2,0,0,2,0,8,1,0,9,0,0,0,9
10/11/2020,GTR,MS,ASO,ES,Federal Contract Tower,0,10,4,6,20,0,3,2,2,7,0,13,6,8,27,0,10,10,37
10/12/2020,GTR,MS,ASO,ES,Federal Contract Tower,0,6,5,0,11,0,1,18,0,19,0,7,23,0,30,14,0,14,44
10/13/2020,GTR,MS,ASO,ES,Federal Contract Tower,0,6,6,34,46,0,0,17,20,37,0,6,23,54,83,8,96,104,187
10/14/2020,GTR,MS,ASO,ES,Federal Contract Tower,0,7,4,37,48,0,3,19,25,47,0,10,23,62,95,14,126,140,235
10/15/2020,GTR,MS,ASO,ES,Federal Contract Tower,0,7,0,21,28,0,0,39,30,69,0,7,39,51,97,8,102,110,207
10/16/2020,GTR,MS,ASO,ES,Federal Contract Tower,2,8,9,35,54,0,2,8,14,24,2,10,17,49,78,10,80,90,168
10/17/2020,GTR,MS,ASO,ES,Federal Contract Tower,1,7,10,15,33,0,1,23,9,33,1,8,33,24,66,8,48,56,122
10/18/2020,GTR,MS,ASO,ES,Federal Contract Tower,2,6,4,19,31,0,4,15,10,29,2,10,19,29,60,0,28,28,88
10/19/2020,GTR,MS,ASO,ES,Federal Contract Tower,0,6,4,39,49,0,2,31,33,66,0,8,35,72,115,28,160,188,303
10/20/2020,GTR,MS,ASO,ES,Federal Contract Tower,0,8,5,27,40,0,3,43,30,76,0,11,48,57,116,20,76,96,212
10/21/2020,GTR,MS,ASO,ES,Federal Contract Tower,0,6,8,36,50,0,2,42,34,78,0,8,50,70,128,8,116,124,252
10/22/2020,GTR,MS,ASO,ES,Federal Contract Tower,0,6,0,41,47,0,5,22,33,60,0,11,22,74,107,14,88,102,209
10/23/2020,GTR,MS,ASO,ES,Federal Contract Tower,0,8,9,46,63,0,1,20,39,60,0,9,29,85,123,6,136,142,265
10/24/2020,GTR,MS,ASO,ES,Federal Contract Tower,0,6,10,5,21,0,0,0,0,0,0,6,10,5,21,0,4,4,25
10/25/2020,GTR,MS,ASO,ES,Federal Contract Tower,0,8,7,13,28,0,1,0,0,1,0,9,7,13,29,0,0,0,29
10/26/2020,GTR,MS,ASO,ES,Federal Contract Tower,0,8,2,41,51,0,0,9,4,13,0,8,11,45,64,8,38,46,110
10/27/2020,GTR,MS,ASO,ES,Federal Contract Tower,0,6,11,20,37,0,0,0,0,0,0,6,11,20,37,0,0,0,37
10/28/2020,GTR,MS,ASO,ES,Federal Contract Tower,0,7,0,0,7,0,0,0,0,0,0,7,0,0,7,0,0,0,7
10/29/2020,GTR,MS,ASO,ES,Federal Contract Tower,0,6,2,15,23,0,0,2,8,10,0,6,4,23,33,0,22,22,55
10/30/2020,GTR,MS,ASO,ES,Federal Contract Tower,0,6,3,36,45,0,0,11,21,32,0,6,14,57,77,12,50,62,139
10/31/2020,GTR,MS,ASO,ES,Federal Contract Tower,0,4,2,6,12,0,2,25,4,31,0,6,27,10,43,30,14,44,87
11/01/2020,GTR,MS,ASO,ES,Federal Contract Tower,0,6,2,6,14,0,4,5,6,15,0,10,7,12,29,4,8,12,41
11/02/2020,GTR,MS,ASO,ES,Federal Contract Tower,0,7,1,40,48,0,3,21,41,65,0,10,22,81,113,28,92,120,233
11/03/2020,GTR,MS,ASO,ES,Federal Contract Tower,0,2,1,34,37,0,0,19,27,46,0,2,20,61,83,12,68,80,163
11/04/2020,GTR,MS,ASO,ES,Federal Contract Tower,0,5,2,37,44,0,2,12,25,39,0,7,14,62,83,14,76,90,173
11/05/2020,GTR,MS,ASO,ES,Federal Contract Tower,0,9,4,46,59,0,2,17,36,55,0,11,21,82,114,2,90,92,206
11/06/2020,GTR,MS,ASO,ES,Federal Contract Tower,0,10,4,52,66,0,3,18,27,48,0,13,22,79,114,0,94,94,208
11/07/2020,GTR,MS,ASO,ES,Federal Contract Tower,1,6,1,0,8,0,1,13,6,20,1,7,14,6,28,12,10,22,50
11/08/2020,GTR,MS,ASO,ES,Federal Contract Tower,0,8,8,7,23,0,3,3,4,10,0,11,11,11,33,0,18,18,51
11/09/2020,GTR,MS,ASO,ES,Federal Contract Tower,0,12,2,32,46,0,2,10,16,28,0,14,12,48,74,12,90,102,176
11/10/2020,GTR,MS,ASO,ES,Federal Contract Tower,0,7,4,47,58,0,1,0,1,2,0,8,4,48,60,2,38,40,100
11/11/2020,GTR,MS,ASO,ES,Federal Contract Tower,0,6,5,8,19,0,5,0,2,7,0,11,5,10,26,0,20,20,46
11/12/2020,GTR,MS,ASO,ES,Federal Contract Tower,0,11,7,42,60,0,1,17,12,30,0,12,24,54,90,22,84,106,196
11/13/2020,GTR,MS,ASO,ES,Federal Contract Tower,0,7,4,22,33,0,0,33,17,50,0,7,37,39,83,16,46,62,145
11/14/2020,GTR,MS,ASO,ES,Federal Contract Tower,0,7,8,6,21,0,0,18,6,24,0,7,26,12,45,4,44,48,93
11/15/2020,GTR,MS,ASO,ES,Federal Contract Tower,0,7,4,9,20,0,0,4,6,10,0,7,8,15,30,2,30,32,62
11/16/2020,GTR,MS,ASO,ES,Federal Contract Tower,0,10,1,38,49,0,5,29,26,60,0,15,30,64,109,26,100,126,235
11/17/2020,GTR,MS,ASO,ES,Federal Contract Tower,0,5,0,38,43,0,0,19,24,43,0,5,19,62,86,2,72,74,160
11/18/2020,GTR,MS,ASO,ES,Federal Contract Tower,0,6,6,65,77,0,1,17,32,50,0,7,23,97,127,6,96,102,229
11/19/2020,GTR,MS,ASO,ES,Federal Contract Tower,0,8,4,60,72,0,2,24,30,56,0,10,28,90,128,18,78,96,224
11/20/2020,GTR,MS,ASO,ES,Federal Contract Tower,2,7,11,54,74,0,3,24,31,58,2,10,35,85,132,14,78,92,224
11/21/2020,GTR,MS,ASO,ES,Federal Contract Tower,0,7,0,19,26,0,1,39,5,45,0,8,39,24,71,38,54,92,163
11/22/2020,GTR,MS,ASO,ES,Federal Contract Tower,0,11,3,15,29,0,4,22,7,33,0,15,25,22,62,24,70,94,156
11/23/2020,GTR,MS,ASO,ES,Federal Contract Tower,0,7,0,41,48,0,0,18,25,43,0,7,18,66,91,22,118,140,231
11/24/2020,GTR,MS,ASO,ES,Federal Contract Tower,0,7,3,35,45,0,2,13,27,42,0,9,16,62,87,24,90,114,201
11/25/2020,GTR,MS,ASO,ES,Federal Contract Tower,0,7,9,0,16,0,1,0,0,1,0,8,9,0,17,0,0,0,17
11/26/2020,GTR,MS,ASO,ES,Federal Contract Tower,0,6,1,0,7,0,0,5,0,5,0,6,6,0,12,0,0,0,12
11/27/2020,GTR,MS,ASO,ES,Federal Contract Tower,0,5,4,0,9,0,0,1,0,1,0,5,5,0,10,0,0,0,10
11/28/2020,GTR,MS,ASO,ES,Federal Contract Tower,0,9,2,0,11,0,0,8,0,8,0,9,10,0,19,6,0,6,25
11/29/2020,GTR,MS,ASO,ES,Federal Contract Tower,0,9,4,0,13,0,0,0,0,0,0,9,4,0,13,0,0,0,13
11/30/2020,GTR,MS,ASO,ES,Federal Contract Tower,0,7,0,30,37,0,0,0,16,16,0,7,0,46,53,0,52,52,105
12/01/2020,GTR,MS,ASO,ES,Federal Contract Tower,0,11,2,22,35,0,4,18,18,40,0,15,20,40,75,6,64,70,145
12/02/2020,GTR,MS,ASO,ES,Federal Contract Tower,0,8,0,24,32,0,2,19,25,46,0,10,19,49,78,12,54,66,144
12/03/2020,GTR,MS,ASO,ES,Federal Contract Tower,0,6,2,29,37,0,0,9,22,31,0,6,11,51,68,24,56,80,148
12/04/2020,GTR,MS,ASO,ES,Federal Contract Tower,0,7,6,33,46,0,0,3,5,8,0,7,9,38,54,0,34,34,88
12/05/2020,GTR,MS,ASO,ES,Federal Contract Tower,0,4,4,6,14,0,4,11,2,17,0,8,15,8,31,20,4,24,55
12/06/2020,GTR,MS,ASO,ES,Federal Contract Tower,0,6,1,6,13,0,7,5,0,12,0,13,6,6,25,10,0,10,35
12/07/2020,GTR,MS,ASO,ES,Federal Contract Tower,0,7,6,16,29,0,4,22,18,44,0,11,28,34,73,20,56,76,149
12/08/2020,GTR,MS,ASO,ES,Federal Contract Tower,0,6,0,28,34,0,2,22,22,46,0,8,22,50,80,22,74,96,176
12/09/2020,GTR,MS,ASO,ES,Federal Contract Tower,0,7,2,40,49,0,3,10,26,39,0,10,12,66,88,30,76,106,194
12/10/2020,GTR,MS,ASO,ES,Federal Contract Tower,0,9,1,33,43,0,5,19,21,45,0,14,20,54,88,18,56,74,162
12/11/2020,GTR,MS,ASO,ES,Federal Contract Tower,0,6,0,40,46,0,0,17,24,41,0,6,17,64,87,2,148,150,237
12/12/2020,GTR,MS,ASO,ES,Federal Contract Tower,0,4,4,4,12,0,1,1,0,2,0,5,5,4,14,0,0,0,14
12/13/2020,GTR,MS,ASO,ES,Federal Contract Tower,0,9,1,2,12,0,3,4,11,18,0,12,5,13,30,8,6,14,44
12/14/2020,GTR,MS,ASO,ES,Federal Contract Tower,0,10,8,20,38,0,2,4,10,16,0,12,12,30,54,8,36,44,98
12/15/2020,GTR,MS,ASO,ES,Federal Contract Tower,0,6,8,43,57,0,2,13,24,39,0,8,21,67,96,2,138,140,236
12/16/2020,GTR,MS,ASO,ES,Federal Contract Tower,0,8,0,3,11,0,2,0,0,2,0,10,0,3,13,0,0,0,13
12/17/2020,GTR,MS,ASO,ES,Federal Contract Tower,0,8,5,54,67,0,2,16,27,45,0,10,21,81,112,2,108,110,222
12/18/2020,GTR,MS,ASO,ES,Federal Contract Tower,2,5,1,29,37,0,2,15,24,41,2,7,16,53,78,8,70,78,156
12/19/2020,GTR,MS,ASO,ES,Federal Contract Tower,2,6,5,14,27,0,3,6,5,14,2,9,11,19,41,0,10,10,51
12/20/2020,GTR,MS,ASO,ES,Federal Contract Tower,0,6,2,15,23,0,0,1,0,1,0,6,3,15,24,0,6,6,30
12/21/2020,GTR,MS,ASO,ES,Federal Contract Tower,0,8,8,28,44,0,0,4,25,29,0,8,12,53,73,0,56,56,129
12/22/2020,GTR,MS,ASO,ES,Federal Contract Tower,0,7,3,22,32,0,0,37,19,56,0,7,40,41,88,2,78,80,168
12/23/2020,GTR,MS,ASO,ES,Federal Contract Tower,0,7,2,0,9,0,2,1,0,3,0,9,3,0,12,0,0,0,12
12/24/2020,GTR,MS,ASO,ES,Federal Contract Tower,0,4,0,0,4,0,4,3,0,7,0,8,3,0,11,0,0,0,11
12/25/2020,GTR,MS,ASO,ES,Federal Contract Tower,0,2,0,0,2,0,2,0,0,2,0,4,0,0,4,0,0,0,4
12/26/2020,GTR,MS,ASO,ES,Federal Contract Tower,0,6,3,0,9,0,1,9,0,10,0,7,12,0,19,6,0,6,25
12/27/2020,GTR,MS,ASO,ES,Federal Contract Tower,0,6,3,0,9,0,1,12,0,13,0,7,15,0,22,2,0,2,24
12/28/2020,GTR,MS,ASO,ES,Federal Contract Tower,0,6,3,0,9,0,1,7,0,8,0,7,10,0,17,4,0,4,21
12/29/2020,GTR,MS,ASO,ES,Federal Contract Tower,0,7,3,8,18,0,0,6,2,8,0,7,9,10,26,8,8,16,42
12/30/2020,GTR,MS,ASO,ES,Federal Contract Tower,2,6,5,10,23,0,5,10,5,20,2,11,15,15,43,16,30,46,89
12/31/2020,GTR,MS,ASO,ES,Federal Contract Tower,2,3,2,5,12,0,0,3,0,3,2,3,5,5,15,0,0,0,15
01/01/2021,GTR,MS,ASO,ES,Federal Contract Tower,0,3,3,0,6,0,1,0,0,1,0,4,3,0,7,0,0,0,7
01/02/2021,GTR,MS,ASO,ES,Federal Contract Tower,0,7,4,0,11,0,3,2,0,5,0,10,6,0,16,14,0,14,30
01/03/2021,GTR,MS,ASO,ES,Federal Contract Tower,0,7,0,0,7,0,4,12,0,16,0,11,12,0,23,4,0,4,27
01/04/2021,GTR,MS,ASO,ES,Federal Contract Tower,0,6,4,0,10,0,0,7,0,7,0,6,11,0,17,2,0,2,19
01/05/2021,GTR,MS,ASO,ES,Federal Contract Tower,0,5,3,71,79,0,4,13,37,54,0,9,16,108,133,10,146,156,289
01/06/2021,GTR,MS,ASO,ES,Federal Contract Tower,0,5,2,51,58,0,1,16,38,55,0,6,18,89,113,8,134,142,255
01/07/2021,GTR,MS,ASO,ES,Federal Contract Tower,0,5,2,2,9,0,0,1,0,1,0,5,3,2,10,0,0,0,10
01/08/2021,GTR,MS,ASO,ES,Federal Contract Tower,0,5,3,10,18,0,2,5,1,8,0,7,8,11,26,0,24,24,50
01/09/2021,GTR,MS,ASO,ES,Federal Contract Tower,0,4,0,3,7,0,4,15,1,20,0,8,15,4,27,12,0,12,39
01/10/2021,GTR,MS,ASO,ES,Federal Contract Tower,0,5,0,1,6,0,2,17,1,20,0,7,17,2,26,18,0,18,44
01/11/2021,GTR,MS,ASO,ES,Federal Contract Tower,2,3,1,0,6,0,0,0,0,0,2,3,1,0,6,0,0,0,6
01/12/2021,GTR,MS,ASO,ES,Federal Contract Tower,2,7,0,36,45,0,2,18,24,44,2,9,18,60,89,12,130,142,231
01/13/2021,GTR,MS,ASO,ES,Federal Contract Tower,1,9,2,22,34,0,3,7,12,22,1,12,9,34,56,4,96,100,156
01/14/2021,GTR,MS,ASO,ES,Federal Contract Tower,0,9,7,37,53,0,0,18,26,44,0,9,25,63,97,30,70,100,197
01/15/2021,GTR,MS,ASO,ES,Federal Contract Tower,1,5,1,42,49,0,5,6,25,36,1,10,7,67,85,6,80,86,171
01/16/2021,GTR,MS,ASO,ES,Federal Contract Tower,1,5,2,8,16,0,8,11,0,19,1,13,13,8,35,0,8,8,43
01/17/2021,GTR,MS,ASO,ES,Federal Contract Tower,0,3,4,17,24,0,2,6,15,23,0,5,10,32,47,2,16,18,65
01/18/2021,GTR,MS,ASO,ES,Federal Contract Tower,0,7,3,24,34,0,2,20,25,47,0,9,23,49,81,14,42,56,137
01/19/2021,GTR,MS,ASO,ES,Federal Contract Tower,0,7,4,73,84,0,3,6,22,31,0,10,10,95,115,12,62,74,189
01/20/2021,GTR,MS,ASO,ES,Federal Contract Tower,0,5,1,37,43,0,0,22,30,52,0,5,23,67,95,34,104,138,233
01/21/2021,GTR,MS,ASO,ES,Federal Contract Tower,0,5,5,14,24,0,0,0,0,0,0,5,5,14,24,0,0,0,24
01/22/2021,GTR,MS,ASO,ES,Federal Contract Tower,0,5,10,41,56,0,0,12,13,25,0,5,22,54,81,2,72,74,155
01/23/2021,GTR,MS,ASO,ES,Federal Contract Tower,0,3,2,39,44,0,3,21,28,52,0,6,23,67,96,26,72,98,194
01/24/2021,GTR,MS,ASO,ES,Federal Contract Tower,0,5,10,35,50,0,0,0,1,1,0,5,10,36,51,0,16,16,67
01/25/2021,GTR,MS,ASO,ES,Federal Contract Tower,2,5,7,21,35,0,1,2,2,5,2,6,9,23,40,0,30,30,70
01/26/2021,GTR,MS,ASO,ES,Federal Contract Tower,0,4,6,36,46,0,6,22,40,68,0,10,28,76,114,14,94,108,222
01/27/2021,GTR,MS,ASO,ES,Federal Contract Tower,0,4,5,41,50,0,1,9,24,34,0,5,14,65,84,6,94,100,184
01/28/2021,GTR,MS,ASO,ES,Federal Contract Tower,0,9,17,36,62,0,0,28,40,68,0,9,45,76,130,36,118,154,284
01/29/2021,GTR,MS,ASO,ES,Federal Contract Tower,0,5,5,18,28,0,3,21,29,53,0,8,26,47,81,14,102,116,197
01/30/2021,GTR,MS,ASO,ES,Federal Contract Tower,0,3,3,10,16,0,2,5,10,17,0,5,8,20,33,6,50,56,89
01/31/2021,GTR,MS,ASO,ES,Federal Contract Tower,0,7,0,12,19,0,0,10,5,15,0,7,10,17,34,10,18,28,62
02/01/2021,GTR,MS,ASO,ES,Federal Contract Tower,0,7,4,60,71,0,0,0,46,46,0,7,4,106,117,0,128,128,245
02/02/2021,GTR,MS,ASO,ES,Federal Contract Tower,0,3,2,42,47,0,0,18,37,55,0,3,20,79,102,50,164,214,316
02/03/2021,GTR,MS,ASO,ES,Federal Contract Tower,0,3,3,35,41,0,0,21,36,57,0,3,24,71,98,10,96,106,204
02/04/2021,GTR,MS,ASO,ES,Federal Contract Tower,0,5,6,37,48,0,3,11,28,42,0,8,17,65,90,14,176,190,280
02/05/2021,GTR,MS,ASO,ES,Federal Contract Tower,0,7,3,33,43,0,1,25,29,55,0,8,28,62,98,30,86,116,214
02/06/2021,GTR,MS,ASO,ES,Federal Contract Tower,0,3,2,7,12,0,0,9,1,10,0,3,11,8,22,6,4,10,32
02/07/2021,GTR,MS,ASO,ES,Federal Contract Tower,0,3,4,15,22,0,2,5,4,11,0,5,9,19,33,2,14,16,49
02/08/2021,GTR,MS,ASO,ES,Federal Contract Tower,0,7,2,32,41,0,2,12,24,38,0,9,14,56,79,14,102,116,195
02/09/2021,GTR,MS,ASO,ES,Federal Contract Tower,0,8,3,44,55,0,3,34,41,78,0,11,37,85,133,18,256,274,407
02/10/2021,GTR,MS,ASO,ES,Federal Contract Tower,0,3,0,44,47,0,0,32,34,66,0,3,32,78,113,24,190,214,327
02/11/2021,GTR,MS,ASO,ES,Federal Contract Tower,0,7,1,4,12,0,0,0,0,0,0,7,1,4,12,0,0,0,12
02/12/2021,GTR,MS,ASO,ES,Federal Contract Tower,2,9,4,6,21,0,0,0,0,0,2,9,4,6,21,0,0,0,21
02/13/2021,GTR,MS,ASO,ES,Federal Contract Tower,2,0,1,0,3,0,0,0,0,0,2,0,1,0,3,0,0,0,3
02/14/2021,GTR,MS,ASO,ES,Federal Contract Tower,0,3,2,0,5,0,0,0,0,0,0,3,2,0,5,0,0,0,5
02/15/2021,GTR,MS,ASO,ES,Federal Contract Tower,0,0,0,0,0,0,0,0,0,0,0,0,0,0,0,0,0,0,0
02/16/2021,GTR,MS,ASO,ES,Federal Contract Tower,0,0,0,0,0,0,0,0,0,0,0,0,0,0,0,0,0,0,0
02/17/2021,GTR,MS,ASO,ES,Federal Contract Tower,0,0,0,0,0,0,0,0,0,0,0,0,0,0,0,0,0,0,0
02/18/2021,GTR,MS,ASO,ES,Federal Contract Tower,0,4,0,0,4,0,0,0,0,0,0,4,0,0,4,0,0,0,4
02/19/2021,GTR,MS,ASO,ES,Federal Contract Tower,0,6,6,23,35,0,4,1,6,11,0,10,7,29,46,0,28,28,74
02/20/2021,GTR,MS,ASO,ES,Federal Contract Tower,0,3,6,0,9,0,5,19,0,24,0,8,25,0,33,46,0,46,79
02/21/2021,GTR,MS,ASO,ES,Federal Contract Tower,0,7,2,0,9,0,2,19,0,21,0,9,21,0,30,26,0,26,56
02/22/2021,GTR,MS,ASO,ES,Federal Contract Tower,0,7,15,4,26,0,3,24,1,28,0,10,39,5,54,18,0,18,72
02/23/2021,GTR,MS,ASO,ES,Federal Contract Tower,0,7,4,88,99,0,1,30,56,87,0,8,34,144,186,12,274,286,472
02/24/2021,GTR,MS,ASO,ES,Federal Contract Tower,0,3,4,45,52,0,4,53,49,106,0,7,57,94,158,34,134,168,326
02/25/2021,GTR,MS,ASO,ES,Federal Contract Tower,0,7,4,57,68,0,0,44,25,69,0,7,48,82,137,14,94,108,245
02/26/2021,GTR,MS,ASO,ES,Federal Contract Tower,0,5,5,15,25,0,0,4,2,6,0,5,9,17,31,0,12,12,43
02/27/2021,GTR,MS,ASO,ES,Federal Contract Tower,0,3,5,15,23,0,6,49,4,59,0,9,54,19,82,16,20,36,118
02/28/2021,GTR,MS,ASO,ES,Federal Contract Tower,0,5,12,8,25,0,3,10,6,19,0,8,22,14,44,24,14,38,82
03/01/2021,GTR,MS,ASO,ES,Federal Contract Tower,0,10,2,39,51,0,0,4,3,7,0,10,6,42,58,0,36,36,94
03/02/2021,GTR,MS,ASO,ES,Federal Contract Tower,0,3,8,34,45,0,0,9,26,35,0,3,17,60,80,8,112,120,200
03/03/2021,GTR,MS,ASO,ES,Federal Contract Tower,0,4,11,60,75,0,1,35,11,47,0,5,46,71,122,34,100,134,256
03/04/2021,GTR,MS,ASO,ES,Federal Contract Tower,0,11,3,39,53,0,0,53,21,74,0,11,56,60,127,46,56,102,229
03/05/2021,GTR,MS,ASO,ES,Federal Contract Tower,0,8,1,42,51,0,4,37,32,73,0,12,38,74,124,20,82,102,226
03/06/2021,GTR,MS,ASO,ES,Federal Contract Tower,0,3,4,11,18,0,0,15,11,26,0,3,19,22,44,12,36,48,92
03/07/2021,GTR,MS,ASO,ES,Federal Contract Tower,0,7,1,15,23,0,4,41,7,52,0,11,42,22,75,6,30,36,111
03/08/2021,GTR,MS,ASO,ES,Federal Contract Tower,0,7,3,25,35,0,2,43,28,73,0,9,46,53,108,50,102,152,260
03/09/2021,GTR,MS,ASO,ES,Federal Contract Tower,0,4,6,18,28,0,1,48,17,66,0,5,54,35,94,10,48,58,152
03/10/2021,GTR,MS,ASO,ES,Federal Contract Tower,0,3,0,34,37,0,0,26,30,56,0,3,26,64,93,14,158,172,265
03/11/2021,GTR,MS,ASO,ES,Federal Contract Tower,0,7,5,45,57,0,8,28,41,77,0,15,33,86,134,28,92,120,254
03/12/2021,GTR,MS,ASO,ES,Federal Contract Tower,0,5,6,35,46,0,2,38,24,64,0,7,44,59,110,24,128,152,262
03/13/2021,GTR,MS,ASO,ES,Federal Contract Tower,0,3,1,12,16,0,6,34,5,45,0,9,35,17,61,18,14,32,93
03/14/2021,GTR,MS,ASO,ES,Federal Contract Tower,0,5,9,10,24,0,2,8,7,17,0,7,17,17,41,6,58,64,105
03/15/2021,GTR,MS,ASO,ES,Federal Contract Tower,0,7,7,6,20,0,1,7,1,9,0,8,14,7,29,20,0,20,49
03/16/2021,GTR,MS,ASO,ES,Federal Contract Tower,0,3,8,3,14,0,0,18,0,18,0,3,26,3,32,26,0,26,58
03/17/2021,GTR,MS,ASO,ES,Federal Contract Tower,0,3,1,0,4,0,0,0,0,0,0,3,1,0,4,0,0,0,4
03/18/2021,GTR,MS,ASO,ES,Federal Contract Tower,0,8,9,0,17,0,0,14,8,22,0,8,23,8,39,10,8,18,57
03/19/2021,GTR,MS,ASO,ES,Federal Contract Tower,0,3,7,39,49,0,0,3,15,18,0,3,10,54,67,2,82,84,151
03/20/2021,GTR,MS,ASO,ES,Federal Contract Tower,0,3,2,16,21,0,1,23,16,40,0,4,25,32,61,40,36,76,137
03/21/2021,GTR,MS,ASO,ES,Federal Contract Tower,0,8,3,6,17,0,2,29,13,44,0,10,32,19,61,27,20,47,108
03/22/2021,GTR,MS,ASO,ES,Federal Contract Tower,0,7,4,39,50,0,1,25,33,59,0,8,29,72,109,20,142,162,271
03/23/2021,GTR,MS,ASO,ES,Federal Contract Tower,0,3,9,11,23,0,0,5,0,5,0,3,14,11,28,12,0,12,40
03/24/2021,GTR,MS,ASO,ES,Federal Contract Tower,0,4,11,4,19,0,0,43,0,43,0,4,54,4,62,14,0,14,76
03/25/2021,GTR,MS,ASO,ES,Federal Contract Tower,2,8,2,0,12,0,0,4,0,4,2,8,6,0,16,2,0,2,18
03/26/2021,GTR,MS,ASO,ES,Federal Contract Tower,0,10,2,7,19,0,2,31,3,36,0,12,33,10,55,2,10,12,67
03/27/2021,GTR,MS,ASO,ES,Federal Contract Tower,0,4,3,10,17,0,4,0,6,10,0,8,3,16,27,0,48,48,75
03/28/2021,GTR,MS,ASO,ES,Federal Contract Tower,2,7,4,24,37,0,4,1,0,5,2,11,5,24,42,0,6,6,48
03/29/2021,GTR,MS,ASO,ES,Federal Contract Tower,0,9,10,49,68,0,1,39,48,88,0,10,49,97,156,34,146,180,336
03/30/2021,GTR,MS,ASO,ES,Federal Contract Tower,0,3,0,65,68,0,1,16,51,68,0,4,16,116,136,18,208,226,362
03/31/2021,GTR,MS,ASO,ES,Federal Contract Tower,0,6,0,14,20,0,2,0,7,9,0,8,0,21,29,0,36,36,65
04/01/2021,GTR,MS,ASO,ES,Federal Contract Tower,0,7,6,33,46,0,2,16,25,43,0,9,22,58,89,0,74,74,163
04/02/2021,GTR,MS,ASO,ES,Federal Contract Tower,0,5,2,1,8,0,3,24,0,27,0,8,26,1,35,12,0,12,47
04/03/2021,GTR,MS,ASO,ES,Federal Contract Tower,0,3,1,5,9,0,2,27,0,29,0,5,28,5,38,12,0,12,50
04/04/2021,GTR,MS,ASO,ES,Federal Contract Tower,0,5,2,2,9,0,0,8,2,10,0,5,10,4,19,6,6,12,31
04/05/2021,GTR,MS,ASO,ES,Federal Contract Tower,0,5,18,36,59,0,0,9,36,45,0,5,27,72,104,0,86,86,190
04/06/2021,GTR,MS,ASO,ES,Federal Contract Tower,0,5,2,43,50,0,0,53,36,89,0,5,55,79,139,12,256,268,407
04/07/2021,GTR,MS,ASO,ES,Federal Contract Tower,0,3,15,37,55,0,3,20,23,46,0,6,35,60,101,8,78,86,187
04/08/2021,GTR,MS,ASO,ES,Federal Contract Tower,0,7,10,45,62,0,0,21,22,43,0,7,31,67,105,14,100,114,219
04/09/2021,GTR,MS,ASO,ES,Federal Contract Tower,0,7,10,32,49,0,0,13,6,19,0,7,23,38,68,0,16,16,84
04/10/2021,GTR,MS,ASO,ES,Federal Contract Tower,0,3,2,0,5,0,1,6,0,7,0,4,8,0,12,4,0,4,16
04/11/2021,GTR,MS,ASO,ES,Federal Contract Tower,0,5,5,4,14,0,0,27,10,37,0,5,32,14,51,10,10,20,71
04/12/2021,GTR,MS,ASO,ES,Federal Contract Tower,0,8,12,47,67,0,0,40,38,78,0,8,52,85,145,24,100,124,269
04/13/2021,GTR,MS,ASO,ES,Federal Contract Tower,0,7,6,35,48,0,0,43,29,72,0,7,49,64,120,10,112,122,242
04/14/2021,GTR,MS,ASO,ES,Federal Contract Tower,0,7,12,31,50,0,0,10,12,22,0,7,22,43,72,0,98,98,170
04/15/2021,GTR,MS,ASO,ES,Federal Contract Tower,1,8,8,23,40,0,0,17,24,41,1,8,25,47,81,4,34,38,119
04/16/2021,GTR,MS,ASO,ES,Federal Contract Tower,0,6,2,28,36,0,0,21,22,43,0,6,23,50,79,12,150,162,241
04/17/2021,GTR,MS,ASO,ES,Federal Contract Tower,0,3,4,5,12,0,3,12,2,17,0,6,16,7,29,14,12,26,55
04/18/2021,GTR,MS,ASO,ES,Federal Contract Tower,0,10,0,12,22,0,0,14,28,42,0,10,14,40,64,2,20,22,86
04/19/2021,GTR,MS,ASO,ES,Federal Contract Tower,0,7,9,32,48,0,0,15,30,45,0,7,24,62,93,18,108,126,219
04/20/2021,GTR,MS,ASO,ES,Federal Contract Tower,0,8,2,34,44,0,0,46,36,82,0,8,48,70,126,14,176,190,316
04/21/2021,GTR,MS,ASO,ES,Federal Contract Tower,0,6,6,33,45,0,0,13,35,48,0,6,19,68,93,26,150,176,269
04/22/2021,GTR,MS,ASO,ES,Federal Contract Tower,0,6,5,45,56,0,2,29,38,69,0,8,34,83,125,16,146,162,287
04/23/2021,GTR,MS,ASO,ES,Federal Contract Tower,0,5,7,51,63,0,4,3,42,49,0,9,10,93,112,0,114,114,226
04/24/2021,GTR,MS,ASO,ES,Federal Contract Tower,0,3,3,10,16,0,2,2,6,10,0,5,5,16,26,0,10,10,36
04/25/2021,GTR,MS,ASO,ES,Federal Contract Tower,0,8,4,7,19,0,3,7,13,23,0,11,11,20,42,2,54,56,98
04/26/2021,GTR,MS,ASO,ES,Federal Contract Tower,0,6,8,71,85,0,2,23,14,39,0,8,31,85,124,20,50,70,194
04/27/2021,GTR,MS,ASO,ES,Federal Contract Tower,0,5,3,46,54,0,4,16,24,44,0,9,19,70,98,10,132,142,240
04/28/2021,GTR,MS,ASO,ES,Federal Contract Tower,0,7,3,74,84,0,3,11,7,21,0,10,14,81,105,2,78,80,185
04/29/2021,GTR,MS,ASO,ES,Federal Contract Tower,1,8,10,69,88,0,0,17,11,28,1,8,27,80,116,0,24,24,140
04/30/2021,GTR,MS,ASO,ES,Federal Contract Tower,0,9,3,70,82,0,1,8,10,19,0,10,11,80,101,2,30,32,133
05/01/2021,GTR,MS,ASO,ES,Federal Contract Tower,0,3,0,6,9,0,7,0,5,12,0,10,0,11,21,0,8,8,29
05/02/2021,GTR,MS,ASO,ES,Federal Contract Tower,0,7,2,18,27,0,0,9,4,13,0,7,11,22,40,24,18,42,82
05/03/2021,GTR,MS,ASO,ES,Federal Contract Tower,0,8,8,62,78,0,2,9,2,13,0,10,17,64,91,0,0,0,91
05/04/2021,GTR,MS,ASO,ES,Federal Contract Tower,0,7,3,22,32,0,0,2,0,2,0,7,5,22,34,0,0,0,34
05/05/2021,GTR,MS,ASO,ES,Federal Contract Tower,0,8,7,25,40,0,2,11,7,20,0,10,18,32,60,6,20,26,86
05/06/2021,GTR,MS,ASO,ES,Federal Contract Tower,0,5,9,67,81,0,2,16,21,39,0,7,25,88,120,2,36,38,158
05/07/2021,GTR,MS,ASO,ES,Federal Contract Tower,0,5,7,56,68,0,6,32,15,53,0,11,39,71,121,18,38,56,177
05/08/2021,GTR,MS,ASO,ES,Federal Contract Tower,0,5,12,14,31,0,2,38,15,55,0,7,50,29,86,4,42,46,132
05/09/2021,GTR,MS,ASO,ES,Federal Contract Tower,0,7,6,33,46,0,2,25,9,36,0,9,31,42,82,4,14,18,100
05/10/2021,GTR,MS,ASO,ES,Federal Contract Tower,0,7,7,61,75,0,0,0,0,0,0,7,7,61,75,0,0,0,75
05/11/2021,GTR,MS,ASO,ES,Federal Contract Tower,0,6,4,61,71,0,0,4,0,4,0,6,8,61,75,2,0,2,77
05/12/2021,GTR,MS,ASO,ES,Federal Contract Tower,0,7,9,63,79,0,2,21,11,34,0,9,30,74,113,10,34,44,157
05/13/2021,GTR,MS,ASO,ES,Federal Contract Tower,0,7,3,61,71,0,2,40,25,67,0,9,43,86,138,4,48,52,190
05/14/2021,GTR,MS,ASO,ES,Federal Contract Tower,0,7,2,57,66,0,4,30,6,40,0,11,32,63,106,4,22,26,132
05/16/2021,GTR,MS,ASO,ES,Federal Contract Tower,0,6,5,33,44,0,2,23,5,30,0,8,28,38,74,36,18,54,128
05/17/2021,GTR,MS,ASO,ES,Federal Contract Tower,0,7,4,33,44,0,3,13,26,42,0,10,17,59,86,2,110,112,198
05/18/2021,GTR,MS,ASO,ES,Federal Contract Tower,0,5,1,39,45,0,1,1,26,28,0,6,2,65,73,0,54,54,127
05/19/2021,GTR,MS,ASO,ES,Federal Contract Tower,0,7,3,20,30,0,2,9,22,33,0,9,12,42,63,8,82,90,153
05/20/2021,GTR,MS,ASO,ES,Federal Contract Tower,2,5,2,24,33,0,0,15,22,37,2,5,17,46,70,8,82,90,160
05/21/2021,GTR,MS,ASO,ES,Federal Contract Tower,0,4,7,26,37,0,6,21,23,50,0,10,28,49,87,2,126,128,215
05/22/2021,GTR,MS,ASO,ES,Federal Contract Tower,0,5,1,2,8,0,8,18,2,28,0,13,19,4,36,2,0,2,38
05/23/2021,GTR,MS,ASO,ES,Federal Contract Tower,0,10,3,10,23,0,6,9,0,15,0,16,12,10,38,20,6,26,64
05/24/2021,GTR,MS,ASO,ES,Federal Contract Tower,0,10,8,26,44,0,2,11,33,46,0,12,19,59,90,4,80,84,174
05/25/2021,GTR,MS,ASO,ES,Federal Contract Tower,0,9,5,30,44,0,2,27,30,59,0,11,32,60,103,28,72,100,203
05/26/2021,GTR,MS,ASO,ES,Federal Contract Tower,0,10,6,42,58,0,1,28,31,60,0,11,34,73,118,0,182,182,300
05/27/2021,GTR,MS,ASO,ES,Federal Contract Tower,0,5,2,30,37,0,0,25,27,52,0,5,27,57,89,12,134,146,235
05/28/2021,GTR,MS,ASO,ES,Federal Contract Tower,0,5,5,5,15,0,0,17,3,20,0,5,22,8,35,46,22,68,103
05/29/2021,GTR,MS,ASO,ES,Federal Contract Tower,0,3,2,4,9,0,4,4,1,9,0,7,6,5,18,6,2,8,26
05/30/2021,GTR,MS,ASO,ES,Federal Contract Tower,0,5,0,2,7,0,3,0,2,5,0,8,0,4,12,0,46,46,58
05/31/2021,GTR,MS,ASO,ES,Federal Contract Tower,0,5,4,0,9,0,2,47,2,51,0,7,51,2,60,10,0,10,70
06/01/2021,GTR,MS,ASO,ES,Federal Contract Tower,0,7,4,42,53,0,2,68,35,105,0,9,72,77,158,74,98,172,330
06/02/2021,GTR,MS,ASO,ES,Federal Contract Tower,2,6,5,7,20,0,0,14,0,14,2,6,19,7,34,4,0,4,38
06/03/2021,GTR,MS,ASO,ES,Federal Contract Tower,0,5,7,33,45,0,0,30,34,64,0,5,37,67,109,24,158,182,291
06/04/2021,GTR,MS,ASO,ES,Federal Contract Tower,0,7,5,24,36,0,2,36,23,61,0,9,41,47,97,4,58,62,159
06/05/2021,GTR,MS,ASO,ES,Federal Contract Tower,0,5,3,25,33,0,1,20,4,25,0,6,23,29,58,6,10,16,74
06/06/2021,GTR,MS,ASO,ES,Federal Contract Tower,0,5,2,8,15,0,0,0,1,1,0,5,2,9,16,0,0,0,16
06/07/2021,GTR,MS,ASO,ES,Federal Contract Tower,0,7,10,48,65,0,0,29,6,35,0,7,39,54,100,20,44,64,164
06/08/2021,GTR,MS,ASO,ES,Federal Contract Tower,0,7,6,33,46,0,0,13,9,22,0,7,19,42,68,6,30,36,104
06/09/2021,GTR,MS,ASO,ES,Federal Contract Tower,0,6,3,13,22,0,0,3,0,3,0,6,6,13,25,0,10,10,35
06/10/2021,GTR,MS,ASO,ES,Federal Contract Tower,2,6,1,47,56,0,2,3,6,11,2,8,4,53,67,0,28,28,95
06/11/2021,GTR,MS,ASO,ES,Federal Contract Tower,0,6,2,36,44,0,3,12,8,23,0,9,14,44,67,16,34,50,117
06/12/2021,GTR,MS,ASO,ES,Federal Contract Tower,0,5,1,30,36,0,1,17,8,26,0,6,18,38,62,14,8,22,84
06/13/2021,GTR,MS,ASO,ES,Federal Contract Tower,0,7,3,15,25,0,2,9,1,12,0,9,12,16,37,4,2,6,43
06/14/2021,GTR,MS,ASO,ES,Federal Contract Tower,0,7,3,45,55,0,5,22,34,61,0,12,25,79,116,6,128,134,250
06/15/2021,GTR,MS,ASO,ES,Federal Contract Tower,2,9,3,15,29,0,3,28,16,47,2,12,31,31,76,8,74,82,158
06/16/2021,GTR,MS,ASO,ES,Federal Contract Tower,0,11,7,30,48,0,2,8,34,44,0,13,15,64,92,0,76,76,168
06/17/2021,GTR,MS,ASO,ES,Federal Contract Tower,0,7,4,26,37,0,3,20,26,49,0,10,24,52,86,10,66,76,162
06/18/2021,GTR,MS,ASO,ES,Federal Contract Tower,0,7,2,6,15,0,2,52,15,69,0,9,54,21,84,14,24,38,122
06/19/2021,GTR,MS,ASO,ES,Federal Contract Tower,0,5,1,0,6,0,0,0,0,0,0,5,1,0,6,0,0,0,6
06/20/2021,GTR,MS,ASO,ES,Federal Contract Tower,0,5,4,18,27,0,3,34,4,41,0,8,38,22,68,8,32,40,108
06/21/2021,GTR,MS,ASO,ES,Federal Contract Tower,0,11,5,52,68,0,4,17,17,38,0,15,22,69,106,6,170,176,282
06/22/2021,GTR,MS,ASO,ES,Federal Contract Tower,0,5,2,39,46,0,0,20,15,35,0,5,22,54,81,24,138,162,243
06/23/2021,GTR,MS,ASO,ES,Federal Contract Tower,0,7,7,19,33,0,2,25,21,48,0,9,32,40,81,24,80,104,185
06/24/2021,GTR,MS,ASO,ES,Federal Contract Tower,0,5,2,37,44,0,0,38,32,70,0,5,40,69,114,50,98,148,262
06/25/2021,GTR,MS,ASO,ES,Federal Contract Tower,0,8,5,47,60,0,1,53,8,62,0,9,58,55,122,4,28,32,154
06/26/2021,GTR,MS,ASO,ES,Federal Contract Tower,0,3,3,21,27,0,0,20,6,26,0,3,23,27,53,12,88,100,153
06/27/2021,GTR,MS,ASO,ES,Federal Contract Tower,0,8,0,13,21,0,4,14,9,27,0,12,14,22,48,0,14,14,62
06/28/2021,GTR,MS,ASO,ES,Federal Contract Tower,0,8,4,32,44,0,6,42,22,70,0,14,46,54,114,12,98,110,224
06/29/2021,GTR,MS,ASO,ES,Federal Contract Tower,0,5,3,18,26,0,3,45,17,65,0,8,48,35,91,12,40,52,143
06/30/2021,GTR,MS,ASO,ES,Federal Contract Tower,0,5,3,21,29,0,0,35,23,58,0,5,38,44,87,4,76,80,167
07/01/2021,GTR,MS,ASO,ES,Federal Contract Tower,2,12,7,56,77,0,0,101,29,130,2,12,108,85,207,0,136,136,343
07/02/2021,GTR,MS,ASO,ES,Federal Contract Tower,0,9,4,4,17,0,1,2,0,3,0,10,6,4,20,0,0,0,20
07/03/2021,GTR,MS,ASO,ES,Federal Contract Tower,0,3,3,0,6,0,3,29,0,32,0,6,32,0,38,30,0,30,68
07/04/2021,GTR,MS,ASO,ES,Federal Contract Tower,0,3,4,0,7,0,4,8,0,12,0,7,12,0,19,12,0,12,31
07/05/2021,GTR,MS,ASO,ES,Federal Contract Tower,0,5,6,2,13,0,8,29,7,44,0,13,35,9,57,2,6,8,65
07/06/2021,GTR,MS,ASO,ES,Federal Contract Tower,0,8,13,35,56,0,1,5,12,18,0,9,18,47,74,0,80,80,154
07/07/2021,GTR,MS,ASO,ES,Federal Contract Tower,0,7,3,12,22,0,2,0,2,4,0,9,3,14,26,0,38,38,64
07/08/2021,GTR,MS,ASO,ES,Federal Contract Tower,0,5,1,40,46,0,0,31,18,49,0,5,32,58,95,28,34,62,157
07/09/2021,GTR,MS,ASO,ES,Federal Contract Tower,0,5,5,61,71,0,0,50,35,85,0,5,55,96,156,14,170,184,340
07/10/2021,GTR,MS,ASO,ES,Federal Contract Tower,0,3,6,24,33,0,0,22,5,27,0,3,28,29,60,12,18,30,90
07/11/2021,GTR,MS,ASO,ES,Federal Contract Tower,0,6,3,28,37,0,0,0,13,13,0,6,3,41,50,0,60,60,110
07/12/2021,GTR,MS,ASO,ES,Federal Contract Tower,0,6,3,48,57,0,0,11,30,41,0,6,14,78,98,0,204,204,302
07/13/2021,GTR,MS,ASO,ES,Federal Contract Tower,0,5,4,24,33,0,4,24,19,47,0,9,28,43,80,2,62,64,144
07/14/2021,GTR,MS,ASO,ES,Federal Contract Tower,0,7,5,34,46,0,2,34,34,70,0,9,39,68,116,36,138,174,290
07/15/2021,GTR,MS,ASO,ES,Federal Contract Tower,0,5,4,26,35,0,2,20,28,50,0,7,24,54,85,2,76,78,163
07/16/2021,GTR,MS,ASO,ES,Federal Contract Tower,0,9,3,16,28,0,0,26,16,42,0,9,29,32,70,10,4,14,84
07/17/2021,GTR,MS,ASO,ES,Federal Contract Tower,0,3,2,31,36,0,0,12,4,16,0,3,14,35,52,18,34,52,104
07/18/2021,GTR,MS,ASO,ES,Federal Contract Tower,0,12,2,27,41,0,0,4,1,5,0,12,6,28,46,0,2,2,48
07/19/2021,GTR,MS,ASO,ES,Federal Contract Tower,0,9,3,42,54,0,2,3,23,28,0,11,6,65,82,4,110,114,196
07/20/2021,GTR,MS,ASO,ES,Federal Contract Tower,0,8,4,75,87,0,0,10,8,18,0,8,14,83,105,2,42,44,149
07/21/2021,GTR,MS,ASO,ES,Federal Contract Tower,0,10,3,48,61,0,2,21,20,43,0,12,24,68,104,0,58,58,162
07/22/2021,GTR,MS,ASO,ES,Federal Contract Tower,0,5,4,39,48,0,2,50,17,69,0,7,54,56,117,16,24,40,157
07/23/2021,GTR,MS,ASO,ES,Federal Contract Tower,0,10,2,35,47,0,2,26,29,57,0,12,28,64,104,12,47,59,163
07/24/2021,GTR,MS,ASO,ES,Federal Contract Tower,0,3,4,34,41,0,0,33,23,56,0,3,37,57,97,0,28,28,125
07/25/2021,GTR,MS,ASO,ES,Federal Contract Tower,0,7,2,39,48,0,0,27,6,33,0,7,29,45,81,2,30,32,113
07/26/2021,GTR,MS,ASO,ES,Federal Contract Tower,0,8,1,27,36,0,3,20,17,40,0,11,21,44,76,0,50,50,126
07/27/2021,GTR,MS,ASO,ES,Federal Contract Tower,0,10,11,47,68,0,2,54,23,79,0,12,65,70,147,24,136,160,307
07/28/2021,GTR,MS,ASO,ES,Federal Contract Tower,0,7,3,41,51,0,1,34,26,61,0,8,37,67,112,34,64,98,210
07/29/2021,GTR,MS,ASO,ES,Federal Contract Tower,0,6,4,39,49,0,7,19,31,57,0,13,23,70,106,35,116,151,257
07/30/2021,GTR,MS,ASO,ES,Federal Contract Tower,0,7,4,42,53,0,0,48,28,76,0,7,52,70,129,20,132,152,281
07/31/2021,GTR,MS,ASO,ES,Federal Contract Tower,0,4,7,12,23,0,0,19,4,23,0,4,26,16,46,4,2,6,52
08/01/2021,GTR,MS,ASO,ES,Federal Contract Tower,0,5,4,8,17,0,3,10,4,17,0,8,14,12,34,32,12,44,78
08/02/2021,GTR,MS,ASO,ES,Federal Contract Tower,0,7,0,35,42,0,2,6,1,9,0,9,6,36,51,10,32,42,93
08/03/2021,GTR,MS,ASO,ES,Federal Contract Tower,0,5,5,40,50,0,0,61,29,90,0,5,66,69,140,6,92,98,238
08/04/2021,GTR,MS,ASO,ES,Federal Contract Tower,0,7,8,27,42,0,0,85,22,107,0,7,93,49,149,0,58,58,207
08/05/2021,GTR,MS,ASO,ES,Federal Contract Tower,0,7,4,32,43,0,7,44,25,76,0,14,48,57,119,0,54,54,173
08/06/2021,GTR,MS,ASO,ES,Federal Contract Tower,0,7,7,19,33,0,0,28,22,50,0,7,35,41,83,16,44,60,143
08/07/2021,GTR,MS,ASO,ES,Federal Contract Tower,0,3,0,14,17,0,2,27,3,32,0,5,27,17,49,2,18,20,69
08/08/2021,GTR,MS,ASO,ES,Federal Contract Tower,0,5,3,3,11,0,5,14,0,19,0,10,17,3,30,40,0,40,70
08/09/2021,GTR,MS,ASO,ES,Federal Contract Tower,0,8,3,57,68,0,2,42,38,82,0,10,45,95,150,10,134,144,294
08/10/2021,GTR,MS,ASO,ES,Federal Contract Tower,0,7,14,24,45,0,1,51,28,80,0,8,65,52,125,38,62,100,225
08/11/2021,GTR,MS,ASO,ES,Federal Contract Tower,0,6,4,20,30,0,2,32,27,61,0,8,36,47,91,4,42,46,137
08/12/2021,GTR,MS,ASO,ES,Federal Contract Tower,0,5,7,40,52,0,3,16,34,53,0,8,23,74,105,2,112,114,219
08/13/2021,GTR,MS,ASO,ES,Federal Contract Tower,0,7,4,56,67,0,6,36,30,72,0,13,40,86,139,14,132,146,285
08/14/2021,GTR,MS,ASO,ES,Federal Contract Tower,0,3,3,12,18,0,5,34,6,45,0,8,37,18,63,16,20,36,99
08/15/2021,GTR,MS,ASO,ES,Federal Contract Tower,0,8,1,16,25,0,0,6,0,6,0,8,7,16,31,0,10,10,41
08/16/2021,GTR,MS,ASO,ES,Federal Contract Tower,0,6,5,39,50,0,6,19,7,32,0,12,24,46,82,2,62,64,146
08/17/2021,GTR,MS,ASO,ES,Federal Contract Tower,0,9,0,36,45,0,2,57,35,94,0,11,57,71,139,4,74,78,217
08/18/2021,GTR,MS,ASO,ES,Federal Contract Tower,0,7,4,51,62,0,2,14,26,42,0,9,18,77,104,8,78,86,190
08/19/2021,GTR,MS,ASO,ES,Federal Contract Tower,0,9,8,30,47,0,0,10,4,14,0,9,18,34,61,0,4,4,65
08/20/2021,GTR,MS,ASO,ES,Federal Contract Tower,0,9,8,46,63,0,0,0,2,2,0,9,8,48,65,0,32,32,97
08/21/2021,GTR,MS,ASO,ES,Federal Contract Tower,0,3,6,10,19,0,4,35,3,42,0,7,41,13,61,14,38,52,113
08/22/2021,GTR,MS,ASO,ES,Federal Contract Tower,0,5,3,11,19,0,2,6,3,11,0,7,9,14,30,10,10,20,50
08/23/2021,GTR,MS,ASO,ES,Federal Contract Tower,0,5,3,35,43,0,6,35,31,72,0,11,38,66,115,22,146,168,283
08/24/2021,GTR,MS,ASO,ES,Federal Contract Tower,0,6,6,33,45,0,4,40,29,73,0,10,46,62,118,24,74,98,216
08/25/2021,GTR,MS,ASO,ES,Federal Contract Tower,0,8,2,20,30,0,3,22,15,40,0,11,24,35,70,38,46,84,154
08/26/2021,GTR,MS,ASO,ES,Federal Contract Tower,0,5,2,34,41,0,2,19,19,40,0,7,21,53,81,2,62,64,145
08/27/2021,GTR,MS,ASO,ES,Federal Contract Tower,0,8,6,24,38,0,0,28,23,51,0,8,34,47,89,0,42,42,131
08/28/2021,GTR,MS,ASO,ES,Federal Contract Tower,0,4,5,26,35,0,0,20,14,34,0,4,25,40,69,8,20,28,97
08/29/2021,GTR,MS,ASO,ES,Federal Contract Tower,0,7,5,24,36,0,0,2,6,8,0,7,7,30,44,0,14,14,58
08/30/2021,GTR,MS,ASO,ES,Federal Contract Tower,0,5,0,0,5,0,0,0,0,0,0,5,0,0,5,0,0,0,5
08/31/2021,GTR,MS,ASO,ES,Federal Contract Tower,0,6,3,3,12,0,5,1,0,6,0,11,4,3,18,0,0,0,18
09/01/2021,GTR,MS,ASO,ES,Federal Contract Tower,0,14,5,31,50,0,0,21,24,45,0,14,26,55,95,10,54,64,159
09/02/2021,GTR,MS,ASO,ES,Federal Contract Tower,0,5,2,47,54,0,4,25,44,73,0,9,27,91,127,8,82,90,217
09/03/2021,GTR,MS,ASO,ES,Federal Contract Tower,0,12,0,13,25,0,0,18,17,35,0,12,18,30,60,0,12,12,72
09/04/2021,GTR,MS,ASO,ES,Federal Contract Tower,0,4,4,4,12,0,2,13,10,25,0,6,17,14,37,4,8,12,49
09/05/2021,GTR,MS,ASO,ES,Federal Contract Tower,0,5,5,3,13,0,0,17,1,18,0,5,22,4,31,6,20,26,57
09/06/2021,GTR,MS,ASO,ES,Federal Contract Tower,0,3,5,4,12,0,0,15,2,17,0,3,20,6,29,8,10,18,47
09/07/2021,GTR,MS,ASO,ES,Federal Contract Tower,0,11,7,44,62,0,0,15,31,46,0,11,22,75,108,8,78,86,194
09/08/2021,GTR,MS,ASO,ES,Federal Contract Tower,0,3,3,25,31,0,5,17,22,44,0,8,20,47,75,16,54,70,145
09/09/2021,GTR,MS,ASO,ES,Federal Contract Tower,0,5,10,30,45,0,5,41,19,65,0,10,51,49,110,34,90,124,234
09/10/2021,GTR,MS,ASO,ES,Federal Contract Tower,1,7,3,37,48,0,4,41,14,59,1,11,44,51,107,26,14,40,147
09/11/2021,GTR,MS,ASO,ES,Federal Contract Tower,0,6,8,13,27,0,5,17,12,34,0,11,25,25,61,19,62,81,142
09/12/2021,GTR,MS,ASO,ES,Federal Contract Tower,0,8,6,17,31,0,2,4,1,7,0,10,10,18,38,2,0,2,40
09/13/2021,GTR,MS,ASO,ES,Federal Contract Tower,0,8,3,70,81,0,2,23,14,39,0,10,26,84,120,34,38,72,192
09/14/2021,GTR,MS,ASO,ES,Federal Contract Tower,0,8,2,61,71,0,2,38,11,51,0,10,40,72,122,10,96,106,228
09/15/2021,GTR,MS,ASO,ES,Federal Contract Tower,0,8,2,52,62,0,4,13,9,26,0,12,15,61,88,10,80,90,178
09/16/2021,GTR,MS,ASO,ES,Federal Contract Tower,0,9,7,47,63,0,0,3,0,3,0,9,10,47,66,0,0,0,66
09/17/2021,GTR,MS,ASO,ES,Federal Contract Tower,0,7,8,70,85,0,1,8,4,13,0,8,16,74,98,0,22,22,120
09/18/2021,GTR,MS,ASO,ES,Federal Contract Tower,0,4,3,21,28,0,2,2,4,8,0,6,5,25,36,0,20,20,56
09/19/2021,GTR,MS,ASO,ES,Federal Contract Tower,0,5,4,28,37,0,4,9,2,15,0,9,13,30,52,18,16,34,86
09/20/2021,GTR,MS,ASO,ES,Federal Contract Tower,0,13,5,59,77,0,1,9,7,17,0,14,14,66,94,2,28,30,124
09/21/2021,GTR,MS,ASO,ES,Federal Contract Tower,0,6,4,56,66,0,0,4,3,7,0,6,8,59,73,2,4,6,79
09/22/2021,GTR,MS,ASO,ES,Federal Contract Tower,0,6,10,52,68,0,7,11,12,30,0,13,21,64,98,56,30,86,184
09/23/2021,GTR,MS,ASO,ES,Federal Contract Tower,0,5,4,65,74,0,3,32,7,42,0,8,36,72,116,22,14,36,152
09/24/2021,GTR,MS,ASO,ES,Federal Contract Tower,1,7,16,43,67,0,3,38,2,43,1,10,54,45,110,12,8,20,130
09/25/2021,GTR,MS,ASO,ES,Federal Contract Tower,1,5,1,7,14,0,2,43,5,50,1,7,44,12,64,2,26,28,92
09/26/2021,GTR,MS,ASO,ES,Federal Contract Tower,0,9,8,9,26,0,2,6,4,12,0,11,14,13,38,10,2,12,50
09/27/2021,GTR,MS,ASO,ES,Federal Contract Tower,0,7,4,51,62,0,4,42,5,51,0,11,46,56,113,34,10,44,157
09/28/2021,GTR,MS,ASO,ES,Federal Contract Tower,0,8,6,63,77,0,9,18,9,36,0,17,24,72,113,4,82,86,199
09/29/2021,GTR,MS,ASO,ES,Federal Contract Tower,0,7,3,48,58,0,3,24,16,43,0,10,27,64,101,8,4,12,113
09/30/2021,GTR,MS,ASO,ES,Federal Contract Tower,0,9,5,53,67,0,2,7,3,12,0,11,12,56,79,0,4,4,83
10/01/2021,GTR,MS,ASO,ES,Federal Contract Tower,2,7,3,46,58,0,4,26,11,41,2,11,29,57,99,6,18,24,123
10/02/2021,GTR,MS,ASO,ES,Federal Contract Tower,0,8,1,12,21,0,1,20,9,30,0,9,21,21,51,2,8,10,61
10/03/2021,GTR,MS,ASO,ES,Federal Contract Tower,0,6,3,18,27,0,0,5,0,5,0,6,8,18,32,0,6,6,38
10/04/2021,GTR,MS,ASO,ES,Federal Contract Tower,0,8,7,60,75,0,2,25,4,31,0,10,32,64,106,2,10,12,118
10/05/2021,GTR,MS,ASO,ES,Federal Contract Tower,0,6,8,55,69,0,4,5,6,15,0,10,13,61,84,10,16,26,110
10/06/2021,GTR,MS,ASO,ES,Federal Contract Tower,0,11,12,60,83,0,3,22,7,32,0,14,34,67,115,12,10,22,137
10/07/2021,GTR,MS,ASO,ES,Federal Contract Tower,0,5,2,47,54,0,0,19,4,23,0,5,21,51,77,10,14,24,101
10/08/2021,GTR,MS,ASO,ES,Federal Contract Tower,0,9,6,36,51,0,3,28,8,39,0,12,34,44,90,20,70,90,180
10/09/2021,GTR,MS,ASO,ES,Federal Contract Tower,0,9,2,4,15,0,1,19,6,26,0,10,21,10,41,2,8,10,51
10/10/2021,GTR,MS,ASO,ES,Federal Contract Tower,0,7,4,1,12,0,3,16,0,19,0,10,20,1,31,2,0,2,33
10/11/2021,GTR,MS,ASO,ES,Federal Contract Tower,0,11,10,5,26,0,2,23,1,26,0,13,33,6,52,52,2,54,106
10/12/2021,GTR,MS,ASO,ES,Federal Contract Tower,0,9,5,61,75,0,4,19,2,25,0,13,24,63,100,4,16,20,120
10/13/2021,GTR,MS,ASO,ES,Federal Contract Tower,0,9,4,52,65,0,1,35,9,45,0,10,39,61,110,70,82,152,262
10/14/2021,GTR,MS,ASO,ES,Federal Contract Tower,0,5,11,62,78,0,0,39,3,42,0,5,50,65,120,12,4,16,136
10/15/2021,GTR,MS,ASO,ES,Federal Contract Tower,0,11,9,30,50,0,1,62,3,66,0,12,71,33,116,14,2,16,132
10/16/2021,GTR,MS,ASO,ES,Federal Contract Tower,0,4,2,4,10,0,7,5,2,14,0,11,7,6,24,18,8,26,50
10/17/2021,GTR,MS,ASO,ES,Federal Contract Tower,0,15,14,1,30,0,4,20,8,32,0,19,34,9,62,42,8,50,112
10/18/2021,GTR,MS,ASO,ES,Federal Contract Tower,0,10,1,21,32,0,7,60,19,86,0,17,61,40,118,30,50,80,198
10/19/2021,GTR,MS,ASO,ES,Federal Contract Tower,0,8,6,24,38,0,0,40,26,66,0,8,46,50,104,26,66,92,196
10/20/2021,GTR,MS,ASO,ES,Federal Contract Tower,0,6,1,17,24,0,0,25,25,50,0,6,26,42,74,18,58,76,150
10/21/2021,GTR,MS,ASO,ES,Federal Contract Tower,0,5,7,34,46,0,0,15,22,37,0,5,22,56,83,8,86,94,177
10/22/2021,GTR,MS,ASO,ES,Federal Contract Tower,2,7,11,0,20,0,2,46,0,48,2,9,57,0,68,0,0,0,68
10/23/2021,GTR,MS,ASO,ES,Federal Contract Tower,0,3,3,0,6,0,0,23,0,23,0,3,26,0,29,8,0,8,37
10/24/2021,GTR,MS,ASO,ES,Federal Contract Tower,0,6,5,1,12,0,1,2,3,6,0,7,7,4,18,0,14,14,32
10/25/2021,GTR,MS,ASO,ES,Federal Contract Tower,0,11,8,2,21,0,2,8,2,12,0,13,16,4,33,16,4,20,53
10/26/2021,GTR,MS,ASO,ES,Federal Contract Tower,0,5,4,37,46,0,5,32,23,60,0,10,36,60,106,14,88,102,208
10/27/2021,GTR,MS,ASO,ES,Federal Contract Tower,0,11,8,43,62,0,1,30,18,49,0,12,38,61,111,6,48,54,165
10/28/2021,GTR,MS,ASO,ES,Federal Contract Tower,0,8,4,15,27,0,2,7,13,22,0,10,11,28,49,0,14,14,63
10/29/2021,GTR,MS,ASO,ES,Federal Contract Tower,1,8,12,13,34,0,0,0,0,0,1,8,12,13,34,0,0,0,34
10/30/2021,GTR,MS,ASO,ES,Federal Contract Tower,0,5,5,1,11,0,0,7,1,8,0,5,12,2,19,2,0,2,21
10/31/2021,GTR,MS,ASO,ES,Federal Contract Tower,0,12,1,6,19,0,3,18,0,21,0,15,19,6,40,22,0,22,62
11/01/2021,GTR,MS,ASO,ES,Federal Contract Tower,0,7,0,35,42,0,2,19,19,40,0,9,19,54,82,2,134,136,218
11/02/2021,GTR,MS,ASO,ES,Federal Contract Tower,0,5,8,38,51,0,2,24,27,53,0,7,32,65,104,6,92,98,202
11/03/2021,GTR,MS,ASO,ES,Federal Contract Tower,0,8,4,24,36,0,0,5,14,19,0,8,9,38,55,2,34,36,91
11/04/2021,GTR,MS,ASO,ES,Federal Contract Tower,0,7,4,56,67,0,0,24,15,39,0,7,28,71,106,18,154,172,278
11/05/2021,GTR,MS,ASO,ES,Federal Contract Tower,2,7,5,47,61,0,1,9,10,20,2,8,14,57,81,0,82,82,163
11/06/2021,GTR,MS,ASO,ES,Federal Contract Tower,0,3,0,16,19,0,2,15,5,22,0,5,15,21,41,2,38,40,81
11/07/2021,GTR,MS,ASO,ES,Federal Contract Tower,0,7,2,21,30,0,2,19,7,28,0,9,21,28,58,12,42,54,112
11/08/2021,GTR,MS,ASO,ES,Federal Contract Tower,0,7,3,48,58,0,1,31,27,59,0,8,34,75,117,12,126,138,255
11/09/2021,GTR,MS,ASO,ES,Federal Contract Tower,0,12,1,20,33,0,2,37,28,67,0,14,38,48,100,8,64,72,172
11/10/2021,GTR,MS,ASO,ES,Federal Contract Tower,0,6,1,53,60,0,4,29,26,59,0,10,30,79,119,12,122,134,253
11/11/2021,GTR,MS,ASO,ES,Federal Contract Tower,0,7,5,11,23,0,0,2,0,2,0,7,7,11,25,0,2,2,27
11/12/2021,GTR,MS,ASO,ES,Federal Contract Tower,0,10,4,33,47,0,6,20,19,45,0,16,24,52,92,24,56,80,172
11/13/2021,GTR,MS,ASO,ES,Federal Contract Tower,0,3,1,16,20,0,3,8,9,20,0,6,9,25,40,0,22,22,62
11/14/2021,GTR,MS,ASO,ES,Federal Contract Tower,0,5,2,7,14,0,18,19,1,38,0,23,21,8,52,38,0,38,90
11/15/2021,GTR,MS,ASO,ES,Federal Contract Tower,0,6,3,30,39,0,2,25,20,47,0,8,28,50,86,54,62,116,202
11/16/2021,GTR,MS,ASO,ES,Federal Contract Tower,0,6,2,32,40,0,0,19,28,47,0,6,21,60,87,26,60,86,173
11/17/2021,GTR,MS,ASO,ES,Federal Contract Tower,0,5,6,36,47,0,4,30,25,59,0,9,36,61,106,40,104,144,250
11/18/2021,GTR,MS,ASO,ES,Federal Contract Tower,0,7,5,24,36,0,0,10,13,23,0,7,15,37,59,6,0,6,65
11/19/2021,GTR,MS,ASO,ES,Federal Contract Tower,0,11,4,31,46,0,2,33,19,54,0,13,37,50,100,60,100,160,260
11/20/2021,GTR,MS,ASO,ES,Federal Contract Tower,0,5,2,12,19,0,5,23,5,33,0,10,25,17,52,28,20,48,100
11/21/2021,GTR,MS,ASO,ES,Federal Contract Tower,0,5,2,13,20,0,7,16,4,27,0,12,18,17,47,22,30,52,99
11/22/2021,GTR,MS,ASO,ES,Federal Contract Tower,0,5,3,33,41,0,0,7,18,25,0,5,10,51,66,16,52,68,134
11/23/2021,GTR,MS,ASO,ES,Federal Contract Tower,2,8,2,39,51,0,2,27,24,53,2,10,29,63,104,28,46,74,178
11/24/2021,GTR,MS,ASO,ES,Federal Contract Tower,0,5,8,11,24,0,2,24,9,35,0,7,32,20,59,26,20,46,105
11/25/2021,GTR,MS,ASO,ES,Federal Contract Tower,0,4,1,0,5,0,0,0,0,0,0,4,1,0,5,0,0,0,5
11/26/2021,GTR,MS,ASO,ES,Federal Contract Tower,0,7,2,0,9,0,0,29,0,29,0,7,31,0,38,24,0,24,62
11/27/2021,GTR,MS,ASO,ES,Federal Contract Tower,1,5,0,0,6,0,1,29,0,30,1,6,29,0,36,26,0,26,62
11/28/2021,GTR,MS,ASO,ES,Federal Contract Tower,0,7,6,0,13,0,2,30,0,32,0,9,36,0,45,62,0,62,107
11/29/2021,GTR,MS,ASO,ES,Federal Contract Tower,0,13,1,37,51,0,2,29,35,66,0,15,30,72,117,14,72,86,203
11/30/2021,GTR,MS,ASO,ES,Federal Contract Tower,0,6,4,30,40,0,1,40,30,71,0,7,44,60,111,28,38,66,177
12/01/2021,GTR,MS,ASO,ES,Federal Contract Tower,0,6,8,44,58,0,0,24,24,48,0,6,32,68,106,6,64,70,176
12/02/2021,GTR,MS,ASO,ES,Federal Contract Tower,0,6,7,25,38,0,2,22,18,42,0,8,29,43,80,22,30,52,132
12/03/2021,GTR,MS,ASO,ES,Federal Contract Tower,0,9,9,30,48,0,5,20,11,36,0,14,29,41,84,16,22,38,122
12/04/2021,GTR,MS,ASO,ES,Federal Contract Tower,2,7,5,38,52,0,0,4,0,4,2,7,9,38,56,0,28,28,84
12/05/2021,GTR,MS,ASO,ES,Federal Contract Tower,1,5,6,13,25,0,0,6,1,7,1,5,12,14,32,10,6,16,48
12/06/2021,GTR,MS,ASO,ES,Federal Contract Tower,2,7,4,29,42,0,0,0,3,3,2,7,4,32,45,0,44,44,89
12/07/2021,GTR,MS,ASO,ES,Federal Contract Tower,0,4,0,26,30,0,5,11,10,26,0,9,11,36,56,6,38,44,100
12/08/2021,GTR,MS,ASO,ES,Federal Contract Tower,0,5,5,37,47,0,1,34,25,60,0,6,39,62,107,15,112,127,234
12/09/2021,GTR,MS,ASO,ES,Federal Contract Tower,0,6,6,24,36,2,4,34,25,65,2,10,40,49,101,108,80,188,289
12/10/2021,GTR,MS,ASO,ES,Federal Contract Tower,0,9,4,2,15,0,4,11,0,15,0,13,15,2,30,0,0,0,30
12/11/2021,GTR,MS,ASO,ES,Federal Contract Tower,0,5,3,0,8,0,4,1,0,5,0,9,4,0,13,0,0,0,13
12/12/2021,GTR,MS,ASO,ES,Federal Contract Tower,0,9,1,0,10,0,2,24,5,31,0,11,25,5,41,48,10,58,99
12/13/2021,GTR,MS,ASO,ES,Federal Contract Tower,0,7,4,40,51,0,2,28,42,72,0,9,32,82,123,22,74,96,219
12/14/2021,GTR,MS,ASO,ES,Federal Contract Tower,0,5,1,44,50,0,8,21,28,57,0,13,22,72,107,43,95,138,245
12/15/2021,GTR,MS,ASO,ES,Federal Contract Tower,0,7,6,60,73,0,0,10,34,44,0,7,16,94,117,28,174,202,319
12/16/2021,GTR,MS,ASO,ES,Federal Contract Tower,0,10,6,25,41,0,3,11,3,17,0,13,17,28,58,8,12,20,78
12/17/2021,GTR,MS,ASO,ES,Federal Contract Tower,0,9,4,41,54,0,1,1,6,8,0,10,5,47,62,0,36,36,98
12/18/2021,GTR,MS,ASO,ES,Federal Contract Tower,0,4,3,3,10,0,0,1,0,1,0,4,4,3,11,0,14,14,25
12/19/2021,GTR,MS,ASO,ES,Federal Contract Tower,0,6,4,7,17,0,0,14,3,17,0,6,18,10,34,48,22,70,104
12/20/2021,GTR,MS,ASO,ES,Federal Contract Tower,0,9,4,18,31,0,0,10,0,10,0,9,14,18,41,0,8,8,49
12/21/2021,GTR,MS,ASO,ES,Federal Contract Tower,0,8,2,32,42,0,1,2,3,6,0,9,4,35,48,0,44,44,92
12/22/2021,GTR,MS,ASO,ES,Federal Contract Tower,0,9,1,21,31,0,2,17,15,34,0,11,18,36,65,8,48,56,121
12/23/2021,GTR,MS,ASO,ES,Federal Contract Tower,0,6,7,2,15,0,4,13,0,17,0,10,20,2,32,42,0,42,74
12/24/2021,GTR,MS,ASO,ES,Federal Contract Tower,0,3,0,0,3,0,0,6,0,6,0,3,6,0,9,0,0,0,9
12/25/2021,GTR,MS,ASO,ES,Federal Contract Tower,0,3,2,0,5,0,3,0,0,3,0,6,2,0,8,0,0,0,8
12/26/2021,GTR,MS,ASO,ES,Federal Contract Tower,0,5,2,0,7,0,2,1,0,3,0,7,3,0,10,0,0,0,10
12/27/2021,GTR,MS,ASO,ES,Federal Contract Tower,0,5,0,0,5,0,4,0,0,4,0,9,0,0,9,0,0,0,9
12/28/2021,GTR,MS,ASO,ES,Federal Contract Tower,0,6,0,4,10,0,0,2,0,2,0,6,2,4,12,0,2,2,14
12/29/2021,GTR,MS,ASO,ES,Federal Contract Tower,0,8,2,0,10,0,0,1,0,1,0,8,3,0,11,2,0,2,13
12/30/2021,GTR,MS,ASO,ES,Federal Contract Tower,0,9,11,5,25,0,2,6,1,9,0,11,17,6,34,12,6,18,52
12/31/2021,GTR,MS,ASO,ES,Federal Contract Tower,0,3,1,0,4,0,2,5,0,7,0,5,6,0,11,12,0,12,23
01/01/2022,GTR,MS,ASO,ES,Federal Contract Tower,0,4,0,0,4,0,2,1,0,3,0,6,1,0,7,0,0,0,7
01/02/2022,GTR,MS,ASO,ES,Federal Contract Tower,0,6,4,0,10,0,0,0,0,0,0,6,4,0,10,0,0,0,10
01/03/2022,GTR,MS,ASO,ES,Federal Contract Tower,2,4,4,0,10,0,2,2,0,4,2,6,6,0,14,20,0,20,34
01/04/2022,GTR,MS,ASO,ES,Federal Contract Tower,0,11,2,39,52,0,8,12,20,40,0,19,14,59,92,18,80,98,190
01/05/2022,GTR,MS,ASO,ES,Federal Contract Tower,0,7,3,39,49,0,2,15,26,43,0,9,18,65,92,4,110,114,206
01/06/2022,GTR,MS,ASO,ES,Federal Contract Tower,0,5,1,2,8,0,0,0,0,0,0,5,1,2,8,0,0,0,8
01/07/2022,GTR,MS,ASO,ES,Federal Contract Tower,2,4,6,42,54,0,1,22,30,53,2,5,28,72,107,16,122,138,245
01/08/2022,GTR,MS,ASO,ES,Federal Contract Tower,2,5,4,26,37,0,3,15,22,40,2,8,19,48,77,8,118,126,203
01/09/2022,GTR,MS,ASO,ES,Federal Contract Tower,2,5,2,4,13,0,0,0,0,0,2,5,2,4,13,0,4,4,17
01/10/2022,GTR,MS,ASO,ES,Federal Contract Tower,0,13,7,40,60,0,3,20,36,59,0,16,27,76,119,28,102,130,249
01/11/2022,GTR,MS,ASO,ES,Federal Contract Tower,0,5,7,36,48,0,0,10,18,28,0,5,17,54,76,4,62,66,142
01/12/2022,GTR,MS,ASO,ES,Federal Contract Tower,0,8,10,42,60,0,2,15,22,39,0,10,25,64,99,58,88,146,245
01/13/2022,GTR,MS,ASO,ES,Federal Contract Tower,0,8,7,2,17,0,3,22,0,25,0,11,29,2,42,4,0,4,46
01/14/2022,GTR,MS,ASO,ES,Federal Contract Tower,0,6,6,32,44,2,0,15,35,52,2,6,21,67,96,26,102,128,224
01/15/2022,GTR,MS,ASO,ES,Federal Contract Tower,0,5,1,1,7,0,0,2,0,2,0,5,3,1,9,2,0,2,11
01/16/2022,GTR,MS,ASO,ES,Federal Contract Tower,0,2,2,0,4,0,0,0,0,0,0,2,2,0,4,0,0,0,4
01/17/2022,GTR,MS,ASO,ES,Federal Contract Tower,0,7,0,3,10,0,3,12,0,15,0,10,12,3,25,16,0,16,41
01/18/2022,GTR,MS,ASO,ES,Federal Contract Tower,0,6,6,45,57,0,6,17,36,59,0,12,23,81,116,30,92,122,238
01/19/2022,GTR,MS,ASO,ES,Federal Contract Tower,0,5,4,32,41,0,2,11,21,34,0,7,15,53,75,4,64,68,143
01/20/2022,GTR,MS,ASO,ES,Federal Contract Tower,0,5,7,30,42,0,1,7,21,29,0,6,14,51,71,12,98,110,181
01/21/2022,GTR,MS,ASO,ES,Federal Contract Tower,0,6,8,47,61,0,0,11,23,34,0,6,19,70,95,4,132,136,231
01/22/2022,GTR,MS,ASO,ES,Federal Contract Tower,0,5,3,9,17,0,0,20,4,24,0,5,23,13,41,46,24,70,111
01/23/2022,GTR,MS,ASO,ES,Federal Contract Tower,0,6,6,5,17,0,0,11,1,12,0,6,17,6,29,4,0,4,33
01/24/2022,GTR,MS,ASO,ES,Federal Contract Tower,0,8,6,32,46,0,2,24,32,58,0,10,30,64,104,36,82,118,222
01/25/2022,GTR,MS,ASO,ES,Federal Contract Tower,0,5,3,29,37,0,2,3,24,29,0,7,6,53,66,0,42,42,108
01/26/2022,GTR,MS,ASO,ES,Federal Contract Tower,0,6,11,38,55,0,2,1,22,25,0,8,12,60,80,2,58,60,140
01/27/2022,GTR,MS,ASO,ES,Federal Contract Tower,0,5,8,58,71,0,2,8,46,56,0,7,16,104,127,2,150,152,279
01/28/2022,GTR,MS,ASO,ES,Federal Contract Tower,0,9,6,40,55,0,2,6,23,31,0,11,12,63,86,8,146,154,240
01/29/2022,GTR,MS,ASO,ES,Federal Contract Tower,2,4,4,19,29,0,2,11,19,32,2,6,15,38,61,2,26,28,89
01/30/2022,GTR,MS,ASO,ES,Federal Contract Tower,2,6,0,16,24,0,2,6,7,15,2,8,6,23,39,10,38,48,87
01/31/2022,GTR,MS,ASO,ES,Federal Contract Tower,0,10,6,25,41,0,4,23,29,56,0,14,29,54,97,44,70,114,211
02/01/2022,GTR,MS,ASO,ES,Federal Contract Tower,0,7,7,31,45,0,8,10,26,44,0,15,17,57,89,10,96,106,195
02/02/2022,GTR,MS,ASO,ES,Federal Contract Tower,0,7,2,8,17,0,0,0,0,0,0,7,2,8,17,0,0,0,17
02/03/2022,GTR,MS,ASO,ES,Federal Contract Tower,0,7,0,0,7,0,0,0,0,0,0,7,0,0,7,0,0,0,7
02/04/2022,GTR,MS,ASO,ES,Federal Contract Tower,0,7,3,1,11,0,0,0,0,0,0,7,3,1,11,0,0,0,11
02/05/2022,GTR,MS,ASO,ES,Federal Contract Tower,0,3,0,2,5,0,2,14,0,16,0,5,14,2,21,24,16,40,61
02/06/2022,GTR,MS,ASO,ES,Federal Contract Tower,0,6,2,0,8,0,2,10,1,13,0,8,12,1,21,10,0,10,31
02/07/2022,GTR,MS,ASO,ES,Federal Contract Tower,0,7,6,36,49,0,3,21,31,55,0,10,27,67,104,10,96,106,210
02/08/2022,GTR,MS,ASO,ES,Federal Contract Tower,2,5,0,25,32,0,4,42,24,70,2,9,42,49,102,24,82,106,208
02/09/2022,GTR,MS,ASO,ES,Federal Contract Tower,2,8,5,47,62,0,0,18,29,47,2,8,23,76,109,22,108,130,239
02/10/2022,GTR,MS,ASO,ES,Federal Contract Tower,1,5,3,32,41,0,2,24,27,53,1,7,27,59,94,12,114,126,220
02/11/2022,GTR,MS,ASO,ES,Federal Contract Tower,0,11,2,31,44,0,2,16,32,50,0,13,18,63,94,37,126,163,257
02/12/2022,GTR,MS,ASO,ES,Federal Contract Tower,0,8,3,15,26,0,2,17,1,20,0,10,20,16,46,62,12,74,120
02/13/2022,GTR,MS,ASO,ES,Federal Contract Tower,0,4,2,7,13,0,0,9,8,17,0,4,11,15,30,22,18,40,70
02/14/2022,GTR,MS,ASO,ES,Federal Contract Tower,0,8,1,27,36,0,0,40,9,49,0,8,41,36,85,18,44,62,147
02/15/2022,GTR,MS,ASO,ES,Federal Contract Tower,0,5,9,25,39,0,0,15,29,44,0,5,24,54,83,10,74,84,167
02/16/2022,GTR,MS,ASO,ES,Federal Contract Tower,0,6,5,48,59,0,3,11,40,54,0,9,16,88,113,20,144,164,277
02/17/2022,GTR,MS,ASO,ES,Federal Contract Tower,0,5,6,14,25,0,0,0,0,0,0,5,6,14,25,0,0,0,25
02/18/2022,GTR,MS,ASO,ES,Federal Contract Tower,2,5,11,47,65,0,0,9,16,25,2,5,20,63,90,4,66,70,160
02/19/2022,GTR,MS,ASO,ES,Federal Contract Tower,0,6,2,12,20,0,2,17,2,21,0,8,19,14,41,24,24,48,89
02/20/2022,GTR,MS,ASO,ES,Federal Contract Tower,0,5,3,6,14,0,0,17,3,20,0,5,20,9,34,76,18,94,128
02/21/2022,GTR,MS,ASO,ES,Federal Contract Tower,0,7,5,9,21,0,0,0,0,0,0,7,5,9,21,0,0,0,21
02/22/2022,GTR,MS,ASO,ES,Federal Contract Tower,0,6,3,36,45,0,0,7,15,22,0,6,10,51,67,24,44,68,135
02/23/2022,GTR,MS,ASO,ES,Federal Contract Tower,0,7,2,24,33,0,0,0,0,0,0,7,2,24,33,0,0,0,33
02/24/2022,GTR,MS,ASO,ES,Federal Contract Tower,0,7,3,44,54,0,0,0,2,2,0,7,3,46,56,0,24,24,80
02/25/2022,GTR,MS,ASO,ES,Federal Contract Tower,2,9,2,74,87,0,2,10,30,42,2,11,12,104,129,16,82,98,227
02/26/2022,GTR,MS,ASO,ES,Federal Contract Tower,2,5,1,6,14,0,0,25,0,25,2,5,26,6,39,64,2,66,105
02/27/2022,GTR,MS,ASO,ES,Federal Contract Tower,0,7,8,13,28,0,0,0,0,0,0,7,8,13,28,2,6,8,36
02/28/2022,GTR,MS,ASO,ES,Federal Contract Tower,0,5,13,22,40,0,0,20,24,44,0,5,33,46,84,19,38,57,141
03/01/2022,GTR,MS,ASO,ES,Federal Contract Tower,0,5,11,30,46,0,2,32,20,54,0,7,43,50,100,22,58,80,180
03/02/2022,GTR,MS,ASO,ES,Federal Contract Tower,0,5,3,17,25,0,1,31,33,65,0,6,34,50,90,52,186,238,328
03/03/2022,GTR,MS,ASO,ES,Federal Contract Tower,0,5,10,27,42,0,0,28,20,48,0,5,38,47,90,18,88,106,196
03/04/2022,GTR,MS,ASO,ES,Federal Contract Tower,0,12,5,27,44,0,4,43,28,75,0,16,48,55,119,14,140,154,273
03/05/2022,GTR,MS,ASO,ES,Federal Contract Tower,0,3,0,13,16,0,6,16,4,26,0,9,16,17,42,10,16,26,68
03/06/2022,GTR,MS,ASO,ES,Federal Contract Tower,0,6,6,24,36,0,6,17,8,31,0,12,23,32,67,34,44,78,145
03/07/2022,GTR,MS,ASO,ES,Federal Contract Tower,0,10,8,29,47,0,0,1,2,3,0,10,9,31,50,0,24,24,74
03/08/2022,GTR,MS,ASO,ES,Federal Contract Tower,0,12,5,32,49,0,0,1,11,12,0,12,6,43,61,4,24,28,89
03/09/2022,GTR,MS,ASO,ES,Federal Contract Tower,0,12,5,32,49,0,1,1,16,18,0,13,6,48,67,0,48,48,115
03/10/2022,GTR,MS,ASO,ES,Federal Contract Tower,0,11,7,24,42,0,0,49,20,69,0,11,56,44,111,41,52,93,204
03/11/2022,GTR,MS,ASO,ES,Federal Contract Tower,0,14,4,33,51,0,3,27,21,51,0,17,31,54,102,52,94,146,248
03/12/2022,GTR,MS,ASO,ES,Federal Contract Tower,0,6,2,2,10,0,0,0,2,2,0,6,2,4,12,0,0,0,12
03/13/2022,GTR,MS,ASO,ES,Federal Contract Tower,0,5,2,15,22,0,0,5,8,13,0,5,7,23,35,8,22,30,65
03/14/2022,GTR,MS,ASO,ES,Federal Contract Tower,0,10,1,24,35,0,0,9,22,31,0,10,10,46,66,2,56,58,124
03/15/2022,GTR,MS,ASO,ES,Federal Contract Tower,0,9,7,9,25,0,0,4,0,4,0,9,11,9,29,0,0,0,29
03/16/2022,GTR,MS,ASO,ES,Federal Contract Tower,0,5,6,23,34,0,0,16,12,28,0,5,22,35,62,26,38,64,126
03/17/2022,GTR,MS,ASO,ES,Federal Contract Tower,2,4,3,26,35,0,1,20,22,43,2,5,23,48,78,18,102,120,198
03/18/2022,GTR,MS,ASO,ES,Federal Contract Tower,0,8,3,30,41,0,2,4,23,29,0,10,7,53,70,0,106,106,176
03/19/2022,GTR,MS,ASO,ES,Federal Contract Tower,0,3,7,6,16,0,2,6,2,10,0,5,13,8,26,2,52,54,80
03/20/2022,GTR,MS,ASO,ES,Federal Contract Tower,2,5,1,7,15,0,2,22,4,28,2,7,23,11,43,20,12,32,75
03/21/2022,GTR,MS,ASO,ES,Federal Contract Tower,0,7,3,25,35,0,2,9,16,27,0,9,12,41,62,6,86,92,154
03/22/2022,GTR,MS,ASO,ES,Federal Contract Tower,0,5,2,7,14,0,0,0,3,3,0,5,2,10,17,0,6,6,23
03/23/2022,GTR,MS,ASO,ES,Federal Contract Tower,0,9,3,15,27,0,1,5,14,20,0,10,8,29,47,2,38,40,87
03/24/2022,GTR,MS,ASO,ES,Federal Contract Tower,0,9,11,38,58,0,2,23,29,54,0,11,34,67,112,12,70,82,194
03/25/2022,GTR,MS,ASO,ES,Federal Contract Tower,0,8,5,27,40,0,0,44,17,61,0,8,49,44,101,2,118,120,221
03/26/2022,GTR,MS,ASO,ES,Federal Contract Tower,0,5,5,5,15,0,2,39,4,45,0,7,44,9,60,58,24,82,142
03/27/2022,GTR,MS,ASO,ES,Federal Contract Tower,0,11,6,13,30,0,3,37,4,44,0,14,43,17,74,60,6,66,140
03/28/2022,GTR,MS,ASO,ES,Federal Contract Tower,0,6,8,34,48,0,1,52,7,60,0,7,60,41,108,32,22,54,162
03/29/2022,GTR,MS,ASO,ES,Federal Contract Tower,0,7,6,3,16,0,0,21,0,21,0,7,27,3,37,34,16,50,87
03/30/2022,GTR,MS,ASO,ES,Federal Contract Tower,0,5,0,0,5,0,0,0,0,0,0,5,0,0,5,0,0,0,5
03/31/2022,GTR,MS,ASO,ES,Federal Contract Tower,2,13,7,4,26,0,0,26,3,29,2,13,33,7,55,52,8,60,115
04/01/2022,GTR,MS,ASO,ES,Federal Contract Tower,0,9,9,35,53,0,2,30,16,48,0,11,39,51,101,18,74,92,193
04/02/2022,GTR,MS,ASO,ES,Federal Contract Tower,0,4,2,3,9,0,0,31,1,32,0,4,33,4,41,28,0,28,69
04/03/2022,GTR,MS,ASO,ES,Federal Contract Tower,0,7,10,6,23,0,0,8,2,10,0,7,18,8,33,6,6,12,45
04/04/2022,GTR,MS,ASO,ES,Federal Contract Tower,0,4,11,17,32,0,2,31,15,48,0,6,42,32,80,28,56,84,164
04/05/2022,GTR,MS,ASO,ES,Federal Contract Tower,0,7,0,22,29,0,2,5,8,15,0,9,5,30,44,4,38,42,86
04/06/2022,GTR,MS,ASO,ES,Federal Contract Tower,0,7,6,33,46,0,0,5,7,12,0,7,11,40,58,2,69,71,129
04/07/2022,GTR,MS,ASO,ES,Federal Contract Tower,0,5,6,21,32,0,0,10,22,32,0,5,16,43,64,6,124,130,194
04/08/2022,GTR,MS,ASO,ES,Federal Contract Tower,0,9,6,38,53,0,1,4,17,22,0,10,10,55,75,2,76,78,153
04/09/2022,GTR,MS,ASO,ES,Federal Contract Tower,0,5,8,14,27,0,0,23,4,27,0,5,31,18,54,46,22,68,122
04/10/2022,GTR,MS,ASO,ES,Federal Contract Tower,0,7,0,13,20,0,0,27,13,40,0,7,27,26,60,66,68,134,194
04/11/2022,GTR,MS,ASO,ES,Federal Contract Tower,0,9,3,37,49,0,2,15,22,39,0,11,18,59,88,8,110,118,206
04/12/2022,GTR,MS,ASO,ES,Federal Contract Tower,0,5,5,21,31,0,0,11,10,21,0,5,16,31,52,10,32,42,94
04/13/2022,GTR,MS,ASO,ES,Federal Contract Tower,0,7,11,26,44,0,0,2,29,31,0,7,13,55,75,0,58,58,133
04/14/2022,GTR,MS,ASO,ES,Federal Contract Tower,0,5,5,58,68,0,1,14,29,44,0,6,19,87,112,26,148,174,286
04/15/2022,GTR,MS,ASO,ES,Federal Contract Tower,0,5,4,18,27,0,0,13,10,23,0,5,17,28,50,2,38,40,90
04/16/2022,GTR,MS,ASO,ES,Federal Contract Tower,0,3,6,0,9,0,0,0,0,0,0,3,6,0,9,0,0,0,9
04/17/2022,GTR,MS,ASO,ES,Federal Contract Tower,0,7,2,0,9,0,0,0,0,0,0,7,2,0,9,0,0,0,9
04/18/2022,GTR,MS,ASO,ES,Federal Contract Tower,0,7,7,27,41,0,0,9,23,32,0,7,16,50,73,2,122,124,197
04/19/2022,GTR,MS,ASO,ES,Federal Contract Tower,0,7,6,27,40,0,0,33,27,60,0,7,39,54,100,40,58,98,198
04/20/2022,GTR,MS,ASO,ES,Federal Contract Tower,0,10,7,50,67,0,0,5,28,33,0,10,12,78,100,2,88,90,190
04/21/2022,GTR,MS,ASO,ES,Federal Contract Tower,0,5,6,25,36,0,0,39,27,66,0,5,45,52,102,14,82,96,198
04/22/2022,GTR,MS,ASO,ES,Federal Contract Tower,0,7,12,37,56,0,0,26,31,57,0,7,38,68,113,6,86,92,205
04/23/2022,GTR,MS,ASO,ES,Federal Contract Tower,0,5,12,12,29,0,0,9,8,17,0,5,21,20,46,4,18,22,68
04/24/2022,GTR,MS,ASO,ES,Federal Contract Tower,0,5,6,6,17,0,0,13,6,19,0,5,19,12,36,26,4,30,66
04/25/2022,GTR,MS,ASO,ES,Federal Contract Tower,0,8,6,44,58,0,0,5,25,30,0,8,11,69,88,10,121,131,219
04/26/2022,GTR,MS,ASO,ES,Federal Contract Tower,0,10,2,31,43,0,0,12,22,34,0,10,14,53,77,0,82,82,159
04/27/2022,GTR,MS,ASO,ES,Federal Contract Tower,0,6,3,21,30,0,2,16,16,34,0,8,19,37,64,6,76,82,146
04/28/2022,GTR,MS,ASO,ES,Federal Contract Tower,2,8,3,27,40,0,4,20,23,47,2,12,23,50,87,38,67,105,192
04/29/2022,GTR,MS,ASO,ES,Federal Contract Tower,0,8,8,36,52,0,3,24,48,75,0,11,32,84,127,6,332,338,465
04/30/2022,GTR,MS,ASO,ES,Federal Contract Tower,0,5,2,15,22,0,1,5,1,7,0,6,7,16,29,10,24,34,63
05/01/2022,GTR,MS,ASO,ES,Federal Contract Tower,1,5,4,6,16,0,2,11,10,23,1,7,15,16,39,8,18,26,65
05/02/2022,GTR,MS,ASO,ES,Federal Contract Tower,0,5,5,10,20,0,4,9,9,22,0,9,14,19,42,26,54,80,122
05/03/2022,GTR,MS,ASO,ES,Federal Contract Tower,0,5,5,13,23,0,0,15,9,24,0,5,20,22,47,46,26,72,119
05/04/2022,GTR,MS,ASO,ES,Federal Contract Tower,0,7,10,19,36,0,2,22,23,47,0,9,32,42,83,42,64,106,189
05/05/2022,GTR,MS,ASO,ES,Federal Contract Tower,0,4,9,30,43,0,5,10,25,40,0,9,19,55,83,20,146,166,249
05/06/2022,GTR,MS,ASO,ES,Federal Contract Tower,0,11,6,21,38,0,3,1,14,18,0,14,7,35,56,4,34,38,94
05/07/2022,GTR,MS,ASO,ES,Federal Contract Tower,0,6,6,3,15,0,1,13,1,15,0,7,19,4,30,6,10,16,46
05/08/2022,GTR,MS,ASO,ES,Federal Contract Tower,0,10,1,1,12,0,4,3,0,7,0,14,4,1,19,30,0,30,49
05/09/2022,GTR,MS,ASO,ES,Federal Contract Tower,0,5,7,30,42,0,2,14,21,37,0,7,21,51,79,28,100,128,207
05/10/2022,GTR,MS,ASO,ES,Federal Contract Tower,0,9,5,29,43,0,1,20,21,42,0,10,25,50,85,40,66,106,191
05/11/2022,GTR,MS,ASO,ES,Federal Contract Tower,0,5,6,35,46,0,3,23,23,49,0,8,29,58,95,38,72,110,205
05/12/2022,GTR,MS,ASO,ES,Federal Contract Tower,1,10,9,30,50,0,2,6,15,23,1,12,15,45,73,22,102,124,197
05/13/2022,GTR,MS,ASO,ES,Federal Contract Tower,0,6,10,52,68,0,0,12,30,42,0,6,22,82,110,6,154,160,270
05/14/2022,GTR,MS,ASO,ES,Federal Contract Tower,0,5,3,16,24,0,0,11,3,14,0,5,14,19,38,2,12,14,52
05/15/2022,GTR,MS,ASO,ES,Federal Contract Tower,2,6,4,19,31,0,1,11,7,19,2,7,15,26,50,12,30,42,92
05/16/2022,GTR,MS,ASO,ES,Federal Contract Tower,0,7,3,35,45,0,4,42,29,75,0,11,45,64,120,46,132,178,298
05/17/2022,GTR,MS,ASO,ES,Federal Contract Tower,0,11,5,19,35,0,2,25,15,42,0,13,30,34,77,34,72,106,183
05/18/2022,GTR,MS,ASO,ES,Federal Contract Tower,0,14,5,31,50,0,3,28,22,53,0,17,33,53,103,32,62,94,197
05/19/2022,GTR,MS,ASO,ES,Federal Contract Tower,0,11,4,30,45,0,2,9,24,35,0,13,13,54,80,0,68,68,148
05/20/2022,GTR,MS,ASO,ES,Federal Contract Tower,0,8,4,32,44,0,2,15,15,32,0,10,19,47,76,10,82,92,168
05/21/2022,GTR,MS,ASO,ES,Federal Contract Tower,0,7,3,22,32,0,3,9,23,35,0,10,12,45,67,4,86,90,157
05/22/2022,GTR,MS,ASO,ES,Federal Contract Tower,0,6,0,13,19,0,0,2,11,13,0,6,2,24,32,2,36,38,70
05/23/2022,GTR,MS,ASO,ES,Federal Contract Tower,0,12,10,45,67,0,3,22,14,39,0,15,32,59,106,26,98,124,230
05/24/2022,GTR,MS,ASO,ES,Federal Contract Tower,0,7,5,40,52,0,2,5,15,22,0,9,10,55,74,0,44,44,118
05/25/2022,GTR,MS,ASO,ES,Federal Contract Tower,0,5,2,13,20,0,0,0,7,7,0,5,2,20,27,0,14,14,41
05/26/2022,GTR,MS,ASO,ES,Federal Contract Tower,0,5,2,21,28,0,4,10,12,26,0,9,12,33,54,8,58,66,120
05/27/2022,GTR,MS,ASO,ES,Federal Contract Tower,0,6,2,0,8,0,3,26,1,30,0,9,28,1,38,20,6,26,64
05/28/2022,GTR,MS,ASO,ES,Federal Contract Tower,0,5,1,0,6,0,0,8,0,8,0,5,9,0,14,16,0,16,30
05/29/2022,GTR,MS,ASO,ES,Federal Contract Tower,0,5,0,4,9,0,2,8,4,14,0,7,8,8,23,2,0,2,25
05/30/2022,GTR,MS,ASO,ES,Federal Contract Tower,0,4,3,0,7,0,3,9,0,12,0,7,12,0,19,0,0,0,19
05/31/2022,GTR,MS,ASO,ES,Federal Contract Tower,0,6,6,44,56,0,4,4,37,45,0,10,10,81,101,0,158,158,259
06/01/2022,GTR,MS,ASO,ES,Federal Contract Tower,0,7,5,41,53,0,8,22,27,57,0,15,27,68,110,16,128,144,254
06/02/2022,GTR,MS,ASO,ES,Federal Contract Tower,0,6,4,19,29,0,7,4,2,13,0,13,8,21,42,0,16,16,58
06/03/2022,GTR,MS,ASO,ES,Federal Contract Tower,0,11,5,28,44,0,0,11,17,28,0,11,16,45,72,4,56,60,132
06/04/2022,GTR,MS,ASO,ES,Federal Contract Tower,0,4,1,12,17,0,1,14,6,21,0,5,15,18,38,0,40,40,78
06/05/2022,GTR,MS,ASO,ES,Federal Contract Tower,0,5,4,5,14,0,3,4,8,15,0,8,8,13,29,4,28,32,61
06/06/2022,GTR,MS,ASO,ES,Federal Contract Tower,0,8,8,24,40,0,4,20,27,51,0,12,28,51,91,12,112,124,215
06/07/2022,GTR,MS,ASO,ES,Federal Contract Tower,0,5,5,19,29,0,1,26,24,51,0,6,31,43,80,22,96,118,198
06/08/2022,GTR,MS,ASO,ES,Federal Contract Tower,0,8,4,35,47,0,2,125,37,164,0,10,129,72,211,8,150,158,369
06/09/2022,GTR,MS,ASO,ES,Federal Contract Tower,0,7,17,37,61,0,0,33,11,44,0,7,50,48,105,0,37,37,142
06/10/2022,GTR,MS,ASO,ES,Federal Contract Tower,0,8,3,29,40,0,5,7,22,34,0,13,10,51,74,0,116,116,190
06/11/2022,GTR,MS,ASO,ES,Federal Contract Tower,0,6,6,18,30,0,0,7,8,15,0,6,13,26,45,16,60,76,121
06/12/2022,GTR,MS,ASO,ES,Federal Contract Tower,0,6,2,14,22,0,0,4,6,10,0,6,6,20,32,0,16,16,48
06/13/2022,GTR,MS,ASO,ES,Federal Contract Tower,0,8,4,33,45,0,3,12,31,46,0,11,16,64,91,4,116,120,211
06/14/2022,GTR,MS,ASO,ES,Federal Contract Tower,0,7,4,15,26,0,7,18,17,42,0,14,22,32,68,46,38,84,152
06/15/2022,GTR,MS,ASO,ES,Federal Contract Tower,0,7,6,22,35,0,3,65,21,89,0,10,71,43,124,56,92,148,272
06/16/2022,GTR,MS,ASO,ES,Federal Contract Tower,0,8,11,24,43,0,8,8,22,38,0,16,19,46,81,32,87,119,200
06/17/2022,GTR,MS,ASO,ES,Federal Contract Tower,0,11,0,15,26,0,0,5,11,16,0,11,5,26,42,2,26,28,70
06/18/2022,GTR,MS,ASO,ES,Federal Contract Tower,0,6,1,2,9,0,3,12,1,16,0,9,13,3,25,8,6,14,39
06/19/2022,GTR,MS,ASO,ES,Federal Contract Tower,0,4,4,3,11,0,0,11,2,13,0,4,15,5,24,8,34,42,66
06/20/2022,GTR,MS,ASO,ES,Federal Contract Tower,0,7,6,3,16,0,3,19,3,25,0,10,25,6,41,0,20,20,61
06/21/2022,GTR,MS,ASO,ES,Federal Contract Tower,0,5,5,35,45,0,1,21,32,54,0,6,26,67,99,12,100,112,211
06/22/2022,GTR,MS,ASO,ES,Federal Contract Tower,0,7,3,29,39,0,2,18,34,54,0,9,21,63,93,10,88,98,191
06/23/2022,GTR,MS,ASO,ES,Federal Contract Tower,0,5,8,28,41,0,3,30,26,59,0,8,38,54,100,16,56,72,172
06/24/2022,GTR,MS,ASO,ES,Federal Contract Tower,0,7,5,28,40,0,3,18,20,41,0,10,23,48,81,2,72,74,155
06/25/2022,GTR,MS,ASO,ES,Federal Contract Tower,0,3,5,1,9,0,2,25,7,34,0,5,30,8,43,2,14,16,59
06/26/2022,GTR,MS,ASO,ES,Federal Contract Tower,0,6,5,17,28,0,0,7,10,17,0,6,12,27,45,0,22,22,67
06/27/2022,GTR,MS,ASO,ES,Federal Contract Tower,0,7,11,37,55,0,2,6,20,28,0,9,17,57,83,10,100,110,193
06/28/2022,GTR,MS,ASO,ES,Federal Contract Tower,0,9,4,31,44,0,9,22,22,53,0,18,26,53,97,60,120,180,277
06/29/2022,GTR,MS,ASO,ES,Federal Contract Tower,0,7,11,38,56,0,2,32,34,68,0,9,43,72,124,56,130,186,310
06/30/2022,GTR,MS,ASO,ES,Federal Contract Tower,0,11,9,39,59,0,5,10,13,28,0,16,19,52,87,18,52,70,157
07/01/2022,GTR,MS,ASO,ES,Federal Contract Tower,0,6,8,0,14,0,3,26,14,43,0,9,34,14,57,0,0,0,57
07/02/2022,GTR,MS,ASO,ES,Federal Contract Tower,0,4,0,0,4,0,6,3,0,9,0,10,3,0,13,0,0,0,13
07/03/2022,GTR,MS,ASO,ES,Federal Contract Tower,0,3,0,0,3,0,2,1,0,3,0,5,1,0,6,0,0,0,6
07/04/2022,GTR,MS,ASO,ES,Federal Contract Tower,0,3,0,0,3,0,2,0,0,2,0,5,0,0,5,0,0,0,5
07/05/2022,GTR,MS,ASO,ES,Federal Contract Tower,0,9,1,59,69,0,0,25,33,58,0,9,26,92,127,4,128,132,259
07/06/2022,GTR,MS,ASO,ES,Federal Contract Tower,0,3,7,44,54,0,5,21,32,58,0,8,28,76,112,4,122,126,238
07/07/2022,GTR,MS,ASO,ES,Federal Contract Tower,0,3,4,27,34,0,6,9,24,39,0,9,13,51,73,18,98,116,189
07/08/2022,GTR,MS,ASO,ES,Federal Contract Tower,0,3,1,36,40,0,0,28,21,49,0,3,29,57,89,0,64,64,153
07/09/2022,GTR,MS,ASO,ES,Federal Contract Tower,0,5,3,4,12,0,2,11,2,15,0,7,14,6,27,0,32,32,59
07/10/2022,GTR,MS,ASO,ES,Federal Contract Tower,0,8,2,6,16,0,0,2,0,2,0,8,4,6,18,14,0,14,32
07/11/2022,GTR,MS,ASO,ES,Federal Contract Tower,0,6,3,38,47,0,2,24,29,55,0,8,27,67,102,16,96,112,214
07/12/2022,GTR,MS,ASO,ES,Federal Contract Tower,0,6,6,27,39,0,4,5,16,25,0,10,11,43,64,0,82,82,146
07/13/2022,GTR,MS,ASO,ES,Federal Contract Tower,0,7,3,23,33,0,0,12,8,20,0,7,15,31,53,12,104,116,169
07/14/2022,GTR,MS,ASO,ES,Federal Contract Tower,0,5,10,31,46,0,4,33,36,73,0,9,43,67,119,36,216,252,371
07/15/2022,GTR,MS,ASO,ES,Federal Contract Tower,0,5,5,26,36,0,2,15,24,41,0,7,20,50,77,8,54,62,139
07/16/2022,GTR,MS,ASO,ES,Federal Contract Tower,0,3,5,12,20,0,0,9,6,15,0,3,14,18,35,2,36,38,73
07/17/2022,GTR,MS,ASO,ES,Federal Contract Tower,0,7,2,12,21,0,1,8,2,11,0,8,10,14,32,20,2,22,54
07/18/2022,GTR,MS,ASO,ES,Federal Contract Tower,0,7,0,18,25,0,2,7,11,20,0,9,7,29,45,0,70,70,115
07/19/2022,GTR,MS,ASO,ES,Federal Contract Tower,0,6,4,24,34,0,0,16,11,27,0,6,20,35,61,4,66,70,131
07/20/2022,GTR,MS,ASO,ES,Federal Contract Tower,0,8,10,16,34,0,7,33,19,59,0,15,43,35,93,56,34,90,183
07/21/2022,GTR,MS,ASO,ES,Federal Contract Tower,0,8,3,29,40,0,2,20,23,45,0,10,23,52,85,8,82,90,175
07/22/2022,GTR,MS,ASO,ES,Federal Contract Tower,0,5,3,47,55,0,4,26,18,48,0,9,29,65,103,24,50,74,177
07/23/2022,GTR,MS,ASO,ES,Federal Contract Tower,0,3,1,20,24,0,5,11,7,23,0,8,12,27,47,12,24,36,83
07/24/2022,GTR,MS,ASO,ES,Federal Contract Tower,0,3,3,8,14,0,1,15,5,21,0,4,18,13,35,4,4,8,43
07/25/2022,GTR,MS,ASO,ES,Federal Contract Tower,0,7,4,41,52,0,1,14,23,38,0,8,18,64,90,20,128,148,238
07/26/2022,GTR,MS,ASO,ES,Federal Contract Tower,0,5,10,30,45,0,1,16,14,31,0,6,26,44,76,6,66,72,148
07/27/2022,GTR,MS,ASO,ES,Federal Contract Tower,0,6,8,21,35,0,1,29,21,51,0,7,37,42,86,18,60,78,164
07/28/2022,GTR,MS,ASO,ES,Federal Contract Tower,0,6,5,19,30,0,0,19,12,31,0,6,24,31,61,0,38,38,99
07/29/2022,GTR,MS,ASO,ES,Federal Contract Tower,0,7,4,23,34,0,1,9,16,26,0,8,13,39,60,0,27,27,87
07/30/2022,GTR,MS,ASO,ES,Federal Contract Tower,0,1,6,2,9,0,0,4,0,4,0,1,10,2,13,0,0,0,13
07/31/2022,GTR,MS,ASO,ES,Federal Contract Tower,0,7,5,8,20,0,4,3,2,9,0,11,8,10,29,14,22,36,65
08/01/2022,GTR,MS,ASO,ES,Federal Contract Tower,0,6,5,40,51,0,0,22,27,49,0,6,27,67,100,10,84,94,194
08/02/2022,GTR,MS,ASO,ES,Federal Contract Tower,0,7,4,20,31,0,0,13,13,26,0,7,17,33,57,4,74,78,135
08/03/2022,GTR,MS,ASO,ES,Federal Contract Tower,0,4,6,33,43,0,0,9,13,22,0,4,15,46,65,8,62,70,135
08/04/2022,GTR,MS,ASO,ES,Federal Contract Tower,0,6,6,48,60,0,1,21,22,44,0,7,27,70,104,4,122,126,230
08/05/2022,GTR,MS,ASO,ES,Federal Contract Tower,0,7,6,35,48,0,1,13,31,45,0,8,19,66,93,4,84,88,181
08/06/2022,GTR,MS,ASO,ES,Federal Contract Tower,0,3,5,2,10,0,2,16,2,20,0,5,21,4,30,4,32,36,66
08/07/2022,GTR,MS,ASO,ES,Federal Contract Tower,0,5,8,2,15,0,0,2,4,6,0,5,10,6,21,0,34,34,55
08/08/2022,GTR,MS,ASO,ES,Federal Contract Tower,0,5,6,58,69,0,0,18,50,68,0,5,24,108,137,10,130,140,277
08/09/2022,GTR,MS,ASO,ES,Federal Contract Tower,0,5,11,36,52,0,0,13,10,23,0,5,24,46,75,0,24,24,99
08/10/2022,GTR,MS,ASO,ES,Federal Contract Tower,0,5,13,26,44,0,0,4,9,13,0,5,17,35,57,2,24,26,83
08/11/2022,GTR,MS,ASO,ES,Federal Contract Tower,0,5,13,27,45,0,0,4,7,11,0,5,17,34,56,12,40,52,108
08/12/2022,GTR,MS,ASO,ES,Federal Contract Tower,0,8,14,38,60,0,5,13,30,48,0,13,27,68,108,0,92,92,200
08/13/2022,GTR,MS,ASO,ES,Federal Contract Tower,1,4,6,21,32,0,3,14,9,26,1,7,20,30,58,10,62,72,130
08/14/2022,GTR,MS,ASO,ES,Federal Contract Tower,0,7,4,21,32,0,2,8,11,21,0,9,12,32,53,2,42,44,97
08/15/2022,GTR,MS,ASO,ES,Federal Contract Tower,0,4,6,23,33,0,4,6,21,31,0,8,12,44,64,6,84,90,154
08/16/2022,GTR,MS,ASO,ES,Federal Contract Tower,0,12,9,41,62,0,3,24,21,48,0,15,33,62,110,8,94,102,212
08/17/2022,GTR,MS,ASO,ES,Federal Contract Tower,0,5,9,10,24,0,1,1,5,7,0,6,10,15,31,2,10,12,43
08/18/2022,GTR,MS,ASO,ES,Federal Contract Tower,0,9,10,26,45,0,11,21,25,57,0,20,31,51,102,10,82,92,194
08/19/2022,GTR,MS,ASO,ES,Federal Contract Tower,0,12,7,40,59,0,1,10,21,32,0,13,17,61,91,6,84,90,181
08/20/2022,GTR,MS,ASO,ES,Federal Contract Tower,0,5,4,0,9,0,1,3,0,4,0,6,7,0,13,2,0,2,15
08/21/2022,GTR,MS,ASO,ES,Federal Contract Tower,0,9,0,0,9,0,0,0,0,0,0,9,0,0,9,0,0,0,9
08/22/2022,GTR,MS,ASO,ES,Federal Contract Tower,0,6,2,22,30,0,0,0,0,0,0,6,2,22,30,0,22,22,52
08/23/2022,GTR,MS,ASO,ES,Federal Contract Tower,0,7,1,12,20,0,0,0,2,2,0,7,1,14,22,0,12,12,34
08/24/2022,GTR,MS,ASO,ES,Federal Contract Tower,0,8,8,15,31,0,4,10,5,19,0,12,18,20,50,22,40,62,112
08/25/2022,GTR,MS,ASO,ES,Federal Contract Tower,0,5,6,43,54,0,0,7,18,25,0,5,13,61,79,6,60,66,145
08/26/2022,GTR,MS,ASO,ES,Federal Contract Tower,0,5,13,49,67,0,0,2,20,22,0,5,15,69,89,4,118,122,211
08/27/2022,GTR,MS,ASO,ES,Federal Contract Tower,0,3,3,14,20,0,0,32,11,43,0,3,35,25,63,4,22,26,89
08/28/2022,GTR,MS,ASO,ES,Federal Contract Tower,0,6,2,8,16,0,0,11,8,19,0,6,13,16,35,6,18,24,59
08/29/2022,GTR,MS,ASO,ES,Federal Contract Tower,0,12,4,27,43,0,7,28,17,52,0,19,32,44,95,30,70,100,195
08/30/2022,GTR,MS,ASO,ES,Federal Contract Tower,0,6,3,40,49,0,2,22,24,48,0,8,25,64,97,8,82,90,187
08/31/2022,GTR,MS,ASO,ES,Federal Contract Tower,0,8,3,34,45,0,3,35,21,59,0,11,38,55,104,22,56,78,182
09/01/2022,GTR,MS,ASO,ES,Federal Contract Tower,0,5,6,32,43,0,9,29,29,67,0,14,35,61,110,0,114,114,224
09/02/2022,GTR,MS,ASO,ES,Federal Contract Tower,0,5,3,12,20,0,3,28,11,42,0,8,31,23,62,8,28,36,98
09/03/2022,GTR,MS,ASO,ES,Federal Contract Tower,0,4,2,2,8,0,6,3,0,9,0,10,5,2,17,2,0,2,19
09/04/2022,GTR,MS,ASO,ES,Federal Contract Tower,0,3,2,0,5,0,0,5,0,5,0,3,7,0,10,4,0,4,14
09/05/2022,GTR,MS,ASO,ES,Federal Contract Tower,0,5,5,8,18,0,0,3,0,3,0,5,8,8,21,0,0,0,21
09/06/2022,GTR,MS,ASO,ES,Federal Contract Tower,0,4,0,65,69,0,0,0,0,0,0,4,0,65,69,0,154,154,223
09/07/2022,GTR,MS,ASO,ES,Federal Contract Tower,0,4,11,31,46,0,0,9,16,25,0,4,20,47,71,10,174,184,255
09/08/2022,GTR,MS,ASO,ES,Federal Contract Tower,0,6,9,20,35,0,4,12,31,47,0,10,21,51,82,8,68,76,158
09/09/2022,GTR,MS,ASO,ES,Federal Contract Tower,2,3,4,40,49,0,2,10,10,22,2,5,14,50,71,2,94,96,167
09/11/2022,GTR,MS,ASO,ES,Federal Contract Tower,2,11,4,8,25,0,0,6,0,6,2,11,10,8,31,8,0,8,39
09/12/2022,GTR,MS,ASO,ES,Federal Contract Tower,0,5,5,47,57,0,0,18,35,53,0,5,23,82,110,6,96,102,212
09/13/2022,GTR,MS,ASO,ES,Federal Contract Tower,0,9,7,36,52,0,4,47,30,81,0,13,54,66,133,10,66,76,209
09/14/2022,GTR,MS,ASO,ES,Federal Contract Tower,0,8,3,40,51,0,5,12,27,44,0,13,15,67,95,8,74,82,177
09/15/2022,GTR,MS,ASO,ES,Federal Contract Tower,0,7,7,37,51,0,20,18,36,74,0,27,25,73,125,14,142,156,281
09/16/2022,GTR,MS,ASO,ES,Federal Contract Tower,2,6,6,32,46,0,3,8,19,30,2,9,14,51,76,4,60,64,140
09/17/2022,GTR,MS,ASO,ES,Federal Contract Tower,0,4,5,5,14,0,0,11,3,14,0,4,16,8,28,0,16,16,44
09/18/2022,GTR,MS,ASO,ES,Federal Contract Tower,0,7,8,7,22,0,2,7,3,12,0,9,15,10,34,6,4,10,44
09/19/2022,GTR,MS,ASO,ES,Federal Contract Tower,0,7,6,52,65,0,4,26,32,62,0,11,32,84,127,6,106,112,239
09/20/2022,GTR,MS,ASO,ES,Federal Contract Tower,0,5,2,77,84,0,1,33,38,72,0,6,35,115,156,12,164,176,332
09/21/2022,GTR,MS,ASO,ES,Federal Contract Tower,0,5,8,57,70,0,3,36,34,73,0,8,44,91,143,0,122,122,265
09/23/2022,GTR,MS,ASO,ES,Federal Contract Tower,1,10,7,30,48,0,1,17,30,48,1,11,24,60,96,16,80,96,192
09/24/2022,GTR,MS,ASO,ES,Federal Contract Tower,0,7,2,19,28,0,6,13,10,29,0,13,15,29,57,6,44,50,107
09/25/2022,GTR,MS,ASO,ES,Federal Contract Tower,0,5,3,6,14,0,4,6,4,14,0,9,9,10,28,8,4,12,40
09/26/2022,GTR,MS,ASO,ES,Federal Contract Tower,0,7,3,32,42,0,3,22,18,43,0,10,25,50,85,8,64,72,157
09/27/2022,GTR,MS,ASO,ES,Federal Contract Tower,0,5,2,36,43,0,2,31,32,65,0,7,33,68,108,24,96,120,228
09/28/2022,GTR,MS,ASO,ES,Federal Contract Tower,0,10,5,39,54,0,4,14,27,45,0,14,19,66,99,4,124,128,227
09/29/2022,GTR,MS,ASO,ES,Federal Contract Tower,0,10,9,20,39,0,4,9,24,37,0,14,18,44,76,6,50,56,132
09/30/2022,GTR,MS,ASO,ES,Federal Contract Tower,0,11,12,22,45,0,2,9,24,35,0,13,21,46,80,12,56,68,148
10/01/2022,GTR,MS,ASO,ES,Federal Contract Tower,4,8,6,2,20,0,2,5,0,7,4,10,11,2,27,2,0,2,29
10/02/2022,GTR,MS,ASO,ES,Federal Contract Tower,0,9,11,8,28,0,0,7,5,12,0,9,18,13,40,2,18,20,60
10/03/2022,GTR,MS,ASO,ES,Federal Contract Tower,0,5,15,49,69,0,6,15,29,50,0,11,30,78,119,10,84,94,213
10/04/2022,GTR,MS,ASO,ES,Federal Contract Tower,1,5,4,36,46,0,0,19,30,49,1,5,23,66,95,12,94,106,201
10/05/2022,GTR,MS,ASO,ES,Federal Contract Tower,0,5,5,47,57,0,0,22,31,53,0,5,27,78,110,6,94,100,210
10/06/2022,GTR,MS,ASO,ES,Federal Contract Tower,0,7,4,40,51,0,0,20,26,46,0,7,24,66,97,0,64,64,161
10/07/2022,GTR,MS,ASO,ES,Federal Contract Tower,2,7,9,33,51,0,0,13,27,40,2,7,22,60,91,20,66,86,177
10/08/2022,GTR,MS,ASO,ES,Federal Contract Tower,2,5,2,3,12,0,1,18,1,20,2,6,20,4,32,8,2,10,42
10/09/2022,GTR,MS,ASO,ES,Federal Contract Tower,0,10,2,5,17,0,0,11,1,12,0,10,13,6,29,0,8,8,37
10/10/2022,GTR,MS,ASO,ES,Federal Contract Tower,0,5,5,4,14,0,0,12,3,15,0,5,17,7,29,4,14,18,47
10/11/2022,GTR,MS,ASO,ES,Federal Contract Tower,0,5,6,31,42,0,0,12,25,37,0,5,18,56,79,6,100,106,185
10/12/2022,GTR,MS,ASO,ES,Federal Contract Tower,0,5,3,55,63,0,2,5,17,24,0,7,8,72,87,0,62,62,149
10/13/2022,GTR,MS,ASO,ES,Federal Contract Tower,0,10,7,40,57,0,4,7,37,48,0,14,14,77,105,2,86,88,193
10/14/2022,GTR,MS,ASO,ES,Federal Contract Tower,1,5,8,51,65,0,3,28,36,67,1,8,36,87,132,22,102,124,256
10/15/2022,GTR,MS,ASO,ES,Federal Contract Tower,0,3,0,4,7,0,2,25,2,29,0,5,25,6,36,8,4,12,48
10/16/2022,GTR,MS,ASO,ES,Federal Contract Tower,0,5,7,3,15,0,7,13,2,22,0,12,20,5,37,14,12,26,63
10/17/2022,GTR,MS,ASO,ES,Federal Contract Tower,0,5,6,50,61,0,8,15,34,57,0,13,21,84,118,14,108,122,240
10/18/2022,GTR,MS,ASO,ES,Federal Contract Tower,0,7,4,43,54,0,3,11,32,46,0,10,15,75,100,8,88,96,196
10/19/2022,GTR,MS,ASO,ES,Federal Contract Tower,0,4,10,88,102,0,2,15,42,59,0,6,25,130,161,18,120,138,299
10/20/2022,GTR,MS,ASO,ES,Federal Contract Tower,0,5,4,80,89,0,5,21,41,67,0,10,25,121,156,33,220,253,409
10/21/2022,GTR,MS,ASO,ES,Federal Contract Tower,0,8,13,35,56,2,0,25,28,55,2,8,38,63,111,18,100,118,229
10/22/2022,GTR,MS,ASO,ES,Federal Contract Tower,0,4,0,6,10,0,3,6,3,12,0,7,6,9,22,22,38,60,82
10/23/2022,GTR,MS,ASO,ES,Federal Contract Tower,0,5,1,15,21,0,1,7,5,13,0,6,8,20,34,18,50,68,102
10/24/2022,GTR,MS,ASO,ES,Federal Contract Tower,0,8,4,52,64,0,3,17,41,61,0,11,21,93,125,20,122,142,267
10/25/2022,GTR,MS,ASO,ES,Federal Contract Tower,0,3,5,7,15,0,2,0,2,4,0,5,5,9,19,10,28,38,57
10/26/2022,GTR,MS,ASO,ES,Federal Contract Tower,0,5,11,66,82,0,6,14,39,59,0,11,25,105,141,10,128,138,279
10/27/2022,GTR,MS,ASO,ES,Federal Contract Tower,0,5,5,59,69,0,4,44,41,89,0,9,49,100,158,20,102,122,280
10/28/2022,GTR,MS,ASO,ES,Federal Contract Tower,0,7,3,38,48,0,0,11,28,39,0,7,14,66,87,12,60,72,159
10/29/2022,GTR,MS,ASO,ES,Federal Contract Tower,0,3,3,0,6,0,0,0,0,0,0,3,3,0,6,0,0,0,6
10/30/2022,GTR,MS,ASO,ES,Federal Contract Tower,0,3,7,0,10,0,0,2,0,2,0,3,9,0,12,14,0,14,26
10/31/2022,GTR,MS,ASO,ES,Federal Contract Tower,0,3,3,68,74,0,4,5,31,40,0,7,8,99,114,10,136,146,260
11/01/2022,GTR,MS,ASO,ES,Federal Contract Tower,0,6,2,56,64,0,2,10,37,49,0,8,12,93,113,4,136,140,253
11/02/2022,GTR,MS,ASO,ES,Federal Contract Tower,0,9,4,55,68,0,0,7,49,56,0,9,11,104,124,22,102,124,248
11/03/2022,GTR,MS,ASO,ES,Federal Contract Tower,0,10,7,32,49,0,3,13,29,45,0,13,20,61,94,10,100,110,204
11/04/2022,GTR,MS,ASO,ES,Federal Contract Tower,1,7,10,37,55,0,1,17,21,39,1,8,27,58,94,0,96,96,190
11/05/2022,GTR,MS,ASO,ES,Federal Contract Tower,0,4,0,2,6,0,0,0,0,0,0,4,0,2,6,0,0,0,6
11/06/2022,GTR,MS,ASO,ES,Federal Contract Tower,0,4,7,4,15,0,2,4,1,7,0,6,11,5,22,12,2,14,36
11/07/2022,GTR,MS,ASO,ES,Federal Contract Tower,0,4,8,30,42,0,1,2,14,17,0,5,10,44,59,0,94,94,153
11/08/2022,GTR,MS,ASO,ES,Federal Contract Tower,0,3,3,49,55,0,4,15,26,45,0,7,18,75,100,36,112,148,248
11/09/2022,GTR,MS,ASO,ES,Federal Contract Tower,0,9,11,44,64,0,3,13,34,50,0,12,24,78,114,16,122,138,252
11/10/2022,GTR,MS,ASO,ES,Federal Contract Tower,0,6,6,49,61,0,7,27,26,60,0,13,33,75,121,50,42,92,213
11/11/2022,GTR,MS,ASO,ES,Federal Contract Tower,4,7,10,2,23,0,2,11,8,21,4,9,21,10,44,2,16,18,62
11/12/2022,GTR,MS,ASO,ES,Federal Contract Tower,0,11,9,0,20,0,1,2,0,3,0,12,11,0,23,0,0,0,23
11/13/2022,GTR,MS,ASO,ES,Federal Contract Tower,0,10,7,2,19,0,0,9,0,9,0,10,16,2,28,0,0,0,28
11/14/2022,GTR,MS,ASO,ES,Federal Contract Tower,0,10,5,76,91,0,0,20,37,57,0,10,25,113,148,16,121,137,285
11/15/2022,GTR,MS,ASO,ES,Federal Contract Tower,0,8,4,36,48,0,0,3,0,3,0,8,7,36,51,2,36,38,89
11/16/2022,GTR,MS,ASO,ES,Federal Contract Tower,0,6,12,50,68,0,5,18,40,63,0,11,30,90,131,26,120,146,277
11/17/2022,GTR,MS,ASO,ES,Federal Contract Tower,0,8,4,33,45,0,6,11,30,47,0,14,15,63,92,8,96,104,196
11/18/2022,GTR,MS,ASO,ES,Federal Contract Tower,0,6,7,26,39,0,2,5,15,22,0,8,12,41,61,8,62,70,131
11/19/2022,GTR,MS,ASO,ES,Federal Contract Tower,0,4,0,22,26,0,6,14,4,24,0,10,14,26,50,44,30,74,124
11/20/2022,GTR,MS,ASO,ES,Federal Contract Tower,0,7,5,9,21,0,5,8,11,24,0,12,13,20,45,4,26,30,75
11/21/2022,GTR,MS,ASO,ES,Federal Contract Tower,0,7,5,43,55,0,3,15,27,45,0,10,20,70,100,10,122,132,232
11/22/2022,GTR,MS,ASO,ES,Federal Contract Tower,0,7,7,35,49,0,3,33,34,70,0,10,40,69,119,16,124,140,259
11/23/2022,GTR,MS,ASO,ES,Federal Contract Tower,0,7,2,39,48,0,4,18,20,42,0,11,20,59,90,32,50,82,172
11/24/2022,GTR,MS,ASO,ES,Federal Contract Tower,0,4,0,0,4,0,0,0,0,0,0,4,0,0,4,0,0,0,4
11/25/2022,GTR,MS,ASO,ES,Federal Contract Tower,0,5,2,4,11,0,0,0,0,0,0,5,2,4,11,0,0,0,11
11/26/2022,GTR,MS,ASO,ES,Federal Contract Tower,0,5,2,0,7,0,0,0,0,0,0,5,2,0,7,0,0,0,7
11/27/2022,GTR,MS,ASO,ES,Federal Contract Tower,0,8,4,0,12,0,2,1,0,3,0,10,5,0,15,0,0,0,15
11/28/2022,GTR,MS,ASO,ES,Federal Contract Tower,0,6,2,12,20,0,1,22,16,39,0,7,24,28,59,36,26,62,121
11/29/2022,GTR,MS,ASO,ES,Federal Contract Tower,0,13,0,1,14,0,0,6,0,6,0,13,6,1,20,0,0,0,20
11/30/2022,GTR,MS,ASO,ES,Federal Contract Tower,0,7,3,11,21,0,0,29,4,33,0,7,32,15,54,18,22,40,94
12/01/2022,GTR,MS,ASO,ES,Federal Contract Tower,0,10,13,54,77,0,0,11,26,37,0,10,24,80,114,8,118,126,240
12/02/2022,GTR,MS,ASO,ES,Federal Contract Tower,0,6,9,62,77,0,3,18,29,50,0,9,27,91,127,10,134,144,271
12/03/2022,GTR,MS,ASO,ES,Federal Contract Tower,0,9,0,42,51,0,0,2,11,13,0,9,2,53,64,6,78,84,148
12/04/2022,GTR,MS,ASO,ES,Federal Contract Tower,0,5,5,17,27,0,4,10,9,23,0,9,15,26,50,20,14,34,84
12/05/2022,GTR,MS,ASO,ES,Federal Contract Tower,0,10,8,15,33,0,1,0,0,1,0,11,8,15,34,2,12,14,48
12/06/2022,GTR,MS,ASO,ES,Federal Contract Tower,0,7,11,54,72,0,1,2,20,23,0,8,13,74,95,6,92,98,193
12/07/2022,GTR,MS,ASO,ES,Federal Contract Tower,0,7,11,59,77,0,0,14,25,39,0,7,25,84,116,0,180,180,296
12/08/2022,GTR,MS,ASO,ES,Federal Contract Tower,0,7,11,53,71,0,3,23,18,44,0,10,34,71,115,24,114,138,253
12/09/2022,GTR,MS,ASO,ES,Federal Contract Tower,0,6,0,44,50,0,7,4,10,21,0,13,4,54,71,0,50,50,121
12/10/2022,GTR,MS,ASO,ES,Federal Contract Tower,0,3,1,16,20,0,0,5,3,8,0,3,6,19,28,0,22,22,50
12/11/2022,GTR,MS,ASO,ES,Federal Contract Tower,0,9,3,7,19,0,0,0,0,0,0,9,3,7,19,0,0,0,19
12/12/2022,GTR,MS,ASO,ES,Federal Contract Tower,0,12,5,61,78,0,0,0,0,0,0,12,5,61,78,0,8,8,86
12/13/2022,GTR,MS,ASO,ES,Federal Contract Tower,0,10,3,43,56,0,0,0,0,0,0,10,3,43,56,0,14,14,70
12/14/2022,GTR,MS,ASO,ES,Federal Contract Tower,0,7,6,0,13,0,0,0,0,0,0,7,6,0,13,0,0,0,13
12/15/2022,GTR,MS,ASO,ES,Federal Contract Tower,0,5,9,86,100,0,0,23,42,65,0,5,32,128,165,20,160,180,345
12/16/2022,GTR,MS,ASO,ES,Federal Contract Tower,0,7,7,64,78,0,1,33,48,82,0,8,40,112,160,22,146,168,328
12/17/2022,GTR,MS,ASO,ES,Federal Contract Tower,0,3,2,19,24,0,0,18,14,32,0,3,20,33,56,8,38,46,102
12/18/2022,GTR,MS,ASO,ES,Federal Contract Tower,0,5,0,7,12,0,2,11,2,15,0,7,11,9,27,16,2,18,45
12/19/2022,GTR,MS,ASO,ES,Federal Contract Tower,0,5,9,47,61,0,0,9,38,47,0,5,18,85,108,4,128,132,240
12/20/2022,GTR,MS,ASO,ES,Federal Contract Tower,0,14,18,9,41,0,0,0,0,0,0,14,18,9,41,0,6,6,47
12/21/2022,GTR,MS,ASO,ES,Federal Contract Tower,0,7,3,55,65,0,0,14,3,17,0,7,17,58,82,4,24,28,110
12/22/2022,GTR,MS,ASO,ES,Federal Contract Tower,0,8,4,0,12,0,0,7,0,7,0,8,11,0,19,2,0,2,21
12/23/2022,GTR,MS,ASO,ES,Federal Contract Tower,0,5,1,0,6,0,2,1,0,3,0,7,2,0,9,0,0,0,9
12/24/2022,GTR,MS,ASO,ES,Federal Contract Tower,0,4,0,0,4,0,0,0,0,0,0,4,0,0,4,0,0,0,4
12/25/2022,GTR,MS,ASO,ES,Federal Contract Tower,0,3,0,0,3,0,1,0,0,1,0,4,0,0,4,0,0,0,4
12/26/2022,GTR,MS,ASO,ES,Federal Contract Tower,0,1,4,0,5,0,2,5,0,7,0,3,9,0,12,2,0,2,14
12/27/2022,GTR,MS,ASO,ES,Federal Contract Tower,2,6,0,0,8,0,2,9,0,11,2,8,9,0,19,2,0,2,21
12/28/2022,GTR,MS,ASO,ES,Federal Contract Tower,0,8,3,0,11,0,4,4,0,8,0,12,7,0,19,0,0,0,19
12/29/2022,GTR,MS,ASO,ES,Federal Contract Tower,0,5,0,2,7,0,1,5,2,8,0,6,5,4,15,8,4,12,27
12/30/2022,GTR,MS,ASO,ES,Federal Contract Tower,0,11,4,0,15,0,2,0,0,2,0,13,4,0,17,0,0,0,17
12/31/2022,GTR,MS,ASO,ES,Federal Contract Tower,0,5,0,0,5,0,2,2,0,4,0,7,2,0,9,0,0,0,9
01/01/2023,GTR,MS,ASO,ES,Federal Contract Tower,0,5,3,0,8,0,3,9,0,12,0,8,12,0,20,6,0,6,26
01/02/2023,GTR,MS,ASO,ES,Federal Contract Tower,4,7,8,0,19,0,2,0,0,2,4,9,8,0,21,0,0,0,21
01/03/2023,GTR,MS,ASO,ES,Federal Contract Tower,0,5,2,0,7,0,0,1,0,1,0,5,3,0,8,0,0,0,8
01/04/2023,GTR,MS,ASO,ES,Federal Contract Tower,0,9,4,71,84,0,2,13,57,72,0,11,17,128,156,10,174,184,340
01/05/2023,GTR,MS,ASO,ES,Federal Contract Tower,0,5,4,47,56,0,2,10,29,41,0,7,14,76,97,10,102,112,209
01/06/2023,GTR,MS,ASO,ES,Federal Contract Tower,0,5,3,47,55,0,2,30,41,73,0,7,33,88,128,30,150,180,308
01/07/2023,GTR,MS,ASO,ES,Federal Contract Tower,0,6,2,11,19,0,2,6,1,9,0,8,8,12,28,24,62,86,114
01/08/2023,GTR,MS,ASO,ES,Federal Contract Tower,0,8,3,8,19,0,0,0,0,0,0,8,3,8,19,0,4,4,23
01/09/2023,GTR,MS,ASO,ES,Federal Contract Tower,0,8,9,62,79,0,3,8,43,54,0,11,17,105,133,26,174,200,333
01/10/2023,GTR,MS,ASO,ES,Federal Contract Tower,0,6,5,35,46,0,8,14,33,55,0,14,19,68,101,12,102,114,215
01/11/2023,GTR,MS,ASO,ES,Federal Contract Tower,0,7,21,51,79,0,2,9,23,34,0,9,30,74,113,0,130,130,243
01/12/2023,GTR,MS,ASO,ES,Federal Contract Tower,0,9,3,6,18,0,0,3,2,5,0,9,6,8,23,2,4,6,29
01/13/2023,GTR,MS,ASO,ES,Federal Contract Tower,0,5,6,29,40,0,1,8,26,35,0,6,14,55,75,0,34,34,109
01/14/2023,GTR,MS,ASO,ES,Federal Contract Tower,0,3,0,7,10,0,1,9,2,12,0,4,9,9,22,4,28,32,54
01/15/2023,GTR,MS,ASO,ES,Federal Contract Tower,0,3,8,2,13,0,2,10,5,17,0,5,18,7,30,24,18,42,72
01/16/2023,GTR,MS,ASO,ES,Federal Contract Tower,1,7,4,4,16,0,2,7,4,13,1,9,11,8,29,0,16,16,45
01/17/2023,GTR,MS,ASO,ES,Federal Contract Tower,0,6,0,60,66,0,6,4,19,29,0,12,4,79,95,0,86,86,181
01/18/2023,GTR,MS,ASO,ES,Federal Contract Tower,0,7,3,27,37,0,0,0,2,2,0,7,3,29,39,2,28,30,69
01/19/2023,GTR,MS,ASO,ES,Federal Contract Tower,0,7,2,17,26,0,0,7,19,26,0,7,9,36,52,0,90,90,142
01/20/2023,GTR,MS,ASO,ES,Federal Contract Tower,0,9,3,51,63,0,2,3,38,43,0,11,6,89,106,2,154,156,262
01/21/2023,GTR,MS,ASO,ES,Federal Contract Tower,1,5,0,5,11,0,2,2,1,5,1,7,2,6,16,0,0,0,16
01/22/2023,GTR,MS,ASO,ES,Federal Contract Tower,2,5,2,2,11,0,2,0,0,2,2,7,2,2,13,2,0,2,15
01/23/2023,GTR,MS,ASO,ES,Federal Contract Tower,0,10,10,79,99,0,7,9,45,61,0,17,19,124,160,6,197,203,363
01/24/2023,GTR,MS,ASO,ES,Federal Contract Tower,0,9,6,47,62,0,0,6,24,30,0,9,12,71,92,4,84,88,180
01/25/2023,GTR,MS,ASO,ES,Federal Contract Tower,0,6,3,33,42,0,2,0,14,16,0,8,3,47,58,0,40,40,98
01/26/2023,GTR,MS,ASO,ES,Federal Contract Tower,0,6,6,57,69,0,1,6,35,42,0,7,12,92,111,4,144,148,259
01/27/2023,GTR,MS,ASO,ES,Federal Contract Tower,0,8,8,51,67,0,0,4,23,27,0,8,12,74,94,0,102,102,196
01/28/2023,GTR,MS,ASO,ES,Federal Contract Tower,2,4,1,28,35,0,0,8,16,24,2,4,9,44,59,16,62,78,137
01/29/2023,GTR,MS,ASO,ES,Federal Contract Tower,0,9,0,19,28,0,0,0,0,0,0,9,0,19,28,0,4,4,32
01/30/2023,GTR,MS,ASO,ES,Federal Contract Tower,0,6,7,16,29,0,0,0,0,0,0,6,7,16,29,0,4,4,33
01/31/2023,GTR,MS,ASO,ES,Federal Contract Tower,0,6,4,6,16,0,0,0,0,0,0,6,4,6,16,0,0,0,16
02/01/2023,GTR,MS,ASO,ES,Federal Contract Tower,0,5,4,0,9,0,0,4,0,4,0,5,8,0,13,0,0,0,13
02/02/2023,GTR,MS,ASO,ES,Federal Contract Tower,0,4,3,1,8,0,0,0,0,0,0,4,3,1,8,0,0,0,8
02/03/2023,GTR,MS,ASO,ES,Federal Contract Tower,0,5,7,43,55,0,3,19,25,47,0,8,26,68,102,17,98,115,217
02/04/2023,GTR,MS,ASO,ES,Federal Contract Tower,0,3,4,11,18,0,1,13,1,15,0,4,17,12,33,2,24,26,59
02/05/2023,GTR,MS,ASO,ES,Federal Contract Tower,2,7,4,6,19,0,2,10,4,16,2,9,14,10,35,4,4,8,43
02/06/2023,GTR,MS,ASO,ES,Federal Contract Tower,1,7,7,37,52,0,7,20,25,52,1,14,27,62,104,14,76,90,194
02/07/2023,GTR,MS,ASO,ES,Federal Contract Tower,0,8,9,37,54,0,1,30,35,66,0,9,39,72,120,2,86,88,208
02/08/2023,GTR,MS,ASO,ES,Federal Contract Tower,0,6,7,62,75,0,0,0,8,8,0,6,7,70,83,0,70,70,153
02/09/2023,GTR,MS,ASO,ES,Federal Contract Tower,0,4,4,68,76,0,4,7,42,53,0,8,11,110,129,4,132,136,265
02/10/2023,GTR,MS,ASO,ES,Federal Contract Tower,0,6,6,50,62,0,3,28,19,50,0,9,34,69,112,24,142,166,278
02/11/2023,GTR,MS,ASO,ES,Federal Contract Tower,0,5,0,4,9,0,0,0,0,0,0,5,0,4,9,0,16,16,25
02/12/2023,GTR,MS,ASO,ES,Federal Contract Tower,1,4,0,14,19,0,6,6,7,19,1,10,6,21,38,8,24,32,70
02/13/2023,GTR,MS,ASO,ES,Federal Contract Tower,0,3,2,55,60,0,0,22,35,57,0,3,24,90,117,14,124,138,255
02/14/2023,GTR,MS,ASO,ES,Federal Contract Tower,0,12,11,76,99,0,4,2,42,48,0,16,13,118,147,2,156,158,305
02/15/2023,GTR,MS,ASO,ES,Federal Contract Tower,0,9,13,46,68,0,0,1,0,1,0,9,14,46,69,2,38,40,109
02/16/2023,GTR,MS,ASO,ES,Federal Contract Tower,0,7,2,0,9,0,0,0,0,0,0,7,2,0,9,2,0,2,11
02/17/2023,GTR,MS,ASO,ES,Federal Contract Tower,0,5,7,47,59,0,0,8,30,38,0,5,15,77,97,24,82,106,203
02/18/2023,GTR,MS,ASO,ES,Federal Contract Tower,0,4,0,6,10,0,5,14,6,25,0,9,14,12,35,0,34,34,69
02/19/2023,GTR,MS,ASO,ES,Federal Contract Tower,0,4,0,12,16,0,7,34,10,51,0,11,34,22,67,4,34,38,105
02/20/2023,GTR,MS,ASO,ES,Federal Contract Tower,0,5,3,7,15,0,1,14,12,27,0,6,17,19,42,10,22,32,74
02/21/2023,GTR,MS,ASO,ES,Federal Contract Tower,0,8,5,62,75,0,3,14,18,35,0,11,19,80,110,4,84,88,198
02/22/2023,GTR,MS,ASO,ES,Federal Contract Tower,0,8,2,29,39,0,0,5,29,34,0,8,7,58,73,0,134,134,207
02/23/2023,GTR,MS,ASO,ES,Federal Contract Tower,0,10,5,77,92,0,0,10,32,42,0,10,15,109,134,4,152,156,290
02/24/2023,GTR,MS,ASO,ES,Federal Contract Tower,0,7,7,46,60,0,1,15,23,39,0,8,22,69,99,0,66,66,165
02/25/2023,GTR,MS,ASO,ES,Federal Contract Tower,2,4,1,0,7,0,6,28,0,34,2,10,29,0,41,0,0,0,41
02/26/2023,GTR,MS,ASO,ES,Federal Contract Tower,2,9,0,17,28,0,2,12,6,20,2,11,12,23,48,0,28,28,76
02/27/2023,GTR,MS,ASO,ES,Federal Contract Tower,1,5,5,1,12,0,0,2,1,3,1,5,7,2,15,0,2,2,17
02/28/2023,GTR,MS,ASO,ES,Federal Contract Tower,0,10,10,52,72,0,2,36,32,70,0,12,46,84,142,36,116,152,294
03/01/2023,GTR,MS,ASO,ES,Federal Contract Tower,0,7,5,85,97,0,0,25,32,57,0,7,30,117,154,0,122,122,276
03/02/2023,GTR,MS,ASO,ES,Federal Contract Tower,0,6,5,19,30,0,0,0,0,0,0,6,5,19,30,0,0,0,30
03/03/2023,GTR,MS,ASO,ES,Federal Contract Tower,0,7,4,3,14,0,3,0,2,5,0,10,4,5,19,0,6,6,25
03/04/2023,GTR,MS,ASO,ES,Federal Contract Tower,0,4,1,3,8,0,2,39,1,42,0,6,40,4,50,14,0,14,64
03/05/2023,GTR,MS,ASO,ES,Federal Contract Tower,0,5,8,1,14,0,7,24,0,31,0,12,32,1,45,46,0,46,91
03/06/2023,GTR,MS,ASO,ES,Federal Contract Tower,0,5,8,69,82,0,6,7,42,55,0,11,15,111,137,0,138,138,275
03/07/2023,GTR,MS,ASO,ES,Federal Contract Tower,0,6,4,52,62,0,4,24,34,62,0,10,28,86,124,18,96,114,238
03/08/2023,GTR,MS,ASO,ES,Federal Contract Tower,0,5,6,34,45,0,4,26,19,49,0,9,32,53,94,0,52,52,146
03/09/2023,GTR,MS,ASO,ES,Federal Contract Tower,0,5,6,92,103,0,0,19,17,36,0,5,25,109,139,0,88,88,227
03/10/2023,GTR,MS,ASO,ES,Federal Contract Tower,0,8,12,85,105,0,8,18,15,41,0,16,30,100,146,2,100,102,248
03/11/2023,GTR,MS,ASO,ES,Federal Contract Tower,0,4,5,8,17,0,3,30,10,43,0,7,35,18,60,10,6,16,76
03/12/2023,GTR,MS,ASO,ES,Federal Contract Tower,0,6,2,5,13,0,0,0,0,0,0,6,2,5,13,0,0,0,13
03/13/2023,GTR,MS,ASO,ES,Federal Contract Tower,3,9,2,48,62,0,6,16,30,52,3,15,18,78,114,2,50,52,166
03/14/2023,GTR,MS,ASO,ES,Federal Contract Tower,0,6,6,42,54,0,0,27,39,66,0,6,33,81,120,48,64,112,232
03/15/2023,GTR,MS,ASO,ES,Federal Contract Tower,1,7,9,56,73,0,3,24,43,70,1,10,33,99,143,0,128,128,271
03/16/2023,GTR,MS,ASO,ES,Federal Contract Tower,0,5,8,54,67,0,0,43,34,77,0,5,51,88,144,1,116,117,261
03/17/2023,GTR,MS,ASO,ES,Federal Contract Tower,0,5,4,7,16,0,0,0,1,1,0,5,4,8,17,0,2,2,19
03/18/2023,GTR,MS,ASO,ES,Federal Contract Tower,0,4,0,2,6,0,1,8,2,11,0,5,8,4,17,20,8,28,45
03/19/2023,GTR,MS,ASO,ES,Federal Contract Tower,0,6,7,30,43,0,1,37,11,49,0,7,44,41,92,4,134,138,230
03/20/2023,GTR,MS,ASO,ES,Federal Contract Tower,0,4,7,25,36,0,0,35,27,62,0,4,42,52,98,0,114,114,212
03/21/2023,GTR,MS,ASO,ES,Federal Contract Tower,0,5,4,49,58,9,36,39,0,84,9,41,43,49,142,8,102,110,252
03/22/2023,GTR,MS,ASO,ES,Federal Contract Tower,0,8,4,42,54,0,1,27,28,56,0,9,31,70,110,0,130,130,240
03/23/2023,GTR,MS,ASO,ES,Federal Contract Tower,0,7,13,20,40,0,0,23,30,53,0,7,36,50,93,6,72,78,171
03/25/2023,GTR,MS,ASO,ES,Federal Contract Tower,0,8,7,2,17,0,4,11,5,20,0,12,18,7,37,2,0,2,39
03/26/2023,GTR,MS,ASO,ES,Federal Contract Tower,0,9,5,44,58,0,0,14,11,25,0,9,19,55,83,0,80,80,163
03/27/2023,GTR,MS,ASO,ES,Federal Contract Tower,0,10,4,65,79,0,8,23,32,63,0,18,27,97,142,8,130,138,280
03/28/2023,GTR,MS,ASO,ES,Federal Contract Tower,0,14,4,39,57,0,2,13,35,50,0,16,17,74,107,14,100,114,221
03/29/2023,GTR,MS,ASO,ES,Federal Contract Tower,0,8,5,26,39,0,2,36,33,71,0,10,41,59,110,24,76,100,210
03/30/2023,GTR,MS,ASO,ES,Federal Contract Tower,0,7,3,35,45,0,0,33,27,60,0,7,36,62,105,16,86,102,207
03/31/2023,GTR,MS,ASO,ES,Federal Contract Tower,0,6,9,3,18,0,0,15,1,16,0,6,24,4,34,0,0,0,34
04/01/2023,GTR,MS,ASO,ES,Federal Contract Tower,0,5,8,2,15,0,1,9,0,10,0,6,17,2,25,0,0,0,25
04/02/2023,GTR,MS,ASO,ES,Federal Contract Tower,0,6,1,14,21,0,2,8,7,17,0,8,9,21,38,6,18,24,62
04/03/2023,GTR,MS,ASO,ES,Federal Contract Tower,4,1,5,44,54,0,2,1,6,9,4,3,6,50,63,0,38,38,101
04/04/2023,GTR,MS,ASO,ES,Federal Contract Tower,4,2,18,44,68,0,0,5,31,36,4,2,23,75,104,6,80,86,190
04/05/2023,GTR,MS,ASO,ES,Federal Contract Tower,4,1,6,71,82,0,2,14,36,52,4,3,20,107,134,2,160,162,296
04/06/2023,GTR,MS,ASO,ES,Federal Contract Tower,4,0,6,16,26,0,0,20,0,20,4,0,26,16,46,2,4,6,52
04/07/2023,GTR,MS,ASO,ES,Federal Contract Tower,4,2,1,5,12,0,0,0,0,0,4,2,1,5,12,0,0,0,12
04/08/2023,GTR,MS,ASO,ES,Federal Contract Tower,2,1,1,0,4,0,0,0,0,0,2,1,1,0,4,0,0,0,4
04/09/2023,GTR,MS,ASO,ES,Federal Contract Tower,4,0,3,0,7,0,2,0,0,2,4,2,3,0,9,0,0,0,9
04/10/2023,GTR,MS,ASO,ES,Federal Contract Tower,4,1,5,56,66,0,2,11,45,58,4,3,16,101,124,16,158,174,298
04/11/2023,GTR,MS,ASO,ES,Federal Contract Tower,7,1,8,35,51,0,5,15,31,51,7,6,23,66,102,6,122,128,230
04/12/2023,GTR,MS,ASO,ES,Federal Contract Tower,4,5,3,27,39,0,2,22,22,46,4,7,25,49,85,22,62,84,169
04/13/2023,GTR,MS,ASO,ES,Federal Contract Tower,3,4,6,12,25,0,0,2,8,10,3,4,8,20,35,0,30,30,65
04/14/2023,GTR,MS,ASO,ES,Federal Contract Tower,4,4,5,34,47,0,2,21,20,43,4,6,26,54,90,2,118,120,210
04/15/2023,GTR,MS,ASO,ES,Federal Contract Tower,4,0,1,3,8,0,2,5,2,9,4,2,6,5,17,10,0,10,27
04/16/2023,GTR,MS,ASO,ES,Federal Contract Tower,4,2,2,2,10,0,2,2,14,18,4,4,4,16,28,0,0,0,28
04/17/2023,GTR,MS,ASO,ES,Federal Contract Tower,4,3,6,39,52,0,2,15,44,61,4,5,21,83,113,10,168,178,291
04/18/2023,GTR,MS,ASO,ES,Federal Contract Tower,4,4,4,28,40,0,4,40,20,64,4,8,44,48,104,8,68,76,180
04/19/2023,GTR,MS,ASO,ES,Federal Contract Tower,4,2,10,39,55,0,0,13,38,51,4,2,23,77,106,6,118,124,230
04/20/2023,GTR,MS,ASO,ES,Federal Contract Tower,4,2,4,27,37,0,4,8,37,49,4,6,12,64,86,8,88,96,182
04/21/2023,GTR,MS,ASO,ES,Federal Contract Tower,4,2,6,22,34,0,1,16,6,23,4,3,22,28,57,0,28,28,85
04/22/2023,GTR,MS,ASO,ES,Federal Contract Tower,4,4,3,4,15,0,3,5,3,11,4,7,8,7,26,0,28,28,54
04/23/2023,GTR,MS,ASO,ES,Federal Contract Tower,4,0,1,9,14,0,6,7,10,23,4,6,8,19,37,0,18,18,55
04/24/2023,GTR,MS,ASO,ES,Federal Contract Tower,4,3,6,45,58,0,3,3,35,41,4,6,9,80,99,24,124,148,247
04/25/2023,GTR,MS,ASO,ES,Federal Contract Tower,4,3,2,53,62,0,4,23,44,71,4,7,25,97,133,18,124,142,275
04/26/2023,GTR,MS,ASO,ES,Federal Contract Tower,4,4,2,52,62,0,2,4,40,46,4,6,6,92,108,8,148,156,264
04/27/2023,GTR,MS,ASO,ES,Federal Contract Tower,4,5,6,10,25,0,0,2,6,8,4,5,8,16,33,0,30,30,63
04/28/2023,GTR,MS,ASO,ES,Federal Contract Tower,4,1,8,55,68,0,3,14,24,41,4,4,22,79,109,0,102,102,211
04/29/2023,GTR,MS,ASO,ES,Federal Contract Tower,4,4,1,5,14,0,4,8,1,13,4,8,9,6,27,0,18,18,45
04/30/2023,GTR,MS,ASO,ES,Federal Contract Tower,4,3,9,11,27,0,5,0,6,11,4,8,9,17,38,0,12,12,50
05/01/2023,GTR,MS,ASO,ES,Federal Contract Tower,4,1,15,47,67,0,2,18,47,67,4,3,33,94,134,8,122,130,264
05/02/2023,GTR,MS,ASO,ES,Federal Contract Tower,4,0,7,41,52,0,2,10,35,47,4,2,17,76,99,2,92,94,193
05/03/2023,GTR,MS,ASO,ES,Federal Contract Tower,4,2,3,45,54,0,1,17,37,55,4,3,20,82,109,24,136,160,269
05/04/2023,GTR,MS,ASO,ES,Federal Contract Tower,4,3,5,32,44,0,0,21,31,52,4,3,26,63,96,14,96,110,206
05/05/2023,GTR,MS,ASO,ES,Federal Contract Tower,4,3,7,60,74,0,2,8,24,34,4,5,15,84,108,6,122,128,236
05/06/2023,GTR,MS,ASO,ES,Federal Contract Tower,4,1,1,2,8,0,4,3,1,8,4,5,4,3,16,0,16,16,32
05/07/2023,GTR,MS,ASO,ES,Federal Contract Tower,6,0,4,4,14,0,1,4,1,6,6,1,8,5,20,2,4,6,26
05/08/2023,GTR,MS,ASO,ES,Federal Contract Tower,4,2,3,45,54,0,2,6,12,20,4,4,9,57,74,8,46,54,128
05/09/2023,GTR,MS,ASO,ES,Federal Contract Tower,4,2,10,52,68,0,0,17,38,55,4,2,27,90,123,24,108,132,255
05/10/2023,GTR,MS,ASO,ES,Federal Contract Tower,4,6,8,62,80,0,0,22,35,57,4,6,30,97,137,8,104,112,249
05/11/2023,GTR,MS,ASO,ES,Federal Contract Tower,4,2,9,76,91,0,0,0,15,15,4,2,9,91,106,0,89,89,195
05/12/2023,GTR,MS,ASO,ES,Federal Contract Tower,4,3,6,38,51,0,2,9,16,27,4,5,15,54,78,6,84,90,168
05/13/2023,GTR,MS,ASO,ES,Federal Contract Tower,4,4,6,3,17,0,7,5,2,14,4,11,11,5,31,0,8,8,39
05/14/2023,GTR,MS,ASO,ES,Federal Contract Tower,4,3,4,5,16,0,7,8,6,21,4,10,12,11,37,10,46,56,93
05/15/2023,GTR,MS,ASO,ES,Federal Contract Tower,4,3,7,15,29,0,0,2,13,15,4,3,9,28,44,0,76,76,120
05/16/2023,GTR,MS,ASO,ES,Federal Contract Tower,4,0,4,46,54,0,0,6,35,41,4,0,10,81,95,0,158,158,253
05/17/2023,GTR,MS,ASO,ES,Federal Contract Tower,6,6,2,69,83,0,0,3,35,38,6,6,5,104,121,0,126,126,247
05/18/2023,GTR,MS,ASO,ES,Federal Contract Tower,4,2,7,40,53,0,0,5,3,8,4,2,12,43,61,2,40,42,103
05/19/2023,GTR,MS,ASO,ES,Federal Contract Tower,4,1,25,34,64,0,0,3,5,8,4,1,28,39,72,0,32,32,104
05/20/2023,GTR,MS,ASO,ES,Federal Contract Tower,4,4,3,9,20,0,1,2,2,5,4,5,5,11,25,0,40,40,65
05/21/2023,GTR,MS,ASO,ES,Federal Contract Tower,4,0,3,11,18,0,4,3,14,21,4,4,6,25,39,0,18,18,57
05/22/2023,GTR,MS,ASO,ES,Federal Contract Tower,4,2,14,48,68,0,1,6,24,31,4,3,20,72,99,0,68,68,167
05/23/2023,GTR,MS,ASO,ES,Federal Contract Tower,4,11,14,49,78,0,0,0,0,0,4,11,14,49,78,0,52,52,130
05/24/2023,GTR,MS,ASO,ES,Federal Contract Tower,4,0,3,54,61,0,0,43,18,61,4,0,46,72,122,14,68,82,204
05/25/2023,GTR,MS,ASO,ES,Federal Contract Tower,4,0,9,47,60,0,0,28,28,56,4,0,37,75,116,20,82,102,218
05/26/2023,GTR,MS,ASO,ES,Federal Contract Tower,4,2,5,0,11,0,0,29,0,29,4,2,34,0,40,10,0,10,50
05/27/2023,GTR,MS,ASO,ES,Federal Contract Tower,4,2,5,0,11,0,0,6,0,6,4,2,11,0,17,4,0,4,21
05/28/2023,GTR,MS,ASO,ES,Federal Contract Tower,4,0,6,0,10,0,0,0,0,0,4,0,6,0,10,0,0,0,10
05/29/2023,GTR,MS,ASO,ES,Federal Contract Tower,4,1,0,0,5,0,3,7,0,10,4,4,7,0,15,18,0,18,33
05/30/2023,GTR,MS,ASO,ES,Federal Contract Tower,4,0,4,91,99,0,1,4,33,38,4,1,8,124,137,14,138,152,289
05/31/2023,GTR,MS,ASO,ES,Federal Contract Tower,4,0,3,10,17,0,1,14,7,22,4,1,17,17,39,22,12,34,73
06/01/2023,GTR,MS,ASO,ES,Federal Contract Tower,4,0,5,27,36,0,0,16,28,44,4,0,21,55,80,24,70,94,174
06/02/2023,GTR,MS,ASO,ES,Federal Contract Tower,4,0,4,58,66,0,5,17,32,54,4,5,21,90,120,2,96,98,218
06/03/2023,GTR,MS,ASO,ES,Federal Contract Tower,4,1,0,8,13,0,2,2,1,5,4,3,2,9,18,0,0,0,18
06/04/2023,GTR,MS,ASO,ES,Federal Contract Tower,4,1,4,7,16,0,6,8,7,21,4,7,12,14,37,8,20,28,65
06/05/2023,GTR,MS,ASO,ES,Federal Contract Tower,4,3,3,26,36,0,0,21,15,36,4,3,24,41,72,18,65,83,155
06/06/2023,GTR,MS,ASO,ES,Federal Contract Tower,4,4,5,44,57,0,4,28,47,79,4,8,33,91,136,22,110,132,268
06/07/2023,GTR,MS,ASO,ES,Federal Contract Tower,4,5,6,50,65,0,5,10,40,55,4,10,16,90,120,6,154,160,280
06/08/2023,GTR,MS,ASO,ES,Federal Contract Tower,4,5,2,28,39,0,0,7,25,32,4,5,9,53,71,16,74,90,161
06/09/2023,GTR,MS,ASO,ES,Federal Contract Tower,4,4,10,30,48,0,4,1,21,26,4,8,11,51,74,0,58,58,132
06/10/2023,GTR,MS,ASO,ES,Federal Contract Tower,4,4,0,11,19,0,2,5,6,13,4,6,5,17,32,0,20,20,52
06/11/2023,GTR,MS,ASO,ES,Federal Contract Tower,4,0,5,6,15,0,0,2,5,7,4,0,7,11,22,0,40,40,62
06/12/2023,GTR,MS,ASO,ES,Federal Contract Tower,4,6,2,96,108,0,0,26,27,53,4,6,28,123,161,0,138,138,299
06/13/2023,GTR,MS,ASO,ES,Federal Contract Tower,4,1,3,40,48,0,0,39,26,65,4,1,42,66,113,22,82,104,217
06/14/2023,GTR,MS,ASO,ES,Federal Contract Tower,4,1,4,45,54,0,0,27,14,41,4,1,31,59,95,16,54,70,165
06/15/2023,GTR,MS,ASO,ES,Federal Contract Tower,4,5,2,78,89,0,0,46,18,64,4,5,48,96,153,40,98,138,291
06/16/2023,GTR,MS,ASO,ES,Federal Contract Tower,4,0,9,18,31,0,1,15,22,38,4,1,24,40,69,0,44,44,113
06/17/2023,GTR,MS,ASO,ES,Federal Contract Tower,4,0,3,0,7,0,0,7,0,7,4,0,10,0,14,6,0,6,20
06/18/2023,GTR,MS,ASO,ES,Federal Contract Tower,4,0,6,0,10,0,0,0,0,0,4,0,6,0,10,0,0,0,10
06/19/2023,GTR,MS,ASO,ES,Federal Contract Tower,4,2,6,0,12,0,5,24,0,29,4,7,30,0,41,38,0,38,79
06/20/2023,GTR,MS,ASO,ES,Federal Contract Tower,4,1,1,35,41,0,3,20,17,40,4,4,21,52,81,0,84,84,165
06/21/2023,GTR,MS,ASO,ES,Federal Contract Tower,4,3,9,49,65,0,0,6,18,24,4,3,15,67,89,16,82,98,187
06/22/2023,GTR,MS,ASO,ES,Federal Contract Tower,4,0,14,66,84,0,4,6,17,27,4,4,20,83,111,26,98,124,235
06/23/2023,GTR,MS,ASO,ES,Federal Contract Tower,4,0,1,19,24,0,2,58,22,82,4,2,59,41,106,56,38,94,200
06/24/2023,GTR,MS,ASO,ES,Federal Contract Tower,4,0,2,0,6,0,2,41,0,43,4,2,43,0,49,0,0,0,49
06/25/2023,GTR,MS,ASO,ES,Federal Contract Tower,4,0,3,0,7,0,3,22,2,27,4,3,25,2,34,14,26,40,74
06/26/2023,GTR,MS,ASO,ES,Federal Contract Tower,2,1,9,111,123,0,2,18,43,63,2,3,27,154,186,18,114,132,318
06/27/2023,GTR,MS,ASO,ES,Federal Contract Tower,4,0,4,78,86,0,4,25,45,74,4,4,29,123,160,42,166,208,368
06/28/2023,GTR,MS,ASO,ES,Federal Contract Tower,4,3,0,78,85,0,0,10,49,59,4,3,10,127,144,14,164,178,322
06/29/2023,GTR,MS,ASO,ES,Federal Contract Tower,4,3,10,92,109,0,2,16,33,51,4,5,26,125,160,28,132,160,320
06/30/2023,GTR,MS,ASO,ES,Federal Contract Tower,4,2,4,42,52,0,2,11,14,27,4,4,15,56,79,18,78,96,175
07/01/2023,GTR,MS,ASO,ES,Federal Contract Tower,4,0,2,0,6,0,3,6,8,17,4,3,8,8,23,0,0,0,23
07/02/2023,GTR,MS,ASO,ES,Federal Contract Tower,4,2,4,0,10,0,3,3,0,6,4,5,7,0,16,2,0,2,18
07/03/2023,GTR,MS,ASO,ES,Federal Contract Tower,4,1,4,0,9,0,2,28,0,30,4,3,32,0,39,14,0,14,53
07/04/2023,GTR,MS,ASO,ES,Federal Contract Tower,4,0,1,0,5,0,0,15,2,17,4,0,16,2,22,0,0,0,22
07/05/2023,GTR,MS,ASO,ES,Federal Contract Tower,4,1,2,42,49,0,0,44,19,63,4,1,46,61,112,14,46,60,172
07/06/2023,GTR,MS,ASO,ES,Federal Contract Tower,4,1,7,47,59,0,0,5,21,26,4,1,12,68,85,18,100,118,203
07/07/2023,GTR,MS,ASO,ES,Federal Contract Tower,4,0,2,44,50,0,0,10,12,22,4,0,12,56,72,22,68,90,162
07/08/2023,GTR,MS,ASO,ES,Federal Contract Tower,4,0,2,2,8,0,1,3,1,5,4,1,5,3,13,8,0,8,21
07/09/2023,GTR,MS,ASO,ES,Federal Contract Tower,4,2,6,16,28,0,0,6,2,8,4,2,12,18,36,0,36,36,72
07/10/2023,GTR,MS,ASO,ES,Federal Contract Tower,4,1,23,61,89,0,0,9,20,29,4,1,32,81,118,32,54,86,204
07/11/2023,GTR,MS,ASO,ES,Federal Contract Tower,4,1,9,54,68,0,2,37,35,74,4,3,46,89,142,16,120,136,278
07/12/2023,GTR,MS,ASO,ES,Federal Contract Tower,4,2,7,20,33,0,0,7,9,16,4,2,14,29,49,0,98,98,147
07/13/2023,GTR,MS,ASO,ES,Federal Contract Tower,6,3,30,0,39,0,1,4,3,8,6,4,34,3,47,0,6,6,53
07/14/2023,GTR,MS,ASO,ES,Federal Contract Tower,4,0,7,11,22,0,0,7,3,10,4,0,14,14,32,10,10,20,52
07/15/2023,GTR,MS,ASO,ES,Federal Contract Tower,4,2,0,5,11,0,3,10,0,13,4,5,10,5,24,20,50,70,94
07/16/2023,GTR,MS,ASO,ES,Federal Contract Tower,4,4,8,5,21,0,0,2,2,4,4,4,10,7,25,14,4,18,43
07/17/2023,GTR,MS,ASO,ES,Federal Contract Tower,4,2,2,55,63,0,0,10,28,38,4,2,12,83,101,8,80,88,189
07/18/2023,GTR,MS,ASO,ES,Federal Contract Tower,4,0,2,33,39,0,6,24,21,51,4,6,26,54,90,0,70,70,160
07/19/2023,GTR,MS,ASO,ES,Federal Contract Tower,4,7,5,32,48,0,2,10,17,29,4,9,15,49,77,2,108,110,187
07/20/2023,GTR,MS,ASO,ES,Federal Contract Tower,4,6,1,40,51,0,4,6,20,30,4,10,7,60,81,4,80,84,165
07/21/2023,GTR,MS,ASO,ES,Federal Contract Tower,4,4,49,0,57,0,0,19,27,46,4,4,68,27,103,12,76,88,191
07/22/2023,GTR,MS,ASO,ES,Federal Contract Tower,4,0,2,2,8,0,0,7,0,7,4,0,9,2,15,0,0,0,15
07/23/2023,GTR,MS,ASO,ES,Federal Contract Tower,4,0,4,10,18,0,7,9,2,18,4,7,13,12,36,0,4,4,40
07/24/2023,GTR,MS,ASO,ES,Federal Contract Tower,4,2,7,56,69,0,0,6,40,46,4,2,13,96,115,0,134,134,249
07/25/2023,GTR,MS,ASO,ES,Federal Contract Tower,4,0,8,43,55,0,0,4,36,40,4,0,12,79,95,2,120,122,217
07/26/2023,GTR,MS,ASO,ES,Federal Contract Tower,4,0,4,56,64,0,2,10,33,45,4,2,14,89,109,0,142,142,251
07/27/2023,GTR,MS,ASO,ES,Federal Contract Tower,4,2,8,49,63,0,0,10,43,53,4,2,18,92,116,0,200,200,316
07/28/2023,GTR,MS,ASO,ES,Federal Contract Tower,4,1,9,67,81,0,9,11,22,42,4,10,20,89,123,36,98,134,257
07/29/2023,GTR,MS,ASO,ES,Federal Contract Tower,4,0,3,1,8,0,0,9,0,9,4,0,12,1,17,6,0,6,23
07/30/2023,GTR,MS,ASO,ES,Federal Contract Tower,4,0,2,19,25,0,3,7,2,12,4,3,9,21,37,34,42,76,113
07/31/2023,GTR,MS,ASO,ES,Federal Contract Tower,4,0,7,54,65,0,1,34,38,73,4,1,41,92,138,0,150,150,288
08/01/2023,GTR,MS,ASO,ES,Federal Contract Tower,4,0,16,62,82,0,1,12,38,51,4,1,28,100,133,0,116,116,249
08/02/2023,GTR,MS,ASO,ES,Federal Contract Tower,4,0,0,62,66,0,1,7,42,50,4,1,7,104,116,6,198,204,320
08/03/2023,GTR,MS,ASO,ES,Federal Contract Tower,4,0,2,50,56,0,0,12,41,53,4,0,14,91,109,20,120,140,249
08/04/2023,GTR,MS,ASO,ES,Federal Contract Tower,4,2,5,42,53,0,0,6,24,30,4,2,11,66,83,6,70,76,159
08/05/2023,GTR,MS,ASO,ES,Federal Contract Tower,4,0,0,4,8,0,0,7,1,8,4,0,7,5,16,10,12,22,38
08/06/2023,GTR,MS,ASO,ES,Federal Contract Tower,2,0,2,9,13,0,0,4,3,7,2,0,6,12,20,0,20,20,40
08/07/2023,GTR,MS,ASO,ES,Federal Contract Tower,5,1,5,31,42,0,2,19,11,32,5,3,24,42,74,24,50,74,148
08/08/2023,GTR,MS,ASO,ES,Federal Contract Tower,2,1,2,12,17,0,3,7,4,14,2,4,9,16,31,12,28,40,71
08/09/2023,GTR,MS,ASO,ES,Federal Contract Tower,3,2,7,59,71,0,1,22,24,47,3,3,29,83,118,14,130,144,262
08/10/2023,GTR,MS,ASO,ES,Federal Contract Tower,4,0,0,41,45,0,1,10,13,24,4,1,10,54,69,0,74,74,143
08/11/2023,GTR,MS,ASO,ES,Federal Contract Tower,4,1,11,61,77,0,2,12,26,40,4,3,23,87,117,0,118,118,235
08/12/2023,GTR,MS,ASO,ES,Federal Contract Tower,4,0,4,4,12,0,2,13,4,19,4,2,17,8,31,10,16,26,57
08/13/2023,GTR,MS,ASO,ES,Federal Contract Tower,4,2,5,3,14,0,2,10,2,14,4,4,15,5,28,4,20,24,52
08/14/2023,GTR,MS,ASO,ES,Federal Contract Tower,4,1,8,27,40,0,2,4,21,27,4,3,12,48,67,2,76,78,145
08/15/2023,GTR,MS,ASO,ES,Federal Contract Tower,4,0,8,30,42,0,2,3,21,26,4,2,11,51,68,0,72,72,140
08/16/2023,GTR,MS,ASO,ES,Federal Contract Tower,4,0,0,14,18,0,7,11,6,24,4,7,11,20,42,2,32,34,76
08/17/2023,GTR,MS,ASO,ES,Federal Contract Tower,4,2,4,23,33,0,0,10,18,28,4,2,14,41,61,14,72,86,147
08/18/2023,GTR,MS,ASO,ES,Federal Contract Tower,4,0,7,24,35,0,5,18,30,53,4,5,25,54,88,11,70,81,169
08/19/2023,GTR,MS,ASO,ES,Federal Contract Tower,4,0,0,11,15,0,5,8,10,23,4,5,8,21,38,0,48,48,86
08/20/2023,GTR,MS,ASO,ES,Federal Contract Tower,4,0,2,21,27,0,1,1,18,20,4,1,3,39,47,0,40,40,87
08/21/2023,GTR,MS,ASO,ES,Federal Contract Tower,4,0,7,48,59,0,1,8,40,49,4,1,15,88,108,6,174,180,288
08/22/2023,GTR,MS,ASO,ES,Federal Contract Tower,4,1,4,51,60,0,1,37,32,70,4,2,41,83,130,16,136,152,282
08/23/2023,GTR,MS,ASO,ES,Federal Contract Tower,4,1,12,0,17,0,3,17,2,22,4,4,29,2,39,28,0,28,67
08/25/2023,GTR,MS,ASO,ES,Federal Contract Tower,4,5,2,36,47,0,1,9,17,27,4,6,11,53,74,0,66,66,140
08/26/2023,GTR,MS,ASO,ES,Federal Contract Tower,3,1,2,0,6,0,2,7,0,9,3,3,9,0,15,14,0,14,29
08/27/2023,GTR,MS,ASO,ES,Federal Contract Tower,4,2,5,9,20,0,0,5,3,8,4,2,10,12,28,12,20,32,60
08/28/2023,GTR,MS,ASO,ES,Federal Contract Tower,2,0,7,37,46,0,7,13,12,32,2,7,20,49,78,24,76,100,178
08/29/2023,GTR,MS,ASO,ES,Federal Contract Tower,4,0,13,62,79,0,4,20,21,45,4,4,33,83,124,46,96,142,266
08/30/2023,GTR,MS,ASO,ES,Federal Contract Tower,4,0,3,44,51,0,3,14,29,46,4,3,17,73,97,20,92,112,209
08/31/2023,GTR,MS,ASO,ES,Federal Contract Tower,4,2,3,60,69,0,1,18,23,42,4,3,21,83,111,48,108,156,267
