01/01/2000,GUM,GU,AWP,WE,Federal Contract Tower,41,8,2,0,51,3,0,14,0,17,44,8,16,0,68,38,0,38,106
01/02/2000,GUM,GU,AWP,WE,Federal Contract Tower,56,12,3,0,71,2,0,1,0,3,58,12,4,0,74,64,0,64,138
01/03/2000,GUM,GU,AWP,WE,Federal Contract Tower,60,12,4,0,76,5,0,2,6,13,65,12,6,6,89,46,14,60,149
01/04/2000,GUM,GU,AWP,WE,Federal Contract Tower,55,12,3,0,70,1,0,7,14,22,56,12,10,14,92,30,32,62,154
01/05/2000,GUM,GU,AWP,WE,Federal Contract Tower,49,11,3,0,63,3,0,12,0,15,52,11,15,0,78,24,0,24,102
01/06/2000,GUM,GU,AWP,WE,Federal Contract Tower,65,10,4,0,79,23,0,13,30,66,88,10,17,30,145,28,30,58,203
01/07/2000,GUM,GU,AWP,WE,Federal Contract Tower,54,12,3,0,69,0,0,6,18,24,54,12,9,18,93,50,0,50,143
01/08/2000,GUM,GU,AWP,WE,Federal Contract Tower,51,11,2,0,64,0,1,0,0,1,51,12,2,0,65,52,0,52,117
01/09/2000,GUM,GU,AWP,WE,Federal Contract Tower,55,12,2,1,70,3,0,2,1,6,58,12,4,2,76,60,0,60,136
01/10/2000,GUM,GU,AWP,WE,Federal Contract Tower,54,10,2,1,67,5,0,14,15,34,59,10,16,16,101,82,40,122,223
01/11/2000,GUM,GU,AWP,WE,Federal Contract Tower,50,11,2,1,64,2,1,14,29,46,52,12,16,30,110,100,46,146,256
01/12/2000,GUM,GU,AWP,WE,Federal Contract Tower,49,10,2,1,62,2,0,46,22,70,51,10,48,23,132,44,14,58,190
01/13/2000,GUM,GU,AWP,WE,Federal Contract Tower,61,12,2,1,76,3,0,12,29,44,64,12,14,30,120,15,24,39,159
01/14/2000,GUM,GU,AWP,WE,Federal Contract Tower,51,13,1,0,65,0,10,0,0,10,51,23,1,0,75,39,0,39,114
01/15/2000,GUM,GU,AWP,WE,Federal Contract Tower,45,10,1,1,57,0,2,1,7,10,45,12,2,8,67,34,0,34,101
01/16/2000,GUM,GU,AWP,WE,Federal Contract Tower,61,12,3,1,77,0,0,11,7,18,61,12,14,8,95,22,8,30,125
01/17/2000,GUM,GU,AWP,WE,Federal Contract Tower,54,10,2,0,66,4,0,1,0,5,58,10,3,0,71,30,0,30,101
01/18/2000,GUM,GU,AWP,WE,Federal Contract Tower,54,11,2,1,68,0,2,4,13,19,54,13,6,14,87,20,26,46,133
01/19/2000,GUM,GU,AWP,WE,Federal Contract Tower,50,10,2,1,63,0,0,22,17,39,50,10,24,18,102,12,24,36,138
01/20/2000,GUM,GU,AWP,WE,Federal Contract Tower,65,12,3,1,81,21,0,10,23,54,86,12,13,24,135,20,36,56,191
01/21/2000,GUM,GU,AWP,WE,Federal Contract Tower,56,11,2,1,70,0,3,9,33,45,56,14,11,34,115,10,34,44,159
01/22/2000,GUM,GU,AWP,WE,Federal Contract Tower,47,9,0,1,57,0,3,0,3,6,47,12,0,4,63,18,0,18,81
01/23/2000,GUM,GU,AWP,WE,Federal Contract Tower,55,11,2,0,68,0,1,1,0,2,55,12,3,0,70,26,0,26,96
01/24/2000,GUM,GU,AWP,WE,Federal Contract Tower,53,10,1,1,65,3,0,0,33,36,56,10,1,34,101,20,8,28,129
01/25/2000,GUM,GU,AWP,WE,Federal Contract Tower,54,12,2,0,68,0,0,12,20,32,54,12,14,20,100,38,30,68,168
01/26/2000,GUM,GU,AWP,WE,Federal Contract Tower,53,11,2,0,66,0,1,26,22,49,53,12,28,22,115,10,28,38,153
01/27/2000,GUM,GU,AWP,WE,Federal Contract Tower,63,10,2,0,75,1,0,12,8,21,64,10,14,8,96,30,12,42,138
01/28/2000,GUM,GU,AWP,WE,Federal Contract Tower,58,12,2,0,72,0,0,8,2,10,58,12,10,2,82,62,12,74,156
01/29/2000,GUM,GU,AWP,WE,Federal Contract Tower,46,11,2,0,59,0,1,0,0,1,46,12,2,0,60,78,0,78,138
01/30/2000,GUM,GU,AWP,WE,Federal Contract Tower,59,12,3,0,74,0,0,9,0,9,59,12,12,0,83,38,0,38,121
01/31/2000,GUM,GU,AWP,WE,Federal Contract Tower,52,10,1,0,63,0,0,0,0,0,52,10,1,0,63,26,6,32,95
02/01/2000,GUM,GU,AWP,WE,Federal Contract Tower,52,10,2,0,64,0,0,3,6,9,52,10,5,6,73,36,38,74,147
02/02/2000,GUM,GU,AWP,WE,Federal Contract Tower,49,10,2,0,61,2,0,24,0,26,51,10,26,0,87,6,0,6,93
02/03/2000,GUM,GU,AWP,WE,Federal Contract Tower,64,10,3,0,77,4,0,11,18,33,68,10,14,18,110,28,20,48,158
02/04/2000,GUM,GU,AWP,WE,Federal Contract Tower,60,12,3,0,75,0,2,11,10,23,60,14,14,10,98,34,2,36,134
02/05/2000,GUM,GU,AWP,WE,Federal Contract Tower,54,12,2,0,68,1,0,22,1,24,55,12,24,1,92,0,0,0,92
02/06/2000,GUM,GU,AWP,WE,Federal Contract Tower,59,12,2,0,73,1,1,8,1,11,60,13,10,1,84,20,0,20,104
02/07/2000,GUM,GU,AWP,WE,Federal Contract Tower,58,10,2,0,70,1,0,25,5,31,59,10,27,5,101,4,20,24,125
02/08/2000,GUM,GU,AWP,WE,Federal Contract Tower,54,12,2,0,68,0,0,25,12,37,54,12,27,12,105,22,8,30,135
02/09/2000,GUM,GU,AWP,WE,Federal Contract Tower,56,10,2,0,68,0,0,16,18,34,56,10,18,18,102,28,12,40,142
02/10/2000,GUM,GU,AWP,WE,Federal Contract Tower,63,10,3,0,76,2,0,31,14,47,65,10,34,14,123,44,10,54,177
02/11/2000,GUM,GU,AWP,WE,Federal Contract Tower,57,12,2,0,71,1,0,34,4,39,58,12,36,4,110,16,0,16,126
02/12/2000,GUM,GU,AWP,WE,Federal Contract Tower,57,12,2,0,71,2,0,56,10,68,59,12,58,10,139,68,2,70,209
02/13/2000,GUM,GU,AWP,WE,Federal Contract Tower,59,12,2,0,73,3,0,46,0,49,62,12,48,0,122,48,0,48,170
02/14/2000,GUM,GU,AWP,WE,Federal Contract Tower,54,10,2,0,66,4,0,42,7,53,58,10,44,7,119,26,22,48,167
02/15/2000,GUM,GU,AWP,WE,Federal Contract Tower,48,8,2,0,58,4,0,8,14,26,52,8,10,14,84,54,58,112,196
02/16/2000,GUM,GU,AWP,WE,Federal Contract Tower,57,11,3,0,71,0,1,23,20,44,57,12,26,20,115,42,26,68,183
02/17/2000,GUM,GU,AWP,WE,Federal Contract Tower,57,10,0,0,67,3,0,0,28,31,60,10,0,28,98,68,42,110,208
02/18/2000,GUM,GU,AWP,WE,Federal Contract Tower,59,11,3,0,73,0,5,0,6,11,59,16,3,6,84,70,14,84,168
02/19/2000,GUM,GU,AWP,WE,Federal Contract Tower,55,11,2,0,68,1,1,38,0,40,56,12,40,0,108,46,0,46,154
02/20/2000,GUM,GU,AWP,WE,Federal Contract Tower,55,11,2,0,68,0,1,32,2,35,55,12,34,2,103,94,0,94,197
02/21/2000,GUM,GU,AWP,WE,Federal Contract Tower,58,11,1,0,70,0,1,41,0,42,58,12,42,0,112,6,2,8,120
02/22/2000,GUM,GU,AWP,WE,Federal Contract Tower,52,10,1,1,64,0,0,21,23,44,52,10,22,24,108,48,34,82,190
02/23/2000,GUM,GU,AWP,WE,Federal Contract Tower,56,11,1,1,69,0,1,13,19,33,56,12,14,20,102,32,52,84,186
02/24/2000,GUM,GU,AWP,WE,Federal Contract Tower,58,10,1,1,70,3,0,9,21,33,61,10,10,22,103,38,32,70,173
02/25/2000,GUM,GU,AWP,WE,Federal Contract Tower,57,12,2,0,71,0,2,0,26,28,57,14,2,26,99,112,44,156,255
02/26/2000,GUM,GU,AWP,WE,Federal Contract Tower,44,9,1,0,54,0,4,42,4,50,44,13,43,4,104,22,0,22,126
02/27/2000,GUM,GU,AWP,WE,Federal Contract Tower,54,12,1,0,67,0,0,25,0,25,54,12,26,0,92,44,0,44,136
02/28/2000,GUM,GU,AWP,WE,Federal Contract Tower,53,9,1,0,63,3,0,26,10,39,56,9,27,10,102,12,0,12,114
02/29/2000,GUM,GU,AWP,WE,Federal Contract Tower,52,11,1,0,64,0,1,11,22,34,52,12,12,22,98,68,54,122,220
03/01/2000,GUM,GU,AWP,WE,Federal Contract Tower,54,10,3,0,67,0,0,15,30,45,54,10,18,30,112,52,44,96,208
03/02/2000,GUM,GU,AWP,WE,Federal Contract Tower,56,10,2,0,68,2,0,0,0,2,58,10,2,0,70,26,0,26,96
03/03/2000,GUM,GU,AWP,WE,Federal Contract Tower,54,12,2,0,68,0,2,3,16,21,54,14,5,16,89,68,18,86,175
03/04/2000,GUM,GU,AWP,WE,Federal Contract Tower,51,11,2,0,64,0,2,5,0,7,51,13,7,0,71,70,0,70,141
03/05/2000,GUM,GU,AWP,WE,Federal Contract Tower,56,12,2,0,70,2,0,24,6,32,58,12,26,6,102,72,12,84,186
03/06/2000,GUM,GU,AWP,WE,Federal Contract Tower,53,10,2,0,65,4,0,12,38,54,57,10,14,38,119,0,24,24,143
03/07/2000,GUM,GU,AWP,WE,Federal Contract Tower,50,10,2,0,62,2,0,11,32,45,52,10,13,32,107,48,92,140,247
03/08/2000,GUM,GU,AWP,WE,Federal Contract Tower,52,11,2,0,65,0,1,11,10,22,52,12,13,10,87,84,24,108,195
03/09/2000,GUM,GU,AWP,WE,Federal Contract Tower,56,10,1,1,68,24,0,3,33,60,80,10,4,34,128,84,42,126,254
03/10/2000,GUM,GU,AWP,WE,Federal Contract Tower,52,11,0,1,64,1,1,0,25,27,53,12,0,26,91,38,8,46,137
03/11/2000,GUM,GU,AWP,WE,Federal Contract Tower,50,11,1,0,62,1,1,23,0,25,51,12,24,0,87,16,0,16,103
03/12/2000,GUM,GU,AWP,WE,Federal Contract Tower,52,11,1,1,65,1,1,33,3,38,53,12,34,4,103,20,0,20,123
03/13/2000,GUM,GU,AWP,WE,Federal Contract Tower,54,10,1,1,66,4,0,16,15,35,58,10,17,16,101,20,0,20,121
03/14/2000,GUM,GU,AWP,WE,Federal Contract Tower,53,10,1,1,65,0,0,12,35,47,53,10,13,36,112,66,38,104,216
03/15/2000,GUM,GU,AWP,WE,Federal Contract Tower,52,10,1,1,64,0,0,11,11,22,52,10,12,12,86,20,28,48,134
03/16/2000,GUM,GU,AWP,WE,Federal Contract Tower,60,10,1,1,72,1,0,3,21,25,61,10,4,22,97,24,6,30,127
03/17/2000,GUM,GU,AWP,WE,Federal Contract Tower,56,12,1,0,69,1,0,0,0,1,57,12,1,0,70,86,0,86,156
03/18/2000,GUM,GU,AWP,WE,Federal Contract Tower,52,11,1,0,64,1,1,35,0,37,53,12,36,0,101,46,0,46,147
03/19/2000,GUM,GU,AWP,WE,Federal Contract Tower,57,11,1,0,69,0,1,53,0,54,57,12,54,0,123,56,0,56,179
03/20/2000,GUM,GU,AWP,WE,Federal Contract Tower,54,10,1,1,66,0,0,30,23,53,54,10,31,24,119,118,32,150,269
03/21/2000,GUM,GU,AWP,WE,Federal Contract Tower,52,10,1,1,64,0,2,21,11,34,52,12,22,12,98,64,12,76,174
03/22/2000,GUM,GU,AWP,WE,Federal Contract Tower,54,10,1,1,66,0,0,13,7,20,54,10,14,8,86,28,8,36,122
03/23/2000,GUM,GU,AWP,WE,Federal Contract Tower,75,10,2,1,88,10,0,1,25,36,85,10,3,26,124,34,14,48,172
03/24/2000,GUM,GU,AWP,WE,Federal Contract Tower,58,11,1,0,70,2,1,0,0,3,60,12,1,0,73,46,0,46,119
03/25/2000,GUM,GU,AWP,WE,Federal Contract Tower,51,10,1,0,62,0,2,19,0,21,51,12,20,0,83,6,0,6,89
03/26/2000,GUM,GU,AWP,WE,Federal Contract Tower,55,11,1,1,68,0,1,25,13,39,55,12,26,14,107,8,0,8,115
03/27/2000,GUM,GU,AWP,WE,Federal Contract Tower,56,10,1,1,68,2,0,28,1,31,58,10,29,2,99,2,0,2,101
03/28/2000,GUM,GU,AWP,WE,Federal Contract Tower,53,10,1,1,65,2,0,3,7,12,55,10,4,8,77,8,2,10,87
03/29/2000,GUM,GU,AWP,WE,Federal Contract Tower,55,12,1,1,69,0,0,17,19,36,55,12,18,20,105,72,4,76,181
03/30/2000,GUM,GU,AWP,WE,Federal Contract Tower,61,13,1,1,76,0,7,11,13,31,61,20,12,14,107,62,12,74,181
03/31/2000,GUM,GU,AWP,WE,Federal Contract Tower,55,12,1,0,68,1,0,6,6,13,56,12,7,6,81,60,0,60,141
04/01/2000,GUM,GU,AWP,WE,Federal Contract Tower,47,11,3,0,61,2,1,18,0,21,49,12,21,0,82,8,2,10,92
04/02/2000,GUM,GU,AWP,WE,Federal Contract Tower,51,12,3,0,66,2,0,6,0,8,53,12,9,0,74,34,0,34,108
04/03/2000,GUM,GU,AWP,WE,Federal Contract Tower,49,12,3,0,64,3,0,10,22,35,52,12,13,22,99,24,28,52,151
04/04/2000,GUM,GU,AWP,WE,Federal Contract Tower,53,10,3,0,66,1,0,20,16,37,54,10,23,16,103,52,16,68,171
04/05/2000,GUM,GU,AWP,WE,Federal Contract Tower,52,12,3,0,67,0,0,9,38,47,52,12,12,38,114,42,68,110,224
04/06/2000,GUM,GU,AWP,WE,Federal Contract Tower,49,14,3,0,66,0,6,3,16,25,49,20,6,16,91,20,84,104,195
04/07/2000,GUM,GU,AWP,WE,Federal Contract Tower,52,13,3,0,68,1,1,0,28,30,53,14,3,28,98,72,42,114,212
04/08/2000,GUM,GU,AWP,WE,Federal Contract Tower,48,12,3,0,63,0,0,41,14,55,48,12,44,14,118,56,0,56,174
04/09/2000,GUM,GU,AWP,WE,Federal Contract Tower,49,12,3,0,64,3,0,35,0,38,52,12,38,0,102,44,0,44,146
04/10/2000,GUM,GU,AWP,WE,Federal Contract Tower,54,15,4,0,73,0,1,40,24,65,54,16,44,24,138,46,32,78,216
04/11/2000,GUM,GU,AWP,WE,Federal Contract Tower,54,13,3,0,70,0,1,11,12,24,54,14,14,12,94,62,38,100,194
04/12/2000,GUM,GU,AWP,WE,Federal Contract Tower,54,10,3,0,67,2,0,19,26,47,56,10,22,26,114,32,82,114,228
04/13/2000,GUM,GU,AWP,WE,Federal Contract Tower,49,11,3,0,63,2,0,19,34,55,51,11,22,34,118,48,142,190,308
04/14/2000,GUM,GU,AWP,WE,Federal Contract Tower,49,12,3,0,64,2,0,4,2,8,51,12,7,2,72,104,0,104,176
04/15/2000,GUM,GU,AWP,WE,Federal Contract Tower,48,11,3,0,62,4,0,35,0,39,52,11,38,0,101,114,0,114,215
04/16/2000,GUM,GU,AWP,WE,Federal Contract Tower,49,12,3,0,64,3,0,25,0,28,52,12,28,0,92,70,2,72,164
04/17/2000,GUM,GU,AWP,WE,Federal Contract Tower,52,13,3,0,68,0,2,14,34,50,52,15,17,34,118,34,0,34,152
04/18/2000,GUM,GU,AWP,WE,Federal Contract Tower,52,15,3,1,71,0,5,9,15,29,52,20,12,16,100,48,36,84,184
04/19/2000,GUM,GU,AWP,WE,Federal Contract Tower,56,11,3,1,71,0,0,9,49,58,56,11,12,50,129,74,10,84,213
04/20/2000,GUM,GU,AWP,WE,Federal Contract Tower,57,14,2,1,74,0,6,3,43,52,57,20,5,44,126,56,6,62,188
04/21/2000,GUM,GU,AWP,WE,Federal Contract Tower,52,11,2,1,66,2,1,1,17,21,54,12,3,18,87,36,40,76,163
04/22/2000,GUM,GU,AWP,WE,Federal Contract Tower,48,11,2,0,61,0,1,36,0,37,48,12,38,0,98,30,38,68,166
04/23/2000,GUM,GU,AWP,WE,Federal Contract Tower,52,12,2,1,67,1,0,18,7,26,53,12,20,8,93,8,0,8,101
04/24/2000,GUM,GU,AWP,WE,Federal Contract Tower,48,10,2,0,60,3,0,14,16,33,51,10,16,16,93,4,30,34,127
04/25/2000,GUM,GU,AWP,WE,Federal Contract Tower,53,10,2,0,65,5,0,10,18,33,58,10,12,18,98,28,12,40,138
04/26/2000,GUM,GU,AWP,WE,Federal Contract Tower,55,10,2,0,67,0,0,68,28,96,55,10,70,28,163,56,24,80,243
04/27/2000,GUM,GU,AWP,WE,Federal Contract Tower,53,10,1,0,64,5,0,0,40,45,58,10,1,40,109,72,36,108,217
04/28/2000,GUM,GU,AWP,WE,Federal Contract Tower,56,14,2,0,72,0,0,5,2,7,56,14,7,2,79,96,2,98,177
04/29/2000,GUM,GU,AWP,WE,Federal Contract Tower,53,12,2,0,67,3,0,35,2,40,56,12,37,2,107,86,0,86,193
04/30/2000,GUM,GU,AWP,WE,Federal Contract Tower,57,12,2,0,71,1,0,56,0,57,58,12,58,0,128,154,0,154,282
05/01/2000,GUM,GU,AWP,WE,Federal Contract Tower,60,10,5,0,75,0,0,48,26,74,60,10,53,26,149,156,40,196,345
05/02/2000,GUM,GU,AWP,WE,Federal Contract Tower,58,10,4,0,72,3,0,36,12,51,61,10,40,12,123,182,32,214,337
05/03/2000,GUM,GU,AWP,WE,Federal Contract Tower,66,12,5,0,83,0,0,30,16,46,66,12,35,16,129,138,36,174,303
05/04/2000,GUM,GU,AWP,WE,Federal Contract Tower,53,10,4,0,67,3,0,40,6,49,56,10,44,6,116,58,0,58,174
05/05/2000,GUM,GU,AWP,WE,Federal Contract Tower,55,12,5,0,72,0,0,55,10,65,55,12,60,10,137,88,10,98,235
05/06/2000,GUM,GU,AWP,WE,Federal Contract Tower,62,12,5,0,79,4,0,25,0,29,66,12,30,0,108,26,0,26,134
05/07/2000,GUM,GU,AWP,WE,Federal Contract Tower,60,12,5,0,77,4,0,21,10,35,64,12,26,10,112,2,0,2,114
05/08/2000,GUM,GU,AWP,WE,Federal Contract Tower,52,11,4,0,67,3,1,14,44,62,55,12,18,44,129,11,42,53,182
05/09/2000,GUM,GU,AWP,WE,Federal Contract Tower,48,10,4,0,62,2,2,2,26,32,50,12,6,26,94,16,20,36,130
05/10/2000,GUM,GU,AWP,WE,Federal Contract Tower,53,11,4,0,68,0,1,9,40,50,53,12,13,40,118,34,44,78,196
05/11/2000,GUM,GU,AWP,WE,Federal Contract Tower,53,10,4,0,67,1,0,4,12,17,54,10,8,12,84,16,0,16,100
05/12/2000,GUM,GU,AWP,WE,Federal Contract Tower,50,11,4,0,65,0,2,5,4,11,50,13,9,4,76,42,0,42,118
05/13/2000,GUM,GU,AWP,WE,Federal Contract Tower,47,10,4,0,61,0,3,19,0,22,47,13,23,0,83,10,0,10,93
05/14/2000,GUM,GU,AWP,WE,Federal Contract Tower,53,12,3,0,68,3,0,19,0,22,56,12,22,0,90,18,0,18,108
05/15/2000,GUM,GU,AWP,WE,Federal Contract Tower,50,10,3,1,64,2,0,28,11,41,52,10,31,12,105,34,18,52,157
05/16/2000,GUM,GU,AWP,WE,Federal Contract Tower,48,10,3,1,62,2,0,13,3,18,50,10,16,4,80,24,12,36,116
05/17/2000,GUM,GU,AWP,WE,Federal Contract Tower,51,10,3,1,65,3,0,17,17,37,54,10,20,18,102,58,20,78,180
05/18/2000,GUM,GU,AWP,WE,Federal Contract Tower,56,11,3,1,71,3,1,3,11,18,59,12,6,12,89,52,2,54,143
05/19/2000,GUM,GU,AWP,WE,Federal Contract Tower,50,9,3,1,63,1,3,1,11,16,51,12,4,12,79,42,16,58,137
05/20/2000,GUM,GU,AWP,WE,Federal Contract Tower,50,10,3,0,63,0,2,39,0,41,50,12,42,0,104,8,0,8,112
05/21/2000,GUM,GU,AWP,WE,Federal Contract Tower,50,10,3,0,63,2,2,25,0,29,52,12,28,0,92,24,0,24,116
05/22/2000,GUM,GU,AWP,WE,Federal Contract Tower,56,10,3,1,70,1,0,17,11,29,57,10,20,12,99,92,40,132,231
05/23/2000,GUM,GU,AWP,WE,Federal Contract Tower,50,10,3,1,64,0,0,31,9,40,50,10,34,10,104,20,44,64,168
05/24/2000,GUM,GU,AWP,WE,Federal Contract Tower,50,9,3,1,63,1,1,43,29,74,51,10,46,30,137,54,78,132,269
05/25/2000,GUM,GU,AWP,WE,Federal Contract Tower,67,10,2,1,80,0,0,0,21,21,67,10,2,22,101,100,8,108,209
05/26/2000,GUM,GU,AWP,WE,Federal Contract Tower,51,10,3,0,64,0,4,2,0,6,51,14,5,0,70,128,0,128,198
05/27/2000,GUM,GU,AWP,WE,Federal Contract Tower,50,10,3,0,63,0,4,26,0,30,50,14,29,0,93,32,0,32,125
05/28/2000,GUM,GU,AWP,WE,Federal Contract Tower,54,12,4,0,70,0,0,28,0,28,54,12,32,0,98,16,0,16,114
05/29/2000,GUM,GU,AWP,WE,Federal Contract Tower,53,10,3,0,66,0,0,31,8,39,53,10,34,8,105,34,8,42,147
05/30/2000,GUM,GU,AWP,WE,Federal Contract Tower,48,10,3,0,61,2,0,16,6,24,50,10,19,6,85,44,36,80,165
05/31/2000,GUM,GU,AWP,WE,Federal Contract Tower,51,10,3,0,64,0,0,11,24,35,51,10,14,24,99,68,60,128,227
06/01/2000,GUM,GU,AWP,WE,Federal Contract Tower,51,10,1,0,62,3,0,3,18,24,54,10,4,18,86,54,18,72,158
06/02/2000,GUM,GU,AWP,WE,Federal Contract Tower,47,11,1,0,59,2,3,5,0,10,49,14,6,0,69,82,0,82,151
06/03/2000,GUM,GU,AWP,WE,Federal Contract Tower,53,12,2,0,67,1,0,17,0,18,54,12,19,0,85,44,0,44,129
06/04/2000,GUM,GU,AWP,WE,Federal Contract Tower,52,12,1,0,65,1,0,17,0,18,53,12,18,0,83,34,0,34,117
06/05/2000,GUM,GU,AWP,WE,Federal Contract Tower,48,12,1,0,61,0,1,19,20,40,48,13,20,20,101,2,58,60,161
06/06/2000,GUM,GU,AWP,WE,Federal Contract Tower,50,10,1,0,61,0,0,24,14,38,50,10,25,14,99,32,40,72,171
06/07/2000,GUM,GU,AWP,WE,Federal Contract Tower,51,12,1,0,64,0,0,51,16,67,51,12,52,16,131,154,38,192,323
06/08/2000,GUM,GU,AWP,WE,Federal Contract Tower,56,10,2,0,68,3,0,2,20,25,59,10,4,20,93,142,6,148,241
06/09/2000,GUM,GU,AWP,WE,Federal Contract Tower,49,12,1,0,62,0,2,7,0,9,49,14,8,0,71,86,0,86,157
06/10/2000,GUM,GU,AWP,WE,Federal Contract Tower,50,12,2,0,64,0,0,37,0,37,50,12,39,0,101,74,0,74,175
06/11/2000,GUM,GU,AWP,WE,Federal Contract Tower,53,12,2,0,67,1,0,31,0,32,54,12,33,0,99,14,0,14,113
06/12/2000,GUM,GU,AWP,WE,Federal Contract Tower,52,11,1,0,64,2,0,11,14,27,54,11,12,14,91,16,14,30,121
06/13/2000,GUM,GU,AWP,WE,Federal Contract Tower,52,12,1,0,65,0,0,27,14,41,52,12,28,14,106,48,14,62,168
06/14/2000,GUM,GU,AWP,WE,Federal Contract Tower,52,10,1,0,63,0,0,31,8,39,52,10,32,8,102,64,18,82,184
06/15/2000,GUM,GU,AWP,WE,Federal Contract Tower,57,13,2,0,72,0,3,3,8,14,57,16,5,8,86,144,2,146,232
06/16/2000,GUM,GU,AWP,WE,Federal Contract Tower,53,13,2,0,68,0,7,1,0,8,53,20,3,0,76,72,0,72,148
06/17/2000,GUM,GU,AWP,WE,Federal Contract Tower,49,12,1,0,62,0,0,46,0,46,49,12,47,0,108,108,0,108,216
06/18/2000,GUM,GU,AWP,WE,Federal Contract Tower,55,12,2,0,69,0,0,39,2,41,55,12,41,2,110,66,0,66,176
06/19/2000,GUM,GU,AWP,WE,Federal Contract Tower,55,11,2,0,68,0,0,26,6,32,55,11,28,6,100,70,2,72,172
06/20/2000,GUM,GU,AWP,WE,Federal Contract Tower,51,10,0,0,61,3,0,14,0,17,54,10,14,0,78,70,58,128,206
06/21/2000,GUM,GU,AWP,WE,Federal Contract Tower,55,10,1,1,67,0,0,23,9,32,55,10,24,10,99,84,12,96,195
06/22/2000,GUM,GU,AWP,WE,Federal Contract Tower,59,13,1,0,73,1,1,1,0,3,60,14,2,0,76,80,0,80,156
06/23/2000,GUM,GU,AWP,WE,Federal Contract Tower,54,11,0,1,66,0,1,20,5,26,54,12,20,6,92,80,0,80,172
06/24/2000,GUM,GU,AWP,WE,Federal Contract Tower,48,10,0,0,58,0,0,37,0,37,48,10,37,0,95,18,0,18,113
06/25/2000,GUM,GU,AWP,WE,Federal Contract Tower,56,12,1,0,69,0,2,35,0,37,56,14,36,0,106,48,0,48,154
06/26/2000,GUM,GU,AWP,WE,Federal Contract Tower,51,10,0,1,62,2,0,20,5,27,53,10,20,6,89,68,6,74,163
06/27/2000,GUM,GU,AWP,WE,Federal Contract Tower,54,11,0,1,66,0,1,20,25,46,54,12,20,26,112,74,2,76,188
06/28/2000,GUM,GU,AWP,WE,Federal Contract Tower,52,11,0,1,64,0,1,24,3,28,52,12,24,4,92,80,4,84,176
06/29/2000,GUM,GU,AWP,WE,Federal Contract Tower,52,10,0,1,63,2,0,4,35,41,54,10,4,36,104,62,22,84,188
06/30/2000,GUM,GU,AWP,WE,Federal Contract Tower,49,11,0,0,60,0,1,12,4,17,49,12,12,4,77,44,0,44,121
07/01/2000,GUM,GU,AWP,WE,Federal Contract Tower,48,11,2,0,61,0,1,36,0,37,48,12,38,0,98,44,0,44,142
07/02/2000,GUM,GU,AWP,WE,Federal Contract Tower,51,11,3,0,65,1,1,28,0,30,52,12,31,0,95,16,0,16,111
07/03/2000,GUM,GU,AWP,WE,Federal Contract Tower,49,10,2,0,61,3,0,24,0,27,52,10,26,0,88,38,0,38,126
07/04/2000,GUM,GU,AWP,WE,Federal Contract Tower,47,10,2,0,59,3,0,18,0,21,50,10,20,0,80,8,0,8,88
07/05/2000,GUM,GU,AWP,WE,Federal Contract Tower,51,10,3,0,64,1,0,17,16,34,52,10,20,16,98,46,22,68,166
07/06/2000,GUM,GU,AWP,WE,Federal Contract Tower,56,12,3,0,71,0,1,0,20,21,56,13,3,20,92,30,14,44,136
07/07/2000,GUM,GU,AWP,WE,Federal Contract Tower,54,12,0,0,66,0,2,0,24,26,54,14,0,24,92,28,16,44,136
07/08/2000,GUM,GU,AWP,WE,Federal Contract Tower,47,11,2,0,60,0,1,24,0,25,47,12,26,0,85,22,0,22,107
07/09/2000,GUM,GU,AWP,WE,Federal Contract Tower,52,11,3,0,66,2,1,33,0,36,54,12,36,0,102,24,0,24,126
07/10/2000,GUM,GU,AWP,WE,Federal Contract Tower,51,10,3,0,64,3,0,17,12,32,54,10,20,12,96,24,24,48,144
07/11/2000,GUM,GU,AWP,WE,Federal Contract Tower,50,10,3,0,63,0,3,14,16,33,50,13,17,16,96,42,46,88,184
07/12/2000,GUM,GU,AWP,WE,Federal Contract Tower,55,11,3,0,69,1,0,39,22,62,56,11,42,22,131,44,76,120,251
07/13/2000,GUM,GU,AWP,WE,Federal Contract Tower,55,12,2,1,70,3,0,14,35,52,58,12,16,36,122,46,52,98,220
07/14/2000,GUM,GU,AWP,WE,Federal Contract Tower,50,10,2,1,63,0,4,6,1,11,50,14,8,2,74,132,0,132,206
07/15/2000,GUM,GU,AWP,WE,Federal Contract Tower,50,12,2,1,65,0,0,33,1,34,50,12,35,2,99,40,0,40,139
07/16/2000,GUM,GU,AWP,WE,Federal Contract Tower,56,11,2,0,69,2,1,24,0,27,58,12,26,0,96,54,0,54,150
07/17/2000,GUM,GU,AWP,WE,Federal Contract Tower,58,11,2,1,72,0,0,35,13,48,58,11,37,14,120,62,14,76,196
07/18/2000,GUM,GU,AWP,WE,Federal Contract Tower,52,9,2,1,64,1,1,22,13,37,53,10,24,14,101,38,20,58,159
07/19/2000,GUM,GU,AWP,WE,Federal Contract Tower,55,11,2,0,68,0,0,24,16,40,55,11,26,16,108,32,54,86,194
07/20/2000,GUM,GU,AWP,WE,Federal Contract Tower,70,13,2,0,85,4,0,6,18,28,74,13,8,18,113,52,12,64,177
07/21/2000,GUM,GU,AWP,WE,Federal Contract Tower,67,14,2,0,83,0,0,10,2,12,67,14,12,2,95,136,4,140,235
07/22/2000,GUM,GU,AWP,WE,Federal Contract Tower,54,11,2,0,67,0,1,48,0,49,54,12,50,0,116,146,2,148,264
07/23/2000,GUM,GU,AWP,WE,Federal Contract Tower,64,12,2,0,78,1,0,21,0,22,65,12,23,0,100,106,0,106,206
07/24/2000,GUM,GU,AWP,WE,Federal Contract Tower,62,10,2,0,74,3,0,20,8,31,65,10,22,8,105,60,40,100,205
07/25/2000,GUM,GU,AWP,WE,Federal Contract Tower,52,11,2,0,65,0,0,32,28,60,52,11,34,28,125,70,6,76,201
07/26/2000,GUM,GU,AWP,WE,Federal Contract Tower,60,10,2,0,72,0,0,40,10,50,60,10,42,10,122,112,20,132,254
07/27/2000,GUM,GU,AWP,WE,Federal Contract Tower,64,14,2,0,80,0,2,36,4,42,64,16,38,4,122,46,0,46,168
07/28/2000,GUM,GU,AWP,WE,Federal Contract Tower,58,12,2,0,72,2,0,18,10,30,60,12,20,10,102,16,0,16,118
07/29/2000,GUM,GU,AWP,WE,Federal Contract Tower,54,11,2,0,67,1,0,11,0,12,55,11,13,0,79,30,0,30,109
07/30/2000,GUM,GU,AWP,WE,Federal Contract Tower,58,12,2,0,72,0,0,15,0,15,58,12,17,0,87,16,0,16,103
07/31/2000,GUM,GU,AWP,WE,Federal Contract Tower,62,11,2,0,75,1,0,17,6,24,63,11,19,6,99,28,4,32,131
08/01/2000,GUM,GU,AWP,WE,Federal Contract Tower,55,16,2,2,75,0,0,9,16,25,55,16,11,18,100,18,42,60,160
08/02/2000,GUM,GU,AWP,WE,Federal Contract Tower,51,15,2,1,69,0,1,21,7,29,51,16,23,8,98,2,14,16,114
08/03/2000,GUM,GU,AWP,WE,Federal Contract Tower,60,14,2,2,78,4,0,6,6,16,64,14,8,8,94,50,10,60,154
08/04/2000,GUM,GU,AWP,WE,Federal Contract Tower,67,15,3,2,87,0,0,11,10,21,67,15,14,12,108,58,18,76,184
08/05/2000,GUM,GU,AWP,WE,Federal Contract Tower,56,14,3,0,73,3,0,23,0,26,59,14,26,0,99,12,0,12,111
08/06/2000,GUM,GU,AWP,WE,Federal Contract Tower,57,13,3,0,73,1,1,24,0,26,58,14,27,0,99,60,4,64,163
08/07/2000,GUM,GU,AWP,WE,Federal Contract Tower,68,15,4,2,89,0,0,8,22,30,68,15,12,24,119,20,54,74,193
08/08/2000,GUM,GU,AWP,WE,Federal Contract Tower,60,15,3,2,80,2,1,9,2,14,62,16,12,4,94,28,18,46,140
08/09/2000,GUM,GU,AWP,WE,Federal Contract Tower,56,13,3,2,74,0,2,15,2,19,56,15,18,4,93,12,4,16,109
08/10/2000,GUM,GU,AWP,WE,Federal Contract Tower,58,12,2,3,75,7,0,6,1,14,65,12,8,4,89,0,0,0,89
08/11/2000,GUM,GU,AWP,WE,Federal Contract Tower,61,15,2,3,81,5,0,15,9,29,66,15,17,12,110,42,0,42,152
08/12/2000,GUM,GU,AWP,WE,Federal Contract Tower,63,14,2,0,79,1,0,30,0,31,64,14,32,0,110,22,0,22,132
08/13/2000,GUM,GU,AWP,WE,Federal Contract Tower,60,14,2,3,79,2,0,39,3,44,62,14,41,6,123,98,0,98,221
08/14/2000,GUM,GU,AWP,WE,Federal Contract Tower,65,14,2,3,84,6,0,35,7,48,71,14,37,10,132,74,18,92,224
08/15/2000,GUM,GU,AWP,WE,Federal Contract Tower,65,15,2,3,85,0,0,30,7,37,65,15,32,10,122,104,18,122,244
08/16/2000,GUM,GU,AWP,WE,Federal Contract Tower,56,15,2,3,76,0,0,47,17,64,56,15,49,20,140,126,26,152,292
08/17/2000,GUM,GU,AWP,WE,Federal Contract Tower,73,18,2,3,96,0,0,13,17,30,73,18,15,20,126,142,0,142,268
08/18/2000,GUM,GU,AWP,WE,Federal Contract Tower,63,15,2,0,80,5,0,4,0,9,68,15,6,0,89,46,0,46,135
08/19/2000,GUM,GU,AWP,WE,Federal Contract Tower,58,14,2,0,74,1,0,39,0,40,59,14,41,0,114,30,0,30,144
08/20/2000,GUM,GU,AWP,WE,Federal Contract Tower,60,14,2,2,78,3,0,19,0,22,63,14,21,2,100,64,8,72,172
08/21/2000,GUM,GU,AWP,WE,Federal Contract Tower,65,14,2,2,83,0,0,28,14,42,65,14,30,16,125,42,14,56,181
08/22/2000,GUM,GU,AWP,WE,Federal Contract Tower,59,14,2,2,77,0,0,14,8,22,59,14,16,10,99,70,12,82,181
08/23/2000,GUM,GU,AWP,WE,Federal Contract Tower,56,14,2,2,74,0,0,29,12,41,56,14,31,14,115,64,28,92,207
08/24/2000,GUM,GU,AWP,WE,Federal Contract Tower,66,16,2,2,86,0,1,10,14,25,66,17,12,16,111,12,36,48,159
08/25/2000,GUM,GU,AWP,WE,Federal Contract Tower,60,15,2,2,79,0,1,28,0,29,60,16,30,2,108,22,0,22,130
08/26/2000,GUM,GU,AWP,WE,Federal Contract Tower,57,14,2,1,74,1,1,35,11,48,58,15,37,12,122,108,2,110,232
08/27/2000,GUM,GU,AWP,WE,Federal Contract Tower,60,14,2,0,76,3,0,26,0,29,63,14,28,0,105,36,0,36,141
08/28/2000,GUM,GU,AWP,WE,Federal Contract Tower,61,14,2,2,79,3,0,16,16,35,64,14,18,18,114,64,8,72,186
08/29/2000,GUM,GU,AWP,WE,Federal Contract Tower,56,14,2,2,74,0,0,10,14,24,56,14,12,16,98,26,18,44,142
08/30/2000,GUM,GU,AWP,WE,Federal Contract Tower,54,13,2,2,71,0,3,32,20,55,54,16,34,22,126,22,30,52,178
08/31/2000,GUM,GU,AWP,WE,Federal Contract Tower,59,15,2,2,78,0,7,4,10,21,59,22,6,12,99,26,14,40,139
09/01/2000,GUM,GU,AWP,WE,Federal Contract Tower,56,14,3,2,75,0,6,9,6,21,56,20,12,8,96,42,0,42,138
09/02/2000,GUM,GU,AWP,WE,Federal Contract Tower,52,13,4,0,69,3,1,19,0,23,55,14,23,0,92,4,0,4,96
09/03/2000,GUM,GU,AWP,WE,Federal Contract Tower,58,14,3,0,75,4,0,11,0,15,62,14,14,0,90,68,4,72,162
09/04/2000,GUM,GU,AWP,WE,Federal Contract Tower,59,14,4,1,78,4,0,18,1,23,63,14,22,2,101,128,16,144,245
09/05/2000,GUM,GU,AWP,WE,Federal Contract Tower,49,12,3,1,65,3,0,15,41,59,52,12,18,42,124,60,46,106,230
09/06/2000,GUM,GU,AWP,WE,Federal Contract Tower,52,0,3,1,56,8,0,3,10,21,60,0,6,11,77,0,8,8,85
09/07/2000,GUM,GU,AWP,WE,Federal Contract Tower,58,9,3,1,71,6,0,1,1,8,64,9,4,2,79,34,2,36,115
09/08/2000,GUM,GU,AWP,WE,Federal Contract Tower,58,14,3,1,76,2,0,3,28,33,60,14,6,29,109,62,0,62,171
09/09/2000,GUM,GU,AWP,WE,Federal Contract Tower,53,14,3,1,71,3,0,23,1,27,56,14,26,2,98,32,0,32,130
09/10/2000,GUM,GU,AWP,WE,Federal Contract Tower,58,14,3,1,76,4,0,31,11,46,62,14,34,12,122,66,0,66,188
09/11/2000,GUM,GU,AWP,WE,Federal Contract Tower,59,14,2,2,77,0,0,22,18,40,59,14,24,20,117,52,14,66,183
09/12/2000,GUM,GU,AWP,WE,Federal Contract Tower,58,16,2,3,79,0,4,18,31,53,58,20,20,34,132,50,18,68,200
09/13/2000,GUM,GU,AWP,WE,Federal Contract Tower,60,14,3,2,79,0,0,24,14,38,60,14,27,16,117,46,34,80,197
09/14/2000,GUM,GU,AWP,WE,Federal Contract Tower,57,15,2,2,76,0,0,10,24,34,57,15,12,26,110,118,36,154,264
09/15/2000,GUM,GU,AWP,WE,Federal Contract Tower,61,15,3,0,79,4,0,10,0,14,65,15,13,0,93,92,0,92,185
09/16/2000,GUM,GU,AWP,WE,Federal Contract Tower,51,13,2,0,66,2,1,43,0,46,53,14,45,0,112,90,0,90,202
09/17/2000,GUM,GU,AWP,WE,Federal Contract Tower,60,14,3,0,77,5,0,36,0,41,65,14,39,0,118,100,0,100,218
09/18/2000,GUM,GU,AWP,WE,Federal Contract Tower,64,15,3,3,85,0,1,23,21,45,64,16,26,24,130,106,72,178,308
09/19/2000,GUM,GU,AWP,WE,Federal Contract Tower,51,15,2,3,71,0,2,24,23,49,51,17,26,26,120,76,82,158,278
09/20/2000,GUM,GU,AWP,WE,Federal Contract Tower,58,14,3,2,77,0,0,15,4,19,58,14,18,6,96,18,76,94,190
09/21/2000,GUM,GU,AWP,WE,Federal Contract Tower,61,16,2,3,82,0,0,4,9,13,61,16,6,12,95,112,130,242,337
09/22/2000,GUM,GU,AWP,WE,Federal Contract Tower,56,13,3,0,72,0,6,3,0,9,56,19,6,0,81,68,0,68,149
09/23/2000,GUM,GU,AWP,WE,Federal Contract Tower,52,13,2,0,67,0,0,49,0,49,52,13,51,0,116,54,0,54,170
09/24/2000,GUM,GU,AWP,WE,Federal Contract Tower,60,11,2,0,73,0,0,54,0,54,60,11,56,0,127,96,0,96,223
09/25/2000,GUM,GU,AWP,WE,Federal Contract Tower,57,13,3,1,74,2,3,25,0,30,59,16,28,1,104,28,54,82,186
09/26/2000,GUM,GU,AWP,WE,Federal Contract Tower,51,13,2,2,68,0,3,2,26,31,51,16,4,28,99,92,32,124,223
09/27/2000,GUM,GU,AWP,WE,Federal Contract Tower,54,13,2,2,71,1,1,12,18,32,55,14,14,20,103,50,24,74,177
09/28/2000,GUM,GU,AWP,WE,Federal Contract Tower,57,13,2,2,74,3,1,1,2,7,60,14,3,4,81,62,22,84,165
09/29/2000,GUM,GU,AWP,WE,Federal Contract Tower,57,13,2,0,72,1,2,1,0,4,58,15,3,0,76,58,0,58,134
09/30/2000,GUM,GU,AWP,WE,Federal Contract Tower,56,13,2,1,72,0,2,30,0,32,56,15,32,1,104,22,4,26,130
10/01/2000,GUM,GU,AWP,WE,Federal Contract Tower,54,14,4,0,72,0,0,34,0,34,54,14,38,0,106,30,8,38,144
10/02/2000,GUM,GU,AWP,WE,Federal Contract Tower,58,16,4,2,80,1,0,9,6,16,59,16,13,8,96,38,45,83,179
10/03/2000,GUM,GU,AWP,WE,Federal Contract Tower,54,14,3,2,73,0,0,13,16,29,54,14,16,18,102,46,102,148,250
10/04/2000,GUM,GU,AWP,WE,Federal Contract Tower,54,14,4,2,74,3,0,14,8,25,57,14,18,10,99,28,36,64,163
10/05/2000,GUM,GU,AWP,WE,Federal Contract Tower,51,14,2,2,69,3,0,0,48,51,54,14,2,50,120,46,8,54,174
10/06/2000,GUM,GU,AWP,WE,Federal Contract Tower,55,15,2,2,74,0,3,0,12,15,55,18,2,14,89,48,24,72,161
10/07/2000,GUM,GU,AWP,WE,Federal Contract Tower,55,18,5,0,78,0,0,40,0,40,55,18,45,0,118,60,0,60,178
10/08/2000,GUM,GU,AWP,WE,Federal Contract Tower,53,15,4,2,74,0,1,24,2,27,53,16,28,4,101,66,0,66,167
10/09/2000,GUM,GU,AWP,WE,Federal Contract Tower,61,17,4,0,82,3,1,37,0,41,64,18,41,0,123,44,0,44,167
10/10/2000,GUM,GU,AWP,WE,Federal Contract Tower,52,14,4,2,72,0,0,18,10,28,52,14,22,12,100,142,38,180,280
10/11/2000,GUM,GU,AWP,WE,Federal Contract Tower,54,14,2,3,73,0,0,6,11,17,54,14,8,14,90,42,52,94,184
10/12/2000,GUM,GU,AWP,WE,Federal Contract Tower,54,14,2,3,73,1,0,10,43,54,55,14,12,46,127,42,14,56,183
10/13/2000,GUM,GU,AWP,WE,Federal Contract Tower,54,15,0,3,72,6,0,0,1,7,60,15,0,4,79,54,0,54,133
10/14/2000,GUM,GU,AWP,WE,Federal Contract Tower,46,13,2,0,61,3,1,31,0,35,49,14,33,0,96,28,0,28,124
10/15/2000,GUM,GU,AWP,WE,Federal Contract Tower,49,14,2,0,65,5,0,26,0,31,54,14,28,0,96,40,6,46,142
10/16/2000,GUM,GU,AWP,WE,Federal Contract Tower,60,15,3,3,81,2,3,12,23,40,62,18,15,26,121,84,52,136,257
10/17/2000,GUM,GU,AWP,WE,Federal Contract Tower,50,13,2,3,68,0,1,6,23,30,50,14,8,26,98,122,36,158,256
10/18/2000,GUM,GU,AWP,WE,Federal Contract Tower,52,13,2,3,70,2,3,30,49,84,54,16,32,52,154,104,10,114,268
10/19/2000,GUM,GU,AWP,WE,Federal Contract Tower,55,14,3,0,72,2,0,1,0,3,57,14,4,0,75,70,64,134,209
10/20/2000,GUM,GU,AWP,WE,Federal Contract Tower,54,15,3,3,75,0,0,0,15,15,54,15,3,18,90,52,22,74,164
10/21/2000,GUM,GU,AWP,WE,Federal Contract Tower,50,13,2,0,65,0,1,46,0,47,50,14,48,0,112,26,0,26,138
10/22/2000,GUM,GU,AWP,WE,Federal Contract Tower,52,13,2,0,67,3,1,7,0,11,55,14,9,0,78,26,2,28,106
10/23/2000,GUM,GU,AWP,WE,Federal Contract Tower,55,15,3,0,73,5,0,27,0,32,60,15,30,0,105,88,10,98,203
10/24/2000,GUM,GU,AWP,WE,Federal Contract Tower,52,13,2,2,69,0,0,30,8,38,52,13,32,10,107,164,24,188,295
10/25/2000,GUM,GU,AWP,WE,Federal Contract Tower,54,14,3,2,73,0,0,12,28,40,54,14,15,30,113,56,40,96,209
10/26/2000,GUM,GU,AWP,WE,Federal Contract Tower,57,14,0,0,71,1,0,0,0,1,58,14,0,0,72,84,40,124,196
10/27/2000,GUM,GU,AWP,WE,Federal Contract Tower,52,14,0,0,66,1,3,0,0,4,53,17,0,0,70,44,14,58,128
10/28/2000,GUM,GU,AWP,WE,Federal Contract Tower,49,14,2,0,65,1,1,32,0,34,50,15,34,0,99,32,0,32,131
10/29/2000,GUM,GU,AWP,WE,Federal Contract Tower,51,14,2,0,67,3,0,25,0,28,54,14,27,0,95,50,0,50,145
10/30/2000,GUM,GU,AWP,WE,Federal Contract Tower,61,15,3,2,81,1,0,15,34,50,62,15,18,36,131,96,92,188,319
10/31/2000,GUM,GU,AWP,WE,Federal Contract Tower,52,15,3,2,72,0,3,16,22,41,52,18,19,24,113,54,44,98,211
11/01/2000,GUM,GU,AWP,WE,Federal Contract Tower,53,14,4,2,73,1,0,14,22,37,54,14,18,24,110,56,94,150,260
11/02/2000,GUM,GU,AWP,WE,Federal Contract Tower,61,15,3,0,79,3,1,0,0,4,64,16,3,0,83,72,38,110,193
11/03/2000,GUM,GU,AWP,WE,Federal Contract Tower,69,14,2,0,85,0,0,0,0,0,69,14,2,0,85,129,30,159,244
11/04/2000,GUM,GU,AWP,WE,Federal Contract Tower,53,14,4,0,71,0,0,53,0,53,53,14,57,0,124,98,0,98,222
11/05/2000,GUM,GU,AWP,WE,Federal Contract Tower,63,14,4,0,81,5,0,25,0,30,68,14,29,0,111,58,0,58,169
11/06/2000,GUM,GU,AWP,WE,Federal Contract Tower,63,16,4,2,85,5,0,20,0,25,68,16,24,2,110,18,34,52,162
11/07/2000,GUM,GU,AWP,WE,Federal Contract Tower,56,14,4,2,76,0,0,8,2,10,56,14,12,4,86,44,58,102,188
11/08/2000,GUM,GU,AWP,WE,Federal Contract Tower,50,13,3,2,68,4,1,16,13,34,54,14,19,15,102,52,38,90,192
11/09/2000,GUM,GU,AWP,WE,Federal Contract Tower,59,16,1,0,76,0,1,0,0,1,59,17,1,0,77,72,40,112,189
11/10/2000,GUM,GU,AWP,WE,Federal Contract Tower,50,13,1,0,64,4,1,0,0,5,54,14,1,0,69,46,0,46,115
11/11/2000,GUM,GU,AWP,WE,Federal Contract Tower,53,14,2,3,72,0,1,36,1,38,53,15,38,4,110,44,0,44,154
11/12/2000,GUM,GU,AWP,WE,Federal Contract Tower,54,14,3,0,71,2,4,21,0,27,56,18,24,0,98,20,6,26,124
11/13/2000,GUM,GU,AWP,WE,Federal Contract Tower,64,14,3,4,85,0,0,29,2,31,64,14,32,6,116,30,48,78,194
11/14/2000,GUM,GU,AWP,WE,Federal Contract Tower,53,15,2,3,73,0,1,9,17,27,53,16,11,20,100,58,32,90,190
11/15/2000,GUM,GU,AWP,WE,Federal Contract Tower,58,14,3,4,79,0,0,5,2,7,58,14,8,6,86,100,52,152,238
11/16/2000,GUM,GU,AWP,WE,Federal Contract Tower,57,12,3,1,73,0,0,1,0,1,57,12,4,1,74,110,40,150,224
11/17/2000,GUM,GU,AWP,WE,Federal Contract Tower,51,12,0,1,64,2,3,0,0,5,53,15,0,1,69,70,10,80,149
11/18/2000,GUM,GU,AWP,WE,Federal Contract Tower,54,13,2,0,69,2,2,45,0,49,56,15,47,0,118,62,0,62,180
11/19/2000,GUM,GU,AWP,WE,Federal Contract Tower,53,13,2,0,68,3,1,27,0,31,56,14,29,0,99,82,0,82,181
11/20/2000,GUM,GU,AWP,WE,Federal Contract Tower,62,14,3,4,83,0,0,37,8,45,62,14,40,12,128,110,40,150,278
11/21/2000,GUM,GU,AWP,WE,Federal Contract Tower,52,15,3,3,73,0,1,10,19,30,52,16,13,22,103,116,36,152,255
11/22/2000,GUM,GU,AWP,WE,Federal Contract Tower,52,14,3,3,72,0,0,43,2,45,52,14,46,5,117,198,10,208,325
11/23/2000,GUM,GU,AWP,WE,Federal Contract Tower,57,14,3,0,74,3,0,0,0,3,60,14,3,0,77,116,2,118,195
11/24/2000,GUM,GU,AWP,WE,Federal Contract Tower,55,14,2,0,71,0,5,0,0,5,55,19,2,0,76,98,0,98,174
11/25/2000,GUM,GU,AWP,WE,Federal Contract Tower,52,13,2,0,67,3,2,32,0,37,55,15,34,0,104,30,2,32,136
11/26/2000,GUM,GU,AWP,WE,Federal Contract Tower,54,14,3,0,71,5,0,22,0,27,59,14,25,0,98,64,0,64,162
11/27/2000,GUM,GU,AWP,WE,Federal Contract Tower,59,14,3,2,78,4,0,19,12,35,63,14,22,14,113,48,52,100,213
11/28/2000,GUM,GU,AWP,WE,Federal Contract Tower,53,14,2,2,71,2,0,13,10,25,55,14,15,12,96,106,38,144,240
11/29/2000,GUM,GU,AWP,WE,Federal Contract Tower,51,13,2,2,68,3,1,16,8,28,54,14,18,10,96,64,48,112,208
11/30/2000,GUM,GU,AWP,WE,Federal Contract Tower,56,14,2,2,74,0,0,0,2,2,56,14,2,4,76,62,16,78,154
12/01/2000,GUM,GU,AWP,WE,Federal Contract Tower,59,16,4,0,79,6,0,0,0,6,65,16,4,0,85,42,18,60,145
12/02/2000,GUM,GU,AWP,WE,Federal Contract Tower,59,14,4,2,79,7,0,35,4,46,66,14,39,6,125,60,0,60,185
12/03/2000,GUM,GU,AWP,WE,Federal Contract Tower,52,13,4,0,69,5,1,28,0,34,57,14,32,0,103,22,0,22,125
12/04/2000,GUM,GU,AWP,WE,Federal Contract Tower,58,14,4,2,78,3,0,12,8,23,61,14,16,10,101,68,42,110,211
12/05/2000,GUM,GU,AWP,WE,Federal Contract Tower,52,13,4,2,71,2,1,25,22,50,54,14,29,24,121,82,44,126,247
12/06/2000,GUM,GU,AWP,WE,Federal Contract Tower,54,14,4,2,74,2,0,16,10,28,56,14,20,12,102,70,28,98,200
12/07/2000,GUM,GU,AWP,WE,Federal Contract Tower,57,14,4,0,75,0,0,22,0,22,57,14,26,0,97,30,20,50,147
12/08/2000,GUM,GU,AWP,WE,Federal Contract Tower,50,13,4,0,67,2,1,19,0,22,52,14,23,0,89,88,14,102,191
12/09/2000,GUM,GU,AWP,WE,Federal Contract Tower,53,14,4,2,73,2,0,26,0,28,55,14,30,2,101,30,0,30,131
12/10/2000,GUM,GU,AWP,WE,Federal Contract Tower,53,13,4,0,70,4,1,37,0,42,57,14,41,0,112,50,4,54,166
12/11/2000,GUM,GU,AWP,WE,Federal Contract Tower,57,14,4,2,77,1,0,20,12,33,58,14,24,14,110,104,36,140,250
12/12/2000,GUM,GU,AWP,WE,Federal Contract Tower,53,14,4,2,73,0,0,20,18,38,53,14,24,20,111,104,86,190,301
12/13/2000,GUM,GU,AWP,WE,Federal Contract Tower,57,14,4,2,77,1,0,14,14,29,58,14,18,16,106,86,48,134,240
12/14/2000,GUM,GU,AWP,WE,Federal Contract Tower,56,15,3,0,74,2,0,13,0,15,58,15,16,0,89,24,34,58,147
12/15/2000,GUM,GU,AWP,WE,Federal Contract Tower,54,14,3,0,71,1,1,23,0,25,55,15,26,0,96,74,22,96,192
12/16/2000,GUM,GU,AWP,WE,Federal Contract Tower,50,13,3,0,66,3,1,16,0,20,53,14,19,0,86,50,0,50,136
12/17/2000,GUM,GU,AWP,WE,Federal Contract Tower,57,14,3,0,74,4,1,16,0,21,61,15,19,0,95,4,2,6,101
12/18/2000,GUM,GU,AWP,WE,Federal Contract Tower,60,15,2,3,80,0,0,0,17,17,60,15,2,20,97,26,20,46,143
12/19/2000,GUM,GU,AWP,WE,Federal Contract Tower,58,15,5,4,82,0,0,31,0,31,58,15,36,4,113,102,24,126,239
12/20/2000,GUM,GU,AWP,WE,Federal Contract Tower,58,17,4,0,79,0,10,16,0,26,58,27,20,0,105,78,0,78,183
12/21/2000,GUM,GU,AWP,WE,Federal Contract Tower,55,13,3,0,71,2,1,24,0,27,57,14,27,0,98,94,6,100,198
12/22/2000,GUM,GU,AWP,WE,Federal Contract Tower,57,13,3,0,73,4,1,18,0,23,61,14,21,0,96,82,6,88,184
12/23/2000,GUM,GU,AWP,WE,Federal Contract Tower,55,13,3,0,71,4,1,23,0,28,59,14,26,0,99,36,0,36,135
12/24/2000,GUM,GU,AWP,WE,Federal Contract Tower,57,13,3,0,73,6,0,11,0,17,63,13,14,0,90,4,0,4,94
12/25/2000,GUM,GU,AWP,WE,Federal Contract Tower,57,14,3,0,74,3,0,21,0,24,60,14,24,0,98,44,0,44,142
12/26/2000,GUM,GU,AWP,WE,Federal Contract Tower,56,14,3,0,73,3,0,14,0,17,59,14,17,0,90,56,8,64,154
12/27/2000,GUM,GU,AWP,WE,Federal Contract Tower,62,14,5,0,81,0,0,29,0,29,62,14,34,0,110,104,14,118,228
12/28/2000,GUM,GU,AWP,WE,Federal Contract Tower,65,20,4,0,89,0,2,18,0,20,65,22,22,0,109,60,22,82,191
12/29/2000,GUM,GU,AWP,WE,Federal Contract Tower,63,16,4,0,83,3,1,24,0,28,66,17,28,0,111,74,2,76,187
12/30/2000,GUM,GU,AWP,WE,Federal Contract Tower,63,15,4,0,82,5,0,28,0,33,68,15,32,0,115,70,0,70,185
12/31/2000,GUM,GU,AWP,WE,Federal Contract Tower,70,16,4,0,90,3,0,37,0,40,73,16,41,0,130,98,0,98,228
01/01/2001,GUM,GU,AWP,WE,Federal Contract Tower,62,14,4,0,80,5,0,30,0,35,67,14,34,0,115,132,0,132,247
01/02/2001,GUM,GU,AWP,WE,Federal Contract Tower,64,14,4,0,82,1,0,23,0,24,65,14,27,0,106,172,4,176,282
01/03/2001,GUM,GU,AWP,WE,Federal Contract Tower,69,15,4,1,89,3,0,24,3,30,72,15,28,4,119,156,32,188,307
01/04/2001,GUM,GU,AWP,WE,Federal Contract Tower,70,14,4,2,90,0,0,27,14,41,70,14,31,16,131,80,54,134,265
01/05/2001,GUM,GU,AWP,WE,Federal Contract Tower,74,15,4,0,93,1,0,30,0,31,75,15,34,0,124,108,18,126,250
01/06/2001,GUM,GU,AWP,WE,Federal Contract Tower,58,14,4,0,76,3,2,30,0,35,61,16,34,0,111,56,0,56,167
01/07/2001,GUM,GU,AWP,WE,Federal Contract Tower,68,14,4,0,86,0,0,44,0,44,68,14,48,0,130,54,0,54,184
01/08/2001,GUM,GU,AWP,WE,Federal Contract Tower,64,14,3,0,81,4,0,21,0,25,68,14,24,0,106,14,14,28,134
01/09/2001,GUM,GU,AWP,WE,Federal Contract Tower,54,13,3,2,72,3,1,22,0,26,57,14,25,2,98,30,64,94,192
01/10/2001,GUM,GU,AWP,WE,Federal Contract Tower,53,14,4,2,73,0,0,28,6,34,53,14,32,8,107,44,66,110,217
01/11/2001,GUM,GU,AWP,WE,Federal Contract Tower,58,14,3,2,77,0,0,45,2,47,58,14,48,4,124,30,56,86,210
01/12/2001,GUM,GU,AWP,WE,Federal Contract Tower,61,15,3,2,81,1,0,28,0,29,62,15,31,2,110,42,16,58,168
01/13/2001,GUM,GU,AWP,WE,Federal Contract Tower,54,13,2,0,69,2,1,22,0,25,56,14,24,0,94,14,0,14,108
01/14/2001,GUM,GU,AWP,WE,Federal Contract Tower,56,14,2,0,72,2,0,16,0,18,58,14,18,0,90,24,0,24,114
01/15/2001,GUM,GU,AWP,WE,Federal Contract Tower,57,13,2,0,72,3,1,20,0,24,60,14,22,0,96,24,0,24,120
01/16/2001,GUM,GU,AWP,WE,Federal Contract Tower,53,12,2,0,67,0,2,22,0,24,53,14,24,0,91,20,30,50,141
01/17/2001,GUM,GU,AWP,WE,Federal Contract Tower,52,12,3,0,67,0,2,23,0,25,52,14,26,0,92,30,42,72,164
01/18/2001,GUM,GU,AWP,WE,Federal Contract Tower,61,14,2,0,77,0,0,21,0,21,61,14,23,0,98,16,20,36,134
01/19/2001,GUM,GU,AWP,WE,Federal Contract Tower,59,14,3,0,76,0,3,12,0,15,59,17,15,0,91,24,14,38,129
01/20/2001,GUM,GU,AWP,WE,Federal Contract Tower,52,13,2,0,67,0,2,45,0,47,52,15,47,0,114,40,28,68,182
01/21/2001,GUM,GU,AWP,WE,Federal Contract Tower,63,14,3,0,80,0,0,37,0,37,63,14,40,0,117,36,8,44,161
01/22/2001,GUM,GU,AWP,WE,Federal Contract Tower,58,13,3,2,76,0,1,33,2,36,58,14,36,4,112,36,48,84,196
01/23/2001,GUM,GU,AWP,WE,Federal Contract Tower,53,12,3,2,70,0,3,23,6,32,53,15,26,8,102,14,76,90,192
01/24/2001,GUM,GU,AWP,WE,Federal Contract Tower,62,14,3,0,79,1,0,39,0,40,63,14,42,0,119,38,42,80,199
01/25/2001,GUM,GU,AWP,WE,Federal Contract Tower,60,13,3,0,76,1,1,26,0,28,61,14,29,0,104,26,20,46,150
01/26/2001,GUM,GU,AWP,WE,Federal Contract Tower,65,14,3,0,82,0,1,31,0,32,65,15,34,0,114,34,0,34,148
01/27/2001,GUM,GU,AWP,WE,Federal Contract Tower,63,14,3,0,80,3,1,38,0,42,66,15,41,0,122,36,0,36,158
01/28/2001,GUM,GU,AWP,WE,Federal Contract Tower,54,13,2,0,69,2,1,34,0,37,56,14,36,0,106,76,0,76,182
01/29/2001,GUM,GU,AWP,WE,Federal Contract Tower,62,14,2,0,78,4,0,27,0,31,66,14,29,0,109,70,0,70,179
01/30/2001,GUM,GU,AWP,WE,Federal Contract Tower,55,13,3,1,72,4,0,29,3,36,59,13,32,4,108,66,36,102,210
01/31/2001,GUM,GU,AWP,WE,Federal Contract Tower,58,14,3,0,75,0,0,25,0,25,58,14,28,0,100,92,26,118,218
02/01/2001,GUM,GU,AWP,WE,Federal Contract Tower,58,14,1,0,73,0,3,25,0,28,58,17,26,0,101,56,46,102,203
02/02/2001,GUM,GU,AWP,WE,Federal Contract Tower,62,16,1,0,79,0,1,15,0,16,62,17,16,0,95,12,44,56,151
02/03/2001,GUM,GU,AWP,WE,Federal Contract Tower,57,14,1,0,72,2,1,28,0,31,59,15,29,0,103,36,0,36,139
02/04/2001,GUM,GU,AWP,WE,Federal Contract Tower,55,13,1,0,69,2,1,24,0,27,57,14,25,0,96,60,0,60,156
02/05/2001,GUM,GU,AWP,WE,Federal Contract Tower,62,14,1,0,77,3,0,29,0,32,65,14,30,0,109,16,40,56,165
02/06/2001,GUM,GU,AWP,WE,Federal Contract Tower,62,14,1,0,77,3,0,13,0,16,65,14,14,0,93,14,64,78,171
02/07/2001,GUM,GU,AWP,WE,Federal Contract Tower,61,14,1,0,76,0,0,15,0,15,61,14,16,0,91,14,56,70,161
02/08/2001,GUM,GU,AWP,WE,Federal Contract Tower,64,14,1,3,82,0,0,15,7,22,64,14,16,10,104,14,40,54,158
02/09/2001,GUM,GU,AWP,WE,Federal Contract Tower,62,15,1,0,78,3,0,16,0,19,65,15,17,0,97,26,6,32,129
02/10/2001,GUM,GU,AWP,WE,Federal Contract Tower,69,17,1,0,87,3,0,7,0,10,72,17,8,0,97,20,26,46,143
02/11/2001,GUM,GU,AWP,WE,Federal Contract Tower,57,14,0,0,71,3,0,30,0,33,60,14,30,0,104,52,0,52,156
02/12/2001,GUM,GU,AWP,WE,Federal Contract Tower,69,14,0,0,83,6,0,30,0,36,75,14,30,0,119,38,22,60,179
02/13/2001,GUM,GU,AWP,WE,Federal Contract Tower,62,14,0,4,80,5,0,26,4,35,67,14,26,8,115,34,64,98,213
02/14/2001,GUM,GU,AWP,WE,Federal Contract Tower,61,14,0,0,75,0,0,23,0,23,61,14,23,0,98,24,50,74,172
02/15/2001,GUM,GU,AWP,WE,Federal Contract Tower,63,14,0,4,81,0,0,45,4,49,63,14,45,8,130,32,44,76,206
02/16/2001,GUM,GU,AWP,WE,Federal Contract Tower,58,13,0,0,71,0,2,18,0,20,58,15,18,0,91,46,32,78,169
02/17/2001,GUM,GU,AWP,WE,Federal Contract Tower,63,14,0,0,77,4,0,25,0,29,67,14,25,0,106,66,0,66,172
02/18/2001,GUM,GU,AWP,WE,Federal Contract Tower,57,13,0,0,70,2,1,22,0,25,59,14,22,0,95,86,0,86,181
02/19/2001,GUM,GU,AWP,WE,Federal Contract Tower,59,13,0,0,72,2,1,26,0,29,61,14,26,0,101,14,0,14,115
02/20/2001,GUM,GU,AWP,WE,Federal Contract Tower,63,14,0,0,77,0,0,28,0,28,63,14,28,0,105,84,54,138,243
02/21/2001,GUM,GU,AWP,WE,Federal Contract Tower,61,14,0,0,75,0,0,30,0,30,61,14,30,0,105,94,100,194,299
02/22/2001,GUM,GU,AWP,WE,Federal Contract Tower,71,14,0,0,85,0,0,42,0,42,71,14,42,0,127,82,54,136,263
02/23/2001,GUM,GU,AWP,WE,Federal Contract Tower,62,14,0,0,76,0,1,8,0,9,62,15,8,0,85,64,40,104,189
02/24/2001,GUM,GU,AWP,WE,Federal Contract Tower,62,16,0,0,78,0,9,24,0,33,62,25,24,0,111,36,0,36,147
02/25/2001,GUM,GU,AWP,WE,Federal Contract Tower,63,14,0,0,77,3,0,18,0,21,66,14,18,0,98,102,0,102,200
02/26/2001,GUM,GU,AWP,WE,Federal Contract Tower,59,13,0,0,72,4,0,28,0,32,63,13,28,0,104,86,66,152,256
02/27/2001,GUM,GU,AWP,WE,Federal Contract Tower,60,14,0,0,74,1,0,30,0,31,61,14,30,0,105,92,66,158,263
02/28/2001,GUM,GU,AWP,WE,Federal Contract Tower,65,14,0,0,79,2,0,24,0,26,67,14,24,0,105,8,54,62,167
03/01/2001,GUM,GU,AWP,WE,Federal Contract Tower,61,14,4,0,79,0,0,27,4,31,61,14,31,4,110,26,42,68,178
03/02/2001,GUM,GU,AWP,WE,Federal Contract Tower,61,15,5,0,81,2,0,7,1,10,63,15,12,1,91,38,62,100,191
03/03/2001,GUM,GU,AWP,WE,Federal Contract Tower,60,14,5,0,79,2,1,25,0,28,62,15,30,0,107,36,6,42,149
03/04/2001,GUM,GU,AWP,WE,Federal Contract Tower,58,14,4,0,76,0,0,28,0,28,58,14,32,0,104,44,0,44,148
03/05/2001,GUM,GU,AWP,WE,Federal Contract Tower,61,14,4,0,79,0,0,48,0,48,61,14,52,0,127,44,0,44,171
03/06/2001,GUM,GU,AWP,WE,Federal Contract Tower,55,13,5,0,73,4,1,15,0,20,59,14,20,0,93,54,40,94,187
03/07/2001,GUM,GU,AWP,WE,Federal Contract Tower,58,14,4,0,76,3,0,13,0,16,61,14,17,0,92,53,16,69,161
03/08/2001,GUM,GU,AWP,WE,Federal Contract Tower,59,14,5,0,78,5,0,25,0,30,64,14,30,0,108,34,8,42,150
03/09/2001,GUM,GU,AWP,WE,Federal Contract Tower,55,13,5,0,73,3,2,5,0,10,58,15,10,0,83,38,18,56,139
03/10/2001,GUM,GU,AWP,WE,Federal Contract Tower,64,15,4,0,83,0,1,40,0,41,64,16,44,0,124,50,0,50,174
03/11/2001,GUM,GU,AWP,WE,Federal Contract Tower,59,15,3,0,77,0,0,24,0,24,59,15,27,0,101,50,10,60,161
03/12/2001,GUM,GU,AWP,WE,Federal Contract Tower,61,14,3,0,78,0,0,25,0,25,61,14,28,0,103,50,4,54,157
03/13/2001,GUM,GU,AWP,WE,Federal Contract Tower,59,15,3,0,77,0,1,15,0,16,59,16,18,0,93,40,8,48,141
03/14/2001,GUM,GU,AWP,WE,Federal Contract Tower,64,14,4,0,82,0,0,21,0,21,64,14,25,0,103,8,74,82,185
03/15/2001,GUM,GU,AWP,WE,Federal Contract Tower,61,14,3,0,78,5,0,34,0,39,66,14,37,0,117,32,20,52,169
03/16/2001,GUM,GU,AWP,WE,Federal Contract Tower,56,14,3,0,73,3,0,14,0,17,59,14,17,0,90,34,12,46,136
03/17/2001,GUM,GU,AWP,WE,Federal Contract Tower,60,14,4,0,78,2,0,29,0,31,62,14,33,0,109,34,6,40,149
03/18/2001,GUM,GU,AWP,WE,Federal Contract Tower,61,13,4,0,78,3,1,35,0,39,64,14,39,0,117,54,0,54,171
03/19/2001,GUM,GU,AWP,WE,Federal Contract Tower,58,13,3,0,74,1,1,23,0,25,59,14,26,0,99,42,14,56,155
03/20/2001,GUM,GU,AWP,WE,Federal Contract Tower,57,13,3,1,74,3,1,35,1,40,60,14,38,2,114,52,6,58,172
03/21/2001,GUM,GU,AWP,WE,Federal Contract Tower,69,14,4,0,87,0,0,41,0,41,69,14,45,0,128,56,66,122,250
03/22/2001,GUM,GU,AWP,WE,Federal Contract Tower,67,14,4,0,85,2,0,24,0,26,69,14,28,0,111,22,20,42,153
03/23/2001,GUM,GU,AWP,WE,Federal Contract Tower,61,15,4,0,80,0,0,28,0,28,61,15,32,0,108,86,0,86,194
03/24/2001,GUM,GU,AWP,WE,Federal Contract Tower,66,14,3,0,83,3,0,25,0,28,69,14,28,0,111,88,0,88,199
03/25/2001,GUM,GU,AWP,WE,Federal Contract Tower,60,13,4,0,77,4,1,10,0,15,64,14,14,0,92,96,0,96,188
03/26/2001,GUM,GU,AWP,WE,Federal Contract Tower,55,12,3,0,70,2,2,17,0,21,57,14,20,0,91,42,30,72,163
03/27/2001,GUM,GU,AWP,WE,Federal Contract Tower,59,13,3,0,75,4,0,3,0,7,63,13,6,0,82,18,42,60,142
03/28/2001,GUM,GU,AWP,WE,Federal Contract Tower,65,14,3,2,84,0,0,21,0,21,65,14,24,2,105,82,96,178,283
03/29/2001,GUM,GU,AWP,WE,Federal Contract Tower,61,14,3,0,78,0,0,22,4,26,61,14,25,4,104,54,16,70,174
03/30/2001,GUM,GU,AWP,WE,Federal Contract Tower,62,15,4,0,81,0,0,28,0,28,62,15,32,0,109,22,0,22,131
03/31/2001,GUM,GU,AWP,WE,Federal Contract Tower,59,14,3,0,76,1,0,5,0,6,60,14,8,0,82,34,6,40,122
04/01/2001,GUM,GU,AWP,WE,Federal Contract Tower,60,14,1,0,75,1,0,11,0,12,61,14,12,0,87,28,0,28,115
04/02/2001,GUM,GU,AWP,WE,Federal Contract Tower,57,14,1,0,72,1,0,15,0,16,58,14,16,0,88,36,30,66,154
04/03/2001,GUM,GU,AWP,WE,Federal Contract Tower,48,14,3,0,65,1,0,21,0,22,49,14,24,0,87,50,26,76,163
04/04/2001,GUM,GU,AWP,WE,Federal Contract Tower,56,14,4,1,75,0,0,5,1,6,56,14,9,2,81,84,72,156,237
04/05/2001,GUM,GU,AWP,WE,Federal Contract Tower,57,14,4,1,76,1,0,5,3,9,58,14,9,4,85,60,44,104,189
04/06/2001,GUM,GU,AWP,WE,Federal Contract Tower,53,15,1,0,69,1,0,10,0,11,54,15,11,0,80,30,24,54,134
04/07/2001,GUM,GU,AWP,WE,Federal Contract Tower,50,15,1,0,66,1,0,15,0,16,51,15,16,0,82,82,0,82,164
04/08/2001,GUM,GU,AWP,WE,Federal Contract Tower,56,14,3,0,73,1,0,21,0,22,57,14,24,0,95,26,0,26,121
04/09/2001,GUM,GU,AWP,WE,Federal Contract Tower,49,14,10,0,73,1,0,0,0,1,50,14,10,0,74,28,16,44,118
04/10/2001,GUM,GU,AWP,WE,Federal Contract Tower,51,14,12,0,77,1,0,0,0,1,52,14,12,0,78,56,8,64,142
04/11/2001,GUM,GU,AWP,WE,Federal Contract Tower,57,16,3,8,84,1,0,3,0,4,58,16,6,8,88,94,56,150,238
04/12/2001,GUM,GU,AWP,WE,Federal Contract Tower,58,15,1,0,74,1,0,18,0,19,59,15,19,0,93,70,60,130,223
04/13/2001,GUM,GU,AWP,WE,Federal Contract Tower,58,14,1,0,73,1,0,48,2,51,59,14,49,2,124,28,0,28,152
04/14/2001,GUM,GU,AWP,WE,Federal Contract Tower,53,13,3,0,69,0,1,21,2,24,53,14,24,2,93,60,0,60,153
04/15/2001,GUM,GU,AWP,WE,Federal Contract Tower,56,13,0,0,69,0,1,14,0,15,56,14,14,0,84,26,0,26,110
04/16/2001,GUM,GU,AWP,WE,Federal Contract Tower,54,12,0,0,66,0,1,18,0,19,54,13,18,0,85,56,36,92,177
04/17/2001,GUM,GU,AWP,WE,Federal Contract Tower,50,13,0,1,64,0,1,18,7,26,50,14,18,8,90,54,52,106,196
04/18/2001,GUM,GU,AWP,WE,Federal Contract Tower,53,13,0,7,73,0,1,0,7,8,53,14,0,14,81,62,34,96,177
04/19/2001,GUM,GU,AWP,WE,Federal Contract Tower,53,14,8,0,75,0,0,14,0,14,53,14,22,0,89,44,20,64,153
04/20/2001,GUM,GU,AWP,WE,Federal Contract Tower,58,15,0,0,73,0,0,13,6,19,58,15,13,6,92,90,6,96,188
04/21/2001,GUM,GU,AWP,WE,Federal Contract Tower,50,14,6,0,70,0,0,24,0,24,50,14,30,0,94,70,0,70,164
04/22/2001,GUM,GU,AWP,WE,Federal Contract Tower,54,16,11,0,81,0,0,35,0,35,54,16,46,0,116,57,0,57,173
04/23/2001,GUM,GU,AWP,WE,Federal Contract Tower,54,14,2,2,72,0,0,10,16,26,54,14,12,18,98,36,16,52,150
04/24/2001,GUM,GU,AWP,WE,Federal Contract Tower,48,14,1,0,63,0,0,4,26,30,48,14,5,26,93,38,44,82,175
04/25/2001,GUM,GU,AWP,WE,Federal Contract Tower,52,14,0,0,66,0,0,14,24,38,52,14,14,24,104,32,48,80,184
04/26/2001,GUM,GU,AWP,WE,Federal Contract Tower,56,14,0,0,70,0,0,18,0,18,56,14,18,0,88,68,51,119,207
04/27/2001,GUM,GU,AWP,WE,Federal Contract Tower,62,15,0,0,77,0,0,20,4,24,62,15,20,4,101,68,34,102,203
04/28/2001,GUM,GU,AWP,WE,Federal Contract Tower,58,13,0,0,71,0,0,38,0,38,58,13,38,0,109,108,6,114,223
04/29/2001,GUM,GU,AWP,WE,Federal Contract Tower,59,14,0,0,73,0,0,34,0,34,59,14,34,0,107,82,2,84,191
04/30/2001,GUM,GU,AWP,WE,Federal Contract Tower,65,15,0,0,80,0,0,46,14,60,65,15,46,14,140,82,0,82,222
05/01/2001,GUM,GU,AWP,WE,Federal Contract Tower,55,14,0,0,69,0,0,20,28,48,55,14,20,28,117,114,29,143,260
05/02/2001,GUM,GU,AWP,WE,Federal Contract Tower,60,14,0,0,74,0,0,40,6,46,60,14,40,6,120,98,84,182,302
05/03/2001,GUM,GU,AWP,WE,Federal Contract Tower,71,14,10,0,95,0,0,24,2,26,71,14,34,2,121,146,28,174,295
05/04/2001,GUM,GU,AWP,WE,Federal Contract Tower,60,15,0,0,75,0,0,42,0,42,60,15,42,0,117,94,0,94,211
05/05/2001,GUM,GU,AWP,WE,Federal Contract Tower,68,15,2,0,85,0,0,58,0,58,68,15,60,0,143,40,30,70,213
05/06/2001,GUM,GU,AWP,WE,Federal Contract Tower,69,14,6,0,89,0,0,36,18,54,69,14,42,18,143,40,24,64,207
05/07/2001,GUM,GU,AWP,WE,Federal Contract Tower,59,14,10,0,83,0,0,2,32,34,59,14,12,32,117,26,62,88,205
05/08/2001,GUM,GU,AWP,WE,Federal Contract Tower,51,14,0,4,69,0,0,12,30,42,51,14,12,34,111,8,38,46,157
05/09/2001,GUM,GU,AWP,WE,Federal Contract Tower,58,14,0,0,72,0,0,10,0,10,58,14,10,0,82,74,0,74,156
05/10/2001,GUM,GU,AWP,WE,Federal Contract Tower,60,14,0,0,74,0,0,18,0,18,60,14,18,0,92,110,4,114,206
05/11/2001,GUM,GU,AWP,WE,Federal Contract Tower,56,14,0,0,70,0,0,43,0,43,56,14,43,0,113,94,0,94,207
05/12/2001,GUM,GU,AWP,WE,Federal Contract Tower,56,14,0,0,70,0,0,34,0,34,56,14,34,0,104,108,0,108,212
05/13/2001,GUM,GU,AWP,WE,Federal Contract Tower,55,14,16,0,85,0,0,54,8,62,55,14,70,8,147,26,0,26,173
05/14/2001,GUM,GU,AWP,WE,Federal Contract Tower,52,14,8,0,74,0,0,30,22,52,52,14,38,22,126,40,46,86,212
05/15/2001,GUM,GU,AWP,WE,Federal Contract Tower,52,14,0,0,66,0,0,44,18,62,52,14,44,18,128,40,28,68,196
05/16/2001,GUM,GU,AWP,WE,Federal Contract Tower,57,14,0,0,71,0,0,14,0,14,57,14,14,0,85,30,42,72,157
05/17/2001,GUM,GU,AWP,WE,Federal Contract Tower,58,14,0,0,72,0,0,30,0,30,58,14,30,0,102,28,36,64,166
05/18/2001,GUM,GU,AWP,WE,Federal Contract Tower,55,15,8,0,78,0,0,23,0,23,55,15,31,0,101,48,16,64,165
05/19/2001,GUM,GU,AWP,WE,Federal Contract Tower,56,15,6,0,77,0,0,18,0,18,56,15,24,0,95,74,0,74,169
05/20/2001,GUM,GU,AWP,WE,Federal Contract Tower,58,14,1,0,73,0,0,40,0,40,58,14,41,0,113,44,0,44,157
05/21/2001,GUM,GU,AWP,WE,Federal Contract Tower,58,14,2,0,74,0,0,22,22,44,58,14,24,22,118,12,22,34,152
05/22/2001,GUM,GU,AWP,WE,Federal Contract Tower,50,14,8,0,72,0,0,4,14,18,50,14,12,14,90,24,26,50,140
05/23/2001,GUM,GU,AWP,WE,Federal Contract Tower,51,14,0,0,65,0,0,24,16,40,51,14,24,16,105,94,24,118,223
05/24/2001,GUM,GU,AWP,WE,Federal Contract Tower,62,14,7,0,83,0,0,19,0,19,62,14,26,0,102,44,10,54,156
05/25/2001,GUM,GU,AWP,WE,Federal Contract Tower,58,15,0,0,73,0,0,26,2,28,58,15,26,2,101,68,0,68,169
05/26/2001,GUM,GU,AWP,WE,Federal Contract Tower,49,15,0,0,64,0,0,48,0,48,49,15,48,0,112,44,0,44,156
05/27/2001,GUM,GU,AWP,WE,Federal Contract Tower,55,14,0,0,69,0,0,38,0,38,55,14,38,0,107,34,8,42,149
05/28/2001,GUM,GU,AWP,WE,Federal Contract Tower,57,14,0,0,71,0,0,35,0,35,57,14,35,0,106,64,6,70,176
05/29/2001,GUM,GU,AWP,WE,Federal Contract Tower,48,15,0,0,63,0,0,27,0,27,48,15,27,0,90,120,44,164,254
05/30/2001,GUM,GU,AWP,WE,Federal Contract Tower,57,14,0,0,71,0,0,22,0,22,57,14,22,0,93,98,40,138,231
05/31/2001,GUM,GU,AWP,WE,Federal Contract Tower,52,14,0,0,66,0,0,16,0,16,52,14,16,0,82,48,28,76,158
06/01/2001,GUM,GU,AWP,WE,Federal Contract Tower,57,16,0,0,73,1,0,14,0,15,58,16,14,0,88,84,18,102,190
06/02/2001,GUM,GU,AWP,WE,Federal Contract Tower,55,15,0,0,70,1,0,34,0,35,56,15,34,0,105,92,0,92,197
06/03/2001,GUM,GU,AWP,WE,Federal Contract Tower,63,13,0,0,76,0,1,52,0,53,63,14,52,0,129,86,12,98,227
06/04/2001,GUM,GU,AWP,WE,Federal Contract Tower,54,13,0,0,67,0,1,34,0,35,54,14,34,0,102,52,0,52,154
06/05/2001,GUM,GU,AWP,WE,Federal Contract Tower,53,15,0,0,68,0,0,44,12,56,53,15,44,12,124,54,20,74,198
06/06/2001,GUM,GU,AWP,WE,Federal Contract Tower,59,14,1,0,74,0,0,30,2,32,59,14,31,2,106,54,56,110,216
06/07/2001,GUM,GU,AWP,WE,Federal Contract Tower,58,14,13,0,85,0,0,42,4,46,58,14,55,4,131,24,60,84,215
06/08/2001,GUM,GU,AWP,WE,Federal Contract Tower,69,16,4,0,89,2,0,10,0,12,71,16,14,0,101,62,10,72,173
06/09/2001,GUM,GU,AWP,WE,Federal Contract Tower,56,15,9,0,80,0,0,19,0,19,56,15,28,0,99,37,0,37,136
06/10/2001,GUM,GU,AWP,WE,Federal Contract Tower,62,14,16,0,92,0,0,20,0,20,62,14,36,0,112,44,0,44,156
06/11/2001,GUM,GU,AWP,WE,Federal Contract Tower,59,14,7,0,80,0,0,36,16,52,59,14,43,16,132,36,20,56,188
06/12/2001,GUM,GU,AWP,WE,Federal Contract Tower,53,15,0,0,68,0,0,34,0,34,53,15,34,0,102,30,88,118,220
06/13/2001,GUM,GU,AWP,WE,Federal Contract Tower,55,14,6,0,75,0,0,20,0,20,55,14,26,0,95,48,14,62,157
06/14/2001,GUM,GU,AWP,WE,Federal Contract Tower,56,14,2,2,74,0,0,24,6,30,56,14,26,8,104,104,46,150,254
06/15/2001,GUM,GU,AWP,WE,Federal Contract Tower,59,14,0,0,73,0,0,26,0,26,59,14,26,0,99,66,4,70,169
06/16/2001,GUM,GU,AWP,WE,Federal Contract Tower,60,14,4,0,78,0,0,34,0,34,60,14,38,0,112,54,0,54,166
06/17/2001,GUM,GU,AWP,WE,Federal Contract Tower,59,14,10,0,83,0,0,30,0,30,59,14,40,0,113,50,0,50,163
06/18/2001,GUM,GU,AWP,WE,Federal Contract Tower,55,14,1,4,74,0,0,36,12,48,55,14,37,16,122,24,14,38,160
06/19/2001,GUM,GU,AWP,WE,Federal Contract Tower,50,14,1,0,65,0,0,25,4,29,50,14,26,4,94,86,50,136,230
06/20/2001,GUM,GU,AWP,WE,Federal Contract Tower,54,14,0,6,74,0,0,36,0,36,54,14,36,6,110,62,40,102,212
06/21/2001,GUM,GU,AWP,WE,Federal Contract Tower,57,14,0,0,71,0,0,24,8,32,57,14,24,8,103,108,14,122,225
06/22/2001,GUM,GU,AWP,WE,Federal Contract Tower,60,15,0,0,75,0,0,60,26,86,60,15,60,26,161,74,12,86,247
06/23/2001,GUM,GU,AWP,WE,Federal Contract Tower,58,13,4,0,75,0,0,66,4,70,58,13,70,4,145,94,8,102,247
06/24/2001,GUM,GU,AWP,WE,Federal Contract Tower,64,14,3,0,81,0,0,52,0,52,64,14,55,0,133,26,0,26,159
06/25/2001,GUM,GU,AWP,WE,Federal Contract Tower,57,14,1,0,72,0,0,44,0,44,57,14,45,0,116,12,6,18,134
06/26/2001,GUM,GU,AWP,WE,Federal Contract Tower,53,13,1,0,67,0,0,38,6,44,53,13,39,6,111,70,0,70,181
06/27/2001,GUM,GU,AWP,WE,Federal Contract Tower,56,14,4,2,76,0,0,32,0,32,56,14,36,2,108,56,40,96,204
06/28/2001,GUM,GU,AWP,WE,Federal Contract Tower,56,14,14,0,84,0,0,6,0,6,56,14,20,0,90,51,64,115,205
06/29/2001,GUM,GU,AWP,WE,Federal Contract Tower,56,15,4,0,75,0,0,12,0,12,56,15,16,0,87,100,6,106,193
06/30/2001,GUM,GU,AWP,WE,Federal Contract Tower,59,17,9,0,85,0,0,40,0,40,59,17,49,0,125,66,10,76,201
07/01/2001,GUM,GU,AWP,WE,Federal Contract Tower,58,14,7,0,79,0,0,6,0,6,58,14,13,0,85,44,0,44,129
07/02/2001,GUM,GU,AWP,WE,Federal Contract Tower,52,14,2,0,68,0,0,22,0,22,52,14,24,0,90,20,28,48,138
07/03/2001,GUM,GU,AWP,WE,Federal Contract Tower,55,15,6,0,76,0,0,8,0,8,55,15,14,0,84,106,105,211,295
07/04/2001,GUM,GU,AWP,WE,Federal Contract Tower,56,14,9,0,79,0,0,17,0,17,56,14,26,0,96,57,6,63,159
07/05/2001,GUM,GU,AWP,WE,Federal Contract Tower,59,14,3,0,76,0,0,21,2,23,59,14,24,2,99,76,34,110,209
07/06/2001,GUM,GU,AWP,WE,Federal Contract Tower,59,10,1,0,70,0,0,25,0,25,59,10,26,0,95,78,36,114,209
07/07/2001,GUM,GU,AWP,WE,Federal Contract Tower,58,9,12,0,79,0,0,35,0,35,58,9,47,0,114,62,0,62,176
07/08/2001,GUM,GU,AWP,WE,Federal Contract Tower,57,10,10,0,77,0,0,22,0,22,57,10,32,0,99,86,0,86,185
07/09/2001,GUM,GU,AWP,WE,Federal Contract Tower,52,10,3,6,71,0,0,21,0,21,52,10,24,6,92,72,36,108,200
07/10/2001,GUM,GU,AWP,WE,Federal Contract Tower,54,13,1,0,68,0,0,38,4,42,54,13,39,4,110,58,52,110,220
07/11/2001,GUM,GU,AWP,WE,Federal Contract Tower,58,15,2,0,75,0,0,16,0,16,58,15,18,0,91,18,28,46,137
07/12/2001,GUM,GU,AWP,WE,Federal Contract Tower,58,14,0,0,72,0,0,17,0,17,58,14,17,0,89,100,24,124,213
07/13/2001,GUM,GU,AWP,WE,Federal Contract Tower,67,14,17,0,98,0,0,0,0,0,67,14,17,0,98,138,14,152,250
07/14/2001,GUM,GU,AWP,WE,Federal Contract Tower,58,14,0,0,72,0,0,28,0,28,58,14,28,0,100,92,25,117,217
07/15/2001,GUM,GU,AWP,WE,Federal Contract Tower,63,14,0,0,77,0,0,40,0,40,63,14,40,0,117,92,0,92,209
07/16/2001,GUM,GU,AWP,WE,Federal Contract Tower,54,14,0,0,68,0,0,28,14,42,54,14,28,14,110,118,14,132,242
07/17/2001,GUM,GU,AWP,WE,Federal Contract Tower,53,14,0,0,67,0,0,28,44,72,53,14,28,44,139,94,24,118,257
07/18/2001,GUM,GU,AWP,WE,Federal Contract Tower,57,14,14,0,85,0,0,0,44,44,57,14,14,44,129,56,84,140,269
07/19/2001,GUM,GU,AWP,WE,Federal Contract Tower,63,14,0,8,85,0,0,14,18,32,63,14,14,26,117,24,62,86,203
07/20/2001,GUM,GU,AWP,WE,Federal Contract Tower,68,14,18,4,104,0,0,12,8,20,68,14,30,12,124,88,22,110,234
07/21/2001,GUM,GU,AWP,WE,Federal Contract Tower,62,10,3,0,75,0,0,25,8,33,62,10,28,8,108,142,0,142,250
07/22/2001,GUM,GU,AWP,WE,Federal Contract Tower,78,14,17,0,109,0,0,12,0,12,78,14,29,0,121,54,26,80,201
07/23/2001,GUM,GU,AWP,WE,Federal Contract Tower,56,16,0,0,72,0,0,10,10,20,56,16,10,10,92,4,56,60,152
07/24/2001,GUM,GU,AWP,WE,Federal Contract Tower,57,14,8,0,79,0,0,18,12,30,57,14,26,12,109,30,12,42,151
07/25/2001,GUM,GU,AWP,WE,Federal Contract Tower,60,15,1,2,78,0,0,12,12,24,60,15,13,14,102,78,12,90,192
07/26/2001,GUM,GU,AWP,WE,Federal Contract Tower,57,14,1,4,76,0,0,9,12,21,57,14,10,16,97,18,48,66,163
07/27/2001,GUM,GU,AWP,WE,Federal Contract Tower,60,15,0,0,75,0,0,22,0,22,60,15,22,0,97,62,14,76,173
07/28/2001,GUM,GU,AWP,WE,Federal Contract Tower,63,15,1,0,79,0,0,47,0,47,63,15,48,0,126,8,2,10,136
07/29/2001,GUM,GU,AWP,WE,Federal Contract Tower,64,16,0,0,80,0,0,18,0,18,64,16,18,0,98,62,0,62,160
07/30/2001,GUM,GU,AWP,WE,Federal Contract Tower,50,14,2,0,66,0,0,18,20,38,50,14,20,20,104,74,30,104,208
07/31/2001,GUM,GU,AWP,WE,Federal Contract Tower,61,14,0,0,75,0,0,44,2,46,61,14,44,2,121,110,0,110,231
08/01/2001,GUM,GU,AWP,WE,Federal Contract Tower,64,14,3,0,81,0,0,33,20,53,64,14,36,20,134,56,14,70,204
08/02/2001,GUM,GU,AWP,WE,Federal Contract Tower,61,14,0,0,75,0,0,28,12,40,61,14,28,12,115,174,24,198,313
08/03/2001,GUM,GU,AWP,WE,Federal Contract Tower,56,14,10,0,80,0,0,17,0,17,56,14,27,0,97,86,18,104,201
08/04/2001,GUM,GU,AWP,WE,Federal Contract Tower,62,15,0,0,77,0,0,10,0,10,62,15,10,0,87,30,0,30,117
08/05/2001,GUM,GU,AWP,WE,Federal Contract Tower,66,14,1,0,81,0,0,28,0,28,66,14,29,0,109,44,0,44,153
08/06/2001,GUM,GU,AWP,WE,Federal Contract Tower,58,14,3,0,75,0,0,30,12,42,58,14,33,12,117,36,36,72,189
08/07/2001,GUM,GU,AWP,WE,Federal Contract Tower,56,14,0,0,70,0,0,34,2,36,56,14,34,2,106,38,24,62,168
08/08/2001,GUM,GU,AWP,WE,Federal Contract Tower,62,15,5,2,84,0,0,30,0,30,62,15,35,2,114,55,16,71,185
08/09/2001,GUM,GU,AWP,WE,Federal Contract Tower,60,14,2,0,76,0,0,20,0,20,60,14,22,0,96,6,48,54,150
08/10/2001,GUM,GU,AWP,WE,Federal Contract Tower,61,16,0,0,77,0,0,18,0,18,61,16,18,0,95,18,8,26,121
08/11/2001,GUM,GU,AWP,WE,Federal Contract Tower,60,15,0,0,75,0,0,20,0,20,60,15,20,0,95,26,0,26,121
08/12/2001,GUM,GU,AWP,WE,Federal Contract Tower,72,14,0,0,86,0,0,28,0,28,72,14,28,0,114,42,0,42,156
08/13/2001,GUM,GU,AWP,WE,Federal Contract Tower,61,12,0,0,73,0,0,14,0,14,61,12,14,0,87,38,6,44,131
08/14/2001,GUM,GU,AWP,WE,Federal Contract Tower,61,14,3,0,78,0,0,12,8,20,61,14,15,8,98,4,42,46,144
08/15/2001,GUM,GU,AWP,WE,Federal Contract Tower,68,6,2,0,76,0,0,6,0,6,68,6,8,0,82,46,16,62,144
08/16/2001,GUM,GU,AWP,WE,Federal Contract Tower,62,12,3,0,77,0,0,2,0,2,62,12,5,0,79,0,2,2,81
08/17/2001,GUM,GU,AWP,WE,Federal Contract Tower,62,14,1,0,77,0,0,4,0,4,62,14,5,0,81,26,8,34,115
08/18/2001,GUM,GU,AWP,WE,Federal Contract Tower,63,14,4,0,81,0,0,18,0,18,63,14,22,0,99,30,138,168,267
08/19/2001,GUM,GU,AWP,WE,Federal Contract Tower,73,14,0,0,87,0,0,28,0,28,73,14,28,0,115,30,8,38,153
08/20/2001,GUM,GU,AWP,WE,Federal Contract Tower,57,14,0,4,75,0,0,30,0,30,57,14,30,4,105,18,68,86,191
08/21/2001,GUM,GU,AWP,WE,Federal Contract Tower,41,12,1,0,54,0,0,44,72,116,41,12,45,72,170,70,78,148,318
08/22/2001,GUM,GU,AWP,WE,Federal Contract Tower,63,14,1,0,78,0,0,26,0,26,63,14,27,0,104,60,18,78,182
08/23/2001,GUM,GU,AWP,WE,Federal Contract Tower,61,14,4,2,81,0,0,20,0,20,61,14,24,2,101,36,12,48,149
08/24/2001,GUM,GU,AWP,WE,Federal Contract Tower,65,14,2,4,85,0,0,12,6,18,65,14,14,10,103,60,6,66,169
08/25/2001,GUM,GU,AWP,WE,Federal Contract Tower,61,14,2,0,77,0,0,28,0,28,61,14,30,0,105,76,0,76,181
08/26/2001,GUM,GU,AWP,WE,Federal Contract Tower,63,14,0,0,77,0,0,36,0,36,63,14,36,0,113,14,4,18,131
08/27/2001,GUM,GU,AWP,WE,Federal Contract Tower,58,15,0,0,73,0,0,26,0,26,58,15,26,0,99,18,2,20,119
08/28/2001,GUM,GU,AWP,WE,Federal Contract Tower,55,14,0,0,69,0,0,18,12,30,55,14,18,12,99,20,36,56,155
08/29/2001,GUM,GU,AWP,WE,Federal Contract Tower,62,14,0,0,76,0,0,16,10,26,62,14,16,10,102,24,18,42,144
08/30/2001,GUM,GU,AWP,WE,Federal Contract Tower,62,14,2,4,82,0,0,14,0,14,62,14,16,4,96,36,14,50,146
08/31/2001,GUM,GU,AWP,WE,Federal Contract Tower,61,16,1,0,78,0,0,17,0,17,61,16,18,0,95,42,2,44,139
09/01/2001,GUM,GU,AWP,WE,Federal Contract Tower,60,14,1,0,75,0,0,30,0,30,60,14,31,0,105,40,2,42,147
09/02/2001,GUM,GU,AWP,WE,Federal Contract Tower,58,14,0,0,72,0,0,30,0,30,58,14,30,0,102,84,20,104,206
09/03/2001,GUM,GU,AWP,WE,Federal Contract Tower,53,14,1,0,68,0,0,32,0,32,53,14,33,0,100,30,0,30,130
09/04/2001,GUM,GU,AWP,WE,Federal Contract Tower,53,11,0,0,64,0,0,34,0,34,53,11,34,0,98,74,26,100,198
09/05/2001,GUM,GU,AWP,WE,Federal Contract Tower,56,14,1,0,71,0,0,49,4,53,56,14,50,4,124,60,24,84,208
09/06/2001,GUM,GU,AWP,WE,Federal Contract Tower,56,14,0,0,70,0,0,36,16,52,56,14,36,16,122,58,26,84,206
09/07/2001,GUM,GU,AWP,WE,Federal Contract Tower,56,14,1,6,77,0,2,30,0,32,56,16,31,6,109,30,12,42,151
09/08/2001,GUM,GU,AWP,WE,Federal Contract Tower,63,14,3,0,80,0,0,20,0,20,63,14,23,0,100,28,0,28,128
09/09/2001,GUM,GU,AWP,WE,Federal Contract Tower,58,12,1,0,71,0,0,32,0,32,58,12,33,0,103,54,0,54,157
09/10/2001,GUM,GU,AWP,WE,Federal Contract Tower,57,15,0,0,72,0,0,16,18,34,57,15,16,18,106,22,6,28,134
09/11/2001,GUM,GU,AWP,WE,Federal Contract Tower,52,14,9,0,75,0,0,33,8,41,52,14,42,8,116,74,46,120,236
09/12/2001,GUM,GU,AWP,WE,Federal Contract Tower,6,0,2,0,8,0,0,0,0,0,6,0,2,0,8,0,0,0,8
09/13/2001,GUM,GU,AWP,WE,Federal Contract Tower,0,0,1,0,1,0,0,0,0,0,0,0,1,0,1,0,0,0,1
09/14/2001,GUM,GU,AWP,WE,Federal Contract Tower,5,8,0,0,13,0,0,0,2,2,5,8,0,2,15,2,14,16,31
09/15/2001,GUM,GU,AWP,WE,Federal Contract Tower,54,6,0,10,70,0,0,0,0,0,54,6,0,10,70,0,0,0,70
09/16/2001,GUM,GU,AWP,WE,Federal Contract Tower,59,9,0,2,70,0,0,2,0,2,59,9,2,2,72,2,16,18,90
09/17/2001,GUM,GU,AWP,WE,Federal Contract Tower,50,12,1,0,63,0,0,0,0,0,50,12,1,0,63,0,0,0,63
09/18/2001,GUM,GU,AWP,WE,Federal Contract Tower,50,12,0,0,62,0,0,0,0,0,50,12,0,0,62,12,2,14,76
09/19/2001,GUM,GU,AWP,WE,Federal Contract Tower,54,12,0,0,66,0,0,0,0,0,54,12,0,0,66,0,0,0,66
09/20/2001,GUM,GU,AWP,WE,Federal Contract Tower,51,13,0,0,64,0,0,4,0,4,51,13,4,0,68,12,20,32,100
09/21/2001,GUM,GU,AWP,WE,Federal Contract Tower,44,12,1,2,59,0,0,16,2,18,44,12,17,4,77,0,32,32,109
09/22/2001,GUM,GU,AWP,WE,Federal Contract Tower,50,11,0,8,69,0,0,12,0,12,50,11,12,8,81,18,44,62,143
09/23/2001,GUM,GU,AWP,WE,Federal Contract Tower,55,10,0,0,65,0,0,18,0,18,55,10,18,0,83,16,4,20,103
09/24/2001,GUM,GU,AWP,WE,Federal Contract Tower,51,8,0,24,83,0,0,10,0,10,51,8,10,24,93,36,44,80,173
09/25/2001,GUM,GU,AWP,WE,Federal Contract Tower,47,8,0,0,55,0,0,10,14,24,47,8,10,14,79,30,16,46,125
09/26/2001,GUM,GU,AWP,WE,Federal Contract Tower,52,8,0,0,60,0,0,30,0,30,52,8,30,0,90,12,42,54,144
09/27/2001,GUM,GU,AWP,WE,Federal Contract Tower,53,8,0,0,61,0,0,15,0,15,53,8,15,0,76,36,60,96,172
09/28/2001,GUM,GU,AWP,WE,Federal Contract Tower,53,9,0,0,62,0,0,10,0,10,53,9,10,0,72,10,40,50,122
09/29/2001,GUM,GU,AWP,WE,Federal Contract Tower,51,9,1,0,61,0,0,10,0,10,51,9,11,0,71,58,0,58,129
09/30/2001,GUM,GU,AWP,WE,Federal Contract Tower,54,8,0,0,62,0,0,14,0,14,54,8,14,0,76,2,0,2,78
10/01/2001,GUM,GU,AWP,WE,Federal Contract Tower,55,7,0,0,62,0,0,10,0,10,55,7,10,0,72,24,24,48,120
10/02/2001,GUM,GU,AWP,WE,Federal Contract Tower,46,8,0,0,54,0,0,0,22,22,46,8,0,22,76,14,18,32,108
10/03/2001,GUM,GU,AWP,WE,Federal Contract Tower,51,8,0,0,59,0,0,18,0,18,51,8,18,0,77,18,14,32,109
10/04/2001,GUM,GU,AWP,WE,Federal Contract Tower,52,10,3,0,65,0,0,13,0,13,52,10,16,0,78,20,22,42,120
10/05/2001,GUM,GU,AWP,WE,Federal Contract Tower,47,8,0,0,55,0,0,21,2,23,47,8,21,2,78,16,0,16,94
10/06/2001,GUM,GU,AWP,WE,Federal Contract Tower,47,11,0,0,58,0,0,6,0,6,47,11,6,0,64,22,0,22,86
10/07/2001,GUM,GU,AWP,WE,Federal Contract Tower,49,8,0,0,57,0,0,14,0,14,49,8,14,0,71,20,0,20,91
10/08/2001,GUM,GU,AWP,WE,Federal Contract Tower,53,8,0,0,61,0,0,8,0,8,53,8,8,0,69,20,0,20,89
10/09/2001,GUM,GU,AWP,WE,Federal Contract Tower,48,10,0,0,58,0,0,10,16,26,48,10,10,16,84,12,16,28,112
10/10/2001,GUM,GU,AWP,WE,Federal Contract Tower,47,12,0,6,65,0,0,4,22,26,47,12,4,28,91,16,26,42,133
10/11/2001,GUM,GU,AWP,WE,Federal Contract Tower,50,8,0,0,58,0,0,10,2,12,50,8,10,2,70,31,30,61,131
10/12/2001,GUM,GU,AWP,WE,Federal Contract Tower,43,8,0,0,51,0,0,20,0,20,43,8,20,0,71,18,12,30,101
10/13/2001,GUM,GU,AWP,WE,Federal Contract Tower,42,9,0,0,51,0,0,16,0,16,42,9,16,0,67,42,2,44,111
10/14/2001,GUM,GU,AWP,WE,Federal Contract Tower,46,8,1,0,55,0,0,14,0,14,46,8,15,0,69,4,0,4,73
10/15/2001,GUM,GU,AWP,WE,Federal Contract Tower,48,8,2,0,58,0,0,6,0,6,48,8,8,0,64,10,8,18,82
10/16/2001,GUM,GU,AWP,WE,Federal Contract Tower,43,10,1,0,54,0,0,8,14,22,43,10,9,14,76,32,12,44,120
10/17/2001,GUM,GU,AWP,WE,Federal Contract Tower,47,8,1,2,58,0,0,20,0,20,47,8,21,2,78,44,34,78,156
10/18/2001,GUM,GU,AWP,WE,Federal Contract Tower,51,10,0,8,69,0,0,14,0,14,51,10,14,8,83,8,34,42,125
10/19/2001,GUM,GU,AWP,WE,Federal Contract Tower,49,9,0,0,58,0,0,4,0,4,49,9,4,0,62,26,0,26,88
10/20/2001,GUM,GU,AWP,WE,Federal Contract Tower,46,9,2,0,57,0,0,8,0,8,46,9,10,0,65,20,0,20,85
10/21/2001,GUM,GU,AWP,WE,Federal Contract Tower,48,8,0,0,56,0,0,6,0,6,48,8,6,0,62,32,0,32,94
10/22/2001,GUM,GU,AWP,WE,Federal Contract Tower,48,8,1,0,57,0,0,2,2,4,48,8,3,2,61,40,12,52,113
10/23/2001,GUM,GU,AWP,WE,Federal Contract Tower,43,8,0,0,51,0,0,8,4,12,43,8,8,4,63,20,20,40,103
10/24/2001,GUM,GU,AWP,WE,Federal Contract Tower,48,8,0,2,58,0,0,8,8,16,48,8,8,10,74,26,50,76,150
10/25/2001,GUM,GU,AWP,WE,Federal Contract Tower,43,10,0,2,55,0,0,8,10,18,43,10,8,12,73,16,38,54,127
10/26/2001,GUM,GU,AWP,WE,Federal Contract Tower,49,9,1,6,65,0,0,8,8,16,49,9,9,14,81,8,46,54,135
10/27/2001,GUM,GU,AWP,WE,Federal Contract Tower,43,8,3,0,54,0,0,8,0,8,43,8,11,0,62,42,6,48,110
10/28/2001,GUM,GU,AWP,WE,Federal Contract Tower,46,8,1,0,55,0,0,12,0,12,46,8,13,0,67,18,0,18,85
10/29/2001,GUM,GU,AWP,WE,Federal Contract Tower,54,8,1,0,63,0,0,16,0,16,54,8,17,0,79,6,42,48,127
10/30/2001,GUM,GU,AWP,WE,Federal Contract Tower,38,8,0,0,46,0,0,8,20,28,38,8,8,20,74,48,46,94,168
10/31/2001,GUM,GU,AWP,WE,Federal Contract Tower,44,10,0,0,54,0,0,4,14,18,44,10,4,14,72,26,40,66,138
11/01/2001,GUM,GU,AWP,WE,Federal Contract Tower,45,8,0,0,53,0,0,12,0,12,45,8,12,0,65,6,10,16,81
11/02/2001,GUM,GU,AWP,WE,Federal Contract Tower,41,8,2,0,51,0,0,2,0,2,41,8,4,0,53,22,0,22,75
11/03/2001,GUM,GU,AWP,WE,Federal Contract Tower,42,10,0,0,52,0,0,3,2,5,42,10,3,2,57,32,0,32,89
11/04/2001,GUM,GU,AWP,WE,Federal Contract Tower,46,9,1,0,56,0,0,10,0,10,46,9,11,0,66,8,0,8,74
11/05/2001,GUM,GU,AWP,WE,Federal Contract Tower,45,9,0,0,54,0,0,12,0,12,45,9,12,0,66,8,0,8,74
11/06/2001,GUM,GU,AWP,WE,Federal Contract Tower,41,10,0,0,51,0,0,11,12,23,41,10,11,12,74,14,32,46,120
11/07/2001,GUM,GU,AWP,WE,Federal Contract Tower,45,10,2,4,61,0,0,12,12,24,45,10,14,16,85,32,18,50,135
11/08/2001,GUM,GU,AWP,WE,Federal Contract Tower,48,8,0,0,56,0,0,9,1,10,48,8,9,1,66,18,4,22,88
11/09/2001,GUM,GU,AWP,WE,Federal Contract Tower,41,10,0,0,51,0,0,12,0,12,41,10,12,0,63,50,14,64,127
11/10/2001,GUM,GU,AWP,WE,Federal Contract Tower,45,8,0,0,53,0,0,8,2,10,45,8,8,2,63,66,0,66,129
11/11/2001,GUM,GU,AWP,WE,Federal Contract Tower,52,8,1,0,61,0,0,11,0,11,52,8,12,0,72,21,4,25,97
11/12/2001,GUM,GU,AWP,WE,Federal Contract Tower,43,7,2,0,52,0,0,10,0,10,43,7,12,0,62,25,0,25,87
11/13/2001,GUM,GU,AWP,WE,Federal Contract Tower,37,9,4,0,50,0,0,7,8,15,37,9,11,8,65,45,22,67,132
11/14/2001,GUM,GU,AWP,WE,Federal Contract Tower,42,10,0,0,52,0,0,26,6,32,42,10,26,6,84,32,20,52,136
11/15/2001,GUM,GU,AWP,WE,Federal Contract Tower,44,10,0,0,54,0,0,22,0,22,44,10,22,0,76,15,26,41,117
11/16/2001,GUM,GU,AWP,WE,Federal Contract Tower,43,10,2,0,55,0,0,10,18,28,43,10,12,18,83,0,2,2,85
11/17/2001,GUM,GU,AWP,WE,Federal Contract Tower,42,8,0,0,50,0,0,1,0,1,42,8,1,0,51,22,6,28,79
11/18/2001,GUM,GU,AWP,WE,Federal Contract Tower,46,7,0,0,53,0,0,14,0,14,46,7,14,0,67,38,6,44,111
11/19/2001,GUM,GU,AWP,WE,Federal Contract Tower,48,6,0,0,54,0,0,10,0,10,48,6,10,0,64,12,48,60,124
11/20/2001,GUM,GU,AWP,WE,Federal Contract Tower,41,13,0,1,55,0,0,8,19,27,41,13,8,20,82,15,6,21,103
11/21/2001,GUM,GU,AWP,WE,Federal Contract Tower,48,14,0,0,62,0,0,14,4,18,48,14,14,4,80,28,0,28,108
11/22/2001,GUM,GU,AWP,WE,Federal Contract Tower,49,12,1,0,62,0,0,8,0,8,49,12,9,0,70,29,0,29,99
11/23/2001,GUM,GU,AWP,WE,Federal Contract Tower,53,13,1,0,67,0,0,4,0,4,53,13,5,0,71,12,4,16,87
11/24/2001,GUM,GU,AWP,WE,Federal Contract Tower,46,12,0,0,58,0,0,5,0,5,46,12,5,0,63,80,4,84,147
11/25/2001,GUM,GU,AWP,WE,Federal Contract Tower,50,12,0,0,62,0,0,30,0,30,50,12,30,0,92,28,0,28,120
11/26/2001,GUM,GU,AWP,WE,Federal Contract Tower,51,12,0,0,63,0,0,14,7,21,51,12,14,7,84,20,0,20,104
11/27/2001,GUM,GU,AWP,WE,Federal Contract Tower,40,12,16,0,68,0,0,0,4,4,40,12,16,4,72,54,64,118,190
11/28/2001,GUM,GU,AWP,WE,Federal Contract Tower,47,14,0,0,61,0,0,8,8,16,47,14,8,8,77,22,18,40,117
11/29/2001,GUM,GU,AWP,WE,Federal Contract Tower,46,14,0,4,64,0,0,5,5,10,46,14,5,9,74,27,51,78,152
11/30/2001,GUM,GU,AWP,WE,Federal Contract Tower,42,12,3,4,61,0,0,17,18,35,42,12,20,22,96,45,22,67,163
12/01/2001,GUM,GU,AWP,WE,Federal Contract Tower,38,12,1,0,51,0,0,6,0,6,38,12,7,0,57,58,2,60,117
12/02/2001,GUM,GU,AWP,WE,Federal Contract Tower,46,12,0,0,58,0,0,26,0,26,46,12,26,0,84,8,0,8,92
12/03/2001,GUM,GU,AWP,WE,Federal Contract Tower,48,12,0,0,60,0,0,17,2,19,48,12,17,2,79,10,8,18,97
12/04/2001,GUM,GU,AWP,WE,Federal Contract Tower,39,11,0,0,50,0,0,10,2,12,39,11,10,2,62,42,4,46,108
12/05/2001,GUM,GU,AWP,WE,Federal Contract Tower,44,13,0,0,57,0,0,5,1,6,44,13,5,1,63,16,8,24,87
12/06/2001,GUM,GU,AWP,WE,Federal Contract Tower,44,12,0,0,56,0,0,4,2,6,44,12,4,2,62,48,32,80,142
12/07/2001,GUM,GU,AWP,WE,Federal Contract Tower,50,19,7,2,78,0,0,13,0,13,50,19,20,2,91,51,2,53,144
12/08/2001,GUM,GU,AWP,WE,Federal Contract Tower,40,12,0,0,52,0,0,14,0,14,40,12,14,0,66,16,32,48,114
12/09/2001,GUM,GU,AWP,WE,Federal Contract Tower,48,12,0,0,60,0,0,14,0,14,48,12,14,0,74,16,2,18,92
12/10/2001,GUM,GU,AWP,WE,Federal Contract Tower,47,12,0,0,59,0,0,10,24,34,47,12,10,24,93,34,4,38,131
12/11/2001,GUM,GU,AWP,WE,Federal Contract Tower,40,16,0,0,56,0,0,24,14,38,40,16,24,14,94,40,28,68,162
12/12/2001,GUM,GU,AWP,WE,Federal Contract Tower,43,14,0,0,57,0,0,24,2,26,43,14,24,2,83,17,8,25,108
12/13/2001,GUM,GU,AWP,WE,Federal Contract Tower,51,13,0,0,64,0,0,5,0,5,51,13,5,0,69,22,10,32,101
12/14/2001,GUM,GU,AWP,WE,Federal Contract Tower,48,13,0,0,61,0,0,26,0,26,48,13,26,0,87,24,4,28,115
12/15/2001,GUM,GU,AWP,WE,Federal Contract Tower,41,13,1,0,55,0,0,7,4,11,41,13,8,4,66,44,0,44,110
12/16/2001,GUM,GU,AWP,WE,Federal Contract Tower,46,12,1,0,59,0,0,6,0,6,46,12,7,0,65,6,6,12,77
12/17/2001,GUM,GU,AWP,WE,Federal Contract Tower,49,14,1,0,64,0,0,12,7,19,49,14,13,7,83,12,0,12,95
12/18/2001,GUM,GU,AWP,WE,Federal Contract Tower,37,12,0,0,49,0,0,24,8,32,37,12,24,8,81,16,0,16,97
12/19/2001,GUM,GU,AWP,WE,Federal Contract Tower,42,14,0,0,56,0,0,24,0,24,42,14,24,0,80,14,2,16,96
12/20/2001,GUM,GU,AWP,WE,Federal Contract Tower,48,12,2,4,66,0,0,5,0,5,48,12,7,4,71,12,6,18,89
12/21/2001,GUM,GU,AWP,WE,Federal Contract Tower,51,12,1,0,64,0,0,9,0,9,51,12,10,0,73,14,22,36,109
12/22/2001,GUM,GU,AWP,WE,Federal Contract Tower,44,10,0,0,54,0,0,16,0,16,44,10,16,0,70,76,0,76,146
12/23/2001,GUM,GU,AWP,WE,Federal Contract Tower,50,12,0,0,62,0,0,6,0,6,50,12,6,0,68,52,4,56,124
12/24/2001,GUM,GU,AWP,WE,Federal Contract Tower,46,11,1,0,58,0,0,18,0,18,46,11,19,0,76,27,0,27,103
12/25/2001,GUM,GU,AWP,WE,Federal Contract Tower,43,10,1,0,54,0,0,7,0,7,43,10,8,0,61,24,0,24,85
12/26/2001,GUM,GU,AWP,WE,Federal Contract Tower,50,15,2,0,67,0,0,17,0,17,50,15,19,0,84,30,0,30,114
12/27/2001,GUM,GU,AWP,WE,Federal Contract Tower,51,12,2,0,65,0,0,3,0,3,51,12,5,0,68,20,6,26,94
12/28/2001,GUM,GU,AWP,WE,Federal Contract Tower,61,10,11,0,82,0,0,0,0,0,61,10,11,0,82,6,0,6,88
12/29/2001,GUM,GU,AWP,WE,Federal Contract Tower,57,18,20,0,95,0,0,0,0,0,57,18,20,0,95,52,0,52,147
12/30/2001,GUM,GU,AWP,WE,Federal Contract Tower,67,12,0,0,79,0,0,24,0,24,67,12,24,0,103,28,0,28,131
12/31/2001,GUM,GU,AWP,WE,Federal Contract Tower,103,12,0,0,115,0,0,16,0,16,103,12,16,0,131,36,0,36,167
01/01/2002,GUM,GU,AWP,WE,Federal Contract Tower,52,12,2,0,66,1,0,25,0,26,53,12,27,0,92,76,0,76,168
01/02/2002,GUM,GU,AWP,WE,Federal Contract Tower,61,17,0,0,78,0,0,22,10,32,61,17,22,10,110,62,8,70,180
01/03/2002,GUM,GU,AWP,WE,Federal Contract Tower,65,12,0,0,77,0,0,42,6,48,65,12,42,6,125,70,14,84,209
01/04/2002,GUM,GU,AWP,WE,Federal Contract Tower,60,13,0,0,73,0,0,28,2,30,60,13,28,2,103,60,12,72,175
01/05/2002,GUM,GU,AWP,WE,Federal Contract Tower,62,13,0,0,75,0,0,32,0,32,62,13,32,0,107,72,2,74,181
01/06/2002,GUM,GU,AWP,WE,Federal Contract Tower,65,12,0,0,77,0,0,10,0,10,65,12,10,0,87,58,0,58,145
01/07/2002,GUM,GU,AWP,WE,Federal Contract Tower,58,11,0,0,69,0,0,10,0,10,58,11,10,0,79,18,0,18,97
01/08/2002,GUM,GU,AWP,WE,Federal Contract Tower,40,16,0,6,62,0,0,5,0,5,40,16,5,6,67,16,0,16,83
01/09/2002,GUM,GU,AWP,WE,Federal Contract Tower,45,18,0,2,65,0,0,4,0,4,45,18,4,2,69,44,34,78,147
01/10/2002,GUM,GU,AWP,WE,Federal Contract Tower,53,12,4,0,69,0,0,12,0,12,53,12,16,0,81,14,8,22,103
01/11/2002,GUM,GU,AWP,WE,Federal Contract Tower,51,13,0,0,64,0,0,7,10,17,51,13,7,10,81,56,6,62,143
01/12/2002,GUM,GU,AWP,WE,Federal Contract Tower,43,13,0,0,56,0,0,10,1,11,43,13,10,1,67,14,2,16,83
01/13/2002,GUM,GU,AWP,WE,Federal Contract Tower,51,11,0,0,62,0,0,25,0,25,51,11,25,0,87,12,0,12,99
01/14/2002,GUM,GU,AWP,WE,Federal Contract Tower,54,14,1,6,75,0,0,22,16,38,54,14,23,22,113,36,6,42,155
01/15/2002,GUM,GU,AWP,WE,Federal Contract Tower,40,12,3,2,57,0,0,7,0,7,40,12,10,2,64,18,28,46,110
01/16/2002,GUM,GU,AWP,WE,Federal Contract Tower,48,12,3,0,63,0,0,15,4,19,48,12,18,4,82,70,8,78,160
01/17/2002,GUM,GU,AWP,WE,Federal Contract Tower,51,10,1,0,62,0,0,14,0,14,51,10,15,0,76,64,76,140,216
01/18/2002,GUM,GU,AWP,WE,Federal Contract Tower,52,15,7,0,74,0,0,5,2,7,52,15,12,2,81,22,30,52,133
01/19/2002,GUM,GU,AWP,WE,Federal Contract Tower,45,12,1,0,58,0,0,10,0,10,45,12,11,0,68,30,12,42,110
01/20/2002,GUM,GU,AWP,WE,Federal Contract Tower,53,11,0,0,64,0,0,15,2,17,53,11,15,2,81,110,0,110,191
01/21/2002,GUM,GU,AWP,WE,Federal Contract Tower,55,12,0,0,67,0,0,20,0,20,55,12,20,0,87,38,0,38,125
01/22/2002,GUM,GU,AWP,WE,Federal Contract Tower,41,13,2,0,56,0,0,34,10,44,41,13,36,10,100,80,22,102,202
01/23/2002,GUM,GU,AWP,WE,Federal Contract Tower,48,11,7,1,67,0,0,34,13,47,48,11,41,14,114,66,6,72,186
01/24/2002,GUM,GU,AWP,WE,Federal Contract Tower,52,12,13,0,77,0,0,6,0,6,52,12,19,0,83,50,70,120,203
01/25/2002,GUM,GU,AWP,WE,Federal Contract Tower,53,16,1,0,70,0,0,20,0,20,53,16,21,0,90,42,6,48,138
01/26/2002,GUM,GU,AWP,WE,Federal Contract Tower,45,12,2,0,59,0,0,12,0,12,45,12,14,0,71,66,0,66,137
01/27/2002,GUM,GU,AWP,WE,Federal Contract Tower,51,12,0,0,63,0,0,16,6,22,51,12,16,6,85,14,0,14,99
01/28/2002,GUM,GU,AWP,WE,Federal Contract Tower,50,13,3,0,66,0,0,20,10,30,50,13,23,10,96,10,10,20,116
01/29/2002,GUM,GU,AWP,WE,Federal Contract Tower,41,12,0,0,53,0,0,12,4,16,41,12,12,4,69,20,0,20,89
01/30/2002,GUM,GU,AWP,WE,Federal Contract Tower,50,10,15,0,75,0,0,54,0,54,50,10,69,0,129,52,46,98,227
01/31/2002,GUM,GU,AWP,WE,Federal Contract Tower,52,14,1,4,71,0,0,14,0,14,52,14,15,4,85,42,40,82,167
02/01/2002,GUM,GU,AWP,WE,Federal Contract Tower,53,17,0,0,70,0,0,10,2,12,53,17,10,2,82,20,2,22,104
02/02/2002,GUM,GU,AWP,WE,Federal Contract Tower,45,12,0,0,57,0,0,12,0,12,45,12,12,0,69,20,2,22,91
02/03/2002,GUM,GU,AWP,WE,Federal Contract Tower,51,12,1,0,64,0,0,18,0,18,51,12,19,0,82,30,0,30,112
02/04/2002,GUM,GU,AWP,WE,Federal Contract Tower,51,12,9,0,72,0,0,15,0,15,51,12,24,0,87,16,0,16,103
02/05/2002,GUM,GU,AWP,WE,Federal Contract Tower,44,11,5,0,60,0,0,6,12,18,44,11,11,12,78,32,10,42,120
02/06/2002,GUM,GU,AWP,WE,Federal Contract Tower,50,12,0,0,62,0,0,28,0,28,50,12,28,0,90,36,10,46,136
02/07/2002,GUM,GU,AWP,WE,Federal Contract Tower,52,12,3,0,67,0,0,20,0,20,52,12,23,0,87,26,24,50,137
02/08/2002,GUM,GU,AWP,WE,Federal Contract Tower,53,16,8,0,77,0,0,16,2,18,53,16,24,2,95,14,30,44,139
02/09/2002,GUM,GU,AWP,WE,Federal Contract Tower,54,12,4,0,70,0,0,26,4,30,54,12,30,4,100,20,0,20,120
02/10/2002,GUM,GU,AWP,WE,Federal Contract Tower,64,8,5,0,77,0,0,33,0,33,64,8,38,0,110,36,0,36,146
02/11/2002,GUM,GU,AWP,WE,Federal Contract Tower,61,11,0,0,72,0,0,34,16,50,61,11,34,16,122,34,12,46,168
02/12/2002,GUM,GU,AWP,WE,Federal Contract Tower,47,12,12,4,75,0,0,19,14,33,47,12,31,18,108,32,8,40,148
02/13/2002,GUM,GU,AWP,WE,Federal Contract Tower,56,12,2,0,70,0,0,6,0,6,56,12,8,0,76,14,24,38,114
02/14/2002,GUM,GU,AWP,WE,Federal Contract Tower,55,12,1,0,68,0,0,30,6,36,55,12,31,6,104,52,26,78,182
02/15/2002,GUM,GU,AWP,WE,Federal Contract Tower,50,17,1,0,68,0,0,28,20,48,50,17,29,20,116,52,10,62,178
02/16/2002,GUM,GU,AWP,WE,Federal Contract Tower,50,12,3,0,65,0,0,42,0,42,50,12,45,0,107,54,0,54,161
02/17/2002,GUM,GU,AWP,WE,Federal Contract Tower,61,11,0,0,72,0,0,63,0,63,61,11,63,0,135,29,0,29,164
02/18/2002,GUM,GU,AWP,WE,Federal Contract Tower,56,13,1,0,70,0,0,31,3,34,56,13,32,3,104,50,0,50,154
02/19/2002,GUM,GU,AWP,WE,Federal Contract Tower,45,11,10,0,66,0,0,2,0,2,45,11,12,0,68,46,60,106,174
02/20/2002,GUM,GU,AWP,WE,Federal Contract Tower,57,12,2,0,71,0,0,14,16,30,57,12,16,16,101,104,6,110,211
02/21/2002,GUM,GU,AWP,WE,Federal Contract Tower,57,12,1,0,70,0,0,8,0,8,57,12,9,0,78,64,4,68,146
02/22/2002,GUM,GU,AWP,WE,Federal Contract Tower,52,18,1,0,71,0,0,15,0,15,52,18,16,0,86,48,16,64,150
02/23/2002,GUM,GU,AWP,WE,Federal Contract Tower,49,9,1,0,59,0,0,8,0,8,49,9,9,0,67,52,0,52,119
02/24/2002,GUM,GU,AWP,WE,Federal Contract Tower,59,12,3,0,74,0,0,26,0,26,59,12,29,0,100,32,8,40,140
02/25/2002,GUM,GU,AWP,WE,Federal Contract Tower,57,11,4,0,72,0,0,14,0,14,57,11,18,0,86,28,14,42,128
02/26/2002,GUM,GU,AWP,WE,Federal Contract Tower,48,12,1,0,61,0,0,12,0,12,48,12,13,0,73,48,8,56,129
02/27/2002,GUM,GU,AWP,WE,Federal Contract Tower,53,12,2,0,67,0,0,8,4,12,53,12,10,4,79,10,6,16,95
02/28/2002,GUM,GU,AWP,WE,Federal Contract Tower,53,12,0,0,65,0,0,24,0,24,53,12,24,0,89,32,4,36,125
03/01/2002,GUM,GU,AWP,WE,Federal Contract Tower,54,16,10,0,80,0,0,4,4,8,54,16,14,4,88,86,42,128,216
03/02/2002,GUM,GU,AWP,WE,Federal Contract Tower,49,12,0,0,61,0,0,14,0,14,49,12,14,0,75,32,0,32,107
03/03/2002,GUM,GU,AWP,WE,Federal Contract Tower,55,12,3,0,70,0,0,14,0,14,55,12,17,0,84,30,2,32,116
03/04/2002,GUM,GU,AWP,WE,Federal Contract Tower,54,13,0,0,67,0,0,13,1,14,54,13,13,1,81,8,24,32,113
03/05/2002,GUM,GU,AWP,WE,Federal Contract Tower,49,12,0,0,61,0,0,16,0,16,49,12,16,0,77,12,4,16,93
03/06/2002,GUM,GU,AWP,WE,Federal Contract Tower,52,13,0,0,65,0,0,0,10,10,52,13,0,10,75,12,16,28,103
03/07/2002,GUM,GU,AWP,WE,Federal Contract Tower,58,14,1,6,79,0,0,14,12,26,58,14,15,18,105,30,32,62,167
03/08/2002,GUM,GU,AWP,WE,Federal Contract Tower,50,16,0,0,66,0,0,16,0,16,50,16,16,0,82,22,12,34,116
03/09/2002,GUM,GU,AWP,WE,Federal Contract Tower,50,17,0,0,67,0,0,14,0,14,50,17,14,0,81,30,0,30,111
03/10/2002,GUM,GU,AWP,WE,Federal Contract Tower,52,13,0,0,65,0,0,14,0,14,52,13,14,0,79,8,0,8,87
03/11/2002,GUM,GU,AWP,WE,Federal Contract Tower,53,11,1,0,65,0,0,26,10,36,53,11,27,10,101,26,28,54,155
03/12/2002,GUM,GU,AWP,WE,Federal Contract Tower,45,12,1,2,60,0,0,26,8,34,45,12,27,10,94,30,48,78,172
03/13/2002,GUM,GU,AWP,WE,Federal Contract Tower,53,11,0,8,72,0,0,27,16,43,53,11,27,24,115,22,40,62,177
03/14/2002,GUM,GU,AWP,WE,Federal Contract Tower,56,12,0,4,72,0,0,14,2,16,56,12,14,6,88,6,62,68,156
03/15/2002,GUM,GU,AWP,WE,Federal Contract Tower,50,12,3,0,65,0,0,11,4,15,50,12,14,4,80,26,8,34,114
03/16/2002,GUM,GU,AWP,WE,Federal Contract Tower,47,17,0,0,64,0,0,8,0,8,47,17,8,0,72,42,0,42,114
03/17/2002,GUM,GU,AWP,WE,Federal Contract Tower,58,15,1,0,74,0,0,26,0,26,58,15,27,0,100,86,0,86,186
03/18/2002,GUM,GU,AWP,WE,Federal Contract Tower,54,15,4,0,73,0,0,12,0,12,54,15,16,0,85,38,14,52,137
03/19/2002,GUM,GU,AWP,WE,Federal Contract Tower,44,15,0,2,61,0,0,24,0,24,44,15,24,2,85,40,38,78,163
03/20/2002,GUM,GU,AWP,WE,Federal Contract Tower,54,15,2,0,71,0,0,14,8,22,54,15,16,8,93,38,20,58,151
03/21/2002,GUM,GU,AWP,WE,Federal Contract Tower,56,17,2,0,75,0,0,10,0,10,56,17,12,0,85,38,24,62,147
03/22/2002,GUM,GU,AWP,WE,Federal Contract Tower,51,16,0,2,69,0,0,22,26,48,51,16,22,28,117,72,10,82,199
03/23/2002,GUM,GU,AWP,WE,Federal Contract Tower,46,18,0,0,64,0,0,27,0,27,46,18,27,0,91,40,4,44,135
03/24/2002,GUM,GU,AWP,WE,Federal Contract Tower,55,15,0,0,70,0,0,34,0,34,55,15,34,0,104,16,0,16,120
03/25/2002,GUM,GU,AWP,WE,Federal Contract Tower,54,15,1,0,70,0,0,10,0,10,54,15,11,0,80,4,0,4,84
03/26/2002,GUM,GU,AWP,WE,Federal Contract Tower,43,16,0,0,59,0,0,12,0,12,43,16,12,0,71,60,10,70,141
03/27/2002,GUM,GU,AWP,WE,Federal Contract Tower,52,16,0,0,68,0,0,4,2,6,52,16,4,2,74,20,22,42,116
03/28/2002,GUM,GU,AWP,WE,Federal Contract Tower,56,19,0,0,75,0,0,8,0,8,56,19,8,0,83,72,34,106,189
03/29/2002,GUM,GU,AWP,WE,Federal Contract Tower,53,18,13,0,84,0,0,0,0,0,53,18,13,0,84,152,0,152,236
03/30/2002,GUM,GU,AWP,WE,Federal Contract Tower,50,18,0,0,68,0,0,15,0,15,50,18,15,0,83,18,0,18,101
03/31/2002,GUM,GU,AWP,WE,Federal Contract Tower,55,15,2,0,72,0,0,17,0,17,55,15,19,0,89,36,0,36,125
04/01/2002,GUM,GU,AWP,WE,Federal Contract Tower,51,17,0,0,68,1,0,20,14,35,52,17,20,14,103,28,18,46,149
04/02/2002,GUM,GU,AWP,WE,Federal Contract Tower,44,16,0,0,60,1,0,4,0,5,45,16,4,0,65,24,54,78,143
04/03/2002,GUM,GU,AWP,WE,Federal Contract Tower,54,16,1,0,71,0,0,15,0,15,54,16,16,0,86,12,24,36,122
04/04/2002,GUM,GU,AWP,WE,Federal Contract Tower,47,16,0,0,63,1,0,11,0,12,48,16,11,0,75,48,6,54,129
04/05/2002,GUM,GU,AWP,WE,Federal Contract Tower,53,17,0,0,70,0,0,7,2,9,53,17,7,2,79,26,34,60,139
04/06/2002,GUM,GU,AWP,WE,Federal Contract Tower,52,15,0,0,67,0,0,10,5,15,52,15,10,5,82,32,4,36,118
04/07/2002,GUM,GU,AWP,WE,Federal Contract Tower,52,16,0,0,68,1,0,40,0,41,53,16,40,0,109,8,3,11,120
04/08/2002,GUM,GU,AWP,WE,Federal Contract Tower,54,15,1,0,70,0,0,17,0,17,54,15,18,0,87,16,20,36,123
04/09/2002,GUM,GU,AWP,WE,Federal Contract Tower,46,17,9,1,73,0,0,4,0,4,46,17,13,1,77,52,31,83,160
04/10/2002,GUM,GU,AWP,WE,Federal Contract Tower,52,22,0,0,74,1,0,28,0,29,53,22,28,0,103,30,1,31,134
04/11/2002,GUM,GU,AWP,WE,Federal Contract Tower,50,17,0,0,67,1,0,12,0,13,51,17,12,0,80,88,52,140,220
04/12/2002,GUM,GU,AWP,WE,Federal Contract Tower,56,17,0,2,75,0,0,19,4,23,56,17,19,6,98,60,16,76,174
04/13/2002,GUM,GU,AWP,WE,Federal Contract Tower,50,15,0,0,65,0,0,21,0,21,50,15,21,0,86,26,0,26,112
04/14/2002,GUM,GU,AWP,WE,Federal Contract Tower,50,22,0,0,72,0,0,38,0,38,50,22,38,0,110,28,0,28,138
04/15/2002,GUM,GU,AWP,WE,Federal Contract Tower,56,13,0,0,69,0,0,16,24,40,56,13,16,24,109,5,5,10,119
04/16/2002,GUM,GU,AWP,WE,Federal Contract Tower,47,16,8,4,75,0,0,21,32,53,47,16,29,36,128,100,8,108,236
04/17/2002,GUM,GU,AWP,WE,Federal Contract Tower,54,16,0,0,70,0,0,5,24,29,54,16,5,24,99,30,32,62,161
04/18/2002,GUM,GU,AWP,WE,Federal Contract Tower,50,17,2,6,75,0,0,10,22,32,50,17,12,28,107,34,24,58,165
04/19/2002,GUM,GU,AWP,WE,Federal Contract Tower,55,16,0,0,71,0,0,17,2,19,55,16,17,2,90,84,6,90,180
04/20/2002,GUM,GU,AWP,WE,Federal Contract Tower,51,17,2,0,70,0,0,24,0,24,51,17,26,0,94,34,2,36,130
04/21/2002,GUM,GU,AWP,WE,Federal Contract Tower,56,1,13,0,70,0,12,18,2,32,56,13,31,2,102,84,0,84,186
04/22/2002,GUM,GU,AWP,WE,Federal Contract Tower,55,21,0,0,76,0,0,11,24,35,55,21,11,24,111,66,0,66,177
04/23/2002,GUM,GU,AWP,WE,Federal Contract Tower,49,16,0,0,65,0,0,28,40,68,49,16,28,40,133,80,28,108,241
04/24/2002,GUM,GU,AWP,WE,Federal Contract Tower,61,13,1,4,79,0,0,19,40,59,61,13,20,44,138,18,40,58,196
04/25/2002,GUM,GU,AWP,WE,Federal Contract Tower,55,16,0,0,71,0,0,12,0,12,55,16,12,0,83,42,36,78,161
04/26/2002,GUM,GU,AWP,WE,Federal Contract Tower,54,16,3,0,73,0,0,0,32,32,54,16,3,32,105,11,10,21,126
04/27/2002,GUM,GU,AWP,WE,Federal Contract Tower,55,18,0,0,73,0,0,16,0,16,55,18,16,0,89,14,0,14,103
04/28/2002,GUM,GU,AWP,WE,Federal Contract Tower,45,13,4,0,62,0,0,10,0,10,45,13,14,0,72,48,4,52,124
04/29/2002,GUM,GU,AWP,WE,Federal Contract Tower,59,16,0,0,75,0,0,16,2,18,59,16,16,2,93,12,10,22,115
04/30/2002,GUM,GU,AWP,WE,Federal Contract Tower,51,16,2,0,69,0,0,12,6,18,51,16,14,6,87,28,22,50,137
05/01/2002,GUM,GU,AWP,WE,Federal Contract Tower,59,16,8,0,83,0,0,6,10,16,59,16,14,10,99,48,2,50,149
05/02/2002,GUM,GU,AWP,WE,Federal Contract Tower,61,16,1,0,78,0,0,13,0,13,61,16,14,0,91,53,28,81,172
05/03/2002,GUM,GU,AWP,WE,Federal Contract Tower,67,16,9,0,92,0,0,36,2,38,67,16,45,2,130,106,2,108,238
05/04/2002,GUM,GU,AWP,WE,Federal Contract Tower,57,16,12,0,85,0,0,78,0,78,57,16,90,0,163,106,0,106,269
05/05/2002,GUM,GU,AWP,WE,Federal Contract Tower,54,16,4,0,74,0,0,80,0,80,54,16,84,0,154,92,0,92,246
05/06/2002,GUM,GU,AWP,WE,Federal Contract Tower,69,18,0,0,87,0,0,34,6,40,69,18,34,6,127,159,0,159,286
05/07/2002,GUM,GU,AWP,WE,Federal Contract Tower,54,16,0,0,70,0,0,24,8,32,54,16,24,8,102,97,6,103,205
05/08/2002,GUM,GU,AWP,WE,Federal Contract Tower,60,16,7,0,83,0,0,34,12,46,60,16,41,12,129,106,12,118,247
05/09/2002,GUM,GU,AWP,WE,Federal Contract Tower,54,16,10,0,80,0,0,10,12,22,54,16,20,12,102,112,8,120,222
05/10/2002,GUM,GU,AWP,WE,Federal Contract Tower,55,17,10,0,82,0,0,4,2,6,55,17,14,2,88,46,8,54,142
05/11/2002,GUM,GU,AWP,WE,Federal Contract Tower,59,17,0,0,76,0,0,10,0,10,59,17,10,0,86,76,2,78,164
05/12/2002,GUM,GU,AWP,WE,Federal Contract Tower,56,15,3,0,74,0,0,26,0,26,56,15,29,0,100,19,0,19,119
05/13/2002,GUM,GU,AWP,WE,Federal Contract Tower,62,14,1,0,77,0,0,2,24,26,62,14,3,24,103,52,0,52,155
05/14/2002,GUM,GU,AWP,WE,Federal Contract Tower,50,15,2,0,67,0,0,24,30,54,50,15,26,30,121,42,36,78,199
05/15/2002,GUM,GU,AWP,WE,Federal Contract Tower,57,16,8,0,81,0,0,20,8,28,57,16,28,8,109,96,34,130,239
05/16/2002,GUM,GU,AWP,WE,Federal Contract Tower,56,16,4,0,76,0,0,6,0,6,56,16,10,0,82,42,10,52,134
05/17/2002,GUM,GU,AWP,WE,Federal Contract Tower,54,15,2,0,71,0,0,4,4,8,54,15,6,4,79,28,18,46,125
05/18/2002,GUM,GU,AWP,WE,Federal Contract Tower,55,16,0,0,71,0,0,14,2,16,55,16,14,2,87,2,0,2,89
05/19/2002,GUM,GU,AWP,WE,Federal Contract Tower,56,15,3,0,74,0,0,24,0,24,56,15,27,0,98,80,0,80,178
05/20/2002,GUM,GU,AWP,WE,Federal Contract Tower,57,16,0,0,73,0,0,24,10,34,57,16,24,10,107,48,4,52,159
05/21/2002,GUM,GU,AWP,WE,Federal Contract Tower,47,16,8,1,72,0,0,21,1,22,47,16,29,2,94,49,25,74,168
05/22/2002,GUM,GU,AWP,WE,Federal Contract Tower,56,14,0,0,70,0,0,62,2,64,56,14,62,2,134,98,14,112,246
05/23/2002,GUM,GU,AWP,WE,Federal Contract Tower,56,16,13,0,85,0,0,0,10,10,56,16,13,10,95,64,0,64,159
05/24/2002,GUM,GU,AWP,WE,Federal Contract Tower,53,17,0,2,72,0,0,10,2,12,53,17,10,4,84,54,22,76,160
05/25/2002,GUM,GU,AWP,WE,Federal Contract Tower,54,16,1,0,71,0,0,14,0,14,54,16,15,0,85,46,0,46,131
05/26/2002,GUM,GU,AWP,WE,Federal Contract Tower,53,16,3,0,72,0,0,16,1,17,53,16,19,1,89,34,0,34,123
05/27/2002,GUM,GU,AWP,WE,Federal Contract Tower,68,14,2,0,84,0,0,14,0,14,68,14,16,0,98,20,0,20,118
05/28/2002,GUM,GU,AWP,WE,Federal Contract Tower,50,16,0,0,66,0,0,26,14,40,50,16,26,14,106,50,26,76,182
05/29/2002,GUM,GU,AWP,WE,Federal Contract Tower,58,15,0,0,73,0,0,24,0,24,58,15,24,0,97,54,40,94,191
05/30/2002,GUM,GU,AWP,WE,Federal Contract Tower,52,16,0,0,68,0,0,13,0,13,52,16,13,0,81,80,22,102,183
05/31/2002,GUM,GU,AWP,WE,Federal Contract Tower,57,16,1,0,74,0,0,17,0,17,57,16,18,0,91,152,0,152,243
06/01/2002,GUM,GU,AWP,WE,Federal Contract Tower,51,15,1,0,67,0,1,22,0,23,51,16,23,0,90,38,0,38,128
06/02/2002,GUM,GU,AWP,WE,Federal Contract Tower,54,15,3,0,72,0,1,19,0,20,54,16,22,0,92,72,0,72,164
06/03/2002,GUM,GU,AWP,WE,Federal Contract Tower,56,11,1,0,68,0,1,7,0,8,56,12,8,0,76,40,24,64,140
06/04/2002,GUM,GU,AWP,WE,Federal Contract Tower,47,15,1,0,63,0,1,5,12,18,47,16,6,12,81,82,14,96,177
06/05/2002,GUM,GU,AWP,WE,Federal Contract Tower,58,16,1,0,75,0,0,25,10,35,58,16,26,10,110,30,44,74,184
06/06/2002,GUM,GU,AWP,WE,Federal Contract Tower,51,16,5,0,72,0,0,12,24,36,51,16,17,24,108,50,32,82,190
06/07/2002,GUM,GU,AWP,WE,Federal Contract Tower,59,16,2,0,77,0,0,18,3,21,59,16,20,3,98,44,24,68,166
06/08/2002,GUM,GU,AWP,WE,Federal Contract Tower,55,14,1,0,70,0,0,12,0,12,55,14,13,0,82,52,4,56,138
06/09/2002,GUM,GU,AWP,WE,Federal Contract Tower,59,15,9,0,83,0,0,29,0,29,59,15,38,0,112,42,0,42,154
06/10/2002,GUM,GU,AWP,WE,Federal Contract Tower,57,16,2,0,75,0,0,8,10,18,57,16,10,10,93,66,2,68,161
06/11/2002,GUM,GU,AWP,WE,Federal Contract Tower,48,16,0,4,68,0,0,26,2,28,48,16,26,6,96,46,28,74,170
06/12/2002,GUM,GU,AWP,WE,Federal Contract Tower,55,16,0,0,71,0,0,12,0,12,55,16,12,0,83,42,28,70,153
06/13/2002,GUM,GU,AWP,WE,Federal Contract Tower,52,16,1,0,69,0,0,11,0,11,52,16,12,0,80,50,40,90,170
06/14/2002,GUM,GU,AWP,WE,Federal Contract Tower,56,16,0,0,72,0,0,14,0,14,56,16,14,0,86,28,0,28,114
06/15/2002,GUM,GU,AWP,WE,Federal Contract Tower,54,15,1,0,70,0,0,12,0,12,54,15,13,0,82,62,0,62,144
06/16/2002,GUM,GU,AWP,WE,Federal Contract Tower,54,15,0,0,69,4,0,24,0,28,58,15,24,0,97,80,0,80,177
06/17/2002,GUM,GU,AWP,WE,Federal Contract Tower,57,16,0,0,73,0,0,6,10,16,57,16,6,10,89,2,24,26,115
06/18/2002,GUM,GU,AWP,WE,Federal Contract Tower,48,16,0,0,64,0,0,34,0,34,48,16,34,0,98,28,66,94,192
06/19/2002,GUM,GU,AWP,WE,Federal Contract Tower,57,15,0,0,72,0,0,12,4,16,57,15,12,4,88,96,20,116,204
06/20/2002,GUM,GU,AWP,WE,Federal Contract Tower,52,17,4,0,73,0,0,14,18,32,52,17,18,18,105,46,40,86,191
06/21/2002,GUM,GU,AWP,WE,Federal Contract Tower,56,16,1,0,73,0,0,15,0,15,56,16,16,0,88,32,10,42,130
06/22/2002,GUM,GU,AWP,WE,Federal Contract Tower,55,17,1,0,73,0,0,10,0,10,55,17,11,0,83,30,0,30,113
06/23/2002,GUM,GU,AWP,WE,Federal Contract Tower,61,14,0,0,75,0,0,41,0,41,61,14,41,0,116,14,2,16,132
06/24/2002,GUM,GU,AWP,WE,Federal Contract Tower,55,16,0,0,71,0,0,12,8,20,55,16,12,8,91,36,12,48,139
06/25/2002,GUM,GU,AWP,WE,Federal Contract Tower,52,16,1,6,75,0,0,42,8,50,52,16,43,14,125,72,32,104,229
06/26/2002,GUM,GU,AWP,WE,Federal Contract Tower,59,16,1,0,76,0,0,18,0,18,59,16,19,0,94,75,45,120,214
06/27/2002,GUM,GU,AWP,WE,Federal Contract Tower,58,16,0,0,74,0,0,16,0,16,58,16,16,0,90,102,26,128,218
06/28/2002,GUM,GU,AWP,WE,Federal Contract Tower,53,16,0,0,69,0,0,18,2,20,53,16,18,2,89,44,18,62,151
06/29/2002,GUM,GU,AWP,WE,Federal Contract Tower,54,16,1,0,71,0,0,20,0,20,54,16,21,0,91,58,0,58,149
06/30/2002,GUM,GU,AWP,WE,Federal Contract Tower,60,15,0,0,75,0,0,16,8,24,60,15,16,8,99,44,4,48,147
07/01/2002,GUM,GU,AWP,WE,Federal Contract Tower,62,12,0,2,76,0,1,6,16,23,62,13,6,18,99,38,28,66,165
07/02/2002,GUM,GU,AWP,WE,Federal Contract Tower,50,16,7,0,73,0,0,26,32,58,50,16,33,32,131,76,46,122,253
07/03/2002,GUM,GU,AWP,WE,Federal Contract Tower,57,18,0,0,75,0,0,16,12,28,57,18,16,12,103,58,36,94,197
07/04/2002,GUM,GU,AWP,WE,Federal Contract Tower,65,14,0,0,79,0,0,12,0,12,65,14,12,0,91,18,0,18,109
07/05/2002,GUM,GU,AWP,WE,Federal Contract Tower,0,0,0,0,0,0,10,77,2,89,0,10,77,2,89,290,12,302,391
07/06/2002,GUM,GU,AWP,WE,Federal Contract Tower,59,12,0,0,71,0,0,6,4,10,59,12,6,4,81,2,0,2,83
07/07/2002,GUM,GU,AWP,WE,Federal Contract Tower,70,16,0,0,86,0,0,32,12,44,70,16,32,12,130,28,0,28,158
07/08/2002,GUM,GU,AWP,WE,Federal Contract Tower,57,14,1,0,72,0,0,14,4,18,57,14,15,4,90,26,4,30,120
07/09/2002,GUM,GU,AWP,WE,Federal Contract Tower,56,9,7,0,72,0,0,1,0,1,56,9,8,0,73,7,10,17,90
07/10/2002,GUM,GU,AWP,WE,Federal Contract Tower,0,0,0,0,0,0,6,90,0,96,0,6,90,0,96,232,0,232,328
07/11/2002,GUM,GU,AWP,WE,Federal Contract Tower,62,3,4,0,69,0,0,0,0,0,62,3,4,0,69,0,0,0,69
07/12/2002,GUM,GU,AWP,WE,Federal Contract Tower,67,18,1,0,86,0,0,16,0,16,67,18,17,0,102,58,42,100,202
07/13/2002,GUM,GU,AWP,WE,Federal Contract Tower,65,17,0,0,82,0,0,10,12,22,65,17,10,12,104,22,6,28,132
07/14/2002,GUM,GU,AWP,WE,Federal Contract Tower,62,15,0,0,77,0,0,36,0,36,62,15,36,0,113,36,0,36,149
07/15/2002,GUM,GU,AWP,WE,Federal Contract Tower,63,17,0,0,80,0,0,12,16,28,63,17,12,16,108,18,26,44,152
07/16/2002,GUM,GU,AWP,WE,Federal Contract Tower,54,16,0,0,70,0,0,24,0,24,54,16,24,0,94,14,76,90,184
07/17/2002,GUM,GU,AWP,WE,Federal Contract Tower,56,16,1,0,73,0,0,24,20,44,56,16,25,20,117,18,20,38,155
07/18/2002,GUM,GU,AWP,WE,Federal Contract Tower,57,17,2,4,80,0,0,15,6,21,57,17,17,10,101,38,36,74,175
07/19/2002,GUM,GU,AWP,WE,Federal Contract Tower,56,17,1,2,76,0,0,20,4,24,56,17,21,6,100,36,42,78,178
07/20/2002,GUM,GU,AWP,WE,Federal Contract Tower,65,16,1,0,82,0,0,16,0,16,65,16,17,0,98,18,0,18,116
07/21/2002,GUM,GU,AWP,WE,Federal Contract Tower,61,12,1,0,74,0,0,0,0,0,61,12,1,0,74,0,0,0,74
07/22/2002,GUM,GU,AWP,WE,Federal Contract Tower,58,14,1,1,74,2,0,6,13,21,60,14,7,14,95,12,0,12,107
07/23/2002,GUM,GU,AWP,WE,Federal Contract Tower,54,14,0,0,68,0,0,2,2,4,54,14,2,2,72,8,2,10,82
07/24/2002,GUM,GU,AWP,WE,Federal Contract Tower,62,16,1,0,79,0,0,4,18,22,62,16,5,18,101,66,20,86,187
07/25/2002,GUM,GU,AWP,WE,Federal Contract Tower,58,16,1,6,81,0,0,18,4,22,58,16,19,10,103,98,22,120,223
07/26/2002,GUM,GU,AWP,WE,Federal Contract Tower,58,17,0,2,77,0,0,4,0,4,58,17,4,2,81,40,20,60,141
07/27/2002,GUM,GU,AWP,WE,Federal Contract Tower,57,16,0,0,73,0,0,12,0,12,57,16,12,0,85,64,0,64,149
07/28/2002,GUM,GU,AWP,WE,Federal Contract Tower,60,16,5,0,81,0,0,11,0,11,60,16,16,0,92,26,0,26,118
07/29/2002,GUM,GU,AWP,WE,Federal Contract Tower,59,16,1,5,81,0,0,14,30,44,59,16,15,35,125,26,18,44,169
07/30/2002,GUM,GU,AWP,WE,Federal Contract Tower,57,16,8,16,97,0,0,14,0,14,57,16,22,16,111,28,62,90,201
07/31/2002,GUM,GU,AWP,WE,Federal Contract Tower,61,14,1,0,76,0,0,24,0,24,61,14,25,0,100,36,28,64,164
08/01/2002,GUM,GU,AWP,WE,Federal Contract Tower,61,20,0,2,83,0,0,12,2,14,61,20,12,4,97,34,54,88,185
08/02/2002,GUM,GU,AWP,WE,Federal Contract Tower,59,17,0,4,80,0,0,4,2,6,59,17,4,6,86,6,4,10,96
08/03/2002,GUM,GU,AWP,WE,Federal Contract Tower,56,17,0,0,73,0,0,11,0,11,56,17,11,0,84,30,0,30,114
08/04/2002,GUM,GU,AWP,WE,Federal Contract Tower,51,17,2,0,70,0,0,8,0,8,51,17,10,0,78,68,0,68,146
08/05/2002,GUM,GU,AWP,WE,Federal Contract Tower,63,16,1,0,80,1,0,13,0,14,64,16,14,0,94,40,0,40,134
08/06/2002,GUM,GU,AWP,WE,Federal Contract Tower,59,16,3,0,78,0,0,18,2,20,59,16,21,2,98,40,58,98,196
08/07/2002,GUM,GU,AWP,WE,Federal Contract Tower,57,16,2,0,75,0,0,18,0,18,57,16,20,0,93,60,84,144,237
08/08/2002,GUM,GU,AWP,WE,Federal Contract Tower,58,16,0,1,75,0,0,20,8,28,58,16,20,9,103,50,56,106,209
08/09/2002,GUM,GU,AWP,WE,Federal Contract Tower,59,16,0,0,75,0,0,12,2,14,59,16,12,2,89,42,20,62,151
08/10/2002,GUM,GU,AWP,WE,Federal Contract Tower,59,14,2,0,75,0,0,3,6,9,59,14,5,6,84,24,0,24,108
08/11/2002,GUM,GU,AWP,WE,Federal Contract Tower,62,12,4,0,78,0,0,24,0,24,62,12,28,0,102,2,0,2,104
08/12/2002,GUM,GU,AWP,WE,Federal Contract Tower,63,15,0,0,78,0,0,8,32,40,63,15,8,32,118,24,18,42,160
08/13/2002,GUM,GU,AWP,WE,Federal Contract Tower,54,10,0,6,70,0,0,12,0,12,54,10,12,6,82,10,38,48,130
08/14/2002,GUM,GU,AWP,WE,Federal Contract Tower,67,12,0,0,79,0,0,26,6,32,67,12,26,6,111,54,64,118,229
08/15/2002,GUM,GU,AWP,WE,Federal Contract Tower,65,14,0,0,79,0,0,24,24,48,65,14,24,24,127,86,24,110,237
08/16/2002,GUM,GU,AWP,WE,Federal Contract Tower,58,14,1,0,73,0,0,18,8,26,58,14,19,8,99,32,6,38,137
08/17/2002,GUM,GU,AWP,WE,Federal Contract Tower,63,16,0,0,79,0,0,26,0,26,63,16,26,0,105,28,0,28,133
08/18/2002,GUM,GU,AWP,WE,Federal Contract Tower,61,12,4,0,77,0,0,20,0,20,61,12,24,0,97,44,2,46,143
08/19/2002,GUM,GU,AWP,WE,Federal Contract Tower,60,16,1,0,77,0,0,14,20,34,60,16,15,20,111,20,0,20,131
08/20/2002,GUM,GU,AWP,WE,Federal Contract Tower,55,14,4,0,73,0,0,12,14,26,55,14,16,14,99,28,20,48,147
08/21/2002,GUM,GU,AWP,WE,Federal Contract Tower,63,16,6,2,87,0,0,12,6,18,63,16,18,8,105,48,40,88,193
08/22/2002,GUM,GU,AWP,WE,Federal Contract Tower,56,17,8,2,83,0,0,4,12,16,56,17,12,14,99,26,2,28,127
08/23/2002,GUM,GU,AWP,WE,Federal Contract Tower,59,19,1,0,79,0,0,8,0,8,59,19,9,0,87,14,0,14,101
08/24/2002,GUM,GU,AWP,WE,Federal Contract Tower,57,16,0,0,73,0,0,16,2,18,57,16,16,2,91,36,0,36,127
08/25/2002,GUM,GU,AWP,WE,Federal Contract Tower,56,13,1,0,70,0,0,14,0,14,56,13,15,0,84,86,0,86,170
08/26/2002,GUM,GU,AWP,WE,Federal Contract Tower,61,13,1,0,75,0,0,18,6,24,61,13,19,6,99,68,16,84,183
08/27/2002,GUM,GU,AWP,WE,Federal Contract Tower,56,14,2,0,72,0,0,10,6,16,56,14,12,6,88,6,36,42,130
08/28/2002,GUM,GU,AWP,WE,Federal Contract Tower,61,8,1,0,70,0,0,8,8,16,61,8,9,8,86,20,12,32,118
08/29/2002,GUM,GU,AWP,WE,Federal Contract Tower,62,8,1,0,71,0,0,0,0,0,62,8,1,0,71,52,54,106,177
08/30/2002,GUM,GU,AWP,WE,Federal Contract Tower,56,12,3,2,73,0,0,0,0,0,56,12,3,2,73,16,12,28,101
08/31/2002,GUM,GU,AWP,WE,Federal Contract Tower,55,16,0,0,71,0,0,10,0,10,55,16,10,0,81,62,0,62,143
09/01/2002,GUM,GU,AWP,WE,Federal Contract Tower,54,12,2,0,68,0,0,28,0,28,54,12,30,0,96,25,0,25,121
09/02/2002,GUM,GU,AWP,WE,Federal Contract Tower,60,16,2,0,78,0,0,22,0,22,60,16,24,0,100,28,0,28,128
09/03/2002,GUM,GU,AWP,WE,Federal Contract Tower,51,14,0,0,65,0,0,24,0,24,51,14,24,0,89,56,38,94,183
09/04/2002,GUM,GU,AWP,WE,Federal Contract Tower,59,16,9,0,84,0,0,4,0,4,59,16,13,0,88,74,32,106,194
09/05/2002,GUM,GU,AWP,WE,Federal Contract Tower,57,16,7,0,80,0,0,6,0,6,57,16,13,0,86,108,10,118,204
09/06/2002,GUM,GU,AWP,WE,Federal Contract Tower,54,16,9,0,79,0,0,2,6,8,54,16,11,6,87,38,14,52,139
09/07/2002,GUM,GU,AWP,WE,Federal Contract Tower,56,16,2,0,74,0,0,17,0,17,56,16,19,0,91,72,0,72,163
09/08/2002,GUM,GU,AWP,WE,Federal Contract Tower,56,13,2,0,71,0,0,11,0,11,56,13,13,0,82,30,0,30,112
09/09/2002,GUM,GU,AWP,WE,Federal Contract Tower,57,14,0,0,71,0,0,10,19,29,57,14,10,19,100,82,26,108,208
09/10/2002,GUM,GU,AWP,WE,Federal Contract Tower,54,16,1,0,71,0,0,26,10,36,54,16,27,10,107,94,0,94,201
09/11/2002,GUM,GU,AWP,WE,Federal Contract Tower,57,16,0,0,73,0,0,24,0,24,57,16,24,0,97,48,26,74,171
09/12/2002,GUM,GU,AWP,WE,Federal Contract Tower,60,16,0,2,78,0,0,24,6,30,60,16,24,8,108,38,30,68,176
09/13/2002,GUM,GU,AWP,WE,Federal Contract Tower,57,16,1,0,74,0,0,8,0,8,57,16,9,0,82,130,8,138,220
09/14/2002,GUM,GU,AWP,WE,Federal Contract Tower,61,16,0,0,77,0,0,10,20,30,61,16,10,20,107,92,0,92,199
09/15/2002,GUM,GU,AWP,WE,Federal Contract Tower,54,17,0,0,71,0,0,20,0,20,54,17,20,0,91,96,6,102,193
09/16/2002,GUM,GU,AWP,WE,Federal Contract Tower,66,11,0,0,77,0,0,10,0,10,66,11,10,0,87,26,0,26,113
09/17/2002,GUM,GU,AWP,WE,Federal Contract Tower,55,15,1,0,71,0,0,23,6,29,55,15,24,6,100,19,12,31,131
09/18/2002,GUM,GU,AWP,WE,Federal Contract Tower,56,17,1,0,74,0,0,30,12,42,56,17,31,12,116,18,22,40,156
09/19/2002,GUM,GU,AWP,WE,Federal Contract Tower,59,16,3,0,78,0,0,14,0,14,59,16,17,0,92,26,8,34,126
09/20/2002,GUM,GU,AWP,WE,Federal Contract Tower,59,18,0,2,79,0,0,0,0,0,59,18,0,2,79,0,4,4,83
09/21/2002,GUM,GU,AWP,WE,Federal Contract Tower,61,16,4,0,81,0,0,8,10,18,61,16,12,10,99,106,12,118,217
09/22/2002,GUM,GU,AWP,WE,Federal Contract Tower,56,16,8,0,80,0,0,54,30,84,56,16,62,30,164,78,6,84,248
09/23/2002,GUM,GU,AWP,WE,Federal Contract Tower,62,14,13,0,89,0,0,18,12,30,62,14,31,12,119,24,4,28,147
09/24/2002,GUM,GU,AWP,WE,Federal Contract Tower,51,16,5,0,72,0,0,46,4,50,51,16,51,4,122,26,0,26,148
09/25/2002,GUM,GU,AWP,WE,Federal Contract Tower,55,14,6,0,75,0,0,20,0,20,55,14,26,0,95,90,10,100,195
09/26/2002,GUM,GU,AWP,WE,Federal Contract Tower,61,12,4,0,77,0,0,0,0,0,61,12,4,0,77,24,6,30,107
09/27/2002,GUM,GU,AWP,WE,Federal Contract Tower,56,18,14,0,88,0,0,2,0,2,56,18,16,0,90,90,14,104,194
09/28/2002,GUM,GU,AWP,WE,Federal Contract Tower,53,16,0,0,69,0,0,10,0,10,53,16,10,0,79,126,6,132,211
09/29/2002,GUM,GU,AWP,WE,Federal Contract Tower,56,15,2,0,73,0,0,24,0,24,56,15,26,0,97,54,0,54,151
09/30/2002,GUM,GU,AWP,WE,Federal Contract Tower,60,13,6,0,79,0,0,9,0,9,60,13,15,0,88,46,0,46,134
10/01/2002,GUM,GU,AWP,WE,Federal Contract Tower,49,16,6,0,71,1,0,15,14,30,50,16,21,14,101,72,10,82,183
10/02/2002,GUM,GU,AWP,WE,Federal Contract Tower,53,15,1,0,69,0,1,15,28,44,53,16,16,28,113,38,30,68,181
10/03/2002,GUM,GU,AWP,WE,Federal Contract Tower,56,16,0,0,72,0,0,13,4,17,56,16,13,4,89,54,8,62,151
10/04/2002,GUM,GU,AWP,WE,Federal Contract Tower,55,16,2,0,73,0,0,13,2,15,55,16,15,2,88,58,0,58,146
10/05/2002,GUM,GU,AWP,WE,Federal Contract Tower,52,16,0,0,68,0,0,24,0,24,52,16,24,0,92,22,0,22,114
10/06/2002,GUM,GU,AWP,WE,Federal Contract Tower,63,15,2,0,80,0,0,31,0,31,63,15,33,0,111,38,0,38,149
10/07/2002,GUM,GU,AWP,WE,Federal Contract Tower,57,15,3,0,75,0,0,7,18,25,57,15,10,18,100,0,32,32,132
10/08/2002,GUM,GU,AWP,WE,Federal Contract Tower,51,16,0,6,73,0,0,14,12,26,51,16,14,18,99,26,72,98,197
10/09/2002,GUM,GU,AWP,WE,Federal Contract Tower,55,16,2,0,73,0,0,10,0,10,55,16,12,0,83,64,16,80,163
10/10/2002,GUM,GU,AWP,WE,Federal Contract Tower,58,17,0,4,79,0,0,14,10,24,58,17,14,14,103,12,48,60,163
10/11/2002,GUM,GU,AWP,WE,Federal Contract Tower,53,19,9,0,81,0,0,2,4,6,53,19,11,4,87,50,20,70,157
10/12/2002,GUM,GU,AWP,WE,Federal Contract Tower,56,14,0,0,70,0,0,16,0,16,56,14,16,0,86,64,0,64,150
10/13/2002,GUM,GU,AWP,WE,Federal Contract Tower,55,17,5,0,77,0,0,17,4,21,55,17,22,4,98,66,2,68,166
10/14/2002,GUM,GU,AWP,WE,Federal Contract Tower,63,17,6,0,86,0,0,36,2,38,63,17,42,2,124,68,0,68,192
10/15/2002,GUM,GU,AWP,WE,Federal Contract Tower,49,16,8,4,77,0,0,36,6,42,49,16,44,10,119,72,22,94,213
10/16/2002,GUM,GU,AWP,WE,Federal Contract Tower,54,16,9,0,79,0,0,7,10,17,54,16,16,10,96,87,130,217,313
10/17/2002,GUM,GU,AWP,WE,Federal Contract Tower,58,16,4,0,78,0,0,9,20,29,58,16,13,20,107,47,22,69,176
10/18/2002,GUM,GU,AWP,WE,Federal Contract Tower,54,13,2,0,69,0,0,26,10,36,54,13,28,10,105,24,0,24,129
10/19/2002,GUM,GU,AWP,WE,Federal Contract Tower,53,13,4,0,70,0,0,2,0,2,53,13,6,0,72,22,2,24,96
10/20/2002,GUM,GU,AWP,WE,Federal Contract Tower,54,11,1,0,66,0,0,0,0,0,54,11,1,0,66,0,0,0,66
10/21/2002,GUM,GU,AWP,WE,Federal Contract Tower,58,12,0,0,70,0,0,4,25,29,58,12,4,25,99,20,0,20,119
10/22/2002,GUM,GU,AWP,WE,Federal Contract Tower,51,12,2,0,65,0,0,20,7,27,51,12,22,7,92,32,58,90,182
10/23/2002,GUM,GU,AWP,WE,Federal Contract Tower,57,11,0,0,68,0,0,12,8,20,57,11,12,8,88,16,14,30,118
10/24/2002,GUM,GU,AWP,WE,Federal Contract Tower,58,12,2,0,72,0,0,14,18,32,58,12,16,18,104,42,8,50,154
10/25/2002,GUM,GU,AWP,WE,Federal Contract Tower,54,11,3,0,68,0,0,12,0,12,54,11,15,0,80,34,0,34,114
10/26/2002,GUM,GU,AWP,WE,Federal Contract Tower,55,12,1,0,68,0,0,5,0,5,55,12,6,0,73,8,2,10,83
10/27/2002,GUM,GU,AWP,WE,Federal Contract Tower,54,12,2,0,68,0,0,22,48,70,54,12,24,48,138,18,2,20,158
10/28/2002,GUM,GU,AWP,WE,Federal Contract Tower,60,11,0,4,75,0,0,10,48,58,60,11,10,52,133,38,4,42,175
10/29/2002,GUM,GU,AWP,WE,Federal Contract Tower,48,13,1,0,62,0,0,14,12,26,48,13,15,12,88,54,34,88,176
10/30/2002,GUM,GU,AWP,WE,Federal Contract Tower,55,15,0,0,70,0,0,14,12,26,55,15,14,12,96,24,4,28,124
11/01/2002,GUM,GU,AWP,WE,Federal Contract Tower,55,18,4,0,77,0,0,8,0,8,55,18,12,0,85,56,14,70,155
11/02/2002,GUM,GU,AWP,WE,Federal Contract Tower,62,14,2,0,78,0,0,7,6,13,62,14,9,6,91,74,2,76,167
11/03/2002,GUM,GU,AWP,WE,Federal Contract Tower,52,17,2,0,71,0,0,8,17,25,52,17,10,17,96,114,0,114,210
11/04/2002,GUM,GU,AWP,WE,Federal Contract Tower,61,16,2,0,79,0,0,22,16,38,61,16,24,16,117,56,2,58,175
11/05/2002,GUM,GU,AWP,WE,Federal Contract Tower,51,16,0,0,67,0,0,10,0,10,51,16,10,0,77,40,0,40,117
11/06/2002,GUM,GU,AWP,WE,Federal Contract Tower,54,16,0,0,70,0,0,22,32,54,54,16,22,32,124,34,26,60,184
11/07/2002,GUM,GU,AWP,WE,Federal Contract Tower,56,16,4,0,76,0,0,12,10,22,56,16,16,10,98,62,16,78,176
11/08/2002,GUM,GU,AWP,WE,Federal Contract Tower,53,16,4,0,73,0,0,16,0,16,53,16,20,0,89,42,16,58,147
11/09/2002,GUM,GU,AWP,WE,Federal Contract Tower,54,15,0,0,69,0,0,4,0,4,54,15,4,0,73,22,0,22,95
11/10/2002,GUM,GU,AWP,WE,Federal Contract Tower,54,17,6,0,77,0,0,18,0,18,54,17,24,0,95,16,0,16,111
11/11/2002,GUM,GU,AWP,WE,Federal Contract Tower,60,15,1,0,76,0,0,4,2,6,60,15,5,2,82,44,0,44,126
11/12/2002,GUM,GU,AWP,WE,Federal Contract Tower,47,16,3,0,66,0,0,19,0,19,47,16,22,0,85,20,6,26,111
11/13/2002,GUM,GU,AWP,WE,Federal Contract Tower,54,16,0,0,70,0,0,24,16,40,54,16,24,16,110,24,18,42,152
11/14/2002,GUM,GU,AWP,WE,Federal Contract Tower,58,16,4,4,82,0,0,13,14,27,58,16,17,18,109,70,20,90,199
11/15/2002,GUM,GU,AWP,WE,Federal Contract Tower,56,16,14,0,86,0,0,8,4,12,56,16,22,4,98,26,40,66,164
11/16/2002,GUM,GU,AWP,WE,Federal Contract Tower,57,15,2,0,74,0,0,12,36,48,57,15,14,36,122,60,58,118,240
11/17/2002,GUM,GU,AWP,WE,Federal Contract Tower,56,16,1,0,73,0,0,16,0,16,56,16,17,0,89,70,0,70,159
11/18/2002,GUM,GU,AWP,WE,Federal Contract Tower,57,15,4,0,76,0,0,10,0,10,57,15,14,0,86,24,2,26,112
11/19/2002,GUM,GU,AWP,WE,Federal Contract Tower,49,16,0,0,65,0,0,18,0,18,49,16,18,0,83,10,16,26,109
11/20/2002,GUM,GU,AWP,WE,Federal Contract Tower,53,14,2,0,69,0,0,0,2,2,53,14,2,2,71,9,0,9,80
11/21/2002,GUM,GU,AWP,WE,Federal Contract Tower,56,17,0,0,73,0,0,0,0,0,56,17,0,0,73,6,0,6,79
11/22/2002,GUM,GU,AWP,WE,Federal Contract Tower,55,14,0,0,69,0,0,2,14,16,55,14,2,14,85,8,2,10,95
11/23/2002,GUM,GU,AWP,WE,Federal Contract Tower,56,16,2,0,74,0,0,8,14,22,56,16,10,14,96,76,0,76,172
11/24/2002,GUM,GU,AWP,WE,Federal Contract Tower,56,16,3,0,75,0,0,30,0,30,56,16,33,0,105,86,0,86,191
11/25/2002,GUM,GU,AWP,WE,Federal Contract Tower,60,17,2,1,80,0,0,8,8,16,60,17,10,9,96,34,0,34,130
11/26/2002,GUM,GU,AWP,WE,Federal Contract Tower,50,16,0,0,66,0,0,20,0,20,50,16,20,0,86,66,16,82,168
11/27/2002,GUM,GU,AWP,WE,Federal Contract Tower,53,16,3,0,72,0,0,18,0,18,53,16,21,0,90,56,0,56,146
11/28/2002,GUM,GU,AWP,WE,Federal Contract Tower,56,16,1,0,73,0,0,10,0,10,56,16,11,0,83,64,0,64,147
11/29/2002,GUM,GU,AWP,WE,Federal Contract Tower,54,15,2,0,71,0,0,9,0,9,54,15,11,0,80,70,0,70,150
11/30/2002,GUM,GU,AWP,WE,Federal Contract Tower,53,16,3,0,72,0,0,8,0,8,53,16,11,0,80,36,4,40,120
12/01/2002,GUM,GU,AWP,WE,Federal Contract Tower,53,18,2,0,73,0,1,22,0,23,53,19,24,0,96,30,0,30,126
12/02/2002,GUM,GU,AWP,WE,Federal Contract Tower,57,16,2,2,77,0,1,36,21,58,57,17,38,23,135,20,6,26,161
12/03/2002,GUM,GU,AWP,WE,Federal Contract Tower,50,15,1,2,68,0,1,10,2,13,50,16,11,4,81,12,10,22,103
12/04/2002,GUM,GU,AWP,WE,Federal Contract Tower,60,15,2,0,77,0,1,24,10,35,60,16,26,10,112,34,18,52,164
12/05/2002,GUM,GU,AWP,WE,Federal Contract Tower,55,13,11,0,79,0,1,30,6,37,55,14,41,6,116,20,14,34,150
12/06/2002,GUM,GU,AWP,WE,Federal Contract Tower,58,13,0,0,71,0,1,14,0,15,58,14,14,0,86,14,0,14,100
12/07/2002,GUM,GU,AWP,WE,Federal Contract Tower,61,3,0,0,64,0,1,8,0,9,61,4,8,0,73,2,0,2,75
12/10/2002,GUM,GU,AWP,WE,Federal Contract Tower,17,0,0,0,17,0,0,1,0,1,17,0,1,0,18,1,2,3,21
12/11/2002,GUM,GU,AWP,WE,Federal Contract Tower,65,6,1,1,73,7,0,0,8,15,72,6,1,9,88,0,0,0,88
12/12/2002,GUM,GU,AWP,WE,Federal Contract Tower,57,8,0,1,66,0,1,17,47,65,57,9,17,48,131,26,0,26,157
12/13/2002,GUM,GU,AWP,WE,Federal Contract Tower,40,9,0,1,50,0,1,4,7,12,40,10,4,8,62,32,34,66,128
12/14/2002,GUM,GU,AWP,WE,Federal Contract Tower,33,10,0,0,43,0,0,0,4,4,33,10,0,4,47,0,0,0,47
12/15/2002,GUM,GU,AWP,WE,Federal Contract Tower,36,10,1,0,47,0,0,0,0,0,36,10,1,0,47,0,0,0,47
12/16/2002,GUM,GU,AWP,WE,Federal Contract Tower,38,11,0,0,49,0,0,5,8,13,38,11,5,8,62,2,42,44,106
12/17/2002,GUM,GU,AWP,WE,Federal Contract Tower,26,12,0,0,38,0,0,1,24,25,26,12,1,24,63,0,54,54,117
12/18/2002,GUM,GU,AWP,WE,Federal Contract Tower,36,9,0,0,45,0,0,0,28,28,36,9,0,28,73,0,20,20,93
12/19/2002,GUM,GU,AWP,WE,Federal Contract Tower,36,10,1,0,47,0,0,2,16,18,36,10,3,16,65,4,42,46,111
12/20/2002,GUM,GU,AWP,WE,Federal Contract Tower,40,10,1,0,51,0,0,5,0,5,40,10,6,0,56,18,0,18,74
12/21/2002,GUM,GU,AWP,WE,Federal Contract Tower,33,13,0,0,46,0,0,1,0,1,33,13,1,0,47,0,0,0,47
12/22/2002,GUM,GU,AWP,WE,Federal Contract Tower,47,13,0,0,60,0,0,5,0,5,47,13,5,0,65,8,0,8,73
12/23/2002,GUM,GU,AWP,WE,Federal Contract Tower,44,11,0,0,55,0,0,7,2,9,44,11,7,2,64,8,0,8,72
12/24/2002,GUM,GU,AWP,WE,Federal Contract Tower,39,12,1,0,52,0,0,18,0,18,39,12,19,0,70,34,0,34,104
12/25/2002,GUM,GU,AWP,WE,Federal Contract Tower,43,11,1,0,55,0,0,2,0,2,43,11,3,0,57,0,0,0,57
12/26/2002,GUM,GU,AWP,WE,Federal Contract Tower,47,14,0,0,61,0,0,0,2,2,47,14,0,2,63,2,16,18,81
12/27/2002,GUM,GU,AWP,WE,Federal Contract Tower,49,16,0,0,65,0,0,0,4,4,49,16,0,4,69,10,28,38,107
12/28/2002,GUM,GU,AWP,WE,Federal Contract Tower,52,15,0,0,67,0,0,6,0,6,52,15,6,0,73,6,0,6,79
12/29/2002,GUM,GU,AWP,WE,Federal Contract Tower,58,9,0,0,67,0,0,16,0,16,58,9,16,0,83,0,0,0,83
12/30/2002,GUM,GU,AWP,WE,Federal Contract Tower,55,15,1,0,71,0,0,8,32,40,55,15,9,32,111,16,0,16,127
12/31/2002,GUM,GU,AWP,WE,Federal Contract Tower,53,12,0,0,65,0,0,20,0,20,53,12,20,0,85,44,0,44,129
01/01/2003,GUM,GU,AWP,WE,Federal Contract Tower,54,12,1,0,67,0,0,21,0,21,54,12,22,0,88,12,2,14,102
01/02/2003,GUM,GU,AWP,WE,Federal Contract Tower,61,12,0,0,73,0,0,12,28,40,61,12,12,28,113,34,2,36,149
01/03/2003,GUM,GU,AWP,WE,Federal Contract Tower,58,12,0,0,70,0,0,6,0,6,58,12,6,0,76,30,32,62,138
01/04/2003,GUM,GU,AWP,WE,Federal Contract Tower,56,14,3,0,73,0,0,4,0,4,56,14,7,0,77,14,0,14,91
01/05/2003,GUM,GU,AWP,WE,Federal Contract Tower,52,11,1,0,64,0,0,30,0,30,52,11,31,0,94,58,2,60,154
01/06/2003,GUM,GU,AWP,WE,Federal Contract Tower,54,12,0,0,66,0,0,10,14,24,54,12,10,14,90,58,26,84,174
01/07/2003,GUM,GU,AWP,WE,Federal Contract Tower,45,12,3,0,60,0,0,14,0,14,45,12,17,0,74,72,86,158,232
01/08/2003,GUM,GU,AWP,WE,Federal Contract Tower,42,12,0,0,54,0,0,14,12,26,42,12,14,12,80,26,24,50,130
01/09/2003,GUM,GU,AWP,WE,Federal Contract Tower,54,11,0,0,65,0,0,14,20,34,54,11,14,20,99,36,24,60,159
01/10/2003,GUM,GU,AWP,WE,Federal Contract Tower,53,12,0,0,65,0,0,3,0,3,53,12,3,0,68,10,8,18,86
01/11/2003,GUM,GU,AWP,WE,Federal Contract Tower,45,11,0,0,56,0,0,10,0,10,45,11,10,0,66,56,0,56,122
01/12/2003,GUM,GU,AWP,WE,Federal Contract Tower,52,10,2,0,64,0,0,22,1,23,52,10,24,1,87,26,0,26,113
01/13/2003,GUM,GU,AWP,WE,Federal Contract Tower,52,11,1,0,64,0,0,2,42,44,52,11,3,42,108,22,6,28,136
01/14/2003,GUM,GU,AWP,WE,Federal Contract Tower,42,12,1,0,55,0,0,5,0,5,42,12,6,0,60,20,22,42,102
01/15/2003,GUM,GU,AWP,WE,Federal Contract Tower,42,12,1,0,55,0,0,2,10,12,42,12,3,10,67,14,24,38,105
01/16/2003,GUM,GU,AWP,WE,Federal Contract Tower,55,12,2,0,69,0,1,13,44,58,55,13,15,44,127,20,4,24,151
01/17/2003,GUM,GU,AWP,WE,Federal Contract Tower,53,14,1,0,68,0,2,12,12,26,53,16,13,12,94,8,2,10,104
01/18/2003,GUM,GU,AWP,WE,Federal Contract Tower,42,4,1,0,47,0,0,2,0,2,42,4,3,0,49,2,0,2,51
01/19/2003,GUM,GU,AWP,WE,Federal Contract Tower,57,6,0,0,63,0,0,18,0,18,57,6,18,0,81,10,0,10,91
01/20/2003,GUM,GU,AWP,WE,Federal Contract Tower,52,12,0,0,64,0,0,8,0,8,52,12,8,0,72,22,2,24,96
01/21/2003,GUM,GU,AWP,WE,Federal Contract Tower,38,12,1,0,51,0,0,4,12,16,38,12,5,12,67,18,16,34,101
01/22/2003,GUM,GU,AWP,WE,Federal Contract Tower,45,12,1,0,58,0,0,19,20,39,45,12,20,20,97,14,10,24,121
01/23/2003,GUM,GU,AWP,WE,Federal Contract Tower,51,12,1,0,64,0,0,15,2,17,51,12,16,2,81,12,22,34,115
01/24/2003,GUM,GU,AWP,WE,Federal Contract Tower,53,14,5,0,72,0,0,13,14,27,53,14,18,14,99,0,6,6,105
01/25/2003,GUM,GU,AWP,WE,Federal Contract Tower,46,13,0,0,59,0,0,34,0,34,46,13,34,0,93,46,0,46,139
01/26/2003,GUM,GU,AWP,WE,Federal Contract Tower,56,13,3,0,72,0,0,26,0,26,56,13,29,0,98,0,0,0,98
01/27/2003,GUM,GU,AWP,WE,Federal Contract Tower,54,11,2,0,67,0,0,6,3,9,54,11,8,3,76,2,0,2,78
01/28/2003,GUM,GU,AWP,WE,Federal Contract Tower,49,13,2,0,64,0,0,11,4,15,49,13,13,4,79,10,98,108,187
01/29/2003,GUM,GU,AWP,WE,Federal Contract Tower,50,12,4,0,66,0,0,22,50,72,50,12,26,50,138,0,8,8,146
01/30/2003,GUM,GU,AWP,WE,Federal Contract Tower,54,12,1,0,67,0,0,21,16,37,54,12,22,16,104,14,22,36,140
01/31/2003,GUM,GU,AWP,WE,Federal Contract Tower,54,15,3,0,72,0,0,0,8,8,54,15,3,8,80,16,18,34,114
02/01/2003,GUM,GU,AWP,WE,Federal Contract Tower,49,12,0,0,61,0,1,14,0,15,49,13,14,0,76,24,0,24,100
02/02/2003,GUM,GU,AWP,WE,Federal Contract Tower,57,12,0,0,69,0,0,22,1,23,57,12,22,1,92,21,0,21,113
02/03/2003,GUM,GU,AWP,WE,Federal Contract Tower,56,12,10,0,78,0,0,6,18,24,56,12,16,18,102,10,17,27,129
02/04/2003,GUM,GU,AWP,WE,Federal Contract Tower,47,13,12,0,72,0,0,13,2,15,47,13,25,2,87,56,74,130,217
02/05/2003,GUM,GU,AWP,WE,Federal Contract Tower,49,13,4,0,66,0,0,15,30,45,49,13,19,30,111,34,28,62,173
02/06/2003,GUM,GU,AWP,WE,Federal Contract Tower,58,20,2,4,84,0,0,9,42,51,58,20,11,46,135,32,16,48,183
02/07/2003,GUM,GU,AWP,WE,Federal Contract Tower,54,10,3,0,67,0,1,10,2,13,54,11,13,2,80,30,0,30,110
02/08/2003,GUM,GU,AWP,WE,Federal Contract Tower,57,12,0,0,69,0,0,6,0,6,57,12,6,0,75,8,0,8,83
02/09/2003,GUM,GU,AWP,WE,Federal Contract Tower,52,12,6,0,70,0,0,38,0,38,52,12,44,0,108,32,2,34,142
02/10/2003,GUM,GU,AWP,WE,Federal Contract Tower,56,11,2,0,69,0,0,24,34,58,56,11,26,34,127,48,2,50,177
02/11/2003,GUM,GU,AWP,WE,Federal Contract Tower,52,11,1,2,66,0,0,32,14,46,52,11,33,16,112,56,28,84,196
02/12/2003,GUM,GU,AWP,WE,Federal Contract Tower,53,11,1,0,65,0,0,34,54,88,53,11,35,54,153,32,36,68,221
02/13/2003,GUM,GU,AWP,WE,Federal Contract Tower,56,12,1,8,77,0,2,17,2,21,56,14,18,10,98,32,64,96,194
02/14/2003,GUM,GU,AWP,WE,Federal Contract Tower,51,13,1,0,65,0,1,19,24,44,51,14,20,24,109,28,22,50,159
02/15/2003,GUM,GU,AWP,WE,Federal Contract Tower,47,12,6,0,65,0,0,5,0,5,47,12,11,0,70,36,0,36,106
02/16/2003,GUM,GU,AWP,WE,Federal Contract Tower,57,11,9,0,77,0,0,20,0,20,57,11,29,0,97,6,0,6,103
02/17/2003,GUM,GU,AWP,WE,Federal Contract Tower,56,10,6,0,72,0,0,16,2,18,56,10,22,2,90,10,0,10,100
02/18/2003,GUM,GU,AWP,WE,Federal Contract Tower,45,12,0,0,57,0,0,29,58,87,45,12,29,58,144,32,72,104,248
02/19/2003,GUM,GU,AWP,WE,Federal Contract Tower,50,12,5,0,67,0,0,28,24,52,50,12,33,24,119,26,30,56,175
02/20/2003,GUM,GU,AWP,WE,Federal Contract Tower,54,12,0,10,76,0,0,14,8,22,54,12,14,18,98,70,14,84,182
02/21/2003,GUM,GU,AWP,WE,Federal Contract Tower,54,12,0,0,66,0,0,7,2,9,54,12,7,2,75,24,12,36,111
02/22/2003,GUM,GU,AWP,WE,Federal Contract Tower,50,12,1,0,63,0,0,16,0,16,50,12,17,0,79,75,0,75,154
02/23/2003,GUM,GU,AWP,WE,Federal Contract Tower,53,10,6,0,69,0,0,12,3,15,53,10,18,3,84,23,6,29,113
02/24/2003,GUM,GU,AWP,WE,Federal Contract Tower,56,13,1,2,72,0,0,16,28,44,56,13,17,30,116,10,0,10,126
02/25/2003,GUM,GU,AWP,WE,Federal Contract Tower,47,12,0,4,63,0,0,12,6,18,47,12,12,10,81,28,14,42,123
02/26/2003,GUM,GU,AWP,WE,Federal Contract Tower,50,12,0,0,62,0,0,37,18,55,50,12,37,18,117,20,28,48,165
02/27/2003,GUM,GU,AWP,WE,Federal Contract Tower,57,12,0,0,69,0,0,9,18,27,57,12,9,18,96,34,80,114,210
02/28/2003,GUM,GU,AWP,WE,Federal Contract Tower,56,12,4,2,74,0,0,9,0,9,56,12,13,2,83,24,0,24,107
03/01/2003,GUM,GU,AWP,WE,Federal Contract Tower,49,12,0,0,61,0,0,13,2,15,49,12,13,2,76,18,0,18,94
03/02/2003,GUM,GU,AWP,WE,Federal Contract Tower,53,12,0,0,65,0,0,22,0,22,53,12,22,0,87,13,0,13,100
03/03/2003,GUM,GU,AWP,WE,Federal Contract Tower,56,13,2,3,74,0,0,10,32,42,56,13,12,35,116,33,26,59,175
03/04/2003,GUM,GU,AWP,WE,Federal Contract Tower,43,12,2,5,62,0,0,16,38,54,43,12,18,43,116,4,32,36,152
03/05/2003,GUM,GU,AWP,WE,Federal Contract Tower,48,12,4,0,64,0,0,10,22,32,48,12,14,22,96,16,12,28,124
03/06/2003,GUM,GU,AWP,WE,Federal Contract Tower,56,12,1,0,69,0,2,12,18,32,56,14,13,18,101,34,68,102,203
03/07/2003,GUM,GU,AWP,WE,Federal Contract Tower,52,12,0,2,66,0,1,6,8,15,52,13,6,10,81,12,12,24,105
03/08/2003,GUM,GU,AWP,WE,Federal Contract Tower,52,12,0,0,64,0,0,6,0,6,52,12,6,0,70,10,0,10,80
03/09/2003,GUM,GU,AWP,WE,Federal Contract Tower,57,10,0,0,67,0,0,31,0,31,57,10,31,0,98,62,0,62,160
03/10/2003,GUM,GU,AWP,WE,Federal Contract Tower,55,11,0,3,69,0,0,15,12,27,55,11,15,15,96,28,58,86,182
03/11/2003,GUM,GU,AWP,WE,Federal Contract Tower,45,12,2,8,67,0,0,5,4,9,45,12,7,12,76,18,26,44,120
03/12/2003,GUM,GU,AWP,WE,Federal Contract Tower,54,13,1,0,68,0,0,8,16,24,54,13,9,16,92,8,68,76,168
03/13/2003,GUM,GU,AWP,WE,Federal Contract Tower,56,12,0,2,70,0,0,14,10,24,56,12,14,12,94,42,18,60,154
03/14/2003,GUM,GU,AWP,WE,Federal Contract Tower,56,13,0,4,73,0,0,6,8,14,56,13,6,12,87,52,10,62,149
03/15/2003,GUM,GU,AWP,WE,Federal Contract Tower,54,12,5,0,71,0,0,2,0,2,54,12,7,0,73,26,0,26,99
03/16/2003,GUM,GU,AWP,WE,Federal Contract Tower,56,14,1,0,71,0,0,29,2,31,56,14,30,2,102,32,0,32,134
03/17/2003,GUM,GU,AWP,WE,Federal Contract Tower,56,12,6,1,75,0,0,16,18,34,56,12,22,19,109,26,16,42,151
03/18/2003,GUM,GU,AWP,WE,Federal Contract Tower,51,12,0,0,63,0,0,16,20,36,51,12,16,20,99,32,21,53,152
03/19/2003,GUM,GU,AWP,WE,Federal Contract Tower,54,12,0,0,66,0,0,3,14,17,54,12,3,14,83,60,28,88,171
03/20/2003,GUM,GU,AWP,WE,Federal Contract Tower,57,17,6,2,82,0,0,0,2,2,57,17,6,4,84,48,12,60,144
03/21/2003,GUM,GU,AWP,WE,Federal Contract Tower,52,12,3,8,75,0,0,18,10,28,52,12,21,18,103,40,16,56,159
03/22/2003,GUM,GU,AWP,WE,Federal Contract Tower,51,12,8,0,71,0,0,21,0,21,51,12,29,0,92,172,0,172,264
03/23/2003,GUM,GU,AWP,WE,Federal Contract Tower,57,11,2,0,70,0,0,26,2,28,57,11,28,2,98,52,0,52,150
03/24/2003,GUM,GU,AWP,WE,Federal Contract Tower,53,12,0,1,66,0,0,18,4,22,53,12,18,5,88,46,62,108,196
03/25/2003,GUM,GU,AWP,WE,Federal Contract Tower,50,12,0,2,64,0,0,14,28,42,50,12,14,30,106,56,18,74,180
03/26/2003,GUM,GU,AWP,WE,Federal Contract Tower,53,11,2,0,66,0,0,4,2,6,53,11,6,2,72,34,8,42,114
03/27/2003,GUM,GU,AWP,WE,Federal Contract Tower,55,13,3,4,75,0,0,5,4,9,55,13,8,8,84,38,4,42,126
03/28/2003,GUM,GU,AWP,WE,Federal Contract Tower,49,13,0,0,62,0,0,21,1,22,49,13,21,1,84,50,0,50,134
03/29/2003,GUM,GU,AWP,WE,Federal Contract Tower,49,13,2,0,64,0,0,15,1,16,49,13,17,1,80,82,0,82,162
03/30/2003,GUM,GU,AWP,WE,Federal Contract Tower,53,12,0,0,65,0,0,19,0,19,53,12,19,0,84,110,0,110,194
03/31/2003,GUM,GU,AWP,WE,Federal Contract Tower,52,12,1,0,65,0,0,8,6,14,52,12,9,6,79,80,0,80,159
04/01/2003,GUM,GU,AWP,WE,Federal Contract Tower,41,12,0,5,58,1,0,22,53,76,42,12,22,58,134,16,16,32,166
04/02/2003,GUM,GU,AWP,WE,Federal Contract Tower,48,12,0,5,65,0,0,15,25,40,48,12,15,30,105,24,2,26,131
04/03/2003,GUM,GU,AWP,WE,Federal Contract Tower,54,12,1,1,68,1,0,6,2,9,55,12,7,3,77,18,8,26,103
04/04/2003,GUM,GU,AWP,WE,Federal Contract Tower,50,14,2,4,70,1,0,14,0,15,51,14,16,4,85,24,4,28,113
04/05/2003,GUM,GU,AWP,WE,Federal Contract Tower,44,10,0,0,54,1,0,2,0,3,45,10,2,0,57,26,4,30,87
04/06/2003,GUM,GU,AWP,WE,Federal Contract Tower,52,12,2,0,66,1,0,16,0,17,53,12,18,0,83,58,0,58,141
04/07/2003,GUM,GU,AWP,WE,Federal Contract Tower,52,9,1,1,63,0,1,22,31,54,52,10,23,32,117,6,8,14,131
04/08/2003,GUM,GU,AWP,WE,Federal Contract Tower,41,11,0,1,53,0,1,22,19,42,41,12,22,20,95,14,4,18,113
04/09/2003,GUM,GU,AWP,WE,Federal Contract Tower,44,11,0,13,68,0,1,0,5,6,44,12,0,18,74,18,64,82,156
04/10/2003,GUM,GU,AWP,WE,Federal Contract Tower,52,12,0,2,66,0,0,3,0,3,52,12,3,2,69,86,60,146,215
04/11/2003,GUM,GU,AWP,WE,Federal Contract Tower,42,13,0,0,55,0,0,12,2,14,42,13,12,2,69,76,8,84,153
04/12/2003,GUM,GU,AWP,WE,Federal Contract Tower,44,12,0,0,56,0,0,6,0,6,44,12,6,0,62,38,12,50,112
04/13/2003,GUM,GU,AWP,WE,Federal Contract Tower,50,12,1,0,63,0,0,5,0,5,50,12,6,0,68,0,0,0,68
04/14/2003,GUM,GU,AWP,WE,Federal Contract Tower,45,11,0,0,56,0,0,14,0,14,45,11,14,0,70,6,0,6,76
04/15/2003,GUM,GU,AWP,WE,Federal Contract Tower,28,7,2,0,37,0,0,1,2,3,28,7,3,2,40,4,6,10,50
04/16/2003,GUM,GU,AWP,WE,Federal Contract Tower,41,12,2,10,65,0,0,2,4,6,41,12,4,14,71,74,26,100,171
04/17/2003,GUM,GU,AWP,WE,Federal Contract Tower,55,12,1,3,71,0,0,1,1,2,55,12,2,4,73,16,20,36,109
04/18/2003,GUM,GU,AWP,WE,Federal Contract Tower,44,14,0,0,58,0,0,8,4,12,44,14,8,4,70,50,18,68,138
04/19/2003,GUM,GU,AWP,WE,Federal Contract Tower,45,10,0,0,55,0,0,8,2,10,45,10,8,2,65,2,0,2,67
04/20/2003,GUM,GU,AWP,WE,Federal Contract Tower,45,12,2,0,59,0,0,13,0,13,45,12,15,0,72,2,0,2,74
04/21/2003,GUM,GU,AWP,WE,Federal Contract Tower,49,12,3,0,64,0,0,8,6,14,49,12,11,6,78,12,0,12,90
04/22/2003,GUM,GU,AWP,WE,Federal Contract Tower,36,12,0,0,48,0,0,17,22,39,36,12,17,22,87,10,22,32,119
04/23/2003,GUM,GU,AWP,WE,Federal Contract Tower,45,12,1,10,68,0,0,0,10,10,45,12,1,20,78,28,44,72,150
04/24/2003,GUM,GU,AWP,WE,Federal Contract Tower,45,12,0,0,57,0,0,0,30,30,45,12,0,30,87,16,68,84,171
04/25/2003,GUM,GU,AWP,WE,Federal Contract Tower,48,14,0,5,67,0,0,4,12,16,48,14,4,17,83,4,64,68,151
04/26/2003,GUM,GU,AWP,WE,Federal Contract Tower,43,10,3,2,58,0,0,4,58,62,43,10,7,60,120,6,6,12,132
04/27/2003,GUM,GU,AWP,WE,Federal Contract Tower,47,12,1,0,60,0,0,11,4,15,47,12,12,4,75,30,0,30,105
04/28/2003,GUM,GU,AWP,WE,Federal Contract Tower,40,11,0,1,52,0,0,2,15,17,40,11,2,16,69,24,12,36,105
04/29/2003,GUM,GU,AWP,WE,Federal Contract Tower,42,13,0,1,56,0,0,26,12,38,42,13,26,13,94,60,6,66,160
04/30/2003,GUM,GU,AWP,WE,Federal Contract Tower,42,12,2,14,70,0,0,2,4,6,42,12,4,18,76,18,70,88,164
05/01/2003,GUM,GU,AWP,WE,Federal Contract Tower,50,11,0,0,61,0,1,0,0,1,50,12,0,0,62,60,8,68,130
05/02/2003,GUM,GU,AWP,WE,Federal Contract Tower,45,11,1,0,57,0,1,8,2,11,45,12,9,2,68,34,2,36,104
05/03/2003,GUM,GU,AWP,WE,Federal Contract Tower,47,11,1,0,59,0,1,8,0,9,47,12,9,0,68,74,0,74,142
05/04/2003,GUM,GU,AWP,WE,Federal Contract Tower,50,11,0,0,61,0,0,19,5,24,50,11,19,5,85,32,0,32,117
05/05/2003,GUM,GU,AWP,WE,Federal Contract Tower,49,12,3,0,64,0,0,8,18,26,49,12,11,18,90,48,0,48,138
05/06/2003,GUM,GU,AWP,WE,Federal Contract Tower,42,12,0,4,58,0,0,22,6,28,42,12,22,10,86,56,4,60,146
05/07/2003,GUM,GU,AWP,WE,Federal Contract Tower,45,12,0,2,59,0,0,0,4,4,45,12,0,6,63,46,12,58,121
05/08/2003,GUM,GU,AWP,WE,Federal Contract Tower,51,12,0,0,63,0,0,9,2,11,51,12,9,2,74,28,14,42,116
05/09/2003,GUM,GU,AWP,WE,Federal Contract Tower,42,12,2,1,57,0,0,2,2,4,42,12,4,3,61,0,10,10,71
05/10/2003,GUM,GU,AWP,WE,Federal Contract Tower,47,10,1,0,58,0,0,4,0,4,47,10,5,0,62,4,0,4,66
05/11/2003,GUM,GU,AWP,WE,Federal Contract Tower,44,12,1,0,57,4,0,10,0,14,48,12,11,0,71,6,0,6,77
05/12/2003,GUM,GU,AWP,WE,Federal Contract Tower,41,12,0,0,53,0,0,6,8,14,41,12,6,8,67,12,48,60,127
05/13/2003,GUM,GU,AWP,WE,Federal Contract Tower,39,12,0,0,51,0,0,21,7,28,39,12,21,7,79,6,6,12,91
05/14/2003,GUM,GU,AWP,WE,Federal Contract Tower,39,12,1,4,56,0,0,2,6,8,39,12,3,10,64,16,6,22,86
05/15/2003,GUM,GU,AWP,WE,Federal Contract Tower,46,12,0,2,60,0,0,2,0,2,46,12,2,2,62,22,16,38,100
05/16/2003,GUM,GU,AWP,WE,Federal Contract Tower,46,18,0,0,64,0,0,12,6,18,46,18,12,6,82,2,28,30,112
05/17/2003,GUM,GU,AWP,WE,Federal Contract Tower,42,10,1,0,53,0,0,13,0,13,42,10,14,0,66,6,0,6,72
05/18/2003,GUM,GU,AWP,WE,Federal Contract Tower,51,11,1,0,63,0,0,4,0,4,51,11,5,0,67,15,0,15,82
05/19/2003,GUM,GU,AWP,WE,Federal Contract Tower,46,10,11,0,67,0,0,8,22,30,46,10,19,22,97,62,2,64,161
05/20/2003,GUM,GU,AWP,WE,Federal Contract Tower,43,12,3,0,58,0,0,4,18,22,43,12,7,18,80,48,20,68,148
05/21/2003,GUM,GU,AWP,WE,Federal Contract Tower,44,12,2,0,58,0,0,8,16,24,44,12,10,16,82,50,24,74,156
05/22/2003,GUM,GU,AWP,WE,Federal Contract Tower,45,10,2,0,57,0,0,13,0,13,45,10,15,0,70,80,20,100,170
05/23/2003,GUM,GU,AWP,WE,Federal Contract Tower,39,10,0,0,49,0,0,3,0,3,39,10,3,0,52,24,14,38,90
05/24/2003,GUM,GU,AWP,WE,Federal Contract Tower,42,10,3,0,55,0,0,6,0,6,42,10,9,0,61,76,0,76,137
05/25/2003,GUM,GU,AWP,WE,Federal Contract Tower,48,11,0,0,59,0,0,6,0,6,48,11,6,0,65,11,0,11,76
05/26/2003,GUM,GU,AWP,WE,Federal Contract Tower,48,10,4,0,62,0,0,8,0,8,48,10,12,0,70,8,0,8,78
05/27/2003,GUM,GU,AWP,WE,Federal Contract Tower,37,13,0,0,50,0,0,21,0,21,37,13,21,0,71,12,18,30,101
05/28/2003,GUM,GU,AWP,WE,Federal Contract Tower,42,12,0,2,56,0,0,6,0,6,42,12,6,2,62,28,18,46,108
05/29/2003,GUM,GU,AWP,WE,Federal Contract Tower,49,12,1,4,66,0,0,6,16,22,49,12,7,20,88,32,12,44,132
05/30/2003,GUM,GU,AWP,WE,Federal Contract Tower,43,12,0,0,55,0,0,9,0,9,43,12,9,0,64,12,6,18,82
05/31/2003,GUM,GU,AWP,WE,Federal Contract Tower,42,12,0,0,54,0,0,8,8,16,42,12,8,8,70,60,6,66,136
06/01/2003,GUM,GU,AWP,WE,Federal Contract Tower,48,12,0,0,60,0,0,3,4,7,48,12,3,4,67,66,0,66,133
06/02/2003,GUM,GU,AWP,WE,Federal Contract Tower,47,12,3,4,66,0,0,1,2,3,47,12,4,6,69,2,0,2,71
06/03/2003,GUM,GU,AWP,WE,Federal Contract Tower,43,12,0,0,55,0,0,5,8,13,43,12,5,8,68,26,6,32,100
06/04/2003,GUM,GU,AWP,WE,Federal Contract Tower,43,12,1,0,56,0,0,2,4,6,43,12,3,4,62,24,20,44,106
06/05/2003,GUM,GU,AWP,WE,Federal Contract Tower,50,14,1,0,65,0,0,4,0,4,50,14,5,0,69,24,8,32,101
06/06/2003,GUM,GU,AWP,WE,Federal Contract Tower,46,14,0,0,60,0,0,4,0,4,46,14,4,0,64,94,0,94,158
06/07/2003,GUM,GU,AWP,WE,Federal Contract Tower,45,12,2,0,59,0,0,26,6,32,45,12,28,6,91,76,0,76,167
06/08/2003,GUM,GU,AWP,WE,Federal Contract Tower,48,12,0,0,60,0,0,5,0,5,48,12,5,0,65,60,0,60,125
06/09/2003,GUM,GU,AWP,WE,Federal Contract Tower,46,12,0,0,58,0,0,18,15,33,46,12,18,15,91,46,18,64,155
06/10/2003,GUM,GU,AWP,WE,Federal Contract Tower,42,12,1,0,55,0,0,26,12,38,42,12,27,12,93,30,30,60,153
06/11/2003,GUM,GU,AWP,WE,Federal Contract Tower,43,14,1,0,58,0,0,4,0,4,43,14,5,0,62,32,10,42,104
06/12/2003,GUM,GU,AWP,WE,Federal Contract Tower,51,12,10,2,75,0,0,0,0,0,51,12,10,2,75,52,40,92,167
06/13/2003,GUM,GU,AWP,WE,Federal Contract Tower,50,12,10,0,72,0,0,8,0,8,50,12,18,0,80,60,0,60,140
06/14/2003,GUM,GU,AWP,WE,Federal Contract Tower,41,10,4,0,55,0,0,21,0,21,41,10,25,0,76,116,0,116,192
06/15/2003,GUM,GU,AWP,WE,Federal Contract Tower,49,10,1,0,60,0,0,14,0,14,49,10,15,0,74,98,0,98,172
06/16/2003,GUM,GU,AWP,WE,Federal Contract Tower,48,15,0,1,64,0,0,6,0,6,48,15,6,1,70,4,44,48,118
06/17/2003,GUM,GU,AWP,WE,Federal Contract Tower,41,16,0,8,65,0,0,24,4,28,41,16,24,12,93,32,43,75,168
06/18/2003,GUM,GU,AWP,WE,Federal Contract Tower,44,16,0,0,60,0,0,6,2,8,44,16,6,2,68,34,2,36,104
06/19/2003,GUM,GU,AWP,WE,Federal Contract Tower,50,16,0,2,68,0,0,4,0,4,50,16,4,2,72,14,40,54,126
06/20/2003,GUM,GU,AWP,WE,Federal Contract Tower,46,16,11,0,73,0,0,4,2,6,46,16,15,2,79,14,68,82,161
06/21/2003,GUM,GU,AWP,WE,Federal Contract Tower,42,14,1,0,57,0,0,22,0,22,42,14,23,0,79,34,4,38,117
06/22/2003,GUM,GU,AWP,WE,Federal Contract Tower,48,16,0,0,64,0,0,14,0,14,48,16,14,0,78,53,0,53,131
06/23/2003,GUM,GU,AWP,WE,Federal Contract Tower,46,16,1,0,63,0,0,14,4,18,46,16,15,4,81,22,2,24,105
06/24/2003,GUM,GU,AWP,WE,Federal Contract Tower,42,16,0,0,58,0,0,39,16,55,42,16,39,16,113,64,20,84,197
06/25/2003,GUM,GU,AWP,WE,Federal Contract Tower,45,16,1,0,62,0,0,11,2,13,45,16,12,2,75,62,12,74,149
06/26/2003,GUM,GU,AWP,WE,Federal Contract Tower,47,16,0,0,63,0,0,4,0,4,47,16,4,0,67,76,10,86,153
06/27/2003,GUM,GU,AWP,WE,Federal Contract Tower,48,16,1,6,71,0,0,22,0,22,48,16,23,6,93,72,6,78,171
06/28/2003,GUM,GU,AWP,WE,Federal Contract Tower,42,14,0,0,56,0,0,3,0,3,42,14,3,0,59,82,0,82,141
06/29/2003,GUM,GU,AWP,WE,Federal Contract Tower,49,15,1,0,65,0,0,28,0,28,49,15,29,0,93,21,0,21,114
06/30/2003,GUM,GU,AWP,WE,Federal Contract Tower,49,15,0,0,64,0,0,2,2,4,49,15,2,2,68,14,2,16,84
07/01/2003,GUM,GU,AWP,WE,Federal Contract Tower,44,15,0,0,59,0,1,16,4,21,44,16,16,4,80,22,16,38,118
07/02/2003,GUM,GU,AWP,WE,Federal Contract Tower,49,16,2,0,67,0,0,7,0,7,49,16,9,0,74,58,14,72,146
07/03/2003,GUM,GU,AWP,WE,Federal Contract Tower,56,16,1,0,73,0,0,0,0,0,56,16,1,0,73,40,0,40,113
07/04/2003,GUM,GU,AWP,WE,Federal Contract Tower,52,16,1,0,69,0,0,10,0,10,52,16,11,0,79,52,0,52,131
07/05/2003,GUM,GU,AWP,WE,Federal Contract Tower,47,16,0,0,63,0,0,12,0,12,47,16,12,0,75,62,0,62,137
07/06/2003,GUM,GU,AWP,WE,Federal Contract Tower,52,17,0,0,69,0,0,5,0,5,52,17,5,0,74,16,0,16,90
07/07/2003,GUM,GU,AWP,WE,Federal Contract Tower,52,16,1,0,69,0,0,12,14,26,52,16,13,14,95,18,8,26,121
07/08/2003,GUM,GU,AWP,WE,Federal Contract Tower,49,16,6,5,76,0,0,22,7,29,49,16,28,12,105,8,30,38,143
07/09/2003,GUM,GU,AWP,WE,Federal Contract Tower,48,16,3,0,67,0,0,9,0,9,48,16,12,0,76,58,36,94,170
07/10/2003,GUM,GU,AWP,WE,Federal Contract Tower,59,16,0,4,79,0,0,8,0,8,59,16,8,4,87,30,28,58,145
07/11/2003,GUM,GU,AWP,WE,Federal Contract Tower,50,16,1,0,67,0,0,10,0,10,50,16,11,0,77,56,12,68,145
07/12/2003,GUM,GU,AWP,WE,Federal Contract Tower,48,14,0,0,62,0,0,16,0,16,48,14,16,0,78,58,0,58,136
07/13/2003,GUM,GU,AWP,WE,Federal Contract Tower,56,16,0,0,72,0,0,10,0,10,56,16,10,0,82,17,0,17,99
07/14/2003,GUM,GU,AWP,WE,Federal Contract Tower,54,16,1,1,72,0,0,9,18,27,54,16,10,19,99,12,58,70,169
07/15/2003,GUM,GU,AWP,WE,Federal Contract Tower,46,14,2,0,62,0,0,24,17,41,46,14,26,17,103,10,10,20,123
07/16/2003,GUM,GU,AWP,WE,Federal Contract Tower,53,16,1,0,70,0,0,12,4,16,53,16,13,4,86,16,46,62,148
07/17/2003,GUM,GU,AWP,WE,Federal Contract Tower,60,16,4,0,80,0,0,0,0,0,60,16,4,0,80,18,12,30,110
07/18/2003,GUM,GU,AWP,WE,Federal Contract Tower,52,15,1,1,69,6,1,7,3,17,58,16,8,4,86,82,18,100,186
07/19/2003,GUM,GU,AWP,WE,Federal Contract Tower,54,15,1,0,70,0,0,15,0,15,54,15,16,0,85,124,0,124,209
07/20/2003,GUM,GU,AWP,WE,Federal Contract Tower,58,19,2,0,79,0,0,26,0,26,58,19,28,0,105,170,0,170,275
07/21/2003,GUM,GU,AWP,WE,Federal Contract Tower,56,16,0,0,72,0,0,6,18,24,56,16,6,18,96,96,12,108,204
07/22/2003,GUM,GU,AWP,WE,Federal Contract Tower,55,16,0,0,71,0,0,22,22,44,55,16,22,22,115,68,16,84,199
07/23/2003,GUM,GU,AWP,WE,Federal Contract Tower,50,16,1,0,67,0,0,7,24,31,50,16,8,24,98,32,138,170,268
07/24/2003,GUM,GU,AWP,WE,Federal Contract Tower,60,16,3,0,79,0,0,17,20,37,60,16,20,20,116,32,36,68,184
07/25/2003,GUM,GU,AWP,WE,Federal Contract Tower,57,16,1,0,74,0,0,6,0,6,57,16,7,0,80,22,0,22,102
07/26/2003,GUM,GU,AWP,WE,Federal Contract Tower,55,16,2,0,73,0,0,18,0,18,55,16,20,0,91,74,0,74,165
07/27/2003,GUM,GU,AWP,WE,Federal Contract Tower,60,16,3,0,79,0,0,6,0,6,60,16,9,0,85,30,0,30,115
07/28/2003,GUM,GU,AWP,WE,Federal Contract Tower,58,15,0,2,75,0,0,26,26,52,58,15,26,28,127,26,0,26,153
07/29/2003,GUM,GU,AWP,WE,Federal Contract Tower,54,16,1,0,71,0,0,20,28,48,54,16,21,28,119,18,48,66,185
07/30/2003,GUM,GU,AWP,WE,Federal Contract Tower,57,16,5,7,85,0,0,0,14,14,57,16,5,21,99,20,38,58,157
07/31/2003,GUM,GU,AWP,WE,Federal Contract Tower,67,16,0,6,89,0,0,4,16,20,67,16,4,22,109,20,92,112,221
08/01/2003,GUM,GU,AWP,WE,Federal Contract Tower,54,16,0,0,70,0,0,6,0,6,54,16,6,0,76,16,18,34,110
08/02/2003,GUM,GU,AWP,WE,Federal Contract Tower,59,14,0,0,73,0,0,6,0,6,59,14,6,0,79,52,0,52,131
08/03/2003,GUM,GU,AWP,WE,Federal Contract Tower,62,14,0,0,76,0,0,21,0,21,62,14,21,0,97,108,0,108,205
08/04/2003,GUM,GU,AWP,WE,Federal Contract Tower,58,17,0,1,76,0,0,15,25,40,58,17,15,26,116,74,0,74,190
08/05/2003,GUM,GU,AWP,WE,Federal Contract Tower,54,18,0,8,80,0,0,27,16,43,54,18,27,24,123,88,12,100,223
08/06/2003,GUM,GU,AWP,WE,Federal Contract Tower,56,16,8,0,80,0,0,19,4,23,56,16,27,4,103,34,20,54,157
08/07/2003,GUM,GU,AWP,WE,Federal Contract Tower,57,16,6,0,79,0,0,0,0,0,57,16,6,0,79,68,0,68,147
08/08/2003,GUM,GU,AWP,WE,Federal Contract Tower,55,16,1,0,72,0,0,11,0,11,55,16,12,0,83,30,0,30,113
08/09/2003,GUM,GU,AWP,WE,Federal Contract Tower,50,14,3,0,67,9,0,24,0,33,59,14,27,0,100,76,0,76,176
08/10/2003,GUM,GU,AWP,WE,Federal Contract Tower,60,16,10,0,86,0,0,23,0,23,60,16,33,0,109,85,0,85,194
08/11/2003,GUM,GU,AWP,WE,Federal Contract Tower,63,15,5,1,84,0,0,18,18,36,63,15,23,19,120,102,0,102,222
08/12/2003,GUM,GU,AWP,WE,Federal Contract Tower,57,14,6,10,87,0,0,35,32,67,57,14,41,42,154,118,49,167,321
08/13/2003,GUM,GU,AWP,WE,Federal Contract Tower,58,16,10,14,98,0,0,36,2,38,58,16,46,16,136,182,24,206,342
08/14/2003,GUM,GU,AWP,WE,Federal Contract Tower,59,16,0,12,87,0,0,21,22,43,59,16,21,34,130,178,60,238,368
08/15/2003,GUM,GU,AWP,WE,Federal Contract Tower,56,16,6,0,78,0,0,24,2,26,56,16,30,2,104,268,12,280,384
08/16/2003,GUM,GU,AWP,WE,Federal Contract Tower,56,15,9,0,80,0,0,48,8,56,56,15,57,8,136,180,0,180,316
08/17/2003,GUM,GU,AWP,WE,Federal Contract Tower,61,15,2,0,78,0,0,0,0,0,61,15,2,0,78,14,0,14,92
08/18/2003,GUM,GU,AWP,WE,Federal Contract Tower,60,16,0,1,77,0,0,30,41,71,60,16,30,42,148,96,34,130,278
08/19/2003,GUM,GU,AWP,WE,Federal Contract Tower,55,16,2,8,81,0,0,50,16,66,55,16,52,24,147,84,18,102,249
08/20/2003,GUM,GU,AWP,WE,Federal Contract Tower,56,16,0,0,72,0,0,12,6,18,56,16,12,6,90,138,26,164,254
08/21/2003,GUM,GU,AWP,WE,Federal Contract Tower,54,16,10,2,82,0,0,3,6,9,54,16,13,8,91,170,38,208,299
08/22/2003,GUM,GU,AWP,WE,Federal Contract Tower,54,16,14,0,84,0,0,3,10,13,54,16,17,10,97,126,18,144,241
08/23/2003,GUM,GU,AWP,WE,Federal Contract Tower,51,14,22,0,87,0,0,13,0,13,51,14,35,0,100,124,0,124,224
08/24/2003,GUM,GU,AWP,WE,Federal Contract Tower,58,15,6,0,79,0,0,17,4,21,58,15,23,4,100,24,0,24,124
08/25/2003,GUM,GU,AWP,WE,Federal Contract Tower,52,16,0,3,71,0,0,20,20,40,52,16,20,23,111,12,0,12,123
08/26/2003,GUM,GU,AWP,WE,Federal Contract Tower,56,16,2,0,74,0,0,14,0,14,56,16,16,0,88,18,36,54,142
08/27/2003,GUM,GU,AWP,WE,Federal Contract Tower,55,16,16,6,93,0,0,10,24,34,55,16,26,30,127,26,6,32,159
08/28/2003,GUM,GU,AWP,WE,Federal Contract Tower,58,16,0,6,80,0,0,8,0,8,58,16,8,6,88,18,44,62,150
08/29/2003,GUM,GU,AWP,WE,Federal Contract Tower,53,16,0,0,69,0,0,13,1,14,53,16,13,1,83,28,2,30,113
08/30/2003,GUM,GU,AWP,WE,Federal Contract Tower,53,14,2,0,69,0,0,10,0,10,53,14,12,0,79,22,0,22,101
08/31/2003,GUM,GU,AWP,WE,Federal Contract Tower,58,14,0,0,72,0,0,16,0,16,58,14,16,0,88,26,0,26,114
09/01/2003,GUM,GU,AWP,WE,Federal Contract Tower,57,14,2,0,73,0,0,17,0,17,57,14,19,0,90,20,0,20,110
09/02/2003,GUM,GU,AWP,WE,Federal Contract Tower,58,12,4,4,78,0,0,20,14,34,58,12,24,18,112,36,56,92,204
09/03/2003,GUM,GU,AWP,WE,Federal Contract Tower,58,12,0,4,74,0,0,30,16,46,58,12,30,20,120,18,26,44,164
09/04/2003,GUM,GU,AWP,WE,Federal Contract Tower,55,16,3,0,74,0,0,11,4,15,55,16,14,4,89,13,22,35,124
09/05/2003,GUM,GU,AWP,WE,Federal Contract Tower,54,16,0,0,70,0,0,13,5,18,54,16,13,5,88,74,4,78,166
09/06/2003,GUM,GU,AWP,WE,Federal Contract Tower,60,14,2,0,76,0,0,0,6,6,60,14,2,6,82,80,0,80,162
09/07/2003,GUM,GU,AWP,WE,Federal Contract Tower,57,16,0,0,73,0,0,23,2,25,57,16,23,2,98,39,0,39,137
09/08/2003,GUM,GU,AWP,WE,Federal Contract Tower,55,15,4,1,75,0,0,14,14,28,55,15,18,15,103,62,0,62,165
09/09/2003,GUM,GU,AWP,WE,Federal Contract Tower,66,12,3,0,81,0,0,28,58,86,66,12,31,58,167,46,12,58,225
09/10/2003,GUM,GU,AWP,WE,Federal Contract Tower,61,16,0,6,83,0,0,14,12,26,61,16,14,18,109,26,24,50,159
09/11/2003,GUM,GU,AWP,WE,Federal Contract Tower,61,16,0,0,77,0,0,16,0,16,61,16,16,0,93,58,40,98,191
09/12/2003,GUM,GU,AWP,WE,Federal Contract Tower,58,16,0,2,76,0,0,13,0,13,58,16,13,2,89,48,35,83,172
09/13/2003,GUM,GU,AWP,WE,Federal Contract Tower,62,14,0,0,76,0,0,0,0,0,62,14,0,0,76,48,6,54,130
09/14/2003,GUM,GU,AWP,WE,Federal Contract Tower,58,17,0,0,75,0,0,34,0,34,58,17,34,0,109,90,0,90,199
09/15/2003,GUM,GU,AWP,WE,Federal Contract Tower,58,13,1,0,72,0,0,24,26,50,58,13,25,26,122,62,0,62,184
09/16/2003,GUM,GU,AWP,WE,Federal Contract Tower,59,16,0,0,75,0,0,20,10,30,59,16,20,10,105,30,0,30,135
09/17/2003,GUM,GU,AWP,WE,Federal Contract Tower,57,16,0,0,73,0,0,24,16,40,57,16,24,16,113,66,24,90,203
09/18/2003,GUM,GU,AWP,WE,Federal Contract Tower,60,16,0,0,76,0,0,15,0,15,60,16,15,0,91,38,22,60,151
09/19/2003,GUM,GU,AWP,WE,Federal Contract Tower,60,14,2,0,76,0,0,11,2,13,60,14,13,2,89,46,48,94,183
09/20/2003,GUM,GU,AWP,WE,Federal Contract Tower,58,14,1,0,73,0,0,8,0,8,58,14,9,0,81,110,0,110,191
09/21/2003,GUM,GU,AWP,WE,Federal Contract Tower,55,16,2,0,73,0,0,30,0,30,55,16,32,0,103,82,0,82,185
09/22/2003,GUM,GU,AWP,WE,Federal Contract Tower,56,16,0,0,72,0,0,22,12,34,56,16,22,12,106,60,38,98,204
09/23/2003,GUM,GU,AWP,WE,Federal Contract Tower,58,16,0,0,74,0,0,20,6,26,58,16,20,6,100,36,14,50,150
09/24/2003,GUM,GU,AWP,WE,Federal Contract Tower,59,16,1,6,82,0,0,4,0,4,59,16,5,6,86,4,58,62,148
09/25/2003,GUM,GU,AWP,WE,Federal Contract Tower,63,16,19,0,98,0,0,0,2,2,63,16,19,2,100,26,10,36,136
09/26/2003,GUM,GU,AWP,WE,Federal Contract Tower,57,16,0,0,73,0,0,10,0,10,57,16,10,0,83,40,0,40,123
09/27/2003,GUM,GU,AWP,WE,Federal Contract Tower,62,12,1,0,75,0,0,3,0,3,62,12,4,0,78,42,0,42,120
09/28/2003,GUM,GU,AWP,WE,Federal Contract Tower,56,16,0,0,72,0,0,18,0,18,56,16,18,0,90,56,0,56,146
09/29/2003,GUM,GU,AWP,WE,Federal Contract Tower,62,16,1,0,79,0,0,1,12,13,62,16,2,12,92,52,0,52,144
09/30/2003,GUM,GU,AWP,WE,Federal Contract Tower,62,16,0,0,78,0,0,8,0,8,62,16,8,0,86,8,16,24,110
10/01/2003,GUM,GU,AWP,WE,Federal Contract Tower,50,16,2,1,69,1,0,8,11,20,51,16,10,12,89,64,24,88,177
10/02/2003,GUM,GU,AWP,WE,Federal Contract Tower,47,15,2,0,64,1,1,4,16,22,48,16,6,16,86,20,10,30,116
10/03/2003,GUM,GU,AWP,WE,Federal Contract Tower,47,13,2,0,62,4,0,6,0,10,51,13,8,0,72,0,22,22,94
10/04/2003,GUM,GU,AWP,WE,Federal Contract Tower,48,15,2,0,65,2,0,16,0,18,50,15,18,0,83,16,0,16,99
10/05/2003,GUM,GU,AWP,WE,Federal Contract Tower,52,14,2,0,68,3,0,19,0,22,55,14,21,0,90,20,0,20,110
10/06/2003,GUM,GU,AWP,WE,Federal Contract Tower,53,16,2,1,72,0,0,10,13,23,53,16,12,14,95,26,10,36,131
10/07/2003,GUM,GU,AWP,WE,Federal Contract Tower,45,15,2,0,62,0,1,16,14,31,45,16,18,14,93,28,18,46,139
10/08/2003,GUM,GU,AWP,WE,Federal Contract Tower,44,16,1,1,62,0,0,7,5,12,44,16,8,6,74,46,2,48,122
10/09/2003,GUM,GU,AWP,WE,Federal Contract Tower,51,17,1,2,71,0,0,10,16,26,51,17,11,18,97,24,0,24,121
10/10/2003,GUM,GU,AWP,WE,Federal Contract Tower,50,16,1,2,69,3,0,15,4,22,53,16,16,6,91,58,10,68,159
10/11/2003,GUM,GU,AWP,WE,Federal Contract Tower,50,14,1,0,65,3,0,54,0,57,53,14,55,0,122,150,0,150,272
10/12/2003,GUM,GU,AWP,WE,Federal Contract Tower,55,15,1,2,73,0,0,42,0,42,55,15,43,2,115,86,0,86,201
10/13/2003,GUM,GU,AWP,WE,Federal Contract Tower,52,14,1,2,69,5,0,37,0,42,57,14,38,2,111,52,0,52,163
10/14/2003,GUM,GU,AWP,WE,Federal Contract Tower,48,15,1,1,65,1,1,15,23,40,49,16,16,24,105,56,0,56,161
10/15/2003,GUM,GU,AWP,WE,Federal Contract Tower,46,14,1,1,62,3,0,17,15,35,49,14,18,16,97,68,2,70,167
10/16/2003,GUM,GU,AWP,WE,Federal Contract Tower,51,16,1,2,70,0,0,4,10,14,51,16,5,12,84,90,4,94,178
10/17/2003,GUM,GU,AWP,WE,Federal Contract Tower,47,15,1,0,63,0,1,7,0,8,47,16,8,0,71,76,0,76,147
10/18/2003,GUM,GU,AWP,WE,Federal Contract Tower,50,14,1,2,67,0,0,6,5,11,50,14,7,7,78,9,2,11,89
10/19/2003,GUM,GU,AWP,WE,Federal Contract Tower,55,16,1,2,74,1,0,4,5,10,56,16,5,7,84,16,0,16,100
10/20/2003,GUM,GU,AWP,WE,Federal Contract Tower,48,14,1,1,64,0,2,18,21,41,48,16,19,22,105,26,0,26,131
10/21/2003,GUM,GU,AWP,WE,Federal Contract Tower,47,14,1,1,63,0,2,30,13,45,47,16,31,14,108,58,2,60,168
10/22/2003,GUM,GU,AWP,WE,Federal Contract Tower,48,15,1,2,66,0,1,5,24,30,48,16,6,26,96,82,18,100,196
10/23/2003,GUM,GU,AWP,WE,Federal Contract Tower,52,15,1,2,70,1,1,6,20,28,53,16,7,22,98,112,6,118,216
10/24/2003,GUM,GU,AWP,WE,Federal Contract Tower,49,15,1,0,65,0,1,9,2,12,49,16,10,2,77,108,0,108,185
10/25/2003,GUM,GU,AWP,WE,Federal Contract Tower,48,15,1,0,64,0,1,21,0,22,48,16,22,0,86,62,0,62,148
10/26/2003,GUM,GU,AWP,WE,Federal Contract Tower,52,16,1,1,70,2,0,21,3,26,54,16,22,4,96,24,0,24,120
10/27/2003,GUM,GU,AWP,WE,Federal Contract Tower,49,14,1,0,64,3,0,1,20,24,52,14,2,20,88,52,6,58,146
10/28/2003,GUM,GU,AWP,WE,Federal Contract Tower,47,16,1,0,64,0,0,18,6,24,47,16,19,6,88,63,18,81,169
10/29/2003,GUM,GU,AWP,WE,Federal Contract Tower,47,16,1,0,64,0,0,6,11,17,47,16,7,11,81,72,19,91,172
10/30/2003,GUM,GU,AWP,WE,Federal Contract Tower,53,16,1,1,71,0,0,23,37,60,53,16,24,38,131,56,16,72,203
10/31/2003,GUM,GU,AWP,WE,Federal Contract Tower,47,15,1,0,63,0,3,15,6,24,47,18,16,6,87,98,12,110,197
11/01/2003,GUM,GU,AWP,WE,Federal Contract Tower,52,17,3,0,72,3,0,25,2,30,55,17,28,2,102,62,0,62,164
11/02/2003,GUM,GU,AWP,WE,Federal Contract Tower,53,14,3,0,70,3,0,39,0,42,56,14,42,0,112,42,0,42,154
11/03/2003,GUM,GU,AWP,WE,Federal Contract Tower,51,15,3,0,69,3,0,12,22,37,54,15,15,22,106,52,0,52,158
11/04/2003,GUM,GU,AWP,WE,Federal Contract Tower,51,16,2,0,69,1,0,0,0,1,52,16,2,0,70,46,70,116,186
11/05/2003,GUM,GU,AWP,WE,Federal Contract Tower,47,15,3,0,65,1,1,8,20,30,48,16,11,20,95,34,32,66,161
11/06/2003,GUM,GU,AWP,WE,Federal Contract Tower,51,16,1,1,69,2,0,0,1,3,53,16,1,2,72,56,28,84,156
11/07/2003,GUM,GU,AWP,WE,Federal Contract Tower,46,15,1,1,63,1,1,7,5,14,47,16,8,6,77,38,22,60,137
11/08/2003,GUM,GU,AWP,WE,Federal Contract Tower,48,16,1,0,65,2,0,21,0,23,50,16,22,0,88,46,0,46,134
11/09/2003,GUM,GU,AWP,WE,Federal Contract Tower,54,17,2,1,74,3,0,28,3,34,57,17,30,4,108,22,0,22,130
11/10/2003,GUM,GU,AWP,WE,Federal Contract Tower,48,16,1,1,66,0,0,12,38,50,48,16,13,39,116,25,94,119,235
11/11/2003,GUM,GU,AWP,WE,Federal Contract Tower,44,14,2,1,61,1,2,18,3,24,45,16,20,4,85,26,4,30,115
11/12/2003,GUM,GU,AWP,WE,Federal Contract Tower,52,15,1,1,69,4,0,3,113,120,56,15,4,114,189,64,12,76,265
11/13/2003,GUM,GU,AWP,WE,Federal Contract Tower,53,16,2,1,72,0,0,22,9,31,53,16,24,10,103,24,48,72,175
11/14/2003,GUM,GU,AWP,WE,Federal Contract Tower,47,15,2,1,65,1,2,5,3,11,48,17,7,4,76,50,62,112,188
11/15/2003,GUM,GU,AWP,WE,Federal Contract Tower,49,14,2,0,65,0,0,24,0,24,49,14,26,0,89,52,0,52,141
11/16/2003,GUM,GU,AWP,WE,Federal Contract Tower,53,15,2,0,70,4,0,12,0,16,57,15,14,0,86,22,0,22,108
11/17/2003,GUM,GU,AWP,WE,Federal Contract Tower,50,15,1,1,67,1,0,8,51,60,51,15,9,52,127,14,38,52,179
11/18/2003,GUM,GU,AWP,WE,Federal Contract Tower,46,14,1,0,61,2,0,1,0,3,48,14,2,0,64,8,8,16,80
11/19/2003,GUM,GU,AWP,WE,Federal Contract Tower,48,16,2,1,67,0,0,18,3,21,48,16,20,4,88,54,46,100,188
11/20/2003,GUM,GU,AWP,WE,Federal Contract Tower,53,16,2,1,72,0,0,28,9,37,53,16,30,10,109,62,2,64,173
11/21/2003,GUM,GU,AWP,WE,Federal Contract Tower,47,16,2,1,66,0,0,8,6,14,47,16,10,7,80,114,30,144,224
11/22/2003,GUM,GU,AWP,WE,Federal Contract Tower,49,14,1,0,64,1,0,17,0,18,50,14,18,0,82,90,0,90,172
11/23/2003,GUM,GU,AWP,WE,Federal Contract Tower,55,16,2,0,73,1,0,24,0,25,56,16,26,0,98,90,0,90,188
11/24/2003,GUM,GU,AWP,WE,Federal Contract Tower,51,14,2,1,68,0,0,7,7,14,51,14,9,8,82,22,4,26,108
11/25/2003,GUM,GU,AWP,WE,Federal Contract Tower,46,14,2,1,63,0,2,8,1,11,46,16,10,2,74,14,4,18,92
11/26/2003,GUM,GU,AWP,WE,Federal Contract Tower,48,15,2,0,65,0,0,33,0,33,48,15,35,0,98,30,2,32,130
11/27/2003,GUM,GU,AWP,WE,Federal Contract Tower,49,15,2,0,66,0,1,17,0,18,49,16,19,0,84,12,0,12,96
11/28/2003,GUM,GU,AWP,WE,Federal Contract Tower,52,18,2,0,72,0,3,17,2,22,52,21,19,2,94,28,0,28,122
11/29/2003,GUM,GU,AWP,WE,Federal Contract Tower,48,17,1,0,66,0,0,21,0,21,48,17,22,0,87,41,0,41,128
11/30/2003,GUM,GU,AWP,WE,Federal Contract Tower,52,16,2,0,70,1,1,2,4,8,53,17,4,4,78,52,0,52,130
12/01/2003,GUM,GU,AWP,WE,Federal Contract Tower,51,15,2,0,68,0,0,1,20,21,51,15,3,20,89,15,40,55,144
12/02/2003,GUM,GU,AWP,WE,Federal Contract Tower,46,15,2,0,63,0,1,14,10,25,46,16,16,10,88,16,8,24,112
12/03/2003,GUM,GU,AWP,WE,Federal Contract Tower,46,15,2,0,63,0,1,18,2,21,46,16,20,2,84,30,48,78,162
12/04/2003,GUM,GU,AWP,WE,Federal Contract Tower,53,16,3,0,72,0,0,14,4,18,53,16,17,4,90,30,32,62,152
12/05/2003,GUM,GU,AWP,WE,Federal Contract Tower,47,16,2,0,65,0,0,3,0,3,47,16,5,0,68,6,0,6,74
12/06/2003,GUM,GU,AWP,WE,Federal Contract Tower,45,14,2,0,61,3,0,16,0,19,48,14,18,0,80,26,0,26,106
12/07/2003,GUM,GU,AWP,WE,Federal Contract Tower,54,16,2,0,72,3,0,18,0,21,57,16,20,0,93,32,0,32,125
12/08/2003,GUM,GU,AWP,WE,Federal Contract Tower,49,16,2,0,67,0,0,5,7,12,49,16,7,7,79,42,0,42,121
12/09/2003,GUM,GU,AWP,WE,Federal Contract Tower,46,15,2,0,63,0,0,20,12,32,46,15,22,12,95,74,4,78,173
12/10/2003,GUM,GU,AWP,WE,Federal Contract Tower,45,15,2,0,62,0,2,28,36,66,45,17,30,36,128,80,4,84,212
12/11/2003,GUM,GU,AWP,WE,Federal Contract Tower,49,15,2,0,66,1,0,6,12,19,50,15,8,12,85,82,16,98,183
12/12/2003,GUM,GU,AWP,WE,Federal Contract Tower,50,17,3,0,70,0,0,16,0,16,50,17,19,0,86,48,0,48,134
12/13/2003,GUM,GU,AWP,WE,Federal Contract Tower,45,14,2,0,61,3,0,12,0,15,48,14,14,0,76,50,0,50,126
12/14/2003,GUM,GU,AWP,WE,Federal Contract Tower,57,15,2,0,74,3,0,25,0,28,60,15,27,0,102,26,0,26,128
12/15/2003,GUM,GU,AWP,WE,Federal Contract Tower,50,15,1,1,67,0,2,3,51,56,50,17,4,52,123,38,26,64,187
12/16/2003,GUM,GU,AWP,WE,Federal Contract Tower,46,18,1,1,66,0,5,17,5,27,46,23,18,6,93,12,108,120,213
12/17/2003,GUM,GU,AWP,WE,Federal Contract Tower,45,14,1,1,61,0,2,13,15,30,45,16,14,16,91,38,12,50,141
12/18/2003,GUM,GU,AWP,WE,Federal Contract Tower,54,16,1,1,72,0,0,8,15,23,54,16,9,16,95,66,24,90,185
12/19/2003,GUM,GU,AWP,WE,Federal Contract Tower,49,15,1,1,66,0,1,2,3,6,49,16,3,4,72,36,4,40,112
12/20/2003,GUM,GU,AWP,WE,Federal Contract Tower,51,15,1,1,68,0,3,6,3,12,51,18,7,4,80,86,0,86,166
12/21/2003,GUM,GU,AWP,WE,Federal Contract Tower,58,16,1,0,75,1,0,9,0,10,59,16,10,0,85,64,0,64,149
12/22/2003,GUM,GU,AWP,WE,Federal Contract Tower,51,15,1,1,68,0,2,6,21,29,51,17,7,22,97,76,22,98,195
12/23/2003,GUM,GU,AWP,WE,Federal Contract Tower,47,14,1,1,63,0,2,17,3,22,47,16,18,4,85,20,32,52,137
12/24/2003,GUM,GU,AWP,WE,Federal Contract Tower,46,14,1,0,61,0,2,9,0,11,46,16,10,0,72,28,2,30,102
12/25/2003,GUM,GU,AWP,WE,Federal Contract Tower,53,14,1,0,68,4,0,1,0,5,57,14,2,0,73,34,0,34,107
12/26/2003,GUM,GU,AWP,WE,Federal Contract Tower,53,16,1,0,70,2,0,9,0,11,55,16,10,0,81,46,0,46,127
12/27/2003,GUM,GU,AWP,WE,Federal Contract Tower,54,14,1,0,69,4,0,11,0,15,58,14,12,0,84,52,2,54,138
12/28/2003,GUM,GU,AWP,WE,Federal Contract Tower,58,16,2,0,76,4,0,34,0,38,62,16,36,0,114,138,0,138,252
12/29/2003,GUM,GU,AWP,WE,Federal Contract Tower,52,16,1,1,70,0,0,51,45,96,52,16,52,46,166,99,0,99,265
12/30/2003,GUM,GU,AWP,WE,Federal Contract Tower,61,16,1,0,78,4,0,39,18,61,65,16,40,18,139,80,16,96,235
12/31/2003,GUM,GU,AWP,WE,Federal Contract Tower,56,14,1,0,71,5,0,42,0,47,61,14,43,0,118,78,0,78,196
01/01/2004,GUM,GU,AWP,WE,Federal Contract Tower,59,16,2,0,77,3,0,25,0,28,62,16,27,0,105,72,0,72,177
01/02/2004,GUM,GU,AWP,WE,Federal Contract Tower,56,15,2,0,73,2,1,16,0,19,58,16,18,0,92,96,0,96,188
01/03/2004,GUM,GU,AWP,WE,Federal Contract Tower,60,16,2,0,78,2,0,20,0,22,62,16,22,0,100,134,0,134,234
01/04/2004,GUM,GU,AWP,WE,Federal Contract Tower,61,16,2,0,79,4,0,20,0,24,65,16,22,0,103,80,0,80,183
01/05/2004,GUM,GU,AWP,WE,Federal Contract Tower,57,16,2,1,76,1,0,20,15,36,58,16,22,16,112,25,4,29,141
01/06/2004,GUM,GU,AWP,WE,Federal Contract Tower,47,11,1,1,60,0,0,19,49,68,47,11,20,50,128,10,44,54,182
01/07/2004,GUM,GU,AWP,WE,Federal Contract Tower,47,14,2,1,64,0,2,15,67,84,47,16,17,68,148,38,44,82,230
01/08/2004,GUM,GU,AWP,WE,Federal Contract Tower,54,15,2,1,72,0,1,3,51,55,54,16,5,52,127,26,66,92,219
01/09/2004,GUM,GU,AWP,WE,Federal Contract Tower,47,13,1,2,63,0,3,5,10,18,47,16,6,12,81,26,14,40,121
01/10/2004,GUM,GU,AWP,WE,Federal Contract Tower,48,13,2,0,63,1,2,5,0,8,49,15,7,0,71,13,0,13,84
01/11/2004,GUM,GU,AWP,WE,Federal Contract Tower,55,15,2,1,73,3,0,20,1,24,58,15,22,2,97,52,0,52,149
01/12/2004,GUM,GU,AWP,WE,Federal Contract Tower,47,11,0,3,61,4,0,25,17,46,51,11,25,20,107,42,17,59,166
01/13/2004,GUM,GU,AWP,WE,Federal Contract Tower,47,16,1,2,66,0,12,28,16,56,47,28,29,18,122,14,43,57,179
01/14/2004,GUM,GU,AWP,WE,Federal Contract Tower,44,12,0,3,59,0,0,18,37,55,44,12,18,40,114,40,16,56,170
01/15/2004,GUM,GU,AWP,WE,Federal Contract Tower,50,11,1,2,64,1,0,14,18,33,51,11,15,20,97,64,14,78,175
01/16/2004,GUM,GU,AWP,WE,Federal Contract Tower,49,12,1,2,64,0,0,12,16,28,49,12,13,18,92,42,0,42,134
01/17/2004,GUM,GU,AWP,WE,Federal Contract Tower,46,10,0,2,58,2,0,23,0,25,48,10,23,2,83,30,0,30,113
01/18/2004,GUM,GU,AWP,WE,Federal Contract Tower,58,11,1,0,70,6,0,12,0,18,64,11,13,0,88,10,0,10,98
01/19/2004,GUM,GU,AWP,WE,Federal Contract Tower,49,12,1,2,64,2,0,2,1,5,51,12,3,3,69,36,0,36,105
01/20/2004,GUM,GU,AWP,WE,Federal Contract Tower,50,12,1,2,65,0,0,36,19,55,50,12,37,21,120,32,26,58,178
01/21/2004,GUM,GU,AWP,WE,Federal Contract Tower,46,12,0,2,60,0,0,28,24,52,46,12,28,26,112,98,42,140,252
01/22/2004,GUM,GU,AWP,WE,Federal Contract Tower,53,11,1,2,67,3,0,7,24,34,56,11,8,26,101,116,64,180,281
01/23/2004,GUM,GU,AWP,WE,Federal Contract Tower,48,12,0,3,63,1,0,14,7,22,49,12,14,10,85,82,56,138,223
01/24/2004,GUM,GU,AWP,WE,Federal Contract Tower,45,10,0,0,55,3,0,12,0,15,48,10,12,0,70,102,0,102,172
01/25/2004,GUM,GU,AWP,WE,Federal Contract Tower,53,12,1,0,66,4,0,13,0,17,57,12,14,0,83,104,0,104,187
01/26/2004,GUM,GU,AWP,WE,Federal Contract Tower,51,11,1,1,64,4,0,3,43,50,55,11,4,44,114,31,2,33,147
01/27/2004,GUM,GU,AWP,WE,Federal Contract Tower,46,14,1,1,62,0,7,20,24,51,46,21,21,25,113,46,120,166,279
01/28/2004,GUM,GU,AWP,WE,Federal Contract Tower,42,11,0,1,54,0,0,29,53,82,42,11,29,54,136,90,62,152,288
01/29/2004,GUM,GU,AWP,WE,Federal Contract Tower,49,12,1,1,63,0,0,5,67,72,49,12,6,68,135,92,16,108,243
01/30/2004,GUM,GU,AWP,WE,Federal Contract Tower,43,11,1,1,56,0,0,11,58,69,43,11,12,59,125,90,64,154,279
01/31/2004,GUM,GU,AWP,WE,Federal Contract Tower,49,12,1,1,63,1,0,1,1,3,50,12,2,2,66,44,0,44,110
02/01/2004,GUM,GU,AWP,WE,Federal Contract Tower,52,11,3,1,67,7,0,25,1,33,59,11,28,2,100,120,0,120,220
02/02/2004,GUM,GU,AWP,WE,Federal Contract Tower,43,12,2,0,57,4,0,20,0,24,47,12,22,0,81,76,0,76,157
02/03/2004,GUM,GU,AWP,WE,Federal Contract Tower,42,13,2,1,58,3,0,18,7,28,45,13,20,8,86,52,14,66,152
02/04/2004,GUM,GU,AWP,WE,Federal Contract Tower,44,12,2,1,59,0,0,21,53,74,44,12,23,54,133,56,44,100,233
02/05/2004,GUM,GU,AWP,WE,Federal Contract Tower,56,16,4,1,77,0,0,17,33,50,56,16,21,34,127,34,6,40,167
02/06/2004,GUM,GU,AWP,WE,Federal Contract Tower,53,16,3,1,73,0,0,12,13,25,53,16,15,14,98,16,90,106,204
02/07/2004,GUM,GU,AWP,WE,Federal Contract Tower,47,12,3,0,62,3,0,2,0,5,50,12,5,0,67,26,0,26,93
02/08/2004,GUM,GU,AWP,WE,Federal Contract Tower,55,16,3,1,75,4,0,5,1,10,59,16,8,2,85,27,0,27,112
02/09/2004,GUM,GU,AWP,WE,Federal Contract Tower,49,14,3,1,67,1,2,7,50,60,50,16,10,51,127,14,52,66,193
02/10/2004,GUM,GU,AWP,WE,Federal Contract Tower,48,16,3,1,68,0,8,16,19,43,48,24,19,20,111,16,8,24,135
02/11/2004,GUM,GU,AWP,WE,Federal Contract Tower,46,14,1,2,63,1,2,3,34,40,47,16,4,36,103,38,30,68,171
02/12/2004,GUM,GU,AWP,WE,Federal Contract Tower,52,15,2,2,71,3,0,8,30,41,55,15,10,32,112,58,0,58,170
02/13/2004,GUM,GU,AWP,WE,Federal Contract Tower,48,14,2,2,66,3,1,4,4,12,51,15,6,6,78,42,24,66,144
02/14/2004,GUM,GU,AWP,WE,Federal Contract Tower,48,14,2,2,66,0,1,16,0,17,48,15,18,2,83,70,6,76,159
02/15/2004,GUM,GU,AWP,WE,Federal Contract Tower,56,15,2,2,75,2,1,44,2,49,58,16,46,4,124,24,0,24,148
02/16/2004,GUM,GU,AWP,WE,Federal Contract Tower,48,13,2,2,65,2,2,16,10,30,50,15,18,12,95,27,0,27,122
02/17/2004,GUM,GU,AWP,WE,Federal Contract Tower,48,15,2,0,65,0,6,21,0,27,48,21,23,0,92,4,0,4,96
02/18/2004,GUM,GU,AWP,WE,Federal Contract Tower,48,15,2,2,67,0,0,19,30,49,48,15,21,32,116,32,46,78,194
02/19/2004,GUM,GU,AWP,WE,Federal Contract Tower,56,16,2,2,76,0,0,7,40,47,56,16,9,42,123,54,48,102,225
02/20/2004,GUM,GU,AWP,WE,Federal Contract Tower,52,15,2,2,71,0,0,14,36,50,52,15,16,38,121,50,18,68,189
02/21/2004,GUM,GU,AWP,WE,Federal Contract Tower,50,15,2,0,67,0,2,10,0,12,50,17,12,0,79,10,0,10,89
02/22/2004,GUM,GU,AWP,WE,Federal Contract Tower,59,16,2,1,78,2,0,15,1,18,61,16,17,2,96,8,0,8,104
02/23/2004,GUM,GU,AWP,WE,Federal Contract Tower,52,15,2,1,70,0,1,24,61,86,52,16,26,62,156,24,34,58,214
02/24/2004,GUM,GU,AWP,WE,Federal Contract Tower,48,14,2,1,65,1,2,21,21,45,49,16,23,22,110,20,32,52,162
02/25/2004,GUM,GU,AWP,WE,Federal Contract Tower,50,16,2,1,69,0,0,28,71,99,50,16,30,72,168,46,0,46,214
02/26/2004,GUM,GU,AWP,WE,Federal Contract Tower,54,12,0,1,67,0,0,0,21,21,54,12,0,22,88,48,38,86,174
02/27/2004,GUM,GU,AWP,WE,Federal Contract Tower,46,12,1,1,60,4,0,13,3,20,50,12,14,4,80,48,10,58,138
02/28/2004,GUM,GU,AWP,WE,Federal Contract Tower,48,10,2,0,60,6,0,4,0,10,54,10,6,0,70,20,6,26,96
02/29/2004,GUM,GU,AWP,WE,Federal Contract Tower,49,12,2,0,63,4,0,13,0,17,53,12,15,0,80,12,0,12,92
03/01/2004,GUM,GU,AWP,WE,Federal Contract Tower,50,11,3,0,64,5,0,16,32,53,55,11,19,32,117,6,34,40,157
03/02/2004,GUM,GU,AWP,WE,Federal Contract Tower,49,13,3,0,65,0,0,21,8,29,49,13,24,8,94,2,28,30,124
03/03/2004,GUM,GU,AWP,WE,Federal Contract Tower,43,13,2,0,58,2,0,12,22,36,45,13,14,22,94,20,12,32,126
03/04/2004,GUM,GU,AWP,WE,Federal Contract Tower,57,16,3,0,76,3,0,1,22,26,60,16,4,22,102,14,15,29,131
03/05/2004,GUM,GU,AWP,WE,Federal Contract Tower,51,15,3,0,69,2,1,6,10,19,53,16,9,10,88,58,12,70,158
03/06/2004,GUM,GU,AWP,WE,Federal Contract Tower,50,14,3,0,67,0,1,15,0,16,50,15,18,0,83,68,0,68,151
03/07/2004,GUM,GU,AWP,WE,Federal Contract Tower,57,16,3,0,76,1,1,30,0,32,58,17,33,0,108,15,0,15,123
03/08/2004,GUM,GU,AWP,WE,Federal Contract Tower,45,13,3,0,61,3,0,10,0,13,48,13,13,0,74,16,0,16,90
03/09/2004,GUM,GU,AWP,WE,Federal Contract Tower,47,14,2,1,64,0,0,14,23,37,47,14,16,24,101,20,14,34,135
03/10/2004,GUM,GU,AWP,WE,Federal Contract Tower,50,14,2,1,67,0,0,19,19,38,50,14,21,20,105,42,4,46,151
03/11/2004,GUM,GU,AWP,WE,Federal Contract Tower,57,16,2,1,76,0,0,2,21,23,57,16,4,22,99,26,20,46,145
03/12/2004,GUM,GU,AWP,WE,Federal Contract Tower,53,15,2,1,71,0,1,9,25,35,53,16,11,26,106,18,4,22,128
03/13/2004,GUM,GU,AWP,WE,Federal Contract Tower,48,14,2,0,64,0,0,17,0,17,48,14,19,0,81,28,0,28,109
03/14/2004,GUM,GU,AWP,WE,Federal Contract Tower,55,16,2,0,73,2,0,9,0,11,57,16,11,0,84,13,0,13,97
03/15/2004,GUM,GU,AWP,WE,Federal Contract Tower,51,15,2,1,69,0,0,16,3,19,51,15,18,4,88,6,4,10,98
03/16/2004,GUM,GU,AWP,WE,Federal Contract Tower,48,14,1,1,64,1,0,44,19,64,49,14,45,20,128,50,38,88,216
03/17/2004,GUM,GU,AWP,WE,Federal Contract Tower,46,14,1,1,62,0,2,19,45,66,46,16,20,46,128,34,8,42,170
03/18/2004,GUM,GU,AWP,WE,Federal Contract Tower,53,14,1,1,69,0,2,0,27,29,53,16,1,28,98,48,32,80,178
03/19/2004,GUM,GU,AWP,WE,Federal Contract Tower,49,16,2,1,68,0,0,35,3,38,49,16,37,4,106,42,12,54,160
03/20/2004,GUM,GU,AWP,WE,Federal Contract Tower,49,13,2,0,64,0,2,35,0,37,49,15,37,0,101,54,0,54,155
03/21/2004,GUM,GU,AWP,WE,Federal Contract Tower,55,12,2,1,70,5,0,24,1,30,60,12,26,2,100,50,0,50,150
03/22/2004,GUM,GU,AWP,WE,Federal Contract Tower,49,13,1,1,64,1,0,19,7,27,50,13,20,8,91,28,0,28,119
03/23/2004,GUM,GU,AWP,WE,Federal Contract Tower,45,14,2,1,62,0,2,25,11,38,45,16,27,12,100,22,6,28,128
03/24/2004,GUM,GU,AWP,WE,Federal Contract Tower,46,11,2,1,60,0,0,32,1,33,46,11,34,2,93,90,18,108,201
03/25/2004,GUM,GU,AWP,WE,Federal Contract Tower,57,15,2,1,75,0,0,6,31,37,57,15,8,32,112,40,20,60,172
03/26/2004,GUM,GU,AWP,WE,Federal Contract Tower,53,14,2,1,70,0,0,17,3,20,53,14,19,4,90,55,16,71,161
03/27/2004,GUM,GU,AWP,WE,Federal Contract Tower,50,13,2,0,65,2,1,9,0,12,52,14,11,0,77,76,0,76,153
03/28/2004,GUM,GU,AWP,WE,Federal Contract Tower,59,14,2,0,75,5,0,22,0,27,64,14,24,0,102,25,0,25,127
03/29/2004,GUM,GU,AWP,WE,Federal Contract Tower,53,13,2,0,68,1,0,47,22,70,54,13,49,22,138,66,0,66,204
03/30/2004,GUM,GU,AWP,WE,Federal Contract Tower,51,14,2,0,67,2,0,12,16,30,53,14,14,16,97,30,8,38,135
03/31/2004,GUM,GU,AWP,WE,Federal Contract Tower,48,14,2,0,64,0,0,19,54,73,48,14,21,54,137,26,4,30,167
04/01/2004,GUM,GU,AWP,WE,Federal Contract Tower,58,14,4,2,78,0,0,4,32,36,58,14,8,34,114,52,30,82,196
04/02/2004,GUM,GU,AWP,WE,Federal Contract Tower,59,18,4,2,83,0,0,20,26,46,59,18,24,28,129,72,8,80,209
04/03/2004,GUM,GU,AWP,WE,Federal Contract Tower,56,14,3,2,75,0,0,36,8,44,56,14,39,10,119,84,0,84,203
04/04/2004,GUM,GU,AWP,WE,Federal Contract Tower,49,13,3,1,66,2,0,22,2,26,51,13,25,3,92,24,0,24,116
04/05/2004,GUM,GU,AWP,WE,Federal Contract Tower,54,16,4,1,75,2,3,27,13,45,56,19,31,14,120,28,16,44,164
04/06/2004,GUM,GU,AWP,WE,Federal Contract Tower,51,16,4,1,72,0,6,5,1,12,51,22,9,2,84,14,0,14,98
04/07/2004,GUM,GU,AWP,WE,Federal Contract Tower,51,15,0,0,66,2,2,0,0,4,53,17,0,0,70,0,0,0,70
04/08/2004,GUM,GU,AWP,WE,Federal Contract Tower,51,14,2,2,69,4,0,5,14,23,55,14,7,16,92,12,68,80,172
04/09/2004,GUM,GU,AWP,WE,Federal Contract Tower,52,16,2,2,72,3,0,30,6,39,55,16,32,8,111,16,2,18,129
04/10/2004,GUM,GU,AWP,WE,Federal Contract Tower,44,13,2,2,61,2,0,2,8,12,46,13,4,10,73,22,0,22,95
04/11/2004,GUM,GU,AWP,WE,Federal Contract Tower,54,10,3,2,69,6,0,22,0,28,60,10,25,2,97,16,0,16,113
04/12/2004,GUM,GU,AWP,WE,Federal Contract Tower,51,12,3,2,68,2,0,30,8,40,53,12,33,10,108,46,28,74,182
04/13/2004,GUM,GU,AWP,WE,Federal Contract Tower,49,14,2,2,67,3,0,14,14,31,52,14,16,16,98,58,56,114,212
04/14/2004,GUM,GU,AWP,WE,Federal Contract Tower,49,17,2,3,71,0,3,7,37,47,49,20,9,40,118,68,70,138,256
04/15/2004,GUM,GU,AWP,WE,Federal Contract Tower,54,13,2,2,71,1,0,6,16,23,55,13,8,18,94,78,46,124,218
04/16/2004,GUM,GU,AWP,WE,Federal Contract Tower,52,15,3,2,72,0,5,16,0,21,52,20,19,2,93,38,0,38,131
04/17/2004,GUM,GU,AWP,WE,Federal Contract Tower,46,12,2,0,60,3,1,20,0,24,49,13,22,0,84,48,0,48,132
04/18/2004,GUM,GU,AWP,WE,Federal Contract Tower,52,13,3,2,70,6,0,20,0,26,58,13,23,2,96,48,6,54,150
04/19/2004,GUM,GU,AWP,WE,Federal Contract Tower,51,15,3,2,71,0,0,14,31,45,51,15,17,33,116,12,58,70,186
04/20/2004,GUM,GU,AWP,WE,Federal Contract Tower,49,12,2,2,65,0,0,14,22,36,49,12,16,24,101,14,2,16,117
04/21/2004,GUM,GU,AWP,WE,Federal Contract Tower,46,14,3,2,65,0,6,9,56,71,46,20,12,58,136,26,22,48,184
04/22/2004,GUM,GU,AWP,WE,Federal Contract Tower,51,16,3,3,73,0,0,9,55,64,51,16,12,58,137,28,30,58,195
04/23/2004,GUM,GU,AWP,WE,Federal Contract Tower,52,16,2,2,72,0,0,28,14,42,52,16,30,16,114,8,24,32,146
04/24/2004,GUM,GU,AWP,WE,Federal Contract Tower,47,13,2,2,64,0,1,30,2,33,47,14,32,4,97,57,0,57,154
04/25/2004,GUM,GU,AWP,WE,Federal Contract Tower,53,13,2,0,68,5,0,17,0,22,58,13,19,0,90,18,0,18,108
04/26/2004,GUM,GU,AWP,WE,Federal Contract Tower,51,14,2,2,69,1,1,6,56,64,52,15,8,58,133,18,28,46,179
04/27/2004,GUM,GU,AWP,WE,Federal Contract Tower,46,13,2,2,63,3,1,6,10,20,49,14,8,12,83,10,40,50,133
04/28/2004,GUM,GU,AWP,WE,Federal Contract Tower,46,14,2,1,63,0,5,5,30,40,46,19,7,31,103,102,22,124,227
04/29/2004,GUM,GU,AWP,WE,Federal Contract Tower,60,15,2,2,79,4,0,4,22,30,64,15,6,24,109,122,50,172,281
04/30/2004,GUM,GU,AWP,WE,Federal Contract Tower,54,16,3,1,74,0,2,15,5,22,54,18,18,6,96,150,0,150,246
05/01/2004,GUM,GU,AWP,WE,Federal Contract Tower,54,12,1,0,67,9,0,34,0,43,63,12,35,0,110,96,0,96,206
05/02/2004,GUM,GU,AWP,WE,Federal Contract Tower,62,14,1,0,77,10,0,73,0,83,72,14,74,0,160,135,0,135,295
05/03/2004,GUM,GU,AWP,WE,Federal Contract Tower,54,14,1,4,73,2,0,50,19,71,56,14,51,23,144,164,14,178,322
05/04/2004,GUM,GU,AWP,WE,Federal Contract Tower,58,14,1,4,77,2,0,23,20,45,60,14,24,24,122,42,44,86,208
05/05/2004,GUM,GU,AWP,WE,Federal Contract Tower,61,17,1,4,83,3,0,11,15,29,64,17,12,19,112,74,36,110,222
05/06/2004,GUM,GU,AWP,WE,Federal Contract Tower,56,15,1,3,75,0,0,11,15,26,56,15,12,18,101,100,2,102,203
05/07/2004,GUM,GU,AWP,WE,Federal Contract Tower,52,17,1,3,73,0,3,14,3,20,52,20,15,6,93,56,6,62,155
05/08/2004,GUM,GU,AWP,WE,Federal Contract Tower,46,13,1,0,60,3,1,17,0,21,49,14,18,0,81,64,0,64,145
05/09/2004,GUM,GU,AWP,WE,Federal Contract Tower,53,14,1,3,71,4,0,21,6,31,57,14,22,9,102,17,0,17,119
05/10/2004,GUM,GU,AWP,WE,Federal Contract Tower,51,14,1,3,69,1,0,17,9,27,52,14,18,12,96,12,2,14,110
05/11/2004,GUM,GU,AWP,WE,Federal Contract Tower,51,14,1,4,70,0,0,15,66,81,51,14,16,70,151,8,0,8,159
05/12/2004,GUM,GU,AWP,WE,Federal Contract Tower,46,14,1,3,64,0,0,20,17,37,46,14,21,20,101,44,40,84,185
05/13/2004,GUM,GU,AWP,WE,Federal Contract Tower,47,14,1,3,65,4,0,11,13,28,51,14,12,16,93,92,78,170,263
05/14/2004,GUM,GU,AWP,WE,Federal Contract Tower,41,13,1,3,58,0,0,10,29,39,41,13,11,32,97,68,32,100,197
05/15/2004,GUM,GU,AWP,WE,Federal Contract Tower,45,13,1,3,62,0,1,15,1,17,45,14,16,4,79,64,4,68,147
05/16/2004,GUM,GU,AWP,WE,Federal Contract Tower,52,14,1,3,70,5,0,28,5,38,57,14,29,8,108,26,0,26,134
05/17/2004,GUM,GU,AWP,WE,Federal Contract Tower,50,14,1,3,68,1,0,25,26,52,51,14,26,29,120,32,0,32,152
05/18/2004,GUM,GU,AWP,WE,Federal Contract Tower,44,12,1,3,60,2,2,25,45,74,46,14,26,48,134,60,38,98,232
05/19/2004,GUM,GU,AWP,WE,Federal Contract Tower,48,15,1,4,68,0,2,12,18,32,48,17,13,22,100,114,46,160,260
05/20/2004,GUM,GU,AWP,WE,Federal Contract Tower,54,12,1,4,71,0,0,8,16,24,54,12,9,20,95,90,16,106,201
05/21/2004,GUM,GU,AWP,WE,Federal Contract Tower,49,16,1,4,70,0,8,19,4,31,49,24,20,8,101,64,10,74,175
05/22/2004,GUM,GU,AWP,WE,Federal Contract Tower,44,12,0,0,56,1,2,33,0,36,45,14,33,0,92,60,2,62,154
05/23/2004,GUM,GU,AWP,WE,Federal Contract Tower,52,13,0,0,65,5,0,41,0,46,57,13,41,0,111,54,0,54,165
05/24/2004,GUM,GU,AWP,WE,Federal Contract Tower,49,13,0,4,66,3,1,25,24,53,52,14,25,28,119,24,14,38,157
05/25/2004,GUM,GU,AWP,WE,Federal Contract Tower,46,14,0,4,64,0,0,19,14,33,46,14,19,18,97,12,18,30,127
05/26/2004,GUM,GU,AWP,WE,Federal Contract Tower,47,16,0,4,67,0,1,6,8,15,47,17,6,12,82,32,24,56,138
05/27/2004,GUM,GU,AWP,WE,Federal Contract Tower,51,15,0,4,70,0,3,6,20,29,51,18,6,24,99,74,30,104,203
05/28/2004,GUM,GU,AWP,WE,Federal Contract Tower,51,14,0,4,69,0,5,12,14,31,51,19,12,18,100,82,0,82,182
05/29/2004,GUM,GU,AWP,WE,Federal Contract Tower,45,12,0,0,57,0,2,18,0,20,45,14,18,0,77,54,0,54,131
05/30/2004,GUM,GU,AWP,WE,Federal Contract Tower,54,14,0,0,68,5,0,14,0,19,59,14,14,0,87,46,0,46,133
05/31/2004,GUM,GU,AWP,WE,Federal Contract Tower,50,14,0,0,64,3,0,12,0,15,53,14,12,0,79,50,0,50,129
06/01/2004,GUM,GU,AWP,WE,Federal Contract Tower,47,14,2,2,65,0,0,21,22,43,47,14,23,24,108,66,24,90,198
06/02/2004,GUM,GU,AWP,WE,Federal Contract Tower,48,15,2,2,67,0,0,20,18,38,48,15,22,20,105,88,18,106,211
06/03/2004,GUM,GU,AWP,WE,Federal Contract Tower,52,14,2,2,70,1,0,12,18,31,53,14,14,20,101,116,28,144,245
06/04/2004,GUM,GU,AWP,WE,Federal Contract Tower,50,16,2,3,71,0,9,15,11,35,50,25,17,14,106,106,22,128,234
06/05/2004,GUM,GU,AWP,WE,Federal Contract Tower,46,12,2,0,60,2,2,28,0,32,48,14,30,0,92,36,0,36,128
06/06/2004,GUM,GU,AWP,WE,Federal Contract Tower,55,14,2,2,73,5,0,40,2,47,60,14,42,4,120,28,0,28,148
06/07/2004,GUM,GU,AWP,WE,Federal Contract Tower,49,13,1,3,66,1,1,29,9,40,50,14,30,12,106,38,18,56,162
06/08/2004,GUM,GU,AWP,WE,Federal Contract Tower,46,12,1,3,62,1,1,1,17,20,47,13,2,20,82,48,8,56,138
06/09/2004,GUM,GU,AWP,WE,Federal Contract Tower,47,13,1,3,64,1,1,23,11,36,48,14,24,14,100,47,24,71,171
06/10/2004,GUM,GU,AWP,WE,Federal Contract Tower,51,14,1,3,69,2,0,7,13,22,53,14,8,16,91,74,12,86,177
06/11/2004,GUM,GU,AWP,WE,Federal Contract Tower,47,13,1,3,64,3,1,9,1,14,50,14,10,4,78,78,4,82,160
06/12/2004,GUM,GU,AWP,WE,Federal Contract Tower,43,9,0,0,52,6,0,39,0,45,49,9,39,0,97,62,0,62,159
06/13/2004,GUM,GU,AWP,WE,Federal Contract Tower,52,12,1,0,65,6,0,33,0,39,58,12,34,0,104,18,0,18,122
06/14/2004,GUM,GU,AWP,WE,Federal Contract Tower,54,16,1,3,74,0,2,16,5,23,54,18,17,8,97,32,0,32,129
06/15/2004,GUM,GU,AWP,WE,Federal Contract Tower,48,10,1,3,62,1,0,11,5,17,49,10,12,8,79,28,14,42,121
06/16/2004,GUM,GU,AWP,WE,Federal Contract Tower,46,13,1,3,63,0,1,11,5,17,46,14,12,8,80,54,0,54,134
06/17/2004,GUM,GU,AWP,WE,Federal Contract Tower,50,14,1,3,68,3,0,2,9,14,53,14,3,12,82,36,8,44,126
06/18/2004,GUM,GU,AWP,WE,Federal Contract Tower,52,17,1,4,74,0,6,6,18,30,52,23,7,22,104,52,6,58,162
06/19/2004,GUM,GU,AWP,WE,Federal Contract Tower,47,11,1,3,62,0,3,18,1,22,47,14,19,4,84,38,0,38,122
06/20/2004,GUM,GU,AWP,WE,Federal Contract Tower,56,14,1,0,71,0,0,16,0,16,56,14,17,0,87,27,0,27,114
06/21/2004,GUM,GU,AWP,WE,Federal Contract Tower,55,15,1,3,74,0,1,8,1,10,55,16,9,4,84,37,0,37,121
06/22/2004,GUM,GU,AWP,WE,Federal Contract Tower,51,14,1,2,68,0,2,6,10,18,51,16,7,12,86,0,0,0,86
06/23/2004,GUM,GU,AWP,WE,Federal Contract Tower,46,15,1,2,64,0,3,10,16,29,46,18,11,18,93,32,28,60,153
06/24/2004,GUM,GU,AWP,WE,Federal Contract Tower,51,16,1,3,71,0,0,6,15,21,51,16,7,18,92,8,8,16,108
06/25/2004,GUM,GU,AWP,WE,Federal Contract Tower,49,14,1,2,66,0,4,13,2,19,49,18,14,4,85,30,20,50,135
06/26/2004,GUM,GU,AWP,WE,Federal Contract Tower,47,12,1,1,61,0,1,24,0,25,47,13,25,1,86,52,0,52,138
06/27/2004,GUM,GU,AWP,WE,Federal Contract Tower,38,2,0,0,40,9,0,1,0,10,47,2,1,0,50,0,0,0,50
06/28/2004,GUM,GU,AWP,WE,Federal Contract Tower,26,0,0,1,27,7,0,0,2,9,33,0,0,3,36,0,1,1,37
06/29/2004,GUM,GU,AWP,WE,Federal Contract Tower,59,10,0,2,71,8,0,0,8,16,67,10,0,10,87,4,0,4,91
06/30/2004,GUM,GU,AWP,WE,Federal Contract Tower,52,14,1,2,69,1,0,23,24,48,53,14,24,26,117,30,28,58,175
07/01/2004,GUM,GU,AWP,WE,Federal Contract Tower,50,18,3,3,74,4,0,5,13,22,54,18,8,16,96,66,6,72,168
07/02/2004,GUM,GU,AWP,WE,Federal Contract Tower,57,20,3,4,84,0,0,16,14,30,57,20,19,18,114,28,0,28,142
07/03/2004,GUM,GU,AWP,WE,Federal Contract Tower,46,18,2,0,66,4,0,15,0,19,50,18,17,0,85,26,2,28,113
07/04/2004,GUM,GU,AWP,WE,Federal Contract Tower,52,15,3,0,70,7,0,8,0,15,59,15,11,0,85,40,0,40,125
07/05/2004,GUM,GU,AWP,WE,Federal Contract Tower,49,18,2,0,69,4,1,2,0,7,53,19,4,0,76,14,0,14,90
07/06/2004,GUM,GU,AWP,WE,Federal Contract Tower,50,15,3,3,71,0,0,26,35,61,50,15,29,38,132,34,58,92,224
07/07/2004,GUM,GU,AWP,WE,Federal Contract Tower,46,18,2,3,69,0,3,12,23,38,46,21,14,26,107,44,0,44,151
07/08/2004,GUM,GU,AWP,WE,Federal Contract Tower,49,19,2,3,73,3,0,10,5,18,52,19,12,8,91,78,16,94,185
07/09/2004,GUM,GU,AWP,WE,Federal Contract Tower,49,18,2,3,72,2,3,6,1,12,51,21,8,4,84,30,12,42,126
07/10/2004,GUM,GU,AWP,WE,Federal Contract Tower,44,16,2,0,62,5,0,31,0,36,49,16,33,0,98,50,0,50,148
07/11/2004,GUM,GU,AWP,WE,Federal Contract Tower,53,17,3,0,73,7,0,9,0,16,60,17,12,0,89,4,0,4,93
07/12/2004,GUM,GU,AWP,WE,Federal Contract Tower,55,21,2,4,82,1,0,10,53,64,56,21,12,57,146,47,18,65,211
07/13/2004,GUM,GU,AWP,WE,Federal Contract Tower,52,17,2,4,75,0,0,7,32,39,52,17,9,36,114,34,2,36,150
07/14/2004,GUM,GU,AWP,WE,Federal Contract Tower,46,18,2,4,70,0,0,21,32,53,46,18,23,36,123,4,4,8,131
07/15/2004,GUM,GU,AWP,WE,Federal Contract Tower,53,16,2,4,75,0,0,7,8,15,53,16,9,12,90,46,18,64,154
07/16/2004,GUM,GU,AWP,WE,Federal Contract Tower,54,21,2,4,81,0,7,3,0,10,54,28,5,4,91,26,0,26,117
07/17/2004,GUM,GU,AWP,WE,Federal Contract Tower,50,17,2,2,71,0,6,12,0,18,50,23,14,2,89,40,6,46,135
07/18/2004,GUM,GU,AWP,WE,Federal Contract Tower,58,18,2,0,78,3,0,37,0,40,61,18,39,0,118,42,0,42,160
07/19/2004,GUM,GU,AWP,WE,Federal Contract Tower,54,19,2,4,79,1,3,20,13,37,55,22,22,17,116,29,18,47,163
07/20/2004,GUM,GU,AWP,WE,Federal Contract Tower,58,20,2,4,84,3,0,7,14,24,61,20,9,18,108,10,0,10,118
07/21/2004,GUM,GU,AWP,WE,Federal Contract Tower,51,20,2,4,77,0,3,9,52,64,51,23,11,56,141,36,80,116,257
07/22/2004,GUM,GU,AWP,WE,Federal Contract Tower,54,16,2,3,75,0,0,7,21,28,54,16,9,24,103,52,32,84,187
07/23/2004,GUM,GU,AWP,WE,Federal Contract Tower,55,23,2,4,84,0,5,17,8,30,55,28,19,12,114,30,2,32,146
07/24/2004,GUM,GU,AWP,WE,Federal Contract Tower,54,20,2,2,78,0,3,10,0,13,54,23,12,2,91,32,0,32,123
07/25/2004,GUM,GU,AWP,WE,Federal Contract Tower,58,18,2,0,78,6,0,4,0,10,64,18,6,0,88,26,0,26,114
07/26/2004,GUM,GU,AWP,WE,Federal Contract Tower,58,19,2,3,82,5,0,14,28,47,63,19,16,31,129,33,0,33,162
07/27/2004,GUM,GU,AWP,WE,Federal Contract Tower,57,23,2,3,85,0,3,13,21,37,57,26,15,24,122,44,72,116,238
07/28/2004,GUM,GU,AWP,WE,Federal Contract Tower,49,19,2,3,73,0,3,22,29,54,49,22,24,32,127,56,20,76,203
07/29/2004,GUM,GU,AWP,WE,Federal Contract Tower,56,16,2,3,77,2,0,1,18,21,58,16,3,21,98,84,16,100,198
07/30/2004,GUM,GU,AWP,WE,Federal Contract Tower,58,21,2,3,84,0,0,19,11,30,58,21,21,14,114,30,38,68,182
07/31/2004,GUM,GU,AWP,WE,Federal Contract Tower,52,21,2,2,77,0,3,5,0,8,52,24,7,2,85,77,4,81,166
08/01/2004,GUM,GU,AWP,WE,Federal Contract Tower,60,22,2,0,84,4,0,6,0,10,64,22,8,0,94,26,0,26,120
08/02/2004,GUM,GU,AWP,WE,Federal Contract Tower,58,22,2,1,83,0,0,14,23,37,58,22,16,24,120,50,4,54,174
08/03/2004,GUM,GU,AWP,WE,Federal Contract Tower,51,23,2,1,77,0,2,3,34,39,51,25,5,35,116,22,6,28,144
08/04/2004,GUM,GU,AWP,WE,Federal Contract Tower,48,20,2,1,71,0,2,2,31,35,48,22,4,32,106,10,20,30,136
08/05/2004,GUM,GU,AWP,WE,Federal Contract Tower,56,20,1,1,78,3,0,0,1,4,59,20,1,2,82,2,4,6,88
08/06/2004,GUM,GU,AWP,WE,Federal Contract Tower,58,23,2,1,84,0,3,4,7,14,58,26,6,8,98,54,0,54,152
08/07/2004,GUM,GU,AWP,WE,Federal Contract Tower,50,19,2,0,71,0,3,16,0,19,50,22,18,0,90,58,0,58,148
08/08/2004,GUM,GU,AWP,WE,Federal Contract Tower,58,22,2,0,82,4,0,12,0,16,62,22,14,0,98,18,0,18,116
08/09/2004,GUM,GU,AWP,WE,Federal Contract Tower,54,20,1,2,77,0,2,25,30,57,54,22,26,32,134,46,31,77,211
08/10/2004,GUM,GU,AWP,WE,Federal Contract Tower,52,21,1,2,76,0,1,27,22,50,52,22,28,24,126,32,14,46,172
08/11/2004,GUM,GU,AWP,WE,Federal Contract Tower,48,20,1,2,71,0,0,9,42,51,48,20,10,44,122,50,14,64,186
08/12/2004,GUM,GU,AWP,WE,Federal Contract Tower,57,20,1,2,80,3,0,2,2,7,60,20,3,4,87,74,2,76,163
08/13/2004,GUM,GU,AWP,WE,Federal Contract Tower,63,24,1,3,91,0,0,15,9,24,63,24,16,12,115,28,2,30,145
08/14/2004,GUM,GU,AWP,WE,Federal Contract Tower,58,20,1,2,81,0,0,38,2,40,58,20,39,4,121,40,0,40,161
08/15/2004,GUM,GU,AWP,WE,Federal Contract Tower,61,20,1,0,82,5,0,20,0,25,66,20,21,0,107,28,0,28,135
08/16/2004,GUM,GU,AWP,WE,Federal Contract Tower,58,22,1,2,83,0,3,3,5,11,58,25,4,7,94,12,0,12,106
08/17/2004,GUM,GU,AWP,WE,Federal Contract Tower,52,18,1,2,73,0,3,8,22,33,52,21,9,24,106,28,8,36,142
08/18/2004,GUM,GU,AWP,WE,Federal Contract Tower,50,20,1,0,71,0,7,6,0,13,50,27,7,0,84,54,28,82,166
08/19/2004,GUM,GU,AWP,WE,Federal Contract Tower,55,20,1,2,78,1,2,3,16,22,56,22,4,18,100,18,66,84,184
08/20/2004,GUM,GU,AWP,WE,Federal Contract Tower,52,20,1,2,75,0,2,6,2,10,52,22,7,4,85,42,8,50,135
08/21/2004,GUM,GU,AWP,WE,Federal Contract Tower,48,18,1,2,69,0,2,36,8,46,48,20,37,10,115,38,0,38,153
08/22/2004,GUM,GU,AWP,WE,Federal Contract Tower,27,4,0,0,31,5,0,1,0,6,32,4,1,0,37,0,0,0,37
08/23/2004,GUM,GU,AWP,WE,Federal Contract Tower,30,8,0,0,38,4,0,2,0,6,34,8,2,0,44,2,0,2,46
08/24/2004,GUM,GU,AWP,WE,Federal Contract Tower,69,17,1,0,87,9,0,2,0,11,78,17,3,0,98,0,0,0,98
08/25/2004,GUM,GU,AWP,WE,Federal Contract Tower,47,18,0,2,67,0,3,23,48,74,47,21,23,50,141,48,8,56,197
08/26/2004,GUM,GU,AWP,WE,Federal Contract Tower,55,19,1,2,77,0,1,1,8,10,55,20,2,10,87,82,0,82,169
08/27/2004,GUM,GU,AWP,WE,Federal Contract Tower,50,15,1,1,67,5,0,2,1,8,55,15,3,2,75,6,6,12,87
08/28/2004,GUM,GU,AWP,WE,Federal Contract Tower,47,16,0,0,63,4,0,20,0,24,51,16,20,0,87,22,0,22,109
08/29/2004,GUM,GU,AWP,WE,Federal Contract Tower,63,24,1,0,88,0,0,14,0,14,63,24,15,0,102,26,0,26,128
08/30/2004,GUM,GU,AWP,WE,Federal Contract Tower,52,19,0,1,72,0,2,0,19,21,52,21,0,20,93,23,0,23,116
08/31/2004,GUM,GU,AWP,WE,Federal Contract Tower,47,19,0,1,67,0,1,12,35,48,47,20,12,36,115,10,6,16,131
09/01/2004,GUM,GU,AWP,WE,Federal Contract Tower,47,23,1,4,75,0,5,7,18,30,47,28,8,22,105,36,18,54,159
09/02/2004,GUM,GU,AWP,WE,Federal Contract Tower,51,22,1,3,77,0,0,5,19,24,51,22,6,22,101,46,48,94,195
09/03/2004,GUM,GU,AWP,WE,Federal Contract Tower,50,23,1,4,78,0,2,12,26,40,50,25,13,30,118,34,88,122,240
09/04/2004,GUM,GU,AWP,WE,Federal Contract Tower,46,20,1,3,70,0,0,19,3,22,46,20,20,6,92,46,4,50,142
09/05/2004,GUM,GU,AWP,WE,Federal Contract Tower,52,18,1,0,71,9,0,19,0,28,61,18,20,0,99,78,10,88,187
09/06/2004,GUM,GU,AWP,WE,Federal Contract Tower,52,23,1,0,76,2,2,19,0,23,54,25,20,0,99,134,0,134,233
09/07/2004,GUM,GU,AWP,WE,Federal Contract Tower,46,25,2,4,77,0,4,20,38,62,46,29,22,42,139,85,36,121,260
09/08/2004,GUM,GU,AWP,WE,Federal Contract Tower,47,25,1,4,77,0,1,11,32,44,47,26,12,36,121,18,30,48,169
09/09/2004,GUM,GU,AWP,WE,Federal Contract Tower,51,20,1,3,75,1,0,5,7,13,52,20,6,10,88,84,28,112,200
09/10/2004,GUM,GU,AWP,WE,Federal Contract Tower,53,25,1,4,83,0,0,1,16,17,53,25,2,20,100,48,80,128,228
09/11/2004,GUM,GU,AWP,WE,Federal Contract Tower,44,19,1,3,67,0,2,7,7,16,44,21,8,10,83,74,2,76,159
09/12/2004,GUM,GU,AWP,WE,Federal Contract Tower,47,17,1,0,65,8,0,9,0,17,55,17,10,0,82,50,0,50,132
09/13/2004,GUM,GU,AWP,WE,Federal Contract Tower,48,21,1,4,74,0,1,14,18,33,48,22,15,22,107,16,20,36,143
09/14/2004,GUM,GU,AWP,WE,Federal Contract Tower,46,20,1,3,70,1,1,11,1,14,47,21,12,4,84,14,2,16,100
09/15/2004,GUM,GU,AWP,WE,Federal Contract Tower,44,22,1,4,71,0,4,19,36,59,44,26,20,40,130,26,114,140,270
09/16/2004,GUM,GU,AWP,WE,Federal Contract Tower,47,20,0,3,70,2,0,0,7,9,49,20,0,10,79,44,20,64,143
09/17/2004,GUM,GU,AWP,WE,Federal Contract Tower,50,23,1,4,78,0,5,33,16,54,50,28,34,20,132,58,0,58,190
09/18/2004,GUM,GU,AWP,WE,Federal Contract Tower,46,19,1,0,66,3,0,14,0,17,49,19,15,0,83,30,0,30,113
09/19/2004,GUM,GU,AWP,WE,Federal Contract Tower,53,19,1,0,73,8,0,13,0,21,61,19,14,0,94,22,0,22,116
09/20/2004,GUM,GU,AWP,WE,Federal Contract Tower,51,21,1,0,73,3,2,3,0,8,54,23,4,0,81,24,0,24,105
09/21/2004,GUM,GU,AWP,WE,Federal Contract Tower,46,19,1,3,69,0,2,11,9,22,46,21,12,12,91,26,34,60,151
09/22/2004,GUM,GU,AWP,WE,Federal Contract Tower,45,22,1,3,71,0,0,14,29,43,45,22,15,32,114,24,28,52,166
09/23/2004,GUM,GU,AWP,WE,Federal Contract Tower,54,21,1,3,79,0,0,24,3,27,54,21,25,6,106,72,0,72,178
09/24/2004,GUM,GU,AWP,WE,Federal Contract Tower,48,20,1,0,69,0,6,15,0,21,48,26,16,0,90,110,0,110,200
09/25/2004,GUM,GU,AWP,WE,Federal Contract Tower,45,18,0,2,65,1,3,26,0,30,46,21,26,2,95,82,0,82,177
09/26/2004,GUM,GU,AWP,WE,Federal Contract Tower,49,19,0,0,68,5,0,12,0,17,54,19,12,0,85,38,0,38,123
09/27/2004,GUM,GU,AWP,WE,Federal Contract Tower,51,21,0,0,72,1,0,10,0,11,52,21,10,0,83,44,0,44,127
09/28/2004,GUM,GU,AWP,WE,Federal Contract Tower,40,10,0,2,52,9,0,6,4,19,49,10,6,6,71,16,4,20,91
09/29/2004,GUM,GU,AWP,WE,Federal Contract Tower,41,12,0,2,55,8,0,6,0,14,49,12,6,2,69,48,0,48,117
09/30/2004,GUM,GU,AWP,WE,Federal Contract Tower,53,20,0,0,73,4,0,2,0,6,57,20,2,0,79,52,0,52,131
10/01/2004,GUM,GU,AWP,WE,Federal Contract Tower,48,26,4,4,82,0,0,4,4,8,48,26,8,8,90,66,8,74,164
10/02/2004,GUM,GU,AWP,WE,Federal Contract Tower,48,14,0,0,62,0,0,0,0,0,48,14,0,0,62,40,8,48,110
10/03/2004,GUM,GU,AWP,WE,Federal Contract Tower,54,19,2,0,75,0,0,0,0,0,54,19,2,0,75,18,0,18,93
10/04/2004,GUM,GU,AWP,WE,Federal Contract Tower,52,21,0,0,73,0,1,0,20,21,52,22,0,20,94,12,0,12,106
10/05/2004,GUM,GU,AWP,WE,Federal Contract Tower,46,20,2,4,72,0,0,16,28,44,46,20,18,32,116,12,92,104,220
10/06/2004,GUM,GU,AWP,WE,Federal Contract Tower,49,20,4,2,75,0,0,13,50,63,49,20,17,52,138,26,36,62,200
10/07/2004,GUM,GU,AWP,WE,Federal Contract Tower,51,24,1,0,76,0,0,6,4,10,51,24,7,4,86,24,10,34,120
10/08/2004,GUM,GU,AWP,WE,Federal Contract Tower,47,22,0,2,71,0,0,8,2,10,47,22,8,4,81,52,12,64,145
10/09/2004,GUM,GU,AWP,WE,Federal Contract Tower,41,19,0,0,60,0,0,2,4,6,41,19,2,4,66,28,0,28,94
10/10/2004,GUM,GU,AWP,WE,Federal Contract Tower,55,19,0,0,74,0,0,24,0,24,55,19,24,0,98,18,0,18,116
10/11/2004,GUM,GU,AWP,WE,Federal Contract Tower,50,22,0,0,72,0,1,26,0,27,50,23,26,0,99,76,0,76,175
10/12/2004,GUM,GU,AWP,WE,Federal Contract Tower,45,18,1,2,66,0,0,12,0,12,45,18,13,2,78,20,2,22,100
10/13/2004,GUM,GU,AWP,WE,Federal Contract Tower,48,18,0,22,88,0,0,6,12,18,48,18,6,34,106,24,44,68,174
10/14/2004,GUM,GU,AWP,WE,Federal Contract Tower,52,22,0,14,88,0,0,3,72,75,52,22,3,86,163,8,12,20,183
10/15/2004,GUM,GU,AWP,WE,Federal Contract Tower,51,21,0,2,74,0,0,3,14,17,51,21,3,16,91,0,0,0,91
10/16/2004,GUM,GU,AWP,WE,Federal Contract Tower,44,18,0,0,62,0,0,4,0,4,44,18,4,0,66,22,0,22,88
10/17/2004,GUM,GU,AWP,WE,Federal Contract Tower,51,19,1,0,71,0,0,12,2,14,51,19,13,2,85,46,0,46,131
10/18/2004,GUM,GU,AWP,WE,Federal Contract Tower,47,18,1,0,66,0,2,14,0,16,47,20,15,0,82,66,0,66,148
10/19/2004,GUM,GU,AWP,WE,Federal Contract Tower,45,20,0,0,65,0,0,16,0,16,45,20,16,0,81,14,0,14,95
10/20/2004,GUM,GU,AWP,WE,Federal Contract Tower,43,3,0,0,46,0,0,0,0,0,43,3,0,0,46,0,0,0,46
10/21/2004,GUM,GU,AWP,WE,Federal Contract Tower,48,20,0,0,68,0,0,3,0,3,48,20,3,0,71,22,0,22,93
10/22/2004,GUM,GU,AWP,WE,Federal Contract Tower,50,23,1,10,84,0,0,5,14,19,50,23,6,24,103,68,64,132,235
10/23/2004,GUM,GU,AWP,WE,Federal Contract Tower,44,20,2,0,66,0,0,0,2,2,44,20,2,2,68,48,0,48,116
10/24/2004,GUM,GU,AWP,WE,Federal Contract Tower,53,19,8,0,80,0,0,25,0,25,53,19,33,0,105,26,0,26,131
10/25/2004,GUM,GU,AWP,WE,Federal Contract Tower,49,22,0,0,71,0,0,16,2,18,49,22,16,2,89,12,0,12,101
10/26/2004,GUM,GU,AWP,WE,Federal Contract Tower,45,20,0,18,83,0,0,18,58,76,45,20,18,76,159,10,32,42,201
10/27/2004,GUM,GU,AWP,WE,Federal Contract Tower,47,20,3,10,80,0,0,10,90,100,47,20,13,100,180,30,14,44,224
10/28/2004,GUM,GU,AWP,WE,Federal Contract Tower,48,20,2,4,74,0,0,2,16,18,48,20,4,20,92,48,26,74,166
10/29/2004,GUM,GU,AWP,WE,Federal Contract Tower,48,27,0,14,89,0,0,4,48,52,48,27,4,62,141,78,90,168,309
10/30/2004,GUM,GU,AWP,WE,Federal Contract Tower,45,19,0,0,64,0,0,0,0,0,45,19,0,0,64,52,0,52,116
10/31/2004,GUM,GU,AWP,WE,Federal Contract Tower,55,20,1,0,76,0,0,6,6,12,55,20,7,6,88,42,0,42,130
11/01/2004,GUM,GU,AWP,WE,Federal Contract Tower,44,28,1,0,73,0,2,8,12,22,44,30,9,12,95,16,0,16,111
11/02/2004,GUM,GU,AWP,WE,Federal Contract Tower,41,23,0,6,70,0,2,8,22,32,41,25,8,28,102,16,20,36,138
11/03/2004,GUM,GU,AWP,WE,Federal Contract Tower,49,30,2,2,83,0,2,0,32,34,49,32,2,34,117,48,32,80,197
11/04/2004,GUM,GU,AWP,WE,Federal Contract Tower,46,25,0,6,77,0,0,1,22,23,46,25,1,28,100,64,48,112,212
11/05/2004,GUM,GU,AWP,WE,Federal Contract Tower,49,28,2,0,79,0,0,6,0,6,49,28,8,0,85,74,2,76,161
11/06/2004,GUM,GU,AWP,WE,Federal Contract Tower,41,30,0,0,71,0,0,18,0,18,41,30,18,0,89,106,0,106,195
11/07/2004,GUM,GU,AWP,WE,Federal Contract Tower,54,22,2,0,78,0,4,14,0,18,54,26,16,0,96,68,0,68,164
11/08/2004,GUM,GU,AWP,WE,Federal Contract Tower,47,24,2,0,73,0,2,19,2,23,47,26,21,2,96,36,10,46,142
11/09/2004,GUM,GU,AWP,WE,Federal Contract Tower,44,26,3,2,75,0,0,10,32,42,44,26,13,34,117,50,24,74,191
11/10/2004,GUM,GU,AWP,WE,Federal Contract Tower,47,30,0,10,87,0,0,24,72,96,47,30,24,82,183,36,0,36,219
11/11/2004,GUM,GU,AWP,WE,Federal Contract Tower,46,28,2,0,76,0,0,0,4,4,46,28,2,4,80,22,4,26,106
11/12/2004,GUM,GU,AWP,WE,Federal Contract Tower,48,30,1,2,81,0,0,9,8,17,48,30,10,10,98,42,24,66,164
11/13/2004,GUM,GU,AWP,WE,Federal Contract Tower,40,28,0,8,76,0,0,4,2,6,40,28,4,10,82,44,0,44,126
11/14/2004,GUM,GU,AWP,WE,Federal Contract Tower,53,28,1,0,82,0,0,8,0,8,53,28,9,0,90,34,0,34,124
11/15/2004,GUM,GU,AWP,WE,Federal Contract Tower,49,27,1,0,77,0,1,25,18,44,49,28,26,18,121,22,0,22,143
11/16/2004,GUM,GU,AWP,WE,Federal Contract Tower,43,27,2,6,78,0,0,6,36,42,43,27,8,42,120,38,70,108,228
11/17/2004,GUM,GU,AWP,WE,Federal Contract Tower,51,31,4,8,94,0,0,16,54,70,51,31,20,62,164,94,44,138,302
11/18/2004,GUM,GU,AWP,WE,Federal Contract Tower,44,27,0,12,83,0,0,14,36,50,44,27,14,48,133,78,0,78,211
11/19/2004,GUM,GU,AWP,WE,Federal Contract Tower,48,31,2,10,91,0,0,6,10,16,48,31,8,20,107,88,36,124,231
11/20/2004,GUM,GU,AWP,WE,Federal Contract Tower,48,26,0,0,74,0,0,26,10,36,48,26,26,10,110,66,0,66,176
11/21/2004,GUM,GU,AWP,WE,Federal Contract Tower,53,26,0,0,79,0,0,16,0,16,53,26,16,0,95,64,0,64,159
11/22/2004,GUM,GU,AWP,WE,Federal Contract Tower,50,28,0,4,82,0,2,36,22,60,50,30,36,26,142,48,14,62,204
11/23/2004,GUM,GU,AWP,WE,Federal Contract Tower,47,17,0,1,65,0,0,16,6,22,47,17,16,7,87,20,36,56,143
11/24/2004,GUM,GU,AWP,WE,Federal Contract Tower,47,29,0,0,76,0,0,28,0,28,47,29,28,0,104,22,0,22,126
11/25/2004,GUM,GU,AWP,WE,Federal Contract Tower,48,21,3,1,73,0,0,4,0,4,48,21,7,1,77,18,0,18,95
11/26/2004,GUM,GU,AWP,WE,Federal Contract Tower,48,28,2,0,78,0,0,8,0,8,48,28,10,0,86,48,0,48,134
11/27/2004,GUM,GU,AWP,WE,Federal Contract Tower,40,27,14,0,81,0,0,0,0,0,40,27,14,0,81,34,0,34,115
11/28/2004,GUM,GU,AWP,WE,Federal Contract Tower,52,30,1,0,83,0,0,32,0,32,52,30,33,0,115,24,0,24,139
11/29/2004,GUM,GU,AWP,WE,Federal Contract Tower,51,24,0,0,75,0,2,20,6,28,51,26,20,6,103,20,0,20,123
11/30/2004,GUM,GU,AWP,WE,Federal Contract Tower,42,24,0,2,68,0,0,6,60,66,42,24,6,62,134,2,0,2,136
12/01/2004,GUM,GU,AWP,WE,Federal Contract Tower,44,28,1,2,75,0,0,4,22,26,44,28,5,24,101,38,24,62,163
12/02/2004,GUM,GU,AWP,WE,Federal Contract Tower,45,26,0,2,73,0,0,9,54,63,45,26,9,56,136,24,14,38,174
12/03/2004,GUM,GU,AWP,WE,Federal Contract Tower,53,34,0,0,87,0,0,15,22,37,53,34,15,22,124,46,0,46,170
12/04/2004,GUM,GU,AWP,WE,Federal Contract Tower,41,24,0,0,65,0,0,8,2,10,41,24,8,2,75,30,2,32,107
12/05/2004,GUM,GU,AWP,WE,Federal Contract Tower,52,27,1,0,80,0,0,8,0,8,52,27,9,0,88,44,0,44,132
12/06/2004,GUM,GU,AWP,WE,Federal Contract Tower,49,27,1,4,81,0,3,7,30,40,49,30,8,34,121,34,0,34,155
12/07/2004,GUM,GU,AWP,WE,Federal Contract Tower,44,22,0,6,72,0,0,8,54,62,44,22,8,60,134,16,96,112,246
12/08/2004,GUM,GU,AWP,WE,Federal Contract Tower,47,13,4,6,70,0,0,12,82,94,47,13,16,88,164,30,40,70,234
12/09/2004,GUM,GU,AWP,WE,Federal Contract Tower,51,26,1,5,83,0,0,35,0,35,51,26,36,5,118,52,24,76,194
12/10/2004,GUM,GU,AWP,WE,Federal Contract Tower,48,31,4,12,95,0,0,2,8,10,48,31,6,20,105,58,24,82,187
12/11/2004,GUM,GU,AWP,WE,Federal Contract Tower,41,27,0,0,68,0,0,8,0,8,41,27,8,0,76,24,0,24,100
12/12/2004,GUM,GU,AWP,WE,Federal Contract Tower,56,26,0,0,82,0,1,27,0,28,56,27,27,0,110,23,0,23,133
12/13/2004,GUM,GU,AWP,WE,Federal Contract Tower,49,29,0,0,78,0,3,2,8,13,49,32,2,8,91,40,0,40,131
12/14/2004,GUM,GU,AWP,WE,Federal Contract Tower,45,26,0,4,75,0,0,12,12,24,45,26,12,16,99,22,30,52,151
12/15/2004,GUM,GU,AWP,WE,Federal Contract Tower,47,31,5,16,99,0,0,6,16,22,47,31,11,32,121,38,22,60,181
12/16/2004,GUM,GU,AWP,WE,Federal Contract Tower,49,31,0,12,92,0,0,9,22,31,49,31,9,34,123,72,32,104,227
12/17/2004,GUM,GU,AWP,WE,Federal Contract Tower,48,35,2,18,103,0,0,4,16,20,48,35,6,34,123,74,28,102,225
12/18/2004,GUM,GU,AWP,WE,Federal Contract Tower,48,27,0,0,75,0,0,6,0,6,48,27,6,0,81,48,0,48,129
12/19/2004,GUM,GU,AWP,WE,Federal Contract Tower,55,21,0,0,76,0,1,2,0,3,55,22,2,0,79,18,0,18,97
12/20/2004,GUM,GU,AWP,WE,Federal Contract Tower,54,26,0,0,80,0,1,2,2,5,54,27,2,2,85,42,0,42,127
12/21/2004,GUM,GU,AWP,WE,Federal Contract Tower,47,29,0,4,80,0,0,8,30,38,47,29,8,34,118,46,12,58,176
12/22/2004,GUM,GU,AWP,WE,Federal Contract Tower,52,30,0,2,84,0,0,16,20,36,52,30,16,22,120,38,36,74,194
12/23/2004,GUM,GU,AWP,WE,Federal Contract Tower,52,29,1,0,82,0,0,11,0,11,52,29,12,0,93,36,0,36,129
12/24/2004,GUM,GU,AWP,WE,Federal Contract Tower,48,35,0,0,83,0,0,4,0,4,48,35,4,0,87,16,0,16,103
12/25/2004,GUM,GU,AWP,WE,Federal Contract Tower,47,24,0,0,71,0,0,16,0,16,47,24,16,0,87,34,0,34,121
12/26/2004,GUM,GU,AWP,WE,Federal Contract Tower,58,26,1,0,85,0,3,10,0,13,58,29,11,0,98,36,0,36,134
12/27/2004,GUM,GU,AWP,WE,Federal Contract Tower,56,28,0,0,84,0,1,5,2,8,56,29,5,2,92,12,0,12,104
12/28/2004,GUM,GU,AWP,WE,Federal Contract Tower,48,31,0,2,81,0,0,7,22,29,48,31,7,24,110,40,6,46,156
12/29/2004,GUM,GU,AWP,WE,Federal Contract Tower,54,31,0,0,85,0,0,36,24,60,54,31,36,24,145,68,48,116,261
12/30/2004,GUM,GU,AWP,WE,Federal Contract Tower,62,30,2,0,94,0,0,6,2,8,62,30,8,2,102,116,2,118,220
12/31/2004,GUM,GU,AWP,WE,Federal Contract Tower,58,34,0,0,92,0,0,20,0,20,58,34,20,0,112,44,0,44,156
01/01/2005,GUM,GU,AWP,WE,Federal Contract Tower,55,24,0,0,79,0,0,12,2,14,55,24,12,2,93,46,0,46,139
01/02/2005,GUM,GU,AWP,WE,Federal Contract Tower,64,24,0,0,88,0,0,20,4,24,64,24,20,4,112,26,0,26,138
01/03/2005,GUM,GU,AWP,WE,Federal Contract Tower,63,29,1,0,93,0,1,5,2,8,63,30,6,2,101,36,8,44,145
01/04/2005,GUM,GU,AWP,WE,Federal Contract Tower,53,29,0,0,82,0,0,4,4,8,53,29,4,4,90,63,0,63,153
01/05/2005,GUM,GU,AWP,WE,Federal Contract Tower,50,29,0,0,79,0,0,10,14,24,50,29,10,14,103,36,8,44,147
01/06/2005,GUM,GU,AWP,WE,Federal Contract Tower,52,35,1,0,88,0,0,6,4,10,52,35,7,4,98,52,0,52,150
01/07/2005,GUM,GU,AWP,WE,Federal Contract Tower,53,27,2,0,82,0,0,14,0,14,53,27,16,0,96,26,0,26,122
01/08/2005,GUM,GU,AWP,WE,Federal Contract Tower,45,22,0,0,67,0,0,15,16,31,45,22,15,16,98,70,0,70,168
01/09/2005,GUM,GU,AWP,WE,Federal Contract Tower,57,24,0,0,81,0,0,22,0,22,57,24,22,0,103,100,0,100,203
01/10/2005,GUM,GU,AWP,WE,Federal Contract Tower,54,28,0,0,82,0,1,12,6,19,54,29,12,6,101,66,0,66,167
01/11/2005,GUM,GU,AWP,WE,Federal Contract Tower,46,31,1,0,78,0,0,6,0,6,46,31,7,0,84,60,0,60,144
01/12/2005,GUM,GU,AWP,WE,Federal Contract Tower,47,30,0,0,77,0,0,4,6,10,47,30,4,6,87,42,16,58,145
01/13/2005,GUM,GU,AWP,WE,Federal Contract Tower,51,30,1,2,84,0,0,6,0,6,51,30,7,2,90,54,0,54,144
01/14/2005,GUM,GU,AWP,WE,Federal Contract Tower,47,27,0,0,74,0,0,2,0,2,47,27,2,0,76,80,4,84,160
01/15/2005,GUM,GU,AWP,WE,Federal Contract Tower,46,30,0,0,76,0,0,0,0,0,46,30,0,0,76,34,0,34,110
01/16/2005,GUM,GU,AWP,WE,Federal Contract Tower,57,25,3,0,85,0,1,5,0,6,57,26,8,0,91,56,0,56,147
01/17/2005,GUM,GU,AWP,WE,Federal Contract Tower,51,28,1,0,80,0,3,2,0,5,51,31,3,0,85,6,0,6,91
01/18/2005,GUM,GU,AWP,WE,Federal Contract Tower,49,38,2,0,89,0,0,5,10,15,49,38,7,10,104,32,24,56,160
01/19/2005,GUM,GU,AWP,WE,Federal Contract Tower,47,27,0,6,80,0,0,16,20,36,47,27,16,26,116,54,2,56,172
01/20/2005,GUM,GU,AWP,WE,Federal Contract Tower,53,27,0,0,80,0,0,8,20,28,53,27,8,20,108,68,4,72,180
01/21/2005,GUM,GU,AWP,WE,Federal Contract Tower,47,30,1,0,78,0,0,0,0,0,47,30,1,0,78,24,0,24,102
01/22/2005,GUM,GU,AWP,WE,Federal Contract Tower,46,26,6,0,78,0,0,4,0,4,46,26,10,0,82,32,0,32,114
01/23/2005,GUM,GU,AWP,WE,Federal Contract Tower,55,25,0,0,80,0,0,24,0,24,55,25,24,0,104,40,0,40,144
01/24/2005,GUM,GU,AWP,WE,Federal Contract Tower,51,25,1,0,77,0,1,0,0,1,51,26,1,0,78,48,0,48,126
01/25/2005,GUM,GU,AWP,WE,Federal Contract Tower,45,22,2,0,69,0,0,38,18,56,45,22,40,18,125,4,28,32,157
01/26/2005,GUM,GU,AWP,WE,Federal Contract Tower,48,41,1,2,92,0,0,10,6,16,48,41,11,8,108,36,0,36,144
01/27/2005,GUM,GU,AWP,WE,Federal Contract Tower,52,26,0,2,80,0,0,8,12,20,52,26,8,14,100,76,4,80,180
01/28/2005,GUM,GU,AWP,WE,Federal Contract Tower,47,34,1,0,82,0,0,9,0,9,47,34,10,0,91,34,0,34,125
01/29/2005,GUM,GU,AWP,WE,Federal Contract Tower,49,27,0,0,76,0,0,12,0,12,49,27,12,0,88,22,0,22,110
01/30/2005,GUM,GU,AWP,WE,Federal Contract Tower,61,23,1,0,85,0,0,8,4,12,61,23,9,4,97,40,4,44,141
01/31/2005,GUM,GU,AWP,WE,Federal Contract Tower,57,34,1,0,92,0,3,2,4,9,57,37,3,4,101,14,0,14,115
02/01/2005,GUM,GU,AWP,WE,Federal Contract Tower,50,25,0,0,75,0,0,2,0,2,50,25,2,0,77,0,0,0,77
02/02/2005,GUM,GU,AWP,WE,Federal Contract Tower,49,34,1,4,88,0,0,12,0,12,49,34,13,4,100,0,0,0,100
02/03/2005,GUM,GU,AWP,WE,Federal Contract Tower,53,25,1,0,79,0,0,2,2,4,53,25,3,2,83,8,34,42,125
02/04/2005,GUM,GU,AWP,WE,Federal Contract Tower,50,30,0,0,80,0,0,6,10,16,50,30,6,10,96,16,2,18,114
02/05/2005,GUM,GU,AWP,WE,Federal Contract Tower,49,24,3,0,76,0,0,2,0,2,49,24,5,0,78,56,0,56,134
02/06/2005,GUM,GU,AWP,WE,Federal Contract Tower,59,20,0,0,79,0,0,8,0,8,59,20,8,0,87,18,0,18,105
02/07/2005,GUM,GU,AWP,WE,Federal Contract Tower,53,29,3,0,85,0,0,3,0,3,53,29,6,0,88,6,0,6,94
02/08/2005,GUM,GU,AWP,WE,Federal Contract Tower,48,37,0,0,85,0,0,20,8,28,48,37,20,8,113,32,16,48,161
02/09/2005,GUM,GU,AWP,WE,Federal Contract Tower,50,26,1,0,77,0,0,8,26,34,50,26,9,26,111,64,0,64,175
02/10/2005,GUM,GU,AWP,WE,Federal Contract Tower,52,21,4,8,85,0,0,22,10,32,52,21,26,18,117,58,16,74,191
02/11/2005,GUM,GU,AWP,WE,Federal Contract Tower,52,24,0,6,82,0,0,16,4,20,52,24,16,10,102,42,22,64,166
02/12/2005,GUM,GU,AWP,WE,Federal Contract Tower,47,20,0,0,67,0,0,24,0,24,47,20,24,0,91,42,0,42,133
02/13/2005,GUM,GU,AWP,WE,Federal Contract Tower,60,18,0,0,78,0,0,20,0,20,60,18,20,0,98,86,0,86,184
02/14/2005,GUM,GU,AWP,WE,Federal Contract Tower,48,24,1,0,73,0,0,23,2,25,48,24,24,2,98,44,0,44,142
02/15/2005,GUM,GU,AWP,WE,Federal Contract Tower,48,32,1,0,81,0,0,14,12,26,48,32,15,12,107,18,0,18,125
02/16/2005,GUM,GU,AWP,WE,Federal Contract Tower,44,25,0,8,77,0,0,16,10,26,44,25,16,18,103,34,0,34,137
02/17/2005,GUM,GU,AWP,WE,Federal Contract Tower,46,22,6,4,78,0,0,0,0,0,46,22,6,4,78,68,4,72,150
02/18/2005,GUM,GU,AWP,WE,Federal Contract Tower,48,26,2,0,76,0,0,8,0,8,48,26,10,0,84,104,0,104,188
02/19/2005,GUM,GU,AWP,WE,Federal Contract Tower,42,21,3,0,66,0,0,18,14,32,42,21,21,14,98,58,0,58,156
02/20/2005,GUM,GU,AWP,WE,Federal Contract Tower,53,19,0,0,72,0,0,30,0,30,53,19,30,0,102,49,0,49,151
02/21/2005,GUM,GU,AWP,WE,Federal Contract Tower,47,25,2,0,74,0,0,8,20,28,47,25,10,20,102,52,3,55,157
02/22/2005,GUM,GU,AWP,WE,Federal Contract Tower,43,22,0,4,69,0,0,20,8,28,43,22,20,12,97,30,8,38,135
02/23/2005,GUM,GU,AWP,WE,Federal Contract Tower,44,24,2,0,70,0,0,18,0,18,44,24,20,0,88,74,0,74,162
02/24/2005,GUM,GU,AWP,WE,Federal Contract Tower,49,24,2,7,82,0,0,8,20,28,49,24,10,27,110,30,12,42,152
02/25/2005,GUM,GU,AWP,WE,Federal Contract Tower,45,32,1,0,78,0,0,13,0,13,45,32,14,0,91,40,0,40,131
02/26/2005,GUM,GU,AWP,WE,Federal Contract Tower,39,27,1,0,67,0,0,9,0,9,39,27,10,0,76,58,0,58,134
02/27/2005,GUM,GU,AWP,WE,Federal Contract Tower,56,22,1,0,79,0,0,19,0,19,56,22,20,0,98,76,0,76,174
02/28/2005,GUM,GU,AWP,WE,Federal Contract Tower,47,23,2,0,72,0,0,16,16,32,47,23,18,16,104,42,0,42,146
03/01/2005,GUM,GU,AWP,WE,Federal Contract Tower,43,24,0,0,67,0,0,9,4,13,43,24,9,4,80,20,0,20,100
03/02/2005,GUM,GU,AWP,WE,Federal Contract Tower,44,25,0,2,71,0,0,26,10,36,44,25,26,12,107,2,0,2,109
03/03/2005,GUM,GU,AWP,WE,Federal Contract Tower,49,25,4,0,78,0,0,8,4,12,49,25,12,4,90,30,0,30,120
03/04/2005,GUM,GU,AWP,WE,Federal Contract Tower,46,30,1,6,83,0,0,12,4,16,46,30,13,10,99,52,0,52,151
03/05/2005,GUM,GU,AWP,WE,Federal Contract Tower,41,21,0,0,62,0,0,6,0,6,41,21,6,0,68,42,0,42,110
03/06/2005,GUM,GU,AWP,WE,Federal Contract Tower,55,22,0,0,77,0,0,16,0,16,55,22,16,0,93,6,0,6,99
03/07/2005,GUM,GU,AWP,WE,Federal Contract Tower,47,30,0,0,77,0,0,21,0,21,47,30,21,0,98,6,0,6,104
03/08/2005,GUM,GU,AWP,WE,Federal Contract Tower,43,25,3,0,71,0,0,14,18,32,43,25,17,18,103,8,0,8,111
03/09/2005,GUM,GU,AWP,WE,Federal Contract Tower,45,25,0,0,70,0,0,16,18,34,45,25,16,18,104,62,2,64,168
03/10/2005,GUM,GU,AWP,WE,Federal Contract Tower,47,23,0,0,70,0,0,4,8,12,47,23,4,8,82,18,0,18,100
03/11/2005,GUM,GU,AWP,WE,Federal Contract Tower,43,28,0,4,75,0,0,22,16,38,43,28,22,20,113,30,0,30,143
03/12/2005,GUM,GU,AWP,WE,Federal Contract Tower,48,20,1,0,69,0,0,14,0,14,48,20,15,0,83,44,0,44,127
03/13/2005,GUM,GU,AWP,WE,Federal Contract Tower,51,19,0,0,70,0,0,23,0,23,51,19,23,0,93,52,0,52,145
03/14/2005,GUM,GU,AWP,WE,Federal Contract Tower,47,26,1,1,75,0,0,3,5,8,47,26,4,6,83,20,0,20,103
03/15/2005,GUM,GU,AWP,WE,Federal Contract Tower,45,25,2,0,72,0,0,12,0,12,45,25,14,0,84,6,0,6,90
03/16/2005,GUM,GU,AWP,WE,Federal Contract Tower,45,28,1,0,74,0,0,2,2,4,45,28,3,2,78,70,0,70,148
03/17/2005,GUM,GU,AWP,WE,Federal Contract Tower,51,23,0,2,76,0,0,14,18,32,51,23,14,20,108,44,0,44,152
03/18/2005,GUM,GU,AWP,WE,Federal Contract Tower,47,25,0,0,72,0,0,22,0,22,47,25,22,0,94,40,0,40,134
03/19/2005,GUM,GU,AWP,WE,Federal Contract Tower,45,19,2,0,66,0,0,12,0,12,45,19,14,0,78,36,0,36,114
03/20/2005,GUM,GU,AWP,WE,Federal Contract Tower,51,17,0,0,68,0,0,15,0,15,51,17,15,0,83,35,0,35,118
03/21/2005,GUM,GU,AWP,WE,Federal Contract Tower,50,27,2,7,86,0,3,22,6,31,50,30,24,13,117,40,0,40,157
03/22/2005,GUM,GU,AWP,WE,Federal Contract Tower,43,27,2,0,72,0,0,20,18,38,43,27,22,18,110,48,0,48,158
03/23/2005,GUM,GU,AWP,WE,Federal Contract Tower,43,25,6,0,74,0,0,25,34,59,43,25,31,34,133,40,30,70,203
03/24/2005,GUM,GU,AWP,WE,Federal Contract Tower,46,23,0,8,77,0,0,8,0,8,46,23,8,8,85,30,14,44,129
03/25/2005,GUM,GU,AWP,WE,Federal Contract Tower,46,29,1,0,76,0,4,18,0,22,46,33,19,0,98,12,2,14,112
03/26/2005,GUM,GU,AWP,WE,Federal Contract Tower,45,20,0,0,65,0,0,16,0,16,45,20,16,0,81,26,0,26,107
03/27/2005,GUM,GU,AWP,WE,Federal Contract Tower,52,18,1,0,71,0,0,10,0,10,52,18,11,0,81,42,0,42,123
03/28/2005,GUM,GU,AWP,WE,Federal Contract Tower,47,24,0,0,71,0,0,18,6,24,47,24,18,6,95,22,0,22,117
03/29/2005,GUM,GU,AWP,WE,Federal Contract Tower,43,25,0,0,68,0,0,18,24,42,43,25,18,24,110,6,24,30,140
03/30/2005,GUM,GU,AWP,WE,Federal Contract Tower,42,24,1,0,67,0,4,19,0,23,42,28,20,0,90,30,14,44,134
03/31/2005,GUM,GU,AWP,WE,Federal Contract Tower,45,27,1,6,79,0,0,30,10,40,45,27,31,16,119,28,18,46,165
04/01/2005,GUM,GU,AWP,WE,Federal Contract Tower,47,40,3,0,90,0,0,9,2,11,47,40,12,2,101,10,0,10,111
04/02/2005,GUM,GU,AWP,WE,Federal Contract Tower,46,28,2,0,76,0,0,8,4,12,46,28,10,4,88,32,2,34,122
04/03/2005,GUM,GU,AWP,WE,Federal Contract Tower,53,27,0,0,80,0,0,5,4,9,53,27,5,4,89,34,0,34,123
04/04/2005,GUM,GU,AWP,WE,Federal Contract Tower,48,26,6,0,80,0,0,8,2,10,48,26,14,2,90,40,4,44,134
04/05/2005,GUM,GU,AWP,WE,Federal Contract Tower,49,24,2,2,77,0,0,20,22,42,49,24,22,24,119,36,0,36,155
04/06/2005,GUM,GU,AWP,WE,Federal Contract Tower,42,17,0,0,59,0,0,10,4,14,42,17,10,4,73,38,14,52,125
04/07/2005,GUM,GU,AWP,WE,Federal Contract Tower,47,22,4,10,83,0,0,10,46,56,47,22,14,56,139,76,36,112,251
04/08/2005,GUM,GU,AWP,WE,Federal Contract Tower,49,31,1,4,85,0,0,22,0,22,49,31,23,4,107,32,6,38,145
04/09/2005,GUM,GU,AWP,WE,Federal Contract Tower,47,29,1,0,77,0,0,28,0,28,47,29,29,0,105,36,0,36,141
04/10/2005,GUM,GU,AWP,WE,Federal Contract Tower,50,20,1,0,71,0,0,23,0,23,50,20,24,0,94,56,0,56,150
04/11/2005,GUM,GU,AWP,WE,Federal Contract Tower,50,28,0,0,78,0,0,16,0,16,50,28,16,0,94,60,0,60,154
04/12/2005,GUM,GU,AWP,WE,Federal Contract Tower,46,37,5,6,94,0,2,10,16,28,46,39,15,22,122,56,6,62,184
04/13/2005,GUM,GU,AWP,WE,Federal Contract Tower,43,25,4,14,86,0,1,5,16,22,43,26,9,30,108,92,8,100,208
04/14/2005,GUM,GU,AWP,WE,Federal Contract Tower,48,23,9,0,80,0,0,0,10,10,48,23,9,10,90,96,0,96,186
04/15/2005,GUM,GU,AWP,WE,Federal Contract Tower,44,26,1,0,71,0,0,24,4,28,44,26,25,4,99,72,0,72,171
04/16/2005,GUM,GU,AWP,WE,Federal Contract Tower,51,20,8,0,79,0,0,12,0,12,51,20,20,0,91,48,0,48,139
04/17/2005,GUM,GU,AWP,WE,Federal Contract Tower,54,23,0,0,77,0,0,14,2,16,54,23,14,2,93,18,0,18,111
04/18/2005,GUM,GU,AWP,WE,Federal Contract Tower,52,39,1,0,92,0,0,12,12,24,52,39,13,12,116,9,0,9,125
04/19/2005,GUM,GU,AWP,WE,Federal Contract Tower,45,25,0,0,70,0,3,24,10,37,45,28,24,10,107,22,6,28,135
04/20/2005,GUM,GU,AWP,WE,Federal Contract Tower,43,34,0,0,77,0,2,11,12,25,43,36,11,12,102,58,4,62,164
04/21/2005,GUM,GU,AWP,WE,Federal Contract Tower,48,24,4,12,88,0,0,2,0,2,48,24,6,12,90,38,0,38,128
04/22/2005,GUM,GU,AWP,WE,Federal Contract Tower,44,26,9,0,79,0,0,0,0,0,44,26,9,0,79,46,0,46,125
04/23/2005,GUM,GU,AWP,WE,Federal Contract Tower,47,20,14,0,81,0,0,0,0,0,47,20,14,0,81,36,0,36,117
04/24/2005,GUM,GU,AWP,WE,Federal Contract Tower,52,20,2,0,74,0,0,2,0,2,52,20,4,0,76,44,0,44,120
04/25/2005,GUM,GU,AWP,WE,Federal Contract Tower,53,24,1,0,78,0,0,14,4,18,53,24,15,4,96,8,8,16,112
04/26/2005,GUM,GU,AWP,WE,Federal Contract Tower,47,24,0,0,71,0,0,12,8,20,47,24,12,8,91,10,10,20,111
04/27/2005,GUM,GU,AWP,WE,Federal Contract Tower,45,23,2,0,70,0,2,6,20,28,45,25,8,20,98,26,2,28,126
04/28/2005,GUM,GU,AWP,WE,Federal Contract Tower,53,27,0,0,80,0,0,4,4,8,53,27,4,4,88,18,22,40,128
04/29/2005,GUM,GU,AWP,WE,Federal Contract Tower,52,33,0,2,87,0,0,8,6,14,52,33,8,8,101,102,26,128,229
04/30/2005,GUM,GU,AWP,WE,Federal Contract Tower,62,20,2,0,84,0,0,15,0,15,62,20,17,0,99,152,0,152,251
05/01/2005,GUM,GU,AWP,WE,Federal Contract Tower,60,18,2,0,80,0,0,19,0,19,60,18,21,0,99,111,0,111,210
05/02/2005,GUM,GU,AWP,WE,Federal Contract Tower,63,23,4,0,90,0,0,14,10,24,63,23,18,10,114,105,0,105,219
05/03/2005,GUM,GU,AWP,WE,Federal Contract Tower,52,20,1,0,73,0,3,34,32,69,52,23,35,32,142,120,6,126,268
05/04/2005,GUM,GU,AWP,WE,Federal Contract Tower,56,22,2,20,100,0,3,25,14,42,56,25,27,34,142,98,0,98,240
05/05/2005,GUM,GU,AWP,WE,Federal Contract Tower,64,27,6,4,101,0,0,9,4,13,64,27,15,8,114,90,2,92,206
05/06/2005,GUM,GU,AWP,WE,Federal Contract Tower,51,22,5,0,78,0,0,29,36,65,51,22,34,36,143,46,8,54,197
05/07/2005,GUM,GU,AWP,WE,Federal Contract Tower,51,18,1,2,72,0,0,12,16,28,51,18,13,18,100,82,0,82,182
05/08/2005,GUM,GU,AWP,WE,Federal Contract Tower,54,18,0,0,72,0,0,6,4,10,54,18,6,4,82,26,0,26,108
05/09/2005,GUM,GU,AWP,WE,Federal Contract Tower,57,20,2,4,83,0,0,12,18,30,57,20,14,22,113,44,0,44,157
05/10/2005,GUM,GU,AWP,WE,Federal Contract Tower,47,20,2,14,83,0,4,27,14,45,47,24,29,28,128,62,36,98,226
05/11/2005,GUM,GU,AWP,WE,Federal Contract Tower,45,18,0,2,65,0,0,19,2,21,45,18,19,4,86,36,2,38,124
05/12/2005,GUM,GU,AWP,WE,Federal Contract Tower,48,33,0,0,81,0,0,28,20,48,48,33,28,20,129,24,8,32,161
05/13/2005,GUM,GU,AWP,WE,Federal Contract Tower,44,23,0,0,67,0,0,10,4,14,44,23,10,4,81,17,0,17,98
05/14/2005,GUM,GU,AWP,WE,Federal Contract Tower,46,30,1,0,77,0,0,22,0,22,46,30,23,0,99,14,0,14,113
05/15/2005,GUM,GU,AWP,WE,Federal Contract Tower,50,18,1,0,69,0,0,11,0,11,50,18,12,0,80,58,0,58,138
05/16/2005,GUM,GU,AWP,WE,Federal Contract Tower,52,28,0,0,80,0,0,8,4,12,52,28,8,4,92,36,0,36,128
05/17/2005,GUM,GU,AWP,WE,Federal Contract Tower,44,16,1,0,61,0,0,16,12,28,44,16,17,12,89,64,10,74,163
05/18/2005,GUM,GU,AWP,WE,Federal Contract Tower,44,24,2,10,80,0,3,18,6,27,44,27,20,16,107,58,0,58,165
05/19/2005,GUM,GU,AWP,WE,Federal Contract Tower,46,27,0,6,79,0,0,6,4,10,46,27,6,10,89,12,20,32,121
05/20/2005,GUM,GU,AWP,WE,Federal Contract Tower,44,32,1,0,77,0,0,20,16,36,44,32,21,16,113,40,12,52,165
05/21/2005,GUM,GU,AWP,WE,Federal Contract Tower,48,20,2,0,70,0,0,18,0,18,48,20,20,0,88,24,0,24,112
05/22/2005,GUM,GU,AWP,WE,Federal Contract Tower,51,18,1,0,70,0,0,23,2,25,51,18,24,2,95,32,0,32,127
05/23/2005,GUM,GU,AWP,WE,Federal Contract Tower,49,20,0,0,69,0,0,14,16,30,49,20,14,16,99,18,0,18,117
05/24/2005,GUM,GU,AWP,WE,Federal Contract Tower,47,24,0,4,75,0,0,22,30,52,47,24,22,34,127,6,0,6,133
05/25/2005,GUM,GU,AWP,WE,Federal Contract Tower,44,28,0,2,74,0,2,11,2,15,44,30,11,4,89,26,4,30,119
05/26/2005,GUM,GU,AWP,WE,Federal Contract Tower,47,18,2,4,71,0,0,2,22,24,47,18,4,26,95,4,2,6,101
05/27/2005,GUM,GU,AWP,WE,Federal Contract Tower,46,27,0,0,73,0,0,14,0,14,46,27,14,0,87,8,0,8,95
05/28/2005,GUM,GU,AWP,WE,Federal Contract Tower,44,21,0,0,65,0,0,18,0,18,44,21,18,0,83,18,0,18,101
05/29/2005,GUM,GU,AWP,WE,Federal Contract Tower,50,18,0,0,68,0,0,8,0,8,50,18,8,0,76,48,0,48,124
05/30/2005,GUM,GU,AWP,WE,Federal Contract Tower,49,20,1,0,70,0,0,10,0,10,49,20,11,0,80,30,0,30,110
05/31/2005,GUM,GU,AWP,WE,Federal Contract Tower,47,16,1,2,66,0,0,14,28,42,47,16,15,30,108,18,26,44,152
06/01/2005,GUM,GU,AWP,WE,Federal Contract Tower,45,18,1,8,72,0,1,16,0,17,45,19,17,8,89,0,30,30,119
06/02/2005,GUM,GU,AWP,WE,Federal Contract Tower,44,18,4,10,76,0,0,0,6,6,44,18,4,16,82,18,2,20,102
06/03/2005,GUM,GU,AWP,WE,Federal Contract Tower,44,23,12,20,99,0,0,26,0,26,44,23,38,20,125,38,2,40,165
06/04/2005,GUM,GU,AWP,WE,Federal Contract Tower,47,18,0,0,65,0,0,24,0,24,47,18,24,0,89,76,0,76,165
06/05/2005,GUM,GU,AWP,WE,Federal Contract Tower,52,18,2,0,72,0,0,22,0,22,52,18,24,0,94,22,0,22,116
06/06/2005,GUM,GU,AWP,WE,Federal Contract Tower,49,20,0,0,69,0,0,16,16,32,49,20,16,16,101,2,0,2,103
06/07/2005,GUM,GU,AWP,WE,Federal Contract Tower,48,16,1,2,67,0,0,15,14,29,48,16,16,16,96,47,44,91,187
06/08/2005,GUM,GU,AWP,WE,Federal Contract Tower,45,18,1,6,70,0,0,9,19,28,45,18,10,25,98,12,0,12,110
06/09/2005,GUM,GU,AWP,WE,Federal Contract Tower,46,18,2,0,66,0,0,8,6,14,46,18,10,6,80,32,10,42,122
06/10/2005,GUM,GU,AWP,WE,Federal Contract Tower,43,24,1,0,68,0,0,10,2,12,43,24,11,2,80,41,2,43,123
06/11/2005,GUM,GU,AWP,WE,Federal Contract Tower,50,18,0,0,68,0,0,14,0,14,50,18,14,0,82,26,0,26,108
06/12/2005,GUM,GU,AWP,WE,Federal Contract Tower,49,18,3,0,70,0,0,14,0,14,49,18,17,0,84,44,0,44,128
06/13/2005,GUM,GU,AWP,WE,Federal Contract Tower,47,22,0,0,69,0,0,38,22,60,47,22,38,22,129,28,0,28,157
06/14/2005,GUM,GU,AWP,WE,Federal Contract Tower,48,16,0,12,76,0,0,18,22,40,48,16,18,34,116,22,8,30,146
06/15/2005,GUM,GU,AWP,WE,Federal Contract Tower,46,18,0,5,69,0,0,18,30,48,46,18,18,35,117,26,0,26,143
06/16/2005,GUM,GU,AWP,WE,Federal Contract Tower,48,18,0,18,84,0,0,6,10,16,48,18,6,28,100,20,8,28,128
06/17/2005,GUM,GU,AWP,WE,Federal Contract Tower,46,26,0,0,72,0,0,16,12,28,46,26,16,12,100,0,0,0,100
06/18/2005,GUM,GU,AWP,WE,Federal Contract Tower,48,20,0,0,68,0,0,16,6,22,48,20,16,6,90,40,0,40,130
06/19/2005,GUM,GU,AWP,WE,Federal Contract Tower,52,16,1,0,69,0,0,10,0,10,52,16,11,0,79,56,0,56,135
06/20/2005,GUM,GU,AWP,WE,Federal Contract Tower,47,22,1,2,72,0,0,23,20,43,47,22,24,22,115,26,0,26,141
06/21/2005,GUM,GU,AWP,WE,Federal Contract Tower,48,16,0,2,66,0,0,14,52,66,48,16,14,54,132,4,0,4,136
06/22/2005,GUM,GU,AWP,WE,Federal Contract Tower,44,17,0,8,69,0,2,12,18,32,44,19,12,26,101,38,0,38,139
06/23/2005,GUM,GU,AWP,WE,Federal Contract Tower,46,18,0,0,64,0,0,14,16,30,46,18,14,16,94,10,0,10,104
06/24/2005,GUM,GU,AWP,WE,Federal Contract Tower,44,21,6,18,89,0,0,10,14,24,44,21,16,32,113,50,48,98,211
06/25/2005,GUM,GU,AWP,WE,Federal Contract Tower,46,18,0,0,64,0,0,26,20,46,46,18,26,20,110,56,0,56,166
06/26/2005,GUM,GU,AWP,WE,Federal Contract Tower,49,18,1,0,68,0,0,15,0,15,49,18,16,0,83,1,0,1,84
06/27/2005,GUM,GU,AWP,WE,Federal Contract Tower,47,20,1,0,68,0,0,12,2,14,47,20,13,2,82,2,0,2,84
06/28/2005,GUM,GU,AWP,WE,Federal Contract Tower,51,16,0,2,69,0,0,10,4,14,51,16,10,6,83,22,46,68,151
06/29/2005,GUM,GU,AWP,WE,Federal Contract Tower,48,19,0,4,71,0,2,14,16,32,48,21,14,20,103,26,0,26,129
06/30/2005,GUM,GU,AWP,WE,Federal Contract Tower,46,17,0,6,69,0,0,34,10,44,46,17,34,16,113,66,0,66,179
07/01/2005,GUM,GU,AWP,WE,Federal Contract Tower,44,24,2,0,70,0,0,16,0,16,44,24,18,0,86,76,0,76,162
07/02/2005,GUM,GU,AWP,WE,Federal Contract Tower,47,19,2,0,68,0,0,16,0,16,47,19,18,0,84,60,0,60,144
07/03/2005,GUM,GU,AWP,WE,Federal Contract Tower,50,20,0,0,70,0,0,18,4,22,50,20,18,4,92,48,0,48,140
07/04/2005,GUM,GU,AWP,WE,Federal Contract Tower,47,21,0,0,68,0,0,24,0,24,47,21,24,0,92,16,0,16,108
07/05/2005,GUM,GU,AWP,WE,Federal Contract Tower,50,16,0,0,66,0,0,8,8,16,50,16,8,8,82,2,2,4,86
07/06/2005,GUM,GU,AWP,WE,Federal Contract Tower,47,18,0,3,68,0,0,14,6,20,47,18,14,9,88,24,0,24,112
07/07/2005,GUM,GU,AWP,WE,Federal Contract Tower,44,18,3,2,67,0,0,2,0,2,44,18,5,2,69,36,0,36,105
07/08/2005,GUM,GU,AWP,WE,Federal Contract Tower,46,26,0,8,80,0,0,6,20,26,46,26,6,28,106,24,0,24,130
07/09/2005,GUM,GU,AWP,WE,Federal Contract Tower,43,18,0,0,61,0,0,14,0,14,43,18,14,0,75,10,0,10,85
07/10/2005,GUM,GU,AWP,WE,Federal Contract Tower,52,18,0,6,76,0,0,14,18,32,52,18,14,24,108,16,0,16,124
07/11/2005,GUM,GU,AWP,WE,Federal Contract Tower,49,23,0,0,72,0,0,20,16,36,49,23,20,16,108,48,28,76,184
07/12/2005,GUM,GU,AWP,WE,Federal Contract Tower,48,16,0,0,64,0,0,24,10,34,48,16,24,10,98,26,28,54,152
07/13/2005,GUM,GU,AWP,WE,Federal Contract Tower,45,17,0,0,62,0,0,6,14,20,45,17,6,14,82,24,0,24,106
07/14/2005,GUM,GU,AWP,WE,Federal Contract Tower,48,21,0,6,75,0,0,12,12,24,48,21,12,18,99,34,0,34,133
07/15/2005,GUM,GU,AWP,WE,Federal Contract Tower,49,22,2,17,90,0,0,16,2,18,49,22,18,19,108,13,0,13,121
07/16/2005,GUM,GU,AWP,WE,Federal Contract Tower,47,18,1,1,67,0,0,22,8,30,47,18,23,9,97,74,0,74,171
07/17/2005,GUM,GU,AWP,WE,Federal Contract Tower,48,18,1,2,69,0,0,28,0,28,48,18,29,2,97,114,0,114,211
07/18/2005,GUM,GU,AWP,WE,Federal Contract Tower,53,22,8,0,83,0,0,12,12,24,53,22,20,12,107,84,2,86,193
07/19/2005,GUM,GU,AWP,WE,Federal Contract Tower,53,16,1,3,73,0,2,6,46,54,53,18,7,49,127,82,0,82,209
07/20/2005,GUM,GU,AWP,WE,Federal Contract Tower,47,17,0,6,70,0,2,16,8,26,47,19,16,14,96,68,0,68,164
07/21/2005,GUM,GU,AWP,WE,Federal Contract Tower,49,18,2,2,71,0,0,4,4,8,49,18,6,6,79,0,0,0,79
07/22/2005,GUM,GU,AWP,WE,Federal Contract Tower,53,22,2,2,79,0,0,9,4,13,53,22,11,6,92,0,0,0,92
07/23/2005,GUM,GU,AWP,WE,Federal Contract Tower,51,20,0,0,71,0,0,13,0,13,51,20,13,0,84,6,0,6,90
07/24/2005,GUM,GU,AWP,WE,Federal Contract Tower,54,18,0,0,72,0,0,14,0,14,54,18,14,0,86,12,0,12,98
07/25/2005,GUM,GU,AWP,WE,Federal Contract Tower,56,23,0,0,79,0,0,18,4,22,56,23,18,4,101,10,0,10,111
07/26/2005,GUM,GU,AWP,WE,Federal Contract Tower,50,19,0,3,72,0,1,19,6,26,50,20,19,9,98,66,0,66,164
07/27/2005,GUM,GU,AWP,WE,Federal Contract Tower,43,18,1,4,66,0,0,10,6,16,43,18,11,10,82,38,0,38,120
07/28/2005,GUM,GU,AWP,WE,Federal Contract Tower,49,18,0,0,67,0,0,8,8,16,49,18,8,8,83,6,0,6,89
07/29/2005,GUM,GU,AWP,WE,Federal Contract Tower,49,22,2,0,73,0,0,20,12,32,49,22,22,12,105,24,0,24,129
07/30/2005,GUM,GU,AWP,WE,Federal Contract Tower,52,18,1,0,71,0,0,10,0,10,52,18,11,0,81,62,0,62,143
07/31/2005,GUM,GU,AWP,WE,Federal Contract Tower,51,18,0,0,69,0,0,10,0,10,51,18,10,0,79,48,0,48,127
08/01/2005,GUM,GU,AWP,WE,Federal Contract Tower,52,22,0,3,77,0,0,6,20,26,52,22,6,23,103,10,0,10,113
08/02/2005,GUM,GU,AWP,WE,Federal Contract Tower,52,4,0,4,60,0,0,4,14,18,52,4,4,18,78,18,12,30,108
08/03/2005,GUM,GU,AWP,WE,Federal Contract Tower,45,10,1,4,60,0,2,24,4,30,45,12,25,8,90,24,0,24,114
08/04/2005,GUM,GU,AWP,WE,Federal Contract Tower,54,13,2,0,69,0,0,2,0,2,54,13,4,0,71,2,0,2,73
08/05/2005,GUM,GU,AWP,WE,Federal Contract Tower,55,22,1,0,78,0,0,12,10,22,55,22,13,10,100,46,0,46,146
08/06/2005,GUM,GU,AWP,WE,Federal Contract Tower,52,19,0,0,71,0,0,10,0,10,52,19,10,0,81,54,0,54,135
08/07/2005,GUM,GU,AWP,WE,Federal Contract Tower,50,18,1,0,69,0,0,26,0,26,50,18,27,0,95,28,0,28,123
08/08/2005,GUM,GU,AWP,WE,Federal Contract Tower,54,18,0,0,72,0,3,26,4,33,54,21,26,4,105,38,26,64,169
08/09/2005,GUM,GU,AWP,WE,Federal Contract Tower,55,16,1,0,72,0,0,28,6,34,55,16,29,6,106,40,8,48,154
08/10/2005,GUM,GU,AWP,WE,Federal Contract Tower,49,17,0,0,66,0,1,10,8,19,49,18,10,8,85,20,0,20,105
08/11/2005,GUM,GU,AWP,WE,Federal Contract Tower,55,19,0,4,78,0,0,6,2,8,55,19,6,6,86,42,0,42,128
08/12/2005,GUM,GU,AWP,WE,Federal Contract Tower,60,18,8,6,92,0,0,16,4,20,60,18,24,10,112,62,46,108,220
08/13/2005,GUM,GU,AWP,WE,Federal Contract Tower,54,14,3,0,71,0,0,22,0,22,54,14,25,0,93,76,0,76,169
08/14/2005,GUM,GU,AWP,WE,Federal Contract Tower,54,16,0,0,70,0,0,30,0,30,54,16,30,0,100,90,0,90,190
08/15/2005,GUM,GU,AWP,WE,Federal Contract Tower,59,18,2,0,79,0,0,22,4,26,59,18,24,4,105,80,30,110,215
08/16/2005,GUM,GU,AWP,WE,Federal Contract Tower,51,13,0,0,64,0,0,30,12,42,51,13,30,12,106,50,28,78,184
08/17/2005,GUM,GU,AWP,WE,Federal Contract Tower,49,14,0,0,63,0,0,22,0,22,49,14,22,0,85,54,0,54,139
08/18/2005,GUM,GU,AWP,WE,Federal Contract Tower,50,17,0,0,67,0,0,10,18,28,50,17,10,18,95,52,0,52,147
08/19/2005,GUM,GU,AWP,WE,Federal Contract Tower,40,10,0,0,50,0,0,10,8,18,40,10,10,8,68,18,0,18,86
08/20/2005,GUM,GU,AWP,WE,Federal Contract Tower,46,17,0,0,63,0,0,22,0,22,46,17,22,0,85,168,0,168,253
08/21/2005,GUM,GU,AWP,WE,Federal Contract Tower,58,18,2,0,78,0,0,8,0,8,58,18,10,0,86,78,0,78,164
08/22/2005,GUM,GU,AWP,WE,Federal Contract Tower,53,19,0,0,72,0,3,14,0,17,53,22,14,0,89,60,0,60,149
08/23/2005,GUM,GU,AWP,WE,Federal Contract Tower,48,16,1,0,65,0,0,25,0,25,48,16,26,0,90,22,0,22,112
08/24/2005,GUM,GU,AWP,WE,Federal Contract Tower,46,16,3,0,65,0,2,32,4,38,46,18,35,4,103,50,0,50,153
08/25/2005,GUM,GU,AWP,WE,Federal Contract Tower,49,18,1,0,68,0,0,6,10,16,49,18,7,10,84,32,0,32,116
08/26/2005,GUM,GU,AWP,WE,Federal Contract Tower,50,20,1,0,71,0,0,4,0,4,50,20,5,0,75,16,0,16,91
08/27/2005,GUM,GU,AWP,WE,Federal Contract Tower,52,20,0,0,72,0,0,12,0,12,52,20,12,0,84,70,0,70,154
08/28/2005,GUM,GU,AWP,WE,Federal Contract Tower,49,18,2,0,69,0,0,10,0,10,49,18,12,0,79,78,0,78,157
08/29/2005,GUM,GU,AWP,WE,Federal Contract Tower,51,18,0,0,69,0,2,15,18,35,51,20,15,18,104,44,2,46,150
08/30/2005,GUM,GU,AWP,WE,Federal Contract Tower,47,16,0,0,63,0,0,8,8,16,47,16,8,8,79,50,0,50,129
08/31/2005,GUM,GU,AWP,WE,Federal Contract Tower,28,0,0,0,28,0,0,2,0,2,28,0,2,0,30,0,0,0,30
09/01/2005,GUM,GU,AWP,WE,Federal Contract Tower,52,12,0,0,64,0,0,4,12,16,52,12,4,12,80,8,0,8,88
09/02/2005,GUM,GU,AWP,WE,Federal Contract Tower,51,21,0,0,72,0,0,12,6,18,51,21,12,6,90,48,6,54,144
09/03/2005,GUM,GU,AWP,WE,Federal Contract Tower,49,18,0,0,67,0,0,4,2,6,49,18,4,2,73,82,0,82,155
09/04/2005,GUM,GU,AWP,WE,Federal Contract Tower,50,18,0,0,68,0,0,2,0,2,50,18,2,0,70,38,0,38,108
09/05/2005,GUM,GU,AWP,WE,Federal Contract Tower,51,18,0,0,69,0,0,36,4,40,51,18,36,4,109,10,0,10,119
09/06/2005,GUM,GU,AWP,WE,Federal Contract Tower,43,19,0,2,64,0,0,16,10,26,43,19,16,12,90,24,22,46,136
09/07/2005,GUM,GU,AWP,WE,Federal Contract Tower,44,18,2,2,66,0,0,34,2,36,44,18,36,4,102,42,0,42,144
09/08/2005,GUM,GU,AWP,WE,Federal Contract Tower,46,18,0,0,64,0,0,31,0,31,46,18,31,0,95,29,0,29,124
09/09/2005,GUM,GU,AWP,WE,Federal Contract Tower,47,23,0,6,76,0,0,6,6,12,47,23,6,12,88,14,0,14,102
09/10/2005,GUM,GU,AWP,WE,Federal Contract Tower,47,18,0,0,65,0,0,20,0,20,47,18,20,0,85,62,0,62,147
09/11/2005,GUM,GU,AWP,WE,Federal Contract Tower,47,18,0,0,65,0,0,16,0,16,47,18,16,0,81,42,0,42,123
09/12/2005,GUM,GU,AWP,WE,Federal Contract Tower,52,18,0,0,70,0,1,18,20,39,52,19,18,20,109,28,16,44,153
09/13/2005,GUM,GU,AWP,WE,Federal Contract Tower,47,11,0,0,58,0,1,8,26,35,47,12,8,26,93,28,20,48,141
09/14/2005,GUM,GU,AWP,WE,Federal Contract Tower,44,17,0,4,65,0,0,16,6,22,44,17,16,10,87,74,24,98,185
09/15/2005,GUM,GU,AWP,WE,Federal Contract Tower,47,18,0,0,65,0,0,8,8,16,47,18,8,8,81,46,2,48,129
09/16/2005,GUM,GU,AWP,WE,Federal Contract Tower,49,22,9,0,80,0,0,4,0,4,49,22,13,0,84,74,0,74,158
09/17/2005,GUM,GU,AWP,WE,Federal Contract Tower,52,18,0,0,70,0,0,6,0,6,52,18,6,0,76,22,0,22,98
09/18/2005,GUM,GU,AWP,WE,Federal Contract Tower,50,18,3,0,71,0,0,18,0,18,50,18,21,0,89,98,0,98,187
09/19/2005,GUM,GU,AWP,WE,Federal Contract Tower,59,18,2,0,79,0,0,28,6,34,59,18,30,6,113,88,0,88,201
09/20/2005,GUM,GU,AWP,WE,Federal Contract Tower,48,16,2,0,66,0,0,18,20,38,48,16,20,20,104,62,0,62,166
09/21/2005,GUM,GU,AWP,WE,Federal Contract Tower,49,16,0,6,71,0,0,12,10,22,49,16,12,16,93,30,32,62,155
09/22/2005,GUM,GU,AWP,WE,Federal Contract Tower,47,19,1,0,67,0,0,10,10,20,47,19,11,10,87,28,0,28,115
09/23/2005,GUM,GU,AWP,WE,Federal Contract Tower,54,23,0,0,77,0,0,28,0,28,54,23,28,0,105,38,0,38,143
09/24/2005,GUM,GU,AWP,WE,Federal Contract Tower,44,18,0,0,62,0,0,18,0,18,44,18,18,0,80,40,0,40,120
09/25/2005,GUM,GU,AWP,WE,Federal Contract Tower,55,18,0,0,73,0,0,30,2,32,55,18,30,2,105,60,0,60,165
09/26/2005,GUM,GU,AWP,WE,Federal Contract Tower,51,17,1,0,69,0,2,22,0,24,51,19,23,0,93,18,0,18,111
09/27/2005,GUM,GU,AWP,WE,Federal Contract Tower,43,14,0,0,57,0,0,6,8,14,43,14,6,8,71,48,6,54,125
09/28/2005,GUM,GU,AWP,WE,Federal Contract Tower,42,14,0,0,56,0,1,22,10,33,42,15,22,10,89,26,0,26,115
09/29/2005,GUM,GU,AWP,WE,Federal Contract Tower,47,22,0,0,69,0,0,8,10,18,47,22,8,10,87,34,0,34,121
09/30/2005,GUM,GU,AWP,WE,Federal Contract Tower,47,22,12,0,81,0,0,12,6,18,47,22,24,6,99,56,0,56,155
10/01/2005,GUM,GU,AWP,WE,Federal Contract Tower,50,20,0,0,70,0,0,16,2,18,50,20,16,2,88,34,12,46,134
10/02/2005,GUM,GU,AWP,WE,Federal Contract Tower,47,18,0,8,73,0,1,16,4,21,47,19,16,12,94,38,0,38,132
10/03/2005,GUM,GU,AWP,WE,Federal Contract Tower,50,17,0,0,67,0,7,18,6,31,50,24,18,6,98,28,0,28,126
10/04/2005,GUM,GU,AWP,WE,Federal Contract Tower,45,18,0,2,65,0,0,22,12,34,45,18,22,14,99,26,18,44,143
10/05/2005,GUM,GU,AWP,WE,Federal Contract Tower,43,18,2,0,63,0,0,12,8,20,43,18,14,8,83,2,0,2,85
10/06/2005,GUM,GU,AWP,WE,Federal Contract Tower,51,18,0,0,69,0,0,22,16,38,51,18,22,16,107,32,0,32,139
10/07/2005,GUM,GU,AWP,WE,Federal Contract Tower,44,26,0,0,70,0,0,22,0,22,44,26,22,0,92,28,0,28,120
10/08/2005,GUM,GU,AWP,WE,Federal Contract Tower,51,14,0,0,65,0,0,12,0,12,51,14,12,0,77,104,0,104,181
10/09/2005,GUM,GU,AWP,WE,Federal Contract Tower,46,17,1,0,64,0,0,18,0,18,46,17,19,0,82,96,0,96,178
10/10/2005,GUM,GU,AWP,WE,Federal Contract Tower,52,20,3,0,75,0,1,20,0,21,52,21,23,0,96,44,0,44,140
10/11/2005,GUM,GU,AWP,WE,Federal Contract Tower,43,16,1,0,60,0,0,17,14,31,43,16,18,14,91,52,0,52,143
10/12/2005,GUM,GU,AWP,WE,Federal Contract Tower,47,16,0,4,67,0,0,26,6,32,47,16,26,10,99,70,0,70,169
10/13/2005,GUM,GU,AWP,WE,Federal Contract Tower,48,18,1,4,71,0,0,27,6,33,48,18,28,10,104,36,0,36,140
10/14/2005,GUM,GU,AWP,WE,Federal Contract Tower,47,26,2,0,75,0,0,16,0,16,47,26,18,0,91,26,0,26,117
10/15/2005,GUM,GU,AWP,WE,Federal Contract Tower,49,19,0,0,68,0,0,19,6,25,49,19,19,6,93,70,0,70,163
10/16/2005,GUM,GU,AWP,WE,Federal Contract Tower,51,18,0,0,69,0,0,22,0,22,51,18,22,0,91,40,0,40,131
10/17/2005,GUM,GU,AWP,WE,Federal Contract Tower,52,18,0,0,70,0,2,20,18,40,52,20,20,18,110,36,4,40,150
10/18/2005,GUM,GU,AWP,WE,Federal Contract Tower,42,16,8,0,66,0,0,15,12,27,42,16,23,12,93,22,0,22,115
10/19/2005,GUM,GU,AWP,WE,Federal Contract Tower,48,17,13,3,81,0,2,12,13,27,48,19,25,16,108,14,0,14,122
10/20/2005,GUM,GU,AWP,WE,Federal Contract Tower,49,21,0,0,70,0,0,11,0,11,49,21,11,0,81,22,0,22,103
10/21/2005,GUM,GU,AWP,WE,Federal Contract Tower,44,25,10,0,79,0,0,6,12,18,44,25,16,12,97,48,0,48,145
10/22/2005,GUM,GU,AWP,WE,Federal Contract Tower,44,20,1,0,65,0,0,17,2,19,44,20,18,2,84,38,0,38,122
10/23/2005,GUM,GU,AWP,WE,Federal Contract Tower,47,18,0,0,65,0,0,22,0,22,47,18,22,0,87,34,0,34,121
10/24/2005,GUM,GU,AWP,WE,Federal Contract Tower,51,18,0,0,69,0,1,12,0,13,51,19,12,0,82,38,0,38,120
10/25/2005,GUM,GU,AWP,WE,Federal Contract Tower,43,16,0,12,71,0,1,32,14,47,43,17,32,26,118,48,0,48,166
10/26/2005,GUM,GU,AWP,WE,Federal Contract Tower,42,14,1,10,67,0,1,18,20,39,42,15,19,30,106,34,0,34,140
10/27/2005,GUM,GU,AWP,WE,Federal Contract Tower,46,18,0,2,66,0,0,6,16,22,46,18,6,18,88,52,0,52,140
10/28/2005,GUM,GU,AWP,WE,Federal Contract Tower,43,22,3,0,68,0,0,8,4,12,43,22,11,4,80,38,0,38,118
10/29/2005,GUM,GU,AWP,WE,Federal Contract Tower,44,16,0,0,60,0,0,14,0,14,44,16,14,0,74,68,0,68,142
10/30/2005,GUM,GU,AWP,WE,Federal Contract Tower,51,18,1,0,70,0,0,22,0,22,51,18,23,0,92,34,0,34,126
10/31/2005,GUM,GU,AWP,WE,Federal Contract Tower,45,18,1,0,64,0,2,14,18,34,45,20,15,18,98,22,16,38,136
11/01/2005,GUM,GU,AWP,WE,Federal Contract Tower,42,16,0,0,58,0,0,24,20,44,42,16,24,20,102,32,6,38,140
11/02/2005,GUM,GU,AWP,WE,Federal Contract Tower,45,17,0,2,64,0,0,18,22,40,45,17,18,24,104,20,0,20,124
11/03/2005,GUM,GU,AWP,WE,Federal Contract Tower,47,21,0,6,74,0,0,20,18,38,47,21,20,24,112,52,0,52,164
11/04/2005,GUM,GU,AWP,WE,Federal Contract Tower,46,23,0,0,69,0,0,16,2,18,46,23,16,2,87,56,0,56,143
11/05/2005,GUM,GU,AWP,WE,Federal Contract Tower,50,20,2,0,72,0,0,26,4,30,50,20,28,4,102,78,0,78,180
11/06/2005,GUM,GU,AWP,WE,Federal Contract Tower,48,18,0,0,66,0,0,22,0,22,48,18,22,0,88,62,0,62,150
11/07/2005,GUM,GU,AWP,WE,Federal Contract Tower,48,20,0,19,87,0,0,24,2,26,48,20,24,21,113,44,20,64,177
11/08/2005,GUM,GU,AWP,WE,Federal Contract Tower,44,16,0,0,60,0,0,20,26,46,44,16,20,26,106,54,6,60,166
11/09/2005,GUM,GU,AWP,WE,Federal Contract Tower,45,17,3,0,65,0,1,35,0,36,45,18,38,0,101,40,0,40,141
11/10/2005,GUM,GU,AWP,WE,Federal Contract Tower,49,21,3,4,77,0,0,2,10,12,49,21,5,14,89,54,14,68,157
11/11/2005,GUM,GU,AWP,WE,Federal Contract Tower,48,18,3,0,69,0,0,8,0,8,48,18,11,0,77,60,0,60,137
11/12/2005,GUM,GU,AWP,WE,Federal Contract Tower,50,21,4,0,75,0,0,12,0,12,50,21,16,0,87,108,0,108,195
11/13/2005,GUM,GU,AWP,WE,Federal Contract Tower,48,20,1,0,69,0,0,8,0,8,48,20,9,0,77,16,0,16,93
11/14/2005,GUM,GU,AWP,WE,Federal Contract Tower,53,20,0,0,73,0,2,19,16,37,53,22,19,16,110,48,0,48,158
11/15/2005,GUM,GU,AWP,WE,Federal Contract Tower,44,20,1,0,65,0,0,25,20,45,44,20,26,20,110,60,0,60,170
11/16/2005,GUM,GU,AWP,WE,Federal Contract Tower,50,18,1,0,69,0,0,20,18,38,50,18,21,18,107,26,0,26,133
11/17/2005,GUM,GU,AWP,WE,Federal Contract Tower,54,21,0,8,83,0,0,34,12,46,54,21,34,20,129,44,0,44,173
11/18/2005,GUM,GU,AWP,WE,Federal Contract Tower,47,26,0,0,73,0,0,8,8,16,47,26,8,8,89,34,0,34,123
11/19/2005,GUM,GU,AWP,WE,Federal Contract Tower,49,18,0,0,67,0,0,16,0,16,49,18,16,0,83,52,0,52,135
11/20/2005,GUM,GU,AWP,WE,Federal Contract Tower,54,22,0,0,76,0,0,22,0,22,54,22,22,0,98,78,0,78,176
11/21/2005,GUM,GU,AWP,WE,Federal Contract Tower,49,18,0,8,75,0,2,14,10,26,49,20,14,18,101,96,0,96,197
11/22/2005,GUM,GU,AWP,WE,Federal Contract Tower,43,16,0,2,61,0,0,36,50,86,43,16,36,52,147,26,10,36,183
11/23/2005,GUM,GU,AWP,WE,Federal Contract Tower,43,16,0,0,59,0,0,46,2,48,43,16,46,2,107,54,0,54,161
11/24/2005,GUM,GU,AWP,WE,Federal Contract Tower,54,18,0,0,72,0,0,26,0,26,54,18,26,0,98,68,0,68,166
11/25/2005,GUM,GU,AWP,WE,Federal Contract Tower,49,20,0,0,69,0,0,2,4,6,49,20,2,4,75,54,0,54,129
11/26/2005,GUM,GU,AWP,WE,Federal Contract Tower,48,18,0,0,66,0,0,16,0,16,48,18,16,0,82,62,0,62,144
11/27/2005,GUM,GU,AWP,WE,Federal Contract Tower,50,18,0,0,68,0,0,14,0,14,50,18,14,0,82,44,0,44,126
11/28/2005,GUM,GU,AWP,WE,Federal Contract Tower,51,18,0,0,69,0,4,20,24,48,51,22,20,24,117,34,0,34,151
11/29/2005,GUM,GU,AWP,WE,Federal Contract Tower,46,16,0,2,64,0,0,8,30,38,46,16,8,32,102,42,0,42,144
11/30/2005,GUM,GU,AWP,WE,Federal Contract Tower,42,18,0,2,62,0,0,14,4,18,42,18,14,6,80,56,0,56,136
12/01/2005,GUM,GU,AWP,WE,Federal Contract Tower,49,18,0,0,67,0,0,12,6,18,49,18,12,6,85,28,0,28,113
12/02/2005,GUM,GU,AWP,WE,Federal Contract Tower,47,22,0,0,69,0,0,28,38,66,47,22,28,38,135,26,0,26,161
12/03/2005,GUM,GU,AWP,WE,Federal Contract Tower,49,18,1,0,68,0,0,6,0,6,49,18,7,0,74,34,0,34,108
12/04/2005,GUM,GU,AWP,WE,Federal Contract Tower,49,18,1,14,82,0,0,13,2,15,49,18,14,16,97,29,0,29,126
12/05/2005,GUM,GU,AWP,WE,Federal Contract Tower,50,19,0,0,69,0,2,26,14,42,50,21,26,14,111,20,0,20,131
12/06/2005,GUM,GU,AWP,WE,Federal Contract Tower,46,16,0,2,64,0,1,10,22,33,46,17,10,24,97,44,8,52,149
12/07/2005,GUM,GU,AWP,WE,Federal Contract Tower,45,18,0,0,63,0,0,4,6,10,45,18,4,6,73,64,14,78,151
12/08/2005,GUM,GU,AWP,WE,Federal Contract Tower,53,17,1,0,71,0,0,10,4,14,53,17,11,4,85,4,12,16,101
12/09/2005,GUM,GU,AWP,WE,Federal Contract Tower,52,22,15,6,95,0,0,0,4,4,52,22,15,10,99,18,0,18,117
12/10/2005,GUM,GU,AWP,WE,Federal Contract Tower,45,18,2,0,65,0,0,4,2,6,45,18,6,2,71,28,2,30,101
12/11/2005,GUM,GU,AWP,WE,Federal Contract Tower,52,18,0,0,70,0,0,18,0,18,52,18,18,0,88,42,0,42,130
12/12/2005,GUM,GU,AWP,WE,Federal Contract Tower,51,20,0,0,71,0,3,24,10,37,51,23,24,10,108,14,0,14,122
12/13/2005,GUM,GU,AWP,WE,Federal Contract Tower,48,16,1,0,65,0,0,14,2,16,48,16,15,2,81,12,4,16,97
12/14/2005,GUM,GU,AWP,WE,Federal Contract Tower,47,18,1,4,70,0,2,12,0,14,47,20,13,4,84,0,0,0,84
12/15/2005,GUM,GU,AWP,WE,Federal Contract Tower,51,18,3,0,72,0,0,8,6,14,51,18,11,6,86,18,0,18,104
12/16/2005,GUM,GU,AWP,WE,Federal Contract Tower,48,21,1,0,70,0,0,21,6,27,48,21,22,6,97,36,0,36,133
12/17/2005,GUM,GU,AWP,WE,Federal Contract Tower,46,18,1,0,65,0,0,2,0,2,46,18,3,0,67,54,0,54,121
12/18/2005,GUM,GU,AWP,WE,Federal Contract Tower,53,17,0,0,70,0,0,16,2,18,53,17,16,2,88,72,0,72,160
12/19/2005,GUM,GU,AWP,WE,Federal Contract Tower,54,20,0,0,74,0,0,18,2,20,54,20,18,2,94,68,0,68,162
12/20/2005,GUM,GU,AWP,WE,Federal Contract Tower,45,16,0,0,61,0,0,18,8,26,45,16,18,8,87,42,46,88,175
12/21/2005,GUM,GU,AWP,WE,Federal Contract Tower,43,16,0,2,61,0,1,20,10,31,43,17,20,12,92,12,0,12,104
12/22/2005,GUM,GU,AWP,WE,Federal Contract Tower,46,19,0,2,67,0,0,8,8,16,46,19,8,10,83,32,0,32,115
12/23/2005,GUM,GU,AWP,WE,Federal Contract Tower,48,22,0,0,70,0,0,16,0,16,48,22,16,0,86,90,0,90,176
12/24/2005,GUM,GU,AWP,WE,Federal Contract Tower,46,17,0,0,63,0,0,10,0,10,46,17,10,0,73,176,0,176,249
12/25/2005,GUM,GU,AWP,WE,Federal Contract Tower,55,18,0,0,73,0,0,14,0,14,55,18,14,0,87,84,0,84,171
12/26/2005,GUM,GU,AWP,WE,Federal Contract Tower,55,18,0,0,73,0,0,8,0,8,55,18,8,0,81,74,0,74,155
12/27/2005,GUM,GU,AWP,WE,Federal Contract Tower,47,16,0,0,63,0,0,28,12,40,47,16,28,12,103,90,8,98,201
12/28/2005,GUM,GU,AWP,WE,Federal Contract Tower,47,16,7,0,70,0,1,31,2,34,47,17,38,2,104,82,8,90,194
12/29/2005,GUM,GU,AWP,WE,Federal Contract Tower,54,18,4,2,78,0,0,18,4,22,54,18,22,6,100,92,50,142,242
12/30/2005,GUM,GU,AWP,WE,Federal Contract Tower,61,22,4,0,87,0,0,28,0,28,61,22,32,0,115,104,0,104,219
12/31/2005,GUM,GU,AWP,WE,Federal Contract Tower,70,19,2,0,91,0,0,48,0,48,70,19,50,0,139,108,0,108,247
01/01/2006,GUM,GU,AWP,WE,Federal Contract Tower,59,18,0,0,77,0,0,20,0,20,59,18,20,0,97,88,0,88,185
01/02/2006,GUM,GU,AWP,WE,Federal Contract Tower,65,18,3,0,86,0,0,22,0,22,65,18,25,0,108,74,0,74,182
01/03/2006,GUM,GU,AWP,WE,Federal Contract Tower,60,16,6,0,82,0,0,34,20,54,60,16,40,20,136,102,14,116,252
01/04/2006,GUM,GU,AWP,WE,Federal Contract Tower,57,17,0,0,74,0,1,53,4,58,57,18,53,4,132,36,0,36,168
01/05/2006,GUM,GU,AWP,WE,Federal Contract Tower,53,18,2,0,73,0,0,38,6,44,53,18,40,6,117,40,0,40,157
01/06/2006,GUM,GU,AWP,WE,Federal Contract Tower,53,22,1,0,76,0,0,15,16,31,53,22,16,16,107,56,0,56,163
01/07/2006,GUM,GU,AWP,WE,Federal Contract Tower,63,18,1,0,82,0,0,16,6,22,63,18,17,6,104,138,0,138,242
01/08/2006,GUM,GU,AWP,WE,Federal Contract Tower,68,18,0,0,86,0,0,28,8,36,68,18,28,8,122,96,0,96,218
01/09/2006,GUM,GU,AWP,WE,Federal Contract Tower,68,18,0,0,86,0,0,23,20,43,68,18,23,20,129,48,0,48,177
01/10/2006,GUM,GU,AWP,WE,Federal Contract Tower,55,20,1,0,76,0,0,11,30,41,55,20,12,30,117,48,6,54,171
01/11/2006,GUM,GU,AWP,WE,Federal Contract Tower,48,20,1,4,73,0,2,10,2,14,48,22,11,6,87,44,0,44,131
01/12/2006,GUM,GU,AWP,WE,Federal Contract Tower,55,23,8,0,86,0,0,6,14,20,55,23,14,14,106,82,0,82,188
01/13/2006,GUM,GU,AWP,WE,Federal Contract Tower,53,23,0,0,76,0,0,29,0,29,53,23,29,0,105,42,0,42,147
01/14/2006,GUM,GU,AWP,WE,Federal Contract Tower,55,22,0,8,85,0,0,0,0,0,55,22,0,8,85,22,0,22,107
01/15/2006,GUM,GU,AWP,WE,Federal Contract Tower,56,20,0,0,76,0,0,10,4,14,56,20,10,4,90,54,0,54,144
01/16/2006,GUM,GU,AWP,WE,Federal Contract Tower,54,20,1,0,75,0,0,20,0,20,54,20,21,0,95,32,0,32,127
01/17/2006,GUM,GU,AWP,WE,Federal Contract Tower,50,22,1,0,73,0,0,28,26,54,50,22,29,26,127,36,0,36,163
01/18/2006,GUM,GU,AWP,WE,Federal Contract Tower,50,20,0,0,70,0,0,32,58,90,50,20,32,58,160,22,0,22,182
01/19/2006,GUM,GU,AWP,WE,Federal Contract Tower,53,20,0,0,73,0,0,8,42,50,53,20,8,42,123,52,0,52,175
01/20/2006,GUM,GU,AWP,WE,Federal Contract Tower,53,22,2,2,79,0,0,16,16,32,53,22,18,18,111,58,0,58,169
01/21/2006,GUM,GU,AWP,WE,Federal Contract Tower,56,20,0,0,76,0,0,24,0,24,56,20,24,0,100,88,0,88,188
01/22/2006,GUM,GU,AWP,WE,Federal Contract Tower,60,20,2,0,82,0,0,10,0,10,60,20,12,0,92,54,0,54,146
01/23/2006,GUM,GU,AWP,WE,Federal Contract Tower,56,20,9,2,87,0,2,18,2,22,56,22,27,4,109,42,0,42,151
01/24/2006,GUM,GU,AWP,WE,Federal Contract Tower,55,20,1,0,76,0,0,38,60,98,55,20,39,60,174,66,10,76,250
01/25/2006,GUM,GU,AWP,WE,Federal Contract Tower,55,20,0,0,75,0,8,34,51,93,55,28,34,51,168,62,0,62,230
01/26/2006,GUM,GU,AWP,WE,Federal Contract Tower,51,21,0,0,72,0,0,12,26,38,51,21,12,26,110,76,8,84,194
01/27/2006,GUM,GU,AWP,WE,Federal Contract Tower,58,23,0,0,81,0,0,8,4,12,58,23,8,4,93,24,0,24,117
01/28/2006,GUM,GU,AWP,WE,Federal Contract Tower,59,24,0,0,83,0,0,20,10,30,59,24,20,10,113,126,0,126,239
01/29/2006,GUM,GU,AWP,WE,Federal Contract Tower,68,21,0,0,89,0,0,20,4,24,68,21,20,4,113,64,0,64,177
01/30/2006,GUM,GU,AWP,WE,Federal Contract Tower,56,18,4,4,82,0,1,8,10,19,56,19,12,14,101,28,0,28,129
01/31/2006,GUM,GU,AWP,WE,Federal Contract Tower,54,20,2,0,76,0,2,16,18,36,54,22,18,18,112,44,0,44,156
02/01/2006,GUM,GU,AWP,WE,Federal Contract Tower,50,25,1,0,76,0,3,22,10,35,50,28,23,10,111,24,4,28,139
02/02/2006,GUM,GU,AWP,WE,Federal Contract Tower,56,22,0,4,82,0,0,20,14,34,56,22,20,18,116,26,0,26,142
02/03/2006,GUM,GU,AWP,WE,Federal Contract Tower,58,24,0,0,82,0,0,14,18,32,58,24,14,18,114,62,0,62,176
02/04/2006,GUM,GU,AWP,WE,Federal Contract Tower,52,20,1,0,73,0,0,2,4,6,52,20,3,4,79,52,0,52,131
02/05/2006,GUM,GU,AWP,WE,Federal Contract Tower,59,20,0,0,79,0,0,14,80,94,59,20,14,80,173,88,0,88,261
02/06/2006,GUM,GU,AWP,WE,Federal Contract Tower,59,22,1,0,82,0,0,25,0,25,59,22,26,0,107,28,0,28,135
02/07/2006,GUM,GU,AWP,WE,Federal Contract Tower,61,20,1,0,82,0,0,24,18,42,61,20,25,18,124,42,0,42,166
02/08/2006,GUM,GU,AWP,WE,Federal Contract Tower,48,20,1,10,79,0,0,30,37,67,48,20,31,47,146,58,0,58,204
02/09/2006,GUM,GU,AWP,WE,Federal Contract Tower,53,25,0,0,78,0,0,29,36,65,53,25,29,36,143,44,6,50,193
02/10/2006,GUM,GU,AWP,WE,Federal Contract Tower,53,24,0,0,77,0,0,40,30,70,53,24,40,30,147,78,16,94,241
02/11/2006,GUM,GU,AWP,WE,Federal Contract Tower,55,19,0,0,74,0,0,26,0,26,55,19,26,0,100,122,0,122,222
02/12/2006,GUM,GU,AWP,WE,Federal Contract Tower,59,16,0,0,75,0,0,42,4,46,59,16,42,4,121,72,0,72,193
02/13/2006,GUM,GU,AWP,WE,Federal Contract Tower,53,19,2,0,74,0,1,20,4,25,53,20,22,4,99,22,0,22,121
02/14/2006,GUM,GU,AWP,WE,Federal Contract Tower,57,20,2,0,79,0,0,58,14,72,57,20,60,14,151,30,18,48,199
02/15/2006,GUM,GU,AWP,WE,Federal Contract Tower,48,20,1,4,73,0,1,56,8,65,48,21,57,12,138,42,0,42,180
02/16/2006,GUM,GU,AWP,WE,Federal Contract Tower,49,20,2,4,75,0,0,46,2,48,49,20,48,6,123,46,16,62,185
02/17/2006,GUM,GU,AWP,WE,Federal Contract Tower,57,20,0,6,83,0,0,40,10,50,57,20,40,16,133,114,0,114,247
02/18/2006,GUM,GU,AWP,WE,Federal Contract Tower,47,20,3,0,70,0,0,22,0,22,47,20,25,0,92,82,0,82,174
02/19/2006,GUM,GU,AWP,WE,Federal Contract Tower,56,20,0,1,77,0,0,18,4,22,56,20,18,5,99,62,0,62,161
02/20/2006,GUM,GU,AWP,WE,Federal Contract Tower,55,21,0,0,76,0,1,14,0,15,55,22,14,0,91,40,0,40,131
02/21/2006,GUM,GU,AWP,WE,Federal Contract Tower,48,20,0,2,70,0,2,40,14,56,48,22,40,16,126,60,0,60,186
02/22/2006,GUM,GU,AWP,WE,Federal Contract Tower,41,20,0,0,61,0,1,54,14,69,41,21,54,14,130,28,0,28,158
02/23/2006,GUM,GU,AWP,WE,Federal Contract Tower,44,20,0,2,66,0,0,24,8,32,44,20,24,10,98,74,0,74,172
02/24/2006,GUM,GU,AWP,WE,Federal Contract Tower,50,23,1,0,74,0,0,12,10,22,50,23,13,10,96,48,0,48,144
02/25/2006,GUM,GU,AWP,WE,Federal Contract Tower,48,20,0,0,68,0,0,26,0,26,48,20,26,0,94,94,0,94,188
02/26/2006,GUM,GU,AWP,WE,Federal Contract Tower,50,20,1,0,71,0,0,9,0,9,50,20,10,0,80,46,0,46,126
02/27/2006,GUM,GU,AWP,WE,Federal Contract Tower,52,22,0,0,74,0,0,14,4,18,52,22,14,4,92,70,0,70,162
02/28/2006,GUM,GU,AWP,WE,Federal Contract Tower,48,20,0,0,68,0,0,20,20,40,48,20,20,20,108,48,8,56,164
03/01/2006,GUM,GU,AWP,WE,Federal Contract Tower,45,22,0,6,73,0,0,18,4,22,45,22,18,10,95,14,10,24,119
03/02/2006,GUM,GU,AWP,WE,Federal Contract Tower,46,23,0,12,81,0,0,7,30,37,46,23,7,42,118,38,0,38,156
03/03/2006,GUM,GU,AWP,WE,Federal Contract Tower,50,24,0,3,77,0,0,10,30,40,50,24,10,33,117,140,12,152,269
03/04/2006,GUM,GU,AWP,WE,Federal Contract Tower,51,22,0,0,73,0,0,16,1,17,51,22,16,1,90,84,0,84,174
03/05/2006,GUM,GU,AWP,WE,Federal Contract Tower,50,20,0,0,70,0,0,10,8,18,50,20,10,8,88,42,0,42,130
03/06/2006,GUM,GU,AWP,WE,Federal Contract Tower,55,24,4,0,83,0,0,24,44,68,55,24,28,44,151,40,10,50,201
03/07/2006,GUM,GU,AWP,WE,Federal Contract Tower,51,18,5,0,74,0,0,18,26,44,51,18,23,26,118,46,2,48,166
03/08/2006,GUM,GU,AWP,WE,Federal Contract Tower,48,13,0,0,61,0,0,8,14,22,48,13,8,14,83,36,6,42,125
03/09/2006,GUM,GU,AWP,WE,Federal Contract Tower,48,22,2,0,72,0,0,19,24,43,48,22,21,24,115,26,0,26,141
03/10/2006,GUM,GU,AWP,WE,Federal Contract Tower,52,24,3,0,79,0,0,15,24,39,52,24,18,24,118,62,0,62,180
03/11/2006,GUM,GU,AWP,WE,Federal Contract Tower,53,20,1,0,74,0,0,20,8,28,53,20,21,8,102,64,0,64,166
03/12/2006,GUM,GU,AWP,WE,Federal Contract Tower,59,20,0,0,79,0,0,32,14,46,59,20,32,14,125,72,0,72,197
03/13/2006,GUM,GU,AWP,WE,Federal Contract Tower,57,22,0,0,79,0,0,24,4,28,57,22,24,4,107,36,0,36,143
03/14/2006,GUM,GU,AWP,WE,Federal Contract Tower,53,20,1,4,78,0,0,16,1,17,53,20,17,5,95,26,4,30,125
03/15/2006,GUM,GU,AWP,WE,Federal Contract Tower,50,22,1,2,75,0,0,14,4,18,50,22,15,6,93,40,0,40,133
03/16/2006,GUM,GU,AWP,WE,Federal Contract Tower,54,22,0,0,76,0,0,58,16,74,54,22,58,16,150,36,0,36,186
03/17/2006,GUM,GU,AWP,WE,Federal Contract Tower,55,24,0,0,79,0,0,14,22,36,55,24,14,22,115,59,0,59,174
03/18/2006,GUM,GU,AWP,WE,Federal Contract Tower,49,20,0,0,69,0,0,16,0,16,49,20,16,0,85,36,0,36,121
03/19/2006,GUM,GU,AWP,WE,Federal Contract Tower,56,20,2,0,78,0,0,30,0,30,56,20,32,0,108,44,0,44,152
03/20/2006,GUM,GU,AWP,WE,Federal Contract Tower,51,20,2,0,73,0,1,29,0,30,51,21,31,0,103,98,0,98,201
03/21/2006,GUM,GU,AWP,WE,Federal Contract Tower,55,20,1,0,76,0,0,34,4,38,55,20,35,4,114,42,0,42,156
03/22/2006,GUM,GU,AWP,WE,Federal Contract Tower,46,20,0,0,66,0,2,24,0,26,46,22,24,0,92,28,0,28,120
03/23/2006,GUM,GU,AWP,WE,Federal Contract Tower,50,22,0,2,74,0,0,12,27,39,50,22,12,29,113,56,6,62,175
03/24/2006,GUM,GU,AWP,WE,Federal Contract Tower,59,24,0,0,83,0,2,18,4,24,59,26,18,4,107,52,0,52,159
03/25/2006,GUM,GU,AWP,WE,Federal Contract Tower,52,20,1,0,73,0,0,22,0,22,52,20,23,0,95,20,0,20,115
03/26/2006,GUM,GU,AWP,WE,Federal Contract Tower,58,20,1,0,79,0,0,21,0,21,58,20,22,0,100,22,0,22,122
03/27/2006,GUM,GU,AWP,WE,Federal Contract Tower,56,21,4,8,89,0,0,30,12,42,56,21,34,20,131,6,2,8,139
03/28/2006,GUM,GU,AWP,WE,Federal Contract Tower,56,20,2,0,78,0,0,28,8,36,56,20,30,8,114,16,0,16,130
03/29/2006,GUM,GU,AWP,WE,Federal Contract Tower,45,20,0,0,65,0,0,18,6,24,45,20,18,6,89,14,0,14,103
03/30/2006,GUM,GU,AWP,WE,Federal Contract Tower,52,20,2,0,74,0,0,6,24,30,52,20,8,24,104,70,0,70,174
03/31/2006,GUM,GU,AWP,WE,Federal Contract Tower,53,24,1,0,78,0,0,34,10,44,53,24,35,10,122,98,0,98,220
04/01/2006,GUM,GU,AWP,WE,Federal Contract Tower,56,20,2,0,78,0,0,14,0,14,56,20,16,0,92,52,0,52,144
04/02/2006,GUM,GU,AWP,WE,Federal Contract Tower,57,20,5,0,82,0,0,14,0,14,57,20,19,0,96,36,0,36,132
04/03/2006,GUM,GU,AWP,WE,Federal Contract Tower,55,22,2,0,79,0,0,14,12,26,55,22,16,12,105,28,0,28,133
04/04/2006,GUM,GU,AWP,WE,Federal Contract Tower,51,20,2,0,73,0,0,12,10,22,51,20,14,10,95,30,4,34,129
04/05/2006,GUM,GU,AWP,WE,Federal Contract Tower,48,20,1,0,69,0,2,23,6,31,48,22,24,6,100,42,0,42,142
04/06/2006,GUM,GU,AWP,WE,Federal Contract Tower,51,20,2,0,73,0,0,2,10,12,51,20,4,10,85,78,0,78,163
04/07/2006,GUM,GU,AWP,WE,Federal Contract Tower,53,24,1,0,78,0,0,10,5,15,53,24,11,5,93,58,0,58,151
04/08/2006,GUM,GU,AWP,WE,Federal Contract Tower,48,20,0,0,68,0,0,22,0,22,48,20,22,0,90,74,0,74,164
04/09/2006,GUM,GU,AWP,WE,Federal Contract Tower,55,20,4,0,79,0,0,7,0,7,55,20,11,0,86,44,0,44,130
04/10/2006,GUM,GU,AWP,WE,Federal Contract Tower,54,36,1,0,91,0,3,14,14,31,54,39,15,14,122,48,0,48,170
04/11/2006,GUM,GU,AWP,WE,Federal Contract Tower,51,20,5,0,76,0,0,27,18,45,51,20,32,18,121,72,10,82,203
04/12/2006,GUM,GU,AWP,WE,Federal Contract Tower,46,24,1,0,71,0,1,21,10,32,46,25,22,10,103,63,9,72,175
04/13/2006,GUM,GU,AWP,WE,Federal Contract Tower,49,27,1,0,77,0,0,0,8,8,49,27,1,8,85,88,0,88,173
04/14/2006,GUM,GU,AWP,WE,Federal Contract Tower,48,23,3,0,74,0,0,6,4,10,48,23,9,4,84,62,0,62,146
04/15/2006,GUM,GU,AWP,WE,Federal Contract Tower,50,20,1,0,71,0,0,14,2,16,50,20,15,2,87,134,0,134,221
04/16/2006,GUM,GU,AWP,WE,Federal Contract Tower,56,28,3,0,87,0,0,26,0,26,56,28,29,0,113,68,0,68,181
04/17/2006,GUM,GU,AWP,WE,Federal Contract Tower,58,25,7,0,90,0,1,9,12,22,58,26,16,12,112,38,0,38,150
04/18/2006,GUM,GU,AWP,WE,Federal Contract Tower,54,20,0,2,76,0,0,26,10,36,54,20,26,12,112,40,0,40,152
04/19/2006,GUM,GU,AWP,WE,Federal Contract Tower,44,20,0,0,64,0,1,40,14,55,44,21,40,14,119,43,0,43,162
04/20/2006,GUM,GU,AWP,WE,Federal Contract Tower,52,21,0,0,73,0,0,6,6,12,52,21,6,6,85,54,0,54,139
04/21/2006,GUM,GU,AWP,WE,Federal Contract Tower,53,24,0,0,77,0,0,10,2,12,53,24,10,2,89,92,0,92,181
04/22/2006,GUM,GU,AWP,WE,Federal Contract Tower,43,20,0,0,63,0,0,6,4,10,43,20,6,4,73,113,0,113,186
04/23/2006,GUM,GU,AWP,WE,Federal Contract Tower,52,20,0,0,72,0,0,12,0,12,52,20,12,0,84,86,0,86,170
04/24/2006,GUM,GU,AWP,WE,Federal Contract Tower,56,21,0,10,87,0,1,12,26,39,56,22,12,36,126,40,0,40,166
04/25/2006,GUM,GU,AWP,WE,Federal Contract Tower,51,27,0,2,80,0,0,34,20,54,51,27,34,22,134,62,2,64,198
04/26/2006,GUM,GU,AWP,WE,Federal Contract Tower,46,22,0,4,72,0,0,26,8,34,46,22,26,12,106,18,0,18,124
04/27/2006,GUM,GU,AWP,WE,Federal Contract Tower,48,20,0,4,72,0,0,16,8,24,48,20,16,12,96,74,0,74,170
04/28/2006,GUM,GU,AWP,WE,Federal Contract Tower,57,23,1,0,81,0,0,6,0,6,57,23,7,0,87,47,0,47,134
04/29/2006,GUM,GU,AWP,WE,Federal Contract Tower,53,20,0,0,73,0,0,14,6,20,53,20,14,6,93,126,0,126,219
04/30/2006,GUM,GU,AWP,WE,Federal Contract Tower,57,20,0,0,77,0,0,10,0,10,57,20,10,0,87,74,0,74,161
05/01/2006,GUM,GU,AWP,WE,Federal Contract Tower,59,23,0,8,90,0,1,4,10,15,59,24,4,18,105,88,8,96,201
05/02/2006,GUM,GU,AWP,WE,Federal Contract Tower,58,20,1,0,79,0,0,24,18,42,58,20,25,18,121,142,10,152,273
05/03/2006,GUM,GU,AWP,WE,Federal Contract Tower,71,22,2,4,99,0,0,38,9,47,71,22,40,13,146,176,6,182,328
05/04/2006,GUM,GU,AWP,WE,Federal Contract Tower,70,21,1,2,94,0,0,29,12,41,70,21,30,14,135,178,0,178,313
05/05/2006,GUM,GU,AWP,WE,Federal Contract Tower,65,26,1,0,92,0,0,36,8,44,65,26,37,8,136,180,2,182,318
05/06/2006,GUM,GU,AWP,WE,Federal Contract Tower,66,20,4,0,90,0,0,30,0,30,66,20,34,0,120,144,0,144,264
05/07/2006,GUM,GU,AWP,WE,Federal Contract Tower,72,20,2,2,96,0,0,26,4,30,72,20,28,6,126,132,0,132,258
05/08/2006,GUM,GU,AWP,WE,Federal Contract Tower,55,22,2,0,79,0,0,16,16,32,55,22,18,16,111,46,2,48,159
05/09/2006,GUM,GU,AWP,WE,Federal Contract Tower,51,20,8,0,79,0,0,4,14,18,51,20,12,14,97,55,4,59,156
05/10/2006,GUM,GU,AWP,WE,Federal Contract Tower,44,21,0,0,65,0,0,28,2,30,44,21,28,2,95,28,0,28,123
05/11/2006,GUM,GU,AWP,WE,Federal Contract Tower,48,22,4,0,74,0,0,0,0,0,48,22,4,0,74,58,0,58,132
05/12/2006,GUM,GU,AWP,WE,Federal Contract Tower,54,24,0,0,78,0,0,11,2,13,54,24,11,2,91,23,0,23,114
05/13/2006,GUM,GU,AWP,WE,Federal Contract Tower,51,26,0,0,77,0,0,24,0,24,51,26,24,0,101,42,0,42,143
05/14/2006,GUM,GU,AWP,WE,Federal Contract Tower,54,19,3,0,76,0,1,30,0,31,54,20,33,0,107,48,0,48,155
05/15/2006,GUM,GU,AWP,WE,Federal Contract Tower,52,20,0,0,72,0,1,2,8,11,52,21,2,8,83,26,0,26,109
05/16/2006,GUM,GU,AWP,WE,Federal Contract Tower,47,24,0,0,71,0,2,14,12,28,47,26,14,12,99,34,14,48,147
05/17/2006,GUM,GU,AWP,WE,Federal Contract Tower,48,20,0,0,68,0,0,32,12,44,48,20,32,12,112,52,0,52,164
05/18/2006,GUM,GU,AWP,WE,Federal Contract Tower,54,22,1,0,77,0,0,3,25,28,54,22,4,25,105,34,4,38,143
05/19/2006,GUM,GU,AWP,WE,Federal Contract Tower,53,22,2,0,77,0,0,20,0,20,53,22,22,0,97,46,0,46,143
05/20/2006,GUM,GU,AWP,WE,Federal Contract Tower,50,20,0,2,72,0,0,20,0,20,50,20,20,2,92,70,0,70,162
05/21/2006,GUM,GU,AWP,WE,Federal Contract Tower,56,20,1,0,77,0,0,37,0,37,56,20,38,0,114,82,0,82,196
05/22/2006,GUM,GU,AWP,WE,Federal Contract Tower,52,20,2,2,76,0,2,18,10,30,52,22,20,12,106,62,2,64,170
05/23/2006,GUM,GU,AWP,WE,Federal Contract Tower,49,20,0,0,69,0,2,18,6,26,49,22,18,6,95,38,2,40,135
05/24/2006,GUM,GU,AWP,WE,Federal Contract Tower,47,22,2,0,71,0,0,46,10,56,47,22,48,10,127,42,0,42,169
05/25/2006,GUM,GU,AWP,WE,Federal Contract Tower,53,20,0,4,77,0,0,4,2,6,53,20,4,6,83,50,2,52,135
05/26/2006,GUM,GU,AWP,WE,Federal Contract Tower,56,24,0,3,83,0,0,4,0,4,56,24,4,3,87,98,0,98,185
05/27/2006,GUM,GU,AWP,WE,Federal Contract Tower,48,20,0,0,68,0,0,22,0,22,48,20,22,0,90,100,0,100,190
05/28/2006,GUM,GU,AWP,WE,Federal Contract Tower,58,20,0,0,78,0,0,6,0,6,58,20,6,0,84,70,0,70,154
05/29/2006,GUM,GU,AWP,WE,Federal Contract Tower,57,20,0,0,77,0,4,6,2,12,57,24,6,2,89,78,0,78,167
05/30/2006,GUM,GU,AWP,WE,Federal Contract Tower,56,28,1,0,85,0,0,7,17,24,56,28,8,17,109,62,28,90,199
05/31/2006,GUM,GU,AWP,WE,Federal Contract Tower,51,22,2,0,75,0,0,10,12,22,51,22,12,12,97,30,2,32,129
06/01/2006,GUM,GU,AWP,WE,Federal Contract Tower,45,22,1,2,70,0,0,6,6,12,45,22,7,8,82,0,4,4,86
06/02/2006,GUM,GU,AWP,WE,Federal Contract Tower,53,24,1,2,80,0,0,16,12,28,53,24,17,14,108,14,0,14,122
06/03/2006,GUM,GU,AWP,WE,Federal Contract Tower,48,20,2,0,70,0,0,13,0,13,48,20,15,0,83,34,0,34,117
06/04/2006,GUM,GU,AWP,WE,Federal Contract Tower,55,20,0,0,75,0,0,16,0,16,55,20,16,0,91,56,0,56,147
06/05/2006,GUM,GU,AWP,WE,Federal Contract Tower,55,21,0,0,76,0,2,18,26,46,55,23,18,26,122,106,0,106,228
06/06/2006,GUM,GU,AWP,WE,Federal Contract Tower,49,20,1,0,70,0,1,14,6,21,49,21,15,6,91,56,0,56,147
06/07/2006,GUM,GU,AWP,WE,Federal Contract Tower,50,22,0,0,72,0,2,17,0,19,50,24,17,0,91,58,0,58,149
06/08/2006,GUM,GU,AWP,WE,Federal Contract Tower,50,20,1,0,71,0,0,6,8,14,50,20,7,8,85,94,0,94,179
06/09/2006,GUM,GU,AWP,WE,Federal Contract Tower,50,24,1,0,75,0,0,16,0,16,50,24,17,0,91,41,0,41,132
06/10/2006,GUM,GU,AWP,WE,Federal Contract Tower,48,22,3,0,73,0,0,6,24,30,48,22,9,24,103,77,0,77,180
06/11/2006,GUM,GU,AWP,WE,Federal Contract Tower,57,20,1,0,78,0,0,15,0,15,57,20,16,0,93,24,0,24,117
06/12/2006,GUM,GU,AWP,WE,Federal Contract Tower,56,20,18,2,96,0,0,12,26,38,56,20,30,28,134,38,0,38,172
06/13/2006,GUM,GU,AWP,WE,Federal Contract Tower,52,20,3,2,77,0,0,59,8,67,52,20,62,10,144,114,0,114,258
06/14/2006,GUM,GU,AWP,WE,Federal Contract Tower,52,20,10,4,86,0,2,42,6,50,52,22,52,10,136,128,0,128,264
06/15/2006,GUM,GU,AWP,WE,Federal Contract Tower,54,22,3,0,79,0,0,9,12,21,54,22,12,12,100,8,0,8,108
06/16/2006,GUM,GU,AWP,WE,Federal Contract Tower,55,22,0,0,77,0,0,12,0,12,55,22,12,0,89,34,0,34,123
06/17/2006,GUM,GU,AWP,WE,Federal Contract Tower,52,22,0,0,74,0,0,10,1,11,52,22,10,1,85,32,0,32,117
06/18/2006,GUM,GU,AWP,WE,Federal Contract Tower,60,24,0,0,84,0,2,4,18,24,60,26,4,18,108,44,0,44,152
06/19/2006,GUM,GU,AWP,WE,Federal Contract Tower,56,20,0,0,76,0,4,20,14,38,56,24,20,14,114,82,14,96,210
06/20/2006,GUM,GU,AWP,WE,Federal Contract Tower,52,20,1,0,73,0,0,24,50,74,52,20,25,50,147,62,2,64,211
06/21/2006,GUM,GU,AWP,WE,Federal Contract Tower,49,21,0,0,70,0,1,40,24,65,49,22,40,24,135,82,0,82,217
06/22/2006,GUM,GU,AWP,WE,Federal Contract Tower,50,20,0,2,72,0,0,10,36,46,50,20,10,38,118,52,0,52,170
06/23/2006,GUM,GU,AWP,WE,Federal Contract Tower,61,22,0,0,83,0,0,18,32,50,61,22,18,32,133,49,0,49,182
06/24/2006,GUM,GU,AWP,WE,Federal Contract Tower,47,21,0,0,68,0,0,12,0,12,47,21,12,0,80,26,0,26,106
06/25/2006,GUM,GU,AWP,WE,Federal Contract Tower,53,20,0,0,73,0,0,8,0,8,53,20,8,0,81,36,0,36,117
06/26/2006,GUM,GU,AWP,WE,Federal Contract Tower,52,21,1,2,76,0,3,4,6,13,52,24,5,8,89,18,0,18,107
06/27/2006,GUM,GU,AWP,WE,Federal Contract Tower,52,22,0,0,74,0,0,14,24,38,52,22,14,24,112,48,2,50,162
06/28/2006,GUM,GU,AWP,WE,Federal Contract Tower,46,24,0,0,70,0,0,12,22,34,46,24,12,22,104,72,8,80,184
06/29/2006,GUM,GU,AWP,WE,Federal Contract Tower,50,20,0,0,70,0,0,4,4,8,50,20,4,4,78,42,0,42,120
06/30/2006,GUM,GU,AWP,WE,Federal Contract Tower,53,24,0,0,77,0,0,12,4,16,53,24,12,4,93,72,0,72,165
07/01/2006,GUM,GU,AWP,WE,Federal Contract Tower,49,20,0,1,70,0,0,6,0,6,49,20,6,1,76,34,0,34,110
07/02/2006,GUM,GU,AWP,WE,Federal Contract Tower,55,20,0,0,75,0,0,20,0,20,55,20,20,0,95,36,0,36,131
07/03/2006,GUM,GU,AWP,WE,Federal Contract Tower,59,22,4,0,85,0,0,10,0,10,59,22,14,0,95,28,0,28,123
07/04/2006,GUM,GU,AWP,WE,Federal Contract Tower,54,22,0,0,76,0,0,6,2,8,54,22,6,2,84,20,0,20,104
07/05/2006,GUM,GU,AWP,WE,Federal Contract Tower,46,22,0,0,68,0,0,24,4,28,46,22,24,4,96,22,2,24,120
07/06/2006,GUM,GU,AWP,WE,Federal Contract Tower,46,20,1,0,67,0,0,5,6,11,46,20,6,6,78,47,0,47,125
07/07/2006,GUM,GU,AWP,WE,Federal Contract Tower,54,22,1,0,77,0,0,8,6,14,54,22,9,6,91,14,0,14,105
07/08/2006,GUM,GU,AWP,WE,Federal Contract Tower,46,20,0,0,66,0,0,2,0,2,46,20,2,0,68,34,0,34,102
07/09/2006,GUM,GU,AWP,WE,Federal Contract Tower,53,20,0,0,73,0,0,12,0,12,53,20,12,0,85,8,0,8,93
07/10/2006,GUM,GU,AWP,WE,Federal Contract Tower,55,22,0,0,77,0,0,9,10,19,55,22,9,10,96,28,0,28,124
07/11/2006,GUM,GU,AWP,WE,Federal Contract Tower,49,20,0,4,73,0,0,8,16,24,49,20,8,20,97,22,6,28,125
07/12/2006,GUM,GU,AWP,WE,Federal Contract Tower,51,22,4,0,77,0,0,16,8,24,51,22,20,8,101,16,0,16,117
07/13/2006,GUM,GU,AWP,WE,Federal Contract Tower,54,27,2,4,87,0,0,12,10,22,54,27,14,14,109,64,8,72,181
07/14/2006,GUM,GU,AWP,WE,Federal Contract Tower,57,22,2,0,81,0,0,8,18,26,57,22,10,18,107,20,0,20,127
07/15/2006,GUM,GU,AWP,WE,Federal Contract Tower,50,20,16,0,86,0,0,0,0,0,50,20,16,0,86,82,0,82,168
07/16/2006,GUM,GU,AWP,WE,Federal Contract Tower,56,20,6,0,82,0,0,30,0,30,56,20,36,0,112,40,0,40,152
07/17/2006,GUM,GU,AWP,WE,Federal Contract Tower,62,22,5,0,89,0,0,30,12,42,62,22,35,12,131,44,0,44,175
07/18/2006,GUM,GU,AWP,WE,Federal Contract Tower,46,19,12,0,77,0,0,8,6,14,46,19,20,6,91,26,0,26,117
07/19/2006,GUM,GU,AWP,WE,Federal Contract Tower,47,23,0,0,70,0,0,20,14,34,47,23,20,14,104,34,0,34,138
07/20/2006,GUM,GU,AWP,WE,Federal Contract Tower,52,20,0,0,72,0,0,0,8,8,52,20,0,8,80,10,0,10,90
07/21/2006,GUM,GU,AWP,WE,Federal Contract Tower,58,22,0,0,80,0,0,24,2,26,58,22,24,2,106,34,0,34,140
07/22/2006,GUM,GU,AWP,WE,Federal Contract Tower,52,19,0,0,71,0,0,4,0,4,52,19,4,0,75,70,0,70,145
07/23/2006,GUM,GU,AWP,WE,Federal Contract Tower,60,20,0,0,80,0,0,12,0,12,60,20,12,0,92,18,0,18,110
07/24/2006,GUM,GU,AWP,WE,Federal Contract Tower,65,22,0,0,87,0,2,10,10,22,65,24,10,10,109,50,0,50,159
07/25/2006,GUM,GU,AWP,WE,Federal Contract Tower,52,21,4,0,77,0,0,6,24,30,52,21,10,24,107,18,0,18,125
07/26/2006,GUM,GU,AWP,WE,Federal Contract Tower,51,23,0,0,74,0,0,2,8,10,51,23,2,8,84,64,0,64,148
07/27/2006,GUM,GU,AWP,WE,Federal Contract Tower,56,20,0,0,76,0,0,5,24,29,56,20,5,24,105,20,0,20,125
07/28/2006,GUM,GU,AWP,WE,Federal Contract Tower,57,24,0,0,81,0,0,8,6,14,57,24,8,6,95,38,0,38,133
07/29/2006,GUM,GU,AWP,WE,Federal Contract Tower,53,20,2,0,75,0,0,0,0,0,53,20,2,0,75,74,0,74,149
07/30/2006,GUM,GU,AWP,WE,Federal Contract Tower,61,20,5,0,86,0,0,14,0,14,61,20,19,0,100,48,0,48,148
07/31/2006,GUM,GU,AWP,WE,Federal Contract Tower,59,22,0,0,81,0,0,10,2,12,59,22,10,2,93,14,0,14,107
08/01/2006,GUM,GU,AWP,WE,Federal Contract Tower,51,22,0,0,73,0,0,10,26,36,51,22,10,26,109,54,2,56,165
08/02/2006,GUM,GU,AWP,WE,Federal Contract Tower,53,22,0,0,75,0,1,16,20,37,53,23,16,20,112,36,0,36,148
08/03/2006,GUM,GU,AWP,WE,Federal Contract Tower,57,22,2,0,81,0,1,2,18,21,57,23,4,18,102,46,2,48,150
08/04/2006,GUM,GU,AWP,WE,Federal Contract Tower,55,26,0,0,81,0,0,14,4,18,55,26,14,4,99,66,0,66,165
08/05/2006,GUM,GU,AWP,WE,Federal Contract Tower,54,21,0,0,75,0,0,6,2,8,54,21,6,2,83,52,0,52,135
08/06/2006,GUM,GU,AWP,WE,Federal Contract Tower,62,10,5,0,77,0,0,10,0,10,62,10,15,0,87,8,0,8,95
08/07/2006,GUM,GU,AWP,WE,Federal Contract Tower,62,22,1,0,85,0,0,30,34,64,62,22,31,34,149,70,0,70,219
08/08/2006,GUM,GU,AWP,WE,Federal Contract Tower,53,22,2,0,77,0,0,10,4,14,53,22,12,4,91,22,0,22,113
08/09/2006,GUM,GU,AWP,WE,Federal Contract Tower,50,24,0,0,74,0,0,6,26,32,50,24,6,26,106,58,0,58,164
08/10/2006,GUM,GU,AWP,WE,Federal Contract Tower,60,20,2,0,82,0,0,0,16,16,60,20,2,16,98,74,0,74,172
08/11/2006,GUM,GU,AWP,WE,Federal Contract Tower,60,22,1,0,83,0,0,14,4,18,60,22,15,4,101,64,0,64,165
08/12/2006,GUM,GU,AWP,WE,Federal Contract Tower,60,22,0,0,82,0,0,2,0,2,60,22,2,0,84,88,0,88,172
08/13/2006,GUM,GU,AWP,WE,Federal Contract Tower,70,20,0,0,90,0,0,20,0,20,70,20,20,0,110,32,0,32,142
08/14/2006,GUM,GU,AWP,WE,Federal Contract Tower,60,22,1,2,85,0,0,15,8,23,60,22,16,10,108,70,8,78,186
08/15/2006,GUM,GU,AWP,WE,Federal Contract Tower,59,22,0,2,83,0,0,28,24,52,59,22,28,26,135,66,4,70,205
08/16/2006,GUM,GU,AWP,WE,Federal Contract Tower,56,22,0,0,78,0,0,20,30,50,56,22,20,30,128,90,0,90,218
08/17/2006,GUM,GU,AWP,WE,Federal Contract Tower,58,22,0,1,81,0,0,22,37,59,58,22,22,38,140,82,6,88,228
08/18/2006,GUM,GU,AWP,WE,Federal Contract Tower,57,22,0,0,79,0,0,22,8,30,57,22,22,8,109,62,0,62,171
08/19/2006,GUM,GU,AWP,WE,Federal Contract Tower,52,22,1,0,75,0,0,24,16,40,52,22,25,16,115,108,0,108,223
08/20/2006,GUM,GU,AWP,WE,Federal Contract Tower,58,20,0,0,78,0,0,28,26,54,58,20,28,26,132,76,0,76,208
08/21/2006,GUM,GU,AWP,WE,Federal Contract Tower,60,22,0,0,82,0,0,14,16,30,60,22,14,16,112,38,0,38,150
08/22/2006,GUM,GU,AWP,WE,Federal Contract Tower,47,19,0,0,66,0,0,20,20,40,47,19,20,20,106,74,0,74,180
08/23/2006,GUM,GU,AWP,WE,Federal Contract Tower,45,22,0,0,67,0,0,6,20,26,45,22,6,20,93,30,2,32,125
08/24/2006,GUM,GU,AWP,WE,Federal Contract Tower,52,20,3,0,75,0,0,20,38,58,52,20,23,38,133,100,6,106,239
08/25/2006,GUM,GU,AWP,WE,Federal Contract Tower,52,25,4,0,81,0,0,2,8,10,52,25,6,8,91,72,0,72,163
08/26/2006,GUM,GU,AWP,WE,Federal Contract Tower,51,22,5,1,79,0,0,8,0,8,51,22,13,1,87,70,0,70,157
08/27/2006,GUM,GU,AWP,WE,Federal Contract Tower,52,20,6,0,78,0,0,10,2,12,52,20,16,2,90,14,0,14,104
08/28/2006,GUM,GU,AWP,WE,Federal Contract Tower,56,22,20,2,100,0,0,18,22,40,56,22,38,24,140,90,4,94,234
08/29/2006,GUM,GU,AWP,WE,Federal Contract Tower,46,20,1,4,71,0,0,19,30,49,46,20,20,34,120,66,0,66,186
08/30/2006,GUM,GU,AWP,WE,Federal Contract Tower,46,23,0,0,69,0,0,7,38,45,46,23,7,38,114,72,0,72,186
08/31/2006,GUM,GU,AWP,WE,Federal Contract Tower,51,20,1,4,76,0,0,6,26,32,51,20,7,30,108,44,0,44,152
09/01/2006,GUM,GU,AWP,WE,Federal Contract Tower,51,24,3,0,78,0,0,20,8,28,51,24,23,8,106,46,0,46,152
09/02/2006,GUM,GU,AWP,WE,Federal Contract Tower,51,20,3,0,74,0,0,12,1,13,51,20,15,1,87,74,0,74,161
09/03/2006,GUM,GU,AWP,WE,Federal Contract Tower,57,20,6,0,83,0,0,16,4,20,57,20,22,4,103,46,0,46,149
09/04/2006,GUM,GU,AWP,WE,Federal Contract Tower,55,21,5,4,85,0,0,3,16,19,55,21,8,20,104,80,0,80,184
09/05/2006,GUM,GU,AWP,WE,Federal Contract Tower,46,19,0,2,67,0,2,8,20,30,46,21,8,22,97,76,8,84,181
09/06/2006,GUM,GU,AWP,WE,Federal Contract Tower,50,20,0,4,74,0,0,20,22,42,50,20,20,26,116,64,0,64,180
09/07/2006,GUM,GU,AWP,WE,Federal Contract Tower,50,20,1,2,73,0,0,2,26,28,50,20,3,28,101,54,0,54,155
09/08/2006,GUM,GU,AWP,WE,Federal Contract Tower,51,24,2,0,77,0,0,6,4,10,51,24,8,4,87,42,0,42,129
09/09/2006,GUM,GU,AWP,WE,Federal Contract Tower,48,20,2,0,70,0,0,18,0,18,48,20,20,0,88,84,0,84,172
09/10/2006,GUM,GU,AWP,WE,Federal Contract Tower,55,20,3,0,78,0,0,16,20,36,55,20,19,20,114,38,0,38,152
09/11/2006,GUM,GU,AWP,WE,Federal Contract Tower,56,23,6,10,95,0,1,10,28,39,56,24,16,38,134,52,0,52,186
09/12/2006,GUM,GU,AWP,WE,Federal Contract Tower,46,20,9,3,78,0,0,24,12,36,46,20,33,15,114,56,0,56,170
09/13/2006,GUM,GU,AWP,WE,Federal Contract Tower,48,22,4,0,74,0,0,4,14,18,48,22,8,14,92,80,0,80,172
09/14/2006,GUM,GU,AWP,WE,Federal Contract Tower,54,20,5,0,79,0,0,0,30,30,54,20,5,30,109,78,0,78,187
09/15/2006,GUM,GU,AWP,WE,Federal Contract Tower,60,24,0,0,84,0,0,5,16,21,60,24,5,16,105,86,0,86,191
09/16/2006,GUM,GU,AWP,WE,Federal Contract Tower,48,20,0,0,68,0,0,32,2,34,48,20,32,2,102,118,0,118,220
09/17/2006,GUM,GU,AWP,WE,Federal Contract Tower,56,20,0,0,76,0,0,28,0,28,56,20,28,0,104,110,0,110,214
09/18/2006,GUM,GU,AWP,WE,Federal Contract Tower,56,22,2,0,80,0,0,12,20,32,56,22,14,20,112,160,2,162,274
09/19/2006,GUM,GU,AWP,WE,Federal Contract Tower,48,20,2,0,70,0,0,8,14,22,48,20,10,14,92,78,0,78,170
09/20/2006,GUM,GU,AWP,WE,Federal Contract Tower,46,22,0,0,68,0,0,8,26,34,46,22,8,26,102,106,2,108,210
09/21/2006,GUM,GU,AWP,WE,Federal Contract Tower,46,20,2,8,76,0,0,0,20,20,46,20,2,28,96,82,0,82,178
09/22/2006,GUM,GU,AWP,WE,Federal Contract Tower,52,24,10,0,86,0,0,6,0,6,52,24,16,0,92,104,0,104,196
09/23/2006,GUM,GU,AWP,WE,Federal Contract Tower,50,19,11,0,80,0,0,0,0,0,50,19,11,0,80,60,0,60,140
09/24/2006,GUM,GU,AWP,WE,Federal Contract Tower,59,20,2,0,81,0,0,18,0,18,59,20,20,0,99,58,0,58,157
09/25/2006,GUM,GU,AWP,WE,Federal Contract Tower,53,21,7,0,81,0,3,18,6,27,53,24,25,6,108,40,0,40,148
09/26/2006,GUM,GU,AWP,WE,Federal Contract Tower,44,20,0,0,64,0,0,7,26,33,44,20,7,26,97,68,12,80,177
09/27/2006,GUM,GU,AWP,WE,Federal Contract Tower,45,22,0,0,67,0,0,14,32,46,45,22,14,32,113,68,4,72,185
09/28/2006,GUM,GU,AWP,WE,Federal Contract Tower,44,28,2,10,84,0,0,6,30,36,44,28,8,40,120,52,2,54,174
09/29/2006,GUM,GU,AWP,WE,Federal Contract Tower,49,25,2,0,76,0,0,6,2,8,49,25,8,2,84,40,0,40,124
09/30/2006,GUM,GU,AWP,WE,Federal Contract Tower,49,20,0,0,69,0,0,14,4,18,49,20,14,4,87,52,0,52,139
10/01/2006,GUM,GU,AWP,WE,Federal Contract Tower,52,20,7,0,79,0,0,12,0,12,52,20,19,0,91,40,2,42,133
10/02/2006,GUM,GU,AWP,WE,Federal Contract Tower,51,22,6,0,79,0,0,4,24,28,51,22,10,24,107,14,0,14,121
10/03/2006,GUM,GU,AWP,WE,Federal Contract Tower,43,21,6,0,70,0,0,6,8,14,43,21,12,8,84,8,0,8,92
10/04/2006,GUM,GU,AWP,WE,Federal Contract Tower,40,24,0,0,64,0,0,4,12,16,40,24,4,12,80,50,0,50,130
10/05/2006,GUM,GU,AWP,WE,Federal Contract Tower,54,20,0,0,74,0,0,0,20,20,54,20,0,20,94,48,4,52,146
10/06/2006,GUM,GU,AWP,WE,Federal Contract Tower,48,23,0,0,71,0,0,2,0,2,48,23,2,0,73,40,0,40,113
10/07/2006,GUM,GU,AWP,WE,Federal Contract Tower,43,21,1,0,65,0,0,0,0,0,43,21,1,0,65,28,0,28,93
10/08/2006,GUM,GU,AWP,WE,Federal Contract Tower,52,20,2,0,74,0,0,20,0,20,52,20,22,0,94,58,0,58,152
10/09/2006,GUM,GU,AWP,WE,Federal Contract Tower,53,22,0,2,77,0,0,16,0,16,53,22,16,2,93,64,0,64,157
10/10/2006,GUM,GU,AWP,WE,Federal Contract Tower,46,20,0,0,66,0,0,10,20,30,46,20,10,20,96,30,0,30,126
10/11/2006,GUM,GU,AWP,WE,Federal Contract Tower,45,18,0,0,63,0,0,3,18,21,45,18,3,18,84,58,8,66,150
10/12/2006,GUM,GU,AWP,WE,Federal Contract Tower,47,16,0,4,67,0,0,2,44,46,47,16,2,48,113,62,12,74,187
10/13/2006,GUM,GU,AWP,WE,Federal Contract Tower,48,17,1,0,66,0,0,10,0,10,48,17,11,0,76,88,0,88,164
10/14/2006,GUM,GU,AWP,WE,Federal Contract Tower,50,17,2,0,69,0,0,8,0,8,50,17,10,0,77,52,0,52,129
10/15/2006,GUM,GU,AWP,WE,Federal Contract Tower,52,17,0,0,69,0,0,14,0,14,52,17,14,0,83,18,0,18,101
10/16/2006,GUM,GU,AWP,WE,Federal Contract Tower,52,19,4,0,75,0,0,10,34,44,52,19,14,34,119,124,0,124,243
10/17/2006,GUM,GU,AWP,WE,Federal Contract Tower,52,16,1,0,69,0,0,18,38,56,52,16,19,38,125,90,0,90,215
10/18/2006,GUM,GU,AWP,WE,Federal Contract Tower,42,18,0,0,60,0,0,12,32,44,42,18,12,32,104,94,0,94,198
10/19/2006,GUM,GU,AWP,WE,Federal Contract Tower,51,16,2,0,69,0,0,4,22,26,51,16,6,22,95,78,0,78,173
10/20/2006,GUM,GU,AWP,WE,Federal Contract Tower,52,22,1,1,76,0,0,2,0,2,52,22,3,1,78,93,0,93,171
10/21/2006,GUM,GU,AWP,WE,Federal Contract Tower,49,15,0,1,65,0,0,14,0,14,49,15,14,1,79,84,0,84,163
10/22/2006,GUM,GU,AWP,WE,Federal Contract Tower,50,16,0,0,66,0,0,32,0,32,50,16,32,0,98,30,0,30,128
10/23/2006,GUM,GU,AWP,WE,Federal Contract Tower,48,16,0,0,64,0,1,12,22,35,48,17,12,22,99,52,0,52,151
10/24/2006,GUM,GU,AWP,WE,Federal Contract Tower,49,16,2,0,67,0,0,6,16,22,49,16,8,16,89,28,0,28,117
10/25/2006,GUM,GU,AWP,WE,Federal Contract Tower,42,18,0,6,66,0,0,6,36,42,42,18,6,42,108,46,0,46,154
10/26/2006,GUM,GU,AWP,WE,Federal Contract Tower,47,18,1,0,66,0,0,2,28,30,47,18,3,28,96,30,2,32,128
10/27/2006,GUM,GU,AWP,WE,Federal Contract Tower,52,18,0,0,70,0,0,22,2,24,52,18,22,2,94,68,0,68,162
10/28/2006,GUM,GU,AWP,WE,Federal Contract Tower,48,16,0,0,64,0,0,0,0,0,48,16,0,0,64,38,0,38,102
10/29/2006,GUM,GU,AWP,WE,Federal Contract Tower,57,16,0,0,73,0,0,20,0,20,57,16,20,0,93,20,0,20,113
10/30/2006,GUM,GU,AWP,WE,Federal Contract Tower,55,17,0,0,72,0,0,10,2,12,55,17,10,2,84,20,0,20,104
10/31/2006,GUM,GU,AWP,WE,Federal Contract Tower,53,16,2,4,75,0,0,14,30,44,53,16,16,34,119,14,14,28,147
11/01/2006,GUM,GU,AWP,WE,Federal Contract Tower,48,16,0,0,64,0,2,14,24,40,48,18,14,24,104,48,0,48,152
11/02/2006,GUM,GU,AWP,WE,Federal Contract Tower,51,16,0,6,73,0,0,2,28,30,51,16,2,34,103,94,0,94,197
11/03/2006,GUM,GU,AWP,WE,Federal Contract Tower,56,22,0,0,78,0,0,0,6,6,56,22,0,6,84,102,0,102,186
11/04/2006,GUM,GU,AWP,WE,Federal Contract Tower,50,16,0,0,66,0,0,19,6,25,50,16,19,6,91,104,0,104,195
11/05/2006,GUM,GU,AWP,WE,Federal Contract Tower,60,16,3,0,79,0,0,26,10,36,60,16,29,10,115,166,0,166,281
11/06/2006,GUM,GU,AWP,WE,Federal Contract Tower,54,17,0,2,73,0,0,14,28,42,54,17,14,30,115,66,16,82,197
11/07/2006,GUM,GU,AWP,WE,Federal Contract Tower,51,17,0,0,68,0,0,28,26,54,51,17,28,26,122,48,4,52,174
11/08/2006,GUM,GU,AWP,WE,Federal Contract Tower,47,20,0,0,67,0,0,20,28,48,47,20,20,28,115,62,0,62,177
11/09/2006,GUM,GU,AWP,WE,Federal Contract Tower,54,16,0,0,70,0,0,22,12,34,54,16,22,12,104,40,2,42,146
11/10/2006,GUM,GU,AWP,WE,Federal Contract Tower,50,22,0,0,72,0,0,13,0,13,50,22,13,0,85,68,0,68,153
11/11/2006,GUM,GU,AWP,WE,Federal Contract Tower,47,16,2,0,65,0,0,6,4,10,47,16,8,4,75,128,0,128,203
11/12/2006,GUM,GU,AWP,WE,Federal Contract Tower,60,17,0,0,77,0,0,24,0,24,60,17,24,0,101,76,0,76,177
11/13/2006,GUM,GU,AWP,WE,Federal Contract Tower,52,17,3,0,72,0,1,15,52,68,52,18,18,52,140,48,4,52,192
11/14/2006,GUM,GU,AWP,WE,Federal Contract Tower,47,16,0,0,63,0,0,52,20,72,47,16,52,20,135,16,0,16,151
11/15/2006,GUM,GU,AWP,WE,Federal Contract Tower,42,31,2,0,75,0,0,41,26,67,42,31,43,26,142,60,2,62,204
11/16/2006,GUM,GU,AWP,WE,Federal Contract Tower,50,23,4,6,83,0,0,18,40,58,50,23,22,46,141,50,2,52,193
11/17/2006,GUM,GU,AWP,WE,Federal Contract Tower,53,18,0,0,71,0,0,16,12,28,53,18,16,12,99,72,0,72,171
11/18/2006,GUM,GU,AWP,WE,Federal Contract Tower,52,16,0,0,68,0,0,8,0,8,52,16,8,0,76,82,0,82,158
11/19/2006,GUM,GU,AWP,WE,Federal Contract Tower,63,18,2,0,83,0,0,8,2,10,63,18,10,2,93,44,0,44,137
11/20/2006,GUM,GU,AWP,WE,Federal Contract Tower,51,18,2,0,71,0,0,6,32,38,51,18,8,32,109,64,0,64,173
11/21/2006,GUM,GU,AWP,WE,Federal Contract Tower,47,17,2,0,66,0,0,18,42,60,47,17,20,42,126,26,34,60,186
11/22/2006,GUM,GU,AWP,WE,Federal Contract Tower,50,18,0,0,68,0,4,22,0,26,50,22,22,0,94,48,0,48,142
11/23/2006,GUM,GU,AWP,WE,Federal Contract Tower,53,18,4,0,75,0,0,4,0,4,53,18,8,0,79,38,0,38,117
11/24/2006,GUM,GU,AWP,WE,Federal Contract Tower,52,19,0,0,71,0,0,20,4,24,52,19,20,4,95,90,0,90,185
11/25/2006,GUM,GU,AWP,WE,Federal Contract Tower,47,18,2,0,67,0,0,20,8,28,47,18,22,8,95,66,2,68,163
11/26/2006,GUM,GU,AWP,WE,Federal Contract Tower,56,16,0,0,72,0,0,4,0,4,56,16,4,0,76,70,0,70,146
11/27/2006,GUM,GU,AWP,WE,Federal Contract Tower,53,18,0,0,71,0,2,16,22,40,53,20,16,22,111,22,20,42,153
11/28/2006,GUM,GU,AWP,WE,Federal Contract Tower,46,16,4,2,68,0,4,12,30,46,46,20,16,32,114,16,0,16,130
11/29/2006,GUM,GU,AWP,WE,Federal Contract Tower,45,18,3,0,66,0,0,6,24,30,45,18,9,24,96,55,0,55,151
11/30/2006,GUM,GU,AWP,WE,Federal Contract Tower,52,16,3,2,73,0,0,12,26,38,52,16,15,28,111,12,36,48,159
12/01/2006,GUM,GU,AWP,WE,Federal Contract Tower,50,20,0,0,70,0,0,19,2,21,50,20,19,2,91,20,0,20,111
12/02/2006,GUM,GU,AWP,WE,Federal Contract Tower,51,15,0,0,66,0,0,3,10,13,51,15,3,10,79,24,0,24,103
12/03/2006,GUM,GU,AWP,WE,Federal Contract Tower,56,15,1,0,72,0,0,12,0,12,56,15,13,0,84,60,0,60,144
12/04/2006,GUM,GU,AWP,WE,Federal Contract Tower,53,18,2,0,73,0,0,6,0,6,53,18,8,0,79,32,0,32,111
12/05/2006,GUM,GU,AWP,WE,Federal Contract Tower,55,16,0,4,75,0,0,5,20,25,55,16,5,24,100,16,2,18,118
12/06/2006,GUM,GU,AWP,WE,Federal Contract Tower,48,18,0,4,70,0,0,8,30,38,48,18,8,34,108,62,28,90,198
12/07/2006,GUM,GU,AWP,WE,Federal Contract Tower,59,18,1,0,78,0,0,2,14,16,59,18,3,14,94,48,4,52,146
12/08/2006,GUM,GU,AWP,WE,Federal Contract Tower,51,19,2,0,72,0,0,8,4,12,51,19,10,4,84,28,0,28,112
12/09/2006,GUM,GU,AWP,WE,Federal Contract Tower,51,16,4,0,71,0,0,15,0,15,51,16,19,0,86,60,0,60,146
12/10/2006,GUM,GU,AWP,WE,Federal Contract Tower,60,16,8,0,84,0,0,24,4,28,60,16,32,4,112,36,0,36,148
12/11/2006,GUM,GU,AWP,WE,Federal Contract Tower,54,18,0,0,72,0,0,4,2,6,54,18,4,2,78,34,0,34,112
12/12/2006,GUM,GU,AWP,WE,Federal Contract Tower,56,16,2,0,74,0,0,12,26,38,56,16,14,26,112,20,0,20,132
12/13/2006,GUM,GU,AWP,WE,Federal Contract Tower,48,18,0,0,66,0,0,4,18,22,48,18,4,18,88,50,0,50,138
12/14/2006,GUM,GU,AWP,WE,Federal Contract Tower,57,16,1,0,74,0,0,12,18,30,57,16,13,18,104,52,0,52,156
12/15/2006,GUM,GU,AWP,WE,Federal Contract Tower,56,20,0,0,76,0,0,8,24,32,56,20,8,24,108,102,0,102,210
12/16/2006,GUM,GU,AWP,WE,Federal Contract Tower,54,12,4,0,70,0,0,4,0,4,54,12,8,0,74,128,0,128,202
12/17/2006,GUM,GU,AWP,WE,Federal Contract Tower,59,16,1,0,76,0,0,3,2,5,59,16,4,2,81,34,0,34,115
12/18/2006,GUM,GU,AWP,WE,Federal Contract Tower,51,16,0,0,67,0,0,11,4,15,51,16,11,4,82,48,12,60,142
12/19/2006,GUM,GU,AWP,WE,Federal Contract Tower,55,19,0,6,80,0,0,22,20,42,55,19,22,26,122,72,2,74,196
12/20/2006,GUM,GU,AWP,WE,Federal Contract Tower,46,18,0,0,64,0,0,4,26,30,46,18,4,26,94,76,2,78,172
12/21/2006,GUM,GU,AWP,WE,Federal Contract Tower,55,16,0,0,71,0,0,6,26,32,55,16,6,26,103,20,0,20,123
12/22/2006,GUM,GU,AWP,WE,Federal Contract Tower,53,20,0,0,73,0,0,0,4,4,53,20,0,4,77,94,0,94,171
12/23/2006,GUM,GU,AWP,WE,Federal Contract Tower,49,16,3,0,68,0,0,4,4,8,49,16,7,4,76,142,0,142,218
12/24/2006,GUM,GU,AWP,WE,Federal Contract Tower,59,18,0,0,77,0,0,14,0,14,59,18,14,0,91,118,0,118,209
12/25/2006,GUM,GU,AWP,WE,Federal Contract Tower,54,16,0,0,70,0,0,14,0,14,54,16,14,0,84,50,0,50,134
12/26/2006,GUM,GU,AWP,WE,Federal Contract Tower,53,16,1,0,70,0,0,16,0,16,53,16,17,0,86,70,0,70,156
12/27/2006,GUM,GU,AWP,WE,Federal Contract Tower,52,18,2,0,72,0,0,30,22,52,52,18,32,22,124,118,0,118,242
12/28/2006,GUM,GU,AWP,WE,Federal Contract Tower,59,16,3,6,84,0,0,12,8,20,59,16,15,14,104,104,6,110,214
12/29/2006,GUM,GU,AWP,WE,Federal Contract Tower,61,24,4,0,89,0,0,6,2,8,61,24,10,2,97,118,0,118,215
12/30/2006,GUM,GU,AWP,WE,Federal Contract Tower,68,16,0,0,84,0,0,16,0,16,68,16,16,0,100,108,0,108,208
12/31/2006,GUM,GU,AWP,WE,Federal Contract Tower,76,16,0,0,92,0,0,12,0,12,76,16,12,0,104,166,0,166,270
01/01/2007,GUM,GU,AWP,WE,Federal Contract Tower,64,16,8,0,88,0,0,22,0,22,64,16,30,0,110,72,0,72,182
01/02/2007,GUM,GU,AWP,WE,Federal Contract Tower,61,18,7,0,86,0,0,36,0,36,61,18,43,0,122,146,0,146,268
01/03/2007,GUM,GU,AWP,WE,Federal Contract Tower,66,16,14,0,96,0,0,14,30,44,66,16,28,30,140,120,6,126,266
01/04/2007,GUM,GU,AWP,WE,Federal Contract Tower,66,16,14,0,96,0,0,6,22,28,66,16,20,22,124,118,0,118,242
01/05/2007,GUM,GU,AWP,WE,Federal Contract Tower,64,18,0,0,82,0,0,22,10,32,64,18,22,10,114,66,0,66,180
01/06/2007,GUM,GU,AWP,WE,Federal Contract Tower,54,18,3,0,75,0,0,14,2,16,54,18,17,2,91,123,0,123,214
01/07/2007,GUM,GU,AWP,WE,Federal Contract Tower,65,16,0,0,81,0,0,16,2,18,65,16,16,2,99,88,0,88,187
01/08/2007,GUM,GU,AWP,WE,Federal Contract Tower,61,16,0,2,79,0,0,24,20,44,61,16,24,22,123,44,8,52,175
01/09/2007,GUM,GU,AWP,WE,Federal Contract Tower,52,17,1,0,70,0,0,12,6,18,52,17,13,6,88,32,0,32,120
01/10/2007,GUM,GU,AWP,WE,Federal Contract Tower,52,18,4,0,74,0,2,10,20,32,52,20,14,20,106,58,12,70,176
01/11/2007,GUM,GU,AWP,WE,Federal Contract Tower,59,16,1,2,78,0,0,0,20,20,59,16,1,22,98,22,0,22,120
01/12/2007,GUM,GU,AWP,WE,Federal Contract Tower,60,20,0,4,84,0,0,16,2,18,60,20,16,6,102,34,0,34,136
01/13/2007,GUM,GU,AWP,WE,Federal Contract Tower,55,12,1,0,68,0,0,10,26,36,55,12,11,26,104,82,0,82,186
01/14/2007,GUM,GU,AWP,WE,Federal Contract Tower,63,16,2,0,81,0,0,16,2,18,63,16,18,2,99,72,0,72,171
01/15/2007,GUM,GU,AWP,WE,Federal Contract Tower,61,17,1,0,79,0,1,9,2,12,61,18,10,2,91,48,0,48,139
01/16/2007,GUM,GU,AWP,WE,Federal Contract Tower,58,16,0,6,80,0,0,12,14,26,58,16,12,20,106,20,0,20,126
01/17/2007,GUM,GU,AWP,WE,Federal Contract Tower,49,19,7,6,81,0,1,24,32,57,49,20,31,38,138,60,0,60,198
01/18/2007,GUM,GU,AWP,WE,Federal Contract Tower,58,16,0,2,76,0,0,14,26,40,58,16,14,28,116,52,0,52,168
01/19/2007,GUM,GU,AWP,WE,Federal Contract Tower,57,18,0,2,77,0,0,18,0,18,57,18,18,2,95,62,0,62,157
01/20/2007,GUM,GU,AWP,WE,Federal Contract Tower,59,16,0,4,79,0,0,20,12,32,59,16,20,16,111,84,0,84,195
01/21/2007,GUM,GU,AWP,WE,Federal Contract Tower,61,16,0,2,79,0,0,16,2,18,61,16,16,4,97,110,0,110,207
01/22/2007,GUM,GU,AWP,WE,Federal Contract Tower,58,18,0,10,86,0,0,15,18,33,58,18,15,28,119,90,30,120,239
01/23/2007,GUM,GU,AWP,WE,Federal Contract Tower,56,17,1,0,74,0,0,16,24,40,56,17,17,24,114,104,22,126,240
01/24/2007,GUM,GU,AWP,WE,Federal Contract Tower,47,17,9,4,77,0,1,30,38,69,47,18,39,42,146,140,2,142,288
01/25/2007,GUM,GU,AWP,WE,Federal Contract Tower,54,16,6,0,76,0,0,10,20,30,54,16,16,20,106,94,34,128,234
01/26/2007,GUM,GU,AWP,WE,Federal Contract Tower,59,18,0,0,77,0,0,6,0,6,59,18,6,0,83,52,0,52,135
01/27/2007,GUM,GU,AWP,WE,Federal Contract Tower,56,19,0,0,75,0,0,34,2,36,56,19,34,2,111,40,0,40,151
01/28/2007,GUM,GU,AWP,WE,Federal Contract Tower,60,16,0,0,76,0,0,12,4,16,60,16,12,4,92,56,0,56,148
01/29/2007,GUM,GU,AWP,WE,Federal Contract Tower,61,19,1,0,81,0,0,16,10,26,61,19,17,10,107,48,16,64,171
01/30/2007,GUM,GU,AWP,WE,Federal Contract Tower,52,17,0,10,79,0,0,26,28,54,52,17,26,38,133,74,2,76,209
01/31/2007,GUM,GU,AWP,WE,Federal Contract Tower,50,17,0,0,67,0,1,20,18,39,50,18,20,18,106,22,12,34,140
02/01/2007,GUM,GU,AWP,WE,Federal Contract Tower,54,16,0,0,70,0,0,1,18,19,54,16,1,18,89,42,0,42,131
02/02/2007,GUM,GU,AWP,WE,Federal Contract Tower,57,18,7,0,82,0,0,4,24,28,57,18,11,24,110,50,0,50,160
02/03/2007,GUM,GU,AWP,WE,Federal Contract Tower,51,14,5,0,70,0,0,20,0,20,51,14,25,0,90,96,0,96,186
02/04/2007,GUM,GU,AWP,WE,Federal Contract Tower,58,15,5,0,78,0,0,40,14,54,58,15,45,14,132,112,0,112,244
02/05/2007,GUM,GU,AWP,WE,Federal Contract Tower,55,14,10,0,79,0,0,12,12,24,55,14,22,12,103,50,0,50,153
02/06/2007,GUM,GU,AWP,WE,Federal Contract Tower,56,18,2,6,82,0,0,16,54,70,56,18,18,60,152,46,0,46,198
02/07/2007,GUM,GU,AWP,WE,Federal Contract Tower,50,18,0,2,70,0,0,16,22,38,50,18,16,24,108,38,30,68,176
02/08/2007,GUM,GU,AWP,WE,Federal Contract Tower,56,16,7,2,81,0,0,2,28,30,56,16,9,30,111,68,14,82,193
02/09/2007,GUM,GU,AWP,WE,Federal Contract Tower,61,18,0,0,79,0,0,4,8,12,61,18,4,8,91,130,0,130,221
02/10/2007,GUM,GU,AWP,WE,Federal Contract Tower,61,16,0,0,77,0,0,20,2,22,61,16,20,2,99,132,0,132,231
02/11/2007,GUM,GU,AWP,WE,Federal Contract Tower,65,16,0,0,81,0,0,26,0,26,65,16,26,0,107,118,0,118,225
02/12/2007,GUM,GU,AWP,WE,Federal Contract Tower,68,18,2,0,88,0,0,27,18,45,68,18,29,18,133,110,2,112,245
02/13/2007,GUM,GU,AWP,WE,Federal Contract Tower,60,15,5,0,80,0,1,12,16,29,60,16,17,16,109,78,10,88,197
02/14/2007,GUM,GU,AWP,WE,Federal Contract Tower,52,18,4,0,74,0,0,24,20,44,52,18,28,20,118,30,6,36,154
02/15/2007,GUM,GU,AWP,WE,Federal Contract Tower,57,16,8,0,81,0,0,8,8,16,57,16,16,8,97,50,0,50,147
02/16/2007,GUM,GU,AWP,WE,Federal Contract Tower,60,18,1,0,79,0,0,3,0,3,60,18,4,0,82,116,0,116,198
02/17/2007,GUM,GU,AWP,WE,Federal Contract Tower,63,16,1,0,80,0,0,6,0,6,63,16,7,0,86,140,0,140,226
02/18/2007,GUM,GU,AWP,WE,Federal Contract Tower,68,16,0,0,84,0,0,40,6,46,68,16,40,6,130,76,0,76,206
02/19/2007,GUM,GU,AWP,WE,Federal Contract Tower,58,18,2,0,78,0,0,25,12,37,58,18,27,12,115,52,0,52,167
02/20/2007,GUM,GU,AWP,WE,Federal Contract Tower,57,16,0,0,73,0,0,66,30,96,57,16,66,30,169,48,12,60,229
02/21/2007,GUM,GU,AWP,WE,Federal Contract Tower,54,18,0,2,74,0,0,36,24,60,54,18,36,26,134,54,0,54,188
02/22/2007,GUM,GU,AWP,WE,Federal Contract Tower,56,16,10,3,85,0,0,27,14,41,56,16,37,17,126,36,0,36,162
02/23/2007,GUM,GU,AWP,WE,Federal Contract Tower,63,18,7,4,92,0,0,30,0,30,63,18,37,4,122,36,0,36,158
02/24/2007,GUM,GU,AWP,WE,Federal Contract Tower,55,17,0,8,80,0,0,20,26,46,55,17,20,34,126,72,6,78,204
02/25/2007,GUM,GU,AWP,WE,Federal Contract Tower,66,16,0,0,82,0,0,42,2,44,66,16,42,2,126,88,0,88,214
02/26/2007,GUM,GU,AWP,WE,Federal Contract Tower,57,18,0,6,81,0,2,56,50,108,57,20,56,56,189,64,0,64,253
02/27/2007,GUM,GU,AWP,WE,Federal Contract Tower,57,16,0,8,81,0,0,74,26,100,57,16,74,34,181,56,6,62,243
02/28/2007,GUM,GU,AWP,WE,Federal Contract Tower,47,16,3,8,74,0,1,24,40,65,47,17,27,48,139,40,12,52,191
03/01/2007,GUM,GU,AWP,WE,Federal Contract Tower,53,16,7,4,80,0,1,0,26,27,53,17,7,30,107,28,12,40,147
03/02/2007,GUM,GU,AWP,WE,Federal Contract Tower,53,20,7,0,80,0,0,0,4,4,53,20,7,4,84,42,0,42,126
03/03/2007,GUM,GU,AWP,WE,Federal Contract Tower,50,16,4,0,70,0,0,0,0,0,50,16,4,0,70,64,0,64,134
03/04/2007,GUM,GU,AWP,WE,Federal Contract Tower,57,16,12,0,85,0,0,14,6,20,57,16,26,6,105,20,0,20,125
03/05/2007,GUM,GU,AWP,WE,Federal Contract Tower,59,16,1,0,76,0,0,8,2,10,59,16,9,2,86,12,0,12,98
03/06/2007,GUM,GU,AWP,WE,Federal Contract Tower,49,16,0,0,65,0,0,4,6,10,49,16,4,6,75,0,0,0,75
03/07/2007,GUM,GU,AWP,WE,Federal Contract Tower,43,18,3,0,64,0,0,6,28,34,43,18,9,28,98,26,0,26,124
03/08/2007,GUM,GU,AWP,WE,Federal Contract Tower,52,16,2,0,70,0,0,0,6,6,52,16,2,6,76,46,0,46,122
03/09/2007,GUM,GU,AWP,WE,Federal Contract Tower,55,18,1,6,80,0,0,0,22,22,55,18,1,28,102,126,20,146,248
03/10/2007,GUM,GU,AWP,WE,Federal Contract Tower,48,20,0,0,68,0,0,7,2,9,48,20,7,2,77,98,0,98,175
03/11/2007,GUM,GU,AWP,WE,Federal Contract Tower,59,16,0,0,75,0,0,11,0,11,59,16,11,0,86,98,0,98,184
03/12/2007,GUM,GU,AWP,WE,Federal Contract Tower,59,18,1,2,80,0,3,12,24,39,59,21,13,26,119,60,0,60,179
03/13/2007,GUM,GU,AWP,WE,Federal Contract Tower,50,16,0,0,66,0,0,48,40,88,50,16,48,40,154,104,0,104,258
03/14/2007,GUM,GU,AWP,WE,Federal Contract Tower,49,16,2,10,77,0,2,38,46,86,49,18,40,56,163,84,0,84,247
03/15/2007,GUM,GU,AWP,WE,Federal Contract Tower,52,16,0,4,72,0,0,6,6,12,52,16,6,10,84,106,0,106,190
03/16/2007,GUM,GU,AWP,WE,Federal Contract Tower,55,18,0,0,73,0,0,8,2,10,55,18,8,2,83,136,0,136,219
03/17/2007,GUM,GU,AWP,WE,Federal Contract Tower,50,16,4,0,70,0,0,18,2,20,50,16,22,2,90,156,2,158,248
03/18/2007,GUM,GU,AWP,WE,Federal Contract Tower,56,16,4,0,76,0,0,16,0,16,56,16,20,0,92,188,0,188,280
03/19/2007,GUM,GU,AWP,WE,Federal Contract Tower,52,18,4,0,74,0,0,26,4,30,52,18,30,4,104,110,0,110,214
03/20/2007,GUM,GU,AWP,WE,Federal Contract Tower,50,16,0,0,66,0,0,44,40,84,50,16,44,40,150,142,0,142,292
03/21/2007,GUM,GU,AWP,WE,Federal Contract Tower,45,18,0,0,63,0,0,10,27,37,45,18,10,27,100,110,0,110,210
03/22/2007,GUM,GU,AWP,WE,Federal Contract Tower,53,16,1,8,78,0,0,6,18,24,53,16,7,26,102,88,6,94,196
03/23/2007,GUM,GU,AWP,WE,Federal Contract Tower,52,18,0,2,72,0,0,16,6,22,52,18,16,8,94,58,0,58,152
03/24/2007,GUM,GU,AWP,WE,Federal Contract Tower,49,21,1,0,71,0,0,8,0,8,49,21,9,0,79,56,0,56,135
03/25/2007,GUM,GU,AWP,WE,Federal Contract Tower,57,16,2,0,75,0,0,18,4,22,57,16,20,4,97,66,0,66,163
03/26/2007,GUM,GU,AWP,WE,Federal Contract Tower,59,18,3,4,84,0,0,10,16,26,59,18,13,20,110,46,0,46,156
03/27/2007,GUM,GU,AWP,WE,Federal Contract Tower,50,16,4,4,74,0,0,18,36,54,50,16,22,40,128,30,0,30,158
03/28/2007,GUM,GU,AWP,WE,Federal Contract Tower,47,18,0,0,65,0,0,24,28,52,47,18,24,28,117,60,0,60,177
03/29/2007,GUM,GU,AWP,WE,Federal Contract Tower,52,16,0,0,68,0,0,12,12,24,52,16,12,12,92,94,2,96,188
03/30/2007,GUM,GU,AWP,WE,Federal Contract Tower,58,20,0,0,78,0,0,14,12,26,58,20,14,12,104,90,0,90,194
03/31/2007,GUM,GU,AWP,WE,Federal Contract Tower,54,17,10,0,81,0,0,4,0,4,54,17,14,0,85,130,0,130,215
04/01/2007,GUM,GU,AWP,WE,Federal Contract Tower,56,16,7,0,79,0,0,16,0,16,56,16,23,0,95,136,0,136,231
04/02/2007,GUM,GU,AWP,WE,Federal Contract Tower,60,18,0,0,78,0,0,18,0,18,60,18,18,0,96,44,0,44,140
04/03/2007,GUM,GU,AWP,WE,Federal Contract Tower,46,8,0,0,54,0,0,4,16,20,46,8,4,16,74,24,0,24,98
04/04/2007,GUM,GU,AWP,WE,Federal Contract Tower,43,18,5,8,74,0,0,8,12,20,43,18,13,20,94,98,0,98,192
04/05/2007,GUM,GU,AWP,WE,Federal Contract Tower,48,16,6,0,70,0,0,6,16,22,48,16,12,16,92,116,0,116,208
04/06/2007,GUM,GU,AWP,WE,Federal Contract Tower,55,18,2,0,75,0,0,0,0,0,55,18,2,0,75,79,0,79,154
04/07/2007,GUM,GU,AWP,WE,Federal Contract Tower,51,17,0,0,68,0,0,0,0,0,51,17,0,0,68,74,0,74,142
04/08/2007,GUM,GU,AWP,WE,Federal Contract Tower,55,15,0,0,70,0,0,14,2,16,55,15,14,2,86,66,0,66,152
04/09/2007,GUM,GU,AWP,WE,Federal Contract Tower,58,18,11,6,93,0,0,14,26,40,58,18,25,32,133,64,8,72,205
04/10/2007,GUM,GU,AWP,WE,Federal Contract Tower,50,16,1,0,67,0,0,24,8,32,50,16,25,8,99,48,0,48,147
04/11/2007,GUM,GU,AWP,WE,Federal Contract Tower,46,18,2,2,68,0,1,30,10,41,46,19,32,12,109,84,0,84,193
04/12/2007,GUM,GU,AWP,WE,Federal Contract Tower,53,16,0,0,69,0,0,4,14,18,53,16,4,14,87,88,2,90,177
04/13/2007,GUM,GU,AWP,WE,Federal Contract Tower,55,20,3,0,78,0,0,14,0,14,55,20,17,0,92,74,0,74,166
04/14/2007,GUM,GU,AWP,WE,Federal Contract Tower,51,16,5,0,72,0,0,18,12,30,51,16,23,12,102,146,2,148,250
04/15/2007,GUM,GU,AWP,WE,Federal Contract Tower,53,16,3,0,72,0,0,23,0,23,53,16,26,0,95,78,0,78,173
04/16/2007,GUM,GU,AWP,WE,Federal Contract Tower,58,18,2,2,80,0,0,52,10,62,58,18,54,12,142,40,0,40,182
04/17/2007,GUM,GU,AWP,WE,Federal Contract Tower,50,16,2,4,72,0,0,28,10,38,50,16,30,14,110,32,0,32,142
04/18/2007,GUM,GU,AWP,WE,Federal Contract Tower,48,23,0,0,71,0,1,6,24,31,48,24,6,24,102,44,0,44,146
04/19/2007,GUM,GU,AWP,WE,Federal Contract Tower,56,14,1,0,71,0,0,4,50,54,56,14,5,50,125,42,0,42,167
04/20/2007,GUM,GU,AWP,WE,Federal Contract Tower,54,16,1,0,71,0,3,20,14,37,54,19,21,14,108,38,0,38,146
04/21/2007,GUM,GU,AWP,WE,Federal Contract Tower,46,16,1,0,63,0,0,13,0,13,46,16,14,0,76,62,0,62,138
04/22/2007,GUM,GU,AWP,WE,Federal Contract Tower,56,22,12,0,90,0,0,8,4,12,56,22,20,4,102,34,0,34,136
04/23/2007,GUM,GU,AWP,WE,Federal Contract Tower,57,20,0,0,77,0,0,14,6,20,57,20,14,6,97,14,0,14,111
04/24/2007,GUM,GU,AWP,WE,Federal Contract Tower,48,16,6,4,74,0,3,6,28,37,48,19,12,32,111,66,0,66,177
04/25/2007,GUM,GU,AWP,WE,Federal Contract Tower,45,18,2,6,71,0,1,0,4,5,45,19,2,10,76,62,0,62,138
04/26/2007,GUM,GU,AWP,WE,Federal Contract Tower,52,16,0,8,76,0,0,6,6,12,52,16,6,14,88,20,0,20,108
04/27/2007,GUM,GU,AWP,WE,Federal Contract Tower,54,18,1,0,73,0,0,8,0,8,54,18,9,0,81,46,0,46,127
04/28/2007,GUM,GU,AWP,WE,Federal Contract Tower,53,16,3,0,72,0,0,13,2,15,53,16,16,2,87,108,2,110,197
04/29/2007,GUM,GU,AWP,WE,Federal Contract Tower,56,16,3,0,75,0,0,12,0,12,56,16,15,0,87,90,0,90,177
04/30/2007,GUM,GU,AWP,WE,Federal Contract Tower,64,20,1,0,85,2,0,22,14,38,66,20,23,14,123,84,0,84,207
05/01/2007,GUM,GU,AWP,WE,Federal Contract Tower,51,16,2,0,69,0,0,40,20,60,51,16,42,20,129,84,0,84,213
05/02/2007,GUM,GU,AWP,WE,Federal Contract Tower,54,20,3,4,81,0,0,28,32,60,54,20,31,36,141,190,6,196,337
05/03/2007,GUM,GU,AWP,WE,Federal Contract Tower,73,16,1,0,90,0,0,49,16,65,73,16,50,16,155,140,2,142,297
05/04/2007,GUM,GU,AWP,WE,Federal Contract Tower,57,18,0,0,75,0,0,10,8,18,57,18,10,8,93,168,0,168,261
05/05/2007,GUM,GU,AWP,WE,Federal Contract Tower,53,16,1,0,70,0,0,24,0,24,53,16,25,0,94,130,0,130,224
05/06/2007,GUM,GU,AWP,WE,Federal Contract Tower,75,16,0,0,91,0,0,24,0,24,75,16,24,0,115,30,0,30,145
05/07/2007,GUM,GU,AWP,WE,Federal Contract Tower,55,18,2,0,75,0,0,4,32,36,55,18,6,32,111,68,0,68,179
05/08/2007,GUM,GU,AWP,WE,Federal Contract Tower,53,18,0,0,71,0,0,0,22,22,53,18,0,22,93,40,4,44,137
05/09/2007,GUM,GU,AWP,WE,Federal Contract Tower,44,18,1,4,67,0,0,5,22,27,44,18,6,26,94,25,0,25,119
05/10/2007,GUM,GU,AWP,WE,Federal Contract Tower,48,17,3,0,68,0,0,2,28,30,48,17,5,28,98,58,6,64,162
05/11/2007,GUM,GU,AWP,WE,Federal Contract Tower,54,18,0,0,72,0,1,10,8,19,54,19,10,8,91,30,0,30,121
05/12/2007,GUM,GU,AWP,WE,Federal Contract Tower,50,17,0,0,67,0,0,0,0,0,50,17,0,0,67,38,0,38,105
05/13/2007,GUM,GU,AWP,WE,Federal Contract Tower,53,17,1,0,71,0,0,32,6,38,53,17,33,6,109,26,0,26,135
05/14/2007,GUM,GU,AWP,WE,Federal Contract Tower,60,18,0,0,78,0,0,23,14,37,60,18,23,14,115,36,0,36,151
05/15/2007,GUM,GU,AWP,WE,Federal Contract Tower,50,16,0,0,66,0,0,14,18,32,50,16,14,18,98,16,0,16,114
05/16/2007,GUM,GU,AWP,WE,Federal Contract Tower,45,16,0,0,61,0,0,2,16,18,45,16,2,16,79,34,0,34,113
05/17/2007,GUM,GU,AWP,WE,Federal Contract Tower,50,18,4,0,72,0,0,2,22,24,50,18,6,22,96,92,0,92,188
05/18/2007,GUM,GU,AWP,WE,Federal Contract Tower,47,18,0,0,65,0,0,4,2,6,47,18,4,2,71,54,0,54,125
05/19/2007,GUM,GU,AWP,WE,Federal Contract Tower,50,18,0,0,68,0,0,14,4,18,50,18,14,4,86,102,0,102,188
05/20/2007,GUM,GU,AWP,WE,Federal Contract Tower,54,16,1,0,71,0,0,18,0,18,54,16,19,0,89,56,0,56,145
05/21/2007,GUM,GU,AWP,WE,Federal Contract Tower,56,18,0,2,76,0,0,28,16,44,56,18,28,18,120,40,0,40,160
05/22/2007,GUM,GU,AWP,WE,Federal Contract Tower,51,15,0,0,66,0,0,18,0,18,51,15,18,0,84,48,0,48,132
05/23/2007,GUM,GU,AWP,WE,Federal Contract Tower,45,18,2,0,65,0,0,0,12,12,45,18,2,12,77,28,0,28,105
05/24/2007,GUM,GU,AWP,WE,Federal Contract Tower,55,16,0,0,71,0,0,5,4,9,55,16,5,4,80,8,0,8,88
05/25/2007,GUM,GU,AWP,WE,Federal Contract Tower,52,18,0,0,70,0,0,8,0,8,52,18,8,0,78,44,0,44,122
05/26/2007,GUM,GU,AWP,WE,Federal Contract Tower,53,16,1,0,70,0,0,10,2,12,53,16,11,2,82,28,0,28,110
05/27/2007,GUM,GU,AWP,WE,Federal Contract Tower,54,16,0,0,70,0,0,22,4,26,54,16,22,4,96,16,0,16,112
05/28/2007,GUM,GU,AWP,WE,Federal Contract Tower,56,19,4,0,79,0,0,20,2,22,56,19,24,2,101,42,0,42,143
05/29/2007,GUM,GU,AWP,WE,Federal Contract Tower,53,16,6,0,75,0,0,16,26,42,53,16,22,26,117,38,0,38,155
05/30/2007,GUM,GU,AWP,WE,Federal Contract Tower,47,18,0,0,65,0,0,26,41,67,47,18,26,41,132,20,0,20,152
05/31/2007,GUM,GU,AWP,WE,Federal Contract Tower,54,16,8,2,80,0,0,10,2,12,54,16,18,4,92,32,0,32,124
06/01/2007,GUM,GU,AWP,WE,Federal Contract Tower,53,18,1,4,76,0,0,8,38,46,53,18,9,42,122,106,0,106,228
06/02/2007,GUM,GU,AWP,WE,Federal Contract Tower,53,18,1,0,72,0,0,18,0,18,53,18,19,0,90,148,0,148,238
06/03/2007,GUM,GU,AWP,WE,Federal Contract Tower,53,16,2,0,71,0,0,10,0,10,53,16,12,0,81,150,0,150,231
06/04/2007,GUM,GU,AWP,WE,Federal Contract Tower,57,17,2,4,80,0,0,20,84,104,57,17,22,88,184,142,0,142,326
06/05/2007,GUM,GU,AWP,WE,Federal Contract Tower,50,16,0,10,76,0,0,16,54,70,50,16,16,64,146,66,0,66,212
06/06/2007,GUM,GU,AWP,WE,Federal Contract Tower,48,18,1,0,67,0,1,22,24,47,48,19,23,24,114,64,0,64,178
06/07/2007,GUM,GU,AWP,WE,Federal Contract Tower,53,18,0,8,79,0,0,8,49,57,53,18,8,57,136,122,2,124,260
06/08/2007,GUM,GU,AWP,WE,Federal Contract Tower,55,20,1,8,84,0,0,6,32,38,55,20,7,40,122,52,0,52,174
06/09/2007,GUM,GU,AWP,WE,Federal Contract Tower,52,16,0,0,68,0,0,4,0,4,52,16,4,0,72,62,0,62,134
06/10/2007,GUM,GU,AWP,WE,Federal Contract Tower,56,16,1,0,73,0,0,16,22,38,56,16,17,22,111,120,0,120,231
06/11/2007,GUM,GU,AWP,WE,Federal Contract Tower,53,18,6,20,97,0,0,16,30,46,53,18,22,50,143,40,0,40,183
06/12/2007,GUM,GU,AWP,WE,Federal Contract Tower,51,18,2,8,79,0,0,23,24,47,51,18,25,32,126,74,0,74,200
06/13/2007,GUM,GU,AWP,WE,Federal Contract Tower,47,18,0,0,65,0,2,10,20,32,47,20,10,20,97,130,0,130,227
06/14/2007,GUM,GU,AWP,WE,Federal Contract Tower,55,16,6,2,79,0,0,0,12,12,55,16,6,14,91,64,0,64,155
06/15/2007,GUM,GU,AWP,WE,Federal Contract Tower,57,18,0,0,75,0,0,7,12,19,57,18,7,12,94,86,0,86,180
06/16/2007,GUM,GU,AWP,WE,Federal Contract Tower,53,17,5,0,75,0,0,2,22,24,53,17,7,22,99,111,0,111,210
06/17/2007,GUM,GU,AWP,WE,Federal Contract Tower,55,16,1,0,72,0,0,18,12,30,55,16,19,12,102,60,2,62,164
06/18/2007,GUM,GU,AWP,WE,Federal Contract Tower,55,18,2,0,75,0,0,16,54,70,55,18,18,54,145,50,0,50,195
06/19/2007,GUM,GU,AWP,WE,Federal Contract Tower,55,17,1,2,75,0,0,20,30,50,55,17,21,32,125,24,0,24,149
06/20/2007,GUM,GU,AWP,WE,Federal Contract Tower,48,18,2,2,70,0,0,4,24,28,48,18,6,26,98,90,22,112,210
06/21/2007,GUM,GU,AWP,WE,Federal Contract Tower,55,16,0,5,76,0,0,4,23,27,55,16,4,28,103,50,0,50,153
06/22/2007,GUM,GU,AWP,WE,Federal Contract Tower,59,18,5,0,82,0,0,0,40,40,59,18,5,40,122,154,2,156,278
06/23/2007,GUM,GU,AWP,WE,Federal Contract Tower,57,16,4,0,77,0,0,16,6,22,57,16,20,6,99,102,0,102,201
06/24/2007,GUM,GU,AWP,WE,Federal Contract Tower,52,16,0,0,68,0,0,4,0,4,52,16,4,0,72,46,0,46,118
06/25/2007,GUM,GU,AWP,WE,Federal Contract Tower,57,18,5,6,86,0,0,30,0,30,57,18,35,6,116,42,0,42,158
06/26/2007,GUM,GU,AWP,WE,Federal Contract Tower,52,16,8,0,76,0,0,35,48,83,52,16,43,48,159,50,0,50,209
06/27/2007,GUM,GU,AWP,WE,Federal Contract Tower,49,17,3,4,73,0,1,9,52,62,49,18,12,56,135,48,0,48,183
06/28/2007,GUM,GU,AWP,WE,Federal Contract Tower,53,15,1,2,71,0,0,8,30,38,53,15,9,32,109,70,16,86,195
06/29/2007,GUM,GU,AWP,WE,Federal Contract Tower,53,18,1,0,72,0,0,0,4,4,53,18,1,4,76,116,0,116,192
06/30/2007,GUM,GU,AWP,WE,Federal Contract Tower,51,16,0,0,67,0,0,6,0,6,51,16,6,0,73,112,0,112,185
07/01/2007,GUM,GU,AWP,WE,Federal Contract Tower,60,20,1,0,81,0,0,26,2,28,60,20,27,2,109,96,0,96,205
07/02/2007,GUM,GU,AWP,WE,Federal Contract Tower,62,20,6,0,88,0,0,12,38,50,62,20,18,38,138,78,0,78,216
07/03/2007,GUM,GU,AWP,WE,Federal Contract Tower,55,16,0,0,71,0,0,22,14,36,55,16,22,14,107,56,0,56,163
07/04/2007,GUM,GU,AWP,WE,Federal Contract Tower,50,18,2,0,70,0,2,8,0,10,50,20,10,0,80,150,0,150,230
07/05/2007,GUM,GU,AWP,WE,Federal Contract Tower,58,16,1,0,75,0,0,10,28,38,58,16,11,28,113,66,12,78,191
07/06/2007,GUM,GU,AWP,WE,Federal Contract Tower,52,20,6,0,78,0,0,4,4,8,52,20,10,4,86,116,0,116,202
07/07/2007,GUM,GU,AWP,WE,Federal Contract Tower,53,17,1,0,71,0,0,6,18,24,53,17,7,18,95,76,0,76,171
07/08/2007,GUM,GU,AWP,WE,Federal Contract Tower,58,16,5,0,79,0,0,12,0,12,58,16,17,0,91,64,0,64,155
07/09/2007,GUM,GU,AWP,WE,Federal Contract Tower,65,14,0,0,79,0,0,0,0,0,65,14,0,0,79,0,0,0,79
07/10/2007,GUM,GU,AWP,WE,Federal Contract Tower,50,12,7,1,70,0,0,4,8,12,50,12,11,9,82,12,0,12,94
07/11/2007,GUM,GU,AWP,WE,Federal Contract Tower,46,17,4,22,89,0,0,0,0,0,46,17,4,22,89,50,0,50,139
07/12/2007,GUM,GU,AWP,WE,Federal Contract Tower,57,16,7,4,84,0,0,8,18,26,57,16,15,22,110,24,6,30,140
07/13/2007,GUM,GU,AWP,WE,Federal Contract Tower,54,20,10,0,84,0,0,0,18,18,54,20,10,18,102,168,0,168,270
07/14/2007,GUM,GU,AWP,WE,Federal Contract Tower,53,16,3,0,72,0,0,8,4,12,53,16,11,4,84,124,0,124,208
07/15/2007,GUM,GU,AWP,WE,Federal Contract Tower,58,16,0,0,74,0,0,22,0,22,58,16,22,0,96,160,0,160,256
07/16/2007,GUM,GU,AWP,WE,Federal Contract Tower,60,18,0,0,78,0,0,17,18,35,60,18,17,18,113,80,0,80,193
07/17/2007,GUM,GU,AWP,WE,Federal Contract Tower,57,16,2,6,81,0,0,14,12,26,57,16,16,18,107,102,0,102,209
07/18/2007,GUM,GU,AWP,WE,Federal Contract Tower,50,16,0,8,74,0,0,0,12,12,50,16,0,20,86,64,0,64,150
07/19/2007,GUM,GU,AWP,WE,Federal Contract Tower,51,16,1,8,76,0,0,8,6,14,51,16,9,14,90,78,2,80,170
07/20/2007,GUM,GU,AWP,WE,Federal Contract Tower,54,19,2,0,75,0,0,2,10,12,54,19,4,10,87,92,0,92,179
07/21/2007,GUM,GU,AWP,WE,Federal Contract Tower,56,16,0,0,72,0,0,6,22,28,56,16,6,22,100,132,0,132,232
07/22/2007,GUM,GU,AWP,WE,Federal Contract Tower,59,16,1,0,76,0,0,22,6,28,59,16,23,6,104,60,0,60,164
07/23/2007,GUM,GU,AWP,WE,Federal Contract Tower,56,18,2,6,82,0,0,4,24,28,56,18,6,30,110,78,2,80,190
07/24/2007,GUM,GU,AWP,WE,Federal Contract Tower,53,16,2,0,71,0,0,16,16,32,53,16,18,16,103,52,0,52,155
07/25/2007,GUM,GU,AWP,WE,Federal Contract Tower,51,16,0,0,67,0,1,0,12,13,51,17,0,12,80,70,0,70,150
07/26/2007,GUM,GU,AWP,WE,Federal Contract Tower,55,18,0,8,81,0,0,4,20,24,55,18,4,28,105,68,0,68,173
07/27/2007,GUM,GU,AWP,WE,Federal Contract Tower,54,18,0,0,72,0,0,4,2,6,54,18,4,2,78,68,0,68,146
07/28/2007,GUM,GU,AWP,WE,Federal Contract Tower,52,16,0,0,68,0,0,13,0,13,52,16,13,0,81,116,0,116,197
07/29/2007,GUM,GU,AWP,WE,Federal Contract Tower,63,16,0,0,79,0,0,14,0,14,63,16,14,0,93,54,0,54,147
07/30/2007,GUM,GU,AWP,WE,Federal Contract Tower,64,12,0,0,76,0,0,4,14,18,64,12,4,14,94,48,0,48,142
07/31/2007,GUM,GU,AWP,WE,Federal Contract Tower,51,14,1,2,68,0,1,16,10,27,51,15,17,12,95,46,0,46,141
08/01/2007,GUM,GU,AWP,WE,Federal Contract Tower,51,16,2,1,70,0,1,1,24,26,51,17,3,25,96,86,0,86,182
08/02/2007,GUM,GU,AWP,WE,Federal Contract Tower,58,16,0,0,74,0,0,0,26,26,58,16,0,26,100,62,0,62,162
08/03/2007,GUM,GU,AWP,WE,Federal Contract Tower,58,18,2,0,78,0,0,0,6,6,58,18,2,6,84,115,0,115,199
08/04/2007,GUM,GU,AWP,WE,Federal Contract Tower,57,16,4,0,77,0,0,0,10,10,57,16,4,10,87,56,0,56,143
08/05/2007,GUM,GU,AWP,WE,Federal Contract Tower,55,16,8,0,79,0,0,13,20,33,55,16,21,20,112,28,0,28,140
08/06/2007,GUM,GU,AWP,WE,Federal Contract Tower,61,18,6,0,85,0,0,4,26,30,61,18,10,26,115,58,10,68,183
08/07/2007,GUM,GU,AWP,WE,Federal Contract Tower,51,16,9,0,76,0,0,6,40,46,51,16,15,40,122,42,0,42,164
08/08/2007,GUM,GU,AWP,WE,Federal Contract Tower,48,16,2,6,72,0,0,4,32,36,48,16,6,38,108,44,4,48,156
08/09/2007,GUM,GU,AWP,WE,Federal Contract Tower,55,16,4,0,75,0,0,0,34,34,55,16,4,34,109,64,0,64,173
08/10/2007,GUM,GU,AWP,WE,Federal Contract Tower,56,18,3,0,77,0,0,8,20,28,56,18,11,20,105,60,12,72,177
08/11/2007,GUM,GU,AWP,WE,Federal Contract Tower,59,16,1,0,76,0,0,10,42,52,59,16,11,42,128,98,6,104,232
08/12/2007,GUM,GU,AWP,WE,Federal Contract Tower,64,16,1,0,81,0,0,4,2,6,64,16,5,2,87,112,0,112,199
08/13/2007,GUM,GU,AWP,WE,Federal Contract Tower,65,17,2,3,87,0,0,18,8,26,65,17,20,11,113,78,1,79,192
08/14/2007,GUM,GU,AWP,WE,Federal Contract Tower,56,16,0,1,73,0,0,4,24,28,56,16,4,25,101,146,0,146,247
08/15/2007,GUM,GU,AWP,WE,Federal Contract Tower,59,16,0,2,77,0,0,14,16,30,59,16,14,18,107,158,0,158,265
08/16/2007,GUM,GU,AWP,WE,Federal Contract Tower,62,16,0,0,78,0,0,12,18,30,62,16,12,18,108,132,0,132,240
08/17/2007,GUM,GU,AWP,WE,Federal Contract Tower,59,18,2,1,80,0,0,12,6,18,59,18,14,7,98,162,4,166,264
08/18/2007,GUM,GU,AWP,WE,Federal Contract Tower,63,16,0,0,79,0,0,20,0,20,63,16,20,0,99,178,0,178,277
08/19/2007,GUM,GU,AWP,WE,Federal Contract Tower,59,16,0,0,75,0,0,26,12,38,59,16,26,12,113,62,0,62,175
08/20/2007,GUM,GU,AWP,WE,Federal Contract Tower,62,16,7,0,85,0,0,4,26,30,62,16,11,26,115,92,0,92,207
08/21/2007,GUM,GU,AWP,WE,Federal Contract Tower,52,16,10,0,78,0,0,8,30,38,52,16,18,30,116,60,0,60,176
08/22/2007,GUM,GU,AWP,WE,Federal Contract Tower,51,15,1,0,67,0,1,2,10,13,51,16,3,10,80,110,0,110,190
08/23/2007,GUM,GU,AWP,WE,Federal Contract Tower,54,16,4,0,74,0,0,0,22,22,54,16,4,22,96,104,0,104,200
08/24/2007,GUM,GU,AWP,WE,Federal Contract Tower,54,18,4,0,76,0,0,0,0,0,54,18,4,0,76,128,0,128,204
08/25/2007,GUM,GU,AWP,WE,Federal Contract Tower,51,16,1,0,68,0,0,12,0,12,51,16,13,0,80,104,0,104,184
08/26/2007,GUM,GU,AWP,WE,Federal Contract Tower,53,16,7,0,76,0,0,22,4,26,53,16,29,4,102,96,0,96,198
08/27/2007,GUM,GU,AWP,WE,Federal Contract Tower,57,14,3,0,74,0,0,20,10,30,57,14,23,10,104,134,0,134,238
08/28/2007,GUM,GU,AWP,WE,Federal Contract Tower,48,16,2,0,66,0,1,20,18,39,48,17,22,18,105,120,6,126,231
08/29/2007,GUM,GU,AWP,WE,Federal Contract Tower,43,14,7,0,64,0,0,2,20,22,43,14,9,20,86,76,22,98,184
08/30/2007,GUM,GU,AWP,WE,Federal Contract Tower,52,18,1,0,71,0,0,4,10,14,52,18,5,10,85,72,0,72,157
08/31/2007,GUM,GU,AWP,WE,Federal Contract Tower,48,20,3,0,71,0,0,0,0,0,48,20,3,0,71,40,0,40,111
09/01/2007,GUM,GU,AWP,WE,Federal Contract Tower,53,16,0,0,69,0,0,4,0,4,53,16,4,0,73,28,0,28,101
09/02/2007,GUM,GU,AWP,WE,Federal Contract Tower,63,16,3,0,82,0,0,10,0,10,63,16,13,0,92,72,0,72,164
09/03/2007,GUM,GU,AWP,WE,Federal Contract Tower,63,15,1,0,79,0,0,8,0,8,63,15,9,0,87,34,0,34,121
09/04/2007,GUM,GU,AWP,WE,Federal Contract Tower,44,16,0,0,60,0,0,6,2,8,44,16,6,2,68,48,4,52,120
09/05/2007,GUM,GU,AWP,WE,Federal Contract Tower,46,16,1,4,67,0,0,8,10,18,46,16,9,14,85,56,4,60,145
09/06/2007,GUM,GU,AWP,WE,Federal Contract Tower,53,18,1,0,72,0,0,6,4,10,53,18,7,4,82,48,0,48,130
09/07/2007,GUM,GU,AWP,WE,Federal Contract Tower,50,18,1,0,69,0,0,2,4,6,50,18,3,4,75,86,0,86,161
09/08/2007,GUM,GU,AWP,WE,Federal Contract Tower,47,16,5,0,68,0,0,7,16,23,47,16,12,16,91,42,0,42,133
09/09/2007,GUM,GU,AWP,WE,Federal Contract Tower,53,16,2,0,71,0,0,18,8,26,53,16,20,8,97,46,0,46,143
09/10/2007,GUM,GU,AWP,WE,Federal Contract Tower,57,16,13,4,90,0,0,0,22,22,57,16,13,26,112,48,0,48,160
09/11/2007,GUM,GU,AWP,WE,Federal Contract Tower,46,16,9,0,71,0,0,6,30,36,46,16,15,30,107,14,0,14,121
09/12/2007,GUM,GU,AWP,WE,Federal Contract Tower,48,16,9,0,73,0,0,10,0,10,48,16,19,0,83,26,0,26,109
09/13/2007,GUM,GU,AWP,WE,Federal Contract Tower,52,16,2,0,70,0,0,0,10,10,52,16,2,10,80,45,2,47,127
09/14/2007,GUM,GU,AWP,WE,Federal Contract Tower,50,18,3,0,71,0,0,0,12,12,50,18,3,12,83,96,0,96,179
09/15/2007,GUM,GU,AWP,WE,Federal Contract Tower,48,16,3,0,67,0,0,0,2,2,48,16,3,2,69,66,0,66,135
09/16/2007,GUM,GU,AWP,WE,Federal Contract Tower,52,16,1,0,69,0,0,20,14,34,52,16,21,14,103,104,0,104,207
09/17/2007,GUM,GU,AWP,WE,Federal Contract Tower,58,16,5,0,79,0,0,0,6,6,58,16,5,6,85,86,0,86,171
09/18/2007,GUM,GU,AWP,WE,Federal Contract Tower,48,16,2,0,66,0,0,4,38,42,48,16,6,38,108,38,2,40,148
09/19/2007,GUM,GU,AWP,WE,Federal Contract Tower,40,16,0,0,56,0,1,0,6,7,40,17,0,6,63,24,0,24,87
09/21/2007,GUM,GU,AWP,WE,Federal Contract Tower,48,18,1,0,67,0,0,6,4,10,48,18,7,4,77,142,0,142,219
09/22/2007,GUM,GU,AWP,WE,Federal Contract Tower,53,14,0,2,69,0,0,16,0,16,53,14,16,2,85,114,0,114,199
09/23/2007,GUM,GU,AWP,WE,Federal Contract Tower,54,15,6,0,75,0,0,22,4,26,54,15,28,4,101,172,10,182,283
09/24/2007,GUM,GU,AWP,WE,Federal Contract Tower,54,16,0,0,70,0,0,18,22,40,54,16,18,22,110,94,14,108,218
09/25/2007,GUM,GU,AWP,WE,Federal Contract Tower,48,14,1,0,63,0,0,18,18,36,48,14,19,18,99,50,12,62,161
09/26/2007,GUM,GU,AWP,WE,Federal Contract Tower,45,18,0,0,63,0,0,4,6,10,45,18,4,6,73,68,0,68,141
09/27/2007,GUM,GU,AWP,WE,Federal Contract Tower,51,16,0,0,67,0,0,2,6,8,51,16,2,6,75,36,0,36,111
09/28/2007,GUM,GU,AWP,WE,Federal Contract Tower,50,18,0,0,68,0,0,2,4,6,50,18,2,4,74,88,0,88,162
09/29/2007,GUM,GU,AWP,WE,Federal Contract Tower,51,16,1,2,70,0,0,4,8,12,51,16,5,10,82,102,4,106,188
09/30/2007,GUM,GU,AWP,WE,Federal Contract Tower,58,18,0,0,76,0,0,2,6,8,58,18,2,6,84,64,2,66,150
10/01/2007,GUM,GU,AWP,WE,Federal Contract Tower,54,16,2,1,73,0,0,12,16,28,54,16,14,17,101,10,0,10,111
10/02/2007,GUM,GU,AWP,WE,Federal Contract Tower,46,16,3,1,66,0,0,12,14,26,46,16,15,15,92,18,0,18,110
10/03/2007,GUM,GU,AWP,WE,Federal Contract Tower,47,14,1,0,62,0,0,2,4,6,47,14,3,4,68,24,0,24,92
10/04/2007,GUM,GU,AWP,WE,Federal Contract Tower,48,18,1,0,67,0,0,0,2,2,48,18,1,2,69,32,0,32,101
10/05/2007,GUM,GU,AWP,WE,Federal Contract Tower,52,20,6,0,78,0,0,6,2,8,52,20,12,2,86,58,0,58,144
10/06/2007,GUM,GU,AWP,WE,Federal Contract Tower,56,16,0,0,72,0,0,8,0,8,56,16,8,0,80,96,0,96,176
10/07/2007,GUM,GU,AWP,WE,Federal Contract Tower,53,16,0,0,69,0,0,10,2,12,53,16,10,2,81,114,0,114,195
10/08/2007,GUM,GU,AWP,WE,Federal Contract Tower,62,15,0,0,77,0,1,15,2,18,62,16,15,2,95,64,0,64,159
10/09/2007,GUM,GU,AWP,WE,Federal Contract Tower,50,16,4,1,71,0,0,16,6,22,50,16,20,7,93,41,0,41,134
10/10/2007,GUM,GU,AWP,WE,Federal Contract Tower,48,16,0,0,64,0,0,2,18,20,48,16,2,18,84,48,0,48,132
10/11/2007,GUM,GU,AWP,WE,Federal Contract Tower,53,18,4,0,75,0,0,0,0,0,53,18,4,0,75,70,0,70,145
10/12/2007,GUM,GU,AWP,WE,Federal Contract Tower,54,18,5,0,77,0,2,5,2,9,54,20,10,2,86,46,0,46,132
10/13/2007,GUM,GU,AWP,WE,Federal Contract Tower,52,17,3,0,72,0,1,0,0,1,52,18,3,0,73,130,0,130,203
10/14/2007,GUM,GU,AWP,WE,Federal Contract Tower,58,18,3,0,79,0,0,11,0,11,58,18,14,0,90,62,0,62,152
10/15/2007,GUM,GU,AWP,WE,Federal Contract Tower,63,10,6,0,79,0,0,20,8,28,63,10,26,8,107,40,0,40,147
10/16/2007,GUM,GU,AWP,WE,Federal Contract Tower,50,16,0,0,66,0,0,2,24,26,50,16,2,24,92,98,0,98,190
10/17/2007,GUM,GU,AWP,WE,Federal Contract Tower,44,17,0,0,61,0,0,24,14,38,44,17,24,14,99,60,0,60,159
10/18/2007,GUM,GU,AWP,WE,Federal Contract Tower,51,16,6,0,73,0,1,18,4,23,51,17,24,4,96,28,0,28,124
10/19/2007,GUM,GU,AWP,WE,Federal Contract Tower,51,23,1,0,75,0,4,11,0,15,51,27,12,0,90,61,0,61,151
10/20/2007,GUM,GU,AWP,WE,Federal Contract Tower,52,16,0,0,68,0,1,10,0,11,52,17,10,0,79,52,0,52,131
10/21/2007,GUM,GU,AWP,WE,Federal Contract Tower,53,18,0,0,71,0,0,14,2,16,53,18,14,2,87,72,0,72,159
10/22/2007,GUM,GU,AWP,WE,Federal Contract Tower,58,16,2,0,76,0,0,2,10,12,58,16,4,10,88,30,0,30,118
10/23/2007,GUM,GU,AWP,WE,Federal Contract Tower,49,16,0,0,65,0,0,0,12,12,49,16,0,12,77,44,0,44,121
10/24/2007,GUM,GU,AWP,WE,Federal Contract Tower,49,16,0,0,65,0,0,0,6,6,49,16,0,6,71,52,0,52,123
10/25/2007,GUM,GU,AWP,WE,Federal Contract Tower,53,18,0,0,71,0,0,4,0,4,53,18,4,0,75,50,0,50,125
10/26/2007,GUM,GU,AWP,WE,Federal Contract Tower,52,18,1,0,71,0,0,4,0,4,52,18,5,0,75,40,0,40,115
10/27/2007,GUM,GU,AWP,WE,Federal Contract Tower,53,16,3,0,72,0,0,3,4,7,53,16,6,4,79,58,0,58,137
10/28/2007,GUM,GU,AWP,WE,Federal Contract Tower,56,15,6,0,77,0,0,4,2,6,56,15,10,2,83,42,0,42,125
10/29/2007,GUM,GU,AWP,WE,Federal Contract Tower,58,15,1,4,78,0,0,4,4,8,58,15,5,8,86,16,0,16,102
10/30/2007,GUM,GU,AWP,WE,Federal Contract Tower,48,16,2,4,70,0,0,8,10,18,48,16,10,14,88,57,0,57,145
10/31/2007,GUM,GU,AWP,WE,Federal Contract Tower,47,14,1,0,62,0,2,2,3,7,47,16,3,3,69,36,0,36,105
11/01/2007,GUM,GU,AWP,WE,Federal Contract Tower,55,19,2,0,76,0,0,10,6,16,55,19,12,6,92,74,0,74,166
11/02/2007,GUM,GU,AWP,WE,Federal Contract Tower,49,18,8,4,79,0,0,4,2,6,49,18,12,6,85,62,0,62,147
11/03/2007,GUM,GU,AWP,WE,Federal Contract Tower,53,16,4,0,73,0,1,8,2,11,53,17,12,2,84,60,0,60,144
11/04/2007,GUM,GU,AWP,WE,Federal Contract Tower,60,16,2,0,78,0,0,0,6,6,60,16,2,6,84,62,0,62,146
11/05/2007,GUM,GU,AWP,WE,Federal Contract Tower,60,16,4,0,80,0,2,21,26,49,60,18,25,26,129,42,0,42,171
11/06/2007,GUM,GU,AWP,WE,Federal Contract Tower,46,16,1,2,65,0,0,18,14,32,46,16,19,16,97,74,6,80,177
11/07/2007,GUM,GU,AWP,WE,Federal Contract Tower,47,16,3,0,66,0,0,1,6,7,47,16,4,6,73,50,0,50,123
11/08/2007,GUM,GU,AWP,WE,Federal Contract Tower,52,16,12,0,80,0,0,1,2,3,52,16,13,2,83,48,0,48,131
11/09/2007,GUM,GU,AWP,WE,Federal Contract Tower,50,18,2,0,70,0,0,0,0,0,50,18,2,0,70,68,0,68,138
11/10/2007,GUM,GU,AWP,WE,Federal Contract Tower,54,16,1,0,71,0,0,2,0,2,54,16,3,0,73,34,0,34,107
11/11/2007,GUM,GU,AWP,WE,Federal Contract Tower,56,16,0,0,72,0,0,0,0,0,56,16,0,0,72,90,0,90,162
11/12/2007,GUM,GU,AWP,WE,Federal Contract Tower,55,14,1,0,70,0,2,23,0,25,55,16,24,0,95,24,0,24,119
11/13/2007,GUM,GU,AWP,WE,Federal Contract Tower,48,24,0,0,72,0,0,30,16,46,48,24,30,16,118,60,0,60,178
11/14/2007,GUM,GU,AWP,WE,Federal Contract Tower,43,16,15,0,74,0,0,15,12,27,43,16,30,12,101,121,0,121,222
11/15/2007,GUM,GU,AWP,WE,Federal Contract Tower,47,20,5,0,72,0,0,0,6,6,47,20,5,6,78,72,0,72,150
11/16/2007,GUM,GU,AWP,WE,Federal Contract Tower,55,18,0,0,73,0,0,6,0,6,55,18,6,0,79,88,0,88,167
11/17/2007,GUM,GU,AWP,WE,Federal Contract Tower,55,16,2,0,73,0,0,8,0,8,55,16,10,0,81,124,0,124,205
11/18/2007,GUM,GU,AWP,WE,Federal Contract Tower,58,20,0,0,78,0,0,16,0,16,58,20,16,0,94,94,0,94,188
11/19/2007,GUM,GU,AWP,WE,Federal Contract Tower,56,16,0,0,72,0,0,0,0,0,56,16,0,0,72,6,0,6,78
11/20/2007,GUM,GU,AWP,WE,Federal Contract Tower,49,16,2,0,67,0,0,4,6,10,49,16,6,6,77,42,0,42,119
11/21/2007,GUM,GU,AWP,WE,Federal Contract Tower,41,15,1,0,57,0,1,9,2,12,41,16,10,2,69,40,0,40,109
11/22/2007,GUM,GU,AWP,WE,Federal Contract Tower,49,16,5,2,72,0,0,0,0,0,49,16,5,2,72,74,0,74,146
11/23/2007,GUM,GU,AWP,WE,Federal Contract Tower,52,25,3,0,80,0,3,4,2,9,52,28,7,2,89,132,0,132,221
11/24/2007,GUM,GU,AWP,WE,Federal Contract Tower,55,16,0,0,71,0,0,0,0,0,55,16,0,0,71,102,0,102,173
11/25/2007,GUM,GU,AWP,WE,Federal Contract Tower,58,24,0,0,82,0,0,14,0,14,58,24,14,0,96,64,0,64,160
11/26/2007,GUM,GU,AWP,WE,Federal Contract Tower,55,15,8,0,78,0,1,12,4,17,55,16,20,4,95,54,0,54,149
11/27/2007,GUM,GU,AWP,WE,Federal Contract Tower,49,16,6,0,71,0,0,0,14,14,49,16,6,14,85,52,0,52,137
11/28/2007,GUM,GU,AWP,WE,Federal Contract Tower,46,16,1,0,63,0,0,0,14,14,46,16,1,14,77,62,0,62,139
11/29/2007,GUM,GU,AWP,WE,Federal Contract Tower,58,20,0,0,78,0,2,0,8,10,58,22,0,8,88,70,0,70,158
11/30/2007,GUM,GU,AWP,WE,Federal Contract Tower,55,16,11,0,82,0,2,2,0,4,55,18,13,0,86,66,0,66,152
12/01/2007,GUM,GU,AWP,WE,Federal Contract Tower,51,16,2,0,69,0,0,8,0,8,51,16,10,0,77,78,0,78,155
12/02/2007,GUM,GU,AWP,WE,Federal Contract Tower,62,16,2,0,80,0,0,0,0,0,62,16,2,0,80,64,0,64,144
12/03/2007,GUM,GU,AWP,WE,Federal Contract Tower,57,21,0,0,78,0,0,0,20,20,57,21,0,20,98,66,0,66,164
12/04/2007,GUM,GU,AWP,WE,Federal Contract Tower,50,16,0,0,66,0,0,8,18,26,50,16,8,18,92,40,0,40,132
12/05/2007,GUM,GU,AWP,WE,Federal Contract Tower,52,16,0,0,68,0,0,3,0,3,52,16,3,0,71,38,0,38,109
12/06/2007,GUM,GU,AWP,WE,Federal Contract Tower,56,20,0,2,78,0,0,0,4,4,56,20,0,6,82,44,0,44,126
12/07/2007,GUM,GU,AWP,WE,Federal Contract Tower,54,18,0,0,72,0,1,1,0,2,54,19,1,0,74,34,0,34,108
12/08/2007,GUM,GU,AWP,WE,Federal Contract Tower,54,16,4,0,74,0,0,4,0,4,54,16,8,0,78,70,0,70,148
12/09/2007,GUM,GU,AWP,WE,Federal Contract Tower,66,16,0,0,82,0,0,0,0,0,66,16,0,0,82,58,0,58,140
12/10/2007,GUM,GU,AWP,WE,Federal Contract Tower,56,15,13,0,84,0,1,11,8,20,56,16,24,8,104,70,0,70,174
12/11/2007,GUM,GU,AWP,WE,Federal Contract Tower,52,16,6,0,74,0,0,2,12,14,52,16,8,12,88,52,8,60,148
12/12/2007,GUM,GU,AWP,WE,Federal Contract Tower,49,14,28,0,91,0,2,4,12,18,49,16,32,12,109,82,2,84,193
12/13/2007,GUM,GU,AWP,WE,Federal Contract Tower,55,16,0,2,73,0,0,5,10,15,55,16,5,12,88,44,0,44,132
12/14/2007,GUM,GU,AWP,WE,Federal Contract Tower,58,20,2,0,80,0,0,0,0,0,58,20,2,0,80,32,0,32,112
12/15/2007,GUM,GU,AWP,WE,Federal Contract Tower,59,16,5,0,80,0,0,6,0,6,59,16,11,0,86,46,0,46,132
12/16/2007,GUM,GU,AWP,WE,Federal Contract Tower,64,16,6,0,86,0,0,0,0,0,64,16,6,0,86,74,0,74,160
12/17/2007,GUM,GU,AWP,WE,Federal Contract Tower,54,15,9,0,78,0,0,1,3,4,54,15,10,3,82,76,2,78,160
12/18/2007,GUM,GU,AWP,WE,Federal Contract Tower,56,16,4,0,76,0,0,0,2,2,56,16,4,2,78,86,0,86,164
12/19/2007,GUM,GU,AWP,WE,Federal Contract Tower,47,16,3,2,68,0,1,9,10,20,47,17,12,12,88,62,4,66,154
12/20/2007,GUM,GU,AWP,WE,Federal Contract Tower,58,16,1,0,75,0,0,2,0,2,58,16,3,0,77,38,0,38,115
12/21/2007,GUM,GU,AWP,WE,Federal Contract Tower,53,18,1,0,72,0,0,2,0,2,53,18,3,0,74,48,0,48,122
12/22/2007,GUM,GU,AWP,WE,Federal Contract Tower,53,16,1,0,70,0,0,2,0,2,53,16,3,0,72,82,0,82,154
12/23/2007,GUM,GU,AWP,WE,Federal Contract Tower,60,18,16,0,94,0,0,4,0,4,60,18,20,0,98,88,0,88,186
12/24/2007,GUM,GU,AWP,WE,Federal Contract Tower,58,14,1,0,73,0,3,4,0,7,58,17,5,0,80,70,0,70,150
12/25/2007,GUM,GU,AWP,WE,Federal Contract Tower,52,16,1,0,69,0,0,0,0,0,52,16,1,0,69,62,0,62,131
12/26/2007,GUM,GU,AWP,WE,Federal Contract Tower,50,16,1,0,67,0,0,0,2,2,50,16,1,2,69,67,0,67,136
12/27/2007,GUM,GU,AWP,WE,Federal Contract Tower,60,17,3,0,80,0,0,4,0,4,60,17,7,0,84,127,0,127,211
12/28/2007,GUM,GU,AWP,WE,Federal Contract Tower,56,18,2,0,76,0,0,8,0,8,56,18,10,0,84,114,0,114,198
12/29/2007,GUM,GU,AWP,WE,Federal Contract Tower,58,16,0,0,74,0,0,0,0,0,58,16,0,0,74,154,0,154,228
12/30/2007,GUM,GU,AWP,WE,Federal Contract Tower,76,16,4,0,96,0,0,4,0,4,76,16,8,0,100,152,0,152,252
12/31/2007,GUM,GU,AWP,WE,Federal Contract Tower,72,17,4,0,93,0,0,0,0,0,72,17,4,0,93,188,0,188,281
01/01/2008,GUM,GU,AWP,WE,Federal Contract Tower,63,16,4,0,83,0,0,1,0,1,63,16,5,0,84,102,0,102,186
01/02/2008,GUM,GU,AWP,WE,Federal Contract Tower,59,14,1,0,74,0,2,4,6,12,59,16,5,6,86,152,0,152,238
01/03/2008,GUM,GU,AWP,WE,Federal Contract Tower,76,17,2,4,99,0,0,8,12,20,76,17,10,16,119,96,8,104,223
01/04/2008,GUM,GU,AWP,WE,Federal Contract Tower,63,20,5,0,88,0,2,0,0,2,63,22,5,0,90,94,0,94,184
01/05/2008,GUM,GU,AWP,WE,Federal Contract Tower,62,16,5,0,83,0,0,1,0,1,62,16,6,0,84,94,0,94,178
01/06/2008,GUM,GU,AWP,WE,Federal Contract Tower,70,16,5,0,91,0,0,2,2,4,70,16,7,2,95,70,0,70,165
01/07/2008,GUM,GU,AWP,WE,Federal Contract Tower,63,16,3,0,82,0,0,6,0,6,63,16,9,0,88,77,0,77,165
01/08/2008,GUM,GU,AWP,WE,Federal Contract Tower,58,16,0,0,74,0,0,0,0,0,58,16,0,0,74,38,0,38,112
01/09/2008,GUM,GU,AWP,WE,Federal Contract Tower,48,17,2,0,67,0,0,0,0,0,48,17,2,0,67,74,0,74,141
01/10/2008,GUM,GU,AWP,WE,Federal Contract Tower,59,15,0,2,76,0,2,4,4,10,59,17,4,6,86,62,0,62,148
01/11/2008,GUM,GU,AWP,WE,Federal Contract Tower,50,16,9,0,75,0,0,0,0,0,50,16,9,0,75,55,0,55,130
01/12/2008,GUM,GU,AWP,WE,Federal Contract Tower,56,14,1,0,71,0,2,3,6,11,56,16,4,6,82,26,0,26,108
01/13/2008,GUM,GU,AWP,WE,Federal Contract Tower,61,13,2,0,76,0,2,6,0,8,61,15,8,0,84,42,0,42,126
01/14/2008,GUM,GU,AWP,WE,Federal Contract Tower,62,15,5,1,83,0,1,1,0,2,62,16,6,1,85,44,0,44,129
01/15/2008,GUM,GU,AWP,WE,Federal Contract Tower,57,16,0,1,74,0,0,1,10,11,57,16,1,11,85,26,4,30,115
01/16/2008,GUM,GU,AWP,WE,Federal Contract Tower,49,18,6,0,73,0,0,0,34,34,49,18,6,34,107,48,0,48,155
01/17/2008,GUM,GU,AWP,WE,Federal Contract Tower,61,16,0,2,79,0,0,4,19,23,61,16,4,21,102,66,2,68,170
01/18/2008,GUM,GU,AWP,WE,Federal Contract Tower,57,17,3,0,77,0,0,4,0,4,57,17,7,0,81,60,0,60,141
01/19/2008,GUM,GU,AWP,WE,Federal Contract Tower,58,16,3,0,77,0,0,4,6,10,58,16,7,6,87,64,0,64,151
01/20/2008,GUM,GU,AWP,WE,Federal Contract Tower,61,16,0,0,77,0,0,3,0,3,61,16,3,0,80,58,0,58,138
01/21/2008,GUM,GU,AWP,WE,Federal Contract Tower,61,20,2,0,83,0,0,6,0,6,61,20,8,0,89,50,0,50,139
01/22/2008,GUM,GU,AWP,WE,Federal Contract Tower,55,16,0,0,71,0,0,6,18,24,55,16,6,18,95,92,0,92,187
01/23/2008,GUM,GU,AWP,WE,Federal Contract Tower,49,18,1,0,68,0,0,6,20,26,49,18,7,20,94,104,0,104,198
01/24/2008,GUM,GU,AWP,WE,Federal Contract Tower,61,16,0,1,78,0,0,11,15,26,61,16,11,16,104,74,8,82,186
01/25/2008,GUM,GU,AWP,WE,Federal Contract Tower,57,21,0,0,78,0,0,5,4,9,57,21,5,4,87,51,0,51,138
01/26/2008,GUM,GU,AWP,WE,Federal Contract Tower,52,16,2,0,70,0,0,0,0,0,52,16,2,0,70,54,0,54,124
01/27/2008,GUM,GU,AWP,WE,Federal Contract Tower,59,15,0,0,74,0,0,0,0,0,59,15,0,0,74,46,0,46,120
01/28/2008,GUM,GU,AWP,WE,Federal Contract Tower,60,18,2,0,80,0,0,0,42,42,60,18,2,42,122,96,0,96,218
01/29/2008,GUM,GU,AWP,WE,Federal Contract Tower,58,16,4,0,78,0,0,0,22,22,58,16,4,22,100,52,0,52,152
01/30/2008,GUM,GU,AWP,WE,Federal Contract Tower,46,18,2,4,70,0,0,0,42,42,46,18,2,46,112,62,0,62,174
01/31/2008,GUM,GU,AWP,WE,Federal Contract Tower,56,15,2,0,73,0,1,0,0,1,56,16,2,0,74,30,0,30,104
02/01/2008,GUM,GU,AWP,WE,Federal Contract Tower,52,18,0,0,70,0,0,2,0,2,52,18,2,0,72,35,0,35,107
02/02/2008,GUM,GU,AWP,WE,Federal Contract Tower,57,13,0,0,70,0,0,0,4,4,57,13,0,4,74,34,0,34,108
02/03/2008,GUM,GU,AWP,WE,Federal Contract Tower,63,16,0,0,79,0,0,0,0,0,63,16,0,0,79,52,0,52,131
02/04/2008,GUM,GU,AWP,WE,Federal Contract Tower,59,16,2,0,77,0,2,0,16,18,59,18,2,16,95,58,2,60,155
02/05/2008,GUM,GU,AWP,WE,Federal Contract Tower,57,16,2,0,75,0,0,0,4,4,57,16,2,4,79,42,0,42,121
02/06/2008,GUM,GU,AWP,WE,Federal Contract Tower,53,16,4,0,73,0,0,0,54,54,53,16,4,54,127,106,0,106,233
02/07/2008,GUM,GU,AWP,WE,Federal Contract Tower,63,16,5,0,84,0,1,8,9,18,63,17,13,9,102,53,4,57,159
02/08/2008,GUM,GU,AWP,WE,Federal Contract Tower,59,18,4,0,81,0,0,0,0,0,59,18,4,0,81,77,0,77,158
02/09/2008,GUM,GU,AWP,WE,Federal Contract Tower,52,16,0,0,68,0,0,0,0,0,52,16,0,0,68,117,0,117,185
02/10/2008,GUM,GU,AWP,WE,Federal Contract Tower,63,16,4,0,83,0,0,0,0,0,63,16,4,0,83,188,0,188,271
02/11/2008,GUM,GU,AWP,WE,Federal Contract Tower,63,16,1,0,80,0,2,12,12,26,63,18,13,12,106,114,0,114,220
02/12/2008,GUM,GU,AWP,WE,Federal Contract Tower,58,16,3,0,77,0,0,7,12,19,58,16,10,12,96,46,0,46,142
02/13/2008,GUM,GU,AWP,WE,Federal Contract Tower,50,16,4,0,70,0,1,0,15,16,50,17,4,15,86,112,0,112,198
02/14/2008,GUM,GU,AWP,WE,Federal Contract Tower,58,16,10,2,86,0,0,0,8,8,58,16,10,10,94,57,12,69,163
02/15/2008,GUM,GU,AWP,WE,Federal Contract Tower,57,19,3,0,79,0,0,5,0,5,57,19,8,0,84,76,0,76,160
02/16/2008,GUM,GU,AWP,WE,Federal Contract Tower,48,16,0,0,64,0,2,3,1,6,48,18,3,1,70,60,0,60,130
02/17/2008,GUM,GU,AWP,WE,Federal Contract Tower,63,16,4,0,83,0,0,0,0,0,63,16,4,0,83,70,0,70,153
02/18/2008,GUM,GU,AWP,WE,Federal Contract Tower,60,14,0,0,74,0,2,8,0,10,60,16,8,0,84,40,0,40,124
02/19/2008,GUM,GU,AWP,WE,Federal Contract Tower,59,16,4,0,79,0,0,6,2,8,59,16,10,2,87,55,8,63,150
02/20/2008,GUM,GU,AWP,WE,Federal Contract Tower,45,16,7,0,68,0,2,0,6,8,45,18,7,6,76,102,0,102,178
02/21/2008,GUM,GU,AWP,WE,Federal Contract Tower,54,16,6,0,76,0,0,4,4,8,54,16,10,4,84,30,0,30,114
02/22/2008,GUM,GU,AWP,WE,Federal Contract Tower,55,18,11,0,84,0,0,1,4,5,55,18,12,4,89,60,0,60,149
02/23/2008,GUM,GU,AWP,WE,Federal Contract Tower,52,16,10,4,82,0,0,1,0,1,52,16,11,4,83,54,0,54,137
02/24/2008,GUM,GU,AWP,WE,Federal Contract Tower,63,16,8,2,89,0,2,0,0,2,63,18,8,2,91,116,0,116,207
02/25/2008,GUM,GU,AWP,WE,Federal Contract Tower,58,16,0,3,77,0,0,0,8,8,58,16,0,11,85,48,0,48,133
02/26/2008,GUM,GU,AWP,WE,Federal Contract Tower,52,25,2,0,79,0,0,0,9,9,52,25,2,9,88,60,0,60,148
02/27/2008,GUM,GU,AWP,WE,Federal Contract Tower,47,19,3,0,69,0,0,0,8,8,47,19,3,8,77,82,0,82,159
02/28/2008,GUM,GU,AWP,WE,Federal Contract Tower,57,15,2,18,92,0,0,0,0,0,57,15,2,18,92,63,0,63,155
02/29/2008,GUM,GU,AWP,WE,Federal Contract Tower,58,18,0,0,76,0,0,0,0,0,58,18,0,0,76,72,0,72,148
03/01/2008,GUM,GU,AWP,WE,Federal Contract Tower,52,16,1,0,69,0,0,6,0,6,52,16,7,0,75,74,0,74,149
03/02/2008,GUM,GU,AWP,WE,Federal Contract Tower,66,16,2,0,84,0,0,0,0,0,66,16,2,0,84,102,0,102,186
03/03/2008,GUM,GU,AWP,WE,Federal Contract Tower,55,20,0,1,76,0,0,0,8,8,55,20,0,9,84,76,6,82,166
03/04/2008,GUM,GU,AWP,WE,Federal Contract Tower,48,16,0,2,66,0,0,2,0,2,48,16,2,2,68,84,16,100,168
03/05/2008,GUM,GU,AWP,WE,Federal Contract Tower,47,16,0,0,63,0,1,5,7,13,47,17,5,7,76,51,2,53,129
03/06/2008,GUM,GU,AWP,WE,Federal Contract Tower,48,16,0,0,64,0,0,4,0,4,48,16,4,0,68,38,0,38,106
03/07/2008,GUM,GU,AWP,WE,Federal Contract Tower,53,20,0,0,73,0,0,4,6,10,53,20,4,6,83,76,0,76,159
03/08/2008,GUM,GU,AWP,WE,Federal Contract Tower,48,16,0,0,64,0,3,2,0,5,48,19,2,0,69,68,0,68,137
03/09/2008,GUM,GU,AWP,WE,Federal Contract Tower,57,16,0,0,73,0,0,5,0,5,57,16,5,0,78,84,0,84,162
03/10/2008,GUM,GU,AWP,WE,Federal Contract Tower,54,16,1,0,71,0,2,0,12,14,54,18,1,12,85,56,8,64,149
03/11/2008,GUM,GU,AWP,WE,Federal Contract Tower,48,16,0,0,64,0,0,0,12,12,48,16,0,12,76,40,2,42,118
03/12/2008,GUM,GU,AWP,WE,Federal Contract Tower,47,16,0,2,65,0,2,0,22,24,47,18,0,24,89,87,0,87,176
03/13/2008,GUM,GU,AWP,WE,Federal Contract Tower,52,16,2,0,70,0,3,9,4,16,52,19,11,4,86,36,0,36,122
03/14/2008,GUM,GU,AWP,WE,Federal Contract Tower,55,18,3,2,78,0,1,3,2,6,55,19,6,4,84,111,0,111,195
03/15/2008,GUM,GU,AWP,WE,Federal Contract Tower,50,16,2,0,68,0,0,0,4,4,50,16,2,4,72,72,0,72,144
03/16/2008,GUM,GU,AWP,WE,Federal Contract Tower,60,16,0,0,76,0,0,7,0,7,60,16,7,0,83,99,0,99,182
03/17/2008,GUM,GU,AWP,WE,Federal Contract Tower,55,16,4,0,75,0,2,2,12,16,55,18,6,12,91,92,0,92,183
03/18/2008,GUM,GU,AWP,WE,Federal Contract Tower,50,16,1,0,67,0,0,0,6,6,50,16,1,6,73,60,8,68,141
03/19/2008,GUM,GU,AWP,WE,Federal Contract Tower,45,16,1,0,62,0,2,0,0,2,45,18,1,0,64,62,0,62,126
03/20/2008,GUM,GU,AWP,WE,Federal Contract Tower,52,16,0,0,68,0,0,8,6,14,52,16,8,6,82,86,24,110,192
03/21/2008,GUM,GU,AWP,WE,Federal Contract Tower,55,18,2,0,75,0,0,0,0,0,55,18,2,0,75,77,0,77,152
03/22/2008,GUM,GU,AWP,WE,Federal Contract Tower,50,16,2,0,68,0,2,0,0,2,50,18,2,0,70,108,0,108,178
03/23/2008,GUM,GU,AWP,WE,Federal Contract Tower,63,16,3,0,82,0,2,0,0,2,63,18,3,0,84,64,0,64,148
03/24/2008,GUM,GU,AWP,WE,Federal Contract Tower,56,16,0,0,72,0,1,1,48,50,56,17,1,48,122,36,0,36,158
03/25/2008,GUM,GU,AWP,WE,Federal Contract Tower,49,16,5,0,70,0,0,0,12,12,49,16,5,12,82,60,0,60,142
03/26/2008,GUM,GU,AWP,WE,Federal Contract Tower,46,14,0,3,63,0,3,5,12,20,46,17,5,15,83,45,2,47,130
03/27/2008,GUM,GU,AWP,WE,Federal Contract Tower,56,24,0,0,80,0,0,0,9,9,56,24,0,9,89,30,2,32,121
03/28/2008,GUM,GU,AWP,WE,Federal Contract Tower,57,18,9,0,84,0,1,9,0,10,57,19,18,0,94,50,0,50,144
03/29/2008,GUM,GU,AWP,WE,Federal Contract Tower,44,16,1,0,61,0,0,2,0,2,44,16,3,0,63,62,0,62,125
03/30/2008,GUM,GU,AWP,WE,Federal Contract Tower,56,16,4,0,76,0,0,0,0,0,56,16,4,0,76,112,0,112,188
03/31/2008,GUM,GU,AWP,WE,Federal Contract Tower,56,19,1,0,76,0,0,0,12,12,56,19,1,12,88,86,0,86,174
04/01/2008,GUM,GU,AWP,WE,Federal Contract Tower,50,12,0,0,62,0,2,9,18,29,50,14,9,18,91,56,6,62,153
04/02/2008,GUM,GU,AWP,WE,Federal Contract Tower,46,17,0,0,63,0,3,6,22,31,46,20,6,22,94,67,0,67,161
04/03/2008,GUM,GU,AWP,WE,Federal Contract Tower,52,16,2,0,70,0,0,8,6,14,52,16,10,6,84,27,0,27,111
04/04/2008,GUM,GU,AWP,WE,Federal Contract Tower,48,18,2,2,70,0,0,0,11,11,48,18,2,13,81,48,0,48,129
04/05/2008,GUM,GU,AWP,WE,Federal Contract Tower,44,16,0,2,62,0,0,5,6,11,44,16,5,8,73,36,2,38,111
04/06/2008,GUM,GU,AWP,WE,Federal Contract Tower,52,16,1,0,69,0,0,2,16,18,52,16,3,16,87,50,0,50,137
04/07/2008,GUM,GU,AWP,WE,Federal Contract Tower,57,16,1,7,81,0,2,0,20,22,57,18,1,27,103,60,0,60,163
04/08/2008,GUM,GU,AWP,WE,Federal Contract Tower,51,16,1,1,69,0,0,0,1,1,51,16,1,2,70,62,0,62,132
04/09/2008,GUM,GU,AWP,WE,Federal Contract Tower,43,16,0,4,63,0,1,2,8,11,43,17,2,12,74,39,0,39,113
04/10/2008,GUM,GU,AWP,WE,Federal Contract Tower,50,15,0,4,69,0,2,9,4,15,50,17,9,8,84,42,0,42,126
04/11/2008,GUM,GU,AWP,WE,Federal Contract Tower,51,18,0,0,69,0,0,0,0,0,51,18,0,0,69,33,0,33,102
04/12/2008,GUM,GU,AWP,WE,Federal Contract Tower,46,16,11,0,73,0,0,0,9,9,46,16,11,9,82,78,0,78,160
04/13/2008,GUM,GU,AWP,WE,Federal Contract Tower,58,16,1,0,75,0,0,0,10,10,58,16,1,10,85,66,0,66,151
04/14/2008,GUM,GU,AWP,WE,Federal Contract Tower,53,16,6,0,75,0,1,0,8,9,53,17,6,8,84,46,0,46,130
04/15/2008,GUM,GU,AWP,WE,Federal Contract Tower,47,16,0,8,71,0,0,0,6,6,47,16,0,14,77,108,16,124,201
04/16/2008,GUM,GU,AWP,WE,Federal Contract Tower,43,16,0,0,59,0,1,5,10,16,43,17,5,10,75,70,0,70,145
04/17/2008,GUM,GU,AWP,WE,Federal Contract Tower,50,16,0,0,66,0,0,5,15,20,50,16,5,15,86,22,0,22,108
04/18/2008,GUM,GU,AWP,WE,Federal Contract Tower,54,19,1,0,74,0,0,0,0,0,54,19,1,0,74,52,0,52,126
04/19/2008,GUM,GU,AWP,WE,Federal Contract Tower,45,16,4,0,65,0,0,0,2,2,45,16,4,2,67,68,0,68,135
04/20/2008,GUM,GU,AWP,WE,Federal Contract Tower,53,16,1,0,70,0,0,2,0,2,53,16,3,0,72,78,0,78,150
04/21/2008,GUM,GU,AWP,WE,Federal Contract Tower,55,16,1,2,74,0,0,0,16,16,55,16,1,18,90,74,0,74,164
04/22/2008,GUM,GU,AWP,WE,Federal Contract Tower,51,16,2,0,69,0,0,6,14,20,51,16,8,14,89,66,0,66,155
04/23/2008,GUM,GU,AWP,WE,Federal Contract Tower,44,16,3,0,63,0,0,3,4,7,44,16,6,4,70,40,0,40,110
04/24/2008,GUM,GU,AWP,WE,Federal Contract Tower,49,16,1,2,68,0,1,14,8,23,49,17,15,10,91,10,0,10,101
04/25/2008,GUM,GU,AWP,WE,Federal Contract Tower,54,20,2,0,76,0,0,6,0,6,54,20,8,0,82,42,0,42,124
04/26/2008,GUM,GU,AWP,WE,Federal Contract Tower,50,16,1,0,67,0,0,1,22,23,50,16,2,22,90,68,0,68,158
04/27/2008,GUM,GU,AWP,WE,Federal Contract Tower,50,18,1,0,69,0,0,6,17,23,50,18,7,17,92,64,0,64,156
04/28/2008,GUM,GU,AWP,WE,Federal Contract Tower,53,16,0,0,69,0,2,8,6,16,53,18,8,6,85,148,0,148,233
04/29/2008,GUM,GU,AWP,WE,Federal Contract Tower,52,16,0,2,70,0,0,10,4,14,52,16,10,6,84,100,2,102,186
04/30/2008,GUM,GU,AWP,WE,Federal Contract Tower,52,16,0,2,70,0,1,9,12,22,52,17,9,14,92,154,8,162,254
05/01/2008,GUM,GU,AWP,WE,Federal Contract Tower,53,16,2,0,71,0,0,5,8,13,53,16,7,8,84,130,0,130,214
05/02/2008,GUM,GU,AWP,WE,Federal Contract Tower,62,17,0,0,79,0,0,4,1,5,62,17,4,1,84,132,0,132,216
05/03/2008,GUM,GU,AWP,WE,Federal Contract Tower,64,17,1,0,82,0,0,1,0,1,64,17,2,0,83,94,0,94,177
05/04/2008,GUM,GU,AWP,WE,Federal Contract Tower,55,16,5,0,76,0,0,3,4,7,55,16,8,4,83,164,0,164,247
05/05/2008,GUM,GU,AWP,WE,Federal Contract Tower,63,16,5,2,86,0,0,0,15,15,63,16,5,17,101,74,4,78,179
05/06/2008,GUM,GU,AWP,WE,Federal Contract Tower,66,16,13,0,95,0,0,7,20,27,66,16,20,20,122,50,0,50,172
05/07/2008,GUM,GU,AWP,WE,Federal Contract Tower,50,16,6,1,73,0,0,2,31,33,50,16,8,32,106,42,4,46,152
05/08/2008,GUM,GU,AWP,WE,Federal Contract Tower,53,16,5,0,74,0,0,0,6,6,53,16,5,6,80,48,0,48,128
05/09/2008,GUM,GU,AWP,WE,Federal Contract Tower,52,18,3,0,73,0,0,0,2,2,52,18,3,2,75,71,0,71,146
05/10/2008,GUM,GU,AWP,WE,Federal Contract Tower,49,16,0,0,65,0,0,5,0,5,49,16,5,0,70,114,0,114,184
05/11/2008,GUM,GU,AWP,WE,Federal Contract Tower,53,16,2,0,71,0,0,0,0,0,53,16,2,0,71,114,0,114,185
05/12/2008,GUM,GU,AWP,WE,Federal Contract Tower,56,16,10,0,82,0,0,0,15,15,56,16,10,15,97,80,0,80,177
05/13/2008,GUM,GU,AWP,WE,Federal Contract Tower,48,16,1,2,67,0,0,7,8,15,48,16,8,10,82,62,36,98,180
05/14/2008,GUM,GU,AWP,WE,Federal Contract Tower,46,16,1,0,63,0,1,3,24,28,46,17,4,24,91,86,3,89,180
05/15/2008,GUM,GU,AWP,WE,Federal Contract Tower,53,16,0,0,69,0,0,8,2,10,53,16,8,2,79,62,0,62,141
05/16/2008,GUM,GU,AWP,WE,Federal Contract Tower,52,18,0,0,70,0,0,0,0,0,52,18,0,0,70,90,0,90,160
05/17/2008,GUM,GU,AWP,WE,Federal Contract Tower,50,16,0,0,66,0,0,0,0,0,50,16,0,0,66,107,0,107,173
05/18/2008,GUM,GU,AWP,WE,Federal Contract Tower,55,12,0,0,67,0,0,0,0,0,55,12,0,0,67,56,0,56,123
05/19/2008,GUM,GU,AWP,WE,Federal Contract Tower,62,16,1,0,79,0,2,1,5,8,62,18,2,5,87,34,0,34,121
05/20/2008,GUM,GU,AWP,WE,Federal Contract Tower,50,16,0,0,66,0,0,7,18,25,50,16,7,18,91,74,0,74,165
05/21/2008,GUM,GU,AWP,WE,Federal Contract Tower,44,16,0,0,60,0,2,1,28,31,44,18,1,28,91,102,30,132,223
05/22/2008,GUM,GU,AWP,WE,Federal Contract Tower,58,16,0,0,74,0,0,8,0,8,58,16,8,0,82,64,0,64,146
05/23/2008,GUM,GU,AWP,WE,Federal Contract Tower,52,18,1,0,71,0,0,1,0,1,52,18,2,0,72,84,0,84,156
05/24/2008,GUM,GU,AWP,WE,Federal Contract Tower,53,16,0,0,69,0,0,1,4,5,53,16,1,4,74,80,0,80,154
05/25/2008,GUM,GU,AWP,WE,Federal Contract Tower,59,16,0,0,75,0,0,2,0,2,59,16,2,0,77,58,0,58,135
05/26/2008,GUM,GU,AWP,WE,Federal Contract Tower,59,16,0,0,75,0,0,1,0,1,59,16,1,0,76,24,0,24,100
05/27/2008,GUM,GU,AWP,WE,Federal Contract Tower,44,16,9,2,71,0,0,2,0,2,44,16,11,2,73,58,4,62,135
05/28/2008,GUM,GU,AWP,WE,Federal Contract Tower,46,16,3,0,65,0,0,6,16,22,46,16,9,16,87,18,0,18,105
05/29/2008,GUM,GU,AWP,WE,Federal Contract Tower,55,19,0,0,74,0,0,2,2,4,55,19,2,2,78,52,0,52,130
05/30/2008,GUM,GU,AWP,WE,Federal Contract Tower,54,28,0,0,82,0,0,6,10,16,54,28,6,10,98,54,0,54,152
05/31/2008,GUM,GU,AWP,WE,Federal Contract Tower,52,27,2,0,81,0,0,1,0,1,52,27,3,0,82,118,0,118,200
06/01/2008,GUM,GU,AWP,WE,Federal Contract Tower,58,16,0,0,74,0,0,0,4,4,58,16,0,4,78,94,0,94,172
06/02/2008,GUM,GU,AWP,WE,Federal Contract Tower,59,16,6,0,81,0,0,0,6,6,59,16,6,6,87,42,0,42,129
06/03/2008,GUM,GU,AWP,WE,Federal Contract Tower,51,16,2,5,74,0,0,2,15,17,51,16,4,20,91,26,7,33,124
06/04/2008,GUM,GU,AWP,WE,Federal Contract Tower,44,16,0,4,64,0,4,0,18,22,44,20,0,22,86,54,6,60,146
06/05/2008,GUM,GU,AWP,WE,Federal Contract Tower,52,21,2,0,75,0,0,2,12,14,52,21,4,12,89,84,0,84,173
06/06/2008,GUM,GU,AWP,WE,Federal Contract Tower,47,20,0,0,67,0,0,0,1,1,47,20,0,1,68,106,0,106,174
06/07/2008,GUM,GU,AWP,WE,Federal Contract Tower,50,16,0,0,66,0,0,0,0,0,50,16,0,0,66,154,0,154,220
06/08/2008,GUM,GU,AWP,WE,Federal Contract Tower,56,16,0,0,72,0,0,0,0,0,56,16,0,0,72,120,0,120,192
06/09/2008,GUM,GU,AWP,WE,Federal Contract Tower,63,16,2,11,92,0,4,6,13,23,63,20,8,24,115,98,0,98,213
06/10/2008,GUM,GU,AWP,WE,Federal Contract Tower,52,16,0,9,77,0,1,17,41,59,52,17,17,50,136,82,8,90,226
06/11/2008,GUM,GU,AWP,WE,Federal Contract Tower,47,16,0,0,63,0,2,8,22,32,47,18,8,22,95,124,0,124,219
06/12/2008,GUM,GU,AWP,WE,Federal Contract Tower,53,16,3,1,73,0,4,3,14,21,53,20,6,15,94,87,0,87,181
06/13/2008,GUM,GU,AWP,WE,Federal Contract Tower,53,18,0,4,75,0,0,2,0,2,53,18,2,4,77,52,0,52,129
06/14/2008,GUM,GU,AWP,WE,Federal Contract Tower,51,18,5,0,74,0,0,0,0,0,51,18,5,0,74,128,0,128,202
06/15/2008,GUM,GU,AWP,WE,Federal Contract Tower,57,16,4,0,77,0,0,0,0,0,57,16,4,0,77,100,0,100,177
06/16/2008,GUM,GU,AWP,WE,Federal Contract Tower,59,16,2,0,77,0,3,3,26,32,59,19,5,26,109,76,0,76,185
06/17/2008,GUM,GU,AWP,WE,Federal Contract Tower,51,18,1,0,70,0,0,8,16,24,51,18,9,16,94,126,0,126,220
06/18/2008,GUM,GU,AWP,WE,Federal Contract Tower,49,19,0,0,68,0,1,23,14,38,49,20,23,14,106,116,0,116,222
06/19/2008,GUM,GU,AWP,WE,Federal Contract Tower,55,16,0,3,74,0,2,2,9,13,55,18,2,12,87,62,3,65,152
06/20/2008,GUM,GU,AWP,WE,Federal Contract Tower,54,17,0,0,71,0,0,0,0,0,54,17,0,0,71,98,0,98,169
06/21/2008,GUM,GU,AWP,WE,Federal Contract Tower,48,17,0,0,65,0,1,1,4,6,48,18,1,4,71,114,0,114,185
06/22/2008,GUM,GU,AWP,WE,Federal Contract Tower,59,16,0,0,75,0,0,4,4,8,59,16,4,4,83,112,0,112,195
06/23/2008,GUM,GU,AWP,WE,Federal Contract Tower,65,17,0,0,82,0,3,0,8,11,65,20,0,8,93,102,0,102,195
06/24/2008,GUM,GU,AWP,WE,Federal Contract Tower,52,16,5,0,73,0,0,2,18,20,52,16,7,18,93,62,0,62,155
06/25/2008,GUM,GU,AWP,WE,Federal Contract Tower,49,16,4,0,69,0,4,2,18,24,49,20,6,18,93,128,0,128,221
06/26/2008,GUM,GU,AWP,WE,Federal Contract Tower,50,18,0,0,68,0,0,0,12,12,50,18,0,12,80,102,0,102,182
06/27/2008,GUM,GU,AWP,WE,Federal Contract Tower,52,19,2,2,75,0,0,0,2,2,52,19,2,4,77,68,0,68,145
06/28/2008,GUM,GU,AWP,WE,Federal Contract Tower,54,16,16,0,86,0,0,0,0,0,54,16,16,0,86,170,0,170,256
06/29/2008,GUM,GU,AWP,WE,Federal Contract Tower,55,16,0,0,71,0,0,4,0,4,55,16,4,0,75,178,0,178,253
06/30/2008,GUM,GU,AWP,WE,Federal Contract Tower,61,16,5,0,82,0,2,7,8,17,61,18,12,8,99,114,0,114,213
07/01/2008,GUM,GU,AWP,WE,Federal Contract Tower,53,16,0,0,69,0,0,15,2,17,53,16,15,2,86,81,0,81,167
07/02/2008,GUM,GU,AWP,WE,Federal Contract Tower,49,17,0,0,66,0,2,28,0,30,49,19,28,0,96,74,0,74,170
07/03/2008,GUM,GU,AWP,WE,Federal Contract Tower,49,19,2,0,70,0,0,10,0,10,49,19,12,0,80,122,0,122,202
07/04/2008,GUM,GU,AWP,WE,Federal Contract Tower,54,18,5,0,77,0,1,10,0,11,54,19,15,0,88,108,0,108,196
07/05/2008,GUM,GU,AWP,WE,Federal Contract Tower,49,18,6,0,73,0,0,58,0,58,49,18,64,0,131,50,0,50,181
07/06/2008,GUM,GU,AWP,WE,Federal Contract Tower,57,16,0,0,73,0,0,30,0,30,57,16,30,0,103,66,0,66,169
07/07/2008,GUM,GU,AWP,WE,Federal Contract Tower,59,20,0,0,79,0,0,18,0,18,59,20,18,0,97,58,0,58,155
07/08/2008,GUM,GU,AWP,WE,Federal Contract Tower,51,16,0,0,67,0,0,0,0,0,51,16,0,0,67,32,0,32,99
07/09/2008,GUM,GU,AWP,WE,Federal Contract Tower,53,18,0,0,71,0,0,20,6,26,53,18,20,6,97,98,12,110,207
07/10/2008,GUM,GU,AWP,WE,Federal Contract Tower,50,18,3,3,74,0,3,18,1,22,50,21,21,4,96,94,0,94,190
07/11/2008,GUM,GU,AWP,WE,Federal Contract Tower,52,17,8,0,77,0,1,20,4,25,52,18,28,4,102,58,0,58,160
07/12/2008,GUM,GU,AWP,WE,Federal Contract Tower,49,16,3,0,68,0,0,3,0,3,49,16,6,0,71,80,0,80,151
07/13/2008,GUM,GU,AWP,WE,Federal Contract Tower,58,16,1,0,75,0,0,24,0,24,58,16,25,0,99,82,0,82,181
07/14/2008,GUM,GU,AWP,WE,Federal Contract Tower,56,16,12,4,88,0,2,36,0,38,56,18,48,4,126,66,0,66,192
07/15/2008,GUM,GU,AWP,WE,Federal Contract Tower,54,16,15,0,85,0,0,23,0,23,54,16,38,0,108,108,0,108,216
07/16/2008,GUM,GU,AWP,WE,Federal Contract Tower,45,18,0,4,67,0,0,59,2,61,45,18,59,6,128,52,0,52,180
07/17/2008,GUM,GU,AWP,WE,Federal Contract Tower,51,16,7,0,74,0,0,29,0,29,51,16,36,0,103,99,0,99,202
07/18/2008,GUM,GU,AWP,WE,Federal Contract Tower,58,18,10,2,88,0,0,16,2,18,58,18,26,4,106,102,0,102,208
07/19/2008,GUM,GU,AWP,WE,Federal Contract Tower,59,16,3,0,78,0,0,38,0,38,59,16,41,0,116,116,0,116,232
07/20/2008,GUM,GU,AWP,WE,Federal Contract Tower,54,16,8,2,80,0,0,48,4,52,54,16,56,6,132,158,0,158,290
07/21/2008,GUM,GU,AWP,WE,Federal Contract Tower,68,16,2,0,86,0,3,26,0,29,68,19,28,0,115,20,0,20,135
07/22/2008,GUM,GU,AWP,WE,Federal Contract Tower,57,16,0,0,73,0,2,20,0,22,57,18,20,0,95,34,0,34,129
07/23/2008,GUM,GU,AWP,WE,Federal Contract Tower,53,19,3,0,75,0,0,18,0,18,53,19,21,0,93,30,0,30,123
07/24/2008,GUM,GU,AWP,WE,Federal Contract Tower,56,16,3,0,75,0,0,16,0,16,56,16,19,0,91,72,0,72,163
07/25/2008,GUM,GU,AWP,WE,Federal Contract Tower,57,18,2,0,77,0,0,20,0,20,57,18,22,0,97,28,0,28,125
07/26/2008,GUM,GU,AWP,WE,Federal Contract Tower,58,16,2,0,76,0,0,35,0,35,58,16,37,0,111,28,0,28,139
07/27/2008,GUM,GU,AWP,WE,Federal Contract Tower,60,16,7,0,83,0,0,28,0,28,60,16,35,0,111,32,0,32,143
07/28/2008,GUM,GU,AWP,WE,Federal Contract Tower,65,19,5,8,97,0,1,27,0,28,65,20,32,8,125,18,0,18,143
07/29/2008,GUM,GU,AWP,WE,Federal Contract Tower,52,16,20,0,88,0,0,12,0,12,52,16,32,0,100,22,0,22,122
07/30/2008,GUM,GU,AWP,WE,Federal Contract Tower,53,19,29,2,103,0,0,23,0,23,53,19,52,2,126,44,0,44,170
07/31/2008,GUM,GU,AWP,WE,Federal Contract Tower,52,16,0,0,68,0,0,26,0,26,52,16,26,0,94,40,0,40,134
08/01/2008,GUM,GU,AWP,WE,Federal Contract Tower,57,18,0,0,75,0,0,23,0,23,57,18,23,0,98,48,0,48,146
08/02/2008,GUM,GU,AWP,WE,Federal Contract Tower,53,18,0,0,71,0,0,18,0,18,53,18,18,0,89,126,0,126,215
08/03/2008,GUM,GU,AWP,WE,Federal Contract Tower,60,16,2,0,78,0,0,26,0,26,60,16,28,0,104,88,0,88,192
08/04/2008,GUM,GU,AWP,WE,Federal Contract Tower,60,18,1,0,79,0,0,18,0,18,60,18,19,0,97,24,0,24,121
08/05/2008,GUM,GU,AWP,WE,Federal Contract Tower,52,17,0,2,71,0,0,17,0,17,52,17,17,2,88,66,0,66,154
08/06/2008,GUM,GU,AWP,WE,Federal Contract Tower,56,17,4,4,81,0,1,32,0,33,56,18,36,4,114,46,0,46,160
08/07/2008,GUM,GU,AWP,WE,Federal Contract Tower,59,19,1,2,81,0,1,22,0,23,59,20,23,2,104,26,0,26,130
08/08/2008,GUM,GU,AWP,WE,Federal Contract Tower,53,18,2,0,73,0,0,34,0,34,53,18,36,0,107,50,0,50,157
08/09/2008,GUM,GU,AWP,WE,Federal Contract Tower,51,16,0,0,67,0,0,32,0,32,51,16,32,0,99,80,0,80,179
08/10/2008,GUM,GU,AWP,WE,Federal Contract Tower,58,16,0,0,74,0,0,36,0,36,58,16,36,0,110,155,0,155,265
08/11/2008,GUM,GU,AWP,WE,Federal Contract Tower,66,21,10,0,97,0,1,31,0,32,66,22,41,0,129,185,8,193,322
08/12/2008,GUM,GU,AWP,WE,Federal Contract Tower,54,18,3,0,75,0,0,53,0,53,54,18,56,0,128,134,0,134,262
08/13/2008,GUM,GU,AWP,WE,Federal Contract Tower,59,19,3,2,83,0,1,45,2,48,59,20,48,4,131,182,0,182,313
08/14/2008,GUM,GU,AWP,WE,Federal Contract Tower,68,18,2,0,88,0,0,43,0,43,68,18,45,0,131,128,0,128,259
08/15/2008,GUM,GU,AWP,WE,Federal Contract Tower,55,18,2,0,75,0,0,51,0,51,55,18,53,0,126,138,0,138,264
08/16/2008,GUM,GU,AWP,WE,Federal Contract Tower,57,16,7,0,80,0,0,40,0,40,57,16,47,0,120,112,0,112,232
08/17/2008,GUM,GU,AWP,WE,Federal Contract Tower,67,16,1,0,84,0,0,28,0,28,67,16,29,0,112,154,0,154,266
08/18/2008,GUM,GU,AWP,WE,Federal Contract Tower,63,18,3,4,88,0,0,29,1,30,63,18,32,5,118,96,0,96,214
08/19/2008,GUM,GU,AWP,WE,Federal Contract Tower,53,16,6,2,77,0,0,45,1,46,53,16,51,3,123,96,0,96,219
08/20/2008,GUM,GU,AWP,WE,Federal Contract Tower,46,16,8,0,70,0,3,26,0,29,46,19,34,0,99,92,0,92,191
08/21/2008,GUM,GU,AWP,WE,Federal Contract Tower,60,19,11,0,90,0,1,26,0,27,60,20,37,0,117,41,0,41,158
08/22/2008,GUM,GU,AWP,WE,Federal Contract Tower,55,18,15,0,88,0,0,11,0,11,55,18,26,0,99,28,0,28,127
08/23/2008,GUM,GU,AWP,WE,Federal Contract Tower,51,16,4,0,71,0,0,42,0,42,51,16,46,0,113,20,0,20,133
08/24/2008,GUM,GU,AWP,WE,Federal Contract Tower,64,16,0,0,80,0,0,16,0,16,64,16,16,0,96,34,0,34,130
08/25/2008,GUM,GU,AWP,WE,Federal Contract Tower,61,16,0,2,79,0,2,28,0,30,61,18,28,2,109,16,0,16,125
08/26/2008,GUM,GU,AWP,WE,Federal Contract Tower,53,16,12,2,83,0,0,22,0,22,53,16,34,2,105,48,0,48,153
08/27/2008,GUM,GU,AWP,WE,Federal Contract Tower,53,16,6,0,75,0,2,66,0,68,53,18,72,0,143,50,0,50,193
08/28/2008,GUM,GU,AWP,WE,Federal Contract Tower,55,17,2,8,82,0,0,24,0,24,55,17,26,8,106,53,0,53,159
08/29/2008,GUM,GU,AWP,WE,Federal Contract Tower,53,18,9,0,80,0,0,29,0,29,53,18,38,0,109,108,0,108,217
08/30/2008,GUM,GU,AWP,WE,Federal Contract Tower,48,16,8,0,72,0,0,49,0,49,48,16,57,0,121,135,0,135,256
08/31/2008,GUM,GU,AWP,WE,Federal Contract Tower,56,16,0,0,72,0,0,24,0,24,56,16,24,0,96,97,0,97,193
09/01/2008,GUM,GU,AWP,WE,Federal Contract Tower,59,15,0,0,74,0,3,18,0,21,59,18,18,0,95,44,0,44,139
09/02/2008,GUM,GU,AWP,WE,Federal Contract Tower,47,18,12,4,81,0,0,31,3,34,47,18,43,7,115,40,0,40,155
09/03/2008,GUM,GU,AWP,WE,Federal Contract Tower,44,18,12,0,74,0,0,26,0,26,44,18,38,0,100,14,0,14,114
09/04/2008,GUM,GU,AWP,WE,Federal Contract Tower,47,18,10,2,77,0,0,0,20,20,47,18,10,22,97,15,0,15,112
09/05/2008,GUM,GU,AWP,WE,Federal Contract Tower,49,18,2,0,69,0,0,20,0,20,49,18,22,0,89,4,0,4,93
09/06/2008,GUM,GU,AWP,WE,Federal Contract Tower,41,18,8,0,67,0,0,28,0,28,41,18,36,0,95,78,0,78,173
09/07/2008,GUM,GU,AWP,WE,Federal Contract Tower,52,16,6,0,74,0,0,22,0,22,52,16,28,0,96,26,0,26,122
09/08/2008,GUM,GU,AWP,WE,Federal Contract Tower,53,18,2,0,73,0,0,18,0,18,53,18,20,0,91,32,0,32,123
09/09/2008,GUM,GU,AWP,WE,Federal Contract Tower,45,16,9,0,70,0,0,40,2,42,45,16,49,2,112,84,0,84,196
09/10/2008,GUM,GU,AWP,WE,Federal Contract Tower,43,18,8,0,69,0,2,32,0,34,43,20,40,0,103,120,0,120,223
09/11/2008,GUM,GU,AWP,WE,Federal Contract Tower,49,16,0,0,65,0,0,31,0,31,49,16,31,0,96,136,0,136,232
09/12/2008,GUM,GU,AWP,WE,Federal Contract Tower,49,19,1,1,70,0,0,33,0,33,49,19,34,1,103,107,12,119,222
09/13/2008,GUM,GU,AWP,WE,Federal Contract Tower,46,16,3,1,66,0,0,28,0,28,46,16,31,1,94,102,0,102,196
09/14/2008,GUM,GU,AWP,WE,Federal Contract Tower,45,16,2,0,63,0,0,28,0,28,45,16,30,0,91,134,0,134,225
09/15/2008,GUM,GU,AWP,WE,Federal Contract Tower,58,20,0,0,78,0,0,24,0,24,58,20,24,0,102,112,0,112,214
09/16/2008,GUM,GU,AWP,WE,Federal Contract Tower,46,16,1,0,63,0,0,16,0,16,46,16,17,0,79,80,0,80,159
09/17/2008,GUM,GU,AWP,WE,Federal Contract Tower,46,18,6,0,70,0,0,30,0,30,46,18,36,0,100,36,0,36,136
09/18/2008,GUM,GU,AWP,WE,Federal Contract Tower,49,17,7,4,77,1,0,0,19,20,50,17,7,23,97,29,0,29,126
09/19/2008,GUM,GU,AWP,WE,Federal Contract Tower,53,18,8,2,81,0,0,13,3,16,53,18,21,5,97,29,0,29,126
09/20/2008,GUM,GU,AWP,WE,Federal Contract Tower,45,18,11,0,74,0,0,20,0,20,45,18,31,0,94,58,0,58,152
09/21/2008,GUM,GU,AWP,WE,Federal Contract Tower,51,16,10,0,77,0,0,14,0,14,51,16,24,0,91,116,0,116,207
09/22/2008,GUM,GU,AWP,WE,Federal Contract Tower,56,18,11,0,85,0,0,24,0,24,56,18,35,0,109,112,0,112,221
09/23/2008,GUM,GU,AWP,WE,Federal Contract Tower,50,16,2,2,70,0,2,26,0,28,50,18,28,2,98,76,0,76,174
09/24/2008,GUM,GU,AWP,WE,Federal Contract Tower,45,18,3,0,66,0,0,24,0,24,45,18,27,0,90,58,0,58,148
09/25/2008,GUM,GU,AWP,WE,Federal Contract Tower,49,12,2,0,63,0,3,17,4,24,49,15,19,4,87,33,0,33,120
09/26/2008,GUM,GU,AWP,WE,Federal Contract Tower,50,18,0,0,68,0,0,22,0,22,50,18,22,0,90,31,0,31,121
09/27/2008,GUM,GU,AWP,WE,Federal Contract Tower,43,16,4,0,63,0,0,26,0,26,43,16,30,0,89,50,0,50,139
09/28/2008,GUM,GU,AWP,WE,Federal Contract Tower,49,16,1,0,66,0,0,6,0,6,49,16,7,0,72,60,0,60,132
09/29/2008,GUM,GU,AWP,WE,Federal Contract Tower,58,18,0,0,76,0,0,24,0,24,58,18,24,0,100,26,0,26,126
09/30/2008,GUM,GU,AWP,WE,Federal Contract Tower,45,16,5,0,66,0,0,27,0,27,45,16,32,0,93,18,0,18,111
10/01/2008,GUM,GU,AWP,WE,Federal Contract Tower,44,16,3,0,63,0,1,30,0,31,44,17,33,0,94,44,0,44,138
10/02/2008,GUM,GU,AWP,WE,Federal Contract Tower,44,18,13,0,75,0,0,27,0,27,44,18,40,0,102,65,0,65,167
10/03/2008,GUM,GU,AWP,WE,Federal Contract Tower,49,18,5,0,72,0,0,12,0,12,49,18,17,0,84,49,0,49,133
10/04/2008,GUM,GU,AWP,WE,Federal Contract Tower,46,16,1,0,63,0,0,27,0,27,46,16,28,0,90,74,0,74,164
10/05/2008,GUM,GU,AWP,WE,Federal Contract Tower,51,16,8,0,75,0,0,20,0,20,51,16,28,0,95,46,0,46,141
10/06/2008,GUM,GU,AWP,WE,Federal Contract Tower,48,17,0,0,65,0,0,28,0,28,48,17,28,0,93,50,0,50,143
10/07/2008,GUM,GU,AWP,WE,Federal Contract Tower,43,16,1,0,60,0,0,32,0,32,43,16,33,0,92,54,0,54,146
10/08/2008,GUM,GU,AWP,WE,Federal Contract Tower,44,19,1,2,66,0,0,14,0,14,44,19,15,2,80,86,0,86,166
10/09/2008,GUM,GU,AWP,WE,Federal Contract Tower,46,17,1,0,64,0,1,27,0,28,46,18,28,0,92,52,2,54,146
10/10/2008,GUM,GU,AWP,WE,Federal Contract Tower,48,18,7,4,77,0,0,30,0,30,48,18,37,4,107,33,0,33,140
10/11/2008,GUM,GU,AWP,WE,Federal Contract Tower,49,16,0,0,65,0,0,28,0,28,49,16,28,0,93,34,0,34,127
10/12/2008,GUM,GU,AWP,WE,Federal Contract Tower,50,16,2,0,68,0,0,28,0,28,50,16,30,0,96,70,0,70,166
10/13/2008,GUM,GU,AWP,WE,Federal Contract Tower,55,16,0,0,71,0,2,38,0,40,55,18,38,0,111,22,0,22,133
10/14/2008,GUM,GU,AWP,WE,Federal Contract Tower,45,16,3,0,64,0,0,32,0,32,45,16,35,0,96,28,0,28,124
10/15/2008,GUM,GU,AWP,WE,Federal Contract Tower,38,21,0,0,59,0,0,34,0,34,38,21,34,0,93,72,0,72,165
10/16/2008,GUM,GU,AWP,WE,Federal Contract Tower,45,16,4,0,65,0,0,14,0,14,45,16,18,0,79,50,0,50,129
10/17/2008,GUM,GU,AWP,WE,Federal Contract Tower,46,18,0,0,64,0,0,32,0,32,46,18,32,0,96,42,0,42,138
10/18/2008,GUM,GU,AWP,WE,Federal Contract Tower,43,16,2,0,61,0,0,20,0,20,43,16,22,0,81,121,0,121,202
10/19/2008,GUM,GU,AWP,WE,Federal Contract Tower,50,16,0,0,66,0,0,20,0,20,50,16,20,0,86,78,0,78,164
10/20/2008,GUM,GU,AWP,WE,Federal Contract Tower,53,18,0,0,71,0,2,18,0,20,53,20,18,0,91,106,0,106,197
10/21/2008,GUM,GU,AWP,WE,Federal Contract Tower,44,16,3,0,63,0,0,30,0,30,44,16,33,0,93,62,0,62,155
10/22/2008,GUM,GU,AWP,WE,Federal Contract Tower,42,18,0,0,60,0,2,18,0,20,42,20,18,0,80,36,0,36,116
10/23/2008,GUM,GU,AWP,WE,Federal Contract Tower,47,16,0,0,63,0,0,8,0,8,47,16,8,0,71,30,0,30,101
10/24/2008,GUM,GU,AWP,WE,Federal Contract Tower,49,18,3,0,70,0,0,16,0,16,49,18,19,0,86,12,0,12,98
10/25/2008,GUM,GU,AWP,WE,Federal Contract Tower,45,16,4,0,65,0,0,22,0,22,45,16,26,0,87,14,0,14,101
10/26/2008,GUM,GU,AWP,WE,Federal Contract Tower,53,16,3,0,72,0,0,26,0,26,53,16,29,0,98,106,0,106,204
10/27/2008,GUM,GU,AWP,WE,Federal Contract Tower,50,18,1,0,69,0,0,30,0,30,50,18,31,0,99,118,0,118,217
10/28/2008,GUM,GU,AWP,WE,Federal Contract Tower,47,16,0,5,68,0,0,20,1,21,47,16,20,6,89,42,0,42,131
10/29/2008,GUM,GU,AWP,WE,Federal Contract Tower,44,18,3,0,65,0,0,32,0,32,44,18,35,0,97,37,0,37,134
10/30/2008,GUM,GU,AWP,WE,Federal Contract Tower,48,18,12,2,80,0,0,23,0,23,48,18,35,2,103,53,0,53,156
10/31/2008,GUM,GU,AWP,WE,Federal Contract Tower,50,18,6,0,74,0,0,25,0,25,50,18,31,0,99,59,0,59,158
11/01/2008,GUM,GU,AWP,WE,Federal Contract Tower,49,16,6,0,71,0,1,38,0,39,49,17,44,0,110,114,0,114,224
11/02/2008,GUM,GU,AWP,WE,Federal Contract Tower,50,16,18,0,84,0,0,42,0,42,50,16,60,0,126,110,0,110,236
11/03/2008,GUM,GU,AWP,WE,Federal Contract Tower,54,18,0,0,72,0,1,46,0,47,54,19,46,0,119,64,0,64,183
11/04/2008,GUM,GU,AWP,WE,Federal Contract Tower,45,15,2,2,64,0,0,18,0,18,45,15,20,2,82,81,0,81,163
11/05/2008,GUM,GU,AWP,WE,Federal Contract Tower,44,16,2,0,62,0,2,26,1,29,44,18,28,1,91,62,0,62,153
11/06/2008,GUM,GU,AWP,WE,Federal Contract Tower,50,16,15,0,81,0,4,25,0,29,50,20,40,0,110,30,0,30,140
11/07/2008,GUM,GU,AWP,WE,Federal Contract Tower,51,18,6,0,75,0,0,30,0,30,51,18,36,0,105,33,0,33,138
11/08/2008,GUM,GU,AWP,WE,Federal Contract Tower,42,16,2,0,60,0,0,38,0,38,42,16,40,0,98,50,0,50,148
11/09/2008,GUM,GU,AWP,WE,Federal Contract Tower,52,16,1,0,69,0,0,27,0,27,52,16,28,0,96,44,0,44,140
11/10/2008,GUM,GU,AWP,WE,Federal Contract Tower,51,19,8,0,78,0,0,17,0,17,51,19,25,0,95,36,0,36,131
11/11/2008,GUM,GU,AWP,WE,Federal Contract Tower,43,16,4,0,63,0,0,20,0,20,43,16,24,0,83,56,0,56,139
11/12/2008,GUM,GU,AWP,WE,Federal Contract Tower,43,16,8,2,69,0,3,38,0,41,43,19,46,2,110,24,0,24,134
11/13/2008,GUM,GU,AWP,WE,Federal Contract Tower,48,16,1,4,69,0,0,24,0,24,48,16,25,4,93,61,0,61,154
11/14/2008,GUM,GU,AWP,WE,Federal Contract Tower,49,18,1,0,68,0,0,33,0,33,49,18,34,0,101,54,0,54,155
11/15/2008,GUM,GU,AWP,WE,Federal Contract Tower,45,16,2,0,63,0,0,30,0,30,45,16,32,0,93,78,0,78,171
11/16/2008,GUM,GU,AWP,WE,Federal Contract Tower,51,16,4,0,71,0,0,22,0,22,51,16,26,0,93,82,0,82,175
11/17/2008,GUM,GU,AWP,WE,Federal Contract Tower,51,20,8,0,79,0,0,10,0,10,51,20,18,0,89,78,0,78,167
11/18/2008,GUM,GU,AWP,WE,Federal Contract Tower,49,17,0,2,68,0,0,16,0,16,49,17,16,2,84,45,0,45,129
11/19/2008,GUM,GU,AWP,WE,Federal Contract Tower,43,18,0,0,61,0,2,25,0,27,43,20,25,0,88,10,0,10,98
11/20/2008,GUM,GU,AWP,WE,Federal Contract Tower,51,16,0,2,69,0,0,28,0,28,51,16,28,2,97,28,0,28,125
11/21/2008,GUM,GU,AWP,WE,Federal Contract Tower,50,19,0,0,69,0,0,21,0,21,50,19,21,0,90,80,0,80,170
11/22/2008,GUM,GU,AWP,WE,Federal Contract Tower,48,16,0,0,64,0,0,46,0,46,48,16,46,0,110,60,0,60,170
11/23/2008,GUM,GU,AWP,WE,Federal Contract Tower,52,18,3,0,73,0,0,52,0,52,52,18,55,0,125,102,0,102,227
11/24/2008,GUM,GU,AWP,WE,Federal Contract Tower,55,18,1,0,74,0,3,26,0,29,55,21,27,0,103,86,0,86,189
11/25/2008,GUM,GU,AWP,WE,Federal Contract Tower,46,16,1,0,63,0,0,34,0,34,46,16,35,0,97,44,0,44,141
11/26/2008,GUM,GU,AWP,WE,Federal Contract Tower,44,18,3,0,65,0,2,22,0,24,44,20,25,0,89,43,0,43,132
11/27/2008,GUM,GU,AWP,WE,Federal Contract Tower,48,16,2,1,67,0,0,27,0,27,48,16,29,1,94,52,0,52,146
11/28/2008,GUM,GU,AWP,WE,Federal Contract Tower,51,18,8,0,77,0,0,36,0,36,51,18,44,0,113,80,0,80,193
11/29/2008,GUM,GU,AWP,WE,Federal Contract Tower,44,16,2,0,62,0,0,30,0,30,44,16,32,0,92,144,0,144,236
11/30/2008,GUM,GU,AWP,WE,Federal Contract Tower,54,16,1,0,71,0,0,26,0,26,54,16,27,0,97,168,0,168,265
12/01/2008,GUM,GU,AWP,WE,Federal Contract Tower,50,18,2,0,70,0,0,22,0,22,50,18,24,0,92,70,0,70,162
12/02/2008,GUM,GU,AWP,WE,Federal Contract Tower,47,16,6,0,69,0,0,26,0,26,47,16,32,0,95,98,0,98,193
12/03/2008,GUM,GU,AWP,WE,Federal Contract Tower,45,18,1,0,64,0,0,70,0,70,45,18,71,0,134,70,0,70,204
12/04/2008,GUM,GU,AWP,WE,Federal Contract Tower,50,16,8,4,78,0,0,38,0,38,50,16,46,4,116,43,0,43,159
12/05/2008,GUM,GU,AWP,WE,Federal Contract Tower,51,18,0,0,69,0,0,27,0,27,51,18,27,0,96,59,0,59,155
12/06/2008,GUM,GU,AWP,WE,Federal Contract Tower,47,16,3,0,66,0,0,26,0,26,47,16,29,0,92,28,0,28,120
12/07/2008,GUM,GU,AWP,WE,Federal Contract Tower,55,16,1,0,72,0,0,48,0,48,55,16,49,0,120,44,0,44,164
12/08/2008,GUM,GU,AWP,WE,Federal Contract Tower,52,16,7,2,77,0,1,18,0,19,52,17,25,2,96,36,0,36,132
12/09/2008,GUM,GU,AWP,WE,Federal Contract Tower,47,16,9,6,78,0,0,24,0,24,47,16,33,6,102,68,0,68,170
12/10/2008,GUM,GU,AWP,WE,Federal Contract Tower,44,34,9,2,89,0,0,25,2,27,44,34,34,4,116,21,0,21,137
12/11/2008,GUM,GU,AWP,WE,Federal Contract Tower,50,28,1,0,79,0,0,15,0,15,50,28,16,0,94,24,0,24,118
12/12/2008,GUM,GU,AWP,WE,Federal Contract Tower,51,18,9,0,78,0,0,23,0,23,51,18,32,0,101,27,0,27,128
12/13/2008,GUM,GU,AWP,WE,Federal Contract Tower,46,16,2,0,64,0,0,18,0,18,46,16,20,0,82,96,0,96,178
12/14/2008,GUM,GU,AWP,WE,Federal Contract Tower,54,16,7,0,77,0,0,34,0,34,54,16,41,0,111,98,0,98,209
12/15/2008,GUM,GU,AWP,WE,Federal Contract Tower,52,17,8,0,77,0,4,16,0,20,52,21,24,0,97,80,0,80,177
12/16/2008,GUM,GU,AWP,WE,Federal Contract Tower,48,18,8,0,74,0,0,58,0,58,48,18,66,0,132,48,0,48,180
12/17/2008,GUM,GU,AWP,WE,Federal Contract Tower,45,26,12,0,83,0,4,46,0,50,45,30,58,0,133,86,0,86,219
12/18/2008,GUM,GU,AWP,WE,Federal Contract Tower,56,18,0,0,74,0,0,45,0,45,56,18,45,0,119,28,0,28,147
12/19/2008,GUM,GU,AWP,WE,Federal Contract Tower,53,19,0,0,72,0,0,24,0,24,53,19,24,0,96,30,0,30,126
12/20/2008,GUM,GU,AWP,WE,Federal Contract Tower,49,17,0,0,66,0,0,40,0,40,49,17,40,0,106,104,0,104,210
12/21/2008,GUM,GU,AWP,WE,Federal Contract Tower,57,16,2,0,75,0,0,32,0,32,57,16,34,0,107,86,0,86,193
12/22/2008,GUM,GU,AWP,WE,Federal Contract Tower,58,18,14,0,90,0,2,24,0,26,58,20,38,0,116,100,0,100,216
12/23/2008,GUM,GU,AWP,WE,Federal Contract Tower,51,20,0,2,73,0,0,54,0,54,51,20,54,2,127,114,0,114,241
12/24/2008,GUM,GU,AWP,WE,Federal Contract Tower,48,17,0,0,65,0,0,36,0,36,48,17,36,0,101,118,0,118,219
12/25/2008,GUM,GU,AWP,WE,Federal Contract Tower,61,16,5,0,82,0,0,32,0,32,61,16,37,0,114,160,0,160,274
12/26/2008,GUM,GU,AWP,WE,Federal Contract Tower,58,18,13,0,89,0,0,25,0,25,58,18,38,0,114,35,0,35,149
12/27/2008,GUM,GU,AWP,WE,Federal Contract Tower,56,16,3,0,75,0,0,63,0,63,56,16,66,0,138,80,0,80,218
12/28/2008,GUM,GU,AWP,WE,Federal Contract Tower,59,16,4,0,79,0,0,65,0,65,59,16,69,0,144,106,0,106,250
12/29/2008,GUM,GU,AWP,WE,Federal Contract Tower,61,24,4,0,89,0,6,58,0,64,61,30,62,0,153,72,0,72,225
12/30/2008,GUM,GU,AWP,WE,Federal Contract Tower,61,16,5,0,82,0,0,132,0,132,61,16,137,0,214,96,0,96,310
12/31/2008,GUM,GU,AWP,WE,Federal Contract Tower,61,17,4,0,82,0,1,91,0,92,61,18,95,0,174,143,0,143,317
01/01/2009,GUM,GU,AWP,WE,Federal Contract Tower,62,18,13,0,93,0,0,81,0,81,62,18,94,0,174,126,0,126,300
01/02/2009,GUM,GU,AWP,WE,Federal Contract Tower,56,18,9,0,83,0,0,50,0,50,56,18,59,0,133,146,0,146,279
01/03/2009,GUM,GU,AWP,WE,Federal Contract Tower,64,16,3,0,83,0,0,75,0,75,64,16,78,0,158,134,0,134,292
01/04/2009,GUM,GU,AWP,WE,Federal Contract Tower,69,16,15,0,100,0,0,7,0,7,69,16,22,0,107,15,0,15,122
01/05/2009,GUM,GU,AWP,WE,Federal Contract Tower,59,16,1,0,76,0,1,38,0,39,59,17,39,0,115,64,0,64,179
01/06/2009,GUM,GU,AWP,WE,Federal Contract Tower,52,18,3,0,73,0,1,65,0,66,52,19,68,0,139,54,0,54,193
01/07/2009,GUM,GU,AWP,WE,Federal Contract Tower,49,17,1,0,67,0,1,71,0,72,49,18,72,0,139,36,0,36,175
01/08/2009,GUM,GU,AWP,WE,Federal Contract Tower,58,16,1,0,75,0,2,35,0,37,58,18,36,0,112,34,0,34,146
01/09/2009,GUM,GU,AWP,WE,Federal Contract Tower,55,18,2,0,75,0,0,32,0,32,55,18,34,0,107,47,0,47,154
01/10/2009,GUM,GU,AWP,WE,Federal Contract Tower,55,15,4,0,74,0,0,23,0,23,55,15,27,0,97,78,0,78,175
01/11/2009,GUM,GU,AWP,WE,Federal Contract Tower,59,16,3,0,78,0,0,40,0,40,59,16,43,0,118,78,0,78,196
01/12/2009,GUM,GU,AWP,WE,Federal Contract Tower,57,20,6,0,83,0,0,29,0,29,57,20,35,0,112,108,0,108,220
01/13/2009,GUM,GU,AWP,WE,Federal Contract Tower,49,16,10,0,75,0,0,20,0,20,49,16,30,0,95,106,0,106,201
01/14/2009,GUM,GU,AWP,WE,Federal Contract Tower,48,18,10,0,76,0,2,37,0,39,48,20,47,0,115,86,0,86,201
01/15/2009,GUM,GU,AWP,WE,Federal Contract Tower,56,16,0,4,76,0,0,24,0,24,56,16,24,4,100,78,0,78,178
01/16/2009,GUM,GU,AWP,WE,Federal Contract Tower,51,18,0,0,69,0,0,22,0,22,51,18,22,0,91,12,0,12,103
01/17/2009,GUM,GU,AWP,WE,Federal Contract Tower,52,16,0,0,68,0,0,24,0,24,52,16,24,0,92,10,0,10,102
01/18/2009,GUM,GU,AWP,WE,Federal Contract Tower,54,16,0,0,70,0,0,28,0,28,54,16,28,0,98,68,0,68,166
01/19/2009,GUM,GU,AWP,WE,Federal Contract Tower,56,21,1,0,78,0,2,14,0,16,56,23,15,0,94,26,0,26,120
01/20/2009,GUM,GU,AWP,WE,Federal Contract Tower,53,16,0,10,79,0,0,14,0,14,53,16,14,10,93,34,0,34,127
01/21/2009,GUM,GU,AWP,WE,Federal Contract Tower,46,17,4,2,69,0,1,53,0,54,46,18,57,2,123,37,0,37,160
01/22/2009,GUM,GU,AWP,WE,Federal Contract Tower,51,18,3,2,74,0,3,45,0,48,51,21,48,2,122,45,0,45,167
01/23/2009,GUM,GU,AWP,WE,Federal Contract Tower,50,18,4,0,72,0,1,45,0,46,50,19,49,0,118,40,0,40,158
01/24/2009,GUM,GU,AWP,WE,Federal Contract Tower,51,16,2,0,69,0,0,40,0,40,51,16,42,0,109,56,0,56,165
01/25/2009,GUM,GU,AWP,WE,Federal Contract Tower,55,16,0,0,71,0,0,30,0,30,55,16,30,0,101,62,0,62,163
01/26/2009,GUM,GU,AWP,WE,Federal Contract Tower,53,17,0,0,70,0,3,28,0,31,53,20,28,0,101,60,0,60,161
01/27/2009,GUM,GU,AWP,WE,Federal Contract Tower,48,15,0,0,63,0,0,18,0,18,48,15,18,0,81,28,0,28,109
01/28/2009,GUM,GU,AWP,WE,Federal Contract Tower,47,19,2,0,68,0,0,60,0,60,47,19,62,0,128,30,0,30,158
01/29/2009,GUM,GU,AWP,WE,Federal Contract Tower,53,16,1,4,74,0,0,45,0,45,53,16,46,4,119,58,0,58,177
01/30/2009,GUM,GU,AWP,WE,Federal Contract Tower,49,20,2,0,71,0,0,41,2,43,49,20,43,2,114,93,0,93,207
01/31/2009,GUM,GU,AWP,WE,Federal Contract Tower,46,16,1,0,63,0,0,42,2,44,46,16,43,2,107,118,0,118,225
02/01/2009,GUM,GU,AWP,WE,Federal Contract Tower,57,16,0,0,73,0,0,0,0,0,57,16,0,0,73,70,0,70,143
02/02/2009,GUM,GU,AWP,WE,Federal Contract Tower,55,20,0,17,92,0,0,28,0,28,55,20,28,17,120,50,0,50,170
02/03/2009,GUM,GU,AWP,WE,Federal Contract Tower,47,12,0,7,66,0,4,14,0,18,47,16,14,7,84,94,18,112,196
02/04/2009,GUM,GU,AWP,WE,Federal Contract Tower,45,18,4,0,67,0,1,45,0,46,45,19,49,0,113,39,16,55,168
02/05/2009,GUM,GU,AWP,WE,Federal Contract Tower,53,11,0,0,64,0,5,28,0,33,53,16,28,0,97,48,0,48,145
02/06/2009,GUM,GU,AWP,WE,Federal Contract Tower,51,18,0,14,83,0,0,38,0,38,51,18,38,14,121,60,0,60,181
02/07/2009,GUM,GU,AWP,WE,Federal Contract Tower,47,16,2,0,65,0,0,32,0,32,47,16,34,0,97,96,0,96,193
02/08/2009,GUM,GU,AWP,WE,Federal Contract Tower,54,16,0,0,70,0,0,38,0,38,54,16,38,0,108,164,0,164,272
02/09/2009,GUM,GU,AWP,WE,Federal Contract Tower,53,17,1,6,77,0,1,15,0,16,53,18,16,6,93,162,0,162,255
02/10/2009,GUM,GU,AWP,WE,Federal Contract Tower,48,16,0,4,68,0,0,22,0,22,48,16,22,4,90,98,0,98,188
02/11/2009,GUM,GU,AWP,WE,Federal Contract Tower,46,21,4,1,72,0,0,54,6,60,46,21,58,7,132,86,0,86,218
02/12/2009,GUM,GU,AWP,WE,Federal Contract Tower,53,15,1,2,71,0,2,48,0,50,53,17,49,2,121,72,0,72,193
02/13/2009,GUM,GU,AWP,WE,Federal Contract Tower,48,18,0,0,66,0,0,26,0,26,48,18,26,0,92,40,0,40,132
02/14/2009,GUM,GU,AWP,WE,Federal Contract Tower,48,16,0,0,64,0,0,40,0,40,48,16,40,0,104,70,0,70,174
02/15/2009,GUM,GU,AWP,WE,Federal Contract Tower,55,16,0,0,71,0,0,0,0,0,55,16,0,0,71,90,0,90,161
02/16/2009,GUM,GU,AWP,WE,Federal Contract Tower,58,18,0,0,76,0,0,12,0,12,58,18,12,0,88,132,0,132,220
02/17/2009,GUM,GU,AWP,WE,Federal Contract Tower,49,16,0,4,69,0,0,31,0,31,49,16,31,4,100,60,0,60,160
02/18/2009,GUM,GU,AWP,WE,Federal Contract Tower,47,18,0,0,65,0,0,51,0,51,47,18,51,0,116,38,0,38,154
02/19/2009,GUM,GU,AWP,WE,Federal Contract Tower,54,16,1,4,75,0,1,35,0,36,54,17,36,4,111,44,2,46,157
02/20/2009,GUM,GU,AWP,WE,Federal Contract Tower,47,18,3,0,68,0,0,23,0,23,47,18,26,0,91,42,0,42,133
02/21/2009,GUM,GU,AWP,WE,Federal Contract Tower,43,16,6,0,65,0,0,17,0,17,43,16,23,0,82,40,0,40,122
02/22/2009,GUM,GU,AWP,WE,Federal Contract Tower,52,14,2,0,68,0,0,20,0,20,52,14,22,0,88,96,0,96,184
02/23/2009,GUM,GU,AWP,WE,Federal Contract Tower,51,20,0,2,73,0,0,19,0,19,51,20,19,2,92,66,0,66,158
02/24/2009,GUM,GU,AWP,WE,Federal Contract Tower,42,16,0,2,60,0,0,16,0,16,42,16,16,2,76,56,0,56,132
02/25/2009,GUM,GU,AWP,WE,Federal Contract Tower,42,18,0,0,60,0,0,30,0,30,42,18,30,0,90,10,0,10,100
02/26/2009,GUM,GU,AWP,WE,Federal Contract Tower,48,16,0,4,68,0,3,27,0,30,48,19,27,4,98,40,0,40,138
02/27/2009,GUM,GU,AWP,WE,Federal Contract Tower,45,18,4,0,67,0,0,32,0,32,45,18,36,0,99,34,0,34,133
02/28/2009,GUM,GU,AWP,WE,Federal Contract Tower,42,16,2,0,60,0,0,0,0,0,42,16,2,0,60,39,0,39,99
03/01/2009,GUM,GU,AWP,WE,Federal Contract Tower,51,16,1,0,68,0,0,29,0,29,51,16,30,0,97,32,0,32,129
03/02/2009,GUM,GU,AWP,WE,Federal Contract Tower,57,18,1,4,80,0,2,14,0,16,57,20,15,4,96,48,6,54,150
03/03/2009,GUM,GU,AWP,WE,Federal Contract Tower,47,16,1,2,66,0,0,45,0,45,47,16,46,2,111,20,2,22,133
03/04/2009,GUM,GU,AWP,WE,Federal Contract Tower,47,20,0,0,67,0,0,26,0,26,47,20,26,0,93,40,0,40,133
03/05/2009,GUM,GU,AWP,WE,Federal Contract Tower,53,16,1,0,70,0,0,31,0,31,53,16,32,0,101,31,0,31,132
03/06/2009,GUM,GU,AWP,WE,Federal Contract Tower,45,18,2,2,67,0,0,34,0,34,45,18,36,2,101,32,0,32,133
03/07/2009,GUM,GU,AWP,WE,Federal Contract Tower,48,16,1,0,65,0,0,39,0,39,48,16,40,0,104,51,0,51,155
03/08/2009,GUM,GU,AWP,WE,Federal Contract Tower,56,16,1,0,73,0,0,28,0,28,56,16,29,0,101,30,0,30,131
03/09/2009,GUM,GU,AWP,WE,Federal Contract Tower,52,20,1,0,73,0,1,27,0,28,52,21,28,0,101,30,0,30,131
03/10/2009,GUM,GU,AWP,WE,Federal Contract Tower,44,14,2,0,60,0,0,40,0,40,44,14,42,0,100,26,12,38,138
03/11/2009,GUM,GU,AWP,WE,Federal Contract Tower,45,15,10,0,70,0,0,50,0,50,45,15,60,0,120,14,0,14,134
03/12/2009,GUM,GU,AWP,WE,Federal Contract Tower,56,16,7,0,79,0,0,20,0,20,56,16,27,0,99,36,0,36,135
03/13/2009,GUM,GU,AWP,WE,Federal Contract Tower,48,18,5,0,71,0,0,18,0,18,48,18,23,0,89,36,0,36,125
03/14/2009,GUM,GU,AWP,WE,Federal Contract Tower,52,14,16,0,82,0,0,20,0,20,52,14,36,0,102,74,0,74,176
03/15/2009,GUM,GU,AWP,WE,Federal Contract Tower,53,16,18,0,87,0,0,50,0,50,53,16,68,0,137,68,0,68,205
03/16/2009,GUM,GU,AWP,WE,Federal Contract Tower,55,20,12,0,87,0,0,38,0,38,55,20,50,0,125,76,0,76,201
03/17/2009,GUM,GU,AWP,WE,Federal Contract Tower,47,14,12,14,87,0,0,14,0,14,47,14,26,14,101,88,20,108,209
03/18/2009,GUM,GU,AWP,WE,Federal Contract Tower,52,16,8,0,76,0,2,36,0,38,52,18,44,0,114,94,0,94,208
03/19/2009,GUM,GU,AWP,WE,Federal Contract Tower,53,18,4,2,77,0,0,41,0,41,53,18,45,2,118,75,0,75,193
03/20/2009,GUM,GU,AWP,WE,Federal Contract Tower,52,18,4,0,74,0,0,28,0,28,52,18,32,0,102,40,0,40,142
03/21/2009,GUM,GU,AWP,WE,Federal Contract Tower,55,16,1,0,72,0,0,40,0,40,55,16,41,0,112,60,0,60,172
03/22/2009,GUM,GU,AWP,WE,Federal Contract Tower,57,16,1,0,74,0,0,32,0,32,57,16,33,0,106,54,0,54,160
03/23/2009,GUM,GU,AWP,WE,Federal Contract Tower,58,18,3,0,79,0,0,25,0,25,58,18,28,0,104,80,0,80,184
03/24/2009,GUM,GU,AWP,WE,Federal Contract Tower,44,14,3,0,61,0,0,12,0,12,44,14,15,0,73,48,0,48,121
03/25/2009,GUM,GU,AWP,WE,Federal Contract Tower,46,16,1,4,67,0,0,17,6,23,46,16,18,10,90,50,12,62,152
03/26/2009,GUM,GU,AWP,WE,Federal Contract Tower,53,16,4,0,73,0,0,50,0,50,53,16,54,0,123,0,0,0,123
03/27/2009,GUM,GU,AWP,WE,Federal Contract Tower,49,18,2,0,69,0,0,25,0,25,49,18,27,0,94,17,0,17,111
03/28/2009,GUM,GU,AWP,WE,Federal Contract Tower,48,14,3,0,65,0,0,30,0,30,48,14,33,0,95,56,0,56,151
03/29/2009,GUM,GU,AWP,WE,Federal Contract Tower,54,16,7,0,77,0,0,32,0,32,54,16,39,0,109,52,0,52,161
03/30/2009,GUM,GU,AWP,WE,Federal Contract Tower,54,19,7,0,80,0,1,16,0,17,54,20,23,0,97,32,0,32,129
03/31/2009,GUM,GU,AWP,WE,Federal Contract Tower,48,14,6,0,68,0,0,12,0,12,48,14,18,0,80,46,20,66,146
04/01/2009,GUM,GU,AWP,WE,Federal Contract Tower,52,16,2,0,70,0,0,30,0,30,52,16,32,0,100,34,0,34,134
04/02/2009,GUM,GU,AWP,WE,Federal Contract Tower,47,16,3,0,66,0,0,24,0,24,47,16,27,0,90,50,0,50,140
04/03/2009,GUM,GU,AWP,WE,Federal Contract Tower,48,18,6,0,72,0,0,16,0,16,48,18,22,0,88,50,0,50,138
04/04/2009,GUM,GU,AWP,WE,Federal Contract Tower,46,14,4,0,64,0,0,14,0,14,46,14,18,0,78,38,0,38,116
04/05/2009,GUM,GU,AWP,WE,Federal Contract Tower,47,16,2,0,65,0,0,16,0,16,47,16,18,0,81,36,0,36,117
04/06/2009,GUM,GU,AWP,WE,Federal Contract Tower,49,20,6,0,75,0,0,10,0,10,49,20,16,0,85,26,0,26,111
04/07/2009,GUM,GU,AWP,WE,Federal Contract Tower,43,14,6,0,63,0,0,18,0,18,43,14,24,0,81,40,6,46,127
04/08/2009,GUM,GU,AWP,WE,Federal Contract Tower,45,14,10,13,82,0,0,38,0,38,45,14,48,13,120,14,0,14,134
04/09/2009,GUM,GU,AWP,WE,Federal Contract Tower,47,16,12,2,77,0,0,23,0,23,47,16,35,2,100,22,0,22,122
04/10/2009,GUM,GU,AWP,WE,Federal Contract Tower,44,18,6,4,72,0,0,24,0,24,44,18,30,4,96,10,0,10,106
04/11/2009,GUM,GU,AWP,WE,Federal Contract Tower,49,14,2,1,66,0,0,16,0,16,49,14,18,1,82,48,0,48,130
04/12/2009,GUM,GU,AWP,WE,Federal Contract Tower,51,13,1,0,65,0,0,30,0,30,51,13,31,0,95,60,0,60,155
04/13/2009,GUM,GU,AWP,WE,Federal Contract Tower,49,16,0,0,65,0,3,32,0,35,49,19,32,0,100,66,0,66,166
04/14/2009,GUM,GU,AWP,WE,Federal Contract Tower,49,14,0,0,63,0,2,34,0,36,49,16,34,0,99,2,0,2,101
04/15/2009,GUM,GU,AWP,WE,Federal Contract Tower,47,14,0,0,61,0,4,16,0,20,47,18,16,0,81,42,0,42,123
04/16/2009,GUM,GU,AWP,WE,Federal Contract Tower,44,16,0,6,66,0,0,30,2,32,44,16,30,8,98,62,0,62,160
04/17/2009,GUM,GU,AWP,WE,Federal Contract Tower,47,18,0,0,65,0,1,28,0,29,47,19,28,0,94,48,0,48,142
04/18/2009,GUM,GU,AWP,WE,Federal Contract Tower,43,14,9,0,66,0,0,18,0,18,43,14,27,0,84,24,0,24,108
04/19/2009,GUM,GU,AWP,WE,Federal Contract Tower,57,16,1,0,74,0,0,24,0,24,57,16,25,0,98,46,0,46,144
04/20/2009,GUM,GU,AWP,WE,Federal Contract Tower,49,16,0,0,65,0,1,28,0,29,49,17,28,0,94,60,0,60,154
04/21/2009,GUM,GU,AWP,WE,Federal Contract Tower,44,14,3,0,61,0,0,20,0,20,44,14,23,0,81,74,0,74,155
04/22/2009,GUM,GU,AWP,WE,Federal Contract Tower,41,14,1,0,56,0,4,11,0,15,41,18,12,0,71,50,0,50,121
04/23/2009,GUM,GU,AWP,WE,Federal Contract Tower,43,16,0,0,59,0,1,12,0,13,43,17,12,0,72,54,22,76,148
04/24/2009,GUM,GU,AWP,WE,Federal Contract Tower,45,18,2,0,65,0,0,48,0,48,45,18,50,0,113,100,0,100,213
04/25/2009,GUM,GU,AWP,WE,Federal Contract Tower,40,14,2,0,56,0,0,46,0,46,40,14,48,0,102,162,0,162,264
04/26/2009,GUM,GU,AWP,WE,Federal Contract Tower,46,16,3,0,65,0,0,16,0,16,46,16,19,0,81,98,0,98,179
04/27/2009,GUM,GU,AWP,WE,Federal Contract Tower,49,16,3,0,68,0,2,10,0,12,49,18,13,0,80,122,0,122,202
04/28/2009,GUM,GU,AWP,WE,Federal Contract Tower,42,14,8,0,64,0,0,14,0,14,42,14,22,0,78,138,0,138,216
04/29/2009,GUM,GU,AWP,WE,Federal Contract Tower,47,14,10,2,73,0,3,29,0,32,47,17,39,2,105,92,0,92,197
04/30/2009,GUM,GU,AWP,WE,Federal Contract Tower,53,16,11,8,88,0,0,36,0,36,53,16,47,8,124,120,0,120,244
05/01/2009,GUM,GU,AWP,WE,Federal Contract Tower,44,19,5,0,68,0,0,50,0,50,44,19,55,0,118,98,0,98,216
05/02/2009,GUM,GU,AWP,WE,Federal Contract Tower,62,14,4,0,80,0,0,22,0,22,62,14,26,0,102,256,0,256,358
05/03/2009,GUM,GU,AWP,WE,Federal Contract Tower,71,16,2,0,89,0,0,36,0,36,71,16,38,0,125,172,0,172,297
05/04/2009,GUM,GU,AWP,WE,Federal Contract Tower,51,16,4,2,73,0,2,30,0,32,51,18,34,2,105,112,0,112,217
05/05/2009,GUM,GU,AWP,WE,Federal Contract Tower,65,14,4,0,83,0,0,26,0,26,65,14,30,0,109,92,0,92,201
05/06/2009,GUM,GU,AWP,WE,Federal Contract Tower,67,14,8,0,89,0,3,8,0,11,67,17,16,0,100,88,0,88,188
05/07/2009,GUM,GU,AWP,WE,Federal Contract Tower,48,16,11,0,75,0,1,8,0,9,48,17,19,0,84,68,0,68,152
05/08/2009,GUM,GU,AWP,WE,Federal Contract Tower,47,18,0,0,65,0,0,22,0,22,47,18,22,0,87,78,0,78,165
05/09/2009,GUM,GU,AWP,WE,Federal Contract Tower,40,14,1,0,55,0,0,18,0,18,40,14,19,0,73,110,0,110,183
05/10/2009,GUM,GU,AWP,WE,Federal Contract Tower,49,16,7,0,72,0,0,6,0,6,49,16,13,0,78,26,0,26,104
05/11/2009,GUM,GU,AWP,WE,Federal Contract Tower,51,16,3,0,70,0,1,10,0,11,51,17,13,0,81,56,0,56,137
05/12/2009,GUM,GU,AWP,WE,Federal Contract Tower,42,14,9,2,67,0,0,12,0,12,42,14,21,2,79,66,0,66,145
05/13/2009,GUM,GU,AWP,WE,Federal Contract Tower,42,13,20,0,75,0,2,36,0,38,42,15,56,0,113,8,0,8,121
05/14/2009,GUM,GU,AWP,WE,Federal Contract Tower,51,16,26,0,93,0,1,5,0,6,51,17,31,0,99,42,0,42,141
05/15/2009,GUM,GU,AWP,WE,Federal Contract Tower,49,19,4,0,72,0,0,18,0,18,49,19,22,0,90,48,0,48,138
05/16/2009,GUM,GU,AWP,WE,Federal Contract Tower,41,14,2,0,57,0,0,20,0,20,41,14,22,0,77,98,0,98,175
05/17/2009,GUM,GU,AWP,WE,Federal Contract Tower,51,16,7,0,74,0,0,14,0,14,51,16,21,0,88,40,0,40,128
05/18/2009,GUM,GU,AWP,WE,Federal Contract Tower,50,16,16,0,82,0,0,14,0,14,50,16,30,0,96,60,0,60,156
05/19/2009,GUM,GU,AWP,WE,Federal Contract Tower,44,14,8,4,70,0,0,14,0,14,44,14,22,4,84,72,0,72,156
05/20/2009,GUM,GU,AWP,WE,Federal Contract Tower,41,14,0,0,55,0,2,20,2,24,41,16,20,2,79,36,26,62,141
05/21/2009,GUM,GU,AWP,WE,Federal Contract Tower,45,16,0,2,63,0,3,23,2,28,45,19,23,4,91,92,22,114,205
05/22/2009,GUM,GU,AWP,WE,Federal Contract Tower,45,18,0,0,63,0,0,24,0,24,45,18,24,0,87,47,0,47,134
05/23/2009,GUM,GU,AWP,WE,Federal Contract Tower,41,14,2,0,57,0,0,30,0,30,41,14,32,0,87,66,0,66,153
05/24/2009,GUM,GU,AWP,WE,Federal Contract Tower,51,29,0,0,80,0,0,18,0,18,51,29,18,0,98,56,0,56,154
05/25/2009,GUM,GU,AWP,WE,Federal Contract Tower,51,20,9,0,80,0,3,10,0,13,51,23,19,0,93,32,0,32,125
05/26/2009,GUM,GU,AWP,WE,Federal Contract Tower,46,14,5,4,69,0,0,12,0,12,46,14,17,4,81,72,0,72,153
05/27/2009,GUM,GU,AWP,WE,Federal Contract Tower,44,14,11,0,69,0,3,34,0,37,44,17,45,0,106,74,0,74,180
05/28/2009,GUM,GU,AWP,WE,Federal Contract Tower,40,18,6,0,64,0,0,23,0,23,40,18,29,0,87,34,0,34,121
05/29/2009,GUM,GU,AWP,WE,Federal Contract Tower,49,17,8,0,74,0,1,40,0,41,49,18,48,0,115,82,0,82,197
05/30/2009,GUM,GU,AWP,WE,Federal Contract Tower,47,14,8,0,69,0,0,34,0,34,47,14,42,0,103,72,0,72,175
05/31/2009,GUM,GU,AWP,WE,Federal Contract Tower,51,16,1,0,68,0,0,16,0,16,51,16,17,0,84,24,0,24,108
06/01/2009,GUM,GU,AWP,WE,Federal Contract Tower,49,18,3,0,70,0,0,10,0,10,49,18,13,0,80,60,4,64,144
06/02/2009,GUM,GU,AWP,WE,Federal Contract Tower,43,18,0,0,61,0,0,40,0,40,43,18,40,0,101,68,0,68,169
06/03/2009,GUM,GU,AWP,WE,Federal Contract Tower,39,16,2,0,57,0,0,22,0,22,39,16,24,0,79,20,0,20,99
06/04/2009,GUM,GU,AWP,WE,Federal Contract Tower,46,19,2,0,67,0,2,6,0,8,46,21,8,0,75,102,0,102,177
06/05/2009,GUM,GU,AWP,WE,Federal Contract Tower,45,18,2,0,65,0,3,26,0,29,45,21,28,0,94,78,0,78,172
06/06/2009,GUM,GU,AWP,WE,Federal Contract Tower,43,14,1,0,58,0,0,12,0,12,43,14,13,0,70,70,0,70,140
06/07/2009,GUM,GU,AWP,WE,Federal Contract Tower,50,16,1,0,67,0,0,38,0,38,50,16,39,0,105,78,0,78,183
06/08/2009,GUM,GU,AWP,WE,Federal Contract Tower,49,19,8,0,76,0,1,4,0,5,49,20,12,0,81,46,0,46,127
06/09/2009,GUM,GU,AWP,WE,Federal Contract Tower,44,14,0,0,58,0,3,15,0,18,44,17,15,0,76,70,0,70,146
06/10/2009,GUM,GU,AWP,WE,Federal Contract Tower,42,16,5,2,65,0,2,34,2,38,42,18,39,4,103,102,0,102,205
06/11/2009,GUM,GU,AWP,WE,Federal Contract Tower,46,16,5,2,69,0,0,40,0,40,46,16,45,2,109,68,0,68,177
06/12/2009,GUM,GU,AWP,WE,Federal Contract Tower,46,18,8,0,72,0,0,40,0,40,46,18,48,0,112,56,0,56,168
06/13/2009,GUM,GU,AWP,WE,Federal Contract Tower,46,14,11,0,71,0,0,38,0,38,46,14,49,0,109,28,0,28,137
06/14/2009,GUM,GU,AWP,WE,Federal Contract Tower,55,16,6,0,77,0,0,24,0,24,55,16,30,0,101,92,0,92,193
06/15/2009,GUM,GU,AWP,WE,Federal Contract Tower,54,18,1,0,73,0,0,16,0,16,54,18,17,0,89,74,0,74,163
06/16/2009,GUM,GU,AWP,WE,Federal Contract Tower,41,14,0,0,55,0,0,12,0,12,41,14,12,0,67,64,16,80,147
06/17/2009,GUM,GU,AWP,WE,Federal Contract Tower,42,16,0,0,58,0,3,26,0,29,42,19,26,0,87,22,0,22,109
06/18/2009,GUM,GU,AWP,WE,Federal Contract Tower,49,15,0,2,66,0,0,9,0,9,49,15,9,2,75,13,0,13,88
06/19/2009,GUM,GU,AWP,WE,Federal Contract Tower,46,19,0,0,65,0,1,30,0,31,46,20,30,0,96,20,0,20,116
06/20/2009,GUM,GU,AWP,WE,Federal Contract Tower,43,15,0,0,58,0,0,30,0,30,43,15,30,0,88,42,0,42,130
06/21/2009,GUM,GU,AWP,WE,Federal Contract Tower,55,16,0,0,71,0,0,6,0,6,55,16,6,0,77,38,0,38,115
06/22/2009,GUM,GU,AWP,WE,Federal Contract Tower,54,16,0,0,70,0,3,16,0,19,54,19,16,0,89,38,0,38,127
06/23/2009,GUM,GU,AWP,WE,Federal Contract Tower,49,14,0,0,63,0,0,0,0,0,49,14,0,0,63,54,0,54,117
06/24/2009,GUM,GU,AWP,WE,Federal Contract Tower,49,14,1,2,66,0,4,22,0,26,49,18,23,2,92,42,0,42,134
06/25/2009,GUM,GU,AWP,WE,Federal Contract Tower,47,16,1,2,66,0,0,17,0,17,47,16,18,2,83,54,0,54,137
06/26/2009,GUM,GU,AWP,WE,Federal Contract Tower,44,19,0,0,63,0,0,34,0,34,44,19,34,0,97,62,0,62,159
06/27/2009,GUM,GU,AWP,WE,Federal Contract Tower,45,14,2,0,61,0,0,31,0,31,45,14,33,0,92,150,0,150,242
06/28/2009,GUM,GU,AWP,WE,Federal Contract Tower,47,16,1,0,64,0,0,12,0,12,47,16,13,0,76,62,0,62,138
06/29/2009,GUM,GU,AWP,WE,Federal Contract Tower,45,18,0,0,63,0,2,26,0,28,45,20,26,0,91,62,0,62,153
06/30/2009,GUM,GU,AWP,WE,Federal Contract Tower,43,14,0,2,59,0,0,14,0,14,43,14,14,2,73,84,0,84,157
07/01/2009,GUM,GU,AWP,WE,Federal Contract Tower,37,16,0,0,53,0,0,16,0,16,37,16,16,0,69,58,0,58,127
07/02/2009,GUM,GU,AWP,WE,Federal Contract Tower,40,18,1,0,59,0,0,10,0,10,40,18,11,0,69,22,0,22,91
07/03/2009,GUM,GU,AWP,WE,Federal Contract Tower,42,19,1,0,62,0,2,35,0,37,42,21,36,0,99,82,0,82,181
07/04/2009,GUM,GU,AWP,WE,Federal Contract Tower,43,14,0,0,57,0,1,26,0,27,43,15,26,0,84,68,0,68,152
07/05/2009,GUM,GU,AWP,WE,Federal Contract Tower,41,16,5,0,62,0,0,17,0,17,41,16,22,0,79,48,0,48,127
07/06/2009,GUM,GU,AWP,WE,Federal Contract Tower,49,18,0,0,67,0,0,13,0,13,49,18,13,0,80,88,0,88,168
07/07/2009,GUM,GU,AWP,WE,Federal Contract Tower,44,14,0,4,62,0,0,14,0,14,44,14,14,4,76,34,0,34,110
07/08/2009,GUM,GU,AWP,WE,Federal Contract Tower,45,16,3,0,64,0,0,18,0,18,45,16,21,0,82,60,0,60,142
07/09/2009,GUM,GU,AWP,WE,Federal Contract Tower,47,16,1,0,64,0,0,20,0,20,47,16,21,0,84,54,0,54,138
07/10/2009,GUM,GU,AWP,WE,Federal Contract Tower,45,18,0,0,63,0,0,36,0,36,45,18,36,0,99,62,0,62,161
07/11/2009,GUM,GU,AWP,WE,Federal Contract Tower,49,14,3,0,66,0,0,34,0,34,49,14,37,0,100,30,0,30,130
07/12/2009,GUM,GU,AWP,WE,Federal Contract Tower,52,16,4,0,72,0,0,26,0,26,52,16,30,0,98,52,0,52,150
07/13/2009,GUM,GU,AWP,WE,Federal Contract Tower,53,18,1,0,72,0,0,10,0,10,53,18,11,0,82,60,0,60,142
07/14/2009,GUM,GU,AWP,WE,Federal Contract Tower,41,14,0,0,55,0,0,12,0,12,41,14,12,0,67,58,0,58,125
07/15/2009,GUM,GU,AWP,WE,Federal Contract Tower,42,15,2,0,59,0,1,26,0,27,42,16,28,0,86,50,0,50,136
07/16/2009,GUM,GU,AWP,WE,Federal Contract Tower,51,16,2,2,71,0,0,14,0,14,51,16,16,2,85,20,0,20,105
07/17/2009,GUM,GU,AWP,WE,Federal Contract Tower,52,20,4,0,76,0,0,36,0,36,52,20,40,0,112,50,0,50,162
07/18/2009,GUM,GU,AWP,WE,Federal Contract Tower,48,15,0,0,63,0,0,42,0,42,48,15,42,0,105,96,0,96,201
07/19/2009,GUM,GU,AWP,WE,Federal Contract Tower,52,16,4,0,72,0,0,40,0,40,52,16,44,0,112,96,0,96,208
07/20/2009,GUM,GU,AWP,WE,Federal Contract Tower,52,17,1,2,72,0,0,20,0,20,52,17,21,2,92,82,0,82,174
07/21/2009,GUM,GU,AWP,WE,Federal Contract Tower,49,14,4,0,67,0,0,8,0,8,49,14,12,0,75,86,0,86,161
07/22/2009,GUM,GU,AWP,WE,Federal Contract Tower,45,14,3,0,62,0,4,24,0,28,45,18,27,0,90,68,0,68,158
07/23/2009,GUM,GU,AWP,WE,Federal Contract Tower,52,16,0,0,68,0,0,22,2,24,52,16,22,2,92,38,26,64,156
07/24/2009,GUM,GU,AWP,WE,Federal Contract Tower,47,18,1,0,66,0,0,30,0,30,47,18,31,0,96,54,0,54,150
07/25/2009,GUM,GU,AWP,WE,Federal Contract Tower,52,15,6,0,73,0,0,22,0,22,52,15,28,0,95,116,0,116,211
07/26/2009,GUM,GU,AWP,WE,Federal Contract Tower,54,16,0,0,70,0,0,13,0,13,54,16,13,0,83,58,0,58,141
07/27/2009,GUM,GU,AWP,WE,Federal Contract Tower,58,21,1,0,80,0,0,16,0,16,58,21,17,0,96,32,0,32,128
07/28/2009,GUM,GU,AWP,WE,Federal Contract Tower,47,14,0,0,61,0,0,12,0,12,47,14,12,0,73,74,0,74,147
07/29/2009,GUM,GU,AWP,WE,Federal Contract Tower,48,16,0,4,68,0,0,26,0,26,48,16,26,4,94,58,0,58,152
07/30/2009,GUM,GU,AWP,WE,Federal Contract Tower,48,16,0,0,64,0,0,32,0,32,48,16,32,0,96,40,0,40,136
07/31/2009,GUM,GU,AWP,WE,Federal Contract Tower,49,20,0,0,69,0,0,20,0,20,49,20,20,0,89,28,0,28,117
08/01/2009,GUM,GU,AWP,WE,Federal Contract Tower,55,13,0,0,68,0,0,10,0,10,55,13,10,0,78,6,0,6,84
08/02/2009,GUM,GU,AWP,WE,Federal Contract Tower,54,16,1,0,71,0,0,16,0,16,54,16,17,0,87,44,0,44,131
08/03/2009,GUM,GU,AWP,WE,Federal Contract Tower,56,18,2,0,76,0,1,28,0,29,56,19,30,0,105,52,8,60,165
08/04/2009,GUM,GU,AWP,WE,Federal Contract Tower,53,14,0,0,67,0,0,2,0,2,53,14,2,0,69,44,0,44,113
08/05/2009,GUM,GU,AWP,WE,Federal Contract Tower,54,16,0,0,70,0,0,14,0,14,54,16,14,0,84,20,0,20,104
08/06/2009,GUM,GU,AWP,WE,Federal Contract Tower,56,16,5,0,77,0,0,27,0,27,56,16,32,0,104,32,0,32,136
08/07/2009,GUM,GU,AWP,WE,Federal Contract Tower,52,20,1,0,73,0,0,48,0,48,52,20,49,0,121,58,0,58,179
08/08/2009,GUM,GU,AWP,WE,Federal Contract Tower,54,16,0,0,70,0,0,30,0,30,54,16,30,0,100,78,0,78,178
08/09/2009,GUM,GU,AWP,WE,Federal Contract Tower,52,16,2,0,70,0,0,34,0,34,52,16,36,0,104,118,0,118,222
08/10/2009,GUM,GU,AWP,WE,Federal Contract Tower,61,19,3,1,84,0,2,16,0,18,61,21,19,1,102,82,0,82,184
08/11/2009,GUM,GU,AWP,WE,Federal Contract Tower,48,14,8,1,71,0,0,12,0,12,48,14,20,1,83,162,0,162,245
08/12/2009,GUM,GU,AWP,WE,Federal Contract Tower,53,16,9,0,78,0,0,40,0,40,53,16,49,0,118,180,0,180,298
08/13/2009,GUM,GU,AWP,WE,Federal Contract Tower,51,16,8,0,75,0,0,28,2,30,51,16,36,2,105,116,10,126,231
08/14/2009,GUM,GU,AWP,WE,Federal Contract Tower,50,20,13,0,83,0,0,0,58,58,50,20,13,58,141,182,0,182,323
08/15/2009,GUM,GU,AWP,WE,Federal Contract Tower,48,16,0,0,64,0,0,36,0,36,48,16,36,0,100,102,0,102,202
08/16/2009,GUM,GU,AWP,WE,Federal Contract Tower,56,16,1,0,73,0,0,12,0,12,56,16,13,0,85,142,0,142,227
08/17/2009,GUM,GU,AWP,WE,Federal Contract Tower,56,18,0,0,74,0,0,38,0,38,56,18,38,0,112,62,0,62,174
08/18/2009,GUM,GU,AWP,WE,Federal Contract Tower,49,14,0,0,63,0,1,20,0,21,49,15,20,0,84,66,0,66,150
08/19/2009,GUM,GU,AWP,WE,Federal Contract Tower,47,16,4,0,67,0,0,24,0,24,47,16,28,0,91,76,0,76,167
08/20/2009,GUM,GU,AWP,WE,Federal Contract Tower,52,16,1,0,69,0,0,14,0,14,52,16,15,0,83,66,0,66,149
08/21/2009,GUM,GU,AWP,WE,Federal Contract Tower,50,19,3,0,72,0,0,24,0,24,50,19,27,0,96,2,0,2,98
08/22/2009,GUM,GU,AWP,WE,Federal Contract Tower,45,16,2,0,63,0,0,24,0,24,45,16,26,0,87,48,0,48,135
08/23/2009,GUM,GU,AWP,WE,Federal Contract Tower,52,16,1,0,69,0,0,30,0,30,52,16,31,0,99,6,0,6,105
08/24/2009,GUM,GU,AWP,WE,Federal Contract Tower,55,20,0,0,75,0,0,14,0,14,55,20,14,0,89,38,0,38,127
08/25/2009,GUM,GU,AWP,WE,Federal Contract Tower,47,14,1,0,62,0,0,20,0,20,47,14,21,0,82,64,0,64,146
08/26/2009,GUM,GU,AWP,WE,Federal Contract Tower,46,17,10,0,73,0,0,14,0,14,46,17,24,0,87,78,0,78,165
08/27/2009,GUM,GU,AWP,WE,Federal Contract Tower,52,16,9,0,77,0,0,30,0,30,52,16,39,0,107,24,0,24,131
08/28/2009,GUM,GU,AWP,WE,Federal Contract Tower,52,20,9,0,81,0,0,32,0,32,52,20,41,0,113,32,0,32,145
08/29/2009,GUM,GU,AWP,WE,Federal Contract Tower,45,14,0,0,59,0,0,58,0,58,45,14,58,0,117,34,0,34,151
08/30/2009,GUM,GU,AWP,WE,Federal Contract Tower,53,16,14,0,83,0,0,18,0,18,53,16,32,0,101,44,0,44,145
08/31/2009,GUM,GU,AWP,WE,Federal Contract Tower,52,18,5,0,75,0,0,12,0,12,52,18,17,0,87,30,0,30,117
09/01/2009,GUM,GU,AWP,WE,Federal Contract Tower,48,14,2,0,64,0,0,16,0,16,48,14,18,0,80,52,0,52,132
09/02/2009,GUM,GU,AWP,WE,Federal Contract Tower,44,16,9,0,69,0,0,14,0,14,44,16,23,0,83,26,0,26,109
09/03/2009,GUM,GU,AWP,WE,Federal Contract Tower,47,16,4,0,67,0,0,19,0,19,47,16,23,0,86,18,0,18,104
09/04/2009,GUM,GU,AWP,WE,Federal Contract Tower,47,22,17,0,86,0,0,31,0,31,47,22,48,0,117,36,0,36,153
09/05/2009,GUM,GU,AWP,WE,Federal Contract Tower,42,14,4,0,60,0,0,26,0,26,42,14,30,0,86,64,0,64,150
09/06/2009,GUM,GU,AWP,WE,Federal Contract Tower,48,16,8,0,72,0,0,40,0,40,48,16,48,0,112,74,0,74,186
09/07/2009,GUM,GU,AWP,WE,Federal Contract Tower,52,19,1,0,72,0,0,22,0,22,52,19,23,0,94,90,0,90,184
09/08/2009,GUM,GU,AWP,WE,Federal Contract Tower,43,14,5,2,64,0,0,20,0,20,43,14,25,2,84,61,0,61,145
09/09/2009,GUM,GU,AWP,WE,Federal Contract Tower,40,14,7,0,61,0,2,36,0,38,40,16,43,0,99,64,0,64,163
09/10/2009,GUM,GU,AWP,WE,Federal Contract Tower,48,16,4,0,68,0,2,35,0,37,48,18,39,0,105,34,0,34,139
09/11/2009,GUM,GU,AWP,WE,Federal Contract Tower,45,18,6,0,69,0,0,30,0,30,45,18,36,0,99,14,0,14,113
09/12/2009,GUM,GU,AWP,WE,Federal Contract Tower,41,15,0,0,56,0,0,48,0,48,41,15,48,0,104,16,0,16,120
09/13/2009,GUM,GU,AWP,WE,Federal Contract Tower,48,16,9,0,73,0,0,14,0,14,48,16,23,0,87,44,0,44,131
09/14/2009,GUM,GU,AWP,WE,Federal Contract Tower,47,18,9,0,74,0,0,22,0,22,47,18,31,0,96,30,0,30,126
09/15/2009,GUM,GU,AWP,WE,Federal Contract Tower,43,10,11,0,64,0,0,8,0,8,43,10,19,0,72,16,0,16,88
09/16/2009,GUM,GU,AWP,WE,Federal Contract Tower,45,11,8,0,64,0,4,20,0,24,45,15,28,0,88,20,0,20,108
09/17/2009,GUM,GU,AWP,WE,Federal Contract Tower,46,16,4,0,66,0,1,25,0,26,46,17,29,0,92,36,0,36,128
09/18/2009,GUM,GU,AWP,WE,Federal Contract Tower,43,18,6,0,67,0,0,34,0,34,43,18,40,0,101,28,0,28,129
09/19/2009,GUM,GU,AWP,WE,Federal Contract Tower,54,14,1,0,69,0,0,46,0,46,54,14,47,0,115,106,0,106,221
09/20/2009,GUM,GU,AWP,WE,Federal Contract Tower,64,16,2,0,82,0,0,22,0,22,64,16,24,0,104,104,0,104,208
09/21/2009,GUM,GU,AWP,WE,Federal Contract Tower,55,17,3,0,75,0,1,35,0,36,55,18,38,0,111,170,0,170,281
09/22/2009,GUM,GU,AWP,WE,Federal Contract Tower,51,14,4,4,73,0,0,66,0,66,51,14,70,4,139,154,0,154,293
09/23/2009,GUM,GU,AWP,WE,Federal Contract Tower,58,17,21,0,96,0,0,62,0,62,58,17,83,0,158,134,0,134,292
09/24/2009,GUM,GU,AWP,WE,Federal Contract Tower,57,16,14,0,87,0,0,45,0,45,57,16,59,0,132,102,0,102,234
09/25/2009,GUM,GU,AWP,WE,Federal Contract Tower,46,18,13,0,77,0,0,37,0,37,46,18,50,0,114,172,0,172,286
09/26/2009,GUM,GU,AWP,WE,Federal Contract Tower,42,14,0,0,56,0,0,40,0,40,42,14,40,0,96,160,0,160,256
09/27/2009,GUM,GU,AWP,WE,Federal Contract Tower,48,16,0,0,64,0,0,38,0,38,48,16,38,0,102,178,0,178,280
09/28/2009,GUM,GU,AWP,WE,Federal Contract Tower,51,18,0,4,73,0,0,14,0,14,51,18,14,4,87,104,0,104,191
09/29/2009,GUM,GU,AWP,WE,Federal Contract Tower,41,16,1,2,60,0,0,44,0,44,41,16,45,2,104,100,0,100,204
09/30/2009,GUM,GU,AWP,WE,Federal Contract Tower,40,10,4,0,54,0,0,0,0,0,40,10,4,0,54,10,0,10,64
10/01/2009,GUM,GU,AWP,WE,Federal Contract Tower,45,16,0,0,61,0,0,18,0,18,45,16,18,0,79,46,0,46,125
10/02/2009,GUM,GU,AWP,WE,Federal Contract Tower,41,18,2,0,61,0,0,15,0,15,41,18,17,0,76,14,0,14,90
10/03/2009,GUM,GU,AWP,WE,Federal Contract Tower,43,0,0,0,43,0,0,0,0,0,43,0,0,0,43,12,0,12,55
10/04/2009,GUM,GU,AWP,WE,Federal Contract Tower,41,12,0,0,53,0,0,28,0,28,41,12,28,0,81,42,0,42,123
10/05/2009,GUM,GU,AWP,WE,Federal Contract Tower,48,16,2,0,66,0,0,30,0,30,48,16,32,0,96,52,0,52,148
10/06/2009,GUM,GU,AWP,WE,Federal Contract Tower,40,14,5,0,59,0,0,22,0,22,40,14,27,0,81,30,0,30,111
10/07/2009,GUM,GU,AWP,WE,Federal Contract Tower,41,18,3,0,62,0,0,16,8,24,41,18,19,8,86,10,0,10,96
10/08/2009,GUM,GU,AWP,WE,Federal Contract Tower,49,16,1,0,66,0,0,15,0,15,49,16,16,0,81,42,0,42,123
10/09/2009,GUM,GU,AWP,WE,Federal Contract Tower,46,20,5,0,71,0,0,11,0,11,46,20,16,0,82,30,0,30,112
10/10/2009,GUM,GU,AWP,WE,Federal Contract Tower,49,14,17,0,80,0,0,26,0,26,49,14,43,0,106,50,0,50,156
10/11/2009,GUM,GU,AWP,WE,Federal Contract Tower,45,16,4,0,65,0,0,24,0,24,45,16,28,0,89,74,0,74,163
10/12/2009,GUM,GU,AWP,WE,Federal Contract Tower,52,16,5,0,73,0,0,30,0,30,52,16,35,0,103,76,0,76,179
10/13/2009,GUM,GU,AWP,WE,Federal Contract Tower,38,14,0,4,56,0,0,22,0,22,38,14,22,4,78,60,0,60,138
10/14/2009,GUM,GU,AWP,WE,Federal Contract Tower,41,16,0,2,59,0,0,38,0,38,41,16,38,2,97,46,0,46,143
10/15/2009,GUM,GU,AWP,WE,Federal Contract Tower,47,16,1,2,66,0,0,16,0,16,47,16,17,2,82,38,0,38,120
10/16/2009,GUM,GU,AWP,WE,Federal Contract Tower,47,18,0,0,65,0,0,16,0,16,47,18,16,0,81,2,0,2,83
10/17/2009,GUM,GU,AWP,WE,Federal Contract Tower,47,14,2,0,63,0,0,30,0,30,47,14,32,0,93,28,0,28,121
10/18/2009,GUM,GU,AWP,WE,Federal Contract Tower,50,16,5,0,71,0,0,10,0,10,50,16,15,0,81,22,0,22,103
10/19/2009,GUM,GU,AWP,WE,Federal Contract Tower,57,18,2,0,77,0,0,26,0,26,57,18,28,0,103,40,0,40,143
10/20/2009,GUM,GU,AWP,WE,Federal Contract Tower,44,14,0,0,58,0,0,10,0,10,44,14,10,0,68,44,0,44,112
10/21/2009,GUM,GU,AWP,WE,Federal Contract Tower,43,16,1,0,60,0,0,22,0,22,43,16,23,0,82,26,0,26,108
10/22/2009,GUM,GU,AWP,WE,Federal Contract Tower,47,20,1,2,70,0,0,26,0,26,47,20,27,2,96,22,0,22,118
10/23/2009,GUM,GU,AWP,WE,Federal Contract Tower,49,31,2,0,82,0,0,35,0,35,49,31,37,0,117,64,0,64,181
10/24/2009,GUM,GU,AWP,WE,Federal Contract Tower,43,14,6,0,63,0,0,32,0,32,43,14,38,0,95,82,0,82,177
10/25/2009,GUM,GU,AWP,WE,Federal Contract Tower,53,16,4,0,73,0,0,26,0,26,53,16,30,0,99,86,0,86,185
10/26/2009,GUM,GU,AWP,WE,Federal Contract Tower,53,18,2,0,73,0,0,28,0,28,53,18,30,0,101,84,0,84,185
10/27/2009,GUM,GU,AWP,WE,Federal Contract Tower,52,12,12,0,76,0,0,12,0,12,52,12,24,0,88,22,0,22,110
10/28/2009,GUM,GU,AWP,WE,Federal Contract Tower,42,16,0,0,58,0,0,49,0,49,42,16,49,0,107,71,0,71,178
10/29/2009,GUM,GU,AWP,WE,Federal Contract Tower,50,16,0,0,66,0,0,31,0,31,50,16,31,0,97,14,0,14,111
10/30/2009,GUM,GU,AWP,WE,Federal Contract Tower,53,20,3,0,76,0,0,19,0,19,53,20,22,0,95,80,0,80,175
10/31/2009,GUM,GU,AWP,WE,Federal Contract Tower,46,14,6,0,66,0,1,18,0,19,46,15,24,0,85,126,0,126,211
11/01/2009,GUM,GU,AWP,WE,Federal Contract Tower,54,17,12,0,83,0,0,30,0,30,54,17,42,0,113,148,0,148,261
11/02/2009,GUM,GU,AWP,WE,Federal Contract Tower,51,12,4,0,67,0,3,24,0,27,51,15,28,0,94,110,0,110,204
11/03/2009,GUM,GU,AWP,WE,Federal Contract Tower,50,11,0,1,62,0,5,10,0,15,50,16,10,1,77,98,0,98,175
11/04/2009,GUM,GU,AWP,WE,Federal Contract Tower,45,16,2,0,63,0,1,26,0,27,45,17,28,0,90,48,0,48,138
11/05/2009,GUM,GU,AWP,WE,Federal Contract Tower,46,16,2,2,66,0,0,17,0,17,46,16,19,2,83,54,0,54,137
11/06/2009,GUM,GU,AWP,WE,Federal Contract Tower,50,22,3,0,75,0,0,34,0,34,50,22,37,0,109,60,0,60,169
11/07/2009,GUM,GU,AWP,WE,Federal Contract Tower,46,15,2,0,63,0,0,38,0,38,46,15,40,0,101,36,0,36,137
11/08/2009,GUM,GU,AWP,WE,Federal Contract Tower,53,19,2,0,74,0,0,40,0,40,53,19,42,0,114,34,0,34,148
11/09/2009,GUM,GU,AWP,WE,Federal Contract Tower,54,20,2,0,76,0,0,18,0,18,54,20,20,0,94,46,0,46,140
11/10/2009,GUM,GU,AWP,WE,Federal Contract Tower,45,14,1,0,60,0,0,10,0,10,45,14,11,0,70,54,0,54,124
11/11/2009,GUM,GU,AWP,WE,Federal Contract Tower,43,16,1,0,60,0,0,38,0,38,43,16,39,0,98,42,0,42,140
11/12/2009,GUM,GU,AWP,WE,Federal Contract Tower,51,18,11,2,82,0,0,29,0,29,51,18,40,2,111,36,0,36,147
11/13/2009,GUM,GU,AWP,WE,Federal Contract Tower,54,18,1,0,73,0,0,22,0,22,54,18,23,0,95,24,0,24,119
11/14/2009,GUM,GU,AWP,WE,Federal Contract Tower,47,14,4,0,65,0,0,26,0,26,47,14,30,0,91,24,0,24,115
11/15/2009,GUM,GU,AWP,WE,Federal Contract Tower,52,18,1,0,71,0,0,30,0,30,52,18,31,0,101,40,0,40,141
11/16/2009,GUM,GU,AWP,WE,Federal Contract Tower,51,18,2,0,71,0,0,26,0,26,51,18,28,0,97,34,0,34,131
11/17/2009,GUM,GU,AWP,WE,Federal Contract Tower,48,14,5,0,67,0,0,18,0,18,48,14,23,0,85,30,0,30,115
11/18/2009,GUM,GU,AWP,WE,Federal Contract Tower,45,16,0,0,61,0,0,36,0,36,45,16,36,0,97,26,0,26,123
11/19/2009,GUM,GU,AWP,WE,Federal Contract Tower,52,16,8,0,76,0,2,40,0,42,52,18,48,0,118,32,0,32,150
11/20/2009,GUM,GU,AWP,WE,Federal Contract Tower,52,18,6,0,76,0,0,26,0,26,52,18,32,0,102,24,0,24,126
11/21/2009,GUM,GU,AWP,WE,Federal Contract Tower,46,14,14,0,74,0,0,46,0,46,46,14,60,0,120,54,0,54,174
11/22/2009,GUM,GU,AWP,WE,Federal Contract Tower,53,16,19,0,88,0,0,22,0,22,53,16,41,0,110,40,0,40,150
11/23/2009,GUM,GU,AWP,WE,Federal Contract Tower,56,18,20,4,98,0,2,14,0,16,56,20,34,4,114,62,0,62,176
11/24/2009,GUM,GU,AWP,WE,Federal Contract Tower,50,14,7,1,72,0,0,18,0,18,50,14,25,1,90,58,0,58,148
11/25/2009,GUM,GU,AWP,WE,Federal Contract Tower,46,16,7,0,69,0,2,26,0,28,46,18,33,0,97,14,0,14,111
11/26/2009,GUM,GU,AWP,WE,Federal Contract Tower,51,16,0,0,67,0,0,16,0,16,51,16,16,0,83,18,0,18,101
11/27/2009,GUM,GU,AWP,WE,Federal Contract Tower,48,18,0,0,66,0,1,17,0,18,48,19,17,0,84,8,0,8,92
11/28/2009,GUM,GU,AWP,WE,Federal Contract Tower,49,14,0,0,63,0,0,4,0,4,49,14,4,0,67,12,0,12,79
11/29/2009,GUM,GU,AWP,WE,Federal Contract Tower,51,16,0,0,67,0,0,70,0,70,51,16,70,0,137,62,0,62,199
11/30/2009,GUM,GU,AWP,WE,Federal Contract Tower,56,16,0,0,72,0,4,22,0,26,56,20,22,0,98,50,0,50,148
12/01/2009,GUM,GU,AWP,WE,Federal Contract Tower,50,14,3,0,67,0,2,16,0,18,50,16,19,0,85,88,0,88,173
12/02/2009,GUM,GU,AWP,WE,Federal Contract Tower,42,14,2,0,58,0,4,8,0,12,42,18,10,0,70,18,0,18,88
12/03/2009,GUM,GU,AWP,WE,Federal Contract Tower,47,18,7,0,72,0,5,22,0,27,47,23,29,0,99,20,0,20,119
12/04/2009,GUM,GU,AWP,WE,Federal Contract Tower,46,20,2,0,68,0,4,38,0,42,46,24,40,0,110,36,0,36,146
12/05/2009,GUM,GU,AWP,WE,Federal Contract Tower,46,16,8,0,70,0,1,58,0,59,46,17,66,0,129,42,0,42,171
12/06/2009,GUM,GU,AWP,WE,Federal Contract Tower,55,16,0,0,71,0,0,35,0,35,55,16,35,0,106,38,0,38,144
12/07/2009,GUM,GU,AWP,WE,Federal Contract Tower,56,16,8,2,82,0,2,28,0,30,56,18,36,2,112,44,0,44,156
12/08/2009,GUM,GU,AWP,WE,Federal Contract Tower,44,14,11,0,69,0,0,12,0,12,44,14,23,0,81,54,0,54,135
12/09/2009,GUM,GU,AWP,WE,Federal Contract Tower,46,16,6,0,68,0,2,46,0,48,46,18,52,0,116,14,0,14,130
12/10/2009,GUM,GU,AWP,WE,Federal Contract Tower,55,20,18,0,93,0,4,36,0,40,55,24,54,0,133,46,0,46,179
12/11/2009,GUM,GU,AWP,WE,Federal Contract Tower,54,20,2,0,76,0,0,28,0,28,54,20,30,0,104,66,0,66,170
12/12/2009,GUM,GU,AWP,WE,Federal Contract Tower,52,17,0,0,69,0,0,38,2,40,52,17,38,2,109,40,0,40,149
12/13/2009,GUM,GU,AWP,WE,Federal Contract Tower,52,16,0,0,68,0,0,44,0,44,52,16,44,0,112,66,0,66,178
12/14/2009,GUM,GU,AWP,WE,Federal Contract Tower,53,19,2,2,76,0,1,16,0,17,53,20,18,2,93,62,0,62,155
12/15/2009,GUM,GU,AWP,WE,Federal Contract Tower,52,14,0,0,66,0,0,12,0,12,52,14,12,0,78,53,0,53,131
12/16/2009,GUM,GU,AWP,WE,Federal Contract Tower,51,14,3,0,68,0,4,44,0,48,51,18,47,0,116,22,0,22,138
12/17/2009,GUM,GU,AWP,WE,Federal Contract Tower,55,16,1,0,72,0,0,39,0,39,55,16,40,0,111,46,0,46,157
12/18/2009,GUM,GU,AWP,WE,Federal Contract Tower,56,18,0,0,74,0,0,24,2,26,56,18,24,2,100,32,0,32,132
12/19/2009,GUM,GU,AWP,WE,Federal Contract Tower,50,14,1,0,65,0,0,32,0,32,50,14,33,0,97,98,0,98,195
12/20/2009,GUM,GU,AWP,WE,Federal Contract Tower,58,16,1,0,75,0,0,32,0,32,58,16,33,0,107,126,0,126,233
12/21/2009,GUM,GU,AWP,WE,Federal Contract Tower,59,20,1,2,82,0,0,26,0,26,59,20,27,2,108,84,0,84,192
12/22/2009,GUM,GU,AWP,WE,Federal Contract Tower,46,16,8,0,70,0,0,11,0,11,46,16,19,0,81,106,0,106,187
12/23/2009,GUM,GU,AWP,WE,Federal Contract Tower,49,16,4,0,69,0,0,10,0,10,49,16,14,0,79,72,0,72,151
12/24/2009,GUM,GU,AWP,WE,Federal Contract Tower,49,18,8,0,75,0,0,34,0,34,49,18,42,0,109,46,0,46,155
12/25/2009,GUM,GU,AWP,WE,Federal Contract Tower,53,12,7,0,72,0,6,67,0,73,53,18,74,0,145,104,0,104,249
12/26/2009,GUM,GU,AWP,WE,Federal Contract Tower,56,17,0,0,73,0,0,58,0,58,56,17,58,0,131,122,0,122,253
12/27/2009,GUM,GU,AWP,WE,Federal Contract Tower,68,16,7,0,91,0,0,58,0,58,68,16,65,0,149,92,0,92,241
12/28/2009,GUM,GU,AWP,WE,Federal Contract Tower,63,20,3,0,86,0,0,35,0,35,63,20,38,0,121,84,0,84,205
12/29/2009,GUM,GU,AWP,WE,Federal Contract Tower,62,14,5,0,81,0,0,32,0,32,62,14,37,0,113,132,0,132,245
12/30/2009,GUM,GU,AWP,WE,Federal Contract Tower,73,16,14,0,103,0,0,66,0,66,73,16,80,0,169,140,0,140,309
12/31/2009,GUM,GU,AWP,WE,Federal Contract Tower,79,20,10,0,109,0,2,72,0,74,79,22,82,0,183,136,0,136,319
01/01/2010,GUM,GU,AWP,WE,Federal Contract Tower,62,12,7,0,81,0,4,97,0,101,62,16,104,0,182,144,0,144,326
01/02/2010,GUM,GU,AWP,WE,Federal Contract Tower,66,14,5,0,85,0,0,88,0,88,66,14,93,0,173,120,0,120,293
01/03/2010,GUM,GU,AWP,WE,Federal Contract Tower,81,16,14,0,111,0,0,56,0,56,81,16,70,0,167,80,0,80,247
01/04/2010,GUM,GU,AWP,WE,Federal Contract Tower,69,18,3,0,90,0,1,16,0,17,69,19,19,0,107,87,0,87,194
01/05/2010,GUM,GU,AWP,WE,Federal Contract Tower,59,14,1,0,74,0,0,32,0,32,59,14,33,0,106,44,0,44,150
01/06/2010,GUM,GU,AWP,WE,Federal Contract Tower,59,14,1,0,74,0,0,12,0,12,59,14,13,0,86,38,0,38,124
01/07/2010,GUM,GU,AWP,WE,Federal Contract Tower,64,12,2,0,78,0,4,44,0,48,64,16,46,0,126,24,0,24,150
01/08/2010,GUM,GU,AWP,WE,Federal Contract Tower,60,19,0,0,79,0,1,28,0,29,60,20,28,0,108,34,0,34,142
01/09/2010,GUM,GU,AWP,WE,Federal Contract Tower,53,14,0,0,67,0,0,46,0,46,53,14,46,0,113,52,0,52,165
01/10/2010,GUM,GU,AWP,WE,Federal Contract Tower,61,16,0,0,77,0,0,28,0,28,61,16,28,0,105,112,0,112,217
01/11/2010,GUM,GU,AWP,WE,Federal Contract Tower,65,15,2,0,82,0,6,44,0,50,65,21,46,0,132,52,0,52,184
01/12/2010,GUM,GU,AWP,WE,Federal Contract Tower,61,18,0,0,79,0,0,44,0,44,61,18,44,0,123,108,0,108,231
01/13/2010,GUM,GU,AWP,WE,Federal Contract Tower,57,15,0,0,72,0,3,44,2,49,57,18,44,2,121,104,0,104,225
01/14/2010,GUM,GU,AWP,WE,Federal Contract Tower,59,16,2,8,85,0,0,29,0,29,59,16,31,8,114,64,0,64,178
01/15/2010,GUM,GU,AWP,WE,Federal Contract Tower,55,18,2,0,75,0,4,40,0,44,55,22,42,0,119,58,0,58,177
01/16/2010,GUM,GU,AWP,WE,Federal Contract Tower,52,14,2,0,68,0,0,28,0,28,52,14,30,0,96,82,0,82,178
01/17/2010,GUM,GU,AWP,WE,Federal Contract Tower,63,16,10,0,89,0,0,26,0,26,63,16,36,0,115,74,0,74,189
01/18/2010,GUM,GU,AWP,WE,Federal Contract Tower,65,16,2,0,83,0,0,34,0,34,65,16,36,0,117,76,0,76,193
01/19/2010,GUM,GU,AWP,WE,Federal Contract Tower,57,12,2,6,77,0,0,2,0,2,57,12,4,6,79,28,0,28,107
01/20/2010,GUM,GU,AWP,WE,Federal Contract Tower,49,14,1,2,66,0,0,16,0,16,49,14,17,2,82,18,0,18,100
01/21/2010,GUM,GU,AWP,WE,Federal Contract Tower,60,15,0,0,75,0,0,34,0,34,60,15,34,0,109,44,0,44,153
01/22/2010,GUM,GU,AWP,WE,Federal Contract Tower,59,18,0,8,85,0,2,38,0,40,59,20,38,8,125,48,0,48,173
01/23/2010,GUM,GU,AWP,WE,Federal Contract Tower,52,14,0,0,66,0,0,30,0,30,52,14,30,0,96,50,0,50,146
01/24/2010,GUM,GU,AWP,WE,Federal Contract Tower,67,16,2,0,85,0,0,34,0,34,67,16,36,0,119,44,0,44,163
01/25/2010,GUM,GU,AWP,WE,Federal Contract Tower,63,16,4,10,93,0,3,30,0,33,63,19,34,10,126,54,2,56,182
01/26/2010,GUM,GU,AWP,WE,Federal Contract Tower,53,14,1,0,68,0,0,35,0,35,53,14,36,0,103,28,0,28,131
01/27/2010,GUM,GU,AWP,WE,Federal Contract Tower,53,14,0,2,69,0,0,58,0,58,53,14,58,2,127,48,0,48,175
01/28/2010,GUM,GU,AWP,WE,Federal Contract Tower,56,16,0,5,77,0,4,48,1,53,56,20,48,6,130,58,0,58,188
01/29/2010,GUM,GU,AWP,WE,Federal Contract Tower,58,20,0,0,78,0,1,32,0,33,58,21,32,0,111,44,0,44,155
01/30/2010,GUM,GU,AWP,WE,Federal Contract Tower,51,14,0,0,65,0,0,30,0,30,51,14,30,0,95,66,0,66,161
01/31/2010,GUM,GU,AWP,WE,Federal Contract Tower,60,16,1,0,77,0,0,34,0,34,60,16,35,0,111,42,0,42,153
02/01/2010,GUM,GU,AWP,WE,Federal Contract Tower,60,16,0,0,76,0,3,38,0,41,60,19,38,0,117,52,0,52,169
02/02/2010,GUM,GU,AWP,WE,Federal Contract Tower,57,14,0,0,71,0,0,35,0,35,57,14,35,0,106,132,2,134,240
02/03/2010,GUM,GU,AWP,WE,Federal Contract Tower,57,13,0,0,70,0,4,43,0,47,57,17,43,0,117,62,24,86,203
02/04/2010,GUM,GU,AWP,WE,Federal Contract Tower,60,16,6,0,82,0,0,34,0,34,60,16,40,0,116,40,0,40,156
02/05/2010,GUM,GU,AWP,WE,Federal Contract Tower,55,18,5,0,78,0,0,27,0,27,55,18,32,0,105,36,0,36,141
02/06/2010,GUM,GU,AWP,WE,Federal Contract Tower,51,13,12,0,76,0,0,26,0,26,51,13,38,0,102,116,0,116,218
02/07/2010,GUM,GU,AWP,WE,Federal Contract Tower,61,16,9,0,86,0,0,40,0,40,61,16,49,0,126,100,0,100,226
02/08/2010,GUM,GU,AWP,WE,Federal Contract Tower,57,12,3,0,72,0,5,34,0,39,57,17,37,0,111,60,0,60,171
02/09/2010,GUM,GU,AWP,WE,Federal Contract Tower,52,14,6,0,72,0,0,50,0,50,52,14,56,0,122,28,26,54,176
02/10/2010,GUM,GU,AWP,WE,Federal Contract Tower,56,14,5,0,75,0,4,52,0,56,56,18,57,0,131,44,0,44,175
02/11/2010,GUM,GU,AWP,WE,Federal Contract Tower,61,16,13,0,90,0,0,44,0,44,61,16,57,0,134,22,0,22,156
02/12/2010,GUM,GU,AWP,WE,Federal Contract Tower,55,18,6,0,79,0,4,50,0,54,55,22,56,0,133,22,0,22,155
02/13/2010,GUM,GU,AWP,WE,Federal Contract Tower,57,14,8,0,79,0,1,71,0,72,57,15,79,0,151,86,0,86,237
02/14/2010,GUM,GU,AWP,WE,Federal Contract Tower,71,16,8,0,95,0,0,58,0,58,71,16,66,0,153,86,0,86,239
02/15/2010,GUM,GU,AWP,WE,Federal Contract Tower,59,16,1,0,76,0,6,44,0,50,59,22,45,0,126,40,0,40,166
02/16/2010,GUM,GU,AWP,WE,Federal Contract Tower,54,14,12,6,86,0,0,24,0,24,54,14,36,6,110,52,0,52,162
02/17/2010,GUM,GU,AWP,WE,Federal Contract Tower,65,14,12,4,95,0,5,78,0,83,65,19,90,4,178,66,0,66,244
02/18/2010,GUM,GU,AWP,WE,Federal Contract Tower,59,16,13,0,88,0,0,67,2,69,59,16,80,2,157,102,0,102,259
02/19/2010,GUM,GU,AWP,WE,Federal Contract Tower,66,18,2,4,90,0,0,29,0,29,66,18,31,4,119,90,0,90,209
02/20/2010,GUM,GU,AWP,WE,Federal Contract Tower,49,14,2,0,65,0,0,46,0,46,49,14,48,0,111,160,0,160,271
02/21/2010,GUM,GU,AWP,WE,Federal Contract Tower,69,16,2,0,87,0,0,28,0,28,69,16,30,0,115,94,0,94,209
02/22/2010,GUM,GU,AWP,WE,Federal Contract Tower,59,16,0,0,75,0,4,48,0,52,59,20,48,0,127,156,0,156,283
02/23/2010,GUM,GU,AWP,WE,Federal Contract Tower,55,14,9,0,78,0,1,32,0,33,55,15,41,0,111,114,0,114,225
02/24/2010,GUM,GU,AWP,WE,Federal Contract Tower,54,16,6,0,76,0,2,54,0,56,54,18,60,0,132,64,0,64,196
02/25/2010,GUM,GU,AWP,WE,Federal Contract Tower,52,16,9,0,77,0,0,65,0,65,52,16,74,0,142,124,0,124,266
02/26/2010,GUM,GU,AWP,WE,Federal Contract Tower,52,19,16,0,87,0,1,45,0,46,52,20,61,0,133,100,0,100,233
02/27/2010,GUM,GU,AWP,WE,Federal Contract Tower,52,14,14,0,80,0,2,38,0,40,52,16,52,0,120,64,0,64,184
02/28/2010,GUM,GU,AWP,WE,Federal Contract Tower,60,16,1,0,77,0,0,32,0,32,60,16,33,0,109,72,0,72,181
03/01/2010,GUM,GU,AWP,WE,Federal Contract Tower,60,18,1,0,79,0,4,24,0,28,60,22,25,0,107,26,0,26,133
03/02/2010,GUM,GU,AWP,WE,Federal Contract Tower,53,14,2,0,69,0,0,28,0,28,53,14,30,0,97,100,0,100,197
03/03/2010,GUM,GU,AWP,WE,Federal Contract Tower,56,18,10,0,84,0,0,44,0,44,56,18,54,0,128,22,0,22,150
03/04/2010,GUM,GU,AWP,WE,Federal Contract Tower,55,16,7,0,78,0,0,42,0,42,55,16,49,0,120,112,0,112,232
03/05/2010,GUM,GU,AWP,WE,Federal Contract Tower,53,23,4,0,80,0,1,35,0,36,53,24,39,0,116,76,0,76,192
03/06/2010,GUM,GU,AWP,WE,Federal Contract Tower,47,14,8,0,69,0,0,48,0,48,47,14,56,0,117,78,0,78,195
03/07/2010,GUM,GU,AWP,WE,Federal Contract Tower,59,16,24,0,99,0,0,32,0,32,59,16,56,0,131,80,0,80,211
03/08/2010,GUM,GU,AWP,WE,Federal Contract Tower,66,18,2,10,96,0,0,22,0,22,66,18,24,10,118,88,0,88,206
03/09/2010,GUM,GU,AWP,WE,Federal Contract Tower,53,14,8,0,75,0,0,36,0,36,53,14,44,0,111,58,0,58,169
03/10/2010,GUM,GU,AWP,WE,Federal Contract Tower,50,16,8,0,74,0,0,60,0,60,50,16,68,0,134,122,0,122,256
03/11/2010,GUM,GU,AWP,WE,Federal Contract Tower,56,16,1,9,82,0,0,40,0,40,56,16,41,9,122,96,0,96,218
03/12/2010,GUM,GU,AWP,WE,Federal Contract Tower,56,20,10,0,86,0,0,36,0,36,56,20,46,0,122,28,0,28,150
03/13/2010,GUM,GU,AWP,WE,Federal Contract Tower,49,16,8,0,73,0,0,46,0,46,49,16,54,0,119,64,0,64,183
03/14/2010,GUM,GU,AWP,WE,Federal Contract Tower,61,16,1,6,84,0,0,24,0,24,61,16,25,6,108,110,0,110,218
03/15/2010,GUM,GU,AWP,WE,Federal Contract Tower,60,18,1,1,80,0,0,23,2,25,60,18,24,3,105,25,2,27,132
03/16/2010,GUM,GU,AWP,WE,Federal Contract Tower,55,14,1,2,72,0,0,30,0,30,55,14,31,2,102,28,0,28,130
03/17/2010,GUM,GU,AWP,WE,Federal Contract Tower,52,17,3,0,72,0,0,32,0,32,52,17,35,0,104,28,0,28,132
03/18/2010,GUM,GU,AWP,WE,Federal Contract Tower,58,16,11,0,85,0,0,39,0,39,58,16,50,0,124,86,0,86,210
03/19/2010,GUM,GU,AWP,WE,Federal Contract Tower,57,18,7,0,82,0,0,49,0,49,57,18,56,0,131,92,0,92,223
03/20/2010,GUM,GU,AWP,WE,Federal Contract Tower,51,14,1,0,66,0,0,78,0,78,51,14,79,0,144,144,0,144,288
03/21/2010,GUM,GU,AWP,WE,Federal Contract Tower,60,16,13,0,89,0,2,42,4,48,60,18,55,4,137,110,14,124,261
03/22/2010,GUM,GU,AWP,WE,Federal Contract Tower,63,16,5,10,94,0,2,28,0,30,63,18,33,10,124,68,0,68,192
03/23/2010,GUM,GU,AWP,WE,Federal Contract Tower,56,14,4,4,78,0,0,28,0,28,56,14,32,4,106,36,0,36,142
03/24/2010,GUM,GU,AWP,WE,Federal Contract Tower,51,18,2,0,71,0,0,28,0,28,51,18,30,0,99,104,0,104,203
03/25/2010,GUM,GU,AWP,WE,Federal Contract Tower,57,16,6,2,81,0,1,39,5,45,57,17,45,7,126,82,32,114,240
03/26/2010,GUM,GU,AWP,WE,Federal Contract Tower,62,18,7,12,99,0,0,28,0,28,62,18,35,12,127,62,0,62,189
03/27/2010,GUM,GU,AWP,WE,Federal Contract Tower,55,14,15,0,84,0,0,24,0,24,55,14,39,0,108,100,0,100,208
03/28/2010,GUM,GU,AWP,WE,Federal Contract Tower,57,17,5,0,79,0,0,68,4,72,57,17,73,4,151,66,30,96,247
03/29/2010,GUM,GU,AWP,WE,Federal Contract Tower,60,17,11,6,94,0,2,28,0,30,60,19,39,6,124,74,0,74,198
03/30/2010,GUM,GU,AWP,WE,Federal Contract Tower,55,14,5,14,88,0,0,20,0,20,55,14,25,14,108,106,26,132,240
03/31/2010,GUM,GU,AWP,WE,Federal Contract Tower,51,16,0,2,69,0,0,34,0,34,51,16,34,2,103,28,0,28,131
04/01/2010,GUM,GU,AWP,WE,Federal Contract Tower,55,15,5,4,79,0,2,36,0,38,55,17,41,4,117,48,6,54,171
04/02/2010,GUM,GU,AWP,WE,Federal Contract Tower,55,23,12,0,90,0,0,47,0,47,55,23,59,0,137,48,0,48,185
04/03/2010,GUM,GU,AWP,WE,Federal Contract Tower,59,14,11,0,84,0,0,64,0,64,59,14,75,0,148,86,0,86,234
04/04/2010,GUM,GU,AWP,WE,Federal Contract Tower,63,13,1,0,77,0,2,40,0,42,63,15,41,0,119,60,0,60,179
04/05/2010,GUM,GU,AWP,WE,Federal Contract Tower,62,17,3,0,82,0,2,48,6,56,62,19,51,6,138,62,2,64,202
04/06/2010,GUM,GU,AWP,WE,Federal Contract Tower,53,14,3,4,74,0,0,38,0,38,53,14,41,4,112,60,0,60,172
04/07/2010,GUM,GU,AWP,WE,Federal Contract Tower,51,16,4,0,71,0,0,52,0,52,51,16,56,0,123,68,0,68,191
04/08/2010,GUM,GU,AWP,WE,Federal Contract Tower,55,17,9,0,81,0,0,31,0,31,55,17,40,0,112,58,0,58,170
04/09/2010,GUM,GU,AWP,WE,Federal Contract Tower,56,19,0,0,75,0,1,24,0,25,56,20,24,0,100,28,0,28,128
04/10/2010,GUM,GU,AWP,WE,Federal Contract Tower,50,13,1,0,64,0,0,26,0,26,50,13,27,0,90,16,0,16,106
04/11/2010,GUM,GU,AWP,WE,Federal Contract Tower,60,17,11,0,88,0,0,20,0,20,60,17,31,0,108,28,0,28,136
04/12/2010,GUM,GU,AWP,WE,Federal Contract Tower,55,22,10,0,87,0,0,44,2,46,55,22,54,2,133,52,2,54,187
04/13/2010,GUM,GU,AWP,WE,Federal Contract Tower,48,14,8,4,74,0,0,8,0,8,48,14,16,4,82,54,0,54,136
04/14/2010,GUM,GU,AWP,WE,Federal Contract Tower,48,14,5,0,67,0,4,38,0,42,48,18,43,0,109,48,0,48,157
04/15/2010,GUM,GU,AWP,WE,Federal Contract Tower,55,17,6,2,80,0,0,28,2,30,55,17,34,4,110,46,4,50,160
04/16/2010,GUM,GU,AWP,WE,Federal Contract Tower,56,19,0,0,75,0,0,40,0,40,56,19,40,0,115,68,0,68,183
04/17/2010,GUM,GU,AWP,WE,Federal Contract Tower,48,14,9,0,71,0,0,34,0,34,48,14,43,0,105,90,0,90,195
04/18/2010,GUM,GU,AWP,WE,Federal Contract Tower,58,18,1,0,77,0,0,28,0,28,58,18,29,0,105,122,0,122,227
04/19/2010,GUM,GU,AWP,WE,Federal Contract Tower,59,16,4,4,83,0,3,30,0,33,59,19,34,4,116,88,0,88,204
04/20/2010,GUM,GU,AWP,WE,Federal Contract Tower,50,14,3,2,69,0,0,26,0,26,50,14,29,2,95,98,0,98,193
04/21/2010,GUM,GU,AWP,WE,Federal Contract Tower,52,16,3,0,71,0,2,44,0,46,52,18,47,0,117,38,4,42,159
04/22/2010,GUM,GU,AWP,WE,Federal Contract Tower,58,16,4,8,86,0,0,25,0,25,58,16,29,8,111,102,0,102,213
04/23/2010,GUM,GU,AWP,WE,Federal Contract Tower,57,20,2,0,79,0,0,45,0,45,57,20,47,0,124,54,0,54,178
04/24/2010,GUM,GU,AWP,WE,Federal Contract Tower,54,14,3,0,71,0,0,22,0,22,54,14,25,0,93,98,0,98,191
04/25/2010,GUM,GU,AWP,WE,Federal Contract Tower,59,16,2,0,77,0,0,22,0,22,59,16,24,0,99,122,0,122,221
04/26/2010,GUM,GU,AWP,WE,Federal Contract Tower,57,17,2,0,76,0,4,20,0,24,57,21,22,0,100,64,2,66,166
04/27/2010,GUM,GU,AWP,WE,Federal Contract Tower,52,14,1,0,67,0,2,22,0,24,52,16,23,0,91,56,0,56,147
04/28/2010,GUM,GU,AWP,WE,Federal Contract Tower,58,17,1,2,78,0,4,34,0,38,58,21,35,2,116,68,0,68,184
04/29/2010,GUM,GU,AWP,WE,Federal Contract Tower,61,13,1,0,75,0,7,33,0,40,61,20,34,0,115,56,0,56,171
04/30/2010,GUM,GU,AWP,WE,Federal Contract Tower,60,17,2,0,79,0,3,33,0,36,60,20,35,0,115,18,0,18,133
05/01/2010,GUM,GU,AWP,WE,Federal Contract Tower,63,14,1,0,78,0,0,72,0,72,63,14,73,0,150,96,0,96,246
05/02/2010,GUM,GU,AWP,WE,Federal Contract Tower,81,17,1,0,99,0,0,58,0,58,81,17,59,0,157,136,0,136,293
05/03/2010,GUM,GU,AWP,WE,Federal Contract Tower,62,17,4,0,83,0,2,54,0,56,62,19,58,0,139,166,0,166,305
05/04/2010,GUM,GU,AWP,WE,Federal Contract Tower,65,14,10,0,89,0,0,66,0,66,65,14,76,0,155,138,0,138,293
05/05/2010,GUM,GU,AWP,WE,Federal Contract Tower,77,16,10,4,107,0,0,66,0,66,77,16,76,4,173,148,0,148,321
05/06/2010,GUM,GU,AWP,WE,Federal Contract Tower,60,17,16,0,93,0,0,50,0,50,60,17,66,0,143,106,0,106,249
05/07/2010,GUM,GU,AWP,WE,Federal Contract Tower,58,20,8,0,86,0,2,42,0,44,58,22,50,0,130,110,0,110,240
05/08/2010,GUM,GU,AWP,WE,Federal Contract Tower,53,26,15,0,94,0,0,50,0,50,53,26,65,0,144,84,0,84,228
05/09/2010,GUM,GU,AWP,WE,Federal Contract Tower,68,28,1,0,97,0,1,15,0,16,68,29,16,0,113,48,0,48,161
05/10/2010,GUM,GU,AWP,WE,Federal Contract Tower,62,27,9,0,98,0,4,22,0,26,62,31,31,0,124,42,0,42,166
05/11/2010,GUM,GU,AWP,WE,Federal Contract Tower,54,14,1,0,69,0,0,28,0,28,54,14,29,0,97,60,0,60,157
05/12/2010,GUM,GU,AWP,WE,Federal Contract Tower,53,14,0,0,67,0,6,40,0,46,53,20,40,0,113,68,0,68,181
05/13/2010,GUM,GU,AWP,WE,Federal Contract Tower,57,27,1,0,85,0,0,30,0,30,57,27,31,0,115,72,0,72,187
05/14/2010,GUM,GU,AWP,WE,Federal Contract Tower,57,21,0,0,78,0,0,32,0,32,57,21,32,0,110,76,0,76,186
05/15/2010,GUM,GU,AWP,WE,Federal Contract Tower,52,14,2,0,68,0,0,32,0,32,52,14,34,0,100,80,0,80,180
05/16/2010,GUM,GU,AWP,WE,Federal Contract Tower,58,17,1,0,76,0,0,28,0,28,58,17,29,0,104,66,0,66,170
05/17/2010,GUM,GU,AWP,WE,Federal Contract Tower,59,19,2,0,80,0,1,42,0,43,59,20,44,0,123,68,0,68,191
05/18/2010,GUM,GU,AWP,WE,Federal Contract Tower,51,22,1,0,74,0,0,40,0,40,51,22,41,0,114,76,0,76,190
05/19/2010,GUM,GU,AWP,WE,Federal Contract Tower,51,14,1,0,66,0,0,56,0,56,51,14,57,0,122,96,0,96,218
05/20/2010,GUM,GU,AWP,WE,Federal Contract Tower,58,17,2,6,83,0,1,26,0,27,58,18,28,6,110,82,0,82,192
05/21/2010,GUM,GU,AWP,WE,Federal Contract Tower,57,19,0,0,76,0,2,64,0,66,57,21,64,0,142,92,0,92,234
05/22/2010,GUM,GU,AWP,WE,Federal Contract Tower,52,14,1,0,67,0,0,48,0,48,52,14,49,0,115,106,0,106,221
05/23/2010,GUM,GU,AWP,WE,Federal Contract Tower,61,17,3,0,81,0,0,28,0,28,61,17,31,0,109,74,0,74,183
05/24/2010,GUM,GU,AWP,WE,Federal Contract Tower,62,19,1,0,82,0,0,20,0,20,62,19,21,0,102,38,0,38,140
05/25/2010,GUM,GU,AWP,WE,Federal Contract Tower,53,14,1,0,68,0,0,20,0,20,53,14,21,0,88,53,0,53,141
05/26/2010,GUM,GU,AWP,WE,Federal Contract Tower,52,18,1,0,71,0,1,40,0,41,52,19,41,0,112,13,0,13,125
05/27/2010,GUM,GU,AWP,WE,Federal Contract Tower,56,17,0,0,73,0,2,34,0,36,56,19,34,0,109,34,0,34,143
05/28/2010,GUM,GU,AWP,WE,Federal Contract Tower,55,19,0,0,74,0,0,38,0,38,55,19,38,0,112,16,0,16,128
05/29/2010,GUM,GU,AWP,WE,Federal Contract Tower,52,21,0,0,73,0,0,22,0,22,52,21,22,0,95,26,0,26,121
05/30/2010,GUM,GU,AWP,WE,Federal Contract Tower,58,15,1,0,74,0,0,28,0,28,58,15,29,0,102,46,0,46,148
05/31/2010,GUM,GU,AWP,WE,Federal Contract Tower,60,18,1,0,79,0,2,34,0,36,60,20,35,0,115,22,0,22,137
06/01/2010,GUM,GU,AWP,WE,Federal Contract Tower,53,14,0,0,67,0,0,26,0,26,53,14,26,0,93,42,0,42,135
06/02/2010,GUM,GU,AWP,WE,Federal Contract Tower,51,14,16,0,81,0,2,46,0,48,51,16,62,0,129,4,0,4,133
06/03/2010,GUM,GU,AWP,WE,Federal Contract Tower,56,17,1,0,74,0,2,33,0,35,56,19,34,0,109,30,0,30,139
06/04/2010,GUM,GU,AWP,WE,Federal Contract Tower,59,19,0,0,78,0,2,44,0,46,59,21,44,0,124,42,0,42,166
06/05/2010,GUM,GU,AWP,WE,Federal Contract Tower,53,14,0,0,67,0,0,28,0,28,53,14,28,0,95,10,0,10,105
06/06/2010,GUM,GU,AWP,WE,Federal Contract Tower,62,13,4,0,79,0,4,34,0,38,62,17,38,0,117,58,0,58,175
06/07/2010,GUM,GU,AWP,WE,Federal Contract Tower,60,15,0,0,75,0,6,38,0,44,60,21,38,0,119,58,0,58,177
06/08/2010,GUM,GU,AWP,WE,Federal Contract Tower,53,14,3,0,70,0,0,16,0,16,53,14,19,0,86,32,0,32,118
06/09/2010,GUM,GU,AWP,WE,Federal Contract Tower,48,14,3,0,65,0,1,50,0,51,48,15,53,0,116,88,0,88,204
06/10/2010,GUM,GU,AWP,WE,Federal Contract Tower,53,17,5,6,81,0,0,27,0,27,53,17,32,6,108,54,0,54,162
06/11/2010,GUM,GU,AWP,WE,Federal Contract Tower,64,21,4,0,89,0,0,58,0,58,64,21,62,0,147,56,0,56,203
06/12/2010,GUM,GU,AWP,WE,Federal Contract Tower,54,14,4,0,72,0,0,58,0,58,54,14,62,0,130,102,0,102,232
06/13/2010,GUM,GU,AWP,WE,Federal Contract Tower,60,17,6,0,83,0,0,36,0,36,60,17,42,0,119,76,0,76,195
06/14/2010,GUM,GU,AWP,WE,Federal Contract Tower,61,19,6,4,90,0,0,34,0,34,61,19,40,4,124,102,0,102,226
06/15/2010,GUM,GU,AWP,WE,Federal Contract Tower,56,14,7,4,81,0,0,22,0,22,56,14,29,4,103,76,0,76,179
06/16/2010,GUM,GU,AWP,WE,Federal Contract Tower,52,16,1,4,73,0,2,56,0,58,52,18,57,4,131,38,0,38,169
06/17/2010,GUM,GU,AWP,WE,Federal Contract Tower,55,17,8,0,80,0,0,26,0,26,55,17,34,0,106,46,0,46,152
06/18/2010,GUM,GU,AWP,WE,Federal Contract Tower,58,21,2,0,81,0,0,42,0,42,58,21,44,0,123,98,0,98,221
06/19/2010,GUM,GU,AWP,WE,Federal Contract Tower,54,14,8,0,76,0,0,62,0,62,54,14,70,0,138,84,0,84,222
06/20/2010,GUM,GU,AWP,WE,Federal Contract Tower,59,17,4,1,81,0,0,24,1,25,59,17,28,2,106,90,0,90,196
06/21/2010,GUM,GU,AWP,WE,Federal Contract Tower,62,19,6,0,87,0,0,34,0,34,62,19,40,0,121,80,0,80,201
06/22/2010,GUM,GU,AWP,WE,Federal Contract Tower,59,14,6,0,79,0,0,28,0,28,59,14,34,0,107,86,0,86,193
06/23/2010,GUM,GU,AWP,WE,Federal Contract Tower,51,18,9,4,82,0,0,24,0,24,51,18,33,4,106,56,0,56,162
06/24/2010,GUM,GU,AWP,WE,Federal Contract Tower,56,19,2,0,77,0,2,24,0,26,56,21,26,0,103,54,0,54,157
06/25/2010,GUM,GU,AWP,WE,Federal Contract Tower,63,15,0,0,78,0,6,32,0,38,63,21,32,0,116,44,0,44,160
06/26/2010,GUM,GU,AWP,WE,Federal Contract Tower,54,11,0,0,65,0,4,50,0,54,54,15,50,0,119,82,0,82,201
06/27/2010,GUM,GU,AWP,WE,Federal Contract Tower,59,13,0,0,72,0,4,36,0,40,59,17,36,0,112,90,0,90,202
06/28/2010,GUM,GU,AWP,WE,Federal Contract Tower,61,15,7,3,86,0,7,23,0,30,61,22,30,3,116,46,0,46,162
06/29/2010,GUM,GU,AWP,WE,Federal Contract Tower,56,10,0,0,66,0,2,8,0,10,56,12,8,0,76,60,0,60,136
06/30/2010,GUM,GU,AWP,WE,Federal Contract Tower,54,12,7,0,73,0,7,28,0,35,54,19,35,0,108,42,0,42,150
07/01/2010,GUM,GU,AWP,WE,Federal Contract Tower,59,13,4,0,76,0,5,30,0,35,59,18,34,0,111,70,0,70,181
07/02/2010,GUM,GU,AWP,WE,Federal Contract Tower,59,16,0,0,75,0,4,58,0,62,59,20,58,0,137,150,0,150,287
07/03/2010,GUM,GU,AWP,WE,Federal Contract Tower,58,10,2,1,71,0,3,40,0,43,58,13,42,1,114,92,0,92,206
07/04/2010,GUM,GU,AWP,WE,Federal Contract Tower,62,14,3,0,79,0,0,34,0,34,62,14,37,0,113,116,0,116,229
07/05/2010,GUM,GU,AWP,WE,Federal Contract Tower,62,16,2,0,80,0,4,40,0,44,62,20,42,0,124,102,0,102,226
07/06/2010,GUM,GU,AWP,WE,Federal Contract Tower,60,12,5,1,78,0,3,37,0,40,60,15,42,1,118,122,0,122,240
07/07/2010,GUM,GU,AWP,WE,Federal Contract Tower,54,14,6,0,74,0,1,23,0,24,54,15,29,0,98,126,0,126,224
07/08/2010,GUM,GU,AWP,WE,Federal Contract Tower,56,18,22,0,96,0,0,19,0,19,56,18,41,0,115,68,0,68,183
07/09/2010,GUM,GU,AWP,WE,Federal Contract Tower,58,21,1,0,80,0,0,54,0,54,58,21,55,0,134,118,0,118,252
07/10/2010,GUM,GU,AWP,WE,Federal Contract Tower,56,14,3,0,73,0,0,20,0,20,56,14,23,0,93,84,0,84,177
07/11/2010,GUM,GU,AWP,WE,Federal Contract Tower,66,18,1,0,85,0,0,38,0,38,66,18,39,0,123,64,0,64,187
07/12/2010,GUM,GU,AWP,WE,Federal Contract Tower,66,17,0,0,83,0,4,38,0,42,66,21,38,0,125,110,0,110,235
07/13/2010,GUM,GU,AWP,WE,Federal Contract Tower,53,14,0,4,71,0,0,36,0,36,53,14,36,4,107,110,0,110,217
07/14/2010,GUM,GU,AWP,WE,Federal Contract Tower,51,22,0,0,73,0,3,50,0,53,51,25,50,0,126,82,0,82,208
07/15/2010,GUM,GU,AWP,WE,Federal Contract Tower,61,17,6,0,84,0,0,49,0,49,61,17,55,0,133,78,0,78,211
07/16/2010,GUM,GU,AWP,WE,Federal Contract Tower,62,19,5,3,89,0,0,71,0,71,62,19,76,3,160,76,0,76,236
07/17/2010,GUM,GU,AWP,WE,Federal Contract Tower,57,14,8,3,82,0,56,0,0,56,57,70,8,3,138,68,0,68,206
07/18/2010,GUM,GU,AWP,WE,Federal Contract Tower,66,16,4,0,86,0,0,44,0,44,66,16,48,0,130,88,0,88,218
07/19/2010,GUM,GU,AWP,WE,Federal Contract Tower,74,17,1,0,92,0,0,34,0,34,74,17,35,0,126,82,0,82,208
07/20/2010,GUM,GU,AWP,WE,Federal Contract Tower,61,12,1,0,74,0,2,34,0,36,61,14,35,0,110,102,0,102,212
07/21/2010,GUM,GU,AWP,WE,Federal Contract Tower,62,14,0,1,77,0,7,37,0,44,62,21,37,1,121,76,0,76,197
07/22/2010,GUM,GU,AWP,WE,Federal Contract Tower,61,17,4,0,82,0,0,32,0,32,61,17,36,0,114,27,0,27,141
07/23/2010,GUM,GU,AWP,WE,Federal Contract Tower,59,21,1,0,81,0,0,28,0,28,59,21,29,0,109,52,0,52,161
07/24/2010,GUM,GU,AWP,WE,Federal Contract Tower,61,14,0,0,75,0,0,34,0,34,61,14,34,0,109,48,0,48,157
07/25/2010,GUM,GU,AWP,WE,Federal Contract Tower,67,17,0,0,84,0,0,22,0,22,67,17,22,0,106,68,0,68,174
07/26/2010,GUM,GU,AWP,WE,Federal Contract Tower,66,17,3,0,86,0,4,28,0,32,66,21,31,0,118,32,0,32,150
07/27/2010,GUM,GU,AWP,WE,Federal Contract Tower,62,15,0,0,77,0,1,30,0,31,62,16,30,0,108,60,0,60,168
07/28/2010,GUM,GU,AWP,WE,Federal Contract Tower,58,14,0,4,76,0,4,46,0,50,58,18,46,4,126,24,0,24,150
07/29/2010,GUM,GU,AWP,WE,Federal Contract Tower,67,16,0,0,83,0,0,30,0,30,67,16,30,0,113,10,0,10,123
07/30/2010,GUM,GU,AWP,WE,Federal Contract Tower,61,21,0,0,82,0,0,31,0,31,61,21,31,0,113,18,0,18,131
07/31/2010,GUM,GU,AWP,WE,Federal Contract Tower,61,14,0,0,75,0,0,32,0,32,61,14,32,0,107,22,0,22,129
08/01/2010,GUM,GU,AWP,WE,Federal Contract Tower,67,17,0,0,84,0,24,0,0,24,67,41,0,0,108,20,0,20,128
08/02/2010,GUM,GU,AWP,WE,Federal Contract Tower,70,19,7,0,96,0,38,0,0,38,70,57,7,0,134,32,0,32,166
08/03/2010,GUM,GU,AWP,WE,Federal Contract Tower,59,14,0,0,73,0,0,22,0,22,59,14,22,0,95,30,0,30,125
08/04/2010,GUM,GU,AWP,WE,Federal Contract Tower,58,14,11,6,89,0,0,42,0,42,58,14,53,6,131,20,0,20,151
08/05/2010,GUM,GU,AWP,WE,Federal Contract Tower,64,17,19,0,100,0,0,40,0,40,64,17,59,0,140,36,0,36,176
08/06/2010,GUM,GU,AWP,WE,Federal Contract Tower,59,19,8,0,86,0,0,38,0,38,59,19,46,0,124,4,0,4,128
08/07/2010,GUM,GU,AWP,WE,Federal Contract Tower,63,14,0,0,77,0,0,40,0,40,63,14,40,0,117,50,0,50,167
08/08/2010,GUM,GU,AWP,WE,Federal Contract Tower,69,17,0,0,86,0,0,38,0,38,69,17,38,0,124,56,0,56,180
08/09/2010,GUM,GU,AWP,WE,Federal Contract Tower,70,19,10,0,99,0,0,30,0,30,70,19,40,0,129,68,0,68,197
08/10/2010,GUM,GU,AWP,WE,Federal Contract Tower,65,14,2,2,83,0,2,34,0,36,65,16,36,2,119,96,0,96,215
08/11/2010,GUM,GU,AWP,WE,Federal Contract Tower,60,14,0,0,74,0,2,53,0,55,60,16,53,0,129,58,0,58,187
08/12/2010,GUM,GU,AWP,WE,Federal Contract Tower,66,17,0,0,83,0,0,34,6,40,66,17,34,6,123,0,10,10,133
08/13/2010,GUM,GU,AWP,WE,Federal Contract Tower,64,21,8,0,93,0,0,40,0,40,64,21,48,0,133,92,0,92,225
08/14/2010,GUM,GU,AWP,WE,Federal Contract Tower,63,14,0,0,77,0,0,52,0,52,63,14,52,0,129,42,0,42,171
08/15/2010,GUM,GU,AWP,WE,Federal Contract Tower,62,17,0,0,79,0,0,32,0,32,62,17,32,0,111,84,0,84,195
08/16/2010,GUM,GU,AWP,WE,Federal Contract Tower,74,17,14,0,105,0,2,48,0,50,74,19,62,0,155,76,0,76,231
08/17/2010,GUM,GU,AWP,WE,Federal Contract Tower,65,14,0,0,79,0,0,56,0,56,65,14,56,0,135,82,0,82,217
08/18/2010,GUM,GU,AWP,WE,Federal Contract Tower,58,16,1,0,75,0,2,68,0,70,58,18,69,0,145,50,0,50,195
08/19/2010,GUM,GU,AWP,WE,Federal Contract Tower,64,17,10,0,91,0,4,50,0,54,64,21,60,0,145,52,0,52,197
08/20/2010,GUM,GU,AWP,WE,Federal Contract Tower,57,19,3,0,79,0,0,53,0,53,57,19,56,0,132,42,0,42,174
08/21/2010,GUM,GU,AWP,WE,Federal Contract Tower,60,14,1,0,75,0,0,34,0,34,60,14,35,0,109,36,0,36,145
08/22/2010,GUM,GU,AWP,WE,Federal Contract Tower,62,17,0,0,79,0,0,42,0,42,62,17,42,0,121,30,0,30,151
08/23/2010,GUM,GU,AWP,WE,Federal Contract Tower,71,17,1,0,89,0,2,52,0,54,71,19,53,0,143,70,0,70,213
08/24/2010,GUM,GU,AWP,WE,Federal Contract Tower,59,14,17,0,90,0,0,38,0,38,59,14,55,0,128,26,0,26,154
08/25/2010,GUM,GU,AWP,WE,Federal Contract Tower,62,14,16,0,92,0,1,47,0,48,62,15,63,0,140,24,0,24,164
08/26/2010,GUM,GU,AWP,WE,Federal Contract Tower,63,17,13,0,93,0,0,57,0,57,63,17,70,0,150,66,0,66,216
08/27/2010,GUM,GU,AWP,WE,Federal Contract Tower,63,23,0,0,86,0,0,42,0,42,63,23,42,0,128,32,0,32,160
08/28/2010,GUM,GU,AWP,WE,Federal Contract Tower,61,14,9,0,84,0,0,46,0,46,61,14,55,0,130,88,0,88,218
08/29/2010,GUM,GU,AWP,WE,Federal Contract Tower,63,21,3,0,87,0,0,46,0,46,63,21,49,0,133,66,0,66,199
08/30/2010,GUM,GU,AWP,WE,Federal Contract Tower,65,17,10,0,92,0,5,36,0,41,65,22,46,0,133,40,0,40,173
08/31/2010,GUM,GU,AWP,WE,Federal Contract Tower,60,14,1,0,75,0,0,40,0,40,60,14,41,0,115,30,6,36,151
09/01/2010,GUM,GU,AWP,WE,Federal Contract Tower,58,16,4,0,78,0,0,20,0,20,58,16,24,0,98,24,0,24,122
09/02/2010,GUM,GU,AWP,WE,Federal Contract Tower,59,17,8,0,84,0,3,41,0,44,59,20,49,0,128,28,0,28,156
09/03/2010,GUM,GU,AWP,WE,Federal Contract Tower,58,21,7,0,86,0,0,37,0,37,58,21,44,0,123,44,0,44,167
09/04/2010,GUM,GU,AWP,WE,Federal Contract Tower,60,14,16,0,90,0,0,57,0,57,60,14,73,0,147,103,0,103,250
09/05/2010,GUM,GU,AWP,WE,Federal Contract Tower,63,17,6,0,86,0,0,48,0,48,63,17,54,0,134,74,0,74,208
09/06/2010,GUM,GU,AWP,WE,Federal Contract Tower,67,17,0,0,84,0,2,62,0,64,67,19,62,0,148,30,0,30,178
09/07/2010,GUM,GU,AWP,WE,Federal Contract Tower,60,14,0,0,74,0,0,24,0,24,60,14,24,0,98,52,0,52,150
09/08/2010,GUM,GU,AWP,WE,Federal Contract Tower,53,14,1,2,70,0,2,46,0,48,53,16,47,2,118,36,0,36,154
09/09/2010,GUM,GU,AWP,WE,Federal Contract Tower,61,17,3,0,81,0,0,47,0,47,61,17,50,0,128,53,0,53,181
09/10/2010,GUM,GU,AWP,WE,Federal Contract Tower,59,21,3,0,83,0,0,48,0,48,59,21,51,0,131,40,0,40,171
09/11/2010,GUM,GU,AWP,WE,Federal Contract Tower,56,14,1,0,71,0,0,36,0,36,56,14,37,0,107,32,0,32,139
09/12/2010,GUM,GU,AWP,WE,Federal Contract Tower,61,17,0,0,78,0,0,30,0,30,61,17,30,0,108,42,0,42,150
09/13/2010,GUM,GU,AWP,WE,Federal Contract Tower,63,17,2,0,82,0,0,40,0,40,63,17,42,0,122,68,0,68,190
09/14/2010,GUM,GU,AWP,WE,Federal Contract Tower,56,14,7,0,77,0,0,24,0,24,56,14,31,0,101,72,0,72,173
09/15/2010,GUM,GU,AWP,WE,Federal Contract Tower,54,14,8,0,76,0,0,44,0,44,54,14,52,0,120,50,0,50,170
09/16/2010,GUM,GU,AWP,WE,Federal Contract Tower,57,17,0,0,74,0,0,41,0,41,57,17,41,0,115,48,4,52,167
09/17/2010,GUM,GU,AWP,WE,Federal Contract Tower,59,19,5,0,83,0,0,39,0,39,59,19,44,0,122,20,0,20,142
09/18/2010,GUM,GU,AWP,WE,Federal Contract Tower,60,14,9,0,83,0,1,34,2,37,60,15,43,2,120,22,0,22,142
09/19/2010,GUM,GU,AWP,WE,Federal Contract Tower,61,17,0,0,78,0,0,40,0,40,61,17,40,0,118,54,0,54,172
09/20/2010,GUM,GU,AWP,WE,Federal Contract Tower,61,18,23,0,102,0,0,32,0,32,61,18,55,0,134,51,0,51,185
09/21/2010,GUM,GU,AWP,WE,Federal Contract Tower,62,14,14,0,90,0,2,34,0,36,62,16,48,0,126,92,0,92,218
09/22/2010,GUM,GU,AWP,WE,Federal Contract Tower,55,16,4,0,75,0,2,58,0,60,55,18,62,0,135,92,0,92,227
09/23/2010,GUM,GU,AWP,WE,Federal Contract Tower,57,19,3,0,79,0,0,39,0,39,57,19,42,0,118,73,0,73,191
09/24/2010,GUM,GU,AWP,WE,Federal Contract Tower,56,20,10,2,88,0,0,61,0,61,56,20,71,2,149,44,0,44,193
09/25/2010,GUM,GU,AWP,WE,Federal Contract Tower,57,14,13,0,84,0,0,60,0,60,57,14,73,0,144,65,0,65,209
09/26/2010,GUM,GU,AWP,WE,Federal Contract Tower,64,16,5,1,86,0,0,51,0,51,64,16,56,1,137,81,0,81,218
09/27/2010,GUM,GU,AWP,WE,Federal Contract Tower,56,16,5,0,77,0,2,50,0,52,56,18,55,0,129,50,0,50,179
09/28/2010,GUM,GU,AWP,WE,Federal Contract Tower,60,16,3,0,79,0,0,38,0,38,60,16,41,0,117,60,0,60,177
09/29/2010,GUM,GU,AWP,WE,Federal Contract Tower,56,16,5,0,77,0,2,50,0,52,56,18,55,0,129,50,0,50,179
09/30/2010,GUM,GU,AWP,WE,Federal Contract Tower,57,16,3,0,76,0,0,35,0,35,57,16,38,0,111,11,0,11,122
10/01/2010,GUM,GU,AWP,WE,Federal Contract Tower,56,20,1,0,77,0,0,42,0,42,56,20,43,0,119,22,0,22,141
10/02/2010,GUM,GU,AWP,WE,Federal Contract Tower,52,14,5,0,71,0,0,38,0,38,52,14,43,0,109,42,0,42,151
10/03/2010,GUM,GU,AWP,WE,Federal Contract Tower,52,16,7,0,75,0,0,32,0,32,52,16,39,0,107,12,0,12,119
10/04/2010,GUM,GU,AWP,WE,Federal Contract Tower,57,16,3,0,76,0,1,16,0,17,57,17,19,0,93,20,0,20,113
10/05/2010,GUM,GU,AWP,WE,Federal Contract Tower,48,14,9,0,71,0,1,35,0,36,48,15,44,0,107,16,0,16,123
10/06/2010,GUM,GU,AWP,WE,Federal Contract Tower,49,12,7,0,68,0,4,42,0,46,49,16,49,0,114,22,8,30,144
10/07/2010,GUM,GU,AWP,WE,Federal Contract Tower,51,16,6,2,75,0,0,22,0,22,51,16,28,2,97,45,0,45,142
10/08/2010,GUM,GU,AWP,WE,Federal Contract Tower,55,16,0,0,71,0,0,52,0,52,55,16,52,0,123,46,0,46,169
10/09/2010,GUM,GU,AWP,WE,Federal Contract Tower,55,4,0,0,59,0,0,47,0,47,55,4,47,0,106,58,0,58,164
10/10/2010,GUM,GU,AWP,WE,Federal Contract Tower,63,4,2,0,69,0,0,29,0,29,63,4,31,0,98,54,0,54,152
10/11/2010,GUM,GU,AWP,WE,Federal Contract Tower,62,6,1,0,69,0,0,16,0,16,62,6,17,0,85,42,0,42,127
10/12/2010,GUM,GU,AWP,WE,Federal Contract Tower,52,4,2,0,58,0,0,29,0,29,52,4,31,0,87,56,0,56,143
10/13/2010,GUM,GU,AWP,WE,Federal Contract Tower,50,11,2,0,63,0,2,47,0,49,50,13,49,0,112,58,0,58,170
10/14/2010,GUM,GU,AWP,WE,Federal Contract Tower,52,16,0,0,68,0,0,54,0,54,52,16,54,0,122,80,0,80,202
10/15/2010,GUM,GU,AWP,WE,Federal Contract Tower,52,18,0,0,70,0,0,34,0,34,52,18,34,0,104,42,0,42,146
10/16/2010,GUM,GU,AWP,WE,Federal Contract Tower,50,12,0,0,62,0,0,20,0,20,50,12,20,0,82,54,0,54,136
10/17/2010,GUM,GU,AWP,WE,Federal Contract Tower,55,16,1,0,72,0,0,46,0,46,55,16,47,0,118,70,0,70,188
10/18/2010,GUM,GU,AWP,WE,Federal Contract Tower,59,16,5,4,84,0,0,44,0,44,59,16,49,4,128,29,0,29,157
10/19/2010,GUM,GU,AWP,WE,Federal Contract Tower,51,14,1,2,68,0,0,43,0,43,51,14,44,2,111,18,0,18,129
10/20/2010,GUM,GU,AWP,WE,Federal Contract Tower,49,12,0,2,63,0,0,56,0,56,49,12,56,2,119,28,0,28,147
10/21/2010,GUM,GU,AWP,WE,Federal Contract Tower,50,16,2,0,68,0,0,49,0,49,50,16,51,0,117,4,0,4,121
10/22/2010,GUM,GU,AWP,WE,Federal Contract Tower,56,18,1,0,75,0,0,26,0,26,56,18,27,0,101,30,0,30,131
10/23/2010,GUM,GU,AWP,WE,Federal Contract Tower,50,12,0,0,62,0,0,38,0,38,50,12,38,0,100,46,0,46,146
10/24/2010,GUM,GU,AWP,WE,Federal Contract Tower,54,16,0,0,70,0,0,32,0,32,54,16,32,0,102,34,0,34,136
10/25/2010,GUM,GU,AWP,WE,Federal Contract Tower,56,16,1,6,79,0,0,46,0,46,56,16,47,6,125,42,0,42,167
10/26/2010,GUM,GU,AWP,WE,Federal Contract Tower,50,14,1,2,67,0,0,28,0,28,50,14,29,2,95,60,0,60,155
10/27/2010,GUM,GU,AWP,WE,Federal Contract Tower,53,12,1,2,68,0,2,56,0,58,53,14,57,2,126,58,0,58,184
10/28/2010,GUM,GU,AWP,WE,Federal Contract Tower,54,16,1,2,73,0,0,28,0,28,54,16,29,2,101,22,0,22,123
10/29/2010,GUM,GU,AWP,WE,Federal Contract Tower,56,18,3,0,77,0,3,26,0,29,56,21,29,0,106,6,0,6,112
10/30/2010,GUM,GU,AWP,WE,Federal Contract Tower,50,12,0,0,62,0,0,24,0,24,50,12,24,0,86,32,0,32,118
10/31/2010,GUM,GU,AWP,WE,Federal Contract Tower,55,13,1,0,69,0,0,43,0,43,55,13,44,0,112,20,0,20,132
11/01/2010,GUM,GU,AWP,WE,Federal Contract Tower,60,13,0,2,75,0,0,42,0,42,60,13,42,2,117,32,0,32,149
11/02/2010,GUM,GU,AWP,WE,Federal Contract Tower,51,16,0,0,67,0,0,30,0,30,51,16,30,0,97,54,0,54,151
11/03/2010,GUM,GU,AWP,WE,Federal Contract Tower,49,12,2,0,63,0,0,26,0,26,49,12,28,0,89,36,0,36,125
11/04/2010,GUM,GU,AWP,WE,Federal Contract Tower,55,16,0,0,71,0,0,44,0,44,55,16,44,0,115,42,0,42,157
11/05/2010,GUM,GU,AWP,WE,Federal Contract Tower,57,18,0,0,75,0,0,32,0,32,57,18,32,0,107,28,0,28,135
11/06/2010,GUM,GU,AWP,WE,Federal Contract Tower,50,12,1,0,63,0,0,36,0,36,50,12,37,0,99,12,0,12,111
11/07/2010,GUM,GU,AWP,WE,Federal Contract Tower,53,16,0,0,69,0,0,24,0,24,53,16,24,0,93,8,0,8,101
11/08/2010,GUM,GU,AWP,WE,Federal Contract Tower,57,16,16,4,93,0,0,36,0,36,57,16,52,4,129,12,0,12,141
11/09/2010,GUM,GU,AWP,WE,Federal Contract Tower,53,8,1,1,63,0,0,33,0,33,53,8,34,1,96,20,0,20,116
11/10/2010,GUM,GU,AWP,WE,Federal Contract Tower,51,12,7,0,70,0,46,0,0,46,51,58,7,0,116,22,0,22,138
11/11/2010,GUM,GU,AWP,WE,Federal Contract Tower,53,20,5,0,78,0,0,23,0,23,53,20,28,0,101,18,0,18,119
11/12/2010,GUM,GU,AWP,WE,Federal Contract Tower,57,18,1,0,76,0,0,45,0,45,57,18,46,0,121,42,0,42,163
11/13/2010,GUM,GU,AWP,WE,Federal Contract Tower,50,12,6,0,68,0,1,46,0,47,50,13,52,0,115,14,0,14,129
11/14/2010,GUM,GU,AWP,WE,Federal Contract Tower,56,18,7,0,81,0,0,50,0,50,56,18,57,0,131,20,0,20,151
11/15/2010,GUM,GU,AWP,WE,Federal Contract Tower,56,16,15,0,87,0,2,46,0,48,56,18,61,0,135,24,0,24,159
11/16/2010,GUM,GU,AWP,WE,Federal Contract Tower,49,14,0,2,65,0,0,44,0,44,49,14,44,2,109,70,0,70,179
11/17/2010,GUM,GU,AWP,WE,Federal Contract Tower,54,22,0,0,76,0,2,28,0,30,54,24,28,0,106,68,0,68,174
11/18/2010,GUM,GU,AWP,WE,Federal Contract Tower,57,17,2,0,76,0,3,48,0,51,57,20,50,0,127,58,4,62,189
11/19/2010,GUM,GU,AWP,WE,Federal Contract Tower,56,18,0,0,74,0,0,32,0,32,56,18,32,0,106,20,0,20,126
11/20/2010,GUM,GU,AWP,WE,Federal Contract Tower,53,15,1,0,69,0,0,40,0,40,53,15,41,0,109,26,0,26,135
11/21/2010,GUM,GU,AWP,WE,Federal Contract Tower,60,16,0,0,76,0,2,44,0,46,60,18,44,0,122,48,0,48,170
11/22/2010,GUM,GU,AWP,WE,Federal Contract Tower,61,16,1,2,80,0,1,28,0,29,61,17,29,2,109,44,0,44,153
11/23/2010,GUM,GU,AWP,WE,Federal Contract Tower,50,14,10,0,74,0,0,46,0,46,50,14,56,0,120,28,0,28,148
11/24/2010,GUM,GU,AWP,WE,Federal Contract Tower,52,12,2,0,66,0,4,72,0,76,52,16,74,0,142,20,0,20,162
11/25/2010,GUM,GU,AWP,WE,Federal Contract Tower,50,16,6,0,72,0,0,53,0,53,50,16,59,0,125,62,0,62,187
11/26/2010,GUM,GU,AWP,WE,Federal Contract Tower,57,20,0,0,77,0,0,42,0,42,57,20,42,0,119,42,0,42,161
11/27/2010,GUM,GU,AWP,WE,Federal Contract Tower,51,12,0,0,63,0,0,52,0,52,51,12,52,0,115,72,0,72,187
11/28/2010,GUM,GU,AWP,WE,Federal Contract Tower,56,16,4,0,76,0,0,50,0,50,56,16,54,0,126,64,0,64,190
11/29/2010,GUM,GU,AWP,WE,Federal Contract Tower,61,18,2,0,81,0,0,42,0,42,61,18,44,0,123,56,0,56,179
11/30/2010,GUM,GU,AWP,WE,Federal Contract Tower,50,14,0,3,67,0,2,58,0,60,50,16,58,3,127,48,0,48,175
12/01/2010,GUM,GU,AWP,WE,Federal Contract Tower,50,12,0,2,64,0,4,28,0,32,50,16,28,2,96,66,0,66,162
12/02/2010,GUM,GU,AWP,WE,Federal Contract Tower,52,16,0,0,68,0,0,0,0,0,52,16,0,0,68,26,0,26,94
12/03/2010,GUM,GU,AWP,WE,Federal Contract Tower,53,18,0,0,71,0,0,34,0,34,53,18,34,0,105,14,0,14,119
12/04/2010,GUM,GU,AWP,WE,Federal Contract Tower,50,12,0,3,65,0,0,38,2,40,50,12,38,5,105,64,0,64,169
12/05/2010,GUM,GU,AWP,WE,Federal Contract Tower,53,16,1,0,70,0,0,28,0,28,53,16,29,0,98,48,0,48,146
12/06/2010,GUM,GU,AWP,WE,Federal Contract Tower,65,18,0,0,83,0,0,38,0,38,65,18,38,0,121,82,0,82,203
12/07/2010,GUM,GU,AWP,WE,Federal Contract Tower,54,15,1,0,70,0,0,30,0,30,54,15,31,0,100,88,0,88,188
12/08/2010,GUM,GU,AWP,WE,Federal Contract Tower,55,14,0,0,69,0,0,28,0,28,55,14,28,0,97,94,0,94,191
12/09/2010,GUM,GU,AWP,WE,Federal Contract Tower,52,16,0,0,68,0,0,46,0,46,52,16,46,0,114,64,0,64,178
12/10/2010,GUM,GU,AWP,WE,Federal Contract Tower,58,17,0,0,75,0,0,48,0,48,58,17,48,0,123,66,0,66,189
12/11/2010,GUM,GU,AWP,WE,Federal Contract Tower,54,12,0,0,66,0,0,74,0,74,54,12,74,0,140,76,0,76,216
12/12/2010,GUM,GU,AWP,WE,Federal Contract Tower,58,16,0,0,74,0,0,36,0,36,58,16,36,0,110,52,0,52,162
12/13/2010,GUM,GU,AWP,WE,Federal Contract Tower,59,18,1,0,78,0,0,76,0,76,59,18,77,0,154,76,0,76,230
12/14/2010,GUM,GU,AWP,WE,Federal Contract Tower,48,14,8,0,70,0,0,40,3,43,48,14,48,3,113,64,0,64,177
12/15/2010,GUM,GU,AWP,WE,Federal Contract Tower,52,14,4,6,76,0,0,36,0,36,52,14,40,6,112,90,0,90,202
12/16/2010,GUM,GU,AWP,WE,Federal Contract Tower,54,18,9,4,85,0,0,46,0,46,54,18,55,4,131,36,0,36,167
12/17/2010,GUM,GU,AWP,WE,Federal Contract Tower,60,18,3,0,81,0,1,40,0,41,60,19,43,0,122,32,0,32,154
12/18/2010,GUM,GU,AWP,WE,Federal Contract Tower,53,12,4,0,69,0,0,42,0,42,53,12,46,0,111,60,0,60,171
12/19/2010,GUM,GU,AWP,WE,Federal Contract Tower,58,16,0,0,74,0,0,52,0,52,58,16,52,0,126,46,0,46,172
12/20/2010,GUM,GU,AWP,WE,Federal Contract Tower,63,19,1,0,83,0,3,29,0,32,63,22,30,0,115,74,0,74,189
12/21/2010,GUM,GU,AWP,WE,Federal Contract Tower,53,14,2,0,69,0,0,20,0,20,53,14,22,0,89,48,0,48,137
12/22/2010,GUM,GU,AWP,WE,Federal Contract Tower,53,12,5,0,70,0,2,24,0,26,53,14,29,0,96,74,0,74,170
12/23/2010,GUM,GU,AWP,WE,Federal Contract Tower,53,20,0,0,73,0,0,31,0,31,53,20,31,0,104,46,0,46,150
12/24/2010,GUM,GU,AWP,WE,Federal Contract Tower,58,18,0,0,76,0,1,54,0,55,58,19,54,0,131,28,0,28,159
12/25/2010,GUM,GU,AWP,WE,Federal Contract Tower,59,13,0,0,72,0,0,30,0,30,59,13,30,0,102,98,0,98,200
12/26/2010,GUM,GU,AWP,WE,Federal Contract Tower,66,16,0,0,82,0,0,36,0,36,66,16,36,0,118,14,0,14,132
12/27/2010,GUM,GU,AWP,WE,Federal Contract Tower,69,19,2,0,90,0,0,28,0,28,69,19,30,0,118,50,0,50,168
12/28/2010,GUM,GU,AWP,WE,Federal Contract Tower,58,16,5,0,79,0,0,54,0,54,58,16,59,0,133,50,0,50,183
12/29/2010,GUM,GU,AWP,WE,Federal Contract Tower,63,14,6,0,83,0,2,62,0,64,63,16,68,0,147,80,0,80,227
12/30/2010,GUM,GU,AWP,WE,Federal Contract Tower,77,20,3,0,100,0,0,61,0,61,77,20,64,0,161,84,0,84,245
12/31/2010,GUM,GU,AWP,WE,Federal Contract Tower,83,17,0,0,100,0,0,70,0,70,83,17,70,0,170,52,0,52,222
01/01/2011,GUM,GU,AWP,WE,Federal Contract Tower,63,12,5,0,80,0,0,88,0,88,63,12,93,0,168,48,0,48,216
01/02/2011,GUM,GU,AWP,WE,Federal Contract Tower,75,16,3,0,94,0,0,58,0,58,75,16,61,0,152,74,0,74,226
01/03/2011,GUM,GU,AWP,WE,Federal Contract Tower,91,18,2,3,114,0,0,50,0,50,91,18,52,3,164,56,0,56,220
01/04/2011,GUM,GU,AWP,WE,Federal Contract Tower,60,14,6,0,80,0,0,16,0,16,60,14,22,0,96,28,0,28,124
01/05/2011,GUM,GU,AWP,WE,Federal Contract Tower,68,24,0,0,92,0,0,26,0,26,68,24,26,0,118,48,0,48,166
01/06/2011,GUM,GU,AWP,WE,Federal Contract Tower,67,17,3,4,91,0,0,60,0,60,67,17,63,4,151,8,0,8,159
01/07/2011,GUM,GU,AWP,WE,Federal Contract Tower,58,21,1,0,80,0,1,33,0,34,58,22,34,0,114,24,0,24,138
01/08/2011,GUM,GU,AWP,WE,Federal Contract Tower,58,12,2,0,72,0,0,31,0,31,58,12,33,0,103,43,0,43,146
01/09/2011,GUM,GU,AWP,WE,Federal Contract Tower,62,16,2,0,80,0,0,46,0,46,62,16,48,0,126,24,0,24,150
01/10/2011,GUM,GU,AWP,WE,Federal Contract Tower,72,17,1,0,90,0,0,30,0,30,72,17,31,0,120,38,0,38,158
01/11/2011,GUM,GU,AWP,WE,Federal Contract Tower,57,14,2,0,73,0,0,38,0,38,57,14,40,0,111,76,0,76,187
01/12/2011,GUM,GU,AWP,WE,Federal Contract Tower,54,14,3,2,73,0,0,44,0,44,54,14,47,2,117,62,0,62,179
01/13/2011,GUM,GU,AWP,WE,Federal Contract Tower,57,16,2,0,75,0,0,72,0,72,57,16,74,0,147,84,0,84,231
01/14/2011,GUM,GU,AWP,WE,Federal Contract Tower,55,18,10,0,83,0,0,16,0,16,55,18,26,0,99,112,0,112,211
01/15/2011,GUM,GU,AWP,WE,Federal Contract Tower,49,12,7,0,68,0,0,42,0,42,49,12,49,0,110,16,0,16,126
01/16/2011,GUM,GU,AWP,WE,Federal Contract Tower,57,16,6,0,79,0,0,46,0,46,57,16,52,0,125,42,0,42,167
01/17/2011,GUM,GU,AWP,WE,Federal Contract Tower,64,16,8,0,88,0,3,42,0,45,64,19,50,0,133,24,0,24,157
01/18/2011,GUM,GU,AWP,WE,Federal Contract Tower,54,8,6,0,68,0,0,56,0,56,54,8,62,0,124,48,0,48,172
01/19/2011,GUM,GU,AWP,WE,Federal Contract Tower,52,9,9,0,70,0,1,30,0,31,52,10,39,0,101,50,0,50,151
01/20/2011,GUM,GU,AWP,WE,Federal Contract Tower,59,14,6,0,79,0,2,32,0,34,59,16,38,0,113,22,0,22,135
01/21/2011,GUM,GU,AWP,WE,Federal Contract Tower,57,18,7,0,82,0,2,44,0,46,57,20,51,0,128,26,0,26,154
01/22/2011,GUM,GU,AWP,WE,Federal Contract Tower,53,16,4,0,73,0,2,55,0,57,53,18,59,0,130,24,0,24,154
01/23/2011,GUM,GU,AWP,WE,Federal Contract Tower,58,16,2,0,76,0,0,40,0,40,58,16,42,0,116,74,0,74,190
01/24/2011,GUM,GU,AWP,WE,Federal Contract Tower,64,18,1,0,83,0,0,44,0,44,64,18,45,0,127,38,0,38,165
01/25/2011,GUM,GU,AWP,WE,Federal Contract Tower,56,14,3,0,73,0,0,32,0,32,56,14,35,0,105,12,0,12,117
01/26/2011,GUM,GU,AWP,WE,Federal Contract Tower,54,16,2,2,74,0,6,52,0,58,54,22,54,2,132,96,0,96,228
01/27/2011,GUM,GU,AWP,WE,Federal Contract Tower,54,18,2,2,76,0,0,32,0,32,54,18,34,2,108,72,0,72,180
01/28/2011,GUM,GU,AWP,WE,Federal Contract Tower,57,18,2,0,77,0,0,26,0,26,57,18,28,0,103,20,0,20,123
01/29/2011,GUM,GU,AWP,WE,Federal Contract Tower,61,4,0,0,65,0,0,20,0,20,61,4,20,0,85,42,0,42,127
01/30/2011,GUM,GU,AWP,WE,Federal Contract Tower,62,4,0,0,66,0,0,50,0,50,62,4,50,0,116,88,0,88,204
01/31/2011,GUM,GU,AWP,WE,Federal Contract Tower,66,6,1,0,73,0,0,30,0,30,66,6,31,0,103,63,0,63,166
02/01/2011,GUM,GU,AWP,WE,Federal Contract Tower,57,4,1,0,62,0,0,28,0,28,57,4,29,0,90,62,0,62,152
02/02/2011,GUM,GU,AWP,WE,Federal Contract Tower,59,8,1,0,68,0,0,52,0,52,59,8,53,0,120,68,0,68,188
02/03/2011,GUM,GU,AWP,WE,Federal Contract Tower,66,8,0,0,74,0,0,53,0,53,66,8,53,0,127,42,0,42,169
02/04/2011,GUM,GU,AWP,WE,Federal Contract Tower,58,8,1,0,67,0,3,48,0,51,58,11,49,0,118,34,0,34,152
02/05/2011,GUM,GU,AWP,WE,Federal Contract Tower,66,4,2,0,72,0,0,61,0,61,66,4,63,0,133,18,0,18,151
02/06/2011,GUM,GU,AWP,WE,Federal Contract Tower,71,4,0,0,75,0,0,44,0,44,71,4,44,0,119,48,0,48,167
02/07/2011,GUM,GU,AWP,WE,Federal Contract Tower,70,24,1,0,95,0,0,50,0,50,70,24,51,0,145,42,0,42,187
02/08/2011,GUM,GU,AWP,WE,Federal Contract Tower,60,14,1,0,75,0,0,40,0,40,60,14,41,0,115,82,0,82,197
02/09/2011,GUM,GU,AWP,WE,Federal Contract Tower,58,14,0,2,74,0,2,40,0,42,58,16,40,2,116,68,0,68,184
02/10/2011,GUM,GU,AWP,WE,Federal Contract Tower,65,18,0,0,83,0,0,46,0,46,65,18,46,0,129,102,0,102,231
02/11/2011,GUM,GU,AWP,WE,Federal Contract Tower,59,20,2,0,81,0,0,76,0,76,59,20,78,0,157,118,0,118,275
02/12/2011,GUM,GU,AWP,WE,Federal Contract Tower,58,12,1,0,71,0,0,83,0,83,58,12,84,0,154,164,0,164,318
02/13/2011,GUM,GU,AWP,WE,Federal Contract Tower,64,16,1,0,81,0,0,60,0,60,64,16,61,0,141,154,0,154,295
02/14/2011,GUM,GU,AWP,WE,Federal Contract Tower,67,16,1,22,106,0,0,0,0,0,67,16,1,22,106,68,0,68,174
02/15/2011,GUM,GU,AWP,WE,Federal Contract Tower,53,8,7,12,80,0,0,38,0,38,53,8,45,12,118,44,0,44,162
02/16/2011,GUM,GU,AWP,WE,Federal Contract Tower,60,8,1,0,69,0,0,70,0,70,60,8,71,0,139,44,0,44,183
02/17/2011,GUM,GU,AWP,WE,Federal Contract Tower,64,4,1,0,69,0,0,62,0,62,64,4,63,0,131,22,0,22,153
02/18/2011,GUM,GU,AWP,WE,Federal Contract Tower,62,6,3,4,75,0,0,53,0,53,62,6,56,4,128,48,0,48,176
02/19/2011,GUM,GU,AWP,WE,Federal Contract Tower,57,4,1,0,62,0,0,57,0,57,57,4,58,0,119,22,0,22,141
02/20/2011,GUM,GU,AWP,WE,Federal Contract Tower,66,4,2,0,72,0,0,52,0,52,66,4,54,0,124,36,0,36,160
02/21/2011,GUM,GU,AWP,WE,Federal Contract Tower,67,6,2,0,75,0,0,36,0,36,67,6,38,0,111,14,0,14,125
02/22/2011,GUM,GU,AWP,WE,Federal Contract Tower,56,4,0,0,60,0,0,28,0,28,56,4,28,0,88,52,0,52,140
02/23/2011,GUM,GU,AWP,WE,Federal Contract Tower,60,6,2,0,68,0,2,32,0,34,60,8,34,0,102,38,0,38,140
02/24/2011,GUM,GU,AWP,WE,Federal Contract Tower,63,6,3,0,72,0,0,48,0,48,63,6,51,0,120,28,0,28,148
02/25/2011,GUM,GU,AWP,WE,Federal Contract Tower,62,10,2,2,76,0,0,40,0,40,62,10,42,2,116,28,0,28,144
02/26/2011,GUM,GU,AWP,WE,Federal Contract Tower,60,10,2,0,72,0,0,54,0,54,60,10,56,0,126,32,0,32,158
02/27/2011,GUM,GU,AWP,WE,Federal Contract Tower,67,14,0,0,81,0,0,42,0,42,67,14,42,0,123,62,0,62,185
02/28/2011,GUM,GU,AWP,WE,Federal Contract Tower,65,20,0,2,87,0,0,36,0,36,65,20,36,2,123,52,0,52,175
03/01/2011,GUM,GU,AWP,WE,Federal Contract Tower,54,14,0,0,68,0,0,36,0,36,54,14,36,0,104,56,2,58,162
03/02/2011,GUM,GU,AWP,WE,Federal Contract Tower,57,14,2,0,73,0,0,34,0,34,57,14,36,0,107,46,0,46,153
03/03/2011,GUM,GU,AWP,WE,Federal Contract Tower,58,22,4,2,86,0,2,36,0,38,58,24,40,2,124,62,0,62,186
03/04/2011,GUM,GU,AWP,WE,Federal Contract Tower,60,20,2,0,82,0,0,34,0,34,60,20,36,0,116,28,0,28,144
03/05/2011,GUM,GU,AWP,WE,Federal Contract Tower,58,12,0,0,70,0,2,62,0,64,58,14,62,0,134,106,0,106,240
03/06/2011,GUM,GU,AWP,WE,Federal Contract Tower,62,16,1,0,79,0,0,62,0,62,62,16,63,0,141,72,0,72,213
03/07/2011,GUM,GU,AWP,WE,Federal Contract Tower,63,18,1,0,82,0,0,36,0,36,63,18,37,0,118,50,0,50,168
03/08/2011,GUM,GU,AWP,WE,Federal Contract Tower,61,13,0,0,74,0,0,22,0,22,61,13,22,0,96,54,0,54,150
03/09/2011,GUM,GU,AWP,WE,Federal Contract Tower,62,15,4,0,81,0,4,30,0,34,62,19,34,0,115,64,0,64,179
03/10/2011,GUM,GU,AWP,WE,Federal Contract Tower,60,18,0,0,78,0,0,52,0,52,60,18,52,0,130,34,2,36,166
03/11/2011,GUM,GU,AWP,WE,Federal Contract Tower,62,17,1,0,80,0,2,70,0,72,62,19,71,0,152,34,0,34,186
03/12/2011,GUM,GU,AWP,WE,Federal Contract Tower,52,12,0,0,64,0,0,39,0,39,52,12,39,0,103,32,0,32,135
03/13/2011,GUM,GU,AWP,WE,Federal Contract Tower,69,18,1,0,88,0,1,34,0,35,69,19,35,0,123,68,0,68,191
03/14/2011,GUM,GU,AWP,WE,Federal Contract Tower,67,20,0,2,89,0,2,38,0,40,67,22,38,2,129,32,0,32,161
03/15/2011,GUM,GU,AWP,WE,Federal Contract Tower,61,16,7,6,90,0,1,28,0,29,61,17,35,6,119,64,0,64,183
03/16/2011,GUM,GU,AWP,WE,Federal Contract Tower,57,14,4,0,75,0,0,52,0,52,57,14,56,0,127,48,0,48,175
03/17/2011,GUM,GU,AWP,WE,Federal Contract Tower,59,12,1,0,72,0,0,40,0,40,59,12,41,0,112,40,0,40,152
03/18/2011,GUM,GU,AWP,WE,Federal Contract Tower,63,18,0,0,81,0,0,22,0,22,63,18,22,0,103,34,0,34,137
03/19/2011,GUM,GU,AWP,WE,Federal Contract Tower,58,12,3,0,73,0,0,54,0,54,58,12,57,0,127,108,0,108,235
03/20/2011,GUM,GU,AWP,WE,Federal Contract Tower,62,16,2,0,80,0,0,68,0,68,62,16,70,0,148,84,0,84,232
03/21/2011,GUM,GU,AWP,WE,Federal Contract Tower,66,18,2,2,88,0,4,34,0,38,66,22,36,2,126,54,0,54,180
03/22/2011,GUM,GU,AWP,WE,Federal Contract Tower,59,14,5,0,78,0,0,46,0,46,59,14,51,0,124,80,0,80,204
03/23/2011,GUM,GU,AWP,WE,Federal Contract Tower,55,18,7,8,88,0,0,40,0,40,55,18,47,8,128,102,0,102,230
03/24/2011,GUM,GU,AWP,WE,Federal Contract Tower,56,16,6,0,78,0,0,41,0,41,56,16,47,0,119,84,0,84,203
03/25/2011,GUM,GU,AWP,WE,Federal Contract Tower,60,21,4,0,85,0,0,42,0,42,60,21,46,0,127,56,0,56,183
03/26/2011,GUM,GU,AWP,WE,Federal Contract Tower,60,12,4,0,76,0,0,52,0,52,60,12,56,0,128,46,0,46,174
03/27/2011,GUM,GU,AWP,WE,Federal Contract Tower,62,16,7,0,85,0,0,42,0,42,62,16,49,0,127,26,0,26,153
03/28/2011,GUM,GU,AWP,WE,Federal Contract Tower,60,15,3,0,78,0,0,56,0,56,60,15,59,0,134,20,0,20,154
03/29/2011,GUM,GU,AWP,WE,Federal Contract Tower,61,15,3,0,79,0,0,56,0,56,61,15,59,0,135,20,0,20,155
03/30/2011,GUM,GU,AWP,WE,Federal Contract Tower,56,16,6,2,80,0,2,38,0,40,56,18,44,2,120,24,0,24,144
03/31/2011,GUM,GU,AWP,WE,Federal Contract Tower,59,18,2,0,79,0,0,56,0,56,59,18,58,0,135,58,0,58,193
04/01/2011,GUM,GU,AWP,WE,Federal Contract Tower,60,18,2,0,80,0,0,12,0,12,60,18,14,0,92,24,0,24,116
04/02/2011,GUM,GU,AWP,WE,Federal Contract Tower,60,13,0,0,73,0,0,22,0,22,60,13,22,0,95,50,0,50,145
04/03/2011,GUM,GU,AWP,WE,Federal Contract Tower,61,16,0,0,77,0,0,18,0,18,61,16,18,0,95,102,0,102,197
04/04/2011,GUM,GU,AWP,WE,Federal Contract Tower,65,18,6,2,91,0,0,34,0,34,65,18,40,2,125,30,0,30,155
04/05/2011,GUM,GU,AWP,WE,Federal Contract Tower,49,14,3,0,66,0,0,20,0,20,49,14,23,0,86,26,0,26,112
04/06/2011,GUM,GU,AWP,WE,Federal Contract Tower,49,14,4,0,67,0,0,50,0,50,49,14,54,0,117,28,0,28,145
04/07/2011,GUM,GU,AWP,WE,Federal Contract Tower,46,16,9,0,71,0,0,26,0,26,46,16,35,0,97,44,0,44,141
04/08/2011,GUM,GU,AWP,WE,Federal Contract Tower,48,18,0,0,66,0,0,24,0,24,48,18,24,0,90,12,0,12,102
04/09/2011,GUM,GU,AWP,WE,Federal Contract Tower,49,8,2,0,59,0,0,30,0,30,49,8,32,0,89,76,0,76,165
04/10/2011,GUM,GU,AWP,WE,Federal Contract Tower,52,12,1,0,65,0,0,48,0,48,52,12,49,0,113,82,0,82,195
04/11/2011,GUM,GU,AWP,WE,Federal Contract Tower,54,4,4,0,62,0,2,22,0,24,54,6,26,0,86,6,0,6,92
04/12/2011,GUM,GU,AWP,WE,Federal Contract Tower,46,9,2,2,59,0,0,42,0,42,46,9,44,2,101,76,0,76,177
04/13/2011,GUM,GU,AWP,WE,Federal Contract Tower,45,10,0,0,55,0,0,24,0,24,45,10,24,0,79,104,0,104,183
04/14/2011,GUM,GU,AWP,WE,Federal Contract Tower,53,16,1,0,70,0,0,39,0,39,53,16,40,0,109,76,0,76,185
04/15/2011,GUM,GU,AWP,WE,Federal Contract Tower,47,20,3,0,70,0,0,26,0,26,47,20,29,0,96,66,0,66,162
04/16/2011,GUM,GU,AWP,WE,Federal Contract Tower,49,12,0,0,61,0,0,28,0,28,49,12,28,0,89,84,0,84,173
04/17/2011,GUM,GU,AWP,WE,Federal Contract Tower,53,16,4,0,73,0,0,32,0,32,53,16,36,0,105,46,0,46,151
04/18/2011,GUM,GU,AWP,WE,Federal Contract Tower,51,18,0,0,69,0,0,24,0,24,51,18,24,0,93,56,0,56,149
04/19/2011,GUM,GU,AWP,WE,Federal Contract Tower,42,15,0,2,59,0,0,29,0,29,42,15,29,2,88,34,0,34,122
04/20/2011,GUM,GU,AWP,WE,Federal Contract Tower,46,24,7,7,84,0,0,46,1,47,46,24,53,8,131,56,0,56,187
04/21/2011,GUM,GU,AWP,WE,Federal Contract Tower,45,18,0,0,63,0,0,44,10,54,45,18,44,10,117,12,12,24,141
04/22/2011,GUM,GU,AWP,WE,Federal Contract Tower,47,20,3,0,70,0,0,17,6,23,47,20,20,6,93,36,2,38,131
04/23/2011,GUM,GU,AWP,WE,Federal Contract Tower,47,10,0,0,57,0,1,46,0,47,47,11,46,0,104,68,0,68,172
04/24/2011,GUM,GU,AWP,WE,Federal Contract Tower,50,14,0,0,64,0,5,18,0,23,50,19,18,0,87,66,0,66,153
04/25/2011,GUM,GU,AWP,WE,Federal Contract Tower,47,18,1,2,68,0,0,36,1,37,47,18,37,3,105,78,0,78,183
04/26/2011,GUM,GU,AWP,WE,Federal Contract Tower,44,16,0,0,60,0,0,44,0,44,44,16,44,0,104,70,0,70,174
04/27/2011,GUM,GU,AWP,WE,Federal Contract Tower,42,32,2,0,76,0,0,37,0,37,42,32,39,0,113,68,0,68,181
04/28/2011,GUM,GU,AWP,WE,Federal Contract Tower,47,16,4,0,67,0,0,23,3,26,47,16,27,3,93,65,0,65,158
04/29/2011,GUM,GU,AWP,WE,Federal Contract Tower,62,23,4,0,89,0,0,19,3,22,62,23,23,3,111,100,0,100,211
04/30/2011,GUM,GU,AWP,WE,Federal Contract Tower,61,12,0,0,73,0,0,64,0,64,61,12,64,0,137,114,0,114,251
05/01/2011,GUM,GU,AWP,WE,Federal Contract Tower,64,12,0,0,76,0,3,46,0,49,64,15,46,0,125,92,0,92,217
05/02/2011,GUM,GU,AWP,WE,Federal Contract Tower,65,12,5,7,89,0,6,52,2,60,65,18,57,9,149,88,0,88,237
05/03/2011,GUM,GU,AWP,WE,Federal Contract Tower,57,10,10,0,77,0,6,55,0,61,57,16,65,0,138,98,0,98,236
05/04/2011,GUM,GU,AWP,WE,Federal Contract Tower,59,9,17,0,85,0,8,77,0,85,59,17,94,0,170,72,0,72,242
05/05/2011,GUM,GU,AWP,WE,Federal Contract Tower,60,12,9,0,81,0,9,28,0,37,60,21,37,0,118,108,0,108,226
05/06/2011,GUM,GU,AWP,WE,Federal Contract Tower,54,14,5,0,73,0,8,38,0,46,54,22,43,0,119,82,0,82,201
05/07/2011,GUM,GU,AWP,WE,Federal Contract Tower,48,8,4,0,60,0,4,44,0,48,48,12,48,0,108,66,0,66,174
05/08/2011,GUM,GU,AWP,WE,Federal Contract Tower,53,12,2,0,67,0,4,28,0,32,53,16,30,0,99,36,0,36,135
05/09/2011,GUM,GU,AWP,WE,Federal Contract Tower,47,12,4,0,63,0,7,32,0,39,47,19,36,0,102,40,0,40,142
05/10/2011,GUM,GU,AWP,WE,Federal Contract Tower,43,14,0,0,57,0,2,24,0,26,43,16,24,0,83,128,0,128,211
05/11/2011,GUM,GU,AWP,WE,Federal Contract Tower,42,12,0,0,54,0,3,40,0,43,42,15,40,0,97,148,0,148,245
05/12/2011,GUM,GU,AWP,WE,Federal Contract Tower,43,16,6,0,65,0,0,38,0,38,43,16,44,0,103,96,0,96,199
05/13/2011,GUM,GU,AWP,WE,Federal Contract Tower,45,16,2,0,63,0,9,36,0,45,45,25,38,0,108,96,0,96,204
05/14/2011,GUM,GU,AWP,WE,Federal Contract Tower,42,12,8,0,62,0,2,38,0,40,42,14,46,0,102,128,0,128,230
05/15/2011,GUM,GU,AWP,WE,Federal Contract Tower,54,16,8,0,78,0,0,34,0,34,54,16,42,0,112,32,0,32,144
05/16/2011,GUM,GU,AWP,WE,Federal Contract Tower,47,12,0,0,59,0,6,32,0,38,47,18,32,0,97,56,0,56,153
05/17/2011,GUM,GU,AWP,WE,Federal Contract Tower,43,14,6,0,63,0,0,17,0,17,43,14,23,0,80,94,0,94,174
05/18/2011,GUM,GU,AWP,WE,Federal Contract Tower,46,14,16,0,76,0,2,54,0,56,46,16,70,0,132,65,0,65,197
05/19/2011,GUM,GU,AWP,WE,Federal Contract Tower,45,17,0,0,62,0,0,36,0,36,45,17,36,0,98,110,0,110,208
05/20/2011,GUM,GU,AWP,WE,Federal Contract Tower,47,16,2,0,65,0,5,37,0,42,47,21,39,0,107,94,0,94,201
05/21/2011,GUM,GU,AWP,WE,Federal Contract Tower,48,8,1,0,57,0,5,38,2,45,48,13,39,2,102,90,0,90,192
05/22/2011,GUM,GU,AWP,WE,Federal Contract Tower,55,16,0,0,71,0,0,16,0,16,55,16,16,0,87,74,0,74,161
05/23/2011,GUM,GU,AWP,WE,Federal Contract Tower,50,14,1,0,65,0,4,22,0,26,50,18,23,0,91,72,0,72,163
05/24/2011,GUM,GU,AWP,WE,Federal Contract Tower,45,12,0,0,57,0,4,32,0,36,45,16,32,0,93,134,0,134,227
05/25/2011,GUM,GU,AWP,WE,Federal Contract Tower,45,12,0,0,57,0,2,48,0,50,45,14,48,0,107,86,0,86,193
05/26/2011,GUM,GU,AWP,WE,Federal Contract Tower,47,16,0,2,65,0,2,59,0,61,47,18,59,2,126,100,0,100,226
05/27/2011,GUM,GU,AWP,WE,Federal Contract Tower,44,20,0,0,64,0,4,38,0,42,44,24,38,0,106,88,0,88,194
05/28/2011,GUM,GU,AWP,WE,Federal Contract Tower,45,14,0,0,59,0,2,58,0,60,45,16,58,0,119,156,0,156,275
05/29/2011,GUM,GU,AWP,WE,Federal Contract Tower,56,12,0,0,68,0,4,36,0,40,56,16,36,0,108,196,0,196,304
05/30/2011,GUM,GU,AWP,WE,Federal Contract Tower,45,18,0,0,63,0,0,30,0,30,45,18,30,0,93,70,0,70,163
05/31/2011,GUM,GU,AWP,WE,Federal Contract Tower,43,14,0,0,57,0,0,14,0,14,43,14,14,0,71,140,0,140,211
06/01/2011,GUM,GU,AWP,WE,Federal Contract Tower,43,20,0,0,63,0,2,44,0,46,43,22,44,0,109,98,0,98,207
06/02/2011,GUM,GU,AWP,WE,Federal Contract Tower,47,16,0,0,63,0,2,28,0,30,47,18,28,0,93,46,0,46,139
06/03/2011,GUM,GU,AWP,WE,Federal Contract Tower,51,20,0,0,71,0,0,38,0,38,51,20,38,0,109,112,0,112,221
06/04/2011,GUM,GU,AWP,WE,Federal Contract Tower,44,12,2,0,58,0,0,30,0,30,44,12,32,0,88,52,0,52,140
06/05/2011,GUM,GU,AWP,WE,Federal Contract Tower,55,16,1,0,72,0,0,38,0,38,55,16,39,0,110,74,0,74,184
06/06/2011,GUM,GU,AWP,WE,Federal Contract Tower,52,19,0,0,71,0,0,40,0,40,52,19,40,0,111,24,0,24,135
06/07/2011,GUM,GU,AWP,WE,Federal Contract Tower,43,12,2,0,57,0,2,26,0,28,43,14,28,0,85,51,0,51,136
06/08/2011,GUM,GU,AWP,WE,Federal Contract Tower,45,28,1,0,74,0,2,48,0,50,45,30,49,0,124,28,0,28,152
06/09/2011,GUM,GU,AWP,WE,Federal Contract Tower,46,16,8,0,70,0,0,8,0,8,46,16,16,0,78,22,0,22,100
06/10/2011,GUM,GU,AWP,WE,Federal Contract Tower,48,15,2,0,65,0,1,34,0,35,48,16,36,0,100,14,0,14,114
06/11/2011,GUM,GU,AWP,WE,Federal Contract Tower,44,10,0,0,54,0,0,40,0,40,44,10,40,0,94,52,0,52,146
06/12/2011,GUM,GU,AWP,WE,Federal Contract Tower,54,16,0,0,70,0,0,34,0,34,54,16,34,0,104,14,0,14,118
06/13/2011,GUM,GU,AWP,WE,Federal Contract Tower,49,18,0,0,67,0,0,28,0,28,49,18,28,0,95,58,0,58,153
06/14/2011,GUM,GU,AWP,WE,Federal Contract Tower,46,14,6,0,66,0,0,42,0,42,46,14,48,0,108,62,0,62,170
06/15/2011,GUM,GU,AWP,WE,Federal Contract Tower,45,14,9,0,68,0,0,54,0,54,45,14,63,0,122,86,0,86,208
06/16/2011,GUM,GU,AWP,WE,Federal Contract Tower,43,17,6,0,66,0,0,38,0,38,43,17,44,0,104,54,2,56,160
06/17/2011,GUM,GU,AWP,WE,Federal Contract Tower,47,18,2,0,67,0,0,50,0,50,47,18,52,0,117,106,0,106,223
06/18/2011,GUM,GU,AWP,WE,Federal Contract Tower,49,12,0,0,61,0,0,54,0,54,49,12,54,0,115,178,0,178,293
06/19/2011,GUM,GU,AWP,WE,Federal Contract Tower,53,16,0,0,69,0,0,34,0,34,53,16,34,0,103,50,0,50,153
06/20/2011,GUM,GU,AWP,WE,Federal Contract Tower,50,16,0,0,66,0,2,26,0,28,50,18,26,0,94,12,0,12,106
06/21/2011,GUM,GU,AWP,WE,Federal Contract Tower,43,14,0,0,57,0,0,44,2,46,43,14,44,2,103,68,0,68,171
06/22/2011,GUM,GU,AWP,WE,Federal Contract Tower,47,12,0,0,59,0,4,40,0,44,47,16,40,0,103,22,0,22,125
06/23/2011,GUM,GU,AWP,WE,Federal Contract Tower,47,16,6,0,69,0,0,33,0,33,47,16,39,0,102,39,0,39,141
06/24/2011,GUM,GU,AWP,WE,Federal Contract Tower,44,18,3,0,65,0,0,42,2,44,44,18,45,2,109,68,0,68,177
06/25/2011,GUM,GU,AWP,WE,Federal Contract Tower,46,12,0,0,58,0,0,36,0,36,46,12,36,0,94,130,0,130,224
06/26/2011,GUM,GU,AWP,WE,Federal Contract Tower,58,17,1,0,76,0,0,58,0,58,58,17,59,0,134,98,0,98,232
06/27/2011,GUM,GU,AWP,WE,Federal Contract Tower,45,18,13,0,76,0,0,24,0,24,45,18,37,0,100,32,0,32,132
06/28/2011,GUM,GU,AWP,WE,Federal Contract Tower,43,14,1,0,58,0,0,36,0,36,43,14,37,0,94,44,0,44,138
06/29/2011,GUM,GU,AWP,WE,Federal Contract Tower,45,16,4,0,65,0,0,55,0,55,45,16,59,0,120,44,0,44,164
06/30/2011,GUM,GU,AWP,WE,Federal Contract Tower,47,16,0,0,63,0,0,32,0,32,47,16,32,0,95,100,0,100,195
07/01/2011,GUM,GU,AWP,WE,Federal Contract Tower,52,18,0,0,70,0,0,46,0,46,52,18,46,0,116,56,0,56,172
07/02/2011,GUM,GU,AWP,WE,Federal Contract Tower,46,13,0,0,59,0,0,38,0,38,46,13,38,0,97,118,0,118,215
07/03/2011,GUM,GU,AWP,WE,Federal Contract Tower,53,16,0,0,69,0,0,26,0,26,53,16,26,0,95,134,0,134,229
07/04/2011,GUM,GU,AWP,WE,Federal Contract Tower,53,19,0,0,72,0,0,30,0,30,53,19,30,0,102,44,0,44,146
07/05/2011,GUM,GU,AWP,WE,Federal Contract Tower,47,14,0,1,62,0,0,22,0,22,47,14,22,1,84,107,0,107,191
07/06/2011,GUM,GU,AWP,WE,Federal Contract Tower,49,14,1,0,64,0,0,66,0,66,49,14,67,0,130,62,0,62,192
07/07/2011,GUM,GU,AWP,WE,Federal Contract Tower,48,18,1,0,67,0,0,32,0,32,48,18,33,0,99,78,0,78,177
07/08/2011,GUM,GU,AWP,WE,Federal Contract Tower,51,18,0,0,69,0,0,44,0,44,51,18,44,0,113,102,0,102,215
07/09/2011,GUM,GU,AWP,WE,Federal Contract Tower,51,12,3,0,66,0,0,64,0,64,51,12,67,0,130,136,0,136,266
07/10/2011,GUM,GU,AWP,WE,Federal Contract Tower,62,16,0,0,78,0,0,58,0,58,62,16,58,0,136,152,0,152,288
07/11/2011,GUM,GU,AWP,WE,Federal Contract Tower,56,18,0,0,74,0,2,40,0,42,56,20,40,0,116,80,0,80,196
07/12/2011,GUM,GU,AWP,WE,Federal Contract Tower,49,14,0,0,63,0,0,46,0,46,49,14,46,0,109,70,0,70,179
07/13/2011,GUM,GU,AWP,WE,Federal Contract Tower,54,14,0,0,68,0,0,44,0,44,54,14,44,0,112,90,0,90,202
07/14/2011,GUM,GU,AWP,WE,Federal Contract Tower,49,16,0,0,65,0,0,29,0,29,49,16,29,0,94,40,0,40,134
07/15/2011,GUM,GU,AWP,WE,Federal Contract Tower,59,18,0,0,77,0,0,38,0,38,59,18,38,0,115,54,0,54,169
07/16/2011,GUM,GU,AWP,WE,Federal Contract Tower,58,12,0,0,70,0,0,44,0,44,58,12,44,0,114,98,0,98,212
07/17/2011,GUM,GU,AWP,WE,Federal Contract Tower,70,16,0,0,86,0,0,42,0,42,70,16,42,0,128,146,0,146,274
07/18/2011,GUM,GU,AWP,WE,Federal Contract Tower,63,12,2,0,77,0,1,52,0,53,63,13,54,0,130,80,0,80,210
07/19/2011,GUM,GU,AWP,WE,Federal Contract Tower,53,14,6,0,73,0,0,52,0,52,53,14,58,0,125,46,0,46,171
07/20/2011,GUM,GU,AWP,WE,Federal Contract Tower,52,12,3,0,67,0,0,32,0,32,52,12,35,0,99,56,0,56,155
07/21/2011,GUM,GU,AWP,WE,Federal Contract Tower,62,14,0,3,79,0,2,31,0,33,62,16,31,3,112,36,0,36,148
07/22/2011,GUM,GU,AWP,WE,Federal Contract Tower,64,18,0,0,82,0,1,52,0,53,64,19,52,0,135,34,0,34,169
07/23/2011,GUM,GU,AWP,WE,Federal Contract Tower,58,12,0,0,70,0,1,46,0,47,58,13,46,0,117,90,0,90,207
07/24/2011,GUM,GU,AWP,WE,Federal Contract Tower,67,16,1,0,84,0,0,44,0,44,67,16,45,0,128,82,0,82,210
07/25/2011,GUM,GU,AWP,WE,Federal Contract Tower,67,16,2,0,85,0,2,44,0,46,67,18,46,0,131,18,0,18,149
07/26/2011,GUM,GU,AWP,WE,Federal Contract Tower,56,14,0,0,70,0,0,47,0,47,56,14,47,0,117,38,0,38,155
07/27/2011,GUM,GU,AWP,WE,Federal Contract Tower,62,14,0,0,76,0,0,32,2,34,62,14,32,2,110,66,0,66,176
07/28/2011,GUM,GU,AWP,WE,Federal Contract Tower,68,16,4,0,88,0,2,40,0,42,68,18,44,0,130,46,0,46,176
07/29/2011,GUM,GU,AWP,WE,Federal Contract Tower,60,21,0,0,81,0,1,40,0,41,60,22,40,0,122,36,0,36,158
07/30/2011,GUM,GU,AWP,WE,Federal Contract Tower,57,14,0,0,71,0,0,56,0,56,57,14,56,0,127,112,0,112,239
07/31/2011,GUM,GU,AWP,WE,Federal Contract Tower,73,19,0,0,92,0,0,36,0,36,73,19,36,0,128,70,0,70,198
08/01/2011,GUM,GU,AWP,WE,Federal Contract Tower,68,17,7,0,92,0,2,56,0,58,68,19,63,0,150,72,0,72,222
08/02/2011,GUM,GU,AWP,WE,Federal Contract Tower,60,14,0,0,74,0,0,42,0,42,60,14,42,0,116,54,0,54,170
08/03/2011,GUM,GU,AWP,WE,Federal Contract Tower,64,13,0,0,77,0,0,56,0,56,64,13,56,0,133,126,0,126,259
08/04/2011,GUM,GU,AWP,WE,Federal Contract Tower,61,17,9,0,87,0,0,26,0,26,61,17,35,0,113,88,0,88,201
08/05/2011,GUM,GU,AWP,WE,Federal Contract Tower,59,18,4,2,83,0,0,50,0,50,59,18,54,2,133,100,0,100,233
08/06/2011,GUM,GU,AWP,WE,Federal Contract Tower,64,9,3,0,76,0,0,24,0,24,64,9,27,0,100,72,0,72,172
08/07/2011,GUM,GU,AWP,WE,Federal Contract Tower,74,5,4,0,83,0,2,30,0,32,74,7,34,0,115,34,0,34,149
08/08/2011,GUM,GU,AWP,WE,Federal Contract Tower,69,6,6,0,81,0,0,26,0,26,69,6,32,0,107,40,0,40,147
08/09/2011,GUM,GU,AWP,WE,Federal Contract Tower,57,12,0,0,69,0,0,42,0,42,57,12,42,0,111,84,0,84,195
08/10/2011,GUM,GU,AWP,WE,Federal Contract Tower,63,14,0,0,77,0,0,42,0,42,63,14,42,0,119,116,0,116,235
08/11/2011,GUM,GU,AWP,WE,Federal Contract Tower,68,17,10,0,95,0,0,44,0,44,68,17,54,0,139,68,0,68,207
08/12/2011,GUM,GU,AWP,WE,Federal Contract Tower,63,18,0,0,81,0,0,62,0,62,63,18,62,0,143,118,0,118,261
08/13/2011,GUM,GU,AWP,WE,Federal Contract Tower,58,12,6,0,76,0,2,52,0,54,58,14,58,0,130,120,0,120,250
08/14/2011,GUM,GU,AWP,WE,Federal Contract Tower,68,16,1,0,85,0,0,42,0,42,68,16,43,0,127,94,0,94,221
08/15/2011,GUM,GU,AWP,WE,Federal Contract Tower,71,18,1,0,90,0,0,42,0,42,71,18,43,0,132,106,0,106,238
08/16/2011,GUM,GU,AWP,WE,Federal Contract Tower,59,14,6,0,79,0,0,56,0,56,59,14,62,0,135,110,0,110,245
08/17/2011,GUM,GU,AWP,WE,Federal Contract Tower,65,14,8,0,87,0,0,58,0,58,65,14,66,0,145,98,0,98,243
08/18/2011,GUM,GU,AWP,WE,Federal Contract Tower,65,16,5,0,86,0,0,55,0,55,65,16,60,0,141,60,0,60,201
08/19/2011,GUM,GU,AWP,WE,Federal Contract Tower,63,18,10,0,91,0,0,22,0,22,63,18,32,0,113,20,0,20,133
08/20/2011,GUM,GU,AWP,WE,Federal Contract Tower,60,12,8,0,80,0,0,30,0,30,60,12,38,0,110,58,0,58,168
08/21/2011,GUM,GU,AWP,WE,Federal Contract Tower,70,16,8,0,94,0,0,55,0,55,70,16,63,0,149,82,0,82,231
08/22/2011,GUM,GU,AWP,WE,Federal Contract Tower,67,17,4,0,88,0,0,38,0,38,67,17,42,0,126,6,0,6,132
08/23/2011,GUM,GU,AWP,WE,Federal Contract Tower,55,18,2,0,75,0,0,54,0,54,55,18,56,0,129,42,0,42,171
08/24/2011,GUM,GU,AWP,WE,Federal Contract Tower,67,21,9,0,97,0,0,61,0,61,67,21,70,0,158,0,0,0,158
08/25/2011,GUM,GU,AWP,WE,Federal Contract Tower,56,16,5,0,77,0,0,46,0,46,56,16,51,0,123,42,0,42,165
08/26/2011,GUM,GU,AWP,WE,Federal Contract Tower,55,20,1,0,76,0,0,57,0,57,55,20,58,0,133,42,0,42,175
08/27/2011,GUM,GU,AWP,WE,Federal Contract Tower,60,12,1,0,73,0,0,42,0,42,60,12,43,0,115,62,0,62,177
08/28/2011,GUM,GU,AWP,WE,Federal Contract Tower,68,16,1,0,85,0,0,34,0,34,68,16,35,0,119,38,0,38,157
08/29/2011,GUM,GU,AWP,WE,Federal Contract Tower,65,16,1,0,82,0,1,30,0,31,65,17,31,0,113,72,0,72,185
08/30/2011,GUM,GU,AWP,WE,Federal Contract Tower,51,14,1,2,68,0,0,44,0,44,51,14,45,2,112,111,2,113,225
08/31/2011,GUM,GU,AWP,WE,Federal Contract Tower,62,12,4,0,78,0,0,24,0,24,62,12,28,0,102,72,0,72,174
09/01/2011,GUM,GU,AWP,WE,Federal Contract Tower,53,14,15,0,82,0,0,40,0,40,53,14,55,0,122,72,0,72,194
09/02/2011,GUM,GU,AWP,WE,Federal Contract Tower,60,16,7,0,83,0,0,32,0,32,60,16,39,0,115,34,0,34,149
09/03/2011,GUM,GU,AWP,WE,Federal Contract Tower,49,4,2,0,55,0,2,54,0,56,49,6,56,0,111,54,0,54,165
09/04/2011,GUM,GU,AWP,WE,Federal Contract Tower,67,4,1,0,72,0,0,32,0,32,67,4,33,0,104,54,0,54,158
09/05/2011,GUM,GU,AWP,WE,Federal Contract Tower,64,16,5,0,85,0,4,46,0,50,64,20,51,0,135,102,0,102,237
09/06/2011,GUM,GU,AWP,WE,Federal Contract Tower,55,14,2,0,71,0,0,32,6,38,55,14,34,6,109,82,0,82,191
09/07/2011,GUM,GU,AWP,WE,Federal Contract Tower,60,13,6,0,79,0,0,44,0,44,60,13,50,0,123,104,0,104,227
09/08/2011,GUM,GU,AWP,WE,Federal Contract Tower,54,16,3,4,77,0,0,56,0,56,54,16,59,4,133,84,0,84,217
09/09/2011,GUM,GU,AWP,WE,Federal Contract Tower,55,18,1,0,74,0,0,43,0,43,55,18,44,0,117,140,0,140,257
09/10/2011,GUM,GU,AWP,WE,Federal Contract Tower,54,12,3,0,69,0,0,60,0,60,54,12,63,0,129,144,0,144,273
09/11/2011,GUM,GU,AWP,WE,Federal Contract Tower,63,16,0,0,79,0,0,46,0,46,63,16,46,0,125,72,0,72,197
09/12/2011,GUM,GU,AWP,WE,Federal Contract Tower,62,16,0,4,82,0,0,22,2,24,62,16,22,6,106,30,18,48,154
09/13/2011,GUM,GU,AWP,WE,Federal Contract Tower,54,14,0,0,68,0,0,46,0,46,54,14,46,0,114,64,0,64,178
09/14/2011,GUM,GU,AWP,WE,Federal Contract Tower,61,14,0,0,75,0,0,38,0,38,61,14,38,0,113,60,0,60,173
09/15/2011,GUM,GU,AWP,WE,Federal Contract Tower,57,16,0,0,73,0,0,66,0,66,57,16,66,0,139,62,0,62,201
09/16/2011,GUM,GU,AWP,WE,Federal Contract Tower,58,18,0,0,76,0,0,44,0,44,58,18,44,0,120,96,20,116,236
09/17/2011,GUM,GU,AWP,WE,Federal Contract Tower,56,12,1,0,69,0,0,52,0,52,56,12,53,0,121,112,0,112,233
09/18/2011,GUM,GU,AWP,WE,Federal Contract Tower,64,16,1,0,81,0,0,48,0,48,64,16,49,0,129,98,0,98,227
09/19/2011,GUM,GU,AWP,WE,Federal Contract Tower,64,16,3,0,83,0,0,36,2,38,64,16,39,2,121,94,2,96,217
09/20/2011,GUM,GU,AWP,WE,Federal Contract Tower,57,14,0,2,73,0,0,60,0,60,57,14,60,2,133,114,0,114,247
09/21/2011,GUM,GU,AWP,WE,Federal Contract Tower,46,13,0,0,59,0,0,48,0,48,46,13,48,0,107,74,0,74,181
09/22/2011,GUM,GU,AWP,WE,Federal Contract Tower,61,17,8,2,88,0,2,56,2,60,61,19,64,4,148,52,0,52,200
09/23/2011,GUM,GU,AWP,WE,Federal Contract Tower,61,18,3,0,82,0,0,60,0,60,61,18,63,0,142,78,0,78,220
09/24/2011,GUM,GU,AWP,WE,Federal Contract Tower,57,12,0,0,69,0,0,52,0,52,57,12,52,0,121,94,0,94,215
09/25/2011,GUM,GU,AWP,WE,Federal Contract Tower,71,16,0,0,87,0,0,56,0,56,71,16,56,0,143,74,0,74,217
09/26/2011,GUM,GU,AWP,WE,Federal Contract Tower,63,16,7,2,88,0,0,56,2,58,63,16,63,4,146,70,8,78,224
09/27/2011,GUM,GU,AWP,WE,Federal Contract Tower,47,14,1,0,62,0,0,46,0,46,47,14,47,0,108,48,0,48,156
09/28/2011,GUM,GU,AWP,WE,Federal Contract Tower,58,12,1,0,71,0,5,50,2,57,58,17,51,2,128,54,0,54,182
09/29/2011,GUM,GU,AWP,WE,Federal Contract Tower,52,16,0,0,68,0,0,70,0,70,52,16,70,0,138,50,0,50,188
09/30/2011,GUM,GU,AWP,WE,Federal Contract Tower,59,16,0,0,75,0,0,46,0,46,59,16,46,0,121,30,0,30,151
10/01/2011,GUM,GU,AWP,WE,Federal Contract Tower,53,12,0,0,65,0,0,64,0,64,53,12,64,0,129,82,0,82,211
10/02/2011,GUM,GU,AWP,WE,Federal Contract Tower,63,16,0,0,79,0,0,40,0,40,63,16,40,0,119,28,0,28,147
10/03/2011,GUM,GU,AWP,WE,Federal Contract Tower,60,16,0,3,79,0,2,62,0,64,60,18,62,3,143,48,0,48,191
10/04/2011,GUM,GU,AWP,WE,Federal Contract Tower,49,14,2,0,65,0,46,0,0,46,49,60,2,0,111,80,0,80,191
10/05/2011,GUM,GU,AWP,WE,Federal Contract Tower,56,12,0,0,68,0,0,28,0,28,56,12,28,0,96,28,0,28,124
10/06/2011,GUM,GU,AWP,WE,Federal Contract Tower,51,16,0,4,71,0,2,47,0,49,51,18,47,4,120,26,0,26,146
10/07/2011,GUM,GU,AWP,WE,Federal Contract Tower,53,20,0,0,73,0,0,46,0,46,53,20,46,0,119,20,0,20,139
10/08/2011,GUM,GU,AWP,WE,Federal Contract Tower,54,16,3,0,73,0,0,46,0,46,54,16,49,0,119,110,0,110,229
10/09/2011,GUM,GU,AWP,WE,Federal Contract Tower,65,16,2,0,83,0,0,48,0,48,65,16,50,0,131,28,0,28,159
10/10/2011,GUM,GU,AWP,WE,Federal Contract Tower,56,15,6,0,77,0,0,48,0,48,56,15,54,0,125,64,0,64,189
10/11/2011,GUM,GU,AWP,WE,Federal Contract Tower,50,14,0,0,64,0,2,40,0,42,50,16,40,0,106,58,0,58,164
10/12/2011,GUM,GU,AWP,WE,Federal Contract Tower,56,16,2,4,78,0,2,49,0,51,56,18,51,4,129,37,0,37,166
10/13/2011,GUM,GU,AWP,WE,Federal Contract Tower,54,12,0,2,68,0,0,62,0,62,54,12,62,2,130,24,12,36,166
10/14/2011,GUM,GU,AWP,WE,Federal Contract Tower,48,18,2,0,68,0,0,44,0,44,48,18,46,0,112,40,0,40,152
10/15/2011,GUM,GU,AWP,WE,Federal Contract Tower,52,12,3,0,67,0,0,38,0,38,52,12,41,0,105,66,0,66,171
10/16/2011,GUM,GU,AWP,WE,Federal Contract Tower,60,16,1,0,77,0,0,18,0,18,60,16,19,0,95,18,0,18,113
10/17/2011,GUM,GU,AWP,WE,Federal Contract Tower,56,18,2,0,76,0,2,32,0,34,56,20,34,0,110,48,0,48,158
10/18/2011,GUM,GU,AWP,WE,Federal Contract Tower,48,14,8,0,70,0,0,24,0,24,48,14,32,0,94,62,0,62,156
10/19/2011,GUM,GU,AWP,WE,Federal Contract Tower,55,16,2,0,73,0,1,30,0,31,55,17,32,0,104,52,0,52,156
10/20/2011,GUM,GU,AWP,WE,Federal Contract Tower,57,16,1,2,76,0,0,39,0,39,57,16,40,2,115,46,0,46,161
10/21/2011,GUM,GU,AWP,WE,Federal Contract Tower,58,18,0,0,76,0,0,43,0,43,58,18,43,0,119,36,0,36,155
10/22/2011,GUM,GU,AWP,WE,Federal Contract Tower,54,8,0,0,62,0,0,48,0,48,54,8,48,0,110,92,0,92,202
10/23/2011,GUM,GU,AWP,WE,Federal Contract Tower,59,12,0,0,71,0,0,40,0,40,59,12,40,0,111,54,0,54,165
10/24/2011,GUM,GU,AWP,WE,Federal Contract Tower,56,16,1,0,73,0,2,38,0,40,56,18,39,0,113,78,0,78,191
10/25/2011,GUM,GU,AWP,WE,Federal Contract Tower,50,14,0,0,64,0,21,0,0,21,50,35,0,0,85,84,0,84,169
10/26/2011,GUM,GU,AWP,WE,Federal Contract Tower,50,14,0,0,64,0,0,60,0,60,50,14,60,0,124,94,10,104,228
10/27/2011,GUM,GU,AWP,WE,Federal Contract Tower,50,16,0,4,70,0,0,42,0,42,50,16,42,4,112,44,0,44,156
10/28/2011,GUM,GU,AWP,WE,Federal Contract Tower,53,18,0,0,71,0,0,44,0,44,53,18,44,0,115,42,0,42,157
10/29/2011,GUM,GU,AWP,WE,Federal Contract Tower,54,16,0,0,70,0,0,48,0,48,54,16,48,0,118,96,0,96,214
10/30/2011,GUM,GU,AWP,WE,Federal Contract Tower,61,12,2,0,75,0,0,38,0,38,61,12,40,0,113,58,0,58,171
10/31/2011,GUM,GU,AWP,WE,Federal Contract Tower,51,8,2,0,61,0,8,34,0,42,51,16,36,0,103,20,0,20,123
11/01/2011,GUM,GU,AWP,WE,Federal Contract Tower,52,10,0,2,64,0,4,34,0,38,52,14,34,2,102,52,0,52,154
11/02/2011,GUM,GU,AWP,WE,Federal Contract Tower,54,4,6,2,66,0,8,26,0,34,54,12,32,2,100,32,0,32,132
11/03/2011,GUM,GU,AWP,WE,Federal Contract Tower,51,14,6,0,71,0,4,29,0,33,51,18,35,0,104,22,0,22,126
11/04/2011,GUM,GU,AWP,WE,Federal Contract Tower,52,14,3,0,69,0,0,59,0,59,52,14,62,0,128,18,0,18,146
11/05/2011,GUM,GU,AWP,WE,Federal Contract Tower,54,8,3,0,65,0,3,47,0,50,54,11,50,0,115,78,0,78,193
11/06/2011,GUM,GU,AWP,WE,Federal Contract Tower,66,12,0,0,78,0,4,46,0,50,66,16,46,0,128,36,0,36,164
11/07/2011,GUM,GU,AWP,WE,Federal Contract Tower,54,12,2,0,68,0,2,32,0,34,54,14,34,0,102,42,0,42,144
11/08/2011,GUM,GU,AWP,WE,Federal Contract Tower,51,10,0,2,63,0,6,38,0,44,51,16,38,2,107,72,0,72,179
11/09/2011,GUM,GU,AWP,WE,Federal Contract Tower,52,18,0,0,70,0,5,60,0,65,52,23,60,0,135,76,0,76,211
11/10/2011,GUM,GU,AWP,WE,Federal Contract Tower,53,12,0,0,65,0,10,56,0,66,53,22,56,0,131,48,0,48,179
11/11/2011,GUM,GU,AWP,WE,Federal Contract Tower,54,18,0,0,72,0,0,40,0,40,54,18,40,0,112,28,0,28,140
11/12/2011,GUM,GU,AWP,WE,Federal Contract Tower,56,8,0,0,64,0,4,30,0,34,56,12,30,0,98,74,0,74,172
11/13/2011,GUM,GU,AWP,WE,Federal Contract Tower,61,14,2,0,77,0,4,62,0,66,61,18,64,0,143,60,0,60,203
11/14/2011,GUM,GU,AWP,WE,Federal Contract Tower,52,12,0,0,64,0,2,46,0,48,52,14,46,0,112,28,0,28,140
11/15/2011,GUM,GU,AWP,WE,Federal Contract Tower,52,10,0,2,64,0,4,72,0,76,52,14,72,2,140,48,0,48,188
11/16/2011,GUM,GU,AWP,WE,Federal Contract Tower,56,25,1,0,82,0,4,82,0,86,56,29,83,0,168,70,0,70,238
11/17/2011,GUM,GU,AWP,WE,Federal Contract Tower,56,12,1,8,77,0,8,36,0,44,56,20,37,8,121,22,0,22,143
11/18/2011,GUM,GU,AWP,WE,Federal Contract Tower,52,14,0,0,66,0,2,37,0,39,52,16,37,0,105,14,0,14,119
11/19/2011,GUM,GU,AWP,WE,Federal Contract Tower,53,16,0,0,69,0,4,46,0,50,53,20,46,0,119,26,0,26,145
11/20/2011,GUM,GU,AWP,WE,Federal Contract Tower,64,12,0,0,76,0,6,30,0,36,64,18,30,0,112,16,0,16,128
11/21/2011,GUM,GU,AWP,WE,Federal Contract Tower,56,12,0,10,78,0,4,24,0,28,56,16,24,10,106,18,2,20,126
11/22/2011,GUM,GU,AWP,WE,Federal Contract Tower,49,10,1,0,60,0,6,36,0,42,49,16,37,0,102,44,0,44,146
11/23/2011,GUM,GU,AWP,WE,Federal Contract Tower,58,10,3,0,71,0,10,38,0,48,58,20,41,0,119,40,0,40,159
11/24/2011,GUM,GU,AWP,WE,Federal Contract Tower,56,12,0,1,69,0,4,42,0,46,56,16,42,1,115,42,0,42,157
11/25/2011,GUM,GU,AWP,WE,Federal Contract Tower,53,16,0,2,71,0,0,45,0,45,53,16,45,2,116,34,0,34,150
11/26/2011,GUM,GU,AWP,WE,Federal Contract Tower,49,8,0,1,58,0,4,48,0,52,49,12,48,1,110,30,0,30,140
11/27/2011,GUM,GU,AWP,WE,Federal Contract Tower,65,12,0,1,78,0,4,44,0,48,65,16,44,1,126,36,0,36,162
11/28/2011,GUM,GU,AWP,WE,Federal Contract Tower,60,14,0,2,76,0,0,20,0,20,60,14,20,2,96,50,0,50,146
11/29/2011,GUM,GU,AWP,WE,Federal Contract Tower,54,10,0,0,64,0,4,62,0,66,54,14,62,0,130,42,0,42,172
11/30/2011,GUM,GU,AWP,WE,Federal Contract Tower,55,10,0,0,65,0,6,64,0,70,55,16,64,0,135,50,0,50,185
12/01/2011,GUM,GU,AWP,WE,Federal Contract Tower,55,12,1,0,68,0,6,42,0,48,55,18,43,0,116,51,0,51,167
12/02/2011,GUM,GU,AWP,WE,Federal Contract Tower,51,14,1,0,66,0,0,52,0,52,51,14,53,0,118,14,0,14,132
12/03/2011,GUM,GU,AWP,WE,Federal Contract Tower,51,10,0,0,61,0,4,60,0,64,51,14,60,0,125,74,0,74,199
12/04/2011,GUM,GU,AWP,WE,Federal Contract Tower,61,12,1,0,74,0,3,36,0,39,61,15,37,0,113,52,0,52,165
12/05/2011,GUM,GU,AWP,WE,Federal Contract Tower,53,13,1,0,67,0,1,13,0,14,53,14,14,0,81,48,0,48,129
12/06/2011,GUM,GU,AWP,WE,Federal Contract Tower,52,10,2,0,64,0,3,46,0,49,52,13,48,0,113,88,0,88,201
12/07/2011,GUM,GU,AWP,WE,Federal Contract Tower,55,10,0,0,65,0,4,44,0,48,55,14,44,0,113,40,0,40,153
12/08/2011,GUM,GU,AWP,WE,Federal Contract Tower,54,12,0,0,66,0,2,30,0,32,54,14,30,0,98,24,0,24,122
12/09/2011,GUM,GU,AWP,WE,Federal Contract Tower,53,16,1,0,70,0,0,28,0,28,53,16,29,0,98,24,0,24,122
12/10/2011,GUM,GU,AWP,WE,Federal Contract Tower,56,8,6,0,70,0,0,46,0,46,56,8,52,0,116,90,0,90,206
12/11/2011,GUM,GU,AWP,WE,Federal Contract Tower,66,12,0,3,81,0,0,42,0,42,66,12,42,3,123,60,0,60,183
12/12/2011,GUM,GU,AWP,WE,Federal Contract Tower,55,14,1,0,70,0,2,23,0,25,55,16,24,0,95,39,0,39,134
12/13/2011,GUM,GU,AWP,WE,Federal Contract Tower,49,10,0,0,59,0,4,25,0,29,49,14,25,0,88,36,4,40,128
12/14/2011,GUM,GU,AWP,WE,Federal Contract Tower,51,10,8,4,73,0,3,62,0,65,51,13,70,4,138,70,0,70,208
12/15/2011,GUM,GU,AWP,WE,Federal Contract Tower,56,14,10,0,80,0,4,48,0,52,56,18,58,0,132,34,4,38,170
12/16/2011,GUM,GU,AWP,WE,Federal Contract Tower,59,16,4,0,79,0,0,54,0,54,59,16,58,0,133,58,0,58,191
12/17/2011,GUM,GU,AWP,WE,Federal Contract Tower,53,16,3,0,72,0,2,56,0,58,53,18,59,0,130,52,0,52,182
12/18/2011,GUM,GU,AWP,WE,Federal Contract Tower,64,12,4,0,80,0,2,36,0,38,64,14,40,0,118,54,0,54,172
12/19/2011,GUM,GU,AWP,WE,Federal Contract Tower,61,12,8,0,81,0,2,34,0,36,61,14,42,0,117,62,0,62,179
12/20/2011,GUM,GU,AWP,WE,Federal Contract Tower,56,10,0,0,66,0,4,42,0,46,56,14,42,0,112,112,0,112,224
12/21/2011,GUM,GU,AWP,WE,Federal Contract Tower,58,14,2,0,74,0,4,59,0,63,58,18,61,0,137,62,0,62,199
12/22/2011,GUM,GU,AWP,WE,Federal Contract Tower,61,14,7,2,84,0,8,43,0,51,61,22,50,2,135,65,0,65,200
12/23/2011,GUM,GU,AWP,WE,Federal Contract Tower,60,16,2,0,78,0,4,78,0,82,60,20,80,0,160,142,0,142,302
12/24/2011,GUM,GU,AWP,WE,Federal Contract Tower,54,8,1,0,63,0,4,37,0,41,54,12,38,0,104,56,0,56,160
12/25/2011,GUM,GU,AWP,WE,Federal Contract Tower,67,12,0,0,79,0,4,30,0,34,67,16,30,0,113,46,0,46,159
12/26/2011,GUM,GU,AWP,WE,Federal Contract Tower,61,12,0,0,73,0,0,46,0,46,61,12,46,0,119,48,0,48,167
12/27/2011,GUM,GU,AWP,WE,Federal Contract Tower,62,12,0,0,74,0,5,52,0,57,62,17,52,0,131,34,0,34,165
12/28/2011,GUM,GU,AWP,WE,Federal Contract Tower,61,10,0,0,71,0,6,69,0,75,61,16,69,0,146,114,0,114,260
12/29/2011,GUM,GU,AWP,WE,Federal Contract Tower,67,12,7,0,86,0,4,51,0,55,67,16,58,0,141,82,0,82,223
12/30/2011,GUM,GU,AWP,WE,Federal Contract Tower,73,18,3,0,94,0,2,36,0,38,73,20,39,0,132,66,0,66,198
12/31/2011,GUM,GU,AWP,WE,Federal Contract Tower,73,12,5,0,90,0,2,68,0,70,73,14,73,0,160,100,0,100,260
01/01/2012,GUM,GU,AWP,WE,Federal Contract Tower,71,12,4,0,87,0,4,52,0,56,71,16,56,0,143,82,0,82,225
01/02/2012,GUM,GU,AWP,WE,Federal Contract Tower,70,12,0,0,82,0,0,78,0,78,70,12,78,0,160,104,0,104,264
01/03/2012,GUM,GU,AWP,WE,Federal Contract Tower,78,12,0,0,90,0,3,78,0,81,78,15,78,0,171,54,0,54,225
01/04/2012,GUM,GU,AWP,WE,Federal Contract Tower,61,10,2,0,73,0,6,72,0,78,61,16,74,0,151,30,0,30,181
01/05/2012,GUM,GU,AWP,WE,Federal Contract Tower,62,12,1,2,77,0,8,63,0,71,62,20,64,2,148,14,0,14,162
01/06/2012,GUM,GU,AWP,WE,Federal Contract Tower,61,16,0,0,77,0,2,60,0,62,61,18,60,0,139,24,0,24,163
01/07/2012,GUM,GU,AWP,WE,Federal Contract Tower,62,8,2,0,72,0,4,46,0,50,62,12,48,0,122,20,0,20,142
01/08/2012,GUM,GU,AWP,WE,Federal Contract Tower,71,13,3,0,87,0,6,48,0,54,71,19,51,0,141,8,0,8,149
01/09/2012,GUM,GU,AWP,WE,Federal Contract Tower,70,11,6,0,87,0,0,40,0,40,70,11,46,0,127,36,0,36,163
01/10/2012,GUM,GU,AWP,WE,Federal Contract Tower,62,10,3,0,75,0,4,8,0,12,62,14,11,0,87,10,0,10,97
01/11/2012,GUM,GU,AWP,WE,Federal Contract Tower,60,12,3,2,77,0,5,54,0,59,60,17,57,2,136,26,0,26,162
01/12/2012,GUM,GU,AWP,WE,Federal Contract Tower,57,16,2,0,75,0,7,46,0,53,57,23,48,0,128,68,2,70,198
01/13/2012,GUM,GU,AWP,WE,Federal Contract Tower,59,16,2,0,77,0,0,29,0,29,59,16,31,0,106,72,0,72,178
01/14/2012,GUM,GU,AWP,WE,Federal Contract Tower,56,8,0,0,64,0,4,50,0,54,56,12,50,0,118,58,0,58,176
01/15/2012,GUM,GU,AWP,WE,Federal Contract Tower,68,12,1,2,83,0,4,34,0,38,68,16,35,2,121,38,0,38,159
01/16/2012,GUM,GU,AWP,WE,Federal Contract Tower,62,12,3,0,77,0,0,19,0,19,62,12,22,0,96,14,0,14,110
01/17/2012,GUM,GU,AWP,WE,Federal Contract Tower,54,10,2,2,68,0,4,52,0,56,54,14,54,2,124,50,0,50,174
01/18/2012,GUM,GU,AWP,WE,Federal Contract Tower,56,10,2,0,68,0,3,58,0,61,56,13,60,0,129,14,0,14,143
01/19/2012,GUM,GU,AWP,WE,Federal Contract Tower,62,11,0,2,75,0,6,36,0,42,62,17,36,2,117,32,0,32,149
01/20/2012,GUM,GU,AWP,WE,Federal Contract Tower,60,15,0,0,75,0,0,36,0,36,60,15,36,0,111,30,0,30,141
01/21/2012,GUM,GU,AWP,WE,Federal Contract Tower,59,8,2,0,69,0,3,34,0,37,59,11,36,0,106,122,0,122,228
01/22/2012,GUM,GU,AWP,WE,Federal Contract Tower,67,12,3,0,82,0,4,48,0,52,67,16,51,0,134,138,0,138,272
01/23/2012,GUM,GU,AWP,WE,Federal Contract Tower,68,12,3,2,85,0,0,46,0,46,68,12,49,2,131,64,0,64,195
01/24/2012,GUM,GU,AWP,WE,Federal Contract Tower,61,11,1,0,73,0,2,50,0,52,61,13,51,0,125,64,0,64,189
01/25/2012,GUM,GU,AWP,WE,Federal Contract Tower,62,16,0,2,80,0,4,69,0,73,62,20,69,2,153,20,0,20,173
01/26/2012,GUM,GU,AWP,WE,Federal Contract Tower,59,13,0,0,72,0,4,38,0,42,59,17,38,0,114,82,0,82,196
01/27/2012,GUM,GU,AWP,WE,Federal Contract Tower,64,17,1,0,82,0,0,95,0,95,64,17,96,0,177,116,0,116,293
01/28/2012,GUM,GU,AWP,WE,Federal Contract Tower,57,8,2,0,67,0,4,86,0,90,57,12,88,0,157,112,0,112,269
01/29/2012,GUM,GU,AWP,WE,Federal Contract Tower,69,12,0,0,81,0,4,50,0,54,69,16,50,0,135,142,0,142,277
01/30/2012,GUM,GU,AWP,WE,Federal Contract Tower,62,12,0,0,74,0,0,51,0,51,62,12,51,0,125,48,6,54,179
01/31/2012,GUM,GU,AWP,WE,Federal Contract Tower,60,8,0,0,68,0,5,64,0,69,60,13,64,0,137,56,0,56,193
02/01/2012,GUM,GU,AWP,WE,Federal Contract Tower,60,10,0,0,70,0,5,82,0,87,60,15,82,0,157,18,0,18,175
02/02/2012,GUM,GU,AWP,WE,Federal Contract Tower,67,14,1,0,82,0,2,72,0,74,67,16,73,0,156,96,0,96,252
02/03/2012,GUM,GU,AWP,WE,Federal Contract Tower,66,12,3,0,81,0,3,102,0,105,66,15,105,0,186,66,0,66,252
02/04/2012,GUM,GU,AWP,WE,Federal Contract Tower,61,2,5,0,68,0,4,55,0,59,61,6,60,0,127,74,0,74,201
02/05/2012,GUM,GU,AWP,WE,Federal Contract Tower,68,14,6,0,88,0,2,36,0,38,68,16,42,0,126,64,0,64,190
02/06/2012,GUM,GU,AWP,WE,Federal Contract Tower,62,12,0,0,74,0,0,39,0,39,62,12,39,0,113,20,0,20,133
02/07/2012,GUM,GU,AWP,WE,Federal Contract Tower,55,12,0,0,67,0,7,44,0,51,55,19,44,0,118,64,0,64,182
02/08/2012,GUM,GU,AWP,WE,Federal Contract Tower,57,12,11,12,92,0,4,56,0,60,57,16,67,12,152,32,0,32,184
02/09/2012,GUM,GU,AWP,WE,Federal Contract Tower,59,12,24,0,95,0,4,54,0,58,59,16,78,0,153,40,0,40,193
02/10/2012,GUM,GU,AWP,WE,Federal Contract Tower,58,16,5,4,83,0,1,61,0,62,58,17,66,4,145,22,0,22,167
02/11/2012,GUM,GU,AWP,WE,Federal Contract Tower,61,8,0,0,69,0,4,49,0,53,61,12,49,0,122,42,0,42,164
02/12/2012,GUM,GU,AWP,WE,Federal Contract Tower,69,12,0,0,81,0,4,64,0,68,69,16,64,0,149,68,0,68,217
02/13/2012,GUM,GU,AWP,WE,Federal Contract Tower,59,12,2,2,75,0,0,66,0,66,59,12,68,2,141,14,0,14,155
02/14/2012,GUM,GU,AWP,WE,Federal Contract Tower,57,9,1,0,67,0,4,38,0,42,57,13,39,0,109,44,0,44,153
02/15/2012,GUM,GU,AWP,WE,Federal Contract Tower,58,12,1,0,71,0,5,65,0,70,58,17,66,0,141,28,0,28,169
02/16/2012,GUM,GU,AWP,WE,Federal Contract Tower,62,13,1,0,76,0,4,62,0,66,62,17,63,0,142,42,0,42,184
02/17/2012,GUM,GU,AWP,WE,Federal Contract Tower,63,14,0,0,77,0,0,71,0,71,63,14,71,0,148,20,0,20,168
02/18/2012,GUM,GU,AWP,WE,Federal Contract Tower,58,8,0,0,66,0,1,46,0,47,58,9,46,0,113,78,0,78,191
02/19/2012,GUM,GU,AWP,WE,Federal Contract Tower,71,12,0,0,83,0,2,37,0,39,71,14,37,0,122,67,0,67,189
02/20/2012,GUM,GU,AWP,WE,Federal Contract Tower,59,12,0,0,71,0,0,64,0,64,59,12,64,0,135,42,0,42,177
02/21/2012,GUM,GU,AWP,WE,Federal Contract Tower,56,10,4,0,70,0,2,39,0,41,56,12,43,0,111,49,0,49,160
02/22/2012,GUM,GU,AWP,WE,Federal Contract Tower,59,12,4,0,75,0,2,64,6,72,59,14,68,6,147,36,16,52,199
02/23/2012,GUM,GU,AWP,WE,Federal Contract Tower,66,12,3,0,81,0,2,39,0,41,66,14,42,0,122,46,0,46,168
02/24/2012,GUM,GU,AWP,WE,Federal Contract Tower,57,14,2,0,73,0,0,36,0,36,57,14,38,0,109,88,0,88,197
02/25/2012,GUM,GU,AWP,WE,Federal Contract Tower,54,8,0,0,62,0,4,39,0,43,54,12,39,0,105,64,0,64,169
02/26/2012,GUM,GU,AWP,WE,Federal Contract Tower,75,12,0,0,87,0,2,31,0,33,75,14,31,0,120,52,0,52,172
02/27/2012,GUM,GU,AWP,WE,Federal Contract Tower,58,12,0,0,70,0,0,30,0,30,58,12,30,0,100,66,0,66,166
02/28/2012,GUM,GU,AWP,WE,Federal Contract Tower,55,10,0,0,65,0,2,34,0,36,55,12,34,0,101,44,0,44,145
02/29/2012,GUM,GU,AWP,WE,Federal Contract Tower,63,11,0,0,74,0,2,50,0,52,63,13,50,0,126,20,0,20,146
03/01/2012,GUM,GU,AWP,WE,Federal Contract Tower,61,13,0,0,74,0,2,38,0,40,61,15,38,0,114,34,0,34,148
03/02/2012,GUM,GU,AWP,WE,Federal Contract Tower,59,16,2,0,77,0,0,26,0,26,59,16,28,0,103,14,0,14,117
03/03/2012,GUM,GU,AWP,WE,Federal Contract Tower,57,8,3,0,68,0,1,56,0,57,57,9,59,0,125,44,0,44,169
03/04/2012,GUM,GU,AWP,WE,Federal Contract Tower,71,12,0,0,83,0,0,30,0,30,71,12,30,0,113,70,0,70,183
03/05/2012,GUM,GU,AWP,WE,Federal Contract Tower,56,11,0,0,67,0,0,18,0,18,56,11,18,0,85,36,0,36,121
03/06/2012,GUM,GU,AWP,WE,Federal Contract Tower,57,18,2,0,77,0,2,34,0,36,57,20,36,0,113,48,0,48,161
03/07/2012,GUM,GU,AWP,WE,Federal Contract Tower,59,10,6,0,75,0,2,38,0,40,59,12,44,0,115,26,0,26,141
03/08/2012,GUM,GU,AWP,WE,Federal Contract Tower,59,12,0,0,71,0,2,56,0,58,59,14,56,0,129,44,0,44,173
03/09/2012,GUM,GU,AWP,WE,Federal Contract Tower,57,14,1,0,72,0,0,54,0,54,57,14,55,0,126,54,0,54,180
03/10/2012,GUM,GU,AWP,WE,Federal Contract Tower,56,9,0,0,65,0,2,60,0,62,56,11,60,0,127,70,0,70,197
03/11/2012,GUM,GU,AWP,WE,Federal Contract Tower,66,12,1,0,79,0,0,38,0,38,66,12,39,0,117,58,0,58,175
03/12/2012,GUM,GU,AWP,WE,Federal Contract Tower,60,13,2,0,75,0,0,24,0,24,60,13,26,0,99,18,0,18,117
03/13/2012,GUM,GU,AWP,WE,Federal Contract Tower,56,10,0,0,66,0,2,24,0,26,56,12,24,0,92,24,0,24,116
03/14/2012,GUM,GU,AWP,WE,Federal Contract Tower,62,10,4,0,76,0,2,18,0,20,62,12,22,0,96,8,0,8,104
03/15/2012,GUM,GU,AWP,WE,Federal Contract Tower,59,14,3,8,84,0,2,28,0,30,59,16,31,8,114,6,0,6,120
03/16/2012,GUM,GU,AWP,WE,Federal Contract Tower,60,16,0,0,76,0,4,56,0,60,60,20,56,0,136,34,0,34,170
03/17/2012,GUM,GU,AWP,WE,Federal Contract Tower,66,8,0,0,74,0,4,38,0,42,66,12,38,0,116,46,0,46,162
03/18/2012,GUM,GU,AWP,WE,Federal Contract Tower,73,12,0,0,85,0,2,44,0,46,73,14,44,0,131,38,0,38,169
03/19/2012,GUM,GU,AWP,WE,Federal Contract Tower,64,12,0,0,76,0,0,58,0,58,64,12,58,0,134,109,0,109,243
03/20/2012,GUM,GU,AWP,WE,Federal Contract Tower,63,12,1,0,76,0,3,41,0,44,63,15,42,0,120,104,0,104,224
03/21/2012,GUM,GU,AWP,WE,Federal Contract Tower,63,10,3,0,76,0,4,48,0,52,63,14,51,0,128,26,0,26,154
03/22/2012,GUM,GU,AWP,WE,Federal Contract Tower,63,14,0,2,79,0,2,34,0,36,63,16,34,2,115,24,0,24,139
03/23/2012,GUM,GU,AWP,WE,Federal Contract Tower,61,14,2,0,77,0,2,60,0,62,61,16,62,0,139,60,0,60,199
03/24/2012,GUM,GU,AWP,WE,Federal Contract Tower,59,8,3,0,70,0,2,44,0,46,59,10,47,0,116,32,0,32,148
03/25/2012,GUM,GU,AWP,WE,Federal Contract Tower,70,12,0,0,82,0,0,44,0,44,70,12,44,0,126,18,0,18,144
03/26/2012,GUM,GU,AWP,WE,Federal Contract Tower,67,12,2,0,81,0,0,32,0,32,67,12,34,0,113,30,0,30,143
03/27/2012,GUM,GU,AWP,WE,Federal Contract Tower,61,10,0,0,71,0,4,25,0,29,61,14,25,0,100,30,0,30,130
03/28/2012,GUM,GU,AWP,WE,Federal Contract Tower,58,16,2,0,76,0,1,52,0,53,58,17,54,0,129,44,0,44,173
03/29/2012,GUM,GU,AWP,WE,Federal Contract Tower,68,26,0,0,94,0,0,45,0,45,68,26,45,0,139,16,0,16,155
03/30/2012,GUM,GU,AWP,WE,Federal Contract Tower,67,18,3,0,88,0,0,60,0,60,67,18,63,0,148,14,0,14,162
03/31/2012,GUM,GU,AWP,WE,Federal Contract Tower,63,15,1,0,79,0,0,18,0,18,63,15,19,0,97,0,0,0,97
04/01/2012,GUM,GU,AWP,WE,Federal Contract Tower,74,15,4,0,93,0,1,36,0,37,74,16,40,0,130,24,0,24,154
04/02/2012,GUM,GU,AWP,WE,Federal Contract Tower,65,16,1,0,82,0,0,38,0,38,65,16,39,0,120,2,0,2,122
04/03/2012,GUM,GU,AWP,WE,Federal Contract Tower,60,14,0,2,76,0,0,38,0,38,60,14,38,2,114,4,12,16,130
04/04/2012,GUM,GU,AWP,WE,Federal Contract Tower,59,16,0,0,75,0,0,46,0,46,59,16,46,0,121,18,0,18,139
04/05/2012,GUM,GU,AWP,WE,Federal Contract Tower,58,16,1,0,75,0,0,36,0,36,58,16,37,0,111,18,0,18,129
04/06/2012,GUM,GU,AWP,WE,Federal Contract Tower,56,17,3,0,76,0,0,42,0,42,56,17,45,0,118,40,0,40,158
04/07/2012,GUM,GU,AWP,WE,Federal Contract Tower,53,18,5,0,76,0,2,58,0,60,53,20,63,0,136,68,0,68,204
04/08/2012,GUM,GU,AWP,WE,Federal Contract Tower,62,14,11,0,87,0,2,26,0,28,62,16,37,0,115,62,0,62,177
04/09/2012,GUM,GU,AWP,WE,Federal Contract Tower,57,16,5,0,78,0,0,41,0,41,57,16,46,0,119,40,0,40,159
04/10/2012,GUM,GU,AWP,WE,Federal Contract Tower,57,16,3,2,78,0,2,38,0,40,57,18,41,2,118,6,0,6,124
04/11/2012,GUM,GU,AWP,WE,Federal Contract Tower,58,15,5,2,80,0,1,58,0,59,58,16,63,2,139,26,0,26,165
04/12/2012,GUM,GU,AWP,WE,Federal Contract Tower,59,15,8,0,82,0,0,38,0,38,59,15,46,0,120,32,0,32,152
04/13/2012,GUM,GU,AWP,WE,Federal Contract Tower,54,18,9,0,81,0,0,48,0,48,54,18,57,0,129,52,0,52,181
04/14/2012,GUM,GU,AWP,WE,Federal Contract Tower,53,15,6,0,74,0,1,36,0,37,53,16,42,0,111,56,0,56,167
04/15/2012,GUM,GU,AWP,WE,Federal Contract Tower,61,21,3,0,85,0,0,56,0,56,61,21,59,0,141,43,0,43,184
04/16/2012,GUM,GU,AWP,WE,Federal Contract Tower,57,16,2,0,75,0,0,44,0,44,57,16,46,0,119,20,0,20,139
04/17/2012,GUM,GU,AWP,WE,Federal Contract Tower,55,14,2,12,83,0,0,50,0,50,55,14,52,12,133,18,0,18,151
04/18/2012,GUM,GU,AWP,WE,Federal Contract Tower,52,26,0,0,78,0,0,44,0,44,52,26,44,0,122,22,0,22,144
04/19/2012,GUM,GU,AWP,WE,Federal Contract Tower,53,16,2,0,71,0,0,30,0,30,53,16,32,0,101,32,0,32,133
04/20/2012,GUM,GU,AWP,WE,Federal Contract Tower,54,18,3,0,75,0,0,56,0,56,54,18,59,0,131,46,0,46,177
04/21/2012,GUM,GU,AWP,WE,Federal Contract Tower,52,14,1,0,67,0,0,48,0,48,52,14,49,0,115,0,0,0,115
04/22/2012,GUM,GU,AWP,WE,Federal Contract Tower,63,17,6,0,86,0,0,30,0,30,63,17,36,0,116,66,0,66,182
04/23/2012,GUM,GU,AWP,WE,Federal Contract Tower,55,16,2,0,73,0,0,42,0,42,55,16,44,0,115,86,0,86,201
04/24/2012,GUM,GU,AWP,WE,Federal Contract Tower,53,14,6,2,75,0,0,42,0,42,53,14,48,2,117,60,2,62,179
04/25/2012,GUM,GU,AWP,WE,Federal Contract Tower,52,16,6,0,74,0,0,46,0,46,52,16,52,0,120,36,0,36,156
04/26/2012,GUM,GU,AWP,WE,Federal Contract Tower,51,16,0,2,69,0,0,74,0,74,51,16,74,2,143,58,0,58,201
04/27/2012,GUM,GU,AWP,WE,Federal Contract Tower,58,18,0,0,76,0,0,50,0,50,58,18,50,0,126,52,0,52,178
04/28/2012,GUM,GU,AWP,WE,Federal Contract Tower,60,12,0,0,72,0,0,52,0,52,60,12,52,0,124,52,0,52,176
04/29/2012,GUM,GU,AWP,WE,Federal Contract Tower,70,16,0,0,86,0,0,50,0,50,70,16,50,0,136,46,0,46,182
04/30/2012,GUM,GU,AWP,WE,Federal Contract Tower,60,16,13,0,89,0,1,54,0,55,60,17,67,0,144,42,0,42,186
05/01/2012,GUM,GU,AWP,WE,Federal Contract Tower,60,14,4,0,78,0,0,68,0,68,60,14,72,0,146,33,0,33,179
05/02/2012,GUM,GU,AWP,WE,Federal Contract Tower,63,16,4,0,83,0,0,68,0,68,63,16,72,0,151,87,0,87,238
05/03/2012,GUM,GU,AWP,WE,Federal Contract Tower,80,16,0,0,96,0,2,74,0,76,80,18,74,0,172,70,0,70,242
05/04/2012,GUM,GU,AWP,WE,Federal Contract Tower,62,18,2,0,82,0,2,100,0,102,62,20,102,0,184,162,0,162,346
05/05/2012,GUM,GU,AWP,WE,Federal Contract Tower,63,16,0,0,79,0,0,64,0,64,63,16,64,0,143,128,0,128,271
05/06/2012,GUM,GU,AWP,WE,Federal Contract Tower,86,16,0,0,102,0,0,49,0,49,86,16,49,0,151,44,0,44,195
05/07/2012,GUM,GU,AWP,WE,Federal Contract Tower,57,16,4,10,87,0,0,50,0,50,57,16,54,10,137,36,0,36,173
05/08/2012,GUM,GU,AWP,WE,Federal Contract Tower,52,12,2,8,74,0,0,28,0,28,52,12,30,8,102,74,0,74,176
05/09/2012,GUM,GU,AWP,WE,Federal Contract Tower,52,16,0,4,72,0,0,48,0,48,52,16,48,4,120,40,0,40,160
05/10/2012,GUM,GU,AWP,WE,Federal Contract Tower,55,16,0,0,71,0,2,38,0,40,55,18,38,0,111,40,0,40,151
05/11/2012,GUM,GU,AWP,WE,Federal Contract Tower,52,16,1,0,69,0,2,52,0,54,52,18,53,0,123,32,0,32,155
05/12/2012,GUM,GU,AWP,WE,Federal Contract Tower,54,14,2,0,70,0,0,40,0,40,54,14,42,0,110,62,0,62,172
05/13/2012,GUM,GU,AWP,WE,Federal Contract Tower,67,14,2,0,83,0,2,39,0,41,67,16,41,0,124,63,0,63,187
05/14/2012,GUM,GU,AWP,WE,Federal Contract Tower,55,14,0,1,70,0,4,50,0,54,55,18,50,1,124,42,0,42,166
05/15/2012,GUM,GU,AWP,WE,Federal Contract Tower,53,14,0,0,67,0,2,42,0,44,53,16,42,0,111,58,0,58,169
05/16/2012,GUM,GU,AWP,WE,Federal Contract Tower,56,14,2,0,72,0,6,48,0,54,56,20,50,0,126,38,0,38,164
05/17/2012,GUM,GU,AWP,WE,Federal Contract Tower,55,14,0,0,69,0,2,52,0,54,55,16,52,0,123,32,0,32,155
05/18/2012,GUM,GU,AWP,WE,Federal Contract Tower,56,20,0,0,76,0,0,76,0,76,56,20,76,0,152,74,0,74,226
05/19/2012,GUM,GU,AWP,WE,Federal Contract Tower,48,27,0,0,75,0,0,46,0,46,48,27,46,0,121,104,0,104,225
05/20/2012,GUM,GU,AWP,WE,Federal Contract Tower,63,18,7,0,88,0,0,54,0,54,63,18,61,0,142,76,0,76,218
05/21/2012,GUM,GU,AWP,WE,Federal Contract Tower,59,34,5,2,100,0,0,33,0,33,59,34,38,2,133,26,0,26,159
05/22/2012,GUM,GU,AWP,WE,Federal Contract Tower,51,12,9,0,72,0,0,7,0,7,51,12,16,0,79,0,0,0,79
05/23/2012,GUM,GU,AWP,WE,Federal Contract Tower,54,16,7,0,77,0,0,35,0,35,54,16,42,0,112,68,0,68,180
05/24/2012,GUM,GU,AWP,WE,Federal Contract Tower,56,31,2,0,89,0,0,58,0,58,56,31,60,0,147,38,0,38,185
05/25/2012,GUM,GU,AWP,WE,Federal Contract Tower,56,26,3,0,85,0,2,42,0,44,56,28,45,0,129,82,0,82,211
05/26/2012,GUM,GU,AWP,WE,Federal Contract Tower,48,14,5,0,67,0,0,44,0,44,48,14,49,0,111,68,0,68,179
05/27/2012,GUM,GU,AWP,WE,Federal Contract Tower,63,16,0,0,79,0,0,0,0,0,63,16,0,0,79,80,0,80,159
05/28/2012,GUM,GU,AWP,WE,Federal Contract Tower,57,16,6,0,79,0,0,44,0,44,57,16,50,0,123,18,0,18,141
05/29/2012,GUM,GU,AWP,WE,Federal Contract Tower,47,13,0,2,62,0,0,42,0,42,47,13,42,2,104,14,0,14,118
05/30/2012,GUM,GU,AWP,WE,Federal Contract Tower,53,16,4,2,75,0,0,44,0,44,53,16,48,2,119,38,0,38,157
05/31/2012,GUM,GU,AWP,WE,Federal Contract Tower,49,16,6,0,71,0,0,26,0,26,49,16,32,0,97,16,0,16,113
06/01/2012,GUM,GU,AWP,WE,Federal Contract Tower,54,19,4,0,77,0,0,38,0,38,54,19,42,0,115,8,0,8,123
06/02/2012,GUM,GU,AWP,WE,Federal Contract Tower,52,15,3,0,70,0,0,34,0,34,52,15,37,0,104,84,0,84,188
06/03/2012,GUM,GU,AWP,WE,Federal Contract Tower,65,14,0,0,79,0,2,54,0,56,65,16,54,0,135,112,0,112,247
06/04/2012,GUM,GU,AWP,WE,Federal Contract Tower,57,16,0,0,73,0,0,66,0,66,57,16,66,0,139,40,0,40,179
06/05/2012,GUM,GU,AWP,WE,Federal Contract Tower,53,14,4,0,71,0,0,34,0,34,53,14,38,0,105,34,0,34,139
06/06/2012,GUM,GU,AWP,WE,Federal Contract Tower,55,13,0,0,68,0,0,74,0,74,55,13,74,0,142,34,0,34,176
06/07/2012,GUM,GU,AWP,WE,Federal Contract Tower,56,17,4,0,77,0,0,38,0,38,56,17,42,0,115,14,0,14,129
06/08/2012,GUM,GU,AWP,WE,Federal Contract Tower,59,19,0,0,78,0,2,38,0,40,59,21,38,0,118,36,0,36,154
06/09/2012,GUM,GU,AWP,WE,Federal Contract Tower,53,14,7,0,74,0,0,56,0,56,53,14,63,0,130,62,0,62,192
06/10/2012,GUM,GU,AWP,WE,Federal Contract Tower,65,15,0,0,80,0,0,63,0,63,65,15,63,0,143,62,0,62,205
06/11/2012,GUM,GU,AWP,WE,Federal Contract Tower,57,16,9,0,82,0,0,84,0,84,57,16,93,0,166,39,0,39,205
06/12/2012,GUM,GU,AWP,WE,Federal Contract Tower,50,14,6,2,72,0,0,50,0,50,50,14,56,2,122,12,0,12,134
06/13/2012,GUM,GU,AWP,WE,Federal Contract Tower,57,15,6,0,78,0,0,80,0,80,57,15,86,0,158,45,0,45,203
06/14/2012,GUM,GU,AWP,WE,Federal Contract Tower,57,17,6,0,80,0,4,38,0,42,57,21,44,0,122,36,0,36,158
06/15/2012,GUM,GU,AWP,WE,Federal Contract Tower,59,18,8,0,85,0,1,68,0,69,59,19,76,0,154,92,0,92,246
06/16/2012,GUM,GU,AWP,WE,Federal Contract Tower,52,16,6,0,74,0,0,58,0,58,52,16,64,0,132,200,0,200,332
06/17/2012,GUM,GU,AWP,WE,Federal Contract Tower,65,15,16,0,96,0,0,69,0,69,65,15,85,0,165,90,0,90,255
06/18/2012,GUM,GU,AWP,WE,Federal Contract Tower,57,16,10,8,91,0,0,82,0,82,57,16,92,8,173,101,16,117,290
06/19/2012,GUM,GU,AWP,WE,Federal Contract Tower,51,14,16,0,81,0,0,44,0,44,51,14,60,0,125,113,0,113,238
06/20/2012,GUM,GU,AWP,WE,Federal Contract Tower,52,17,0,0,69,0,0,70,0,70,52,17,70,0,139,84,0,84,223
06/21/2012,GUM,GU,AWP,WE,Federal Contract Tower,54,16,0,2,72,0,0,98,0,98,54,16,98,2,170,32,0,32,202
06/22/2012,GUM,GU,AWP,WE,Federal Contract Tower,56,18,2,0,76,0,0,68,0,68,56,18,70,0,144,102,0,102,246
06/23/2012,GUM,GU,AWP,WE,Federal Contract Tower,50,13,3,0,66,0,1,64,0,65,50,14,67,0,131,150,0,150,281
06/24/2012,GUM,GU,AWP,WE,Federal Contract Tower,66,16,0,0,82,0,0,68,0,68,66,16,68,0,150,107,0,107,257
06/25/2012,GUM,GU,AWP,WE,Federal Contract Tower,55,16,1,0,72,0,0,44,0,44,55,16,45,0,116,78,0,78,194
06/26/2012,GUM,GU,AWP,WE,Federal Contract Tower,46,14,2,2,64,0,0,44,0,44,46,14,46,2,108,48,0,48,156
06/27/2012,GUM,GU,AWP,WE,Federal Contract Tower,53,16,0,0,69,0,2,42,0,44,53,18,42,0,113,38,0,38,151
06/28/2012,GUM,GU,AWP,WE,Federal Contract Tower,51,16,0,2,69,0,0,50,0,50,51,16,50,2,119,60,6,66,185
06/29/2012,GUM,GU,AWP,WE,Federal Contract Tower,62,26,0,0,88,0,0,74,0,74,62,26,74,0,162,68,0,68,230
06/30/2012,GUM,GU,AWP,WE,Federal Contract Tower,52,14,0,0,66,0,0,62,0,62,52,14,62,0,128,48,0,48,176
07/01/2012,GUM,GU,AWP,WE,Federal Contract Tower,68,14,5,0,87,0,1,42,0,43,68,15,47,0,130,56,0,56,186
07/02/2012,GUM,GU,AWP,WE,Federal Contract Tower,56,18,0,0,74,0,0,56,0,56,56,18,56,0,130,54,0,54,184
07/03/2012,GUM,GU,AWP,WE,Federal Contract Tower,50,14,1,4,69,0,0,66,0,66,50,14,67,4,135,46,2,48,183
07/04/2012,GUM,GU,AWP,WE,Federal Contract Tower,58,14,0,0,72,0,2,54,0,56,58,16,54,0,128,10,0,10,138
07/05/2012,GUM,GU,AWP,WE,Federal Contract Tower,62,18,0,0,80,0,0,68,0,68,62,18,68,0,148,48,0,48,196
07/06/2012,GUM,GU,AWP,WE,Federal Contract Tower,55,18,3,0,76,0,0,54,0,54,55,18,57,0,130,44,0,44,174
07/07/2012,GUM,GU,AWP,WE,Federal Contract Tower,47,12,1,0,60,0,1,56,0,57,47,13,57,0,117,50,0,50,167
07/08/2012,GUM,GU,AWP,WE,Federal Contract Tower,63,15,4,0,82,0,0,32,0,32,63,15,36,0,114,44,0,44,158
07/09/2012,GUM,GU,AWP,WE,Federal Contract Tower,55,18,2,0,75,0,0,38,0,38,55,18,40,0,113,36,0,36,149
07/10/2012,GUM,GU,AWP,WE,Federal Contract Tower,49,22,0,0,71,0,2,42,0,44,49,24,42,0,115,50,0,50,165
07/11/2012,GUM,GU,AWP,WE,Federal Contract Tower,54,16,3,0,73,0,0,60,0,60,54,16,63,0,133,34,0,34,167
07/12/2012,GUM,GU,AWP,WE,Federal Contract Tower,59,16,0,0,75,0,0,39,0,39,59,16,39,0,114,34,0,34,148
07/13/2012,GUM,GU,AWP,WE,Federal Contract Tower,59,17,2,0,78,0,0,46,0,46,59,17,48,0,124,26,0,26,150
07/14/2012,GUM,GU,AWP,WE,Federal Contract Tower,52,16,3,0,71,0,0,46,0,46,52,16,49,0,117,32,0,32,149
07/15/2012,GUM,GU,AWP,WE,Federal Contract Tower,59,14,2,0,75,0,0,31,0,31,59,14,33,0,106,30,0,30,136
07/16/2012,GUM,GU,AWP,WE,Federal Contract Tower,55,16,0,0,71,0,0,44,0,44,55,16,44,0,115,58,0,58,173
07/17/2012,GUM,GU,AWP,WE,Federal Contract Tower,50,14,2,0,66,0,0,66,0,66,50,14,68,0,132,46,0,46,178
07/18/2012,GUM,GU,AWP,WE,Federal Contract Tower,55,16,0,2,73,0,0,44,0,44,55,16,44,2,117,32,0,32,149
07/19/2012,GUM,GU,AWP,WE,Federal Contract Tower,52,12,0,0,64,0,2,60,0,62,52,14,60,0,126,32,0,32,158
07/20/2012,GUM,GU,AWP,WE,Federal Contract Tower,55,18,0,0,73,0,0,50,0,50,55,18,50,0,123,12,0,12,135
07/21/2012,GUM,GU,AWP,WE,Federal Contract Tower,58,10,12,0,80,0,0,54,0,54,58,10,66,0,134,80,0,80,214
07/22/2012,GUM,GU,AWP,WE,Federal Contract Tower,65,16,6,0,87,0,0,28,0,28,65,16,34,0,115,92,0,92,207
07/23/2012,GUM,GU,AWP,WE,Federal Contract Tower,61,16,2,0,79,0,0,38,0,38,61,16,40,0,117,52,0,52,169
07/24/2012,GUM,GU,AWP,WE,Federal Contract Tower,53,14,2,0,69,0,0,32,0,32,53,14,34,0,101,56,0,56,157
07/25/2012,GUM,GU,AWP,WE,Federal Contract Tower,60,16,5,4,85,0,0,38,0,38,60,16,43,4,123,57,0,57,180
07/26/2012,GUM,GU,AWP,WE,Federal Contract Tower,64,16,0,2,82,0,2,38,0,40,64,18,38,2,122,62,0,62,184
07/27/2012,GUM,GU,AWP,WE,Federal Contract Tower,62,18,4,0,84,0,0,80,0,80,62,18,84,0,164,64,0,64,228
07/28/2012,GUM,GU,AWP,WE,Federal Contract Tower,67,12,0,0,79,0,2,66,0,68,67,14,66,0,147,72,0,72,219
07/29/2012,GUM,GU,AWP,WE,Federal Contract Tower,72,14,0,0,86,0,0,43,0,43,72,14,43,0,129,82,0,82,211
07/30/2012,GUM,GU,AWP,WE,Federal Contract Tower,63,18,1,0,82,0,0,37,0,37,63,18,38,0,119,62,0,62,181
07/31/2012,GUM,GU,AWP,WE,Federal Contract Tower,62,10,1,0,73,0,1,46,0,47,62,11,47,0,120,30,0,30,150
08/01/2012,GUM,GU,AWP,WE,Federal Contract Tower,64,16,1,0,81,0,0,54,0,54,64,16,55,0,135,28,0,28,163
08/02/2012,GUM,GU,AWP,WE,Federal Contract Tower,64,14,0,0,78,0,0,36,0,36,64,14,36,0,114,32,0,32,146
08/03/2012,GUM,GU,AWP,WE,Federal Contract Tower,63,18,0,0,81,0,0,60,0,60,63,18,60,0,141,78,0,78,219
08/04/2012,GUM,GU,AWP,WE,Federal Contract Tower,58,12,0,0,70,0,0,36,0,36,58,12,36,0,106,28,0,28,134
08/05/2012,GUM,GU,AWP,WE,Federal Contract Tower,70,14,0,0,84,0,0,36,0,36,70,14,36,0,120,26,0,26,146
08/06/2012,GUM,GU,AWP,WE,Federal Contract Tower,71,15,0,0,86,0,0,48,0,48,71,15,48,0,134,46,0,46,180
08/07/2012,GUM,GU,AWP,WE,Federal Contract Tower,57,15,1,0,73,0,0,44,0,44,57,15,45,0,117,40,0,40,157
08/08/2012,GUM,GU,AWP,WE,Federal Contract Tower,70,14,0,0,84,0,0,38,0,38,70,14,38,0,122,18,0,18,140
08/09/2012,GUM,GU,AWP,WE,Federal Contract Tower,69,14,0,0,83,0,0,56,0,56,69,14,56,0,139,86,0,86,225
08/10/2012,GUM,GU,AWP,WE,Federal Contract Tower,69,21,0,0,90,0,0,54,0,54,69,21,54,0,144,72,0,72,216
08/11/2012,GUM,GU,AWP,WE,Federal Contract Tower,65,17,0,0,82,0,0,40,0,40,65,17,40,0,122,102,0,102,224
08/12/2012,GUM,GU,AWP,WE,Federal Contract Tower,74,14,1,0,89,0,0,52,0,52,74,14,53,0,141,122,0,122,263
08/13/2012,GUM,GU,AWP,WE,Federal Contract Tower,69,16,2,0,87,0,0,65,0,65,69,16,67,0,152,42,0,42,194
08/14/2012,GUM,GU,AWP,WE,Federal Contract Tower,62,14,2,2,80,0,0,54,0,54,62,14,56,2,134,106,0,106,240
08/15/2012,GUM,GU,AWP,WE,Federal Contract Tower,65,15,0,0,80,0,0,78,0,78,65,15,78,0,158,90,0,90,248
08/16/2012,GUM,GU,AWP,WE,Federal Contract Tower,65,16,0,0,81,0,0,90,0,90,65,16,90,0,171,84,0,84,255
08/17/2012,GUM,GU,AWP,WE,Federal Contract Tower,65,16,0,0,81,0,0,68,0,68,65,16,68,0,149,76,0,76,225
08/18/2012,GUM,GU,AWP,WE,Federal Contract Tower,62,12,2,0,76,0,1,52,0,53,62,13,54,0,129,78,0,78,207
08/19/2012,GUM,GU,AWP,WE,Federal Contract Tower,71,14,0,0,85,0,0,50,0,50,71,14,50,0,135,21,0,21,156
08/20/2012,GUM,GU,AWP,WE,Federal Contract Tower,66,17,16,0,99,0,0,47,0,47,66,17,63,0,146,20,0,20,166
08/21/2012,GUM,GU,AWP,WE,Federal Contract Tower,61,14,22,0,97,0,0,44,0,44,61,14,66,0,141,42,0,42,183
08/22/2012,GUM,GU,AWP,WE,Federal Contract Tower,64,16,1,0,81,0,0,49,0,49,64,16,50,0,130,34,0,34,164
08/23/2012,GUM,GU,AWP,WE,Federal Contract Tower,62,14,0,0,76,0,0,90,0,90,62,14,90,0,166,106,0,106,272
08/24/2012,GUM,GU,AWP,WE,Federal Contract Tower,64,20,3,0,87,0,0,62,0,62,64,20,65,0,149,52,0,52,201
08/25/2012,GUM,GU,AWP,WE,Federal Contract Tower,58,12,1,0,71,0,0,52,0,52,58,12,53,0,123,44,0,44,167
08/26/2012,GUM,GU,AWP,WE,Federal Contract Tower,71,13,1,0,85,0,2,50,0,52,71,15,51,0,137,90,0,90,227
08/27/2012,GUM,GU,AWP,WE,Federal Contract Tower,61,18,11,0,90,0,0,53,0,53,61,18,64,0,143,61,0,61,204
08/28/2012,GUM,GU,AWP,WE,Federal Contract Tower,54,14,3,0,71,0,0,0,0,0,54,14,3,0,71,30,0,30,101
08/29/2012,GUM,GU,AWP,WE,Federal Contract Tower,63,14,6,2,85,0,0,64,0,64,63,14,70,2,149,50,0,50,199
08/30/2012,GUM,GU,AWP,WE,Federal Contract Tower,59,14,2,0,75,0,0,64,0,64,59,14,66,0,139,42,0,42,181
08/31/2012,GUM,GU,AWP,WE,Federal Contract Tower,59,18,0,0,77,0,0,48,0,48,59,18,48,0,125,56,0,56,181
09/01/2012,GUM,GU,AWP,WE,Federal Contract Tower,58,11,0,0,69,0,4,24,0,28,58,15,24,0,97,76,0,76,173
09/02/2012,GUM,GU,AWP,WE,Federal Contract Tower,65,13,0,0,78,0,1,47,0,48,65,14,47,0,126,67,0,67,193
09/03/2012,GUM,GU,AWP,WE,Federal Contract Tower,57,12,3,0,72,0,6,51,0,57,57,18,54,0,129,99,0,99,228
09/04/2012,GUM,GU,AWP,WE,Federal Contract Tower,57,10,5,0,72,0,4,57,0,61,57,14,62,0,133,68,0,68,201
09/05/2012,GUM,GU,AWP,WE,Federal Contract Tower,61,10,1,0,72,0,0,49,0,49,61,10,50,0,121,28,0,28,149
09/06/2012,GUM,GU,AWP,WE,Federal Contract Tower,59,12,2,4,77,0,10,80,0,90,59,22,82,4,167,70,0,70,237
09/07/2012,GUM,GU,AWP,WE,Federal Contract Tower,57,11,10,2,80,0,2,52,0,54,57,13,62,2,134,92,14,106,240
09/08/2012,GUM,GU,AWP,WE,Federal Contract Tower,56,10,6,0,72,0,2,52,0,54,56,12,58,0,126,110,0,110,236
09/09/2012,GUM,GU,AWP,WE,Federal Contract Tower,63,12,0,0,75,0,0,62,0,62,63,12,62,0,137,74,0,74,211
09/10/2012,GUM,GU,AWP,WE,Federal Contract Tower,60,12,4,0,76,0,5,41,0,46,60,17,45,0,122,42,0,42,164
09/11/2012,GUM,GU,AWP,WE,Federal Contract Tower,57,10,5,0,72,0,4,50,0,54,57,14,55,0,126,62,0,62,188
09/12/2012,GUM,GU,AWP,WE,Federal Contract Tower,56,10,2,0,68,0,4,52,0,56,56,14,54,0,124,84,0,84,208
09/13/2012,GUM,GU,AWP,WE,Federal Contract Tower,58,12,4,0,74,0,8,56,0,64,58,20,60,0,138,0,46,46,184
09/14/2012,GUM,GU,AWP,WE,Federal Contract Tower,57,12,3,0,72,0,5,86,0,91,57,17,89,0,163,108,0,108,271
09/15/2012,GUM,GU,AWP,WE,Federal Contract Tower,53,9,1,0,63,0,6,63,0,69,53,15,64,0,132,82,0,82,214
09/16/2012,GUM,GU,AWP,WE,Federal Contract Tower,66,12,2,0,80,0,1,47,0,48,66,13,49,0,128,104,0,104,232
09/17/2012,GUM,GU,AWP,WE,Federal Contract Tower,58,12,1,4,75,0,7,56,0,63,58,19,57,4,138,54,0,54,192
09/18/2012,GUM,GU,AWP,WE,Federal Contract Tower,52,10,9,0,71,0,2,37,0,39,52,12,46,0,110,34,0,34,144
09/19/2012,GUM,GU,AWP,WE,Federal Contract Tower,58,10,0,0,68,0,8,52,0,60,58,18,52,0,128,60,8,68,196
09/20/2012,GUM,GU,AWP,WE,Federal Contract Tower,59,12,6,2,79,0,10,64,0,74,59,22,70,2,153,18,0,18,171
09/21/2012,GUM,GU,AWP,WE,Federal Contract Tower,61,20,2,0,83,0,4,90,0,94,61,24,92,0,177,124,0,124,301
09/22/2012,GUM,GU,AWP,WE,Federal Contract Tower,51,11,6,0,68,0,6,68,0,74,51,17,74,0,142,212,0,212,354
09/23/2012,GUM,GU,AWP,WE,Federal Contract Tower,62,12,10,0,84,0,1,59,0,60,62,13,69,0,144,100,0,100,244
09/24/2012,GUM,GU,AWP,WE,Federal Contract Tower,53,12,14,2,81,0,8,44,0,52,53,20,58,2,133,56,0,56,189
09/25/2012,GUM,GU,AWP,WE,Federal Contract Tower,52,10,7,0,69,0,4,52,0,56,52,14,59,0,125,66,0,66,191
09/26/2012,GUM,GU,AWP,WE,Federal Contract Tower,56,12,6,0,74,0,2,58,0,60,56,14,64,0,134,86,0,86,220
09/27/2012,GUM,GU,AWP,WE,Federal Contract Tower,55,12,2,0,69,0,2,58,0,60,55,14,60,0,129,82,0,82,211
09/28/2012,GUM,GU,AWP,WE,Federal Contract Tower,55,15,3,0,73,0,1,48,0,49,55,16,51,0,122,50,0,50,172
09/29/2012,GUM,GU,AWP,WE,Federal Contract Tower,53,10,0,0,63,0,1,36,0,37,53,11,36,0,100,68,0,68,168
09/30/2012,GUM,GU,AWP,WE,Federal Contract Tower,65,12,4,0,81,0,4,26,0,30,65,16,30,0,111,56,0,56,167
10/01/2012,GUM,GU,AWP,WE,Federal Contract Tower,62,12,0,0,74,0,0,42,0,42,62,12,42,0,116,18,0,18,134
10/02/2012,GUM,GU,AWP,WE,Federal Contract Tower,48,10,1,0,59,0,4,15,0,19,48,14,16,0,78,32,0,32,110
10/03/2012,GUM,GU,AWP,WE,Federal Contract Tower,56,14,4,0,74,0,2,88,0,90,56,16,92,0,164,66,0,66,230
10/04/2012,GUM,GU,AWP,WE,Federal Contract Tower,57,12,2,0,71,0,0,48,0,48,57,12,50,0,119,52,0,52,171
10/05/2012,GUM,GU,AWP,WE,Federal Contract Tower,59,16,1,0,76,0,0,58,0,58,59,16,59,0,134,64,0,64,198
10/06/2012,GUM,GU,AWP,WE,Federal Contract Tower,53,10,0,0,63,0,1,53,0,54,53,11,53,0,117,50,0,50,167
10/07/2012,GUM,GU,AWP,WE,Federal Contract Tower,63,14,2,0,79,0,2,58,0,60,63,16,60,0,139,44,0,44,183
10/08/2012,GUM,GU,AWP,WE,Federal Contract Tower,60,14,2,0,76,0,2,54,0,56,60,16,56,0,132,34,0,34,166
10/09/2012,GUM,GU,AWP,WE,Federal Contract Tower,53,10,0,0,63,0,2,50,0,52,53,12,50,0,115,60,0,60,175
10/10/2012,GUM,GU,AWP,WE,Federal Contract Tower,54,14,2,3,73,0,2,28,0,30,54,16,30,3,103,38,0,38,141
10/11/2012,GUM,GU,AWP,WE,Federal Contract Tower,57,20,0,12,89,0,0,60,0,60,57,20,60,12,149,0,8,8,157
10/12/2012,GUM,GU,AWP,WE,Federal Contract Tower,59,18,0,3,80,0,2,34,0,36,59,20,34,3,116,2,0,2,118
10/13/2012,GUM,GU,AWP,WE,Federal Contract Tower,50,9,0,16,75,0,2,46,0,48,50,11,46,16,123,12,0,12,135
10/14/2012,GUM,GU,AWP,WE,Federal Contract Tower,61,14,1,7,83,0,1,57,0,58,61,15,58,7,141,118,0,118,259
10/15/2012,GUM,GU,AWP,WE,Federal Contract Tower,55,12,0,0,67,0,0,52,0,52,55,12,52,0,119,32,0,32,151
10/16/2012,GUM,GU,AWP,WE,Federal Contract Tower,52,10,4,0,66,0,2,68,0,70,52,12,72,0,136,54,0,54,190
10/17/2012,GUM,GU,AWP,WE,Federal Contract Tower,54,12,2,0,68,0,2,88,0,90,54,14,90,0,158,90,0,90,248
10/18/2012,GUM,GU,AWP,WE,Federal Contract Tower,56,14,4,0,74,0,2,54,0,56,56,16,58,0,130,68,0,68,198
10/19/2012,GUM,GU,AWP,WE,Federal Contract Tower,55,17,3,8,83,0,0,50,0,50,55,17,53,8,133,90,0,90,223
10/20/2012,GUM,GU,AWP,WE,Federal Contract Tower,53,14,5,6,78,0,0,52,4,56,53,14,57,10,134,52,0,52,186
10/21/2012,GUM,GU,AWP,WE,Federal Contract Tower,61,12,3,0,76,0,2,50,3,55,61,14,53,3,131,74,0,74,205
10/22/2012,GUM,GU,AWP,WE,Federal Contract Tower,56,14,1,0,71,0,2,48,0,50,56,16,49,0,121,32,0,32,153
10/23/2012,GUM,GU,AWP,WE,Federal Contract Tower,49,12,2,12,75,0,2,38,0,40,49,14,40,12,115,46,0,46,161
10/24/2012,GUM,GU,AWP,WE,Federal Contract Tower,53,12,4,0,69,0,2,40,0,42,53,14,44,0,111,16,0,16,127
10/25/2012,GUM,GU,AWP,WE,Federal Contract Tower,55,11,1,0,67,0,2,62,0,64,55,13,63,0,131,48,0,48,179
10/26/2012,GUM,GU,AWP,WE,Federal Contract Tower,53,14,3,0,70,0,0,48,0,48,53,14,51,0,118,32,0,32,150
10/27/2012,GUM,GU,AWP,WE,Federal Contract Tower,49,17,3,0,69,0,1,56,0,57,49,18,59,0,126,66,0,66,192
10/28/2012,GUM,GU,AWP,WE,Federal Contract Tower,63,12,2,0,77,0,2,56,0,58,63,14,58,0,135,64,0,64,199
10/29/2012,GUM,GU,AWP,WE,Federal Contract Tower,65,12,4,10,91,0,2,52,0,54,65,14,56,10,145,50,0,50,195
10/30/2012,GUM,GU,AWP,WE,Federal Contract Tower,55,14,0,8,77,0,2,31,0,33,55,16,31,8,110,70,0,70,180
10/31/2012,GUM,GU,AWP,WE,Federal Contract Tower,55,12,4,0,71,0,2,52,0,54,55,14,56,0,125,54,0,54,179
11/01/2012,GUM,GU,AWP,WE,Federal Contract Tower,55,11,0,0,66,0,2,66,0,68,55,13,66,0,134,20,0,20,154
11/02/2012,GUM,GU,AWP,WE,Federal Contract Tower,61,14,0,0,75,0,2,40,0,42,61,16,40,0,117,18,0,18,135
11/03/2012,GUM,GU,AWP,WE,Federal Contract Tower,50,14,8,0,72,0,2,38,0,40,50,16,46,0,112,10,0,10,122
11/04/2012,GUM,GU,AWP,WE,Federal Contract Tower,66,12,3,0,81,0,2,41,0,43,66,14,44,0,124,26,0,26,150
11/05/2012,GUM,GU,AWP,WE,Federal Contract Tower,64,12,6,4,86,0,4,43,0,47,64,16,49,4,133,37,0,37,170
11/06/2012,GUM,GU,AWP,WE,Federal Contract Tower,52,10,1,0,63,0,2,60,0,62,52,12,61,0,125,48,0,48,173
11/07/2012,GUM,GU,AWP,WE,Federal Contract Tower,51,12,1,8,72,0,2,66,0,68,51,14,67,8,140,32,0,32,172
11/08/2012,GUM,GU,AWP,WE,Federal Contract Tower,58,12,11,0,81,0,0,80,0,80,58,12,91,0,161,34,0,34,195
11/09/2012,GUM,GU,AWP,WE,Federal Contract Tower,64,15,0,0,79,0,0,72,0,72,64,15,72,0,151,30,0,30,181
11/10/2012,GUM,GU,AWP,WE,Federal Contract Tower,52,10,2,0,64,0,2,58,0,60,52,12,60,0,124,46,0,46,170
11/11/2012,GUM,GU,AWP,WE,Federal Contract Tower,65,12,0,0,77,0,2,60,0,62,65,14,60,0,139,72,0,72,211
11/12/2012,GUM,GU,AWP,WE,Federal Contract Tower,64,14,4,10,92,0,2,62,0,64,64,16,66,10,156,12,0,12,168
11/13/2012,GUM,GU,AWP,WE,Federal Contract Tower,52,14,0,2,68,0,2,62,0,64,52,16,62,2,132,60,0,60,192
11/14/2012,GUM,GU,AWP,WE,Federal Contract Tower,50,12,0,2,64,0,2,40,0,42,50,14,40,2,106,60,0,60,166
11/15/2012,GUM,GU,AWP,WE,Federal Contract Tower,58,14,0,0,72,0,0,62,0,62,58,14,62,0,134,60,0,60,194
11/16/2012,GUM,GU,AWP,WE,Federal Contract Tower,65,17,2,0,84,0,0,38,0,38,65,17,40,0,122,30,0,30,152
11/17/2012,GUM,GU,AWP,WE,Federal Contract Tower,49,10,2,0,61,0,2,40,0,42,49,12,42,0,103,60,0,60,163
11/18/2012,GUM,GU,AWP,WE,Federal Contract Tower,66,14,0,0,80,0,2,80,0,82,66,16,80,0,162,6,0,6,168
11/19/2012,GUM,GU,AWP,WE,Federal Contract Tower,62,14,5,4,85,0,2,46,0,48,62,16,51,4,133,32,0,32,165
11/20/2012,GUM,GU,AWP,WE,Federal Contract Tower,52,12,0,0,64,0,2,58,0,60,52,14,58,0,124,74,0,74,198
11/21/2012,GUM,GU,AWP,WE,Federal Contract Tower,51,13,0,2,66,0,2,54,0,56,51,15,54,2,122,66,0,66,188
11/22/2012,GUM,GU,AWP,WE,Federal Contract Tower,59,15,0,0,74,0,2,54,0,56,59,17,54,0,130,122,0,122,252
11/23/2012,GUM,GU,AWP,WE,Federal Contract Tower,70,14,3,0,87,0,2,48,0,50,70,16,51,0,137,94,0,94,231
11/24/2012,GUM,GU,AWP,WE,Federal Contract Tower,51,10,11,0,72,0,1,68,0,69,51,11,79,0,141,112,0,112,253
11/25/2012,GUM,GU,AWP,WE,Federal Contract Tower,63,11,2,0,76,64,1,0,0,65,127,12,2,0,141,90,4,94,235
11/26/2012,GUM,GU,AWP,WE,Federal Contract Tower,63,18,1,0,82,0,2,58,0,60,63,20,59,0,142,74,0,74,216
11/27/2012,GUM,GU,AWP,WE,Federal Contract Tower,53,10,1,0,64,0,2,56,0,58,53,12,57,0,122,46,0,46,168
11/28/2012,GUM,GU,AWP,WE,Federal Contract Tower,50,14,0,0,64,0,2,50,0,52,50,16,50,0,116,18,0,18,134
11/29/2012,GUM,GU,AWP,WE,Federal Contract Tower,58,30,4,0,92,0,2,68,0,70,58,32,72,0,162,26,0,26,188
11/30/2012,GUM,GU,AWP,WE,Federal Contract Tower,63,16,0,0,79,0,2,44,0,46,63,18,44,0,125,54,0,54,179
12/01/2012,GUM,GU,AWP,WE,Federal Contract Tower,52,12,1,0,65,0,2,42,0,44,52,14,43,0,109,36,0,36,145
12/02/2012,GUM,GU,AWP,WE,Federal Contract Tower,66,11,4,0,81,0,2,36,0,38,66,13,40,0,119,94,0,94,213
12/03/2012,GUM,GU,AWP,WE,Federal Contract Tower,64,14,0,0,78,0,1,54,0,55,64,15,54,0,133,72,0,72,205
12/04/2012,GUM,GU,AWP,WE,Federal Contract Tower,53,12,1,0,66,0,2,46,0,48,53,14,47,0,114,64,0,64,178
12/05/2012,GUM,GU,AWP,WE,Federal Contract Tower,54,14,4,4,76,0,2,60,0,62,54,16,64,4,138,88,0,88,226
12/06/2012,GUM,GU,AWP,WE,Federal Contract Tower,57,13,0,0,70,0,2,72,0,74,57,15,72,0,144,72,0,72,216
12/07/2012,GUM,GU,AWP,WE,Federal Contract Tower,59,14,0,0,73,0,4,48,0,52,59,18,48,0,125,52,0,52,177
12/08/2012,GUM,GU,AWP,WE,Federal Contract Tower,52,10,0,0,62,0,2,64,0,66,52,12,64,0,128,56,0,56,184
12/09/2012,GUM,GU,AWP,WE,Federal Contract Tower,64,12,0,0,76,0,2,52,0,54,64,14,52,0,130,102,0,102,232
12/10/2012,GUM,GU,AWP,WE,Federal Contract Tower,62,14,0,1,77,0,2,64,0,66,62,16,64,1,143,16,0,16,159
12/11/2012,GUM,GU,AWP,WE,Federal Contract Tower,53,10,0,4,67,0,2,54,0,56,53,12,54,4,123,50,0,50,173
12/12/2012,GUM,GU,AWP,WE,Federal Contract Tower,51,14,2,0,67,0,2,56,0,58,51,16,58,0,125,86,0,86,211
12/13/2012,GUM,GU,AWP,WE,Federal Contract Tower,58,16,1,0,75,0,2,58,0,60,58,18,59,0,135,74,0,74,209
12/14/2012,GUM,GU,AWP,WE,Federal Contract Tower,61,14,1,0,76,0,3,78,0,81,61,17,79,0,157,54,0,54,211
12/15/2012,GUM,GU,AWP,WE,Federal Contract Tower,50,14,0,0,64,0,2,44,0,46,50,16,44,0,110,86,0,86,196
12/16/2012,GUM,GU,AWP,WE,Federal Contract Tower,67,14,3,0,84,0,2,49,0,51,67,16,52,0,135,72,0,72,207
12/17/2012,GUM,GU,AWP,WE,Federal Contract Tower,64,14,2,0,80,0,2,48,0,50,64,16,50,0,130,34,0,34,164
12/18/2012,GUM,GU,AWP,WE,Federal Contract Tower,56,12,2,0,70,0,2,44,0,46,56,14,46,0,116,54,0,54,170
12/19/2012,GUM,GU,AWP,WE,Federal Contract Tower,54,12,10,0,76,0,0,50,0,50,54,12,60,0,126,60,0,60,186
12/20/2012,GUM,GU,AWP,WE,Federal Contract Tower,61,17,5,0,83,0,2,72,0,74,61,19,77,0,157,70,0,70,227
12/21/2012,GUM,GU,AWP,WE,Federal Contract Tower,69,14,6,0,89,0,2,60,0,62,69,16,66,0,151,78,0,78,229
12/22/2012,GUM,GU,AWP,WE,Federal Contract Tower,55,14,4,0,73,0,0,56,0,56,55,14,60,0,129,98,0,98,227
12/23/2012,GUM,GU,AWP,WE,Federal Contract Tower,71,11,3,0,85,0,2,50,0,52,71,13,53,0,137,56,0,56,193
12/24/2012,GUM,GU,AWP,WE,Federal Contract Tower,70,14,4,0,88,0,0,66,0,66,70,14,70,0,154,31,0,31,185
12/25/2012,GUM,GU,AWP,WE,Federal Contract Tower,59,10,4,0,73,0,2,68,0,70,59,12,72,0,143,78,0,78,221
12/26/2012,GUM,GU,AWP,WE,Federal Contract Tower,61,12,0,0,73,0,0,36,0,36,61,12,36,0,109,72,0,72,181
12/27/2012,GUM,GU,AWP,WE,Federal Contract Tower,64,12,10,0,86,0,2,108,0,110,64,14,118,0,196,72,0,72,268
12/28/2012,GUM,GU,AWP,WE,Federal Contract Tower,69,16,4,0,89,0,0,88,0,88,69,16,92,0,177,72,0,72,249
12/29/2012,GUM,GU,AWP,WE,Federal Contract Tower,76,12,4,0,92,0,4,74,0,78,76,16,78,0,170,96,0,96,266
12/30/2012,GUM,GU,AWP,WE,Federal Contract Tower,94,11,5,0,110,0,2,57,0,59,94,13,62,0,169,106,0,106,275
12/31/2012,GUM,GU,AWP,WE,Federal Contract Tower,80,14,3,0,97,0,0,77,0,77,80,14,80,0,174,70,0,70,244
01/01/2013,GUM,GU,AWP,WE,Federal Contract Tower,70,10,1,0,81,0,2,74,0,76,70,12,75,0,157,92,0,92,249
01/02/2013,GUM,GU,AWP,WE,Federal Contract Tower,82,12,0,0,94,0,0,70,0,70,82,12,70,0,164,110,0,110,274
01/03/2013,GUM,GU,AWP,WE,Federal Contract Tower,77,12,4,0,93,0,2,100,0,102,77,14,104,0,195,110,0,110,305
01/04/2013,GUM,GU,AWP,WE,Federal Contract Tower,80,14,5,0,99,0,0,104,0,104,80,14,109,0,203,82,0,82,285
01/05/2013,GUM,GU,AWP,WE,Federal Contract Tower,70,12,1,0,83,0,0,66,0,66,70,12,67,0,149,120,0,120,269
01/06/2013,GUM,GU,AWP,WE,Federal Contract Tower,79,13,2,0,94,0,1,42,0,43,79,14,44,0,137,64,0,64,201
01/07/2013,GUM,GU,AWP,WE,Federal Contract Tower,72,12,0,0,84,0,0,48,0,48,72,12,48,0,132,40,0,40,172
01/08/2013,GUM,GU,AWP,WE,Federal Contract Tower,61,12,2,0,75,0,2,42,0,44,61,14,44,0,119,14,0,14,133
01/09/2013,GUM,GU,AWP,WE,Federal Contract Tower,61,12,5,0,78,0,0,66,0,66,61,12,71,0,144,18,0,18,162
01/10/2013,GUM,GU,AWP,WE,Federal Contract Tower,64,11,2,0,77,0,2,46,0,48,64,13,48,0,125,38,0,38,163
01/11/2013,GUM,GU,AWP,WE,Federal Contract Tower,63,14,3,0,80,0,0,44,0,44,63,14,47,0,124,36,0,36,160
01/12/2013,GUM,GU,AWP,WE,Federal Contract Tower,56,10,0,0,66,0,0,58,0,58,56,10,58,0,124,22,0,22,146
01/13/2013,GUM,GU,AWP,WE,Federal Contract Tower,67,12,0,0,79,0,2,40,0,42,67,14,40,0,121,116,0,116,237
01/14/2013,GUM,GU,AWP,WE,Federal Contract Tower,62,14,1,0,77,0,0,60,0,60,62,14,61,0,137,74,0,74,211
01/15/2013,GUM,GU,AWP,WE,Federal Contract Tower,56,10,6,7,79,0,2,59,0,61,56,12,65,7,140,16,0,16,156
01/16/2013,GUM,GU,AWP,WE,Federal Contract Tower,52,12,3,2,69,0,0,70,0,70,52,12,73,2,139,24,0,24,163
01/17/2013,GUM,GU,AWP,WE,Federal Contract Tower,64,14,2,0,80,0,2,56,0,58,64,16,58,0,138,36,0,36,174
01/18/2013,GUM,GU,AWP,WE,Federal Contract Tower,71,14,5,0,90,0,0,40,0,40,71,14,45,0,130,44,0,44,174
01/19/2013,GUM,GU,AWP,WE,Federal Contract Tower,58,10,1,0,69,0,0,44,0,44,58,10,45,0,113,46,0,46,159
01/20/2013,GUM,GU,AWP,WE,Federal Contract Tower,69,12,4,0,85,0,4,37,0,41,69,16,41,0,126,20,0,20,146
01/21/2013,GUM,GU,AWP,WE,Federal Contract Tower,64,14,3,0,81,0,0,0,0,0,64,14,3,0,81,40,0,40,121
01/22/2013,GUM,GU,AWP,WE,Federal Contract Tower,53,12,2,2,69,0,0,0,0,0,53,12,2,2,69,26,0,26,95
01/23/2013,GUM,GU,AWP,WE,Federal Contract Tower,53,11,6,0,70,0,0,56,0,56,53,11,62,0,126,24,0,24,150
01/24/2013,GUM,GU,AWP,WE,Federal Contract Tower,59,12,5,0,76,0,2,50,0,52,59,14,55,0,128,34,0,34,162
01/25/2013,GUM,GU,AWP,WE,Federal Contract Tower,66,16,3,0,85,0,0,26,0,26,66,16,29,0,111,24,0,24,135
01/26/2013,GUM,GU,AWP,WE,Federal Contract Tower,58,12,0,0,70,0,0,72,0,72,58,12,72,0,142,40,0,40,182
01/27/2013,GUM,GU,AWP,WE,Federal Contract Tower,72,13,1,0,86,0,2,66,0,68,72,15,67,0,154,84,0,84,238
01/28/2013,GUM,GU,AWP,WE,Federal Contract Tower,66,14,1,0,81,0,0,50,0,50,66,14,51,0,131,44,0,44,175
01/29/2013,GUM,GU,AWP,WE,Federal Contract Tower,59,10,2,0,71,0,2,40,0,42,59,12,42,0,113,26,0,26,139
01/30/2013,GUM,GU,AWP,WE,Federal Contract Tower,55,12,9,22,98,0,0,50,0,50,55,12,59,22,148,128,0,128,276
01/31/2013,GUM,GU,AWP,WE,Federal Contract Tower,60,10,3,12,85,0,0,42,4,46,60,10,45,16,131,40,0,40,171
02/01/2013,GUM,GU,AWP,WE,Federal Contract Tower,63,15,2,16,96,0,2,56,0,58,63,17,58,16,154,72,0,72,226
02/02/2013,GUM,GU,AWP,WE,Federal Contract Tower,57,12,1,0,70,0,0,50,2,52,57,12,51,2,122,178,0,178,300
02/03/2013,GUM,GU,AWP,WE,Federal Contract Tower,72,16,0,0,88,0,0,0,0,0,72,16,0,0,88,110,0,110,198
02/04/2013,GUM,GU,AWP,WE,Federal Contract Tower,69,12,0,0,81,0,0,46,0,46,69,12,46,0,127,118,0,118,245
02/05/2013,GUM,GU,AWP,WE,Federal Contract Tower,63,10,1,0,74,0,2,52,0,54,63,12,53,0,128,68,0,68,196
02/06/2013,GUM,GU,AWP,WE,Federal Contract Tower,64,10,5,0,79,0,0,46,0,46,64,10,51,0,125,84,0,84,209
02/07/2013,GUM,GU,AWP,WE,Federal Contract Tower,69,12,3,2,86,0,2,78,0,80,69,14,81,2,166,74,0,74,240
02/08/2013,GUM,GU,AWP,WE,Federal Contract Tower,74,16,1,0,91,0,0,72,0,72,74,16,73,0,163,50,0,50,213
02/09/2013,GUM,GU,AWP,WE,Federal Contract Tower,69,11,1,0,81,0,0,70,0,70,69,11,71,0,151,88,0,88,239
02/10/2013,GUM,GU,AWP,WE,Federal Contract Tower,73,12,3,0,88,0,2,102,0,104,73,14,105,0,192,82,0,82,274
02/11/2013,GUM,GU,AWP,WE,Federal Contract Tower,72,12,3,0,87,0,0,101,0,101,72,12,104,0,188,64,0,64,252
02/12/2013,GUM,GU,AWP,WE,Federal Contract Tower,70,10,1,0,81,0,2,96,0,98,70,12,97,0,179,48,0,48,227
02/13/2013,GUM,GU,AWP,WE,Federal Contract Tower,70,14,0,0,84,0,0,76,0,76,70,14,76,0,160,50,0,50,210
02/14/2013,GUM,GU,AWP,WE,Federal Contract Tower,68,15,3,0,86,0,2,76,0,78,68,17,79,0,164,50,0,50,214
02/15/2013,GUM,GU,AWP,WE,Federal Contract Tower,71,12,3,0,86,0,0,80,0,80,71,12,83,0,166,38,0,38,204
02/16/2013,GUM,GU,AWP,WE,Federal Contract Tower,65,12,0,0,77,0,0,52,0,52,65,12,52,0,129,24,0,24,153
02/17/2013,GUM,GU,AWP,WE,Federal Contract Tower,85,15,8,0,108,0,2,58,0,60,85,17,66,0,168,32,0,32,200
02/18/2013,GUM,GU,AWP,WE,Federal Contract Tower,74,14,0,0,88,0,0,54,0,54,74,14,54,0,142,36,0,36,178
02/19/2013,GUM,GU,AWP,WE,Federal Contract Tower,61,10,4,0,75,0,0,2,50,52,61,10,6,50,127,42,0,42,169
02/20/2013,GUM,GU,AWP,WE,Federal Contract Tower,62,12,2,0,76,0,0,76,0,76,62,12,78,0,152,30,0,30,182
02/21/2013,GUM,GU,AWP,WE,Federal Contract Tower,72,14,4,0,90,0,1,49,0,50,72,15,53,0,140,8,0,8,148
02/22/2013,GUM,GU,AWP,WE,Federal Contract Tower,69,14,2,0,85,0,0,52,0,52,69,14,54,0,137,20,0,20,157
02/23/2013,GUM,GU,AWP,WE,Federal Contract Tower,60,10,7,0,77,0,0,58,0,58,60,10,65,0,135,42,0,42,177
02/24/2013,GUM,GU,AWP,WE,Federal Contract Tower,71,12,7,0,90,0,2,55,0,57,71,14,62,0,147,32,0,32,179
02/25/2013,GUM,GU,AWP,WE,Federal Contract Tower,66,12,7,0,85,0,0,40,0,40,66,12,47,0,125,34,0,34,159
02/26/2013,GUM,GU,AWP,WE,Federal Contract Tower,59,10,1,0,70,0,2,46,0,48,59,12,47,0,118,60,0,60,178
02/27/2013,GUM,GU,AWP,WE,Federal Contract Tower,59,12,7,0,78,0,0,76,0,76,59,12,83,0,154,50,0,50,204
02/28/2013,GUM,GU,AWP,WE,Federal Contract Tower,73,15,2,0,90,0,4,68,0,72,73,19,70,0,162,68,0,68,230
03/01/2013,GUM,GU,AWP,WE,Federal Contract Tower,75,14,8,0,97,0,2,56,0,58,75,16,64,0,155,62,0,62,217
03/02/2013,GUM,GU,AWP,WE,Federal Contract Tower,55,12,5,0,72,0,0,54,0,54,55,12,59,0,126,66,0,66,192
03/03/2013,GUM,GU,AWP,WE,Federal Contract Tower,77,12,0,0,89,0,2,52,0,54,77,14,52,0,143,59,0,59,202
03/04/2013,GUM,GU,AWP,WE,Federal Contract Tower,68,14,0,0,82,0,0,58,0,58,68,14,58,0,140,8,0,8,148
03/05/2013,GUM,GU,AWP,WE,Federal Contract Tower,61,10,4,0,75,0,0,68,0,68,61,10,72,0,143,26,0,26,169
03/06/2013,GUM,GU,AWP,WE,Federal Contract Tower,58,18,13,0,89,0,0,59,0,59,58,18,72,0,148,18,0,18,166
03/07/2013,GUM,GU,AWP,WE,Federal Contract Tower,67,16,3,0,86,0,2,56,0,58,67,18,59,0,144,36,0,36,180
03/08/2013,GUM,GU,AWP,WE,Federal Contract Tower,67,16,4,0,87,0,0,64,0,64,67,16,68,0,151,66,0,66,217
03/09/2013,GUM,GU,AWP,WE,Federal Contract Tower,57,11,5,0,73,0,0,48,0,48,57,11,53,0,121,64,0,64,185
03/10/2013,GUM,GU,AWP,WE,Federal Contract Tower,71,12,1,0,84,0,2,54,0,56,71,14,55,0,140,70,0,70,210
03/11/2013,GUM,GU,AWP,WE,Federal Contract Tower,65,12,1,0,78,0,0,72,0,72,65,12,73,0,150,90,0,90,240
03/12/2013,GUM,GU,AWP,WE,Federal Contract Tower,62,8,2,0,72,0,4,44,0,48,62,12,46,0,120,42,0,42,162
03/13/2013,GUM,GU,AWP,WE,Federal Contract Tower,58,10,3,0,71,0,0,64,0,64,58,10,67,0,135,84,0,84,219
03/14/2013,GUM,GU,AWP,WE,Federal Contract Tower,71,12,0,0,83,0,2,68,0,70,71,14,68,0,153,80,0,80,233
03/15/2013,GUM,GU,AWP,WE,Federal Contract Tower,78,11,1,0,90,0,2,56,0,58,78,13,57,0,148,54,0,54,202
03/16/2013,GUM,GU,AWP,WE,Federal Contract Tower,63,10,2,0,75,0,2,80,0,82,63,12,82,0,157,46,0,46,203
03/17/2013,GUM,GU,AWP,WE,Federal Contract Tower,81,12,2,0,95,0,3,40,0,43,81,15,42,0,138,32,0,32,170
03/18/2013,GUM,GU,AWP,WE,Federal Contract Tower,72,12,3,0,87,0,3,46,0,49,72,15,49,0,136,22,0,22,158
03/19/2013,GUM,GU,AWP,WE,Federal Contract Tower,64,10,2,0,76,0,5,36,0,41,64,15,38,0,117,84,0,84,201
03/20/2013,GUM,GU,AWP,WE,Federal Contract Tower,65,13,2,2,82,0,2,110,0,112,65,15,112,2,194,62,0,62,256
03/21/2013,GUM,GU,AWP,WE,Federal Contract Tower,70,17,0,0,87,0,2,70,0,72,70,19,70,0,159,96,0,96,255
03/22/2013,GUM,GU,AWP,WE,Federal Contract Tower,81,15,1,0,97,0,2,76,0,78,81,17,77,0,175,54,0,54,229
03/23/2013,GUM,GU,AWP,WE,Federal Contract Tower,67,10,3,0,80,0,0,74,0,74,67,10,77,0,154,66,0,66,220
03/24/2013,GUM,GU,AWP,WE,Federal Contract Tower,79,12,1,0,92,0,2,64,0,66,79,14,65,0,158,50,0,50,208
03/25/2013,GUM,GU,AWP,WE,Federal Contract Tower,72,16,1,2,91,0,0,60,0,60,72,16,61,2,151,46,0,46,197
03/26/2013,GUM,GU,AWP,WE,Federal Contract Tower,67,12,3,0,82,0,0,80,0,80,67,12,83,0,162,78,0,78,240
03/27/2013,GUM,GU,AWP,WE,Federal Contract Tower,63,12,3,0,78,0,2,56,0,58,63,14,59,0,136,38,0,38,174
03/28/2013,GUM,GU,AWP,WE,Federal Contract Tower,71,13,4,0,88,0,2,68,0,70,71,15,72,0,158,124,0,124,282
03/29/2013,GUM,GU,AWP,WE,Federal Contract Tower,75,16,0,0,91,0,0,52,0,52,75,16,52,0,143,104,0,104,247
03/30/2013,GUM,GU,AWP,WE,Federal Contract Tower,61,12,4,0,77,0,0,40,0,40,61,12,44,0,117,40,0,40,157
03/31/2013,GUM,GU,AWP,WE,Federal Contract Tower,82,12,0,0,94,0,2,46,0,48,82,14,46,0,142,38,0,38,180
04/01/2013,GUM,GU,AWP,WE,Federal Contract Tower,68,16,0,0,84,0,0,68,0,68,68,16,68,0,152,24,0,24,176
04/02/2013,GUM,GU,AWP,WE,Federal Contract Tower,62,12,2,0,76,0,0,28,0,28,62,12,30,0,104,20,0,20,124
04/03/2013,GUM,GU,AWP,WE,Federal Contract Tower,65,14,2,0,81,0,1,74,0,75,65,15,76,0,156,68,0,68,224
04/04/2013,GUM,GU,AWP,WE,Federal Contract Tower,72,14,0,0,86,0,2,52,0,54,72,16,52,0,140,36,0,36,176
04/05/2013,GUM,GU,AWP,WE,Federal Contract Tower,68,16,1,0,85,0,0,76,0,76,68,16,77,0,161,38,18,56,217
04/06/2013,GUM,GU,AWP,WE,Federal Contract Tower,61,10,0,0,71,0,2,54,0,56,61,12,54,0,127,36,0,36,163
04/07/2013,GUM,GU,AWP,WE,Federal Contract Tower,75,14,1,0,90,46,0,0,0,46,121,14,1,0,136,48,0,48,184
04/08/2013,GUM,GU,AWP,WE,Federal Contract Tower,57,16,2,0,75,0,0,62,0,62,57,16,64,0,137,52,0,52,189
04/09/2013,GUM,GU,AWP,WE,Federal Contract Tower,49,10,0,0,59,0,2,46,0,48,49,12,46,0,107,50,0,50,157
04/10/2013,GUM,GU,AWP,WE,Federal Contract Tower,53,14,1,16,84,0,1,38,0,39,53,15,39,16,123,62,0,62,185
04/11/2013,GUM,GU,AWP,WE,Federal Contract Tower,53,15,2,11,81,0,6,40,0,46,53,21,42,11,127,30,10,40,167
04/12/2013,GUM,GU,AWP,WE,Federal Contract Tower,57,14,1,2,74,0,0,46,0,46,57,14,47,2,120,48,0,48,168
04/13/2013,GUM,GU,AWP,WE,Federal Contract Tower,48,10,2,0,60,0,2,54,0,56,48,12,56,0,116,90,0,90,206
04/14/2013,GUM,GU,AWP,WE,Federal Contract Tower,65,12,2,2,81,0,2,28,0,30,65,14,30,2,111,18,0,18,129
04/15/2013,GUM,GU,AWP,WE,Federal Contract Tower,57,12,0,0,69,0,2,38,0,40,57,14,38,0,109,44,0,44,153
04/16/2013,GUM,GU,AWP,WE,Federal Contract Tower,47,10,1,2,60,0,2,56,0,58,47,12,57,2,118,38,0,38,156
04/17/2013,GUM,GU,AWP,WE,Federal Contract Tower,50,12,2,4,68,0,2,26,0,28,50,14,28,4,96,94,0,94,190
04/18/2013,GUM,GU,AWP,WE,Federal Contract Tower,52,14,0,0,66,0,0,44,0,44,52,14,44,0,110,20,12,32,142
04/19/2013,GUM,GU,AWP,WE,Federal Contract Tower,57,16,0,0,73,0,2,58,0,60,57,18,58,0,133,54,0,54,187
04/20/2013,GUM,GU,AWP,WE,Federal Contract Tower,51,12,6,0,69,0,4,60,0,64,51,16,66,0,133,98,0,98,231
04/21/2013,GUM,GU,AWP,WE,Federal Contract Tower,65,13,6,0,84,0,0,40,0,40,65,13,46,0,124,64,0,64,188
04/22/2013,GUM,GU,AWP,WE,Federal Contract Tower,56,12,12,0,80,0,2,35,0,37,56,14,47,0,117,62,0,62,179
04/23/2013,GUM,GU,AWP,WE,Federal Contract Tower,45,18,2,0,65,0,3,34,0,37,45,21,36,0,102,74,0,74,176
04/24/2013,GUM,GU,AWP,WE,Federal Contract Tower,52,12,1,0,65,0,2,36,0,38,52,14,37,0,103,64,0,64,167
04/25/2013,GUM,GU,AWP,WE,Federal Contract Tower,50,14,0,0,64,0,2,42,0,44,50,16,42,0,108,92,0,92,200
04/26/2013,GUM,GU,AWP,WE,Federal Contract Tower,59,17,0,0,76,0,0,62,0,62,59,17,62,0,138,36,0,36,174
04/27/2013,GUM,GU,AWP,WE,Federal Contract Tower,58,10,3,0,71,0,4,56,0,60,58,14,59,0,131,94,0,94,225
04/28/2013,GUM,GU,AWP,WE,Federal Contract Tower,64,12,0,0,76,0,2,59,0,61,64,14,59,0,137,132,0,132,269
04/29/2013,GUM,GU,AWP,WE,Federal Contract Tower,59,12,9,0,80,0,4,63,0,67,59,16,72,0,147,72,18,90,237
04/30/2013,GUM,GU,AWP,WE,Federal Contract Tower,53,10,7,0,70,0,4,52,0,56,53,14,59,0,126,108,0,108,234
05/01/2013,GUM,GU,AWP,WE,Federal Contract Tower,55,18,0,0,73,0,2,70,0,72,55,20,70,0,145,122,14,136,281
05/02/2013,GUM,GU,AWP,WE,Federal Contract Tower,61,14,3,0,78,0,2,26,0,28,61,16,29,0,106,54,0,54,160
05/03/2013,GUM,GU,AWP,WE,Federal Contract Tower,87,16,1,0,104,0,0,68,0,68,87,16,69,0,172,58,0,58,230
05/04/2013,GUM,GU,AWP,WE,Federal Contract Tower,57,20,0,0,77,0,2,68,0,70,57,22,68,0,147,120,0,120,267
05/05/2013,GUM,GU,AWP,WE,Federal Contract Tower,66,12,0,0,78,0,2,92,0,94,66,14,92,0,172,79,0,79,251
05/06/2013,GUM,GU,AWP,WE,Federal Contract Tower,83,14,8,0,105,0,1,44,0,45,83,15,52,0,150,62,0,62,212
05/07/2013,GUM,GU,AWP,WE,Federal Contract Tower,51,10,4,0,65,0,2,60,0,62,51,12,64,0,127,94,0,94,221
05/08/2013,GUM,GU,AWP,WE,Federal Contract Tower,49,12,0,0,61,0,2,42,0,44,49,14,42,0,105,120,0,120,225
05/09/2013,GUM,GU,AWP,WE,Federal Contract Tower,51,12,1,0,64,0,2,46,0,48,51,14,47,0,112,90,0,90,202
05/10/2013,GUM,GU,AWP,WE,Federal Contract Tower,56,15,0,0,71,0,0,40,0,40,56,15,40,0,111,32,0,32,143
05/11/2013,GUM,GU,AWP,WE,Federal Contract Tower,47,10,0,0,57,0,2,32,0,34,47,12,32,0,91,24,0,24,115
05/12/2013,GUM,GU,AWP,WE,Federal Contract Tower,65,12,2,0,79,0,4,22,0,26,65,16,24,0,105,30,0,30,135
05/13/2013,GUM,GU,AWP,WE,Federal Contract Tower,58,14,2,0,74,0,0,48,0,48,58,14,50,0,122,45,8,53,175
05/14/2013,GUM,GU,AWP,WE,Federal Contract Tower,44,10,7,2,63,0,2,48,0,50,44,12,55,2,113,60,0,60,173
05/15/2013,GUM,GU,AWP,WE,Federal Contract Tower,50,24,1,0,75,0,2,52,0,54,50,26,53,0,129,50,0,50,179
05/16/2013,GUM,GU,AWP,WE,Federal Contract Tower,53,11,1,2,67,0,2,44,0,46,53,13,45,2,113,112,0,112,225
05/17/2013,GUM,GU,AWP,WE,Federal Contract Tower,56,16,4,0,76,0,0,56,0,56,56,16,60,0,132,42,0,42,174
05/18/2013,GUM,GU,AWP,WE,Federal Contract Tower,49,9,0,0,58,0,6,56,0,62,49,15,56,0,120,74,0,74,194
05/19/2013,GUM,GU,AWP,WE,Federal Contract Tower,63,12,1,0,76,0,2,46,0,48,63,14,47,0,124,28,0,28,152
05/20/2013,GUM,GU,AWP,WE,Federal Contract Tower,58,14,3,0,75,0,0,35,0,35,58,14,38,0,110,22,0,22,132
05/21/2013,GUM,GU,AWP,WE,Federal Contract Tower,41,10,0,0,51,0,2,54,0,56,41,12,54,0,107,44,0,44,151
05/22/2013,GUM,GU,AWP,WE,Federal Contract Tower,50,12,0,0,62,0,2,52,0,54,50,14,52,0,116,46,0,46,162
05/23/2013,GUM,GU,AWP,WE,Federal Contract Tower,50,22,2,0,74,0,2,30,0,32,50,24,32,0,106,22,0,22,128
05/24/2013,GUM,GU,AWP,WE,Federal Contract Tower,53,16,8,0,77,0,0,62,0,62,53,16,70,0,139,44,0,44,183
05/25/2013,GUM,GU,AWP,WE,Federal Contract Tower,55,10,1,0,66,0,2,40,0,42,55,12,41,0,108,40,0,40,148
05/26/2013,GUM,GU,AWP,WE,Federal Contract Tower,62,10,1,0,73,0,2,34,0,36,62,12,35,0,109,76,0,76,185
05/27/2013,GUM,GU,AWP,WE,Federal Contract Tower,53,15,0,0,68,0,2,30,0,32,53,17,30,0,100,62,0,62,162
05/28/2013,GUM,GU,AWP,WE,Federal Contract Tower,43,12,0,3,58,0,2,36,0,38,43,14,36,3,96,68,0,68,164
05/29/2013,GUM,GU,AWP,WE,Federal Contract Tower,51,12,0,0,63,0,2,44,0,46,51,14,44,0,109,32,0,32,141
05/30/2013,GUM,GU,AWP,WE,Federal Contract Tower,48,12,8,0,68,0,0,36,0,36,48,12,44,0,104,42,0,42,146
05/31/2013,GUM,GU,AWP,WE,Federal Contract Tower,52,15,11,0,78,0,0,58,0,58,52,15,69,0,136,52,0,52,188
06/01/2013,GUM,GU,AWP,WE,Federal Contract Tower,48,12,10,0,70,0,2,60,0,62,48,14,70,0,132,64,0,64,196
06/02/2013,GUM,GU,AWP,WE,Federal Contract Tower,58,14,11,0,83,0,0,28,0,28,58,14,39,0,111,63,0,63,174
06/03/2013,GUM,GU,AWP,WE,Federal Contract Tower,57,30,3,0,90,0,0,34,0,34,57,30,37,0,124,42,0,42,166
06/04/2013,GUM,GU,AWP,WE,Federal Contract Tower,47,10,6,0,63,0,2,34,0,36,47,12,40,0,99,40,0,40,139
06/05/2013,GUM,GU,AWP,WE,Federal Contract Tower,54,12,7,2,75,0,2,31,0,33,54,14,38,2,108,26,0,26,134
06/06/2013,GUM,GU,AWP,WE,Federal Contract Tower,52,15,0,0,67,0,0,20,26,46,52,15,20,26,113,20,0,20,133
06/07/2013,GUM,GU,AWP,WE,Federal Contract Tower,54,18,4,0,76,0,0,40,0,40,54,18,44,0,116,36,0,36,152
06/08/2013,GUM,GU,AWP,WE,Federal Contract Tower,51,10,3,0,64,0,2,40,0,42,51,12,43,0,106,40,0,40,146
06/09/2013,GUM,GU,AWP,WE,Federal Contract Tower,60,12,1,0,73,0,2,41,0,43,60,14,42,0,116,54,0,54,170
06/10/2013,GUM,GU,AWP,WE,Federal Contract Tower,61,14,7,0,82,0,0,36,0,36,61,14,43,0,118,58,0,58,176
06/11/2013,GUM,GU,AWP,WE,Federal Contract Tower,45,10,4,0,59,0,2,58,0,60,45,12,62,0,119,70,0,70,189
06/12/2013,GUM,GU,AWP,WE,Federal Contract Tower,54,10,5,0,69,0,0,48,0,48,54,10,53,0,117,38,0,38,155
06/13/2013,GUM,GU,AWP,WE,Federal Contract Tower,53,8,5,0,66,0,2,56,0,58,53,10,61,0,124,60,0,60,184
06/14/2013,GUM,GU,AWP,WE,Federal Contract Tower,52,23,2,0,77,0,0,58,0,58,52,23,60,0,135,46,0,46,181
06/15/2013,GUM,GU,AWP,WE,Federal Contract Tower,51,9,0,0,60,0,2,58,0,60,51,11,58,0,120,62,0,62,182
06/16/2013,GUM,GU,AWP,WE,Federal Contract Tower,59,12,0,2,73,0,2,42,0,44,59,14,42,2,117,38,0,38,155
06/17/2013,GUM,GU,AWP,WE,Federal Contract Tower,57,12,5,0,74,0,2,45,0,47,57,14,50,0,121,40,0,40,161
06/18/2013,GUM,GU,AWP,WE,Federal Contract Tower,45,10,3,0,58,0,1,119,0,120,45,11,122,0,178,62,0,62,240
06/19/2013,GUM,GU,AWP,WE,Federal Contract Tower,54,12,4,3,73,0,0,48,0,48,54,12,52,3,121,42,0,42,163
06/20/2013,GUM,GU,AWP,WE,Federal Contract Tower,52,11,2,7,72,0,2,46,0,48,52,13,48,7,120,20,0,20,140
06/21/2013,GUM,GU,AWP,WE,Federal Contract Tower,54,16,2,0,72,0,0,60,0,60,54,16,62,0,132,16,0,16,148
06/22/2013,GUM,GU,AWP,WE,Federal Contract Tower,50,10,4,0,64,0,2,72,0,74,50,12,76,0,138,102,0,102,240
06/23/2013,GUM,GU,AWP,WE,Federal Contract Tower,62,14,6,0,82,0,0,48,0,48,62,14,54,0,130,64,0,64,194
06/24/2013,GUM,GU,AWP,WE,Federal Contract Tower,56,14,11,0,81,0,0,44,0,44,56,14,55,0,125,33,0,33,158
06/25/2013,GUM,GU,AWP,WE,Federal Contract Tower,49,10,7,0,66,0,2,34,0,36,49,12,41,0,102,54,0,54,156
06/26/2013,GUM,GU,AWP,WE,Federal Contract Tower,53,12,3,0,68,0,1,44,0,45,53,13,47,0,113,42,0,42,155
06/27/2013,GUM,GU,AWP,WE,Federal Contract Tower,53,12,4,0,69,0,2,44,0,46,53,14,48,0,115,26,0,26,141
06/28/2013,GUM,GU,AWP,WE,Federal Contract Tower,54,15,4,0,73,0,0,38,0,38,54,15,42,0,111,52,0,52,163
06/29/2013,GUM,GU,AWP,WE,Federal Contract Tower,49,11,3,0,63,0,2,62,0,64,49,13,65,0,127,36,0,36,163
06/30/2013,GUM,GU,AWP,WE,Federal Contract Tower,57,11,15,0,83,0,2,60,0,62,57,13,75,0,145,66,0,66,211
07/01/2013,GUM,GU,AWP,WE,Federal Contract Tower,60,14,15,0,89,0,0,40,0,40,60,14,55,0,129,22,0,22,151
07/02/2013,GUM,GU,AWP,WE,Federal Contract Tower,50,10,6,0,66,0,0,32,0,32,50,10,38,0,98,52,0,52,150
07/03/2013,GUM,GU,AWP,WE,Federal Contract Tower,55,14,6,0,75,0,0,40,0,40,55,14,46,0,115,50,0,50,165
07/04/2013,GUM,GU,AWP,WE,Federal Contract Tower,53,13,2,0,68,0,2,40,0,42,53,15,42,0,110,42,0,42,152
07/05/2013,GUM,GU,AWP,WE,Federal Contract Tower,58,16,3,0,77,0,6,44,0,50,58,22,47,0,127,48,0,48,175
07/06/2013,GUM,GU,AWP,WE,Federal Contract Tower,49,10,4,0,63,0,0,48,0,48,49,10,52,0,111,88,0,88,199
07/07/2013,GUM,GU,AWP,WE,Federal Contract Tower,64,12,1,0,77,0,0,54,0,54,64,12,55,0,131,66,0,66,197
07/08/2013,GUM,GU,AWP,WE,Federal Contract Tower,64,14,4,0,82,0,0,40,0,40,64,14,44,0,122,58,0,58,180
07/09/2013,GUM,GU,AWP,WE,Federal Contract Tower,55,10,4,0,69,0,2,39,0,41,55,12,43,0,110,38,0,38,148
07/10/2013,GUM,GU,AWP,WE,Federal Contract Tower,54,14,2,0,70,0,2,40,0,42,54,16,42,0,112,52,0,52,164
07/11/2013,GUM,GU,AWP,WE,Federal Contract Tower,56,11,2,0,69,0,3,46,0,49,56,14,48,0,118,80,0,80,198
07/12/2013,GUM,GU,AWP,WE,Federal Contract Tower,60,16,2,0,78,0,4,54,0,58,60,20,56,0,136,64,0,64,200
07/13/2013,GUM,GU,AWP,WE,Federal Contract Tower,56,11,2,1,70,0,0,52,4,56,56,11,54,5,126,98,0,98,224
07/14/2013,GUM,GU,AWP,WE,Federal Contract Tower,66,12,10,0,88,0,0,57,6,63,66,12,67,6,151,98,0,98,249
07/15/2013,GUM,GU,AWP,WE,Federal Contract Tower,67,14,3,0,84,0,0,65,0,65,67,14,68,0,149,100,0,100,249
07/16/2013,GUM,GU,AWP,WE,Federal Contract Tower,50,12,6,0,68,0,0,46,0,46,50,12,52,0,114,110,0,110,224
07/17/2013,GUM,GU,AWP,WE,Federal Contract Tower,56,14,4,0,74,0,1,34,0,35,56,15,38,0,109,72,0,72,181
07/18/2013,GUM,GU,AWP,WE,Federal Contract Tower,58,12,3,0,73,0,1,56,0,57,58,13,59,0,130,46,0,46,176
07/19/2013,GUM,GU,AWP,WE,Federal Contract Tower,60,16,2,2,80,0,0,22,0,22,60,16,24,2,102,38,0,38,140
07/20/2013,GUM,GU,AWP,WE,Federal Contract Tower,51,10,2,2,65,0,0,24,8,32,51,10,26,10,97,40,0,40,137
07/21/2013,GUM,GU,AWP,WE,Federal Contract Tower,68,11,2,0,81,0,0,42,4,46,68,11,44,4,127,20,0,20,147
07/22/2013,GUM,GU,AWP,WE,Federal Contract Tower,60,14,6,0,80,0,0,44,0,44,60,14,50,0,124,12,0,12,136
07/23/2013,GUM,GU,AWP,WE,Federal Contract Tower,51,12,5,0,68,0,0,30,0,30,51,12,35,0,98,24,0,24,122
07/24/2013,GUM,GU,AWP,WE,Federal Contract Tower,56,14,5,5,80,0,0,0,0,0,56,14,5,5,80,56,0,56,136
07/25/2013,GUM,GU,AWP,WE,Federal Contract Tower,58,15,4,4,81,0,0,34,0,34,58,15,38,4,115,18,0,18,133
07/26/2013,GUM,GU,AWP,WE,Federal Contract Tower,57,16,3,8,84,0,0,48,0,48,57,16,51,8,132,34,0,34,166
07/27/2013,GUM,GU,AWP,WE,Federal Contract Tower,61,12,6,0,79,0,0,32,0,32,61,12,38,0,111,16,0,16,127
07/28/2013,GUM,GU,AWP,WE,Federal Contract Tower,72,11,0,1,84,0,0,36,2,38,72,11,36,3,122,34,0,34,156
07/29/2013,GUM,GU,AWP,WE,Federal Contract Tower,69,14,7,2,92,0,0,26,0,26,69,14,33,2,118,16,0,16,134
07/30/2013,GUM,GU,AWP,WE,Federal Contract Tower,55,10,6,4,75,0,0,42,0,42,55,10,48,4,117,30,0,30,147
07/31/2013,GUM,GU,AWP,WE,Federal Contract Tower,63,16,2,0,81,0,0,45,0,45,63,16,47,0,126,66,0,66,192
08/01/2013,GUM,GU,AWP,WE,Federal Contract Tower,63,11,5,0,79,0,0,48,0,48,63,11,53,0,127,36,0,36,163
08/02/2013,GUM,GU,AWP,WE,Federal Contract Tower,73,15,2,0,90,0,0,44,0,44,73,15,46,0,134,54,0,54,188
08/03/2013,GUM,GU,AWP,WE,Federal Contract Tower,67,10,8,0,85,0,0,38,0,38,67,10,46,0,123,64,0,64,187
08/04/2013,GUM,GU,AWP,WE,Federal Contract Tower,77,14,1,0,92,0,0,38,0,38,77,14,39,0,130,57,0,57,187
08/05/2013,GUM,GU,AWP,WE,Federal Contract Tower,67,16,2,0,85,0,0,28,0,28,67,16,30,0,113,48,0,48,161
08/06/2013,GUM,GU,AWP,WE,Federal Contract Tower,60,10,6,0,76,0,0,42,0,42,60,10,48,0,118,68,0,68,186
08/07/2013,GUM,GU,AWP,WE,Federal Contract Tower,69,13,11,2,95,0,0,43,0,43,69,13,54,2,138,68,0,68,206
08/08/2013,GUM,GU,AWP,WE,Federal Contract Tower,72,13,2,0,87,0,0,68,0,68,72,13,70,0,155,86,0,86,241
08/09/2013,GUM,GU,AWP,WE,Federal Contract Tower,70,16,8,0,94,0,0,64,0,64,70,16,72,0,158,8,0,8,166
08/10/2013,GUM,GU,AWP,WE,Federal Contract Tower,68,10,7,0,85,0,0,38,0,38,68,10,45,0,123,84,0,84,207
08/11/2013,GUM,GU,AWP,WE,Federal Contract Tower,78,15,2,0,95,0,0,43,0,43,78,15,45,0,138,133,0,133,271
08/12/2013,GUM,GU,AWP,WE,Federal Contract Tower,73,16,1,0,90,0,0,85,0,85,73,16,86,0,175,88,0,88,263
08/13/2013,GUM,GU,AWP,WE,Federal Contract Tower,62,11,6,0,79,0,0,58,0,58,62,11,64,0,137,98,0,98,235
08/14/2013,GUM,GU,AWP,WE,Federal Contract Tower,71,14,6,2,93,0,0,70,0,70,71,14,76,2,163,132,0,132,295
08/15/2013,GUM,GU,AWP,WE,Federal Contract Tower,67,12,6,0,85,0,0,68,0,68,67,12,74,0,153,106,0,106,259
08/16/2013,GUM,GU,AWP,WE,Federal Contract Tower,74,16,5,0,95,0,0,56,0,56,74,16,61,0,151,146,0,146,297
08/17/2013,GUM,GU,AWP,WE,Federal Contract Tower,62,10,4,0,76,0,0,66,0,66,62,10,70,0,142,112,0,112,254
08/18/2013,GUM,GU,AWP,WE,Federal Contract Tower,78,12,0,0,90,0,0,42,0,42,78,12,42,0,132,80,0,80,212
08/19/2013,GUM,GU,AWP,WE,Federal Contract Tower,68,16,6,0,90,0,0,60,2,62,68,16,66,2,152,124,0,124,276
08/20/2013,GUM,GU,AWP,WE,Federal Contract Tower,61,10,6,0,77,0,0,48,0,48,61,10,54,0,125,110,0,110,235
08/21/2013,GUM,GU,AWP,WE,Federal Contract Tower,65,14,8,0,87,0,0,60,0,60,65,14,68,0,147,34,0,34,181
08/22/2013,GUM,GU,AWP,WE,Federal Contract Tower,63,12,7,0,82,0,0,48,0,48,63,12,55,0,130,66,0,66,196
08/23/2013,GUM,GU,AWP,WE,Federal Contract Tower,70,16,6,0,92,0,0,0,0,0,70,16,6,0,92,84,0,84,176
08/24/2013,GUM,GU,AWP,WE,Federal Contract Tower,64,7,4,0,75,0,0,70,0,70,64,7,74,0,145,84,0,84,229
08/25/2013,GUM,GU,AWP,WE,Federal Contract Tower,72,16,2,0,90,0,0,36,0,36,72,16,38,0,126,0,0,0,126
08/26/2013,GUM,GU,AWP,WE,Federal Contract Tower,70,14,5,0,89,0,0,48,0,48,70,14,53,0,137,66,0,66,203
08/27/2013,GUM,GU,AWP,WE,Federal Contract Tower,61,10,2,0,73,0,0,50,0,50,61,10,52,0,123,78,0,78,201
08/28/2013,GUM,GU,AWP,WE,Federal Contract Tower,65,14,8,0,87,0,0,62,0,62,65,14,70,0,149,94,0,94,243
08/29/2013,GUM,GU,AWP,WE,Federal Contract Tower,62,12,8,0,82,0,0,62,0,62,62,12,70,0,144,50,0,50,194
08/30/2013,GUM,GU,AWP,WE,Federal Contract Tower,70,14,9,0,93,0,0,50,0,50,70,14,59,0,143,104,0,104,247
08/31/2013,GUM,GU,AWP,WE,Federal Contract Tower,61,10,5,0,76,0,0,56,0,56,61,10,61,0,132,68,0,68,200
09/01/2013,GUM,GU,AWP,WE,Federal Contract Tower,73,14,0,0,87,0,0,55,0,55,73,14,55,0,142,46,0,46,188
09/02/2013,GUM,GU,AWP,WE,Federal Contract Tower,60,14,10,0,84,0,0,67,0,67,60,14,77,0,151,60,0,60,211
09/03/2013,GUM,GU,AWP,WE,Federal Contract Tower,53,10,5,0,68,0,0,68,0,68,53,10,73,0,136,52,0,52,188
09/04/2013,GUM,GU,AWP,WE,Federal Contract Tower,56,14,7,0,77,0,0,52,0,52,56,14,59,0,129,92,0,92,221
09/05/2013,GUM,GU,AWP,WE,Federal Contract Tower,55,11,4,2,72,0,0,48,0,48,55,11,52,2,120,50,0,50,170
09/06/2013,GUM,GU,AWP,WE,Federal Contract Tower,60,16,2,0,78,0,0,64,0,64,60,16,66,0,142,38,0,38,180
09/07/2013,GUM,GU,AWP,WE,Federal Contract Tower,54,10,4,0,68,0,0,58,0,58,54,10,62,0,126,66,0,66,192
09/08/2013,GUM,GU,AWP,WE,Federal Contract Tower,64,12,0,0,76,0,0,34,0,34,64,12,34,0,110,30,0,30,140
09/09/2013,GUM,GU,AWP,WE,Federal Contract Tower,59,16,4,0,79,0,0,48,0,48,59,16,52,0,127,36,0,36,163
09/10/2013,GUM,GU,AWP,WE,Federal Contract Tower,51,10,5,0,66,0,0,30,0,30,51,10,35,0,96,18,0,18,114
09/11/2013,GUM,GU,AWP,WE,Federal Contract Tower,58,14,6,0,78,0,0,44,0,44,58,14,50,0,122,42,0,42,164
09/12/2013,GUM,GU,AWP,WE,Federal Contract Tower,64,12,5,0,81,0,0,54,0,54,64,12,59,0,135,68,0,68,203
09/13/2013,GUM,GU,AWP,WE,Federal Contract Tower,64,16,4,0,84,0,0,60,0,60,64,16,64,0,144,62,0,62,206
09/14/2013,GUM,GU,AWP,WE,Federal Contract Tower,59,10,4,0,73,0,0,46,0,46,59,10,50,0,119,28,0,28,147
09/15/2013,GUM,GU,AWP,WE,Federal Contract Tower,72,11,2,0,85,0,0,42,0,42,72,11,44,0,127,96,0,96,223
09/16/2013,GUM,GU,AWP,WE,Federal Contract Tower,58,15,6,0,79,0,0,38,0,38,58,15,44,0,117,120,0,120,237
09/17/2013,GUM,GU,AWP,WE,Federal Contract Tower,56,10,6,0,72,0,0,54,0,54,56,10,60,0,126,78,0,78,204
09/18/2013,GUM,GU,AWP,WE,Federal Contract Tower,57,14,8,0,79,0,0,68,0,68,57,14,76,0,147,138,4,142,289
09/19/2013,GUM,GU,AWP,WE,Federal Contract Tower,59,7,2,0,68,0,0,0,0,0,59,7,2,0,68,2,0,2,70
09/20/2013,GUM,GU,AWP,WE,Federal Contract Tower,59,13,4,0,76,0,0,0,0,0,59,13,4,0,76,0,0,0,76
09/21/2013,GUM,GU,AWP,WE,Federal Contract Tower,58,11,5,0,74,0,0,4,0,4,58,11,9,0,78,2,0,2,80
09/22/2013,GUM,GU,AWP,WE,Federal Contract Tower,77,12,3,0,92,0,0,24,0,24,77,12,27,0,116,44,0,44,160
09/23/2013,GUM,GU,AWP,WE,Federal Contract Tower,63,16,4,0,83,0,0,60,0,60,63,16,64,0,143,68,0,68,211
09/24/2013,GUM,GU,AWP,WE,Federal Contract Tower,49,12,6,0,67,0,0,32,0,32,49,12,38,0,99,28,0,28,127
09/25/2013,GUM,GU,AWP,WE,Federal Contract Tower,56,12,11,0,79,0,0,50,0,50,56,12,61,0,129,68,0,68,197
09/26/2013,GUM,GU,AWP,WE,Federal Contract Tower,55,12,4,2,73,0,0,54,0,54,55,12,58,2,127,28,0,28,155
09/27/2013,GUM,GU,AWP,WE,Federal Contract Tower,59,16,9,0,84,0,0,0,58,58,59,16,9,58,142,66,0,66,208
09/28/2013,GUM,GU,AWP,WE,Federal Contract Tower,53,6,2,0,61,0,0,48,0,48,53,6,50,0,109,38,0,38,147
09/29/2013,GUM,GU,AWP,WE,Federal Contract Tower,68,13,0,0,81,0,0,61,0,61,68,13,61,0,142,16,0,16,158
09/30/2013,GUM,GU,AWP,WE,Federal Contract Tower,58,16,8,0,82,0,0,35,0,35,58,16,43,0,117,26,0,26,143
10/01/2013,GUM,GU,AWP,WE,Federal Contract Tower,46,10,8,0,64,0,0,48,0,48,46,10,56,0,112,52,0,52,164
10/02/2013,GUM,GU,AWP,WE,Federal Contract Tower,51,12,5,0,68,0,0,60,0,60,51,12,65,0,128,90,0,90,218
10/03/2013,GUM,GU,AWP,WE,Federal Contract Tower,52,13,7,0,72,0,0,48,0,48,52,13,55,0,120,136,0,136,256
10/04/2013,GUM,GU,AWP,WE,Federal Contract Tower,55,16,6,0,77,0,0,54,0,54,55,16,60,0,131,72,0,72,203
10/05/2013,GUM,GU,AWP,WE,Federal Contract Tower,49,10,5,0,64,0,0,48,0,48,49,10,53,0,112,22,0,22,134
10/06/2013,GUM,GU,AWP,WE,Federal Contract Tower,60,12,2,0,74,0,0,66,0,66,60,12,68,0,140,42,0,42,182
10/07/2013,GUM,GU,AWP,WE,Federal Contract Tower,57,16,4,0,77,0,0,62,0,62,57,16,66,0,139,62,0,62,201
10/08/2013,GUM,GU,AWP,WE,Federal Contract Tower,48,10,6,0,64,0,0,50,0,50,48,10,56,0,114,60,0,60,174
10/09/2013,GUM,GU,AWP,WE,Federal Contract Tower,52,13,11,0,76,0,0,44,0,44,52,13,55,0,120,66,0,66,186
10/10/2013,GUM,GU,AWP,WE,Federal Contract Tower,51,14,12,0,77,0,0,16,0,16,51,14,28,0,93,20,0,20,113
10/11/2013,GUM,GU,AWP,WE,Federal Contract Tower,61,17,2,0,80,0,0,2,0,2,61,17,4,0,82,4,0,4,86
10/12/2013,GUM,GU,AWP,WE,Federal Contract Tower,74,10,5,0,89,0,0,12,0,12,74,10,17,0,101,24,0,24,125
10/13/2013,GUM,GU,AWP,WE,Federal Contract Tower,75,22,0,0,97,0,0,58,0,58,75,22,58,0,155,84,0,84,239
10/14/2013,GUM,GU,AWP,WE,Federal Contract Tower,64,14,6,0,84,0,0,54,0,54,64,14,60,0,138,170,0,170,308
10/15/2013,GUM,GU,AWP,WE,Federal Contract Tower,47,9,5,0,61,0,0,48,0,48,47,9,53,0,109,60,0,60,169
10/16/2013,GUM,GU,AWP,WE,Federal Contract Tower,94,11,6,0,111,0,0,2,0,2,94,11,8,0,113,4,0,4,117
10/17/2013,GUM,GU,AWP,WE,Federal Contract Tower,58,14,8,0,80,0,0,14,0,14,58,14,22,0,94,82,0,82,176
10/18/2013,GUM,GU,AWP,WE,Federal Contract Tower,20,0,0,0,20,0,0,2,0,2,20,0,2,0,22,0,0,0,22
10/19/2013,GUM,GU,AWP,WE,Federal Contract Tower,72,16,6,0,94,0,0,42,0,42,72,16,48,0,136,144,0,144,280
10/20/2013,GUM,GU,AWP,WE,Federal Contract Tower,55,26,1,0,82,0,0,54,0,54,55,26,55,0,136,126,0,126,262
10/21/2013,GUM,GU,AWP,WE,Federal Contract Tower,57,27,8,0,92,0,0,34,0,34,57,27,42,0,126,110,0,110,236
10/22/2013,GUM,GU,AWP,WE,Federal Contract Tower,55,29,6,0,90,0,1,54,0,55,55,30,60,0,145,76,0,76,221
10/23/2013,GUM,GU,AWP,WE,Federal Contract Tower,53,24,8,0,85,0,0,48,0,48,53,24,56,0,133,42,0,42,175
10/24/2013,GUM,GU,AWP,WE,Federal Contract Tower,52,14,6,0,72,0,0,52,0,52,52,14,58,0,124,32,0,32,156
10/25/2013,GUM,GU,AWP,WE,Federal Contract Tower,59,19,7,0,85,0,0,40,0,40,59,19,47,0,125,32,0,32,157
10/26/2013,GUM,GU,AWP,WE,Federal Contract Tower,48,10,5,0,63,0,0,28,0,28,48,10,33,0,91,56,0,56,147
10/27/2013,GUM,GU,AWP,WE,Federal Contract Tower,62,10,0,0,72,0,0,50,0,50,62,10,50,0,122,48,0,48,170
10/28/2013,GUM,GU,AWP,WE,Federal Contract Tower,57,14,3,2,76,0,0,24,0,24,57,14,27,2,100,36,0,36,136
10/29/2013,GUM,GU,AWP,WE,Federal Contract Tower,47,10,6,0,63,0,0,42,0,42,47,10,48,0,105,52,0,52,157
10/30/2013,GUM,GU,AWP,WE,Federal Contract Tower,53,12,8,0,73,0,0,30,0,30,53,12,38,0,103,74,0,74,177
10/31/2013,GUM,GU,AWP,WE,Federal Contract Tower,53,14,8,0,75,0,0,30,0,30,53,14,38,0,105,26,0,26,131
11/01/2013,GUM,GU,AWP,WE,Federal Contract Tower,60,12,6,0,78,0,0,20,0,20,60,12,26,0,98,44,0,44,142
11/02/2013,GUM,GU,AWP,WE,Federal Contract Tower,55,10,6,0,71,0,0,40,0,40,55,10,46,0,111,56,0,56,167
11/03/2013,GUM,GU,AWP,WE,Federal Contract Tower,61,10,3,0,74,0,0,58,0,58,61,10,61,0,132,36,0,36,168
11/04/2013,GUM,GU,AWP,WE,Federal Contract Tower,64,12,6,4,86,0,0,47,0,47,64,12,53,4,133,58,0,58,191
11/05/2013,GUM,GU,AWP,WE,Federal Contract Tower,49,10,12,4,75,0,0,37,0,37,49,10,49,4,112,56,0,56,168
11/06/2013,GUM,GU,AWP,WE,Federal Contract Tower,56,12,11,2,81,0,0,34,0,34,56,12,45,2,115,34,0,34,149
11/07/2013,GUM,GU,AWP,WE,Federal Contract Tower,55,12,6,0,73,0,0,46,0,46,55,12,52,0,119,0,8,8,127
11/08/2013,GUM,GU,AWP,WE,Federal Contract Tower,63,12,6,0,81,0,0,30,0,30,63,12,36,0,111,20,0,20,131
11/09/2013,GUM,GU,AWP,WE,Federal Contract Tower,51,9,4,0,64,0,0,32,0,32,51,9,36,0,96,58,0,58,154
11/10/2013,GUM,GU,AWP,WE,Federal Contract Tower,63,10,0,0,73,34,0,0,0,34,97,10,0,0,107,32,0,32,139
11/11/2013,GUM,GU,AWP,WE,Federal Contract Tower,61,12,7,0,80,0,2,71,0,73,61,14,78,0,153,34,8,42,195
11/12/2013,GUM,GU,AWP,WE,Federal Contract Tower,52,10,8,3,73,0,0,53,0,53,52,10,61,3,126,50,2,52,178
11/13/2013,GUM,GU,AWP,WE,Federal Contract Tower,57,12,7,0,76,0,0,46,0,46,57,12,53,0,122,50,0,50,172
11/14/2013,GUM,GU,AWP,WE,Federal Contract Tower,64,11,11,2,88,0,0,70,0,70,64,11,81,2,158,40,0,40,198
11/15/2013,GUM,GU,AWP,WE,Federal Contract Tower,66,12,8,0,86,0,0,28,0,28,66,12,36,0,114,20,0,20,134
11/16/2013,GUM,GU,AWP,WE,Federal Contract Tower,52,8,6,0,66,0,0,40,0,40,52,8,46,0,106,46,0,46,152
11/17/2013,GUM,GU,AWP,WE,Federal Contract Tower,68,12,0,0,80,0,2,40,0,42,68,14,40,0,122,22,0,22,144
11/18/2013,GUM,GU,AWP,WE,Federal Contract Tower,59,10,7,6,82,0,0,42,0,42,59,10,49,6,124,22,0,22,146
11/19/2013,GUM,GU,AWP,WE,Federal Contract Tower,51,19,4,6,80,0,2,52,0,54,51,21,56,6,134,38,0,38,172
11/20/2013,GUM,GU,AWP,WE,Federal Contract Tower,54,12,8,2,76,0,2,40,0,42,54,14,48,2,118,48,0,48,166
11/21/2013,GUM,GU,AWP,WE,Federal Contract Tower,60,12,4,0,76,0,0,46,0,46,60,12,50,0,122,60,0,60,182
11/22/2013,GUM,GU,AWP,WE,Federal Contract Tower,67,11,7,0,85,0,0,32,0,32,67,11,39,0,117,20,0,20,137
11/23/2013,GUM,GU,AWP,WE,Federal Contract Tower,61,16,7,0,84,0,0,54,0,54,61,16,61,0,138,122,0,122,260
11/24/2013,GUM,GU,AWP,WE,Federal Contract Tower,73,12,1,0,86,0,0,46,0,46,73,12,47,0,132,140,0,140,272
11/25/2013,GUM,GU,AWP,WE,Federal Contract Tower,70,9,4,0,83,0,0,68,0,68,70,9,72,0,151,108,0,108,259
11/26/2013,GUM,GU,AWP,WE,Federal Contract Tower,60,21,7,0,88,0,0,53,0,53,60,21,60,0,141,164,0,164,305
11/27/2013,GUM,GU,AWP,WE,Federal Contract Tower,57,14,5,0,76,0,0,40,0,40,57,14,45,0,116,176,0,176,292
11/28/2013,GUM,GU,AWP,WE,Federal Contract Tower,55,10,2,0,67,0,0,66,0,66,55,10,68,0,133,136,0,136,269
11/29/2013,GUM,GU,AWP,WE,Federal Contract Tower,64,12,2,0,78,0,0,44,0,44,64,12,46,0,122,124,0,124,246
11/30/2013,GUM,GU,AWP,WE,Federal Contract Tower,53,9,5,0,67,0,0,62,0,62,53,9,67,0,129,120,0,120,249
12/01/2013,GUM,GU,AWP,WE,Federal Contract Tower,68,13,1,0,82,0,0,46,0,46,68,13,47,0,128,84,0,84,212
12/02/2013,GUM,GU,AWP,WE,Federal Contract Tower,61,12,4,2,79,0,0,52,0,52,61,12,56,2,131,44,0,44,175
12/03/2013,GUM,GU,AWP,WE,Federal Contract Tower,55,10,12,1,78,0,0,36,0,36,55,10,48,1,114,16,0,16,130
12/04/2013,GUM,GU,AWP,WE,Federal Contract Tower,55,10,8,2,75,0,2,44,0,46,55,12,52,2,121,54,0,54,175
12/05/2013,GUM,GU,AWP,WE,Federal Contract Tower,55,10,10,0,75,0,0,58,0,58,55,10,68,0,133,68,0,68,201
12/06/2013,GUM,GU,AWP,WE,Federal Contract Tower,62,12,7,4,85,0,0,48,0,48,62,12,55,4,133,48,0,48,181
12/07/2013,GUM,GU,AWP,WE,Federal Contract Tower,51,9,2,3,65,0,2,30,2,34,51,11,32,5,99,18,0,18,117
12/08/2013,GUM,GU,AWP,WE,Federal Contract Tower,65,15,0,0,80,0,1,60,0,61,65,16,60,0,141,28,0,28,169
12/09/2013,GUM,GU,AWP,WE,Federal Contract Tower,61,10,6,0,77,0,2,62,0,64,61,12,68,0,141,18,0,18,159
12/10/2013,GUM,GU,AWP,WE,Federal Contract Tower,58,10,8,0,76,0,0,40,0,40,58,10,48,0,116,50,0,50,166
12/11/2013,GUM,GU,AWP,WE,Federal Contract Tower,55,10,6,0,71,0,7,36,0,43,55,17,42,0,114,34,0,34,148
12/12/2013,GUM,GU,AWP,WE,Federal Contract Tower,57,10,8,0,75,0,1,40,0,41,57,11,48,0,116,30,0,30,146
12/13/2013,GUM,GU,AWP,WE,Federal Contract Tower,62,10,6,1,79,0,1,32,0,33,62,11,38,1,112,22,0,22,134
12/14/2013,GUM,GU,AWP,WE,Federal Contract Tower,55,10,2,0,67,0,0,28,0,28,55,10,30,0,95,18,0,18,113
12/15/2013,GUM,GU,AWP,WE,Federal Contract Tower,66,9,0,0,75,0,3,32,0,35,66,12,32,0,110,24,2,26,136
12/16/2013,GUM,GU,AWP,WE,Federal Contract Tower,73,10,4,1,88,0,2,60,3,65,73,12,64,4,153,18,0,18,171
12/17/2013,GUM,GU,AWP,WE,Federal Contract Tower,57,10,5,2,74,0,0,36,0,36,57,10,41,2,110,62,2,64,174
12/18/2013,GUM,GU,AWP,WE,Federal Contract Tower,54,10,11,0,75,0,5,50,0,55,54,15,61,0,130,27,2,29,159
12/19/2013,GUM,GU,AWP,WE,Federal Contract Tower,63,10,11,0,84,0,0,76,0,76,63,10,87,0,160,68,0,68,228
12/20/2013,GUM,GU,AWP,WE,Federal Contract Tower,66,14,9,0,89,0,0,50,0,50,66,14,59,0,139,22,0,22,161
12/21/2013,GUM,GU,AWP,WE,Federal Contract Tower,61,12,7,0,80,0,0,44,0,44,61,12,51,0,124,20,0,20,144
12/22/2013,GUM,GU,AWP,WE,Federal Contract Tower,74,9,0,0,83,0,0,54,0,54,74,9,54,0,137,24,0,24,161
12/23/2013,GUM,GU,AWP,WE,Federal Contract Tower,67,12,4,4,87,0,0,70,0,70,67,12,74,4,157,38,0,38,195
12/24/2013,GUM,GU,AWP,WE,Federal Contract Tower,54,12,10,0,76,0,0,70,0,70,54,12,80,0,146,60,0,60,206
12/25/2013,GUM,GU,AWP,WE,Federal Contract Tower,58,12,3,1,74,0,2,48,0,50,58,14,51,1,124,100,0,100,224
12/26/2013,GUM,GU,AWP,WE,Federal Contract Tower,64,12,3,3,82,0,0,57,0,57,64,12,60,3,139,48,0,48,187
12/27/2013,GUM,GU,AWP,WE,Federal Contract Tower,66,12,8,0,86,0,0,80,0,80,66,12,88,0,166,70,0,70,236
12/28/2013,GUM,GU,AWP,WE,Federal Contract Tower,69,10,4,0,83,0,0,74,0,74,69,10,78,0,157,98,0,98,255
12/29/2013,GUM,GU,AWP,WE,Federal Contract Tower,91,12,0,0,103,0,0,72,0,72,91,12,72,0,175,96,0,96,271
12/30/2013,GUM,GU,AWP,WE,Federal Contract Tower,85,10,12,0,107,0,2,76,0,78,85,12,88,0,185,124,8,132,317
12/31/2013,GUM,GU,AWP,WE,Federal Contract Tower,70,10,17,0,97,0,4,79,0,83,70,14,96,0,180,146,0,146,326
01/01/2014,GUM,GU,AWP,WE,Federal Contract Tower,75,10,2,0,87,0,2,82,0,84,75,12,84,0,171,128,0,128,299
01/02/2014,GUM,GU,AWP,WE,Federal Contract Tower,82,10,12,0,104,0,0,106,0,106,82,10,118,0,210,120,0,120,330
01/03/2014,GUM,GU,AWP,WE,Federal Contract Tower,83,10,8,0,101,0,0,76,0,76,83,10,84,0,177,68,0,68,245
01/04/2014,GUM,GU,AWP,WE,Federal Contract Tower,74,9,2,0,85,0,0,64,0,64,74,9,66,0,149,46,0,46,195
01/05/2014,GUM,GU,AWP,WE,Federal Contract Tower,89,11,0,0,100,0,0,26,0,26,89,11,26,0,126,28,0,28,154
01/06/2014,GUM,GU,AWP,WE,Federal Contract Tower,66,12,8,0,86,0,2,56,0,58,66,14,64,0,144,38,0,38,182
01/07/2014,GUM,GU,AWP,WE,Federal Contract Tower,57,10,9,0,76,0,0,43,0,43,57,10,52,0,119,70,0,70,189
01/08/2014,GUM,GU,AWP,WE,Federal Contract Tower,60,10,9,2,81,0,2,34,0,36,60,12,43,2,117,59,0,59,176
01/09/2014,GUM,GU,AWP,WE,Federal Contract Tower,65,12,3,0,80,0,0,52,0,52,65,12,55,0,132,54,0,54,186
01/10/2014,GUM,GU,AWP,WE,Federal Contract Tower,74,10,3,0,87,0,2,42,0,44,74,12,45,0,131,62,0,62,193
01/11/2014,GUM,GU,AWP,WE,Federal Contract Tower,67,10,6,0,83,0,2,60,0,62,67,12,66,0,145,112,0,112,257
01/12/2014,GUM,GU,AWP,WE,Federal Contract Tower,72,11,3,0,86,0,0,38,0,38,72,11,41,0,124,136,0,136,260
01/13/2014,GUM,GU,AWP,WE,Federal Contract Tower,70,14,2,0,86,0,2,46,0,48,70,16,48,0,134,38,0,38,172
01/14/2014,GUM,GU,AWP,WE,Federal Contract Tower,61,10,5,0,76,0,0,52,0,52,61,10,57,0,128,94,0,94,222
01/15/2014,GUM,GU,AWP,WE,Federal Contract Tower,64,10,4,0,78,0,2,30,0,32,64,12,34,0,110,96,0,96,206
01/16/2014,GUM,GU,AWP,WE,Federal Contract Tower,61,12,4,0,77,0,0,32,0,32,61,12,36,0,109,46,0,46,155
01/17/2014,GUM,GU,AWP,WE,Federal Contract Tower,69,10,8,0,87,0,0,42,0,42,69,10,50,0,129,6,0,6,135
01/18/2014,GUM,GU,AWP,WE,Federal Contract Tower,57,10,4,0,71,0,0,42,0,42,57,10,46,0,113,42,0,42,155
01/19/2014,GUM,GU,AWP,WE,Federal Contract Tower,74,13,4,0,91,0,0,38,0,38,74,13,42,0,129,58,0,58,187
01/20/2014,GUM,GU,AWP,WE,Federal Contract Tower,64,10,6,0,80,0,2,54,0,56,64,12,60,0,136,50,0,50,186
01/21/2014,GUM,GU,AWP,WE,Federal Contract Tower,59,10,5,0,74,0,0,49,0,49,59,10,54,0,123,40,0,40,163
01/22/2014,GUM,GU,AWP,WE,Federal Contract Tower,57,12,6,0,75,0,0,28,0,28,57,12,34,0,103,20,0,20,123
01/23/2014,GUM,GU,AWP,WE,Federal Contract Tower,64,12,6,0,82,0,0,54,0,54,64,12,60,0,136,48,0,48,184
01/24/2014,GUM,GU,AWP,WE,Federal Contract Tower,64,8,2,0,74,0,3,56,0,59,64,11,58,0,133,30,0,30,163
01/25/2014,GUM,GU,AWP,WE,Federal Contract Tower,58,10,6,0,74,0,0,40,0,40,58,10,46,0,114,22,0,22,136
01/26/2014,GUM,GU,AWP,WE,Federal Contract Tower,73,12,2,0,87,0,0,47,0,47,73,12,49,0,134,60,0,60,194
01/27/2014,GUM,GU,AWP,WE,Federal Contract Tower,67,9,7,0,83,0,0,26,0,26,67,9,33,0,109,8,0,8,117
01/28/2014,GUM,GU,AWP,WE,Federal Contract Tower,56,10,4,16,86,0,0,42,0,42,56,10,46,16,128,28,0,28,156
01/29/2014,GUM,GU,AWP,WE,Federal Contract Tower,59,10,8,0,77,0,0,34,0,34,59,10,42,0,111,14,0,14,125
01/30/2014,GUM,GU,AWP,WE,Federal Contract Tower,64,16,2,0,82,0,0,42,0,42,64,16,44,0,124,70,0,70,194
01/31/2014,GUM,GU,AWP,WE,Federal Contract Tower,70,10,4,0,84,0,0,60,0,60,70,10,64,0,144,64,0,64,208
02/01/2014,GUM,GU,AWP,WE,Federal Contract Tower,64,12,2,0,78,0,0,90,0,90,64,12,92,0,168,32,0,32,200
02/02/2014,GUM,GU,AWP,WE,Federal Contract Tower,78,12,3,0,93,0,0,76,0,76,78,12,79,0,169,32,0,32,201
02/03/2014,GUM,GU,AWP,WE,Federal Contract Tower,68,10,6,0,84,0,2,116,0,118,68,12,122,0,202,40,0,40,242
02/04/2014,GUM,GU,AWP,WE,Federal Contract Tower,64,10,4,0,78,0,2,112,0,114,64,12,116,0,192,64,0,64,256
02/05/2014,GUM,GU,AWP,WE,Federal Contract Tower,59,11,8,4,82,0,0,112,0,112,59,11,120,4,194,90,0,90,284
02/06/2014,GUM,GU,AWP,WE,Federal Contract Tower,66,14,7,2,89,0,0,92,18,110,66,14,99,20,199,32,0,32,231
02/07/2014,GUM,GU,AWP,WE,Federal Contract Tower,61,10,6,0,77,0,0,62,0,62,61,10,68,0,139,80,0,80,219
02/08/2014,GUM,GU,AWP,WE,Federal Contract Tower,64,10,8,0,82,0,0,42,0,42,64,10,50,0,124,28,0,28,152
02/09/2014,GUM,GU,AWP,WE,Federal Contract Tower,65,12,1,0,78,0,0,56,0,56,65,12,57,0,134,44,0,44,178
02/10/2014,GUM,GU,AWP,WE,Federal Contract Tower,70,10,4,0,84,0,2,90,0,92,70,12,94,0,176,18,0,18,194
02/11/2014,GUM,GU,AWP,WE,Federal Contract Tower,69,11,4,9,93,0,2,54,0,56,69,13,58,9,149,42,0,42,191
02/12/2014,GUM,GU,AWP,WE,Federal Contract Tower,70,10,3,8,91,0,2,44,8,54,70,12,47,16,145,98,0,98,243
02/13/2014,GUM,GU,AWP,WE,Federal Contract Tower,68,11,10,6,95,0,0,52,2,54,68,11,62,8,149,118,0,118,267
02/14/2014,GUM,GU,AWP,WE,Federal Contract Tower,69,12,6,2,89,0,0,52,0,52,69,12,58,2,141,66,0,66,207
02/15/2014,GUM,GU,AWP,WE,Federal Contract Tower,61,10,4,3,78,0,0,52,1,53,61,10,56,4,131,104,0,104,235
02/16/2014,GUM,GU,AWP,WE,Federal Contract Tower,81,10,0,0,91,0,0,53,0,53,81,10,53,0,144,48,0,48,192
02/17/2014,GUM,GU,AWP,WE,Federal Contract Tower,75,11,8,0,94,0,2,50,0,52,75,13,58,0,146,68,0,68,214
02/18/2014,GUM,GU,AWP,WE,Federal Contract Tower,61,10,7,0,78,0,0,68,0,68,61,10,75,0,146,46,0,46,192
02/19/2014,GUM,GU,AWP,WE,Federal Contract Tower,65,10,4,3,82,0,4,52,1,57,65,14,56,4,139,46,6,52,191
02/20/2014,GUM,GU,AWP,WE,Federal Contract Tower,70,9,4,6,89,0,0,30,0,30,70,9,34,6,119,14,0,14,133
02/21/2014,GUM,GU,AWP,WE,Federal Contract Tower,67,10,4,0,81,0,0,86,0,86,67,10,90,0,167,20,0,20,187
02/22/2014,GUM,GU,AWP,WE,Federal Contract Tower,63,10,7,0,80,0,0,44,0,44,63,10,51,0,124,24,0,24,148
02/23/2014,GUM,GU,AWP,WE,Federal Contract Tower,77,10,1,0,88,0,0,58,0,58,77,10,59,0,146,26,0,26,172
02/24/2014,GUM,GU,AWP,WE,Federal Contract Tower,72,8,2,0,82,0,2,74,0,76,72,10,76,0,158,18,8,26,184
02/25/2014,GUM,GU,AWP,WE,Federal Contract Tower,63,10,9,0,82,0,2,64,0,66,63,12,73,0,148,30,0,30,178
02/26/2014,GUM,GU,AWP,WE,Federal Contract Tower,68,10,6,2,86,0,2,46,0,48,68,12,52,2,134,82,0,82,216
02/27/2014,GUM,GU,AWP,WE,Federal Contract Tower,73,10,10,4,97,0,0,40,0,40,73,10,50,4,137,82,0,82,219
02/28/2014,GUM,GU,AWP,WE,Federal Contract Tower,88,13,6,0,107,0,0,60,0,60,88,13,66,0,167,16,0,16,183
03/01/2014,GUM,GU,AWP,WE,Federal Contract Tower,60,8,9,0,77,0,0,42,0,42,60,8,51,0,119,74,0,74,193
03/02/2014,GUM,GU,AWP,WE,Federal Contract Tower,76,8,0,0,84,0,0,64,0,64,76,8,64,0,148,92,0,92,240
03/03/2014,GUM,GU,AWP,WE,Federal Contract Tower,106,8,7,10,131,0,0,0,0,0,106,8,7,10,131,20,8,28,159
03/04/2014,GUM,GU,AWP,WE,Federal Contract Tower,59,8,6,2,75,0,0,0,0,0,59,8,6,2,75,68,0,68,143
03/05/2014,GUM,GU,AWP,WE,Federal Contract Tower,61,7,9,8,85,0,2,81,0,83,61,9,90,8,168,48,0,48,216
03/06/2014,GUM,GU,AWP,WE,Federal Contract Tower,66,8,10,0,84,0,0,60,0,60,66,8,70,0,144,66,0,66,210
03/07/2014,GUM,GU,AWP,WE,Federal Contract Tower,70,7,5,0,82,0,2,32,0,34,70,9,37,0,116,42,0,42,158
03/08/2014,GUM,GU,AWP,WE,Federal Contract Tower,59,8,6,0,73,0,0,50,0,50,59,8,56,0,123,44,0,44,167
03/09/2014,GUM,GU,AWP,WE,Federal Contract Tower,78,8,6,0,92,0,0,76,0,76,78,8,82,0,168,50,0,50,218
03/10/2014,GUM,GU,AWP,WE,Federal Contract Tower,70,8,8,0,86,0,0,42,0,42,70,8,50,0,128,32,8,40,168
03/11/2014,GUM,GU,AWP,WE,Federal Contract Tower,63,8,9,0,80,0,0,50,0,50,63,8,59,0,130,22,0,22,152
03/12/2014,GUM,GU,AWP,WE,Federal Contract Tower,64,6,3,0,73,0,0,26,0,26,64,6,29,0,99,20,0,20,119
03/13/2014,GUM,GU,AWP,WE,Federal Contract Tower,71,8,3,0,82,0,0,66,0,66,71,8,69,0,148,64,0,64,212
03/14/2014,GUM,GU,AWP,WE,Federal Contract Tower,75,8,12,0,95,0,0,82,0,82,75,8,94,0,177,82,0,82,259
03/15/2014,GUM,GU,AWP,WE,Federal Contract Tower,73,8,6,0,87,0,0,38,0,38,73,8,44,0,125,72,0,72,197
03/16/2014,GUM,GU,AWP,WE,Federal Contract Tower,74,8,4,0,86,0,0,52,0,52,74,8,56,0,138,98,0,98,236
03/17/2014,GUM,GU,AWP,WE,Federal Contract Tower,65,8,3,2,78,0,0,48,0,48,65,8,51,2,126,96,0,96,222
03/18/2014,GUM,GU,AWP,WE,Federal Contract Tower,64,10,1,0,75,0,0,56,0,56,64,10,57,0,131,116,6,122,253
03/19/2014,GUM,GU,AWP,WE,Federal Contract Tower,68,6,8,4,86,0,0,50,0,50,68,6,58,4,136,140,0,140,276
03/20/2014,GUM,GU,AWP,WE,Federal Contract Tower,74,8,11,2,95,0,0,50,2,52,74,8,61,4,147,54,0,54,201
03/21/2014,GUM,GU,AWP,WE,Federal Contract Tower,75,5,6,0,86,0,0,64,0,64,75,5,70,0,150,22,0,22,172
03/22/2014,GUM,GU,AWP,WE,Federal Contract Tower,69,0,4,0,73,0,0,64,0,64,69,0,68,0,137,36,0,36,173
03/23/2014,GUM,GU,AWP,WE,Federal Contract Tower,84,0,5,0,89,0,0,40,0,40,84,0,45,0,129,77,0,77,206
03/24/2014,GUM,GU,AWP,WE,Federal Contract Tower,72,0,5,0,77,0,0,48,0,48,72,0,53,0,125,49,0,49,174
03/25/2014,GUM,GU,AWP,WE,Federal Contract Tower,60,0,6,0,66,0,0,48,0,48,60,0,54,0,114,54,0,54,168
03/26/2014,GUM,GU,AWP,WE,Federal Contract Tower,67,0,7,0,74,0,0,40,0,40,67,0,47,0,114,32,0,32,146
03/27/2014,GUM,GU,AWP,WE,Federal Contract Tower,72,0,2,0,74,0,0,32,0,32,72,0,34,0,106,46,0,46,152
03/28/2014,GUM,GU,AWP,WE,Federal Contract Tower,73,0,2,0,75,0,0,30,0,30,73,0,32,0,105,78,0,78,183
03/29/2014,GUM,GU,AWP,WE,Federal Contract Tower,64,0,2,0,66,0,0,96,0,96,64,0,98,0,162,46,0,46,208
03/30/2014,GUM,GU,AWP,WE,Federal Contract Tower,82,9,0,0,91,0,0,52,0,52,82,9,52,0,143,22,0,22,165
03/31/2014,GUM,GU,AWP,WE,Federal Contract Tower,65,8,7,0,80,0,0,24,0,24,65,8,31,0,104,42,8,50,154
04/01/2014,GUM,GU,AWP,WE,Federal Contract Tower,54,8,1,2,65,0,0,50,0,50,54,8,51,2,115,82,2,84,199
04/02/2014,GUM,GU,AWP,WE,Federal Contract Tower,60,6,3,2,71,0,0,48,0,48,60,6,51,2,119,90,0,90,209
04/03/2014,GUM,GU,AWP,WE,Federal Contract Tower,58,8,0,0,66,0,0,46,0,46,58,8,46,0,112,60,2,62,174
04/04/2014,GUM,GU,AWP,WE,Federal Contract Tower,60,7,2,0,69,0,0,18,0,18,60,7,20,0,87,58,0,58,145
04/05/2014,GUM,GU,AWP,WE,Federal Contract Tower,55,16,2,2,75,0,0,40,0,40,55,16,42,2,115,38,0,38,153
04/06/2014,GUM,GU,AWP,WE,Federal Contract Tower,69,8,1,0,78,0,0,54,0,54,69,8,55,0,132,6,0,6,138
04/07/2014,GUM,GU,AWP,WE,Federal Contract Tower,55,10,2,2,69,0,0,46,0,46,55,10,48,2,115,50,6,56,171
04/08/2014,GUM,GU,AWP,WE,Federal Contract Tower,45,15,4,0,64,0,0,68,0,68,45,15,72,0,132,50,0,50,182
04/09/2014,GUM,GU,AWP,WE,Federal Contract Tower,53,7,2,0,62,0,0,72,0,72,53,7,74,0,134,70,0,70,204
04/10/2014,GUM,GU,AWP,WE,Federal Contract Tower,61,8,7,1,77,0,0,42,0,42,61,8,49,1,119,96,0,96,215
04/11/2014,GUM,GU,AWP,WE,Federal Contract Tower,63,9,3,0,75,0,0,62,0,62,63,9,65,0,137,102,0,102,239
04/12/2014,GUM,GU,AWP,WE,Federal Contract Tower,49,8,3,0,60,0,0,54,0,54,49,8,57,0,114,72,0,72,186
04/13/2014,GUM,GU,AWP,WE,Federal Contract Tower,65,7,0,0,72,0,0,52,0,52,65,7,52,0,124,72,0,72,196
04/14/2014,GUM,GU,AWP,WE,Federal Contract Tower,55,8,5,9,77,0,0,52,1,53,55,8,57,10,130,88,0,88,218
04/15/2014,GUM,GU,AWP,WE,Federal Contract Tower,48,8,5,0,61,0,0,34,0,34,48,8,39,0,95,42,0,42,137
04/16/2014,GUM,GU,AWP,WE,Federal Contract Tower,57,6,3,0,66,0,0,64,0,64,57,6,67,0,130,90,0,90,220
04/17/2014,GUM,GU,AWP,WE,Federal Contract Tower,56,8,5,0,69,0,0,46,0,46,56,8,51,0,115,24,0,24,139
04/18/2014,GUM,GU,AWP,WE,Federal Contract Tower,56,7,0,0,63,0,0,48,0,48,56,7,48,0,111,60,0,60,171
04/19/2014,GUM,GU,AWP,WE,Federal Contract Tower,52,7,0,0,59,0,0,34,0,34,52,7,34,0,93,86,0,86,179
04/20/2014,GUM,GU,AWP,WE,Federal Contract Tower,65,7,0,0,72,0,0,56,0,56,65,7,56,0,128,44,0,44,172
04/21/2014,GUM,GU,AWP,WE,Federal Contract Tower,58,8,3,0,69,0,0,52,0,52,58,8,55,0,121,74,0,74,195
04/22/2014,GUM,GU,AWP,WE,Federal Contract Tower,48,8,5,2,63,0,0,44,0,44,48,8,49,2,107,102,0,102,209
04/23/2014,GUM,GU,AWP,WE,Federal Contract Tower,57,8,3,0,68,0,0,74,0,74,57,8,77,0,142,114,0,114,256
04/24/2014,GUM,GU,AWP,WE,Federal Contract Tower,56,8,2,0,66,0,0,50,0,50,56,8,52,0,116,68,0,68,184
04/25/2014,GUM,GU,AWP,WE,Federal Contract Tower,56,14,7,0,77,0,0,58,0,58,56,14,65,0,135,64,0,64,199
04/26/2014,GUM,GU,AWP,WE,Federal Contract Tower,54,8,7,0,69,0,0,66,0,66,54,8,73,0,135,74,0,74,209
04/27/2014,GUM,GU,AWP,WE,Federal Contract Tower,69,7,5,0,81,0,0,48,0,48,69,7,53,0,129,52,0,52,181
04/28/2014,GUM,GU,AWP,WE,Federal Contract Tower,56,8,6,0,70,0,0,74,0,74,56,8,80,0,144,38,0,38,182
04/29/2014,GUM,GU,AWP,WE,Federal Contract Tower,50,9,5,0,64,0,0,75,0,75,50,9,80,0,139,95,0,95,234
04/30/2014,GUM,GU,AWP,WE,Federal Contract Tower,58,6,8,0,72,0,0,90,0,90,58,6,98,0,162,144,0,144,306
05/01/2014,GUM,GU,AWP,WE,Federal Contract Tower,58,8,9,0,75,0,0,76,0,76,58,8,85,0,151,154,2,156,307
05/02/2014,GUM,GU,AWP,WE,Federal Contract Tower,52,7,4,0,63,0,0,56,0,56,52,7,60,0,119,124,0,124,243
05/03/2014,GUM,GU,AWP,WE,Federal Contract Tower,71,8,5,0,84,0,0,52,0,52,71,8,57,0,136,142,0,142,278
05/04/2014,GUM,GU,AWP,WE,Federal Contract Tower,65,8,4,0,77,0,0,58,0,58,65,8,62,0,135,126,0,126,261
05/05/2014,GUM,GU,AWP,WE,Federal Contract Tower,63,8,7,2,80,0,0,60,0,60,63,8,67,2,140,98,0,98,238
05/06/2014,GUM,GU,AWP,WE,Federal Contract Tower,64,8,7,6,85,0,0,60,0,60,64,8,67,6,145,54,0,54,199
05/07/2014,GUM,GU,AWP,WE,Federal Contract Tower,56,6,8,0,70,0,0,25,0,25,56,6,33,0,95,26,0,26,121
05/08/2014,GUM,GU,AWP,WE,Federal Contract Tower,54,8,7,0,69,0,0,32,0,32,54,8,39,0,101,136,0,136,237
05/09/2014,GUM,GU,AWP,WE,Federal Contract Tower,64,6,4,0,74,0,0,52,0,52,64,6,56,0,126,109,12,121,247
05/10/2014,GUM,GU,AWP,WE,Federal Contract Tower,52,8,2,0,62,0,0,66,0,66,52,8,68,0,128,98,0,98,226
05/11/2014,GUM,GU,AWP,WE,Federal Contract Tower,62,8,0,0,70,0,0,46,0,46,62,8,46,0,116,74,0,74,190
05/12/2014,GUM,GU,AWP,WE,Federal Contract Tower,58,8,2,4,72,0,0,46,0,46,58,8,48,4,118,126,4,130,248
05/13/2014,GUM,GU,AWP,WE,Federal Contract Tower,46,8,8,2,64,0,0,58,0,58,46,8,66,2,122,94,0,94,216
05/14/2014,GUM,GU,AWP,WE,Federal Contract Tower,56,6,5,0,67,0,0,46,0,46,56,6,51,0,113,62,0,62,175
05/15/2014,GUM,GU,AWP,WE,Federal Contract Tower,53,9,9,0,71,0,0,40,0,40,53,9,49,0,111,50,0,50,161
05/16/2014,GUM,GU,AWP,WE,Federal Contract Tower,59,8,2,0,69,0,0,58,0,58,59,8,60,0,127,40,0,40,167
05/17/2014,GUM,GU,AWP,WE,Federal Contract Tower,58,8,5,0,71,0,0,50,0,50,58,8,55,0,121,64,0,64,185
05/18/2014,GUM,GU,AWP,WE,Federal Contract Tower,69,8,1,0,78,0,0,48,0,48,69,8,49,0,126,58,0,58,184
05/19/2014,GUM,GU,AWP,WE,Federal Contract Tower,58,10,5,2,75,0,0,46,0,46,58,10,51,2,121,60,0,60,181
05/20/2014,GUM,GU,AWP,WE,Federal Contract Tower,46,8,5,0,59,0,0,60,0,60,46,8,65,0,119,88,0,88,207
05/21/2014,GUM,GU,AWP,WE,Federal Contract Tower,56,1,6,0,63,0,0,34,0,34,56,1,40,0,97,120,0,120,217
05/22/2014,GUM,GU,AWP,WE,Federal Contract Tower,59,0,3,1,63,0,0,18,0,18,59,0,21,1,81,44,0,44,125
05/23/2014,GUM,GU,AWP,WE,Federal Contract Tower,59,8,4,0,71,0,0,34,0,34,59,8,38,0,105,30,0,30,135
05/24/2014,GUM,GU,AWP,WE,Federal Contract Tower,52,9,5,0,66,0,0,24,0,24,52,9,29,0,90,20,0,20,110
05/25/2014,GUM,GU,AWP,WE,Federal Contract Tower,63,6,2,0,71,0,0,51,0,51,63,6,53,0,122,20,0,20,142
05/26/2014,GUM,GU,AWP,WE,Federal Contract Tower,60,10,8,0,78,0,0,36,0,36,60,10,44,0,114,0,0,0,114
05/27/2014,GUM,GU,AWP,WE,Federal Contract Tower,46,8,5,0,59,0,0,38,0,38,46,8,43,0,97,20,0,20,117
05/28/2014,GUM,GU,AWP,WE,Federal Contract Tower,52,6,8,0,66,0,0,74,0,74,52,6,82,0,140,26,2,28,168
05/29/2014,GUM,GU,AWP,WE,Federal Contract Tower,53,10,2,0,65,0,0,36,0,36,53,10,38,0,101,14,0,14,115
05/30/2014,GUM,GU,AWP,WE,Federal Contract Tower,54,8,4,0,66,0,0,40,0,40,54,8,44,0,106,18,0,18,124
05/31/2014,GUM,GU,AWP,WE,Federal Contract Tower,54,8,4,0,66,0,0,52,0,52,54,8,56,0,118,26,0,26,144
06/01/2014,GUM,GU,AWP,WE,Federal Contract Tower,62,7,1,0,70,0,0,51,0,51,62,7,52,0,121,88,0,88,209
06/02/2014,GUM,GU,AWP,WE,Federal Contract Tower,57,12,5,0,74,0,0,56,0,56,57,12,61,0,130,46,0,46,176
06/03/2014,GUM,GU,AWP,WE,Federal Contract Tower,46,10,4,0,60,0,0,56,0,56,46,10,60,0,116,103,0,103,219
06/04/2014,GUM,GU,AWP,WE,Federal Contract Tower,54,6,4,2,66,0,0,58,0,58,54,6,62,2,124,74,0,74,198
06/05/2014,GUM,GU,AWP,WE,Federal Contract Tower,55,7,3,0,65,0,0,54,0,54,55,7,57,0,119,0,6,6,125
06/06/2014,GUM,GU,AWP,WE,Federal Contract Tower,56,10,2,0,68,0,0,49,0,49,56,10,51,0,117,98,0,98,215
06/07/2014,GUM,GU,AWP,WE,Federal Contract Tower,50,8,4,0,62,0,0,58,0,58,50,8,62,0,120,42,0,42,162
06/08/2014,GUM,GU,AWP,WE,Federal Contract Tower,65,8,1,0,74,0,0,38,0,38,65,8,39,0,112,48,0,48,160
06/09/2014,GUM,GU,AWP,WE,Federal Contract Tower,58,12,9,0,79,0,0,48,0,48,58,12,57,0,127,36,0,36,163
06/10/2014,GUM,GU,AWP,WE,Federal Contract Tower,50,8,3,0,61,0,0,58,0,58,50,8,61,0,119,76,0,76,195
06/11/2014,GUM,GU,AWP,WE,Federal Contract Tower,62,6,4,0,72,0,0,56,0,56,62,6,60,0,128,106,0,106,234
06/12/2014,GUM,GU,AWP,WE,Federal Contract Tower,60,14,0,0,74,0,0,45,0,45,60,14,45,0,119,104,0,104,223
06/13/2014,GUM,GU,AWP,WE,Federal Contract Tower,62,9,4,0,75,0,0,45,0,45,62,9,49,0,120,90,0,90,210
06/14/2014,GUM,GU,AWP,WE,Federal Contract Tower,51,7,4,0,62,0,0,57,0,57,51,7,61,0,119,108,0,108,227
06/15/2014,GUM,GU,AWP,WE,Federal Contract Tower,61,8,0,0,69,0,0,66,0,66,61,8,66,0,135,130,0,130,265
06/16/2014,GUM,GU,AWP,WE,Federal Contract Tower,59,12,6,0,77,0,0,46,0,46,59,12,52,0,123,74,0,74,197
06/17/2014,GUM,GU,AWP,WE,Federal Contract Tower,48,10,10,4,72,0,0,68,0,68,48,10,78,4,140,16,0,16,156
06/18/2014,GUM,GU,AWP,WE,Federal Contract Tower,60,6,4,2,72,0,0,56,0,56,60,6,60,2,128,58,0,58,186
06/19/2014,GUM,GU,AWP,WE,Federal Contract Tower,59,9,10,0,78,0,0,53,0,53,59,9,63,0,131,63,0,63,194
06/20/2014,GUM,GU,AWP,WE,Federal Contract Tower,58,9,1,0,68,0,0,67,0,67,58,9,68,0,135,24,0,24,159
06/21/2014,GUM,GU,AWP,WE,Federal Contract Tower,53,8,3,0,64,0,0,52,0,52,53,8,55,0,116,38,0,38,154
06/22/2014,GUM,GU,AWP,WE,Federal Contract Tower,66,8,2,0,76,0,0,70,0,70,66,8,72,0,146,54,0,54,200
06/23/2014,GUM,GU,AWP,WE,Federal Contract Tower,55,14,6,0,75,0,0,46,0,46,55,14,52,0,121,26,0,26,147
06/24/2014,GUM,GU,AWP,WE,Federal Contract Tower,45,10,5,0,60,0,0,38,0,38,45,10,43,0,98,56,16,72,170
06/25/2014,GUM,GU,AWP,WE,Federal Contract Tower,55,12,6,0,73,0,0,60,0,60,55,12,66,0,133,54,6,60,193
06/26/2014,GUM,GU,AWP,WE,Federal Contract Tower,57,14,3,0,74,0,0,39,0,39,57,14,42,0,113,35,0,35,148
06/27/2014,GUM,GU,AWP,WE,Federal Contract Tower,57,16,1,0,74,0,0,52,0,52,57,16,53,0,126,48,0,48,174
06/28/2014,GUM,GU,AWP,WE,Federal Contract Tower,50,15,4,0,69,0,0,46,0,46,50,15,50,0,115,38,0,38,153
06/29/2014,GUM,GU,AWP,WE,Federal Contract Tower,60,16,0,0,76,0,0,44,0,44,60,16,44,0,120,88,0,88,208
06/30/2014,GUM,GU,AWP,WE,Federal Contract Tower,58,18,8,0,84,0,0,54,0,54,58,18,62,0,138,66,0,66,204
07/01/2014,GUM,GU,AWP,WE,Federal Contract Tower,45,8,4,0,57,0,0,56,0,56,45,8,60,0,113,60,0,60,173
07/02/2014,GUM,GU,AWP,WE,Federal Contract Tower,55,3,5,0,63,0,0,64,0,64,55,3,69,0,127,102,0,102,229
07/03/2014,GUM,GU,AWP,WE,Federal Contract Tower,54,8,11,0,73,0,0,46,0,46,54,8,57,0,119,74,0,74,193
07/04/2014,GUM,GU,AWP,WE,Federal Contract Tower,61,10,0,0,71,0,0,0,0,0,61,10,0,0,71,4,0,4,75
07/05/2014,GUM,GU,AWP,WE,Federal Contract Tower,57,10,11,0,78,0,0,44,0,44,57,10,55,0,122,76,0,76,198
07/06/2014,GUM,GU,AWP,WE,Federal Contract Tower,67,8,8,0,83,0,0,48,0,48,67,8,56,0,131,53,0,53,184
07/07/2014,GUM,GU,AWP,WE,Federal Contract Tower,58,10,9,0,77,0,0,74,0,74,58,10,83,0,151,78,0,78,229
07/08/2014,GUM,GU,AWP,WE,Federal Contract Tower,45,8,5,0,58,0,0,50,0,50,45,8,55,0,108,76,0,76,184
07/09/2014,GUM,GU,AWP,WE,Federal Contract Tower,55,8,4,2,69,0,0,84,0,84,55,8,88,2,153,78,0,78,231
07/10/2014,GUM,GU,AWP,WE,Federal Contract Tower,58,8,11,0,77,0,0,62,0,62,58,8,73,0,139,66,0,66,205
07/11/2014,GUM,GU,AWP,WE,Federal Contract Tower,61,10,6,0,77,0,0,18,0,18,61,10,24,0,95,36,0,36,131
07/12/2014,GUM,GU,AWP,WE,Federal Contract Tower,53,4,1,0,58,0,0,14,0,14,53,4,15,0,72,28,0,28,100
07/13/2014,GUM,GU,AWP,WE,Federal Contract Tower,71,8,2,0,81,0,0,44,0,44,71,8,46,0,125,122,0,122,247
07/14/2014,GUM,GU,AWP,WE,Federal Contract Tower,74,10,8,0,92,0,0,70,0,70,74,10,78,0,162,92,0,92,254
07/15/2014,GUM,GU,AWP,WE,Federal Contract Tower,48,10,5,0,63,0,0,62,0,62,48,10,67,0,125,142,0,142,267
07/16/2014,GUM,GU,AWP,WE,Federal Contract Tower,52,5,8,0,65,0,0,81,0,81,52,5,89,0,146,166,0,166,312
07/17/2014,GUM,GU,AWP,WE,Federal Contract Tower,64,8,6,0,78,0,0,43,0,43,64,8,49,0,121,140,0,140,261
07/18/2014,GUM,GU,AWP,WE,Federal Contract Tower,65,10,10,0,85,0,0,62,0,62,65,10,72,0,147,141,0,141,288
07/19/2014,GUM,GU,AWP,WE,Federal Contract Tower,61,8,2,0,71,0,0,66,0,66,61,8,68,0,137,90,0,90,227
07/20/2014,GUM,GU,AWP,WE,Federal Contract Tower,72,8,2,0,82,0,0,42,0,42,72,8,44,0,124,80,2,82,206
07/21/2014,GUM,GU,AWP,WE,Federal Contract Tower,63,10,9,0,82,0,0,48,0,48,63,10,57,0,130,38,0,38,168
07/22/2014,GUM,GU,AWP,WE,Federal Contract Tower,51,7,7,0,65,0,0,68,0,68,51,7,75,0,133,110,0,110,243
07/23/2014,GUM,GU,AWP,WE,Federal Contract Tower,60,7,4,0,71,0,0,51,0,51,60,7,55,0,122,122,0,122,244
07/24/2014,GUM,GU,AWP,WE,Federal Contract Tower,63,5,12,0,80,0,0,49,0,49,63,5,61,0,129,78,0,78,207
07/25/2014,GUM,GU,AWP,WE,Federal Contract Tower,66,3,5,0,74,0,0,34,0,34,66,3,39,0,108,74,0,74,182
07/26/2014,GUM,GU,AWP,WE,Federal Contract Tower,73,5,1,0,79,0,0,40,0,40,73,5,41,0,119,42,0,42,161
07/27/2014,GUM,GU,AWP,WE,Federal Contract Tower,105,0,0,0,105,0,0,24,0,24,105,0,24,0,129,36,0,36,165
07/28/2014,GUM,GU,AWP,WE,Federal Contract Tower,76,0,4,0,80,0,0,60,0,60,76,0,64,0,140,76,0,76,216
07/29/2014,GUM,GU,AWP,WE,Federal Contract Tower,54,0,7,1,62,0,0,39,0,39,54,0,46,1,101,66,0,66,167
07/30/2014,GUM,GU,AWP,WE,Federal Contract Tower,29,0,0,0,29,0,0,0,0,0,29,0,0,0,29,0,0,0,29
07/31/2014,GUM,GU,AWP,WE,Federal Contract Tower,97,0,8,1,106,0,0,8,0,8,97,0,16,1,114,52,0,52,166
08/01/2014,GUM,GU,AWP,WE,Federal Contract Tower,78,0,10,0,88,0,0,46,0,46,78,0,56,0,134,60,0,60,194
08/02/2014,GUM,GU,AWP,WE,Federal Contract Tower,67,4,6,0,77,0,0,42,0,42,67,4,48,0,119,79,0,79,198
08/03/2014,GUM,GU,AWP,WE,Federal Contract Tower,88,0,1,0,89,0,0,36,0,36,88,0,37,0,125,106,0,106,231
08/04/2014,GUM,GU,AWP,WE,Federal Contract Tower,76,0,9,0,85,0,0,40,0,40,76,0,49,0,125,56,0,56,181
08/05/2014,GUM,GU,AWP,WE,Federal Contract Tower,63,0,9,0,72,0,0,46,0,46,63,0,55,0,118,38,0,38,156
08/06/2014,GUM,GU,AWP,WE,Federal Contract Tower,69,1,1,0,71,0,0,16,0,16,69,1,17,0,87,34,0,34,121
08/07/2014,GUM,GU,AWP,WE,Federal Contract Tower,75,2,3,0,80,0,0,50,0,50,75,2,53,0,130,44,0,44,174
08/08/2014,GUM,GU,AWP,WE,Federal Contract Tower,72,2,4,0,78,0,0,44,0,44,72,2,48,0,122,44,0,44,166
08/09/2014,GUM,GU,AWP,WE,Federal Contract Tower,63,2,6,0,71,0,0,90,0,90,63,2,96,0,161,108,0,108,269
08/10/2014,GUM,GU,AWP,WE,Federal Contract Tower,82,4,0,0,86,0,0,50,0,50,82,4,50,0,136,52,0,52,188
08/11/2014,GUM,GU,AWP,WE,Federal Contract Tower,74,12,1,10,97,0,0,54,0,54,74,12,55,10,151,122,0,122,273
08/12/2014,GUM,GU,AWP,WE,Federal Contract Tower,64,4,5,0,73,0,0,76,0,76,64,4,81,0,149,103,0,103,252
08/13/2014,GUM,GU,AWP,WE,Federal Contract Tower,74,1,7,0,82,0,0,74,0,74,74,1,81,0,156,76,0,76,232
08/14/2014,GUM,GU,AWP,WE,Federal Contract Tower,70,6,6,0,82,0,0,61,0,61,70,6,67,0,143,164,0,164,307
08/15/2014,GUM,GU,AWP,WE,Federal Contract Tower,72,11,4,0,87,0,0,88,0,88,72,11,92,0,175,104,0,104,279
08/16/2014,GUM,GU,AWP,WE,Federal Contract Tower,67,6,6,0,79,0,0,54,0,54,67,6,60,0,133,194,0,194,327
08/17/2014,GUM,GU,AWP,WE,Federal Contract Tower,78,8,2,0,88,0,0,54,0,54,78,8,56,0,142,110,0,110,252
08/18/2014,GUM,GU,AWP,WE,Federal Contract Tower,69,12,4,0,85,0,0,64,0,64,69,12,68,0,149,68,0,68,217
08/19/2014,GUM,GU,AWP,WE,Federal Contract Tower,66,9,10,0,85,0,0,70,0,70,66,9,80,0,155,52,0,52,207
08/20/2014,GUM,GU,AWP,WE,Federal Contract Tower,65,8,7,0,80,0,2,60,0,62,65,10,67,0,142,10,0,10,152
08/21/2014,GUM,GU,AWP,WE,Federal Contract Tower,66,8,7,0,81,0,0,80,0,80,66,8,87,0,161,49,0,49,210
08/22/2014,GUM,GU,AWP,WE,Federal Contract Tower,66,11,6,0,83,0,0,80,0,80,66,11,86,0,163,0,0,0,163
08/23/2014,GUM,GU,AWP,WE,Federal Contract Tower,66,8,7,0,81,0,0,60,0,60,66,8,67,0,141,90,0,90,231
08/24/2014,GUM,GU,AWP,WE,Federal Contract Tower,80,9,1,0,90,0,0,56,0,56,80,9,57,0,146,100,0,100,246
08/25/2014,GUM,GU,AWP,WE,Federal Contract Tower,69,13,9,0,91,0,0,64,0,64,69,13,73,0,155,30,0,30,185
08/26/2014,GUM,GU,AWP,WE,Federal Contract Tower,56,8,6,6,76,0,0,50,0,50,56,8,56,6,126,48,0,48,174
08/27/2014,GUM,GU,AWP,WE,Federal Contract Tower,60,6,6,0,72,0,0,68,0,68,60,6,74,0,140,36,0,36,176
08/28/2014,GUM,GU,AWP,WE,Federal Contract Tower,66,8,6,0,80,0,0,56,0,56,66,8,62,0,136,26,0,26,162
08/29/2014,GUM,GU,AWP,WE,Federal Contract Tower,65,11,7,0,83,0,0,51,0,51,65,11,58,0,134,58,0,58,192
08/30/2014,GUM,GU,AWP,WE,Federal Contract Tower,60,8,6,0,74,0,0,30,0,30,60,8,36,0,104,62,0,62,166
08/31/2014,GUM,GU,AWP,WE,Federal Contract Tower,70,8,0,0,78,0,0,44,0,44,70,8,44,0,122,78,0,78,200
09/01/2014,GUM,GU,AWP,WE,Federal Contract Tower,60,10,8,0,78,0,0,48,0,48,60,10,56,0,126,54,0,54,180
09/02/2014,GUM,GU,AWP,WE,Federal Contract Tower,50,8,4,0,62,0,0,36,0,36,50,8,40,0,98,56,0,56,154
09/03/2014,GUM,GU,AWP,WE,Federal Contract Tower,57,7,10,0,74,0,0,48,0,48,57,7,58,0,122,48,0,48,170
09/04/2014,GUM,GU,AWP,WE,Federal Contract Tower,61,7,8,0,76,0,55,0,0,55,61,62,8,0,131,56,0,56,187
09/05/2014,GUM,GU,AWP,WE,Federal Contract Tower,59,11,4,0,74,0,0,64,0,64,59,11,68,0,138,50,0,50,188
09/06/2014,GUM,GU,AWP,WE,Federal Contract Tower,61,9,2,0,72,0,0,60,0,60,61,9,62,0,132,40,0,40,172
09/07/2014,GUM,GU,AWP,WE,Federal Contract Tower,71,8,0,0,79,0,0,62,0,62,71,8,62,0,141,70,0,70,211
09/08/2014,GUM,GU,AWP,WE,Federal Contract Tower,64,11,2,0,77,0,0,44,0,44,64,11,46,0,121,22,0,22,143
09/09/2014,GUM,GU,AWP,WE,Federal Contract Tower,54,12,2,2,70,0,0,56,0,56,54,12,58,2,126,22,0,22,148
09/10/2014,GUM,GU,AWP,WE,Federal Contract Tower,54,6,5,6,71,0,0,38,0,38,54,6,43,6,109,18,0,18,127
09/11/2014,GUM,GU,AWP,WE,Federal Contract Tower,54,9,6,0,69,0,2,50,0,52,54,11,56,0,121,48,0,48,169
09/12/2014,GUM,GU,AWP,WE,Federal Contract Tower,59,12,3,0,74,0,0,68,0,68,59,12,71,0,142,18,0,18,160
09/13/2014,GUM,GU,AWP,WE,Federal Contract Tower,60,8,5,0,73,0,0,84,0,84,60,8,89,0,157,52,0,52,209
09/14/2014,GUM,GU,AWP,WE,Federal Contract Tower,71,7,0,0,78,0,0,64,0,64,71,7,64,0,142,88,0,88,230
09/15/2014,GUM,GU,AWP,WE,Federal Contract Tower,63,12,4,0,79,0,0,36,0,36,63,12,40,0,115,58,0,58,173
09/16/2014,GUM,GU,AWP,WE,Federal Contract Tower,53,14,7,0,74,0,0,54,0,54,53,14,61,0,128,70,0,70,198
09/17/2014,GUM,GU,AWP,WE,Federal Contract Tower,60,8,7,0,75,0,0,32,0,32,60,8,39,0,107,24,16,40,147
09/18/2014,GUM,GU,AWP,WE,Federal Contract Tower,60,8,4,0,72,0,0,74,0,74,60,8,78,0,146,0,23,23,169
09/19/2014,GUM,GU,AWP,WE,Federal Contract Tower,66,1,9,0,76,0,0,84,0,84,66,1,93,0,160,82,0,82,242
09/20/2014,GUM,GU,AWP,WE,Federal Contract Tower,60,0,3,0,63,0,0,81,0,81,60,0,84,0,144,160,0,160,304
09/21/2014,GUM,GU,AWP,WE,Federal Contract Tower,70,0,0,0,70,0,0,58,0,58,70,0,58,0,128,150,0,150,278
09/22/2014,GUM,GU,AWP,WE,Federal Contract Tower,59,10,7,0,76,0,0,92,0,92,59,10,99,0,168,162,2,164,332
09/23/2014,GUM,GU,AWP,WE,Federal Contract Tower,54,10,8,0,72,0,0,34,0,34,54,10,42,0,106,162,0,162,268
09/24/2014,GUM,GU,AWP,WE,Federal Contract Tower,57,6,8,2,73,0,0,30,0,30,57,6,38,2,103,38,0,38,141
09/25/2014,GUM,GU,AWP,WE,Federal Contract Tower,60,9,9,0,78,0,0,49,0,49,60,9,58,0,127,62,0,62,189
09/26/2014,GUM,GU,AWP,WE,Federal Contract Tower,58,10,6,4,78,0,0,58,0,58,58,10,64,4,136,10,0,10,146
09/27/2014,GUM,GU,AWP,WE,Federal Contract Tower,53,8,2,1,64,0,0,42,0,42,53,8,44,1,106,62,0,62,168
09/28/2014,GUM,GU,AWP,WE,Federal Contract Tower,68,8,2,0,78,0,0,56,0,56,68,8,58,0,134,90,0,90,224
09/29/2014,GUM,GU,AWP,WE,Federal Contract Tower,60,12,15,0,87,0,0,64,0,64,60,12,79,0,151,82,12,94,245
09/30/2014,GUM,GU,AWP,WE,Federal Contract Tower,46,6,10,0,62,0,0,72,0,72,46,6,82,0,134,96,0,96,230
10/01/2014,GUM,GU,AWP,WE,Federal Contract Tower,56,6,8,0,70,0,0,82,0,82,56,6,90,0,152,78,0,78,230
10/02/2014,GUM,GU,AWP,WE,Federal Contract Tower,53,8,5,0,66,0,0,94,0,94,53,8,99,0,160,66,0,66,226
10/03/2014,GUM,GU,AWP,WE,Federal Contract Tower,59,10,11,0,80,0,0,89,0,89,59,10,100,0,169,64,0,64,233
10/04/2014,GUM,GU,AWP,WE,Federal Contract Tower,56,1,3,0,60,0,0,118,0,118,56,1,121,0,178,138,0,138,316
10/05/2014,GUM,GU,AWP,WE,Federal Contract Tower,65,4,8,0,77,0,0,42,2,44,65,4,50,2,121,118,0,118,239
10/06/2014,GUM,GU,AWP,WE,Federal Contract Tower,18,0,2,0,20,0,0,33,0,33,18,0,35,0,53,28,0,28,81
10/07/2014,GUM,GU,AWP,WE,Federal Contract Tower,59,9,6,0,74,0,0,68,0,68,59,9,74,0,142,68,4,72,214
10/08/2014,GUM,GU,AWP,WE,Federal Contract Tower,57,9,6,0,72,0,0,62,0,62,57,9,68,0,134,56,0,56,190
10/09/2014,GUM,GU,AWP,WE,Federal Contract Tower,54,9,2,0,65,0,1,70,0,71,54,10,72,0,136,62,0,62,198
10/10/2014,GUM,GU,AWP,WE,Federal Contract Tower,57,10,8,0,75,0,0,74,0,74,57,10,82,0,149,40,0,40,189
10/11/2014,GUM,GU,AWP,WE,Federal Contract Tower,54,8,4,0,66,0,0,50,0,50,54,8,54,0,116,46,0,46,162
10/12/2014,GUM,GU,AWP,WE,Federal Contract Tower,67,8,0,0,75,0,0,46,0,46,67,8,46,0,121,72,0,72,193
10/13/2014,GUM,GU,AWP,WE,Federal Contract Tower,53,11,3,0,67,0,0,68,0,68,53,11,71,0,135,62,0,62,197
10/14/2014,GUM,GU,AWP,WE,Federal Contract Tower,55,10,6,0,71,0,0,56,0,56,55,10,62,0,127,44,0,44,171
10/15/2014,GUM,GU,AWP,WE,Federal Contract Tower,63,8,3,0,74,0,0,36,0,36,63,8,39,0,110,72,0,72,182
10/16/2014,GUM,GU,AWP,WE,Federal Contract Tower,54,8,6,4,72,0,0,54,0,54,54,8,60,4,126,46,4,50,176
10/17/2014,GUM,GU,AWP,WE,Federal Contract Tower,58,10,5,0,73,0,49,0,0,49,58,59,5,0,122,16,0,16,138
10/18/2014,GUM,GU,AWP,WE,Federal Contract Tower,52,8,3,0,63,0,0,60,0,60,52,8,63,0,123,44,0,44,167
10/19/2014,GUM,GU,AWP,WE,Federal Contract Tower,70,8,0,0,78,0,36,15,0,51,70,44,15,0,129,61,0,61,190
10/20/2014,GUM,GU,AWP,WE,Federal Contract Tower,59,12,4,2,77,0,0,39,24,63,59,12,43,26,140,60,0,60,200
10/21/2014,GUM,GU,AWP,WE,Federal Contract Tower,49,8,6,0,63,0,0,56,16,72,49,8,62,16,135,16,10,26,161
10/22/2014,GUM,GU,AWP,WE,Federal Contract Tower,54,8,25,0,87,0,0,50,0,50,54,8,75,0,137,44,0,44,181
10/23/2014,GUM,GU,AWP,WE,Federal Contract Tower,52,9,9,1,71,0,0,31,0,31,52,9,40,1,102,8,0,8,110
10/24/2014,GUM,GU,AWP,WE,Federal Contract Tower,56,11,6,0,73,0,0,51,0,51,56,11,57,0,124,62,0,62,186
10/25/2014,GUM,GU,AWP,WE,Federal Contract Tower,54,7,4,0,65,0,0,55,0,55,54,7,59,0,120,42,0,42,162
10/26/2014,GUM,GU,AWP,WE,Federal Contract Tower,68,8,3,0,79,0,0,20,0,20,68,8,23,0,99,36,0,36,135
10/27/2014,GUM,GU,AWP,WE,Federal Contract Tower,61,16,4,0,81,0,0,30,0,30,61,16,34,0,111,18,0,18,129
10/28/2014,GUM,GU,AWP,WE,Federal Contract Tower,53,22,8,0,83,0,0,42,0,42,53,22,50,0,125,16,0,16,141
10/29/2014,GUM,GU,AWP,WE,Federal Contract Tower,56,18,11,2,87,0,0,4,0,4,56,18,15,2,91,4,0,4,95
10/30/2014,GUM,GU,AWP,WE,Federal Contract Tower,58,8,8,0,74,0,0,49,0,49,58,8,57,0,123,32,0,32,155
10/31/2014,GUM,GU,AWP,WE,Federal Contract Tower,58,10,10,0,78,0,0,53,0,53,58,10,63,0,131,34,0,34,165
11/01/2014,GUM,GU,AWP,WE,Federal Contract Tower,52,8,5,0,65,0,0,80,0,80,52,8,85,0,145,138,0,138,283
11/02/2014,GUM,GU,AWP,WE,Federal Contract Tower,68,8,0,0,76,0,0,38,0,38,68,8,38,0,114,122,0,122,236
11/03/2014,GUM,GU,AWP,WE,Federal Contract Tower,60,8,7,0,75,0,0,18,0,18,60,8,25,0,93,44,0,44,137
11/04/2014,GUM,GU,AWP,WE,Federal Contract Tower,52,8,6,0,66,0,0,36,0,36,52,8,42,0,102,54,0,54,156
11/05/2014,GUM,GU,AWP,WE,Federal Contract Tower,55,8,2,0,65,0,0,60,0,60,55,8,62,0,125,30,0,30,155
11/06/2014,GUM,GU,AWP,WE,Federal Contract Tower,65,8,4,0,77,0,0,44,0,44,65,8,48,0,121,86,0,86,207
11/07/2014,GUM,GU,AWP,WE,Federal Contract Tower,70,9,6,0,85,0,0,54,0,54,70,9,60,0,139,84,0,84,223
11/08/2014,GUM,GU,AWP,WE,Federal Contract Tower,56,8,2,0,66,0,64,0,0,64,56,72,2,0,130,84,0,84,214
11/09/2014,GUM,GU,AWP,WE,Federal Contract Tower,68,10,0,0,78,0,0,54,0,54,68,10,54,0,132,122,0,122,254
11/10/2014,GUM,GU,AWP,WE,Federal Contract Tower,62,12,4,0,78,0,0,68,0,68,62,12,72,0,146,120,0,120,266
11/11/2014,GUM,GU,AWP,WE,Federal Contract Tower,56,10,6,0,72,0,0,50,0,50,56,10,56,0,122,82,0,82,204
11/12/2014,GUM,GU,AWP,WE,Federal Contract Tower,59,6,8,2,75,0,0,56,0,56,59,6,64,2,131,72,0,72,203
11/13/2014,GUM,GU,AWP,WE,Federal Contract Tower,62,8,13,0,83,0,0,60,0,60,62,8,73,0,143,59,0,59,202
11/14/2014,GUM,GU,AWP,WE,Federal Contract Tower,61,10,7,0,78,0,0,45,0,45,61,10,52,0,123,12,0,12,135
11/15/2014,GUM,GU,AWP,WE,Federal Contract Tower,58,8,2,0,68,0,0,28,0,28,58,8,30,0,96,20,0,20,116
11/16/2014,GUM,GU,AWP,WE,Federal Contract Tower,73,8,16,0,97,0,0,32,0,32,73,8,48,0,129,30,0,30,159
11/17/2014,GUM,GU,AWP,WE,Federal Contract Tower,61,12,10,0,83,0,0,46,2,48,61,12,56,2,131,42,0,42,173
11/18/2014,GUM,GU,AWP,WE,Federal Contract Tower,57,8,5,0,70,0,0,40,40,80,57,8,45,40,150,52,2,54,204
11/19/2014,GUM,GU,AWP,WE,Federal Contract Tower,55,6,9,23,93,0,0,40,11,51,55,6,49,34,144,86,14,100,244
11/20/2014,GUM,GU,AWP,WE,Federal Contract Tower,57,7,15,0,79,0,0,66,0,66,57,7,81,0,145,119,0,119,264
11/21/2014,GUM,GU,AWP,WE,Federal Contract Tower,63,10,12,10,95,0,0,74,6,80,63,10,86,16,175,94,12,106,281
11/22/2014,GUM,GU,AWP,WE,Federal Contract Tower,53,8,13,0,74,0,0,54,0,54,53,8,67,0,128,120,0,120,248
11/23/2014,GUM,GU,AWP,WE,Federal Contract Tower,69,8,3,0,80,0,0,40,0,40,69,8,43,0,120,68,0,68,188
11/24/2014,GUM,GU,AWP,WE,Federal Contract Tower,62,8,7,0,77,0,0,63,0,63,62,8,70,0,140,104,0,104,244
11/25/2014,GUM,GU,AWP,WE,Federal Contract Tower,55,13,7,0,75,0,0,45,0,45,55,13,52,0,120,89,0,89,209
11/26/2014,GUM,GU,AWP,WE,Federal Contract Tower,58,7,5,0,70,0,0,62,0,62,58,7,67,0,132,82,0,82,214
11/27/2014,GUM,GU,AWP,WE,Federal Contract Tower,58,10,5,1,74,0,0,21,0,21,58,10,26,1,95,41,0,41,136
11/28/2014,GUM,GU,AWP,WE,Federal Contract Tower,62,9,3,0,74,0,0,34,0,34,62,9,37,0,108,86,0,86,194
11/29/2014,GUM,GU,AWP,WE,Federal Contract Tower,54,7,18,0,79,0,0,80,0,80,54,7,98,0,159,96,0,96,255
11/30/2014,GUM,GU,AWP,WE,Federal Contract Tower,71,8,11,11,101,0,0,70,1,71,71,8,81,12,172,76,0,76,248
12/01/2014,GUM,GU,AWP,WE,Federal Contract Tower,65,3,4,11,83,0,0,98,2,100,65,3,102,13,183,92,0,92,275
12/02/2014,GUM,GU,AWP,WE,Federal Contract Tower,57,9,5,16,87,0,0,64,2,66,57,9,69,18,153,70,0,70,223
12/03/2014,GUM,GU,AWP,WE,Federal Contract Tower,61,6,6,8,81,0,0,34,2,36,61,6,40,10,117,16,0,16,133
12/04/2014,GUM,GU,AWP,WE,Federal Contract Tower,56,8,8,0,72,0,0,36,0,36,56,8,44,0,108,38,0,38,146
12/05/2014,GUM,GU,AWP,WE,Federal Contract Tower,60,9,6,0,75,0,0,26,0,26,60,9,32,0,101,10,0,10,111
12/06/2014,GUM,GU,AWP,WE,Federal Contract Tower,57,7,2,2,68,0,0,66,0,66,57,7,68,2,134,108,0,108,242
12/07/2014,GUM,GU,AWP,WE,Federal Contract Tower,67,13,0,0,80,0,0,52,0,52,67,13,52,0,132,48,0,48,180
12/08/2014,GUM,GU,AWP,WE,Federal Contract Tower,62,14,2,0,78,0,0,42,0,42,62,14,44,0,120,54,0,54,174
12/09/2014,GUM,GU,AWP,WE,Federal Contract Tower,56,10,9,2,77,0,0,63,0,63,56,10,72,2,140,64,10,74,214
12/10/2014,GUM,GU,AWP,WE,Federal Contract Tower,54,9,2,4,69,0,0,38,0,38,54,9,40,4,107,54,0,54,161
12/11/2014,GUM,GU,AWP,WE,Federal Contract Tower,64,10,5,10,89,0,0,60,0,60,64,10,65,10,149,40,2,42,191
12/12/2014,GUM,GU,AWP,WE,Federal Contract Tower,67,10,8,0,85,0,2,66,0,68,67,12,74,0,153,106,0,106,259
12/13/2014,GUM,GU,AWP,WE,Federal Contract Tower,59,8,4,0,71,0,0,48,0,48,59,8,52,0,119,90,0,90,209
12/14/2014,GUM,GU,AWP,WE,Federal Contract Tower,71,8,0,0,79,0,0,76,0,76,71,8,76,0,155,58,0,58,213
12/15/2014,GUM,GU,AWP,WE,Federal Contract Tower,60,16,8,0,84,0,0,78,0,78,60,16,86,0,162,68,0,68,230
12/16/2014,GUM,GU,AWP,WE,Federal Contract Tower,53,12,9,2,76,0,0,86,0,86,53,12,95,2,162,56,0,56,218
12/17/2014,GUM,GU,AWP,WE,Federal Contract Tower,55,8,11,0,74,0,0,38,0,38,55,8,49,0,112,48,0,48,160
12/18/2014,GUM,GU,AWP,WE,Federal Contract Tower,60,10,2,0,72,0,0,36,0,36,60,10,38,0,108,70,0,70,178
12/19/2014,GUM,GU,AWP,WE,Federal Contract Tower,63,11,10,0,84,0,0,50,0,50,63,11,60,0,134,26,0,26,160
12/20/2014,GUM,GU,AWP,WE,Federal Contract Tower,52,15,5,1,73,0,0,56,0,56,52,15,61,1,129,70,0,70,199
12/21/2014,GUM,GU,AWP,WE,Federal Contract Tower,65,7,5,1,78,0,0,56,0,56,65,7,61,1,134,116,0,116,250
12/22/2014,GUM,GU,AWP,WE,Federal Contract Tower,56,14,8,0,78,0,0,77,0,77,56,14,85,0,155,110,0,110,265
12/23/2014,GUM,GU,AWP,WE,Federal Contract Tower,60,12,6,0,78,0,0,52,0,52,60,12,58,0,130,118,0,118,248
12/24/2014,GUM,GU,AWP,WE,Federal Contract Tower,54,8,8,1,71,0,0,52,0,52,54,8,60,1,123,40,0,40,163
12/25/2014,GUM,GU,AWP,WE,Federal Contract Tower,56,8,4,1,69,0,0,59,0,59,56,8,63,1,128,35,0,35,163
12/26/2014,GUM,GU,AWP,WE,Federal Contract Tower,65,10,12,0,87,0,0,42,0,42,65,10,54,0,129,44,0,44,173
12/27/2014,GUM,GU,AWP,WE,Federal Contract Tower,64,8,3,0,75,0,0,80,0,80,64,8,83,0,155,66,0,66,221
12/28/2014,GUM,GU,AWP,WE,Federal Contract Tower,77,8,1,0,86,0,0,50,0,50,77,8,51,0,136,58,0,58,194
12/29/2014,GUM,GU,AWP,WE,Federal Contract Tower,73,11,7,0,91,0,0,82,0,82,73,11,89,0,173,76,0,76,249
12/30/2014,GUM,GU,AWP,WE,Federal Contract Tower,72,12,10,0,94,0,0,76,0,76,72,12,86,0,170,94,0,94,264
12/31/2014,GUM,GU,AWP,WE,Federal Contract Tower,67,8,4,0,79,0,0,66,0,66,67,8,70,0,145,64,0,64,209
01/01/2015,GUM,GU,AWP,WE,Federal Contract Tower,71,10,2,0,83,0,0,88,0,88,71,10,90,0,171,58,0,58,229
01/02/2015,GUM,GU,AWP,WE,Federal Contract Tower,72,10,6,0,88,0,0,80,0,80,72,10,86,0,168,28,0,28,196
01/03/2015,GUM,GU,AWP,WE,Federal Contract Tower,68,8,4,0,80,0,0,96,0,96,68,8,100,0,176,78,0,78,254
01/04/2015,GUM,GU,AWP,WE,Federal Contract Tower,80,6,0,0,86,0,0,52,0,52,80,6,52,0,138,102,0,102,240
01/05/2015,GUM,GU,AWP,WE,Federal Contract Tower,61,10,11,0,82,0,0,40,0,40,61,10,51,0,122,32,0,32,154
01/06/2015,GUM,GU,AWP,WE,Federal Contract Tower,57,8,14,0,79,0,0,48,0,48,57,8,62,0,127,31,2,33,160
01/07/2015,GUM,GU,AWP,WE,Federal Contract Tower,61,6,13,0,80,0,0,32,0,32,61,6,45,0,112,32,0,32,144
01/08/2015,GUM,GU,AWP,WE,Federal Contract Tower,61,9,5,0,75,0,0,50,0,50,61,9,55,0,125,6,0,6,131
01/09/2015,GUM,GU,AWP,WE,Federal Contract Tower,70,10,12,0,92,0,0,54,0,54,70,10,66,0,146,38,0,38,184
01/10/2015,GUM,GU,AWP,WE,Federal Contract Tower,60,11,16,0,87,0,0,60,0,60,60,11,76,0,147,44,0,44,191
01/11/2015,GUM,GU,AWP,WE,Federal Contract Tower,69,7,3,0,79,0,0,36,0,36,69,7,39,0,115,64,0,64,179
01/12/2015,GUM,GU,AWP,WE,Federal Contract Tower,68,10,4,2,84,0,0,52,0,52,68,10,56,2,136,60,0,60,196
01/13/2015,GUM,GU,AWP,WE,Federal Contract Tower,59,10,10,0,79,0,0,0,0,0,59,10,10,0,79,12,0,12,91
01/14/2015,GUM,GU,AWP,WE,Federal Contract Tower,56,8,8,4,76,0,0,34,0,34,56,8,42,4,110,24,0,24,134
01/15/2015,GUM,GU,AWP,WE,Federal Contract Tower,60,9,9,2,80,0,0,44,2,46,60,9,53,4,126,42,0,42,168
01/16/2015,GUM,GU,AWP,WE,Federal Contract Tower,66,12,15,0,93,0,0,43,0,43,66,12,58,0,136,10,0,10,146
01/17/2015,GUM,GU,AWP,WE,Federal Contract Tower,52,8,4,0,64,0,0,78,0,78,52,8,82,0,142,72,0,72,214
01/18/2015,GUM,GU,AWP,WE,Federal Contract Tower,68,8,2,0,78,0,0,40,0,40,68,8,42,0,118,44,0,44,162
01/19/2015,GUM,GU,AWP,WE,Federal Contract Tower,63,10,8,0,81,0,0,54,0,54,63,10,62,0,135,32,0,32,167
01/20/2015,GUM,GU,AWP,WE,Federal Contract Tower,53,8,10,0,71,0,0,54,0,54,53,8,64,0,125,38,0,38,163
01/21/2015,GUM,GU,AWP,WE,Federal Contract Tower,59,10,10,19,98,0,0,32,0,32,59,10,42,19,130,32,0,32,162
01/22/2015,GUM,GU,AWP,WE,Federal Contract Tower,59,7,14,0,80,0,0,58,0,58,59,7,72,0,138,54,0,54,192
01/23/2015,GUM,GU,AWP,WE,Federal Contract Tower,64,11,6,12,93,0,0,24,2,26,64,11,30,14,119,42,0,42,161
01/24/2015,GUM,GU,AWP,WE,Federal Contract Tower,57,8,4,0,69,0,0,69,0,69,57,8,73,0,138,50,0,50,188
01/25/2015,GUM,GU,AWP,WE,Federal Contract Tower,67,8,0,0,75,0,0,40,0,40,67,8,40,0,115,36,0,36,151
01/26/2015,GUM,GU,AWP,WE,Federal Contract Tower,61,14,4,0,79,0,0,52,0,52,61,14,56,0,131,20,0,20,151
01/27/2015,GUM,GU,AWP,WE,Federal Contract Tower,56,2,7,2,67,0,0,46,0,46,56,2,53,2,113,44,0,44,157
01/28/2015,GUM,GU,AWP,WE,Federal Contract Tower,56,4,12,0,72,0,0,40,0,40,56,4,52,0,112,66,0,66,178
01/29/2015,GUM,GU,AWP,WE,Federal Contract Tower,59,8,9,0,76,0,0,41,0,41,59,8,50,0,117,40,2,42,159
01/30/2015,GUM,GU,AWP,WE,Federal Contract Tower,58,10,6,0,74,0,0,56,0,56,58,10,62,0,130,50,0,50,180
01/31/2015,GUM,GU,AWP,WE,Federal Contract Tower,53,9,6,0,68,0,0,56,0,56,53,9,62,0,124,86,0,86,210
02/01/2015,GUM,GU,AWP,WE,Federal Contract Tower,73,8,0,13,94,0,0,40,2,42,73,8,40,15,136,120,0,120,256
02/02/2015,GUM,GU,AWP,WE,Federal Contract Tower,68,16,10,8,102,0,0,59,15,74,68,16,69,23,176,58,0,58,234
02/03/2015,GUM,GU,AWP,WE,Federal Contract Tower,60,10,3,0,73,0,0,58,18,76,60,10,61,18,149,44,2,46,195
02/04/2015,GUM,GU,AWP,WE,Federal Contract Tower,59,10,7,13,89,0,0,44,4,48,59,10,51,17,137,48,0,48,185
02/05/2015,GUM,GU,AWP,WE,Federal Contract Tower,61,8,17,0,86,0,0,60,0,60,61,8,77,0,146,81,0,81,227
02/06/2015,GUM,GU,AWP,WE,Federal Contract Tower,63,10,9,3,85,0,0,64,0,64,63,10,73,3,149,32,0,32,181
02/07/2015,GUM,GU,AWP,WE,Federal Contract Tower,62,8,3,0,73,0,0,48,0,48,62,8,51,0,121,74,0,74,195
02/08/2015,GUM,GU,AWP,WE,Federal Contract Tower,74,6,3,0,83,0,0,46,0,46,74,6,49,0,129,60,0,60,189
02/09/2015,GUM,GU,AWP,WE,Federal Contract Tower,69,10,6,0,85,0,0,60,0,60,69,10,66,0,145,24,0,24,169
02/10/2015,GUM,GU,AWP,WE,Federal Contract Tower,60,12,5,0,77,0,0,54,6,60,60,12,59,6,137,94,0,94,231
02/11/2015,GUM,GU,AWP,WE,Federal Contract Tower,61,8,4,42,115,0,0,58,0,58,61,8,62,42,173,94,0,94,267
02/12/2015,GUM,GU,AWP,WE,Federal Contract Tower,63,11,10,22,106,0,0,66,0,66,63,11,76,22,172,68,0,68,240
02/13/2015,GUM,GU,AWP,WE,Federal Contract Tower,68,9,8,0,85,0,0,70,0,70,68,9,78,0,155,30,0,30,185
02/14/2015,GUM,GU,AWP,WE,Federal Contract Tower,59,9,7,7,82,0,0,60,0,60,59,9,67,7,142,76,0,76,218
02/15/2015,GUM,GU,AWP,WE,Federal Contract Tower,77,8,0,0,85,0,0,60,0,60,77,8,60,0,145,118,0,118,263
02/16/2015,GUM,GU,AWP,WE,Federal Contract Tower,74,10,7,0,91,0,0,88,0,88,74,10,95,0,179,108,0,108,287
02/17/2015,GUM,GU,AWP,WE,Federal Contract Tower,61,10,3,10,84,0,0,70,2,72,61,10,73,12,156,118,0,118,274
02/18/2015,GUM,GU,AWP,WE,Federal Contract Tower,65,10,5,0,80,0,0,92,0,92,65,10,97,0,172,107,12,119,291
02/19/2015,GUM,GU,AWP,WE,Federal Contract Tower,57,10,5,6,78,0,0,116,0,116,57,10,121,6,194,119,20,139,333
02/20/2015,GUM,GU,AWP,WE,Federal Contract Tower,69,10,6,0,85,0,0,137,0,137,69,10,143,0,222,64,0,64,286
02/21/2015,GUM,GU,AWP,WE,Federal Contract Tower,63,8,6,0,77,0,0,140,0,140,63,8,146,0,217,122,0,122,339
02/22/2015,GUM,GU,AWP,WE,Federal Contract Tower,74,8,0,0,82,0,0,88,0,88,74,8,88,0,170,74,0,74,244
02/23/2015,GUM,GU,AWP,WE,Federal Contract Tower,72,12,3,0,87,0,0,112,2,114,72,12,115,2,201,142,0,142,343
02/24/2015,GUM,GU,AWP,WE,Federal Contract Tower,66,6,2,0,74,0,0,94,0,94,66,6,96,0,168,110,0,110,278
02/25/2015,GUM,GU,AWP,WE,Federal Contract Tower,65,6,7,0,78,0,0,108,0,108,65,6,115,0,186,82,2,84,270
02/26/2015,GUM,GU,AWP,WE,Federal Contract Tower,68,5,3,0,76,0,0,131,0,131,68,5,134,0,207,74,0,74,281
02/27/2015,GUM,GU,AWP,WE,Federal Contract Tower,72,1,9,0,82,0,0,86,0,86,72,1,95,0,168,70,0,70,238
02/28/2015,GUM,GU,AWP,WE,Federal Contract Tower,61,2,2,0,65,0,0,78,0,78,61,2,80,0,143,78,0,78,221
03/01/2015,GUM,GU,AWP,WE,Federal Contract Tower,77,0,1,1,79,0,0,66,0,66,77,0,67,1,145,101,0,101,246
03/02/2015,GUM,GU,AWP,WE,Federal Contract Tower,73,2,3,0,78,0,0,70,0,70,73,2,73,0,148,56,0,56,204
03/03/2015,GUM,GU,AWP,WE,Federal Contract Tower,64,0,7,0,71,0,0,70,0,70,64,0,77,0,141,50,0,50,191
03/04/2015,GUM,GU,AWP,WE,Federal Contract Tower,63,0,7,0,70,0,0,68,0,68,63,0,75,0,138,34,0,34,172
03/05/2015,GUM,GU,AWP,WE,Federal Contract Tower,65,4,4,2,75,0,0,86,0,86,65,4,90,2,161,76,0,76,237
03/06/2015,GUM,GU,AWP,WE,Federal Contract Tower,67,0,8,0,75,0,0,68,0,68,67,0,76,0,143,56,0,56,199
03/07/2015,GUM,GU,AWP,WE,Federal Contract Tower,62,8,4,0,74,0,0,66,0,66,62,8,70,0,140,48,0,48,188
03/08/2015,GUM,GU,AWP,WE,Federal Contract Tower,82,8,0,0,90,0,0,44,0,44,82,8,44,0,134,32,0,32,166
03/09/2015,GUM,GU,AWP,WE,Federal Contract Tower,66,12,5,0,83,0,0,56,0,56,66,12,61,0,139,44,0,44,183
03/10/2015,GUM,GU,AWP,WE,Federal Contract Tower,64,10,4,0,78,0,0,70,0,70,64,10,74,0,148,64,0,64,212
03/11/2015,GUM,GU,AWP,WE,Federal Contract Tower,63,8,4,0,75,0,0,60,0,60,63,8,64,0,135,66,0,66,201
03/12/2015,GUM,GU,AWP,WE,Federal Contract Tower,62,12,2,0,76,0,0,56,0,56,62,12,58,0,132,73,0,73,205
03/13/2015,GUM,GU,AWP,WE,Federal Contract Tower,63,9,7,0,79,0,0,63,0,63,63,9,70,0,142,86,0,86,228
03/14/2015,GUM,GU,AWP,WE,Federal Contract Tower,61,6,5,0,72,0,0,56,0,56,61,6,61,0,128,54,0,54,182
03/15/2015,GUM,GU,AWP,WE,Federal Contract Tower,52,0,0,0,52,0,0,6,0,6,52,0,6,0,58,0,0,0,58
03/16/2015,GUM,GU,AWP,WE,Federal Contract Tower,73,6,2,0,81,0,0,0,0,0,73,6,2,0,81,0,0,0,81
03/17/2015,GUM,GU,AWP,WE,Federal Contract Tower,66,10,8,0,84,0,0,24,0,24,66,10,32,0,108,6,0,6,114
03/18/2015,GUM,GU,AWP,WE,Federal Contract Tower,64,10,6,0,80,0,0,44,0,44,64,10,50,0,124,22,0,22,146
03/19/2015,GUM,GU,AWP,WE,Federal Contract Tower,71,11,5,0,87,0,0,72,0,72,71,11,77,0,159,74,0,74,233
03/20/2015,GUM,GU,AWP,WE,Federal Contract Tower,63,10,10,0,83,0,0,49,0,49,63,10,59,0,132,18,0,18,150
03/21/2015,GUM,GU,AWP,WE,Federal Contract Tower,64,8,3,0,75,0,0,56,0,56,64,8,59,0,131,60,0,60,191
03/22/2015,GUM,GU,AWP,WE,Federal Contract Tower,78,0,1,0,79,0,2,66,0,68,78,2,67,0,147,62,0,62,209
03/23/2015,GUM,GU,AWP,WE,Federal Contract Tower,63,10,9,0,82,0,0,46,0,46,63,10,55,0,128,18,0,18,146
03/24/2015,GUM,GU,AWP,WE,Federal Contract Tower,59,10,4,0,73,0,0,40,0,40,59,10,44,0,113,74,0,74,187
03/25/2015,GUM,GU,AWP,WE,Federal Contract Tower,64,7,2,0,73,0,0,72,0,72,64,7,74,0,145,24,0,24,169
03/26/2015,GUM,GU,AWP,WE,Federal Contract Tower,67,1,5,0,73,0,0,72,0,72,67,1,77,0,145,50,8,58,203
03/27/2015,GUM,GU,AWP,WE,Federal Contract Tower,59,0,7,0,66,0,1,38,0,39,59,1,45,0,105,47,0,47,152
03/28/2015,GUM,GU,AWP,WE,Federal Contract Tower,59,1,2,0,62,0,0,48,0,48,59,1,50,0,110,84,0,84,194
03/29/2015,GUM,GU,AWP,WE,Federal Contract Tower,79,0,2,0,81,0,0,36,0,36,79,0,38,0,117,40,0,40,157
03/30/2015,GUM,GU,AWP,WE,Federal Contract Tower,67,9,4,0,80,0,0,29,0,29,67,9,33,0,109,14,0,14,123
03/31/2015,GUM,GU,AWP,WE,Federal Contract Tower,62,10,5,2,79,0,0,18,0,18,62,10,23,2,97,20,2,22,119
04/01/2015,GUM,GU,AWP,WE,Federal Contract Tower,56,6,4,0,66,0,0,52,0,52,56,6,56,0,118,26,0,26,144
04/02/2015,GUM,GU,AWP,WE,Federal Contract Tower,60,10,3,0,73,0,0,58,0,58,60,10,61,0,131,20,0,20,151
04/03/2015,GUM,GU,AWP,WE,Federal Contract Tower,54,11,5,2,72,0,0,62,0,62,54,11,67,2,134,24,0,24,158
04/04/2015,GUM,GU,AWP,WE,Federal Contract Tower,54,8,3,0,65,0,0,64,0,64,54,8,67,0,129,66,0,66,195
04/05/2015,GUM,GU,AWP,WE,Federal Contract Tower,70,8,3,0,81,0,0,52,0,52,70,8,55,0,133,42,0,42,175
04/06/2015,GUM,GU,AWP,WE,Federal Contract Tower,62,12,8,2,84,0,0,22,0,22,62,12,30,2,106,34,0,34,140
04/07/2015,GUM,GU,AWP,WE,Federal Contract Tower,50,10,3,0,63,0,0,60,0,60,50,10,63,0,123,20,0,20,143
04/08/2015,GUM,GU,AWP,WE,Federal Contract Tower,55,8,9,2,74,0,2,54,0,56,55,10,63,2,130,14,0,14,144
04/09/2015,GUM,GU,AWP,WE,Federal Contract Tower,57,8,10,3,78,0,0,44,0,44,57,8,54,3,122,18,0,18,140
04/10/2015,GUM,GU,AWP,WE,Federal Contract Tower,55,12,13,0,80,0,0,40,0,40,55,12,53,0,120,24,0,24,144
04/11/2015,GUM,GU,AWP,WE,Federal Contract Tower,53,9,3,0,65,0,0,29,0,29,53,9,32,0,94,42,0,42,136
04/12/2015,GUM,GU,AWP,WE,Federal Contract Tower,70,8,3,0,81,0,0,52,0,52,70,8,55,0,133,38,0,38,171
04/13/2015,GUM,GU,AWP,WE,Federal Contract Tower,62,14,3,0,79,0,0,32,0,32,62,14,35,0,111,30,0,30,141
04/14/2015,GUM,GU,AWP,WE,Federal Contract Tower,51,10,4,0,65,0,0,40,0,40,51,10,44,0,105,14,0,14,119
04/15/2015,GUM,GU,AWP,WE,Federal Contract Tower,53,8,4,0,65,0,0,66,0,66,53,8,70,0,131,36,0,36,167
04/16/2015,GUM,GU,AWP,WE,Federal Contract Tower,56,7,4,0,67,0,0,30,0,30,56,7,34,0,97,74,0,74,171
04/17/2015,GUM,GU,AWP,WE,Federal Contract Tower,55,10,8,0,73,0,0,34,0,34,55,10,42,0,107,30,0,30,137
04/18/2015,GUM,GU,AWP,WE,Federal Contract Tower,49,10,4,0,63,0,0,57,0,57,49,10,61,0,120,42,0,42,162
04/19/2015,GUM,GU,AWP,WE,Federal Contract Tower,70,14,1,0,85,0,0,59,0,59,70,14,60,0,144,50,0,50,194
04/20/2015,GUM,GU,AWP,WE,Federal Contract Tower,56,12,8,0,76,0,0,56,0,56,56,12,64,0,132,72,0,72,204
04/21/2015,GUM,GU,AWP,WE,Federal Contract Tower,43,12,6,0,61,0,0,42,0,42,43,12,48,0,103,72,0,72,175
04/22/2015,GUM,GU,AWP,WE,Federal Contract Tower,50,15,8,0,73,0,0,42,0,42,50,15,50,0,115,44,0,44,159
04/23/2015,GUM,GU,AWP,WE,Federal Contract Tower,56,9,15,0,80,0,0,50,0,50,56,9,65,0,130,48,0,48,178
04/24/2015,GUM,GU,AWP,WE,Federal Contract Tower,51,12,20,0,83,0,0,80,0,80,51,12,100,0,163,52,0,52,215
04/25/2015,GUM,GU,AWP,WE,Federal Contract Tower,51,8,4,0,63,0,0,56,0,56,51,8,60,0,119,89,0,89,208
04/26/2015,GUM,GU,AWP,WE,Federal Contract Tower,66,8,4,0,78,0,0,40,0,40,66,8,44,0,118,74,0,74,192
04/27/2015,GUM,GU,AWP,WE,Federal Contract Tower,48,10,8,0,66,0,0,42,0,42,48,10,50,0,108,110,24,134,242
04/28/2015,GUM,GU,AWP,WE,Federal Contract Tower,49,8,7,0,64,0,0,38,0,38,49,8,45,0,102,60,0,60,162
04/29/2015,GUM,GU,AWP,WE,Federal Contract Tower,53,6,12,0,71,0,2,49,0,51,53,8,61,0,122,82,0,82,204
04/30/2015,GUM,GU,AWP,WE,Federal Contract Tower,59,8,6,0,73,0,0,73,0,73,59,8,79,0,146,86,4,90,236
05/01/2015,GUM,GU,AWP,WE,Federal Contract Tower,58,10,12,0,80,0,0,130,0,130,58,10,142,0,210,88,0,88,298
05/02/2015,GUM,GU,AWP,WE,Federal Contract Tower,67,8,4,0,79,0,0,92,0,92,67,8,96,0,171,80,0,80,251
05/03/2015,GUM,GU,AWP,WE,Federal Contract Tower,87,16,0,0,103,0,0,62,0,62,87,16,62,0,165,92,0,92,257
05/04/2015,GUM,GU,AWP,WE,Federal Contract Tower,62,16,6,0,84,0,0,100,0,100,62,16,106,0,184,96,0,96,280
05/05/2015,GUM,GU,AWP,WE,Federal Contract Tower,63,16,13,0,92,0,0,68,0,68,63,16,81,0,160,136,0,136,296
05/06/2015,GUM,GU,AWP,WE,Federal Contract Tower,71,15,7,0,93,0,0,70,0,70,71,15,77,0,163,72,0,72,235
05/07/2015,GUM,GU,AWP,WE,Federal Contract Tower,56,10,4,2,72,0,0,46,0,46,56,10,50,2,118,106,0,106,224
05/08/2015,GUM,GU,AWP,WE,Federal Contract Tower,54,9,9,0,72,0,0,40,0,40,54,9,49,0,112,86,0,86,198
05/09/2015,GUM,GU,AWP,WE,Federal Contract Tower,47,9,4,8,68,0,0,52,0,52,47,9,56,8,120,42,0,42,162
05/10/2015,GUM,GU,AWP,WE,Federal Contract Tower,67,8,0,0,75,0,0,30,0,30,67,8,30,0,105,76,0,76,181
05/11/2015,GUM,GU,AWP,WE,Federal Contract Tower,56,10,4,0,70,0,0,36,0,36,56,10,40,0,106,68,0,68,174
05/12/2015,GUM,GU,AWP,WE,Federal Contract Tower,48,10,6,4,68,0,0,44,0,44,48,10,50,4,112,138,0,138,250
05/13/2015,GUM,GU,AWP,WE,Federal Contract Tower,50,7,4,0,61,0,0,75,0,75,50,7,79,0,136,102,0,102,238
05/14/2015,GUM,GU,AWP,WE,Federal Contract Tower,60,9,7,8,84,0,0,30,0,30,60,9,37,8,114,28,0,28,142
05/15/2015,GUM,GU,AWP,WE,Federal Contract Tower,13,0,0,0,13,0,0,0,0,0,13,0,0,0,13,0,0,0,13
05/16/2015,GUM,GU,AWP,WE,Federal Contract Tower,44,2,0,0,46,0,0,0,0,0,44,2,0,0,46,0,0,0,46
05/17/2015,GUM,GU,AWP,WE,Federal Contract Tower,73,8,8,0,89,0,0,0,8,8,73,8,8,8,97,44,0,44,141
05/18/2015,GUM,GU,AWP,WE,Federal Contract Tower,67,12,5,0,84,0,0,48,1,49,67,12,53,1,133,72,0,72,205
05/19/2015,GUM,GU,AWP,WE,Federal Contract Tower,53,10,2,0,65,0,0,54,0,54,53,10,56,0,119,82,0,82,201
05/20/2015,GUM,GU,AWP,WE,Federal Contract Tower,53,10,4,1,68,0,0,68,1,69,53,10,72,2,137,114,0,114,251
05/21/2015,GUM,GU,AWP,WE,Federal Contract Tower,57,8,8,2,75,0,0,72,0,72,57,8,80,2,147,136,0,136,283
05/22/2015,GUM,GU,AWP,WE,Federal Contract Tower,54,10,6,0,70,0,0,93,0,93,54,10,99,0,163,152,0,152,315
05/23/2015,GUM,GU,AWP,WE,Federal Contract Tower,52,8,4,0,64,0,0,134,0,134,52,8,138,0,198,76,0,76,274
05/24/2015,GUM,GU,AWP,WE,Federal Contract Tower,69,8,0,0,77,0,0,48,0,48,69,8,48,0,125,94,0,94,219
05/25/2015,GUM,GU,AWP,WE,Federal Contract Tower,57,12,4,2,75,0,0,60,0,60,57,12,64,2,135,76,0,76,211
05/26/2015,GUM,GU,AWP,WE,Federal Contract Tower,50,10,4,0,64,0,0,42,0,42,50,10,46,0,106,48,0,48,154
05/27/2015,GUM,GU,AWP,WE,Federal Contract Tower,52,10,8,0,70,0,0,62,10,72,52,10,70,10,142,80,6,86,228
05/28/2015,GUM,GU,AWP,WE,Federal Contract Tower,55,8,5,0,68,0,0,65,0,65,55,8,70,0,133,70,14,84,217
05/29/2015,GUM,GU,AWP,WE,Federal Contract Tower,52,10,10,5,77,0,0,62,0,62,52,10,72,5,139,58,0,58,197
05/30/2015,GUM,GU,AWP,WE,Federal Contract Tower,53,8,2,1,64,0,0,72,14,86,53,8,74,15,150,56,0,56,206
05/31/2015,GUM,GU,AWP,WE,Federal Contract Tower,65,8,0,0,73,0,0,46,0,46,65,8,46,0,119,44,0,44,163
06/01/2015,GUM,GU,AWP,WE,Federal Contract Tower,57,12,6,0,75,0,0,52,4,56,57,12,58,4,131,56,0,56,187
06/02/2015,GUM,GU,AWP,WE,Federal Contract Tower,52,8,6,0,66,0,0,62,0,62,52,8,68,0,128,58,0,58,186
06/03/2015,GUM,GU,AWP,WE,Federal Contract Tower,54,6,7,0,67,0,0,24,2,26,54,6,31,2,93,42,22,64,157
06/04/2015,GUM,GU,AWP,WE,Federal Contract Tower,53,8,9,2,72,0,0,14,0,14,53,8,23,2,86,18,0,18,104
06/05/2015,GUM,GU,AWP,WE,Federal Contract Tower,53,13,9,0,75,0,0,89,0,89,53,13,98,0,164,63,0,63,227
06/06/2015,GUM,GU,AWP,WE,Federal Contract Tower,51,9,6,1,67,0,0,42,0,42,51,9,48,1,109,28,0,28,137
06/07/2015,GUM,GU,AWP,WE,Federal Contract Tower,67,7,2,2,78,0,0,60,2,62,67,7,62,4,140,28,0,28,168
06/08/2015,GUM,GU,AWP,WE,Federal Contract Tower,56,14,6,2,78,0,0,58,4,62,56,14,64,6,140,72,0,72,212
06/09/2015,GUM,GU,AWP,WE,Federal Contract Tower,51,8,12,0,71,0,0,52,4,56,51,8,64,4,127,22,0,22,149
06/10/2015,GUM,GU,AWP,WE,Federal Contract Tower,54,6,12,0,72,0,0,32,0,32,54,6,44,0,104,70,0,70,174
06/11/2015,GUM,GU,AWP,WE,Federal Contract Tower,56,8,12,0,76,0,0,46,0,46,56,8,58,0,122,26,0,26,148
06/12/2015,GUM,GU,AWP,WE,Federal Contract Tower,55,10,10,0,75,0,0,54,0,54,55,10,64,0,129,38,0,38,167
06/13/2015,GUM,GU,AWP,WE,Federal Contract Tower,54,8,6,0,68,0,0,62,0,62,54,8,68,0,130,50,0,50,180
06/14/2015,GUM,GU,AWP,WE,Federal Contract Tower,69,9,10,0,88,0,0,44,0,44,69,9,54,0,132,66,0,66,198
06/15/2015,GUM,GU,AWP,WE,Federal Contract Tower,58,10,6,0,74,0,0,44,0,44,58,10,50,0,118,20,0,20,138
06/16/2015,GUM,GU,AWP,WE,Federal Contract Tower,51,8,6,0,65,0,0,62,0,62,51,8,68,0,127,40,0,40,167
06/17/2015,GUM,GU,AWP,WE,Federal Contract Tower,54,6,10,2,72,0,0,66,0,66,54,6,76,2,138,0,10,10,148
06/18/2015,GUM,GU,AWP,WE,Federal Contract Tower,58,11,4,0,73,0,0,78,0,78,58,11,82,0,151,36,8,44,195
06/19/2015,GUM,GU,AWP,WE,Federal Contract Tower,56,11,5,0,72,0,0,68,0,68,56,11,73,0,140,56,0,56,196
06/20/2015,GUM,GU,AWP,WE,Federal Contract Tower,51,9,5,0,65,0,0,80,0,80,51,9,85,0,145,112,0,112,257
06/21/2015,GUM,GU,AWP,WE,Federal Contract Tower,66,8,0,0,74,0,0,44,0,44,66,8,44,0,118,108,0,108,226
06/22/2015,GUM,GU,AWP,WE,Federal Contract Tower,58,14,2,8,82,0,0,64,7,71,58,14,66,15,153,112,0,112,265
06/23/2015,GUM,GU,AWP,WE,Federal Contract Tower,45,12,2,6,65,0,0,84,2,86,45,12,86,8,151,90,0,90,241
06/24/2015,GUM,GU,AWP,WE,Federal Contract Tower,55,10,2,0,67,0,0,96,0,96,55,10,98,0,163,108,0,108,271
06/25/2015,GUM,GU,AWP,WE,Federal Contract Tower,54,8,6,0,68,0,0,92,2,94,54,8,98,2,162,96,0,96,258
06/26/2015,GUM,GU,AWP,WE,Federal Contract Tower,58,15,8,0,81,0,0,74,12,86,58,15,82,12,167,48,0,48,215
06/27/2015,GUM,GU,AWP,WE,Federal Contract Tower,57,15,4,0,76,0,0,98,0,98,57,15,102,0,174,60,0,60,234
06/28/2015,GUM,GU,AWP,WE,Federal Contract Tower,71,6,2,7,86,0,0,48,9,57,71,6,50,16,143,36,0,36,179
06/29/2015,GUM,GU,AWP,WE,Federal Contract Tower,58,16,10,2,86,0,0,68,0,68,58,16,78,2,154,34,0,34,188
06/30/2015,GUM,GU,AWP,WE,Federal Contract Tower,47,19,6,14,86,0,0,70,2,72,47,19,76,16,158,34,0,34,192
07/01/2015,GUM,GU,AWP,WE,Federal Contract Tower,54,10,4,5,73,0,0,42,1,43,54,10,46,6,116,38,38,76,192
07/02/2015,GUM,GU,AWP,WE,Federal Contract Tower,57,11,11,0,79,0,0,78,0,78,57,11,89,0,157,64,0,64,221
07/03/2015,GUM,GU,AWP,WE,Federal Contract Tower,50,10,5,4,69,0,0,44,0,44,50,10,49,4,113,26,0,26,139
07/04/2015,GUM,GU,AWP,WE,Federal Contract Tower,56,8,0,1,65,0,0,4,0,4,56,8,4,1,69,30,0,30,99
07/05/2015,GUM,GU,AWP,WE,Federal Contract Tower,53,0,0,1,54,0,0,0,0,0,53,0,0,1,54,0,0,0,54
07/06/2015,GUM,GU,AWP,WE,Federal Contract Tower,68,14,4,0,86,0,0,38,0,38,68,14,42,0,124,38,0,38,162
07/07/2015,GUM,GU,AWP,WE,Federal Contract Tower,50,10,6,14,80,0,0,70,0,70,50,10,76,14,150,64,0,64,214
07/08/2015,GUM,GU,AWP,WE,Federal Contract Tower,53,2,8,0,63,0,0,62,2,64,53,2,70,2,127,54,0,54,181
07/09/2015,GUM,GU,AWP,WE,Federal Contract Tower,73,0,2,0,75,0,0,49,0,49,73,0,51,0,124,84,0,84,208
07/10/2015,GUM,GU,AWP,WE,Federal Contract Tower,65,1,3,0,69,0,0,78,0,78,65,1,81,0,147,80,0,80,227
07/11/2015,GUM,GU,AWP,WE,Federal Contract Tower,60,2,3,0,65,0,0,64,0,64,60,2,67,0,129,152,0,152,281
07/12/2015,GUM,GU,AWP,WE,Federal Contract Tower,71,4,7,0,82,0,0,74,0,74,71,4,81,0,156,114,0,114,270
07/13/2015,GUM,GU,AWP,WE,Federal Contract Tower,60,12,5,0,77,0,0,108,0,108,60,12,113,0,185,186,0,186,371
07/14/2015,GUM,GU,AWP,WE,Federal Contract Tower,65,6,2,0,73,0,0,65,6,71,65,6,67,6,144,100,0,100,244
07/15/2015,GUM,GU,AWP,WE,Federal Contract Tower,53,6,10,0,69,0,0,60,0,60,53,6,70,0,129,216,0,216,345
07/16/2015,GUM,GU,AWP,WE,Federal Contract Tower,57,8,4,0,69,0,0,44,0,44,57,8,48,0,113,182,0,182,295
07/17/2015,GUM,GU,AWP,WE,Federal Contract Tower,49,10,14,0,73,0,0,46,0,46,49,10,60,0,119,156,0,156,275
07/18/2015,GUM,GU,AWP,WE,Federal Contract Tower,75,8,2,0,85,0,0,54,0,54,75,8,56,0,139,86,0,86,225
07/19/2015,GUM,GU,AWP,WE,Federal Contract Tower,70,8,6,0,84,0,0,64,0,64,70,8,70,0,148,166,0,166,314
07/20/2015,GUM,GU,AWP,WE,Federal Contract Tower,63,14,6,2,85,0,0,64,0,64,63,14,70,2,149,112,0,112,261
07/21/2015,GUM,GU,AWP,WE,Federal Contract Tower,58,8,13,0,79,0,0,43,0,43,58,8,56,0,122,122,0,122,244
07/22/2015,GUM,GU,AWP,WE,Federal Contract Tower,58,6,5,0,69,0,0,74,0,74,58,6,79,0,143,146,0,146,289
07/23/2015,GUM,GU,AWP,WE,Federal Contract Tower,66,12,5,0,83,0,0,48,0,48,66,12,53,0,131,83,0,83,214
07/24/2015,GUM,GU,AWP,WE,Federal Contract Tower,62,15,9,3,89,0,0,26,0,26,62,15,35,3,115,100,0,100,215
07/25/2015,GUM,GU,AWP,WE,Federal Contract Tower,63,8,2,4,77,0,0,28,0,28,63,8,30,4,105,86,0,86,191
07/26/2015,GUM,GU,AWP,WE,Federal Contract Tower,75,8,2,3,88,0,0,20,0,20,75,8,22,3,108,72,0,72,180
07/27/2015,GUM,GU,AWP,WE,Federal Contract Tower,68,14,2,0,84,0,0,20,0,20,68,14,22,0,104,84,0,84,188
07/28/2015,GUM,GU,AWP,WE,Federal Contract Tower,56,12,5,2,75,0,0,44,0,44,56,12,49,2,119,112,12,124,243
07/29/2015,GUM,GU,AWP,WE,Federal Contract Tower,65,10,1,2,78,0,0,52,0,52,65,10,53,2,130,84,0,84,214
07/30/2015,GUM,GU,AWP,WE,Federal Contract Tower,70,10,13,0,93,0,0,56,0,56,70,10,69,0,149,80,0,80,229
07/31/2015,GUM,GU,AWP,WE,Federal Contract Tower,65,11,15,6,97,0,0,76,0,76,65,11,91,6,173,66,0,66,239
08/01/2015,GUM,GU,AWP,WE,Federal Contract Tower,61,8,10,7,86,0,0,104,0,104,61,8,114,7,190,78,0,78,268
08/02/2015,GUM,GU,AWP,WE,Federal Contract Tower,84,4,2,12,102,0,0,50,4,54,84,4,52,16,156,80,0,80,236
08/03/2015,GUM,GU,AWP,WE,Federal Contract Tower,69,0,0,15,84,0,0,56,0,56,69,0,56,15,140,68,0,68,208
08/04/2015,GUM,GU,AWP,WE,Federal Contract Tower,68,4,6,13,91,0,0,60,4,64,68,4,66,17,155,92,0,92,247
08/05/2015,GUM,GU,AWP,WE,Federal Contract Tower,68,4,7,8,87,0,0,40,0,40,68,4,47,8,127,92,0,92,219
08/06/2015,GUM,GU,AWP,WE,Federal Contract Tower,76,8,6,0,90,0,0,53,0,53,76,8,59,0,143,108,0,108,251
08/07/2015,GUM,GU,AWP,WE,Federal Contract Tower,69,5,11,5,90,0,0,55,0,55,69,5,66,5,145,84,0,84,229
08/08/2015,GUM,GU,AWP,WE,Federal Contract Tower,70,10,8,4,92,0,0,52,0,52,70,10,60,4,144,110,0,110,254
08/09/2015,GUM,GU,AWP,WE,Federal Contract Tower,85,6,4,0,95,0,0,46,0,46,85,6,50,0,141,106,0,106,247
08/10/2015,GUM,GU,AWP,WE,Federal Contract Tower,78,8,2,0,88,0,0,60,0,60,78,8,62,0,148,134,8,142,290
08/11/2015,GUM,GU,AWP,WE,Federal Contract Tower,67,12,8,0,87,0,0,60,0,60,67,12,68,0,147,90,0,90,237
08/12/2015,GUM,GU,AWP,WE,Federal Contract Tower,71,14,8,0,93,0,0,86,0,86,71,14,94,0,179,138,0,138,317
08/13/2015,GUM,GU,AWP,WE,Federal Contract Tower,78,6,12,0,96,0,0,80,0,80,78,6,92,0,176,126,0,126,302
08/14/2015,GUM,GU,AWP,WE,Federal Contract Tower,72,6,12,2,92,0,0,80,0,80,72,6,92,2,172,114,0,114,286
08/15/2015,GUM,GU,AWP,WE,Federal Contract Tower,54,3,5,0,62,0,0,24,0,24,54,3,29,0,86,10,0,10,96
08/16/2015,GUM,GU,AWP,WE,Federal Contract Tower,71,0,0,0,71,0,0,0,0,0,71,0,0,0,71,6,0,6,77
08/17/2015,GUM,GU,AWP,WE,Federal Contract Tower,87,13,3,0,103,0,0,74,0,74,87,13,77,0,177,130,2,132,309
08/18/2015,GUM,GU,AWP,WE,Federal Contract Tower,62,13,10,1,86,0,0,60,0,60,62,13,70,1,146,94,0,94,240
08/19/2015,GUM,GU,AWP,WE,Federal Contract Tower,66,6,10,0,82,0,0,110,0,110,66,6,120,0,192,62,0,62,254
08/20/2015,GUM,GU,AWP,WE,Federal Contract Tower,71,12,8,0,91,0,0,68,0,68,71,12,76,0,159,97,0,97,256
08/21/2015,GUM,GU,AWP,WE,Federal Contract Tower,67,10,5,2,84,0,0,68,0,68,67,10,73,2,152,84,0,84,236
08/22/2015,GUM,GU,AWP,WE,Federal Contract Tower,65,7,8,6,86,0,0,0,2,2,65,7,8,8,88,102,0,102,190
08/23/2015,GUM,GU,AWP,WE,Federal Contract Tower,80,8,0,0,88,0,0,60,0,60,80,8,60,0,148,72,0,72,220
08/24/2015,GUM,GU,AWP,WE,Federal Contract Tower,71,16,9,0,96,0,0,58,0,58,71,16,67,0,154,98,0,98,252
08/25/2015,GUM,GU,AWP,WE,Federal Contract Tower,59,12,13,0,84,0,0,52,0,52,59,12,65,0,136,70,0,70,206
08/26/2015,GUM,GU,AWP,WE,Federal Contract Tower,61,12,4,2,79,0,0,102,0,102,61,12,106,2,181,62,0,62,243
08/27/2015,GUM,GU,AWP,WE,Federal Contract Tower,62,11,10,0,83,0,0,55,0,55,62,11,65,0,138,72,0,72,210
08/28/2015,GUM,GU,AWP,WE,Federal Contract Tower,65,15,9,10,99,0,0,96,0,96,65,15,105,10,195,66,0,66,261
08/29/2015,GUM,GU,AWP,WE,Federal Contract Tower,61,12,6,6,85,0,0,76,0,76,61,12,82,6,161,104,0,104,265
08/30/2015,GUM,GU,AWP,WE,Federal Contract Tower,77,9,3,3,92,0,0,53,0,53,77,9,56,3,145,120,0,120,265
08/31/2015,GUM,GU,AWP,WE,Federal Contract Tower,63,10,6,1,80,0,0,54,3,57,63,10,60,4,137,116,0,116,253
09/01/2015,GUM,GU,AWP,WE,Federal Contract Tower,57,12,6,0,75,0,0,52,0,52,57,12,58,0,127,76,0,76,203
09/02/2015,GUM,GU,AWP,WE,Federal Contract Tower,57,10,2,0,69,0,0,72,0,72,57,10,74,0,141,132,0,132,273
09/03/2015,GUM,GU,AWP,WE,Federal Contract Tower,71,11,3,0,85,0,0,52,0,52,71,11,55,0,137,106,0,106,243
09/04/2015,GUM,GU,AWP,WE,Federal Contract Tower,73,10,12,0,95,0,0,69,0,69,73,10,81,0,164,74,0,74,238
09/05/2015,GUM,GU,AWP,WE,Federal Contract Tower,60,12,10,0,82,0,0,56,0,56,60,12,66,0,138,134,0,134,272
09/06/2015,GUM,GU,AWP,WE,Federal Contract Tower,74,11,2,0,87,0,0,68,0,68,74,11,70,0,155,152,0,152,307
09/07/2015,GUM,GU,AWP,WE,Federal Contract Tower,80,14,8,1,103,0,0,48,0,48,80,14,56,1,151,68,0,68,219
09/08/2015,GUM,GU,AWP,WE,Federal Contract Tower,66,8,8,1,83,0,0,75,0,75,66,8,83,1,158,66,0,66,224
09/09/2015,GUM,GU,AWP,WE,Federal Contract Tower,52,12,7,0,71,0,0,80,0,80,52,12,87,0,151,84,0,84,235
09/10/2015,GUM,GU,AWP,WE,Federal Contract Tower,63,8,10,0,81,0,0,53,0,53,63,8,63,0,134,73,0,73,207
09/11/2015,GUM,GU,AWP,WE,Federal Contract Tower,62,13,8,0,83,0,0,64,0,64,62,13,72,0,147,48,0,48,195
09/12/2015,GUM,GU,AWP,WE,Federal Contract Tower,63,8,19,0,90,0,0,42,0,42,63,8,61,0,132,58,0,58,190
09/13/2015,GUM,GU,AWP,WE,Federal Contract Tower,72,8,0,0,80,0,0,34,0,34,72,8,34,0,114,36,0,36,150
09/14/2015,GUM,GU,AWP,WE,Federal Contract Tower,61,10,5,4,80,0,0,56,0,56,61,10,61,4,136,80,10,90,226
09/15/2015,GUM,GU,AWP,WE,Federal Contract Tower,53,10,8,0,71,0,0,55,2,57,53,10,63,2,128,61,6,67,195
09/16/2015,GUM,GU,AWP,WE,Federal Contract Tower,55,14,8,6,83,0,0,58,0,58,55,14,66,6,141,32,0,32,173
09/17/2015,GUM,GU,AWP,WE,Federal Contract Tower,62,11,3,0,76,0,0,46,0,46,62,11,49,0,122,56,0,56,178
09/18/2015,GUM,GU,AWP,WE,Federal Contract Tower,56,16,8,0,80,0,0,54,0,54,56,16,62,0,134,76,0,76,210
09/19/2015,GUM,GU,AWP,WE,Federal Contract Tower,73,14,4,0,91,0,0,56,0,56,73,14,60,0,147,46,0,46,193
09/20/2015,GUM,GU,AWP,WE,Federal Contract Tower,100,7,0,0,107,0,0,22,0,22,100,7,22,0,129,30,0,30,159
09/21/2015,GUM,GU,AWP,WE,Federal Contract Tower,68,13,4,0,85,0,0,62,0,62,68,13,66,0,147,122,0,122,269
09/22/2015,GUM,GU,AWP,WE,Federal Contract Tower,72,8,9,0,89,0,0,78,0,78,72,8,87,0,167,92,6,98,265
09/23/2015,GUM,GU,AWP,WE,Federal Contract Tower,77,15,4,2,98,0,0,92,0,92,77,15,96,2,190,74,0,74,264
09/24/2015,GUM,GU,AWP,WE,Federal Contract Tower,62,10,9,0,81,0,0,61,0,61,62,10,70,0,142,88,0,88,230
09/25/2015,GUM,GU,AWP,WE,Federal Contract Tower,66,10,10,0,86,0,0,76,0,76,66,10,86,0,162,104,0,104,266
09/26/2015,GUM,GU,AWP,WE,Federal Contract Tower,62,8,1,14,85,0,0,70,0,70,62,8,71,14,155,70,0,70,225
09/27/2015,GUM,GU,AWP,WE,Federal Contract Tower,81,10,0,2,93,0,0,36,0,36,81,10,36,2,129,40,0,40,169
09/28/2015,GUM,GU,AWP,WE,Federal Contract Tower,65,14,4,2,85,0,0,54,0,54,65,14,58,2,139,38,0,38,177
09/29/2015,GUM,GU,AWP,WE,Federal Contract Tower,55,14,4,0,73,0,0,62,0,62,55,14,66,0,135,82,0,82,217
09/30/2015,GUM,GU,AWP,WE,Federal Contract Tower,56,14,6,0,76,0,0,76,0,76,56,14,82,0,152,64,0,64,216
10/01/2015,GUM,GU,AWP,WE,Federal Contract Tower,64,10,10,0,84,0,0,63,0,63,64,10,73,0,147,77,0,77,224
10/02/2015,GUM,GU,AWP,WE,Federal Contract Tower,62,11,7,2,82,0,0,91,0,91,62,11,98,2,173,69,0,69,242
10/03/2015,GUM,GU,AWP,WE,Federal Contract Tower,56,10,6,2,74,0,0,90,0,90,56,10,96,2,164,98,0,98,262
10/04/2015,GUM,GU,AWP,WE,Federal Contract Tower,69,9,0,0,78,0,0,108,0,108,69,9,108,0,186,80,0,80,266
10/05/2015,GUM,GU,AWP,WE,Federal Contract Tower,60,12,6,1,79,0,0,88,0,88,60,12,94,1,167,70,11,81,248
10/06/2015,GUM,GU,AWP,WE,Federal Contract Tower,55,12,4,0,71,0,0,106,0,106,55,12,110,0,177,98,0,98,275
10/07/2015,GUM,GU,AWP,WE,Federal Contract Tower,57,12,5,0,74,0,0,56,0,56,57,12,61,0,130,60,0,60,190
10/08/2015,GUM,GU,AWP,WE,Federal Contract Tower,64,13,5,0,82,0,0,83,0,83,64,13,88,0,165,85,0,85,250
10/09/2015,GUM,GU,AWP,WE,Federal Contract Tower,57,11,10,0,78,0,0,49,0,49,57,11,59,0,127,25,0,25,152
10/10/2015,GUM,GU,AWP,WE,Federal Contract Tower,52,10,4,0,66,0,0,38,0,38,52,10,42,0,104,36,0,36,140
10/11/2015,GUM,GU,AWP,WE,Federal Contract Tower,78,2,0,0,80,0,0,53,0,53,78,2,53,0,133,44,0,44,177
10/12/2015,GUM,GU,AWP,WE,Federal Contract Tower,63,10,7,0,80,0,0,30,0,30,63,10,37,0,110,24,0,24,134
10/13/2015,GUM,GU,AWP,WE,Federal Contract Tower,55,14,3,0,72,0,0,38,0,38,55,14,41,0,110,48,6,54,164
10/14/2015,GUM,GU,AWP,WE,Federal Contract Tower,50,11,7,0,68,0,0,76,0,76,50,11,83,0,144,68,0,68,212
10/15/2015,GUM,GU,AWP,WE,Federal Contract Tower,59,13,6,0,78,0,0,39,0,39,59,13,45,0,117,66,0,66,183
10/16/2015,GUM,GU,AWP,WE,Federal Contract Tower,60,0,0,0,60,0,0,0,0,0,60,0,0,0,60,0,0,0,60
10/17/2015,GUM,GU,AWP,WE,Federal Contract Tower,53,12,8,0,73,0,0,14,0,14,53,12,22,0,87,32,0,32,119
10/18/2015,GUM,GU,AWP,WE,Federal Contract Tower,71,10,1,0,82,0,0,36,0,36,71,10,37,0,118,48,0,48,166
10/19/2015,GUM,GU,AWP,WE,Federal Contract Tower,58,14,6,0,78,0,0,46,0,46,58,14,52,0,124,54,0,54,178
10/20/2015,GUM,GU,AWP,WE,Federal Contract Tower,52,12,4,0,68,0,0,36,0,36,52,12,40,0,104,58,0,58,162
10/21/2015,GUM,GU,AWP,WE,Federal Contract Tower,50,10,4,0,64,0,0,80,0,80,50,10,84,0,144,49,0,49,193
10/22/2015,GUM,GU,AWP,WE,Federal Contract Tower,59,12,2,0,73,0,0,84,0,84,59,12,86,0,157,48,8,56,213
10/23/2015,GUM,GU,AWP,WE,Federal Contract Tower,57,11,9,0,77,0,0,50,0,50,57,11,59,0,127,58,0,58,185
10/24/2015,GUM,GU,AWP,WE,Federal Contract Tower,49,9,8,0,66,0,0,46,0,46,49,9,54,0,112,52,0,52,164
10/25/2015,GUM,GU,AWP,WE,Federal Contract Tower,75,10,2,0,87,0,0,54,0,54,75,10,56,0,141,30,0,30,171
10/26/2015,GUM,GU,AWP,WE,Federal Contract Tower,67,14,4,2,87,0,0,42,0,42,67,14,46,2,129,64,0,64,193
10/27/2015,GUM,GU,AWP,WE,Federal Contract Tower,54,14,7,2,77,0,0,42,0,42,54,14,49,2,119,34,0,34,153
10/28/2015,GUM,GU,AWP,WE,Federal Contract Tower,64,11,3,0,78,0,0,43,0,43,64,11,46,0,121,28,0,28,149
10/29/2015,GUM,GU,AWP,WE,Federal Contract Tower,63,13,5,0,81,0,0,60,0,60,63,13,65,0,141,63,6,69,210
10/30/2015,GUM,GU,AWP,WE,Federal Contract Tower,64,11,9,0,84,0,0,35,0,35,64,11,44,0,119,13,0,13,132
10/31/2015,GUM,GU,AWP,WE,Federal Contract Tower,58,10,4,0,72,0,0,38,0,38,58,10,42,0,110,74,0,74,184
11/01/2015,GUM,GU,AWP,WE,Federal Contract Tower,75,10,0,0,85,0,0,58,0,58,75,10,58,0,143,94,0,94,237
11/02/2015,GUM,GU,AWP,WE,Federal Contract Tower,60,14,2,0,76,0,0,38,0,38,60,14,40,0,114,54,0,54,168
11/03/2015,GUM,GU,AWP,WE,Federal Contract Tower,59,14,8,0,81,0,0,42,8,50,59,14,50,8,131,80,0,80,211
11/04/2015,GUM,GU,AWP,WE,Federal Contract Tower,62,14,10,0,86,0,0,40,0,40,62,14,50,0,126,44,0,44,170
11/05/2015,GUM,GU,AWP,WE,Federal Contract Tower,63,21,4,0,88,0,0,42,0,42,63,21,46,0,130,57,2,59,189
11/06/2015,GUM,GU,AWP,WE,Federal Contract Tower,61,10,4,0,75,0,0,41,0,41,61,10,45,0,116,63,10,73,189
11/07/2015,GUM,GU,AWP,WE,Federal Contract Tower,58,14,1,0,73,0,0,52,0,52,58,14,53,0,125,96,0,96,221
11/08/2015,GUM,GU,AWP,WE,Federal Contract Tower,76,18,6,0,100,0,0,64,0,64,76,18,70,0,164,40,0,40,204
11/09/2015,GUM,GU,AWP,WE,Federal Contract Tower,63,14,7,0,84,0,0,60,0,60,63,14,67,0,144,70,0,70,214
11/10/2015,GUM,GU,AWP,WE,Federal Contract Tower,54,14,5,0,73,0,0,42,0,42,54,14,47,0,115,48,0,48,163
11/11/2015,GUM,GU,AWP,WE,Federal Contract Tower,60,10,6,0,76,0,0,38,0,38,60,10,44,0,114,52,0,52,166
11/12/2015,GUM,GU,AWP,WE,Federal Contract Tower,63,11,4,0,78,0,0,39,0,39,63,11,43,0,117,55,4,59,176
11/13/2015,GUM,GU,AWP,WE,Federal Contract Tower,65,13,2,0,80,0,0,63,0,63,65,13,65,0,143,49,0,49,192
11/14/2015,GUM,GU,AWP,WE,Federal Contract Tower,60,12,2,0,74,0,0,40,0,40,60,12,42,0,114,114,0,114,228
11/15/2015,GUM,GU,AWP,WE,Federal Contract Tower,58,8,2,0,68,0,0,28,0,28,58,8,30,0,96,20,0,20,116
11/16/2015,GUM,GU,AWP,WE,Federal Contract Tower,63,18,2,0,83,0,0,48,0,48,63,18,50,0,131,66,0,66,197
11/17/2015,GUM,GU,AWP,WE,Federal Contract Tower,54,16,3,0,73,0,0,62,2,64,54,16,65,2,137,22,0,22,159
11/18/2015,GUM,GU,AWP,WE,Federal Contract Tower,55,22,4,0,81,0,0,48,0,48,55,22,52,0,129,16,0,16,145
11/19/2015,GUM,GU,AWP,WE,Federal Contract Tower,59,14,8,0,81,0,0,10,0,10,59,14,18,0,91,10,0,10,101
11/20/2015,GUM,GU,AWP,WE,Federal Contract Tower,66,21,9,0,96,0,0,58,0,58,66,21,67,0,154,83,0,83,237
11/21/2015,GUM,GU,AWP,WE,Federal Contract Tower,57,10,4,0,71,0,0,1,0,1,57,10,5,0,72,0,0,0,72
11/22/2015,GUM,GU,AWP,WE,Federal Contract Tower,53,8,13,0,74,0,0,54,0,54,53,8,67,0,128,120,0,120,248
11/23/2015,GUM,GU,AWP,WE,Federal Contract Tower,64,13,3,0,80,0,0,76,0,76,64,13,79,0,156,44,0,44,200
11/24/2015,GUM,GU,AWP,WE,Federal Contract Tower,64,14,4,0,82,0,0,104,0,104,64,14,108,0,186,28,4,32,218
11/25/2015,GUM,GU,AWP,WE,Federal Contract Tower,63,14,11,0,88,0,0,72,0,72,63,14,83,0,160,54,0,54,214
11/26/2015,GUM,GU,AWP,WE,Federal Contract Tower,61,9,5,0,75,0,0,62,0,62,61,9,67,0,137,65,2,67,204
11/27/2015,GUM,GU,AWP,WE,Federal Contract Tower,71,20,4,0,95,0,0,65,0,65,71,20,69,0,160,49,0,49,209
11/28/2015,GUM,GU,AWP,WE,Federal Contract Tower,61,10,3,0,74,0,0,60,0,60,61,10,63,0,134,28,0,28,162
11/29/2015,GUM,GU,AWP,WE,Federal Contract Tower,76,8,4,0,88,0,0,56,0,56,76,8,60,0,144,20,0,20,164
11/30/2015,GUM,GU,AWP,WE,Federal Contract Tower,62,10,6,0,78,0,0,66,0,66,62,10,72,0,144,40,0,40,184
12/01/2015,GUM,GU,AWP,WE,Federal Contract Tower,59,10,10,0,79,0,0,54,0,54,59,10,64,0,133,55,0,55,188
12/02/2015,GUM,GU,AWP,WE,Federal Contract Tower,53,12,17,0,82,0,0,28,0,28,53,12,45,0,110,36,0,36,146
12/03/2015,GUM,GU,AWP,WE,Federal Contract Tower,60,14,4,1,79,0,0,45,0,45,60,14,49,1,124,38,0,38,162
12/04/2015,GUM,GU,AWP,WE,Federal Contract Tower,64,10,14,0,88,0,0,34,0,34,64,10,48,0,122,33,0,33,155
12/05/2015,GUM,GU,AWP,WE,Federal Contract Tower,52,10,8,1,71,0,0,58,0,58,52,10,66,1,129,58,0,58,187
12/06/2015,GUM,GU,AWP,WE,Federal Contract Tower,73,10,2,0,85,0,0,52,0,52,73,10,54,0,137,60,0,60,197
12/07/2015,GUM,GU,AWP,WE,Federal Contract Tower,64,12,10,0,86,0,0,60,0,60,64,12,70,0,146,78,0,78,224
12/08/2015,GUM,GU,AWP,WE,Federal Contract Tower,60,10,9,0,79,0,0,52,0,52,60,10,61,0,131,46,0,46,177
12/09/2015,GUM,GU,AWP,WE,Federal Contract Tower,66,10,12,0,88,0,0,54,0,54,66,10,66,0,142,42,0,42,184
12/10/2015,GUM,GU,AWP,WE,Federal Contract Tower,67,10,15,0,92,0,0,51,0,51,67,10,66,0,143,26,0,26,169
12/11/2015,GUM,GU,AWP,WE,Federal Contract Tower,64,8,11,3,86,0,0,42,0,42,64,8,53,3,128,38,0,38,166
12/12/2015,GUM,GU,AWP,WE,Federal Contract Tower,58,10,12,6,86,0,0,60,0,60,58,10,72,6,146,80,0,80,226
12/13/2015,GUM,GU,AWP,WE,Federal Contract Tower,72,8,2,3,85,0,0,44,0,44,72,8,46,3,129,90,0,90,219
12/14/2015,GUM,GU,AWP,WE,Federal Contract Tower,61,15,7,0,83,0,0,77,0,77,61,15,84,0,160,30,0,30,190
12/15/2015,GUM,GU,AWP,WE,Federal Contract Tower,60,14,7,4,85,0,0,42,0,42,60,14,49,4,127,50,0,50,177
12/16/2015,GUM,GU,AWP,WE,Federal Contract Tower,61,14,11,2,88,0,0,32,0,32,61,14,43,2,120,28,0,28,148
12/17/2015,GUM,GU,AWP,WE,Federal Contract Tower,65,12,13,0,90,0,0,60,0,60,65,12,73,0,150,66,0,66,216
12/18/2015,GUM,GU,AWP,WE,Federal Contract Tower,69,12,8,0,89,0,0,46,0,46,69,12,54,0,135,70,0,70,205
12/19/2015,GUM,GU,AWP,WE,Federal Contract Tower,59,8,5,0,72,0,0,54,0,54,59,8,59,0,126,66,0,66,192
12/20/2015,GUM,GU,AWP,WE,Federal Contract Tower,78,8,3,0,89,0,0,50,0,50,78,8,53,0,139,72,0,72,211
12/21/2015,GUM,GU,AWP,WE,Federal Contract Tower,68,14,10,0,92,0,0,64,2,66,68,14,74,2,158,42,0,42,200
12/22/2015,GUM,GU,AWP,WE,Federal Contract Tower,59,12,10,0,81,0,0,66,0,66,59,12,76,0,147,44,0,44,191
12/23/2015,GUM,GU,AWP,WE,Federal Contract Tower,62,14,10,2,88,0,0,52,0,52,62,14,62,2,140,32,0,32,172
12/24/2015,GUM,GU,AWP,WE,Federal Contract Tower,65,12,7,0,84,0,0,82,0,82,65,12,89,0,166,40,0,40,206
12/25/2015,GUM,GU,AWP,WE,Federal Contract Tower,71,10,2,1,84,0,0,36,0,36,71,10,38,1,120,31,0,31,151
12/26/2015,GUM,GU,AWP,WE,Federal Contract Tower,67,17,15,0,99,0,0,70,0,70,67,17,85,0,169,62,0,62,231
12/27/2015,GUM,GU,AWP,WE,Federal Contract Tower,79,10,3,0,92,0,0,50,0,50,79,10,53,0,142,72,0,72,214
12/28/2015,GUM,GU,AWP,WE,Federal Contract Tower,69,14,12,10,105,0,0,19,1,20,69,14,31,11,125,4,0,4,129
12/29/2015,GUM,GU,AWP,WE,Federal Contract Tower,69,14,6,0,89,0,0,86,0,86,69,14,92,0,175,50,0,50,225
12/30/2015,GUM,GU,AWP,WE,Federal Contract Tower,82,14,8,0,104,0,0,82,0,82,82,14,90,0,186,78,0,78,264
12/31/2015,GUM,GU,AWP,WE,Federal Contract Tower,82,14,0,0,96,0,0,69,0,69,82,14,69,0,165,80,0,80,245
01/01/2016,GUM,GU,AWP,WE,Federal Contract Tower,72,10,3,0,85,0,0,79,0,79,72,10,82,0,164,38,0,38,202
01/02/2016,GUM,GU,AWP,WE,Federal Contract Tower,78,12,6,0,96,0,0,88,0,88,78,12,94,0,184,62,0,62,246
01/03/2016,GUM,GU,AWP,WE,Federal Contract Tower,94,16,16,0,126,0,0,74,0,74,94,16,90,0,200,48,0,48,248
01/04/2016,GUM,GU,AWP,WE,Federal Contract Tower,64,14,9,0,87,0,0,56,0,56,64,14,65,0,143,66,0,66,209
01/05/2016,GUM,GU,AWP,WE,Federal Contract Tower,61,11,10,0,82,0,0,50,6,56,61,11,60,6,138,64,0,64,202
01/06/2016,GUM,GU,AWP,WE,Federal Contract Tower,69,15,6,3,93,0,0,58,20,78,69,15,64,23,171,76,2,78,249
01/07/2016,GUM,GU,AWP,WE,Federal Contract Tower,66,11,8,0,85,0,0,23,0,23,66,11,31,0,108,15,0,15,123
01/08/2016,GUM,GU,AWP,WE,Federal Contract Tower,66,14,15,3,98,0,0,70,0,70,66,14,85,3,168,86,0,86,254
01/09/2016,GUM,GU,AWP,WE,Federal Contract Tower,60,12,7,0,79,0,0,70,0,70,60,12,77,0,149,112,0,112,261
01/10/2016,GUM,GU,AWP,WE,Federal Contract Tower,72,9,7,1,89,0,0,42,0,42,72,9,49,1,131,62,0,62,193
01/11/2016,GUM,GU,AWP,WE,Federal Contract Tower,63,14,7,1,85,0,0,44,0,44,63,14,51,1,129,50,0,50,179
01/12/2016,GUM,GU,AWP,WE,Federal Contract Tower,61,12,2,0,75,0,0,58,0,58,61,12,60,0,133,70,0,70,203
01/13/2016,GUM,GU,AWP,WE,Federal Contract Tower,68,11,8,0,87,0,0,64,0,64,68,11,72,0,151,86,0,86,237
01/14/2016,GUM,GU,AWP,WE,Federal Contract Tower,61,15,8,2,86,0,0,57,0,57,61,15,65,2,143,60,0,60,203
01/15/2016,GUM,GU,AWP,WE,Federal Contract Tower,64,17,16,0,97,0,0,44,0,44,64,17,60,0,141,102,0,102,243
01/16/2016,GUM,GU,AWP,WE,Federal Contract Tower,57,11,4,0,72,0,0,70,0,70,57,11,74,0,142,86,0,86,228
01/17/2016,GUM,GU,AWP,WE,Federal Contract Tower,74,10,7,0,91,0,0,68,0,68,74,10,75,0,159,75,0,75,234
01/18/2016,GUM,GU,AWP,WE,Federal Contract Tower,63,14,6,0,83,0,0,1,0,1,63,14,7,0,84,28,0,28,112
01/19/2016,GUM,GU,AWP,WE,Federal Contract Tower,62,14,14,1,91,0,0,76,0,76,62,14,90,1,167,44,0,44,211
01/20/2016,GUM,GU,AWP,WE,Federal Contract Tower,62,14,9,0,85,0,0,54,0,54,62,14,63,0,139,58,0,58,197
01/21/2016,GUM,GU,AWP,WE,Federal Contract Tower,65,12,6,0,83,0,0,56,0,56,65,12,62,0,139,70,0,70,209
01/22/2016,GUM,GU,AWP,WE,Federal Contract Tower,64,12,8,0,84,0,0,49,6,55,64,12,57,6,139,88,0,88,227
01/23/2016,GUM,GU,AWP,WE,Federal Contract Tower,61,10,16,1,88,0,0,80,0,80,61,10,96,1,168,78,0,78,246
01/24/2016,GUM,GU,AWP,WE,Federal Contract Tower,72,10,2,0,84,0,0,54,0,54,72,10,56,0,138,86,0,86,224
01/25/2016,GUM,GU,AWP,WE,Federal Contract Tower,69,12,6,0,87,0,0,74,0,74,69,12,80,0,161,74,0,74,235
01/26/2016,GUM,GU,AWP,WE,Federal Contract Tower,63,22,6,1,92,0,0,70,1,71,63,22,76,2,163,46,0,46,209
01/27/2016,GUM,GU,AWP,WE,Federal Contract Tower,60,14,6,2,82,0,0,64,6,70,60,14,70,8,152,70,4,74,226
01/28/2016,GUM,GU,AWP,WE,Federal Contract Tower,60,10,11,1,82,0,0,58,6,64,60,10,69,7,146,25,0,25,171
01/29/2016,GUM,GU,AWP,WE,Federal Contract Tower,65,13,9,0,87,0,0,46,0,46,65,13,55,0,133,38,0,38,171
01/30/2016,GUM,GU,AWP,WE,Federal Contract Tower,63,7,6,0,76,0,0,78,0,78,63,7,84,0,154,52,0,52,206
01/31/2016,GUM,GU,AWP,WE,Federal Contract Tower,76,11,2,0,89,0,0,84,0,84,76,11,86,0,173,66,0,66,239
02/01/2016,GUM,GU,AWP,WE,Federal Contract Tower,67,14,7,2,90,0,0,82,4,86,67,14,89,6,176,68,0,68,244
02/02/2016,GUM,GU,AWP,WE,Federal Contract Tower,57,14,6,0,77,0,0,58,0,58,57,14,64,0,135,98,0,98,233
02/03/2016,GUM,GU,AWP,WE,Federal Contract Tower,63,12,8,1,84,0,0,70,0,70,63,12,78,1,154,56,0,56,210
02/04/2016,GUM,GU,AWP,WE,Federal Contract Tower,67,8,8,0,83,0,0,79,0,79,67,8,87,0,162,38,8,46,208
02/05/2016,GUM,GU,AWP,WE,Federal Contract Tower,70,14,9,0,93,0,0,112,0,112,70,14,121,0,205,36,0,36,241
02/06/2016,GUM,GU,AWP,WE,Federal Contract Tower,65,7,7,0,79,0,0,108,0,108,65,7,115,0,187,44,0,44,231
02/07/2016,GUM,GU,AWP,WE,Federal Contract Tower,81,11,2,0,94,0,0,96,0,96,81,11,98,0,190,92,0,92,282
02/08/2016,GUM,GU,AWP,WE,Federal Contract Tower,71,14,4,0,89,0,0,108,0,108,71,14,112,0,197,54,0,54,251
02/09/2016,GUM,GU,AWP,WE,Federal Contract Tower,71,12,10,3,96,0,0,86,0,86,71,12,96,3,182,62,0,62,244
02/10/2016,GUM,GU,AWP,WE,Federal Contract Tower,73,14,8,0,95,0,0,134,0,134,73,14,142,0,229,50,0,50,279
02/11/2016,GUM,GU,AWP,WE,Federal Contract Tower,67,12,5,12,96,0,0,143,0,143,67,12,148,12,239,40,0,40,279
02/12/2016,GUM,GU,AWP,WE,Federal Contract Tower,66,12,7,20,105,0,0,174,0,174,66,12,181,20,279,54,0,54,333
02/13/2016,GUM,GU,AWP,WE,Federal Contract Tower,67,10,7,0,84,0,0,142,0,142,67,10,149,0,226,62,0,62,288
02/14/2016,GUM,GU,AWP,WE,Federal Contract Tower,84,10,1,0,95,0,0,148,0,148,84,10,149,0,243,46,0,46,289
02/15/2016,GUM,GU,AWP,WE,Federal Contract Tower,68,14,6,0,88,0,0,106,0,106,68,14,112,0,194,48,0,48,242
02/16/2016,GUM,GU,AWP,WE,Federal Contract Tower,70,14,6,8,98,0,0,64,0,64,70,14,70,8,162,74,6,80,242
02/17/2016,GUM,GU,AWP,WE,Federal Contract Tower,69,16,12,2,99,0,0,70,0,70,69,16,82,2,169,84,0,84,253
02/18/2016,GUM,GU,AWP,WE,Federal Contract Tower,66,15,16,0,97,0,0,112,0,112,66,15,128,0,209,42,0,42,251
02/19/2016,GUM,GU,AWP,WE,Federal Contract Tower,72,14,8,0,94,0,0,85,0,85,72,14,93,0,179,46,0,46,225
02/20/2016,GUM,GU,AWP,WE,Federal Contract Tower,67,12,6,0,85,0,0,64,0,64,67,12,70,0,149,24,0,24,173
02/21/2016,GUM,GU,AWP,WE,Federal Contract Tower,77,12,4,0,93,0,0,70,0,70,77,12,74,0,163,54,0,54,217
02/22/2016,GUM,GU,AWP,WE,Federal Contract Tower,65,14,10,0,89,0,0,58,0,58,65,14,68,0,147,10,0,10,157
02/23/2016,GUM,GU,AWP,WE,Federal Contract Tower,71,14,6,3,94,0,0,74,1,75,71,14,80,4,169,54,0,54,223
02/24/2016,GUM,GU,AWP,WE,Federal Contract Tower,63,14,9,3,89,0,0,62,0,62,63,14,71,3,151,46,0,46,197
02/25/2016,GUM,GU,AWP,WE,Federal Contract Tower,64,15,10,2,91,66,0,0,8,74,130,15,10,10,165,72,5,77,242
02/26/2016,GUM,GU,AWP,WE,Federal Contract Tower,69,14,6,0,89,0,0,74,0,74,69,14,80,0,163,32,0,32,195
02/27/2016,GUM,GU,AWP,WE,Federal Contract Tower,58,12,14,0,84,0,0,86,0,86,58,12,100,0,170,92,0,92,262
02/28/2016,GUM,GU,AWP,WE,Federal Contract Tower,78,11,9,0,98,0,0,36,0,36,78,11,45,0,134,42,0,42,176
02/29/2016,GUM,GU,AWP,WE,Federal Contract Tower,66,14,11,0,91,0,0,62,0,62,66,14,73,0,153,48,0,48,201
03/01/2016,GUM,GU,AWP,WE,Federal Contract Tower,68,16,8,0,92,0,0,72,0,72,68,16,80,0,164,44,0,44,208
03/02/2016,GUM,GU,AWP,WE,Federal Contract Tower,68,14,8,0,90,0,0,58,0,58,68,14,66,0,148,60,0,60,208
03/03/2016,GUM,GU,AWP,WE,Federal Contract Tower,69,14,4,0,87,0,0,74,0,74,69,14,78,0,161,26,0,26,187
03/04/2016,GUM,GU,AWP,WE,Federal Contract Tower,66,14,6,0,86,0,0,76,0,76,66,14,82,0,162,50,0,50,212
03/05/2016,GUM,GU,AWP,WE,Federal Contract Tower,59,11,7,0,77,0,0,93,0,93,59,11,100,0,170,36,0,36,206
03/06/2016,GUM,GU,AWP,WE,Federal Contract Tower,73,10,4,0,87,0,0,71,0,71,73,10,75,0,158,28,0,28,186
03/07/2016,GUM,GU,AWP,WE,Federal Contract Tower,58,14,7,4,83,0,0,84,0,84,58,14,91,4,167,36,0,36,203
03/08/2016,GUM,GU,AWP,WE,Federal Contract Tower,63,14,7,0,84,0,0,74,0,74,63,14,81,0,158,34,0,34,192
03/09/2016,GUM,GU,AWP,WE,Federal Contract Tower,62,12,8,0,82,0,0,51,2,53,62,12,59,2,135,29,0,29,164
03/10/2016,GUM,GU,AWP,WE,Federal Contract Tower,65,13,1,0,79,0,0,91,0,91,65,13,92,0,170,90,0,90,260
03/11/2016,GUM,GU,AWP,WE,Federal Contract Tower,68,14,5,0,87,0,0,108,0,108,68,14,113,0,195,70,0,70,265
03/12/2016,GUM,GU,AWP,WE,Federal Contract Tower,59,10,4,0,73,0,0,82,0,82,59,10,86,0,155,62,0,62,217
03/13/2016,GUM,GU,AWP,WE,Federal Contract Tower,73,10,2,0,85,0,0,80,0,80,73,10,82,0,165,61,0,61,226
03/14/2016,GUM,GU,AWP,WE,Federal Contract Tower,66,14,9,2,91,0,0,64,0,64,66,14,73,2,155,80,0,80,235
03/15/2016,GUM,GU,AWP,WE,Federal Contract Tower,63,12,5,0,80,0,0,82,2,84,63,12,87,2,164,76,0,76,240
03/16/2016,GUM,GU,AWP,WE,Federal Contract Tower,63,12,6,0,81,0,0,26,0,26,63,12,32,0,107,22,0,22,129
03/17/2016,GUM,GU,AWP,WE,Federal Contract Tower,67,12,9,0,88,0,0,74,0,74,67,12,83,0,162,78,0,78,240
03/18/2016,GUM,GU,AWP,WE,Federal Contract Tower,74,18,6,0,98,0,0,72,0,72,74,18,78,0,170,44,0,44,214
03/19/2016,GUM,GU,AWP,WE,Federal Contract Tower,63,10,10,1,84,0,0,82,0,82,63,10,92,1,166,86,0,86,252
03/20/2016,GUM,GU,AWP,WE,Federal Contract Tower,80,10,7,0,97,0,0,85,0,85,80,10,92,0,182,86,0,86,268
03/21/2016,GUM,GU,AWP,WE,Federal Contract Tower,68,20,9,0,97,0,0,82,0,82,68,20,91,0,179,64,0,64,243
03/22/2016,GUM,GU,AWP,WE,Federal Contract Tower,69,12,7,2,90,0,0,81,0,81,69,12,88,2,171,109,0,109,280
03/23/2016,GUM,GU,AWP,WE,Federal Contract Tower,71,10,9,0,90,0,0,79,2,81,71,10,88,2,171,88,0,88,259
03/24/2016,GUM,GU,AWP,WE,Federal Contract Tower,66,10,10,0,86,0,0,76,0,76,66,10,86,0,162,82,0,82,244
03/25/2016,GUM,GU,AWP,WE,Federal Contract Tower,69,10,12,0,91,0,0,57,0,57,69,10,69,0,148,52,0,52,200
03/26/2016,GUM,GU,AWP,WE,Federal Contract Tower,60,10,4,0,74,0,0,60,0,60,60,10,64,0,134,62,0,62,196
03/27/2016,GUM,GU,AWP,WE,Federal Contract Tower,75,9,2,0,86,0,0,62,0,62,75,9,64,0,148,42,0,42,190
03/28/2016,GUM,GU,AWP,WE,Federal Contract Tower,62,13,11,0,86,0,0,64,0,64,62,13,75,0,150,84,0,84,234
03/29/2016,GUM,GU,AWP,WE,Federal Contract Tower,57,12,11,0,80,0,0,58,0,58,57,12,69,0,138,56,0,56,194
03/30/2016,GUM,GU,AWP,WE,Federal Contract Tower,60,14,8,0,82,0,0,65,0,65,60,14,73,0,147,73,0,73,220
03/31/2016,GUM,GU,AWP,WE,Federal Contract Tower,64,12,7,0,83,0,0,70,0,70,64,12,77,0,153,80,0,80,233
04/01/2016,GUM,GU,AWP,WE,Federal Contract Tower,66,12,9,0,87,0,0,56,0,56,66,12,65,0,143,48,0,48,191
04/02/2016,GUM,GU,AWP,WE,Federal Contract Tower,54,10,8,0,72,0,0,62,0,62,54,10,70,0,134,78,0,78,212
04/03/2016,GUM,GU,AWP,WE,Federal Contract Tower,70,12,1,0,83,0,0,54,0,54,70,12,55,0,137,38,0,38,175
04/04/2016,GUM,GU,AWP,WE,Federal Contract Tower,63,14,10,4,91,0,0,88,0,88,63,14,98,4,179,38,0,38,217
04/05/2016,GUM,GU,AWP,WE,Federal Contract Tower,58,12,7,0,77,0,0,62,0,62,58,12,69,0,139,46,0,46,185
04/06/2016,GUM,GU,AWP,WE,Federal Contract Tower,52,10,10,4,76,0,0,54,0,54,52,10,64,4,130,52,0,52,182
04/07/2016,GUM,GU,AWP,WE,Federal Contract Tower,62,10,10,1,83,0,0,66,7,73,62,10,76,8,156,48,0,48,204
04/08/2016,GUM,GU,AWP,WE,Federal Contract Tower,62,10,11,0,83,0,0,51,0,51,62,10,62,0,134,56,0,56,190
04/09/2016,GUM,GU,AWP,WE,Federal Contract Tower,51,10,6,0,67,0,0,68,0,68,51,10,74,0,135,76,0,76,211
04/10/2016,GUM,GU,AWP,WE,Federal Contract Tower,71,10,10,0,91,0,0,46,0,46,71,10,56,0,137,56,0,56,193
04/11/2016,GUM,GU,AWP,WE,Federal Contract Tower,58,10,9,0,77,0,0,64,0,64,58,10,73,0,141,28,0,28,169
04/12/2016,GUM,GU,AWP,WE,Federal Contract Tower,56,14,11,0,81,0,0,78,0,78,56,14,89,0,159,32,0,32,191
04/13/2016,GUM,GU,AWP,WE,Federal Contract Tower,53,10,10,0,73,0,0,84,0,84,53,10,94,0,157,80,0,80,237
04/14/2016,GUM,GU,AWP,WE,Federal Contract Tower,63,12,6,1,82,0,0,69,0,69,63,12,75,1,151,102,2,104,255
04/15/2016,GUM,GU,AWP,WE,Federal Contract Tower,60,12,6,0,78,0,0,66,0,66,60,12,72,0,144,62,0,62,206
04/16/2016,GUM,GU,AWP,WE,Federal Contract Tower,55,11,5,0,71,0,0,45,0,45,55,11,50,0,116,52,0,52,168
04/17/2016,GUM,GU,AWP,WE,Federal Contract Tower,71,10,1,1,83,0,0,49,0,49,71,10,50,1,132,36,0,36,168
04/18/2016,GUM,GU,AWP,WE,Federal Contract Tower,62,14,4,0,80,0,0,52,0,52,62,14,56,0,132,36,0,36,168
04/19/2016,GUM,GU,AWP,WE,Federal Contract Tower,55,12,6,0,73,0,0,52,0,52,55,12,58,0,125,6,0,6,131
04/20/2016,GUM,GU,AWP,WE,Federal Contract Tower,54,14,5,0,73,0,0,62,0,62,54,14,67,0,135,46,0,46,181
04/21/2016,GUM,GU,AWP,WE,Federal Contract Tower,64,10,5,3,82,0,0,70,12,82,64,10,75,15,164,10,0,10,174
04/22/2016,GUM,GU,AWP,WE,Federal Contract Tower,61,16,9,0,86,0,2,64,0,66,61,18,73,0,152,24,0,24,176
04/23/2016,GUM,GU,AWP,WE,Federal Contract Tower,53,17,1,0,71,0,0,70,0,70,53,17,71,0,141,38,0,38,179
04/24/2016,GUM,GU,AWP,WE,Federal Contract Tower,71,18,2,0,91,0,0,34,0,34,71,18,36,0,125,30,0,30,155
04/25/2016,GUM,GU,AWP,WE,Federal Contract Tower,54,14,21,6,95,0,0,58,0,58,54,14,79,6,153,28,0,28,181
04/26/2016,GUM,GU,AWP,WE,Federal Contract Tower,54,12,6,0,72,0,0,58,0,58,54,12,64,0,130,22,0,22,152
04/27/2016,GUM,GU,AWP,WE,Federal Contract Tower,55,22,4,0,81,0,0,52,0,52,55,22,56,0,133,47,0,47,180
04/28/2016,GUM,GU,AWP,WE,Federal Contract Tower,60,17,4,0,81,0,0,71,10,81,60,17,75,10,162,40,0,40,202
04/29/2016,GUM,GU,AWP,WE,Federal Contract Tower,67,14,2,0,83,0,0,70,0,70,67,14,72,0,153,18,0,18,171
04/30/2016,GUM,GU,AWP,WE,Federal Contract Tower,57,10,5,0,72,0,0,68,0,68,57,10,73,0,140,36,0,36,176
05/01/2016,GUM,GU,AWP,WE,Federal Contract Tower,83,18,2,0,103,0,0,82,0,82,83,18,84,0,185,82,0,82,267
05/02/2016,GUM,GU,AWP,WE,Federal Contract Tower,69,21,6,0,96,0,0,92,0,92,69,21,98,0,188,64,0,64,252
05/03/2016,GUM,GU,AWP,WE,Federal Contract Tower,61,14,6,0,81,0,0,90,0,90,61,14,96,0,171,70,0,70,241
05/04/2016,GUM,GU,AWP,WE,Federal Contract Tower,65,14,8,0,87,0,0,90,0,90,65,14,98,0,177,58,0,58,235
05/05/2016,GUM,GU,AWP,WE,Federal Contract Tower,75,12,6,0,93,0,0,86,0,86,75,12,92,0,179,50,0,50,229
05/06/2016,GUM,GU,AWP,WE,Federal Contract Tower,65,14,6,0,85,0,0,80,0,80,65,14,86,0,165,40,0,40,205
05/07/2016,GUM,GU,AWP,WE,Federal Contract Tower,62,12,5,0,79,0,0,82,0,82,62,12,87,0,161,66,0,66,227
05/08/2016,GUM,GU,AWP,WE,Federal Contract Tower,83,10,3,0,96,0,0,50,0,50,83,10,53,0,146,78,0,78,224
05/09/2016,GUM,GU,AWP,WE,Federal Contract Tower,59,16,12,0,87,0,0,50,0,50,59,16,62,0,137,48,0,48,185
05/10/2016,GUM,GU,AWP,WE,Federal Contract Tower,57,10,5,0,72,0,0,0,0,0,57,10,5,0,72,30,0,30,102
05/11/2016,GUM,GU,AWP,WE,Federal Contract Tower,54,12,6,0,72,0,0,72,0,72,54,12,78,0,144,38,0,38,182
05/12/2016,GUM,GU,AWP,WE,Federal Contract Tower,64,12,4,0,80,78,0,0,0,78,142,12,4,0,158,64,0,64,222
05/13/2016,GUM,GU,AWP,WE,Federal Contract Tower,62,12,7,0,81,0,0,52,0,52,62,12,59,0,133,26,0,26,159
05/14/2016,GUM,GU,AWP,WE,Federal Contract Tower,54,10,5,1,70,0,0,90,0,90,54,10,95,1,160,76,0,76,236
05/15/2016,GUM,GU,AWP,WE,Federal Contract Tower,73,13,1,1,88,0,0,70,0,70,73,13,71,1,158,102,0,102,260
05/16/2016,GUM,GU,AWP,WE,Federal Contract Tower,59,12,7,0,78,0,0,50,0,50,59,12,57,0,128,104,0,104,232
05/17/2016,GUM,GU,AWP,WE,Federal Contract Tower,57,14,6,0,77,0,0,67,0,67,57,14,73,0,144,94,0,94,238
05/18/2016,GUM,GU,AWP,WE,Federal Contract Tower,54,8,4,0,66,0,0,64,0,64,54,8,68,0,130,92,2,94,224
05/19/2016,GUM,GU,AWP,WE,Federal Contract Tower,69,10,6,0,85,0,0,80,0,80,69,10,86,0,165,124,0,124,289
05/20/2016,GUM,GU,AWP,WE,Federal Contract Tower,64,12,2,0,78,0,0,84,0,84,64,12,86,0,162,104,0,104,266
05/21/2016,GUM,GU,AWP,WE,Federal Contract Tower,57,12,3,0,72,0,0,73,0,73,57,12,76,0,145,114,0,114,259
05/22/2016,GUM,GU,AWP,WE,Federal Contract Tower,73,10,1,0,84,0,0,62,0,62,73,10,63,0,146,110,0,110,256
05/23/2016,GUM,GU,AWP,WE,Federal Contract Tower,58,10,6,2,76,0,0,76,0,76,58,10,82,2,152,154,0,154,306
05/24/2016,GUM,GU,AWP,WE,Federal Contract Tower,59,14,5,0,78,0,0,72,0,72,59,14,77,0,150,70,0,70,220
05/25/2016,GUM,GU,AWP,WE,Federal Contract Tower,56,19,13,0,88,0,0,65,0,65,56,19,78,0,153,86,2,88,241
05/26/2016,GUM,GU,AWP,WE,Federal Contract Tower,60,17,12,0,89,0,0,58,0,58,60,17,70,0,147,82,6,88,235
05/27/2016,GUM,GU,AWP,WE,Federal Contract Tower,65,13,7,0,85,0,0,67,0,67,65,13,74,0,152,78,0,78,230
05/28/2016,GUM,GU,AWP,WE,Federal Contract Tower,60,18,2,2,82,0,0,30,0,30,60,18,32,2,112,84,0,84,196
05/29/2016,GUM,GU,AWP,WE,Federal Contract Tower,78,10,16,0,104,0,0,36,0,36,78,10,52,0,140,108,0,108,248
05/30/2016,GUM,GU,AWP,WE,Federal Contract Tower,62,12,15,0,89,0,0,68,0,68,62,12,83,0,157,74,0,74,231
05/31/2016,GUM,GU,AWP,WE,Federal Contract Tower,59,16,7,0,82,0,0,55,0,55,59,16,62,0,137,14,0,14,151
06/01/2016,GUM,GU,AWP,WE,Federal Contract Tower,56,18,12,0,86,0,0,52,0,52,56,18,64,0,138,35,0,35,173
06/02/2016,GUM,GU,AWP,WE,Federal Contract Tower,61,14,12,0,87,0,0,59,9,68,61,14,71,9,155,33,0,33,188
06/03/2016,GUM,GU,AWP,WE,Federal Contract Tower,65,10,17,0,92,0,0,51,0,51,65,10,68,0,143,88,0,88,231
06/04/2016,GUM,GU,AWP,WE,Federal Contract Tower,54,12,6,0,72,0,0,76,0,76,54,12,82,0,148,124,0,124,272
06/05/2016,GUM,GU,AWP,WE,Federal Contract Tower,78,12,5,0,95,0,0,68,0,68,78,12,73,0,163,92,0,92,255
06/06/2016,GUM,GU,AWP,WE,Federal Contract Tower,63,11,19,0,93,0,0,58,0,58,63,11,77,0,151,94,0,94,245
06/07/2016,GUM,GU,AWP,WE,Federal Contract Tower,59,20,17,1,97,0,0,83,11,94,59,20,100,12,191,62,0,62,253
06/08/2016,GUM,GU,AWP,WE,Federal Contract Tower,56,20,16,0,92,0,0,98,10,108,56,20,114,10,200,24,0,24,224
06/09/2016,GUM,GU,AWP,WE,Federal Contract Tower,61,20,10,0,91,0,0,104,12,116,61,20,114,12,207,62,0,62,269
06/10/2016,GUM,GU,AWP,WE,Federal Contract Tower,64,13,9,1,87,0,0,66,6,72,64,13,75,7,159,22,0,22,181
06/11/2016,GUM,GU,AWP,WE,Federal Contract Tower,53,9,6,0,68,0,0,92,0,92,53,9,98,0,160,44,0,44,204
06/12/2016,GUM,GU,AWP,WE,Federal Contract Tower,73,13,8,1,95,0,0,58,0,58,73,13,66,1,153,30,0,30,183
06/13/2016,GUM,GU,AWP,WE,Federal Contract Tower,61,14,8,1,84,0,0,56,0,56,61,14,64,1,140,26,0,26,166
06/14/2016,GUM,GU,AWP,WE,Federal Contract Tower,64,12,7,0,83,0,0,76,6,82,64,12,83,6,165,80,0,80,245
06/15/2016,GUM,GU,AWP,WE,Federal Contract Tower,62,22,6,0,90,0,0,82,0,82,62,22,88,0,172,98,0,98,270
06/16/2016,GUM,GU,AWP,WE,Federal Contract Tower,69,11,7,0,87,0,0,88,26,114,69,11,95,26,201,87,0,87,288
06/17/2016,GUM,GU,AWP,WE,Federal Contract Tower,66,14,11,0,91,0,0,67,0,67,66,14,78,0,158,64,0,64,222
06/18/2016,GUM,GU,AWP,WE,Federal Contract Tower,56,10,11,0,77,0,0,68,0,68,56,10,79,0,145,98,0,98,243
06/19/2016,GUM,GU,AWP,WE,Federal Contract Tower,75,10,5,0,90,0,0,44,0,44,75,10,49,0,134,104,0,104,238
06/20/2016,GUM,GU,AWP,WE,Federal Contract Tower,62,16,7,0,85,0,0,82,0,82,62,16,89,0,167,126,0,126,293
06/21/2016,GUM,GU,AWP,WE,Federal Contract Tower,56,26,10,0,92,0,0,26,0,26,56,26,36,0,118,86,0,86,204
06/22/2016,GUM,GU,AWP,WE,Federal Contract Tower,57,19,11,0,87,0,0,106,0,106,57,19,117,0,193,132,0,132,325
06/23/2016,GUM,GU,AWP,WE,Federal Contract Tower,65,9,15,0,89,0,0,95,15,110,65,9,110,15,199,57,0,57,256
06/24/2016,GUM,GU,AWP,WE,Federal Contract Tower,63,12,11,0,86,0,0,97,0,97,63,12,108,0,183,44,0,44,227
06/25/2016,GUM,GU,AWP,WE,Federal Contract Tower,57,11,12,0,80,0,0,78,0,78,57,11,90,0,158,44,0,44,202
06/26/2016,GUM,GU,AWP,WE,Federal Contract Tower,74,12,12,0,98,0,2,54,0,56,74,14,66,0,154,30,0,30,184
06/27/2016,GUM,GU,AWP,WE,Federal Contract Tower,62,16,7,13,98,0,0,88,5,93,62,16,95,18,191,46,0,46,237
06/28/2016,GUM,GU,AWP,WE,Federal Contract Tower,57,12,10,0,79,0,0,84,1,85,57,12,94,1,164,28,0,28,192
06/29/2016,GUM,GU,AWP,WE,Federal Contract Tower,58,15,12,0,85,0,0,78,14,92,58,15,90,14,177,44,0,44,221
06/30/2016,GUM,GU,AWP,WE,Federal Contract Tower,67,11,9,0,87,0,0,68,12,80,67,11,77,12,167,48,0,48,215
07/01/2016,GUM,GU,AWP,WE,Federal Contract Tower,64,16,8,0,88,0,0,60,0,60,64,16,68,0,148,40,0,40,188
07/02/2016,GUM,GU,AWP,WE,Federal Contract Tower,57,22,2,0,81,0,0,94,0,94,57,22,96,0,175,56,0,56,231
07/03/2016,GUM,GU,AWP,WE,Federal Contract Tower,71,11,9,5,96,0,0,79,2,81,71,11,88,7,177,52,0,52,229
07/04/2016,GUM,GU,AWP,WE,Federal Contract Tower,61,12,12,0,85,0,0,23,0,23,61,12,35,0,108,58,0,58,166
07/05/2016,GUM,GU,AWP,WE,Federal Contract Tower,55,18,14,0,87,0,0,72,0,72,55,18,86,0,159,68,0,68,227
07/06/2016,GUM,GU,AWP,WE,Federal Contract Tower,53,18,11,0,82,0,0,90,0,90,53,18,101,0,172,70,4,74,246
07/07/2016,GUM,GU,AWP,WE,Federal Contract Tower,60,18,11,1,90,0,0,90,0,90,60,18,101,1,180,18,0,18,198
07/08/2016,GUM,GU,AWP,WE,Federal Contract Tower,64,12,16,0,92,0,0,72,0,72,64,12,88,0,164,66,0,66,230
07/09/2016,GUM,GU,AWP,WE,Federal Contract Tower,58,15,5,0,78,0,0,88,0,88,58,15,93,0,166,40,0,40,206
07/10/2016,GUM,GU,AWP,WE,Federal Contract Tower,71,14,2,0,87,0,0,55,0,55,71,14,57,0,142,80,0,80,222
07/11/2016,GUM,GU,AWP,WE,Federal Contract Tower,61,14,12,3,90,0,0,62,0,62,61,14,74,3,152,74,0,74,226
07/12/2016,GUM,GU,AWP,WE,Federal Contract Tower,56,12,8,0,76,0,0,73,8,81,56,12,81,8,157,30,0,30,187
07/13/2016,GUM,GU,AWP,WE,Federal Contract Tower,54,21,13,0,88,0,0,32,0,32,54,21,45,0,120,10,2,12,132
07/14/2016,GUM,GU,AWP,WE,Federal Contract Tower,64,15,9,2,90,0,0,48,0,48,64,15,57,2,138,78,0,78,216
07/15/2016,GUM,GU,AWP,WE,Federal Contract Tower,64,12,17,0,93,0,0,85,0,85,64,12,102,0,178,79,0,79,257
07/16/2016,GUM,GU,AWP,WE,Federal Contract Tower,59,10,14,0,83,0,0,92,0,92,59,10,106,0,175,56,0,56,231
07/17/2016,GUM,GU,AWP,WE,Federal Contract Tower,72,16,15,0,103,0,1,69,0,70,72,17,84,0,173,62,0,62,235
07/18/2016,GUM,GU,AWP,WE,Federal Contract Tower,62,14,18,1,95,0,0,62,1,63,62,14,80,2,158,30,0,30,188
07/19/2016,GUM,GU,AWP,WE,Federal Contract Tower,53,11,16,0,80,0,0,59,2,61,53,11,75,2,141,44,0,44,185
07/20/2016,GUM,GU,AWP,WE,Federal Contract Tower,57,10,28,0,95,0,0,54,0,54,57,10,82,0,149,66,0,66,215
07/21/2016,GUM,GU,AWP,WE,Federal Contract Tower,63,14,9,0,86,0,0,61,0,61,63,14,70,0,147,58,0,58,205
07/22/2016,GUM,GU,AWP,WE,Federal Contract Tower,62,12,12,0,86,0,0,86,0,86,62,12,98,0,172,76,0,76,248
07/23/2016,GUM,GU,AWP,WE,Federal Contract Tower,58,11,11,0,80,0,0,118,6,124,58,11,129,6,204,68,0,68,272
07/24/2016,GUM,GU,AWP,WE,Federal Contract Tower,76,13,9,0,98,0,0,82,0,82,76,13,91,0,180,44,4,48,228
07/25/2016,GUM,GU,AWP,WE,Federal Contract Tower,62,14,6,0,82,0,0,80,0,80,62,14,86,0,162,22,0,22,184
07/26/2016,GUM,GU,AWP,WE,Federal Contract Tower,61,15,13,0,89,0,0,62,0,62,61,15,75,0,151,29,0,29,180
07/27/2016,GUM,GU,AWP,WE,Federal Contract Tower,58,11,10,0,79,0,0,61,0,61,58,11,71,0,140,20,2,22,162
07/28/2016,GUM,GU,AWP,WE,Federal Contract Tower,65,11,11,0,87,0,0,80,0,80,65,11,91,0,167,54,0,54,221
07/29/2016,GUM,GU,AWP,WE,Federal Contract Tower,63,17,7,0,87,0,0,73,4,77,63,17,80,4,164,24,0,24,188
07/30/2016,GUM,GU,AWP,WE,Federal Contract Tower,59,16,2,0,77,0,0,78,0,78,59,16,80,0,155,64,0,64,219
07/31/2016,GUM,GU,AWP,WE,Federal Contract Tower,76,11,9,0,96,0,0,62,0,62,76,11,71,0,158,32,0,32,190
08/01/2016,GUM,GU,AWP,WE,Federal Contract Tower,66,18,9,3,96,0,0,64,1,65,66,18,73,4,161,32,0,32,193
08/02/2016,GUM,GU,AWP,WE,Federal Contract Tower,61,17,9,0,87,0,0,38,0,38,61,17,47,0,125,26,0,26,151
08/03/2016,GUM,GU,AWP,WE,Federal Contract Tower,57,15,9,0,81,0,0,34,0,34,57,15,43,0,115,20,0,20,135
08/04/2016,GUM,GU,AWP,WE,Federal Contract Tower,65,14,12,0,91,0,0,10,0,10,65,14,22,0,101,18,0,18,119
08/05/2016,GUM,GU,AWP,WE,Federal Contract Tower,63,16,14,0,93,0,0,82,0,82,63,16,96,0,175,26,0,26,201
08/06/2016,GUM,GU,AWP,WE,Federal Contract Tower,65,11,10,0,86,0,0,78,0,78,65,11,88,0,164,50,0,50,214
08/07/2016,GUM,GU,AWP,WE,Federal Contract Tower,78,12,6,0,96,0,0,58,0,58,78,12,64,0,154,92,0,92,246
08/08/2016,GUM,GU,AWP,WE,Federal Contract Tower,69,18,6,0,93,0,0,70,0,70,69,18,76,0,163,122,0,122,285
08/09/2016,GUM,GU,AWP,WE,Federal Contract Tower,70,18,6,0,94,0,0,80,0,80,70,18,86,0,174,144,0,144,318
08/10/2016,GUM,GU,AWP,WE,Federal Contract Tower,76,15,12,0,103,0,0,90,0,90,76,15,102,0,193,92,0,92,285
08/11/2016,GUM,GU,AWP,WE,Federal Contract Tower,77,12,4,0,93,0,0,79,0,79,77,12,83,0,172,78,0,78,250
08/12/2016,GUM,GU,AWP,WE,Federal Contract Tower,80,16,12,0,108,0,0,94,0,94,80,16,106,0,202,88,0,88,290
08/13/2016,GUM,GU,AWP,WE,Federal Contract Tower,69,13,2,0,84,0,0,70,0,70,69,13,72,0,154,76,0,76,230
08/14/2016,GUM,GU,AWP,WE,Federal Contract Tower,84,9,8,0,101,0,0,78,0,78,84,9,86,0,179,62,0,62,241
08/15/2016,GUM,GU,AWP,WE,Federal Contract Tower,78,15,16,0,109,0,0,68,0,68,78,15,84,0,177,20,0,20,197
08/16/2016,GUM,GU,AWP,WE,Federal Contract Tower,64,18,13,0,95,0,0,64,0,64,64,18,77,0,159,50,0,50,209
08/17/2016,GUM,GU,AWP,WE,Federal Contract Tower,66,14,14,0,94,0,0,74,0,74,66,14,88,0,168,46,0,46,214
08/18/2016,GUM,GU,AWP,WE,Federal Contract Tower,70,10,13,0,93,0,0,56,0,56,70,10,69,0,149,22,0,22,171
08/19/2016,GUM,GU,AWP,WE,Federal Contract Tower,72,10,16,0,98,0,0,98,0,98,72,10,114,0,196,80,0,80,276
08/20/2016,GUM,GU,AWP,WE,Federal Contract Tower,64,14,6,0,84,0,0,62,0,62,64,14,68,0,146,46,0,46,192
08/21/2016,GUM,GU,AWP,WE,Federal Contract Tower,83,17,5,0,105,0,0,72,0,72,83,17,77,0,177,66,0,66,243
08/22/2016,GUM,GU,AWP,WE,Federal Contract Tower,58,11,19,0,88,0,0,66,0,66,58,11,85,0,154,34,0,34,188
08/23/2016,GUM,GU,AWP,WE,Federal Contract Tower,71,9,19,0,99,0,0,70,0,70,71,9,89,0,169,34,0,34,203
08/24/2016,GUM,GU,AWP,WE,Federal Contract Tower,67,15,8,0,90,0,0,82,0,82,67,15,90,0,172,28,0,28,200
08/25/2016,GUM,GU,AWP,WE,Federal Contract Tower,71,14,8,0,93,0,0,75,0,75,71,14,83,0,168,48,0,48,216
08/26/2016,GUM,GU,AWP,WE,Federal Contract Tower,71,11,14,0,96,0,0,91,0,91,71,11,105,0,187,40,0,40,227
08/27/2016,GUM,GU,AWP,WE,Federal Contract Tower,62,10,8,0,80,0,0,64,0,64,62,10,72,0,144,46,0,46,190
08/28/2016,GUM,GU,AWP,WE,Federal Contract Tower,78,14,4,0,96,0,0,42,0,42,78,14,46,0,138,82,0,82,220
08/29/2016,GUM,GU,AWP,WE,Federal Contract Tower,68,15,11,0,94,0,0,72,0,72,68,15,83,0,166,80,0,80,246
08/30/2016,GUM,GU,AWP,WE,Federal Contract Tower,60,11,8,0,79,0,0,74,10,84,60,11,82,10,163,46,0,46,209
08/31/2016,GUM,GU,AWP,WE,Federal Contract Tower,56,11,13,0,80,0,0,86,0,86,56,11,99,0,166,96,0,96,262
09/01/2016,GUM,GU,AWP,WE,Federal Contract Tower,65,10,16,4,95,0,0,66,0,66,65,10,82,4,161,98,0,98,259
09/02/2016,GUM,GU,AWP,WE,Federal Contract Tower,66,14,12,0,92,0,0,73,0,73,66,14,85,0,165,90,0,90,255
09/03/2016,GUM,GU,AWP,WE,Federal Contract Tower,59,14,4,0,77,0,0,91,0,91,59,14,95,0,168,82,0,82,250
09/05/2016,GUM,GU,AWP,WE,Federal Contract Tower,71,10,16,0,97,0,0,68,0,68,71,10,84,0,165,26,0,26,191
09/06/2016,GUM,GU,AWP,WE,Federal Contract Tower,61,11,12,0,84,0,0,68,0,68,61,11,80,0,152,32,0,32,184
09/07/2016,GUM,GU,AWP,WE,Federal Contract Tower,61,15,18,1,95,0,0,12,0,12,61,15,30,1,107,22,0,22,129
09/08/2016,GUM,GU,AWP,WE,Federal Contract Tower,63,11,12,1,87,0,0,79,0,79,63,11,91,1,166,52,0,52,218
09/09/2016,GUM,GU,AWP,WE,Federal Contract Tower,70,10,14,3,97,0,0,67,0,67,70,10,81,3,164,4,0,4,168
09/10/2016,GUM,GU,AWP,WE,Federal Contract Tower,58,10,5,0,73,0,0,78,0,78,58,10,83,0,151,50,0,50,201
09/11/2016,GUM,GU,AWP,WE,Federal Contract Tower,77,11,7,0,95,0,0,66,0,66,77,11,73,0,161,36,0,36,197
09/12/2016,GUM,GU,AWP,WE,Federal Contract Tower,69,10,19,0,98,0,0,30,0,30,69,10,49,0,128,22,0,22,150
09/13/2016,GUM,GU,AWP,WE,Federal Contract Tower,58,10,12,0,80,0,0,0,0,0,58,10,12,0,80,44,0,44,124
09/14/2016,GUM,GU,AWP,WE,Federal Contract Tower,63,10,8,1,82,0,0,68,1,69,63,10,76,2,151,16,0,16,167
09/15/2016,GUM,GU,AWP,WE,Federal Contract Tower,66,10,11,0,87,0,0,83,0,83,66,10,94,0,170,16,0,16,186
09/16/2016,GUM,GU,AWP,WE,Federal Contract Tower,72,10,5,0,87,0,0,83,0,83,72,10,88,0,170,58,0,58,228
09/17/2016,GUM,GU,AWP,WE,Federal Contract Tower,63,11,5,0,79,0,0,80,0,80,63,11,85,0,159,38,0,38,197
09/18/2016,GUM,GU,AWP,WE,Federal Contract Tower,79,10,4,0,93,0,0,70,0,70,79,10,74,0,163,78,0,78,241
09/19/2016,GUM,GU,AWP,WE,Federal Contract Tower,65,10,14,14,103,0,0,58,0,58,65,10,72,14,161,92,14,106,267
09/20/2016,GUM,GU,AWP,WE,Federal Contract Tower,58,10,2,0,70,0,0,60,16,76,58,10,62,16,146,119,0,119,265
09/21/2016,GUM,GU,AWP,WE,Federal Contract Tower,60,8,13,0,81,0,0,66,0,66,60,8,79,0,147,118,0,118,265
09/22/2016,GUM,GU,AWP,WE,Federal Contract Tower,68,6,13,0,87,0,0,42,0,42,68,6,55,0,129,66,0,66,195
09/23/2016,GUM,GU,AWP,WE,Federal Contract Tower,71,10,19,0,100,0,0,37,0,37,71,10,56,0,137,50,0,50,187
09/24/2016,GUM,GU,AWP,WE,Federal Contract Tower,59,10,4,0,73,0,0,73,0,73,59,10,77,0,146,56,0,56,202
09/25/2016,GUM,GU,AWP,WE,Federal Contract Tower,79,12,7,0,98,0,0,64,0,64,79,12,71,0,162,44,0,44,206
09/26/2016,GUM,GU,AWP,WE,Federal Contract Tower,64,10,15,0,89,0,0,84,0,84,64,10,99,0,173,32,0,32,205
09/27/2016,GUM,GU,AWP,WE,Federal Contract Tower,51,11,5,0,67,0,0,60,17,77,51,11,65,17,144,38,0,38,182
09/28/2016,GUM,GU,AWP,WE,Federal Contract Tower,60,10,16,0,86,0,0,64,1,65,60,10,80,1,151,18,0,18,169
09/29/2016,GUM,GU,AWP,WE,Federal Contract Tower,63,11,12,0,86,0,0,64,0,64,63,11,76,0,150,32,0,32,182
09/30/2016,GUM,GU,AWP,WE,Federal Contract Tower,63,11,15,0,89,0,0,55,0,55,63,11,70,0,144,26,0,26,170
10/01/2016,GUM,GU,AWP,WE,Federal Contract Tower,54,10,14,0,78,0,0,98,0,98,54,10,112,0,176,90,0,90,266
10/02/2016,GUM,GU,AWP,WE,Federal Contract Tower,72,9,9,0,90,0,0,54,0,54,72,9,63,0,144,38,0,38,182
10/03/2016,GUM,GU,AWP,WE,Federal Contract Tower,64,11,17,0,92,0,0,87,0,87,64,11,104,0,179,38,0,38,217
10/04/2016,GUM,GU,AWP,WE,Federal Contract Tower,57,10,6,0,73,0,0,110,12,122,57,10,116,12,195,46,0,46,241
10/05/2016,GUM,GU,AWP,WE,Federal Contract Tower,58,11,9,0,78,0,0,88,6,94,58,11,97,6,172,54,0,54,226
10/06/2016,GUM,GU,AWP,WE,Federal Contract Tower,64,10,2,1,77,0,0,85,0,85,64,10,87,1,162,56,0,56,218
10/07/2016,GUM,GU,AWP,WE,Federal Contract Tower,63,11,12,0,86,0,0,92,0,92,63,11,104,0,178,55,0,55,233
10/08/2016,GUM,GU,AWP,WE,Federal Contract Tower,56,10,6,0,72,0,0,80,0,80,56,10,86,0,152,60,0,60,212
10/09/2016,GUM,GU,AWP,WE,Federal Contract Tower,67,10,5,0,82,0,0,58,0,58,67,10,63,0,140,68,0,68,208
10/10/2016,GUM,GU,AWP,WE,Federal Contract Tower,60,10,13,0,83,0,0,62,0,62,60,10,75,0,145,28,0,28,173
10/11/2016,GUM,GU,AWP,WE,Federal Contract Tower,55,10,7,0,72,0,0,58,10,68,55,10,65,10,140,50,0,50,190
10/12/2016,GUM,GU,AWP,WE,Federal Contract Tower,55,10,9,0,74,0,0,61,4,65,55,10,70,4,139,25,0,25,164
10/13/2016,GUM,GU,AWP,WE,Federal Contract Tower,66,10,8,4,88,0,0,88,3,91,66,10,96,7,179,70,18,88,267
10/14/2016,GUM,GU,AWP,WE,Federal Contract Tower,67,10,9,0,86,0,0,58,0,58,67,10,67,0,144,34,0,34,178
10/15/2016,GUM,GU,AWP,WE,Federal Contract Tower,58,10,4,2,74,0,0,53,0,53,58,10,57,2,127,45,0,45,172
10/16/2016,GUM,GU,AWP,WE,Federal Contract Tower,70,10,2,0,82,0,1,48,0,49,70,11,50,0,131,28,0,28,159
10/17/2016,GUM,GU,AWP,WE,Federal Contract Tower,63,10,6,4,83,0,0,50,0,50,63,10,56,4,133,56,0,56,189
10/18/2016,GUM,GU,AWP,WE,Federal Contract Tower,53,10,8,0,71,0,0,60,0,60,53,10,68,0,131,28,0,28,159
10/19/2016,GUM,GU,AWP,WE,Federal Contract Tower,55,10,6,0,71,0,0,63,4,67,55,10,69,4,138,14,0,14,152
10/20/2016,GUM,GU,AWP,WE,Federal Contract Tower,61,8,8,1,78,0,0,80,0,80,61,8,88,1,158,58,0,58,216
10/21/2016,GUM,GU,AWP,WE,Federal Contract Tower,65,10,6,0,81,0,0,68,4,72,65,10,74,4,153,38,0,38,191
10/22/2016,GUM,GU,AWP,WE,Federal Contract Tower,55,7,5,0,67,0,0,90,0,90,55,7,95,0,157,14,2,16,173
10/24/2016,GUM,GU,AWP,WE,Federal Contract Tower,67,10,19,0,96,0,0,83,16,99,67,10,102,16,195,38,0,38,233
10/25/2016,GUM,GU,AWP,WE,Federal Contract Tower,56,10,20,1,87,0,0,74,1,75,56,10,94,2,162,19,0,19,181
10/26/2016,GUM,GU,AWP,WE,Federal Contract Tower,58,10,14,1,83,0,0,68,1,69,58,10,82,2,152,78,18,96,248
10/27/2016,GUM,GU,AWP,WE,Federal Contract Tower,64,8,9,2,83,0,0,64,0,64,64,8,73,2,147,67,20,87,234
10/28/2016,GUM,GU,AWP,WE,Federal Contract Tower,64,10,14,1,89,0,0,80,0,80,64,10,94,1,169,70,0,70,239
10/29/2016,GUM,GU,AWP,WE,Federal Contract Tower,54,16,4,0,74,0,0,74,0,74,54,16,78,0,148,50,0,50,198
10/30/2016,GUM,GU,AWP,WE,Federal Contract Tower,71,12,4,0,87,0,0,78,0,78,71,12,82,0,165,32,0,32,197
10/31/2016,GUM,GU,AWP,WE,Federal Contract Tower,62,10,8,1,81,0,0,54,1,55,62,10,62,2,136,14,0,14,150
11/01/2016,GUM,GU,AWP,WE,Federal Contract Tower,54,10,13,9,86,0,0,88,16,104,54,10,101,25,190,40,0,40,230
11/02/2016,GUM,GU,AWP,WE,Federal Contract Tower,59,10,10,6,85,0,0,58,0,58,59,10,68,6,143,34,0,34,177
11/03/2016,GUM,GU,AWP,WE,Federal Contract Tower,62,10,8,2,82,0,0,48,0,48,62,10,56,2,130,15,0,15,145
11/04/2016,GUM,GU,AWP,WE,Federal Contract Tower,68,9,15,2,94,0,0,44,0,44,68,9,59,2,138,22,0,22,160
11/05/2016,GUM,GU,AWP,WE,Federal Contract Tower,60,10,2,0,72,0,0,78,0,78,60,10,80,0,150,30,0,30,180
11/06/2016,GUM,GU,AWP,WE,Federal Contract Tower,70,10,6,0,86,0,0,52,0,52,70,10,58,0,138,38,0,38,176
11/07/2016,GUM,GU,AWP,WE,Federal Contract Tower,61,16,7,0,84,0,0,74,0,74,61,16,81,0,158,28,0,28,186
11/08/2016,GUM,GU,AWP,WE,Federal Contract Tower,56,10,10,0,76,0,0,91,0,91,56,10,101,0,167,70,0,70,237
11/09/2016,GUM,GU,AWP,WE,Federal Contract Tower,59,10,4,0,73,0,0,72,0,72,59,10,76,0,145,40,0,40,185
11/10/2016,GUM,GU,AWP,WE,Federal Contract Tower,64,10,6,2,82,0,0,84,0,84,64,10,90,2,166,45,0,45,211
11/11/2016,GUM,GU,AWP,WE,Federal Contract Tower,73,17,6,0,96,0,0,67,0,67,73,17,73,0,163,56,0,56,219
11/12/2016,GUM,GU,AWP,WE,Federal Contract Tower,59,10,4,0,73,0,0,52,0,52,59,10,56,0,125,26,0,26,151
11/13/2016,GUM,GU,AWP,WE,Federal Contract Tower,70,18,14,0,102,0,0,61,0,61,70,18,75,0,163,86,0,86,249
11/14/2016,GUM,GU,AWP,WE,Federal Contract Tower,68,10,16,6,100,0,0,78,0,78,68,10,94,6,178,82,0,82,260
11/15/2016,GUM,GU,AWP,WE,Federal Contract Tower,62,10,11,0,83,0,0,80,0,80,62,10,91,0,163,12,0,12,175
11/16/2016,GUM,GU,AWP,WE,Federal Contract Tower,64,10,6,0,80,0,0,82,20,102,64,10,88,20,182,76,0,76,258
11/17/2016,GUM,GU,AWP,WE,Federal Contract Tower,71,10,4,0,85,0,0,66,0,66,71,10,70,0,151,43,0,43,194
11/18/2016,GUM,GU,AWP,WE,Federal Contract Tower,68,10,10,16,104,0,0,79,0,79,68,10,89,16,183,56,0,56,239
11/19/2016,GUM,GU,AWP,WE,Federal Contract Tower,58,10,7,14,89,0,0,64,0,64,58,10,71,14,153,42,0,42,195
11/20/2016,GUM,GU,AWP,WE,Federal Contract Tower,75,10,6,0,91,0,0,66,0,66,75,10,72,0,157,48,0,48,205
11/21/2016,GUM,GU,AWP,WE,Federal Contract Tower,62,10,8,0,80,0,0,72,0,72,62,10,80,0,152,66,0,66,218
11/22/2016,GUM,GU,AWP,WE,Federal Contract Tower,60,10,14,0,84,0,0,72,0,72,60,10,86,0,156,76,0,76,232
11/23/2016,GUM,GU,AWP,WE,Federal Contract Tower,60,10,9,0,79,0,0,74,2,76,60,10,83,2,155,48,0,48,203
11/24/2016,GUM,GU,AWP,WE,Federal Contract Tower,65,10,8,0,83,0,0,74,0,74,65,10,82,0,157,102,0,102,259
11/25/2016,GUM,GU,AWP,WE,Federal Contract Tower,68,10,9,0,87,0,0,59,0,59,68,10,68,0,146,52,0,52,198
11/26/2016,GUM,GU,AWP,WE,Federal Contract Tower,55,9,2,2,68,0,0,58,0,58,55,9,60,2,126,64,0,64,190
11/27/2016,GUM,GU,AWP,WE,Federal Contract Tower,68,11,5,0,84,0,0,84,0,84,68,11,89,0,168,88,0,88,256
11/28/2016,GUM,GU,AWP,WE,Federal Contract Tower,58,10,10,0,78,0,0,74,0,74,58,10,84,0,152,74,0,74,226
11/29/2016,GUM,GU,AWP,WE,Federal Contract Tower,57,10,13,0,80,0,0,78,0,78,57,10,91,0,158,64,0,64,222
11/30/2016,GUM,GU,AWP,WE,Federal Contract Tower,56,10,10,2,78,0,0,85,24,109,56,10,95,26,187,80,0,80,267
12/01/2016,GUM,GU,AWP,WE,Federal Contract Tower,60,10,5,0,75,0,0,30,0,30,60,10,35,0,105,15,0,15,120
12/02/2016,GUM,GU,AWP,WE,Federal Contract Tower,65,10,9,0,84,0,0,60,0,60,65,10,69,0,144,16,0,16,160
12/03/2016,GUM,GU,AWP,WE,Federal Contract Tower,58,14,6,0,78,0,0,59,0,59,58,14,65,0,137,30,0,30,167
12/04/2016,GUM,GU,AWP,WE,Federal Contract Tower,71,12,1,0,84,0,0,62,2,64,71,12,63,2,148,16,0,16,164
12/05/2016,GUM,GU,AWP,WE,Federal Contract Tower,61,18,14,0,93,0,0,63,0,63,61,18,77,0,156,38,0,38,194
12/06/2016,GUM,GU,AWP,WE,Federal Contract Tower,61,8,14,0,83,0,0,66,0,66,61,8,80,0,149,30,0,30,179
12/07/2016,GUM,GU,AWP,WE,Federal Contract Tower,64,13,22,2,101,0,0,90,0,90,64,13,112,2,191,46,0,46,237
12/08/2016,GUM,GU,AWP,WE,Federal Contract Tower,65,19,9,0,93,0,0,56,2,58,65,19,65,2,151,52,0,52,203
12/09/2016,GUM,GU,AWP,WE,Federal Contract Tower,66,10,13,0,89,0,0,73,0,73,66,10,86,0,162,42,0,42,204
12/10/2016,GUM,GU,AWP,WE,Federal Contract Tower,60,10,8,0,78,0,0,70,0,70,60,10,78,0,148,81,0,81,229
12/11/2016,GUM,GU,AWP,WE,Federal Contract Tower,78,9,1,0,88,0,0,54,0,54,78,9,55,0,142,90,0,90,232
12/12/2016,GUM,GU,AWP,WE,Federal Contract Tower,84,10,8,0,102,0,0,0,0,0,84,10,8,0,102,0,0,0,102
12/13/2016,GUM,GU,AWP,WE,Federal Contract Tower,64,15,12,0,91,0,0,92,0,92,64,15,104,0,183,104,0,104,287
12/14/2016,GUM,GU,AWP,WE,Federal Contract Tower,64,10,14,2,90,0,0,56,0,56,64,10,70,2,146,108,0,108,254
12/15/2016,GUM,GU,AWP,WE,Federal Contract Tower,78,10,6,2,96,0,0,78,2,80,78,10,84,4,176,72,0,72,248
12/16/2016,GUM,GU,AWP,WE,Federal Contract Tower,70,10,12,0,92,0,0,72,0,72,70,10,84,0,164,74,0,74,238
12/17/2016,GUM,GU,AWP,WE,Federal Contract Tower,63,10,10,0,83,0,0,70,0,70,63,10,80,0,153,70,0,70,223
12/18/2016,GUM,GU,AWP,WE,Federal Contract Tower,86,10,4,0,100,0,0,68,0,68,86,10,72,0,168,6,0,6,174
12/19/2016,GUM,GU,AWP,WE,Federal Contract Tower,65,10,8,0,83,0,0,76,0,76,65,10,84,0,159,76,0,76,235
12/20/2016,GUM,GU,AWP,WE,Federal Contract Tower,63,10,12,0,85,0,0,86,0,86,63,10,98,0,171,4,0,4,175
12/21/2016,GUM,GU,AWP,WE,Federal Contract Tower,60,10,10,0,80,0,0,96,0,96,60,10,106,0,176,12,2,14,190
12/22/2016,GUM,GU,AWP,WE,Federal Contract Tower,71,10,10,0,91,0,0,86,0,86,71,10,96,0,177,20,0,20,197
12/23/2016,GUM,GU,AWP,WE,Federal Contract Tower,67,12,8,0,87,0,0,92,0,92,67,12,100,0,179,8,0,8,187
12/24/2016,GUM,GU,AWP,WE,Federal Contract Tower,67,16,6,0,89,0,0,74,0,74,67,16,80,0,163,18,0,18,181
12/25/2016,GUM,GU,AWP,WE,Federal Contract Tower,80,10,2,0,92,0,0,62,0,62,80,10,64,0,154,16,0,16,170
12/27/2016,GUM,GU,AWP,WE,Federal Contract Tower,64,18,15,0,97,0,0,88,0,88,64,18,103,0,185,34,0,34,219
12/28/2016,GUM,GU,AWP,WE,Federal Contract Tower,65,14,7,0,86,0,0,125,0,125,65,14,132,0,211,90,0,90,301
12/29/2016,GUM,GU,AWP,WE,Federal Contract Tower,70,24,6,0,100,0,0,124,0,124,70,24,130,0,224,74,0,74,298
12/30/2016,GUM,GU,AWP,WE,Federal Contract Tower,86,13,9,0,108,0,0,116,0,116,86,13,125,0,224,72,0,72,296
12/31/2016,GUM,GU,AWP,WE,Federal Contract Tower,76,22,9,0,107,0,0,128,0,128,76,22,137,0,235,72,0,72,307
01/01/2017,GUM,GU,AWP,WE,Federal Contract Tower,76,13,1,0,90,0,0,100,0,100,76,13,101,0,190,66,0,66,256
01/02/2017,GUM,GU,AWP,WE,Federal Contract Tower,80,12,9,0,101,0,0,100,0,100,80,12,109,0,201,40,0,40,241
01/03/2017,GUM,GU,AWP,WE,Federal Contract Tower,77,12,4,0,93,0,0,84,0,84,77,12,88,0,177,70,0,70,247
01/04/2017,GUM,GU,AWP,WE,Federal Contract Tower,68,14,9,2,93,0,0,71,0,71,68,14,80,2,164,59,2,61,225
01/05/2017,GUM,GU,AWP,WE,Federal Contract Tower,66,12,8,0,86,0,0,54,10,64,66,12,62,10,150,18,2,20,170
01/06/2017,GUM,GU,AWP,WE,Federal Contract Tower,67,11,10,0,88,0,0,28,4,32,67,11,38,4,120,62,0,62,182
01/07/2017,GUM,GU,AWP,WE,Federal Contract Tower,61,12,8,0,81,0,0,94,0,94,61,12,102,0,175,72,0,72,247
01/08/2017,GUM,GU,AWP,WE,Federal Contract Tower,73,10,2,0,85,0,0,74,4,78,73,10,76,4,163,62,8,70,233
01/09/2017,GUM,GU,AWP,WE,Federal Contract Tower,68,15,5,0,88,0,0,70,34,104,68,15,75,34,192,64,26,90,282
01/10/2017,GUM,GU,AWP,WE,Federal Contract Tower,61,12,5,2,80,0,0,62,0,62,61,12,67,2,142,68,0,68,210
01/11/2017,GUM,GU,AWP,WE,Federal Contract Tower,59,18,11,2,90,0,0,68,0,68,59,18,79,2,158,24,0,24,182
01/12/2017,GUM,GU,AWP,WE,Federal Contract Tower,66,14,10,0,90,0,0,63,0,63,66,14,73,0,153,26,14,40,193
01/13/2017,GUM,GU,AWP,WE,Federal Contract Tower,64,12,32,0,108,0,0,74,0,74,64,12,106,0,182,81,0,81,263
01/14/2017,GUM,GU,AWP,WE,Federal Contract Tower,61,14,18,0,93,0,0,70,0,70,61,14,88,0,163,77,0,77,240
01/15/2017,GUM,GU,AWP,WE,Federal Contract Tower,73,10,20,0,103,0,0,75,0,75,73,10,95,0,178,46,0,46,224
01/16/2017,GUM,GU,AWP,WE,Federal Contract Tower,65,15,21,0,101,0,0,68,0,68,65,15,89,0,169,32,0,32,201
01/17/2017,GUM,GU,AWP,WE,Federal Contract Tower,64,16,20,0,100,0,0,101,0,101,64,16,121,0,201,74,0,74,275
01/18/2017,GUM,GU,AWP,WE,Federal Contract Tower,61,12,17,0,90,0,0,54,0,54,61,12,71,0,144,22,0,22,166
01/19/2017,GUM,GU,AWP,WE,Federal Contract Tower,65,12,13,3,93,0,0,92,14,106,65,12,105,17,199,44,0,44,243
01/20/2017,GUM,GU,AWP,WE,Federal Contract Tower,65,14,12,0,91,0,0,104,6,110,65,14,116,6,201,38,22,60,261
01/21/2017,GUM,GU,AWP,WE,Federal Contract Tower,65,10,11,0,86,0,0,100,0,100,65,10,111,0,186,74,0,74,260
01/22/2017,GUM,GU,AWP,WE,Federal Contract Tower,79,10,5,0,94,0,0,102,0,102,79,10,107,0,196,62,0,62,258
01/23/2017,GUM,GU,AWP,WE,Federal Contract Tower,67,12,7,2,88,0,0,78,0,78,67,12,85,2,166,84,0,84,250
01/24/2017,GUM,GU,AWP,WE,Federal Contract Tower,64,17,8,2,91,0,0,76,0,76,64,17,84,2,167,70,0,70,237
01/25/2017,GUM,GU,AWP,WE,Federal Contract Tower,62,12,9,1,84,0,0,90,0,90,62,12,99,1,174,22,0,22,196
01/26/2017,GUM,GU,AWP,WE,Federal Contract Tower,66,11,6,1,84,0,0,100,8,108,66,11,106,9,192,34,4,38,230
01/27/2017,GUM,GU,AWP,WE,Federal Contract Tower,66,14,9,2,91,0,0,136,4,140,66,14,145,6,231,22,0,22,253
01/28/2017,GUM,GU,AWP,WE,Federal Contract Tower,62,10,7,0,79,0,0,116,0,116,62,10,123,0,195,38,0,38,233
01/29/2017,GUM,GU,AWP,WE,Federal Contract Tower,73,10,6,0,89,0,0,100,0,100,73,10,106,0,189,32,0,32,221
01/30/2017,GUM,GU,AWP,WE,Federal Contract Tower,67,10,17,0,94,0,0,174,0,174,67,10,191,0,268,72,0,72,340
01/31/2017,GUM,GU,AWP,WE,Federal Contract Tower,60,12,10,4,86,0,0,114,0,114,60,12,124,4,200,88,0,88,288
02/01/2017,GUM,GU,AWP,WE,Federal Contract Tower,62,14,6,0,82,0,0,124,0,124,62,14,130,0,206,42,0,42,248
02/02/2017,GUM,GU,AWP,WE,Federal Contract Tower,67,11,8,0,86,0,0,149,24,173,67,11,157,24,259,46,0,46,305
02/03/2017,GUM,GU,AWP,WE,Federal Contract Tower,64,15,14,5,98,0,0,105,0,105,64,15,119,5,203,30,0,30,233
02/04/2017,GUM,GU,AWP,WE,Federal Contract Tower,62,13,3,8,86,0,0,128,0,128,62,13,131,8,214,22,0,22,236
02/05/2017,GUM,GU,AWP,WE,Federal Contract Tower,73,10,4,3,90,0,0,116,0,116,73,10,120,3,206,50,0,50,256
02/06/2017,GUM,GU,AWP,WE,Federal Contract Tower,66,12,6,0,84,0,0,120,0,120,66,12,126,0,204,30,0,30,234
02/07/2017,GUM,GU,AWP,WE,Federal Contract Tower,62,12,14,0,88,0,0,110,0,110,62,12,124,0,198,56,14,70,268
02/08/2017,GUM,GU,AWP,WE,Federal Contract Tower,61,10,9,0,80,0,0,96,5,101,61,10,105,5,181,44,2,46,227
02/09/2017,GUM,GU,AWP,WE,Federal Contract Tower,70,10,9,0,89,0,0,77,18,95,70,10,86,18,184,40,2,42,226
02/10/2017,GUM,GU,AWP,WE,Federal Contract Tower,64,10,16,0,90,0,0,104,0,104,64,10,120,0,194,18,0,18,212
02/11/2017,GUM,GU,AWP,WE,Federal Contract Tower,59,10,8,0,77,0,0,68,0,68,59,10,76,0,145,16,0,16,161
02/12/2017,GUM,GU,AWP,WE,Federal Contract Tower,74,10,2,0,86,0,0,42,0,42,74,10,44,0,128,42,0,42,170
02/13/2017,GUM,GU,AWP,WE,Federal Contract Tower,65,11,10,2,88,0,0,24,0,24,65,11,34,2,112,8,0,8,120
02/14/2017,GUM,GU,AWP,WE,Federal Contract Tower,62,12,14,8,96,0,0,62,0,62,62,12,76,8,158,22,0,22,180
02/16/2017,GUM,GU,AWP,WE,Federal Contract Tower,66,10,14,10,100,0,0,60,14,74,66,10,74,24,174,40,0,40,214
02/17/2017,GUM,GU,AWP,WE,Federal Contract Tower,66,10,11,0,87,0,0,58,0,58,66,10,69,0,145,12,0,12,157
02/18/2017,GUM,GU,AWP,WE,Federal Contract Tower,68,10,7,0,85,0,0,74,0,74,68,10,81,0,159,66,0,66,225
02/19/2017,GUM,GU,AWP,WE,Federal Contract Tower,92,10,4,0,106,0,0,55,0,55,92,10,59,0,161,86,0,86,247
02/20/2017,GUM,GU,AWP,WE,Federal Contract Tower,67,11,10,0,88,0,0,66,0,66,67,11,76,0,154,74,0,74,228
02/21/2017,GUM,GU,AWP,WE,Federal Contract Tower,63,10,18,0,91,0,0,78,0,78,63,10,96,0,169,48,4,52,221
02/22/2017,GUM,GU,AWP,WE,Federal Contract Tower,61,10,13,1,85,0,0,0,0,0,61,10,13,1,85,76,22,98,183
02/23/2017,GUM,GU,AWP,WE,Federal Contract Tower,68,10,13,0,91,0,0,96,22,118,68,10,109,22,209,71,2,73,282
02/24/2017,GUM,GU,AWP,WE,Federal Contract Tower,63,10,13,0,86,0,0,101,2,103,63,10,114,2,189,120,0,120,309
02/25/2017,GUM,GU,AWP,WE,Federal Contract Tower,61,10,11,0,82,0,0,72,2,74,61,10,83,2,156,122,0,122,278
02/26/2017,GUM,GU,AWP,WE,Federal Contract Tower,74,13,6,0,93,0,0,102,7,109,74,13,108,7,202,8,0,8,210
02/27/2017,GUM,GU,AWP,WE,Federal Contract Tower,63,11,15,4,93,0,0,84,2,86,63,11,99,6,179,4,0,4,183
02/28/2017,GUM,GU,AWP,WE,Federal Contract Tower,60,10,14,0,84,0,0,94,6,100,60,10,108,6,184,34,0,34,218
03/01/2017,GUM,GU,AWP,WE,Federal Contract Tower,62,9,16,2,89,0,0,86,0,86,62,9,102,2,175,26,1,27,202
03/03/2017,GUM,GU,AWP,WE,Federal Contract Tower,67,10,14,0,91,0,0,80,0,80,67,10,94,0,171,18,0,18,189
03/04/2017,GUM,GU,AWP,WE,Federal Contract Tower,60,10,2,0,72,0,0,0,0,0,60,10,2,0,72,58,0,58,130
03/05/2017,GUM,GU,AWP,WE,Federal Contract Tower,73,10,1,0,84,0,0,76,0,76,73,10,77,0,160,62,0,62,222
03/06/2017,GUM,GU,AWP,WE,Federal Contract Tower,69,12,4,0,85,0,0,68,0,68,69,12,72,0,153,12,0,12,165
03/07/2017,GUM,GU,AWP,WE,Federal Contract Tower,60,10,10,0,80,0,0,92,0,92,60,10,102,0,172,8,10,18,190
03/08/2017,GUM,GU,AWP,WE,Federal Contract Tower,59,10,8,2,79,0,0,78,0,78,59,10,86,2,157,14,0,14,171
03/10/2017,GUM,GU,AWP,WE,Federal Contract Tower,64,10,6,0,80,0,0,104,2,106,64,10,110,2,186,14,0,14,200
03/11/2017,GUM,GU,AWP,WE,Federal Contract Tower,59,12,6,0,77,0,0,90,0,90,59,12,96,0,167,34,0,34,201
03/12/2017,GUM,GU,AWP,WE,Federal Contract Tower,73,9,5,0,87,0,0,82,10,92,73,9,87,10,179,72,2,74,253
03/13/2017,GUM,GU,AWP,WE,Federal Contract Tower,65,14,12,0,91,0,0,100,0,100,65,14,112,0,191,40,2,42,233
03/14/2017,GUM,GU,AWP,WE,Federal Contract Tower,63,12,10,0,85,0,0,89,0,89,63,12,99,0,174,32,0,32,206
03/15/2017,GUM,GU,AWP,WE,Federal Contract Tower,60,14,2,0,76,0,0,64,0,64,60,14,66,0,140,26,2,28,168
03/16/2017,GUM,GU,AWP,WE,Federal Contract Tower,70,11,7,0,88,0,0,128,0,128,70,11,135,0,216,98,0,98,314
03/17/2017,GUM,GU,AWP,WE,Federal Contract Tower,70,12,12,0,94,0,0,106,0,106,70,12,118,0,200,117,0,117,317
03/18/2017,GUM,GU,AWP,WE,Federal Contract Tower,65,12,4,0,81,0,0,22,0,22,65,12,26,0,103,2,0,2,105
03/19/2017,GUM,GU,AWP,WE,Federal Contract Tower,77,7,19,0,103,0,0,40,0,40,77,7,59,0,143,12,0,12,155
03/20/2017,GUM,GU,AWP,WE,Federal Contract Tower,67,15,10,0,92,0,0,80,0,80,67,15,90,0,172,36,0,36,208
03/21/2017,GUM,GU,AWP,WE,Federal Contract Tower,65,14,13,0,92,0,0,90,0,90,65,14,103,0,182,54,0,54,236
03/22/2017,GUM,GU,AWP,WE,Federal Contract Tower,62,12,8,2,84,0,0,108,0,108,62,12,116,2,192,32,0,32,224
03/23/2017,GUM,GU,AWP,WE,Federal Contract Tower,70,12,19,0,101,0,0,125,0,125,70,12,144,0,226,54,0,54,280
03/24/2017,GUM,GU,AWP,WE,Federal Contract Tower,69,13,7,0,89,0,0,90,0,90,69,13,97,0,179,16,0,16,195
03/25/2017,GUM,GU,AWP,WE,Federal Contract Tower,70,10,10,0,90,0,0,82,0,82,70,10,92,0,172,62,0,62,234
03/26/2017,GUM,GU,AWP,WE,Federal Contract Tower,80,10,3,0,93,0,0,68,0,68,80,10,71,0,161,42,0,42,203
03/27/2017,GUM,GU,AWP,WE,Federal Contract Tower,69,14,6,0,89,0,0,80,0,80,69,14,86,0,169,24,0,24,193
03/28/2017,GUM,GU,AWP,WE,Federal Contract Tower,65,8,10,2,85,0,0,100,0,100,65,8,110,2,185,36,0,36,221
03/29/2017,GUM,GU,AWP,WE,Federal Contract Tower,62,12,10,2,86,0,0,68,0,68,62,12,78,2,154,14,2,16,170
03/30/2017,GUM,GU,AWP,WE,Federal Contract Tower,66,12,6,0,84,0,0,92,0,92,66,12,98,0,176,22,0,22,198
03/31/2017,GUM,GU,AWP,WE,Federal Contract Tower,71,13,12,0,96,0,0,64,0,64,71,13,76,0,160,18,0,18,178
04/01/2017,GUM,GU,AWP,WE,Federal Contract Tower,62,11,6,0,79,0,0,101,0,101,62,11,107,0,180,16,0,16,196
04/02/2017,GUM,GU,AWP,WE,Federal Contract Tower,79,10,3,0,92,0,0,124,0,124,79,10,127,0,216,12,0,12,228
04/03/2017,GUM,GU,AWP,WE,Federal Contract Tower,69,16,1,0,86,0,0,120,0,120,69,16,121,0,206,58,0,58,264
04/04/2017,GUM,GU,AWP,WE,Federal Contract Tower,56,14,3,0,73,0,0,90,0,90,56,14,93,0,163,30,24,54,217
04/05/2017,GUM,GU,AWP,WE,Federal Contract Tower,59,15,2,6,82,0,0,102,0,102,59,15,104,6,184,6,2,8,192
04/06/2017,GUM,GU,AWP,WE,Federal Contract Tower,61,13,4,0,78,0,0,88,0,88,61,13,92,0,166,16,0,16,182
04/08/2017,GUM,GU,AWP,WE,Federal Contract Tower,60,10,7,0,77,0,0,102,0,102,60,10,109,0,179,46,0,46,225
04/10/2017,GUM,GU,AWP,WE,Federal Contract Tower,64,12,8,4,88,0,0,90,0,90,64,12,98,4,178,82,0,82,260
04/11/2017,GUM,GU,AWP,WE,Federal Contract Tower,58,10,8,0,76,0,0,80,0,80,58,10,88,0,156,52,0,52,208
04/12/2017,GUM,GU,AWP,WE,Federal Contract Tower,57,12,6,0,75,0,0,116,4,120,57,12,122,4,195,34,0,34,229
04/13/2017,GUM,GU,AWP,WE,Federal Contract Tower,58,10,8,0,76,0,0,128,0,128,58,10,136,0,204,32,0,32,236
04/14/2017,GUM,GU,AWP,WE,Federal Contract Tower,65,11,8,0,84,0,0,72,0,72,65,11,80,0,156,48,0,48,204
04/15/2017,GUM,GU,AWP,WE,Federal Contract Tower,60,7,6,0,73,0,0,71,0,71,60,7,77,0,144,52,0,52,196
04/16/2017,GUM,GU,AWP,WE,Federal Contract Tower,70,10,2,0,82,0,0,85,0,85,70,10,87,0,167,56,0,56,223
04/17/2017,GUM,GU,AWP,WE,Federal Contract Tower,65,12,8,0,85,0,0,86,0,86,65,12,94,0,171,18,18,36,207
04/18/2017,GUM,GU,AWP,WE,Federal Contract Tower,56,12,6,0,74,0,0,104,2,106,56,12,110,2,180,34,0,34,214
04/19/2017,GUM,GU,AWP,WE,Federal Contract Tower,60,14,2,0,76,0,0,92,0,92,60,14,94,0,168,20,0,20,188
04/22/2017,GUM,GU,AWP,WE,Federal Contract Tower,57,10,6,4,77,0,0,82,0,82,57,10,88,4,159,62,0,62,221
04/23/2017,GUM,GU,AWP,WE,Federal Contract Tower,68,10,2,0,80,0,0,64,0,64,68,10,66,0,144,56,0,56,200
04/24/2017,GUM,GU,AWP,WE,Federal Contract Tower,63,10,11,0,84,0,0,60,0,60,63,10,71,0,144,24,0,24,168
04/25/2017,GUM,GU,AWP,WE,Federal Contract Tower,57,10,14,0,81,0,0,130,1,131,57,10,144,1,212,64,0,64,276
04/26/2017,GUM,GU,AWP,WE,Federal Contract Tower,58,9,5,0,72,0,0,100,0,100,58,9,105,0,172,78,8,86,258
04/27/2017,GUM,GU,AWP,WE,Federal Contract Tower,59,11,5,0,75,0,0,112,0,112,59,11,117,0,187,70,0,70,257
04/28/2017,GUM,GU,AWP,WE,Federal Contract Tower,69,10,12,0,91,0,0,104,0,104,69,10,116,0,195,38,0,38,233
04/29/2017,GUM,GU,AWP,WE,Federal Contract Tower,58,10,7,0,75,0,0,154,0,154,58,10,161,0,229,70,0,70,299
04/30/2017,GUM,GU,AWP,WE,Federal Contract Tower,71,10,2,0,83,0,0,130,0,130,71,10,132,0,213,50,0,50,263
05/01/2017,GUM,GU,AWP,WE,Federal Contract Tower,63,10,9,2,84,0,0,112,1,113,63,10,121,3,197,84,14,98,295
05/02/2017,GUM,GU,AWP,WE,Federal Contract Tower,57,10,12,1,80,0,0,128,0,128,57,10,140,1,208,42,0,42,250
05/03/2017,GUM,GU,AWP,WE,Federal Contract Tower,67,10,10,0,87,0,0,96,0,96,67,10,106,0,183,76,0,76,259
05/04/2017,GUM,GU,AWP,WE,Federal Contract Tower,70,19,11,1,101,0,0,155,0,155,70,19,166,1,256,28,0,28,284
05/05/2017,GUM,GU,AWP,WE,Federal Contract Tower,64,10,6,0,80,0,0,91,0,91,64,10,97,0,171,92,0,92,263
05/06/2017,GUM,GU,AWP,WE,Federal Contract Tower,68,10,6,0,84,0,0,106,0,106,68,10,112,0,190,66,0,66,256
05/07/2017,GUM,GU,AWP,WE,Federal Contract Tower,80,11,9,0,100,0,0,86,0,86,80,11,95,0,186,46,0,46,232
05/08/2017,GUM,GU,AWP,WE,Federal Contract Tower,67,10,12,4,93,0,0,64,0,64,67,10,76,4,157,64,0,64,221
05/09/2017,GUM,GU,AWP,WE,Federal Contract Tower,60,10,6,2,78,0,0,92,0,92,60,10,98,2,170,6,2,8,178
05/10/2017,GUM,GU,AWP,WE,Federal Contract Tower,62,10,13,3,88,0,0,88,0,88,62,10,101,3,176,62,7,69,245
05/11/2017,GUM,GU,AWP,WE,Federal Contract Tower,62,12,6,0,80,0,0,94,0,94,62,12,100,0,174,80,0,80,254
05/12/2017,GUM,GU,AWP,WE,Federal Contract Tower,67,14,10,0,91,0,0,70,0,70,67,14,80,0,161,90,0,90,251
05/13/2017,GUM,GU,AWP,WE,Federal Contract Tower,65,10,8,0,83,0,0,96,0,96,65,10,104,0,179,128,0,128,307
05/14/2017,GUM,GU,AWP,WE,Federal Contract Tower,74,10,4,0,88,0,0,76,0,76,74,10,80,0,164,84,0,84,248
05/15/2017,GUM,GU,AWP,WE,Federal Contract Tower,62,14,7,0,83,0,0,64,0,64,62,14,71,0,147,102,0,102,249
05/16/2017,GUM,GU,AWP,WE,Federal Contract Tower,57,14,6,0,77,67,0,0,0,67,124,14,6,0,144,68,0,68,212
05/17/2017,GUM,GU,AWP,WE,Federal Contract Tower,57,11,8,2,78,0,0,0,3,3,57,11,8,5,81,86,0,86,167
05/18/2017,GUM,GU,AWP,WE,Federal Contract Tower,60,20,5,2,87,0,0,92,0,92,60,20,97,2,179,60,0,60,239
05/19/2017,GUM,GU,AWP,WE,Federal Contract Tower,65,12,10,0,87,0,0,103,0,103,65,12,113,0,190,108,0,108,298
05/20/2017,GUM,GU,AWP,WE,Federal Contract Tower,56,12,8,0,76,0,0,76,0,76,56,12,84,0,152,102,0,102,254
05/21/2017,GUM,GU,AWP,WE,Federal Contract Tower,65,11,0,0,76,0,0,87,0,87,65,11,87,0,163,62,0,62,225
05/22/2017,GUM,GU,AWP,WE,Federal Contract Tower,64,14,8,0,86,0,0,80,0,80,64,14,88,0,166,56,0,56,222
05/23/2017,GUM,GU,AWP,WE,Federal Contract Tower,58,18,4,0,80,0,0,106,18,124,58,18,110,18,204,22,0,22,226
05/24/2017,GUM,GU,AWP,WE,Federal Contract Tower,56,14,7,0,77,0,0,106,0,106,56,14,113,0,183,14,0,14,197
05/25/2017,GUM,GU,AWP,WE,Federal Contract Tower,60,12,5,0,77,0,0,124,8,132,60,12,129,8,209,22,0,22,231
05/26/2017,GUM,GU,AWP,WE,Federal Contract Tower,66,13,6,0,85,0,0,112,0,112,66,13,118,0,197,52,0,52,249
05/27/2017,GUM,GU,AWP,WE,Federal Contract Tower,58,11,3,0,72,0,0,110,0,110,58,11,113,0,182,22,0,22,204
05/28/2017,GUM,GU,AWP,WE,Federal Contract Tower,66,10,2,0,78,0,0,118,0,118,66,10,120,0,196,42,0,42,238
05/29/2017,GUM,GU,AWP,WE,Federal Contract Tower,67,4,4,0,75,0,0,128,0,128,67,4,132,0,203,84,0,84,287
05/30/2017,GUM,GU,AWP,WE,Federal Contract Tower,56,19,7,0,82,0,0,128,0,128,56,19,135,0,210,94,0,94,304
05/31/2017,GUM,GU,AWP,WE,Federal Contract Tower,58,16,13,0,87,0,0,110,10,120,58,16,123,10,207,38,0,38,245
06/01/2017,GUM,GU,AWP,WE,Federal Contract Tower,58,21,2,2,83,0,0,112,0,112,58,21,114,2,195,37,0,37,232
06/02/2017,GUM,GU,AWP,WE,Federal Contract Tower,63,10,7,0,80,0,0,97,0,97,63,10,104,0,177,103,0,103,280
06/03/2017,GUM,GU,AWP,WE,Federal Contract Tower,58,10,6,0,74,0,0,102,0,102,58,10,108,0,176,78,0,78,254
06/04/2017,GUM,GU,AWP,WE,Federal Contract Tower,66,10,1,0,77,0,0,102,0,102,66,10,103,0,179,80,0,80,259
06/05/2017,GUM,GU,AWP,WE,Federal Contract Tower,62,14,12,0,88,0,1,78,0,79,62,15,90,0,167,34,0,34,201
06/06/2017,GUM,GU,AWP,WE,Federal Contract Tower,58,16,6,0,80,0,0,110,0,110,58,16,116,0,190,58,0,58,248
06/07/2017,GUM,GU,AWP,WE,Federal Contract Tower,59,11,11,0,81,0,0,84,0,84,59,11,95,0,165,70,0,70,235
06/08/2017,GUM,GU,AWP,WE,Federal Contract Tower,58,10,8,2,78,0,0,96,20,116,58,10,104,22,194,55,0,55,249
06/09/2017,GUM,GU,AWP,WE,Federal Contract Tower,67,10,14,3,94,0,0,78,0,78,67,10,92,3,172,32,12,44,216
06/10/2017,GUM,GU,AWP,WE,Federal Contract Tower,57,10,8,0,75,0,0,86,0,86,57,10,94,0,161,32,0,32,193
06/11/2017,GUM,GU,AWP,WE,Federal Contract Tower,62,18,2,0,82,0,0,114,0,114,62,18,116,0,196,92,0,92,288
06/12/2017,GUM,GU,AWP,WE,Federal Contract Tower,63,10,11,0,84,0,0,92,0,92,63,10,103,0,176,50,2,52,228
06/13/2017,GUM,GU,AWP,WE,Federal Contract Tower,56,10,10,2,78,0,0,100,4,104,56,10,110,6,182,34,0,34,216
06/14/2017,GUM,GU,AWP,WE,Federal Contract Tower,54,10,10,0,74,0,0,96,0,96,54,10,106,0,170,50,0,50,220
06/15/2017,GUM,GU,AWP,WE,Federal Contract Tower,59,11,9,3,82,0,0,61,27,88,59,11,70,30,170,31,8,39,209
06/16/2017,GUM,GU,AWP,WE,Federal Contract Tower,62,10,10,0,82,0,0,61,0,61,62,10,71,0,143,26,0,26,169
06/17/2017,GUM,GU,AWP,WE,Federal Contract Tower,55,10,8,0,73,0,0,88,0,88,55,10,96,0,161,42,0,42,203
06/19/2017,GUM,GU,AWP,WE,Federal Contract Tower,64,16,16,0,96,0,0,54,4,58,64,16,70,4,154,22,0,22,176
06/20/2017,GUM,GU,AWP,WE,Federal Contract Tower,56,10,22,0,88,0,0,64,4,68,56,10,86,4,156,40,0,40,196
06/21/2017,GUM,GU,AWP,WE,Federal Contract Tower,55,10,15,0,80,0,0,102,0,102,55,10,117,0,182,72,0,72,254
06/22/2017,GUM,GU,AWP,WE,Federal Contract Tower,60,9,10,0,79,0,0,70,14,84,60,9,80,14,163,28,0,28,191
06/23/2017,GUM,GU,AWP,WE,Federal Contract Tower,64,15,7,0,86,0,0,74,0,74,64,15,81,0,160,33,0,33,193
06/24/2017,GUM,GU,AWP,WE,Federal Contract Tower,56,11,8,0,75,0,0,70,0,70,56,11,78,0,145,44,0,44,189
06/25/2017,GUM,GU,AWP,WE,Federal Contract Tower,63,10,6,0,79,0,0,80,0,80,63,10,86,0,159,32,0,32,191
06/26/2017,GUM,GU,AWP,WE,Federal Contract Tower,61,10,14,0,85,0,0,86,0,86,61,10,100,0,171,16,0,16,187
06/27/2017,GUM,GU,AWP,WE,Federal Contract Tower,55,10,9,2,76,0,0,96,0,96,55,10,105,2,172,8,0,8,180
06/28/2017,GUM,GU,AWP,WE,Federal Contract Tower,55,11,11,1,78,0,0,64,1,65,55,11,75,2,143,28,0,28,171
06/29/2017,GUM,GU,AWP,WE,Federal Contract Tower,62,10,9,4,85,0,0,52,8,60,62,10,61,12,145,6,0,6,151
06/30/2017,GUM,GU,AWP,WE,Federal Contract Tower,62,10,14,0,86,0,0,75,0,75,62,10,89,0,161,20,0,20,181
07/01/2017,GUM,GU,AWP,WE,Federal Contract Tower,56,10,14,0,80,0,0,104,0,104,56,10,118,0,184,72,0,72,256
07/02/2017,GUM,GU,AWP,WE,Federal Contract Tower,64,9,2,0,75,0,0,48,0,48,64,9,50,0,123,16,0,16,139
07/03/2017,GUM,GU,AWP,WE,Federal Contract Tower,60,11,10,4,85,0,0,64,0,64,60,11,74,4,149,4,0,4,153
07/04/2017,GUM,GU,AWP,WE,Federal Contract Tower,57,10,11,0,78,0,0,98,0,98,57,10,109,0,176,42,0,42,218
07/05/2017,GUM,GU,AWP,WE,Federal Contract Tower,53,10,16,0,79,0,0,62,0,62,53,10,78,0,141,32,0,32,173
07/06/2017,GUM,GU,AWP,WE,Federal Contract Tower,57,11,10,0,78,0,0,83,18,101,57,11,93,18,179,24,0,24,203
07/07/2017,GUM,GU,AWP,WE,Federal Contract Tower,64,10,24,0,98,0,0,72,0,72,64,10,96,0,170,6,0,6,176
07/08/2017,GUM,GU,AWP,WE,Federal Contract Tower,58,10,10,0,78,0,0,74,0,74,58,10,84,0,152,4,0,4,156
07/09/2017,GUM,GU,AWP,WE,Federal Contract Tower,65,10,6,0,81,0,0,54,0,54,65,10,60,0,135,18,0,18,153
07/10/2017,GUM,GU,AWP,WE,Federal Contract Tower,61,10,8,0,79,0,0,64,0,64,61,10,72,0,143,8,22,30,173
07/11/2017,GUM,GU,AWP,WE,Federal Contract Tower,60,10,16,0,86,0,0,62,0,62,60,10,78,0,148,42,0,42,190
07/12/2017,GUM,GU,AWP,WE,Federal Contract Tower,56,16,8,0,80,0,0,70,0,70,56,16,78,0,150,44,0,44,194
07/13/2017,GUM,GU,AWP,WE,Federal Contract Tower,63,10,14,0,87,0,0,106,0,106,63,10,120,0,193,68,0,68,261
07/14/2017,GUM,GU,AWP,WE,Federal Contract Tower,70,10,14,0,94,0,0,85,0,85,70,10,99,0,179,50,0,50,229
07/15/2017,GUM,GU,AWP,WE,Federal Contract Tower,63,10,14,0,87,0,0,86,0,86,63,10,100,0,173,68,0,68,241
07/16/2017,GUM,GU,AWP,WE,Federal Contract Tower,70,10,8,0,88,0,0,61,0,61,70,10,69,0,149,58,0,58,207
07/17/2017,GUM,GU,AWP,WE,Federal Contract Tower,70,10,14,0,94,0,0,80,0,80,70,10,94,0,174,72,0,72,246
07/18/2017,GUM,GU,AWP,WE,Federal Contract Tower,65,10,14,4,93,0,0,114,0,114,65,10,128,4,207,42,0,42,249
07/19/2017,GUM,GU,AWP,WE,Federal Contract Tower,60,10,23,0,93,0,0,116,0,116,60,10,139,0,209,68,0,68,277
07/20/2017,GUM,GU,AWP,WE,Federal Contract Tower,65,10,14,0,89,0,0,50,0,50,65,10,64,0,139,62,0,62,201
07/21/2017,GUM,GU,AWP,WE,Federal Contract Tower,68,10,8,0,86,0,0,70,0,70,68,10,78,0,156,54,0,54,210
07/22/2017,GUM,GU,AWP,WE,Federal Contract Tower,59,12,8,0,79,0,0,68,0,68,59,12,76,0,147,98,0,98,245
07/23/2017,GUM,GU,AWP,WE,Federal Contract Tower,67,10,6,0,83,0,0,48,0,48,67,10,54,0,131,80,0,80,211
07/24/2017,GUM,GU,AWP,WE,Federal Contract Tower,66,10,8,0,84,0,0,74,0,74,66,10,82,0,158,90,0,90,248
07/25/2017,GUM,GU,AWP,WE,Federal Contract Tower,62,10,11,0,83,0,0,92,0,92,62,10,103,0,175,96,0,96,271
07/26/2017,GUM,GU,AWP,WE,Federal Contract Tower,62,11,7,0,80,0,0,74,0,74,62,11,81,0,154,52,0,52,206
07/27/2017,GUM,GU,AWP,WE,Federal Contract Tower,71,10,13,0,94,0,0,114,0,114,71,10,127,0,208,86,0,86,294
07/28/2017,GUM,GU,AWP,WE,Federal Contract Tower,72,10,10,0,92,0,0,64,0,64,72,10,74,0,156,128,0,128,284
07/29/2017,GUM,GU,AWP,WE,Federal Contract Tower,67,10,10,0,87,0,0,70,0,70,67,10,80,0,157,86,2,88,245
07/30/2017,GUM,GU,AWP,WE,Federal Contract Tower,76,9,7,0,92,0,0,54,0,54,76,9,61,0,146,56,0,56,202
07/31/2017,GUM,GU,AWP,WE,Federal Contract Tower,72,12,21,0,105,0,0,86,0,86,72,12,107,0,191,78,0,78,269
08/01/2017,GUM,GU,AWP,WE,Federal Contract Tower,66,10,8,0,84,0,0,100,0,100,66,10,108,0,184,60,0,60,244
08/02/2017,GUM,GU,AWP,WE,Federal Contract Tower,64,10,8,1,83,0,0,96,1,97,64,10,104,2,180,46,0,46,226
08/03/2017,GUM,GU,AWP,WE,Federal Contract Tower,67,9,15,0,91,0,0,98,0,98,67,9,113,0,189,32,0,32,221
08/04/2017,GUM,GU,AWP,WE,Federal Contract Tower,72,9,9,0,90,0,0,77,0,77,72,9,86,0,167,26,0,26,193
08/05/2017,GUM,GU,AWP,WE,Federal Contract Tower,66,15,10,0,91,0,0,96,0,96,66,15,106,0,187,64,0,64,251
08/06/2017,GUM,GU,AWP,WE,Federal Contract Tower,73,11,1,0,85,0,0,56,0,56,73,11,57,0,141,32,0,32,173
08/07/2017,GUM,GU,AWP,WE,Federal Contract Tower,64,10,20,10,104,0,0,92,0,92,64,10,112,10,196,18,0,18,214
08/08/2017,GUM,GU,AWP,WE,Federal Contract Tower,73,10,13,0,96,0,0,100,0,100,73,10,113,0,196,22,0,22,218
08/09/2017,GUM,GU,AWP,WE,Federal Contract Tower,69,14,6,6,95,0,0,84,13,97,69,14,90,19,192,30,18,48,240
08/10/2017,GUM,GU,AWP,WE,Federal Contract Tower,76,11,12,0,99,0,0,106,6,112,76,11,118,6,211,32,2,34,245
08/11/2017,GUM,GU,AWP,WE,Federal Contract Tower,74,10,5,0,89,0,0,78,0,78,74,10,83,0,167,36,0,36,203
08/12/2017,GUM,GU,AWP,WE,Federal Contract Tower,65,11,8,10,94,0,0,120,0,120,65,11,128,10,214,70,0,70,284
08/13/2017,GUM,GU,AWP,WE,Federal Contract Tower,75,14,6,6,101,0,0,79,3,82,75,14,85,9,183,61,0,61,244
08/14/2017,GUM,GU,AWP,WE,Federal Contract Tower,71,11,10,2,94,0,0,68,0,68,71,11,78,2,162,62,0,62,224
08/15/2017,GUM,GU,AWP,WE,Federal Contract Tower,64,10,13,1,88,0,0,126,1,127,64,10,139,2,215,110,0,110,325
08/16/2017,GUM,GU,AWP,WE,Federal Contract Tower,62,10,8,0,80,0,0,100,4,104,62,10,108,4,184,94,18,112,296
08/17/2017,GUM,GU,AWP,WE,Federal Contract Tower,67,10,7,0,84,0,0,80,10,90,67,10,87,10,174,98,0,98,272
08/18/2017,GUM,GU,AWP,WE,Federal Contract Tower,71,14,11,0,96,0,0,82,0,82,71,14,93,0,178,20,0,20,198
08/19/2017,GUM,GU,AWP,WE,Federal Contract Tower,66,10,4,0,80,0,0,68,0,68,66,10,72,0,148,84,0,84,232
08/20/2017,GUM,GU,AWP,WE,Federal Contract Tower,72,12,2,0,86,0,0,77,0,77,72,12,79,0,163,44,0,44,207
08/21/2017,GUM,GU,AWP,WE,Federal Contract Tower,67,10,12,0,89,0,0,50,0,50,67,10,62,0,139,28,0,28,167
08/22/2017,GUM,GU,AWP,WE,Federal Contract Tower,65,9,12,0,86,0,1,103,0,104,65,10,115,0,190,36,2,38,228
08/23/2017,GUM,GU,AWP,WE,Federal Contract Tower,61,11,13,0,85,0,0,92,0,92,61,11,105,0,177,19,0,19,196
08/24/2017,GUM,GU,AWP,WE,Federal Contract Tower,72,10,6,0,88,0,0,64,0,64,72,10,70,0,152,66,0,66,218
08/25/2017,GUM,GU,AWP,WE,Federal Contract Tower,70,10,10,0,90,0,0,72,0,72,70,10,82,0,162,7,0,7,169
08/26/2017,GUM,GU,AWP,WE,Federal Contract Tower,69,10,15,1,95,0,0,50,0,50,69,10,65,1,145,22,0,22,167
08/27/2017,GUM,GU,AWP,WE,Federal Contract Tower,70,10,3,0,83,0,0,49,0,49,70,10,52,0,132,28,0,28,160
08/28/2017,GUM,GU,AWP,WE,Federal Contract Tower,64,10,12,0,86,0,0,72,0,72,64,10,84,0,158,68,0,68,226
08/29/2017,GUM,GU,AWP,WE,Federal Contract Tower,64,12,12,0,88,0,0,76,0,76,64,12,88,0,164,18,0,18,182
08/30/2017,GUM,GU,AWP,WE,Federal Contract Tower,58,12,12,0,82,0,0,50,0,50,58,12,62,0,132,16,0,16,148
09/01/2017,GUM,GU,AWP,WE,Federal Contract Tower,64,10,12,0,86,0,0,48,0,48,64,10,60,0,134,10,0,10,144
09/02/2017,GUM,GU,AWP,WE,Federal Contract Tower,58,9,8,0,75,0,0,60,0,60,58,9,68,0,135,20,0,20,155
09/03/2017,GUM,GU,AWP,WE,Federal Contract Tower,65,11,4,0,80,0,0,54,0,54,65,11,58,0,134,18,0,18,152
09/04/2017,GUM,GU,AWP,WE,Federal Contract Tower,61,10,8,0,79,0,0,78,0,78,61,10,86,0,157,4,0,4,161
09/05/2017,GUM,GU,AWP,WE,Federal Contract Tower,57,10,11,0,78,0,0,80,0,80,57,10,91,0,158,8,0,8,166
09/06/2017,GUM,GU,AWP,WE,Federal Contract Tower,56,10,8,0,74,0,0,60,1,61,56,10,68,1,135,20,0,20,155
09/07/2017,GUM,GU,AWP,WE,Federal Contract Tower,62,11,11,0,84,0,0,78,0,78,62,11,89,0,162,40,0,40,202
09/08/2017,GUM,GU,AWP,WE,Federal Contract Tower,62,10,10,0,82,0,0,47,0,47,62,10,57,0,129,28,0,28,157
09/09/2017,GUM,GU,AWP,WE,Federal Contract Tower,61,13,6,0,80,0,0,6,0,6,61,13,12,0,86,2,0,2,88
09/10/2017,GUM,GU,AWP,WE,Federal Contract Tower,65,10,0,0,75,0,0,88,0,88,65,10,88,0,163,16,0,16,179
09/11/2017,GUM,GU,AWP,WE,Federal Contract Tower,62,10,9,0,81,0,0,88,0,88,62,10,97,0,169,34,0,34,203
09/12/2017,GUM,GU,AWP,WE,Federal Contract Tower,59,10,7,0,76,0,0,78,0,78,59,10,85,0,154,26,0,26,180
09/13/2017,GUM,GU,AWP,WE,Federal Contract Tower,59,10,8,0,77,0,0,36,0,36,59,10,44,0,113,20,0,20,133
09/14/2017,GUM,GU,AWP,WE,Federal Contract Tower,65,10,4,1,80,0,0,133,0,133,65,10,137,1,213,50,0,50,263
09/15/2017,GUM,GU,AWP,WE,Federal Contract Tower,64,10,8,0,82,0,0,60,0,60,64,10,68,0,142,44,0,44,186
09/16/2017,GUM,GU,AWP,WE,Federal Contract Tower,63,10,16,0,89,0,0,72,0,72,63,10,88,0,161,102,0,102,263
09/17/2017,GUM,GU,AWP,WE,Federal Contract Tower,62,10,3,0,75,0,0,68,0,68,62,10,71,0,143,88,0,88,231
09/18/2017,GUM,GU,AWP,WE,Federal Contract Tower,68,11,11,0,90,0,0,62,0,62,68,11,73,0,152,58,0,58,210
09/19/2017,GUM,GU,AWP,WE,Federal Contract Tower,65,10,9,0,84,0,0,44,0,44,65,10,53,0,128,30,0,30,158
09/20/2017,GUM,GU,AWP,WE,Federal Contract Tower,63,10,16,0,89,0,0,59,0,59,63,10,75,0,148,12,0,12,160
09/21/2017,GUM,GU,AWP,WE,Federal Contract Tower,64,10,13,2,89,0,0,82,0,82,64,10,95,2,171,36,0,36,207
09/22/2017,GUM,GU,AWP,WE,Federal Contract Tower,65,10,12,0,87,0,0,74,0,74,65,10,86,0,161,92,0,92,253
09/23/2017,GUM,GU,AWP,WE,Federal Contract Tower,62,10,16,1,89,0,0,60,0,60,62,10,76,1,149,90,0,90,239
09/24/2017,GUM,GU,AWP,WE,Federal Contract Tower,73,11,6,0,90,0,0,40,0,40,73,11,46,0,130,100,0,100,230
09/25/2017,GUM,GU,AWP,WE,Federal Contract Tower,66,10,24,0,100,0,0,62,0,62,66,10,86,0,162,104,0,104,266
09/26/2017,GUM,GU,AWP,WE,Federal Contract Tower,60,10,15,2,87,0,0,70,0,70,60,10,85,2,157,145,0,145,302
09/27/2017,GUM,GU,AWP,WE,Federal Contract Tower,68,15,16,0,99,0,0,66,0,66,68,15,82,0,165,80,0,80,245
09/28/2017,GUM,GU,AWP,WE,Federal Contract Tower,65,10,9,0,84,0,0,118,0,118,65,10,127,0,202,50,0,50,252
09/29/2017,GUM,GU,AWP,WE,Federal Contract Tower,63,10,18,0,91,0,0,49,0,49,63,10,67,0,140,113,0,113,253
10/01/2017,GUM,GU,AWP,WE,Federal Contract Tower,72,10,2,1,85,0,0,90,0,90,72,10,92,1,175,76,0,76,251
10/02/2017,GUM,GU,AWP,WE,Federal Contract Tower,64,10,14,0,88,0,0,82,2,84,64,10,96,2,172,60,0,60,232
10/03/2017,GUM,GU,AWP,WE,Federal Contract Tower,60,10,14,2,86,0,0,70,0,70,60,10,84,2,156,16,0,16,172
10/04/2017,GUM,GU,AWP,WE,Federal Contract Tower,63,10,8,0,81,0,0,118,0,118,63,10,126,0,199,28,0,28,227
10/05/2017,GUM,GU,AWP,WE,Federal Contract Tower,66,10,10,2,88,0,0,128,0,128,66,10,138,2,216,14,0,14,230
10/06/2017,GUM,GU,AWP,WE,Federal Contract Tower,63,10,12,0,85,0,0,86,0,86,63,10,98,0,171,24,0,24,195
10/07/2017,GUM,GU,AWP,WE,Federal Contract Tower,59,10,18,0,87,0,0,94,0,94,59,10,112,0,181,29,0,29,210
10/08/2017,GUM,GU,AWP,WE,Federal Contract Tower,68,10,2,0,80,0,0,90,1,91,68,10,92,1,171,18,0,18,189
10/09/2017,GUM,GU,AWP,WE,Federal Contract Tower,67,12,7,0,86,0,0,36,0,36,67,12,43,0,122,10,0,10,132
10/10/2017,GUM,GU,AWP,WE,Federal Contract Tower,64,10,14,0,88,0,0,96,0,96,64,10,110,0,184,12,0,12,196
10/11/2017,GUM,GU,AWP,WE,Federal Contract Tower,64,10,9,0,83,0,0,82,0,82,64,10,91,0,165,64,0,64,229
10/12/2017,GUM,GU,AWP,WE,Federal Contract Tower,66,10,12,0,88,0,0,68,0,68,66,10,80,0,156,60,0,60,216
10/13/2017,GUM,GU,AWP,WE,Federal Contract Tower,60,12,7,0,79,0,0,40,0,40,60,12,47,0,119,12,0,12,131
10/14/2017,GUM,GU,AWP,WE,Federal Contract Tower,59,10,11,1,81,0,0,32,0,32,59,10,43,1,113,28,0,28,141
10/15/2017,GUM,GU,AWP,WE,Federal Contract Tower,67,4,2,1,74,0,0,37,0,37,67,4,39,1,111,20,0,20,131
10/16/2017,GUM,GU,AWP,WE,Federal Contract Tower,63,10,10,0,83,0,0,36,5,41,63,10,46,5,124,0,0,0,124
10/17/2017,GUM,GU,AWP,WE,Federal Contract Tower,61,10,6,0,77,0,0,40,4,44,61,10,46,4,121,0,0,0,121
10/18/2017,GUM,GU,AWP,WE,Federal Contract Tower,60,10,8,0,78,0,0,6,0,6,60,10,14,0,84,0,0,0,84
10/20/2017,GUM,GU,AWP,WE,Federal Contract Tower,62,10,4,0,76,0,0,55,0,55,62,10,59,0,131,28,0,28,159
10/21/2017,GUM,GU,AWP,WE,Federal Contract Tower,57,10,6,0,73,0,0,54,0,54,57,10,60,0,127,54,0,54,181
10/22/2017,GUM,GU,AWP,WE,Federal Contract Tower,67,10,2,0,79,0,0,38,0,38,67,10,40,0,117,34,0,34,151
10/23/2017,GUM,GU,AWP,WE,Federal Contract Tower,57,10,17,0,84,0,0,72,0,72,57,10,89,0,156,28,0,28,184
10/24/2017,GUM,GU,AWP,WE,Federal Contract Tower,53,8,11,0,72,0,0,10,0,10,53,8,21,0,82,2,0,2,84
10/25/2017,GUM,GU,AWP,WE,Federal Contract Tower,63,10,13,0,86,0,0,17,5,22,63,10,30,5,108,0,0,0,108
10/27/2017,GUM,GU,AWP,WE,Federal Contract Tower,63,10,24,0,97,0,0,72,0,72,63,10,96,0,169,44,0,44,213
10/28/2017,GUM,GU,AWP,WE,Federal Contract Tower,62,12,9,0,83,0,0,73,0,73,62,12,82,0,156,36,0,36,192
10/29/2017,GUM,GU,AWP,WE,Federal Contract Tower,64,11,10,0,85,0,0,62,0,62,64,11,72,0,147,30,0,30,177
10/30/2017,GUM,GU,AWP,WE,Federal Contract Tower,64,10,10,1,85,0,0,52,0,52,64,10,62,1,137,22,0,22,159
10/31/2017,GUM,GU,AWP,WE,Federal Contract Tower,61,10,11,0,82,0,0,66,0,66,61,10,77,0,148,12,0,12,160
11/01/2017,GUM,GU,AWP,WE,Federal Contract Tower,57,11,9,0,77,0,0,42,0,42,57,11,51,0,119,30,0,30,149
11/02/2017,GUM,GU,AWP,WE,Federal Contract Tower,67,11,10,0,88,0,0,71,0,71,67,11,81,0,159,4,0,4,163
11/03/2017,GUM,GU,AWP,WE,Federal Contract Tower,67,10,11,0,88,0,0,38,0,38,67,10,49,0,126,4,0,4,130
11/04/2017,GUM,GU,AWP,WE,Federal Contract Tower,62,10,4,0,76,0,0,46,4,50,62,10,50,4,126,16,0,16,142
11/05/2017,GUM,GU,AWP,WE,Federal Contract Tower,69,22,3,0,94,0,0,57,0,57,69,22,60,0,151,16,0,16,167
11/06/2017,GUM,GU,AWP,WE,Federal Contract Tower,67,6,8,0,81,0,0,50,0,50,67,6,58,0,131,14,0,14,145
11/07/2017,GUM,GU,AWP,WE,Federal Contract Tower,59,18,10,0,87,0,0,66,0,66,59,18,76,0,153,16,0,16,169
11/08/2017,GUM,GU,AWP,WE,Federal Contract Tower,59,10,10,0,79,0,0,60,0,60,59,10,70,0,139,32,0,32,171
11/09/2017,GUM,GU,AWP,WE,Federal Contract Tower,64,9,7,0,80,0,0,46,0,46,64,9,53,0,126,2,0,2,128
11/10/2017,GUM,GU,AWP,WE,Federal Contract Tower,63,11,11,0,85,0,0,84,0,84,63,11,95,0,169,16,0,16,185
11/11/2017,GUM,GU,AWP,WE,Federal Contract Tower,60,10,12,0,82,0,0,68,0,68,60,10,80,0,150,0,0,0,150
11/12/2017,GUM,GU,AWP,WE,Federal Contract Tower,65,10,15,0,90,0,0,56,0,56,65,10,71,0,146,16,0,16,162
11/13/2017,GUM,GU,AWP,WE,Federal Contract Tower,60,10,12,0,82,0,0,36,0,36,60,10,48,0,118,30,0,30,148
11/14/2017,GUM,GU,AWP,WE,Federal Contract Tower,60,11,10,2,83,0,0,40,0,40,60,11,50,2,123,48,0,48,171
11/15/2017,GUM,GU,AWP,WE,Federal Contract Tower,58,14,17,0,89,0,0,47,4,51,58,14,64,4,140,36,2,38,178
11/16/2017,GUM,GU,AWP,WE,Federal Contract Tower,65,10,28,0,103,0,0,46,0,46,65,10,74,0,149,42,0,42,191
11/17/2017,GUM,GU,AWP,WE,Federal Contract Tower,65,10,21,2,98,0,0,73,0,73,65,10,94,2,171,32,0,32,203
11/18/2017,GUM,GU,AWP,WE,Federal Contract Tower,58,10,12,0,80,0,0,64,0,64,58,10,76,0,144,68,0,68,212
11/19/2017,GUM,GU,AWP,WE,Federal Contract Tower,67,10,20,0,97,0,0,52,0,52,67,10,72,0,149,54,0,54,203
11/20/2017,GUM,GU,AWP,WE,Federal Contract Tower,62,10,10,0,82,0,0,50,0,50,62,10,60,0,132,42,0,42,174
11/21/2017,GUM,GU,AWP,WE,Federal Contract Tower,59,10,13,0,82,0,0,83,0,83,59,10,96,0,165,42,2,44,209
11/22/2017,GUM,GU,AWP,WE,Federal Contract Tower,62,10,11,0,83,0,0,42,0,42,62,10,53,0,125,10,0,10,135
11/23/2017,GUM,GU,AWP,WE,Federal Contract Tower,66,10,5,0,81,0,0,53,0,53,66,10,58,0,134,14,0,14,148
11/24/2017,GUM,GU,AWP,WE,Federal Contract Tower,65,10,9,2,86,0,0,76,0,76,65,10,85,2,162,46,0,46,208
11/25/2017,GUM,GU,AWP,WE,Federal Contract Tower,60,10,16,1,87,0,0,52,0,52,60,10,68,1,139,22,0,22,161
11/26/2017,GUM,GU,AWP,WE,Federal Contract Tower,68,10,3,1,82,0,0,50,0,50,68,10,53,1,132,18,0,18,150
11/27/2017,GUM,GU,AWP,WE,Federal Contract Tower,67,12,10,0,89,0,0,58,8,66,67,12,68,8,155,36,10,46,201
11/28/2017,GUM,GU,AWP,WE,Federal Contract Tower,68,10,8,0,86,0,0,60,0,60,68,10,68,0,146,16,0,16,162
11/29/2017,GUM,GU,AWP,WE,Federal Contract Tower,58,10,8,0,76,0,0,42,0,42,58,10,50,0,118,16,0,16,134
11/30/2017,GUM,GU,AWP,WE,Federal Contract Tower,62,9,20,0,91,0,0,54,0,54,62,9,74,0,145,43,0,43,188
12/01/2017,GUM,GU,AWP,WE,Federal Contract Tower,64,10,9,0,83,0,0,53,0,53,64,10,62,0,136,22,0,22,158
12/03/2017,GUM,GU,AWP,WE,Federal Contract Tower,72,10,0,0,82,0,0,56,0,56,72,10,56,0,138,34,0,34,172
12/04/2017,GUM,GU,AWP,WE,Federal Contract Tower,58,10,19,0,87,0,0,54,0,54,58,10,73,0,141,44,0,44,185
12/05/2017,GUM,GU,AWP,WE,Federal Contract Tower,57,10,22,0,89,0,0,66,0,66,57,10,88,0,155,29,0,29,184
12/06/2017,GUM,GU,AWP,WE,Federal Contract Tower,63,10,34,0,107,0,0,70,4,74,63,10,104,4,181,34,0,34,215
12/07/2017,GUM,GU,AWP,WE,Federal Contract Tower,64,10,7,0,81,0,0,74,0,74,64,10,81,0,155,60,0,60,215
12/08/2017,GUM,GU,AWP,WE,Federal Contract Tower,67,10,18,0,95,0,0,35,0,35,67,10,53,0,130,95,0,95,225
12/09/2017,GUM,GU,AWP,WE,Federal Contract Tower,62,9,8,0,79,0,0,44,0,44,62,9,52,0,123,108,0,108,231
12/10/2017,GUM,GU,AWP,WE,Federal Contract Tower,61,10,2,0,73,0,0,43,0,43,61,10,45,0,116,83,0,83,199
12/11/2017,GUM,GU,AWP,WE,Federal Contract Tower,66,13,11,0,90,0,0,54,0,54,66,13,65,0,144,82,0,82,226
12/12/2017,GUM,GU,AWP,WE,Federal Contract Tower,69,10,4,0,83,0,0,54,0,54,69,10,58,0,137,110,2,112,249
12/13/2017,GUM,GU,AWP,WE,Federal Contract Tower,63,10,6,0,79,0,0,4,10,14,63,10,10,10,93,94,0,94,187
12/14/2017,GUM,GU,AWP,WE,Federal Contract Tower,64,10,10,0,84,0,0,69,0,69,64,10,79,0,153,81,0,81,234
12/15/2017,GUM,GU,AWP,WE,Federal Contract Tower,64,11,6,0,81,0,0,61,0,61,64,11,67,0,142,54,0,54,196
12/17/2017,GUM,GU,AWP,WE,Federal Contract Tower,68,10,9,0,87,0,0,34,0,34,68,10,43,0,121,50,0,50,171
12/18/2017,GUM,GU,AWP,WE,Federal Contract Tower,59,10,18,0,87,0,0,46,0,46,59,10,64,0,133,38,2,40,173
12/19/2017,GUM,GU,AWP,WE,Federal Contract Tower,56,10,14,0,80,0,0,48,2,50,56,10,62,2,130,28,0,28,158
12/20/2017,GUM,GU,AWP,WE,Federal Contract Tower,60,10,10,0,80,0,0,34,0,34,60,10,44,0,114,66,0,66,180
12/21/2017,GUM,GU,AWP,WE,Federal Contract Tower,60,10,8,0,78,0,0,78,0,78,60,10,86,0,156,76,0,76,232
12/22/2017,GUM,GU,AWP,WE,Federal Contract Tower,65,10,11,0,86,0,0,82,0,82,65,10,93,0,168,68,0,68,236
12/23/2017,GUM,GU,AWP,WE,Federal Contract Tower,63,10,9,0,82,0,0,62,0,62,63,10,71,0,144,38,0,38,182
12/24/2017,GUM,GU,AWP,WE,Federal Contract Tower,64,10,1,0,75,0,0,46,0,46,64,10,47,0,121,58,0,58,179
12/25/2017,GUM,GU,AWP,WE,Federal Contract Tower,59,10,13,0,82,0,0,36,0,36,59,10,49,0,118,20,0,20,138
12/26/2017,GUM,GU,AWP,WE,Federal Contract Tower,67,10,13,0,90,0,0,84,0,84,67,10,97,0,174,22,0,22,196
12/27/2017,GUM,GU,AWP,WE,Federal Contract Tower,61,10,16,6,93,0,0,64,3,67,61,10,80,9,160,65,6,71,231
12/28/2017,GUM,GU,AWP,WE,Federal Contract Tower,65,10,7,0,82,0,0,63,0,63,65,10,70,0,145,94,0,94,239
12/29/2017,GUM,GU,AWP,WE,Federal Contract Tower,73,10,15,0,98,0,0,65,0,65,73,10,80,0,163,46,0,46,209
12/31/2017,GUM,GU,AWP,WE,Federal Contract Tower,77,10,5,0,92,0,0,80,0,80,77,10,85,0,172,40,0,40,212
01/01/2018,GUM,GU,AWP,WE,Federal Contract Tower,67,10,15,0,92,0,0,86,0,86,67,10,101,0,178,52,0,52,230
01/02/2018,GUM,GU,AWP,WE,Federal Contract Tower,80,10,13,0,103,0,0,100,0,100,80,10,113,0,203,66,0,66,269
01/03/2018,GUM,GU,AWP,WE,Federal Contract Tower,69,10,10,0,89,0,0,101,2,103,69,10,111,2,192,112,0,112,304
01/04/2018,GUM,GU,AWP,WE,Federal Contract Tower,68,10,8,0,86,0,0,65,0,65,68,10,73,0,151,46,0,46,197
01/05/2018,GUM,GU,AWP,WE,Federal Contract Tower,69,10,8,2,89,0,0,70,0,70,69,10,78,2,159,28,0,28,187
01/06/2018,GUM,GU,AWP,WE,Federal Contract Tower,63,10,11,0,84,0,0,70,2,72,63,10,81,2,156,82,2,84,240
01/07/2018,GUM,GU,AWP,WE,Federal Contract Tower,68,10,9,0,87,0,0,62,0,62,68,10,71,0,149,86,0,86,235
01/08/2018,GUM,GU,AWP,WE,Federal Contract Tower,63,10,24,0,97,0,0,64,0,64,63,10,88,0,161,30,0,30,191
01/09/2018,GUM,GU,AWP,WE,Federal Contract Tower,58,12,19,2,91,0,0,44,0,44,58,12,63,2,135,8,0,8,143
01/10/2018,GUM,GU,AWP,WE,Federal Contract Tower,53,10,12,4,79,0,0,60,2,62,53,10,72,6,141,24,0,24,165
01/11/2018,GUM,GU,AWP,WE,Federal Contract Tower,59,10,8,2,79,0,0,64,0,64,59,10,72,2,143,56,0,56,199
01/12/2018,GUM,GU,AWP,WE,Federal Contract Tower,62,10,11,0,83,0,0,54,0,54,62,10,65,0,137,38,0,38,175
01/13/2018,GUM,GU,AWP,WE,Federal Contract Tower,54,10,13,0,77,0,0,46,0,46,54,10,59,0,123,38,0,38,161
01/14/2018,GUM,GU,AWP,WE,Federal Contract Tower,65,10,4,0,79,0,0,48,0,48,65,10,52,0,127,18,0,18,145
01/15/2018,GUM,GU,AWP,WE,Federal Contract Tower,60,10,24,0,94,0,0,56,0,56,60,10,80,0,150,36,0,36,186
01/16/2018,GUM,GU,AWP,WE,Federal Contract Tower,61,11,11,0,83,0,0,60,0,60,61,11,71,0,143,26,0,26,169
01/17/2018,GUM,GU,AWP,WE,Federal Contract Tower,54,10,8,0,72,0,0,52,2,54,54,10,60,2,126,16,0,16,142
01/18/2018,GUM,GU,AWP,WE,Federal Contract Tower,60,10,4,1,75,0,0,54,0,54,60,10,58,1,129,24,0,24,153
01/19/2018,GUM,GU,AWP,WE,Federal Contract Tower,61,10,11,0,82,0,0,0,0,0,61,10,11,0,82,16,0,16,98
01/20/2018,GUM,GU,AWP,WE,Federal Contract Tower,57,11,3,0,71,0,0,58,1,59,57,11,61,1,130,38,0,38,168
01/21/2018,GUM,GU,AWP,WE,Federal Contract Tower,66,11,7,0,84,0,0,56,2,58,66,11,63,2,142,38,0,38,180
01/22/2018,GUM,GU,AWP,WE,Federal Contract Tower,58,10,10,0,78,0,0,46,2,48,58,10,56,2,126,22,0,22,148
01/23/2018,GUM,GU,AWP,WE,Federal Contract Tower,57,18,18,0,93,0,0,90,2,92,57,18,108,2,185,66,0,66,251
01/24/2018,GUM,GU,AWP,WE,Federal Contract Tower,57,10,9,0,76,0,0,68,0,68,57,10,77,0,144,42,0,42,186
01/25/2018,GUM,GU,AWP,WE,Federal Contract Tower,59,10,11,0,80,0,0,88,0,88,59,10,99,0,168,63,0,63,231
01/26/2018,GUM,GU,AWP,WE,Federal Contract Tower,66,10,6,0,82,0,0,60,0,60,66,10,66,0,142,61,0,61,203
01/27/2018,GUM,GU,AWP,WE,Federal Contract Tower,60,10,8,0,78,0,0,76,0,76,60,10,84,0,154,90,0,90,244
01/28/2018,GUM,GU,AWP,WE,Federal Contract Tower,63,11,8,0,82,0,0,79,0,79,63,11,87,0,161,60,0,60,221
01/29/2018,GUM,GU,AWP,WE,Federal Contract Tower,56,11,5,0,72,0,0,50,0,50,56,11,55,0,122,46,0,46,168
01/30/2018,GUM,GU,AWP,WE,Federal Contract Tower,61,10,23,0,94,0,0,80,0,80,61,10,103,0,174,52,4,56,230
01/31/2018,GUM,GU,AWP,WE,Federal Contract Tower,63,10,8,2,83,0,0,70,0,70,63,10,78,2,153,36,0,36,189
02/01/2018,GUM,GU,AWP,WE,Federal Contract Tower,64,10,8,3,85,0,0,0,0,0,64,10,8,3,85,17,0,17,102
02/02/2018,GUM,GU,AWP,WE,Federal Contract Tower,63,10,11,0,84,0,0,59,0,59,63,10,70,0,143,6,0,6,149
02/03/2018,GUM,GU,AWP,WE,Federal Contract Tower,58,10,4,1,73,0,0,70,0,70,58,10,74,1,143,64,0,64,207
02/04/2018,GUM,GU,AWP,WE,Federal Contract Tower,67,10,2,0,79,0,0,72,0,72,67,10,74,0,151,68,0,68,219
02/05/2018,GUM,GU,AWP,WE,Federal Contract Tower,57,10,10,0,77,0,0,84,0,84,57,10,94,0,161,54,0,54,215
02/06/2018,GUM,GU,AWP,WE,Federal Contract Tower,57,10,4,0,71,0,0,96,0,96,57,10,100,0,167,42,0,42,209
02/07/2018,GUM,GU,AWP,WE,Federal Contract Tower,58,10,10,2,80,0,0,72,0,72,58,10,82,2,152,42,0,42,194
02/08/2018,GUM,GU,AWP,WE,Federal Contract Tower,65,10,7,2,84,0,0,87,0,87,65,10,94,2,171,16,0,16,187
02/09/2018,GUM,GU,AWP,WE,Federal Contract Tower,69,10,11,0,90,0,0,61,0,61,69,10,72,0,151,18,0,18,169
02/11/2018,GUM,GU,AWP,WE,Federal Contract Tower,72,9,3,0,84,0,0,81,0,81,72,9,84,0,165,86,0,86,251
02/12/2018,GUM,GU,AWP,WE,Federal Contract Tower,58,10,11,5,84,0,0,76,0,76,58,10,87,5,160,131,0,131,291
02/13/2018,GUM,GU,AWP,WE,Federal Contract Tower,62,10,13,0,85,0,0,88,0,88,62,10,101,0,173,116,0,116,289
02/14/2018,GUM,GU,AWP,WE,Federal Contract Tower,55,10,8,0,73,0,0,70,0,70,55,10,78,0,143,110,0,110,253
02/15/2018,GUM,GU,AWP,WE,Federal Contract Tower,63,12,18,3,96,0,0,0,0,0,63,12,18,3,96,82,0,82,178
02/16/2018,GUM,GU,AWP,WE,Federal Contract Tower,66,10,10,0,86,0,0,115,0,115,66,10,125,0,201,116,0,116,317
02/17/2018,GUM,GU,AWP,WE,Federal Contract Tower,57,10,8,0,75,0,0,126,0,126,57,10,134,0,201,97,0,97,298
02/18/2018,GUM,GU,AWP,WE,Federal Contract Tower,71,10,1,0,82,0,0,142,0,142,71,10,143,0,224,96,0,96,320
02/19/2018,GUM,GU,AWP,WE,Federal Contract Tower,59,10,13,2,84,0,0,134,0,134,59,10,147,2,218,54,0,54,272
02/20/2018,GUM,GU,AWP,WE,Federal Contract Tower,64,9,13,9,95,0,1,112,0,113,64,10,125,9,208,54,0,54,262
02/21/2018,GUM,GU,AWP,WE,Federal Contract Tower,57,10,9,0,76,0,0,132,0,132,57,10,141,0,208,42,0,42,250
02/22/2018,GUM,GU,AWP,WE,Federal Contract Tower,61,10,4,0,75,0,0,108,0,108,61,10,112,0,183,22,0,22,205
02/23/2018,GUM,GU,AWP,WE,Federal Contract Tower,61,10,13,0,84,0,0,94,0,94,61,10,107,0,178,22,0,22,200
02/24/2018,GUM,GU,AWP,WE,Federal Contract Tower,58,12,6,0,76,0,0,123,0,123,58,12,129,0,199,38,0,38,237
02/25/2018,GUM,GU,AWP,WE,Federal Contract Tower,63,12,12,0,87,0,0,67,0,67,63,12,79,0,154,68,0,68,222
02/26/2018,GUM,GU,AWP,WE,Federal Contract Tower,59,10,14,6,89,0,0,90,0,90,59,10,104,6,179,33,0,33,212
02/27/2018,GUM,GU,AWP,WE,Federal Contract Tower,57,10,6,2,75,0,0,50,0,50,57,10,56,2,125,16,0,16,141
03/01/2018,GUM,GU,AWP,WE,Federal Contract Tower,60,10,4,8,82,0,0,56,0,56,60,10,60,8,138,61,0,61,199
03/02/2018,GUM,GU,AWP,WE,Federal Contract Tower,63,10,14,0,87,0,0,36,2,38,63,10,50,2,125,64,0,64,189
03/03/2018,GUM,GU,AWP,WE,Federal Contract Tower,57,10,10,0,77,0,0,48,0,48,57,10,58,0,125,63,0,63,188
03/04/2018,GUM,GU,AWP,WE,Federal Contract Tower,71,10,2,0,83,0,0,48,0,48,71,10,50,0,131,63,0,63,194
03/05/2018,GUM,GU,AWP,WE,Federal Contract Tower,60,10,6,0,76,0,0,36,0,36,60,10,42,0,112,26,0,26,138
03/06/2018,GUM,GU,AWP,WE,Federal Contract Tower,58,9,6,0,73,0,0,50,0,50,58,9,56,0,123,32,0,32,155
03/07/2018,GUM,GU,AWP,WE,Federal Contract Tower,51,10,6,0,67,0,0,64,0,64,51,10,70,0,131,80,0,80,211
03/08/2018,GUM,GU,AWP,WE,Federal Contract Tower,60,10,9,2,81,0,0,97,0,97,60,10,106,2,178,28,0,28,206
03/09/2018,GUM,GU,AWP,WE,Federal Contract Tower,58,10,9,0,77,0,0,90,0,90,58,10,99,0,167,92,0,92,259
03/10/2018,GUM,GU,AWP,WE,Federal Contract Tower,57,10,9,0,76,0,0,62,0,62,57,10,71,0,138,56,0,56,194
03/11/2018,GUM,GU,AWP,WE,Federal Contract Tower,66,10,10,0,86,0,0,48,0,48,66,10,58,0,134,32,0,32,166
03/12/2018,GUM,GU,AWP,WE,Federal Contract Tower,57,10,4,0,71,0,0,52,0,52,57,10,56,0,123,20,0,20,143
03/13/2018,GUM,GU,AWP,WE,Federal Contract Tower,54,10,8,0,72,0,0,74,0,74,54,10,82,0,146,58,0,58,204
03/14/2018,GUM,GU,AWP,WE,Federal Contract Tower,51,10,4,4,69,0,0,70,0,70,51,10,74,4,139,24,0,24,163
03/15/2018,GUM,GU,AWP,WE,Federal Contract Tower,65,11,3,2,81,0,0,72,0,72,65,11,75,2,153,114,0,114,267
03/16/2018,GUM,GU,AWP,WE,Federal Contract Tower,62,10,15,0,87,0,0,41,0,41,62,10,56,0,128,50,0,50,178
03/17/2018,GUM,GU,AWP,WE,Federal Contract Tower,58,10,14,0,82,0,0,79,0,79,58,10,93,0,161,98,0,98,259
03/18/2018,GUM,GU,AWP,WE,Federal Contract Tower,67,10,14,0,91,0,0,84,0,84,67,10,98,0,175,36,0,36,211
03/19/2018,GUM,GU,AWP,WE,Federal Contract Tower,63,12,8,0,83,0,1,67,0,68,63,13,75,0,151,56,2,58,209
03/20/2018,GUM,GU,AWP,WE,Federal Contract Tower,62,14,6,0,82,0,0,82,0,82,62,14,88,0,164,70,0,70,234
03/21/2018,GUM,GU,AWP,WE,Federal Contract Tower,57,10,11,0,78,0,0,70,0,70,57,10,81,0,148,85,0,85,233
03/22/2018,GUM,GU,AWP,WE,Federal Contract Tower,66,10,9,1,86,0,0,61,0,61,66,10,70,1,147,126,0,126,273
03/23/2018,GUM,GU,AWP,WE,Federal Contract Tower,72,10,18,0,100,0,0,37,0,37,72,10,55,0,137,76,0,76,213
03/24/2018,GUM,GU,AWP,WE,Federal Contract Tower,70,10,12,0,92,0,0,40,0,40,70,10,52,0,132,80,0,80,212
03/25/2018,GUM,GU,AWP,WE,Federal Contract Tower,69,10,3,0,82,0,0,44,0,44,69,10,47,0,126,96,0,96,222
03/26/2018,GUM,GU,AWP,WE,Federal Contract Tower,67,10,10,0,87,0,0,22,0,22,67,10,32,0,109,118,0,118,227
03/27/2018,GUM,GU,AWP,WE,Federal Contract Tower,64,10,8,0,82,0,0,26,0,26,64,10,34,0,108,106,2,108,216
03/28/2018,GUM,GU,AWP,WE,Federal Contract Tower,70,10,4,0,84,0,0,36,0,36,70,10,40,0,120,80,0,80,200
03/29/2018,GUM,GU,AWP,WE,Federal Contract Tower,64,10,4,0,78,0,0,55,0,55,64,10,59,0,133,103,0,103,236
03/30/2018,GUM,GU,AWP,WE,Federal Contract Tower,75,11,15,0,101,0,0,44,0,44,75,11,59,0,145,128,0,128,273
03/31/2018,GUM,GU,AWP,WE,Federal Contract Tower,63,12,4,0,79,0,0,44,0,44,63,12,48,0,123,48,0,48,171
04/01/2018,GUM,GU,AWP,WE,Federal Contract Tower,69,10,5,0,84,0,0,32,0,32,69,10,37,0,116,64,0,64,180
04/02/2018,GUM,GU,AWP,WE,Federal Contract Tower,61,10,10,0,81,0,0,32,0,32,61,10,42,0,113,66,0,66,179
04/03/2018,GUM,GU,AWP,WE,Federal Contract Tower,64,10,9,0,83,0,0,68,0,68,64,10,77,0,151,22,0,22,173
04/04/2018,GUM,GU,AWP,WE,Federal Contract Tower,62,10,3,0,75,0,0,77,0,77,62,10,80,0,152,106,0,106,258
04/05/2018,GUM,GU,AWP,WE,Federal Contract Tower,63,10,9,0,82,0,0,74,0,74,63,10,83,0,156,83,0,83,239
04/06/2018,GUM,GU,AWP,WE,Federal Contract Tower,63,10,9,0,82,0,0,52,0,52,63,10,61,0,134,48,0,48,182
04/07/2018,GUM,GU,AWP,WE,Federal Contract Tower,59,10,6,0,75,0,0,67,0,67,59,10,73,0,142,80,0,80,222
04/08/2018,GUM,GU,AWP,WE,Federal Contract Tower,64,10,1,0,75,0,0,34,0,34,64,10,35,0,109,54,0,54,163
04/09/2018,GUM,GU,AWP,WE,Federal Contract Tower,57,10,13,0,80,0,0,42,0,42,57,10,55,0,122,64,0,64,186
04/10/2018,GUM,GU,AWP,WE,Federal Contract Tower,58,10,9,0,77,0,0,0,0,0,58,10,9,0,77,88,0,88,165
04/11/2018,GUM,GU,AWP,WE,Federal Contract Tower,57,11,6,0,74,0,0,54,0,54,57,11,60,0,128,68,0,68,196
04/12/2018,GUM,GU,AWP,WE,Federal Contract Tower,58,10,5,0,73,0,0,52,0,52,58,10,57,0,125,85,0,85,210
04/13/2018,GUM,GU,AWP,WE,Federal Contract Tower,63,15,7,0,85,0,0,50,0,50,63,15,57,0,135,54,0,54,189
04/14/2018,GUM,GU,AWP,WE,Federal Contract Tower,58,14,6,0,78,0,0,60,0,60,58,14,66,0,138,48,0,48,186
04/16/2018,GUM,GU,AWP,WE,Federal Contract Tower,60,10,4,0,74,0,0,54,0,54,60,10,58,0,128,44,0,44,172
04/17/2018,GUM,GU,AWP,WE,Federal Contract Tower,61,10,10,0,81,0,0,55,0,55,61,10,65,0,136,42,0,42,178
04/18/2018,GUM,GU,AWP,WE,Federal Contract Tower,58,15,5,2,80,0,0,60,0,60,58,15,65,2,140,4,0,4,144
04/19/2018,GUM,GU,AWP,WE,Federal Contract Tower,57,16,5,0,78,0,0,36,0,36,57,16,41,0,114,12,0,12,126
04/20/2018,GUM,GU,AWP,WE,Federal Contract Tower,60,18,14,0,92,0,0,0,0,0,60,18,14,0,92,56,0,56,148
04/21/2018,GUM,GU,AWP,WE,Federal Contract Tower,61,9,16,0,86,0,0,32,0,32,61,9,48,0,118,64,0,64,182
04/22/2018,GUM,GU,AWP,WE,Federal Contract Tower,66,12,6,0,84,0,0,40,0,40,66,12,46,0,124,62,0,62,186
04/23/2018,GUM,GU,AWP,WE,Federal Contract Tower,63,10,16,0,89,0,0,40,0,40,63,10,56,0,129,50,0,50,179
04/24/2018,GUM,GU,AWP,WE,Federal Contract Tower,61,10,11,4,86,0,0,50,0,50,61,10,61,4,136,62,8,70,206
04/25/2018,GUM,GU,AWP,WE,Federal Contract Tower,56,10,9,0,75,0,0,32,0,32,56,10,41,0,107,26,0,26,133
04/26/2018,GUM,GU,AWP,WE,Federal Contract Tower,60,10,4,0,74,0,0,59,0,59,60,10,63,0,133,36,0,36,169
04/27/2018,GUM,GU,AWP,WE,Federal Contract Tower,60,10,11,0,81,0,0,55,0,55,60,10,66,0,136,64,0,64,200
04/28/2018,GUM,GU,AWP,WE,Federal Contract Tower,55,9,9,0,73,0,0,0,0,0,55,9,9,0,73,128,0,128,201
04/29/2018,GUM,GU,AWP,WE,Federal Contract Tower,63,11,4,0,78,0,0,66,0,66,63,11,70,0,144,120,0,120,264
04/30/2018,GUM,GU,AWP,WE,Federal Contract Tower,57,10,6,0,73,0,0,62,0,62,57,10,68,0,135,106,0,106,241
05/01/2018,GUM,GU,AWP,WE,Federal Contract Tower,62,10,6,0,78,0,0,72,2,74,62,10,78,2,152,66,2,68,220
05/02/2018,GUM,GU,AWP,WE,Federal Contract Tower,60,10,6,2,78,0,0,78,0,78,60,10,84,2,156,82,0,82,238
05/03/2018,GUM,GU,AWP,WE,Federal Contract Tower,72,10,6,2,90,0,0,77,0,77,72,10,83,2,167,80,0,80,247
05/04/2018,GUM,GU,AWP,WE,Federal Contract Tower,64,10,10,0,84,0,0,78,0,78,64,10,88,0,162,64,0,64,226
05/05/2018,GUM,GU,AWP,WE,Federal Contract Tower,57,10,6,0,73,0,0,76,0,76,57,10,82,0,149,38,0,38,187
05/06/2018,GUM,GU,AWP,WE,Federal Contract Tower,73,10,3,0,86,0,0,62,0,62,73,10,65,0,148,66,0,66,214
05/07/2018,GUM,GU,AWP,WE,Federal Contract Tower,52,10,12,0,74,0,0,56,0,56,52,10,68,0,130,22,0,22,152
05/08/2018,GUM,GU,AWP,WE,Federal Contract Tower,57,10,10,0,77,0,0,52,0,52,57,10,62,0,129,22,0,22,151
05/09/2018,GUM,GU,AWP,WE,Federal Contract Tower,52,10,8,0,70,0,0,46,0,46,52,10,54,0,116,44,0,44,160
05/10/2018,GUM,GU,AWP,WE,Federal Contract Tower,55,12,5,0,72,0,0,34,0,34,55,12,39,0,106,12,0,12,118
05/11/2018,GUM,GU,AWP,WE,Federal Contract Tower,63,10,12,0,85,0,0,46,0,46,63,10,58,0,131,30,0,30,161
05/12/2018,GUM,GU,AWP,WE,Federal Contract Tower,52,11,12,0,75,0,0,54,0,54,52,11,66,0,129,53,0,53,182
05/13/2018,GUM,GU,AWP,WE,Federal Contract Tower,63,10,1,0,74,0,0,56,0,56,63,10,57,0,130,36,0,36,166
05/14/2018,GUM,GU,AWP,WE,Federal Contract Tower,56,10,6,0,72,0,0,60,0,60,56,10,66,0,132,26,6,32,164
05/15/2018,GUM,GU,AWP,WE,Federal Contract Tower,57,10,8,0,75,0,0,72,0,72,57,10,80,0,147,14,6,20,167
05/16/2018,GUM,GU,AWP,WE,Federal Contract Tower,53,10,6,0,69,0,0,38,0,38,53,10,44,0,107,18,0,18,125
05/17/2018,GUM,GU,AWP,WE,Federal Contract Tower,59,12,8,0,79,0,0,28,0,28,59,12,36,0,107,14,0,14,121
05/18/2018,GUM,GU,AWP,WE,Federal Contract Tower,61,10,6,0,77,0,0,70,0,70,61,10,76,0,147,16,0,16,163
05/19/2018,GUM,GU,AWP,WE,Federal Contract Tower,54,10,7,0,71,0,0,66,0,66,54,10,73,0,137,31,0,31,168
05/20/2018,GUM,GU,AWP,WE,Federal Contract Tower,63,10,0,0,73,0,0,50,0,50,63,10,50,0,123,42,0,42,165
05/21/2018,GUM,GU,AWP,WE,Federal Contract Tower,60,10,12,0,82,0,0,62,0,62,60,10,74,0,144,22,0,22,166
05/22/2018,GUM,GU,AWP,WE,Federal Contract Tower,56,10,12,0,78,0,0,84,0,84,56,10,96,0,162,69,0,69,231
05/23/2018,GUM,GU,AWP,WE,Federal Contract Tower,55,11,13,3,82,0,0,70,0,70,55,11,83,3,152,18,0,18,170
05/24/2018,GUM,GU,AWP,WE,Federal Contract Tower,57,11,4,0,72,0,0,79,0,79,57,11,83,0,151,30,0,30,181
05/25/2018,GUM,GU,AWP,WE,Federal Contract Tower,59,10,7,0,76,0,0,90,0,90,59,10,97,0,166,20,0,20,186
05/26/2018,GUM,GU,AWP,WE,Federal Contract Tower,57,10,4,0,71,0,0,46,0,46,57,10,50,0,117,75,0,75,192
05/27/2018,GUM,GU,AWP,WE,Federal Contract Tower,62,11,8,0,81,0,0,64,0,64,62,11,72,0,145,71,0,71,216
05/28/2018,GUM,GU,AWP,WE,Federal Contract Tower,56,12,10,0,78,0,0,82,0,82,56,12,92,0,160,64,0,64,224
05/29/2018,GUM,GU,AWP,WE,Federal Contract Tower,55,11,7,0,73,0,0,61,0,61,55,11,68,0,134,20,0,20,154
05/30/2018,GUM,GU,AWP,WE,Federal Contract Tower,52,10,5,13,80,0,0,79,0,79,52,10,84,13,159,8,0,8,167
05/31/2018,GUM,GU,AWP,WE,Federal Contract Tower,54,10,6,0,70,0,0,71,0,71,54,10,77,0,141,38,0,38,179
06/01/2018,GUM,GU,AWP,WE,Federal Contract Tower,58,0,12,0,70,0,0,63,0,63,58,0,75,0,133,22,0,22,155
06/02/2018,GUM,GU,AWP,WE,Federal Contract Tower,55,0,21,0,76,0,0,68,0,68,55,0,89,0,144,15,0,15,159
06/03/2018,GUM,GU,AWP,WE,Federal Contract Tower,64,0,6,0,70,0,0,42,0,42,64,0,48,0,112,14,0,14,126
06/04/2018,GUM,GU,AWP,WE,Federal Contract Tower,58,0,14,0,72,0,0,61,0,61,58,0,75,0,133,46,0,46,179
06/05/2018,GUM,GU,AWP,WE,Federal Contract Tower,57,0,10,0,67,0,0,59,0,59,57,0,69,0,126,68,0,68,194
06/06/2018,GUM,GU,AWP,WE,Federal Contract Tower,55,1,7,0,63,0,0,84,4,88,55,1,91,4,151,38,0,38,189
06/07/2018,GUM,GU,AWP,WE,Federal Contract Tower,59,0,15,2,76,0,0,72,0,72,59,0,87,2,148,38,0,38,186
06/08/2018,GUM,GU,AWP,WE,Federal Contract Tower,59,0,15,0,74,0,1,56,0,57,59,1,71,0,131,2,0,2,133
06/09/2018,GUM,GU,AWP,WE,Federal Contract Tower,60,1,5,0,66,0,0,73,0,73,60,1,78,0,139,55,0,55,194
06/10/2018,GUM,GU,AWP,WE,Federal Contract Tower,66,0,8,0,74,0,0,68,0,68,66,0,76,0,142,44,2,46,188
06/11/2018,GUM,GU,AWP,WE,Federal Contract Tower,61,0,8,0,69,0,0,43,0,43,61,0,51,0,112,40,0,40,152
06/12/2018,GUM,GU,AWP,WE,Federal Contract Tower,58,0,12,0,70,0,0,69,0,69,58,0,81,0,139,22,6,28,167
06/13/2018,GUM,GU,AWP,WE,Federal Contract Tower,58,2,6,0,66,0,0,72,0,72,58,2,78,0,138,48,0,48,186
06/14/2018,GUM,GU,AWP,WE,Federal Contract Tower,60,1,6,0,67,0,0,81,0,81,60,1,87,0,148,20,0,20,168
06/15/2018,GUM,GU,AWP,WE,Federal Contract Tower,61,0,10,0,71,0,0,78,0,78,61,0,88,0,149,46,0,46,195
06/16/2018,GUM,GU,AWP,WE,Federal Contract Tower,61,2,10,0,73,0,0,82,0,82,61,2,92,0,155,66,0,66,221
06/17/2018,GUM,GU,AWP,WE,Federal Contract Tower,65,0,6,0,71,0,0,88,0,88,65,0,94,0,159,72,0,72,231
06/18/2018,GUM,GU,AWP,WE,Federal Contract Tower,62,0,12,0,74,0,4,86,0,90,62,4,98,0,164,52,2,54,218
06/19/2018,GUM,GU,AWP,WE,Federal Contract Tower,62,1,9,0,72,0,0,97,0,97,62,1,106,0,169,80,2,82,251
06/20/2018,GUM,GU,AWP,WE,Federal Contract Tower,59,0,8,0,67,0,0,82,0,82,59,0,90,0,149,24,0,24,173
06/21/2018,GUM,GU,AWP,WE,Federal Contract Tower,63,1,8,3,75,0,0,84,0,84,63,1,92,3,159,134,0,134,293
06/22/2018,GUM,GU,AWP,WE,Federal Contract Tower,63,0,3,0,66,0,0,58,0,58,63,0,61,0,124,36,0,36,160
06/23/2018,GUM,GU,AWP,WE,Federal Contract Tower,60,0,6,0,66,0,0,80,0,80,60,0,86,0,146,38,0,38,184
06/24/2018,GUM,GU,AWP,WE,Federal Contract Tower,67,0,1,0,68,0,0,62,0,62,67,0,63,0,130,54,0,54,184
06/25/2018,GUM,GU,AWP,WE,Federal Contract Tower,61,0,7,0,68,0,4,77,0,81,61,4,84,0,149,56,0,56,205
06/26/2018,GUM,GU,AWP,WE,Federal Contract Tower,60,0,8,0,68,0,0,52,0,52,60,0,60,0,120,56,0,56,176
06/27/2018,GUM,GU,AWP,WE,Federal Contract Tower,60,0,8,0,68,0,0,58,6,64,60,0,66,6,132,126,0,126,258
06/28/2018,GUM,GU,AWP,WE,Federal Contract Tower,60,1,9,4,74,0,0,60,0,60,60,1,69,4,134,89,0,89,223
06/29/2018,GUM,GU,AWP,WE,Federal Contract Tower,63,1,21,0,85,0,0,70,0,70,63,1,91,0,155,117,0,117,272
06/30/2018,GUM,GU,AWP,WE,Federal Contract Tower,59,0,18,0,77,0,0,70,0,70,59,0,88,0,147,138,0,138,285
07/01/2018,GUM,GU,AWP,WE,Federal Contract Tower,65,0,7,0,72,0,2,69,0,71,65,2,76,0,143,100,0,100,243
07/02/2018,GUM,GU,AWP,WE,Federal Contract Tower,63,0,2,0,65,0,2,78,0,80,63,2,80,0,145,115,2,117,262
07/03/2018,GUM,GU,AWP,WE,Federal Contract Tower,63,1,5,0,69,0,0,55,0,55,63,1,60,0,124,68,0,68,192
07/04/2018,GUM,GU,AWP,WE,Federal Contract Tower,62,2,0,0,64,0,0,40,0,40,62,2,40,0,104,50,0,50,154
07/05/2018,GUM,GU,AWP,WE,Federal Contract Tower,48,0,0,0,48,0,0,2,0,2,48,0,2,0,50,0,0,0,50
07/06/2018,GUM,GU,AWP,WE,Federal Contract Tower,76,0,12,0,88,0,0,55,0,55,76,0,67,0,143,6,0,6,149
07/07/2018,GUM,GU,AWP,WE,Federal Contract Tower,68,0,4,0,72,0,0,60,0,60,68,0,64,0,132,16,0,16,148
07/08/2018,GUM,GU,AWP,WE,Federal Contract Tower,68,0,2,0,70,0,2,40,0,42,68,2,42,0,112,41,0,41,153
07/09/2018,GUM,GU,AWP,WE,Federal Contract Tower,60,0,8,1,69,0,0,82,3,85,60,0,90,4,154,52,2,54,208
07/10/2018,GUM,GU,AWP,WE,Federal Contract Tower,61,3,8,2,74,0,0,81,0,81,61,3,89,2,155,68,0,68,223
07/11/2018,GUM,GU,AWP,WE,Federal Contract Tower,58,0,2,0,60,0,2,70,2,74,58,2,72,2,134,14,0,14,148
07/12/2018,GUM,GU,AWP,WE,Federal Contract Tower,62,0,2,2,66,0,0,74,0,74,62,0,76,2,140,26,0,26,166
07/13/2018,GUM,GU,AWP,WE,Federal Contract Tower,65,0,10,0,75,0,0,91,0,91,65,0,101,0,166,20,0,20,186
07/14/2018,GUM,GU,AWP,WE,Federal Contract Tower,61,1,5,0,67,0,2,86,0,88,61,3,91,0,155,60,0,60,215
07/15/2018,GUM,GU,AWP,WE,Federal Contract Tower,65,0,2,0,67,0,0,74,0,74,65,0,76,0,141,66,0,66,207
07/16/2018,GUM,GU,AWP,WE,Federal Contract Tower,58,1,1,0,60,0,0,64,0,64,58,1,65,0,124,54,0,54,178
07/17/2018,GUM,GU,AWP,WE,Federal Contract Tower,60,1,3,0,64,0,0,94,0,94,60,1,97,0,158,56,0,56,214
07/18/2018,GUM,GU,AWP,WE,Federal Contract Tower,58,0,6,0,64,0,0,102,0,102,58,0,108,0,166,50,0,50,216
07/19/2018,GUM,GU,AWP,WE,Federal Contract Tower,59,1,5,0,65,0,0,94,0,94,59,1,99,0,159,133,0,133,292
07/20/2018,GUM,GU,AWP,WE,Federal Contract Tower,60,0,8,0,68,0,0,79,0,79,60,0,87,0,147,190,0,190,337
07/21/2018,GUM,GU,AWP,WE,Federal Contract Tower,66,1,6,0,73,0,0,0,0,0,66,1,6,0,73,112,0,112,185
07/22/2018,GUM,GU,AWP,WE,Federal Contract Tower,69,0,2,0,71,0,0,58,0,58,69,0,60,0,129,184,0,184,313
07/23/2018,GUM,GU,AWP,WE,Federal Contract Tower,61,0,3,0,64,0,0,74,0,74,61,0,77,0,138,152,16,168,306
07/24/2018,GUM,GU,AWP,WE,Federal Contract Tower,62,0,4,5,71,0,0,76,3,79,62,0,80,8,150,118,1,119,269
07/25/2018,GUM,GU,AWP,WE,Federal Contract Tower,66,0,10,0,76,0,0,82,2,84,66,0,92,2,160,100,0,100,260
07/26/2018,GUM,GU,AWP,WE,Federal Contract Tower,79,0,5,0,84,0,0,65,0,65,79,0,70,0,149,108,0,108,257
07/27/2018,GUM,GU,AWP,WE,Federal Contract Tower,67,0,12,0,79,0,0,75,0,75,67,0,87,0,154,112,0,112,266
07/28/2018,GUM,GU,AWP,WE,Federal Contract Tower,65,0,4,0,69,0,0,62,0,62,65,0,66,0,131,96,0,96,227
07/29/2018,GUM,GU,AWP,WE,Federal Contract Tower,76,0,1,0,77,0,0,62,0,62,76,0,63,0,139,76,0,76,215
07/30/2018,GUM,GU,AWP,WE,Federal Contract Tower,71,0,7,0,78,0,0,70,3,73,71,0,77,3,151,46,0,46,197
07/31/2018,GUM,GU,AWP,WE,Federal Contract Tower,70,0,0,0,70,0,0,82,0,82,70,0,82,0,152,106,0,106,258
08/01/2018,GUM,GU,AWP,WE,Federal Contract Tower,68,0,7,0,75,0,0,77,1,78,68,0,84,1,153,84,0,84,237
08/02/2018,GUM,GU,AWP,WE,Federal Contract Tower,66,0,7,0,73,0,0,46,0,46,66,0,53,0,119,18,0,18,137
08/03/2018,GUM,GU,AWP,WE,Federal Contract Tower,69,0,10,0,79,0,0,53,0,53,69,0,63,0,132,14,0,14,146
08/04/2018,GUM,GU,AWP,WE,Federal Contract Tower,66,0,8,0,74,0,0,45,6,51,66,0,53,6,125,10,0,10,135
08/05/2018,GUM,GU,AWP,WE,Federal Contract Tower,69,0,0,0,69,0,0,84,0,84,69,0,84,0,153,32,0,32,185
08/06/2018,GUM,GU,AWP,WE,Federal Contract Tower,64,0,11,0,75,0,1,59,0,60,64,1,70,0,135,22,0,22,157
08/07/2018,GUM,GU,AWP,WE,Federal Contract Tower,66,1,10,0,77,0,0,106,0,106,66,1,116,0,183,36,0,36,219
08/08/2018,GUM,GU,AWP,WE,Federal Contract Tower,62,0,12,0,74,0,0,78,0,78,62,0,90,0,152,42,0,42,194
08/09/2018,GUM,GU,AWP,WE,Federal Contract Tower,71,0,4,0,75,0,0,59,0,59,71,0,63,0,134,42,0,42,176
08/10/2018,GUM,GU,AWP,WE,Federal Contract Tower,75,0,13,0,88,0,0,77,0,77,75,0,90,0,165,84,0,84,249
08/11/2018,GUM,GU,AWP,WE,Federal Contract Tower,72,1,5,0,78,0,0,64,0,64,72,1,69,0,142,98,0,98,240
08/12/2018,GUM,GU,AWP,WE,Federal Contract Tower,74,0,1,0,75,0,0,82,0,82,74,0,83,0,157,108,0,108,265
08/13/2018,GUM,GU,AWP,WE,Federal Contract Tower,67,0,17,0,84,0,1,83,0,84,67,1,100,0,168,64,0,64,232
08/14/2018,GUM,GU,AWP,WE,Federal Contract Tower,70,1,13,0,84,0,1,76,0,77,70,2,89,0,161,42,0,42,203
08/15/2018,GUM,GU,AWP,WE,Federal Contract Tower,74,1,13,0,88,0,0,54,4,58,74,1,67,4,146,34,0,34,180
08/16/2018,GUM,GU,AWP,WE,Federal Contract Tower,70,0,4,0,74,0,0,51,0,51,70,0,55,0,125,22,0,22,147
08/17/2018,GUM,GU,AWP,WE,Federal Contract Tower,70,0,7,0,77,0,0,80,0,80,70,0,87,0,157,42,0,42,199
08/18/2018,GUM,GU,AWP,WE,Federal Contract Tower,65,0,12,0,77,0,0,80,0,80,65,0,92,0,157,42,0,42,199
08/19/2018,GUM,GU,AWP,WE,Federal Contract Tower,88,1,1,0,90,0,0,28,0,28,88,1,29,0,118,8,0,8,126
08/20/2018,GUM,GU,AWP,WE,Federal Contract Tower,66,0,2,0,68,0,0,24,0,24,66,0,26,0,92,4,0,4,96
08/21/2018,GUM,GU,AWP,WE,Federal Contract Tower,68,0,9,0,77,0,0,28,0,28,68,0,37,0,105,2,0,2,107
08/22/2018,GUM,GU,AWP,WE,Federal Contract Tower,70,0,20,0,90,0,0,139,0,139,70,0,159,0,229,62,0,62,291
08/23/2018,GUM,GU,AWP,WE,Federal Contract Tower,65,0,8,4,77,0,0,108,0,108,65,0,116,4,185,26,0,26,211
08/24/2018,GUM,GU,AWP,WE,Federal Contract Tower,73,0,7,0,80,0,0,104,0,104,73,0,111,0,184,48,0,48,232
08/25/2018,GUM,GU,AWP,WE,Federal Contract Tower,66,0,6,0,72,0,0,71,0,71,66,0,77,0,143,32,0,32,175
08/26/2018,GUM,GU,AWP,WE,Federal Contract Tower,70,0,6,0,76,0,0,64,0,64,70,0,70,0,140,68,0,68,208
08/27/2018,GUM,GU,AWP,WE,Federal Contract Tower,68,0,12,0,80,0,0,82,0,82,68,0,94,0,162,46,0,46,208
08/28/2018,GUM,GU,AWP,WE,Federal Contract Tower,69,0,8,0,77,0,0,90,4,94,69,0,98,4,171,54,0,54,225
08/29/2018,GUM,GU,AWP,WE,Federal Contract Tower,69,0,6,0,75,0,0,94,0,94,69,0,100,0,169,21,0,21,190
08/30/2018,GUM,GU,AWP,WE,Federal Contract Tower,68,0,7,1,76,0,0,88,3,91,68,0,95,4,167,38,0,38,205
08/31/2018,GUM,GU,AWP,WE,Federal Contract Tower,70,0,5,0,75,0,0,55,0,55,70,0,60,0,130,56,0,56,186
09/01/2018,GUM,GU,AWP,WE,Federal Contract Tower,69,0,1,0,70,0,0,52,0,52,69,0,53,0,122,60,0,60,182
09/02/2018,GUM,GU,AWP,WE,Federal Contract Tower,74,1,1,0,76,0,1,76,0,77,74,2,77,0,153,42,0,42,195
09/03/2018,GUM,GU,AWP,WE,Federal Contract Tower,65,0,6,0,71,0,0,66,0,66,65,0,72,0,137,58,0,58,195
09/04/2018,GUM,GU,AWP,WE,Federal Contract Tower,60,0,11,0,71,0,0,46,0,46,60,0,57,0,117,68,0,68,185
09/05/2018,GUM,GU,AWP,WE,Federal Contract Tower,65,0,8,0,73,0,0,60,0,60,65,0,68,0,133,34,0,34,167
09/06/2018,GUM,GU,AWP,WE,Federal Contract Tower,62,0,6,0,68,0,2,61,0,63,62,2,67,0,131,39,0,39,170
09/07/2018,GUM,GU,AWP,WE,Federal Contract Tower,63,2,5,0,70,0,0,76,0,76,63,2,81,0,146,24,0,24,170
09/08/2018,GUM,GU,AWP,WE,Federal Contract Tower,57,0,6,0,63,0,0,86,0,86,57,0,92,0,149,22,0,22,171
09/09/2018,GUM,GU,AWP,WE,Federal Contract Tower,62,0,3,0,65,0,0,93,0,93,62,0,96,0,158,38,0,38,196
09/10/2018,GUM,GU,AWP,WE,Federal Contract Tower,32,0,0,0,32,0,0,4,0,4,32,0,4,0,36,0,0,0,36
09/11/2018,GUM,GU,AWP,WE,Federal Contract Tower,52,10,0,0,62,0,0,10,0,10,52,10,10,0,72,2,0,2,74
09/12/2018,GUM,GU,AWP,WE,Federal Contract Tower,67,0,14,0,81,0,0,40,0,40,67,0,54,0,121,0,0,0,121
09/13/2018,GUM,GU,AWP,WE,Federal Contract Tower,59,0,2,0,61,0,0,43,0,43,59,0,45,0,104,0,0,0,104
09/14/2018,GUM,GU,AWP,WE,Federal Contract Tower,64,0,6,0,70,0,0,102,0,102,64,0,108,0,172,10,0,10,182
09/15/2018,GUM,GU,AWP,WE,Federal Contract Tower,59,0,7,0,66,0,0,36,0,36,59,0,43,0,102,14,0,14,116
09/16/2018,GUM,GU,AWP,WE,Federal Contract Tower,60,0,2,0,62,0,0,76,0,76,60,0,78,0,138,24,0,24,162
09/17/2018,GUM,GU,AWP,WE,Federal Contract Tower,60,0,8,0,68,0,0,60,0,60,60,0,68,0,128,14,0,14,142
09/18/2018,GUM,GU,AWP,WE,Federal Contract Tower,61,0,6,0,67,0,2,62,2,66,61,2,68,2,133,24,0,24,157
09/19/2018,GUM,GU,AWP,WE,Federal Contract Tower,60,0,10,1,71,0,0,82,0,82,60,0,92,1,153,56,26,82,235
09/20/2018,GUM,GU,AWP,WE,Federal Contract Tower,59,2,2,0,63,0,0,53,0,53,59,2,55,0,116,30,0,30,146
09/21/2018,GUM,GU,AWP,WE,Federal Contract Tower,66,1,6,9,82,0,0,0,0,0,66,1,6,9,82,6,0,6,88
09/22/2018,GUM,GU,AWP,WE,Federal Contract Tower,64,0,7,1,72,0,0,40,0,40,64,0,47,1,112,22,0,22,134
09/23/2018,GUM,GU,AWP,WE,Federal Contract Tower,71,0,1,0,72,0,0,74,0,74,71,0,75,0,146,44,0,44,190
09/24/2018,GUM,GU,AWP,WE,Federal Contract Tower,66,0,14,0,80,0,0,70,0,70,66,0,84,0,150,84,0,84,234
09/25/2018,GUM,GU,AWP,WE,Federal Contract Tower,65,0,5,0,70,0,0,56,0,56,65,0,61,0,126,40,0,40,166
09/26/2018,GUM,GU,AWP,WE,Federal Contract Tower,67,0,6,0,73,0,0,82,0,82,67,0,88,0,155,58,0,58,213
09/27/2018,GUM,GU,AWP,WE,Federal Contract Tower,64,0,8,1,73,0,0,76,1,77,64,0,84,2,150,68,1,69,219
09/28/2018,GUM,GU,AWP,WE,Federal Contract Tower,64,0,3,0,67,0,0,80,0,80,64,0,83,0,147,156,0,156,303
09/29/2018,GUM,GU,AWP,WE,Federal Contract Tower,68,0,6,1,75,0,0,12,2,14,68,0,18,3,89,6,0,6,95
09/30/2018,GUM,GU,AWP,WE,Federal Contract Tower,61,2,2,0,65,0,0,102,2,104,61,2,104,2,169,54,0,54,223
10/01/2018,GUM,GU,AWP,WE,Federal Contract Tower,70,4,11,2,87,0,0,100,0,100,70,4,111,2,187,34,0,34,221
10/02/2018,GUM,GU,AWP,WE,Federal Contract Tower,64,0,10,0,74,0,0,103,0,103,64,0,113,0,177,42,0,42,219
10/03/2018,GUM,GU,AWP,WE,Federal Contract Tower,70,0,10,0,80,0,0,178,0,178,70,0,188,0,258,25,0,25,283
10/04/2018,GUM,GU,AWP,WE,Federal Contract Tower,67,0,7,0,74,0,0,155,0,155,67,0,162,0,229,73,3,76,305
10/05/2018,GUM,GU,AWP,WE,Federal Contract Tower,66,0,5,0,71,0,0,195,0,195,66,0,200,0,266,51,0,51,317
10/06/2018,GUM,GU,AWP,WE,Federal Contract Tower,64,0,6,0,70,0,0,124,0,124,64,0,130,0,194,134,0,134,328
10/07/2018,GUM,GU,AWP,WE,Federal Contract Tower,69,0,12,0,81,0,0,78,0,78,69,0,90,0,159,82,0,82,241
10/08/2018,GUM,GU,AWP,WE,Federal Contract Tower,67,0,8,0,75,0,0,92,0,92,67,0,100,0,167,56,0,56,223
10/09/2018,GUM,GU,AWP,WE,Federal Contract Tower,64,0,12,0,76,0,0,66,0,66,64,0,78,0,142,29,0,29,171
10/10/2018,GUM,GU,AWP,WE,Federal Contract Tower,65,0,12,0,77,0,0,64,0,64,65,0,76,0,141,14,0,14,155
10/11/2018,GUM,GU,AWP,WE,Federal Contract Tower,70,0,6,1,77,0,0,84,0,84,70,0,90,1,161,48,0,48,209
10/12/2018,GUM,GU,AWP,WE,Federal Contract Tower,66,3,6,8,83,0,0,118,0,118,66,3,124,8,201,120,0,120,321
10/13/2018,GUM,GU,AWP,WE,Federal Contract Tower,61,0,8,6,75,0,0,76,0,76,61,0,84,6,151,89,0,89,240
10/14/2018,GUM,GU,AWP,WE,Federal Contract Tower,68,0,12,0,80,0,0,60,0,60,68,0,72,0,140,84,0,84,224
10/15/2018,GUM,GU,AWP,WE,Federal Contract Tower,66,1,14,0,81,0,0,68,0,68,66,1,82,0,149,74,0,74,223
10/16/2018,GUM,GU,AWP,WE,Federal Contract Tower,73,1,8,0,82,0,0,56,0,56,73,1,64,0,138,86,12,98,236
10/17/2018,GUM,GU,AWP,WE,Federal Contract Tower,66,1,8,3,78,0,0,44,0,44,66,1,52,3,122,94,0,94,216
10/18/2018,GUM,GU,AWP,WE,Federal Contract Tower,71,0,13,2,86,0,0,82,0,82,71,0,95,2,168,124,0,124,292
10/19/2018,GUM,GU,AWP,WE,Federal Contract Tower,69,0,10,0,79,0,0,80,0,80,69,0,90,0,159,103,0,103,262
10/20/2018,GUM,GU,AWP,WE,Federal Contract Tower,68,0,13,0,81,0,0,0,0,0,68,0,13,0,81,78,0,78,159
10/21/2018,GUM,GU,AWP,WE,Federal Contract Tower,76,1,8,0,85,0,0,0,0,0,76,1,8,0,85,61,0,61,146
10/22/2018,GUM,GU,AWP,WE,Federal Contract Tower,61,3,24,0,88,0,0,62,0,62,61,3,86,0,150,46,0,46,196
10/23/2018,GUM,GU,AWP,WE,Federal Contract Tower,67,0,20,0,87,0,2,63,0,65,67,2,83,0,152,86,0,86,238
10/24/2018,GUM,GU,AWP,WE,Federal Contract Tower,62,0,8,0,70,0,0,6,0,6,62,0,14,0,76,4,0,4,80
10/25/2018,GUM,GU,AWP,WE,Federal Contract Tower,32,0,0,0,32,0,0,10,0,10,32,0,10,0,42,2,0,2,44
10/26/2018,GUM,GU,AWP,WE,Federal Contract Tower,82,0,6,1,89,0,0,104,0,104,82,0,110,1,193,48,0,48,241
10/27/2018,GUM,GU,AWP,WE,Federal Contract Tower,68,0,1,5,74,0,0,89,0,89,68,0,90,5,163,78,0,78,241
10/28/2018,GUM,GU,AWP,WE,Federal Contract Tower,81,3,9,0,93,0,1,68,0,69,81,4,77,0,162,27,0,27,189
10/29/2018,GUM,GU,AWP,WE,Federal Contract Tower,79,0,10,8,97,0,0,68,0,68,79,0,78,8,165,10,0,10,175
10/30/2018,GUM,GU,AWP,WE,Federal Contract Tower,84,0,17,0,101,0,0,58,0,58,84,0,75,0,159,11,0,11,170
10/31/2018,GUM,GU,AWP,WE,Federal Contract Tower,76,0,22,0,98,0,0,90,0,90,76,0,112,0,188,6,0,6,194
11/01/2018,GUM,GU,AWP,WE,Federal Contract Tower,70,0,18,0,88,0,0,62,0,62,70,0,80,0,150,21,0,21,171
11/02/2018,GUM,GU,AWP,WE,Federal Contract Tower,75,0,9,0,84,0,0,70,0,70,75,0,79,0,154,44,0,44,198
11/03/2018,GUM,GU,AWP,WE,Federal Contract Tower,77,0,10,0,87,0,0,89,0,89,77,0,99,0,176,30,0,30,206
11/04/2018,GUM,GU,AWP,WE,Federal Contract Tower,73,1,1,0,75,0,0,72,0,72,73,1,73,0,147,68,0,68,215
11/05/2018,GUM,GU,AWP,WE,Federal Contract Tower,67,0,16,0,83,0,0,78,0,78,67,0,94,0,161,54,0,54,215
11/06/2018,GUM,GU,AWP,WE,Federal Contract Tower,69,0,13,4,86,0,0,65,3,68,69,0,78,7,154,38,0,38,192
11/07/2018,GUM,GU,AWP,WE,Federal Contract Tower,66,0,17,0,83,0,0,69,2,71,66,0,86,2,154,54,0,54,208
11/08/2018,GUM,GU,AWP,WE,Federal Contract Tower,71,0,11,2,84,0,0,54,0,54,71,0,65,2,138,28,0,28,166
11/09/2018,GUM,GU,AWP,WE,Federal Contract Tower,67,0,11,0,78,0,0,63,0,63,67,0,74,0,141,50,0,50,191
11/10/2018,GUM,GU,AWP,WE,Federal Contract Tower,76,0,10,0,86,0,0,84,0,84,76,0,94,0,170,46,0,46,216
11/11/2018,GUM,GU,AWP,WE,Federal Contract Tower,83,2,0,0,85,0,0,78,0,78,83,2,78,0,163,20,0,20,183
11/12/2018,GUM,GU,AWP,WE,Federal Contract Tower,78,0,5,0,83,0,0,98,0,98,78,0,103,0,181,68,0,68,249
11/13/2018,GUM,GU,AWP,WE,Federal Contract Tower,74,0,8,0,82,0,0,48,0,48,74,0,56,0,130,112,0,112,242
11/14/2018,GUM,GU,AWP,WE,Federal Contract Tower,70,8,0,2,80,0,0,76,0,76,70,8,76,2,156,60,0,60,216
11/15/2018,GUM,GU,AWP,WE,Federal Contract Tower,77,0,7,0,84,0,0,68,0,68,77,0,75,0,152,75,0,75,227
11/16/2018,GUM,GU,AWP,WE,Federal Contract Tower,67,2,8,0,77,0,0,62,0,62,67,2,70,0,139,84,0,84,223
11/17/2018,GUM,GU,AWP,WE,Federal Contract Tower,71,1,6,0,78,0,0,70,0,70,71,1,76,0,148,96,0,96,244
11/18/2018,GUM,GU,AWP,WE,Federal Contract Tower,72,1,1,0,74,0,0,64,0,64,72,1,65,0,138,80,0,80,218
11/19/2018,GUM,GU,AWP,WE,Federal Contract Tower,66,0,16,4,86,0,0,60,6,66,66,0,76,10,152,46,0,46,198
11/20/2018,GUM,GU,AWP,WE,Federal Contract Tower,76,0,12,7,95,0,0,82,5,87,76,0,94,12,182,86,0,86,268
11/21/2018,GUM,GU,AWP,WE,Federal Contract Tower,72,1,8,0,81,0,0,82,0,82,72,1,90,0,163,48,0,48,211
11/22/2018,GUM,GU,AWP,WE,Federal Contract Tower,62,0,6,0,68,0,0,0,0,0,62,0,6,0,68,2,0,2,70
11/23/2018,GUM,GU,AWP,WE,Federal Contract Tower,76,0,6,0,82,0,0,0,0,0,76,0,6,0,82,48,0,48,130
11/24/2018,GUM,GU,AWP,WE,Federal Contract Tower,65,0,8,0,73,0,0,98,0,98,65,0,106,0,171,54,0,54,225
11/25/2018,GUM,GU,AWP,WE,Federal Contract Tower,75,0,4,0,79,0,0,0,0,0,75,0,4,0,79,61,0,61,140
11/26/2018,GUM,GU,AWP,WE,Federal Contract Tower,68,0,13,0,81,0,0,62,2,64,68,0,75,2,145,46,0,46,191
11/27/2018,GUM,GU,AWP,WE,Federal Contract Tower,74,0,14,9,97,0,0,70,5,75,74,0,84,14,172,82,0,82,254
11/28/2018,GUM,GU,AWP,WE,Federal Contract Tower,73,0,12,2,87,0,0,70,3,73,73,0,82,5,160,92,0,92,252
11/29/2018,GUM,GU,AWP,WE,Federal Contract Tower,67,1,13,3,84,0,0,92,3,95,67,1,105,6,179,108,0,108,287
11/30/2018,GUM,GU,AWP,WE,Federal Contract Tower,68,1,11,0,80,0,0,0,0,0,68,1,11,0,80,124,0,124,204
12/01/2018,GUM,GU,AWP,WE,Federal Contract Tower,67,0,11,0,78,0,0,56,0,56,67,0,67,0,134,88,0,88,222
12/02/2018,GUM,GU,AWP,WE,Federal Contract Tower,74,0,6,0,80,0,0,54,0,54,74,0,60,0,134,68,0,68,202
12/03/2018,GUM,GU,AWP,WE,Federal Contract Tower,69,2,10,0,81,0,0,40,0,40,69,2,50,0,121,26,0,26,147
12/04/2018,GUM,GU,AWP,WE,Federal Contract Tower,75,0,14,16,105,0,0,80,4,84,75,0,94,20,189,14,0,14,203
12/05/2018,GUM,GU,AWP,WE,Federal Contract Tower,69,0,18,2,89,0,0,74,18,92,69,0,92,20,181,34,0,34,215
12/06/2018,GUM,GU,AWP,WE,Federal Contract Tower,65,0,14,6,85,0,0,91,13,104,65,0,105,19,189,18,0,18,207
12/07/2018,GUM,GU,AWP,WE,Federal Contract Tower,67,0,15,0,82,0,0,73,0,73,67,0,88,0,155,60,0,60,215
12/08/2018,GUM,GU,AWP,WE,Federal Contract Tower,70,1,16,0,87,0,0,74,0,74,70,1,90,0,161,34,0,34,195
12/09/2018,GUM,GU,AWP,WE,Federal Contract Tower,67,1,2,0,70,0,0,0,0,0,67,1,2,0,70,39,0,39,109
12/10/2018,GUM,GU,AWP,WE,Federal Contract Tower,72,0,10,0,82,0,0,74,0,74,72,0,84,0,156,68,0,68,224
12/11/2018,GUM,GU,AWP,WE,Federal Contract Tower,70,0,17,0,87,0,0,76,2,78,70,0,93,2,165,102,0,102,267
12/12/2018,GUM,GU,AWP,WE,Federal Contract Tower,74,9,0,0,83,0,0,68,0,68,74,9,68,0,151,80,0,80,231
12/13/2018,GUM,GU,AWP,WE,Federal Contract Tower,73,0,4,2,79,0,0,79,10,89,73,0,83,12,168,106,0,106,274
12/14/2018,GUM,GU,AWP,WE,Federal Contract Tower,67,0,7,0,74,0,0,62,0,62,67,0,69,0,136,132,0,132,268
12/15/2018,GUM,GU,AWP,WE,Federal Contract Tower,70,1,10,0,81,0,0,80,0,80,70,1,90,0,161,106,0,106,267
12/16/2018,GUM,GU,AWP,WE,Federal Contract Tower,91,0,5,0,96,0,0,62,0,62,91,0,67,0,158,56,0,56,214
12/17/2018,GUM,GU,AWP,WE,Federal Contract Tower,64,0,9,0,73,0,0,58,0,58,64,0,67,0,131,61,0,61,192
12/18/2018,GUM,GU,AWP,WE,Federal Contract Tower,74,1,16,0,91,0,0,75,0,75,74,1,91,0,166,59,0,59,225
12/19/2018,GUM,GU,AWP,WE,Federal Contract Tower,71,1,14,0,86,0,0,48,0,48,71,1,62,0,134,36,0,36,170
12/20/2018,GUM,GU,AWP,WE,Federal Contract Tower,65,1,14,0,80,0,0,34,0,34,65,1,48,0,114,40,0,40,154
12/21/2018,GUM,GU,AWP,WE,Federal Contract Tower,70,0,16,0,86,0,0,54,0,54,70,0,70,0,140,42,0,42,182
12/22/2018,GUM,GU,AWP,WE,Federal Contract Tower,66,0,13,0,79,0,0,62,0,62,66,0,75,0,141,52,0,52,193
12/23/2018,GUM,GU,AWP,WE,Federal Contract Tower,67,1,3,0,71,0,0,80,0,80,67,1,83,0,151,58,0,58,209
12/24/2018,GUM,GU,AWP,WE,Federal Contract Tower,63,10,1,0,74,0,0,88,0,88,63,10,89,0,162,12,0,12,174
12/25/2018,GUM,GU,AWP,WE,Federal Contract Tower,69,0,5,3,77,0,0,58,0,58,69,0,63,3,135,3,0,3,138
12/26/2018,GUM,GU,AWP,WE,Federal Contract Tower,65,0,7,0,72,0,0,70,0,70,65,0,77,0,142,30,0,30,172
12/27/2018,GUM,GU,AWP,WE,Federal Contract Tower,65,0,12,0,77,0,0,86,0,86,65,0,98,0,163,111,0,111,274
12/28/2018,GUM,GU,AWP,WE,Federal Contract Tower,67,0,10,0,77,0,0,80,0,80,67,0,90,0,157,72,0,72,229
12/29/2018,GUM,GU,AWP,WE,Federal Contract Tower,73,2,9,0,84,0,0,100,0,100,73,2,109,0,184,92,0,92,276
12/30/2018,GUM,GU,AWP,WE,Federal Contract Tower,83,0,2,0,85,0,0,83,0,83,83,0,85,0,168,84,0,84,252
12/31/2018,GUM,GU,AWP,WE,Federal Contract Tower,77,0,10,0,87,0,0,64,0,64,77,0,74,0,151,54,0,54,205
01/01/2019,GUM,GU,AWP,WE,Federal Contract Tower,73,0,7,0,80,0,0,94,0,94,73,0,101,0,174,58,0,58,232
01/02/2019,GUM,GU,AWP,WE,Federal Contract Tower,81,0,10,0,91,0,0,100,4,104,81,0,110,4,195,76,0,76,271
01/03/2019,GUM,GU,AWP,WE,Federal Contract Tower,79,0,12,0,91,0,0,100,0,100,79,0,112,0,191,96,0,96,287
01/04/2019,GUM,GU,AWP,WE,Federal Contract Tower,67,0,4,0,71,0,0,0,0,0,67,0,4,0,71,80,0,80,151
01/05/2019,GUM,GU,AWP,WE,Federal Contract Tower,70,0,3,0,73,0,0,50,0,50,70,0,53,0,123,44,0,44,167
01/06/2019,GUM,GU,AWP,WE,Federal Contract Tower,70,0,4,0,74,0,0,98,0,98,70,0,102,0,172,78,0,78,250
01/07/2019,GUM,GU,AWP,WE,Federal Contract Tower,63,0,3,0,66,0,1,73,0,74,63,1,76,0,140,72,0,72,212
01/08/2019,GUM,GU,AWP,WE,Federal Contract Tower,69,1,6,0,76,0,0,92,0,92,69,1,98,0,168,58,0,58,226
01/09/2019,GUM,GU,AWP,WE,Federal Contract Tower,66,0,5,0,71,0,0,90,0,90,66,0,95,0,161,64,0,64,225
01/10/2019,GUM,GU,AWP,WE,Federal Contract Tower,66,0,2,0,68,0,67,0,12,79,66,67,2,12,147,34,0,34,181
01/11/2019,GUM,GU,AWP,WE,Federal Contract Tower,62,2,10,0,74,0,0,81,0,81,62,2,91,0,155,62,0,62,217
01/12/2019,GUM,GU,AWP,WE,Federal Contract Tower,70,2,15,0,87,0,0,84,0,84,70,2,99,0,171,69,0,69,240
01/13/2019,GUM,GU,AWP,WE,Federal Contract Tower,69,1,3,0,73,0,0,69,0,69,69,1,72,0,142,62,0,62,204
01/14/2019,GUM,GU,AWP,WE,Federal Contract Tower,62,1,8,0,71,0,0,78,0,78,62,1,86,0,149,34,0,34,183
01/15/2019,GUM,GU,AWP,WE,Federal Contract Tower,70,0,7,0,77,0,0,41,0,41,70,0,48,0,118,26,0,26,144
01/16/2019,GUM,GU,AWP,WE,Federal Contract Tower,65,0,8,0,73,0,0,56,0,56,65,0,64,0,129,4,0,4,133
01/17/2019,GUM,GU,AWP,WE,Federal Contract Tower,65,0,13,0,78,0,0,83,0,83,65,0,96,0,161,42,0,42,203
01/18/2019,GUM,GU,AWP,WE,Federal Contract Tower,68,0,18,0,86,0,0,46,0,46,68,0,64,0,132,88,0,88,220
01/19/2019,GUM,GU,AWP,WE,Federal Contract Tower,66,0,8,0,74,0,0,50,0,50,66,0,58,0,124,38,0,38,162
01/21/2019,GUM,GU,AWP,WE,Federal Contract Tower,61,0,8,0,69,0,0,74,0,74,61,0,82,0,143,18,0,18,161
01/22/2019,GUM,GU,AWP,WE,Federal Contract Tower,69,0,8,4,81,0,0,66,0,66,69,0,74,4,147,24,0,24,171
01/23/2019,GUM,GU,AWP,WE,Federal Contract Tower,67,1,9,0,77,0,0,86,0,86,67,1,95,0,163,69,0,69,232
01/24/2019,GUM,GU,AWP,WE,Federal Contract Tower,66,0,2,0,68,0,0,122,0,122,66,0,124,0,190,39,4,43,233
01/25/2019,GUM,GU,AWP,WE,Federal Contract Tower,63,0,15,0,78,0,0,39,0,39,63,0,54,0,117,38,0,38,155
01/26/2019,GUM,GU,AWP,WE,Federal Contract Tower,74,0,12,0,86,0,0,106,0,106,74,0,118,0,192,58,0,58,250
01/27/2019,GUM,GU,AWP,WE,Federal Contract Tower,68,0,8,0,76,0,0,83,0,83,68,0,91,0,159,70,0,70,229
01/28/2019,GUM,GU,AWP,WE,Federal Contract Tower,61,0,11,0,72,0,0,44,0,44,61,0,55,0,116,16,0,16,132
01/29/2019,GUM,GU,AWP,WE,Federal Contract Tower,73,0,17,0,90,0,0,72,0,72,73,0,89,0,162,84,0,84,246
01/30/2019,GUM,GU,AWP,WE,Federal Contract Tower,68,0,11,2,81,0,0,52,1,53,68,0,63,3,134,38,0,38,172
01/31/2019,GUM,GU,AWP,WE,Federal Contract Tower,66,0,17,0,83,0,0,65,0,65,66,0,82,0,148,66,0,66,214
02/01/2019,GUM,GU,AWP,WE,Federal Contract Tower,63,0,11,0,74,0,0,73,0,73,63,0,84,0,147,54,0,54,201
02/02/2019,GUM,GU,AWP,WE,Federal Contract Tower,78,2,9,0,89,0,0,74,0,74,78,2,83,0,163,50,0,50,213
02/03/2019,GUM,GU,AWP,WE,Federal Contract Tower,72,1,1,0,74,0,0,74,2,76,72,1,75,2,150,78,0,78,228
02/04/2019,GUM,GU,AWP,WE,Federal Contract Tower,61,0,14,0,75,0,0,90,0,90,61,0,104,0,165,98,2,100,265
02/05/2019,GUM,GU,AWP,WE,Federal Contract Tower,70,0,12,0,82,0,0,122,0,122,70,0,134,0,204,116,0,116,320
02/06/2019,GUM,GU,AWP,WE,Federal Contract Tower,70,0,11,0,81,0,0,110,0,110,70,0,121,0,191,86,0,86,277
02/07/2019,GUM,GU,AWP,WE,Federal Contract Tower,69,0,6,2,77,0,0,138,0,138,69,0,144,2,215,122,0,122,337
02/08/2019,GUM,GU,AWP,WE,Federal Contract Tower,67,0,8,0,75,0,0,117,0,117,67,0,125,0,192,112,0,112,304
02/09/2019,GUM,GU,AWP,WE,Federal Contract Tower,65,0,6,0,71,0,0,154,0,154,65,0,160,0,225,132,0,132,357
02/10/2019,GUM,GU,AWP,WE,Federal Contract Tower,72,0,2,0,74,0,0,116,0,116,72,0,118,0,190,140,0,140,330
02/11/2019,GUM,GU,AWP,WE,Federal Contract Tower,61,0,13,0,74,0,0,119,4,123,61,0,132,4,197,164,0,164,361
02/12/2019,GUM,GU,AWP,WE,Federal Contract Tower,69,0,18,4,91,0,0,116,2,118,69,0,134,6,209,147,0,147,356
02/13/2019,GUM,GU,AWP,WE,Federal Contract Tower,67,0,7,0,74,0,0,116,2,118,67,0,123,2,192,116,0,116,308
02/14/2019,GUM,GU,AWP,WE,Federal Contract Tower,69,0,10,0,79,0,0,129,0,129,69,0,139,0,208,15,0,15,223
02/15/2019,GUM,GU,AWP,WE,Federal Contract Tower,63,0,6,0,69,0,0,74,0,74,63,0,80,0,143,32,0,32,175
02/16/2019,GUM,GU,AWP,WE,Federal Contract Tower,67,0,6,0,73,0,0,78,0,78,67,0,84,0,151,26,0,26,177
02/17/2019,GUM,GU,AWP,WE,Federal Contract Tower,69,2,1,0,72,0,0,66,0,66,69,2,67,0,138,68,0,68,206
02/18/2019,GUM,GU,AWP,WE,Federal Contract Tower,62,0,12,0,74,0,0,64,0,64,62,0,76,0,138,32,0,32,170
02/19/2019,GUM,GU,AWP,WE,Federal Contract Tower,71,0,21,4,96,0,0,53,0,53,71,0,74,4,149,26,0,26,175
02/20/2019,GUM,GU,AWP,WE,Federal Contract Tower,64,0,11,1,76,0,0,50,4,54,64,0,61,5,130,18,1,19,149
02/21/2019,GUM,GU,AWP,WE,Federal Contract Tower,67,2,9,13,91,0,0,91,0,91,67,2,100,13,182,22,0,22,204
02/22/2019,GUM,GU,AWP,WE,Federal Contract Tower,66,0,18,0,84,0,0,22,0,22,66,0,40,0,106,23,0,23,129
02/23/2019,GUM,GU,AWP,WE,Federal Contract Tower,30,0,0,0,30,0,0,0,0,0,30,0,0,0,30,0,0,0,30
02/24/2019,GUM,GU,AWP,WE,Federal Contract Tower,37,0,0,0,37,0,0,0,0,0,37,0,0,0,37,0,0,0,37
02/25/2019,GUM,GU,AWP,WE,Federal Contract Tower,86,0,16,0,102,0,0,14,0,14,86,0,30,0,116,3,0,3,119
02/26/2019,GUM,GU,AWP,WE,Federal Contract Tower,72,1,11,0,84,0,0,62,2,64,72,1,73,2,148,8,0,8,156
02/27/2019,GUM,GU,AWP,WE,Federal Contract Tower,67,0,7,0,74,0,0,55,4,59,67,0,62,4,133,10,0,10,143
02/28/2019,GUM,GU,AWP,WE,Federal Contract Tower,67,2,7,4,80,0,0,77,0,77,67,2,84,4,157,2,0,2,159
03/01/2019,GUM,GU,AWP,WE,Federal Contract Tower,65,1,17,0,83,0,0,78,0,78,65,1,95,0,161,14,0,14,175
03/02/2019,GUM,GU,AWP,WE,Federal Contract Tower,67,2,13,0,82,0,0,72,0,72,67,2,85,0,154,34,0,34,188
03/04/2019,GUM,GU,AWP,WE,Federal Contract Tower,64,0,15,0,79,0,0,78,0,78,64,0,93,0,157,20,0,20,177
03/05/2019,GUM,GU,AWP,WE,Federal Contract Tower,70,0,13,4,87,0,0,61,2,63,70,0,74,6,150,22,0,22,172
03/06/2019,GUM,GU,AWP,WE,Federal Contract Tower,73,0,12,0,85,0,0,46,0,46,73,0,58,0,131,42,0,42,173
03/07/2019,GUM,GU,AWP,WE,Federal Contract Tower,68,0,8,1,77,0,0,96,0,96,68,0,104,1,173,73,0,73,246
03/08/2019,GUM,GU,AWP,WE,Federal Contract Tower,68,0,11,0,79,0,0,72,0,72,68,0,83,0,151,100,0,100,251
03/09/2019,GUM,GU,AWP,WE,Federal Contract Tower,67,1,13,1,82,0,0,64,0,64,67,1,77,1,146,94,0,94,240
03/10/2019,GUM,GU,AWP,WE,Federal Contract Tower,69,1,11,1,82,0,0,61,0,61,69,1,72,1,143,64,0,64,207
03/11/2019,GUM,GU,AWP,WE,Federal Contract Tower,62,0,17,0,79,0,0,66,0,66,62,0,83,0,145,34,0,34,179
03/12/2019,GUM,GU,AWP,WE,Federal Contract Tower,72,0,11,0,83,0,0,50,0,50,72,0,61,0,133,74,0,74,207
03/13/2019,GUM,GU,AWP,WE,Federal Contract Tower,66,1,14,0,81,0,0,58,0,58,66,1,72,0,139,24,0,24,163
03/14/2019,GUM,GU,AWP,WE,Federal Contract Tower,69,2,8,0,79,0,0,69,0,69,69,2,77,0,148,106,0,106,254
03/15/2019,GUM,GU,AWP,WE,Federal Contract Tower,65,0,12,0,77,0,0,66,0,66,65,0,78,0,143,64,0,64,207
03/16/2019,GUM,GU,AWP,WE,Federal Contract Tower,67,0,6,0,73,0,0,80,0,80,67,0,86,0,153,38,0,38,191
03/17/2019,GUM,GU,AWP,WE,Federal Contract Tower,74,0,7,0,81,0,0,70,0,70,74,0,77,0,151,48,0,48,199
03/18/2019,GUM,GU,AWP,WE,Federal Contract Tower,67,0,12,0,79,0,0,82,0,82,67,0,94,0,161,64,0,64,225
03/19/2019,GUM,GU,AWP,WE,Federal Contract Tower,76,0,10,2,88,0,0,63,0,63,76,0,73,2,151,96,0,96,247
03/20/2019,GUM,GU,AWP,WE,Federal Contract Tower,68,0,8,0,76,0,0,56,0,56,68,0,64,0,132,53,0,53,185
03/21/2019,GUM,GU,AWP,WE,Federal Contract Tower,71,1,10,0,82,0,0,82,0,82,71,1,92,0,164,102,0,102,266
03/22/2019,GUM,GU,AWP,WE,Federal Contract Tower,71,0,5,0,76,0,0,64,0,64,71,0,69,0,140,46,0,46,186
03/23/2019,GUM,GU,AWP,WE,Federal Contract Tower,73,0,10,0,83,0,0,71,0,71,73,0,81,0,154,93,0,93,247
03/24/2019,GUM,GU,AWP,WE,Federal Contract Tower,74,0,4,0,78,0,0,66,0,66,74,0,70,0,144,44,0,44,188
03/25/2019,GUM,GU,AWP,WE,Federal Contract Tower,67,0,13,2,82,0,0,70,0,70,67,0,83,2,152,16,0,16,168
03/27/2019,GUM,GU,AWP,WE,Federal Contract Tower,70,0,4,1,75,0,0,54,1,55,70,0,58,2,130,36,0,36,166
03/28/2019,GUM,GU,AWP,WE,Federal Contract Tower,69,1,7,1,78,0,0,64,0,64,69,1,71,1,142,52,0,52,194
03/29/2019,GUM,GU,AWP,WE,Federal Contract Tower,75,0,12,2,89,0,0,88,0,88,75,0,100,2,177,36,0,36,213
03/30/2019,GUM,GU,AWP,WE,Federal Contract Tower,70,0,7,0,77,0,0,70,0,70,70,0,77,0,147,32,0,32,179
03/31/2019,GUM,GU,AWP,WE,Federal Contract Tower,73,0,8,0,81,0,0,60,0,60,73,0,68,0,141,44,0,44,185
04/01/2019,GUM,GU,AWP,WE,Federal Contract Tower,64,0,11,2,77,0,0,88,2,90,64,0,99,4,167,78,2,80,247
04/02/2019,GUM,GU,AWP,WE,Federal Contract Tower,70,0,14,0,84,0,0,64,0,64,70,0,78,0,148,66,0,66,214
04/03/2019,GUM,GU,AWP,WE,Federal Contract Tower,64,0,15,0,79,0,0,59,2,61,64,0,74,2,140,68,0,68,208
04/04/2019,GUM,GU,AWP,WE,Federal Contract Tower,62,0,8,0,70,0,0,106,0,106,62,0,114,0,176,150,0,150,326
04/05/2019,GUM,GU,AWP,WE,Federal Contract Tower,76,0,16,0,92,0,0,98,0,98,76,0,114,0,190,148,0,148,338
04/06/2019,GUM,GU,AWP,WE,Federal Contract Tower,73,0,6,0,79,0,0,68,0,68,73,0,74,0,147,90,0,90,237
04/07/2019,GUM,GU,AWP,WE,Federal Contract Tower,64,2,4,0,70,0,0,72,0,72,64,2,76,0,142,148,0,148,290
04/08/2019,GUM,GU,AWP,WE,Federal Contract Tower,54,0,19,0,73,0,0,64,0,64,54,0,83,0,137,146,0,146,283
04/09/2019,GUM,GU,AWP,WE,Federal Contract Tower,63,0,8,0,71,0,0,46,0,46,63,0,54,0,117,94,0,94,211
04/10/2019,GUM,GU,AWP,WE,Federal Contract Tower,60,0,12,0,72,0,0,37,0,37,60,0,49,0,109,62,0,62,171
04/11/2019,GUM,GU,AWP,WE,Federal Contract Tower,57,0,9,0,66,0,0,62,0,62,57,0,71,0,128,32,0,32,160
04/12/2019,GUM,GU,AWP,WE,Federal Contract Tower,58,0,9,0,67,0,0,49,0,49,58,0,58,0,116,44,0,44,160
04/13/2019,GUM,GU,AWP,WE,Federal Contract Tower,61,0,12,0,73,0,0,84,0,84,61,0,96,0,157,52,0,52,209
04/14/2019,GUM,GU,AWP,WE,Federal Contract Tower,63,0,2,0,65,0,0,52,0,52,63,0,54,0,117,36,0,36,153
04/15/2019,GUM,GU,AWP,WE,Federal Contract Tower,55,0,8,0,63,0,0,94,0,94,55,0,102,0,157,36,0,36,193
04/16/2019,GUM,GU,AWP,WE,Federal Contract Tower,62,0,4,0,66,0,0,60,0,60,62,0,64,0,126,38,0,38,164
04/17/2019,GUM,GU,AWP,WE,Federal Contract Tower,62,0,3,0,65,0,0,63,0,63,62,0,66,0,128,26,0,26,154
04/18/2019,GUM,GU,AWP,WE,Federal Contract Tower,58,0,6,0,64,0,0,62,0,62,58,0,68,0,126,18,0,18,144
04/19/2019,GUM,GU,AWP,WE,Federal Contract Tower,57,0,12,0,69,0,0,74,0,74,57,0,86,0,143,72,0,72,215
04/20/2019,GUM,GU,AWP,WE,Federal Contract Tower,63,0,5,0,68,0,0,78,0,78,63,0,83,0,146,60,0,60,206
04/21/2019,GUM,GU,AWP,WE,Federal Contract Tower,61,0,2,0,63,0,0,78,0,78,61,0,80,0,141,66,0,66,207
04/22/2019,GUM,GU,AWP,WE,Federal Contract Tower,57,0,11,0,68,0,0,51,0,51,57,0,62,0,119,36,0,36,155
04/23/2019,GUM,GU,AWP,WE,Federal Contract Tower,64,2,13,2,81,0,0,46,1,47,64,2,59,3,128,34,0,34,162
04/24/2019,GUM,GU,AWP,WE,Federal Contract Tower,61,0,6,2,69,0,0,47,2,49,61,0,53,4,118,25,0,25,143
04/25/2019,GUM,GU,AWP,WE,Federal Contract Tower,61,0,14,0,75,0,0,62,0,62,61,0,76,0,137,0,0,0,137
04/26/2019,GUM,GU,AWP,WE,Federal Contract Tower,61,0,8,0,69,0,0,36,0,36,61,0,44,0,105,44,0,44,149
04/27/2019,GUM,GU,AWP,WE,Federal Contract Tower,67,0,16,0,83,0,0,54,0,54,67,0,70,0,137,63,0,63,200
04/28/2019,GUM,GU,AWP,WE,Federal Contract Tower,81,0,7,0,88,0,0,82,0,82,81,0,89,0,170,66,0,66,236
04/29/2019,GUM,GU,AWP,WE,Federal Contract Tower,65,0,10,0,75,0,0,102,0,102,65,0,112,0,177,36,0,36,213
04/30/2019,GUM,GU,AWP,WE,Federal Contract Tower,79,0,18,0,97,0,0,100,0,100,79,0,118,0,197,56,0,56,253
05/01/2019,GUM,GU,AWP,WE,Federal Contract Tower,75,0,14,0,89,0,0,116,1,117,75,0,130,1,206,48,1,49,255
05/02/2019,GUM,GU,AWP,WE,Federal Contract Tower,77,0,13,0,90,0,0,137,0,137,77,0,150,0,227,42,0,42,269
05/03/2019,GUM,GU,AWP,WE,Federal Contract Tower,76,0,10,0,86,0,0,67,0,67,76,0,77,0,153,68,0,68,221
05/04/2019,GUM,GU,AWP,WE,Federal Contract Tower,66,0,8,0,74,0,0,106,0,106,66,0,114,0,180,128,0,128,308
05/05/2019,GUM,GU,AWP,WE,Federal Contract Tower,76,0,9,0,85,0,0,92,0,92,76,0,101,0,177,134,0,134,311
05/06/2019,GUM,GU,AWP,WE,Federal Contract Tower,72,0,10,0,82,0,0,72,0,72,72,0,82,0,154,80,0,80,234
05/07/2019,GUM,GU,AWP,WE,Federal Contract Tower,58,0,16,2,76,0,0,56,0,56,58,0,72,2,132,26,0,26,158
05/08/2019,GUM,GU,AWP,WE,Federal Contract Tower,61,0,15,5,81,0,0,68,1,69,61,0,83,6,150,4,0,4,154
05/09/2019,GUM,GU,AWP,WE,Federal Contract Tower,61,2,4,0,67,0,0,88,0,88,61,2,92,0,155,42,0,42,197
05/10/2019,GUM,GU,AWP,WE,Federal Contract Tower,58,0,15,0,73,0,0,64,0,64,58,0,79,0,137,98,0,98,235
05/11/2019,GUM,GU,AWP,WE,Federal Contract Tower,62,0,11,0,73,0,0,45,0,45,62,0,56,0,118,124,0,124,242
05/12/2019,GUM,GU,AWP,WE,Federal Contract Tower,62,2,1,0,65,0,0,62,0,62,62,2,63,0,127,94,0,94,221
05/13/2019,GUM,GU,AWP,WE,Federal Contract Tower,55,0,14,0,69,0,0,84,0,84,55,0,98,0,153,114,0,114,267
05/14/2019,GUM,GU,AWP,WE,Federal Contract Tower,60,0,9,0,69,0,0,51,0,51,60,0,60,0,120,146,0,146,266
05/15/2019,GUM,GU,AWP,WE,Federal Contract Tower,60,0,10,0,70,0,0,66,0,66,60,0,76,0,136,96,0,96,232
05/16/2019,GUM,GU,AWP,WE,Federal Contract Tower,70,0,7,0,77,0,0,62,0,62,70,0,69,0,139,55,0,55,194
05/17/2019,GUM,GU,AWP,WE,Federal Contract Tower,56,0,12,0,68,0,0,48,0,48,56,0,60,0,116,90,0,90,206
05/18/2019,GUM,GU,AWP,WE,Federal Contract Tower,59,2,9,0,70,0,0,46,0,46,59,2,55,0,116,104,0,104,220
05/19/2019,GUM,GU,AWP,WE,Federal Contract Tower,64,0,7,0,71,0,0,53,0,53,64,0,60,0,124,44,0,44,168
05/20/2019,GUM,GU,AWP,WE,Federal Contract Tower,58,0,15,0,73,0,0,127,0,127,58,0,142,0,200,68,0,68,268
05/21/2019,GUM,GU,AWP,WE,Federal Contract Tower,63,0,11,0,74,0,0,63,0,63,63,0,74,0,137,16,0,16,153
05/22/2019,GUM,GU,AWP,WE,Federal Contract Tower,60,1,15,0,76,0,0,72,0,72,60,1,87,0,148,59,0,59,207
05/23/2019,GUM,GU,AWP,WE,Federal Contract Tower,58,0,10,0,68,0,0,44,0,44,58,0,54,0,112,32,0,32,144
05/24/2019,GUM,GU,AWP,WE,Federal Contract Tower,56,0,9,0,65,0,0,83,0,83,56,0,92,0,148,36,0,36,184
05/25/2019,GUM,GU,AWP,WE,Federal Contract Tower,59,0,9,0,68,0,0,107,0,107,59,0,116,0,175,66,0,66,241
05/26/2019,GUM,GU,AWP,WE,Federal Contract Tower,63,0,2,0,65,0,0,53,0,53,63,0,55,0,118,24,0,24,142
05/27/2019,GUM,GU,AWP,WE,Federal Contract Tower,55,0,10,0,65,0,0,50,0,50,55,0,60,0,115,21,0,21,136
05/28/2019,GUM,GU,AWP,WE,Federal Contract Tower,59,0,15,0,74,0,0,68,0,68,59,0,83,0,142,4,0,4,146
05/29/2019,GUM,GU,AWP,WE,Federal Contract Tower,61,1,12,0,74,0,0,79,0,79,61,1,91,0,153,24,0,24,177
05/30/2019,GUM,GU,AWP,WE,Federal Contract Tower,63,0,5,1,69,0,0,84,0,84,63,0,89,1,153,34,0,34,187
05/31/2019,GUM,GU,AWP,WE,Federal Contract Tower,58,0,9,0,67,0,0,90,0,90,58,0,99,0,157,12,0,12,169
06/01/2019,GUM,GU,AWP,WE,Federal Contract Tower,60,0,6,0,66,0,0,87,0,87,60,0,93,0,153,26,0,26,179
06/02/2019,GUM,GU,AWP,WE,Federal Contract Tower,63,0,5,0,68,0,0,41,0,41,63,0,46,0,109,23,0,23,132
06/03/2019,GUM,GU,AWP,WE,Federal Contract Tower,55,0,6,1,62,0,0,60,7,67,55,0,66,8,129,20,0,20,149
06/04/2019,GUM,GU,AWP,WE,Federal Contract Tower,61,0,8,0,69,0,0,44,2,46,61,0,52,2,115,20,0,20,135
06/05/2019,GUM,GU,AWP,WE,Federal Contract Tower,61,0,10,0,71,0,0,60,0,60,61,0,70,0,131,10,2,12,143
06/06/2019,GUM,GU,AWP,WE,Federal Contract Tower,59,0,11,0,70,0,0,52,0,52,59,0,63,0,122,8,0,8,130
06/07/2019,GUM,GU,AWP,WE,Federal Contract Tower,57,0,8,0,65,0,0,68,0,68,57,0,76,0,133,19,0,19,152
06/08/2019,GUM,GU,AWP,WE,Federal Contract Tower,57,0,5,0,62,0,0,70,0,70,57,0,75,0,132,72,0,72,204
06/09/2019,GUM,GU,AWP,WE,Federal Contract Tower,64,0,3,0,67,0,0,59,0,59,64,0,62,0,126,107,0,107,233
06/10/2019,GUM,GU,AWP,WE,Federal Contract Tower,55,0,12,0,67,0,0,74,0,74,55,0,86,0,141,68,0,68,209
06/11/2019,GUM,GU,AWP,WE,Federal Contract Tower,64,0,8,0,72,0,0,38,0,38,64,0,46,0,110,20,0,20,130
06/12/2019,GUM,GU,AWP,WE,Federal Contract Tower,60,0,9,0,69,0,0,65,0,65,60,0,74,0,134,70,0,70,204
06/13/2019,GUM,GU,AWP,WE,Federal Contract Tower,58,0,12,0,70,0,0,75,0,75,58,0,87,0,145,50,0,50,195
06/14/2019,GUM,GU,AWP,WE,Federal Contract Tower,57,1,9,0,67,0,0,90,0,90,57,1,99,0,157,64,0,64,221
06/15/2019,GUM,GU,AWP,WE,Federal Contract Tower,58,0,19,0,77,0,0,70,0,70,58,0,89,0,147,58,0,58,205
06/16/2019,GUM,GU,AWP,WE,Federal Contract Tower,62,0,13,0,75,0,0,88,0,88,62,0,101,0,163,28,0,28,191
06/17/2019,GUM,GU,AWP,WE,Federal Contract Tower,57,0,32,2,91,0,0,54,0,54,57,0,86,2,145,30,0,30,175
06/18/2019,GUM,GU,AWP,WE,Federal Contract Tower,62,0,20,0,82,0,0,58,2,60,62,0,78,2,142,32,0,32,174
06/19/2019,GUM,GU,AWP,WE,Federal Contract Tower,60,0,20,0,80,0,0,54,2,56,60,0,74,2,136,50,0,50,186
06/20/2019,GUM,GU,AWP,WE,Federal Contract Tower,58,0,17,0,75,0,0,83,0,83,58,0,100,0,158,39,0,39,197
06/21/2019,GUM,GU,AWP,WE,Federal Contract Tower,57,0,19,0,76,0,0,86,0,86,57,0,105,0,162,68,0,68,230
06/22/2019,GUM,GU,AWP,WE,Federal Contract Tower,60,0,13,1,74,0,0,74,0,74,60,0,87,1,148,68,0,68,216
06/23/2019,GUM,GU,AWP,WE,Federal Contract Tower,66,0,6,0,72,0,0,46,0,46,66,0,52,0,118,36,0,36,154
06/24/2019,GUM,GU,AWP,WE,Federal Contract Tower,57,0,18,0,75,0,0,70,0,70,57,0,88,0,145,64,0,64,209
06/25/2019,GUM,GU,AWP,WE,Federal Contract Tower,61,0,11,0,72,0,0,55,0,55,61,0,66,0,127,72,0,72,199
06/26/2019,GUM,GU,AWP,WE,Federal Contract Tower,59,0,19,0,78,0,0,54,0,54,59,0,73,0,132,86,0,86,218
06/27/2019,GUM,GU,AWP,WE,Federal Contract Tower,61,0,12,0,73,0,0,50,0,50,61,0,62,0,123,85,0,85,208
06/28/2019,GUM,GU,AWP,WE,Federal Contract Tower,59,0,11,0,70,0,0,41,0,41,59,0,52,0,111,166,0,166,277
06/29/2019,GUM,GU,AWP,WE,Federal Contract Tower,59,0,13,0,72,0,0,48,0,48,59,0,61,0,120,114,0,114,234
06/30/2019,GUM,GU,AWP,WE,Federal Contract Tower,61,1,4,0,66,0,0,32,0,32,61,1,36,0,98,104,0,104,202
07/01/2019,GUM,GU,AWP,WE,Federal Contract Tower,56,0,12,2,70,0,0,42,0,42,56,0,54,2,112,56,0,56,168
07/02/2019,GUM,GU,AWP,WE,Federal Contract Tower,59,0,9,2,70,0,0,56,0,56,59,0,65,2,126,114,0,114,240
07/03/2019,GUM,GU,AWP,WE,Federal Contract Tower,66,0,8,0,74,0,0,58,0,58,66,0,66,0,132,36,0,36,168
07/04/2019,GUM,GU,AWP,WE,Federal Contract Tower,58,0,8,0,66,0,0,48,0,48,58,0,56,0,114,63,0,63,177
07/05/2019,GUM,GU,AWP,WE,Federal Contract Tower,62,0,3,0,65,0,0,45,0,45,62,0,48,0,110,63,0,63,173
07/06/2019,GUM,GU,AWP,WE,Federal Contract Tower,62,0,7,0,69,0,0,46,0,46,62,0,53,0,115,64,0,64,179
07/07/2019,GUM,GU,AWP,WE,Federal Contract Tower,67,0,3,0,70,0,0,44,0,44,67,0,47,0,114,50,0,50,164
07/08/2019,GUM,GU,AWP,WE,Federal Contract Tower,61,0,18,0,79,0,0,50,0,50,61,0,68,0,129,28,0,28,157
07/09/2019,GUM,GU,AWP,WE,Federal Contract Tower,63,0,13,3,79,0,0,54,3,57,63,0,67,6,136,18,0,18,154
07/10/2019,GUM,GU,AWP,WE,Federal Contract Tower,61,0,20,2,83,0,0,96,0,96,61,0,116,2,179,74,0,74,253
07/11/2019,GUM,GU,AWP,WE,Federal Contract Tower,61,0,16,0,77,0,0,60,0,60,61,0,76,0,137,50,0,50,187
07/12/2019,GUM,GU,AWP,WE,Federal Contract Tower,63,0,10,0,73,0,0,58,0,58,63,0,68,0,131,62,0,62,193
07/13/2019,GUM,GU,AWP,WE,Federal Contract Tower,62,0,15,0,77,0,0,38,0,38,62,0,53,0,115,52,0,52,167
07/14/2019,GUM,GU,AWP,WE,Federal Contract Tower,67,0,14,0,81,0,0,56,0,56,67,0,70,0,137,92,0,92,229
07/15/2019,GUM,GU,AWP,WE,Federal Contract Tower,62,0,20,0,82,0,0,28,0,28,62,0,48,0,110,88,0,88,198
07/16/2019,GUM,GU,AWP,WE,Federal Contract Tower,67,3,30,0,100,0,0,23,0,23,67,3,53,0,123,58,0,58,181
07/17/2019,GUM,GU,AWP,WE,Federal Contract Tower,64,10,0,1,75,0,0,66,2,68,64,10,66,3,143,46,0,46,189
07/18/2019,GUM,GU,AWP,WE,Federal Contract Tower,60,0,4,0,64,0,0,50,1,51,60,0,54,1,115,45,0,45,160
07/19/2019,GUM,GU,AWP,WE,Federal Contract Tower,62,2,15,0,79,0,0,28,0,28,62,2,43,0,107,38,0,38,145
07/20/2019,GUM,GU,AWP,WE,Federal Contract Tower,64,2,14,0,80,0,0,48,0,48,64,2,62,0,128,56,0,56,184
07/21/2019,GUM,GU,AWP,WE,Federal Contract Tower,65,1,0,0,66,0,0,0,0,0,65,1,0,0,66,20,0,20,86
07/22/2019,GUM,GU,AWP,WE,Federal Contract Tower,63,0,13,0,76,0,0,46,0,46,63,0,59,0,122,60,0,60,182
07/23/2019,GUM,GU,AWP,WE,Federal Contract Tower,68,2,10,1,81,0,0,44,1,45,68,2,54,2,126,10,0,10,136
07/24/2019,GUM,GU,AWP,WE,Federal Contract Tower,64,2,32,0,98,0,0,54,2,56,64,2,86,2,154,20,0,20,174
07/25/2019,GUM,GU,AWP,WE,Federal Contract Tower,66,0,6,0,72,0,0,57,0,57,66,0,63,0,129,28,0,28,157
07/26/2019,GUM,GU,AWP,WE,Federal Contract Tower,64,1,5,0,70,0,0,42,0,42,64,1,47,0,112,24,0,24,136
07/27/2019,GUM,GU,AWP,WE,Federal Contract Tower,68,3,5,0,76,0,0,45,0,45,68,3,50,0,121,31,0,31,152
07/28/2019,GUM,GU,AWP,WE,Federal Contract Tower,75,4,1,0,80,0,0,45,0,45,75,4,46,0,125,22,0,22,147
07/29/2019,GUM,GU,AWP,WE,Federal Contract Tower,63,2,7,1,73,0,3,41,0,44,63,5,48,1,117,22,0,22,139
07/30/2019,GUM,GU,AWP,WE,Federal Contract Tower,70,1,6,1,78,0,2,43,1,46,70,3,49,2,124,24,0,24,148
07/31/2019,GUM,GU,AWP,WE,Federal Contract Tower,66,4,8,0,78,0,1,46,2,49,66,5,54,2,127,26,0,26,153
08/01/2019,GUM,GU,AWP,WE,Federal Contract Tower,67,4,6,1,78,0,0,50,11,61,67,4,56,12,139,68,0,68,207
08/02/2019,GUM,GU,AWP,WE,Federal Contract Tower,66,2,7,0,75,0,0,41,0,41,66,2,48,0,116,22,0,22,138
08/03/2019,GUM,GU,AWP,WE,Federal Contract Tower,67,2,6,0,75,0,3,32,0,35,67,5,38,0,110,28,0,28,138
08/04/2019,GUM,GU,AWP,WE,Federal Contract Tower,72,3,1,0,76,0,3,4,0,7,72,6,5,0,83,4,0,4,87
08/05/2019,GUM,GU,AWP,WE,Federal Contract Tower,65,0,16,0,81,0,0,14,0,14,65,0,30,0,95,26,0,26,121
08/06/2019,GUM,GU,AWP,WE,Federal Contract Tower,75,8,8,6,97,0,0,18,0,18,75,8,26,6,115,16,0,16,131
08/07/2019,GUM,GU,AWP,WE,Federal Contract Tower,70,2,8,4,84,0,2,68,0,70,70,4,76,4,154,56,0,56,210
08/08/2019,GUM,GU,AWP,WE,Federal Contract Tower,69,4,6,0,79,0,0,52,0,52,69,4,58,0,131,77,0,77,208
08/09/2019,GUM,GU,AWP,WE,Federal Contract Tower,66,4,8,0,78,0,0,62,0,62,66,4,70,0,140,93,0,93,233
08/10/2019,GUM,GU,AWP,WE,Federal Contract Tower,68,2,10,0,80,0,0,46,0,46,68,2,56,0,126,98,0,98,224
08/11/2019,GUM,GU,AWP,WE,Federal Contract Tower,80,2,4,0,86,0,2,56,0,58,80,4,60,0,144,50,0,50,194
08/12/2019,GUM,GU,AWP,WE,Federal Contract Tower,65,4,22,0,91,0,0,74,0,74,65,4,96,0,165,64,0,64,229
08/13/2019,GUM,GU,AWP,WE,Federal Contract Tower,73,4,16,0,93,0,0,60,0,60,73,4,76,0,153,76,0,76,229
08/14/2019,GUM,GU,AWP,WE,Federal Contract Tower,75,2,15,2,94,0,2,80,0,82,75,4,95,2,176,56,0,56,232
08/15/2019,GUM,GU,AWP,WE,Federal Contract Tower,60,4,11,0,75,0,0,24,0,24,60,4,35,0,99,38,0,38,137
08/16/2019,GUM,GU,AWP,WE,Federal Contract Tower,77,0,12,0,89,0,0,98,0,98,77,0,110,0,187,56,0,56,243
08/17/2019,GUM,GU,AWP,WE,Federal Contract Tower,74,4,8,0,86,0,0,54,0,54,74,4,62,0,140,88,0,88,228
08/18/2019,GUM,GU,AWP,WE,Federal Contract Tower,71,2,1,0,74,0,0,40,0,40,71,2,41,0,114,50,0,50,164
08/19/2019,GUM,GU,AWP,WE,Federal Contract Tower,65,2,14,0,81,0,0,48,4,52,65,2,62,4,133,32,0,32,165
08/20/2019,GUM,GU,AWP,WE,Federal Contract Tower,73,2,11,0,86,0,0,70,0,70,73,2,81,0,156,8,0,8,164
08/21/2019,GUM,GU,AWP,WE,Federal Contract Tower,67,2,6,0,75,0,0,58,0,58,67,2,64,0,133,62,0,62,195
08/22/2019,GUM,GU,AWP,WE,Federal Contract Tower,67,3,6,0,76,0,0,76,0,76,67,3,82,0,152,58,8,66,218
08/23/2019,GUM,GU,AWP,WE,Federal Contract Tower,68,1,4,0,73,0,0,68,0,68,68,1,72,0,141,44,0,44,185
08/24/2019,GUM,GU,AWP,WE,Federal Contract Tower,67,3,6,0,76,0,1,62,0,63,67,4,68,0,139,36,0,36,175
08/25/2019,GUM,GU,AWP,WE,Federal Contract Tower,71,2,0,0,73,0,0,64,0,64,71,2,64,0,137,48,0,48,185
08/26/2019,GUM,GU,AWP,WE,Federal Contract Tower,65,4,16,0,85,0,0,30,0,30,65,4,46,0,115,38,0,38,153
08/27/2019,GUM,GU,AWP,WE,Federal Contract Tower,68,2,13,0,83,0,0,66,0,66,68,2,79,0,149,38,0,38,187
08/28/2019,GUM,GU,AWP,WE,Federal Contract Tower,66,0,2,1,69,0,1,74,0,75,66,1,76,1,144,54,0,54,198
08/29/2019,GUM,GU,AWP,WE,Federal Contract Tower,68,2,4,0,74,0,0,45,0,45,68,2,49,0,119,42,0,42,161
08/30/2019,GUM,GU,AWP,WE,Federal Contract Tower,66,2,5,0,73,0,0,42,0,42,66,2,47,0,115,36,0,36,151
08/31/2019,GUM,GU,AWP,WE,Federal Contract Tower,66,0,6,0,72,0,0,46,0,46,66,0,52,0,118,44,0,44,162
09/01/2019,GUM,GU,AWP,WE,Federal Contract Tower,73,0,4,0,77,0,0,42,0,42,73,0,46,0,119,24,0,24,143
09/02/2019,GUM,GU,AWP,WE,Federal Contract Tower,62,2,10,0,74,0,0,42,0,42,62,2,52,0,116,70,0,70,186
09/03/2019,GUM,GU,AWP,WE,Federal Contract Tower,68,2,6,1,77,0,0,50,1,51,68,2,56,2,128,62,0,62,190
09/04/2019,GUM,GU,AWP,WE,Federal Contract Tower,79,2,6,2,89,0,0,60,2,62,79,2,66,4,151,82,0,82,233
09/05/2019,GUM,GU,AWP,WE,Federal Contract Tower,70,0,8,2,80,0,0,68,0,68,70,0,76,2,148,56,0,56,204
09/06/2019,GUM,GU,AWP,WE,Federal Contract Tower,68,2,12,0,82,0,0,56,0,56,68,2,68,0,138,96,0,96,234
09/07/2019,GUM,GU,AWP,WE,Federal Contract Tower,67,0,2,0,69,0,0,66,0,66,67,0,68,0,135,60,0,60,195
09/08/2019,GUM,GU,AWP,WE,Federal Contract Tower,105,3,3,0,111,0,0,30,0,30,105,3,33,0,141,58,0,58,199
09/09/2019,GUM,GU,AWP,WE,Federal Contract Tower,61,2,10,0,73,0,0,26,0,26,61,2,36,0,99,66,0,66,165
09/10/2019,GUM,GU,AWP,WE,Federal Contract Tower,69,3,7,0,79,0,0,42,0,42,69,3,49,0,121,48,0,48,169
09/11/2019,GUM,GU,AWP,WE,Federal Contract Tower,67,2,8,1,78,0,0,30,1,31,67,2,38,2,109,46,0,46,155
09/12/2019,GUM,GU,AWP,WE,Federal Contract Tower,65,0,14,1,80,0,0,30,0,30,65,0,44,1,110,58,0,58,168
09/13/2019,GUM,GU,AWP,WE,Federal Contract Tower,66,4,8,0,78,0,0,52,0,52,66,4,60,0,130,48,0,48,178
09/14/2019,GUM,GU,AWP,WE,Federal Contract Tower,68,4,4,0,76,0,0,48,0,48,68,4,52,0,124,70,0,70,194
09/15/2019,GUM,GU,AWP,WE,Federal Contract Tower,88,0,0,0,88,0,0,0,0,0,88,0,0,0,88,0,0,0,88
09/16/2019,GUM,GU,AWP,WE,Federal Contract Tower,64,5,11,0,80,0,0,40,0,40,64,5,51,0,120,88,0,88,208
09/17/2019,GUM,GU,AWP,WE,Federal Contract Tower,66,4,8,0,78,0,0,61,0,61,66,4,69,0,139,72,0,72,211
09/18/2019,GUM,GU,AWP,WE,Federal Contract Tower,66,2,6,0,74,0,0,44,0,44,66,2,50,0,118,90,0,90,208
09/19/2019,GUM,GU,AWP,WE,Federal Contract Tower,65,0,6,0,71,0,0,73,0,73,65,0,79,0,144,168,0,168,312
09/20/2019,GUM,GU,AWP,WE,Federal Contract Tower,71,2,6,0,79,0,0,54,0,54,71,2,60,0,133,128,0,128,261
09/21/2019,GUM,GU,AWP,WE,Federal Contract Tower,64,4,6,0,74,0,0,70,0,70,64,4,76,0,144,158,0,158,302
09/22/2019,GUM,GU,AWP,WE,Federal Contract Tower,65,2,0,0,67,0,0,48,0,48,65,2,48,0,115,176,0,176,291
09/23/2019,GUM,GU,AWP,WE,Federal Contract Tower,63,2,10,0,75,0,0,48,0,48,63,2,58,0,123,110,0,110,233
09/24/2019,GUM,GU,AWP,WE,Federal Contract Tower,67,0,6,2,75,0,0,72,2,74,67,0,78,4,149,46,0,46,195
09/25/2019,GUM,GU,AWP,WE,Federal Contract Tower,67,2,4,2,75,0,0,42,0,42,67,2,46,2,117,18,0,18,135
09/26/2019,GUM,GU,AWP,WE,Federal Contract Tower,68,0,10,3,81,0,0,34,2,36,68,0,44,5,117,24,0,24,141
09/27/2019,GUM,GU,AWP,WE,Federal Contract Tower,67,0,6,0,73,0,0,66,0,66,67,0,72,0,139,6,0,6,145
09/28/2019,GUM,GU,AWP,WE,Federal Contract Tower,65,0,4,0,69,0,0,60,0,60,65,0,64,0,129,64,0,64,193
09/29/2019,GUM,GU,AWP,WE,Federal Contract Tower,71,4,0,0,75,0,0,34,0,34,71,4,34,0,109,62,0,62,171
09/30/2019,GUM,GU,AWP,WE,Federal Contract Tower,61,4,8,0,73,0,0,68,0,68,61,4,76,0,141,18,0,18,159
10/01/2019,GUM,GU,AWP,WE,Federal Contract Tower,70,2,6,0,78,0,0,72,0,72,70,2,78,0,150,34,0,34,184
10/02/2019,GUM,GU,AWP,WE,Federal Contract Tower,67,2,6,3,78,0,0,68,13,81,67,2,74,16,159,48,0,48,207
10/03/2019,GUM,GU,AWP,WE,Federal Contract Tower,71,4,6,0,81,0,0,104,10,114,71,4,110,10,195,42,0,42,237
10/04/2019,GUM,GU,AWP,WE,Federal Contract Tower,66,4,6,0,76,0,0,76,0,76,66,4,82,0,152,42,0,42,194
10/05/2019,GUM,GU,AWP,WE,Federal Contract Tower,68,2,6,1,77,0,0,70,0,70,68,2,76,1,147,72,0,72,219
10/06/2019,GUM,GU,AWP,WE,Federal Contract Tower,70,2,1,1,74,0,0,50,0,50,70,2,51,1,124,56,0,56,180
10/07/2019,GUM,GU,AWP,WE,Federal Contract Tower,59,2,12,0,73,0,0,30,0,30,59,2,42,0,103,26,0,26,129
10/09/2019,GUM,GU,AWP,WE,Federal Contract Tower,68,7,19,0,94,0,0,55,0,55,68,7,74,0,149,30,0,30,179
10/10/2019,GUM,GU,AWP,WE,Federal Contract Tower,66,4,10,0,80,0,2,69,1,72,66,6,79,1,152,36,0,36,188
10/11/2019,GUM,GU,AWP,WE,Federal Contract Tower,63,3,4,0,70,0,0,93,0,93,63,3,97,0,163,66,0,66,229
10/12/2019,GUM,GU,AWP,WE,Federal Contract Tower,45,2,11,0,58,0,0,54,0,54,45,2,65,0,112,46,0,46,158
10/13/2019,GUM,GU,AWP,WE,Federal Contract Tower,64,2,5,0,71,0,0,40,0,40,64,2,45,0,111,20,0,20,131
10/14/2019,GUM,GU,AWP,WE,Federal Contract Tower,63,4,10,0,77,0,0,42,0,42,63,4,52,0,119,50,0,50,169
10/15/2019,GUM,GU,AWP,WE,Federal Contract Tower,73,2,8,1,84,0,1,47,1,49,73,3,55,2,133,28,0,28,161
10/16/2019,GUM,GU,AWP,WE,Federal Contract Tower,68,4,12,0,84,0,0,60,2,62,68,4,72,2,146,36,0,36,182
10/17/2019,GUM,GU,AWP,WE,Federal Contract Tower,64,0,15,0,79,0,0,72,0,72,64,0,87,0,151,35,0,35,186
10/18/2019,GUM,GU,AWP,WE,Federal Contract Tower,64,2,8,0,74,0,0,68,0,68,64,2,76,0,142,52,0,52,194
10/19/2019,GUM,GU,AWP,WE,Federal Contract Tower,65,2,8,0,75,0,0,42,0,42,65,2,50,0,117,66,0,66,183
10/20/2019,GUM,GU,AWP,WE,Federal Contract Tower,71,0,2,0,73,0,0,58,0,58,71,0,60,0,131,32,0,32,163
10/21/2019,GUM,GU,AWP,WE,Federal Contract Tower,65,0,14,0,79,0,0,60,0,60,65,0,74,0,139,34,0,34,173
10/22/2019,GUM,GU,AWP,WE,Federal Contract Tower,65,0,8,0,73,0,0,58,0,58,65,0,66,0,131,36,0,36,167
10/23/2019,GUM,GU,AWP,WE,Federal Contract Tower,66,3,10,0,79,0,1,82,0,83,66,4,92,0,162,4,0,4,166
10/24/2019,GUM,GU,AWP,WE,Federal Contract Tower,64,4,6,1,75,0,0,57,2,59,64,4,63,3,134,40,0,40,174
10/25/2019,GUM,GU,AWP,WE,Federal Contract Tower,67,2,5,0,74,0,2,44,0,46,67,4,49,0,120,58,0,58,178
10/26/2019,GUM,GU,AWP,WE,Federal Contract Tower,64,2,5,0,71,0,0,45,0,45,64,2,50,0,116,46,0,46,162
10/27/2019,GUM,GU,AWP,WE,Federal Contract Tower,69,5,0,0,74,0,0,44,0,44,69,5,44,0,118,32,0,32,150
10/28/2019,GUM,GU,AWP,WE,Federal Contract Tower,60,0,14,0,74,0,0,32,0,32,60,0,46,0,106,24,0,24,130
10/29/2019,GUM,GU,AWP,WE,Federal Contract Tower,65,0,12,0,77,0,0,68,0,68,65,0,80,0,145,22,0,22,167
10/30/2019,GUM,GU,AWP,WE,Federal Contract Tower,63,1,5,0,69,0,0,67,0,67,63,1,72,0,136,24,0,24,160
10/31/2019,GUM,GU,AWP,WE,Federal Contract Tower,65,0,7,0,72,0,0,71,0,71,65,0,78,0,143,50,0,50,193
11/01/2019,GUM,GU,AWP,WE,Federal Contract Tower,67,3,5,0,75,0,0,40,0,40,67,3,45,0,115,84,0,84,199
11/02/2019,GUM,GU,AWP,WE,Federal Contract Tower,63,2,4,0,69,0,0,74,0,74,63,2,78,0,143,150,0,150,293
11/03/2019,GUM,GU,AWP,WE,Federal Contract Tower,64,0,3,0,67,0,0,54,0,54,64,0,57,0,121,110,0,110,231
11/04/2019,GUM,GU,AWP,WE,Federal Contract Tower,63,2,7,0,72,0,0,55,0,55,63,2,62,0,127,132,0,132,259
11/05/2019,GUM,GU,AWP,WE,Federal Contract Tower,69,3,7,0,79,0,0,72,0,72,69,3,79,0,151,148,0,148,299
11/06/2019,GUM,GU,AWP,WE,Federal Contract Tower,64,3,6,0,73,0,0,62,0,62,64,3,68,0,135,136,0,136,271
11/07/2019,GUM,GU,AWP,WE,Federal Contract Tower,65,0,10,0,75,0,0,44,0,44,65,0,54,0,119,66,0,66,185
11/08/2019,GUM,GU,AWP,WE,Federal Contract Tower,66,4,6,0,76,0,0,41,0,41,66,4,47,0,117,62,0,62,179
11/09/2019,GUM,GU,AWP,WE,Federal Contract Tower,66,2,5,0,73,0,0,38,0,38,66,2,43,0,111,46,0,46,157
11/10/2019,GUM,GU,AWP,WE,Federal Contract Tower,63,1,1,0,65,0,1,51,0,52,63,2,52,0,117,22,0,22,139
11/11/2019,GUM,GU,AWP,WE,Federal Contract Tower,61,5,12,0,78,0,0,40,0,40,61,5,52,0,118,26,0,26,144
11/12/2019,GUM,GU,AWP,WE,Federal Contract Tower,67,2,7,8,84,0,0,84,0,84,67,2,91,8,168,28,0,28,196
11/13/2019,GUM,GU,AWP,WE,Federal Contract Tower,64,5,11,9,89,0,0,68,2,70,64,5,79,11,159,72,0,72,231
11/14/2019,GUM,GU,AWP,WE,Federal Contract Tower,63,0,6,0,69,0,2,60,0,62,63,2,66,0,131,58,0,58,189
11/15/2019,GUM,GU,AWP,WE,Federal Contract Tower,66,1,10,0,77,0,0,52,0,52,66,1,62,0,129,56,4,60,189
11/16/2019,GUM,GU,AWP,WE,Federal Contract Tower,62,2,5,0,69,0,0,50,0,50,62,2,55,0,119,104,0,104,223
11/17/2019,GUM,GU,AWP,WE,Federal Contract Tower,61,2,1,0,64,0,0,30,0,30,61,2,31,0,94,54,0,54,148
11/18/2019,GUM,GU,AWP,WE,Federal Contract Tower,63,0,18,4,85,0,2,46,0,48,63,2,64,4,133,44,2,46,179
11/19/2019,GUM,GU,AWP,WE,Federal Contract Tower,68,0,6,9,83,0,1,55,2,58,68,1,61,11,141,44,0,44,185
11/20/2019,GUM,GU,AWP,WE,Federal Contract Tower,64,2,6,1,73,0,0,88,0,88,64,2,94,1,161,20,0,20,181
11/21/2019,GUM,GU,AWP,WE,Federal Contract Tower,68,0,8,0,76,0,0,74,0,74,68,0,82,0,150,30,0,30,180
11/22/2019,GUM,GU,AWP,WE,Federal Contract Tower,66,2,9,0,77,0,0,40,0,40,66,2,49,0,117,42,0,42,159
11/23/2019,GUM,GU,AWP,WE,Federal Contract Tower,63,0,9,1,73,0,0,48,23,71,63,0,57,24,144,68,0,68,212
11/24/2019,GUM,GU,AWP,WE,Federal Contract Tower,64,2,2,16,84,0,0,44,4,48,64,2,46,20,132,40,0,40,172
11/25/2019,GUM,GU,AWP,WE,Federal Contract Tower,62,6,10,8,86,0,0,76,4,80,62,6,86,12,166,40,0,40,206
11/26/2019,GUM,GU,AWP,WE,Federal Contract Tower,64,1,8,0,73,0,0,37,4,41,64,1,45,4,114,10,0,10,124
11/27/2019,GUM,GU,AWP,WE,Federal Contract Tower,60,0,8,4,72,0,0,0,0,0,60,0,8,4,72,0,0,0,72
11/28/2019,GUM,GU,AWP,WE,Federal Contract Tower,66,4,3,0,73,0,0,60,0,60,66,4,63,0,133,12,0,12,145
11/29/2019,GUM,GU,AWP,WE,Federal Contract Tower,67,4,6,11,88,0,0,41,4,45,67,4,47,15,133,12,0,12,145
11/30/2019,GUM,GU,AWP,WE,Federal Contract Tower,62,0,6,7,75,0,0,56,0,56,62,0,62,7,131,38,0,38,169
12/01/2019,GUM,GU,AWP,WE,Federal Contract Tower,63,0,0,1,64,0,1,52,6,59,63,1,52,7,123,47,0,47,170
12/02/2019,GUM,GU,AWP,WE,Federal Contract Tower,65,4,7,16,92,0,0,64,4,68,65,4,71,20,160,8,0,8,168
12/03/2019,GUM,GU,AWP,WE,Federal Contract Tower,68,0,4,16,88,0,0,52,4,56,68,0,56,20,144,24,0,24,168
12/04/2019,GUM,GU,AWP,WE,Federal Contract Tower,71,2,31,0,104,0,0,68,7,75,71,2,99,7,179,24,30,54,233
12/05/2019,GUM,GU,AWP,WE,Federal Contract Tower,69,2,13,0,84,0,0,61,0,61,69,2,74,0,145,52,0,52,197
12/06/2019,GUM,GU,AWP,WE,Federal Contract Tower,71,0,13,18,102,0,0,44,0,44,71,0,57,18,146,68,0,68,214
12/07/2019,GUM,GU,AWP,WE,Federal Contract Tower,69,3,6,8,86,0,0,44,0,44,69,3,50,8,130,42,0,42,172
12/09/2019,GUM,GU,AWP,WE,Federal Contract Tower,70,0,13,8,91,0,3,65,4,72,70,3,78,12,163,26,0,26,189
12/10/2019,GUM,GU,AWP,WE,Federal Contract Tower,65,1,6,0,72,0,3,54,6,63,65,4,60,6,135,30,0,30,165
12/11/2019,GUM,GU,AWP,WE,Federal Contract Tower,73,5,28,0,106,0,0,94,0,94,73,5,122,0,200,20,0,20,220
12/12/2019,GUM,GU,AWP,WE,Federal Contract Tower,67,1,6,1,75,0,0,53,0,53,67,1,59,1,128,38,0,38,166
12/13/2019,GUM,GU,AWP,WE,Federal Contract Tower,69,0,9,9,87,0,1,66,2,69,69,1,75,11,156,16,6,22,178
12/14/2019,GUM,GU,AWP,WE,Federal Contract Tower,67,0,6,0,73,0,0,42,14,56,67,0,48,14,129,68,0,68,197
12/15/2019,GUM,GU,AWP,WE,Federal Contract Tower,70,2,0,7,79,0,0,0,0,0,70,2,0,7,79,52,0,52,131
12/16/2019,GUM,GU,AWP,WE,Federal Contract Tower,62,3,15,0,80,0,0,50,8,58,62,3,65,8,138,50,18,68,206
12/17/2019,GUM,GU,AWP,WE,Federal Contract Tower,68,0,8,0,76,0,2,78,2,82,68,2,86,2,158,72,0,72,230
12/18/2019,GUM,GU,AWP,WE,Federal Contract Tower,69,2,6,2,79,0,2,44,2,48,69,4,50,4,127,2,0,2,129
12/19/2019,GUM,GU,AWP,WE,Federal Contract Tower,63,0,15,0,78,0,0,58,0,58,63,0,73,0,136,64,0,64,200
12/20/2019,GUM,GU,AWP,WE,Federal Contract Tower,70,2,6,2,80,0,0,66,0,66,70,2,72,2,146,27,0,27,173
12/21/2019,GUM,GU,AWP,WE,Federal Contract Tower,70,2,4,3,79,0,0,54,0,54,70,2,58,3,133,86,0,86,219
12/22/2019,GUM,GU,AWP,WE,Federal Contract Tower,68,2,0,2,72,0,2,30,0,32,68,4,30,2,104,78,0,78,182
12/23/2019,GUM,GU,AWP,WE,Federal Contract Tower,64,4,6,1,75,0,0,54,0,54,64,4,60,1,129,58,0,58,187
12/24/2019,GUM,GU,AWP,WE,Federal Contract Tower,66,2,8,0,76,0,0,50,0,50,66,2,58,0,126,16,0,16,142
12/25/2019,GUM,GU,AWP,WE,Federal Contract Tower,73,0,8,0,81,0,0,74,0,74,73,0,82,0,155,64,0,64,219
12/26/2019,GUM,GU,AWP,WE,Federal Contract Tower,70,2,10,0,82,0,2,71,0,73,70,4,81,0,155,46,0,46,201
12/27/2019,GUM,GU,AWP,WE,Federal Contract Tower,77,4,9,0,90,0,0,58,20,78,77,4,67,20,168,54,0,54,222
12/28/2019,GUM,GU,AWP,WE,Federal Contract Tower,77,0,6,0,83,0,0,74,0,74,77,0,80,0,157,22,0,22,179
12/30/2019,GUM,GU,AWP,WE,Federal Contract Tower,94,4,16,6,120,0,0,91,5,96,94,4,107,11,216,60,11,71,287
12/31/2019,GUM,GU,AWP,WE,Federal Contract Tower,82,4,12,0,98,0,0,62,0,62,82,4,74,0,160,80,0,80,240
01/01/2020,GUM,GU,AWP,WE,Federal Contract Tower,85,0,4,0,89,0,4,78,0,82,85,4,82,0,171,30,0,30,201
01/02/2020,GUM,GU,AWP,WE,Federal Contract Tower,89,0,5,0,94,0,3,90,0,93,89,3,95,0,187,59,0,59,246
01/03/2020,GUM,GU,AWP,WE,Federal Contract Tower,84,4,5,0,93,0,0,56,0,56,84,4,61,0,149,28,0,28,177
01/04/2020,GUM,GU,AWP,WE,Federal Contract Tower,76,5,2,0,83,0,0,58,0,58,76,5,60,0,141,54,0,54,195
01/05/2020,GUM,GU,AWP,WE,Federal Contract Tower,82,0,0,7,89,0,2,47,3,52,82,2,47,10,141,23,0,23,164
01/06/2020,GUM,GU,AWP,WE,Federal Contract Tower,65,0,12,5,82,0,0,74,7,81,65,0,86,12,163,44,0,44,207
01/07/2020,GUM,GU,AWP,WE,Federal Contract Tower,72,2,6,0,80,0,2,28,12,42,72,4,34,12,122,22,0,22,144
01/08/2020,GUM,GU,AWP,WE,Federal Contract Tower,78,5,10,8,101,0,0,0,0,0,78,5,10,8,101,8,0,8,109
01/09/2020,GUM,GU,AWP,WE,Federal Contract Tower,64,1,6,3,74,0,0,54,4,58,64,1,60,7,132,54,0,54,186
01/10/2020,GUM,GU,AWP,WE,Federal Contract Tower,73,2,8,0,83,0,0,68,0,68,73,2,76,0,151,68,0,68,219
01/11/2020,GUM,GU,AWP,WE,Federal Contract Tower,77,2,12,0,91,0,0,63,0,63,77,2,75,0,154,44,0,44,198
01/12/2020,GUM,GU,AWP,WE,Federal Contract Tower,71,2,9,0,82,0,0,48,0,48,71,2,57,0,130,67,0,67,197
01/13/2020,GUM,GU,AWP,WE,Federal Contract Tower,54,2,15,14,85,0,8,66,4,78,54,10,81,18,163,32,0,32,195
01/14/2020,GUM,GU,AWP,WE,Federal Contract Tower,83,0,21,2,106,0,2,79,2,83,83,2,100,4,189,44,0,44,233
01/15/2020,GUM,GU,AWP,WE,Federal Contract Tower,78,4,11,7,100,0,0,0,0,0,78,4,11,7,100,70,0,70,170
01/16/2020,GUM,GU,AWP,WE,Federal Contract Tower,71,2,10,2,85,0,0,58,2,60,71,2,68,4,145,93,0,93,238
01/17/2020,GUM,GU,AWP,WE,Federal Contract Tower,76,2,9,0,87,0,1,66,0,67,76,3,75,0,154,116,0,116,270
01/18/2020,GUM,GU,AWP,WE,Federal Contract Tower,76,1,13,2,92,0,0,44,8,52,76,1,57,10,144,110,0,110,254
01/19/2020,GUM,GU,AWP,WE,Federal Contract Tower,81,2,8,8,99,0,0,52,5,57,81,2,60,13,156,94,0,94,250
01/20/2020,GUM,GU,AWP,WE,Federal Contract Tower,71,4,8,7,90,0,0,72,5,77,71,4,80,12,167,132,0,132,299
01/21/2020,GUM,GU,AWP,WE,Federal Contract Tower,76,0,2,2,80,0,0,78,4,82,76,0,80,6,162,108,0,108,270
01/22/2020,GUM,GU,AWP,WE,Federal Contract Tower,95,2,8,4,109,0,2,52,0,54,95,4,60,4,163,38,0,38,201
01/23/2020,GUM,GU,AWP,WE,Federal Contract Tower,76,0,7,0,83,0,0,63,0,63,76,0,70,0,146,106,6,112,258
01/24/2020,GUM,GU,AWP,WE,Federal Contract Tower,79,2,8,0,89,0,0,68,0,68,79,2,76,0,157,48,0,48,205
01/25/2020,GUM,GU,AWP,WE,Federal Contract Tower,76,1,4,0,81,0,0,82,0,82,76,1,86,0,163,66,0,66,229
01/26/2020,GUM,GU,AWP,WE,Federal Contract Tower,73,3,3,0,79,0,0,46,0,46,73,3,49,0,125,46,0,46,171
01/27/2020,GUM,GU,AWP,WE,Federal Contract Tower,69,3,8,0,80,0,1,78,0,79,69,4,86,0,159,24,0,24,183
01/28/2020,GUM,GU,AWP,WE,Federal Contract Tower,78,2,13,0,93,0,0,79,0,79,78,2,92,0,172,48,0,48,220
01/29/2020,GUM,GU,AWP,WE,Federal Contract Tower,76,1,5,0,82,0,0,72,0,72,76,1,77,0,154,30,0,30,184
01/30/2020,GUM,GU,AWP,WE,Federal Contract Tower,74,0,15,0,89,0,0,119,0,119,74,0,134,0,208,26,0,26,234
01/31/2020,GUM,GU,AWP,WE,Federal Contract Tower,81,0,3,0,84,0,0,79,0,79,81,0,82,0,163,16,0,16,179
02/01/2020,GUM,GU,AWP,WE,Federal Contract Tower,88,0,6,0,94,0,0,30,0,30,88,0,36,0,124,16,0,16,140
02/02/2020,GUM,GU,AWP,WE,Federal Contract Tower,73,0,1,1,75,0,0,6,0,6,73,0,7,1,81,16,0,16,97
02/03/2020,GUM,GU,AWP,WE,Federal Contract Tower,72,5,11,3,91,0,1,17,1,19,72,6,28,4,110,12,0,12,122
02/04/2020,GUM,GU,AWP,WE,Federal Contract Tower,79,2,6,2,89,0,0,58,8,66,79,2,64,10,155,6,0,6,161
02/05/2020,GUM,GU,AWP,WE,Federal Contract Tower,74,3,7,4,88,0,4,77,1,82,74,7,84,5,170,40,0,40,210
02/06/2020,GUM,GU,AWP,WE,Federal Contract Tower,73,0,7,1,81,0,0,66,3,69,73,0,73,4,150,38,0,38,188
02/07/2020,GUM,GU,AWP,WE,Federal Contract Tower,74,0,9,2,85,0,0,74,8,82,74,0,83,10,167,8,0,8,175
02/08/2020,GUM,GU,AWP,WE,Federal Contract Tower,76,2,2,0,80,0,0,42,0,42,76,2,44,0,122,64,0,64,186
02/09/2020,GUM,GU,AWP,WE,Federal Contract Tower,74,2,7,0,83,0,0,64,0,64,74,2,71,0,147,140,0,140,287
02/10/2020,GUM,GU,AWP,WE,Federal Contract Tower,72,0,8,4,84,0,0,74,0,74,72,0,82,4,158,38,0,38,196
02/11/2020,GUM,GU,AWP,WE,Federal Contract Tower,78,0,10,6,94,0,4,60,3,67,78,4,70,9,161,34,0,34,195
02/12/2020,GUM,GU,AWP,WE,Federal Contract Tower,73,4,8,3,88,0,0,54,1,55,73,4,62,4,143,44,4,48,191
02/13/2020,GUM,GU,AWP,WE,Federal Contract Tower,72,2,9,5,88,0,0,51,0,51,72,2,60,5,139,42,1,43,182
02/14/2020,GUM,GU,AWP,WE,Federal Contract Tower,74,2,13,2,91,0,0,38,0,38,74,2,51,2,129,52,0,52,181
02/15/2020,GUM,GU,AWP,WE,Federal Contract Tower,76,0,11,1,88,0,3,65,0,68,76,3,76,1,156,60,0,60,216
02/16/2020,GUM,GU,AWP,WE,Federal Contract Tower,74,0,4,1,79,0,0,41,0,41,74,0,45,1,120,20,0,20,140
02/17/2020,GUM,GU,AWP,WE,Federal Contract Tower,63,0,8,3,74,0,2,38,0,40,63,2,46,3,114,30,0,30,144
02/18/2020,GUM,GU,AWP,WE,Federal Contract Tower,69,0,10,0,79,0,1,41,0,42,69,1,51,0,121,50,18,68,189
02/19/2020,GUM,GU,AWP,WE,Federal Contract Tower,72,0,8,4,84,0,1,45,3,49,72,1,53,7,133,74,0,74,207
02/20/2020,GUM,GU,AWP,WE,Federal Contract Tower,66,3,9,10,88,0,1,51,0,52,66,4,60,10,140,47,0,47,187
02/21/2020,GUM,GU,AWP,WE,Federal Contract Tower,73,0,8,0,81,0,0,33,0,33,73,0,41,0,114,30,0,30,144
02/22/2020,GUM,GU,AWP,WE,Federal Contract Tower,72,1,6,1,80,0,0,66,0,66,72,1,72,1,146,46,0,46,192
02/23/2020,GUM,GU,AWP,WE,Federal Contract Tower,73,0,2,1,76,0,0,54,0,54,73,0,56,1,130,14,0,14,144
02/24/2020,GUM,GU,AWP,WE,Federal Contract Tower,65,0,10,0,75,0,1,43,0,44,65,1,53,0,119,58,0,58,177
02/25/2020,GUM,GU,AWP,WE,Federal Contract Tower,72,3,6,9,90,0,0,46,2,48,72,3,52,11,138,68,12,80,218
02/26/2020,GUM,GU,AWP,WE,Federal Contract Tower,65,1,6,2,74,0,6,52,0,58,65,7,58,2,132,58,0,58,190
02/27/2020,GUM,GU,AWP,WE,Federal Contract Tower,69,0,4,0,73,0,0,0,0,0,69,0,4,0,73,45,0,45,118
02/28/2020,GUM,GU,AWP,WE,Federal Contract Tower,70,0,6,0,76,0,0,53,0,53,70,0,59,0,129,65,44,109,238
02/29/2020,GUM,GU,AWP,WE,Federal Contract Tower,72,2,4,0,78,0,0,34,0,34,72,2,38,0,112,52,0,52,164
03/01/2020,GUM,GU,AWP,WE,Federal Contract Tower,73,0,6,0,79,0,0,46,0,46,73,0,52,0,125,26,0,26,151
03/02/2020,GUM,GU,AWP,WE,Federal Contract Tower,55,2,8,11,76,0,6,3,0,9,55,8,11,11,85,22,0,22,107
03/03/2020,GUM,GU,AWP,WE,Federal Contract Tower,58,2,4,7,71,0,4,24,0,28,58,6,28,7,99,0,2,2,101
03/04/2020,GUM,GU,AWP,WE,Federal Contract Tower,56,4,6,0,66,0,2,55,0,57,56,6,61,0,123,60,0,60,183
03/05/2020,GUM,GU,AWP,WE,Federal Contract Tower,64,0,8,0,72,0,0,43,0,43,64,0,51,0,115,34,0,34,149
03/06/2020,GUM,GU,AWP,WE,Federal Contract Tower,57,2,6,0,65,0,4,58,0,62,57,6,64,0,127,36,0,36,163
03/07/2020,GUM,GU,AWP,WE,Federal Contract Tower,60,4,4,2,70,0,2,38,0,40,60,6,42,2,110,42,0,42,152
03/08/2020,GUM,GU,AWP,WE,Federal Contract Tower,55,2,2,0,59,38,4,0,0,42,93,6,2,0,101,72,0,72,173
03/09/2020,GUM,GU,AWP,WE,Federal Contract Tower,46,2,11,0,59,0,0,20,0,20,46,2,31,0,79,36,0,36,115
03/10/2020,GUM,GU,AWP,WE,Federal Contract Tower,50,0,5,4,59,0,2,29,4,35,50,2,34,8,94,34,0,34,128
03/11/2020,GUM,GU,AWP,WE,Federal Contract Tower,52,0,3,7,62,0,0,35,1,36,52,0,38,8,98,30,13,43,141
03/12/2020,GUM,GU,AWP,WE,Federal Contract Tower,48,2,4,1,55,0,0,34,0,34,48,2,38,1,89,82,0,82,171
03/13/2020,GUM,GU,AWP,WE,Federal Contract Tower,52,2,4,0,58,0,3,32,0,35,52,5,36,0,93,128,0,128,221
03/14/2020,GUM,GU,AWP,WE,Federal Contract Tower,54,2,2,4,62,38,0,0,0,38,92,2,2,4,100,94,0,94,194
03/15/2020,GUM,GU,AWP,WE,Federal Contract Tower,48,2,0,0,50,2,0,28,0,30,50,2,28,0,80,75,0,75,155
03/16/2020,GUM,GU,AWP,WE,Federal Contract Tower,50,0,9,2,61,0,2,18,0,20,50,2,27,2,81,86,0,86,167
03/17/2020,GUM,GU,AWP,WE,Federal Contract Tower,52,2,6,0,60,0,0,20,0,20,52,2,26,0,80,64,0,64,144
03/18/2020,GUM,GU,AWP,WE,Federal Contract Tower,47,2,23,0,72,0,0,11,0,11,47,2,34,0,83,88,0,88,171
03/19/2020,GUM,GU,AWP,WE,Federal Contract Tower,46,2,2,0,50,0,0,7,0,7,46,2,9,0,57,78,0,78,135
03/20/2020,GUM,GU,AWP,WE,Federal Contract Tower,41,0,15,0,56,0,2,8,0,10,41,2,23,0,66,72,0,72,138
03/21/2020,GUM,GU,AWP,WE,Federal Contract Tower,25,0,8,0,33,0,0,0,0,0,25,0,8,0,33,44,0,44,77
03/22/2020,GUM,GU,AWP,WE,Federal Contract Tower,23,0,2,0,25,0,0,0,0,0,23,0,2,0,25,12,0,12,37
03/23/2020,GUM,GU,AWP,WE,Federal Contract Tower,12,0,4,0,16,0,0,2,0,2,12,0,6,0,18,0,0,0,18
03/24/2020,GUM,GU,AWP,WE,Federal Contract Tower,6,0,3,2,11,0,0,1,0,1,6,0,4,2,12,0,0,0,12
03/25/2020,GUM,GU,AWP,WE,Federal Contract Tower,7,0,8,0,15,0,0,4,2,6,7,0,12,2,21,0,0,0,21
03/26/2020,GUM,GU,AWP,WE,Federal Contract Tower,11,0,6,0,17,0,0,0,0,0,11,0,6,0,17,0,0,0,17
03/27/2020,GUM,GU,AWP,WE,Federal Contract Tower,6,2,7,0,15,0,0,4,0,4,6,2,11,0,19,0,0,0,19
03/28/2020,GUM,GU,AWP,WE,Federal Contract Tower,12,0,2,0,14,0,0,2,0,2,12,0,4,0,16,0,0,0,16
03/29/2020,GUM,GU,AWP,WE,Federal Contract Tower,17,0,0,0,17,0,0,0,0,0,17,0,0,0,17,2,0,2,19
03/30/2020,GUM,GU,AWP,WE,Federal Contract Tower,9,0,9,0,18,0,0,5,0,5,9,0,14,0,23,0,0,0,23
03/31/2020,GUM,GU,AWP,WE,Federal Contract Tower,6,0,7,0,13,0,0,2,0,2,6,0,9,0,15,0,0,0,15
04/01/2020,GUM,GU,AWP,WE,Federal Contract Tower,7,0,4,0,11,0,0,4,0,4,7,0,8,0,15,0,0,0,15
04/02/2020,GUM,GU,AWP,WE,Federal Contract Tower,6,0,4,0,10,0,0,5,0,5,6,0,9,0,15,0,0,0,15
04/03/2020,GUM,GU,AWP,WE,Federal Contract Tower,8,0,8,0,16,0,2,6,0,8,8,2,14,0,24,0,0,0,24
04/04/2020,GUM,GU,AWP,WE,Federal Contract Tower,5,2,2,0,9,0,0,0,0,0,5,2,2,0,9,0,0,0,9
04/05/2020,GUM,GU,AWP,WE,Federal Contract Tower,9,0,0,0,9,0,0,2,0,2,9,0,2,0,11,0,0,0,11
04/06/2020,GUM,GU,AWP,WE,Federal Contract Tower,5,0,10,2,17,0,0,4,24,28,5,0,14,26,45,0,0,0,45
04/07/2020,GUM,GU,AWP,WE,Federal Contract Tower,4,0,5,1,10,0,2,0,1,3,4,2,5,2,13,0,6,6,19
04/08/2020,GUM,GU,AWP,WE,Federal Contract Tower,8,0,5,0,13,0,0,5,0,5,8,0,10,0,18,0,0,0,18
04/09/2020,GUM,GU,AWP,WE,Federal Contract Tower,6,0,2,0,8,0,0,8,0,8,6,0,10,0,16,0,0,0,16
04/10/2020,GUM,GU,AWP,WE,Federal Contract Tower,7,0,5,0,12,0,0,4,2,6,7,0,9,2,18,0,0,0,18
04/11/2020,GUM,GU,AWP,WE,Federal Contract Tower,8,0,2,0,10,0,0,2,0,2,8,0,4,0,12,0,0,0,12
04/12/2020,GUM,GU,AWP,WE,Federal Contract Tower,7,0,0,0,7,0,0,0,0,0,7,0,0,0,7,0,0,0,7
04/13/2020,GUM,GU,AWP,WE,Federal Contract Tower,8,3,9,8,28,0,0,3,0,3,8,3,12,8,31,0,0,0,31
04/14/2020,GUM,GU,AWP,WE,Federal Contract Tower,6,0,5,0,11,0,1,2,0,3,6,1,7,0,14,0,0,0,14
04/15/2020,GUM,GU,AWP,WE,Federal Contract Tower,6,0,4,0,10,0,0,0,0,0,6,0,4,0,10,0,0,0,10
04/16/2020,GUM,GU,AWP,WE,Federal Contract Tower,10,0,6,2,18,0,0,10,2,12,10,0,16,4,30,0,10,10,40
04/17/2020,GUM,GU,AWP,WE,Federal Contract Tower,5,0,7,11,23,0,0,12,1,13,5,0,19,12,36,0,0,0,36
04/18/2020,GUM,GU,AWP,WE,Federal Contract Tower,5,0,4,0,9,0,0,0,0,0,5,0,4,0,9,0,0,0,9
04/19/2020,GUM,GU,AWP,WE,Federal Contract Tower,7,0,2,0,9,0,1,1,0,2,7,1,3,0,11,0,0,0,11
04/20/2020,GUM,GU,AWP,WE,Federal Contract Tower,5,0,4,4,13,0,0,4,0,4,5,0,8,4,17,0,0,0,17
04/21/2020,GUM,GU,AWP,WE,Federal Contract Tower,3,0,10,0,13,0,0,4,0,4,3,0,14,0,17,0,0,0,17
04/22/2020,GUM,GU,AWP,WE,Federal Contract Tower,7,1,4,0,12,0,0,5,0,5,7,1,9,0,17,0,0,0,17
04/23/2020,GUM,GU,AWP,WE,Federal Contract Tower,7,2,6,2,17,0,1,6,0,7,7,3,12,2,24,0,0,0,24
04/24/2020,GUM,GU,AWP,WE,Federal Contract Tower,6,0,9,0,15,0,0,6,0,6,6,0,15,0,21,0,0,0,21
04/25/2020,GUM,GU,AWP,WE,Federal Contract Tower,9,0,2,0,11,0,0,0,0,0,9,0,2,0,11,0,0,0,11
04/26/2020,GUM,GU,AWP,WE,Federal Contract Tower,5,5,2,0,12,0,1,1,0,2,5,6,3,0,14,0,0,0,14
04/27/2020,GUM,GU,AWP,WE,Federal Contract Tower,4,1,13,0,18,0,0,0,0,0,4,1,13,0,18,0,0,0,18
04/28/2020,GUM,GU,AWP,WE,Federal Contract Tower,3,0,2,2,7,0,0,3,0,3,3,0,5,2,10,0,0,0,10
04/29/2020,GUM,GU,AWP,WE,Federal Contract Tower,9,0,9,1,19,0,0,4,2,6,9,0,13,3,25,0,0,0,25
04/30/2020,GUM,GU,AWP,WE,Federal Contract Tower,6,0,4,2,12,0,0,6,2,8,6,0,10,4,20,0,12,12,32
05/01/2020,GUM,GU,AWP,WE,Federal Contract Tower,6,0,9,0,15,0,7,8,2,17,6,7,17,2,32,0,2,2,34
05/02/2020,GUM,GU,AWP,WE,Federal Contract Tower,9,0,2,0,11,0,2,0,0,2,9,2,2,0,13,0,0,0,13
05/03/2020,GUM,GU,AWP,WE,Federal Contract Tower,9,0,0,0,9,0,0,0,0,0,9,0,0,0,9,0,0,0,9
05/04/2020,GUM,GU,AWP,WE,Federal Contract Tower,9,0,8,5,22,0,0,2,0,2,9,0,10,5,24,0,5,5,29
05/05/2020,GUM,GU,AWP,WE,Federal Contract Tower,10,0,7,0,17,0,2,1,0,3,10,2,8,0,20,0,0,0,20
05/06/2020,GUM,GU,AWP,WE,Federal Contract Tower,13,0,10,0,23,0,0,4,0,4,13,0,14,0,27,0,0,0,27
05/07/2020,GUM,GU,AWP,WE,Federal Contract Tower,15,0,2,0,17,0,0,8,0,8,15,0,10,0,25,0,0,0,25
05/08/2020,GUM,GU,AWP,WE,Federal Contract Tower,13,3,7,0,23,0,1,5,4,10,13,4,12,4,33,0,10,10,43
05/09/2020,GUM,GU,AWP,WE,Federal Contract Tower,14,0,2,0,16,0,0,2,0,2,14,0,4,0,18,0,0,0,18
05/10/2020,GUM,GU,AWP,WE,Federal Contract Tower,14,0,1,0,15,0,0,0,0,0,14,0,1,0,15,0,0,0,15
05/11/2020,GUM,GU,AWP,WE,Federal Contract Tower,11,0,8,0,19,0,2,2,0,4,11,2,10,0,23,0,0,0,23
05/12/2020,GUM,GU,AWP,WE,Federal Contract Tower,13,0,7,0,20,0,0,0,0,0,13,0,7,0,20,0,0,0,20
05/13/2020,GUM,GU,AWP,WE,Federal Contract Tower,12,0,10,0,22,0,0,6,0,6,12,0,16,0,28,0,0,0,28
05/14/2020,GUM,GU,AWP,WE,Federal Contract Tower,17,0,3,0,20,0,0,8,10,18,17,0,11,10,38,0,2,2,40
05/15/2020,GUM,GU,AWP,WE,Federal Contract Tower,10,0,8,6,24,0,0,6,10,16,10,0,14,16,40,0,0,0,40
05/16/2020,GUM,GU,AWP,WE,Federal Contract Tower,14,0,4,0,18,0,0,0,0,0,14,0,4,0,18,0,0,0,18
05/17/2020,GUM,GU,AWP,WE,Federal Contract Tower,15,0,1,0,16,0,0,2,0,2,15,0,3,0,18,0,0,0,18
05/18/2020,GUM,GU,AWP,WE,Federal Contract Tower,10,2,10,0,22,0,0,2,4,6,10,2,12,4,28,0,0,0,28
05/19/2020,GUM,GU,AWP,WE,Federal Contract Tower,12,0,5,0,17,0,0,0,0,0,12,0,5,0,17,0,0,0,17
05/20/2020,GUM,GU,AWP,WE,Federal Contract Tower,13,0,9,0,22,0,0,3,0,3,13,0,12,0,25,0,0,0,25
05/21/2020,GUM,GU,AWP,WE,Federal Contract Tower,20,2,7,10,39,0,2,6,0,8,20,4,13,10,47,0,0,0,47
05/22/2020,GUM,GU,AWP,WE,Federal Contract Tower,16,0,12,0,28,0,0,10,0,10,16,0,22,0,38,0,0,0,38
05/23/2020,GUM,GU,AWP,WE,Federal Contract Tower,14,2,7,0,23,0,0,0,4,4,14,2,7,4,27,0,6,6,33
05/24/2020,GUM,GU,AWP,WE,Federal Contract Tower,10,0,4,0,14,0,2,1,0,3,10,2,5,0,17,0,0,0,17
05/26/2020,GUM,GU,AWP,WE,Federal Contract Tower,13,1,6,0,20,0,0,3,0,3,13,1,9,0,23,0,0,0,23
05/27/2020,GUM,GU,AWP,WE,Federal Contract Tower,16,0,10,0,26,0,0,2,0,2,16,0,12,0,28,0,0,0,28
05/28/2020,GUM,GU,AWP,WE,Federal Contract Tower,17,1,3,3,24,0,2,5,3,10,17,3,8,6,34,0,22,22,56
05/29/2020,GUM,GU,AWP,WE,Federal Contract Tower,13,0,10,1,24,0,2,7,9,18,13,2,17,10,42,0,0,0,42
05/30/2020,GUM,GU,AWP,WE,Federal Contract Tower,15,0,5,16,36,0,0,0,0,0,15,0,5,16,36,0,4,4,40
05/31/2020,GUM,GU,AWP,WE,Federal Contract Tower,11,2,0,0,13,0,0,0,0,0,11,2,0,0,13,0,0,0,13
06/01/2020,GUM,GU,AWP,WE,Federal Contract Tower,12,0,7,0,19,0,2,2,2,6,12,2,9,2,25,10,0,10,35
06/02/2020,GUM,GU,AWP,WE,Federal Contract Tower,12,0,4,5,21,0,0,4,1,5,12,0,8,6,26,10,0,10,36
06/03/2020,GUM,GU,AWP,WE,Federal Contract Tower,11,0,4,1,16,0,2,4,2,8,11,2,8,3,24,0,8,8,32
06/04/2020,GUM,GU,AWP,WE,Federal Contract Tower,18,0,6,2,26,0,2,8,9,19,18,2,14,11,45,0,0,0,45
06/05/2020,GUM,GU,AWP,WE,Federal Contract Tower,18,0,14,0,32,0,0,12,9,21,18,0,26,9,53,0,4,4,57
06/06/2020,GUM,GU,AWP,WE,Federal Contract Tower,15,0,7,0,22,0,2,1,2,5,15,2,8,2,27,1,8,9,36
06/07/2020,GUM,GU,AWP,WE,Federal Contract Tower,12,0,0,0,12,0,0,2,0,2,12,0,2,0,14,0,8,8,22
06/08/2020,GUM,GU,AWP,WE,Federal Contract Tower,13,0,12,0,25,0,2,6,0,8,13,2,18,0,33,2,0,2,35
06/09/2020,GUM,GU,AWP,WE,Federal Contract Tower,13,0,13,14,40,0,2,2,0,4,13,2,15,14,44,0,0,0,44
06/10/2020,GUM,GU,AWP,WE,Federal Contract Tower,15,0,11,0,26,0,0,10,2,12,15,0,21,2,38,0,0,0,38
06/11/2020,GUM,GU,AWP,WE,Federal Contract Tower,17,0,9,2,28,0,0,8,2,10,17,0,17,4,38,0,22,22,60
06/12/2020,GUM,GU,AWP,WE,Federal Contract Tower,15,2,14,0,31,0,2,7,0,9,15,4,21,0,40,6,0,6,46
06/13/2020,GUM,GU,AWP,WE,Federal Contract Tower,16,0,6,2,24,0,0,2,0,2,16,0,8,2,26,2,0,2,28
06/14/2020,GUM,GU,AWP,WE,Federal Contract Tower,9,0,0,2,11,0,0,2,2,4,9,0,2,4,15,8,0,8,23
06/15/2020,GUM,GU,AWP,WE,Federal Contract Tower,13,2,8,0,23,0,0,3,1,4,13,2,11,1,27,12,0,12,39
06/16/2020,GUM,GU,AWP,WE,Federal Contract Tower,16,2,5,0,23,0,4,2,0,6,16,6,7,0,29,12,0,12,41
06/17/2020,GUM,GU,AWP,WE,Federal Contract Tower,17,0,14,0,31,0,2,0,6,8,17,2,14,6,39,0,0,0,39
06/18/2020,GUM,GU,AWP,WE,Federal Contract Tower,19,0,6,6,31,0,0,16,8,24,19,0,22,14,55,16,0,16,71
06/19/2020,GUM,GU,AWP,WE,Federal Contract Tower,13,3,12,0,28,0,2,31,0,33,13,5,43,0,61,0,0,0,61
06/20/2020,GUM,GU,AWP,WE,Federal Contract Tower,17,0,8,0,25,0,0,1,8,9,17,0,9,8,34,11,0,11,45
06/21/2020,GUM,GU,AWP,WE,Federal Contract Tower,11,0,0,0,11,0,0,6,0,6,11,0,6,0,17,4,0,4,21
06/22/2020,GUM,GU,AWP,WE,Federal Contract Tower,12,0,12,0,24,0,0,4,0,4,12,0,16,0,28,0,0,0,28
06/23/2020,GUM,GU,AWP,WE,Federal Contract Tower,12,0,10,2,24,0,0,0,0,0,12,0,10,2,24,0,0,0,24
06/24/2020,GUM,GU,AWP,WE,Federal Contract Tower,15,0,8,0,23,0,4,0,0,4,15,4,8,0,27,0,0,0,27
06/25/2020,GUM,GU,AWP,WE,Federal Contract Tower,19,0,6,0,25,0,0,12,0,12,19,0,18,0,37,6,0,6,43
06/26/2020,GUM,GU,AWP,WE,Federal Contract Tower,13,1,7,0,21,0,1,11,4,16,13,2,18,4,37,0,0,0,37
06/27/2020,GUM,GU,AWP,WE,Federal Contract Tower,22,0,4,0,26,0,0,2,0,2,22,0,6,0,28,0,0,0,28
06/28/2020,GUM,GU,AWP,WE,Federal Contract Tower,14,0,0,0,14,0,0,4,0,4,14,0,4,0,18,6,0,6,24
06/29/2020,GUM,GU,AWP,WE,Federal Contract Tower,12,0,9,0,21,0,0,0,0,0,12,0,9,0,21,0,0,0,21
06/30/2020,GUM,GU,AWP,WE,Federal Contract Tower,8,0,8,3,19,0,2,2,6,10,8,2,10,9,29,0,0,0,29
07/01/2020,GUM,GU,AWP,WE,Federal Contract Tower,16,0,12,0,28,0,0,2,0,2,16,0,14,0,30,0,0,0,30
07/02/2020,GUM,GU,AWP,WE,Federal Contract Tower,19,0,10,0,29,0,0,8,4,12,19,0,18,4,41,14,0,14,55
07/03/2020,GUM,GU,AWP,WE,Federal Contract Tower,12,0,12,0,24,0,2,13,0,15,12,2,25,0,39,0,0,0,39
07/04/2020,GUM,GU,AWP,WE,Federal Contract Tower,16,0,6,0,22,0,0,4,0,4,16,0,10,0,26,20,0,20,46
07/05/2020,GUM,GU,AWP,WE,Federal Contract Tower,18,0,0,0,18,0,0,4,0,4,18,0,4,0,22,6,0,6,28
07/06/2020,GUM,GU,AWP,WE,Federal Contract Tower,13,0,12,1,26,0,0,2,2,4,13,0,14,3,30,40,0,40,70
07/07/2020,GUM,GU,AWP,WE,Federal Contract Tower,7,0,6,0,13,0,1,5,0,6,7,1,11,0,19,0,0,0,19
07/08/2020,GUM,GU,AWP,WE,Federal Contract Tower,13,0,9,0,22,0,0,2,0,2,13,0,11,0,24,0,8,8,32
07/09/2020,GUM,GU,AWP,WE,Federal Contract Tower,22,2,7,2,33,0,0,2,4,6,22,2,9,6,39,0,0,0,39
07/10/2020,GUM,GU,AWP,WE,Federal Contract Tower,13,0,8,0,21,0,0,10,0,10,13,0,18,0,31,12,0,12,43
07/11/2020,GUM,GU,AWP,WE,Federal Contract Tower,19,0,4,0,23,0,0,5,0,5,19,0,9,0,28,7,0,7,35
07/12/2020,GUM,GU,AWP,WE,Federal Contract Tower,19,0,2,0,21,0,3,3,0,6,19,3,5,0,27,6,0,6,33
07/13/2020,GUM,GU,AWP,WE,Federal Contract Tower,13,0,14,0,27,0,0,0,0,0,13,0,14,0,27,0,0,0,27
07/14/2020,GUM,GU,AWP,WE,Federal Contract Tower,10,2,7,0,19,0,0,9,0,9,10,2,16,0,28,11,6,17,45
07/15/2020,GUM,GU,AWP,WE,Federal Contract Tower,19,0,8,0,27,0,0,6,0,6,19,0,14,0,33,0,0,0,33
07/16/2020,GUM,GU,AWP,WE,Federal Contract Tower,26,1,6,2,35,0,0,13,0,13,26,1,19,2,48,8,0,8,56
07/17/2020,GUM,GU,AWP,WE,Federal Contract Tower,19,2,4,0,25,0,0,17,0,17,19,2,21,0,42,0,0,0,42
07/18/2020,GUM,GU,AWP,WE,Federal Contract Tower,25,0,4,0,29,0,0,4,0,4,25,0,8,0,33,19,0,19,52
07/19/2020,GUM,GU,AWP,WE,Federal Contract Tower,24,0,0,0,24,0,0,4,0,4,24,0,4,0,28,14,0,14,42
07/20/2020,GUM,GU,AWP,WE,Federal Contract Tower,21,0,13,0,34,0,0,9,0,9,21,0,22,0,43,6,0,6,49
07/21/2020,GUM,GU,AWP,WE,Federal Contract Tower,11,0,7,0,18,0,0,2,0,2,11,0,9,0,20,12,0,12,32
07/22/2020,GUM,GU,AWP,WE,Federal Contract Tower,25,0,10,0,35,0,0,6,0,6,25,0,16,0,41,22,0,22,63
07/23/2020,GUM,GU,AWP,WE,Federal Contract Tower,30,2,13,0,45,0,0,13,0,13,30,2,26,0,58,54,0,54,112
07/24/2020,GUM,GU,AWP,WE,Federal Contract Tower,24,1,9,18,52,0,2,3,0,5,24,3,12,18,57,60,0,60,117
07/25/2020,GUM,GU,AWP,WE,Federal Contract Tower,24,0,5,0,29,0,1,4,0,5,24,1,9,0,34,34,0,34,68
07/26/2020,GUM,GU,AWP,WE,Federal Contract Tower,31,2,0,0,33,0,0,0,0,0,31,2,0,0,33,60,0,60,93
07/27/2020,GUM,GU,AWP,WE,Federal Contract Tower,23,0,12,0,35,0,0,0,0,0,23,0,12,0,35,48,0,48,83
07/28/2020,GUM,GU,AWP,WE,Federal Contract Tower,10,0,6,0,16,0,0,0,0,0,10,0,6,0,16,0,0,0,16
07/29/2020,GUM,GU,AWP,WE,Federal Contract Tower,21,0,7,1,29,0,2,4,0,6,21,2,11,1,35,20,6,26,61
07/30/2020,GUM,GU,AWP,WE,Federal Contract Tower,25,0,6,1,32,0,0,16,6,22,25,0,22,7,54,8,0,8,62
07/31/2020,GUM,GU,AWP,WE,Federal Contract Tower,26,1,12,0,39,0,1,3,0,4,26,2,15,0,43,10,0,10,53
08/01/2020,GUM,GU,AWP,WE,Federal Contract Tower,21,0,2,0,23,0,0,2,0,2,21,0,4,0,25,27,0,27,52
08/02/2020,GUM,GU,AWP,WE,Federal Contract Tower,32,0,0,0,32,0,1,4,0,5,32,1,4,0,37,21,0,21,58
08/03/2020,GUM,GU,AWP,WE,Federal Contract Tower,29,0,11,0,40,0,0,0,0,0,29,0,11,0,40,34,0,34,74
08/04/2020,GUM,GU,AWP,WE,Federal Contract Tower,16,0,10,0,26,0,0,1,0,1,16,0,11,0,27,8,14,22,49
08/05/2020,GUM,GU,AWP,WE,Federal Contract Tower,22,0,9,0,31,0,0,2,0,2,22,0,11,0,33,10,0,10,43
08/06/2020,GUM,GU,AWP,WE,Federal Contract Tower,33,0,9,0,42,0,0,8,0,8,33,0,17,0,50,16,0,16,66
08/07/2020,GUM,GU,AWP,WE,Federal Contract Tower,22,0,10,0,32,0,7,2,0,9,22,7,12,0,41,18,0,18,59
08/08/2020,GUM,GU,AWP,WE,Federal Contract Tower,24,0,12,0,36,0,0,0,0,0,24,0,12,0,36,14,0,14,50
08/09/2020,GUM,GU,AWP,WE,Federal Contract Tower,27,0,1,0,28,0,2,2,0,4,27,2,3,0,32,12,0,12,44
08/10/2020,GUM,GU,AWP,WE,Federal Contract Tower,23,0,21,0,44,0,0,2,1,3,23,0,23,1,47,6,0,6,53
08/11/2020,GUM,GU,AWP,WE,Federal Contract Tower,15,3,7,0,25,0,0,2,0,2,15,3,9,0,27,14,0,14,41
08/12/2020,GUM,GU,AWP,WE,Federal Contract Tower,20,1,10,0,31,0,0,4,0,4,20,1,14,0,35,0,0,0,35
08/13/2020,GUM,GU,AWP,WE,Federal Contract Tower,24,0,4,0,28,0,0,10,0,10,24,0,14,0,38,18,0,18,56
08/14/2020,GUM,GU,AWP,WE,Federal Contract Tower,26,0,11,0,37,0,0,8,0,8,26,0,19,0,45,12,0,12,57
08/15/2020,GUM,GU,AWP,WE,Federal Contract Tower,24,0,4,0,28,0,0,2,0,2,24,0,6,0,30,0,0,0,30
08/16/2020,GUM,GU,AWP,WE,Federal Contract Tower,23,0,0,0,23,0,2,2,2,6,23,2,2,2,29,0,0,0,29
08/17/2020,GUM,GU,AWP,WE,Federal Contract Tower,25,2,12,0,39,0,0,2,0,2,25,2,14,0,41,0,0,0,41
08/18/2020,GUM,GU,AWP,WE,Federal Contract Tower,17,0,9,2,28,0,0,2,0,2,17,0,11,2,30,0,0,0,30
08/19/2020,GUM,GU,AWP,WE,Federal Contract Tower,21,1,13,0,35,0,2,2,0,4,21,3,15,0,39,0,0,0,39
08/20/2020,GUM,GU,AWP,WE,Federal Contract Tower,27,0,4,0,31,0,0,6,0,6,27,0,10,0,37,6,0,6,43
08/21/2020,GUM,GU,AWP,WE,Federal Contract Tower,25,0,8,0,33,0,0,5,0,5,25,0,13,0,38,0,0,0,38
08/22/2020,GUM,GU,AWP,WE,Federal Contract Tower,26,0,6,0,32,0,0,0,0,0,26,0,6,0,32,0,0,0,32
08/23/2020,GUM,GU,AWP,WE,Federal Contract Tower,25,0,2,0,27,0,0,2,0,2,25,0,4,0,29,0,0,0,29
08/24/2020,GUM,GU,AWP,WE,Federal Contract Tower,30,0,16,0,46,0,0,0,0,0,30,0,16,0,46,0,0,0,46
08/25/2020,GUM,GU,AWP,WE,Federal Contract Tower,16,0,8,5,29,0,0,2,2,4,16,0,10,7,33,10,0,10,43
08/26/2020,GUM,GU,AWP,WE,Federal Contract Tower,22,0,11,2,35,0,0,2,0,2,22,0,13,2,37,0,14,14,51
08/27/2020,GUM,GU,AWP,WE,Federal Contract Tower,31,0,8,0,39,0,0,7,0,7,31,0,15,0,46,0,0,0,46
08/28/2020,GUM,GU,AWP,WE,Federal Contract Tower,25,2,11,0,38,0,0,0,0,0,25,2,11,0,38,0,0,0,38
08/29/2020,GUM,GU,AWP,WE,Federal Contract Tower,25,1,5,0,31,0,0,5,0,5,25,1,10,0,36,0,0,0,36
08/30/2020,GUM,GU,AWP,WE,Federal Contract Tower,22,0,0,0,22,0,0,4,0,4,22,0,4,0,26,10,0,10,36
08/31/2020,GUM,GU,AWP,WE,Federal Contract Tower,28,0,15,0,43,0,0,0,2,2,28,0,15,2,45,0,0,0,45
09/01/2020,GUM,GU,AWP,WE,Federal Contract Tower,17,0,10,0,27,0,0,4,0,4,17,0,14,0,31,0,0,0,31
09/02/2020,GUM,GU,AWP,WE,Federal Contract Tower,21,0,15,0,36,0,2,0,0,2,21,2,15,0,38,12,0,12,50
09/03/2020,GUM,GU,AWP,WE,Federal Contract Tower,27,0,8,0,35,0,4,2,0,6,27,4,10,0,41,17,0,17,58
09/04/2020,GUM,GU,AWP,WE,Federal Contract Tower,23,1,9,0,33,0,1,6,2,9,23,2,15,2,42,6,0,6,48
09/05/2020,GUM,GU,AWP,WE,Federal Contract Tower,28,0,10,0,38,0,0,0,0,0,28,0,10,0,38,0,0,0,38
09/06/2020,GUM,GU,AWP,WE,Federal Contract Tower,25,0,2,0,27,0,0,4,0,4,25,0,6,0,31,6,0,6,37
09/07/2020,GUM,GU,AWP,WE,Federal Contract Tower,26,0,12,0,38,0,0,4,0,4,26,0,16,0,42,0,0,0,42
09/08/2020,GUM,GU,AWP,WE,Federal Contract Tower,15,0,12,0,27,0,0,0,0,0,15,0,12,0,27,14,0,14,41
09/09/2020,GUM,GU,AWP,WE,Federal Contract Tower,24,0,12,4,40,0,0,4,0,4,24,0,16,4,44,0,0,0,44
09/10/2020,GUM,GU,AWP,WE,Federal Contract Tower,30,0,12,0,42,0,0,10,0,10,30,0,22,0,52,10,0,10,62
09/11/2020,GUM,GU,AWP,WE,Federal Contract Tower,29,1,15,0,45,0,3,13,3,19,29,4,28,3,64,0,2,2,66
09/12/2020,GUM,GU,AWP,WE,Federal Contract Tower,32,1,7,0,40,0,0,0,0,0,32,1,7,0,40,0,0,0,40
09/13/2020,GUM,GU,AWP,WE,Federal Contract Tower,32,0,1,0,33,0,0,2,0,2,32,0,3,0,35,0,0,0,35
09/14/2020,GUM,GU,AWP,WE,Federal Contract Tower,27,0,12,0,39,0,0,0,0,0,27,0,12,0,39,0,0,0,39
09/15/2020,GUM,GU,AWP,WE,Federal Contract Tower,19,0,11,0,30,0,0,4,0,4,19,0,15,0,34,0,0,0,34
09/16/2020,GUM,GU,AWP,WE,Federal Contract Tower,19,0,10,1,30,0,0,0,0,0,19,0,10,1,30,0,0,0,30
09/17/2020,GUM,GU,AWP,WE,Federal Contract Tower,31,0,6,0,37,0,0,3,0,3,31,0,9,0,40,6,0,6,46
09/18/2020,GUM,GU,AWP,WE,Federal Contract Tower,31,0,12,1,44,0,3,10,0,13,31,3,22,1,57,60,0,60,117
09/19/2020,GUM,GU,AWP,WE,Federal Contract Tower,44,0,7,4,55,0,0,4,3,7,44,0,11,7,62,27,10,37,99
09/20/2020,GUM,GU,AWP,WE,Federal Contract Tower,31,1,1,1,34,0,1,1,0,2,31,2,2,1,36,58,0,58,94
09/21/2020,GUM,GU,AWP,WE,Federal Contract Tower,33,0,10,0,43,0,0,0,2,2,33,0,10,2,45,40,2,42,87
09/22/2020,GUM,GU,AWP,WE,Federal Contract Tower,23,0,10,0,33,0,2,0,0,2,23,2,10,0,35,42,14,56,91
09/23/2020,GUM,GU,AWP,WE,Federal Contract Tower,28,2,12,0,42,0,0,5,0,5,28,2,17,0,47,74,0,74,121
09/24/2020,GUM,GU,AWP,WE,Federal Contract Tower,28,0,7,4,39,0,0,16,0,16,28,0,23,4,55,68,0,68,123
09/25/2020,GUM,GU,AWP,WE,Federal Contract Tower,29,0,10,0,39,0,0,20,0,20,29,0,30,0,59,70,0,70,129
09/26/2020,GUM,GU,AWP,WE,Federal Contract Tower,28,0,6,0,34,0,0,4,0,4,28,0,10,0,38,60,0,60,98
09/27/2020,GUM,GU,AWP,WE,Federal Contract Tower,28,0,2,0,30,0,0,0,0,0,28,0,2,0,30,6,0,6,36
09/28/2020,GUM,GU,AWP,WE,Federal Contract Tower,28,0,14,1,43,0,0,2,1,3,28,0,16,2,46,0,17,17,63
09/29/2020,GUM,GU,AWP,WE,Federal Contract Tower,17,1,15,1,34,0,3,2,3,8,17,4,17,4,42,0,6,6,48
09/30/2020,GUM,GU,AWP,WE,Federal Contract Tower,25,0,17,6,48,0,0,4,0,4,25,0,21,6,52,0,0,0,52
10/01/2020,GUM,GU,AWP,WE,Federal Contract Tower,32,0,8,3,43,0,0,6,3,9,32,0,14,6,52,0,0,0,52
10/02/2020,GUM,GU,AWP,WE,Federal Contract Tower,27,0,10,0,37,0,1,5,0,6,27,1,15,0,43,0,0,0,43
10/03/2020,GUM,GU,AWP,WE,Federal Contract Tower,30,0,4,0,34,0,0,0,0,0,30,0,4,0,34,0,0,0,34
10/04/2020,GUM,GU,AWP,WE,Federal Contract Tower,17,0,0,0,17,0,0,0,0,0,17,0,0,0,17,0,0,0,17
10/05/2020,GUM,GU,AWP,WE,Federal Contract Tower,18,0,14,0,32,0,0,2,0,2,18,0,16,0,34,0,0,0,34
10/06/2020,GUM,GU,AWP,WE,Federal Contract Tower,10,0,8,2,20,0,0,1,2,3,10,0,9,4,23,0,0,0,23
10/07/2020,GUM,GU,AWP,WE,Federal Contract Tower,14,0,12,0,26,0,0,3,4,7,14,0,15,4,33,0,0,0,33
10/08/2020,GUM,GU,AWP,WE,Federal Contract Tower,24,0,9,3,36,0,0,8,0,8,24,0,17,3,44,0,0,0,44
10/09/2020,GUM,GU,AWP,WE,Federal Contract Tower,19,0,15,0,34,0,0,2,0,2,19,0,17,0,36,0,0,0,36
10/10/2020,GUM,GU,AWP,WE,Federal Contract Tower,26,0,7,0,33,0,0,3,0,3,26,0,10,0,36,0,0,0,36
10/11/2020,GUM,GU,AWP,WE,Federal Contract Tower,20,0,0,0,20,0,0,2,0,2,20,0,2,0,22,14,0,14,36
10/12/2020,GUM,GU,AWP,WE,Federal Contract Tower,25,0,13,1,39,0,0,2,0,2,25,0,15,1,41,2,0,2,43
10/13/2020,GUM,GU,AWP,WE,Federal Contract Tower,12,0,14,3,29,0,0,2,0,2,12,0,16,3,31,0,0,0,31
10/14/2020,GUM,GU,AWP,WE,Federal Contract Tower,17,0,10,0,27,0,0,5,2,7,17,0,15,2,34,0,0,0,34
10/15/2020,GUM,GU,AWP,WE,Federal Contract Tower,27,0,8,2,37,0,0,10,0,10,27,0,18,2,47,18,0,18,65
10/16/2020,GUM,GU,AWP,WE,Federal Contract Tower,25,0,13,0,38,0,0,3,0,3,25,0,16,0,41,0,0,0,41
10/17/2020,GUM,GU,AWP,WE,Federal Contract Tower,27,2,4,3,36,0,2,3,0,5,27,4,7,3,41,4,0,4,45
10/18/2020,GUM,GU,AWP,WE,Federal Contract Tower,18,0,0,0,18,0,0,2,0,2,18,0,2,0,20,0,0,0,20
10/19/2020,GUM,GU,AWP,WE,Federal Contract Tower,23,0,18,2,43,0,0,2,0,2,23,0,20,2,45,2,0,2,47
10/20/2020,GUM,GU,AWP,WE,Federal Contract Tower,15,0,13,1,29,0,0,11,2,13,15,0,24,3,42,0,2,2,44
10/21/2020,GUM,GU,AWP,WE,Federal Contract Tower,19,1,10,0,30,0,0,6,0,6,19,1,16,0,36,0,0,0,36
10/22/2020,GUM,GU,AWP,WE,Federal Contract Tower,23,0,9,0,32,0,0,12,0,12,23,0,21,0,44,0,0,0,44
10/23/2020,GUM,GU,AWP,WE,Federal Contract Tower,22,1,19,0,42,0,0,0,0,0,22,1,19,0,42,0,0,0,42
10/24/2020,GUM,GU,AWP,WE,Federal Contract Tower,24,0,5,0,29,0,0,3,0,3,24,0,8,0,32,46,0,46,78
10/25/2020,GUM,GU,AWP,WE,Federal Contract Tower,17,0,3,0,20,0,0,0,0,0,17,0,3,0,20,64,0,64,84
10/26/2020,GUM,GU,AWP,WE,Federal Contract Tower,38,2,17,0,57,0,0,6,4,10,38,2,23,4,67,47,0,47,114
10/27/2020,GUM,GU,AWP,WE,Federal Contract Tower,17,0,12,0,29,0,0,0,0,0,17,0,12,0,29,40,0,40,69
10/28/2020,GUM,GU,AWP,WE,Federal Contract Tower,18,0,16,0,34,0,0,8,0,8,18,0,24,0,42,62,0,62,104
10/29/2020,GUM,GU,AWP,WE,Federal Contract Tower,23,1,11,4,39,0,0,0,0,0,23,1,11,4,39,97,2,99,138
10/30/2020,GUM,GU,AWP,WE,Federal Contract Tower,25,0,16,0,41,0,4,0,0,4,25,4,16,0,45,70,0,70,115
10/31/2020,GUM,GU,AWP,WE,Federal Contract Tower,23,0,15,0,38,0,0,2,0,2,23,0,17,0,40,72,0,72,112
11/01/2020,GUM,GU,AWP,WE,Federal Contract Tower,16,0,5,0,21,0,0,5,0,5,16,0,10,0,26,60,0,60,86
11/02/2020,GUM,GU,AWP,WE,Federal Contract Tower,22,0,13,6,41,0,0,7,2,9,22,0,20,8,50,26,2,28,78
11/03/2020,GUM,GU,AWP,WE,Federal Contract Tower,18,0,10,1,29,0,0,5,9,14,18,0,15,10,43,11,0,11,54
11/04/2020,GUM,GU,AWP,WE,Federal Contract Tower,18,0,25,6,49,0,0,8,2,10,18,0,33,8,59,4,0,4,63
11/05/2020,GUM,GU,AWP,WE,Federal Contract Tower,23,0,7,0,30,0,0,7,0,7,23,0,14,0,37,4,0,4,41
11/06/2020,GUM,GU,AWP,WE,Federal Contract Tower,20,1,10,0,31,0,0,9,0,9,20,1,19,0,40,18,0,18,58
11/07/2020,GUM,GU,AWP,WE,Federal Contract Tower,22,0,9,0,31,0,0,4,0,4,22,0,13,0,35,0,0,0,35
11/08/2020,GUM,GU,AWP,WE,Federal Contract Tower,17,0,0,0,17,0,0,5,0,5,17,0,5,0,22,0,0,0,22
11/10/2020,GUM,GU,AWP,WE,Federal Contract Tower,13,2,4,1,20,0,0,4,1,5,13,2,8,2,25,0,10,10,35
11/11/2020,GUM,GU,AWP,WE,Federal Contract Tower,19,1,11,0,31,0,0,7,0,7,19,1,18,0,38,0,0,0,38
11/12/2020,GUM,GU,AWP,WE,Federal Contract Tower,22,0,7,0,29,0,0,6,0,6,22,0,13,0,35,0,6,6,41
11/13/2020,GUM,GU,AWP,WE,Federal Contract Tower,20,0,11,0,31,0,2,5,0,7,20,2,16,0,38,10,0,10,48
11/14/2020,GUM,GU,AWP,WE,Federal Contract Tower,23,0,0,0,23,0,0,6,2,8,23,0,6,2,31,8,4,12,43
11/15/2020,GUM,GU,AWP,WE,Federal Contract Tower,18,0,2,2,22,0,0,2,0,2,18,0,4,2,24,5,0,5,29
11/16/2020,GUM,GU,AWP,WE,Federal Contract Tower,23,0,16,7,46,0,0,10,0,10,23,0,26,7,56,6,12,18,74
11/17/2020,GUM,GU,AWP,WE,Federal Contract Tower,15,0,11,1,27,0,0,14,0,14,15,0,25,1,41,30,0,30,71
11/18/2020,GUM,GU,AWP,WE,Federal Contract Tower,21,0,12,1,34,0,0,10,0,10,21,0,22,1,44,44,0,44,88
11/19/2020,GUM,GU,AWP,WE,Federal Contract Tower,25,0,11,0,36,0,0,12,2,14,25,0,23,2,50,0,0,0,50
11/20/2020,GUM,GU,AWP,WE,Federal Contract Tower,19,0,8,0,27,0,0,12,0,12,19,0,20,0,39,32,0,32,71
11/21/2020,GUM,GU,AWP,WE,Federal Contract Tower,22,0,13,0,35,0,2,3,0,5,22,2,16,0,40,28,0,28,68
11/22/2020,GUM,GU,AWP,WE,Federal Contract Tower,23,0,0,0,23,0,1,3,0,4,23,1,3,0,27,4,0,4,31
11/23/2020,GUM,GU,AWP,WE,Federal Contract Tower,24,0,10,0,34,0,0,6,0,6,24,0,16,0,40,4,0,4,44
11/24/2020,GUM,GU,AWP,WE,Federal Contract Tower,12,0,6,1,19,0,0,8,5,13,12,0,14,6,32,22,0,22,54
11/25/2020,GUM,GU,AWP,WE,Federal Contract Tower,18,0,12,0,30,0,0,6,0,6,18,0,18,0,36,12,0,12,48
11/26/2020,GUM,GU,AWP,WE,Federal Contract Tower,24,0,4,0,28,0,0,2,0,2,24,0,6,0,30,18,0,18,48
11/27/2020,GUM,GU,AWP,WE,Federal Contract Tower,24,0,9,0,33,0,0,10,0,10,24,0,19,0,43,12,0,12,55
11/28/2020,GUM,GU,AWP,WE,Federal Contract Tower,25,0,3,0,28,0,0,2,0,2,25,0,5,0,30,0,0,0,30
11/29/2020,GUM,GU,AWP,WE,Federal Contract Tower,23,0,0,0,23,0,0,2,0,2,23,0,2,0,25,6,0,6,31
11/30/2020,GUM,GU,AWP,WE,Federal Contract Tower,28,0,13,1,42,0,0,5,0,5,28,0,18,1,47,10,19,29,76
12/01/2020,GUM,GU,AWP,WE,Federal Contract Tower,18,0,5,0,23,0,0,8,17,25,18,0,13,17,48,72,8,80,128
12/02/2020,GUM,GU,AWP,WE,Federal Contract Tower,18,0,10,1,29,0,0,10,7,17,18,0,20,8,46,58,18,76,122
12/03/2020,GUM,GU,AWP,WE,Federal Contract Tower,31,0,9,5,45,0,1,9,6,16,31,1,18,11,61,66,0,66,127
12/04/2020,GUM,GU,AWP,WE,Federal Contract Tower,28,0,8,2,38,0,2,8,0,10,28,2,16,2,48,55,0,55,103
12/05/2020,GUM,GU,AWP,WE,Federal Contract Tower,25,0,9,0,34,0,2,4,0,6,25,2,13,0,40,52,0,52,92
12/06/2020,GUM,GU,AWP,WE,Federal Contract Tower,22,0,1,0,23,0,0,4,0,4,22,0,5,0,27,102,0,102,129
12/07/2020,GUM,GU,AWP,WE,Federal Contract Tower,29,1,13,0,43,0,2,9,0,11,29,3,22,0,54,76,0,76,130
12/08/2020,GUM,GU,AWP,WE,Federal Contract Tower,15,0,8,0,23,0,0,6,0,6,15,0,14,0,29,48,0,48,77
12/09/2020,GUM,GU,AWP,WE,Federal Contract Tower,17,3,10,0,30,0,0,11,0,11,17,3,21,0,41,58,2,60,101
12/10/2020,GUM,GU,AWP,WE,Federal Contract Tower,26,1,13,8,48,0,0,6,6,12,26,1,19,14,60,0,2,2,62
12/11/2020,GUM,GU,AWP,WE,Federal Contract Tower,28,0,10,1,39,0,0,9,0,9,28,0,19,1,48,8,0,8,56
12/12/2020,GUM,GU,AWP,WE,Federal Contract Tower,23,0,8,0,31,0,0,4,0,4,23,0,12,0,35,0,0,0,35
12/13/2020,GUM,GU,AWP,WE,Federal Contract Tower,21,0,0,0,21,0,0,6,0,6,21,0,6,0,27,10,0,10,37
12/14/2020,GUM,GU,AWP,WE,Federal Contract Tower,38,0,17,10,65,0,0,3,0,3,38,0,20,10,68,8,0,8,76
12/15/2020,GUM,GU,AWP,WE,Federal Contract Tower,17,0,9,1,27,0,3,5,0,8,17,3,14,1,35,0,0,0,35
12/16/2020,GUM,GU,AWP,WE,Federal Contract Tower,22,0,13,3,38,0,0,8,4,12,22,0,21,7,50,16,6,22,72
12/17/2020,GUM,GU,AWP,WE,Federal Contract Tower,26,0,8,0,34,0,0,14,0,14,26,0,22,0,48,1,0,1,49
12/18/2020,GUM,GU,AWP,WE,Federal Contract Tower,32,1,9,0,42,0,2,10,0,12,32,3,19,0,54,14,0,14,68
12/19/2020,GUM,GU,AWP,WE,Federal Contract Tower,24,0,7,0,31,0,0,7,0,7,24,0,14,0,38,11,0,11,49
12/20/2020,GUM,GU,AWP,WE,Federal Contract Tower,25,1,0,0,26,0,0,2,0,2,25,1,2,0,28,8,0,8,36
12/21/2020,GUM,GU,AWP,WE,Federal Contract Tower,35,0,12,4,51,0,0,12,0,12,35,0,24,4,63,14,0,14,77
12/22/2020,GUM,GU,AWP,WE,Federal Contract Tower,18,0,10,1,29,0,0,5,2,7,18,0,15,3,36,10,12,22,58
12/24/2020,GUM,GU,AWP,WE,Federal Contract Tower,29,0,9,0,38,0,0,12,0,12,29,0,21,0,50,0,0,0,50
12/25/2020,GUM,GU,AWP,WE,Federal Contract Tower,22,0,12,0,34,0,0,0,0,0,22,0,12,0,34,0,0,0,34
12/26/2020,GUM,GU,AWP,WE,Federal Contract Tower,21,0,6,0,27,0,0,2,0,2,21,0,8,0,29,16,0,16,45
12/27/2020,GUM,GU,AWP,WE,Federal Contract Tower,20,0,0,0,20,0,0,2,0,2,20,0,2,0,22,0,0,0,22
12/28/2020,GUM,GU,AWP,WE,Federal Contract Tower,28,0,14,0,42,0,0,4,0,4,28,0,18,0,46,2,0,2,48
12/29/2020,GUM,GU,AWP,WE,Federal Contract Tower,16,0,11,0,27,0,0,6,0,6,16,0,17,0,33,1,0,1,34
12/30/2020,GUM,GU,AWP,WE,Federal Contract Tower,16,0,7,0,23,0,0,13,0,13,16,0,20,0,36,37,0,37,73
12/31/2020,GUM,GU,AWP,WE,Federal Contract Tower,27,0,4,0,31,0,0,17,0,17,27,0,21,0,48,1,0,1,49
01/01/2021,GUM,GU,AWP,WE,Federal Contract Tower,20,0,8,0,28,0,0,8,0,8,20,0,16,0,36,2,0,2,38
01/02/2021,GUM,GU,AWP,WE,Federal Contract Tower,22,0,2,1,25,0,0,4,0,4,22,0,6,1,29,26,0,26,55
01/03/2021,GUM,GU,AWP,WE,Federal Contract Tower,0,20,0,1,21,0,0,2,0,2,0,20,2,1,23,0,0,0,23
01/04/2021,GUM,GU,AWP,WE,Federal Contract Tower,29,0,11,0,40,0,0,3,0,3,29,0,14,0,43,14,0,14,57
01/05/2021,GUM,GU,AWP,WE,Federal Contract Tower,10,1,4,1,16,0,0,3,0,3,10,1,7,1,19,0,0,0,19
01/06/2021,GUM,GU,AWP,WE,Federal Contract Tower,13,0,8,3,24,0,0,7,0,7,13,0,15,3,31,14,0,14,45
01/07/2021,GUM,GU,AWP,WE,Federal Contract Tower,20,0,6,3,29,0,0,16,2,18,20,0,22,5,47,14,0,14,61
01/08/2021,GUM,GU,AWP,WE,Federal Contract Tower,16,0,8,0,24,0,0,10,0,10,16,0,18,0,34,0,0,0,34
01/09/2021,GUM,GU,AWP,WE,Federal Contract Tower,15,0,9,0,24,0,0,7,0,7,15,0,16,0,31,18,0,18,49
01/10/2021,GUM,GU,AWP,WE,Federal Contract Tower,12,0,0,0,12,0,0,2,0,2,12,0,2,0,14,22,0,22,36
01/11/2021,GUM,GU,AWP,WE,Federal Contract Tower,23,0,16,0,39,0,0,4,4,8,23,0,20,4,47,8,10,18,65
01/12/2021,GUM,GU,AWP,WE,Federal Contract Tower,5,0,7,0,12,0,0,5,0,5,5,0,12,0,17,2,22,24,41
01/13/2021,GUM,GU,AWP,WE,Federal Contract Tower,16,0,11,2,29,0,0,5,0,5,16,0,16,2,34,0,0,0,34
01/14/2021,GUM,GU,AWP,WE,Federal Contract Tower,24,0,3,0,27,0,0,18,2,20,24,0,21,2,47,86,11,97,144
01/15/2021,GUM,GU,AWP,WE,Federal Contract Tower,16,0,13,0,29,0,0,11,0,11,16,0,24,0,40,60,0,60,100
01/16/2021,GUM,GU,AWP,WE,Federal Contract Tower,16,0,7,0,23,0,0,3,0,3,16,0,10,0,26,89,0,89,115
01/17/2021,GUM,GU,AWP,WE,Federal Contract Tower,16,0,0,0,16,0,0,4,0,4,16,0,4,0,20,74,0,74,94
01/18/2021,GUM,GU,AWP,WE,Federal Contract Tower,20,0,7,0,27,0,0,1,0,1,20,0,8,0,28,58,0,58,86
01/19/2021,GUM,GU,AWP,WE,Federal Contract Tower,6,0,15,5,26,0,0,5,1,6,6,0,20,6,32,58,0,58,90
01/20/2021,GUM,GU,AWP,WE,Federal Contract Tower,16,0,10,4,30,0,0,6,1,7,16,0,16,5,37,52,0,52,89
01/21/2021,GUM,GU,AWP,WE,Federal Contract Tower,18,0,6,0,24,0,0,2,0,2,18,0,8,0,26,0,12,12,38
01/22/2021,GUM,GU,AWP,WE,Federal Contract Tower,17,0,9,1,27,0,0,14,0,14,17,0,23,1,41,17,6,23,64
01/23/2021,GUM,GU,AWP,WE,Federal Contract Tower,13,0,11,0,24,0,0,1,0,1,13,0,12,0,25,15,0,15,40
01/24/2021,GUM,GU,AWP,WE,Federal Contract Tower,14,0,1,0,15,0,0,2,0,2,14,0,3,0,17,20,0,20,37
01/25/2021,GUM,GU,AWP,WE,Federal Contract Tower,19,2,13,9,43,0,0,5,7,12,19,2,18,16,55,0,12,12,67
01/26/2021,GUM,GU,AWP,WE,Federal Contract Tower,8,2,11,2,23,0,1,2,2,5,8,3,13,4,28,0,16,16,44
01/27/2021,GUM,GU,AWP,WE,Federal Contract Tower,15,0,10,0,25,0,0,6,0,6,15,0,16,0,31,10,22,32,63
01/28/2021,GUM,GU,AWP,WE,Federal Contract Tower,18,0,6,0,24,1,0,4,0,5,19,0,10,0,29,14,0,14,43
01/29/2021,GUM,GU,AWP,WE,Federal Contract Tower,18,0,10,0,28,0,0,9,0,9,18,0,19,0,37,7,0,7,44
01/30/2021,GUM,GU,AWP,WE,Federal Contract Tower,22,0,6,0,28,0,0,0,1,1,22,0,6,1,29,19,0,19,48
01/31/2021,GUM,GU,AWP,WE,Federal Contract Tower,13,0,0,0,13,0,0,2,0,2,13,0,2,0,15,28,0,28,43
02/01/2021,GUM,GU,AWP,WE,Federal Contract Tower,20,0,11,1,32,0,0,0,0,0,20,0,11,1,32,16,6,22,54
02/02/2021,GUM,GU,AWP,WE,Federal Contract Tower,7,0,7,0,14,0,0,7,2,9,7,0,14,2,23,0,24,24,47
02/03/2021,GUM,GU,AWP,WE,Federal Contract Tower,11,0,15,4,30,0,0,3,0,3,11,0,18,4,33,3,8,11,44
02/04/2021,GUM,GU,AWP,WE,Federal Contract Tower,12,0,5,3,20,0,0,16,23,39,12,0,21,26,59,14,10,24,83
02/05/2021,GUM,GU,AWP,WE,Federal Contract Tower,15,0,4,0,19,0,0,6,0,6,15,0,10,0,25,1,0,1,26
02/06/2021,GUM,GU,AWP,WE,Federal Contract Tower,14,0,10,1,25,0,2,3,0,5,14,2,13,1,30,11,0,11,41
02/07/2021,GUM,GU,AWP,WE,Federal Contract Tower,11,0,0,2,13,0,0,2,0,2,11,0,2,2,15,14,0,14,29
02/08/2021,GUM,GU,AWP,WE,Federal Contract Tower,26,0,10,2,38,0,1,1,0,2,26,1,11,2,40,0,0,0,40
02/09/2021,GUM,GU,AWP,WE,Federal Contract Tower,5,0,8,2,15,0,0,4,0,4,5,0,12,2,19,6,16,22,41
02/10/2021,GUM,GU,AWP,WE,Federal Contract Tower,11,0,5,6,22,0,0,10,0,10,11,0,15,6,32,0,16,16,48
02/11/2021,GUM,GU,AWP,WE,Federal Contract Tower,14,0,11,0,25,0,0,14,0,14,14,0,25,0,39,12,14,26,65
02/12/2021,GUM,GU,AWP,WE,Federal Contract Tower,14,0,7,0,21,0,0,5,0,5,14,0,12,0,26,12,0,12,38
02/13/2021,GUM,GU,AWP,WE,Federal Contract Tower,16,0,9,0,25,0,0,7,0,7,16,0,16,0,32,27,0,27,59
02/15/2021,GUM,GU,AWP,WE,Federal Contract Tower,15,0,16,1,32,0,0,0,0,0,15,0,16,1,32,8,0,8,40
02/16/2021,GUM,GU,AWP,WE,Federal Contract Tower,0,5,8,5,18,0,0,4,2,6,0,5,12,7,24,2,2,4,28
02/17/2021,GUM,GU,AWP,WE,Federal Contract Tower,8,0,6,2,16,0,0,4,1,5,8,0,10,3,21,0,28,28,49
02/18/2021,GUM,GU,AWP,WE,Federal Contract Tower,19,0,7,0,26,0,0,19,0,19,19,0,26,0,45,6,0,6,51
02/19/2021,GUM,GU,AWP,WE,Federal Contract Tower,11,0,8,1,20,0,0,0,0,0,11,0,8,1,20,15,0,15,35
02/20/2021,GUM,GU,AWP,WE,Federal Contract Tower,12,0,4,6,22,0,0,5,0,5,12,0,9,6,27,12,0,12,39
02/21/2021,GUM,GU,AWP,WE,Federal Contract Tower,7,0,0,0,7,0,0,8,0,8,7,0,8,0,15,12,0,12,27
02/22/2021,GUM,GU,AWP,WE,Federal Contract Tower,15,0,8,4,27,0,0,4,1,5,15,0,12,5,32,18,28,46,78
02/23/2021,GUM,GU,AWP,WE,Federal Contract Tower,4,0,8,1,13,0,0,9,1,10,4,0,17,2,23,18,0,18,41
02/24/2021,GUM,GU,AWP,WE,Federal Contract Tower,8,0,9,0,17,0,0,16,8,24,8,0,25,8,41,0,0,0,41
02/25/2021,GUM,GU,AWP,WE,Federal Contract Tower,13,0,8,4,25,0,0,13,4,17,13,0,21,8,42,0,0,0,42
02/26/2021,GUM,GU,AWP,WE,Federal Contract Tower,12,0,8,0,20,0,0,9,0,9,12,0,17,0,29,13,0,13,42
02/27/2021,GUM,GU,AWP,WE,Federal Contract Tower,15,0,5,0,20,1,0,5,3,9,16,0,10,3,29,15,0,15,44
02/28/2021,GUM,GU,AWP,WE,Federal Contract Tower,10,0,2,0,12,0,0,7,0,7,10,0,9,0,19,16,0,16,35
03/01/2021,GUM,GU,AWP,WE,Federal Contract Tower,16,0,14,5,35,0,0,9,1,10,16,0,23,6,45,0,6,6,51
03/02/2021,GUM,GU,AWP,WE,Federal Contract Tower,4,0,6,1,11,0,0,3,4,7,4,0,9,5,18,0,0,0,18
03/03/2021,GUM,GU,AWP,WE,Federal Contract Tower,8,0,5,0,13,0,2,6,0,8,8,2,11,0,21,31,2,33,54
03/04/2021,GUM,GU,AWP,WE,Federal Contract Tower,15,0,6,0,21,0,1,14,3,18,15,1,20,3,39,26,0,26,65
03/05/2021,GUM,GU,AWP,WE,Federal Contract Tower,17,0,7,0,24,0,0,10,0,10,17,0,17,0,34,18,0,18,52
03/06/2021,GUM,GU,AWP,WE,Federal Contract Tower,15,0,9,2,26,0,0,7,0,7,15,0,16,2,33,34,0,34,67
03/07/2021,GUM,GU,AWP,WE,Federal Contract Tower,15,0,3,0,18,0,0,12,0,12,15,0,15,0,30,39,0,39,69
03/08/2021,GUM,GU,AWP,WE,Federal Contract Tower,17,0,10,3,30,0,0,2,2,4,17,0,12,5,34,24,0,24,58
03/09/2021,GUM,GU,AWP,WE,Federal Contract Tower,6,3,6,6,21,0,0,5,2,7,6,3,11,8,28,8,0,8,36
03/10/2021,GUM,GU,AWP,WE,Federal Contract Tower,10,0,10,2,22,0,0,0,2,2,10,0,10,4,24,0,0,0,24
03/11/2021,GUM,GU,AWP,WE,Federal Contract Tower,15,0,6,0,21,0,0,4,0,4,15,0,10,0,25,0,8,8,33
03/12/2021,GUM,GU,AWP,WE,Federal Contract Tower,17,0,11,4,32,0,0,6,0,6,17,0,17,4,38,16,0,16,54
03/13/2021,GUM,GU,AWP,WE,Federal Contract Tower,19,0,5,1,25,0,0,2,0,2,19,0,7,1,27,5,0,5,32
03/14/2021,GUM,GU,AWP,WE,Federal Contract Tower,11,0,4,2,17,0,0,0,0,0,11,0,4,2,17,28,0,28,45
03/15/2021,GUM,GU,AWP,WE,Federal Contract Tower,17,0,12,9,38,0,0,6,4,10,17,0,18,13,48,0,0,0,48
03/16/2021,GUM,GU,AWP,WE,Federal Contract Tower,8,0,10,1,19,0,0,4,0,4,8,0,14,1,23,10,0,10,33
03/17/2021,GUM,GU,AWP,WE,Federal Contract Tower,14,0,8,3,25,0,0,4,8,12,14,0,12,11,37,0,0,0,37
03/19/2021,GUM,GU,AWP,WE,Federal Contract Tower,17,0,11,0,28,0,0,5,0,5,17,0,16,0,33,20,0,20,53
03/20/2021,GUM,GU,AWP,WE,Federal Contract Tower,17,0,7,0,24,0,0,6,0,6,17,0,13,0,30,36,0,36,66
03/21/2021,GUM,GU,AWP,WE,Federal Contract Tower,15,0,1,0,16,0,0,0,0,0,15,0,1,0,16,20,0,20,36
03/22/2021,GUM,GU,AWP,WE,Federal Contract Tower,19,0,16,0,35,0,0,2,4,6,19,0,18,4,41,10,10,20,61
03/23/2021,GUM,GU,AWP,WE,Federal Contract Tower,7,2,9,3,21,0,0,2,0,2,7,2,11,3,23,4,0,4,27
03/24/2021,GUM,GU,AWP,WE,Federal Contract Tower,10,2,10,0,22,0,2,0,1,3,10,4,10,1,25,0,20,20,45
03/25/2021,GUM,GU,AWP,WE,Federal Contract Tower,17,0,7,0,24,0,0,12,3,15,17,0,19,3,39,0,4,4,43
03/26/2021,GUM,GU,AWP,WE,Federal Contract Tower,17,0,12,0,29,0,0,9,0,9,17,0,21,0,38,12,0,12,50
03/27/2021,GUM,GU,AWP,WE,Federal Contract Tower,20,1,7,1,29,0,0,1,0,1,20,1,8,1,30,0,0,0,30
03/28/2021,GUM,GU,AWP,WE,Federal Contract Tower,13,0,2,0,15,0,0,0,0,0,13,0,2,0,15,10,0,10,25
03/29/2021,GUM,GU,AWP,WE,Federal Contract Tower,16,0,12,0,28,0,0,0,4,4,16,0,12,4,32,0,0,0,32
03/30/2021,GUM,GU,AWP,WE,Federal Contract Tower,13,0,6,0,19,0,2,4,6,12,13,2,10,6,31,10,0,10,41
03/31/2021,GUM,GU,AWP,WE,Federal Contract Tower,12,0,10,2,24,0,0,2,3,5,12,0,12,5,29,4,0,4,33
04/01/2021,GUM,GU,AWP,WE,Federal Contract Tower,11,0,6,0,17,0,0,14,0,14,11,0,20,0,31,12,0,12,43
04/02/2021,GUM,GU,AWP,WE,Federal Contract Tower,19,0,11,0,30,0,0,6,0,6,19,0,17,0,36,0,0,0,36
04/03/2021,GUM,GU,AWP,WE,Federal Contract Tower,15,0,6,1,22,0,0,2,0,2,15,0,8,1,24,30,0,30,54
04/04/2021,GUM,GU,AWP,WE,Federal Contract Tower,11,0,1,0,12,0,0,0,0,0,11,0,1,0,12,12,0,12,24
04/06/2021,GUM,GU,AWP,WE,Federal Contract Tower,7,0,8,1,16,0,0,7,0,7,7,0,15,1,23,0,0,0,23
04/07/2021,GUM,GU,AWP,WE,Federal Contract Tower,20,0,7,1,28,0,0,7,4,11,20,0,14,5,39,26,16,42,81
04/08/2021,GUM,GU,AWP,WE,Federal Contract Tower,15,0,4,3,22,0,2,10,8,20,15,2,14,11,42,74,0,74,116
04/09/2021,GUM,GU,AWP,WE,Federal Contract Tower,17,0,10,0,27,0,0,8,0,8,17,0,18,0,35,75,0,75,110
04/10/2021,GUM,GU,AWP,WE,Federal Contract Tower,17,0,3,0,20,0,0,5,0,5,17,0,8,0,25,76,0,76,101
04/11/2021,GUM,GU,AWP,WE,Federal Contract Tower,12,0,0,0,12,0,0,2,0,2,12,0,2,0,14,66,0,66,80
04/12/2021,GUM,GU,AWP,WE,Federal Contract Tower,19,0,18,1,38,0,0,4,7,11,19,0,22,8,49,50,12,62,111
04/13/2021,GUM,GU,AWP,WE,Federal Contract Tower,8,0,11,0,19,0,0,4,0,4,8,0,15,0,23,30,0,30,53
04/14/2021,GUM,GU,AWP,WE,Federal Contract Tower,13,0,7,0,20,0,0,10,1,11,13,0,17,1,31,0,7,7,38
04/15/2021,GUM,GU,AWP,WE,Federal Contract Tower,16,0,7,4,27,0,0,11,16,27,16,0,18,20,54,0,18,18,72
04/16/2021,GUM,GU,AWP,WE,Federal Contract Tower,16,0,17,0,33,0,0,8,0,8,16,0,25,0,41,19,0,19,60
04/17/2021,GUM,GU,AWP,WE,Federal Contract Tower,15,0,0,0,15,0,0,8,2,10,15,0,8,2,25,4,0,4,29
04/18/2021,GUM,GU,AWP,WE,Federal Contract Tower,11,0,1,0,12,0,0,6,2,8,11,0,7,2,20,0,18,18,38
04/19/2021,GUM,GU,AWP,WE,Federal Contract Tower,17,0,15,3,35,0,0,5,2,7,17,0,20,5,42,0,10,10,52
04/20/2021,GUM,GU,AWP,WE,Federal Contract Tower,6,0,13,1,20,0,0,7,1,8,6,0,20,2,28,0,16,16,44
04/21/2021,GUM,GU,AWP,WE,Federal Contract Tower,14,0,16,10,40,0,0,10,0,10,14,0,26,10,50,0,0,0,50
04/22/2021,GUM,GU,AWP,WE,Federal Contract Tower,11,0,4,3,18,0,0,17,0,17,11,0,21,3,35,0,0,0,35
04/23/2021,GUM,GU,AWP,WE,Federal Contract Tower,19,0,6,0,25,0,0,13,0,13,19,0,19,0,38,0,0,0,38
04/24/2021,GUM,GU,AWP,WE,Federal Contract Tower,18,1,7,0,26,0,0,3,0,3,18,1,10,0,29,0,0,0,29
04/25/2021,GUM,GU,AWP,WE,Federal Contract Tower,12,0,5,0,17,0,0,3,1,4,12,0,8,1,21,6,0,6,27
04/28/2021,GUM,GU,AWP,WE,Federal Contract Tower,16,0,13,1,30,0,1,7,5,13,16,1,20,6,43,8,7,15,58
04/29/2021,GUM,GU,AWP,WE,Federal Contract Tower,14,0,8,1,23,0,0,12,4,16,14,0,20,5,39,10,5,15,54
04/30/2021,GUM,GU,AWP,WE,Federal Contract Tower,17,0,14,1,32,0,2,6,0,8,17,2,20,1,40,16,0,16,56
05/01/2021,GUM,GU,AWP,WE,Federal Contract Tower,21,0,2,0,23,0,0,0,0,0,21,0,2,0,23,0,0,0,23
05/02/2021,GUM,GU,AWP,WE,Federal Contract Tower,12,0,1,2,15,0,0,2,0,2,12,0,3,2,17,0,0,0,17
05/03/2021,GUM,GU,AWP,WE,Federal Contract Tower,18,0,9,0,27,0,0,13,0,13,18,0,22,0,40,0,0,0,40
05/04/2021,GUM,GU,AWP,WE,Federal Contract Tower,9,0,11,0,20,0,0,13,0,13,9,0,24,0,33,0,0,0,33
05/05/2021,GUM,GU,AWP,WE,Federal Contract Tower,13,2,9,2,26,0,0,6,1,7,13,2,15,3,33,2,0,2,35
05/06/2021,GUM,GU,AWP,WE,Federal Contract Tower,14,0,6,2,22,0,0,14,1,15,14,0,20,3,37,10,0,10,47
05/07/2021,GUM,GU,AWP,WE,Federal Contract Tower,20,0,8,0,28,0,0,8,0,8,20,0,16,0,36,12,0,12,48
05/08/2021,GUM,GU,AWP,WE,Federal Contract Tower,21,0,5,0,26,0,0,11,0,11,21,0,16,0,37,2,0,2,39
05/09/2021,GUM,GU,AWP,WE,Federal Contract Tower,21,0,0,0,21,0,0,2,0,2,21,0,2,0,23,12,0,12,35
05/10/2021,GUM,GU,AWP,WE,Federal Contract Tower,27,0,13,16,56,0,0,9,2,11,27,0,22,18,67,6,0,6,73
05/11/2021,GUM,GU,AWP,WE,Federal Contract Tower,15,0,10,1,26,0,0,6,0,6,15,0,16,1,32,0,12,12,44
05/12/2021,GUM,GU,AWP,WE,Federal Contract Tower,24,0,10,2,36,0,0,6,3,9,24,0,16,5,45,0,4,4,49
05/13/2021,GUM,GU,AWP,WE,Federal Contract Tower,0,0,0,0,0,0,0,0,0,0,0,0,0,0,0,0,0,0,0
05/14/2021,GUM,GU,AWP,WE,Federal Contract Tower,19,0,7,2,28,0,0,11,0,11,19,0,18,2,39,5,0,5,44
05/15/2021,GUM,GU,AWP,WE,Federal Contract Tower,20,0,5,0,25,0,0,2,0,2,20,0,7,0,27,0,0,0,27
05/16/2021,GUM,GU,AWP,WE,Federal Contract Tower,15,0,4,0,19,0,0,4,0,4,15,0,8,0,23,12,0,12,35
05/17/2021,GUM,GU,AWP,WE,Federal Contract Tower,17,0,14,0,31,0,0,7,2,9,17,0,21,2,40,6,2,8,48
05/18/2021,GUM,GU,AWP,WE,Federal Contract Tower,15,1,5,0,21,0,4,2,0,6,15,5,7,0,27,0,0,0,27
05/19/2021,GUM,GU,AWP,WE,Federal Contract Tower,20,0,9,9,38,0,2,7,1,10,20,2,16,10,48,0,0,0,48
05/20/2021,GUM,GU,AWP,WE,Federal Contract Tower,22,0,5,2,29,0,0,20,0,20,22,0,25,2,49,0,4,4,53
05/21/2021,GUM,GU,AWP,WE,Federal Contract Tower,19,0,9,0,28,0,0,9,0,9,19,0,18,0,37,8,0,8,45
05/22/2021,GUM,GU,AWP,WE,Federal Contract Tower,20,0,2,0,22,0,0,3,0,3,20,0,5,0,25,4,0,4,29
05/23/2021,GUM,GU,AWP,WE,Federal Contract Tower,17,0,0,0,17,0,0,4,0,4,17,0,4,0,21,30,0,30,51
05/24/2021,GUM,GU,AWP,WE,Federal Contract Tower,20,0,9,7,36,0,2,11,3,16,20,2,20,10,52,8,0,8,60
05/25/2021,GUM,GU,AWP,WE,Federal Contract Tower,13,0,6,3,22,0,0,6,2,8,13,0,12,5,30,12,14,26,56
05/26/2021,GUM,GU,AWP,WE,Federal Contract Tower,19,0,4,12,35,0,0,11,3,14,19,0,15,15,49,0,0,0,49
05/27/2021,GUM,GU,AWP,WE,Federal Contract Tower,19,0,4,0,23,0,0,12,0,12,19,0,16,0,35,0,0,0,35
05/28/2021,GUM,GU,AWP,WE,Federal Contract Tower,19,0,7,6,32,0,0,11,0,11,19,0,18,6,43,18,0,18,61
05/29/2021,GUM,GU,AWP,WE,Federal Contract Tower,19,0,4,0,23,0,0,6,0,6,19,0,10,0,29,0,0,0,29
05/30/2021,GUM,GU,AWP,WE,Federal Contract Tower,19,0,0,0,19,0,0,2,0,2,19,0,2,0,21,4,0,4,25
05/31/2021,GUM,GU,AWP,WE,Federal Contract Tower,17,0,9,6,32,0,0,6,0,6,17,0,15,6,38,12,0,12,50
06/01/2021,GUM,GU,AWP,WE,Federal Contract Tower,9,0,5,4,18,0,0,9,0,9,9,0,14,4,27,0,0,0,27
06/02/2021,GUM,GU,AWP,WE,Federal Contract Tower,18,0,6,3,27,0,0,0,0,0,18,0,6,3,27,0,6,6,33
06/03/2021,GUM,GU,AWP,WE,Federal Contract Tower,14,0,9,4,27,0,0,30,22,52,14,0,39,26,79,44,0,44,123
06/04/2021,GUM,GU,AWP,WE,Federal Contract Tower,14,0,5,2,21,0,2,13,0,15,14,2,18,2,36,3,0,3,39
06/05/2021,GUM,GU,AWP,WE,Federal Contract Tower,20,0,4,0,24,0,0,4,0,4,20,0,8,0,28,14,0,14,42
06/06/2021,GUM,GU,AWP,WE,Federal Contract Tower,12,0,0,0,12,0,0,0,0,0,12,0,0,0,12,10,0,10,22
06/07/2021,GUM,GU,AWP,WE,Federal Contract Tower,17,0,10,0,27,0,0,8,2,10,17,0,18,2,37,6,6,12,49
06/08/2021,GUM,GU,AWP,WE,Federal Contract Tower,12,0,5,3,20,0,0,7,0,7,12,0,12,3,27,6,0,6,33
06/09/2021,GUM,GU,AWP,WE,Federal Contract Tower,16,0,6,3,25,0,0,10,0,10,16,0,16,3,35,0,0,0,35
06/10/2021,GUM,GU,AWP,WE,Federal Contract Tower,20,0,4,10,34,0,0,14,3,17,20,0,18,13,51,2,0,2,53
06/11/2021,GUM,GU,AWP,WE,Federal Contract Tower,16,0,7,0,23,0,0,17,0,17,16,0,24,0,40,12,0,12,52
06/12/2021,GUM,GU,AWP,WE,Federal Contract Tower,25,0,5,0,30,0,0,9,0,9,25,0,14,0,39,2,0,2,41
06/13/2021,GUM,GU,AWP,WE,Federal Contract Tower,17,0,0,0,17,0,0,2,0,2,17,0,2,0,19,0,0,0,19
06/14/2021,GUM,GU,AWP,WE,Federal Contract Tower,17,0,8,0,25,0,0,10,0,10,17,0,18,0,35,10,0,10,45
06/15/2021,GUM,GU,AWP,WE,Federal Contract Tower,7,0,4,2,13,0,2,5,4,11,7,2,9,6,24,32,0,32,56
06/16/2021,GUM,GU,AWP,WE,Federal Contract Tower,14,0,8,4,26,0,4,8,0,12,14,4,16,4,38,34,0,34,72
06/17/2021,GUM,GU,AWP,WE,Federal Contract Tower,16,0,4,4,24,0,0,17,10,27,16,0,21,14,51,14,14,28,79
06/18/2021,GUM,GU,AWP,WE,Federal Contract Tower,17,0,8,0,25,0,0,11,0,11,17,0,19,0,36,2,0,2,38
06/19/2021,GUM,GU,AWP,WE,Federal Contract Tower,15,0,5,0,20,1,0,8,0,9,16,0,13,0,29,13,0,13,42
06/20/2021,GUM,GU,AWP,WE,Federal Contract Tower,13,0,2,0,15,0,0,0,0,0,13,0,2,0,15,20,0,20,35
06/21/2021,GUM,GU,AWP,WE,Federal Contract Tower,23,0,6,7,36,0,0,5,3,8,23,0,11,10,44,22,0,22,66
06/22/2021,GUM,GU,AWP,WE,Federal Contract Tower,12,0,8,1,21,0,0,1,0,1,12,0,9,1,22,0,4,4,26
06/23/2021,GUM,GU,AWP,WE,Federal Contract Tower,20,0,7,2,29,0,0,9,2,11,20,0,16,4,40,114,8,122,162
06/24/2021,GUM,GU,AWP,WE,Federal Contract Tower,19,0,3,0,22,0,0,26,2,28,19,0,29,2,50,142,2,144,194
06/25/2021,GUM,GU,AWP,WE,Federal Contract Tower,19,0,5,1,25,0,0,20,0,20,19,0,25,1,45,116,0,116,161
06/26/2021,GUM,GU,AWP,WE,Federal Contract Tower,20,0,13,0,33,0,0,0,0,0,20,0,13,0,33,134,0,134,167
06/27/2021,GUM,GU,AWP,WE,Federal Contract Tower,17,0,0,0,17,0,0,4,0,4,17,0,4,0,21,67,0,67,88
06/28/2021,GUM,GU,AWP,WE,Federal Contract Tower,24,0,13,8,45,0,0,8,0,8,24,0,21,8,53,80,0,80,133
06/29/2021,GUM,GU,AWP,WE,Federal Contract Tower,12,0,6,0,18,0,0,10,4,14,12,0,16,4,32,56,0,56,88
06/30/2021,GUM,GU,AWP,WE,Federal Contract Tower,22,0,3,0,25,0,0,26,1,27,22,0,29,1,52,6,0,6,58
07/01/2021,GUM,GU,AWP,WE,Federal Contract Tower,16,0,5,0,21,0,0,12,2,14,16,0,17,2,35,54,0,54,89
07/02/2021,GUM,GU,AWP,WE,Federal Contract Tower,17,0,7,0,24,0,0,7,0,7,17,0,14,0,31,8,0,8,39
07/03/2021,GUM,GU,AWP,WE,Federal Contract Tower,14,1,2,0,17,0,0,4,0,4,14,1,6,0,21,2,0,2,23
07/04/2021,GUM,GU,AWP,WE,Federal Contract Tower,15,0,0,0,15,0,0,4,0,4,15,0,4,0,19,0,0,0,19
07/05/2021,GUM,GU,AWP,WE,Federal Contract Tower,15,0,6,0,21,0,1,9,0,10,15,1,15,0,31,2,0,2,33
07/06/2021,GUM,GU,AWP,WE,Federal Contract Tower,9,0,9,1,19,0,0,33,1,34,9,0,42,2,53,0,0,0,53
07/07/2021,GUM,GU,AWP,WE,Federal Contract Tower,16,4,4,2,26,0,0,0,0,0,16,4,4,2,26,46,2,48,74
07/08/2021,GUM,GU,AWP,WE,Federal Contract Tower,13,0,4,2,19,0,2,14,4,20,13,2,18,6,39,14,0,14,53
07/09/2021,GUM,GU,AWP,WE,Federal Contract Tower,15,0,4,2,21,0,0,5,0,5,15,0,9,2,26,24,0,24,50
07/10/2021,GUM,GU,AWP,WE,Federal Contract Tower,20,0,4,0,24,0,0,2,0,2,20,0,6,0,26,0,0,0,26
07/11/2021,GUM,GU,AWP,WE,Federal Contract Tower,20,0,1,0,21,0,0,3,0,3,20,0,4,0,24,0,0,0,24
07/12/2021,GUM,GU,AWP,WE,Federal Contract Tower,23,0,10,1,34,0,0,8,6,14,23,0,18,7,48,0,0,0,48
07/13/2021,GUM,GU,AWP,WE,Federal Contract Tower,9,2,7,1,19,0,4,10,2,16,9,6,17,3,35,28,2,30,65
07/14/2021,GUM,GU,AWP,WE,Federal Contract Tower,17,0,9,2,28,0,2,8,3,13,17,2,17,5,41,70,2,72,113
07/15/2021,GUM,GU,AWP,WE,Federal Contract Tower,13,1,6,1,21,0,2,9,4,15,13,3,15,5,36,12,0,12,48
07/16/2021,GUM,GU,AWP,WE,Federal Contract Tower,15,0,5,0,20,0,0,10,0,10,15,0,15,0,30,50,0,50,80
07/17/2021,GUM,GU,AWP,WE,Federal Contract Tower,19,0,2,0,21,0,0,12,0,12,19,0,14,0,33,28,18,46,79
07/18/2021,GUM,GU,AWP,WE,Federal Contract Tower,17,0,0,1,18,0,0,0,4,4,17,0,0,5,22,27,36,63,85
07/19/2021,GUM,GU,AWP,WE,Federal Contract Tower,17,0,7,0,24,0,0,8,0,8,17,0,15,0,32,66,66,132,164
07/20/2021,GUM,GU,AWP,WE,Federal Contract Tower,10,1,6,0,17,0,0,6,0,6,10,1,12,0,23,36,20,56,79
07/21/2021,GUM,GU,AWP,WE,Federal Contract Tower,18,0,13,3,34,0,0,5,0,5,18,0,18,3,39,16,0,16,55
07/22/2021,GUM,GU,AWP,WE,Federal Contract Tower,15,0,2,0,17,0,0,12,0,12,15,0,14,0,29,0,18,18,47
07/23/2021,GUM,GU,AWP,WE,Federal Contract Tower,17,0,5,0,22,0,0,28,0,28,17,0,33,0,50,28,6,34,84
07/24/2021,GUM,GU,AWP,WE,Federal Contract Tower,29,0,5,2,36,0,0,2,0,2,29,0,7,2,38,0,0,0,38
07/25/2021,GUM,GU,AWP,WE,Federal Contract Tower,19,0,0,10,29,0,0,6,0,6,19,0,6,10,35,36,58,94,129
07/26/2021,GUM,GU,AWP,WE,Federal Contract Tower,22,1,9,3,35,0,4,10,2,16,22,5,19,5,51,6,0,6,57
07/28/2021,GUM,GU,AWP,WE,Federal Contract Tower,17,0,8,6,31,0,0,10,0,10,17,0,18,6,41,34,0,34,75
07/29/2021,GUM,GU,AWP,WE,Federal Contract Tower,16,0,7,9,32,0,0,12,10,22,16,0,19,19,54,5,0,5,59
07/30/2021,GUM,GU,AWP,WE,Federal Contract Tower,19,0,6,21,46,0,0,9,0,9,19,0,15,21,55,16,10,26,81
07/31/2021,GUM,GU,AWP,WE,Federal Contract Tower,20,0,2,1,23,0,0,4,0,4,20,0,6,1,27,0,0,0,27
08/01/2021,GUM,GU,AWP,WE,Federal Contract Tower,20,0,0,2,22,0,0,1,0,1,20,0,1,2,23,8,0,8,31
08/02/2021,GUM,GU,AWP,WE,Federal Contract Tower,23,0,9,1,33,0,0,2,4,6,23,0,11,5,39,16,16,32,71
08/03/2021,GUM,GU,AWP,WE,Federal Contract Tower,16,0,4,3,23,0,0,12,0,12,16,0,16,3,35,20,0,20,55
08/04/2021,GUM,GU,AWP,WE,Federal Contract Tower,18,0,6,4,28,0,0,13,0,13,18,0,19,4,41,16,10,26,67
08/05/2021,GUM,GU,AWP,WE,Federal Contract Tower,18,0,3,5,26,0,9,8,0,17,18,9,11,5,43,39,0,39,82
08/06/2021,GUM,GU,AWP,WE,Federal Contract Tower,34,0,5,0,39,0,1,3,0,4,34,1,8,0,43,26,0,26,69
08/07/2021,GUM,GU,AWP,WE,Federal Contract Tower,26,0,4,0,30,0,0,2,0,2,26,0,6,0,32,4,0,4,36
08/08/2021,GUM,GU,AWP,WE,Federal Contract Tower,22,0,1,1,24,0,0,9,0,9,22,0,10,1,33,22,0,22,55
08/09/2021,GUM,GU,AWP,WE,Federal Contract Tower,20,0,6,2,28,0,1,18,1,20,20,1,24,3,48,22,8,30,78
08/10/2021,GUM,GU,AWP,WE,Federal Contract Tower,16,0,8,2,26,0,0,16,6,22,16,0,24,8,48,0,4,4,52
08/11/2021,GUM,GU,AWP,WE,Federal Contract Tower,14,0,8,0,22,0,0,10,3,13,14,0,18,3,35,63,2,65,100
08/12/2021,GUM,GU,AWP,WE,Federal Contract Tower,15,0,3,3,21,0,1,8,1,10,15,1,11,4,31,10,0,10,41
08/13/2021,GUM,GU,AWP,WE,Federal Contract Tower,20,0,7,1,28,0,0,20,0,20,20,0,27,1,48,26,0,26,74
08/14/2021,GUM,GU,AWP,WE,Federal Contract Tower,21,0,7,1,29,0,0,14,0,14,21,0,21,1,43,24,0,24,67
08/15/2021,GUM,GU,AWP,WE,Federal Contract Tower,26,0,1,0,27,0,0,0,0,0,26,0,1,0,27,6,0,6,33
08/16/2021,GUM,GU,AWP,WE,Federal Contract Tower,23,0,4,4,31,0,0,2,0,2,23,0,6,4,33,0,0,0,33
08/17/2021,GUM,GU,AWP,WE,Federal Contract Tower,29,0,4,3,36,0,0,2,0,2,29,0,6,3,38,14,0,14,52
08/18/2021,GUM,GU,AWP,WE,Federal Contract Tower,26,0,12,0,38,0,0,4,0,4,26,0,16,0,42,10,0,10,52
08/19/2021,GUM,GU,AWP,WE,Federal Contract Tower,21,0,2,3,26,0,3,19,2,24,21,3,21,5,50,8,0,8,58
08/20/2021,GUM,GU,AWP,WE,Federal Contract Tower,24,0,5,1,30,0,0,16,0,16,24,0,21,1,46,38,0,38,84
08/21/2021,GUM,GU,AWP,WE,Federal Contract Tower,17,0,3,2,22,0,0,4,0,4,17,0,7,2,26,18,0,18,44
08/22/2021,GUM,GU,AWP,WE,Federal Contract Tower,20,0,2,1,23,0,0,0,1,1,20,0,2,2,24,10,0,10,34
08/23/2021,GUM,GU,AWP,WE,Federal Contract Tower,20,1,7,6,34,0,0,8,14,22,20,1,15,20,56,20,0,20,76
08/24/2021,GUM,GU,AWP,WE,Federal Contract Tower,18,0,6,1,25,0,0,5,0,5,18,0,11,1,30,12,12,24,54
08/25/2021,GUM,GU,AWP,WE,Federal Contract Tower,19,2,3,5,29,0,2,21,0,23,19,4,24,5,52,14,46,60,112
08/26/2021,GUM,GU,AWP,WE,Federal Contract Tower,15,2,7,1,25,0,4,3,0,7,15,6,10,1,32,36,0,36,68
08/27/2021,GUM,GU,AWP,WE,Federal Contract Tower,19,0,5,0,24,0,1,17,0,18,19,1,22,0,42,40,0,40,82
08/28/2021,GUM,GU,AWP,WE,Federal Contract Tower,17,2,0,0,19,0,0,6,0,6,17,2,6,0,25,16,0,16,41
08/29/2021,GUM,GU,AWP,WE,Federal Contract Tower,18,2,0,0,20,0,0,4,0,4,18,2,4,0,24,8,0,8,32
08/30/2021,GUM,GU,AWP,WE,Federal Contract Tower,23,1,9,8,41,0,0,5,0,5,23,1,14,8,46,0,0,0,46
08/31/2021,GUM,GU,AWP,WE,Federal Contract Tower,22,0,6,0,28,0,0,5,0,5,22,0,11,0,33,60,6,66,99
09/01/2021,GUM,GU,AWP,WE,Federal Contract Tower,18,1,6,1,26,0,0,10,0,10,18,1,16,1,36,102,0,102,138
09/02/2021,GUM,GU,AWP,WE,Federal Contract Tower,14,0,6,1,21,0,2,12,3,17,14,2,18,4,38,50,0,50,88
09/03/2021,GUM,GU,AWP,WE,Federal Contract Tower,18,0,14,0,32,0,0,16,0,16,18,0,30,0,48,108,0,108,156
09/04/2021,GUM,GU,AWP,WE,Federal Contract Tower,30,0,9,0,39,0,0,5,0,5,30,0,14,0,44,26,0,26,70
09/05/2021,GUM,GU,AWP,WE,Federal Contract Tower,19,0,4,0,23,0,0,0,0,0,19,0,4,0,23,64,0,64,87
09/06/2021,GUM,GU,AWP,WE,Federal Contract Tower,23,0,9,0,32,0,0,9,0,9,23,0,18,0,41,48,0,48,89
09/07/2021,GUM,GU,AWP,WE,Federal Contract Tower,14,0,11,0,25,0,1,4,0,5,14,1,15,0,30,68,0,68,98
09/08/2021,GUM,GU,AWP,WE,Federal Contract Tower,14,0,12,0,26,0,0,11,0,11,14,0,23,0,37,0,0,0,37
09/09/2021,GUM,GU,AWP,WE,Federal Contract Tower,12,0,12,4,28,0,0,21,0,21,12,0,33,4,49,16,0,16,65
09/10/2021,GUM,GU,AWP,WE,Federal Contract Tower,27,0,11,0,38,0,0,13,2,15,27,0,24,2,53,22,0,22,75
09/11/2021,GUM,GU,AWP,WE,Federal Contract Tower,20,0,2,0,22,0,0,10,0,10,20,0,12,0,32,20,0,20,52
09/12/2021,GUM,GU,AWP,WE,Federal Contract Tower,17,0,5,0,22,0,0,8,0,8,17,0,13,0,30,35,0,35,65
09/13/2021,GUM,GU,AWP,WE,Federal Contract Tower,16,0,11,1,28,0,0,7,0,7,16,0,18,1,35,0,0,0,35
09/14/2021,GUM,GU,AWP,WE,Federal Contract Tower,17,0,9,0,26,0,0,12,2,14,17,0,21,2,40,28,25,53,93
09/15/2021,GUM,GU,AWP,WE,Federal Contract Tower,16,0,11,0,27,0,2,5,3,10,16,2,16,3,37,18,10,28,65
09/16/2021,GUM,GU,AWP,WE,Federal Contract Tower,16,0,7,0,23,0,0,13,0,13,16,0,20,0,36,40,0,40,76
09/17/2021,GUM,GU,AWP,WE,Federal Contract Tower,22,0,4,1,27,0,0,7,0,7,22,0,11,1,34,26,0,26,60
09/18/2021,GUM,GU,AWP,WE,Federal Contract Tower,21,0,6,0,27,0,0,16,0,16,21,0,22,0,43,44,0,44,87
09/19/2021,GUM,GU,AWP,WE,Federal Contract Tower,18,0,2,0,20,0,0,0,0,0,18,0,2,0,20,4,0,4,24
09/20/2021,GUM,GU,AWP,WE,Federal Contract Tower,22,0,8,0,30,0,3,14,4,21,22,3,22,4,51,8,0,8,59
09/21/2021,GUM,GU,AWP,WE,Federal Contract Tower,24,0,15,0,39,0,2,5,5,12,24,2,20,5,51,29,14,43,94
09/22/2021,GUM,GU,AWP,WE,Federal Contract Tower,16,0,11,0,27,0,0,9,0,9,16,0,20,0,36,12,0,12,48
09/23/2021,GUM,GU,AWP,WE,Federal Contract Tower,8,0,9,0,17,0,0,2,0,2,8,0,11,0,19,6,0,6,25
09/24/2021,GUM,GU,AWP,WE,Federal Contract Tower,21,0,9,0,30,0,0,2,0,2,21,0,11,0,32,0,0,0,32
09/25/2021,GUM,GU,AWP,WE,Federal Contract Tower,14,0,6,0,20,0,0,6,0,6,14,0,12,0,26,10,0,10,36
09/26/2021,GUM,GU,AWP,WE,Federal Contract Tower,16,0,2,0,18,0,0,2,0,2,16,0,4,0,20,36,0,36,56
09/27/2021,GUM,GU,AWP,WE,Federal Contract Tower,23,0,34,0,57,0,4,7,0,11,23,4,41,0,68,34,0,34,102
09/28/2021,GUM,GU,AWP,WE,Federal Contract Tower,13,0,10,1,24,0,5,8,4,17,13,5,18,5,41,30,0,30,71
09/29/2021,GUM,GU,AWP,WE,Federal Contract Tower,16,0,18,0,34,0,0,17,0,17,16,0,35,0,51,48,6,54,105
09/30/2021,GUM,GU,AWP,WE,Federal Contract Tower,15,0,6,1,22,0,4,11,8,23,15,4,17,9,45,2,0,2,47
10/01/2021,GUM,GU,AWP,WE,Federal Contract Tower,23,0,9,0,32,0,0,11,0,11,23,0,20,0,43,50,0,50,93
10/02/2021,GUM,GU,AWP,WE,Federal Contract Tower,19,0,1,0,20,0,0,0,0,0,19,0,1,0,20,66,0,66,86
10/03/2021,GUM,GU,AWP,WE,Federal Contract Tower,18,0,1,0,19,0,0,0,0,0,18,0,1,0,19,0,0,0,19
10/04/2021,GUM,GU,AWP,WE,Federal Contract Tower,21,0,10,0,31,0,1,3,1,5,21,1,13,1,36,0,0,0,36
10/05/2021,GUM,GU,AWP,WE,Federal Contract Tower,14,0,8,0,22,0,2,2,2,6,14,2,10,2,28,40,0,40,68
10/06/2021,GUM,GU,AWP,WE,Federal Contract Tower,20,0,7,0,27,0,2,13,0,15,20,2,20,0,42,16,0,16,58
10/07/2021,GUM,GU,AWP,WE,Federal Contract Tower,15,0,8,0,23,0,0,2,0,2,15,0,10,0,25,16,0,16,41
10/08/2021,GUM,GU,AWP,WE,Federal Contract Tower,21,1,16,1,39,0,0,2,0,2,21,1,18,1,41,43,0,43,84
10/09/2021,GUM,GU,AWP,WE,Federal Contract Tower,16,2,3,0,21,0,0,1,0,1,16,2,4,0,22,10,0,10,32
10/10/2021,GUM,GU,AWP,WE,Federal Contract Tower,18,0,0,0,18,0,0,1,0,1,18,0,1,0,19,38,0,38,57
10/11/2021,GUM,GU,AWP,WE,Federal Contract Tower,23,0,14,0,37,0,6,4,0,10,23,6,18,0,47,8,0,8,55
10/12/2021,GUM,GU,AWP,WE,Federal Contract Tower,19,0,19,1,39,0,4,2,2,8,19,4,21,3,47,65,12,77,124
10/13/2021,GUM,GU,AWP,WE,Federal Contract Tower,21,0,15,1,37,0,0,13,0,13,21,0,28,1,50,58,0,58,108
10/15/2021,GUM,GU,AWP,WE,Federal Contract Tower,25,0,9,0,34,0,2,11,0,13,25,2,20,0,47,124,0,124,171
10/16/2021,GUM,GU,AWP,WE,Federal Contract Tower,30,0,7,0,37,0,0,8,0,8,30,0,15,0,45,54,0,54,99
10/17/2021,GUM,GU,AWP,WE,Federal Contract Tower,21,0,0,0,21,0,0,2,0,2,21,0,2,0,23,56,0,56,79
10/18/2021,GUM,GU,AWP,WE,Federal Contract Tower,23,0,6,0,29,0,2,3,0,5,23,2,9,0,34,82,0,82,116
10/19/2021,GUM,GU,AWP,WE,Federal Contract Tower,21,1,11,2,35,0,0,0,0,0,21,1,11,2,35,22,0,22,57
10/20/2021,GUM,GU,AWP,WE,Federal Contract Tower,21,0,12,7,40,0,0,6,2,8,21,0,18,9,48,22,0,22,70
10/21/2021,GUM,GU,AWP,WE,Federal Contract Tower,18,0,6,0,24,0,0,12,0,12,18,0,18,0,36,2,0,2,38
10/22/2021,GUM,GU,AWP,WE,Federal Contract Tower,19,0,20,2,41,0,0,0,0,0,19,0,20,2,41,23,0,23,64
10/23/2021,GUM,GU,AWP,WE,Federal Contract Tower,17,0,6,0,23,0,0,0,0,0,17,0,6,0,23,16,0,16,39
10/24/2021,GUM,GU,AWP,WE,Federal Contract Tower,19,0,0,0,19,0,0,0,0,0,19,0,0,0,19,0,0,0,19
10/25/2021,GUM,GU,AWP,WE,Federal Contract Tower,17,0,10,0,27,0,6,13,2,21,17,6,23,2,48,6,0,6,54
10/26/2021,GUM,GU,AWP,WE,Federal Contract Tower,16,0,17,0,33,0,7,9,3,19,16,7,26,3,52,24,0,24,76
10/27/2021,GUM,GU,AWP,WE,Federal Contract Tower,19,0,9,1,29,0,0,24,3,27,19,0,33,4,56,28,0,28,84
10/28/2021,GUM,GU,AWP,WE,Federal Contract Tower,16,1,12,1,30,0,0,21,0,21,16,1,33,1,51,14,0,14,65
10/29/2021,GUM,GU,AWP,WE,Federal Contract Tower,20,0,16,2,38,0,0,5,0,5,20,0,21,2,43,22,0,22,65
10/30/2021,GUM,GU,AWP,WE,Federal Contract Tower,17,0,2,0,19,0,0,0,0,0,17,0,2,0,19,36,0,36,55
10/31/2021,GUM,GU,AWP,WE,Federal Contract Tower,17,0,0,0,17,0,0,0,0,0,17,0,0,0,17,20,0,20,37
11/01/2021,GUM,GU,AWP,WE,Federal Contract Tower,20,0,12,0,32,0,2,11,0,13,20,2,23,0,45,0,0,0,45
11/02/2021,GUM,GU,AWP,WE,Federal Contract Tower,13,0,12,0,25,0,4,8,1,13,13,4,20,1,38,46,4,50,88
11/03/2021,GUM,GU,AWP,WE,Federal Contract Tower,19,0,11,6,36,0,0,13,0,13,19,0,24,6,49,20,0,20,69
11/04/2021,GUM,GU,AWP,WE,Federal Contract Tower,17,0,6,2,25,0,0,22,0,22,17,0,28,2,47,34,0,34,81
11/05/2021,GUM,GU,AWP,WE,Federal Contract Tower,22,0,11,0,33,0,0,6,0,6,22,0,17,0,39,40,0,40,79
11/06/2021,GUM,GU,AWP,WE,Federal Contract Tower,18,0,4,1,23,0,0,8,0,8,18,0,12,1,31,52,0,52,83
11/07/2021,GUM,GU,AWP,WE,Federal Contract Tower,19,1,0,0,20,0,0,2,0,2,19,1,2,0,22,58,0,58,80
11/08/2021,GUM,GU,AWP,WE,Federal Contract Tower,21,0,10,2,33,0,0,9,0,9,21,0,19,2,42,12,0,12,54
11/09/2021,GUM,GU,AWP,WE,Federal Contract Tower,18,0,8,2,28,0,4,8,0,12,18,4,16,2,40,44,0,44,84
11/10/2021,GUM,GU,AWP,WE,Federal Contract Tower,24,0,7,0,31,0,3,21,2,26,24,3,28,2,57,54,0,54,111
11/11/2021,GUM,GU,AWP,WE,Federal Contract Tower,23,0,6,1,30,0,0,12,0,12,23,0,18,1,42,34,0,34,76
11/12/2021,GUM,GU,AWP,WE,Federal Contract Tower,22,0,9,0,31,0,0,20,0,20,22,0,29,0,51,68,0,68,119
11/13/2021,GUM,GU,AWP,WE,Federal Contract Tower,22,0,2,0,24,0,0,3,0,3,22,0,5,0,27,32,0,32,59
11/14/2021,GUM,GU,AWP,WE,Federal Contract Tower,22,0,7,0,29,0,0,6,0,6,22,0,13,0,35,66,0,66,101
11/15/2021,GUM,GU,AWP,WE,Federal Contract Tower,25,0,12,2,39,0,0,4,0,4,25,0,16,2,43,56,0,56,99
11/16/2021,GUM,GU,AWP,WE,Federal Contract Tower,18,0,12,2,32,0,0,4,0,4,18,0,16,2,36,28,0,28,64
11/17/2021,GUM,GU,AWP,WE,Federal Contract Tower,20,0,10,2,32,0,0,6,14,20,20,0,16,16,52,24,0,24,76
11/18/2021,GUM,GU,AWP,WE,Federal Contract Tower,15,0,9,0,24,0,0,17,4,21,15,0,26,4,45,60,14,74,119
11/19/2021,GUM,GU,AWP,WE,Federal Contract Tower,24,0,9,1,34,0,0,25,0,25,24,0,34,1,59,52,0,52,111
11/21/2021,GUM,GU,AWP,WE,Federal Contract Tower,17,0,1,2,20,0,0,6,0,6,17,0,7,2,26,83,0,83,109
11/22/2021,GUM,GU,AWP,WE,Federal Contract Tower,19,0,11,21,51,0,0,24,0,24,19,0,35,21,75,52,13,65,140
11/23/2021,GUM,GU,AWP,WE,Federal Contract Tower,18,0,9,1,28,0,5,23,1,29,18,5,32,2,57,24,0,24,81
11/25/2021,GUM,GU,AWP,WE,Federal Contract Tower,24,0,13,0,37,0,0,0,0,0,24,0,13,0,37,8,0,8,45
11/26/2021,GUM,GU,AWP,WE,Federal Contract Tower,29,0,11,0,40,0,0,29,0,29,29,0,40,0,69,38,0,38,107
11/27/2021,GUM,GU,AWP,WE,Federal Contract Tower,23,0,10,0,33,0,0,15,0,15,23,0,25,0,48,68,0,68,116
11/28/2021,GUM,GU,AWP,WE,Federal Contract Tower,21,0,6,0,27,0,0,0,0,0,21,0,6,0,27,50,0,50,77
11/29/2021,GUM,GU,AWP,WE,Federal Contract Tower,21,0,12,0,33,0,0,0,0,0,21,0,12,0,33,0,0,0,33
11/30/2021,GUM,GU,AWP,WE,Federal Contract Tower,14,0,17,0,31,0,0,8,0,8,14,0,25,0,39,65,0,65,104
12/01/2021,GUM,GU,AWP,WE,Federal Contract Tower,22,0,12,3,37,0,0,8,7,15,22,0,20,10,52,45,6,51,103
12/02/2021,GUM,GU,AWP,WE,Federal Contract Tower,20,0,9,0,29,0,0,33,4,37,20,0,42,4,66,139,0,139,205
12/03/2021,GUM,GU,AWP,WE,Federal Contract Tower,29,0,10,1,40,0,0,33,0,33,29,0,43,1,73,96,0,96,169
12/04/2021,GUM,GU,AWP,WE,Federal Contract Tower,22,0,11,1,34,0,0,15,0,15,22,0,26,1,49,82,0,82,131
12/05/2021,GUM,GU,AWP,WE,Federal Contract Tower,23,0,6,0,29,0,0,6,6,12,23,0,12,6,41,126,0,126,167
12/06/2021,GUM,GU,AWP,WE,Federal Contract Tower,27,0,16,0,43,0,0,13,4,17,27,0,29,4,60,66,0,66,126
12/07/2021,GUM,GU,AWP,WE,Federal Contract Tower,16,0,18,0,34,0,0,5,2,7,16,0,23,2,41,14,0,14,55
12/08/2021,GUM,GU,AWP,WE,Federal Contract Tower,20,0,21,0,41,0,0,11,11,22,20,0,32,11,63,75,0,75,138
12/09/2021,GUM,GU,AWP,WE,Federal Contract Tower,11,0,12,4,27,0,0,12,3,15,11,0,24,7,42,48,10,58,100
12/10/2021,GUM,GU,AWP,WE,Federal Contract Tower,17,0,15,0,32,0,0,20,0,20,17,0,35,0,52,80,0,80,132
12/11/2021,GUM,GU,AWP,WE,Federal Contract Tower,21,0,16,0,37,0,0,0,2,2,21,0,16,2,39,28,0,28,67
12/12/2021,GUM,GU,AWP,WE,Federal Contract Tower,16,0,2,0,18,0,0,6,0,6,16,0,8,0,24,41,0,41,65
12/13/2021,GUM,GU,AWP,WE,Federal Contract Tower,26,1,10,1,38,0,0,10,0,10,26,1,20,1,48,6,0,6,54
12/14/2021,GUM,GU,AWP,WE,Federal Contract Tower,16,0,15,0,31,0,0,8,0,8,16,0,23,0,39,12,0,12,51
12/15/2021,GUM,GU,AWP,WE,Federal Contract Tower,22,0,11,1,34,0,2,14,0,16,22,2,25,1,50,10,0,10,60
12/16/2021,GUM,GU,AWP,WE,Federal Contract Tower,16,0,9,0,25,0,2,13,0,15,16,2,22,0,40,16,0,16,56
12/17/2021,GUM,GU,AWP,WE,Federal Contract Tower,19,0,10,0,29,0,0,12,0,12,19,0,22,0,41,32,2,34,75
12/18/2021,GUM,GU,AWP,WE,Federal Contract Tower,19,0,6,0,25,0,0,14,0,14,19,0,20,0,39,34,0,34,73
12/19/2021,GUM,GU,AWP,WE,Federal Contract Tower,22,0,0,1,23,0,0,2,0,2,22,0,2,1,25,40,0,40,65
12/20/2021,GUM,GU,AWP,WE,Federal Contract Tower,21,0,10,5,36,0,1,14,0,15,21,1,24,5,51,28,6,34,85
12/21/2021,GUM,GU,AWP,WE,Federal Contract Tower,16,0,12,2,30,0,8,13,0,21,16,8,25,2,51,20,0,20,71
12/22/2021,GUM,GU,AWP,WE,Federal Contract Tower,21,0,7,4,32,0,6,19,0,25,21,6,26,4,57,30,0,30,87
12/23/2021,GUM,GU,AWP,WE,Federal Contract Tower,18,0,7,4,29,0,0,21,4,25,18,0,28,8,54,24,0,24,78
12/24/2021,GUM,GU,AWP,WE,Federal Contract Tower,23,0,9,0,32,0,0,8,0,8,23,0,17,0,40,15,0,15,55
12/25/2021,GUM,GU,AWP,WE,Federal Contract Tower,19,0,1,0,20,0,4,0,1,5,19,4,1,1,25,0,0,0,25
12/26/2021,GUM,GU,AWP,WE,Federal Contract Tower,16,0,1,0,17,0,0,0,0,0,16,0,1,0,17,44,0,44,61
12/27/2021,GUM,GU,AWP,WE,Federal Contract Tower,19,0,16,0,35,0,0,10,0,10,19,0,26,0,45,30,0,30,75
12/28/2021,GUM,GU,AWP,WE,Federal Contract Tower,14,0,8,1,23,0,4,13,0,17,14,4,21,1,40,20,0,20,60
12/29/2021,GUM,GU,AWP,WE,Federal Contract Tower,21,0,5,0,26,0,0,10,0,10,21,0,15,0,36,34,0,34,70
12/30/2021,GUM,GU,AWP,WE,Federal Contract Tower,15,0,5,0,20,0,0,36,0,36,15,0,41,0,56,77,0,77,133
12/31/2021,GUM,GU,AWP,WE,Federal Contract Tower,16,0,3,0,19,0,0,11,0,11,16,0,14,0,30,44,0,44,74
01/01/2022,GUM,GU,AWP,WE,Federal Contract Tower,14,0,3,0,17,0,0,9,2,11,14,0,12,2,28,38,0,38,66
01/02/2022,GUM,GU,AWP,WE,Federal Contract Tower,15,0,0,0,15,0,0,0,0,0,15,0,0,0,15,24,0,24,39
01/03/2022,GUM,GU,AWP,WE,Federal Contract Tower,21,0,18,0,39,0,2,2,0,4,21,2,20,0,43,24,0,24,67
01/04/2022,GUM,GU,AWP,WE,Federal Contract Tower,13,0,7,5,25,0,2,4,0,6,13,2,11,5,31,8,0,8,39
01/05/2022,GUM,GU,AWP,WE,Federal Contract Tower,19,2,8,0,29,0,2,2,0,4,19,4,10,0,33,2,0,2,35
01/06/2022,GUM,GU,AWP,WE,Federal Contract Tower,14,0,6,0,20,0,0,18,0,18,14,0,24,0,38,28,0,28,66
01/07/2022,GUM,GU,AWP,WE,Federal Contract Tower,22,0,6,0,28,0,0,0,0,0,22,0,6,0,28,0,0,0,28
01/08/2022,GUM,GU,AWP,WE,Federal Contract Tower,22,0,4,0,26,0,0,15,0,15,22,0,19,0,41,26,0,26,67
01/09/2022,GUM,GU,AWP,WE,Federal Contract Tower,21,0,0,0,21,0,0,6,0,6,21,0,6,0,27,4,0,4,31
01/10/2022,GUM,GU,AWP,WE,Federal Contract Tower,16,0,12,0,28,0,2,15,0,17,16,2,27,0,45,48,0,48,93
01/11/2022,GUM,GU,AWP,WE,Federal Contract Tower,22,0,4,0,26,0,0,14,0,14,22,0,18,0,40,26,10,36,76
01/12/2022,GUM,GU,AWP,WE,Federal Contract Tower,23,0,4,0,27,0,2,15,0,17,23,2,19,0,44,24,0,24,68
01/13/2022,GUM,GU,AWP,WE,Federal Contract Tower,21,0,6,0,27,0,0,15,2,17,21,0,21,2,44,16,0,16,60
01/14/2022,GUM,GU,AWP,WE,Federal Contract Tower,15,1,7,0,23,0,0,15,0,15,15,1,22,0,38,90,0,90,128
01/15/2022,GUM,GU,AWP,WE,Federal Contract Tower,19,0,10,0,29,0,0,8,2,10,19,0,18,2,39,92,0,92,131
01/16/2022,GUM,GU,AWP,WE,Federal Contract Tower,45,0,3,0,48,0,0,0,0,0,45,0,3,0,48,0,0,0,48
01/17/2022,GUM,GU,AWP,WE,Federal Contract Tower,21,0,19,0,40,0,1,1,0,2,21,1,20,0,42,68,0,68,110
01/18/2022,GUM,GU,AWP,WE,Federal Contract Tower,20,0,11,6,37,0,4,2,0,6,20,4,13,6,43,98,4,102,145
01/19/2022,GUM,GU,AWP,WE,Federal Contract Tower,50,1,12,0,63,0,2,4,0,6,50,3,16,0,69,14,0,14,83
01/20/2022,GUM,GU,AWP,WE,Federal Contract Tower,20,0,7,0,27,0,0,6,0,6,20,0,13,0,33,42,0,42,75
01/21/2022,GUM,GU,AWP,WE,Federal Contract Tower,18,1,10,12,41,0,0,4,0,4,18,1,14,12,45,0,0,0,45
01/22/2022,GUM,GU,AWP,WE,Federal Contract Tower,21,0,11,1,33,0,0,0,0,0,21,0,11,1,33,0,0,0,33
01/23/2022,GUM,GU,AWP,WE,Federal Contract Tower,15,0,0,4,19,0,0,0,0,0,15,0,0,4,19,16,0,16,35
01/24/2022,GUM,GU,AWP,WE,Federal Contract Tower,19,0,8,3,30,0,0,17,2,19,19,0,25,5,49,82,0,82,131
01/25/2022,GUM,GU,AWP,WE,Federal Contract Tower,15,0,5,3,23,0,2,21,0,23,15,2,26,3,46,31,27,58,104
01/26/2022,GUM,GU,AWP,WE,Federal Contract Tower,17,0,4,1,22,0,4,22,2,28,17,4,26,3,50,28,34,62,112
01/27/2022,GUM,GU,AWP,WE,Federal Contract Tower,20,0,11,3,34,0,2,22,0,24,20,2,33,3,58,62,0,62,120
01/28/2022,GUM,GU,AWP,WE,Federal Contract Tower,14,0,7,2,23,0,0,13,0,13,14,0,20,2,36,36,0,36,72
01/29/2022,GUM,GU,AWP,WE,Federal Contract Tower,19,0,3,0,22,0,0,20,0,20,19,0,23,0,42,24,0,24,66
01/30/2022,GUM,GU,AWP,WE,Federal Contract Tower,22,0,0,1,23,0,0,14,0,14,22,0,14,1,37,62,0,62,99
01/31/2022,GUM,GU,AWP,WE,Federal Contract Tower,24,0,4,2,30,0,0,19,6,25,24,0,23,8,55,12,12,24,79
02/01/2022,GUM,GU,AWP,WE,Federal Contract Tower,16,0,1,2,19,0,2,14,0,16,16,2,15,2,35,18,6,24,59
02/02/2022,GUM,GU,AWP,WE,Federal Contract Tower,18,2,2,0,22,0,2,10,0,12,18,4,12,0,34,0,0,0,34
02/03/2022,GUM,GU,AWP,WE,Federal Contract Tower,17,0,2,0,19,0,0,5,0,5,17,0,7,0,24,9,0,9,33
02/04/2022,GUM,GU,AWP,WE,Federal Contract Tower,16,0,4,0,20,0,0,21,0,21,16,0,25,0,41,32,0,32,73
02/05/2022,GUM,GU,AWP,WE,Federal Contract Tower,17,0,2,1,20,0,0,0,0,0,17,0,2,1,20,26,0,26,46
02/06/2022,GUM,GU,AWP,WE,Federal Contract Tower,21,0,2,0,23,0,0,14,0,14,21,0,16,0,37,40,0,40,77
02/07/2022,GUM,GU,AWP,WE,Federal Contract Tower,21,0,3,2,26,0,0,13,0,13,21,0,16,2,39,28,0,28,67
02/08/2022,GUM,GU,AWP,WE,Federal Contract Tower,12,0,3,7,22,0,6,8,0,14,12,6,11,7,36,21,0,21,57
02/09/2022,GUM,GU,AWP,WE,Federal Contract Tower,15,0,5,4,24,0,4,12,2,18,15,4,17,6,42,30,0,30,72
02/10/2022,GUM,GU,AWP,WE,Federal Contract Tower,17,0,3,14,34,0,0,8,17,25,17,0,11,31,59,36,0,36,95
02/11/2022,GUM,GU,AWP,WE,Federal Contract Tower,23,0,3,2,28,0,0,16,0,16,23,0,19,2,44,34,0,34,78
02/12/2022,GUM,GU,AWP,WE,Federal Contract Tower,19,0,2,1,22,0,0,29,0,29,19,0,31,1,51,42,0,42,93
02/13/2022,GUM,GU,AWP,WE,Federal Contract Tower,16,0,1,1,18,0,0,12,1,13,16,0,13,2,31,16,0,16,47
02/14/2022,GUM,GU,AWP,WE,Federal Contract Tower,19,1,2,0,22,0,0,11,0,11,19,1,13,0,33,18,0,18,51
02/15/2022,GUM,GU,AWP,WE,Federal Contract Tower,14,0,5,6,25,0,6,10,6,22,14,6,15,12,47,36,10,46,93
02/16/2022,GUM,GU,AWP,WE,Federal Contract Tower,19,0,7,4,30,0,2,19,4,25,19,2,26,8,55,61,0,61,116
02/17/2022,GUM,GU,AWP,WE,Federal Contract Tower,28,0,3,3,34,0,4,16,7,27,28,4,19,10,61,96,0,96,157
02/18/2022,GUM,GU,AWP,WE,Federal Contract Tower,30,0,8,0,38,0,0,20,0,20,30,0,28,0,58,46,0,46,104
02/19/2022,GUM,GU,AWP,WE,Federal Contract Tower,16,0,5,0,21,0,0,40,0,40,16,0,45,0,61,120,0,120,181
02/20/2022,GUM,GU,AWP,WE,Federal Contract Tower,17,0,0,0,17,0,0,0,0,0,17,0,0,0,17,154,0,154,171
02/21/2022,GUM,GU,AWP,WE,Federal Contract Tower,23,0,24,0,47,0,0,27,0,27,23,0,51,0,74,120,0,120,194
02/22/2022,GUM,GU,AWP,WE,Federal Contract Tower,22,0,6,1,29,0,4,13,1,18,22,4,19,2,47,91,0,91,138
02/23/2022,GUM,GU,AWP,WE,Federal Contract Tower,22,2,15,0,39,0,8,10,0,18,22,10,25,0,57,70,0,70,127
02/24/2022,GUM,GU,AWP,WE,Federal Contract Tower,16,0,5,4,25,0,0,23,6,29,16,0,28,10,54,26,0,26,80
02/25/2022,GUM,GU,AWP,WE,Federal Contract Tower,22,0,4,0,26,0,10,9,0,19,22,10,13,0,45,22,0,22,67
02/26/2022,GUM,GU,AWP,WE,Federal Contract Tower,25,0,2,0,27,0,0,7,0,7,25,0,9,0,34,4,0,4,38
02/27/2022,GUM,GU,AWP,WE,Federal Contract Tower,26,0,7,0,33,0,0,4,0,4,26,0,11,0,37,14,0,14,51
02/28/2022,GUM,GU,AWP,WE,Federal Contract Tower,22,0,5,0,27,0,2,12,0,14,22,2,17,0,41,56,0,56,97
03/01/2022,GUM,GU,AWP,WE,Federal Contract Tower,23,0,14,0,37,0,4,6,8,18,23,4,20,8,55,30,0,30,85
03/02/2022,GUM,GU,AWP,WE,Federal Contract Tower,20,0,6,1,27,0,0,11,5,16,20,0,17,6,43,91,0,91,134
03/03/2022,GUM,GU,AWP,WE,Federal Contract Tower,26,0,4,1,31,0,0,12,3,15,26,0,16,4,46,72,0,72,118
03/04/2022,GUM,GU,AWP,WE,Federal Contract Tower,19,0,9,0,28,2,2,5,2,11,21,2,14,2,39,120,0,120,159
03/05/2022,GUM,GU,AWP,WE,Federal Contract Tower,21,0,7,0,28,0,0,23,0,23,21,0,30,0,51,79,0,79,130
03/06/2022,GUM,GU,AWP,WE,Federal Contract Tower,18,0,0,2,20,0,0,24,8,32,18,0,24,10,52,30,0,30,82
03/07/2022,GUM,GU,AWP,WE,Federal Contract Tower,19,0,2,0,21,0,0,23,0,23,19,0,25,0,44,40,0,40,84
03/08/2022,GUM,GU,AWP,WE,Federal Contract Tower,11,0,6,1,18,0,4,10,3,17,11,4,16,4,35,54,0,54,89
03/09/2022,GUM,GU,AWP,WE,Federal Contract Tower,19,0,12,11,42,0,2,3,10,15,19,2,15,21,57,10,0,10,67
03/10/2022,GUM,GU,AWP,WE,Federal Contract Tower,16,0,9,0,25,0,2,27,3,32,16,2,36,3,57,116,0,116,173
03/11/2022,GUM,GU,AWP,WE,Federal Contract Tower,17,0,14,2,33,0,0,5,4,9,17,0,19,6,42,6,0,6,48
03/12/2022,GUM,GU,AWP,WE,Federal Contract Tower,23,0,6,4,33,0,0,20,0,20,23,0,26,4,53,14,0,14,67
03/13/2022,GUM,GU,AWP,WE,Federal Contract Tower,17,0,2,0,19,0,0,9,0,9,17,0,11,0,28,14,0,14,42
03/14/2022,GUM,GU,AWP,WE,Federal Contract Tower,22,0,10,3,35,0,8,15,0,23,22,8,25,3,58,24,0,24,82
03/15/2022,GUM,GU,AWP,WE,Federal Contract Tower,12,0,4,0,16,0,8,14,4,26,12,8,18,4,42,22,2,24,66
03/16/2022,GUM,GU,AWP,WE,Federal Contract Tower,17,0,3,6,26,0,0,6,6,12,17,0,9,12,38,12,0,12,50
03/17/2022,GUM,GU,AWP,WE,Federal Contract Tower,16,0,4,5,25,0,4,9,2,15,16,4,13,7,40,74,0,74,114
03/18/2022,GUM,GU,AWP,WE,Federal Contract Tower,20,0,7,0,27,0,0,17,0,17,20,0,24,0,44,6,0,6,50
03/19/2022,GUM,GU,AWP,WE,Federal Contract Tower,15,0,3,1,19,0,0,14,0,14,15,0,17,1,33,24,0,24,57
03/20/2022,GUM,GU,AWP,WE,Federal Contract Tower,18,2,2,0,22,0,0,18,0,18,18,2,20,0,40,24,0,24,64
03/21/2022,GUM,GU,AWP,WE,Federal Contract Tower,19,0,3,1,23,0,0,19,2,21,19,0,22,3,44,32,0,32,76
03/22/2022,GUM,GU,AWP,WE,Federal Contract Tower,15,2,1,10,28,0,0,10,6,16,15,2,11,16,44,14,0,14,58
03/23/2022,GUM,GU,AWP,WE,Federal Contract Tower,17,0,6,1,24,0,0,13,9,22,17,0,19,10,46,18,0,18,64
03/24/2022,GUM,GU,AWP,WE,Federal Contract Tower,16,0,3,4,23,0,2,12,2,16,16,2,15,6,39,1,0,1,40
03/25/2022,GUM,GU,AWP,WE,Federal Contract Tower,16,1,6,0,23,0,0,7,0,7,16,1,13,0,30,16,0,16,46
03/26/2022,GUM,GU,AWP,WE,Federal Contract Tower,17,0,4,0,21,0,0,18,19,37,17,0,22,19,58,10,0,10,68
03/27/2022,GUM,GU,AWP,WE,Federal Contract Tower,17,2,2,0,21,0,0,15,4,19,17,2,17,4,40,42,0,42,82
03/28/2022,GUM,GU,AWP,WE,Federal Contract Tower,21,0,6,0,27,0,0,16,0,16,21,0,22,0,43,34,0,34,77
03/29/2022,GUM,GU,AWP,WE,Federal Contract Tower,19,0,3,1,23,0,2,9,7,18,19,2,12,8,41,0,14,14,55
03/30/2022,GUM,GU,AWP,WE,Federal Contract Tower,18,0,5,1,24,0,0,10,0,10,18,0,15,1,34,42,0,42,76
03/31/2022,GUM,GU,AWP,WE,Federal Contract Tower,16,0,0,2,18,0,2,12,0,14,16,2,12,2,32,16,0,16,48
04/01/2022,GUM,GU,AWP,WE,Federal Contract Tower,18,0,3,0,21,0,0,7,0,7,18,0,10,0,28,0,0,0,28
04/02/2022,GUM,GU,AWP,WE,Federal Contract Tower,25,0,0,0,25,0,0,7,0,7,25,0,7,0,32,0,0,0,32
04/03/2022,GUM,GU,AWP,WE,Federal Contract Tower,19,0,0,0,19,0,0,27,0,27,19,0,27,0,46,111,0,111,157
04/04/2022,GUM,GU,AWP,WE,Federal Contract Tower,26,0,7,0,33,0,0,16,0,16,26,0,23,0,49,120,0,120,169
04/05/2022,GUM,GU,AWP,WE,Federal Contract Tower,17,0,2,1,20,0,0,19,0,19,17,0,21,1,39,127,0,127,166
04/06/2022,GUM,GU,AWP,WE,Federal Contract Tower,18,0,3,0,21,2,4,12,0,18,20,4,15,0,39,106,0,106,145
04/07/2022,GUM,GU,AWP,WE,Federal Contract Tower,22,2,2,3,29,0,1,17,6,24,22,3,19,9,53,46,0,46,99
04/08/2022,GUM,GU,AWP,WE,Federal Contract Tower,24,0,4,0,28,0,0,30,0,30,24,0,34,0,58,106,0,106,164
04/09/2022,GUM,GU,AWP,WE,Federal Contract Tower,32,0,6,0,38,0,0,0,0,0,32,0,6,0,38,12,0,12,50
04/10/2022,GUM,GU,AWP,WE,Federal Contract Tower,20,0,2,2,24,0,0,0,0,0,20,0,2,2,24,0,0,0,24
04/11/2022,GUM,GU,AWP,WE,Federal Contract Tower,29,0,15,0,44,0,0,2,0,2,29,0,17,0,46,0,0,0,46
04/12/2022,GUM,GU,AWP,WE,Federal Contract Tower,18,0,13,1,32,0,0,0,0,0,18,0,13,1,32,32,0,32,64
04/13/2022,GUM,GU,AWP,WE,Federal Contract Tower,20,0,9,2,31,0,9,13,1,23,20,9,22,3,54,66,0,66,120
04/14/2022,GUM,GU,AWP,WE,Federal Contract Tower,16,0,2,0,18,0,0,25,6,31,16,0,27,6,49,15,0,15,64
04/15/2022,GUM,GU,AWP,WE,Federal Contract Tower,21,0,6,1,28,0,0,24,0,24,21,0,30,1,52,16,0,16,68
04/16/2022,GUM,GU,AWP,WE,Federal Contract Tower,19,0,5,5,29,0,0,18,0,18,19,0,23,5,47,60,0,60,107
04/17/2022,GUM,GU,AWP,WE,Federal Contract Tower,24,0,4,0,28,0,0,18,0,18,24,0,22,0,46,34,0,34,80
04/18/2022,GUM,GU,AWP,WE,Federal Contract Tower,26,1,8,2,37,0,0,18,2,20,26,1,26,4,57,42,0,42,99
04/19/2022,GUM,GU,AWP,WE,Federal Contract Tower,14,0,8,8,30,0,0,14,0,14,14,0,22,8,44,12,2,14,58
04/20/2022,GUM,GU,AWP,WE,Federal Contract Tower,18,0,7,1,26,0,2,17,0,19,18,2,24,1,45,6,0,6,51
04/21/2022,GUM,GU,AWP,WE,Federal Contract Tower,17,0,3,1,21,0,0,23,0,23,17,0,26,1,44,0,12,12,56
04/22/2022,GUM,GU,AWP,WE,Federal Contract Tower,20,0,7,0,27,0,0,0,0,0,20,0,7,0,27,4,0,4,31
04/23/2022,GUM,GU,AWP,WE,Federal Contract Tower,19,0,0,1,20,0,0,12,0,12,19,0,12,1,32,0,0,0,32
04/24/2022,GUM,GU,AWP,WE,Federal Contract Tower,22,0,1,3,26,0,0,4,0,4,22,0,5,3,30,2,0,2,32
04/25/2022,GUM,GU,AWP,WE,Federal Contract Tower,18,6,10,4,38,0,3,1,0,4,18,9,11,4,42,10,0,10,52
04/26/2022,GUM,GU,AWP,WE,Federal Contract Tower,18,0,6,2,26,0,5,16,16,37,18,5,22,18,63,20,24,44,107
04/27/2022,GUM,GU,AWP,WE,Federal Contract Tower,23,0,2,8,33,0,0,19,4,23,23,0,21,12,56,38,0,38,94
04/28/2022,GUM,GU,AWP,WE,Federal Contract Tower,19,0,3,0,22,0,1,17,0,18,19,1,20,0,40,4,0,4,44
04/29/2022,GUM,GU,AWP,WE,Federal Contract Tower,17,0,0,1,18,0,1,18,0,19,17,1,18,1,37,4,0,4,41
04/30/2022,GUM,GU,AWP,WE,Federal Contract Tower,19,0,0,0,19,0,0,20,0,20,19,0,20,0,39,26,0,26,65
05/01/2022,GUM,GU,AWP,WE,Federal Contract Tower,23,0,0,0,23,0,0,12,0,12,23,0,12,0,35,10,0,10,45
05/02/2022,GUM,GU,AWP,WE,Federal Contract Tower,21,0,1,0,22,0,2,14,0,16,21,2,15,0,38,22,0,22,60
05/03/2022,GUM,GU,AWP,WE,Federal Contract Tower,22,1,2,0,25,0,0,13,6,19,22,1,15,6,44,12,0,12,56
05/04/2022,GUM,GU,AWP,WE,Federal Contract Tower,21,1,0,0,22,0,2,15,0,17,21,3,15,0,39,0,0,0,39
05/05/2022,GUM,GU,AWP,WE,Federal Contract Tower,18,0,1,1,20,0,0,20,1,21,18,0,21,2,41,8,4,12,53
05/06/2022,GUM,GU,AWP,WE,Federal Contract Tower,16,0,5,1,22,0,0,21,0,21,16,0,26,1,43,22,0,22,65
05/07/2022,GUM,GU,AWP,WE,Federal Contract Tower,26,0,6,2,34,0,0,18,4,22,26,0,24,6,56,20,0,20,76
05/08/2022,GUM,GU,AWP,WE,Federal Contract Tower,27,0,2,2,31,0,0,4,0,4,27,0,6,2,35,4,0,4,39
05/09/2022,GUM,GU,AWP,WE,Federal Contract Tower,19,0,6,2,27,0,0,11,0,11,19,0,17,2,38,0,0,0,38
05/10/2022,GUM,GU,AWP,WE,Federal Contract Tower,19,0,3,0,22,0,0,12,2,14,19,0,15,2,36,0,0,0,36
05/11/2022,GUM,GU,AWP,WE,Federal Contract Tower,29,0,1,0,30,0,2,9,0,11,29,2,10,0,41,2,0,2,43
05/12/2022,GUM,GU,AWP,WE,Federal Contract Tower,21,0,2,1,24,0,0,14,0,14,21,0,16,1,38,0,0,0,38
05/13/2022,GUM,GU,AWP,WE,Federal Contract Tower,18,0,4,0,22,0,0,17,0,17,18,0,21,0,39,0,0,0,39
05/14/2022,GUM,GU,AWP,WE,Federal Contract Tower,31,0,4,1,36,0,0,12,0,12,31,0,16,1,48,0,0,0,48
05/15/2022,GUM,GU,AWP,WE,Federal Contract Tower,28,0,0,1,29,0,0,8,0,8,28,0,8,1,37,0,0,0,37
05/16/2022,GUM,GU,AWP,WE,Federal Contract Tower,17,0,8,0,25,0,1,10,0,11,17,1,18,0,36,12,0,12,48
05/17/2022,GUM,GU,AWP,WE,Federal Contract Tower,18,0,1,0,19,0,0,15,0,15,18,0,16,0,34,0,0,0,34
05/18/2022,GUM,GU,AWP,WE,Federal Contract Tower,27,0,1,0,28,0,0,9,0,9,27,0,10,0,37,0,0,0,37
05/19/2022,GUM,GU,AWP,WE,Federal Contract Tower,17,0,3,0,20,0,0,6,8,14,17,0,9,8,34,0,0,0,34
05/20/2022,GUM,GU,AWP,WE,Federal Contract Tower,17,1,1,0,19,0,1,20,0,21,17,2,21,0,40,0,0,0,40
05/21/2022,GUM,GU,AWP,WE,Federal Contract Tower,33,0,1,0,34,0,0,13,0,13,33,0,14,0,47,32,0,32,79
05/22/2022,GUM,GU,AWP,WE,Federal Contract Tower,30,0,0,1,31,0,0,20,0,20,30,0,20,1,51,36,0,36,87
05/23/2022,GUM,GU,AWP,WE,Federal Contract Tower,16,0,2,1,19,0,2,24,0,26,16,2,26,1,45,98,0,98,143
05/24/2022,GUM,GU,AWP,WE,Federal Contract Tower,18,0,0,0,18,0,2,19,2,23,18,2,19,2,41,16,0,16,57
05/25/2022,GUM,GU,AWP,WE,Federal Contract Tower,25,0,0,2,27,0,0,16,0,16,25,0,16,2,43,6,0,6,49
05/26/2022,GUM,GU,AWP,WE,Federal Contract Tower,17,0,1,0,18,0,0,27,2,29,17,0,28,2,47,18,14,32,79
05/27/2022,GUM,GU,AWP,WE,Federal Contract Tower,18,0,1,0,19,0,0,21,0,21,18,0,22,0,40,26,0,26,66
05/28/2022,GUM,GU,AWP,WE,Federal Contract Tower,29,0,0,1,30,0,0,22,0,22,29,0,22,1,52,22,0,22,74
05/29/2022,GUM,GU,AWP,WE,Federal Contract Tower,25,0,0,0,25,0,0,16,0,16,25,0,16,0,41,12,0,12,53
05/30/2022,GUM,GU,AWP,WE,Federal Contract Tower,19,0,2,0,21,0,2,25,0,27,19,2,27,0,48,46,0,46,94
05/31/2022,GUM,GU,AWP,WE,Federal Contract Tower,24,0,4,1,29,0,2,5,4,11,24,2,9,5,40,27,0,27,67
06/01/2022,GUM,GU,AWP,WE,Federal Contract Tower,27,0,2,2,31,0,0,26,3,29,27,0,28,5,60,18,0,18,78
06/02/2022,GUM,GU,AWP,WE,Federal Contract Tower,23,0,1,0,24,0,1,32,17,50,23,1,33,17,74,20,0,20,94
06/03/2022,GUM,GU,AWP,WE,Federal Contract Tower,22,0,10,1,33,0,0,33,2,35,22,0,43,3,68,18,0,18,86
06/04/2022,GUM,GU,AWP,WE,Federal Contract Tower,40,0,2,0,42,0,0,26,0,26,40,0,28,0,68,20,0,20,88
06/05/2022,GUM,GU,AWP,WE,Federal Contract Tower,26,0,0,0,26,0,0,10,0,10,26,0,10,0,36,52,0,52,88
06/06/2022,GUM,GU,AWP,WE,Federal Contract Tower,26,0,5,0,31,0,0,29,0,29,26,0,34,0,60,14,0,14,74
06/07/2022,GUM,GU,AWP,WE,Federal Contract Tower,23,0,8,1,32,0,2,13,3,18,23,2,21,4,50,52,2,54,104
06/08/2022,GUM,GU,AWP,WE,Federal Contract Tower,35,0,18,0,53,0,1,21,14,36,35,1,39,14,89,94,0,94,183
06/09/2022,GUM,GU,AWP,WE,Federal Contract Tower,23,0,3,2,28,2,0,22,0,24,25,0,25,2,52,64,0,64,116
06/10/2022,GUM,GU,AWP,WE,Federal Contract Tower,27,0,5,0,32,0,0,20,4,24,27,0,25,4,56,131,0,131,187
06/11/2022,GUM,GU,AWP,WE,Federal Contract Tower,36,1,3,0,40,0,0,11,0,11,36,1,14,0,51,58,0,58,109
06/12/2022,GUM,GU,AWP,WE,Federal Contract Tower,24,0,0,0,24,0,0,12,0,12,24,0,12,0,36,96,0,96,132
06/13/2022,GUM,GU,AWP,WE,Federal Contract Tower,31,0,1,0,32,0,5,23,1,29,31,5,24,1,61,76,2,78,139
06/14/2022,GUM,GU,AWP,WE,Federal Contract Tower,23,0,6,0,29,0,6,7,6,19,23,6,13,6,48,4,0,4,52
06/15/2022,GUM,GU,AWP,WE,Federal Contract Tower,26,0,5,0,31,0,2,18,0,20,26,2,23,0,51,50,4,54,105
06/16/2022,GUM,GU,AWP,WE,Federal Contract Tower,27,0,15,0,42,0,2,22,6,30,27,2,37,6,72,18,8,26,98
06/17/2022,GUM,GU,AWP,WE,Federal Contract Tower,24,0,2,2,28,0,0,44,0,44,24,0,46,2,72,16,0,16,88
06/19/2022,GUM,GU,AWP,WE,Federal Contract Tower,28,0,1,0,29,0,0,12,0,12,28,0,13,0,41,10,0,10,51
06/20/2022,GUM,GU,AWP,WE,Federal Contract Tower,27,0,5,0,32,0,2,21,0,23,27,2,26,0,55,60,0,60,115
06/21/2022,GUM,GU,AWP,WE,Federal Contract Tower,20,0,8,0,28,0,6,11,4,21,20,6,19,4,49,28,0,28,77
06/22/2022,GUM,GU,AWP,WE,Federal Contract Tower,28,0,2,2,32,0,1,24,2,27,28,1,26,4,59,53,0,53,112
06/23/2022,GUM,GU,AWP,WE,Federal Contract Tower,36,0,6,1,43,0,0,29,4,33,36,0,35,5,76,65,22,87,163
06/24/2022,GUM,GU,AWP,WE,Federal Contract Tower,29,0,0,0,29,0,0,21,0,21,29,0,21,0,50,56,0,56,106
06/25/2022,GUM,GU,AWP,WE,Federal Contract Tower,41,0,1,0,42,0,2,27,0,29,41,2,28,0,71,114,0,114,185
06/26/2022,GUM,GU,AWP,WE,Federal Contract Tower,28,0,0,0,28,0,2,20,0,22,28,2,20,0,50,86,0,86,136
06/27/2022,GUM,GU,AWP,WE,Federal Contract Tower,32,0,7,1,40,0,2,16,2,20,32,2,23,3,60,86,2,88,148
06/28/2022,GUM,GU,AWP,WE,Federal Contract Tower,26,0,6,1,33,0,4,12,0,16,26,4,18,1,49,140,10,150,199
06/29/2022,GUM,GU,AWP,WE,Federal Contract Tower,31,0,6,0,37,0,5,31,0,36,31,5,37,0,73,86,10,96,169
06/30/2022,GUM,GU,AWP,WE,Federal Contract Tower,28,0,13,0,41,0,2,16,10,28,28,2,29,10,69,63,0,63,132
07/01/2022,GUM,GU,AWP,WE,Federal Contract Tower,29,0,6,0,35,0,2,22,0,24,29,2,28,0,59,28,0,28,87
07/02/2022,GUM,GU,AWP,WE,Federal Contract Tower,35,0,5,0,40,0,0,22,0,22,35,0,27,0,62,18,0,18,80
07/03/2022,GUM,GU,AWP,WE,Federal Contract Tower,31,0,0,0,31,0,0,6,0,6,31,0,6,0,37,16,0,16,53
07/04/2022,GUM,GU,AWP,WE,Federal Contract Tower,27,0,6,0,33,0,6,6,0,12,27,6,12,0,45,54,0,54,99
07/05/2022,GUM,GU,AWP,WE,Federal Contract Tower,29,0,3,0,32,0,4,23,0,27,29,4,26,0,59,40,0,40,99
07/06/2022,GUM,GU,AWP,WE,Federal Contract Tower,35,0,2,2,39,0,5,18,2,25,35,5,20,4,64,40,2,42,106
07/07/2022,GUM,GU,AWP,WE,Federal Contract Tower,29,1,3,3,36,0,0,10,5,15,29,1,13,8,51,8,0,8,59
07/08/2022,GUM,GU,AWP,WE,Federal Contract Tower,32,0,0,0,32,0,0,31,0,31,32,0,31,0,63,24,0,24,87
07/09/2022,GUM,GU,AWP,WE,Federal Contract Tower,39,0,5,0,44,0,0,12,0,12,39,0,17,0,56,10,0,10,66
07/10/2022,GUM,GU,AWP,WE,Federal Contract Tower,34,0,0,0,34,0,0,27,0,27,34,0,27,0,61,24,0,24,85
07/11/2022,GUM,GU,AWP,WE,Federal Contract Tower,27,0,5,0,32,0,6,25,6,37,27,6,30,6,69,16,20,36,105
07/12/2022,GUM,GU,AWP,WE,Federal Contract Tower,27,0,1,0,28,0,0,15,2,17,27,0,16,2,45,28,0,28,73
07/13/2022,GUM,GU,AWP,WE,Federal Contract Tower,29,0,5,0,34,0,5,20,0,25,29,5,25,0,59,14,0,14,73
07/14/2022,GUM,GU,AWP,WE,Federal Contract Tower,26,0,4,0,30,0,0,37,2,39,26,0,41,2,69,18,0,18,87
07/15/2022,GUM,GU,AWP,WE,Federal Contract Tower,31,0,1,0,32,0,0,32,0,32,31,0,33,0,64,38,0,38,102
07/16/2022,GUM,GU,AWP,WE,Federal Contract Tower,42,0,4,0,46,0,0,30,0,30,42,0,34,0,76,46,0,46,122
07/17/2022,GUM,GU,AWP,WE,Federal Contract Tower,32,0,2,0,34,0,4,30,0,34,32,4,32,0,68,24,0,24,92
07/18/2022,GUM,GU,AWP,WE,Federal Contract Tower,27,0,4,1,32,0,6,14,0,20,27,6,18,1,52,24,0,24,76
07/19/2022,GUM,GU,AWP,WE,Federal Contract Tower,26,0,4,0,30,0,5,10,0,15,26,5,14,0,45,38,0,38,83
07/20/2022,GUM,GU,AWP,WE,Federal Contract Tower,33,1,4,0,38,0,0,22,0,22,33,1,26,0,60,34,0,34,94
07/21/2022,GUM,GU,AWP,WE,Federal Contract Tower,29,3,3,0,35,0,0,9,3,12,29,3,12,3,47,12,0,12,59
07/22/2022,GUM,GU,AWP,WE,Federal Contract Tower,40,0,4,0,44,0,0,26,0,26,40,0,30,0,70,50,0,50,120
07/23/2022,GUM,GU,AWP,WE,Federal Contract Tower,36,0,4,0,40,0,0,41,0,41,36,0,45,0,81,26,0,26,107
07/24/2022,GUM,GU,AWP,WE,Federal Contract Tower,42,0,5,0,47,0,2,22,0,24,42,2,27,0,71,16,0,16,87
07/25/2022,GUM,GU,AWP,WE,Federal Contract Tower,38,0,9,0,47,0,6,14,0,20,38,6,23,0,67,18,0,18,85
07/26/2022,GUM,GU,AWP,WE,Federal Contract Tower,34,0,9,2,45,0,0,7,0,7,34,0,16,2,52,48,0,48,100
07/27/2022,GUM,GU,AWP,WE,Federal Contract Tower,34,5,9,0,48,0,5,20,0,25,34,10,29,0,73,28,0,28,101
07/28/2022,GUM,GU,AWP,WE,Federal Contract Tower,30,0,2,0,32,0,2,29,0,31,30,2,31,0,63,36,2,38,101
07/29/2022,GUM,GU,AWP,WE,Federal Contract Tower,39,0,6,0,45,0,0,17,0,17,39,0,23,0,62,46,0,46,108
07/30/2022,GUM,GU,AWP,WE,Federal Contract Tower,37,0,1,0,38,0,0,30,0,30,37,0,31,0,68,30,0,30,98
07/31/2022,GUM,GU,AWP,WE,Federal Contract Tower,36,0,4,0,40,0,0,15,0,15,36,0,19,0,55,2,0,2,57
08/01/2022,GUM,GU,AWP,WE,Federal Contract Tower,36,0,4,0,40,0,4,22,2,28,36,4,26,2,68,40,0,40,108
08/02/2022,GUM,GU,AWP,WE,Federal Contract Tower,32,0,1,0,33,0,2,17,0,19,32,2,18,0,52,64,0,64,116
08/03/2022,GUM,GU,AWP,WE,Federal Contract Tower,37,0,1,0,38,0,0,29,0,29,37,0,30,0,67,0,0,0,67
08/04/2022,GUM,GU,AWP,WE,Federal Contract Tower,41,0,0,0,41,0,0,33,0,33,41,0,33,0,74,46,0,46,120
08/05/2022,GUM,GU,AWP,WE,Federal Contract Tower,40,0,1,0,41,0,0,28,0,28,40,0,29,0,69,38,0,38,107
08/06/2022,GUM,GU,AWP,WE,Federal Contract Tower,47,1,3,2,53,0,0,12,4,16,47,1,15,6,69,12,0,12,81
08/07/2022,GUM,GU,AWP,WE,Federal Contract Tower,45,0,2,0,47,0,0,18,2,20,45,0,20,2,67,12,0,12,79
08/08/2022,GUM,GU,AWP,WE,Federal Contract Tower,38,0,1,0,39,0,2,18,0,20,38,2,19,0,59,38,0,38,97
08/09/2022,GUM,GU,AWP,WE,Federal Contract Tower,35,0,4,0,39,0,5,8,0,13,35,5,12,0,52,52,0,52,104
08/10/2022,GUM,GU,AWP,WE,Federal Contract Tower,32,1,6,0,39,0,5,21,0,26,32,6,27,0,65,22,0,22,87
08/11/2022,GUM,GU,AWP,WE,Federal Contract Tower,34,0,1,3,38,0,0,33,0,33,34,0,34,3,71,30,0,30,101
08/12/2022,GUM,GU,AWP,WE,Federal Contract Tower,41,0,0,0,41,0,0,34,2,36,41,0,34,2,77,64,0,64,141
08/13/2022,GUM,GU,AWP,WE,Federal Contract Tower,43,0,5,1,49,0,0,33,0,33,43,0,38,1,82,12,0,12,94
08/14/2022,GUM,GU,AWP,WE,Federal Contract Tower,39,0,2,0,41,0,0,17,0,17,39,0,19,0,58,2,0,2,60
08/15/2022,GUM,GU,AWP,WE,Federal Contract Tower,38,0,0,3,41,0,2,15,0,17,38,2,15,3,58,24,0,24,82
08/16/2022,GUM,GU,AWP,WE,Federal Contract Tower,33,0,1,1,35,0,10,10,3,23,33,10,11,4,58,28,10,38,96
08/17/2022,GUM,GU,AWP,WE,Federal Contract Tower,33,2,10,1,46,0,27,0,0,27,33,29,10,1,73,8,0,8,81
08/18/2022,GUM,GU,AWP,WE,Federal Contract Tower,36,0,10,9,55,0,0,27,2,29,36,0,37,11,84,40,0,40,124
08/19/2022,GUM,GU,AWP,WE,Federal Contract Tower,43,0,7,4,54,0,0,25,0,25,43,0,32,4,79,20,0,20,99
08/20/2022,GUM,GU,AWP,WE,Federal Contract Tower,43,4,3,1,51,0,0,10,0,10,43,4,13,1,61,36,0,36,97
08/21/2022,GUM,GU,AWP,WE,Federal Contract Tower,40,4,2,0,46,0,0,9,0,9,40,4,11,0,55,8,0,8,63
08/22/2022,GUM,GU,AWP,WE,Federal Contract Tower,31,3,3,1,38,0,2,6,0,8,31,5,9,1,46,20,0,20,66
08/23/2022,GUM,GU,AWP,WE,Federal Contract Tower,31,4,7,4,46,0,2,9,10,21,31,6,16,14,67,36,4,40,107
08/24/2022,GUM,GU,AWP,WE,Federal Contract Tower,35,4,0,2,41,0,4,36,4,44,35,8,36,6,85,36,16,52,137
08/25/2022,GUM,GU,AWP,WE,Federal Contract Tower,35,4,3,2,44,0,0,42,0,42,35,4,45,2,86,60,0,60,146
08/26/2022,GUM,GU,AWP,WE,Federal Contract Tower,39,1,7,1,48,0,0,15,2,17,39,1,22,3,65,20,0,20,85
08/27/2022,GUM,GU,AWP,WE,Federal Contract Tower,43,6,0,0,49,0,0,32,0,32,43,6,32,0,81,54,0,54,135
08/28/2022,GUM,GU,AWP,WE,Federal Contract Tower,39,4,0,0,43,0,0,22,0,22,39,4,22,0,65,24,0,24,89
08/29/2022,GUM,GU,AWP,WE,Federal Contract Tower,32,3,1,0,36,0,1,14,0,15,32,4,15,0,51,12,0,12,63
08/30/2022,GUM,GU,AWP,WE,Federal Contract Tower,36,3,3,2,44,0,4,8,4,16,36,7,11,6,60,35,22,57,117
08/31/2022,GUM,GU,AWP,WE,Federal Contract Tower,42,6,7,2,57,0,0,14,1,15,42,6,21,3,72,2,30,32,104
09/01/2022,GUM,GU,AWP,WE,Federal Contract Tower,35,4,4,0,43,0,2,27,1,30,35,6,31,1,73,126,0,126,199
09/02/2022,GUM,GU,AWP,WE,Federal Contract Tower,30,2,3,0,35,0,1,34,0,35,30,3,37,0,70,80,0,80,150
09/03/2022,GUM,GU,AWP,WE,Federal Contract Tower,40,0,0,0,40,0,2,27,0,29,40,2,27,0,69,90,0,90,159
09/04/2022,GUM,GU,AWP,WE,Federal Contract Tower,42,0,2,0,44,0,4,18,0,22,42,4,20,0,66,91,0,91,157
09/05/2022,GUM,GU,AWP,WE,Federal Contract Tower,26,0,2,0,28,0,8,21,0,29,26,8,23,0,57,121,0,121,178
09/06/2022,GUM,GU,AWP,WE,Federal Contract Tower,25,0,6,2,33,0,3,26,5,34,25,3,32,7,67,156,6,162,229
09/07/2022,GUM,GU,AWP,WE,Federal Contract Tower,48,0,2,0,50,0,4,24,4,32,48,4,26,4,82,62,0,62,144
09/08/2022,GUM,GU,AWP,WE,Federal Contract Tower,40,0,2,0,42,0,0,14,3,17,40,0,16,3,59,79,0,79,138
09/09/2022,GUM,GU,AWP,WE,Federal Contract Tower,46,0,0,0,46,0,3,38,0,41,46,3,38,0,87,62,0,62,149
09/10/2022,GUM,GU,AWP,WE,Federal Contract Tower,42,0,2,0,44,0,2,20,0,22,42,2,22,0,66,48,0,48,114
09/11/2022,GUM,GU,AWP,WE,Federal Contract Tower,42,1,0,0,43,0,3,28,0,31,42,4,28,0,74,16,0,16,90
09/12/2022,GUM,GU,AWP,WE,Federal Contract Tower,37,4,5,0,46,0,4,8,0,12,37,8,13,0,58,20,0,20,78
09/13/2022,GUM,GU,AWP,WE,Federal Contract Tower,31,4,10,0,45,0,3,6,2,11,31,7,16,2,56,24,18,42,98
09/14/2022,GUM,GU,AWP,WE,Federal Contract Tower,33,4,7,0,44,0,0,4,0,4,33,4,11,0,48,16,0,16,64
09/15/2022,GUM,GU,AWP,WE,Federal Contract Tower,49,5,8,7,69,0,1,17,7,25,49,6,25,14,94,40,0,40,134
09/16/2022,GUM,GU,AWP,WE,Federal Contract Tower,34,3,5,0,42,0,1,26,0,27,34,4,31,0,69,80,0,80,149
09/17/2022,GUM,GU,AWP,WE,Federal Contract Tower,41,5,6,0,52,0,0,14,0,14,41,5,20,0,66,60,0,60,126
09/18/2022,GUM,GU,AWP,WE,Federal Contract Tower,33,0,0,0,33,0,4,18,0,22,33,4,18,0,55,90,0,90,145
09/19/2022,GUM,GU,AWP,WE,Federal Contract Tower,34,4,8,1,47,0,0,12,2,14,34,4,20,3,61,76,26,102,163
09/20/2022,GUM,GU,AWP,WE,Federal Contract Tower,33,4,2,6,45,0,4,18,6,28,33,8,20,12,73,131,8,139,212
09/21/2022,GUM,GU,AWP,WE,Federal Contract Tower,33,0,0,2,35,0,6,40,0,46,33,6,40,2,81,64,14,78,159
09/22/2022,GUM,GU,AWP,WE,Federal Contract Tower,36,1,4,4,45,0,1,44,4,49,36,2,48,8,94,28,48,76,170
09/23/2022,GUM,GU,AWP,WE,Federal Contract Tower,32,4,5,0,41,0,0,26,0,26,32,4,31,0,67,76,0,76,143
09/24/2022,GUM,GU,AWP,WE,Federal Contract Tower,37,0,2,0,39,0,4,11,0,15,37,4,13,0,54,56,0,56,110
09/25/2022,GUM,GU,AWP,WE,Federal Contract Tower,39,2,1,0,42,0,2,0,0,2,39,4,1,0,44,6,0,6,50
09/26/2022,GUM,GU,AWP,WE,Federal Contract Tower,30,4,4,0,38,0,4,6,4,14,30,8,10,4,52,52,22,74,126
09/27/2022,GUM,GU,AWP,WE,Federal Contract Tower,34,5,0,0,39,0,0,0,0,0,34,5,0,0,39,58,0,58,97
09/28/2022,GUM,GU,AWP,WE,Federal Contract Tower,34,4,7,2,47,0,0,41,2,43,34,4,48,4,90,16,10,26,116
09/29/2022,GUM,GU,AWP,WE,Federal Contract Tower,36,5,5,4,50,0,2,57,6,65,36,7,62,10,115,48,0,48,163
09/30/2022,GUM,GU,AWP,WE,Federal Contract Tower,37,2,2,0,41,0,0,32,0,32,37,2,34,0,73,12,0,12,85
10/01/2022,GUM,GU,AWP,WE,Federal Contract Tower,42,3,3,0,48,0,0,20,0,20,42,3,23,0,68,44,0,44,112
10/02/2022,GUM,GU,AWP,WE,Federal Contract Tower,40,3,1,0,44,0,2,12,0,14,40,5,13,0,58,28,0,28,86
10/03/2022,GUM,GU,AWP,WE,Federal Contract Tower,29,1,1,1,32,0,7,13,0,20,29,8,14,1,52,40,0,40,92
10/04/2022,GUM,GU,AWP,WE,Federal Contract Tower,27,1,3,7,38,0,5,19,0,24,27,6,22,7,62,38,0,38,100
10/05/2022,GUM,GU,AWP,WE,Federal Contract Tower,33,0,3,1,37,0,0,34,0,34,33,0,37,1,71,38,0,38,109
10/06/2022,GUM,GU,AWP,WE,Federal Contract Tower,32,2,2,0,36,0,3,28,0,31,32,5,30,0,67,16,0,16,83
10/07/2022,GUM,GU,AWP,WE,Federal Contract Tower,30,2,5,0,37,0,0,37,0,37,30,2,42,0,74,24,0,24,98
10/08/2022,GUM,GU,AWP,WE,Federal Contract Tower,42,4,2,0,48,0,2,13,0,15,42,6,15,0,63,0,0,0,63
10/09/2022,GUM,GU,AWP,WE,Federal Contract Tower,31,4,0,0,35,0,0,24,0,24,31,4,24,0,59,16,0,16,75
10/10/2022,GUM,GU,AWP,WE,Federal Contract Tower,33,3,8,0,44,0,1,14,0,15,33,4,22,0,59,24,0,24,83
10/11/2022,GUM,GU,AWP,WE,Federal Contract Tower,32,3,13,0,48,0,2,0,0,2,32,5,13,0,50,0,0,0,50
10/12/2022,GUM,GU,AWP,WE,Federal Contract Tower,36,4,7,2,49,0,0,13,6,19,36,4,20,8,68,60,0,60,128
10/13/2022,GUM,GU,AWP,WE,Federal Contract Tower,30,3,5,4,42,0,0,23,0,23,30,3,28,4,65,54,0,54,119
10/14/2022,GUM,GU,AWP,WE,Federal Contract Tower,65,2,10,0,77,0,0,46,0,46,65,2,56,0,123,22,0,22,145
10/15/2022,GUM,GU,AWP,WE,Federal Contract Tower,70,4,5,0,79,0,0,2,0,2,70,4,7,0,81,18,0,18,99
10/16/2022,GUM,GU,AWP,WE,Federal Contract Tower,54,8,1,0,63,0,0,5,0,5,54,8,6,0,68,88,0,88,156
10/17/2022,GUM,GU,AWP,WE,Federal Contract Tower,30,4,3,0,37,0,2,8,0,10,30,6,11,0,47,86,0,86,133
10/18/2022,GUM,GU,AWP,WE,Federal Contract Tower,40,4,7,3,54,0,2,10,5,17,40,6,17,8,71,56,0,56,127
10/19/2022,GUM,GU,AWP,WE,Federal Contract Tower,62,4,5,0,71,0,0,12,0,12,62,4,17,0,83,38,0,38,121
10/20/2022,GUM,GU,AWP,WE,Federal Contract Tower,39,0,3,7,49,0,0,29,5,34,39,0,32,12,83,70,0,70,153
10/21/2022,GUM,GU,AWP,WE,Federal Contract Tower,35,2,5,0,42,0,0,26,0,26,35,2,31,0,68,8,0,8,76
10/22/2022,GUM,GU,AWP,WE,Federal Contract Tower,44,4,0,0,48,0,0,31,0,31,44,4,31,0,79,40,0,40,119
10/23/2022,GUM,GU,AWP,WE,Federal Contract Tower,38,6,0,0,44,0,2,11,0,13,38,8,11,0,57,30,0,30,87
10/25/2022,GUM,GU,AWP,WE,Federal Contract Tower,31,1,3,2,37,0,8,14,0,22,31,9,17,2,59,38,0,38,97
10/26/2022,GUM,GU,AWP,WE,Federal Contract Tower,36,2,2,3,43,0,2,17,3,22,36,4,19,6,65,52,0,52,117
10/27/2022,GUM,GU,AWP,WE,Federal Contract Tower,35,0,0,5,40,0,0,26,18,44,35,0,26,23,84,68,0,68,152
10/28/2022,GUM,GU,AWP,WE,Federal Contract Tower,33,1,6,5,45,0,1,28,0,29,33,2,34,5,74,80,0,80,154
10/29/2022,GUM,GU,AWP,WE,Federal Contract Tower,39,2,5,0,46,0,0,4,0,4,39,2,9,0,50,28,0,28,78
10/30/2022,GUM,GU,AWP,WE,Federal Contract Tower,34,3,6,0,43,0,0,6,4,10,34,3,12,4,53,26,0,26,79
11/01/2022,GUM,GU,AWP,WE,Federal Contract Tower,31,4,2,0,37,0,5,11,0,16,31,9,13,0,53,20,8,28,81
11/02/2022,GUM,GU,AWP,WE,Federal Contract Tower,33,4,5,1,43,0,0,27,0,27,33,4,32,1,70,65,2,67,137
11/03/2022,GUM,GU,AWP,WE,Federal Contract Tower,34,4,2,1,41,0,0,31,5,36,34,4,33,6,77,54,0,54,131
11/04/2022,GUM,GU,AWP,WE,Federal Contract Tower,29,2,4,0,35,0,0,46,0,46,29,2,50,0,81,132,0,132,213
11/05/2022,GUM,GU,AWP,WE,Federal Contract Tower,36,3,6,0,45,0,0,17,0,17,36,3,23,0,62,38,0,38,100
11/06/2022,GUM,GU,AWP,WE,Federal Contract Tower,42,3,1,1,47,0,0,11,0,11,42,3,12,1,58,68,0,68,126
11/07/2022,GUM,GU,AWP,WE,Federal Contract Tower,30,5,2,0,37,0,0,10,0,10,30,5,12,0,47,48,0,48,95
11/08/2022,GUM,GU,AWP,WE,Federal Contract Tower,28,5,8,2,43,0,2,12,10,24,28,7,20,12,67,46,14,60,127
11/09/2022,GUM,GU,AWP,WE,Federal Contract Tower,38,4,5,2,49,0,2,36,2,40,38,6,41,4,89,40,0,40,129
11/10/2022,GUM,GU,AWP,WE,Federal Contract Tower,33,4,8,1,46,0,0,42,1,43,33,4,50,2,89,64,2,66,155
11/11/2022,GUM,GU,AWP,WE,Federal Contract Tower,35,3,5,0,43,0,0,18,0,18,35,3,23,0,61,20,0,20,81
11/12/2022,GUM,GU,AWP,WE,Federal Contract Tower,39,1,5,0,45,0,2,10,0,12,39,3,15,0,57,18,0,18,75
11/13/2022,GUM,GU,AWP,WE,Federal Contract Tower,40,1,0,0,41,0,3,8,0,11,40,4,8,0,52,36,0,36,88
11/14/2022,GUM,GU,AWP,WE,Federal Contract Tower,30,0,8,0,38,0,8,8,0,16,30,8,16,0,54,40,0,40,94
11/16/2022,GUM,GU,AWP,WE,Federal Contract Tower,35,4,4,0,43,0,2,19,0,21,35,6,23,0,64,22,0,22,86
11/17/2022,GUM,GU,AWP,WE,Federal Contract Tower,36,4,6,0,46,0,0,28,2,30,36,4,34,2,76,2,0,2,78
11/18/2022,GUM,GU,AWP,WE,Federal Contract Tower,31,4,0,1,36,0,0,17,0,17,31,4,17,1,53,34,0,34,87
11/19/2022,GUM,GU,AWP,WE,Federal Contract Tower,32,3,0,0,35,0,1,22,0,23,32,4,22,0,58,54,0,54,112
11/20/2022,GUM,GU,AWP,WE,Federal Contract Tower,37,3,1,0,41,0,0,11,0,11,37,3,12,0,52,94,0,94,146
11/21/2022,GUM,GU,AWP,WE,Federal Contract Tower,32,5,4,2,43,0,4,3,0,7,32,9,7,2,50,52,0,52,102
11/22/2022,GUM,GU,AWP,WE,Federal Contract Tower,32,4,3,1,40,0,2,13,0,15,32,6,16,1,55,6,0,6,61
11/23/2022,GUM,GU,AWP,WE,Federal Contract Tower,35,5,2,1,43,0,0,25,0,25,35,5,27,1,68,60,0,60,128
11/24/2022,GUM,GU,AWP,WE,Federal Contract Tower,33,4,1,3,41,0,0,20,0,20,33,4,21,3,61,24,0,24,85
11/25/2022,GUM,GU,AWP,WE,Federal Contract Tower,33,1,1,0,35,0,3,31,0,34,33,4,32,0,69,70,0,70,139
11/26/2022,GUM,GU,AWP,WE,Federal Contract Tower,33,3,3,0,39,0,1,26,0,27,33,4,29,0,66,64,0,64,130
11/27/2022,GUM,GU,AWP,WE,Federal Contract Tower,37,4,1,0,42,0,0,4,0,4,37,4,5,0,46,88,0,88,134
11/28/2022,GUM,GU,AWP,WE,Federal Contract Tower,32,5,4,0,41,0,2,16,2,20,32,7,20,2,61,55,0,55,116
11/29/2022,GUM,GU,AWP,WE,Federal Contract Tower,30,5,8,4,47,0,6,13,4,23,30,11,21,8,70,58,12,70,140
11/30/2022,GUM,GU,AWP,WE,Federal Contract Tower,31,5,7,8,51,0,1,23,12,36,31,6,30,20,87,20,10,30,117
12/01/2022,GUM,GU,AWP,WE,Federal Contract Tower,34,1,7,1,43,0,0,24,1,25,34,1,31,2,68,16,0,16,84
12/02/2022,GUM,GU,AWP,WE,Federal Contract Tower,31,5,5,0,41,0,0,17,0,17,31,5,22,0,58,40,0,40,98
12/03/2022,GUM,GU,AWP,WE,Federal Contract Tower,32,4,1,0,37,0,0,14,0,14,32,4,15,0,51,6,0,6,57
12/04/2022,GUM,GU,AWP,WE,Federal Contract Tower,34,3,16,0,53,0,0,13,0,13,34,3,29,0,66,56,0,56,122
12/05/2022,GUM,GU,AWP,WE,Federal Contract Tower,35,4,10,0,49,0,2,18,0,20,35,6,28,0,69,26,0,26,95
12/06/2022,GUM,GU,AWP,WE,Federal Contract Tower,34,4,4,0,42,0,7,8,13,28,34,11,12,13,70,72,10,82,152
12/07/2022,GUM,GU,AWP,WE,Federal Contract Tower,37,4,5,3,49,0,0,24,8,32,37,4,29,11,81,36,0,36,117
12/08/2022,GUM,GU,AWP,WE,Federal Contract Tower,39,4,4,4,51,0,0,34,0,34,39,4,38,4,85,62,0,62,147
12/09/2022,GUM,GU,AWP,WE,Federal Contract Tower,33,5,3,0,41,0,0,33,2,35,33,5,36,2,76,80,0,80,156
12/10/2022,GUM,GU,AWP,WE,Federal Contract Tower,47,2,6,1,56,0,1,24,0,25,47,3,30,1,81,66,0,66,147
12/11/2022,GUM,GU,AWP,WE,Federal Contract Tower,61,4,2,0,67,0,0,0,0,0,61,4,2,0,67,64,0,64,131
12/12/2022,GUM,GU,AWP,WE,Federal Contract Tower,40,1,8,9,58,0,8,20,0,28,40,9,28,9,86,52,0,52,138
12/13/2022,GUM,GU,AWP,WE,Federal Contract Tower,36,3,2,0,41,0,5,22,1,28,36,8,24,1,69,100,0,100,169
12/14/2022,GUM,GU,AWP,WE,Federal Contract Tower,46,4,9,2,61,0,0,37,0,37,46,4,46,2,98,38,0,38,136
12/15/2022,GUM,GU,AWP,WE,Federal Contract Tower,48,4,3,0,55,0,0,27,0,27,48,4,30,0,82,68,0,68,150
12/16/2022,GUM,GU,AWP,WE,Federal Contract Tower,46,3,12,0,61,0,0,17,0,17,46,3,29,0,78,30,0,30,108
12/17/2022,GUM,GU,AWP,WE,Federal Contract Tower,43,2,4,0,49,0,0,32,0,32,43,2,36,0,81,16,0,16,97
12/18/2022,GUM,GU,AWP,WE,Federal Contract Tower,42,4,2,0,48,0,0,14,0,14,42,4,16,0,62,56,0,56,118
12/19/2022,GUM,GU,AWP,WE,Federal Contract Tower,45,4,6,0,55,0,3,17,0,20,45,7,23,0,75,46,0,46,121
12/20/2022,GUM,GU,AWP,WE,Federal Contract Tower,36,3,4,0,43,0,8,9,4,21,36,11,13,4,64,14,40,54,118
12/21/2022,GUM,GU,AWP,WE,Federal Contract Tower,41,1,11,0,53,0,0,14,0,14,41,1,25,0,67,0,22,22,89
12/22/2022,GUM,GU,AWP,WE,Federal Contract Tower,42,3,9,0,54,0,0,24,0,24,42,3,33,0,78,50,0,50,128
12/23/2022,GUM,GU,AWP,WE,Federal Contract Tower,42,3,8,0,53,0,0,22,0,22,42,3,30,0,75,66,0,66,141
12/24/2022,GUM,GU,AWP,WE,Federal Contract Tower,37,4,3,1,45,0,0,30,0,30,37,4,33,1,75,60,0,60,135
12/25/2022,GUM,GU,AWP,WE,Federal Contract Tower,43,5,0,0,48,0,2,6,0,8,43,7,6,0,56,44,0,44,100
12/26/2022,GUM,GU,AWP,WE,Federal Contract Tower,41,4,17,0,62,0,0,24,0,24,41,4,41,0,86,66,0,66,152
12/27/2022,GUM,GU,AWP,WE,Federal Contract Tower,34,4,9,0,47,0,6,10,2,18,34,10,19,2,65,64,16,80,145
12/28/2022,GUM,GU,AWP,WE,Federal Contract Tower,37,7,7,11,62,0,0,13,5,18,37,7,20,16,80,0,10,10,90
12/29/2022,GUM,GU,AWP,WE,Federal Contract Tower,47,2,4,1,54,0,0,48,0,48,47,2,52,1,102,88,4,92,194
12/30/2022,GUM,GU,AWP,WE,Federal Contract Tower,50,4,5,0,59,0,0,30,0,30,50,4,35,0,89,70,0,70,159
12/31/2022,GUM,GU,AWP,WE,Federal Contract Tower,40,1,5,0,46,0,0,42,0,42,40,1,47,0,88,20,0,20,108
01/01/2023,GUM,GU,AWP,WE,Federal Contract Tower,42,2,0,0,44,0,0,22,0,22,42,2,22,0,66,55,0,55,121
01/02/2023,GUM,GU,AWP,WE,Federal Contract Tower,44,4,4,0,52,0,4,21,0,25,44,8,25,0,77,40,0,40,117
01/03/2023,GUM,GU,AWP,WE,Federal Contract Tower,44,4,4,0,52,0,2,20,0,22,44,6,24,0,74,101,0,101,175
01/04/2023,GUM,GU,AWP,WE,Federal Contract Tower,39,4,8,0,51,0,1,30,7,38,39,5,38,7,89,112,18,130,219
01/05/2023,GUM,GU,AWP,WE,Federal Contract Tower,46,6,3,7,62,0,0,28,5,33,46,6,31,12,95,107,0,107,202
01/06/2023,GUM,GU,AWP,WE,Federal Contract Tower,46,4,2,0,52,0,0,47,0,47,46,4,49,0,99,124,0,124,223
01/07/2023,GUM,GU,AWP,WE,Federal Contract Tower,34,4,2,6,46,0,0,32,0,32,34,4,34,6,78,86,0,86,164
01/08/2023,GUM,GU,AWP,WE,Federal Contract Tower,45,4,0,0,49,0,0,2,0,2,45,4,2,0,51,24,0,24,75
01/09/2023,GUM,GU,AWP,WE,Federal Contract Tower,42,5,13,0,60,0,5,9,0,14,42,10,22,0,74,68,0,68,142
01/10/2023,GUM,GU,AWP,WE,Federal Contract Tower,35,8,7,0,50,0,2,20,0,22,35,10,27,0,72,88,0,88,160
01/11/2023,GUM,GU,AWP,WE,Federal Contract Tower,56,9,8,0,73,0,0,5,0,5,56,9,13,0,78,34,0,34,112
01/12/2023,GUM,GU,AWP,WE,Federal Contract Tower,63,7,10,0,80,0,0,16,20,36,63,7,26,20,116,22,0,22,138
01/13/2023,GUM,GU,AWP,WE,Federal Contract Tower,64,9,14,0,87,0,1,14,0,15,64,10,28,0,102,64,0,64,166
01/14/2023,GUM,GU,AWP,WE,Federal Contract Tower,66,4,11,0,81,0,0,2,0,2,66,4,13,0,83,2,0,2,85
01/15/2023,GUM,GU,AWP,WE,Federal Contract Tower,58,4,1,0,63,0,0,7,0,7,58,4,8,0,70,123,0,123,193
01/16/2023,GUM,GU,AWP,WE,Federal Contract Tower,38,4,1,0,43,0,10,19,0,29,38,14,20,0,72,140,0,140,212
01/17/2023,GUM,GU,AWP,WE,Federal Contract Tower,44,4,10,4,62,0,0,8,0,8,44,4,18,4,70,88,0,88,158
01/18/2023,GUM,GU,AWP,WE,Federal Contract Tower,42,4,6,0,52,0,4,31,2,37,42,8,37,2,89,90,0,90,179
01/19/2023,GUM,GU,AWP,WE,Federal Contract Tower,49,2,4,0,55,2,0,25,10,37,51,2,29,10,92,70,0,70,162
01/20/2023,GUM,GU,AWP,WE,Federal Contract Tower,41,4,2,0,47,0,0,50,0,50,41,4,52,0,97,112,0,112,209
01/21/2023,GUM,GU,AWP,WE,Federal Contract Tower,45,4,7,0,56,0,0,44,0,44,45,4,51,0,100,133,0,133,233
01/22/2023,GUM,GU,AWP,WE,Federal Contract Tower,43,2,3,0,48,0,0,19,0,19,43,2,22,0,67,44,0,44,111
01/23/2023,GUM,GU,AWP,WE,Federal Contract Tower,38,5,4,2,49,0,4,12,6,22,38,9,16,8,71,12,4,16,87
01/24/2023,GUM,GU,AWP,WE,Federal Contract Tower,40,4,1,1,46,0,4,18,0,22,40,8,19,1,68,52,14,66,134
01/25/2023,GUM,GU,AWP,WE,Federal Contract Tower,39,4,1,0,44,0,0,32,0,32,39,4,33,0,76,94,0,94,170
01/26/2023,GUM,GU,AWP,WE,Federal Contract Tower,39,4,4,6,53,0,0,43,0,43,39,4,47,6,96,62,0,62,158
01/27/2023,GUM,GU,AWP,WE,Federal Contract Tower,36,4,3,1,44,0,0,48,0,48,36,4,51,1,92,110,0,110,202
01/28/2023,GUM,GU,AWP,WE,Federal Contract Tower,35,4,6,4,49,0,0,29,0,29,35,4,35,4,78,72,0,72,150
01/29/2023,GUM,GU,AWP,WE,Federal Contract Tower,41,5,1,7,54,0,2,16,0,18,41,7,17,7,72,76,0,76,148
01/30/2023,GUM,GU,AWP,WE,Federal Contract Tower,36,4,4,0,44,0,0,17,2,19,36,4,21,2,63,68,0,68,131
01/31/2023,GUM,GU,AWP,WE,Federal Contract Tower,38,4,4,1,47,0,2,12,7,21,38,6,16,8,68,18,0,18,86
02/01/2023,GUM,GU,AWP,WE,Federal Contract Tower,38,4,3,0,45,0,0,25,2,27,38,4,28,2,72,32,0,32,104
02/02/2023,GUM,GU,AWP,WE,Federal Contract Tower,38,4,5,0,47,0,0,31,0,31,38,4,36,0,78,33,0,33,111
02/03/2023,GUM,GU,AWP,WE,Federal Contract Tower,33,4,6,0,43,0,0,29,0,29,33,4,35,0,72,82,0,82,154
02/04/2023,GUM,GU,AWP,WE,Federal Contract Tower,34,5,13,1,53,0,0,0,0,0,34,5,13,1,53,56,0,56,109
02/05/2023,GUM,GU,AWP,WE,Federal Contract Tower,42,4,4,2,52,1,0,33,2,36,43,4,37,4,88,80,0,80,168
02/06/2023,GUM,GU,AWP,WE,Federal Contract Tower,39,4,7,0,50,0,4,4,0,8,39,8,11,0,58,62,0,62,120
02/07/2023,GUM,GU,AWP,WE,Federal Contract Tower,35,4,11,6,56,0,2,4,10,16,35,6,15,16,72,88,10,98,170
02/08/2023,GUM,GU,AWP,WE,Federal Contract Tower,31,4,5,4,44,0,0,17,12,29,31,4,22,16,73,98,5,103,176
02/09/2023,GUM,GU,AWP,WE,Federal Contract Tower,36,4,3,16,59,0,0,30,3,33,36,4,33,19,92,20,42,62,154
02/10/2023,GUM,GU,AWP,WE,Federal Contract Tower,38,6,6,13,63,0,0,28,11,39,38,6,34,24,102,12,0,12,114
02/11/2023,GUM,GU,AWP,WE,Federal Contract Tower,32,3,6,1,42,0,0,20,0,20,32,3,26,1,62,82,0,82,144
02/12/2023,GUM,GU,AWP,WE,Federal Contract Tower,38,4,4,0,46,0,0,20,0,20,38,4,24,0,66,154,0,154,220
02/13/2023,GUM,GU,AWP,WE,Federal Contract Tower,40,10,6,9,65,0,4,10,1,15,40,14,16,10,80,52,0,52,132
02/14/2023,GUM,GU,AWP,WE,Federal Contract Tower,32,6,4,16,58,0,2,22,5,29,32,8,26,21,87,38,16,54,141
02/15/2023,GUM,GU,AWP,WE,Federal Contract Tower,35,8,8,6,57,0,2,0,0,2,35,10,8,6,59,4,0,4,63
02/16/2023,GUM,GU,AWP,WE,Federal Contract Tower,36,10,10,10,66,0,0,0,0,0,36,10,10,10,66,30,0,30,96
02/17/2023,GUM,GU,AWP,WE,Federal Contract Tower,35,10,7,10,62,0,0,58,0,58,35,10,65,10,120,92,0,92,212
02/18/2023,GUM,GU,AWP,WE,Federal Contract Tower,35,4,7,1,47,0,0,26,0,26,35,4,33,1,73,48,0,48,121
02/19/2023,GUM,GU,AWP,WE,Federal Contract Tower,41,4,4,0,49,0,2,9,0,11,41,6,13,0,60,38,0,38,98
02/20/2023,GUM,GU,AWP,WE,Federal Contract Tower,40,12,11,12,75,0,4,24,0,28,40,16,35,12,103,80,0,80,183
02/21/2023,GUM,GU,AWP,WE,Federal Contract Tower,34,10,11,21,76,0,6,18,0,24,34,16,29,21,100,62,8,70,170
02/22/2023,GUM,GU,AWP,WE,Federal Contract Tower,35,7,20,18,80,0,2,28,0,30,35,9,48,18,110,58,0,58,168
02/23/2023,GUM,GU,AWP,WE,Federal Contract Tower,38,9,13,17,77,0,0,40,4,44,38,9,53,21,121,83,14,97,218
02/24/2023,GUM,GU,AWP,WE,Federal Contract Tower,34,10,7,0,51,0,0,24,0,24,34,10,31,0,75,78,0,78,153
02/25/2023,GUM,GU,AWP,WE,Federal Contract Tower,33,4,12,2,51,0,0,34,0,34,33,4,46,2,85,46,0,46,131
02/26/2023,GUM,GU,AWP,WE,Federal Contract Tower,44,4,1,4,53,0,0,30,1,31,44,4,31,5,84,94,0,94,178
02/27/2023,GUM,GU,AWP,WE,Federal Contract Tower,38,8,10,2,58,0,0,15,0,15,38,8,25,2,73,36,0,36,109
03/01/2023,GUM,GU,AWP,WE,Federal Contract Tower,40,10,10,4,64,0,0,10,7,17,40,10,20,11,81,4,0,4,85
03/02/2023,GUM,GU,AWP,WE,Federal Contract Tower,38,7,10,6,61,0,0,0,0,0,38,7,10,6,61,70,0,70,131
03/03/2023,GUM,GU,AWP,WE,Federal Contract Tower,38,10,8,0,56,0,0,40,2,42,38,10,48,2,98,72,0,72,170
03/04/2023,GUM,GU,AWP,WE,Federal Contract Tower,35,2,6,1,44,0,0,16,0,16,35,2,22,1,60,22,0,22,82
03/05/2023,GUM,GU,AWP,WE,Federal Contract Tower,44,4,0,3,51,0,0,7,2,9,44,4,7,5,60,36,8,44,104
03/06/2023,GUM,GU,AWP,WE,Federal Contract Tower,37,8,9,2,56,0,0,12,2,14,37,8,21,4,70,30,0,30,100
03/07/2023,GUM,GU,AWP,WE,Federal Contract Tower,35,7,6,6,54,0,2,16,0,18,35,9,22,6,72,40,0,40,112
03/08/2023,GUM,GU,AWP,WE,Federal Contract Tower,33,6,11,0,50,0,0,17,1,18,33,6,28,1,68,54,0,54,122
03/09/2023,GUM,GU,AWP,WE,Federal Contract Tower,36,7,2,0,45,0,0,28,6,34,36,7,30,6,79,31,0,31,110
03/10/2023,GUM,GU,AWP,WE,Federal Contract Tower,41,10,1,0,52,0,0,22,0,22,41,10,23,0,74,24,0,24,98
03/11/2023,GUM,GU,AWP,WE,Federal Contract Tower,35,4,1,0,40,0,0,22,11,33,35,4,23,11,73,66,0,66,139
03/12/2023,GUM,GU,AWP,WE,Federal Contract Tower,43,5,5,0,53,0,2,14,0,16,43,7,19,0,69,76,0,76,145
03/13/2023,GUM,GU,AWP,WE,Federal Contract Tower,44,10,9,0,63,0,6,6,4,16,44,16,15,4,79,30,0,30,109
03/14/2023,GUM,GU,AWP,WE,Federal Contract Tower,39,6,10,8,63,0,1,13,6,20,39,7,23,14,83,60,0,60,143
03/15/2023,GUM,GU,AWP,WE,Federal Contract Tower,37,8,10,0,55,0,6,15,0,21,37,14,25,0,76,40,24,64,140
03/16/2023,GUM,GU,AWP,WE,Federal Contract Tower,49,5,3,2,59,0,0,0,14,14,49,5,3,16,73,69,23,92,165
03/17/2023,GUM,GU,AWP,WE,Federal Contract Tower,43,6,9,0,58,0,0,30,0,30,43,6,39,0,88,44,0,44,132
03/18/2023,GUM,GU,AWP,WE,Federal Contract Tower,46,3,3,0,52,0,1,6,0,7,46,4,9,0,59,72,0,72,131
03/19/2023,GUM,GU,AWP,WE,Federal Contract Tower,52,4,3,0,59,0,0,14,7,21,52,4,17,7,80,72,0,72,152
03/20/2023,GUM,GU,AWP,WE,Federal Contract Tower,50,9,12,0,71,0,4,15,0,19,50,13,27,0,90,56,0,56,146
03/21/2023,GUM,GU,AWP,WE,Federal Contract Tower,48,4,19,0,71,0,4,13,0,17,48,8,32,0,88,78,0,78,166
03/22/2023,GUM,GU,AWP,WE,Federal Contract Tower,52,0,8,1,61,0,0,14,2,16,52,0,22,3,77,78,0,78,155
03/23/2023,GUM,GU,AWP,WE,Federal Contract Tower,47,4,7,1,59,1,0,37,1,39,48,4,44,2,98,58,0,58,156
03/24/2023,GUM,GU,AWP,WE,Federal Contract Tower,47,5,11,0,63,0,0,34,0,34,47,5,45,0,97,95,0,95,192
03/25/2023,GUM,GU,AWP,WE,Federal Contract Tower,41,2,5,0,48,0,0,34,0,34,41,2,39,0,82,93,0,93,175
03/26/2023,GUM,GU,AWP,WE,Federal Contract Tower,51,1,0,0,52,0,2,20,0,22,51,3,20,0,74,64,0,64,138
03/27/2023,GUM,GU,AWP,WE,Federal Contract Tower,45,6,2,0,53,0,6,20,4,30,45,12,22,4,83,14,0,14,97
03/28/2023,GUM,GU,AWP,WE,Federal Contract Tower,42,5,7,2,56,0,5,27,2,34,42,10,34,4,90,18,0,18,108
03/29/2023,GUM,GU,AWP,WE,Federal Contract Tower,37,6,10,4,57,0,15,13,0,28,37,21,23,4,85,46,14,60,145
03/30/2023,GUM,GU,AWP,WE,Federal Contract Tower,51,2,8,0,61,0,0,38,3,41,51,2,46,3,102,52,0,52,154
03/31/2023,GUM,GU,AWP,WE,Federal Contract Tower,45,2,9,0,56,0,0,0,4,4,45,2,9,4,60,40,0,40,100
04/01/2023,GUM,GU,AWP,WE,Federal Contract Tower,45,0,6,1,52,0,0,28,0,28,45,0,34,1,80,10,30,40,120
04/02/2023,GUM,GU,AWP,WE,Federal Contract Tower,57,0,2,0,59,0,0,42,0,42,57,0,44,0,101,28,0,28,129
04/03/2023,GUM,GU,AWP,WE,Federal Contract Tower,48,2,10,0,60,0,4,11,0,15,48,6,21,0,75,8,0,8,83
04/04/2023,GUM,GU,AWP,WE,Federal Contract Tower,47,0,8,0,55,0,7,11,1,19,47,7,19,1,74,78,0,78,152
04/05/2023,GUM,GU,AWP,WE,Federal Contract Tower,43,0,9,2,54,0,0,26,6,32,43,0,35,8,86,0,0,0,86
04/06/2023,GUM,GU,AWP,WE,Federal Contract Tower,58,2,4,1,65,0,0,0,0,0,58,2,4,1,65,34,0,34,99
04/07/2023,GUM,GU,AWP,WE,Federal Contract Tower,67,1,7,8,83,0,0,0,0,0,67,1,7,8,83,38,0,38,121
04/08/2023,GUM,GU,AWP,WE,Federal Contract Tower,44,0,2,6,52,0,0,0,0,0,44,0,2,6,52,126,0,126,178
04/09/2023,GUM,GU,AWP,WE,Federal Contract Tower,55,0,0,0,55,0,0,21,0,21,55,0,21,0,76,104,0,104,180
04/10/2023,GUM,GU,AWP,WE,Federal Contract Tower,46,0,3,0,49,0,2,21,4,27,46,2,24,4,76,84,0,84,160
04/11/2023,GUM,GU,AWP,WE,Federal Contract Tower,44,0,10,4,58,0,6,20,3,29,44,6,30,7,87,90,14,104,191
04/12/2023,GUM,GU,AWP,WE,Federal Contract Tower,45,0,7,4,56,0,0,25,6,31,45,0,32,10,87,88,6,94,181
04/13/2023,GUM,GU,AWP,WE,Federal Contract Tower,48,0,1,2,51,0,0,50,6,56,48,0,51,8,107,56,0,56,163
04/14/2023,GUM,GU,AWP,WE,Federal Contract Tower,45,0,4,1,50,0,0,0,0,0,45,0,4,1,50,59,0,59,109
04/15/2023,GUM,GU,AWP,WE,Federal Contract Tower,42,2,4,0,48,0,0,48,0,48,42,2,52,0,96,74,0,74,170
04/16/2023,GUM,GU,AWP,WE,Federal Contract Tower,49,0,2,1,52,0,0,13,1,14,49,0,15,2,66,20,0,20,86
04/17/2023,GUM,GU,AWP,WE,Federal Contract Tower,46,0,10,0,56,0,2,12,0,14,46,2,22,0,70,74,0,74,144
04/18/2023,GUM,GU,AWP,WE,Federal Contract Tower,44,0,8,3,55,0,4,5,5,14,44,4,13,8,69,58,2,60,129
04/19/2023,GUM,GU,AWP,WE,Federal Contract Tower,42,1,5,1,49,0,0,22,0,22,42,1,27,1,71,38,0,38,109
04/20/2023,GUM,GU,AWP,WE,Federal Contract Tower,50,1,1,1,53,0,0,32,4,36,50,1,33,5,89,68,0,68,157
04/21/2023,GUM,GU,AWP,WE,Federal Contract Tower,50,0,4,0,54,0,0,21,2,23,50,0,25,2,77,85,0,85,162
04/22/2023,GUM,GU,AWP,WE,Federal Contract Tower,43,0,5,0,48,0,0,10,0,10,43,0,15,0,58,62,0,62,120
04/23/2023,GUM,GU,AWP,WE,Federal Contract Tower,48,0,0,0,48,0,2,8,0,10,48,2,8,0,58,42,0,42,100
04/24/2023,GUM,GU,AWP,WE,Federal Contract Tower,45,0,4,0,49,0,2,18,0,20,45,2,22,0,69,70,0,70,139
04/25/2023,GUM,GU,AWP,WE,Federal Contract Tower,46,0,6,0,52,0,4,6,2,12,46,4,12,2,64,20,0,20,84
04/26/2023,GUM,GU,AWP,WE,Federal Contract Tower,41,0,8,1,50,0,0,23,0,23,41,0,31,1,73,30,0,30,103
04/27/2023,GUM,GU,AWP,WE,Federal Contract Tower,48,0,2,1,51,0,0,31,0,31,48,0,33,1,82,46,0,46,128
04/28/2023,GUM,GU,AWP,WE,Federal Contract Tower,47,0,6,0,53,0,0,28,0,28,47,0,34,0,81,77,0,77,158
04/29/2023,GUM,GU,AWP,WE,Federal Contract Tower,50,0,5,0,55,0,0,20,0,20,50,0,25,0,75,41,0,41,116
04/30/2023,GUM,GU,AWP,WE,Federal Contract Tower,56,0,1,0,57,0,0,30,0,30,56,0,31,0,87,74,0,74,161
05/01/2023,GUM,GU,AWP,WE,Federal Contract Tower,47,0,7,0,54,0,4,23,2,29,47,4,30,2,83,122,0,122,205
05/03/2023,GUM,GU,AWP,WE,Federal Contract Tower,57,0,6,0,63,0,6,54,0,60,57,6,60,0,123,54,0,54,177
05/04/2023,GUM,GU,AWP,WE,Federal Contract Tower,52,0,2,0,54,0,0,46,0,46,52,0,48,0,100,64,0,64,164
05/05/2023,GUM,GU,AWP,WE,Federal Contract Tower,50,0,1,0,51,0,0,47,0,47,50,0,48,0,98,14,0,14,112
05/06/2023,GUM,GU,AWP,WE,Federal Contract Tower,45,0,4,2,51,0,0,31,0,31,45,0,35,2,82,16,0,16,98
05/07/2023,GUM,GU,AWP,WE,Federal Contract Tower,62,0,0,0,62,0,0,20,0,20,62,0,20,0,82,6,0,6,88
05/08/2023,GUM,GU,AWP,WE,Federal Contract Tower,48,0,6,2,56,0,2,10,0,12,48,2,16,2,68,38,0,38,106
05/09/2023,GUM,GU,AWP,WE,Federal Contract Tower,47,0,8,0,55,0,3,22,0,25,47,3,30,0,80,40,4,44,124
05/10/2023,GUM,GU,AWP,WE,Federal Contract Tower,43,0,9,0,52,0,1,2,0,3,43,1,11,0,55,44,0,44,99
05/11/2023,GUM,GU,AWP,WE,Federal Contract Tower,48,0,2,0,50,1,4,34,0,39,49,4,36,0,89,32,0,32,121
05/12/2023,GUM,GU,AWP,WE,Federal Contract Tower,48,0,3,0,51,0,1,17,0,18,48,1,20,0,69,13,0,13,82
05/13/2023,GUM,GU,AWP,WE,Federal Contract Tower,49,0,9,0,58,0,0,14,0,14,49,0,23,0,72,8,0,8,80
05/14/2023,GUM,GU,AWP,WE,Federal Contract Tower,46,1,0,2,49,0,2,15,0,17,46,3,15,2,66,10,0,10,76
05/16/2023,GUM,GU,AWP,WE,Federal Contract Tower,50,0,9,0,59,0,6,14,0,20,50,6,23,0,79,6,0,6,85
05/17/2023,GUM,GU,AWP,WE,Federal Contract Tower,46,2,3,0,51,0,4,28,0,32,46,6,31,0,83,94,0,94,177
05/18/2023,GUM,GU,AWP,WE,Federal Contract Tower,63,0,4,0,67,0,0,27,0,27,63,0,31,0,94,90,0,90,184
05/19/2023,GUM,GU,AWP,WE,Federal Contract Tower,56,0,7,0,63,0,8,35,0,43,56,8,42,0,106,109,0,109,215
05/20/2023,GUM,GU,AWP,WE,Federal Contract Tower,54,0,3,0,57,0,0,27,0,27,54,0,30,0,84,115,0,115,199
05/21/2023,GUM,GU,AWP,WE,Federal Contract Tower,60,0,0,0,60,0,0,9,0,9,60,0,9,0,69,108,0,108,177
05/22/2023,GUM,GU,AWP,WE,Federal Contract Tower,55,1,1,0,57,0,2,5,0,7,55,3,6,0,64,68,0,68,132
05/23/2023,GUM,GU,AWP,WE,Federal Contract Tower,29,0,1,0,30,0,0,0,0,0,29,0,1,0,30,0,0,0,30
05/24/2023,GUM,GU,AWP,WE,Federal Contract Tower,0,0,0,0,0,0,0,0,0,0,0,0,0,0,0,0,0,0,0
05/29/2023,GUM,GU,AWP,WE,Federal Contract Tower,18,0,0,0,18,0,0,5,0,5,18,0,5,0,23,0,0,0,23
05/30/2023,GUM,GU,AWP,WE,Federal Contract Tower,22,0,2,2,26,0,0,0,0,0,22,0,2,2,26,0,0,0,26
05/31/2023,GUM,GU,AWP,WE,Federal Contract Tower,31,0,6,4,41,0,0,1,5,6,31,0,7,9,47,2,12,14,61
06/01/2023,GUM,GU,AWP,WE,Federal Contract Tower,34,0,1,0,35,0,2,9,5,16,34,2,10,5,51,20,0,20,71
06/02/2023,GUM,GU,AWP,WE,Federal Contract Tower,36,1,0,0,37,0,11,23,0,34,36,12,23,0,71,0,0,0,71
06/03/2023,GUM,GU,AWP,WE,Federal Contract Tower,32,0,10,2,44,0,0,1,1,2,32,0,11,3,46,18,0,18,64
06/04/2023,GUM,GU,AWP,WE,Federal Contract Tower,32,0,4,0,36,0,0,1,2,3,32,0,5,2,39,11,0,11,50
06/05/2023,GUM,GU,AWP,WE,Federal Contract Tower,26,0,9,0,35,0,2,7,0,9,26,2,16,0,44,20,0,20,64
06/06/2023,GUM,GU,AWP,WE,Federal Contract Tower,28,0,6,0,34,0,6,6,0,12,28,6,12,0,46,16,0,16,62
06/07/2023,GUM,GU,AWP,WE,Federal Contract Tower,29,0,7,0,36,0,0,24,0,24,29,0,31,0,60,10,0,10,70
06/08/2023,GUM,GU,AWP,WE,Federal Contract Tower,34,0,5,3,42,0,3,17,4,24,34,3,22,7,66,43,0,43,109
06/09/2023,GUM,GU,AWP,WE,Federal Contract Tower,28,1,4,0,33,0,0,22,0,22,28,1,26,0,55,16,0,16,71
06/10/2023,GUM,GU,AWP,WE,Federal Contract Tower,23,0,6,0,29,0,0,21,0,21,23,0,27,0,50,13,0,13,63
06/11/2023,GUM,GU,AWP,WE,Federal Contract Tower,47,0,0,0,47,0,2,2,0,4,47,2,2,0,51,66,0,66,117
06/12/2023,GUM,GU,AWP,WE,Federal Contract Tower,37,0,10,0,47,0,2,5,0,7,37,2,15,0,54,62,0,62,116
06/13/2023,GUM,GU,AWP,WE,Federal Contract Tower,21,0,9,0,30,0,2,17,2,21,21,2,26,2,51,60,0,60,111
06/14/2023,GUM,GU,AWP,WE,Federal Contract Tower,22,0,5,0,27,0,5,34,4,43,22,5,39,4,70,88,0,88,158
06/15/2023,GUM,GU,AWP,WE,Federal Contract Tower,31,0,13,0,44,0,6,28,2,36,31,6,41,2,80,76,2,78,158
06/16/2023,GUM,GU,AWP,WE,Federal Contract Tower,29,0,3,1,33,0,0,36,0,36,29,0,39,1,69,79,0,79,148
06/17/2023,GUM,GU,AWP,WE,Federal Contract Tower,24,0,3,0,27,0,0,6,0,6,24,0,9,0,33,88,0,88,121
06/18/2023,GUM,GU,AWP,WE,Federal Contract Tower,26,0,5,0,31,0,0,12,0,12,26,0,17,0,43,86,0,86,129
06/19/2023,GUM,GU,AWP,WE,Federal Contract Tower,28,0,9,0,37,0,7,10,0,17,28,7,19,0,54,67,0,67,121
06/20/2023,GUM,GU,AWP,WE,Federal Contract Tower,25,0,7,6,38,0,4,12,2,18,25,4,19,8,56,46,0,46,102
06/21/2023,GUM,GU,AWP,WE,Federal Contract Tower,27,0,7,0,34,0,0,35,6,41,27,0,42,6,75,6,0,6,81
06/22/2023,GUM,GU,AWP,WE,Federal Contract Tower,28,0,6,2,36,0,0,26,0,26,28,0,32,2,62,52,0,52,114
06/23/2023,GUM,GU,AWP,WE,Federal Contract Tower,28,0,6,3,37,0,0,22,0,22,28,0,28,3,59,11,0,11,70
06/24/2023,GUM,GU,AWP,WE,Federal Contract Tower,27,0,3,0,30,0,1,18,0,19,27,1,21,0,49,0,0,0,49
06/25/2023,GUM,GU,AWP,WE,Federal Contract Tower,31,0,0,2,33,0,0,12,0,12,31,0,12,2,45,42,0,42,87
06/26/2023,GUM,GU,AWP,WE,Federal Contract Tower,45,0,4,3,52,0,6,7,2,15,45,6,11,5,67,28,10,38,105
06/27/2023,GUM,GU,AWP,WE,Federal Contract Tower,41,0,4,0,45,0,6,15,0,21,41,6,19,0,66,14,0,14,80
06/28/2023,GUM,GU,AWP,WE,Federal Contract Tower,32,0,4,8,44,0,0,27,3,30,32,0,31,11,74,56,0,56,130
06/29/2023,GUM,GU,AWP,WE,Federal Contract Tower,33,0,6,0,39,0,0,44,1,45,33,0,50,1,84,30,0,30,114
06/30/2023,GUM,GU,AWP,WE,Federal Contract Tower,38,0,3,1,42,0,0,51,0,51,38,0,54,1,93,26,0,26,119
07/01/2023,GUM,GU,AWP,WE,Federal Contract Tower,34,0,0,1,35,0,0,0,0,0,34,0,0,1,35,58,0,58,93
07/02/2023,GUM,GU,AWP,WE,Federal Contract Tower,42,0,2,0,44,0,0,11,0,11,42,0,13,0,55,86,0,86,141
07/03/2023,GUM,GU,AWP,WE,Federal Contract Tower,43,0,8,0,51,0,4,9,0,13,43,4,17,0,64,26,0,26,90
07/04/2023,GUM,GU,AWP,WE,Federal Contract Tower,36,0,1,0,37,0,4,18,0,22,36,4,19,0,59,6,0,6,65
07/05/2023,GUM,GU,AWP,WE,Federal Contract Tower,37,0,0,2,39,0,0,39,5,44,37,0,39,7,83,26,0,26,109
07/06/2023,GUM,GU,AWP,WE,Federal Contract Tower,38,0,9,0,47,0,0,28,0,28,38,0,37,0,75,27,0,27,102
07/07/2023,GUM,GU,AWP,WE,Federal Contract Tower,42,0,4,0,46,0,0,28,0,28,42,0,32,0,74,14,0,14,88
07/08/2023,GUM,GU,AWP,WE,Federal Contract Tower,32,0,6,0,38,0,2,6,0,8,32,2,12,0,46,12,0,12,58
07/09/2023,GUM,GU,AWP,WE,Federal Contract Tower,39,0,1,0,40,0,0,14,0,14,39,0,15,0,54,14,0,14,68
07/10/2023,GUM,GU,AWP,WE,Federal Contract Tower,42,0,8,2,52,0,8,18,0,26,42,8,26,2,78,16,0,16,94
07/11/2023,GUM,GU,AWP,WE,Federal Contract Tower,36,4,9,1,50,0,6,10,4,20,36,10,19,5,70,24,2,26,96
07/12/2023,GUM,GU,AWP,WE,Federal Contract Tower,38,0,4,0,42,0,0,24,4,28,38,0,28,4,70,14,3,17,87
07/13/2023,GUM,GU,AWP,WE,Federal Contract Tower,39,3,5,2,49,0,2,24,0,26,39,5,29,2,75,36,0,36,111
07/14/2023,GUM,GU,AWP,WE,Federal Contract Tower,46,0,4,0,50,0,0,44,0,44,46,0,48,0,94,70,0,70,164
07/15/2023,GUM,GU,AWP,WE,Federal Contract Tower,52,0,2,1,55,0,0,7,0,7,52,0,9,1,62,39,0,39,101
07/16/2023,GUM,GU,AWP,WE,Federal Contract Tower,48,3,0,0,51,0,0,9,0,9,48,3,9,0,60,34,0,34,94
07/17/2023,GUM,GU,AWP,WE,Federal Contract Tower,37,0,3,0,40,0,2,22,0,24,37,2,25,0,64,48,0,48,112
07/18/2023,GUM,GU,AWP,WE,Federal Contract Tower,46,0,4,0,50,0,9,18,6,33,46,9,22,6,83,32,0,32,115
07/19/2023,GUM,GU,AWP,WE,Federal Contract Tower,39,0,4,2,45,0,0,42,0,42,39,0,46,2,87,60,2,62,149
07/20/2023,GUM,GU,AWP,WE,Federal Contract Tower,48,0,4,1,53,0,0,49,0,49,48,0,53,1,102,82,0,82,184
07/21/2023,GUM,GU,AWP,WE,Federal Contract Tower,49,0,5,0,54,0,0,32,0,32,49,0,37,0,86,75,0,75,161
07/22/2023,GUM,GU,AWP,WE,Federal Contract Tower,49,0,3,0,52,0,0,34,0,34,49,0,37,0,86,76,0,76,162
07/23/2023,GUM,GU,AWP,WE,Federal Contract Tower,57,0,1,1,59,0,0,14,0,14,57,0,15,1,73,30,0,30,103
07/24/2023,GUM,GU,AWP,WE,Federal Contract Tower,48,0,13,0,61,0,2,3,0,5,48,2,16,0,66,30,0,30,96
07/25/2023,GUM,GU,AWP,WE,Federal Contract Tower,43,0,11,1,55,0,9,5,6,20,43,9,16,7,75,50,0,50,125
07/26/2023,GUM,GU,AWP,WE,Federal Contract Tower,47,0,10,3,60,0,0,17,0,17,47,0,27,3,77,59,0,59,136
07/27/2023,GUM,GU,AWP,WE,Federal Contract Tower,43,0,2,0,45,0,0,15,14,29,43,0,17,14,74,0,0,0,74
07/28/2023,GUM,GU,AWP,WE,Federal Contract Tower,40,0,7,0,47,0,0,24,0,24,40,0,31,0,71,26,0,26,97
07/29/2023,GUM,GU,AWP,WE,Federal Contract Tower,47,0,3,0,50,0,0,20,0,20,47,0,23,0,70,30,0,30,100
07/30/2023,GUM,GU,AWP,WE,Federal Contract Tower,50,4,4,0,58,0,0,36,0,36,50,4,40,0,94,44,0,44,138
07/31/2023,GUM,GU,AWP,WE,Federal Contract Tower,47,3,3,0,53,0,0,33,0,33,47,3,36,0,86,68,0,68,154
08/01/2023,GUM,GU,AWP,WE,Federal Contract Tower,49,0,7,1,57,0,0,26,0,26,49,0,33,1,83,76,0,76,159
08/02/2023,GUM,GU,AWP,WE,Federal Contract Tower,54,0,13,1,68,0,0,26,6,32,54,0,39,7,100,89,2,91,191
08/03/2023,GUM,GU,AWP,WE,Federal Contract Tower,51,0,4,1,56,0,0,50,0,50,51,0,54,1,106,70,0,70,176
08/04/2023,GUM,GU,AWP,WE,Federal Contract Tower,47,0,6,0,53,0,0,28,0,28,47,0,34,0,81,86,0,86,167
08/05/2023,GUM,GU,AWP,WE,Federal Contract Tower,52,0,5,0,57,0,0,52,0,52,52,0,57,0,109,80,0,80,189
08/06/2023,GUM,GU,AWP,WE,Federal Contract Tower,52,4,13,0,69,0,0,44,0,44,52,4,57,0,113,64,0,64,177
08/07/2023,GUM,GU,AWP,WE,Federal Contract Tower,46,0,14,2,62,0,2,20,4,26,46,2,34,6,88,134,0,134,222
08/08/2023,GUM,GU,AWP,WE,Federal Contract Tower,52,0,6,0,58,0,2,7,1,10,52,2,13,1,68,26,0,26,94
08/09/2023,GUM,GU,AWP,WE,Federal Contract Tower,46,1,9,2,58,0,0,19,0,19,46,1,28,2,77,52,0,52,129
08/10/2023,GUM,GU,AWP,WE,Federal Contract Tower,44,0,17,3,64,0,3,47,6,56,44,3,64,9,120,102,0,102,222
08/11/2023,GUM,GU,AWP,WE,Federal Contract Tower,51,0,11,1,63,0,0,9,0,9,51,0,20,1,72,58,0,58,130
08/12/2023,GUM,GU,AWP,WE,Federal Contract Tower,50,0,16,0,66,0,0,61,0,61,50,0,77,0,127,48,0,48,175
08/13/2023,GUM,GU,AWP,WE,Federal Contract Tower,49,0,0,0,49,0,0,18,0,18,49,0,18,0,67,22,0,22,89
08/14/2023,GUM,GU,AWP,WE,Federal Contract Tower,55,0,17,1,73,0,9,25,0,34,55,9,42,1,107,58,0,58,165
08/15/2023,GUM,GU,AWP,WE,Federal Contract Tower,48,1,15,4,68,0,2,48,2,52,48,3,63,6,120,50,0,50,170
08/16/2023,GUM,GU,AWP,WE,Federal Contract Tower,48,0,8,2,58,0,0,27,4,31,48,0,35,6,89,50,0,50,139
08/17/2023,GUM,GU,AWP,WE,Federal Contract Tower,44,0,11,1,56,0,0,52,0,52,44,0,63,1,108,26,0,26,134
08/18/2023,GUM,GU,AWP,WE,Federal Contract Tower,45,0,4,0,49,0,0,32,0,32,45,0,36,0,81,12,0,12,93
08/19/2023,GUM,GU,AWP,WE,Federal Contract Tower,49,0,3,0,52,0,0,40,0,40,49,0,43,0,92,30,0,30,122
08/20/2023,GUM,GU,AWP,WE,Federal Contract Tower,51,1,1,0,53,0,0,30,0,30,51,1,31,0,83,18,0,18,101
08/21/2023,GUM,GU,AWP,WE,Federal Contract Tower,52,0,6,0,58,0,2,29,0,31,52,2,35,0,89,22,0,22,111
08/22/2023,GUM,GU,AWP,WE,Federal Contract Tower,50,2,8,0,60,0,8,33,0,41,50,10,41,0,101,40,0,40,141
08/23/2023,GUM,GU,AWP,WE,Federal Contract Tower,48,0,2,4,54,0,3,26,7,36,48,3,28,11,90,8,0,8,98
08/24/2023,GUM,GU,AWP,WE,Federal Contract Tower,50,0,1,0,51,0,0,29,2,31,50,0,30,2,82,12,0,12,94
08/25/2023,GUM,GU,AWP,WE,Federal Contract Tower,47,1,8,0,56,0,0,54,0,54,47,1,62,0,110,36,0,36,146
08/26/2023,GUM,GU,AWP,WE,Federal Contract Tower,50,0,6,0,56,0,0,14,0,14,50,0,20,0,70,40,0,40,110
08/27/2023,GUM,GU,AWP,WE,Federal Contract Tower,39,0,4,0,43,0,2,21,0,23,39,2,25,0,66,4,0,4,70
08/28/2023,GUM,GU,AWP,WE,Federal Contract Tower,49,0,6,0,55,0,2,20,0,22,49,2,26,0,77,6,0,6,83
08/29/2023,GUM,GU,AWP,WE,Federal Contract Tower,49,0,2,0,51,0,7,9,0,16,49,7,11,0,67,40,0,40,107
08/30/2023,GUM,GU,AWP,WE,Federal Contract Tower,44,0,3,0,47,0,0,52,0,52,44,0,55,0,99,0,0,0,99
08/31/2023,GUM,GU,AWP,WE,Federal Contract Tower,51,0,7,0,58,0,0,6,0,6,51,0,13,0,64,0,0,0,64
